event_id,timestamp,event_type,venue_junction_id,venue_junction_name,expected_attendance,day_type,is_festival,weather_condition,is_rain,rainfall_mm,is_accident_nearby,road_closure_active,congestion_index,congestion_level,avg_speed_kmph,waiting_time_sec,travel_time_sec,fuel_consumption_l,co2_emission_kg,confidence_score,recommendation_reason
EVT400000,2025-06-21 21:15:57,Sports Fixture,J020,Malleshwaram Circle,22476,Weekend,False,Clear,False,0.0,False,False,0.491,Moderate,21.5,36.7,150.8,0.091,0.209,0.952,Moderate traffic flow - standard adaptive signal timing in effect
EVT400001,2025-12-12 07:12:15,Trade Fair,J020,Malleshwaram Circle,9481,Weekday,False,Clear,False,0.0,False,False,0.551,High,25.9,42.1,90.8,0.081,0.188,0.964,Moderate traffic flow - standard adaptive signal timing in effect
EVT400002,2026-02-24 09:07:53,Sports Fixture,J012,Koramangala Sony World,28795,Weekday,False,Clear,False,0.0,False,False,1.0,Severe,9.9,74.7,546.8,0.222,0.514,0.919,Heavy congestion detected - signal timing extended and reroute suggested
EVT400003,2025-11-19 09:39:47,Trade Fair,J031,Cubbon Road,4438,Weekday,False,Light Rain,True,4.7,False,False,0.989,Severe,9.2,65.4,538.0,0.186,0.43,0.89,Heavy rain reducing visibility and grip - reduced speed and longer buffer advised
EVT400004,2026-02-04 00:05:59,Sports Fixture,J023,Basavanagudi,24827,Weekday,False,Clear,False,0.0,False,False,0.33,Low,28.4,24.3,207.8,0.137,0.317,0.949,Moderate traffic flow - standard adaptive signal timing in effect
EVT400005,2025-09-21 14:50:08,Sports Fixture,J030,MG Road,28513,Weekend,False,Clear,False,0.0,False,False,0.396,Moderate,33.7,30.6,164.3,0.137,0.316,0.94,Moderate traffic flow - standard adaptive signal timing in effect
EVT400006,2025-01-26 07:55:39,Religious Festival,J031,Cubbon Road,29113,Weekend,True,Clear,False,0.0,False,False,0.964,Severe,7.2,67.8,659.8,0.185,0.426,0.903,Festival crowd surge detected - alternate route and extended cycle recommended
EVT400007,2025-01-20 19:52:00,Trade Fair,J009,Majestic,16333,Weekday,False,Rain,True,7.6,False,False,0.88,Severe,13.5,61.5,183.6,0.104,0.24,0.883,Heavy rain reducing visibility and grip - reduced speed and longer buffer advised
EVT400008,2026-02-14 05:35:41,Sports Fixture,J030,MG Road,25425,Weekend,False,Clear,False,0.0,False,False,0.407,Moderate,27.8,31.4,250.8,0.201,0.464,0.958,Moderate traffic flow - standard adaptive signal timing in effect
EVT400009,2025-06-25 15:59:14,Trade Fair,J009,Majestic,10164,Weekday,False,Clear,False,0.0,False,False,0.514,Moderate,30.1,30.5,121.9,0.091,0.21,0.96,Moderate traffic flow - standard adaptive signal timing in effect
EVT400010,2026-06-28 12:43:49,Local Market Day,J030,MG Road,4680,Weekend,False,Clear,False,0.0,False,False,0.267,Low,32.0,21.7,125.0,0.085,0.195,0.945,Moderate traffic flow - standard adaptive signal timing in effect
EVT400011,2025-10-03 17:45:23,Religious Festival,J011,Indiranagar 100ft Road,68698,Weekday,True,Clear,False,0.0,False,False,1.0,Severe,9.2,67.8,741.3,0.28,0.646,0.847,Festival crowd surge detected - alternate route and extended cycle recommended
EVT400012,2025-08-29 20:51:29,Concert,J012,Koramangala Sony World,10255,Weekday,False,Clear,False,0.0,False,False,0.503,Moderate,22.9,31.1,341.0,0.224,0.518,0.947,Moderate traffic flow - standard adaptive signal timing in effect
EVT400013,2026-03-03 07:51:53,Political Rally,J031,Cubbon Road,12110,Weekday,False,Clear,False,0.0,False,False,0.776,Severe,14.9,55.5,400.7,0.19,0.439,0.966,Heavy congestion detected - signal timing extended and reroute suggested
EVT400014,2026-03-09 11:27:05,Trade Fair,J011,Indiranagar 100ft Road,15421,Weekday,False,Clear,False,0.0,False,False,0.343,Low,21.7,24.3,209.9,0.126,0.292,0.951,Moderate traffic flow - standard adaptive signal timing in effect
EVT400015,2025-03-10 08:15:19,Concert,J031,Cubbon Road,20668,Weekday,False,Clear,False,0.0,False,False,0.983,Severe,10.0,75.7,375.2,0.181,0.418,0.926,Heavy congestion detected - signal timing extended and reroute suggested
EVT400016,2026-05-25 16:52:46,Local Market Day,J011,Indiranagar 100ft Road,7423,Weekday,False,Light Rain,True,4.1,False,False,0.886,Severe,14.5,58.0,327.2,0.155,0.357,0.905,Heavy rain reducing visibility and grip - reduced speed and longer buffer advised
EVT400017,2025-07-01 11:58:26,Trade Fair,J012,Koramangala Sony World,7327,Weekday,False,Clear,False,0.0,False,False,0.279,Low,36.3,17.8,134.1,0.121,0.279,0.986,Moderate traffic flow - standard adaptive signal timing in effect
EVT400018,2026-02-21 08:10:46,Concert,J023,Basavanagudi,15355,Weekend,False,Fog,False,0.0,False,False,0.832,Severe,15.0,55.1,356.8,0.188,0.434,0.925,Heavy congestion detected - signal timing extended and reroute suggested
EVT400019,2025-08-24 00:04:02,Concert,J023,Basavanagudi,17142,Weekend,False,Heavy Rain,True,31.8,True,False,1.0,Severe,7.4,74.6,317.6,0.097,0.224,0.723,Accident detected nearby - reroute and reduced speed advised
EVT400020,2026-03-27 11:49:35,Religious Festival,J011,Indiranagar 100ft Road,28230,Weekday,True,Clear,False,0.0,False,False,0.633,High,18.2,44.3,289.7,0.169,0.391,0.939,Festival crowd surge detected - alternate route and extended cycle recommended
EVT400021,2025-05-20 07:59:27,Local Market Day,J023,Basavanagudi,3505,Weekday,False,Clear,False,0.0,False,False,0.787,Severe,16.4,54.7,270.4,0.158,0.365,0.945,Heavy congestion detected - signal timing extended and reroute suggested
EVT400022,2025-05-25 12:04:37,Local Market Day,J009,Majestic,3334,Weekend,False,Clear,False,0.0,False,False,0.337,Low,27.9,23.9,206.9,0.161,0.373,0.957,Moderate traffic flow - standard adaptive signal timing in effect
EVT400023,2026-03-08 16:49:34,Political Rally,J020,Malleshwaram Circle,14525,Weekend,False,Clear,False,0.0,False,False,0.701,High,20.0,50.3,165.0,0.111,0.257,0.969,Moderate traffic flow - standard adaptive signal timing in effect
EVT400024,2026-06-29 09:20:18,Sports Fixture,J009,Majestic,31365,Weekday,False,Heavy Rain,True,66.7,False,False,1.0,Severe,10.8,73.0,599.1,0.229,0.529,0.86,Heavy rain reducing visibility and grip - reduced speed and longer buffer advised
EVT400025,2025-05-13 15:52:39,Sports Fixture,J020,Malleshwaram Circle,28876,Weekday,False,Clear,False,0.0,False,False,0.532,Moderate,21.0,32.3,211.0,0.134,0.31,0.989,Moderate traffic flow - standard adaptive signal timing in effect
EVT400026,2025-09-15 09:17:04,Concert,J023,Basavanagudi,17342,Weekday,False,Clear,False,0.0,False,False,1.0,Severe,7.9,72.7,251.3,0.094,0.217,0.928,Heavy congestion detected - signal timing extended and reroute suggested
EVT400027,2025-12-30 20:09:22,Local Market Day,J009,Majestic,6120,Weekday,False,Clear,False,0.0,False,False,0.7,High,17.1,51.2,329.3,0.185,0.428,0.972,Moderate traffic flow - standard adaptive signal timing in effect
EVT400028,2026-06-19 09:46:08,Local Market Day,J009,Majestic,3770,Weekday,False,Light Rain,True,6.2,False,False,0.999,Severe,9.6,76.2,561.4,0.213,0.492,0.851,Heavy rain reducing visibility and grip - reduced speed and longer buffer advised
EVT400029,2026-05-15 08:28:51,Concert,J020,Malleshwaram Circle,9707,Weekday,False,Light Rain,True,6.5,False,False,1.0,Severe,9.6,66.8,654.4,0.273,0.631,0.866,Heavy rain reducing visibility and grip - reduced speed and longer buffer advised
EVT400030,2025-03-15 07:25:28,Religious Festival,J040,City Market,88832,Weekend,True,Clear,False,0.0,False,False,1.0,Severe,9.6,65.8,794.9,0.332,0.767,0.87,Festival crowd surge detected - alternate route and extended cycle recommended
EVT400031,2025-08-01 19:40:59,Trade Fair,J031,Cubbon Road,8818,Weekday,False,Clear,False,0.0,False,False,0.8,Severe,13.6,64.3,438.8,0.215,0.496,0.934,Heavy congestion detected - signal timing extended and reroute suggested
EVT400032,2025-08-11 17:28:57,Local Market Day,J012,Koramangala Sony World,4527,Weekday,False,Rain,True,15.0,False,False,1.0,Severe,8.7,68.8,402.2,0.146,0.338,0.849,Heavy rain reducing visibility and grip - reduced speed and longer buffer advised
EVT400033,2026-04-14 21:19:20,Fireworks Display,J009,Majestic,27401,Weekday,True,Clear,False,0.0,False,False,0.686,High,18.1,45.8,233.8,0.141,0.325,0.92,Festival crowd surge detected - alternate route and extended cycle recommended
EVT400034,2025-04-01 09:09:24,Trade Fair,J009,Majestic,6729,Weekday,False,Clear,False,0.0,False,False,1.0,Severe,8.2,70.4,592.2,0.208,0.481,0.923,Heavy congestion detected - signal timing extended and reroute suggested
EVT400035,2025-06-26 15:16:06,Sports Fixture,J023,Basavanagudi,24776,Weekday,False,Clear,False,0.0,False,False,0.41,Moderate,31.0,31.5,64.9,0.046,0.107,0.951,Moderate traffic flow - standard adaptive signal timing in effect
EVT400036,2025-06-07 19:36:04,Sports Fixture,J040,City Market,21218,Weekend,False,Clear,False,0.0,False,False,0.882,Severe,11.0,66.1,421.4,0.179,0.414,0.928,Heavy congestion detected - signal timing extended and reroute suggested
EVT400037,2025-04-05 09:23:44,Trade Fair,J011,Indiranagar 100ft Road,5788,Weekend,False,Clear,False,0.0,False,False,0.882,Severe,13.8,60.4,386.6,0.176,0.406,0.919,Heavy congestion detected - signal timing extended and reroute suggested
EVT400038,2025-11-06 16:34:43,Local Market Day,J030,MG Road,5154,Weekday,False,Rain,True,14.3,False,False,0.753,Severe,15.1,57.3,129.0,0.063,0.145,0.907,Heavy rain reducing visibility and grip - reduced speed and longer buffer advised
EVT400039,2025-09-11 18:48:14,Concert,J012,Koramangala Sony World,16509,Weekday,False,Clear,False,0.0,False,False,1.0,Severe,6.6,67.1,393.6,0.134,0.309,0.899,Heavy congestion detected - signal timing extended and reroute suggested
EVT400040,2025-10-03 20:08:48,Religious Festival,J012,Koramangala Sony World,98422,Weekday,True,Clear,False,0.0,False,True,1.0,Severe,7.1,97.2,606.4,0.182,0.42,0.841,Road closure for event/procession - full detour recommended for through-traffic
EVT400041,2026-06-28 19:14:10,Local Market Day,J040,City Market,5554,Weekend,False,Heavy Rain,True,42.7,False,False,1.0,Severe,8.8,71.4,625.2,0.21,0.486,0.886,Heavy rain reducing visibility and grip - reduced speed and longer buffer advised
EVT400042,2025-08-21 15:54:31,Local Market Day,J030,MG Road,5579,Weekday,False,Clear,False,0.0,False,False,0.342,Low,34.2,30.9,163.5,0.151,0.348,0.963,Moderate traffic flow - standard adaptive signal timing in effect
EVT400043,2025-09-27 21:13:57,Concert,J012,Koramangala Sony World,10396,Weekend,False,Clear,False,0.0,False,False,0.479,Moderate,26.7,28.8,161.6,0.136,0.313,0.939,Moderate traffic flow - standard adaptive signal timing in effect
EVT400044,2026-01-01 12:55:16,Fireworks Display,J020,Malleshwaram Circle,26124,Weekday,True,Clear,False,0.0,False,False,0.577,High,24.1,38.9,238.3,0.19,0.438,0.932,Festival crowd surge detected - alternate route and extended cycle recommended
EVT400045,2025-02-05 10:49:37,Local Market Day,J030,MG Road,7792,Weekday,False,Clear,False,0.0,False,False,0.42,Moderate,26.6,31.7,204.8,0.174,0.402,0.947,Moderate traffic flow - standard adaptive signal timing in effect
EVT400046,2025-02-24 23:32:35,Concert,J020,Malleshwaram Circle,8300,Weekday,False,Clear,False,0.0,False,False,0.119,Low,32.6,14.9,201.9,0.169,0.39,0.977,Normal free-flow traffic - standard signal timing maintained
EVT400047,2025-07-06 16:58:24,Concert,J040,City Market,9709,Weekend,False,Rain,True,22.3,False,False,0.945,Severe,12.7,68.2,367.4,0.198,0.457,0.872,Heavy rain reducing visibility and grip - reduced speed and longer buffer advised
EVT400048,2026-03-23 17:40:03,Sports Fixture,J020,Malleshwaram Circle,15845,Weekday,False,Fog,False,0.0,False,False,1.0,Severe,6.5,65.8,632.3,0.173,0.401,0.91,Heavy congestion detected - signal timing extended and reroute suggested
EVT400049,2025-01-09 13:18:40,Concert,J040,City Market,13764,Weekday,False,Clear,False,0.0,False,False,0.275,Low,33.3,16.7,186.7,0.175,0.403,0.963,Moderate traffic flow - standard adaptive signal timing in effect
EVT400050,2025-05-21 09:00:42,Trade Fair,J040,City Market,6408,Weekday,False,Light Rain,True,6.5,False,False,1.0,Severe,7.3,73.3,706.3,0.193,0.445,0.851,Heavy rain reducing visibility and grip - reduced speed and longer buffer advised
EVT400051,2026-06-15 19:34:32,Sports Fixture,J020,Malleshwaram Circle,22386,Weekday,False,Heavy Rain,True,42.8,False,False,1.0,Severe,8.3,76.1,310.0,0.105,0.241,0.863,Heavy rain reducing visibility and grip - reduced speed and longer buffer advised
EVT400052,2026-02-15 14:00:37,Local Market Day,J011,Indiranagar 100ft Road,3056,Weekend,False,Light Rain,True,5.5,False,False,0.321,Low,24.2,18.8,212.5,0.153,0.352,0.932,Light rain detected - minor speed reduction advised
EVT400053,2025-05-03 16:03:04,Sports Fixture,J011,Indiranagar 100ft Road,17160,Weekend,False,Clear,False,0.0,False,False,0.557,High,25.5,42.4,150.0,0.107,0.248,0.963,Moderate traffic flow - standard adaptive signal timing in effect
EVT400054,2026-03-21 01:43:13,Trade Fair,J012,Koramangala Sony World,6585,Weekend,False,Clear,False,0.0,False,False,0.277,Low,25.0,8.9,220.8,0.146,0.338,0.957,Moderate traffic flow - standard adaptive signal timing in effect
EVT400055,2026-06-27 23:42:13,Trade Fair,J009,Majestic,15317,Weekend,False,Clear,False,0.0,False,False,0.346,Low,34.4,21.2,111.8,0.113,0.26,0.955,Moderate traffic flow - standard adaptive signal timing in effect
EVT400056,2025-05-04 18:52:32,Local Market Day,J009,Majestic,6209,Weekend,False,Clear,False,0.0,False,False,0.851,Severe,13.8,60.3,225.1,0.115,0.265,0.946,Heavy congestion detected - signal timing extended and reroute suggested
EVT400057,2025-03-17 16:56:32,Sports Fixture,J012,Koramangala Sony World,27292,Weekday,False,Clear,False,0.0,False,False,0.818,Severe,17.2,61.4,471.8,0.308,0.712,0.942,Heavy congestion detected - signal timing extended and reroute suggested
EVT400058,2026-04-15 17:03:13,Cultural Procession,J030,MG Road,18082,Weekday,True,Clear,False,0.0,False,True,1.0,Severe,7.3,92.1,461.1,0.16,0.37,0.832,Road closure for event/procession - full detour recommended for through-traffic
EVT400059,2026-06-03 14:22:51,Trade Fair,J040,City Market,7290,Weekday,False,Clear,False,0.0,False,False,0.167,Low,26.1,15.6,183.2,0.136,0.315,0.966,Normal free-flow traffic - standard signal timing maintained
EVT400060,2026-03-09 09:36:40,Concert,J011,Indiranagar 100ft Road,12339,Weekday,False,Clear,False,0.0,False,False,0.958,Severe,11.8,66.4,661.7,0.29,0.67,0.936,Heavy congestion detected - signal timing extended and reroute suggested
EVT400061,2025-12-25 07:23:32,Religious Festival,J040,City Market,39750,Weekday,True,Clear,False,0.0,False,True,1.0,Severe,8.4,98.4,705.7,0.243,0.561,0.837,Road closure for event/procession - full detour recommended for through-traffic
EVT400062,2025-10-21 09:21:05,Religious Festival,J020,Malleshwaram Circle,29276,Weekday,True,Clear,False,0.0,False,False,1.0,Severe,9.7,68.1,284.9,0.099,0.229,0.866,Festival crowd surge detected - alternate route and extended cycle recommended
EVT400063,2025-08-31 16:09:20,Political Rally,J023,Basavanagudi,14172,Weekend,False,Clear,False,0.0,False,False,0.574,High,23.5,44.8,196.4,0.142,0.328,0.982,Moderate traffic flow - standard adaptive signal timing in effect
EVT400064,2025-08-24 23:46:25,Sports Fixture,J040,City Market,24399,Weekend,False,Clear,False,0.0,False,False,0.365,Moderate,31.1,25.2,147.4,0.111,0.257,0.957,Moderate traffic flow - standard adaptive signal timing in effect
EVT400065,2025-08-07 07:56:45,Concert,J012,Koramangala Sony World,17709,Weekday,False,Fog,False,0.0,False,False,0.775,Severe,13.4,65.0,299.7,0.121,0.28,0.99,Heavy congestion detected - signal timing extended and reroute suggested
EVT400066,2025-09-21 15:51:14,Local Market Day,J030,MG Road,4685,Weekend,False,Fog,False,0.0,False,False,0.298,Low,26.6,17.6,190.0,0.156,0.36,0.967,Moderate traffic flow - standard adaptive signal timing in effect
EVT400067,2025-02-19 06:34:25,Trade Fair,J030,MG Road,19438,Weekday,False,Fog,False,0.0,False,False,0.462,Moderate,26.1,31.0,233.1,0.186,0.429,0.99,Moderate traffic flow - standard adaptive signal timing in effect
EVT400068,2025-08-23 19:42:39,Local Market Day,J040,City Market,4164,Weekend,False,Rain,True,18.1,False,False,0.854,Severe,16.1,61.2,279.0,0.154,0.356,0.892,Heavy rain reducing visibility and grip - reduced speed and longer buffer advised
EVT400069,2025-11-24 06:37:10,Sports Fixture,J040,City Market,12313,Weekday,False,Rain,True,13.2,False,False,0.588,High,23.3,42.3,275.0,0.206,0.477,0.91,Heavy rain reducing visibility and grip - reduced speed and longer buffer advised
EVT400070,2026-01-13 07:40:05,Trade Fair,J031,Cubbon Road,7616,Weekday,False,Fog,False,0.0,False,False,0.69,High,18.9,46.8,269.4,0.151,0.349,0.956,Moderate traffic flow - standard adaptive signal timing in effect
EVT400071,2025-07-16 13:51:35,Local Market Day,J011,Indiranagar 100ft Road,4188,Weekday,False,Rain,True,24.8,False,False,0.417,Moderate,23.7,33.5,215.8,0.142,0.328,0.915,Light rain detected - minor speed reduction advised
EVT400072,2025-08-16 19:28:13,Cultural Procession,J011,Indiranagar 100ft Road,27652,Weekend,True,Clear,False,0.0,False,True,1.0,Severe,8.7,96.3,314.6,0.13,0.3,0.855,Road closure for event/procession - full detour recommended for through-traffic
EVT400073,2026-04-06 13:57:38,Local Market Day,J011,Indiranagar 100ft Road,3937,Weekday,False,Clear,False,0.0,False,False,0.177,Low,32.1,18.2,175.8,0.136,0.314,0.968,Normal free-flow traffic - standard signal timing maintained
EVT400074,2025-10-27 10:47:34,Political Rally,J009,Majestic,10843,Weekday,False,Clear,False,0.0,False,False,0.605,High,20.7,44.0,246.7,0.175,0.404,0.982,Moderate traffic flow - standard adaptive signal timing in effect
EVT400075,2025-08-05 21:46:20,Local Market Day,J031,Cubbon Road,4766,Weekday,False,Clear,False,0.0,False,False,0.337,Low,22.4,26.1,126.3,0.103,0.238,0.946,Moderate traffic flow - standard adaptive signal timing in effect
EVT400076,2025-08-11 14:04:04,Trade Fair,J012,Koramangala Sony World,5198,Weekday,False,Clear,False,0.0,False,False,0.155,Low,35.7,10.6,56.9,0.042,0.096,0.939,Normal free-flow traffic - standard signal timing maintained
EVT400077,2026-03-04 13:03:50,Fireworks Display,J040,City Market,32292,Weekday,True,Clear,False,0.0,False,False,0.556,High,22.9,41.0,284.2,0.207,0.477,0.931,Festival crowd surge detected - alternate route and extended cycle recommended
EVT400078,2026-04-29 13:36:52,Local Market Day,J023,Basavanagudi,2436,Weekday,False,Clear,False,0.0,False,False,0.12,Low,36.2,4.5,122.6,0.122,0.282,0.968,Normal free-flow traffic - standard signal timing maintained
EVT400079,2025-11-14 05:33:20,Concert,J030,MG Road,10328,Weekday,False,Light Rain,True,3.8,False,False,0.301,Low,29.8,24.9,206.2,0.145,0.334,0.956,Light rain detected - minor speed reduction advised
EVT400080,2025-09-09 19:38:30,Local Market Day,J023,Basavanagudi,2775,Weekday,False,Rain,True,10.2,False,False,0.94,Severe,10.3,72.6,193.1,0.084,0.195,0.898,Heavy rain reducing visibility and grip - reduced speed and longer buffer advised
EVT400081,2025-06-05 11:49:02,Trade Fair,J009,Majestic,10526,Weekday,False,Heavy Rain,True,35.4,False,False,0.655,High,19.2,48.1,393.8,0.221,0.511,0.926,Heavy rain reducing visibility and grip - reduced speed and longer buffer advised
EVT400082,2026-03-05 19:01:15,Religious Festival,J020,Malleshwaram Circle,46303,Weekday,True,Clear,False,0.0,False,False,1.0,Severe,7.1,68.8,223.2,0.068,0.157,0.875,Festival crowd surge detected - alternate route and extended cycle recommended
EVT400083,2025-06-10 17:02:35,Local Market Day,J031,Cubbon Road,2555,Weekday,False,Rain,True,16.9,False,False,0.909,Severe,10.8,63.0,548.3,0.222,0.512,0.88,Heavy rain reducing visibility and grip - reduced speed and longer buffer advised
EVT400084,2026-03-13 17:54:23,Political Rally,J020,Malleshwaram Circle,8697,Weekday,False,Clear,False,0.0,False,False,1.0,Severe,7.8,72.4,525.8,0.17,0.393,0.912,Heavy congestion detected - signal timing extended and reroute suggested
EVT400085,2025-12-30 12:57:38,Trade Fair,J030,MG Road,10491,Weekday,False,Clear,False,0.0,False,False,0.195,Low,42.8,13.6,105.3,0.113,0.261,0.974,Normal free-flow traffic - standard signal timing maintained
EVT400086,2026-03-10 01:43:36,Sports Fixture,J009,Majestic,21947,Weekday,False,Clear,False,0.0,False,False,0.26,Low,36.4,15.4,77.2,0.054,0.125,0.953,Moderate traffic flow - standard adaptive signal timing in effect
EVT400087,2025-08-31 19:05:50,Political Rally,J023,Basavanagudi,11223,Weekend,False,Rain,True,22.0,False,False,1.0,Severe,9.5,70.1,346.9,0.134,0.31,0.852,Heavy rain reducing visibility and grip - reduced speed and longer buffer advised
EVT400088,2025-07-24 19:59:13,Sports Fixture,J020,Malleshwaram Circle,18643,Weekday,False,Heavy Rain,True,40.4,False,False,1.0,Severe,9.6,71.1,357.0,0.128,0.296,0.853,Heavy rain reducing visibility and grip - reduced speed and longer buffer advised
EVT400089,2026-01-13 21:18:09,Local Market Day,J012,Koramangala Sony World,3554,Weekday,False,Clear,False,0.0,False,False,0.209,Low,30.5,15.4,143.1,0.12,0.278,0.958,Normal free-flow traffic - standard signal timing maintained
EVT400090,2025-11-24 02:19:06,Sports Fixture,J020,Malleshwaram Circle,17360,Weekday,False,Clear,False,0.0,False,False,0.213,Low,35.8,14.3,75.0,0.067,0.155,0.986,Normal free-flow traffic - standard signal timing maintained
EVT400091,2025-04-11 17:17:28,Trade Fair,J023,Basavanagudi,12224,Weekday,False,Clear,False,0.0,False,False,0.899,Severe,10.8,65.4,566.6,0.252,0.581,0.923,Heavy congestion detected - signal timing extended and reroute suggested
EVT400092,2026-01-01 18:38:20,Fireworks Display,J020,Malleshwaram Circle,18373,Weekday,True,Clear,False,0.0,False,False,1.0,Severe,6.3,71.8,906.4,0.254,0.586,0.867,Festival crowd surge detected - alternate route and extended cycle recommended
EVT400093,2025-05-06 10:34:24,Local Market Day,J040,City Market,3140,Weekday,False,Fog,False,0.0,False,False,0.62,High,21.6,45.8,201.2,0.157,0.363,0.965,Moderate traffic flow - standard adaptive signal timing in effect
EVT400094,2025-10-22 19:48:01,Religious Festival,J040,City Market,38058,Weekday,True,Rain,True,15.7,False,True,1.0,Severe,10.1,104.5,582.9,0.236,0.544,0.765,Road closure for event/procession - full detour recommended for through-traffic
EVT400095,2026-06-16 20:08:35,Local Market Day,J023,Basavanagudi,6375,Weekday,False,Clear,False,0.0,False,False,0.77,Severe,18.1,56.0,159.1,0.091,0.211,0.948,Heavy congestion detected - signal timing extended and reroute suggested
EVT400096,2026-02-04 05:46:12,Local Market Day,J023,Basavanagudi,5738,Weekday,False,Clear,False,0.0,False,False,0.168,Low,36.7,11.1,50.1,0.038,0.089,0.97,Normal free-flow traffic - standard signal timing maintained
EVT400097,2025-05-12 09:08:54,Concert,J031,Cubbon Road,9111,Weekday,False,Clear,False,0.0,False,False,1.0,Severe,8.8,66.4,491.1,0.184,0.426,0.905,Heavy congestion detected - signal timing extended and reroute suggested
EVT400098,2025-08-03 18:25:19,Local Market Day,J023,Basavanagudi,4937,Weekend,False,Rain,True,21.2,False,False,1.0,Severe,8.7,70.6,291.2,0.118,0.271,0.829,Heavy rain reducing visibility and grip - reduced speed and longer buffer advised
EVT400099,2026-02-05 07:38:54,Sports Fixture,J009,Majestic,15725,Weekday,False,Clear,False,0.0,False,False,0.701,High,17.0,49.6,361.0,0.212,0.49,0.973,Moderate traffic flow - standard adaptive signal timing in effect
EVT400100,2025-11-19 05:53:16,Sports Fixture,J023,Basavanagudi,19056,Weekday,False,Clear,False,0.0,False,False,0.3,Low,34.0,26.6,155.8,0.127,0.293,0.935,Moderate traffic flow - standard adaptive signal timing in effect
EVT400101,2026-06-09 09:56:24,Local Market Day,J040,City Market,7088,Weekday,False,Heavy Rain,True,31.6,False,False,1.0,Severe,6.3,77.7,798.0,0.187,0.432,0.847,Heavy rain reducing visibility and grip - reduced speed and longer buffer advised
EVT400102,2026-05-23 10:08:19,Trade Fair,J012,Koramangala Sony World,14243,Weekend,False,Clear,False,0.0,False,False,0.757,Severe,16.3,48.5,247.6,0.126,0.29,0.975,Heavy congestion detected - signal timing extended and reroute suggested
EVT400103,2026-03-21 09:02:32,Trade Fair,J040,City Market,15918,Weekend,False,Clear,False,0.0,False,False,0.934,Severe,10.4,70.2,494.1,0.191,0.441,0.919,Heavy congestion detected - signal timing extended and reroute suggested
EVT400104,2025-10-22 13:53:41,Fireworks Display,J011,Indiranagar 100ft Road,25909,Weekday,True,Light Rain,True,5.4,False,False,0.554,High,22.2,34.7,230.4,0.164,0.378,0.864,Festival crowd surge detected - alternate route and extended cycle recommended
EVT400105,2025-09-28 16:41:24,Sports Fixture,J023,Basavanagudi,18650,Weekend,False,Light Rain,True,4.1,False,False,0.79,Severe,17.4,56.4,240.9,0.153,0.353,0.942,Heavy rain reducing visibility and grip - reduced speed and longer buffer advised
EVT400106,2026-01-12 20:00:44,Sports Fixture,J023,Basavanagudi,23791,Weekday,False,Clear,False,0.0,False,False,0.883,Severe,9.5,60.8,417.9,0.146,0.337,0.938,Heavy congestion detected - signal timing extended and reroute suggested
EVT400107,2025-03-26 13:27:11,Sports Fixture,J011,Indiranagar 100ft Road,16003,Weekday,False,Clear,False,0.0,False,False,0.245,Low,34.0,12.8,192.0,0.188,0.434,0.986,Normal free-flow traffic - standard signal timing maintained
EVT400108,2025-09-15 14:38:37,Concert,J040,City Market,7194,Weekday,False,Clear,False,0.0,False,False,0.279,Low,36.2,21.0,88.9,0.065,0.149,0.957,Moderate traffic flow - standard adaptive signal timing in effect
EVT400109,2026-01-24 16:33:24,Concert,J023,Basavanagudi,18362,Weekend,False,Fog,False,0.0,False,False,0.612,High,22.0,46.0,229.1,0.124,0.286,0.976,Moderate traffic flow - standard adaptive signal timing in effect
EVT400110,2025-06-25 22:22:36,Concert,J009,Majestic,5656,Weekday,False,Light Rain,True,7.2,False,False,0.264,Low,37.1,23.1,156.4,0.142,0.327,0.938,Light rain detected - minor speed reduction advised
EVT400111,2026-03-18 08:30:58,Local Market Day,J011,Indiranagar 100ft Road,5235,Weekday,False,Clear,False,0.0,False,False,0.982,Severe,8.9,69.9,403.1,0.138,0.319,0.91,Heavy congestion detected - signal timing extended and reroute suggested
EVT400112,2025-07-11 09:09:01,Political Rally,J011,Indiranagar 100ft Road,23672,Weekday,False,Fog,False,0.0,False,False,1.0,Severe,9.0,73.4,314.8,0.123,0.285,0.928,Heavy congestion detected - signal timing extended and reroute suggested
EVT400113,2025-10-05 09:40:04,Political Rally,J030,MG Road,12080,Weekend,False,Clear,False,0.0,False,False,0.752,Severe,14.1,55.0,351.6,0.176,0.406,0.975,Heavy congestion detected - signal timing extended and reroute suggested
EVT400114,2025-09-16 19:27:10,Local Market Day,J011,Indiranagar 100ft Road,2313,Weekday,False,Clear,False,0.0,False,False,0.824,Severe,14.2,61.4,401.1,0.193,0.445,0.972,Heavy congestion detected - signal timing extended and reroute suggested
EVT400115,2025-01-16 17:52:27,Trade Fair,J030,MG Road,9619,Weekday,False,Clear,False,0.0,False,False,1.0,Severe,9.5,67.3,385.7,0.144,0.333,0.911,Heavy congestion detected - signal timing extended and reroute suggested
EVT400116,2025-09-03 03:34:23,Concert,J012,Koramangala Sony World,11930,Weekday,False,Clear,False,0.0,False,False,0.16,Low,31.1,13.3,187.3,0.149,0.344,0.955,Normal free-flow traffic - standard signal timing maintained
EVT400117,2026-05-04 11:53:02,Concert,J011,Indiranagar 100ft Road,16125,Weekday,False,Rain,True,22.2,False,False,0.504,Moderate,19.5,41.7,126.6,0.082,0.189,0.902,Light rain detected - minor speed reduction advised
EVT400118,2025-10-25 05:40:11,Sports Fixture,J040,City Market,25519,Weekend,False,Rain,True,20.7,False,False,0.598,High,19.9,41.7,192.1,0.144,0.333,0.929,Heavy rain reducing visibility and grip - reduced speed and longer buffer advised
EVT400119,2025-03-18 10:32:26,Local Market Day,J009,Majestic,4731,Weekday,False,Clear,False,0.0,False,False,0.581,High,23.7,37.4,336.0,0.25,0.578,0.977,Moderate traffic flow - standard adaptive signal timing in effect
EVT400120,2026-05-03 08:12:03,Sports Fixture,J030,MG Road,23859,Weekend,False,Clear,False,0.0,False,False,0.953,Severe,8.1,68.6,245.5,0.094,0.217,0.916,Heavy congestion detected - signal timing extended and reroute suggested
EVT400121,2026-01-06 17:24:02,Concert,J023,Basavanagudi,4287,Weekday,False,Clear,False,0.0,False,False,0.852,Severe,12.9,61.8,431.2,0.213,0.491,0.955,Heavy congestion detected - signal timing extended and reroute suggested
EVT400122,2025-10-24 22:05:36,Sports Fixture,J020,Malleshwaram Circle,18586,Weekday,False,Clear,False,0.0,False,False,0.418,Moderate,20.7,28.2,218.4,0.115,0.265,0.945,Moderate traffic flow - standard adaptive signal timing in effect
EVT400123,2025-05-18 06:56:11,Trade Fair,J030,MG Road,12532,Weekend,False,Light Rain,True,2.6,False,False,0.563,High,27.7,41.8,188.6,0.151,0.348,0.92,Heavy rain reducing visibility and grip - reduced speed and longer buffer advised
EVT400124,2025-03-08 18:27:05,Trade Fair,J023,Basavanagudi,15258,Weekend,False,Clear,False,0.0,False,False,0.919,Severe,11.2,65.9,605.4,0.254,0.588,0.96,Heavy congestion detected - signal timing extended and reroute suggested
EVT400125,2026-01-24 15:44:39,Trade Fair,J030,MG Road,8319,Weekend,False,Clear,False,0.0,False,False,0.45,Moderate,27.0,32.4,157.3,0.122,0.283,0.946,Moderate traffic flow - standard adaptive signal timing in effect
EVT400126,2026-04-22 10:58:46,Concert,J011,Indiranagar 100ft Road,5927,Weekday,False,Fog,False,0.0,False,False,0.449,Moderate,25.2,36.6,244.5,0.183,0.424,0.988,Moderate traffic flow - standard adaptive signal timing in effect
EVT400127,2025-11-14 11:10:58,Local Market Day,J023,Basavanagudi,2015,Weekday,False,Clear,False,0.0,False,False,0.419,Moderate,24.6,33.8,239.5,0.158,0.365,0.959,Moderate traffic flow - standard adaptive signal timing in effect
EVT400128,2025-11-14 09:46:51,Political Rally,J012,Koramangala Sony World,7843,Weekday,False,Fog,False,0.0,False,False,0.891,Severe,9.4,65.7,581.1,0.245,0.566,0.929,Heavy congestion detected - signal timing extended and reroute suggested
EVT400129,2025-02-14 06:06:59,Local Market Day,J040,City Market,4150,Weekday,False,Clear,False,0.0,False,False,0.27,Low,35.3,19.5,126.7,0.12,0.277,0.967,Moderate traffic flow - standard adaptive signal timing in effect
EVT400130,2026-01-15 14:34:24,Religious Festival,J012,Koramangala Sony World,38844,Weekday,True,Clear,False,0.0,False,True,0.824,High,16.7,81.1,304.8,0.165,0.382,0.834,Road closure for event/procession - full detour recommended for through-traffic
EVT400131,2025-04-18 14:02:55,Sports Fixture,J012,Koramangala Sony World,14902,Weekday,False,Clear,False,0.0,False,False,0.223,Low,36.4,15.5,105.3,0.105,0.243,0.969,Normal free-flow traffic - standard signal timing maintained
EVT400132,2025-08-09 13:18:05,Local Market Day,J011,Indiranagar 100ft Road,2951,Weekend,False,Rain,True,17.5,False,False,0.435,Moderate,27.9,37.2,104.0,0.072,0.167,0.934,Light rain detected - minor speed reduction advised
EVT400133,2025-12-18 00:04:38,Sports Fixture,J023,Basavanagudi,43456,Weekday,False,Clear,False,0.0,False,False,0.309,Low,40.4,22.4,116.8,0.138,0.318,0.968,Moderate traffic flow - standard adaptive signal timing in effect
EVT400134,2026-06-16 08:03:39,Local Market Day,J030,MG Road,5358,Weekday,False,Clear,False,0.0,False,False,0.821,Severe,12.1,56.9,374.0,0.147,0.34,0.946,Heavy congestion detected - signal timing extended and reroute suggested
EVT400135,2026-06-07 20:10:49,Local Market Day,J040,City Market,5977,Weekend,False,Clear,False,0.0,False,False,0.539,Moderate,23.7,36.6,146.1,0.086,0.198,0.986,Moderate traffic flow - standard adaptive signal timing in effect
EVT400136,2025-05-03 19:48:32,Local Market Day,J030,MG Road,2680,Weekend,False,Clear,False,0.0,False,False,0.657,High,19.6,46.6,194.7,0.12,0.277,0.973,Moderate traffic flow - standard adaptive signal timing in effect
EVT400137,2026-01-14 18:46:20,Cultural Procession,J009,Majestic,17794,Weekday,True,Clear,False,0.0,False,False,1.0,Severe,6.5,75.9,653.3,0.203,0.468,0.879,Festival crowd surge detected - alternate route and extended cycle recommended
EVT400138,2025-03-14 08:26:25,Religious Festival,J040,City Market,42479,Weekday,True,Clear,False,0.0,False,True,1.0,Severe,7.6,96.4,473.9,0.166,0.382,0.83,Road closure for event/procession - full detour recommended for through-traffic
EVT400139,2025-08-02 11:26:34,Trade Fair,J012,Koramangala Sony World,10565,Weekend,False,Heavy Rain,True,40.1,False,False,0.698,High,17.7,52.8,328.1,0.184,0.424,0.922,Heavy rain reducing visibility and grip - reduced speed and longer buffer advised
EVT400140,2025-01-16 07:58:24,Sports Fixture,J020,Malleshwaram Circle,19774,Weekday,False,Clear,False,0.0,False,False,0.897,Severe,11.5,59.9,472.9,0.218,0.504,0.945,Heavy congestion detected - signal timing extended and reroute suggested
EVT400141,2026-02-03 20:09:18,Concert,J023,Basavanagudi,7348,Weekday,False,Clear,False,0.0,False,False,0.741,High,17.8,48.5,340.2,0.208,0.48,0.951,Moderate traffic flow - standard adaptive signal timing in effect
EVT400142,2025-03-02 11:22:20,Political Rally,J031,Cubbon Road,14841,Weekend,False,Clear,False,0.0,False,False,0.375,Moderate,28.2,19.5,106.2,0.076,0.175,0.958,Moderate traffic flow - standard adaptive signal timing in effect
EVT400143,2025-06-23 22:18:52,Trade Fair,J009,Majestic,9683,Weekday,False,Rain,True,14.3,False,False,0.449,Moderate,26.6,28.5,114.0,0.078,0.179,0.886,Light rain detected - minor speed reduction advised
EVT400144,2025-03-03 14:18:16,Concert,J023,Basavanagudi,10709,Weekday,False,Clear,False,0.0,False,False,0.218,Low,31.6,13.7,141.9,0.102,0.235,0.975,Normal free-flow traffic - standard signal timing maintained
EVT400145,2025-11-25 15:13:18,Local Market Day,J020,Malleshwaram Circle,4907,Weekday,False,Clear,False,0.0,False,False,0.214,Low,31.9,14.1,197.4,0.171,0.395,0.971,Normal free-flow traffic - standard signal timing maintained
EVT400146,2026-03-26 20:35:52,Religious Festival,J040,City Market,20450,Weekday,True,Clear,False,0.0,False,False,0.809,Severe,17.6,59.2,180.0,0.109,0.252,0.884,Festival crowd surge detected - alternate route and extended cycle recommended
EVT400147,2025-10-29 12:53:33,Trade Fair,J012,Koramangala Sony World,7786,Weekday,False,Clear,False,0.0,False,False,0.256,Low,29.4,17.8,221.1,0.16,0.37,0.99,Moderate traffic flow - standard adaptive signal timing in effect
EVT400148,2025-01-16 20:09:23,Local Market Day,J012,Koramangala Sony World,4603,Weekday,False,Fog,False,0.0,False,False,0.673,High,17.7,46.0,336.0,0.213,0.493,0.947,Moderate traffic flow - standard adaptive signal timing in effect
EVT400149,2025-01-05 19:47:43,Concert,J011,Indiranagar 100ft Road,9040,Weekend,False,Fog,False,0.0,False,False,0.697,High,17.8,48.1,320.3,0.205,0.474,0.932,Moderate traffic flow - standard adaptive signal timing in effect
EVT400150,2026-04-15 07:35:20,Religious Festival,J030,MG Road,38631,Weekday,True,Rain,True,21.1,False,True,1.0,Severe,7.5,107.1,378.2,0.155,0.359,0.77,Road closure for event/procession - full detour recommended for through-traffic
EVT400151,2026-02-09 18:04:19,Local Market Day,J020,Malleshwaram Circle,7439,Weekday,False,Clear,False,0.0,False,False,1.0,Severe,8.2,69.9,777.8,0.254,0.586,0.92,Heavy congestion detected - signal timing extended and reroute suggested
EVT400152,2026-02-28 18:35:31,Local Market Day,J040,City Market,4367,Weekend,False,Clear,False,0.0,False,False,0.825,Severe,15.1,57.0,436.9,0.234,0.542,0.936,Heavy congestion detected - signal timing extended and reroute suggested
EVT400153,2025-01-01 18:14:55,Local Market Day,J011,Indiranagar 100ft Road,2843,Weekday,False,Clear,False,0.0,False,False,1.0,Severe,8.5,72.9,380.9,0.13,0.301,0.914,Heavy congestion detected - signal timing extended and reroute suggested
EVT400154,2025-12-09 12:42:26,Political Rally,J030,MG Road,17153,Weekday,False,Clear,False,0.0,False,False,0.308,Low,24.5,23.8,235.1,0.164,0.378,0.948,Moderate traffic flow - standard adaptive signal timing in effect
EVT400155,2025-09-07 17:17:35,Sports Fixture,J023,Basavanagudi,20825,Weekend,False,Clear,False,0.0,False,False,0.737,High,20.8,51.4,346.7,0.249,0.575,0.952,Moderate traffic flow - standard adaptive signal timing in effect
EVT400156,2025-05-02 19:29:34,Cultural Procession,J020,Malleshwaram Circle,20112,Weekday,True,Clear,False,0.0,False,False,1.0,Severe,8.2,71.5,472.0,0.166,0.384,0.884,Festival crowd surge detected - alternate route and extended cycle recommended
EVT400157,2025-01-02 19:59:00,Local Market Day,J011,Indiranagar 100ft Road,3673,Weekday,False,Clear,False,0.0,False,False,0.686,High,20.4,48.1,214.1,0.127,0.294,0.94,Moderate traffic flow - standard adaptive signal timing in effect
EVT400158,2025-02-17 19:22:30,Sports Fixture,J030,MG Road,27987,Weekday,False,Clear,False,0.0,False,False,0.96,Severe,8.2,68.3,320.8,0.123,0.283,0.951,Heavy congestion detected - signal timing extended and reroute suggested
EVT400159,2025-12-01 15:43:40,Sports Fixture,J040,City Market,14115,Weekday,False,Clear,False,0.0,False,False,0.526,Moderate,22.8,34.8,205.7,0.159,0.366,0.966,Moderate traffic flow - standard adaptive signal timing in effect
EVT400160,2025-01-19 13:56:59,Political Rally,J030,MG Road,13115,Weekend,False,Clear,False,0.0,False,False,0.284,Low,37.5,17.8,132.6,0.137,0.316,0.958,Moderate traffic flow - standard adaptive signal timing in effect
EVT400161,2025-02-27 07:42:57,Concert,J023,Basavanagudi,11557,Weekday,False,Clear,False,0.0,False,False,0.801,Severe,14.9,56.1,238.5,0.126,0.291,0.962,Heavy congestion detected - signal timing extended and reroute suggested
EVT400162,2025-06-29 13:38:00,Concert,J009,Majestic,7613,Weekend,False,Clear,False,0.0,False,False,0.311,Low,23.3,23.9,271.7,0.183,0.422,0.962,Moderate traffic flow - standard adaptive signal timing in effect
EVT400163,2025-07-02 18:12:14,Local Market Day,J030,MG Road,2241,Weekday,False,Clear,False,0.0,False,False,0.949,Severe,10.5,72.5,280.5,0.137,0.316,0.933,Heavy congestion detected - signal timing extended and reroute suggested
EVT400164,2025-09-12 16:16:28,Concert,J030,MG Road,8551,Weekday,False,Clear,False,0.0,False,False,0.47,Moderate,28.8,32.8,68.6,0.069,0.16,0.937,Moderate traffic flow - standard adaptive signal timing in effect
EVT400165,2026-04-06 16:29:00,Concert,J009,Majestic,12620,Weekday,False,Clear,False,0.0,False,False,0.606,High,22.5,39.3,260.9,0.202,0.466,0.966,Moderate traffic flow - standard adaptive signal timing in effect
EVT400166,2025-04-05 10:18:12,Concert,J040,City Market,13399,Weekend,False,Clear,False,0.0,True,False,1.0,Severe,8.6,64.5,706.0,0.245,0.566,0.741,Accident detected nearby - reroute and reduced speed advised
EVT400167,2025-02-24 16:27:50,Sports Fixture,J012,Koramangala Sony World,28139,Weekday,False,Clear,False,0.0,False,False,0.746,High,18.5,47.6,277.3,0.184,0.426,0.947,Moderate traffic flow - standard adaptive signal timing in effect
EVT400168,2026-04-21 19:01:06,Local Market Day,J012,Koramangala Sony World,4517,Weekday,False,Clear,False,0.0,False,False,1.0,Severe,8.3,73.4,279.9,0.1,0.23,0.912,Heavy congestion detected - signal timing extended and reroute suggested
EVT400169,2026-06-24 08:23:53,Political Rally,J012,Koramangala Sony World,12389,Weekday,False,Clear,False,0.0,False,False,1.0,Severe,8.3,70.4,418.4,0.154,0.355,0.918,Heavy congestion detected - signal timing extended and reroute suggested
EVT400170,2026-02-19 21:31:17,Sports Fixture,J020,Malleshwaram Circle,23065,Weekday,False,Fog,False,0.0,True,False,0.844,Severe,15.4,60.9,251.9,0.133,0.306,0.731,Accident detected nearby - reroute and reduced speed advised
EVT400171,2026-01-04 14:23:24,Local Market Day,J020,Malleshwaram Circle,5203,Weekend,False,Clear,False,0.0,False,False,0.368,Moderate,24.4,25.2,134.4,0.086,0.198,0.96,Moderate traffic flow - standard adaptive signal timing in effect
EVT400172,2025-01-05 18:16:12,Local Market Day,J011,Indiranagar 100ft Road,4425,Weekend,False,Clear,False,0.0,False,False,0.842,Severe,12.8,56.9,457.6,0.209,0.483,0.937,Heavy congestion detected - signal timing extended and reroute suggested
EVT400173,2025-11-17 08:27:50,Sports Fixture,J040,City Market,30775,Weekday,False,Clear,False,0.0,False,False,1.0,Severe,7.8,69.7,443.2,0.144,0.333,0.911,Heavy congestion detected - signal timing extended and reroute suggested
EVT400174,2025-06-11 16:28:49,Trade Fair,J030,MG Road,10265,Weekday,False,Rain,True,16.1,False,False,0.793,Severe,19.0,55.1,316.8,0.218,0.504,0.902,Heavy rain reducing visibility and grip - reduced speed and longer buffer advised
EVT400175,2025-05-15 07:00:13,Sports Fixture,J030,MG Road,27140,Weekday,False,Clear,False,0.0,False,False,0.526,Moderate,23.0,35.2,182.4,0.131,0.302,0.974,Moderate traffic flow - standard adaptive signal timing in effect
EVT400176,2026-06-26 08:57:09,Sports Fixture,J009,Majestic,14408,Weekday,False,Clear,False,0.0,False,False,1.0,Severe,8.1,71.1,458.4,0.154,0.355,0.933,Heavy congestion detected - signal timing extended and reroute suggested
EVT400177,2026-03-13 09:21:10,Political Rally,J023,Basavanagudi,20163,Weekday,False,Clear,False,0.0,False,False,1.0,Severe,7.7,72.1,594.5,0.189,0.437,0.884,Heavy congestion detected - signal timing extended and reroute suggested
EVT400178,2025-11-13 16:05:27,Local Market Day,J020,Malleshwaram Circle,2581,Weekday,False,Rain,True,7.8,False,False,0.615,High,26.3,45.9,252.8,0.199,0.459,0.916,Heavy rain reducing visibility and grip - reduced speed and longer buffer advised
EVT400179,2025-11-19 09:42:05,Local Market Day,J012,Koramangala Sony World,4741,Weekday,False,Clear,False,0.0,False,False,0.936,Severe,11.0,67.7,431.3,0.17,0.392,0.92,Heavy congestion detected - signal timing extended and reroute suggested
EVT400180,2026-02-03 21:38:48,Concert,J023,Basavanagudi,14437,Weekday,False,Clear,False,0.0,False,False,0.404,Moderate,25.1,26.3,132.3,0.112,0.259,0.951,Moderate traffic flow - standard adaptive signal timing in effect
EVT400181,2026-03-14 10:26:12,Concert,J009,Majestic,13924,Weekend,False,Clear,False,0.0,False,False,0.676,High,12.4,48.1,198.6,0.08,0.186,0.965,Moderate traffic flow - standard adaptive signal timing in effect
EVT400182,2025-05-21 20:08:35,Concert,J023,Basavanagudi,13641,Weekday,False,Clear,False,0.0,False,False,0.71,High,15.4,56.7,345.5,0.188,0.433,0.957,Moderate traffic flow - standard adaptive signal timing in effect
EVT400183,2026-06-12 15:54:35,Trade Fair,J012,Koramangala Sony World,9033,Weekday,False,Clear,False,0.0,False,False,0.377,Moderate,32.4,24.0,168.4,0.144,0.332,0.961,Moderate traffic flow - standard adaptive signal timing in effect
EVT400184,2026-06-06 19:46:43,Trade Fair,J030,MG Road,5383,Weekend,False,Clear,False,0.0,False,False,0.644,High,19.5,43.6,289.9,0.163,0.376,0.977,Moderate traffic flow - standard adaptive signal timing in effect
EVT400185,2026-02-12 05:09:45,Local Market Day,J009,Majestic,2391,Weekday,False,Clear,False,0.0,False,False,0.125,Low,31.5,11.1,120.5,0.092,0.213,0.963,Normal free-flow traffic - standard signal timing maintained
EVT400186,2025-01-02 18:26:15,Local Market Day,J012,Koramangala Sony World,6193,Weekday,False,Clear,False,0.0,False,False,0.96,Severe,11.7,70.6,450.0,0.182,0.42,0.914,Heavy congestion detected - signal timing extended and reroute suggested
EVT400187,2025-10-16 07:44:14,Local Market Day,J040,City Market,4449,Weekday,False,Clear,False,0.0,False,False,0.695,High,13.1,52.6,257.4,0.126,0.291,0.963,Moderate traffic flow - standard adaptive signal timing in effect
EVT400188,2026-05-18 13:01:54,Concert,J040,City Market,10795,Weekday,False,Fog,False,0.0,False,False,0.197,Low,37.2,8.2,160.1,0.153,0.354,0.959,Normal free-flow traffic - standard signal timing maintained
EVT400189,2025-06-15 12:21:44,Concert,J009,Majestic,19404,Weekend,False,Light Rain,True,4.9,False,False,0.496,Moderate,26.5,36.2,211.1,0.159,0.367,0.922,Light rain detected - minor speed reduction advised
EVT400190,2025-11-07 09:37:13,Trade Fair,J012,Koramangala Sony World,3212,Weekday,False,Clear,False,0.0,False,False,0.89,Severe,11.1,59.9,350.1,0.166,0.384,0.947,Heavy congestion detected - signal timing extended and reroute suggested
EVT400191,2025-01-27 00:52:56,Religious Festival,J030,MG Road,39408,Weekday,True,Clear,False,0.0,False,False,0.571,High,28.6,40.4,171.7,0.144,0.333,0.921,Festival crowd surge detected - alternate route and extended cycle recommended
EVT400192,2025-12-30 10:35:00,Local Market Day,J011,Indiranagar 100ft Road,2457,Weekday,False,Clear,False,0.0,False,False,0.608,High,20.6,42.0,140.0,0.104,0.24,0.962,Moderate traffic flow - standard adaptive signal timing in effect
EVT400193,2025-10-31 11:21:03,Local Market Day,J031,Cubbon Road,2006,Weekday,False,Clear,False,0.0,False,False,0.346,Low,28.7,22.2,231.8,0.175,0.404,0.969,Moderate traffic flow - standard adaptive signal timing in effect
EVT400194,2025-10-20 18:57:01,Fireworks Display,J030,MG Road,27729,Weekday,True,Clear,False,0.0,False,False,1.0,Severe,7.5,68.3,749.4,0.226,0.522,0.848,Festival crowd surge detected - alternate route and extended cycle recommended
EVT400195,2026-02-17 21:29:31,Trade Fair,J020,Malleshwaram Circle,11787,Weekday,False,Clear,False,0.0,False,False,0.316,Low,29.2,27.3,202.3,0.17,0.392,0.983,Moderate traffic flow - standard adaptive signal timing in effect
EVT400196,2025-06-18 10:05:42,Local Market Day,J031,Cubbon Road,2891,Weekday,False,Clear,False,0.0,False,False,0.754,Severe,14.8,49.9,290.1,0.165,0.38,0.968,Heavy congestion detected - signal timing extended and reroute suggested
EVT400197,2025-06-16 10:14:02,Concert,J020,Malleshwaram Circle,15565,Weekday,False,Clear,False,0.0,False,False,0.715,High,20.7,48.4,189.6,0.12,0.277,0.99,Moderate traffic flow - standard adaptive signal timing in effect
EVT400198,2025-03-27 17:53:34,Trade Fair,J011,Indiranagar 100ft Road,11209,Weekday,False,Fog,False,0.0,False,False,0.942,Severe,10.6,64.1,444.6,0.185,0.427,0.937,Heavy congestion detected - signal timing extended and reroute suggested
EVT400199,2026-02-18 18:55:19,Local Market Day,J023,Basavanagudi,5008,Weekday,False,Clear,False,0.0,False,False,1.0,Severe,8.6,74.2,503.6,0.158,0.366,0.939,Heavy congestion detected - signal timing extended and reroute suggested
EVT400200,2026-02-18 13:32:30,Concert,J012,Koramangala Sony World,20108,Weekday,False,Clear,False,0.0,False,False,0.302,Low,34.5,17.5,168.4,0.165,0.381,0.973,Moderate traffic flow - standard adaptive signal timing in effect
EVT400201,2025-05-05 13:50:19,Local Market Day,J011,Indiranagar 100ft Road,4714,Weekday,False,Clear,False,0.0,False,False,0.157,Low,30.4,14.2,191.4,0.148,0.342,0.99,Normal free-flow traffic - standard signal timing maintained
EVT400202,2025-02-18 07:05:31,Political Rally,J040,City Market,21165,Weekday,False,Clear,False,0.0,False,False,0.593,High,16.0,41.3,272.2,0.128,0.295,0.971,Moderate traffic flow - standard adaptive signal timing in effect
EVT400203,2026-03-17 08:56:39,Concert,J009,Majestic,17850,Weekday,False,Clear,False,0.0,False,False,1.0,Severe,8.3,72.9,331.6,0.12,0.277,0.912,Heavy congestion detected - signal timing extended and reroute suggested
EVT400204,2026-02-21 14:30:59,Sports Fixture,J020,Malleshwaram Circle,22947,Weekend,False,Light Rain,True,2.1,False,False,0.483,Moderate,27.4,32.2,250.1,0.173,0.4,0.924,Light rain detected - minor speed reduction advised
EVT400205,2025-03-19 20:37:35,Trade Fair,J040,City Market,14282,Weekday,False,Clear,False,0.0,False,False,0.606,High,21.5,47.9,203.7,0.128,0.296,0.948,Moderate traffic flow - standard adaptive signal timing in effect
EVT400206,2025-03-08 18:45:29,Concert,J020,Malleshwaram Circle,10562,Weekend,False,Clear,False,0.0,False,False,0.871,Severe,12.9,62.0,370.8,0.166,0.382,0.922,Heavy congestion detected - signal timing extended and reroute suggested
EVT400207,2026-05-17 17:43:42,Sports Fixture,J012,Koramangala Sony World,17474,Weekend,False,Clear,False,0.0,False,False,0.875,Severe,14.3,61.8,483.9,0.24,0.554,0.932,Heavy congestion detected - signal timing extended and reroute suggested
EVT400208,2025-12-27 18:53:48,Concert,J023,Basavanagudi,10820,Weekend,False,Clear,False,0.0,False,False,0.912,Severe,11.2,62.2,256.2,0.125,0.289,0.935,Heavy congestion detected - signal timing extended and reroute suggested
EVT400209,2025-03-01 08:41:50,Political Rally,J040,City Market,16022,Weekend,False,Clear,False,0.0,False,False,0.948,Severe,11.6,69.8,313.4,0.127,0.292,0.951,Heavy congestion detected - signal timing extended and reroute suggested
EVT400210,2025-03-02 14:32:05,Sports Fixture,J020,Malleshwaram Circle,27898,Weekend,False,Clear,False,0.0,False,False,0.407,Moderate,27.0,30.0,179.4,0.157,0.362,0.952,Moderate traffic flow - standard adaptive signal timing in effect
EVT400211,2025-06-25 22:28:20,Concert,J011,Indiranagar 100ft Road,9609,Weekday,False,Rain,True,10.6,False,False,0.373,Moderate,21.1,27.1,206.1,0.11,0.254,0.918,Light rain detected - minor speed reduction advised
EVT400212,2025-06-05 17:46:02,Trade Fair,J011,Indiranagar 100ft Road,7795,Weekday,False,Clear,False,0.0,False,False,1.0,Severe,8.4,62.4,574.0,0.196,0.454,0.922,Heavy congestion detected - signal timing extended and reroute suggested
EVT400213,2025-06-04 13:38:21,Concert,J020,Malleshwaram Circle,23872,Weekday,False,Heavy Rain,True,81.9,False,False,0.694,High,19.4,48.7,301.5,0.19,0.44,0.913,Heavy rain reducing visibility and grip - reduced speed and longer buffer advised
EVT400214,2025-07-25 20:46:30,Political Rally,J031,Cubbon Road,22161,Weekday,False,Rain,True,11.5,False,False,0.684,High,16.5,52.4,283.5,0.167,0.386,0.916,Heavy rain reducing visibility and grip - reduced speed and longer buffer advised
EVT400215,2025-01-14 20:09:56,Cultural Procession,J011,Indiranagar 100ft Road,20723,Weekday,True,Clear,False,0.0,False,False,0.995,Severe,7.7,71.3,603.7,0.182,0.421,0.872,Festival crowd surge detected - alternate route and extended cycle recommended
EVT400216,2025-08-27 06:24:52,Religious Festival,J011,Indiranagar 100ft Road,65819,Weekday,True,Clear,False,0.0,False,True,0.917,Severe,11.7,84.2,380.1,0.168,0.388,0.86,Road closure for event/procession - full detour recommended for through-traffic
EVT400217,2025-02-22 22:45:22,Sports Fixture,J012,Koramangala Sony World,16815,Weekend,False,Clear,False,0.0,False,False,0.311,Low,22.4,22.4,196.0,0.13,0.3,0.978,Moderate traffic flow - standard adaptive signal timing in effect
EVT400218,2025-10-22 18:49:18,Cultural Procession,J012,Koramangala Sony World,16912,Weekday,True,Fog,False,0.0,False,False,1.0,Severe,8.5,67.5,759.0,0.225,0.519,0.878,Festival crowd surge detected - alternate route and extended cycle recommended
EVT400219,2025-06-11 17:08:26,Sports Fixture,J023,Basavanagudi,32489,Weekday,False,Heavy Rain,True,33.2,False,False,1.0,Severe,7.0,70.4,330.5,0.109,0.252,0.881,Heavy rain reducing visibility and grip - reduced speed and longer buffer advised
EVT400220,2025-02-09 17:43:33,Sports Fixture,J009,Majestic,30567,Weekend,False,Clear,False,0.0,False,False,1.0,Severe,7.1,71.1,844.3,0.259,0.599,0.941,Heavy congestion detected - signal timing extended and reroute suggested
EVT400221,2025-02-15 12:06:28,Political Rally,J009,Majestic,14329,Weekend,False,Clear,False,0.0,False,False,0.421,Moderate,30.6,28.2,205.4,0.164,0.378,0.972,Moderate traffic flow - standard adaptive signal timing in effect
EVT400222,2026-05-10 19:52:23,Trade Fair,J030,MG Road,13692,Weekend,False,Clear,False,0.0,False,False,0.742,High,19.4,51.3,136.1,0.089,0.206,0.943,Moderate traffic flow - standard adaptive signal timing in effect
EVT400223,2025-08-04 18:29:39,Local Market Day,J011,Indiranagar 100ft Road,3480,Weekday,False,Light Rain,True,5.5,False,False,1.0,Severe,10.6,72.4,511.8,0.231,0.534,0.885,Heavy rain reducing visibility and grip - reduced speed and longer buffer advised
EVT400224,2026-04-09 04:53:13,Sports Fixture,J030,MG Road,27193,Weekday,False,Clear,False,0.0,False,False,0.417,Moderate,37.4,33.9,64.4,0.06,0.138,0.979,Moderate traffic flow - standard adaptive signal timing in effect
EVT400225,2026-02-01 13:32:24,Local Market Day,J040,City Market,2769,Weekend,False,Clear,False,0.0,False,False,0.251,Low,32.7,16.1,70.6,0.061,0.14,0.944,Moderate traffic flow - standard adaptive signal timing in effect
EVT400226,2025-01-14 19:29:35,Religious Festival,J031,Cubbon Road,49693,Weekday,True,Clear,False,0.0,False,True,1.0,Severe,6.8,107.8,831.8,0.258,0.596,0.819,Road closure for event/procession - full detour recommended for through-traffic
EVT400227,2025-10-31 00:48:26,Political Rally,J040,City Market,24193,Weekday,False,Clear,False,0.0,False,False,0.359,Moderate,29.2,23.5,131.6,0.117,0.27,0.943,Moderate traffic flow - standard adaptive signal timing in effect
EVT400228,2026-02-13 19:03:52,Local Market Day,J009,Majestic,4842,Weekday,False,Clear,False,0.0,False,False,0.973,Severe,9.5,68.7,503.9,0.172,0.398,0.955,Heavy congestion detected - signal timing extended and reroute suggested
EVT400229,2025-09-12 18:12:41,Concert,J009,Majestic,12654,Weekday,False,Rain,True,19.0,False,False,1.0,Severe,8.1,69.2,405.9,0.157,0.362,0.844,Heavy rain reducing visibility and grip - reduced speed and longer buffer advised
EVT400230,2026-03-10 05:19:51,Local Market Day,J020,Malleshwaram Circle,5003,Weekday,False,Clear,False,0.0,False,False,0.151,Low,32.7,8.4,86.5,0.065,0.15,0.983,Normal free-flow traffic - standard signal timing maintained
EVT400231,2026-06-08 06:43:53,Concert,J031,Cubbon Road,6837,Weekday,False,Clear,False,0.0,False,False,0.235,Low,32.9,11.5,174.9,0.18,0.415,0.975,Normal free-flow traffic - standard signal timing maintained
EVT400232,2025-06-30 08:27:33,Local Market Day,J009,Majestic,2025,Weekday,False,Clear,False,0.0,False,False,0.954,Severe,8.4,73.0,537.6,0.179,0.413,0.964,Heavy congestion detected - signal timing extended and reroute suggested
EVT400233,2026-01-26 18:21:49,Cultural Procession,J020,Malleshwaram Circle,13813,Weekday,True,Clear,False,0.0,False,True,1.0,Severe,8.4,114.2,523.3,0.186,0.43,0.821,Road closure for event/procession - full detour recommended for through-traffic
EVT400234,2025-06-17 13:01:58,Local Market Day,J023,Basavanagudi,4037,Weekday,False,Clear,False,0.0,False,False,0.19,Low,35.7,8.2,122.9,0.093,0.215,0.968,Normal free-flow traffic - standard signal timing maintained
EVT400235,2025-10-07 21:43:17,Trade Fair,J020,Malleshwaram Circle,8488,Weekday,False,Clear,False,0.0,False,False,0.271,Low,29.4,21.6,166.7,0.134,0.309,0.947,Moderate traffic flow - standard adaptive signal timing in effect
EVT400236,2026-01-05 13:08:29,Trade Fair,J020,Malleshwaram Circle,6202,Weekday,False,Clear,False,0.0,False,False,0.234,Low,29.7,17.8,123.0,0.089,0.207,0.954,Normal free-flow traffic - standard signal timing maintained
EVT400237,2025-04-15 08:34:09,Religious Festival,J009,Majestic,42097,Weekday,True,Clear,False,0.0,False,True,1.0,Severe,8.3,96.3,329.6,0.12,0.278,0.857,Road closure for event/procession - full detour recommended for through-traffic
EVT400238,2026-04-07 15:12:02,Concert,J023,Basavanagudi,15124,Weekday,False,Clear,False,0.0,False,False,0.346,Low,29.3,31.9,222.7,0.181,0.417,0.954,Moderate traffic flow - standard adaptive signal timing in effect
EVT400239,2025-01-31 01:02:29,Concert,J011,Indiranagar 100ft Road,16120,Weekday,False,Clear,False,0.0,False,False,0.268,Low,40.6,17.7,81.0,0.076,0.176,0.973,Moderate traffic flow - standard adaptive signal timing in effect
EVT400240,2025-11-27 10:14:52,Concert,J031,Cubbon Road,16541,Weekday,False,Clear,False,0.0,False,False,0.784,Severe,13.7,53.0,146.2,0.073,0.17,0.976,Heavy congestion detected - signal timing extended and reroute suggested
EVT400241,2026-01-12 12:23:31,Trade Fair,J020,Malleshwaram Circle,11154,Weekday,False,Clear,False,0.0,False,False,0.229,Low,36.1,19.7,91.8,0.09,0.208,0.959,Normal free-flow traffic - standard signal timing maintained
EVT400242,2026-05-03 06:11:36,Sports Fixture,J020,Malleshwaram Circle,15967,Weekend,False,Clear,False,0.0,False,False,0.312,Low,33.3,24.1,125.2,0.103,0.239,0.984,Moderate traffic flow - standard adaptive signal timing in effect
EVT400243,2025-02-11 11:40:14,Local Market Day,J040,City Market,3415,Weekday,False,Clear,False,0.0,False,False,0.36,Moderate,27.6,25.6,133.3,0.087,0.2,0.972,Moderate traffic flow - standard adaptive signal timing in effect
EVT400244,2026-01-02 13:59:14,Religious Festival,J023,Basavanagudi,41006,Weekday,True,Clear,False,0.0,False,True,0.685,Moderate,15.3,64.3,269.2,0.145,0.334,0.892,Road closure for event/procession - full detour recommended for through-traffic
EVT400245,2025-09-12 20:55:44,Concert,J023,Basavanagudi,8560,Weekday,False,Clear,False,0.0,False,False,0.399,Moderate,31.0,32.6,101.6,0.086,0.199,0.977,Moderate traffic flow - standard adaptive signal timing in effect
EVT400246,2025-01-30 09:51:54,Trade Fair,J011,Indiranagar 100ft Road,7436,Weekday,False,Clear,False,0.0,False,False,0.938,Severe,10.6,68.5,477.5,0.21,0.486,0.943,Heavy congestion detected - signal timing extended and reroute suggested
EVT400247,2025-04-09 07:59:03,Local Market Day,J023,Basavanagudi,6731,Weekday,False,Clear,False,0.0,False,False,0.888,Severe,11.7,66.9,404.9,0.18,0.416,0.931,Heavy congestion detected - signal timing extended and reroute suggested
EVT400248,2025-11-18 20:00:05,Trade Fair,J011,Indiranagar 100ft Road,6383,Weekday,False,Clear,False,0.0,False,False,0.746,High,16.4,61.3,268.5,0.158,0.366,0.99,Moderate traffic flow - standard adaptive signal timing in effect
EVT400249,2026-01-17 20:47:47,Concert,J012,Koramangala Sony World,8544,Weekend,False,Clear,False,0.0,False,False,0.35,Low,28.9,21.6,248.8,0.197,0.454,0.966,Moderate traffic flow - standard adaptive signal timing in effect
EVT400250,2025-12-30 13:58:19,Sports Fixture,J020,Malleshwaram Circle,47949,Weekday,False,Clear,False,0.0,False,False,0.453,Moderate,28.0,33.0,220.1,0.187,0.431,0.936,Moderate traffic flow - standard adaptive signal timing in effect
EVT400251,2025-11-22 09:36:06,Concert,J020,Malleshwaram Circle,8305,Weekend,False,Rain,True,13.6,False,False,0.91,Severe,11.6,59.9,426.4,0.183,0.422,0.911,Heavy rain reducing visibility and grip - reduced speed and longer buffer advised
EVT400252,2025-10-11 19:48:59,Local Market Day,J030,MG Road,3459,Weekend,False,Clear,False,0.0,False,False,0.675,High,18.8,50.7,154.3,0.086,0.2,0.955,Moderate traffic flow - standard adaptive signal timing in effect
EVT400253,2025-08-01 12:35:26,Local Market Day,J012,Koramangala Sony World,2944,Weekday,False,Clear,False,0.0,False,False,0.187,Low,29.5,11.3,181.7,0.143,0.33,0.963,Normal free-flow traffic - standard signal timing maintained
EVT400254,2026-06-29 15:59:18,Sports Fixture,J031,Cubbon Road,23118,Weekday,False,Heavy Rain,True,31.5,False,False,0.74,High,16.1,53.2,310.5,0.173,0.4,0.915,Heavy rain reducing visibility and grip - reduced speed and longer buffer advised
EVT400255,2025-10-09 05:07:33,Trade Fair,J020,Malleshwaram Circle,12643,Weekday,False,Clear,False,0.0,False,False,0.292,Low,37.6,16.1,135.8,0.144,0.333,0.962,Moderate traffic flow - standard adaptive signal timing in effect
EVT400256,2026-06-16 18:05:43,Concert,J031,Cubbon Road,9598,Weekday,False,Rain,True,21.4,True,False,1.0,Severe,7.0,77.1,974.4,0.275,0.635,0.701,Accident detected nearby - reroute and reduced speed advised
EVT400257,2025-03-01 11:20:40,Trade Fair,J020,Malleshwaram Circle,6969,Weekend,False,Clear,False,0.0,False,False,0.359,Moderate,29.1,24.0,148.1,0.108,0.25,0.954,Moderate traffic flow - standard adaptive signal timing in effect
EVT400258,2026-05-10 16:06:39,Political Rally,J023,Basavanagudi,11759,Weekend,False,Clear,False,0.0,False,False,0.523,Moderate,18.3,28.9,185.1,0.103,0.238,0.97,Moderate traffic flow - standard adaptive signal timing in effect
EVT400259,2026-04-28 12:18:40,Local Market Day,J023,Basavanagudi,4349,Weekday,False,Clear,False,0.0,False,False,0.217,Low,40.2,12.3,127.6,0.128,0.296,0.959,Normal free-flow traffic - standard signal timing maintained
EVT400260,2026-01-04 09:12:46,Trade Fair,J009,Majestic,5886,Weekend,False,Clear,False,0.0,False,False,0.877,Severe,9.5,56.7,372.5,0.144,0.332,0.918,Heavy congestion detected - signal timing extended and reroute suggested
EVT400261,2025-05-20 23:01:09,Political Rally,J011,Indiranagar 100ft Road,14870,Weekday,False,Clear,False,0.0,False,False,0.263,Low,32.9,16.0,133.8,0.105,0.242,0.954,Moderate traffic flow - standard adaptive signal timing in effect
EVT400262,2025-08-31 10:54:28,Sports Fixture,J040,City Market,22136,Weekend,False,Light Rain,True,3.5,False,False,0.639,High,21.6,44.2,350.0,0.23,0.532,0.903,Heavy rain reducing visibility and grip - reduced speed and longer buffer advised
EVT400263,2025-12-27 14:49:28,Sports Fixture,J011,Indiranagar 100ft Road,24195,Weekend,False,Clear,False,0.0,False,False,0.43,Moderate,26.1,28.1,172.9,0.118,0.273,0.973,Moderate traffic flow - standard adaptive signal timing in effect
EVT400264,2026-01-07 10:31:51,Trade Fair,J023,Basavanagudi,21987,Weekday,False,Clear,False,0.0,True,False,1.0,Severe,9.0,64.0,534.4,0.183,0.422,0.765,Accident detected nearby - reroute and reduced speed advised
EVT400265,2025-11-26 21:50:43,Local Market Day,J023,Basavanagudi,3160,Weekday,False,Clear,False,0.0,False,False,0.283,Low,26.7,16.6,141.4,0.103,0.238,0.964,Moderate traffic flow - standard adaptive signal timing in effect
EVT400266,2025-06-08 19:19:59,Trade Fair,J030,MG Road,11467,Weekend,False,Clear,False,0.0,False,False,0.87,Severe,14.6,67.4,542.6,0.276,0.637,0.954,Heavy congestion detected - signal timing extended and reroute suggested
EVT400267,2026-04-02 17:46:07,Local Market Day,J020,Malleshwaram Circle,6457,Weekday,False,Clear,False,0.0,False,False,0.904,Severe,11.8,64.0,401.7,0.17,0.393,0.945,Heavy congestion detected - signal timing extended and reroute suggested
EVT400268,2026-03-15 18:50:56,Trade Fair,J040,City Market,8507,Weekend,False,Clear,False,0.0,False,False,0.842,Severe,12.9,61.6,268.1,0.151,0.349,0.937,Heavy congestion detected - signal timing extended and reroute suggested
EVT400269,2025-12-01 06:29:40,Trade Fair,J020,Malleshwaram Circle,10116,Weekday,False,Light Rain,True,5.2,False,False,0.476,Moderate,23.3,39.0,231.4,0.156,0.359,0.914,Light rain detected - minor speed reduction advised
EVT400270,2026-03-24 12:44:14,Local Market Day,J030,MG Road,8349,Weekday,False,Clear,False,0.0,False,False,0.156,Low,40.5,10.0,93.1,0.105,0.243,0.959,Normal free-flow traffic - standard signal timing maintained
EVT400271,2026-01-18 09:36:03,Political Rally,J031,Cubbon Road,17788,Weekend,False,Clear,False,0.0,False,False,0.909,Severe,10.9,65.3,166.7,0.07,0.162,0.949,Heavy congestion detected - signal timing extended and reroute suggested
EVT400272,2026-01-29 17:18:48,Sports Fixture,J040,City Market,28254,Weekday,False,Clear,False,0.0,False,False,1.0,Severe,9.3,69.7,650.1,0.242,0.559,0.914,Heavy congestion detected - signal timing extended and reroute suggested
EVT400273,2025-04-22 21:28:21,Concert,J020,Malleshwaram Circle,9657,Weekday,False,Clear,False,0.0,False,False,0.453,Moderate,29.3,32.8,194.1,0.172,0.398,0.96,Moderate traffic flow - standard adaptive signal timing in effect
EVT400274,2025-11-27 18:08:03,Local Market Day,J009,Majestic,4082,Weekday,False,Clear,False,0.0,False,False,0.986,Severe,11.2,69.4,436.4,0.166,0.383,0.891,Heavy congestion detected - signal timing extended and reroute suggested
EVT400275,2026-01-12 18:03:30,Sports Fixture,J009,Majestic,8836,Weekday,False,Clear,False,0.0,False,False,0.969,Severe,9.7,65.6,492.9,0.193,0.445,0.917,Heavy congestion detected - signal timing extended and reroute suggested
EVT400276,2026-01-18 17:13:33,Concert,J009,Majestic,12182,Weekend,False,Clear,False,0.0,False,False,0.75,Severe,15.7,53.5,131.7,0.067,0.154,0.968,Heavy congestion detected - signal timing extended and reroute suggested
EVT400277,2026-01-24 18:51:27,Sports Fixture,J040,City Market,35525,Weekend,False,Clear,False,0.0,False,False,1.0,Severe,8.7,68.4,752.3,0.251,0.581,0.92,Heavy congestion detected - signal timing extended and reroute suggested
EVT400278,2025-08-03 07:00:43,Trade Fair,J030,MG Road,13769,Weekend,False,Rain,True,21.4,False,False,0.73,High,15.2,51.9,498.2,0.257,0.593,0.878,Heavy rain reducing visibility and grip - reduced speed and longer buffer advised
EVT400279,2025-09-15 14:23:15,Local Market Day,J031,Cubbon Road,2919,Weekday,False,Clear,False,0.0,False,False,0.2,Low,33.8,15.1,83.3,0.063,0.144,0.952,Normal free-flow traffic - standard signal timing maintained
EVT400280,2025-02-01 09:04:58,Trade Fair,J031,Cubbon Road,10797,Weekend,False,Clear,False,0.0,False,False,0.921,Severe,10.4,63.6,389.6,0.162,0.374,0.935,Heavy congestion detected - signal timing extended and reroute suggested
EVT400281,2025-03-06 08:50:14,Trade Fair,J023,Basavanagudi,5081,Weekday,False,Clear,False,0.0,False,False,0.995,Severe,9.3,73.8,383.3,0.163,0.376,0.927,Heavy congestion detected - signal timing extended and reroute suggested
EVT400282,2025-02-21 06:35:08,Political Rally,J020,Malleshwaram Circle,22251,Weekday,False,Clear,False,0.0,False,False,0.399,Moderate,20.2,29.7,99.8,0.044,0.102,0.975,Moderate traffic flow - standard adaptive signal timing in effect
EVT400283,2026-05-04 18:22:27,Political Rally,J031,Cubbon Road,13036,Weekday,False,Rain,True,9.8,False,False,1.0,Severe,6.6,68.9,1080.2,0.297,0.687,0.843,Heavy rain reducing visibility and grip - reduced speed and longer buffer advised
EVT400284,2026-01-18 18:05:56,Trade Fair,J023,Basavanagudi,6832,Weekend,False,Fog,False,0.0,False,False,0.938,Severe,12.3,67.0,306.9,0.159,0.368,0.925,Heavy congestion detected - signal timing extended and reroute suggested
EVT400285,2025-09-05 10:03:12,Religious Festival,J011,Indiranagar 100ft Road,60253,Weekday,True,Clear,False,0.0,False,True,1.0,Severe,9.5,98.1,806.2,0.282,0.65,0.828,Road closure for event/procession - full detour recommended for through-traffic
EVT400286,2025-09-07 09:47:42,Political Rally,J031,Cubbon Road,22074,Weekend,False,Heavy Rain,True,48.6,False,False,1.0,Severe,8.1,65.7,191.3,0.074,0.172,0.86,Heavy rain reducing visibility and grip - reduced speed and longer buffer advised
EVT400287,2026-05-03 17:03:46,Political Rally,J011,Indiranagar 100ft Road,13109,Weekend,False,Fog,False,0.0,False,False,0.694,High,16.3,51.2,299.5,0.161,0.371,0.956,Moderate traffic flow - standard adaptive signal timing in effect
EVT400288,2025-12-15 12:00:49,Trade Fair,J023,Basavanagudi,6434,Weekday,False,Clear,False,0.0,False,False,0.257,Low,25.5,21.1,264.5,0.188,0.435,0.956,Moderate traffic flow - standard adaptive signal timing in effect
EVT400289,2026-03-30 05:47:24,Trade Fair,J031,Cubbon Road,10682,Weekday,False,Fog,False,0.0,False,False,0.229,Low,36.9,15.8,164.8,0.148,0.341,0.942,Normal free-flow traffic - standard signal timing maintained
EVT400290,2025-12-26 06:48:24,Religious Festival,J012,Koramangala Sony World,33797,Weekday,True,Clear,False,0.0,False,False,0.748,High,14.7,53.9,301.2,0.157,0.362,0.925,Festival crowd surge detected - alternate route and extended cycle recommended
EVT400291,2026-04-28 20:57:47,Sports Fixture,J012,Koramangala Sony World,21815,Weekday,False,Clear,False,0.0,False,False,0.586,High,21.7,48.0,157.2,0.092,0.213,0.949,Moderate traffic flow - standard adaptive signal timing in effect
EVT400292,2025-12-10 21:34:27,Local Market Day,J012,Koramangala Sony World,3241,Weekday,False,Clear,False,0.0,False,False,0.298,Low,31.7,21.5,166.6,0.12,0.277,0.975,Moderate traffic flow - standard adaptive signal timing in effect
EVT400293,2025-05-13 09:42:07,Sports Fixture,J023,Basavanagudi,25270,Weekday,False,Clear,False,0.0,False,False,0.998,Severe,8.4,75.6,607.4,0.203,0.469,0.924,Heavy congestion detected - signal timing extended and reroute suggested
EVT400294,2025-03-03 07:50:34,Political Rally,J009,Majestic,8714,Weekday,False,Clear,False,0.0,False,False,0.716,High,16.0,52.2,292.9,0.144,0.334,0.96,Moderate traffic flow - standard adaptive signal timing in effect
EVT400295,2025-11-07 12:02:28,Political Rally,J031,Cubbon Road,8771,Weekday,False,Clear,False,0.0,False,False,0.265,Low,27.1,15.4,144.0,0.109,0.251,0.965,Moderate traffic flow - standard adaptive signal timing in effect
EVT400296,2026-01-04 20:58:39,Sports Fixture,J012,Koramangala Sony World,19194,Weekend,False,Clear,False,0.0,False,False,0.593,High,18.6,42.4,299.0,0.189,0.436,0.938,Moderate traffic flow - standard adaptive signal timing in effect
EVT400297,2025-12-10 19:05:15,Trade Fair,J040,City Market,9270,Weekday,False,Clear,False,0.0,False,False,0.949,Severe,11.7,67.5,413.8,0.205,0.474,0.923,Heavy congestion detected - signal timing extended and reroute suggested
EVT400298,2025-02-06 19:54:45,Trade Fair,J020,Malleshwaram Circle,10688,Weekday,False,Clear,False,0.0,False,False,0.789,Severe,15.4,56.5,239.5,0.109,0.252,0.953,Heavy congestion detected - signal timing extended and reroute suggested
EVT400299,2026-06-08 18:43:33,Trade Fair,J031,Cubbon Road,6684,Weekday,False,Clear,False,0.0,False,False,1.0,Severe,7.8,71.9,546.5,0.172,0.398,0.926,Heavy congestion detected - signal timing extended and reroute suggested
EVT400300,2026-05-29 13:03:17,Local Market Day,J012,Koramangala Sony World,3144,Weekday,False,Clear,False,0.0,False,False,0.176,Low,37.9,13.8,168.9,0.15,0.346,0.972,Normal free-flow traffic - standard signal timing maintained
EVT400301,2026-02-11 10:30:16,Local Market Day,J020,Malleshwaram Circle,9521,Weekday,False,Clear,False,0.0,False,False,0.688,High,20.8,43.5,265.5,0.18,0.417,0.966,Moderate traffic flow - standard adaptive signal timing in effect
EVT400302,2025-08-28 13:06:08,Religious Festival,J031,Cubbon Road,46101,Weekday,True,Clear,False,0.0,False,False,0.667,High,21.7,42.5,382.4,0.273,0.631,0.916,Festival crowd surge detected - alternate route and extended cycle recommended
EVT400303,2026-06-08 12:03:06,Political Rally,J020,Malleshwaram Circle,10715,Weekday,False,Clear,False,0.0,False,False,0.215,Low,35.0,19.6,121.0,0.093,0.215,0.95,Normal free-flow traffic - standard signal timing maintained
EVT400304,2026-05-14 13:21:01,Sports Fixture,J030,MG Road,34728,Weekday,False,Clear,False,0.0,False,False,0.389,Moderate,27.5,27.4,101.8,0.057,0.131,0.966,Moderate traffic flow - standard adaptive signal timing in effect
EVT400305,2026-01-04 08:24:33,Political Rally,J023,Basavanagudi,20273,Weekend,False,Clear,False,0.0,False,False,0.956,Severe,8.5,70.7,483.0,0.175,0.404,0.921,Heavy congestion detected - signal timing extended and reroute suggested
EVT400306,2025-06-01 09:06:55,Local Market Day,J030,MG Road,2870,Weekend,False,Heavy Rain,True,31.3,False,False,1.0,Severe,10.4,73.0,631.3,0.28,0.648,0.858,Heavy rain reducing visibility and grip - reduced speed and longer buffer advised
EVT400307,2026-06-23 08:14:00,Local Market Day,J020,Malleshwaram Circle,4766,Weekday,False,Rain,True,16.2,False,False,1.0,Severe,7.7,68.3,556.0,0.203,0.468,0.855,Heavy rain reducing visibility and grip - reduced speed and longer buffer advised
EVT400308,2025-09-29 10:57:11,Trade Fair,J023,Basavanagudi,11165,Weekday,False,Rain,True,15.9,False,False,0.606,High,24.7,39.2,247.6,0.21,0.484,0.91,Heavy rain reducing visibility and grip - reduced speed and longer buffer advised
EVT400309,2026-03-15 18:40:40,Concert,J009,Majestic,14532,Weekend,False,Clear,False,0.0,False,False,0.852,Severe,8.9,64.2,551.2,0.2,0.463,0.944,Heavy congestion detected - signal timing extended and reroute suggested
EVT400310,2025-04-22 13:17:55,Local Market Day,J040,City Market,2636,Weekday,False,Clear,False,0.0,True,False,0.543,Moderate,16.5,35.2,393.4,0.194,0.449,0.8,Accident detected nearby - reroute and reduced speed advised
EVT400311,2026-04-20 20:51:10,Local Market Day,J040,City Market,6722,Weekday,False,Clear,False,0.0,False,False,0.516,Moderate,23.2,31.9,256.0,0.179,0.414,0.932,Moderate traffic flow - standard adaptive signal timing in effect
EVT400312,2025-02-21 09:05:59,Local Market Day,J012,Koramangala Sony World,4048,Weekday,False,Fog,False,0.0,False,False,1.0,Severe,9.1,64.8,916.5,0.305,0.704,0.886,Heavy congestion detected - signal timing extended and reroute suggested
EVT400313,2025-08-08 15:48:28,Sports Fixture,J011,Indiranagar 100ft Road,17809,Weekday,False,Clear,False,0.0,False,False,0.546,Moderate,17.1,40.5,170.0,0.086,0.199,0.939,Moderate traffic flow - standard adaptive signal timing in effect
EVT400314,2026-06-17 10:31:52,Local Market Day,J023,Basavanagudi,3982,Weekday,False,Rain,True,8.8,False,False,0.691,High,17.7,41.0,227.6,0.149,0.344,0.912,Heavy rain reducing visibility and grip - reduced speed and longer buffer advised
EVT400315,2025-02-19 17:52:29,Trade Fair,J031,Cubbon Road,11096,Weekday,False,Clear,False,0.0,False,False,0.966,Severe,11.0,72.1,304.3,0.148,0.341,0.956,Heavy congestion detected - signal timing extended and reroute suggested
EVT400316,2025-04-25 14:17:50,Local Market Day,J030,MG Road,6066,Weekday,False,Clear,False,0.0,False,False,0.154,Low,39.9,15.5,135.3,0.117,0.27,0.981,Normal free-flow traffic - standard signal timing maintained
EVT400317,2025-06-30 17:18:18,Concert,J011,Indiranagar 100ft Road,17099,Weekday,False,Clear,False,0.0,False,False,0.902,Severe,13.9,64.5,254.5,0.141,0.326,0.941,Heavy congestion detected - signal timing extended and reroute suggested
EVT400318,2025-09-29 08:35:21,Sports Fixture,J023,Basavanagudi,14158,Weekday,False,Light Rain,True,0.8,False,False,1.0,Severe,6.9,72.1,538.8,0.149,0.344,0.878,Heavy rain reducing visibility and grip - reduced speed and longer buffer advised
EVT400319,2025-10-20 09:11:01,Cultural Procession,J030,MG Road,20907,Weekday,True,Rain,True,7.7,False,True,1.0,Severe,8.0,92.4,682.5,0.248,0.574,0.778,Road closure for event/procession - full detour recommended for through-traffic
EVT400320,2025-06-10 21:55:00,Political Rally,J023,Basavanagudi,12341,Weekday,False,Heavy Rain,True,34.0,False,False,0.648,High,20.3,44.7,372.2,0.24,0.555,0.88,Heavy rain reducing visibility and grip - reduced speed and longer buffer advised
EVT400321,2025-05-01 10:26:56,Cultural Procession,J023,Basavanagudi,16660,Weekday,True,Clear,False,0.0,False,False,1.0,Severe,7.5,78.3,476.9,0.175,0.403,0.885,Festival crowd surge detected - alternate route and extended cycle recommended
EVT400322,2026-03-30 13:24:41,Concert,J009,Majestic,15765,Weekday,False,Light Rain,True,1.2,False,False,0.245,Low,36.1,11.9,135.2,0.124,0.287,0.903,Light rain detected - minor speed reduction advised
EVT400323,2025-11-24 08:34:16,Sports Fixture,J031,Cubbon Road,15801,Weekday,False,Clear,False,0.0,False,False,1.0,Severe,7.5,72.3,616.9,0.173,0.4,0.913,Heavy congestion detected - signal timing extended and reroute suggested
EVT400324,2025-09-25 19:48:00,Local Market Day,J020,Malleshwaram Circle,8041,Weekday,False,Clear,False,0.0,True,False,1.0,Severe,7.9,75.3,620.5,0.199,0.459,0.742,Accident detected nearby - reroute and reduced speed advised
EVT400325,2025-01-21 16:56:19,Concert,J020,Malleshwaram Circle,17417,Weekday,False,Clear,False,0.0,False,False,0.749,High,18.4,54.2,277.0,0.168,0.387,0.966,Moderate traffic flow - standard adaptive signal timing in effect
EVT400326,2026-04-23 21:22:35,Concert,J031,Cubbon Road,14121,Weekday,False,Clear,False,0.0,False,False,0.338,Low,29.5,21.7,158.3,0.111,0.255,0.973,Moderate traffic flow - standard adaptive signal timing in effect
EVT400327,2025-07-25 09:57:05,Concert,J040,City Market,16664,Weekday,False,Rain,True,9.1,False,False,1.0,Severe,8.7,74.1,567.0,0.189,0.437,0.862,Heavy rain reducing visibility and grip - reduced speed and longer buffer advised
EVT400328,2025-06-09 08:56:30,Trade Fair,J040,City Market,9139,Weekday,False,Heavy Rain,True,28.0,False,False,1.0,Severe,6.9,79.0,690.0,0.221,0.511,0.881,Heavy rain reducing visibility and grip - reduced speed and longer buffer advised
EVT400329,2026-05-05 10:02:27,Concert,J011,Indiranagar 100ft Road,22223,Weekday,False,Clear,False,0.0,False,False,0.837,Severe,12.6,56.7,365.4,0.174,0.403,0.935,Heavy congestion detected - signal timing extended and reroute suggested
EVT400330,2025-06-29 10:56:34,Trade Fair,J023,Basavanagudi,9786,Weekend,False,Rain,True,12.8,False,False,0.617,High,20.6,46.6,276.4,0.169,0.39,0.892,Heavy rain reducing visibility and grip - reduced speed and longer buffer advised
EVT400331,2025-09-29 13:38:57,Concert,J031,Cubbon Road,13322,Weekday,False,Clear,False,0.0,False,False,0.194,Low,43.9,16.1,113.4,0.138,0.319,0.961,Normal free-flow traffic - standard signal timing maintained
EVT400332,2025-05-13 18:42:07,Local Market Day,J030,MG Road,5776,Weekday,False,Clear,False,0.0,False,False,1.0,Severe,8.8,72.4,562.8,0.209,0.484,0.908,Heavy congestion detected - signal timing extended and reroute suggested
EVT400333,2025-05-08 19:24:06,Concert,J023,Basavanagudi,16456,Weekday,False,Clear,False,0.0,False,False,0.923,Severe,10.3,62.4,549.2,0.222,0.513,0.911,Heavy congestion detected - signal timing extended and reroute suggested
EVT400334,2026-06-01 12:34:50,Local Market Day,J031,Cubbon Road,4037,Weekday,False,Fog,False,0.0,False,False,0.194,Low,35.1,10.3,42.2,0.03,0.069,0.965,Normal free-flow traffic - standard signal timing maintained
EVT400335,2025-07-10 05:56:43,Concert,J009,Majestic,5035,Weekday,False,Clear,False,0.0,False,False,0.239,Low,38.5,13.8,129.1,0.121,0.279,0.972,Normal free-flow traffic - standard signal timing maintained
EVT400336,2025-03-28 18:51:07,Local Market Day,J020,Malleshwaram Circle,3479,Weekday,False,Clear,False,0.0,False,False,1.0,Severe,8.9,74.4,233.6,0.099,0.229,0.913,Heavy congestion detected - signal timing extended and reroute suggested
EVT400337,2025-10-09 17:00:54,Local Market Day,J012,Koramangala Sony World,5965,Weekday,False,Clear,False,0.0,False,False,0.723,High,16.9,53.2,356.5,0.214,0.495,0.973,Moderate traffic flow - standard adaptive signal timing in effect
EVT400338,2025-03-19 15:19:20,Local Market Day,J011,Indiranagar 100ft Road,2391,Weekday,False,Clear,False,0.0,False,False,0.362,Moderate,33.1,29.3,242.6,0.223,0.515,0.99,Moderate traffic flow - standard adaptive signal timing in effect
EVT400339,2026-02-13 20:18:54,Local Market Day,J030,MG Road,7035,Weekday,False,Clear,False,0.0,False,False,0.629,High,23.2,45.1,292.1,0.213,0.493,0.94,Moderate traffic flow - standard adaptive signal timing in effect
EVT400340,2025-05-29 14:01:36,Sports Fixture,J020,Malleshwaram Circle,10889,Weekday,False,Clear,False,0.0,False,False,0.255,Low,35.8,19.5,138.2,0.132,0.306,0.976,Moderate traffic flow - standard adaptive signal timing in effect
EVT400341,2025-08-02 18:50:46,Local Market Day,J011,Indiranagar 100ft Road,2969,Weekend,False,Clear,False,0.0,False,False,0.859,Severe,14.1,62.8,186.4,0.109,0.253,0.938,Heavy congestion detected - signal timing extended and reroute suggested
EVT400342,2025-12-24 08:48:39,Sports Fixture,J030,MG Road,18426,Weekday,False,Clear,False,0.0,False,False,1.0,Severe,9.0,71.6,347.5,0.13,0.301,0.906,Heavy congestion detected - signal timing extended and reroute suggested
EVT400343,2025-01-09 15:00:17,Trade Fair,J020,Malleshwaram Circle,6576,Weekday,False,Clear,False,0.0,False,False,0.344,Low,30.9,22.6,207.7,0.181,0.418,0.951,Moderate traffic flow - standard adaptive signal timing in effect
EVT400344,2025-02-03 12:41:20,Trade Fair,J020,Malleshwaram Circle,11477,Weekday,False,Clear,False,0.0,False,False,0.208,Low,30.7,11.5,110.5,0.088,0.203,0.98,Normal free-flow traffic - standard signal timing maintained
EVT400345,2026-01-20 21:20:56,Trade Fair,J020,Malleshwaram Circle,9698,Weekday,False,Clear,False,0.0,False,False,0.371,Moderate,23.1,26.3,305.8,0.178,0.412,0.972,Moderate traffic flow - standard adaptive signal timing in effect
EVT400346,2025-10-28 13:42:50,Concert,J031,Cubbon Road,11145,Weekday,False,Clear,False,0.0,False,False,0.25,Low,34.2,13.5,110.5,0.104,0.24,0.976,Normal free-flow traffic - standard signal timing maintained
EVT400347,2025-09-10 10:24:35,Local Market Day,J011,Indiranagar 100ft Road,7590,Weekday,False,Rain,True,13.3,False,False,0.796,Severe,17.2,58.1,266.0,0.168,0.387,0.923,Heavy rain reducing visibility and grip - reduced speed and longer buffer advised
EVT400348,2025-01-09 12:14:32,Concert,J030,MG Road,8326,Weekday,False,Clear,False,0.0,False,False,0.194,Low,34.5,20.6,230.9,0.231,0.533,0.946,Normal free-flow traffic - standard signal timing maintained
EVT400349,2025-09-06 23:38:53,Cultural Procession,J031,Cubbon Road,11423,Weekend,True,Clear,False,0.0,False,True,0.692,Moderate,18.8,70.7,260.2,0.167,0.385,0.888,Road closure for event/procession - full detour recommended for through-traffic
EVT400350,2025-12-16 08:07:20,Trade Fair,J009,Majestic,11700,Weekday,False,Clear,False,0.0,False,False,0.862,Severe,11.5,69.0,479.7,0.217,0.502,0.933,Heavy congestion detected - signal timing extended and reroute suggested
EVT400351,2025-11-28 08:10:20,Trade Fair,J020,Malleshwaram Circle,8081,Weekday,False,Clear,False,0.0,False,False,0.847,Severe,14.3,62.6,528.8,0.265,0.612,0.954,Heavy congestion detected - signal timing extended and reroute suggested
EVT400352,2025-10-10 17:28:45,Trade Fair,J011,Indiranagar 100ft Road,6408,Weekday,False,Clear,False,0.0,False,False,0.826,Severe,14.5,61.6,364.6,0.163,0.377,0.975,Heavy congestion detected - signal timing extended and reroute suggested
EVT400353,2026-03-27 18:29:56,Cultural Procession,J040,City Market,17257,Weekday,True,Fog,False,0.0,False,True,1.0,Severe,7.8,97.9,321.3,0.112,0.259,0.85,Road closure for event/procession - full detour recommended for through-traffic
EVT400354,2026-05-17 09:31:29,Local Market Day,J030,MG Road,3461,Weekend,False,Clear,False,0.0,False,False,0.797,Severe,16.0,53.6,225.3,0.123,0.284,0.945,Heavy congestion detected - signal timing extended and reroute suggested
EVT400355,2025-07-01 07:36:34,Political Rally,J030,MG Road,17865,Weekday,False,Heavy Rain,True,52.5,False,False,1.0,Severe,9.2,73.4,457.4,0.164,0.379,0.858,Heavy rain reducing visibility and grip - reduced speed and longer buffer advised
EVT400356,2026-05-19 22:36:56,Political Rally,J030,MG Road,13185,Weekday,False,Clear,False,0.0,False,False,0.227,Low,24.6,21.7,214.7,0.13,0.3,0.977,Normal free-flow traffic - standard signal timing maintained
EVT400357,2025-05-01 06:09:03,Religious Festival,J030,MG Road,22510,Weekday,True,Clear,False,0.0,False,False,0.649,High,16.6,46.0,111.8,0.057,0.131,0.918,Festival crowd surge detected - alternate route and extended cycle recommended
EVT400358,2025-06-09 15:16:49,Concert,J009,Majestic,14018,Weekday,False,Rain,True,16.1,False,False,0.492,Moderate,20.8,36.7,230.2,0.151,0.349,0.936,Light rain detected - minor speed reduction advised
EVT400359,2026-01-20 09:22:40,Local Market Day,J040,City Market,3294,Weekday,False,Clear,False,0.0,False,False,1.0,Severe,6.4,66.6,904.3,0.232,0.537,0.904,Heavy congestion detected - signal timing extended and reroute suggested
EVT400360,2025-05-26 10:57:48,Local Market Day,J023,Basavanagudi,5656,Weekday,False,Clear,False,0.0,False,False,0.501,Moderate,18.8,36.1,235.5,0.128,0.296,0.962,Moderate traffic flow - standard adaptive signal timing in effect
EVT400361,2026-06-17 00:04:37,Concert,J023,Basavanagudi,15563,Weekday,False,Clear,False,0.0,False,False,0.25,Low,36.1,14.7,105.5,0.104,0.241,0.97,Moderate traffic flow - standard adaptive signal timing in effect
EVT400362,2025-03-03 20:42:47,Local Market Day,J023,Basavanagudi,5148,Weekday,False,Clear,False,0.0,False,False,0.549,Moderate,19.5,43.5,254.9,0.14,0.324,0.971,Moderate traffic flow - standard adaptive signal timing in effect
EVT400363,2025-03-26 01:27:16,Sports Fixture,J012,Koramangala Sony World,25675,Weekday,False,Clear,False,0.0,False,False,0.362,Moderate,20.9,26.5,199.6,0.107,0.247,0.935,Moderate traffic flow - standard adaptive signal timing in effect
EVT400364,2026-06-04 09:39:22,Trade Fair,J009,Majestic,8112,Weekday,False,Clear,False,0.0,False,False,1.0,Severe,9.2,72.5,686.6,0.236,0.546,0.919,Heavy congestion detected - signal timing extended and reroute suggested
EVT400365,2025-06-02 14:34:45,Local Market Day,J040,City Market,3992,Weekday,False,Clear,False,0.0,False,False,0.198,Low,35.6,11.8,158.9,0.136,0.313,0.965,Normal free-flow traffic - standard signal timing maintained
EVT400366,2025-03-13 09:10:13,Local Market Day,J012,Koramangala Sony World,2436,Weekday,False,Clear,False,0.0,False,False,1.0,Severe,8.3,74.3,640.4,0.197,0.456,0.896,Heavy congestion detected - signal timing extended and reroute suggested
EVT400367,2025-03-05 19:15:51,Political Rally,J012,Koramangala Sony World,10951,Weekday,False,Clear,False,0.0,False,False,1.0,Severe,8.0,69.1,431.2,0.163,0.377,0.925,Heavy congestion detected - signal timing extended and reroute suggested
EVT400368,2025-10-06 15:11:11,Concert,J030,MG Road,5937,Weekday,False,Clear,False,0.0,False,False,0.242,Low,29.7,16.6,244.5,0.188,0.435,0.966,Normal free-flow traffic - standard signal timing maintained
EVT400369,2025-10-15 09:49:04,Political Rally,J012,Koramangala Sony World,9384,Weekday,False,Clear,False,0.0,False,False,0.929,Severe,10.3,70.9,364.1,0.154,0.356,0.931,Heavy congestion detected - signal timing extended and reroute suggested
EVT400370,2025-04-28 07:16:28,Local Market Day,J040,City Market,2860,Weekday,False,Clear,False,0.0,False,False,0.527,Moderate,23.5,35.1,352.5,0.276,0.637,0.967,Moderate traffic flow - standard adaptive signal timing in effect
EVT400371,2025-06-22 01:16:37,Trade Fair,J020,Malleshwaram Circle,7732,Weekend,False,Clear,False,0.0,False,False,0.301,Low,32.1,19.6,142.5,0.118,0.272,0.957,Moderate traffic flow - standard adaptive signal timing in effect
EVT400372,2025-08-11 19:16:26,Local Market Day,J011,Indiranagar 100ft Road,5762,Weekday,False,Clear,False,0.0,False,False,0.906,Severe,10.8,60.6,428.4,0.187,0.432,0.923,Heavy congestion detected - signal timing extended and reroute suggested
EVT400373,2025-11-11 17:05:03,Local Market Day,J040,City Market,4377,Weekday,False,Clear,False,0.0,False,False,0.656,High,19.7,50.3,108.1,0.056,0.13,0.973,Moderate traffic flow - standard adaptive signal timing in effect
EVT400374,2025-01-29 12:40:01,Local Market Day,J031,Cubbon Road,3772,Weekday,False,Clear,False,0.0,False,False,0.122,Low,36.1,11.6,80.5,0.069,0.16,0.96,Normal free-flow traffic - standard signal timing maintained
EVT400375,2025-10-30 20:59:52,Political Rally,J009,Majestic,21722,Weekday,False,Rain,True,12.2,False,False,0.722,High,17.6,51.6,277.6,0.152,0.35,0.899,Heavy rain reducing visibility and grip - reduced speed and longer buffer advised
EVT400376,2026-04-29 16:47:47,Local Market Day,J020,Malleshwaram Circle,4313,Weekday,False,Clear,False,0.0,False,False,0.672,High,17.8,47.0,147.0,0.088,0.204,0.972,Moderate traffic flow - standard adaptive signal timing in effect
EVT400377,2026-06-27 19:14:55,Concert,J020,Malleshwaram Circle,13699,Weekend,False,Clear,False,0.0,False,False,0.849,Severe,14.0,58.4,359.4,0.18,0.415,0.958,Heavy congestion detected - signal timing extended and reroute suggested
EVT400378,2025-07-16 10:47:39,Sports Fixture,J012,Koramangala Sony World,25686,Weekday,False,Clear,False,0.0,False,False,0.627,High,20.2,42.0,319.3,0.213,0.493,0.934,Moderate traffic flow - standard adaptive signal timing in effect
EVT400379,2025-05-14 21:06:03,Concert,J031,Cubbon Road,6688,Weekday,False,Clear,False,0.0,False,False,0.403,Moderate,28.5,28.0,114.8,0.107,0.248,0.979,Moderate traffic flow - standard adaptive signal timing in effect
EVT400380,2025-11-04 19:50:14,Sports Fixture,J009,Majestic,39196,Weekday,False,Clear,False,0.0,False,False,1.0,Severe,10.4,71.0,614.2,0.266,0.613,0.921,Heavy congestion detected - signal timing extended and reroute suggested
EVT400381,2026-04-19 19:17:17,Sports Fixture,J020,Malleshwaram Circle,26840,Weekend,False,Clear,False,0.0,False,False,0.901,Severe,12.4,65.3,382.8,0.177,0.409,0.94,Heavy congestion detected - signal timing extended and reroute suggested
EVT400382,2025-04-12 09:48:41,Sports Fixture,J009,Majestic,22735,Weekend,False,Light Rain,True,1.9,False,False,0.872,Severe,14.7,56.0,431.3,0.225,0.52,0.89,Heavy rain reducing visibility and grip - reduced speed and longer buffer advised
EVT400383,2026-04-23 06:11:09,Trade Fair,J009,Majestic,10445,Weekday,False,Clear,False,0.0,False,False,0.27,Low,32.5,19.0,115.5,0.088,0.204,0.931,Moderate traffic flow - standard adaptive signal timing in effect
EVT400384,2025-12-29 14:07:03,Concert,J020,Malleshwaram Circle,8248,Weekday,False,Clear,False,0.0,False,False,0.245,Low,35.9,18.6,136.2,0.147,0.339,0.958,Normal free-flow traffic - standard signal timing maintained
EVT400385,2025-06-16 07:13:51,Trade Fair,J009,Majestic,4201,Weekday,False,Rain,True,24.5,False,False,0.782,Severe,18.7,59.1,224.0,0.118,0.273,0.933,Heavy rain reducing visibility and grip - reduced speed and longer buffer advised
EVT400386,2026-05-19 08:11:54,Local Market Day,J040,City Market,3200,Weekday,False,Light Rain,True,4.6,False,False,0.94,Severe,9.4,65.1,484.1,0.183,0.422,0.896,Heavy rain reducing visibility and grip - reduced speed and longer buffer advised
EVT400387,2026-06-01 10:38:17,Trade Fair,J040,City Market,8675,Weekday,False,Clear,False,0.0,False,False,0.633,High,23.9,47.6,154.1,0.113,0.261,0.948,Moderate traffic flow - standard adaptive signal timing in effect
EVT400388,2025-04-25 21:45:32,Political Rally,J030,MG Road,27464,Weekday,False,Clear,False,0.0,False,False,0.4,Moderate,27.5,28.5,178.9,0.121,0.28,0.973,Moderate traffic flow - standard adaptive signal timing in effect
EVT400389,2025-07-30 13:22:30,Local Market Day,J012,Koramangala Sony World,4713,Weekday,False,Clear,False,0.0,False,False,0.285,Low,24.5,14.2,141.1,0.106,0.245,0.973,Moderate traffic flow - standard adaptive signal timing in effect
EVT400390,2026-04-22 18:42:09,Concert,J040,City Market,8976,Weekday,False,Clear,False,0.0,False,False,1.0,Severe,9.5,74.7,316.9,0.14,0.324,0.918,Heavy congestion detected - signal timing extended and reroute suggested
EVT400391,2025-03-24 15:18:08,Trade Fair,J009,Majestic,7985,Weekday,False,Clear,False,0.0,False,False,0.219,Low,40.4,18.8,144.0,0.126,0.292,0.989,Normal free-flow traffic - standard signal timing maintained
EVT400392,2025-06-19 18:22:53,Concert,J012,Koramangala Sony World,16448,Weekday,False,Clear,False,0.0,False,False,1.0,Severe,10.1,69.5,692.6,0.25,0.578,0.92,Heavy congestion detected - signal timing extended and reroute suggested
EVT400393,2025-05-01 13:45:50,Religious Festival,J023,Basavanagudi,34155,Weekday,True,Clear,False,0.0,False,False,0.52,Moderate,24.9,38.4,115.4,0.08,0.185,0.915,Festival crowd surge detected - alternate route and extended cycle recommended
EVT400394,2025-06-28 14:48:01,Local Market Day,J012,Koramangala Sony World,4039,Weekend,False,Fog,False,0.0,False,False,0.179,Low,32.7,16.4,136.8,0.113,0.261,0.985,Normal free-flow traffic - standard signal timing maintained
EVT400395,2025-10-11 15:44:06,Trade Fair,J009,Majestic,8695,Weekend,False,Light Rain,True,7.2,False,False,0.495,Moderate,21.4,32.4,289.6,0.182,0.421,0.904,Light rain detected - minor speed reduction advised
EVT400396,2026-01-16 14:05:50,Local Market Day,J020,Malleshwaram Circle,1970,Weekday,False,Clear,False,0.0,False,False,0.247,Low,33.5,17.4,169.3,0.129,0.297,0.961,Normal free-flow traffic - standard signal timing maintained
EVT400397,2025-04-14 16:31:00,Fireworks Display,J031,Cubbon Road,21710,Weekday,True,Clear,False,0.0,False,False,0.863,Severe,16.6,69.3,329.0,0.166,0.384,0.875,Festival crowd surge detected - alternate route and extended cycle recommended
EVT400398,2025-12-03 15:58:58,Sports Fixture,J020,Malleshwaram Circle,19879,Weekday,False,Clear,False,0.0,False,False,0.59,High,21.1,41.7,380.6,0.223,0.516,0.98,Moderate traffic flow - standard adaptive signal timing in effect
EVT400399,2025-04-01 19:34:43,Trade Fair,J031,Cubbon Road,8764,Weekday,False,Clear,False,0.0,False,False,0.862,Severe,12.6,65.1,498.3,0.232,0.536,0.946,Heavy congestion detected - signal timing extended and reroute suggested
EVT400400,2026-01-09 19:42:56,Concert,J030,MG Road,10151,Weekday,False,Clear,False,0.0,False,False,0.852,Severe,12.5,60.8,302.6,0.133,0.307,0.941,Heavy congestion detected - signal timing extended and reroute suggested
EVT400401,2025-12-07 10:00:46,Local Market Day,J040,City Market,5050,Weekend,False,Clear,False,0.0,False,False,0.795,Severe,18.7,58.9,289.7,0.208,0.481,0.953,Heavy congestion detected - signal timing extended and reroute suggested
EVT400402,2026-06-20 20:40:10,Sports Fixture,J020,Malleshwaram Circle,23325,Weekend,False,Heavy Rain,True,46.0,False,False,0.952,Severe,11.1,70.3,518.6,0.231,0.535,0.881,Heavy rain reducing visibility and grip - reduced speed and longer buffer advised
EVT400403,2025-04-14 11:47:12,Fireworks Display,J031,Cubbon Road,26077,Weekday,True,Rain,True,8.2,False,False,0.717,High,24.3,53.2,287.7,0.207,0.477,0.872,Festival crowd surge detected - alternate route and extended cycle recommended
EVT400404,2026-01-08 15:24:54,Sports Fixture,J023,Basavanagudi,28194,Weekday,False,Clear,False,0.0,False,False,0.454,Moderate,26.9,27.2,231.2,0.165,0.381,0.97,Moderate traffic flow - standard adaptive signal timing in effect
EVT400405,2025-12-23 15:33:01,Trade Fair,J031,Cubbon Road,8600,Weekday,False,Clear,False,0.0,False,False,0.396,Moderate,32.5,25.0,116.4,0.115,0.265,0.989,Moderate traffic flow - standard adaptive signal timing in effect
EVT400406,2025-10-03 07:30:59,Religious Festival,J030,MG Road,22769,Weekday,True,Clear,False,0.0,False,False,1.0,Severe,8.2,72.1,561.1,0.175,0.404,0.869,Festival crowd surge detected - alternate route and extended cycle recommended
EVT400407,2025-04-26 08:35:24,Trade Fair,J009,Majestic,4000,Weekend,False,Clear,False,0.0,False,False,0.738,High,17.2,54.0,217.6,0.13,0.301,0.968,Moderate traffic flow - standard adaptive signal timing in effect
EVT400408,2025-05-07 15:42:28,Sports Fixture,J012,Koramangala Sony World,20811,Weekday,False,Rain,True,24.5,False,False,0.762,Severe,15.9,60.8,219.0,0.129,0.298,0.924,Heavy rain reducing visibility and grip - reduced speed and longer buffer advised
EVT400409,2025-02-26 19:22:36,Sports Fixture,J040,City Market,18702,Weekday,False,Clear,False,0.0,False,False,0.999,Severe,7.4,72.5,793.8,0.245,0.567,0.923,Heavy congestion detected - signal timing extended and reroute suggested
EVT400410,2026-01-30 17:20:57,Trade Fair,J011,Indiranagar 100ft Road,8442,Weekday,False,Clear,False,0.0,False,False,0.786,Severe,18.5,53.7,431.3,0.249,0.576,0.96,Heavy congestion detected - signal timing extended and reroute suggested
EVT400411,2025-05-23 17:02:46,Concert,J023,Basavanagudi,25415,Weekday,False,Clear,False,0.0,False,False,0.891,Severe,12.7,67.4,340.5,0.175,0.405,0.923,Heavy congestion detected - signal timing extended and reroute suggested
EVT400412,2025-07-17 16:58:13,Local Market Day,J009,Majestic,3581,Weekday,False,Heavy Rain,True,32.8,False,False,1.0,Severe,7.3,72.7,597.2,0.196,0.453,0.869,Heavy rain reducing visibility and grip - reduced speed and longer buffer advised
EVT400413,2026-06-13 07:57:10,Local Market Day,J023,Basavanagudi,3464,Weekend,False,Rain,True,17.5,False,False,0.904,Severe,13.3,69.2,351.9,0.183,0.422,0.897,Heavy rain reducing visibility and grip - reduced speed and longer buffer advised
EVT400414,2025-11-30 08:37:24,Concert,J031,Cubbon Road,13726,Weekend,False,Clear,False,0.0,False,False,0.903,Severe,11.6,68.2,330.3,0.16,0.369,0.933,Heavy congestion detected - signal timing extended and reroute suggested
EVT400415,2025-07-04 08:35:09,Local Market Day,J030,MG Road,6162,Weekday,False,Rain,True,12.4,False,False,1.0,Severe,9.6,69.7,462.9,0.204,0.471,0.856,Heavy rain reducing visibility and grip - reduced speed and longer buffer advised
EVT400416,2025-02-06 16:40:17,Sports Fixture,J030,MG Road,19696,Weekday,False,Clear,False,0.0,False,False,0.744,High,17.1,54.2,115.7,0.078,0.181,0.979,Moderate traffic flow - standard adaptive signal timing in effect
EVT400417,2025-08-16 14:16:30,Religious Festival,J023,Basavanagudi,51557,Weekend,True,Clear,False,0.0,False,True,0.934,Severe,10.0,90.6,462.5,0.166,0.384,0.854,Road closure for event/procession - full detour recommended for through-traffic
EVT400418,2026-01-25 04:30:27,Local Market Day,J012,Koramangala Sony World,5900,Weekend,False,Clear,False,0.0,False,False,0.248,Low,38.8,14.7,116.6,0.111,0.257,0.982,Normal free-flow traffic - standard signal timing maintained
EVT400419,2025-02-22 19:47:02,Trade Fair,J031,Cubbon Road,8716,Weekend,False,Clear,False,0.0,False,False,0.75,High,19.9,54.7,188.5,0.112,0.26,0.951,Moderate traffic flow - standard adaptive signal timing in effect
EVT400420,2025-03-15 11:17:06,Fireworks Display,J012,Koramangala Sony World,33763,Weekend,True,Clear,False,0.0,False,False,0.822,Severe,11.9,55.7,560.9,0.231,0.533,0.893,Festival crowd surge detected - alternate route and extended cycle recommended
EVT400421,2025-06-07 05:35:57,Local Market Day,J040,City Market,11658,Weekend,False,Clear,False,0.0,False,False,0.272,Low,30.3,19.4,130.2,0.099,0.23,0.978,Moderate traffic flow - standard adaptive signal timing in effect
EVT400422,2026-02-04 17:52:46,Sports Fixture,J009,Majestic,35392,Weekday,False,Clear,False,0.0,False,False,1.0,Severe,8.5,74.0,762.2,0.264,0.611,0.922,Heavy congestion detected - signal timing extended and reroute suggested
EVT400423,2026-03-04 18:44:54,Religious Festival,J020,Malleshwaram Circle,35726,Weekday,True,Clear,False,0.0,False,True,1.0,Severe,9.1,104.8,607.8,0.229,0.528,0.85,Road closure for event/procession - full detour recommended for through-traffic
EVT400424,2026-05-07 17:19:08,Trade Fair,J040,City Market,13687,Weekday,False,Clear,False,0.0,False,False,0.92,Severe,10.8,68.1,375.3,0.185,0.427,0.917,Heavy congestion detected - signal timing extended and reroute suggested
EVT400425,2025-05-16 09:03:23,Local Market Day,J012,Koramangala Sony World,3014,Weekday,False,Light Rain,True,6.0,False,False,1.0,Severe,9.0,71.8,433.5,0.17,0.394,0.849,Heavy rain reducing visibility and grip - reduced speed and longer buffer advised
EVT400426,2026-01-05 13:37:34,Local Market Day,J011,Indiranagar 100ft Road,2865,Weekday,False,Light Rain,True,4.3,False,False,0.373,Moderate,22.6,23.9,127.6,0.059,0.137,0.897,Light rain detected - minor speed reduction advised
EVT400427,2025-02-10 12:28:04,Political Rally,J011,Indiranagar 100ft Road,17703,Weekday,False,Clear,False,0.0,False,False,0.32,Low,31.0,18.0,109.3,0.097,0.223,0.949,Moderate traffic flow - standard adaptive signal timing in effect
EVT400428,2025-12-23 11:42:45,Local Market Day,J020,Malleshwaram Circle,5235,Weekday,False,Clear,False,0.0,False,False,0.268,Low,34.7,21.9,138.7,0.117,0.271,0.95,Moderate traffic flow - standard adaptive signal timing in effect
EVT400429,2025-12-19 21:32:08,Sports Fixture,J031,Cubbon Road,23099,Weekday,False,Clear,False,0.0,False,False,0.365,Moderate,30.8,24.2,180.9,0.144,0.333,0.959,Moderate traffic flow - standard adaptive signal timing in effect
EVT400430,2025-01-23 08:03:02,Trade Fair,J012,Koramangala Sony World,12838,Weekday,False,Clear,False,0.0,False,False,0.876,Severe,9.8,61.7,566.1,0.191,0.442,0.954,Heavy congestion detected - signal timing extended and reroute suggested
EVT400431,2026-04-09 20:18:23,Sports Fixture,J009,Majestic,29818,Weekday,False,Clear,False,0.0,False,False,0.771,Severe,16.5,61.2,394.0,0.237,0.548,0.937,Heavy congestion detected - signal timing extended and reroute suggested
EVT400432,2025-03-30 15:03:26,Religious Festival,J009,Majestic,46223,Weekend,True,Clear,False,0.0,True,True,1.0,Severe,9.4,103.3,330.0,0.147,0.339,0.67,Road closure for event/procession - full detour recommended for through-traffic
EVT400433,2026-03-21 08:46:15,Concert,J011,Indiranagar 100ft Road,6844,Weekend,False,Clear,False,0.0,False,False,0.83,Severe,14.2,62.6,396.4,0.216,0.498,0.947,Heavy congestion detected - signal timing extended and reroute suggested
EVT400434,2025-05-11 06:20:15,Sports Fixture,J023,Basavanagudi,16759,Weekend,False,Clear,False,0.0,False,False,0.478,Moderate,27.9,35.1,188.5,0.165,0.382,0.957,Moderate traffic flow - standard adaptive signal timing in effect
EVT400435,2025-05-06 09:34:22,Local Market Day,J031,Cubbon Road,3309,Weekday,False,Rain,True,14.7,False,False,1.0,Severe,8.1,70.9,673.4,0.212,0.489,0.852,Heavy rain reducing visibility and grip - reduced speed and longer buffer advised
EVT400436,2025-02-10 19:31:18,Sports Fixture,J012,Koramangala Sony World,28819,Weekday,False,Clear,False,0.0,False,False,1.0,Severe,8.0,75.9,588.5,0.201,0.465,0.928,Heavy congestion detected - signal timing extended and reroute suggested
EVT400437,2026-05-03 14:33:08,Sports Fixture,J031,Cubbon Road,24763,Weekend,False,Clear,False,0.0,False,False,0.456,Moderate,15.0,31.2,375.2,0.157,0.363,0.96,Moderate traffic flow - standard adaptive signal timing in effect
EVT400438,2025-08-15 07:21:28,Religious Festival,J009,Majestic,25421,Weekday,True,Clear,False,0.0,False,False,0.91,Severe,12.6,63.3,339.3,0.151,0.35,0.887,Festival crowd surge detected - alternate route and extended cycle recommended
EVT400439,2025-12-05 09:59:42,Sports Fixture,J030,MG Road,34705,Weekday,False,Clear,False,0.0,False,False,1.0,Severe,8.8,66.0,632.1,0.249,0.575,0.916,Heavy congestion detected - signal timing extended and reroute suggested
EVT400440,2026-05-04 06:34:25,Concert,J012,Koramangala Sony World,18913,Weekday,False,Clear,False,0.0,False,False,0.364,Moderate,21.7,30.1,293.1,0.162,0.374,0.977,Moderate traffic flow - standard adaptive signal timing in effect
EVT400441,2026-03-23 16:56:34,Political Rally,J030,MG Road,20561,Weekday,False,Clear,False,0.0,False,False,0.791,Severe,13.7,59.4,220.2,0.091,0.211,0.966,Heavy congestion detected - signal timing extended and reroute suggested
EVT400442,2025-03-18 18:22:47,Sports Fixture,J009,Majestic,26956,Weekday,False,Light Rain,True,5.2,True,False,1.0,Severe,8.0,78.6,490.1,0.159,0.368,0.702,Accident detected nearby - reroute and reduced speed advised
EVT400443,2025-04-24 15:19:22,Trade Fair,J031,Cubbon Road,6669,Weekday,False,Clear,False,0.0,False,False,0.287,Low,30.8,17.1,81.1,0.061,0.141,0.953,Moderate traffic flow - standard adaptive signal timing in effect
EVT400444,2025-02-03 06:39:08,Concert,J030,MG Road,13168,Weekday,False,Clear,False,0.0,False,False,0.329,Low,32.2,25.0,68.5,0.07,0.161,0.981,Moderate traffic flow - standard adaptive signal timing in effect
EVT400445,2025-06-16 13:20:54,Political Rally,J030,MG Road,14648,Weekday,False,Light Rain,True,6.7,False,False,0.297,Low,24.3,15.1,157.0,0.11,0.255,0.939,Light rain detected - minor speed reduction advised
EVT400446,2025-02-19 17:42:08,Trade Fair,J009,Majestic,7945,Weekday,False,Clear,False,0.0,False,False,0.951,Severe,11.9,66.1,416.8,0.173,0.399,0.919,Heavy congestion detected - signal timing extended and reroute suggested
EVT400447,2025-08-08 18:08:18,Trade Fair,J012,Koramangala Sony World,5756,Weekday,False,Rain,True,9.1,False,False,1.0,Severe,7.3,74.0,617.0,0.205,0.474,0.881,Heavy rain reducing visibility and grip - reduced speed and longer buffer advised
EVT400448,2025-02-20 14:27:29,Trade Fair,J011,Indiranagar 100ft Road,11665,Weekday,False,Clear,False,0.0,False,False,0.213,Low,42.2,13.7,50.6,0.074,0.171,0.971,Normal free-flow traffic - standard signal timing maintained
EVT400449,2025-03-11 10:49:46,Sports Fixture,J011,Indiranagar 100ft Road,24704,Weekday,False,Clear,False,0.0,False,False,0.589,High,18.2,42.1,328.7,0.184,0.424,0.967,Moderate traffic flow - standard adaptive signal timing in effect
EVT400450,2026-06-17 11:23:08,Sports Fixture,J031,Cubbon Road,14611,Weekday,False,Light Rain,True,4.6,False,False,0.506,Moderate,21.8,32.7,302.8,0.192,0.444,0.917,Light rain detected - minor speed reduction advised
EVT400451,2026-04-24 06:13:00,Trade Fair,J023,Basavanagudi,9394,Weekday,False,Clear,False,0.0,False,False,0.275,Low,20.7,15.3,245.1,0.133,0.306,0.955,Moderate traffic flow - standard adaptive signal timing in effect
EVT400452,2025-02-26 12:54:15,Trade Fair,J031,Cubbon Road,11909,Weekday,False,Clear,False,0.0,False,False,0.261,Low,26.9,15.6,157.6,0.111,0.256,0.941,Moderate traffic flow - standard adaptive signal timing in effect
EVT400453,2026-03-01 10:07:02,Local Market Day,J020,Malleshwaram Circle,2930,Weekend,False,Clear,False,0.0,False,False,0.64,High,19.0,43.8,336.7,0.198,0.457,0.952,Moderate traffic flow - standard adaptive signal timing in effect
EVT400454,2025-01-13 08:03:09,Concert,J009,Majestic,9091,Weekday,False,Clear,False,0.0,False,False,0.834,Severe,15.6,63.6,351.2,0.209,0.483,0.922,Heavy congestion detected - signal timing extended and reroute suggested
EVT400455,2026-03-04 06:15:59,Fireworks Display,J031,Cubbon Road,34182,Weekday,True,Clear,False,0.0,False,False,0.656,High,18.7,51.6,268.4,0.179,0.414,0.908,Festival crowd surge detected - alternate route and extended cycle recommended
EVT400456,2025-10-14 11:29:20,Local Market Day,J030,MG Road,4089,Weekday,False,Clear,False,0.0,False,False,0.291,Low,33.2,20.9,114.7,0.095,0.219,0.99,Moderate traffic flow - standard adaptive signal timing in effect
EVT400457,2025-05-05 18:47:28,Trade Fair,J040,City Market,11291,Weekday,False,Clear,False,0.0,False,False,1.0,Severe,8.0,80.1,593.9,0.205,0.474,0.918,Heavy congestion detected - signal timing extended and reroute suggested
EVT400458,2026-04-29 09:27:48,Local Market Day,J009,Majestic,4522,Weekday,False,Clear,False,0.0,False,False,0.891,Severe,11.6,63.4,355.5,0.152,0.352,0.937,Heavy congestion detected - signal timing extended and reroute suggested
EVT400459,2025-05-01 17:58:50,Cultural Procession,J030,MG Road,30647,Weekday,True,Light Rain,True,7.3,False,True,1.0,Severe,7.3,93.5,508.5,0.166,0.382,0.783,Road closure for event/procession - full detour recommended for through-traffic
EVT400460,2025-12-08 14:20:23,Trade Fair,J040,City Market,7458,Weekday,False,Clear,False,0.0,False,False,0.266,Low,30.2,19.2,199.5,0.179,0.413,0.963,Moderate traffic flow - standard adaptive signal timing in effect
EVT400461,2025-03-28 10:42:49,Concert,J030,MG Road,14419,Weekday,False,Clear,False,0.0,False,False,0.588,High,23.2,42.3,238.3,0.149,0.344,0.99,Moderate traffic flow - standard adaptive signal timing in effect
EVT400462,2026-05-30 19:58:00,Political Rally,J040,City Market,12506,Weekend,False,Light Rain,True,3.9,False,False,0.844,Severe,13.1,59.7,245.7,0.109,0.251,0.926,Heavy rain reducing visibility and grip - reduced speed and longer buffer advised
EVT400463,2025-03-31 10:58:44,Religious Festival,J023,Basavanagudi,37212,Weekday,True,Clear,False,0.0,False,False,0.894,Severe,15.0,60.9,173.5,0.105,0.243,0.897,Festival crowd surge detected - alternate route and extended cycle recommended
EVT400464,2025-10-25 04:23:21,Local Market Day,J040,City Market,4556,Weekend,False,Fog,False,0.0,False,False,0.21,Low,31.9,13.8,279.6,0.206,0.476,0.987,Normal free-flow traffic - standard signal timing maintained
EVT400465,2026-05-01 07:14:33,Religious Festival,J030,MG Road,54783,Weekday,True,Clear,False,0.0,False,True,1.0,Severe,8.5,113.2,443.6,0.171,0.396,0.838,Road closure for event/procession - full detour recommended for through-traffic
EVT400466,2026-04-03 14:55:28,Concert,J031,Cubbon Road,11840,Weekday,False,Clear,False,0.0,False,False,0.27,Low,33.5,19.8,129.5,0.105,0.242,0.936,Moderate traffic flow - standard adaptive signal timing in effect
EVT400467,2025-06-14 00:50:44,Sports Fixture,J011,Indiranagar 100ft Road,33000,Weekend,False,Clear,False,0.0,False,False,0.437,Moderate,28.7,27.8,96.4,0.076,0.176,0.973,Moderate traffic flow - standard adaptive signal timing in effect
EVT400468,2026-03-25 09:31:46,Sports Fixture,J030,MG Road,28719,Weekday,False,Clear,False,0.0,False,False,1.0,Severe,9.0,70.7,666.6,0.24,0.553,0.899,Heavy congestion detected - signal timing extended and reroute suggested
EVT400469,2025-03-13 21:06:09,Sports Fixture,J012,Koramangala Sony World,40385,Weekday,False,Clear,False,0.0,False,False,0.599,High,16.8,42.4,114.6,0.051,0.117,0.937,Moderate traffic flow - standard adaptive signal timing in effect
EVT400470,2025-10-22 09:18:18,Cultural Procession,J012,Koramangala Sony World,25774,Weekday,True,Clear,False,0.0,False,True,1.0,Severe,10.0,99.8,243.2,0.138,0.318,0.848,Road closure for event/procession - full detour recommended for through-traffic
EVT400471,2026-01-06 16:58:51,Concert,J020,Malleshwaram Circle,10619,Weekday,False,Clear,False,0.0,False,False,0.773,Severe,15.6,59.7,129.1,0.071,0.164,0.959,Heavy congestion detected - signal timing extended and reroute suggested
EVT400472,2026-04-16 06:06:53,Concert,J012,Koramangala Sony World,11940,Weekday,False,Clear,False,0.0,False,False,0.339,Low,34.8,20.2,94.1,0.086,0.198,0.917,Moderate traffic flow - standard adaptive signal timing in effect
EVT400473,2025-10-04 18:57:58,Sports Fixture,J040,City Market,24247,Weekend,False,Light Rain,True,1.1,False,False,1.0,Severe,7.8,76.1,386.5,0.135,0.311,0.863,Heavy rain reducing visibility and grip - reduced speed and longer buffer advised
EVT400474,2025-02-12 21:44:06,Local Market Day,J020,Malleshwaram Circle,8979,Weekday,False,Clear,False,0.0,False,False,0.33,Low,27.7,24.4,156.6,0.105,0.243,0.97,Moderate traffic flow - standard adaptive signal timing in effect
EVT400475,2025-02-19 21:41:30,Concert,J011,Indiranagar 100ft Road,12429,Weekday,False,Clear,False,0.0,False,False,0.271,Low,30.1,20.9,130.4,0.092,0.212,0.947,Moderate traffic flow - standard adaptive signal timing in effect
EVT400476,2026-06-05 11:02:01,Sports Fixture,J030,MG Road,20486,Weekday,False,Clear,False,0.0,False,False,0.543,Moderate,17.0,35.5,342.2,0.184,0.424,0.979,Moderate traffic flow - standard adaptive signal timing in effect
EVT400477,2026-04-17 09:06:41,Local Market Day,J020,Malleshwaram Circle,5515,Weekday,False,Clear,False,0.0,False,False,1.0,Severe,10.3,75.6,387.7,0.15,0.348,0.89,Heavy congestion detected - signal timing extended and reroute suggested
EVT400478,2025-11-20 08:57:13,Local Market Day,J040,City Market,3465,Weekday,False,Clear,False,0.0,False,False,0.999,Severe,9.1,71.8,458.8,0.178,0.412,0.919,Heavy congestion detected - signal timing extended and reroute suggested
EVT400479,2025-07-09 16:37:39,Trade Fair,J009,Majestic,13958,Weekday,False,Clear,False,0.0,False,False,0.664,High,20.0,46.9,302.4,0.222,0.512,0.982,Moderate traffic flow - standard adaptive signal timing in effect
EVT400480,2025-04-18 08:36:40,Concert,J031,Cubbon Road,10999,Weekday,False,Clear,False,0.0,False,False,1.0,Severe,8.1,72.9,549.1,0.202,0.467,0.907,Heavy congestion detected - signal timing extended and reroute suggested
EVT400481,2025-01-02 09:10:34,Local Market Day,J040,City Market,5043,Weekday,False,Clear,False,0.0,False,False,0.987,Severe,9.3,74.4,696.2,0.246,0.569,0.914,Heavy congestion detected - signal timing extended and reroute suggested
EVT400482,2026-02-16 09:19:25,Political Rally,J009,Majestic,17211,Weekday,False,Clear,False,0.0,False,False,1.0,Severe,7.3,68.7,578.0,0.185,0.427,0.925,Heavy congestion detected - signal timing extended and reroute suggested
EVT400483,2026-04-13 20:27:19,Concert,J023,Basavanagudi,8653,Weekday,False,Clear,False,0.0,False,False,0.602,High,21.5,54.6,232.9,0.163,0.377,0.981,Moderate traffic flow - standard adaptive signal timing in effect
EVT400484,2025-09-21 20:28:52,Trade Fair,J020,Malleshwaram Circle,10838,Weekend,False,Clear,False,0.0,False,False,0.556,High,26.1,36.3,286.5,0.222,0.512,0.968,Moderate traffic flow - standard adaptive signal timing in effect
EVT400485,2026-02-25 20:23:31,Local Market Day,J011,Indiranagar 100ft Road,4037,Weekday,False,Clear,False,0.0,False,False,0.592,High,17.9,35.2,164.7,0.104,0.241,0.965,Moderate traffic flow - standard adaptive signal timing in effect
EVT400486,2025-06-09 21:12:20,Local Market Day,J031,Cubbon Road,6878,Weekday,False,Heavy Rain,True,43.9,False,False,0.788,Severe,12.1,59.5,274.7,0.128,0.296,0.906,Heavy rain reducing visibility and grip - reduced speed and longer buffer advised
EVT400487,2025-12-30 06:00:04,Political Rally,J040,City Market,19008,Weekday,False,Clear,False,0.0,False,False,0.329,Low,24.9,24.5,141.6,0.096,0.221,0.962,Moderate traffic flow - standard adaptive signal timing in effect
EVT400488,2025-08-28 19:41:39,Cultural Procession,J023,Basavanagudi,28784,Weekday,True,Clear,False,0.0,False,True,1.0,Severe,6.8,99.6,531.8,0.151,0.349,0.836,Road closure for event/procession - full detour recommended for through-traffic
EVT400489,2025-07-26 06:10:23,Concert,J009,Majestic,16502,Weekend,False,Clear,False,0.0,False,False,0.425,Moderate,28.8,28.6,209.9,0.172,0.397,0.968,Moderate traffic flow - standard adaptive signal timing in effect
EVT400490,2025-10-02 21:15:27,Religious Festival,J030,MG Road,32063,Weekday,True,Clear,False,0.0,False,False,0.793,Severe,17.4,53.4,304.8,0.179,0.413,0.912,Festival crowd surge detected - alternate route and extended cycle recommended
EVT400491,2026-05-07 15:46:19,Sports Fixture,J020,Malleshwaram Circle,26974,Weekday,False,Clear,False,0.0,False,False,0.578,High,16.7,44.5,191.9,0.094,0.216,0.98,Moderate traffic flow - standard adaptive signal timing in effect
EVT400492,2026-04-06 15:26:03,Sports Fixture,J009,Majestic,19718,Weekday,False,Clear,False,0.0,False,False,0.381,Moderate,27.9,26.5,187.9,0.159,0.367,0.962,Moderate traffic flow - standard adaptive signal timing in effect
EVT400493,2025-10-20 17:43:34,Fireworks Display,J040,City Market,23430,Weekday,True,Clear,False,0.0,False,False,1.0,Severe,8.8,70.5,344.8,0.133,0.307,0.863,Festival crowd surge detected - alternate route and extended cycle recommended
EVT400494,2026-01-29 19:28:26,Sports Fixture,J012,Koramangala Sony World,18914,Weekday,False,Clear,False,0.0,False,False,0.978,Severe,8.5,72.6,201.8,0.098,0.227,0.913,Heavy congestion detected - signal timing extended and reroute suggested
EVT400495,2026-03-28 19:19:48,Concert,J023,Basavanagudi,7869,Weekend,False,Clear,False,0.0,False,False,0.749,High,17.1,54.6,329.8,0.203,0.468,0.974,Moderate traffic flow - standard adaptive signal timing in effect
EVT400496,2026-01-15 17:46:39,Religious Festival,J023,Basavanagudi,62504,Weekday,True,Clear,False,0.0,False,False,1.0,Severe,9.3,74.8,345.8,0.156,0.36,0.828,Festival crowd surge detected - alternate route and extended cycle recommended
EVT400497,2025-02-13 08:12:33,Sports Fixture,J012,Koramangala Sony World,20317,Weekday,False,Clear,False,0.0,False,False,0.997,Severe,8.6,67.0,374.2,0.139,0.321,0.927,Heavy congestion detected - signal timing extended and reroute suggested
EVT400498,2025-02-11 15:43:59,Trade Fair,J023,Basavanagudi,9656,Weekday,False,Clear,False,0.0,False,False,0.35,Moderate,25.5,22.4,177.0,0.105,0.242,0.977,Moderate traffic flow - standard adaptive signal timing in effect
EVT400499,2025-12-15 17:39:51,Local Market Day,J023,Basavanagudi,4273,Weekday,False,Fog,False,0.0,False,False,0.797,Severe,18.5,53.5,300.0,0.185,0.427,0.952,Heavy congestion detected - signal timing extended and reroute suggested
EVT400500,2026-01-15 06:43:14,Fireworks Display,J020,Malleshwaram Circle,33116,Weekday,True,Clear,False,0.0,False,False,0.744,High,18.4,51.2,327.0,0.204,0.472,0.906,Festival crowd surge detected - alternate route and extended cycle recommended
EVT400501,2025-03-02 06:19:42,Trade Fair,J009,Majestic,6785,Weekend,False,Clear,False,0.0,False,False,0.313,Low,20.5,15.7,143.3,0.097,0.224,0.971,Moderate traffic flow - standard adaptive signal timing in effect
EVT400502,2026-01-25 10:24:19,Local Market Day,J040,City Market,4618,Weekend,False,Clear,False,0.0,False,False,0.664,High,18.7,53.1,558.9,0.326,0.754,0.948,Moderate traffic flow - standard adaptive signal timing in effect
EVT400503,2025-01-09 21:58:16,Political Rally,J011,Indiranagar 100ft Road,15228,Weekday,False,Clear,False,0.0,False,False,0.248,Low,30.9,17.8,171.2,0.158,0.364,0.95,Normal free-flow traffic - standard signal timing maintained
EVT400504,2025-06-04 11:14:06,Concert,J020,Malleshwaram Circle,10471,Weekday,False,Rain,True,17.7,False,False,0.55,Moderate,20.0,45.3,281.7,0.165,0.381,0.92,Light rain detected - minor speed reduction advised
EVT400505,2025-10-07 09:38:51,Trade Fair,J030,MG Road,7871,Weekday,False,Clear,False,0.0,False,False,0.947,Severe,9.0,69.5,347.8,0.123,0.283,0.928,Heavy congestion detected - signal timing extended and reroute suggested
EVT400506,2026-05-01 18:18:52,Religious Festival,J031,Cubbon Road,32587,Weekday,True,Rain,True,20.9,False,True,1.0,Severe,10.1,102.4,518.0,0.204,0.472,0.795,Road closure for event/procession - full detour recommended for through-traffic
EVT400507,2025-12-30 19:28:26,Trade Fair,J031,Cubbon Road,5752,Weekday,False,Clear,False,0.0,False,False,0.87,Severe,14.7,61.2,239.4,0.126,0.29,0.951,Heavy congestion detected - signal timing extended and reroute suggested
EVT400508,2026-05-07 17:31:01,Concert,J031,Cubbon Road,10397,Weekday,False,Clear,False,0.0,False,False,0.864,Severe,14.8,59.6,228.2,0.123,0.284,0.923,Heavy congestion detected - signal timing extended and reroute suggested
EVT400509,2025-03-15 18:33:42,Fireworks Display,J011,Indiranagar 100ft Road,48263,Weekend,True,Clear,False,0.0,False,False,1.0,Severe,9.9,73.3,466.0,0.194,0.448,0.87,Festival crowd surge detected - alternate route and extended cycle recommended
EVT400510,2026-01-24 10:01:11,Sports Fixture,J011,Indiranagar 100ft Road,11216,Weekend,False,Clear,False,0.0,False,False,0.811,Severe,13.0,61.1,700.1,0.335,0.774,0.964,Heavy congestion detected - signal timing extended and reroute suggested
EVT400511,2025-04-21 20:54:09,Local Market Day,J031,Cubbon Road,4875,Weekday,False,Clear,False,0.0,False,False,0.441,Moderate,22.5,29.8,279.0,0.214,0.494,0.963,Moderate traffic flow - standard adaptive signal timing in effect
EVT400512,2025-01-08 17:04:03,Political Rally,J040,City Market,25358,Weekday,False,Clear,False,0.0,False,False,0.883,Severe,15.2,65.9,388.3,0.215,0.497,0.939,Heavy congestion detected - signal timing extended and reroute suggested
EVT400513,2025-10-01 09:46:17,Concert,J040,City Market,6361,Weekday,False,Clear,False,0.0,False,False,0.911,Severe,10.9,66.6,426.4,0.208,0.48,0.914,Heavy congestion detected - signal timing extended and reroute suggested
EVT400514,2026-04-09 16:05:01,Local Market Day,J020,Malleshwaram Circle,4031,Weekday,False,Clear,False,0.0,False,False,0.419,Moderate,33.4,35.0,173.2,0.166,0.384,0.98,Moderate traffic flow - standard adaptive signal timing in effect
EVT400515,2025-04-08 08:59:14,Sports Fixture,J020,Malleshwaram Circle,20986,Weekday,False,Clear,False,0.0,False,False,1.0,Severe,7.6,74.0,637.2,0.209,0.483,0.904,Heavy congestion detected - signal timing extended and reroute suggested
EVT400516,2025-06-25 08:56:58,Political Rally,J020,Malleshwaram Circle,16144,Weekday,False,Clear,False,0.0,False,False,1.0,Severe,7.1,70.3,458.7,0.14,0.324,0.912,Heavy congestion detected - signal timing extended and reroute suggested
EVT400517,2025-04-28 15:37:59,Concert,J009,Majestic,6625,Weekday,False,Clear,False,0.0,False,False,0.332,Low,27.3,24.4,285.6,0.202,0.466,0.967,Moderate traffic flow - standard adaptive signal timing in effect
EVT400518,2026-01-24 08:30:25,Concert,J012,Koramangala Sony World,8530,Weekend,False,Clear,False,0.0,False,False,0.895,Severe,10.1,66.8,480.4,0.203,0.469,0.931,Heavy congestion detected - signal timing extended and reroute suggested
EVT400519,2025-03-20 07:58:08,Sports Fixture,J020,Malleshwaram Circle,32106,Weekday,False,Clear,False,0.0,False,False,0.921,Severe,10.1,63.4,410.4,0.18,0.417,0.931,Heavy congestion detected - signal timing extended and reroute suggested
EVT400520,2025-08-23 07:51:52,Sports Fixture,J009,Majestic,15018,Weekend,False,Heavy Rain,True,37.6,False,False,1.0,Severe,7.4,73.4,232.9,0.078,0.179,0.875,Heavy rain reducing visibility and grip - reduced speed and longer buffer advised
EVT400521,2026-01-23 09:30:07,Political Rally,J023,Basavanagudi,12068,Weekday,False,Clear,False,0.0,False,False,0.94,Severe,9.3,64.5,435.4,0.159,0.368,0.926,Heavy congestion detected - signal timing extended and reroute suggested
EVT400522,2026-01-07 00:54:26,Political Rally,J030,MG Road,11814,Weekday,False,Clear,False,0.0,False,False,0.183,Low,33.3,11.7,78.8,0.086,0.199,0.972,Normal free-flow traffic - standard signal timing maintained
EVT400523,2025-11-30 20:47:27,Concert,J009,Majestic,19457,Weekend,False,Clear,False,0.0,False,False,0.54,Moderate,18.8,39.4,237.4,0.132,0.304,0.942,Moderate traffic flow - standard adaptive signal timing in effect
EVT400524,2025-09-20 19:23:52,Trade Fair,J030,MG Road,13054,Weekend,False,Fog,False,0.0,False,False,0.859,Severe,11.3,63.3,237.0,0.11,0.253,0.904,Heavy congestion detected - signal timing extended and reroute suggested
EVT400525,2026-03-24 14:28:05,Local Market Day,J009,Majestic,4908,Weekday,False,Clear,False,0.0,False,False,0.201,Low,36.7,11.9,181.9,0.181,0.419,0.948,Normal free-flow traffic - standard signal timing maintained
EVT400526,2026-05-05 02:27:32,Sports Fixture,J031,Cubbon Road,26435,Weekday,False,Light Rain,True,5.5,False,False,0.322,Low,24.6,23.5,200.0,0.137,0.316,0.916,Light rain detected - minor speed reduction advised
EVT400527,2025-04-01 14:23:40,Sports Fixture,J040,City Market,70365,Weekday,False,Clear,False,0.0,False,False,0.604,High,16.0,44.4,414.3,0.221,0.511,0.968,Moderate traffic flow - standard adaptive signal timing in effect
EVT400528,2025-03-26 17:08:43,Concert,J031,Cubbon Road,11188,Weekday,False,Clear,False,0.0,False,False,0.876,Severe,12.5,68.1,463.1,0.227,0.523,0.928,Heavy congestion detected - signal timing extended and reroute suggested
EVT400529,2025-06-19 15:54:26,Trade Fair,J020,Malleshwaram Circle,8490,Weekday,False,Fog,False,0.0,False,False,0.397,Moderate,31.9,30.8,130.8,0.126,0.29,0.99,Moderate traffic flow - standard adaptive signal timing in effect
EVT400530,2025-10-16 19:31:45,Local Market Day,J012,Koramangala Sony World,5409,Weekday,False,Clear,False,0.0,False,False,0.836,Severe,13.3,61.5,385.4,0.204,0.472,0.949,Heavy congestion detected - signal timing extended and reroute suggested
EVT400531,2025-04-15 20:51:54,Religious Festival,J009,Majestic,36370,Weekday,True,Clear,False,0.0,False,False,0.88,Severe,9.6,61.8,221.0,0.109,0.251,0.866,Festival crowd surge detected - alternate route and extended cycle recommended
EVT400532,2025-07-03 19:28:15,Concert,J040,City Market,8166,Weekday,False,Clear,False,0.0,False,False,0.85,Severe,15.0,63.5,285.6,0.148,0.341,0.947,Heavy congestion detected - signal timing extended and reroute suggested
EVT400533,2025-02-27 21:31:00,Sports Fixture,J012,Koramangala Sony World,16926,Weekday,False,Fog,False,0.0,False,False,0.319,Low,36.9,28.4,106.9,0.095,0.219,0.949,Moderate traffic flow - standard adaptive signal timing in effect
EVT400534,2025-08-01 15:17:38,Trade Fair,J012,Koramangala Sony World,8228,Weekday,False,Rain,True,17.2,False,False,0.482,Moderate,27.0,31.0,185.3,0.157,0.362,0.933,Light rain detected - minor speed reduction advised
EVT400535,2025-09-19 14:51:09,Trade Fair,J040,City Market,8331,Weekday,False,Clear,False,0.0,False,False,0.277,Low,33.0,27.6,178.6,0.157,0.363,0.964,Moderate traffic flow - standard adaptive signal timing in effect
EVT400536,2025-02-13 19:36:35,Local Market Day,J012,Koramangala Sony World,4635,Weekday,False,Clear,False,0.0,False,False,0.863,Severe,14.8,62.8,309.6,0.173,0.399,0.956,Heavy congestion detected - signal timing extended and reroute suggested
EVT400537,2025-01-14 18:44:51,Cultural Procession,J030,MG Road,20986,Weekday,True,Clear,False,0.0,False,True,1.0,Severe,10.5,103.6,542.1,0.214,0.495,0.848,Road closure for event/procession - full detour recommended for through-traffic
EVT400538,2025-04-06 22:22:07,Cultural Procession,J012,Koramangala Sony World,29009,Weekend,True,Clear,False,0.0,False,False,0.643,High,19.7,45.7,296.9,0.196,0.452,0.906,Festival crowd surge detected - alternate route and extended cycle recommended
EVT400539,2025-12-11 18:00:51,Local Market Day,J009,Majestic,5896,Weekday,False,Rain,True,8.9,False,False,1.0,Severe,6.7,75.0,733.6,0.212,0.489,0.878,Heavy rain reducing visibility and grip - reduced speed and longer buffer advised
EVT400540,2026-05-08 16:05:49,Sports Fixture,J020,Malleshwaram Circle,30623,Weekday,False,Clear,False,0.0,False,False,0.661,High,23.6,44.8,251.1,0.168,0.388,0.937,Moderate traffic flow - standard adaptive signal timing in effect
EVT400541,2025-06-23 15:05:51,Local Market Day,J030,MG Road,3243,Weekday,False,Heavy Rain,True,26.4,False,False,0.608,High,21.0,43.2,245.8,0.176,0.406,0.918,Heavy rain reducing visibility and grip - reduced speed and longer buffer advised
EVT400542,2025-06-09 17:09:12,Local Market Day,J011,Indiranagar 100ft Road,10556,Weekday,False,Clear,False,0.0,False,False,0.868,Severe,16.3,58.6,208.8,0.121,0.28,0.95,Heavy congestion detected - signal timing extended and reroute suggested
EVT400543,2025-09-28 13:41:19,Sports Fixture,J020,Malleshwaram Circle,23915,Weekend,False,Rain,True,18.9,False,False,0.587,High,21.0,44.4,281.5,0.184,0.425,0.892,Heavy rain reducing visibility and grip - reduced speed and longer buffer advised
EVT400544,2026-02-14 15:56:17,Local Market Day,J009,Majestic,4097,Weekend,False,Clear,False,0.0,False,False,0.431,Moderate,19.1,32.1,203.2,0.095,0.22,0.973,Moderate traffic flow - standard adaptive signal timing in effect
EVT400545,2025-10-15 14:47:24,Trade Fair,J031,Cubbon Road,7525,Weekday,False,Light Rain,True,6.6,False,False,0.315,Low,31.6,23.0,62.3,0.017,0.04,0.907,Light rain detected - minor speed reduction advised
EVT400546,2025-12-19 12:05:00,Sports Fixture,J020,Malleshwaram Circle,19118,Weekday,False,Fog,False,0.0,False,False,0.35,Moderate,25.7,34.4,193.8,0.121,0.279,0.966,Moderate traffic flow - standard adaptive signal timing in effect
EVT400547,2025-06-05 08:23:50,Trade Fair,J009,Majestic,10119,Weekday,False,Heavy Rain,True,30.0,False,False,1.0,Severe,7.0,72.7,673.7,0.205,0.473,0.879,Heavy rain reducing visibility and grip - reduced speed and longer buffer advised
EVT400548,2025-04-02 18:27:05,Concert,J030,MG Road,7559,Weekday,False,Rain,True,10.0,False,False,1.0,Severe,10.7,79.4,424.5,0.193,0.447,0.876,Heavy rain reducing visibility and grip - reduced speed and longer buffer advised
EVT400549,2026-05-19 08:27:04,Political Rally,J023,Basavanagudi,26363,Weekday,False,Clear,False,0.0,False,False,1.0,Severe,8.6,73.0,753.9,0.256,0.591,0.919,Heavy congestion detected - signal timing extended and reroute suggested
EVT400550,2025-09-30 08:14:23,Trade Fair,J009,Majestic,10385,Weekday,False,Clear,False,0.0,False,False,0.924,Severe,8.6,58.0,770.1,0.265,0.612,0.958,Heavy congestion detected - signal timing extended and reroute suggested
EVT400551,2025-10-03 08:30:17,Cultural Procession,J020,Malleshwaram Circle,12713,Weekday,True,Clear,False,0.0,False,False,1.0,Severe,9.0,63.5,697.8,0.243,0.561,0.854,Festival crowd surge detected - alternate route and extended cycle recommended
EVT400552,2025-01-09 16:12:40,Sports Fixture,J009,Majestic,59609,Weekday,False,Clear,False,0.0,False,False,0.794,Severe,16.6,54.6,227.5,0.126,0.292,0.955,Heavy congestion detected - signal timing extended and reroute suggested
EVT400553,2025-05-08 10:01:00,Concert,J023,Basavanagudi,8522,Weekday,False,Heavy Rain,True,34.1,False,False,1.0,Severe,8.4,72.2,659.3,0.226,0.521,0.868,Heavy rain reducing visibility and grip - reduced speed and longer buffer advised
EVT400554,2025-10-22 21:21:58,Cultural Procession,J011,Indiranagar 100ft Road,17739,Weekday,True,Clear,False,0.0,False,True,0.677,Moderate,21.9,72.8,198.1,0.134,0.308,0.877,Road closure for event/procession - full detour recommended for through-traffic
EVT400555,2025-01-10 09:07:53,Concert,J009,Majestic,12647,Weekday,False,Light Rain,True,2.2,False,False,1.0,Severe,10.6,76.8,493.7,0.216,0.5,0.859,Heavy rain reducing visibility and grip - reduced speed and longer buffer advised
EVT400556,2026-03-08 20:44:40,Local Market Day,J020,Malleshwaram Circle,5461,Weekend,False,Clear,False,0.0,False,False,0.548,Moderate,23.4,37.7,180.6,0.123,0.284,0.976,Moderate traffic flow - standard adaptive signal timing in effect
EVT400557,2025-07-05 18:56:05,Sports Fixture,J009,Majestic,21894,Weekend,False,Clear,False,0.0,False,False,0.983,Severe,11.0,72.7,538.7,0.241,0.557,0.907,Heavy congestion detected - signal timing extended and reroute suggested
EVT400558,2026-04-13 09:42:28,Trade Fair,J012,Koramangala Sony World,7058,Weekday,False,Clear,False,0.0,False,False,0.946,Severe,8.4,70.4,556.6,0.198,0.459,0.936,Heavy congestion detected - signal timing extended and reroute suggested
EVT400559,2026-06-18 13:49:58,Trade Fair,J011,Indiranagar 100ft Road,12504,Weekday,False,Heavy Rain,True,48.7,False,False,0.571,High,20.0,36.1,198.4,0.124,0.288,0.934,Heavy rain reducing visibility and grip - reduced speed and longer buffer advised
EVT400560,2026-05-18 05:09:23,Trade Fair,J009,Majestic,7559,Weekday,False,Clear,False,0.0,False,False,0.228,Low,29.9,15.4,194.4,0.161,0.373,0.98,Normal free-flow traffic - standard signal timing maintained
EVT400561,2026-03-15 17:35:46,Sports Fixture,J009,Majestic,27311,Weekend,False,Clear,False,0.0,False,False,0.902,Severe,10.7,64.2,539.6,0.215,0.497,0.938,Heavy congestion detected - signal timing extended and reroute suggested
EVT400562,2026-05-07 10:09:42,Trade Fair,J040,City Market,9036,Weekday,False,Heavy Rain,True,58.0,False,False,1.0,Severe,6.0,69.8,537.1,0.163,0.376,0.877,Heavy rain reducing visibility and grip - reduced speed and longer buffer advised
EVT400563,2025-05-14 08:49:30,Concert,J012,Koramangala Sony World,14048,Weekday,False,Clear,False,0.0,False,False,1.0,Severe,8.8,76.3,193.8,0.075,0.174,0.919,Heavy congestion detected - signal timing extended and reroute suggested
EVT400564,2025-12-19 08:31:53,Concert,J030,MG Road,15430,Weekday,False,Clear,False,0.0,False,False,0.985,Severe,9.4,74.8,551.0,0.206,0.475,0.932,Heavy congestion detected - signal timing extended and reroute suggested
EVT400565,2025-06-05 17:04:55,Local Market Day,J023,Basavanagudi,2889,Weekday,False,Clear,False,0.0,False,False,0.754,Severe,14.8,60.4,358.5,0.197,0.456,0.948,Heavy congestion detected - signal timing extended and reroute suggested
EVT400566,2025-03-07 19:14:54,Sports Fixture,J012,Koramangala Sony World,24873,Weekday,False,Clear,False,0.0,False,False,0.963,Severe,11.7,66.7,425.7,0.166,0.383,0.906,Heavy congestion detected - signal timing extended and reroute suggested
EVT400567,2025-04-14 06:49:59,Fireworks Display,J012,Koramangala Sony World,34263,Weekday,True,Clear,False,0.0,False,False,0.841,Severe,14.1,49.6,461.4,0.232,0.536,0.91,Festival crowd surge detected - alternate route and extended cycle recommended
EVT400568,2026-04-23 20:54:03,Political Rally,J040,City Market,14164,Weekday,False,Clear,False,0.0,False,False,0.563,High,18.4,41.1,306.0,0.16,0.369,0.954,Moderate traffic flow - standard adaptive signal timing in effect
EVT400569,2026-03-21 09:42:49,Sports Fixture,J020,Malleshwaram Circle,30261,Weekend,False,Clear,False,0.0,False,False,0.942,Severe,11.6,68.9,421.6,0.175,0.405,0.939,Heavy congestion detected - signal timing extended and reroute suggested
EVT400570,2025-07-20 10:43:07,Sports Fixture,J011,Indiranagar 100ft Road,46706,Weekend,False,Rain,True,9.0,False,False,0.812,Severe,12.7,59.3,414.4,0.189,0.436,0.873,Heavy rain reducing visibility and grip - reduced speed and longer buffer advised
EVT400571,2025-12-30 10:59:47,Sports Fixture,J030,MG Road,18655,Weekday,False,Clear,False,0.0,False,False,0.609,High,23.1,48.0,221.8,0.165,0.381,0.965,Moderate traffic flow - standard adaptive signal timing in effect
EVT400572,2025-06-18 10:33:26,Trade Fair,J031,Cubbon Road,11401,Weekday,False,Clear,False,0.0,False,False,0.573,High,24.2,39.9,226.4,0.172,0.397,0.971,Moderate traffic flow - standard adaptive signal timing in effect
EVT400573,2026-03-07 08:36:10,Local Market Day,J040,City Market,3093,Weekend,False,Clear,False,0.0,False,False,0.85,Severe,16.1,66.6,277.6,0.152,0.35,0.919,Heavy congestion detected - signal timing extended and reroute suggested
EVT400574,2025-11-23 13:53:40,Political Rally,J009,Majestic,17259,Weekend,False,Clear,False,0.0,False,False,0.26,Low,29.9,15.5,171.8,0.142,0.327,0.949,Moderate traffic flow - standard adaptive signal timing in effect
EVT400575,2026-06-16 09:34:48,Concert,J030,MG Road,9847,Weekday,False,Clear,False,0.0,False,False,0.971,Severe,8.5,67.2,384.6,0.149,0.344,0.932,Heavy congestion detected - signal timing extended and reroute suggested
EVT400576,2025-01-17 08:50:35,Concert,J009,Majestic,9403,Weekday,False,Clear,False,0.0,False,False,1.0,Severe,7.9,64.0,532.4,0.164,0.379,0.891,Heavy congestion detected - signal timing extended and reroute suggested
EVT400577,2026-02-12 22:46:26,Sports Fixture,J023,Basavanagudi,15736,Weekday,False,Clear,False,0.0,False,False,0.254,Low,21.5,13.2,179.5,0.093,0.216,0.98,Moderate traffic flow - standard adaptive signal timing in effect
EVT400578,2025-08-29 15:43:22,Local Market Day,J023,Basavanagudi,4411,Weekday,False,Clear,False,0.0,False,False,0.317,Low,30.9,22.7,241.8,0.201,0.463,0.969,Moderate traffic flow - standard adaptive signal timing in effect
EVT400579,2025-09-23 15:39:40,Sports Fixture,J009,Majestic,22693,Weekday,False,Clear,False,0.0,False,False,0.501,Moderate,21.3,30.6,195.4,0.132,0.306,0.959,Moderate traffic flow - standard adaptive signal timing in effect
EVT400580,2025-03-30 13:26:31,Fireworks Display,J040,City Market,57401,Weekend,True,Clear,False,0.0,False,False,0.825,Severe,12.2,62.1,551.4,0.25,0.578,0.929,Festival crowd surge detected - alternate route and extended cycle recommended
EVT400581,2025-03-31 08:26:38,Fireworks Display,J012,Koramangala Sony World,28567,Weekday,True,Clear,False,0.0,False,False,1.0,Severe,7.5,73.6,530.4,0.182,0.42,0.858,Festival crowd surge detected - alternate route and extended cycle recommended
EVT400582,2025-08-27 17:31:46,Religious Festival,J023,Basavanagudi,31106,Weekday,True,Clear,False,0.0,False,True,1.0,Severe,8.7,112.5,613.7,0.224,0.517,0.817,Road closure for event/procession - full detour recommended for through-traffic
EVT400583,2025-12-16 17:31:51,Political Rally,J030,MG Road,16924,Weekday,False,Clear,False,0.0,False,False,0.932,Severe,9.2,63.8,188.4,0.051,0.118,0.93,Heavy congestion detected - signal timing extended and reroute suggested
EVT400584,2026-06-20 20:20:17,Trade Fair,J030,MG Road,8519,Weekend,False,Clear,False,0.0,False,False,0.601,High,18.8,47.0,319.8,0.197,0.455,0.96,Moderate traffic flow - standard adaptive signal timing in effect
EVT400585,2025-02-07 15:40:08,Concert,J030,MG Road,7290,Weekday,False,Clear,False,0.0,False,False,0.359,Moderate,26.1,28.0,230.7,0.155,0.358,0.953,Moderate traffic flow - standard adaptive signal timing in effect
EVT400586,2026-05-08 07:18:47,Political Rally,J020,Malleshwaram Circle,6921,Weekday,False,Clear,False,0.0,False,False,0.538,Moderate,26.2,41.3,176.3,0.138,0.319,0.951,Moderate traffic flow - standard adaptive signal timing in effect
EVT400587,2025-08-14 16:21:33,Local Market Day,J023,Basavanagudi,1594,Weekday,False,Fog,False,0.0,False,False,0.506,Moderate,22.5,35.8,288.0,0.174,0.401,0.969,Moderate traffic flow - standard adaptive signal timing in effect
EVT400588,2025-01-04 14:41:37,Concert,J023,Basavanagudi,10467,Weekend,False,Clear,False,0.0,False,False,0.3,Low,31.3,20.5,203.4,0.172,0.397,0.957,Moderate traffic flow - standard adaptive signal timing in effect
EVT400589,2025-08-05 13:39:33,Local Market Day,J040,City Market,5858,Weekday,False,Rain,True,14.9,False,False,0.347,Low,23.8,26.7,176.6,0.108,0.249,0.902,Light rain detected - minor speed reduction advised
EVT400590,2025-07-20 18:22:24,Local Market Day,J009,Majestic,3919,Weekend,False,Rain,True,22.7,False,False,1.0,Severe,9.1,75.4,611.3,0.225,0.521,0.869,Heavy rain reducing visibility and grip - reduced speed and longer buffer advised
EVT400591,2026-01-24 17:59:42,Concert,J031,Cubbon Road,14393,Weekend,False,Clear,False,0.0,False,False,0.897,Severe,9.8,63.9,370.5,0.136,0.313,0.97,Heavy congestion detected - signal timing extended and reroute suggested
EVT400592,2026-06-10 16:07:05,Trade Fair,J030,MG Road,10781,Weekday,False,Rain,True,19.6,False,False,0.722,High,15.7,53.9,421.4,0.236,0.546,0.892,Heavy rain reducing visibility and grip - reduced speed and longer buffer advised
EVT400593,2026-04-02 09:25:40,Political Rally,J009,Majestic,17269,Weekday,False,Light Rain,True,4.4,False,False,1.0,Severe,7.6,70.5,958.4,0.281,0.648,0.861,Heavy rain reducing visibility and grip - reduced speed and longer buffer advised
EVT400594,2026-03-23 10:28:14,Concert,J031,Cubbon Road,18654,Weekday,False,Clear,False,0.0,False,False,0.715,High,19.7,49.8,197.5,0.12,0.277,0.941,Moderate traffic flow - standard adaptive signal timing in effect
EVT400595,2026-02-26 17:52:15,Concert,J031,Cubbon Road,10652,Weekday,False,Clear,False,0.0,False,False,0.949,Severe,11.5,68.8,599.2,0.268,0.619,0.906,Heavy congestion detected - signal timing extended and reroute suggested
EVT400596,2025-06-20 14:51:30,Sports Fixture,J011,Indiranagar 100ft Road,18387,Weekday,False,Clear,False,0.0,False,False,0.358,Moderate,27.2,24.4,178.2,0.122,0.281,0.968,Moderate traffic flow - standard adaptive signal timing in effect
EVT400597,2025-01-21 15:48:09,Sports Fixture,J040,City Market,28014,Weekday,False,Clear,False,0.0,False,False,0.537,Moderate,18.1,40.2,215.4,0.128,0.296,0.965,Moderate traffic flow - standard adaptive signal timing in effect
EVT400598,2025-10-24 21:23:27,Political Rally,J012,Koramangala Sony World,17240,Weekday,False,Light Rain,True,6.7,True,False,0.991,Severe,8.0,70.5,205.2,0.1,0.23,0.713,Accident detected nearby - reroute and reduced speed advised
EVT400599,2025-06-06 07:25:47,Concert,J023,Basavanagudi,11071,Weekday,False,Clear,False,0.0,False,False,0.671,High,22.0,48.0,214.5,0.157,0.363,0.95,Moderate traffic flow - standard adaptive signal timing in effect
EVT400600,2025-10-16 17:10:25,Sports Fixture,J011,Indiranagar 100ft Road,27930,Weekday,False,Clear,False,0.0,False,False,0.948,Severe,10.1,70.2,421.5,0.163,0.377,0.929,Heavy congestion detected - signal timing extended and reroute suggested
EVT400601,2025-12-27 10:41:40,Trade Fair,J011,Indiranagar 100ft Road,11035,Weekend,False,Light Rain,True,7.0,False,False,0.745,High,17.8,53.0,186.8,0.116,0.267,0.896,Heavy rain reducing visibility and grip - reduced speed and longer buffer advised
EVT400602,2025-09-11 11:50:59,Local Market Day,J009,Majestic,3701,Weekday,False,Clear,False,0.0,False,False,0.225,Low,32.2,12.8,139.9,0.096,0.222,0.95,Normal free-flow traffic - standard signal timing maintained
EVT400603,2026-05-03 08:49:46,Sports Fixture,J023,Basavanagudi,26704,Weekend,False,Clear,False,0.0,False,False,1.0,Severe,9.4,71.5,191.3,0.091,0.21,0.935,Heavy congestion detected - signal timing extended and reroute suggested
EVT400604,2026-06-27 16:02:32,Trade Fair,J040,City Market,8633,Weekend,False,Rain,True,20.6,False,False,0.652,High,19.8,43.2,212.6,0.131,0.303,0.91,Heavy rain reducing visibility and grip - reduced speed and longer buffer advised
EVT400605,2025-01-10 06:23:15,Concert,J031,Cubbon Road,16244,Weekday,False,Clear,False,0.0,False,False,0.387,Moderate,30.3,26.3,232.9,0.171,0.394,0.971,Moderate traffic flow - standard adaptive signal timing in effect
EVT400606,2025-10-22 07:37:00,Religious Festival,J040,City Market,37853,Weekday,True,Heavy Rain,True,59.4,False,True,1.0,Severe,7.8,101.2,617.1,0.233,0.538,0.778,Road closure for event/procession - full detour recommended for through-traffic
EVT400607,2025-08-20 16:04:47,Concert,J040,City Market,8042,Weekday,False,Rain,True,22.9,False,False,0.704,High,16.9,51.5,260.2,0.157,0.363,0.912,Heavy rain reducing visibility and grip - reduced speed and longer buffer advised
EVT400608,2025-04-17 10:05:03,Trade Fair,J009,Majestic,8532,Weekday,False,Clear,False,0.0,False,False,0.855,Severe,11.6,61.2,186.0,0.093,0.215,0.904,Heavy congestion detected - signal timing extended and reroute suggested
EVT400609,2025-02-02 07:51:30,Sports Fixture,J012,Koramangala Sony World,13518,Weekend,False,Clear,False,0.0,False,False,0.631,High,22.9,45.4,250.4,0.182,0.421,0.989,Moderate traffic flow - standard adaptive signal timing in effect
EVT400610,2025-10-10 10:42:13,Trade Fair,J031,Cubbon Road,11331,Weekday,False,Rain,True,11.2,False,False,0.739,High,18.2,51.0,305.0,0.191,0.442,0.896,Heavy rain reducing visibility and grip - reduced speed and longer buffer advised
EVT400611,2026-03-05 16:07:56,Religious Festival,J030,MG Road,36191,Weekday,True,Clear,False,0.0,False,False,0.816,Severe,17.3,53.3,347.3,0.222,0.514,0.906,Festival crowd surge detected - alternate route and extended cycle recommended
EVT400612,2026-03-16 10:23:56,Local Market Day,J031,Cubbon Road,3188,Weekday,False,Clear,False,0.0,False,False,0.668,High,23.3,45.1,240.8,0.185,0.428,0.976,Moderate traffic flow - standard adaptive signal timing in effect
EVT400613,2025-03-05 17:19:08,Trade Fair,J020,Malleshwaram Circle,11645,Weekday,False,Clear,False,0.0,False,False,0.911,Severe,12.6,67.1,376.0,0.181,0.419,0.928,Heavy congestion detected - signal timing extended and reroute suggested
EVT400614,2025-02-15 08:25:05,Concert,J020,Malleshwaram Circle,6688,Weekend,False,Clear,False,0.0,False,False,0.78,Severe,15.7,55.7,315.0,0.167,0.385,0.986,Heavy congestion detected - signal timing extended and reroute suggested
EVT400615,2025-07-14 15:41:19,Local Market Day,J012,Koramangala Sony World,2370,Weekday,False,Fog,False,0.0,False,False,0.322,Low,36.7,23.4,170.5,0.176,0.406,0.968,Moderate traffic flow - standard adaptive signal timing in effect
EVT400616,2026-03-07 08:27:00,Local Market Day,J030,MG Road,5452,Weekend,False,Clear,False,0.0,False,False,0.776,Severe,10.2,55.2,292.1,0.117,0.27,0.966,Heavy congestion detected - signal timing extended and reroute suggested
EVT400617,2025-05-03 09:01:11,Sports Fixture,J009,Majestic,12489,Weekend,False,Clear,False,0.0,False,False,0.928,Severe,11.3,66.9,456.9,0.193,0.447,0.926,Heavy congestion detected - signal timing extended and reroute suggested
EVT400618,2025-09-09 07:24:30,Local Market Day,J040,City Market,6504,Weekday,False,Clear,False,0.0,False,False,0.587,High,20.6,41.3,360.8,0.234,0.54,0.955,Moderate traffic flow - standard adaptive signal timing in effect
EVT400619,2025-06-08 07:50:50,Political Rally,J020,Malleshwaram Circle,13984,Weekend,False,Clear,False,0.0,False,False,0.807,Severe,13.9,57.0,381.9,0.182,0.42,0.95,Heavy congestion detected - signal timing extended and reroute suggested
EVT400620,2026-01-21 09:32:02,Local Market Day,J020,Malleshwaram Circle,2297,Weekday,False,Clear,False,0.0,False,False,0.885,Severe,13.8,60.6,293.5,0.15,0.346,0.928,Heavy congestion detected - signal timing extended and reroute suggested
EVT400621,2026-02-09 15:14:17,Sports Fixture,J030,MG Road,29627,Weekday,False,Clear,False,0.0,False,False,0.543,Moderate,25.3,32.5,214.4,0.154,0.356,0.98,Moderate traffic flow - standard adaptive signal timing in effect
EVT400622,2025-09-10 21:33:14,Concert,J040,City Market,12416,Weekday,False,Clear,False,0.0,False,False,0.308,Low,33.9,20.3,248.2,0.227,0.525,0.962,Moderate traffic flow - standard adaptive signal timing in effect
EVT400623,2025-09-17 07:34:52,Trade Fair,J031,Cubbon Road,6922,Weekday,False,Clear,False,0.0,False,False,0.666,High,17.6,43.8,211.2,0.135,0.313,0.988,Moderate traffic flow - standard adaptive signal timing in effect
EVT400624,2025-05-22 20:23:33,Concert,J020,Malleshwaram Circle,12775,Weekday,False,Clear,False,0.0,False,False,0.645,High,18.4,55.9,223.9,0.123,0.284,0.952,Moderate traffic flow - standard adaptive signal timing in effect
EVT400625,2025-10-18 18:15:54,Trade Fair,J040,City Market,4587,Weekend,False,Clear,False,0.0,False,False,0.841,Severe,14.1,56.4,281.4,0.141,0.327,0.938,Heavy congestion detected - signal timing extended and reroute suggested
EVT400626,2025-12-27 13:57:51,Trade Fair,J030,MG Road,12998,Weekend,False,Clear,False,0.0,False,False,0.383,Moderate,29.5,29.2,122.3,0.08,0.184,0.963,Moderate traffic flow - standard adaptive signal timing in effect
EVT400627,2026-02-28 16:48:01,Political Rally,J030,MG Road,11382,Weekend,False,Clear,False,0.0,False,False,0.628,High,20.3,51.8,255.6,0.181,0.418,0.974,Moderate traffic flow - standard adaptive signal timing in effect
EVT400628,2026-03-08 10:48:40,Sports Fixture,J030,MG Road,15428,Weekend,False,Clear,False,0.0,False,False,0.558,High,20.5,43.3,207.6,0.126,0.291,0.939,Moderate traffic flow - standard adaptive signal timing in effect
EVT400629,2025-03-31 14:36:36,Cultural Procession,J031,Cubbon Road,22354,Weekday,True,Clear,False,0.0,False,True,0.613,Moderate,15.3,61.4,143.6,0.076,0.175,0.903,Road closure for event/procession - full detour recommended for through-traffic
EVT400630,2025-11-26 08:43:29,Trade Fair,J031,Cubbon Road,9438,Weekday,False,Clear,False,0.0,False,False,1.0,Severe,7.9,69.8,653.3,0.195,0.45,0.871,Heavy congestion detected - signal timing extended and reroute suggested
EVT400631,2026-03-28 08:21:12,Concert,J020,Malleshwaram Circle,19252,Weekend,False,Clear,False,0.0,False,False,0.839,Severe,13.1,61.5,467.7,0.222,0.512,0.933,Heavy congestion detected - signal timing extended and reroute suggested
EVT400632,2025-04-25 10:11:49,Concert,J009,Majestic,12244,Weekday,False,Clear,False,0.0,False,False,0.813,Severe,12.2,55.8,249.7,0.095,0.219,0.942,Heavy congestion detected - signal timing extended and reroute suggested
EVT400633,2026-02-27 15:49:36,Sports Fixture,J023,Basavanagudi,21051,Weekday,False,Clear,False,0.0,False,False,0.442,Moderate,26.2,30.2,127.8,0.077,0.178,0.939,Moderate traffic flow - standard adaptive signal timing in effect
EVT400634,2026-04-21 10:41:30,Concert,J040,City Market,8420,Weekday,False,Rain,True,8.7,False,False,0.654,High,18.2,51.3,298.7,0.158,0.365,0.906,Heavy rain reducing visibility and grip - reduced speed and longer buffer advised
EVT400635,2026-01-24 07:52:28,Concert,J012,Koramangala Sony World,14262,Weekend,False,Clear,False,0.0,False,False,0.743,High,15.0,49.1,122.6,0.062,0.144,0.946,Moderate traffic flow - standard adaptive signal timing in effect
EVT400636,2025-03-19 08:01:37,Sports Fixture,J023,Basavanagudi,13877,Weekday,False,Clear,False,0.0,False,False,0.835,Severe,15.9,64.0,374.9,0.208,0.48,0.95,Heavy congestion detected - signal timing extended and reroute suggested
EVT400637,2026-03-16 17:19:45,Concert,J011,Indiranagar 100ft Road,7493,Weekday,False,Clear,False,0.0,False,False,0.883,Severe,10.8,70.5,509.6,0.214,0.494,0.938,Heavy congestion detected - signal timing extended and reroute suggested
EVT400638,2026-05-19 13:59:30,Sports Fixture,J020,Malleshwaram Circle,18828,Weekday,False,Clear,False,0.0,False,False,0.248,Low,37.1,22.1,51.5,0.053,0.122,0.946,Normal free-flow traffic - standard signal timing maintained
EVT400639,2025-06-25 09:55:14,Trade Fair,J011,Indiranagar 100ft Road,20182,Weekday,False,Clear,False,0.0,False,False,0.957,Severe,12.6,66.9,143.0,0.085,0.197,0.92,Heavy congestion detected - signal timing extended and reroute suggested
EVT400640,2025-08-16 08:00:59,Religious Festival,J023,Basavanagudi,82000,Weekend,True,Clear,False,0.0,False,True,1.0,Severe,8.0,96.8,634.6,0.185,0.427,0.816,Road closure for event/procession - full detour recommended for through-traffic
EVT400641,2025-07-23 12:44:48,Concert,J011,Indiranagar 100ft Road,10226,Weekday,False,Heavy Rain,True,27.9,False,False,0.472,Moderate,18.1,40.7,258.2,0.123,0.284,0.914,Light rain detected - minor speed reduction advised
EVT400642,2025-09-13 18:38:37,Local Market Day,J030,MG Road,2773,Weekend,False,Rain,True,10.5,False,False,0.934,Severe,10.2,64.0,483.2,0.19,0.439,0.866,Heavy rain reducing visibility and grip - reduced speed and longer buffer advised
EVT400643,2025-10-14 21:41:47,Political Rally,J009,Majestic,34620,Weekday,False,Clear,False,0.0,False,False,0.474,Moderate,21.4,33.5,245.2,0.165,0.38,0.939,Moderate traffic flow - standard adaptive signal timing in effect
EVT400644,2025-11-09 18:51:12,Trade Fair,J023,Basavanagudi,7125,Weekend,False,Clear,False,0.0,False,False,0.933,Severe,8.3,68.7,576.6,0.195,0.45,0.916,Heavy congestion detected - signal timing extended and reroute suggested
EVT400645,2025-02-04 16:55:07,Trade Fair,J023,Basavanagudi,10781,Weekday,False,Clear,False,0.0,False,False,0.72,High,18.2,53.6,260.5,0.155,0.357,0.943,Moderate traffic flow - standard adaptive signal timing in effect
EVT400646,2025-03-05 08:55:17,Local Market Day,J020,Malleshwaram Circle,2838,Weekday,False,Clear,False,0.0,False,False,1.0,Severe,7.4,71.2,503.3,0.166,0.383,0.941,Heavy congestion detected - signal timing extended and reroute suggested
EVT400647,2025-02-15 19:32:31,Concert,J009,Majestic,6115,Weekend,False,Clear,False,0.0,False,False,0.696,High,18.7,51.6,303.6,0.174,0.403,0.924,Moderate traffic flow - standard adaptive signal timing in effect
EVT400648,2026-02-16 07:19:47,Local Market Day,J020,Malleshwaram Circle,7017,Weekday,False,Clear,False,0.0,False,False,0.633,High,14.7,51.6,352.5,0.16,0.37,0.955,Moderate traffic flow - standard adaptive signal timing in effect
EVT400649,2025-12-23 16:04:35,Political Rally,J009,Majestic,13608,Weekday,False,Clear,False,0.0,False,False,0.514,Moderate,22.7,35.8,223.1,0.131,0.303,0.938,Moderate traffic flow - standard adaptive signal timing in effect
EVT400650,2026-04-07 18:23:49,Concert,J030,MG Road,16525,Weekday,False,Light Rain,True,7.1,False,False,1.0,Severe,8.0,70.4,626.3,0.199,0.46,0.854,Heavy rain reducing visibility and grip - reduced speed and longer buffer advised
EVT400651,2026-01-31 11:07:00,Trade Fair,J023,Basavanagudi,12297,Weekend,False,Clear,False,0.0,False,False,0.404,Moderate,28.2,29.7,149.2,0.126,0.291,0.983,Moderate traffic flow - standard adaptive signal timing in effect
EVT400652,2026-05-03 20:43:30,Local Market Day,J011,Indiranagar 100ft Road,2522,Weekend,False,Clear,False,0.0,False,False,0.522,Moderate,19.2,38.3,157.0,0.1,0.231,0.981,Moderate traffic flow - standard adaptive signal timing in effect
EVT400653,2025-06-19 16:42:37,Trade Fair,J031,Cubbon Road,6270,Weekday,False,Clear,False,0.0,False,False,0.604,High,18.6,41.6,290.4,0.172,0.397,0.951,Moderate traffic flow - standard adaptive signal timing in effect
EVT400654,2025-01-22 12:59:44,Concert,J030,MG Road,9923,Weekday,False,Clear,False,0.0,False,False,0.15,Low,37.1,5.4,109.7,0.101,0.233,0.951,Normal free-flow traffic - standard signal timing maintained
EVT400655,2025-05-05 17:49:08,Political Rally,J030,MG Road,11339,Weekday,False,Clear,False,0.0,False,False,0.954,Severe,10.1,71.6,322.5,0.137,0.317,0.932,Heavy congestion detected - signal timing extended and reroute suggested
EVT400656,2025-10-08 19:33:52,Local Market Day,J030,MG Road,2608,Weekday,False,Clear,False,0.0,False,False,0.953,Severe,9.8,67.7,558.4,0.188,0.435,0.911,Heavy congestion detected - signal timing extended and reroute suggested
EVT400657,2025-11-11 17:12:44,Local Market Day,J011,Indiranagar 100ft Road,5874,Weekday,False,Rain,True,7.5,False,False,0.862,Severe,13.0,63.5,356.1,0.188,0.433,0.918,Heavy rain reducing visibility and grip - reduced speed and longer buffer advised
EVT400658,2026-01-10 17:44:02,Local Market Day,J023,Basavanagudi,3265,Weekend,False,Clear,False,0.0,False,False,0.813,Severe,11.1,56.5,436.2,0.169,0.391,0.961,Heavy congestion detected - signal timing extended and reroute suggested
EVT400659,2025-05-01 13:56:49,Cultural Procession,J020,Malleshwaram Circle,24966,Weekday,True,Clear,False,0.0,False,False,0.518,Moderate,26.0,33.7,195.2,0.159,0.367,0.921,Festival crowd surge detected - alternate route and extended cycle recommended
EVT400660,2026-05-11 19:18:48,Trade Fair,J030,MG Road,6054,Weekday,False,Clear,False,0.0,False,False,0.962,Severe,7.7,69.5,355.9,0.133,0.308,0.923,Heavy congestion detected - signal timing extended and reroute suggested
EVT400661,2025-12-12 08:58:08,Trade Fair,J011,Indiranagar 100ft Road,8059,Weekday,False,Clear,False,0.0,False,False,1.0,Severe,9.0,70.2,420.3,0.165,0.382,0.925,Heavy congestion detected - signal timing extended and reroute suggested
EVT400662,2026-02-19 21:19:39,Local Market Day,J040,City Market,3608,Weekday,False,Clear,False,0.0,False,False,0.402,Moderate,27.9,29.6,157.7,0.147,0.339,0.946,Moderate traffic flow - standard adaptive signal timing in effect
EVT400663,2026-01-05 17:13:06,Local Market Day,J030,MG Road,4518,Weekday,False,Clear,False,0.0,False,False,0.821,Severe,11.9,54.7,586.0,0.268,0.619,0.965,Heavy congestion detected - signal timing extended and reroute suggested
EVT400664,2025-12-11 10:27:22,Trade Fair,J009,Majestic,8084,Weekday,False,Clear,False,0.0,False,False,0.696,High,17.1,55.0,217.8,0.145,0.335,0.938,Moderate traffic flow - standard adaptive signal timing in effect
EVT400665,2025-04-26 18:21:36,Trade Fair,J030,MG Road,13923,Weekend,False,Clear,False,0.0,False,False,0.851,Severe,10.1,55.4,412.5,0.134,0.311,0.921,Heavy congestion detected - signal timing extended and reroute suggested
EVT400666,2026-05-15 08:01:49,Local Market Day,J011,Indiranagar 100ft Road,3825,Weekday,False,Heavy Rain,True,25.2,False,False,1.0,Severe,8.8,70.9,578.7,0.217,0.502,0.867,Heavy rain reducing visibility and grip - reduced speed and longer buffer advised
EVT400667,2025-11-12 23:52:17,Local Market Day,J040,City Market,4944,Weekday,False,Clear,False,0.0,False,False,0.238,Low,26.0,7.8,127.6,0.088,0.203,0.979,Normal free-flow traffic - standard signal timing maintained
EVT400668,2025-11-30 17:50:21,Local Market Day,J020,Malleshwaram Circle,4706,Weekend,False,Clear,False,0.0,False,False,0.825,Severe,14.0,53.3,409.8,0.204,0.471,0.989,Heavy congestion detected - signal timing extended and reroute suggested
EVT400669,2025-12-15 18:38:15,Trade Fair,J030,MG Road,7774,Weekday,False,Clear,False,0.0,False,False,1.0,Severe,7.3,68.9,732.1,0.233,0.539,0.885,Heavy congestion detected - signal timing extended and reroute suggested
EVT400670,2026-03-18 08:01:56,Trade Fair,J020,Malleshwaram Circle,13031,Weekday,False,Clear,False,0.0,False,False,0.857,Severe,12.4,62.5,410.6,0.186,0.43,0.938,Heavy congestion detected - signal timing extended and reroute suggested
EVT400671,2026-03-20 06:15:09,Religious Festival,J011,Indiranagar 100ft Road,37011,Weekday,True,Clear,False,0.0,False,True,0.928,Severe,10.7,89.2,406.7,0.175,0.405,0.85,Road closure for event/procession - full detour recommended for through-traffic
EVT400672,2025-11-22 15:04:46,Trade Fair,J009,Majestic,11011,Weekend,False,Clear,False,0.0,False,False,0.405,Moderate,23.1,27.1,130.7,0.095,0.22,0.977,Moderate traffic flow - standard adaptive signal timing in effect
EVT400673,2025-07-19 10:04:21,Sports Fixture,J030,MG Road,42292,Weekend,False,Clear,False,0.0,False,False,0.933,Severe,11.6,67.1,328.2,0.154,0.356,0.935,Heavy congestion detected - signal timing extended and reroute suggested
EVT400674,2026-06-14 10:14:16,Concert,J020,Malleshwaram Circle,15117,Weekend,False,Clear,False,0.0,False,False,0.71,High,17.3,51.4,322.6,0.192,0.443,0.961,Moderate traffic flow - standard adaptive signal timing in effect
EVT400675,2026-05-15 15:08:12,Local Market Day,J020,Malleshwaram Circle,3774,Weekday,False,Rain,True,7.6,False,False,0.381,Moderate,33.1,29.0,121.4,0.103,0.237,0.926,Light rain detected - minor speed reduction advised
EVT400676,2026-06-28 18:43:38,Political Rally,J023,Basavanagudi,10429,Weekend,False,Heavy Rain,True,39.2,False,False,1.0,Severe,8.2,75.1,645.4,0.23,0.531,0.87,Heavy rain reducing visibility and grip - reduced speed and longer buffer advised
EVT400677,2025-12-25 08:55:56,Religious Festival,J031,Cubbon Road,44621,Weekday,True,Rain,True,14.5,False,True,1.0,Severe,8.2,97.5,546.1,0.194,0.448,0.784,Road closure for event/procession - full detour recommended for through-traffic
EVT400678,2026-01-25 10:17:40,Trade Fair,J040,City Market,16352,Weekend,False,Clear,False,0.0,False,False,0.704,High,17.2,49.9,228.4,0.128,0.297,0.99,Moderate traffic flow - standard adaptive signal timing in effect
EVT400679,2025-03-03 13:38:26,Local Market Day,J012,Koramangala Sony World,2277,Weekday,False,Clear,False,0.0,False,False,0.188,Low,35.2,18.7,164.0,0.157,0.362,0.961,Normal free-flow traffic - standard signal timing maintained
EVT400680,2026-01-21 17:46:57,Trade Fair,J023,Basavanagudi,3783,Weekday,False,Clear,False,0.0,False,False,0.916,Severe,12.9,63.9,462.3,0.223,0.514,0.923,Heavy congestion detected - signal timing extended and reroute suggested
EVT400681,2025-07-12 07:31:26,Trade Fair,J030,MG Road,8405,Weekend,False,Heavy Rain,True,42.8,False,False,0.951,Severe,8.8,67.1,554.7,0.187,0.432,0.873,Heavy rain reducing visibility and grip - reduced speed and longer buffer advised
EVT400682,2026-01-09 08:34:49,Local Market Day,J012,Koramangala Sony World,4208,Weekday,False,Clear,False,0.0,False,False,0.989,Severe,9.7,73.4,478.5,0.194,0.448,0.904,Heavy congestion detected - signal timing extended and reroute suggested
EVT400683,2025-08-10 12:56:54,Sports Fixture,J011,Indiranagar 100ft Road,20175,Weekend,False,Clear,False,0.0,False,False,0.326,Low,29.1,21.1,238.5,0.191,0.441,0.957,Moderate traffic flow - standard adaptive signal timing in effect
EVT400684,2026-01-11 18:16:34,Local Market Day,J009,Majestic,2640,Weekend,False,Clear,False,0.0,False,False,0.802,Severe,17.7,53.3,310.0,0.189,0.437,0.967,Heavy congestion detected - signal timing extended and reroute suggested
EVT400685,2025-07-11 09:01:17,Concert,J012,Koramangala Sony World,14485,Weekday,False,Clear,False,0.0,False,False,1.0,Severe,9.4,72.7,191.8,0.085,0.197,0.892,Heavy congestion detected - signal timing extended and reroute suggested
EVT400686,2025-03-20 17:09:32,Trade Fair,J023,Basavanagudi,6745,Weekday,False,Clear,False,0.0,False,False,0.784,Severe,15.9,56.8,298.7,0.168,0.389,0.959,Heavy congestion detected - signal timing extended and reroute suggested
EVT400687,2026-01-08 18:29:25,Sports Fixture,J023,Basavanagudi,29973,Weekday,False,Clear,False,0.0,False,False,1.0,Severe,8.3,72.8,639.4,0.217,0.501,0.91,Heavy congestion detected - signal timing extended and reroute suggested
EVT400688,2025-07-17 08:10:35,Political Rally,J030,MG Road,26846,Weekday,False,Clear,False,0.0,False,False,1.0,Severe,8.1,77.4,529.1,0.19,0.439,0.943,Heavy congestion detected - signal timing extended and reroute suggested
EVT400689,2025-06-18 19:33:01,Political Rally,J009,Majestic,33900,Weekday,False,Rain,True,16.3,True,False,1.0,Severe,7.8,73.2,513.0,0.171,0.394,0.698,Accident detected nearby - reroute and reduced speed advised
EVT400690,2025-02-07 18:29:15,Sports Fixture,J030,MG Road,32201,Weekday,False,Clear,False,0.0,False,False,1.0,Severe,8.2,71.3,395.6,0.13,0.299,0.893,Heavy congestion detected - signal timing extended and reroute suggested
EVT400691,2025-06-29 14:26:33,Concert,J009,Majestic,12269,Weekend,False,Rain,True,10.6,False,False,0.429,Moderate,27.5,33.3,246.5,0.176,0.406,0.933,Light rain detected - minor speed reduction advised
EVT400692,2025-05-11 19:28:24,Sports Fixture,J009,Majestic,19937,Weekend,False,Clear,False,0.0,False,False,0.839,Severe,13.2,59.0,464.2,0.224,0.516,0.956,Heavy congestion detected - signal timing extended and reroute suggested
EVT400693,2026-01-06 08:12:47,Trade Fair,J020,Malleshwaram Circle,11588,Weekday,False,Clear,False,0.0,False,False,0.825,Severe,15.6,64.9,255.3,0.143,0.331,0.943,Heavy congestion detected - signal timing extended and reroute suggested
EVT400694,2025-08-16 19:21:53,Religious Festival,J011,Indiranagar 100ft Road,51415,Weekend,True,Clear,False,0.0,False,True,1.0,Severe,9.5,101.2,603.7,0.23,0.53,0.834,Road closure for event/procession - full detour recommended for through-traffic
EVT400695,2025-06-22 03:17:03,Trade Fair,J012,Koramangala Sony World,11696,Weekend,False,Clear,False,0.0,False,False,0.329,Low,29.5,19.6,206.2,0.142,0.327,0.958,Moderate traffic flow - standard adaptive signal timing in effect
EVT400696,2025-12-14 08:58:53,Concert,J023,Basavanagudi,9438,Weekend,False,Fog,False,0.0,False,False,0.917,Severe,12.6,64.2,362.8,0.179,0.414,0.945,Heavy congestion detected - signal timing extended and reroute suggested
EVT400697,2026-01-14 08:00:23,Cultural Procession,J040,City Market,14828,Weekday,True,Clear,False,0.0,True,True,1.0,Severe,7.2,99.0,607.1,0.21,0.486,0.681,Road closure for event/procession - full detour recommended for through-traffic
EVT400698,2025-10-19 20:43:36,Sports Fixture,J009,Majestic,14777,Weekend,False,Clear,False,0.0,False,False,0.522,Moderate,22.5,39.9,240.1,0.164,0.378,0.986,Moderate traffic flow - standard adaptive signal timing in effect
EVT400699,2025-03-21 15:38:20,Sports Fixture,J031,Cubbon Road,30703,Weekday,False,Clear,False,0.0,False,False,0.528,Moderate,24.9,36.3,207.1,0.143,0.331,0.971,Moderate traffic flow - standard adaptive signal timing in effect
EVT400700,2025-06-09 22:14:30,Sports Fixture,J030,MG Road,15697,Weekday,False,Clear,False,0.0,False,False,0.301,Low,29.9,27.3,108.6,0.081,0.188,0.968,Moderate traffic flow - standard adaptive signal timing in effect
EVT400701,2026-01-11 17:45:05,Concert,J031,Cubbon Road,10210,Weekend,False,Clear,False,0.0,False,False,0.794,Severe,17.6,53.7,126.2,0.083,0.191,0.972,Heavy congestion detected - signal timing extended and reroute suggested
EVT400702,2026-05-24 19:44:00,Local Market Day,J009,Majestic,3563,Weekend,False,Rain,True,9.4,False,False,0.817,Severe,15.5,50.9,287.6,0.17,0.393,0.905,Heavy rain reducing visibility and grip - reduced speed and longer buffer advised
EVT400703,2025-10-23 20:59:30,Trade Fair,J030,MG Road,7056,Weekday,False,Clear,False,0.0,False,False,0.463,Moderate,21.2,30.2,150.4,0.091,0.21,0.955,Moderate traffic flow - standard adaptive signal timing in effect
EVT400704,2025-08-06 14:33:26,Political Rally,J040,City Market,9998,Weekday,False,Heavy Rain,True,58.5,False,False,0.577,High,18.6,43.4,99.0,0.052,0.12,0.904,Heavy rain reducing visibility and grip - reduced speed and longer buffer advised
EVT400705,2025-08-07 09:21:13,Political Rally,J031,Cubbon Road,26010,Weekday,False,Clear,False,0.0,False,False,1.0,Severe,8.2,78.3,356.5,0.13,0.301,0.923,Heavy congestion detected - signal timing extended and reroute suggested
EVT400706,2025-03-13 22:42:04,Sports Fixture,J030,MG Road,16271,Weekday,False,Clear,False,0.0,False,False,0.308,Low,34.0,19.6,204.0,0.187,0.431,0.968,Moderate traffic flow - standard adaptive signal timing in effect
EVT400707,2025-05-29 07:04:45,Trade Fair,J011,Indiranagar 100ft Road,10932,Weekday,False,Clear,False,0.0,False,False,0.494,Moderate,23.0,31.7,189.2,0.109,0.252,0.966,Moderate traffic flow - standard adaptive signal timing in effect
EVT400708,2025-08-11 09:17:28,Sports Fixture,J012,Koramangala Sony World,18150,Weekday,False,Heavy Rain,True,50.2,False,False,1.0,Severe,7.3,67.0,538.1,0.168,0.389,0.838,Heavy rain reducing visibility and grip - reduced speed and longer buffer advised
EVT400709,2026-06-16 07:08:51,Sports Fixture,J012,Koramangala Sony World,19222,Weekday,False,Clear,False,0.0,False,False,0.656,High,17.9,48.5,311.5,0.194,0.447,0.926,Moderate traffic flow - standard adaptive signal timing in effect
EVT400710,2026-05-06 07:01:19,Local Market Day,J030,MG Road,6322,Weekday,False,Clear,False,0.0,False,False,0.407,Moderate,15.9,29.1,262.2,0.115,0.266,0.968,Moderate traffic flow - standard adaptive signal timing in effect
EVT400711,2026-01-13 21:02:06,Concert,J009,Majestic,13160,Weekday,False,Clear,False,0.0,False,False,0.492,Moderate,25.5,38.3,196.6,0.155,0.358,0.954,Moderate traffic flow - standard adaptive signal timing in effect
EVT400712,2025-04-01 08:36:06,Local Market Day,J030,MG Road,5500,Weekday,False,Light Rain,True,2.7,False,False,1.0,Severe,8.5,73.8,587.5,0.222,0.513,0.857,Heavy rain reducing visibility and grip - reduced speed and longer buffer advised
EVT400713,2025-02-13 15:41:25,Local Market Day,J020,Malleshwaram Circle,3840,Weekday,False,Clear,False,0.0,False,False,0.359,Moderate,34.7,22.1,99.5,0.082,0.19,0.972,Moderate traffic flow - standard adaptive signal timing in effect
EVT400714,2025-05-30 08:14:44,Concert,J011,Indiranagar 100ft Road,23828,Weekday,False,Rain,True,12.7,False,False,1.0,Severe,7.7,70.8,417.1,0.139,0.321,0.875,Heavy rain reducing visibility and grip - reduced speed and longer buffer advised
EVT400715,2026-06-08 09:15:42,Sports Fixture,J011,Indiranagar 100ft Road,13225,Weekday,False,Rain,True,18.5,False,False,1.0,Severe,8.9,78.4,345.4,0.137,0.316,0.857,Heavy rain reducing visibility and grip - reduced speed and longer buffer advised
EVT400716,2026-05-01 20:03:38,Cultural Procession,J031,Cubbon Road,26126,Weekday,True,Clear,False,0.0,False,False,1.0,Severe,8.1,72.1,805.7,0.256,0.591,0.838,Festival crowd surge detected - alternate route and extended cycle recommended
EVT400717,2025-04-29 11:35:09,Local Market Day,J040,City Market,3928,Weekday,False,Clear,False,0.0,False,False,0.358,Moderate,25.6,23.1,254.0,0.193,0.445,0.948,Moderate traffic flow - standard adaptive signal timing in effect
EVT400718,2026-04-13 20:07:40,Trade Fair,J009,Majestic,8142,Weekday,False,Clear,False,0.0,False,False,0.726,High,14.5,55.4,438.3,0.223,0.516,0.981,Moderate traffic flow - standard adaptive signal timing in effect
EVT400719,2026-04-12 18:27:36,Concert,J011,Indiranagar 100ft Road,10222,Weekend,False,Light Rain,True,4.1,True,False,1.0,Severe,8.6,67.5,594.8,0.209,0.483,0.693,Accident detected nearby - reroute and reduced speed advised
EVT400720,2026-04-10 07:57:15,Concert,J009,Majestic,23357,Weekday,False,Fog,False,0.0,False,False,0.857,Severe,11.7,65.0,292.5,0.127,0.293,0.958,Heavy congestion detected - signal timing extended and reroute suggested
EVT400721,2026-06-29 19:06:49,Concert,J012,Koramangala Sony World,12473,Weekday,False,Heavy Rain,True,91.9,False,False,1.0,Severe,8.5,70.0,531.9,0.19,0.439,0.843,Heavy rain reducing visibility and grip - reduced speed and longer buffer advised
EVT400722,2025-04-17 14:40:29,Sports Fixture,J031,Cubbon Road,19351,Weekday,False,Clear,False,0.0,False,False,0.36,Moderate,23.0,29.1,107.2,0.063,0.146,0.965,Moderate traffic flow - standard adaptive signal timing in effect
EVT400723,2025-12-24 16:42:14,Political Rally,J012,Koramangala Sony World,11596,Weekday,False,Clear,False,0.0,False,False,0.719,High,14.4,49.2,394.6,0.207,0.479,0.962,Moderate traffic flow - standard adaptive signal timing in effect
EVT400724,2025-05-21 10:48:38,Political Rally,J023,Basavanagudi,10537,Weekday,False,Clear,False,0.0,False,False,0.536,Moderate,23.8,35.5,357.3,0.28,0.647,0.978,Moderate traffic flow - standard adaptive signal timing in effect
EVT400725,2025-03-02 11:09:59,Political Rally,J031,Cubbon Road,13600,Weekend,False,Clear,False,0.0,False,False,0.511,Moderate,31.2,37.8,186.6,0.178,0.41,0.976,Moderate traffic flow - standard adaptive signal timing in effect
EVT400726,2025-01-19 21:53:55,Local Market Day,J012,Koramangala Sony World,3497,Weekend,False,Clear,False,0.0,False,False,0.374,Moderate,33.4,19.9,172.6,0.153,0.354,0.989,Moderate traffic flow - standard adaptive signal timing in effect
EVT400727,2026-06-02 14:58:03,Trade Fair,J023,Basavanagudi,8401,Weekday,False,Heavy Rain,True,29.2,False,False,0.589,High,22.7,39.5,152.7,0.101,0.233,0.887,Heavy rain reducing visibility and grip - reduced speed and longer buffer advised
EVT400728,2025-01-09 03:21:47,Local Market Day,J012,Koramangala Sony World,6303,Weekday,False,Clear,False,0.0,False,False,0.191,Low,26.7,15.4,206.5,0.143,0.329,0.959,Normal free-flow traffic - standard signal timing maintained
EVT400729,2025-09-24 00:05:50,Local Market Day,J031,Cubbon Road,2987,Weekday,False,Clear,False,0.0,False,False,0.129,Low,28.1,9.3,113.0,0.097,0.224,0.972,Normal free-flow traffic - standard signal timing maintained
EVT400730,2026-06-14 15:30:17,Local Market Day,J023,Basavanagudi,4219,Weekend,False,Rain,True,21.3,False,False,0.586,High,23.7,42.1,123.0,0.085,0.195,0.925,Heavy rain reducing visibility and grip - reduced speed and longer buffer advised
EVT400731,2025-12-25 06:20:22,Religious Festival,J012,Koramangala Sony World,50186,Weekday,True,Clear,False,0.0,False,True,0.882,High,14.7,91.8,328.9,0.186,0.429,0.847,Road closure for event/procession - full detour recommended for through-traffic
EVT400732,2025-05-09 20:12:16,Concert,J030,MG Road,13720,Weekday,False,Clear,False,0.0,False,False,0.782,Severe,15.0,58.2,445.6,0.202,0.466,0.965,Heavy congestion detected - signal timing extended and reroute suggested
EVT400733,2025-11-09 21:34:06,Trade Fair,J023,Basavanagudi,5947,Weekend,False,Clear,False,0.0,False,False,0.415,Moderate,24.4,26.1,184.4,0.153,0.353,0.969,Moderate traffic flow - standard adaptive signal timing in effect
EVT400734,2025-06-13 18:47:38,Local Market Day,J030,MG Road,4292,Weekday,False,Rain,True,17.5,False,False,1.0,Severe,6.9,72.8,775.7,0.213,0.492,0.888,Heavy rain reducing visibility and grip - reduced speed and longer buffer advised
EVT400735,2025-02-17 14:59:56,Trade Fair,J023,Basavanagudi,7307,Weekday,False,Clear,False,0.0,False,False,0.258,Low,31.5,16.5,56.2,0.033,0.077,0.966,Moderate traffic flow - standard adaptive signal timing in effect
EVT400736,2025-10-27 17:50:33,Concert,J009,Majestic,14774,Weekday,False,Clear,False,0.0,False,False,1.0,Severe,7.8,67.0,830.2,0.267,0.617,0.94,Heavy congestion detected - signal timing extended and reroute suggested
EVT400737,2025-06-21 18:43:37,Local Market Day,J031,Cubbon Road,2956,Weekend,False,Clear,False,0.0,False,False,0.938,Severe,9.1,69.9,501.0,0.201,0.465,0.941,Heavy congestion detected - signal timing extended and reroute suggested
EVT400738,2026-01-28 08:36:01,Concert,J030,MG Road,8534,Weekday,False,Clear,False,0.0,False,False,1.0,Severe,7.7,74.3,797.0,0.251,0.58,0.925,Heavy congestion detected - signal timing extended and reroute suggested
EVT400739,2025-07-09 08:21:08,Local Market Day,J011,Indiranagar 100ft Road,5768,Weekday,False,Heavy Rain,True,27.8,False,False,1.0,Severe,10.3,75.4,506.9,0.213,0.491,0.866,Heavy rain reducing visibility and grip - reduced speed and longer buffer advised
EVT400740,2026-06-07 13:26:08,Concert,J031,Cubbon Road,14762,Weekend,False,Light Rain,True,5.4,False,False,0.452,Moderate,31.9,23.1,225.9,0.208,0.481,0.899,Light rain detected - minor speed reduction advised
EVT400741,2026-06-13 12:53:38,Local Market Day,J031,Cubbon Road,3277,Weekend,False,Clear,False,0.0,False,False,0.297,Low,26.2,17.3,219.9,0.153,0.354,0.963,Moderate traffic flow - standard adaptive signal timing in effect
EVT400742,2026-01-17 15:38:48,Sports Fixture,J012,Koramangala Sony World,28390,Weekend,False,Clear,False,0.0,False,False,0.465,Moderate,21.1,33.9,234.4,0.157,0.364,0.94,Moderate traffic flow - standard adaptive signal timing in effect
EVT400743,2025-10-08 21:23:49,Concert,J023,Basavanagudi,18025,Weekday,False,Light Rain,True,1.9,True,False,0.803,Severe,13.2,53.0,218.4,0.093,0.215,0.738,Accident detected nearby - reroute and reduced speed advised
EVT400744,2026-03-09 19:27:09,Sports Fixture,J009,Majestic,20853,Weekday,False,Fog,False,0.0,False,False,0.967,Severe,7.7,66.1,710.5,0.237,0.548,0.912,Heavy congestion detected - signal timing extended and reroute suggested
EVT400745,2025-12-28 18:09:21,Concert,J009,Majestic,7034,Weekend,False,Clear,False,0.0,False,False,0.823,Severe,14.1,60.0,402.7,0.209,0.483,0.931,Heavy congestion detected - signal timing extended and reroute suggested
EVT400746,2026-02-22 09:11:06,Sports Fixture,J009,Majestic,26013,Weekend,False,Clear,False,0.0,False,False,1.0,Severe,7.2,72.3,604.7,0.189,0.437,0.911,Heavy congestion detected - signal timing extended and reroute suggested
EVT400747,2025-11-17 07:16:37,Concert,J031,Cubbon Road,15781,Weekday,False,Clear,False,0.0,False,False,0.639,High,19.3,49.6,212.5,0.12,0.278,0.966,Moderate traffic flow - standard adaptive signal timing in effect
EVT400748,2025-07-07 12:47:46,Sports Fixture,J009,Majestic,34084,Weekday,False,Rain,True,23.6,False,False,0.622,High,19.1,47.2,224.9,0.147,0.339,0.919,Heavy rain reducing visibility and grip - reduced speed and longer buffer advised
EVT400749,2026-01-15 13:09:07,Cultural Procession,J031,Cubbon Road,8764,Weekday,True,Clear,False,0.0,False,True,0.571,Moderate,21.6,49.9,274.9,0.205,0.473,0.886,Road closure for event/procession - full detour recommended for through-traffic
EVT400750,2025-01-18 16:33:02,Concert,J023,Basavanagudi,7207,Weekend,False,Clear,False,0.0,False,False,0.628,High,24.7,52.2,270.6,0.186,0.429,0.955,Moderate traffic flow - standard adaptive signal timing in effect
EVT400751,2026-01-06 12:02:34,Political Rally,J030,MG Road,11233,Weekday,False,Clear,False,0.0,False,False,0.202,Low,23.4,14.1,256.4,0.156,0.361,0.975,Normal free-flow traffic - standard signal timing maintained
EVT400752,2026-06-14 18:39:42,Concert,J023,Basavanagudi,19923,Weekend,False,Heavy Rain,True,44.5,False,False,1.0,Severe,8.8,68.2,494.6,0.176,0.408,0.878,Heavy rain reducing visibility and grip - reduced speed and longer buffer advised
EVT400753,2025-12-05 10:20:01,Local Market Day,J023,Basavanagudi,7320,Weekday,False,Clear,False,0.0,False,False,0.695,High,14.5,48.2,369.9,0.174,0.403,0.967,Moderate traffic flow - standard adaptive signal timing in effect
EVT400754,2026-05-13 23:04:28,Political Rally,J012,Koramangala Sony World,21240,Weekday,False,Clear,False,0.0,False,False,0.273,Low,38.6,26.0,128.6,0.128,0.295,0.971,Moderate traffic flow - standard adaptive signal timing in effect
EVT400755,2025-06-28 00:06:35,Sports Fixture,J009,Majestic,21669,Weekend,False,Fog,False,0.0,False,False,0.326,Low,35.0,16.3,140.4,0.133,0.306,0.943,Moderate traffic flow - standard adaptive signal timing in effect
EVT400756,2025-01-09 18:46:11,Local Market Day,J023,Basavanagudi,1758,Weekday,False,Clear,False,0.0,False,False,1.0,Severe,8.5,72.5,549.9,0.179,0.414,0.939,Heavy congestion detected - signal timing extended and reroute suggested
EVT400757,2026-01-25 13:52:08,Concert,J040,City Market,8093,Weekend,False,Clear,False,0.0,False,False,0.307,Low,28.7,22.0,146.5,0.128,0.297,0.969,Moderate traffic flow - standard adaptive signal timing in effect
EVT400758,2025-01-01 08:37:57,Sports Fixture,J009,Majestic,20353,Weekday,False,Clear,False,0.0,False,False,1.0,Severe,7.3,72.7,677.7,0.212,0.489,0.904,Heavy congestion detected - signal timing extended and reroute suggested
EVT400759,2025-11-13 18:30:39,Sports Fixture,J011,Indiranagar 100ft Road,22495,Weekday,False,Clear,False,0.0,False,False,1.0,Severe,9.4,69.2,635.1,0.23,0.531,0.912,Heavy congestion detected - signal timing extended and reroute suggested
EVT400760,2026-04-13 20:38:46,Local Market Day,J030,MG Road,3862,Weekday,False,Clear,False,0.0,False,False,0.575,High,19.3,47.9,399.5,0.217,0.501,0.99,Moderate traffic flow - standard adaptive signal timing in effect
EVT400761,2025-11-13 17:03:20,Local Market Day,J040,City Market,3794,Weekday,False,Clear,False,0.0,False,False,0.645,High,22.1,49.3,115.2,0.077,0.178,0.959,Moderate traffic flow - standard adaptive signal timing in effect
EVT400762,2025-06-11 17:09:42,Sports Fixture,J040,City Market,21635,Weekday,False,Heavy Rain,True,41.7,False,False,1.0,Severe,6.9,71.8,645.9,0.193,0.445,0.892,Heavy rain reducing visibility and grip - reduced speed and longer buffer advised
EVT400763,2025-02-12 09:15:03,Local Market Day,J040,City Market,6518,Weekday,False,Clear,False,0.0,False,False,0.971,Severe,11.5,67.1,658.5,0.285,0.659,0.907,Heavy congestion detected - signal timing extended and reroute suggested
EVT400764,2025-07-09 16:53:08,Local Market Day,J012,Koramangala Sony World,3187,Weekday,False,Fog,False,0.0,False,False,0.653,High,18.5,48.3,350.2,0.212,0.49,0.955,Moderate traffic flow - standard adaptive signal timing in effect
EVT400765,2025-07-18 13:59:14,Trade Fair,J020,Malleshwaram Circle,5577,Weekday,False,Heavy Rain,True,44.6,False,False,0.526,Moderate,25.5,34.8,128.1,0.115,0.266,0.951,Light rain detected - minor speed reduction advised
EVT400766,2025-09-02 16:21:59,Concert,J011,Indiranagar 100ft Road,20151,Weekday,False,Clear,False,0.0,False,False,0.567,High,18.0,38.8,110.4,0.074,0.172,0.97,Moderate traffic flow - standard adaptive signal timing in effect
EVT400767,2025-12-17 17:30:16,Sports Fixture,J020,Malleshwaram Circle,23327,Weekday,False,Light Rain,True,4.5,False,False,1.0,Severe,8.9,67.9,608.4,0.22,0.508,0.841,Heavy rain reducing visibility and grip - reduced speed and longer buffer advised
EVT400768,2025-11-28 19:37:38,Sports Fixture,J023,Basavanagudi,30486,Weekday,False,Clear,False,0.0,False,False,1.0,Severe,6.8,72.1,300.0,0.085,0.197,0.892,Heavy congestion detected - signal timing extended and reroute suggested
EVT400769,2025-11-11 14:31:16,Sports Fixture,J040,City Market,32283,Weekday,False,Clear,False,0.0,False,False,0.336,Low,24.7,23.1,208.7,0.167,0.386,0.958,Moderate traffic flow - standard adaptive signal timing in effect
EVT400770,2025-08-07 08:11:18,Trade Fair,J023,Basavanagudi,16840,Weekday,False,Clear,False,0.0,False,False,1.0,Severe,5.3,75.6,728.7,0.163,0.376,0.919,Heavy congestion detected - signal timing extended and reroute suggested
EVT400771,2026-01-25 17:32:32,Trade Fair,J023,Basavanagudi,10089,Weekend,False,Clear,False,0.0,False,False,0.862,Severe,14.3,69.7,374.9,0.197,0.455,0.965,Heavy congestion detected - signal timing extended and reroute suggested
EVT400772,2026-02-14 03:26:53,Concert,J011,Indiranagar 100ft Road,13476,Weekend,False,Clear,False,0.0,False,False,0.248,Low,31.1,18.1,113.7,0.081,0.188,0.981,Normal free-flow traffic - standard signal timing maintained
EVT400773,2025-07-15 08:53:24,Political Rally,J011,Indiranagar 100ft Road,16980,Weekday,False,Clear,False,0.0,False,False,1.0,Severe,6.8,73.5,915.3,0.253,0.584,0.887,Heavy congestion detected - signal timing extended and reroute suggested
EVT400774,2025-10-28 10:07:31,Sports Fixture,J040,City Market,25960,Weekday,False,Clear,False,0.0,False,False,0.862,Severe,12.2,63.9,342.9,0.155,0.357,0.936,Heavy congestion detected - signal timing extended and reroute suggested
EVT400775,2026-01-13 13:53:26,Local Market Day,J020,Malleshwaram Circle,3624,Weekday,False,Clear,False,0.0,False,False,0.181,Low,40.6,11.9,121.7,0.123,0.283,0.971,Normal free-flow traffic - standard signal timing maintained
EVT400776,2025-06-12 19:32:02,Sports Fixture,J040,City Market,14543,Weekday,False,Heavy Rain,True,44.7,False,False,1.0,Severe,9.2,73.6,648.4,0.241,0.556,0.861,Heavy rain reducing visibility and grip - reduced speed and longer buffer advised
EVT400777,2025-05-20 17:34:39,Sports Fixture,J040,City Market,18940,Weekday,False,Clear,False,0.0,False,False,0.907,Severe,9.6,68.3,546.0,0.198,0.458,0.927,Heavy congestion detected - signal timing extended and reroute suggested
EVT400778,2026-05-30 18:25:40,Concert,J011,Indiranagar 100ft Road,13416,Weekend,False,Rain,True,10.7,False,False,1.0,Severe,7.8,68.5,472.8,0.157,0.362,0.861,Heavy rain reducing visibility and grip - reduced speed and longer buffer advised
EVT400779,2026-05-12 13:17:59,Concert,J012,Koramangala Sony World,11983,Weekday,False,Clear,False,0.0,False,False,0.143,Low,35.0,18.1,74.7,0.069,0.16,0.952,Normal free-flow traffic - standard signal timing maintained
EVT400780,2025-02-26 15:40:58,Sports Fixture,J012,Koramangala Sony World,19538,Weekday,False,Clear,False,0.0,False,False,0.419,Moderate,23.4,28.8,176.9,0.111,0.256,0.954,Moderate traffic flow - standard adaptive signal timing in effect
EVT400781,2025-02-11 17:16:39,Concert,J009,Majestic,24264,Weekday,False,Clear,False,0.0,False,False,0.943,Severe,10.6,69.4,635.0,0.235,0.544,0.963,Heavy congestion detected - signal timing extended and reroute suggested
EVT400782,2025-12-15 13:35:02,Concert,J020,Malleshwaram Circle,12063,Weekday,False,Clear,False,0.0,False,False,0.164,Low,30.0,12.2,103.6,0.074,0.17,0.99,Normal free-flow traffic - standard signal timing maintained
EVT400783,2026-06-05 04:49:39,Concert,J012,Koramangala Sony World,7172,Weekday,False,Rain,True,9.0,False,False,0.321,Low,28.6,19.2,146.0,0.099,0.229,0.91,Light rain detected - minor speed reduction advised
EVT400784,2025-12-23 23:57:58,Concert,J031,Cubbon Road,7348,Weekday,False,Clear,False,0.0,False,False,0.111,Low,38.1,4.9,131.7,0.136,0.314,0.948,Normal free-flow traffic - standard signal timing maintained
EVT400785,2025-09-06 16:17:04,Religious Festival,J030,MG Road,56950,Weekend,True,Light Rain,True,5.2,False,True,1.0,Severe,8.1,106.3,384.0,0.137,0.318,0.806,Road closure for event/procession - full detour recommended for through-traffic
EVT400786,2025-08-10 20:45:23,Concert,J030,MG Road,13406,Weekend,False,Rain,True,16.7,False,False,0.637,High,23.5,45.1,227.3,0.177,0.408,0.907,Heavy rain reducing visibility and grip - reduced speed and longer buffer advised
EVT400787,2026-06-16 20:09:50,Local Market Day,J020,Malleshwaram Circle,3026,Weekday,False,Clear,False,0.0,False,False,0.643,High,22.2,44.7,273.0,0.189,0.437,0.99,Moderate traffic flow - standard adaptive signal timing in effect
EVT400788,2025-06-30 10:59:40,Local Market Day,J040,City Market,7240,Weekday,False,Rain,True,8.7,False,False,0.631,High,22.2,49.7,148.3,0.096,0.222,0.922,Heavy rain reducing visibility and grip - reduced speed and longer buffer advised
EVT400789,2025-11-15 13:13:48,Local Market Day,J009,Majestic,5346,Weekend,False,Clear,False,0.0,False,False,0.265,Low,33.0,15.1,178.1,0.163,0.376,0.988,Moderate traffic flow - standard adaptive signal timing in effect
EVT400790,2025-03-04 15:31:23,Trade Fair,J031,Cubbon Road,12027,Weekday,False,Clear,False,0.0,False,False,0.43,Moderate,20.8,28.9,312.5,0.181,0.419,0.956,Moderate traffic flow - standard adaptive signal timing in effect
EVT400791,2025-05-21 10:47:23,Trade Fair,J020,Malleshwaram Circle,5716,Weekday,False,Clear,False,0.0,False,False,0.453,Moderate,25.1,23.1,244.3,0.154,0.356,0.952,Moderate traffic flow - standard adaptive signal timing in effect
EVT400792,2025-08-30 11:52:31,Sports Fixture,J023,Basavanagudi,31144,Weekend,False,Clear,False,0.0,False,False,0.459,Moderate,27.7,32.6,118.0,0.088,0.202,0.955,Moderate traffic flow - standard adaptive signal timing in effect
EVT400793,2025-12-31 07:23:09,Local Market Day,J020,Malleshwaram Circle,5325,Weekday,False,Clear,False,0.0,False,False,0.571,High,22.8,40.1,159.0,0.119,0.275,0.967,Moderate traffic flow - standard adaptive signal timing in effect
EVT400794,2025-11-10 12:57:08,Trade Fair,J030,MG Road,9490,Weekday,False,Clear,False,0.0,False,False,0.23,Low,30.4,27.7,122.8,0.074,0.171,0.987,Normal free-flow traffic - standard signal timing maintained
EVT400795,2025-12-06 18:26:05,Sports Fixture,J020,Malleshwaram Circle,16804,Weekend,False,Light Rain,True,2.1,False,False,1.0,Severe,8.1,74.3,680.3,0.248,0.573,0.851,Heavy rain reducing visibility and grip - reduced speed and longer buffer advised
EVT400796,2025-08-03 08:00:24,Sports Fixture,J023,Basavanagudi,12085,Weekend,False,Heavy Rain,True,62.9,False,False,1.0,Severe,8.4,72.4,556.3,0.213,0.492,0.878,Heavy rain reducing visibility and grip - reduced speed and longer buffer advised
EVT400797,2025-10-13 06:20:14,Sports Fixture,J009,Majestic,17451,Weekday,False,Clear,False,0.0,False,False,0.403,Moderate,25.4,32.1,122.2,0.094,0.216,0.97,Moderate traffic flow - standard adaptive signal timing in effect
EVT400798,2025-02-21 16:44:03,Sports Fixture,J031,Cubbon Road,25568,Weekday,False,Clear,False,0.0,False,False,0.822,Severe,12.3,55.6,267.7,0.124,0.288,0.946,Heavy congestion detected - signal timing extended and reroute suggested
EVT400799,2025-05-24 14:52:40,Local Market Day,J030,MG Road,3630,Weekend,False,Clear,False,0.0,False,False,0.327,Low,32.4,22.1,148.9,0.133,0.307,0.981,Moderate traffic flow - standard adaptive signal timing in effect
EVT400800,2025-06-06 08:34:13,Political Rally,J023,Basavanagudi,12106,Weekday,False,Clear,False,0.0,False,False,0.987,Severe,10.7,72.8,442.7,0.189,0.437,0.906,Heavy congestion detected - signal timing extended and reroute suggested
EVT400801,2025-12-06 11:40:06,Sports Fixture,J030,MG Road,15783,Weekend,False,Clear,False,0.0,False,False,0.368,Moderate,31.1,23.6,101.0,0.073,0.169,0.976,Moderate traffic flow - standard adaptive signal timing in effect
EVT400802,2025-11-06 15:41:32,Trade Fair,J011,Indiranagar 100ft Road,11440,Weekday,False,Clear,False,0.0,False,False,0.376,Moderate,33.5,18.8,126.1,0.098,0.227,0.978,Moderate traffic flow - standard adaptive signal timing in effect
EVT400803,2025-12-29 16:52:08,Local Market Day,J023,Basavanagudi,1632,Weekday,False,Clear,False,0.0,False,False,0.632,High,25.0,50.9,105.8,0.08,0.186,0.99,Moderate traffic flow - standard adaptive signal timing in effect
EVT400804,2026-05-12 05:34:41,Local Market Day,J011,Indiranagar 100ft Road,2868,Weekday,False,Clear,False,0.0,False,False,0.19,Low,27.1,11.3,131.9,0.093,0.215,0.965,Normal free-flow traffic - standard signal timing maintained
EVT400805,2025-02-12 09:18:07,Sports Fixture,J012,Koramangala Sony World,25847,Weekday,False,Clear,False,0.0,False,False,1.0,Severe,8.6,71.1,440.0,0.157,0.362,0.923,Heavy congestion detected - signal timing extended and reroute suggested
EVT400806,2025-08-24 17:20:33,Concert,J031,Cubbon Road,14768,Weekend,False,Clear,False,0.0,False,False,0.788,Severe,16.6,55.1,217.1,0.126,0.29,0.957,Heavy congestion detected - signal timing extended and reroute suggested
EVT400807,2025-10-11 06:16:02,Trade Fair,J012,Koramangala Sony World,9738,Weekend,False,Clear,False,0.0,False,False,0.371,Moderate,24.6,29.7,71.1,0.044,0.103,0.966,Moderate traffic flow - standard adaptive signal timing in effect
EVT400808,2025-05-03 18:50:12,Sports Fixture,J031,Cubbon Road,13811,Weekend,False,Clear,False,0.0,False,False,0.928,Severe,11.4,67.4,506.0,0.211,0.487,0.937,Heavy congestion detected - signal timing extended and reroute suggested
EVT400809,2025-02-19 21:03:00,Sports Fixture,J040,City Market,26387,Weekday,False,Clear,False,0.0,False,False,0.549,Moderate,22.7,32.3,270.4,0.185,0.427,0.972,Moderate traffic flow - standard adaptive signal timing in effect
EVT400810,2026-01-19 12:48:47,Local Market Day,J020,Malleshwaram Circle,3310,Weekday,False,Clear,False,0.0,False,False,0.198,Low,29.8,13.9,200.4,0.161,0.371,0.984,Normal free-flow traffic - standard signal timing maintained
EVT400811,2025-05-29 18:10:23,Local Market Day,J023,Basavanagudi,4188,Weekday,False,Clear,False,0.0,False,False,0.982,Severe,10.2,74.2,516.7,0.227,0.525,0.934,Heavy congestion detected - signal timing extended and reroute suggested
EVT400812,2025-09-02 08:27:33,Local Market Day,J023,Basavanagudi,3111,Weekday,False,Light Rain,True,6.1,False,False,1.0,Severe,10.6,70.2,235.4,0.107,0.247,0.865,Heavy rain reducing visibility and grip - reduced speed and longer buffer advised
EVT400813,2025-03-07 11:46:09,Sports Fixture,J023,Basavanagudi,34671,Weekday,False,Clear,False,0.0,False,False,0.448,Moderate,22.2,29.1,113.2,0.084,0.194,0.966,Moderate traffic flow - standard adaptive signal timing in effect
EVT400814,2025-06-28 15:37:27,Concert,J031,Cubbon Road,10231,Weekend,False,Rain,True,19.1,False,False,0.686,High,18.4,50.3,237.2,0.129,0.298,0.905,Heavy rain reducing visibility and grip - reduced speed and longer buffer advised
EVT400815,2026-05-01 19:03:22,Cultural Procession,J040,City Market,26580,Weekday,True,Clear,False,0.0,False,True,1.0,Severe,4.8,104.8,709.5,0.171,0.396,0.823,Road closure for event/procession - full detour recommended for through-traffic
EVT400816,2025-02-09 17:09:32,Sports Fixture,J040,City Market,23092,Weekend,False,Clear,False,0.0,False,False,0.795,Severe,16.3,47.5,394.3,0.214,0.495,0.957,Heavy congestion detected - signal timing extended and reroute suggested
EVT400817,2026-01-23 19:27:03,Local Market Day,J030,MG Road,4050,Weekday,False,Clear,False,0.0,False,False,0.88,Severe,11.1,60.4,574.5,0.237,0.546,0.936,Heavy congestion detected - signal timing extended and reroute suggested
EVT400818,2025-06-18 16:35:41,Local Market Day,J011,Indiranagar 100ft Road,2904,Weekday,False,Clear,False,0.0,False,False,0.601,High,26.5,50.1,91.7,0.075,0.172,0.963,Moderate traffic flow - standard adaptive signal timing in effect
EVT400819,2025-10-03 18:00:25,Fireworks Display,J023,Basavanagudi,44794,Weekday,True,Light Rain,True,4.9,False,False,1.0,Severe,7.4,67.7,617.0,0.198,0.458,0.842,Festival crowd surge detected - alternate route and extended cycle recommended
EVT400820,2026-02-14 10:49:30,Local Market Day,J012,Koramangala Sony World,4417,Weekend,False,Clear,False,0.0,False,False,0.482,Moderate,26.6,39.1,144.6,0.077,0.178,0.977,Moderate traffic flow - standard adaptive signal timing in effect
EVT400821,2025-01-11 18:33:21,Local Market Day,J040,City Market,5160,Weekend,False,Clear,False,0.0,False,False,0.859,Severe,11.1,54.7,539.2,0.225,0.519,0.955,Heavy congestion detected - signal timing extended and reroute suggested
EVT400822,2025-05-12 10:02:10,Local Market Day,J031,Cubbon Road,3146,Weekday,False,Clear,False,0.0,False,False,0.805,Severe,15.8,61.7,458.4,0.263,0.608,0.954,Heavy congestion detected - signal timing extended and reroute suggested
EVT400823,2026-02-07 21:52:26,Trade Fair,J012,Koramangala Sony World,8885,Weekend,False,Clear,False,0.0,False,False,0.353,Moderate,30.8,30.3,125.1,0.123,0.285,0.964,Moderate traffic flow - standard adaptive signal timing in effect
EVT400824,2025-10-11 20:02:41,Local Market Day,J030,MG Road,4919,Weekend,False,Light Rain,True,5.8,False,False,0.669,High,18.1,44.5,282.7,0.163,0.377,0.901,Heavy rain reducing visibility and grip - reduced speed and longer buffer advised
EVT400825,2025-03-01 18:44:29,Local Market Day,J030,MG Road,2244,Weekend,False,Clear,False,0.0,False,False,0.921,Severe,10.6,67.7,461.3,0.2,0.462,0.944,Heavy congestion detected - signal timing extended and reroute suggested
EVT400826,2025-09-09 18:00:34,Sports Fixture,J031,Cubbon Road,41977,Weekday,False,Clear,False,0.0,False,False,1.0,Severe,7.8,70.7,637.4,0.215,0.497,0.934,Heavy congestion detected - signal timing extended and reroute suggested
EVT400827,2025-10-09 07:23:45,Sports Fixture,J020,Malleshwaram Circle,18687,Weekday,False,Rain,True,21.6,False,False,0.771,Severe,17.4,54.3,371.8,0.228,0.527,0.901,Heavy rain reducing visibility and grip - reduced speed and longer buffer advised
EVT400828,2025-03-11 21:45:40,Local Market Day,J030,MG Road,7243,Weekday,False,Clear,False,0.0,False,False,0.324,Low,29.2,26.5,156.2,0.116,0.268,0.97,Moderate traffic flow - standard adaptive signal timing in effect
EVT400829,2025-10-02 19:21:20,Religious Festival,J009,Majestic,34964,Weekday,True,Clear,False,0.0,False,True,1.0,Severe,8.1,95.2,765.2,0.233,0.538,0.814,Road closure for event/procession - full detour recommended for through-traffic
EVT400830,2025-10-30 04:13:14,Political Rally,J009,Majestic,19971,Weekday,False,Clear,False,0.0,False,False,0.32,Low,28.8,22.5,194.5,0.16,0.369,0.967,Moderate traffic flow - standard adaptive signal timing in effect
EVT400831,2026-06-22 09:45:44,Local Market Day,J031,Cubbon Road,7410,Weekday,False,Clear,False,0.0,False,False,0.865,Severe,14.0,67.5,580.4,0.3,0.693,0.946,Heavy congestion detected - signal timing extended and reroute suggested
EVT400832,2025-04-26 17:17:53,Trade Fair,J012,Koramangala Sony World,6239,Weekend,False,Clear,False,0.0,False,False,0.688,High,17.8,49.0,153.2,0.113,0.262,0.964,Moderate traffic flow - standard adaptive signal timing in effect
EVT400833,2025-03-17 08:54:39,Concert,J030,MG Road,12248,Weekday,False,Clear,False,0.0,False,False,1.0,Severe,8.4,69.4,645.1,0.219,0.505,0.916,Heavy congestion detected - signal timing extended and reroute suggested
EVT400834,2025-01-23 21:47:07,Local Market Day,J023,Basavanagudi,4802,Weekday,False,Clear,False,0.0,False,False,0.276,Low,31.5,18.1,103.2,0.087,0.201,0.955,Moderate traffic flow - standard adaptive signal timing in effect
EVT400835,2025-03-01 22:17:32,Sports Fixture,J040,City Market,25963,Weekend,False,Clear,False,0.0,False,False,0.361,Moderate,31.0,30.0,201.6,0.152,0.35,0.974,Moderate traffic flow - standard adaptive signal timing in effect
EVT400836,2025-03-14 11:06:45,Cultural Procession,J040,City Market,16774,Weekday,True,Clear,False,0.0,False,True,0.826,High,17.4,97.9,306.0,0.19,0.438,0.869,Road closure for event/procession - full detour recommended for through-traffic
EVT400837,2025-05-27 21:26:31,Sports Fixture,J020,Malleshwaram Circle,30937,Weekday,False,Clear,False,0.0,False,False,0.464,Moderate,36.9,31.5,228.8,0.233,0.537,0.958,Moderate traffic flow - standard adaptive signal timing in effect
EVT400838,2025-03-19 18:56:36,Concert,J040,City Market,13145,Weekday,False,Clear,False,0.0,False,False,1.0,Severe,8.3,68.0,396.5,0.153,0.354,0.921,Heavy congestion detected - signal timing extended and reroute suggested
EVT400839,2026-06-05 16:10:00,Political Rally,J011,Indiranagar 100ft Road,20722,Weekday,False,Clear,False,0.0,False,False,0.556,High,22.3,41.0,280.7,0.18,0.415,0.99,Moderate traffic flow - standard adaptive signal timing in effect
EVT400840,2025-01-26 20:54:30,Fireworks Display,J020,Malleshwaram Circle,19209,Weekend,True,Clear,False,0.0,False,False,0.829,Severe,16.7,54.0,229.2,0.143,0.33,0.905,Festival crowd surge detected - alternate route and extended cycle recommended
EVT400841,2025-05-25 10:42:24,Sports Fixture,J020,Malleshwaram Circle,21553,Weekend,False,Light Rain,True,7.1,False,False,0.809,Severe,16.0,61.5,284.1,0.149,0.343,0.898,Heavy rain reducing visibility and grip - reduced speed and longer buffer advised
EVT400842,2025-07-02 07:21:26,Political Rally,J020,Malleshwaram Circle,13201,Weekday,False,Clear,False,0.0,False,False,0.675,High,21.3,42.4,314.6,0.242,0.559,0.956,Moderate traffic flow - standard adaptive signal timing in effect
EVT400843,2026-04-29 09:10:52,Concert,J012,Koramangala Sony World,23194,Weekday,False,Clear,False,0.0,False,False,1.0,Severe,7.4,73.0,702.6,0.224,0.517,0.918,Heavy congestion detected - signal timing extended and reroute suggested
EVT400844,2025-05-10 19:11:36,Concert,J009,Majestic,16500,Weekend,False,Clear,False,0.0,False,False,0.933,Severe,10.2,70.5,463.2,0.191,0.441,0.927,Heavy congestion detected - signal timing extended and reroute suggested
EVT400845,2025-12-20 09:54:15,Political Rally,J020,Malleshwaram Circle,12809,Weekend,False,Clear,False,0.0,False,False,0.846,Severe,13.2,61.7,650.9,0.306,0.708,0.916,Heavy congestion detected - signal timing extended and reroute suggested
EVT400846,2026-05-13 18:02:41,Sports Fixture,J023,Basavanagudi,16641,Weekday,False,Rain,True,22.9,False,False,1.0,Severe,9.5,72.3,523.5,0.184,0.425,0.835,Heavy rain reducing visibility and grip - reduced speed and longer buffer advised
EVT400847,2026-04-28 07:47:32,Political Rally,J030,MG Road,11023,Weekday,False,Clear,False,0.0,False,False,0.879,Severe,15.2,62.4,400.1,0.211,0.488,0.908,Heavy congestion detected - signal timing extended and reroute suggested
EVT400848,2025-10-22 20:45:22,Religious Festival,J023,Basavanagudi,43241,Weekday,True,Clear,False,0.0,False,False,0.907,Severe,11.2,59.2,322.7,0.134,0.31,0.887,Festival crowd surge detected - alternate route and extended cycle recommended
EVT400849,2025-08-20 15:24:39,Sports Fixture,J031,Cubbon Road,24020,Weekday,False,Clear,False,0.0,False,False,0.442,Moderate,26.2,26.8,98.2,0.055,0.126,0.947,Moderate traffic flow - standard adaptive signal timing in effect
EVT400850,2025-08-01 12:53:15,Trade Fair,J023,Basavanagudi,9684,Weekday,False,Heavy Rain,True,31.7,False,False,0.486,Moderate,24.2,33.0,104.5,0.084,0.195,0.903,Light rain detected - minor speed reduction advised
EVT400851,2026-03-08 15:57:14,Sports Fixture,J030,MG Road,35486,Weekend,False,Clear,False,0.0,False,False,0.602,High,21.8,40.8,288.5,0.179,0.413,0.981,Moderate traffic flow - standard adaptive signal timing in effect
EVT400852,2025-02-25 19:18:49,Local Market Day,J012,Koramangala Sony World,3572,Weekday,False,Clear,False,0.0,False,False,0.961,Severe,9.6,66.4,448.7,0.183,0.423,0.922,Heavy congestion detected - signal timing extended and reroute suggested
EVT400853,2025-05-05 09:49:59,Sports Fixture,J011,Indiranagar 100ft Road,22933,Weekday,False,Rain,True,23.2,False,False,1.0,Severe,9.7,73.1,249.4,0.122,0.281,0.854,Heavy rain reducing visibility and grip - reduced speed and longer buffer advised
EVT400854,2025-06-07 20:56:30,Local Market Day,J020,Malleshwaram Circle,4259,Weekend,False,Clear,False,0.0,False,False,0.472,Moderate,28.6,28.8,233.1,0.193,0.446,0.931,Moderate traffic flow - standard adaptive signal timing in effect
EVT400855,2026-06-13 18:00:59,Local Market Day,J031,Cubbon Road,2536,Weekend,False,Heavy Rain,True,32.5,False,False,1.0,Severe,10.1,76.1,544.5,0.217,0.5,0.864,Heavy rain reducing visibility and grip - reduced speed and longer buffer advised
EVT400856,2026-01-27 16:25:12,Cultural Procession,J023,Basavanagudi,40409,Weekday,True,Clear,False,0.0,False,True,1.0,Severe,9.1,103.4,523.6,0.217,0.502,0.833,Road closure for event/procession - full detour recommended for through-traffic
EVT400857,2025-12-15 09:25:27,Local Market Day,J023,Basavanagudi,5115,Weekday,False,Clear,False,0.0,False,False,0.986,Severe,9.0,62.5,519.6,0.19,0.439,0.919,Heavy congestion detected - signal timing extended and reroute suggested
EVT400858,2026-01-20 20:44:34,Trade Fair,J020,Malleshwaram Circle,12079,Weekday,False,Clear,False,0.0,False,False,0.451,Moderate,26.8,29.2,255.1,0.217,0.501,0.95,Moderate traffic flow - standard adaptive signal timing in effect
EVT400859,2025-09-19 23:39:51,Local Market Day,J023,Basavanagudi,3701,Weekday,False,Rain,True,14.0,False,False,0.337,Low,28.0,18.0,101.8,0.092,0.212,0.947,Light rain detected - minor speed reduction advised
EVT400860,2026-05-08 16:38:00,Concert,J031,Cubbon Road,12138,Weekday,False,Clear,False,0.0,False,False,0.643,High,13.5,46.6,491.1,0.218,0.505,0.983,Moderate traffic flow - standard adaptive signal timing in effect
EVT400861,2025-03-13 05:33:11,Local Market Day,J030,MG Road,5791,Weekday,False,Clear,False,0.0,False,False,0.309,Low,26.9,21.5,129.8,0.084,0.195,0.936,Moderate traffic flow - standard adaptive signal timing in effect
EVT400862,2025-03-23 12:11:20,Concert,J020,Malleshwaram Circle,10203,Weekend,False,Clear,False,0.0,False,False,0.37,Moderate,22.0,21.9,177.6,0.106,0.245,0.968,Moderate traffic flow - standard adaptive signal timing in effect
EVT400863,2025-06-30 09:45:38,Concert,J031,Cubbon Road,19243,Weekday,False,Clear,False,0.0,False,False,1.0,Severe,10.2,70.7,421.0,0.173,0.4,0.915,Heavy congestion detected - signal timing extended and reroute suggested
EVT400864,2025-08-04 09:12:44,Local Market Day,J012,Koramangala Sony World,4010,Weekday,False,Clear,False,0.0,False,False,1.0,Severe,8.7,66.4,398.7,0.15,0.346,0.934,Heavy congestion detected - signal timing extended and reroute suggested
EVT400865,2025-10-26 14:05:34,Local Market Day,J030,MG Road,3881,Weekend,False,Clear,False,0.0,False,False,0.332,Low,21.0,22.0,292.2,0.161,0.372,0.971,Moderate traffic flow - standard adaptive signal timing in effect
EVT400866,2025-07-16 07:16:01,Sports Fixture,J040,City Market,17542,Weekday,False,Clear,False,0.0,False,False,0.65,High,20.0,49.2,236.4,0.15,0.346,0.934,Moderate traffic flow - standard adaptive signal timing in effect
EVT400867,2025-01-03 14:27:52,Local Market Day,J009,Majestic,3188,Weekday,False,Clear,False,0.0,False,False,0.202,Low,33.8,8.4,108.8,0.094,0.218,0.959,Normal free-flow traffic - standard signal timing maintained
EVT400868,2025-08-11 18:17:45,Trade Fair,J023,Basavanagudi,4669,Weekday,False,Clear,False,0.0,False,False,1.0,Severe,7.6,74.0,311.5,0.109,0.253,0.925,Heavy congestion detected - signal timing extended and reroute suggested
EVT400869,2025-10-26 17:11:08,Sports Fixture,J009,Majestic,37816,Weekend,False,Rain,True,15.0,False,False,1.0,Severe,7.8,70.8,435.4,0.141,0.327,0.88,Heavy rain reducing visibility and grip - reduced speed and longer buffer advised
EVT400870,2026-05-12 12:37:53,Sports Fixture,J020,Malleshwaram Circle,50899,Weekday,False,Clear,False,0.0,False,False,0.407,Moderate,18.6,29.7,95.3,0.035,0.081,0.978,Moderate traffic flow - standard adaptive signal timing in effect
EVT400871,2026-02-09 18:11:42,Local Market Day,J030,MG Road,4157,Weekday,False,Clear,False,0.0,False,False,0.913,Severe,11.4,63.9,467.2,0.228,0.526,0.937,Heavy congestion detected - signal timing extended and reroute suggested
EVT400872,2025-02-23 06:39:55,Local Market Day,J040,City Market,5314,Weekend,False,Clear,False,0.0,False,False,0.326,Low,31.5,22.7,133.6,0.123,0.283,0.972,Moderate traffic flow - standard adaptive signal timing in effect
EVT400873,2025-08-07 18:08:32,Sports Fixture,J023,Basavanagudi,30800,Weekday,False,Clear,False,0.0,False,False,1.0,Severe,7.4,70.8,325.7,0.1,0.232,0.921,Heavy congestion detected - signal timing extended and reroute suggested
EVT400874,2026-05-20 15:30:44,Trade Fair,J009,Majestic,20668,Weekday,False,Clear,False,0.0,False,False,0.452,Moderate,23.6,36.1,160.7,0.117,0.27,0.99,Moderate traffic flow - standard adaptive signal timing in effect
EVT400875,2025-03-25 10:22:35,Political Rally,J030,MG Road,8399,Weekday,False,Clear,False,0.0,False,False,0.7,High,20.1,49.9,212.3,0.137,0.316,0.971,Moderate traffic flow - standard adaptive signal timing in effect
EVT400876,2025-12-17 11:35:51,Local Market Day,J040,City Market,3580,Weekday,False,Clear,False,0.0,False,False,0.3,Low,35.4,19.8,120.0,0.124,0.287,0.973,Moderate traffic flow - standard adaptive signal timing in effect
EVT400877,2026-04-16 08:09:29,Political Rally,J011,Indiranagar 100ft Road,17544,Weekday,False,Fog,False,0.0,False,False,0.967,Severe,8.0,65.3,253.0,0.122,0.281,0.899,Heavy congestion detected - signal timing extended and reroute suggested
EVT400878,2025-07-02 20:42:47,Political Rally,J023,Basavanagudi,19171,Weekday,False,Fog,False,0.0,False,False,0.667,High,17.1,52.3,465.5,0.248,0.573,0.968,Moderate traffic flow - standard adaptive signal timing in effect
EVT400879,2025-07-10 19:41:32,Local Market Day,J009,Majestic,7484,Weekday,False,Clear,False,0.0,False,False,0.873,Severe,10.6,57.3,471.1,0.173,0.401,0.939,Heavy congestion detected - signal timing extended and reroute suggested
EVT400880,2026-06-28 06:46:24,Sports Fixture,J009,Majestic,24093,Weekend,False,Heavy Rain,True,26.0,False,False,0.771,Severe,19.2,57.7,191.4,0.124,0.287,0.903,Heavy rain reducing visibility and grip - reduced speed and longer buffer advised
EVT400881,2025-11-16 14:43:06,Local Market Day,J009,Majestic,4609,Weekend,False,Clear,False,0.0,False,False,0.333,Low,23.7,28.3,174.1,0.107,0.248,0.976,Moderate traffic flow - standard adaptive signal timing in effect
EVT400882,2026-02-10 21:13:37,Political Rally,J009,Majestic,12696,Weekday,False,Clear,False,0.0,False,False,0.328,Low,28.9,20.0,138.4,0.105,0.242,0.934,Moderate traffic flow - standard adaptive signal timing in effect
EVT400883,2026-06-10 20:39:18,Concert,J012,Koramangala Sony World,9160,Weekday,False,Clear,False,0.0,False,False,0.443,Moderate,31.0,33.5,191.8,0.177,0.409,0.961,Moderate traffic flow - standard adaptive signal timing in effect
EVT400884,2026-03-30 14:03:59,Sports Fixture,J009,Majestic,25490,Weekday,False,Clear,False,0.0,False,False,0.35,Low,29.2,22.0,74.8,0.073,0.169,0.94,Moderate traffic flow - standard adaptive signal timing in effect
EVT400885,2025-01-19 09:53:15,Local Market Day,J040,City Market,8361,Weekend,False,Clear,False,0.0,False,False,0.829,Severe,12.1,56.1,431.5,0.196,0.453,0.951,Heavy congestion detected - signal timing extended and reroute suggested
EVT400886,2025-09-16 08:30:12,Local Market Day,J031,Cubbon Road,3755,Weekday,False,Rain,True,22.5,False,False,1.0,Severe,7.0,70.1,795.5,0.223,0.515,0.875,Heavy rain reducing visibility and grip - reduced speed and longer buffer advised
EVT400887,2025-02-21 18:02:56,Local Market Day,J030,MG Road,2222,Weekday,False,Clear,False,0.0,False,False,1.0,Severe,8.3,68.5,244.5,0.087,0.2,0.927,Heavy congestion detected - signal timing extended and reroute suggested
EVT400888,2026-03-07 19:28:22,Local Market Day,J023,Basavanagudi,4567,Weekend,False,Clear,False,0.0,False,False,0.721,High,15.3,54.4,368.4,0.2,0.463,0.98,Moderate traffic flow - standard adaptive signal timing in effect
EVT400889,2025-04-02 16:38:11,Local Market Day,J011,Indiranagar 100ft Road,3664,Weekday,False,Clear,False,0.0,False,False,0.614,High,22.1,45.7,154.1,0.116,0.268,0.948,Moderate traffic flow - standard adaptive signal timing in effect
EVT400890,2025-06-18 15:01:19,Concert,J040,City Market,10009,Weekday,False,Rain,True,16.2,False,False,0.555,High,21.0,36.8,191.4,0.115,0.265,0.954,Heavy rain reducing visibility and grip - reduced speed and longer buffer advised
EVT400891,2026-04-25 09:47:14,Local Market Day,J031,Cubbon Road,4343,Weekend,False,Clear,False,0.0,False,False,0.675,High,15.8,49.5,354.1,0.195,0.45,0.953,Moderate traffic flow - standard adaptive signal timing in effect
EVT400892,2026-02-11 11:12:59,Political Rally,J009,Majestic,19360,Weekday,False,Clear,False,0.0,False,False,0.466,Moderate,27.5,34.8,155.0,0.116,0.268,0.974,Moderate traffic flow - standard adaptive signal timing in effect
EVT400893,2025-02-04 23:39:14,Local Market Day,J040,City Market,3569,Weekday,False,Clear,False,0.0,False,False,0.163,Low,30.2,12.3,113.5,0.105,0.241,0.941,Normal free-flow traffic - standard signal timing maintained
EVT400894,2025-09-08 12:59:31,Sports Fixture,J023,Basavanagudi,16900,Weekday,False,Clear,False,0.0,False,False,0.339,Low,29.8,18.1,245.9,0.197,0.454,0.973,Moderate traffic flow - standard adaptive signal timing in effect
EVT400895,2025-02-16 20:42:21,Sports Fixture,J012,Koramangala Sony World,13424,Weekend,False,Clear,False,0.0,False,False,0.492,Moderate,23.4,37.8,191.8,0.131,0.303,0.968,Moderate traffic flow - standard adaptive signal timing in effect
EVT400896,2025-09-19 15:15:05,Sports Fixture,J020,Malleshwaram Circle,46261,Weekday,False,Clear,False,0.0,False,False,0.538,Moderate,26.6,42.1,152.6,0.119,0.275,0.973,Moderate traffic flow - standard adaptive signal timing in effect
EVT400897,2025-12-13 14:30:15,Concert,J011,Indiranagar 100ft Road,11515,Weekend,False,Clear,False,0.0,False,False,0.265,Low,26.6,20.2,108.1,0.08,0.184,0.957,Moderate traffic flow - standard adaptive signal timing in effect
EVT400898,2025-08-11 11:15:56,Concert,J009,Majestic,14602,Weekday,False,Clear,False,0.0,False,False,0.455,Moderate,26.1,33.6,303.6,0.252,0.583,0.935,Moderate traffic flow - standard adaptive signal timing in effect
EVT400899,2025-03-25 20:41:07,Sports Fixture,J009,Majestic,18805,Weekday,False,Clear,False,0.0,False,False,0.561,High,26.4,39.7,149.4,0.128,0.296,0.948,Moderate traffic flow - standard adaptive signal timing in effect
EVT400900,2025-10-27 19:32:22,Local Market Day,J030,MG Road,2724,Weekday,False,Clear,False,0.0,False,False,0.901,Severe,14.8,59.2,378.9,0.18,0.415,0.94,Heavy congestion detected - signal timing extended and reroute suggested
EVT400901,2026-02-09 18:45:53,Local Market Day,J031,Cubbon Road,3424,Weekday,False,Clear,False,0.0,False,False,1.0,Severe,7.1,73.0,219.0,0.064,0.147,0.91,Heavy congestion detected - signal timing extended and reroute suggested
EVT400902,2025-04-20 19:45:07,Sports Fixture,J012,Koramangala Sony World,19914,Weekend,False,Clear,False,0.0,False,False,0.769,Severe,17.3,49.0,141.5,0.086,0.198,0.958,Heavy congestion detected - signal timing extended and reroute suggested
EVT400903,2025-02-23 08:18:59,Concert,J020,Malleshwaram Circle,15738,Weekend,False,Clear,False,0.0,False,False,0.803,Severe,18.1,56.5,313.6,0.188,0.434,0.94,Heavy congestion detected - signal timing extended and reroute suggested
EVT400904,2026-06-09 09:10:14,Local Market Day,J009,Majestic,4230,Weekday,False,Clear,False,0.0,False,False,0.999,Severe,9.3,69.8,426.5,0.167,0.387,0.922,Heavy congestion detected - signal timing extended and reroute suggested
EVT400905,2026-06-06 20:43:08,Local Market Day,J030,MG Road,2815,Weekend,False,Clear,False,0.0,False,False,0.379,Moderate,30.6,27.7,116.4,0.108,0.249,0.941,Moderate traffic flow - standard adaptive signal timing in effect
EVT400906,2025-05-16 20:39:27,Concert,J030,MG Road,13448,Weekday,False,Clear,False,0.0,False,False,0.592,High,21.1,43.1,254.1,0.163,0.376,0.987,Moderate traffic flow - standard adaptive signal timing in effect
EVT400907,2025-03-09 21:09:40,Political Rally,J030,MG Road,27251,Weekend,False,Clear,False,0.0,False,False,0.511,Moderate,23.5,38.9,182.7,0.134,0.309,0.972,Moderate traffic flow - standard adaptive signal timing in effect
EVT400908,2025-11-12 13:50:53,Local Market Day,J040,City Market,1947,Weekday,False,Clear,False,0.0,False,False,0.148,Low,28.4,16.7,128.3,0.084,0.193,0.933,Normal free-flow traffic - standard signal timing maintained
EVT400909,2026-02-06 06:02:50,Sports Fixture,J023,Basavanagudi,15675,Weekday,False,Clear,False,0.0,False,False,0.312,Low,27.2,26.6,169.7,0.139,0.32,0.979,Moderate traffic flow - standard adaptive signal timing in effect
EVT400910,2025-07-28 09:23:00,Sports Fixture,J030,MG Road,20319,Weekday,False,Clear,False,0.0,False,False,1.0,Severe,8.4,77.4,599.6,0.198,0.458,0.919,Heavy congestion detected - signal timing extended and reroute suggested
EVT400911,2025-10-20 07:23:22,Religious Festival,J030,MG Road,47152,Weekday,True,Clear,False,0.0,False,False,1.0,Severe,8.9,70.3,570.9,0.23,0.531,0.866,Festival crowd surge detected - alternate route and extended cycle recommended
EVT400912,2025-04-18 10:28:49,Trade Fair,J031,Cubbon Road,16430,Weekday,False,Light Rain,True,6.5,False,False,0.853,Severe,15.4,60.8,265.6,0.129,0.298,0.898,Heavy rain reducing visibility and grip - reduced speed and longer buffer advised
EVT400913,2026-02-27 10:26:05,Sports Fixture,J011,Indiranagar 100ft Road,23675,Weekday,False,Clear,False,0.0,False,False,0.776,Severe,16.6,56.9,284.5,0.179,0.413,0.99,Heavy congestion detected - signal timing extended and reroute suggested
EVT400914,2025-01-28 22:45:37,Concert,J030,MG Road,15679,Weekday,False,Clear,False,0.0,False,False,0.294,Low,32.4,25.0,146.6,0.129,0.298,0.971,Moderate traffic flow - standard adaptive signal timing in effect
EVT400915,2026-02-02 20:14:24,Sports Fixture,J020,Malleshwaram Circle,25486,Weekday,False,Clear,False,0.0,False,False,0.819,Severe,14.4,66.2,305.7,0.169,0.389,0.976,Heavy congestion detected - signal timing extended and reroute suggested
EVT400916,2025-07-24 08:01:46,Political Rally,J011,Indiranagar 100ft Road,10022,Weekday,False,Clear,False,0.0,False,False,0.813,Severe,16.6,53.4,342.6,0.188,0.434,0.948,Heavy congestion detected - signal timing extended and reroute suggested
EVT400917,2026-03-02 07:06:02,Sports Fixture,J040,City Market,28835,Weekday,False,Clear,False,0.0,False,False,0.62,High,20.1,42.7,256.3,0.167,0.385,0.959,Moderate traffic flow - standard adaptive signal timing in effect
EVT400918,2026-04-30 12:29:20,Sports Fixture,J031,Cubbon Road,40154,Weekday,False,Clear,False,0.0,False,False,0.399,Moderate,31.3,26.7,157.8,0.134,0.31,0.963,Moderate traffic flow - standard adaptive signal timing in effect
EVT400919,2026-04-06 19:08:37,Trade Fair,J040,City Market,8159,Weekday,False,Clear,False,0.0,False,False,0.951,Severe,9.1,73.2,509.5,0.179,0.415,0.928,Heavy congestion detected - signal timing extended and reroute suggested
EVT400920,2026-02-10 22:38:57,Concert,J030,MG Road,10250,Weekday,False,Clear,False,0.0,False,False,0.196,Low,33.3,12.5,107.5,0.096,0.221,0.971,Normal free-flow traffic - standard signal timing maintained
EVT400921,2025-09-24 19:01:51,Sports Fixture,J011,Indiranagar 100ft Road,24206,Weekday,False,Heavy Rain,True,27.6,False,False,1.0,Severe,8.5,66.2,694.0,0.255,0.589,0.857,Heavy rain reducing visibility and grip - reduced speed and longer buffer advised
EVT400922,2026-06-17 16:08:38,Trade Fair,J023,Basavanagudi,8697,Weekday,False,Clear,False,0.0,False,False,0.477,Moderate,29.5,33.4,164.4,0.151,0.349,0.93,Moderate traffic flow - standard adaptive signal timing in effect
EVT400923,2025-01-22 15:52:27,Local Market Day,J009,Majestic,4270,Weekday,False,Clear,False,0.0,False,False,0.391,Moderate,23.6,30.2,154.1,0.11,0.253,0.969,Moderate traffic flow - standard adaptive signal timing in effect
EVT400924,2025-12-12 11:26:34,Concert,J031,Cubbon Road,10092,Weekday,False,Clear,False,0.0,False,False,0.369,Moderate,28.6,29.7,171.2,0.144,0.332,0.939,Moderate traffic flow - standard adaptive signal timing in effect
EVT400925,2025-05-10 18:22:35,Local Market Day,J040,City Market,3331,Weekend,False,Rain,True,10.0,False,False,0.973,Severe,8.1,72.4,401.3,0.138,0.319,0.864,Heavy rain reducing visibility and grip - reduced speed and longer buffer advised
EVT400926,2025-09-18 09:53:56,Concert,J020,Malleshwaram Circle,9763,Weekday,False,Light Rain,True,3.6,False,False,0.954,Severe,8.2,71.3,546.8,0.169,0.391,0.875,Heavy rain reducing visibility and grip - reduced speed and longer buffer advised
EVT400927,2025-09-07 13:43:54,Trade Fair,J040,City Market,5281,Weekend,False,Clear,False,0.0,False,False,0.273,Low,28.4,24.3,87.7,0.076,0.176,0.961,Moderate traffic flow - standard adaptive signal timing in effect
EVT400928,2026-02-21 21:42:26,Trade Fair,J030,MG Road,7278,Weekend,False,Fog,False,0.0,False,False,0.408,Moderate,30.6,23.4,77.7,0.081,0.186,0.965,Moderate traffic flow - standard adaptive signal timing in effect
EVT400929,2026-05-27 09:38:34,Local Market Day,J031,Cubbon Road,4477,Weekday,False,Clear,False,0.0,False,False,0.951,Severe,9.2,69.8,531.8,0.205,0.474,0.943,Heavy congestion detected - signal timing extended and reroute suggested
EVT400930,2025-07-31 16:42:37,Sports Fixture,J030,MG Road,13999,Weekday,False,Clear,False,0.0,False,False,0.708,High,20.2,47.6,188.7,0.133,0.307,0.967,Moderate traffic flow - standard adaptive signal timing in effect
EVT400931,2025-08-17 11:33:51,Concert,J040,City Market,12748,Weekend,False,Clear,False,0.0,False,False,0.455,Moderate,29.6,33.5,164.0,0.125,0.289,0.981,Moderate traffic flow - standard adaptive signal timing in effect
EVT400932,2025-10-05 20:57:37,Sports Fixture,J012,Koramangala Sony World,14124,Weekend,False,Clear,False,0.0,False,False,0.431,Moderate,23.7,29.2,169.2,0.11,0.255,0.949,Moderate traffic flow - standard adaptive signal timing in effect
EVT400933,2026-02-06 06:04:29,Political Rally,J009,Majestic,18409,Weekday,False,Clear,False,0.0,False,False,0.276,Low,32.9,21.8,147.7,0.141,0.326,0.958,Moderate traffic flow - standard adaptive signal timing in effect
EVT400934,2025-12-16 20:44:06,Local Market Day,J031,Cubbon Road,2363,Weekday,False,Clear,False,0.0,False,False,0.458,Moderate,23.6,29.5,302.2,0.201,0.464,0.973,Moderate traffic flow - standard adaptive signal timing in effect
EVT400935,2026-04-15 11:37:39,Religious Festival,J012,Koramangala Sony World,43671,Weekday,True,Light Rain,True,4.9,False,True,0.958,Severe,9.9,99.2,720.3,0.295,0.681,0.788,Road closure for event/procession - full detour recommended for through-traffic
EVT400936,2026-02-07 08:13:02,Local Market Day,J023,Basavanagudi,5488,Weekend,False,Clear,False,0.0,False,False,0.828,Severe,14.4,63.8,262.1,0.125,0.289,0.969,Heavy congestion detected - signal timing extended and reroute suggested
EVT400937,2026-05-25 08:24:46,Local Market Day,J030,MG Road,6405,Weekday,False,Clear,False,0.0,False,False,0.897,Severe,11.7,60.3,507.0,0.213,0.491,0.933,Heavy congestion detected - signal timing extended and reroute suggested
EVT400938,2026-04-09 08:39:09,Political Rally,J012,Koramangala Sony World,9709,Weekday,False,Clear,False,0.0,False,False,1.0,Severe,9.3,72.8,672.9,0.253,0.584,0.885,Heavy congestion detected - signal timing extended and reroute suggested
EVT400939,2025-09-28 07:55:16,Sports Fixture,J023,Basavanagudi,19418,Weekend,False,Rain,True,20.5,False,False,0.986,Severe,9.0,72.0,656.5,0.227,0.524,0.858,Heavy rain reducing visibility and grip - reduced speed and longer buffer advised
EVT400940,2025-03-09 10:27:01,Sports Fixture,J040,City Market,31138,Weekend,False,Clear,False,0.0,False,False,0.731,High,17.1,49.9,215.6,0.109,0.253,0.99,Moderate traffic flow - standard adaptive signal timing in effect
EVT400941,2026-01-21 16:03:57,Concert,J023,Basavanagudi,9575,Weekday,False,Clear,False,0.0,False,False,0.517,Moderate,23.5,36.2,153.9,0.121,0.279,0.949,Moderate traffic flow - standard adaptive signal timing in effect
EVT400942,2025-08-25 20:48:30,Local Market Day,J011,Indiranagar 100ft Road,4160,Weekday,False,Clear,False,0.0,False,False,0.458,Moderate,28.0,30.5,201.3,0.16,0.369,0.962,Moderate traffic flow - standard adaptive signal timing in effect
EVT400943,2025-10-03 21:36:14,Cultural Procession,J011,Indiranagar 100ft Road,23471,Weekday,True,Light Rain,True,7.1,False,True,0.912,Severe,13.3,84.7,365.0,0.208,0.481,0.785,Road closure for event/procession - full detour recommended for through-traffic
EVT400944,2026-06-02 18:16:06,Local Market Day,J020,Malleshwaram Circle,6815,Weekday,False,Clear,False,0.0,False,False,1.0,Severe,8.0,72.5,624.1,0.202,0.465,0.918,Heavy congestion detected - signal timing extended and reroute suggested
EVT400945,2025-08-04 15:59:56,Local Market Day,J040,City Market,4626,Weekday,False,Heavy Rain,True,48.6,False,False,0.762,Severe,15.1,52.3,261.9,0.145,0.334,0.92,Heavy rain reducing visibility and grip - reduced speed and longer buffer advised
EVT400946,2025-02-17 14:40:31,Sports Fixture,J031,Cubbon Road,19464,Weekday,False,Clear,False,0.0,False,False,0.395,Moderate,28.7,29.6,134.6,0.116,0.267,0.958,Moderate traffic flow - standard adaptive signal timing in effect
EVT400947,2026-03-03 18:27:06,Political Rally,J040,City Market,16271,Weekday,False,Clear,False,0.0,False,False,1.0,Severe,9.2,70.6,650.6,0.224,0.517,0.915,Heavy congestion detected - signal timing extended and reroute suggested
EVT400948,2025-07-19 13:16:49,Sports Fixture,J011,Indiranagar 100ft Road,32960,Weekend,False,Clear,False,0.0,False,False,0.47,Moderate,23.0,34.1,312.1,0.213,0.493,0.938,Moderate traffic flow - standard adaptive signal timing in effect
EVT400949,2026-04-20 14:27:48,Concert,J020,Malleshwaram Circle,24693,Weekday,False,Clear,False,0.0,False,False,0.231,Low,31.3,18.2,134.1,0.108,0.251,0.954,Normal free-flow traffic - standard signal timing maintained
EVT400950,2026-05-02 16:44:27,Fireworks Display,J020,Malleshwaram Circle,15052,Weekend,True,Clear,False,0.0,False,False,0.894,Severe,8.3,58.6,542.4,0.18,0.416,0.91,Festival crowd surge detected - alternate route and extended cycle recommended
EVT400951,2026-02-15 20:36:15,Concert,J020,Malleshwaram Circle,8488,Weekend,False,Clear,False,0.0,False,False,0.495,Moderate,27.3,33.0,109.1,0.077,0.177,0.959,Moderate traffic flow - standard adaptive signal timing in effect
EVT400952,2025-08-02 12:26:57,Local Market Day,J011,Indiranagar 100ft Road,3944,Weekend,False,Clear,False,0.0,False,False,0.292,Low,32.7,20.8,136.3,0.101,0.234,0.965,Moderate traffic flow - standard adaptive signal timing in effect
EVT400953,2025-08-19 12:27:33,Local Market Day,J012,Koramangala Sony World,4170,Weekday,False,Heavy Rain,True,36.2,False,False,0.589,High,20.6,43.2,348.0,0.209,0.484,0.895,Heavy rain reducing visibility and grip - reduced speed and longer buffer advised
EVT400954,2025-02-05 09:34:01,Local Market Day,J023,Basavanagudi,7529,Weekday,False,Clear,False,0.0,False,False,0.944,Severe,8.2,63.2,650.5,0.218,0.504,0.952,Heavy congestion detected - signal timing extended and reroute suggested
EVT400955,2026-05-04 21:36:26,Local Market Day,J009,Majestic,5053,Weekday,False,Clear,False,0.0,False,False,0.258,Low,35.0,21.6,205.7,0.194,0.449,0.961,Moderate traffic flow - standard adaptive signal timing in effect
EVT400956,2025-02-16 17:05:01,Trade Fair,J020,Malleshwaram Circle,6890,Weekend,False,Clear,False,0.0,False,False,0.605,High,21.4,47.0,236.1,0.149,0.344,0.977,Moderate traffic flow - standard adaptive signal timing in effect
EVT400957,2025-12-06 08:51:48,Concert,J009,Majestic,9087,Weekend,False,Light Rain,True,0.3,False,False,0.989,Severe,9.7,72.5,358.8,0.134,0.31,0.851,Heavy rain reducing visibility and grip - reduced speed and longer buffer advised
EVT400958,2025-02-02 17:16:45,Trade Fair,J031,Cubbon Road,7039,Weekend,False,Clear,False,0.0,False,False,0.671,High,21.0,49.5,206.7,0.156,0.361,0.984,Moderate traffic flow - standard adaptive signal timing in effect
EVT400959,2025-05-27 08:02:23,Local Market Day,J012,Koramangala Sony World,4898,Weekday,False,Rain,True,14.3,False,False,1.0,Severe,10.3,73.7,304.7,0.129,0.297,0.832,Heavy rain reducing visibility and grip - reduced speed and longer buffer advised
EVT400960,2025-05-24 16:12:30,Concert,J023,Basavanagudi,8205,Weekend,False,Clear,False,0.0,False,False,0.412,Moderate,33.2,28.7,92.4,0.078,0.18,0.979,Moderate traffic flow - standard adaptive signal timing in effect
EVT400961,2025-11-24 16:18:28,Political Rally,J009,Majestic,11566,Weekday,False,Clear,False,0.0,False,False,0.512,Moderate,21.9,35.5,218.3,0.164,0.379,0.935,Moderate traffic flow - standard adaptive signal timing in effect
EVT400962,2025-01-12 12:13:21,Local Market Day,J020,Malleshwaram Circle,3392,Weekend,False,Clear,False,0.0,False,False,0.32,Low,29.3,26.6,71.7,0.029,0.067,0.963,Moderate traffic flow - standard adaptive signal timing in effect
EVT400963,2026-01-04 11:20:51,Sports Fixture,J012,Koramangala Sony World,36047,Weekend,False,Clear,False,0.0,False,False,0.581,High,24.0,41.5,142.4,0.104,0.241,0.987,Moderate traffic flow - standard adaptive signal timing in effect
EVT400964,2026-03-05 08:55:37,Religious Festival,J011,Indiranagar 100ft Road,34917,Weekday,True,Clear,False,0.0,False,True,1.0,Severe,7.4,94.1,467.5,0.169,0.39,0.845,Road closure for event/procession - full detour recommended for through-traffic
EVT400965,2025-11-20 15:44:42,Political Rally,J012,Koramangala Sony World,15602,Weekday,False,Clear,False,0.0,False,False,0.481,Moderate,21.2,34.5,277.1,0.157,0.363,0.947,Moderate traffic flow - standard adaptive signal timing in effect
EVT400966,2025-12-10 16:58:02,Concert,J030,MG Road,14556,Weekday,False,Clear,False,0.0,False,False,0.806,Severe,16.8,57.0,391.9,0.199,0.459,0.969,Heavy congestion detected - signal timing extended and reroute suggested
EVT400967,2025-09-16 06:54:00,Local Market Day,J011,Indiranagar 100ft Road,3084,Weekday,False,Fog,False,0.0,False,False,0.358,Moderate,28.1,25.8,161.5,0.129,0.298,0.963,Moderate traffic flow - standard adaptive signal timing in effect
EVT400968,2026-04-02 18:45:25,Political Rally,J040,City Market,18558,Weekday,False,Clear,False,0.0,False,False,1.0,Severe,8.3,72.6,694.6,0.241,0.556,0.931,Heavy congestion detected - signal timing extended and reroute suggested
EVT400969,2025-05-25 13:27:12,Sports Fixture,J040,City Market,30083,Weekend,False,Fog,False,0.0,False,False,0.432,Moderate,22.7,32.5,209.4,0.138,0.319,0.961,Moderate traffic flow - standard adaptive signal timing in effect
EVT400970,2025-11-10 07:51:59,Political Rally,J040,City Market,20353,Weekday,False,Clear,False,0.0,False,False,0.818,Severe,15.6,57.1,277.3,0.151,0.349,0.953,Heavy congestion detected - signal timing extended and reroute suggested
EVT400971,2025-07-09 18:05:53,Concert,J020,Malleshwaram Circle,14570,Weekday,False,Clear,False,0.0,False,False,1.0,Severe,9.3,73.7,347.5,0.131,0.301,0.921,Heavy congestion detected - signal timing extended and reroute suggested
EVT400972,2025-08-12 08:51:43,Local Market Day,J020,Malleshwaram Circle,2580,Weekday,False,Heavy Rain,True,32.7,False,False,1.0,Severe,7.4,71.6,684.4,0.223,0.514,0.856,Heavy rain reducing visibility and grip - reduced speed and longer buffer advised
EVT400973,2025-03-04 10:23:04,Sports Fixture,J009,Majestic,19104,Weekday,False,Clear,False,0.0,False,False,0.751,Severe,16.4,52.8,303.2,0.181,0.417,0.97,Heavy congestion detected - signal timing extended and reroute suggested
EVT400974,2025-02-12 19:33:18,Sports Fixture,J030,MG Road,17410,Weekday,False,Clear,False,0.0,False,False,0.896,Severe,12.1,58.9,262.3,0.132,0.306,0.957,Heavy congestion detected - signal timing extended and reroute suggested
EVT400975,2025-07-17 14:37:05,Local Market Day,J030,MG Road,6246,Weekday,False,Clear,False,0.0,False,False,0.229,Low,31.6,15.2,116.4,0.084,0.195,0.977,Normal free-flow traffic - standard signal timing maintained
EVT400976,2026-02-16 23:27:28,Local Market Day,J030,MG Road,4456,Weekday,False,Clear,False,0.0,False,False,0.22,Low,30.0,16.1,190.5,0.144,0.333,0.948,Normal free-flow traffic - standard signal timing maintained
EVT400977,2025-05-20 20:36:12,Local Market Day,J020,Malleshwaram Circle,3257,Weekday,False,Light Rain,True,1.5,False,False,0.647,High,20.0,45.9,96.8,0.065,0.151,0.935,Heavy rain reducing visibility and grip - reduced speed and longer buffer advised
EVT400978,2026-05-17 16:35:36,Concert,J009,Majestic,17399,Weekend,False,Fog,False,0.0,False,False,0.63,High,21.4,49.0,161.8,0.096,0.222,0.946,Moderate traffic flow - standard adaptive signal timing in effect
EVT400979,2026-04-30 08:36:11,Local Market Day,J020,Malleshwaram Circle,3485,Weekday,False,Clear,False,0.0,False,False,0.975,Severe,11.2,70.7,671.4,0.286,0.66,0.908,Heavy congestion detected - signal timing extended and reroute suggested
EVT400980,2025-09-02 12:40:33,Trade Fair,J020,Malleshwaram Circle,10561,Weekday,False,Clear,False,0.0,False,False,0.243,Low,36.7,14.1,99.0,0.096,0.223,0.945,Normal free-flow traffic - standard signal timing maintained
EVT400981,2025-11-04 19:37:36,Concert,J011,Indiranagar 100ft Road,9522,Weekday,False,Clear,False,0.0,False,False,0.816,Severe,13.4,56.7,193.2,0.096,0.221,0.977,Heavy congestion detected - signal timing extended and reroute suggested
EVT400982,2026-02-13 14:08:06,Trade Fair,J011,Indiranagar 100ft Road,9204,Weekday,False,Clear,False,0.0,False,False,0.219,Low,33.1,17.8,71.3,0.041,0.095,0.975,Normal free-flow traffic - standard signal timing maintained
EVT400983,2025-03-17 13:56:20,Concert,J030,MG Road,10190,Weekday,False,Fog,False,0.0,False,False,0.259,Low,30.5,16.8,162.2,0.134,0.31,0.945,Moderate traffic flow - standard adaptive signal timing in effect
EVT400984,2026-01-22 17:08:50,Political Rally,J011,Indiranagar 100ft Road,15304,Weekday,False,Clear,False,0.0,False,False,0.8,Severe,13.6,55.3,361.6,0.178,0.412,0.976,Heavy congestion detected - signal timing extended and reroute suggested
EVT400985,2025-08-28 17:57:18,Religious Festival,J031,Cubbon Road,55335,Weekday,True,Rain,True,14.5,False,False,1.0,Severe,10.1,74.7,487.3,0.213,0.492,0.846,Festival crowd surge detected - alternate route and extended cycle recommended
EVT400986,2025-03-31 16:45:56,Cultural Procession,J011,Indiranagar 100ft Road,18819,Weekday,True,Clear,False,0.0,False,False,0.975,Severe,8.5,75.3,562.8,0.19,0.438,0.851,Festival crowd surge detected - alternate route and extended cycle recommended
EVT400987,2025-07-29 09:23:34,Concert,J031,Cubbon Road,7789,Weekday,False,Clear,False,0.0,False,False,1.0,Severe,6.5,73.0,843.8,0.22,0.507,0.925,Heavy congestion detected - signal timing extended and reroute suggested
EVT400988,2025-03-10 20:30:31,Local Market Day,J031,Cubbon Road,3819,Weekday,False,Clear,False,0.0,False,False,0.677,High,15.6,46.0,293.2,0.165,0.381,0.954,Moderate traffic flow - standard adaptive signal timing in effect
EVT400989,2026-06-11 17:30:03,Sports Fixture,J020,Malleshwaram Circle,27723,Weekday,False,Clear,False,0.0,False,False,1.0,Severe,6.6,78.1,902.0,0.244,0.565,0.909,Heavy congestion detected - signal timing extended and reroute suggested
EVT400990,2026-04-14 16:40:13,Cultural Procession,J040,City Market,30164,Weekday,True,Clear,False,0.0,False,True,1.0,Severe,8.9,96.2,364.6,0.133,0.306,0.851,Road closure for event/procession - full detour recommended for through-traffic
EVT400991,2026-04-26 21:02:51,Sports Fixture,J030,MG Road,22161,Weekend,False,Fog,False,0.0,False,False,0.574,High,23.3,43.7,227.4,0.165,0.38,0.955,Moderate traffic flow - standard adaptive signal timing in effect
EVT400992,2025-12-24 11:56:32,Local Market Day,J012,Koramangala Sony World,8170,Weekday,False,Clear,False,0.0,False,False,0.236,Low,34.4,17.8,152.9,0.139,0.32,0.955,Normal free-flow traffic - standard signal timing maintained
EVT400993,2025-10-16 16:36:44,Trade Fair,J011,Indiranagar 100ft Road,10439,Weekday,False,Clear,False,0.0,False,False,0.7,High,20.4,47.4,252.1,0.164,0.38,0.956,Moderate traffic flow - standard adaptive signal timing in effect
EVT400994,2026-02-09 18:17:34,Concert,J030,MG Road,8602,Weekday,False,Clear,False,0.0,False,False,1.0,Severe,7.6,73.0,545.3,0.171,0.395,0.9,Heavy congestion detected - signal timing extended and reroute suggested
EVT400995,2025-04-23 05:31:55,Trade Fair,J011,Indiranagar 100ft Road,6971,Weekday,False,Clear,False,0.0,False,False,0.178,Low,34.7,17.3,174.5,0.146,0.336,0.984,Normal free-flow traffic - standard signal timing maintained
EVT400996,2025-06-26 09:36:38,Concert,J009,Majestic,5239,Weekday,False,Clear,False,0.0,False,False,0.985,Severe,8.8,73.1,422.5,0.152,0.352,0.935,Heavy congestion detected - signal timing extended and reroute suggested
EVT400997,2025-09-28 16:48:31,Local Market Day,J023,Basavanagudi,7164,Weekend,False,Rain,True,12.6,False,False,0.766,Severe,13.6,56.1,421.8,0.188,0.435,0.948,Heavy rain reducing visibility and grip - reduced speed and longer buffer advised
EVT400998,2026-06-22 17:56:32,Sports Fixture,J011,Indiranagar 100ft Road,30953,Weekday,False,Rain,True,20.8,False,False,1.0,Severe,7.8,72.2,852.2,0.248,0.573,0.862,Heavy rain reducing visibility and grip - reduced speed and longer buffer advised
EVT400999,2026-01-18 23:57:53,Concert,J031,Cubbon Road,20668,Weekend,False,Clear,False,0.0,False,False,0.371,Moderate,24.6,28.2,167.4,0.111,0.257,0.969,Moderate traffic flow - standard adaptive signal timing in effect
EVT401000,2025-03-05 16:50:25,Local Market Day,J031,Cubbon Road,4176,Weekday,False,Clear,False,0.0,False,False,0.686,High,16.0,45.9,323.9,0.177,0.41,0.945,Moderate traffic flow - standard adaptive signal timing in effect
EVT401001,2025-12-04 09:57:38,Concert,J012,Koramangala Sony World,19963,Weekday,False,Clear,False,0.0,False,False,0.941,Severe,10.6,65.0,404.0,0.181,0.417,0.932,Heavy congestion detected - signal timing extended and reroute suggested
EVT401002,2025-04-27 18:17:54,Trade Fair,J020,Malleshwaram Circle,9506,Weekend,False,Clear,False,0.0,False,False,0.902,Severe,12.9,65.9,280.1,0.114,0.264,0.933,Heavy congestion detected - signal timing extended and reroute suggested
EVT401003,2025-10-30 16:35:57,Trade Fair,J030,MG Road,4678,Weekday,False,Light Rain,True,6.4,False,False,0.618,High,20.0,47.0,247.9,0.157,0.363,0.918,Heavy rain reducing visibility and grip - reduced speed and longer buffer advised
EVT401004,2026-05-31 17:18:26,Political Rally,J012,Koramangala Sony World,12054,Weekend,False,Light Rain,True,3.2,False,False,0.769,Severe,15.6,53.7,250.5,0.137,0.316,0.947,Heavy rain reducing visibility and grip - reduced speed and longer buffer advised
EVT401005,2025-05-31 20:41:11,Concert,J012,Koramangala Sony World,9299,Weekend,False,Clear,False,0.0,False,False,0.566,High,24.1,45.5,90.8,0.054,0.124,0.979,Moderate traffic flow - standard adaptive signal timing in effect
EVT401006,2026-06-27 18:19:03,Concert,J023,Basavanagudi,9558,Weekend,False,Clear,False,0.0,False,False,0.923,Severe,8.9,67.5,309.9,0.13,0.299,0.933,Heavy congestion detected - signal timing extended and reroute suggested
EVT401007,2025-12-20 09:18:48,Political Rally,J012,Koramangala Sony World,17642,Weekend,False,Clear,False,0.0,False,False,0.929,Severe,9.4,66.4,724.2,0.249,0.575,0.938,Heavy congestion detected - signal timing extended and reroute suggested
EVT401008,2026-05-31 08:26:59,Concert,J023,Basavanagudi,10306,Weekend,False,Clear,False,0.0,False,False,0.825,Severe,16.7,62.4,209.0,0.123,0.285,0.927,Heavy congestion detected - signal timing extended and reroute suggested
EVT401009,2025-08-22 18:00:19,Political Rally,J009,Majestic,25888,Weekday,False,Rain,True,15.1,False,False,1.0,Severe,9.8,72.3,768.6,0.279,0.645,0.856,Heavy rain reducing visibility and grip - reduced speed and longer buffer advised
EVT401010,2025-02-02 17:03:01,Sports Fixture,J009,Majestic,16240,Weekend,False,Clear,False,0.0,False,False,0.787,Severe,15.6,54.7,419.9,0.211,0.487,0.955,Heavy congestion detected - signal timing extended and reroute suggested
EVT401011,2025-06-28 19:33:01,Sports Fixture,J012,Koramangala Sony World,29682,Weekend,False,Clear,False,0.0,False,False,0.802,Severe,17.0,57.1,249.3,0.135,0.311,0.976,Heavy congestion detected - signal timing extended and reroute suggested
EVT401012,2025-01-07 10:48:02,Political Rally,J020,Malleshwaram Circle,11883,Weekday,False,Clear,False,0.0,False,False,0.566,High,23.7,45.3,200.5,0.122,0.282,0.973,Moderate traffic flow - standard adaptive signal timing in effect
EVT401013,2025-10-02 14:01:07,Cultural Procession,J011,Indiranagar 100ft Road,18752,Weekday,True,Rain,True,21.5,False,True,0.902,Severe,9.0,99.9,677.9,0.265,0.611,0.782,Road closure for event/procession - full detour recommended for through-traffic
EVT401014,2026-03-11 17:11:25,Sports Fixture,J030,MG Road,19996,Weekday,False,Clear,False,0.0,False,False,0.879,Severe,15.4,64.6,202.7,0.115,0.265,0.917,Heavy congestion detected - signal timing extended and reroute suggested
EVT401015,2025-02-21 07:03:15,Local Market Day,J030,MG Road,4767,Weekday,False,Clear,False,0.0,False,False,0.452,Moderate,25.2,40.1,142.1,0.103,0.238,0.99,Moderate traffic flow - standard adaptive signal timing in effect
EVT401016,2025-03-31 19:55:56,Religious Festival,J031,Cubbon Road,35298,Weekday,True,Clear,False,0.0,True,True,1.0,Severe,8.4,105.1,372.6,0.134,0.309,0.669,Road closure for event/procession - full detour recommended for through-traffic
EVT401017,2025-03-14 17:02:39,Religious Festival,J023,Basavanagudi,50596,Weekday,True,Clear,False,0.0,False,True,1.0,Severe,10.0,105.6,340.1,0.153,0.353,0.827,Road closure for event/procession - full detour recommended for through-traffic
EVT401018,2026-06-10 13:23:56,Local Market Day,J040,City Market,6462,Weekday,False,Clear,False,0.0,False,False,0.224,Low,36.2,12.9,83.4,0.078,0.181,0.946,Normal free-flow traffic - standard signal timing maintained
EVT401019,2025-09-30 19:25:00,Sports Fixture,J023,Basavanagudi,29745,Weekday,False,Clear,False,0.0,False,False,0.98,Severe,9.5,65.0,428.3,0.168,0.387,0.933,Heavy congestion detected - signal timing extended and reroute suggested
EVT401020,2025-09-10 14:53:51,Concert,J011,Indiranagar 100ft Road,16575,Weekday,False,Clear,False,0.0,False,False,0.394,Moderate,30.0,33.0,135.9,0.105,0.243,0.966,Moderate traffic flow - standard adaptive signal timing in effect
EVT401021,2025-09-02 22:12:06,Sports Fixture,J023,Basavanagudi,29342,Weekday,False,Heavy Rain,True,28.0,False,False,0.674,High,20.3,42.5,334.2,0.251,0.579,0.914,Heavy rain reducing visibility and grip - reduced speed and longer buffer advised
EVT401022,2026-02-17 10:23:11,Sports Fixture,J011,Indiranagar 100ft Road,9700,Weekday,False,Clear,False,0.0,False,False,0.674,High,22.9,54.8,157.2,0.127,0.292,0.99,Moderate traffic flow - standard adaptive signal timing in effect
EVT401023,2025-12-30 08:46:56,Concert,J023,Basavanagudi,19553,Weekday,False,Clear,False,0.0,False,False,1.0,Severe,9.6,70.1,455.9,0.182,0.42,0.918,Heavy congestion detected - signal timing extended and reroute suggested
EVT401024,2025-09-28 07:03:25,Sports Fixture,J023,Basavanagudi,42353,Weekend,False,Clear,False,0.0,False,False,0.689,High,17.8,48.3,211.5,0.136,0.313,0.968,Moderate traffic flow - standard adaptive signal timing in effect
EVT401025,2026-04-10 13:22:17,Local Market Day,J011,Indiranagar 100ft Road,4775,Weekday,False,Rain,True,9.2,False,False,0.342,Low,32.4,23.6,166.7,0.136,0.315,0.93,Light rain detected - minor speed reduction advised
EVT401026,2026-06-11 13:00:03,Sports Fixture,J009,Majestic,24912,Weekday,False,Clear,False,0.0,False,False,0.339,Low,39.9,22.7,150.8,0.16,0.368,0.99,Moderate traffic flow - standard adaptive signal timing in effect
EVT401027,2026-06-02 02:22:18,Local Market Day,J030,MG Road,2468,Weekday,False,Heavy Rain,True,25.3,False,False,0.403,Moderate,28.2,26.6,119.9,0.092,0.212,0.905,Light rain detected - minor speed reduction advised
EVT401028,2025-07-06 17:51:24,Political Rally,J040,City Market,16133,Weekend,False,Rain,True,12.6,False,False,1.0,Severe,10.0,68.8,550.7,0.235,0.543,0.873,Heavy rain reducing visibility and grip - reduced speed and longer buffer advised
EVT401029,2026-05-02 18:22:26,Religious Festival,J031,Cubbon Road,61775,Weekend,True,Clear,False,0.0,False,False,1.0,Severe,8.3,69.0,672.3,0.21,0.486,0.871,Festival crowd surge detected - alternate route and extended cycle recommended
EVT401030,2025-11-26 18:48:02,Political Rally,J020,Malleshwaram Circle,11051,Weekday,False,Clear,False,0.0,False,False,1.0,Severe,7.2,73.4,1014.1,0.272,0.628,0.91,Heavy congestion detected - signal timing extended and reroute suggested
EVT401031,2026-03-15 14:42:54,Trade Fair,J031,Cubbon Road,9275,Weekend,False,Clear,False,0.0,False,False,0.323,Low,39.0,21.4,78.0,0.069,0.16,0.973,Moderate traffic flow - standard adaptive signal timing in effect
EVT401032,2025-04-11 16:15:35,Local Market Day,J012,Koramangala Sony World,2729,Weekday,False,Clear,False,0.0,False,False,0.582,High,23.5,42.1,236.7,0.185,0.428,0.956,Moderate traffic flow - standard adaptive signal timing in effect
EVT401033,2026-03-08 16:08:52,Concert,J020,Malleshwaram Circle,8664,Weekend,False,Clear,False,0.0,False,False,0.536,Moderate,27.0,42.6,121.2,0.095,0.22,0.936,Moderate traffic flow - standard adaptive signal timing in effect
EVT401034,2026-06-10 09:31:49,Local Market Day,J040,City Market,5928,Weekday,False,Clear,False,0.0,False,False,0.99,Severe,8.6,64.6,839.9,0.301,0.695,0.877,Heavy congestion detected - signal timing extended and reroute suggested
EVT401035,2025-04-29 18:44:15,Local Market Day,J009,Majestic,3718,Weekday,False,Clear,False,0.0,False,False,0.997,Severe,7.2,74.7,695.3,0.218,0.504,0.914,Heavy congestion detected - signal timing extended and reroute suggested
EVT401036,2025-10-04 16:53:22,Local Market Day,J030,MG Road,4550,Weekend,False,Clear,False,0.0,False,False,0.733,High,18.9,51.5,283.1,0.178,0.411,0.99,Moderate traffic flow - standard adaptive signal timing in effect
EVT401037,2026-04-15 07:59:53,Religious Festival,J009,Majestic,46136,Weekday,True,Clear,False,0.0,False,False,1.0,Severe,8.4,72.6,190.5,0.067,0.156,0.88,Festival crowd surge detected - alternate route and extended cycle recommended
EVT401038,2025-06-26 08:41:56,Sports Fixture,J031,Cubbon Road,16601,Weekday,False,Light Rain,True,6.4,False,False,1.0,Severe,7.5,69.2,481.6,0.174,0.402,0.869,Heavy rain reducing visibility and grip - reduced speed and longer buffer advised
EVT401039,2026-05-08 20:50:55,Local Market Day,J009,Majestic,6830,Weekday,False,Clear,False,0.0,False,False,0.505,Moderate,24.7,33.9,241.7,0.172,0.398,0.963,Moderate traffic flow - standard adaptive signal timing in effect
EVT401040,2025-11-16 06:21:08,Political Rally,J012,Koramangala Sony World,27880,Weekend,False,Fog,False,0.0,False,False,0.52,Moderate,23.8,42.4,204.9,0.157,0.362,0.981,Moderate traffic flow - standard adaptive signal timing in effect
EVT401041,2025-07-27 16:35:02,Concert,J011,Indiranagar 100ft Road,12767,Weekend,False,Clear,False,0.0,False,False,0.646,High,20.7,42.9,195.2,0.125,0.288,0.988,Moderate traffic flow - standard adaptive signal timing in effect
EVT401042,2025-05-19 08:45:32,Local Market Day,J030,MG Road,4616,Weekday,False,Clear,False,0.0,False,False,0.933,Severe,14.0,76.7,157.0,0.082,0.189,0.924,Heavy congestion detected - signal timing extended and reroute suggested
EVT401043,2025-07-21 13:41:46,Concert,J020,Malleshwaram Circle,22156,Weekday,False,Clear,False,0.0,False,False,0.303,Low,41.9,19.3,114.4,0.123,0.285,0.941,Moderate traffic flow - standard adaptive signal timing in effect
EVT401044,2026-02-13 20:06:45,Local Market Day,J031,Cubbon Road,3307,Weekday,False,Clear,False,0.0,False,False,0.671,High,15.5,51.6,269.7,0.144,0.333,0.963,Moderate traffic flow - standard adaptive signal timing in effect
EVT401045,2025-02-01 16:19:25,Local Market Day,J009,Majestic,6113,Weekend,False,Clear,False,0.0,False,False,0.497,Moderate,24.1,34.5,263.2,0.185,0.427,0.94,Moderate traffic flow - standard adaptive signal timing in effect
EVT401046,2026-04-19 18:03:11,Political Rally,J012,Koramangala Sony World,15716,Weekend,False,Light Rain,True,7.4,False,False,1.0,Severe,7.6,70.2,601.0,0.194,0.449,0.86,Heavy rain reducing visibility and grip - reduced speed and longer buffer advised
EVT401047,2025-04-06 20:40:06,Fireworks Display,J011,Indiranagar 100ft Road,31668,Weekend,True,Clear,False,0.0,False,False,0.865,Severe,14.5,63.6,481.5,0.261,0.602,0.909,Festival crowd surge detected - alternate route and extended cycle recommended
EVT401048,2025-05-11 09:09:06,Concert,J031,Cubbon Road,7326,Weekend,False,Clear,False,0.0,False,False,0.889,Severe,12.3,71.5,308.1,0.139,0.322,0.948,Heavy congestion detected - signal timing extended and reroute suggested
EVT401049,2025-12-31 09:16:17,Sports Fixture,J023,Basavanagudi,15832,Weekday,False,Clear,False,0.0,False,False,1.0,Severe,9.1,72.7,370.7,0.157,0.363,0.902,Heavy congestion detected - signal timing extended and reroute suggested
EVT401050,2025-07-09 17:06:31,Local Market Day,J012,Koramangala Sony World,4619,Weekday,False,Clear,False,0.0,False,False,0.85,Severe,13.4,63.6,268.0,0.136,0.314,0.964,Heavy congestion detected - signal timing extended and reroute suggested
EVT401051,2025-01-11 11:18:00,Local Market Day,J012,Koramangala Sony World,5724,Weekend,False,Clear,False,0.0,False,False,0.397,Moderate,32.6,28.8,179.3,0.167,0.385,0.986,Moderate traffic flow - standard adaptive signal timing in effect
EVT401052,2025-12-25 17:03:52,Religious Festival,J040,City Market,51550,Weekday,True,Clear,False,0.0,False,True,1.0,Severe,10.0,109.9,553.7,0.221,0.51,0.848,Road closure for event/procession - full detour recommended for through-traffic
EVT401053,2026-02-12 19:27:52,Concert,J040,City Market,17881,Weekday,False,Clear,False,0.0,False,False,0.984,Severe,7.8,71.6,803.5,0.248,0.573,0.919,Heavy congestion detected - signal timing extended and reroute suggested
EVT401054,2026-04-29 17:28:57,Sports Fixture,J012,Koramangala Sony World,30901,Weekday,False,Clear,False,0.0,True,False,1.0,Severe,8.5,67.6,517.7,0.185,0.426,0.749,Accident detected nearby - reroute and reduced speed advised
EVT401055,2025-12-03 07:14:46,Sports Fixture,J009,Majestic,26455,Weekday,False,Clear,False,0.0,False,False,0.671,High,19.0,48.6,334.4,0.217,0.502,0.977,Moderate traffic flow - standard adaptive signal timing in effect
EVT401056,2026-06-13 19:20:53,Concert,J011,Indiranagar 100ft Road,22591,Weekend,False,Clear,False,0.0,False,False,0.964,Severe,13.4,72.5,489.0,0.252,0.583,0.937,Heavy congestion detected - signal timing extended and reroute suggested
EVT401057,2025-05-11 21:22:36,Trade Fair,J009,Majestic,6374,Weekend,False,Rain,True,13.3,False,False,0.546,Moderate,27.7,38.5,260.9,0.214,0.495,0.914,Light rain detected - minor speed reduction advised
EVT401058,2026-06-10 11:08:34,Trade Fair,J012,Koramangala Sony World,8472,Weekday,False,Rain,True,10.3,False,False,0.573,High,20.6,36.9,311.3,0.203,0.469,0.939,Heavy rain reducing visibility and grip - reduced speed and longer buffer advised
EVT401059,2026-05-05 22:46:31,Local Market Day,J023,Basavanagudi,2520,Weekday,False,Clear,False,0.0,False,False,0.276,Low,31.2,22.5,167.2,0.124,0.287,0.956,Moderate traffic flow - standard adaptive signal timing in effect
EVT401060,2025-11-15 08:17:38,Local Market Day,J009,Majestic,2333,Weekend,False,Clear,False,0.0,False,False,0.749,High,18.3,51.5,142.2,0.096,0.222,0.959,Moderate traffic flow - standard adaptive signal timing in effect
EVT401061,2025-07-30 08:17:49,Concert,J012,Koramangala Sony World,9213,Weekday,False,Clear,False,0.0,False,False,0.969,Severe,10.3,71.7,431.0,0.197,0.454,0.906,Heavy congestion detected - signal timing extended and reroute suggested
EVT401062,2026-03-22 11:07:10,Local Market Day,J020,Malleshwaram Circle,5423,Weekend,False,Clear,False,0.0,False,False,0.46,Moderate,22.1,29.6,278.3,0.184,0.426,0.959,Moderate traffic flow - standard adaptive signal timing in effect
EVT401063,2026-02-05 15:39:20,Concert,J030,MG Road,8548,Weekday,False,Clear,False,0.0,False,False,0.386,Moderate,24.0,30.7,118.1,0.07,0.162,0.98,Moderate traffic flow - standard adaptive signal timing in effect
EVT401064,2026-05-06 10:55:46,Trade Fair,J031,Cubbon Road,8645,Weekday,False,Rain,True,18.1,False,False,0.72,High,17.8,54.0,110.7,0.069,0.159,0.934,Heavy rain reducing visibility and grip - reduced speed and longer buffer advised
EVT401065,2025-03-16 16:54:36,Local Market Day,J011,Indiranagar 100ft Road,3320,Weekend,False,Clear,False,0.0,False,False,0.577,High,21.9,50.0,248.0,0.155,0.358,0.942,Moderate traffic flow - standard adaptive signal timing in effect
EVT401066,2025-05-16 08:00:08,Local Market Day,J040,City Market,3677,Weekday,False,Clear,False,0.0,False,False,0.775,Severe,15.4,53.3,381.5,0.218,0.504,0.974,Heavy congestion detected - signal timing extended and reroute suggested
EVT401067,2025-04-19 18:23:22,Trade Fair,J023,Basavanagudi,13623,Weekend,False,Clear,False,0.0,False,False,0.888,Severe,13.7,60.4,359.1,0.182,0.42,0.95,Heavy congestion detected - signal timing extended and reroute suggested
EVT401068,2025-09-08 17:37:36,Sports Fixture,J040,City Market,35461,Weekday,False,Clear,False,0.0,False,False,1.0,Severe,7.7,74.3,753.0,0.241,0.558,0.914,Heavy congestion detected - signal timing extended and reroute suggested
EVT401069,2025-11-06 18:14:00,Local Market Day,J020,Malleshwaram Circle,2263,Weekday,False,Heavy Rain,True,65.5,False,False,1.0,Severe,10.6,72.9,707.8,0.288,0.664,0.861,Heavy rain reducing visibility and grip - reduced speed and longer buffer advised
EVT401070,2025-02-03 18:15:37,Sports Fixture,J020,Malleshwaram Circle,12650,Weekday,False,Clear,False,0.0,False,False,1.0,Severe,8.2,71.7,513.9,0.164,0.378,0.882,Heavy congestion detected - signal timing extended and reroute suggested
EVT401071,2026-04-10 13:09:33,Sports Fixture,J030,MG Road,18976,Weekday,False,Clear,False,0.0,False,False,0.215,Low,32.3,20.8,165.1,0.136,0.315,0.953,Normal free-flow traffic - standard signal timing maintained
EVT401072,2025-01-19 22:40:32,Concert,J030,MG Road,5947,Weekend,False,Clear,False,0.0,False,False,0.209,Low,32.8,8.7,150.8,0.129,0.297,0.964,Normal free-flow traffic - standard signal timing maintained
EVT401073,2026-06-04 21:46:33,Sports Fixture,J012,Koramangala Sony World,25200,Weekday,False,Rain,True,14.4,False,False,0.607,High,23.5,42.6,215.4,0.164,0.378,0.894,Heavy rain reducing visibility and grip - reduced speed and longer buffer advised
EVT401074,2025-12-28 11:12:20,Local Market Day,J011,Indiranagar 100ft Road,2796,Weekend,False,Clear,False,0.0,False,False,0.436,Moderate,27.5,32.5,200.7,0.159,0.368,0.958,Moderate traffic flow - standard adaptive signal timing in effect
EVT401075,2025-01-13 05:41:13,Concert,J030,MG Road,15513,Weekday,False,Clear,False,0.0,False,False,0.3,Low,30.5,16.5,49.1,0.048,0.111,0.97,Moderate traffic flow - standard adaptive signal timing in effect
EVT401076,2026-05-05 08:13:43,Sports Fixture,J031,Cubbon Road,30337,Weekday,False,Clear,False,0.0,False,False,1.0,Severe,9.5,75.2,557.9,0.228,0.527,0.913,Heavy congestion detected - signal timing extended and reroute suggested
EVT401077,2025-04-15 18:02:23,Cultural Procession,J012,Koramangala Sony World,27723,Weekday,True,Clear,False,0.0,False,True,1.0,Severe,9.0,98.9,434.7,0.154,0.356,0.837,Road closure for event/procession - full detour recommended for through-traffic
EVT401078,2025-08-06 08:19:40,Concert,J023,Basavanagudi,11170,Weekday,False,Clear,False,0.0,False,False,0.931,Severe,11.9,68.5,438.1,0.196,0.453,0.928,Heavy congestion detected - signal timing extended and reroute suggested
EVT401079,2025-09-16 18:33:52,Sports Fixture,J023,Basavanagudi,9865,Weekday,False,Clear,False,0.0,False,False,1.0,Severe,7.6,75.5,594.1,0.18,0.416,0.916,Heavy congestion detected - signal timing extended and reroute suggested
EVT401080,2025-12-02 12:46:42,Sports Fixture,J012,Koramangala Sony World,10992,Weekday,False,Clear,False,0.0,False,False,0.213,Low,33.1,16.6,113.7,0.106,0.245,0.967,Normal free-flow traffic - standard signal timing maintained
EVT401081,2026-05-18 19:37:07,Local Market Day,J011,Indiranagar 100ft Road,3180,Weekday,False,Light Rain,True,7.3,False,False,0.932,Severe,10.6,66.7,472.0,0.172,0.396,0.877,Heavy rain reducing visibility and grip - reduced speed and longer buffer advised
EVT401082,2026-06-15 16:25:17,Concert,J011,Indiranagar 100ft Road,9966,Weekday,False,Clear,False,0.0,False,False,0.565,High,27.4,41.9,178.6,0.145,0.335,0.954,Moderate traffic flow - standard adaptive signal timing in effect
EVT401083,2025-09-25 04:27:55,Trade Fair,J031,Cubbon Road,8746,Weekday,False,Heavy Rain,True,47.1,False,False,0.525,Moderate,26.7,42.8,250.5,0.193,0.447,0.923,Light rain detected - minor speed reduction advised
EVT401084,2025-07-10 09:41:07,Sports Fixture,J030,MG Road,21728,Weekday,False,Heavy Rain,True,33.7,True,False,1.0,Severe,9.2,66.8,381.1,0.149,0.345,0.716,Accident detected nearby - reroute and reduced speed advised
EVT401085,2026-05-28 15:03:40,Sports Fixture,J012,Koramangala Sony World,32200,Weekday,False,Rain,True,10.5,False,False,0.514,Moderate,21.1,39.2,224.7,0.162,0.375,0.904,Light rain detected - minor speed reduction advised
EVT401086,2025-05-28 16:08:56,Concert,J040,City Market,12190,Weekday,False,Heavy Rain,True,41.8,False,False,0.872,Severe,11.0,66.1,420.8,0.187,0.431,0.856,Heavy rain reducing visibility and grip - reduced speed and longer buffer advised
EVT401087,2026-01-20 13:35:16,Local Market Day,J020,Malleshwaram Circle,5972,Weekday,False,Clear,False,0.0,False,False,0.217,Low,26.7,16.0,211.6,0.127,0.293,0.962,Normal free-flow traffic - standard signal timing maintained
EVT401088,2025-09-29 08:12:27,Trade Fair,J009,Majestic,8121,Weekday,False,Clear,False,0.0,False,False,0.876,Severe,11.2,58.9,550.5,0.204,0.471,0.932,Heavy congestion detected - signal timing extended and reroute suggested
EVT401089,2026-02-09 09:08:20,Local Market Day,J012,Koramangala Sony World,3674,Weekday,False,Clear,False,0.0,False,False,0.964,Severe,9.8,71.0,348.0,0.147,0.339,0.904,Heavy congestion detected - signal timing extended and reroute suggested
EVT401090,2025-04-30 10:49:18,Local Market Day,J011,Indiranagar 100ft Road,3928,Weekday,False,Clear,False,0.0,False,False,0.476,Moderate,25.9,36.5,179.3,0.133,0.307,0.976,Moderate traffic flow - standard adaptive signal timing in effect
EVT401091,2025-02-23 12:51:19,Concert,J012,Koramangala Sony World,12761,Weekend,False,Clear,False,0.0,False,False,0.259,Low,39.2,17.4,117.9,0.116,0.267,0.953,Moderate traffic flow - standard adaptive signal timing in effect
EVT401092,2025-02-10 07:10:30,Sports Fixture,J009,Majestic,17456,Weekday,False,Clear,False,0.0,False,False,0.576,High,22.4,45.9,122.2,0.078,0.181,0.986,Moderate traffic flow - standard adaptive signal timing in effect
EVT401093,2025-10-24 12:47:01,Local Market Day,J020,Malleshwaram Circle,2635,Weekday,False,Clear,False,0.0,False,False,0.196,Low,35.9,10.2,142.3,0.133,0.307,0.931,Normal free-flow traffic - standard signal timing maintained
EVT401094,2026-01-31 21:07:21,Sports Fixture,J011,Indiranagar 100ft Road,16700,Weekend,False,Clear,False,0.0,False,False,0.444,Moderate,26.0,35.3,175.0,0.128,0.295,0.947,Moderate traffic flow - standard adaptive signal timing in effect
EVT401095,2026-04-17 07:48:02,Sports Fixture,J023,Basavanagudi,20687,Weekday,False,Clear,False,0.0,False,False,0.881,Severe,11.6,65.2,379.8,0.164,0.378,0.938,Heavy congestion detected - signal timing extended and reroute suggested
EVT401096,2025-03-15 11:23:52,Cultural Procession,J023,Basavanagudi,17429,Weekend,True,Clear,False,0.0,False,True,0.851,High,17.1,85.4,318.1,0.166,0.384,0.878,Road closure for event/procession - full detour recommended for through-traffic
EVT401097,2025-02-13 18:07:57,Sports Fixture,J009,Majestic,19504,Weekday,False,Clear,False,0.0,False,False,1.0,Severe,5.7,67.2,793.7,0.208,0.481,0.931,Heavy congestion detected - signal timing extended and reroute suggested
EVT401098,2025-10-09 10:47:46,Concert,J011,Indiranagar 100ft Road,18559,Weekday,False,Clear,False,0.0,False,False,0.602,High,16.6,42.1,365.9,0.187,0.432,0.948,Moderate traffic flow - standard adaptive signal timing in effect
EVT401099,2026-03-27 04:13:22,Cultural Procession,J020,Malleshwaram Circle,16253,Weekday,True,Clear,False,0.0,False,True,0.59,Moderate,25.3,56.6,241.9,0.18,0.415,0.9,Road closure for event/procession - full detour recommended for through-traffic
EVT401100,2026-03-05 18:10:09,Cultural Procession,J020,Malleshwaram Circle,14267,Weekday,True,Clear,False,0.0,False,False,1.0,Severe,10.1,75.6,464.3,0.157,0.362,0.869,Festival crowd surge detected - alternate route and extended cycle recommended
EVT401101,2025-01-13 08:45:38,Concert,J031,Cubbon Road,8821,Weekday,False,Clear,False,0.0,False,False,1.0,Severe,10.2,74.1,507.5,0.218,0.505,0.907,Heavy congestion detected - signal timing extended and reroute suggested
EVT401102,2025-10-30 09:04:46,Sports Fixture,J040,City Market,17632,Weekday,False,Clear,False,0.0,False,False,1.0,Severe,7.3,68.5,817.6,0.253,0.585,0.905,Heavy congestion detected - signal timing extended and reroute suggested
EVT401103,2026-01-02 06:23:29,Religious Festival,J009,Majestic,37736,Weekday,True,Clear,False,0.0,False,True,0.854,High,14.3,81.7,484.2,0.257,0.593,0.871,Road closure for event/procession - full detour recommended for through-traffic
EVT401104,2026-02-03 14:46:47,Concert,J031,Cubbon Road,11170,Weekday,False,Clear,False,0.0,False,False,0.224,Low,35.6,15.6,127.5,0.106,0.246,0.965,Normal free-flow traffic - standard signal timing maintained
EVT401105,2025-07-03 17:42:56,Political Rally,J009,Majestic,9614,Weekday,False,Rain,True,24.8,False,False,1.0,Severe,9.3,72.3,600.2,0.225,0.52,0.889,Heavy rain reducing visibility and grip - reduced speed and longer buffer advised
EVT401106,2025-03-27 19:10:32,Concert,J040,City Market,12810,Weekday,False,Clear,False,0.0,False,False,0.956,Severe,11.0,63.8,437.8,0.179,0.413,0.915,Heavy congestion detected - signal timing extended and reroute suggested
EVT401107,2025-11-20 23:45:31,Concert,J023,Basavanagudi,10293,Weekday,False,Clear,False,0.0,False,False,0.295,Low,31.6,20.4,121.6,0.1,0.231,0.972,Moderate traffic flow - standard adaptive signal timing in effect
EVT401108,2025-04-06 07:27:31,Religious Festival,J020,Malleshwaram Circle,21315,Weekend,True,Clear,False,0.0,False,False,0.895,Severe,10.1,64.4,517.1,0.204,0.471,0.877,Festival crowd surge detected - alternate route and extended cycle recommended
EVT401109,2026-03-07 09:58:55,Political Rally,J009,Majestic,13601,Weekend,False,Clear,False,0.0,False,False,0.813,Severe,15.3,55.6,396.1,0.213,0.491,0.954,Heavy congestion detected - signal timing extended and reroute suggested
EVT401110,2025-05-04 13:02:39,Concert,J040,City Market,13041,Weekend,False,Clear,False,0.0,False,False,0.327,Low,32.1,22.6,130.6,0.098,0.227,0.96,Moderate traffic flow - standard adaptive signal timing in effect
EVT401111,2025-07-05 07:27:15,Concert,J023,Basavanagudi,8599,Weekend,False,Heavy Rain,True,35.4,False,False,0.902,Severe,10.9,67.5,390.9,0.163,0.376,0.873,Heavy rain reducing visibility and grip - reduced speed and longer buffer advised
EVT401112,2025-05-02 18:23:45,Religious Festival,J009,Majestic,35500,Weekday,True,Rain,True,11.5,False,False,1.0,Severe,8.9,77.4,209.2,0.099,0.229,0.829,Festival crowd surge detected - alternate route and extended cycle recommended
EVT401113,2026-04-25 17:17:13,Sports Fixture,J012,Koramangala Sony World,16678,Weekend,False,Clear,False,0.0,False,False,0.803,Severe,15.3,55.8,228.5,0.129,0.298,0.932,Heavy congestion detected - signal timing extended and reroute suggested
EVT401114,2025-12-31 15:08:30,Political Rally,J012,Koramangala Sony World,32102,Weekday,False,Clear,False,0.0,False,False,0.429,Moderate,25.7,20.5,247.9,0.156,0.361,0.975,Moderate traffic flow - standard adaptive signal timing in effect
EVT401115,2025-10-04 20:08:40,Sports Fixture,J040,City Market,30602,Weekend,False,Clear,False,0.0,False,False,0.723,High,14.8,50.7,256.6,0.134,0.31,0.944,Moderate traffic flow - standard adaptive signal timing in effect
EVT401116,2026-02-19 08:01:34,Concert,J023,Basavanagudi,10585,Weekday,False,Clear,False,0.0,False,False,0.791,Severe,20.4,60.6,117.3,0.093,0.215,0.967,Heavy congestion detected - signal timing extended and reroute suggested
EVT401117,2026-02-19 07:30:28,Local Market Day,J020,Malleshwaram Circle,7451,Weekday,False,Clear,False,0.0,False,False,0.686,High,21.3,55.4,256.5,0.173,0.4,0.969,Moderate traffic flow - standard adaptive signal timing in effect
EVT401118,2025-12-28 08:02:16,Concert,J023,Basavanagudi,14875,Weekend,False,Clear,False,0.0,False,False,0.786,Severe,12.0,62.3,394.9,0.18,0.417,0.97,Heavy congestion detected - signal timing extended and reroute suggested
EVT401119,2025-12-13 16:25:38,Local Market Day,J012,Koramangala Sony World,2220,Weekend,False,Clear,False,0.0,False,False,0.495,Moderate,27.2,34.4,242.5,0.186,0.431,0.953,Moderate traffic flow - standard adaptive signal timing in effect
EVT401120,2025-04-14 08:13:29,Cultural Procession,J023,Basavanagudi,28111,Weekday,True,Clear,False,0.0,False,True,1.0,Severe,7.1,98.2,285.9,0.103,0.237,0.834,Road closure for event/procession - full detour recommended for through-traffic
EVT401121,2025-10-09 16:40:57,Local Market Day,J023,Basavanagudi,7917,Weekday,False,Clear,False,0.0,False,False,0.723,High,15.5,51.7,329.3,0.184,0.424,0.975,Moderate traffic flow - standard adaptive signal timing in effect
EVT401122,2026-01-27 17:58:49,Fireworks Display,J023,Basavanagudi,19594,Weekday,True,Clear,False,0.0,False,False,1.0,Severe,9.8,70.1,287.4,0.123,0.285,0.868,Festival crowd surge detected - alternate route and extended cycle recommended
EVT401123,2026-05-31 11:23:32,Local Market Day,J023,Basavanagudi,4161,Weekend,False,Clear,False,0.0,False,False,0.369,Moderate,34.4,27.5,118.6,0.091,0.211,0.98,Moderate traffic flow - standard adaptive signal timing in effect
EVT401124,2025-08-03 15:52:38,Trade Fair,J040,City Market,8789,Weekend,False,Heavy Rain,True,54.7,False,False,0.834,Severe,13.4,59.2,398.0,0.208,0.481,0.91,Heavy rain reducing visibility and grip - reduced speed and longer buffer advised
EVT401125,2026-02-01 13:52:10,Concert,J011,Indiranagar 100ft Road,10713,Weekend,False,Clear,False,0.0,False,False,0.308,Low,32.7,22.2,142.6,0.113,0.26,0.968,Moderate traffic flow - standard adaptive signal timing in effect
EVT401126,2025-08-11 08:53:27,Local Market Day,J040,City Market,4260,Weekday,False,Clear,False,0.0,False,False,1.0,Severe,11.6,76.5,374.8,0.18,0.415,0.911,Heavy congestion detected - signal timing extended and reroute suggested
EVT401127,2025-04-26 16:23:44,Concert,J030,MG Road,16196,Weekend,False,Clear,False,0.0,False,False,0.619,High,20.5,41.2,197.5,0.13,0.3,0.965,Moderate traffic flow - standard adaptive signal timing in effect
EVT401128,2025-08-12 18:04:22,Trade Fair,J030,MG Road,6761,Weekday,False,Clear,False,0.0,False,False,1.0,Severe,7.8,70.2,205.9,0.08,0.184,0.926,Heavy congestion detected - signal timing extended and reroute suggested
EVT401129,2025-05-19 16:21:26,Sports Fixture,J020,Malleshwaram Circle,18018,Weekday,False,Light Rain,True,2.0,False,False,0.622,High,25.0,49.5,169.4,0.132,0.305,0.906,Heavy rain reducing visibility and grip - reduced speed and longer buffer advised
EVT401130,2026-05-31 16:20:08,Political Rally,J009,Majestic,22101,Weekend,False,Rain,True,9.8,False,False,0.888,Severe,12.3,67.9,505.2,0.238,0.55,0.884,Heavy rain reducing visibility and grip - reduced speed and longer buffer advised
EVT401131,2025-09-30 07:55:17,Local Market Day,J030,MG Road,6354,Weekday,False,Heavy Rain,True,82.4,False,False,1.0,Severe,7.8,66.4,653.7,0.201,0.465,0.889,Heavy rain reducing visibility and grip - reduced speed and longer buffer advised
EVT401132,2026-01-19 15:10:33,Concert,J009,Majestic,10738,Weekday,False,Clear,False,0.0,False,False,0.335,Low,30.9,20.8,146.6,0.123,0.284,0.944,Moderate traffic flow - standard adaptive signal timing in effect
EVT401133,2025-05-29 19:18:04,Sports Fixture,J011,Indiranagar 100ft Road,20713,Weekday,False,Clear,False,0.0,False,False,1.0,Severe,5.9,79.0,611.1,0.163,0.376,0.886,Heavy congestion detected - signal timing extended and reroute suggested
EVT401134,2025-10-04 12:51:23,Local Market Day,J031,Cubbon Road,7862,Weekend,False,Rain,True,14.0,False,False,0.402,Moderate,30.1,23.6,209.4,0.161,0.372,0.92,Light rain detected - minor speed reduction advised
EVT401135,2025-12-17 18:09:34,Trade Fair,J030,MG Road,6343,Weekday,False,Clear,False,0.0,False,False,1.0,Severe,9.2,75.6,576.1,0.215,0.497,0.92,Heavy congestion detected - signal timing extended and reroute suggested
EVT401136,2025-11-01 23:19:53,Cultural Procession,J030,MG Road,19549,Weekend,True,Clear,False,0.0,False,True,0.752,High,13.7,78.1,376.4,0.18,0.417,0.917,Road closure for event/procession - full detour recommended for through-traffic
EVT401137,2025-12-30 01:36:52,Political Rally,J031,Cubbon Road,14621,Weekday,False,Clear,False,0.0,False,False,0.167,Low,24.8,7.4,269.5,0.178,0.411,0.966,Normal free-flow traffic - standard signal timing maintained
EVT401138,2025-09-05 13:46:54,Religious Festival,J030,MG Road,38427,Weekday,True,Clear,False,0.0,False,True,0.745,High,17.0,86.0,369.6,0.21,0.485,0.88,Road closure for event/procession - full detour recommended for through-traffic
EVT401139,2025-09-24 07:13:32,Concert,J040,City Market,10223,Weekday,False,Rain,True,20.9,False,False,0.705,High,18.5,50.4,139.2,0.074,0.171,0.94,Heavy rain reducing visibility and grip - reduced speed and longer buffer advised
EVT401140,2026-05-19 13:05:57,Local Market Day,J031,Cubbon Road,4199,Weekday,False,Clear,False,0.0,False,False,0.265,Low,27.5,12.2,194.5,0.134,0.309,0.957,Moderate traffic flow - standard adaptive signal timing in effect
EVT401141,2025-09-24 18:13:52,Trade Fair,J009,Majestic,8816,Weekday,False,Clear,False,0.0,False,False,1.0,Severe,9.0,74.3,363.0,0.135,0.311,0.906,Heavy congestion detected - signal timing extended and reroute suggested
EVT401142,2025-08-31 18:07:07,Concert,J030,MG Road,8121,Weekend,False,Clear,False,0.0,False,False,0.911,Severe,13.5,60.8,241.7,0.133,0.306,0.946,Heavy congestion detected - signal timing extended and reroute suggested
EVT401143,2025-01-14 23:21:32,Religious Festival,J023,Basavanagudi,59200,Weekday,True,Clear,False,0.0,False,True,0.864,High,10.9,90.4,392.3,0.156,0.361,0.859,Road closure for event/procession - full detour recommended for through-traffic
EVT401144,2025-05-30 18:24:11,Local Market Day,J009,Majestic,3208,Weekday,False,Heavy Rain,True,47.0,False,False,1.0,Severe,9.2,71.5,371.9,0.13,0.301,0.844,Heavy rain reducing visibility and grip - reduced speed and longer buffer advised
EVT401145,2025-01-04 07:56:30,Political Rally,J040,City Market,10692,Weekend,False,Fog,False,0.0,False,False,0.755,Severe,14.1,51.9,451.9,0.205,0.473,0.99,Heavy congestion detected - signal timing extended and reroute suggested
EVT401146,2025-10-17 06:31:03,Local Market Day,J020,Malleshwaram Circle,7983,Weekday,False,Clear,False,0.0,False,False,0.333,Low,33.0,31.5,116.7,0.114,0.262,0.939,Moderate traffic flow - standard adaptive signal timing in effect
EVT401147,2026-05-01 09:47:33,Religious Festival,J012,Koramangala Sony World,34972,Weekday,True,Clear,False,0.0,False,False,1.0,Severe,10.1,67.6,845.0,0.315,0.727,0.873,Festival crowd surge detected - alternate route and extended cycle recommended
EVT401148,2025-04-15 17:46:51,Cultural Procession,J023,Basavanagudi,18133,Weekday,True,Clear,False,0.0,False,False,1.0,Severe,7.0,66.9,674.5,0.214,0.494,0.888,Festival crowd surge detected - alternate route and extended cycle recommended
EVT401149,2025-02-20 19:11:54,Sports Fixture,J012,Koramangala Sony World,15400,Weekday,False,Clear,False,0.0,False,False,1.0,Severe,7.8,73.5,374.6,0.124,0.287,0.909,Heavy congestion detected - signal timing extended and reroute suggested
EVT401150,2025-01-13 15:49:09,Sports Fixture,J012,Koramangala Sony World,33853,Weekday,False,Light Rain,True,3.3,False,False,0.599,High,29.0,47.4,220.3,0.196,0.453,0.905,Heavy rain reducing visibility and grip - reduced speed and longer buffer advised
EVT401151,2026-05-19 16:08:35,Local Market Day,J040,City Market,2678,Weekday,False,Rain,True,24.7,False,False,0.814,Severe,9.0,54.3,387.3,0.127,0.294,0.912,Heavy rain reducing visibility and grip - reduced speed and longer buffer advised
EVT401152,2025-08-10 07:28:27,Sports Fixture,J030,MG Road,19927,Weekend,False,Rain,True,18.0,False,False,0.853,Severe,12.4,60.8,405.2,0.185,0.427,0.902,Heavy rain reducing visibility and grip - reduced speed and longer buffer advised
EVT401153,2025-06-05 10:53:58,Local Market Day,J020,Malleshwaram Circle,3682,Weekday,False,Clear,False,0.0,False,False,0.458,Moderate,22.0,32.9,304.8,0.186,0.43,0.956,Moderate traffic flow - standard adaptive signal timing in effect
EVT401154,2025-07-14 17:43:31,Local Market Day,J023,Basavanagudi,2850,Weekday,False,Clear,False,0.0,False,False,0.984,Severe,8.9,63.3,525.1,0.192,0.444,0.912,Heavy congestion detected - signal timing extended and reroute suggested
EVT401155,2025-09-08 17:12:19,Political Rally,J009,Majestic,29517,Weekday,False,Heavy Rain,True,26.6,False,False,1.0,Severe,7.2,69.0,604.3,0.212,0.489,0.867,Heavy rain reducing visibility and grip - reduced speed and longer buffer advised
EVT401156,2026-02-21 14:21:46,Local Market Day,J030,MG Road,4697,Weekend,False,Clear,False,0.0,False,False,0.219,Low,28.4,14.9,145.9,0.137,0.316,0.954,Normal free-flow traffic - standard signal timing maintained
EVT401157,2026-06-18 15:57:41,Local Market Day,J023,Basavanagudi,2327,Weekday,False,Clear,False,0.0,False,False,0.297,Low,30.0,25.2,191.5,0.144,0.333,0.967,Moderate traffic flow - standard adaptive signal timing in effect
EVT401158,2025-07-14 11:53:33,Local Market Day,J031,Cubbon Road,3495,Weekday,False,Heavy Rain,True,76.3,False,False,0.638,High,28.8,45.0,210.9,0.174,0.403,0.912,Heavy rain reducing visibility and grip - reduced speed and longer buffer advised
EVT401159,2025-11-30 19:09:49,Trade Fair,J023,Basavanagudi,10967,Weekend,False,Clear,False,0.0,False,False,0.857,Severe,14.3,60.2,397.1,0.202,0.466,0.958,Heavy congestion detected - signal timing extended and reroute suggested
EVT401160,2025-01-30 11:40:05,Political Rally,J023,Basavanagudi,9943,Weekday,False,Clear,False,0.0,False,False,0.354,Moderate,26.9,28.2,223.0,0.154,0.355,0.983,Moderate traffic flow - standard adaptive signal timing in effect
EVT401161,2025-06-18 17:30:48,Trade Fair,J009,Majestic,15596,Weekday,False,Heavy Rain,True,28.9,False,False,1.0,Severe,8.6,73.6,598.4,0.204,0.471,0.873,Heavy rain reducing visibility and grip - reduced speed and longer buffer advised
EVT401162,2026-06-10 21:22:53,Sports Fixture,J012,Koramangala Sony World,10569,Weekday,False,Clear,False,0.0,False,False,0.393,Moderate,24.5,27.4,235.2,0.17,0.393,0.954,Moderate traffic flow - standard adaptive signal timing in effect
EVT401163,2025-12-10 09:11:32,Sports Fixture,J031,Cubbon Road,28572,Weekday,False,Clear,False,0.0,False,False,1.0,Severe,10.3,71.9,452.0,0.206,0.476,0.932,Heavy congestion detected - signal timing extended and reroute suggested
EVT401164,2025-05-17 10:43:54,Political Rally,J030,MG Road,28653,Weekend,False,Clear,False,0.0,False,False,0.744,High,17.4,50.1,264.3,0.148,0.343,0.954,Moderate traffic flow - standard adaptive signal timing in effect
EVT401165,2025-09-13 21:23:27,Local Market Day,J023,Basavanagudi,2480,Weekend,False,Heavy Rain,True,27.3,False,False,0.658,High,18.6,47.1,256.4,0.145,0.335,0.926,Heavy rain reducing visibility and grip - reduced speed and longer buffer advised
EVT401166,2026-04-09 11:11:23,Political Rally,J023,Basavanagudi,15247,Weekday,False,Fog,False,0.0,False,False,0.428,Moderate,24.8,28.8,286.0,0.208,0.481,0.99,Moderate traffic flow - standard adaptive signal timing in effect
EVT401167,2025-12-22 03:37:48,Sports Fixture,J030,MG Road,17713,Weekday,False,Clear,False,0.0,False,False,0.238,Low,32.2,17.5,172.1,0.131,0.303,0.954,Normal free-flow traffic - standard signal timing maintained
EVT401168,2025-01-09 11:33:59,Concert,J023,Basavanagudi,14343,Weekday,False,Clear,False,0.0,False,False,0.293,Low,26.8,23.5,105.6,0.081,0.188,0.972,Moderate traffic flow - standard adaptive signal timing in effect
EVT401169,2025-09-10 08:00:13,Local Market Day,J030,MG Road,6096,Weekday,False,Clear,False,0.0,False,False,0.788,Severe,16.4,49.8,395.0,0.204,0.47,0.954,Heavy congestion detected - signal timing extended and reroute suggested
EVT401170,2025-11-25 17:25:58,Concert,J011,Indiranagar 100ft Road,24275,Weekday,False,Clear,False,0.0,False,False,0.924,Severe,12.4,67.5,382.3,0.194,0.447,0.942,Heavy congestion detected - signal timing extended and reroute suggested
EVT401171,2026-03-31 06:05:46,Local Market Day,J011,Indiranagar 100ft Road,5881,Weekday,False,Clear,False,0.0,False,False,0.308,Low,29.7,20.0,204.2,0.137,0.317,0.964,Moderate traffic flow - standard adaptive signal timing in effect
EVT401172,2025-02-25 20:01:11,Sports Fixture,J023,Basavanagudi,25190,Weekday,False,Clear,False,0.0,False,False,0.836,Severe,13.7,58.9,392.4,0.214,0.493,0.938,Heavy congestion detected - signal timing extended and reroute suggested
EVT401173,2025-08-23 15:35:34,Sports Fixture,J023,Basavanagudi,17508,Weekend,False,Clear,False,0.0,False,False,0.459,Moderate,27.2,38.4,149.2,0.121,0.279,0.955,Moderate traffic flow - standard adaptive signal timing in effect
EVT401174,2025-08-09 15:32:44,Local Market Day,J023,Basavanagudi,3581,Weekend,False,Clear,False,0.0,False,False,0.349,Low,28.3,24.1,222.2,0.165,0.382,0.957,Moderate traffic flow - standard adaptive signal timing in effect
EVT401175,2026-02-09 13:41:33,Local Market Day,J023,Basavanagudi,7562,Weekday,False,Clear,False,0.0,False,False,0.174,Low,32.9,9.4,98.6,0.103,0.237,0.934,Normal free-flow traffic - standard signal timing maintained
EVT401176,2026-04-19 11:14:08,Concert,J020,Malleshwaram Circle,17859,Weekend,False,Rain,True,12.9,False,False,0.583,High,15.5,42.1,393.4,0.19,0.438,0.902,Heavy rain reducing visibility and grip - reduced speed and longer buffer advised
EVT401177,2026-04-26 07:00:27,Sports Fixture,J040,City Market,24690,Weekend,False,Clear,False,0.0,False,False,0.571,High,23.7,47.1,309.0,0.216,0.499,0.981,Moderate traffic flow - standard adaptive signal timing in effect
EVT401178,2025-01-18 09:11:08,Political Rally,J040,City Market,18560,Weekend,False,Clear,False,0.0,False,False,1.0,Severe,8.5,69.3,360.7,0.132,0.304,0.92,Heavy congestion detected - signal timing extended and reroute suggested
EVT401179,2026-04-14 13:56:06,Religious Festival,J009,Majestic,51938,Weekday,True,Clear,False,0.0,False,True,0.904,Severe,13.5,80.3,358.8,0.184,0.424,0.843,Road closure for event/procession - full detour recommended for through-traffic
EVT401180,2025-03-03 16:04:06,Concert,J011,Indiranagar 100ft Road,14504,Weekday,False,Clear,False,0.0,False,False,0.549,Moderate,19.0,43.5,312.4,0.187,0.431,0.948,Moderate traffic flow - standard adaptive signal timing in effect
EVT401181,2026-06-24 19:40:24,Local Market Day,J023,Basavanagudi,4506,Weekday,False,Clear,False,0.0,False,False,0.875,Severe,11.9,61.2,342.8,0.166,0.384,0.946,Heavy congestion detected - signal timing extended and reroute suggested
EVT401182,2026-01-16 10:56:14,Concert,J011,Indiranagar 100ft Road,5852,Weekday,False,Clear,False,0.0,False,False,0.457,Moderate,26.5,35.0,215.7,0.168,0.387,0.956,Moderate traffic flow - standard adaptive signal timing in effect
EVT401183,2025-03-17 20:47:56,Sports Fixture,J009,Majestic,17692,Weekday,False,Clear,False,0.0,False,False,0.515,Moderate,27.3,34.7,140.9,0.12,0.277,0.963,Moderate traffic flow - standard adaptive signal timing in effect
EVT401184,2026-05-22 10:01:53,Sports Fixture,J011,Indiranagar 100ft Road,18656,Weekday,False,Clear,False,0.0,False,False,0.92,Severe,12.0,70.5,563.3,0.28,0.647,0.945,Heavy congestion detected - signal timing extended and reroute suggested
EVT401185,2026-06-05 10:31:09,Local Market Day,J023,Basavanagudi,5372,Weekday,False,Light Rain,True,6.8,False,False,0.71,High,19.1,60.0,308.8,0.192,0.444,0.902,Heavy rain reducing visibility and grip - reduced speed and longer buffer advised
EVT401186,2026-01-08 18:21:23,Political Rally,J030,MG Road,12158,Weekday,False,Clear,False,0.0,False,False,1.0,Severe,7.5,69.5,900.7,0.263,0.607,0.921,Heavy congestion detected - signal timing extended and reroute suggested
EVT401187,2026-05-11 08:05:42,Sports Fixture,J031,Cubbon Road,18382,Weekday,False,Clear,False,0.0,True,False,1.0,Severe,9.2,73.3,560.4,0.203,0.468,0.758,Accident detected nearby - reroute and reduced speed advised
EVT401188,2026-04-28 18:48:29,Concert,J030,MG Road,13150,Weekday,False,Clear,False,0.0,False,False,1.0,Severe,9.8,76.2,266.7,0.113,0.261,0.899,Heavy congestion detected - signal timing extended and reroute suggested
EVT401189,2025-08-26 12:58:42,Political Rally,J040,City Market,11290,Weekday,False,Clear,False,0.0,False,False,0.268,Low,32.1,15.4,164.3,0.137,0.317,0.971,Moderate traffic flow - standard adaptive signal timing in effect
EVT401190,2025-02-13 05:15:31,Political Rally,J020,Malleshwaram Circle,12354,Weekday,False,Clear,False,0.0,False,False,0.176,Low,32.5,8.9,117.3,0.115,0.265,0.979,Normal free-flow traffic - standard signal timing maintained
EVT401191,2025-07-12 22:35:14,Local Market Day,J030,MG Road,3495,Weekend,False,Clear,False,0.0,False,False,0.23,Low,34.5,19.1,166.0,0.16,0.37,0.959,Normal free-flow traffic - standard signal timing maintained
EVT401192,2026-02-10 21:15:45,Concert,J031,Cubbon Road,14254,Weekday,False,Clear,False,0.0,False,False,0.496,Moderate,23.4,38.8,226.8,0.154,0.357,0.973,Moderate traffic flow - standard adaptive signal timing in effect
EVT401193,2026-03-05 16:03:00,Cultural Procession,J009,Majestic,23250,Weekday,True,Clear,False,0.0,False,True,0.898,High,11.1,94.4,623.1,0.27,0.623,0.876,Road closure for event/procession - full detour recommended for through-traffic
EVT401194,2025-08-10 20:07:48,Trade Fair,J020,Malleshwaram Circle,6763,Weekend,False,Light Rain,True,6.7,False,False,0.687,High,21.8,53.1,263.7,0.206,0.476,0.91,Heavy rain reducing visibility and grip - reduced speed and longer buffer advised
EVT401195,2025-05-02 13:54:29,Cultural Procession,J030,MG Road,17548,Weekday,True,Rain,True,10.8,False,True,0.705,High,18.0,69.9,337.9,0.219,0.506,0.845,Road closure for event/procession - full detour recommended for through-traffic
EVT401196,2025-05-06 17:13:50,Sports Fixture,J031,Cubbon Road,20099,Weekday,False,Clear,False,0.0,False,False,0.831,Severe,12.4,59.4,304.7,0.124,0.286,0.923,Heavy congestion detected - signal timing extended and reroute suggested
EVT401197,2025-09-14 06:37:07,Sports Fixture,J011,Indiranagar 100ft Road,21885,Weekend,False,Clear,False,0.0,False,False,0.396,Moderate,26.0,32.5,194.4,0.167,0.385,0.99,Moderate traffic flow - standard adaptive signal timing in effect
EVT401198,2025-09-26 15:53:19,Local Market Day,J011,Indiranagar 100ft Road,2640,Weekday,False,Clear,False,0.0,False,False,0.346,Low,32.2,16.1,243.3,0.189,0.436,0.967,Moderate traffic flow - standard adaptive signal timing in effect
EVT401199,2026-06-01 17:15:57,Concert,J031,Cubbon Road,16252,Weekday,False,Clear,False,0.0,False,False,0.916,Severe,11.2,61.9,515.0,0.226,0.522,0.928,Heavy congestion detected - signal timing extended and reroute suggested
EVT401200,2025-09-30 07:52:14,Trade Fair,J012,Koramangala Sony World,7974,Weekday,False,Clear,False,0.0,False,False,0.718,High,18.1,56.7,266.1,0.17,0.393,0.963,Moderate traffic flow - standard adaptive signal timing in effect
EVT401201,2026-02-25 20:05:10,Concert,J011,Indiranagar 100ft Road,16744,Weekday,False,Clear,False,0.0,False,False,0.718,High,17.8,56.0,234.7,0.125,0.289,0.986,Moderate traffic flow - standard adaptive signal timing in effect
EVT401202,2026-05-16 12:03:24,Concert,J023,Basavanagudi,7473,Weekend,False,Rain,True,18.5,False,False,0.508,Moderate,19.9,36.4,200.8,0.108,0.249,0.895,Light rain detected - minor speed reduction advised
EVT401203,2026-02-20 19:45:09,Concert,J020,Malleshwaram Circle,12950,Weekday,False,Clear,False,0.0,False,False,0.854,Severe,13.5,61.9,487.7,0.254,0.586,0.933,Heavy congestion detected - signal timing extended and reroute suggested
EVT401204,2025-01-07 08:27:12,Trade Fair,J030,MG Road,7668,Weekday,False,Clear,False,0.0,False,False,1.0,Severe,7.9,67.7,578.7,0.194,0.447,0.886,Heavy congestion detected - signal timing extended and reroute suggested
EVT401205,2025-10-09 15:37:16,Political Rally,J030,MG Road,7842,Weekday,False,Light Rain,True,1.4,False,False,0.404,Moderate,22.5,23.9,179.5,0.109,0.252,0.921,Light rain detected - minor speed reduction advised
EVT401206,2025-09-15 12:24:39,Sports Fixture,J040,City Market,14136,Weekday,False,Clear,False,0.0,False,False,0.389,Moderate,25.1,28.1,262.0,0.197,0.455,0.954,Moderate traffic flow - standard adaptive signal timing in effect
EVT401207,2025-12-08 16:32:35,Local Market Day,J023,Basavanagudi,3877,Weekday,False,Fog,False,0.0,False,False,0.568,High,20.6,42.1,181.5,0.102,0.235,0.96,Moderate traffic flow - standard adaptive signal timing in effect
EVT401208,2026-05-13 22:33:12,Trade Fair,J020,Malleshwaram Circle,10198,Weekday,False,Clear,False,0.0,False,False,0.254,Low,32.8,15.2,140.0,0.114,0.264,0.99,Moderate traffic flow - standard adaptive signal timing in effect
EVT401209,2026-03-02 00:59:41,Sports Fixture,J031,Cubbon Road,36415,Weekday,False,Clear,False,0.0,False,False,0.357,Moderate,27.6,27.0,187.7,0.134,0.311,0.967,Moderate traffic flow - standard adaptive signal timing in effect
EVT401210,2026-05-05 17:42:56,Concert,J040,City Market,22042,Weekday,False,Clear,False,0.0,False,False,1.0,Severe,9.9,73.6,437.1,0.16,0.37,0.907,Heavy congestion detected - signal timing extended and reroute suggested
EVT401211,2025-09-13 13:00:28,Trade Fair,J020,Malleshwaram Circle,5947,Weekend,False,Clear,False,0.0,False,False,0.254,Low,35.0,23.3,145.4,0.125,0.289,0.981,Moderate traffic flow - standard adaptive signal timing in effect
EVT401212,2025-02-22 10:50:47,Local Market Day,J023,Basavanagudi,4035,Weekend,False,Clear,False,0.0,False,False,0.463,Moderate,22.8,35.8,137.6,0.085,0.195,0.95,Moderate traffic flow - standard adaptive signal timing in effect
EVT401213,2025-05-24 20:36:12,Local Market Day,J040,City Market,4378,Weekend,False,Clear,False,0.0,False,False,0.584,High,18.7,42.1,344.7,0.207,0.479,0.957,Moderate traffic flow - standard adaptive signal timing in effect
EVT401214,2025-11-06 17:03:13,Concert,J023,Basavanagudi,11713,Weekday,False,Clear,False,0.0,False,False,0.775,Severe,16.1,63.6,345.7,0.187,0.431,0.978,Heavy congestion detected - signal timing extended and reroute suggested
EVT401215,2026-04-22 16:15:26,Concert,J012,Koramangala Sony World,7686,Weekday,False,Clear,False,0.0,False,False,0.555,High,23.1,41.9,165.1,0.117,0.27,0.984,Moderate traffic flow - standard adaptive signal timing in effect
EVT401216,2026-05-30 17:21:32,Local Market Day,J020,Malleshwaram Circle,7280,Weekend,False,Clear,False,0.0,False,False,0.667,High,19.2,47.7,214.1,0.129,0.298,0.99,Moderate traffic flow - standard adaptive signal timing in effect
EVT401217,2025-04-24 09:19:15,Sports Fixture,J020,Malleshwaram Circle,28121,Weekday,False,Clear,False,0.0,False,False,1.0,Severe,8.5,71.9,917.8,0.317,0.732,0.917,Heavy congestion detected - signal timing extended and reroute suggested
EVT401218,2026-03-26 08:12:18,Religious Festival,J009,Majestic,53500,Weekday,True,Clear,False,0.0,False,True,1.0,Severe,9.1,105.7,676.2,0.264,0.61,0.832,Road closure for event/procession - full detour recommended for through-traffic
EVT401219,2025-12-17 08:07:10,Concert,J020,Malleshwaram Circle,11210,Weekday,False,Clear,False,0.0,False,False,0.855,Severe,12.8,62.5,347.0,0.151,0.348,0.94,Heavy congestion detected - signal timing extended and reroute suggested
EVT401220,2026-03-21 07:16:47,Local Market Day,J020,Malleshwaram Circle,2011,Weekend,False,Clear,False,0.0,True,False,0.959,Severe,11.1,75.0,360.6,0.167,0.385,0.771,Accident detected nearby - reroute and reduced speed advised
EVT401221,2026-03-21 19:35:48,Local Market Day,J040,City Market,2392,Weekend,False,Clear,False,0.0,False,False,0.709,High,16.3,51.8,284.4,0.155,0.359,0.978,Moderate traffic flow - standard adaptive signal timing in effect
EVT401222,2026-02-08 13:00:21,Sports Fixture,J020,Malleshwaram Circle,37615,Weekend,False,Clear,False,0.0,False,False,0.48,Moderate,23.7,35.2,119.7,0.088,0.204,0.958,Moderate traffic flow - standard adaptive signal timing in effect
EVT401223,2025-09-11 16:01:28,Local Market Day,J012,Koramangala Sony World,2961,Weekday,False,Rain,True,23.4,False,False,0.621,High,23.7,45.2,280.1,0.223,0.515,0.915,Heavy rain reducing visibility and grip - reduced speed and longer buffer advised
EVT401224,2025-09-17 13:24:21,Local Market Day,J020,Malleshwaram Circle,3343,Weekday,False,Clear,False,0.0,False,False,0.163,Low,38.5,6.5,122.6,0.117,0.27,0.94,Normal free-flow traffic - standard signal timing maintained
EVT401225,2026-01-29 14:02:22,Trade Fair,J030,MG Road,5459,Weekday,False,Clear,False,0.0,False,False,0.098,Low,40.1,11.0,76.2,0.057,0.131,0.965,Normal free-flow traffic - standard signal timing maintained
EVT401226,2026-04-24 17:32:48,Concert,J009,Majestic,10968,Weekday,False,Clear,False,0.0,False,False,0.984,Severe,9.2,73.6,775.8,0.258,0.595,0.919,Heavy congestion detected - signal timing extended and reroute suggested
EVT401227,2025-06-05 18:17:18,Trade Fair,J040,City Market,9884,Weekday,False,Clear,False,0.0,False,False,1.0,Severe,7.6,74.4,873.5,0.241,0.556,0.911,Heavy congestion detected - signal timing extended and reroute suggested
EVT401228,2025-10-15 04:31:35,Concert,J031,Cubbon Road,4969,Weekday,False,Clear,False,0.0,False,False,0.167,Low,23.9,11.0,168.0,0.102,0.235,0.964,Normal free-flow traffic - standard signal timing maintained
EVT401229,2025-07-10 14:51:54,Concert,J012,Koramangala Sony World,10257,Weekday,False,Clear,False,0.0,False,False,0.208,Low,25.5,16.8,185.1,0.133,0.306,0.967,Normal free-flow traffic - standard signal timing maintained
EVT401230,2026-05-19 08:00:49,Local Market Day,J040,City Market,2507,Weekday,False,Heavy Rain,True,25.3,False,False,1.0,Severe,8.0,77.1,536.5,0.182,0.421,0.879,Heavy rain reducing visibility and grip - reduced speed and longer buffer advised
EVT401231,2026-05-15 16:21:29,Sports Fixture,J009,Majestic,22149,Weekday,False,Clear,False,0.0,False,False,0.653,High,16.5,43.8,211.4,0.12,0.278,0.956,Moderate traffic flow - standard adaptive signal timing in effect
EVT401232,2025-04-11 17:47:49,Local Market Day,J020,Malleshwaram Circle,6813,Weekday,False,Clear,False,0.0,False,False,0.962,Severe,11.8,61.1,624.2,0.273,0.632,0.921,Heavy congestion detected - signal timing extended and reroute suggested
EVT401233,2025-03-07 08:33:27,Local Market Day,J030,MG Road,5352,Weekday,False,Clear,False,0.0,False,False,1.0,Severe,9.1,71.8,749.0,0.252,0.582,0.899,Heavy congestion detected - signal timing extended and reroute suggested
EVT401234,2025-11-25 18:35:47,Concert,J040,City Market,7544,Weekday,False,Clear,False,0.0,False,False,1.0,Severe,7.6,71.3,866.6,0.262,0.605,0.952,Heavy congestion detected - signal timing extended and reroute suggested
EVT401235,2025-06-19 12:09:55,Trade Fair,J009,Majestic,20944,Weekday,False,Clear,False,0.0,False,False,0.397,Moderate,30.6,30.2,250.2,0.208,0.48,0.977,Moderate traffic flow - standard adaptive signal timing in effect
EVT401236,2025-08-12 18:52:05,Local Market Day,J012,Koramangala Sony World,3470,Weekday,False,Clear,False,0.0,False,False,1.0,Severe,8.5,71.4,597.6,0.199,0.459,0.909,Heavy congestion detected - signal timing extended and reroute suggested
EVT401237,2025-07-30 19:41:28,Local Market Day,J030,MG Road,4152,Weekday,False,Rain,True,14.8,False,False,0.98,Severe,8.5,66.0,431.0,0.141,0.327,0.865,Heavy rain reducing visibility and grip - reduced speed and longer buffer advised
EVT401238,2026-02-05 18:06:50,Local Market Day,J012,Koramangala Sony World,3164,Weekday,False,Clear,False,0.0,False,False,1.0,Severe,8.5,70.8,644.8,0.206,0.477,0.901,Heavy congestion detected - signal timing extended and reroute suggested
EVT401239,2025-06-05 13:02:57,Sports Fixture,J040,City Market,18593,Weekday,False,Heavy Rain,True,38.3,False,False,0.687,High,18.1,48.5,263.8,0.169,0.391,0.912,Heavy rain reducing visibility and grip - reduced speed and longer buffer advised
EVT401240,2025-02-02 17:59:09,Concert,J023,Basavanagudi,11951,Weekend,False,Clear,False,0.0,False,False,0.905,Severe,15.0,67.5,480.7,0.269,0.621,0.96,Heavy congestion detected - signal timing extended and reroute suggested
EVT401241,2026-03-15 08:21:25,Local Market Day,J040,City Market,2507,Weekend,False,Clear,False,0.0,False,False,0.734,High,19.5,50.9,200.6,0.123,0.284,0.974,Moderate traffic flow - standard adaptive signal timing in effect
EVT401242,2026-01-11 00:12:07,Political Rally,J009,Majestic,19639,Weekend,False,Clear,False,0.0,False,False,0.373,Moderate,30.1,19.9,213.8,0.148,0.343,0.965,Moderate traffic flow - standard adaptive signal timing in effect
EVT401243,2025-10-04 09:10:36,Sports Fixture,J009,Majestic,13238,Weekend,False,Clear,False,0.0,False,False,0.972,Severe,8.5,71.9,584.9,0.221,0.511,0.914,Heavy congestion detected - signal timing extended and reroute suggested
EVT401244,2026-02-22 08:01:53,Local Market Day,J011,Indiranagar 100ft Road,2682,Weekend,False,Clear,False,0.0,False,False,0.781,Severe,14.6,53.6,332.9,0.18,0.417,0.967,Heavy congestion detected - signal timing extended and reroute suggested
EVT401245,2026-06-22 07:49:48,Local Market Day,J023,Basavanagudi,2483,Weekday,False,Clear,False,0.0,False,False,0.775,Severe,15.7,58.5,240.0,0.124,0.287,0.958,Heavy congestion detected - signal timing extended and reroute suggested
EVT401246,2025-05-13 16:53:56,Local Market Day,J009,Majestic,5443,Weekday,False,Clear,False,0.0,False,False,0.701,High,21.7,55.8,228.1,0.144,0.332,0.941,Moderate traffic flow - standard adaptive signal timing in effect
EVT401247,2025-07-11 19:31:45,Trade Fair,J009,Majestic,7872,Weekday,False,Heavy Rain,True,40.5,False,False,1.0,Severe,8.9,70.0,646.0,0.218,0.504,0.846,Heavy rain reducing visibility and grip - reduced speed and longer buffer advised
EVT401248,2025-11-09 08:41:25,Local Market Day,J012,Koramangala Sony World,3810,Weekend,False,Clear,False,0.0,False,False,0.871,Severe,13.8,67.2,561.8,0.275,0.634,0.926,Heavy congestion detected - signal timing extended and reroute suggested
EVT401249,2025-04-10 07:12:28,Local Market Day,J012,Koramangala Sony World,5490,Weekday,False,Clear,False,0.0,True,False,0.898,Severe,12.4,62.2,461.9,0.222,0.512,0.788,Accident detected nearby - reroute and reduced speed advised
EVT401250,2026-01-29 17:31:39,Sports Fixture,J009,Majestic,19335,Weekday,False,Clear,False,0.0,False,False,1.0,Severe,10.8,69.1,354.1,0.162,0.374,0.902,Heavy congestion detected - signal timing extended and reroute suggested
EVT401251,2026-05-02 07:49:00,Religious Festival,J012,Koramangala Sony World,49703,Weekend,True,Clear,False,0.0,False,True,1.0,Severe,8.0,111.8,445.3,0.151,0.348,0.831,Road closure for event/procession - full detour recommended for through-traffic
EVT401252,2025-07-06 20:04:11,Political Rally,J012,Koramangala Sony World,19999,Weekend,False,Clear,False,0.0,False,False,0.714,High,19.2,53.2,304.8,0.186,0.43,0.948,Moderate traffic flow - standard adaptive signal timing in effect
EVT401253,2025-08-31 18:08:02,Sports Fixture,J009,Majestic,24938,Weekend,False,Heavy Rain,True,25.2,False,False,1.0,Severe,8.7,73.2,651.8,0.23,0.532,0.852,Heavy rain reducing visibility and grip - reduced speed and longer buffer advised
EVT401254,2025-11-16 10:38:15,Local Market Day,J012,Koramangala Sony World,6303,Weekend,False,Clear,False,0.0,False,False,0.486,Moderate,26.7,40.7,227.7,0.18,0.415,0.98,Moderate traffic flow - standard adaptive signal timing in effect
EVT401255,2025-12-16 13:05:33,Concert,J030,MG Road,11064,Weekday,False,Clear,False,0.0,False,False,0.156,Low,31.3,11.8,124.3,0.111,0.256,0.965,Normal free-flow traffic - standard signal timing maintained
EVT401256,2026-01-17 18:24:30,Trade Fair,J040,City Market,11326,Weekend,False,Clear,False,0.0,False,False,0.793,Severe,17.3,62.5,215.8,0.142,0.328,0.941,Heavy congestion detected - signal timing extended and reroute suggested
EVT401257,2025-11-16 14:31:11,Sports Fixture,J040,City Market,25993,Weekend,False,Clear,False,0.0,False,False,0.411,Moderate,26.2,27.9,105.6,0.086,0.199,0.962,Moderate traffic flow - standard adaptive signal timing in effect
EVT401258,2026-01-06 17:30:02,Sports Fixture,J012,Koramangala Sony World,21071,Weekday,False,Clear,False,0.0,False,False,1.0,Severe,9.1,74.8,280.3,0.106,0.245,0.932,Heavy congestion detected - signal timing extended and reroute suggested
EVT401259,2025-01-04 09:56:01,Sports Fixture,J030,MG Road,13946,Weekend,False,Clear,False,0.0,False,False,0.853,Severe,12.8,63.7,313.3,0.176,0.407,0.933,Heavy congestion detected - signal timing extended and reroute suggested
EVT401260,2026-05-26 08:47:05,Sports Fixture,J020,Malleshwaram Circle,23614,Weekday,False,Clear,False,0.0,False,False,1.0,Severe,8.7,71.9,627.9,0.245,0.567,0.932,Heavy congestion detected - signal timing extended and reroute suggested
EVT401261,2025-05-26 15:30:23,Local Market Day,J031,Cubbon Road,2967,Weekday,False,Clear,False,0.0,True,False,0.766,Severe,22.2,56.2,145.2,0.094,0.218,0.823,Accident detected nearby - reroute and reduced speed advised
EVT401262,2025-02-10 22:54:00,Political Rally,J011,Indiranagar 100ft Road,7406,Weekday,False,Clear,False,0.0,False,False,0.159,Low,31.7,4.0,125.7,0.12,0.278,0.982,Normal free-flow traffic - standard signal timing maintained
EVT401263,2025-03-21 16:08:39,Sports Fixture,J012,Koramangala Sony World,22137,Weekday,False,Clear,False,0.0,False,False,0.593,High,16.3,40.9,268.5,0.147,0.34,0.972,Moderate traffic flow - standard adaptive signal timing in effect
EVT401264,2025-07-09 06:10:39,Local Market Day,J011,Indiranagar 100ft Road,3093,Weekday,False,Heavy Rain,True,39.1,False,False,0.624,High,19.9,47.2,384.7,0.23,0.531,0.943,Heavy rain reducing visibility and grip - reduced speed and longer buffer advised
EVT401265,2026-05-19 09:53:00,Sports Fixture,J012,Koramangala Sony World,10895,Weekday,False,Rain,True,13.1,False,False,0.967,Severe,11.2,67.4,530.0,0.22,0.509,0.869,Heavy rain reducing visibility and grip - reduced speed and longer buffer advised
EVT401266,2025-09-05 18:12:01,Religious Festival,J020,Malleshwaram Circle,44829,Weekday,True,Clear,False,0.0,False,True,1.0,Severe,9.5,96.9,574.7,0.19,0.44,0.831,Road closure for event/procession - full detour recommended for through-traffic
EVT401267,2025-07-21 23:03:35,Concert,J009,Majestic,12306,Weekday,False,Clear,False,0.0,False,False,0.192,Low,42.5,12.1,90.4,0.078,0.181,0.972,Normal free-flow traffic - standard signal timing maintained
EVT401268,2026-02-13 19:11:43,Political Rally,J020,Malleshwaram Circle,10856,Weekday,False,Clear,False,0.0,False,False,0.961,Severe,9.4,71.0,718.2,0.264,0.609,0.931,Heavy congestion detected - signal timing extended and reroute suggested
EVT401269,2025-10-08 12:49:41,Local Market Day,J031,Cubbon Road,2127,Weekday,False,Rain,True,11.5,False,False,0.255,Low,40.3,14.9,153.5,0.156,0.361,0.893,Light rain detected - minor speed reduction advised
EVT401270,2025-09-15 00:24:50,Political Rally,J011,Indiranagar 100ft Road,16413,Weekday,False,Heavy Rain,True,64.9,False,False,0.586,High,23.0,42.4,373.7,0.274,0.634,0.927,Heavy rain reducing visibility and grip - reduced speed and longer buffer advised
EVT401271,2025-04-24 13:43:05,Concert,J031,Cubbon Road,18281,Weekday,False,Rain,True,16.3,False,False,0.405,Moderate,28.4,28.8,86.9,0.064,0.147,0.922,Light rain detected - minor speed reduction advised
EVT401272,2025-09-19 20:25:15,Concert,J030,MG Road,17911,Weekday,False,Clear,False,0.0,False,False,0.677,High,15.9,44.3,164.9,0.088,0.203,0.961,Moderate traffic flow - standard adaptive signal timing in effect
EVT401273,2025-07-30 12:37:29,Local Market Day,J031,Cubbon Road,2706,Weekday,False,Clear,False,0.0,False,False,0.215,Low,37.0,12.6,53.7,0.079,0.182,0.952,Normal free-flow traffic - standard signal timing maintained
EVT401274,2025-07-05 12:37:38,Local Market Day,J020,Malleshwaram Circle,4262,Weekend,False,Light Rain,True,6.7,False,False,0.389,Moderate,27.0,24.3,166.9,0.136,0.314,0.913,Light rain detected - minor speed reduction advised
EVT401275,2025-04-19 12:57:59,Sports Fixture,J030,MG Road,28359,Weekend,False,Clear,False,0.0,False,False,0.379,Moderate,29.3,22.6,176.4,0.139,0.32,0.961,Moderate traffic flow - standard adaptive signal timing in effect
EVT401276,2025-10-23 19:58:30,Local Market Day,J030,MG Road,3778,Weekday,False,Clear,False,0.0,False,False,0.635,High,25.2,39.7,204.0,0.166,0.383,0.964,Moderate traffic flow - standard adaptive signal timing in effect
EVT401277,2025-09-26 12:48:26,Sports Fixture,J020,Malleshwaram Circle,16708,Weekday,False,Clear,False,0.0,False,False,0.296,Low,32.8,20.5,171.7,0.164,0.379,0.95,Moderate traffic flow - standard adaptive signal timing in effect
EVT401278,2025-03-02 21:17:14,Trade Fair,J040,City Market,14699,Weekend,False,Clear,False,0.0,False,False,0.552,High,23.9,37.3,170.0,0.113,0.262,0.99,Moderate traffic flow - standard adaptive signal timing in effect
EVT401279,2026-05-26 09:27:05,Local Market Day,J011,Indiranagar 100ft Road,2749,Weekday,False,Clear,False,0.0,False,False,0.874,Severe,15.4,58.8,183.4,0.106,0.244,0.917,Heavy congestion detected - signal timing extended and reroute suggested
EVT401280,2025-09-15 19:48:07,Concert,J031,Cubbon Road,8356,Weekday,False,Clear,False,0.0,False,False,0.839,Severe,9.7,63.3,559.0,0.183,0.422,0.963,Heavy congestion detected - signal timing extended and reroute suggested
EVT401281,2025-02-04 09:06:07,Political Rally,J031,Cubbon Road,14893,Weekday,False,Light Rain,True,3.4,False,False,1.0,Severe,7.6,70.7,604.4,0.212,0.49,0.86,Heavy rain reducing visibility and grip - reduced speed and longer buffer advised
EVT401282,2025-03-01 19:25:21,Local Market Day,J031,Cubbon Road,7013,Weekend,False,Clear,False,0.0,False,False,0.786,Severe,20.2,59.6,178.6,0.13,0.3,0.943,Heavy congestion detected - signal timing extended and reroute suggested
EVT401283,2025-09-15 17:49:22,Sports Fixture,J011,Indiranagar 100ft Road,19446,Weekday,False,Clear,False,0.0,False,False,1.0,Severe,7.1,71.9,560.9,0.159,0.366,0.899,Heavy congestion detected - signal timing extended and reroute suggested
EVT401284,2025-02-25 11:38:18,Concert,J011,Indiranagar 100ft Road,18560,Weekday,False,Clear,False,0.0,False,False,0.305,Low,28.0,16.8,236.4,0.174,0.401,0.96,Moderate traffic flow - standard adaptive signal timing in effect
EVT401285,2025-08-17 10:57:52,Sports Fixture,J031,Cubbon Road,24681,Weekend,False,Clear,False,0.0,False,False,0.592,High,22.3,43.4,308.9,0.198,0.456,0.974,Moderate traffic flow - standard adaptive signal timing in effect
EVT401286,2025-02-21 06:25:02,Political Rally,J040,City Market,22705,Weekday,False,Clear,False,0.0,False,False,0.376,Moderate,25.9,27.3,136.7,0.105,0.242,0.973,Moderate traffic flow - standard adaptive signal timing in effect
EVT401287,2025-10-21 00:57:10,Religious Festival,J020,Malleshwaram Circle,46738,Weekday,True,Rain,True,22.0,False,True,1.0,Severe,7.0,106.3,313.2,0.121,0.28,0.765,Road closure for event/procession - full detour recommended for through-traffic
EVT401288,2026-05-22 10:25:13,Concert,J040,City Market,9674,Weekday,False,Clear,False,0.0,False,False,0.622,High,19.8,39.9,386.7,0.228,0.527,0.96,Moderate traffic flow - standard adaptive signal timing in effect
EVT401289,2026-04-10 18:17:41,Local Market Day,J011,Indiranagar 100ft Road,7441,Weekday,False,Clear,False,0.0,False,False,1.0,Severe,9.9,67.3,331.3,0.141,0.326,0.916,Heavy congestion detected - signal timing extended and reroute suggested
EVT401290,2025-02-04 10:19:07,Concert,J030,MG Road,13442,Weekday,False,Clear,False,0.0,False,False,0.706,High,21.5,46.6,209.2,0.153,0.353,0.967,Moderate traffic flow - standard adaptive signal timing in effect
EVT401291,2025-11-01 16:44:55,Cultural Procession,J011,Indiranagar 100ft Road,14586,Weekend,True,Clear,False,0.0,False,True,1.0,Severe,5.7,98.0,433.0,0.112,0.259,0.836,Road closure for event/procession - full detour recommended for through-traffic
EVT401292,2025-11-14 10:56:42,Sports Fixture,J031,Cubbon Road,25841,Weekday,False,Clear,False,0.0,False,False,0.651,High,21.2,40.8,273.2,0.175,0.405,0.952,Moderate traffic flow - standard adaptive signal timing in effect
EVT401293,2026-01-09 08:47:37,Local Market Day,J011,Indiranagar 100ft Road,2808,Weekday,False,Clear,False,0.0,False,False,0.969,Severe,9.9,68.2,386.8,0.156,0.36,0.943,Heavy congestion detected - signal timing extended and reroute suggested
EVT401294,2025-04-04 17:04:29,Concert,J030,MG Road,12455,Weekday,False,Rain,True,7.5,False,False,0.868,Severe,12.2,61.7,271.0,0.134,0.311,0.878,Heavy rain reducing visibility and grip - reduced speed and longer buffer advised
EVT401295,2026-01-14 06:20:25,Fireworks Display,J009,Majestic,23003,Weekday,True,Clear,False,0.0,True,False,1.0,Severe,8.7,72.6,519.1,0.173,0.4,0.726,Accident detected nearby - reroute and reduced speed advised
EVT401296,2025-11-05 18:31:38,Sports Fixture,J023,Basavanagudi,26587,Weekday,False,Clear,False,0.0,False,False,1.0,Severe,8.8,68.3,680.2,0.238,0.55,0.907,Heavy congestion detected - signal timing extended and reroute suggested
EVT401297,2025-08-02 10:07:05,Concert,J011,Indiranagar 100ft Road,9221,Weekend,False,Rain,True,7.7,False,False,0.795,Severe,16.6,59.3,330.1,0.176,0.408,0.897,Heavy rain reducing visibility and grip - reduced speed and longer buffer advised
EVT401298,2025-03-31 15:35:56,Cultural Procession,J023,Basavanagudi,29362,Weekday,True,Clear,False,0.0,False,False,0.687,High,17.0,54.8,344.6,0.205,0.473,0.927,Festival crowd surge detected - alternate route and extended cycle recommended
EVT401299,2026-03-14 09:17:21,Sports Fixture,J020,Malleshwaram Circle,28563,Weekend,False,Clear,False,0.0,False,False,0.982,Severe,8.5,71.3,565.9,0.211,0.488,0.927,Heavy congestion detected - signal timing extended and reroute suggested
EVT401300,2025-05-26 17:19:27,Political Rally,J023,Basavanagudi,21982,Weekday,False,Clear,False,0.0,False,False,0.919,Severe,9.8,66.9,492.9,0.191,0.441,0.937,Heavy congestion detected - signal timing extended and reroute suggested
EVT401301,2025-05-17 22:58:46,Concert,J030,MG Road,14093,Weekend,False,Clear,False,0.0,False,False,0.388,Moderate,23.9,33.2,252.1,0.168,0.387,0.985,Moderate traffic flow - standard adaptive signal timing in effect
EVT401302,2026-05-23 06:51:55,Local Market Day,J031,Cubbon Road,5146,Weekend,False,Heavy Rain,True,27.4,False,False,0.696,High,17.3,51.7,159.1,0.088,0.203,0.932,Heavy rain reducing visibility and grip - reduced speed and longer buffer advised
EVT401303,2026-06-01 09:27:21,Local Market Day,J040,City Market,3265,Weekday,False,Clear,False,0.0,False,False,0.885,Severe,12.5,63.5,575.0,0.272,0.629,0.974,Heavy congestion detected - signal timing extended and reroute suggested
EVT401304,2026-03-27 17:50:26,Cultural Procession,J031,Cubbon Road,27528,Weekday,True,Clear,False,0.0,False,True,1.0,Severe,9.4,105.9,391.8,0.153,0.353,0.855,Road closure for event/procession - full detour recommended for through-traffic
EVT401305,2026-06-11 18:03:22,Sports Fixture,J012,Koramangala Sony World,31525,Weekday,False,Rain,True,9.7,False,False,1.0,Severe,9.0,73.6,617.5,0.231,0.534,0.856,Heavy rain reducing visibility and grip - reduced speed and longer buffer advised
EVT401306,2025-11-26 09:11:32,Concert,J012,Koramangala Sony World,11601,Weekday,False,Clear,False,0.0,False,False,1.0,Severe,7.7,65.1,810.5,0.263,0.608,0.9,Heavy congestion detected - signal timing extended and reroute suggested
EVT401307,2026-03-01 08:38:55,Local Market Day,J023,Basavanagudi,3230,Weekend,False,Light Rain,True,0.6,False,False,0.926,Severe,12.9,63.9,467.8,0.218,0.505,0.893,Heavy rain reducing visibility and grip - reduced speed and longer buffer advised
EVT401308,2025-06-17 17:34:16,Sports Fixture,J030,MG Road,13310,Weekday,False,Heavy Rain,True,35.5,False,False,1.0,Severe,7.9,73.3,784.6,0.248,0.572,0.843,Heavy rain reducing visibility and grip - reduced speed and longer buffer advised
EVT401309,2026-01-21 08:35:30,Concert,J009,Majestic,15215,Weekday,False,Clear,False,0.0,False,False,1.0,Severe,8.0,72.1,578.3,0.188,0.433,0.922,Heavy congestion detected - signal timing extended and reroute suggested
EVT401310,2025-06-07 09:23:57,Sports Fixture,J030,MG Road,38219,Weekend,False,Clear,False,0.0,False,False,0.964,Severe,12.2,70.1,197.6,0.097,0.225,0.926,Heavy congestion detected - signal timing extended and reroute suggested
EVT401311,2026-06-10 06:18:19,Local Market Day,J031,Cubbon Road,5115,Weekday,False,Clear,False,0.0,False,False,0.269,Low,31.8,12.0,161.6,0.138,0.319,0.949,Moderate traffic flow - standard adaptive signal timing in effect
EVT401312,2025-12-27 08:09:47,Trade Fair,J012,Koramangala Sony World,8212,Weekend,False,Clear,False,0.0,False,False,0.749,High,20.6,59.4,247.5,0.175,0.404,0.973,Moderate traffic flow - standard adaptive signal timing in effect
EVT401313,2026-04-03 09:48:32,Concert,J012,Koramangala Sony World,7497,Weekday,False,Fog,False,0.0,False,False,0.816,Severe,14.9,54.6,123.5,0.058,0.135,0.946,Heavy congestion detected - signal timing extended and reroute suggested
EVT401314,2026-04-22 06:50:25,Local Market Day,J011,Indiranagar 100ft Road,3381,Weekday,False,Clear,False,0.0,False,False,0.279,Low,36.8,17.4,130.6,0.117,0.271,0.966,Moderate traffic flow - standard adaptive signal timing in effect
EVT401315,2025-09-01 14:07:09,Concert,J012,Koramangala Sony World,24127,Weekday,False,Clear,False,0.0,False,False,0.303,Low,31.7,21.0,86.2,0.06,0.139,0.969,Moderate traffic flow - standard adaptive signal timing in effect
EVT401316,2026-01-25 17:46:04,Trade Fair,J023,Basavanagudi,10241,Weekend,False,Clear,False,0.0,False,False,0.867,Severe,7.6,62.8,551.2,0.159,0.367,0.921,Heavy congestion detected - signal timing extended and reroute suggested
EVT401317,2026-06-20 16:45:40,Sports Fixture,J031,Cubbon Road,16572,Weekend,False,Clear,False,0.0,False,False,0.651,High,18.5,44.6,242.1,0.15,0.346,0.952,Moderate traffic flow - standard adaptive signal timing in effect
EVT401318,2025-10-08 08:35:24,Sports Fixture,J023,Basavanagudi,27536,Weekday,False,Clear,False,0.0,False,False,1.0,Severe,6.1,77.4,965.5,0.258,0.595,0.891,Heavy congestion detected - signal timing extended and reroute suggested
EVT401319,2026-01-02 09:14:47,Religious Festival,J023,Basavanagudi,42160,Weekday,True,Clear,False,0.0,False,False,1.0,Severe,8.8,73.8,519.5,0.213,0.491,0.845,Festival crowd surge detected - alternate route and extended cycle recommended
EVT401320,2026-06-20 13:00:37,Sports Fixture,J023,Basavanagudi,8653,Weekend,False,Clear,False,0.0,False,False,0.294,Low,30.8,26.0,61.8,0.03,0.069,0.963,Moderate traffic flow - standard adaptive signal timing in effect
EVT401321,2026-06-12 10:47:24,Trade Fair,J040,City Market,5787,Weekday,False,Clear,False,0.0,False,False,0.473,Moderate,24.1,33.6,77.6,0.065,0.15,0.973,Moderate traffic flow - standard adaptive signal timing in effect
EVT401322,2026-06-09 04:40:40,Concert,J011,Indiranagar 100ft Road,15048,Weekday,False,Heavy Rain,True,33.6,False,False,0.555,High,18.6,36.5,134.9,0.09,0.208,0.902,Heavy rain reducing visibility and grip - reduced speed and longer buffer advised
EVT401323,2025-03-01 18:59:03,Local Market Day,J012,Koramangala Sony World,7177,Weekend,False,Clear,False,0.0,False,False,0.828,Severe,10.6,61.3,252.0,0.107,0.246,0.962,Heavy congestion detected - signal timing extended and reroute suggested
EVT401324,2025-06-05 07:35:10,Trade Fair,J012,Koramangala Sony World,10166,Weekday,False,Clear,False,0.0,False,False,0.657,High,22.9,42.8,270.3,0.189,0.437,0.967,Moderate traffic flow - standard adaptive signal timing in effect
EVT401325,2025-10-24 07:28:07,Trade Fair,J040,City Market,7862,Weekday,False,Heavy Rain,True,49.3,False,False,0.954,Severe,8.6,66.5,344.7,0.133,0.307,0.868,Heavy rain reducing visibility and grip - reduced speed and longer buffer advised
EVT401326,2025-03-29 07:57:35,Local Market Day,J011,Indiranagar 100ft Road,2594,Weekend,False,Light Rain,True,2.8,False,False,0.791,Severe,17.7,55.1,391.8,0.256,0.591,0.879,Heavy rain reducing visibility and grip - reduced speed and longer buffer advised
EVT401327,2025-12-31 07:28:14,Sports Fixture,J031,Cubbon Road,11223,Weekday,False,Clear,False,0.0,False,False,0.565,High,21.9,41.3,275.5,0.186,0.431,0.952,Moderate traffic flow - standard adaptive signal timing in effect
EVT401328,2026-04-14 10:42:57,Religious Festival,J012,Koramangala Sony World,36209,Weekday,True,Clear,False,0.0,False,True,1.0,Severe,10.0,100.8,539.8,0.22,0.509,0.823,Road closure for event/procession - full detour recommended for through-traffic
EVT401329,2025-05-28 17:49:45,Sports Fixture,J012,Koramangala Sony World,19639,Weekday,False,Clear,False,0.0,False,False,1.0,Severe,9.1,73.8,676.1,0.236,0.545,0.924,Heavy congestion detected - signal timing extended and reroute suggested
EVT401330,2025-06-08 10:18:46,Political Rally,J020,Malleshwaram Circle,15796,Weekend,False,Fog,False,0.0,False,False,0.732,High,22.6,51.6,226.7,0.162,0.374,0.974,Moderate traffic flow - standard adaptive signal timing in effect
EVT401331,2026-03-20 08:37:59,Cultural Procession,J011,Indiranagar 100ft Road,25280,Weekday,True,Clear,False,0.0,False,True,1.0,Severe,8.8,99.7,428.2,0.17,0.393,0.834,Road closure for event/procession - full detour recommended for through-traffic
EVT401332,2025-11-17 19:39:28,Local Market Day,J020,Malleshwaram Circle,3598,Weekday,False,Heavy Rain,True,32.3,False,False,1.0,Severe,7.1,72.3,523.9,0.152,0.351,0.854,Heavy rain reducing visibility and grip - reduced speed and longer buffer advised
EVT401333,2026-02-28 11:54:30,Local Market Day,J012,Koramangala Sony World,4638,Weekend,False,Fog,False,0.0,False,False,0.257,Low,22.3,17.1,200.8,0.131,0.302,0.968,Moderate traffic flow - standard adaptive signal timing in effect
EVT401334,2026-06-09 15:18:45,Sports Fixture,J031,Cubbon Road,19932,Weekday,False,Clear,False,0.0,False,False,0.391,Moderate,32.6,23.4,159.8,0.136,0.315,0.952,Moderate traffic flow - standard adaptive signal timing in effect
EVT401335,2025-01-20 16:22:29,Sports Fixture,J040,City Market,19420,Weekday,False,Clear,False,0.0,False,False,0.725,High,19.8,57.4,483.3,0.277,0.641,0.947,Moderate traffic flow - standard adaptive signal timing in effect
EVT401336,2026-04-14 13:42:36,Fireworks Display,J023,Basavanagudi,21178,Weekday,True,Clear,False,0.0,False,False,0.507,Moderate,19.9,33.3,195.6,0.123,0.284,0.889,Festival crowd surge detected - alternate route and extended cycle recommended
EVT401337,2025-11-30 15:39:58,Trade Fair,J031,Cubbon Road,11122,Weekend,False,Light Rain,True,4.5,False,False,0.446,Moderate,26.4,29.8,222.9,0.166,0.383,0.894,Light rain detected - minor speed reduction advised
EVT401338,2026-02-13 10:30:14,Local Market Day,J030,MG Road,5969,Weekday,False,Clear,False,0.0,False,False,0.695,High,19.7,46.1,130.0,0.066,0.152,0.957,Moderate traffic flow - standard adaptive signal timing in effect
EVT401339,2025-10-04 17:47:49,Local Market Day,J023,Basavanagudi,1690,Weekend,False,Clear,False,0.0,False,False,0.807,Severe,14.0,53.1,356.3,0.188,0.433,0.968,Heavy congestion detected - signal timing extended and reroute suggested
EVT401340,2025-10-23 20:38:01,Local Market Day,J031,Cubbon Road,3471,Weekday,False,Clear,False,0.0,False,False,0.541,Moderate,23.1,37.5,248.7,0.164,0.379,0.976,Moderate traffic flow - standard adaptive signal timing in effect
EVT401341,2025-02-02 20:28:40,Trade Fair,J009,Majestic,6826,Weekend,False,Clear,False,0.0,False,False,0.533,Moderate,28.3,36.8,121.7,0.095,0.219,0.96,Moderate traffic flow - standard adaptive signal timing in effect
EVT401342,2025-04-04 18:32:31,Trade Fair,J011,Indiranagar 100ft Road,5409,Weekday,False,Clear,False,0.0,False,False,0.941,Severe,10.7,64.7,448.2,0.174,0.401,0.908,Heavy congestion detected - signal timing extended and reroute suggested
EVT401343,2025-02-12 10:29:20,Political Rally,J040,City Market,10786,Weekday,False,Clear,False,0.0,False,False,0.667,High,17.4,51.2,257.6,0.147,0.338,0.981,Moderate traffic flow - standard adaptive signal timing in effect
EVT401344,2025-12-19 23:04:15,Trade Fair,J031,Cubbon Road,6787,Weekday,False,Clear,False,0.0,False,False,0.2,Low,32.0,17.2,100.5,0.076,0.176,0.971,Normal free-flow traffic - standard signal timing maintained
EVT401345,2026-04-25 11:15:53,Concert,J020,Malleshwaram Circle,15597,Weekend,False,Clear,False,0.0,False,False,0.437,Moderate,28.6,33.2,143.6,0.106,0.245,0.976,Moderate traffic flow - standard adaptive signal timing in effect
EVT401346,2025-06-29 08:12:21,Concert,J031,Cubbon Road,14296,Weekend,False,Rain,True,7.6,False,False,0.891,Severe,11.7,63.2,381.7,0.192,0.443,0.856,Heavy rain reducing visibility and grip - reduced speed and longer buffer advised
EVT401347,2025-05-20 19:28:28,Political Rally,J030,MG Road,13575,Weekday,False,Clear,False,0.0,False,False,0.981,Severe,8.3,71.2,196.3,0.076,0.177,0.903,Heavy congestion detected - signal timing extended and reroute suggested
EVT401348,2025-02-11 19:08:59,Local Market Day,J031,Cubbon Road,4158,Weekday,False,Clear,False,0.0,False,False,0.992,Severe,6.7,71.7,1063.7,0.283,0.654,0.905,Heavy congestion detected - signal timing extended and reroute suggested
EVT401349,2025-07-01 15:40:35,Political Rally,J040,City Market,10224,Weekday,False,Clear,False,0.0,False,False,0.441,Moderate,23.1,25.0,263.6,0.185,0.427,0.972,Moderate traffic flow - standard adaptive signal timing in effect
EVT401350,2025-07-02 17:51:51,Trade Fair,J031,Cubbon Road,17195,Weekday,False,Light Rain,True,1.3,False,False,1.0,Severe,9.1,68.1,594.7,0.233,0.538,0.875,Heavy rain reducing visibility and grip - reduced speed and longer buffer advised
EVT401351,2025-07-03 08:28:29,Trade Fair,J011,Indiranagar 100ft Road,8390,Weekday,False,Clear,False,0.0,False,False,0.965,Severe,11.1,69.1,635.8,0.294,0.679,0.932,Heavy congestion detected - signal timing extended and reroute suggested
EVT401352,2025-09-01 08:59:32,Local Market Day,J040,City Market,3877,Weekday,False,Clear,False,0.0,False,False,0.931,Severe,8.7,66.7,612.8,0.219,0.507,0.914,Heavy congestion detected - signal timing extended and reroute suggested
EVT401353,2025-08-12 16:10:33,Political Rally,J012,Koramangala Sony World,14836,Weekday,False,Heavy Rain,True,42.8,False,False,0.869,Severe,12.6,65.5,365.0,0.148,0.343,0.916,Heavy rain reducing visibility and grip - reduced speed and longer buffer advised
EVT401354,2025-05-19 23:24:23,Local Market Day,J023,Basavanagudi,7018,Weekday,False,Clear,False,0.0,False,False,0.153,Low,35.4,7.5,124.0,0.084,0.195,0.959,Normal free-flow traffic - standard signal timing maintained
EVT401355,2026-01-06 07:21:28,Local Market Day,J009,Majestic,2310,Weekday,False,Clear,False,0.0,False,False,0.624,High,19.2,44.1,98.0,0.043,0.1,0.959,Moderate traffic flow - standard adaptive signal timing in effect
EVT401356,2025-03-20 18:32:47,Concert,J020,Malleshwaram Circle,8755,Weekday,False,Clear,False,0.0,False,False,1.0,Severe,7.6,74.4,501.7,0.15,0.347,0.89,Heavy congestion detected - signal timing extended and reroute suggested
EVT401357,2026-03-27 11:44:30,Religious Festival,J023,Basavanagudi,30760,Weekday,True,Clear,False,0.0,False,True,0.852,High,12.1,85.5,444.9,0.196,0.453,0.879,Road closure for event/procession - full detour recommended for through-traffic
EVT401358,2025-10-07 04:12:07,Sports Fixture,J030,MG Road,28677,Weekday,False,Clear,False,0.0,False,False,0.315,Low,27.1,18.8,200.4,0.149,0.345,0.963,Moderate traffic flow - standard adaptive signal timing in effect
EVT401359,2025-10-20 18:24:17,Cultural Procession,J020,Malleshwaram Circle,15839,Weekday,True,Clear,False,0.0,False,True,1.0,Severe,8.4,102.5,421.3,0.169,0.39,0.817,Road closure for event/procession - full detour recommended for through-traffic
EVT401360,2026-01-03 07:27:17,Local Market Day,J040,City Market,3483,Weekend,False,Clear,False,0.0,False,False,0.534,Moderate,27.0,37.5,77.4,0.052,0.119,0.959,Moderate traffic flow - standard adaptive signal timing in effect
EVT401361,2026-04-18 19:27:59,Concert,J023,Basavanagudi,13506,Weekend,False,Clear,False,0.0,False,False,0.872,Severe,13.9,60.6,272.4,0.137,0.317,0.93,Heavy congestion detected - signal timing extended and reroute suggested
EVT401362,2025-12-21 12:49:03,Trade Fair,J023,Basavanagudi,9114,Weekend,False,Clear,False,0.0,False,False,0.363,Moderate,26.7,21.9,196.7,0.143,0.331,0.987,Moderate traffic flow - standard adaptive signal timing in effect
EVT401363,2025-11-19 15:07:18,Trade Fair,J040,City Market,6055,Weekday,False,Clear,False,0.0,False,False,0.293,Low,25.7,17.5,135.5,0.081,0.188,0.99,Moderate traffic flow - standard adaptive signal timing in effect
EVT401364,2025-01-16 13:18:16,Concert,J023,Basavanagudi,9507,Weekday,False,Clear,False,0.0,False,False,0.157,Low,27.4,8.8,146.4,0.086,0.2,0.978,Normal free-flow traffic - standard signal timing maintained
EVT401365,2025-02-27 05:33:22,Sports Fixture,J030,MG Road,24727,Weekday,False,Clear,False,0.0,False,False,0.374,Moderate,23.0,29.2,221.5,0.132,0.304,0.949,Moderate traffic flow - standard adaptive signal timing in effect
EVT401366,2025-12-12 17:26:17,Sports Fixture,J011,Indiranagar 100ft Road,32423,Weekday,False,Clear,False,0.0,False,False,1.0,Severe,7.2,71.0,840.1,0.221,0.51,0.93,Heavy congestion detected - signal timing extended and reroute suggested
EVT401367,2025-04-15 10:25:52,Cultural Procession,J020,Malleshwaram Circle,17185,Weekday,True,Clear,False,0.0,False,False,0.968,Severe,7.2,69.4,295.6,0.103,0.238,0.885,Festival crowd surge detected - alternate route and extended cycle recommended
EVT401368,2025-08-04 22:47:43,Sports Fixture,J030,MG Road,31159,Weekday,False,Heavy Rain,True,45.6,False,False,0.695,High,22.1,51.2,262.2,0.179,0.413,0.908,Heavy rain reducing visibility and grip - reduced speed and longer buffer advised
EVT401369,2026-04-22 08:02:23,Trade Fair,J031,Cubbon Road,6883,Weekday,False,Fog,False,0.0,False,False,0.912,Severe,12.6,64.4,609.0,0.294,0.68,0.932,Heavy congestion detected - signal timing extended and reroute suggested
EVT401370,2026-02-01 20:08:44,Local Market Day,J040,City Market,4682,Weekend,False,Clear,False,0.0,False,False,0.64,High,15.6,48.2,444.6,0.248,0.574,0.99,Moderate traffic flow - standard adaptive signal timing in effect
EVT401371,2025-06-25 21:28:06,Political Rally,J011,Indiranagar 100ft Road,16496,Weekday,False,Heavy Rain,True,27.5,False,False,0.607,High,23.0,41.1,166.0,0.124,0.286,0.912,Heavy rain reducing visibility and grip - reduced speed and longer buffer advised
EVT401372,2025-07-05 08:21:41,Political Rally,J031,Cubbon Road,12461,Weekend,False,Clear,False,0.0,False,False,0.826,Severe,15.2,62.2,562.1,0.3,0.694,0.951,Heavy congestion detected - signal timing extended and reroute suggested
EVT401373,2025-01-06 13:22:57,Sports Fixture,J011,Indiranagar 100ft Road,31319,Weekday,False,Clear,False,0.0,False,False,0.366,Moderate,24.9,27.8,199.4,0.132,0.305,0.987,Moderate traffic flow - standard adaptive signal timing in effect
EVT401374,2025-07-24 06:41:46,Local Market Day,J011,Indiranagar 100ft Road,3878,Weekday,False,Rain,True,19.0,False,False,0.628,High,20.6,45.9,213.6,0.14,0.322,0.916,Heavy rain reducing visibility and grip - reduced speed and longer buffer advised
EVT401375,2025-01-31 10:05:08,Trade Fair,J030,MG Road,11026,Weekday,False,Clear,False,0.0,False,False,0.918,Severe,10.6,69.0,638.9,0.278,0.642,0.922,Heavy congestion detected - signal timing extended and reroute suggested
EVT401376,2025-05-24 09:35:16,Local Market Day,J031,Cubbon Road,3258,Weekend,False,Clear,False,0.0,False,False,0.798,Severe,15.5,59.2,285.2,0.147,0.339,0.941,Heavy congestion detected - signal timing extended and reroute suggested
EVT401377,2025-07-16 18:13:17,Local Market Day,J011,Indiranagar 100ft Road,5336,Weekday,False,Clear,False,0.0,False,False,1.0,Severe,8.5,74.4,565.7,0.195,0.451,0.915,Heavy congestion detected - signal timing extended and reroute suggested
EVT401378,2025-09-02 14:38:52,Sports Fixture,J031,Cubbon Road,29030,Weekday,False,Clear,False,0.0,False,False,0.32,Low,28.3,22.4,141.5,0.096,0.221,0.963,Moderate traffic flow - standard adaptive signal timing in effect
EVT401379,2026-06-21 14:08:03,Sports Fixture,J040,City Market,29453,Weekend,False,Heavy Rain,True,40.5,False,False,0.847,Severe,13.7,59.5,326.6,0.176,0.407,0.861,Heavy rain reducing visibility and grip - reduced speed and longer buffer advised
EVT401380,2026-02-03 07:48:07,Local Market Day,J020,Malleshwaram Circle,2283,Weekday,False,Clear,False,0.0,False,False,0.732,High,17.7,48.5,304.6,0.18,0.417,0.947,Moderate traffic flow - standard adaptive signal timing in effect
EVT401381,2026-05-10 10:33:31,Local Market Day,J023,Basavanagudi,6336,Weekend,False,Rain,True,15.3,False,False,0.724,High,16.0,51.4,403.3,0.208,0.481,0.9,Heavy rain reducing visibility and grip - reduced speed and longer buffer advised
EVT401382,2025-05-01 18:30:50,Religious Festival,J009,Majestic,50195,Weekday,True,Clear,False,0.0,False,True,1.0,Severe,9.3,98.2,544.7,0.215,0.498,0.844,Road closure for event/procession - full detour recommended for through-traffic
EVT401383,2025-01-10 09:55:59,Sports Fixture,J012,Koramangala Sony World,23622,Weekday,False,Clear,False,0.0,False,False,0.921,Severe,11.0,61.5,356.8,0.158,0.365,0.947,Heavy congestion detected - signal timing extended and reroute suggested
EVT401384,2026-04-04 11:33:42,Concert,J040,City Market,8315,Weekend,False,Clear,False,0.0,False,False,0.44,Moderate,28.0,30.7,135.3,0.096,0.222,0.967,Moderate traffic flow - standard adaptive signal timing in effect
EVT401385,2026-05-04 09:01:53,Local Market Day,J031,Cubbon Road,4531,Weekday,False,Clear,False,0.0,False,False,1.0,Severe,6.9,66.8,722.9,0.203,0.47,0.908,Heavy congestion detected - signal timing extended and reroute suggested
EVT401386,2025-09-30 18:28:09,Concert,J023,Basavanagudi,14175,Weekday,False,Clear,False,0.0,False,False,1.0,Severe,8.1,72.6,524.5,0.188,0.434,0.894,Heavy congestion detected - signal timing extended and reroute suggested
EVT401387,2026-01-08 08:00:37,Concert,J020,Malleshwaram Circle,13224,Weekday,False,Clear,False,0.0,False,False,0.824,Severe,12.0,62.9,521.4,0.268,0.619,0.95,Heavy congestion detected - signal timing extended and reroute suggested
EVT401388,2026-04-03 18:18:35,Concert,J031,Cubbon Road,12707,Weekday,False,Rain,True,7.8,False,False,1.0,Severe,9.8,73.0,326.9,0.128,0.296,0.868,Heavy rain reducing visibility and grip - reduced speed and longer buffer advised
EVT401389,2025-08-02 11:54:37,Trade Fair,J011,Indiranagar 100ft Road,14862,Weekend,False,Clear,False,0.0,False,False,0.434,Moderate,22.8,29.5,192.3,0.14,0.324,0.95,Moderate traffic flow - standard adaptive signal timing in effect
EVT401390,2025-03-14 17:00:00,Fireworks Display,J011,Indiranagar 100ft Road,28576,Weekday,True,Fog,False,0.0,False,False,1.0,Severe,8.1,71.4,620.6,0.189,0.438,0.875,Festival crowd surge detected - alternate route and extended cycle recommended
EVT401391,2025-12-10 17:08:57,Concert,J012,Koramangala Sony World,16650,Weekday,False,Clear,False,0.0,False,False,0.856,Severe,9.2,57.5,561.9,0.188,0.435,0.934,Heavy congestion detected - signal timing extended and reroute suggested
EVT401392,2026-05-01 22:53:02,Cultural Procession,J040,City Market,19740,Weekday,True,Clear,False,0.0,False,True,0.639,Moderate,20.5,62.1,362.8,0.235,0.544,0.882,Road closure for event/procession - full detour recommended for through-traffic
EVT401393,2025-06-06 19:12:14,Trade Fair,J011,Indiranagar 100ft Road,8041,Weekday,False,Light Rain,True,5.1,False,False,1.0,Severe,8.5,70.3,883.7,0.304,0.703,0.851,Heavy rain reducing visibility and grip - reduced speed and longer buffer advised
EVT401394,2026-06-23 08:20:07,Political Rally,J040,City Market,11020,Weekday,False,Heavy Rain,True,28.3,False,False,1.0,Severe,7.7,70.4,645.7,0.204,0.471,0.865,Heavy rain reducing visibility and grip - reduced speed and longer buffer advised
EVT401395,2025-10-09 23:03:03,Concert,J031,Cubbon Road,17621,Weekday,False,Heavy Rain,True,31.2,False,False,0.566,High,24.2,39.8,242.2,0.18,0.415,0.913,Heavy rain reducing visibility and grip - reduced speed and longer buffer advised
EVT401396,2025-06-17 08:31:10,Sports Fixture,J023,Basavanagudi,22162,Weekday,False,Light Rain,True,4.5,False,False,1.0,Severe,9.2,71.5,328.6,0.129,0.299,0.869,Heavy rain reducing visibility and grip - reduced speed and longer buffer advised
EVT401397,2026-03-10 09:01:26,Political Rally,J020,Malleshwaram Circle,21744,Weekday,False,Clear,False,0.0,False,False,1.0,Severe,8.0,73.2,950.6,0.302,0.698,0.905,Heavy congestion detected - signal timing extended and reroute suggested
EVT401398,2025-08-30 12:18:35,Political Rally,J020,Malleshwaram Circle,11364,Weekend,False,Fog,False,0.0,False,False,0.371,Moderate,19.9,19.9,279.4,0.137,0.317,0.968,Moderate traffic flow - standard adaptive signal timing in effect
EVT401399,2025-12-08 12:17:20,Concert,J030,MG Road,21115,Weekday,False,Clear,False,0.0,False,False,0.344,Low,28.9,24.0,170.6,0.137,0.316,0.979,Moderate traffic flow - standard adaptive signal timing in effect
EVT401400,2025-08-09 11:48:51,Concert,J011,Indiranagar 100ft Road,21430,Weekend,False,Heavy Rain,True,45.0,False,False,0.641,High,17.4,44.4,240.3,0.146,0.337,0.906,Heavy rain reducing visibility and grip - reduced speed and longer buffer advised
EVT401401,2025-03-14 19:22:01,Religious Festival,J040,City Market,54556,Weekday,True,Clear,False,0.0,False,True,1.0,Severe,8.7,101.4,631.9,0.22,0.508,0.821,Road closure for event/procession - full detour recommended for through-traffic
EVT401402,2025-05-20 16:11:10,Concert,J009,Majestic,8428,Weekday,False,Clear,False,0.0,False,False,0.465,Moderate,25.2,32.4,258.8,0.213,0.493,0.979,Moderate traffic flow - standard adaptive signal timing in effect
EVT401403,2026-01-16 16:26:42,Political Rally,J040,City Market,14480,Weekday,False,Clear,False,0.0,False,False,0.578,High,18.3,36.0,231.3,0.142,0.329,0.943,Moderate traffic flow - standard adaptive signal timing in effect
EVT401404,2026-05-19 05:06:18,Local Market Day,J012,Koramangala Sony World,4134,Weekday,False,Clear,False,0.0,False,False,0.202,Low,40.9,14.9,102.0,0.104,0.241,0.955,Normal free-flow traffic - standard signal timing maintained
EVT401405,2026-01-10 12:43:26,Political Rally,J040,City Market,13847,Weekend,False,Clear,False,0.0,False,False,0.261,Low,25.7,20.9,175.7,0.115,0.265,0.954,Moderate traffic flow - standard adaptive signal timing in effect
EVT401406,2025-07-03 07:07:27,Political Rally,J011,Indiranagar 100ft Road,13924,Weekday,False,Light Rain,True,6.8,False,False,0.597,High,16.7,41.4,287.8,0.148,0.343,0.91,Heavy rain reducing visibility and grip - reduced speed and longer buffer advised
EVT401407,2026-06-17 14:50:45,Concert,J023,Basavanagudi,12581,Weekday,False,Clear,False,0.0,False,False,0.283,Low,23.8,26.9,153.1,0.094,0.216,0.987,Moderate traffic flow - standard adaptive signal timing in effect
EVT401408,2025-07-31 18:46:03,Sports Fixture,J031,Cubbon Road,21897,Weekday,False,Heavy Rain,True,43.2,False,False,1.0,Severe,6.5,73.0,604.8,0.151,0.349,0.864,Heavy rain reducing visibility and grip - reduced speed and longer buffer advised
EVT401409,2026-01-10 18:57:57,Concert,J011,Indiranagar 100ft Road,14800,Weekend,False,Clear,False,0.0,False,False,0.995,Severe,7.4,70.1,611.3,0.177,0.408,0.894,Heavy congestion detected - signal timing extended and reroute suggested
EVT401410,2026-05-01 12:27:27,Cultural Procession,J023,Basavanagudi,21177,Weekday,True,Clear,False,0.0,False,True,0.733,High,17.3,72.2,367.3,0.227,0.525,0.893,Road closure for event/procession - full detour recommended for through-traffic
EVT401411,2025-12-21 21:37:11,Trade Fair,J031,Cubbon Road,11721,Weekend,False,Light Rain,True,0.6,False,False,0.44,Moderate,30.5,28.7,159.2,0.153,0.354,0.899,Light rain detected - minor speed reduction advised
EVT401412,2025-12-11 19:05:45,Sports Fixture,J030,MG Road,26312,Weekday,False,Clear,False,0.0,False,False,1.0,Severe,7.8,71.1,330.6,0.108,0.249,0.934,Heavy congestion detected - signal timing extended and reroute suggested
EVT401413,2026-05-27 20:44:49,Local Market Day,J009,Majestic,3317,Weekday,False,Clear,False,0.0,False,False,0.37,Moderate,32.4,24.9,84.8,0.089,0.206,0.99,Moderate traffic flow - standard adaptive signal timing in effect
EVT401414,2025-03-17 18:42:34,Local Market Day,J040,City Market,2827,Weekday,False,Clear,False,0.0,False,False,1.0,Severe,9.9,72.5,413.3,0.161,0.373,0.91,Heavy congestion detected - signal timing extended and reroute suggested
EVT401415,2025-02-09 17:39:29,Political Rally,J040,City Market,14141,Weekend,False,Clear,False,0.0,False,False,0.84,Severe,13.0,66.6,469.3,0.215,0.497,0.947,Heavy congestion detected - signal timing extended and reroute suggested
EVT401416,2026-04-21 08:35:36,Local Market Day,J020,Malleshwaram Circle,3196,Weekday,False,Clear,False,0.0,False,False,0.986,Severe,8.9,65.3,542.4,0.218,0.504,0.931,Heavy congestion detected - signal timing extended and reroute suggested
EVT401417,2025-07-26 13:53:46,Trade Fair,J030,MG Road,5806,Weekend,False,Rain,True,11.7,False,False,0.462,Moderate,29.3,40.7,154.1,0.119,0.276,0.936,Light rain detected - minor speed reduction advised
EVT401418,2026-05-04 17:48:27,Local Market Day,J030,MG Road,3841,Weekday,False,Clear,False,0.0,False,False,0.956,Severe,9.3,66.0,516.9,0.188,0.434,0.908,Heavy congestion detected - signal timing extended and reroute suggested
EVT401419,2025-09-11 07:52:57,Political Rally,J030,MG Road,13880,Weekday,False,Heavy Rain,True,111.8,False,False,1.0,Severe,8.8,76.8,548.4,0.202,0.467,0.865,Heavy rain reducing visibility and grip - reduced speed and longer buffer advised
EVT401420,2026-06-20 13:33:57,Local Market Day,J040,City Market,3370,Weekend,False,Clear,False,0.0,False,False,0.225,Low,37.9,9.8,120.7,0.126,0.291,0.96,Normal free-flow traffic - standard signal timing maintained
EVT401421,2025-08-01 19:37:45,Sports Fixture,J009,Majestic,29758,Weekday,False,Clear,False,0.0,False,False,0.986,Severe,8.3,67.1,410.0,0.134,0.309,0.941,Heavy congestion detected - signal timing extended and reroute suggested
EVT401422,2025-07-03 11:05:48,Local Market Day,J023,Basavanagudi,2912,Weekday,False,Clear,False,0.0,False,False,0.383,Moderate,29.2,25.7,190.2,0.16,0.37,0.966,Moderate traffic flow - standard adaptive signal timing in effect
EVT401423,2025-03-19 04:19:00,Trade Fair,J031,Cubbon Road,12916,Weekday,False,Clear,False,0.0,False,False,0.239,Low,26.4,13.4,222.2,0.157,0.364,0.957,Normal free-flow traffic - standard signal timing maintained
EVT401424,2025-10-23 15:43:31,Trade Fair,J011,Indiranagar 100ft Road,10012,Weekday,False,Heavy Rain,True,49.1,False,False,0.733,High,18.5,51.4,108.5,0.066,0.153,0.937,Heavy rain reducing visibility and grip - reduced speed and longer buffer advised
EVT401425,2026-04-04 11:45:47,Trade Fair,J011,Indiranagar 100ft Road,10760,Weekend,False,Clear,False,0.0,False,False,0.282,Low,33.0,21.0,215.7,0.184,0.425,0.963,Moderate traffic flow - standard adaptive signal timing in effect
EVT401426,2026-01-12 10:37:52,Sports Fixture,J020,Malleshwaram Circle,40386,Weekday,False,Clear,False,0.0,False,False,0.761,Severe,18.5,60.1,264.7,0.158,0.365,0.94,Heavy congestion detected - signal timing extended and reroute suggested
EVT401427,2025-04-07 20:56:41,Cultural Procession,J020,Malleshwaram Circle,13792,Weekday,True,Rain,True,10.6,False,True,1.0,Severe,7.0,101.8,820.0,0.25,0.577,0.775,Road closure for event/procession - full detour recommended for through-traffic
EVT401428,2026-06-21 10:17:13,Concert,J023,Basavanagudi,8687,Weekend,False,Rain,True,19.8,False,False,0.807,Severe,16.5,56.7,255.6,0.139,0.322,0.887,Heavy rain reducing visibility and grip - reduced speed and longer buffer advised
EVT401429,2025-04-15 09:18:21,Religious Festival,J031,Cubbon Road,52361,Weekday,True,Clear,False,0.0,False,False,1.0,Severe,9.3,63.0,495.2,0.186,0.43,0.89,Festival crowd surge detected - alternate route and extended cycle recommended
EVT401430,2026-06-08 09:25:36,Local Market Day,J020,Malleshwaram Circle,3953,Weekday,False,Clear,False,0.0,False,False,0.976,Severe,9.8,73.4,525.2,0.213,0.493,0.921,Heavy congestion detected - signal timing extended and reroute suggested
EVT401431,2026-03-20 08:26:46,Cultural Procession,J030,MG Road,19580,Weekday,True,Clear,False,0.0,False,False,1.0,Severe,8.6,68.8,688.3,0.24,0.554,0.875,Festival crowd surge detected - alternate route and extended cycle recommended
EVT401432,2025-10-27 10:56:17,Sports Fixture,J020,Malleshwaram Circle,18107,Weekday,False,Rain,True,24.9,False,False,0.749,High,15.4,46.8,162.2,0.093,0.214,0.917,Heavy rain reducing visibility and grip - reduced speed and longer buffer advised
EVT401433,2025-06-15 21:20:58,Trade Fair,J040,City Market,16723,Weekend,False,Clear,False,0.0,False,False,0.522,Moderate,22.1,35.8,293.0,0.197,0.456,0.948,Moderate traffic flow - standard adaptive signal timing in effect
EVT401434,2025-12-11 18:40:16,Sports Fixture,J012,Koramangala Sony World,25525,Weekday,False,Clear,False,0.0,False,False,1.0,Severe,8.8,76.6,668.0,0.235,0.544,0.911,Heavy congestion detected - signal timing extended and reroute suggested
EVT401435,2026-04-29 15:17:38,Local Market Day,J009,Majestic,5125,Weekday,False,Clear,False,0.0,False,False,0.312,Low,28.7,27.9,222.7,0.176,0.408,0.944,Moderate traffic flow - standard adaptive signal timing in effect
EVT401436,2025-07-14 13:26:05,Concert,J040,City Market,9083,Weekday,False,Fog,False,0.0,False,False,0.156,Low,42.1,14.5,125.2,0.112,0.258,0.953,Normal free-flow traffic - standard signal timing maintained
EVT401437,2025-07-04 18:22:28,Local Market Day,J009,Majestic,3722,Weekday,False,Clear,False,0.0,False,False,1.0,Severe,9.2,74.8,645.4,0.234,0.54,0.903,Heavy congestion detected - signal timing extended and reroute suggested
EVT401438,2025-05-22 18:20:48,Local Market Day,J031,Cubbon Road,3803,Weekday,False,Clear,False,0.0,False,False,0.99,Severe,8.6,73.1,394.8,0.139,0.321,0.916,Heavy congestion detected - signal timing extended and reroute suggested
EVT401439,2025-03-05 09:24:53,Trade Fair,J011,Indiranagar 100ft Road,8237,Weekday,False,Clear,False,0.0,False,False,0.962,Severe,7.5,66.1,751.0,0.227,0.525,0.93,Heavy congestion detected - signal timing extended and reroute suggested
EVT401440,2025-05-06 12:47:51,Concert,J030,MG Road,11162,Weekday,False,Clear,False,0.0,False,False,0.209,Low,28.3,13.7,79.6,0.077,0.177,0.955,Normal free-flow traffic - standard signal timing maintained
EVT401441,2026-06-01 07:09:49,Local Market Day,J031,Cubbon Road,3059,Weekday,False,Clear,False,0.0,False,False,0.473,Moderate,23.7,27.9,157.0,0.115,0.265,0.956,Moderate traffic flow - standard adaptive signal timing in effect
EVT401442,2026-01-25 06:21:57,Political Rally,J020,Malleshwaram Circle,16283,Weekend,False,Clear,False,0.0,False,False,0.424,Moderate,23.0,34.5,348.0,0.219,0.505,0.976,Moderate traffic flow - standard adaptive signal timing in effect
EVT401443,2025-07-31 14:43:24,Concert,J012,Koramangala Sony World,10813,Weekday,False,Clear,False,0.0,False,False,0.24,Low,33.7,17.0,170.0,0.154,0.356,0.971,Normal free-flow traffic - standard signal timing maintained
EVT401444,2025-05-04 09:16:31,Trade Fair,J040,City Market,5915,Weekend,False,Clear,False,0.0,False,False,0.787,Severe,14.3,53.4,489.6,0.243,0.562,0.937,Heavy congestion detected - signal timing extended and reroute suggested
EVT401445,2025-04-21 17:37:59,Local Market Day,J023,Basavanagudi,5465,Weekday,False,Clear,False,0.0,False,False,0.816,Severe,13.1,54.2,453.5,0.211,0.487,0.945,Heavy congestion detected - signal timing extended and reroute suggested
EVT401446,2025-03-16 08:34:21,Concert,J020,Malleshwaram Circle,13248,Weekend,False,Clear,False,0.0,False,False,0.977,Severe,10.6,70.5,596.0,0.229,0.529,0.908,Heavy congestion detected - signal timing extended and reroute suggested
EVT401447,2025-05-19 08:41:09,Local Market Day,J009,Majestic,3666,Weekday,False,Clear,False,0.0,False,False,1.0,Severe,8.2,75.7,201.7,0.093,0.215,0.941,Heavy congestion detected - signal timing extended and reroute suggested
EVT401448,2025-08-03 08:57:00,Trade Fair,J012,Koramangala Sony World,7065,Weekend,False,Light Rain,True,6.8,False,False,0.952,Severe,11.0,68.4,482.2,0.2,0.462,0.865,Heavy rain reducing visibility and grip - reduced speed and longer buffer advised
EVT401449,2026-04-27 16:56:56,Trade Fair,J020,Malleshwaram Circle,10092,Weekday,False,Clear,False,0.0,False,False,0.777,Severe,15.5,60.2,340.1,0.197,0.455,0.954,Heavy congestion detected - signal timing extended and reroute suggested
EVT401450,2025-05-06 17:07:13,Trade Fair,J011,Indiranagar 100ft Road,9419,Weekday,False,Clear,False,0.0,False,False,0.707,High,19.4,55.0,215.8,0.143,0.33,0.969,Moderate traffic flow - standard adaptive signal timing in effect
EVT401451,2025-02-13 20:07:32,Trade Fair,J009,Majestic,10714,Weekday,False,Clear,False,0.0,False,False,0.76,Severe,17.4,54.7,340.5,0.217,0.5,0.951,Heavy congestion detected - signal timing extended and reroute suggested
EVT401452,2025-01-05 13:16:42,Sports Fixture,J031,Cubbon Road,26517,Weekend,False,Clear,False,0.0,False,False,0.377,Moderate,27.5,22.7,190.6,0.156,0.361,0.961,Moderate traffic flow - standard adaptive signal timing in effect
EVT401453,2025-04-21 10:24:58,Sports Fixture,J030,MG Road,20778,Weekday,False,Rain,True,10.2,False,False,0.952,Severe,9.7,61.7,378.6,0.15,0.346,0.872,Heavy rain reducing visibility and grip - reduced speed and longer buffer advised
EVT401454,2026-02-17 13:36:03,Trade Fair,J023,Basavanagudi,10934,Weekday,False,Clear,False,0.0,False,False,0.242,Low,33.1,12.3,106.8,0.094,0.218,0.964,Normal free-flow traffic - standard signal timing maintained
EVT401455,2026-05-02 18:12:34,Religious Festival,J023,Basavanagudi,73092,Weekend,True,Clear,False,0.0,False,False,1.0,Severe,7.4,70.2,533.8,0.185,0.427,0.865,Festival crowd surge detected - alternate route and extended cycle recommended
EVT401456,2025-05-13 19:41:56,Trade Fair,J012,Koramangala Sony World,21741,Weekday,False,Clear,False,0.0,False,False,0.906,Severe,10.6,63.3,437.8,0.182,0.419,0.922,Heavy congestion detected - signal timing extended and reroute suggested
EVT401457,2026-02-16 19:07:03,Political Rally,J023,Basavanagudi,11669,Weekday,False,Clear,False,0.0,False,False,1.0,Severe,8.2,76.7,878.4,0.286,0.661,0.925,Heavy congestion detected - signal timing extended and reroute suggested
EVT401458,2025-02-04 16:17:04,Concert,J020,Malleshwaram Circle,8297,Weekday,False,Clear,False,0.0,False,False,0.516,Moderate,27.5,33.4,144.3,0.117,0.271,0.953,Moderate traffic flow - standard adaptive signal timing in effect
EVT401459,2025-09-27 18:48:19,Trade Fair,J040,City Market,6991,Weekend,False,Rain,True,10.6,False,False,1.0,Severe,7.0,74.0,739.1,0.216,0.5,0.875,Heavy rain reducing visibility and grip - reduced speed and longer buffer advised
EVT401460,2025-05-02 15:58:04,Religious Festival,J009,Majestic,49542,Weekday,True,Rain,True,12.9,False,True,1.0,Severe,8.3,102.5,689.7,0.265,0.613,0.81,Road closure for event/procession - full detour recommended for through-traffic
EVT401461,2026-02-17 04:04:46,Sports Fixture,J023,Basavanagudi,16562,Weekday,False,Clear,False,0.0,False,False,0.313,Low,33.9,25.2,168.2,0.173,0.401,0.975,Moderate traffic flow - standard adaptive signal timing in effect
EVT401462,2026-06-26 18:17:50,Local Market Day,J020,Malleshwaram Circle,4598,Weekday,False,Rain,True,8.6,False,False,1.0,Severe,9.1,72.5,393.7,0.143,0.331,0.858,Heavy rain reducing visibility and grip - reduced speed and longer buffer advised
EVT401463,2025-01-23 11:45:05,Local Market Day,J020,Malleshwaram Circle,3455,Weekday,False,Clear,False,0.0,False,False,0.249,Low,32.8,12.3,160.7,0.136,0.315,0.977,Normal free-flow traffic - standard signal timing maintained
EVT401464,2025-01-21 22:30:00,Concert,J030,MG Road,7021,Weekday,False,Clear,False,0.0,False,False,0.219,Low,36.6,15.3,161.9,0.16,0.37,0.971,Normal free-flow traffic - standard signal timing maintained
EVT401465,2025-07-30 08:15:46,Concert,J009,Majestic,15222,Weekday,False,Clear,False,0.0,False,False,1.0,Severe,8.3,72.9,606.0,0.184,0.424,0.899,Heavy congestion detected - signal timing extended and reroute suggested
EVT401466,2025-09-28 18:56:57,Local Market Day,J011,Indiranagar 100ft Road,6369,Weekend,False,Rain,True,11.1,False,False,0.948,Severe,10.5,61.1,490.8,0.21,0.486,0.872,Heavy rain reducing visibility and grip - reduced speed and longer buffer advised
EVT401467,2025-02-01 08:49:19,Concert,J030,MG Road,9688,Weekend,False,Clear,False,0.0,False,False,0.883,Severe,13.8,55.4,451.7,0.22,0.508,0.944,Heavy congestion detected - signal timing extended and reroute suggested
EVT401468,2025-11-08 17:39:55,Local Market Day,J030,MG Road,2469,Weekend,False,Clear,False,0.0,False,False,0.768,Severe,15.2,59.8,395.4,0.202,0.465,0.99,Heavy congestion detected - signal timing extended and reroute suggested
EVT401469,2025-06-04 08:46:46,Political Rally,J031,Cubbon Road,16117,Weekday,False,Clear,False,0.0,False,False,1.0,Severe,11.8,66.5,528.3,0.242,0.558,0.925,Heavy congestion detected - signal timing extended and reroute suggested
EVT401470,2025-04-05 16:34:09,Political Rally,J012,Koramangala Sony World,11401,Weekend,False,Clear,False,0.0,False,False,0.62,High,25.4,43.9,125.7,0.106,0.245,0.979,Moderate traffic flow - standard adaptive signal timing in effect
EVT401471,2025-04-24 16:11:00,Concert,J020,Malleshwaram Circle,12052,Weekday,False,Clear,False,0.0,False,False,0.482,Moderate,27.3,30.5,151.8,0.126,0.291,0.99,Moderate traffic flow - standard adaptive signal timing in effect
EVT401472,2025-12-31 15:41:01,Local Market Day,J030,MG Road,4521,Weekday,False,Clear,False,0.0,False,False,0.41,Moderate,29.5,26.2,137.8,0.121,0.28,0.964,Moderate traffic flow - standard adaptive signal timing in effect
EVT401473,2025-05-04 13:15:23,Concert,J023,Basavanagudi,10659,Weekend,False,Clear,False,0.0,False,False,0.368,Moderate,27.9,27.0,170.3,0.138,0.318,0.964,Moderate traffic flow - standard adaptive signal timing in effect
EVT401474,2025-10-04 14:55:16,Sports Fixture,J012,Koramangala Sony World,21881,Weekend,False,Clear,False,0.0,False,False,0.461,Moderate,18.8,33.9,441.9,0.254,0.588,0.972,Moderate traffic flow - standard adaptive signal timing in effect
EVT401475,2026-02-05 13:55:53,Local Market Day,J020,Malleshwaram Circle,4603,Weekday,False,Clear,False,0.0,False,False,0.24,Low,30.3,20.0,91.5,0.068,0.156,0.972,Normal free-flow traffic - standard signal timing maintained
EVT401476,2025-12-07 06:15:31,Concert,J040,City Market,16976,Weekend,False,Clear,False,0.0,False,False,0.438,Moderate,22.4,32.2,198.0,0.144,0.332,0.962,Moderate traffic flow - standard adaptive signal timing in effect
EVT401477,2026-04-15 10:57:59,Cultural Procession,J030,MG Road,12217,Weekday,True,Clear,False,0.0,False,True,0.95,Severe,10.4,92.3,482.8,0.214,0.495,0.854,Road closure for event/procession - full detour recommended for through-traffic
EVT401478,2025-12-08 09:05:21,Sports Fixture,J020,Malleshwaram Circle,21972,Weekday,False,Clear,False,0.0,False,False,1.0,Severe,7.8,70.1,281.8,0.105,0.242,0.932,Heavy congestion detected - signal timing extended and reroute suggested
EVT401479,2025-04-30 17:28:29,Trade Fair,J031,Cubbon Road,10155,Weekday,False,Clear,False,0.0,False,False,0.88,Severe,8.7,65.3,627.8,0.191,0.441,0.942,Heavy congestion detected - signal timing extended and reroute suggested
EVT401480,2026-05-07 20:17:19,Trade Fair,J011,Indiranagar 100ft Road,15578,Weekday,False,Clear,False,0.0,False,False,0.665,High,21.8,44.9,272.0,0.2,0.463,0.99,Moderate traffic flow - standard adaptive signal timing in effect
EVT401481,2026-03-21 19:38:51,Local Market Day,J012,Koramangala Sony World,3590,Weekend,False,Clear,False,0.0,False,False,0.685,High,20.7,41.8,276.5,0.185,0.427,0.983,Moderate traffic flow - standard adaptive signal timing in effect
EVT401482,2026-03-07 12:47:20,Sports Fixture,J040,City Market,17988,Weekend,False,Fog,False,0.0,False,False,0.317,Low,29.0,25.2,155.5,0.113,0.261,0.974,Moderate traffic flow - standard adaptive signal timing in effect
EVT401483,2025-12-25 15:29:34,Fireworks Display,J011,Indiranagar 100ft Road,17642,Weekday,True,Clear,False,0.0,False,False,0.574,High,20.7,40.5,342.1,0.23,0.531,0.9,Festival crowd surge detected - alternate route and extended cycle recommended
EVT401484,2025-09-30 15:42:25,Sports Fixture,J009,Majestic,16713,Weekday,False,Clear,False,0.0,False,False,0.42,Moderate,28.3,24.5,76.4,0.045,0.105,0.943,Moderate traffic flow - standard adaptive signal timing in effect
EVT401485,2026-06-22 17:47:45,Political Rally,J020,Malleshwaram Circle,23303,Weekday,False,Clear,False,0.0,False,False,1.0,Severe,8.5,73.5,615.9,0.208,0.479,0.924,Heavy congestion detected - signal timing extended and reroute suggested
EVT401486,2025-10-04 17:32:09,Sports Fixture,J009,Majestic,23444,Weekend,False,Clear,False,0.0,False,False,0.882,Severe,11.5,64.6,678.6,0.283,0.654,0.922,Heavy congestion detected - signal timing extended and reroute suggested
EVT401487,2025-01-24 15:06:43,Political Rally,J009,Majestic,24134,Weekday,False,Clear,False,0.0,False,False,0.496,Moderate,21.0,35.9,180.2,0.118,0.272,0.953,Moderate traffic flow - standard adaptive signal timing in effect
EVT401488,2025-05-06 10:22:39,Local Market Day,J011,Indiranagar 100ft Road,4539,Weekday,False,Clear,False,0.0,False,False,0.654,High,19.9,53.0,226.6,0.157,0.362,0.955,Moderate traffic flow - standard adaptive signal timing in effect
EVT401489,2026-02-04 07:53:26,Trade Fair,J030,MG Road,7939,Weekday,False,Clear,False,0.0,False,False,0.88,Severe,11.7,57.4,353.9,0.159,0.367,0.934,Heavy congestion detected - signal timing extended and reroute suggested
EVT401490,2025-08-25 14:50:35,Local Market Day,J030,MG Road,3026,Weekday,False,Heavy Rain,True,62.2,False,False,0.562,High,28.2,34.2,131.3,0.118,0.273,0.91,Heavy rain reducing visibility and grip - reduced speed and longer buffer advised
EVT401491,2025-09-01 14:30:19,Sports Fixture,J030,MG Road,18786,Weekday,False,Heavy Rain,True,46.4,False,False,0.706,High,19.5,51.4,208.0,0.13,0.301,0.89,Heavy rain reducing visibility and grip - reduced speed and longer buffer advised
EVT401492,2026-03-25 19:29:50,Sports Fixture,J030,MG Road,28077,Weekday,False,Fog,False,0.0,False,False,0.977,Severe,9.3,73.1,288.4,0.101,0.234,0.948,Heavy congestion detected - signal timing extended and reroute suggested
EVT401493,2025-10-22 16:59:59,Religious Festival,J012,Koramangala Sony World,44571,Weekday,True,Rain,True,11.7,False,False,1.0,Severe,9.6,71.6,289.5,0.128,0.296,0.799,Festival crowd surge detected - alternate route and extended cycle recommended
EVT401494,2026-06-22 15:01:30,Concert,J012,Koramangala Sony World,8412,Weekday,False,Clear,False,0.0,False,False,0.252,Low,25.9,15.9,220.2,0.138,0.319,0.964,Moderate traffic flow - standard adaptive signal timing in effect
EVT401495,2026-06-23 09:34:28,Political Rally,J040,City Market,8227,Weekday,False,Light Rain,True,2.6,False,False,1.0,Severe,9.3,75.2,736.2,0.243,0.561,0.868,Heavy rain reducing visibility and grip - reduced speed and longer buffer advised
EVT401496,2025-12-08 17:25:12,Local Market Day,J040,City Market,3619,Weekday,False,Clear,False,0.0,False,False,0.888,Severe,12.0,65.5,181.3,0.082,0.19,0.936,Heavy congestion detected - signal timing extended and reroute suggested
EVT401497,2025-11-08 12:08:03,Trade Fair,J040,City Market,5839,Weekend,False,Clear,False,0.0,False,False,0.227,Low,27.6,12.1,146.7,0.101,0.234,0.963,Normal free-flow traffic - standard signal timing maintained
EVT401498,2025-07-09 15:03:46,Concert,J012,Koramangala Sony World,8880,Weekday,False,Clear,False,0.0,False,False,0.205,Low,30.7,17.0,171.8,0.138,0.318,0.973,Normal free-flow traffic - standard signal timing maintained
EVT401499,2026-02-03 16:21:09,Local Market Day,J011,Indiranagar 100ft Road,3114,Weekday,False,Clear,False,0.0,False,False,0.51,Moderate,21.1,35.3,316.6,0.182,0.42,0.97,Moderate traffic flow - standard adaptive signal timing in effect
EVT401500,2025-06-20 18:44:47,Sports Fixture,J020,Malleshwaram Circle,25570,Weekday,False,Heavy Rain,True,31.2,False,False,1.0,Severe,8.9,74.5,473.7,0.184,0.425,0.868,Heavy rain reducing visibility and grip - reduced speed and longer buffer advised
EVT401501,2025-07-21 09:09:45,Concert,J020,Malleshwaram Circle,20902,Weekday,False,Heavy Rain,True,27.4,False,False,1.0,Severe,9.3,76.4,315.1,0.125,0.289,0.841,Heavy rain reducing visibility and grip - reduced speed and longer buffer advised
EVT401502,2026-01-14 11:19:11,Religious Festival,J040,City Market,58445,Weekday,True,Clear,False,0.0,False,False,0.882,Severe,9.9,63.9,701.7,0.264,0.609,0.897,Festival crowd surge detected - alternate route and extended cycle recommended
EVT401503,2025-10-07 17:34:46,Concert,J023,Basavanagudi,14497,Weekday,False,Clear,False,0.0,False,False,0.97,Severe,9.1,64.7,697.5,0.234,0.54,0.921,Heavy congestion detected - signal timing extended and reroute suggested
EVT401504,2026-06-07 14:56:08,Sports Fixture,J030,MG Road,20962,Weekend,False,Clear,False,0.0,False,False,0.435,Moderate,21.5,33.0,274.4,0.18,0.416,0.986,Moderate traffic flow - standard adaptive signal timing in effect
EVT401505,2025-09-20 20:45:09,Political Rally,J020,Malleshwaram Circle,14678,Weekend,False,Rain,True,18.1,False,False,0.765,Severe,17.4,53.9,341.1,0.206,0.476,0.919,Heavy rain reducing visibility and grip - reduced speed and longer buffer advised
EVT401506,2026-04-27 16:06:00,Local Market Day,J011,Indiranagar 100ft Road,3384,Weekday,False,Clear,False,0.0,False,False,0.465,Moderate,22.2,29.6,207.1,0.141,0.325,0.969,Moderate traffic flow - standard adaptive signal timing in effect
EVT401507,2025-06-04 19:32:33,Concert,J023,Basavanagudi,24704,Weekday,False,Rain,True,16.4,False,False,1.0,Severe,7.4,67.9,657.1,0.208,0.479,0.877,Heavy rain reducing visibility and grip - reduced speed and longer buffer advised
EVT401508,2025-04-20 18:45:23,Local Market Day,J031,Cubbon Road,4577,Weekend,False,Clear,False,0.0,False,False,0.854,Severe,10.0,57.3,555.0,0.21,0.485,0.941,Heavy congestion detected - signal timing extended and reroute suggested
EVT401509,2025-07-07 07:43:40,Sports Fixture,J009,Majestic,26101,Weekday,False,Clear,False,0.0,False,False,0.872,Severe,14.9,59.9,340.7,0.178,0.41,0.967,Heavy congestion detected - signal timing extended and reroute suggested
EVT401510,2026-04-16 19:18:17,Sports Fixture,J030,MG Road,14297,Weekday,False,Clear,False,0.0,False,False,1.0,Severe,6.3,74.6,413.6,0.14,0.323,0.939,Heavy congestion detected - signal timing extended and reroute suggested
EVT401511,2025-02-10 14:47:57,Trade Fair,J012,Koramangala Sony World,11842,Weekday,False,Clear,False,0.0,False,False,0.279,Low,31.2,28.6,126.6,0.098,0.227,0.966,Moderate traffic flow - standard adaptive signal timing in effect
EVT401512,2025-05-13 09:16:24,Political Rally,J030,MG Road,13284,Weekday,False,Clear,False,0.0,False,False,1.0,Severe,9.3,70.1,234.8,0.087,0.2,0.915,Heavy congestion detected - signal timing extended and reroute suggested
EVT401513,2025-06-07 11:26:10,Political Rally,J020,Malleshwaram Circle,9609,Weekend,False,Clear,False,0.0,False,False,0.353,Moderate,29.5,25.1,127.1,0.093,0.216,0.979,Moderate traffic flow - standard adaptive signal timing in effect
EVT401514,2025-12-20 03:45:14,Local Market Day,J012,Koramangala Sony World,3989,Weekend,False,Light Rain,True,0.7,False,False,0.347,Low,23.9,28.5,290.5,0.191,0.442,0.906,Light rain detected - minor speed reduction advised
EVT401515,2025-02-20 08:01:11,Sports Fixture,J030,MG Road,27820,Weekday,False,Clear,False,0.0,False,False,0.859,Severe,14.2,56.1,305.7,0.181,0.418,0.957,Heavy congestion detected - signal timing extended and reroute suggested
EVT401516,2026-04-22 20:21:33,Local Market Day,J011,Indiranagar 100ft Road,3703,Weekday,False,Clear,False,0.0,False,False,0.649,High,18.1,48.2,283.7,0.164,0.38,0.955,Moderate traffic flow - standard adaptive signal timing in effect
EVT401517,2026-05-08 08:52:39,Political Rally,J011,Indiranagar 100ft Road,24178,Weekday,False,Rain,True,18.9,False,False,1.0,Severe,10.2,76.1,491.2,0.203,0.468,0.864,Heavy rain reducing visibility and grip - reduced speed and longer buffer advised
EVT401518,2025-09-01 18:39:05,Trade Fair,J009,Majestic,14047,Weekday,False,Clear,False,0.0,False,False,1.0,Severe,10.3,73.2,292.9,0.133,0.307,0.918,Heavy congestion detected - signal timing extended and reroute suggested
EVT401519,2026-06-19 18:03:31,Local Market Day,J011,Indiranagar 100ft Road,4713,Weekday,False,Clear,False,0.0,False,False,0.99,Severe,7.5,67.8,493.7,0.158,0.366,0.919,Heavy congestion detected - signal timing extended and reroute suggested
EVT401520,2025-05-24 12:14:21,Local Market Day,J040,City Market,5552,Weekend,False,Clear,False,0.0,False,False,0.257,Low,30.7,14.6,234.2,0.165,0.38,0.987,Moderate traffic flow - standard adaptive signal timing in effect
EVT401521,2025-12-28 14:30:01,Political Rally,J009,Majestic,18357,Weekend,False,Clear,False,0.0,False,False,0.369,Moderate,32.7,25.8,249.0,0.214,0.494,0.981,Moderate traffic flow - standard adaptive signal timing in effect
EVT401522,2025-11-01 09:48:54,Religious Festival,J040,City Market,49375,Weekend,True,Heavy Rain,True,29.1,False,True,1.0,Severe,7.1,105.0,434.4,0.138,0.318,0.796,Road closure for event/procession - full detour recommended for through-traffic
EVT401523,2025-01-16 12:01:30,Political Rally,J011,Indiranagar 100ft Road,8821,Weekday,False,Clear,False,0.0,False,False,0.309,Low,30.1,23.2,172.6,0.14,0.323,0.94,Moderate traffic flow - standard adaptive signal timing in effect
EVT401524,2025-01-04 18:26:52,Political Rally,J030,MG Road,9566,Weekend,False,Clear,False,0.0,False,False,0.846,Severe,12.3,62.0,330.2,0.145,0.336,0.946,Heavy congestion detected - signal timing extended and reroute suggested
EVT401525,2025-03-01 18:13:52,Local Market Day,J020,Malleshwaram Circle,9113,Weekend,False,Clear,False,0.0,False,False,0.909,Severe,9.3,57.1,353.0,0.152,0.351,0.913,Heavy congestion detected - signal timing extended and reroute suggested
EVT401526,2025-11-30 18:44:08,Concert,J011,Indiranagar 100ft Road,8353,Weekend,False,Clear,False,0.0,False,False,0.889,Severe,13.3,69.7,291.0,0.146,0.337,0.949,Heavy congestion detected - signal timing extended and reroute suggested
EVT401527,2025-07-16 15:19:43,Trade Fair,J012,Koramangala Sony World,8336,Weekday,False,Clear,False,0.0,False,False,0.311,Low,33.8,21.2,113.6,0.104,0.24,0.959,Moderate traffic flow - standard adaptive signal timing in effect
EVT401528,2026-01-03 02:53:26,Sports Fixture,J020,Malleshwaram Circle,19788,Weekend,False,Clear,False,0.0,False,False,0.327,Low,23.3,18.4,140.8,0.071,0.164,0.96,Moderate traffic flow - standard adaptive signal timing in effect
EVT401529,2025-09-18 20:00:57,Local Market Day,J031,Cubbon Road,2501,Weekday,False,Rain,True,10.7,False,False,0.907,Severe,11.7,62.2,178.8,0.077,0.178,0.895,Heavy rain reducing visibility and grip - reduced speed and longer buffer advised
EVT401530,2025-03-24 16:04:39,Political Rally,J040,City Market,12007,Weekday,False,Clear,False,0.0,False,False,0.519,Moderate,25.2,40.2,255.8,0.194,0.447,0.962,Moderate traffic flow - standard adaptive signal timing in effect
EVT401531,2025-10-22 20:17:45,Religious Festival,J012,Koramangala Sony World,38115,Weekday,True,Clear,False,0.0,False,True,1.0,Severe,7.9,91.1,687.7,0.244,0.564,0.855,Road closure for event/procession - full detour recommended for through-traffic
EVT401532,2025-07-22 16:13:30,Political Rally,J020,Malleshwaram Circle,14790,Weekday,False,Clear,False,0.0,False,False,0.509,Moderate,25.4,39.7,200.4,0.166,0.383,0.979,Moderate traffic flow - standard adaptive signal timing in effect
EVT401533,2025-03-23 14:57:28,Local Market Day,J040,City Market,2680,Weekend,False,Clear,False,0.0,False,False,0.305,Low,28.6,15.8,183.4,0.142,0.327,0.972,Moderate traffic flow - standard adaptive signal timing in effect
EVT401534,2025-06-26 15:23:07,Local Market Day,J009,Majestic,5334,Weekday,False,Rain,True,19.9,False,False,0.476,Moderate,23.5,29.4,153.4,0.122,0.281,0.895,Light rain detected - minor speed reduction advised
EVT401535,2026-03-28 18:36:58,Local Market Day,J009,Majestic,3985,Weekend,False,Clear,False,0.0,False,False,0.819,Severe,13.7,57.5,275.4,0.145,0.335,0.946,Heavy congestion detected - signal timing extended and reroute suggested
EVT401536,2026-04-30 07:33:33,Political Rally,J023,Basavanagudi,13705,Weekday,False,Clear,False,0.0,False,False,0.749,High,18.4,51.9,212.1,0.123,0.285,0.958,Moderate traffic flow - standard adaptive signal timing in effect
EVT401537,2025-02-08 14:25:22,Political Rally,J040,City Market,11265,Weekend,False,Clear,False,0.0,False,False,0.292,Low,30.3,18.3,132.3,0.102,0.235,0.942,Moderate traffic flow - standard adaptive signal timing in effect
EVT401538,2025-07-05 07:11:14,Local Market Day,J040,City Market,2838,Weekend,False,Clear,False,0.0,False,False,0.46,Moderate,25.9,32.5,121.0,0.093,0.215,0.984,Moderate traffic flow - standard adaptive signal timing in effect
EVT401539,2025-11-04 14:13:57,Sports Fixture,J030,MG Road,15573,Weekday,False,Clear,False,0.0,False,False,0.309,Low,32.8,18.1,190.4,0.148,0.341,0.971,Moderate traffic flow - standard adaptive signal timing in effect
EVT401540,2025-03-01 17:57:53,Sports Fixture,J011,Indiranagar 100ft Road,19087,Weekend,False,Clear,False,0.0,False,False,0.898,Severe,11.6,60.9,411.8,0.191,0.441,0.927,Heavy congestion detected - signal timing extended and reroute suggested
EVT401541,2025-05-09 17:29:54,Local Market Day,J020,Malleshwaram Circle,2512,Weekday,False,Light Rain,True,6.0,False,False,1.0,Severe,7.3,67.3,859.8,0.253,0.584,0.863,Heavy rain reducing visibility and grip - reduced speed and longer buffer advised
EVT401542,2025-09-14 22:20:37,Sports Fixture,J012,Koramangala Sony World,26504,Weekend,False,Clear,False,0.0,False,False,0.428,Moderate,30.6,29.5,166.3,0.152,0.351,0.932,Moderate traffic flow - standard adaptive signal timing in effect
EVT401543,2025-09-01 07:57:47,Concert,J040,City Market,24322,Weekday,False,Rain,True,21.4,False,False,1.0,Severe,8.8,70.8,308.6,0.126,0.29,0.856,Heavy rain reducing visibility and grip - reduced speed and longer buffer advised
EVT401544,2025-05-25 19:02:53,Local Market Day,J009,Majestic,3687,Weekend,False,Clear,False,0.0,False,False,0.834,Severe,13.9,56.3,285.9,0.147,0.34,0.937,Heavy congestion detected - signal timing extended and reroute suggested
EVT401545,2026-04-03 11:37:47,Sports Fixture,J020,Malleshwaram Circle,29310,Weekday,False,Clear,False,0.0,False,False,0.489,Moderate,23.1,32.6,199.6,0.14,0.323,0.959,Moderate traffic flow - standard adaptive signal timing in effect
EVT401546,2025-06-05 19:40:26,Concert,J012,Koramangala Sony World,13620,Weekday,False,Clear,False,0.0,False,False,0.934,Severe,11.0,70.5,534.9,0.229,0.53,0.947,Heavy congestion detected - signal timing extended and reroute suggested
EVT401547,2026-04-24 08:17:25,Local Market Day,J011,Indiranagar 100ft Road,2591,Weekday,False,Clear,False,0.0,False,False,0.899,Severe,12.8,62.6,433.4,0.225,0.519,0.941,Heavy congestion detected - signal timing extended and reroute suggested
EVT401548,2025-06-05 14:02:50,Political Rally,J030,MG Road,14552,Weekday,False,Clear,False,0.0,False,False,0.31,Low,26.6,25.0,135.6,0.089,0.205,0.958,Moderate traffic flow - standard adaptive signal timing in effect
EVT401549,2025-06-22 11:29:48,Local Market Day,J011,Indiranagar 100ft Road,5898,Weekend,False,Heavy Rain,True,48.8,False,False,0.643,High,21.9,48.5,238.0,0.172,0.398,0.894,Heavy rain reducing visibility and grip - reduced speed and longer buffer advised
EVT401550,2025-03-23 06:40:12,Sports Fixture,J030,MG Road,16342,Weekend,False,Clear,False,0.0,False,False,0.481,Moderate,23.9,29.1,154.7,0.121,0.279,0.962,Moderate traffic flow - standard adaptive signal timing in effect
EVT401551,2026-03-17 13:00:09,Trade Fair,J030,MG Road,12156,Weekday,False,Clear,False,0.0,False,False,0.185,Low,38.7,15.0,103.0,0.085,0.197,0.979,Normal free-flow traffic - standard signal timing maintained
EVT401552,2025-04-16 18:05:25,Trade Fair,J030,MG Road,8520,Weekday,False,Clear,False,0.0,False,False,1.0,Severe,9.1,79.0,699.4,0.252,0.582,0.897,Heavy congestion detected - signal timing extended and reroute suggested
EVT401553,2026-05-18 10:45:31,Political Rally,J009,Majestic,17179,Weekday,False,Clear,False,0.0,False,False,0.592,High,25.5,41.5,229.7,0.185,0.426,0.939,Moderate traffic flow - standard adaptive signal timing in effect
EVT401554,2026-05-01 13:44:22,Cultural Procession,J023,Basavanagudi,24463,Weekday,True,Clear,False,0.0,False,True,0.694,Moderate,13.8,70.7,482.8,0.233,0.538,0.897,Road closure for event/procession - full detour recommended for through-traffic
EVT401555,2025-04-25 13:00:04,Trade Fair,J009,Majestic,5724,Weekday,False,Clear,False,0.0,False,False,0.213,Low,31.1,19.3,177.6,0.14,0.324,0.982,Normal free-flow traffic - standard signal timing maintained
EVT401556,2026-02-06 18:45:42,Political Rally,J020,Malleshwaram Circle,28403,Weekday,False,Clear,False,0.0,False,False,1.0,Severe,8.2,72.7,380.7,0.122,0.283,0.901,Heavy congestion detected - signal timing extended and reroute suggested
EVT401557,2025-08-18 09:15:51,Concert,J023,Basavanagudi,10878,Weekday,False,Heavy Rain,True,65.0,False,False,1.0,Severe,8.0,69.0,833.3,0.264,0.609,0.839,Heavy rain reducing visibility and grip - reduced speed and longer buffer advised
EVT401558,2025-03-13 18:35:37,Trade Fair,J009,Majestic,5519,Weekday,False,Clear,False,0.0,False,False,1.0,Severe,8.1,70.8,267.3,0.102,0.236,0.929,Heavy congestion detected - signal timing extended and reroute suggested
EVT401559,2025-06-06 13:35:32,Local Market Day,J040,City Market,5700,Weekday,False,Rain,True,15.3,False,False,0.418,Moderate,24.0,28.5,132.6,0.092,0.213,0.906,Light rain detected - minor speed reduction advised
EVT401560,2025-11-23 20:11:33,Sports Fixture,J040,City Market,19506,Weekend,False,Clear,False,0.0,False,False,0.75,High,14.8,51.4,248.7,0.131,0.302,0.969,Moderate traffic flow - standard adaptive signal timing in effect
EVT401561,2025-06-20 08:19:58,Local Market Day,J012,Koramangala Sony World,5064,Weekday,False,Clear,False,0.0,False,False,0.956,Severe,11.9,76.0,458.3,0.21,0.485,0.924,Heavy congestion detected - signal timing extended and reroute suggested
EVT401562,2025-07-20 21:15:38,Political Rally,J023,Basavanagudi,25040,Weekend,False,Rain,True,17.8,False,False,0.642,High,21.2,48.5,252.8,0.187,0.432,0.913,Heavy rain reducing visibility and grip - reduced speed and longer buffer advised
EVT401563,2025-02-01 19:09:49,Sports Fixture,J009,Majestic,16564,Weekend,False,Clear,False,0.0,False,False,0.908,Severe,12.8,61.0,261.1,0.11,0.254,0.927,Heavy congestion detected - signal timing extended and reroute suggested
EVT401564,2026-01-28 13:58:44,Local Market Day,J031,Cubbon Road,3062,Weekday,False,Clear,False,0.0,False,False,0.167,Low,26.6,16.4,259.8,0.175,0.403,0.961,Normal free-flow traffic - standard signal timing maintained
EVT401565,2025-09-17 09:40:01,Sports Fixture,J011,Indiranagar 100ft Road,22003,Weekday,False,Rain,True,24.7,False,False,1.0,Severe,8.8,75.3,367.6,0.126,0.291,0.907,Heavy rain reducing visibility and grip - reduced speed and longer buffer advised
EVT401566,2026-03-09 18:50:49,Sports Fixture,J031,Cubbon Road,26017,Weekday,False,Clear,False,0.0,False,False,1.0,Severe,7.7,68.3,524.5,0.173,0.4,0.933,Heavy congestion detected - signal timing extended and reroute suggested
EVT401567,2026-03-24 18:17:07,Sports Fixture,J040,City Market,29820,Weekday,False,Fog,False,0.0,False,False,1.0,Severe,8.3,71.9,452.1,0.159,0.367,0.896,Heavy congestion detected - signal timing extended and reroute suggested
EVT401568,2025-12-10 00:43:04,Concert,J030,MG Road,8434,Weekday,False,Clear,False,0.0,False,False,0.169,Low,35.3,17.5,109.3,0.1,0.23,0.955,Normal free-flow traffic - standard signal timing maintained
EVT401569,2025-10-25 09:16:57,Concert,J020,Malleshwaram Circle,9357,Weekend,False,Clear,False,0.0,False,False,0.91,Severe,13.3,60.1,450.6,0.218,0.503,0.942,Heavy congestion detected - signal timing extended and reroute suggested
EVT401570,2025-01-11 19:45:00,Local Market Day,J023,Basavanagudi,1846,Weekend,False,Clear,False,0.0,False,False,0.693,High,21.2,55.5,233.6,0.17,0.393,0.943,Moderate traffic flow - standard adaptive signal timing in effect
EVT401571,2025-05-22 16:56:46,Sports Fixture,J011,Indiranagar 100ft Road,11895,Weekday,False,Rain,True,9.3,False,False,0.892,Severe,13.1,67.0,317.5,0.151,0.348,0.889,Heavy rain reducing visibility and grip - reduced speed and longer buffer advised
EVT401572,2026-05-08 07:55:11,Sports Fixture,J040,City Market,19231,Weekday,False,Clear,False,0.0,False,False,0.911,Severe,10.3,69.0,536.5,0.21,0.484,0.947,Heavy congestion detected - signal timing extended and reroute suggested
EVT401573,2026-06-13 19:09:22,Political Rally,J040,City Market,9631,Weekend,False,Heavy Rain,True,29.8,False,False,1.0,Severe,8.4,74.8,588.2,0.198,0.457,0.866,Heavy rain reducing visibility and grip - reduced speed and longer buffer advised
EVT401574,2025-09-03 07:01:32,Concert,J009,Majestic,11681,Weekday,False,Clear,False,0.0,False,False,0.506,Moderate,27.3,37.4,232.3,0.177,0.409,0.955,Moderate traffic flow - standard adaptive signal timing in effect
EVT401575,2026-05-08 12:47:26,Trade Fair,J040,City Market,4670,Weekday,False,Clear,False,0.0,False,False,0.182,Low,36.9,15.5,118.3,0.131,0.302,0.958,Normal free-flow traffic - standard signal timing maintained
EVT401576,2025-10-06 06:22:26,Concert,J012,Koramangala Sony World,17197,Weekday,False,Clear,False,0.0,False,False,0.336,Low,29.8,15.0,130.3,0.106,0.244,0.979,Moderate traffic flow - standard adaptive signal timing in effect
EVT401577,2025-08-21 17:25:56,Trade Fair,J012,Koramangala Sony World,10018,Weekday,False,Heavy Rain,True,58.2,False,False,1.0,Severe,9.9,73.0,631.8,0.266,0.615,0.884,Heavy rain reducing visibility and grip - reduced speed and longer buffer advised
EVT401578,2025-05-01 12:24:25,Religious Festival,J012,Koramangala Sony World,24263,Weekday,True,Clear,False,0.0,False,False,0.503,Moderate,28.4,35.3,177.6,0.144,0.333,0.877,Festival crowd surge detected - alternate route and extended cycle recommended
EVT401579,2025-06-06 22:15:48,Trade Fair,J023,Basavanagudi,17590,Weekday,False,Rain,True,23.8,True,False,0.974,Severe,9.4,74.3,648.8,0.259,0.597,0.699,Accident detected nearby - reroute and reduced speed advised
EVT401580,2025-05-23 08:06:55,Local Market Day,J031,Cubbon Road,4023,Weekday,False,Clear,False,0.0,False,False,0.883,Severe,13.1,65.5,269.5,0.134,0.31,0.933,Heavy congestion detected - signal timing extended and reroute suggested
EVT401581,2026-03-19 13:02:29,Religious Festival,J012,Koramangala Sony World,93043,Weekday,True,Clear,False,0.0,True,True,1.0,Severe,8.9,93.0,316.8,0.107,0.247,0.674,Road closure for event/procession - full detour recommended for through-traffic
EVT401582,2026-01-02 01:24:36,Fireworks Display,J030,MG Road,21657,Weekday,True,Clear,False,0.0,False,False,0.482,Moderate,22.4,39.0,105.0,0.05,0.116,0.92,Moderate traffic flow - standard adaptive signal timing in effect
EVT401583,2025-01-09 13:37:29,Sports Fixture,J012,Koramangala Sony World,26116,Weekday,False,Clear,False,0.0,False,False,0.326,Low,30.9,30.6,201.9,0.17,0.393,0.965,Moderate traffic flow - standard adaptive signal timing in effect
EVT401584,2026-05-31 08:38:29,Sports Fixture,J031,Cubbon Road,18623,Weekend,False,Clear,False,0.0,False,False,0.884,Severe,14.6,58.9,306.5,0.161,0.372,0.923,Heavy congestion detected - signal timing extended and reroute suggested
EVT401585,2026-01-29 08:02:40,Sports Fixture,J030,MG Road,21682,Weekday,False,Fog,False,0.0,False,False,0.93,Severe,12.2,66.5,225.9,0.079,0.181,0.913,Heavy congestion detected - signal timing extended and reroute suggested
EVT401586,2026-05-11 17:15:27,Sports Fixture,J040,City Market,20050,Weekday,False,Clear,False,0.0,False,False,0.87,Severe,14.8,64.8,338.5,0.18,0.415,0.917,Heavy congestion detected - signal timing extended and reroute suggested
EVT401587,2026-03-23 18:06:35,Trade Fair,J009,Majestic,11906,Weekday,False,Clear,False,0.0,False,False,1.0,Severe,8.5,75.0,516.3,0.189,0.436,0.889,Heavy congestion detected - signal timing extended and reroute suggested
EVT401588,2026-04-06 09:49:26,Sports Fixture,J030,MG Road,27484,Weekday,False,Clear,False,0.0,False,False,1.0,Severe,8.8,68.2,290.0,0.119,0.275,0.927,Heavy congestion detected - signal timing extended and reroute suggested
EVT401589,2025-06-28 13:24:59,Local Market Day,J012,Koramangala Sony World,2764,Weekend,False,Clear,False,0.0,False,False,0.257,Low,34.8,20.0,211.1,0.179,0.414,0.962,Moderate traffic flow - standard adaptive signal timing in effect
EVT401590,2026-04-03 22:25:07,Local Market Day,J011,Indiranagar 100ft Road,4069,Weekday,False,Rain,True,14.4,False,False,0.39,Moderate,29.5,26.4,82.4,0.058,0.134,0.932,Light rain detected - minor speed reduction advised
EVT401591,2025-08-22 15:40:00,Local Market Day,J009,Majestic,4491,Weekday,False,Light Rain,True,1.1,False,False,0.407,Moderate,29.7,34.0,179.6,0.136,0.315,0.895,Light rain detected - minor speed reduction advised
EVT401592,2025-11-21 21:44:37,Sports Fixture,J011,Indiranagar 100ft Road,48500,Weekday,False,Clear,False,0.0,False,False,0.575,High,21.0,49.7,335.2,0.197,0.456,0.99,Moderate traffic flow - standard adaptive signal timing in effect
EVT401593,2026-05-29 21:34:12,Local Market Day,J023,Basavanagudi,4692,Weekday,False,Clear,False,0.0,False,False,0.34,Low,24.3,26.2,72.9,0.035,0.08,0.949,Moderate traffic flow - standard adaptive signal timing in effect
EVT401594,2025-06-04 18:11:46,Local Market Day,J030,MG Road,5581,Weekday,False,Light Rain,True,4.7,False,False,1.0,Severe,10.4,72.9,400.2,0.151,0.35,0.865,Heavy rain reducing visibility and grip - reduced speed and longer buffer advised
EVT401595,2025-12-20 10:56:41,Local Market Day,J023,Basavanagudi,4582,Weekend,False,Clear,False,0.0,False,False,0.457,Moderate,19.4,38.7,99.0,0.04,0.093,0.958,Moderate traffic flow - standard adaptive signal timing in effect
EVT401596,2025-07-30 10:14:18,Sports Fixture,J030,MG Road,26277,Weekday,False,Clear,False,0.0,True,False,1.0,Severe,8.5,73.6,381.2,0.137,0.316,0.771,Accident detected nearby - reroute and reduced speed advised
EVT401597,2025-08-04 20:36:53,Sports Fixture,J009,Majestic,38099,Weekday,False,Clear,False,0.0,False,False,0.805,Severe,11.7,55.1,269.3,0.113,0.26,0.954,Heavy congestion detected - signal timing extended and reroute suggested
EVT401598,2025-03-11 11:06:01,Local Market Day,J020,Malleshwaram Circle,4287,Weekday,False,Clear,False,0.0,False,False,0.345,Low,28.2,28.7,223.2,0.163,0.377,0.945,Moderate traffic flow - standard adaptive signal timing in effect
EVT401599,2025-06-04 17:45:40,Concert,J040,City Market,13477,Weekday,False,Clear,False,0.0,False,False,1.0,Severe,8.0,75.9,442.8,0.145,0.336,0.915,Heavy congestion detected - signal timing extended and reroute suggested
EVT401600,2026-01-01 18:06:11,Religious Festival,J023,Basavanagudi,29169,Weekday,True,Clear,False,0.0,False,False,1.0,Severe,7.9,71.7,363.0,0.129,0.298,0.863,Festival crowd surge detected - alternate route and extended cycle recommended
EVT401601,2026-02-04 17:18:22,Trade Fair,J020,Malleshwaram Circle,9631,Weekday,False,Fog,False,0.0,False,False,0.865,Severe,15.1,65.1,451.5,0.25,0.578,0.946,Heavy congestion detected - signal timing extended and reroute suggested
EVT401602,2026-02-03 21:52:35,Political Rally,J009,Majestic,21720,Weekday,False,Clear,False,0.0,False,False,0.308,Low,25.3,28.8,128.6,0.082,0.19,0.969,Moderate traffic flow - standard adaptive signal timing in effect
EVT401603,2025-03-10 19:20:15,Concert,J009,Majestic,13317,Weekday,False,Clear,False,0.0,False,False,0.967,Severe,9.2,66.3,633.3,0.244,0.564,0.91,Heavy congestion detected - signal timing extended and reroute suggested
EVT401604,2025-09-07 16:25:14,Concert,J009,Majestic,8987,Weekend,False,Clear,False,0.0,False,False,0.591,High,19.3,46.8,181.6,0.111,0.256,0.976,Moderate traffic flow - standard adaptive signal timing in effect
EVT401605,2026-06-07 07:29:09,Local Market Day,J040,City Market,3362,Weekend,False,Rain,True,11.3,False,False,0.706,High,16.5,52.3,312.7,0.171,0.394,0.923,Heavy rain reducing visibility and grip - reduced speed and longer buffer advised
EVT401606,2025-05-16 13:35:54,Local Market Day,J030,MG Road,2081,Weekday,False,Clear,False,0.0,False,False,0.16,Low,36.6,12.6,114.5,0.097,0.225,0.956,Normal free-flow traffic - standard signal timing maintained
EVT401607,2025-08-21 09:30:59,Local Market Day,J009,Majestic,4488,Weekday,False,Clear,False,0.0,False,False,0.932,Severe,13.2,65.7,655.9,0.306,0.708,0.896,Heavy congestion detected - signal timing extended and reroute suggested
EVT401608,2026-02-15 11:09:01,Local Market Day,J012,Koramangala Sony World,8942,Weekend,False,Clear,False,0.0,False,False,0.469,Moderate,28.8,35.0,131.5,0.111,0.256,0.964,Moderate traffic flow - standard adaptive signal timing in effect
EVT401609,2026-01-20 09:05:05,Sports Fixture,J030,MG Road,36944,Weekday,False,Clear,False,0.0,False,False,1.0,Severe,9.7,72.4,620.3,0.261,0.603,0.928,Heavy congestion detected - signal timing extended and reroute suggested
EVT401610,2025-07-31 17:53:03,Concert,J030,MG Road,15985,Weekday,False,Heavy Rain,True,51.1,False,False,1.0,Severe,9.5,71.6,295.6,0.129,0.297,0.869,Heavy rain reducing visibility and grip - reduced speed and longer buffer advised
EVT401611,2025-05-16 16:21:17,Local Market Day,J040,City Market,3021,Weekday,False,Clear,False,0.0,False,False,0.512,Moderate,19.3,32.3,281.8,0.174,0.402,0.967,Moderate traffic flow - standard adaptive signal timing in effect
EVT401612,2026-03-19 21:52:29,Religious Festival,J012,Koramangala Sony World,71101,Weekday,True,Clear,False,0.0,False,True,1.0,Severe,9.3,104.0,590.0,0.228,0.528,0.828,Road closure for event/procession - full detour recommended for through-traffic
EVT401613,2025-03-04 16:56:00,Trade Fair,J020,Malleshwaram Circle,11356,Weekday,False,Clear,False,0.0,False,False,0.68,High,24.6,48.8,216.6,0.178,0.412,0.931,Moderate traffic flow - standard adaptive signal timing in effect
EVT401614,2025-05-06 09:44:19,Sports Fixture,J011,Indiranagar 100ft Road,37874,Weekday,False,Clear,False,0.0,False,False,1.0,Severe,8.9,69.3,673.7,0.249,0.575,0.929,Heavy congestion detected - signal timing extended and reroute suggested
EVT401615,2025-10-16 17:56:46,Concert,J031,Cubbon Road,13272,Weekday,False,Clear,False,0.0,False,False,0.984,Severe,8.2,74.0,585.6,0.222,0.512,0.923,Heavy congestion detected - signal timing extended and reroute suggested
EVT401616,2025-02-21 11:19:05,Concert,J040,City Market,18797,Weekday,False,Clear,False,0.0,False,False,0.411,Moderate,27.6,25.8,263.5,0.185,0.426,0.964,Moderate traffic flow - standard adaptive signal timing in effect
EVT401617,2025-08-12 19:41:44,Concert,J040,City Market,11761,Weekday,False,Clear,False,0.0,False,False,0.893,Severe,11.6,62.8,484.0,0.199,0.459,0.958,Heavy congestion detected - signal timing extended and reroute suggested
EVT401618,2026-06-18 07:16:52,Local Market Day,J040,City Market,3941,Weekday,False,Clear,False,0.0,False,False,0.594,High,22.6,41.8,162.6,0.111,0.257,0.974,Moderate traffic flow - standard adaptive signal timing in effect
EVT401619,2025-11-09 04:58:40,Concert,J009,Majestic,8642,Weekend,False,Clear,False,0.0,False,False,0.362,Moderate,30.2,22.3,146.1,0.127,0.294,0.961,Moderate traffic flow - standard adaptive signal timing in effect
EVT401620,2025-07-28 18:40:44,Concert,J030,MG Road,15543,Weekday,False,Clear,False,0.0,False,False,1.0,Severe,6.5,70.7,808.6,0.203,0.469,0.927,Heavy congestion detected - signal timing extended and reroute suggested
EVT401621,2025-04-22 20:09:36,Trade Fair,J040,City Market,7462,Weekday,False,Clear,False,0.0,False,False,0.641,High,20.0,44.7,199.3,0.126,0.292,0.972,Moderate traffic flow - standard adaptive signal timing in effect
EVT401622,2025-12-01 18:59:36,Trade Fair,J031,Cubbon Road,7980,Weekday,False,Clear,False,0.0,False,False,1.0,Severe,8.6,72.1,222.5,0.104,0.24,0.916,Heavy congestion detected - signal timing extended and reroute suggested
EVT401623,2025-06-08 18:27:20,Sports Fixture,J023,Basavanagudi,30897,Weekend,False,Clear,False,0.0,False,False,0.931,Severe,10.2,62.5,222.9,0.086,0.198,0.948,Heavy congestion detected - signal timing extended and reroute suggested
EVT401624,2026-04-14 14:44:08,Cultural Procession,J011,Indiranagar 100ft Road,41578,Weekday,True,Clear,False,0.0,False,True,0.76,High,16.4,78.3,307.4,0.173,0.4,0.927,Road closure for event/procession - full detour recommended for through-traffic
EVT401625,2026-01-31 12:06:28,Trade Fair,J023,Basavanagudi,8357,Weekend,False,Clear,False,0.0,False,False,0.357,Moderate,29.5,25.1,108.1,0.087,0.201,0.97,Moderate traffic flow - standard adaptive signal timing in effect
EVT401626,2026-06-25 08:51:10,Local Market Day,J012,Koramangala Sony World,6103,Weekday,False,Clear,False,0.0,False,False,0.98,Severe,10.1,67.1,562.7,0.223,0.515,0.908,Heavy congestion detected - signal timing extended and reroute suggested
EVT401627,2025-08-12 11:53:49,Sports Fixture,J023,Basavanagudi,20357,Weekday,False,Clear,False,0.0,False,False,0.267,Low,25.5,19.7,118.2,0.088,0.203,0.962,Moderate traffic flow - standard adaptive signal timing in effect
EVT401628,2026-05-21 17:13:24,Concert,J020,Malleshwaram Circle,13469,Weekday,False,Clear,False,0.0,False,False,0.886,Severe,13.5,67.2,388.4,0.201,0.465,0.938,Heavy congestion detected - signal timing extended and reroute suggested
EVT401629,2025-10-04 20:32:34,Sports Fixture,J020,Malleshwaram Circle,20549,Weekend,False,Clear,False,0.0,False,False,0.615,High,18.2,39.3,186.5,0.097,0.224,0.935,Moderate traffic flow - standard adaptive signal timing in effect
EVT401630,2025-01-30 10:15:20,Political Rally,J030,MG Road,21296,Weekday,False,Clear,False,0.0,False,False,0.817,Severe,17.1,52.2,283.6,0.151,0.349,0.944,Heavy congestion detected - signal timing extended and reroute suggested
EVT401631,2025-04-03 04:51:28,Political Rally,J011,Indiranagar 100ft Road,12118,Weekday,False,Clear,False,0.0,False,False,0.189,Low,34.6,16.5,179.8,0.169,0.391,0.96,Normal free-flow traffic - standard signal timing maintained
EVT401632,2025-05-21 17:06:41,Concert,J023,Basavanagudi,19427,Weekday,False,Clear,False,0.0,False,False,0.747,High,20.6,51.8,278.4,0.167,0.387,0.956,Moderate traffic flow - standard adaptive signal timing in effect
EVT401633,2025-09-01 20:13:37,Sports Fixture,J020,Malleshwaram Circle,30295,Weekday,False,Clear,False,0.0,False,False,0.918,Severe,10.3,65.5,433.4,0.176,0.406,0.935,Heavy congestion detected - signal timing extended and reroute suggested
EVT401634,2025-11-24 09:33:39,Concert,J031,Cubbon Road,16440,Weekday,False,Clear,False,0.0,False,False,1.0,Severe,10.5,76.9,365.0,0.155,0.359,0.937,Heavy congestion detected - signal timing extended and reroute suggested
EVT401635,2025-04-30 05:20:58,Sports Fixture,J011,Indiranagar 100ft Road,22126,Weekday,False,Clear,False,0.0,False,False,0.337,Low,29.0,28.3,183.1,0.126,0.291,0.974,Moderate traffic flow - standard adaptive signal timing in effect
EVT401636,2025-12-07 10:24:30,Trade Fair,J009,Majestic,6893,Weekend,False,Clear,False,0.0,False,False,0.651,High,21.9,42.3,240.3,0.149,0.345,0.99,Moderate traffic flow - standard adaptive signal timing in effect
EVT401637,2026-02-04 20:41:42,Sports Fixture,J023,Basavanagudi,31178,Weekday,False,Clear,False,0.0,False,False,0.745,High,19.1,45.1,296.5,0.179,0.413,0.97,Moderate traffic flow - standard adaptive signal timing in effect
EVT401638,2025-01-17 09:34:53,Sports Fixture,J011,Indiranagar 100ft Road,30499,Weekday,False,Clear,False,0.0,False,False,1.0,Severe,7.7,73.4,339.7,0.108,0.249,0.934,Heavy congestion detected - signal timing extended and reroute suggested
EVT401639,2025-03-31 20:56:02,Religious Festival,J030,MG Road,100526,Weekday,True,Clear,False,0.0,False,True,1.0,Severe,8.7,104.4,781.6,0.277,0.64,0.857,Road closure for event/procession - full detour recommended for through-traffic
EVT401640,2025-05-07 16:56:58,Sports Fixture,J031,Cubbon Road,27728,Weekday,False,Fog,False,0.0,False,False,0.889,Severe,15.1,64.9,421.7,0.223,0.515,0.901,Heavy congestion detected - signal timing extended and reroute suggested
EVT401641,2026-03-30 10:58:53,Trade Fair,J031,Cubbon Road,10629,Weekday,False,Clear,False,0.0,False,False,0.545,Moderate,16.1,40.6,513.9,0.232,0.535,0.97,Moderate traffic flow - standard adaptive signal timing in effect
EVT401642,2025-11-12 16:02:14,Trade Fair,J040,City Market,6240,Weekday,False,Light Rain,True,5.3,False,False,0.565,High,21.2,43.8,175.4,0.119,0.275,0.928,Heavy rain reducing visibility and grip - reduced speed and longer buffer advised
EVT401643,2025-01-27 08:27:44,Religious Festival,J040,City Market,34356,Weekday,True,Clear,False,0.0,False,True,1.0,Severe,7.3,104.7,556.8,0.194,0.449,0.813,Road closure for event/procession - full detour recommended for through-traffic
EVT401644,2025-04-06 20:52:43,Cultural Procession,J009,Majestic,10858,Weekend,True,Clear,False,0.0,False,False,0.76,Severe,14.3,56.9,363.5,0.185,0.427,0.898,Festival crowd surge detected - alternate route and extended cycle recommended
EVT401645,2025-09-27 22:49:33,Political Rally,J040,City Market,18656,Weekend,False,Clear,False,0.0,False,False,0.345,Low,19.1,25.9,151.1,0.079,0.182,0.94,Moderate traffic flow - standard adaptive signal timing in effect
EVT401646,2025-12-22 19:44:18,Trade Fair,J030,MG Road,8860,Weekday,False,Clear,False,0.0,False,False,0.834,Severe,11.0,62.5,490.0,0.175,0.404,0.95,Heavy congestion detected - signal timing extended and reroute suggested
EVT401647,2025-04-14 12:52:03,Religious Festival,J030,MG Road,41765,Weekday,True,Clear,False,0.0,False,True,0.775,High,14.7,72.1,457.2,0.231,0.533,0.904,Road closure for event/procession - full detour recommended for through-traffic
EVT401648,2026-03-05 16:52:27,Cultural Procession,J031,Cubbon Road,23307,Weekday,True,Clear,False,0.0,False,False,1.0,Severe,11.0,68.8,545.4,0.222,0.512,0.89,Festival crowd surge detected - alternate route and extended cycle recommended
EVT401649,2025-11-23 14:24:38,Trade Fair,J030,MG Road,13847,Weekend,False,Clear,False,0.0,False,False,0.338,Low,26.2,23.0,178.6,0.151,0.348,0.968,Moderate traffic flow - standard adaptive signal timing in effect
EVT401650,2025-07-08 07:28:16,Sports Fixture,J031,Cubbon Road,35162,Weekday,False,Clear,False,0.0,False,False,0.725,High,18.3,56.1,322.5,0.194,0.449,0.949,Moderate traffic flow - standard adaptive signal timing in effect
EVT401651,2026-03-23 13:52:03,Trade Fair,J011,Indiranagar 100ft Road,4459,Weekday,False,Clear,False,0.0,False,False,0.148,Low,29.6,7.6,76.2,0.047,0.109,0.98,Normal free-flow traffic - standard signal timing maintained
EVT401652,2025-12-16 12:54:32,Sports Fixture,J030,MG Road,17789,Weekday,False,Clear,False,0.0,False,False,0.285,Low,28.1,18.9,127.9,0.088,0.204,0.924,Moderate traffic flow - standard adaptive signal timing in effect
EVT401653,2026-02-01 20:45:43,Local Market Day,J012,Koramangala Sony World,3611,Weekend,False,Clear,False,0.0,False,False,0.471,Moderate,25.0,34.4,225.9,0.163,0.377,0.949,Moderate traffic flow - standard adaptive signal timing in effect
EVT401654,2025-10-04 20:44:35,Sports Fixture,J031,Cubbon Road,59194,Weekend,False,Clear,False,0.0,False,False,0.902,Severe,10.3,62.3,355.0,0.152,0.351,0.925,Heavy congestion detected - signal timing extended and reroute suggested
EVT401655,2026-05-16 18:07:17,Trade Fair,J023,Basavanagudi,3587,Weekend,False,Clear,False,0.0,False,False,0.761,Severe,18.0,53.5,334.5,0.208,0.482,0.955,Heavy congestion detected - signal timing extended and reroute suggested
EVT401656,2026-05-22 19:28:43,Political Rally,J012,Koramangala Sony World,6590,Weekday,False,Clear,False,0.0,False,False,0.923,Severe,10.1,62.8,349.6,0.146,0.336,0.934,Heavy congestion detected - signal timing extended and reroute suggested
EVT401657,2026-04-08 21:26:29,Sports Fixture,J011,Indiranagar 100ft Road,22773,Weekday,False,Clear,False,0.0,False,False,0.5,Moderate,22.1,23.9,83.3,0.062,0.144,0.948,Moderate traffic flow - standard adaptive signal timing in effect
EVT401658,2025-09-11 17:03:05,Sports Fixture,J009,Majestic,15659,Weekday,False,Clear,False,0.0,False,False,0.759,Severe,15.6,50.2,137.5,0.081,0.187,0.968,Heavy congestion detected - signal timing extended and reroute suggested
EVT401659,2026-04-06 23:36:46,Concert,J011,Indiranagar 100ft Road,10639,Weekday,False,Clear,False,0.0,False,False,0.165,Low,30.9,9.2,125.6,0.1,0.23,0.961,Normal free-flow traffic - standard signal timing maintained
EVT401660,2025-06-01 08:35:49,Sports Fixture,J020,Malleshwaram Circle,13079,Weekend,False,Clear,False,0.0,False,False,0.929,Severe,10.4,57.4,248.1,0.103,0.239,0.92,Heavy congestion detected - signal timing extended and reroute suggested
EVT401661,2025-12-26 12:33:43,Religious Festival,J020,Malleshwaram Circle,61548,Weekday,True,Clear,False,0.0,False,False,0.713,High,16.4,54.8,322.9,0.189,0.436,0.939,Festival crowd surge detected - alternate route and extended cycle recommended
EVT401662,2025-11-01 15:01:09,Religious Festival,J031,Cubbon Road,29160,Weekend,True,Rain,True,15.1,False,False,0.841,Severe,14.4,64.7,361.0,0.192,0.443,0.842,Festival crowd surge detected - alternate route and extended cycle recommended
EVT401663,2025-04-04 17:54:37,Local Market Day,J012,Koramangala Sony World,4073,Weekday,False,Clear,False,0.0,False,False,0.928,Severe,12.2,70.4,435.5,0.186,0.431,0.932,Heavy congestion detected - signal timing extended and reroute suggested
EVT401664,2025-07-20 13:31:22,Sports Fixture,J012,Koramangala Sony World,21485,Weekend,False,Clear,False,0.0,False,False,0.395,Moderate,24.0,26.3,276.5,0.182,0.421,0.966,Moderate traffic flow - standard adaptive signal timing in effect
EVT401665,2025-08-02 14:32:22,Sports Fixture,J020,Malleshwaram Circle,16045,Weekend,False,Rain,True,22.7,False,False,0.665,High,19.4,45.2,358.8,0.225,0.52,0.906,Heavy rain reducing visibility and grip - reduced speed and longer buffer advised
EVT401666,2025-12-29 12:49:53,Local Market Day,J031,Cubbon Road,3577,Weekday,False,Clear,False,0.0,False,False,0.16,Low,40.8,9.5,45.1,0.046,0.106,0.98,Normal free-flow traffic - standard signal timing maintained
EVT401667,2026-02-10 10:34:57,Local Market Day,J040,City Market,4251,Weekday,False,Clear,False,0.0,False,False,0.543,Moderate,22.2,44.0,257.7,0.183,0.422,0.937,Moderate traffic flow - standard adaptive signal timing in effect
EVT401668,2025-01-17 17:58:03,Local Market Day,J030,MG Road,3173,Weekday,False,Clear,False,0.0,False,False,0.962,Severe,8.2,72.6,335.8,0.119,0.274,0.937,Heavy congestion detected - signal timing extended and reroute suggested
EVT401669,2025-08-10 11:51:39,Trade Fair,J020,Malleshwaram Circle,8893,Weekend,False,Rain,True,18.5,False,False,0.546,Moderate,22.3,46.9,119.8,0.073,0.169,0.89,Light rain detected - minor speed reduction advised
EVT401670,2026-04-25 08:46:11,Local Market Day,J030,MG Road,3358,Weekend,False,Clear,False,0.0,False,False,0.74,High,17.3,50.0,278.6,0.16,0.369,0.961,Moderate traffic flow - standard adaptive signal timing in effect
EVT401671,2025-04-14 16:03:36,Fireworks Display,J009,Majestic,30593,Weekday,True,Clear,False,0.0,False,False,0.807,Severe,13.2,59.2,231.0,0.107,0.246,0.903,Festival crowd surge detected - alternate route and extended cycle recommended
EVT401672,2025-06-05 14:41:13,Concert,J023,Basavanagudi,8924,Weekday,False,Heavy Rain,True,25.7,False,False,0.645,High,23.2,42.6,215.0,0.149,0.344,0.919,Heavy rain reducing visibility and grip - reduced speed and longer buffer advised
EVT401673,2025-02-09 12:17:42,Local Market Day,J020,Malleshwaram Circle,4475,Weekend,False,Clear,False,0.0,False,False,0.25,Low,34.6,13.6,181.7,0.158,0.365,0.99,Moderate traffic flow - standard adaptive signal timing in effect
EVT401674,2025-08-19 19:01:02,Local Market Day,J031,Cubbon Road,6292,Weekday,False,Rain,True,8.0,False,False,1.0,Severe,7.9,72.1,783.5,0.258,0.595,0.855,Heavy rain reducing visibility and grip - reduced speed and longer buffer advised
EVT401675,2025-02-04 17:43:00,Political Rally,J031,Cubbon Road,16585,Weekday,False,Rain,True,10.6,False,False,1.0,Severe,7.2,64.9,645.4,0.213,0.492,0.856,Heavy rain reducing visibility and grip - reduced speed and longer buffer advised
EVT401676,2025-03-06 20:03:31,Concert,J030,MG Road,9056,Weekday,False,Clear,False,0.0,False,False,0.73,High,21.6,51.4,256.4,0.2,0.461,0.951,Moderate traffic flow - standard adaptive signal timing in effect
EVT401677,2025-11-25 23:33:31,Trade Fair,J031,Cubbon Road,5591,Weekday,False,Clear,False,0.0,False,False,0.228,Low,38.3,17.2,136.0,0.113,0.261,0.966,Normal free-flow traffic - standard signal timing maintained
EVT401678,2026-02-21 06:34:08,Local Market Day,J031,Cubbon Road,3732,Weekend,False,Clear,False,0.0,False,False,0.365,Moderate,26.1,31.5,109.5,0.08,0.185,0.966,Moderate traffic flow - standard adaptive signal timing in effect
EVT401679,2025-03-23 15:55:58,Sports Fixture,J040,City Market,19067,Weekend,False,Clear,False,0.0,False,False,0.502,Moderate,28.3,38.0,194.1,0.158,0.366,0.965,Moderate traffic flow - standard adaptive signal timing in effect
EVT401680,2025-06-29 09:39:19,Local Market Day,J031,Cubbon Road,6271,Weekend,False,Clear,False,0.0,False,False,0.906,Severe,10.4,66.8,311.9,0.146,0.336,0.946,Heavy congestion detected - signal timing extended and reroute suggested
EVT401681,2025-01-29 08:14:31,Local Market Day,J030,MG Road,4681,Weekday,False,Clear,False,0.0,False,False,0.884,Severe,11.0,61.5,465.2,0.2,0.462,0.939,Heavy congestion detected - signal timing extended and reroute suggested
EVT401682,2025-10-14 08:18:27,Concert,J040,City Market,7070,Weekday,False,Rain,True,24.3,False,False,1.0,Severe,8.2,69.9,466.4,0.169,0.391,0.867,Heavy rain reducing visibility and grip - reduced speed and longer buffer advised
EVT401683,2025-07-19 18:11:32,Local Market Day,J011,Indiranagar 100ft Road,3841,Weekend,False,Clear,False,0.0,False,False,0.854,Severe,12.4,60.1,208.6,0.111,0.256,0.961,Heavy congestion detected - signal timing extended and reroute suggested
EVT401684,2025-05-13 00:31:58,Sports Fixture,J023,Basavanagudi,48741,Weekday,False,Clear,False,0.0,False,False,0.369,Moderate,27.5,21.7,220.2,0.17,0.393,0.971,Moderate traffic flow - standard adaptive signal timing in effect
EVT401685,2025-03-01 23:48:20,Local Market Day,J009,Majestic,4210,Weekend,False,Clear,False,0.0,False,False,0.315,Low,23.6,23.4,129.6,0.111,0.257,0.99,Moderate traffic flow - standard adaptive signal timing in effect
EVT401686,2025-01-07 11:15:54,Concert,J030,MG Road,7687,Weekday,False,Clear,False,0.0,False,False,0.39,Moderate,27.7,30.0,249.9,0.197,0.456,0.983,Moderate traffic flow - standard adaptive signal timing in effect
EVT401687,2026-01-01 20:04:31,Cultural Procession,J031,Cubbon Road,33299,Weekday,True,Clear,False,0.0,False,False,1.0,Severe,7.9,66.1,615.1,0.206,0.477,0.854,Festival crowd surge detected - alternate route and extended cycle recommended
EVT401688,2025-12-24 09:02:23,Concert,J030,MG Road,9711,Weekday,False,Clear,False,0.0,False,False,1.0,Severe,6.4,72.4,697.0,0.206,0.477,0.928,Heavy congestion detected - signal timing extended and reroute suggested
EVT401689,2025-01-02 15:33:27,Local Market Day,J031,Cubbon Road,6031,Weekday,False,Clear,False,0.0,False,False,0.387,Moderate,22.4,25.1,72.1,0.041,0.094,0.961,Moderate traffic flow - standard adaptive signal timing in effect
EVT401690,2025-05-12 15:16:49,Local Market Day,J030,MG Road,4357,Weekday,False,Light Rain,True,4.5,True,False,0.812,Severe,15.2,60.0,453.8,0.213,0.493,0.774,Accident detected nearby - reroute and reduced speed advised
EVT401691,2026-03-25 09:11:40,Local Market Day,J011,Indiranagar 100ft Road,4276,Weekday,False,Clear,False,0.0,False,False,0.99,Severe,9.6,73.6,189.5,0.075,0.174,0.936,Heavy congestion detected - signal timing extended and reroute suggested
EVT401692,2025-04-09 22:21:52,Sports Fixture,J020,Malleshwaram Circle,35792,Weekday,False,Clear,False,0.0,False,False,0.401,Moderate,25.7,28.4,180.9,0.128,0.296,0.976,Moderate traffic flow - standard adaptive signal timing in effect
EVT401693,2025-04-10 16:56:13,Trade Fair,J030,MG Road,5316,Weekday,False,Light Rain,True,2.5,False,False,0.735,High,17.0,48.0,203.2,0.126,0.29,0.904,Heavy rain reducing visibility and grip - reduced speed and longer buffer advised
EVT401694,2025-09-02 19:03:42,Trade Fair,J020,Malleshwaram Circle,7620,Weekday,False,Rain,True,13.9,False,False,1.0,Severe,6.2,67.6,408.1,0.142,0.328,0.88,Heavy rain reducing visibility and grip - reduced speed and longer buffer advised
EVT401695,2025-09-29 00:05:11,Sports Fixture,J011,Indiranagar 100ft Road,26997,Weekday,False,Clear,False,0.0,False,False,0.314,Low,28.7,24.2,114.9,0.1,0.232,0.962,Moderate traffic flow - standard adaptive signal timing in effect
EVT401696,2026-01-25 19:35:18,Local Market Day,J031,Cubbon Road,3760,Weekend,False,Clear,False,0.0,False,False,0.719,High,17.9,53.4,254.6,0.162,0.375,0.946,Moderate traffic flow - standard adaptive signal timing in effect
EVT401697,2025-09-26 09:52:59,Concert,J023,Basavanagudi,15839,Weekday,False,Clear,False,0.0,False,False,0.922,Severe,11.5,65.1,360.2,0.16,0.369,0.914,Heavy congestion detected - signal timing extended and reroute suggested
EVT401698,2025-07-03 01:22:04,Local Market Day,J040,City Market,3914,Weekday,False,Heavy Rain,True,83.9,False,False,0.518,Moderate,26.6,35.4,255.2,0.203,0.469,0.914,Light rain detected - minor speed reduction advised
EVT401699,2025-07-17 09:58:19,Local Market Day,J031,Cubbon Road,3684,Weekday,False,Heavy Rain,True,46.1,False,False,1.0,Severe,8.1,69.9,501.8,0.152,0.352,0.851,Heavy rain reducing visibility and grip - reduced speed and longer buffer advised
EVT401700,2025-06-01 17:46:11,Trade Fair,J012,Koramangala Sony World,6575,Weekend,False,Rain,True,11.0,False,False,0.974,Severe,9.6,71.4,451.6,0.17,0.392,0.87,Heavy rain reducing visibility and grip - reduced speed and longer buffer advised
EVT401701,2026-06-02 10:20:09,Concert,J040,City Market,8570,Weekday,False,Rain,True,18.2,False,False,0.895,Severe,13.1,71.2,345.2,0.173,0.401,0.899,Heavy rain reducing visibility and grip - reduced speed and longer buffer advised
EVT401702,2025-10-01 16:24:15,Local Market Day,J012,Koramangala Sony World,4400,Weekday,False,Clear,False,0.0,False,False,0.516,Moderate,22.5,37.6,93.1,0.079,0.182,0.969,Moderate traffic flow - standard adaptive signal timing in effect
EVT401703,2025-07-24 12:52:24,Local Market Day,J011,Indiranagar 100ft Road,6060,Weekday,False,Heavy Rain,True,47.0,False,False,0.507,Moderate,26.2,34.6,195.2,0.138,0.318,0.921,Light rain detected - minor speed reduction advised
EVT401704,2026-01-22 16:53:01,Local Market Day,J020,Malleshwaram Circle,9541,Weekday,False,Clear,False,0.0,False,False,0.678,High,20.4,48.7,102.7,0.056,0.129,0.99,Moderate traffic flow - standard adaptive signal timing in effect
EVT401705,2025-04-01 19:35:38,Concert,J023,Basavanagudi,13082,Weekday,False,Clear,False,0.0,False,False,0.887,Severe,11.7,69.6,548.4,0.231,0.534,0.938,Heavy congestion detected - signal timing extended and reroute suggested
EVT401706,2026-04-08 07:24:15,Local Market Day,J009,Majestic,3782,Weekday,False,Clear,False,0.0,False,False,0.546,Moderate,23.7,39.5,184.4,0.129,0.298,0.982,Moderate traffic flow - standard adaptive signal timing in effect
EVT401707,2025-03-19 20:48:05,Concert,J023,Basavanagudi,10175,Weekday,False,Clear,False,0.0,False,False,0.582,High,24.9,41.9,287.6,0.218,0.503,0.95,Moderate traffic flow - standard adaptive signal timing in effect
EVT401708,2026-03-01 08:51:55,Local Market Day,J030,MG Road,7212,Weekend,False,Clear,False,0.0,False,False,0.817,Severe,16.5,62.7,415.1,0.237,0.548,0.967,Heavy congestion detected - signal timing extended and reroute suggested
EVT401709,2026-06-19 14:56:59,Local Market Day,J023,Basavanagudi,3650,Weekday,False,Clear,False,0.0,False,False,0.269,Low,33.4,17.1,131.4,0.103,0.239,0.975,Moderate traffic flow - standard adaptive signal timing in effect
EVT401710,2026-02-18 16:51:15,Sports Fixture,J030,MG Road,23156,Weekday,False,Clear,False,0.0,False,False,0.795,Severe,17.4,63.7,485.2,0.29,0.669,0.935,Heavy congestion detected - signal timing extended and reroute suggested
EVT401711,2026-01-25 12:11:21,Sports Fixture,J011,Indiranagar 100ft Road,20872,Weekend,False,Clear,False,0.0,False,False,0.363,Moderate,24.9,23.2,114.4,0.084,0.194,0.957,Moderate traffic flow - standard adaptive signal timing in effect
EVT401712,2025-03-31 06:32:06,Fireworks Display,J020,Malleshwaram Circle,49794,Weekday,True,Clear,False,0.0,False,False,0.761,Severe,17.1,55.1,209.3,0.12,0.276,0.915,Festival crowd surge detected - alternate route and extended cycle recommended
EVT401713,2025-07-19 23:06:14,Local Market Day,J031,Cubbon Road,7488,Weekend,False,Clear,False,0.0,False,False,0.353,Moderate,24.2,23.1,193.0,0.119,0.274,0.974,Moderate traffic flow - standard adaptive signal timing in effect
EVT401714,2026-02-20 12:18:47,Concert,J009,Majestic,9357,Weekday,False,Clear,False,0.0,False,False,0.294,Low,28.7,21.0,217.1,0.147,0.34,0.985,Moderate traffic flow - standard adaptive signal timing in effect
EVT401715,2025-08-21 13:37:09,Sports Fixture,J040,City Market,19254,Weekday,False,Clear,False,0.0,False,False,0.248,Low,30.6,21.9,80.7,0.062,0.144,0.96,Normal free-flow traffic - standard signal timing maintained
EVT401716,2025-04-26 08:15:24,Concert,J030,MG Road,8856,Weekend,False,Clear,False,0.0,False,False,0.798,Severe,16.0,61.5,442.1,0.237,0.547,0.933,Heavy congestion detected - signal timing extended and reroute suggested
EVT401717,2025-10-03 12:30:04,Cultural Procession,J011,Indiranagar 100ft Road,31779,Weekday,True,Heavy Rain,True,29.9,False,True,0.942,Severe,10.2,91.5,549.2,0.245,0.566,0.762,Road closure for event/procession - full detour recommended for through-traffic
EVT401718,2025-04-03 12:39:31,Local Market Day,J030,MG Road,2025,Weekday,False,Clear,False,0.0,False,False,0.169,Low,40.0,11.2,94.9,0.1,0.231,0.965,Normal free-flow traffic - standard signal timing maintained
EVT401719,2025-06-13 09:16:03,Local Market Day,J011,Indiranagar 100ft Road,3927,Weekday,False,Clear,False,0.0,False,False,1.0,Severe,9.3,77.6,607.3,0.235,0.543,0.912,Heavy congestion detected - signal timing extended and reroute suggested
EVT401720,2025-01-14 06:48:22,Cultural Procession,J020,Malleshwaram Circle,19006,Weekday,True,Clear,False,0.0,False,True,0.92,Severe,9.3,100.7,394.6,0.149,0.343,0.858,Road closure for event/procession - full detour recommended for through-traffic
EVT401721,2025-10-27 08:39:42,Trade Fair,J040,City Market,7916,Weekday,False,Rain,True,23.2,False,False,1.0,Severe,10.0,70.7,239.4,0.096,0.223,0.862,Heavy rain reducing visibility and grip - reduced speed and longer buffer advised
EVT401722,2026-01-30 18:23:18,Concert,J012,Koramangala Sony World,9801,Weekday,False,Fog,False,0.0,False,False,1.0,Severe,8.4,73.0,253.9,0.102,0.236,0.898,Heavy congestion detected - signal timing extended and reroute suggested
EVT401723,2025-12-19 18:42:47,Political Rally,J009,Majestic,13202,Weekday,False,Clear,False,0.0,False,False,1.0,Severe,9.1,72.7,360.3,0.137,0.316,0.941,Heavy congestion detected - signal timing extended and reroute suggested
EVT401724,2025-07-06 10:28:00,Local Market Day,J011,Indiranagar 100ft Road,4479,Weekend,False,Clear,False,0.0,False,False,0.625,High,22.3,49.7,364.2,0.263,0.608,0.979,Moderate traffic flow - standard adaptive signal timing in effect
EVT401725,2026-05-29 13:35:56,Local Market Day,J011,Indiranagar 100ft Road,6406,Weekday,False,Clear,False,0.0,False,False,0.253,Low,33.2,21.3,183.1,0.174,0.403,0.957,Moderate traffic flow - standard adaptive signal timing in effect
EVT401726,2025-06-27 17:40:50,Sports Fixture,J030,MG Road,18992,Weekday,False,Rain,True,14.0,False,False,1.0,Severe,9.0,75.4,753.2,0.279,0.645,0.87,Heavy rain reducing visibility and grip - reduced speed and longer buffer advised
EVT401727,2026-05-21 20:22:28,Political Rally,J023,Basavanagudi,6778,Weekday,False,Heavy Rain,True,25.6,False,False,0.909,Severe,11.8,62.8,433.6,0.19,0.439,0.877,Heavy rain reducing visibility and grip - reduced speed and longer buffer advised
EVT401728,2025-11-28 17:44:54,Concert,J023,Basavanagudi,17928,Weekday,False,Light Rain,True,7.1,False,False,1.0,Severe,8.3,75.6,519.3,0.18,0.417,0.853,Heavy rain reducing visibility and grip - reduced speed and longer buffer advised
EVT401729,2026-03-22 19:57:37,Concert,J023,Basavanagudi,13066,Weekend,False,Clear,False,0.0,False,False,0.716,High,18.2,50.8,374.7,0.216,0.498,0.966,Moderate traffic flow - standard adaptive signal timing in effect
EVT401730,2025-06-08 07:25:22,Trade Fair,J011,Indiranagar 100ft Road,9315,Weekend,False,Fog,False,0.0,False,False,0.567,High,23.3,35.6,176.6,0.153,0.353,0.952,Moderate traffic flow - standard adaptive signal timing in effect
EVT401731,2025-10-02 06:42:23,Cultural Procession,J031,Cubbon Road,16881,Weekday,True,Clear,False,0.0,False,True,0.8,High,14.6,84.1,320.7,0.163,0.377,0.863,Road closure for event/procession - full detour recommended for through-traffic
EVT401732,2025-07-24 08:43:13,Concert,J011,Indiranagar 100ft Road,24150,Weekday,False,Clear,False,0.0,False,False,1.0,Severe,9.5,71.9,596.2,0.242,0.56,0.906,Heavy congestion detected - signal timing extended and reroute suggested
EVT401733,2025-01-05 22:37:28,Local Market Day,J012,Koramangala Sony World,5717,Weekend,False,Clear,False,0.0,False,False,0.322,Low,31.0,24.7,203.6,0.137,0.317,0.965,Moderate traffic flow - standard adaptive signal timing in effect
EVT401734,2025-08-26 07:45:20,Local Market Day,J040,City Market,1826,Weekday,False,Clear,False,0.0,False,False,0.679,High,19.6,50.8,348.9,0.216,0.498,0.94,Moderate traffic flow - standard adaptive signal timing in effect
EVT401735,2025-09-24 18:27:46,Trade Fair,J009,Majestic,12003,Weekday,False,Rain,True,14.4,False,False,1.0,Severe,7.2,72.8,610.8,0.167,0.386,0.861,Heavy rain reducing visibility and grip - reduced speed and longer buffer advised
EVT401736,2025-04-14 08:57:33,Fireworks Display,J040,City Market,22250,Weekday,True,Clear,False,0.0,False,False,1.0,Severe,8.8,79.9,283.6,0.099,0.229,0.863,Festival crowd surge detected - alternate route and extended cycle recommended
EVT401737,2025-03-04 19:46:57,Local Market Day,J031,Cubbon Road,12094,Weekday,False,Light Rain,True,4.8,False,False,0.919,Severe,12.4,62.6,472.9,0.222,0.513,0.869,Heavy rain reducing visibility and grip - reduced speed and longer buffer advised
EVT401738,2025-08-18 19:36:10,Trade Fair,J030,MG Road,11172,Weekday,False,Clear,False,0.0,False,False,0.924,Severe,11.4,61.7,653.1,0.272,0.628,0.943,Heavy congestion detected - signal timing extended and reroute suggested
EVT401739,2026-05-18 13:00:12,Local Market Day,J031,Cubbon Road,4251,Weekday,False,Heavy Rain,True,31.5,False,False,0.5,Moderate,23.1,38.9,159.2,0.13,0.3,0.939,Light rain detected - minor speed reduction advised
EVT401740,2025-03-31 14:01:34,Religious Festival,J031,Cubbon Road,32257,Weekday,True,Clear,False,0.0,False,True,0.704,High,16.1,65.2,446.6,0.216,0.499,0.874,Road closure for event/procession - full detour recommended for through-traffic
EVT401741,2026-05-21 16:23:27,Sports Fixture,J030,MG Road,30617,Weekday,False,Clear,False,0.0,False,False,0.673,High,20.7,45.8,242.4,0.167,0.387,0.97,Moderate traffic flow - standard adaptive signal timing in effect
EVT401742,2025-08-14 09:23:59,Concert,J023,Basavanagudi,10165,Weekday,False,Rain,True,19.4,False,False,1.0,Severe,7.8,69.4,508.3,0.162,0.375,0.864,Heavy rain reducing visibility and grip - reduced speed and longer buffer advised
EVT401743,2025-11-27 12:21:59,Local Market Day,J030,MG Road,5940,Weekday,False,Clear,False,0.0,False,False,0.208,Low,36.3,17.4,152.6,0.153,0.353,0.965,Normal free-flow traffic - standard signal timing maintained
EVT401744,2025-09-22 15:29:10,Local Market Day,J009,Majestic,5449,Weekday,False,Clear,False,0.0,False,False,0.264,Low,31.4,13.3,133.6,0.126,0.29,0.977,Moderate traffic flow - standard adaptive signal timing in effect
EVT401745,2026-03-02 21:30:08,Local Market Day,J020,Malleshwaram Circle,4668,Weekday,False,Clear,False,0.0,False,False,0.282,Low,34.8,21.5,152.0,0.148,0.343,0.99,Moderate traffic flow - standard adaptive signal timing in effect
EVT401746,2025-12-29 21:55:12,Concert,J023,Basavanagudi,10975,Weekday,False,Clear,False,0.0,False,False,0.288,Low,36.7,23.9,178.4,0.173,0.399,0.973,Moderate traffic flow - standard adaptive signal timing in effect
EVT401747,2025-10-21 17:45:41,Religious Festival,J011,Indiranagar 100ft Road,37462,Weekday,True,Light Rain,True,7.2,False,False,1.0,Severe,9.1,81.6,525.2,0.225,0.521,0.82,Festival crowd surge detected - alternate route and extended cycle recommended
EVT401748,2025-12-26 13:28:12,Cultural Procession,J012,Koramangala Sony World,21181,Weekday,True,Clear,False,0.0,False,False,0.502,Moderate,20.4,42.3,236.3,0.153,0.353,0.927,Festival crowd surge detected - alternate route and extended cycle recommended
EVT401749,2025-11-06 16:42:03,Local Market Day,J030,MG Road,2364,Weekday,False,Clear,False,0.0,False,False,0.579,High,17.6,39.9,368.4,0.204,0.47,0.973,Moderate traffic flow - standard adaptive signal timing in effect
EVT401750,2026-05-12 09:06:07,Local Market Day,J023,Basavanagudi,2787,Weekday,False,Clear,False,0.0,False,False,0.879,Severe,11.1,62.2,461.4,0.191,0.441,0.933,Heavy congestion detected - signal timing extended and reroute suggested
EVT401751,2025-10-27 11:38:11,Trade Fair,J012,Koramangala Sony World,17208,Weekday,False,Clear,False,0.0,False,False,0.356,Moderate,27.6,29.4,249.9,0.158,0.366,0.954,Moderate traffic flow - standard adaptive signal timing in effect
EVT401752,2026-03-06 19:51:11,Local Market Day,J023,Basavanagudi,3895,Weekday,False,Clear,False,0.0,False,False,0.766,Severe,13.8,53.7,283.0,0.146,0.338,0.965,Heavy congestion detected - signal timing extended and reroute suggested
EVT401753,2025-03-09 14:52:38,Local Market Day,J009,Majestic,3294,Weekend,False,Clear,False,0.0,False,False,0.269,Low,36.1,14.0,131.1,0.128,0.296,0.961,Moderate traffic flow - standard adaptive signal timing in effect
EVT401754,2025-01-04 19:42:37,Local Market Day,J012,Koramangala Sony World,2521,Weekend,False,Clear,False,0.0,False,False,0.679,High,19.6,49.3,300.2,0.197,0.455,0.984,Moderate traffic flow - standard adaptive signal timing in effect
EVT401755,2025-03-05 07:31:43,Sports Fixture,J009,Majestic,18840,Weekday,False,Clear,False,0.0,False,False,0.665,High,19.0,49.2,277.1,0.173,0.401,0.983,Moderate traffic flow - standard adaptive signal timing in effect
EVT401756,2025-12-20 14:37:17,Concert,J020,Malleshwaram Circle,17736,Weekend,False,Clear,False,0.0,False,False,0.322,Low,37.8,24.6,74.8,0.061,0.142,0.943,Moderate traffic flow - standard adaptive signal timing in effect
EVT401757,2026-05-12 18:00:37,Local Market Day,J030,MG Road,2964,Weekday,False,Clear,False,0.0,False,False,1.0,Severe,10.1,75.9,600.1,0.24,0.555,0.898,Heavy congestion detected - signal timing extended and reroute suggested
EVT401758,2025-06-29 20:40:57,Local Market Day,J009,Majestic,7202,Weekend,False,Clear,False,0.0,False,False,0.527,Moderate,23.7,34.6,210.9,0.124,0.287,0.976,Moderate traffic flow - standard adaptive signal timing in effect
EVT401759,2025-04-15 14:03:56,Religious Festival,J030,MG Road,56040,Weekday,True,Clear,False,0.0,False,False,0.729,High,19.0,48.4,235.2,0.136,0.314,0.908,Festival crowd surge detected - alternate route and extended cycle recommended
EVT401760,2026-04-06 09:52:08,Political Rally,J031,Cubbon Road,11723,Weekday,False,Light Rain,True,5.7,False,False,0.995,Severe,6.8,72.1,335.6,0.104,0.239,0.852,Heavy rain reducing visibility and grip - reduced speed and longer buffer advised
EVT401761,2026-06-15 05:10:57,Sports Fixture,J030,MG Road,35776,Weekday,False,Clear,False,0.0,False,False,0.293,Low,29.5,10.8,153.9,0.112,0.259,0.985,Moderate traffic flow - standard adaptive signal timing in effect
EVT401762,2025-07-20 08:57:28,Trade Fair,J040,City Market,5522,Weekend,False,Heavy Rain,True,37.0,False,False,1.0,Severe,8.7,67.9,401.8,0.147,0.34,0.86,Heavy rain reducing visibility and grip - reduced speed and longer buffer advised
EVT401763,2026-06-06 15:49:13,Trade Fair,J020,Malleshwaram Circle,17365,Weekend,False,Clear,False,0.0,False,False,0.463,Moderate,22.9,32.6,267.4,0.167,0.386,0.936,Moderate traffic flow - standard adaptive signal timing in effect
EVT401764,2026-02-23 07:37:52,Political Rally,J023,Basavanagudi,10829,Weekday,False,Clear,False,0.0,False,False,0.731,High,14.9,54.7,307.4,0.156,0.36,0.941,Moderate traffic flow - standard adaptive signal timing in effect
EVT401765,2026-02-10 19:28:31,Sports Fixture,J011,Indiranagar 100ft Road,30178,Weekday,False,Clear,False,0.0,False,False,1.0,Severe,8.2,71.0,766.1,0.262,0.606,0.922,Heavy congestion detected - signal timing extended and reroute suggested
EVT401766,2025-02-28 19:19:52,Sports Fixture,J012,Koramangala Sony World,16908,Weekday,False,Clear,False,0.0,False,False,0.98,Severe,11.5,74.9,456.2,0.193,0.446,0.951,Heavy congestion detected - signal timing extended and reroute suggested
EVT401767,2026-01-23 23:08:07,Local Market Day,J040,City Market,5238,Weekday,False,Clear,False,0.0,False,False,0.274,Low,27.8,18.4,148.1,0.093,0.216,0.977,Moderate traffic flow - standard adaptive signal timing in effect
EVT401768,2025-05-01 20:09:28,Religious Festival,J012,Koramangala Sony World,58374,Weekday,True,Clear,False,0.0,False,True,1.0,Severe,6.7,102.7,875.7,0.244,0.564,0.831,Road closure for event/procession - full detour recommended for through-traffic
EVT401769,2025-10-02 04:37:02,Fireworks Display,J023,Basavanagudi,24066,Weekday,True,Rain,True,18.2,False,False,0.759,Severe,17.9,55.2,319.0,0.202,0.467,0.86,Festival crowd surge detected - alternate route and extended cycle recommended
EVT401770,2026-01-11 18:54:59,Political Rally,J020,Malleshwaram Circle,9838,Weekend,False,Clear,False,0.0,False,False,0.897,Severe,13.7,66.8,459.3,0.221,0.511,0.937,Heavy congestion detected - signal timing extended and reroute suggested
EVT401771,2025-09-19 08:43:43,Political Rally,J012,Koramangala Sony World,18511,Weekday,False,Rain,True,10.2,False,False,1.0,Severe,6.1,70.3,866.3,0.222,0.513,0.868,Heavy rain reducing visibility and grip - reduced speed and longer buffer advised
EVT401772,2025-04-19 08:12:08,Concert,J011,Indiranagar 100ft Road,10166,Weekend,False,Clear,False,0.0,False,False,0.786,Severe,12.8,60.2,667.5,0.292,0.674,0.941,Heavy congestion detected - signal timing extended and reroute suggested
EVT401773,2026-03-21 17:20:55,Concert,J030,MG Road,8877,Weekend,False,Clear,False,0.0,False,False,0.746,High,17.7,48.6,326.5,0.185,0.428,0.961,Moderate traffic flow - standard adaptive signal timing in effect
EVT401774,2025-12-15 11:16:36,Local Market Day,J011,Indiranagar 100ft Road,7592,Weekday,False,Clear,False,0.0,False,False,0.367,Moderate,25.7,21.6,170.8,0.143,0.33,0.966,Moderate traffic flow - standard adaptive signal timing in effect
EVT401775,2025-06-03 10:40:53,Sports Fixture,J031,Cubbon Road,34052,Weekday,False,Clear,False,0.0,False,False,0.72,High,16.5,52.3,368.5,0.207,0.477,0.95,Moderate traffic flow - standard adaptive signal timing in effect
EVT401776,2026-01-28 09:06:00,Local Market Day,J031,Cubbon Road,2903,Weekday,False,Clear,False,0.0,False,False,1.0,Severe,8.2,74.7,496.5,0.164,0.38,0.946,Heavy congestion detected - signal timing extended and reroute suggested
EVT401777,2025-09-20 09:14:26,Trade Fair,J040,City Market,10609,Weekend,False,Clear,False,0.0,False,False,0.951,Severe,9.5,76.0,442.2,0.149,0.343,0.94,Heavy congestion detected - signal timing extended and reroute suggested
EVT401778,2025-06-23 09:37:51,Local Market Day,J012,Koramangala Sony World,3602,Weekday,False,Clear,False,0.0,False,False,0.938,Severe,13.1,63.6,293.2,0.151,0.349,0.921,Heavy congestion detected - signal timing extended and reroute suggested
EVT401779,2026-06-09 08:38:19,Trade Fair,J023,Basavanagudi,4093,Weekday,False,Rain,True,13.7,False,False,1.0,Severe,8.6,75.0,596.7,0.211,0.488,0.873,Heavy rain reducing visibility and grip - reduced speed and longer buffer advised
EVT401780,2026-03-29 19:56:34,Trade Fair,J040,City Market,9897,Weekend,False,Clear,False,0.0,False,False,0.673,High,18.2,50.2,149.3,0.079,0.183,0.981,Moderate traffic flow - standard adaptive signal timing in effect
EVT401781,2025-06-16 07:15:19,Local Market Day,J009,Majestic,5026,Weekday,False,Clear,False,0.0,False,False,0.525,Moderate,28.5,42.7,213.0,0.181,0.418,0.976,Moderate traffic flow - standard adaptive signal timing in effect
EVT401782,2025-10-06 16:51:26,Trade Fair,J031,Cubbon Road,12835,Weekday,False,Heavy Rain,True,35.0,False,False,1.0,Severe,9.4,61.1,510.2,0.189,0.436,0.875,Heavy rain reducing visibility and grip - reduced speed and longer buffer advised
EVT401783,2026-05-27 14:39:26,Sports Fixture,J040,City Market,15513,Weekday,False,Clear,False,0.0,False,False,0.33,Low,23.0,24.0,198.2,0.128,0.296,0.97,Moderate traffic flow - standard adaptive signal timing in effect
EVT401784,2026-01-27 15:12:48,Religious Festival,J011,Indiranagar 100ft Road,50936,Weekday,True,Clear,False,0.0,False,True,0.991,Severe,9.7,104.4,364.9,0.168,0.389,0.837,Road closure for event/procession - full detour recommended for through-traffic
EVT401785,2026-01-06 08:08:00,Sports Fixture,J023,Basavanagudi,12271,Weekday,False,Clear,False,0.0,False,False,0.951,Severe,11.5,70.4,360.1,0.176,0.407,0.909,Heavy congestion detected - signal timing extended and reroute suggested
EVT401786,2025-11-21 17:00:18,Trade Fair,J040,City Market,7300,Weekday,False,Clear,False,0.0,False,False,0.751,Severe,18.9,57.6,293.7,0.166,0.384,0.99,Heavy congestion detected - signal timing extended and reroute suggested
EVT401787,2025-02-13 11:24:56,Local Market Day,J011,Indiranagar 100ft Road,4043,Weekday,False,Clear,False,0.0,False,False,0.328,Low,32.7,18.1,149.8,0.142,0.328,0.945,Moderate traffic flow - standard adaptive signal timing in effect
EVT401788,2025-07-20 12:16:15,Sports Fixture,J009,Majestic,10958,Weekend,False,Heavy Rain,True,30.6,False,False,0.586,High,24.9,44.5,113.0,0.069,0.16,0.9,Heavy rain reducing visibility and grip - reduced speed and longer buffer advised
EVT401789,2025-05-23 22:32:27,Local Market Day,J030,MG Road,2155,Weekday,False,Clear,False,0.0,False,False,0.179,Low,31.8,8.8,77.3,0.061,0.14,0.962,Normal free-flow traffic - standard signal timing maintained
EVT401790,2025-12-13 17:52:50,Local Market Day,J011,Indiranagar 100ft Road,2954,Weekend,False,Clear,False,0.0,False,False,0.772,Severe,19.0,57.1,207.9,0.127,0.294,0.96,Heavy congestion detected - signal timing extended and reroute suggested
EVT401791,2025-01-15 22:50:46,Religious Festival,J012,Koramangala Sony World,31830,Weekday,True,Clear,False,0.0,False,True,0.646,Moderate,25.2,68.6,248.5,0.166,0.383,0.879,Road closure for event/procession - full detour recommended for through-traffic
EVT401792,2025-12-16 11:48:00,Concert,J030,MG Road,10339,Weekday,False,Clear,False,0.0,False,False,0.223,Low,38.1,16.1,139.3,0.127,0.293,0.978,Normal free-flow traffic - standard signal timing maintained
EVT401793,2025-03-16 19:40:11,Local Market Day,J031,Cubbon Road,6769,Weekend,False,Clear,False,0.0,False,False,0.706,High,18.1,46.5,223.2,0.136,0.314,0.99,Moderate traffic flow - standard adaptive signal timing in effect
EVT401794,2025-04-06 14:07:10,Fireworks Display,J040,City Market,24066,Weekend,True,Clear,False,0.0,False,False,0.637,High,22.2,37.4,167.1,0.102,0.236,0.904,Festival crowd surge detected - alternate route and extended cycle recommended
EVT401795,2025-03-09 16:16:55,Sports Fixture,J020,Malleshwaram Circle,20945,Weekend,False,Clear,False,0.0,False,False,0.595,High,25.7,38.5,145.1,0.107,0.246,0.963,Moderate traffic flow - standard adaptive signal timing in effect
EVT401796,2025-03-06 20:47:56,Trade Fair,J040,City Market,6506,Weekday,False,Clear,False,0.0,False,False,0.413,Moderate,29.5,27.6,118.8,0.078,0.179,0.988,Moderate traffic flow - standard adaptive signal timing in effect
EVT401797,2025-11-20 09:51:30,Local Market Day,J030,MG Road,2871,Weekday,False,Fog,False,0.0,False,False,0.835,Severe,16.1,61.6,264.7,0.143,0.329,0.949,Heavy congestion detected - signal timing extended and reroute suggested
EVT401798,2026-01-15 14:29:06,Cultural Procession,J040,City Market,7907,Weekday,True,Clear,False,0.0,False,True,0.586,Moderate,18.5,57.4,224.6,0.144,0.333,0.888,Road closure for event/procession - full detour recommended for through-traffic
EVT401799,2025-03-27 13:56:59,Local Market Day,J009,Majestic,7155,Weekday,False,Clear,False,0.0,False,False,0.202,Low,31.6,10.1,116.4,0.082,0.189,0.952,Normal free-flow traffic - standard signal timing maintained
EVT401800,2025-03-25 17:34:25,Sports Fixture,J040,City Market,11968,Weekday,False,Fog,False,0.0,False,False,0.98,Severe,8.1,69.3,568.4,0.2,0.462,0.902,Heavy congestion detected - signal timing extended and reroute suggested
EVT401801,2025-03-12 17:34:34,Concert,J020,Malleshwaram Circle,13639,Weekday,False,Clear,False,0.0,False,False,0.821,Severe,13.9,62.0,473.4,0.247,0.571,0.958,Heavy congestion detected - signal timing extended and reroute suggested
EVT401802,2025-08-02 11:56:10,Sports Fixture,J030,MG Road,18316,Weekend,False,Clear,False,0.0,False,False,0.313,Low,23.8,17.4,237.4,0.153,0.353,0.971,Moderate traffic flow - standard adaptive signal timing in effect
EVT401803,2025-04-15 12:38:29,Religious Festival,J009,Majestic,47156,Weekday,True,Clear,False,0.0,False,False,0.814,Severe,18.3,57.9,243.6,0.148,0.343,0.888,Festival crowd surge detected - alternate route and extended cycle recommended
EVT401804,2025-04-07 15:14:54,Religious Festival,J040,City Market,34964,Weekday,True,Clear,False,0.0,False,True,0.816,High,13.5,81.2,418.3,0.192,0.444,0.869,Road closure for event/procession - full detour recommended for through-traffic
EVT401805,2025-02-02 08:15:34,Concert,J031,Cubbon Road,7349,Weekend,False,Light Rain,True,3.0,False,False,0.851,Severe,15.2,60.1,378.8,0.21,0.484,0.908,Heavy rain reducing visibility and grip - reduced speed and longer buffer advised
EVT401806,2025-06-18 07:42:29,Local Market Day,J012,Koramangala Sony World,3933,Weekday,False,Rain,True,21.4,False,False,0.934,Severe,10.2,63.9,245.4,0.107,0.248,0.884,Heavy rain reducing visibility and grip - reduced speed and longer buffer advised
EVT401807,2025-10-14 19:36:03,Local Market Day,J040,City Market,4579,Weekday,False,Clear,False,0.0,False,False,0.866,Severe,11.9,56.2,349.6,0.164,0.379,0.944,Heavy congestion detected - signal timing extended and reroute suggested
EVT401808,2025-01-17 19:03:05,Trade Fair,J030,MG Road,15192,Weekday,False,Clear,False,0.0,False,False,1.0,Severe,10.2,64.5,501.3,0.211,0.487,0.913,Heavy congestion detected - signal timing extended and reroute suggested
EVT401809,2025-07-12 21:28:55,Local Market Day,J020,Malleshwaram Circle,4173,Weekend,False,Clear,False,0.0,False,False,0.386,Moderate,28.5,23.2,209.0,0.158,0.365,0.98,Moderate traffic flow - standard adaptive signal timing in effect
EVT401810,2026-04-07 13:36:00,Political Rally,J023,Basavanagudi,11686,Weekday,False,Clear,False,0.0,False,False,0.184,Low,35.6,11.0,163.3,0.153,0.354,0.987,Normal free-flow traffic - standard signal timing maintained
EVT401811,2025-03-07 10:52:34,Sports Fixture,J031,Cubbon Road,19484,Weekday,False,Clear,False,0.0,False,False,0.529,Moderate,20.5,36.3,201.9,0.129,0.297,0.97,Moderate traffic flow - standard adaptive signal timing in effect
EVT401812,2025-04-06 09:29:13,Cultural Procession,J011,Indiranagar 100ft Road,14685,Weekend,True,Rain,True,9.0,False,True,1.0,Severe,8.4,105.9,513.6,0.195,0.451,0.794,Road closure for event/procession - full detour recommended for through-traffic
EVT401813,2025-09-01 20:51:39,Sports Fixture,J030,MG Road,39927,Weekday,False,Rain,True,10.8,False,False,0.827,Severe,15.7,56.2,178.7,0.101,0.234,0.911,Heavy rain reducing visibility and grip - reduced speed and longer buffer advised
EVT401814,2025-05-12 18:01:30,Trade Fair,J009,Majestic,8539,Weekday,False,Light Rain,True,3.7,False,False,1.0,Severe,8.6,75.1,1043.8,0.356,0.823,0.864,Heavy rain reducing visibility and grip - reduced speed and longer buffer advised
EVT401815,2026-01-09 10:50:36,Local Market Day,J009,Majestic,3767,Weekday,False,Clear,False,0.0,False,False,0.496,Moderate,22.1,34.7,202.5,0.116,0.269,0.974,Moderate traffic flow - standard adaptive signal timing in effect
EVT401816,2026-03-10 20:49:03,Local Market Day,J009,Majestic,5256,Weekday,False,Light Rain,True,4.1,False,False,0.575,High,21.2,41.2,201.6,0.12,0.277,0.914,Heavy rain reducing visibility and grip - reduced speed and longer buffer advised
EVT401817,2025-09-01 15:31:04,Sports Fixture,J011,Indiranagar 100ft Road,29237,Weekday,False,Clear,False,0.0,False,False,0.54,Moderate,28.2,48.1,110.6,0.083,0.191,0.948,Moderate traffic flow - standard adaptive signal timing in effect
EVT401818,2026-01-22 06:47:13,Sports Fixture,J030,MG Road,17405,Weekday,False,Clear,False,0.0,False,False,0.531,Moderate,23.1,37.9,220.7,0.146,0.338,0.944,Moderate traffic flow - standard adaptive signal timing in effect
EVT401819,2025-04-06 12:50:04,Fireworks Display,J020,Malleshwaram Circle,17757,Weekend,True,Clear,False,0.0,False,False,0.532,Moderate,21.5,36.0,148.8,0.094,0.216,0.934,Festival crowd surge detected - alternate route and extended cycle recommended
EVT401820,2025-01-18 15:35:45,Local Market Day,J012,Koramangala Sony World,3051,Weekend,False,Clear,False,0.0,False,False,0.302,Low,30.9,20.4,202.3,0.173,0.401,0.972,Moderate traffic flow - standard adaptive signal timing in effect
EVT401821,2025-11-17 09:39:30,Sports Fixture,J040,City Market,35947,Weekday,False,Clear,False,0.0,False,False,1.0,Severe,7.1,69.5,732.6,0.213,0.492,0.914,Heavy congestion detected - signal timing extended and reroute suggested
EVT401822,2025-08-21 07:03:08,Sports Fixture,J020,Malleshwaram Circle,22710,Weekday,False,Heavy Rain,True,34.7,False,False,0.854,Severe,13.5,66.0,387.9,0.186,0.43,0.889,Heavy rain reducing visibility and grip - reduced speed and longer buffer advised
EVT401823,2026-01-18 18:09:51,Concert,J012,Koramangala Sony World,9126,Weekend,False,Clear,False,0.0,False,False,0.8,Severe,16.1,62.2,199.3,0.119,0.275,0.973,Heavy congestion detected - signal timing extended and reroute suggested
EVT401824,2025-08-27 14:10:37,Religious Festival,J020,Malleshwaram Circle,25611,Weekday,True,Clear,False,0.0,False,False,0.521,Moderate,22.4,44.8,231.3,0.169,0.39,0.893,Festival crowd surge detected - alternate route and extended cycle recommended
EVT401825,2025-04-14 15:23:55,Cultural Procession,J040,City Market,24112,Weekday,True,Fog,False,0.0,False,True,0.872,High,10.3,97.5,378.9,0.146,0.337,0.874,Road closure for event/procession - full detour recommended for through-traffic
EVT401826,2026-05-28 14:15:18,Trade Fair,J031,Cubbon Road,11452,Weekday,False,Clear,False,0.0,False,False,0.312,Low,28.4,23.0,94.9,0.076,0.176,0.947,Moderate traffic flow - standard adaptive signal timing in effect
EVT401827,2025-10-12 20:59:52,Political Rally,J023,Basavanagudi,18965,Weekend,False,Clear,False,0.0,False,False,0.516,Moderate,28.2,37.7,135.0,0.112,0.258,0.969,Moderate traffic flow - standard adaptive signal timing in effect
EVT401828,2025-01-26 19:13:56,Religious Festival,J009,Majestic,72414,Weekend,True,Clear,False,0.0,False,False,1.0,Severe,7.9,68.9,456.2,0.137,0.317,0.88,Festival crowd surge detected - alternate route and extended cycle recommended
EVT401829,2025-06-23 18:37:41,Local Market Day,J030,MG Road,2921,Weekday,False,Rain,True,8.0,False,False,1.0,Severe,9.9,66.4,522.5,0.193,0.447,0.878,Heavy rain reducing visibility and grip - reduced speed and longer buffer advised
EVT401830,2025-01-02 18:55:58,Concert,J020,Malleshwaram Circle,13192,Weekday,False,Clear,False,0.0,False,False,1.0,Severe,8.8,69.7,370.9,0.133,0.308,0.927,Heavy congestion detected - signal timing extended and reroute suggested
EVT401831,2025-09-10 14:34:12,Local Market Day,J040,City Market,3089,Weekday,False,Heavy Rain,True,31.4,False,False,0.594,High,27.0,44.4,147.1,0.127,0.292,0.912,Heavy rain reducing visibility and grip - reduced speed and longer buffer advised
EVT401832,2026-02-19 22:10:52,Concert,J030,MG Road,13811,Weekday,False,Clear,False,0.0,False,False,0.263,Low,24.0,9.7,195.0,0.132,0.306,0.963,Moderate traffic flow - standard adaptive signal timing in effect
EVT401833,2026-02-24 14:32:10,Trade Fair,J011,Indiranagar 100ft Road,7182,Weekday,False,Clear,False,0.0,False,False,0.182,Low,31.7,10.4,186.7,0.165,0.38,0.96,Normal free-flow traffic - standard signal timing maintained
EVT401834,2025-12-24 23:12:09,Sports Fixture,J020,Malleshwaram Circle,19052,Weekday,False,Clear,False,0.0,False,False,0.31,Low,33.9,21.4,142.3,0.127,0.293,0.975,Moderate traffic flow - standard adaptive signal timing in effect
EVT401835,2026-04-09 17:44:15,Local Market Day,J020,Malleshwaram Circle,5149,Weekday,False,Clear,False,0.0,False,False,0.882,Severe,13.6,60.6,152.3,0.07,0.161,0.949,Heavy congestion detected - signal timing extended and reroute suggested
EVT401836,2025-07-15 08:45:46,Political Rally,J040,City Market,26460,Weekday,False,Clear,False,0.0,False,False,1.0,Severe,7.8,78.3,770.6,0.25,0.576,0.908,Heavy congestion detected - signal timing extended and reroute suggested
EVT401837,2025-08-20 18:24:01,Trade Fair,J011,Indiranagar 100ft Road,8658,Weekday,False,Rain,True,9.4,False,False,1.0,Severe,8.9,65.2,338.9,0.125,0.29,0.862,Heavy rain reducing visibility and grip - reduced speed and longer buffer advised
EVT401838,2025-12-16 09:29:05,Concert,J009,Majestic,15913,Weekday,False,Clear,False,0.0,False,False,1.0,Severe,10.3,72.4,515.1,0.221,0.51,0.907,Heavy congestion detected - signal timing extended and reroute suggested
EVT401839,2025-09-18 14:17:59,Concert,J040,City Market,17793,Weekday,False,Heavy Rain,True,48.4,False,False,0.655,High,16.0,39.7,203.5,0.102,0.235,0.917,Heavy rain reducing visibility and grip - reduced speed and longer buffer advised
EVT401840,2025-03-09 17:36:53,Trade Fair,J040,City Market,5258,Weekend,False,Clear,False,0.0,False,False,0.749,High,12.0,58.9,395.4,0.173,0.399,0.946,Moderate traffic flow - standard adaptive signal timing in effect
EVT401841,2025-05-18 08:11:24,Sports Fixture,J040,City Market,11802,Weekend,False,Clear,False,0.0,False,False,0.858,Severe,11.3,60.6,834.7,0.346,0.799,0.93,Heavy congestion detected - signal timing extended and reroute suggested
EVT401842,2025-05-25 22:42:04,Local Market Day,J020,Malleshwaram Circle,4942,Weekend,False,Clear,False,0.0,False,False,0.239,Low,32.2,17.2,144.8,0.128,0.296,0.954,Normal free-flow traffic - standard signal timing maintained
EVT401843,2025-11-23 15:14:25,Trade Fair,J023,Basavanagudi,6347,Weekend,False,Rain,True,14.6,False,False,0.469,Moderate,23.8,34.7,202.3,0.146,0.338,0.891,Light rain detected - minor speed reduction advised
EVT401844,2025-09-18 19:52:24,Trade Fair,J031,Cubbon Road,6016,Weekday,False,Clear,False,0.0,False,False,0.783,Severe,13.1,61.3,193.0,0.105,0.243,0.96,Heavy congestion detected - signal timing extended and reroute suggested
EVT401845,2025-10-18 16:20:51,Local Market Day,J011,Indiranagar 100ft Road,6947,Weekend,False,Fog,False,0.0,False,False,0.533,Moderate,25.8,47.3,151.8,0.12,0.277,0.964,Moderate traffic flow - standard adaptive signal timing in effect
EVT401846,2025-03-31 16:50:53,Cultural Procession,J040,City Market,17504,Weekday,True,Fog,False,0.0,False,False,0.885,Severe,9.5,61.5,640.1,0.234,0.54,0.89,Festival crowd surge detected - alternate route and extended cycle recommended
EVT401847,2025-09-28 11:16:05,Sports Fixture,J012,Koramangala Sony World,19749,Weekend,False,Clear,False,0.0,False,False,0.562,High,24.1,38.7,182.5,0.133,0.308,0.972,Moderate traffic flow - standard adaptive signal timing in effect
EVT401848,2025-11-04 13:21:53,Sports Fixture,J031,Cubbon Road,26351,Weekday,False,Clear,False,0.0,False,False,0.339,Low,26.6,23.7,180.8,0.134,0.31,0.99,Moderate traffic flow - standard adaptive signal timing in effect
EVT401849,2025-09-06 09:54:00,Cultural Procession,J040,City Market,12988,Weekend,True,Rain,True,8.1,False,True,1.0,Severe,8.0,94.7,563.7,0.192,0.443,0.783,Road closure for event/procession - full detour recommended for through-traffic
EVT401850,2025-11-22 00:59:01,Trade Fair,J012,Koramangala Sony World,7843,Weekend,False,Clear,False,0.0,False,False,0.357,Moderate,33.1,21.6,129.3,0.125,0.289,0.961,Moderate traffic flow - standard adaptive signal timing in effect
EVT401851,2026-01-12 19:36:28,Political Rally,J009,Majestic,12364,Weekday,False,Clear,False,0.0,False,False,0.911,Severe,11.3,65.1,593.4,0.248,0.572,0.904,Heavy congestion detected - signal timing extended and reroute suggested
EVT401852,2026-01-19 15:59:43,Local Market Day,J009,Majestic,1934,Weekday,False,Clear,False,0.0,False,False,0.391,Moderate,29.6,28.7,211.1,0.174,0.402,0.966,Moderate traffic flow - standard adaptive signal timing in effect
EVT401853,2025-02-15 11:46:40,Local Market Day,J011,Indiranagar 100ft Road,3618,Weekend,False,Clear,False,0.0,False,False,0.212,Low,32.8,24.4,174.9,0.151,0.348,0.951,Normal free-flow traffic - standard signal timing maintained
EVT401854,2025-02-16 17:11:13,Political Rally,J023,Basavanagudi,17526,Weekend,False,Clear,False,0.0,False,False,0.763,Severe,15.9,57.2,186.6,0.101,0.232,0.946,Heavy congestion detected - signal timing extended and reroute suggested
EVT401855,2026-03-15 09:31:39,Concert,J020,Malleshwaram Circle,17113,Weekend,False,Clear,False,0.0,False,False,0.863,Severe,12.6,63.4,338.2,0.149,0.344,0.968,Heavy congestion detected - signal timing extended and reroute suggested
EVT401856,2025-11-06 14:30:34,Local Market Day,J012,Koramangala Sony World,4427,Weekday,False,Light Rain,True,6.2,False,False,0.247,Low,29.5,15.3,171.9,0.131,0.301,0.902,Light rain detected - minor speed reduction advised
EVT401857,2025-02-12 21:37:01,Sports Fixture,J030,MG Road,15480,Weekday,False,Clear,False,0.0,False,False,0.389,Moderate,28.5,27.8,195.7,0.189,0.437,0.983,Moderate traffic flow - standard adaptive signal timing in effect
EVT401858,2026-02-04 19:53:54,Local Market Day,J012,Koramangala Sony World,2440,Weekday,False,Clear,False,0.0,False,False,0.726,High,15.5,52.6,344.8,0.188,0.435,0.988,Moderate traffic flow - standard adaptive signal timing in effect
EVT401859,2025-12-05 11:24:01,Concert,J011,Indiranagar 100ft Road,15169,Weekday,False,Clear,False,0.0,False,False,0.475,Moderate,29.9,35.4,191.9,0.179,0.414,0.967,Moderate traffic flow - standard adaptive signal timing in effect
EVT401860,2026-01-09 10:59:57,Concert,J011,Indiranagar 100ft Road,8126,Weekday,False,Clear,False,0.0,False,False,0.451,Moderate,21.0,31.8,241.9,0.169,0.389,0.97,Moderate traffic flow - standard adaptive signal timing in effect
EVT401861,2026-04-13 17:04:54,Local Market Day,J011,Indiranagar 100ft Road,6109,Weekday,False,Clear,False,0.0,False,False,0.769,Severe,13.6,58.5,322.9,0.171,0.395,0.96,Heavy congestion detected - signal timing extended and reroute suggested
EVT401862,2026-02-08 07:26:59,Sports Fixture,J040,City Market,26605,Weekend,False,Clear,False,0.0,False,False,0.695,High,15.3,48.5,415.1,0.225,0.52,0.974,Moderate traffic flow - standard adaptive signal timing in effect
EVT401863,2025-02-14 19:26:14,Concert,J030,MG Road,26516,Weekday,False,Clear,False,0.0,False,False,1.0,Severe,7.1,78.4,841.9,0.238,0.55,0.925,Heavy congestion detected - signal timing extended and reroute suggested
EVT401864,2025-04-14 05:40:49,Religious Festival,J040,City Market,32411,Weekday,True,Clear,False,0.0,False,True,0.742,High,20.7,69.9,291.4,0.178,0.412,0.853,Road closure for event/procession - full detour recommended for through-traffic
EVT401865,2026-05-30 20:54:02,Sports Fixture,J009,Majestic,18358,Weekend,False,Rain,True,17.2,False,False,0.778,Severe,19.6,53.6,383.9,0.244,0.564,0.919,Heavy rain reducing visibility and grip - reduced speed and longer buffer advised
EVT401866,2025-09-12 19:16:08,Concert,J040,City Market,25366,Weekday,False,Rain,True,16.3,False,False,1.0,Severe,8.2,76.1,602.4,0.192,0.443,0.861,Heavy rain reducing visibility and grip - reduced speed and longer buffer advised
EVT401867,2025-12-10 08:04:33,Local Market Day,J040,City Market,3413,Weekday,False,Clear,False,0.0,False,False,0.853,Severe,8.8,63.2,380.8,0.157,0.363,0.936,Heavy congestion detected - signal timing extended and reroute suggested
EVT401868,2025-09-08 11:20:12,Concert,J040,City Market,17436,Weekday,False,Heavy Rain,True,45.1,False,False,0.804,Severe,12.5,55.9,484.0,0.218,0.503,0.909,Heavy rain reducing visibility and grip - reduced speed and longer buffer advised
EVT401869,2025-09-11 12:14:32,Sports Fixture,J023,Basavanagudi,13417,Weekday,False,Clear,False,0.0,False,False,0.279,Low,30.8,15.2,117.7,0.1,0.232,0.981,Moderate traffic flow - standard adaptive signal timing in effect
EVT401870,2025-07-07 12:06:59,Concert,J023,Basavanagudi,15496,Weekday,False,Clear,False,0.0,False,False,0.176,Low,33.1,11.6,135.1,0.114,0.264,0.977,Normal free-flow traffic - standard signal timing maintained
EVT401871,2025-01-30 17:06:41,Sports Fixture,J030,MG Road,15648,Weekday,False,Clear,False,0.0,False,False,0.81,Severe,15.4,58.4,412.2,0.237,0.548,0.939,Heavy congestion detected - signal timing extended and reroute suggested
EVT401872,2025-10-08 19:11:30,Trade Fair,J020,Malleshwaram Circle,10557,Weekday,False,Clear,False,0.0,False,False,1.0,Severe,7.6,75.6,295.8,0.091,0.211,0.927,Heavy congestion detected - signal timing extended and reroute suggested
EVT401873,2025-06-15 17:17:23,Local Market Day,J020,Malleshwaram Circle,4836,Weekend,False,Clear,False,0.0,False,False,0.75,Severe,16.8,49.8,197.4,0.108,0.249,0.987,Heavy congestion detected - signal timing extended and reroute suggested
EVT401874,2025-08-04 17:14:55,Local Market Day,J020,Malleshwaram Circle,3318,Weekday,False,Light Rain,True,2.6,False,False,0.803,Severe,15.3,60.0,370.2,0.207,0.478,0.867,Heavy rain reducing visibility and grip - reduced speed and longer buffer advised
EVT401875,2025-09-25 19:12:11,Concert,J040,City Market,31961,Weekday,False,Clear,False,0.0,False,False,1.0,Severe,7.6,67.0,1009.7,0.318,0.734,0.901,Heavy congestion detected - signal timing extended and reroute suggested
EVT401876,2025-12-26 20:03:25,Religious Festival,J009,Majestic,61170,Weekday,True,Clear,False,0.0,False,True,1.0,Severe,9.3,92.6,400.3,0.171,0.395,0.821,Road closure for event/procession - full detour recommended for through-traffic
EVT401877,2026-01-19 21:39:56,Concert,J011,Indiranagar 100ft Road,14974,Weekday,False,Clear,False,0.0,False,False,0.346,Low,30.9,20.5,87.0,0.075,0.173,0.966,Moderate traffic flow - standard adaptive signal timing in effect
EVT401878,2025-12-08 13:20:41,Local Market Day,J040,City Market,4717,Weekday,False,Clear,False,0.0,False,False,0.254,Low,25.4,20.5,251.8,0.141,0.327,0.98,Moderate traffic flow - standard adaptive signal timing in effect
EVT401879,2025-04-06 06:25:51,Fireworks Display,J011,Indiranagar 100ft Road,27691,Weekend,True,Fog,False,0.0,False,False,0.655,High,26.2,47.8,182.0,0.16,0.369,0.887,Festival crowd surge detected - alternate route and extended cycle recommended
EVT401880,2026-05-03 07:43:41,Sports Fixture,J031,Cubbon Road,20503,Weekend,False,Rain,True,12.4,False,False,0.859,Severe,14.2,62.9,487.3,0.252,0.581,0.904,Heavy rain reducing visibility and grip - reduced speed and longer buffer advised
EVT401881,2025-05-04 09:23:32,Concert,J012,Koramangala Sony World,13335,Weekend,False,Rain,True,8.3,False,False,1.0,Severe,8.2,74.6,244.2,0.085,0.197,0.866,Heavy rain reducing visibility and grip - reduced speed and longer buffer advised
EVT401882,2025-11-26 07:06:38,Trade Fair,J020,Malleshwaram Circle,5664,Weekday,False,Clear,False,0.0,False,False,0.523,Moderate,21.6,35.6,110.9,0.09,0.209,0.969,Moderate traffic flow - standard adaptive signal timing in effect
EVT401883,2025-09-05 13:13:31,Religious Festival,J012,Koramangala Sony World,35643,Weekday,True,Clear,False,0.0,False,True,0.734,High,18.3,76.0,244.7,0.157,0.363,0.871,Road closure for event/procession - full detour recommended for through-traffic
EVT401884,2025-11-15 08:29:23,Concert,J031,Cubbon Road,11322,Weekend,False,Clear,False,0.0,False,False,0.907,Severe,10.1,63.9,430.3,0.174,0.403,0.926,Heavy congestion detected - signal timing extended and reroute suggested
EVT401885,2025-12-13 11:09:02,Concert,J011,Indiranagar 100ft Road,17311,Weekend,False,Clear,False,0.0,False,False,0.546,Moderate,23.4,39.3,198.5,0.131,0.303,0.975,Moderate traffic flow - standard adaptive signal timing in effect
EVT401886,2025-12-09 17:56:04,Local Market Day,J020,Malleshwaram Circle,3165,Weekday,False,Clear,False,0.0,False,False,1.0,Severe,9.1,67.4,388.9,0.189,0.436,0.925,Heavy congestion detected - signal timing extended and reroute suggested
EVT401887,2025-04-24 17:11:41,Trade Fair,J023,Basavanagudi,16334,Weekday,False,Clear,False,0.0,False,False,0.824,Severe,12.5,61.8,137.1,0.073,0.168,0.949,Heavy congestion detected - signal timing extended and reroute suggested
EVT401888,2026-03-27 07:23:19,Cultural Procession,J009,Majestic,14901,Weekday,True,Clear,False,0.0,False,False,0.741,High,14.5,45.7,411.1,0.22,0.509,0.908,Festival crowd surge detected - alternate route and extended cycle recommended
EVT401889,2025-12-27 09:51:43,Sports Fixture,J023,Basavanagudi,13646,Weekend,False,Clear,False,0.0,False,False,0.867,Severe,10.6,60.6,480.1,0.193,0.445,0.924,Heavy congestion detected - signal timing extended and reroute suggested
EVT401890,2025-08-11 09:54:09,Trade Fair,J020,Malleshwaram Circle,10274,Weekday,False,Light Rain,True,6.8,False,False,1.0,Severe,7.5,74.3,570.8,0.194,0.448,0.878,Heavy rain reducing visibility and grip - reduced speed and longer buffer advised
EVT401891,2025-08-21 08:39:27,Concert,J020,Malleshwaram Circle,10722,Weekday,False,Heavy Rain,True,45.4,True,False,1.0,Severe,8.1,75.3,448.8,0.143,0.331,0.704,Accident detected nearby - reroute and reduced speed advised
EVT401892,2025-11-18 11:26:13,Political Rally,J023,Basavanagudi,11553,Weekday,False,Rain,True,8.1,False,False,0.533,Moderate,24.6,41.6,140.3,0.117,0.271,0.931,Light rain detected - minor speed reduction advised
EVT401893,2025-08-26 16:45:16,Political Rally,J031,Cubbon Road,16105,Weekday,False,Rain,True,11.1,False,False,0.828,Severe,13.5,59.4,276.4,0.147,0.341,0.912,Heavy rain reducing visibility and grip - reduced speed and longer buffer advised
EVT401894,2025-04-02 16:12:12,Local Market Day,J012,Koramangala Sony World,5827,Weekday,False,Clear,False,0.0,False,False,0.458,Moderate,21.8,29.5,256.4,0.163,0.376,0.965,Moderate traffic flow - standard adaptive signal timing in effect
EVT401895,2025-11-15 10:31:13,Local Market Day,J020,Malleshwaram Circle,4275,Weekend,False,Clear,False,0.0,False,False,0.572,High,21.2,41.2,202.3,0.133,0.307,0.985,Moderate traffic flow - standard adaptive signal timing in effect
EVT401896,2025-05-13 09:07:42,Local Market Day,J009,Majestic,5546,Weekday,False,Clear,False,0.0,False,False,1.0,Severe,8.2,75.4,438.0,0.16,0.37,0.9,Heavy congestion detected - signal timing extended and reroute suggested
EVT401897,2025-06-07 16:41:03,Concert,J009,Majestic,8541,Weekend,False,Clear,False,0.0,False,False,0.575,High,24.2,42.3,252.6,0.21,0.486,0.967,Moderate traffic flow - standard adaptive signal timing in effect
EVT401898,2025-03-30 12:10:18,Religious Festival,J040,City Market,50622,Weekend,True,Clear,False,0.0,False,True,0.862,High,12.0,84.1,453.0,0.214,0.494,0.843,Road closure for event/procession - full detour recommended for through-traffic
EVT401899,2025-04-02 09:15:38,Sports Fixture,J031,Cubbon Road,20244,Weekday,False,Clear,False,0.0,False,False,1.0,Severe,8.7,73.8,364.3,0.13,0.299,0.91,Heavy congestion detected - signal timing extended and reroute suggested
EVT401900,2025-11-03 13:02:06,Concert,J020,Malleshwaram Circle,11229,Weekday,False,Clear,False,0.0,False,False,0.265,Low,30.7,20.2,166.4,0.155,0.358,0.959,Moderate traffic flow - standard adaptive signal timing in effect
EVT401901,2026-06-29 07:37:27,Sports Fixture,J023,Basavanagudi,12066,Weekday,False,Clear,False,0.0,False,False,0.66,High,18.3,49.8,119.5,0.059,0.137,0.971,Moderate traffic flow - standard adaptive signal timing in effect
EVT401902,2025-07-31 19:17:33,Political Rally,J040,City Market,23470,Weekday,False,Rain,True,19.8,False,False,1.0,Severe,7.1,67.8,562.0,0.169,0.39,0.863,Heavy rain reducing visibility and grip - reduced speed and longer buffer advised
EVT401903,2025-10-22 10:55:32,Fireworks Display,J023,Basavanagudi,12210,Weekday,True,Clear,False,0.0,False,False,0.722,High,17.9,51.8,396.6,0.226,0.523,0.914,Festival crowd surge detected - alternate route and extended cycle recommended
EVT401904,2026-02-03 09:10:30,Local Market Day,J011,Indiranagar 100ft Road,2956,Weekday,False,Clear,False,0.0,False,False,1.0,Severe,8.8,70.8,478.3,0.156,0.36,0.919,Heavy congestion detected - signal timing extended and reroute suggested
EVT401905,2026-03-04 13:28:52,Cultural Procession,J031,Cubbon Road,29236,Weekday,True,Clear,False,0.0,False,True,0.669,Moderate,18.4,61.0,203.7,0.131,0.303,0.884,Road closure for event/procession - full detour recommended for through-traffic
EVT401906,2025-01-31 18:48:38,Sports Fixture,J023,Basavanagudi,23004,Weekday,False,Clear,False,0.0,False,False,1.0,Severe,7.3,77.7,360.2,0.117,0.271,0.906,Heavy congestion detected - signal timing extended and reroute suggested
EVT401907,2026-06-27 12:31:23,Local Market Day,J009,Majestic,4916,Weekend,False,Clear,False,0.0,False,False,0.289,Low,31.2,24.2,286.7,0.235,0.543,0.971,Moderate traffic flow - standard adaptive signal timing in effect
EVT401908,2026-01-12 10:29:49,Local Market Day,J040,City Market,3169,Weekday,False,Clear,False,0.0,False,False,0.568,High,22.0,37.9,145.2,0.096,0.222,0.975,Moderate traffic flow - standard adaptive signal timing in effect
EVT401909,2025-03-04 16:10:50,Political Rally,J011,Indiranagar 100ft Road,6821,Weekday,False,Clear,False,0.0,False,False,0.444,Moderate,26.4,28.0,210.4,0.152,0.352,0.987,Moderate traffic flow - standard adaptive signal timing in effect
EVT401910,2025-05-15 08:40:36,Trade Fair,J011,Indiranagar 100ft Road,8980,Weekday,False,Clear,False,0.0,False,False,1.0,Severe,6.2,71.5,694.1,0.195,0.451,0.903,Heavy congestion detected - signal timing extended and reroute suggested
EVT401911,2025-08-25 07:14:59,Local Market Day,J023,Basavanagudi,5106,Weekday,False,Heavy Rain,True,28.0,False,False,0.768,Severe,16.1,53.4,340.5,0.187,0.431,0.929,Heavy rain reducing visibility and grip - reduced speed and longer buffer advised
EVT401912,2025-11-11 20:25:11,Political Rally,J011,Indiranagar 100ft Road,13981,Weekday,False,Fog,False,0.0,False,False,0.681,High,19.5,50.7,317.2,0.199,0.46,0.973,Moderate traffic flow - standard adaptive signal timing in effect
EVT401913,2026-03-20 16:27:37,Fireworks Display,J011,Indiranagar 100ft Road,20217,Weekday,True,Clear,False,0.0,False,False,0.939,Severe,6.9,68.3,632.1,0.176,0.406,0.895,Festival crowd surge detected - alternate route and extended cycle recommended
EVT401914,2025-06-15 15:20:23,Trade Fair,J030,MG Road,3914,Weekend,False,Clear,False,0.0,False,False,0.343,Low,33.0,21.6,140.4,0.143,0.331,0.99,Moderate traffic flow - standard adaptive signal timing in effect
EVT401915,2025-06-12 14:00:04,Political Rally,J012,Koramangala Sony World,18046,Weekday,False,Clear,False,0.0,False,False,0.2,Low,43.7,13.3,63.4,0.064,0.149,0.979,Normal free-flow traffic - standard signal timing maintained
EVT401916,2026-03-02 18:59:55,Local Market Day,J011,Indiranagar 100ft Road,3888,Weekday,False,Clear,False,0.0,False,False,0.973,Severe,9.0,66.4,399.8,0.16,0.369,0.919,Heavy congestion detected - signal timing extended and reroute suggested
EVT401917,2025-02-05 08:04:01,Local Market Day,J040,City Market,2819,Weekday,False,Clear,False,0.0,False,False,0.768,Severe,16.6,56.6,174.9,0.109,0.252,0.952,Heavy congestion detected - signal timing extended and reroute suggested
EVT401918,2025-04-30 09:05:57,Trade Fair,J031,Cubbon Road,10846,Weekday,False,Clear,False,0.0,False,False,1.0,Severe,8.0,76.5,745.2,0.239,0.552,0.904,Heavy congestion detected - signal timing extended and reroute suggested
EVT401919,2025-05-23 17:52:24,Local Market Day,J009,Majestic,4054,Weekday,False,Clear,False,0.0,False,False,0.902,Severe,10.9,67.0,463.9,0.221,0.51,0.936,Heavy congestion detected - signal timing extended and reroute suggested
EVT401920,2026-06-27 08:40:13,Concert,J031,Cubbon Road,13032,Weekend,False,Clear,False,0.0,False,False,0.807,Severe,10.9,57.0,333.4,0.162,0.375,0.957,Heavy congestion detected - signal timing extended and reroute suggested
EVT401921,2026-05-25 21:37:40,Concert,J020,Malleshwaram Circle,11008,Weekday,False,Clear,False,0.0,False,False,0.351,Moderate,30.4,30.8,184.3,0.157,0.363,0.955,Moderate traffic flow - standard adaptive signal timing in effect
EVT401922,2026-03-25 12:53:26,Local Market Day,J023,Basavanagudi,3481,Weekday,False,Clear,False,0.0,False,False,0.283,Low,33.5,29.0,203.9,0.178,0.412,0.969,Moderate traffic flow - standard adaptive signal timing in effect
EVT401923,2025-10-27 18:37:46,Trade Fair,J011,Indiranagar 100ft Road,8578,Weekday,False,Clear,False,0.0,False,False,1.0,Severe,8.2,70.7,458.5,0.172,0.397,0.914,Heavy congestion detected - signal timing extended and reroute suggested
EVT401924,2025-03-20 16:46:46,Concert,J009,Majestic,13945,Weekday,False,Clear,False,0.0,False,False,0.824,Severe,14.0,62.1,248.5,0.113,0.26,0.963,Heavy congestion detected - signal timing extended and reroute suggested
EVT401925,2025-10-10 18:50:15,Political Rally,J031,Cubbon Road,10988,Weekday,False,Clear,False,0.0,False,False,1.0,Severe,9.4,70.8,358.4,0.135,0.312,0.924,Heavy congestion detected - signal timing extended and reroute suggested
EVT401926,2025-09-14 17:02:16,Sports Fixture,J031,Cubbon Road,19476,Weekend,False,Clear,False,0.0,False,False,0.74,High,16.4,55.2,355.4,0.189,0.438,0.957,Moderate traffic flow - standard adaptive signal timing in effect
EVT401927,2025-11-22 09:04:51,Sports Fixture,J011,Indiranagar 100ft Road,20782,Weekend,False,Clear,False,0.0,False,False,0.906,Severe,11.0,59.8,348.1,0.181,0.419,0.934,Heavy congestion detected - signal timing extended and reroute suggested
EVT401928,2026-03-13 06:54:38,Concert,J040,City Market,9731,Weekday,False,Clear,False,0.0,False,False,0.5,Moderate,21.6,31.6,240.0,0.154,0.355,0.95,Moderate traffic flow - standard adaptive signal timing in effect
EVT401929,2025-04-19 12:22:49,Concert,J020,Malleshwaram Circle,7858,Weekend,False,Clear,False,0.0,False,False,0.352,Moderate,27.6,26.5,195.4,0.138,0.32,0.973,Moderate traffic flow - standard adaptive signal timing in effect
EVT401930,2026-02-27 17:18:18,Local Market Day,J031,Cubbon Road,2449,Weekday,False,Clear,False,0.0,False,False,0.803,Severe,14.4,50.9,306.5,0.141,0.326,0.951,Heavy congestion detected - signal timing extended and reroute suggested
EVT401931,2025-12-10 16:39:18,Political Rally,J011,Indiranagar 100ft Road,11953,Weekday,False,Clear,False,0.0,False,False,0.684,High,21.5,48.8,257.9,0.169,0.39,0.952,Moderate traffic flow - standard adaptive signal timing in effect
EVT401932,2025-05-09 14:57:31,Political Rally,J030,MG Road,25673,Weekday,False,Fog,False,0.0,False,False,0.246,Low,32.3,11.8,139.2,0.119,0.275,0.975,Normal free-flow traffic - standard signal timing maintained
EVT401933,2025-11-18 06:54:09,Sports Fixture,J011,Indiranagar 100ft Road,13995,Weekday,False,Light Rain,True,4.1,False,False,0.581,High,20.2,43.9,220.4,0.108,0.25,0.911,Heavy rain reducing visibility and grip - reduced speed and longer buffer advised
EVT401934,2026-06-18 17:06:17,Sports Fixture,J031,Cubbon Road,16535,Weekday,False,Clear,False,0.0,False,False,0.869,Severe,13.8,58.6,413.2,0.206,0.476,0.932,Heavy congestion detected - signal timing extended and reroute suggested
EVT401935,2026-02-04 01:32:49,Concert,J030,MG Road,15355,Weekday,False,Clear,False,0.0,False,False,0.22,Low,33.9,14.5,141.8,0.118,0.273,0.978,Normal free-flow traffic - standard signal timing maintained
EVT401936,2026-03-17 08:22:31,Sports Fixture,J009,Majestic,12873,Weekday,False,Clear,False,0.0,False,False,0.936,Severe,10.6,66.7,640.3,0.254,0.586,0.928,Heavy congestion detected - signal timing extended and reroute suggested
EVT401937,2025-01-09 16:29:37,Concert,J011,Indiranagar 100ft Road,10401,Weekday,False,Clear,False,0.0,False,False,0.613,High,21.5,45.7,112.7,0.059,0.136,0.967,Moderate traffic flow - standard adaptive signal timing in effect
EVT401938,2026-02-25 19:23:32,Political Rally,J040,City Market,18161,Weekday,False,Clear,False,0.0,False,False,0.956,Severe,8.7,62.9,475.0,0.169,0.391,0.915,Heavy congestion detected - signal timing extended and reroute suggested
EVT401939,2025-04-07 09:44:57,Cultural Procession,J023,Basavanagudi,34945,Weekday,True,Clear,False,0.0,False,True,1.0,Severe,9.8,102.5,552.4,0.22,0.509,0.838,Road closure for event/procession - full detour recommended for through-traffic
EVT401940,2025-01-12 09:45:43,Sports Fixture,J020,Malleshwaram Circle,33300,Weekend,False,Clear,False,0.0,False,False,0.932,Severe,7.0,73.1,738.6,0.201,0.465,0.923,Heavy congestion detected - signal timing extended and reroute suggested
EVT401941,2026-03-16 07:59:36,Concert,J030,MG Road,12699,Weekday,False,Clear,False,0.0,False,False,0.836,Severe,14.7,58.6,485.3,0.28,0.648,0.959,Heavy congestion detected - signal timing extended and reroute suggested
EVT401942,2025-01-02 18:09:37,Local Market Day,J040,City Market,4431,Weekday,False,Clear,False,0.0,False,False,1.0,Severe,9.1,70.4,499.1,0.196,0.452,0.926,Heavy congestion detected - signal timing extended and reroute suggested
EVT401943,2025-12-16 13:47:55,Local Market Day,J023,Basavanagudi,5112,Weekday,False,Clear,False,0.0,False,False,0.179,Low,31.6,15.9,209.3,0.149,0.343,0.96,Normal free-flow traffic - standard signal timing maintained
EVT401944,2025-07-19 17:05:56,Local Market Day,J040,City Market,3794,Weekend,False,Fog,False,0.0,False,False,0.603,High,19.4,50.0,303.2,0.184,0.424,0.956,Moderate traffic flow - standard adaptive signal timing in effect
EVT401945,2025-11-21 20:49:59,Trade Fair,J020,Malleshwaram Circle,15231,Weekday,False,Clear,False,0.0,False,False,0.538,Moderate,22.9,37.3,181.3,0.124,0.288,0.968,Moderate traffic flow - standard adaptive signal timing in effect
EVT401946,2025-10-31 08:52:28,Local Market Day,J031,Cubbon Road,3068,Weekday,False,Clear,False,0.0,False,False,1.0,Severe,8.7,70.3,350.1,0.13,0.301,0.924,Heavy congestion detected - signal timing extended and reroute suggested
EVT401947,2026-02-07 09:15:22,Sports Fixture,J030,MG Road,32958,Weekend,False,Clear,False,0.0,False,False,1.0,Severe,7.6,66.7,527.5,0.183,0.423,0.927,Heavy congestion detected - signal timing extended and reroute suggested
EVT401948,2025-07-24 17:30:43,Sports Fixture,J011,Indiranagar 100ft Road,23889,Weekday,False,Clear,False,0.0,False,False,0.972,Severe,11.3,61.7,202.8,0.112,0.259,0.928,Heavy congestion detected - signal timing extended and reroute suggested
EVT401949,2025-08-29 06:50:36,Local Market Day,J012,Koramangala Sony World,2286,Weekday,False,Clear,False,0.0,False,False,0.312,Low,30.0,24.4,182.1,0.162,0.374,0.955,Moderate traffic flow - standard adaptive signal timing in effect
EVT401950,2026-04-14 10:10:51,Religious Festival,J031,Cubbon Road,25954,Weekday,True,Clear,False,0.0,False,False,1.0,Severe,9.5,67.5,694.2,0.251,0.579,0.857,Festival crowd surge detected - alternate route and extended cycle recommended
EVT401951,2025-11-25 18:30:11,Political Rally,J020,Malleshwaram Circle,19733,Weekday,False,Clear,False,0.0,False,False,1.0,Severe,9.4,70.6,598.3,0.234,0.541,0.908,Heavy congestion detected - signal timing extended and reroute suggested
EVT401952,2025-07-24 15:07:37,Sports Fixture,J040,City Market,13091,Weekday,False,Clear,False,0.0,False,False,0.402,Moderate,27.0,32.5,227.7,0.181,0.419,0.965,Moderate traffic flow - standard adaptive signal timing in effect
EVT401953,2025-09-03 11:12:30,Local Market Day,J031,Cubbon Road,3571,Weekday,False,Rain,True,14.4,False,False,0.542,Moderate,27.5,40.8,158.4,0.116,0.268,0.899,Light rain detected - minor speed reduction advised
EVT401954,2025-06-20 17:34:33,Concert,J009,Majestic,21672,Weekday,False,Heavy Rain,True,39.1,False,False,1.0,Severe,7.8,71.1,411.6,0.129,0.298,0.842,Heavy rain reducing visibility and grip - reduced speed and longer buffer advised
EVT401955,2025-12-25 17:31:46,Religious Festival,J009,Majestic,73210,Weekday,True,Fog,False,0.0,False,True,1.0,Severe,7.0,97.1,784.9,0.237,0.547,0.821,Road closure for event/procession - full detour recommended for through-traffic
EVT401956,2026-04-06 07:26:02,Sports Fixture,J031,Cubbon Road,20653,Weekday,False,Clear,False,0.0,False,False,0.672,High,19.2,51.0,367.8,0.217,0.502,0.961,Moderate traffic flow - standard adaptive signal timing in effect
EVT401957,2026-03-03 10:45:49,Concert,J030,MG Road,6569,Weekday,False,Clear,False,0.0,False,False,0.568,High,19.8,41.6,182.0,0.116,0.267,0.966,Moderate traffic flow - standard adaptive signal timing in effect
EVT401958,2025-08-14 18:12:37,Local Market Day,J012,Koramangala Sony World,4871,Weekday,False,Heavy Rain,True,56.8,False,False,1.0,Severe,7.7,72.7,731.5,0.246,0.569,0.865,Heavy rain reducing visibility and grip - reduced speed and longer buffer advised
EVT401959,2025-03-24 06:41:18,Sports Fixture,J009,Majestic,25995,Weekday,False,Clear,False,0.0,False,False,0.502,Moderate,22.0,33.7,149.2,0.106,0.245,0.938,Moderate traffic flow - standard adaptive signal timing in effect
EVT401960,2025-11-27 23:39:34,Sports Fixture,J023,Basavanagudi,20188,Weekday,False,Clear,False,0.0,False,False,0.201,Low,37.8,10.1,106.1,0.106,0.245,0.974,Normal free-flow traffic - standard signal timing maintained
EVT401961,2025-07-08 17:42:51,Sports Fixture,J020,Malleshwaram Circle,25084,Weekday,False,Clear,False,0.0,False,False,1.0,Severe,8.1,71.5,693.2,0.238,0.551,0.933,Heavy congestion detected - signal timing extended and reroute suggested
EVT401962,2025-09-01 17:38:13,Political Rally,J009,Majestic,20874,Weekday,False,Heavy Rain,True,52.5,False,False,1.0,Severe,7.8,73.5,759.0,0.255,0.589,0.867,Heavy rain reducing visibility and grip - reduced speed and longer buffer advised
EVT401963,2025-08-20 19:47:45,Concert,J030,MG Road,5541,Weekday,False,Clear,False,0.0,False,False,0.81,Severe,11.8,55.5,345.4,0.164,0.378,0.963,Heavy congestion detected - signal timing extended and reroute suggested
EVT401964,2025-01-08 09:48:27,Local Market Day,J040,City Market,2621,Weekday,False,Clear,False,0.0,False,False,0.851,Severe,10.8,62.9,506.6,0.234,0.541,0.946,Heavy congestion detected - signal timing extended and reroute suggested
EVT401965,2025-05-26 09:04:19,Concert,J023,Basavanagudi,15314,Weekday,False,Clear,False,0.0,False,False,1.0,Severe,8.5,71.0,783.8,0.278,0.642,0.907,Heavy congestion detected - signal timing extended and reroute suggested
EVT401966,2026-06-04 16:54:25,Concert,J009,Majestic,6622,Weekday,False,Clear,False,0.0,False,False,0.752,Severe,15.4,51.3,381.4,0.193,0.445,0.953,Heavy congestion detected - signal timing extended and reroute suggested
EVT401967,2025-09-25 14:31:22,Political Rally,J031,Cubbon Road,8938,Weekday,False,Heavy Rain,True,32.3,False,False,0.568,High,23.5,46.3,190.4,0.129,0.298,0.94,Heavy rain reducing visibility and grip - reduced speed and longer buffer advised
EVT401968,2025-09-05 09:46:47,Religious Festival,J011,Indiranagar 100ft Road,58129,Weekday,True,Clear,False,0.0,False,False,1.0,Severe,8.1,71.3,447.8,0.143,0.33,0.867,Festival crowd surge detected - alternate route and extended cycle recommended
EVT401969,2025-03-13 16:32:34,Sports Fixture,J040,City Market,15311,Weekday,False,Clear,False,0.0,False,False,0.702,High,18.4,48.2,181.8,0.106,0.244,0.953,Moderate traffic flow - standard adaptive signal timing in effect
EVT401970,2025-10-31 07:01:36,Sports Fixture,J031,Cubbon Road,16232,Weekday,False,Clear,False,0.0,False,False,0.56,High,27.0,43.5,163.8,0.128,0.297,0.974,Moderate traffic flow - standard adaptive signal timing in effect
EVT401971,2025-11-25 11:31:42,Sports Fixture,J012,Koramangala Sony World,28300,Weekday,False,Fog,False,0.0,False,False,0.475,Moderate,24.6,28.7,166.4,0.135,0.312,0.947,Moderate traffic flow - standard adaptive signal timing in effect
EVT401972,2026-03-10 12:03:43,Sports Fixture,J009,Majestic,18257,Weekday,False,Clear,False,0.0,False,False,0.314,Low,26.8,24.9,164.5,0.125,0.289,0.975,Moderate traffic flow - standard adaptive signal timing in effect
EVT401973,2025-07-14 21:43:56,Sports Fixture,J012,Koramangala Sony World,47479,Weekday,False,Heavy Rain,True,39.7,False,False,0.843,Severe,12.9,64.7,452.3,0.217,0.502,0.911,Heavy rain reducing visibility and grip - reduced speed and longer buffer advised
EVT401974,2025-10-21 13:16:56,Religious Festival,J011,Indiranagar 100ft Road,31998,Weekday,True,Rain,True,14.4,False,True,0.925,Severe,9.8,91.3,275.8,0.135,0.312,0.823,Road closure for event/procession - full detour recommended for through-traffic
EVT401975,2025-04-05 07:36:17,Sports Fixture,J020,Malleshwaram Circle,20285,Weekend,False,Clear,False,0.0,False,False,0.754,Severe,16.5,51.4,155.9,0.082,0.19,0.977,Heavy congestion detected - signal timing extended and reroute suggested
EVT401976,2025-07-21 08:02:50,Concert,J020,Malleshwaram Circle,8464,Weekday,False,Rain,True,11.1,False,False,1.0,Severe,9.1,71.4,720.7,0.266,0.614,0.871,Heavy rain reducing visibility and grip - reduced speed and longer buffer advised
EVT401977,2025-12-28 14:14:34,Political Rally,J020,Malleshwaram Circle,15355,Weekend,False,Clear,False,0.0,False,False,0.34,Low,26.6,23.2,170.4,0.136,0.315,0.965,Moderate traffic flow - standard adaptive signal timing in effect
EVT401978,2025-05-13 14:38:06,Sports Fixture,J030,MG Road,28840,Weekday,False,Clear,False,0.0,False,False,0.369,Moderate,31.1,24.4,169.0,0.17,0.393,0.96,Moderate traffic flow - standard adaptive signal timing in effect
EVT401979,2026-04-21 21:14:51,Local Market Day,J031,Cubbon Road,4481,Weekday,False,Clear,False,0.0,False,False,0.418,Moderate,18.9,29.9,191.6,0.115,0.266,0.974,Moderate traffic flow - standard adaptive signal timing in effect
EVT401980,2025-10-11 18:30:27,Trade Fair,J023,Basavanagudi,8098,Weekend,False,Heavy Rain,True,41.2,False,False,1.0,Severe,9.4,75.9,698.8,0.258,0.597,0.867,Heavy rain reducing visibility and grip - reduced speed and longer buffer advised
EVT401981,2026-05-18 17:44:25,Political Rally,J031,Cubbon Road,27955,Weekday,False,Clear,False,0.0,False,False,1.0,Severe,6.8,71.5,798.6,0.243,0.561,0.892,Heavy congestion detected - signal timing extended and reroute suggested
EVT401982,2026-01-29 22:00:50,Local Market Day,J012,Koramangala Sony World,3540,Weekday,False,Clear,False,0.0,True,False,0.543,Moderate,23.1,35.4,137.4,0.089,0.205,0.812,Accident detected nearby - reroute and reduced speed advised
EVT401983,2025-10-12 08:18:36,Local Market Day,J031,Cubbon Road,2914,Weekend,False,Heavy Rain,True,26.3,False,False,1.0,Severe,8.5,75.7,602.8,0.197,0.455,0.875,Heavy rain reducing visibility and grip - reduced speed and longer buffer advised
EVT401984,2025-12-15 18:59:08,Concert,J011,Indiranagar 100ft Road,20399,Weekday,False,Clear,False,0.0,False,False,1.0,Severe,7.7,70.1,742.1,0.234,0.54,0.907,Heavy congestion detected - signal timing extended and reroute suggested
EVT401985,2025-05-16 11:31:21,Local Market Day,J020,Malleshwaram Circle,3891,Weekday,False,Light Rain,True,1.4,False,False,0.432,Moderate,24.1,33.4,181.0,0.129,0.298,0.874,Light rain detected - minor speed reduction advised
EVT401986,2025-12-08 06:35:13,Trade Fair,J023,Basavanagudi,6135,Weekday,False,Clear,False,0.0,False,False,0.339,Low,29.2,17.6,153.7,0.115,0.265,0.975,Moderate traffic flow - standard adaptive signal timing in effect
EVT401987,2026-01-27 09:29:12,Religious Festival,J011,Indiranagar 100ft Road,61210,Weekday,True,Clear,False,0.0,False,False,1.0,Severe,9.1,69.5,407.3,0.141,0.326,0.867,Festival crowd surge detected - alternate route and extended cycle recommended
EVT401988,2025-04-02 16:29:03,Trade Fair,J009,Majestic,6969,Weekday,False,Clear,False,0.0,False,False,0.606,High,27.1,48.2,233.0,0.199,0.459,0.959,Moderate traffic flow - standard adaptive signal timing in effect
EVT401989,2025-03-25 05:29:01,Trade Fair,J023,Basavanagudi,8632,Weekday,False,Clear,False,0.0,False,False,0.274,Low,32.7,20.3,97.5,0.098,0.226,0.953,Moderate traffic flow - standard adaptive signal timing in effect
EVT401990,2025-08-01 09:09:22,Trade Fair,J020,Malleshwaram Circle,9829,Weekday,False,Fog,False,0.0,False,False,1.0,Severe,7.7,69.5,767.6,0.25,0.577,0.901,Heavy congestion detected - signal timing extended and reroute suggested
EVT401991,2025-09-21 21:02:44,Concert,J012,Koramangala Sony World,13293,Weekend,False,Heavy Rain,True,54.2,False,False,0.84,Severe,13.2,54.8,273.7,0.152,0.35,0.902,Heavy rain reducing visibility and grip - reduced speed and longer buffer advised
EVT401992,2026-01-07 17:28:37,Local Market Day,J030,MG Road,5003,Weekday,False,Light Rain,True,5.1,False,False,0.959,Severe,11.1,68.1,512.9,0.232,0.537,0.883,Heavy rain reducing visibility and grip - reduced speed and longer buffer advised
EVT401993,2025-03-08 11:49:26,Sports Fixture,J031,Cubbon Road,18391,Weekend,False,Clear,False,0.0,False,False,0.426,Moderate,21.3,27.2,228.9,0.144,0.332,0.963,Moderate traffic flow - standard adaptive signal timing in effect
EVT401994,2025-06-30 17:09:17,Sports Fixture,J020,Malleshwaram Circle,16854,Weekday,False,Light Rain,True,3.9,False,False,0.886,Severe,12.5,62.3,553.8,0.259,0.598,0.837,Heavy rain reducing visibility and grip - reduced speed and longer buffer advised
EVT401995,2025-09-06 18:47:42,Cultural Procession,J020,Malleshwaram Circle,17052,Weekend,True,Clear,False,0.0,False,True,1.0,Severe,7.3,99.2,758.5,0.248,0.573,0.839,Road closure for event/procession - full detour recommended for through-traffic
EVT401996,2026-05-20 12:35:43,Concert,J009,Majestic,12687,Weekday,False,Rain,True,19.6,False,False,0.45,Moderate,25.0,33.3,107.2,0.077,0.177,0.917,Light rain detected - minor speed reduction advised
EVT401997,2025-10-31 21:07:46,Local Market Day,J020,Malleshwaram Circle,3444,Weekday,False,Fog,False,0.0,False,False,0.457,Moderate,26.5,39.0,156.1,0.098,0.227,0.941,Moderate traffic flow - standard adaptive signal timing in effect
EVT401998,2026-03-06 05:43:14,Local Market Day,J020,Malleshwaram Circle,4383,Weekday,False,Clear,False,0.0,False,False,0.306,Low,24.1,19.1,141.3,0.109,0.252,0.963,Moderate traffic flow - standard adaptive signal timing in effect
EVT401999,2026-03-24 15:11:25,Sports Fixture,J040,City Market,21419,Weekday,False,Clear,False,0.0,False,False,0.367,Moderate,37.1,27.5,151.1,0.155,0.357,0.968,Moderate traffic flow - standard adaptive signal timing in effect
EVT402000,2026-06-02 20:26:19,Local Market Day,J020,Malleshwaram Circle,4021,Weekday,False,Clear,False,0.0,False,False,0.609,High,22.5,44.8,297.3,0.191,0.441,0.959,Moderate traffic flow - standard adaptive signal timing in effect
EVT402001,2026-03-03 15:36:40,Local Market Day,J011,Indiranagar 100ft Road,4033,Weekday,False,Clear,False,0.0,False,False,0.402,Moderate,24.3,29.3,253.0,0.189,0.436,0.969,Moderate traffic flow - standard adaptive signal timing in effect
EVT402002,2025-09-05 14:38:13,Religious Festival,J011,Indiranagar 100ft Road,38541,Weekday,True,Clear,False,0.0,False,False,0.619,High,27.6,47.6,207.7,0.155,0.358,0.907,Festival crowd surge detected - alternate route and extended cycle recommended
EVT402003,2025-02-19 14:32:10,Concert,J023,Basavanagudi,8745,Weekday,False,Clear,False,0.0,False,False,0.237,Low,38.9,18.2,107.3,0.114,0.264,0.944,Normal free-flow traffic - standard signal timing maintained
EVT402004,2025-02-11 18:26:57,Concert,J030,MG Road,10524,Weekday,False,Clear,False,0.0,False,False,1.0,Severe,10.3,69.3,431.0,0.209,0.484,0.911,Heavy congestion detected - signal timing extended and reroute suggested
EVT402005,2026-01-24 11:43:15,Trade Fair,J011,Indiranagar 100ft Road,6352,Weekend,False,Clear,False,0.0,False,False,0.331,Low,25.2,24.7,210.8,0.145,0.336,0.966,Moderate traffic flow - standard adaptive signal timing in effect
EVT402006,2025-03-17 08:22:20,Trade Fair,J030,MG Road,13125,Weekday,False,Clear,False,0.0,False,False,1.0,Severe,8.1,67.0,1035.9,0.34,0.786,0.907,Heavy congestion detected - signal timing extended and reroute suggested
EVT402007,2026-04-24 08:40:58,Local Market Day,J030,MG Road,1843,Weekday,False,Rain,True,14.3,False,False,1.0,Severe,8.7,74.9,555.4,0.209,0.482,0.878,Heavy rain reducing visibility and grip - reduced speed and longer buffer advised
EVT402008,2025-03-17 09:55:48,Political Rally,J040,City Market,15617,Weekday,False,Clear,False,0.0,False,False,0.908,Severe,9.6,63.9,504.4,0.198,0.456,0.942,Heavy congestion detected - signal timing extended and reroute suggested
EVT402009,2025-07-24 17:33:24,Trade Fair,J030,MG Road,17813,Weekday,False,Heavy Rain,True,62.7,False,False,1.0,Severe,8.8,70.7,676.0,0.243,0.562,0.85,Heavy rain reducing visibility and grip - reduced speed and longer buffer advised
EVT402010,2026-04-01 07:32:35,Sports Fixture,J030,MG Road,33538,Weekday,False,Fog,False,0.0,False,False,0.868,Severe,14.1,64.2,453.9,0.235,0.543,0.934,Heavy congestion detected - signal timing extended and reroute suggested
EVT402011,2025-09-17 19:07:27,Concert,J023,Basavanagudi,10895,Weekday,False,Heavy Rain,True,43.6,False,False,1.0,Severe,7.2,73.2,814.3,0.241,0.558,0.888,Heavy rain reducing visibility and grip - reduced speed and longer buffer advised
EVT402012,2026-03-20 15:47:54,Religious Festival,J031,Cubbon Road,54464,Weekday,True,Clear,False,0.0,False,False,0.873,Severe,14.8,58.7,318.1,0.152,0.35,0.892,Festival crowd surge detected - alternate route and extended cycle recommended
EVT402013,2025-12-16 15:36:10,Local Market Day,J031,Cubbon Road,6951,Weekday,False,Clear,False,0.0,False,False,0.332,Low,28.9,22.2,124.4,0.094,0.216,0.99,Moderate traffic flow - standard adaptive signal timing in effect
EVT402014,2026-03-24 07:02:27,Trade Fair,J023,Basavanagudi,6936,Weekday,False,Clear,False,0.0,False,False,0.464,Moderate,31.3,30.9,191.2,0.173,0.399,0.976,Moderate traffic flow - standard adaptive signal timing in effect
EVT402015,2025-07-28 20:17:47,Local Market Day,J020,Malleshwaram Circle,4552,Weekday,False,Clear,False,0.0,False,False,0.704,High,16.8,48.7,323.6,0.187,0.431,0.96,Moderate traffic flow - standard adaptive signal timing in effect
EVT402016,2026-05-28 17:41:39,Concert,J031,Cubbon Road,15674,Weekday,False,Light Rain,True,4.1,False,False,1.0,Severe,8.7,75.4,498.3,0.209,0.483,0.903,Heavy rain reducing visibility and grip - reduced speed and longer buffer advised
EVT402017,2025-03-01 13:31:23,Local Market Day,J040,City Market,3539,Weekend,False,Clear,False,0.0,False,False,0.245,Low,33.8,15.6,114.4,0.086,0.199,0.961,Normal free-flow traffic - standard signal timing maintained
EVT402018,2026-06-11 09:39:57,Trade Fair,J009,Majestic,11787,Weekday,False,Rain,True,14.6,False,False,1.0,Severe,9.3,70.4,515.4,0.187,0.433,0.848,Heavy rain reducing visibility and grip - reduced speed and longer buffer advised
EVT402019,2025-04-24 17:32:03,Local Market Day,J012,Koramangala Sony World,4518,Weekday,False,Clear,False,0.0,False,False,0.901,Severe,12.9,66.0,388.5,0.203,0.468,0.944,Heavy congestion detected - signal timing extended and reroute suggested
EVT402020,2025-07-04 08:33:14,Trade Fair,J030,MG Road,18084,Weekday,False,Clear,False,0.0,False,False,1.0,Severe,6.8,77.2,416.1,0.125,0.288,0.899,Heavy congestion detected - signal timing extended and reroute suggested
EVT402021,2025-06-30 06:17:11,Concert,J030,MG Road,11647,Weekday,False,Heavy Rain,True,41.5,False,False,0.581,High,21.1,40.3,277.8,0.154,0.356,0.918,Heavy rain reducing visibility and grip - reduced speed and longer buffer advised
EVT402022,2025-12-15 08:22:21,Local Market Day,J011,Indiranagar 100ft Road,5465,Weekday,False,Clear,False,0.0,False,False,0.958,Severe,9.7,71.5,324.8,0.131,0.302,0.932,Heavy congestion detected - signal timing extended and reroute suggested
EVT402023,2026-02-14 15:49:23,Local Market Day,J031,Cubbon Road,3299,Weekend,False,Clear,False,0.0,False,False,0.4,Moderate,22.7,28.3,140.2,0.083,0.192,0.959,Moderate traffic flow - standard adaptive signal timing in effect
EVT402024,2026-01-23 12:59:45,Local Market Day,J030,MG Road,5180,Weekday,False,Clear,False,0.0,False,False,0.196,Low,30.2,11.5,149.4,0.111,0.255,0.967,Normal free-flow traffic - standard signal timing maintained
EVT402025,2025-07-31 18:10:50,Local Market Day,J011,Indiranagar 100ft Road,4411,Weekday,False,Heavy Rain,True,29.4,False,False,1.0,Severe,10.1,74.9,546.1,0.222,0.512,0.886,Heavy rain reducing visibility and grip - reduced speed and longer buffer advised
EVT402026,2026-02-18 13:26:51,Local Market Day,J012,Koramangala Sony World,5961,Weekday,False,Clear,False,0.0,False,False,0.226,Low,28.8,14.8,102.9,0.067,0.155,0.968,Normal free-flow traffic - standard signal timing maintained
EVT402027,2025-12-06 15:33:50,Concert,J020,Malleshwaram Circle,6584,Weekend,False,Clear,False,0.0,False,False,0.445,Moderate,26.8,27.8,171.2,0.131,0.303,0.957,Moderate traffic flow - standard adaptive signal timing in effect
EVT402028,2025-06-17 19:30:08,Sports Fixture,J031,Cubbon Road,20995,Weekday,False,Rain,True,16.2,False,False,1.0,Severe,9.2,69.0,498.9,0.187,0.433,0.876,Heavy rain reducing visibility and grip - reduced speed and longer buffer advised
EVT402029,2025-01-09 15:12:02,Sports Fixture,J012,Koramangala Sony World,10653,Weekday,False,Clear,False,0.0,False,False,0.308,Low,32.3,18.5,142.8,0.129,0.298,0.941,Moderate traffic flow - standard adaptive signal timing in effect
EVT402030,2025-12-06 15:14:06,Concert,J011,Indiranagar 100ft Road,9305,Weekend,False,Clear,False,0.0,False,False,0.297,Low,26.4,18.1,250.3,0.169,0.391,0.961,Moderate traffic flow - standard adaptive signal timing in effect
EVT402031,2026-05-24 08:52:24,Sports Fixture,J040,City Market,33330,Weekend,False,Clear,False,0.0,False,False,1.0,Severe,7.6,71.7,783.6,0.237,0.549,0.922,Heavy congestion detected - signal timing extended and reroute suggested
EVT402032,2026-04-17 12:44:37,Political Rally,J040,City Market,13858,Weekday,False,Rain,True,19.6,False,False,0.469,Moderate,20.4,29.9,164.0,0.121,0.28,0.899,Light rain detected - minor speed reduction advised
EVT402033,2025-09-07 07:33:48,Sports Fixture,J011,Indiranagar 100ft Road,28761,Weekend,False,Clear,False,0.0,False,False,0.731,High,16.5,50.6,117.1,0.06,0.14,0.973,Moderate traffic flow - standard adaptive signal timing in effect
EVT402034,2025-06-14 20:56:18,Sports Fixture,J011,Indiranagar 100ft Road,15807,Weekend,False,Rain,True,11.0,False,False,0.679,High,20.4,44.6,178.5,0.123,0.284,0.934,Heavy rain reducing visibility and grip - reduced speed and longer buffer advised
EVT402035,2025-07-12 18:54:35,Local Market Day,J009,Majestic,3308,Weekend,False,Rain,True,8.2,False,False,0.919,Severe,8.8,64.2,593.8,0.197,0.454,0.876,Heavy rain reducing visibility and grip - reduced speed and longer buffer advised
EVT402036,2025-08-13 18:42:26,Concert,J012,Koramangala Sony World,9473,Weekday,False,Clear,False,0.0,False,False,1.0,Severe,7.2,70.8,669.6,0.203,0.468,0.925,Heavy congestion detected - signal timing extended and reroute suggested
EVT402037,2025-10-20 19:58:46,Religious Festival,J023,Basavanagudi,43268,Weekday,True,Heavy Rain,True,51.1,False,True,1.0,Severe,9.4,94.1,459.0,0.187,0.433,0.814,Road closure for event/procession - full detour recommended for through-traffic
EVT402038,2026-06-12 17:41:46,Sports Fixture,J040,City Market,27458,Weekday,False,Clear,False,0.0,False,False,1.0,Severe,10.7,72.5,439.9,0.194,0.448,0.926,Heavy congestion detected - signal timing extended and reroute suggested
EVT402039,2026-03-18 14:08:05,Sports Fixture,J012,Koramangala Sony World,27708,Weekday,False,Clear,False,0.0,False,False,0.347,Low,25.0,29.2,134.4,0.12,0.278,0.986,Moderate traffic flow - standard adaptive signal timing in effect
EVT402040,2025-12-10 08:19:04,Political Rally,J009,Majestic,14740,Weekday,False,Clear,False,0.0,False,False,0.936,Severe,11.0,67.3,216.5,0.099,0.229,0.909,Heavy congestion detected - signal timing extended and reroute suggested
EVT402041,2026-03-25 17:45:21,Sports Fixture,J012,Koramangala Sony World,19436,Weekday,False,Fog,False,0.0,False,False,1.0,Severe,8.0,67.0,574.8,0.173,0.4,0.894,Heavy congestion detected - signal timing extended and reroute suggested
EVT402042,2026-03-03 10:18:22,Local Market Day,J009,Majestic,3524,Weekday,False,Clear,False,0.0,False,False,0.735,High,17.3,58.1,336.5,0.187,0.432,0.963,Moderate traffic flow - standard adaptive signal timing in effect
EVT402043,2025-03-26 17:22:43,Local Market Day,J020,Malleshwaram Circle,3717,Weekday,False,Clear,False,0.0,False,False,0.727,High,21.2,52.2,332.4,0.245,0.565,0.95,Moderate traffic flow - standard adaptive signal timing in effect
EVT402044,2025-11-05 21:03:13,Sports Fixture,J009,Majestic,21106,Weekday,False,Clear,False,0.0,False,False,0.485,Moderate,25.6,33.8,190.3,0.139,0.321,0.961,Moderate traffic flow - standard adaptive signal timing in effect
EVT402045,2025-10-14 05:31:32,Local Market Day,J031,Cubbon Road,4550,Weekday,False,Clear,False,0.0,False,False,0.205,Low,34.7,17.3,206.8,0.186,0.43,0.956,Normal free-flow traffic - standard signal timing maintained
EVT402046,2025-06-07 11:46:50,Concert,J011,Indiranagar 100ft Road,19164,Weekend,False,Rain,True,18.9,False,False,0.669,High,18.0,50.1,293.6,0.149,0.344,0.904,Heavy rain reducing visibility and grip - reduced speed and longer buffer advised
EVT402047,2025-05-22 07:04:11,Sports Fixture,J031,Cubbon Road,13995,Weekday,False,Clear,False,0.0,False,False,0.55,High,28.6,40.9,234.3,0.2,0.463,0.961,Moderate traffic flow - standard adaptive signal timing in effect
EVT402048,2025-02-27 21:07:32,Local Market Day,J040,City Market,3899,Weekday,False,Clear,False,0.0,False,False,0.463,Moderate,30.7,38.7,203.8,0.165,0.382,0.948,Moderate traffic flow - standard adaptive signal timing in effect
EVT402049,2026-03-22 13:56:26,Sports Fixture,J030,MG Road,10233,Weekend,False,Clear,False,0.0,False,False,0.245,Low,31.5,12.3,114.9,0.096,0.223,0.99,Normal free-flow traffic - standard signal timing maintained
EVT402050,2025-04-01 06:52:10,Trade Fair,J031,Cubbon Road,6224,Weekday,False,Light Rain,True,1.6,False,False,0.459,Moderate,21.3,37.1,285.6,0.164,0.379,0.942,Light rain detected - minor speed reduction advised
EVT402051,2025-03-07 03:15:19,Sports Fixture,J020,Malleshwaram Circle,16732,Weekday,False,Clear,False,0.0,False,False,0.217,Low,31.8,15.2,165.8,0.139,0.322,0.958,Normal free-flow traffic - standard signal timing maintained
EVT402052,2025-08-05 15:06:12,Sports Fixture,J020,Malleshwaram Circle,29768,Weekday,False,Rain,True,20.3,False,False,0.59,High,17.3,42.3,258.6,0.132,0.304,0.942,Heavy rain reducing visibility and grip - reduced speed and longer buffer advised
EVT402053,2025-07-26 20:21:42,Local Market Day,J030,MG Road,4087,Weekend,False,Clear,False,0.0,False,False,0.505,Moderate,29.0,35.7,115.0,0.095,0.22,0.964,Moderate traffic flow - standard adaptive signal timing in effect
EVT402054,2025-03-04 22:38:59,Concert,J009,Majestic,12087,Weekday,False,Clear,False,0.0,False,False,0.328,Low,29.2,24.6,101.0,0.064,0.148,0.959,Moderate traffic flow - standard adaptive signal timing in effect
EVT402055,2025-08-30 10:49:59,Local Market Day,J020,Malleshwaram Circle,4149,Weekend,False,Heavy Rain,True,85.0,False,False,0.834,Severe,13.1,64.9,475.3,0.213,0.493,0.883,Heavy rain reducing visibility and grip - reduced speed and longer buffer advised
EVT402056,2025-05-02 15:05:24,Religious Festival,J031,Cubbon Road,46189,Weekday,True,Clear,False,0.0,False,False,0.665,High,18.0,48.3,238.4,0.122,0.281,0.929,Festival crowd surge detected - alternate route and extended cycle recommended
EVT402057,2025-11-08 20:58:40,Local Market Day,J011,Indiranagar 100ft Road,3057,Weekend,False,Clear,False,0.0,False,False,0.411,Moderate,30.3,27.1,168.9,0.149,0.343,0.981,Moderate traffic flow - standard adaptive signal timing in effect
EVT402058,2025-11-29 18:43:40,Local Market Day,J031,Cubbon Road,3956,Weekend,False,Light Rain,True,4.2,False,False,0.949,Severe,10.0,61.7,547.5,0.213,0.492,0.868,Heavy rain reducing visibility and grip - reduced speed and longer buffer advised
EVT402059,2025-07-04 14:09:53,Political Rally,J009,Majestic,13821,Weekday,False,Heavy Rain,True,32.2,False,False,0.562,High,16.8,41.6,310.5,0.154,0.355,0.913,Heavy rain reducing visibility and grip - reduced speed and longer buffer advised
EVT402060,2026-06-24 11:00:14,Local Market Day,J040,City Market,1978,Weekday,False,Clear,False,0.0,False,False,0.458,Moderate,24.3,31.6,165.6,0.121,0.279,0.964,Moderate traffic flow - standard adaptive signal timing in effect
EVT402061,2025-07-02 06:48:01,Concert,J023,Basavanagudi,11837,Weekday,False,Clear,False,0.0,False,False,0.394,Moderate,23.6,31.2,168.8,0.103,0.238,0.975,Moderate traffic flow - standard adaptive signal timing in effect
EVT402062,2026-02-16 07:54:23,Trade Fair,J012,Koramangala Sony World,6782,Weekday,False,Clear,False,0.0,False,False,0.75,Severe,15.2,51.4,481.4,0.272,0.628,0.969,Heavy congestion detected - signal timing extended and reroute suggested
EVT402063,2026-05-30 15:22:13,Sports Fixture,J009,Majestic,12865,Weekend,False,Fog,False,0.0,False,False,0.398,Moderate,30.6,27.1,269.6,0.238,0.551,0.98,Moderate traffic flow - standard adaptive signal timing in effect
EVT402064,2025-06-10 13:57:10,Local Market Day,J040,City Market,3460,Weekday,False,Rain,True,13.9,False,False,0.409,Moderate,28.0,28.4,68.5,0.061,0.14,0.926,Light rain detected - minor speed reduction advised
EVT402065,2026-04-19 16:29:39,Trade Fair,J031,Cubbon Road,14330,Weekend,False,Clear,False,0.0,False,False,0.622,High,20.4,43.8,248.6,0.159,0.367,0.985,Moderate traffic flow - standard adaptive signal timing in effect
EVT402066,2026-04-20 08:40:08,Sports Fixture,J040,City Market,43612,Weekday,False,Light Rain,True,2.8,False,False,1.0,Severe,7.7,68.3,945.1,0.31,0.715,0.866,Heavy rain reducing visibility and grip - reduced speed and longer buffer advised
EVT402067,2025-10-29 17:28:12,Local Market Day,J030,MG Road,2655,Weekday,False,Clear,False,0.0,False,False,0.813,Severe,13.8,57.5,148.2,0.081,0.188,0.96,Heavy congestion detected - signal timing extended and reroute suggested
EVT402068,2025-07-24 12:07:59,Trade Fair,J012,Koramangala Sony World,6068,Weekday,False,Clear,False,0.0,False,False,0.22,Low,36.1,10.4,189.0,0.163,0.377,0.968,Normal free-flow traffic - standard signal timing maintained
EVT402069,2026-06-03 14:38:04,Local Market Day,J012,Koramangala Sony World,4615,Weekday,False,Rain,True,19.0,False,False,0.47,Moderate,25.8,36.2,83.0,0.057,0.131,0.909,Light rain detected - minor speed reduction advised
EVT402070,2026-03-26 08:44:24,Fireworks Display,J031,Cubbon Road,17572,Weekday,True,Clear,False,0.0,False,False,1.0,Severe,7.7,72.6,687.7,0.224,0.518,0.876,Festival crowd surge detected - alternate route and extended cycle recommended
EVT402071,2025-06-25 18:45:14,Sports Fixture,J020,Malleshwaram Circle,17683,Weekday,False,Clear,False,0.0,False,False,1.0,Severe,11.1,76.1,270.5,0.105,0.243,0.927,Heavy congestion detected - signal timing extended and reroute suggested
EVT402072,2026-01-12 18:13:01,Sports Fixture,J040,City Market,36714,Weekday,False,Clear,False,0.0,False,False,1.0,Severe,8.7,77.8,270.2,0.095,0.22,0.916,Heavy congestion detected - signal timing extended and reroute suggested
EVT402073,2026-02-10 06:14:16,Sports Fixture,J031,Cubbon Road,21399,Weekday,False,Clear,False,0.0,False,False,0.309,Low,33.3,20.4,64.7,0.049,0.112,0.965,Moderate traffic flow - standard adaptive signal timing in effect
EVT402074,2026-05-02 18:07:48,Cultural Procession,J012,Koramangala Sony World,14191,Weekend,True,Fog,False,0.0,False,False,1.0,Severe,7.1,68.7,377.2,0.131,0.303,0.851,Festival crowd surge detected - alternate route and extended cycle recommended
EVT402075,2025-06-18 23:47:45,Trade Fair,J030,MG Road,8472,Weekday,False,Clear,False,0.0,False,False,0.17,Low,28.8,15.4,129.4,0.106,0.246,0.935,Normal free-flow traffic - standard signal timing maintained
EVT402076,2025-12-04 18:53:58,Trade Fair,J023,Basavanagudi,15379,Weekday,False,Clear,False,0.0,False,False,1.0,Severe,8.5,73.1,435.6,0.157,0.363,0.917,Heavy congestion detected - signal timing extended and reroute suggested
EVT402077,2026-06-25 10:20:31,Political Rally,J020,Malleshwaram Circle,7985,Weekday,False,Clear,False,0.0,False,False,0.641,High,26.0,43.3,211.9,0.185,0.426,0.97,Moderate traffic flow - standard adaptive signal timing in effect
EVT402078,2026-02-04 19:40:40,Trade Fair,J030,MG Road,10806,Weekday,False,Clear,False,0.0,False,False,0.86,Severe,16.7,53.6,343.6,0.181,0.418,0.937,Heavy congestion detected - signal timing extended and reroute suggested
EVT402079,2025-07-18 06:56:27,Concert,J030,MG Road,15952,Weekday,False,Clear,False,0.0,False,False,0.437,Moderate,28.7,28.0,247.6,0.215,0.496,0.99,Moderate traffic flow - standard adaptive signal timing in effect
EVT402080,2025-12-08 17:38:10,Trade Fair,J023,Basavanagudi,8947,Weekday,False,Light Rain,True,3.5,False,False,1.0,Severe,8.5,72.6,831.9,0.287,0.663,0.863,Heavy rain reducing visibility and grip - reduced speed and longer buffer advised
EVT402081,2025-02-01 07:52:38,Trade Fair,J011,Indiranagar 100ft Road,7651,Weekend,False,Clear,False,0.0,False,False,0.715,High,16.2,53.6,304.9,0.175,0.403,0.968,Moderate traffic flow - standard adaptive signal timing in effect
EVT402082,2025-05-30 15:49:37,Concert,J011,Indiranagar 100ft Road,11762,Weekday,False,Clear,False,0.0,False,False,0.403,Moderate,28.9,26.9,192.8,0.142,0.328,0.957,Moderate traffic flow - standard adaptive signal timing in effect
EVT402083,2026-01-30 12:42:44,Trade Fair,J011,Indiranagar 100ft Road,9875,Weekday,False,Clear,False,0.0,False,False,0.222,Low,36.0,17.8,130.2,0.096,0.222,0.981,Normal free-flow traffic - standard signal timing maintained
EVT402084,2025-10-22 12:07:43,Cultural Procession,J040,City Market,23020,Weekday,True,Clear,False,0.0,False,True,0.762,High,12.8,70.7,259.1,0.145,0.334,0.878,Road closure for event/procession - full detour recommended for through-traffic
EVT402085,2025-07-22 10:02:56,Local Market Day,J031,Cubbon Road,4697,Weekday,False,Clear,False,0.0,False,False,0.879,Severe,14.6,58.2,248.8,0.124,0.287,0.943,Heavy congestion detected - signal timing extended and reroute suggested
EVT402086,2025-12-08 08:30:30,Sports Fixture,J011,Indiranagar 100ft Road,12656,Weekday,False,Clear,False,0.0,False,False,0.937,Severe,10.2,65.5,174.2,0.064,0.148,0.92,Heavy congestion detected - signal timing extended and reroute suggested
EVT402087,2025-05-27 07:42:06,Local Market Day,J011,Indiranagar 100ft Road,4130,Weekday,False,Clear,False,0.0,True,False,1.0,Severe,8.7,72.9,366.5,0.146,0.336,0.712,Accident detected nearby - reroute and reduced speed advised
EVT402088,2026-03-10 08:47:45,Concert,J012,Koramangala Sony World,12610,Weekday,False,Fog,False,0.0,False,False,1.0,Severe,7.3,70.6,285.2,0.088,0.204,0.95,Heavy congestion detected - signal timing extended and reroute suggested
EVT402089,2026-01-01 14:07:29,Religious Festival,J031,Cubbon Road,43840,Weekday,True,Clear,False,0.0,False,True,0.785,High,14.0,80.2,427.2,0.211,0.486,0.883,Road closure for event/procession - full detour recommended for through-traffic
EVT402090,2025-12-18 11:30:24,Political Rally,J023,Basavanagudi,33671,Weekday,False,Clear,False,0.0,False,False,0.444,Moderate,25.6,27.6,210.4,0.148,0.342,0.946,Moderate traffic flow - standard adaptive signal timing in effect
EVT402091,2025-07-20 08:12:13,Sports Fixture,J020,Malleshwaram Circle,25139,Weekend,False,Clear,False,0.0,False,False,0.967,Severe,9.1,71.1,369.3,0.13,0.3,0.91,Heavy congestion detected - signal timing extended and reroute suggested
EVT402092,2025-05-27 19:39:33,Sports Fixture,J031,Cubbon Road,46378,Weekday,False,Clear,False,0.0,False,False,1.0,Severe,8.7,71.6,620.2,0.233,0.538,0.918,Heavy congestion detected - signal timing extended and reroute suggested
EVT402093,2025-09-20 18:27:22,Concert,J020,Malleshwaram Circle,9096,Weekend,False,Rain,True,19.1,False,False,1.0,Severe,7.6,80.4,546.1,0.174,0.401,0.864,Heavy rain reducing visibility and grip - reduced speed and longer buffer advised
EVT402094,2025-04-08 19:29:02,Sports Fixture,J031,Cubbon Road,32128,Weekday,False,Rain,True,14.0,False,False,1.0,Severe,7.7,64.3,453.2,0.137,0.316,0.848,Heavy rain reducing visibility and grip - reduced speed and longer buffer advised
EVT402095,2025-09-12 17:56:02,Concert,J023,Basavanagudi,10529,Weekday,False,Heavy Rain,True,45.7,False,False,1.0,Severe,8.5,74.0,728.1,0.253,0.583,0.849,Heavy rain reducing visibility and grip - reduced speed and longer buffer advised
EVT402096,2025-12-14 10:59:43,Sports Fixture,J040,City Market,23323,Weekend,False,Clear,False,0.0,False,False,0.58,High,17.5,37.9,209.0,0.14,0.324,0.968,Moderate traffic flow - standard adaptive signal timing in effect
EVT402097,2025-10-09 12:43:40,Local Market Day,J030,MG Road,2834,Weekday,False,Clear,False,0.0,False,False,0.084,Low,40.3,3.1,70.0,0.069,0.159,0.971,Normal free-flow traffic - standard signal timing maintained
EVT402098,2025-09-27 10:06:16,Political Rally,J020,Malleshwaram Circle,23677,Weekend,False,Clear,False,0.0,False,False,0.786,Severe,15.1,55.4,456.4,0.246,0.567,0.966,Heavy congestion detected - signal timing extended and reroute suggested
EVT402099,2026-04-21 09:56:48,Sports Fixture,J009,Majestic,18245,Weekday,False,Clear,False,0.0,False,False,0.912,Severe,12.4,63.0,257.3,0.153,0.354,0.934,Heavy congestion detected - signal timing extended and reroute suggested
EVT402100,2026-02-16 09:09:53,Political Rally,J023,Basavanagudi,19145,Weekday,False,Clear,False,0.0,False,False,1.0,Severe,8.4,74.6,753.5,0.253,0.584,0.909,Heavy congestion detected - signal timing extended and reroute suggested
EVT402101,2025-03-19 10:26:24,Concert,J030,MG Road,11921,Weekday,False,Clear,False,0.0,False,False,0.766,Severe,19.1,53.8,181.9,0.113,0.262,0.98,Heavy congestion detected - signal timing extended and reroute suggested
EVT402102,2026-05-23 01:16:17,Local Market Day,J030,MG Road,3208,Weekend,False,Fog,False,0.0,False,False,0.345,Low,21.8,25.9,249.3,0.158,0.366,0.988,Moderate traffic flow - standard adaptive signal timing in effect
EVT402103,2025-06-08 09:03:15,Trade Fair,J011,Indiranagar 100ft Road,7476,Weekend,False,Clear,False,0.0,False,False,0.983,Severe,7.4,62.9,408.3,0.127,0.293,0.907,Heavy congestion detected - signal timing extended and reroute suggested
EVT402104,2025-01-18 10:47:12,Trade Fair,J011,Indiranagar 100ft Road,9328,Weekend,False,Clear,False,0.0,False,False,0.565,High,24.5,41.5,115.7,0.077,0.178,0.943,Moderate traffic flow - standard adaptive signal timing in effect
EVT402105,2025-06-21 13:56:26,Sports Fixture,J023,Basavanagudi,26228,Weekend,False,Clear,False,0.0,False,False,0.39,Moderate,26.2,32.6,176.2,0.134,0.31,0.955,Moderate traffic flow - standard adaptive signal timing in effect
EVT402106,2026-06-29 10:33:31,Sports Fixture,J012,Koramangala Sony World,29104,Weekday,False,Clear,False,0.0,False,False,0.778,Severe,21.2,55.3,243.9,0.188,0.435,0.96,Heavy congestion detected - signal timing extended and reroute suggested
EVT402107,2026-05-04 18:03:41,Concert,J040,City Market,11318,Weekday,False,Clear,False,0.0,False,False,1.0,Severe,9.9,71.1,691.1,0.268,0.62,0.911,Heavy congestion detected - signal timing extended and reroute suggested
EVT402108,2025-11-18 21:01:47,Trade Fair,J040,City Market,10673,Weekday,False,Fog,False,0.0,False,False,0.483,Moderate,19.1,27.6,171.4,0.106,0.246,0.954,Moderate traffic flow - standard adaptive signal timing in effect
EVT402109,2026-06-03 12:38:28,Sports Fixture,J030,MG Road,26088,Weekday,False,Rain,True,22.9,False,False,0.585,High,19.9,40.4,280.9,0.163,0.376,0.927,Heavy rain reducing visibility and grip - reduced speed and longer buffer advised
EVT402110,2025-05-27 09:04:09,Trade Fair,J040,City Market,9209,Weekday,False,Clear,False,0.0,False,False,1.0,Severe,8.9,69.9,482.0,0.173,0.399,0.893,Heavy congestion detected - signal timing extended and reroute suggested
EVT402111,2026-02-05 14:19:58,Local Market Day,J040,City Market,3609,Weekday,False,Clear,False,0.0,False,False,0.189,Low,36.4,20.5,114.2,0.109,0.251,0.98,Normal free-flow traffic - standard signal timing maintained
EVT402112,2025-07-12 07:59:04,Trade Fair,J020,Malleshwaram Circle,6906,Weekend,False,Clear,False,0.0,False,False,0.745,High,15.7,55.1,312.6,0.178,0.412,0.972,Moderate traffic flow - standard adaptive signal timing in effect
EVT402113,2025-05-24 09:23:15,Trade Fair,J040,City Market,13848,Weekend,False,Clear,False,0.0,False,False,0.889,Severe,8.9,68.8,683.8,0.252,0.581,0.923,Heavy congestion detected - signal timing extended and reroute suggested
EVT402114,2025-09-30 09:05:25,Local Market Day,J012,Koramangala Sony World,4676,Weekday,False,Heavy Rain,True,31.7,False,False,1.0,Severe,7.2,69.3,418.2,0.137,0.317,0.853,Heavy rain reducing visibility and grip - reduced speed and longer buffer advised
EVT402115,2026-02-08 22:01:43,Political Rally,J011,Indiranagar 100ft Road,7220,Weekend,False,Clear,False,0.0,False,False,0.294,Low,30.4,20.0,209.9,0.161,0.371,0.971,Moderate traffic flow - standard adaptive signal timing in effect
EVT402116,2026-01-13 17:26:13,Sports Fixture,J020,Malleshwaram Circle,23254,Weekday,False,Clear,False,0.0,False,False,0.959,Severe,9.6,70.1,449.2,0.163,0.376,0.89,Heavy congestion detected - signal timing extended and reroute suggested
EVT402117,2026-05-19 15:51:35,Local Market Day,J023,Basavanagudi,6752,Weekday,False,Clear,False,0.0,False,False,0.382,Moderate,28.8,41.0,243.3,0.209,0.483,0.946,Moderate traffic flow - standard adaptive signal timing in effect
EVT402118,2025-04-30 14:44:07,Sports Fixture,J009,Majestic,25182,Weekday,False,Clear,False,0.0,False,False,0.298,Low,33.3,18.3,104.8,0.084,0.194,0.927,Moderate traffic flow - standard adaptive signal timing in effect
EVT402119,2025-09-11 11:14:32,Trade Fair,J020,Malleshwaram Circle,6231,Weekday,False,Clear,False,0.0,False,False,0.312,Low,38.1,21.7,145.5,0.127,0.292,0.988,Moderate traffic flow - standard adaptive signal timing in effect
EVT402120,2025-12-26 08:09:34,Fireworks Display,J011,Indiranagar 100ft Road,19031,Weekday,True,Clear,False,0.0,False,False,1.0,Severe,10.2,73.2,411.8,0.18,0.416,0.866,Festival crowd surge detected - alternate route and extended cycle recommended
EVT402121,2026-04-07 17:08:16,Trade Fair,J030,MG Road,7845,Weekday,False,Clear,False,0.0,False,False,0.85,Severe,14.3,65.0,377.5,0.198,0.458,0.925,Heavy congestion detected - signal timing extended and reroute suggested
EVT402122,2025-01-09 17:37:45,Concert,J031,Cubbon Road,11212,Weekday,False,Fog,False,0.0,False,False,0.909,Severe,12.1,63.6,318.9,0.155,0.358,0.936,Heavy congestion detected - signal timing extended and reroute suggested
EVT402123,2026-04-04 11:16:38,Political Rally,J020,Malleshwaram Circle,18629,Weekend,False,Clear,False,0.0,False,False,0.405,Moderate,24.8,26.4,158.4,0.114,0.264,0.99,Moderate traffic flow - standard adaptive signal timing in effect
EVT402124,2025-07-01 08:39:10,Sports Fixture,J020,Malleshwaram Circle,16748,Weekday,False,Clear,False,0.0,False,False,1.0,Severe,9.6,76.9,443.4,0.167,0.386,0.904,Heavy congestion detected - signal timing extended and reroute suggested
EVT402125,2025-04-07 17:00:00,Religious Festival,J011,Indiranagar 100ft Road,30194,Weekday,True,Clear,False,0.0,False,True,1.0,Severe,7.3,100.7,866.2,0.255,0.589,0.852,Road closure for event/procession - full detour recommended for through-traffic
EVT402126,2026-01-08 09:04:30,Sports Fixture,J020,Malleshwaram Circle,31185,Weekday,False,Clear,False,0.0,False,False,1.0,Severe,8.4,73.7,783.1,0.245,0.566,0.924,Heavy congestion detected - signal timing extended and reroute suggested
EVT402127,2025-11-06 11:30:50,Sports Fixture,J023,Basavanagudi,29901,Weekday,False,Clear,False,0.0,False,False,0.429,Moderate,27.5,41.0,163.3,0.101,0.234,0.962,Moderate traffic flow - standard adaptive signal timing in effect
EVT402128,2025-10-22 18:04:59,Religious Festival,J023,Basavanagudi,46624,Weekday,True,Rain,True,10.3,False,True,1.0,Severe,6.7,95.9,491.2,0.158,0.366,0.796,Road closure for event/procession - full detour recommended for through-traffic
EVT402129,2025-03-16 08:33:22,Trade Fair,J009,Majestic,6181,Weekend,False,Clear,False,0.0,False,False,0.859,Severe,14.1,61.3,242.1,0.128,0.295,0.947,Heavy congestion detected - signal timing extended and reroute suggested
EVT402130,2026-04-09 21:00:16,Trade Fair,J011,Indiranagar 100ft Road,13496,Weekday,False,Rain,True,11.4,False,False,0.697,High,15.1,55.4,272.3,0.141,0.325,0.952,Heavy rain reducing visibility and grip - reduced speed and longer buffer advised
EVT402131,2026-02-12 17:58:19,Local Market Day,J023,Basavanagudi,4180,Weekday,False,Light Rain,True,5.8,False,False,1.0,Severe,8.1,75.9,535.7,0.19,0.438,0.88,Heavy rain reducing visibility and grip - reduced speed and longer buffer advised
EVT402132,2025-10-22 21:56:49,Cultural Procession,J040,City Market,31741,Weekday,True,Heavy Rain,True,38.8,False,True,1.0,Severe,7.0,104.9,755.1,0.239,0.552,0.778,Road closure for event/procession - full detour recommended for through-traffic
EVT402133,2026-04-08 11:18:14,Local Market Day,J009,Majestic,2477,Weekday,False,Light Rain,True,0.7,False,False,0.44,Moderate,26.5,28.9,96.8,0.064,0.148,0.933,Light rain detected - minor speed reduction advised
EVT402134,2025-11-07 08:46:55,Political Rally,J011,Indiranagar 100ft Road,17338,Weekday,False,Clear,False,0.0,False,False,1.0,Severe,8.9,71.4,589.9,0.215,0.497,0.928,Heavy congestion detected - signal timing extended and reroute suggested
EVT402135,2026-05-17 18:02:25,Sports Fixture,J009,Majestic,17920,Weekend,False,Clear,False,0.0,False,False,0.922,Severe,9.5,67.3,603.2,0.225,0.521,0.936,Heavy congestion detected - signal timing extended and reroute suggested
EVT402136,2025-05-19 15:38:02,Sports Fixture,J009,Majestic,43607,Weekday,False,Clear,False,0.0,False,False,0.516,Moderate,22.1,32.5,181.0,0.125,0.289,0.971,Moderate traffic flow - standard adaptive signal timing in effect
EVT402137,2026-02-17 11:35:06,Local Market Day,J040,City Market,2553,Weekday,False,Fog,False,0.0,False,False,0.331,Low,37.9,15.6,138.5,0.129,0.299,0.947,Moderate traffic flow - standard adaptive signal timing in effect
EVT402138,2025-11-15 17:45:57,Concert,J012,Koramangala Sony World,12496,Weekend,False,Clear,False,0.0,False,False,0.872,Severe,9.8,57.1,656.1,0.248,0.573,0.935,Heavy congestion detected - signal timing extended and reroute suggested
EVT402139,2025-10-26 11:36:06,Sports Fixture,J020,Malleshwaram Circle,28339,Weekend,False,Rain,True,24.3,False,False,0.72,High,21.5,46.5,119.1,0.071,0.163,0.909,Heavy rain reducing visibility and grip - reduced speed and longer buffer advised
EVT402140,2025-03-18 19:21:28,Local Market Day,J011,Indiranagar 100ft Road,5238,Weekday,False,Fog,False,0.0,True,False,1.0,Severe,10.9,69.2,459.4,0.201,0.464,0.772,Accident detected nearby - reroute and reduced speed advised
EVT402141,2025-05-04 10:02:22,Sports Fixture,J031,Cubbon Road,16484,Weekend,False,Clear,False,0.0,False,False,0.761,Severe,15.1,57.3,320.7,0.195,0.451,0.948,Heavy congestion detected - signal timing extended and reroute suggested
EVT402142,2025-03-09 11:06:10,Local Market Day,J012,Koramangala Sony World,4351,Weekend,False,Clear,False,0.0,False,False,0.406,Moderate,31.6,24.3,57.9,0.032,0.074,0.967,Moderate traffic flow - standard adaptive signal timing in effect
EVT402143,2025-10-21 13:38:39,Religious Festival,J011,Indiranagar 100ft Road,30812,Weekday,True,Clear,False,0.0,False,False,0.519,Moderate,19.7,33.3,256.9,0.16,0.369,0.9,Festival crowd surge detected - alternate route and extended cycle recommended
EVT402144,2025-06-17 17:47:31,Sports Fixture,J023,Basavanagudi,19577,Weekday,False,Clear,False,0.0,False,False,1.0,Severe,10.0,68.9,440.4,0.193,0.446,0.922,Heavy congestion detected - signal timing extended and reroute suggested
EVT402145,2025-11-04 09:51:43,Sports Fixture,J023,Basavanagudi,24875,Weekday,False,Light Rain,True,4.0,False,False,1.0,Severe,9.5,71.6,284.8,0.121,0.279,0.86,Heavy rain reducing visibility and grip - reduced speed and longer buffer advised
EVT402146,2026-04-11 21:52:46,Political Rally,J030,MG Road,8857,Weekend,False,Clear,False,0.0,False,False,0.302,Low,31.0,21.9,132.3,0.112,0.259,0.972,Moderate traffic flow - standard adaptive signal timing in effect
EVT402147,2025-01-14 19:01:14,Religious Festival,J009,Majestic,37852,Weekday,True,Clear,False,0.0,False,True,1.0,Severe,6.7,91.4,999.0,0.271,0.626,0.828,Road closure for event/procession - full detour recommended for through-traffic
EVT402148,2025-11-22 08:08:46,Political Rally,J011,Indiranagar 100ft Road,17477,Weekend,False,Clear,False,0.0,False,False,0.875,Severe,15.5,60.0,425.1,0.225,0.519,0.945,Heavy congestion detected - signal timing extended and reroute suggested
EVT402149,2025-01-28 15:48:16,Sports Fixture,J012,Koramangala Sony World,17660,Weekday,False,Clear,False,0.0,False,False,0.427,Moderate,30.7,35.6,205.6,0.197,0.456,0.969,Moderate traffic flow - standard adaptive signal timing in effect
EVT402150,2025-02-17 20:44:08,Sports Fixture,J040,City Market,30154,Weekday,False,Clear,False,0.0,False,False,0.66,High,17.8,48.0,312.2,0.176,0.407,0.962,Moderate traffic flow - standard adaptive signal timing in effect
EVT402151,2025-03-04 11:43:39,Sports Fixture,J040,City Market,38253,Weekday,False,Clear,False,0.0,False,False,0.503,Moderate,24.3,36.2,191.7,0.127,0.293,0.974,Moderate traffic flow - standard adaptive signal timing in effect
EVT402152,2025-12-08 16:12:46,Concert,J031,Cubbon Road,13438,Weekday,False,Clear,False,0.0,False,False,0.568,High,26.1,37.1,205.9,0.155,0.358,0.967,Moderate traffic flow - standard adaptive signal timing in effect
EVT402153,2025-01-07 05:18:44,Trade Fair,J023,Basavanagudi,14762,Weekday,False,Clear,False,0.0,False,False,0.23,Low,27.0,15.0,56.9,0.041,0.095,0.978,Normal free-flow traffic - standard signal timing maintained
EVT402154,2026-06-23 18:23:11,Local Market Day,J011,Indiranagar 100ft Road,3453,Weekday,False,Rain,True,16.6,False,False,1.0,Severe,7.4,72.5,467.6,0.158,0.365,0.878,Heavy rain reducing visibility and grip - reduced speed and longer buffer advised
EVT402155,2025-03-29 06:14:16,Concert,J040,City Market,12925,Weekend,False,Fog,False,0.0,False,False,0.299,Low,32.5,23.3,135.6,0.124,0.287,0.956,Moderate traffic flow - standard adaptive signal timing in effect
EVT402156,2025-03-01 17:54:55,Sports Fixture,J023,Basavanagudi,17805,Weekend,False,Clear,False,0.0,False,False,0.865,Severe,13.8,61.0,387.4,0.207,0.479,0.934,Heavy congestion detected - signal timing extended and reroute suggested
EVT402157,2025-05-02 18:34:09,Fireworks Display,J012,Koramangala Sony World,21990,Weekday,True,Clear,False,0.0,False,False,1.0,Severe,8.5,59.8,562.4,0.196,0.453,0.866,Festival crowd surge detected - alternate route and extended cycle recommended
EVT402158,2025-05-19 11:41:39,Concert,J030,MG Road,8818,Weekday,False,Fog,False,0.0,False,False,0.244,Low,32.3,20.0,131.4,0.12,0.277,0.962,Normal free-flow traffic - standard signal timing maintained
EVT402159,2025-02-24 18:33:54,Sports Fixture,J031,Cubbon Road,42839,Weekday,False,Clear,False,0.0,False,False,1.0,Severe,8.4,71.4,521.3,0.171,0.396,0.928,Heavy congestion detected - signal timing extended and reroute suggested
EVT402160,2026-02-26 07:58:06,Local Market Day,J009,Majestic,5073,Weekday,False,Fog,False,0.0,False,False,0.824,Severe,11.5,57.1,356.0,0.164,0.379,0.952,Heavy congestion detected - signal timing extended and reroute suggested
EVT402161,2025-04-21 08:47:39,Local Market Day,J040,City Market,5599,Weekday,False,Clear,False,0.0,False,False,1.0,Severe,8.1,68.6,563.4,0.199,0.46,0.912,Heavy congestion detected - signal timing extended and reroute suggested
EVT402162,2025-07-27 11:39:14,Trade Fair,J040,City Market,7174,Weekend,False,Clear,False,0.0,False,False,0.317,Low,28.0,20.5,153.0,0.141,0.327,0.961,Moderate traffic flow - standard adaptive signal timing in effect
EVT402163,2025-12-26 20:33:44,Cultural Procession,J023,Basavanagudi,19524,Weekday,True,Clear,False,0.0,False,True,1.0,Severe,8.6,91.9,720.8,0.268,0.618,0.813,Road closure for event/procession - full detour recommended for through-traffic
EVT402164,2026-06-08 09:33:46,Trade Fair,J009,Majestic,4247,Weekday,False,Fog,False,0.0,False,False,0.913,Severe,10.3,66.5,425.6,0.186,0.429,0.92,Heavy congestion detected - signal timing extended and reroute suggested
EVT402165,2025-12-11 08:17:36,Sports Fixture,J040,City Market,25675,Weekday,False,Clear,False,0.0,False,False,1.0,Severe,8.8,73.4,596.1,0.22,0.508,0.923,Heavy congestion detected - signal timing extended and reroute suggested
EVT402166,2025-02-01 14:59:04,Trade Fair,J030,MG Road,6154,Weekend,False,Clear,False,0.0,False,False,0.306,Low,23.7,18.2,82.6,0.048,0.111,0.95,Moderate traffic flow - standard adaptive signal timing in effect
EVT402167,2026-02-24 14:22:28,Local Market Day,J030,MG Road,2876,Weekday,False,Clear,False,0.0,False,False,0.185,Low,27.5,16.1,199.7,0.137,0.316,0.958,Normal free-flow traffic - standard signal timing maintained
EVT402168,2025-12-27 20:24:30,Sports Fixture,J011,Indiranagar 100ft Road,18395,Weekend,False,Clear,False,0.0,False,False,0.718,High,15.9,56.4,257.1,0.125,0.289,0.974,Moderate traffic flow - standard adaptive signal timing in effect
EVT402169,2026-03-20 17:12:01,Cultural Procession,J040,City Market,15439,Weekday,True,Rain,True,10.5,False,False,1.0,Severe,10.0,74.4,510.9,0.204,0.471,0.808,Festival crowd surge detected - alternate route and extended cycle recommended
EVT402170,2025-08-31 07:30:28,Local Market Day,J009,Majestic,2818,Weekend,False,Clear,False,0.0,False,False,0.509,Moderate,27.5,38.0,294.4,0.218,0.502,0.941,Moderate traffic flow - standard adaptive signal timing in effect
EVT402171,2025-08-02 20:29:47,Local Market Day,J023,Basavanagudi,4259,Weekend,False,Clear,False,0.0,False,False,0.515,Moderate,29.2,36.5,103.7,0.087,0.202,0.935,Moderate traffic flow - standard adaptive signal timing in effect
EVT402172,2025-09-26 18:22:58,Concert,J023,Basavanagudi,15614,Weekday,False,Clear,False,0.0,False,False,1.0,Severe,11.1,71.8,502.4,0.207,0.478,0.926,Heavy congestion detected - signal timing extended and reroute suggested
EVT402173,2026-03-12 16:02:14,Local Market Day,J030,MG Road,7320,Weekday,False,Clear,False,0.0,False,False,0.466,Moderate,18.0,30.9,123.2,0.065,0.151,0.97,Moderate traffic flow - standard adaptive signal timing in effect
EVT402174,2025-04-16 07:22:16,Sports Fixture,J023,Basavanagudi,19196,Weekday,False,Fog,False,0.0,False,False,0.647,High,19.2,49.6,195.9,0.125,0.289,0.958,Moderate traffic flow - standard adaptive signal timing in effect
EVT402175,2026-04-23 18:05:40,Concert,J009,Majestic,10480,Weekday,False,Clear,False,0.0,False,False,0.979,Severe,6.7,70.5,972.0,0.268,0.62,0.911,Heavy congestion detected - signal timing extended and reroute suggested
EVT402176,2026-05-07 10:50:44,Sports Fixture,J023,Basavanagudi,28274,Weekday,False,Clear,False,0.0,False,False,0.568,High,22.9,39.8,136.2,0.073,0.169,0.965,Moderate traffic flow - standard adaptive signal timing in effect
EVT402177,2026-02-18 18:51:58,Local Market Day,J009,Majestic,3641,Weekday,False,Clear,False,0.0,False,False,0.941,Severe,8.6,68.9,674.1,0.233,0.539,0.901,Heavy congestion detected - signal timing extended and reroute suggested
EVT402178,2025-12-31 10:00:41,Concert,J040,City Market,12451,Weekday,False,Clear,False,0.0,False,False,0.926,Severe,10.1,59.9,320.8,0.118,0.273,0.923,Heavy congestion detected - signal timing extended and reroute suggested
EVT402179,2026-01-28 07:18:38,Concert,J020,Malleshwaram Circle,7798,Weekday,False,Clear,False,0.0,False,False,0.515,Moderate,25.6,38.2,243.3,0.176,0.406,0.941,Moderate traffic flow - standard adaptive signal timing in effect
EVT402180,2025-06-17 09:17:34,Sports Fixture,J009,Majestic,9245,Weekday,False,Clear,False,0.0,False,False,1.0,Severe,6.6,66.9,339.6,0.11,0.255,0.928,Heavy congestion detected - signal timing extended and reroute suggested
EVT402181,2025-11-06 16:26:38,Local Market Day,J011,Indiranagar 100ft Road,3683,Weekday,False,Clear,False,0.0,False,False,0.542,Moderate,22.4,37.4,273.3,0.191,0.441,0.958,Moderate traffic flow - standard adaptive signal timing in effect
EVT402182,2025-05-11 20:18:26,Local Market Day,J023,Basavanagudi,4957,Weekend,False,Clear,False,0.0,False,False,0.635,High,23.2,45.9,130.3,0.093,0.214,0.971,Moderate traffic flow - standard adaptive signal timing in effect
EVT402183,2025-04-13 10:32:25,Local Market Day,J030,MG Road,7790,Weekend,False,Light Rain,True,3.7,False,False,0.648,High,17.1,46.9,290.5,0.174,0.403,0.907,Heavy rain reducing visibility and grip - reduced speed and longer buffer advised
EVT402184,2025-08-14 18:35:07,Local Market Day,J040,City Market,3480,Weekday,False,Clear,False,0.0,False,False,1.0,Severe,9.3,73.0,551.7,0.205,0.475,0.914,Heavy congestion detected - signal timing extended and reroute suggested
EVT402185,2025-04-03 09:22:16,Sports Fixture,J023,Basavanagudi,18376,Weekday,False,Clear,False,0.0,False,False,1.0,Severe,6.8,75.9,983.8,0.245,0.565,0.901,Heavy congestion detected - signal timing extended and reroute suggested
EVT402186,2025-01-04 11:44:26,Trade Fair,J030,MG Road,11397,Weekend,False,Clear,False,0.0,False,False,0.393,Moderate,30.9,25.0,207.2,0.189,0.437,0.99,Moderate traffic flow - standard adaptive signal timing in effect
EVT402187,2026-05-11 20:20:31,Local Market Day,J009,Majestic,3514,Weekday,False,Clear,False,0.0,False,False,0.624,High,21.1,46.2,236.4,0.158,0.364,0.952,Moderate traffic flow - standard adaptive signal timing in effect
EVT402188,2025-02-22 14:33:15,Trade Fair,J012,Koramangala Sony World,16370,Weekend,False,Clear,False,0.0,False,False,0.403,Moderate,30.9,32.2,170.6,0.159,0.367,0.99,Moderate traffic flow - standard adaptive signal timing in effect
EVT402189,2025-08-07 15:04:46,Local Market Day,J009,Majestic,4829,Weekday,False,Clear,False,0.0,False,False,0.275,Low,37.7,25.9,169.6,0.144,0.331,0.954,Moderate traffic flow - standard adaptive signal timing in effect
EVT402190,2026-03-26 18:59:17,Religious Festival,J031,Cubbon Road,42087,Weekday,True,Fog,False,0.0,False,False,1.0,Severe,7.5,71.8,805.4,0.246,0.568,0.873,Festival crowd surge detected - alternate route and extended cycle recommended
EVT402191,2026-06-16 17:00:14,Trade Fair,J009,Majestic,11572,Weekday,False,Heavy Rain,True,59.2,False,False,1.0,Severe,7.9,69.3,617.1,0.196,0.452,0.881,Heavy rain reducing visibility and grip - reduced speed and longer buffer advised
EVT402192,2025-07-08 09:33:18,Local Market Day,J023,Basavanagudi,1826,Weekday,False,Clear,False,0.0,False,False,1.0,Severe,8.4,68.3,689.8,0.234,0.541,0.903,Heavy congestion detected - signal timing extended and reroute suggested
EVT402193,2026-05-10 05:23:38,Concert,J012,Koramangala Sony World,5627,Weekend,False,Heavy Rain,True,26.0,False,False,0.55,High,22.6,32.2,244.3,0.169,0.39,0.916,Heavy rain reducing visibility and grip - reduced speed and longer buffer advised
EVT402194,2025-01-25 19:52:24,Political Rally,J023,Basavanagudi,18996,Weekend,False,Clear,False,0.0,False,False,0.792,Severe,16.0,54.2,483.0,0.256,0.592,0.954,Heavy congestion detected - signal timing extended and reroute suggested
EVT402195,2026-06-01 18:46:14,Concert,J011,Indiranagar 100ft Road,9186,Weekday,False,Rain,True,19.1,False,False,1.0,Severe,8.4,70.0,615.4,0.23,0.532,0.895,Heavy rain reducing visibility and grip - reduced speed and longer buffer advised
EVT402196,2026-04-10 15:16:39,Local Market Day,J020,Malleshwaram Circle,8141,Weekday,False,Clear,False,0.0,False,False,0.31,Low,33.0,20.5,131.7,0.116,0.269,0.944,Moderate traffic flow - standard adaptive signal timing in effect
EVT402197,2026-02-22 08:52:13,Trade Fair,J040,City Market,7861,Weekend,False,Clear,False,0.0,False,False,0.899,Severe,13.2,55.6,206.1,0.095,0.22,0.954,Heavy congestion detected - signal timing extended and reroute suggested
EVT402198,2025-11-08 08:35:20,Local Market Day,J040,City Market,5029,Weekend,False,Clear,False,0.0,False,False,0.82,Severe,13.1,56.8,430.0,0.199,0.46,0.985,Heavy congestion detected - signal timing extended and reroute suggested
EVT402199,2026-05-02 15:58:38,Religious Festival,J031,Cubbon Road,22931,Weekend,True,Clear,False,0.0,False,False,0.726,High,16.6,52.2,322.7,0.187,0.432,0.908,Festival crowd surge detected - alternate route and extended cycle recommended
EVT402200,2026-04-04 17:48:54,Local Market Day,J040,City Market,1770,Weekend,False,Light Rain,True,4.3,False,False,0.792,Severe,11.3,62.2,161.7,0.087,0.201,0.914,Heavy rain reducing visibility and grip - reduced speed and longer buffer advised
EVT402201,2026-01-26 09:11:04,Fireworks Display,J031,Cubbon Road,30801,Weekday,True,Light Rain,True,1.5,False,False,1.0,Severe,9.5,69.5,246.9,0.097,0.225,0.839,Festival crowd surge detected - alternate route and extended cycle recommended
EVT402202,2025-09-25 14:51:21,Trade Fair,J030,MG Road,5571,Weekday,False,Rain,True,15.3,False,False,0.401,Moderate,27.6,32.9,204.2,0.146,0.336,0.929,Light rain detected - minor speed reduction advised
EVT402203,2026-01-09 17:48:02,Local Market Day,J020,Malleshwaram Circle,5931,Weekday,False,Clear,False,0.0,False,False,0.852,Severe,12.7,57.8,464.2,0.227,0.525,0.957,Heavy congestion detected - signal timing extended and reroute suggested
EVT402204,2025-09-28 10:15:27,Sports Fixture,J031,Cubbon Road,15624,Weekend,False,Clear,False,0.0,False,False,0.741,High,18.4,51.3,453.1,0.27,0.625,0.939,Moderate traffic flow - standard adaptive signal timing in effect
EVT402205,2025-07-02 13:34:25,Concert,J012,Koramangala Sony World,6459,Weekday,False,Rain,True,11.2,False,False,0.306,Low,31.6,24.8,189.0,0.161,0.371,0.913,Light rain detected - minor speed reduction advised
EVT402206,2026-05-18 15:14:56,Trade Fair,J030,MG Road,11487,Weekday,False,Clear,False,0.0,False,False,0.316,Low,28.9,27.5,223.3,0.177,0.409,0.949,Moderate traffic flow - standard adaptive signal timing in effect
EVT402207,2026-01-28 12:45:31,Local Market Day,J040,City Market,3242,Weekday,False,Clear,False,0.0,False,False,0.179,Low,33.8,9.8,177.7,0.161,0.372,0.953,Normal free-flow traffic - standard signal timing maintained
EVT402208,2025-03-29 12:04:45,Trade Fair,J031,Cubbon Road,13570,Weekend,False,Clear,False,0.0,False,False,0.391,Moderate,28.5,30.7,194.4,0.166,0.383,0.971,Moderate traffic flow - standard adaptive signal timing in effect
EVT402209,2026-06-01 22:57:01,Political Rally,J009,Majestic,11585,Weekday,False,Rain,True,21.7,False,False,0.487,Moderate,25.2,37.1,180.7,0.135,0.313,0.929,Light rain detected - minor speed reduction advised
EVT402210,2025-12-11 14:49:30,Concert,J011,Indiranagar 100ft Road,15651,Weekday,False,Clear,False,0.0,False,False,0.297,Low,31.9,23.5,150.2,0.136,0.314,0.943,Moderate traffic flow - standard adaptive signal timing in effect
EVT402211,2025-04-30 09:15:09,Local Market Day,J030,MG Road,2419,Weekday,False,Clear,False,0.0,False,False,0.982,Severe,8.0,66.8,418.8,0.15,0.348,0.923,Heavy congestion detected - signal timing extended and reroute suggested
EVT402212,2025-08-31 18:37:41,Sports Fixture,J011,Indiranagar 100ft Road,23341,Weekend,False,Clear,False,0.0,False,False,1.0,Severe,6.8,68.0,678.3,0.229,0.53,0.905,Heavy congestion detected - signal timing extended and reroute suggested
EVT402213,2025-02-22 19:29:58,Trade Fair,J020,Malleshwaram Circle,5135,Weekend,False,Clear,False,0.0,False,False,0.775,Severe,14.8,52.3,424.6,0.2,0.462,0.953,Heavy congestion detected - signal timing extended and reroute suggested
EVT402214,2026-01-11 20:39:20,Local Market Day,J031,Cubbon Road,2620,Weekend,False,Clear,False,0.0,False,False,0.438,Moderate,36.0,34.4,129.5,0.112,0.26,0.97,Moderate traffic flow - standard adaptive signal timing in effect
EVT402215,2025-08-14 15:13:53,Local Market Day,J023,Basavanagudi,2521,Weekday,False,Clear,False,0.0,False,False,0.33,Low,32.0,31.1,135.2,0.11,0.253,0.99,Moderate traffic flow - standard adaptive signal timing in effect
EVT402216,2026-02-16 06:16:43,Concert,J040,City Market,8752,Weekday,False,Fog,False,0.0,False,False,0.236,Low,34.2,16.4,71.0,0.056,0.13,0.965,Normal free-flow traffic - standard signal timing maintained
EVT402217,2025-10-09 15:40:09,Concert,J040,City Market,11489,Weekday,False,Fog,False,0.0,False,False,0.425,Moderate,26.1,33.1,156.9,0.121,0.28,0.935,Moderate traffic flow - standard adaptive signal timing in effect
EVT402218,2025-07-22 14:10:15,Local Market Day,J011,Indiranagar 100ft Road,3829,Weekday,False,Heavy Rain,True,49.6,False,False,0.582,High,24.3,39.8,181.2,0.121,0.28,0.922,Heavy rain reducing visibility and grip - reduced speed and longer buffer advised
EVT402219,2026-04-23 11:29:33,Local Market Day,J040,City Market,5357,Weekday,False,Clear,False,0.0,False,False,0.428,Moderate,28.7,27.6,130.0,0.093,0.215,0.949,Moderate traffic flow - standard adaptive signal timing in effect
EVT402220,2026-01-12 16:57:22,Local Market Day,J012,Koramangala Sony World,5243,Weekday,False,Clear,False,0.0,False,False,0.632,High,19.8,51.2,348.2,0.22,0.509,0.972,Moderate traffic flow - standard adaptive signal timing in effect
EVT402221,2025-06-08 08:31:58,Local Market Day,J031,Cubbon Road,1223,Weekend,False,Clear,False,0.0,False,False,0.815,Severe,14.2,58.1,302.5,0.148,0.342,0.945,Heavy congestion detected - signal timing extended and reroute suggested
EVT402222,2026-06-29 23:56:59,Sports Fixture,J030,MG Road,37040,Weekday,False,Heavy Rain,True,30.0,False,False,0.642,High,18.2,45.3,195.4,0.12,0.277,0.911,Heavy rain reducing visibility and grip - reduced speed and longer buffer advised
EVT402223,2025-03-08 15:25:08,Trade Fair,J040,City Market,10061,Weekend,False,Clear,False,0.0,False,False,0.329,Low,29.0,17.9,212.0,0.165,0.38,0.935,Moderate traffic flow - standard adaptive signal timing in effect
EVT402224,2025-11-13 07:53:54,Sports Fixture,J020,Malleshwaram Circle,21037,Weekday,False,Clear,False,0.0,False,False,0.872,Severe,14.0,61.1,156.0,0.065,0.151,0.923,Heavy congestion detected - signal timing extended and reroute suggested
EVT402225,2025-07-23 06:08:14,Trade Fair,J040,City Market,11375,Weekday,False,Rain,True,16.1,False,False,0.433,Moderate,15.4,29.8,225.3,0.13,0.301,0.909,Light rain detected - minor speed reduction advised
EVT402226,2025-01-12 09:29:26,Local Market Day,J012,Koramangala Sony World,2848,Weekend,False,Clear,False,0.0,False,False,0.817,Severe,15.0,58.8,343.3,0.171,0.395,0.944,Heavy congestion detected - signal timing extended and reroute suggested
EVT402227,2026-04-22 09:15:47,Trade Fair,J020,Malleshwaram Circle,13028,Weekday,False,Light Rain,True,4.1,False,False,1.0,Severe,8.6,70.2,631.0,0.217,0.501,0.84,Heavy rain reducing visibility and grip - reduced speed and longer buffer advised
EVT402228,2026-06-20 21:51:57,Sports Fixture,J011,Indiranagar 100ft Road,12822,Weekend,False,Heavy Rain,True,76.3,False,False,0.754,Severe,16.8,54.3,134.2,0.084,0.195,0.925,Heavy rain reducing visibility and grip - reduced speed and longer buffer advised
EVT402229,2025-12-15 08:42:26,Trade Fair,J031,Cubbon Road,10208,Weekday,False,Clear,False,0.0,False,False,0.98,Severe,8.9,71.2,343.0,0.14,0.324,0.917,Heavy congestion detected - signal timing extended and reroute suggested
EVT402230,2025-12-15 17:08:31,Local Market Day,J009,Majestic,4070,Weekday,False,Clear,False,0.0,False,False,0.796,Severe,12.7,62.9,653.0,0.288,0.666,0.956,Heavy congestion detected - signal timing extended and reroute suggested
EVT402231,2025-05-15 10:11:53,Concert,J020,Malleshwaram Circle,11534,Weekday,False,Clear,False,0.0,False,False,0.828,Severe,17.7,61.0,274.9,0.18,0.416,0.969,Heavy congestion detected - signal timing extended and reroute suggested
EVT402232,2025-09-19 20:03:42,Concert,J011,Indiranagar 100ft Road,11314,Weekday,False,Clear,False,0.0,False,False,0.742,High,18.6,46.9,368.0,0.219,0.506,0.962,Moderate traffic flow - standard adaptive signal timing in effect
EVT402233,2026-04-12 10:43:13,Political Rally,J031,Cubbon Road,10877,Weekend,False,Clear,False,0.0,False,False,0.531,Moderate,27.0,37.4,157.8,0.126,0.29,0.963,Moderate traffic flow - standard adaptive signal timing in effect
EVT402234,2025-04-24 16:39:43,Local Market Day,J012,Koramangala Sony World,4284,Weekday,False,Clear,False,0.0,False,False,0.584,High,22.2,39.5,197.6,0.127,0.293,0.971,Moderate traffic flow - standard adaptive signal timing in effect
EVT402235,2026-01-28 08:17:26,Local Market Day,J030,MG Road,4565,Weekday,False,Clear,False,0.0,False,False,0.957,Severe,9.8,65.5,238.9,0.11,0.255,0.914,Heavy congestion detected - signal timing extended and reroute suggested
EVT402236,2026-02-24 07:08:28,Concert,J031,Cubbon Road,19146,Weekday,False,Clear,False,0.0,False,False,0.585,High,18.8,48.0,384.2,0.241,0.558,0.972,Moderate traffic flow - standard adaptive signal timing in effect
EVT402237,2025-12-24 18:35:14,Sports Fixture,J023,Basavanagudi,16554,Weekday,False,Light Rain,True,6.8,False,False,1.0,Severe,7.4,76.8,457.3,0.141,0.325,0.873,Heavy rain reducing visibility and grip - reduced speed and longer buffer advised
EVT402238,2025-10-27 14:26:23,Concert,J011,Indiranagar 100ft Road,10585,Weekday,False,Clear,False,0.0,False,False,0.279,Low,29.9,15.8,91.8,0.074,0.172,0.957,Moderate traffic flow - standard adaptive signal timing in effect
EVT402239,2025-04-19 20:24:36,Local Market Day,J030,MG Road,2428,Weekend,False,Clear,False,0.0,False,False,0.564,High,27.3,41.5,192.3,0.118,0.274,0.979,Moderate traffic flow - standard adaptive signal timing in effect
EVT402240,2025-08-20 15:57:00,Local Market Day,J009,Majestic,2293,Weekday,False,Fog,False,0.0,False,False,0.462,Moderate,32.1,30.6,125.1,0.107,0.248,0.962,Moderate traffic flow - standard adaptive signal timing in effect
EVT402241,2025-08-11 15:05:27,Sports Fixture,J040,City Market,20121,Weekday,False,Clear,False,0.0,False,False,0.346,Low,27.3,24.2,156.6,0.137,0.316,0.961,Moderate traffic flow - standard adaptive signal timing in effect
EVT402242,2025-03-10 07:39:19,Sports Fixture,J031,Cubbon Road,22391,Weekday,False,Clear,False,0.0,False,False,0.751,Severe,12.6,56.7,178.0,0.084,0.195,0.98,Heavy congestion detected - signal timing extended and reroute suggested
EVT402243,2026-03-05 14:10:24,Religious Festival,J023,Basavanagudi,49411,Weekday,True,Clear,False,0.0,False,True,0.798,High,15.6,72.4,179.3,0.102,0.236,0.874,Road closure for event/procession - full detour recommended for through-traffic
EVT402244,2025-02-05 09:13:03,Sports Fixture,J009,Majestic,33188,Weekday,False,Clear,False,0.0,False,False,1.0,Severe,7.9,72.5,431.2,0.172,0.396,0.946,Heavy congestion detected - signal timing extended and reroute suggested
EVT402245,2025-10-11 17:10:23,Trade Fair,J009,Majestic,6108,Weekend,False,Clear,False,0.0,False,False,0.703,High,19.4,48.5,233.2,0.152,0.352,0.94,Moderate traffic flow - standard adaptive signal timing in effect
EVT402246,2025-01-18 16:58:38,Local Market Day,J031,Cubbon Road,3236,Weekend,False,Clear,False,0.0,False,False,0.685,High,15.2,56.2,277.9,0.142,0.329,0.969,Moderate traffic flow - standard adaptive signal timing in effect
EVT402247,2025-09-04 05:37:08,Local Market Day,J040,City Market,3825,Weekday,False,Clear,False,0.0,False,False,0.252,Low,25.6,11.0,183.5,0.129,0.299,0.954,Moderate traffic flow - standard adaptive signal timing in effect
EVT402248,2025-11-26 14:54:27,Local Market Day,J009,Majestic,5410,Weekday,False,Clear,False,0.0,False,False,0.212,Low,32.1,13.1,128.4,0.109,0.252,0.979,Normal free-flow traffic - standard signal timing maintained
EVT402249,2026-04-03 18:39:33,Sports Fixture,J023,Basavanagudi,53664,Weekday,False,Clear,False,0.0,False,False,1.0,Severe,8.7,70.5,609.7,0.221,0.511,0.909,Heavy congestion detected - signal timing extended and reroute suggested
EVT402250,2025-09-17 23:35:42,Trade Fair,J040,City Market,9830,Weekday,False,Clear,False,0.0,False,False,0.246,Low,23.3,17.9,168.1,0.104,0.24,0.99,Normal free-flow traffic - standard signal timing maintained
EVT402251,2026-06-03 20:46:25,Trade Fair,J031,Cubbon Road,7110,Weekday,False,Clear,False,0.0,False,False,0.556,High,24.0,37.5,201.2,0.15,0.347,0.964,Moderate traffic flow - standard adaptive signal timing in effect
EVT402252,2025-05-30 05:20:09,Local Market Day,J012,Koramangala Sony World,4415,Weekday,False,Clear,False,0.0,False,False,0.196,Low,33.3,13.6,141.2,0.127,0.294,0.963,Normal free-flow traffic - standard signal timing maintained
EVT402253,2025-01-31 17:40:46,Sports Fixture,J040,City Market,28714,Weekday,False,Clear,False,0.0,False,False,1.0,Severe,8.9,68.1,476.8,0.177,0.409,0.933,Heavy congestion detected - signal timing extended and reroute suggested
EVT402254,2025-08-10 12:59:19,Local Market Day,J012,Koramangala Sony World,2606,Weekend,False,Clear,False,0.0,False,False,0.278,Low,31.5,16.0,124.8,0.112,0.258,0.959,Moderate traffic flow - standard adaptive signal timing in effect
EVT402255,2025-04-11 15:00:56,Trade Fair,J030,MG Road,5308,Weekday,False,Clear,False,0.0,False,False,0.245,Low,28.1,17.1,74.4,0.05,0.116,0.972,Normal free-flow traffic - standard signal timing maintained
EVT402256,2026-05-06 19:32:57,Political Rally,J030,MG Road,10745,Weekday,False,Clear,False,0.0,False,False,0.946,Severe,11.7,66.4,393.6,0.163,0.377,0.902,Heavy congestion detected - signal timing extended and reroute suggested
EVT402257,2025-05-02 07:15:53,Fireworks Display,J011,Indiranagar 100ft Road,22369,Weekday,True,Clear,False,0.0,False,False,0.736,High,17.7,52.5,287.6,0.147,0.338,0.906,Festival crowd surge detected - alternate route and extended cycle recommended
EVT402258,2026-06-02 09:44:52,Concert,J011,Indiranagar 100ft Road,10135,Weekday,False,Clear,False,0.0,False,False,0.934,Severe,11.9,73.7,503.6,0.233,0.537,0.919,Heavy congestion detected - signal timing extended and reroute suggested
EVT402259,2025-10-11 04:29:23,Trade Fair,J023,Basavanagudi,9096,Weekend,False,Clear,False,0.0,False,False,0.239,Low,30.1,16.2,243.2,0.195,0.449,0.939,Normal free-flow traffic - standard signal timing maintained
EVT402260,2026-02-07 16:51:39,Sports Fixture,J011,Indiranagar 100ft Road,25840,Weekend,False,Clear,False,0.0,False,False,0.681,High,18.3,46.9,141.9,0.084,0.195,0.985,Moderate traffic flow - standard adaptive signal timing in effect
EVT402261,2025-05-24 20:40:33,Sports Fixture,J023,Basavanagudi,13206,Weekend,False,Clear,False,0.0,False,False,0.552,High,18.3,40.1,186.4,0.104,0.24,0.99,Moderate traffic flow - standard adaptive signal timing in effect
EVT402262,2025-10-16 06:21:45,Local Market Day,J023,Basavanagudi,4106,Weekday,False,Clear,False,0.0,False,False,0.305,Low,26.8,22.1,107.7,0.071,0.164,0.971,Moderate traffic flow - standard adaptive signal timing in effect
EVT402263,2025-12-03 08:20:30,Political Rally,J031,Cubbon Road,16986,Weekday,False,Fog,False,0.0,False,False,0.963,Severe,8.1,65.1,591.8,0.203,0.469,0.926,Heavy congestion detected - signal timing extended and reroute suggested
EVT402264,2025-01-14 15:21:09,Religious Festival,J023,Basavanagudi,35494,Weekday,True,Clear,False,0.0,False,False,0.705,High,18.6,49.4,177.4,0.126,0.292,0.907,Festival crowd surge detected - alternate route and extended cycle recommended
EVT402265,2026-01-11 19:54:32,Trade Fair,J031,Cubbon Road,6959,Weekend,False,Clear,False,0.0,False,False,0.754,Severe,19.1,52.1,308.2,0.214,0.495,0.964,Heavy congestion detected - signal timing extended and reroute suggested
EVT402266,2026-05-18 17:28:09,Sports Fixture,J020,Malleshwaram Circle,20711,Weekday,False,Clear,False,0.0,False,False,0.978,Severe,8.3,68.1,825.7,0.286,0.661,0.933,Heavy congestion detected - signal timing extended and reroute suggested
EVT402267,2026-01-05 09:18:28,Local Market Day,J011,Indiranagar 100ft Road,4145,Weekday,False,Clear,False,0.0,False,False,1.0,Severe,6.9,62.2,623.0,0.163,0.377,0.938,Heavy congestion detected - signal timing extended and reroute suggested
EVT402268,2025-07-05 18:27:27,Sports Fixture,J023,Basavanagudi,11368,Weekend,False,Clear,False,0.0,False,False,0.919,Severe,9.3,70.7,554.1,0.21,0.485,0.92,Heavy congestion detected - signal timing extended and reroute suggested
EVT402269,2025-05-06 19:08:05,Political Rally,J012,Koramangala Sony World,18958,Weekday,False,Clear,False,0.0,False,False,0.992,Severe,8.7,73.2,431.9,0.166,0.383,0.905,Heavy congestion detected - signal timing extended and reroute suggested
EVT402270,2025-09-09 07:42:03,Concert,J011,Indiranagar 100ft Road,13959,Weekday,False,Rain,True,16.2,True,False,1.0,Severe,8.9,73.0,380.1,0.152,0.35,0.725,Accident detected nearby - reroute and reduced speed advised
EVT402271,2026-03-07 16:49:55,Trade Fair,J031,Cubbon Road,18608,Weekend,False,Clear,False,0.0,False,False,0.7,High,19.3,53.4,194.5,0.114,0.263,0.944,Moderate traffic flow - standard adaptive signal timing in effect
EVT402272,2026-02-20 16:39:30,Trade Fair,J040,City Market,12947,Weekday,False,Clear,False,0.0,False,False,0.662,High,20.7,43.7,223.4,0.146,0.337,0.963,Moderate traffic flow - standard adaptive signal timing in effect
EVT402273,2025-01-30 19:09:27,Sports Fixture,J012,Koramangala Sony World,21318,Weekday,False,Clear,False,0.0,False,False,1.0,Severe,8.8,64.3,660.1,0.234,0.541,0.901,Heavy congestion detected - signal timing extended and reroute suggested
EVT402274,2025-11-04 18:26:00,Trade Fair,J030,MG Road,8915,Weekday,False,Clear,False,0.0,False,False,1.0,Severe,7.2,79.5,721.4,0.219,0.506,0.946,Heavy congestion detected - signal timing extended and reroute suggested
EVT402275,2026-06-09 17:39:35,Trade Fair,J012,Koramangala Sony World,13557,Weekday,False,Heavy Rain,True,59.5,False,False,1.0,Severe,8.7,76.3,404.2,0.166,0.383,0.863,Heavy rain reducing visibility and grip - reduced speed and longer buffer advised
EVT402276,2025-03-25 17:34:08,Trade Fair,J023,Basavanagudi,8874,Weekday,False,Clear,False,0.0,False,False,0.797,Severe,9.8,61.8,535.6,0.193,0.445,0.962,Heavy congestion detected - signal timing extended and reroute suggested
EVT402277,2025-07-13 22:58:01,Sports Fixture,J011,Indiranagar 100ft Road,45758,Weekend,False,Heavy Rain,True,47.7,True,False,1.0,Severe,5.9,73.4,547.7,0.134,0.309,0.707,Accident detected nearby - reroute and reduced speed advised
EVT402278,2025-03-10 16:05:31,Political Rally,J020,Malleshwaram Circle,10241,Weekday,False,Clear,False,0.0,False,False,0.5,Moderate,23.1,39.3,219.0,0.171,0.394,0.937,Moderate traffic flow - standard adaptive signal timing in effect
EVT402279,2025-02-12 16:42:45,Sports Fixture,J023,Basavanagudi,27022,Weekday,False,Clear,False,0.0,False,False,0.774,Severe,14.2,66.5,425.0,0.226,0.523,0.962,Heavy congestion detected - signal timing extended and reroute suggested
EVT402280,2025-03-28 07:23:34,Trade Fair,J012,Koramangala Sony World,5987,Weekday,False,Clear,False,0.0,False,False,0.605,High,23.7,43.2,303.3,0.22,0.508,0.968,Moderate traffic flow - standard adaptive signal timing in effect
EVT402281,2025-11-25 08:14:13,Local Market Day,J011,Indiranagar 100ft Road,4466,Weekday,False,Clear,False,0.0,False,False,0.925,Severe,8.6,66.3,782.2,0.244,0.564,0.941,Heavy congestion detected - signal timing extended and reroute suggested
EVT402282,2026-06-29 21:34:54,Trade Fair,J009,Majestic,6921,Weekday,False,Clear,False,0.0,False,False,0.391,Moderate,28.1,19.9,202.6,0.166,0.383,0.983,Moderate traffic flow - standard adaptive signal timing in effect
EVT402283,2025-03-19 10:59:55,Sports Fixture,J012,Koramangala Sony World,17587,Weekday,False,Clear,False,0.0,False,False,0.568,High,19.6,44.7,280.3,0.174,0.402,0.941,Moderate traffic flow - standard adaptive signal timing in effect
EVT402284,2025-03-01 08:55:42,Sports Fixture,J023,Basavanagudi,20248,Weekend,False,Clear,False,0.0,False,False,1.0,Severe,7.8,72.7,904.1,0.288,0.664,0.927,Heavy congestion detected - signal timing extended and reroute suggested
EVT402285,2025-09-03 23:09:31,Concert,J020,Malleshwaram Circle,16918,Weekday,False,Clear,False,0.0,False,False,0.322,Low,27.0,23.4,194.8,0.117,0.271,0.955,Moderate traffic flow - standard adaptive signal timing in effect
EVT402286,2026-01-01 19:32:54,Religious Festival,J020,Malleshwaram Circle,29226,Weekday,True,Clear,False,0.0,False,False,1.0,Severe,8.6,70.2,198.8,0.079,0.182,0.829,Festival crowd surge detected - alternate route and extended cycle recommended
EVT402287,2025-07-11 11:37:08,Concert,J011,Indiranagar 100ft Road,7994,Weekday,False,Light Rain,True,5.1,False,False,0.419,Moderate,22.4,31.2,271.8,0.154,0.355,0.913,Light rain detected - minor speed reduction advised
EVT402288,2025-06-16 07:28:58,Political Rally,J040,City Market,15237,Weekday,False,Heavy Rain,True,35.8,False,False,0.97,Severe,10.3,69.8,671.5,0.28,0.647,0.872,Heavy rain reducing visibility and grip - reduced speed and longer buffer advised
EVT402289,2025-07-04 08:19:46,Concert,J011,Indiranagar 100ft Road,27313,Weekday,False,Heavy Rain,True,41.1,False,False,1.0,Severe,9.8,72.4,830.6,0.335,0.773,0.838,Heavy rain reducing visibility and grip - reduced speed and longer buffer advised
EVT402290,2025-01-08 17:00:27,Concert,J012,Koramangala Sony World,12340,Weekday,False,Clear,False,0.0,False,False,0.706,High,17.2,53.8,253.3,0.134,0.309,0.959,Moderate traffic flow - standard adaptive signal timing in effect
EVT402291,2026-06-13 07:08:03,Sports Fixture,J023,Basavanagudi,19857,Weekend,False,Clear,False,0.0,False,False,0.583,High,25.8,43.2,225.4,0.172,0.398,0.977,Moderate traffic flow - standard adaptive signal timing in effect
EVT402292,2026-05-31 05:49:19,Local Market Day,J020,Malleshwaram Circle,4396,Weekend,False,Heavy Rain,True,36.8,False,False,0.656,High,21.3,48.1,320.4,0.239,0.553,0.946,Heavy rain reducing visibility and grip - reduced speed and longer buffer advised
EVT402293,2025-04-21 15:26:43,Local Market Day,J040,City Market,3235,Weekday,False,Clear,False,0.0,False,False,0.288,Low,30.3,20.9,186.5,0.152,0.352,0.973,Moderate traffic flow - standard adaptive signal timing in effect
EVT402294,2025-09-02 07:45:24,Local Market Day,J020,Malleshwaram Circle,4749,Weekday,False,Clear,False,0.0,False,False,0.796,Severe,14.3,61.8,412.1,0.221,0.511,0.982,Heavy congestion detected - signal timing extended and reroute suggested
EVT402295,2025-04-27 17:38:54,Local Market Day,J023,Basavanagudi,3025,Weekend,False,Clear,False,0.0,False,False,0.791,Severe,16.8,59.0,285.4,0.169,0.39,0.945,Heavy congestion detected - signal timing extended and reroute suggested
EVT402296,2025-01-10 17:36:16,Concert,J031,Cubbon Road,13496,Weekday,False,Clear,False,0.0,False,False,0.921,Severe,8.2,64.8,610.0,0.183,0.424,0.9,Heavy congestion detected - signal timing extended and reroute suggested
EVT402297,2025-08-08 09:34:10,Political Rally,J031,Cubbon Road,18895,Weekday,False,Clear,False,0.0,False,False,1.0,Severe,6.4,77.4,641.3,0.2,0.462,0.901,Heavy congestion detected - signal timing extended and reroute suggested
EVT402298,2025-12-21 15:20:04,Trade Fair,J023,Basavanagudi,6583,Weekend,False,Clear,False,0.0,False,False,0.36,Moderate,26.6,24.7,207.6,0.162,0.375,0.973,Moderate traffic flow - standard adaptive signal timing in effect
EVT402299,2025-05-04 18:43:02,Concert,J040,City Market,10641,Weekend,False,Clear,False,0.0,False,False,0.898,Severe,12.6,63.7,473.3,0.221,0.51,0.921,Heavy congestion detected - signal timing extended and reroute suggested
EVT402300,2025-06-07 18:04:30,Sports Fixture,J012,Koramangala Sony World,23811,Weekend,False,Rain,True,18.4,False,False,1.0,Severe,8.1,70.8,764.0,0.261,0.603,0.849,Heavy rain reducing visibility and grip - reduced speed and longer buffer advised
EVT402301,2025-08-31 06:02:04,Local Market Day,J023,Basavanagudi,2650,Weekend,False,Clear,False,0.0,False,False,0.34,Low,21.9,22.1,232.8,0.153,0.354,0.945,Moderate traffic flow - standard adaptive signal timing in effect
EVT402302,2026-05-05 08:55:05,Local Market Day,J020,Malleshwaram Circle,4941,Weekday,False,Clear,False,0.0,False,False,1.0,Severe,7.9,74.9,652.9,0.234,0.542,0.908,Heavy congestion detected - signal timing extended and reroute suggested
EVT402303,2025-12-18 17:37:50,Concert,J011,Indiranagar 100ft Road,14925,Weekday,False,Clear,False,0.0,False,False,0.955,Severe,11.6,68.4,175.4,0.078,0.179,0.933,Heavy congestion detected - signal timing extended and reroute suggested
EVT402304,2026-01-13 08:34:24,Trade Fair,J020,Malleshwaram Circle,9714,Weekday,False,Clear,False,0.0,False,False,1.0,Severe,7.6,76.0,685.0,0.207,0.479,0.928,Heavy congestion detected - signal timing extended and reroute suggested
EVT402305,2025-07-07 18:15:11,Concert,J031,Cubbon Road,8387,Weekday,False,Heavy Rain,True,42.5,False,False,1.0,Severe,5.5,75.3,1088.6,0.22,0.509,0.893,Heavy rain reducing visibility and grip - reduced speed and longer buffer advised
EVT402306,2025-10-02 17:12:28,Religious Festival,J040,City Market,32371,Weekday,True,Rain,True,14.0,False,True,1.0,Severe,9.3,92.7,475.9,0.18,0.416,0.789,Road closure for event/procession - full detour recommended for through-traffic
EVT402307,2025-10-20 19:36:11,Religious Festival,J012,Koramangala Sony World,42876,Weekday,True,Clear,False,0.0,False,True,1.0,Severe,8.4,97.1,502.1,0.175,0.405,0.819,Road closure for event/procession - full detour recommended for through-traffic
EVT402308,2025-03-27 12:50:12,Concert,J012,Koramangala Sony World,14335,Weekday,False,Clear,False,0.0,False,False,0.237,Low,33.4,20.7,140.2,0.123,0.284,0.931,Normal free-flow traffic - standard signal timing maintained
EVT402309,2025-08-18 14:24:26,Sports Fixture,J023,Basavanagudi,13050,Weekday,False,Rain,True,24.6,False,False,0.599,High,19.6,35.2,325.3,0.217,0.5,0.921,Heavy rain reducing visibility and grip - reduced speed and longer buffer advised
EVT402310,2025-10-07 19:25:47,Concert,J011,Indiranagar 100ft Road,18112,Weekday,False,Clear,False,0.0,False,False,0.997,Severe,9.8,72.4,589.0,0.215,0.496,0.892,Heavy congestion detected - signal timing extended and reroute suggested
EVT402311,2025-02-19 20:57:12,Concert,J012,Koramangala Sony World,15160,Weekday,False,Clear,False,0.0,False,False,0.492,Moderate,25.1,38.2,252.5,0.191,0.441,0.983,Moderate traffic flow - standard adaptive signal timing in effect
EVT402312,2025-04-08 07:08:00,Trade Fair,J020,Malleshwaram Circle,3176,Weekday,False,Clear,False,0.0,False,False,0.472,Moderate,24.8,35.7,166.9,0.124,0.287,0.99,Moderate traffic flow - standard adaptive signal timing in effect
EVT402313,2025-05-10 11:47:24,Concert,J012,Koramangala Sony World,14300,Weekend,False,Clear,False,0.0,False,False,0.375,Moderate,30.0,21.4,150.7,0.122,0.283,0.972,Moderate traffic flow - standard adaptive signal timing in effect
EVT402314,2026-01-23 19:00:48,Trade Fair,J030,MG Road,7086,Weekday,False,Clear,False,0.0,False,False,1.0,Severe,9.4,69.8,568.1,0.213,0.492,0.928,Heavy congestion detected - signal timing extended and reroute suggested
EVT402315,2025-05-26 19:28:32,Local Market Day,J020,Malleshwaram Circle,4581,Weekday,False,Clear,False,0.0,False,False,0.847,Severe,15.0,62.0,246.7,0.13,0.3,0.933,Heavy congestion detected - signal timing extended and reroute suggested
EVT402316,2026-05-13 19:39:31,Trade Fair,J020,Malleshwaram Circle,10182,Weekday,False,Clear,False,0.0,False,False,0.863,Severe,11.8,65.8,200.7,0.11,0.253,0.951,Heavy congestion detected - signal timing extended and reroute suggested
EVT402317,2026-04-22 19:17:18,Trade Fair,J040,City Market,11467,Weekday,False,Clear,False,0.0,False,False,0.997,Severe,8.0,69.2,876.7,0.288,0.665,0.928,Heavy congestion detected - signal timing extended and reroute suggested
EVT402318,2025-03-24 18:10:57,Sports Fixture,J009,Majestic,27982,Weekday,False,Clear,False,0.0,False,False,1.0,Severe,8.2,72.5,397.9,0.154,0.355,0.934,Heavy congestion detected - signal timing extended and reroute suggested
EVT402319,2025-03-01 14:43:27,Concert,J040,City Market,17140,Weekend,False,Clear,False,0.0,False,False,0.349,Low,31.3,32.5,194.7,0.174,0.401,0.963,Moderate traffic flow - standard adaptive signal timing in effect
EVT402320,2025-11-13 13:29:58,Concert,J020,Malleshwaram Circle,10221,Weekday,False,Clear,False,0.0,False,False,0.169,Low,30.7,13.0,120.5,0.109,0.252,0.972,Normal free-flow traffic - standard signal timing maintained
EVT402321,2025-01-15 22:19:14,Religious Festival,J023,Basavanagudi,76874,Weekday,True,Clear,False,0.0,False,True,1.0,Severe,6.6,103.1,1158.8,0.319,0.737,0.858,Road closure for event/procession - full detour recommended for through-traffic
EVT402322,2025-01-23 09:19:17,Sports Fixture,J031,Cubbon Road,18700,Weekday,False,Clear,False,0.0,False,False,1.0,Severe,7.1,71.6,832.5,0.245,0.566,0.909,Heavy congestion detected - signal timing extended and reroute suggested
EVT402323,2025-02-26 06:36:13,Political Rally,J011,Indiranagar 100ft Road,8502,Weekday,False,Clear,False,0.0,False,False,0.345,Low,27.5,25.6,231.2,0.178,0.411,0.956,Moderate traffic flow - standard adaptive signal timing in effect
EVT402324,2026-02-11 04:53:14,Trade Fair,J020,Malleshwaram Circle,13214,Weekday,False,Clear,False,0.0,False,False,0.218,Low,38.6,11.3,123.6,0.125,0.288,0.99,Normal free-flow traffic - standard signal timing maintained
EVT402325,2025-07-23 16:51:43,Sports Fixture,J011,Indiranagar 100ft Road,34013,Weekday,False,Rain,True,21.6,False,False,1.0,Severe,9.4,72.4,485.7,0.186,0.43,0.872,Heavy rain reducing visibility and grip - reduced speed and longer buffer advised
EVT402326,2026-01-08 13:02:01,Sports Fixture,J009,Majestic,11579,Weekday,False,Clear,False,0.0,False,False,0.103,Low,31.0,6.2,156.3,0.135,0.312,0.968,Normal free-flow traffic - standard signal timing maintained
EVT402327,2025-11-20 15:21:27,Sports Fixture,J020,Malleshwaram Circle,10312,Weekday,False,Clear,False,0.0,False,False,0.373,Moderate,24.7,20.4,160.9,0.098,0.227,0.988,Moderate traffic flow - standard adaptive signal timing in effect
EVT402328,2025-03-01 08:36:25,Local Market Day,J023,Basavanagudi,2840,Weekend,False,Clear,False,0.0,False,False,0.859,Severe,14.3,57.4,136.1,0.091,0.21,0.918,Heavy congestion detected - signal timing extended and reroute suggested
EVT402329,2025-10-20 02:59:42,Religious Festival,J020,Malleshwaram Circle,37736,Weekday,True,Clear,False,0.0,False,True,0.759,High,17.2,78.6,426.2,0.246,0.567,0.87,Road closure for event/procession - full detour recommended for through-traffic
EVT402330,2025-01-15 13:17:21,Religious Festival,J012,Koramangala Sony World,38328,Weekday,True,Clear,False,0.0,False,True,0.711,High,16.8,72.7,354.9,0.196,0.453,0.859,Road closure for event/procession - full detour recommended for through-traffic
EVT402331,2025-04-10 22:06:50,Sports Fixture,J012,Koramangala Sony World,18765,Weekday,False,Clear,False,0.0,False,False,0.349,Low,28.1,22.3,172.6,0.134,0.31,0.965,Moderate traffic flow - standard adaptive signal timing in effect
EVT402332,2025-09-28 14:46:30,Local Market Day,J023,Basavanagudi,6072,Weekend,False,Fog,False,0.0,False,False,0.258,Low,29.3,17.3,108.1,0.093,0.215,0.958,Moderate traffic flow - standard adaptive signal timing in effect
EVT402333,2026-06-08 15:10:12,Local Market Day,J023,Basavanagudi,3407,Weekday,False,Clear,False,0.0,False,False,0.224,Low,39.5,14.4,151.4,0.125,0.289,0.957,Normal free-flow traffic - standard signal timing maintained
EVT402334,2025-11-07 15:06:30,Local Market Day,J020,Malleshwaram Circle,3538,Weekday,False,Clear,False,0.0,False,False,0.248,Low,31.7,16.7,142.7,0.123,0.283,0.95,Normal free-flow traffic - standard signal timing maintained
EVT402335,2026-06-07 14:11:38,Political Rally,J011,Indiranagar 100ft Road,12117,Weekend,False,Heavy Rain,True,51.2,False,False,0.695,High,21.2,47.3,290.2,0.219,0.506,0.937,Heavy rain reducing visibility and grip - reduced speed and longer buffer advised
EVT402336,2026-04-13 19:02:11,Concert,J012,Koramangala Sony World,6903,Weekday,False,Clear,False,0.0,False,False,1.0,Severe,9.4,72.9,558.2,0.218,0.503,0.911,Heavy congestion detected - signal timing extended and reroute suggested
EVT402337,2026-03-11 07:14:20,Trade Fair,J020,Malleshwaram Circle,11672,Weekday,False,Clear,False,0.0,False,False,0.572,High,20.4,38.8,299.0,0.2,0.462,0.962,Moderate traffic flow - standard adaptive signal timing in effect
EVT402338,2025-01-27 12:37:22,Cultural Procession,J023,Basavanagudi,29826,Weekday,True,Clear,False,0.0,False,True,0.782,High,14.9,79.4,466.7,0.25,0.578,0.891,Road closure for event/procession - full detour recommended for through-traffic
EVT402339,2026-04-21 13:17:37,Concert,J031,Cubbon Road,8388,Weekday,False,Clear,False,0.0,False,False,0.254,Low,38.5,15.4,171.0,0.168,0.389,0.96,Moderate traffic flow - standard adaptive signal timing in effect
EVT402340,2025-06-26 13:12:46,Trade Fair,J009,Majestic,10615,Weekday,False,Heavy Rain,True,26.4,False,False,0.462,Moderate,22.8,31.3,159.2,0.105,0.243,0.898,Light rain detected - minor speed reduction advised
EVT402341,2025-12-24 17:33:41,Political Rally,J030,MG Road,10618,Weekday,False,Clear,False,0.0,False,False,0.946,Severe,8.7,72.0,311.6,0.121,0.28,0.948,Heavy congestion detected - signal timing extended and reroute suggested
EVT402342,2025-06-21 13:47:59,Concert,J012,Koramangala Sony World,8703,Weekend,False,Heavy Rain,True,100.1,False,False,0.583,High,20.2,35.9,314.2,0.204,0.47,0.893,Heavy rain reducing visibility and grip - reduced speed and longer buffer advised
EVT402343,2026-03-20 18:38:53,Cultural Procession,J012,Koramangala Sony World,12045,Weekday,True,Clear,False,0.0,False,True,1.0,Severe,8.5,99.4,420.6,0.16,0.37,0.84,Road closure for event/procession - full detour recommended for through-traffic
EVT402344,2025-02-08 07:38:49,Local Market Day,J023,Basavanagudi,3637,Weekend,False,Clear,False,0.0,False,False,0.566,High,22.5,40.5,219.1,0.128,0.295,0.965,Moderate traffic flow - standard adaptive signal timing in effect
EVT402345,2025-03-16 16:08:42,Concert,J009,Majestic,30865,Weekend,False,Clear,False,0.0,False,False,0.672,High,24.4,50.4,227.7,0.182,0.421,0.955,Moderate traffic flow - standard adaptive signal timing in effect
EVT402346,2026-05-28 09:14:45,Trade Fair,J030,MG Road,8701,Weekday,False,Fog,False,0.0,False,False,1.0,Severe,8.9,72.8,494.4,0.191,0.442,0.899,Heavy congestion detected - signal timing extended and reroute suggested
EVT402347,2026-03-20 13:00:51,Religious Festival,J020,Malleshwaram Circle,49231,Weekday,True,Clear,False,0.0,False,False,0.672,High,17.3,47.3,206.8,0.143,0.331,0.909,Festival crowd surge detected - alternate route and extended cycle recommended
EVT402348,2025-12-02 12:52:59,Local Market Day,J023,Basavanagudi,11268,Weekday,False,Light Rain,True,6.6,False,False,0.365,Moderate,32.1,29.0,212.7,0.169,0.391,0.954,Light rain detected - minor speed reduction advised
EVT402349,2026-04-28 13:23:43,Concert,J030,MG Road,13681,Weekday,False,Clear,False,0.0,False,False,0.17,Low,35.0,15.4,151.2,0.13,0.301,0.981,Normal free-flow traffic - standard signal timing maintained
EVT402350,2025-02-06 16:21:49,Sports Fixture,J011,Indiranagar 100ft Road,21272,Weekday,False,Clear,False,0.0,False,False,0.602,High,22.1,45.4,228.3,0.167,0.386,0.973,Moderate traffic flow - standard adaptive signal timing in effect
EVT402351,2025-11-23 08:34:25,Concert,J020,Malleshwaram Circle,16755,Weekend,False,Clear,False,0.0,False,False,0.984,Severe,8.5,73.1,581.0,0.204,0.471,0.888,Heavy congestion detected - signal timing extended and reroute suggested
EVT402352,2025-11-02 13:55:15,Religious Festival,J011,Indiranagar 100ft Road,61815,Weekend,True,Clear,False,0.0,False,False,0.823,Severe,15.6,59.0,289.6,0.169,0.391,0.904,Festival crowd surge detected - alternate route and extended cycle recommended
EVT402353,2025-07-29 19:29:47,Concert,J009,Majestic,16250,Weekday,False,Heavy Rain,True,78.8,False,False,1.0,Severe,7.4,69.4,695.8,0.211,0.487,0.872,Heavy rain reducing visibility and grip - reduced speed and longer buffer advised
EVT402354,2025-06-23 08:14:32,Trade Fair,J030,MG Road,8579,Weekday,False,Clear,False,0.0,False,False,0.813,Severe,14.9,61.1,364.9,0.177,0.408,0.953,Heavy congestion detected - signal timing extended and reroute suggested
EVT402355,2025-06-07 12:47:50,Trade Fair,J020,Malleshwaram Circle,5032,Weekend,False,Clear,False,0.0,False,False,0.275,Low,29.5,23.9,148.4,0.099,0.229,0.987,Moderate traffic flow - standard adaptive signal timing in effect
EVT402356,2026-05-24 16:35:11,Sports Fixture,J040,City Market,19430,Weekend,False,Rain,True,16.2,False,False,0.84,Severe,14.4,59.0,314.5,0.155,0.358,0.868,Heavy rain reducing visibility and grip - reduced speed and longer buffer advised
EVT402357,2026-01-10 09:26:15,Concert,J031,Cubbon Road,16008,Weekend,False,Fog,False,0.0,False,False,0.821,Severe,11.5,55.7,401.3,0.192,0.445,0.959,Heavy congestion detected - signal timing extended and reroute suggested
EVT402358,2026-04-27 20:20:50,Political Rally,J030,MG Road,16564,Weekday,False,Clear,False,0.0,False,False,0.761,Severe,17.3,50.8,338.9,0.185,0.427,0.978,Heavy congestion detected - signal timing extended and reroute suggested
EVT402359,2026-04-27 18:42:59,Political Rally,J030,MG Road,10068,Weekday,False,Fog,False,0.0,False,False,1.0,Severe,7.0,64.5,529.0,0.154,0.356,0.921,Heavy congestion detected - signal timing extended and reroute suggested
EVT402360,2026-01-06 18:09:08,Local Market Day,J023,Basavanagudi,5418,Weekday,False,Clear,False,0.0,False,False,1.0,Severe,10.5,70.8,410.4,0.175,0.405,0.891,Heavy congestion detected - signal timing extended and reroute suggested
EVT402361,2025-04-05 18:04:56,Local Market Day,J011,Indiranagar 100ft Road,5749,Weekend,False,Rain,True,15.0,False,False,1.0,Severe,7.1,73.6,1049.2,0.303,0.701,0.879,Heavy rain reducing visibility and grip - reduced speed and longer buffer advised
EVT402362,2026-04-26 08:43:35,Political Rally,J040,City Market,14859,Weekend,False,Clear,False,0.0,False,False,0.958,Severe,9.3,73.3,395.5,0.164,0.38,0.903,Heavy congestion detected - signal timing extended and reroute suggested
EVT402363,2025-01-20 14:16:35,Local Market Day,J011,Indiranagar 100ft Road,3631,Weekday,False,Clear,False,0.0,False,False,0.13,Low,35.0,11.3,81.5,0.066,0.152,0.946,Normal free-flow traffic - standard signal timing maintained
EVT402364,2026-01-19 11:34:05,Trade Fair,J031,Cubbon Road,6034,Weekday,False,Clear,False,0.0,False,False,0.238,Low,30.3,8.6,183.4,0.141,0.326,0.938,Normal free-flow traffic - standard signal timing maintained
EVT402365,2025-01-23 01:24:25,Local Market Day,J030,MG Road,3674,Weekday,False,Clear,False,0.0,False,False,0.213,Low,30.8,15.4,99.2,0.089,0.205,0.982,Normal free-flow traffic - standard signal timing maintained
EVT402366,2026-03-10 18:24:33,Trade Fair,J030,MG Road,9346,Weekday,False,Clear,False,0.0,False,False,1.0,Severe,7.7,74.9,919.1,0.279,0.645,0.927,Heavy congestion detected - signal timing extended and reroute suggested
EVT402367,2026-02-10 12:03:56,Sports Fixture,J009,Majestic,12481,Weekday,False,Clear,False,0.0,False,False,0.317,Low,32.2,24.2,193.7,0.189,0.436,0.969,Moderate traffic flow - standard adaptive signal timing in effect
EVT402368,2026-04-15 06:47:28,Religious Festival,J009,Majestic,51976,Weekday,True,Clear,False,0.0,False,True,1.0,Severe,7.6,100.4,269.2,0.092,0.212,0.846,Road closure for event/procession - full detour recommended for through-traffic
EVT402369,2025-06-17 18:17:30,Local Market Day,J031,Cubbon Road,4789,Weekday,False,Heavy Rain,True,26.4,False,False,1.0,Severe,9.0,69.3,260.6,0.103,0.238,0.88,Heavy rain reducing visibility and grip - reduced speed and longer buffer advised
EVT402370,2026-04-02 15:03:41,Concert,J012,Koramangala Sony World,12561,Weekday,False,Clear,False,0.0,False,False,0.243,Low,27.1,17.9,219.3,0.157,0.362,0.973,Normal free-flow traffic - standard signal timing maintained
EVT402371,2025-10-30 15:09:32,Trade Fair,J040,City Market,14281,Weekday,False,Rain,True,11.8,False,False,0.527,Moderate,22.8,37.2,357.5,0.254,0.588,0.904,Light rain detected - minor speed reduction advised
EVT402372,2025-12-25 16:50:53,Fireworks Display,J030,MG Road,34364,Weekday,True,Clear,False,0.0,False,False,1.0,Severe,10.4,73.0,599.8,0.237,0.547,0.848,Festival crowd surge detected - alternate route and extended cycle recommended
EVT402373,2025-08-12 08:44:05,Concert,J030,MG Road,12975,Weekday,False,Rain,True,14.5,False,False,1.0,Severe,7.0,77.0,530.1,0.175,0.405,0.875,Heavy rain reducing visibility and grip - reduced speed and longer buffer advised
EVT402374,2025-08-21 14:12:39,Sports Fixture,J023,Basavanagudi,40224,Weekday,False,Clear,False,0.0,False,False,0.366,Moderate,30.5,23.0,138.9,0.138,0.32,0.951,Moderate traffic flow - standard adaptive signal timing in effect
EVT402375,2025-11-03 09:00:25,Concert,J009,Majestic,12313,Weekday,False,Clear,False,0.0,False,False,1.0,Severe,9.1,67.8,442.0,0.166,0.384,0.907,Heavy congestion detected - signal timing extended and reroute suggested
EVT402376,2026-02-24 15:00:41,Local Market Day,J023,Basavanagudi,2266,Weekday,False,Clear,False,0.0,False,False,0.235,Low,25.0,17.6,142.7,0.094,0.218,0.964,Normal free-flow traffic - standard signal timing maintained
EVT402377,2025-10-13 11:38:26,Local Market Day,J030,MG Road,6567,Weekday,False,Clear,False,0.0,False,False,0.303,Low,30.0,26.8,199.9,0.171,0.394,0.965,Moderate traffic flow - standard adaptive signal timing in effect
EVT402378,2025-08-13 12:35:46,Concert,J009,Majestic,12378,Weekday,False,Rain,True,15.9,False,False,0.528,Moderate,26.0,37.2,239.4,0.189,0.438,0.907,Light rain detected - minor speed reduction advised
EVT402379,2025-07-05 16:35:47,Sports Fixture,J012,Koramangala Sony World,29859,Weekend,False,Clear,False,0.0,False,False,0.72,High,16.7,50.1,182.9,0.103,0.237,0.961,Moderate traffic flow - standard adaptive signal timing in effect
EVT402380,2025-09-12 09:00:48,Trade Fair,J020,Malleshwaram Circle,8150,Weekday,False,Rain,True,12.5,False,False,1.0,Severe,9.5,69.3,696.1,0.261,0.603,0.852,Heavy rain reducing visibility and grip - reduced speed and longer buffer advised
EVT402381,2025-07-23 11:32:31,Concert,J030,MG Road,10103,Weekday,False,Rain,True,14.4,False,False,0.501,Moderate,22.9,33.9,222.7,0.144,0.332,0.892,Light rain detected - minor speed reduction advised
EVT402382,2026-03-09 20:27:09,Trade Fair,J009,Majestic,14595,Weekday,False,Clear,False,0.0,False,False,0.648,High,23.7,44.4,226.5,0.155,0.359,0.951,Moderate traffic flow - standard adaptive signal timing in effect
EVT402383,2025-04-12 02:39:05,Trade Fair,J040,City Market,4076,Weekend,False,Clear,False,0.0,False,False,0.273,Low,30.6,14.5,195.3,0.159,0.367,0.985,Moderate traffic flow - standard adaptive signal timing in effect
EVT402384,2026-03-08 05:05:35,Sports Fixture,J023,Basavanagudi,21476,Weekend,False,Clear,False,0.0,False,False,0.296,Low,30.6,22.2,182.2,0.146,0.336,0.98,Moderate traffic flow - standard adaptive signal timing in effect
EVT402385,2026-02-25 15:03:08,Sports Fixture,J012,Koramangala Sony World,12363,Weekday,False,Clear,False,0.0,False,False,0.345,Low,27.5,32.9,189.9,0.139,0.321,0.977,Moderate traffic flow - standard adaptive signal timing in effect
EVT402386,2025-03-19 22:41:51,Concert,J009,Majestic,10872,Weekday,False,Clear,False,0.0,False,False,0.154,Low,36.8,14.4,189.1,0.183,0.424,0.977,Normal free-flow traffic - standard signal timing maintained
EVT402387,2026-01-28 18:48:13,Trade Fair,J009,Majestic,8231,Weekday,False,Clear,False,0.0,False,False,1.0,Severe,8.5,79.5,213.7,0.088,0.202,0.893,Heavy congestion detected - signal timing extended and reroute suggested
EVT402388,2025-06-20 20:57:24,Concert,J023,Basavanagudi,9557,Weekday,False,Heavy Rain,True,31.0,False,False,0.831,Severe,15.1,58.6,422.3,0.224,0.517,0.931,Heavy rain reducing visibility and grip - reduced speed and longer buffer advised
EVT402389,2025-08-17 07:38:09,Local Market Day,J023,Basavanagudi,3116,Weekend,False,Light Rain,True,2.9,False,False,0.605,High,20.9,36.0,245.9,0.157,0.364,0.913,Heavy rain reducing visibility and grip - reduced speed and longer buffer advised
EVT402390,2026-01-11 20:31:41,Concert,J020,Malleshwaram Circle,7849,Weekend,False,Clear,False,0.0,False,False,0.51,Moderate,27.8,33.1,192.3,0.179,0.414,0.962,Moderate traffic flow - standard adaptive signal timing in effect
EVT402391,2025-02-25 14:23:18,Sports Fixture,J031,Cubbon Road,23836,Weekday,False,Clear,False,0.0,False,False,0.249,Low,31.7,17.4,120.7,0.091,0.21,0.948,Normal free-flow traffic - standard signal timing maintained
EVT402392,2026-01-21 19:14:27,Local Market Day,J040,City Market,2725,Weekday,False,Clear,False,0.0,False,False,0.968,Severe,9.5,70.0,729.5,0.283,0.653,0.936,Heavy congestion detected - signal timing extended and reroute suggested
EVT402393,2025-04-19 19:41:09,Local Market Day,J040,City Market,3633,Weekend,False,Clear,False,0.0,False,False,0.662,High,21.8,47.3,306.2,0.215,0.497,0.98,Moderate traffic flow - standard adaptive signal timing in effect
EVT402394,2026-04-22 19:15:17,Sports Fixture,J031,Cubbon Road,25129,Weekday,False,Clear,False,0.0,False,False,1.0,Severe,7.0,76.7,221.6,0.105,0.243,0.949,Heavy congestion detected - signal timing extended and reroute suggested
EVT402395,2025-02-06 19:01:33,Concert,J020,Malleshwaram Circle,8082,Weekday,False,Clear,False,0.0,False,False,0.966,Severe,10.1,74.8,630.4,0.247,0.57,0.918,Heavy congestion detected - signal timing extended and reroute suggested
EVT402396,2025-08-07 08:47:44,Political Rally,J011,Indiranagar 100ft Road,12573,Weekday,False,Rain,True,15.5,False,False,1.0,Severe,9.3,66.8,336.2,0.127,0.293,0.85,Heavy rain reducing visibility and grip - reduced speed and longer buffer advised
EVT402397,2025-07-12 17:49:41,Sports Fixture,J031,Cubbon Road,19896,Weekend,False,Clear,False,0.0,False,False,0.95,Severe,8.6,65.2,494.3,0.183,0.423,0.908,Heavy congestion detected - signal timing extended and reroute suggested
EVT402398,2026-03-07 07:46:05,Concert,J040,City Market,6663,Weekend,False,Clear,False,0.0,False,False,0.72,High,15.8,50.8,425.7,0.243,0.562,0.956,Moderate traffic flow - standard adaptive signal timing in effect
EVT402399,2026-02-28 00:56:39,Concert,J040,City Market,9620,Weekend,False,Clear,False,0.0,False,False,0.328,Low,24.4,18.0,190.6,0.135,0.313,0.978,Moderate traffic flow - standard adaptive signal timing in effect
EVT402400,2025-06-07 06:25:14,Local Market Day,J012,Koramangala Sony World,1708,Weekend,False,Heavy Rain,True,25.9,False,False,0.61,High,19.2,39.4,144.3,0.108,0.249,0.917,Heavy rain reducing visibility and grip - reduced speed and longer buffer advised
EVT402401,2025-06-23 13:13:30,Local Market Day,J009,Majestic,1930,Weekday,False,Heavy Rain,True,26.7,False,False,0.43,Moderate,20.4,28.9,222.7,0.151,0.35,0.924,Light rain detected - minor speed reduction advised
EVT402402,2025-01-24 10:35:17,Trade Fair,J030,MG Road,9428,Weekday,False,Clear,False,0.0,False,False,0.622,High,21.1,41.5,145.9,0.097,0.225,0.986,Moderate traffic flow - standard adaptive signal timing in effect
EVT402403,2025-05-24 16:41:37,Local Market Day,J030,MG Road,5049,Weekend,False,Clear,False,0.0,False,False,0.628,High,17.9,45.1,256.6,0.145,0.334,0.968,Moderate traffic flow - standard adaptive signal timing in effect
EVT402404,2026-05-30 15:25:56,Political Rally,J011,Indiranagar 100ft Road,18732,Weekend,False,Clear,False,0.0,False,False,0.429,Moderate,26.6,38.2,118.1,0.094,0.217,0.957,Moderate traffic flow - standard adaptive signal timing in effect
EVT402405,2025-12-14 17:10:22,Trade Fair,J012,Koramangala Sony World,8646,Weekend,False,Clear,False,0.0,False,False,0.785,Severe,14.2,55.6,525.8,0.259,0.597,0.974,Heavy congestion detected - signal timing extended and reroute suggested
EVT402406,2025-03-08 19:21:34,Concert,J023,Basavanagudi,13070,Weekend,False,Clear,False,0.0,False,False,0.812,Severe,14.2,54.8,509.5,0.259,0.599,0.975,Heavy congestion detected - signal timing extended and reroute suggested
EVT402407,2025-05-10 16:39:58,Concert,J012,Koramangala Sony World,10246,Weekend,False,Clear,False,0.0,False,False,0.575,High,28.2,42.5,247.6,0.205,0.473,0.978,Moderate traffic flow - standard adaptive signal timing in effect
EVT402408,2025-08-31 09:58:00,Concert,J012,Koramangala Sony World,10604,Weekend,False,Light Rain,True,2.7,False,False,0.853,Severe,12.2,62.1,383.8,0.183,0.423,0.883,Heavy rain reducing visibility and grip - reduced speed and longer buffer advised
EVT402409,2026-02-18 15:14:21,Local Market Day,J009,Majestic,4397,Weekday,False,Clear,False,0.0,False,False,0.292,Low,33.9,23.3,196.1,0.19,0.438,0.956,Moderate traffic flow - standard adaptive signal timing in effect
EVT402410,2026-01-05 15:36:39,Local Market Day,J031,Cubbon Road,4165,Weekday,False,Clear,False,0.0,False,False,0.324,Low,33.7,22.8,186.0,0.152,0.352,0.966,Moderate traffic flow - standard adaptive signal timing in effect
EVT402411,2026-06-01 20:25:34,Sports Fixture,J031,Cubbon Road,30645,Weekday,False,Heavy Rain,True,33.5,False,False,1.0,Severe,8.9,72.7,596.9,0.225,0.52,0.886,Heavy rain reducing visibility and grip - reduced speed and longer buffer advised
EVT402412,2025-06-01 19:30:27,Local Market Day,J040,City Market,3928,Weekend,False,Clear,False,0.0,False,False,0.773,Severe,16.0,55.2,416.4,0.215,0.497,0.981,Heavy congestion detected - signal timing extended and reroute suggested
EVT402413,2025-02-20 15:57:51,Concert,J009,Majestic,19808,Weekday,False,Clear,False,0.0,False,False,0.443,Moderate,26.5,31.5,208.3,0.157,0.364,0.99,Moderate traffic flow - standard adaptive signal timing in effect
EVT402414,2025-06-07 10:47:28,Local Market Day,J031,Cubbon Road,7607,Weekend,False,Clear,False,0.0,False,False,0.518,Moderate,22.0,40.3,347.4,0.243,0.561,0.968,Moderate traffic flow - standard adaptive signal timing in effect
EVT402415,2025-05-08 03:11:01,Trade Fair,J031,Cubbon Road,13170,Weekday,False,Clear,False,0.0,False,False,0.238,Low,28.9,19.4,172.0,0.133,0.307,0.968,Normal free-flow traffic - standard signal timing maintained
EVT402416,2026-06-27 10:35:59,Sports Fixture,J009,Majestic,28888,Weekend,False,Clear,False,0.0,False,False,0.686,High,18.4,51.3,417.6,0.248,0.574,0.965,Moderate traffic flow - standard adaptive signal timing in effect
EVT402417,2026-05-29 17:19:32,Local Market Day,J030,MG Road,1915,Weekday,False,Rain,True,11.6,False,False,0.9,Severe,10.4,61.5,551.4,0.214,0.494,0.874,Heavy rain reducing visibility and grip - reduced speed and longer buffer advised
EVT402418,2025-05-07 18:33:06,Sports Fixture,J023,Basavanagudi,33616,Weekday,False,Clear,False,0.0,False,False,1.0,Severe,7.2,77.8,933.9,0.287,0.662,0.893,Heavy congestion detected - signal timing extended and reroute suggested
EVT402419,2025-04-20 18:05:25,Local Market Day,J009,Majestic,3030,Weekend,False,Clear,False,0.0,False,False,0.904,Severe,10.1,70.4,484.3,0.193,0.446,0.934,Heavy congestion detected - signal timing extended and reroute suggested
EVT402420,2025-11-22 09:39:38,Trade Fair,J031,Cubbon Road,14688,Weekend,False,Fog,False,0.0,False,False,0.821,Severe,12.1,57.0,441.6,0.203,0.47,0.938,Heavy congestion detected - signal timing extended and reroute suggested
EVT402421,2026-06-21 06:05:07,Sports Fixture,J011,Indiranagar 100ft Road,38786,Weekend,False,Clear,False,0.0,False,False,0.441,Moderate,28.4,25.6,112.9,0.091,0.209,0.959,Moderate traffic flow - standard adaptive signal timing in effect
EVT402422,2026-01-19 20:43:38,Sports Fixture,J020,Malleshwaram Circle,11501,Weekday,False,Clear,False,0.0,False,False,0.606,High,19.3,47.2,278.7,0.161,0.371,0.955,Moderate traffic flow - standard adaptive signal timing in effect
EVT402423,2025-12-10 17:35:28,Sports Fixture,J011,Indiranagar 100ft Road,23814,Weekday,False,Clear,False,0.0,False,False,1.0,Severe,8.1,73.5,542.9,0.162,0.375,0.917,Heavy congestion detected - signal timing extended and reroute suggested
EVT402424,2025-05-03 06:10:05,Local Market Day,J011,Indiranagar 100ft Road,3910,Weekend,False,Light Rain,True,4.9,False,False,0.387,Moderate,27.5,27.9,234.0,0.185,0.429,0.93,Light rain detected - minor speed reduction advised
EVT402425,2025-08-21 07:28:09,Local Market Day,J030,MG Road,4459,Weekday,False,Clear,False,0.0,False,False,0.493,Moderate,22.2,31.3,141.8,0.089,0.204,0.978,Moderate traffic flow - standard adaptive signal timing in effect
EVT402426,2025-01-27 20:44:25,Religious Festival,J040,City Market,58019,Weekday,True,Clear,False,0.0,False,True,1.0,Severe,9.1,97.4,837.5,0.307,0.709,0.842,Road closure for event/procession - full detour recommended for through-traffic
EVT402427,2025-06-17 17:13:49,Local Market Day,J030,MG Road,2365,Weekday,False,Clear,False,0.0,False,False,0.781,Severe,16.1,57.2,413.3,0.23,0.531,0.971,Heavy congestion detected - signal timing extended and reroute suggested
EVT402428,2025-03-06 13:57:07,Concert,J030,MG Road,10213,Weekday,False,Clear,False,0.0,False,False,0.192,Low,29.7,9.6,141.1,0.112,0.259,0.977,Normal free-flow traffic - standard signal timing maintained
EVT402429,2026-02-14 21:48:22,Local Market Day,J011,Indiranagar 100ft Road,2521,Weekend,False,Clear,False,0.0,False,False,0.315,Low,28.7,18.3,126.7,0.104,0.24,0.98,Moderate traffic flow - standard adaptive signal timing in effect
EVT402430,2025-02-15 08:38:47,Local Market Day,J030,MG Road,5067,Weekend,False,Fog,False,0.0,False,False,0.798,Severe,16.6,58.1,416.4,0.229,0.528,0.958,Heavy congestion detected - signal timing extended and reroute suggested
EVT402431,2025-10-04 13:30:42,Sports Fixture,J023,Basavanagudi,14867,Weekend,False,Heavy Rain,True,35.7,False,False,0.681,High,18.5,47.8,322.0,0.159,0.368,0.896,Heavy rain reducing visibility and grip - reduced speed and longer buffer advised
EVT402432,2026-06-26 08:27:48,Local Market Day,J011,Indiranagar 100ft Road,6834,Weekday,False,Heavy Rain,True,42.1,False,False,1.0,Severe,7.6,74.0,731.8,0.252,0.582,0.859,Heavy rain reducing visibility and grip - reduced speed and longer buffer advised
EVT402433,2025-01-23 08:48:07,Sports Fixture,J040,City Market,11668,Weekday,False,Clear,False,0.0,False,False,1.0,Severe,7.6,68.5,412.5,0.144,0.333,0.892,Heavy congestion detected - signal timing extended and reroute suggested
EVT402434,2025-01-31 18:31:33,Sports Fixture,J023,Basavanagudi,19460,Weekday,False,Clear,False,0.0,False,False,1.0,Severe,8.1,63.8,482.8,0.17,0.394,0.892,Heavy congestion detected - signal timing extended and reroute suggested
EVT402435,2025-12-10 13:18:56,Trade Fair,J030,MG Road,16006,Weekday,False,Clear,False,0.0,False,False,0.238,Low,25.1,22.7,213.7,0.146,0.338,0.985,Normal free-flow traffic - standard signal timing maintained
EVT402436,2026-03-19 18:21:53,Cultural Procession,J031,Cubbon Road,27979,Weekday,True,Clear,False,0.0,False,False,1.0,Severe,11.1,73.8,412.8,0.19,0.438,0.888,Festival crowd surge detected - alternate route and extended cycle recommended
EVT402437,2026-03-28 16:31:50,Political Rally,J011,Indiranagar 100ft Road,7265,Weekend,False,Clear,False,0.0,False,False,0.595,High,22.9,44.8,206.1,0.16,0.371,0.965,Moderate traffic flow - standard adaptive signal timing in effect
EVT402438,2025-07-04 13:18:02,Trade Fair,J040,City Market,5820,Weekday,False,Rain,True,13.0,False,False,0.354,Moderate,31.3,25.3,220.1,0.188,0.434,0.919,Light rain detected - minor speed reduction advised
EVT402439,2025-01-29 20:57:56,Local Market Day,J012,Koramangala Sony World,1990,Weekday,False,Clear,False,0.0,False,False,0.422,Moderate,33.8,29.0,145.8,0.138,0.319,0.98,Moderate traffic flow - standard adaptive signal timing in effect
EVT402440,2025-05-15 16:41:20,Political Rally,J023,Basavanagudi,8319,Weekday,False,Clear,False,0.0,False,False,0.669,High,16.0,50.6,367.0,0.197,0.454,0.955,Moderate traffic flow - standard adaptive signal timing in effect
EVT402441,2026-02-06 07:33:05,Sports Fixture,J012,Koramangala Sony World,21313,Weekday,False,Clear,False,0.0,False,False,0.702,High,20.6,55.1,214.5,0.141,0.325,0.977,Moderate traffic flow - standard adaptive signal timing in effect
EVT402442,2025-01-03 11:14:05,Trade Fair,J023,Basavanagudi,8972,Weekday,False,Clear,False,0.0,False,False,0.33,Low,29.6,33.3,231.3,0.182,0.421,0.977,Moderate traffic flow - standard adaptive signal timing in effect
EVT402443,2026-02-07 07:50:32,Trade Fair,J031,Cubbon Road,18321,Weekend,False,Clear,False,0.0,False,False,0.792,Severe,14.9,49.2,124.3,0.068,0.158,0.958,Heavy congestion detected - signal timing extended and reroute suggested
EVT402444,2026-01-27 08:05:28,Religious Festival,J009,Majestic,51321,Weekday,True,Clear,False,0.0,False,False,1.0,Severe,7.4,74.0,927.7,0.298,0.688,0.896,Festival crowd surge detected - alternate route and extended cycle recommended
EVT402445,2026-02-21 17:23:18,Trade Fair,J031,Cubbon Road,7518,Weekend,False,Clear,False,0.0,False,False,0.795,Severe,15.8,55.7,126.3,0.064,0.147,0.958,Heavy congestion detected - signal timing extended and reroute suggested
EVT402446,2025-12-02 18:41:01,Local Market Day,J030,MG Road,6358,Weekday,False,Clear,False,0.0,False,False,1.0,Severe,8.3,70.6,640.2,0.226,0.522,0.925,Heavy congestion detected - signal timing extended and reroute suggested
EVT402447,2025-07-03 20:09:28,Concert,J031,Cubbon Road,15221,Weekday,False,Heavy Rain,True,32.1,False,False,1.0,Severe,9.3,74.8,527.8,0.205,0.474,0.868,Heavy rain reducing visibility and grip - reduced speed and longer buffer advised
EVT402448,2026-05-16 12:32:19,Local Market Day,J031,Cubbon Road,4082,Weekend,False,Rain,True,17.2,False,False,0.507,Moderate,24.0,40.2,146.1,0.091,0.21,0.896,Light rain detected - minor speed reduction advised
EVT402449,2025-09-07 18:44:41,Concert,J012,Koramangala Sony World,20669,Weekend,False,Clear,False,0.0,False,False,0.876,Severe,11.2,62.3,523.9,0.208,0.48,0.917,Heavy congestion detected - signal timing extended and reroute suggested
EVT402450,2026-02-15 15:42:19,Sports Fixture,J020,Malleshwaram Circle,29294,Weekend,False,Clear,False,0.0,False,False,0.51,Moderate,24.1,35.3,195.1,0.146,0.337,0.975,Moderate traffic flow - standard adaptive signal timing in effect
EVT402451,2025-04-20 08:51:34,Sports Fixture,J012,Koramangala Sony World,23313,Weekend,False,Clear,False,0.0,False,False,0.995,Severe,7.7,65.8,913.2,0.282,0.651,0.91,Heavy congestion detected - signal timing extended and reroute suggested
EVT402452,2025-08-30 13:24:32,Sports Fixture,J031,Cubbon Road,59421,Weekend,False,Clear,False,0.0,False,False,0.589,High,26.3,38.0,208.4,0.168,0.387,0.948,Moderate traffic flow - standard adaptive signal timing in effect
EVT402453,2025-07-12 14:48:20,Concert,J040,City Market,7234,Weekend,False,Clear,False,0.0,False,False,0.372,Moderate,26.9,24.4,260.8,0.213,0.493,0.97,Moderate traffic flow - standard adaptive signal timing in effect
EVT402454,2025-06-15 12:09:04,Local Market Day,J020,Malleshwaram Circle,2501,Weekend,False,Light Rain,True,6.3,False,False,0.34,Low,25.9,21.1,241.5,0.176,0.407,0.911,Light rain detected - minor speed reduction advised
EVT402455,2025-10-05 19:40:54,Concert,J020,Malleshwaram Circle,6744,Weekend,False,Light Rain,True,7.1,False,False,0.799,Severe,16.0,54.6,513.3,0.284,0.657,0.906,Heavy rain reducing visibility and grip - reduced speed and longer buffer advised
EVT402456,2026-04-28 08:20:50,Local Market Day,J011,Indiranagar 100ft Road,4987,Weekday,False,Clear,False,0.0,False,False,0.917,Severe,15.2,65.2,348.4,0.194,0.449,0.932,Heavy congestion detected - signal timing extended and reroute suggested
EVT402457,2026-01-12 09:48:48,Trade Fair,J023,Basavanagudi,7021,Weekday,False,Clear,False,0.0,False,False,0.904,Severe,11.6,62.4,394.8,0.188,0.435,0.947,Heavy congestion detected - signal timing extended and reroute suggested
EVT402458,2025-08-23 06:40:23,Sports Fixture,J023,Basavanagudi,19023,Weekend,False,Clear,False,0.0,False,False,0.45,Moderate,24.9,38.2,202.7,0.145,0.336,0.973,Moderate traffic flow - standard adaptive signal timing in effect
EVT402459,2025-10-18 17:51:19,Concert,J030,MG Road,5968,Weekend,False,Clear,False,0.0,False,False,0.803,Severe,16.3,57.7,321.2,0.195,0.45,0.933,Heavy congestion detected - signal timing extended and reroute suggested
EVT402460,2025-01-13 10:43:59,Sports Fixture,J012,Koramangala Sony World,24500,Weekday,False,Clear,False,0.0,False,False,0.648,High,22.9,53.5,316.8,0.207,0.479,0.966,Moderate traffic flow - standard adaptive signal timing in effect
EVT402461,2025-10-08 21:59:30,Trade Fair,J020,Malleshwaram Circle,8403,Weekday,False,Clear,False,0.0,False,False,0.259,Low,26.7,17.2,144.2,0.106,0.245,0.971,Moderate traffic flow - standard adaptive signal timing in effect
EVT402462,2025-06-28 08:01:25,Concert,J020,Malleshwaram Circle,14812,Weekend,False,Clear,False,0.0,False,False,0.721,High,18.6,51.7,271.5,0.169,0.391,0.97,Moderate traffic flow - standard adaptive signal timing in effect
EVT402463,2026-02-27 19:01:11,Concert,J011,Indiranagar 100ft Road,10159,Weekday,False,Clear,False,0.0,False,False,1.0,Severe,7.8,68.0,528.5,0.185,0.427,0.924,Heavy congestion detected - signal timing extended and reroute suggested
EVT402464,2025-08-27 20:56:30,Religious Festival,J040,City Market,64529,Weekday,True,Clear,False,0.0,False,True,1.0,Severe,9.3,98.4,392.4,0.152,0.352,0.836,Road closure for event/procession - full detour recommended for through-traffic
EVT402465,2025-06-24 19:45:12,Sports Fixture,J023,Basavanagudi,23711,Weekday,False,Rain,True,11.9,False,False,1.0,Severe,6.8,72.4,858.8,0.226,0.523,0.875,Heavy rain reducing visibility and grip - reduced speed and longer buffer advised
EVT402466,2025-07-31 18:04:34,Local Market Day,J011,Indiranagar 100ft Road,2567,Weekday,False,Clear,False,0.0,False,False,0.987,Severe,10.8,66.3,535.0,0.228,0.526,0.918,Heavy congestion detected - signal timing extended and reroute suggested
EVT402467,2026-03-09 19:11:19,Concert,J023,Basavanagudi,15073,Weekday,False,Clear,False,0.0,False,False,1.0,Severe,8.3,73.2,623.4,0.217,0.502,0.928,Heavy congestion detected - signal timing extended and reroute suggested
EVT402468,2025-03-13 09:52:41,Trade Fair,J012,Koramangala Sony World,7112,Weekday,False,Clear,False,0.0,False,False,0.907,Severe,9.6,59.8,538.5,0.196,0.454,0.93,Heavy congestion detected - signal timing extended and reroute suggested
EVT402469,2025-05-16 08:21:50,Local Market Day,J023,Basavanagudi,2238,Weekday,False,Clear,False,0.0,False,False,0.923,Severe,12.9,70.5,455.0,0.236,0.546,0.931,Heavy congestion detected - signal timing extended and reroute suggested
EVT402470,2026-05-22 18:55:59,Concert,J012,Koramangala Sony World,14800,Weekday,False,Light Rain,True,6.9,False,False,1.0,Severe,9.1,73.3,185.2,0.081,0.187,0.865,Heavy rain reducing visibility and grip - reduced speed and longer buffer advised
EVT402471,2025-03-24 19:52:59,Sports Fixture,J020,Malleshwaram Circle,12725,Weekday,False,Clear,False,0.0,False,False,0.844,Severe,9.9,62.3,720.0,0.252,0.583,0.929,Heavy congestion detected - signal timing extended and reroute suggested
EVT402472,2025-10-14 08:48:16,Sports Fixture,J011,Indiranagar 100ft Road,17454,Weekday,False,Heavy Rain,True,56.5,False,False,1.0,Severe,9.9,71.8,505.8,0.219,0.506,0.9,Heavy rain reducing visibility and grip - reduced speed and longer buffer advised
EVT402473,2025-12-07 17:00:19,Trade Fair,J031,Cubbon Road,15638,Weekend,False,Clear,False,0.0,False,False,0.719,High,14.9,46.9,345.8,0.18,0.417,0.958,Moderate traffic flow - standard adaptive signal timing in effect
EVT402474,2025-08-23 15:38:16,Local Market Day,J020,Malleshwaram Circle,6205,Weekend,False,Clear,False,0.0,False,False,0.411,Moderate,22.4,29.4,250.5,0.152,0.352,0.988,Moderate traffic flow - standard adaptive signal timing in effect
EVT402475,2026-04-26 20:55:22,Sports Fixture,J009,Majestic,37678,Weekend,False,Clear,False,0.0,False,False,0.64,High,19.7,43.7,106.3,0.06,0.138,0.975,Moderate traffic flow - standard adaptive signal timing in effect
EVT402476,2025-11-17 18:07:52,Trade Fair,J012,Koramangala Sony World,9138,Weekday,False,Clear,False,0.0,False,False,1.0,Severe,9.8,69.4,374.0,0.145,0.334,0.906,Heavy congestion detected - signal timing extended and reroute suggested
EVT402477,2025-04-06 14:04:40,Religious Festival,J011,Indiranagar 100ft Road,114794,Weekend,True,Clear,False,0.0,False,False,0.904,Severe,10.5,62.6,248.4,0.106,0.246,0.886,Festival crowd surge detected - alternate route and extended cycle recommended
EVT402478,2025-02-26 19:20:49,Trade Fair,J011,Indiranagar 100ft Road,9867,Weekday,False,Clear,False,0.0,False,False,0.957,Severe,10.4,71.5,558.3,0.241,0.557,0.914,Heavy congestion detected - signal timing extended and reroute suggested
EVT402479,2025-04-25 18:24:58,Political Rally,J009,Majestic,22735,Weekday,False,Light Rain,True,6.8,False,False,1.0,Severe,7.3,73.3,556.8,0.157,0.363,0.887,Heavy rain reducing visibility and grip - reduced speed and longer buffer advised
EVT402480,2025-02-04 17:57:49,Local Market Day,J040,City Market,3714,Weekday,False,Clear,False,0.0,False,False,0.967,Severe,9.9,66.1,493.9,0.21,0.484,0.906,Heavy congestion detected - signal timing extended and reroute suggested
EVT402481,2025-10-04 15:54:38,Concert,J020,Malleshwaram Circle,11183,Weekend,False,Clear,False,0.0,False,False,0.398,Moderate,23.0,22.9,137.5,0.085,0.195,0.978,Moderate traffic flow - standard adaptive signal timing in effect
EVT402482,2025-01-07 22:28:47,Sports Fixture,J030,MG Road,11715,Weekday,False,Clear,False,0.0,False,False,0.203,Low,38.7,13.6,170.3,0.169,0.389,0.987,Normal free-flow traffic - standard signal timing maintained
EVT402483,2025-09-27 15:07:54,Concert,J009,Majestic,14202,Weekend,False,Rain,True,19.5,False,False,0.537,Moderate,28.1,39.5,207.1,0.16,0.369,0.905,Light rain detected - minor speed reduction advised
EVT402484,2025-12-26 12:43:00,Fireworks Display,J023,Basavanagudi,25602,Weekday,True,Clear,False,0.0,False,False,0.542,Moderate,20.1,39.3,237.9,0.16,0.37,0.917,Festival crowd surge detected - alternate route and extended cycle recommended
EVT402485,2025-04-30 19:10:46,Trade Fair,J011,Indiranagar 100ft Road,7949,Weekday,False,Light Rain,True,5.5,False,False,1.0,Severe,7.9,69.4,246.6,0.087,0.202,0.865,Heavy rain reducing visibility and grip - reduced speed and longer buffer advised
EVT402486,2026-03-12 21:01:12,Local Market Day,J011,Indiranagar 100ft Road,6099,Weekday,False,Clear,False,0.0,False,False,0.368,Moderate,25.4,27.1,231.5,0.177,0.409,0.96,Moderate traffic flow - standard adaptive signal timing in effect
EVT402487,2026-05-15 21:55:43,Local Market Day,J020,Malleshwaram Circle,2206,Weekday,False,Clear,False,0.0,False,False,0.267,Low,30.0,16.8,213.0,0.155,0.357,0.943,Moderate traffic flow - standard adaptive signal timing in effect
EVT402488,2025-04-29 10:07:02,Local Market Day,J023,Basavanagudi,4106,Weekday,False,Clear,False,0.0,False,False,0.845,Severe,15.5,57.3,420.9,0.234,0.541,0.97,Heavy congestion detected - signal timing extended and reroute suggested
EVT402489,2025-06-29 10:49:22,Sports Fixture,J012,Koramangala Sony World,14900,Weekend,False,Clear,False,0.0,False,False,0.554,High,21.3,37.2,228.7,0.163,0.376,0.974,Moderate traffic flow - standard adaptive signal timing in effect
EVT402490,2026-01-16 04:48:03,Local Market Day,J023,Basavanagudi,2775,Weekday,False,Light Rain,True,1.1,False,False,0.239,Low,31.8,18.0,163.2,0.138,0.318,0.892,Light rain detected - minor speed reduction advised
EVT402491,2025-12-30 20:25:30,Local Market Day,J023,Basavanagudi,4496,Weekday,False,Clear,False,0.0,False,False,0.483,Moderate,21.4,32.7,189.3,0.132,0.304,0.953,Moderate traffic flow - standard adaptive signal timing in effect
EVT402492,2026-01-11 19:30:24,Local Market Day,J012,Koramangala Sony World,4293,Weekend,False,Clear,False,0.0,False,False,0.729,High,16.5,54.0,340.4,0.183,0.422,0.98,Moderate traffic flow - standard adaptive signal timing in effect
EVT402493,2025-03-22 07:23:19,Political Rally,J009,Majestic,27595,Weekend,False,Clear,False,0.0,False,False,0.61,High,24.4,40.3,371.3,0.266,0.614,0.948,Moderate traffic flow - standard adaptive signal timing in effect
EVT402494,2025-12-12 18:44:14,Sports Fixture,J040,City Market,16676,Weekday,False,Clear,False,0.0,False,False,1.0,Severe,9.4,70.3,525.6,0.192,0.444,0.926,Heavy congestion detected - signal timing extended and reroute suggested
EVT402495,2026-01-10 07:17:38,Concert,J012,Koramangala Sony World,11179,Weekend,False,Clear,False,0.0,False,False,0.543,Moderate,24.6,43.9,226.2,0.162,0.374,0.985,Moderate traffic flow - standard adaptive signal timing in effect
EVT402496,2026-06-20 20:55:11,Local Market Day,J031,Cubbon Road,3072,Weekend,False,Clear,False,0.0,False,False,0.482,Moderate,20.9,32.7,244.2,0.13,0.3,0.969,Moderate traffic flow - standard adaptive signal timing in effect
EVT402497,2025-04-26 18:23:57,Political Rally,J011,Indiranagar 100ft Road,11428,Weekend,False,Clear,False,0.0,False,False,0.874,Severe,10.6,62.8,340.4,0.123,0.285,0.916,Heavy congestion detected - signal timing extended and reroute suggested
EVT402498,2026-06-21 10:17:26,Concert,J011,Indiranagar 100ft Road,9210,Weekend,False,Heavy Rain,True,38.6,False,False,1.0,Severe,9.0,64.1,379.5,0.142,0.328,0.875,Heavy rain reducing visibility and grip - reduced speed and longer buffer advised
EVT402499,2025-03-09 21:29:50,Local Market Day,J012,Koramangala Sony World,4260,Weekend,False,Clear,False,0.0,False,False,0.401,Moderate,28.1,27.8,215.6,0.169,0.39,0.985,Moderate traffic flow - standard adaptive signal timing in effect
EVT402500,2025-12-31 09:40:36,Sports Fixture,J020,Malleshwaram Circle,27470,Weekday,False,Clear,False,0.0,False,False,1.0,Severe,5.8,77.7,327.1,0.109,0.251,0.916,Heavy congestion detected - signal timing extended and reroute suggested
EVT402501,2026-01-04 11:06:23,Concert,J031,Cubbon Road,13360,Weekend,False,Clear,False,0.0,False,False,0.475,Moderate,24.4,36.1,224.6,0.17,0.393,0.967,Moderate traffic flow - standard adaptive signal timing in effect
EVT402502,2026-02-27 09:58:00,Local Market Day,J031,Cubbon Road,3614,Weekday,False,Clear,False,0.0,False,False,0.806,Severe,14.6,58.2,133.3,0.082,0.188,0.944,Heavy congestion detected - signal timing extended and reroute suggested
EVT402503,2025-08-04 16:53:52,Concert,J020,Malleshwaram Circle,27767,Weekday,False,Clear,False,0.0,False,False,0.79,Severe,14.6,52.0,330.0,0.177,0.408,0.949,Heavy congestion detected - signal timing extended and reroute suggested
EVT402504,2026-06-17 13:21:49,Sports Fixture,J031,Cubbon Road,14378,Weekday,False,Clear,False,0.0,False,False,0.239,Low,34.3,16.1,79.2,0.064,0.148,0.989,Normal free-flow traffic - standard signal timing maintained
EVT402505,2026-02-14 07:38:55,Concert,J031,Cubbon Road,14345,Weekend,False,Clear,False,0.0,False,False,0.682,High,19.1,47.8,210.9,0.141,0.326,0.96,Moderate traffic flow - standard adaptive signal timing in effect
EVT402506,2026-04-21 05:17:38,Concert,J030,MG Road,8807,Weekday,False,Rain,True,9.7,False,False,0.392,Moderate,30.4,24.8,159.1,0.126,0.292,0.899,Light rain detected - minor speed reduction advised
EVT402507,2025-12-26 07:10:51,Fireworks Display,J011,Indiranagar 100ft Road,24760,Weekday,True,Clear,False,0.0,False,False,0.884,Severe,10.7,63.9,351.5,0.113,0.26,0.899,Festival crowd surge detected - alternate route and extended cycle recommended
EVT402508,2025-03-28 12:02:58,Local Market Day,J040,City Market,3974,Weekday,False,Clear,False,0.0,False,False,0.237,Low,25.4,16.5,269.5,0.169,0.39,0.967,Normal free-flow traffic - standard signal timing maintained
EVT402509,2026-06-24 22:23:20,Concert,J040,City Market,12977,Weekday,False,Light Rain,True,3.7,False,False,0.346,Low,26.9,27.5,157.7,0.114,0.263,0.922,Light rain detected - minor speed reduction advised
EVT402510,2026-02-02 15:58:13,Trade Fair,J020,Malleshwaram Circle,10583,Weekday,False,Light Rain,True,0.9,False,False,0.554,High,25.7,37.6,191.5,0.145,0.335,0.907,Heavy rain reducing visibility and grip - reduced speed and longer buffer advised
EVT402511,2025-12-29 17:15:59,Trade Fair,J040,City Market,9156,Weekday,False,Clear,False,0.0,False,False,0.822,Severe,15.7,57.2,404.6,0.204,0.471,0.946,Heavy congestion detected - signal timing extended and reroute suggested
EVT402512,2025-07-28 14:02:11,Trade Fair,J030,MG Road,7146,Weekday,False,Heavy Rain,True,78.4,True,False,1.0,Severe,8.8,76.7,713.6,0.274,0.632,0.702,Accident detected nearby - reroute and reduced speed advised
EVT402513,2025-07-25 14:13:07,Sports Fixture,J023,Basavanagudi,23923,Weekday,False,Rain,True,14.5,False,False,0.502,Moderate,26.6,38.3,155.7,0.115,0.267,0.915,Light rain detected - minor speed reduction advised
EVT402514,2026-05-10 14:30:43,Trade Fair,J011,Indiranagar 100ft Road,9511,Weekend,False,Clear,False,0.0,False,False,0.281,Low,30.6,19.9,242.5,0.204,0.472,0.975,Moderate traffic flow - standard adaptive signal timing in effect
EVT402515,2025-05-07 07:40:20,Sports Fixture,J030,MG Road,20237,Weekday,False,Clear,False,0.0,False,False,0.708,High,16.2,45.5,307.5,0.168,0.387,0.963,Moderate traffic flow - standard adaptive signal timing in effect
EVT402516,2025-12-02 15:31:38,Trade Fair,J011,Indiranagar 100ft Road,18519,Weekday,False,Clear,False,0.0,False,False,0.423,Moderate,27.5,36.3,137.1,0.096,0.223,0.946,Moderate traffic flow - standard adaptive signal timing in effect
EVT402517,2025-06-17 13:58:55,Trade Fair,J009,Majestic,8666,Weekday,False,Clear,False,0.0,False,False,0.188,Low,37.1,15.9,174.2,0.176,0.407,0.99,Normal free-flow traffic - standard signal timing maintained
EVT402518,2025-11-07 11:06:05,Concert,J040,City Market,10109,Weekday,False,Clear,False,0.0,False,False,0.416,Moderate,20.0,30.5,209.6,0.123,0.283,0.974,Moderate traffic flow - standard adaptive signal timing in effect
EVT402519,2025-01-09 08:51:58,Local Market Day,J023,Basavanagudi,2311,Weekday,False,Clear,False,0.0,False,False,0.982,Severe,8.5,70.2,347.6,0.124,0.286,0.913,Heavy congestion detected - signal timing extended and reroute suggested
EVT402520,2025-05-17 15:32:39,Concert,J012,Koramangala Sony World,7977,Weekend,False,Clear,False,0.0,False,False,0.441,Moderate,31.0,30.8,193.4,0.173,0.4,0.944,Moderate traffic flow - standard adaptive signal timing in effect
EVT402521,2025-08-09 06:33:50,Trade Fair,J040,City Market,5996,Weekend,False,Clear,False,0.0,False,False,0.373,Moderate,33.2,29.3,80.7,0.061,0.14,0.955,Moderate traffic flow - standard adaptive signal timing in effect
EVT402522,2026-04-07 18:33:55,Sports Fixture,J040,City Market,25859,Weekday,False,Clear,False,0.0,False,False,1.0,Severe,7.4,69.4,735.7,0.221,0.511,0.936,Heavy congestion detected - signal timing extended and reroute suggested
EVT402523,2026-01-21 18:18:00,Sports Fixture,J023,Basavanagudi,28290,Weekday,False,Clear,False,0.0,False,False,1.0,Severe,8.6,70.4,468.9,0.166,0.384,0.894,Heavy congestion detected - signal timing extended and reroute suggested
EVT402524,2025-10-26 13:01:28,Sports Fixture,J009,Majestic,42632,Weekend,False,Rain,True,16.8,False,False,0.793,Severe,16.9,55.3,329.5,0.184,0.425,0.925,Heavy rain reducing visibility and grip - reduced speed and longer buffer advised
EVT402525,2025-05-21 10:44:55,Political Rally,J009,Majestic,17099,Weekday,False,Clear,False,0.0,False,False,0.559,High,22.8,41.0,190.7,0.141,0.326,0.966,Moderate traffic flow - standard adaptive signal timing in effect
EVT402526,2025-01-03 00:26:06,Local Market Day,J023,Basavanagudi,7751,Weekday,False,Clear,False,0.0,False,False,0.199,Low,30.5,17.0,123.5,0.11,0.255,0.971,Normal free-flow traffic - standard signal timing maintained
EVT402527,2025-07-09 17:48:31,Local Market Day,J030,MG Road,2281,Weekday,False,Clear,False,0.0,False,False,0.884,Severe,13.8,57.9,247.9,0.155,0.359,0.93,Heavy congestion detected - signal timing extended and reroute suggested
EVT402528,2025-05-12 10:29:17,Sports Fixture,J031,Cubbon Road,12490,Weekday,False,Rain,True,19.4,False,False,0.831,Severe,12.3,58.7,348.1,0.132,0.305,0.921,Heavy rain reducing visibility and grip - reduced speed and longer buffer advised
EVT402529,2025-02-02 18:02:23,Sports Fixture,J012,Koramangala Sony World,23022,Weekend,False,Clear,False,0.0,False,False,0.939,Severe,11.8,65.0,303.9,0.146,0.338,0.924,Heavy congestion detected - signal timing extended and reroute suggested
EVT402530,2025-08-07 08:52:58,Sports Fixture,J009,Majestic,22568,Weekday,False,Clear,False,0.0,False,False,1.0,Severe,6.0,72.1,917.4,0.228,0.526,0.925,Heavy congestion detected - signal timing extended and reroute suggested
EVT402531,2026-01-31 15:36:35,Political Rally,J011,Indiranagar 100ft Road,13046,Weekend,False,Fog,False,0.0,False,False,0.464,Moderate,15.1,25.9,190.4,0.096,0.221,0.96,Moderate traffic flow - standard adaptive signal timing in effect
EVT402532,2025-11-15 08:13:43,Sports Fixture,J009,Majestic,40058,Weekend,False,Clear,False,0.0,False,False,0.974,Severe,10.5,63.2,477.0,0.198,0.457,0.952,Heavy congestion detected - signal timing extended and reroute suggested
EVT402533,2026-02-22 08:19:24,Concert,J011,Indiranagar 100ft Road,13152,Weekend,False,Clear,False,0.0,False,False,0.893,Severe,11.0,65.1,272.3,0.133,0.307,0.933,Heavy congestion detected - signal timing extended and reroute suggested
EVT402534,2025-07-28 11:53:28,Trade Fair,J031,Cubbon Road,5836,Weekday,False,Clear,False,0.0,False,False,0.209,Low,34.2,11.4,186.5,0.164,0.379,0.978,Normal free-flow traffic - standard signal timing maintained
EVT402535,2026-06-26 13:28:40,Sports Fixture,J030,MG Road,23532,Weekday,False,Clear,False,0.0,False,False,0.323,Low,31.9,20.5,56.2,0.035,0.08,0.99,Moderate traffic flow - standard adaptive signal timing in effect
EVT402536,2026-01-03 16:18:34,Trade Fair,J040,City Market,10582,Weekend,False,Clear,False,0.0,False,False,0.541,Moderate,27.4,41.5,202.2,0.162,0.374,0.974,Moderate traffic flow - standard adaptive signal timing in effect
EVT402537,2025-11-21 14:53:07,Political Rally,J031,Cubbon Road,13632,Weekday,False,Clear,False,0.0,False,False,0.296,Low,30.7,24.7,214.1,0.163,0.378,0.947,Moderate traffic flow - standard adaptive signal timing in effect
EVT402538,2025-04-30 19:51:04,Local Market Day,J011,Indiranagar 100ft Road,4927,Weekday,False,Clear,False,0.0,False,False,0.771,Severe,13.7,56.5,320.4,0.151,0.348,0.967,Heavy congestion detected - signal timing extended and reroute suggested
EVT402539,2025-11-11 07:14:52,Sports Fixture,J012,Koramangala Sony World,22830,Weekday,False,Clear,False,0.0,False,False,0.623,High,25.3,47.3,91.7,0.066,0.153,0.955,Moderate traffic flow - standard adaptive signal timing in effect
EVT402540,2025-01-15 06:35:28,Cultural Procession,J031,Cubbon Road,17412,Weekday,True,Clear,False,0.0,False,True,0.753,High,18.2,66.0,337.2,0.215,0.496,0.867,Road closure for event/procession - full detour recommended for through-traffic
EVT402541,2026-05-21 10:41:50,Local Market Day,J030,MG Road,5219,Weekday,False,Clear,False,0.0,False,False,0.535,Moderate,25.0,37.6,226.3,0.159,0.367,0.984,Moderate traffic flow - standard adaptive signal timing in effect
EVT402542,2026-06-06 19:16:59,Political Rally,J011,Indiranagar 100ft Road,18850,Weekend,False,Clear,False,0.0,False,False,0.886,Severe,13.2,66.1,585.4,0.287,0.662,0.97,Heavy congestion detected - signal timing extended and reroute suggested
EVT402543,2026-02-20 15:44:41,Trade Fair,J031,Cubbon Road,15778,Weekday,False,Clear,False,0.0,False,False,0.605,High,28.6,49.5,144.7,0.11,0.255,0.95,Moderate traffic flow - standard adaptive signal timing in effect
EVT402544,2025-08-30 21:45:05,Trade Fair,J011,Indiranagar 100ft Road,5033,Weekend,False,Clear,False,0.0,False,False,0.311,Low,28.0,23.0,181.1,0.147,0.339,0.959,Moderate traffic flow - standard adaptive signal timing in effect
EVT402545,2026-05-10 08:22:54,Concert,J030,MG Road,13901,Weekend,False,Clear,False,0.0,False,False,0.878,Severe,13.3,66.9,289.9,0.163,0.377,0.951,Heavy congestion detected - signal timing extended and reroute suggested
EVT402546,2026-03-09 10:17:35,Sports Fixture,J009,Majestic,11854,Weekday,False,Clear,False,0.0,False,False,0.797,Severe,12.6,64.2,555.4,0.267,0.617,0.97,Heavy congestion detected - signal timing extended and reroute suggested
EVT402547,2025-07-24 19:38:56,Sports Fixture,J040,City Market,19157,Weekday,False,Heavy Rain,True,41.4,False,False,1.0,Severe,6.9,73.2,790.9,0.218,0.504,0.861,Heavy rain reducing visibility and grip - reduced speed and longer buffer advised
EVT402548,2025-11-24 17:37:34,Local Market Day,J040,City Market,4205,Weekday,False,Clear,False,0.0,False,False,0.943,Severe,6.6,71.3,405.8,0.116,0.268,0.928,Heavy congestion detected - signal timing extended and reroute suggested
EVT402549,2025-03-17 09:22:39,Trade Fair,J020,Malleshwaram Circle,12375,Weekday,False,Clear,False,0.0,False,False,1.0,Severe,8.1,70.8,644.5,0.22,0.507,0.921,Heavy congestion detected - signal timing extended and reroute suggested
EVT402550,2025-06-09 20:20:44,Concert,J012,Koramangala Sony World,12406,Weekday,False,Rain,True,8.9,False,False,0.778,Severe,13.9,57.6,388.9,0.188,0.435,0.903,Heavy rain reducing visibility and grip - reduced speed and longer buffer advised
EVT402551,2026-04-21 22:53:32,Local Market Day,J011,Indiranagar 100ft Road,6669,Weekday,False,Clear,False,0.0,False,False,0.257,Low,34.3,17.6,186.2,0.163,0.377,0.979,Moderate traffic flow - standard adaptive signal timing in effect
EVT402552,2026-06-02 12:35:57,Trade Fair,J030,MG Road,3829,Weekday,False,Clear,False,0.0,False,False,0.222,Low,26.6,20.0,144.0,0.105,0.244,0.955,Normal free-flow traffic - standard signal timing maintained
EVT402553,2026-06-12 19:42:19,Trade Fair,J023,Basavanagudi,9034,Weekday,False,Clear,False,0.0,False,False,0.843,Severe,12.4,65.1,376.7,0.162,0.374,0.943,Heavy congestion detected - signal timing extended and reroute suggested
EVT402554,2026-06-18 15:29:01,Trade Fair,J031,Cubbon Road,12691,Weekday,False,Clear,False,0.0,False,False,0.271,Low,33.2,24.0,144.2,0.131,0.302,0.974,Moderate traffic flow - standard adaptive signal timing in effect
EVT402555,2026-03-12 15:02:11,Trade Fair,J030,MG Road,8304,Weekday,False,Clear,False,0.0,False,False,0.231,Low,37.3,9.5,181.4,0.169,0.391,0.947,Normal free-flow traffic - standard signal timing maintained
EVT402556,2026-06-18 08:37:27,Trade Fair,J009,Majestic,6865,Weekday,False,Heavy Rain,True,97.9,False,False,1.0,Severe,7.9,73.2,837.5,0.241,0.557,0.865,Heavy rain reducing visibility and grip - reduced speed and longer buffer advised
EVT402557,2025-02-14 13:49:14,Trade Fair,J023,Basavanagudi,6697,Weekday,False,Clear,False,0.0,False,False,0.25,Low,40.8,20.2,149.0,0.142,0.328,0.97,Normal free-flow traffic - standard signal timing maintained
EVT402558,2026-01-26 17:34:28,Cultural Procession,J030,MG Road,15820,Weekday,True,Clear,False,0.0,False,False,1.0,Severe,8.0,67.6,479.5,0.159,0.367,0.898,Festival crowd surge detected - alternate route and extended cycle recommended
EVT402559,2026-05-14 16:09:47,Sports Fixture,J031,Cubbon Road,25212,Weekday,False,Light Rain,True,3.1,False,False,0.564,High,21.7,36.9,148.4,0.109,0.252,0.937,Heavy rain reducing visibility and grip - reduced speed and longer buffer advised
EVT402560,2025-06-14 07:30:01,Local Market Day,J023,Basavanagudi,3989,Weekend,False,Clear,False,0.0,False,False,0.584,High,24.4,42.4,174.4,0.128,0.295,0.985,Moderate traffic flow - standard adaptive signal timing in effect
EVT402561,2025-05-20 19:49:28,Local Market Day,J040,City Market,3592,Weekday,False,Clear,False,0.0,False,False,0.688,High,17.8,51.0,229.3,0.125,0.288,0.958,Moderate traffic flow - standard adaptive signal timing in effect
EVT402562,2025-04-03 04:08:17,Local Market Day,J012,Koramangala Sony World,7073,Weekday,False,Clear,False,0.0,False,False,0.167,Low,33.8,11.4,42.4,0.042,0.096,0.979,Normal free-flow traffic - standard signal timing maintained
EVT402563,2025-03-13 10:15:14,Sports Fixture,J012,Koramangala Sony World,18342,Weekday,False,Clear,False,0.0,False,False,0.763,Severe,15.9,56.7,148.3,0.067,0.154,0.957,Heavy congestion detected - signal timing extended and reroute suggested
EVT402564,2025-03-17 18:29:30,Political Rally,J031,Cubbon Road,17001,Weekday,False,Light Rain,True,3.3,False,False,1.0,Severe,8.0,79.3,692.1,0.242,0.56,0.887,Heavy rain reducing visibility and grip - reduced speed and longer buffer advised
EVT402565,2025-11-02 06:40:35,Fireworks Display,J020,Malleshwaram Circle,52456,Weekend,True,Clear,False,0.0,False,False,0.853,Severe,15.7,61.8,413.7,0.216,0.499,0.88,Festival crowd surge detected - alternate route and extended cycle recommended
EVT402566,2025-12-28 08:27:31,Political Rally,J009,Majestic,11285,Weekend,False,Clear,False,0.0,False,False,0.796,Severe,14.7,57.7,333.0,0.179,0.414,0.956,Heavy congestion detected - signal timing extended and reroute suggested
EVT402567,2026-03-24 13:11:26,Political Rally,J030,MG Road,20214,Weekday,False,Rain,True,9.3,False,False,0.373,Moderate,17.6,22.0,291.3,0.145,0.336,0.92,Light rain detected - minor speed reduction advised
EVT402568,2025-01-27 21:52:26,Cultural Procession,J012,Koramangala Sony World,15751,Weekday,True,Clear,False,0.0,False,True,0.65,Moderate,18.3,64.7,136.8,0.082,0.189,0.89,Road closure for event/procession - full detour recommended for through-traffic
EVT402569,2026-04-20 09:15:22,Concert,J030,MG Road,12032,Weekday,False,Clear,False,0.0,False,False,1.0,Severe,6.9,73.2,671.0,0.209,0.482,0.922,Heavy congestion detected - signal timing extended and reroute suggested
EVT402570,2026-05-10 19:15:33,Local Market Day,J020,Malleshwaram Circle,5701,Weekend,False,Clear,False,0.0,False,False,0.861,Severe,15.5,63.3,466.2,0.258,0.596,0.956,Heavy congestion detected - signal timing extended and reroute suggested
EVT402571,2025-04-20 19:33:51,Local Market Day,J011,Indiranagar 100ft Road,3482,Weekend,False,Clear,False,0.0,False,False,0.763,Severe,15.9,53.8,234.2,0.133,0.307,0.954,Heavy congestion detected - signal timing extended and reroute suggested
EVT402572,2025-10-10 22:05:49,Trade Fair,J020,Malleshwaram Circle,10061,Weekday,False,Light Rain,True,7.3,False,False,0.406,Moderate,25.5,31.1,189.2,0.134,0.31,0.92,Light rain detected - minor speed reduction advised
EVT402573,2025-05-01 12:44:50,Cultural Procession,J040,City Market,20715,Weekday,True,Clear,False,0.0,False,True,0.65,Moderate,22.1,75.7,172.3,0.114,0.263,0.878,Road closure for event/procession - full detour recommended for through-traffic
EVT402574,2025-07-20 09:26:38,Concert,J011,Indiranagar 100ft Road,11377,Weekend,False,Heavy Rain,True,29.3,False,False,1.0,Severe,9.6,69.6,476.6,0.192,0.442,0.82,Heavy rain reducing visibility and grip - reduced speed and longer buffer advised
EVT402575,2026-06-27 11:33:00,Local Market Day,J009,Majestic,4604,Weekend,False,Clear,False,0.0,False,False,0.336,Low,32.5,22.8,146.6,0.159,0.367,0.977,Moderate traffic flow - standard adaptive signal timing in effect
EVT402576,2025-03-24 12:25:27,Concert,J011,Indiranagar 100ft Road,6708,Weekday,False,Clear,False,0.0,False,False,0.207,Low,25.3,16.5,144.7,0.068,0.157,0.979,Normal free-flow traffic - standard signal timing maintained
EVT402577,2025-05-05 18:34:47,Concert,J023,Basavanagudi,7014,Weekday,False,Fog,False,0.0,False,False,1.0,Severe,7.4,69.0,841.3,0.247,0.572,0.922,Heavy congestion detected - signal timing extended and reroute suggested
EVT402578,2026-01-02 07:11:30,Religious Festival,J011,Indiranagar 100ft Road,33611,Weekday,True,Light Rain,True,1.2,False,True,1.0,Severe,8.2,98.6,576.4,0.212,0.489,0.801,Road closure for event/procession - full detour recommended for through-traffic
EVT402579,2026-04-05 20:52:19,Local Market Day,J030,MG Road,4052,Weekend,False,Rain,True,8.5,False,False,0.606,High,20.8,38.1,91.1,0.064,0.148,0.899,Heavy rain reducing visibility and grip - reduced speed and longer buffer advised
EVT402580,2025-06-26 16:00:45,Local Market Day,J031,Cubbon Road,3944,Weekday,False,Clear,False,0.0,False,False,0.372,Moderate,26.6,28.0,207.0,0.141,0.326,0.958,Moderate traffic flow - standard adaptive signal timing in effect
EVT402581,2025-02-13 22:29:29,Trade Fair,J009,Majestic,10576,Weekday,False,Light Rain,True,4.2,False,False,0.295,Low,26.4,21.6,131.7,0.091,0.211,0.933,Light rain detected - minor speed reduction advised
EVT402582,2025-11-12 14:27:23,Local Market Day,J009,Majestic,3478,Weekday,False,Clear,False,0.0,False,False,0.195,Low,33.6,21.7,241.1,0.206,0.476,0.969,Normal free-flow traffic - standard signal timing maintained
EVT402583,2025-12-08 11:45:33,Local Market Day,J030,MG Road,2986,Weekday,False,Clear,False,0.0,False,False,0.252,Low,23.8,10.2,179.6,0.092,0.212,0.965,Moderate traffic flow - standard adaptive signal timing in effect
EVT402584,2025-06-09 16:55:34,Concert,J011,Indiranagar 100ft Road,10975,Weekday,False,Clear,False,0.0,False,False,0.672,High,18.9,46.7,283.1,0.172,0.397,0.964,Moderate traffic flow - standard adaptive signal timing in effect
EVT402585,2026-06-14 15:43:35,Trade Fair,J023,Basavanagudi,9253,Weekend,False,Fog,False,0.0,False,False,0.469,Moderate,31.3,33.8,124.8,0.099,0.23,0.943,Moderate traffic flow - standard adaptive signal timing in effect
EVT402586,2026-01-07 17:28:12,Concert,J012,Koramangala Sony World,8903,Weekday,False,Clear,False,0.0,False,False,0.913,Severe,11.5,73.8,301.7,0.131,0.302,0.94,Heavy congestion detected - signal timing extended and reroute suggested
EVT402587,2026-03-29 13:14:00,Local Market Day,J012,Koramangala Sony World,3739,Weekend,False,Clear,False,0.0,False,False,0.216,Low,34.5,15.5,171.3,0.147,0.339,0.955,Normal free-flow traffic - standard signal timing maintained
EVT402588,2026-06-24 06:51:15,Sports Fixture,J020,Malleshwaram Circle,14215,Weekday,False,Heavy Rain,True,57.7,False,False,0.76,Severe,14.0,53.2,408.8,0.214,0.493,0.93,Heavy rain reducing visibility and grip - reduced speed and longer buffer advised
EVT402589,2026-06-24 18:30:25,Trade Fair,J040,City Market,8490,Weekday,False,Heavy Rain,True,34.3,False,False,1.0,Severe,8.2,77.1,578.8,0.209,0.484,0.873,Heavy rain reducing visibility and grip - reduced speed and longer buffer advised
EVT402590,2026-03-20 15:45:40,Religious Festival,J009,Majestic,31129,Weekday,True,Clear,False,0.0,False,True,0.877,High,10.9,91.1,675.1,0.26,0.6,0.876,Road closure for event/procession - full detour recommended for through-traffic
EVT402591,2026-03-24 08:08:46,Political Rally,J023,Basavanagudi,11822,Weekday,False,Clear,False,0.0,False,False,0.858,Severe,12.1,57.5,202.7,0.091,0.21,0.947,Heavy congestion detected - signal timing extended and reroute suggested
EVT402592,2025-05-17 11:02:01,Local Market Day,J031,Cubbon Road,2691,Weekend,False,Clear,False,0.0,False,False,0.382,Moderate,22.4,27.4,294.4,0.16,0.369,0.954,Moderate traffic flow - standard adaptive signal timing in effect
EVT402593,2025-02-28 10:53:42,Trade Fair,J031,Cubbon Road,8081,Weekday,False,Clear,False,0.0,False,False,0.537,Moderate,27.2,37.3,195.5,0.162,0.373,0.953,Moderate traffic flow - standard adaptive signal timing in effect
EVT402594,2025-12-04 17:45:16,Trade Fair,J020,Malleshwaram Circle,5632,Weekday,False,Clear,False,0.0,False,False,0.939,Severe,10.3,71.3,433.3,0.18,0.416,0.937,Heavy congestion detected - signal timing extended and reroute suggested
EVT402595,2025-07-12 17:18:50,Trade Fair,J031,Cubbon Road,5310,Weekend,False,Clear,False,0.0,False,False,0.84,Severe,14.5,57.7,373.6,0.204,0.47,0.936,Heavy congestion detected - signal timing extended and reroute suggested
EVT402596,2025-02-02 19:02:36,Trade Fair,J031,Cubbon Road,9192,Weekend,False,Clear,False,0.0,False,False,0.812,Severe,17.9,53.0,353.6,0.239,0.553,0.921,Heavy congestion detected - signal timing extended and reroute suggested
EVT402597,2025-03-12 14:35:23,Political Rally,J011,Indiranagar 100ft Road,19271,Weekday,False,Clear,False,0.0,False,False,0.344,Low,28.3,24.1,115.7,0.075,0.172,0.964,Moderate traffic flow - standard adaptive signal timing in effect
EVT402598,2025-10-29 07:33:25,Local Market Day,J011,Indiranagar 100ft Road,4074,Weekday,False,Heavy Rain,True,25.3,False,False,0.893,Severe,12.2,66.5,451.1,0.223,0.515,0.891,Heavy rain reducing visibility and grip - reduced speed and longer buffer advised
EVT402599,2025-05-01 08:24:11,Cultural Procession,J011,Indiranagar 100ft Road,17438,Weekday,True,Clear,False,0.0,False,False,1.0,Severe,10.0,71.3,181.0,0.076,0.175,0.863,Festival crowd surge detected - alternate route and extended cycle recommended
EVT402600,2025-05-28 17:50:35,Trade Fair,J009,Majestic,16338,Weekday,False,Rain,True,14.1,False,False,1.0,Severe,8.5,72.4,648.8,0.224,0.516,0.849,Heavy rain reducing visibility and grip - reduced speed and longer buffer advised
EVT402601,2025-01-28 06:02:54,Local Market Day,J030,MG Road,4305,Weekday,False,Clear,False,0.0,False,False,0.276,Low,34.6,25.5,65.7,0.061,0.14,0.928,Moderate traffic flow - standard adaptive signal timing in effect
EVT402602,2026-05-09 10:53:33,Sports Fixture,J009,Majestic,32914,Weekend,False,Fog,False,0.0,False,False,0.649,High,16.5,50.8,160.5,0.098,0.225,0.981,Moderate traffic flow - standard adaptive signal timing in effect
EVT402603,2025-11-02 10:46:23,Religious Festival,J031,Cubbon Road,69291,Weekend,True,Clear,False,0.0,False,True,1.0,Severe,9.3,104.6,470.4,0.177,0.408,0.84,Road closure for event/procession - full detour recommended for through-traffic
EVT402604,2026-04-08 19:36:56,Concert,J012,Koramangala Sony World,7524,Weekday,False,Clear,False,0.0,False,False,0.904,Severe,10.8,69.4,459.5,0.189,0.436,0.926,Heavy congestion detected - signal timing extended and reroute suggested
EVT402605,2025-10-21 00:11:13,Religious Festival,J030,MG Road,69628,Weekday,True,Clear,False,0.0,False,True,0.921,Severe,11.7,87.5,516.0,0.242,0.558,0.878,Road closure for event/procession - full detour recommended for through-traffic
EVT402606,2025-07-11 10:38:18,Concert,J030,MG Road,8155,Weekday,False,Heavy Rain,True,39.7,False,False,0.909,Severe,11.2,62.0,610.9,0.252,0.582,0.869,Heavy rain reducing visibility and grip - reduced speed and longer buffer advised
EVT402607,2026-04-05 20:23:37,Local Market Day,J011,Indiranagar 100ft Road,3496,Weekend,False,Clear,False,0.0,False,False,0.539,Moderate,28.1,40.9,189.1,0.152,0.352,0.951,Moderate traffic flow - standard adaptive signal timing in effect
EVT402608,2025-07-19 19:36:08,Concert,J031,Cubbon Road,17568,Weekend,False,Clear,False,0.0,False,False,0.795,Severe,16.0,52.4,253.6,0.141,0.327,0.966,Heavy congestion detected - signal timing extended and reroute suggested
EVT402609,2026-01-12 16:36:56,Local Market Day,J031,Cubbon Road,5294,Weekday,False,Clear,False,0.0,False,False,0.593,High,24.0,42.8,267.2,0.211,0.488,0.963,Moderate traffic flow - standard adaptive signal timing in effect
EVT402610,2026-06-29 09:13:51,Sports Fixture,J023,Basavanagudi,15148,Weekday,False,Clear,False,0.0,False,False,1.0,Severe,7.5,72.7,431.9,0.138,0.318,0.904,Heavy congestion detected - signal timing extended and reroute suggested
EVT402611,2026-01-19 18:35:55,Local Market Day,J020,Malleshwaram Circle,3960,Weekday,False,Clear,False,0.0,False,False,1.0,Severe,7.5,71.3,346.9,0.116,0.269,0.901,Heavy congestion detected - signal timing extended and reroute suggested
EVT402612,2026-01-08 16:25:29,Concert,J040,City Market,17068,Weekday,False,Clear,False,0.0,False,False,0.59,High,19.4,38.1,196.6,0.118,0.273,0.962,Moderate traffic flow - standard adaptive signal timing in effect
EVT402613,2025-09-22 14:10:15,Concert,J011,Indiranagar 100ft Road,5819,Weekday,False,Rain,True,10.8,True,False,0.719,High,22.9,47.3,297.4,0.232,0.537,0.769,Accident detected nearby - reroute and reduced speed advised
EVT402614,2025-10-01 20:58:15,Local Market Day,J009,Majestic,3301,Weekday,False,Clear,False,0.0,False,False,0.415,Moderate,28.7,33.3,247.1,0.2,0.463,0.966,Moderate traffic flow - standard adaptive signal timing in effect
EVT402615,2025-06-12 14:36:18,Local Market Day,J012,Koramangala Sony World,2509,Weekday,False,Clear,False,0.0,False,False,0.262,Low,22.8,18.1,115.0,0.081,0.187,0.959,Moderate traffic flow - standard adaptive signal timing in effect
EVT402616,2026-06-28 07:25:32,Sports Fixture,J011,Indiranagar 100ft Road,16663,Weekend,False,Heavy Rain,True,29.6,False,False,0.924,Severe,10.1,63.5,415.9,0.177,0.409,0.873,Heavy rain reducing visibility and grip - reduced speed and longer buffer advised
EVT402617,2025-07-30 08:35:26,Local Market Day,J009,Majestic,6131,Weekday,False,Heavy Rain,True,25.8,False,False,1.0,Severe,10.7,70.8,374.9,0.15,0.347,0.855,Heavy rain reducing visibility and grip - reduced speed and longer buffer advised
EVT402618,2025-05-03 08:15:14,Concert,J040,City Market,10490,Weekend,False,Clear,False,0.0,False,False,0.753,Severe,12.7,47.4,377.0,0.164,0.379,0.959,Heavy congestion detected - signal timing extended and reroute suggested
EVT402619,2025-11-05 07:21:48,Concert,J009,Majestic,14037,Weekday,False,Clear,False,0.0,False,False,0.564,High,24.4,35.7,143.5,0.095,0.219,0.937,Moderate traffic flow - standard adaptive signal timing in effect
EVT402620,2026-05-19 14:01:54,Trade Fair,J012,Koramangala Sony World,10676,Weekday,False,Clear,False,0.0,False,False,0.232,Low,29.8,13.6,248.9,0.225,0.52,0.951,Normal free-flow traffic - standard signal timing maintained
EVT402621,2025-01-08 20:22:35,Local Market Day,J031,Cubbon Road,3906,Weekday,False,Clear,False,0.0,False,False,0.64,High,15.9,51.1,116.9,0.063,0.145,0.972,Moderate traffic flow - standard adaptive signal timing in effect
EVT402622,2025-03-18 11:52:14,Local Market Day,J012,Koramangala Sony World,3554,Weekday,False,Clear,False,0.0,False,False,0.239,Low,34.4,18.6,79.1,0.063,0.146,0.969,Normal free-flow traffic - standard signal timing maintained
EVT402623,2025-12-09 07:54:37,Sports Fixture,J040,City Market,20333,Weekday,False,Light Rain,True,2.2,False,False,0.972,Severe,9.1,68.7,597.7,0.22,0.507,0.853,Heavy rain reducing visibility and grip - reduced speed and longer buffer advised
EVT402624,2026-04-07 08:46:15,Sports Fixture,J011,Indiranagar 100ft Road,19754,Weekday,False,Clear,False,0.0,False,False,1.0,Severe,9.7,68.2,366.0,0.153,0.354,0.918,Heavy congestion detected - signal timing extended and reroute suggested
EVT402625,2025-04-12 07:07:15,Local Market Day,J031,Cubbon Road,2448,Weekend,False,Clear,False,0.0,False,False,0.48,Moderate,23.1,29.5,219.7,0.152,0.351,0.967,Moderate traffic flow - standard adaptive signal timing in effect
EVT402626,2025-08-12 20:54:59,Local Market Day,J011,Indiranagar 100ft Road,7862,Weekday,False,Clear,False,0.0,False,False,0.459,Moderate,25.2,27.0,151.4,0.112,0.259,0.99,Moderate traffic flow - standard adaptive signal timing in effect
EVT402627,2025-06-22 08:21:59,Local Market Day,J030,MG Road,4378,Weekend,False,Heavy Rain,True,40.6,False,False,1.0,Severe,8.4,75.9,675.9,0.22,0.509,0.884,Heavy rain reducing visibility and grip - reduced speed and longer buffer advised
EVT402628,2026-04-10 18:26:06,Sports Fixture,J030,MG Road,11722,Weekday,False,Light Rain,True,4.3,False,False,1.0,Severe,8.9,68.0,391.1,0.155,0.358,0.868,Heavy rain reducing visibility and grip - reduced speed and longer buffer advised
EVT402629,2025-06-24 11:06:04,Political Rally,J031,Cubbon Road,16782,Weekday,False,Clear,False,0.0,False,False,0.433,Moderate,29.5,30.3,145.0,0.107,0.247,0.963,Moderate traffic flow - standard adaptive signal timing in effect
EVT402630,2025-05-05 08:35:19,Concert,J023,Basavanagudi,19564,Weekday,False,Clear,False,0.0,False,False,1.0,Severe,6.9,65.6,1029.3,0.326,0.753,0.934,Heavy congestion detected - signal timing extended and reroute suggested
EVT402631,2025-09-08 15:07:03,Trade Fair,J030,MG Road,8918,Weekday,False,Clear,False,0.0,False,False,0.335,Low,30.9,20.8,175.2,0.145,0.335,0.99,Moderate traffic flow - standard adaptive signal timing in effect
EVT402632,2025-09-30 18:47:28,Trade Fair,J020,Malleshwaram Circle,9956,Weekday,False,Clear,False,0.0,False,False,1.0,Severe,9.0,68.5,517.9,0.204,0.471,0.922,Heavy congestion detected - signal timing extended and reroute suggested
EVT402633,2025-10-31 19:52:49,Trade Fair,J011,Indiranagar 100ft Road,5397,Weekday,False,Light Rain,True,6.6,False,False,0.833,Severe,11.7,60.8,357.5,0.146,0.336,0.911,Heavy rain reducing visibility and grip - reduced speed and longer buffer advised
EVT402634,2025-11-19 17:34:16,Sports Fixture,J031,Cubbon Road,20918,Weekday,False,Clear,False,0.0,False,False,0.983,Severe,8.6,69.7,422.7,0.151,0.349,0.892,Heavy congestion detected - signal timing extended and reroute suggested
EVT402635,2026-03-16 11:31:25,Local Market Day,J031,Cubbon Road,3968,Weekday,False,Clear,False,0.0,False,False,0.289,Low,38.8,24.6,177.5,0.197,0.456,0.968,Moderate traffic flow - standard adaptive signal timing in effect
EVT402636,2025-02-23 09:04:20,Political Rally,J040,City Market,17947,Weekend,False,Clear,False,0.0,False,False,0.987,Severe,7.6,72.3,843.3,0.261,0.604,0.955,Heavy congestion detected - signal timing extended and reroute suggested
EVT402637,2025-07-01 19:36:04,Local Market Day,J020,Malleshwaram Circle,3793,Weekday,False,Rain,True,16.4,False,False,0.999,Severe,9.2,71.2,450.5,0.179,0.413,0.873,Heavy rain reducing visibility and grip - reduced speed and longer buffer advised
EVT402638,2026-01-02 11:45:07,Cultural Procession,J023,Basavanagudi,12861,Weekday,True,Clear,False,0.0,False,True,0.672,Moderate,18.5,65.5,502.8,0.28,0.647,0.897,Road closure for event/procession - full detour recommended for through-traffic
EVT402639,2025-08-11 19:42:54,Local Market Day,J023,Basavanagudi,4188,Weekday,False,Light Rain,True,2.7,False,False,0.848,Severe,12.5,57.4,485.6,0.226,0.522,0.88,Heavy rain reducing visibility and grip - reduced speed and longer buffer advised
EVT402640,2025-07-31 09:27:42,Sports Fixture,J009,Majestic,23340,Weekday,False,Heavy Rain,True,48.1,False,False,1.0,Severe,7.0,72.5,752.2,0.211,0.488,0.855,Heavy rain reducing visibility and grip - reduced speed and longer buffer advised
EVT402641,2025-01-13 18:58:30,Political Rally,J031,Cubbon Road,13371,Weekday,False,Clear,False,0.0,False,False,1.0,Severe,6.2,77.8,997.8,0.242,0.56,0.938,Heavy congestion detected - signal timing extended and reroute suggested
EVT402642,2025-07-24 18:15:48,Trade Fair,J023,Basavanagudi,11988,Weekday,False,Fog,False,0.0,False,False,1.0,Severe,9.0,73.0,341.3,0.135,0.312,0.916,Heavy congestion detected - signal timing extended and reroute suggested
EVT402643,2026-05-25 15:31:42,Political Rally,J031,Cubbon Road,17263,Weekday,False,Rain,True,14.1,False,False,0.584,High,22.2,39.6,299.2,0.201,0.463,0.931,Heavy rain reducing visibility and grip - reduced speed and longer buffer advised
EVT402644,2025-12-03 08:21:08,Trade Fair,J040,City Market,8522,Weekday,False,Clear,False,0.0,False,False,0.918,Severe,12.5,66.9,362.1,0.166,0.384,0.919,Heavy congestion detected - signal timing extended and reroute suggested
EVT402645,2025-03-29 19:34:34,Sports Fixture,J020,Malleshwaram Circle,35783,Weekend,False,Clear,False,0.0,True,False,1.0,Severe,6.6,68.1,433.6,0.113,0.261,0.721,Accident detected nearby - reroute and reduced speed advised
EVT402646,2026-05-08 18:18:07,Concert,J023,Basavanagudi,9308,Weekday,False,Clear,False,0.0,False,False,1.0,Severe,6.9,76.3,407.3,0.152,0.351,0.864,Heavy congestion detected - signal timing extended and reroute suggested
EVT402647,2025-02-19 18:22:58,Local Market Day,J030,MG Road,7328,Weekday,False,Fog,False,0.0,False,False,0.922,Severe,11.2,68.2,512.1,0.213,0.491,0.912,Heavy congestion detected - signal timing extended and reroute suggested
EVT402648,2026-04-23 08:01:15,Sports Fixture,J011,Indiranagar 100ft Road,23522,Weekday,False,Clear,False,0.0,False,False,0.939,Severe,9.6,65.1,346.4,0.123,0.284,0.918,Heavy congestion detected - signal timing extended and reroute suggested
EVT402649,2025-09-19 14:23:22,Political Rally,J009,Majestic,15684,Weekday,False,Rain,True,14.1,False,False,0.477,Moderate,29.1,32.1,201.0,0.171,0.396,0.918,Light rain detected - minor speed reduction advised
EVT402650,2026-03-29 18:55:20,Local Market Day,J020,Malleshwaram Circle,2777,Weekend,False,Clear,False,0.0,False,False,0.835,Severe,13.9,60.8,394.7,0.197,0.455,0.928,Heavy congestion detected - signal timing extended and reroute suggested
EVT402651,2025-09-27 19:12:13,Sports Fixture,J023,Basavanagudi,21691,Weekend,False,Clear,False,0.0,False,False,0.894,Severe,13.0,66.3,446.5,0.225,0.519,0.923,Heavy congestion detected - signal timing extended and reroute suggested
EVT402652,2025-03-01 09:56:00,Local Market Day,J011,Indiranagar 100ft Road,1802,Weekend,False,Clear,False,0.0,False,False,0.638,High,17.8,46.8,235.0,0.142,0.329,0.966,Moderate traffic flow - standard adaptive signal timing in effect
EVT402653,2026-05-23 20:24:01,Local Market Day,J031,Cubbon Road,5363,Weekend,False,Clear,False,0.0,False,False,0.543,Moderate,24.4,34.6,137.6,0.087,0.201,0.983,Moderate traffic flow - standard adaptive signal timing in effect
EVT402654,2026-01-17 18:36:51,Concert,J023,Basavanagudi,20803,Weekend,False,Clear,False,0.0,False,False,0.948,Severe,10.7,61.4,741.1,0.311,0.719,0.921,Heavy congestion detected - signal timing extended and reroute suggested
EVT402655,2026-06-07 13:34:34,Local Market Day,J012,Koramangala Sony World,2351,Weekend,False,Clear,False,0.0,False,False,0.303,Low,28.0,24.2,235.9,0.166,0.385,0.984,Moderate traffic flow - standard adaptive signal timing in effect
EVT402656,2025-12-12 08:52:09,Trade Fair,J031,Cubbon Road,11016,Weekday,False,Clear,False,0.0,False,False,0.986,Severe,7.3,68.4,858.3,0.26,0.6,0.912,Heavy congestion detected - signal timing extended and reroute suggested
EVT402657,2025-03-10 08:27:08,Local Market Day,J020,Malleshwaram Circle,4696,Weekday,False,Clear,False,0.0,False,False,0.93,Severe,8.2,69.9,208.5,0.074,0.17,0.927,Heavy congestion detected - signal timing extended and reroute suggested
EVT402658,2025-10-03 19:00:43,Religious Festival,J020,Malleshwaram Circle,38541,Weekday,True,Clear,False,0.0,False,True,1.0,Severe,7.4,97.4,668.7,0.213,0.491,0.829,Road closure for event/procession - full detour recommended for through-traffic
EVT402659,2025-06-29 09:55:07,Sports Fixture,J040,City Market,22172,Weekend,False,Clear,False,0.0,False,False,0.832,Severe,13.0,56.6,470.0,0.203,0.469,0.952,Heavy congestion detected - signal timing extended and reroute suggested
EVT402660,2025-08-18 12:06:48,Political Rally,J040,City Market,10525,Weekday,False,Clear,False,0.0,False,False,0.269,Low,37.6,12.5,88.3,0.087,0.2,0.973,Moderate traffic flow - standard adaptive signal timing in effect
EVT402661,2025-07-11 19:31:27,Local Market Day,J030,MG Road,5367,Weekday,False,Light Rain,True,4.0,False,False,0.951,Severe,11.3,75.7,527.1,0.22,0.507,0.922,Heavy rain reducing visibility and grip - reduced speed and longer buffer advised
EVT402662,2025-08-19 07:51:49,Trade Fair,J031,Cubbon Road,7424,Weekday,False,Rain,True,13.3,False,False,0.957,Severe,11.4,70.4,260.8,0.125,0.288,0.867,Heavy rain reducing visibility and grip - reduced speed and longer buffer advised
EVT402663,2025-07-24 13:09:38,Sports Fixture,J031,Cubbon Road,13296,Weekday,False,Heavy Rain,True,35.7,False,False,0.625,High,21.3,44.1,186.7,0.134,0.31,0.931,Heavy rain reducing visibility and grip - reduced speed and longer buffer advised
EVT402664,2026-06-01 09:58:25,Local Market Day,J040,City Market,3563,Weekday,False,Heavy Rain,True,42.1,False,False,1.0,Severe,7.2,68.0,864.9,0.257,0.593,0.879,Heavy rain reducing visibility and grip - reduced speed and longer buffer advised
EVT402665,2026-04-08 08:59:12,Sports Fixture,J023,Basavanagudi,17063,Weekday,False,Clear,False,0.0,False,False,1.0,Severe,9.4,77.8,421.2,0.158,0.366,0.931,Heavy congestion detected - signal timing extended and reroute suggested
EVT402666,2025-09-11 16:17:00,Local Market Day,J009,Majestic,4543,Weekday,False,Clear,False,0.0,False,False,0.517,Moderate,23.7,38.9,215.9,0.144,0.334,0.977,Moderate traffic flow - standard adaptive signal timing in effect
EVT402667,2026-02-03 09:34:13,Local Market Day,J012,Koramangala Sony World,2918,Weekday,False,Clear,False,0.0,False,False,0.913,Severe,9.4,66.6,262.5,0.115,0.265,0.946,Heavy congestion detected - signal timing extended and reroute suggested
EVT402668,2025-04-15 08:42:47,Cultural Procession,J030,MG Road,10908,Weekday,True,Clear,False,0.0,False,False,1.0,Severe,9.5,63.1,447.9,0.165,0.382,0.867,Festival crowd surge detected - alternate route and extended cycle recommended
EVT402669,2026-02-12 06:35:09,Trade Fair,J020,Malleshwaram Circle,5416,Weekday,False,Clear,False,0.0,False,False,0.308,Low,28.1,14.1,148.9,0.122,0.281,0.99,Moderate traffic flow - standard adaptive signal timing in effect
EVT402670,2026-03-30 13:33:04,Political Rally,J023,Basavanagudi,9539,Weekday,False,Clear,False,0.0,False,False,0.199,Low,37.8,13.2,129.9,0.127,0.294,0.954,Normal free-flow traffic - standard signal timing maintained
EVT402671,2025-09-14 08:23:24,Sports Fixture,J009,Majestic,15836,Weekend,False,Clear,False,0.0,False,False,0.857,Severe,11.5,60.0,438.1,0.174,0.401,0.943,Heavy congestion detected - signal timing extended and reroute suggested
EVT402672,2026-04-10 18:09:12,Concert,J031,Cubbon Road,20455,Weekday,False,Clear,False,0.0,False,False,1.0,Severe,7.3,70.1,827.5,0.232,0.536,0.897,Heavy congestion detected - signal timing extended and reroute suggested
EVT402673,2026-03-04 21:46:39,Cultural Procession,J031,Cubbon Road,17993,Weekday,True,Clear,False,0.0,False,True,0.715,High,14.7,73.6,345.8,0.179,0.414,0.886,Road closure for event/procession - full detour recommended for through-traffic
EVT402674,2025-04-22 12:17:42,Sports Fixture,J012,Koramangala Sony World,18462,Weekday,False,Clear,False,0.0,False,False,0.312,Low,33.5,28.5,197.8,0.155,0.358,0.941,Moderate traffic flow - standard adaptive signal timing in effect
EVT402675,2025-05-20 09:47:57,Local Market Day,J023,Basavanagudi,3171,Weekday,False,Clear,False,0.0,False,False,0.849,Severe,14.2,62.8,334.0,0.172,0.397,0.955,Heavy congestion detected - signal timing extended and reroute suggested
EVT402676,2025-06-05 11:00:46,Local Market Day,J030,MG Road,3329,Weekday,False,Clear,False,0.0,False,False,0.438,Moderate,31.8,25.9,113.8,0.09,0.209,0.951,Moderate traffic flow - standard adaptive signal timing in effect
EVT402677,2025-07-01 15:57:07,Local Market Day,J020,Malleshwaram Circle,4759,Weekday,False,Light Rain,True,4.5,False,False,0.508,Moderate,32.5,34.9,166.6,0.135,0.311,0.896,Light rain detected - minor speed reduction advised
EVT402678,2026-05-14 08:39:12,Sports Fixture,J012,Koramangala Sony World,20194,Weekday,False,Light Rain,True,2.5,False,False,1.0,Severe,8.5,71.9,269.4,0.099,0.23,0.873,Heavy rain reducing visibility and grip - reduced speed and longer buffer advised
EVT402679,2025-01-10 11:35:25,Local Market Day,J009,Majestic,3278,Weekday,False,Clear,False,0.0,False,False,0.245,Low,32.6,18.1,182.0,0.144,0.333,0.953,Normal free-flow traffic - standard signal timing maintained
EVT402680,2026-06-24 10:58:09,Local Market Day,J031,Cubbon Road,8017,Weekday,False,Clear,False,0.0,False,False,0.359,Moderate,24.0,32.3,190.1,0.139,0.322,0.947,Moderate traffic flow - standard adaptive signal timing in effect
EVT402681,2026-06-16 10:54:09,Local Market Day,J023,Basavanagudi,5898,Weekday,False,Clear,False,0.0,False,False,0.445,Moderate,22.7,34.0,257.4,0.153,0.353,0.943,Moderate traffic flow - standard adaptive signal timing in effect
EVT402682,2026-01-01 12:41:12,Cultural Procession,J011,Indiranagar 100ft Road,23711,Weekday,True,Clear,False,0.0,False,True,0.738,High,19.5,80.9,252.5,0.155,0.359,0.87,Road closure for event/procession - full detour recommended for through-traffic
EVT402683,2025-02-10 22:19:56,Trade Fair,J011,Indiranagar 100ft Road,7331,Weekday,False,Clear,False,0.0,False,False,0.274,Low,39.6,18.4,120.1,0.124,0.286,0.947,Moderate traffic flow - standard adaptive signal timing in effect
EVT402684,2026-06-24 14:49:32,Trade Fair,J011,Indiranagar 100ft Road,5577,Weekday,False,Clear,False,0.0,False,False,0.26,Low,39.6,24.7,173.7,0.133,0.306,0.976,Moderate traffic flow - standard adaptive signal timing in effect
EVT402685,2025-07-28 14:06:54,Local Market Day,J020,Malleshwaram Circle,4970,Weekday,False,Clear,False,0.0,False,False,0.262,Low,30.4,21.1,159.1,0.127,0.294,0.947,Moderate traffic flow - standard adaptive signal timing in effect
EVT402686,2025-07-23 13:06:10,Local Market Day,J012,Koramangala Sony World,5416,Weekday,False,Clear,False,0.0,False,False,0.202,Low,32.4,15.8,186.6,0.137,0.317,0.963,Normal free-flow traffic - standard signal timing maintained
EVT402687,2025-07-16 16:10:52,Trade Fair,J009,Majestic,7464,Weekday,False,Clear,False,0.0,False,False,0.527,Moderate,24.4,37.9,230.5,0.153,0.354,0.963,Moderate traffic flow - standard adaptive signal timing in effect
EVT402688,2025-03-13 14:48:03,Trade Fair,J011,Indiranagar 100ft Road,8457,Weekday,False,Rain,True,10.0,False,False,0.448,Moderate,28.5,29.6,165.5,0.137,0.316,0.912,Light rain detected - minor speed reduction advised
EVT402689,2026-05-01 20:03:14,Cultural Procession,J023,Basavanagudi,16030,Weekday,True,Rain,True,15.0,False,True,1.0,Severe,7.9,96.8,625.4,0.216,0.498,0.785,Road closure for event/procession - full detour recommended for through-traffic
EVT402690,2026-06-03 10:00:46,Concert,J011,Indiranagar 100ft Road,5641,Weekday,False,Heavy Rain,True,64.0,False,False,1.0,Severe,7.0,76.3,513.6,0.159,0.367,0.876,Heavy rain reducing visibility and grip - reduced speed and longer buffer advised
EVT402691,2025-07-11 21:55:55,Local Market Day,J012,Koramangala Sony World,4020,Weekday,False,Clear,False,0.0,False,False,0.225,Low,30.4,15.9,154.2,0.115,0.266,0.957,Normal free-flow traffic - standard signal timing maintained
EVT402692,2025-08-01 15:56:35,Local Market Day,J023,Basavanagudi,5470,Weekday,False,Heavy Rain,True,38.1,False,False,0.731,High,18.2,56.0,195.4,0.125,0.288,0.917,Heavy rain reducing visibility and grip - reduced speed and longer buffer advised
EVT402693,2026-06-02 14:56:21,Sports Fixture,J031,Cubbon Road,15290,Weekday,False,Rain,True,19.3,False,False,0.539,Moderate,24.4,37.4,185.5,0.123,0.285,0.927,Light rain detected - minor speed reduction advised
EVT402694,2025-11-20 10:23:48,Political Rally,J031,Cubbon Road,21073,Weekday,False,Clear,False,0.0,False,False,0.681,High,17.2,45.9,185.6,0.112,0.259,0.988,Moderate traffic flow - standard adaptive signal timing in effect
EVT402695,2025-03-23 14:36:22,Concert,J012,Koramangala Sony World,16297,Weekend,False,Clear,False,0.0,False,False,0.354,Moderate,27.8,19.6,150.5,0.123,0.284,0.952,Moderate traffic flow - standard adaptive signal timing in effect
EVT402696,2025-08-27 08:30:55,Religious Festival,J020,Malleshwaram Circle,47928,Weekday,True,Rain,True,21.8,False,True,1.0,Severe,9.7,97.0,717.4,0.3,0.693,0.794,Road closure for event/procession - full detour recommended for through-traffic
EVT402697,2025-09-07 14:50:43,Local Market Day,J040,City Market,4192,Weekend,False,Clear,False,0.0,False,False,0.287,Low,35.9,18.0,123.1,0.114,0.264,0.969,Moderate traffic flow - standard adaptive signal timing in effect
EVT402698,2026-06-26 21:20:35,Political Rally,J040,City Market,15805,Weekday,False,Heavy Rain,True,28.0,False,False,0.739,High,14.5,59.2,283.1,0.145,0.336,0.933,Heavy rain reducing visibility and grip - reduced speed and longer buffer advised
EVT402699,2026-02-20 18:50:00,Local Market Day,J030,MG Road,4512,Weekday,False,Clear,False,0.0,False,False,0.944,Severe,11.3,62.7,496.1,0.219,0.505,0.92,Heavy congestion detected - signal timing extended and reroute suggested
EVT402700,2025-03-03 09:23:09,Sports Fixture,J030,MG Road,29304,Weekday,False,Clear,False,0.0,False,False,1.0,Severe,8.5,71.1,368.4,0.135,0.313,0.884,Heavy congestion detected - signal timing extended and reroute suggested
EVT402701,2025-12-24 07:15:40,Local Market Day,J011,Indiranagar 100ft Road,3821,Weekday,False,Clear,False,0.0,False,False,0.53,Moderate,24.0,31.4,190.5,0.144,0.333,0.99,Moderate traffic flow - standard adaptive signal timing in effect
EVT402702,2026-02-03 18:22:05,Local Market Day,J012,Koramangala Sony World,3844,Weekday,False,Fog,False,0.0,False,False,0.998,Severe,10.4,70.2,455.5,0.161,0.371,0.924,Heavy congestion detected - signal timing extended and reroute suggested
EVT402703,2025-12-16 19:58:47,Local Market Day,J030,MG Road,1912,Weekday,False,Clear,False,0.0,False,False,0.709,High,11.6,52.5,177.0,0.069,0.159,0.99,Moderate traffic flow - standard adaptive signal timing in effect
EVT402704,2025-03-14 20:18:41,Religious Festival,J023,Basavanagudi,36911,Weekday,True,Clear,False,0.0,False,True,1.0,Severe,8.6,105.1,528.6,0.189,0.436,0.842,Road closure for event/procession - full detour recommended for through-traffic
EVT402705,2026-01-15 12:18:41,Religious Festival,J009,Majestic,77497,Weekday,True,Clear,False,0.0,False,True,0.983,Severe,12.7,95.8,494.4,0.23,0.531,0.883,Road closure for event/procession - full detour recommended for through-traffic
EVT402706,2025-05-26 20:49:34,Concert,J012,Koramangala Sony World,8730,Weekday,False,Clear,False,0.0,False,False,0.513,Moderate,22.7,35.6,209.9,0.136,0.315,0.946,Moderate traffic flow - standard adaptive signal timing in effect
EVT402707,2026-04-06 14:28:14,Local Market Day,J020,Malleshwaram Circle,1970,Weekday,False,Clear,False,0.0,False,False,0.182,Low,33.2,9.3,149.7,0.126,0.291,0.975,Normal free-flow traffic - standard signal timing maintained
EVT402708,2026-05-19 19:08:53,Local Market Day,J011,Indiranagar 100ft Road,3870,Weekday,False,Clear,False,0.0,False,False,0.993,Severe,8.9,70.1,348.0,0.135,0.311,0.942,Heavy congestion detected - signal timing extended and reroute suggested
EVT402709,2026-04-17 19:09:54,Trade Fair,J040,City Market,7823,Weekday,False,Clear,False,0.0,False,False,1.0,Severe,7.5,69.9,300.5,0.097,0.223,0.903,Heavy congestion detected - signal timing extended and reroute suggested
EVT402710,2025-09-17 11:04:37,Sports Fixture,J030,MG Road,32099,Weekday,False,Clear,False,0.0,False,False,0.621,High,18.7,40.3,364.3,0.238,0.55,0.982,Moderate traffic flow - standard adaptive signal timing in effect
EVT402711,2025-12-20 10:20:16,Sports Fixture,J030,MG Road,18576,Weekend,False,Clear,False,0.0,False,False,0.668,High,18.9,47.2,238.0,0.144,0.332,0.959,Moderate traffic flow - standard adaptive signal timing in effect
EVT402712,2025-05-20 11:49:19,Concert,J009,Majestic,17480,Weekday,False,Clear,False,0.0,False,False,0.35,Low,31.8,26.2,145.5,0.111,0.257,0.971,Moderate traffic flow - standard adaptive signal timing in effect
EVT402713,2025-01-24 15:24:54,Sports Fixture,J040,City Market,26644,Weekday,False,Fog,False,0.0,False,False,0.349,Low,30.1,22.8,157.4,0.131,0.304,0.958,Moderate traffic flow - standard adaptive signal timing in effect
EVT402714,2025-05-21 09:00:22,Concert,J012,Koramangala Sony World,18104,Weekday,False,Clear,False,0.0,False,False,1.0,Severe,9.2,72.8,407.3,0.158,0.365,0.919,Heavy congestion detected - signal timing extended and reroute suggested
EVT402715,2025-06-03 21:02:13,Local Market Day,J023,Basavanagudi,7274,Weekday,False,Heavy Rain,True,31.3,False,False,0.704,High,18.5,50.4,228.1,0.15,0.347,0.923,Heavy rain reducing visibility and grip - reduced speed and longer buffer advised
EVT402716,2025-06-06 10:44:13,Local Market Day,J031,Cubbon Road,5242,Weekday,False,Clear,False,0.0,False,False,0.48,Moderate,22.3,33.6,167.9,0.109,0.251,0.99,Moderate traffic flow - standard adaptive signal timing in effect
EVT402717,2026-01-23 12:46:04,Sports Fixture,J031,Cubbon Road,16652,Weekday,False,Clear,False,0.0,False,False,0.264,Low,37.2,16.8,149.4,0.134,0.31,0.953,Moderate traffic flow - standard adaptive signal timing in effect
EVT402718,2025-12-16 06:24:51,Political Rally,J031,Cubbon Road,15181,Weekday,False,Clear,False,0.0,False,False,0.333,Low,25.4,21.0,114.5,0.083,0.192,0.947,Moderate traffic flow - standard adaptive signal timing in effect
EVT402719,2026-06-14 18:09:13,Political Rally,J020,Malleshwaram Circle,19599,Weekend,False,Rain,True,13.9,False,False,1.0,Severe,8.5,75.6,406.8,0.144,0.334,0.888,Heavy rain reducing visibility and grip - reduced speed and longer buffer advised
EVT402720,2026-03-07 12:56:35,Sports Fixture,J031,Cubbon Road,12328,Weekend,False,Clear,False,0.0,False,False,0.273,Low,29.5,27.0,238.4,0.194,0.448,0.965,Moderate traffic flow - standard adaptive signal timing in effect
EVT402721,2026-02-23 23:56:46,Concert,J012,Koramangala Sony World,14903,Weekday,False,Clear,False,0.0,False,False,0.197,Low,27.0,12.4,55.4,0.058,0.134,0.954,Normal free-flow traffic - standard signal timing maintained
EVT402722,2026-06-22 15:32:16,Sports Fixture,J011,Indiranagar 100ft Road,15301,Weekday,False,Clear,False,0.0,False,False,0.458,Moderate,23.8,32.2,297.0,0.211,0.488,0.952,Moderate traffic flow - standard adaptive signal timing in effect
EVT402723,2026-01-03 07:28:32,Trade Fair,J009,Majestic,6926,Weekend,False,Clear,False,0.0,False,False,0.637,High,18.7,48.4,313.7,0.17,0.393,0.961,Moderate traffic flow - standard adaptive signal timing in effect
EVT402724,2025-10-10 20:38:16,Sports Fixture,J031,Cubbon Road,18237,Weekday,False,Heavy Rain,True,55.1,False,False,0.958,Severe,8.7,63.1,614.8,0.199,0.46,0.873,Heavy rain reducing visibility and grip - reduced speed and longer buffer advised
EVT402725,2025-12-10 17:26:02,Trade Fair,J009,Majestic,12631,Weekday,False,Clear,False,0.0,False,False,0.933,Severe,14.7,71.6,366.9,0.205,0.473,0.908,Heavy congestion detected - signal timing extended and reroute suggested
EVT402726,2026-05-09 21:14:24,Local Market Day,J031,Cubbon Road,3888,Weekend,False,Rain,True,11.0,False,False,0.508,Moderate,22.4,37.5,244.7,0.165,0.381,0.893,Light rain detected - minor speed reduction advised
EVT402727,2025-07-03 07:54:42,Concert,J031,Cubbon Road,9746,Weekday,False,Heavy Rain,True,35.9,False,False,1.0,Severe,9.0,72.3,434.6,0.173,0.399,0.884,Heavy rain reducing visibility and grip - reduced speed and longer buffer advised
EVT402728,2025-11-23 14:25:01,Political Rally,J023,Basavanagudi,27790,Weekend,False,Clear,False,0.0,False,False,0.406,Moderate,25.0,28.6,184.9,0.134,0.31,0.972,Moderate traffic flow - standard adaptive signal timing in effect
EVT402729,2025-03-10 21:29:19,Local Market Day,J030,MG Road,4203,Weekday,False,Clear,False,0.0,False,False,0.313,Low,32.1,20.5,115.1,0.095,0.219,0.952,Moderate traffic flow - standard adaptive signal timing in effect
EVT402730,2026-06-05 09:21:49,Local Market Day,J020,Malleshwaram Circle,4607,Weekday,False,Clear,False,0.0,False,False,1.0,Severe,7.6,68.7,302.6,0.095,0.219,0.925,Heavy congestion detected - signal timing extended and reroute suggested
EVT402731,2026-05-09 06:57:28,Trade Fair,J012,Koramangala Sony World,9743,Weekend,False,Clear,False,0.0,False,False,0.403,Moderate,23.7,28.3,70.4,0.06,0.138,0.963,Moderate traffic flow - standard adaptive signal timing in effect
EVT402732,2025-01-25 07:44:19,Trade Fair,J031,Cubbon Road,9901,Weekend,False,Clear,False,0.0,False,False,0.535,Moderate,23.8,38.5,220.8,0.175,0.403,0.978,Moderate traffic flow - standard adaptive signal timing in effect
EVT402733,2026-05-30 08:46:52,Concert,J023,Basavanagudi,6750,Weekend,False,Clear,False,0.0,False,False,0.849,Severe,17.2,52.4,254.8,0.16,0.37,0.966,Heavy congestion detected - signal timing extended and reroute suggested
EVT402734,2025-11-02 08:25:02,Cultural Procession,J023,Basavanagudi,27424,Weekend,True,Clear,False,0.0,False,True,1.0,Severe,10.2,94.8,502.4,0.233,0.539,0.815,Road closure for event/procession - full detour recommended for through-traffic
EVT402735,2025-08-20 19:17:48,Political Rally,J040,City Market,15214,Weekday,False,Clear,False,0.0,False,False,1.0,Severe,7.6,68.5,793.2,0.253,0.584,0.914,Heavy congestion detected - signal timing extended and reroute suggested
EVT402736,2026-03-22 08:26:35,Concert,J030,MG Road,5201,Weekend,False,Clear,False,0.0,False,False,0.817,Severe,17.9,56.3,330.9,0.201,0.464,0.957,Heavy congestion detected - signal timing extended and reroute suggested
EVT402737,2025-12-05 22:44:26,Concert,J009,Majestic,11987,Weekday,False,Clear,False,0.0,False,False,0.269,Low,22.2,13.4,197.4,0.123,0.285,0.975,Moderate traffic flow - standard adaptive signal timing in effect
EVT402738,2025-02-27 19:02:35,Trade Fair,J031,Cubbon Road,6784,Weekday,False,Clear,False,0.0,False,False,0.918,Severe,10.4,59.6,377.6,0.163,0.377,0.96,Heavy congestion detected - signal timing extended and reroute suggested
EVT402739,2025-01-24 13:30:00,Trade Fair,J009,Majestic,7348,Weekday,False,Clear,False,0.0,False,False,0.204,Low,42.4,9.8,106.1,0.113,0.261,0.959,Normal free-flow traffic - standard signal timing maintained
EVT402740,2026-05-17 16:59:18,Sports Fixture,J012,Koramangala Sony World,21277,Weekend,False,Rain,True,9.1,False,False,0.868,Severe,13.2,66.5,250.7,0.134,0.31,0.888,Heavy rain reducing visibility and grip - reduced speed and longer buffer advised
EVT402741,2025-08-05 13:22:34,Local Market Day,J031,Cubbon Road,5668,Weekday,False,Rain,True,21.3,False,False,0.377,Moderate,25.2,27.9,219.7,0.15,0.346,0.892,Light rain detected - minor speed reduction advised
EVT402742,2025-08-04 08:06:30,Local Market Day,J023,Basavanagudi,3195,Weekday,False,Clear,False,0.0,False,False,0.825,Severe,14.7,61.9,373.4,0.186,0.429,0.954,Heavy congestion detected - signal timing extended and reroute suggested
EVT402743,2025-06-10 16:21:07,Trade Fair,J031,Cubbon Road,8880,Weekday,False,Clear,False,0.0,False,False,0.617,High,22.0,43.6,133.0,0.102,0.235,0.99,Moderate traffic flow - standard adaptive signal timing in effect
EVT402744,2025-05-21 11:24:13,Sports Fixture,J011,Indiranagar 100ft Road,26082,Weekday,False,Clear,False,0.0,False,False,0.362,Moderate,22.3,24.0,301.9,0.182,0.421,0.937,Moderate traffic flow - standard adaptive signal timing in effect
EVT402745,2025-03-10 13:39:20,Local Market Day,J020,Malleshwaram Circle,3919,Weekday,False,Clear,False,0.0,False,False,0.221,Low,25.5,13.4,140.7,0.097,0.225,0.971,Normal free-flow traffic - standard signal timing maintained
EVT402746,2026-06-13 06:12:02,Political Rally,J031,Cubbon Road,14918,Weekend,False,Light Rain,True,7.1,False,False,0.59,High,19.0,45.0,183.7,0.117,0.27,0.911,Heavy rain reducing visibility and grip - reduced speed and longer buffer advised
EVT402747,2025-09-03 17:46:34,Local Market Day,J031,Cubbon Road,4545,Weekday,False,Heavy Rain,True,29.1,False,False,1.0,Severe,8.7,66.4,383.9,0.152,0.352,0.849,Heavy rain reducing visibility and grip - reduced speed and longer buffer advised
EVT402748,2025-04-28 16:58:05,Trade Fair,J020,Malleshwaram Circle,8423,Weekday,False,Clear,False,0.0,True,False,1.0,Severe,7.6,73.0,244.5,0.082,0.19,0.764,Accident detected nearby - reroute and reduced speed advised
EVT402749,2025-08-16 13:59:34,Cultural Procession,J031,Cubbon Road,14048,Weekend,True,Heavy Rain,True,36.3,False,True,1.0,Severe,8.1,100.6,609.8,0.215,0.497,0.789,Road closure for event/procession - full detour recommended for through-traffic
EVT402750,2025-05-11 07:24:28,Local Market Day,J023,Basavanagudi,7684,Weekend,False,Clear,False,0.0,False,False,0.428,Moderate,28.8,29.9,191.1,0.173,0.399,0.948,Moderate traffic flow - standard adaptive signal timing in effect
EVT402751,2026-06-29 16:46:38,Trade Fair,J012,Koramangala Sony World,14651,Weekday,False,Clear,False,0.0,False,False,0.691,High,20.1,53.5,246.9,0.161,0.373,0.98,Moderate traffic flow - standard adaptive signal timing in effect
EVT402752,2025-11-05 06:01:09,Sports Fixture,J011,Indiranagar 100ft Road,14388,Weekday,False,Clear,False,0.0,False,False,0.342,Low,29.2,25.4,293.8,0.234,0.54,0.956,Moderate traffic flow - standard adaptive signal timing in effect
EVT402753,2025-06-20 18:13:40,Local Market Day,J030,MG Road,4034,Weekday,False,Clear,False,0.0,False,False,1.0,Severe,9.4,75.0,415.4,0.16,0.369,0.897,Heavy congestion detected - signal timing extended and reroute suggested
EVT402754,2025-11-05 03:27:20,Trade Fair,J020,Malleshwaram Circle,10246,Weekday,False,Clear,False,0.0,False,False,0.308,Low,29.0,22.4,161.8,0.132,0.305,0.975,Moderate traffic flow - standard adaptive signal timing in effect
EVT402755,2026-02-01 14:59:21,Local Market Day,J009,Majestic,5193,Weekend,False,Clear,False,0.0,False,False,0.315,Low,34.8,23.0,127.2,0.14,0.323,0.987,Moderate traffic flow - standard adaptive signal timing in effect
EVT402756,2026-02-27 10:35:31,Local Market Day,J020,Malleshwaram Circle,4294,Weekday,False,Clear,False,0.0,False,False,0.629,High,19.6,45.9,346.9,0.21,0.484,0.952,Moderate traffic flow - standard adaptive signal timing in effect
EVT402757,2025-10-11 02:13:51,Trade Fair,J030,MG Road,11232,Weekend,False,Clear,False,0.0,False,False,0.31,Low,30.4,21.8,183.3,0.142,0.327,0.958,Moderate traffic flow - standard adaptive signal timing in effect
EVT402758,2025-11-17 11:32:24,Concert,J031,Cubbon Road,14927,Weekday,False,Clear,False,0.0,False,False,0.366,Moderate,26.4,27.0,207.5,0.145,0.335,0.961,Moderate traffic flow - standard adaptive signal timing in effect
EVT402759,2026-05-16 18:30:42,Concert,J009,Majestic,11145,Weekend,False,Clear,False,0.0,False,False,0.917,Severe,10.8,72.2,532.1,0.211,0.487,0.937,Heavy congestion detected - signal timing extended and reroute suggested
EVT402760,2026-04-10 12:35:28,Local Market Day,J030,MG Road,5619,Weekday,False,Light Rain,True,3.2,False,False,0.288,Low,31.1,19.2,226.3,0.204,0.472,0.9,Light rain detected - minor speed reduction advised
EVT402761,2025-01-09 08:45:43,Local Market Day,J020,Malleshwaram Circle,2229,Weekday,False,Clear,False,0.0,False,False,0.951,Severe,8.2,73.7,230.8,0.1,0.232,0.924,Heavy congestion detected - signal timing extended and reroute suggested
EVT402762,2025-06-26 18:34:23,Local Market Day,J011,Indiranagar 100ft Road,3880,Weekday,False,Rain,True,16.5,False,False,1.0,Severe,8.8,69.0,281.2,0.092,0.213,0.844,Heavy rain reducing visibility and grip - reduced speed and longer buffer advised
EVT402763,2025-04-28 15:14:09,Sports Fixture,J011,Indiranagar 100ft Road,22364,Weekday,False,Clear,False,0.0,False,False,0.421,Moderate,28.6,25.6,208.6,0.158,0.366,0.961,Moderate traffic flow - standard adaptive signal timing in effect
EVT402764,2026-02-02 08:23:10,Trade Fair,J031,Cubbon Road,6419,Weekday,False,Fog,False,0.0,False,False,0.943,Severe,9.0,67.9,594.2,0.221,0.511,0.955,Heavy congestion detected - signal timing extended and reroute suggested
EVT402765,2026-01-23 06:50:53,Local Market Day,J031,Cubbon Road,4462,Weekday,False,Clear,False,0.0,False,False,0.411,Moderate,29.1,31.5,256.6,0.206,0.477,0.983,Moderate traffic flow - standard adaptive signal timing in effect
EVT402766,2025-05-11 14:59:53,Concert,J012,Koramangala Sony World,14511,Weekend,False,Heavy Rain,True,31.3,False,False,0.699,High,19.6,51.1,134.6,0.096,0.223,0.934,Heavy rain reducing visibility and grip - reduced speed and longer buffer advised
EVT402767,2026-06-18 12:17:45,Local Market Day,J023,Basavanagudi,2772,Weekday,False,Heavy Rain,True,53.1,False,False,0.51,Moderate,23.4,35.7,205.1,0.151,0.349,0.897,Light rain detected - minor speed reduction advised
EVT402768,2025-01-06 19:23:43,Local Market Day,J012,Koramangala Sony World,2968,Weekday,False,Clear,False,0.0,False,False,0.912,Severe,11.1,65.5,480.2,0.213,0.493,0.944,Heavy congestion detected - signal timing extended and reroute suggested
EVT402769,2025-11-13 09:33:21,Trade Fair,J011,Indiranagar 100ft Road,6795,Weekday,False,Clear,False,0.0,False,False,0.997,Severe,7.8,72.2,414.5,0.153,0.354,0.892,Heavy congestion detected - signal timing extended and reroute suggested
EVT402770,2025-02-03 18:34:40,Concert,J012,Koramangala Sony World,9729,Weekday,False,Clear,False,0.0,False,False,1.0,Severe,8.8,74.0,321.2,0.129,0.299,0.908,Heavy congestion detected - signal timing extended and reroute suggested
EVT402771,2025-05-17 14:41:22,Concert,J023,Basavanagudi,12324,Weekend,False,Clear,False,0.0,False,False,0.359,Moderate,28.8,31.8,152.8,0.109,0.253,0.971,Moderate traffic flow - standard adaptive signal timing in effect
EVT402772,2026-06-25 18:48:55,Local Market Day,J030,MG Road,6789,Weekday,False,Rain,True,14.6,False,False,1.0,Severe,7.6,71.0,1080.3,0.336,0.776,0.88,Heavy rain reducing visibility and grip - reduced speed and longer buffer advised
EVT402773,2025-02-24 16:26:59,Local Market Day,J030,MG Road,4213,Weekday,False,Clear,False,0.0,False,False,0.625,High,22.8,50.9,225.0,0.148,0.342,0.966,Moderate traffic flow - standard adaptive signal timing in effect
EVT402774,2025-07-12 08:13:00,Concert,J011,Indiranagar 100ft Road,10191,Weekend,False,Rain,True,18.0,False,False,0.932,Severe,11.8,66.7,259.3,0.138,0.319,0.89,Heavy rain reducing visibility and grip - reduced speed and longer buffer advised
EVT402775,2025-07-16 15:13:14,Local Market Day,J011,Indiranagar 100ft Road,5108,Weekday,False,Rain,True,17.3,False,False,0.42,Moderate,32.0,28.1,161.0,0.148,0.341,0.916,Light rain detected - minor speed reduction advised
EVT402776,2025-05-29 15:04:15,Concert,J040,City Market,12666,Weekday,False,Fog,False,0.0,False,False,0.365,Moderate,33.9,23.7,173.4,0.16,0.37,0.95,Moderate traffic flow - standard adaptive signal timing in effect
EVT402777,2025-06-26 06:44:49,Local Market Day,J020,Malleshwaram Circle,3824,Weekday,False,Clear,False,0.0,False,False,0.421,Moderate,25.6,33.1,90.4,0.037,0.085,0.949,Moderate traffic flow - standard adaptive signal timing in effect
EVT402778,2025-04-23 17:50:00,Sports Fixture,J031,Cubbon Road,19015,Weekday,False,Clear,False,0.0,False,False,1.0,Severe,8.9,64.0,525.6,0.197,0.455,0.876,Heavy congestion detected - signal timing extended and reroute suggested
EVT402779,2025-02-16 14:49:00,Local Market Day,J030,MG Road,1988,Weekend,False,Clear,False,0.0,False,False,0.312,Low,26.7,17.3,117.5,0.106,0.246,0.97,Moderate traffic flow - standard adaptive signal timing in effect
EVT402780,2025-03-18 18:24:23,Concert,J012,Koramangala Sony World,11372,Weekday,False,Clear,False,0.0,False,False,1.0,Severe,5.9,67.4,540.7,0.142,0.327,0.914,Heavy congestion detected - signal timing extended and reroute suggested
EVT402781,2026-03-30 18:51:47,Concert,J040,City Market,12356,Weekday,False,Clear,False,0.0,False,False,1.0,Severe,9.5,72.3,520.3,0.192,0.443,0.932,Heavy congestion detected - signal timing extended and reroute suggested
EVT402782,2026-05-16 07:41:03,Sports Fixture,J023,Basavanagudi,13165,Weekend,False,Rain,True,15.2,False,False,0.838,Severe,11.3,57.1,392.7,0.171,0.395,0.882,Heavy rain reducing visibility and grip - reduced speed and longer buffer advised
EVT402783,2025-01-11 08:09:36,Political Rally,J011,Indiranagar 100ft Road,19733,Weekend,False,Clear,False,0.0,False,False,0.84,Severe,13.5,57.6,209.8,0.125,0.288,0.925,Heavy congestion detected - signal timing extended and reroute suggested
EVT402784,2025-07-25 13:28:16,Local Market Day,J020,Malleshwaram Circle,5627,Weekday,False,Clear,False,0.0,False,False,0.116,Low,33.8,11.0,194.9,0.151,0.35,0.945,Normal free-flow traffic - standard signal timing maintained
EVT402785,2025-02-14 18:40:14,Trade Fair,J012,Koramangala Sony World,7678,Weekday,False,Clear,False,0.0,False,False,1.0,Severe,7.1,62.5,534.1,0.148,0.343,0.906,Heavy congestion detected - signal timing extended and reroute suggested
EVT402786,2025-10-12 07:04:28,Sports Fixture,J031,Cubbon Road,29593,Weekend,False,Clear,False,0.0,False,False,0.527,Moderate,22.4,38.1,270.4,0.17,0.393,0.967,Moderate traffic flow - standard adaptive signal timing in effect
EVT402787,2025-10-15 14:35:32,Political Rally,J031,Cubbon Road,20851,Weekday,False,Heavy Rain,True,43.9,False,False,0.703,High,19.9,46.8,235.4,0.138,0.318,0.894,Heavy rain reducing visibility and grip - reduced speed and longer buffer advised
EVT402788,2026-01-23 09:38:34,Trade Fair,J040,City Market,5589,Weekday,False,Clear,False,0.0,False,False,0.835,Severe,13.4,59.3,289.5,0.146,0.338,0.969,Heavy congestion detected - signal timing extended and reroute suggested
EVT402789,2025-11-28 18:05:45,Political Rally,J030,MG Road,11353,Weekday,False,Light Rain,True,0.7,False,False,1.0,Severe,5.9,73.7,651.4,0.184,0.425,0.867,Heavy rain reducing visibility and grip - reduced speed and longer buffer advised
EVT402790,2025-07-26 09:09:37,Sports Fixture,J023,Basavanagudi,32204,Weekend,False,Heavy Rain,True,64.0,False,False,1.0,Severe,8.0,69.8,443.5,0.153,0.354,0.895,Heavy rain reducing visibility and grip - reduced speed and longer buffer advised
EVT402791,2025-09-07 08:24:52,Concert,J011,Indiranagar 100ft Road,13045,Weekend,False,Clear,False,0.0,False,False,0.838,Severe,12.9,57.5,594.8,0.269,0.621,0.95,Heavy congestion detected - signal timing extended and reroute suggested
EVT402792,2025-08-20 15:34:16,Concert,J020,Malleshwaram Circle,9544,Weekday,False,Clear,False,0.0,False,False,0.37,Moderate,27.8,17.6,167.9,0.142,0.329,0.965,Moderate traffic flow - standard adaptive signal timing in effect
EVT402793,2026-01-26 11:28:35,Religious Festival,J012,Koramangala Sony World,36691,Weekday,True,Clear,False,0.0,False,True,0.887,High,8.8,95.8,767.2,0.251,0.581,0.854,Road closure for event/procession - full detour recommended for through-traffic
EVT402794,2026-03-25 07:34:01,Sports Fixture,J009,Majestic,26974,Weekday,False,Clear,False,0.0,False,False,0.82,Severe,17.4,54.4,384.6,0.25,0.578,0.96,Heavy congestion detected - signal timing extended and reroute suggested
EVT402795,2025-03-05 12:00:52,Trade Fair,J011,Indiranagar 100ft Road,8730,Weekday,False,Clear,False,0.0,False,False,0.207,Low,23.3,17.1,231.9,0.142,0.329,0.975,Normal free-flow traffic - standard signal timing maintained
EVT402796,2025-04-04 16:04:13,Concert,J030,MG Road,11367,Weekday,False,Clear,False,0.0,False,False,0.543,Moderate,20.1,34.4,235.4,0.151,0.348,0.952,Moderate traffic flow - standard adaptive signal timing in effect
EVT402797,2025-08-01 07:25:31,Trade Fair,J030,MG Road,7053,Weekday,False,Rain,True,13.1,False,False,0.728,High,15.7,48.2,333.6,0.16,0.37,0.904,Heavy rain reducing visibility and grip - reduced speed and longer buffer advised
EVT402798,2026-04-29 21:57:28,Trade Fair,J011,Indiranagar 100ft Road,10680,Weekday,False,Clear,False,0.0,False,False,0.221,Low,26.6,20.6,149.3,0.092,0.212,0.94,Normal free-flow traffic - standard signal timing maintained
EVT402799,2025-07-31 08:18:48,Concert,J040,City Market,12361,Weekday,False,Clear,False,0.0,False,False,0.945,Severe,7.3,68.4,654.8,0.198,0.457,0.915,Heavy congestion detected - signal timing extended and reroute suggested
EVT402800,2025-06-04 11:42:41,Local Market Day,J012,Koramangala Sony World,3347,Weekday,False,Heavy Rain,True,35.5,False,False,0.684,High,19.5,51.7,325.5,0.206,0.476,0.925,Heavy rain reducing visibility and grip - reduced speed and longer buffer advised
EVT402801,2025-04-30 09:49:44,Political Rally,J009,Majestic,9818,Weekday,False,Clear,False,0.0,False,False,0.883,Severe,11.8,58.8,270.3,0.11,0.253,0.928,Heavy congestion detected - signal timing extended and reroute suggested
EVT402802,2026-06-06 15:43:34,Political Rally,J020,Malleshwaram Circle,12419,Weekend,False,Heavy Rain,True,41.1,False,False,0.775,Severe,14.1,59.0,229.3,0.121,0.28,0.921,Heavy rain reducing visibility and grip - reduced speed and longer buffer advised
EVT402803,2025-03-08 16:56:51,Local Market Day,J011,Indiranagar 100ft Road,5141,Weekend,False,Clear,False,0.0,False,False,0.659,High,24.3,45.1,135.2,0.09,0.208,0.957,Moderate traffic flow - standard adaptive signal timing in effect
EVT402804,2026-05-30 16:41:30,Political Rally,J023,Basavanagudi,15126,Weekend,False,Clear,False,0.0,False,False,0.575,High,20.8,37.4,98.7,0.075,0.172,0.963,Moderate traffic flow - standard adaptive signal timing in effect
EVT402805,2025-07-14 21:19:24,Sports Fixture,J030,MG Road,13509,Weekday,False,Clear,False,0.0,False,False,0.379,Moderate,26.2,27.6,153.7,0.102,0.235,0.985,Moderate traffic flow - standard adaptive signal timing in effect
EVT402806,2025-03-05 21:04:55,Sports Fixture,J023,Basavanagudi,26850,Weekday,False,Fog,False,0.0,False,False,0.486,Moderate,23.5,34.4,187.3,0.125,0.288,0.963,Moderate traffic flow - standard adaptive signal timing in effect
EVT402807,2025-02-27 18:55:01,Trade Fair,J040,City Market,7388,Weekday,False,Clear,False,0.0,False,False,1.0,Severe,8.0,68.2,522.7,0.182,0.419,0.896,Heavy congestion detected - signal timing extended and reroute suggested
EVT402808,2025-04-23 09:18:33,Local Market Day,J023,Basavanagudi,6650,Weekday,False,Light Rain,True,0.5,False,False,1.0,Severe,10.2,71.5,396.7,0.149,0.345,0.807,Heavy rain reducing visibility and grip - reduced speed and longer buffer advised
EVT402809,2025-11-11 17:14:06,Sports Fixture,J011,Indiranagar 100ft Road,13935,Weekday,False,Clear,False,0.0,False,False,0.893,Severe,11.5,61.2,505.8,0.223,0.516,0.938,Heavy congestion detected - signal timing extended and reroute suggested
EVT402810,2026-05-15 14:18:42,Local Market Day,J020,Malleshwaram Circle,3847,Weekday,False,Rain,True,24.0,False,False,0.501,Moderate,22.1,39.9,257.7,0.165,0.382,0.883,Light rain detected - minor speed reduction advised
EVT402811,2026-03-21 19:49:32,Local Market Day,J009,Majestic,4340,Weekend,False,Clear,False,0.0,False,False,0.727,High,16.6,54.2,234.0,0.139,0.321,0.966,Moderate traffic flow - standard adaptive signal timing in effect
EVT402812,2025-06-24 22:17:11,Local Market Day,J020,Malleshwaram Circle,5339,Weekday,False,Clear,False,0.0,False,False,0.312,Low,32.4,23.0,129.7,0.105,0.243,0.958,Moderate traffic flow - standard adaptive signal timing in effect
EVT402813,2025-08-21 16:40:04,Concert,J023,Basavanagudi,15569,Weekday,False,Clear,False,0.0,False,False,0.683,High,21.1,51.3,177.4,0.127,0.293,0.981,Moderate traffic flow - standard adaptive signal timing in effect
EVT402814,2025-05-29 06:29:01,Local Market Day,J011,Indiranagar 100ft Road,6639,Weekday,False,Rain,True,12.9,False,False,0.487,Moderate,29.2,31.3,85.3,0.07,0.163,0.91,Light rain detected - minor speed reduction advised
EVT402815,2025-09-12 17:48:14,Local Market Day,J031,Cubbon Road,3441,Weekday,False,Clear,False,0.0,False,False,0.994,Severe,7.9,77.6,545.8,0.185,0.427,0.904,Heavy congestion detected - signal timing extended and reroute suggested
EVT402816,2025-06-05 07:13:06,Concert,J020,Malleshwaram Circle,19550,Weekday,False,Clear,False,0.0,False,False,0.569,High,21.3,40.1,259.5,0.181,0.419,0.99,Moderate traffic flow - standard adaptive signal timing in effect
EVT402817,2025-08-17 12:52:32,Local Market Day,J023,Basavanagudi,6172,Weekend,False,Clear,False,0.0,False,False,0.337,Low,26.5,22.3,159.5,0.114,0.264,0.95,Moderate traffic flow - standard adaptive signal timing in effect
EVT402818,2025-02-02 20:17:48,Trade Fair,J040,City Market,14737,Weekend,False,Clear,False,0.0,False,False,0.7,High,19.3,43.9,244.0,0.176,0.408,0.971,Moderate traffic flow - standard adaptive signal timing in effect
EVT402819,2026-01-08 17:10:19,Sports Fixture,J023,Basavanagudi,33051,Weekday,False,Clear,False,0.0,False,False,0.978,Severe,10.1,65.1,490.3,0.214,0.494,0.914,Heavy congestion detected - signal timing extended and reroute suggested
EVT402820,2026-05-07 14:46:56,Sports Fixture,J011,Indiranagar 100ft Road,13348,Weekday,False,Clear,False,0.0,False,False,0.224,Low,29.5,11.1,235.6,0.176,0.407,0.978,Normal free-flow traffic - standard signal timing maintained
EVT402821,2025-01-17 10:47:19,Concert,J020,Malleshwaram Circle,15036,Weekday,False,Clear,False,0.0,False,False,0.583,High,19.9,46.9,102.1,0.05,0.114,0.95,Moderate traffic flow - standard adaptive signal timing in effect
EVT402822,2025-06-28 19:28:54,Political Rally,J011,Indiranagar 100ft Road,9254,Weekend,False,Rain,True,16.9,False,False,0.926,Severe,11.8,72.2,332.2,0.152,0.352,0.855,Heavy rain reducing visibility and grip - reduced speed and longer buffer advised
EVT402823,2025-12-18 10:25:53,Local Market Day,J012,Koramangala Sony World,2659,Weekday,False,Clear,False,0.0,False,False,0.612,High,23.6,43.9,185.0,0.127,0.293,0.953,Moderate traffic flow - standard adaptive signal timing in effect
EVT402824,2025-11-03 09:55:30,Concert,J009,Majestic,12704,Weekday,False,Clear,False,0.0,False,False,0.891,Severe,10.4,59.5,438.5,0.17,0.393,0.922,Heavy congestion detected - signal timing extended and reroute suggested
EVT402825,2025-07-06 19:01:11,Concert,J040,City Market,7316,Weekend,False,Clear,False,0.0,False,False,0.835,Severe,15.8,65.3,152.2,0.085,0.197,0.948,Heavy congestion detected - signal timing extended and reroute suggested
EVT402826,2025-10-05 16:36:47,Trade Fair,J040,City Market,13236,Weekend,False,Clear,False,0.0,False,False,0.646,High,17.0,47.0,332.8,0.184,0.424,0.961,Moderate traffic flow - standard adaptive signal timing in effect
EVT402827,2026-04-30 09:08:06,Sports Fixture,J020,Malleshwaram Circle,13049,Weekday,False,Clear,False,0.0,False,False,1.0,Severe,7.7,78.7,682.5,0.254,0.586,0.901,Heavy congestion detected - signal timing extended and reroute suggested
EVT402828,2025-03-21 07:40:04,Local Market Day,J040,City Market,4776,Weekday,False,Clear,False,0.0,False,False,0.638,High,19.3,43.8,296.7,0.19,0.439,0.961,Moderate traffic flow - standard adaptive signal timing in effect
EVT402829,2025-10-29 17:49:31,Sports Fixture,J020,Malleshwaram Circle,22807,Weekday,False,Rain,True,10.5,False,False,1.0,Severe,10.0,70.9,398.9,0.172,0.397,0.853,Heavy rain reducing visibility and grip - reduced speed and longer buffer advised
EVT402830,2025-03-06 15:52:23,Local Market Day,J009,Majestic,3695,Weekday,False,Clear,False,0.0,False,False,0.419,Moderate,26.7,33.6,189.8,0.131,0.304,0.99,Moderate traffic flow - standard adaptive signal timing in effect
EVT402831,2025-08-07 19:22:35,Trade Fair,J020,Malleshwaram Circle,12702,Weekday,False,Clear,False,0.0,False,False,0.979,Severe,7.7,68.3,331.1,0.119,0.276,0.921,Heavy congestion detected - signal timing extended and reroute suggested
EVT402832,2025-06-25 10:37:38,Local Market Day,J012,Koramangala Sony World,8198,Weekday,False,Clear,False,0.0,False,False,0.533,Moderate,19.6,34.3,270.9,0.195,0.451,0.946,Moderate traffic flow - standard adaptive signal timing in effect
EVT402833,2025-09-05 19:31:00,Fireworks Display,J040,City Market,31799,Weekday,True,Light Rain,True,4.5,False,False,1.0,Severe,8.4,73.9,808.9,0.277,0.639,0.806,Festival crowd surge detected - alternate route and extended cycle recommended
EVT402834,2025-04-13 07:07:44,Political Rally,J020,Malleshwaram Circle,20773,Weekend,False,Clear,False,0.0,False,False,0.535,Moderate,29.3,36.0,116.8,0.085,0.197,0.957,Moderate traffic flow - standard adaptive signal timing in effect
EVT402835,2026-06-14 17:30:46,Concert,J040,City Market,11621,Weekend,False,Clear,False,0.0,False,False,0.801,Severe,15.7,64.8,383.1,0.223,0.514,0.947,Heavy congestion detected - signal timing extended and reroute suggested
EVT402836,2025-12-08 13:51:41,Political Rally,J009,Majestic,13512,Weekday,False,Clear,False,0.0,False,False,0.29,Low,29.6,23.2,180.8,0.131,0.303,0.967,Moderate traffic flow - standard adaptive signal timing in effect
EVT402837,2025-08-28 18:16:53,Fireworks Display,J020,Malleshwaram Circle,23499,Weekday,True,Clear,False,0.0,False,False,1.0,Severe,8.4,75.5,491.4,0.166,0.383,0.855,Festival crowd surge detected - alternate route and extended cycle recommended
EVT402838,2026-01-26 09:28:28,Religious Festival,J030,MG Road,35268,Weekday,True,Clear,False,0.0,False,True,1.0,Severe,8.2,90.9,471.4,0.163,0.377,0.847,Road closure for event/procession - full detour recommended for through-traffic
EVT402839,2025-07-28 08:44:26,Concert,J031,Cubbon Road,14618,Weekday,False,Clear,False,0.0,False,False,1.0,Severe,8.0,73.1,196.2,0.088,0.202,0.924,Heavy congestion detected - signal timing extended and reroute suggested
EVT402840,2025-11-11 17:01:05,Sports Fixture,J023,Basavanagudi,13091,Weekday,False,Clear,False,0.0,False,False,0.832,Severe,10.1,62.3,323.9,0.114,0.263,0.957,Heavy congestion detected - signal timing extended and reroute suggested
EVT402841,2026-02-16 11:34:58,Concert,J011,Indiranagar 100ft Road,11552,Weekday,False,Clear,False,0.0,False,False,0.365,Moderate,30.0,18.7,129.7,0.117,0.271,0.933,Moderate traffic flow - standard adaptive signal timing in effect
EVT402842,2025-09-28 14:29:16,Concert,J011,Indiranagar 100ft Road,22328,Weekend,False,Clear,False,0.0,False,False,0.37,Moderate,28.5,21.6,142.6,0.103,0.237,0.986,Moderate traffic flow - standard adaptive signal timing in effect
EVT402843,2026-02-26 19:16:35,Trade Fair,J023,Basavanagudi,7812,Weekday,False,Clear,False,0.0,False,False,1.0,Severe,9.0,68.1,569.5,0.213,0.492,0.909,Heavy congestion detected - signal timing extended and reroute suggested
EVT402844,2025-10-11 17:20:41,Local Market Day,J020,Malleshwaram Circle,2383,Weekend,False,Clear,False,0.0,False,False,0.677,High,15.5,37.1,231.6,0.1,0.231,0.976,Moderate traffic flow - standard adaptive signal timing in effect
EVT402845,2026-06-09 14:42:58,Concert,J030,MG Road,8423,Weekday,False,Rain,True,9.6,False,False,0.328,Low,35.9,24.2,176.7,0.157,0.362,0.92,Light rain detected - minor speed reduction advised
EVT402846,2025-03-02 07:19:02,Concert,J012,Koramangala Sony World,13210,Weekend,False,Clear,False,0.0,False,False,0.553,High,24.7,36.0,270.6,0.201,0.465,0.96,Moderate traffic flow - standard adaptive signal timing in effect
EVT402847,2026-06-28 21:54:55,Local Market Day,J023,Basavanagudi,4189,Weekend,False,Light Rain,True,6.1,False,False,0.424,Moderate,22.2,30.6,253.9,0.166,0.382,0.924,Light rain detected - minor speed reduction advised
EVT402848,2025-11-24 16:45:56,Local Market Day,J031,Cubbon Road,3628,Weekday,False,Clear,False,0.0,False,False,0.737,High,18.2,52.6,311.9,0.195,0.452,0.948,Moderate traffic flow - standard adaptive signal timing in effect
EVT402849,2026-06-25 22:29:32,Political Rally,J023,Basavanagudi,19747,Weekday,False,Clear,False,0.0,False,False,0.29,Low,27.8,21.5,130.8,0.106,0.245,0.972,Moderate traffic flow - standard adaptive signal timing in effect
EVT402850,2026-05-21 10:33:07,Local Market Day,J031,Cubbon Road,2454,Weekday,False,Clear,False,0.0,False,False,0.612,High,18.8,48.2,222.1,0.126,0.29,0.937,Moderate traffic flow - standard adaptive signal timing in effect
EVT402851,2025-10-27 19:27:49,Political Rally,J020,Malleshwaram Circle,17375,Weekday,False,Clear,False,0.0,False,False,0.949,Severe,12.3,64.6,171.4,0.067,0.156,0.943,Heavy congestion detected - signal timing extended and reroute suggested
EVT402852,2025-04-01 08:23:47,Local Market Day,J030,MG Road,4630,Weekday,False,Clear,False,0.0,False,False,0.944,Severe,11.4,66.8,443.6,0.185,0.428,0.917,Heavy congestion detected - signal timing extended and reroute suggested
EVT402853,2025-04-18 09:47:51,Local Market Day,J012,Koramangala Sony World,3983,Weekday,False,Clear,False,0.0,False,False,0.824,Severe,16.4,53.9,331.7,0.206,0.477,0.938,Heavy congestion detected - signal timing extended and reroute suggested
EVT402854,2025-03-08 21:43:08,Concert,J009,Majestic,14903,Weekend,False,Clear,False,0.0,True,False,0.802,Severe,10.0,57.9,422.6,0.18,0.417,0.799,Accident detected nearby - reroute and reduced speed advised
EVT402855,2025-02-18 15:38:38,Concert,J012,Koramangala Sony World,13349,Weekday,False,Clear,False,0.0,False,False,0.378,Moderate,26.9,32.1,239.9,0.202,0.466,0.966,Moderate traffic flow - standard adaptive signal timing in effect
EVT402856,2026-05-28 15:23:48,Local Market Day,J020,Malleshwaram Circle,2298,Weekday,False,Clear,False,0.0,False,False,0.224,Low,28.5,15.8,165.4,0.125,0.288,0.99,Normal free-flow traffic - standard signal timing maintained
EVT402857,2026-03-03 10:00:06,Local Market Day,J020,Malleshwaram Circle,4044,Weekday,False,Clear,False,0.0,False,False,0.828,Severe,12.6,56.2,303.0,0.135,0.311,0.948,Heavy congestion detected - signal timing extended and reroute suggested
EVT402858,2026-06-20 19:54:34,Sports Fixture,J030,MG Road,10863,Weekend,False,Heavy Rain,True,42.2,False,False,1.0,Severe,9.0,75.7,208.9,0.08,0.185,0.859,Heavy rain reducing visibility and grip - reduced speed and longer buffer advised
EVT402859,2026-02-28 14:35:05,Local Market Day,J009,Majestic,4250,Weekend,False,Fog,False,0.0,False,False,0.271,Low,37.0,17.5,173.3,0.163,0.377,0.954,Moderate traffic flow - standard adaptive signal timing in effect
EVT402860,2026-02-01 19:03:02,Trade Fair,J040,City Market,14480,Weekend,False,Clear,False,0.0,False,False,0.9,Severe,8.1,66.4,741.7,0.235,0.543,0.933,Heavy congestion detected - signal timing extended and reroute suggested
EVT402861,2026-02-23 18:52:02,Political Rally,J040,City Market,9762,Weekday,False,Clear,False,0.0,False,False,1.0,Severe,7.5,71.6,623.5,0.205,0.473,0.927,Heavy congestion detected - signal timing extended and reroute suggested
EVT402862,2025-05-13 14:59:43,Trade Fair,J020,Malleshwaram Circle,10364,Weekday,False,Clear,False,0.0,False,False,0.363,Moderate,35.7,25.0,193.8,0.198,0.457,0.975,Moderate traffic flow - standard adaptive signal timing in effect
EVT402863,2025-02-20 13:55:35,Local Market Day,J009,Majestic,4488,Weekday,False,Clear,False,0.0,False,False,0.136,Low,33.7,12.8,134.9,0.124,0.287,0.968,Normal free-flow traffic - standard signal timing maintained
EVT402864,2025-08-16 06:37:00,Fireworks Display,J023,Basavanagudi,26023,Weekend,True,Clear,False,0.0,False,False,0.732,High,15.6,56.5,325.1,0.19,0.438,0.915,Festival crowd surge detected - alternate route and extended cycle recommended
EVT402865,2026-01-19 17:43:25,Sports Fixture,J031,Cubbon Road,12664,Weekday,False,Clear,False,0.0,False,False,0.932,Severe,11.1,64.9,515.1,0.209,0.482,0.92,Heavy congestion detected - signal timing extended and reroute suggested
EVT402866,2026-02-10 17:47:41,Sports Fixture,J030,MG Road,23258,Weekday,False,Clear,False,0.0,False,False,1.0,Severe,8.2,72.7,601.0,0.197,0.454,0.928,Heavy congestion detected - signal timing extended and reroute suggested
EVT402867,2025-09-22 07:16:59,Local Market Day,J030,MG Road,4521,Weekday,False,Clear,False,0.0,False,False,0.544,Moderate,24.9,43.7,221.9,0.141,0.326,0.961,Moderate traffic flow - standard adaptive signal timing in effect
EVT402868,2025-04-01 18:45:45,Local Market Day,J040,City Market,3333,Weekday,False,Clear,False,0.0,False,False,1.0,Severe,9.2,72.1,423.3,0.156,0.361,0.892,Heavy congestion detected - signal timing extended and reroute suggested
EVT402869,2025-02-19 14:09:17,Sports Fixture,J031,Cubbon Road,21549,Weekday,False,Clear,False,0.0,False,False,0.288,Low,28.9,27.0,94.1,0.065,0.149,0.971,Moderate traffic flow - standard adaptive signal timing in effect
EVT402870,2025-12-06 14:11:53,Local Market Day,J030,MG Road,3509,Weekend,False,Clear,False,0.0,False,False,0.291,Low,27.9,16.9,161.8,0.12,0.278,0.919,Moderate traffic flow - standard adaptive signal timing in effect
EVT402871,2025-02-07 17:14:32,Political Rally,J009,Majestic,15192,Weekday,False,Clear,False,0.0,False,False,0.831,Severe,16.2,61.8,380.7,0.215,0.497,0.954,Heavy congestion detected - signal timing extended and reroute suggested
EVT402872,2025-11-28 13:28:25,Sports Fixture,J009,Majestic,18798,Weekday,False,Clear,False,0.0,False,False,0.206,Low,26.5,12.9,76.6,0.072,0.166,0.954,Normal free-flow traffic - standard signal timing maintained
EVT402873,2025-06-12 17:56:42,Local Market Day,J040,City Market,2610,Weekday,False,Clear,False,0.0,False,False,0.979,Severe,7.9,68.5,715.0,0.232,0.536,0.914,Heavy congestion detected - signal timing extended and reroute suggested
EVT402874,2025-08-14 15:19:07,Trade Fair,J012,Koramangala Sony World,16956,Weekday,False,Heavy Rain,True,35.6,False,False,0.776,Severe,19.5,55.2,216.1,0.145,0.334,0.888,Heavy rain reducing visibility and grip - reduced speed and longer buffer advised
EVT402875,2025-04-27 12:04:06,Concert,J020,Malleshwaram Circle,15304,Weekend,False,Light Rain,True,5.0,False,False,0.488,Moderate,27.6,39.5,137.7,0.109,0.252,0.899,Light rain detected - minor speed reduction advised
EVT402876,2025-02-10 20:57:31,Trade Fair,J012,Koramangala Sony World,6098,Weekday,False,Clear,False,0.0,False,False,0.511,Moderate,27.0,34.2,220.5,0.188,0.435,0.958,Moderate traffic flow - standard adaptive signal timing in effect
EVT402877,2025-09-11 14:45:20,Sports Fixture,J009,Majestic,19539,Weekday,False,Clear,False,0.0,False,False,0.336,Low,32.5,14.7,104.2,0.095,0.22,0.958,Moderate traffic flow - standard adaptive signal timing in effect
EVT402878,2025-10-29 21:05:06,Trade Fair,J009,Majestic,5927,Weekday,False,Clear,False,0.0,False,False,0.414,Moderate,26.6,29.5,160.8,0.12,0.278,0.961,Moderate traffic flow - standard adaptive signal timing in effect
EVT402879,2026-04-19 23:17:34,Local Market Day,J020,Malleshwaram Circle,3030,Weekend,False,Clear,False,0.0,False,False,0.172,Low,29.2,14.3,118.5,0.096,0.222,0.963,Normal free-flow traffic - standard signal timing maintained
EVT402880,2026-04-13 09:08:05,Concert,J030,MG Road,11157,Weekday,False,Clear,False,0.0,False,False,1.0,Severe,8.0,73.0,580.1,0.184,0.426,0.901,Heavy congestion detected - signal timing extended and reroute suggested
EVT402881,2025-05-10 18:53:09,Political Rally,J020,Malleshwaram Circle,14793,Weekend,False,Clear,False,0.0,False,False,0.839,Severe,13.7,61.3,464.5,0.25,0.577,0.941,Heavy congestion detected - signal timing extended and reroute suggested
EVT402882,2025-02-03 09:11:00,Local Market Day,J020,Malleshwaram Circle,7055,Weekday,False,Light Rain,True,5.5,False,False,1.0,Severe,8.6,68.6,458.3,0.169,0.39,0.851,Heavy rain reducing visibility and grip - reduced speed and longer buffer advised
EVT402883,2026-02-16 17:48:30,Concert,J020,Malleshwaram Circle,11628,Weekday,False,Clear,False,0.0,False,False,1.0,Severe,7.6,71.1,843.8,0.254,0.586,0.896,Heavy congestion detected - signal timing extended and reroute suggested
EVT402884,2026-01-17 07:55:27,Sports Fixture,J009,Majestic,16795,Weekend,False,Clear,False,0.0,False,False,0.783,Severe,18.0,57.6,117.0,0.087,0.2,0.964,Heavy congestion detected - signal timing extended and reroute suggested
EVT402885,2025-08-25 09:34:50,Local Market Day,J030,MG Road,4313,Weekday,False,Heavy Rain,True,56.9,False,False,1.0,Severe,8.1,71.4,217.8,0.089,0.206,0.874,Heavy rain reducing visibility and grip - reduced speed and longer buffer advised
EVT402886,2026-02-17 10:37:50,Sports Fixture,J040,City Market,28153,Weekday,False,Clear,False,0.0,False,False,0.694,High,22.5,52.3,230.3,0.178,0.41,0.958,Moderate traffic flow - standard adaptive signal timing in effect
EVT402887,2025-10-31 18:35:00,Trade Fair,J023,Basavanagudi,10339,Weekday,False,Clear,False,0.0,False,False,1.0,Severe,9.2,71.4,707.7,0.251,0.579,0.922,Heavy congestion detected - signal timing extended and reroute suggested
EVT402888,2025-07-04 13:47:24,Concert,J009,Majestic,18060,Weekday,False,Clear,False,0.0,False,False,0.266,Low,29.9,27.6,123.8,0.092,0.212,0.96,Moderate traffic flow - standard adaptive signal timing in effect
EVT402889,2026-03-31 00:51:37,Concert,J011,Indiranagar 100ft Road,10608,Weekday,False,Fog,False,0.0,False,False,0.178,Low,27.2,10.6,199.6,0.151,0.349,0.976,Normal free-flow traffic - standard signal timing maintained
EVT402890,2026-03-31 14:17:51,Concert,J040,City Market,18320,Weekday,False,Clear,False,0.0,False,False,0.304,Low,31.3,22.7,84.1,0.076,0.176,0.954,Moderate traffic flow - standard adaptive signal timing in effect
EVT402891,2025-02-12 19:54:02,Local Market Day,J040,City Market,3867,Weekday,False,Clear,False,0.0,False,False,0.729,High,11.8,51.4,446.8,0.193,0.445,0.987,Moderate traffic flow - standard adaptive signal timing in effect
EVT402892,2025-12-25 08:42:08,Cultural Procession,J009,Majestic,38090,Weekday,True,Clear,False,0.0,False,True,1.0,Severe,6.6,102.5,823.1,0.213,0.491,0.819,Road closure for event/procession - full detour recommended for through-traffic
EVT402893,2025-10-04 08:55:44,Concert,J040,City Market,7173,Weekend,False,Clear,False,0.0,False,False,0.918,Severe,12.8,64.5,314.7,0.153,0.353,0.936,Heavy congestion detected - signal timing extended and reroute suggested
EVT402894,2026-03-19 17:29:53,Religious Festival,J030,MG Road,50379,Weekday,True,Clear,False,0.0,False,False,1.0,Severe,8.6,68.1,504.1,0.167,0.387,0.871,Festival crowd surge detected - alternate route and extended cycle recommended
EVT402895,2026-03-05 14:29:31,Religious Festival,J020,Malleshwaram Circle,58380,Weekday,True,Clear,False,0.0,False,True,0.929,Severe,11.0,89.0,571.3,0.229,0.528,0.874,Road closure for event/procession - full detour recommended for through-traffic
EVT402896,2025-06-03 07:06:11,Trade Fair,J030,MG Road,10417,Weekday,False,Clear,False,0.0,False,False,0.581,High,24.1,38.1,200.9,0.147,0.341,0.961,Moderate traffic flow - standard adaptive signal timing in effect
EVT402897,2025-07-14 20:24:22,Sports Fixture,J040,City Market,29087,Weekday,False,Heavy Rain,True,26.7,False,False,1.0,Severe,9.2,76.0,320.1,0.154,0.356,0.86,Heavy rain reducing visibility and grip - reduced speed and longer buffer advised
EVT402898,2025-04-24 18:06:41,Trade Fair,J040,City Market,7220,Weekday,False,Clear,False,0.0,False,False,1.0,Severe,6.8,74.6,482.6,0.135,0.312,0.928,Heavy congestion detected - signal timing extended and reroute suggested
EVT402899,2025-11-11 07:49:10,Trade Fair,J020,Malleshwaram Circle,6285,Weekday,False,Clear,False,0.0,False,False,0.759,Severe,16.1,56.9,530.4,0.288,0.665,0.978,Heavy congestion detected - signal timing extended and reroute suggested
EVT402900,2026-04-18 11:13:21,Concert,J031,Cubbon Road,6289,Weekend,False,Clear,False,0.0,False,False,0.408,Moderate,26.7,32.2,278.5,0.209,0.482,0.939,Moderate traffic flow - standard adaptive signal timing in effect
EVT402901,2025-06-14 13:08:17,Sports Fixture,J031,Cubbon Road,26763,Weekend,False,Clear,False,0.0,False,False,0.392,Moderate,30.4,28.0,167.7,0.151,0.35,0.967,Moderate traffic flow - standard adaptive signal timing in effect
EVT402902,2025-03-08 18:34:59,Trade Fair,J040,City Market,7683,Weekend,False,Clear,False,0.0,False,False,0.839,Severe,16.3,55.9,231.9,0.122,0.281,0.952,Heavy congestion detected - signal timing extended and reroute suggested
EVT402903,2025-03-17 10:58:32,Concert,J011,Indiranagar 100ft Road,9114,Weekday,False,Clear,False,0.0,False,False,0.435,Moderate,22.9,29.7,335.9,0.214,0.495,0.95,Moderate traffic flow - standard adaptive signal timing in effect
EVT402904,2026-02-18 16:37:39,Local Market Day,J012,Koramangala Sony World,4507,Weekday,False,Clear,False,0.0,False,False,0.629,High,20.6,48.4,120.7,0.087,0.2,0.962,Moderate traffic flow - standard adaptive signal timing in effect
EVT402905,2026-05-15 18:15:59,Sports Fixture,J009,Majestic,12802,Weekday,False,Clear,False,0.0,False,False,1.0,Severe,8.5,74.1,668.9,0.225,0.519,0.886,Heavy congestion detected - signal timing extended and reroute suggested
EVT402906,2026-05-24 10:11:33,Sports Fixture,J020,Malleshwaram Circle,16996,Weekend,False,Clear,False,0.0,False,False,0.767,Severe,16.4,51.2,305.4,0.156,0.36,0.962,Heavy congestion detected - signal timing extended and reroute suggested
EVT402907,2026-01-09 15:44:59,Local Market Day,J009,Majestic,1781,Weekday,False,Clear,False,0.0,False,False,0.373,Moderate,37.0,24.2,198.0,0.2,0.463,0.971,Moderate traffic flow - standard adaptive signal timing in effect
EVT402908,2025-09-11 07:47:06,Sports Fixture,J009,Majestic,33711,Weekday,False,Clear,False,0.0,False,False,0.913,Severe,13.2,63.2,276.0,0.121,0.279,0.915,Heavy congestion detected - signal timing extended and reroute suggested
EVT402909,2025-05-24 15:36:16,Local Market Day,J020,Malleshwaram Circle,3138,Weekend,False,Clear,False,0.0,False,False,0.337,Low,39.3,22.4,145.8,0.163,0.377,0.977,Moderate traffic flow - standard adaptive signal timing in effect
EVT402910,2026-04-04 16:27:04,Trade Fair,J040,City Market,6766,Weekend,False,Clear,False,0.0,False,False,0.531,Moderate,24.8,45.1,289.9,0.227,0.525,0.954,Moderate traffic flow - standard adaptive signal timing in effect
EVT402911,2025-07-06 07:55:49,Concert,J012,Koramangala Sony World,12297,Weekend,False,Rain,True,24.2,False,False,1.0,Severe,10.9,72.6,343.5,0.147,0.34,0.881,Heavy rain reducing visibility and grip - reduced speed and longer buffer advised
EVT402912,2025-07-10 06:34:01,Local Market Day,J030,MG Road,4497,Weekday,False,Heavy Rain,True,96.7,False,False,0.679,High,18.1,52.4,346.8,0.201,0.463,0.928,Heavy rain reducing visibility and grip - reduced speed and longer buffer advised
EVT402913,2025-03-23 18:42:20,Sports Fixture,J009,Majestic,18211,Weekend,False,Clear,False,0.0,False,False,0.927,Severe,13.3,62.2,460.4,0.243,0.562,0.924,Heavy congestion detected - signal timing extended and reroute suggested
EVT402914,2025-05-29 17:30:32,Concert,J023,Basavanagudi,12397,Weekday,False,Rain,True,11.2,False,False,1.0,Severe,7.4,66.5,776.4,0.212,0.49,0.855,Heavy rain reducing visibility and grip - reduced speed and longer buffer advised
EVT402915,2026-05-10 21:54:36,Concert,J020,Malleshwaram Circle,10469,Weekend,False,Clear,False,0.0,False,False,0.302,Low,39.0,20.1,125.1,0.131,0.303,0.961,Moderate traffic flow - standard adaptive signal timing in effect
EVT402916,2025-11-07 18:48:10,Trade Fair,J040,City Market,22470,Weekday,False,Light Rain,True,4.6,False,False,1.0,Severe,8.4,68.7,447.9,0.157,0.362,0.859,Heavy rain reducing visibility and grip - reduced speed and longer buffer advised
EVT402917,2025-05-25 21:35:29,Local Market Day,J020,Malleshwaram Circle,5477,Weekend,False,Clear,False,0.0,False,False,0.291,Low,29.3,17.3,197.2,0.144,0.333,0.968,Moderate traffic flow - standard adaptive signal timing in effect
EVT402918,2025-05-05 07:25:39,Sports Fixture,J012,Koramangala Sony World,23768,Weekday,False,Clear,False,0.0,False,False,0.686,High,17.7,46.0,310.5,0.186,0.429,0.99,Moderate traffic flow - standard adaptive signal timing in effect
EVT402919,2025-05-22 10:37:03,Political Rally,J031,Cubbon Road,21865,Weekday,False,Clear,False,0.0,False,False,0.635,High,18.2,47.8,240.2,0.133,0.308,0.963,Moderate traffic flow - standard adaptive signal timing in effect
EVT402920,2026-03-25 21:32:35,Local Market Day,J009,Majestic,3275,Weekday,False,Clear,False,0.0,False,False,0.322,Low,30.9,20.1,243.3,0.196,0.452,0.99,Moderate traffic flow - standard adaptive signal timing in effect
EVT402921,2026-04-02 16:16:04,Local Market Day,J030,MG Road,2840,Weekday,False,Clear,False,0.0,False,False,0.57,High,24.6,34.7,108.8,0.056,0.129,0.975,Moderate traffic flow - standard adaptive signal timing in effect
EVT402922,2025-11-03 15:26:44,Trade Fair,J009,Majestic,9769,Weekday,False,Clear,False,0.0,False,False,0.439,Moderate,28.2,38.6,168.0,0.12,0.278,0.99,Moderate traffic flow - standard adaptive signal timing in effect
EVT402923,2025-01-23 06:53:01,Trade Fair,J030,MG Road,9775,Weekday,False,Clear,False,0.0,False,False,0.356,Moderate,24.5,28.4,250.3,0.168,0.388,0.948,Moderate traffic flow - standard adaptive signal timing in effect
EVT402924,2025-10-07 06:12:08,Trade Fair,J020,Malleshwaram Circle,10593,Weekday,False,Heavy Rain,True,27.3,False,False,0.584,High,23.8,45.2,151.3,0.112,0.258,0.931,Heavy rain reducing visibility and grip - reduced speed and longer buffer advised
EVT402925,2026-04-07 20:48:04,Concert,J031,Cubbon Road,16704,Weekday,False,Clear,False,0.0,False,False,0.532,Moderate,23.5,34.5,278.2,0.189,0.436,0.965,Moderate traffic flow - standard adaptive signal timing in effect
EVT402926,2025-11-12 06:19:11,Local Market Day,J020,Malleshwaram Circle,5844,Weekday,False,Clear,False,0.0,False,False,0.333,Low,31.2,20.2,216.1,0.185,0.428,0.973,Moderate traffic flow - standard adaptive signal timing in effect
EVT402927,2025-03-30 20:11:05,Religious Festival,J023,Basavanagudi,90123,Weekend,True,Clear,False,0.0,False,True,1.0,Severe,7.9,97.8,609.4,0.206,0.475,0.85,Road closure for event/procession - full detour recommended for through-traffic
EVT402928,2025-05-28 12:03:01,Trade Fair,J031,Cubbon Road,5976,Weekday,False,Clear,False,0.0,False,False,0.181,Low,33.4,9.2,49.3,0.02,0.045,0.962,Normal free-flow traffic - standard signal timing maintained
EVT402929,2025-12-23 10:35:36,Trade Fair,J011,Indiranagar 100ft Road,8467,Weekday,False,Clear,False,0.0,False,False,0.646,High,17.6,44.3,454.3,0.256,0.59,0.975,Moderate traffic flow - standard adaptive signal timing in effect
EVT402930,2025-06-30 18:58:25,Concert,J020,Malleshwaram Circle,14233,Weekday,False,Clear,False,0.0,False,False,1.0,Severe,6.5,74.8,479.5,0.132,0.306,0.92,Heavy congestion detected - signal timing extended and reroute suggested
EVT402931,2026-03-10 06:59:56,Local Market Day,J040,City Market,5616,Weekday,False,Clear,False,0.0,False,False,0.419,Moderate,29.1,32.0,137.7,0.113,0.262,0.942,Moderate traffic flow - standard adaptive signal timing in effect
EVT402932,2026-04-13 09:23:35,Sports Fixture,J020,Malleshwaram Circle,52003,Weekday,False,Clear,False,0.0,False,False,1.0,Severe,6.0,72.4,698.0,0.177,0.409,0.926,Heavy congestion detected - signal timing extended and reroute suggested
EVT402933,2025-11-11 08:28:37,Local Market Day,J012,Koramangala Sony World,5555,Weekday,False,Clear,False,0.0,False,False,0.995,Severe,7.2,72.0,255.2,0.084,0.193,0.911,Heavy congestion detected - signal timing extended and reroute suggested
EVT402934,2025-12-19 09:30:37,Local Market Day,J023,Basavanagudi,3090,Weekday,False,Clear,False,0.0,False,False,0.823,Severe,15.6,54.7,421.4,0.214,0.494,0.971,Heavy congestion detected - signal timing extended and reroute suggested
EVT402935,2025-09-01 20:38:41,Sports Fixture,J020,Malleshwaram Circle,14872,Weekday,False,Clear,False,0.0,False,False,0.573,High,22.2,39.7,139.5,0.108,0.25,0.981,Moderate traffic flow - standard adaptive signal timing in effect
EVT402936,2025-12-16 18:10:50,Trade Fair,J011,Indiranagar 100ft Road,11508,Weekday,False,Clear,False,0.0,False,False,1.0,Severe,7.9,70.2,229.3,0.088,0.203,0.895,Heavy congestion detected - signal timing extended and reroute suggested
EVT402937,2025-05-27 08:51:47,Political Rally,J012,Koramangala Sony World,7697,Weekday,False,Clear,False,0.0,False,False,1.0,Severe,9.7,64.2,308.5,0.147,0.341,0.918,Heavy congestion detected - signal timing extended and reroute suggested
EVT402938,2026-06-01 12:36:24,Local Market Day,J020,Malleshwaram Circle,3321,Weekday,False,Clear,False,0.0,False,False,0.246,Low,22.7,20.3,217.2,0.122,0.281,0.97,Normal free-flow traffic - standard signal timing maintained
EVT402939,2025-10-25 17:54:52,Local Market Day,J030,MG Road,6026,Weekend,False,Rain,True,21.2,False,False,1.0,Severe,8.8,71.7,429.4,0.16,0.369,0.853,Heavy rain reducing visibility and grip - reduced speed and longer buffer advised
EVT402940,2025-03-16 13:35:25,Political Rally,J031,Cubbon Road,28770,Weekend,False,Clear,False,0.0,False,False,0.44,Moderate,27.6,32.5,156.1,0.099,0.229,0.95,Moderate traffic flow - standard adaptive signal timing in effect
EVT402941,2026-04-23 18:06:39,Trade Fair,J030,MG Road,8336,Weekday,False,Clear,False,0.0,False,False,1.0,Severe,8.1,73.1,690.2,0.243,0.562,0.889,Heavy congestion detected - signal timing extended and reroute suggested
EVT402942,2025-02-04 17:33:03,Concert,J031,Cubbon Road,10868,Weekday,False,Clear,False,0.0,False,False,0.922,Severe,9.8,64.0,293.1,0.123,0.285,0.942,Heavy congestion detected - signal timing extended and reroute suggested
EVT402943,2026-03-13 14:24:30,Trade Fair,J012,Koramangala Sony World,19554,Weekday,False,Clear,False,0.0,False,False,0.332,Low,38.1,24.9,152.8,0.172,0.396,0.951,Moderate traffic flow - standard adaptive signal timing in effect
EVT402944,2026-05-07 10:12:16,Political Rally,J030,MG Road,22935,Weekday,False,Rain,True,11.2,False,False,1.0,Severe,6.5,71.6,596.9,0.192,0.444,0.884,Heavy rain reducing visibility and grip - reduced speed and longer buffer advised
EVT402945,2026-06-20 16:48:23,Sports Fixture,J031,Cubbon Road,26041,Weekend,False,Fog,False,0.0,False,False,0.732,High,15.6,46.9,311.7,0.152,0.351,0.951,Moderate traffic flow - standard adaptive signal timing in effect
EVT402946,2026-05-24 14:47:10,Trade Fair,J011,Indiranagar 100ft Road,14102,Weekend,False,Rain,True,11.3,False,False,0.432,Moderate,26.4,29.3,167.0,0.133,0.307,0.92,Light rain detected - minor speed reduction advised
EVT402947,2025-01-06 18:38:07,Concert,J023,Basavanagudi,15717,Weekday,False,Clear,False,0.0,False,False,1.0,Severe,10.0,71.9,427.6,0.15,0.345,0.915,Heavy congestion detected - signal timing extended and reroute suggested
EVT402948,2025-02-22 08:35:42,Local Market Day,J023,Basavanagudi,4701,Weekend,False,Clear,False,0.0,False,False,0.839,Severe,12.2,54.3,238.4,0.113,0.261,0.945,Heavy congestion detected - signal timing extended and reroute suggested
EVT402949,2025-10-05 09:03:55,Political Rally,J040,City Market,22719,Weekend,False,Clear,False,0.0,False,False,0.943,Severe,9.4,69.6,313.2,0.124,0.287,0.913,Heavy congestion detected - signal timing extended and reroute suggested
EVT402950,2025-05-27 13:27:01,Trade Fair,J040,City Market,4949,Weekday,False,Clear,False,0.0,False,False,0.151,Low,34.0,5.9,115.4,0.097,0.225,0.964,Normal free-flow traffic - standard signal timing maintained
EVT402951,2025-01-04 10:40:53,Trade Fair,J030,MG Road,11261,Weekend,False,Clear,False,0.0,False,False,0.46,Moderate,30.8,29.4,218.9,0.188,0.435,0.975,Moderate traffic flow - standard adaptive signal timing in effect
EVT402952,2025-11-10 17:04:31,Sports Fixture,J009,Majestic,17744,Weekday,False,Clear,False,0.0,False,False,0.834,Severe,10.6,63.6,346.3,0.166,0.384,0.963,Heavy congestion detected - signal timing extended and reroute suggested
EVT402953,2025-11-07 19:47:32,Trade Fair,J020,Malleshwaram Circle,7898,Weekday,False,Fog,False,0.0,False,False,0.775,Severe,19.4,58.4,374.9,0.249,0.575,0.945,Heavy congestion detected - signal timing extended and reroute suggested
EVT402954,2025-05-20 14:13:29,Local Market Day,J023,Basavanagudi,2417,Weekday,False,Clear,False,0.0,False,False,0.136,Low,28.2,11.4,142.0,0.101,0.234,0.961,Normal free-flow traffic - standard signal timing maintained
EVT402955,2025-08-28 16:58:33,Cultural Procession,J031,Cubbon Road,15535,Weekday,True,Rain,True,21.9,False,True,1.0,Severe,8.0,90.7,608.4,0.196,0.453,0.773,Road closure for event/procession - full detour recommended for through-traffic
EVT402956,2025-08-07 17:55:34,Local Market Day,J023,Basavanagudi,3536,Weekday,False,Clear,False,0.0,False,False,1.0,Severe,8.8,72.3,466.9,0.167,0.385,0.924,Heavy congestion detected - signal timing extended and reroute suggested
EVT402957,2025-04-06 09:57:47,Fireworks Display,J030,MG Road,32600,Weekend,True,Clear,False,0.0,False,False,1.0,Severe,9.3,75.3,249.5,0.106,0.245,0.855,Festival crowd surge detected - alternate route and extended cycle recommended
EVT402958,2026-06-16 09:15:35,Sports Fixture,J009,Majestic,12152,Weekday,False,Clear,False,0.0,False,False,1.0,Severe,7.7,68.3,826.2,0.247,0.571,0.931,Heavy congestion detected - signal timing extended and reroute suggested
EVT402959,2026-02-26 10:00:13,Trade Fair,J011,Indiranagar 100ft Road,8729,Weekday,False,Clear,False,0.0,False,False,0.83,Severe,13.8,59.9,155.4,0.082,0.189,0.943,Heavy congestion detected - signal timing extended and reroute suggested
EVT402960,2025-10-20 19:02:25,Religious Festival,J023,Basavanagudi,51224,Weekday,True,Clear,False,0.0,False,True,1.0,Severe,7.9,95.4,684.3,0.225,0.519,0.816,Road closure for event/procession - full detour recommended for through-traffic
EVT402961,2025-06-03 18:26:00,Local Market Day,J012,Koramangala Sony World,2528,Weekday,False,Rain,True,17.0,False,False,1.0,Severe,9.4,66.1,389.6,0.155,0.357,0.855,Heavy rain reducing visibility and grip - reduced speed and longer buffer advised
EVT402962,2025-05-21 07:57:54,Sports Fixture,J009,Majestic,26937,Weekday,False,Clear,False,0.0,False,False,0.837,Severe,15.4,56.5,357.2,0.207,0.478,0.94,Heavy congestion detected - signal timing extended and reroute suggested
EVT402963,2025-09-20 18:21:23,Sports Fixture,J030,MG Road,15569,Weekend,False,Clear,False,0.0,False,False,0.951,Severe,10.0,63.6,489.1,0.22,0.508,0.932,Heavy congestion detected - signal timing extended and reroute suggested
EVT402964,2025-11-12 10:25:50,Concert,J031,Cubbon Road,13716,Weekday,False,Clear,False,0.0,False,False,0.682,High,19.4,53.7,251.3,0.17,0.392,0.936,Moderate traffic flow - standard adaptive signal timing in effect
EVT402965,2025-05-31 17:00:38,Concert,J040,City Market,23508,Weekend,False,Clear,False,0.0,False,False,0.743,High,20.6,53.1,225.7,0.16,0.37,0.931,Moderate traffic flow - standard adaptive signal timing in effect
EVT402966,2025-09-12 08:25:43,Sports Fixture,J020,Malleshwaram Circle,15812,Weekday,False,Clear,False,0.0,False,False,0.967,Severe,9.0,73.8,187.6,0.099,0.229,0.907,Heavy congestion detected - signal timing extended and reroute suggested
EVT402967,2025-02-13 12:23:27,Sports Fixture,J009,Majestic,14966,Weekday,False,Clear,False,0.0,False,False,0.241,Low,38.0,22.6,112.2,0.124,0.286,0.968,Normal free-flow traffic - standard signal timing maintained
EVT402968,2025-10-31 07:25:23,Trade Fair,J009,Majestic,7772,Weekday,False,Rain,True,10.2,False,False,0.822,Severe,19.3,56.9,315.2,0.204,0.471,0.922,Heavy rain reducing visibility and grip - reduced speed and longer buffer advised
EVT402969,2025-01-03 16:58:52,Sports Fixture,J030,MG Road,22748,Weekday,False,Clear,False,0.0,False,False,0.777,Severe,18.5,52.0,398.2,0.241,0.556,0.976,Heavy congestion detected - signal timing extended and reroute suggested
EVT402970,2025-06-02 08:25:34,Local Market Day,J009,Majestic,5486,Weekday,False,Heavy Rain,True,52.9,False,False,1.0,Severe,8.7,69.2,218.2,0.086,0.2,0.861,Heavy rain reducing visibility and grip - reduced speed and longer buffer advised
EVT402971,2025-02-22 17:29:12,Sports Fixture,J031,Cubbon Road,14167,Weekend,False,Clear,False,0.0,False,False,0.775,Severe,15.6,57.2,406.0,0.233,0.537,0.962,Heavy congestion detected - signal timing extended and reroute suggested
EVT402972,2025-07-05 07:47:55,Trade Fair,J040,City Market,7729,Weekend,False,Clear,False,0.0,False,False,0.703,High,16.9,51.4,119.5,0.064,0.148,0.96,Moderate traffic flow - standard adaptive signal timing in effect
EVT402973,2025-09-16 08:45:33,Trade Fair,J020,Malleshwaram Circle,9753,Weekday,False,Clear,False,0.0,False,False,1.0,Severe,6.2,69.6,894.3,0.245,0.566,0.93,Heavy congestion detected - signal timing extended and reroute suggested
EVT402974,2026-04-27 09:42:58,Local Market Day,J011,Indiranagar 100ft Road,2190,Weekday,False,Clear,False,0.0,False,False,0.911,Severe,10.0,66.0,250.9,0.11,0.255,0.938,Heavy congestion detected - signal timing extended and reroute suggested
EVT402975,2026-06-27 13:38:55,Local Market Day,J023,Basavanagudi,3921,Weekend,False,Rain,True,17.4,False,False,0.445,Moderate,28.5,26.6,253.5,0.227,0.525,0.906,Light rain detected - minor speed reduction advised
EVT402976,2025-03-02 10:52:52,Sports Fixture,J009,Majestic,27603,Weekend,False,Clear,False,0.0,False,False,0.555,High,23.4,34.6,201.9,0.132,0.306,0.955,Moderate traffic flow - standard adaptive signal timing in effect
EVT402977,2025-06-18 15:27:40,Sports Fixture,J030,MG Road,20694,Weekday,False,Clear,False,0.0,False,False,0.456,Moderate,19.6,29.5,319.6,0.199,0.46,0.982,Moderate traffic flow - standard adaptive signal timing in effect
EVT402978,2026-02-21 08:06:37,Sports Fixture,J020,Malleshwaram Circle,22034,Weekend,False,Clear,False,0.0,False,False,0.861,Severe,12.0,60.9,502.7,0.236,0.545,0.959,Heavy congestion detected - signal timing extended and reroute suggested
EVT402979,2026-03-27 09:33:44,Religious Festival,J011,Indiranagar 100ft Road,68902,Weekday,True,Clear,False,0.0,False,False,1.0,Severe,11.8,72.8,505.6,0.24,0.554,0.868,Festival crowd surge detected - alternate route and extended cycle recommended
EVT402980,2025-05-19 05:56:56,Sports Fixture,J031,Cubbon Road,21133,Weekday,False,Clear,False,0.0,False,False,0.414,Moderate,26.0,26.7,201.3,0.141,0.327,0.982,Moderate traffic flow - standard adaptive signal timing in effect
EVT402981,2026-02-08 20:01:21,Local Market Day,J020,Malleshwaram Circle,5388,Weekend,False,Clear,False,0.0,False,False,0.605,High,18.1,39.6,106.8,0.074,0.17,0.963,Moderate traffic flow - standard adaptive signal timing in effect
EVT402982,2025-10-31 21:13:43,Sports Fixture,J040,City Market,28335,Weekday,False,Clear,False,0.0,False,False,0.526,Moderate,22.8,39.3,177.1,0.123,0.284,0.96,Moderate traffic flow - standard adaptive signal timing in effect
EVT402983,2025-05-15 09:19:42,Sports Fixture,J040,City Market,15790,Weekday,False,Clear,False,0.0,False,False,1.0,Severe,9.7,68.3,549.9,0.207,0.479,0.91,Heavy congestion detected - signal timing extended and reroute suggested
EVT402984,2025-12-10 06:28:33,Concert,J030,MG Road,22200,Weekday,False,Clear,False,0.0,False,False,0.419,Moderate,35.3,29.5,117.2,0.126,0.292,0.971,Moderate traffic flow - standard adaptive signal timing in effect
EVT402985,2026-03-16 08:07:47,Political Rally,J009,Majestic,10196,Weekday,False,Light Rain,True,4.4,True,False,1.0,Severe,7.1,70.8,686.6,0.198,0.457,0.725,Accident detected nearby - reroute and reduced speed advised
EVT402986,2025-07-11 15:51:55,Sports Fixture,J011,Indiranagar 100ft Road,31577,Weekday,False,Heavy Rain,True,55.3,False,False,0.884,Severe,11.7,61.6,386.5,0.19,0.438,0.892,Heavy rain reducing visibility and grip - reduced speed and longer buffer advised
EVT402987,2025-05-11 15:22:37,Concert,J031,Cubbon Road,15943,Weekend,False,Clear,False,0.0,False,False,0.484,Moderate,24.9,37.4,183.2,0.145,0.336,0.95,Moderate traffic flow - standard adaptive signal timing in effect
EVT402988,2025-08-13 09:16:19,Sports Fixture,J031,Cubbon Road,21628,Weekday,False,Clear,False,0.0,False,False,1.0,Severe,9.2,70.0,791.7,0.276,0.638,0.918,Heavy congestion detected - signal timing extended and reroute suggested
EVT402989,2026-05-26 05:54:48,Political Rally,J023,Basavanagudi,15400,Weekday,False,Heavy Rain,True,32.2,False,False,0.525,Moderate,26.2,43.6,216.6,0.185,0.426,0.915,Light rain detected - minor speed reduction advised
EVT402990,2026-03-17 21:32:07,Sports Fixture,J040,City Market,33625,Weekday,False,Clear,False,0.0,False,False,0.446,Moderate,26.6,31.6,242.5,0.19,0.44,0.963,Moderate traffic flow - standard adaptive signal timing in effect
EVT402991,2026-04-27 14:03:24,Local Market Day,J012,Koramangala Sony World,4210,Weekday,False,Clear,False,0.0,False,False,0.15,Low,27.3,15.2,175.5,0.122,0.282,0.936,Normal free-flow traffic - standard signal timing maintained
EVT402992,2025-09-11 12:30:20,Local Market Day,J011,Indiranagar 100ft Road,3374,Weekday,False,Rain,True,12.2,False,False,0.393,Moderate,29.5,29.9,115.2,0.08,0.186,0.901,Light rain detected - minor speed reduction advised
EVT402993,2025-08-15 21:42:05,Cultural Procession,J011,Indiranagar 100ft Road,27232,Weekday,True,Rain,True,19.4,False,True,0.995,Severe,8.4,98.8,746.2,0.237,0.547,0.786,Road closure for event/procession - full detour recommended for through-traffic
EVT402994,2025-05-03 17:48:09,Political Rally,J040,City Market,11141,Weekend,False,Rain,True,14.3,False,False,0.961,Severe,11.4,71.0,254.2,0.1,0.232,0.871,Heavy rain reducing visibility and grip - reduced speed and longer buffer advised
EVT402995,2025-06-22 04:30:44,Local Market Day,J023,Basavanagudi,5942,Weekend,False,Rain,True,24.8,False,False,0.454,Moderate,26.0,30.4,236.4,0.181,0.419,0.91,Light rain detected - minor speed reduction advised
EVT402996,2026-04-10 09:20:56,Concert,J012,Koramangala Sony World,6683,Weekday,False,Clear,False,0.0,False,False,1.0,Severe,7.5,66.3,660.9,0.204,0.471,0.894,Heavy congestion detected - signal timing extended and reroute suggested
EVT402997,2025-05-02 15:49:42,Religious Festival,J012,Koramangala Sony World,32000,Weekday,True,Clear,False,0.0,False,True,0.94,Severe,9.9,97.3,560.2,0.242,0.559,0.84,Road closure for event/procession - full detour recommended for through-traffic
EVT402998,2025-10-22 09:25:31,Religious Festival,J009,Majestic,21154,Weekday,True,Clear,False,0.0,False,False,1.0,Severe,8.8,71.5,598.1,0.203,0.468,0.867,Festival crowd surge detected - alternate route and extended cycle recommended
EVT402999,2025-09-13 07:05:29,Local Market Day,J011,Indiranagar 100ft Road,4986,Weekend,False,Clear,False,0.0,False,False,0.52,Moderate,24.6,36.8,237.4,0.157,0.363,0.945,Moderate traffic flow - standard adaptive signal timing in effect
EVT403000,2026-02-25 20:06:01,Concert,J023,Basavanagudi,13972,Weekday,False,Clear,False,0.0,False,False,0.857,Severe,14.6,56.7,335.5,0.186,0.429,0.937,Heavy congestion detected - signal timing extended and reroute suggested
EVT403001,2025-01-20 08:46:48,Local Market Day,J031,Cubbon Road,6199,Weekday,False,Light Rain,True,6.6,False,False,1.0,Severe,7.0,68.9,509.2,0.135,0.312,0.864,Heavy rain reducing visibility and grip - reduced speed and longer buffer advised
EVT403002,2025-11-05 05:17:48,Local Market Day,J011,Indiranagar 100ft Road,6275,Weekday,False,Clear,False,0.0,False,False,0.196,Low,23.3,9.5,199.2,0.116,0.268,0.95,Normal free-flow traffic - standard signal timing maintained
EVT403003,2026-03-23 09:23:43,Political Rally,J009,Majestic,14515,Weekday,False,Clear,False,0.0,False,False,0.957,Severe,6.8,67.7,857.4,0.237,0.547,0.92,Heavy congestion detected - signal timing extended and reroute suggested
EVT403004,2025-09-25 17:53:13,Trade Fair,J040,City Market,5639,Weekday,False,Clear,False,0.0,False,False,0.963,Severe,9.0,66.5,380.4,0.146,0.337,0.918,Heavy congestion detected - signal timing extended and reroute suggested
EVT403005,2026-04-04 12:17:10,Local Market Day,J012,Koramangala Sony World,3417,Weekend,False,Clear,False,0.0,False,False,0.286,Low,32.6,24.7,201.1,0.152,0.352,0.985,Moderate traffic flow - standard adaptive signal timing in effect
EVT403006,2025-06-05 20:25:04,Trade Fair,J031,Cubbon Road,11669,Weekday,False,Clear,False,0.0,False,False,0.65,High,20.7,47.6,187.1,0.116,0.268,0.962,Moderate traffic flow - standard adaptive signal timing in effect
EVT403007,2026-01-21 06:53:43,Local Market Day,J020,Malleshwaram Circle,4538,Weekday,False,Clear,False,0.0,False,False,0.388,Moderate,23.8,27.4,247.4,0.151,0.349,0.968,Moderate traffic flow - standard adaptive signal timing in effect
EVT403008,2026-03-31 18:38:42,Concert,J020,Malleshwaram Circle,10376,Weekday,False,Clear,False,0.0,False,False,1.0,Severe,8.5,65.1,387.0,0.141,0.325,0.921,Heavy congestion detected - signal timing extended and reroute suggested
EVT403009,2025-05-15 12:31:25,Trade Fair,J030,MG Road,9179,Weekday,False,Clear,False,0.0,False,False,0.211,Low,38.3,17.0,191.7,0.178,0.412,0.986,Normal free-flow traffic - standard signal timing maintained
EVT403010,2025-11-05 06:26:05,Political Rally,J023,Basavanagudi,11764,Weekday,False,Rain,True,21.3,False,False,0.612,High,17.1,48.0,263.4,0.148,0.341,0.89,Heavy rain reducing visibility and grip - reduced speed and longer buffer advised
EVT403011,2025-11-22 13:21:46,Trade Fair,J011,Indiranagar 100ft Road,8409,Weekend,False,Clear,False,0.0,False,False,0.286,Low,36.1,21.3,145.3,0.15,0.346,0.974,Moderate traffic flow - standard adaptive signal timing in effect
EVT403012,2026-01-15 19:05:03,Fireworks Display,J030,MG Road,30455,Weekday,True,Clear,False,0.0,False,False,1.0,Severe,7.5,71.3,900.0,0.236,0.546,0.865,Festival crowd surge detected - alternate route and extended cycle recommended
EVT403013,2026-02-23 10:23:56,Local Market Day,J020,Malleshwaram Circle,3224,Weekday,False,Clear,False,0.0,False,False,0.69,High,19.5,51.3,291.9,0.185,0.426,0.973,Moderate traffic flow - standard adaptive signal timing in effect
EVT403014,2025-05-16 06:02:19,Sports Fixture,J009,Majestic,17886,Weekday,False,Clear,False,0.0,False,False,0.371,Moderate,26.7,23.0,178.7,0.117,0.271,0.936,Moderate traffic flow - standard adaptive signal timing in effect
EVT403015,2026-05-05 16:45:03,Political Rally,J040,City Market,7550,Weekday,False,Clear,False,0.0,False,False,0.662,High,22.2,47.1,249.7,0.171,0.396,0.973,Moderate traffic flow - standard adaptive signal timing in effect
EVT403016,2025-10-24 13:25:52,Concert,J020,Malleshwaram Circle,9145,Weekday,False,Rain,True,12.5,False,False,0.35,Moderate,29.3,21.1,157.8,0.132,0.304,0.923,Light rain detected - minor speed reduction advised
EVT403017,2025-01-15 21:20:46,Religious Festival,J009,Majestic,85757,Weekday,True,Clear,False,0.0,False,True,1.0,Severe,8.3,100.4,613.6,0.235,0.543,0.829,Road closure for event/procession - full detour recommended for through-traffic
EVT403018,2025-09-10 17:57:40,Political Rally,J020,Malleshwaram Circle,14803,Weekday,False,Light Rain,True,3.5,False,False,1.0,Severe,9.6,71.9,537.0,0.22,0.509,0.845,Heavy rain reducing visibility and grip - reduced speed and longer buffer advised
EVT403019,2025-02-10 13:17:12,Concert,J012,Koramangala Sony World,10920,Weekday,False,Clear,False,0.0,False,False,0.194,Low,40.1,18.3,134.0,0.13,0.301,0.968,Normal free-flow traffic - standard signal timing maintained
EVT403020,2025-10-26 10:35:08,Trade Fair,J040,City Market,5105,Weekend,False,Clear,False,0.0,False,False,0.458,Moderate,29.1,27.9,118.4,0.089,0.206,0.99,Moderate traffic flow - standard adaptive signal timing in effect
EVT403021,2025-05-16 16:03:12,Concert,J011,Indiranagar 100ft Road,16096,Weekday,False,Clear,False,0.0,False,False,0.5,Moderate,26.9,40.6,212.9,0.169,0.39,0.973,Moderate traffic flow - standard adaptive signal timing in effect
EVT403022,2026-02-07 14:09:30,Political Rally,J030,MG Road,14006,Weekend,False,Clear,False,0.0,False,False,0.383,Moderate,23.7,30.8,167.2,0.113,0.261,0.947,Moderate traffic flow - standard adaptive signal timing in effect
EVT403023,2025-08-28 10:30:37,Religious Festival,J031,Cubbon Road,32027,Weekday,True,Heavy Rain,True,25.9,False,True,1.0,Severe,8.9,86.5,504.1,0.19,0.438,0.791,Road closure for event/procession - full detour recommended for through-traffic
EVT403024,2025-02-03 06:27:20,Local Market Day,J011,Indiranagar 100ft Road,3562,Weekday,False,Clear,False,0.0,False,False,0.266,Low,28.9,17.9,165.6,0.114,0.264,0.966,Moderate traffic flow - standard adaptive signal timing in effect
EVT403025,2026-04-27 16:02:32,Local Market Day,J040,City Market,6294,Weekday,False,Clear,False,0.0,False,False,0.405,Moderate,26.1,22.5,200.0,0.129,0.299,0.969,Moderate traffic flow - standard adaptive signal timing in effect
EVT403026,2026-03-31 19:49:53,Trade Fair,J040,City Market,7100,Weekday,False,Clear,False,0.0,False,False,0.845,Severe,18.5,61.3,254.2,0.166,0.384,0.941,Heavy congestion detected - signal timing extended and reroute suggested
EVT403027,2026-01-31 06:46:07,Local Market Day,J031,Cubbon Road,4021,Weekend,False,Clear,False,0.0,False,False,0.394,Moderate,31.6,32.2,221.8,0.182,0.419,0.975,Moderate traffic flow - standard adaptive signal timing in effect
EVT403028,2025-04-28 12:38:15,Political Rally,J020,Malleshwaram Circle,29592,Weekday,False,Clear,False,0.0,False,False,0.244,Low,33.7,21.3,224.2,0.197,0.456,0.979,Normal free-flow traffic - standard signal timing maintained
EVT403029,2026-01-30 07:52:15,Political Rally,J020,Malleshwaram Circle,24681,Weekday,False,Clear,False,0.0,False,False,0.846,Severe,11.1,60.1,526.5,0.227,0.524,0.951,Heavy congestion detected - signal timing extended and reroute suggested
EVT403030,2025-04-30 07:44:16,Local Market Day,J009,Majestic,2872,Weekday,False,Clear,False,0.0,False,False,0.683,High,18.1,55.7,148.5,0.063,0.146,0.948,Moderate traffic flow - standard adaptive signal timing in effect
EVT403031,2025-12-25 19:38:47,Cultural Procession,J030,MG Road,14076,Weekday,True,Clear,False,0.0,False,True,1.0,Severe,7.8,95.1,553.5,0.196,0.452,0.855,Road closure for event/procession - full detour recommended for through-traffic
EVT403032,2026-03-26 13:31:33,Religious Festival,J012,Koramangala Sony World,51249,Weekday,True,Fog,False,0.0,False,True,0.897,High,11.5,89.4,486.0,0.233,0.538,0.87,Road closure for event/procession - full detour recommended for through-traffic
EVT403033,2025-10-06 19:28:53,Sports Fixture,J011,Indiranagar 100ft Road,17459,Weekday,False,Rain,True,7.8,False,False,1.0,Severe,7.8,63.5,898.3,0.276,0.637,0.853,Heavy rain reducing visibility and grip - reduced speed and longer buffer advised
EVT403034,2026-02-07 09:12:14,Trade Fair,J031,Cubbon Road,10266,Weekend,False,Clear,False,0.0,False,False,0.828,Severe,13.2,60.7,160.4,0.101,0.232,0.933,Heavy congestion detected - signal timing extended and reroute suggested
EVT403035,2026-02-19 17:49:10,Concert,J009,Majestic,17252,Weekday,False,Clear,False,0.0,False,False,1.0,Severe,8.1,72.8,818.9,0.251,0.58,0.925,Heavy congestion detected - signal timing extended and reroute suggested
EVT403036,2025-05-20 08:24:04,Local Market Day,J031,Cubbon Road,2333,Weekday,False,Clear,False,0.0,False,False,0.939,Severe,10.0,65.1,754.0,0.271,0.626,0.927,Heavy congestion detected - signal timing extended and reroute suggested
EVT403037,2026-06-29 07:52:04,Concert,J012,Koramangala Sony World,12496,Weekday,False,Clear,False,0.0,False,False,0.83,Severe,13.6,59.0,354.9,0.19,0.439,0.96,Heavy congestion detected - signal timing extended and reroute suggested
EVT403038,2026-04-23 07:42:52,Trade Fair,J030,MG Road,11445,Weekday,False,Clear,False,0.0,False,False,0.706,High,15.7,49.1,384.7,0.215,0.497,0.978,Moderate traffic flow - standard adaptive signal timing in effect
EVT403039,2025-04-04 18:14:17,Local Market Day,J031,Cubbon Road,3469,Weekday,False,Clear,False,0.0,False,False,1.0,Severe,9.9,72.2,799.2,0.283,0.653,0.916,Heavy congestion detected - signal timing extended and reroute suggested
EVT403040,2025-06-22 11:31:47,Political Rally,J009,Majestic,20432,Weekend,False,Clear,False,0.0,False,False,0.475,Moderate,26.5,30.7,255.7,0.216,0.498,0.94,Moderate traffic flow - standard adaptive signal timing in effect
EVT403041,2026-05-21 11:28:16,Local Market Day,J023,Basavanagudi,5969,Weekday,False,Clear,False,0.0,False,False,0.29,Low,23.9,20.5,204.1,0.127,0.294,0.977,Moderate traffic flow - standard adaptive signal timing in effect
EVT403042,2025-04-30 17:46:21,Sports Fixture,J031,Cubbon Road,44092,Weekday,False,Clear,False,0.0,False,False,1.0,Severe,8.3,71.5,311.1,0.116,0.268,0.906,Heavy congestion detected - signal timing extended and reroute suggested
EVT403043,2025-09-18 06:06:43,Local Market Day,J023,Basavanagudi,5343,Weekday,False,Rain,True,16.1,False,False,0.509,Moderate,21.8,34.3,172.7,0.114,0.263,0.904,Light rain detected - minor speed reduction advised
EVT403044,2025-06-05 06:41:24,Local Market Day,J023,Basavanagudi,2419,Weekday,False,Clear,False,0.0,False,False,0.381,Moderate,23.5,25.9,234.6,0.148,0.343,0.973,Moderate traffic flow - standard adaptive signal timing in effect
EVT403045,2025-06-03 16:47:18,Local Market Day,J020,Malleshwaram Circle,3289,Weekday,False,Clear,False,0.0,False,False,0.603,High,23.4,43.1,269.1,0.196,0.453,0.967,Moderate traffic flow - standard adaptive signal timing in effect
EVT403046,2025-03-01 17:02:54,Local Market Day,J012,Koramangala Sony World,3032,Weekend,False,Clear,False,0.0,False,False,0.645,High,15.4,47.6,447.8,0.213,0.492,0.979,Moderate traffic flow - standard adaptive signal timing in effect
EVT403047,2025-03-29 20:49:45,Concert,J023,Basavanagudi,17313,Weekend,False,Fog,False,0.0,False,False,0.555,High,21.3,38.5,154.6,0.095,0.219,0.981,Moderate traffic flow - standard adaptive signal timing in effect
EVT403048,2025-09-08 18:35:20,Sports Fixture,J031,Cubbon Road,30907,Weekday,False,Clear,False,0.0,False,False,1.0,Severe,8.4,79.4,742.7,0.232,0.536,0.897,Heavy congestion detected - signal timing extended and reroute suggested
EVT403049,2025-04-26 06:35:13,Local Market Day,J023,Basavanagudi,5972,Weekend,False,Clear,False,0.0,False,False,0.466,Moderate,26.9,33.4,128.2,0.097,0.225,0.959,Moderate traffic flow - standard adaptive signal timing in effect
EVT403050,2025-12-01 12:24:31,Trade Fair,J030,MG Road,10892,Weekday,False,Clear,False,0.0,False,False,0.18,Low,39.0,8.3,74.7,0.08,0.184,0.972,Normal free-flow traffic - standard signal timing maintained
EVT403051,2025-02-23 11:11:35,Local Market Day,J012,Koramangala Sony World,5015,Weekend,False,Clear,False,0.0,False,False,0.434,Moderate,32.2,30.8,95.1,0.088,0.204,0.961,Moderate traffic flow - standard adaptive signal timing in effect
EVT403052,2026-01-24 10:10:57,Concert,J020,Malleshwaram Circle,16048,Weekend,False,Clear,False,0.0,False,False,0.684,High,17.7,47.9,296.5,0.166,0.383,0.955,Moderate traffic flow - standard adaptive signal timing in effect
EVT403053,2025-12-30 20:06:16,Political Rally,J040,City Market,21972,Weekday,False,Clear,False,0.0,False,False,0.771,Severe,13.8,51.4,252.1,0.145,0.335,0.958,Heavy congestion detected - signal timing extended and reroute suggested
EVT403054,2025-04-29 08:21:18,Local Market Day,J031,Cubbon Road,6364,Weekday,False,Clear,False,0.0,False,False,0.876,Severe,9.8,62.3,541.7,0.192,0.444,0.939,Heavy congestion detected - signal timing extended and reroute suggested
EVT403055,2026-06-18 17:24:01,Political Rally,J030,MG Road,17443,Weekday,False,Rain,True,19.2,False,False,1.0,Severe,6.4,66.3,949.4,0.207,0.479,0.879,Heavy rain reducing visibility and grip - reduced speed and longer buffer advised
EVT403056,2025-09-30 17:24:33,Local Market Day,J009,Majestic,5736,Weekday,False,Clear,False,0.0,False,False,0.826,Severe,17.1,61.1,387.9,0.227,0.524,0.953,Heavy congestion detected - signal timing extended and reroute suggested
EVT403057,2026-03-24 23:02:40,Sports Fixture,J040,City Market,19926,Weekday,False,Clear,False,0.0,False,False,0.31,Low,31.4,24.8,134.7,0.112,0.259,0.961,Moderate traffic flow - standard adaptive signal timing in effect
EVT403058,2025-06-22 16:34:10,Sports Fixture,J020,Malleshwaram Circle,15669,Weekend,False,Clear,False,0.0,False,False,0.725,High,22.3,48.5,227.8,0.178,0.41,0.974,Moderate traffic flow - standard adaptive signal timing in effect
EVT403059,2026-05-15 21:38:49,Concert,J023,Basavanagudi,5910,Weekday,False,Fog,False,0.0,False,False,0.233,Low,26.8,17.9,92.3,0.072,0.167,0.946,Normal free-flow traffic - standard signal timing maintained
EVT403060,2025-06-20 18:22:54,Sports Fixture,J030,MG Road,34797,Weekday,False,Heavy Rain,True,138.5,True,False,1.0,Severe,7.7,66.5,672.3,0.242,0.558,0.706,Accident detected nearby - reroute and reduced speed advised
EVT403061,2025-03-09 06:35:53,Sports Fixture,J009,Majestic,30514,Weekend,False,Clear,False,0.0,False,False,0.517,Moderate,27.0,42.0,108.9,0.071,0.163,0.956,Moderate traffic flow - standard adaptive signal timing in effect
EVT403062,2026-03-28 13:27:49,Local Market Day,J012,Koramangala Sony World,2816,Weekend,False,Clear,False,0.0,False,False,0.223,Low,39.0,13.8,149.6,0.158,0.366,0.969,Normal free-flow traffic - standard signal timing maintained
EVT403063,2025-02-02 09:15:04,Trade Fair,J040,City Market,12080,Weekend,False,Clear,False,0.0,False,False,0.911,Severe,11.3,62.0,158.7,0.07,0.161,0.92,Heavy congestion detected - signal timing extended and reroute suggested
EVT403064,2025-08-23 18:23:59,Trade Fair,J012,Koramangala Sony World,9662,Weekend,False,Clear,False,0.0,False,False,0.877,Severe,11.7,60.4,184.4,0.076,0.175,0.953,Heavy congestion detected - signal timing extended and reroute suggested
EVT403065,2026-06-02 08:49:40,Concert,J009,Majestic,13204,Weekday,False,Clear,False,0.0,False,False,1.0,Severe,8.8,65.3,595.1,0.198,0.458,0.892,Heavy congestion detected - signal timing extended and reroute suggested
EVT403066,2025-05-13 14:46:01,Local Market Day,J030,MG Road,3552,Weekday,False,Clear,False,0.0,False,False,0.231,Low,35.7,15.8,161.0,0.153,0.352,0.955,Normal free-flow traffic - standard signal timing maintained
EVT403067,2025-12-26 19:12:48,Religious Festival,J040,City Market,25338,Weekday,True,Clear,False,0.0,False,False,1.0,Severe,7.7,73.3,653.6,0.211,0.487,0.893,Festival crowd surge detected - alternate route and extended cycle recommended
EVT403068,2025-04-03 18:09:32,Sports Fixture,J012,Koramangala Sony World,29756,Weekday,False,Clear,False,0.0,False,False,1.0,Severe,7.2,69.4,548.2,0.144,0.332,0.919,Heavy congestion detected - signal timing extended and reroute suggested
EVT403069,2026-03-21 09:15:00,Political Rally,J031,Cubbon Road,9644,Weekend,False,Clear,False,0.0,False,False,0.955,Severe,9.7,69.0,468.3,0.183,0.424,0.952,Heavy congestion detected - signal timing extended and reroute suggested
EVT403070,2025-06-24 05:44:30,Sports Fixture,J031,Cubbon Road,18801,Weekday,False,Clear,False,0.0,False,False,0.308,Low,29.9,24.1,103.5,0.095,0.22,0.947,Moderate traffic flow - standard adaptive signal timing in effect
EVT403071,2026-04-13 14:12:21,Trade Fair,J020,Malleshwaram Circle,20043,Weekday,False,Clear,False,0.0,False,False,0.394,Moderate,23.1,32.9,198.8,0.132,0.304,0.973,Moderate traffic flow - standard adaptive signal timing in effect
EVT403072,2025-03-16 10:38:55,Sports Fixture,J031,Cubbon Road,16437,Weekend,False,Clear,False,0.0,False,False,0.585,High,17.2,38.6,173.5,0.092,0.213,0.983,Moderate traffic flow - standard adaptive signal timing in effect
EVT403073,2025-10-04 19:15:20,Local Market Day,J031,Cubbon Road,6640,Weekend,False,Heavy Rain,True,73.5,False,False,1.0,Severe,6.7,68.4,436.0,0.136,0.315,0.847,Heavy rain reducing visibility and grip - reduced speed and longer buffer advised
EVT403074,2026-03-24 19:11:54,Trade Fair,J031,Cubbon Road,6450,Weekday,False,Clear,False,0.0,False,False,0.871,Severe,12.9,63.2,438.7,0.19,0.44,0.931,Heavy congestion detected - signal timing extended and reroute suggested
EVT403075,2025-09-08 15:16:43,Concert,J012,Koramangala Sony World,7302,Weekday,False,Clear,False,0.0,False,False,0.313,Low,32.8,20.8,188.6,0.156,0.359,0.969,Moderate traffic flow - standard adaptive signal timing in effect
EVT403076,2025-05-07 09:36:46,Local Market Day,J012,Koramangala Sony World,3913,Weekday,False,Rain,True,12.4,True,False,1.0,Severe,10.4,73.7,305.9,0.134,0.309,0.701,Accident detected nearby - reroute and reduced speed advised
EVT403077,2026-05-30 11:12:16,Concert,J020,Malleshwaram Circle,23298,Weekend,False,Clear,False,0.0,False,False,0.499,Moderate,25.6,31.3,220.1,0.158,0.365,0.947,Moderate traffic flow - standard adaptive signal timing in effect
EVT403078,2025-07-20 19:46:55,Sports Fixture,J031,Cubbon Road,18549,Weekend,False,Clear,False,0.0,False,False,0.75,Severe,16.6,48.5,284.9,0.143,0.329,0.957,Heavy congestion detected - signal timing extended and reroute suggested
EVT403079,2025-06-30 10:23:54,Political Rally,J020,Malleshwaram Circle,9824,Weekday,False,Clear,False,0.0,False,False,0.655,High,20.5,50.4,257.4,0.153,0.354,0.948,Moderate traffic flow - standard adaptive signal timing in effect
EVT403080,2025-06-15 11:55:48,Sports Fixture,J009,Majestic,37214,Weekend,False,Clear,False,0.0,False,False,0.606,High,18.3,34.2,305.2,0.184,0.425,0.949,Moderate traffic flow - standard adaptive signal timing in effect
EVT403081,2026-03-23 18:20:21,Concert,J040,City Market,9147,Weekday,False,Light Rain,True,3.1,False,False,1.0,Severe,7.9,70.3,456.1,0.152,0.35,0.862,Heavy rain reducing visibility and grip - reduced speed and longer buffer advised
EVT403082,2025-10-04 16:33:40,Trade Fair,J020,Malleshwaram Circle,8996,Weekend,False,Clear,False,0.0,False,False,0.622,High,17.3,46.5,219.1,0.14,0.323,0.954,Moderate traffic flow - standard adaptive signal timing in effect
EVT403083,2025-01-01 14:04:36,Local Market Day,J031,Cubbon Road,4333,Weekday,False,Clear,False,0.0,False,False,0.25,Low,31.5,13.7,143.5,0.105,0.242,0.984,Normal free-flow traffic - standard signal timing maintained
EVT403084,2025-11-22 09:15:35,Political Rally,J011,Indiranagar 100ft Road,11009,Weekend,False,Clear,False,0.0,False,False,0.849,Severe,15.8,70.3,232.7,0.144,0.332,0.968,Heavy congestion detected - signal timing extended and reroute suggested
EVT403085,2025-06-26 15:27:39,Local Market Day,J031,Cubbon Road,5116,Weekday,False,Clear,False,0.0,False,False,0.335,Low,29.1,29.6,223.8,0.185,0.428,0.976,Moderate traffic flow - standard adaptive signal timing in effect
EVT403086,2026-05-05 18:20:41,Sports Fixture,J011,Indiranagar 100ft Road,34271,Weekday,False,Clear,False,0.0,False,False,1.0,Severe,10.1,73.6,380.8,0.172,0.398,0.893,Heavy congestion detected - signal timing extended and reroute suggested
EVT403087,2025-04-29 08:08:33,Political Rally,J009,Majestic,26780,Weekday,False,Clear,False,0.0,False,False,1.0,Severe,8.3,70.0,434.6,0.166,0.383,0.911,Heavy congestion detected - signal timing extended and reroute suggested
EVT403088,2025-10-27 07:35:29,Sports Fixture,J040,City Market,25040,Weekday,False,Heavy Rain,True,28.7,False,False,1.0,Severe,7.4,67.6,1066.8,0.313,0.722,0.853,Heavy rain reducing visibility and grip - reduced speed and longer buffer advised
EVT403089,2025-11-15 18:33:13,Trade Fair,J031,Cubbon Road,17409,Weekend,False,Rain,True,10.8,False,False,1.0,Severe,7.0,70.0,226.7,0.073,0.168,0.879,Heavy rain reducing visibility and grip - reduced speed and longer buffer advised
EVT403090,2025-02-03 13:55:22,Sports Fixture,J012,Koramangala Sony World,20088,Weekday,False,Clear,False,0.0,False,False,0.326,Low,32.7,23.2,138.8,0.11,0.253,0.961,Moderate traffic flow - standard adaptive signal timing in effect
EVT403091,2025-05-28 09:27:04,Sports Fixture,J011,Indiranagar 100ft Road,33588,Weekday,False,Clear,False,0.0,False,False,1.0,Severe,8.2,73.7,384.0,0.143,0.329,0.92,Heavy congestion detected - signal timing extended and reroute suggested
EVT403092,2025-08-13 20:48:42,Trade Fair,J012,Koramangala Sony World,13584,Weekday,False,Clear,False,0.0,False,False,0.553,High,18.5,41.0,259.5,0.159,0.368,0.958,Moderate traffic flow - standard adaptive signal timing in effect
EVT403093,2025-07-22 11:21:34,Sports Fixture,J031,Cubbon Road,21771,Weekday,False,Rain,True,22.3,False,False,0.67,High,19.9,48.2,271.4,0.191,0.442,0.894,Heavy rain reducing visibility and grip - reduced speed and longer buffer advised
EVT403094,2026-05-16 20:15:03,Trade Fair,J040,City Market,13673,Weekend,False,Clear,False,0.0,False,False,0.661,High,19.1,46.6,188.1,0.118,0.273,0.971,Moderate traffic flow - standard adaptive signal timing in effect
EVT403095,2026-01-14 12:25:29,Cultural Procession,J030,MG Road,15221,Weekday,True,Clear,False,0.0,False,False,0.491,Moderate,25.1,34.0,205.1,0.161,0.371,0.936,Moderate traffic flow - standard adaptive signal timing in effect
EVT403096,2026-02-25 19:06:11,Sports Fixture,J009,Majestic,23543,Weekday,False,Clear,False,0.0,False,False,1.0,Severe,6.0,73.0,687.9,0.168,0.387,0.942,Heavy congestion detected - signal timing extended and reroute suggested
EVT403097,2025-03-27 06:13:26,Local Market Day,J009,Majestic,5698,Weekday,False,Clear,False,0.0,False,False,0.272,Low,33.2,18.8,139.2,0.104,0.239,0.941,Moderate traffic flow - standard adaptive signal timing in effect
EVT403098,2026-05-07 18:04:39,Concert,J031,Cubbon Road,11606,Weekday,False,Clear,False,0.0,False,False,1.0,Severe,7.4,73.3,306.1,0.104,0.24,0.93,Heavy congestion detected - signal timing extended and reroute suggested
EVT403099,2025-12-03 10:21:53,Sports Fixture,J009,Majestic,27900,Weekday,False,Clear,False,0.0,False,False,0.856,Severe,7.7,62.6,490.2,0.148,0.343,0.926,Heavy congestion detected - signal timing extended and reroute suggested
EVT403100,2026-01-12 11:52:12,Trade Fair,J031,Cubbon Road,8112,Weekday,False,Clear,False,0.0,False,False,0.28,Low,32.4,24.9,96.7,0.079,0.183,0.966,Moderate traffic flow - standard adaptive signal timing in effect
EVT403101,2025-05-26 20:07:12,Concert,J023,Basavanagudi,15928,Weekday,False,Clear,False,0.0,False,False,0.695,High,15.1,53.3,277.9,0.161,0.371,0.965,Moderate traffic flow - standard adaptive signal timing in effect
EVT403102,2026-01-16 10:08:29,Local Market Day,J030,MG Road,4259,Weekday,False,Clear,False,0.0,False,False,0.744,High,18.5,52.7,315.3,0.193,0.445,0.953,Moderate traffic flow - standard adaptive signal timing in effect
EVT403103,2025-08-30 16:05:07,Concert,J031,Cubbon Road,8814,Weekend,False,Clear,False,0.0,False,False,0.448,Moderate,24.6,29.0,262.6,0.188,0.433,0.968,Moderate traffic flow - standard adaptive signal timing in effect
EVT403104,2026-06-09 18:56:57,Concert,J012,Koramangala Sony World,8951,Weekday,False,Rain,True,22.5,False,False,1.0,Severe,9.2,65.9,506.1,0.207,0.478,0.847,Heavy rain reducing visibility and grip - reduced speed and longer buffer advised
EVT403105,2026-01-09 20:58:46,Concert,J009,Majestic,13493,Weekday,False,Clear,False,0.0,False,False,0.497,Moderate,26.1,36.1,176.7,0.13,0.3,0.965,Moderate traffic flow - standard adaptive signal timing in effect
EVT403106,2025-03-11 18:08:58,Local Market Day,J030,MG Road,3105,Weekday,False,Clear,False,0.0,False,False,0.989,Severe,9.1,69.6,526.2,0.192,0.444,0.913,Heavy congestion detected - signal timing extended and reroute suggested
EVT403107,2025-10-09 14:29:30,Trade Fair,J023,Basavanagudi,14333,Weekday,False,Clear,False,0.0,False,False,0.304,Low,21.2,21.4,194.8,0.083,0.191,0.99,Moderate traffic flow - standard adaptive signal timing in effect
EVT403108,2026-06-20 11:08:39,Political Rally,J023,Basavanagudi,19052,Weekend,False,Clear,False,0.0,False,False,0.507,Moderate,24.4,35.5,134.0,0.093,0.215,0.929,Moderate traffic flow - standard adaptive signal timing in effect
EVT403109,2026-02-09 11:57:33,Local Market Day,J009,Majestic,2668,Weekday,False,Clear,False,0.0,False,False,0.304,Low,35.9,24.8,161.9,0.127,0.294,0.958,Moderate traffic flow - standard adaptive signal timing in effect
EVT403110,2025-10-23 12:45:16,Local Market Day,J031,Cubbon Road,4682,Weekday,False,Clear,False,0.0,False,False,0.215,Low,28.0,18.9,173.2,0.15,0.346,0.98,Normal free-flow traffic - standard signal timing maintained
EVT403111,2026-06-16 08:19:00,Local Market Day,J009,Majestic,4377,Weekday,False,Clear,False,0.0,False,False,0.925,Severe,11.0,64.2,624.6,0.25,0.578,0.921,Heavy congestion detected - signal timing extended and reroute suggested
EVT403112,2026-04-08 09:41:46,Local Market Day,J040,City Market,3184,Weekday,False,Clear,False,0.0,False,False,0.934,Severe,11.3,68.9,387.7,0.189,0.437,0.94,Heavy congestion detected - signal timing extended and reroute suggested
EVT403113,2025-05-06 23:22:37,Concert,J020,Malleshwaram Circle,12966,Weekday,False,Heavy Rain,True,28.2,False,False,0.557,High,19.6,34.7,280.7,0.171,0.395,0.899,Heavy rain reducing visibility and grip - reduced speed and longer buffer advised
EVT403114,2025-02-06 12:31:57,Political Rally,J040,City Market,8150,Weekday,False,Fog,False,0.0,False,False,0.255,Low,31.9,21.1,194.0,0.19,0.439,0.97,Moderate traffic flow - standard adaptive signal timing in effect
EVT403115,2026-05-30 15:26:49,Trade Fair,J023,Basavanagudi,6453,Weekend,False,Clear,False,0.0,False,False,0.343,Low,32.5,28.5,136.0,0.104,0.239,0.948,Moderate traffic flow - standard adaptive signal timing in effect
EVT403116,2026-02-24 18:47:27,Sports Fixture,J011,Indiranagar 100ft Road,19930,Weekday,False,Clear,False,0.0,False,False,1.0,Severe,9.2,74.2,649.6,0.273,0.631,0.911,Heavy congestion detected - signal timing extended and reroute suggested
EVT403117,2025-08-29 22:09:17,Sports Fixture,J009,Majestic,10124,Weekday,False,Clear,False,0.0,False,False,0.276,Low,30.7,22.0,105.6,0.085,0.196,0.99,Moderate traffic flow - standard adaptive signal timing in effect
EVT403118,2025-07-30 19:00:30,Concert,J023,Basavanagudi,15860,Weekday,False,Rain,True,15.1,False,False,1.0,Severe,8.5,73.9,520.0,0.192,0.444,0.838,Heavy rain reducing visibility and grip - reduced speed and longer buffer advised
EVT403119,2025-03-26 19:30:14,Local Market Day,J012,Koramangala Sony World,4956,Weekday,False,Clear,False,0.0,False,False,0.872,Severe,8.6,59.5,533.4,0.19,0.44,0.959,Heavy congestion detected - signal timing extended and reroute suggested
EVT403120,2025-12-26 18:26:53,Cultural Procession,J040,City Market,22751,Weekday,True,Clear,False,0.0,False,True,1.0,Severe,10.5,100.2,239.8,0.124,0.287,0.825,Road closure for event/procession - full detour recommended for through-traffic
EVT403121,2025-03-02 06:22:05,Sports Fixture,J020,Malleshwaram Circle,26599,Weekend,False,Clear,False,0.0,False,False,0.54,Moderate,24.9,34.1,268.0,0.221,0.511,0.963,Moderate traffic flow - standard adaptive signal timing in effect
EVT403122,2025-06-01 09:40:52,Local Market Day,J020,Malleshwaram Circle,5488,Weekend,False,Clear,False,0.0,False,False,0.857,Severe,14.8,65.3,641.3,0.326,0.753,0.969,Heavy congestion detected - signal timing extended and reroute suggested
EVT403123,2025-12-23 07:50:50,Sports Fixture,J020,Malleshwaram Circle,18610,Weekday,False,Light Rain,True,1.4,False,False,0.859,Severe,15.2,66.4,364.4,0.221,0.51,0.91,Heavy rain reducing visibility and grip - reduced speed and longer buffer advised
EVT403124,2026-05-23 05:49:19,Concert,J023,Basavanagudi,10782,Weekend,False,Rain,True,13.9,False,False,0.449,Moderate,27.4,30.0,171.9,0.123,0.285,0.935,Light rain detected - minor speed reduction advised
EVT403125,2026-03-06 21:02:05,Concert,J020,Malleshwaram Circle,8004,Weekday,False,Clear,False,0.0,False,False,0.489,Moderate,28.9,33.7,131.0,0.119,0.274,0.98,Moderate traffic flow - standard adaptive signal timing in effect
EVT403126,2025-12-08 14:53:06,Local Market Day,J009,Majestic,3973,Weekday,False,Fog,False,0.0,False,False,0.232,Low,41.8,17.2,95.2,0.103,0.239,0.965,Normal free-flow traffic - standard signal timing maintained
EVT403127,2026-05-20 10:21:14,Concert,J023,Basavanagudi,7005,Weekday,False,Clear,False,0.0,False,False,0.699,High,16.0,47.0,333.6,0.193,0.446,0.96,Moderate traffic flow - standard adaptive signal timing in effect
EVT403128,2025-02-15 10:37:55,Political Rally,J040,City Market,11542,Weekend,False,Clear,False,0.0,False,False,0.58,High,21.6,41.5,246.0,0.179,0.414,0.956,Moderate traffic flow - standard adaptive signal timing in effect
EVT403129,2025-04-17 14:36:43,Local Market Day,J023,Basavanagudi,3876,Weekday,False,Clear,False,0.0,False,False,0.252,Low,26.4,12.1,234.7,0.152,0.35,0.965,Moderate traffic flow - standard adaptive signal timing in effect
EVT403130,2025-03-15 19:19:05,Religious Festival,J030,MG Road,32552,Weekend,True,Clear,False,0.0,False,True,1.0,Severe,8.3,102.3,410.1,0.141,0.326,0.847,Road closure for event/procession - full detour recommended for through-traffic
EVT403131,2026-02-27 23:47:04,Sports Fixture,J031,Cubbon Road,15413,Weekday,False,Clear,False,0.0,False,False,0.267,Low,27.4,18.3,104.2,0.075,0.174,0.97,Moderate traffic flow - standard adaptive signal timing in effect
EVT403132,2025-01-21 06:34:45,Local Market Day,J030,MG Road,4817,Weekday,False,Clear,False,0.0,False,False,0.291,Low,32.1,18.7,188.8,0.158,0.365,0.98,Moderate traffic flow - standard adaptive signal timing in effect
EVT403133,2025-10-29 14:46:02,Political Rally,J030,MG Road,11898,Weekday,False,Clear,False,0.0,False,False,0.376,Moderate,23.6,23.7,248.2,0.164,0.378,0.941,Moderate traffic flow - standard adaptive signal timing in effect
EVT403134,2025-01-16 17:34:42,Political Rally,J020,Malleshwaram Circle,14963,Weekday,False,Clear,False,0.0,False,False,0.969,Severe,9.1,68.6,426.8,0.157,0.362,0.9,Heavy congestion detected - signal timing extended and reroute suggested
EVT403135,2026-06-24 07:46:53,Sports Fixture,J012,Koramangala Sony World,24958,Weekday,False,Clear,False,0.0,False,False,0.786,Severe,13.9,60.0,145.7,0.065,0.15,0.946,Heavy congestion detected - signal timing extended and reroute suggested
EVT403136,2025-09-18 18:03:33,Political Rally,J009,Majestic,22410,Weekday,False,Clear,False,0.0,False,False,1.0,Severe,8.7,74.3,634.1,0.233,0.539,0.943,Heavy congestion detected - signal timing extended and reroute suggested
EVT403137,2025-04-16 09:45:18,Sports Fixture,J020,Malleshwaram Circle,52165,Weekday,False,Clear,False,0.0,False,False,1.0,Severe,6.8,68.6,880.9,0.241,0.556,0.921,Heavy congestion detected - signal timing extended and reroute suggested
EVT403138,2025-03-11 14:30:36,Local Market Day,J011,Indiranagar 100ft Road,5364,Weekday,False,Clear,False,0.0,False,False,0.182,Low,35.5,7.9,84.5,0.086,0.199,0.949,Normal free-flow traffic - standard signal timing maintained
EVT403139,2025-09-04 10:12:39,Trade Fair,J040,City Market,7861,Weekday,False,Clear,False,0.0,False,False,0.745,High,15.6,50.9,400.0,0.23,0.532,0.959,Moderate traffic flow - standard adaptive signal timing in effect
EVT403140,2025-04-21 16:22:07,Trade Fair,J011,Indiranagar 100ft Road,11448,Weekday,False,Clear,False,0.0,False,False,0.565,High,22.4,42.3,181.8,0.11,0.254,0.968,Moderate traffic flow - standard adaptive signal timing in effect
EVT403141,2025-03-11 13:03:08,Local Market Day,J009,Majestic,3099,Weekday,False,Clear,False,0.0,False,False,0.172,Low,32.4,14.1,178.4,0.144,0.332,0.957,Normal free-flow traffic - standard signal timing maintained
EVT403142,2025-11-16 09:54:17,Local Market Day,J020,Malleshwaram Circle,2882,Weekend,False,Rain,True,9.4,False,False,0.805,Severe,12.9,54.9,496.6,0.25,0.577,0.922,Heavy rain reducing visibility and grip - reduced speed and longer buffer advised
EVT403143,2026-03-01 19:51:27,Sports Fixture,J023,Basavanagudi,25178,Weekend,False,Fog,False,0.0,False,False,0.842,Severe,15.8,54.9,395.4,0.223,0.515,0.955,Heavy congestion detected - signal timing extended and reroute suggested
EVT403144,2026-05-28 16:52:06,Political Rally,J012,Koramangala Sony World,12632,Weekday,False,Heavy Rain,True,36.2,False,False,1.0,Severe,8.8,66.1,268.8,0.124,0.287,0.871,Heavy rain reducing visibility and grip - reduced speed and longer buffer advised
EVT403145,2026-06-29 16:38:47,Concert,J031,Cubbon Road,11180,Weekday,False,Clear,False,0.0,False,False,0.576,High,17.7,45.5,143.9,0.085,0.197,0.978,Moderate traffic flow - standard adaptive signal timing in effect
EVT403146,2026-04-20 08:39:20,Sports Fixture,J012,Koramangala Sony World,23913,Weekday,False,Clear,False,0.0,False,False,1.0,Severe,8.0,75.5,522.8,0.191,0.441,0.907,Heavy congestion detected - signal timing extended and reroute suggested
EVT403147,2025-06-12 22:04:47,Local Market Day,J031,Cubbon Road,5162,Weekday,False,Clear,False,0.0,False,False,0.262,Low,35.6,17.0,139.5,0.133,0.307,0.948,Moderate traffic flow - standard adaptive signal timing in effect
EVT403148,2025-04-11 12:11:55,Local Market Day,J031,Cubbon Road,4726,Weekday,False,Clear,False,0.0,False,False,0.191,Low,31.6,18.3,168.7,0.13,0.301,0.968,Normal free-flow traffic - standard signal timing maintained
EVT403149,2026-06-29 09:28:41,Local Market Day,J031,Cubbon Road,5926,Weekday,False,Rain,True,10.8,False,False,1.0,Severe,9.7,70.7,500.1,0.205,0.473,0.847,Heavy rain reducing visibility and grip - reduced speed and longer buffer advised
EVT403150,2026-03-09 20:44:28,Concert,J031,Cubbon Road,10796,Weekday,False,Clear,False,0.0,False,False,0.516,Moderate,23.2,36.7,199.5,0.114,0.264,0.986,Moderate traffic flow - standard adaptive signal timing in effect
EVT403151,2025-07-14 06:45:04,Sports Fixture,J009,Majestic,15898,Weekday,False,Clear,False,0.0,False,False,0.436,Moderate,21.4,31.6,233.8,0.144,0.332,0.941,Moderate traffic flow - standard adaptive signal timing in effect
EVT403152,2025-07-14 18:07:27,Local Market Day,J011,Indiranagar 100ft Road,3094,Weekday,False,Clear,False,0.0,False,False,0.983,Severe,6.6,66.9,260.5,0.083,0.192,0.887,Heavy congestion detected - signal timing extended and reroute suggested
EVT403153,2025-10-01 16:53:34,Sports Fixture,J040,City Market,44014,Weekday,False,Clear,False,0.0,False,False,0.836,Severe,12.1,58.6,396.7,0.194,0.448,0.953,Heavy congestion detected - signal timing extended and reroute suggested
EVT403154,2025-05-05 19:46:22,Local Market Day,J040,City Market,5521,Weekday,False,Clear,False,0.0,False,False,0.782,Severe,17.6,56.0,358.3,0.221,0.51,0.971,Heavy congestion detected - signal timing extended and reroute suggested
EVT403155,2025-10-22 10:38:01,Religious Festival,J023,Basavanagudi,60212,Weekday,True,Fog,False,0.0,False,True,1.0,Severe,9.6,102.4,430.1,0.171,0.394,0.841,Road closure for event/procession - full detour recommended for through-traffic
EVT403156,2025-02-18 08:08:40,Concert,J012,Koramangala Sony World,23447,Weekday,False,Clear,False,0.0,False,False,0.947,Severe,11.8,60.0,329.8,0.141,0.327,0.913,Heavy congestion detected - signal timing extended and reroute suggested
EVT403157,2025-03-12 15:47:35,Local Market Day,J009,Majestic,7517,Weekday,False,Clear,False,0.0,False,False,0.393,Moderate,24.2,31.4,114.4,0.063,0.145,0.972,Moderate traffic flow - standard adaptive signal timing in effect
EVT403158,2026-01-23 09:51:15,Concert,J040,City Market,10978,Weekday,False,Fog,False,0.0,False,False,0.866,Severe,12.8,57.5,371.6,0.157,0.363,0.951,Heavy congestion detected - signal timing extended and reroute suggested
EVT403159,2025-01-04 11:00:22,Concert,J009,Majestic,11775,Weekend,False,Clear,False,0.0,False,False,0.42,Moderate,27.9,31.6,253.4,0.198,0.458,0.976,Moderate traffic flow - standard adaptive signal timing in effect
EVT403160,2025-03-11 08:50:46,Sports Fixture,J012,Koramangala Sony World,12480,Weekday,False,Clear,False,0.0,False,False,1.0,Severe,8.2,66.8,606.7,0.198,0.457,0.931,Heavy congestion detected - signal timing extended and reroute suggested
EVT403161,2025-08-20 20:34:10,Political Rally,J012,Koramangala Sony World,10369,Weekday,False,Heavy Rain,True,48.1,False,False,0.851,Severe,14.0,55.4,315.6,0.163,0.376,0.939,Heavy rain reducing visibility and grip - reduced speed and longer buffer advised
EVT403162,2026-02-24 18:28:24,Local Market Day,J031,Cubbon Road,4468,Weekday,False,Fog,False,0.0,False,False,1.0,Severe,8.5,71.7,443.4,0.186,0.429,0.904,Heavy congestion detected - signal timing extended and reroute suggested
EVT403163,2025-04-24 07:03:30,Local Market Day,J020,Malleshwaram Circle,2163,Weekday,False,Clear,False,0.0,False,False,0.433,Moderate,17.5,34.6,223.0,0.116,0.268,0.966,Moderate traffic flow - standard adaptive signal timing in effect
EVT403164,2026-05-12 09:45:49,Local Market Day,J009,Majestic,4684,Weekday,False,Clear,False,0.0,False,False,0.85,Severe,15.7,61.8,370.3,0.199,0.459,0.928,Heavy congestion detected - signal timing extended and reroute suggested
EVT403165,2025-03-12 22:26:25,Sports Fixture,J020,Malleshwaram Circle,18444,Weekday,False,Clear,False,0.0,False,False,0.344,Low,34.1,25.8,159.3,0.169,0.391,0.977,Moderate traffic flow - standard adaptive signal timing in effect
EVT403166,2026-02-18 08:41:17,Sports Fixture,J040,City Market,13277,Weekday,False,Clear,False,0.0,False,False,1.0,Severe,10.5,72.3,441.9,0.182,0.421,0.9,Heavy congestion detected - signal timing extended and reroute suggested
EVT403167,2026-04-08 06:17:15,Local Market Day,J023,Basavanagudi,4623,Weekday,False,Clear,False,0.0,False,False,0.251,Low,29.4,18.4,191.8,0.156,0.36,0.99,Moderate traffic flow - standard adaptive signal timing in effect
EVT403168,2025-11-08 17:10:30,Sports Fixture,J031,Cubbon Road,21426,Weekend,False,Clear,False,0.0,False,False,0.721,High,16.3,55.1,315.2,0.176,0.407,0.98,Moderate traffic flow - standard adaptive signal timing in effect
EVT403169,2025-03-09 09:38:33,Trade Fair,J030,MG Road,13362,Weekend,False,Clear,False,0.0,False,False,0.936,Severe,12.1,69.8,567.7,0.266,0.614,0.932,Heavy congestion detected - signal timing extended and reroute suggested
EVT403170,2025-10-08 07:58:37,Local Market Day,J031,Cubbon Road,5259,Weekday,False,Clear,False,0.0,False,False,0.762,Severe,17.1,54.9,210.4,0.129,0.299,0.978,Heavy congestion detected - signal timing extended and reroute suggested
EVT403171,2025-01-15 00:33:14,Fireworks Display,J023,Basavanagudi,21093,Weekday,True,Light Rain,True,7.0,False,False,0.698,High,18.3,55.3,214.9,0.14,0.323,0.863,Festival crowd surge detected - alternate route and extended cycle recommended
EVT403172,2025-05-07 22:24:46,Local Market Day,J012,Koramangala Sony World,7141,Weekday,False,Clear,False,0.0,False,False,0.197,Low,26.4,12.2,219.7,0.164,0.378,0.966,Normal free-flow traffic - standard signal timing maintained
EVT403173,2025-07-04 20:15:55,Local Market Day,J023,Basavanagudi,5077,Weekday,False,Clear,False,0.0,False,False,0.694,High,22.1,53.2,276.3,0.195,0.45,0.974,Moderate traffic flow - standard adaptive signal timing in effect
EVT403174,2026-05-31 21:48:16,Political Rally,J009,Majestic,23229,Weekend,False,Clear,False,0.0,False,False,0.428,Moderate,29.2,20.5,94.1,0.074,0.172,0.982,Moderate traffic flow - standard adaptive signal timing in effect
EVT403175,2026-02-20 20:33:27,Trade Fair,J020,Malleshwaram Circle,8936,Weekday,False,Clear,False,0.0,False,False,0.56,High,28.0,41.5,132.5,0.091,0.211,0.954,Moderate traffic flow - standard adaptive signal timing in effect
EVT403176,2026-04-21 20:45:11,Concert,J020,Malleshwaram Circle,10017,Weekday,False,Clear,False,0.0,False,False,0.463,Moderate,27.9,35.5,74.6,0.06,0.138,0.96,Moderate traffic flow - standard adaptive signal timing in effect
EVT403177,2025-01-06 08:13:05,Local Market Day,J009,Majestic,1777,Weekday,False,Clear,False,0.0,False,False,0.926,Severe,12.8,67.3,331.5,0.18,0.416,0.938,Heavy congestion detected - signal timing extended and reroute suggested
EVT403178,2025-06-05 19:40:54,Political Rally,J030,MG Road,11467,Weekday,False,Rain,True,12.8,False,False,1.0,Severe,7.2,68.5,629.8,0.207,0.478,0.862,Heavy rain reducing visibility and grip - reduced speed and longer buffer advised
EVT403179,2026-03-30 17:36:04,Local Market Day,J011,Indiranagar 100ft Road,4399,Weekday,False,Clear,False,0.0,False,False,0.883,Severe,13.3,66.2,397.5,0.204,0.471,0.937,Heavy congestion detected - signal timing extended and reroute suggested
EVT403180,2025-09-16 10:44:20,Trade Fair,J023,Basavanagudi,24388,Weekday,False,Clear,False,0.0,False,False,0.732,High,14.4,53.4,268.5,0.13,0.301,0.971,Moderate traffic flow - standard adaptive signal timing in effect
EVT403181,2025-09-17 15:16:17,Sports Fixture,J031,Cubbon Road,13304,Weekday,False,Rain,True,22.8,False,False,0.581,High,19.5,44.1,416.5,0.258,0.596,0.885,Heavy rain reducing visibility and grip - reduced speed and longer buffer advised
EVT403182,2026-06-13 07:39:49,Concert,J040,City Market,14618,Weekend,False,Clear,False,0.0,False,False,0.693,High,18.7,50.3,155.0,0.097,0.223,0.99,Moderate traffic flow - standard adaptive signal timing in effect
EVT403183,2026-01-28 20:26:25,Concert,J020,Malleshwaram Circle,26694,Weekday,False,Clear,False,0.0,False,False,0.759,Severe,17.7,56.3,212.5,0.119,0.274,0.974,Heavy congestion detected - signal timing extended and reroute suggested
EVT403184,2025-12-20 07:53:02,Concert,J031,Cubbon Road,6955,Weekend,False,Clear,False,0.0,False,False,0.695,High,15.0,51.3,274.7,0.15,0.347,0.971,Moderate traffic flow - standard adaptive signal timing in effect
EVT403185,2026-02-26 18:05:48,Sports Fixture,J031,Cubbon Road,10787,Weekday,False,Clear,False,0.0,False,False,1.0,Severe,9.0,74.3,542.0,0.197,0.456,0.925,Heavy congestion detected - signal timing extended and reroute suggested
EVT403186,2026-02-13 16:16:36,Sports Fixture,J023,Basavanagudi,18476,Weekday,False,Clear,False,0.0,False,False,0.619,High,18.7,48.3,208.5,0.127,0.294,0.96,Moderate traffic flow - standard adaptive signal timing in effect
EVT403187,2025-03-15 15:07:10,Religious Festival,J011,Indiranagar 100ft Road,83066,Weekend,True,Clear,False,0.0,False,False,0.935,Severe,13.0,62.7,146.7,0.097,0.224,0.888,Festival crowd surge detected - alternate route and extended cycle recommended
EVT403188,2025-02-02 20:40:47,Sports Fixture,J012,Koramangala Sony World,9121,Weekend,False,Clear,False,0.0,False,False,0.561,High,24.9,34.8,90.2,0.055,0.128,0.982,Moderate traffic flow - standard adaptive signal timing in effect
EVT403189,2025-06-16 17:55:22,Trade Fair,J023,Basavanagudi,6257,Weekday,False,Clear,False,0.0,False,False,0.989,Severe,9.4,67.2,773.8,0.295,0.682,0.909,Heavy congestion detected - signal timing extended and reroute suggested
EVT403190,2026-03-22 21:52:21,Concert,J031,Cubbon Road,24061,Weekend,False,Clear,False,0.0,False,False,0.422,Moderate,28.8,30.4,228.1,0.173,0.399,0.936,Moderate traffic flow - standard adaptive signal timing in effect
EVT403191,2026-02-07 08:22:38,Trade Fair,J020,Malleshwaram Circle,7049,Weekend,False,Clear,False,0.0,False,False,0.765,Severe,17.1,56.5,315.8,0.202,0.467,0.953,Heavy congestion detected - signal timing extended and reroute suggested
EVT403192,2025-02-14 20:13:46,Trade Fair,J020,Malleshwaram Circle,14449,Weekday,False,Clear,False,0.0,False,False,0.746,High,17.7,54.2,381.8,0.216,0.499,0.958,Moderate traffic flow - standard adaptive signal timing in effect
EVT403193,2026-05-24 08:19:46,Local Market Day,J020,Malleshwaram Circle,2964,Weekend,False,Clear,False,0.0,False,False,0.775,Severe,14.1,49.9,341.7,0.158,0.364,0.961,Heavy congestion detected - signal timing extended and reroute suggested
EVT403194,2025-03-18 15:37:34,Local Market Day,J023,Basavanagudi,2901,Weekday,False,Clear,False,0.0,False,False,0.252,Low,34.7,24.2,141.9,0.13,0.3,0.95,Moderate traffic flow - standard adaptive signal timing in effect
EVT403195,2026-06-20 15:49:16,Local Market Day,J011,Indiranagar 100ft Road,4057,Weekend,False,Clear,False,0.0,False,False,0.425,Moderate,27.2,33.8,164.7,0.106,0.246,0.968,Moderate traffic flow - standard adaptive signal timing in effect
EVT403196,2025-11-11 19:27:41,Sports Fixture,J012,Koramangala Sony World,23179,Weekday,False,Clear,False,0.0,False,False,0.983,Severe,9.2,75.3,494.2,0.19,0.439,0.925,Heavy congestion detected - signal timing extended and reroute suggested
EVT403197,2025-01-03 19:31:16,Local Market Day,J020,Malleshwaram Circle,4767,Weekday,False,Fog,False,0.0,False,False,0.852,Severe,14.7,65.6,367.5,0.2,0.462,0.941,Heavy congestion detected - signal timing extended and reroute suggested
EVT403198,2025-12-17 07:50:16,Local Market Day,J030,MG Road,3221,Weekday,False,Clear,False,0.0,False,False,0.753,Severe,13.2,52.4,391.6,0.167,0.386,0.956,Heavy congestion detected - signal timing extended and reroute suggested
EVT403199,2025-03-29 09:30:54,Local Market Day,J020,Malleshwaram Circle,5485,Weekend,False,Clear,False,0.0,False,False,0.793,Severe,15.4,60.0,348.9,0.148,0.343,0.951,Heavy congestion detected - signal timing extended and reroute suggested
EVT403200,2026-01-23 17:21:59,Trade Fair,J030,MG Road,6889,Weekday,False,Clear,False,0.0,False,False,0.889,Severe,9.2,70.4,591.7,0.201,0.464,0.929,Heavy congestion detected - signal timing extended and reroute suggested
EVT403201,2025-03-10 19:35:17,Political Rally,J031,Cubbon Road,18597,Weekday,False,Clear,False,0.0,False,False,0.955,Severe,7.6,69.7,831.9,0.257,0.594,0.915,Heavy congestion detected - signal timing extended and reroute suggested
EVT403202,2025-10-27 22:08:34,Sports Fixture,J030,MG Road,21791,Weekday,False,Clear,False,0.0,False,False,0.363,Moderate,28.6,28.0,104.5,0.092,0.212,0.95,Moderate traffic flow - standard adaptive signal timing in effect
EVT403203,2025-09-26 16:47:47,Local Market Day,J031,Cubbon Road,5608,Weekday,False,Rain,True,14.6,False,False,0.836,Severe,12.0,54.6,609.8,0.257,0.593,0.916,Heavy rain reducing visibility and grip - reduced speed and longer buffer advised
EVT403204,2025-10-15 10:19:44,Local Market Day,J031,Cubbon Road,8492,Weekday,False,Clear,False,0.0,False,False,0.661,High,20.0,50.8,108.5,0.076,0.176,0.959,Moderate traffic flow - standard adaptive signal timing in effect
EVT403205,2026-01-10 05:25:04,Local Market Day,J009,Majestic,1844,Weekend,False,Fog,False,0.0,False,False,0.277,Low,31.6,17.7,249.9,0.21,0.485,0.955,Moderate traffic flow - standard adaptive signal timing in effect
EVT403206,2026-05-03 15:07:08,Sports Fixture,J012,Koramangala Sony World,27573,Weekend,False,Heavy Rain,True,27.8,False,False,0.765,Severe,12.9,51.1,488.3,0.23,0.53,0.918,Heavy rain reducing visibility and grip - reduced speed and longer buffer advised
EVT403207,2026-01-26 11:03:31,Religious Festival,J012,Koramangala Sony World,51795,Weekday,True,Clear,False,0.0,False,True,1.0,Severe,7.5,99.6,674.9,0.226,0.523,0.841,Road closure for event/procession - full detour recommended for through-traffic
EVT403208,2025-02-27 10:39:31,Trade Fair,J012,Koramangala Sony World,9354,Weekday,False,Clear,False,0.0,False,False,0.554,High,19.3,43.7,310.1,0.194,0.448,0.952,Moderate traffic flow - standard adaptive signal timing in effect
EVT403209,2025-04-01 18:48:28,Sports Fixture,J031,Cubbon Road,13620,Weekday,False,Clear,False,0.0,False,False,1.0,Severe,9.8,77.0,310.9,0.125,0.29,0.929,Heavy congestion detected - signal timing extended and reroute suggested
EVT403210,2026-01-23 14:31:03,Sports Fixture,J031,Cubbon Road,22151,Weekday,False,Clear,False,0.0,False,False,0.394,Moderate,27.8,26.6,173.2,0.118,0.273,0.952,Moderate traffic flow - standard adaptive signal timing in effect
EVT403211,2026-02-03 06:25:42,Local Market Day,J040,City Market,2743,Weekday,False,Clear,False,0.0,False,False,0.36,Moderate,32.7,27.3,169.9,0.157,0.362,0.99,Moderate traffic flow - standard adaptive signal timing in effect
EVT403212,2025-06-08 20:39:55,Trade Fair,J012,Koramangala Sony World,7324,Weekend,False,Light Rain,True,4.2,False,False,0.58,High,22.4,42.6,129.0,0.077,0.179,0.895,Heavy rain reducing visibility and grip - reduced speed and longer buffer advised
EVT403213,2026-05-29 07:39:17,Local Market Day,J011,Indiranagar 100ft Road,5901,Weekday,False,Clear,False,0.0,False,False,0.609,High,19.6,44.0,237.3,0.152,0.35,0.962,Moderate traffic flow - standard adaptive signal timing in effect
EVT403214,2025-03-17 08:46:05,Local Market Day,J030,MG Road,5978,Weekday,False,Rain,True,7.6,False,False,1.0,Severe,8.8,71.0,543.4,0.192,0.444,0.862,Heavy rain reducing visibility and grip - reduced speed and longer buffer advised
EVT403215,2025-10-16 18:38:29,Sports Fixture,J020,Malleshwaram Circle,23599,Weekday,False,Fog,False,0.0,False,False,1.0,Severe,8.1,75.5,562.6,0.195,0.449,0.888,Heavy congestion detected - signal timing extended and reroute suggested
EVT403216,2026-03-12 22:57:42,Sports Fixture,J040,City Market,26611,Weekday,False,Fog,False,0.0,False,False,0.298,Low,30.8,24.0,122.0,0.089,0.205,0.95,Moderate traffic flow - standard adaptive signal timing in effect
EVT403217,2025-01-04 08:04:44,Local Market Day,J011,Indiranagar 100ft Road,4705,Weekend,False,Clear,False,0.0,False,False,0.719,High,15.4,48.6,301.8,0.155,0.357,0.965,Moderate traffic flow - standard adaptive signal timing in effect
EVT403218,2025-10-12 15:58:44,Trade Fair,J012,Koramangala Sony World,16767,Weekend,False,Clear,False,0.0,False,False,0.453,Moderate,32.7,33.2,189.3,0.168,0.387,0.958,Moderate traffic flow - standard adaptive signal timing in effect
EVT403219,2026-03-04 11:20:33,Cultural Procession,J011,Indiranagar 100ft Road,13024,Weekday,True,Clear,False,0.0,False,True,0.719,High,23.9,67.8,156.1,0.11,0.254,0.893,Road closure for event/procession - full detour recommended for through-traffic
EVT403220,2025-07-01 07:17:49,Concert,J009,Majestic,22952,Weekday,False,Rain,True,10.9,False,False,0.788,Severe,12.4,55.7,565.3,0.266,0.615,0.911,Heavy rain reducing visibility and grip - reduced speed and longer buffer advised
EVT403221,2025-02-22 17:44:12,Concert,J040,City Market,14682,Weekend,False,Clear,False,0.0,False,False,0.829,Severe,14.7,57.5,296.3,0.15,0.346,0.945,Heavy congestion detected - signal timing extended and reroute suggested
EVT403222,2025-01-27 18:08:14,Religious Festival,J011,Indiranagar 100ft Road,22245,Weekday,True,Clear,False,0.0,False,False,1.0,Severe,8.2,74.1,774.0,0.294,0.679,0.913,Festival crowd surge detected - alternate route and extended cycle recommended
EVT403223,2025-01-09 13:19:55,Sports Fixture,J040,City Market,35758,Weekday,False,Clear,False,0.0,False,False,0.412,Moderate,26.0,26.1,205.6,0.142,0.329,0.976,Moderate traffic flow - standard adaptive signal timing in effect
EVT403224,2025-01-20 10:46:04,Local Market Day,J031,Cubbon Road,1698,Weekday,False,Clear,False,0.0,False,False,0.494,Moderate,22.8,29.2,307.6,0.205,0.473,0.944,Moderate traffic flow - standard adaptive signal timing in effect
EVT403225,2025-03-26 19:06:00,Sports Fixture,J012,Koramangala Sony World,16530,Weekday,False,Clear,False,0.0,False,False,1.0,Severe,7.1,68.3,854.9,0.256,0.591,0.924,Heavy congestion detected - signal timing extended and reroute suggested
EVT403226,2025-11-19 16:19:28,Local Market Day,J023,Basavanagudi,3377,Weekday,False,Light Rain,True,4.3,False,False,0.564,High,21.3,44.3,214.2,0.136,0.315,0.91,Heavy rain reducing visibility and grip - reduced speed and longer buffer advised
EVT403227,2025-12-10 12:35:33,Concert,J009,Majestic,16106,Weekday,False,Light Rain,True,7.0,False,False,0.34,Low,29.2,23.5,190.2,0.149,0.345,0.889,Light rain detected - minor speed reduction advised
EVT403228,2025-04-26 16:14:11,Sports Fixture,J031,Cubbon Road,20553,Weekend,False,Clear,False,0.0,False,False,0.648,High,18.8,50.1,117.9,0.086,0.198,0.953,Moderate traffic flow - standard adaptive signal timing in effect
EVT403229,2026-01-18 13:44:24,Political Rally,J031,Cubbon Road,23926,Weekend,False,Clear,False,0.0,False,False,0.383,Moderate,34.3,26.1,126.0,0.139,0.32,0.962,Moderate traffic flow - standard adaptive signal timing in effect
EVT403230,2026-05-03 14:04:56,Trade Fair,J040,City Market,11688,Weekend,False,Clear,False,0.0,False,False,0.223,Low,28.4,18.8,166.3,0.1,0.231,0.983,Normal free-flow traffic - standard signal timing maintained
EVT403231,2025-09-07 18:05:46,Trade Fair,J040,City Market,12371,Weekend,False,Clear,False,0.0,False,False,0.96,Severe,9.8,61.2,179.5,0.065,0.149,0.936,Heavy congestion detected - signal timing extended and reroute suggested
EVT403232,2025-10-19 09:49:08,Local Market Day,J012,Koramangala Sony World,4959,Weekend,False,Rain,True,11.7,False,False,0.951,Severe,8.8,60.6,608.6,0.192,0.443,0.881,Heavy rain reducing visibility and grip - reduced speed and longer buffer advised
EVT403233,2026-02-15 07:00:25,Trade Fair,J020,Malleshwaram Circle,7819,Weekend,False,Clear,False,0.0,False,False,0.504,Moderate,17.3,41.1,292.3,0.151,0.348,0.979,Moderate traffic flow - standard adaptive signal timing in effect
EVT403234,2025-04-18 08:07:11,Sports Fixture,J030,MG Road,36166,Weekday,False,Clear,False,0.0,False,False,1.0,Severe,8.0,67.4,610.8,0.194,0.448,0.912,Heavy congestion detected - signal timing extended and reroute suggested
EVT403235,2026-06-03 16:34:57,Concert,J020,Malleshwaram Circle,11881,Weekday,False,Clear,False,0.0,False,False,0.576,High,17.8,47.1,277.2,0.156,0.361,0.987,Moderate traffic flow - standard adaptive signal timing in effect
EVT403236,2025-08-03 15:50:57,Local Market Day,J030,MG Road,2989,Weekend,False,Clear,False,0.0,False,False,0.435,Moderate,21.0,36.5,286.3,0.176,0.408,0.964,Moderate traffic flow - standard adaptive signal timing in effect
EVT403237,2025-11-08 16:41:11,Local Market Day,J030,MG Road,3356,Weekend,False,Clear,False,0.0,False,False,0.601,High,21.4,39.5,190.6,0.112,0.259,0.99,Moderate traffic flow - standard adaptive signal timing in effect
EVT403238,2025-11-29 07:13:39,Local Market Day,J031,Cubbon Road,5234,Weekend,False,Clear,False,0.0,False,False,0.492,Moderate,25.2,30.9,122.6,0.092,0.212,0.963,Moderate traffic flow - standard adaptive signal timing in effect
EVT403239,2026-05-17 23:53:10,Sports Fixture,J040,City Market,37442,Weekend,False,Light Rain,True,3.1,False,False,0.497,Moderate,28.3,36.5,133.5,0.127,0.293,0.924,Light rain detected - minor speed reduction advised
EVT403240,2026-03-27 18:13:32,Fireworks Display,J030,MG Road,28660,Weekday,True,Clear,False,0.0,False,False,1.0,Severe,9.7,65.1,330.9,0.127,0.293,0.87,Festival crowd surge detected - alternate route and extended cycle recommended
EVT403241,2026-05-16 10:35:58,Trade Fair,J009,Majestic,14936,Weekend,False,Clear,False,0.0,False,False,0.503,Moderate,27.3,28.1,140.0,0.104,0.241,0.971,Moderate traffic flow - standard adaptive signal timing in effect
EVT403242,2025-10-10 10:12:56,Local Market Day,J020,Malleshwaram Circle,2931,Weekday,False,Clear,False,0.0,True,False,1.0,Severe,8.6,74.6,525.8,0.178,0.41,0.752,Accident detected nearby - reroute and reduced speed advised
EVT403243,2025-06-02 17:09:00,Trade Fair,J009,Majestic,10053,Weekday,False,Clear,False,0.0,False,False,0.844,Severe,12.3,60.7,517.6,0.253,0.585,0.946,Heavy congestion detected - signal timing extended and reroute suggested
EVT403244,2026-06-25 18:31:22,Sports Fixture,J040,City Market,18408,Weekday,False,Clear,False,0.0,False,False,1.0,Severe,8.1,68.8,546.0,0.183,0.422,0.917,Heavy congestion detected - signal timing extended and reroute suggested
EVT403245,2026-05-01 12:54:25,Cultural Procession,J009,Majestic,17861,Weekday,True,Clear,False,0.0,False,True,0.61,Moderate,20.1,63.5,336.8,0.208,0.482,0.857,Road closure for event/procession - full detour recommended for through-traffic
EVT403246,2025-03-17 10:12:07,Concert,J031,Cubbon Road,14002,Weekday,False,Fog,False,0.0,False,False,0.784,Severe,12.1,60.8,384.2,0.169,0.391,0.947,Heavy congestion detected - signal timing extended and reroute suggested
EVT403247,2026-01-10 06:53:16,Trade Fair,J031,Cubbon Road,8862,Weekend,False,Clear,False,0.0,False,False,0.405,Moderate,27.8,32.4,202.5,0.156,0.36,0.94,Moderate traffic flow - standard adaptive signal timing in effect
EVT403248,2026-05-14 12:21:08,Local Market Day,J009,Majestic,4273,Weekday,False,Clear,False,0.0,False,False,0.203,Low,34.7,15.6,141.1,0.119,0.275,0.99,Normal free-flow traffic - standard signal timing maintained
EVT403249,2025-01-29 12:22:00,Trade Fair,J012,Koramangala Sony World,7015,Weekday,False,Clear,False,0.0,False,False,0.299,Low,36.8,26.8,118.0,0.126,0.291,0.954,Moderate traffic flow - standard adaptive signal timing in effect
EVT403250,2026-06-18 16:31:22,Sports Fixture,J011,Indiranagar 100ft Road,31119,Weekday,False,Heavy Rain,True,40.4,False,False,1.0,Severe,9.0,73.7,797.1,0.282,0.65,0.874,Heavy rain reducing visibility and grip - reduced speed and longer buffer advised
EVT403251,2025-03-31 10:58:23,Cultural Procession,J031,Cubbon Road,13984,Weekday,True,Fog,False,0.0,False,True,0.773,High,13.7,75.1,428.1,0.205,0.475,0.89,Road closure for event/procession - full detour recommended for through-traffic
EVT403252,2025-06-29 17:34:56,Sports Fixture,J012,Koramangala Sony World,24395,Weekend,False,Light Rain,True,0.9,False,False,0.923,Severe,13.1,63.5,330.9,0.158,0.366,0.886,Heavy rain reducing visibility and grip - reduced speed and longer buffer advised
EVT403253,2025-11-08 17:15:40,Local Market Day,J030,MG Road,6275,Weekend,False,Clear,False,0.0,False,False,0.661,High,18.7,50.5,191.5,0.113,0.262,0.957,Moderate traffic flow - standard adaptive signal timing in effect
EVT403254,2025-03-26 16:53:58,Political Rally,J012,Koramangala Sony World,16994,Weekday,False,Fog,False,0.0,False,False,0.756,Severe,14.5,54.1,433.0,0.23,0.532,0.937,Heavy congestion detected - signal timing extended and reroute suggested
EVT403255,2025-08-19 09:19:55,Trade Fair,J040,City Market,7521,Weekday,False,Fog,False,0.0,False,False,1.0,Severe,8.1,68.1,385.9,0.149,0.344,0.909,Heavy congestion detected - signal timing extended and reroute suggested
EVT403256,2025-02-28 07:30:07,Local Market Day,J040,City Market,4299,Weekday,False,Clear,False,0.0,False,False,0.634,High,21.2,43.3,217.7,0.131,0.303,0.953,Moderate traffic flow - standard adaptive signal timing in effect
EVT403257,2025-10-23 13:35:10,Concert,J011,Indiranagar 100ft Road,12744,Weekday,False,Clear,False,0.0,False,False,0.175,Low,24.5,12.4,287.2,0.16,0.37,0.99,Normal free-flow traffic - standard signal timing maintained
EVT403258,2025-02-20 19:51:04,Trade Fair,J040,City Market,5379,Weekday,False,Clear,False,0.0,False,False,0.772,Severe,16.8,51.1,464.4,0.289,0.667,0.935,Heavy congestion detected - signal timing extended and reroute suggested
EVT403259,2026-05-10 20:51:21,Concert,J031,Cubbon Road,10229,Weekend,False,Clear,False,0.0,False,False,0.557,High,18.6,36.8,331.2,0.207,0.478,0.99,Moderate traffic flow - standard adaptive signal timing in effect
EVT403260,2025-11-05 21:23:17,Trade Fair,J012,Koramangala Sony World,8777,Weekday,False,Clear,False,0.0,False,False,0.334,Low,23.9,21.0,188.5,0.128,0.296,0.949,Moderate traffic flow - standard adaptive signal timing in effect
EVT403261,2025-07-21 08:51:56,Concert,J020,Malleshwaram Circle,10014,Weekday,False,Clear,False,0.0,False,False,1.0,Severe,7.1,63.5,725.9,0.241,0.558,0.931,Heavy congestion detected - signal timing extended and reroute suggested
EVT403262,2025-10-23 07:07:59,Concert,J009,Majestic,17554,Weekday,False,Light Rain,True,4.8,False,False,0.65,High,19.2,40.4,179.9,0.112,0.258,0.923,Heavy rain reducing visibility and grip - reduced speed and longer buffer advised
EVT403263,2026-04-27 13:26:41,Sports Fixture,J023,Basavanagudi,23727,Weekday,False,Clear,False,0.0,False,False,0.289,Low,35.5,20.0,127.5,0.101,0.233,0.963,Moderate traffic flow - standard adaptive signal timing in effect
EVT403264,2025-10-08 05:36:12,Sports Fixture,J031,Cubbon Road,30665,Weekday,False,Rain,True,10.7,False,False,0.613,High,19.8,41.4,178.9,0.101,0.233,0.891,Heavy rain reducing visibility and grip - reduced speed and longer buffer advised
EVT403265,2025-08-11 17:18:39,Trade Fair,J011,Indiranagar 100ft Road,8104,Weekday,False,Clear,False,0.0,False,False,0.908,Severe,13.7,72.8,331.9,0.185,0.428,0.935,Heavy congestion detected - signal timing extended and reroute suggested
EVT403266,2025-12-23 09:06:49,Sports Fixture,J031,Cubbon Road,26296,Weekday,False,Clear,False,0.0,False,False,1.0,Severe,8.9,71.9,254.7,0.109,0.252,0.906,Heavy congestion detected - signal timing extended and reroute suggested
EVT403267,2025-08-16 09:45:08,Religious Festival,J012,Koramangala Sony World,55465,Weekend,True,Rain,True,16.7,False,True,1.0,Severe,8.6,91.7,644.4,0.222,0.513,0.781,Road closure for event/procession - full detour recommended for through-traffic
EVT403268,2025-07-07 09:00:47,Concert,J011,Indiranagar 100ft Road,10934,Weekday,False,Heavy Rain,True,44.1,False,False,1.0,Severe,6.8,71.9,481.7,0.138,0.318,0.871,Heavy rain reducing visibility and grip - reduced speed and longer buffer advised
EVT403269,2025-05-29 14:37:08,Local Market Day,J012,Koramangala Sony World,3136,Weekday,False,Rain,True,12.0,False,False,0.311,Low,34.3,20.5,169.9,0.169,0.39,0.92,Light rain detected - minor speed reduction advised
EVT403270,2025-07-17 16:08:41,Local Market Day,J031,Cubbon Road,5985,Weekday,False,Clear,False,0.0,False,False,0.471,Moderate,23.4,37.3,176.4,0.121,0.28,0.974,Moderate traffic flow - standard adaptive signal timing in effect
EVT403271,2025-11-14 18:35:15,Sports Fixture,J023,Basavanagudi,33760,Weekday,False,Clear,False,0.0,False,False,1.0,Severe,8.1,73.6,1088.6,0.333,0.77,0.892,Heavy congestion detected - signal timing extended and reroute suggested
EVT403272,2025-03-02 16:19:17,Concert,J030,MG Road,18092,Weekend,False,Clear,False,0.0,False,False,0.603,High,23.0,38.1,352.8,0.232,0.535,0.956,Moderate traffic flow - standard adaptive signal timing in effect
EVT403273,2026-03-12 10:09:14,Trade Fair,J031,Cubbon Road,9345,Weekday,False,Clear,False,0.0,False,False,0.825,Severe,13.4,55.0,360.5,0.198,0.458,0.966,Heavy congestion detected - signal timing extended and reroute suggested
EVT403274,2025-02-08 18:45:17,Sports Fixture,J030,MG Road,36675,Weekend,False,Clear,False,0.0,False,False,1.0,Severe,8.3,71.6,432.0,0.153,0.354,0.908,Heavy congestion detected - signal timing extended and reroute suggested
EVT403275,2025-02-15 20:54:16,Local Market Day,J040,City Market,5441,Weekend,False,Clear,False,0.0,False,False,0.511,Moderate,22.3,37.7,233.1,0.15,0.346,0.957,Moderate traffic flow - standard adaptive signal timing in effect
EVT403276,2025-12-05 17:18:30,Sports Fixture,J031,Cubbon Road,26769,Weekday,False,Clear,False,0.0,False,False,1.0,Severe,7.4,72.6,695.0,0.215,0.497,0.92,Heavy congestion detected - signal timing extended and reroute suggested
EVT403277,2025-08-04 22:02:35,Trade Fair,J031,Cubbon Road,5956,Weekday,False,Rain,True,7.6,False,False,0.365,Moderate,33.0,28.0,169.9,0.153,0.355,0.936,Light rain detected - minor speed reduction advised
EVT403278,2026-02-11 13:35:18,Local Market Day,J011,Indiranagar 100ft Road,4103,Weekday,False,Clear,False,0.0,False,False,0.2,Low,34.9,14.2,96.5,0.08,0.186,0.988,Normal free-flow traffic - standard signal timing maintained
EVT403279,2025-11-29 09:52:56,Concert,J011,Indiranagar 100ft Road,7229,Weekend,False,Clear,False,0.0,False,False,0.732,High,22.3,53.9,269.1,0.196,0.453,0.965,Moderate traffic flow - standard adaptive signal timing in effect
EVT403280,2025-06-08 08:38:16,Local Market Day,J030,MG Road,4129,Weekend,False,Rain,True,9.2,False,False,0.965,Severe,9.6,70.9,419.1,0.171,0.395,0.88,Heavy rain reducing visibility and grip - reduced speed and longer buffer advised
EVT403281,2026-05-30 18:54:31,Concert,J023,Basavanagudi,9963,Weekend,False,Clear,False,0.0,False,False,0.92,Severe,10.1,61.0,292.5,0.111,0.257,0.957,Heavy congestion detected - signal timing extended and reroute suggested
EVT403282,2025-12-01 17:41:26,Local Market Day,J030,MG Road,6345,Weekday,False,Clear,False,0.0,False,False,0.97,Severe,11.0,67.2,243.8,0.126,0.292,0.937,Heavy congestion detected - signal timing extended and reroute suggested
EVT403283,2025-06-18 14:59:10,Trade Fair,J020,Malleshwaram Circle,9583,Weekday,False,Heavy Rain,True,42.4,False,False,0.578,High,18.7,43.0,208.8,0.131,0.302,0.932,Heavy rain reducing visibility and grip - reduced speed and longer buffer advised
EVT403284,2025-07-01 19:54:19,Trade Fair,J012,Koramangala Sony World,4905,Weekday,False,Rain,True,11.7,False,False,0.874,Severe,12.9,58.0,297.7,0.117,0.269,0.872,Heavy rain reducing visibility and grip - reduced speed and longer buffer advised
EVT403285,2025-12-04 10:23:26,Local Market Day,J011,Indiranagar 100ft Road,5913,Weekday,False,Clear,False,0.0,False,False,0.775,Severe,19.1,48.1,332.6,0.204,0.471,0.961,Heavy congestion detected - signal timing extended and reroute suggested
EVT403286,2025-09-27 18:16:51,Sports Fixture,J011,Indiranagar 100ft Road,19347,Weekend,False,Heavy Rain,True,67.5,False,False,1.0,Severe,9.7,71.6,817.4,0.317,0.733,0.877,Heavy rain reducing visibility and grip - reduced speed and longer buffer advised
EVT403287,2025-03-10 07:46:38,Local Market Day,J040,City Market,3188,Weekday,False,Clear,False,0.0,False,False,0.63,High,23.4,42.2,161.0,0.118,0.274,0.974,Moderate traffic flow - standard adaptive signal timing in effect
EVT403288,2025-07-20 09:55:01,Local Market Day,J040,City Market,4309,Weekend,False,Clear,False,0.0,False,False,0.722,High,15.8,55.9,213.1,0.101,0.233,0.99,Moderate traffic flow - standard adaptive signal timing in effect
EVT403289,2026-03-19 21:53:37,Religious Festival,J012,Koramangala Sony World,47604,Weekday,True,Clear,False,0.0,False,True,0.919,Severe,10.9,90.2,536.8,0.236,0.546,0.844,Road closure for event/procession - full detour recommended for through-traffic
EVT403290,2025-04-16 06:34:56,Local Market Day,J009,Majestic,2274,Weekday,False,Clear,False,0.0,False,False,0.29,Low,31.6,21.9,140.7,0.113,0.26,0.932,Moderate traffic flow - standard adaptive signal timing in effect
EVT403291,2026-06-22 09:35:34,Local Market Day,J012,Koramangala Sony World,4646,Weekday,False,Clear,False,0.0,False,False,0.955,Severe,10.3,67.8,567.3,0.24,0.554,0.92,Heavy congestion detected - signal timing extended and reroute suggested
EVT403292,2026-01-04 18:01:24,Sports Fixture,J011,Indiranagar 100ft Road,24346,Weekend,False,Clear,False,0.0,False,False,0.971,Severe,9.3,66.9,548.3,0.199,0.46,0.936,Heavy congestion detected - signal timing extended and reroute suggested
EVT403293,2025-11-06 19:15:29,Concert,J012,Koramangala Sony World,11475,Weekday,False,Clear,False,0.0,False,False,1.0,Severe,6.5,70.8,479.1,0.134,0.309,0.906,Heavy congestion detected - signal timing extended and reroute suggested
EVT403294,2025-08-16 23:11:10,Religious Festival,J040,City Market,32746,Weekend,True,Heavy Rain,True,41.1,False,True,1.0,Severe,8.3,93.0,544.3,0.194,0.448,0.802,Road closure for event/procession - full detour recommended for through-traffic
EVT403295,2026-01-10 18:08:29,Trade Fair,J023,Basavanagudi,6270,Weekend,False,Clear,False,0.0,False,False,0.785,Severe,17.5,59.3,270.8,0.16,0.369,0.969,Heavy congestion detected - signal timing extended and reroute suggested
EVT403296,2025-06-27 21:47:51,Trade Fair,J012,Koramangala Sony World,12054,Weekday,False,Rain,True,11.4,False,False,0.428,Moderate,29.0,31.4,190.6,0.167,0.385,0.895,Light rain detected - minor speed reduction advised
EVT403297,2025-02-07 18:50:39,Concert,J040,City Market,6302,Weekday,False,Clear,False,0.0,False,False,1.0,Severe,9.3,72.6,620.0,0.232,0.536,0.942,Heavy congestion detected - signal timing extended and reroute suggested
EVT403298,2025-01-04 11:28:54,Local Market Day,J012,Koramangala Sony World,1792,Weekend,False,Clear,False,0.0,False,False,0.365,Moderate,27.1,24.6,244.1,0.221,0.51,0.94,Moderate traffic flow - standard adaptive signal timing in effect
EVT403299,2025-07-11 00:08:14,Sports Fixture,J009,Majestic,21563,Weekday,False,Clear,False,0.0,False,False,0.261,Low,27.0,18.2,180.4,0.12,0.278,0.969,Moderate traffic flow - standard adaptive signal timing in effect
EVT403300,2026-03-17 00:54:20,Local Market Day,J023,Basavanagudi,2620,Weekday,False,Clear,False,0.0,False,False,0.178,Low,31.3,14.6,151.4,0.119,0.275,0.97,Normal free-flow traffic - standard signal timing maintained
EVT403301,2025-06-06 14:53:04,Political Rally,J031,Cubbon Road,9815,Weekday,False,Clear,False,0.0,False,False,0.269,Low,33.1,21.2,174.3,0.131,0.304,0.98,Moderate traffic flow - standard adaptive signal timing in effect
EVT403302,2026-04-12 08:51:52,Local Market Day,J012,Koramangala Sony World,4319,Weekend,False,Clear,False,0.0,False,False,0.851,Severe,15.5,67.8,223.7,0.116,0.268,0.98,Heavy congestion detected - signal timing extended and reroute suggested
EVT403303,2025-10-04 14:25:31,Trade Fair,J012,Koramangala Sony World,8701,Weekend,False,Clear,False,0.0,False,False,0.255,Low,33.0,25.0,221.4,0.183,0.422,0.965,Moderate traffic flow - standard adaptive signal timing in effect
EVT403304,2025-07-05 10:12:14,Sports Fixture,J009,Majestic,18672,Weekend,False,Heavy Rain,True,68.2,False,False,1.0,Severe,8.5,69.7,455.7,0.163,0.377,0.854,Heavy rain reducing visibility and grip - reduced speed and longer buffer advised
EVT403305,2025-07-02 10:39:50,Local Market Day,J023,Basavanagudi,3567,Weekday,False,Light Rain,True,2.3,False,False,0.631,High,16.5,45.6,427.0,0.223,0.515,0.918,Heavy rain reducing visibility and grip - reduced speed and longer buffer advised
EVT403306,2026-01-28 21:13:09,Sports Fixture,J011,Indiranagar 100ft Road,18004,Weekday,False,Light Rain,True,6.8,False,False,0.62,High,14.5,42.4,316.7,0.159,0.368,0.917,Heavy rain reducing visibility and grip - reduced speed and longer buffer advised
EVT403307,2025-03-02 17:39:07,Sports Fixture,J023,Basavanagudi,35322,Weekend,False,Clear,False,0.0,False,False,1.0,Severe,8.1,70.7,955.5,0.289,0.668,0.924,Heavy congestion detected - signal timing extended and reroute suggested
EVT403308,2025-06-19 14:55:17,Concert,J009,Majestic,12018,Weekday,False,Clear,False,0.0,False,False,0.271,Low,30.2,19.0,121.5,0.087,0.202,0.953,Moderate traffic flow - standard adaptive signal timing in effect
EVT403309,2025-03-13 18:40:25,Concert,J031,Cubbon Road,19297,Weekday,False,Clear,False,0.0,False,False,1.0,Severe,10.6,66.6,263.4,0.112,0.258,0.892,Heavy congestion detected - signal timing extended and reroute suggested
EVT403310,2025-03-15 12:07:56,Religious Festival,J009,Majestic,31890,Weekend,True,Clear,False,0.0,False,False,0.607,High,20.5,39.9,118.8,0.07,0.162,0.905,Festival crowd surge detected - alternate route and extended cycle recommended
EVT403311,2026-04-19 19:53:51,Sports Fixture,J030,MG Road,65033,Weekend,False,Clear,False,0.0,False,False,0.957,Severe,9.8,75.1,482.7,0.186,0.429,0.923,Heavy congestion detected - signal timing extended and reroute suggested
EVT403312,2026-02-06 12:27:56,Trade Fair,J009,Majestic,5095,Weekday,False,Clear,False,0.0,False,False,0.177,Low,43.6,15.8,82.2,0.094,0.217,0.961,Normal free-flow traffic - standard signal timing maintained
EVT403313,2025-06-05 09:13:08,Concert,J012,Koramangala Sony World,15771,Weekday,False,Clear,False,0.0,False,False,1.0,Severe,9.4,71.1,376.3,0.137,0.317,0.92,Heavy congestion detected - signal timing extended and reroute suggested
EVT403314,2025-08-18 16:13:27,Local Market Day,J030,MG Road,4499,Weekday,False,Clear,False,0.0,False,False,0.529,Moderate,28.8,37.0,127.5,0.11,0.253,0.959,Moderate traffic flow - standard adaptive signal timing in effect
EVT403315,2025-04-15 10:46:28,Cultural Procession,J012,Koramangala Sony World,15731,Weekday,True,Clear,False,0.0,False,True,0.889,High,12.0,94.4,531.2,0.241,0.558,0.843,Road closure for event/procession - full detour recommended for through-traffic
EVT403316,2025-01-08 09:26:32,Trade Fair,J031,Cubbon Road,4423,Weekday,False,Clear,False,0.0,False,False,1.0,Severe,7.9,72.8,607.1,0.195,0.451,0.917,Heavy congestion detected - signal timing extended and reroute suggested
EVT403317,2025-04-03 09:24:15,Concert,J012,Koramangala Sony World,8399,Weekday,False,Clear,False,0.0,False,False,1.0,Severe,9.3,71.3,548.5,0.212,0.49,0.93,Heavy congestion detected - signal timing extended and reroute suggested
EVT403318,2026-03-01 10:45:41,Local Market Day,J009,Majestic,2720,Weekend,False,Clear,False,0.0,False,False,0.468,Moderate,19.7,31.5,175.0,0.105,0.242,0.95,Moderate traffic flow - standard adaptive signal timing in effect
EVT403319,2025-01-06 14:46:52,Concert,J012,Koramangala Sony World,16883,Weekday,False,Clear,False,0.0,False,False,0.333,Low,30.4,22.0,178.1,0.141,0.327,0.966,Moderate traffic flow - standard adaptive signal timing in effect
EVT403320,2025-01-07 19:21:05,Local Market Day,J012,Koramangala Sony World,3320,Weekday,False,Clear,False,0.0,False,False,0.951,Severe,11.1,69.5,600.0,0.258,0.597,0.923,Heavy congestion detected - signal timing extended and reroute suggested
EVT403321,2026-05-27 07:56:38,Trade Fair,J040,City Market,15543,Weekday,False,Clear,False,0.0,False,False,0.842,Severe,11.8,58.0,215.8,0.098,0.225,0.948,Heavy congestion detected - signal timing extended and reroute suggested
EVT403322,2026-03-24 05:23:10,Political Rally,J023,Basavanagudi,11432,Weekday,False,Clear,False,0.0,False,False,0.206,Low,32.3,13.1,128.1,0.107,0.247,0.945,Normal free-flow traffic - standard signal timing maintained
EVT403323,2026-04-07 13:16:14,Sports Fixture,J031,Cubbon Road,21585,Weekday,False,Clear,False,0.0,False,False,0.338,Low,30.8,21.5,64.9,0.079,0.182,0.978,Moderate traffic flow - standard adaptive signal timing in effect
EVT403324,2025-06-08 19:59:34,Local Market Day,J011,Indiranagar 100ft Road,4557,Weekend,False,Clear,False,0.0,False,False,0.633,High,25.9,46.9,166.6,0.137,0.317,0.971,Moderate traffic flow - standard adaptive signal timing in effect
EVT403325,2025-03-04 09:35:43,Sports Fixture,J011,Indiranagar 100ft Road,24682,Weekday,False,Clear,False,0.0,False,False,1.0,Severe,9.8,73.1,651.2,0.261,0.603,0.901,Heavy congestion detected - signal timing extended and reroute suggested
EVT403326,2025-08-09 17:24:03,Local Market Day,J009,Majestic,5852,Weekend,False,Rain,True,18.8,False,False,0.986,Severe,8.7,72.0,281.9,0.132,0.306,0.865,Heavy rain reducing visibility and grip - reduced speed and longer buffer advised
EVT403327,2025-07-13 09:39:31,Local Market Day,J020,Malleshwaram Circle,2493,Weekend,False,Clear,False,0.0,False,False,0.898,Severe,10.3,64.5,172.8,0.078,0.18,0.947,Heavy congestion detected - signal timing extended and reroute suggested
EVT403328,2025-11-14 12:12:27,Sports Fixture,J031,Cubbon Road,19702,Weekday,False,Clear,False,0.0,False,False,0.307,Low,30.9,26.4,168.3,0.151,0.348,0.99,Moderate traffic flow - standard adaptive signal timing in effect
EVT403329,2025-08-12 14:37:52,Sports Fixture,J040,City Market,47224,Weekday,False,Clear,False,0.0,False,False,0.496,Moderate,23.5,35.3,224.4,0.154,0.356,0.939,Moderate traffic flow - standard adaptive signal timing in effect
EVT403330,2025-05-22 17:51:52,Local Market Day,J012,Koramangala Sony World,3614,Weekday,False,Clear,False,0.0,False,False,0.959,Severe,8.9,70.8,456.7,0.168,0.388,0.891,Heavy congestion detected - signal timing extended and reroute suggested
EVT403331,2026-01-02 14:41:04,Religious Festival,J031,Cubbon Road,56646,Weekday,True,Clear,False,0.0,False,True,0.938,Severe,11.0,97.7,470.8,0.191,0.442,0.845,Road closure for event/procession - full detour recommended for through-traffic
EVT403332,2025-01-03 16:08:23,Sports Fixture,J009,Majestic,18922,Weekday,False,Clear,False,0.0,True,False,0.977,Severe,10.8,71.3,482.4,0.204,0.472,0.786,Accident detected nearby - reroute and reduced speed advised
EVT403333,2026-02-06 17:43:53,Local Market Day,J009,Majestic,3114,Weekday,False,Clear,False,0.0,False,False,0.866,Severe,14.1,59.1,515.1,0.222,0.514,0.925,Heavy congestion detected - signal timing extended and reroute suggested
EVT403334,2025-07-23 12:28:56,Concert,J031,Cubbon Road,11319,Weekday,False,Clear,False,0.0,False,False,0.277,Low,30.1,20.1,138.8,0.11,0.254,0.944,Moderate traffic flow - standard adaptive signal timing in effect
EVT403335,2025-07-14 17:45:23,Concert,J020,Malleshwaram Circle,6512,Weekday,False,Light Rain,True,2.6,False,False,0.973,Severe,9.0,67.5,741.1,0.247,0.571,0.885,Heavy rain reducing visibility and grip - reduced speed and longer buffer advised
EVT403336,2026-01-20 09:11:28,Trade Fair,J030,MG Road,6743,Weekday,False,Clear,False,0.0,False,False,1.0,Severe,8.6,77.7,382.4,0.155,0.358,0.915,Heavy congestion detected - signal timing extended and reroute suggested
EVT403337,2025-07-17 13:17:41,Local Market Day,J009,Majestic,4426,Weekday,False,Clear,False,0.0,False,False,0.158,Low,36.6,6.9,82.3,0.076,0.177,0.95,Normal free-flow traffic - standard signal timing maintained
EVT403338,2025-02-17 09:44:42,Local Market Day,J011,Indiranagar 100ft Road,5736,Weekday,False,Clear,False,0.0,False,False,0.869,Severe,14.7,66.2,357.8,0.201,0.464,0.946,Heavy congestion detected - signal timing extended and reroute suggested
EVT403339,2026-04-19 21:31:40,Sports Fixture,J009,Majestic,23015,Weekend,False,Clear,False,0.0,False,False,0.469,Moderate,28.2,33.0,186.3,0.149,0.344,0.965,Moderate traffic flow - standard adaptive signal timing in effect
EVT403340,2025-12-20 08:32:14,Sports Fixture,J020,Malleshwaram Circle,21309,Weekend,False,Clear,False,0.0,False,False,0.927,Severe,9.0,65.9,503.3,0.191,0.442,0.923,Heavy congestion detected - signal timing extended and reroute suggested
EVT403341,2025-08-19 14:11:09,Local Market Day,J011,Indiranagar 100ft Road,2116,Weekday,False,Heavy Rain,True,25.2,False,False,0.478,Moderate,25.7,34.5,125.0,0.089,0.205,0.943,Light rain detected - minor speed reduction advised
EVT403342,2025-03-01 09:19:14,Sports Fixture,J012,Koramangala Sony World,47787,Weekend,False,Clear,False,0.0,False,False,1.0,Severe,7.6,70.1,304.1,0.101,0.232,0.901,Heavy congestion detected - signal timing extended and reroute suggested
EVT403343,2026-01-16 11:27:31,Trade Fair,J012,Koramangala Sony World,4097,Weekday,False,Clear,False,0.0,False,False,0.318,Low,21.4,24.6,202.9,0.136,0.313,0.968,Moderate traffic flow - standard adaptive signal timing in effect
EVT403344,2026-03-05 08:35:56,Religious Festival,J012,Koramangala Sony World,65917,Weekday,True,Clear,False,0.0,False,False,1.0,Severe,8.6,66.4,461.3,0.147,0.34,0.858,Festival crowd surge detected - alternate route and extended cycle recommended
EVT403345,2026-01-18 08:49:37,Concert,J011,Indiranagar 100ft Road,17361,Weekend,False,Clear,False,0.0,False,False,0.979,Severe,10.4,68.7,390.5,0.172,0.397,0.951,Heavy congestion detected - signal timing extended and reroute suggested
EVT403346,2026-01-07 18:56:11,Sports Fixture,J009,Majestic,14127,Weekday,False,Clear,False,0.0,False,False,1.0,Severe,8.5,69.8,588.7,0.198,0.456,0.912,Heavy congestion detected - signal timing extended and reroute suggested
EVT403347,2025-08-11 06:08:40,Local Market Day,J011,Indiranagar 100ft Road,2242,Weekday,False,Heavy Rain,True,26.1,False,False,0.444,Moderate,37.2,38.1,146.4,0.156,0.359,0.913,Light rain detected - minor speed reduction advised
EVT403348,2025-12-03 13:34:13,Local Market Day,J040,City Market,2499,Weekday,False,Clear,False,0.0,False,False,0.113,Low,35.6,8.9,129.2,0.117,0.271,0.956,Normal free-flow traffic - standard signal timing maintained
EVT403349,2025-08-08 12:33:38,Local Market Day,J031,Cubbon Road,3503,Weekday,False,Clear,False,0.0,True,False,0.637,High,17.8,53.1,244.2,0.147,0.34,0.788,Accident detected nearby - reroute and reduced speed advised
EVT403350,2025-01-31 17:58:10,Sports Fixture,J040,City Market,20671,Weekday,False,Clear,False,0.0,False,False,1.0,Severe,10.5,72.9,291.2,0.142,0.328,0.928,Heavy congestion detected - signal timing extended and reroute suggested
EVT403351,2026-05-08 11:48:18,Sports Fixture,J020,Malleshwaram Circle,11702,Weekday,False,Clear,False,0.0,False,False,0.341,Low,28.0,24.6,248.5,0.192,0.444,0.963,Moderate traffic flow - standard adaptive signal timing in effect
EVT403352,2026-02-13 07:33:48,Local Market Day,J023,Basavanagudi,6048,Weekday,False,Clear,False,0.0,False,False,0.62,High,18.9,44.8,124.6,0.062,0.143,0.944,Moderate traffic flow - standard adaptive signal timing in effect
EVT403353,2025-11-08 17:17:08,Sports Fixture,J030,MG Road,14630,Weekend,False,Clear,False,0.0,False,False,0.73,High,21.8,56.5,154.5,0.094,0.216,0.96,Moderate traffic flow - standard adaptive signal timing in effect
EVT403354,2025-08-31 13:13:57,Sports Fixture,J040,City Market,28021,Weekend,False,Fog,False,0.0,False,False,0.409,Moderate,26.0,29.9,213.6,0.176,0.407,0.955,Moderate traffic flow - standard adaptive signal timing in effect
EVT403355,2025-03-04 22:18:46,Sports Fixture,J023,Basavanagudi,17887,Weekday,False,Clear,False,0.0,False,False,0.303,Low,34.0,19.2,240.1,0.229,0.53,0.965,Moderate traffic flow - standard adaptive signal timing in effect
EVT403356,2026-04-21 11:24:26,Local Market Day,J023,Basavanagudi,3765,Weekday,False,Clear,False,0.0,False,False,0.343,Low,27.8,19.9,186.4,0.136,0.313,0.962,Moderate traffic flow - standard adaptive signal timing in effect
EVT403357,2025-04-09 18:45:46,Sports Fixture,J023,Basavanagudi,35269,Weekday,False,Clear,False,0.0,False,False,1.0,Severe,7.0,71.1,545.5,0.155,0.358,0.924,Heavy congestion detected - signal timing extended and reroute suggested
EVT403358,2026-02-03 20:40:14,Local Market Day,J020,Malleshwaram Circle,9608,Weekday,False,Clear,False,0.0,False,False,0.531,Moderate,25.4,33.2,193.2,0.13,0.301,0.948,Moderate traffic flow - standard adaptive signal timing in effect
EVT403359,2026-05-23 10:49:12,Trade Fair,J030,MG Road,7733,Weekend,False,Clear,False,0.0,False,False,0.465,Moderate,35.8,33.6,188.0,0.194,0.448,0.947,Moderate traffic flow - standard adaptive signal timing in effect
EVT403360,2025-04-10 07:11:17,Trade Fair,J030,MG Road,11430,Weekday,False,Clear,False,0.0,False,False,0.549,Moderate,17.6,38.1,298.3,0.158,0.365,0.962,Moderate traffic flow - standard adaptive signal timing in effect
EVT403361,2025-07-26 10:23:57,Local Market Day,J030,MG Road,2351,Weekend,False,Clear,False,0.0,False,False,0.641,High,25.9,44.2,214.9,0.185,0.427,0.961,Moderate traffic flow - standard adaptive signal timing in effect
EVT403362,2025-03-22 07:41:41,Local Market Day,J023,Basavanagudi,3374,Weekend,False,Light Rain,True,2.6,False,False,0.647,High,23.2,46.2,90.7,0.048,0.112,0.938,Heavy rain reducing visibility and grip - reduced speed and longer buffer advised
EVT403363,2026-04-23 16:17:32,Political Rally,J009,Majestic,23625,Weekday,False,Clear,False,0.0,False,False,0.561,High,26.3,39.0,145.2,0.118,0.274,0.98,Moderate traffic flow - standard adaptive signal timing in effect
EVT403364,2025-11-28 20:05:38,Local Market Day,J012,Koramangala Sony World,4675,Weekday,False,Clear,False,0.0,False,False,0.604,High,24.2,44.0,162.1,0.104,0.241,0.95,Moderate traffic flow - standard adaptive signal timing in effect
EVT403365,2025-09-13 18:11:43,Sports Fixture,J020,Malleshwaram Circle,11289,Weekend,False,Clear,False,0.0,False,False,0.875,Severe,16.8,62.0,237.5,0.149,0.345,0.932,Heavy congestion detected - signal timing extended and reroute suggested
EVT403366,2025-06-17 11:50:47,Concert,J012,Koramangala Sony World,10653,Weekday,False,Clear,False,0.0,False,False,0.348,Low,23.1,26.0,173.6,0.095,0.22,0.974,Moderate traffic flow - standard adaptive signal timing in effect
EVT403367,2025-04-27 12:16:36,Trade Fair,J009,Majestic,10578,Weekend,False,Clear,False,0.0,False,False,0.38,Moderate,27.4,28.3,221.9,0.174,0.401,0.958,Moderate traffic flow - standard adaptive signal timing in effect
EVT403368,2025-12-03 15:21:34,Local Market Day,J030,MG Road,2101,Weekday,False,Clear,False,0.0,False,False,0.247,Low,31.9,7.9,134.4,0.125,0.288,0.964,Normal free-flow traffic - standard signal timing maintained
EVT403369,2025-09-21 07:47:15,Trade Fair,J012,Koramangala Sony World,14867,Weekend,False,Light Rain,True,4.7,False,False,0.79,Severe,15.9,52.4,439.0,0.241,0.557,0.905,Heavy rain reducing visibility and grip - reduced speed and longer buffer advised
EVT403370,2025-07-18 17:03:48,Local Market Day,J031,Cubbon Road,5352,Weekday,False,Clear,False,0.0,False,False,0.696,High,15.7,50.0,420.8,0.218,0.503,0.949,Moderate traffic flow - standard adaptive signal timing in effect
EVT403371,2026-06-27 10:21:24,Trade Fair,J011,Indiranagar 100ft Road,10650,Weekend,False,Clear,False,0.0,False,False,0.624,High,18.8,46.6,216.9,0.121,0.28,0.958,Moderate traffic flow - standard adaptive signal timing in effect
EVT403372,2026-02-13 13:11:54,Local Market Day,J009,Majestic,3917,Weekday,False,Clear,False,0.0,True,False,0.517,Moderate,28.9,34.8,142.0,0.115,0.265,0.796,Accident detected nearby - reroute and reduced speed advised
EVT403373,2026-06-15 18:43:01,Local Market Day,J012,Koramangala Sony World,3358,Weekday,False,Rain,True,17.3,False,False,1.0,Severe,9.7,74.6,410.2,0.149,0.344,0.858,Heavy rain reducing visibility and grip - reduced speed and longer buffer advised
EVT403374,2026-04-01 19:21:16,Local Market Day,J012,Koramangala Sony World,4059,Weekday,False,Clear,False,0.0,False,False,0.931,Severe,10.8,69.6,377.7,0.168,0.387,0.927,Heavy congestion detected - signal timing extended and reroute suggested
EVT403375,2025-01-27 08:37:27,Religious Festival,J011,Indiranagar 100ft Road,22077,Weekday,True,Clear,False,0.0,False,False,1.0,Severe,6.5,74.6,449.4,0.146,0.336,0.847,Festival crowd surge detected - alternate route and extended cycle recommended
EVT403376,2026-05-28 18:17:48,Sports Fixture,J011,Indiranagar 100ft Road,15476,Weekday,False,Clear,False,0.0,False,False,1.0,Severe,8.2,77.3,569.0,0.193,0.445,0.916,Heavy congestion detected - signal timing extended and reroute suggested
EVT403377,2025-07-26 22:40:06,Local Market Day,J009,Majestic,2041,Weekend,False,Clear,False,0.0,False,False,0.255,Low,34.3,23.8,55.8,0.055,0.126,0.966,Moderate traffic flow - standard adaptive signal timing in effect
EVT403378,2025-10-11 16:00:42,Sports Fixture,J020,Malleshwaram Circle,12205,Weekend,False,Light Rain,True,4.5,False,False,0.576,High,22.2,34.8,176.2,0.126,0.29,0.917,Heavy rain reducing visibility and grip - reduced speed and longer buffer advised
EVT403379,2026-04-02 10:43:18,Trade Fair,J023,Basavanagudi,6822,Weekday,False,Clear,False,0.0,False,False,0.648,High,21.0,44.0,236.4,0.165,0.38,0.968,Moderate traffic flow - standard adaptive signal timing in effect
EVT403380,2025-07-10 20:44:10,Trade Fair,J030,MG Road,5750,Weekday,False,Clear,False,0.0,False,False,0.527,Moderate,29.4,36.9,186.3,0.147,0.339,0.96,Moderate traffic flow - standard adaptive signal timing in effect
EVT403381,2025-09-17 08:51:53,Local Market Day,J040,City Market,3648,Weekday,False,Heavy Rain,True,33.3,False,False,1.0,Severe,9.9,70.0,399.6,0.167,0.385,0.882,Heavy rain reducing visibility and grip - reduced speed and longer buffer advised
EVT403382,2026-05-26 17:47:23,Sports Fixture,J031,Cubbon Road,16117,Weekday,False,Fog,False,0.0,False,False,0.971,Severe,8.2,70.0,773.8,0.261,0.603,0.909,Heavy congestion detected - signal timing extended and reroute suggested
EVT403383,2025-11-17 18:44:48,Local Market Day,J009,Majestic,9809,Weekday,False,Clear,False,0.0,False,False,1.0,Severe,9.7,74.3,189.2,0.079,0.182,0.907,Heavy congestion detected - signal timing extended and reroute suggested
EVT403384,2025-09-08 08:39:31,Concert,J040,City Market,11509,Weekday,False,Rain,True,18.5,False,False,1.0,Severe,8.7,71.3,573.0,0.201,0.465,0.871,Heavy rain reducing visibility and grip - reduced speed and longer buffer advised
EVT403385,2025-07-27 20:34:02,Local Market Day,J011,Indiranagar 100ft Road,3896,Weekend,False,Clear,False,0.0,False,False,0.5,Moderate,24.6,34.6,244.1,0.18,0.416,0.99,Moderate traffic flow - standard adaptive signal timing in effect
EVT403386,2025-06-25 23:27:22,Local Market Day,J030,MG Road,4893,Weekday,False,Clear,False,0.0,False,False,0.208,Low,30.6,8.7,172.6,0.139,0.321,0.957,Normal free-flow traffic - standard signal timing maintained
EVT403387,2026-05-05 20:52:28,Sports Fixture,J023,Basavanagudi,24876,Weekday,False,Rain,True,17.8,False,False,0.757,Severe,18.6,46.8,217.1,0.111,0.257,0.919,Heavy rain reducing visibility and grip - reduced speed and longer buffer advised
EVT403388,2025-01-11 11:55:31,Local Market Day,J031,Cubbon Road,3901,Weekend,False,Clear,False,0.0,False,False,0.31,Low,27.8,29.7,160.7,0.121,0.28,0.945,Moderate traffic flow - standard adaptive signal timing in effect
EVT403389,2025-04-02 08:01:37,Trade Fair,J030,MG Road,9420,Weekday,False,Clear,False,0.0,False,False,0.829,Severe,14.2,65.8,477.7,0.242,0.559,0.957,Heavy congestion detected - signal timing extended and reroute suggested
EVT403390,2026-06-04 16:33:41,Local Market Day,J009,Majestic,4306,Weekday,False,Rain,True,20.0,False,False,0.813,Severe,13.4,55.7,256.7,0.143,0.33,0.889,Heavy rain reducing visibility and grip - reduced speed and longer buffer advised
EVT403391,2025-12-14 18:01:45,Local Market Day,J040,City Market,3153,Weekend,False,Clear,False,0.0,False,False,0.826,Severe,15.1,59.0,422.8,0.233,0.538,0.957,Heavy congestion detected - signal timing extended and reroute suggested
EVT403392,2025-10-24 12:04:54,Trade Fair,J011,Indiranagar 100ft Road,8259,Weekday,False,Clear,False,0.0,False,False,0.197,Low,31.5,18.6,175.3,0.177,0.408,0.973,Normal free-flow traffic - standard signal timing maintained
EVT403393,2026-04-02 12:10:03,Trade Fair,J009,Majestic,5920,Weekday,False,Clear,False,0.0,False,False,0.179,Low,31.3,9.8,137.6,0.124,0.287,0.974,Normal free-flow traffic - standard signal timing maintained
EVT403394,2026-03-13 17:17:31,Concert,J031,Cubbon Road,9618,Weekday,False,Clear,False,0.0,False,False,0.93,Severe,12.1,66.2,285.0,0.136,0.313,0.908,Heavy congestion detected - signal timing extended and reroute suggested
EVT403395,2026-01-15 18:54:21,Fireworks Display,J012,Koramangala Sony World,26115,Weekday,True,Clear,False,0.0,False,False,1.0,Severe,7.3,75.1,951.6,0.289,0.668,0.877,Festival crowd surge detected - alternate route and extended cycle recommended
EVT403396,2025-03-01 13:17:57,Concert,J020,Malleshwaram Circle,30689,Weekend,False,Clear,False,0.0,True,False,0.859,Severe,15.0,61.2,472.8,0.252,0.582,0.779,Accident detected nearby - reroute and reduced speed advised
EVT403397,2026-04-06 12:49:31,Sports Fixture,J020,Malleshwaram Circle,18304,Weekday,False,Rain,True,11.5,False,False,0.415,Moderate,27.5,32.8,170.1,0.128,0.296,0.904,Light rain detected - minor speed reduction advised
EVT403398,2026-02-12 06:18:23,Sports Fixture,J023,Basavanagudi,22731,Weekday,False,Clear,False,0.0,False,False,0.363,Moderate,36.6,27.7,116.7,0.114,0.264,0.971,Moderate traffic flow - standard adaptive signal timing in effect
EVT403399,2026-02-18 12:42:15,Trade Fair,J009,Majestic,13606,Weekday,False,Light Rain,True,3.1,False,False,0.341,Low,28.6,25.2,111.1,0.091,0.211,0.895,Light rain detected - minor speed reduction advised
EVT403400,2026-04-08 17:00:03,Trade Fair,J031,Cubbon Road,7707,Weekday,False,Clear,False,0.0,False,False,0.821,Severe,14.4,55.0,397.5,0.231,0.533,0.958,Heavy congestion detected - signal timing extended and reroute suggested
EVT403401,2025-09-11 19:41:44,Concert,J020,Malleshwaram Circle,24556,Weekday,False,Rain,True,17.6,False,False,1.0,Severe,6.4,71.8,957.2,0.249,0.574,0.89,Heavy rain reducing visibility and grip - reduced speed and longer buffer advised
EVT403402,2026-05-06 10:13:36,Sports Fixture,J020,Malleshwaram Circle,33424,Weekday,False,Clear,False,0.0,False,False,0.968,Severe,8.1,74.3,679.7,0.244,0.563,0.934,Heavy congestion detected - signal timing extended and reroute suggested
EVT403403,2025-04-30 12:43:58,Sports Fixture,J009,Majestic,40031,Weekday,False,Clear,False,0.0,False,False,0.363,Moderate,23.5,22.7,266.5,0.186,0.431,0.99,Moderate traffic flow - standard adaptive signal timing in effect
EVT403404,2025-12-24 20:00:29,Local Market Day,J020,Malleshwaram Circle,4666,Weekday,False,Clear,False,0.0,False,False,0.729,High,15.2,52.0,297.6,0.163,0.377,0.95,Moderate traffic flow - standard adaptive signal timing in effect
EVT403405,2025-06-15 08:51:47,Sports Fixture,J020,Malleshwaram Circle,24074,Weekend,False,Heavy Rain,True,30.2,False,False,1.0,Severe,8.0,67.4,625.7,0.216,0.499,0.875,Heavy rain reducing visibility and grip - reduced speed and longer buffer advised
EVT403406,2025-12-06 17:19:14,Concert,J009,Majestic,12202,Weekend,False,Clear,False,0.0,False,False,0.848,Severe,12.0,59.0,354.0,0.153,0.354,0.978,Heavy congestion detected - signal timing extended and reroute suggested
EVT403407,2026-06-19 18:00:38,Political Rally,J040,City Market,15433,Weekday,False,Heavy Rain,True,33.1,False,False,1.0,Severe,8.8,68.2,699.1,0.252,0.582,0.836,Heavy rain reducing visibility and grip - reduced speed and longer buffer advised
EVT403408,2025-03-01 08:19:18,Trade Fair,J009,Majestic,10859,Weekend,False,Clear,False,0.0,False,False,0.871,Severe,13.6,61.0,366.0,0.175,0.404,0.927,Heavy congestion detected - signal timing extended and reroute suggested
EVT403409,2025-03-22 16:30:59,Local Market Day,J009,Majestic,4541,Weekend,False,Clear,False,0.0,False,False,0.536,Moderate,28.1,36.1,227.4,0.189,0.436,0.969,Moderate traffic flow - standard adaptive signal timing in effect
EVT403410,2025-06-24 17:21:56,Local Market Day,J040,City Market,5022,Weekday,False,Clear,False,0.0,False,False,0.877,Severe,14.0,64.4,429.3,0.228,0.526,0.934,Heavy congestion detected - signal timing extended and reroute suggested
EVT403411,2025-05-17 20:01:59,Trade Fair,J011,Indiranagar 100ft Road,9438,Weekend,False,Clear,False,0.0,False,False,0.688,High,16.9,50.4,308.0,0.17,0.394,0.978,Moderate traffic flow - standard adaptive signal timing in effect
EVT403412,2026-01-05 18:56:14,Concert,J009,Majestic,6568,Weekday,False,Clear,False,0.0,False,False,1.0,Severe,6.3,68.0,647.1,0.184,0.426,0.91,Heavy congestion detected - signal timing extended and reroute suggested
EVT403413,2026-01-26 18:13:39,Religious Festival,J031,Cubbon Road,60578,Weekday,True,Clear,False,0.0,False,True,1.0,Severe,8.8,106.8,424.0,0.17,0.392,0.838,Road closure for event/procession - full detour recommended for through-traffic
EVT403414,2025-01-30 19:45:00,Concert,J009,Majestic,11597,Weekday,False,Clear,False,0.0,False,False,0.829,Severe,16.1,52.1,202.4,0.107,0.246,0.937,Heavy congestion detected - signal timing extended and reroute suggested
EVT403415,2025-04-10 11:22:54,Local Market Day,J012,Koramangala Sony World,3188,Weekday,False,Clear,False,0.0,False,False,0.318,Low,27.6,19.0,120.4,0.094,0.216,0.955,Moderate traffic flow - standard adaptive signal timing in effect
EVT403416,2025-03-27 07:10:47,Political Rally,J031,Cubbon Road,21434,Weekday,False,Clear,False,0.0,False,False,0.456,Moderate,20.1,30.4,230.4,0.14,0.323,0.976,Moderate traffic flow - standard adaptive signal timing in effect
EVT403417,2025-10-16 11:51:25,Local Market Day,J031,Cubbon Road,3895,Weekday,False,Heavy Rain,True,33.7,False,False,0.548,Moderate,20.1,38.2,223.1,0.128,0.295,0.899,Light rain detected - minor speed reduction advised
EVT403418,2026-05-01 09:51:25,Religious Festival,J040,City Market,51864,Weekday,True,Rain,True,19.1,False,True,1.0,Severe,7.7,100.0,399.6,0.146,0.337,0.812,Road closure for event/procession - full detour recommended for through-traffic
EVT403419,2026-06-11 15:18:03,Sports Fixture,J020,Malleshwaram Circle,30136,Weekday,False,Rain,True,12.8,False,False,0.525,Moderate,27.8,35.4,162.4,0.13,0.301,0.902,Light rain detected - minor speed reduction advised
EVT403420,2025-11-22 04:08:10,Political Rally,J012,Koramangala Sony World,12963,Weekend,False,Clear,False,0.0,False,False,0.27,Low,27.1,20.1,166.6,0.105,0.243,0.98,Moderate traffic flow - standard adaptive signal timing in effect
EVT403421,2026-02-05 12:30:06,Trade Fair,J040,City Market,8922,Weekday,False,Clear,False,0.0,False,False,0.239,Low,28.0,21.5,168.2,0.136,0.314,0.961,Normal free-flow traffic - standard signal timing maintained
EVT403422,2026-05-07 09:01:14,Sports Fixture,J040,City Market,26025,Weekday,False,Clear,False,0.0,False,False,1.0,Severe,8.9,70.7,509.7,0.183,0.422,0.925,Heavy congestion detected - signal timing extended and reroute suggested
EVT403423,2026-06-12 21:53:35,Local Market Day,J031,Cubbon Road,3556,Weekday,False,Clear,False,0.0,False,False,0.217,Low,31.4,21.6,124.8,0.116,0.267,0.982,Normal free-flow traffic - standard signal timing maintained
EVT403424,2025-12-23 11:49:05,Local Market Day,J020,Malleshwaram Circle,6574,Weekday,False,Clear,False,0.0,False,False,0.377,Moderate,27.0,21.1,183.3,0.146,0.337,0.953,Moderate traffic flow - standard adaptive signal timing in effect
EVT403425,2025-04-10 14:26:28,Sports Fixture,J031,Cubbon Road,30396,Weekday,False,Rain,True,15.0,False,False,0.52,Moderate,28.0,36.9,130.6,0.082,0.19,0.929,Light rain detected - minor speed reduction advised
EVT403426,2026-06-08 20:12:26,Trade Fair,J009,Majestic,4198,Weekday,False,Clear,False,0.0,False,False,0.597,High,15.7,44.2,204.3,0.097,0.223,0.943,Moderate traffic flow - standard adaptive signal timing in effect
EVT403427,2026-01-19 08:00:05,Local Market Day,J009,Majestic,4054,Weekday,False,Clear,False,0.0,False,False,0.866,Severe,11.9,57.5,320.4,0.162,0.375,0.936,Heavy congestion detected - signal timing extended and reroute suggested
EVT403428,2025-03-11 19:25:05,Political Rally,J020,Malleshwaram Circle,13055,Weekday,False,Clear,False,0.0,False,False,0.968,Severe,10.2,67.2,281.8,0.11,0.255,0.951,Heavy congestion detected - signal timing extended and reroute suggested
EVT403429,2026-03-15 16:55:46,Trade Fair,J009,Majestic,16269,Weekend,False,Clear,False,0.0,False,False,0.742,High,17.8,49.2,173.2,0.115,0.265,0.973,Moderate traffic flow - standard adaptive signal timing in effect
EVT403430,2026-06-25 08:06:25,Political Rally,J020,Malleshwaram Circle,11555,Weekday,False,Clear,False,0.0,False,False,0.932,Severe,11.6,64.1,278.1,0.138,0.32,0.926,Heavy congestion detected - signal timing extended and reroute suggested
EVT403431,2025-08-10 07:43:28,Sports Fixture,J020,Malleshwaram Circle,19770,Weekend,False,Heavy Rain,True,25.5,False,False,1.0,Severe,9.9,68.9,277.9,0.14,0.324,0.853,Heavy rain reducing visibility and grip - reduced speed and longer buffer advised
EVT403432,2025-04-26 09:09:27,Local Market Day,J031,Cubbon Road,3450,Weekend,False,Rain,True,19.7,False,False,1.0,Severe,9.5,73.3,386.2,0.147,0.339,0.873,Heavy rain reducing visibility and grip - reduced speed and longer buffer advised
EVT403433,2026-03-17 22:13:28,Local Market Day,J012,Koramangala Sony World,4713,Weekday,False,Clear,False,0.0,False,False,0.233,Low,30.0,14.0,82.3,0.06,0.138,0.952,Normal free-flow traffic - standard signal timing maintained
EVT403434,2025-11-20 10:19:06,Concert,J031,Cubbon Road,10559,Weekday,False,Clear,False,0.0,False,False,0.757,Severe,16.3,56.5,387.3,0.196,0.453,0.955,Heavy congestion detected - signal timing extended and reroute suggested
EVT403435,2025-06-26 20:32:52,Local Market Day,J023,Basavanagudi,3633,Weekday,False,Clear,False,0.0,False,False,0.499,Moderate,18.7,36.6,125.2,0.084,0.195,0.951,Moderate traffic flow - standard adaptive signal timing in effect
EVT403436,2026-06-18 12:59:25,Concert,J030,MG Road,16745,Weekday,False,Clear,False,0.0,False,False,0.278,Low,37.5,17.6,137.0,0.133,0.307,0.971,Moderate traffic flow - standard adaptive signal timing in effect
EVT403437,2026-03-06 19:27:17,Sports Fixture,J040,City Market,36188,Weekday,False,Fog,False,0.0,False,False,1.0,Severe,6.9,74.4,686.5,0.195,0.45,0.916,Heavy congestion detected - signal timing extended and reroute suggested
EVT403438,2025-06-25 19:27:40,Local Market Day,J011,Indiranagar 100ft Road,2755,Weekday,False,Light Rain,True,5.3,False,False,0.989,Severe,9.1,64.5,329.5,0.129,0.298,0.845,Heavy rain reducing visibility and grip - reduced speed and longer buffer advised
EVT403439,2025-09-11 06:58:40,Local Market Day,J012,Koramangala Sony World,2027,Weekday,False,Rain,True,17.7,False,False,0.635,High,21.1,44.2,225.9,0.141,0.325,0.894,Heavy rain reducing visibility and grip - reduced speed and longer buffer advised
EVT403440,2025-12-30 15:22:46,Trade Fair,J030,MG Road,3892,Weekday,False,Clear,False,0.0,False,False,0.323,Low,33.3,24.7,200.4,0.163,0.376,0.99,Moderate traffic flow - standard adaptive signal timing in effect
EVT403441,2025-08-04 07:09:03,Sports Fixture,J011,Indiranagar 100ft Road,23237,Weekday,False,Clear,False,0.0,False,False,0.562,High,23.5,44.0,212.5,0.143,0.33,0.98,Moderate traffic flow - standard adaptive signal timing in effect
EVT403442,2025-08-16 06:24:34,Cultural Procession,J009,Majestic,21178,Weekend,True,Clear,False,0.0,False,False,0.678,High,20.7,50.9,233.3,0.162,0.375,0.929,Festival crowd surge detected - alternate route and extended cycle recommended
EVT403443,2025-04-19 21:52:50,Trade Fair,J030,MG Road,7557,Weekend,False,Clear,False,0.0,False,False,0.37,Moderate,29.5,30.2,187.2,0.16,0.369,0.974,Moderate traffic flow - standard adaptive signal timing in effect
EVT403444,2025-02-10 08:26:21,Local Market Day,J012,Koramangala Sony World,2365,Weekday,False,Clear,False,0.0,False,False,0.936,Severe,11.8,68.7,563.5,0.238,0.549,0.915,Heavy congestion detected - signal timing extended and reroute suggested
EVT403445,2025-05-28 09:06:41,Trade Fair,J023,Basavanagudi,7692,Weekday,False,Clear,False,0.0,False,False,1.0,Severe,9.5,67.3,616.8,0.234,0.541,0.907,Heavy congestion detected - signal timing extended and reroute suggested
EVT403446,2025-10-15 16:31:57,Sports Fixture,J012,Koramangala Sony World,34953,Weekday,False,Rain,True,16.6,False,False,0.904,Severe,11.0,64.8,205.8,0.104,0.241,0.894,Heavy rain reducing visibility and grip - reduced speed and longer buffer advised
EVT403447,2026-06-25 10:30:39,Trade Fair,J030,MG Road,11223,Weekday,False,Clear,False,0.0,False,False,0.612,High,22.0,39.1,155.5,0.093,0.214,0.968,Moderate traffic flow - standard adaptive signal timing in effect
EVT403448,2025-02-04 09:11:12,Sports Fixture,J030,MG Road,27117,Weekday,False,Clear,False,0.0,False,False,1.0,Severe,10.3,69.9,461.2,0.205,0.473,0.927,Heavy congestion detected - signal timing extended and reroute suggested
EVT403449,2025-09-17 18:17:01,Local Market Day,J040,City Market,4381,Weekday,False,Clear,False,0.0,False,False,1.0,Severe,9.1,74.1,556.3,0.202,0.467,0.918,Heavy congestion detected - signal timing extended and reroute suggested
EVT403450,2025-03-21 08:14:30,Local Market Day,J031,Cubbon Road,3436,Weekday,False,Light Rain,True,2.1,False,False,1.0,Severe,7.6,69.5,377.6,0.138,0.318,0.874,Heavy rain reducing visibility and grip - reduced speed and longer buffer advised
EVT403451,2025-08-06 10:05:18,Local Market Day,J011,Indiranagar 100ft Road,6053,Weekday,False,Clear,False,0.0,False,False,0.773,Severe,20.9,55.0,138.2,0.088,0.203,0.99,Heavy congestion detected - signal timing extended and reroute suggested
EVT403452,2026-02-06 12:42:20,Sports Fixture,J040,City Market,28968,Weekday,False,Clear,False,0.0,False,False,0.378,Moderate,30.5,21.6,197.9,0.167,0.387,0.984,Moderate traffic flow - standard adaptive signal timing in effect
EVT403453,2025-01-06 18:23:04,Local Market Day,J030,MG Road,3756,Weekday,False,Clear,False,0.0,False,False,1.0,Severe,7.8,73.7,638.0,0.214,0.495,0.903,Heavy congestion detected - signal timing extended and reroute suggested
EVT403454,2025-09-30 17:15:53,Concert,J012,Koramangala Sony World,12653,Weekday,False,Clear,False,0.0,False,False,0.821,Severe,20.4,54.9,281.8,0.205,0.474,0.95,Heavy congestion detected - signal timing extended and reroute suggested
EVT403455,2025-09-09 14:40:24,Trade Fair,J030,MG Road,6217,Weekday,False,Clear,False,0.0,False,False,0.26,Low,36.1,22.2,161.0,0.156,0.361,0.984,Moderate traffic flow - standard adaptive signal timing in effect
EVT403456,2025-02-10 20:41:34,Political Rally,J023,Basavanagudi,9381,Weekday,False,Clear,False,0.0,False,False,0.538,Moderate,29.7,38.3,343.9,0.278,0.643,0.969,Moderate traffic flow - standard adaptive signal timing in effect
EVT403457,2025-12-16 20:03:29,Local Market Day,J012,Koramangala Sony World,2890,Weekday,False,Fog,False,0.0,False,False,0.695,High,19.7,48.7,255.9,0.159,0.368,0.99,Moderate traffic flow - standard adaptive signal timing in effect
EVT403458,2025-06-18 17:21:18,Local Market Day,J031,Cubbon Road,3561,Weekday,False,Clear,False,0.0,False,False,0.76,Severe,15.1,60.8,436.9,0.219,0.507,0.943,Heavy congestion detected - signal timing extended and reroute suggested
EVT403459,2026-05-02 20:54:19,Fireworks Display,J031,Cubbon Road,25718,Weekend,True,Clear,False,0.0,False,False,0.757,Severe,18.7,53.1,255.9,0.167,0.385,0.906,Festival crowd surge detected - alternate route and extended cycle recommended
EVT403460,2025-09-21 18:18:26,Concert,J009,Majestic,9294,Weekend,False,Heavy Rain,True,31.1,False,False,1.0,Severe,8.6,69.9,593.7,0.206,0.477,0.856,Heavy rain reducing visibility and grip - reduced speed and longer buffer advised
EVT403461,2026-03-10 18:25:22,Trade Fair,J030,MG Road,5441,Weekday,False,Fog,False,0.0,False,False,0.94,Severe,10.1,67.1,359.6,0.157,0.363,0.93,Heavy congestion detected - signal timing extended and reroute suggested
EVT403462,2025-10-16 07:15:26,Political Rally,J011,Indiranagar 100ft Road,18481,Weekday,False,Rain,True,7.8,False,False,0.817,Severe,17.0,62.9,337.1,0.19,0.439,0.906,Heavy rain reducing visibility and grip - reduced speed and longer buffer advised
EVT403463,2025-08-09 08:37:16,Local Market Day,J031,Cubbon Road,4412,Weekend,False,Rain,True,15.4,False,False,0.963,Severe,9.9,64.2,411.6,0.149,0.344,0.869,Heavy rain reducing visibility and grip - reduced speed and longer buffer advised
EVT403464,2026-06-24 08:09:52,Local Market Day,J030,MG Road,2460,Weekday,False,Rain,True,10.2,False,False,1.0,Severe,7.1,67.9,532.5,0.178,0.412,0.861,Heavy rain reducing visibility and grip - reduced speed and longer buffer advised
EVT403465,2025-09-05 21:36:24,Cultural Procession,J040,City Market,29095,Weekday,True,Clear,False,0.0,False,True,0.844,High,14.4,71.0,508.9,0.29,0.671,0.853,Road closure for event/procession - full detour recommended for through-traffic
EVT403466,2025-05-09 14:10:52,Concert,J011,Indiranagar 100ft Road,7234,Weekday,False,Rain,True,22.9,False,False,0.526,Moderate,21.3,34.3,248.2,0.165,0.38,0.934,Light rain detected - minor speed reduction advised
EVT403467,2026-01-13 17:35:10,Local Market Day,J030,MG Road,4052,Weekday,False,Clear,False,0.0,False,False,0.874,Severe,16.8,63.8,343.6,0.177,0.409,0.945,Heavy congestion detected - signal timing extended and reroute suggested
EVT403468,2025-01-31 11:37:05,Trade Fair,J012,Koramangala Sony World,13141,Weekday,False,Clear,False,0.0,False,False,0.325,Low,26.8,21.9,218.7,0.162,0.375,0.964,Moderate traffic flow - standard adaptive signal timing in effect
EVT403469,2026-04-24 09:48:18,Local Market Day,J040,City Market,5057,Weekday,False,Light Rain,True,7.4,False,False,1.0,Severe,8.8,75.9,330.1,0.122,0.282,0.872,Heavy rain reducing visibility and grip - reduced speed and longer buffer advised
EVT403470,2025-02-24 18:40:22,Concert,J031,Cubbon Road,15575,Weekday,False,Clear,False,0.0,False,False,1.0,Severe,7.9,76.4,827.2,0.261,0.603,0.906,Heavy congestion detected - signal timing extended and reroute suggested
EVT403471,2026-06-05 20:41:03,Sports Fixture,J009,Majestic,31174,Weekday,False,Clear,False,0.0,False,False,0.67,High,17.2,44.3,247.4,0.153,0.354,0.976,Moderate traffic flow - standard adaptive signal timing in effect
EVT403472,2026-06-23 16:04:31,Concert,J020,Malleshwaram Circle,12884,Weekday,False,Clear,False,0.0,False,False,0.442,Moderate,29.5,35.3,100.7,0.092,0.213,0.958,Moderate traffic flow - standard adaptive signal timing in effect
EVT403473,2025-07-21 07:49:09,Local Market Day,J020,Malleshwaram Circle,3787,Weekday,False,Heavy Rain,True,36.1,False,False,1.0,Severe,9.4,71.1,440.0,0.165,0.381,0.856,Heavy rain reducing visibility and grip - reduced speed and longer buffer advised
EVT403474,2026-04-25 11:36:41,Concert,J031,Cubbon Road,4265,Weekend,False,Rain,True,9.4,False,False,0.443,Moderate,29.1,32.8,181.2,0.146,0.337,0.929,Light rain detected - minor speed reduction advised
EVT403475,2025-04-02 21:11:46,Concert,J023,Basavanagudi,17368,Weekday,False,Clear,False,0.0,False,False,0.43,Moderate,26.3,28.9,221.7,0.164,0.38,0.937,Moderate traffic flow - standard adaptive signal timing in effect
EVT403476,2025-06-20 17:22:56,Trade Fair,J030,MG Road,10918,Weekday,False,Clear,False,0.0,False,False,0.913,Severe,10.6,64.6,315.4,0.116,0.268,0.937,Heavy congestion detected - signal timing extended and reroute suggested
EVT403477,2025-07-01 17:37:17,Trade Fair,J009,Majestic,11792,Weekday,False,Clear,False,0.0,False,False,0.787,Severe,11.8,62.1,302.6,0.132,0.304,0.944,Heavy congestion detected - signal timing extended and reroute suggested
EVT403478,2026-06-07 18:41:26,Sports Fixture,J009,Majestic,22489,Weekend,False,Clear,False,0.0,False,False,0.993,Severe,10.8,69.2,234.7,0.098,0.226,0.934,Heavy congestion detected - signal timing extended and reroute suggested
EVT403479,2026-05-12 03:36:51,Sports Fixture,J040,City Market,19434,Weekday,False,Clear,False,0.0,False,False,0.276,Low,36.1,17.5,68.5,0.078,0.179,0.973,Moderate traffic flow - standard adaptive signal timing in effect
EVT403480,2025-01-07 07:30:40,Concert,J011,Indiranagar 100ft Road,6841,Weekday,False,Clear,False,0.0,False,False,0.552,High,20.7,32.0,128.0,0.072,0.167,0.95,Moderate traffic flow - standard adaptive signal timing in effect
EVT403481,2026-03-09 14:14:30,Sports Fixture,J012,Koramangala Sony World,22893,Weekday,False,Clear,False,0.0,False,False,0.323,Low,34.1,21.3,125.7,0.106,0.245,0.954,Moderate traffic flow - standard adaptive signal timing in effect
EVT403482,2025-09-20 10:17:21,Political Rally,J030,MG Road,14290,Weekend,False,Clear,False,0.0,False,False,0.647,High,21.7,43.4,164.0,0.121,0.281,0.955,Moderate traffic flow - standard adaptive signal timing in effect
EVT403483,2025-06-22 18:54:49,Trade Fair,J031,Cubbon Road,16024,Weekend,False,Heavy Rain,True,50.1,False,False,1.0,Severe,8.8,70.6,617.9,0.228,0.527,0.887,Heavy rain reducing visibility and grip - reduced speed and longer buffer advised
EVT403484,2026-04-13 14:56:07,Political Rally,J011,Indiranagar 100ft Road,19016,Weekday,False,Clear,False,0.0,False,False,0.356,Moderate,30.9,25.3,74.9,0.06,0.14,0.974,Moderate traffic flow - standard adaptive signal timing in effect
EVT403485,2025-11-04 08:10:34,Trade Fair,J040,City Market,13676,Weekday,False,Clear,False,0.0,False,False,0.898,Severe,11.1,65.0,583.7,0.251,0.579,0.944,Heavy congestion detected - signal timing extended and reroute suggested
EVT403486,2026-04-05 11:19:05,Sports Fixture,J011,Indiranagar 100ft Road,32548,Weekend,False,Clear,False,0.0,False,False,0.505,Moderate,24.1,34.1,112.0,0.06,0.138,0.961,Moderate traffic flow - standard adaptive signal timing in effect
EVT403487,2025-02-17 10:16:19,Concert,J009,Majestic,13135,Weekday,False,Fog,False,0.0,False,False,0.752,Severe,16.6,60.6,221.7,0.13,0.3,0.974,Heavy congestion detected - signal timing extended and reroute suggested
EVT403488,2025-06-14 15:41:10,Trade Fair,J031,Cubbon Road,5975,Weekend,False,Heavy Rain,True,25.3,False,False,0.655,High,18.5,44.1,131.1,0.087,0.202,0.894,Heavy rain reducing visibility and grip - reduced speed and longer buffer advised
EVT403489,2026-04-18 12:45:42,Local Market Day,J012,Koramangala Sony World,4497,Weekend,False,Clear,False,0.0,False,False,0.18,Low,32.2,13.7,154.1,0.136,0.315,0.975,Normal free-flow traffic - standard signal timing maintained
EVT403490,2026-01-11 11:02:07,Local Market Day,J012,Koramangala Sony World,4348,Weekend,False,Fog,False,0.0,False,False,0.424,Moderate,31.5,28.9,209.7,0.185,0.427,0.954,Moderate traffic flow - standard adaptive signal timing in effect
EVT403491,2026-04-02 02:43:58,Sports Fixture,J031,Cubbon Road,28219,Weekday,False,Heavy Rain,True,33.3,False,False,0.658,High,19.8,41.0,182.5,0.116,0.269,0.916,Heavy rain reducing visibility and grip - reduced speed and longer buffer advised
EVT403492,2025-11-22 20:50:12,Political Rally,J023,Basavanagudi,13873,Weekend,False,Clear,False,0.0,False,False,0.509,Moderate,26.5,40.2,282.4,0.21,0.486,0.941,Moderate traffic flow - standard adaptive signal timing in effect
EVT403493,2025-06-12 17:55:32,Local Market Day,J011,Indiranagar 100ft Road,3799,Weekday,False,Clear,False,0.0,False,False,0.978,Severe,8.5,66.4,580.8,0.199,0.46,0.921,Heavy congestion detected - signal timing extended and reroute suggested
EVT403494,2025-05-15 17:14:06,Sports Fixture,J023,Basavanagudi,11458,Weekday,False,Clear,False,0.0,False,False,0.85,Severe,14.6,60.5,388.4,0.205,0.473,0.956,Heavy congestion detected - signal timing extended and reroute suggested
EVT403495,2025-10-14 20:00:37,Concert,J012,Koramangala Sony World,16907,Weekday,False,Clear,False,0.0,False,False,0.858,Severe,9.3,68.0,385.7,0.141,0.327,0.939,Heavy congestion detected - signal timing extended and reroute suggested
EVT403496,2025-02-12 20:03:05,Trade Fair,J030,MG Road,12333,Weekday,False,Clear,False,0.0,False,False,0.779,Severe,16.9,58.0,364.5,0.199,0.46,0.986,Heavy congestion detected - signal timing extended and reroute suggested
EVT403497,2026-04-26 13:20:57,Sports Fixture,J009,Majestic,20829,Weekend,False,Clear,False,0.0,False,False,0.371,Moderate,27.9,24.9,200.0,0.172,0.398,0.965,Moderate traffic flow - standard adaptive signal timing in effect
EVT403498,2025-07-25 11:53:27,Trade Fair,J030,MG Road,20366,Weekday,False,Rain,True,20.3,False,False,0.605,High,21.6,38.3,314.2,0.193,0.445,0.919,Heavy rain reducing visibility and grip - reduced speed and longer buffer advised
EVT403499,2025-09-07 17:11:01,Local Market Day,J031,Cubbon Road,3479,Weekend,False,Heavy Rain,True,31.8,False,False,0.931,Severe,10.8,67.1,173.2,0.081,0.187,0.878,Heavy rain reducing visibility and grip - reduced speed and longer buffer advised
EVT403500,2025-09-25 06:52:59,Concert,J012,Koramangala Sony World,20710,Weekday,False,Rain,True,8.8,False,False,0.583,High,22.5,44.9,218.7,0.148,0.343,0.936,Heavy rain reducing visibility and grip - reduced speed and longer buffer advised
EVT403501,2025-10-30 10:59:38,Trade Fair,J030,MG Road,6420,Weekday,False,Clear,False,0.0,False,False,0.382,Moderate,22.5,22.7,101.3,0.065,0.15,0.95,Moderate traffic flow - standard adaptive signal timing in effect
EVT403502,2025-07-05 20:02:30,Sports Fixture,J023,Basavanagudi,10273,Weekend,False,Heavy Rain,True,32.8,False,False,1.0,Severe,6.9,74.2,763.3,0.223,0.514,0.862,Heavy rain reducing visibility and grip - reduced speed and longer buffer advised
EVT403503,2025-05-12 17:59:55,Concert,J020,Malleshwaram Circle,14697,Weekday,False,Clear,False,0.0,False,False,1.0,Severe,6.8,72.8,515.5,0.157,0.363,0.922,Heavy congestion detected - signal timing extended and reroute suggested
EVT403504,2025-07-16 12:35:18,Concert,J023,Basavanagudi,9886,Weekday,False,Heavy Rain,True,42.2,False,False,0.579,High,22.7,44.3,178.7,0.106,0.244,0.921,Heavy rain reducing visibility and grip - reduced speed and longer buffer advised
EVT403505,2026-05-31 10:05:59,Concert,J030,MG Road,14294,Weekend,False,Clear,False,0.0,False,False,0.72,High,18.8,53.6,307.3,0.205,0.472,0.944,Moderate traffic flow - standard adaptive signal timing in effect
EVT403506,2025-01-16 12:04:46,Trade Fair,J011,Indiranagar 100ft Road,4804,Weekday,False,Clear,False,0.0,False,False,0.201,Low,30.5,17.7,247.3,0.189,0.436,0.958,Normal free-flow traffic - standard signal timing maintained
EVT403507,2025-04-19 16:03:04,Trade Fair,J011,Indiranagar 100ft Road,8575,Weekend,False,Clear,False,0.0,False,False,0.386,Moderate,29.9,29.0,222.9,0.172,0.397,0.971,Moderate traffic flow - standard adaptive signal timing in effect
EVT403508,2026-03-22 22:20:15,Trade Fair,J011,Indiranagar 100ft Road,6088,Weekend,False,Clear,False,0.0,False,False,0.334,Low,24.1,26.7,349.5,0.202,0.466,0.96,Moderate traffic flow - standard adaptive signal timing in effect
EVT403509,2026-03-04 08:50:40,Cultural Procession,J020,Malleshwaram Circle,14532,Weekday,True,Clear,False,0.0,False,True,1.0,Severe,7.6,94.8,859.3,0.259,0.598,0.827,Road closure for event/procession - full detour recommended for through-traffic
EVT403510,2025-05-24 12:48:56,Trade Fair,J011,Indiranagar 100ft Road,4489,Weekend,False,Light Rain,True,2.9,False,False,0.274,Low,20.0,21.0,228.4,0.128,0.297,0.936,Light rain detected - minor speed reduction advised
EVT403511,2025-06-16 19:19:42,Sports Fixture,J011,Indiranagar 100ft Road,26730,Weekday,False,Rain,True,16.5,False,False,1.0,Severe,9.7,73.5,253.9,0.1,0.23,0.864,Heavy rain reducing visibility and grip - reduced speed and longer buffer advised
EVT403512,2025-07-08 15:45:11,Concert,J040,City Market,7457,Weekday,False,Fog,False,0.0,False,False,0.35,Moderate,27.8,28.4,100.0,0.056,0.13,0.98,Moderate traffic flow - standard adaptive signal timing in effect
EVT403513,2025-03-05 11:58:09,Local Market Day,J011,Indiranagar 100ft Road,4351,Weekday,False,Clear,False,0.0,False,False,0.238,Low,25.0,13.5,180.2,0.127,0.294,0.99,Normal free-flow traffic - standard signal timing maintained
EVT403514,2025-09-05 05:22:09,Cultural Procession,J020,Malleshwaram Circle,20827,Weekday,True,Rain,True,13.7,False,False,0.608,High,17.7,42.9,349.4,0.198,0.456,0.852,Festival crowd surge detected - alternate route and extended cycle recommended
EVT403515,2025-10-29 20:25:52,Local Market Day,J011,Indiranagar 100ft Road,2472,Weekday,False,Clear,False,0.0,False,False,0.525,Moderate,19.9,36.8,342.4,0.204,0.472,0.977,Moderate traffic flow - standard adaptive signal timing in effect
EVT403516,2025-12-04 12:53:44,Trade Fair,J030,MG Road,6340,Weekday,False,Rain,True,11.2,False,False,0.297,Low,30.4,20.6,168.3,0.117,0.269,0.894,Light rain detected - minor speed reduction advised
EVT403517,2026-04-13 22:37:24,Trade Fair,J040,City Market,12195,Weekday,False,Clear,False,0.0,False,False,0.231,Low,29.8,22.5,187.1,0.158,0.365,0.968,Normal free-flow traffic - standard signal timing maintained
EVT403518,2026-02-10 09:59:53,Local Market Day,J012,Koramangala Sony World,2681,Weekday,False,Clear,False,0.0,False,False,0.827,Severe,15.3,61.1,305.7,0.187,0.432,0.963,Heavy congestion detected - signal timing extended and reroute suggested
EVT403519,2025-12-12 20:26:15,Trade Fair,J040,City Market,11663,Weekday,False,Clear,False,0.0,False,False,0.604,High,19.5,42.1,153.1,0.094,0.217,0.977,Moderate traffic flow - standard adaptive signal timing in effect
EVT403520,2025-03-22 18:28:40,Concert,J012,Koramangala Sony World,18492,Weekend,False,Clear,False,0.0,False,False,0.881,Severe,12.6,67.2,473.3,0.226,0.523,0.952,Heavy congestion detected - signal timing extended and reroute suggested
EVT403521,2026-05-02 17:44:58,Cultural Procession,J012,Koramangala Sony World,23528,Weekend,True,Clear,False,0.0,False,False,1.0,Severe,7.0,69.3,340.0,0.129,0.297,0.867,Festival crowd surge detected - alternate route and extended cycle recommended
EVT403522,2026-06-21 12:32:23,Concert,J012,Koramangala Sony World,7385,Weekend,False,Heavy Rain,True,89.7,False,False,0.618,High,17.5,49.9,147.3,0.079,0.182,0.945,Heavy rain reducing visibility and grip - reduced speed and longer buffer advised
EVT403523,2025-08-15 20:00:04,Cultural Procession,J040,City Market,30471,Weekday,True,Clear,False,0.0,False,True,1.0,Severe,9.8,106.4,560.2,0.246,0.569,0.822,Road closure for event/procession - full detour recommended for through-traffic
EVT403524,2026-02-15 07:12:09,Sports Fixture,J040,City Market,22605,Weekend,False,Light Rain,True,2.2,False,False,0.621,High,21.6,42.9,263.5,0.168,0.389,0.936,Heavy rain reducing visibility and grip - reduced speed and longer buffer advised
EVT403525,2025-06-05 20:20:40,Concert,J009,Majestic,16050,Weekday,False,Heavy Rain,True,59.1,False,False,0.939,Severe,11.5,63.3,222.1,0.098,0.225,0.887,Heavy rain reducing visibility and grip - reduced speed and longer buffer advised
EVT403526,2026-01-22 09:38:44,Sports Fixture,J009,Majestic,43090,Weekday,False,Clear,False,0.0,False,False,1.0,Severe,7.6,71.8,694.9,0.215,0.497,0.932,Heavy congestion detected - signal timing extended and reroute suggested
EVT403527,2026-06-08 18:40:06,Local Market Day,J040,City Market,4406,Weekday,False,Clear,False,0.0,False,False,1.0,Severe,11.1,68.9,523.2,0.246,0.568,0.9,Heavy congestion detected - signal timing extended and reroute suggested
EVT403528,2025-10-12 06:28:33,Political Rally,J023,Basavanagudi,14229,Weekend,False,Clear,False,0.0,False,False,0.436,Moderate,23.5,34.5,231.4,0.136,0.313,0.964,Moderate traffic flow - standard adaptive signal timing in effect
EVT403529,2026-05-28 19:12:15,Concert,J009,Majestic,18603,Weekday,False,Clear,False,0.0,False,False,0.988,Severe,10.3,73.3,733.9,0.275,0.636,0.889,Heavy congestion detected - signal timing extended and reroute suggested
EVT403530,2025-04-01 18:57:25,Trade Fair,J030,MG Road,5956,Weekday,False,Clear,False,0.0,False,False,0.95,Severe,9.4,68.1,735.1,0.283,0.653,0.937,Heavy congestion detected - signal timing extended and reroute suggested
EVT403531,2026-01-02 11:00:24,Religious Festival,J031,Cubbon Road,85895,Weekday,True,Clear,False,0.0,False,True,1.0,Severe,8.4,99.5,445.3,0.181,0.418,0.829,Road closure for event/procession - full detour recommended for through-traffic
EVT403532,2026-05-06 11:57:52,Political Rally,J020,Malleshwaram Circle,42187,Weekday,False,Clear,False,0.0,False,False,0.422,Moderate,28.3,30.4,102.9,0.071,0.165,0.98,Moderate traffic flow - standard adaptive signal timing in effect
EVT403533,2025-07-07 10:21:42,Trade Fair,J009,Majestic,9972,Weekday,False,Clear,False,0.0,False,False,0.741,High,15.1,49.7,385.4,0.185,0.427,0.982,Moderate traffic flow - standard adaptive signal timing in effect
EVT403534,2025-03-15 18:30:35,Religious Festival,J020,Malleshwaram Circle,66764,Weekend,True,Clear,False,0.0,False,True,1.0,Severe,9.3,102.2,501.3,0.2,0.462,0.823,Road closure for event/procession - full detour recommended for through-traffic
EVT403535,2026-05-17 14:47:23,Local Market Day,J009,Majestic,3468,Weekend,False,Clear,False,0.0,False,False,0.297,Low,31.3,22.1,87.7,0.071,0.164,0.964,Moderate traffic flow - standard adaptive signal timing in effect
EVT403536,2025-08-05 09:34:23,Local Market Day,J040,City Market,1971,Weekday,False,Rain,True,20.4,False,False,1.0,Severe,8.6,75.1,452.8,0.163,0.377,0.869,Heavy rain reducing visibility and grip - reduced speed and longer buffer advised
EVT403537,2025-08-18 08:14:17,Trade Fair,J012,Koramangala Sony World,13183,Weekday,False,Rain,True,16.5,False,False,1.0,Severe,8.8,71.6,202.8,0.103,0.238,0.864,Heavy rain reducing visibility and grip - reduced speed and longer buffer advised
EVT403538,2025-06-25 03:14:14,Concert,J030,MG Road,10377,Weekday,False,Clear,False,0.0,False,False,0.253,Low,28.8,15.5,135.5,0.115,0.266,0.971,Moderate traffic flow - standard adaptive signal timing in effect
EVT403539,2025-06-14 18:58:59,Local Market Day,J009,Majestic,5312,Weekend,False,Rain,True,17.1,False,False,0.971,Severe,8.5,68.1,336.0,0.133,0.308,0.868,Heavy rain reducing visibility and grip - reduced speed and longer buffer advised
EVT403540,2026-01-31 07:07:24,Local Market Day,J023,Basavanagudi,6323,Weekend,False,Clear,False,0.0,False,False,0.472,Moderate,26.9,33.5,154.1,0.129,0.297,0.969,Moderate traffic flow - standard adaptive signal timing in effect
EVT403541,2025-12-04 20:13:08,Local Market Day,J011,Indiranagar 100ft Road,3075,Weekday,False,Clear,False,0.0,False,False,0.607,High,30.1,37.3,101.7,0.084,0.193,0.958,Moderate traffic flow - standard adaptive signal timing in effect
EVT403542,2025-11-22 10:36:23,Concert,J023,Basavanagudi,14731,Weekend,False,Fog,False,0.0,False,False,0.621,High,22.4,43.9,119.3,0.081,0.187,0.953,Moderate traffic flow - standard adaptive signal timing in effect
EVT403543,2025-06-11 16:18:51,Local Market Day,J023,Basavanagudi,6163,Weekday,False,Clear,False,0.0,False,False,0.516,Moderate,18.2,30.5,342.0,0.194,0.449,0.958,Moderate traffic flow - standard adaptive signal timing in effect
EVT403544,2026-06-21 06:38:04,Concert,J011,Indiranagar 100ft Road,7438,Weekend,False,Clear,False,0.0,False,False,0.369,Moderate,23.1,21.5,279.9,0.198,0.458,0.948,Moderate traffic flow - standard adaptive signal timing in effect
EVT403545,2026-06-05 08:01:31,Local Market Day,J020,Malleshwaram Circle,3426,Weekday,False,Clear,False,0.0,False,False,0.805,Severe,15.9,59.2,420.8,0.235,0.542,0.985,Heavy congestion detected - signal timing extended and reroute suggested
EVT403546,2025-08-26 16:08:36,Political Rally,J012,Koramangala Sony World,22504,Weekday,False,Clear,False,0.0,False,False,0.558,High,26.7,48.5,254.1,0.216,0.5,0.954,Moderate traffic flow - standard adaptive signal timing in effect
EVT403547,2025-06-01 09:27:27,Trade Fair,J020,Malleshwaram Circle,10689,Weekend,False,Clear,False,0.0,False,False,0.929,Severe,9.5,69.0,376.3,0.16,0.371,0.941,Heavy congestion detected - signal timing extended and reroute suggested
EVT403548,2025-05-30 18:23:03,Sports Fixture,J023,Basavanagudi,19660,Weekday,False,Clear,False,0.0,False,False,1.0,Severe,7.6,73.7,816.4,0.257,0.593,0.907,Heavy congestion detected - signal timing extended and reroute suggested
EVT403549,2025-07-04 08:30:37,Political Rally,J020,Malleshwaram Circle,21790,Weekday,False,Clear,False,0.0,False,False,1.0,Severe,9.7,66.7,302.8,0.118,0.272,0.92,Heavy congestion detected - signal timing extended and reroute suggested
EVT403550,2025-10-25 10:40:50,Political Rally,J012,Koramangala Sony World,13574,Weekend,False,Heavy Rain,True,40.0,False,False,0.998,Severe,7.2,74.1,463.1,0.131,0.303,0.876,Heavy rain reducing visibility and grip - reduced speed and longer buffer advised
EVT403551,2025-03-08 17:50:10,Sports Fixture,J012,Koramangala Sony World,24699,Weekend,False,Clear,False,0.0,False,False,0.933,Severe,13.2,70.4,365.3,0.213,0.491,0.939,Heavy congestion detected - signal timing extended and reroute suggested
EVT403552,2026-05-15 09:19:09,Political Rally,J012,Koramangala Sony World,17727,Weekday,False,Clear,False,0.0,False,False,1.0,Severe,8.6,75.4,627.8,0.211,0.486,0.952,Heavy congestion detected - signal timing extended and reroute suggested
EVT403553,2025-12-09 18:38:33,Political Rally,J031,Cubbon Road,26225,Weekday,False,Clear,False,0.0,False,False,1.0,Severe,9.3,69.6,705.9,0.247,0.571,0.904,Heavy congestion detected - signal timing extended and reroute suggested
EVT403554,2026-05-18 08:55:44,Trade Fair,J031,Cubbon Road,8873,Weekday,False,Light Rain,True,1.1,False,False,1.0,Severe,6.7,75.0,293.6,0.099,0.228,0.871,Heavy rain reducing visibility and grip - reduced speed and longer buffer advised
EVT403555,2025-11-22 16:08:33,Local Market Day,J012,Koramangala Sony World,4290,Weekend,False,Clear,False,0.0,False,False,0.427,Moderate,30.9,30.5,115.2,0.104,0.24,0.975,Moderate traffic flow - standard adaptive signal timing in effect
EVT403556,2025-03-10 18:19:35,Local Market Day,J031,Cubbon Road,2194,Weekday,False,Clear,False,0.0,False,False,0.98,Severe,8.1,68.5,745.7,0.251,0.579,0.906,Heavy congestion detected - signal timing extended and reroute suggested
EVT403557,2025-05-03 01:07:10,Sports Fixture,J020,Malleshwaram Circle,21437,Weekend,False,Clear,False,0.0,False,False,0.321,Low,35.5,22.5,103.4,0.093,0.215,0.964,Moderate traffic flow - standard adaptive signal timing in effect
EVT403558,2026-04-09 19:38:34,Trade Fair,J040,City Market,7689,Weekday,False,Clear,False,0.0,False,False,0.899,Severe,11.7,62.2,717.6,0.337,0.779,0.942,Heavy congestion detected - signal timing extended and reroute suggested
EVT403559,2025-07-25 02:42:09,Concert,J009,Majestic,13989,Weekday,False,Clear,False,0.0,False,False,0.243,Low,29.8,13.6,92.5,0.06,0.138,0.935,Normal free-flow traffic - standard signal timing maintained
EVT403560,2025-11-02 20:30:22,Cultural Procession,J012,Koramangala Sony World,12124,Weekend,True,Light Rain,True,5.1,False,False,0.958,Severe,9.9,67.0,543.6,0.194,0.449,0.811,Festival crowd surge detected - alternate route and extended cycle recommended
EVT403561,2025-07-14 08:31:10,Trade Fair,J031,Cubbon Road,12716,Weekday,False,Clear,False,0.0,False,False,1.0,Severe,9.9,67.2,640.4,0.241,0.556,0.926,Heavy congestion detected - signal timing extended and reroute suggested
EVT403562,2025-03-02 07:44:57,Sports Fixture,J023,Basavanagudi,30428,Weekend,False,Clear,False,0.0,False,False,0.804,Severe,17.0,53.3,341.7,0.228,0.526,0.952,Heavy congestion detected - signal timing extended and reroute suggested
EVT403563,2025-08-14 19:14:54,Local Market Day,J020,Malleshwaram Circle,3637,Weekday,False,Clear,False,0.0,False,False,0.928,Severe,10.2,68.0,506.3,0.212,0.49,0.929,Heavy congestion detected - signal timing extended and reroute suggested
EVT403564,2025-10-14 16:10:17,Local Market Day,J020,Malleshwaram Circle,4010,Weekday,False,Heavy Rain,True,55.5,False,False,0.788,Severe,15.3,56.5,202.2,0.096,0.221,0.923,Heavy rain reducing visibility and grip - reduced speed and longer buffer advised
EVT403565,2025-10-11 20:32:25,Local Market Day,J020,Malleshwaram Circle,4049,Weekend,False,Clear,False,0.0,False,False,0.587,High,20.3,39.5,279.5,0.175,0.405,0.96,Moderate traffic flow - standard adaptive signal timing in effect
EVT403566,2026-02-16 21:07:17,Local Market Day,J020,Malleshwaram Circle,5039,Weekday,False,Fog,False,0.0,False,False,0.407,Moderate,26.1,26.1,158.7,0.113,0.262,0.982,Moderate traffic flow - standard adaptive signal timing in effect
EVT403567,2025-10-22 13:42:50,Religious Festival,J009,Majestic,28137,Weekday,True,Clear,False,0.0,False,False,0.553,High,18.9,45.1,324.9,0.198,0.458,0.915,Festival crowd surge detected - alternate route and extended cycle recommended
EVT403568,2025-05-30 20:59:04,Trade Fair,J030,MG Road,4700,Weekday,False,Clear,False,0.0,False,False,0.43,Moderate,25.8,30.0,192.7,0.147,0.341,0.99,Moderate traffic flow - standard adaptive signal timing in effect
EVT403569,2026-02-11 06:57:46,Trade Fair,J009,Majestic,7495,Weekday,False,Clear,False,0.0,False,False,0.401,Moderate,24.8,34.5,137.2,0.093,0.215,0.972,Moderate traffic flow - standard adaptive signal timing in effect
EVT403570,2025-04-08 18:20:19,Sports Fixture,J011,Indiranagar 100ft Road,27811,Weekday,False,Clear,False,0.0,False,False,1.0,Severe,8.6,72.9,850.7,0.301,0.694,0.895,Heavy congestion detected - signal timing extended and reroute suggested
EVT403571,2025-05-12 20:19:34,Local Market Day,J011,Indiranagar 100ft Road,3042,Weekday,False,Clear,False,0.0,False,False,0.531,Moderate,21.5,29.5,146.3,0.107,0.248,0.954,Moderate traffic flow - standard adaptive signal timing in effect
EVT403572,2026-01-26 04:28:01,Religious Festival,J031,Cubbon Road,43718,Weekday,True,Clear,False,0.0,False,False,0.69,High,15.9,46.6,243.5,0.13,0.301,0.929,Festival crowd surge detected - alternate route and extended cycle recommended
EVT403573,2025-09-16 21:48:18,Sports Fixture,J040,City Market,30474,Weekday,False,Clear,False,0.0,False,False,0.364,Moderate,28.2,29.4,168.7,0.154,0.355,0.966,Moderate traffic flow - standard adaptive signal timing in effect
EVT403574,2025-02-28 14:59:20,Local Market Day,J009,Majestic,5219,Weekday,False,Clear,False,0.0,False,False,0.267,Low,32.2,22.0,153.5,0.125,0.289,0.977,Moderate traffic flow - standard adaptive signal timing in effect
EVT403575,2026-02-25 08:15:22,Local Market Day,J030,MG Road,4996,Weekday,False,Clear,False,0.0,False,False,0.914,Severe,9.0,67.3,446.2,0.181,0.419,0.932,Heavy congestion detected - signal timing extended and reroute suggested
EVT403576,2025-04-21 09:34:19,Concert,J031,Cubbon Road,13747,Weekday,False,Clear,False,0.0,False,False,1.0,Severe,8.8,74.0,437.3,0.173,0.399,0.898,Heavy congestion detected - signal timing extended and reroute suggested
EVT403577,2025-05-25 15:15:14,Local Market Day,J020,Malleshwaram Circle,3748,Weekend,False,Clear,False,0.0,False,False,0.318,Low,36.7,23.5,90.8,0.105,0.243,0.965,Moderate traffic flow - standard adaptive signal timing in effect
EVT403578,2025-04-09 08:27:30,Sports Fixture,J011,Indiranagar 100ft Road,21997,Weekday,False,Clear,False,0.0,False,False,1.0,Severe,8.9,73.7,527.8,0.178,0.412,0.918,Heavy congestion detected - signal timing extended and reroute suggested
EVT403579,2026-04-13 08:53:06,Political Rally,J023,Basavanagudi,9146,Weekday,False,Clear,False,0.0,True,False,1.0,Severe,8.1,72.4,450.0,0.176,0.406,0.75,Accident detected nearby - reroute and reduced speed advised
EVT403580,2025-08-08 16:20:05,Sports Fixture,J011,Indiranagar 100ft Road,21192,Weekday,False,Heavy Rain,True,46.5,False,False,1.0,Severe,7.7,78.1,793.1,0.238,0.549,0.866,Heavy rain reducing visibility and grip - reduced speed and longer buffer advised
EVT403581,2025-06-04 12:35:51,Sports Fixture,J009,Majestic,13382,Weekday,False,Rain,True,12.6,False,False,0.351,Moderate,24.6,25.6,110.3,0.086,0.198,0.921,Light rain detected - minor speed reduction advised
EVT403582,2025-12-28 16:15:07,Sports Fixture,J020,Malleshwaram Circle,22691,Weekend,False,Clear,False,0.0,False,False,0.619,High,23.5,42.0,249.4,0.183,0.422,0.966,Moderate traffic flow - standard adaptive signal timing in effect
EVT403583,2025-01-30 18:38:12,Local Market Day,J009,Majestic,3518,Weekday,False,Clear,False,0.0,False,False,1.0,Severe,8.2,70.1,783.1,0.268,0.62,0.898,Heavy congestion detected - signal timing extended and reroute suggested
EVT403584,2025-08-17 22:43:19,Concert,J011,Indiranagar 100ft Road,19742,Weekend,False,Clear,False,0.0,False,False,0.317,Low,29.9,24.3,173.4,0.146,0.336,0.963,Moderate traffic flow - standard adaptive signal timing in effect
EVT403585,2026-06-23 10:47:06,Local Market Day,J023,Basavanagudi,4452,Weekday,False,Clear,False,0.0,False,False,0.549,Moderate,18.8,36.5,187.0,0.111,0.255,0.956,Moderate traffic flow - standard adaptive signal timing in effect
EVT403586,2025-02-25 20:58:36,Trade Fair,J009,Majestic,9655,Weekday,False,Clear,False,0.0,False,False,0.419,Moderate,31.5,31.3,91.5,0.066,0.152,0.956,Moderate traffic flow - standard adaptive signal timing in effect
EVT403587,2026-05-05 12:49:43,Local Market Day,J009,Majestic,3768,Weekday,False,Clear,False,0.0,False,False,0.11,Low,36.3,5.7,103.9,0.103,0.239,0.952,Normal free-flow traffic - standard signal timing maintained
EVT403588,2026-03-18 22:36:39,Local Market Day,J030,MG Road,7105,Weekday,False,Fog,False,0.0,False,False,0.23,Low,33.9,20.0,161.7,0.142,0.328,0.99,Normal free-flow traffic - standard signal timing maintained
EVT403589,2025-07-20 08:35:01,Political Rally,J011,Indiranagar 100ft Road,13353,Weekend,False,Clear,False,0.0,False,False,0.839,Severe,14.8,57.5,307.0,0.169,0.391,0.929,Heavy congestion detected - signal timing extended and reroute suggested
EVT403590,2025-03-02 12:08:06,Trade Fair,J011,Indiranagar 100ft Road,6712,Weekend,False,Clear,False,0.0,False,False,0.35,Low,22.4,23.9,210.2,0.12,0.278,0.971,Moderate traffic flow - standard adaptive signal timing in effect
EVT403591,2025-06-22 08:56:57,Concert,J031,Cubbon Road,13871,Weekend,False,Clear,False,0.0,False,False,0.976,Severe,9.2,68.6,558.4,0.201,0.464,0.951,Heavy congestion detected - signal timing extended and reroute suggested
EVT403592,2025-04-20 08:09:32,Sports Fixture,J009,Majestic,16950,Weekend,False,Clear,False,0.0,False,False,0.812,Severe,11.8,57.2,470.2,0.204,0.471,0.964,Heavy congestion detected - signal timing extended and reroute suggested
EVT403593,2025-04-12 15:47:33,Concert,J040,City Market,8053,Weekend,False,Clear,False,0.0,False,False,0.436,Moderate,27.2,28.4,113.4,0.101,0.233,0.969,Moderate traffic flow - standard adaptive signal timing in effect
EVT403594,2025-07-29 13:20:29,Sports Fixture,J012,Koramangala Sony World,37892,Weekday,False,Clear,False,0.0,False,False,0.449,Moderate,22.8,35.5,256.8,0.18,0.416,0.976,Moderate traffic flow - standard adaptive signal timing in effect
EVT403595,2025-08-02 09:53:19,Political Rally,J009,Majestic,9820,Weekend,False,Rain,True,16.5,False,False,0.904,Severe,11.1,59.7,162.2,0.083,0.193,0.881,Heavy rain reducing visibility and grip - reduced speed and longer buffer advised
EVT403596,2025-04-19 20:33:44,Local Market Day,J030,MG Road,6401,Weekend,False,Fog,False,0.0,False,False,0.626,High,20.1,46.6,312.0,0.217,0.502,0.965,Moderate traffic flow - standard adaptive signal timing in effect
EVT403597,2025-12-20 16:41:26,Sports Fixture,J012,Koramangala Sony World,37451,Weekend,False,Clear,False,0.0,False,False,0.767,Severe,17.1,55.3,278.0,0.17,0.393,0.946,Heavy congestion detected - signal timing extended and reroute suggested
EVT403598,2026-05-17 19:54:23,Concert,J030,MG Road,11271,Weekend,False,Clear,False,0.0,False,False,0.78,Severe,15.0,54.9,396.9,0.207,0.478,0.966,Heavy congestion detected - signal timing extended and reroute suggested
EVT403599,2026-03-04 18:04:29,Religious Festival,J030,MG Road,49337,Weekday,True,Clear,False,0.0,False,True,1.0,Severe,7.2,93.4,726.8,0.221,0.511,0.835,Road closure for event/procession - full detour recommended for through-traffic
EVT403600,2025-01-04 11:53:05,Trade Fair,J030,MG Road,14355,Weekend,False,Clear,False,0.0,False,False,0.4,Moderate,29.3,32.9,247.0,0.217,0.501,0.954,Moderate traffic flow - standard adaptive signal timing in effect
EVT403601,2025-06-08 16:17:41,Local Market Day,J009,Majestic,2269,Weekend,False,Clear,False,0.0,False,False,0.417,Moderate,25.1,25.5,130.6,0.095,0.219,0.956,Moderate traffic flow - standard adaptive signal timing in effect
EVT403602,2025-05-01 17:32:35,Religious Festival,J012,Koramangala Sony World,91044,Weekday,True,Fog,False,0.0,False,True,1.0,Severe,8.8,98.6,377.1,0.149,0.345,0.808,Road closure for event/procession - full detour recommended for through-traffic
EVT403603,2025-04-18 18:48:08,Political Rally,J020,Malleshwaram Circle,6969,Weekday,False,Clear,False,0.0,False,False,1.0,Severe,9.0,70.7,740.9,0.27,0.624,0.916,Heavy congestion detected - signal timing extended and reroute suggested
EVT403604,2025-03-24 22:28:00,Local Market Day,J020,Malleshwaram Circle,3745,Weekday,False,Clear,False,0.0,False,False,0.208,Low,37.6,15.4,132.4,0.103,0.239,0.99,Normal free-flow traffic - standard signal timing maintained
EVT403605,2025-08-17 22:33:19,Trade Fair,J040,City Market,11028,Weekend,False,Clear,False,0.0,False,False,0.302,Low,25.5,19.9,169.4,0.105,0.242,0.984,Moderate traffic flow - standard adaptive signal timing in effect
EVT403606,2025-04-04 14:56:02,Local Market Day,J023,Basavanagudi,4493,Weekday,False,Light Rain,True,3.2,False,False,0.406,Moderate,35.2,25.8,104.4,0.118,0.273,0.918,Light rain detected - minor speed reduction advised
EVT403607,2025-07-30 17:46:24,Concert,J030,MG Road,16131,Weekday,False,Clear,False,0.0,False,False,1.0,Severe,7.6,71.2,785.1,0.238,0.549,0.933,Heavy congestion detected - signal timing extended and reroute suggested
EVT403608,2026-03-20 10:39:19,Cultural Procession,J009,Majestic,13424,Weekday,True,Clear,False,0.0,False,True,0.998,Severe,10.2,94.2,434.7,0.179,0.415,0.826,Road closure for event/procession - full detour recommended for through-traffic
EVT403609,2025-01-08 10:58:29,Political Rally,J009,Majestic,15826,Weekday,False,Clear,False,0.0,False,False,0.534,Moderate,26.8,34.7,253.1,0.191,0.442,0.985,Moderate traffic flow - standard adaptive signal timing in effect
EVT403610,2026-01-11 11:57:49,Local Market Day,J030,MG Road,3824,Weekend,False,Clear,False,0.0,False,False,0.269,Low,28.0,16.8,152.1,0.115,0.266,0.97,Moderate traffic flow - standard adaptive signal timing in effect
EVT403611,2025-03-16 09:40:29,Sports Fixture,J040,City Market,23729,Weekend,False,Clear,False,0.0,False,False,0.892,Severe,13.7,61.2,341.2,0.157,0.362,0.948,Heavy congestion detected - signal timing extended and reroute suggested
EVT403612,2025-12-11 17:10:33,Concert,J031,Cubbon Road,12082,Weekday,False,Clear,False,0.0,False,False,0.757,Severe,13.0,58.6,242.3,0.102,0.235,0.989,Heavy congestion detected - signal timing extended and reroute suggested
EVT403613,2025-06-09 18:03:45,Political Rally,J012,Koramangala Sony World,19675,Weekday,False,Clear,False,0.0,False,False,1.0,Severe,9.1,69.7,818.8,0.311,0.719,0.914,Heavy congestion detected - signal timing extended and reroute suggested
EVT403614,2025-04-08 10:46:16,Political Rally,J031,Cubbon Road,10814,Weekday,False,Clear,False,0.0,False,False,0.562,High,25.3,42.9,299.0,0.208,0.481,0.944,Moderate traffic flow - standard adaptive signal timing in effect
EVT403615,2025-07-13 22:10:48,Sports Fixture,J023,Basavanagudi,16601,Weekend,False,Heavy Rain,True,32.0,False,False,0.645,High,20.6,43.6,150.7,0.09,0.208,0.922,Heavy rain reducing visibility and grip - reduced speed and longer buffer advised
EVT403616,2025-08-06 10:54:49,Sports Fixture,J011,Indiranagar 100ft Road,30709,Weekday,False,Rain,True,15.0,False,False,0.806,Severe,17.1,54.4,297.5,0.185,0.428,0.892,Heavy rain reducing visibility and grip - reduced speed and longer buffer advised
EVT403617,2026-02-03 08:17:34,Local Market Day,J011,Indiranagar 100ft Road,3553,Weekday,False,Clear,False,0.0,False,False,0.859,Severe,10.8,57.5,674.9,0.274,0.634,0.948,Heavy congestion detected - signal timing extended and reroute suggested
EVT403618,2025-07-21 14:47:29,Local Market Day,J040,City Market,3960,Weekday,False,Rain,True,10.4,False,False,0.435,Moderate,28.7,33.4,204.6,0.171,0.394,0.926,Light rain detected - minor speed reduction advised
EVT403619,2025-10-25 21:48:52,Sports Fixture,J030,MG Road,17176,Weekend,False,Clear,False,0.0,False,False,0.354,Moderate,28.5,22.3,241.8,0.172,0.397,0.977,Moderate traffic flow - standard adaptive signal timing in effect
EVT403620,2025-10-01 18:04:06,Sports Fixture,J009,Majestic,29999,Weekday,False,Clear,False,0.0,False,False,1.0,Severe,8.1,72.1,337.4,0.112,0.258,0.933,Heavy congestion detected - signal timing extended and reroute suggested
EVT403621,2025-02-23 14:42:47,Local Market Day,J020,Malleshwaram Circle,5283,Weekend,False,Clear,False,0.0,False,False,0.276,Low,39.4,20.0,104.3,0.1,0.231,0.966,Moderate traffic flow - standard adaptive signal timing in effect
EVT403622,2025-06-09 10:41:22,Local Market Day,J031,Cubbon Road,2670,Weekday,False,Clear,False,0.0,False,False,0.553,High,25.5,34.8,182.3,0.124,0.286,0.971,Moderate traffic flow - standard adaptive signal timing in effect
EVT403623,2026-03-12 20:46:39,Sports Fixture,J020,Malleshwaram Circle,17624,Weekday,False,Clear,False,0.0,False,False,0.661,High,21.4,49.1,202.3,0.134,0.311,0.975,Moderate traffic flow - standard adaptive signal timing in effect
EVT403624,2026-02-11 09:16:42,Local Market Day,J009,Majestic,4310,Weekday,False,Clear,False,0.0,False,False,0.981,Severe,8.2,70.0,377.2,0.12,0.276,0.922,Heavy congestion detected - signal timing extended and reroute suggested
EVT403625,2026-01-31 18:58:25,Political Rally,J009,Majestic,11893,Weekend,False,Clear,False,0.0,False,False,0.917,Severe,13.6,66.1,552.2,0.243,0.562,0.914,Heavy congestion detected - signal timing extended and reroute suggested
EVT403626,2025-05-28 19:25:08,Trade Fair,J030,MG Road,12166,Weekday,False,Clear,False,0.0,False,False,0.956,Severe,10.2,68.4,545.1,0.217,0.502,0.935,Heavy congestion detected - signal timing extended and reroute suggested
EVT403627,2025-08-28 19:02:51,Religious Festival,J030,MG Road,72979,Weekday,True,Clear,False,0.0,False,True,1.0,Severe,10.1,104.4,331.8,0.154,0.355,0.835,Road closure for event/procession - full detour recommended for through-traffic
EVT403628,2025-12-04 19:46:34,Sports Fixture,J012,Koramangala Sony World,16676,Weekday,False,Clear,False,0.0,False,False,0.813,Severe,13.7,57.5,173.0,0.081,0.188,0.962,Heavy congestion detected - signal timing extended and reroute suggested
EVT403629,2026-05-23 19:55:58,Local Market Day,J009,Majestic,2038,Weekend,False,Clear,False,0.0,False,False,0.679,High,20.4,45.1,245.3,0.173,0.4,0.933,Moderate traffic flow - standard adaptive signal timing in effect
EVT403630,2025-08-17 16:46:47,Trade Fair,J040,City Market,5838,Weekend,False,Clear,False,0.0,False,False,0.566,High,22.5,32.4,241.0,0.157,0.363,0.95,Moderate traffic flow - standard adaptive signal timing in effect
EVT403631,2025-08-10 10:40:24,Local Market Day,J040,City Market,2731,Weekend,False,Clear,False,0.0,False,False,0.497,Moderate,24.4,36.8,196.1,0.135,0.311,0.965,Moderate traffic flow - standard adaptive signal timing in effect
EVT403632,2026-02-16 04:17:07,Sports Fixture,J009,Majestic,23064,Weekday,False,Clear,False,0.0,False,False,0.344,Low,26.2,27.3,250.6,0.181,0.419,0.972,Moderate traffic flow - standard adaptive signal timing in effect
EVT403633,2025-07-28 13:11:34,Trade Fair,J011,Indiranagar 100ft Road,13015,Weekday,False,Clear,False,0.0,False,False,0.298,Low,30.9,15.5,204.0,0.176,0.407,0.958,Moderate traffic flow - standard adaptive signal timing in effect
EVT403634,2025-12-04 18:46:46,Concert,J009,Majestic,13301,Weekday,False,Clear,False,0.0,False,False,1.0,Severe,9.3,72.9,365.2,0.116,0.268,0.908,Heavy congestion detected - signal timing extended and reroute suggested
EVT403635,2025-10-30 12:04:44,Sports Fixture,J009,Majestic,22334,Weekday,False,Rain,True,17.3,False,False,0.501,Moderate,24.3,39.4,172.7,0.118,0.272,0.937,Light rain detected - minor speed reduction advised
EVT403636,2025-01-26 13:17:07,Religious Festival,J031,Cubbon Road,52022,Weekend,True,Clear,False,0.0,False,False,0.813,Severe,14.4,59.1,245.4,0.139,0.322,0.924,Festival crowd surge detected - alternate route and extended cycle recommended
EVT403637,2025-02-27 01:57:54,Sports Fixture,J030,MG Road,17828,Weekday,False,Clear,False,0.0,False,False,0.261,Low,32.3,13.5,93.1,0.085,0.197,0.962,Moderate traffic flow - standard adaptive signal timing in effect
EVT403638,2026-06-12 10:56:28,Sports Fixture,J030,MG Road,22605,Weekday,False,Clear,False,0.0,False,False,0.551,High,20.3,40.9,291.1,0.193,0.445,0.99,Moderate traffic flow - standard adaptive signal timing in effect
EVT403639,2026-04-05 14:15:54,Trade Fair,J009,Majestic,7775,Weekend,False,Fog,False,0.0,False,False,0.266,Low,34.0,15.3,112.1,0.126,0.29,0.954,Moderate traffic flow - standard adaptive signal timing in effect
EVT403640,2026-01-29 04:12:58,Concert,J030,MG Road,7994,Weekday,False,Clear,False,0.0,False,False,0.27,Low,32.8,19.1,177.0,0.143,0.331,0.982,Moderate traffic flow - standard adaptive signal timing in effect
EVT403641,2025-06-27 11:16:30,Trade Fair,J012,Koramangala Sony World,12074,Weekday,False,Clear,False,0.0,False,False,0.429,Moderate,31.9,28.7,180.4,0.148,0.342,0.965,Moderate traffic flow - standard adaptive signal timing in effect
EVT403642,2025-06-03 02:16:35,Sports Fixture,J030,MG Road,22605,Weekday,False,Rain,True,16.0,False,False,0.439,Moderate,26.9,30.5,162.4,0.144,0.334,0.883,Light rain detected - minor speed reduction advised
EVT403643,2025-08-10 18:40:14,Trade Fair,J012,Koramangala Sony World,9275,Weekend,False,Fog,False,0.0,False,False,0.866,Severe,11.8,62.8,305.0,0.162,0.374,0.925,Heavy congestion detected - signal timing extended and reroute suggested
EVT403644,2025-04-23 09:40:09,Political Rally,J030,MG Road,14086,Weekday,False,Clear,False,0.0,False,False,1.0,Severe,8.5,76.2,297.0,0.128,0.296,0.894,Heavy congestion detected - signal timing extended and reroute suggested
EVT403645,2026-06-12 08:57:24,Sports Fixture,J031,Cubbon Road,21126,Weekday,False,Rain,True,20.0,False,False,1.0,Severe,10.0,75.3,607.0,0.266,0.615,0.865,Heavy rain reducing visibility and grip - reduced speed and longer buffer advised
EVT403646,2025-09-11 15:29:42,Sports Fixture,J023,Basavanagudi,15139,Weekday,False,Clear,False,0.0,False,False,0.436,Moderate,31.8,27.3,155.8,0.147,0.339,0.99,Moderate traffic flow - standard adaptive signal timing in effect
EVT403647,2025-11-07 07:52:34,Trade Fair,J020,Malleshwaram Circle,7929,Weekday,False,Clear,False,0.0,False,False,0.754,Severe,15.5,57.1,224.3,0.117,0.27,0.985,Heavy congestion detected - signal timing extended and reroute suggested
EVT403648,2026-06-15 18:07:31,Sports Fixture,J009,Majestic,21030,Weekday,False,Clear,False,0.0,False,False,1.0,Severe,7.4,73.2,652.4,0.23,0.532,0.912,Heavy congestion detected - signal timing extended and reroute suggested
EVT403649,2026-05-31 08:13:21,Local Market Day,J020,Malleshwaram Circle,4951,Weekend,False,Light Rain,True,4.3,False,False,0.859,Severe,15.2,67.2,520.8,0.247,0.57,0.897,Heavy rain reducing visibility and grip - reduced speed and longer buffer advised
EVT403650,2025-12-03 19:03:50,Political Rally,J020,Malleshwaram Circle,20452,Weekday,False,Clear,False,0.0,False,False,1.0,Severe,8.1,68.7,678.4,0.218,0.503,0.903,Heavy congestion detected - signal timing extended and reroute suggested
EVT403651,2025-03-06 19:34:49,Sports Fixture,J020,Malleshwaram Circle,27785,Weekday,False,Clear,False,0.0,False,False,1.0,Severe,9.9,69.1,230.1,0.101,0.234,0.892,Heavy congestion detected - signal timing extended and reroute suggested
EVT403652,2026-04-25 16:53:14,Sports Fixture,J030,MG Road,16780,Weekend,False,Clear,False,0.0,False,False,0.741,High,20.3,49.0,315.7,0.202,0.466,0.971,Moderate traffic flow - standard adaptive signal timing in effect
EVT403653,2026-03-21 00:43:32,Concert,J020,Malleshwaram Circle,17274,Weekend,False,Clear,False,0.0,False,False,0.291,Low,29.1,23.1,132.5,0.101,0.233,0.968,Moderate traffic flow - standard adaptive signal timing in effect
EVT403654,2026-01-01 00:24:42,Religious Festival,J020,Malleshwaram Circle,40358,Weekday,True,Clear,False,0.0,False,True,0.776,High,19.1,74.3,391.1,0.225,0.52,0.864,Road closure for event/procession - full detour recommended for through-traffic
EVT403655,2025-10-05 03:26:57,Trade Fair,J020,Malleshwaram Circle,9910,Weekend,False,Clear,False,0.0,False,False,0.325,Low,32.6,27.3,113.6,0.084,0.194,0.968,Moderate traffic flow - standard adaptive signal timing in effect
EVT403656,2026-04-22 15:55:02,Concert,J031,Cubbon Road,17550,Weekday,False,Clear,False,0.0,False,False,0.563,High,20.2,34.3,402.6,0.268,0.619,0.956,Moderate traffic flow - standard adaptive signal timing in effect
EVT403657,2025-12-22 18:41:20,Trade Fair,J020,Malleshwaram Circle,16314,Weekday,False,Clear,False,0.0,False,False,1.0,Severe,9.7,72.5,506.3,0.2,0.461,0.936,Heavy congestion detected - signal timing extended and reroute suggested
EVT403658,2025-08-27 15:06:36,Religious Festival,J040,City Market,48788,Weekday,True,Clear,False,0.0,False,True,0.891,High,13.5,84.0,296.4,0.139,0.32,0.858,Road closure for event/procession - full detour recommended for through-traffic
EVT403659,2025-05-31 19:20:07,Local Market Day,J023,Basavanagudi,7244,Weekend,False,Clear,False,0.0,False,False,0.719,High,15.7,51.4,202.2,0.122,0.282,0.953,Moderate traffic flow - standard adaptive signal timing in effect
EVT403660,2025-01-15 18:33:08,Fireworks Display,J009,Majestic,29992,Weekday,True,Clear,False,0.0,False,False,1.0,Severe,7.8,70.5,669.9,0.219,0.505,0.828,Festival crowd surge detected - alternate route and extended cycle recommended
EVT403661,2026-01-15 09:13:02,Cultural Procession,J011,Indiranagar 100ft Road,16769,Weekday,True,Clear,False,0.0,False,True,1.0,Severe,6.8,94.9,288.6,0.09,0.209,0.85,Road closure for event/procession - full detour recommended for through-traffic
EVT403662,2026-03-26 22:35:46,Religious Festival,J030,MG Road,40960,Weekday,True,Clear,False,0.0,False,True,0.779,High,18.4,83.9,247.2,0.16,0.369,0.883,Road closure for event/procession - full detour recommended for through-traffic
EVT403663,2025-07-13 16:43:32,Local Market Day,J040,City Market,4231,Weekend,False,Heavy Rain,True,42.5,False,False,0.962,Severe,7.9,66.3,633.1,0.205,0.474,0.865,Heavy rain reducing visibility and grip - reduced speed and longer buffer advised
EVT403664,2025-09-01 17:42:48,Local Market Day,J009,Majestic,2170,Weekday,False,Rain,True,10.3,False,False,1.0,Severe,7.7,76.0,764.1,0.23,0.532,0.862,Heavy rain reducing visibility and grip - reduced speed and longer buffer advised
EVT403665,2026-04-04 18:34:13,Local Market Day,J023,Basavanagudi,3431,Weekend,False,Clear,False,0.0,False,False,0.911,Severe,9.3,66.4,168.1,0.088,0.204,0.954,Heavy congestion detected - signal timing extended and reroute suggested
EVT403666,2025-06-19 09:36:28,Concert,J031,Cubbon Road,4551,Weekday,False,Clear,False,0.0,False,False,1.0,Severe,8.9,69.9,383.6,0.162,0.375,0.931,Heavy congestion detected - signal timing extended and reroute suggested
EVT403667,2025-10-12 19:53:55,Sports Fixture,J030,MG Road,9034,Weekend,False,Clear,False,0.0,False,False,0.612,High,20.3,41.3,277.1,0.187,0.433,0.942,Moderate traffic flow - standard adaptive signal timing in effect
EVT403668,2026-03-11 19:03:28,Trade Fair,J023,Basavanagudi,4585,Weekday,False,Clear,False,0.0,False,False,0.907,Severe,12.3,66.4,654.9,0.294,0.678,0.922,Heavy congestion detected - signal timing extended and reroute suggested
EVT403669,2026-06-15 08:43:47,Local Market Day,J030,MG Road,2854,Weekday,False,Clear,False,0.0,False,False,0.958,Severe,10.4,68.5,551.6,0.206,0.476,0.934,Heavy congestion detected - signal timing extended and reroute suggested
EVT403670,2026-04-25 17:49:00,Trade Fair,J009,Majestic,8649,Weekend,False,Clear,False,0.0,False,False,0.836,Severe,14.8,55.4,155.7,0.09,0.208,0.937,Heavy congestion detected - signal timing extended and reroute suggested
EVT403671,2025-03-19 16:28:46,Local Market Day,J040,City Market,2478,Weekday,False,Clear,False,0.0,False,False,0.549,Moderate,20.2,37.2,313.9,0.207,0.478,0.945,Moderate traffic flow - standard adaptive signal timing in effect
EVT403672,2025-04-22 14:01:40,Sports Fixture,J040,City Market,14284,Weekday,False,Light Rain,True,5.0,False,False,0.321,Low,34.6,27.0,196.4,0.172,0.397,0.926,Light rain detected - minor speed reduction advised
EVT403673,2025-10-15 14:39:18,Concert,J020,Malleshwaram Circle,10844,Weekday,False,Rain,True,8.9,False,False,0.342,Low,32.0,25.0,147.7,0.129,0.298,0.899,Light rain detected - minor speed reduction advised
EVT403674,2025-09-15 00:24:18,Trade Fair,J009,Majestic,5339,Weekday,False,Light Rain,True,5.6,False,False,0.285,Low,27.9,23.3,229.3,0.191,0.442,0.902,Light rain detected - minor speed reduction advised
EVT403675,2025-10-27 02:44:03,Political Rally,J020,Malleshwaram Circle,44885,Weekday,False,Clear,False,0.0,False,False,0.479,Moderate,20.6,35.5,374.3,0.228,0.526,0.972,Moderate traffic flow - standard adaptive signal timing in effect
EVT403676,2025-10-11 11:10:37,Political Rally,J020,Malleshwaram Circle,16082,Weekend,False,Clear,False,0.0,False,False,0.5,Moderate,21.2,29.5,237.1,0.151,0.35,0.99,Moderate traffic flow - standard adaptive signal timing in effect
EVT403677,2026-04-23 12:05:40,Trade Fair,J012,Koramangala Sony World,5505,Weekday,False,Clear,False,0.0,False,False,0.251,Low,28.6,16.0,157.8,0.106,0.245,0.96,Moderate traffic flow - standard adaptive signal timing in effect
EVT403678,2026-02-05 08:06:36,Trade Fair,J012,Koramangala Sony World,7143,Weekday,False,Fog,False,0.0,False,False,0.849,Severe,14.8,60.4,372.0,0.191,0.441,0.928,Heavy congestion detected - signal timing extended and reroute suggested
EVT403679,2026-05-30 19:40:31,Political Rally,J009,Majestic,14317,Weekend,False,Clear,False,0.0,False,False,0.762,Severe,17.8,61.2,289.6,0.167,0.385,0.961,Heavy congestion detected - signal timing extended and reroute suggested
EVT403680,2025-01-22 20:00:32,Political Rally,J012,Koramangala Sony World,14538,Weekday,False,Light Rain,True,2.7,False,False,0.886,Severe,12.4,65.5,191.3,0.09,0.207,0.875,Heavy rain reducing visibility and grip - reduced speed and longer buffer advised
EVT403681,2025-01-12 14:07:30,Trade Fair,J030,MG Road,14390,Weekend,False,Clear,False,0.0,False,False,0.4,Moderate,25.9,33.8,232.1,0.167,0.386,0.952,Moderate traffic flow - standard adaptive signal timing in effect
EVT403682,2026-06-09 07:57:43,Concert,J020,Malleshwaram Circle,12447,Weekday,False,Heavy Rain,True,54.9,False,False,1.0,Severe,7.9,70.2,426.8,0.144,0.333,0.84,Heavy rain reducing visibility and grip - reduced speed and longer buffer advised
EVT403683,2025-10-07 05:01:28,Political Rally,J011,Indiranagar 100ft Road,10564,Weekday,False,Clear,False,0.0,False,False,0.241,Low,26.8,22.1,147.3,0.115,0.265,0.987,Normal free-flow traffic - standard signal timing maintained
EVT403684,2025-02-28 07:16:14,Concert,J020,Malleshwaram Circle,17115,Weekday,False,Clear,False,0.0,False,False,0.645,High,22.1,49.0,174.3,0.129,0.298,0.962,Moderate traffic flow - standard adaptive signal timing in effect
EVT403685,2025-05-29 17:04:54,Sports Fixture,J023,Basavanagudi,19873,Weekday,False,Clear,False,0.0,False,False,0.898,Severe,14.4,65.4,327.6,0.177,0.409,0.913,Heavy congestion detected - signal timing extended and reroute suggested
EVT403686,2026-05-31 18:38:27,Concert,J009,Majestic,13127,Weekend,False,Clear,False,0.0,False,False,0.864,Severe,11.4,58.2,442.7,0.196,0.452,0.972,Heavy congestion detected - signal timing extended and reroute suggested
EVT403687,2025-02-23 10:36:28,Sports Fixture,J012,Koramangala Sony World,30062,Weekend,False,Fog,False,0.0,False,False,0.654,High,17.0,44.7,229.2,0.149,0.344,0.965,Moderate traffic flow - standard adaptive signal timing in effect
EVT403688,2025-02-22 19:58:28,Trade Fair,J009,Majestic,8545,Weekend,False,Clear,False,0.0,False,False,0.672,High,18.7,47.5,216.9,0.126,0.292,0.96,Moderate traffic flow - standard adaptive signal timing in effect
EVT403689,2025-08-14 18:12:24,Local Market Day,J040,City Market,3161,Weekday,False,Clear,False,0.0,False,False,1.0,Severe,8.8,71.7,546.4,0.207,0.478,0.906,Heavy congestion detected - signal timing extended and reroute suggested
EVT403690,2025-06-28 09:33:43,Sports Fixture,J009,Majestic,10905,Weekend,False,Rain,True,10.0,False,False,0.906,Severe,11.0,67.6,630.8,0.276,0.639,0.898,Heavy rain reducing visibility and grip - reduced speed and longer buffer advised
EVT403691,2025-03-12 07:44:08,Local Market Day,J009,Majestic,6225,Weekday,False,Clear,False,0.0,False,False,0.707,High,15.4,49.7,196.1,0.105,0.243,0.962,Moderate traffic flow - standard adaptive signal timing in effect
EVT403692,2025-01-19 09:27:34,Sports Fixture,J023,Basavanagudi,35518,Weekend,False,Clear,False,0.0,False,False,1.0,Severe,7.6,70.2,825.4,0.27,0.623,0.905,Heavy congestion detected - signal timing extended and reroute suggested
EVT403693,2025-08-06 16:22:26,Trade Fair,J009,Majestic,9156,Weekday,False,Clear,False,0.0,False,False,0.574,High,23.0,43.6,354.2,0.26,0.601,0.959,Moderate traffic flow - standard adaptive signal timing in effect
EVT403694,2025-03-15 17:24:24,Cultural Procession,J040,City Market,12165,Weekend,True,Clear,False,0.0,False,True,1.0,Severe,9.5,104.3,534.1,0.21,0.485,0.817,Road closure for event/procession - full detour recommended for through-traffic
EVT403695,2025-02-01 06:24:44,Sports Fixture,J030,MG Road,18260,Weekend,False,Clear,False,0.0,False,False,0.413,Moderate,24.8,24.2,265.0,0.197,0.454,0.973,Moderate traffic flow - standard adaptive signal timing in effect
EVT403696,2025-03-24 13:37:23,Trade Fair,J023,Basavanagudi,13203,Weekday,False,Clear,False,0.0,False,False,0.243,Low,27.6,18.0,132.8,0.087,0.201,0.961,Normal free-flow traffic - standard signal timing maintained
EVT403697,2026-03-20 07:51:52,Religious Festival,J011,Indiranagar 100ft Road,62336,Weekday,True,Clear,False,0.0,False,False,1.0,Severe,6.7,74.1,376.8,0.112,0.259,0.848,Festival crowd surge detected - alternate route and extended cycle recommended
EVT403698,2025-07-27 08:00:17,Trade Fair,J031,Cubbon Road,7496,Weekend,False,Heavy Rain,True,29.8,False,False,1.0,Severe,7.3,75.2,553.4,0.163,0.377,0.862,Heavy rain reducing visibility and grip - reduced speed and longer buffer advised
EVT403699,2026-05-27 20:25:04,Trade Fair,J011,Indiranagar 100ft Road,10803,Weekday,False,Clear,False,0.0,False,False,0.697,High,17.1,44.6,336.0,0.181,0.417,0.945,Moderate traffic flow - standard adaptive signal timing in effect
EVT403700,2026-06-26 21:01:39,Local Market Day,J040,City Market,3218,Weekday,False,Clear,False,0.0,False,False,0.341,Low,22.8,19.5,135.2,0.092,0.213,0.962,Moderate traffic flow - standard adaptive signal timing in effect
EVT403701,2026-04-27 22:51:07,Local Market Day,J040,City Market,2817,Weekday,False,Clear,False,0.0,False,False,0.063,Low,35.4,8.4,91.1,0.075,0.173,0.99,Normal free-flow traffic - standard signal timing maintained
EVT403702,2025-12-27 22:16:22,Local Market Day,J011,Indiranagar 100ft Road,3165,Weekend,False,Clear,False,0.0,False,False,0.271,Low,33.7,18.7,89.4,0.074,0.17,0.959,Moderate traffic flow - standard adaptive signal timing in effect
EVT403703,2025-07-24 09:03:36,Trade Fair,J009,Majestic,9433,Weekday,False,Clear,False,0.0,False,False,1.0,Severe,7.6,65.6,240.2,0.081,0.186,0.925,Heavy congestion detected - signal timing extended and reroute suggested
EVT403704,2026-06-08 00:17:56,Trade Fair,J020,Malleshwaram Circle,10161,Weekday,False,Heavy Rain,True,43.3,False,False,0.566,High,21.2,42.8,137.9,0.08,0.185,0.91,Heavy rain reducing visibility and grip - reduced speed and longer buffer advised
EVT403705,2026-02-09 09:55:58,Political Rally,J012,Koramangala Sony World,11917,Weekday,False,Clear,False,0.0,False,False,0.824,Severe,16.2,59.7,326.1,0.175,0.404,0.941,Heavy congestion detected - signal timing extended and reroute suggested
EVT403706,2025-11-14 08:17:01,Local Market Day,J011,Indiranagar 100ft Road,4182,Weekday,False,Fog,False,0.0,True,False,1.0,Severe,7.1,71.4,636.5,0.211,0.487,0.785,Accident detected nearby - reroute and reduced speed advised
EVT403707,2025-01-04 08:39:31,Local Market Day,J023,Basavanagudi,3790,Weekend,False,Clear,False,0.0,False,False,0.794,Severe,12.4,56.4,644.8,0.277,0.64,0.978,Heavy congestion detected - signal timing extended and reroute suggested
EVT403708,2026-03-10 08:14:16,Local Market Day,J020,Malleshwaram Circle,2170,Weekday,False,Clear,False,0.0,False,False,0.897,Severe,14.2,60.0,363.0,0.195,0.45,0.932,Heavy congestion detected - signal timing extended and reroute suggested
EVT403709,2025-02-16 20:12:38,Local Market Day,J011,Indiranagar 100ft Road,2910,Weekend,False,Clear,False,0.0,False,False,0.619,High,19.0,47.4,187.2,0.124,0.286,0.945,Moderate traffic flow - standard adaptive signal timing in effect
EVT403710,2025-11-17 10:51:08,Local Market Day,J040,City Market,6739,Weekday,False,Clear,False,0.0,False,False,0.506,Moderate,25.1,40.6,144.3,0.124,0.285,0.99,Moderate traffic flow - standard adaptive signal timing in effect
EVT403711,2026-02-26 06:03:17,Local Market Day,J012,Koramangala Sony World,4071,Weekday,False,Clear,False,0.0,False,False,0.216,Low,33.9,13.6,151.3,0.142,0.327,0.957,Normal free-flow traffic - standard signal timing maintained
EVT403712,2025-04-28 09:16:57,Sports Fixture,J009,Majestic,40448,Weekday,False,Clear,False,0.0,False,False,1.0,Severe,8.3,71.3,527.7,0.175,0.405,0.914,Heavy congestion detected - signal timing extended and reroute suggested
EVT403713,2025-04-04 17:20:31,Concert,J020,Malleshwaram Circle,11140,Weekday,False,Clear,False,0.0,False,False,0.864,Severe,15.2,67.1,348.8,0.184,0.425,0.935,Heavy congestion detected - signal timing extended and reroute suggested
EVT403714,2025-12-20 08:52:55,Local Market Day,J009,Majestic,8433,Weekend,False,Clear,False,0.0,False,False,0.91,Severe,9.8,65.3,401.7,0.166,0.382,0.938,Heavy congestion detected - signal timing extended and reroute suggested
EVT403715,2026-06-25 17:37:10,Local Market Day,J023,Basavanagudi,2810,Weekday,False,Rain,True,15.2,False,False,1.0,Severe,8.3,69.8,870.0,0.267,0.616,0.851,Heavy rain reducing visibility and grip - reduced speed and longer buffer advised
EVT403716,2026-02-16 07:21:44,Local Market Day,J040,City Market,3847,Weekday,False,Clear,False,0.0,False,False,0.592,High,23.6,43.7,176.5,0.124,0.287,0.974,Moderate traffic flow - standard adaptive signal timing in effect
EVT403717,2025-10-25 01:45:29,Sports Fixture,J020,Malleshwaram Circle,34747,Weekend,False,Clear,False,0.0,False,False,0.385,Moderate,25.6,30.3,76.1,0.04,0.093,0.95,Moderate traffic flow - standard adaptive signal timing in effect
EVT403718,2025-11-13 10:41:16,Trade Fair,J020,Malleshwaram Circle,13009,Weekday,False,Clear,False,0.0,False,False,0.692,High,21.2,50.3,320.3,0.193,0.447,0.972,Moderate traffic flow - standard adaptive signal timing in effect
EVT403719,2025-08-09 13:51:58,Political Rally,J011,Indiranagar 100ft Road,15862,Weekend,False,Clear,False,0.0,False,False,0.413,Moderate,29.1,27.4,190.4,0.143,0.33,0.973,Moderate traffic flow - standard adaptive signal timing in effect
EVT403720,2026-01-26 16:44:09,Religious Festival,J011,Indiranagar 100ft Road,36384,Weekday,True,Clear,False,0.0,False,True,1.0,Severe,7.2,105.6,740.9,0.265,0.612,0.812,Road closure for event/procession - full detour recommended for through-traffic
EVT403721,2025-09-15 10:49:07,Local Market Day,J031,Cubbon Road,4329,Weekday,False,Rain,True,16.8,False,False,0.719,High,14.4,48.0,335.5,0.179,0.413,0.906,Heavy rain reducing visibility and grip - reduced speed and longer buffer advised
EVT403722,2025-02-25 09:21:24,Political Rally,J020,Malleshwaram Circle,9230,Weekday,False,Clear,False,0.0,False,False,1.0,Severe,9.5,74.1,389.5,0.151,0.35,0.911,Heavy congestion detected - signal timing extended and reroute suggested
EVT403723,2025-11-28 17:32:40,Trade Fair,J040,City Market,11655,Weekday,False,Clear,False,0.0,False,False,0.947,Severe,8.7,64.8,681.2,0.227,0.525,0.933,Heavy congestion detected - signal timing extended and reroute suggested
EVT403724,2025-11-19 11:09:55,Sports Fixture,J030,MG Road,20237,Weekday,False,Clear,False,0.0,False,False,0.42,Moderate,26.9,25.5,130.7,0.092,0.213,0.948,Moderate traffic flow - standard adaptive signal timing in effect
EVT403725,2025-03-11 21:21:53,Local Market Day,J009,Majestic,2523,Weekday,False,Clear,False,0.0,False,False,0.314,Low,29.0,24.7,91.2,0.062,0.142,0.962,Moderate traffic flow - standard adaptive signal timing in effect
EVT403726,2025-08-12 07:19:03,Political Rally,J031,Cubbon Road,16524,Weekday,False,Heavy Rain,True,34.4,False,False,0.91,Severe,8.0,67.5,607.8,0.205,0.474,0.912,Heavy rain reducing visibility and grip - reduced speed and longer buffer advised
EVT403727,2025-09-01 19:04:22,Concert,J009,Majestic,15822,Weekday,False,Clear,False,0.0,False,False,0.985,Severe,8.8,73.4,375.2,0.134,0.31,0.93,Heavy congestion detected - signal timing extended and reroute suggested
EVT403728,2026-03-30 09:05:01,Concert,J012,Koramangala Sony World,16040,Weekday,False,Clear,False,0.0,False,False,1.0,Severe,9.4,68.5,389.1,0.163,0.377,0.907,Heavy congestion detected - signal timing extended and reroute suggested
EVT403729,2025-07-18 16:36:15,Concert,J012,Koramangala Sony World,10282,Weekday,False,Clear,False,0.0,False,False,0.601,High,25.1,40.4,278.4,0.204,0.471,0.979,Moderate traffic flow - standard adaptive signal timing in effect
EVT403730,2025-09-11 12:30:19,Local Market Day,J009,Majestic,2843,Weekday,False,Clear,False,0.0,False,False,0.113,Low,40.7,13.1,81.1,0.07,0.162,0.961,Normal free-flow traffic - standard signal timing maintained
EVT403731,2025-05-05 20:25:55,Trade Fair,J011,Indiranagar 100ft Road,9011,Weekday,False,Fog,False,0.0,False,False,0.601,High,23.3,39.8,164.2,0.119,0.274,0.961,Moderate traffic flow - standard adaptive signal timing in effect
EVT403732,2025-03-30 20:10:27,Religious Festival,J009,Majestic,42050,Weekend,True,Clear,False,0.0,False,True,1.0,Severe,6.7,97.6,738.6,0.226,0.523,0.846,Road closure for event/procession - full detour recommended for through-traffic
EVT403733,2025-06-25 06:46:12,Local Market Day,J030,MG Road,5093,Weekday,False,Clear,False,0.0,False,False,0.332,Low,35.4,20.6,149.7,0.162,0.373,0.972,Moderate traffic flow - standard adaptive signal timing in effect
EVT403734,2026-03-09 19:04:04,Sports Fixture,J012,Koramangala Sony World,14283,Weekday,False,Clear,False,0.0,False,False,0.998,Severe,5.6,67.4,1353.7,0.298,0.688,0.89,Heavy congestion detected - signal timing extended and reroute suggested
EVT403735,2025-11-02 03:38:56,Fireworks Display,J011,Indiranagar 100ft Road,37472,Weekend,True,Clear,False,0.0,False,False,0.63,High,19.9,41.9,349.9,0.233,0.539,0.922,Festival crowd surge detected - alternate route and extended cycle recommended
EVT403736,2025-04-16 17:35:18,Sports Fixture,J012,Koramangala Sony World,21907,Weekday,False,Rain,True,8.3,False,False,1.0,Severe,6.2,75.5,1017.5,0.264,0.609,0.881,Heavy rain reducing visibility and grip - reduced speed and longer buffer advised
EVT403737,2026-04-16 13:02:09,Sports Fixture,J030,MG Road,18235,Weekday,False,Clear,False,0.0,False,False,0.231,Low,31.0,16.5,191.7,0.129,0.298,0.97,Normal free-flow traffic - standard signal timing maintained
EVT403738,2025-04-02 18:14:45,Political Rally,J023,Basavanagudi,20809,Weekday,False,Clear,False,0.0,False,False,1.0,Severe,8.2,71.6,464.5,0.155,0.359,0.915,Heavy congestion detected - signal timing extended and reroute suggested
EVT403739,2026-01-29 18:40:23,Concert,J040,City Market,11487,Weekday,False,Clear,False,0.0,False,False,1.0,Severe,8.0,68.2,621.0,0.206,0.476,0.938,Heavy congestion detected - signal timing extended and reroute suggested
EVT403740,2025-11-21 14:39:02,Concert,J031,Cubbon Road,7529,Weekday,False,Rain,True,8.3,False,False,0.355,Moderate,24.3,31.4,198.2,0.135,0.312,0.96,Light rain detected - minor speed reduction advised
EVT403741,2026-06-22 18:37:24,Concert,J011,Indiranagar 100ft Road,16451,Weekday,False,Clear,False,0.0,False,False,1.0,Severe,8.7,71.7,658.0,0.215,0.496,0.894,Heavy congestion detected - signal timing extended and reroute suggested
EVT403742,2025-02-08 06:51:32,Political Rally,J040,City Market,6354,Weekend,False,Clear,False,0.0,False,False,0.364,Moderate,27.0,26.6,97.6,0.074,0.171,0.963,Moderate traffic flow - standard adaptive signal timing in effect
EVT403743,2025-12-31 18:08:26,Sports Fixture,J020,Malleshwaram Circle,21874,Weekday,False,Clear,False,0.0,False,False,1.0,Severe,7.7,71.7,829.8,0.25,0.578,0.931,Heavy congestion detected - signal timing extended and reroute suggested
EVT403744,2025-03-28 17:27:00,Sports Fixture,J023,Basavanagudi,27230,Weekday,False,Fog,False,0.0,False,False,0.997,Severe,7.9,67.2,702.1,0.224,0.517,0.899,Heavy congestion detected - signal timing extended and reroute suggested
EVT403745,2025-09-01 18:00:11,Local Market Day,J031,Cubbon Road,2803,Weekday,False,Clear,False,0.0,False,False,0.965,Severe,9.3,67.3,444.8,0.162,0.375,0.932,Heavy congestion detected - signal timing extended and reroute suggested
EVT403746,2025-07-04 15:29:32,Sports Fixture,J023,Basavanagudi,19477,Weekday,False,Rain,True,21.4,False,False,0.646,High,19.1,44.5,169.6,0.103,0.239,0.9,Heavy rain reducing visibility and grip - reduced speed and longer buffer advised
EVT403747,2026-06-16 09:55:40,Local Market Day,J020,Malleshwaram Circle,5771,Weekday,False,Clear,False,0.0,False,False,0.832,Severe,15.4,56.1,328.8,0.182,0.421,0.948,Heavy congestion detected - signal timing extended and reroute suggested
EVT403748,2025-09-16 10:48:12,Political Rally,J020,Malleshwaram Circle,17259,Weekday,False,Clear,False,0.0,False,False,0.56,High,23.2,35.5,287.3,0.207,0.477,0.985,Moderate traffic flow - standard adaptive signal timing in effect
EVT403749,2025-10-24 18:59:21,Concert,J023,Basavanagudi,13127,Weekday,False,Clear,False,0.0,False,False,0.98,Severe,8.8,69.5,455.8,0.171,0.395,0.884,Heavy congestion detected - signal timing extended and reroute suggested
EVT403750,2025-03-18 11:56:48,Local Market Day,J031,Cubbon Road,4252,Weekday,False,Clear,False,0.0,False,False,0.3,Low,31.5,25.7,133.6,0.109,0.253,0.972,Moderate traffic flow - standard adaptive signal timing in effect
EVT403751,2025-09-20 10:27:59,Concert,J009,Majestic,9704,Weekend,False,Rain,True,15.1,False,False,0.778,Severe,15.3,57.3,251.4,0.133,0.308,0.899,Heavy rain reducing visibility and grip - reduced speed and longer buffer advised
EVT403752,2025-08-07 18:07:13,Local Market Day,J009,Majestic,5058,Weekday,False,Clear,False,0.0,False,False,1.0,Severe,9.0,70.9,421.4,0.182,0.421,0.913,Heavy congestion detected - signal timing extended and reroute suggested
EVT403753,2025-10-27 20:53:52,Concert,J011,Indiranagar 100ft Road,20471,Weekday,False,Rain,True,8.9,False,False,0.627,High,21.1,43.6,158.2,0.111,0.257,0.93,Heavy rain reducing visibility and grip - reduced speed and longer buffer advised
EVT403754,2026-06-10 17:41:37,Concert,J009,Majestic,14009,Weekday,False,Heavy Rain,True,38.0,False,False,1.0,Severe,6.5,72.8,554.4,0.155,0.359,0.843,Heavy rain reducing visibility and grip - reduced speed and longer buffer advised
EVT403755,2025-03-02 08:01:27,Sports Fixture,J040,City Market,13054,Weekend,False,Light Rain,True,5.4,False,False,0.824,Severe,12.5,60.4,230.1,0.086,0.2,0.898,Heavy rain reducing visibility and grip - reduced speed and longer buffer advised
EVT403756,2026-03-20 19:27:50,Religious Festival,J020,Malleshwaram Circle,27006,Weekday,True,Clear,False,0.0,False,False,1.0,Severe,10.8,76.7,185.1,0.059,0.137,0.862,Festival crowd surge detected - alternate route and extended cycle recommended
EVT403757,2025-06-28 12:16:30,Local Market Day,J023,Basavanagudi,2987,Weekend,False,Clear,False,0.0,False,False,0.277,Low,27.2,17.6,229.4,0.172,0.398,0.936,Moderate traffic flow - standard adaptive signal timing in effect
EVT403758,2026-01-20 23:28:59,Concert,J031,Cubbon Road,12824,Weekday,False,Clear,False,0.0,False,False,0.181,Low,36.1,10.2,84.9,0.085,0.197,0.955,Normal free-flow traffic - standard signal timing maintained
EVT403759,2026-02-01 18:53:59,Local Market Day,J009,Majestic,4260,Weekend,False,Clear,False,0.0,False,False,0.827,Severe,10.8,62.6,540.1,0.229,0.529,0.935,Heavy congestion detected - signal timing extended and reroute suggested
EVT403760,2025-07-21 23:24:15,Local Market Day,J040,City Market,5970,Weekday,False,Clear,False,0.0,False,False,0.24,Low,30.8,12.2,122.4,0.092,0.213,0.969,Normal free-flow traffic - standard signal timing maintained
EVT403761,2026-04-27 07:00:19,Trade Fair,J030,MG Road,9412,Weekday,False,Clear,False,0.0,False,False,0.365,Moderate,30.7,29.4,178.3,0.147,0.339,0.979,Moderate traffic flow - standard adaptive signal timing in effect
EVT403762,2025-08-12 19:43:10,Trade Fair,J040,City Market,14452,Weekday,False,Fog,False,0.0,False,False,0.822,Severe,13.3,58.9,271.4,0.119,0.276,0.95,Heavy congestion detected - signal timing extended and reroute suggested
EVT403763,2026-03-24 08:48:18,Local Market Day,J009,Majestic,3772,Weekday,False,Clear,False,0.0,False,False,1.0,Severe,10.1,70.0,298.3,0.141,0.325,0.887,Heavy congestion detected - signal timing extended and reroute suggested
EVT403764,2026-06-16 08:29:49,Sports Fixture,J011,Indiranagar 100ft Road,18342,Weekday,False,Heavy Rain,True,47.0,False,False,1.0,Severe,10.0,75.2,263.2,0.095,0.219,0.856,Heavy rain reducing visibility and grip - reduced speed and longer buffer advised
EVT403765,2025-11-14 08:46:15,Concert,J011,Indiranagar 100ft Road,8452,Weekday,False,Clear,False,0.0,False,False,1.0,Severe,8.1,68.0,241.3,0.089,0.206,0.937,Heavy congestion detected - signal timing extended and reroute suggested
EVT403766,2025-12-06 21:42:52,Sports Fixture,J031,Cubbon Road,41228,Weekend,False,Clear,False,0.0,False,False,0.533,Moderate,21.5,36.4,270.6,0.169,0.39,0.941,Moderate traffic flow - standard adaptive signal timing in effect
EVT403767,2025-06-15 18:41:37,Sports Fixture,J023,Basavanagudi,23315,Weekend,False,Rain,True,18.7,False,False,1.0,Severe,6.5,71.7,494.2,0.117,0.27,0.85,Heavy rain reducing visibility and grip - reduced speed and longer buffer advised
EVT403768,2026-01-28 13:19:44,Sports Fixture,J023,Basavanagudi,27778,Weekday,False,Clear,False,0.0,False,False,0.333,Low,34.4,27.6,222.1,0.192,0.444,0.98,Moderate traffic flow - standard adaptive signal timing in effect
EVT403769,2025-08-26 05:29:30,Trade Fair,J030,MG Road,11294,Weekday,False,Clear,False,0.0,False,False,0.277,Low,30.9,25.8,141.5,0.103,0.238,0.956,Moderate traffic flow - standard adaptive signal timing in effect
EVT403770,2025-06-09 09:34:08,Concert,J009,Majestic,10308,Weekday,False,Heavy Rain,True,41.2,False,False,1.0,Severe,6.8,75.3,457.4,0.135,0.313,0.879,Heavy rain reducing visibility and grip - reduced speed and longer buffer advised
EVT403771,2025-08-07 10:49:24,Local Market Day,J009,Majestic,2993,Weekday,False,Clear,False,0.0,False,False,0.539,Moderate,22.6,33.7,397.8,0.291,0.671,0.952,Moderate traffic flow - standard adaptive signal timing in effect
EVT403772,2025-07-10 11:57:54,Concert,J011,Indiranagar 100ft Road,8837,Weekday,False,Clear,False,0.0,False,False,0.326,Low,29.6,26.8,69.1,0.043,0.098,0.972,Moderate traffic flow - standard adaptive signal timing in effect
EVT403773,2025-03-09 14:59:38,Sports Fixture,J009,Majestic,23272,Weekend,False,Clear,False,0.0,False,False,0.464,Moderate,20.0,32.9,134.7,0.076,0.175,0.967,Moderate traffic flow - standard adaptive signal timing in effect
EVT403774,2025-06-12 15:09:50,Trade Fair,J012,Koramangala Sony World,7693,Weekday,False,Rain,True,18.3,False,False,0.495,Moderate,29.8,39.7,133.7,0.107,0.248,0.916,Light rain detected - minor speed reduction advised
EVT403775,2025-11-03 11:53:43,Sports Fixture,J020,Malleshwaram Circle,58671,Weekday,False,Clear,False,0.0,False,False,0.554,High,24.8,33.1,127.2,0.088,0.203,0.961,Moderate traffic flow - standard adaptive signal timing in effect
EVT403776,2026-03-04 08:00:05,Cultural Procession,J012,Koramangala Sony World,15553,Weekday,True,Clear,False,0.0,False,True,1.0,Severe,7.2,97.4,759.7,0.22,0.509,0.822,Road closure for event/procession - full detour recommended for through-traffic
EVT403777,2025-05-26 19:46:15,Sports Fixture,J023,Basavanagudi,31765,Weekday,False,Clear,False,0.0,False,False,0.976,Severe,8.8,72.8,434.3,0.162,0.375,0.95,Heavy congestion detected - signal timing extended and reroute suggested
EVT403778,2025-08-30 17:46:51,Concert,J040,City Market,12045,Weekend,False,Heavy Rain,True,36.4,False,False,1.0,Severe,9.8,67.2,766.9,0.307,0.708,0.894,Heavy rain reducing visibility and grip - reduced speed and longer buffer advised
EVT403779,2026-02-11 09:16:06,Local Market Day,J030,MG Road,3272,Weekday,False,Clear,False,0.0,False,False,0.971,Severe,9.3,68.6,375.4,0.162,0.374,0.924,Heavy congestion detected - signal timing extended and reroute suggested
EVT403780,2025-04-19 17:27:56,Local Market Day,J031,Cubbon Road,3806,Weekend,False,Clear,False,0.0,False,False,0.745,High,16.6,55.8,170.9,0.11,0.253,0.953,Moderate traffic flow - standard adaptive signal timing in effect
EVT403781,2025-12-03 14:58:57,Sports Fixture,J020,Malleshwaram Circle,18139,Weekday,False,Clear,False,0.0,False,False,0.323,Low,27.7,24.5,173.6,0.135,0.312,0.954,Moderate traffic flow - standard adaptive signal timing in effect
EVT403782,2026-03-09 15:03:28,Sports Fixture,J030,MG Road,29147,Weekday,False,Clear,False,0.0,False,False,0.328,Low,29.5,27.3,231.3,0.194,0.449,0.959,Moderate traffic flow - standard adaptive signal timing in effect
EVT403783,2025-05-10 09:43:25,Local Market Day,J012,Koramangala Sony World,4298,Weekend,False,Heavy Rain,True,28.4,False,False,1.0,Severe,8.0,65.4,588.3,0.201,0.464,0.861,Heavy rain reducing visibility and grip - reduced speed and longer buffer advised
EVT403784,2026-01-26 19:24:23,Fireworks Display,J023,Basavanagudi,28446,Weekday,True,Clear,False,0.0,False,False,1.0,Severe,9.6,75.1,440.3,0.175,0.404,0.877,Festival crowd surge detected - alternate route and extended cycle recommended
EVT403785,2026-01-31 10:42:19,Concert,J012,Koramangala Sony World,13912,Weekend,False,Clear,False,0.0,False,False,0.528,Moderate,20.9,38.4,238.9,0.133,0.307,0.958,Moderate traffic flow - standard adaptive signal timing in effect
EVT403786,2025-06-25 15:37:42,Political Rally,J011,Indiranagar 100ft Road,24438,Weekday,False,Clear,False,0.0,False,False,0.416,Moderate,18.1,27.9,391.4,0.21,0.485,0.977,Moderate traffic flow - standard adaptive signal timing in effect
EVT403787,2025-10-29 09:16:23,Political Rally,J020,Malleshwaram Circle,21985,Weekday,False,Rain,True,12.8,False,False,1.0,Severe,8.2,76.1,548.3,0.192,0.443,0.875,Heavy rain reducing visibility and grip - reduced speed and longer buffer advised
EVT403788,2026-05-15 05:10:13,Concert,J023,Basavanagudi,10356,Weekday,False,Clear,False,0.0,False,False,0.287,Low,34.6,20.2,73.9,0.084,0.194,0.95,Moderate traffic flow - standard adaptive signal timing in effect
EVT403789,2025-04-26 16:43:16,Local Market Day,J030,MG Road,4528,Weekend,False,Clear,False,0.0,False,False,0.547,Moderate,23.2,38.1,245.3,0.165,0.38,0.969,Moderate traffic flow - standard adaptive signal timing in effect
EVT403790,2026-03-11 09:02:15,Local Market Day,J030,MG Road,3809,Weekday,False,Clear,False,0.0,False,False,0.993,Severe,8.0,68.1,663.1,0.215,0.496,0.93,Heavy congestion detected - signal timing extended and reroute suggested
EVT403791,2025-02-21 09:46:10,Local Market Day,J012,Koramangala Sony World,5948,Weekday,False,Clear,False,0.0,False,False,0.902,Severe,14.5,63.3,220.5,0.118,0.273,0.918,Heavy congestion detected - signal timing extended and reroute suggested
EVT403792,2025-08-11 09:43:23,Sports Fixture,J040,City Market,33262,Weekday,False,Rain,True,15.4,False,False,1.0,Severe,8.0,68.7,481.6,0.16,0.369,0.876,Heavy rain reducing visibility and grip - reduced speed and longer buffer advised
EVT403793,2025-07-27 19:31:30,Concert,J031,Cubbon Road,10807,Weekend,False,Clear,False,0.0,False,False,0.768,Severe,14.3,55.9,286.2,0.135,0.312,0.959,Heavy congestion detected - signal timing extended and reroute suggested
EVT403794,2025-05-20 13:35:53,Trade Fair,J023,Basavanagudi,9493,Weekday,False,Clear,False,0.0,False,False,0.274,Low,35.2,24.4,93.6,0.098,0.227,0.952,Moderate traffic flow - standard adaptive signal timing in effect
EVT403795,2025-07-18 17:01:19,Trade Fair,J009,Majestic,6058,Weekday,False,Rain,True,17.2,False,False,0.867,Severe,10.3,62.4,416.7,0.169,0.389,0.869,Heavy rain reducing visibility and grip - reduced speed and longer buffer advised
EVT403796,2025-12-10 18:17:54,Trade Fair,J040,City Market,6855,Weekday,False,Light Rain,True,1.4,False,False,1.0,Severe,8.3,71.4,601.9,0.22,0.509,0.86,Heavy rain reducing visibility and grip - reduced speed and longer buffer advised
EVT403797,2026-05-12 17:19:59,Political Rally,J030,MG Road,14839,Weekday,False,Light Rain,True,1.9,False,False,0.934,Severe,12.0,67.4,185.5,0.085,0.197,0.882,Heavy rain reducing visibility and grip - reduced speed and longer buffer advised
EVT403798,2025-05-22 16:25:52,Trade Fair,J009,Majestic,6916,Weekday,False,Clear,False,0.0,False,False,0.549,Moderate,27.1,42.6,151.3,0.112,0.258,0.957,Moderate traffic flow - standard adaptive signal timing in effect
EVT403799,2026-03-17 09:33:34,Local Market Day,J020,Malleshwaram Circle,3784,Weekday,False,Clear,False,0.0,False,False,0.939,Severe,10.1,68.7,294.1,0.123,0.284,0.92,Heavy congestion detected - signal timing extended and reroute suggested
EVT403800,2025-02-05 07:56:17,Concert,J030,MG Road,15449,Weekday,False,Fog,False,0.0,False,False,0.828,Severe,14.2,61.1,279.2,0.148,0.341,0.939,Heavy congestion detected - signal timing extended and reroute suggested
EVT403801,2025-07-24 01:01:22,Sports Fixture,J031,Cubbon Road,21074,Weekday,False,Rain,True,23.1,True,False,0.882,Severe,12.1,64.8,264.1,0.11,0.254,0.744,Accident detected nearby - reroute and reduced speed advised
EVT403802,2025-01-29 06:37:53,Concert,J040,City Market,9966,Weekday,False,Rain,True,8.3,False,False,0.517,Moderate,22.9,36.0,272.8,0.188,0.435,0.92,Light rain detected - minor speed reduction advised
EVT403803,2025-03-14 07:45:55,Religious Festival,J030,MG Road,74116,Weekday,True,Clear,False,0.0,False,False,1.0,Severe,7.5,70.7,235.1,0.091,0.211,0.874,Festival crowd surge detected - alternate route and extended cycle recommended
EVT403804,2026-03-19 19:32:51,Cultural Procession,J030,MG Road,20960,Weekday,True,Clear,False,0.0,False,False,1.0,Severe,9.6,74.0,277.5,0.128,0.296,0.865,Festival crowd surge detected - alternate route and extended cycle recommended
EVT403805,2025-12-18 06:40:39,Concert,J031,Cubbon Road,16734,Weekday,False,Clear,False,0.0,False,False,0.338,Low,30.9,23.7,138.6,0.105,0.243,0.97,Moderate traffic flow - standard adaptive signal timing in effect
EVT403806,2026-04-20 12:26:39,Sports Fixture,J031,Cubbon Road,28204,Weekday,False,Clear,False,0.0,False,False,0.417,Moderate,23.6,30.0,101.2,0.047,0.108,0.972,Moderate traffic flow - standard adaptive signal timing in effect
EVT403807,2026-06-11 11:08:30,Trade Fair,J030,MG Road,14038,Weekday,False,Light Rain,True,4.4,False,False,0.493,Moderate,25.0,35.0,203.8,0.158,0.364,0.928,Light rain detected - minor speed reduction advised
EVT403808,2026-05-26 19:27:01,Local Market Day,J020,Malleshwaram Circle,4229,Weekday,False,Clear,False,0.0,False,False,0.904,Severe,10.9,65.6,194.5,0.077,0.177,0.936,Heavy congestion detected - signal timing extended and reroute suggested
EVT403809,2026-06-13 07:05:37,Sports Fixture,J012,Koramangala Sony World,13235,Weekend,False,Clear,False,0.0,False,False,0.435,Moderate,25.9,32.9,190.9,0.146,0.338,0.971,Moderate traffic flow - standard adaptive signal timing in effect
EVT403810,2026-06-04 16:34:14,Sports Fixture,J011,Indiranagar 100ft Road,16934,Weekday,False,Heavy Rain,True,60.3,False,False,1.0,Severe,7.9,73.0,804.9,0.254,0.588,0.837,Heavy rain reducing visibility and grip - reduced speed and longer buffer advised
EVT403811,2026-02-13 08:28:54,Local Market Day,J011,Indiranagar 100ft Road,3187,Weekday,False,Clear,False,0.0,False,False,0.979,Severe,10.3,71.0,459.1,0.209,0.483,0.905,Heavy congestion detected - signal timing extended and reroute suggested
EVT403812,2025-05-27 15:08:44,Sports Fixture,J009,Majestic,23603,Weekday,False,Rain,True,11.1,False,False,0.583,High,28.0,41.3,142.2,0.101,0.233,0.914,Heavy rain reducing visibility and grip - reduced speed and longer buffer advised
EVT403813,2026-05-07 17:31:25,Concert,J009,Majestic,13941,Weekday,False,Clear,False,0.0,False,False,0.933,Severe,12.1,61.4,369.0,0.181,0.417,0.925,Heavy congestion detected - signal timing extended and reroute suggested
EVT403814,2025-10-25 17:43:08,Sports Fixture,J030,MG Road,23619,Weekend,False,Clear,False,0.0,False,False,0.944,Severe,9.9,64.0,347.4,0.14,0.323,0.905,Heavy congestion detected - signal timing extended and reroute suggested
EVT403815,2025-02-04 11:39:32,Trade Fair,J011,Indiranagar 100ft Road,4382,Weekday,False,Clear,False,0.0,False,False,0.299,Low,27.2,19.0,107.4,0.093,0.214,0.96,Moderate traffic flow - standard adaptive signal timing in effect
EVT403816,2026-06-28 08:46:44,Local Market Day,J012,Koramangala Sony World,2472,Weekend,False,Heavy Rain,True,25.9,False,False,1.0,Severe,7.7,71.5,564.6,0.204,0.471,0.878,Heavy rain reducing visibility and grip - reduced speed and longer buffer advised
EVT403817,2025-03-24 07:44:14,Sports Fixture,J009,Majestic,18313,Weekday,False,Clear,False,0.0,False,False,0.775,Severe,13.4,59.1,552.3,0.235,0.543,0.964,Heavy congestion detected - signal timing extended and reroute suggested
EVT403818,2025-12-15 19:33:19,Concert,J023,Basavanagudi,12487,Weekday,False,Light Rain,True,0.7,False,False,0.962,Severe,10.3,70.5,658.7,0.25,0.578,0.885,Heavy rain reducing visibility and grip - reduced speed and longer buffer advised
EVT403819,2026-01-19 18:33:46,Local Market Day,J031,Cubbon Road,2314,Weekday,False,Light Rain,True,6.2,False,False,1.0,Severe,11.0,72.7,581.0,0.25,0.577,0.866,Heavy rain reducing visibility and grip - reduced speed and longer buffer advised
EVT403820,2025-09-14 18:23:27,Trade Fair,J031,Cubbon Road,9076,Weekend,False,Light Rain,True,3.4,False,False,0.965,Severe,9.8,63.1,699.8,0.289,0.667,0.874,Heavy rain reducing visibility and grip - reduced speed and longer buffer advised
EVT403821,2026-04-05 12:07:06,Local Market Day,J040,City Market,1663,Weekend,False,Clear,False,0.0,False,False,0.255,Low,27.9,11.4,154.9,0.127,0.294,0.961,Moderate traffic flow - standard adaptive signal timing in effect
EVT403822,2025-07-25 18:26:00,Sports Fixture,J031,Cubbon Road,16498,Weekday,False,Heavy Rain,True,30.9,False,False,1.0,Severe,8.1,67.5,634.9,0.228,0.527,0.856,Heavy rain reducing visibility and grip - reduced speed and longer buffer advised
EVT403823,2026-04-18 18:31:29,Concert,J012,Koramangala Sony World,12340,Weekend,False,Rain,True,9.3,False,False,1.0,Severe,8.3,72.6,501.1,0.165,0.381,0.872,Heavy rain reducing visibility and grip - reduced speed and longer buffer advised
EVT403824,2025-07-07 08:04:05,Local Market Day,J020,Malleshwaram Circle,4192,Weekday,False,Clear,False,0.0,False,False,0.826,Severe,15.9,59.6,213.9,0.118,0.272,0.964,Heavy congestion detected - signal timing extended and reroute suggested
EVT403825,2025-02-23 10:54:21,Sports Fixture,J030,MG Road,23858,Weekend,False,Clear,False,0.0,False,False,0.545,Moderate,24.0,42.9,141.7,0.114,0.263,0.947,Moderate traffic flow - standard adaptive signal timing in effect
EVT403826,2025-01-08 16:31:59,Local Market Day,J009,Majestic,5814,Weekday,False,Clear,False,0.0,False,False,0.586,High,18.4,42.5,280.2,0.181,0.418,0.943,Moderate traffic flow - standard adaptive signal timing in effect
EVT403827,2025-12-02 16:16:18,Local Market Day,J012,Koramangala Sony World,5545,Weekday,False,Clear,False,0.0,False,False,0.446,Moderate,29.2,25.5,152.7,0.116,0.267,0.967,Moderate traffic flow - standard adaptive signal timing in effect
EVT403828,2025-01-26 18:05:26,Religious Festival,J023,Basavanagudi,35924,Weekend,True,Clear,False,0.0,False,True,1.0,Severe,6.6,105.8,566.2,0.184,0.426,0.84,Road closure for event/procession - full detour recommended for through-traffic
EVT403829,2025-06-27 12:22:41,Local Market Day,J011,Indiranagar 100ft Road,3729,Weekday,False,Heavy Rain,True,44.4,False,False,0.558,High,24.1,40.3,114.9,0.079,0.183,0.924,Heavy rain reducing visibility and grip - reduced speed and longer buffer advised
EVT403830,2025-05-02 20:14:24,Religious Festival,J012,Koramangala Sony World,39414,Weekday,True,Clear,False,0.0,False,True,1.0,Severe,8.0,100.2,649.5,0.226,0.522,0.86,Road closure for event/procession - full detour recommended for through-traffic
EVT403831,2025-09-18 13:11:47,Political Rally,J012,Koramangala Sony World,9546,Weekday,False,Clear,False,0.0,False,False,0.197,Low,31.6,15.0,122.8,0.1,0.231,0.985,Normal free-flow traffic - standard signal timing maintained
EVT403832,2025-08-02 17:45:05,Sports Fixture,J023,Basavanagudi,16892,Weekend,False,Clear,False,0.0,False,False,0.92,Severe,11.9,70.7,319.0,0.138,0.318,0.91,Heavy congestion detected - signal timing extended and reroute suggested
EVT403833,2025-04-19 20:30:17,Local Market Day,J031,Cubbon Road,2476,Weekend,False,Clear,False,0.0,False,False,0.581,High,21.0,37.9,303.4,0.198,0.458,0.971,Moderate traffic flow - standard adaptive signal timing in effect
EVT403834,2026-05-26 10:23:04,Political Rally,J020,Malleshwaram Circle,11312,Weekday,False,Clear,False,0.0,False,False,0.638,High,23.7,45.4,179.2,0.141,0.325,0.947,Moderate traffic flow - standard adaptive signal timing in effect
EVT403835,2026-04-01 12:53:13,Local Market Day,J009,Majestic,4147,Weekday,False,Light Rain,True,6.5,False,False,0.284,Low,33.8,26.4,157.2,0.11,0.255,0.914,Light rain detected - minor speed reduction advised
EVT403836,2025-09-22 20:17:01,Political Rally,J020,Malleshwaram Circle,14657,Weekday,False,Clear,False,0.0,False,False,0.574,High,21.1,38.6,168.4,0.111,0.257,0.957,Moderate traffic flow - standard adaptive signal timing in effect
EVT403837,2026-01-24 19:28:11,Concert,J011,Indiranagar 100ft Road,6439,Weekend,False,Clear,False,0.0,False,False,0.725,High,11.6,52.3,448.7,0.195,0.452,0.973,Moderate traffic flow - standard adaptive signal timing in effect
EVT403838,2025-05-12 21:20:37,Sports Fixture,J012,Koramangala Sony World,23634,Weekday,False,Fog,False,0.0,False,False,0.411,Moderate,25.1,36.0,171.9,0.129,0.298,0.99,Moderate traffic flow - standard adaptive signal timing in effect
EVT403839,2025-04-10 19:54:17,Local Market Day,J020,Malleshwaram Circle,7315,Weekday,False,Clear,False,0.0,False,False,0.8,Severe,14.5,61.5,223.2,0.158,0.365,0.963,Heavy congestion detected - signal timing extended and reroute suggested
EVT403840,2026-03-28 06:41:26,Concert,J023,Basavanagudi,14722,Weekend,False,Clear,False,0.0,False,False,0.513,Moderate,21.1,37.5,290.3,0.183,0.423,0.985,Moderate traffic flow - standard adaptive signal timing in effect
EVT403841,2025-10-16 16:03:04,Concert,J030,MG Road,12188,Weekday,False,Clear,False,0.0,False,False,0.468,Moderate,26.0,33.2,151.3,0.142,0.328,0.972,Moderate traffic flow - standard adaptive signal timing in effect
EVT403842,2025-12-31 18:15:21,Concert,J040,City Market,14983,Weekday,False,Clear,False,0.0,False,False,1.0,Severe,9.1,73.5,275.3,0.124,0.286,0.891,Heavy congestion detected - signal timing extended and reroute suggested
EVT403843,2025-02-23 20:46:44,Local Market Day,J031,Cubbon Road,2811,Weekend,False,Clear,False,0.0,False,False,0.5,Moderate,22.1,34.8,359.0,0.253,0.585,0.99,Moderate traffic flow - standard adaptive signal timing in effect
EVT403844,2026-06-14 15:01:25,Trade Fair,J012,Koramangala Sony World,9232,Weekend,False,Rain,True,8.8,False,False,0.442,Moderate,24.6,28.3,220.0,0.162,0.374,0.893,Light rain detected - minor speed reduction advised
EVT403845,2025-06-15 06:19:33,Local Market Day,J009,Majestic,3684,Weekend,False,Heavy Rain,True,34.5,False,False,0.607,High,21.8,40.1,187.5,0.137,0.317,0.901,Heavy rain reducing visibility and grip - reduced speed and longer buffer advised
EVT403846,2026-02-13 21:01:04,Local Market Day,J023,Basavanagudi,3822,Weekday,False,Clear,False,0.0,False,False,0.446,Moderate,24.3,34.2,166.7,0.106,0.245,0.956,Moderate traffic flow - standard adaptive signal timing in effect
EVT403847,2025-11-13 21:54:01,Trade Fair,J011,Indiranagar 100ft Road,10369,Weekday,False,Clear,False,0.0,False,False,0.243,Low,30.3,18.5,106.2,0.092,0.212,0.968,Normal free-flow traffic - standard signal timing maintained
EVT403848,2025-10-27 15:58:04,Sports Fixture,J012,Koramangala Sony World,28382,Weekday,False,Heavy Rain,True,29.5,False,False,0.882,Severe,13.1,66.3,394.3,0.187,0.432,0.881,Heavy rain reducing visibility and grip - reduced speed and longer buffer advised
EVT403849,2026-02-18 15:27:10,Political Rally,J009,Majestic,19316,Weekday,False,Clear,False,0.0,False,False,0.394,Moderate,30.5,27.7,146.3,0.128,0.296,0.963,Moderate traffic flow - standard adaptive signal timing in effect
EVT403850,2025-08-23 09:07:25,Sports Fixture,J009,Majestic,12681,Weekend,False,Clear,False,0.0,False,False,0.884,Severe,11.9,55.2,313.1,0.161,0.372,0.915,Heavy congestion detected - signal timing extended and reroute suggested
EVT403851,2025-05-26 20:42:28,Political Rally,J020,Malleshwaram Circle,12767,Weekday,False,Clear,False,0.0,False,False,0.542,Moderate,19.5,37.8,325.2,0.2,0.463,0.978,Moderate traffic flow - standard adaptive signal timing in effect
EVT403852,2025-07-03 14:05:21,Trade Fair,J030,MG Road,5301,Weekday,False,Clear,False,0.0,False,False,0.147,Low,30.9,13.3,153.9,0.111,0.257,0.972,Normal free-flow traffic - standard signal timing maintained
EVT403853,2026-02-26 20:19:52,Trade Fair,J011,Indiranagar 100ft Road,5215,Weekday,False,Clear,False,0.0,False,False,0.611,High,23.6,45.5,240.2,0.169,0.39,0.962,Moderate traffic flow - standard adaptive signal timing in effect
EVT403854,2025-10-17 07:10:49,Political Rally,J012,Koramangala Sony World,12245,Weekday,False,Rain,True,15.1,False,False,0.748,High,14.5,56.3,425.1,0.231,0.533,0.908,Heavy rain reducing visibility and grip - reduced speed and longer buffer advised
EVT403855,2026-04-07 17:41:20,Sports Fixture,J009,Majestic,32911,Weekday,False,Clear,False,0.0,False,False,1.0,Severe,9.2,68.5,392.5,0.158,0.365,0.919,Heavy congestion detected - signal timing extended and reroute suggested
EVT403856,2026-06-16 19:37:46,Sports Fixture,J030,MG Road,15205,Weekday,False,Clear,False,0.0,False,False,0.853,Severe,15.8,62.2,154.8,0.086,0.199,0.942,Heavy congestion detected - signal timing extended and reroute suggested
EVT403857,2025-03-29 11:04:44,Trade Fair,J030,MG Road,6459,Weekend,False,Clear,False,0.0,False,False,0.488,Moderate,26.5,40.0,228.1,0.19,0.44,0.975,Moderate traffic flow - standard adaptive signal timing in effect
EVT403858,2026-01-28 07:20:01,Sports Fixture,J012,Koramangala Sony World,42598,Weekday,False,Clear,False,0.0,False,False,0.783,Severe,15.6,57.3,385.3,0.206,0.476,0.987,Heavy congestion detected - signal timing extended and reroute suggested
EVT403859,2026-05-04 10:06:39,Local Market Day,J023,Basavanagudi,3668,Weekday,False,Clear,False,0.0,False,False,0.733,High,18.5,52.1,222.5,0.129,0.298,0.955,Moderate traffic flow - standard adaptive signal timing in effect
EVT403860,2025-10-09 10:41:23,Concert,J011,Indiranagar 100ft Road,19964,Weekday,False,Clear,False,0.0,False,False,0.593,High,23.5,43.1,149.8,0.101,0.234,0.975,Moderate traffic flow - standard adaptive signal timing in effect
EVT403861,2025-09-09 16:59:31,Local Market Day,J023,Basavanagudi,2924,Weekday,False,Heavy Rain,True,29.3,False,False,0.979,Severe,10.4,71.2,618.3,0.247,0.572,0.879,Heavy rain reducing visibility and grip - reduced speed and longer buffer advised
EVT403862,2026-02-16 19:49:45,Trade Fair,J009,Majestic,12462,Weekday,False,Clear,False,0.0,False,False,0.833,Severe,12.1,58.8,369.5,0.175,0.403,0.956,Heavy congestion detected - signal timing extended and reroute suggested
EVT403863,2025-10-10 13:19:43,Political Rally,J020,Malleshwaram Circle,26017,Weekday,False,Clear,False,0.0,False,False,0.267,Low,27.4,20.3,215.7,0.151,0.348,0.957,Moderate traffic flow - standard adaptive signal timing in effect
EVT403864,2025-12-23 13:32:04,Local Market Day,J030,MG Road,2773,Weekday,False,Clear,False,0.0,False,False,0.175,Low,33.0,21.3,182.4,0.148,0.341,0.96,Normal free-flow traffic - standard signal timing maintained
EVT403865,2025-04-25 19:14:44,Local Market Day,J023,Basavanagudi,4292,Weekday,False,Clear,False,0.0,False,False,0.885,Severe,9.2,65.6,771.6,0.28,0.646,0.907,Heavy congestion detected - signal timing extended and reroute suggested
EVT403866,2025-05-03 08:48:12,Trade Fair,J011,Indiranagar 100ft Road,3381,Weekend,False,Clear,False,0.0,False,False,0.757,Severe,15.2,56.2,190.6,0.096,0.223,0.971,Heavy congestion detected - signal timing extended and reroute suggested
EVT403867,2025-11-18 13:03:59,Trade Fair,J012,Koramangala Sony World,9367,Weekday,False,Clear,False,0.0,False,False,0.211,Low,30.9,17.0,200.7,0.155,0.358,0.97,Normal free-flow traffic - standard signal timing maintained
EVT403868,2025-08-25 17:04:24,Concert,J011,Indiranagar 100ft Road,6007,Weekday,False,Clear,False,0.0,False,False,0.755,Severe,14.0,53.1,356.4,0.158,0.364,0.972,Heavy congestion detected - signal timing extended and reroute suggested
EVT403869,2026-02-01 16:58:10,Local Market Day,J020,Malleshwaram Circle,2790,Weekend,False,Clear,False,0.0,False,False,0.582,High,20.0,39.9,255.8,0.186,0.429,0.955,Moderate traffic flow - standard adaptive signal timing in effect
EVT403870,2025-05-10 10:52:26,Concert,J009,Majestic,10637,Weekend,False,Rain,True,14.7,False,False,0.655,High,19.4,49.1,192.1,0.131,0.302,0.923,Heavy rain reducing visibility and grip - reduced speed and longer buffer advised
EVT403871,2025-12-16 05:33:01,Local Market Day,J030,MG Road,3596,Weekday,False,Clear,False,0.0,False,False,0.171,Low,39.7,15.9,83.1,0.071,0.165,0.99,Normal free-flow traffic - standard signal timing maintained
EVT403872,2025-03-11 18:30:55,Local Market Day,J012,Koramangala Sony World,4066,Weekday,False,Light Rain,True,5.3,False,False,1.0,Severe,9.6,71.8,647.8,0.25,0.577,0.861,Heavy rain reducing visibility and grip - reduced speed and longer buffer advised
EVT403873,2026-01-07 14:31:12,Local Market Day,J012,Koramangala Sony World,1886,Weekday,False,Clear,False,0.0,False,False,0.24,Low,40.2,12.7,142.0,0.141,0.327,0.966,Normal free-flow traffic - standard signal timing maintained
EVT403874,2026-06-21 15:22:45,Local Market Day,J031,Cubbon Road,3959,Weekend,False,Rain,True,10.3,False,False,0.392,Moderate,32.5,33.5,163.9,0.149,0.344,0.91,Light rain detected - minor speed reduction advised
EVT403875,2025-12-16 23:18:29,Local Market Day,J020,Malleshwaram Circle,5191,Weekday,False,Clear,False,0.0,False,False,0.263,Low,26.9,18.0,158.8,0.12,0.276,0.956,Moderate traffic flow - standard adaptive signal timing in effect
EVT403876,2026-05-10 16:51:07,Concert,J031,Cubbon Road,12715,Weekend,False,Clear,False,0.0,False,False,0.624,High,18.3,47.0,267.4,0.182,0.42,0.955,Moderate traffic flow - standard adaptive signal timing in effect
EVT403877,2025-09-20 09:24:41,Local Market Day,J020,Malleshwaram Circle,3285,Weekend,False,Clear,False,0.0,False,False,0.828,Severe,12.0,56.7,226.7,0.098,0.226,0.952,Heavy congestion detected - signal timing extended and reroute suggested
EVT403878,2025-04-06 10:18:38,Religious Festival,J012,Koramangala Sony World,33846,Weekend,True,Clear,False,0.0,False,True,1.0,Severe,7.3,106.5,296.9,0.128,0.296,0.845,Road closure for event/procession - full detour recommended for through-traffic
EVT403879,2026-04-21 00:51:30,Concert,J009,Majestic,16553,Weekday,False,Clear,False,0.0,False,False,0.205,Low,31.1,17.0,267.4,0.2,0.462,0.961,Normal free-flow traffic - standard signal timing maintained
EVT403880,2025-12-09 18:42:25,Sports Fixture,J020,Malleshwaram Circle,28833,Weekday,False,Clear,False,0.0,False,False,1.0,Severe,6.1,76.1,1216.3,0.29,0.669,0.937,Heavy congestion detected - signal timing extended and reroute suggested
EVT403881,2026-03-23 10:54:11,Trade Fair,J030,MG Road,17498,Weekday,False,Clear,False,0.0,False,False,0.513,Moderate,24.5,35.4,226.4,0.132,0.305,0.958,Moderate traffic flow - standard adaptive signal timing in effect
EVT403882,2025-10-23 10:06:41,Trade Fair,J031,Cubbon Road,11668,Weekday,False,Clear,False,0.0,False,False,0.86,Severe,10.6,61.6,523.3,0.201,0.464,0.912,Heavy congestion detected - signal timing extended and reroute suggested
EVT403883,2025-09-30 10:02:11,Local Market Day,J020,Malleshwaram Circle,3586,Weekday,False,Clear,False,0.0,False,False,0.77,Severe,10.3,56.9,591.3,0.225,0.519,0.948,Heavy congestion detected - signal timing extended and reroute suggested
EVT403884,2025-01-16 23:28:14,Local Market Day,J011,Indiranagar 100ft Road,5097,Weekday,False,Fog,False,0.0,False,False,0.096,Low,36.3,9.5,130.1,0.119,0.275,0.95,Normal free-flow traffic - standard signal timing maintained
EVT403885,2025-04-13 07:56:38,Sports Fixture,J020,Malleshwaram Circle,20802,Weekend,False,Clear,False,0.0,False,False,0.722,High,16.5,48.6,256.4,0.154,0.356,0.963,Moderate traffic flow - standard adaptive signal timing in effect
EVT403886,2026-06-03 17:00:30,Local Market Day,J031,Cubbon Road,4816,Weekday,False,Heavy Rain,True,35.8,False,False,1.0,Severe,8.3,71.6,315.3,0.131,0.302,0.869,Heavy rain reducing visibility and grip - reduced speed and longer buffer advised
EVT403887,2025-03-24 18:15:12,Trade Fair,J012,Koramangala Sony World,6161,Weekday,False,Clear,False,0.0,False,False,1.0,Severe,9.6,73.6,675.3,0.247,0.57,0.887,Heavy congestion detected - signal timing extended and reroute suggested
EVT403888,2025-11-27 06:08:41,Local Market Day,J031,Cubbon Road,3993,Weekday,False,Clear,False,0.0,False,False,0.255,Low,32.2,16.7,91.9,0.079,0.184,0.99,Moderate traffic flow - standard adaptive signal timing in effect
EVT403889,2026-05-23 18:19:25,Sports Fixture,J009,Majestic,17464,Weekend,False,Clear,False,0.0,False,False,1.0,Severe,8.3,72.9,488.6,0.174,0.402,0.885,Heavy congestion detected - signal timing extended and reroute suggested
EVT403890,2025-12-02 13:05:27,Local Market Day,J030,MG Road,4132,Weekday,False,Clear,False,0.0,False,False,0.203,Low,36.5,11.2,96.1,0.093,0.216,0.974,Normal free-flow traffic - standard signal timing maintained
EVT403891,2025-04-10 08:34:27,Trade Fair,J011,Indiranagar 100ft Road,6711,Weekday,False,Clear,False,0.0,False,False,0.977,Severe,9.8,67.0,529.4,0.221,0.51,0.942,Heavy congestion detected - signal timing extended and reroute suggested
EVT403892,2026-06-10 17:11:05,Local Market Day,J009,Majestic,4964,Weekday,False,Clear,False,0.0,False,False,0.778,Severe,19.5,62.9,169.9,0.114,0.264,0.974,Heavy congestion detected - signal timing extended and reroute suggested
EVT403893,2026-03-23 08:35:53,Local Market Day,J020,Malleshwaram Circle,3668,Weekday,False,Clear,False,0.0,False,False,0.995,Severe,8.2,71.1,655.1,0.214,0.495,0.919,Heavy congestion detected - signal timing extended and reroute suggested
EVT403894,2026-05-03 16:17:47,Sports Fixture,J009,Majestic,23534,Weekend,False,Fog,False,0.0,False,False,0.546,Moderate,26.7,38.7,210.2,0.186,0.43,0.99,Moderate traffic flow - standard adaptive signal timing in effect
EVT403895,2025-12-13 04:23:44,Trade Fair,J040,City Market,9927,Weekend,False,Clear,False,0.0,False,False,0.279,Low,31.6,17.9,180.3,0.153,0.353,0.946,Moderate traffic flow - standard adaptive signal timing in effect
EVT403896,2025-04-19 15:15:26,Concert,J011,Indiranagar 100ft Road,13768,Weekend,False,Clear,False,0.0,False,False,0.373,Moderate,24.3,24.1,302.6,0.207,0.479,0.969,Moderate traffic flow - standard adaptive signal timing in effect
EVT403897,2026-05-30 17:27:40,Sports Fixture,J040,City Market,12026,Weekend,False,Clear,False,0.0,False,False,0.786,Severe,17.3,62.5,351.3,0.218,0.504,0.939,Heavy congestion detected - signal timing extended and reroute suggested
EVT403898,2025-02-08 19:45:10,Trade Fair,J030,MG Road,8991,Weekend,False,Clear,False,0.0,False,False,0.762,Severe,18.4,53.9,246.2,0.15,0.347,0.98,Heavy congestion detected - signal timing extended and reroute suggested
EVT403899,2026-01-01 12:46:57,Fireworks Display,J020,Malleshwaram Circle,16918,Weekday,True,Clear,False,0.0,False,False,0.381,Moderate,34.9,28.0,140.0,0.143,0.33,0.937,Moderate traffic flow - standard adaptive signal timing in effect
EVT403900,2026-03-22 21:01:00,Trade Fair,J030,MG Road,12294,Weekend,False,Clear,False,0.0,False,False,0.575,High,23.3,44.8,187.4,0.144,0.333,0.948,Moderate traffic flow - standard adaptive signal timing in effect
EVT403901,2026-06-12 12:17:08,Political Rally,J040,City Market,12323,Weekday,False,Clear,False,0.0,False,False,0.214,Low,36.2,11.2,150.6,0.146,0.337,0.929,Normal free-flow traffic - standard signal timing maintained
EVT403902,2025-03-29 08:47:13,Local Market Day,J031,Cubbon Road,3712,Weekend,False,Clear,False,0.0,False,False,0.919,Severe,8.9,63.3,368.7,0.13,0.299,0.929,Heavy congestion detected - signal timing extended and reroute suggested
EVT403903,2025-05-20 08:36:45,Local Market Day,J009,Majestic,2023,Weekday,False,Clear,False,0.0,False,False,0.971,Severe,8.0,70.2,763.6,0.25,0.579,0.929,Heavy congestion detected - signal timing extended and reroute suggested
EVT403904,2025-03-21 19:17:09,Trade Fair,J011,Indiranagar 100ft Road,6767,Weekday,False,Clear,False,0.0,False,False,0.893,Severe,11.4,59.3,622.6,0.277,0.639,0.956,Heavy congestion detected - signal timing extended and reroute suggested
EVT403905,2025-01-03 14:21:36,Concert,J012,Koramangala Sony World,16930,Weekday,False,Clear,False,0.0,False,False,0.279,Low,33.9,19.8,109.2,0.089,0.205,0.981,Moderate traffic flow - standard adaptive signal timing in effect
EVT403906,2026-01-11 19:37:55,Concert,J031,Cubbon Road,19762,Weekend,False,Clear,False,0.0,False,False,0.837,Severe,12.2,58.4,213.5,0.092,0.212,0.948,Heavy congestion detected - signal timing extended and reroute suggested
EVT403907,2025-09-24 09:34:35,Sports Fixture,J012,Koramangala Sony World,21469,Weekday,False,Heavy Rain,True,41.6,False,False,1.0,Severe,7.6,69.8,431.9,0.144,0.332,0.89,Heavy rain reducing visibility and grip - reduced speed and longer buffer advised
EVT403908,2025-04-23 08:01:47,Concert,J012,Koramangala Sony World,11676,Weekday,False,Clear,False,0.0,False,False,0.944,Severe,7.9,62.5,594.9,0.202,0.467,0.919,Heavy congestion detected - signal timing extended and reroute suggested
EVT403909,2026-01-21 10:37:14,Trade Fair,J009,Majestic,6632,Weekday,False,Clear,False,0.0,False,False,0.622,High,18.0,44.7,221.2,0.128,0.296,0.978,Moderate traffic flow - standard adaptive signal timing in effect
EVT403910,2025-04-11 13:42:40,Local Market Day,J012,Koramangala Sony World,6230,Weekday,False,Clear,False,0.0,False,False,0.224,Low,32.8,13.0,151.8,0.099,0.229,0.938,Normal free-flow traffic - standard signal timing maintained
EVT403911,2025-05-12 17:21:53,Political Rally,J030,MG Road,12803,Weekday,False,Clear,False,0.0,False,False,0.966,Severe,9.0,67.8,505.9,0.169,0.39,0.927,Heavy congestion detected - signal timing extended and reroute suggested
EVT403912,2025-10-21 14:23:33,Cultural Procession,J023,Basavanagudi,16892,Weekday,True,Clear,False,0.0,False,False,0.524,Moderate,24.7,35.4,158.4,0.115,0.265,0.92,Festival crowd surge detected - alternate route and extended cycle recommended
EVT403913,2025-11-06 09:21:56,Local Market Day,J011,Indiranagar 100ft Road,3291,Weekday,False,Clear,False,0.0,False,False,1.0,Severe,6.2,70.2,272.8,0.08,0.185,0.927,Heavy congestion detected - signal timing extended and reroute suggested
EVT403914,2025-02-14 09:58:27,Sports Fixture,J020,Malleshwaram Circle,32246,Weekday,False,Clear,False,0.0,False,False,0.939,Severe,10.5,65.3,310.0,0.154,0.355,0.909,Heavy congestion detected - signal timing extended and reroute suggested
EVT403915,2026-05-23 09:13:35,Trade Fair,J020,Malleshwaram Circle,16078,Weekend,False,Clear,False,0.0,False,False,0.943,Severe,10.5,63.8,564.2,0.224,0.518,0.919,Heavy congestion detected - signal timing extended and reroute suggested
EVT403916,2026-02-04 19:31:52,Concert,J031,Cubbon Road,11204,Weekday,False,Clear,False,0.0,False,False,0.902,Severe,13.6,70.1,331.5,0.173,0.401,0.928,Heavy congestion detected - signal timing extended and reroute suggested
EVT403917,2026-01-22 11:17:49,Political Rally,J011,Indiranagar 100ft Road,13612,Weekday,False,Clear,False,0.0,False,False,0.338,Low,27.4,25.9,151.8,0.113,0.26,0.961,Moderate traffic flow - standard adaptive signal timing in effect
EVT403918,2025-01-26 22:59:08,Cultural Procession,J011,Indiranagar 100ft Road,19061,Weekend,True,Clear,False,0.0,False,True,0.688,Moderate,17.2,68.1,228.8,0.127,0.293,0.864,Road closure for event/procession - full detour recommended for through-traffic
EVT403919,2025-03-30 15:38:17,Fireworks Display,J011,Indiranagar 100ft Road,38570,Weekend,True,Clear,False,0.0,False,False,0.821,Severe,15.1,61.4,334.3,0.197,0.456,0.894,Festival crowd surge detected - alternate route and extended cycle recommended
EVT403920,2026-06-15 15:44:37,Trade Fair,J011,Indiranagar 100ft Road,11279,Weekday,False,Clear,False,0.0,False,False,0.382,Moderate,19.8,26.8,253.2,0.144,0.333,0.93,Moderate traffic flow - standard adaptive signal timing in effect
EVT403921,2025-06-24 17:19:04,Trade Fair,J009,Majestic,8869,Weekday,False,Rain,True,17.8,False,False,1.0,Severe,8.4,73.0,271.8,0.088,0.203,0.869,Heavy rain reducing visibility and grip - reduced speed and longer buffer advised
EVT403922,2025-02-09 21:02:51,Sports Fixture,J030,MG Road,14373,Weekend,False,Clear,False,0.0,False,False,0.547,Moderate,22.6,39.5,203.0,0.129,0.297,0.949,Moderate traffic flow - standard adaptive signal timing in effect
EVT403923,2025-06-03 08:19:06,Local Market Day,J030,MG Road,3067,Weekday,False,Clear,False,0.0,False,False,0.965,Severe,6.7,70.2,731.9,0.184,0.425,0.895,Heavy congestion detected - signal timing extended and reroute suggested
EVT403924,2026-02-11 14:50:19,Local Market Day,J020,Malleshwaram Circle,4323,Weekday,False,Clear,False,0.0,False,False,0.288,Low,26.9,21.8,141.1,0.117,0.269,0.976,Moderate traffic flow - standard adaptive signal timing in effect
EVT403925,2026-03-10 23:50:07,Concert,J020,Malleshwaram Circle,14118,Weekday,False,Clear,False,0.0,False,False,0.287,Low,31.8,23.9,260.7,0.223,0.516,0.942,Moderate traffic flow - standard adaptive signal timing in effect
EVT403926,2025-01-06 12:49:22,Local Market Day,J030,MG Road,2163,Weekday,False,Clear,False,0.0,False,False,0.241,Low,38.8,21.6,169.1,0.161,0.373,0.961,Normal free-flow traffic - standard signal timing maintained
EVT403927,2026-01-13 15:57:10,Local Market Day,J023,Basavanagudi,4529,Weekday,False,Clear,False,0.0,False,False,0.459,Moderate,25.6,36.0,128.4,0.075,0.174,0.974,Moderate traffic flow - standard adaptive signal timing in effect
EVT403928,2025-08-27 07:31:48,Religious Festival,J023,Basavanagudi,58995,Weekday,True,Rain,True,14.6,False,True,1.0,Severe,7.6,98.2,775.5,0.238,0.549,0.777,Road closure for event/procession - full detour recommended for through-traffic
EVT403929,2026-01-23 14:06:30,Concert,J009,Majestic,14261,Weekday,False,Clear,False,0.0,False,False,0.244,Low,32.5,16.4,165.1,0.154,0.355,0.984,Normal free-flow traffic - standard signal timing maintained
EVT403930,2025-05-15 16:20:35,Concert,J040,City Market,20980,Weekday,False,Light Rain,True,6.7,False,False,0.725,High,19.3,50.1,206.0,0.147,0.339,0.921,Heavy rain reducing visibility and grip - reduced speed and longer buffer advised
EVT403931,2025-07-28 10:00:02,Concert,J023,Basavanagudi,16044,Weekday,False,Rain,True,7.5,False,False,0.985,Severe,7.7,67.8,621.4,0.189,0.437,0.878,Heavy rain reducing visibility and grip - reduced speed and longer buffer advised
EVT403932,2025-10-30 16:53:34,Trade Fair,J023,Basavanagudi,6669,Weekday,False,Rain,True,23.9,False,False,0.956,Severe,7.6,72.0,403.3,0.148,0.342,0.876,Heavy rain reducing visibility and grip - reduced speed and longer buffer advised
EVT403933,2025-11-05 08:28:49,Sports Fixture,J012,Koramangala Sony World,27708,Weekday,False,Rain,True,8.3,False,False,1.0,Severe,8.2,71.4,819.2,0.281,0.648,0.884,Heavy rain reducing visibility and grip - reduced speed and longer buffer advised
EVT403934,2026-04-21 01:27:29,Trade Fair,J011,Indiranagar 100ft Road,10105,Weekday,False,Clear,False,0.0,False,False,0.245,Low,27.3,14.0,154.5,0.14,0.324,0.953,Normal free-flow traffic - standard signal timing maintained
EVT403935,2025-11-22 18:47:05,Trade Fair,J023,Basavanagudi,12110,Weekend,False,Clear,False,0.0,False,False,0.942,Severe,11.9,67.9,321.7,0.14,0.323,0.948,Heavy congestion detected - signal timing extended and reroute suggested
EVT403936,2025-01-10 20:01:08,Local Market Day,J020,Malleshwaram Circle,2978,Weekday,False,Clear,False,0.0,False,False,0.837,Severe,14.3,62.1,277.2,0.157,0.364,0.927,Heavy congestion detected - signal timing extended and reroute suggested
EVT403937,2025-10-30 11:57:09,Local Market Day,J009,Majestic,2930,Weekday,False,Clear,False,0.0,False,False,0.272,Low,33.7,24.9,127.3,0.1,0.232,0.985,Moderate traffic flow - standard adaptive signal timing in effect
EVT403938,2025-10-07 10:48:37,Trade Fair,J023,Basavanagudi,8338,Weekday,False,Clear,False,0.0,False,False,0.508,Moderate,24.5,41.3,198.6,0.138,0.319,0.938,Moderate traffic flow - standard adaptive signal timing in effect
EVT403939,2025-12-19 15:02:18,Sports Fixture,J023,Basavanagudi,24917,Weekday,False,Light Rain,True,1.8,False,False,0.475,Moderate,28.6,36.4,84.3,0.064,0.148,0.915,Light rain detected - minor speed reduction advised
EVT403940,2025-08-23 07:30:30,Local Market Day,J040,City Market,1800,Weekend,False,Clear,False,0.0,False,False,0.474,Moderate,26.6,37.0,225.7,0.182,0.42,0.973,Moderate traffic flow - standard adaptive signal timing in effect
EVT403941,2025-03-27 15:25:00,Trade Fair,J020,Malleshwaram Circle,9793,Weekday,False,Clear,False,0.0,False,False,0.304,Low,33.6,23.9,133.9,0.136,0.315,0.955,Moderate traffic flow - standard adaptive signal timing in effect
EVT403942,2025-07-10 18:23:35,Trade Fair,J011,Indiranagar 100ft Road,8284,Weekday,False,Rain,True,17.0,False,False,1.0,Severe,7.4,73.6,647.6,0.215,0.498,0.886,Heavy rain reducing visibility and grip - reduced speed and longer buffer advised
EVT403943,2025-01-10 18:15:27,Local Market Day,J009,Majestic,3586,Weekday,False,Clear,False,0.0,False,False,0.948,Severe,11.7,69.9,417.2,0.206,0.477,0.961,Heavy congestion detected - signal timing extended and reroute suggested
EVT403944,2025-02-07 17:09:00,Sports Fixture,J020,Malleshwaram Circle,17890,Weekday,False,Clear,False,0.0,False,False,0.873,Severe,13.1,66.9,619.2,0.311,0.719,0.926,Heavy congestion detected - signal timing extended and reroute suggested
EVT403945,2025-09-08 19:44:59,Concert,J023,Basavanagudi,22093,Weekday,False,Heavy Rain,True,27.8,False,False,1.0,Severe,8.2,70.1,657.5,0.21,0.485,0.87,Heavy rain reducing visibility and grip - reduced speed and longer buffer advised
EVT403946,2026-05-04 14:56:45,Concert,J030,MG Road,10029,Weekday,False,Heavy Rain,True,31.3,False,False,0.585,High,20.6,36.7,215.2,0.146,0.337,0.918,Heavy rain reducing visibility and grip - reduced speed and longer buffer advised
EVT403947,2025-04-28 01:33:22,Sports Fixture,J011,Indiranagar 100ft Road,47507,Weekday,False,Clear,False,0.0,False,False,0.377,Moderate,33.2,28.3,172.1,0.131,0.303,0.938,Moderate traffic flow - standard adaptive signal timing in effect
EVT403948,2025-10-22 14:25:08,Fireworks Display,J009,Majestic,35799,Weekday,True,Clear,False,0.0,False,False,0.653,High,23.9,50.5,113.2,0.092,0.213,0.908,Festival crowd surge detected - alternate route and extended cycle recommended
EVT403949,2025-09-09 22:25:41,Concert,J030,MG Road,10546,Weekday,False,Rain,True,16.0,False,False,0.416,Moderate,23.7,33.9,234.3,0.17,0.393,0.924,Light rain detected - minor speed reduction advised
EVT403950,2025-09-21 11:08:21,Local Market Day,J031,Cubbon Road,3183,Weekend,False,Clear,False,0.0,False,False,0.392,Moderate,29.3,26.4,93.4,0.075,0.173,0.973,Moderate traffic flow - standard adaptive signal timing in effect
EVT403951,2026-05-16 20:52:59,Local Market Day,J030,MG Road,4648,Weekend,False,Clear,False,0.0,False,False,0.47,Moderate,23.5,32.8,285.3,0.178,0.41,0.978,Moderate traffic flow - standard adaptive signal timing in effect
EVT403952,2026-01-07 19:11:00,Sports Fixture,J023,Basavanagudi,36886,Weekday,False,Fog,False,0.0,False,False,1.0,Severe,7.8,69.8,828.9,0.272,0.628,0.885,Heavy congestion detected - signal timing extended and reroute suggested
EVT403953,2025-09-01 22:24:33,Local Market Day,J030,MG Road,3115,Weekday,False,Clear,False,0.0,False,False,0.194,Low,35.6,17.5,143.8,0.137,0.317,0.938,Normal free-flow traffic - standard signal timing maintained
EVT403954,2026-03-26 21:54:48,Fireworks Display,J009,Majestic,18366,Weekday,True,Clear,False,0.0,False,False,0.648,High,22.3,46.0,240.5,0.155,0.357,0.949,Festival crowd surge detected - alternate route and extended cycle recommended
EVT403955,2025-03-17 23:55:23,Trade Fair,J012,Koramangala Sony World,6580,Weekday,False,Clear,False,0.0,False,False,0.165,Low,25.5,14.6,69.5,0.051,0.118,0.957,Normal free-flow traffic - standard signal timing maintained
EVT403956,2025-03-21 12:59:07,Concert,J023,Basavanagudi,9202,Weekday,False,Clear,False,0.0,False,False,0.163,Low,39.2,13.5,89.5,0.083,0.191,0.951,Normal free-flow traffic - standard signal timing maintained
EVT403957,2025-05-20 08:51:46,Concert,J012,Koramangala Sony World,17671,Weekday,False,Clear,False,0.0,False,False,1.0,Severe,7.6,72.1,410.9,0.149,0.344,0.923,Heavy congestion detected - signal timing extended and reroute suggested
EVT403958,2025-02-23 14:20:46,Local Market Day,J040,City Market,2745,Weekend,False,Clear,False,0.0,False,False,0.149,Low,33.9,13.6,119.2,0.102,0.237,0.99,Normal free-flow traffic - standard signal timing maintained
EVT403959,2026-01-02 22:38:16,Religious Festival,J031,Cubbon Road,63365,Weekday,True,Clear,False,0.0,True,True,1.0,Severe,7.8,108.6,782.0,0.267,0.617,0.647,Road closure for event/procession - full detour recommended for through-traffic
EVT403960,2026-02-22 10:40:39,Sports Fixture,J009,Majestic,40143,Weekend,False,Clear,False,0.0,False,False,0.752,Severe,17.8,52.3,242.7,0.151,0.348,0.962,Heavy congestion detected - signal timing extended and reroute suggested
EVT403961,2026-04-24 14:40:43,Local Market Day,J009,Majestic,3701,Weekday,False,Clear,False,0.0,False,False,0.217,Low,30.2,7.8,196.0,0.148,0.343,0.947,Normal free-flow traffic - standard signal timing maintained
EVT403962,2025-09-17 06:48:15,Local Market Day,J030,MG Road,3471,Weekday,False,Clear,False,0.0,False,False,0.335,Low,26.1,30.3,167.2,0.114,0.262,0.984,Moderate traffic flow - standard adaptive signal timing in effect
EVT403963,2025-10-08 10:47:36,Concert,J012,Koramangala Sony World,9148,Weekday,False,Clear,False,0.0,False,False,0.554,High,25.0,39.6,308.3,0.271,0.626,0.936,Moderate traffic flow - standard adaptive signal timing in effect
EVT403964,2025-12-01 18:23:55,Concert,J009,Majestic,15887,Weekday,False,Clear,False,0.0,False,False,1.0,Severe,7.9,72.5,455.5,0.155,0.358,0.926,Heavy congestion detected - signal timing extended and reroute suggested
EVT403965,2026-03-30 21:14:40,Sports Fixture,J012,Koramangala Sony World,11057,Weekday,False,Clear,False,0.0,False,False,0.391,Moderate,33.1,29.6,197.3,0.157,0.362,0.987,Moderate traffic flow - standard adaptive signal timing in effect
EVT403966,2025-05-17 13:21:19,Local Market Day,J030,MG Road,4791,Weekend,False,Clear,False,0.0,False,False,0.228,Low,34.8,20.5,62.6,0.054,0.126,0.982,Normal free-flow traffic - standard signal timing maintained
EVT403967,2025-08-22 14:07:57,Trade Fair,J031,Cubbon Road,12455,Weekday,False,Heavy Rain,True,47.6,False,False,0.55,Moderate,23.2,42.8,219.9,0.165,0.381,0.928,Light rain detected - minor speed reduction advised
EVT403968,2025-09-02 11:31:03,Trade Fair,J009,Majestic,9191,Weekday,False,Rain,True,16.6,False,False,0.614,High,19.5,42.7,216.2,0.134,0.31,0.911,Heavy rain reducing visibility and grip - reduced speed and longer buffer advised
EVT403969,2025-07-23 13:27:54,Concert,J030,MG Road,8718,Weekday,False,Rain,True,21.0,False,False,0.408,Moderate,27.9,31.1,221.7,0.182,0.421,0.912,Light rain detected - minor speed reduction advised
EVT403970,2026-05-11 09:26:24,Concert,J009,Majestic,18742,Weekday,False,Clear,False,0.0,False,False,1.0,Severe,10.2,70.0,484.5,0.203,0.469,0.9,Heavy congestion detected - signal timing extended and reroute suggested
EVT403971,2025-10-24 20:21:27,Sports Fixture,J030,MG Road,17155,Weekday,False,Clear,False,0.0,False,False,0.736,High,18.2,56.8,266.8,0.156,0.361,0.99,Moderate traffic flow - standard adaptive signal timing in effect
EVT403972,2025-02-15 20:43:01,Sports Fixture,J020,Malleshwaram Circle,41542,Weekend,False,Clear,False,0.0,False,False,0.753,Severe,15.7,55.6,274.7,0.145,0.335,0.955,Heavy congestion detected - signal timing extended and reroute suggested
EVT403973,2025-10-08 08:52:17,Political Rally,J009,Majestic,13460,Weekday,False,Heavy Rain,True,47.3,False,False,1.0,Severe,7.8,69.5,643.6,0.222,0.514,0.868,Heavy rain reducing visibility and grip - reduced speed and longer buffer advised
EVT403974,2026-05-17 19:03:00,Trade Fair,J009,Majestic,9115,Weekend,False,Clear,False,0.0,False,False,0.886,Severe,12.1,69.6,395.5,0.173,0.4,0.943,Heavy congestion detected - signal timing extended and reroute suggested
EVT403975,2025-08-15 08:10:53,Religious Festival,J009,Majestic,38203,Weekday,True,Rain,True,13.9,False,True,1.0,Severe,7.2,103.3,778.4,0.232,0.536,0.807,Road closure for event/procession - full detour recommended for through-traffic
EVT403976,2025-01-07 14:15:25,Trade Fair,J020,Malleshwaram Circle,8683,Weekday,False,Clear,False,0.0,False,False,0.26,Low,33.0,23.3,230.5,0.177,0.409,0.969,Moderate traffic flow - standard adaptive signal timing in effect
EVT403977,2025-05-28 21:36:28,Sports Fixture,J009,Majestic,15598,Weekday,False,Rain,True,11.4,False,False,0.542,Moderate,27.0,39.9,157.8,0.107,0.247,0.935,Light rain detected - minor speed reduction advised
EVT403978,2025-06-26 09:55:37,Local Market Day,J023,Basavanagudi,6104,Weekday,False,Heavy Rain,True,34.7,False,False,1.0,Severe,9.3,69.8,273.4,0.12,0.276,0.864,Heavy rain reducing visibility and grip - reduced speed and longer buffer advised
EVT403979,2026-05-17 18:57:46,Trade Fair,J023,Basavanagudi,8358,Weekend,False,Clear,False,0.0,False,False,0.824,Severe,15.7,63.3,223.4,0.149,0.343,0.94,Heavy congestion detected - signal timing extended and reroute suggested
EVT403980,2025-08-06 11:06:12,Sports Fixture,J012,Koramangala Sony World,18058,Weekday,False,Clear,False,0.0,False,False,0.475,Moderate,26.7,28.1,164.9,0.153,0.353,0.99,Moderate traffic flow - standard adaptive signal timing in effect
EVT403981,2025-05-23 16:15:58,Local Market Day,J020,Malleshwaram Circle,6318,Weekday,False,Rain,True,11.5,False,False,0.64,High,19.0,49.2,339.2,0.215,0.496,0.917,Heavy rain reducing visibility and grip - reduced speed and longer buffer advised
EVT403982,2026-04-20 20:17:41,Local Market Day,J031,Cubbon Road,7702,Weekday,False,Clear,False,0.0,False,False,0.605,High,25.6,42.3,125.1,0.074,0.172,0.973,Moderate traffic flow - standard adaptive signal timing in effect
EVT403983,2026-03-27 07:58:33,Religious Festival,J030,MG Road,30352,Weekday,True,Clear,False,0.0,False,True,1.0,Severe,10.1,97.1,518.9,0.225,0.521,0.848,Road closure for event/procession - full detour recommended for through-traffic
EVT403984,2026-05-29 08:02:41,Sports Fixture,J023,Basavanagudi,9289,Weekday,False,Clear,False,0.0,False,False,0.882,Severe,9.6,69.7,484.4,0.202,0.466,0.934,Heavy congestion detected - signal timing extended and reroute suggested
EVT403985,2026-05-06 06:14:12,Local Market Day,J031,Cubbon Road,4109,Weekday,False,Rain,True,16.5,False,False,0.437,Moderate,26.5,33.4,212.0,0.159,0.368,0.908,Light rain detected - minor speed reduction advised
EVT403986,2025-07-23 07:52:13,Political Rally,J031,Cubbon Road,23068,Weekday,False,Clear,False,0.0,False,False,0.883,Severe,11.1,63.6,550.8,0.215,0.497,0.959,Heavy congestion detected - signal timing extended and reroute suggested
EVT403987,2026-04-16 09:54:29,Sports Fixture,J040,City Market,23507,Weekday,False,Clear,False,0.0,False,False,0.902,Severe,11.8,70.5,461.4,0.201,0.465,0.95,Heavy congestion detected - signal timing extended and reroute suggested
EVT403988,2025-12-01 18:10:24,Concert,J031,Cubbon Road,11030,Weekday,False,Light Rain,True,1.2,True,False,1.0,Severe,6.1,73.4,819.6,0.196,0.453,0.694,Accident detected nearby - reroute and reduced speed advised
EVT403989,2025-08-26 09:28:52,Sports Fixture,J012,Koramangala Sony World,33167,Weekday,False,Clear,False,0.0,False,False,1.0,Severe,8.4,69.2,645.8,0.239,0.551,0.885,Heavy congestion detected - signal timing extended and reroute suggested
EVT403990,2026-02-01 13:54:55,Sports Fixture,J009,Majestic,18525,Weekend,False,Clear,False,0.0,False,False,0.375,Moderate,30.9,24.1,146.3,0.113,0.262,0.959,Moderate traffic flow - standard adaptive signal timing in effect
EVT403991,2025-04-17 13:51:40,Political Rally,J030,MG Road,12731,Weekday,False,Clear,False,0.0,False,False,0.244,Low,27.2,15.7,125.8,0.081,0.187,0.964,Normal free-flow traffic - standard signal timing maintained
EVT403992,2026-03-15 18:00:55,Local Market Day,J023,Basavanagudi,4193,Weekend,False,Clear,False,0.0,False,False,0.921,Severe,9.9,65.2,456.8,0.169,0.391,0.933,Heavy congestion detected - signal timing extended and reroute suggested
EVT403993,2026-01-21 14:54:30,Concert,J011,Indiranagar 100ft Road,15901,Weekday,False,Clear,False,0.0,False,False,0.301,Low,22.5,18.8,192.0,0.123,0.285,0.969,Moderate traffic flow - standard adaptive signal timing in effect
EVT403994,2025-11-02 10:13:46,Religious Festival,J040,City Market,55262,Weekend,True,Clear,False,0.0,False,False,1.0,Severe,7.9,66.4,476.1,0.157,0.363,0.848,Festival crowd surge detected - alternate route and extended cycle recommended
EVT403995,2025-02-10 18:51:36,Trade Fair,J020,Malleshwaram Circle,4247,Weekday,False,Clear,False,0.0,False,False,0.91,Severe,12.1,65.6,645.1,0.306,0.706,0.93,Heavy congestion detected - signal timing extended and reroute suggested
EVT403996,2026-02-05 10:37:27,Sports Fixture,J040,City Market,13001,Weekday,False,Clear,False,0.0,False,False,0.59,High,20.3,44.1,291.2,0.175,0.405,0.966,Moderate traffic flow - standard adaptive signal timing in effect
EVT403997,2025-07-14 16:09:12,Concert,J011,Indiranagar 100ft Road,9940,Weekday,False,Rain,True,18.5,False,False,0.73,High,15.2,53.5,370.9,0.199,0.46,0.931,Heavy rain reducing visibility and grip - reduced speed and longer buffer advised
EVT403998,2025-09-30 17:43:03,Political Rally,J009,Majestic,17739,Weekday,False,Fog,False,0.0,False,False,1.0,Severe,8.5,71.3,557.3,0.181,0.419,0.903,Heavy congestion detected - signal timing extended and reroute suggested
EVT403999,2025-07-30 12:15:45,Concert,J030,MG Road,17703,Weekday,False,Clear,False,0.0,False,False,0.287,Low,29.0,19.7,167.9,0.158,0.365,0.982,Moderate traffic flow - standard adaptive signal timing in effect
EVT404000,2025-01-04 20:10:31,Sports Fixture,J009,Majestic,25004,Weekend,False,Clear,False,0.0,False,False,0.789,Severe,12.4,58.0,386.5,0.163,0.376,0.977,Heavy congestion detected - signal timing extended and reroute suggested
EVT404001,2025-08-25 18:02:57,Political Rally,J031,Cubbon Road,14746,Weekday,False,Rain,True,14.0,False,False,1.0,Severe,9.0,69.5,501.8,0.18,0.417,0.836,Heavy rain reducing visibility and grip - reduced speed and longer buffer advised
EVT404002,2025-04-01 07:39:24,Local Market Day,J020,Malleshwaram Circle,2981,Weekday,False,Clear,False,0.0,False,False,0.722,High,19.6,48.8,262.8,0.165,0.381,0.976,Moderate traffic flow - standard adaptive signal timing in effect
EVT404003,2025-03-08 06:38:56,Local Market Day,J012,Koramangala Sony World,3874,Weekend,False,Fog,False,0.0,False,False,0.508,Moderate,23.7,36.4,200.6,0.131,0.302,0.964,Moderate traffic flow - standard adaptive signal timing in effect
EVT404004,2025-05-09 16:42:01,Sports Fixture,J020,Malleshwaram Circle,20248,Weekday,False,Clear,False,0.0,False,False,0.711,High,16.7,48.4,109.2,0.06,0.138,0.948,Moderate traffic flow - standard adaptive signal timing in effect
EVT404005,2026-03-04 18:49:39,Cultural Procession,J023,Basavanagudi,14338,Weekday,True,Clear,False,0.0,False,True,1.0,Severe,7.4,93.1,734.0,0.236,0.545,0.848,Road closure for event/procession - full detour recommended for through-traffic
EVT404006,2025-02-28 10:18:24,Concert,J020,Malleshwaram Circle,13278,Weekday,False,Clear,False,0.0,False,False,0.709,High,20.3,51.8,214.4,0.141,0.326,0.973,Moderate traffic flow - standard adaptive signal timing in effect
EVT404007,2026-03-28 17:33:39,Concert,J009,Majestic,17112,Weekend,False,Light Rain,True,1.2,False,False,0.927,Severe,10.7,67.9,347.7,0.144,0.332,0.887,Heavy rain reducing visibility and grip - reduced speed and longer buffer advised
EVT404008,2026-03-04 17:17:41,Religious Festival,J030,MG Road,37295,Weekday,True,Clear,False,0.0,False,True,1.0,Severe,8.3,103.7,587.7,0.203,0.468,0.809,Road closure for event/procession - full detour recommended for through-traffic
EVT404009,2026-02-08 14:01:42,Sports Fixture,J030,MG Road,21222,Weekend,False,Clear,False,0.0,False,False,0.281,Low,41.6,20.0,84.8,0.098,0.225,0.968,Moderate traffic flow - standard adaptive signal timing in effect
EVT404010,2025-05-20 22:14:01,Concert,J040,City Market,8491,Weekday,False,Clear,False,0.0,False,False,0.267,Low,36.5,19.9,86.5,0.061,0.14,0.956,Moderate traffic flow - standard adaptive signal timing in effect
EVT404011,2026-05-30 09:42:49,Concert,J011,Indiranagar 100ft Road,16980,Weekend,False,Clear,False,0.0,False,False,0.859,Severe,17.9,57.6,314.8,0.212,0.49,0.961,Heavy congestion detected - signal timing extended and reroute suggested
EVT404012,2025-09-02 20:21:06,Local Market Day,J031,Cubbon Road,4066,Weekday,False,Rain,True,14.9,False,False,0.719,High,14.2,53.0,278.9,0.139,0.32,0.906,Heavy rain reducing visibility and grip - reduced speed and longer buffer advised
EVT404013,2025-05-26 19:09:51,Political Rally,J023,Basavanagudi,13662,Weekday,False,Clear,False,0.0,False,False,0.989,Severe,8.3,78.9,521.8,0.187,0.432,0.934,Heavy congestion detected - signal timing extended and reroute suggested
EVT404014,2026-05-20 07:36:29,Concert,J011,Indiranagar 100ft Road,16710,Weekday,False,Clear,False,0.0,False,False,0.689,High,20.5,53.1,306.6,0.195,0.45,0.943,Moderate traffic flow - standard adaptive signal timing in effect
EVT404015,2025-07-17 19:36:23,Local Market Day,J011,Indiranagar 100ft Road,6422,Weekday,False,Rain,True,11.8,False,False,0.93,Severe,11.3,62.5,164.1,0.084,0.194,0.882,Heavy rain reducing visibility and grip - reduced speed and longer buffer advised
EVT404016,2026-01-04 08:12:45,Political Rally,J011,Indiranagar 100ft Road,7170,Weekend,False,Clear,False,0.0,False,False,0.849,Severe,14.2,57.3,517.3,0.266,0.614,0.96,Heavy congestion detected - signal timing extended and reroute suggested
EVT404017,2025-12-01 10:34:38,Political Rally,J031,Cubbon Road,13938,Weekday,False,Clear,False,0.0,False,False,0.641,High,23.5,40.1,198.0,0.147,0.339,0.975,Moderate traffic flow - standard adaptive signal timing in effect
EVT404018,2026-01-14 15:18:57,Religious Festival,J011,Indiranagar 100ft Road,31672,Weekday,True,Clear,False,0.0,False,False,0.665,High,17.1,45.6,124.7,0.062,0.144,0.914,Festival crowd surge detected - alternate route and extended cycle recommended
EVT404019,2025-05-27 19:43:00,Concert,J031,Cubbon Road,11619,Weekday,False,Clear,False,0.0,False,False,0.811,Severe,16.8,59.1,126.9,0.069,0.16,0.97,Heavy congestion detected - signal timing extended and reroute suggested
EVT404020,2025-06-03 15:44:41,Sports Fixture,J011,Indiranagar 100ft Road,11210,Weekday,False,Rain,True,12.7,False,False,0.569,High,20.1,35.8,245.1,0.14,0.322,0.933,Heavy rain reducing visibility and grip - reduced speed and longer buffer advised
EVT404021,2025-05-27 10:25:28,Sports Fixture,J023,Basavanagudi,15873,Weekday,False,Rain,True,17.7,True,False,1.0,Severe,6.9,76.0,669.2,0.212,0.489,0.703,Accident detected nearby - reroute and reduced speed advised
EVT404022,2025-09-08 22:30:13,Concert,J012,Koramangala Sony World,15339,Weekday,False,Light Rain,True,2.3,False,False,0.381,Moderate,32.9,27.8,58.1,0.038,0.088,0.908,Light rain detected - minor speed reduction advised
EVT404023,2026-01-13 21:11:12,Sports Fixture,J030,MG Road,18360,Weekday,False,Clear,False,0.0,False,False,0.413,Moderate,25.4,30.3,252.8,0.185,0.427,0.954,Moderate traffic flow - standard adaptive signal timing in effect
EVT404024,2025-04-07 20:37:03,Religious Festival,J023,Basavanagudi,33102,Weekday,True,Clear,False,0.0,False,True,1.0,Severe,7.6,101.9,604.4,0.199,0.459,0.838,Road closure for event/procession - full detour recommended for through-traffic
EVT404025,2025-09-27 15:37:09,Sports Fixture,J012,Koramangala Sony World,33362,Weekend,False,Clear,False,0.0,False,False,0.598,High,25.7,42.0,175.8,0.134,0.309,0.977,Moderate traffic flow - standard adaptive signal timing in effect
EVT404026,2025-07-15 21:13:07,Local Market Day,J020,Malleshwaram Circle,2327,Weekday,False,Clear,False,0.0,False,False,0.376,Moderate,31.0,23.9,246.3,0.201,0.465,0.945,Moderate traffic flow - standard adaptive signal timing in effect
EVT404027,2025-05-15 14:55:16,Sports Fixture,J030,MG Road,48165,Weekday,False,Clear,False,0.0,False,False,0.542,Moderate,20.6,43.7,284.6,0.175,0.403,0.99,Moderate traffic flow - standard adaptive signal timing in effect
EVT404028,2026-05-28 21:38:07,Political Rally,J011,Indiranagar 100ft Road,16459,Weekday,False,Clear,False,0.0,False,False,0.381,Moderate,29.9,27.4,220.5,0.191,0.442,0.954,Moderate traffic flow - standard adaptive signal timing in effect
EVT404029,2026-05-09 10:26:31,Local Market Day,J020,Malleshwaram Circle,3271,Weekend,False,Clear,False,0.0,False,False,0.666,High,15.8,48.0,113.2,0.056,0.128,0.961,Moderate traffic flow - standard adaptive signal timing in effect
EVT404030,2025-12-04 07:17:22,Local Market Day,J011,Indiranagar 100ft Road,2996,Weekday,False,Light Rain,True,2.9,False,False,0.591,High,19.3,42.9,283.3,0.179,0.413,0.925,Heavy rain reducing visibility and grip - reduced speed and longer buffer advised
EVT404031,2025-07-28 22:05:44,Trade Fair,J030,MG Road,9909,Weekday,False,Heavy Rain,True,36.7,False,False,0.644,High,25.6,47.7,274.8,0.233,0.538,0.919,Heavy rain reducing visibility and grip - reduced speed and longer buffer advised
EVT404032,2025-05-23 17:28:22,Sports Fixture,J031,Cubbon Road,44880,Weekday,False,Clear,False,0.0,False,False,1.0,Severe,9.7,73.1,472.6,0.178,0.41,0.92,Heavy congestion detected - signal timing extended and reroute suggested
EVT404033,2025-11-19 09:55:28,Political Rally,J030,MG Road,15002,Weekday,False,Clear,False,0.0,False,False,0.958,Severe,11.5,75.1,398.0,0.177,0.409,0.933,Heavy congestion detected - signal timing extended and reroute suggested
EVT404034,2026-03-14 07:30:38,Concert,J030,MG Road,10972,Weekend,False,Clear,False,0.0,False,False,0.602,High,26.4,43.7,246.7,0.214,0.494,0.967,Moderate traffic flow - standard adaptive signal timing in effect
EVT404035,2025-04-03 16:35:32,Sports Fixture,J031,Cubbon Road,32774,Weekday,False,Clear,False,0.0,False,False,0.746,High,17.8,48.8,368.8,0.212,0.489,0.974,Moderate traffic flow - standard adaptive signal timing in effect
EVT404036,2025-06-23 22:05:26,Sports Fixture,J030,MG Road,12948,Weekday,False,Clear,False,0.0,False,False,0.288,Low,32.6,22.9,197.1,0.156,0.361,0.959,Moderate traffic flow - standard adaptive signal timing in effect
EVT404037,2025-10-24 10:24:17,Trade Fair,J011,Indiranagar 100ft Road,5431,Weekday,False,Clear,False,0.0,False,False,0.578,High,21.9,44.7,223.8,0.154,0.357,0.99,Moderate traffic flow - standard adaptive signal timing in effect
EVT404038,2025-05-30 19:54:09,Concert,J012,Koramangala Sony World,12444,Weekday,False,Clear,False,0.0,False,False,0.761,Severe,16.3,52.3,178.8,0.116,0.267,0.954,Heavy congestion detected - signal timing extended and reroute suggested
EVT404039,2026-05-01 19:01:58,Cultural Procession,J012,Koramangala Sony World,10533,Weekday,True,Light Rain,True,2.8,False,True,1.0,Severe,9.4,100.0,309.7,0.136,0.314,0.773,Road closure for event/procession - full detour recommended for through-traffic
EVT404040,2025-12-25 11:43:22,Fireworks Display,J023,Basavanagudi,24861,Weekday,True,Clear,False,0.0,False,False,0.636,High,20.0,49.5,399.8,0.253,0.583,0.927,Festival crowd surge detected - alternate route and extended cycle recommended
EVT404041,2025-10-19 09:27:02,Concert,J011,Indiranagar 100ft Road,9528,Weekend,False,Rain,True,12.3,False,False,1.0,Severe,7.0,65.7,436.9,0.151,0.349,0.872,Heavy rain reducing visibility and grip - reduced speed and longer buffer advised
EVT404042,2026-03-17 08:09:33,Local Market Day,J020,Malleshwaram Circle,3757,Weekday,False,Clear,False,0.0,False,False,0.924,Severe,10.4,65.2,358.7,0.141,0.325,0.916,Heavy congestion detected - signal timing extended and reroute suggested
EVT404043,2025-02-27 09:17:48,Sports Fixture,J011,Indiranagar 100ft Road,28856,Weekday,False,Clear,False,0.0,False,False,1.0,Severe,10.2,69.8,382.9,0.168,0.389,0.927,Heavy congestion detected - signal timing extended and reroute suggested
EVT404044,2025-05-21 10:00:20,Trade Fair,J009,Majestic,7420,Weekday,False,Fog,False,0.0,False,False,0.842,Severe,12.6,60.9,281.6,0.127,0.294,0.94,Heavy congestion detected - signal timing extended and reroute suggested
EVT404045,2025-07-20 13:31:34,Sports Fixture,J040,City Market,14690,Weekend,False,Rain,True,22.8,False,False,0.629,High,14.0,45.0,365.2,0.161,0.372,0.931,Heavy rain reducing visibility and grip - reduced speed and longer buffer advised
EVT404046,2025-11-23 00:21:54,Trade Fair,J011,Indiranagar 100ft Road,10040,Weekend,False,Clear,False,0.0,False,False,0.313,Low,31.7,21.0,192.9,0.178,0.411,0.95,Moderate traffic flow - standard adaptive signal timing in effect
EVT404047,2025-06-11 18:18:42,Trade Fair,J031,Cubbon Road,8690,Weekday,False,Rain,True,18.7,False,False,1.0,Severe,8.6,72.4,790.0,0.271,0.626,0.87,Heavy rain reducing visibility and grip - reduced speed and longer buffer advised
EVT404048,2025-02-10 03:58:33,Political Rally,J020,Malleshwaram Circle,9144,Weekday,False,Clear,False,0.0,False,False,0.189,Low,31.0,13.9,158.1,0.133,0.307,0.941,Normal free-flow traffic - standard signal timing maintained
EVT404049,2026-04-04 18:44:50,Sports Fixture,J031,Cubbon Road,20404,Weekend,False,Clear,False,0.0,False,False,0.99,Severe,7.7,76.4,709.5,0.231,0.533,0.906,Heavy congestion detected - signal timing extended and reroute suggested
EVT404050,2026-06-17 12:05:48,Political Rally,J020,Malleshwaram Circle,12225,Weekday,False,Clear,False,0.0,False,False,0.226,Low,31.7,12.0,142.6,0.116,0.269,0.976,Normal free-flow traffic - standard signal timing maintained
EVT404051,2025-12-11 11:41:58,Trade Fair,J040,City Market,4683,Weekday,False,Clear,False,0.0,False,False,0.263,Low,30.8,15.8,159.8,0.142,0.327,0.934,Moderate traffic flow - standard adaptive signal timing in effect
EVT404052,2026-01-01 08:00:00,Cultural Procession,J023,Basavanagudi,12765,Weekday,True,Clear,False,0.0,False,True,1.0,Severe,8.3,103.1,285.9,0.114,0.262,0.82,Road closure for event/procession - full detour recommended for through-traffic
EVT404053,2025-11-19 08:31:00,Local Market Day,J031,Cubbon Road,2164,Weekday,False,Clear,False,0.0,False,False,0.945,Severe,10.9,66.3,426.9,0.181,0.418,0.927,Heavy congestion detected - signal timing extended and reroute suggested
EVT404054,2025-01-21 09:38:54,Concert,J030,MG Road,10240,Weekday,False,Clear,False,0.0,False,False,1.0,Severe,7.4,67.1,486.9,0.145,0.335,0.907,Heavy congestion detected - signal timing extended and reroute suggested
EVT404055,2025-10-14 18:00:42,Sports Fixture,J012,Koramangala Sony World,24991,Weekday,False,Rain,True,19.7,False,False,1.0,Severe,8.1,73.7,335.9,0.12,0.277,0.877,Heavy rain reducing visibility and grip - reduced speed and longer buffer advised
EVT404056,2026-04-03 08:46:56,Sports Fixture,J011,Indiranagar 100ft Road,39138,Weekday,False,Clear,False,0.0,False,False,1.0,Severe,7.7,75.9,771.0,0.252,0.581,0.914,Heavy congestion detected - signal timing extended and reroute suggested
EVT404057,2025-08-27 05:25:01,Cultural Procession,J011,Indiranagar 100ft Road,17724,Weekday,True,Heavy Rain,True,67.0,False,False,0.817,Severe,11.9,53.4,269.6,0.13,0.301,0.873,Festival crowd surge detected - alternate route and extended cycle recommended
EVT404058,2025-06-20 18:48:03,Trade Fair,J040,City Market,12048,Weekday,False,Clear,False,0.0,False,False,1.0,Severe,7.1,72.8,677.1,0.212,0.489,0.928,Heavy congestion detected - signal timing extended and reroute suggested
EVT404059,2025-08-30 15:20:28,Trade Fair,J031,Cubbon Road,8522,Weekend,False,Clear,False,0.0,False,False,0.37,Moderate,30.9,25.7,109.1,0.089,0.205,0.975,Moderate traffic flow - standard adaptive signal timing in effect
EVT404060,2025-03-01 15:23:21,Sports Fixture,J040,City Market,16988,Weekend,False,Clear,False,0.0,False,False,0.365,Moderate,32.4,30.1,109.4,0.082,0.191,0.973,Moderate traffic flow - standard adaptive signal timing in effect
EVT404061,2025-09-07 16:19:06,Trade Fair,J011,Indiranagar 100ft Road,12906,Weekend,False,Heavy Rain,True,38.4,False,False,0.907,Severe,10.9,58.6,223.5,0.104,0.241,0.879,Heavy rain reducing visibility and grip - reduced speed and longer buffer advised
EVT404062,2025-01-14 17:54:54,Religious Festival,J020,Malleshwaram Circle,62067,Weekday,True,Clear,False,0.0,False,True,1.0,Severe,6.7,102.3,480.8,0.165,0.382,0.849,Road closure for event/procession - full detour recommended for through-traffic
EVT404063,2026-05-29 20:26:09,Political Rally,J011,Indiranagar 100ft Road,16537,Weekday,False,Clear,False,0.0,False,False,0.661,High,14.4,41.7,284.0,0.149,0.344,0.98,Moderate traffic flow - standard adaptive signal timing in effect
EVT404064,2025-10-30 09:22:22,Sports Fixture,J040,City Market,30262,Weekday,False,Rain,True,13.6,False,False,1.0,Severe,10.7,70.5,623.9,0.281,0.649,0.86,Heavy rain reducing visibility and grip - reduced speed and longer buffer advised
EVT404065,2025-11-23 18:29:29,Concert,J020,Malleshwaram Circle,10674,Weekend,False,Clear,False,0.0,False,False,0.988,Severe,9.4,77.3,568.4,0.227,0.525,0.908,Heavy congestion detected - signal timing extended and reroute suggested
EVT404066,2026-05-25 21:20:54,Local Market Day,J012,Koramangala Sony World,4371,Weekday,False,Clear,False,0.0,False,False,0.29,Low,27.9,25.4,201.1,0.173,0.399,0.962,Moderate traffic flow - standard adaptive signal timing in effect
EVT404067,2025-05-23 13:12:43,Concert,J012,Koramangala Sony World,13303,Weekday,False,Clear,False,0.0,False,False,0.225,Low,32.7,17.7,64.3,0.043,0.1,0.931,Normal free-flow traffic - standard signal timing maintained
EVT404068,2026-06-09 13:15:08,Political Rally,J009,Majestic,13655,Weekday,False,Clear,False,0.0,False,False,0.232,Low,34.4,11.5,134.0,0.133,0.306,0.969,Normal free-flow traffic - standard signal timing maintained
EVT404069,2025-12-03 12:50:07,Concert,J009,Majestic,8163,Weekday,False,Fog,False,0.0,False,False,0.138,Low,35.8,5.6,32.2,0.017,0.039,0.964,Normal free-flow traffic - standard signal timing maintained
EVT404070,2026-04-15 08:39:47,Cultural Procession,J012,Koramangala Sony World,12942,Weekday,True,Clear,False,0.0,True,True,1.0,Severe,9.7,101.5,715.6,0.282,0.652,0.677,Road closure for event/procession - full detour recommended for through-traffic
EVT404071,2025-05-25 09:45:28,Trade Fair,J040,City Market,11005,Weekend,False,Clear,False,0.0,False,False,0.781,Severe,19.9,56.6,138.1,0.09,0.207,0.961,Heavy congestion detected - signal timing extended and reroute suggested
EVT404072,2026-01-31 21:31:57,Sports Fixture,J031,Cubbon Road,11565,Weekend,False,Clear,False,0.0,False,False,0.372,Moderate,31.7,28.7,224.6,0.184,0.425,0.942,Moderate traffic flow - standard adaptive signal timing in effect
EVT404073,2025-04-09 09:53:52,Sports Fixture,J009,Majestic,32950,Weekday,False,Rain,True,17.2,False,False,1.0,Severe,7.8,70.6,793.8,0.24,0.554,0.876,Heavy rain reducing visibility and grip - reduced speed and longer buffer advised
EVT404074,2025-11-21 17:25:41,Trade Fair,J009,Majestic,7144,Weekday,False,Clear,False,0.0,False,False,0.894,Severe,11.1,67.4,409.9,0.157,0.362,0.956,Heavy congestion detected - signal timing extended and reroute suggested
EVT404075,2025-11-14 08:33:46,Trade Fair,J023,Basavanagudi,8567,Weekday,False,Clear,False,0.0,False,False,1.0,Severe,6.8,71.1,652.8,0.187,0.432,0.911,Heavy congestion detected - signal timing extended and reroute suggested
EVT404076,2025-12-03 17:48:00,Sports Fixture,J012,Koramangala Sony World,19267,Weekday,False,Clear,False,0.0,False,False,1.0,Severe,10.3,72.1,480.1,0.205,0.474,0.941,Heavy congestion detected - signal timing extended and reroute suggested
EVT404077,2025-03-21 18:31:07,Trade Fair,J023,Basavanagudi,4563,Weekday,False,Clear,False,0.0,False,False,1.0,Severe,8.5,70.6,930.6,0.316,0.73,0.906,Heavy congestion detected - signal timing extended and reroute suggested
EVT404078,2026-04-20 14:32:32,Local Market Day,J011,Indiranagar 100ft Road,4041,Weekday,False,Light Rain,True,5.4,False,False,0.286,Low,30.7,20.5,109.7,0.079,0.182,0.931,Light rain detected - minor speed reduction advised
EVT404079,2026-04-16 20:34:53,Local Market Day,J012,Koramangala Sony World,2650,Weekday,False,Clear,False,0.0,False,False,0.551,High,23.7,32.9,225.6,0.152,0.35,0.989,Moderate traffic flow - standard adaptive signal timing in effect
EVT404080,2025-10-06 17:23:47,Local Market Day,J011,Indiranagar 100ft Road,7576,Weekday,False,Clear,False,0.0,False,False,0.86,Severe,13.2,57.8,420.3,0.203,0.468,0.962,Heavy congestion detected - signal timing extended and reroute suggested
EVT404081,2025-04-03 08:15:43,Sports Fixture,J030,MG Road,25828,Weekday,False,Clear,False,0.0,False,False,0.908,Severe,13.8,64.9,413.0,0.225,0.519,0.917,Heavy congestion detected - signal timing extended and reroute suggested
EVT404082,2026-04-09 08:06:49,Sports Fixture,J011,Indiranagar 100ft Road,15456,Weekday,False,Clear,False,0.0,False,False,0.925,Severe,10.9,61.6,585.0,0.228,0.527,0.923,Heavy congestion detected - signal timing extended and reroute suggested
EVT404083,2025-11-05 12:09:35,Local Market Day,J023,Basavanagudi,2915,Weekday,False,Light Rain,True,4.1,False,False,0.261,Low,30.3,18.1,145.9,0.131,0.303,0.906,Light rain detected - minor speed reduction advised
EVT404084,2025-03-07 17:17:57,Sports Fixture,J031,Cubbon Road,16604,Weekday,False,Clear,False,0.0,False,False,0.865,Severe,12.9,56.3,332.1,0.17,0.392,0.928,Heavy congestion detected - signal timing extended and reroute suggested
EVT404085,2026-02-19 19:30:01,Local Market Day,J011,Indiranagar 100ft Road,2021,Weekday,False,Clear,False,0.0,False,False,0.777,Severe,19.2,53.0,345.3,0.218,0.505,0.953,Heavy congestion detected - signal timing extended and reroute suggested
EVT404086,2026-02-12 05:55:17,Concert,J031,Cubbon Road,5066,Weekday,False,Clear,False,0.0,False,False,0.179,Low,38.3,11.7,130.5,0.115,0.265,0.983,Normal free-flow traffic - standard signal timing maintained
EVT404087,2025-05-07 09:10:44,Political Rally,J012,Koramangala Sony World,13484,Weekday,False,Fog,False,0.0,False,False,1.0,Severe,9.0,70.3,321.5,0.123,0.283,0.885,Heavy congestion detected - signal timing extended and reroute suggested
EVT404088,2026-02-12 15:14:00,Local Market Day,J009,Majestic,3283,Weekday,False,Clear,False,0.0,False,False,0.319,Low,31.1,21.3,128.3,0.115,0.265,0.972,Moderate traffic flow - standard adaptive signal timing in effect
EVT404089,2025-09-08 09:58:53,Local Market Day,J009,Majestic,5915,Weekday,False,Rain,True,15.2,False,False,1.0,Severe,7.2,71.3,817.0,0.236,0.544,0.87,Heavy rain reducing visibility and grip - reduced speed and longer buffer advised
EVT404090,2025-07-07 09:36:27,Local Market Day,J030,MG Road,3476,Weekday,False,Clear,False,0.0,False,False,0.907,Severe,12.4,64.2,525.8,0.226,0.522,0.95,Heavy congestion detected - signal timing extended and reroute suggested
EVT404091,2025-12-24 05:45:13,Local Market Day,J011,Indiranagar 100ft Road,5056,Weekday,False,Clear,False,0.0,False,False,0.285,Low,33.9,23.5,122.7,0.124,0.287,0.973,Moderate traffic flow - standard adaptive signal timing in effect
EVT404092,2025-02-27 22:43:48,Trade Fair,J012,Koramangala Sony World,6794,Weekday,False,Clear,False,0.0,False,False,0.258,Low,37.8,26.7,124.7,0.098,0.227,0.953,Moderate traffic flow - standard adaptive signal timing in effect
EVT404093,2025-11-25 18:35:03,Local Market Day,J020,Malleshwaram Circle,2703,Weekday,False,Clear,False,0.0,False,False,1.0,Severe,8.7,66.4,330.4,0.131,0.302,0.906,Heavy congestion detected - signal timing extended and reroute suggested
EVT404094,2025-08-03 09:42:20,Trade Fair,J011,Indiranagar 100ft Road,6266,Weekend,False,Heavy Rain,True,27.8,False,False,1.0,Severe,8.1,68.8,772.8,0.237,0.547,0.869,Heavy rain reducing visibility and grip - reduced speed and longer buffer advised
EVT404095,2025-07-20 17:42:26,Concert,J040,City Market,9756,Weekend,False,Heavy Rain,True,79.1,False,False,1.0,Severe,7.9,72.7,623.4,0.213,0.492,0.864,Heavy rain reducing visibility and grip - reduced speed and longer buffer advised
EVT404096,2025-04-08 20:42:11,Trade Fair,J031,Cubbon Road,4793,Weekday,False,Clear,False,0.0,False,False,0.439,Moderate,28.6,29.4,108.5,0.062,0.142,0.968,Moderate traffic flow - standard adaptive signal timing in effect
EVT404097,2025-02-14 22:38:18,Trade Fair,J009,Majestic,11084,Weekday,False,Clear,False,0.0,False,False,0.23,Low,31.5,11.8,238.6,0.203,0.469,0.96,Normal free-flow traffic - standard signal timing maintained
EVT404098,2025-07-16 18:27:23,Political Rally,J011,Indiranagar 100ft Road,9927,Weekday,False,Clear,False,0.0,False,False,1.0,Severe,8.5,75.2,736.3,0.247,0.572,0.916,Heavy congestion detected - signal timing extended and reroute suggested
EVT404099,2025-08-06 11:33:11,Trade Fair,J020,Malleshwaram Circle,11563,Weekday,False,Clear,False,0.0,False,False,0.334,Low,25.6,20.6,119.4,0.079,0.183,0.958,Moderate traffic flow - standard adaptive signal timing in effect
EVT404100,2026-05-09 13:49:36,Trade Fair,J040,City Market,8165,Weekend,False,Rain,True,21.6,False,False,0.461,Moderate,36.3,36.2,182.5,0.19,0.439,0.9,Light rain detected - minor speed reduction advised
EVT404101,2026-02-02 09:16:32,Local Market Day,J030,MG Road,4985,Weekday,False,Clear,False,0.0,False,False,1.0,Severe,9.0,75.3,310.1,0.104,0.24,0.917,Heavy congestion detected - signal timing extended and reroute suggested
EVT404102,2026-01-20 19:56:16,Trade Fair,J012,Koramangala Sony World,4782,Weekday,False,Clear,False,0.0,False,False,0.815,Severe,16.2,54.5,324.2,0.178,0.41,0.968,Heavy congestion detected - signal timing extended and reroute suggested
EVT404103,2025-12-14 09:35:22,Local Market Day,J031,Cubbon Road,4137,Weekend,False,Clear,False,0.0,False,False,0.893,Severe,13.1,65.3,262.6,0.149,0.344,0.937,Heavy congestion detected - signal timing extended and reroute suggested
EVT404104,2025-12-26 19:06:11,Religious Festival,J040,City Market,45791,Weekday,True,Clear,False,0.0,False,True,1.0,Severe,7.7,102.5,648.6,0.198,0.456,0.839,Road closure for event/procession - full detour recommended for through-traffic
EVT404105,2025-01-25 21:13:46,Local Market Day,J011,Indiranagar 100ft Road,4524,Weekend,False,Light Rain,True,5.1,False,False,0.539,Moderate,27.2,32.3,148.4,0.136,0.315,0.935,Light rain detected - minor speed reduction advised
EVT404106,2025-11-25 14:09:25,Sports Fixture,J011,Indiranagar 100ft Road,21897,Weekday,False,Clear,False,0.0,False,False,0.312,Low,43.3,23.5,89.1,0.113,0.261,0.946,Moderate traffic flow - standard adaptive signal timing in effect
EVT404107,2025-11-29 14:55:18,Concert,J011,Indiranagar 100ft Road,14554,Weekend,False,Clear,False,0.0,False,False,0.314,Low,27.6,24.2,189.7,0.136,0.313,0.99,Moderate traffic flow - standard adaptive signal timing in effect
EVT404108,2025-07-04 12:18:20,Local Market Day,J040,City Market,4097,Weekday,False,Heavy Rain,True,44.9,False,False,0.597,High,20.4,50.4,208.4,0.127,0.293,0.905,Heavy rain reducing visibility and grip - reduced speed and longer buffer advised
EVT404109,2025-08-17 14:54:47,Local Market Day,J020,Malleshwaram Circle,4210,Weekend,False,Heavy Rain,True,25.4,False,False,0.535,Moderate,20.6,32.9,233.5,0.133,0.307,0.935,Light rain detected - minor speed reduction advised
EVT404110,2025-07-13 20:21:31,Concert,J012,Koramangala Sony World,15602,Weekend,False,Clear,False,0.0,False,False,0.556,High,21.9,40.3,207.2,0.137,0.317,0.947,Moderate traffic flow - standard adaptive signal timing in effect
EVT404111,2025-04-23 14:05:54,Local Market Day,J012,Koramangala Sony World,2187,Weekday,False,Clear,False,0.0,False,False,0.158,Low,38.0,5.6,63.0,0.045,0.104,0.969,Normal free-flow traffic - standard signal timing maintained
EVT404112,2026-03-04 07:46:52,Religious Festival,J012,Koramangala Sony World,27238,Weekday,True,Clear,False,0.0,False,False,1.0,Severe,8.4,69.9,275.9,0.104,0.24,0.874,Festival crowd surge detected - alternate route and extended cycle recommended
EVT404113,2026-03-30 13:52:50,Trade Fair,J030,MG Road,8131,Weekday,False,Clear,False,0.0,False,False,0.215,Low,37.6,10.4,123.4,0.139,0.321,0.977,Normal free-flow traffic - standard signal timing maintained
EVT404114,2026-06-24 20:12:41,Sports Fixture,J011,Indiranagar 100ft Road,14149,Weekday,False,Light Rain,True,7.2,False,False,0.88,Severe,14.8,60.5,354.8,0.208,0.481,0.905,Heavy rain reducing visibility and grip - reduced speed and longer buffer advised
EVT404115,2025-11-25 18:29:24,Local Market Day,J031,Cubbon Road,7531,Weekday,False,Clear,False,0.0,False,False,1.0,Severe,9.5,68.4,466.6,0.196,0.452,0.93,Heavy congestion detected - signal timing extended and reroute suggested
EVT404116,2026-01-23 19:30:38,Trade Fair,J020,Malleshwaram Circle,12992,Weekday,False,Clear,False,0.0,False,False,0.93,Severe,11.8,65.3,475.4,0.222,0.512,0.953,Heavy congestion detected - signal timing extended and reroute suggested
EVT404117,2026-05-27 20:44:41,Local Market Day,J023,Basavanagudi,2304,Weekday,False,Rain,True,16.3,False,False,0.697,High,15.1,48.0,320.5,0.172,0.398,0.932,Heavy rain reducing visibility and grip - reduced speed and longer buffer advised
EVT404118,2026-01-01 16:57:38,Fireworks Display,J012,Koramangala Sony World,28063,Weekday,True,Clear,False,0.0,False,False,1.0,Severe,5.8,70.6,1124.0,0.268,0.619,0.863,Festival crowd surge detected - alternate route and extended cycle recommended
EVT404119,2026-04-09 08:38:28,Sports Fixture,J009,Majestic,26506,Weekday,False,Clear,False,0.0,False,False,1.0,Severe,7.8,70.4,804.9,0.242,0.559,0.923,Heavy congestion detected - signal timing extended and reroute suggested
EVT404120,2025-12-29 15:28:29,Trade Fair,J040,City Market,14600,Weekday,False,Clear,False,0.0,False,False,0.347,Low,31.6,26.4,218.1,0.19,0.439,0.954,Moderate traffic flow - standard adaptive signal timing in effect
EVT404121,2026-04-20 17:35:38,Local Market Day,J023,Basavanagudi,4746,Weekday,False,Clear,False,0.0,False,False,0.893,Severe,13.4,64.5,450.8,0.235,0.543,0.946,Heavy congestion detected - signal timing extended and reroute suggested
EVT404122,2026-03-08 15:49:13,Local Market Day,J020,Malleshwaram Circle,4284,Weekend,False,Clear,False,0.0,False,False,0.416,Moderate,24.6,31.3,122.7,0.074,0.171,0.96,Moderate traffic flow - standard adaptive signal timing in effect
EVT404123,2026-04-17 21:35:58,Local Market Day,J009,Majestic,2935,Weekday,False,Clear,False,0.0,False,False,0.304,Low,32.6,21.6,107.0,0.081,0.186,0.97,Moderate traffic flow - standard adaptive signal timing in effect
EVT404124,2025-07-28 18:27:23,Local Market Day,J009,Majestic,2595,Weekday,False,Clear,False,0.0,False,False,1.0,Severe,8.3,68.4,830.7,0.293,0.676,0.919,Heavy congestion detected - signal timing extended and reroute suggested
EVT404125,2025-06-28 20:25:18,Sports Fixture,J023,Basavanagudi,22371,Weekend,False,Clear,False,0.0,False,False,0.635,High,17.9,44.9,261.1,0.142,0.329,0.951,Moderate traffic flow - standard adaptive signal timing in effect
EVT404126,2025-07-17 10:03:53,Concert,J012,Koramangala Sony World,16686,Weekday,False,Clear,False,0.0,False,False,0.884,Severe,13.5,59.6,316.1,0.14,0.324,0.916,Heavy congestion detected - signal timing extended and reroute suggested
EVT404127,2025-11-15 15:23:52,Local Market Day,J040,City Market,5797,Weekend,False,Rain,True,12.5,False,False,0.503,Moderate,20.6,38.2,259.0,0.158,0.365,0.933,Light rain detected - minor speed reduction advised
EVT404128,2025-06-17 13:43:11,Trade Fair,J023,Basavanagudi,14159,Weekday,False,Clear,False,0.0,False,False,0.333,Low,32.1,22.8,93.1,0.069,0.16,0.967,Moderate traffic flow - standard adaptive signal timing in effect
EVT404129,2025-09-10 07:33:31,Local Market Day,J012,Koramangala Sony World,6986,Weekday,False,Rain,True,14.8,False,False,0.821,Severe,14.4,56.2,426.9,0.218,0.503,0.891,Heavy rain reducing visibility and grip - reduced speed and longer buffer advised
EVT404130,2025-12-19 09:12:53,Concert,J009,Majestic,10883,Weekday,False,Clear,False,0.0,False,False,1.0,Severe,9.7,67.3,242.5,0.112,0.258,0.926,Heavy congestion detected - signal timing extended and reroute suggested
EVT404131,2025-07-05 21:37:38,Trade Fair,J020,Malleshwaram Circle,15119,Weekend,False,Rain,True,21.0,False,False,0.649,High,23.3,47.3,192.9,0.131,0.302,0.923,Heavy rain reducing visibility and grip - reduced speed and longer buffer advised
EVT404132,2025-05-28 16:35:26,Concert,J011,Indiranagar 100ft Road,10176,Weekday,False,Clear,False,0.0,False,False,0.619,High,17.8,43.9,185.5,0.115,0.265,0.988,Moderate traffic flow - standard adaptive signal timing in effect
EVT404133,2025-05-15 19:55:22,Political Rally,J012,Koramangala Sony World,14144,Weekday,False,Clear,False,0.0,False,False,0.794,Severe,15.8,56.4,383.4,0.219,0.505,0.953,Heavy congestion detected - signal timing extended and reroute suggested
EVT404134,2025-02-04 12:48:06,Trade Fair,J040,City Market,10789,Weekday,False,Clear,False,0.0,False,False,0.25,Low,33.9,12.3,162.4,0.149,0.343,0.952,Moderate traffic flow - standard adaptive signal timing in effect
EVT404135,2025-08-04 19:42:33,Trade Fair,J040,City Market,6915,Weekday,False,Clear,False,0.0,False,False,0.883,Severe,12.5,58.9,382.3,0.168,0.389,0.951,Heavy congestion detected - signal timing extended and reroute suggested
EVT404136,2025-06-13 07:33:37,Concert,J011,Indiranagar 100ft Road,8933,Weekday,False,Clear,False,0.0,False,False,0.646,High,19.3,49.1,110.5,0.064,0.148,0.958,Moderate traffic flow - standard adaptive signal timing in effect
EVT404137,2025-07-01 17:50:19,Concert,J020,Malleshwaram Circle,9824,Weekday,False,Heavy Rain,True,38.9,False,False,1.0,Severe,9.3,77.3,419.3,0.168,0.388,0.886,Heavy rain reducing visibility and grip - reduced speed and longer buffer advised
EVT404138,2025-06-01 17:30:49,Local Market Day,J011,Indiranagar 100ft Road,6801,Weekend,False,Clear,False,0.0,False,False,0.774,Severe,16.6,52.9,367.8,0.19,0.439,0.955,Heavy congestion detected - signal timing extended and reroute suggested
EVT404139,2026-06-04 18:30:11,Trade Fair,J020,Malleshwaram Circle,10969,Weekday,False,Clear,False,0.0,False,False,1.0,Severe,6.2,74.5,327.4,0.108,0.248,0.918,Heavy congestion detected - signal timing extended and reroute suggested
EVT404140,2025-03-21 19:39:28,Local Market Day,J031,Cubbon Road,2896,Weekday,False,Clear,False,0.0,False,False,0.816,Severe,19.0,63.3,350.2,0.241,0.556,0.946,Heavy congestion detected - signal timing extended and reroute suggested
EVT404141,2026-01-24 20:41:17,Local Market Day,J040,City Market,3035,Weekend,False,Clear,False,0.0,False,False,0.435,Moderate,31.6,29.0,200.7,0.172,0.397,0.978,Moderate traffic flow - standard adaptive signal timing in effect
EVT404142,2026-01-30 08:44:32,Local Market Day,J009,Majestic,2831,Weekday,False,Clear,False,0.0,False,False,0.979,Severe,7.7,65.8,709.1,0.213,0.492,0.908,Heavy congestion detected - signal timing extended and reroute suggested
EVT404143,2025-11-16 08:47:07,Local Market Day,J009,Majestic,4883,Weekend,False,Clear,False,0.0,False,False,0.866,Severe,13.9,67.1,503.2,0.248,0.572,0.926,Heavy congestion detected - signal timing extended and reroute suggested
EVT404144,2026-04-21 06:26:16,Sports Fixture,J023,Basavanagudi,22825,Weekday,False,Clear,False,0.0,False,False,0.421,Moderate,29.5,28.2,142.0,0.115,0.265,0.974,Moderate traffic flow - standard adaptive signal timing in effect
EVT404145,2026-06-18 13:05:16,Sports Fixture,J030,MG Road,16134,Weekday,False,Rain,True,12.1,False,False,0.394,Moderate,31.8,24.6,164.3,0.161,0.373,0.901,Light rain detected - minor speed reduction advised
EVT404146,2026-02-11 13:34:50,Concert,J011,Indiranagar 100ft Road,10501,Weekday,False,Clear,False,0.0,False,False,0.13,Low,28.4,13.7,117.8,0.082,0.188,0.97,Normal free-flow traffic - standard signal timing maintained
EVT404147,2025-04-05 08:14:34,Local Market Day,J030,MG Road,8888,Weekend,False,Clear,False,0.0,False,False,0.748,High,16.1,52.2,311.5,0.176,0.406,0.983,Moderate traffic flow - standard adaptive signal timing in effect
EVT404148,2025-11-10 09:40:41,Concert,J030,MG Road,21093,Weekday,False,Clear,False,0.0,False,False,1.0,Severe,7.6,74.9,864.6,0.274,0.634,0.909,Heavy congestion detected - signal timing extended and reroute suggested
EVT404149,2025-02-04 13:57:38,Sports Fixture,J009,Majestic,15176,Weekday,False,Clear,False,0.0,False,False,0.181,Low,31.7,9.9,228.9,0.173,0.4,0.947,Normal free-flow traffic - standard signal timing maintained
EVT404150,2026-03-08 05:27:31,Sports Fixture,J012,Koramangala Sony World,28688,Weekend,False,Clear,False,0.0,False,False,0.379,Moderate,28.1,28.3,154.9,0.123,0.284,0.934,Moderate traffic flow - standard adaptive signal timing in effect
EVT404151,2025-12-15 10:03:23,Trade Fair,J011,Indiranagar 100ft Road,11597,Weekday,False,Clear,False,0.0,False,False,0.772,Severe,15.1,56.5,212.3,0.107,0.248,0.985,Heavy congestion detected - signal timing extended and reroute suggested
EVT404152,2026-04-04 09:50:22,Sports Fixture,J012,Koramangala Sony World,20208,Weekend,False,Clear,False,0.0,False,False,0.834,Severe,11.2,60.2,479.4,0.206,0.477,0.971,Heavy congestion detected - signal timing extended and reroute suggested
EVT404153,2025-04-08 18:43:19,Concert,J011,Indiranagar 100ft Road,9597,Weekday,False,Clear,False,0.0,False,False,1.0,Severe,8.6,67.1,772.6,0.243,0.561,0.917,Heavy congestion detected - signal timing extended and reroute suggested
EVT404154,2025-05-23 07:11:02,Local Market Day,J030,MG Road,5800,Weekday,False,Clear,False,0.0,False,False,0.548,Moderate,22.0,35.8,144.6,0.087,0.202,0.947,Moderate traffic flow - standard adaptive signal timing in effect
EVT404155,2025-08-24 04:14:34,Sports Fixture,J031,Cubbon Road,21421,Weekend,False,Clear,False,0.0,False,False,0.399,Moderate,28.2,31.6,125.1,0.084,0.194,0.968,Moderate traffic flow - standard adaptive signal timing in effect
EVT404156,2025-07-07 10:37:02,Local Market Day,J030,MG Road,3813,Weekday,False,Light Rain,True,5.6,False,False,0.647,High,22.8,50.5,294.1,0.207,0.478,0.924,Heavy rain reducing visibility and grip - reduced speed and longer buffer advised
EVT404157,2026-03-29 09:58:22,Local Market Day,J012,Koramangala Sony World,6486,Weekend,False,Clear,False,0.0,False,False,0.713,High,11.0,52.1,217.5,0.111,0.256,0.97,Moderate traffic flow - standard adaptive signal timing in effect
EVT404158,2025-02-24 07:18:11,Concert,J023,Basavanagudi,11701,Weekday,False,Clear,False,0.0,False,False,0.589,High,19.5,40.0,295.9,0.193,0.445,0.977,Moderate traffic flow - standard adaptive signal timing in effect
EVT404159,2026-05-11 11:20:56,Concert,J030,MG Road,11094,Weekday,False,Light Rain,True,1.9,False,False,0.573,High,24.4,47.7,190.8,0.144,0.332,0.908,Heavy rain reducing visibility and grip - reduced speed and longer buffer advised
EVT404160,2025-03-15 11:08:49,Cultural Procession,J031,Cubbon Road,24922,Weekend,True,Clear,False,0.0,False,True,0.924,Severe,12.4,89.5,380.3,0.188,0.434,0.849,Road closure for event/procession - full detour recommended for through-traffic
EVT404161,2025-08-29 17:47:04,Concert,J030,MG Road,15675,Weekday,False,Light Rain,True,5.8,False,False,1.0,Severe,10.6,76.0,439.8,0.192,0.444,0.837,Heavy rain reducing visibility and grip - reduced speed and longer buffer advised
EVT404162,2025-04-21 14:11:48,Trade Fair,J012,Koramangala Sony World,19461,Weekday,False,Clear,False,0.0,False,False,0.248,Low,34.1,18.8,178.8,0.146,0.336,0.984,Normal free-flow traffic - standard signal timing maintained
EVT404163,2025-11-06 22:55:15,Concert,J040,City Market,14464,Weekday,False,Clear,False,0.0,False,False,0.304,Low,29.6,27.8,156.4,0.126,0.291,0.947,Moderate traffic flow - standard adaptive signal timing in effect
EVT404164,2025-04-05 05:01:30,Trade Fair,J012,Koramangala Sony World,18911,Weekend,False,Clear,False,0.0,False,False,0.419,Moderate,26.3,22.1,177.2,0.144,0.333,0.94,Moderate traffic flow - standard adaptive signal timing in effect
EVT404165,2026-03-27 18:30:40,Religious Festival,J012,Koramangala Sony World,43378,Weekday,True,Clear,False,0.0,False,False,1.0,Severe,7.3,72.3,512.6,0.153,0.354,0.861,Festival crowd surge detected - alternate route and extended cycle recommended
EVT404166,2025-04-15 11:30:34,Cultural Procession,J023,Basavanagudi,26048,Weekday,True,Clear,False,0.0,False,True,0.854,High,13.5,92.3,427.3,0.193,0.447,0.87,Road closure for event/procession - full detour recommended for through-traffic
EVT404167,2025-06-25 12:17:32,Political Rally,J011,Indiranagar 100ft Road,11505,Weekday,False,Clear,False,0.0,False,False,0.252,Low,31.7,15.6,140.4,0.121,0.281,0.985,Moderate traffic flow - standard adaptive signal timing in effect
EVT404168,2025-04-30 15:44:07,Concert,J030,MG Road,12815,Weekday,False,Clear,False,0.0,False,False,0.417,Moderate,20.9,26.3,182.6,0.11,0.253,0.947,Moderate traffic flow - standard adaptive signal timing in effect
EVT404169,2025-07-11 20:30:20,Local Market Day,J030,MG Road,4953,Weekday,False,Clear,False,0.0,False,False,0.622,High,21.3,45.4,245.7,0.148,0.343,0.953,Moderate traffic flow - standard adaptive signal timing in effect
EVT404170,2025-04-05 15:35:07,Local Market Day,J031,Cubbon Road,3864,Weekend,False,Clear,False,0.0,False,False,0.413,Moderate,28.3,27.7,222.0,0.164,0.378,0.949,Moderate traffic flow - standard adaptive signal timing in effect
EVT404171,2025-04-24 20:05:02,Political Rally,J009,Majestic,14398,Weekday,False,Clear,False,0.0,False,False,0.723,High,18.0,56.6,114.3,0.068,0.156,0.965,Moderate traffic flow - standard adaptive signal timing in effect
EVT404172,2026-02-25 11:13:54,Local Market Day,J012,Koramangala Sony World,6186,Weekday,False,Clear,False,0.0,False,False,0.384,Moderate,21.7,26.5,127.9,0.077,0.178,0.962,Moderate traffic flow - standard adaptive signal timing in effect
EVT404173,2025-05-07 14:24:26,Local Market Day,J020,Malleshwaram Circle,5452,Weekday,False,Clear,False,0.0,False,False,0.195,Low,35.8,16.2,69.8,0.075,0.174,0.966,Normal free-flow traffic - standard signal timing maintained
EVT404174,2025-05-20 10:25:09,Local Market Day,J012,Koramangala Sony World,3332,Weekday,False,Rain,True,13.6,False,False,0.851,Severe,15.4,63.1,312.0,0.153,0.353,0.893,Heavy rain reducing visibility and grip - reduced speed and longer buffer advised
EVT404175,2025-08-22 15:48:51,Local Market Day,J023,Basavanagudi,6594,Weekday,False,Heavy Rain,True,28.9,False,False,0.668,High,17.6,44.5,197.3,0.142,0.328,0.906,Heavy rain reducing visibility and grip - reduced speed and longer buffer advised
EVT404176,2025-08-22 13:11:32,Sports Fixture,J020,Malleshwaram Circle,21797,Weekday,False,Clear,False,0.0,False,False,0.322,Low,27.8,22.4,151.8,0.145,0.335,0.973,Moderate traffic flow - standard adaptive signal timing in effect
EVT404177,2025-05-08 17:07:36,Sports Fixture,J009,Majestic,13988,Weekday,False,Clear,False,0.0,False,False,0.76,Severe,16.7,54.2,374.0,0.227,0.525,0.956,Heavy congestion detected - signal timing extended and reroute suggested
EVT404178,2025-12-22 09:50:32,Local Market Day,J012,Koramangala Sony World,3786,Weekday,False,Clear,False,0.0,False,False,0.904,Severe,12.4,70.0,292.5,0.127,0.294,0.951,Heavy congestion detected - signal timing extended and reroute suggested
EVT404179,2025-03-20 17:15:18,Political Rally,J031,Cubbon Road,15924,Weekday,False,Clear,False,0.0,False,False,0.822,Severe,18.0,56.8,264.8,0.154,0.357,0.947,Heavy congestion detected - signal timing extended and reroute suggested
EVT404180,2025-09-15 10:44:34,Trade Fair,J023,Basavanagudi,10030,Weekday,False,Clear,False,0.0,False,False,0.53,Moderate,25.6,34.9,253.9,0.213,0.493,0.98,Moderate traffic flow - standard adaptive signal timing in effect
EVT404181,2025-10-15 15:27:31,Local Market Day,J020,Malleshwaram Circle,5283,Weekday,False,Rain,True,10.6,False,False,0.546,Moderate,20.2,37.4,239.7,0.153,0.354,0.915,Light rain detected - minor speed reduction advised
EVT404182,2026-04-05 17:16:57,Concert,J030,MG Road,25100,Weekend,False,Clear,False,0.0,False,False,0.824,Severe,16.0,54.7,154.1,0.084,0.194,0.958,Heavy congestion detected - signal timing extended and reroute suggested
EVT404183,2025-04-08 17:35:03,Concert,J020,Malleshwaram Circle,10531,Weekday,False,Clear,False,0.0,False,False,0.962,Severe,9.5,72.2,595.1,0.231,0.533,0.919,Heavy congestion detected - signal timing extended and reroute suggested
EVT404184,2026-02-20 21:59:46,Sports Fixture,J031,Cubbon Road,13519,Weekday,False,Clear,False,0.0,False,False,0.264,Low,27.4,15.9,105.1,0.075,0.174,0.961,Moderate traffic flow - standard adaptive signal timing in effect
EVT404185,2026-01-10 06:32:43,Trade Fair,J040,City Market,5424,Weekend,False,Clear,False,0.0,False,False,0.404,Moderate,25.3,27.0,186.4,0.142,0.327,0.964,Moderate traffic flow - standard adaptive signal timing in effect
EVT404186,2025-03-13 09:55:28,Local Market Day,J030,MG Road,2345,Weekday,False,Rain,True,12.4,False,False,0.974,Severe,8.4,63.1,319.0,0.126,0.291,0.889,Heavy rain reducing visibility and grip - reduced speed and longer buffer advised
EVT404187,2025-10-24 14:41:11,Local Market Day,J030,MG Road,4612,Weekday,False,Heavy Rain,True,39.5,False,False,0.581,High,23.0,37.4,180.1,0.152,0.35,0.92,Heavy rain reducing visibility and grip - reduced speed and longer buffer advised
EVT404188,2025-02-19 09:53:51,Local Market Day,J031,Cubbon Road,3426,Weekday,False,Clear,False,0.0,False,False,0.922,Severe,12.7,65.7,355.7,0.172,0.398,0.917,Heavy congestion detected - signal timing extended and reroute suggested
EVT404189,2026-04-13 18:01:30,Sports Fixture,J031,Cubbon Road,25473,Weekday,False,Clear,False,0.0,False,False,1.0,Severe,8.5,69.1,442.9,0.157,0.362,0.91,Heavy congestion detected - signal timing extended and reroute suggested
EVT404190,2025-09-09 09:40:54,Trade Fair,J020,Malleshwaram Circle,18686,Weekday,False,Clear,False,0.0,False,False,1.0,Severe,7.0,70.5,316.1,0.089,0.206,0.9,Heavy congestion detected - signal timing extended and reroute suggested
EVT404191,2025-10-03 09:03:47,Fireworks Display,J023,Basavanagudi,26952,Weekday,True,Clear,False,0.0,False,False,1.0,Severe,9.4,67.9,481.2,0.18,0.416,0.863,Festival crowd surge detected - alternate route and extended cycle recommended
EVT404192,2025-07-29 15:43:27,Local Market Day,J012,Koramangala Sony World,4756,Weekday,False,Clear,False,0.0,False,False,0.385,Moderate,25.5,22.8,90.4,0.076,0.176,0.98,Moderate traffic flow - standard adaptive signal timing in effect
EVT404193,2025-11-05 07:13:37,Sports Fixture,J012,Koramangala Sony World,26891,Weekday,False,Clear,False,0.0,False,False,0.724,High,14.3,49.4,427.6,0.231,0.533,0.963,Moderate traffic flow - standard adaptive signal timing in effect
EVT404194,2026-03-26 12:07:36,Cultural Procession,J012,Koramangala Sony World,20624,Weekday,True,Clear,False,0.0,False,True,0.646,Moderate,18.9,55.8,173.7,0.102,0.235,0.886,Road closure for event/procession - full detour recommended for through-traffic
EVT404195,2025-10-12 09:39:44,Local Market Day,J023,Basavanagudi,2549,Weekend,False,Clear,False,0.0,False,False,0.825,Severe,13.6,57.4,310.7,0.138,0.318,0.97,Heavy congestion detected - signal timing extended and reroute suggested
EVT404196,2026-06-12 19:34:07,Trade Fair,J040,City Market,11924,Weekday,False,Clear,False,0.0,False,False,0.885,Severe,13.7,64.6,352.6,0.186,0.429,0.946,Heavy congestion detected - signal timing extended and reroute suggested
EVT404197,2025-12-28 15:48:51,Trade Fair,J023,Basavanagudi,8509,Weekend,False,Clear,False,0.0,False,False,0.459,Moderate,24.2,37.3,176.8,0.125,0.289,0.962,Moderate traffic flow - standard adaptive signal timing in effect
EVT404198,2025-04-17 06:14:26,Local Market Day,J023,Basavanagudi,1525,Weekday,False,Clear,False,0.0,False,False,0.224,Low,30.4,19.7,113.0,0.089,0.205,0.965,Normal free-flow traffic - standard signal timing maintained
EVT404199,2026-03-07 08:48:49,Trade Fair,J011,Indiranagar 100ft Road,10076,Weekend,False,Clear,False,0.0,False,False,0.881,Severe,12.2,59.8,575.0,0.249,0.575,0.963,Heavy congestion detected - signal timing extended and reroute suggested
EVT404200,2025-08-17 17:37:22,Local Market Day,J011,Indiranagar 100ft Road,3212,Weekend,False,Light Rain,True,1.9,False,False,0.773,Severe,16.2,51.4,251.7,0.127,0.293,0.929,Heavy rain reducing visibility and grip - reduced speed and longer buffer advised
EVT404201,2025-12-23 17:37:37,Local Market Day,J023,Basavanagudi,3955,Weekday,False,Clear,False,0.0,False,False,0.877,Severe,10.6,59.0,288.1,0.122,0.282,0.934,Heavy congestion detected - signal timing extended and reroute suggested
EVT404202,2025-10-07 10:15:30,Local Market Day,J040,City Market,1582,Weekday,False,Clear,False,0.0,False,False,0.746,High,15.4,56.8,375.7,0.183,0.424,0.972,Moderate traffic flow - standard adaptive signal timing in effect
EVT404203,2025-03-20 17:15:30,Local Market Day,J030,MG Road,6718,Weekday,False,Fog,False,0.0,False,False,0.8,Severe,15.6,57.7,425.3,0.247,0.57,0.937,Heavy congestion detected - signal timing extended and reroute suggested
EVT404204,2025-02-17 19:03:26,Local Market Day,J023,Basavanagudi,3589,Weekday,False,Clear,False,0.0,False,False,0.961,Severe,9.1,66.2,595.4,0.223,0.516,0.922,Heavy congestion detected - signal timing extended and reroute suggested
EVT404205,2025-10-04 15:10:57,Local Market Day,J023,Basavanagudi,3106,Weekend,False,Clear,False,0.0,False,False,0.279,Low,23.0,15.6,185.8,0.118,0.272,0.952,Moderate traffic flow - standard adaptive signal timing in effect
EVT404206,2025-02-06 16:24:49,Local Market Day,J009,Majestic,1791,Weekday,False,Clear,False,0.0,False,False,0.449,Moderate,25.2,26.5,213.1,0.144,0.333,0.977,Moderate traffic flow - standard adaptive signal timing in effect
EVT404207,2025-05-27 10:07:10,Sports Fixture,J009,Majestic,16346,Weekday,False,Rain,True,11.7,False,False,0.95,Severe,9.3,72.5,476.8,0.187,0.432,0.862,Heavy rain reducing visibility and grip - reduced speed and longer buffer advised
EVT404208,2025-04-01 18:43:34,Local Market Day,J030,MG Road,7020,Weekday,False,Rain,True,14.2,False,False,1.0,Severe,8.1,70.1,500.8,0.15,0.347,0.861,Heavy rain reducing visibility and grip - reduced speed and longer buffer advised
EVT404209,2026-04-03 07:05:04,Concert,J011,Indiranagar 100ft Road,8560,Weekday,False,Clear,False,0.0,False,False,0.51,Moderate,24.6,34.0,120.9,0.096,0.222,0.976,Moderate traffic flow - standard adaptive signal timing in effect
EVT404210,2025-11-09 09:59:18,Concert,J023,Basavanagudi,13447,Weekend,False,Clear,False,0.0,False,False,0.795,Severe,16.8,56.4,385.1,0.247,0.569,0.955,Heavy congestion detected - signal timing extended and reroute suggested
EVT404211,2025-01-12 09:52:13,Concert,J031,Cubbon Road,13773,Weekend,False,Clear,False,0.0,False,False,0.767,Severe,18.0,55.6,242.5,0.145,0.334,0.926,Heavy congestion detected - signal timing extended and reroute suggested
EVT404212,2025-03-25 20:17:41,Local Market Day,J023,Basavanagudi,5627,Weekday,False,Light Rain,True,7.3,False,False,0.779,Severe,16.3,55.8,392.7,0.228,0.527,0.94,Heavy rain reducing visibility and grip - reduced speed and longer buffer advised
EVT404213,2025-03-04 19:43:48,Political Rally,J011,Indiranagar 100ft Road,16847,Weekday,False,Fog,False,0.0,False,False,0.901,Severe,11.3,67.2,443.3,0.189,0.435,0.943,Heavy congestion detected - signal timing extended and reroute suggested
EVT404214,2025-08-03 11:07:14,Concert,J020,Malleshwaram Circle,16517,Weekend,False,Clear,False,0.0,False,False,0.547,Moderate,24.5,39.8,307.4,0.216,0.5,0.972,Moderate traffic flow - standard adaptive signal timing in effect
EVT404215,2025-11-18 15:23:37,Concert,J031,Cubbon Road,22271,Weekday,False,Clear,False,0.0,False,False,0.446,Moderate,29.3,25.5,128.9,0.099,0.229,0.957,Moderate traffic flow - standard adaptive signal timing in effect
EVT404216,2026-04-23 14:16:46,Trade Fair,J020,Malleshwaram Circle,5467,Weekday,False,Clear,False,0.0,False,False,0.122,Low,44.2,3.7,103.4,0.107,0.247,0.951,Normal free-flow traffic - standard signal timing maintained
EVT404217,2026-05-02 10:30:30,Cultural Procession,J012,Koramangala Sony World,11030,Weekend,True,Clear,False,0.0,False,True,1.0,Severe,8.7,93.3,335.5,0.14,0.324,0.851,Road closure for event/procession - full detour recommended for through-traffic
EVT404218,2026-04-11 09:19:56,Concert,J020,Malleshwaram Circle,7033,Weekend,False,Fog,False,0.0,False,False,0.924,Severe,8.9,63.9,469.5,0.177,0.408,0.921,Heavy congestion detected - signal timing extended and reroute suggested
EVT404219,2025-11-15 12:49:16,Political Rally,J023,Basavanagudi,24914,Weekend,False,Clear,False,0.0,False,False,0.305,Low,28.8,14.7,144.7,0.121,0.28,0.959,Moderate traffic flow - standard adaptive signal timing in effect
EVT404220,2026-05-27 16:52:11,Concert,J020,Malleshwaram Circle,23794,Weekday,False,Clear,False,0.0,False,False,0.744,High,9.8,53.5,335.0,0.114,0.263,0.97,Moderate traffic flow - standard adaptive signal timing in effect
EVT404221,2025-04-12 20:36:05,Local Market Day,J009,Majestic,4158,Weekend,False,Clear,False,0.0,False,False,0.551,High,26.7,38.5,270.6,0.231,0.534,0.942,Moderate traffic flow - standard adaptive signal timing in effect
EVT404222,2026-03-21 17:43:57,Trade Fair,J031,Cubbon Road,8926,Weekend,False,Clear,False,0.0,False,False,0.856,Severe,13.4,63.6,247.1,0.141,0.326,0.923,Heavy congestion detected - signal timing extended and reroute suggested
EVT404223,2025-03-08 08:19:33,Trade Fair,J023,Basavanagudi,8192,Weekend,False,Clear,False,0.0,False,False,0.754,Severe,15.0,52.3,251.6,0.137,0.316,0.979,Heavy congestion detected - signal timing extended and reroute suggested
EVT404224,2025-12-02 16:49:56,Trade Fair,J023,Basavanagudi,7017,Weekday,False,Clear,False,0.0,False,False,0.703,High,14.2,52.0,190.4,0.102,0.235,0.971,Moderate traffic flow - standard adaptive signal timing in effect
EVT404225,2026-03-02 19:14:30,Trade Fair,J011,Indiranagar 100ft Road,13107,Weekday,False,Clear,False,0.0,False,False,1.0,Severe,11.4,74.6,400.8,0.185,0.428,0.908,Heavy congestion detected - signal timing extended and reroute suggested
EVT404226,2025-09-14 16:10:41,Concert,J040,City Market,7839,Weekend,False,Clear,False,0.0,False,False,0.561,High,21.8,38.2,242.9,0.158,0.366,0.95,Moderate traffic flow - standard adaptive signal timing in effect
EVT404227,2026-03-29 07:17:09,Trade Fair,J030,MG Road,8602,Weekend,False,Clear,False,0.0,False,False,0.507,Moderate,23.5,37.2,192.6,0.141,0.325,0.953,Moderate traffic flow - standard adaptive signal timing in effect
EVT404228,2025-07-13 05:39:22,Local Market Day,J012,Koramangala Sony World,2440,Weekend,False,Clear,False,0.0,False,False,0.184,Low,28.9,13.3,134.4,0.106,0.244,0.96,Normal free-flow traffic - standard signal timing maintained
EVT404229,2025-01-24 09:10:40,Local Market Day,J030,MG Road,3538,Weekday,False,Clear,False,0.0,False,False,1.0,Severe,8.0,66.7,421.4,0.134,0.31,0.913,Heavy congestion detected - signal timing extended and reroute suggested
EVT404230,2025-01-08 14:06:12,Local Market Day,J023,Basavanagudi,3178,Weekday,False,Clear,False,0.0,False,False,0.171,Low,34.2,16.9,139.6,0.118,0.273,0.964,Normal free-flow traffic - standard signal timing maintained
EVT404231,2026-03-22 17:35:00,Sports Fixture,J023,Basavanagudi,30427,Weekend,False,Clear,False,0.0,False,False,0.885,Severe,13.7,58.1,272.7,0.146,0.337,0.938,Heavy congestion detected - signal timing extended and reroute suggested
EVT404232,2025-02-28 10:08:36,Sports Fixture,J023,Basavanagudi,25879,Weekday,False,Light Rain,True,2.7,False,False,0.979,Severe,8.8,72.0,484.0,0.16,0.37,0.883,Heavy rain reducing visibility and grip - reduced speed and longer buffer advised
EVT404233,2026-06-21 15:08:14,Concert,J030,MG Road,11123,Weekend,False,Clear,False,0.0,False,False,0.396,Moderate,22.8,21.7,245.4,0.168,0.387,0.968,Moderate traffic flow - standard adaptive signal timing in effect
EVT404234,2025-05-23 09:20:29,Local Market Day,J011,Indiranagar 100ft Road,4127,Weekday,False,Clear,False,0.0,False,False,0.913,Severe,12.6,66.1,421.1,0.204,0.472,0.94,Heavy congestion detected - signal timing extended and reroute suggested
EVT404235,2026-02-20 22:14:31,Local Market Day,J009,Majestic,1306,Weekday,False,Clear,False,0.0,False,False,0.116,Low,28.1,6.9,176.3,0.15,0.347,0.982,Normal free-flow traffic - standard signal timing maintained
EVT404236,2025-10-11 13:01:09,Political Rally,J020,Malleshwaram Circle,13969,Weekend,False,Rain,True,13.6,False,False,0.443,Moderate,27.7,30.9,149.9,0.111,0.257,0.925,Light rain detected - minor speed reduction advised
EVT404237,2026-01-02 14:02:13,Religious Festival,J009,Majestic,26194,Weekday,True,Light Rain,True,3.8,False,False,0.664,High,17.9,48.9,127.9,0.069,0.159,0.861,Festival crowd surge detected - alternate route and extended cycle recommended
EVT404238,2026-02-20 19:53:56,Trade Fair,J012,Koramangala Sony World,6281,Weekday,False,Clear,False,0.0,False,False,0.766,Severe,14.4,48.8,249.9,0.123,0.283,0.95,Heavy congestion detected - signal timing extended and reroute suggested
EVT404239,2026-01-01 15:28:34,Fireworks Display,J011,Indiranagar 100ft Road,24886,Weekday,True,Clear,False,0.0,False,False,0.656,High,20.3,47.9,278.8,0.19,0.438,0.896,Festival crowd surge detected - alternate route and extended cycle recommended
EVT404240,2026-02-04 17:40:03,Local Market Day,J020,Malleshwaram Circle,5568,Weekday,False,Clear,False,0.0,False,False,0.922,Severe,10.7,63.8,274.5,0.091,0.211,0.912,Heavy congestion detected - signal timing extended and reroute suggested
EVT404241,2026-05-03 18:36:39,Concert,J023,Basavanagudi,18316,Weekend,False,Clear,False,0.0,False,False,0.942,Severe,8.0,68.7,947.9,0.307,0.71,0.914,Heavy congestion detected - signal timing extended and reroute suggested
EVT404242,2026-04-10 08:35:36,Sports Fixture,J031,Cubbon Road,9960,Weekday,False,Clear,False,0.0,False,False,1.0,Severe,7.9,69.7,771.8,0.254,0.587,0.909,Heavy congestion detected - signal timing extended and reroute suggested
EVT404243,2026-01-17 07:14:08,Local Market Day,J009,Majestic,5067,Weekend,False,Rain,True,9.0,False,False,0.601,High,20.5,42.6,346.6,0.222,0.512,0.93,Heavy rain reducing visibility and grip - reduced speed and longer buffer advised
EVT404244,2025-09-26 06:55:08,Political Rally,J009,Majestic,14125,Weekday,False,Clear,False,0.0,False,False,0.515,Moderate,30.3,31.7,182.6,0.158,0.366,0.964,Moderate traffic flow - standard adaptive signal timing in effect
EVT404245,2025-01-22 19:52:42,Local Market Day,J040,City Market,2233,Weekday,False,Clear,False,0.0,False,False,0.709,High,16.0,51.8,195.1,0.123,0.284,0.951,Moderate traffic flow - standard adaptive signal timing in effect
EVT404246,2025-07-08 20:15:18,Concert,J012,Koramangala Sony World,9158,Weekday,False,Heavy Rain,True,69.2,False,False,0.937,Severe,9.9,66.3,297.3,0.122,0.282,0.872,Heavy rain reducing visibility and grip - reduced speed and longer buffer advised
EVT404247,2025-03-05 09:42:11,Political Rally,J012,Koramangala Sony World,18899,Weekday,False,Clear,False,0.0,False,False,1.0,Severe,7.4,67.1,655.2,0.216,0.499,0.929,Heavy congestion detected - signal timing extended and reroute suggested
EVT404248,2025-02-21 06:33:40,Local Market Day,J030,MG Road,4596,Weekday,False,Clear,False,0.0,False,False,0.341,Low,29.7,14.9,104.0,0.103,0.237,0.975,Moderate traffic flow - standard adaptive signal timing in effect
EVT404249,2025-04-12 09:42:46,Sports Fixture,J020,Malleshwaram Circle,19016,Weekend,False,Clear,False,0.0,False,False,0.812,Severe,14.5,52.2,290.0,0.17,0.393,0.955,Heavy congestion detected - signal timing extended and reroute suggested
EVT404250,2025-12-29 22:18:58,Concert,J012,Koramangala Sony World,8780,Weekday,False,Clear,False,0.0,False,False,0.223,Low,35.0,19.6,99.9,0.085,0.197,0.981,Normal free-flow traffic - standard signal timing maintained
EVT404251,2026-04-15 17:09:34,Religious Festival,J011,Indiranagar 100ft Road,41333,Weekday,True,Light Rain,True,6.8,False,False,1.0,Severe,6.8,77.0,1036.2,0.279,0.646,0.802,Festival crowd surge detected - alternate route and extended cycle recommended
EVT404252,2026-02-28 16:55:12,Concert,J009,Majestic,31126,Weekend,False,Clear,False,0.0,False,False,0.798,Severe,15.2,59.8,332.8,0.176,0.406,0.945,Heavy congestion detected - signal timing extended and reroute suggested
EVT404253,2025-10-23 13:29:48,Political Rally,J040,City Market,15742,Weekday,False,Clear,False,0.0,False,False,0.239,Low,36.3,10.3,157.7,0.115,0.266,0.96,Normal free-flow traffic - standard signal timing maintained
EVT404254,2025-04-01 17:04:44,Concert,J020,Malleshwaram Circle,10738,Weekday,False,Clear,False,0.0,False,False,0.72,High,16.4,62.0,309.8,0.158,0.364,0.975,Moderate traffic flow - standard adaptive signal timing in effect
EVT404255,2025-08-09 16:16:26,Political Rally,J009,Majestic,12413,Weekend,False,Heavy Rain,True,76.1,False,False,0.863,Severe,17.6,64.8,282.2,0.174,0.402,0.888,Heavy rain reducing visibility and grip - reduced speed and longer buffer advised
EVT404256,2026-06-27 12:26:32,Local Market Day,J030,MG Road,4430,Weekend,False,Clear,False,0.0,False,False,0.296,Low,28.9,20.1,68.3,0.055,0.127,0.957,Moderate traffic flow - standard adaptive signal timing in effect
EVT404257,2025-05-13 08:32:29,Sports Fixture,J012,Koramangala Sony World,31302,Weekday,False,Rain,True,22.3,False,False,1.0,Severe,7.3,76.4,876.3,0.254,0.588,0.852,Heavy rain reducing visibility and grip - reduced speed and longer buffer advised
EVT404258,2025-04-02 07:31:13,Political Rally,J030,MG Road,20006,Weekday,False,Clear,False,0.0,False,False,0.723,High,16.1,50.9,207.1,0.122,0.282,0.947,Moderate traffic flow - standard adaptive signal timing in effect
EVT404259,2025-06-15 09:43:25,Trade Fair,J012,Koramangala Sony World,8858,Weekend,False,Clear,False,0.0,False,False,0.761,Severe,12.7,54.7,581.1,0.256,0.591,0.966,Heavy congestion detected - signal timing extended and reroute suggested
EVT404260,2026-05-19 16:05:20,Trade Fair,J011,Indiranagar 100ft Road,7077,Weekday,False,Clear,False,0.0,False,False,0.411,Moderate,22.8,29.7,213.1,0.158,0.365,0.952,Moderate traffic flow - standard adaptive signal timing in effect
EVT404261,2025-10-24 19:20:30,Concert,J009,Majestic,23475,Weekday,False,Rain,True,10.9,False,False,1.0,Severe,6.5,74.3,726.1,0.224,0.516,0.877,Heavy rain reducing visibility and grip - reduced speed and longer buffer advised
EVT404262,2025-11-03 19:08:52,Concert,J040,City Market,8496,Weekday,False,Clear,False,0.0,False,False,1.0,Severe,6.4,61.4,232.1,0.05,0.115,0.915,Heavy congestion detected - signal timing extended and reroute suggested
EVT404263,2026-05-13 09:11:16,Local Market Day,J023,Basavanagudi,2377,Weekday,False,Clear,False,0.0,False,False,1.0,Severe,7.5,66.1,523.2,0.168,0.387,0.937,Heavy congestion detected - signal timing extended and reroute suggested
EVT404264,2025-05-10 17:31:56,Sports Fixture,J009,Majestic,17991,Weekend,False,Rain,True,23.7,False,False,1.0,Severe,8.1,69.4,546.8,0.196,0.452,0.852,Heavy rain reducing visibility and grip - reduced speed and longer buffer advised
EVT404265,2025-01-15 08:48:25,Religious Festival,J031,Cubbon Road,47098,Weekday,True,Clear,False,0.0,False,True,1.0,Severe,9.2,96.4,520.4,0.206,0.475,0.836,Road closure for event/procession - full detour recommended for through-traffic
EVT404266,2026-03-30 17:17:35,Trade Fair,J031,Cubbon Road,7330,Weekday,False,Clear,False,0.0,False,False,0.831,Severe,17.6,56.4,390.1,0.249,0.574,0.96,Heavy congestion detected - signal timing extended and reroute suggested
EVT404267,2026-04-12 17:09:55,Sports Fixture,J040,City Market,31481,Weekend,False,Clear,False,0.0,False,False,0.893,Severe,11.2,67.0,503.5,0.228,0.526,0.941,Heavy congestion detected - signal timing extended and reroute suggested
EVT404268,2025-10-03 21:53:54,Cultural Procession,J030,MG Road,23081,Weekday,True,Fog,False,0.0,False,True,0.775,High,19.6,83.7,177.8,0.126,0.291,0.892,Road closure for event/procession - full detour recommended for through-traffic
EVT404269,2025-06-06 10:51:24,Political Rally,J040,City Market,11531,Weekday,False,Clear,False,0.0,False,False,0.407,Moderate,31.5,34.6,236.1,0.201,0.463,0.961,Moderate traffic flow - standard adaptive signal timing in effect
EVT404270,2026-02-20 15:03:41,Political Rally,J009,Majestic,10739,Weekday,False,Clear,False,0.0,False,False,0.338,Low,27.7,22.6,190.6,0.152,0.352,0.99,Moderate traffic flow - standard adaptive signal timing in effect
EVT404271,2026-03-04 10:39:02,Cultural Procession,J020,Malleshwaram Circle,10353,Weekday,True,Clear,False,0.0,False,False,0.799,Severe,16.5,53.0,324.6,0.195,0.45,0.913,Festival crowd surge detected - alternate route and extended cycle recommended
EVT404272,2025-02-08 08:41:35,Political Rally,J031,Cubbon Road,11617,Weekend,False,Clear,False,0.0,False,False,0.861,Severe,15.2,60.2,465.4,0.243,0.562,0.961,Heavy congestion detected - signal timing extended and reroute suggested
EVT404273,2026-04-08 19:27:50,Trade Fair,J011,Indiranagar 100ft Road,6298,Weekday,False,Clear,False,0.0,False,False,0.95,Severe,10.2,69.0,471.7,0.204,0.472,0.909,Heavy congestion detected - signal timing extended and reroute suggested
EVT404274,2025-06-03 12:48:20,Sports Fixture,J023,Basavanagudi,26812,Weekday,False,Light Rain,True,6.2,False,False,0.4,Moderate,30.9,27.6,153.0,0.126,0.29,0.905,Light rain detected - minor speed reduction advised
EVT404275,2026-05-12 15:09:20,Local Market Day,J020,Malleshwaram Circle,3209,Weekday,False,Clear,False,0.0,False,False,0.289,Low,26.8,23.0,160.7,0.108,0.25,0.954,Moderate traffic flow - standard adaptive signal timing in effect
EVT404276,2025-04-14 08:34:24,Religious Festival,J031,Cubbon Road,40088,Weekday,True,Clear,False,0.0,False,True,1.0,Severe,9.7,105.0,694.8,0.275,0.635,0.833,Road closure for event/procession - full detour recommended for through-traffic
EVT404277,2025-06-24 16:27:29,Local Market Day,J009,Majestic,2815,Weekday,False,Clear,False,0.0,False,False,0.592,High,21.8,43.0,221.1,0.15,0.346,0.963,Moderate traffic flow - standard adaptive signal timing in effect
EVT404278,2025-04-07 04:05:28,Religious Festival,J031,Cubbon Road,63935,Weekday,True,Clear,False,0.0,False,True,0.862,High,11.8,95.1,404.5,0.197,0.454,0.855,Road closure for event/procession - full detour recommended for through-traffic
EVT404279,2026-05-08 17:15:44,Concert,J031,Cubbon Road,16433,Weekday,False,Clear,False,0.0,False,False,0.871,Severe,12.7,67.1,470.8,0.206,0.475,0.944,Heavy congestion detected - signal timing extended and reroute suggested
EVT404280,2025-03-10 22:07:53,Concert,J030,MG Road,17028,Weekday,False,Clear,False,0.0,False,False,0.33,Low,20.2,18.6,266.0,0.145,0.335,0.952,Moderate traffic flow - standard adaptive signal timing in effect
EVT404281,2026-02-16 11:30:06,Sports Fixture,J040,City Market,21940,Weekday,False,Clear,False,0.0,False,False,0.448,Moderate,25.9,33.6,177.3,0.13,0.299,0.961,Moderate traffic flow - standard adaptive signal timing in effect
EVT404282,2025-12-11 13:44:26,Political Rally,J011,Indiranagar 100ft Road,11518,Weekday,False,Clear,False,0.0,False,False,0.169,Low,38.5,15.8,108.5,0.09,0.207,0.962,Normal free-flow traffic - standard signal timing maintained
EVT404283,2025-02-05 17:03:33,Local Market Day,J030,MG Road,10322,Weekday,False,Clear,False,0.0,False,False,0.755,Severe,13.4,54.2,380.0,0.185,0.427,0.956,Heavy congestion detected - signal timing extended and reroute suggested
EVT404284,2025-11-17 00:45:16,Local Market Day,J030,MG Road,5360,Weekday,False,Clear,False,0.0,False,False,0.21,Low,32.8,14.8,142.8,0.121,0.279,0.982,Normal free-flow traffic - standard signal timing maintained
EVT404285,2025-03-12 14:09:29,Local Market Day,J030,MG Road,4103,Weekday,False,Clear,False,0.0,False,False,0.138,Low,34.6,9.6,191.0,0.17,0.392,0.968,Normal free-flow traffic - standard signal timing maintained
EVT404286,2025-12-29 06:41:03,Local Market Day,J030,MG Road,4244,Weekday,False,Light Rain,True,3.1,False,False,0.395,Moderate,25.3,30.8,198.0,0.147,0.339,0.933,Light rain detected - minor speed reduction advised
EVT404287,2025-09-27 19:39:40,Sports Fixture,J009,Majestic,16744,Weekend,False,Clear,False,0.0,False,False,0.831,Severe,11.2,55.8,338.1,0.142,0.327,0.98,Heavy congestion detected - signal timing extended and reroute suggested
EVT404288,2026-01-16 22:34:10,Political Rally,J023,Basavanagudi,16268,Weekday,False,Clear,False,0.0,False,False,0.285,Low,34.9,19.9,124.3,0.121,0.279,0.964,Moderate traffic flow - standard adaptive signal timing in effect
EVT404289,2026-03-14 18:21:20,Political Rally,J040,City Market,10762,Weekend,False,Clear,False,0.0,False,False,1.0,Severe,8.3,70.0,790.6,0.248,0.573,0.922,Heavy congestion detected - signal timing extended and reroute suggested
EVT404290,2026-03-08 09:31:38,Local Market Day,J023,Basavanagudi,2325,Weekend,False,Clear,False,0.0,False,False,0.769,Severe,18.5,51.7,225.8,0.14,0.323,0.957,Heavy congestion detected - signal timing extended and reroute suggested
EVT404291,2025-01-11 08:56:04,Political Rally,J012,Koramangala Sony World,14962,Weekend,False,Clear,False,0.0,False,False,0.893,Severe,12.8,64.4,332.0,0.153,0.353,0.942,Heavy congestion detected - signal timing extended and reroute suggested
EVT404292,2025-10-21 22:24:19,Religious Festival,J020,Malleshwaram Circle,45237,Weekday,True,Clear,False,0.0,False,False,0.657,High,15.4,39.4,386.3,0.203,0.469,0.928,Festival crowd surge detected - alternate route and extended cycle recommended
EVT404293,2025-02-05 10:24:36,Local Market Day,J031,Cubbon Road,6344,Weekday,False,Clear,False,0.0,False,False,0.65,High,14.4,47.9,203.4,0.089,0.205,0.964,Moderate traffic flow - standard adaptive signal timing in effect
EVT404294,2025-08-27 22:09:23,Cultural Procession,J012,Koramangala Sony World,11771,Weekday,True,Rain,True,17.3,False,True,0.855,High,13.6,80.4,488.7,0.246,0.569,0.828,Road closure for event/procession - full detour recommended for through-traffic
EVT404295,2025-01-06 07:05:46,Concert,J009,Majestic,9102,Weekday,False,Clear,False,0.0,False,False,0.566,High,17.7,42.0,176.0,0.1,0.232,0.961,Moderate traffic flow - standard adaptive signal timing in effect
EVT404296,2026-04-08 20:33:19,Local Market Day,J023,Basavanagudi,3368,Weekday,False,Clear,False,0.0,False,False,0.541,Moderate,28.4,38.5,102.8,0.08,0.185,0.97,Moderate traffic flow - standard adaptive signal timing in effect
EVT404297,2025-12-29 12:21:56,Sports Fixture,J040,City Market,18608,Weekday,False,Clear,False,0.0,False,False,0.292,Low,26.2,21.3,165.1,0.114,0.264,0.948,Moderate traffic flow - standard adaptive signal timing in effect
EVT404298,2026-06-02 10:19:39,Concert,J012,Koramangala Sony World,7525,Weekday,False,Light Rain,True,4.7,False,False,0.798,Severe,17.0,56.7,356.3,0.221,0.511,0.916,Heavy rain reducing visibility and grip - reduced speed and longer buffer advised
EVT404299,2025-08-02 14:56:09,Local Market Day,J031,Cubbon Road,4112,Weekend,False,Heavy Rain,True,30.3,False,False,0.609,High,26.4,43.2,222.8,0.192,0.444,0.924,Heavy rain reducing visibility and grip - reduced speed and longer buffer advised
EVT404300,2025-11-15 16:08:41,Sports Fixture,J020,Malleshwaram Circle,12972,Weekend,False,Clear,False,0.0,False,False,0.523,Moderate,25.1,37.8,164.6,0.121,0.28,0.984,Moderate traffic flow - standard adaptive signal timing in effect
EVT404301,2026-04-27 12:11:57,Concert,J020,Malleshwaram Circle,10084,Weekday,False,Clear,False,0.0,False,False,0.285,Low,30.3,19.8,240.2,0.185,0.428,0.976,Moderate traffic flow - standard adaptive signal timing in effect
EVT404302,2025-10-08 16:37:49,Sports Fixture,J009,Majestic,28652,Weekday,False,Clear,False,0.0,False,False,0.688,High,17.6,52.0,342.7,0.21,0.485,0.982,Moderate traffic flow - standard adaptive signal timing in effect
EVT404303,2026-04-12 10:18:53,Local Market Day,J031,Cubbon Road,3720,Weekend,False,Clear,False,0.0,False,False,0.641,High,21.3,40.1,233.8,0.151,0.35,0.984,Moderate traffic flow - standard adaptive signal timing in effect
EVT404304,2026-02-05 11:11:52,Local Market Day,J031,Cubbon Road,3261,Weekday,False,Clear,False,0.0,False,False,0.354,Moderate,27.0,20.9,112.7,0.087,0.202,0.951,Moderate traffic flow - standard adaptive signal timing in effect
EVT404305,2025-01-30 22:33:42,Concert,J011,Indiranagar 100ft Road,11517,Weekday,False,Clear,False,0.0,False,False,0.26,Low,27.4,14.2,117.6,0.083,0.192,0.973,Moderate traffic flow - standard adaptive signal timing in effect
EVT404306,2025-04-05 09:42:45,Trade Fair,J023,Basavanagudi,8925,Weekend,False,Fog,False,0.0,False,False,0.83,Severe,14.3,56.4,323.3,0.178,0.411,0.96,Heavy congestion detected - signal timing extended and reroute suggested
EVT404307,2026-06-25 06:28:46,Concert,J040,City Market,14825,Weekday,False,Clear,False,0.0,False,False,0.368,Moderate,22.0,27.9,236.1,0.137,0.317,0.942,Moderate traffic flow - standard adaptive signal timing in effect
EVT404308,2025-05-21 15:48:57,Concert,J030,MG Road,9229,Weekday,False,Clear,False,0.0,False,False,0.408,Moderate,28.7,25.1,212.2,0.165,0.381,0.988,Moderate traffic flow - standard adaptive signal timing in effect
EVT404309,2025-04-29 17:29:11,Local Market Day,J009,Majestic,2602,Weekday,False,Clear,False,0.0,False,False,0.922,Severe,13.1,66.5,364.2,0.189,0.436,0.956,Heavy congestion detected - signal timing extended and reroute suggested
EVT404310,2026-06-10 20:08:20,Local Market Day,J012,Koramangala Sony World,7006,Weekday,False,Heavy Rain,True,51.5,False,False,1.0,Severe,9.0,69.4,479.8,0.184,0.426,0.869,Heavy rain reducing visibility and grip - reduced speed and longer buffer advised
EVT404311,2026-05-01 20:19:12,Religious Festival,J020,Malleshwaram Circle,32748,Weekday,True,Clear,False,0.0,False,False,1.0,Severe,8.4,75.4,295.0,0.103,0.237,0.867,Festival crowd surge detected - alternate route and extended cycle recommended
EVT404312,2025-06-11 09:30:01,Sports Fixture,J020,Malleshwaram Circle,12356,Weekday,False,Clear,False,0.0,False,False,1.0,Severe,8.7,72.5,516.0,0.181,0.419,0.896,Heavy congestion detected - signal timing extended and reroute suggested
EVT404313,2025-05-03 18:11:45,Sports Fixture,J040,City Market,33922,Weekend,False,Clear,False,0.0,False,False,1.0,Severe,8.3,66.8,441.6,0.162,0.374,0.908,Heavy congestion detected - signal timing extended and reroute suggested
EVT404314,2025-06-17 17:38:51,Local Market Day,J031,Cubbon Road,3883,Weekday,False,Clear,False,0.0,False,False,0.862,Severe,10.6,66.2,164.6,0.081,0.187,0.953,Heavy congestion detected - signal timing extended and reroute suggested
EVT404315,2025-04-05 16:23:41,Trade Fair,J023,Basavanagudi,9086,Weekend,False,Clear,False,0.0,False,False,0.527,Moderate,26.4,38.5,184.8,0.148,0.343,0.974,Moderate traffic flow - standard adaptive signal timing in effect
EVT404316,2025-12-30 07:35:50,Local Market Day,J031,Cubbon Road,3293,Weekday,False,Rain,True,13.0,False,False,0.8,Severe,13.9,59.8,350.8,0.169,0.389,0.902,Heavy rain reducing visibility and grip - reduced speed and longer buffer advised
EVT404317,2026-06-28 18:24:44,Concert,J023,Basavanagudi,8988,Weekend,False,Clear,False,0.0,False,False,0.887,Severe,11.6,64.2,526.1,0.212,0.49,0.97,Heavy congestion detected - signal timing extended and reroute suggested
EVT404318,2025-03-19 04:47:04,Local Market Day,J020,Malleshwaram Circle,2795,Weekday,False,Clear,False,0.0,False,False,0.115,Low,31.9,8.4,83.9,0.069,0.159,0.98,Normal free-flow traffic - standard signal timing maintained
EVT404319,2025-12-30 17:36:44,Local Market Day,J023,Basavanagudi,2381,Weekday,False,Clear,False,0.0,False,False,0.902,Severe,12.9,72.4,245.3,0.113,0.261,0.942,Heavy congestion detected - signal timing extended and reroute suggested
EVT404320,2025-04-07 14:59:14,Fireworks Display,J020,Malleshwaram Circle,14917,Weekday,True,Clear,False,0.0,False,False,0.528,Moderate,26.8,36.6,213.5,0.167,0.387,0.926,Festival crowd surge detected - alternate route and extended cycle recommended
EVT404321,2026-01-10 15:36:56,Trade Fair,J023,Basavanagudi,8772,Weekend,False,Clear,False,0.0,False,False,0.389,Moderate,23.6,27.1,136.4,0.079,0.182,0.964,Moderate traffic flow - standard adaptive signal timing in effect
EVT404322,2025-02-27 09:52:01,Concert,J012,Koramangala Sony World,11402,Weekday,False,Fog,False,0.0,False,False,0.879,Severe,14.8,62.8,428.6,0.228,0.527,0.921,Heavy congestion detected - signal timing extended and reroute suggested
EVT404323,2025-01-12 08:45:32,Concert,J023,Basavanagudi,13243,Weekend,False,Clear,False,0.0,False,False,0.963,Severe,10.2,76.8,323.1,0.144,0.333,0.906,Heavy congestion detected - signal timing extended and reroute suggested
EVT404324,2025-07-03 13:42:33,Sports Fixture,J011,Indiranagar 100ft Road,23616,Weekday,False,Fog,False,0.0,False,False,0.215,Low,29.5,15.0,89.0,0.075,0.174,0.974,Normal free-flow traffic - standard signal timing maintained
EVT404325,2025-03-18 12:23:52,Sports Fixture,J009,Majestic,16647,Weekday,False,Clear,False,0.0,False,False,0.219,Low,37.6,14.6,68.2,0.055,0.126,0.966,Normal free-flow traffic - standard signal timing maintained
EVT404326,2026-03-01 15:45:44,Sports Fixture,J012,Koramangala Sony World,49715,Weekend,False,Clear,False,0.0,False,False,0.692,High,19.9,44.5,185.3,0.124,0.287,0.979,Moderate traffic flow - standard adaptive signal timing in effect
EVT404327,2026-06-13 18:48:02,Political Rally,J031,Cubbon Road,18647,Weekend,False,Light Rain,True,6.4,False,False,1.0,Severe,8.3,73.2,697.6,0.215,0.496,0.859,Heavy rain reducing visibility and grip - reduced speed and longer buffer advised
EVT404328,2025-10-04 08:33:32,Concert,J009,Majestic,8072,Weekend,False,Rain,True,8.9,False,False,0.86,Severe,9.5,63.5,196.5,0.073,0.169,0.888,Heavy rain reducing visibility and grip - reduced speed and longer buffer advised
EVT404329,2025-05-04 14:10:33,Trade Fair,J009,Majestic,7283,Weekend,False,Clear,False,0.0,False,False,0.269,Low,27.3,24.9,159.7,0.117,0.27,0.957,Moderate traffic flow - standard adaptive signal timing in effect
EVT404330,2025-03-20 20:37:14,Political Rally,J012,Koramangala Sony World,10343,Weekday,False,Clear,False,0.0,False,False,0.611,High,22.6,45.2,230.6,0.171,0.395,0.954,Moderate traffic flow - standard adaptive signal timing in effect
EVT404331,2025-04-09 07:03:29,Sports Fixture,J040,City Market,57962,Weekday,False,Clear,False,0.0,False,False,0.744,High,20.1,53.9,235.3,0.173,0.399,0.959,Moderate traffic flow - standard adaptive signal timing in effect
EVT404332,2026-05-26 17:45:55,Local Market Day,J012,Koramangala Sony World,2071,Weekday,False,Clear,False,0.0,False,False,0.935,Severe,9.6,61.0,557.0,0.222,0.513,0.935,Heavy congestion detected - signal timing extended and reroute suggested
EVT404333,2025-01-14 22:00:30,Cultural Procession,J011,Indiranagar 100ft Road,18440,Weekday,True,Clear,False,0.0,False,True,0.716,High,19.0,68.8,237.2,0.132,0.305,0.874,Road closure for event/procession - full detour recommended for through-traffic
EVT404334,2025-05-19 08:08:03,Local Market Day,J040,City Market,5598,Weekday,False,Clear,False,0.0,False,False,0.854,Severe,14.2,63.5,423.9,0.215,0.496,0.935,Heavy congestion detected - signal timing extended and reroute suggested
EVT404335,2026-03-09 00:29:23,Local Market Day,J011,Indiranagar 100ft Road,4787,Weekday,False,Clear,False,0.0,False,False,0.211,Low,30.5,13.6,143.8,0.116,0.269,0.955,Normal free-flow traffic - standard signal timing maintained
EVT404336,2026-01-01 08:35:27,Religious Festival,J023,Basavanagudi,36413,Weekday,True,Clear,False,0.0,False,True,1.0,Severe,9.3,103.7,632.3,0.22,0.509,0.836,Road closure for event/procession - full detour recommended for through-traffic
EVT404337,2025-01-07 09:54:39,Sports Fixture,J011,Indiranagar 100ft Road,14080,Weekday,False,Clear,False,0.0,False,False,0.824,Severe,14.9,54.9,266.4,0.142,0.327,0.93,Heavy congestion detected - signal timing extended and reroute suggested
EVT404338,2025-03-25 17:44:01,Sports Fixture,J020,Malleshwaram Circle,25189,Weekday,False,Light Rain,True,4.2,False,False,1.0,Severe,6.8,71.0,898.1,0.226,0.522,0.883,Heavy rain reducing visibility and grip - reduced speed and longer buffer advised
EVT404339,2025-09-18 10:15:07,Concert,J031,Cubbon Road,12207,Weekday,False,Clear,False,0.0,True,False,1.0,Severe,9.4,75.1,433.1,0.164,0.379,0.738,Accident detected nearby - reroute and reduced speed advised
EVT404340,2025-01-31 19:47:46,Trade Fair,J040,City Market,11281,Weekday,False,Clear,False,0.0,False,False,0.802,Severe,16.9,56.3,479.4,0.287,0.664,0.972,Heavy congestion detected - signal timing extended and reroute suggested
EVT404341,2026-03-06 10:57:54,Concert,J030,MG Road,14722,Weekday,False,Clear,False,0.0,False,False,0.531,Moderate,21.4,37.9,276.9,0.179,0.413,0.979,Moderate traffic flow - standard adaptive signal timing in effect
EVT404342,2025-05-13 17:55:46,Trade Fair,J009,Majestic,6793,Weekday,False,Clear,False,0.0,False,False,0.976,Severe,9.2,74.5,191.3,0.097,0.225,0.924,Heavy congestion detected - signal timing extended and reroute suggested
EVT404343,2026-02-15 09:00:06,Local Market Day,J031,Cubbon Road,5632,Weekend,False,Clear,False,0.0,False,False,0.827,Severe,13.3,55.6,251.8,0.119,0.275,0.951,Heavy congestion detected - signal timing extended and reroute suggested
EVT404344,2026-02-08 14:31:13,Concert,J040,City Market,9671,Weekend,False,Light Rain,True,3.6,False,False,0.328,Low,25.2,24.4,208.4,0.134,0.31,0.928,Light rain detected - minor speed reduction advised
EVT404345,2025-02-22 11:18:34,Local Market Day,J031,Cubbon Road,5293,Weekend,False,Clear,False,0.0,False,False,0.412,Moderate,38.1,31.7,141.6,0.136,0.314,0.952,Moderate traffic flow - standard adaptive signal timing in effect
EVT404346,2025-06-25 16:19:59,Trade Fair,J031,Cubbon Road,8370,Weekday,False,Rain,True,14.9,False,False,0.687,High,17.2,50.0,145.8,0.088,0.204,0.924,Heavy rain reducing visibility and grip - reduced speed and longer buffer advised
EVT404347,2026-05-15 08:27:27,Sports Fixture,J023,Basavanagudi,16776,Weekday,False,Rain,True,23.0,False,False,1.0,Severe,7.7,68.3,397.1,0.132,0.305,0.876,Heavy rain reducing visibility and grip - reduced speed and longer buffer advised
EVT404348,2026-03-02 12:33:21,Trade Fair,J009,Majestic,11820,Weekday,False,Clear,False,0.0,False,False,0.247,Low,28.7,18.3,82.9,0.07,0.161,0.962,Normal free-flow traffic - standard signal timing maintained
EVT404349,2026-05-17 18:00:15,Sports Fixture,J020,Malleshwaram Circle,14915,Weekend,False,Rain,True,14.6,False,False,0.986,Severe,7.4,75.2,798.4,0.245,0.566,0.839,Heavy rain reducing visibility and grip - reduced speed and longer buffer advised
EVT404350,2026-04-18 17:05:01,Political Rally,J009,Majestic,32657,Weekend,False,Clear,False,0.0,False,False,0.882,Severe,11.9,68.6,171.2,0.083,0.192,0.941,Heavy congestion detected - signal timing extended and reroute suggested
EVT404351,2025-03-06 08:34:15,Local Market Day,J040,City Market,5994,Weekday,False,Clear,False,0.0,False,False,0.995,Severe,6.6,71.4,448.4,0.132,0.306,0.907,Heavy congestion detected - signal timing extended and reroute suggested
EVT404352,2026-04-25 18:21:17,Sports Fixture,J023,Basavanagudi,14693,Weekend,False,Clear,False,0.0,False,False,1.0,Severe,7.7,72.8,423.1,0.155,0.358,0.909,Heavy congestion detected - signal timing extended and reroute suggested
EVT404353,2025-03-05 10:58:46,Trade Fair,J011,Indiranagar 100ft Road,11162,Weekday,False,Clear,False,0.0,False,False,0.488,Moderate,25.7,35.4,261.3,0.212,0.489,0.966,Moderate traffic flow - standard adaptive signal timing in effect
EVT404354,2026-06-02 17:28:34,Local Market Day,J023,Basavanagudi,8042,Weekday,False,Rain,True,16.3,False,False,1.0,Severe,7.9,73.2,792.6,0.25,0.577,0.856,Heavy rain reducing visibility and grip - reduced speed and longer buffer advised
EVT404355,2025-02-16 06:05:27,Local Market Day,J031,Cubbon Road,4630,Weekend,False,Clear,False,0.0,False,False,0.272,Low,26.7,21.5,194.9,0.132,0.305,0.957,Moderate traffic flow - standard adaptive signal timing in effect
EVT404356,2025-09-13 13:55:47,Concert,J030,MG Road,13248,Weekend,False,Clear,False,0.0,False,False,0.346,Low,34.0,26.3,151.6,0.143,0.33,0.954,Moderate traffic flow - standard adaptive signal timing in effect
EVT404357,2026-05-07 20:27:25,Trade Fair,J020,Malleshwaram Circle,10750,Weekday,False,Rain,True,18.5,False,False,0.903,Severe,12.1,65.9,462.8,0.215,0.497,0.871,Heavy rain reducing visibility and grip - reduced speed and longer buffer advised
EVT404358,2026-05-02 09:02:14,Religious Festival,J020,Malleshwaram Circle,59048,Weekend,True,Clear,False,0.0,False,True,1.0,Severe,8.4,104.7,771.2,0.261,0.603,0.837,Road closure for event/procession - full detour recommended for through-traffic
EVT404359,2026-03-28 08:55:42,Trade Fair,J040,City Market,8218,Weekend,False,Clear,False,0.0,False,False,0.892,Severe,12.1,67.5,448.4,0.187,0.433,0.941,Heavy congestion detected - signal timing extended and reroute suggested
EVT404360,2025-01-30 21:08:54,Political Rally,J020,Malleshwaram Circle,16046,Weekday,False,Clear,False,0.0,False,False,0.505,Moderate,17.5,41.9,192.6,0.095,0.219,0.979,Moderate traffic flow - standard adaptive signal timing in effect
EVT404361,2025-08-06 15:43:25,Political Rally,J020,Malleshwaram Circle,23826,Weekday,False,Clear,False,0.0,False,False,0.525,Moderate,23.8,40.1,159.8,0.142,0.328,0.99,Moderate traffic flow - standard adaptive signal timing in effect
EVT404362,2025-05-11 10:08:06,Trade Fair,J030,MG Road,14839,Weekend,False,Rain,True,9.6,False,False,0.888,Severe,11.7,58.2,542.8,0.251,0.58,0.91,Heavy rain reducing visibility and grip - reduced speed and longer buffer advised
EVT404363,2025-05-21 13:20:23,Trade Fair,J012,Koramangala Sony World,8711,Weekday,False,Fog,False,0.0,False,False,0.219,Low,32.4,16.1,94.2,0.085,0.196,0.984,Normal free-flow traffic - standard signal timing maintained
EVT404364,2025-08-26 12:33:29,Concert,J012,Koramangala Sony World,14340,Weekday,False,Clear,False,0.0,False,False,0.285,Low,30.0,23.9,195.8,0.162,0.375,0.948,Moderate traffic flow - standard adaptive signal timing in effect
EVT404365,2025-03-24 08:37:43,Sports Fixture,J040,City Market,26673,Weekday,False,Clear,False,0.0,False,False,1.0,Severe,10.6,74.3,564.5,0.228,0.527,0.947,Heavy congestion detected - signal timing extended and reroute suggested
EVT404366,2025-12-02 16:57:09,Local Market Day,J023,Basavanagudi,2984,Weekday,False,Clear,False,0.0,False,False,0.713,High,16.2,51.6,116.8,0.075,0.173,0.957,Moderate traffic flow - standard adaptive signal timing in effect
EVT404367,2026-06-16 07:29:56,Local Market Day,J031,Cubbon Road,3249,Weekday,False,Heavy Rain,True,26.4,False,False,0.9,Severe,12.7,68.2,282.1,0.15,0.347,0.894,Heavy rain reducing visibility and grip - reduced speed and longer buffer advised
EVT404368,2026-01-27 22:08:35,Cultural Procession,J030,MG Road,9337,Weekday,True,Clear,False,0.0,False,False,0.519,Moderate,21.9,40.3,259.8,0.153,0.354,0.935,Festival crowd surge detected - alternate route and extended cycle recommended
EVT404369,2025-07-15 09:06:51,Sports Fixture,J020,Malleshwaram Circle,24745,Weekday,False,Heavy Rain,True,28.0,False,False,1.0,Severe,7.3,79.3,447.2,0.16,0.371,0.851,Heavy rain reducing visibility and grip - reduced speed and longer buffer advised
EVT404370,2026-03-01 13:49:48,Trade Fair,J012,Koramangala Sony World,14937,Weekend,False,Clear,False,0.0,False,False,0.316,Low,24.2,28.9,72.3,0.04,0.093,0.956,Moderate traffic flow - standard adaptive signal timing in effect
EVT404371,2025-11-21 14:39:54,Local Market Day,J040,City Market,4239,Weekday,False,Clear,False,0.0,False,False,0.287,Low,28.1,17.2,205.5,0.154,0.356,0.931,Moderate traffic flow - standard adaptive signal timing in effect
EVT404372,2026-03-08 10:10:44,Sports Fixture,J020,Malleshwaram Circle,39459,Weekend,False,Fog,False,0.0,False,False,0.871,Severe,13.2,60.8,488.9,0.233,0.538,0.925,Heavy congestion detected - signal timing extended and reroute suggested
EVT404373,2026-01-10 17:01:13,Political Rally,J031,Cubbon Road,14490,Weekend,False,Clear,False,0.0,False,False,0.698,High,21.0,61.3,321.8,0.209,0.482,0.949,Moderate traffic flow - standard adaptive signal timing in effect
EVT404374,2025-03-29 19:06:06,Trade Fair,J040,City Market,8765,Weekend,False,Clear,False,0.0,False,False,0.804,Severe,12.5,57.9,608.3,0.262,0.605,0.96,Heavy congestion detected - signal timing extended and reroute suggested
EVT404375,2025-09-02 22:33:04,Political Rally,J011,Indiranagar 100ft Road,10760,Weekday,False,Heavy Rain,True,44.5,False,False,0.553,High,22.5,37.8,170.1,0.117,0.271,0.906,Heavy rain reducing visibility and grip - reduced speed and longer buffer advised
EVT404376,2025-07-25 20:02:33,Trade Fair,J009,Majestic,10354,Weekday,False,Fog,False,0.0,False,False,0.775,Severe,16.9,56.3,138.2,0.079,0.182,0.94,Heavy congestion detected - signal timing extended and reroute suggested
EVT404377,2025-04-07 18:56:34,Cultural Procession,J023,Basavanagudi,22422,Weekday,True,Clear,False,0.0,False,True,1.0,Severe,8.8,96.9,434.8,0.176,0.407,0.833,Road closure for event/procession - full detour recommended for through-traffic
EVT404378,2025-12-19 13:31:10,Concert,J011,Indiranagar 100ft Road,6046,Weekday,False,Clear,False,0.0,False,False,0.18,Low,42.0,14.6,78.0,0.071,0.165,0.949,Normal free-flow traffic - standard signal timing maintained
EVT404379,2025-10-25 08:10:52,Sports Fixture,J012,Koramangala Sony World,11151,Weekend,False,Clear,False,0.0,False,False,0.862,Severe,14.5,63.3,241.8,0.152,0.352,0.934,Heavy congestion detected - signal timing extended and reroute suggested
EVT404380,2025-01-10 08:36:06,Sports Fixture,J023,Basavanagudi,24694,Weekday,False,Clear,False,0.0,False,False,1.0,Severe,6.6,67.8,501.5,0.148,0.342,0.91,Heavy congestion detected - signal timing extended and reroute suggested
EVT404381,2026-04-14 11:28:00,Religious Festival,J009,Majestic,33774,Weekday,True,Clear,False,0.0,False,False,0.762,Severe,21.3,59.5,252.6,0.18,0.416,0.91,Festival crowd surge detected - alternate route and extended cycle recommended
EVT404382,2025-09-04 18:31:17,Concert,J031,Cubbon Road,7682,Weekday,False,Clear,False,0.0,False,False,1.0,Severe,8.4,71.1,520.4,0.19,0.439,0.919,Heavy congestion detected - signal timing extended and reroute suggested
EVT404383,2025-10-16 17:22:08,Sports Fixture,J009,Majestic,31448,Weekday,False,Clear,False,0.0,False,False,1.0,Severe,10.5,69.2,429.2,0.182,0.421,0.908,Heavy congestion detected - signal timing extended and reroute suggested
EVT404384,2026-03-02 04:30:46,Sports Fixture,J031,Cubbon Road,40968,Weekday,False,Clear,False,0.0,False,False,0.493,Moderate,23.8,37.8,235.9,0.173,0.401,0.952,Moderate traffic flow - standard adaptive signal timing in effect
EVT404385,2026-05-20 21:14:14,Sports Fixture,J011,Indiranagar 100ft Road,35875,Weekday,False,Light Rain,True,5.7,False,False,0.697,High,22.1,49.6,236.0,0.178,0.412,0.893,Heavy rain reducing visibility and grip - reduced speed and longer buffer advised
EVT404386,2025-05-19 10:18:10,Local Market Day,J030,MG Road,4687,Weekday,False,Clear,False,0.0,False,False,0.654,High,21.4,49.7,281.4,0.183,0.423,0.964,Moderate traffic flow - standard adaptive signal timing in effect
EVT404387,2026-06-27 14:12:07,Concert,J023,Basavanagudi,17681,Weekend,False,Clear,False,0.0,False,False,0.348,Low,25.5,22.5,92.6,0.08,0.185,0.962,Moderate traffic flow - standard adaptive signal timing in effect
EVT404388,2025-01-30 15:12:39,Concert,J040,City Market,12458,Weekday,False,Clear,False,0.0,False,False,0.443,Moderate,20.0,34.0,257.8,0.165,0.382,0.979,Moderate traffic flow - standard adaptive signal timing in effect
EVT404389,2025-05-04 07:41:10,Sports Fixture,J031,Cubbon Road,23252,Weekend,False,Clear,False,0.0,False,False,0.707,High,18.3,55.8,350.5,0.203,0.468,0.962,Moderate traffic flow - standard adaptive signal timing in effect
EVT404390,2025-10-24 12:11:47,Concert,J040,City Market,10993,Weekday,False,Heavy Rain,True,37.7,False,False,0.601,High,21.4,42.6,179.3,0.123,0.284,0.938,Heavy rain reducing visibility and grip - reduced speed and longer buffer advised
EVT404391,2026-03-01 08:46:15,Trade Fair,J009,Majestic,18557,Weekend,False,Clear,False,0.0,False,False,0.879,Severe,13.0,65.8,151.6,0.08,0.186,0.93,Heavy congestion detected - signal timing extended and reroute suggested
EVT404392,2025-11-16 15:54:44,Sports Fixture,J030,MG Road,17298,Weekend,False,Clear,False,0.0,False,False,0.495,Moderate,23.6,37.8,105.2,0.07,0.161,0.943,Moderate traffic flow - standard adaptive signal timing in effect
EVT404393,2026-01-20 22:36:29,Concert,J009,Majestic,9878,Weekday,False,Light Rain,True,2.7,False,False,0.329,Low,26.0,24.5,234.0,0.159,0.368,0.905,Light rain detected - minor speed reduction advised
EVT404394,2025-02-23 20:39:31,Local Market Day,J020,Malleshwaram Circle,1707,Weekend,False,Clear,False,0.0,False,False,0.549,Moderate,24.2,42.8,237.3,0.176,0.407,0.981,Moderate traffic flow - standard adaptive signal timing in effect
EVT404395,2025-07-27 10:11:08,Concert,J012,Koramangala Sony World,23891,Weekend,False,Clear,False,0.0,False,False,0.832,Severe,13.3,64.0,443.8,0.215,0.496,0.961,Heavy congestion detected - signal timing extended and reroute suggested
EVT404396,2026-06-29 09:58:21,Concert,J023,Basavanagudi,17912,Weekday,False,Clear,False,0.0,False,False,0.915,Severe,9.9,66.1,462.5,0.188,0.434,0.945,Heavy congestion detected - signal timing extended and reroute suggested
EVT404397,2026-01-21 17:12:36,Concert,J031,Cubbon Road,6207,Weekday,False,Clear,False,0.0,False,False,0.914,Severe,11.8,66.5,290.4,0.125,0.29,0.928,Heavy congestion detected - signal timing extended and reroute suggested
EVT404398,2025-06-23 08:11:29,Local Market Day,J040,City Market,3214,Weekday,False,Clear,False,0.0,False,False,0.891,Severe,12.3,65.8,356.2,0.169,0.391,0.94,Heavy congestion detected - signal timing extended and reroute suggested
EVT404399,2025-11-28 17:04:03,Political Rally,J009,Majestic,22404,Weekday,False,Light Rain,True,7.2,False,False,0.929,Severe,12.9,72.5,492.1,0.241,0.557,0.855,Heavy rain reducing visibility and grip - reduced speed and longer buffer advised
EVT404400,2026-02-19 12:42:57,Concert,J011,Indiranagar 100ft Road,16410,Weekday,False,Fog,False,0.0,False,False,0.278,Low,33.7,19.4,97.1,0.082,0.19,0.949,Moderate traffic flow - standard adaptive signal timing in effect
EVT404401,2025-04-21 13:34:19,Local Market Day,J012,Koramangala Sony World,3093,Weekday,False,Clear,False,0.0,False,False,0.161,Low,36.8,9.7,102.8,0.092,0.213,0.956,Normal free-flow traffic - standard signal timing maintained
EVT404402,2026-03-18 17:08:52,Local Market Day,J020,Malleshwaram Circle,2779,Weekday,False,Clear,False,0.0,False,False,0.77,Severe,17.3,56.2,228.8,0.135,0.312,0.967,Heavy congestion detected - signal timing extended and reroute suggested
EVT404403,2025-04-20 12:52:16,Trade Fair,J009,Majestic,13278,Weekend,False,Clear,False,0.0,False,False,0.334,Low,21.8,25.3,140.4,0.081,0.187,0.986,Moderate traffic flow - standard adaptive signal timing in effect
EVT404404,2025-12-08 18:24:01,Local Market Day,J023,Basavanagudi,2388,Weekday,False,Clear,False,0.0,False,False,1.0,Severe,8.9,65.9,199.5,0.087,0.2,0.897,Heavy congestion detected - signal timing extended and reroute suggested
EVT404405,2026-03-28 12:55:15,Sports Fixture,J011,Indiranagar 100ft Road,12882,Weekend,False,Clear,False,0.0,False,False,0.309,Low,29.7,24.7,209.1,0.169,0.39,0.966,Moderate traffic flow - standard adaptive signal timing in effect
EVT404406,2025-01-17 07:17:10,Local Market Day,J031,Cubbon Road,3418,Weekday,False,Clear,False,0.0,False,False,0.555,High,25.8,39.9,206.7,0.174,0.402,0.987,Moderate traffic flow - standard adaptive signal timing in effect
EVT404407,2025-02-11 12:49:38,Sports Fixture,J011,Indiranagar 100ft Road,46078,Weekday,False,Clear,False,0.0,False,False,0.383,Moderate,24.8,30.6,100.7,0.061,0.142,0.973,Moderate traffic flow - standard adaptive signal timing in effect
EVT404408,2026-01-18 18:39:20,Local Market Day,J040,City Market,1947,Weekend,False,Clear,False,0.0,False,False,0.823,Severe,17.0,56.9,316.3,0.185,0.427,0.982,Heavy congestion detected - signal timing extended and reroute suggested
EVT404409,2026-06-02 08:01:35,Sports Fixture,J012,Koramangala Sony World,37169,Weekday,False,Rain,True,18.8,False,False,1.0,Severe,9.2,77.9,594.6,0.205,0.474,0.865,Heavy rain reducing visibility and grip - reduced speed and longer buffer advised
EVT404410,2025-04-30 11:52:34,Concert,J031,Cubbon Road,14036,Weekday,False,Clear,False,0.0,False,False,0.231,Low,36.7,23.2,131.1,0.138,0.319,0.979,Normal free-flow traffic - standard signal timing maintained
EVT404411,2025-11-23 22:05:17,Local Market Day,J020,Malleshwaram Circle,2825,Weekend,False,Clear,False,0.0,False,False,0.227,Low,36.7,17.1,131.2,0.131,0.303,0.95,Normal free-flow traffic - standard signal timing maintained
EVT404412,2025-02-16 18:21:37,Local Market Day,J040,City Market,4532,Weekend,False,Clear,False,0.0,False,False,0.901,Severe,14.0,64.4,379.2,0.211,0.487,0.939,Heavy congestion detected - signal timing extended and reroute suggested
EVT404413,2025-03-27 14:20:46,Local Market Day,J012,Koramangala Sony World,4516,Weekday,False,Clear,False,0.0,False,False,0.227,Low,36.9,10.0,122.0,0.117,0.271,0.97,Normal free-flow traffic - standard signal timing maintained
EVT404414,2025-09-28 18:47:50,Concert,J009,Majestic,14583,Weekend,False,Heavy Rain,True,32.7,False,False,1.0,Severe,7.1,77.3,881.2,0.276,0.638,0.869,Heavy rain reducing visibility and grip - reduced speed and longer buffer advised
EVT404415,2026-04-25 23:15:44,Concert,J040,City Market,22285,Weekend,False,Clear,False,0.0,False,False,0.325,Low,25.6,21.4,315.3,0.228,0.528,0.968,Moderate traffic flow - standard adaptive signal timing in effect
EVT404416,2025-02-07 20:21:33,Concert,J040,City Market,19134,Weekday,False,Clear,False,0.0,False,False,0.67,High,13.3,45.5,383.3,0.175,0.404,0.973,Moderate traffic flow - standard adaptive signal timing in effect
EVT404417,2026-02-10 13:46:11,Local Market Day,J009,Majestic,4505,Weekday,False,Clear,False,0.0,False,False,0.143,Low,30.3,11.6,158.3,0.113,0.261,0.977,Normal free-flow traffic - standard signal timing maintained
EVT404418,2025-03-22 09:21:09,Trade Fair,J009,Majestic,5856,Weekend,False,Clear,False,0.0,False,False,0.803,Severe,15.3,54.8,433.7,0.242,0.56,0.955,Heavy congestion detected - signal timing extended and reroute suggested
EVT404419,2025-04-26 12:33:49,Trade Fair,J023,Basavanagudi,7337,Weekend,False,Clear,False,0.0,False,False,0.345,Low,31.7,22.9,153.6,0.122,0.281,0.979,Moderate traffic flow - standard adaptive signal timing in effect
EVT404420,2026-04-04 21:49:37,Local Market Day,J020,Malleshwaram Circle,3041,Weekend,False,Clear,False,0.0,False,False,0.367,Moderate,31.8,28.6,125.5,0.094,0.218,0.968,Moderate traffic flow - standard adaptive signal timing in effect
EVT404421,2025-01-19 11:18:30,Sports Fixture,J031,Cubbon Road,17913,Weekend,False,Clear,False,0.0,False,False,0.49,Moderate,24.6,36.6,193.0,0.136,0.315,0.955,Moderate traffic flow - standard adaptive signal timing in effect
EVT404422,2025-12-19 17:30:39,Trade Fair,J030,MG Road,12549,Weekday,False,Clear,False,0.0,False,False,0.857,Severe,13.9,60.9,354.8,0.198,0.457,0.948,Heavy congestion detected - signal timing extended and reroute suggested
EVT404423,2026-03-17 17:06:22,Local Market Day,J023,Basavanagudi,6277,Weekday,False,Light Rain,True,0.8,False,False,0.765,Severe,12.7,57.4,407.8,0.201,0.464,0.937,Heavy rain reducing visibility and grip - reduced speed and longer buffer advised
EVT404424,2026-04-05 15:58:13,Local Market Day,J031,Cubbon Road,4025,Weekend,False,Clear,False,0.0,False,False,0.426,Moderate,24.5,29.6,159.5,0.127,0.294,0.963,Moderate traffic flow - standard adaptive signal timing in effect
EVT404425,2025-03-06 09:24:04,Concert,J009,Majestic,9218,Weekday,False,Clear,False,0.0,False,False,1.0,Severe,8.6,73.3,661.3,0.231,0.534,0.906,Heavy congestion detected - signal timing extended and reroute suggested
EVT404426,2025-04-01 18:47:10,Concert,J012,Koramangala Sony World,22036,Weekday,False,Clear,False,0.0,False,False,1.0,Severe,10.0,66.6,748.8,0.287,0.663,0.912,Heavy congestion detected - signal timing extended and reroute suggested
EVT404427,2025-08-27 12:09:48,Religious Festival,J009,Majestic,24066,Weekday,True,Heavy Rain,True,39.5,False,False,0.924,Severe,11.0,67.7,616.5,0.258,0.595,0.856,Festival crowd surge detected - alternate route and extended cycle recommended
EVT404428,2025-06-15 10:05:31,Local Market Day,J031,Cubbon Road,4065,Weekend,False,Clear,False,0.0,False,False,0.751,Severe,19.1,52.7,249.0,0.179,0.412,0.983,Heavy congestion detected - signal timing extended and reroute suggested
EVT404429,2026-01-21 07:46:12,Sports Fixture,J031,Cubbon Road,31030,Weekday,False,Clear,False,0.0,False,False,0.983,Severe,8.4,74.9,395.9,0.138,0.32,0.916,Heavy congestion detected - signal timing extended and reroute suggested
EVT404430,2025-07-08 16:58:15,Sports Fixture,J009,Majestic,15164,Weekday,False,Heavy Rain,True,35.9,False,False,1.0,Severe,8.0,64.1,344.6,0.131,0.303,0.872,Heavy rain reducing visibility and grip - reduced speed and longer buffer advised
EVT404431,2025-09-29 19:44:15,Concert,J020,Malleshwaram Circle,10125,Weekday,False,Rain,True,9.8,False,False,0.988,Severe,9.9,71.6,417.9,0.184,0.426,0.839,Heavy rain reducing visibility and grip - reduced speed and longer buffer advised
EVT404432,2025-08-09 17:29:55,Local Market Day,J031,Cubbon Road,5098,Weekend,False,Fog,False,0.0,False,False,0.776,Severe,19.9,56.9,154.2,0.093,0.216,0.945,Heavy congestion detected - signal timing extended and reroute suggested
EVT404433,2025-09-04 18:01:35,Trade Fair,J023,Basavanagudi,15948,Weekday,False,Clear,False,0.0,False,False,1.0,Severe,8.6,69.7,397.6,0.137,0.317,0.907,Heavy congestion detected - signal timing extended and reroute suggested
EVT404434,2025-06-25 21:24:31,Local Market Day,J012,Koramangala Sony World,3592,Weekday,False,Heavy Rain,True,108.5,False,False,0.785,Severe,15.1,55.7,294.9,0.165,0.381,0.901,Heavy rain reducing visibility and grip - reduced speed and longer buffer advised
EVT404435,2025-10-28 18:12:43,Local Market Day,J040,City Market,3866,Weekday,False,Clear,False,0.0,False,False,1.0,Severe,8.6,73.1,670.0,0.232,0.537,0.934,Heavy congestion detected - signal timing extended and reroute suggested
EVT404436,2026-03-27 07:25:26,Religious Festival,J009,Majestic,47612,Weekday,True,Clear,False,0.0,False,True,1.0,Severe,8.9,96.5,312.3,0.13,0.3,0.854,Road closure for event/procession - full detour recommended for through-traffic
EVT404437,2026-04-01 15:18:34,Sports Fixture,J009,Majestic,25102,Weekday,False,Clear,False,0.0,False,False,0.447,Moderate,23.1,34.1,154.3,0.107,0.248,0.968,Moderate traffic flow - standard adaptive signal timing in effect
EVT404438,2025-12-13 08:01:03,Concert,J040,City Market,8425,Weekend,False,Fog,False,0.0,False,False,0.661,High,19.1,52.4,238.7,0.14,0.323,0.954,Moderate traffic flow - standard adaptive signal timing in effect
EVT404439,2026-05-19 10:58:21,Sports Fixture,J020,Malleshwaram Circle,16142,Weekday,False,Clear,False,0.0,False,False,0.483,Moderate,22.2,28.4,161.0,0.098,0.227,0.973,Moderate traffic flow - standard adaptive signal timing in effect
EVT404440,2025-04-27 14:33:35,Sports Fixture,J023,Basavanagudi,19906,Weekend,False,Rain,True,24.2,False,False,0.656,High,19.0,43.9,343.3,0.23,0.532,0.93,Heavy rain reducing visibility and grip - reduced speed and longer buffer advised
EVT404441,2026-03-26 19:30:22,Religious Festival,J011,Indiranagar 100ft Road,34175,Weekday,True,Light Rain,True,1.6,False,True,1.0,Severe,7.6,90.1,462.7,0.17,0.392,0.795,Road closure for event/procession - full detour recommended for through-traffic
EVT404442,2025-06-28 13:34:58,Political Rally,J031,Cubbon Road,34374,Weekend,False,Clear,False,0.0,False,False,0.474,Moderate,28.7,30.2,159.8,0.147,0.34,0.97,Moderate traffic flow - standard adaptive signal timing in effect
EVT404443,2025-11-03 16:16:05,Political Rally,J040,City Market,14298,Weekday,False,Clear,False,0.0,False,False,0.65,High,20.4,45.7,381.1,0.24,0.555,0.977,Moderate traffic flow - standard adaptive signal timing in effect
EVT404444,2026-05-06 07:01:59,Trade Fair,J031,Cubbon Road,7698,Weekday,False,Clear,False,0.0,False,False,0.472,Moderate,26.2,31.0,218.6,0.169,0.39,0.96,Moderate traffic flow - standard adaptive signal timing in effect
EVT404445,2025-06-22 04:56:21,Trade Fair,J031,Cubbon Road,7550,Weekend,False,Clear,False,0.0,False,False,0.346,Low,30.7,24.3,165.8,0.133,0.307,0.961,Moderate traffic flow - standard adaptive signal timing in effect
EVT404446,2026-03-27 07:09:56,Fireworks Display,J009,Majestic,27164,Weekday,True,Clear,False,0.0,False,False,0.904,Severe,8.5,66.4,715.6,0.234,0.541,0.873,Festival crowd surge detected - alternate route and extended cycle recommended
EVT404447,2025-02-18 08:50:14,Sports Fixture,J040,City Market,19417,Weekday,False,Clear,False,0.0,False,False,1.0,Severe,8.1,73.4,535.2,0.203,0.469,0.918,Heavy congestion detected - signal timing extended and reroute suggested
EVT404448,2025-11-11 10:11:53,Local Market Day,J009,Majestic,3309,Weekday,False,Clear,False,0.0,False,False,0.698,High,20.7,52.2,284.6,0.191,0.441,0.959,Moderate traffic flow - standard adaptive signal timing in effect
EVT404449,2026-04-06 19:25:45,Local Market Day,J012,Koramangala Sony World,6657,Weekday,False,Clear,False,0.0,False,False,0.995,Severe,8.2,71.7,460.1,0.163,0.377,0.892,Heavy congestion detected - signal timing extended and reroute suggested
EVT404450,2025-10-10 07:38:40,Sports Fixture,J011,Indiranagar 100ft Road,56440,Weekday,False,Clear,False,0.0,False,False,0.957,Severe,10.0,62.4,325.0,0.137,0.317,0.947,Heavy congestion detected - signal timing extended and reroute suggested
EVT404451,2026-01-16 11:04:38,Sports Fixture,J040,City Market,22683,Weekday,False,Clear,False,0.0,False,False,0.574,High,18.6,39.4,319.2,0.18,0.415,0.986,Moderate traffic flow - standard adaptive signal timing in effect
EVT404452,2025-11-29 08:39:36,Sports Fixture,J009,Majestic,23478,Weekend,False,Clear,False,0.0,False,False,1.0,Severe,8.1,80.9,681.2,0.225,0.519,0.931,Heavy congestion detected - signal timing extended and reroute suggested
EVT404453,2026-05-15 09:41:53,Trade Fair,J030,MG Road,9399,Weekday,False,Rain,True,22.5,False,False,1.0,Severe,9.0,73.2,198.5,0.1,0.232,0.876,Heavy rain reducing visibility and grip - reduced speed and longer buffer advised
EVT404454,2026-06-22 12:38:02,Trade Fair,J031,Cubbon Road,8230,Weekday,False,Rain,True,24.7,False,False,0.467,Moderate,24.8,28.9,208.2,0.137,0.317,0.899,Light rain detected - minor speed reduction advised
EVT404455,2026-01-14 09:12:09,Fireworks Display,J023,Basavanagudi,22391,Weekday,True,Clear,False,0.0,False,False,1.0,Severe,7.1,76.0,1020.9,0.304,0.703,0.862,Festival crowd surge detected - alternate route and extended cycle recommended
EVT404456,2025-03-22 11:38:11,Local Market Day,J009,Majestic,4500,Weekend,False,Clear,False,0.0,False,False,0.361,Moderate,29.7,30.6,168.4,0.132,0.305,0.942,Moderate traffic flow - standard adaptive signal timing in effect
EVT404457,2025-12-25 16:13:26,Religious Festival,J011,Indiranagar 100ft Road,21701,Weekday,True,Clear,False,0.0,False,False,0.699,High,17.5,50.6,242.6,0.151,0.349,0.924,Festival crowd surge detected - alternate route and extended cycle recommended
EVT404458,2025-04-30 08:30:40,Local Market Day,J031,Cubbon Road,4573,Weekday,False,Clear,False,0.0,False,False,0.946,Severe,11.4,70.9,180.9,0.087,0.2,0.937,Heavy congestion detected - signal timing extended and reroute suggested
EVT404459,2025-04-07 16:35:57,Religious Festival,J023,Basavanagudi,99351,Weekday,True,Clear,False,0.0,False,True,1.0,Severe,8.2,101.3,688.6,0.233,0.539,0.867,Road closure for event/procession - full detour recommended for through-traffic
EVT404460,2025-01-24 16:17:19,Local Market Day,J031,Cubbon Road,4115,Weekday,False,Clear,False,0.0,False,False,0.486,Moderate,26.7,36.4,205.3,0.155,0.359,0.946,Moderate traffic flow - standard adaptive signal timing in effect
EVT404461,2025-07-27 12:25:20,Concert,J011,Indiranagar 100ft Road,7704,Weekend,False,Clear,False,0.0,False,False,0.336,Low,28.1,28.1,160.6,0.125,0.288,0.949,Moderate traffic flow - standard adaptive signal timing in effect
EVT404462,2026-04-20 18:22:47,Concert,J009,Majestic,15340,Weekday,False,Light Rain,True,6.9,False,False,1.0,Severe,7.6,68.9,752.0,0.234,0.54,0.863,Heavy rain reducing visibility and grip - reduced speed and longer buffer advised
EVT404463,2025-09-14 15:58:30,Political Rally,J023,Basavanagudi,21238,Weekend,False,Clear,False,0.0,False,False,0.535,Moderate,23.0,39.4,318.2,0.199,0.461,0.957,Moderate traffic flow - standard adaptive signal timing in effect
EVT404464,2025-01-17 21:08:24,Sports Fixture,J011,Indiranagar 100ft Road,22835,Weekday,False,Clear,False,0.0,False,False,0.547,Moderate,21.9,40.1,219.8,0.137,0.316,0.986,Moderate traffic flow - standard adaptive signal timing in effect
EVT404465,2026-06-20 17:26:12,Trade Fair,J023,Basavanagudi,11213,Weekend,False,Clear,False,0.0,False,False,0.762,Severe,16.0,54.4,369.1,0.206,0.477,0.94,Heavy congestion detected - signal timing extended and reroute suggested
EVT404466,2025-03-04 20:21:50,Sports Fixture,J031,Cubbon Road,12237,Weekday,False,Clear,False,0.0,False,False,0.666,High,19.3,47.4,165.9,0.104,0.239,0.932,Moderate traffic flow - standard adaptive signal timing in effect
EVT404467,2025-06-24 08:03:54,Trade Fair,J030,MG Road,9530,Weekday,False,Rain,True,19.8,False,False,1.0,Severe,8.8,71.2,527.5,0.18,0.416,0.866,Heavy rain reducing visibility and grip - reduced speed and longer buffer advised
EVT404468,2026-05-22 17:31:26,Local Market Day,J040,City Market,2030,Weekday,False,Clear,False,0.0,False,False,0.973,Severe,9.7,77.0,667.5,0.239,0.553,0.934,Heavy congestion detected - signal timing extended and reroute suggested
EVT404469,2025-10-02 08:00:12,Religious Festival,J023,Basavanagudi,84378,Weekday,True,Clear,False,0.0,False,False,1.0,Severe,8.7,70.7,326.6,0.12,0.276,0.854,Festival crowd surge detected - alternate route and extended cycle recommended
EVT404470,2025-12-16 11:46:15,Concert,J020,Malleshwaram Circle,18386,Weekday,False,Clear,False,0.0,False,False,0.326,Low,26.6,24.5,115.0,0.08,0.184,0.972,Moderate traffic flow - standard adaptive signal timing in effect
EVT404471,2025-08-16 10:26:27,Cultural Procession,J020,Malleshwaram Circle,18440,Weekend,True,Clear,False,0.0,False,True,0.998,Severe,9.1,102.3,398.9,0.166,0.384,0.837,Road closure for event/procession - full detour recommended for through-traffic
EVT404472,2026-01-07 09:05:29,Trade Fair,J040,City Market,5002,Weekday,False,Clear,False,0.0,False,False,1.0,Severe,6.3,67.9,897.2,0.245,0.566,0.888,Heavy congestion detected - signal timing extended and reroute suggested
EVT404473,2025-06-20 10:22:41,Local Market Day,J031,Cubbon Road,3041,Weekday,False,Clear,False,0.0,False,False,0.673,High,17.0,49.0,260.4,0.135,0.312,0.969,Moderate traffic flow - standard adaptive signal timing in effect
EVT404474,2025-06-25 17:58:09,Sports Fixture,J031,Cubbon Road,19234,Weekday,False,Clear,False,0.0,False,False,1.0,Severe,7.2,74.5,639.4,0.201,0.464,0.899,Heavy congestion detected - signal timing extended and reroute suggested
EVT404475,2025-07-01 12:32:36,Local Market Day,J040,City Market,4080,Weekday,False,Clear,False,0.0,False,False,0.24,Low,32.1,16.7,91.0,0.086,0.2,0.972,Normal free-flow traffic - standard signal timing maintained
EVT404476,2025-05-30 18:04:48,Trade Fair,J020,Malleshwaram Circle,6894,Weekday,False,Clear,False,0.0,False,False,0.981,Severe,9.6,65.2,475.7,0.154,0.357,0.898,Heavy congestion detected - signal timing extended and reroute suggested
EVT404477,2026-05-02 08:45:12,Cultural Procession,J020,Malleshwaram Circle,22090,Weekend,True,Clear,False,0.0,False,True,1.0,Severe,7.2,97.0,443.4,0.156,0.36,0.834,Road closure for event/procession - full detour recommended for through-traffic
EVT404478,2025-01-11 08:40:18,Local Market Day,J031,Cubbon Road,4214,Weekend,False,Clear,False,0.0,False,False,0.862,Severe,13.7,65.8,265.4,0.137,0.317,0.956,Heavy congestion detected - signal timing extended and reroute suggested
EVT404479,2025-04-19 16:05:52,Sports Fixture,J031,Cubbon Road,28555,Weekend,False,Fog,False,0.0,False,False,0.576,High,24.7,45.1,268.2,0.214,0.494,0.97,Moderate traffic flow - standard adaptive signal timing in effect
EVT404480,2026-05-17 11:06:22,Sports Fixture,J011,Indiranagar 100ft Road,17056,Weekend,False,Clear,False,0.0,False,False,0.48,Moderate,21.7,30.9,152.6,0.105,0.243,0.955,Moderate traffic flow - standard adaptive signal timing in effect
EVT404481,2025-10-17 16:52:18,Sports Fixture,J030,MG Road,33666,Weekday,False,Rain,True,13.8,False,False,1.0,Severe,7.8,69.1,483.1,0.149,0.344,0.845,Heavy rain reducing visibility and grip - reduced speed and longer buffer advised
EVT404482,2025-08-11 20:10:00,Local Market Day,J012,Koramangala Sony World,3754,Weekday,False,Rain,True,23.0,False,False,0.952,Severe,11.4,62.9,345.1,0.159,0.367,0.867,Heavy rain reducing visibility and grip - reduced speed and longer buffer advised
EVT404483,2025-02-26 19:54:48,Sports Fixture,J009,Majestic,16638,Weekday,False,Clear,False,0.0,False,False,0.815,Severe,18.0,64.3,193.8,0.115,0.265,0.97,Heavy congestion detected - signal timing extended and reroute suggested
EVT404484,2026-04-01 17:53:10,Concert,J030,MG Road,13493,Weekday,False,Clear,False,0.0,False,False,1.0,Severe,8.6,70.4,608.8,0.218,0.504,0.901,Heavy congestion detected - signal timing extended and reroute suggested
EVT404485,2025-02-17 22:11:07,Trade Fair,J030,MG Road,6450,Weekday,False,Clear,False,0.0,False,False,0.266,Low,31.1,15.0,47.2,0.034,0.078,0.948,Moderate traffic flow - standard adaptive signal timing in effect
EVT404486,2025-04-19 20:53:13,Trade Fair,J031,Cubbon Road,13782,Weekend,False,Clear,False,0.0,False,False,0.554,High,22.7,44.5,276.1,0.181,0.418,0.949,Moderate traffic flow - standard adaptive signal timing in effect
EVT404487,2025-04-14 16:42:12,Religious Festival,J023,Basavanagudi,35465,Weekday,True,Clear,False,0.0,False,False,0.968,Severe,9.7,66.3,492.3,0.196,0.452,0.866,Festival crowd surge detected - alternate route and extended cycle recommended
EVT404488,2025-12-25 19:34:49,Religious Festival,J030,MG Road,69303,Weekday,True,Clear,False,0.0,False,False,1.0,Severe,10.3,74.8,386.8,0.156,0.359,0.884,Festival crowd surge detected - alternate route and extended cycle recommended
EVT404489,2025-04-08 20:32:21,Local Market Day,J030,MG Road,4176,Weekday,False,Clear,False,0.0,False,False,0.569,High,24.7,38.4,81.4,0.069,0.159,0.981,Moderate traffic flow - standard adaptive signal timing in effect
EVT404490,2025-10-18 19:05:17,Local Market Day,J023,Basavanagudi,5035,Weekend,False,Clear,False,0.0,False,False,0.868,Severe,11.1,65.5,537.7,0.215,0.497,0.962,Heavy congestion detected - signal timing extended and reroute suggested
EVT404491,2025-02-03 17:38:47,Political Rally,J020,Malleshwaram Circle,14770,Weekday,False,Clear,False,0.0,False,False,1.0,Severe,9.2,73.2,419.4,0.153,0.354,0.904,Heavy congestion detected - signal timing extended and reroute suggested
EVT404492,2025-01-11 09:20:00,Political Rally,J040,City Market,17347,Weekend,False,Clear,False,0.0,False,False,0.922,Severe,10.0,62.3,369.1,0.133,0.308,0.951,Heavy congestion detected - signal timing extended and reroute suggested
EVT404493,2026-05-03 13:00:52,Concert,J040,City Market,8924,Weekend,False,Clear,False,0.0,False,False,0.289,Low,29.0,20.2,255.6,0.208,0.479,0.958,Moderate traffic flow - standard adaptive signal timing in effect
EVT404494,2025-09-13 21:03:33,Sports Fixture,J012,Koramangala Sony World,36994,Weekend,False,Clear,False,0.0,False,False,0.589,High,28.9,42.4,133.3,0.094,0.216,0.973,Moderate traffic flow - standard adaptive signal timing in effect
EVT404495,2025-12-30 13:34:27,Concert,J020,Malleshwaram Circle,8653,Weekday,False,Clear,False,0.0,False,False,0.173,Low,30.6,9.5,163.9,0.117,0.27,0.974,Normal free-flow traffic - standard signal timing maintained
EVT404496,2026-06-15 17:09:25,Trade Fair,J011,Indiranagar 100ft Road,9780,Weekday,False,Rain,True,9.4,False,False,0.832,Severe,13.9,64.7,353.2,0.179,0.413,0.913,Heavy rain reducing visibility and grip - reduced speed and longer buffer advised
EVT404497,2026-01-21 18:09:02,Political Rally,J031,Cubbon Road,15288,Weekday,False,Clear,False,0.0,False,False,1.0,Severe,9.9,73.9,197.8,0.115,0.265,0.921,Heavy congestion detected - signal timing extended and reroute suggested
EVT404498,2025-04-10 08:59:57,Trade Fair,J009,Majestic,7597,Weekday,False,Clear,False,0.0,False,False,1.0,Severe,8.6,67.4,393.1,0.128,0.296,0.915,Heavy congestion detected - signal timing extended and reroute suggested
EVT404499,2025-08-02 23:55:09,Sports Fixture,J030,MG Road,12255,Weekend,False,Rain,True,8.3,False,False,0.499,Moderate,31.2,39.1,151.8,0.12,0.278,0.911,Light rain detected - minor speed reduction advised
EVT404500,2025-12-19 17:40:45,Local Market Day,J023,Basavanagudi,2899,Weekday,False,Clear,False,0.0,False,False,0.9,Severe,10.0,60.3,519.4,0.228,0.527,0.941,Heavy congestion detected - signal timing extended and reroute suggested
EVT404501,2025-12-08 09:21:04,Trade Fair,J031,Cubbon Road,9320,Weekday,False,Clear,False,0.0,False,False,0.971,Severe,8.4,67.8,387.7,0.131,0.304,0.879,Heavy congestion detected - signal timing extended and reroute suggested
EVT404502,2025-07-01 08:40:39,Local Market Day,J020,Malleshwaram Circle,3512,Weekday,False,Rain,True,17.0,False,False,1.0,Severe,7.4,69.6,382.7,0.115,0.265,0.853,Heavy rain reducing visibility and grip - reduced speed and longer buffer advised
EVT404503,2025-08-03 06:36:36,Trade Fair,J040,City Market,12390,Weekend,False,Clear,False,0.0,False,False,0.421,Moderate,29.2,25.6,129.6,0.12,0.277,0.952,Moderate traffic flow - standard adaptive signal timing in effect
EVT404504,2025-11-22 11:28:49,Concert,J040,City Market,15409,Weekend,False,Clear,False,0.0,False,False,0.449,Moderate,24.7,35.7,159.1,0.101,0.233,0.982,Moderate traffic flow - standard adaptive signal timing in effect
EVT404505,2026-04-10 17:54:25,Concert,J020,Malleshwaram Circle,7603,Weekday,False,Clear,False,0.0,False,False,0.988,Severe,10.1,72.2,366.9,0.157,0.363,0.916,Heavy congestion detected - signal timing extended and reroute suggested
EVT404506,2026-03-03 15:59:40,Local Market Day,J020,Malleshwaram Circle,4394,Weekday,False,Clear,False,0.0,False,False,0.417,Moderate,26.3,24.6,222.7,0.17,0.392,0.986,Moderate traffic flow - standard adaptive signal timing in effect
EVT404507,2026-06-10 08:12:02,Trade Fair,J030,MG Road,8456,Weekday,False,Clear,False,0.0,False,False,0.966,Severe,9.1,62.3,587.0,0.207,0.478,0.904,Heavy congestion detected - signal timing extended and reroute suggested
EVT404508,2025-11-12 16:30:34,Local Market Day,J020,Malleshwaram Circle,3041,Weekday,False,Clear,False,0.0,False,False,0.587,High,21.4,44.0,171.5,0.108,0.25,0.966,Moderate traffic flow - standard adaptive signal timing in effect
EVT404509,2025-07-30 17:47:43,Local Market Day,J009,Majestic,2001,Weekday,False,Fog,False,0.0,False,False,0.91,Severe,11.5,61.8,197.9,0.068,0.157,0.929,Heavy congestion detected - signal timing extended and reroute suggested
EVT404510,2025-12-06 17:11:01,Trade Fair,J040,City Market,6589,Weekend,False,Rain,True,8.6,False,False,0.737,High,18.4,52.7,292.0,0.171,0.396,0.886,Heavy rain reducing visibility and grip - reduced speed and longer buffer advised
EVT404511,2025-02-17 21:12:13,Sports Fixture,J011,Indiranagar 100ft Road,24489,Weekday,False,Clear,False,0.0,False,False,0.444,Moderate,21.4,25.0,158.5,0.105,0.241,0.956,Moderate traffic flow - standard adaptive signal timing in effect
EVT404512,2026-02-04 18:29:49,Concert,J023,Basavanagudi,18202,Weekday,False,Clear,False,0.0,False,False,1.0,Severe,7.5,70.7,502.9,0.146,0.337,0.925,Heavy congestion detected - signal timing extended and reroute suggested
EVT404513,2025-04-10 19:50:05,Local Market Day,J031,Cubbon Road,2792,Weekday,False,Rain,True,17.1,False,False,1.0,Severe,8.4,71.1,326.3,0.114,0.264,0.872,Heavy rain reducing visibility and grip - reduced speed and longer buffer advised
EVT404514,2025-12-13 13:34:57,Local Market Day,J020,Malleshwaram Circle,3045,Weekend,False,Clear,False,0.0,False,False,0.179,Low,30.5,15.2,100.0,0.072,0.167,0.977,Normal free-flow traffic - standard signal timing maintained
EVT404515,2026-03-13 14:49:47,Political Rally,J012,Koramangala Sony World,11589,Weekday,False,Clear,False,0.0,False,False,0.246,Low,37.8,15.6,137.2,0.117,0.27,0.967,Normal free-flow traffic - standard signal timing maintained
EVT404516,2025-06-20 10:41:04,Sports Fixture,J012,Koramangala Sony World,18395,Weekday,False,Clear,False,0.0,False,False,0.637,High,19.0,47.1,284.5,0.176,0.408,0.933,Moderate traffic flow - standard adaptive signal timing in effect
EVT404517,2025-07-06 23:42:36,Concert,J012,Koramangala Sony World,12188,Weekend,False,Clear,False,0.0,False,False,0.296,Low,29.0,18.0,155.4,0.115,0.266,0.972,Moderate traffic flow - standard adaptive signal timing in effect
EVT404518,2026-05-07 15:53:09,Political Rally,J031,Cubbon Road,19839,Weekday,False,Rain,True,13.6,False,False,0.705,High,17.7,46.9,187.4,0.108,0.249,0.932,Heavy rain reducing visibility and grip - reduced speed and longer buffer advised
EVT404519,2025-03-12 16:39:25,Sports Fixture,J040,City Market,27565,Weekday,False,Clear,False,0.0,False,False,0.718,High,16.3,55.0,260.5,0.152,0.351,0.985,Moderate traffic flow - standard adaptive signal timing in effect
EVT404520,2025-09-14 10:51:00,Trade Fair,J011,Indiranagar 100ft Road,10647,Weekend,False,Heavy Rain,True,52.7,False,False,0.909,Severe,9.4,66.0,370.9,0.156,0.36,0.865,Heavy rain reducing visibility and grip - reduced speed and longer buffer advised
EVT404521,2025-04-26 14:28:32,Local Market Day,J011,Indiranagar 100ft Road,3336,Weekend,False,Clear,False,0.0,False,False,0.293,Low,30.7,23.5,155.3,0.115,0.266,0.971,Moderate traffic flow - standard adaptive signal timing in effect
EVT404522,2025-04-27 07:06:11,Local Market Day,J011,Indiranagar 100ft Road,4029,Weekend,False,Rain,True,20.0,False,False,0.7,High,20.9,52.3,209.1,0.163,0.377,0.912,Heavy rain reducing visibility and grip - reduced speed and longer buffer advised
EVT404523,2025-02-26 16:10:13,Local Market Day,J040,City Market,2244,Weekday,False,Clear,False,0.0,False,False,0.455,Moderate,27.0,33.7,335.8,0.28,0.648,0.965,Moderate traffic flow - standard adaptive signal timing in effect
EVT404524,2025-12-04 09:36:05,Political Rally,J009,Majestic,12899,Weekday,False,Fog,False,0.0,False,False,1.0,Severe,7.9,70.1,478.3,0.187,0.432,0.923,Heavy congestion detected - signal timing extended and reroute suggested
EVT404525,2025-08-03 21:48:09,Trade Fair,J023,Basavanagudi,8394,Weekend,False,Clear,False,0.0,False,False,0.354,Moderate,29.9,25.9,248.7,0.197,0.454,0.983,Moderate traffic flow - standard adaptive signal timing in effect
EVT404526,2025-09-24 20:06:47,Sports Fixture,J020,Malleshwaram Circle,17366,Weekday,False,Clear,False,0.0,False,False,0.824,Severe,14.8,56.9,170.9,0.084,0.194,0.928,Heavy congestion detected - signal timing extended and reroute suggested
EVT404527,2026-04-26 08:24:25,Local Market Day,J011,Indiranagar 100ft Road,6199,Weekend,False,Rain,True,9.2,False,False,1.0,Severe,8.5,78.9,470.5,0.157,0.363,0.84,Heavy rain reducing visibility and grip - reduced speed and longer buffer advised
EVT404528,2025-01-25 17:25:34,Local Market Day,J030,MG Road,4454,Weekend,False,Clear,False,0.0,False,False,0.777,Severe,18.5,48.5,265.7,0.161,0.371,0.957,Heavy congestion detected - signal timing extended and reroute suggested
EVT404529,2025-11-05 18:29:23,Concert,J009,Majestic,18667,Weekday,False,Clear,False,0.0,False,False,1.0,Severe,9.0,74.7,437.3,0.174,0.402,0.919,Heavy congestion detected - signal timing extended and reroute suggested
EVT404530,2025-05-31 18:30:33,Local Market Day,J023,Basavanagudi,5377,Weekend,False,Fog,False,0.0,False,False,0.865,Severe,10.8,63.4,474.1,0.197,0.456,0.977,Heavy congestion detected - signal timing extended and reroute suggested
EVT404531,2025-07-21 07:03:55,Sports Fixture,J040,City Market,21077,Weekday,False,Heavy Rain,True,39.8,False,False,0.917,Severe,11.4,62.8,260.2,0.108,0.25,0.907,Heavy rain reducing visibility and grip - reduced speed and longer buffer advised
EVT404532,2025-06-27 13:11:36,Concert,J012,Koramangala Sony World,14988,Weekday,False,Clear,False,0.0,False,False,0.3,Low,28.6,21.6,166.9,0.11,0.253,0.974,Moderate traffic flow - standard adaptive signal timing in effect
EVT404533,2025-08-17 14:19:11,Political Rally,J011,Indiranagar 100ft Road,19043,Weekend,False,Heavy Rain,True,46.1,False,False,0.761,Severe,15.5,54.0,303.6,0.171,0.396,0.92,Heavy rain reducing visibility and grip - reduced speed and longer buffer advised
EVT404534,2025-06-30 13:50:37,Local Market Day,J012,Koramangala Sony World,3910,Weekday,False,Clear,False,0.0,False,False,0.067,Low,38.3,7.8,162.9,0.163,0.377,0.952,Normal free-flow traffic - standard signal timing maintained
EVT404535,2025-02-10 16:09:06,Trade Fair,J009,Majestic,15427,Weekday,False,Fog,False,0.0,False,False,0.537,Moderate,23.6,34.0,140.6,0.112,0.259,0.974,Moderate traffic flow - standard adaptive signal timing in effect
EVT404536,2026-04-22 21:00:10,Concert,J020,Malleshwaram Circle,7215,Weekday,False,Clear,False,0.0,False,False,0.442,Moderate,28.9,31.0,259.8,0.198,0.457,0.959,Moderate traffic flow - standard adaptive signal timing in effect
EVT404537,2025-04-04 11:29:18,Sports Fixture,J009,Majestic,18542,Weekday,False,Clear,False,0.0,False,False,0.463,Moderate,24.3,32.7,210.2,0.133,0.308,0.952,Moderate traffic flow - standard adaptive signal timing in effect
EVT404538,2025-10-12 17:09:44,Sports Fixture,J023,Basavanagudi,20845,Weekend,False,Clear,False,0.0,False,False,0.786,Severe,10.5,53.0,402.7,0.169,0.391,0.95,Heavy congestion detected - signal timing extended and reroute suggested
EVT404539,2025-05-02 13:51:24,Fireworks Display,J030,MG Road,31101,Weekday,True,Clear,False,0.0,False,False,0.561,High,21.3,44.3,194.1,0.117,0.271,0.907,Festival crowd surge detected - alternate route and extended cycle recommended
EVT404540,2026-02-21 09:10:00,Local Market Day,J012,Koramangala Sony World,3098,Weekend,False,Clear,False,0.0,False,False,0.787,Severe,16.3,52.5,226.2,0.103,0.239,0.967,Heavy congestion detected - signal timing extended and reroute suggested
EVT404541,2026-06-16 18:28:25,Concert,J020,Malleshwaram Circle,12520,Weekday,False,Heavy Rain,True,35.4,False,False,1.0,Severe,7.2,78.5,573.2,0.185,0.427,0.867,Heavy rain reducing visibility and grip - reduced speed and longer buffer advised
EVT404542,2026-03-15 07:24:03,Sports Fixture,J020,Malleshwaram Circle,36245,Weekend,False,Clear,False,0.0,False,False,0.796,Severe,13.9,56.4,395.2,0.197,0.454,0.968,Heavy congestion detected - signal timing extended and reroute suggested
EVT404543,2025-01-01 20:22:44,Trade Fair,J040,City Market,9440,Weekday,False,Clear,False,0.0,False,False,0.691,High,19.5,44.7,235.1,0.133,0.308,0.965,Moderate traffic flow - standard adaptive signal timing in effect
EVT404544,2025-12-02 21:27:00,Sports Fixture,J031,Cubbon Road,22200,Weekday,False,Clear,False,0.0,False,False,0.434,Moderate,26.9,28.9,188.7,0.137,0.316,0.948,Moderate traffic flow - standard adaptive signal timing in effect
EVT404545,2026-02-01 13:26:12,Trade Fair,J011,Indiranagar 100ft Road,8356,Weekend,False,Clear,False,0.0,False,False,0.314,Low,32.4,21.2,131.6,0.124,0.285,0.982,Moderate traffic flow - standard adaptive signal timing in effect
EVT404546,2025-09-25 15:23:08,Sports Fixture,J012,Koramangala Sony World,14962,Weekday,False,Clear,False,0.0,True,False,0.744,High,14.6,52.9,132.5,0.08,0.184,0.81,Accident detected nearby - reroute and reduced speed advised
EVT404547,2025-09-29 22:40:41,Trade Fair,J009,Majestic,7180,Weekday,False,Rain,True,24.9,False,False,0.513,Moderate,26.6,34.6,194.2,0.156,0.361,0.913,Light rain detected - minor speed reduction advised
EVT404548,2026-05-23 17:31:30,Sports Fixture,J040,City Market,13552,Weekend,False,Heavy Rain,True,45.6,False,False,1.0,Severe,8.3,74.0,614.6,0.19,0.439,0.866,Heavy rain reducing visibility and grip - reduced speed and longer buffer advised
EVT404549,2026-02-21 09:50:32,Concert,J011,Indiranagar 100ft Road,8953,Weekend,False,Clear,False,0.0,False,False,0.814,Severe,15.2,56.7,278.1,0.173,0.4,0.963,Heavy congestion detected - signal timing extended and reroute suggested
EVT404550,2025-03-22 18:59:00,Local Market Day,J023,Basavanagudi,2027,Weekend,False,Clear,False,0.0,False,False,0.842,Severe,16.6,59.9,338.5,0.187,0.432,0.938,Heavy congestion detected - signal timing extended and reroute suggested
EVT404551,2026-06-19 18:10:23,Local Market Day,J020,Malleshwaram Circle,3129,Weekday,False,Rain,True,12.3,False,False,1.0,Severe,9.2,69.3,505.9,0.191,0.442,0.847,Heavy rain reducing visibility and grip - reduced speed and longer buffer advised
EVT404552,2025-01-22 07:44:56,Local Market Day,J020,Malleshwaram Circle,2743,Weekday,False,Clear,False,0.0,False,False,0.687,High,16.5,50.4,333.9,0.171,0.395,0.946,Moderate traffic flow - standard adaptive signal timing in effect
EVT404553,2025-12-10 13:15:29,Sports Fixture,J040,City Market,20030,Weekday,False,Clear,False,0.0,False,False,0.333,Low,31.8,23.3,166.8,0.138,0.318,0.975,Moderate traffic flow - standard adaptive signal timing in effect
EVT404554,2025-02-27 16:39:16,Local Market Day,J011,Indiranagar 100ft Road,9461,Weekday,False,Clear,False,0.0,False,False,0.603,High,15.6,42.8,490.3,0.249,0.575,0.954,Moderate traffic flow - standard adaptive signal timing in effect
EVT404555,2025-12-01 08:39:15,Concert,J040,City Market,5521,Weekday,False,Clear,False,0.0,False,False,0.969,Severe,7.9,64.8,680.0,0.221,0.511,0.932,Heavy congestion detected - signal timing extended and reroute suggested
EVT404556,2025-12-13 21:19:45,Concert,J009,Majestic,15871,Weekend,False,Clear,False,0.0,False,False,0.397,Moderate,28.7,30.9,90.5,0.062,0.144,0.976,Moderate traffic flow - standard adaptive signal timing in effect
EVT404557,2025-01-30 13:43:08,Trade Fair,J011,Indiranagar 100ft Road,7932,Weekday,False,Clear,False,0.0,False,False,0.184,Low,33.7,10.3,149.6,0.125,0.288,0.961,Normal free-flow traffic - standard signal timing maintained
EVT404558,2025-05-09 08:36:19,Sports Fixture,J023,Basavanagudi,26572,Weekday,False,Clear,False,0.0,False,False,1.0,Severe,8.0,68.8,389.7,0.123,0.285,0.908,Heavy congestion detected - signal timing extended and reroute suggested
EVT404559,2025-07-06 15:35:52,Political Rally,J040,City Market,19535,Weekend,False,Clear,False,0.0,False,False,0.478,Moderate,20.5,33.9,84.9,0.044,0.101,0.965,Moderate traffic flow - standard adaptive signal timing in effect
EVT404560,2025-04-06 18:15:13,Religious Festival,J020,Malleshwaram Circle,55810,Weekend,True,Clear,False,0.0,False,True,1.0,Severe,6.6,105.4,651.5,0.198,0.458,0.838,Road closure for event/procession - full detour recommended for through-traffic
EVT404561,2026-01-14 14:54:48,Fireworks Display,J023,Basavanagudi,15045,Weekday,True,Clear,False,0.0,False,False,0.468,Moderate,27.1,34.1,96.4,0.059,0.135,0.935,Moderate traffic flow - standard adaptive signal timing in effect
EVT404562,2025-07-07 17:58:34,Local Market Day,J031,Cubbon Road,4963,Weekday,False,Clear,False,0.0,False,False,1.0,Severe,8.3,76.2,592.3,0.193,0.446,0.893,Heavy congestion detected - signal timing extended and reroute suggested
EVT404563,2025-09-10 18:20:20,Local Market Day,J040,City Market,3325,Weekday,False,Rain,True,18.2,False,False,1.0,Severe,7.7,75.8,448.8,0.157,0.362,0.896,Heavy rain reducing visibility and grip - reduced speed and longer buffer advised
EVT404564,2026-03-23 10:03:40,Local Market Day,J011,Indiranagar 100ft Road,4511,Weekday,False,Clear,False,0.0,False,False,0.837,Severe,11.5,58.9,364.7,0.158,0.365,0.963,Heavy congestion detected - signal timing extended and reroute suggested
EVT404565,2025-06-02 12:31:17,Concert,J030,MG Road,12809,Weekday,False,Fog,False,0.0,False,False,0.209,Low,29.4,13.0,151.6,0.092,0.213,0.965,Normal free-flow traffic - standard signal timing maintained
EVT404566,2025-05-11 19:00:03,Concert,J030,MG Road,10278,Weekend,False,Clear,False,0.0,False,False,0.892,Severe,10.9,70.5,444.8,0.179,0.414,0.926,Heavy congestion detected - signal timing extended and reroute suggested
EVT404567,2025-05-09 13:53:41,Local Market Day,J031,Cubbon Road,3202,Weekday,False,Light Rain,True,2.8,False,False,0.322,Low,25.6,24.3,177.2,0.12,0.277,0.908,Light rain detected - minor speed reduction advised
EVT404568,2026-06-27 17:36:24,Concert,J031,Cubbon Road,8344,Weekend,False,Rain,True,13.8,False,False,1.0,Severe,9.1,76.1,925.2,0.336,0.777,0.868,Heavy rain reducing visibility and grip - reduced speed and longer buffer advised
EVT404569,2026-02-05 13:53:03,Local Market Day,J040,City Market,3948,Weekday,False,Clear,False,0.0,False,False,0.228,Low,32.7,17.7,110.3,0.101,0.234,0.96,Normal free-flow traffic - standard signal timing maintained
EVT404570,2025-09-14 07:19:07,Sports Fixture,J023,Basavanagudi,24781,Weekend,False,Clear,False,0.0,False,False,0.601,High,20.3,39.6,95.9,0.074,0.17,0.954,Moderate traffic flow - standard adaptive signal timing in effect
EVT404571,2025-04-14 20:36:44,Religious Festival,J012,Koramangala Sony World,22841,Weekday,True,Rain,True,14.0,False,False,0.997,Severe,9.2,73.1,330.8,0.127,0.292,0.779,Festival crowd surge detected - alternate route and extended cycle recommended
EVT404572,2025-07-07 21:05:54,Sports Fixture,J011,Indiranagar 100ft Road,21549,Weekday,False,Heavy Rain,True,27.7,False,False,0.814,Severe,15.1,57.2,352.2,0.2,0.462,0.886,Heavy rain reducing visibility and grip - reduced speed and longer buffer advised
EVT404573,2026-05-04 06:47:02,Local Market Day,J040,City Market,3715,Weekday,False,Fog,False,0.0,False,False,0.378,Moderate,30.1,28.5,190.5,0.147,0.339,0.916,Moderate traffic flow - standard adaptive signal timing in effect
EVT404574,2025-04-01 08:46:32,Trade Fair,J012,Koramangala Sony World,9158,Weekday,False,Clear,False,0.0,False,False,1.0,Severe,6.5,68.2,687.0,0.196,0.452,0.93,Heavy congestion detected - signal timing extended and reroute suggested
EVT404575,2025-02-26 17:45:44,Local Market Day,J011,Indiranagar 100ft Road,2848,Weekday,False,Clear,False,0.0,False,False,0.941,Severe,10.6,69.1,487.6,0.206,0.475,0.922,Heavy congestion detected - signal timing extended and reroute suggested
EVT404576,2025-03-16 17:17:07,Sports Fixture,J023,Basavanagudi,37327,Weekend,False,Clear,False,0.0,False,False,0.889,Severe,11.8,65.9,333.5,0.142,0.328,0.928,Heavy congestion detected - signal timing extended and reroute suggested
EVT404577,2025-07-17 20:39:16,Local Market Day,J020,Malleshwaram Circle,5622,Weekday,False,Clear,False,0.0,False,False,0.506,Moderate,25.0,37.5,237.9,0.194,0.449,0.971,Moderate traffic flow - standard adaptive signal timing in effect
EVT404578,2025-05-27 08:58:06,Local Market Day,J040,City Market,3435,Weekday,False,Clear,False,0.0,False,False,1.0,Severe,7.9,70.0,704.9,0.249,0.575,0.896,Heavy congestion detected - signal timing extended and reroute suggested
EVT404579,2026-05-27 07:52:55,Sports Fixture,J031,Cubbon Road,27383,Weekday,False,Clear,False,0.0,False,False,0.915,Severe,9.9,62.4,643.4,0.271,0.627,0.943,Heavy congestion detected - signal timing extended and reroute suggested
EVT404580,2025-12-25 18:59:53,Religious Festival,J030,MG Road,32311,Weekday,True,Clear,False,0.0,False,False,1.0,Severe,6.1,67.6,359.2,0.098,0.227,0.885,Festival crowd surge detected - alternate route and extended cycle recommended
EVT404581,2025-06-05 16:06:36,Trade Fair,J009,Majestic,6504,Weekday,False,Clear,False,0.0,False,False,0.444,Moderate,22.2,32.3,148.8,0.093,0.214,0.977,Moderate traffic flow - standard adaptive signal timing in effect
EVT404582,2025-09-18 06:56:51,Sports Fixture,J030,MG Road,20698,Weekday,False,Clear,False,0.0,False,False,0.497,Moderate,23.5,37.1,195.3,0.137,0.316,0.977,Moderate traffic flow - standard adaptive signal timing in effect
EVT404583,2025-01-09 16:00:57,Trade Fair,J011,Indiranagar 100ft Road,9707,Weekday,False,Light Rain,True,4.8,False,False,0.598,High,28.6,43.2,234.2,0.18,0.416,0.913,Heavy rain reducing visibility and grip - reduced speed and longer buffer advised
EVT404584,2025-06-13 19:03:36,Concert,J040,City Market,16554,Weekday,False,Clear,False,0.0,False,False,1.0,Severe,7.9,71.8,438.3,0.152,0.351,0.911,Heavy congestion detected - signal timing extended and reroute suggested
EVT404585,2025-10-14 08:42:48,Local Market Day,J023,Basavanagudi,3050,Weekday,False,Clear,False,0.0,False,False,0.963,Severe,11.4,63.3,634.1,0.281,0.648,0.931,Heavy congestion detected - signal timing extended and reroute suggested
EVT404586,2025-06-14 18:13:15,Local Market Day,J031,Cubbon Road,5002,Weekend,False,Clear,False,0.0,False,False,0.773,Severe,19.6,49.0,281.6,0.174,0.401,0.963,Heavy congestion detected - signal timing extended and reroute suggested
EVT404587,2025-03-04 17:00:38,Trade Fair,J009,Majestic,17049,Weekday,False,Clear,False,0.0,False,False,0.786,Severe,16.4,52.9,273.6,0.135,0.312,0.96,Heavy congestion detected - signal timing extended and reroute suggested
EVT404588,2026-06-08 17:24:48,Concert,J011,Indiranagar 100ft Road,14725,Weekday,False,Rain,True,15.9,False,False,1.0,Severe,5.8,68.2,1162.9,0.293,0.676,0.869,Heavy rain reducing visibility and grip - reduced speed and longer buffer advised
EVT404589,2026-03-19 18:53:37,Religious Festival,J040,City Market,48235,Weekday,True,Clear,False,0.0,False,False,1.0,Severe,9.3,72.8,472.5,0.164,0.378,0.873,Festival crowd surge detected - alternate route and extended cycle recommended
EVT404590,2025-10-01 06:27:26,Local Market Day,J011,Indiranagar 100ft Road,5803,Weekday,False,Clear,False,0.0,False,False,0.315,Low,35.9,23.5,134.8,0.153,0.354,0.952,Moderate traffic flow - standard adaptive signal timing in effect
EVT404591,2025-06-27 17:26:07,Local Market Day,J030,MG Road,4136,Weekday,False,Heavy Rain,True,40.8,False,False,1.0,Severe,9.4,74.6,650.3,0.239,0.553,0.856,Heavy rain reducing visibility and grip - reduced speed and longer buffer advised
EVT404592,2025-12-22 11:27:17,Political Rally,J031,Cubbon Road,14647,Weekday,False,Clear,False,0.0,False,False,0.39,Moderate,29.8,26.7,224.6,0.214,0.495,0.943,Moderate traffic flow - standard adaptive signal timing in effect
EVT404593,2026-05-16 17:56:08,Concert,J009,Majestic,16629,Weekend,False,Clear,False,0.0,False,False,0.925,Severe,10.6,63.1,514.3,0.214,0.494,0.914,Heavy congestion detected - signal timing extended and reroute suggested
EVT404594,2025-11-19 05:10:38,Concert,J012,Koramangala Sony World,13750,Weekday,False,Clear,False,0.0,False,False,0.219,Low,30.8,16.5,208.3,0.173,0.399,0.974,Normal free-flow traffic - standard signal timing maintained
EVT404595,2025-04-10 13:13:03,Sports Fixture,J040,City Market,20981,Weekday,False,Clear,False,0.0,False,False,0.157,Low,30.2,12.6,192.9,0.146,0.338,0.974,Normal free-flow traffic - standard signal timing maintained
EVT404596,2025-06-11 09:48:38,Concert,J011,Indiranagar 100ft Road,7670,Weekday,False,Heavy Rain,True,43.2,False,False,1.0,Severe,6.7,72.5,459.2,0.136,0.313,0.852,Heavy rain reducing visibility and grip - reduced speed and longer buffer advised
EVT404597,2025-10-03 21:24:27,Fireworks Display,J011,Indiranagar 100ft Road,20470,Weekday,True,Clear,False,0.0,False,False,0.641,High,17.9,45.7,396.4,0.216,0.498,0.934,Festival crowd surge detected - alternate route and extended cycle recommended
EVT404598,2025-11-30 19:59:24,Local Market Day,J031,Cubbon Road,4838,Weekend,False,Clear,False,0.0,False,False,0.595,High,20.6,42.5,251.5,0.157,0.364,0.987,Moderate traffic flow - standard adaptive signal timing in effect
EVT404599,2025-02-09 16:03:27,Concert,J040,City Market,7589,Weekend,False,Fog,False,0.0,False,False,0.458,Moderate,25.4,34.7,189.1,0.131,0.302,0.944,Moderate traffic flow - standard adaptive signal timing in effect
EVT404600,2026-02-08 17:52:19,Sports Fixture,J030,MG Road,18251,Weekend,False,Clear,False,0.0,False,False,0.882,Severe,12.4,61.3,366.2,0.186,0.43,0.915,Heavy congestion detected - signal timing extended and reroute suggested
EVT404601,2025-08-28 15:11:50,Cultural Procession,J009,Majestic,18525,Weekday,True,Clear,False,0.0,False,True,0.668,Moderate,20.2,72.3,296.1,0.207,0.479,0.893,Road closure for event/procession - full detour recommended for through-traffic
EVT404602,2025-03-18 09:53:06,Trade Fair,J009,Majestic,10692,Weekday,False,Clear,False,0.0,False,False,0.914,Severe,10.2,63.6,446.1,0.157,0.363,0.926,Heavy congestion detected - signal timing extended and reroute suggested
EVT404603,2025-11-25 14:29:08,Concert,J040,City Market,7386,Weekday,False,Clear,False,0.0,False,False,0.296,Low,28.9,23.8,137.5,0.107,0.248,0.974,Moderate traffic flow - standard adaptive signal timing in effect
EVT404604,2026-06-18 19:04:10,Sports Fixture,J011,Indiranagar 100ft Road,24149,Weekday,False,Heavy Rain,True,54.4,False,False,1.0,Severe,6.8,71.8,477.4,0.147,0.339,0.845,Heavy rain reducing visibility and grip - reduced speed and longer buffer advised
EVT404605,2025-06-08 12:10:00,Sports Fixture,J040,City Market,30588,Weekend,False,Clear,False,0.0,False,False,0.507,Moderate,17.6,38.1,284.8,0.16,0.37,0.99,Moderate traffic flow - standard adaptive signal timing in effect
EVT404606,2025-09-12 21:38:21,Sports Fixture,J020,Malleshwaram Circle,15608,Weekday,False,Heavy Rain,True,58.2,True,False,1.0,Severe,6.9,72.0,603.9,0.206,0.476,0.706,Accident detected nearby - reroute and reduced speed advised
EVT404607,2025-09-02 16:31:13,Trade Fair,J011,Indiranagar 100ft Road,8726,Weekday,False,Heavy Rain,True,48.7,False,False,0.926,Severe,10.9,68.9,661.4,0.295,0.68,0.873,Heavy rain reducing visibility and grip - reduced speed and longer buffer advised
EVT404608,2025-08-19 20:46:05,Political Rally,J030,MG Road,19932,Weekday,False,Rain,True,18.4,False,False,0.768,Severe,15.5,51.9,384.7,0.197,0.456,0.92,Heavy rain reducing visibility and grip - reduced speed and longer buffer advised
EVT404609,2025-11-21 20:55:35,Local Market Day,J023,Basavanagudi,2848,Weekday,False,Clear,False,0.0,False,False,0.415,Moderate,25.4,30.1,216.1,0.163,0.376,0.969,Moderate traffic flow - standard adaptive signal timing in effect
EVT404610,2026-04-27 08:14:59,Local Market Day,J030,MG Road,4921,Weekday,False,Clear,False,0.0,False,False,0.931,Severe,9.1,63.8,279.7,0.103,0.239,0.913,Heavy congestion detected - signal timing extended and reroute suggested
EVT404611,2025-12-23 15:57:37,Local Market Day,J012,Koramangala Sony World,4487,Weekday,False,Clear,False,0.0,False,False,0.419,Moderate,33.8,34.6,143.2,0.119,0.275,0.967,Moderate traffic flow - standard adaptive signal timing in effect
EVT404612,2025-04-21 12:58:49,Sports Fixture,J023,Basavanagudi,20666,Weekday,False,Clear,False,0.0,False,False,0.218,Low,27.2,11.9,226.1,0.155,0.359,0.944,Normal free-flow traffic - standard signal timing maintained
EVT404613,2025-01-04 16:13:55,Sports Fixture,J009,Majestic,14320,Weekend,False,Clear,False,0.0,False,False,0.593,High,26.4,42.8,136.4,0.099,0.228,0.95,Moderate traffic flow - standard adaptive signal timing in effect
EVT404614,2025-12-31 08:32:57,Sports Fixture,J009,Majestic,7213,Weekday,False,Clear,False,0.0,False,False,1.0,Severe,7.3,70.1,520.9,0.169,0.391,0.94,Heavy congestion detected - signal timing extended and reroute suggested
EVT404615,2025-05-09 14:20:42,Trade Fair,J020,Malleshwaram Circle,4970,Weekday,False,Clear,False,0.0,False,False,0.153,Low,30.9,12.3,159.1,0.121,0.278,0.964,Normal free-flow traffic - standard signal timing maintained
EVT404616,2025-10-25 06:33:14,Concert,J020,Malleshwaram Circle,10512,Weekend,False,Clear,False,0.0,False,False,0.378,Moderate,26.5,24.6,218.1,0.158,0.364,0.943,Moderate traffic flow - standard adaptive signal timing in effect
EVT404617,2025-06-22 09:56:28,Concert,J023,Basavanagudi,14751,Weekend,False,Rain,True,19.2,False,False,0.997,Severe,9.2,68.2,504.7,0.185,0.428,0.888,Heavy rain reducing visibility and grip - reduced speed and longer buffer advised
EVT404618,2025-02-21 10:00:59,Concert,J040,City Market,10811,Weekday,False,Clear,False,0.0,False,False,0.794,Severe,14.4,59.6,240.0,0.133,0.307,0.97,Heavy congestion detected - signal timing extended and reroute suggested
EVT404619,2025-11-29 19:41:43,Local Market Day,J023,Basavanagudi,6142,Weekend,False,Clear,False,0.0,False,False,0.657,High,20.2,51.7,308.4,0.194,0.447,0.974,Moderate traffic flow - standard adaptive signal timing in effect
EVT404620,2025-11-12 17:48:11,Concert,J009,Majestic,11460,Weekday,False,Clear,False,0.0,False,False,1.0,Severe,8.4,73.8,838.1,0.29,0.67,0.939,Heavy congestion detected - signal timing extended and reroute suggested
EVT404621,2025-08-05 10:37:32,Sports Fixture,J030,MG Road,23852,Weekday,False,Rain,True,10.4,False,False,0.776,Severe,15.8,61.4,228.4,0.115,0.266,0.899,Heavy rain reducing visibility and grip - reduced speed and longer buffer advised
EVT404622,2025-01-14 09:38:08,Religious Festival,J009,Majestic,31772,Weekday,True,Clear,False,0.0,False,True,1.0,Severe,8.1,102.7,532.6,0.189,0.436,0.855,Road closure for event/procession - full detour recommended for through-traffic
EVT404623,2025-10-20 23:27:59,Cultural Procession,J031,Cubbon Road,16158,Weekday,True,Clear,False,0.0,False,False,0.454,Moderate,28.5,29.9,191.1,0.166,0.384,0.907,Moderate traffic flow - standard adaptive signal timing in effect
EVT404624,2025-12-08 19:12:42,Sports Fixture,J040,City Market,22573,Weekday,False,Clear,False,0.0,False,False,1.0,Severe,7.2,74.7,929.9,0.271,0.627,0.901,Heavy congestion detected - signal timing extended and reroute suggested
EVT404625,2026-04-12 17:51:31,Local Market Day,J040,City Market,4743,Weekend,False,Clear,False,0.0,False,False,0.778,Severe,13.6,56.5,387.7,0.187,0.432,0.986,Heavy congestion detected - signal timing extended and reroute suggested
EVT404626,2026-04-26 09:03:55,Concert,J023,Basavanagudi,7914,Weekend,False,Clear,False,0.0,False,False,0.823,Severe,15.1,56.7,402.2,0.226,0.521,0.99,Heavy congestion detected - signal timing extended and reroute suggested
EVT404627,2026-04-14 20:18:23,Religious Festival,J020,Malleshwaram Circle,44307,Weekday,True,Clear,False,0.0,False,True,1.0,Severe,6.7,97.1,513.5,0.159,0.368,0.816,Road closure for event/procession - full detour recommended for through-traffic
EVT404628,2025-05-28 07:52:44,Local Market Day,J009,Majestic,3874,Weekday,False,Clear,False,0.0,False,False,0.817,Severe,17.0,56.2,404.6,0.219,0.506,0.933,Heavy congestion detected - signal timing extended and reroute suggested
EVT404629,2025-01-24 07:25:02,Local Market Day,J012,Koramangala Sony World,4701,Weekday,False,Clear,False,0.0,False,False,0.561,High,21.2,37.7,170.6,0.117,0.271,0.975,Moderate traffic flow - standard adaptive signal timing in effect
EVT404630,2025-05-14 16:06:14,Local Market Day,J030,MG Road,2574,Weekday,False,Rain,True,15.3,False,False,0.65,High,19.2,51.3,187.0,0.121,0.28,0.919,Heavy rain reducing visibility and grip - reduced speed and longer buffer advised
EVT404631,2026-06-02 09:30:11,Sports Fixture,J020,Malleshwaram Circle,16633,Weekday,False,Fog,False,0.0,False,False,1.0,Severe,7.5,76.8,796.5,0.263,0.607,0.908,Heavy congestion detected - signal timing extended and reroute suggested
EVT404632,2026-05-31 05:47:21,Political Rally,J009,Majestic,17315,Weekend,False,Clear,False,0.0,False,False,0.316,Low,31.3,24.1,116.6,0.103,0.238,0.953,Moderate traffic flow - standard adaptive signal timing in effect
EVT404633,2026-06-08 08:25:21,Local Market Day,J040,City Market,4624,Weekday,False,Heavy Rain,True,34.7,False,False,1.0,Severe,8.9,71.6,462.9,0.19,0.44,0.888,Heavy rain reducing visibility and grip - reduced speed and longer buffer advised
EVT404634,2026-02-01 21:30:54,Sports Fixture,J040,City Market,20922,Weekend,False,Clear,False,0.0,False,False,0.466,Moderate,22.0,37.7,223.9,0.146,0.336,0.984,Moderate traffic flow - standard adaptive signal timing in effect
EVT404635,2025-09-21 09:07:02,Political Rally,J011,Indiranagar 100ft Road,10205,Weekend,False,Fog,False,0.0,False,False,0.861,Severe,14.1,64.7,221.2,0.114,0.264,0.941,Heavy congestion detected - signal timing extended and reroute suggested
EVT404636,2026-02-20 09:37:32,Concert,J009,Majestic,11855,Weekday,False,Clear,False,0.0,False,False,0.978,Severe,11.1,70.8,449.0,0.195,0.45,0.927,Heavy congestion detected - signal timing extended and reroute suggested
EVT404637,2025-07-30 07:21:37,Local Market Day,J031,Cubbon Road,3586,Weekday,False,Clear,False,0.0,False,False,0.534,Moderate,29.7,39.1,194.6,0.186,0.429,0.938,Moderate traffic flow - standard adaptive signal timing in effect
EVT404638,2025-09-28 17:40:09,Trade Fair,J011,Indiranagar 100ft Road,6487,Weekend,False,Light Rain,True,4.6,False,False,0.975,Severe,8.9,69.8,731.6,0.262,0.606,0.861,Heavy rain reducing visibility and grip - reduced speed and longer buffer advised
EVT404639,2025-10-30 17:50:35,Political Rally,J011,Indiranagar 100ft Road,11298,Weekday,False,Fog,False,0.0,False,False,0.989,Severe,9.2,70.2,316.6,0.125,0.289,0.943,Heavy congestion detected - signal timing extended and reroute suggested
EVT404640,2025-12-29 08:03:35,Local Market Day,J011,Indiranagar 100ft Road,3141,Weekday,False,Clear,False,0.0,False,False,0.821,Severe,16.8,58.8,321.8,0.191,0.442,0.948,Heavy congestion detected - signal timing extended and reroute suggested
EVT404641,2026-06-06 08:00:01,Local Market Day,J009,Majestic,3430,Weekend,False,Light Rain,True,6.9,False,False,0.826,Severe,13.7,58.9,317.8,0.146,0.337,0.911,Heavy rain reducing visibility and grip - reduced speed and longer buffer advised
EVT404642,2026-04-05 08:50:41,Local Market Day,J023,Basavanagudi,4766,Weekend,False,Clear,False,0.0,False,False,0.833,Severe,12.3,58.3,350.1,0.172,0.398,0.962,Heavy congestion detected - signal timing extended and reroute suggested
EVT404643,2026-03-02 16:49:15,Concert,J030,MG Road,11972,Weekday,False,Clear,False,0.0,False,False,0.691,High,20.9,46.5,204.8,0.155,0.357,0.951,Moderate traffic flow - standard adaptive signal timing in effect
EVT404644,2025-10-18 07:02:50,Sports Fixture,J030,MG Road,26114,Weekend,False,Light Rain,True,2.8,False,False,0.632,High,18.8,51.7,367.2,0.219,0.506,0.895,Heavy rain reducing visibility and grip - reduced speed and longer buffer advised
EVT404645,2025-05-12 22:25:23,Concert,J040,City Market,15010,Weekday,False,Clear,False,0.0,False,False,0.333,Low,28.8,24.9,100.7,0.081,0.187,0.937,Moderate traffic flow - standard adaptive signal timing in effect
EVT404646,2025-06-17 06:02:46,Trade Fair,J020,Malleshwaram Circle,11756,Weekday,False,Heavy Rain,True,29.5,False,False,0.664,High,16.8,50.1,249.7,0.159,0.367,0.91,Heavy rain reducing visibility and grip - reduced speed and longer buffer advised
EVT404647,2026-02-23 18:48:15,Political Rally,J031,Cubbon Road,32581,Weekday,False,Clear,False,0.0,False,False,1.0,Severe,10.5,70.2,469.1,0.217,0.502,0.897,Heavy congestion detected - signal timing extended and reroute suggested
EVT404648,2026-01-07 21:11:48,Trade Fair,J040,City Market,12194,Weekday,False,Clear,False,0.0,False,False,0.542,Moderate,23.4,37.9,184.9,0.138,0.319,0.975,Moderate traffic flow - standard adaptive signal timing in effect
EVT404649,2025-11-24 19:57:46,Sports Fixture,J009,Majestic,27664,Weekday,False,Light Rain,True,1.4,False,False,0.921,Severe,13.1,69.8,381.0,0.183,0.424,0.867,Heavy rain reducing visibility and grip - reduced speed and longer buffer advised
EVT404650,2025-05-13 14:27:56,Local Market Day,J040,City Market,3372,Weekday,False,Clear,False,0.0,False,False,0.287,Low,32.9,21.7,214.2,0.186,0.43,0.983,Moderate traffic flow - standard adaptive signal timing in effect
EVT404651,2026-03-09 12:13:37,Sports Fixture,J023,Basavanagudi,29464,Weekday,False,Clear,False,0.0,False,False,0.29,Low,30.8,16.9,118.2,0.075,0.174,0.979,Moderate traffic flow - standard adaptive signal timing in effect
EVT404652,2026-06-29 17:25:56,Concert,J009,Majestic,7886,Weekday,False,Clear,False,0.0,False,False,0.841,Severe,15.4,61.9,322.3,0.164,0.379,0.955,Heavy congestion detected - signal timing extended and reroute suggested
EVT404653,2026-04-25 18:52:56,Concert,J023,Basavanagudi,14174,Weekend,False,Clear,False,0.0,False,False,0.937,Severe,9.1,65.4,392.9,0.153,0.353,0.944,Heavy congestion detected - signal timing extended and reroute suggested
EVT404654,2025-10-29 21:57:10,Sports Fixture,J009,Majestic,49909,Weekday,False,Clear,False,0.0,False,False,0.522,Moderate,31.2,32.5,169.7,0.149,0.345,0.963,Moderate traffic flow - standard adaptive signal timing in effect
EVT404655,2025-11-24 18:21:13,Local Market Day,J011,Indiranagar 100ft Road,7488,Weekday,False,Clear,False,0.0,False,False,0.995,Severe,8.4,70.5,346.2,0.128,0.295,0.91,Heavy congestion detected - signal timing extended and reroute suggested
EVT404656,2025-09-20 13:14:50,Local Market Day,J011,Indiranagar 100ft Road,6423,Weekend,False,Rain,True,18.2,False,False,0.494,Moderate,22.6,37.2,196.8,0.126,0.292,0.917,Light rain detected - minor speed reduction advised
EVT404657,2025-01-19 17:31:10,Trade Fair,J009,Majestic,6529,Weekend,False,Clear,False,0.0,False,False,0.773,Severe,15.8,42.9,246.2,0.144,0.333,0.973,Heavy congestion detected - signal timing extended and reroute suggested
EVT404658,2025-12-10 20:33:51,Local Market Day,J030,MG Road,2228,Weekday,False,Clear,False,0.0,False,False,0.556,High,22.5,38.8,262.7,0.17,0.392,0.966,Moderate traffic flow - standard adaptive signal timing in effect
EVT404659,2026-04-17 19:17:44,Political Rally,J020,Malleshwaram Circle,14737,Weekday,False,Clear,False,0.0,False,False,0.955,Severe,10.4,76.5,413.5,0.172,0.398,0.924,Heavy congestion detected - signal timing extended and reroute suggested
EVT404660,2026-04-27 19:02:58,Local Market Day,J012,Koramangala Sony World,3610,Weekday,False,Clear,False,0.0,False,False,0.997,Severe,8.3,70.4,400.3,0.139,0.32,0.898,Heavy congestion detected - signal timing extended and reroute suggested
EVT404661,2025-05-12 10:04:29,Sports Fixture,J040,City Market,22086,Weekday,False,Clear,False,0.0,False,False,0.873,Severe,12.3,61.5,419.4,0.206,0.475,0.924,Heavy congestion detected - signal timing extended and reroute suggested
EVT404662,2025-04-21 19:58:21,Local Market Day,J023,Basavanagudi,3559,Weekday,False,Light Rain,True,2.5,False,False,0.824,Severe,15.2,55.5,156.0,0.112,0.259,0.901,Heavy rain reducing visibility and grip - reduced speed and longer buffer advised
EVT404663,2026-02-23 18:13:59,Sports Fixture,J031,Cubbon Road,6762,Weekday,False,Clear,False,0.0,True,False,1.0,Severe,10.5,77.1,792.8,0.34,0.786,0.783,Accident detected nearby - reroute and reduced speed advised
EVT404664,2025-11-14 08:49:28,Concert,J012,Koramangala Sony World,13491,Weekday,False,Clear,False,0.0,False,False,1.0,Severe,9.5,69.7,604.8,0.242,0.56,0.901,Heavy congestion detected - signal timing extended and reroute suggested
EVT404665,2026-05-20 13:40:00,Political Rally,J023,Basavanagudi,19678,Weekday,False,Heavy Rain,True,25.6,False,False,0.497,Moderate,22.5,33.8,102.7,0.07,0.162,0.906,Light rain detected - minor speed reduction advised
EVT404666,2025-07-25 18:14:21,Sports Fixture,J040,City Market,27423,Weekday,False,Clear,False,0.0,False,False,1.0,Severe,8.5,74.5,495.4,0.18,0.416,0.909,Heavy congestion detected - signal timing extended and reroute suggested
EVT404667,2026-02-03 17:04:03,Local Market Day,J011,Indiranagar 100ft Road,2519,Weekday,False,Clear,False,0.0,False,False,0.657,High,21.1,53.4,266.8,0.182,0.42,0.99,Moderate traffic flow - standard adaptive signal timing in effect
EVT404668,2025-06-26 09:33:03,Concert,J023,Basavanagudi,10547,Weekday,False,Heavy Rain,True,38.7,False,False,1.0,Severe,9.9,70.3,645.8,0.275,0.636,0.883,Heavy rain reducing visibility and grip - reduced speed and longer buffer advised
EVT404669,2025-09-12 08:23:20,Concert,J031,Cubbon Road,11428,Weekday,False,Rain,True,24.2,False,False,1.0,Severe,10.1,75.4,536.2,0.202,0.466,0.843,Heavy rain reducing visibility and grip - reduced speed and longer buffer advised
EVT404670,2025-08-25 13:31:51,Sports Fixture,J012,Koramangala Sony World,14715,Weekday,False,Heavy Rain,True,25.1,False,False,0.464,Moderate,28.3,31.0,196.6,0.163,0.377,0.92,Light rain detected - minor speed reduction advised
EVT404671,2025-10-26 13:49:58,Political Rally,J030,MG Road,26668,Weekend,False,Clear,False,0.0,False,False,0.401,Moderate,32.7,30.7,116.1,0.087,0.202,0.928,Moderate traffic flow - standard adaptive signal timing in effect
EVT404672,2025-11-01 17:28:39,Cultural Procession,J023,Basavanagudi,17283,Weekend,True,Clear,False,0.0,False,True,1.0,Severe,9.2,101.3,492.9,0.202,0.466,0.827,Road closure for event/procession - full detour recommended for through-traffic
EVT404673,2026-04-21 10:44:56,Local Market Day,J020,Malleshwaram Circle,4936,Weekday,False,Rain,True,9.2,False,False,0.629,High,18.2,42.1,275.5,0.166,0.383,0.896,Heavy rain reducing visibility and grip - reduced speed and longer buffer advised
EVT404674,2026-01-29 09:03:44,Concert,J009,Majestic,10768,Weekday,False,Clear,False,0.0,False,False,1.0,Severe,6.5,72.5,663.4,0.192,0.443,0.941,Heavy congestion detected - signal timing extended and reroute suggested
EVT404675,2025-11-30 15:41:33,Concert,J011,Indiranagar 100ft Road,15890,Weekend,False,Clear,False,0.0,False,False,0.389,Moderate,34.5,24.2,165.9,0.159,0.366,0.968,Moderate traffic flow - standard adaptive signal timing in effect
EVT404676,2026-02-04 19:38:44,Concert,J011,Indiranagar 100ft Road,8370,Weekday,False,Clear,False,0.0,False,False,0.813,Severe,15.3,59.1,289.3,0.161,0.373,0.933,Heavy congestion detected - signal timing extended and reroute suggested
EVT404677,2025-08-17 12:13:34,Trade Fair,J031,Cubbon Road,6248,Weekend,False,Rain,True,20.8,False,False,0.479,Moderate,25.6,35.9,229.8,0.16,0.37,0.902,Light rain detected - minor speed reduction advised
EVT404678,2025-09-07 08:19:07,Sports Fixture,J009,Majestic,25558,Weekend,False,Rain,True,9.7,False,False,1.0,Severe,9.4,70.3,222.5,0.102,0.235,0.884,Heavy rain reducing visibility and grip - reduced speed and longer buffer advised
EVT404679,2025-06-26 10:14:22,Sports Fixture,J031,Cubbon Road,24948,Weekday,False,Clear,False,0.0,False,False,0.864,Severe,9.2,63.4,470.2,0.163,0.376,0.961,Heavy congestion detected - signal timing extended and reroute suggested
EVT404680,2025-01-06 15:26:23,Local Market Day,J040,City Market,6852,Weekday,False,Clear,False,0.0,False,False,0.305,Low,31.7,20.8,99.0,0.093,0.216,0.968,Moderate traffic flow - standard adaptive signal timing in effect
EVT404681,2025-03-14 13:10:36,Religious Festival,J040,City Market,28935,Weekday,True,Clear,False,0.0,False,False,0.465,Moderate,21.7,32.1,149.8,0.104,0.24,0.898,Moderate traffic flow - standard adaptive signal timing in effect
EVT404682,2026-05-13 19:47:04,Trade Fair,J011,Indiranagar 100ft Road,7316,Weekday,False,Clear,False,0.0,False,False,0.765,Severe,15.7,52.4,369.6,0.21,0.485,0.986,Heavy congestion detected - signal timing extended and reroute suggested
EVT404683,2026-05-20 15:10:11,Local Market Day,J012,Koramangala Sony World,4504,Weekday,False,Fog,False,0.0,False,False,0.234,Low,34.1,18.4,146.0,0.162,0.374,0.968,Normal free-flow traffic - standard signal timing maintained
EVT404684,2025-06-29 07:26:54,Concert,J023,Basavanagudi,10959,Weekend,False,Clear,False,0.0,False,False,0.594,High,20.0,40.1,254.3,0.165,0.381,0.952,Moderate traffic flow - standard adaptive signal timing in effect
EVT404685,2025-04-06 18:01:02,Religious Festival,J030,MG Road,48782,Weekend,True,Clear,False,0.0,False,False,1.0,Severe,8.7,68.7,285.3,0.106,0.245,0.858,Festival crowd surge detected - alternate route and extended cycle recommended
EVT404686,2025-05-04 10:29:27,Sports Fixture,J023,Basavanagudi,15988,Weekend,False,Clear,False,0.0,False,False,0.633,High,22.7,41.9,178.5,0.136,0.314,0.981,Moderate traffic flow - standard adaptive signal timing in effect
EVT404687,2025-08-29 20:41:11,Concert,J012,Koramangala Sony World,8981,Weekday,False,Fog,False,0.0,False,False,0.624,High,18.3,43.9,306.7,0.176,0.406,0.951,Moderate traffic flow - standard adaptive signal timing in effect
EVT404688,2026-02-08 15:37:30,Local Market Day,J011,Indiranagar 100ft Road,2076,Weekend,False,Clear,False,0.0,False,False,0.4,Moderate,30.2,27.6,143.8,0.099,0.229,0.968,Moderate traffic flow - standard adaptive signal timing in effect
EVT404689,2025-03-06 16:44:10,Local Market Day,J020,Malleshwaram Circle,2613,Weekday,False,Clear,False,0.0,False,False,0.685,High,22.2,47.3,308.8,0.202,0.467,0.953,Moderate traffic flow - standard adaptive signal timing in effect
EVT404690,2025-08-20 06:42:00,Local Market Day,J023,Basavanagudi,2060,Weekday,False,Clear,False,0.0,False,False,0.304,Low,31.1,22.8,133.2,0.13,0.3,0.99,Moderate traffic flow - standard adaptive signal timing in effect
EVT404691,2025-10-07 12:54:19,Concert,J040,City Market,10201,Weekday,False,Heavy Rain,True,25.7,False,False,0.405,Moderate,28.3,24.8,154.7,0.12,0.276,0.915,Light rain detected - minor speed reduction advised
EVT404692,2025-02-04 13:23:03,Sports Fixture,J031,Cubbon Road,15559,Weekday,False,Clear,False,0.0,False,False,0.228,Low,29.9,12.2,174.0,0.13,0.3,0.957,Normal free-flow traffic - standard signal timing maintained
EVT404693,2025-11-10 17:41:34,Local Market Day,J011,Indiranagar 100ft Road,3055,Weekday,False,Clear,False,0.0,False,False,1.0,Severe,7.7,70.0,339.2,0.119,0.274,0.899,Heavy congestion detected - signal timing extended and reroute suggested
EVT404694,2025-12-17 07:31:47,Sports Fixture,J020,Malleshwaram Circle,17771,Weekday,False,Clear,False,0.0,False,False,0.642,High,18.9,45.3,291.8,0.165,0.381,0.988,Moderate traffic flow - standard adaptive signal timing in effect
EVT404695,2025-07-06 14:49:29,Political Rally,J023,Basavanagudi,21444,Weekend,False,Clear,False,0.0,False,False,0.397,Moderate,22.5,30.3,238.0,0.146,0.336,0.967,Moderate traffic flow - standard adaptive signal timing in effect
EVT404696,2026-04-26 15:30:40,Concert,J012,Koramangala Sony World,7211,Weekend,False,Clear,False,0.0,False,False,0.36,Moderate,32.0,21.9,107.3,0.097,0.223,0.988,Moderate traffic flow - standard adaptive signal timing in effect
EVT404697,2025-09-14 16:41:12,Trade Fair,J012,Koramangala Sony World,12399,Weekend,False,Heavy Rain,True,42.7,False,False,0.99,Severe,6.8,71.9,403.8,0.126,0.292,0.888,Heavy rain reducing visibility and grip - reduced speed and longer buffer advised
EVT404698,2025-03-17 12:51:17,Concert,J031,Cubbon Road,16756,Weekday,False,Clear,False,0.0,False,False,0.321,Low,30.7,25.5,78.8,0.079,0.183,0.953,Moderate traffic flow - standard adaptive signal timing in effect
EVT404699,2025-01-25 14:09:19,Concert,J009,Majestic,20380,Weekend,False,Clear,False,0.0,False,False,0.389,Moderate,28.7,29.8,201.1,0.162,0.374,0.954,Moderate traffic flow - standard adaptive signal timing in effect
EVT404700,2026-04-15 16:54:38,Religious Festival,J023,Basavanagudi,60969,Weekday,True,Clear,False,0.0,False,True,1.0,Severe,7.7,98.2,463.5,0.162,0.373,0.838,Road closure for event/procession - full detour recommended for through-traffic
EVT404701,2026-03-02 13:00:41,Concert,J023,Basavanagudi,18468,Weekday,False,Clear,False,0.0,False,False,0.311,Low,27.4,22.6,145.1,0.117,0.27,0.979,Moderate traffic flow - standard adaptive signal timing in effect
EVT404702,2026-01-26 19:13:33,Cultural Procession,J009,Majestic,12830,Weekday,True,Clear,False,0.0,False,True,1.0,Severe,8.2,101.0,680.0,0.245,0.567,0.839,Road closure for event/procession - full detour recommended for through-traffic
EVT404703,2025-02-13 08:16:22,Trade Fair,J023,Basavanagudi,7217,Weekday,False,Clear,False,0.0,False,False,0.917,Severe,12.7,61.0,425.3,0.193,0.446,0.944,Heavy congestion detected - signal timing extended and reroute suggested
EVT404704,2025-12-08 20:14:49,Political Rally,J030,MG Road,14923,Weekday,False,Clear,False,0.0,False,False,0.719,High,16.9,51.9,174.8,0.108,0.25,0.943,Moderate traffic flow - standard adaptive signal timing in effect
EVT404705,2025-01-23 08:35:54,Sports Fixture,J040,City Market,33017,Weekday,False,Clear,False,0.0,False,False,1.0,Severe,7.4,72.0,501.6,0.158,0.364,0.941,Heavy congestion detected - signal timing extended and reroute suggested
EVT404706,2025-06-26 17:49:13,Local Market Day,J030,MG Road,4995,Weekday,False,Rain,True,21.6,False,False,1.0,Severe,8.5,75.1,527.6,0.202,0.466,0.853,Heavy rain reducing visibility and grip - reduced speed and longer buffer advised
EVT404707,2025-02-11 23:40:31,Concert,J020,Malleshwaram Circle,12383,Weekday,False,Clear,False,0.0,False,False,0.264,Low,29.8,22.5,178.4,0.164,0.378,0.969,Moderate traffic flow - standard adaptive signal timing in effect
EVT404708,2025-06-16 00:06:44,Sports Fixture,J011,Indiranagar 100ft Road,36857,Weekday,False,Heavy Rain,True,39.8,False,False,0.768,Severe,18.9,54.5,294.9,0.196,0.452,0.927,Heavy rain reducing visibility and grip - reduced speed and longer buffer advised
EVT404709,2026-03-25 08:22:11,Local Market Day,J020,Malleshwaram Circle,3317,Weekday,False,Clear,False,0.0,False,False,1.0,Severe,7.2,81.6,600.8,0.189,0.436,0.901,Heavy congestion detected - signal timing extended and reroute suggested
EVT404710,2025-04-15 18:57:49,Religious Festival,J009,Majestic,41705,Weekday,True,Clear,False,0.0,False,False,1.0,Severe,9.8,77.9,557.4,0.207,0.479,0.894,Festival crowd surge detected - alternate route and extended cycle recommended
EVT404711,2025-01-17 13:29:35,Sports Fixture,J020,Malleshwaram Circle,28031,Weekday,False,Clear,False,0.0,False,False,0.284,Low,35.9,17.0,108.9,0.11,0.255,0.947,Moderate traffic flow - standard adaptive signal timing in effect
EVT404712,2026-03-05 09:15:39,Religious Festival,J012,Koramangala Sony World,34381,Weekday,True,Fog,False,0.0,False,True,1.0,Severe,10.2,100.6,625.9,0.277,0.64,0.837,Road closure for event/procession - full detour recommended for through-traffic
EVT404713,2026-05-03 20:50:20,Concert,J020,Malleshwaram Circle,14776,Weekend,False,Rain,True,13.7,True,False,1.0,Severe,8.5,66.6,284.3,0.118,0.274,0.71,Accident detected nearby - reroute and reduced speed advised
EVT404714,2025-04-20 08:21:18,Concert,J020,Malleshwaram Circle,8443,Weekend,False,Clear,False,0.0,False,False,0.851,Severe,14.3,58.6,264.1,0.128,0.297,0.954,Heavy congestion detected - signal timing extended and reroute suggested
EVT404715,2025-08-17 20:44:18,Sports Fixture,J012,Koramangala Sony World,25182,Weekend,False,Clear,False,0.0,False,False,0.599,High,21.7,43.4,154.0,0.117,0.27,0.983,Moderate traffic flow - standard adaptive signal timing in effect
EVT404716,2026-04-19 10:16:27,Concert,J020,Malleshwaram Circle,15982,Weekend,False,Clear,False,0.0,False,False,0.789,Severe,16.7,59.0,318.3,0.179,0.414,0.962,Heavy congestion detected - signal timing extended and reroute suggested
EVT404717,2025-10-11 16:43:09,Local Market Day,J030,MG Road,4882,Weekend,False,Fog,False,0.0,False,False,0.569,High,26.8,38.3,169.7,0.125,0.288,0.93,Moderate traffic flow - standard adaptive signal timing in effect
EVT404718,2025-09-28 11:57:41,Local Market Day,J012,Koramangala Sony World,5819,Weekend,False,Clear,False,0.0,False,False,0.329,Low,27.1,23.1,175.1,0.127,0.294,0.973,Moderate traffic flow - standard adaptive signal timing in effect
EVT404719,2026-04-21 16:12:44,Sports Fixture,J020,Malleshwaram Circle,31705,Weekday,False,Clear,False,0.0,False,False,0.641,High,22.3,46.6,162.8,0.111,0.257,0.963,Moderate traffic flow - standard adaptive signal timing in effect
EVT404720,2026-05-29 14:57:29,Sports Fixture,J020,Malleshwaram Circle,18448,Weekday,False,Rain,True,10.9,False,False,0.526,Moderate,27.1,40.9,85.9,0.065,0.149,0.908,Light rain detected - minor speed reduction advised
EVT404721,2026-01-05 05:38:54,Political Rally,J009,Majestic,22751,Weekday,False,Clear,False,0.0,False,False,0.295,Low,27.6,26.2,118.3,0.092,0.212,0.966,Moderate traffic flow - standard adaptive signal timing in effect
EVT404722,2026-06-06 11:06:34,Trade Fair,J030,MG Road,8336,Weekend,False,Clear,False,0.0,False,False,0.478,Moderate,19.5,34.0,207.3,0.117,0.269,0.975,Moderate traffic flow - standard adaptive signal timing in effect
EVT404723,2025-11-27 19:41:30,Sports Fixture,J040,City Market,21009,Weekday,False,Clear,False,0.0,False,False,1.0,Severe,9.7,73.2,313.0,0.147,0.339,0.901,Heavy congestion detected - signal timing extended and reroute suggested
EVT404724,2025-02-18 16:26:12,Trade Fair,J040,City Market,7632,Weekday,False,Clear,False,0.0,False,False,0.581,High,21.1,40.8,292.5,0.197,0.454,0.975,Moderate traffic flow - standard adaptive signal timing in effect
EVT404725,2025-03-02 13:04:01,Local Market Day,J020,Malleshwaram Circle,2674,Weekend,False,Fog,False,0.0,False,False,0.236,Low,32.9,15.1,183.5,0.139,0.32,0.972,Normal free-flow traffic - standard signal timing maintained
EVT404726,2026-05-06 07:08:11,Local Market Day,J011,Indiranagar 100ft Road,4344,Weekday,False,Clear,False,0.0,False,False,0.463,Moderate,30.9,33.2,220.5,0.183,0.423,0.971,Moderate traffic flow - standard adaptive signal timing in effect
EVT404727,2026-04-16 10:27:30,Concert,J040,City Market,14077,Weekday,False,Clear,False,0.0,False,False,0.586,High,25.2,38.7,318.2,0.248,0.573,0.984,Moderate traffic flow - standard adaptive signal timing in effect
EVT404728,2025-05-08 21:02:56,Local Market Day,J012,Koramangala Sony World,4857,Weekday,False,Clear,False,0.0,False,False,0.378,Moderate,26.5,17.8,57.6,0.034,0.078,0.951,Moderate traffic flow - standard adaptive signal timing in effect
EVT404729,2025-01-15 19:25:30,Religious Festival,J030,MG Road,50287,Weekday,True,Clear,False,0.0,False,True,1.0,Severe,9.3,108.1,283.2,0.15,0.346,0.829,Road closure for event/procession - full detour recommended for through-traffic
EVT404730,2025-12-30 17:32:36,Concert,J023,Basavanagudi,9816,Weekday,False,Clear,False,0.0,False,False,0.886,Severe,14.0,62.6,315.9,0.17,0.392,0.947,Heavy congestion detected - signal timing extended and reroute suggested
EVT404731,2025-09-23 09:11:25,Trade Fair,J009,Majestic,6891,Weekday,False,Clear,False,0.0,False,False,1.0,Severe,10.2,69.9,422.8,0.178,0.412,0.896,Heavy congestion detected - signal timing extended and reroute suggested
EVT404732,2026-03-02 08:45:37,Sports Fixture,J011,Indiranagar 100ft Road,21345,Weekday,False,Clear,False,0.0,False,False,1.0,Severe,8.0,74.9,598.7,0.217,0.5,0.919,Heavy congestion detected - signal timing extended and reroute suggested
EVT404733,2025-10-07 19:08:02,Local Market Day,J012,Koramangala Sony World,2291,Weekday,False,Clear,False,0.0,False,False,0.968,Severe,8.4,75.3,723.4,0.255,0.589,0.931,Heavy congestion detected - signal timing extended and reroute suggested
EVT404734,2026-06-13 05:12:30,Concert,J011,Indiranagar 100ft Road,9673,Weekend,False,Heavy Rain,True,29.3,False,False,0.546,Moderate,29.5,36.9,132.6,0.106,0.244,0.901,Light rain detected - minor speed reduction advised
EVT404735,2025-01-08 19:43:31,Concert,J011,Indiranagar 100ft Road,10194,Weekday,False,Clear,False,0.0,False,False,0.832,Severe,16.8,60.5,264.9,0.154,0.355,0.941,Heavy congestion detected - signal timing extended and reroute suggested
EVT404736,2026-03-13 17:29:22,Local Market Day,J040,City Market,3400,Weekday,False,Clear,False,0.0,False,False,0.838,Severe,14.3,58.0,258.0,0.137,0.317,0.963,Heavy congestion detected - signal timing extended and reroute suggested
EVT404737,2025-03-02 13:32:52,Local Market Day,J009,Majestic,2677,Weekend,False,Clear,False,0.0,False,False,0.212,Low,42.7,7.0,84.8,0.084,0.195,0.945,Normal free-flow traffic - standard signal timing maintained
EVT404738,2026-01-02 19:17:19,Religious Festival,J023,Basavanagudi,39295,Weekday,True,Clear,False,0.0,False,False,1.0,Severe,6.7,72.7,691.3,0.195,0.45,0.884,Festival crowd surge detected - alternate route and extended cycle recommended
EVT404739,2026-01-17 06:00:45,Trade Fair,J020,Malleshwaram Circle,22477,Weekend,False,Clear,False,0.0,False,False,0.465,Moderate,23.3,36.5,124.4,0.083,0.193,0.965,Moderate traffic flow - standard adaptive signal timing in effect
EVT404740,2025-07-09 08:08:25,Local Market Day,J012,Koramangala Sony World,2820,Weekday,False,Clear,False,0.0,False,False,0.8,Severe,13.6,65.6,471.9,0.206,0.475,0.96,Heavy congestion detected - signal timing extended and reroute suggested
EVT404741,2026-06-27 10:50:40,Sports Fixture,J030,MG Road,15366,Weekend,False,Clear,False,0.0,False,False,0.539,Moderate,23.4,41.0,101.0,0.093,0.214,0.957,Moderate traffic flow - standard adaptive signal timing in effect
EVT404742,2025-11-26 05:28:37,Local Market Day,J020,Malleshwaram Circle,2707,Weekday,False,Clear,False,0.0,False,False,0.203,Low,38.8,16.8,138.6,0.14,0.323,0.984,Normal free-flow traffic - standard signal timing maintained
EVT404743,2025-06-25 09:42:33,Concert,J020,Malleshwaram Circle,12967,Weekday,False,Clear,False,0.0,False,False,0.951,Severe,10.3,65.4,427.0,0.168,0.389,0.929,Heavy congestion detected - signal timing extended and reroute suggested
EVT404744,2025-02-17 12:56:08,Local Market Day,J020,Malleshwaram Circle,3628,Weekday,False,Clear,False,0.0,False,False,0.131,Low,37.1,14.2,117.6,0.1,0.231,0.979,Normal free-flow traffic - standard signal timing maintained
EVT404745,2025-07-11 18:53:29,Local Market Day,J031,Cubbon Road,3282,Weekday,False,Heavy Rain,True,76.3,False,False,1.0,Severe,9.0,75.4,537.9,0.21,0.484,0.873,Heavy rain reducing visibility and grip - reduced speed and longer buffer advised
EVT404746,2025-05-05 05:23:49,Political Rally,J009,Majestic,23750,Weekday,False,Clear,False,0.0,False,False,0.324,Low,32.2,20.2,235.3,0.199,0.459,0.942,Moderate traffic flow - standard adaptive signal timing in effect
EVT404747,2026-02-13 20:41:50,Political Rally,J012,Koramangala Sony World,6641,Weekday,False,Clear,False,0.0,False,False,0.572,High,21.6,46.1,173.7,0.116,0.267,0.959,Moderate traffic flow - standard adaptive signal timing in effect
EVT404748,2026-04-09 14:00:14,Sports Fixture,J030,MG Road,29999,Weekday,False,Clear,False,0.0,False,False,0.354,Moderate,40.1,28.4,246.0,0.26,0.6,0.97,Moderate traffic flow - standard adaptive signal timing in effect
EVT404749,2026-04-30 21:33:19,Trade Fair,J030,MG Road,10419,Weekday,False,Light Rain,True,3.9,False,False,0.422,Moderate,27.1,22.7,155.5,0.117,0.271,0.946,Light rain detected - minor speed reduction advised
EVT404750,2025-12-14 08:39:35,Local Market Day,J023,Basavanagudi,5036,Weekend,False,Clear,False,0.0,False,False,0.902,Severe,13.6,63.8,309.9,0.171,0.394,0.944,Heavy congestion detected - signal timing extended and reroute suggested
EVT404751,2025-01-06 18:03:03,Sports Fixture,J031,Cubbon Road,18259,Weekday,False,Clear,False,0.0,False,False,1.0,Severe,8.5,73.9,899.6,0.291,0.673,0.917,Heavy congestion detected - signal timing extended and reroute suggested
EVT404752,2026-06-03 20:14:48,Sports Fixture,J030,MG Road,16830,Weekday,False,Rain,True,14.0,False,False,0.906,Severe,13.4,69.9,392.7,0.218,0.505,0.875,Heavy rain reducing visibility and grip - reduced speed and longer buffer advised
EVT404753,2026-01-23 12:54:15,Sports Fixture,J009,Majestic,19677,Weekday,False,Light Rain,True,6.4,False,False,0.357,Moderate,22.4,16.4,254.0,0.162,0.374,0.926,Light rain detected - minor speed reduction advised
EVT404754,2026-02-24 15:13:16,Local Market Day,J031,Cubbon Road,3942,Weekday,False,Fog,False,0.0,False,False,0.299,Low,31.7,20.4,125.2,0.11,0.253,0.966,Moderate traffic flow - standard adaptive signal timing in effect
EVT404755,2025-12-29 16:56:10,Trade Fair,J023,Basavanagudi,12166,Weekday,False,Clear,False,0.0,False,False,0.715,High,12.2,43.9,135.0,0.057,0.132,0.951,Moderate traffic flow - standard adaptive signal timing in effect
EVT404756,2026-06-03 18:15:12,Concert,J011,Indiranagar 100ft Road,12783,Weekday,False,Clear,False,0.0,False,False,1.0,Severe,7.4,71.5,455.3,0.157,0.363,0.909,Heavy congestion detected - signal timing extended and reroute suggested
EVT404757,2025-05-31 17:15:25,Political Rally,J031,Cubbon Road,12588,Weekend,False,Clear,False,0.0,False,False,0.771,Severe,18.2,60.9,329.2,0.201,0.464,0.928,Heavy congestion detected - signal timing extended and reroute suggested
EVT404758,2025-05-21 00:49:54,Trade Fair,J040,City Market,16236,Weekday,False,Clear,False,0.0,False,False,0.213,Low,35.1,12.8,103.2,0.102,0.235,0.961,Normal free-flow traffic - standard signal timing maintained
EVT404759,2025-07-31 20:53:29,Trade Fair,J012,Koramangala Sony World,4250,Weekday,False,Clear,False,0.0,False,False,0.418,Moderate,26.9,30.1,302.5,0.215,0.497,0.956,Moderate traffic flow - standard adaptive signal timing in effect
EVT404760,2025-05-15 08:29:41,Trade Fair,J040,City Market,9751,Weekday,False,Fog,False,0.0,False,False,0.975,Severe,11.4,70.5,465.5,0.222,0.514,0.925,Heavy congestion detected - signal timing extended and reroute suggested
EVT404761,2026-02-23 15:44:12,Concert,J040,City Market,10157,Weekday,False,Rain,True,7.8,False,False,0.528,Moderate,22.8,29.3,103.6,0.069,0.16,0.903,Light rain detected - minor speed reduction advised
EVT404762,2025-06-10 11:42:09,Sports Fixture,J020,Malleshwaram Circle,21182,Weekday,False,Light Rain,True,3.9,False,False,0.451,Moderate,26.4,31.1,74.0,0.042,0.098,0.935,Light rain detected - minor speed reduction advised
EVT404763,2025-11-02 17:11:01,Cultural Procession,J040,City Market,15587,Weekend,True,Clear,False,0.0,False,True,1.0,Severe,8.9,104.9,743.9,0.25,0.577,0.811,Road closure for event/procession - full detour recommended for through-traffic
EVT404764,2025-08-11 09:57:08,Local Market Day,J011,Indiranagar 100ft Road,3536,Weekday,False,Clear,False,0.0,False,False,0.794,Severe,13.2,57.0,259.9,0.148,0.341,0.946,Heavy congestion detected - signal timing extended and reroute suggested
EVT404765,2025-04-12 16:52:30,Concert,J031,Cubbon Road,15496,Weekend,False,Clear,False,0.0,False,False,0.646,High,17.8,44.5,210.6,0.141,0.326,0.972,Moderate traffic flow - standard adaptive signal timing in effect
EVT404766,2026-03-05 21:25:51,Cultural Procession,J012,Koramangala Sony World,17633,Weekday,True,Clear,False,0.0,False,False,0.613,High,19.3,38.5,196.3,0.105,0.244,0.951,Festival crowd surge detected - alternate route and extended cycle recommended
EVT404767,2025-05-11 12:28:33,Local Market Day,J012,Koramangala Sony World,3903,Weekend,False,Rain,True,15.9,False,False,0.433,Moderate,27.0,34.1,251.5,0.192,0.443,0.898,Light rain detected - minor speed reduction advised
EVT404768,2025-04-22 08:03:17,Concert,J011,Indiranagar 100ft Road,17308,Weekday,False,Clear,False,0.0,False,False,0.872,Severe,13.2,62.5,288.1,0.142,0.329,0.979,Heavy congestion detected - signal timing extended and reroute suggested
EVT404769,2026-01-09 08:57:05,Local Market Day,J040,City Market,7548,Weekday,False,Clear,False,0.0,False,False,1.0,Severe,9.7,70.6,496.5,0.154,0.355,0.936,Heavy congestion detected - signal timing extended and reroute suggested
EVT404770,2025-09-25 19:44:20,Trade Fair,J012,Koramangala Sony World,11206,Weekday,False,Rain,True,23.1,False,False,1.0,Severe,10.7,72.7,466.3,0.196,0.453,0.893,Heavy rain reducing visibility and grip - reduced speed and longer buffer advised
EVT404771,2025-06-08 18:50:18,Sports Fixture,J040,City Market,39175,Weekend,False,Clear,False,0.0,False,False,1.0,Severe,7.6,75.6,620.1,0.194,0.449,0.933,Heavy congestion detected - signal timing extended and reroute suggested
EVT404772,2025-04-19 08:26:57,Sports Fixture,J023,Basavanagudi,23830,Weekend,False,Clear,False,0.0,False,False,0.96,Severe,11.1,66.7,167.4,0.085,0.195,0.933,Heavy congestion detected - signal timing extended and reroute suggested
EVT404773,2025-02-02 19:33:57,Trade Fair,J023,Basavanagudi,9698,Weekend,False,Clear,False,0.0,False,False,0.821,Severe,14.2,54.6,317.9,0.15,0.347,0.963,Heavy congestion detected - signal timing extended and reroute suggested
EVT404774,2026-06-12 18:23:44,Sports Fixture,J020,Malleshwaram Circle,19854,Weekday,False,Clear,False,0.0,False,False,1.0,Severe,8.8,68.5,438.5,0.169,0.389,0.903,Heavy congestion detected - signal timing extended and reroute suggested
EVT404775,2025-02-13 12:47:11,Concert,J023,Basavanagudi,10463,Weekday,False,Clear,False,0.0,False,False,0.232,Low,37.5,15.6,181.8,0.208,0.481,0.943,Normal free-flow traffic - standard signal timing maintained
EVT404776,2025-12-11 10:42:28,Local Market Day,J009,Majestic,3369,Weekday,False,Clear,False,0.0,False,False,0.538,Moderate,26.7,33.8,188.0,0.149,0.344,0.955,Moderate traffic flow - standard adaptive signal timing in effect
EVT404777,2025-11-30 08:35:33,Sports Fixture,J031,Cubbon Road,16048,Weekend,False,Clear,False,0.0,False,False,0.984,Severe,9.1,68.7,375.7,0.129,0.298,0.918,Heavy congestion detected - signal timing extended and reroute suggested
EVT404778,2025-11-20 17:26:24,Concert,J040,City Market,10241,Weekday,False,Clear,False,0.0,False,False,0.897,Severe,10.7,60.3,477.6,0.183,0.423,0.96,Heavy congestion detected - signal timing extended and reroute suggested
EVT404779,2025-10-10 23:57:27,Local Market Day,J009,Majestic,4875,Weekday,False,Clear,False,0.0,True,False,0.505,Moderate,23.4,33.2,198.5,0.155,0.358,0.822,Accident detected nearby - reroute and reduced speed advised
EVT404780,2026-03-21 18:21:54,Local Market Day,J031,Cubbon Road,5458,Weekend,False,Clear,False,0.0,False,False,0.95,Severe,9.8,66.4,258.2,0.108,0.25,0.903,Heavy congestion detected - signal timing extended and reroute suggested
EVT404781,2025-02-28 08:31:55,Local Market Day,J009,Majestic,6036,Weekday,False,Clear,False,0.0,False,False,0.993,Severe,8.0,79.9,766.6,0.226,0.522,0.917,Heavy congestion detected - signal timing extended and reroute suggested
EVT404782,2026-02-22 21:07:36,Local Market Day,J023,Basavanagudi,2618,Weekend,False,Clear,False,0.0,False,False,0.415,Moderate,24.7,24.4,236.9,0.17,0.393,0.945,Moderate traffic flow - standard adaptive signal timing in effect
EVT404783,2025-01-24 09:56:38,Concert,J040,City Market,10816,Weekday,False,Clear,False,0.0,False,False,0.845,Severe,10.0,55.8,427.3,0.146,0.337,0.963,Heavy congestion detected - signal timing extended and reroute suggested
EVT404784,2025-07-19 17:00:41,Political Rally,J030,MG Road,19099,Weekend,False,Clear,False,0.0,False,False,0.782,Severe,15.8,50.0,386.9,0.232,0.535,0.976,Heavy congestion detected - signal timing extended and reroute suggested
EVT404785,2025-02-04 07:58:40,Sports Fixture,J030,MG Road,16802,Weekday,False,Clear,False,0.0,False,False,0.897,Severe,10.7,65.7,225.8,0.11,0.254,0.904,Heavy congestion detected - signal timing extended and reroute suggested
EVT404786,2025-03-05 17:03:54,Local Market Day,J040,City Market,4994,Weekday,False,Clear,False,0.0,False,False,0.782,Severe,18.4,57.4,232.1,0.17,0.393,0.94,Heavy congestion detected - signal timing extended and reroute suggested
EVT404787,2025-07-03 22:28:41,Concert,J009,Majestic,8972,Weekday,False,Rain,True,22.3,False,False,0.551,High,23.8,40.6,266.4,0.182,0.421,0.921,Heavy rain reducing visibility and grip - reduced speed and longer buffer advised
EVT404788,2025-05-07 11:17:22,Concert,J031,Cubbon Road,18763,Weekday,False,Clear,False,0.0,False,False,0.474,Moderate,26.0,40.9,102.3,0.069,0.16,0.965,Moderate traffic flow - standard adaptive signal timing in effect
EVT404789,2026-01-23 11:18:28,Local Market Day,J009,Majestic,5877,Weekday,False,Clear,False,0.0,False,False,0.331,Low,32.1,19.0,143.3,0.128,0.295,0.953,Moderate traffic flow - standard adaptive signal timing in effect
EVT404790,2025-10-16 08:59:21,Local Market Day,J030,MG Road,3577,Weekday,False,Rain,True,7.7,False,False,1.0,Severe,9.2,71.4,506.6,0.203,0.469,0.863,Heavy rain reducing visibility and grip - reduced speed and longer buffer advised
EVT404791,2025-12-14 18:59:38,Political Rally,J011,Indiranagar 100ft Road,17164,Weekend,False,Clear,False,0.0,False,False,0.957,Severe,7.3,71.5,622.7,0.187,0.432,0.936,Heavy congestion detected - signal timing extended and reroute suggested
EVT404792,2025-03-08 21:36:44,Political Rally,J023,Basavanagudi,15923,Weekend,False,Light Rain,True,4.2,False,False,0.482,Moderate,25.5,37.7,220.2,0.172,0.398,0.927,Light rain detected - minor speed reduction advised
EVT404793,2025-04-01 14:54:52,Concert,J031,Cubbon Road,12243,Weekday,False,Fog,False,0.0,False,False,0.265,Low,26.2,17.4,181.5,0.129,0.297,0.955,Moderate traffic flow - standard adaptive signal timing in effect
EVT404794,2025-01-16 20:41:59,Sports Fixture,J012,Koramangala Sony World,21307,Weekday,False,Clear,False,0.0,False,False,0.588,High,19.0,45.3,243.9,0.143,0.331,0.99,Moderate traffic flow - standard adaptive signal timing in effect
EVT404795,2025-12-22 16:45:02,Sports Fixture,J012,Koramangala Sony World,32422,Weekday,False,Clear,False,0.0,False,False,0.815,Severe,14.3,57.7,133.4,0.053,0.122,0.956,Heavy congestion detected - signal timing extended and reroute suggested
EVT404796,2025-04-29 11:58:42,Local Market Day,J030,MG Road,4498,Weekday,False,Clear,False,0.0,False,False,0.231,Low,34.4,13.7,59.7,0.061,0.141,0.974,Normal free-flow traffic - standard signal timing maintained
EVT404797,2026-01-25 18:01:58,Local Market Day,J020,Malleshwaram Circle,3159,Weekend,False,Clear,False,0.0,False,False,0.791,Severe,15.7,59.1,295.3,0.171,0.396,0.949,Heavy congestion detected - signal timing extended and reroute suggested
EVT404798,2026-02-01 08:51:28,Concert,J023,Basavanagudi,9136,Weekend,False,Clear,False,0.0,False,False,0.883,Severe,10.0,65.3,330.7,0.131,0.303,0.914,Heavy congestion detected - signal timing extended and reroute suggested
EVT404799,2025-04-08 09:43:27,Political Rally,J020,Malleshwaram Circle,13050,Weekday,False,Clear,False,0.0,False,False,0.914,Severe,13.9,69.0,428.1,0.221,0.512,0.93,Heavy congestion detected - signal timing extended and reroute suggested
EVT404800,2026-01-07 16:15:38,Concert,J023,Basavanagudi,15346,Weekday,False,Clear,False,0.0,False,False,0.599,High,16.9,43.8,213.9,0.116,0.269,0.979,Moderate traffic flow - standard adaptive signal timing in effect
EVT404801,2025-06-24 20:02:59,Local Market Day,J023,Basavanagudi,4173,Weekday,False,Clear,False,0.0,False,False,0.661,High,23.1,47.2,306.4,0.23,0.532,0.975,Moderate traffic flow - standard adaptive signal timing in effect
EVT404802,2026-06-18 13:28:36,Concert,J030,MG Road,10772,Weekday,False,Clear,False,0.0,False,False,0.335,Low,34.5,17.4,93.3,0.074,0.171,0.969,Moderate traffic flow - standard adaptive signal timing in effect
EVT404803,2026-04-22 22:09:08,Concert,J030,MG Road,7310,Weekday,False,Clear,False,0.0,False,False,0.246,Low,26.3,15.2,237.7,0.139,0.322,0.97,Normal free-flow traffic - standard signal timing maintained
EVT404804,2025-09-04 11:20:55,Sports Fixture,J020,Malleshwaram Circle,14522,Weekday,False,Clear,False,0.0,False,False,0.401,Moderate,28.3,29.1,117.1,0.095,0.22,0.957,Moderate traffic flow - standard adaptive signal timing in effect
EVT404805,2025-12-31 08:53:32,Trade Fair,J030,MG Road,11251,Weekday,False,Clear,False,0.0,False,False,1.0,Severe,8.9,72.9,549.1,0.196,0.453,0.916,Heavy congestion detected - signal timing extended and reroute suggested
EVT404806,2025-08-19 12:09:29,Sports Fixture,J030,MG Road,15165,Weekday,False,Clear,False,0.0,False,False,0.301,Low,35.4,28.0,123.8,0.115,0.266,0.961,Moderate traffic flow - standard adaptive signal timing in effect
EVT404807,2025-10-01 13:37:00,Sports Fixture,J031,Cubbon Road,18368,Weekday,False,Clear,False,0.0,False,False,0.296,Low,33.7,21.5,144.9,0.145,0.335,0.978,Moderate traffic flow - standard adaptive signal timing in effect
EVT404808,2025-08-19 08:45:32,Concert,J011,Indiranagar 100ft Road,16698,Weekday,False,Heavy Rain,True,35.8,False,False,1.0,Severe,8.5,69.1,250.5,0.105,0.243,0.86,Heavy rain reducing visibility and grip - reduced speed and longer buffer advised
EVT404809,2025-08-25 05:57:54,Sports Fixture,J040,City Market,31091,Weekday,False,Rain,True,17.0,False,False,0.546,Moderate,21.0,38.6,135.6,0.091,0.211,0.937,Light rain detected - minor speed reduction advised
EVT404810,2025-10-21 19:05:12,Religious Festival,J012,Koramangala Sony World,21720,Weekday,True,Rain,True,8.8,True,False,1.0,Severe,8.5,78.3,568.4,0.19,0.439,0.644,Accident detected nearby - reroute and reduced speed advised
EVT404811,2025-04-11 15:13:17,Local Market Day,J040,City Market,5208,Weekday,False,Clear,False,0.0,False,False,0.307,Low,34.7,18.8,111.5,0.088,0.204,0.957,Moderate traffic flow - standard adaptive signal timing in effect
EVT404812,2025-04-07 18:32:43,Religious Festival,J020,Malleshwaram Circle,53595,Weekday,True,Clear,False,0.0,False,False,1.0,Severe,10.3,72.8,389.2,0.165,0.382,0.854,Festival crowd surge detected - alternate route and extended cycle recommended
EVT404813,2026-03-08 09:50:15,Local Market Day,J031,Cubbon Road,4595,Weekend,False,Clear,False,0.0,False,False,0.771,Severe,16.3,53.7,317.4,0.178,0.41,0.961,Heavy congestion detected - signal timing extended and reroute suggested
EVT404814,2026-03-02 19:49:02,Local Market Day,J031,Cubbon Road,2464,Weekday,False,Clear,False,0.0,False,False,0.761,Severe,16.4,53.6,336.3,0.183,0.423,0.97,Heavy congestion detected - signal timing extended and reroute suggested
EVT404815,2026-04-10 10:38:19,Trade Fair,J040,City Market,4988,Weekday,False,Clear,False,0.0,False,False,0.584,High,25.5,41.2,211.9,0.167,0.385,0.974,Moderate traffic flow - standard adaptive signal timing in effect
EVT404816,2025-08-18 19:17:00,Local Market Day,J040,City Market,2888,Weekday,False,Clear,False,0.0,False,False,0.924,Severe,12.2,66.6,370.7,0.185,0.427,0.921,Heavy congestion detected - signal timing extended and reroute suggested
EVT404817,2026-02-13 12:48:23,Political Rally,J040,City Market,12720,Weekday,False,Clear,False,0.0,False,False,0.238,Low,33.3,14.3,75.4,0.063,0.145,0.978,Normal free-flow traffic - standard signal timing maintained
EVT404818,2025-09-30 03:40:16,Trade Fair,J012,Koramangala Sony World,15192,Weekday,False,Clear,False,0.0,True,False,0.544,Moderate,21.8,36.5,159.4,0.099,0.229,0.802,Accident detected nearby - reroute and reduced speed advised
EVT404819,2026-03-29 10:07:40,Trade Fair,J030,MG Road,7209,Weekend,False,Clear,False,0.0,False,False,0.749,High,16.3,57.5,395.9,0.229,0.528,0.958,Moderate traffic flow - standard adaptive signal timing in effect
EVT404820,2026-04-02 14:16:26,Sports Fixture,J011,Indiranagar 100ft Road,16702,Weekday,False,Clear,False,0.0,False,False,0.401,Moderate,34.0,24.8,80.0,0.081,0.187,0.962,Moderate traffic flow - standard adaptive signal timing in effect
EVT404821,2026-02-06 07:04:55,Local Market Day,J009,Majestic,3603,Weekday,False,Clear,False,0.0,False,False,0.45,Moderate,23.9,30.0,173.0,0.119,0.276,0.972,Moderate traffic flow - standard adaptive signal timing in effect
EVT404822,2025-02-25 09:17:18,Trade Fair,J020,Malleshwaram Circle,9729,Weekday,False,Clear,False,0.0,False,False,1.0,Severe,7.8,80.0,462.7,0.166,0.384,0.908,Heavy congestion detected - signal timing extended and reroute suggested
EVT404823,2025-06-03 16:59:47,Concert,J020,Malleshwaram Circle,9055,Weekday,False,Heavy Rain,True,27.9,False,False,1.0,Severe,9.1,76.3,241.2,0.099,0.228,0.843,Heavy rain reducing visibility and grip - reduced speed and longer buffer advised
EVT404824,2026-06-05 09:31:34,Political Rally,J011,Indiranagar 100ft Road,22814,Weekday,False,Clear,False,0.0,False,False,1.0,Severe,7.6,69.9,227.2,0.073,0.17,0.918,Heavy congestion detected - signal timing extended and reroute suggested
EVT404825,2026-05-11 08:55:20,Concert,J009,Majestic,8716,Weekday,False,Clear,False,0.0,False,False,0.97,Severe,8.5,62.5,265.1,0.121,0.279,0.924,Heavy congestion detected - signal timing extended and reroute suggested
EVT404826,2025-04-03 20:38:04,Concert,J009,Majestic,10707,Weekday,False,Clear,False,0.0,False,False,0.597,High,26.6,39.4,281.5,0.21,0.486,0.972,Moderate traffic flow - standard adaptive signal timing in effect
EVT404827,2025-03-17 11:11:05,Trade Fair,J020,Malleshwaram Circle,6698,Weekday,False,Clear,False,0.0,False,False,0.421,Moderate,23.1,32.1,263.7,0.191,0.442,0.977,Moderate traffic flow - standard adaptive signal timing in effect
EVT404828,2026-05-31 17:34:40,Concert,J040,City Market,10038,Weekend,False,Rain,True,23.5,False,False,1.0,Severe,8.5,74.4,632.6,0.22,0.509,0.878,Heavy rain reducing visibility and grip - reduced speed and longer buffer advised
EVT404829,2025-06-19 14:47:33,Sports Fixture,J031,Cubbon Road,26472,Weekday,False,Clear,False,0.0,False,False,0.317,Low,33.0,22.8,87.7,0.07,0.161,0.955,Moderate traffic flow - standard adaptive signal timing in effect
EVT404830,2025-03-22 10:49:50,Local Market Day,J040,City Market,5804,Weekend,False,Clear,False,0.0,False,False,0.43,Moderate,27.5,31.0,127.3,0.085,0.196,0.962,Moderate traffic flow - standard adaptive signal timing in effect
EVT404831,2026-03-19 10:17:36,Cultural Procession,J020,Malleshwaram Circle,14909,Weekday,True,Clear,False,0.0,False,True,1.0,Severe,6.3,101.4,622.2,0.178,0.41,0.835,Road closure for event/procession - full detour recommended for through-traffic
EVT404832,2026-05-30 10:06:00,Concert,J023,Basavanagudi,7260,Weekend,False,Clear,False,0.0,False,False,0.678,High,16.4,52.5,119.4,0.06,0.139,0.955,Moderate traffic flow - standard adaptive signal timing in effect
EVT404833,2026-05-26 18:18:30,Sports Fixture,J020,Malleshwaram Circle,23160,Weekday,False,Heavy Rain,True,53.4,False,False,1.0,Severe,10.2,61.7,240.1,0.106,0.244,0.858,Heavy rain reducing visibility and grip - reduced speed and longer buffer advised
EVT404834,2025-12-28 18:09:17,Concert,J012,Koramangala Sony World,11979,Weekend,False,Clear,False,0.0,False,False,0.819,Severe,12.5,54.2,374.2,0.175,0.403,0.978,Heavy congestion detected - signal timing extended and reroute suggested
EVT404835,2026-05-10 19:52:53,Local Market Day,J040,City Market,3456,Weekend,False,Fog,False,0.0,False,False,0.637,High,18.0,43.1,238.2,0.137,0.316,0.98,Moderate traffic flow - standard adaptive signal timing in effect
EVT404836,2025-05-08 17:49:43,Local Market Day,J031,Cubbon Road,3360,Weekday,False,Clear,False,0.0,False,False,1.0,Severe,9.1,71.6,435.3,0.16,0.37,0.919,Heavy congestion detected - signal timing extended and reroute suggested
EVT404837,2025-08-03 06:33:39,Concert,J040,City Market,12876,Weekend,False,Heavy Rain,True,50.5,False,False,0.742,High,16.2,53.7,332.0,0.199,0.459,0.955,Heavy rain reducing visibility and grip - reduced speed and longer buffer advised
EVT404838,2025-07-08 19:45:28,Local Market Day,J012,Koramangala Sony World,2129,Weekday,False,Clear,False,0.0,False,False,0.763,Severe,11.4,52.6,513.5,0.199,0.46,0.98,Heavy congestion detected - signal timing extended and reroute suggested
EVT404839,2026-04-07 00:59:42,Political Rally,J012,Koramangala Sony World,14970,Weekday,False,Light Rain,True,4.3,False,False,0.356,Moderate,30.3,25.9,264.8,0.212,0.489,0.896,Light rain detected - minor speed reduction advised
EVT404840,2026-06-13 15:53:43,Trade Fair,J031,Cubbon Road,5749,Weekend,False,Clear,False,0.0,False,False,0.417,Moderate,30.7,29.8,187.2,0.16,0.37,0.972,Moderate traffic flow - standard adaptive signal timing in effect
EVT404841,2025-04-26 20:13:36,Sports Fixture,J012,Koramangala Sony World,35939,Weekend,False,Clear,False,0.0,False,False,0.759,Severe,18.9,54.0,250.3,0.152,0.35,0.985,Heavy congestion detected - signal timing extended and reroute suggested
EVT404842,2026-05-13 12:25:59,Sports Fixture,J023,Basavanagudi,36959,Weekday,False,Clear,False,0.0,False,False,0.465,Moderate,26.2,34.0,221.6,0.161,0.373,0.975,Moderate traffic flow - standard adaptive signal timing in effect
EVT404843,2025-07-17 09:05:13,Concert,J020,Malleshwaram Circle,11323,Weekday,False,Clear,False,0.0,False,False,1.0,Severe,7.6,67.6,801.8,0.228,0.527,0.931,Heavy congestion detected - signal timing extended and reroute suggested
EVT404844,2026-06-04 21:38:53,Trade Fair,J030,MG Road,10250,Weekday,False,Heavy Rain,True,55.9,False,False,0.59,High,18.7,44.8,288.4,0.148,0.343,0.934,Heavy rain reducing visibility and grip - reduced speed and longer buffer advised
EVT404845,2025-11-13 09:52:05,Trade Fair,J023,Basavanagudi,5077,Weekday,False,Clear,False,0.0,False,False,0.913,Severe,10.0,69.4,485.8,0.181,0.418,0.932,Heavy congestion detected - signal timing extended and reroute suggested
EVT404846,2026-04-20 19:09:44,Local Market Day,J023,Basavanagudi,5524,Weekday,False,Clear,False,0.0,False,False,1.0,Severe,7.5,73.3,854.7,0.251,0.58,0.908,Heavy congestion detected - signal timing extended and reroute suggested
EVT404847,2026-02-20 04:21:45,Sports Fixture,J020,Malleshwaram Circle,26776,Weekday,False,Clear,False,0.0,False,False,0.376,Moderate,32.9,19.9,89.1,0.056,0.128,0.979,Moderate traffic flow - standard adaptive signal timing in effect
EVT404848,2025-12-19 19:20:02,Concert,J011,Indiranagar 100ft Road,10500,Weekday,False,Clear,False,0.0,False,False,1.0,Severe,7.4,69.7,767.2,0.245,0.567,0.908,Heavy congestion detected - signal timing extended and reroute suggested
EVT404849,2025-04-27 07:24:53,Sports Fixture,J020,Malleshwaram Circle,11365,Weekend,False,Clear,False,0.0,False,False,0.522,Moderate,23.7,34.4,220.9,0.176,0.406,0.966,Moderate traffic flow - standard adaptive signal timing in effect
EVT404850,2026-02-02 18:15:27,Concert,J011,Indiranagar 100ft Road,14955,Weekday,False,Clear,False,0.0,False,False,1.0,Severe,7.0,76.2,1008.4,0.295,0.682,0.881,Heavy congestion detected - signal timing extended and reroute suggested
EVT404851,2025-02-10 16:16:55,Sports Fixture,J020,Malleshwaram Circle,25532,Weekday,False,Clear,False,0.0,False,False,0.586,High,19.3,39.5,319.7,0.19,0.439,0.943,Moderate traffic flow - standard adaptive signal timing in effect
EVT404852,2026-03-30 07:27:56,Sports Fixture,J030,MG Road,43891,Weekday,False,Clear,False,0.0,False,False,0.773,Severe,16.2,59.4,228.3,0.121,0.279,0.942,Heavy congestion detected - signal timing extended and reroute suggested
EVT404853,2025-12-14 06:41:55,Local Market Day,J040,City Market,5616,Weekend,False,Clear,False,0.0,False,False,0.396,Moderate,25.9,29.2,195.3,0.139,0.32,0.955,Moderate traffic flow - standard adaptive signal timing in effect
EVT404854,2025-12-05 14:22:10,Sports Fixture,J011,Indiranagar 100ft Road,12618,Weekday,False,Clear,False,0.0,False,False,0.227,Low,35.7,12.9,126.5,0.123,0.283,0.986,Normal free-flow traffic - standard signal timing maintained
EVT404855,2026-02-24 21:34:42,Political Rally,J009,Majestic,12458,Weekday,False,Clear,False,0.0,False,False,0.366,Moderate,28.5,22.2,152.3,0.128,0.295,0.956,Moderate traffic flow - standard adaptive signal timing in effect
EVT404856,2025-09-11 05:05:48,Concert,J023,Basavanagudi,19153,Weekday,False,Rain,True,14.7,False,False,0.524,Moderate,26.4,36.3,286.0,0.222,0.513,0.919,Light rain detected - minor speed reduction advised
EVT404857,2025-08-22 12:27:29,Sports Fixture,J031,Cubbon Road,25217,Weekday,False,Clear,False,0.0,False,False,0.379,Moderate,32.0,27.4,132.6,0.11,0.253,0.99,Moderate traffic flow - standard adaptive signal timing in effect
EVT404858,2025-07-16 10:53:44,Concert,J040,City Market,14651,Weekday,False,Clear,False,0.0,False,False,0.524,Moderate,22.9,43.4,269.2,0.196,0.454,0.977,Moderate traffic flow - standard adaptive signal timing in effect
EVT404859,2026-01-01 18:15:28,Religious Festival,J020,Malleshwaram Circle,48862,Weekday,True,Clear,False,0.0,False,False,1.0,Severe,8.6,75.9,208.8,0.084,0.193,0.86,Festival crowd surge detected - alternate route and extended cycle recommended
EVT404860,2026-03-11 15:20:40,Concert,J012,Koramangala Sony World,12113,Weekday,False,Clear,False,0.0,False,False,0.313,Low,29.5,22.4,132.7,0.127,0.292,0.981,Moderate traffic flow - standard adaptive signal timing in effect
EVT404861,2025-03-30 16:53:20,Cultural Procession,J011,Indiranagar 100ft Road,25925,Weekend,True,Clear,False,0.0,True,True,1.0,Severe,8.1,104.6,578.1,0.198,0.458,0.7,Road closure for event/procession - full detour recommended for through-traffic
EVT404862,2026-06-22 10:42:11,Concert,J011,Indiranagar 100ft Road,6291,Weekday,False,Rain,True,7.8,False,False,0.699,High,13.6,50.1,236.4,0.12,0.277,0.913,Heavy rain reducing visibility and grip - reduced speed and longer buffer advised
EVT404863,2025-07-03 16:53:22,Sports Fixture,J011,Indiranagar 100ft Road,33531,Weekday,False,Rain,True,17.1,False,False,0.972,Severe,10.2,73.0,458.6,0.176,0.407,0.852,Heavy rain reducing visibility and grip - reduced speed and longer buffer advised
EVT404864,2025-12-13 07:45:20,Local Market Day,J009,Majestic,8358,Weekend,False,Fog,False,0.0,False,False,0.682,High,14.7,48.7,311.0,0.143,0.33,0.96,Moderate traffic flow - standard adaptive signal timing in effect
EVT404865,2025-01-08 13:00:36,Local Market Day,J030,MG Road,2859,Weekday,False,Clear,False,0.0,False,False,0.185,Low,32.6,13.7,83.6,0.056,0.13,0.99,Normal free-flow traffic - standard signal timing maintained
EVT404866,2025-07-19 19:38:59,Local Market Day,J023,Basavanagudi,3206,Weekend,False,Clear,False,0.0,False,False,0.693,High,22.2,52.7,138.5,0.068,0.157,0.981,Moderate traffic flow - standard adaptive signal timing in effect
EVT404867,2026-02-14 13:31:37,Political Rally,J030,MG Road,19918,Weekend,False,Fog,False,0.0,False,False,0.369,Moderate,31.2,30.3,191.0,0.182,0.421,0.955,Moderate traffic flow - standard adaptive signal timing in effect
EVT404868,2025-12-31 12:34:03,Sports Fixture,J031,Cubbon Road,16108,Weekday,False,Clear,False,0.0,False,False,0.273,Low,34.2,12.4,161.0,0.142,0.329,0.968,Moderate traffic flow - standard adaptive signal timing in effect
EVT404869,2026-05-23 13:51:30,Political Rally,J009,Majestic,22016,Weekend,False,Clear,False,0.0,False,False,0.356,Moderate,31.1,28.0,175.1,0.147,0.34,0.972,Moderate traffic flow - standard adaptive signal timing in effect
EVT404870,2025-04-05 16:10:46,Concert,J011,Indiranagar 100ft Road,9520,Weekend,False,Clear,False,0.0,False,False,0.532,Moderate,27.3,46.3,156.5,0.139,0.322,0.964,Moderate traffic flow - standard adaptive signal timing in effect
EVT404871,2025-11-08 09:52:38,Local Market Day,J011,Indiranagar 100ft Road,3605,Weekend,False,Clear,False,0.0,False,False,0.803,Severe,15.9,62.1,325.9,0.175,0.405,0.932,Heavy congestion detected - signal timing extended and reroute suggested
EVT404872,2026-04-10 17:51:29,Local Market Day,J009,Majestic,6893,Weekday,False,Clear,False,0.0,False,False,0.938,Severe,11.6,70.7,594.9,0.273,0.632,0.939,Heavy congestion detected - signal timing extended and reroute suggested
EVT404873,2026-04-19 10:22:49,Sports Fixture,J023,Basavanagudi,23640,Weekend,False,Clear,False,0.0,False,False,0.692,High,24.0,53.4,212.6,0.155,0.358,0.935,Moderate traffic flow - standard adaptive signal timing in effect
EVT404874,2026-01-19 16:32:38,Trade Fair,J011,Indiranagar 100ft Road,9965,Weekday,False,Clear,False,0.0,False,False,0.611,High,22.3,46.1,325.4,0.231,0.533,0.972,Moderate traffic flow - standard adaptive signal timing in effect
EVT404875,2025-10-21 16:41:48,Religious Festival,J040,City Market,44812,Weekday,True,Rain,True,15.1,False,True,1.0,Severe,7.8,106.0,305.4,0.134,0.31,0.78,Road closure for event/procession - full detour recommended for through-traffic
EVT404876,2025-03-24 17:29:20,Sports Fixture,J011,Indiranagar 100ft Road,45452,Weekday,False,Clear,False,0.0,False,False,1.0,Severe,6.7,68.5,602.8,0.175,0.405,0.918,Heavy congestion detected - signal timing extended and reroute suggested
EVT404877,2025-03-12 13:57:45,Concert,J020,Malleshwaram Circle,12145,Weekday,False,Clear,False,0.0,False,False,0.242,Low,37.0,20.5,170.4,0.15,0.346,0.963,Normal free-flow traffic - standard signal timing maintained
EVT404878,2025-08-30 11:30:26,Sports Fixture,J011,Indiranagar 100ft Road,18229,Weekend,False,Heavy Rain,True,44.6,False,False,0.788,Severe,18.7,54.3,181.3,0.115,0.265,0.899,Heavy rain reducing visibility and grip - reduced speed and longer buffer advised
EVT404879,2025-12-31 21:22:07,Local Market Day,J020,Malleshwaram Circle,5208,Weekday,False,Clear,False,0.0,False,False,0.356,Moderate,30.2,29.3,166.8,0.134,0.309,0.961,Moderate traffic flow - standard adaptive signal timing in effect
EVT404880,2025-03-17 20:26:53,Local Market Day,J012,Koramangala Sony World,4752,Weekday,False,Clear,False,0.0,False,False,0.637,High,20.8,50.0,308.0,0.227,0.525,0.947,Moderate traffic flow - standard adaptive signal timing in effect
EVT404881,2025-02-10 16:21:25,Concert,J023,Basavanagudi,21486,Weekday,False,Clear,False,0.0,False,False,0.539,Moderate,20.7,37.0,362.7,0.229,0.53,0.956,Moderate traffic flow - standard adaptive signal timing in effect
EVT404882,2025-08-04 19:52:53,Sports Fixture,J011,Indiranagar 100ft Road,20329,Weekday,False,Heavy Rain,True,31.2,False,False,1.0,Severe,8.9,71.7,790.4,0.315,0.729,0.854,Heavy rain reducing visibility and grip - reduced speed and longer buffer advised
EVT404883,2025-02-18 09:42:43,Sports Fixture,J020,Malleshwaram Circle,17870,Weekday,False,Clear,False,0.0,False,False,0.995,Severe,7.5,71.8,727.2,0.196,0.452,0.917,Heavy congestion detected - signal timing extended and reroute suggested
EVT404884,2025-07-20 21:45:01,Trade Fair,J040,City Market,8714,Weekend,False,Clear,False,0.0,False,False,0.362,Moderate,35.7,24.5,80.0,0.091,0.21,0.943,Moderate traffic flow - standard adaptive signal timing in effect
EVT404885,2025-05-01 08:58:56,Religious Festival,J040,City Market,36830,Weekday,True,Clear,False,0.0,False,True,1.0,Severe,8.0,91.5,565.2,0.176,0.407,0.823,Road closure for event/procession - full detour recommended for through-traffic
EVT404886,2025-07-04 08:55:38,Sports Fixture,J030,MG Road,23861,Weekday,False,Heavy Rain,True,31.1,False,False,1.0,Severe,8.6,74.7,442.8,0.16,0.369,0.882,Heavy rain reducing visibility and grip - reduced speed and longer buffer advised
EVT404887,2026-06-23 08:55:51,Sports Fixture,J011,Indiranagar 100ft Road,23233,Weekday,False,Heavy Rain,True,37.0,False,False,1.0,Severe,6.3,72.2,492.2,0.14,0.323,0.86,Heavy rain reducing visibility and grip - reduced speed and longer buffer advised
EVT404888,2026-03-27 09:01:31,Fireworks Display,J020,Malleshwaram Circle,22711,Weekday,True,Clear,False,0.0,False,False,1.0,Severe,8.2,66.3,301.3,0.112,0.259,0.859,Festival crowd surge detected - alternate route and extended cycle recommended
EVT404889,2026-03-25 14:26:35,Trade Fair,J031,Cubbon Road,7106,Weekday,False,Clear,False,0.0,False,False,0.236,Low,35.0,19.0,137.7,0.113,0.261,0.965,Normal free-flow traffic - standard signal timing maintained
EVT404890,2026-02-23 10:18:19,Local Market Day,J011,Indiranagar 100ft Road,6037,Weekday,False,Clear,False,0.0,False,False,0.615,High,18.8,40.9,290.1,0.169,0.39,0.983,Moderate traffic flow - standard adaptive signal timing in effect
EVT404891,2025-06-25 15:03:50,Local Market Day,J020,Malleshwaram Circle,5142,Weekday,False,Rain,True,22.2,False,False,0.577,High,22.5,38.6,118.1,0.072,0.166,0.924,Heavy rain reducing visibility and grip - reduced speed and longer buffer advised
EVT404892,2025-12-28 14:28:14,Concert,J030,MG Road,14437,Weekend,False,Clear,False,0.0,False,False,0.433,Moderate,27.9,35.0,185.5,0.14,0.324,0.99,Moderate traffic flow - standard adaptive signal timing in effect
EVT404893,2026-05-08 11:03:00,Local Market Day,J009,Majestic,7310,Weekday,False,Fog,False,0.0,False,False,0.414,Moderate,30.7,29.1,190.9,0.153,0.353,0.967,Moderate traffic flow - standard adaptive signal timing in effect
EVT404894,2025-05-27 13:04:55,Concert,J040,City Market,22480,Weekday,False,Fog,False,0.0,False,False,0.278,Low,26.3,15.9,208.8,0.159,0.366,0.974,Moderate traffic flow - standard adaptive signal timing in effect
EVT404895,2026-01-02 14:21:53,Cultural Procession,J020,Malleshwaram Circle,30625,Weekday,True,Clear,False,0.0,False,True,0.717,High,14.9,79.7,313.4,0.17,0.393,0.917,Road closure for event/procession - full detour recommended for through-traffic
EVT404896,2025-08-16 07:41:23,Religious Festival,J011,Indiranagar 100ft Road,42880,Weekend,True,Clear,False,0.0,False,False,1.0,Severe,6.2,74.8,758.0,0.209,0.483,0.868,Festival crowd surge detected - alternate route and extended cycle recommended
EVT404897,2025-04-21 20:33:35,Concert,J011,Indiranagar 100ft Road,19050,Weekday,False,Light Rain,True,5.0,False,False,0.738,High,15.1,52.9,338.6,0.179,0.414,0.916,Heavy rain reducing visibility and grip - reduced speed and longer buffer advised
EVT404898,2025-04-28 18:05:25,Concert,J012,Koramangala Sony World,8684,Weekday,False,Clear,False,0.0,False,False,1.0,Severe,7.2,67.2,808.1,0.24,0.554,0.919,Heavy congestion detected - signal timing extended and reroute suggested
EVT404899,2025-06-01 19:47:24,Local Market Day,J031,Cubbon Road,2183,Weekend,False,Clear,False,0.0,False,False,0.752,Severe,20.6,47.3,254.8,0.169,0.39,0.961,Heavy congestion detected - signal timing extended and reroute suggested
EVT404900,2026-01-22 17:18:01,Concert,J011,Indiranagar 100ft Road,17039,Weekday,False,Clear,False,0.0,False,False,0.937,Severe,10.3,71.8,479.9,0.201,0.464,0.929,Heavy congestion detected - signal timing extended and reroute suggested
EVT404901,2025-04-04 17:15:19,Trade Fair,J011,Indiranagar 100ft Road,9062,Weekday,False,Clear,False,0.0,False,False,0.877,Severe,12.8,64.3,255.2,0.139,0.322,0.929,Heavy congestion detected - signal timing extended and reroute suggested
EVT404902,2025-05-23 16:41:43,Local Market Day,J031,Cubbon Road,5062,Weekday,False,Clear,False,0.0,False,False,0.622,High,24.7,46.5,301.5,0.216,0.499,0.933,Moderate traffic flow - standard adaptive signal timing in effect
EVT404903,2025-05-12 10:25:20,Concert,J031,Cubbon Road,8824,Weekday,False,Clear,False,0.0,False,False,0.754,Severe,18.1,52.6,252.1,0.145,0.335,0.951,Heavy congestion detected - signal timing extended and reroute suggested
EVT404904,2025-04-13 17:51:00,Local Market Day,J020,Malleshwaram Circle,3232,Weekend,False,Clear,False,0.0,False,False,0.798,Severe,16.7,52.3,185.7,0.096,0.221,0.937,Heavy congestion detected - signal timing extended and reroute suggested
EVT404905,2026-01-01 19:02:07,Cultural Procession,J011,Indiranagar 100ft Road,18153,Weekday,True,Clear,False,0.0,False,True,1.0,Severe,8.8,91.9,695.1,0.252,0.583,0.875,Road closure for event/procession - full detour recommended for through-traffic
EVT404906,2025-02-08 08:16:07,Local Market Day,J009,Majestic,4526,Weekend,False,Clear,False,0.0,False,False,0.76,Severe,18.9,51.0,211.8,0.147,0.34,0.972,Heavy congestion detected - signal timing extended and reroute suggested
EVT404907,2025-07-12 08:57:05,Local Market Day,J012,Koramangala Sony World,3593,Weekend,False,Clear,False,0.0,False,False,0.942,Severe,10.6,72.0,476.4,0.192,0.443,0.961,Heavy congestion detected - signal timing extended and reroute suggested
EVT404908,2025-02-11 16:46:13,Local Market Day,J012,Koramangala Sony World,2349,Weekday,False,Clear,False,0.0,False,False,0.608,High,23.9,47.9,152.3,0.089,0.206,0.964,Moderate traffic flow - standard adaptive signal timing in effect
EVT404909,2025-07-01 21:33:10,Trade Fair,J030,MG Road,7947,Weekday,False,Clear,False,0.0,False,False,0.37,Moderate,25.3,23.6,225.6,0.163,0.377,0.977,Moderate traffic flow - standard adaptive signal timing in effect
EVT404910,2026-03-28 19:24:22,Sports Fixture,J009,Majestic,34860,Weekend,False,Clear,False,0.0,False,False,1.0,Severe,6.7,75.3,642.5,0.167,0.386,0.897,Heavy congestion detected - signal timing extended and reroute suggested
EVT404911,2026-03-25 21:33:04,Local Market Day,J011,Indiranagar 100ft Road,4084,Weekday,False,Clear,False,0.0,False,False,0.374,Moderate,33.6,29.2,154.3,0.12,0.278,0.97,Moderate traffic flow - standard adaptive signal timing in effect
EVT404912,2025-02-09 20:12:55,Political Rally,J009,Majestic,9756,Weekend,False,Clear,False,0.0,False,False,0.726,High,13.2,56.9,345.2,0.159,0.367,0.951,Moderate traffic flow - standard adaptive signal timing in effect
EVT404913,2025-01-03 14:32:34,Trade Fair,J009,Majestic,10737,Weekday,False,Clear,False,0.0,False,False,0.29,Low,26.7,13.6,133.1,0.081,0.186,0.94,Moderate traffic flow - standard adaptive signal timing in effect
EVT404914,2026-02-08 06:05:50,Local Market Day,J030,MG Road,6867,Weekend,False,Clear,False,0.0,False,False,0.297,Low,32.1,18.9,112.9,0.105,0.243,0.952,Moderate traffic flow - standard adaptive signal timing in effect
EVT404915,2025-04-28 16:40:27,Local Market Day,J040,City Market,4361,Weekday,False,Clear,False,0.0,False,False,0.6,High,17.0,45.0,254.8,0.144,0.333,0.966,Moderate traffic flow - standard adaptive signal timing in effect
EVT404916,2026-06-27 10:53:41,Concert,J020,Malleshwaram Circle,11219,Weekend,False,Clear,False,0.0,False,False,0.521,Moderate,26.6,38.0,137.5,0.103,0.239,0.961,Moderate traffic flow - standard adaptive signal timing in effect
EVT404917,2025-07-31 21:31:31,Sports Fixture,J040,City Market,36979,Weekday,False,Clear,False,0.0,False,False,0.48,Moderate,25.3,34.5,250.5,0.2,0.461,0.963,Moderate traffic flow - standard adaptive signal timing in effect
EVT404918,2026-03-18 13:35:57,Concert,J012,Koramangala Sony World,8444,Weekday,False,Clear,False,0.0,False,False,0.238,Low,32.7,13.5,179.5,0.155,0.358,0.965,Normal free-flow traffic - standard signal timing maintained
EVT404919,2026-04-21 06:40:03,Sports Fixture,J009,Majestic,22008,Weekday,False,Clear,False,0.0,False,False,0.458,Moderate,25.6,29.0,108.8,0.078,0.181,0.958,Moderate traffic flow - standard adaptive signal timing in effect
EVT404920,2025-12-31 20:05:38,Sports Fixture,J040,City Market,18851,Weekday,False,Rain,True,16.8,False,False,1.0,Severe,8.3,68.7,640.9,0.215,0.496,0.869,Heavy rain reducing visibility and grip - reduced speed and longer buffer advised
EVT404921,2025-10-04 22:51:11,Local Market Day,J023,Basavanagudi,2720,Weekend,False,Clear,False,0.0,False,False,0.217,Low,26.8,11.6,285.4,0.202,0.467,0.961,Normal free-flow traffic - standard signal timing maintained
EVT404922,2025-10-23 21:46:44,Sports Fixture,J012,Koramangala Sony World,40302,Weekday,False,Clear,False,0.0,False,False,0.579,High,20.2,39.4,157.5,0.108,0.248,0.956,Moderate traffic flow - standard adaptive signal timing in effect
EVT404923,2025-12-11 17:17:11,Local Market Day,J031,Cubbon Road,5992,Weekday,False,Clear,False,0.0,False,False,0.804,Severe,17.6,62.2,290.6,0.193,0.445,0.961,Heavy congestion detected - signal timing extended and reroute suggested
EVT404924,2026-06-12 11:43:45,Local Market Day,J030,MG Road,4239,Weekday,False,Clear,False,0.0,False,False,0.324,Low,31.8,22.0,73.0,0.054,0.126,0.959,Moderate traffic flow - standard adaptive signal timing in effect
EVT404925,2025-03-29 16:17:56,Local Market Day,J011,Indiranagar 100ft Road,6278,Weekend,False,Clear,False,0.0,False,False,0.412,Moderate,28.5,24.3,154.3,0.146,0.337,0.978,Moderate traffic flow - standard adaptive signal timing in effect
EVT404926,2025-02-12 12:41:29,Local Market Day,J012,Koramangala Sony World,5117,Weekday,False,Clear,False,0.0,False,False,0.196,Low,34.8,9.8,189.0,0.178,0.412,0.957,Normal free-flow traffic - standard signal timing maintained
EVT404927,2025-01-23 14:05:57,Sports Fixture,J030,MG Road,20551,Weekday,False,Clear,False,0.0,False,False,0.25,Low,34.3,17.4,56.1,0.06,0.139,0.979,Normal free-flow traffic - standard signal timing maintained
EVT404928,2025-08-13 13:20:38,Concert,J031,Cubbon Road,12599,Weekday,False,Clear,False,0.0,False,False,0.214,Low,27.8,15.3,173.3,0.125,0.288,0.95,Normal free-flow traffic - standard signal timing maintained
EVT404929,2025-05-12 18:31:16,Local Market Day,J020,Malleshwaram Circle,3069,Weekday,False,Clear,False,0.0,False,False,1.0,Severe,9.2,77.2,499.8,0.191,0.44,0.895,Heavy congestion detected - signal timing extended and reroute suggested
EVT404930,2025-06-19 10:27:45,Concert,J012,Koramangala Sony World,14110,Weekday,False,Heavy Rain,True,33.2,False,False,0.953,Severe,9.5,65.0,544.7,0.186,0.43,0.848,Heavy rain reducing visibility and grip - reduced speed and longer buffer advised
EVT404931,2025-03-15 07:00:44,Religious Festival,J023,Basavanagudi,33422,Weekend,True,Clear,False,0.0,False,True,1.0,Severe,7.9,98.3,624.3,0.22,0.509,0.812,Road closure for event/procession - full detour recommended for through-traffic
EVT404932,2025-08-13 13:15:30,Concert,J023,Basavanagudi,6259,Weekday,False,Clear,False,0.0,False,False,0.251,Low,35.3,21.8,137.9,0.102,0.235,0.989,Moderate traffic flow - standard adaptive signal timing in effect
EVT404933,2025-03-20 05:27:35,Trade Fair,J023,Basavanagudi,11346,Weekday,False,Clear,False,0.0,False,False,0.264,Low,31.4,15.0,117.1,0.119,0.274,0.976,Moderate traffic flow - standard adaptive signal timing in effect
EVT404934,2026-05-27 21:50:49,Trade Fair,J023,Basavanagudi,6721,Weekday,False,Clear,False,0.0,False,False,0.268,Low,31.3,23.2,125.1,0.122,0.282,0.972,Moderate traffic flow - standard adaptive signal timing in effect
EVT404935,2025-09-03 22:40:50,Local Market Day,J011,Indiranagar 100ft Road,6314,Weekday,False,Clear,False,0.0,False,False,0.121,Low,32.3,8.7,125.0,0.121,0.279,0.966,Normal free-flow traffic - standard signal timing maintained
EVT404936,2025-03-27 15:19:18,Sports Fixture,J031,Cubbon Road,21380,Weekday,False,Clear,False,0.0,False,False,0.415,Moderate,27.8,31.6,239.0,0.204,0.471,0.959,Moderate traffic flow - standard adaptive signal timing in effect
EVT404937,2025-02-05 14:26:13,Sports Fixture,J040,City Market,14769,Weekday,False,Clear,False,0.0,False,False,0.277,Low,34.2,18.3,171.8,0.14,0.323,0.966,Moderate traffic flow - standard adaptive signal timing in effect
EVT404938,2025-02-19 18:54:35,Trade Fair,J009,Majestic,9046,Weekday,False,Clear,False,0.0,False,False,1.0,Severe,8.8,65.6,499.3,0.194,0.448,0.913,Heavy congestion detected - signal timing extended and reroute suggested
EVT404939,2025-08-27 17:27:22,Cultural Procession,J009,Majestic,15850,Weekday,True,Heavy Rain,True,25.7,False,False,1.0,Severe,8.9,79.6,678.9,0.233,0.538,0.806,Festival crowd surge detected - alternate route and extended cycle recommended
EVT404940,2025-06-16 17:54:06,Sports Fixture,J020,Malleshwaram Circle,21320,Weekday,False,Clear,False,0.0,False,False,0.985,Severe,8.5,74.4,486.1,0.183,0.423,0.905,Heavy congestion detected - signal timing extended and reroute suggested
EVT404941,2026-01-04 14:05:24,Sports Fixture,J031,Cubbon Road,19923,Weekend,False,Clear,False,0.0,False,False,0.325,Low,26.1,26.8,180.0,0.112,0.26,0.973,Moderate traffic flow - standard adaptive signal timing in effect
EVT404942,2025-03-23 06:37:16,Concert,J009,Majestic,9622,Weekend,False,Clear,False,0.0,False,False,0.385,Moderate,30.7,31.1,68.7,0.043,0.1,0.973,Moderate traffic flow - standard adaptive signal timing in effect
EVT404943,2025-04-15 19:22:42,Cultural Procession,J030,MG Road,21127,Weekday,True,Clear,False,0.0,False,True,1.0,Severe,8.3,97.7,825.8,0.293,0.676,0.851,Road closure for event/procession - full detour recommended for through-traffic
EVT404944,2026-05-04 17:45:09,Sports Fixture,J023,Basavanagudi,12582,Weekday,False,Clear,False,0.0,False,False,0.949,Severe,10.2,66.2,512.6,0.222,0.513,0.939,Heavy congestion detected - signal timing extended and reroute suggested
EVT404945,2026-01-02 14:43:23,Religious Festival,J023,Basavanagudi,65383,Weekday,True,Clear,False,0.0,True,True,1.0,Severe,7.6,97.1,608.8,0.202,0.467,0.638,Road closure for event/procession - full detour recommended for through-traffic
EVT404946,2025-02-23 12:09:49,Political Rally,J020,Malleshwaram Circle,19794,Weekend,False,Clear,False,0.0,False,False,0.384,Moderate,35.0,26.7,125.3,0.101,0.234,0.967,Moderate traffic flow - standard adaptive signal timing in effect
EVT404947,2026-05-22 15:21:07,Local Market Day,J031,Cubbon Road,4159,Weekday,False,Clear,False,0.0,False,False,0.202,Low,30.4,14.2,191.3,0.15,0.346,0.964,Normal free-flow traffic - standard signal timing maintained
EVT404948,2025-03-15 09:54:12,Religious Festival,J040,City Market,75428,Weekend,True,Clear,False,0.0,False,True,1.0,Severe,5.9,91.6,810.9,0.178,0.412,0.81,Road closure for event/procession - full detour recommended for through-traffic
EVT404949,2025-06-30 10:19:23,Sports Fixture,J012,Koramangala Sony World,14532,Weekday,False,Light Rain,True,6.7,False,False,0.871,Severe,10.4,64.7,353.0,0.157,0.363,0.911,Heavy rain reducing visibility and grip - reduced speed and longer buffer advised
EVT404950,2025-12-11 18:23:28,Concert,J031,Cubbon Road,10259,Weekday,False,Clear,False,0.0,False,False,1.0,Severe,7.3,72.3,459.6,0.14,0.324,0.896,Heavy congestion detected - signal timing extended and reroute suggested
EVT404951,2026-01-10 17:18:34,Political Rally,J009,Majestic,13999,Weekend,False,Clear,False,0.0,False,False,0.823,Severe,17.3,61.9,450.1,0.278,0.643,0.962,Heavy congestion detected - signal timing extended and reroute suggested
EVT404952,2026-03-29 13:18:58,Sports Fixture,J030,MG Road,32886,Weekend,False,Clear,False,0.0,False,False,0.426,Moderate,25.3,27.8,183.5,0.132,0.304,0.949,Moderate traffic flow - standard adaptive signal timing in effect
EVT404953,2025-09-18 03:56:03,Local Market Day,J023,Basavanagudi,3417,Weekday,False,Rain,True,24.7,False,False,0.497,Moderate,30.5,37.5,136.4,0.108,0.249,0.928,Light rain detected - minor speed reduction advised
EVT404954,2025-11-15 13:21:38,Political Rally,J020,Malleshwaram Circle,20279,Weekend,False,Clear,False,0.0,False,False,0.407,Moderate,32.6,31.5,91.0,0.064,0.147,0.962,Moderate traffic flow - standard adaptive signal timing in effect
EVT404955,2026-02-25 17:33:38,Sports Fixture,J023,Basavanagudi,18210,Weekday,False,Clear,False,0.0,False,False,0.87,Severe,11.5,69.5,292.5,0.14,0.323,0.936,Heavy congestion detected - signal timing extended and reroute suggested
EVT404956,2025-09-27 16:06:10,Trade Fair,J012,Koramangala Sony World,8696,Weekend,False,Light Rain,True,6.9,False,False,0.572,High,20.3,45.6,162.2,0.115,0.266,0.917,Heavy rain reducing visibility and grip - reduced speed and longer buffer advised
EVT404957,2025-05-25 17:50:16,Local Market Day,J011,Indiranagar 100ft Road,3731,Weekend,False,Clear,False,0.0,False,False,0.801,Severe,16.0,57.3,172.0,0.106,0.244,0.956,Heavy congestion detected - signal timing extended and reroute suggested
EVT404958,2026-01-27 12:30:42,Religious Festival,J040,City Market,33044,Weekday,True,Clear,False,0.0,False,True,0.682,Moderate,17.3,59.9,251.8,0.17,0.392,0.878,Road closure for event/procession - full detour recommended for through-traffic
EVT404959,2026-04-26 09:53:46,Trade Fair,J040,City Market,12242,Weekend,False,Clear,False,0.0,False,False,0.846,Severe,14.5,62.8,204.5,0.117,0.27,0.954,Heavy congestion detected - signal timing extended and reroute suggested
EVT404960,2026-06-05 18:49:41,Concert,J023,Basavanagudi,17944,Weekday,False,Rain,True,24.5,False,False,1.0,Severe,6.6,73.7,1068.2,0.293,0.676,0.883,Heavy rain reducing visibility and grip - reduced speed and longer buffer advised
EVT404961,2026-01-11 10:40:39,Sports Fixture,J031,Cubbon Road,38640,Weekend,False,Clear,False,0.0,False,False,0.681,High,19.1,45.7,345.0,0.21,0.485,0.953,Moderate traffic flow - standard adaptive signal timing in effect
EVT404962,2025-11-07 10:06:18,Local Market Day,J031,Cubbon Road,1272,Weekday,False,Clear,False,0.0,False,False,0.728,High,22.2,56.1,131.8,0.092,0.213,0.961,Moderate traffic flow - standard adaptive signal timing in effect
EVT404963,2026-04-25 16:58:21,Local Market Day,J030,MG Road,4492,Weekend,False,Clear,False,0.0,False,False,0.596,High,18.6,39.6,218.6,0.145,0.335,0.964,Moderate traffic flow - standard adaptive signal timing in effect
EVT404964,2025-06-20 10:41:59,Trade Fair,J023,Basavanagudi,9762,Weekday,False,Fog,False,0.0,False,False,0.526,Moderate,18.1,34.8,126.0,0.065,0.149,0.947,Moderate traffic flow - standard adaptive signal timing in effect
EVT404965,2025-01-18 15:58:08,Local Market Day,J009,Majestic,4965,Weekend,False,Clear,False,0.0,False,False,0.483,Moderate,26.7,36.8,197.9,0.15,0.346,0.981,Moderate traffic flow - standard adaptive signal timing in effect
EVT404966,2025-05-01 15:19:38,Religious Festival,J040,City Market,51904,Weekday,True,Light Rain,True,4.4,False,True,1.0,Severe,9.1,107.1,629.6,0.246,0.569,0.781,Road closure for event/procession - full detour recommended for through-traffic
EVT404967,2025-02-12 20:08:08,Local Market Day,J011,Indiranagar 100ft Road,6339,Weekday,False,Clear,False,0.0,False,False,0.65,High,20.9,43.6,330.1,0.234,0.54,0.98,Moderate traffic flow - standard adaptive signal timing in effect
EVT404968,2026-01-25 21:11:26,Trade Fair,J040,City Market,4411,Weekend,False,Clear,False,0.0,False,False,0.403,Moderate,23.9,32.2,314.1,0.254,0.586,0.934,Moderate traffic flow - standard adaptive signal timing in effect
EVT404969,2025-02-15 13:52:06,Concert,J040,City Market,15426,Weekend,False,Clear,False,0.0,False,False,0.309,Low,26.6,16.5,223.9,0.158,0.365,0.953,Moderate traffic flow - standard adaptive signal timing in effect
EVT404970,2026-03-31 15:49:29,Local Market Day,J023,Basavanagudi,2661,Weekday,False,Clear,False,0.0,False,False,0.366,Moderate,30.2,25.5,194.6,0.182,0.421,0.939,Moderate traffic flow - standard adaptive signal timing in effect
EVT404971,2025-10-09 06:34:39,Concert,J009,Majestic,9423,Weekday,False,Heavy Rain,True,60.5,False,False,0.754,Severe,17.9,58.0,319.8,0.172,0.397,0.904,Heavy rain reducing visibility and grip - reduced speed and longer buffer advised
EVT404972,2025-11-14 21:29:02,Concert,J020,Malleshwaram Circle,10504,Weekday,False,Clear,False,0.0,False,False,0.366,Moderate,25.3,32.7,122.4,0.069,0.16,0.971,Moderate traffic flow - standard adaptive signal timing in effect
EVT404973,2025-05-02 11:49:34,Religious Festival,J031,Cubbon Road,36832,Weekday,True,Clear,False,0.0,False,True,0.755,High,20.1,77.1,268.0,0.162,0.373,0.891,Road closure for event/procession - full detour recommended for through-traffic
EVT404974,2025-06-19 10:48:03,Concert,J009,Majestic,12349,Weekday,False,Rain,True,17.5,False,False,0.748,High,16.9,58.8,318.5,0.177,0.408,0.904,Heavy rain reducing visibility and grip - reduced speed and longer buffer advised
EVT404975,2026-01-27 16:17:47,Religious Festival,J020,Malleshwaram Circle,52574,Weekday,True,Clear,False,0.0,False,True,1.0,Severe,8.3,105.3,281.6,0.118,0.273,0.854,Road closure for event/procession - full detour recommended for through-traffic
EVT404976,2025-01-27 06:59:42,Cultural Procession,J009,Majestic,15134,Weekday,True,Clear,False,0.0,False,False,0.75,Severe,16.3,53.6,330.5,0.185,0.427,0.923,Festival crowd surge detected - alternate route and extended cycle recommended
EVT404977,2025-04-20 15:08:39,Concert,J031,Cubbon Road,9335,Weekend,False,Clear,False,0.0,False,False,0.332,Low,26.7,21.3,145.9,0.112,0.259,0.955,Moderate traffic flow - standard adaptive signal timing in effect
EVT404978,2025-05-14 17:33:49,Local Market Day,J031,Cubbon Road,3505,Weekday,False,Clear,False,0.0,False,False,0.896,Severe,9.4,63.8,803.5,0.316,0.729,0.932,Heavy congestion detected - signal timing extended and reroute suggested
EVT404979,2026-01-05 11:17:00,Local Market Day,J023,Basavanagudi,2260,Weekday,False,Clear,False,0.0,False,False,0.37,Moderate,28.6,24.1,120.7,0.079,0.183,0.964,Moderate traffic flow - standard adaptive signal timing in effect
EVT404980,2026-04-29 15:51:34,Concert,J031,Cubbon Road,6340,Weekday,False,Clear,False,0.0,False,False,0.432,Moderate,24.1,35.3,168.2,0.12,0.278,0.98,Moderate traffic flow - standard adaptive signal timing in effect
EVT404981,2026-05-19 14:11:37,Local Market Day,J031,Cubbon Road,5340,Weekday,False,Rain,True,19.8,False,False,0.37,Moderate,22.2,27.7,136.3,0.091,0.211,0.92,Light rain detected - minor speed reduction advised
EVT404982,2025-02-03 20:19:32,Political Rally,J040,City Market,24987,Weekday,False,Clear,False,0.0,False,False,0.728,High,13.7,54.2,386.2,0.174,0.402,0.97,Moderate traffic flow - standard adaptive signal timing in effect
EVT404983,2026-06-22 09:34:21,Sports Fixture,J031,Cubbon Road,23499,Weekday,False,Clear,False,0.0,False,False,0.959,Severe,12.5,60.6,518.9,0.26,0.6,0.916,Heavy congestion detected - signal timing extended and reroute suggested
EVT404984,2025-07-23 01:34:40,Concert,J040,City Market,20000,Weekday,False,Clear,False,0.0,False,False,0.268,Low,31.3,18.5,51.0,0.04,0.092,0.969,Moderate traffic flow - standard adaptive signal timing in effect
EVT404985,2026-02-16 09:48:42,Political Rally,J011,Indiranagar 100ft Road,8324,Weekday,False,Clear,False,0.0,False,False,0.919,Severe,13.3,67.0,285.0,0.132,0.305,0.935,Heavy congestion detected - signal timing extended and reroute suggested
EVT404986,2025-01-27 08:03:35,Religious Festival,J031,Cubbon Road,57920,Weekday,True,Clear,False,0.0,False,False,1.0,Severe,9.8,71.4,351.1,0.159,0.368,0.862,Festival crowd surge detected - alternate route and extended cycle recommended
EVT404987,2025-01-14 21:50:58,Cultural Procession,J009,Majestic,14044,Weekday,True,Clear,False,0.0,False,True,0.639,Moderate,17.6,65.4,374.8,0.227,0.525,0.894,Road closure for event/procession - full detour recommended for through-traffic
EVT404988,2026-02-10 10:21:51,Trade Fair,J040,City Market,10640,Weekday,False,Clear,False,0.0,False,False,0.801,Severe,13.9,49.4,485.5,0.227,0.525,0.974,Heavy congestion detected - signal timing extended and reroute suggested
EVT404989,2025-12-15 21:39:05,Trade Fair,J023,Basavanagudi,8962,Weekday,False,Clear,False,0.0,False,False,0.316,Low,34.3,27.8,139.8,0.134,0.31,0.945,Moderate traffic flow - standard adaptive signal timing in effect
EVT404990,2025-08-22 19:02:54,Trade Fair,J012,Koramangala Sony World,10248,Weekday,False,Rain,True,18.1,False,False,1.0,Severe,8.6,78.1,448.3,0.163,0.376,0.859,Heavy rain reducing visibility and grip - reduced speed and longer buffer advised
EVT404991,2025-07-31 15:15:25,Political Rally,J011,Indiranagar 100ft Road,23299,Weekday,False,Clear,False,0.0,False,False,0.388,Moderate,31.1,24.4,175.6,0.148,0.341,0.94,Moderate traffic flow - standard adaptive signal timing in effect
EVT404992,2025-05-12 06:11:18,Political Rally,J009,Majestic,13165,Weekday,False,Clear,False,0.0,False,False,0.325,Low,28.5,21.4,184.3,0.14,0.324,0.969,Moderate traffic flow - standard adaptive signal timing in effect
EVT404993,2025-03-30 15:38:48,Religious Festival,J009,Majestic,22448,Weekend,True,Clear,False,0.0,False,False,0.716,High,16.3,53.8,298.4,0.164,0.379,0.878,Festival crowd surge detected - alternate route and extended cycle recommended
EVT404994,2026-03-08 06:07:26,Local Market Day,J009,Majestic,2811,Weekend,False,Clear,False,0.0,False,False,0.321,Low,33.7,22.9,117.7,0.128,0.296,0.943,Moderate traffic flow - standard adaptive signal timing in effect
EVT404995,2025-01-06 18:24:35,Local Market Day,J040,City Market,3752,Weekday,False,Clear,False,0.0,False,False,0.999,Severe,9.5,67.6,681.4,0.238,0.55,0.918,Heavy congestion detected - signal timing extended and reroute suggested
EVT404996,2025-11-13 14:19:25,Trade Fair,J030,MG Road,5708,Weekday,False,Clear,False,0.0,False,False,0.249,Low,29.0,18.5,139.2,0.1,0.231,0.986,Normal free-flow traffic - standard signal timing maintained
EVT404997,2026-01-19 20:58:08,Trade Fair,J030,MG Road,10128,Weekday,False,Fog,False,0.0,False,False,0.467,Moderate,21.9,33.2,231.0,0.14,0.324,0.935,Moderate traffic flow - standard adaptive signal timing in effect
EVT404998,2025-11-27 12:31:25,Local Market Day,J012,Koramangala Sony World,6323,Weekday,False,Clear,False,0.0,False,False,0.209,Low,37.1,15.5,105.0,0.074,0.171,0.977,Normal free-flow traffic - standard signal timing maintained
EVT404999,2025-10-26 20:18:23,Concert,J011,Indiranagar 100ft Road,15419,Weekend,False,Clear,False,0.0,False,False,0.653,High,21.6,38.8,125.7,0.091,0.21,0.983,Moderate traffic flow - standard adaptive signal timing in effect
EVT405000,2025-11-29 17:37:51,Local Market Day,J011,Indiranagar 100ft Road,7615,Weekend,False,Clear,False,0.0,False,False,0.828,Severe,14.3,60.2,372.3,0.19,0.439,0.956,Heavy congestion detected - signal timing extended and reroute suggested
EVT405001,2026-02-13 18:43:32,Local Market Day,J023,Basavanagudi,4594,Weekday,False,Clear,False,0.0,False,False,0.994,Severe,10.2,75.1,476.9,0.202,0.467,0.91,Heavy congestion detected - signal timing extended and reroute suggested
EVT405002,2025-07-28 16:08:33,Concert,J020,Malleshwaram Circle,11801,Weekday,False,Rain,True,10.5,False,False,0.629,High,19.0,47.8,253.1,0.13,0.299,0.912,Heavy rain reducing visibility and grip - reduced speed and longer buffer advised
EVT405003,2025-03-08 09:41:54,Sports Fixture,J009,Majestic,26476,Weekend,False,Fog,False,0.0,False,False,0.895,Severe,9.8,60.7,224.2,0.087,0.2,0.899,Heavy congestion detected - signal timing extended and reroute suggested
EVT405004,2025-02-20 16:43:12,Political Rally,J030,MG Road,13724,Weekday,False,Clear,False,0.0,False,False,0.673,High,15.5,47.2,233.2,0.139,0.321,0.983,Moderate traffic flow - standard adaptive signal timing in effect
EVT405005,2025-01-04 10:44:38,Concert,J030,MG Road,17525,Weekend,False,Clear,False,0.0,False,False,0.583,High,22.3,36.6,141.2,0.086,0.199,0.973,Moderate traffic flow - standard adaptive signal timing in effect
EVT405006,2026-03-12 06:13:04,Concert,J009,Majestic,7525,Weekday,False,Fog,False,0.0,False,False,0.278,Low,32.3,25.4,126.1,0.104,0.24,0.957,Moderate traffic flow - standard adaptive signal timing in effect
EVT405007,2025-08-14 16:40:46,Trade Fair,J030,MG Road,9745,Weekday,False,Clear,False,0.0,False,False,0.613,High,22.9,41.3,89.7,0.063,0.145,0.951,Moderate traffic flow - standard adaptive signal timing in effect
EVT405008,2025-02-19 07:28:50,Concert,J009,Majestic,21623,Weekday,False,Clear,False,0.0,False,False,0.736,High,16.0,53.3,331.0,0.198,0.458,0.981,Moderate traffic flow - standard adaptive signal timing in effect
EVT405009,2025-04-22 12:57:17,Concert,J012,Koramangala Sony World,17505,Weekday,False,Rain,True,13.2,False,False,0.398,Moderate,27.9,27.8,68.6,0.061,0.142,0.939,Light rain detected - minor speed reduction advised
EVT405010,2026-05-31 08:38:04,Local Market Day,J011,Indiranagar 100ft Road,4058,Weekend,False,Rain,True,13.7,False,False,1.0,Severe,9.0,72.8,689.9,0.241,0.557,0.866,Heavy rain reducing visibility and grip - reduced speed and longer buffer advised
EVT405011,2026-04-05 15:14:32,Local Market Day,J040,City Market,3808,Weekend,False,Clear,False,0.0,False,False,0.303,Low,34.6,24.3,142.0,0.147,0.34,0.962,Moderate traffic flow - standard adaptive signal timing in effect
EVT405012,2026-04-02 13:07:17,Local Market Day,J011,Indiranagar 100ft Road,5864,Weekday,False,Clear,False,0.0,False,False,0.145,Low,38.2,6.5,72.7,0.082,0.189,0.987,Normal free-flow traffic - standard signal timing maintained
EVT405013,2026-01-17 20:35:56,Political Rally,J040,City Market,29322,Weekend,False,Clear,False,0.0,False,False,0.671,High,21.9,50.3,107.0,0.067,0.155,0.982,Moderate traffic flow - standard adaptive signal timing in effect
EVT405014,2026-01-09 06:46:40,Local Market Day,J011,Indiranagar 100ft Road,6716,Weekday,False,Clear,False,0.0,False,False,0.444,Moderate,26.9,34.2,127.9,0.088,0.204,0.978,Moderate traffic flow - standard adaptive signal timing in effect
EVT405015,2025-08-18 06:08:00,Local Market Day,J012,Koramangala Sony World,7453,Weekday,False,Clear,False,0.0,False,False,0.307,Low,32.5,26.3,186.3,0.175,0.405,0.966,Moderate traffic flow - standard adaptive signal timing in effect
EVT405016,2026-06-13 20:06:49,Sports Fixture,J009,Majestic,27609,Weekend,False,Heavy Rain,True,38.9,False,False,1.0,Severe,7.6,69.7,399.2,0.143,0.331,0.871,Heavy rain reducing visibility and grip - reduced speed and longer buffer advised
EVT405017,2025-09-08 09:58:17,Trade Fair,J012,Koramangala Sony World,7807,Weekday,False,Fog,False,0.0,False,False,0.76,Severe,18.0,49.6,283.9,0.189,0.436,0.947,Heavy congestion detected - signal timing extended and reroute suggested
EVT405018,2025-08-02 06:05:20,Local Market Day,J023,Basavanagudi,2142,Weekend,False,Rain,True,17.0,False,False,0.501,Moderate,27.9,36.9,117.5,0.099,0.228,0.91,Light rain detected - minor speed reduction advised
EVT405019,2025-08-20 14:08:46,Trade Fair,J023,Basavanagudi,9311,Weekday,False,Clear,False,0.0,False,False,0.235,Low,31.1,16.5,138.7,0.096,0.222,0.928,Normal free-flow traffic - standard signal timing maintained
EVT405020,2025-05-19 18:16:51,Local Market Day,J030,MG Road,5194,Weekday,False,Clear,False,0.0,False,False,1.0,Severe,9.1,72.6,478.0,0.161,0.372,0.927,Heavy congestion detected - signal timing extended and reroute suggested
EVT405021,2025-02-21 09:40:05,Political Rally,J020,Malleshwaram Circle,19986,Weekday,False,Clear,False,0.0,False,False,1.0,Severe,7.7,70.9,441.5,0.149,0.344,0.917,Heavy congestion detected - signal timing extended and reroute suggested
EVT405022,2025-01-17 16:43:04,Sports Fixture,J023,Basavanagudi,48711,Weekday,False,Clear,False,0.0,False,False,0.88,Severe,11.4,59.3,380.8,0.179,0.414,0.977,Heavy congestion detected - signal timing extended and reroute suggested
EVT405023,2025-06-18 17:30:12,Concert,J023,Basavanagudi,10067,Weekday,False,Heavy Rain,True,44.8,False,False,1.0,Severe,7.7,73.0,721.2,0.241,0.558,0.875,Heavy rain reducing visibility and grip - reduced speed and longer buffer advised
EVT405024,2025-10-21 15:47:01,Religious Festival,J012,Koramangala Sony World,47814,Weekday,True,Clear,False,0.0,False,False,0.806,Severe,17.0,54.4,264.3,0.157,0.362,0.902,Festival crowd surge detected - alternate route and extended cycle recommended
EVT405025,2025-07-31 09:40:53,Political Rally,J020,Malleshwaram Circle,20548,Weekday,False,Light Rain,True,5.7,False,False,1.0,Severe,9.6,68.5,461.1,0.173,0.4,0.877,Heavy rain reducing visibility and grip - reduced speed and longer buffer advised
EVT405026,2025-05-19 22:48:23,Concert,J012,Koramangala Sony World,5013,Weekday,False,Clear,False,0.0,False,False,0.21,Low,32.3,13.7,174.0,0.149,0.344,0.964,Normal free-flow traffic - standard signal timing maintained
EVT405027,2026-05-19 19:36:47,Political Rally,J020,Malleshwaram Circle,20077,Weekday,False,Rain,True,8.2,False,False,1.0,Severe,9.6,72.9,454.7,0.189,0.436,0.861,Heavy rain reducing visibility and grip - reduced speed and longer buffer advised
EVT405028,2025-10-01 19:12:16,Sports Fixture,J009,Majestic,23351,Weekday,False,Clear,False,0.0,False,False,1.0,Severe,8.8,72.4,647.8,0.233,0.537,0.928,Heavy congestion detected - signal timing extended and reroute suggested
EVT405029,2025-09-23 16:36:43,Sports Fixture,J012,Koramangala Sony World,14393,Weekday,False,Clear,False,0.0,False,False,0.648,High,16.7,46.0,411.3,0.216,0.499,0.97,Moderate traffic flow - standard adaptive signal timing in effect
EVT405030,2025-07-19 01:48:06,Local Market Day,J009,Majestic,3608,Weekend,False,Rain,True,16.0,False,False,0.399,Moderate,30.9,32.1,185.8,0.196,0.452,0.889,Light rain detected - minor speed reduction advised
EVT405031,2026-06-24 08:59:14,Concert,J020,Malleshwaram Circle,14569,Weekday,False,Heavy Rain,True,27.7,False,False,1.0,Severe,7.2,67.6,269.6,0.093,0.216,0.867,Heavy rain reducing visibility and grip - reduced speed and longer buffer advised
EVT405032,2026-04-04 19:25:37,Trade Fair,J030,MG Road,12724,Weekend,False,Clear,False,0.0,False,False,0.819,Severe,13.7,57.5,395.8,0.208,0.48,0.955,Heavy congestion detected - signal timing extended and reroute suggested
EVT405033,2026-05-21 16:07:52,Trade Fair,J011,Indiranagar 100ft Road,8860,Weekday,False,Clear,False,0.0,False,False,0.44,Moderate,28.2,32.6,112.4,0.097,0.224,0.952,Moderate traffic flow - standard adaptive signal timing in effect
EVT405034,2025-10-24 07:38:55,Local Market Day,J030,MG Road,5274,Weekday,False,Rain,True,16.3,False,False,0.811,Severe,13.4,60.2,326.4,0.167,0.386,0.916,Heavy rain reducing visibility and grip - reduced speed and longer buffer advised
EVT405035,2026-03-13 08:18:16,Concert,J011,Indiranagar 100ft Road,10689,Weekday,False,Clear,False,0.0,False,False,0.976,Severe,9.6,69.0,417.3,0.173,0.399,0.91,Heavy congestion detected - signal timing extended and reroute suggested
EVT405036,2025-03-17 18:49:32,Local Market Day,J040,City Market,3568,Weekday,False,Light Rain,True,3.6,False,False,1.0,Severe,9.2,74.6,677.3,0.249,0.574,0.862,Heavy rain reducing visibility and grip - reduced speed and longer buffer advised
EVT405037,2026-02-26 23:26:45,Sports Fixture,J012,Koramangala Sony World,30220,Weekday,False,Clear,False,0.0,False,False,0.332,Low,27.7,25.8,198.0,0.173,0.398,0.969,Moderate traffic flow - standard adaptive signal timing in effect
EVT405038,2025-07-03 06:08:10,Trade Fair,J011,Indiranagar 100ft Road,8296,Weekday,False,Rain,True,10.7,False,False,0.342,Low,22.6,20.6,156.3,0.114,0.262,0.911,Light rain detected - minor speed reduction advised
EVT405039,2025-12-28 10:04:33,Trade Fair,J040,City Market,11975,Weekend,False,Clear,False,0.0,False,False,0.758,Severe,12.9,45.0,176.1,0.088,0.204,0.971,Heavy congestion detected - signal timing extended and reroute suggested
EVT405040,2025-05-23 13:51:58,Concert,J009,Majestic,14504,Weekday,False,Clear,False,0.0,False,False,0.273,Low,30.5,18.6,86.7,0.078,0.181,0.976,Moderate traffic flow - standard adaptive signal timing in effect
EVT405041,2026-05-30 20:54:35,Concert,J009,Majestic,6738,Weekend,False,Clear,False,0.0,False,False,0.39,Moderate,22.5,21.7,215.9,0.147,0.34,0.966,Moderate traffic flow - standard adaptive signal timing in effect
EVT405042,2025-02-08 08:22:52,Trade Fair,J011,Indiranagar 100ft Road,3908,Weekend,False,Clear,False,0.0,False,False,0.76,Severe,14.8,52.3,433.2,0.218,0.503,0.96,Heavy congestion detected - signal timing extended and reroute suggested
EVT405043,2025-06-08 08:48:08,Sports Fixture,J031,Cubbon Road,27229,Weekend,False,Light Rain,True,1.3,False,False,0.981,Severe,8.5,70.8,617.5,0.223,0.515,0.855,Heavy rain reducing visibility and grip - reduced speed and longer buffer advised
EVT405044,2025-08-24 18:47:22,Concert,J009,Majestic,5645,Weekend,False,Clear,False,0.0,False,False,0.921,Severe,13.5,66.1,250.6,0.117,0.27,0.93,Heavy congestion detected - signal timing extended and reroute suggested
EVT405045,2026-03-02 07:41:20,Trade Fair,J030,MG Road,8032,Weekday,False,Clear,False,0.0,True,False,1.0,Severe,8.6,76.2,864.1,0.292,0.676,0.766,Accident detected nearby - reroute and reduced speed advised
EVT405046,2026-02-19 06:19:22,Local Market Day,J012,Koramangala Sony World,3987,Weekday,False,Clear,False,0.0,False,False,0.267,Low,31.3,20.1,91.0,0.064,0.149,0.978,Moderate traffic flow - standard adaptive signal timing in effect
EVT405047,2025-01-31 17:46:57,Concert,J011,Indiranagar 100ft Road,7921,Weekday,False,Clear,False,0.0,False,False,0.946,Severe,8.5,62.4,508.7,0.169,0.391,0.929,Heavy congestion detected - signal timing extended and reroute suggested
EVT405048,2025-09-04 21:12:05,Concert,J011,Indiranagar 100ft Road,11895,Weekday,False,Clear,False,0.0,False,False,0.464,Moderate,23.7,33.6,261.5,0.178,0.412,0.981,Moderate traffic flow - standard adaptive signal timing in effect
EVT405049,2026-05-21 07:32:41,Sports Fixture,J023,Basavanagudi,25257,Weekday,False,Fog,False,0.0,False,False,0.744,High,19.4,54.5,369.0,0.235,0.543,0.96,Moderate traffic flow - standard adaptive signal timing in effect
EVT405050,2025-05-01 08:35:45,Cultural Procession,J011,Indiranagar 100ft Road,21828,Weekday,True,Clear,False,0.0,False,True,1.0,Severe,7.8,93.2,318.3,0.108,0.25,0.843,Road closure for event/procession - full detour recommended for through-traffic
EVT405051,2026-06-08 12:48:51,Local Market Day,J011,Indiranagar 100ft Road,1375,Weekday,False,Light Rain,True,6.6,False,False,0.245,Low,31.6,16.6,89.1,0.08,0.185,0.886,Light rain detected - minor speed reduction advised
EVT405052,2026-04-17 10:02:42,Trade Fair,J031,Cubbon Road,18162,Weekday,False,Clear,False,0.0,False,False,0.924,Severe,11.6,66.9,391.4,0.172,0.396,0.947,Heavy congestion detected - signal timing extended and reroute suggested
EVT405053,2025-03-23 22:37:00,Trade Fair,J009,Majestic,6976,Weekend,False,Clear,False,0.0,False,False,0.307,Low,27.3,20.8,126.8,0.084,0.195,0.961,Moderate traffic flow - standard adaptive signal timing in effect
EVT405054,2025-04-23 13:36:58,Local Market Day,J009,Majestic,2878,Weekday,False,Clear,False,0.0,False,False,0.212,Low,35.1,8.1,66.7,0.068,0.158,0.968,Normal free-flow traffic - standard signal timing maintained
EVT405055,2026-06-04 19:27:52,Trade Fair,J030,MG Road,15666,Weekday,False,Heavy Rain,True,46.0,True,False,1.0,Severe,8.2,68.4,240.5,0.09,0.208,0.706,Accident detected nearby - reroute and reduced speed advised
EVT405056,2025-11-18 16:57:59,Sports Fixture,J023,Basavanagudi,20253,Weekday,False,Clear,False,0.0,False,False,0.791,Severe,15.7,58.0,369.1,0.188,0.433,0.957,Heavy congestion detected - signal timing extended and reroute suggested
EVT405057,2026-03-29 16:37:05,Local Market Day,J012,Koramangala Sony World,8904,Weekend,False,Clear,False,0.0,False,False,0.557,High,25.4,42.4,257.7,0.197,0.456,0.95,Moderate traffic flow - standard adaptive signal timing in effect
EVT405058,2026-04-22 14:07:04,Local Market Day,J040,City Market,3335,Weekday,False,Clear,False,0.0,False,False,0.212,Low,32.4,19.3,167.4,0.152,0.351,0.957,Normal free-flow traffic - standard signal timing maintained
EVT405059,2026-05-31 14:23:36,Trade Fair,J012,Koramangala Sony World,5395,Weekend,False,Fog,False,0.0,False,False,0.364,Moderate,29.3,23.9,145.4,0.118,0.272,0.96,Moderate traffic flow - standard adaptive signal timing in effect
EVT405060,2025-08-26 10:43:27,Local Market Day,J011,Indiranagar 100ft Road,7790,Weekday,False,Clear,False,0.0,False,False,0.628,High,20.9,42.4,343.8,0.249,0.576,0.989,Moderate traffic flow - standard adaptive signal timing in effect
EVT405061,2025-02-27 12:03:00,Local Market Day,J031,Cubbon Road,7594,Weekday,False,Clear,False,0.0,False,False,0.177,Low,40.9,15.2,108.7,0.119,0.274,0.972,Normal free-flow traffic - standard signal timing maintained
EVT405062,2026-02-07 20:48:59,Sports Fixture,J012,Koramangala Sony World,34073,Weekend,False,Clear,False,0.0,False,False,0.622,High,18.5,35.3,284.1,0.15,0.346,0.965,Moderate traffic flow - standard adaptive signal timing in effect
EVT405063,2025-02-04 07:58:45,Trade Fair,J031,Cubbon Road,18683,Weekday,False,Clear,False,0.0,False,False,0.832,Severe,14.2,59.2,637.7,0.301,0.696,0.949,Heavy congestion detected - signal timing extended and reroute suggested
EVT405064,2025-07-09 00:56:47,Trade Fair,J020,Malleshwaram Circle,4139,Weekday,False,Clear,False,0.0,False,False,0.161,Low,42.1,8.7,202.4,0.218,0.505,0.944,Normal free-flow traffic - standard signal timing maintained
EVT405065,2026-01-16 19:04:09,Concert,J040,City Market,12499,Weekday,False,Clear,False,0.0,False,False,1.0,Severe,6.0,73.1,939.0,0.222,0.513,0.912,Heavy congestion detected - signal timing extended and reroute suggested
EVT405066,2025-01-23 18:20:12,Concert,J011,Indiranagar 100ft Road,14649,Weekday,False,Clear,False,0.0,False,False,1.0,Severe,8.8,70.9,653.1,0.223,0.515,0.905,Heavy congestion detected - signal timing extended and reroute suggested
EVT405067,2025-05-24 16:08:22,Concert,J030,MG Road,18052,Weekend,False,Rain,True,9.1,False,False,0.603,High,18.5,41.1,226.8,0.123,0.285,0.906,Heavy rain reducing visibility and grip - reduced speed and longer buffer advised
EVT405068,2025-08-24 10:52:06,Sports Fixture,J031,Cubbon Road,15663,Weekend,False,Clear,False,0.0,False,False,0.533,Moderate,20.5,31.8,120.6,0.099,0.228,0.969,Moderate traffic flow - standard adaptive signal timing in effect
EVT405069,2026-01-25 17:17:36,Concert,J012,Koramangala Sony World,18518,Weekend,False,Clear,False,0.0,False,False,0.895,Severe,12.9,70.3,423.2,0.212,0.489,0.936,Heavy congestion detected - signal timing extended and reroute suggested
EVT405070,2025-07-25 16:24:11,Sports Fixture,J040,City Market,24733,Weekday,False,Heavy Rain,True,29.3,False,False,0.926,Severe,11.6,64.5,287.4,0.122,0.281,0.895,Heavy rain reducing visibility and grip - reduced speed and longer buffer advised
EVT405071,2025-03-09 17:27:46,Concert,J031,Cubbon Road,13177,Weekend,False,Clear,False,0.0,False,False,0.837,Severe,16.0,51.2,487.0,0.258,0.597,0.928,Heavy congestion detected - signal timing extended and reroute suggested
EVT405072,2025-01-24 14:36:57,Concert,J011,Indiranagar 100ft Road,9855,Weekday,False,Fog,False,0.0,False,False,0.221,Low,24.5,11.7,279.1,0.173,0.4,0.943,Normal free-flow traffic - standard signal timing maintained
EVT405073,2025-01-12 16:32:31,Concert,J009,Majestic,10680,Weekend,False,Clear,False,0.0,False,False,0.593,High,25.1,42.3,223.9,0.149,0.343,0.946,Moderate traffic flow - standard adaptive signal timing in effect
EVT405074,2025-11-12 12:40:07,Local Market Day,J011,Indiranagar 100ft Road,6305,Weekday,False,Clear,False,0.0,False,False,0.247,Low,32.9,19.0,89.2,0.086,0.198,0.952,Normal free-flow traffic - standard signal timing maintained
EVT405075,2026-02-23 12:11:42,Local Market Day,J009,Majestic,4149,Weekday,False,Clear,False,0.0,False,False,0.273,Low,32.6,17.5,173.1,0.167,0.387,0.969,Moderate traffic flow - standard adaptive signal timing in effect
EVT405076,2025-07-14 05:12:09,Sports Fixture,J040,City Market,18100,Weekday,False,Clear,False,0.0,False,False,0.304,Low,24.7,19.1,160.6,0.103,0.237,0.969,Moderate traffic flow - standard adaptive signal timing in effect
EVT405077,2025-08-14 16:08:04,Trade Fair,J040,City Market,5745,Weekday,False,Clear,False,0.0,False,False,0.495,Moderate,25.3,38.7,116.0,0.093,0.215,0.961,Moderate traffic flow - standard adaptive signal timing in effect
EVT405078,2025-12-15 19:51:13,Trade Fair,J030,MG Road,8903,Weekday,False,Clear,False,0.0,False,False,0.813,Severe,15.3,57.9,200.2,0.111,0.256,0.919,Heavy congestion detected - signal timing extended and reroute suggested
EVT405079,2026-04-07 07:51:45,Local Market Day,J011,Indiranagar 100ft Road,3801,Weekday,False,Clear,False,0.0,False,False,0.798,Severe,12.1,59.0,348.0,0.168,0.388,0.94,Heavy congestion detected - signal timing extended and reroute suggested
EVT405080,2025-08-17 15:18:32,Trade Fair,J040,City Market,6216,Weekend,False,Heavy Rain,True,48.9,True,False,1.0,Severe,9.3,69.0,699.7,0.275,0.636,0.724,Accident detected nearby - reroute and reduced speed advised
EVT405081,2026-06-05 15:13:17,Concert,J031,Cubbon Road,11738,Weekday,False,Rain,True,11.7,False,False,0.475,Moderate,22.2,38.2,138.7,0.101,0.233,0.942,Light rain detected - minor speed reduction advised
EVT405082,2025-02-28 13:56:51,Local Market Day,J030,MG Road,3813,Weekday,False,Clear,False,0.0,False,False,0.142,Low,38.7,10.2,168.1,0.157,0.363,0.972,Normal free-flow traffic - standard signal timing maintained
EVT405083,2026-02-26 09:06:30,Concert,J030,MG Road,15115,Weekday,False,Clear,False,0.0,False,False,1.0,Severe,9.5,71.7,756.2,0.28,0.646,0.921,Heavy congestion detected - signal timing extended and reroute suggested
EVT405084,2025-06-18 11:21:38,Local Market Day,J020,Malleshwaram Circle,5187,Weekday,False,Rain,True,17.9,False,False,0.588,High,25.3,38.8,220.9,0.169,0.389,0.902,Heavy rain reducing visibility and grip - reduced speed and longer buffer advised
EVT405085,2025-05-20 17:52:29,Sports Fixture,J023,Basavanagudi,17605,Weekday,False,Clear,False,0.0,False,False,1.0,Severe,8.6,68.8,609.9,0.22,0.508,0.911,Heavy congestion detected - signal timing extended and reroute suggested
EVT405086,2025-09-02 18:29:06,Sports Fixture,J031,Cubbon Road,14669,Weekday,False,Clear,False,0.0,False,False,1.0,Severe,7.9,72.9,636.8,0.209,0.482,0.923,Heavy congestion detected - signal timing extended and reroute suggested
EVT405087,2025-07-27 17:24:33,Sports Fixture,J030,MG Road,18606,Weekend,False,Rain,True,18.8,False,False,1.0,Severe,8.9,74.2,403.3,0.151,0.349,0.873,Heavy rain reducing visibility and grip - reduced speed and longer buffer advised
EVT405088,2025-12-11 08:26:11,Political Rally,J030,MG Road,15911,Weekday,False,Light Rain,True,1.9,False,False,1.0,Severe,9.8,72.0,565.8,0.214,0.495,0.891,Heavy rain reducing visibility and grip - reduced speed and longer buffer advised
EVT405089,2026-01-09 15:27:40,Local Market Day,J009,Majestic,4981,Weekday,False,Clear,False,0.0,False,False,0.362,Moderate,29.3,25.0,136.3,0.118,0.274,0.966,Moderate traffic flow - standard adaptive signal timing in effect
EVT405090,2026-03-21 17:47:59,Local Market Day,J020,Malleshwaram Circle,2409,Weekend,False,Clear,False,0.0,False,False,0.812,Severe,13.7,55.2,278.9,0.141,0.326,0.96,Heavy congestion detected - signal timing extended and reroute suggested
EVT405091,2025-02-17 15:16:54,Local Market Day,J011,Indiranagar 100ft Road,5417,Weekday,False,Clear,False,0.0,False,False,0.305,Low,32.9,18.1,146.4,0.147,0.339,0.946,Moderate traffic flow - standard adaptive signal timing in effect
EVT405092,2025-03-29 10:12:39,Political Rally,J023,Basavanagudi,10663,Weekend,False,Clear,False,0.0,False,False,0.679,High,19.8,42.4,143.3,0.069,0.16,0.951,Moderate traffic flow - standard adaptive signal timing in effect
EVT405093,2025-08-16 19:23:05,Religious Festival,J023,Basavanagudi,38178,Weekend,True,Clear,False,0.0,False,False,1.0,Severe,8.2,74.1,552.5,0.191,0.441,0.863,Festival crowd surge detected - alternate route and extended cycle recommended
EVT405094,2026-04-10 07:51:15,Sports Fixture,J030,MG Road,24336,Weekday,False,Clear,False,0.0,False,False,0.889,Severe,11.3,66.0,295.4,0.135,0.312,0.949,Heavy congestion detected - signal timing extended and reroute suggested
EVT405095,2026-01-23 17:17:48,Political Rally,J023,Basavanagudi,12230,Weekday,False,Clear,False,0.0,False,False,0.794,Severe,13.7,56.5,299.2,0.154,0.355,0.971,Heavy congestion detected - signal timing extended and reroute suggested
EVT405096,2025-03-11 07:29:20,Local Market Day,J011,Indiranagar 100ft Road,3432,Weekday,False,Clear,False,0.0,False,False,0.654,High,24.8,49.8,384.6,0.318,0.734,0.953,Moderate traffic flow - standard adaptive signal timing in effect
EVT405097,2026-05-22 20:16:24,Trade Fair,J009,Majestic,5493,Weekday,False,Clear,False,0.0,False,False,0.607,High,22.1,42.8,238.0,0.163,0.377,0.961,Moderate traffic flow - standard adaptive signal timing in effect
EVT405098,2025-05-26 07:23:26,Local Market Day,J009,Majestic,2462,Weekday,False,Clear,False,0.0,False,False,0.546,Moderate,20.9,37.2,221.1,0.135,0.311,0.99,Moderate traffic flow - standard adaptive signal timing in effect
EVT405099,2025-01-12 20:14:51,Political Rally,J009,Majestic,7393,Weekend,False,Clear,False,0.0,False,False,0.604,High,23.4,47.3,246.8,0.192,0.443,0.979,Moderate traffic flow - standard adaptive signal timing in effect
EVT405100,2026-05-22 20:50:41,Political Rally,J009,Majestic,12551,Weekday,False,Heavy Rain,True,33.0,False,False,0.804,Severe,16.2,64.1,464.2,0.271,0.626,0.929,Heavy rain reducing visibility and grip - reduced speed and longer buffer advised
EVT405101,2026-03-03 20:57:06,Sports Fixture,J012,Koramangala Sony World,21357,Weekday,False,Clear,False,0.0,False,False,0.573,High,26.2,42.9,216.9,0.163,0.377,0.966,Moderate traffic flow - standard adaptive signal timing in effect
EVT405102,2025-04-02 12:42:25,Concert,J012,Koramangala Sony World,10441,Weekday,False,Rain,True,10.0,False,False,0.362,Moderate,29.1,23.9,192.0,0.175,0.405,0.913,Light rain detected - minor speed reduction advised
EVT405103,2026-06-04 19:06:50,Sports Fixture,J011,Indiranagar 100ft Road,27310,Weekday,False,Rain,True,8.0,False,False,1.0,Severe,10.2,69.1,550.0,0.225,0.521,0.863,Heavy rain reducing visibility and grip - reduced speed and longer buffer advised
EVT405104,2026-01-27 07:25:36,Fireworks Display,J023,Basavanagudi,23372,Weekday,True,Clear,False,0.0,False,False,0.839,Severe,14.2,59.8,390.6,0.216,0.5,0.928,Festival crowd surge detected - alternate route and extended cycle recommended
EVT405105,2025-07-27 08:14:37,Concert,J012,Koramangala Sony World,28421,Weekend,False,Rain,True,17.4,False,False,1.0,Severe,7.9,69.9,658.5,0.209,0.483,0.895,Heavy rain reducing visibility and grip - reduced speed and longer buffer advised
EVT405106,2025-07-06 16:47:30,Political Rally,J031,Cubbon Road,14591,Weekend,False,Rain,True,14.2,False,False,0.831,Severe,14.9,63.2,316.5,0.181,0.417,0.91,Heavy rain reducing visibility and grip - reduced speed and longer buffer advised
EVT405107,2026-05-14 06:59:42,Local Market Day,J020,Malleshwaram Circle,6073,Weekday,False,Clear,False,0.0,False,False,0.412,Moderate,24.1,24.5,141.9,0.101,0.234,0.979,Moderate traffic flow - standard adaptive signal timing in effect
EVT405108,2026-05-21 20:29:55,Trade Fair,J023,Basavanagudi,9765,Weekday,False,Rain,True,10.8,False,False,0.748,High,19.0,50.9,234.8,0.139,0.32,0.911,Heavy rain reducing visibility and grip - reduced speed and longer buffer advised
EVT405109,2025-02-12 05:32:45,Trade Fair,J020,Malleshwaram Circle,9142,Weekday,False,Clear,False,0.0,False,False,0.205,Low,38.2,7.5,118.7,0.113,0.261,0.966,Normal free-flow traffic - standard signal timing maintained
EVT405110,2026-01-14 18:05:50,Fireworks Display,J030,MG Road,20053,Weekday,True,Clear,False,0.0,False,False,1.0,Severe,7.5,74.7,595.6,0.193,0.446,0.888,Festival crowd surge detected - alternate route and extended cycle recommended
EVT405111,2025-09-10 09:53:21,Trade Fair,J023,Basavanagudi,5379,Weekday,False,Clear,False,0.0,False,False,0.819,Severe,14.9,51.0,368.4,0.196,0.453,0.962,Heavy congestion detected - signal timing extended and reroute suggested
EVT405112,2026-04-02 07:25:13,Sports Fixture,J009,Majestic,24202,Weekday,False,Clear,False,0.0,False,False,0.732,High,21.9,57.2,174.4,0.121,0.279,0.984,Moderate traffic flow - standard adaptive signal timing in effect
EVT405113,2026-02-18 20:59:48,Local Market Day,J009,Majestic,5150,Weekday,False,Clear,False,0.0,True,False,0.795,Severe,13.9,54.8,202.9,0.114,0.262,0.804,Accident detected nearby - reroute and reduced speed advised
EVT405114,2025-04-21 19:52:55,Local Market Day,J023,Basavanagudi,7142,Weekday,False,Rain,True,19.4,False,False,1.0,Severe,8.9,76.8,619.7,0.236,0.545,0.87,Heavy rain reducing visibility and grip - reduced speed and longer buffer advised
EVT405115,2026-03-13 19:52:44,Trade Fair,J011,Indiranagar 100ft Road,9890,Weekday,False,Clear,False,0.0,False,False,0.79,Severe,13.7,50.0,220.1,0.117,0.269,0.942,Heavy congestion detected - signal timing extended and reroute suggested
EVT405116,2025-03-24 08:04:50,Political Rally,J031,Cubbon Road,10911,Weekday,False,Clear,False,0.0,False,False,0.914,Severe,12.6,70.3,353.4,0.174,0.402,0.926,Heavy congestion detected - signal timing extended and reroute suggested
EVT405117,2025-01-05 22:42:18,Local Market Day,J012,Koramangala Sony World,4647,Weekend,False,Clear,False,0.0,False,False,0.277,Low,24.1,25.4,158.8,0.122,0.282,0.93,Moderate traffic flow - standard adaptive signal timing in effect
EVT405118,2025-11-01 16:59:41,Cultural Procession,J023,Basavanagudi,10535,Weekend,True,Clear,False,0.0,False,True,1.0,Severe,8.7,99.5,704.3,0.27,0.624,0.838,Road closure for event/procession - full detour recommended for through-traffic
EVT405119,2025-01-10 09:23:55,Sports Fixture,J031,Cubbon Road,19819,Weekday,False,Clear,False,0.0,False,False,0.996,Severe,7.7,76.6,424.6,0.149,0.343,0.908,Heavy congestion detected - signal timing extended and reroute suggested
EVT405120,2026-06-17 07:34:14,Local Market Day,J009,Majestic,3242,Weekday,False,Heavy Rain,True,41.2,False,False,1.0,Severe,7.9,71.0,512.4,0.181,0.417,0.872,Heavy rain reducing visibility and grip - reduced speed and longer buffer advised
EVT405121,2025-06-06 09:16:16,Political Rally,J020,Malleshwaram Circle,12872,Weekday,False,Rain,True,21.2,False,False,1.0,Severe,7.7,77.4,648.3,0.209,0.482,0.895,Heavy rain reducing visibility and grip - reduced speed and longer buffer advised
EVT405122,2025-11-07 16:25:56,Concert,J011,Indiranagar 100ft Road,9689,Weekday,False,Clear,False,0.0,False,False,0.551,High,26.4,37.5,204.1,0.174,0.401,0.99,Moderate traffic flow - standard adaptive signal timing in effect
EVT405123,2026-06-23 09:39:59,Local Market Day,J009,Majestic,5130,Weekday,False,Heavy Rain,True,49.6,False,False,1.0,Severe,9.7,65.2,297.9,0.127,0.294,0.867,Heavy rain reducing visibility and grip - reduced speed and longer buffer advised
EVT405124,2025-03-21 14:55:32,Trade Fair,J031,Cubbon Road,8724,Weekday,False,Clear,False,0.0,False,False,0.262,Low,34.2,20.5,104.1,0.088,0.203,0.959,Moderate traffic flow - standard adaptive signal timing in effect
EVT405125,2025-10-18 19:10:33,Sports Fixture,J012,Koramangala Sony World,15739,Weekend,False,Clear,False,0.0,False,False,0.873,Severe,11.4,64.4,320.0,0.15,0.346,0.947,Heavy congestion detected - signal timing extended and reroute suggested
EVT405126,2025-11-05 19:42:16,Trade Fair,J009,Majestic,15862,Weekday,False,Fog,False,0.0,False,False,0.858,Severe,10.0,60.2,478.8,0.188,0.434,0.983,Heavy congestion detected - signal timing extended and reroute suggested
EVT405127,2026-06-10 14:55:41,Trade Fair,J020,Malleshwaram Circle,6758,Weekday,False,Rain,True,18.3,False,False,0.481,Moderate,24.9,35.6,89.2,0.078,0.181,0.903,Light rain detected - minor speed reduction advised
EVT405128,2026-03-13 07:47:50,Sports Fixture,J011,Indiranagar 100ft Road,26785,Weekday,False,Clear,False,0.0,False,False,0.841,Severe,15.9,58.2,488.0,0.256,0.591,0.96,Heavy congestion detected - signal timing extended and reroute suggested
EVT405129,2026-04-05 18:22:49,Sports Fixture,J020,Malleshwaram Circle,37956,Weekend,False,Clear,False,0.0,False,False,1.0,Severe,7.7,68.6,475.4,0.169,0.391,0.927,Heavy congestion detected - signal timing extended and reroute suggested
EVT405130,2026-01-05 17:30:03,Trade Fair,J030,MG Road,4969,Weekday,False,Clear,False,0.0,False,False,0.875,Severe,11.2,60.0,533.3,0.215,0.497,0.943,Heavy congestion detected - signal timing extended and reroute suggested
EVT405131,2026-04-06 12:37:12,Local Market Day,J020,Malleshwaram Circle,7433,Weekday,False,Clear,False,0.0,False,False,0.233,Low,28.7,19.6,183.6,0.14,0.323,0.964,Normal free-flow traffic - standard signal timing maintained
EVT405132,2026-03-06 07:11:38,Local Market Day,J030,MG Road,3064,Weekday,False,Light Rain,True,2.8,False,False,0.501,Moderate,23.0,34.8,141.3,0.071,0.164,0.938,Light rain detected - minor speed reduction advised
EVT405133,2025-11-17 06:37:13,Local Market Day,J023,Basavanagudi,3005,Weekday,False,Fog,False,0.0,False,False,0.322,Low,27.7,16.4,86.6,0.056,0.13,0.966,Moderate traffic flow - standard adaptive signal timing in effect
EVT405134,2025-11-09 17:16:17,Concert,J030,MG Road,15062,Weekend,False,Clear,False,0.0,False,False,0.76,Severe,13.0,60.3,392.5,0.186,0.429,0.975,Heavy congestion detected - signal timing extended and reroute suggested
EVT405135,2026-01-05 13:15:54,Political Rally,J040,City Market,10828,Weekday,False,Clear,False,0.0,False,False,0.184,Low,32.2,8.3,133.8,0.105,0.242,0.989,Normal free-flow traffic - standard signal timing maintained
EVT405136,2025-01-31 06:28:49,Concert,J031,Cubbon Road,7699,Weekday,False,Clear,False,0.0,False,False,0.293,Low,35.8,20.0,69.2,0.064,0.148,0.99,Moderate traffic flow - standard adaptive signal timing in effect
EVT405137,2026-04-16 08:28:50,Sports Fixture,J012,Koramangala Sony World,32702,Weekday,False,Light Rain,True,3.0,False,False,1.0,Severe,8.3,71.9,523.1,0.199,0.46,0.902,Heavy rain reducing visibility and grip - reduced speed and longer buffer advised
EVT405138,2025-09-11 21:11:21,Concert,J012,Koramangala Sony World,11415,Weekday,False,Heavy Rain,True,44.5,False,False,0.839,Severe,17.3,66.2,139.2,0.084,0.194,0.902,Heavy rain reducing visibility and grip - reduced speed and longer buffer advised
EVT405139,2026-04-16 10:44:13,Sports Fixture,J012,Koramangala Sony World,8572,Weekday,False,Clear,False,0.0,False,False,0.579,High,23.0,45.1,251.3,0.159,0.368,0.96,Moderate traffic flow - standard adaptive signal timing in effect
EVT405140,2025-04-18 09:25:25,Local Market Day,J011,Indiranagar 100ft Road,4976,Weekday,False,Fog,False,0.0,False,False,0.933,Severe,11.5,65.9,520.4,0.223,0.516,0.944,Heavy congestion detected - signal timing extended and reroute suggested
EVT405141,2025-10-06 15:46:17,Political Rally,J020,Malleshwaram Circle,10421,Weekday,False,Rain,True,14.9,False,False,0.572,High,17.9,45.9,197.6,0.106,0.245,0.896,Heavy rain reducing visibility and grip - reduced speed and longer buffer advised
EVT405142,2026-01-01 09:05:28,Religious Festival,J012,Koramangala Sony World,45127,Weekday,True,Clear,False,0.0,False,True,1.0,Severe,7.7,96.7,621.5,0.222,0.514,0.823,Road closure for event/procession - full detour recommended for through-traffic
EVT405143,2025-02-02 17:29:18,Local Market Day,J011,Indiranagar 100ft Road,3176,Weekend,False,Clear,False,0.0,False,False,0.721,High,17.3,54.0,285.2,0.154,0.355,0.952,Moderate traffic flow - standard adaptive signal timing in effect
EVT405144,2026-05-31 15:11:13,Trade Fair,J040,City Market,19955,Weekend,False,Clear,False,0.0,False,False,0.387,Moderate,29.9,29.3,196.5,0.174,0.403,0.99,Moderate traffic flow - standard adaptive signal timing in effect
EVT405145,2025-07-29 14:28:52,Local Market Day,J012,Koramangala Sony World,3555,Weekday,False,Light Rain,True,6.6,False,False,0.258,Low,39.8,16.7,138.5,0.144,0.333,0.945,Light rain detected - minor speed reduction advised
EVT405146,2025-04-30 15:59:08,Sports Fixture,J023,Basavanagudi,27706,Weekday,False,Rain,True,10.7,False,False,0.665,High,17.7,46.2,318.8,0.189,0.438,0.907,Heavy rain reducing visibility and grip - reduced speed and longer buffer advised
EVT405147,2026-01-12 13:18:12,Sports Fixture,J012,Koramangala Sony World,35441,Weekday,False,Light Rain,True,5.2,False,False,0.509,Moderate,22.8,42.0,246.8,0.159,0.368,0.922,Light rain detected - minor speed reduction advised
EVT405148,2026-05-22 15:24:03,Local Market Day,J020,Malleshwaram Circle,3385,Weekday,False,Clear,False,0.0,False,False,0.258,Low,32.9,16.6,147.2,0.119,0.275,0.963,Moderate traffic flow - standard adaptive signal timing in effect
EVT405149,2026-03-10 15:41:18,Local Market Day,J040,City Market,5240,Weekday,False,Clear,False,0.0,False,False,0.32,Low,21.0,25.3,155.1,0.073,0.168,0.961,Moderate traffic flow - standard adaptive signal timing in effect
EVT405150,2026-01-25 17:42:32,Trade Fair,J009,Majestic,14538,Weekend,False,Clear,False,0.0,False,False,0.868,Severe,10.1,64.1,419.3,0.18,0.416,0.926,Heavy congestion detected - signal timing extended and reroute suggested
EVT405151,2025-10-14 18:20:40,Concert,J011,Indiranagar 100ft Road,13515,Weekday,False,Clear,False,0.0,False,False,1.0,Severe,8.6,67.4,302.1,0.114,0.263,0.904,Heavy congestion detected - signal timing extended and reroute suggested
EVT405152,2025-02-02 06:47:34,Concert,J030,MG Road,12012,Weekend,False,Clear,False,0.0,False,False,0.492,Moderate,17.2,31.0,110.9,0.064,0.147,0.953,Moderate traffic flow - standard adaptive signal timing in effect
EVT405153,2025-12-13 09:39:37,Local Market Day,J031,Cubbon Road,5344,Weekend,False,Clear,False,0.0,False,False,0.837,Severe,14.7,61.0,343.3,0.181,0.418,0.949,Heavy congestion detected - signal timing extended and reroute suggested
EVT405154,2026-05-11 16:27:08,Political Rally,J009,Majestic,16141,Weekday,False,Clear,False,0.0,False,False,0.607,High,27.2,43.7,189.1,0.163,0.377,0.963,Moderate traffic flow - standard adaptive signal timing in effect
EVT405155,2025-09-02 10:13:58,Trade Fair,J012,Koramangala Sony World,9902,Weekday,False,Clear,False,0.0,False,False,0.764,Severe,14.7,54.8,297.5,0.175,0.403,0.96,Heavy congestion detected - signal timing extended and reroute suggested
EVT405156,2025-04-17 19:38:27,Sports Fixture,J031,Cubbon Road,28388,Weekday,False,Clear,False,0.0,False,False,0.927,Severe,10.3,63.9,366.6,0.153,0.353,0.92,Heavy congestion detected - signal timing extended and reroute suggested
EVT405157,2025-06-13 18:20:00,Trade Fair,J031,Cubbon Road,12144,Weekday,False,Clear,False,0.0,False,False,1.0,Severe,8.0,74.8,321.9,0.119,0.274,0.903,Heavy congestion detected - signal timing extended and reroute suggested
EVT405158,2025-10-29 16:00:49,Sports Fixture,J011,Indiranagar 100ft Road,18418,Weekday,False,Clear,False,0.0,False,False,0.52,Moderate,24.2,33.4,101.8,0.063,0.145,0.95,Moderate traffic flow - standard adaptive signal timing in effect
EVT405159,2026-03-26 18:37:55,Cultural Procession,J031,Cubbon Road,16268,Weekday,True,Clear,False,0.0,False,True,1.0,Severe,8.4,105.1,483.1,0.166,0.383,0.829,Road closure for event/procession - full detour recommended for through-traffic
EVT405160,2025-07-13 17:45:30,Trade Fair,J031,Cubbon Road,13281,Weekend,False,Clear,False,0.0,False,False,0.914,Severe,14.4,67.6,178.7,0.109,0.251,0.931,Heavy congestion detected - signal timing extended and reroute suggested
EVT405161,2025-11-05 16:10:29,Sports Fixture,J031,Cubbon Road,30084,Weekday,False,Clear,False,0.0,False,False,0.598,High,22.5,45.5,261.4,0.177,0.409,0.936,Moderate traffic flow - standard adaptive signal timing in effect
EVT405162,2026-03-13 11:33:16,Local Market Day,J020,Malleshwaram Circle,4866,Weekday,False,Clear,False,0.0,False,False,0.319,Low,22.6,27.1,243.4,0.153,0.353,0.99,Moderate traffic flow - standard adaptive signal timing in effect
EVT405163,2026-03-25 08:18:30,Local Market Day,J031,Cubbon Road,2406,Weekday,False,Fog,False,0.0,False,False,0.987,Severe,8.5,66.1,459.9,0.162,0.374,0.934,Heavy congestion detected - signal timing extended and reroute suggested
EVT405164,2026-01-21 08:00:02,Sports Fixture,J020,Malleshwaram Circle,21668,Weekday,False,Clear,False,0.0,False,False,1.0,Severe,8.7,70.2,476.2,0.183,0.423,0.888,Heavy congestion detected - signal timing extended and reroute suggested
EVT405165,2025-12-23 21:43:45,Sports Fixture,J031,Cubbon Road,17365,Weekday,False,Clear,False,0.0,False,False,0.459,Moderate,29.4,35.6,167.0,0.144,0.332,0.99,Moderate traffic flow - standard adaptive signal timing in effect
EVT405166,2025-09-28 18:57:23,Local Market Day,J031,Cubbon Road,8917,Weekend,False,Clear,False,0.0,False,False,0.839,Severe,9.9,62.3,452.6,0.168,0.389,0.932,Heavy congestion detected - signal timing extended and reroute suggested
EVT405167,2025-11-22 15:57:00,Sports Fixture,J011,Indiranagar 100ft Road,19500,Weekend,False,Clear,False,0.0,False,False,0.538,Moderate,19.9,36.5,128.8,0.054,0.125,0.972,Moderate traffic flow - standard adaptive signal timing in effect
EVT405168,2025-01-24 10:12:53,Political Rally,J012,Koramangala Sony World,14549,Weekday,False,Clear,False,0.0,False,False,0.696,High,18.6,47.1,253.1,0.171,0.396,0.981,Moderate traffic flow - standard adaptive signal timing in effect
EVT405169,2025-02-19 18:18:51,Local Market Day,J023,Basavanagudi,7069,Weekday,False,Clear,False,0.0,False,False,1.0,Severe,8.2,66.5,441.2,0.148,0.342,0.93,Heavy congestion detected - signal timing extended and reroute suggested
EVT405170,2025-01-16 17:33:31,Local Market Day,J023,Basavanagudi,2344,Weekday,False,Clear,False,0.0,False,False,0.914,Severe,12.4,67.9,388.6,0.195,0.451,0.941,Heavy congestion detected - signal timing extended and reroute suggested
EVT405171,2025-12-28 19:18:30,Political Rally,J023,Basavanagudi,15818,Weekend,False,Clear,False,0.0,False,False,0.879,Severe,12.9,58.6,267.5,0.147,0.34,0.949,Heavy congestion detected - signal timing extended and reroute suggested
EVT405172,2025-01-18 09:48:52,Local Market Day,J031,Cubbon Road,3693,Weekend,False,Clear,False,0.0,False,False,0.797,Severe,12.3,55.8,478.0,0.228,0.527,0.957,Heavy congestion detected - signal timing extended and reroute suggested
EVT405173,2025-10-11 16:55:45,Concert,J012,Koramangala Sony World,13981,Weekend,False,Light Rain,True,6.8,False,False,0.851,Severe,12.2,63.0,276.6,0.113,0.262,0.92,Heavy rain reducing visibility and grip - reduced speed and longer buffer advised
EVT405174,2026-03-04 10:27:26,Fireworks Display,J020,Malleshwaram Circle,19429,Weekday,True,Clear,False,0.0,False,False,1.0,Severe,6.7,71.9,699.1,0.193,0.445,0.873,Festival crowd surge detected - alternate route and extended cycle recommended
EVT405175,2025-03-24 12:38:26,Trade Fair,J023,Basavanagudi,6452,Weekday,False,Clear,False,0.0,False,False,0.227,Low,27.6,16.3,122.7,0.097,0.223,0.954,Normal free-flow traffic - standard signal timing maintained
EVT405176,2025-08-20 18:56:57,Local Market Day,J011,Indiranagar 100ft Road,3656,Weekday,False,Heavy Rain,True,28.3,False,False,1.0,Severe,9.8,67.8,680.0,0.259,0.597,0.853,Heavy rain reducing visibility and grip - reduced speed and longer buffer advised
EVT405177,2025-08-03 14:51:46,Sports Fixture,J030,MG Road,35188,Weekend,False,Clear,False,0.0,False,False,0.475,Moderate,24.1,41.2,220.1,0.145,0.336,0.957,Moderate traffic flow - standard adaptive signal timing in effect
EVT405178,2025-11-13 11:47:12,Local Market Day,J023,Basavanagudi,2773,Weekday,False,Clear,False,0.0,False,False,0.326,Low,32.5,23.4,129.3,0.118,0.273,0.97,Moderate traffic flow - standard adaptive signal timing in effect
EVT405179,2025-09-30 21:01:35,Trade Fair,J031,Cubbon Road,4719,Weekday,False,Clear,False,0.0,False,False,0.405,Moderate,27.2,26.7,205.3,0.177,0.408,0.965,Moderate traffic flow - standard adaptive signal timing in effect
EVT405180,2026-03-28 18:33:52,Local Market Day,J020,Malleshwaram Circle,4925,Weekend,False,Clear,False,0.0,False,False,0.827,Severe,13.9,59.5,436.9,0.219,0.505,0.94,Heavy congestion detected - signal timing extended and reroute suggested
EVT405181,2026-02-04 08:18:46,Trade Fair,J030,MG Road,14526,Weekday,False,Clear,False,0.0,False,False,0.983,Severe,11.3,69.5,468.1,0.199,0.459,0.933,Heavy congestion detected - signal timing extended and reroute suggested
EVT405182,2025-03-12 17:44:01,Concert,J030,MG Road,12414,Weekday,False,Clear,False,0.0,False,False,1.0,Severe,8.0,70.1,528.5,0.161,0.373,0.923,Heavy congestion detected - signal timing extended and reroute suggested
EVT405183,2025-05-29 08:36:46,Local Market Day,J009,Majestic,3434,Weekday,False,Heavy Rain,True,31.7,False,False,1.0,Severe,9.1,73.5,432.9,0.176,0.407,0.864,Heavy rain reducing visibility and grip - reduced speed and longer buffer advised
EVT405184,2025-07-31 09:29:34,Local Market Day,J023,Basavanagudi,3663,Weekday,False,Heavy Rain,True,38.4,False,False,1.0,Severe,10.1,67.5,470.1,0.181,0.419,0.898,Heavy rain reducing visibility and grip - reduced speed and longer buffer advised
EVT405185,2025-08-05 09:21:24,Local Market Day,J012,Koramangala Sony World,5783,Weekday,False,Clear,False,0.0,False,False,1.0,Severe,9.4,75.8,417.9,0.176,0.407,0.923,Heavy congestion detected - signal timing extended and reroute suggested
EVT405186,2025-01-29 03:34:47,Trade Fair,J040,City Market,7235,Weekday,False,Clear,False,0.0,False,False,0.165,Low,32.4,9.8,122.0,0.097,0.223,0.968,Normal free-flow traffic - standard signal timing maintained
EVT405187,2026-02-07 17:01:36,Local Market Day,J031,Cubbon Road,6461,Weekend,False,Clear,False,0.0,False,False,0.674,High,20.1,49.5,240.6,0.154,0.355,0.966,Moderate traffic flow - standard adaptive signal timing in effect
EVT405188,2025-05-06 08:34:11,Sports Fixture,J030,MG Road,14428,Weekday,False,Clear,False,0.0,False,False,1.0,Severe,9.7,73.6,298.7,0.111,0.258,0.915,Heavy congestion detected - signal timing extended and reroute suggested
EVT405189,2025-04-11 09:26:55,Sports Fixture,J009,Majestic,15444,Weekday,False,Clear,False,0.0,False,False,1.0,Severe,8.3,67.9,468.1,0.165,0.382,0.891,Heavy congestion detected - signal timing extended and reroute suggested
EVT405190,2025-03-30 17:35:09,Cultural Procession,J023,Basavanagudi,30989,Weekend,True,Clear,False,0.0,False,True,1.0,Severe,8.1,101.9,669.4,0.209,0.483,0.843,Road closure for event/procession - full detour recommended for through-traffic
EVT405191,2025-03-23 19:12:08,Trade Fair,J009,Majestic,4083,Weekend,False,Clear,False,0.0,False,False,0.852,Severe,16.5,65.6,346.5,0.186,0.43,0.922,Heavy congestion detected - signal timing extended and reroute suggested
EVT405192,2025-07-17 17:18:18,Political Rally,J020,Malleshwaram Circle,17625,Weekday,False,Clear,False,0.0,False,False,0.914,Severe,12.6,68.0,359.2,0.161,0.372,0.935,Heavy congestion detected - signal timing extended and reroute suggested
EVT405193,2025-08-11 09:00:20,Trade Fair,J011,Indiranagar 100ft Road,7356,Weekday,False,Clear,False,0.0,False,False,1.0,Severe,7.7,67.8,813.9,0.269,0.622,0.943,Heavy congestion detected - signal timing extended and reroute suggested
EVT405194,2026-01-15 12:18:06,Religious Festival,J040,City Market,88294,Weekday,True,Clear,False,0.0,False,True,1.0,Severe,7.8,93.6,596.2,0.199,0.459,0.84,Road closure for event/procession - full detour recommended for through-traffic
EVT405195,2025-06-19 17:13:21,Concert,J030,MG Road,13510,Weekday,False,Clear,False,0.0,False,False,0.88,Severe,14.9,60.4,298.6,0.167,0.387,0.951,Heavy congestion detected - signal timing extended and reroute suggested
EVT405196,2025-11-28 21:16:31,Local Market Day,J009,Majestic,4942,Weekday,False,Rain,True,16.9,False,False,0.496,Moderate,24.8,42.8,154.2,0.108,0.25,0.884,Light rain detected - minor speed reduction advised
EVT405197,2025-12-22 18:19:41,Concert,J009,Majestic,11562,Weekday,False,Clear,False,0.0,False,False,1.0,Severe,7.2,79.7,624.6,0.211,0.486,0.912,Heavy congestion detected - signal timing extended and reroute suggested
EVT405198,2025-02-22 18:54:55,Sports Fixture,J012,Koramangala Sony World,31919,Weekend,False,Clear,False,0.0,False,False,0.936,Severe,9.6,65.5,692.7,0.27,0.624,0.934,Heavy congestion detected - signal timing extended and reroute suggested
EVT405199,2025-05-01 07:12:57,Religious Festival,J009,Majestic,52502,Weekday,True,Clear,False,0.0,False,True,1.0,Severe,7.9,111.4,738.6,0.268,0.62,0.841,Road closure for event/procession - full detour recommended for through-traffic
EVT405200,2025-01-30 06:33:44,Concert,J023,Basavanagudi,8766,Weekday,False,Clear,False,0.0,False,False,0.334,Low,26.8,21.6,57.4,0.022,0.052,0.959,Moderate traffic flow - standard adaptive signal timing in effect
EVT405201,2026-03-25 05:50:28,Sports Fixture,J040,City Market,34476,Weekday,False,Clear,False,0.0,False,False,0.332,Low,21.9,26.9,164.2,0.106,0.245,0.959,Moderate traffic flow - standard adaptive signal timing in effect
EVT405202,2025-02-15 11:17:13,Political Rally,J040,City Market,18285,Weekend,False,Clear,False,0.0,False,False,0.457,Moderate,28.0,35.9,119.2,0.088,0.204,0.964,Moderate traffic flow - standard adaptive signal timing in effect
EVT405203,2025-09-10 12:08:42,Concert,J009,Majestic,16783,Weekday,False,Heavy Rain,True,31.9,False,False,0.583,High,22.9,45.0,308.5,0.235,0.544,0.94,Heavy rain reducing visibility and grip - reduced speed and longer buffer advised
EVT405204,2026-02-08 07:49:12,Trade Fair,J023,Basavanagudi,13674,Weekend,False,Clear,False,0.0,False,False,0.787,Severe,14.7,59.2,307.9,0.165,0.381,0.945,Heavy congestion detected - signal timing extended and reroute suggested
EVT405205,2025-03-17 18:15:54,Local Market Day,J040,City Market,3391,Weekday,False,Clear,False,0.0,False,False,1.0,Severe,9.0,71.7,629.8,0.217,0.501,0.899,Heavy congestion detected - signal timing extended and reroute suggested
EVT405206,2026-03-11 22:49:18,Trade Fair,J040,City Market,9704,Weekday,False,Clear,False,0.0,False,False,0.267,Low,29.0,19.5,228.4,0.169,0.391,0.956,Moderate traffic flow - standard adaptive signal timing in effect
EVT405207,2026-04-15 13:30:40,Religious Festival,J011,Indiranagar 100ft Road,58934,Weekday,True,Clear,False,0.0,False,True,0.897,High,12.0,92.0,299.7,0.14,0.324,0.846,Road closure for event/procession - full detour recommended for through-traffic
EVT405208,2025-08-21 22:44:18,Sports Fixture,J031,Cubbon Road,20752,Weekday,False,Clear,False,0.0,False,False,0.344,Low,33.1,26.4,159.2,0.142,0.327,0.967,Moderate traffic flow - standard adaptive signal timing in effect
EVT405209,2025-04-30 13:24:04,Trade Fair,J030,MG Road,7380,Weekday,False,Clear,False,0.0,False,False,0.199,Low,28.5,19.0,252.4,0.178,0.41,0.961,Normal free-flow traffic - standard signal timing maintained
EVT405210,2026-04-07 13:26:03,Sports Fixture,J023,Basavanagudi,20348,Weekday,False,Clear,False,0.0,False,False,0.318,Low,29.2,26.0,151.6,0.121,0.279,0.967,Moderate traffic flow - standard adaptive signal timing in effect
EVT405211,2026-06-08 08:00:55,Trade Fair,J020,Malleshwaram Circle,8474,Weekday,False,Clear,False,0.0,False,False,0.889,Severe,12.1,65.8,484.2,0.211,0.486,0.923,Heavy congestion detected - signal timing extended and reroute suggested
EVT405212,2025-09-15 19:02:28,Trade Fair,J031,Cubbon Road,10212,Weekday,False,Clear,False,0.0,False,False,1.0,Severe,8.5,72.2,424.3,0.171,0.394,0.923,Heavy congestion detected - signal timing extended and reroute suggested
EVT405213,2025-04-11 17:54:33,Trade Fair,J009,Majestic,17049,Weekday,False,Clear,False,0.0,False,False,0.965,Severe,10.5,63.4,363.8,0.142,0.328,0.913,Heavy congestion detected - signal timing extended and reroute suggested
EVT405214,2026-06-29 09:46:41,Local Market Day,J011,Indiranagar 100ft Road,4989,Weekday,False,Clear,False,0.0,False,False,0.904,Severe,10.4,67.8,777.3,0.301,0.694,0.922,Heavy congestion detected - signal timing extended and reroute suggested
EVT405215,2025-05-04 18:51:49,Local Market Day,J040,City Market,2998,Weekend,False,Clear,False,0.0,False,False,0.756,Severe,14.5,58.3,372.0,0.191,0.441,0.989,Heavy congestion detected - signal timing extended and reroute suggested
EVT405216,2025-12-10 08:40:05,Concert,J012,Koramangala Sony World,17453,Weekday,False,Clear,False,0.0,False,False,1.0,Severe,7.7,62.2,573.2,0.19,0.439,0.927,Heavy congestion detected - signal timing extended and reroute suggested
EVT405217,2026-03-16 12:03:13,Local Market Day,J023,Basavanagudi,2933,Weekday,False,Clear,False,0.0,False,False,0.123,Low,27.6,6.6,227.7,0.15,0.347,0.968,Normal free-flow traffic - standard signal timing maintained
EVT405218,2025-10-05 09:24:01,Sports Fixture,J031,Cubbon Road,17651,Weekend,False,Heavy Rain,True,73.9,False,False,1.0,Severe,6.5,69.1,699.0,0.196,0.454,0.876,Heavy rain reducing visibility and grip - reduced speed and longer buffer advised
EVT405219,2026-06-24 08:14:51,Local Market Day,J011,Indiranagar 100ft Road,5550,Weekday,False,Heavy Rain,True,29.8,False,False,1.0,Severe,7.3,77.3,476.3,0.152,0.351,0.849,Heavy rain reducing visibility and grip - reduced speed and longer buffer advised
EVT405220,2026-01-21 18:55:46,Local Market Day,J012,Koramangala Sony World,4472,Weekday,False,Clear,False,0.0,False,False,0.935,Severe,11.7,69.1,252.1,0.126,0.29,0.925,Heavy congestion detected - signal timing extended and reroute suggested
EVT405221,2025-11-14 08:18:22,Local Market Day,J030,MG Road,4537,Weekday,False,Clear,False,0.0,False,False,0.945,Severe,7.4,65.9,658.6,0.191,0.442,0.919,Heavy congestion detected - signal timing extended and reroute suggested
EVT405222,2026-04-20 19:13:12,Sports Fixture,J023,Basavanagudi,26920,Weekday,False,Clear,False,0.0,False,False,1.0,Severe,6.0,75.6,1184.7,0.269,0.622,0.921,Heavy congestion detected - signal timing extended and reroute suggested
EVT405223,2025-07-22 12:36:26,Concert,J030,MG Road,20893,Weekday,False,Rain,True,10.3,False,False,0.389,Moderate,26.5,23.8,178.9,0.126,0.291,0.943,Light rain detected - minor speed reduction advised
EVT405224,2025-05-06 21:50:50,Trade Fair,J009,Majestic,10576,Weekday,False,Clear,False,0.0,False,False,0.302,Low,31.8,18.7,132.6,0.128,0.297,0.944,Moderate traffic flow - standard adaptive signal timing in effect
EVT405225,2026-04-03 09:24:08,Local Market Day,J009,Majestic,3261,Weekday,False,Clear,False,0.0,False,False,0.959,Severe,11.7,63.2,297.1,0.119,0.274,0.921,Heavy congestion detected - signal timing extended and reroute suggested
EVT405226,2025-04-19 20:48:28,Concert,J030,MG Road,7816,Weekend,False,Clear,False,0.0,False,False,0.463,Moderate,26.3,30.5,294.8,0.219,0.506,0.968,Moderate traffic flow - standard adaptive signal timing in effect
EVT405227,2025-06-21 21:49:14,Concert,J011,Indiranagar 100ft Road,12788,Weekend,False,Clear,False,0.0,False,False,0.357,Moderate,24.5,21.3,192.9,0.127,0.293,0.962,Moderate traffic flow - standard adaptive signal timing in effect
EVT405228,2026-06-22 12:22:08,Trade Fair,J040,City Market,9728,Weekday,False,Heavy Rain,True,27.7,False,False,0.567,High,27.1,40.5,212.3,0.18,0.415,0.914,Heavy rain reducing visibility and grip - reduced speed and longer buffer advised
EVT405229,2025-11-01 16:20:15,Religious Festival,J011,Indiranagar 100ft Road,64781,Weekend,True,Light Rain,True,1.7,False,False,1.0,Severe,9.3,73.5,493.3,0.193,0.445,0.821,Festival crowd surge detected - alternate route and extended cycle recommended
EVT405230,2025-06-20 19:02:11,Local Market Day,J031,Cubbon Road,2541,Weekday,False,Clear,False,0.0,False,False,1.0,Severe,7.6,77.7,638.4,0.207,0.478,0.888,Heavy congestion detected - signal timing extended and reroute suggested
EVT405231,2025-01-30 21:43:35,Sports Fixture,J031,Cubbon Road,24449,Weekday,False,Clear,False,0.0,False,False,0.359,Moderate,29.3,27.9,204.7,0.155,0.359,0.967,Moderate traffic flow - standard adaptive signal timing in effect
EVT405232,2025-06-04 19:06:51,Trade Fair,J012,Koramangala Sony World,5937,Weekday,False,Clear,False,0.0,False,False,0.962,Severe,8.5,67.5,405.2,0.151,0.348,0.906,Heavy congestion detected - signal timing extended and reroute suggested
EVT405233,2025-04-05 16:22:53,Local Market Day,J009,Majestic,4036,Weekend,False,Clear,False,0.0,False,False,0.518,Moderate,20.5,36.9,214.0,0.119,0.275,0.987,Moderate traffic flow - standard adaptive signal timing in effect
EVT405234,2025-03-08 15:19:49,Concert,J040,City Market,21006,Weekend,False,Clear,False,0.0,False,False,0.483,Moderate,24.2,35.1,165.4,0.12,0.278,0.977,Moderate traffic flow - standard adaptive signal timing in effect
EVT405235,2025-08-18 17:23:41,Local Market Day,J012,Koramangala Sony World,5012,Weekday,False,Clear,False,0.0,False,False,0.86,Severe,13.7,57.8,197.9,0.082,0.19,0.919,Heavy congestion detected - signal timing extended and reroute suggested
EVT405236,2026-04-02 16:41:18,Sports Fixture,J040,City Market,13865,Weekday,False,Fog,False,0.0,False,False,0.746,High,17.9,51.1,354.0,0.213,0.492,0.946,Moderate traffic flow - standard adaptive signal timing in effect
EVT405237,2025-03-10 07:42:07,Trade Fair,J031,Cubbon Road,5190,Weekday,False,Clear,False,0.0,False,False,0.631,High,20.7,41.3,195.6,0.118,0.272,0.968,Moderate traffic flow - standard adaptive signal timing in effect
EVT405238,2025-11-05 11:12:27,Concert,J031,Cubbon Road,13715,Weekday,False,Clear,False,0.0,False,False,0.42,Moderate,31.8,22.6,136.2,0.119,0.274,0.955,Moderate traffic flow - standard adaptive signal timing in effect
EVT405239,2025-10-30 19:08:49,Concert,J030,MG Road,5166,Weekday,False,Clear,False,0.0,False,False,0.922,Severe,12.7,63.6,169.8,0.08,0.185,0.95,Heavy congestion detected - signal timing extended and reroute suggested
EVT405240,2025-04-03 05:09:02,Local Market Day,J040,City Market,2892,Weekday,False,Fog,False,0.0,True,False,0.616,High,22.4,44.3,272.4,0.198,0.458,0.807,Accident detected nearby - reroute and reduced speed advised
EVT405241,2025-10-27 17:19:20,Trade Fair,J031,Cubbon Road,9066,Weekday,False,Clear,False,0.0,False,False,0.811,Severe,15.4,55.8,345.5,0.168,0.388,0.926,Heavy congestion detected - signal timing extended and reroute suggested
EVT405242,2025-12-30 09:51:54,Sports Fixture,J031,Cubbon Road,22814,Weekday,False,Clear,False,0.0,False,False,0.986,Severe,11.1,67.5,396.1,0.157,0.362,0.881,Heavy congestion detected - signal timing extended and reroute suggested
EVT405243,2025-11-18 15:13:57,Trade Fair,J030,MG Road,7160,Weekday,False,Clear,False,0.0,False,False,0.29,Low,24.8,19.9,230.8,0.179,0.414,0.962,Moderate traffic flow - standard adaptive signal timing in effect
EVT405244,2025-12-31 21:49:43,Concert,J020,Malleshwaram Circle,9047,Weekday,False,Clear,False,0.0,False,False,0.291,Low,30.1,15.4,200.5,0.159,0.366,0.952,Moderate traffic flow - standard adaptive signal timing in effect
EVT405245,2026-01-20 12:49:23,Trade Fair,J009,Majestic,7307,Weekday,False,Clear,False,0.0,False,False,0.202,Low,30.6,10.7,204.2,0.172,0.398,0.958,Normal free-flow traffic - standard signal timing maintained
EVT405246,2025-07-18 09:47:53,Political Rally,J020,Malleshwaram Circle,16608,Weekday,False,Clear,False,0.0,False,False,0.972,Severe,8.4,64.8,284.3,0.087,0.201,0.914,Heavy congestion detected - signal timing extended and reroute suggested
EVT405247,2026-01-14 06:06:58,Religious Festival,J031,Cubbon Road,35573,Weekday,True,Clear,False,0.0,False,True,0.842,High,10.1,80.1,230.3,0.09,0.209,0.872,Road closure for event/procession - full detour recommended for through-traffic
EVT405248,2025-12-03 20:16:10,Local Market Day,J012,Koramangala Sony World,6991,Weekday,False,Clear,False,0.0,True,False,0.969,Severe,8.9,74.9,586.4,0.246,0.568,0.763,Accident detected nearby - reroute and reduced speed advised
EVT405249,2025-01-22 13:57:43,Local Market Day,J012,Koramangala Sony World,4855,Weekday,False,Fog,False,0.0,False,False,0.199,Low,30.9,17.3,142.4,0.112,0.259,0.956,Normal free-flow traffic - standard signal timing maintained
EVT405250,2026-02-26 18:50:58,Concert,J023,Basavanagudi,10574,Weekday,False,Clear,False,0.0,False,False,1.0,Severe,9.6,73.5,773.6,0.293,0.678,0.898,Heavy congestion detected - signal timing extended and reroute suggested
EVT405251,2025-03-13 18:07:45,Concert,J040,City Market,14784,Weekday,False,Clear,False,0.0,False,False,1.0,Severe,7.7,70.7,1009.6,0.283,0.654,0.925,Heavy congestion detected - signal timing extended and reroute suggested
EVT405252,2026-05-21 22:43:59,Concert,J011,Indiranagar 100ft Road,9517,Weekday,False,Clear,False,0.0,False,False,0.249,Low,36.3,20.1,88.0,0.092,0.212,0.97,Normal free-flow traffic - standard signal timing maintained
EVT405253,2026-05-05 18:11:43,Local Market Day,J030,MG Road,4352,Weekday,False,Clear,False,0.0,False,False,0.999,Severe,6.3,69.8,806.8,0.235,0.542,0.895,Heavy congestion detected - signal timing extended and reroute suggested
EVT405254,2025-12-16 20:09:41,Trade Fair,J009,Majestic,17577,Weekday,False,Clear,False,0.0,False,False,0.738,High,14.4,50.9,184.5,0.087,0.202,0.984,Moderate traffic flow - standard adaptive signal timing in effect
EVT405255,2025-12-21 08:23:07,Concert,J023,Basavanagudi,12461,Weekend,False,Clear,False,0.0,False,False,0.806,Severe,11.4,60.4,490.4,0.18,0.415,0.936,Heavy congestion detected - signal timing extended and reroute suggested
EVT405256,2025-02-06 16:37:46,Sports Fixture,J040,City Market,14715,Weekday,False,Clear,False,0.0,False,False,0.622,High,19.1,37.9,389.0,0.236,0.546,0.937,Moderate traffic flow - standard adaptive signal timing in effect
EVT405257,2025-01-03 08:35:31,Local Market Day,J023,Basavanagudi,6612,Weekday,False,Clear,False,0.0,False,False,0.984,Severe,7.8,68.5,629.8,0.23,0.531,0.918,Heavy congestion detected - signal timing extended and reroute suggested
EVT405258,2025-07-25 16:53:05,Trade Fair,J012,Koramangala Sony World,7045,Weekday,False,Clear,False,0.0,False,False,0.695,High,16.0,49.8,364.0,0.206,0.476,0.972,Moderate traffic flow - standard adaptive signal timing in effect
EVT405259,2026-05-12 04:04:47,Local Market Day,J020,Malleshwaram Circle,3805,Weekday,False,Clear,False,0.0,False,False,0.207,Low,39.8,16.0,153.4,0.163,0.376,0.963,Normal free-flow traffic - standard signal timing maintained
EVT405260,2026-05-04 10:14:01,Trade Fair,J020,Malleshwaram Circle,9124,Weekday,False,Clear,False,0.0,False,False,0.782,Severe,16.6,62.2,309.0,0.167,0.386,0.947,Heavy congestion detected - signal timing extended and reroute suggested
EVT405261,2026-01-11 13:07:23,Political Rally,J020,Malleshwaram Circle,20567,Weekend,False,Clear,False,0.0,False,False,0.393,Moderate,27.3,26.4,173.7,0.123,0.283,0.957,Moderate traffic flow - standard adaptive signal timing in effect
EVT405262,2025-07-25 12:33:13,Trade Fair,J030,MG Road,6672,Weekday,False,Clear,False,0.0,False,False,0.135,Low,42.1,9.9,168.6,0.165,0.381,0.965,Normal free-flow traffic - standard signal timing maintained
EVT405263,2025-02-04 07:38:26,Local Market Day,J031,Cubbon Road,5256,Weekday,False,Fog,False,0.0,False,False,0.723,High,18.6,47.8,183.5,0.113,0.26,0.973,Moderate traffic flow - standard adaptive signal timing in effect
EVT405264,2026-03-20 16:09:15,Religious Festival,J012,Koramangala Sony World,36337,Weekday,True,Clear,False,0.0,False,True,0.978,Severe,10.7,93.4,418.2,0.177,0.409,0.859,Road closure for event/procession - full detour recommended for through-traffic
EVT405265,2025-02-24 12:57:21,Sports Fixture,J031,Cubbon Road,23700,Weekday,False,Clear,False,0.0,False,False,0.371,Moderate,18.5,23.3,263.8,0.131,0.303,0.976,Moderate traffic flow - standard adaptive signal timing in effect
EVT405266,2025-01-20 16:10:48,Concert,J012,Koramangala Sony World,8464,Weekday,False,Clear,False,0.0,False,False,0.48,Moderate,20.6,36.8,242.1,0.15,0.346,0.957,Moderate traffic flow - standard adaptive signal timing in effect
EVT405267,2026-02-15 11:58:30,Local Market Day,J020,Malleshwaram Circle,4216,Weekend,False,Clear,False,0.0,True,False,0.651,High,19.7,49.1,190.7,0.111,0.256,0.832,Accident detected nearby - reroute and reduced speed advised
EVT405268,2025-11-03 23:05:13,Sports Fixture,J040,City Market,15332,Weekday,False,Clear,False,0.0,False,False,0.149,Low,36.0,12.3,126.1,0.105,0.243,0.965,Normal free-flow traffic - standard signal timing maintained
EVT405269,2025-01-17 19:41:39,Local Market Day,J012,Koramangala Sony World,6620,Weekday,False,Clear,False,0.0,False,False,0.883,Severe,11.8,64.2,303.9,0.15,0.346,0.955,Heavy congestion detected - signal timing extended and reroute suggested
EVT405270,2025-06-09 15:49:46,Local Market Day,J020,Malleshwaram Circle,3922,Weekday,False,Heavy Rain,True,26.9,False,False,0.669,High,21.8,45.7,117.6,0.076,0.175,0.907,Heavy rain reducing visibility and grip - reduced speed and longer buffer advised
EVT405271,2026-04-11 17:21:35,Trade Fair,J020,Malleshwaram Circle,19851,Weekend,False,Clear,False,0.0,False,False,0.852,Severe,9.3,65.1,526.7,0.186,0.43,0.945,Heavy congestion detected - signal timing extended and reroute suggested
EVT405272,2025-03-12 13:13:06,Trade Fair,J012,Koramangala Sony World,5449,Weekday,False,Clear,False,0.0,False,False,0.068,Low,36.8,2.8,144.7,0.104,0.241,0.959,Normal free-flow traffic - standard signal timing maintained
EVT405273,2025-08-13 15:41:56,Sports Fixture,J031,Cubbon Road,13182,Weekday,False,Heavy Rain,True,30.1,False,False,0.713,High,17.4,44.4,170.2,0.087,0.201,0.905,Heavy rain reducing visibility and grip - reduced speed and longer buffer advised
EVT405274,2025-03-29 19:56:02,Concert,J040,City Market,16800,Weekend,False,Clear,False,0.0,False,False,0.819,Severe,16.4,61.1,325.5,0.173,0.401,0.948,Heavy congestion detected - signal timing extended and reroute suggested
EVT405275,2025-12-18 09:01:19,Concert,J040,City Market,18122,Weekday,False,Clear,False,0.0,False,False,1.0,Severe,8.6,79.6,724.7,0.252,0.583,0.926,Heavy congestion detected - signal timing extended and reroute suggested
EVT405276,2025-12-21 17:04:51,Local Market Day,J031,Cubbon Road,2333,Weekend,False,Clear,False,0.0,False,False,0.676,High,21.9,48.2,256.1,0.201,0.463,0.969,Moderate traffic flow - standard adaptive signal timing in effect
EVT405277,2025-11-13 19:37:51,Local Market Day,J020,Malleshwaram Circle,4624,Weekday,False,Clear,False,0.0,False,False,0.809,Severe,14.3,55.5,134.0,0.084,0.194,0.936,Heavy congestion detected - signal timing extended and reroute suggested
EVT405278,2026-02-01 08:48:04,Political Rally,J031,Cubbon Road,11872,Weekend,False,Clear,False,0.0,False,False,0.936,Severe,10.2,65.1,593.3,0.218,0.503,0.908,Heavy congestion detected - signal timing extended and reroute suggested
EVT405279,2026-06-28 16:02:19,Trade Fair,J011,Indiranagar 100ft Road,10917,Weekend,False,Clear,False,0.0,False,False,0.379,Moderate,29.6,37.9,234.1,0.201,0.465,0.951,Moderate traffic flow - standard adaptive signal timing in effect
EVT405280,2025-04-29 08:42:19,Trade Fair,J011,Indiranagar 100ft Road,8299,Weekday,False,Clear,False,0.0,False,False,1.0,Severe,8.6,75.1,783.7,0.262,0.606,0.921,Heavy congestion detected - signal timing extended and reroute suggested
EVT405281,2025-07-05 09:53:58,Local Market Day,J011,Indiranagar 100ft Road,9552,Weekend,False,Heavy Rain,True,56.3,False,False,1.0,Severe,7.1,67.0,522.3,0.165,0.38,0.881,Heavy rain reducing visibility and grip - reduced speed and longer buffer advised
EVT405282,2026-05-01 19:19:55,Religious Festival,J030,MG Road,32601,Weekday,True,Clear,False,0.0,False,True,1.0,Severe,9.0,105.5,687.3,0.285,0.659,0.852,Road closure for event/procession - full detour recommended for through-traffic
EVT405283,2025-02-08 23:00:56,Sports Fixture,J020,Malleshwaram Circle,11563,Weekend,False,Clear,False,0.0,False,False,0.395,Moderate,29.4,27.8,104.3,0.062,0.144,0.95,Moderate traffic flow - standard adaptive signal timing in effect
EVT405284,2025-12-07 11:13:54,Local Market Day,J012,Koramangala Sony World,5255,Weekend,False,Clear,False,0.0,False,False,0.449,Moderate,27.0,31.9,158.5,0.117,0.27,0.948,Moderate traffic flow - standard adaptive signal timing in effect
EVT405285,2026-04-13 13:31:05,Local Market Day,J011,Indiranagar 100ft Road,5749,Weekday,False,Clear,False,0.0,False,False,0.254,Low,29.5,17.6,148.3,0.112,0.259,0.982,Moderate traffic flow - standard adaptive signal timing in effect
EVT405286,2025-10-03 10:25:54,Cultural Procession,J030,MG Road,17381,Weekday,True,Clear,False,0.0,False,True,1.0,Severe,8.2,96.0,434.6,0.15,0.347,0.858,Road closure for event/procession - full detour recommended for through-traffic
EVT405287,2025-01-23 15:35:23,Concert,J012,Koramangala Sony World,7173,Weekday,False,Clear,False,0.0,False,False,0.381,Moderate,34.5,19.6,73.8,0.08,0.186,0.968,Moderate traffic flow - standard adaptive signal timing in effect
EVT405288,2025-09-08 19:04:29,Political Rally,J023,Basavanagudi,9052,Weekday,False,Light Rain,True,0.3,False,False,1.0,Severe,9.6,71.8,602.8,0.242,0.558,0.856,Heavy rain reducing visibility and grip - reduced speed and longer buffer advised
EVT405289,2026-04-06 08:04:32,Concert,J011,Indiranagar 100ft Road,19998,Weekday,False,Rain,True,21.3,False,False,1.0,Severe,7.7,75.7,647.5,0.211,0.487,0.863,Heavy rain reducing visibility and grip - reduced speed and longer buffer advised
EVT405290,2025-11-26 16:25:16,Concert,J012,Koramangala Sony World,9151,Weekday,False,Clear,False,0.0,False,False,0.562,High,23.7,31.8,154.0,0.107,0.246,0.977,Moderate traffic flow - standard adaptive signal timing in effect
EVT405291,2026-02-05 18:43:52,Trade Fair,J012,Koramangala Sony World,8703,Weekday,False,Clear,False,0.0,False,False,1.0,Severe,7.9,66.6,742.7,0.25,0.578,0.926,Heavy congestion detected - signal timing extended and reroute suggested
EVT405292,2025-11-10 09:16:49,Sports Fixture,J023,Basavanagudi,19701,Weekday,False,Fog,False,0.0,False,False,1.0,Severe,8.5,71.2,618.6,0.207,0.479,0.923,Heavy congestion detected - signal timing extended and reroute suggested
EVT405293,2026-06-11 12:45:29,Local Market Day,J031,Cubbon Road,6801,Weekday,False,Light Rain,True,6.8,False,False,0.362,Moderate,27.3,29.9,197.7,0.165,0.38,0.91,Light rain detected - minor speed reduction advised
EVT405294,2025-10-18 09:53:38,Local Market Day,J009,Majestic,3026,Weekend,False,Clear,False,0.0,False,False,0.749,High,16.7,53.5,120.4,0.053,0.122,0.98,Moderate traffic flow - standard adaptive signal timing in effect
EVT405295,2025-03-08 15:46:45,Local Market Day,J020,Malleshwaram Circle,2600,Weekend,False,Clear,False,0.0,False,False,0.371,Moderate,28.3,21.8,164.7,0.127,0.293,0.963,Moderate traffic flow - standard adaptive signal timing in effect
EVT405296,2025-06-30 21:29:00,Trade Fair,J040,City Market,26515,Weekday,False,Heavy Rain,True,108.4,False,False,0.815,Severe,12.6,61.4,146.3,0.067,0.154,0.928,Heavy rain reducing visibility and grip - reduced speed and longer buffer advised
EVT405297,2025-09-26 10:15:29,Sports Fixture,J030,MG Road,36849,Weekday,False,Clear,False,0.0,False,False,0.961,Severe,9.9,70.9,766.7,0.285,0.659,0.939,Heavy congestion detected - signal timing extended and reroute suggested
EVT405298,2025-06-03 19:59:42,Trade Fair,J009,Majestic,5087,Weekday,False,Rain,True,7.5,False,False,0.9,Severe,11.5,66.8,484.2,0.217,0.501,0.864,Heavy rain reducing visibility and grip - reduced speed and longer buffer advised
EVT405299,2025-02-16 22:23:39,Trade Fair,J031,Cubbon Road,7025,Weekend,False,Clear,False,0.0,False,False,0.302,Low,26.1,23.0,166.6,0.102,0.236,0.968,Moderate traffic flow - standard adaptive signal timing in effect
EVT405300,2026-01-20 10:44:53,Concert,J011,Indiranagar 100ft Road,10130,Weekday,False,Clear,False,0.0,False,False,0.545,Moderate,26.9,39.7,153.8,0.132,0.305,0.958,Moderate traffic flow - standard adaptive signal timing in effect
EVT405301,2026-02-13 11:47:08,Trade Fair,J012,Koramangala Sony World,9343,Weekday,False,Clear,False,0.0,False,False,0.313,Low,29.5,27.8,130.2,0.098,0.226,0.963,Moderate traffic flow - standard adaptive signal timing in effect
EVT405302,2026-04-23 19:34:28,Local Market Day,J011,Indiranagar 100ft Road,2956,Weekday,False,Clear,False,0.0,False,False,0.88,Severe,11.4,68.2,542.8,0.228,0.527,0.943,Heavy congestion detected - signal timing extended and reroute suggested
EVT405303,2026-05-20 17:21:12,Sports Fixture,J011,Indiranagar 100ft Road,9156,Weekday,False,Clear,False,0.0,False,False,0.909,Severe,13.4,68.5,207.1,0.108,0.249,0.911,Heavy congestion detected - signal timing extended and reroute suggested
EVT405304,2025-04-29 16:08:53,Local Market Day,J012,Koramangala Sony World,5755,Weekday,False,Rain,True,11.3,False,False,0.688,High,18.4,46.3,462.1,0.254,0.587,0.905,Heavy rain reducing visibility and grip - reduced speed and longer buffer advised
EVT405305,2025-07-21 09:41:45,Local Market Day,J023,Basavanagudi,3865,Weekday,False,Light Rain,True,6.4,False,False,1.0,Severe,8.4,67.5,483.9,0.179,0.413,0.845,Heavy rain reducing visibility and grip - reduced speed and longer buffer advised
EVT405306,2026-03-16 17:53:10,Political Rally,J020,Malleshwaram Circle,7997,Weekday,False,Clear,False,0.0,False,False,0.901,Severe,10.6,59.5,479.0,0.184,0.426,0.944,Heavy congestion detected - signal timing extended and reroute suggested
EVT405307,2025-12-17 09:13:06,Concert,J009,Majestic,11981,Weekday,False,Clear,False,0.0,False,False,1.0,Severe,8.9,73.1,974.0,0.31,0.715,0.941,Heavy congestion detected - signal timing extended and reroute suggested
EVT405308,2025-05-11 19:11:38,Political Rally,J011,Indiranagar 100ft Road,14545,Weekend,False,Clear,False,0.0,False,False,0.819,Severe,14.9,55.6,300.8,0.163,0.377,0.956,Heavy congestion detected - signal timing extended and reroute suggested
EVT405309,2025-02-18 13:49:43,Sports Fixture,J023,Basavanagudi,24355,Weekday,False,Clear,False,0.0,False,False,0.408,Moderate,22.5,27.5,124.7,0.101,0.234,0.933,Moderate traffic flow - standard adaptive signal timing in effect
EVT405310,2025-09-09 07:58:16,Trade Fair,J023,Basavanagudi,6587,Weekday,False,Clear,False,0.0,False,False,0.789,Severe,17.0,50.6,397.5,0.222,0.514,0.963,Heavy congestion detected - signal timing extended and reroute suggested
EVT405311,2025-03-21 07:55:06,Concert,J023,Basavanagudi,12184,Weekday,False,Clear,False,0.0,False,False,0.884,Severe,12.6,60.3,242.8,0.106,0.245,0.971,Heavy congestion detected - signal timing extended and reroute suggested
EVT405312,2025-01-31 12:00:32,Trade Fair,J011,Indiranagar 100ft Road,11813,Weekday,False,Clear,False,0.0,False,False,0.21,Low,34.4,12.3,120.7,0.123,0.283,0.971,Normal free-flow traffic - standard signal timing maintained
EVT405313,2025-02-21 15:20:36,Political Rally,J023,Basavanagudi,17905,Weekday,False,Clear,False,0.0,False,False,0.3,Low,25.8,25.1,206.5,0.144,0.333,0.977,Moderate traffic flow - standard adaptive signal timing in effect
EVT405314,2025-11-15 17:39:41,Local Market Day,J040,City Market,3544,Weekend,False,Clear,False,0.0,False,False,0.76,Severe,12.0,58.3,316.2,0.145,0.334,0.968,Heavy congestion detected - signal timing extended and reroute suggested
EVT405315,2026-05-13 21:10:33,Trade Fair,J012,Koramangala Sony World,5699,Weekday,False,Clear,False,0.0,False,False,0.378,Moderate,37.3,25.7,126.2,0.141,0.327,0.948,Moderate traffic flow - standard adaptive signal timing in effect
EVT405316,2026-01-28 18:15:16,Concert,J030,MG Road,15458,Weekday,False,Clear,False,0.0,False,False,1.0,Severe,8.1,72.9,397.3,0.144,0.333,0.918,Heavy congestion detected - signal timing extended and reroute suggested
EVT405317,2025-06-26 10:47:34,Concert,J031,Cubbon Road,8167,Weekday,False,Clear,False,0.0,False,False,0.484,Moderate,28.2,36.0,120.3,0.093,0.215,0.976,Moderate traffic flow - standard adaptive signal timing in effect
EVT405318,2025-06-05 14:56:24,Political Rally,J023,Basavanagudi,11010,Weekday,False,Clear,False,0.0,False,False,0.298,Low,25.9,23.4,184.3,0.121,0.279,0.948,Moderate traffic flow - standard adaptive signal timing in effect
EVT405319,2025-03-21 01:43:17,Trade Fair,J020,Malleshwaram Circle,8659,Weekday,False,Clear,False,0.0,False,False,0.23,Low,38.7,10.4,78.2,0.069,0.158,0.962,Normal free-flow traffic - standard signal timing maintained
EVT405320,2025-09-13 14:40:40,Concert,J040,City Market,24443,Weekend,False,Fog,False,0.0,False,False,0.457,Moderate,29.8,29.3,175.1,0.133,0.306,0.948,Moderate traffic flow - standard adaptive signal timing in effect
EVT405321,2026-02-09 06:07:44,Political Rally,J020,Malleshwaram Circle,8855,Weekday,False,Clear,False,0.0,False,False,0.313,Low,29.9,23.5,136.0,0.118,0.272,0.959,Moderate traffic flow - standard adaptive signal timing in effect
EVT405322,2025-10-03 10:03:21,Cultural Procession,J023,Basavanagudi,23637,Weekday,True,Clear,False,0.0,False,True,1.0,Severe,7.1,96.7,320.4,0.134,0.309,0.863,Road closure for event/procession - full detour recommended for through-traffic
EVT405323,2025-10-07 14:37:06,Concert,J009,Majestic,9277,Weekday,False,Clear,False,0.0,False,False,0.293,Low,24.0,22.6,143.4,0.102,0.237,0.955,Moderate traffic flow - standard adaptive signal timing in effect
EVT405324,2026-03-07 08:43:11,Concert,J023,Basavanagudi,19037,Weekend,False,Clear,False,0.0,False,False,0.979,Severe,10.0,66.7,622.2,0.249,0.576,0.95,Heavy congestion detected - signal timing extended and reroute suggested
EVT405325,2026-04-26 21:19:34,Sports Fixture,J009,Majestic,16006,Weekend,False,Clear,False,0.0,False,False,0.375,Moderate,29.8,28.9,181.5,0.14,0.323,0.976,Moderate traffic flow - standard adaptive signal timing in effect
EVT405326,2025-07-10 01:32:54,Sports Fixture,J031,Cubbon Road,25256,Weekday,False,Heavy Rain,True,54.0,False,False,0.668,High,15.0,49.0,426.7,0.235,0.544,0.924,Heavy rain reducing visibility and grip - reduced speed and longer buffer advised
EVT405327,2025-08-08 08:28:27,Concert,J009,Majestic,11509,Weekday,False,Clear,False,0.0,False,False,1.0,Severe,9.5,70.2,639.3,0.23,0.532,0.92,Heavy congestion detected - signal timing extended and reroute suggested
EVT405328,2026-04-08 21:43:38,Concert,J009,Majestic,13961,Weekday,False,Clear,False,0.0,False,False,0.352,Moderate,27.8,24.6,203.3,0.137,0.317,0.958,Moderate traffic flow - standard adaptive signal timing in effect
EVT405329,2025-01-22 18:34:34,Trade Fair,J009,Majestic,5005,Weekday,False,Clear,False,0.0,False,False,0.998,Severe,8.2,65.1,447.6,0.155,0.358,0.903,Heavy congestion detected - signal timing extended and reroute suggested
EVT405330,2025-05-28 10:36:49,Local Market Day,J023,Basavanagudi,5047,Weekday,False,Rain,True,17.9,False,False,0.757,Severe,14.8,57.0,551.0,0.275,0.636,0.936,Heavy rain reducing visibility and grip - reduced speed and longer buffer advised
EVT405331,2025-02-11 04:26:04,Sports Fixture,J009,Majestic,25489,Weekday,False,Clear,False,0.0,False,False,0.225,Low,33.5,15.2,96.6,0.067,0.156,0.953,Normal free-flow traffic - standard signal timing maintained
EVT405332,2025-09-13 14:49:07,Trade Fair,J009,Majestic,7564,Weekend,False,Clear,False,0.0,False,False,0.348,Low,24.4,26.5,188.0,0.136,0.314,0.969,Moderate traffic flow - standard adaptive signal timing in effect
EVT405333,2025-12-26 13:58:27,Religious Festival,J030,MG Road,48444,Weekday,True,Clear,False,0.0,False,True,0.737,High,19.5,81.2,238.7,0.148,0.341,0.861,Road closure for event/procession - full detour recommended for through-traffic
EVT405334,2025-10-16 07:59:19,Trade Fair,J023,Basavanagudi,11872,Weekday,False,Rain,True,8.8,False,False,0.996,Severe,9.6,69.8,343.7,0.146,0.336,0.865,Heavy rain reducing visibility and grip - reduced speed and longer buffer advised
EVT405335,2025-06-13 11:27:09,Local Market Day,J023,Basavanagudi,5271,Weekday,False,Rain,True,17.6,False,False,0.506,Moderate,22.6,37.9,214.4,0.13,0.301,0.908,Light rain detected - minor speed reduction advised
EVT405336,2026-05-13 02:12:38,Trade Fair,J031,Cubbon Road,8456,Weekday,False,Clear,False,0.0,False,False,0.211,Low,41.9,16.1,86.6,0.105,0.242,0.97,Normal free-flow traffic - standard signal timing maintained
EVT405337,2025-04-14 20:27:16,Religious Festival,J011,Indiranagar 100ft Road,53852,Weekday,True,Clear,False,0.0,False,True,1.0,Severe,9.3,103.4,786.2,0.29,0.67,0.832,Road closure for event/procession - full detour recommended for through-traffic
EVT405338,2026-06-01 12:19:50,Local Market Day,J040,City Market,6230,Weekday,False,Clear,False,0.0,True,False,0.567,High,19.7,42.1,303.3,0.191,0.441,0.82,Accident detected nearby - reroute and reduced speed advised
EVT405339,2026-01-19 13:38:23,Sports Fixture,J020,Malleshwaram Circle,10598,Weekday,False,Light Rain,True,0.9,False,False,0.286,Low,29.3,22.0,124.1,0.086,0.199,0.906,Light rain detected - minor speed reduction advised
EVT405340,2025-03-05 15:00:27,Political Rally,J009,Majestic,22023,Weekday,False,Clear,False,0.0,False,False,0.394,Moderate,31.9,31.6,120.6,0.107,0.247,0.969,Moderate traffic flow - standard adaptive signal timing in effect
EVT405341,2026-02-26 09:32:45,Political Rally,J009,Majestic,11137,Weekday,False,Clear,False,0.0,False,False,0.953,Severe,9.1,70.5,341.8,0.129,0.299,0.934,Heavy congestion detected - signal timing extended and reroute suggested
EVT405342,2025-10-31 13:37:57,Local Market Day,J020,Malleshwaram Circle,5224,Weekday,False,Clear,False,0.0,False,False,0.296,Low,19.4,13.1,71.2,0.033,0.076,0.97,Moderate traffic flow - standard adaptive signal timing in effect
EVT405343,2025-09-11 15:32:06,Sports Fixture,J031,Cubbon Road,10213,Weekday,False,Clear,False,0.0,False,False,0.433,Moderate,26.8,21.9,266.3,0.187,0.431,0.94,Moderate traffic flow - standard adaptive signal timing in effect
EVT405344,2026-04-16 14:50:27,Local Market Day,J011,Indiranagar 100ft Road,4571,Weekday,False,Clear,False,0.0,False,False,0.166,Low,35.1,13.1,106.7,0.109,0.251,0.963,Normal free-flow traffic - standard signal timing maintained
EVT405345,2026-03-28 14:10:20,Local Market Day,J023,Basavanagudi,8462,Weekend,False,Fog,False,0.0,False,False,0.282,Low,35.8,19.6,137.1,0.115,0.265,0.952,Moderate traffic flow - standard adaptive signal timing in effect
EVT405346,2025-01-22 15:28:52,Concert,J040,City Market,13402,Weekday,False,Fog,False,0.0,False,False,0.352,Moderate,28.4,32.0,206.3,0.173,0.401,0.96,Moderate traffic flow - standard adaptive signal timing in effect
EVT405347,2025-08-08 14:20:10,Local Market Day,J023,Basavanagudi,3379,Weekday,False,Heavy Rain,True,59.3,False,False,0.607,High,22.6,39.0,156.0,0.107,0.247,0.911,Heavy rain reducing visibility and grip - reduced speed and longer buffer advised
EVT405348,2026-03-06 07:05:22,Political Rally,J020,Malleshwaram Circle,18561,Weekday,False,Clear,False,0.0,False,False,0.483,Moderate,32.3,37.6,163.1,0.145,0.336,0.974,Moderate traffic flow - standard adaptive signal timing in effect
EVT405349,2025-11-15 19:33:52,Local Market Day,J023,Basavanagudi,2891,Weekend,False,Clear,False,0.0,False,False,0.756,Severe,18.5,53.8,431.0,0.269,0.621,0.963,Heavy congestion detected - signal timing extended and reroute suggested
EVT405350,2026-06-04 15:19:13,Concert,J031,Cubbon Road,13186,Weekday,False,Rain,True,18.3,False,False,0.559,High,20.8,35.1,233.5,0.146,0.336,0.905,Heavy rain reducing visibility and grip - reduced speed and longer buffer advised
EVT405351,2026-02-05 10:18:40,Sports Fixture,J009,Majestic,14197,Weekday,False,Clear,False,0.0,False,False,0.801,Severe,16.8,59.8,327.4,0.204,0.472,0.951,Heavy congestion detected - signal timing extended and reroute suggested
EVT405352,2026-06-14 09:40:21,Concert,J040,City Market,9747,Weekend,False,Heavy Rain,True,56.4,False,False,1.0,Severe,8.3,70.4,745.4,0.242,0.56,0.86,Heavy rain reducing visibility and grip - reduced speed and longer buffer advised
EVT405353,2025-02-03 07:34:05,Sports Fixture,J023,Basavanagudi,39653,Weekday,False,Clear,False,0.0,False,False,0.905,Severe,11.9,59.4,391.6,0.178,0.411,0.949,Heavy congestion detected - signal timing extended and reroute suggested
EVT405354,2025-08-05 10:01:20,Sports Fixture,J020,Malleshwaram Circle,33507,Weekday,False,Rain,True,21.0,False,False,1.0,Severe,10.6,72.1,335.0,0.142,0.329,0.846,Heavy rain reducing visibility and grip - reduced speed and longer buffer advised
EVT405355,2025-02-09 13:38:08,Sports Fixture,J011,Indiranagar 100ft Road,20946,Weekend,False,Clear,False,0.0,False,False,0.372,Moderate,28.6,33.1,92.8,0.056,0.13,0.981,Moderate traffic flow - standard adaptive signal timing in effect
EVT405356,2025-03-16 15:32:31,Concert,J031,Cubbon Road,29931,Weekend,False,Clear,False,0.0,False,False,0.482,Moderate,24.8,30.9,209.2,0.168,0.389,0.976,Moderate traffic flow - standard adaptive signal timing in effect
EVT405357,2026-01-06 18:40:33,Trade Fair,J023,Basavanagudi,9129,Weekday,False,Clear,False,0.0,False,False,1.0,Severe,6.4,72.3,519.6,0.146,0.337,0.902,Heavy congestion detected - signal timing extended and reroute suggested
EVT405358,2025-09-29 20:20:11,Concert,J040,City Market,8468,Weekday,False,Heavy Rain,True,28.2,False,False,0.947,Severe,10.0,62.5,620.2,0.256,0.591,0.869,Heavy rain reducing visibility and grip - reduced speed and longer buffer advised
EVT405359,2025-02-03 13:09:26,Concert,J020,Malleshwaram Circle,10761,Weekday,False,Clear,False,0.0,False,False,0.193,Low,34.9,12.3,112.2,0.111,0.256,0.956,Normal free-flow traffic - standard signal timing maintained
EVT405360,2025-07-25 18:03:33,Local Market Day,J011,Indiranagar 100ft Road,3357,Weekday,False,Clear,False,0.0,False,False,1.0,Severe,9.0,65.9,619.7,0.221,0.509,0.896,Heavy congestion detected - signal timing extended and reroute suggested
EVT405361,2025-07-05 09:02:45,Trade Fair,J031,Cubbon Road,4645,Weekend,False,Heavy Rain,True,75.6,False,False,1.0,Severe,8.2,69.9,635.4,0.225,0.52,0.887,Heavy rain reducing visibility and grip - reduced speed and longer buffer advised
EVT405362,2026-05-30 10:40:25,Concert,J020,Malleshwaram Circle,7581,Weekend,False,Fog,False,0.0,False,False,0.55,High,29.8,46.4,180.2,0.159,0.368,0.939,Moderate traffic flow - standard adaptive signal timing in effect
EVT405363,2025-12-30 17:39:21,Trade Fair,J023,Basavanagudi,10290,Weekday,False,Clear,False,0.0,False,False,0.928,Severe,13.4,60.4,360.6,0.202,0.467,0.944,Heavy congestion detected - signal timing extended and reroute suggested
EVT405364,2025-12-21 15:35:14,Local Market Day,J031,Cubbon Road,3323,Weekend,False,Clear,False,0.0,False,False,0.486,Moderate,20.7,30.1,112.4,0.048,0.11,0.963,Moderate traffic flow - standard adaptive signal timing in effect
EVT405365,2025-04-29 12:02:31,Political Rally,J023,Basavanagudi,18966,Weekday,False,Clear,False,0.0,False,False,0.328,Low,30.2,21.2,173.9,0.141,0.325,0.95,Moderate traffic flow - standard adaptive signal timing in effect
EVT405366,2026-03-31 10:18:09,Sports Fixture,J023,Basavanagudi,23457,Weekday,False,Clear,False,0.0,False,False,0.828,Severe,15.1,55.8,232.2,0.133,0.308,0.955,Heavy congestion detected - signal timing extended and reroute suggested
EVT405367,2025-01-19 14:31:59,Local Market Day,J040,City Market,3081,Weekend,False,Clear,False,0.0,False,False,0.206,Low,30.2,7.7,190.5,0.137,0.318,0.966,Normal free-flow traffic - standard signal timing maintained
EVT405368,2026-04-10 16:05:12,Sports Fixture,J012,Koramangala Sony World,16052,Weekday,False,Clear,False,0.0,False,False,0.567,High,19.6,44.2,178.7,0.084,0.195,0.969,Moderate traffic flow - standard adaptive signal timing in effect
EVT405369,2025-11-27 19:13:45,Local Market Day,J012,Koramangala Sony World,3669,Weekday,False,Clear,False,0.0,False,False,0.944,Severe,10.0,69.8,497.8,0.178,0.412,0.916,Heavy congestion detected - signal timing extended and reroute suggested
EVT405370,2025-09-07 20:58:13,Local Market Day,J031,Cubbon Road,2634,Weekend,False,Clear,False,0.0,False,False,0.41,Moderate,29.2,31.8,152.1,0.12,0.276,0.97,Moderate traffic flow - standard adaptive signal timing in effect
EVT405371,2025-09-02 08:13:45,Concert,J012,Koramangala Sony World,8463,Weekday,False,Fog,False,0.0,False,False,0.899,Severe,11.0,61.1,469.0,0.216,0.498,0.922,Heavy congestion detected - signal timing extended and reroute suggested
EVT405372,2025-01-04 14:42:46,Sports Fixture,J040,City Market,45112,Weekend,False,Clear,False,0.0,False,False,0.448,Moderate,20.9,35.6,338.0,0.205,0.473,0.965,Moderate traffic flow - standard adaptive signal timing in effect
EVT405373,2025-04-14 22:00:34,Fireworks Display,J040,City Market,38428,Weekday,True,Light Rain,True,4.2,False,False,0.752,Severe,16.6,47.4,201.8,0.129,0.298,0.863,Festival crowd surge detected - alternate route and extended cycle recommended
EVT405374,2025-11-11 14:24:20,Concert,J020,Malleshwaram Circle,11312,Weekday,False,Clear,False,0.0,False,False,0.259,Low,31.5,18.0,123.2,0.098,0.226,0.99,Moderate traffic flow - standard adaptive signal timing in effect
EVT405375,2025-01-26 12:27:02,Religious Festival,J023,Basavanagudi,47877,Weekend,True,Clear,False,0.0,False,False,0.694,High,19.6,48.9,196.5,0.143,0.33,0.892,Festival crowd surge detected - alternate route and extended cycle recommended
EVT405376,2025-05-16 19:03:46,Political Rally,J040,City Market,7510,Weekday,False,Clear,False,0.0,False,False,1.0,Severe,7.6,68.1,673.3,0.213,0.493,0.92,Heavy congestion detected - signal timing extended and reroute suggested
EVT405377,2025-09-26 09:09:46,Trade Fair,J023,Basavanagudi,14184,Weekday,False,Clear,False,0.0,False,False,1.0,Severe,8.4,70.4,733.5,0.27,0.624,0.902,Heavy congestion detected - signal timing extended and reroute suggested
EVT405378,2025-01-17 19:24:00,Concert,J040,City Market,15918,Weekday,False,Clear,False,0.0,False,False,1.0,Severe,6.9,66.4,643.9,0.196,0.453,0.918,Heavy congestion detected - signal timing extended and reroute suggested
EVT405379,2025-08-25 00:45:55,Local Market Day,J023,Basavanagudi,5169,Weekday,False,Rain,True,15.7,False,False,0.389,Moderate,27.1,24.5,231.2,0.17,0.393,0.929,Light rain detected - minor speed reduction advised
EVT405380,2025-03-01 08:52:55,Sports Fixture,J011,Indiranagar 100ft Road,35075,Weekend,False,Clear,False,0.0,False,False,1.0,Severe,8.6,74.6,577.4,0.206,0.475,0.925,Heavy congestion detected - signal timing extended and reroute suggested
EVT405381,2025-03-18 08:43:33,Trade Fair,J031,Cubbon Road,9597,Weekday,False,Fog,False,0.0,False,False,1.0,Severe,8.8,69.0,548.5,0.176,0.406,0.9,Heavy congestion detected - signal timing extended and reroute suggested
EVT405382,2025-06-14 17:20:18,Local Market Day,J020,Malleshwaram Circle,3646,Weekend,False,Rain,True,20.2,False,False,0.907,Severe,11.2,62.5,347.3,0.148,0.341,0.858,Heavy rain reducing visibility and grip - reduced speed and longer buffer advised
EVT405383,2026-03-08 15:11:20,Trade Fair,J030,MG Road,11821,Weekend,False,Clear,False,0.0,False,False,0.279,Low,30.0,21.1,164.9,0.145,0.335,0.946,Moderate traffic flow - standard adaptive signal timing in effect
EVT405384,2025-12-28 21:06:25,Trade Fair,J031,Cubbon Road,9172,Weekend,False,Clear,False,0.0,False,False,0.41,Moderate,28.5,25.1,181.4,0.142,0.328,0.962,Moderate traffic flow - standard adaptive signal timing in effect
EVT405385,2025-09-01 10:24:41,Local Market Day,J040,City Market,2900,Weekday,False,Clear,False,0.0,False,False,0.603,High,22.2,45.9,217.0,0.143,0.33,0.978,Moderate traffic flow - standard adaptive signal timing in effect
EVT405386,2025-03-12 08:48:20,Local Market Day,J020,Malleshwaram Circle,5217,Weekday,False,Clear,False,0.0,False,False,1.0,Severe,9.9,74.3,447.9,0.185,0.427,0.923,Heavy congestion detected - signal timing extended and reroute suggested
EVT405387,2026-02-11 14:53:50,Trade Fair,J030,MG Road,9198,Weekday,False,Clear,False,0.0,False,False,0.242,Low,25.8,19.4,200.1,0.118,0.272,0.974,Normal free-flow traffic - standard signal timing maintained
EVT405388,2025-07-20 11:53:42,Concert,J030,MG Road,11496,Weekend,False,Heavy Rain,True,27.7,False,False,0.645,High,18.7,44.7,206.3,0.122,0.281,0.917,Heavy rain reducing visibility and grip - reduced speed and longer buffer advised
EVT405389,2025-12-21 15:35:48,Sports Fixture,J012,Koramangala Sony World,11868,Weekend,False,Fog,False,0.0,False,False,0.402,Moderate,25.8,27.4,290.0,0.2,0.463,0.962,Moderate traffic flow - standard adaptive signal timing in effect
EVT405390,2026-03-30 15:25:29,Trade Fair,J023,Basavanagudi,12224,Weekday,False,Clear,False,0.0,False,False,0.336,Low,33.7,26.7,126.4,0.092,0.211,0.986,Moderate traffic flow - standard adaptive signal timing in effect
EVT405391,2025-02-12 07:47:42,Local Market Day,J023,Basavanagudi,2633,Weekday,False,Clear,False,0.0,False,False,0.752,Severe,20.2,55.5,275.7,0.181,0.419,0.99,Heavy congestion detected - signal timing extended and reroute suggested
EVT405392,2025-06-27 15:29:02,Concert,J030,MG Road,7576,Weekday,False,Rain,True,22.8,False,False,0.618,High,20.7,47.4,301.3,0.188,0.434,0.934,Heavy rain reducing visibility and grip - reduced speed and longer buffer advised
EVT405393,2025-02-11 12:57:25,Local Market Day,J040,City Market,2566,Weekday,False,Clear,False,0.0,False,False,0.177,Low,36.3,11.7,94.1,0.099,0.228,0.984,Normal free-flow traffic - standard signal timing maintained
EVT405394,2025-06-04 20:35:36,Concert,J020,Malleshwaram Circle,18178,Weekday,False,Clear,False,0.0,False,False,0.589,High,24.1,43.9,87.2,0.067,0.154,0.957,Moderate traffic flow - standard adaptive signal timing in effect
EVT405395,2025-04-28 07:21:36,Sports Fixture,J040,City Market,24215,Weekday,False,Clear,False,0.0,False,False,0.646,High,25.2,41.2,265.9,0.207,0.478,0.974,Moderate traffic flow - standard adaptive signal timing in effect
EVT405396,2025-02-02 11:37:11,Concert,J011,Indiranagar 100ft Road,16038,Weekend,False,Clear,False,0.0,False,False,0.42,Moderate,26.9,30.4,95.4,0.077,0.178,0.962,Moderate traffic flow - standard adaptive signal timing in effect
EVT405397,2026-04-29 11:51:46,Concert,J011,Indiranagar 100ft Road,15160,Weekday,False,Clear,False,0.0,False,False,0.325,Low,32.7,24.7,153.9,0.135,0.312,0.965,Moderate traffic flow - standard adaptive signal timing in effect
EVT405398,2025-02-13 02:39:05,Political Rally,J020,Malleshwaram Circle,8633,Weekday,False,Clear,False,0.0,False,False,0.265,Low,25.6,16.4,244.9,0.156,0.361,0.949,Moderate traffic flow - standard adaptive signal timing in effect
EVT405399,2025-12-28 13:03:59,Concert,J023,Basavanagudi,15176,Weekend,False,Clear,False,0.0,False,False,0.271,Low,26.3,11.8,213.5,0.145,0.336,0.971,Moderate traffic flow - standard adaptive signal timing in effect
EVT405400,2026-03-13 15:01:09,Sports Fixture,J020,Malleshwaram Circle,66782,Weekday,False,Clear,False,0.0,False,False,0.643,High,18.3,46.4,331.9,0.193,0.445,0.99,Moderate traffic flow - standard adaptive signal timing in effect
EVT405401,2025-10-14 21:12:28,Local Market Day,J011,Indiranagar 100ft Road,5069,Weekday,False,Clear,False,0.0,False,False,0.404,Moderate,24.7,26.5,134.8,0.086,0.2,0.954,Moderate traffic flow - standard adaptive signal timing in effect
EVT405402,2025-02-01 20:00:06,Local Market Day,J030,MG Road,4727,Weekend,False,Clear,False,0.0,False,False,0.688,High,16.7,46.1,264.2,0.164,0.38,0.964,Moderate traffic flow - standard adaptive signal timing in effect
EVT405403,2025-04-10 18:04:45,Concert,J031,Cubbon Road,9154,Weekday,False,Clear,False,0.0,False,False,1.0,Severe,7.3,72.3,699.0,0.193,0.446,0.907,Heavy congestion detected - signal timing extended and reroute suggested
EVT405404,2025-06-20 19:27:26,Trade Fair,J030,MG Road,6226,Weekday,False,Clear,False,0.0,False,False,0.895,Severe,12.1,57.8,347.3,0.169,0.39,0.927,Heavy congestion detected - signal timing extended and reroute suggested
EVT405405,2025-01-15 16:55:20,Cultural Procession,J031,Cubbon Road,8539,Weekday,True,Clear,False,0.0,False,True,1.0,Severe,8.9,106.1,605.3,0.225,0.52,0.862,Road closure for event/procession - full detour recommended for through-traffic
EVT405406,2025-10-15 15:01:31,Political Rally,J040,City Market,20462,Weekday,False,Clear,False,0.0,False,False,0.388,Moderate,33.2,18.7,116.8,0.105,0.242,0.943,Moderate traffic flow - standard adaptive signal timing in effect
EVT405407,2025-07-30 17:22:19,Political Rally,J012,Koramangala Sony World,9705,Weekday,False,Light Rain,True,5.7,False,False,0.95,Severe,11.7,63.1,522.2,0.252,0.582,0.892,Heavy rain reducing visibility and grip - reduced speed and longer buffer advised
EVT405408,2026-03-27 17:48:12,Cultural Procession,J012,Koramangala Sony World,28287,Weekday,True,Clear,False,0.0,False,True,1.0,Severe,7.5,99.3,519.5,0.182,0.42,0.826,Road closure for event/procession - full detour recommended for through-traffic
EVT405409,2025-01-24 10:47:30,Trade Fair,J020,Malleshwaram Circle,7013,Weekday,False,Clear,False,0.0,False,False,0.532,Moderate,23.0,44.9,159.8,0.107,0.248,0.953,Moderate traffic flow - standard adaptive signal timing in effect
EVT405410,2025-06-16 22:51:25,Political Rally,J012,Koramangala Sony World,22203,Weekday,False,Clear,False,0.0,False,False,0.391,Moderate,30.4,28.2,180.8,0.156,0.359,0.953,Moderate traffic flow - standard adaptive signal timing in effect
EVT405411,2025-08-25 19:12:18,Sports Fixture,J031,Cubbon Road,23940,Weekday,False,Rain,True,20.4,False,False,1.0,Severe,8.4,79.0,619.5,0.212,0.491,0.866,Heavy rain reducing visibility and grip - reduced speed and longer buffer advised
EVT405412,2025-07-01 08:31:19,Sports Fixture,J030,MG Road,21602,Weekday,False,Clear,False,0.0,False,False,1.0,Severe,7.2,68.9,652.0,0.205,0.473,0.923,Heavy congestion detected - signal timing extended and reroute suggested
EVT405413,2026-01-09 12:35:52,Trade Fair,J023,Basavanagudi,10238,Weekday,False,Clear,False,0.0,False,False,0.255,Low,27.8,19.5,157.9,0.119,0.274,0.957,Moderate traffic flow - standard adaptive signal timing in effect
EVT405414,2025-08-14 20:12:31,Concert,J031,Cubbon Road,8681,Weekday,False,Rain,True,21.8,False,False,0.901,Severe,11.4,59.4,302.7,0.141,0.325,0.891,Heavy rain reducing visibility and grip - reduced speed and longer buffer advised
EVT405415,2025-01-09 15:36:29,Concert,J031,Cubbon Road,5452,Weekday,False,Clear,False,0.0,False,False,0.296,Low,32.4,15.6,90.2,0.064,0.148,0.959,Moderate traffic flow - standard adaptive signal timing in effect
EVT405416,2026-03-16 08:26:15,Trade Fair,J020,Malleshwaram Circle,15366,Weekday,False,Fog,False,0.0,False,False,1.0,Severe,9.7,76.9,557.3,0.227,0.524,0.922,Heavy congestion detected - signal timing extended and reroute suggested
EVT405417,2025-03-19 22:24:59,Sports Fixture,J020,Malleshwaram Circle,21606,Weekday,False,Clear,False,0.0,False,False,0.247,Low,28.0,14.3,183.2,0.137,0.316,0.987,Normal free-flow traffic - standard signal timing maintained
EVT405418,2026-03-02 09:10:28,Sports Fixture,J031,Cubbon Road,29161,Weekday,False,Clear,False,0.0,False,False,1.0,Severe,9.5,71.6,306.7,0.124,0.286,0.91,Heavy congestion detected - signal timing extended and reroute suggested
EVT405419,2025-06-21 06:15:58,Sports Fixture,J020,Malleshwaram Circle,9087,Weekend,False,Clear,False,0.0,False,False,0.316,Low,28.5,21.1,108.0,0.098,0.227,0.966,Moderate traffic flow - standard adaptive signal timing in effect
EVT405420,2025-05-29 07:39:29,Local Market Day,J031,Cubbon Road,3350,Weekday,False,Clear,False,0.0,False,False,0.658,High,21.3,50.2,233.2,0.167,0.385,0.978,Moderate traffic flow - standard adaptive signal timing in effect
EVT405421,2026-06-23 08:26:14,Local Market Day,J020,Malleshwaram Circle,2107,Weekday,False,Clear,False,0.0,False,False,0.959,Severe,10.6,66.9,618.6,0.262,0.606,0.906,Heavy congestion detected - signal timing extended and reroute suggested
EVT405422,2026-03-03 12:49:24,Political Rally,J023,Basavanagudi,21466,Weekday,False,Clear,False,0.0,False,False,0.375,Moderate,31.0,34.2,175.5,0.142,0.328,0.977,Moderate traffic flow - standard adaptive signal timing in effect
EVT405423,2026-06-25 08:16:16,Political Rally,J009,Majestic,15134,Weekday,False,Heavy Rain,True,39.4,False,False,1.0,Severe,7.7,74.3,459.0,0.165,0.382,0.836,Heavy rain reducing visibility and grip - reduced speed and longer buffer advised
EVT405424,2025-05-30 08:24:22,Trade Fair,J020,Malleshwaram Circle,4900,Weekday,False,Rain,True,13.3,False,False,1.0,Severe,6.4,68.5,377.7,0.117,0.27,0.872,Heavy rain reducing visibility and grip - reduced speed and longer buffer advised
EVT405425,2025-10-28 10:13:41,Political Rally,J023,Basavanagudi,13746,Weekday,False,Clear,False,0.0,False,False,0.806,Severe,16.4,56.3,254.3,0.147,0.34,0.969,Heavy congestion detected - signal timing extended and reroute suggested
EVT405426,2025-07-19 19:01:58,Trade Fair,J009,Majestic,5676,Weekend,False,Clear,False,0.0,False,False,0.845,Severe,15.5,60.8,247.0,0.116,0.269,0.946,Heavy congestion detected - signal timing extended and reroute suggested
EVT405427,2025-07-22 08:46:44,Sports Fixture,J023,Basavanagudi,18134,Weekday,False,Clear,False,0.0,False,False,1.0,Severe,9.1,65.3,485.2,0.18,0.415,0.909,Heavy congestion detected - signal timing extended and reroute suggested
EVT405428,2025-09-22 06:21:38,Local Market Day,J040,City Market,3919,Weekday,False,Clear,False,0.0,False,False,0.303,Low,22.8,22.2,236.0,0.121,0.279,0.96,Moderate traffic flow - standard adaptive signal timing in effect
EVT405429,2025-05-16 18:34:45,Local Market Day,J012,Koramangala Sony World,4665,Weekday,False,Clear,False,0.0,False,False,1.0,Severe,7.9,73.1,695.8,0.223,0.515,0.904,Heavy congestion detected - signal timing extended and reroute suggested
EVT405430,2026-03-15 18:01:15,Sports Fixture,J011,Indiranagar 100ft Road,15047,Weekend,False,Clear,False,0.0,False,False,0.859,Severe,11.3,61.6,296.0,0.128,0.297,0.935,Heavy congestion detected - signal timing extended and reroute suggested
EVT405431,2025-06-02 00:37:21,Sports Fixture,J011,Indiranagar 100ft Road,21322,Weekday,False,Clear,False,0.0,False,False,0.271,Low,32.3,23.5,158.5,0.135,0.312,0.937,Moderate traffic flow - standard adaptive signal timing in effect
EVT405432,2025-08-27 12:48:35,Religious Festival,J040,City Market,62611,Weekday,True,Rain,True,8.8,False,True,1.0,Severe,9.4,95.9,659.3,0.25,0.578,0.788,Road closure for event/procession - full detour recommended for through-traffic
EVT405433,2025-11-12 08:57:11,Sports Fixture,J040,City Market,15104,Weekday,False,Clear,False,0.0,False,False,1.0,Severe,8.9,76.8,580.4,0.214,0.494,0.891,Heavy congestion detected - signal timing extended and reroute suggested
EVT405434,2026-01-01 16:34:27,Religious Festival,J040,City Market,77984,Weekday,True,Clear,False,0.0,False,False,1.0,Severe,7.4,77.4,739.8,0.23,0.531,0.875,Festival crowd surge detected - alternate route and extended cycle recommended
EVT405435,2025-04-07 11:29:55,Religious Festival,J011,Indiranagar 100ft Road,53968,Weekday,True,Clear,False,0.0,False,True,1.0,Severe,10.1,108.2,418.2,0.174,0.403,0.865,Road closure for event/procession - full detour recommended for through-traffic
EVT405436,2025-05-26 11:17:37,Local Market Day,J023,Basavanagudi,2078,Weekday,False,Rain,True,10.1,False,False,0.46,Moderate,19.2,37.8,278.0,0.178,0.41,0.881,Light rain detected - minor speed reduction advised
EVT405437,2025-01-21 08:53:59,Sports Fixture,J020,Malleshwaram Circle,29240,Weekday,False,Clear,False,0.0,False,False,1.0,Severe,8.5,72.2,385.4,0.14,0.323,0.901,Heavy congestion detected - signal timing extended and reroute suggested
EVT405438,2025-10-12 10:02:00,Concert,J012,Koramangala Sony World,16172,Weekend,False,Clear,False,0.0,False,False,0.72,High,19.7,52.5,223.9,0.134,0.308,0.979,Moderate traffic flow - standard adaptive signal timing in effect
EVT405439,2026-05-13 10:50:13,Sports Fixture,J040,City Market,26199,Weekday,False,Clear,False,0.0,False,False,0.571,High,21.4,43.9,184.5,0.116,0.268,0.941,Moderate traffic flow - standard adaptive signal timing in effect
EVT405440,2025-11-17 12:35:07,Trade Fair,J031,Cubbon Road,11829,Weekday,False,Clear,False,0.0,False,False,0.286,Low,32.7,19.2,229.4,0.2,0.461,0.965,Moderate traffic flow - standard adaptive signal timing in effect
EVT405441,2026-06-01 16:46:23,Local Market Day,J011,Indiranagar 100ft Road,3795,Weekday,False,Clear,False,0.0,False,False,0.672,High,16.4,49.5,288.8,0.162,0.375,0.936,Moderate traffic flow - standard adaptive signal timing in effect
EVT405442,2025-12-30 12:42:01,Sports Fixture,J011,Indiranagar 100ft Road,18157,Weekday,False,Clear,False,0.0,False,False,0.265,Low,27.1,16.1,146.8,0.082,0.189,0.973,Moderate traffic flow - standard adaptive signal timing in effect
EVT405443,2025-10-13 16:00:08,Local Market Day,J023,Basavanagudi,4248,Weekday,False,Clear,False,0.0,False,False,0.402,Moderate,32.4,29.2,208.3,0.219,0.506,0.936,Moderate traffic flow - standard adaptive signal timing in effect
EVT405444,2026-01-15 13:19:40,Religious Festival,J031,Cubbon Road,49196,Weekday,True,Fog,False,0.0,False,True,0.829,High,14.7,89.7,503.3,0.254,0.587,0.865,Road closure for event/procession - full detour recommended for through-traffic
EVT405445,2025-08-08 09:04:49,Local Market Day,J031,Cubbon Road,6980,Weekday,False,Clear,False,0.0,False,False,1.0,Severe,9.9,76.4,638.6,0.234,0.541,0.923,Heavy congestion detected - signal timing extended and reroute suggested
EVT405446,2025-01-18 10:51:21,Local Market Day,J020,Malleshwaram Circle,3393,Weekend,False,Clear,False,0.0,False,False,0.456,Moderate,24.6,29.6,161.5,0.125,0.288,0.986,Moderate traffic flow - standard adaptive signal timing in effect
EVT405447,2026-06-16 05:26:33,Trade Fair,J012,Koramangala Sony World,15763,Weekday,False,Heavy Rain,True,30.0,False,False,0.606,High,20.9,45.1,158.8,0.095,0.22,0.894,Heavy rain reducing visibility and grip - reduced speed and longer buffer advised
EVT405448,2026-02-04 16:45:12,Sports Fixture,J011,Indiranagar 100ft Road,24654,Weekday,False,Clear,False,0.0,True,False,1.0,Severe,10.2,71.2,205.3,0.101,0.234,0.754,Accident detected nearby - reroute and reduced speed advised
EVT405449,2026-02-04 13:05:51,Trade Fair,J031,Cubbon Road,13449,Weekday,False,Clear,False,0.0,False,False,0.298,Low,26.3,27.3,245.9,0.167,0.385,0.979,Moderate traffic flow - standard adaptive signal timing in effect
EVT405450,2025-12-11 17:27:30,Local Market Day,J031,Cubbon Road,5293,Weekday,False,Clear,False,0.0,False,False,0.849,Severe,13.5,63.7,232.1,0.126,0.292,0.97,Heavy congestion detected - signal timing extended and reroute suggested
EVT405451,2025-04-13 14:54:36,Concert,J020,Malleshwaram Circle,7380,Weekend,False,Clear,False,0.0,False,False,0.315,Low,31.0,20.6,103.5,0.091,0.209,0.951,Moderate traffic flow - standard adaptive signal timing in effect
EVT405452,2025-09-24 19:35:34,Sports Fixture,J040,City Market,10346,Weekday,False,Heavy Rain,True,44.8,False,False,1.0,Severe,6.5,68.4,789.1,0.237,0.547,0.889,Heavy rain reducing visibility and grip - reduced speed and longer buffer advised
EVT405453,2025-08-03 18:12:25,Trade Fair,J031,Cubbon Road,11087,Weekend,False,Heavy Rain,True,28.6,False,False,1.0,Severe,10.0,71.7,264.8,0.119,0.275,0.875,Heavy rain reducing visibility and grip - reduced speed and longer buffer advised
EVT405454,2025-02-05 19:15:41,Concert,J009,Majestic,19623,Weekday,False,Clear,False,0.0,False,False,1.0,Severe,7.2,62.5,704.5,0.216,0.498,0.921,Heavy congestion detected - signal timing extended and reroute suggested
EVT405455,2025-11-19 11:46:46,Local Market Day,J030,MG Road,2484,Weekday,False,Clear,False,0.0,False,False,0.292,Low,33.2,19.7,160.7,0.156,0.361,0.99,Moderate traffic flow - standard adaptive signal timing in effect
EVT405456,2026-03-10 17:19:56,Sports Fixture,J011,Indiranagar 100ft Road,14950,Weekday,False,Clear,False,0.0,False,False,0.861,Severe,12.8,59.8,398.3,0.178,0.41,0.927,Heavy congestion detected - signal timing extended and reroute suggested
EVT405457,2025-11-21 20:45:44,Concert,J040,City Market,7710,Weekday,False,Clear,False,0.0,False,False,0.536,Moderate,24.0,41.2,193.6,0.166,0.384,0.978,Moderate traffic flow - standard adaptive signal timing in effect
EVT405458,2025-12-17 11:49:27,Concert,J031,Cubbon Road,17788,Weekday,False,Clear,False,0.0,True,False,0.708,High,20.4,49.4,196.5,0.126,0.291,0.811,Accident detected nearby - reroute and reduced speed advised
EVT405459,2025-11-08 11:46:58,Concert,J012,Koramangala Sony World,7062,Weekend,False,Clear,False,0.0,False,False,0.346,Low,32.4,21.3,165.7,0.128,0.296,0.958,Moderate traffic flow - standard adaptive signal timing in effect
EVT405460,2025-12-27 21:47:25,Trade Fair,J030,MG Road,7405,Weekend,False,Clear,False,0.0,False,False,0.35,Moderate,22.8,26.6,257.0,0.167,0.385,0.98,Moderate traffic flow - standard adaptive signal timing in effect
EVT405461,2025-08-17 11:13:19,Sports Fixture,J030,MG Road,15993,Weekend,False,Clear,False,0.0,False,False,0.523,Moderate,20.6,37.4,196.2,0.129,0.299,0.978,Moderate traffic flow - standard adaptive signal timing in effect
EVT405462,2026-03-03 07:32:36,Sports Fixture,J040,City Market,14502,Weekday,False,Clear,False,0.0,False,False,0.629,High,21.4,42.6,94.9,0.045,0.103,0.973,Moderate traffic flow - standard adaptive signal timing in effect
EVT405463,2026-04-03 10:21:08,Trade Fair,J009,Majestic,10660,Weekday,False,Clear,False,0.0,False,False,0.751,Severe,17.7,50.1,289.1,0.187,0.432,0.967,Heavy congestion detected - signal timing extended and reroute suggested
EVT405464,2026-04-30 23:48:38,Concert,J020,Malleshwaram Circle,20532,Weekday,False,Clear,False,0.0,False,False,0.257,Low,33.2,19.5,134.8,0.113,0.262,0.987,Moderate traffic flow - standard adaptive signal timing in effect
EVT405465,2025-01-13 12:18:43,Sports Fixture,J031,Cubbon Road,33727,Weekday,False,Light Rain,True,3.0,False,False,0.386,Moderate,32.3,28.7,109.6,0.096,0.222,0.899,Light rain detected - minor speed reduction advised
EVT405466,2025-04-12 11:32:46,Political Rally,J040,City Market,12869,Weekend,False,Clear,False,0.0,False,False,0.444,Moderate,28.2,32.2,155.3,0.129,0.297,0.971,Moderate traffic flow - standard adaptive signal timing in effect
EVT405467,2025-11-11 10:47:26,Trade Fair,J020,Malleshwaram Circle,13077,Weekday,False,Clear,False,0.0,False,False,0.583,High,26.8,39.0,183.4,0.172,0.398,0.969,Moderate traffic flow - standard adaptive signal timing in effect
EVT405468,2025-06-15 20:35:38,Trade Fair,J011,Indiranagar 100ft Road,7696,Weekend,False,Clear,False,0.0,False,False,0.502,Moderate,29.7,40.8,170.0,0.137,0.317,0.974,Moderate traffic flow - standard adaptive signal timing in effect
EVT405469,2025-01-15 08:49:40,Religious Festival,J009,Majestic,48601,Weekday,True,Fog,False,0.0,False,True,1.0,Severe,9.0,96.6,410.0,0.141,0.326,0.836,Road closure for event/procession - full detour recommended for through-traffic
EVT405470,2026-03-17 10:30:21,Local Market Day,J040,City Market,2734,Weekday,False,Clear,False,0.0,False,False,0.584,High,22.4,44.3,233.8,0.159,0.368,0.951,Moderate traffic flow - standard adaptive signal timing in effect
EVT405471,2026-01-26 18:50:22,Cultural Procession,J012,Koramangala Sony World,33366,Weekday,True,Clear,False,0.0,False,True,1.0,Severe,8.7,107.5,543.2,0.218,0.504,0.816,Road closure for event/procession - full detour recommended for through-traffic
EVT405472,2026-04-17 14:48:44,Concert,J030,MG Road,16305,Weekday,False,Fog,False,0.0,False,False,0.29,Low,25.0,16.0,228.9,0.153,0.352,0.972,Moderate traffic flow - standard adaptive signal timing in effect
EVT405473,2025-08-01 21:10:09,Political Rally,J012,Koramangala Sony World,14202,Weekday,False,Heavy Rain,True,70.9,False,False,0.881,Severe,11.7,61.2,184.0,0.072,0.165,0.891,Heavy rain reducing visibility and grip - reduced speed and longer buffer advised
EVT405474,2025-06-20 08:44:01,Concert,J040,City Market,15153,Weekday,False,Clear,False,0.0,False,False,1.0,Severe,8.7,68.4,586.3,0.204,0.472,0.921,Heavy congestion detected - signal timing extended and reroute suggested
EVT405475,2025-01-31 18:36:46,Concert,J030,MG Road,8531,Weekday,False,Clear,False,0.0,False,False,1.0,Severe,8.7,73.5,571.4,0.204,0.47,0.923,Heavy congestion detected - signal timing extended and reroute suggested
EVT405476,2025-08-20 16:21:18,Trade Fair,J020,Malleshwaram Circle,10604,Weekday,False,Heavy Rain,True,27.1,False,False,0.778,Severe,15.7,54.5,183.8,0.103,0.238,0.92,Heavy rain reducing visibility and grip - reduced speed and longer buffer advised
EVT405477,2025-05-02 00:32:13,Cultural Procession,J020,Malleshwaram Circle,12799,Weekday,True,Clear,False,0.0,False,True,0.585,Moderate,20.2,63.6,223.7,0.141,0.326,0.909,Road closure for event/procession - full detour recommended for through-traffic
EVT405478,2026-02-05 09:45:49,Concert,J023,Basavanagudi,4894,Weekday,False,Fog,False,0.0,False,False,0.904,Severe,12.4,65.9,150.7,0.068,0.156,0.949,Heavy congestion detected - signal timing extended and reroute suggested
EVT405479,2025-10-03 16:50:39,Fireworks Display,J040,City Market,35202,Weekday,True,Rain,True,13.6,False,False,1.0,Severe,8.6,67.0,421.6,0.167,0.385,0.827,Festival crowd surge detected - alternate route and extended cycle recommended
EVT405480,2026-01-15 17:10:05,Religious Festival,J023,Basavanagudi,38051,Weekday,True,Clear,False,0.0,False,True,1.0,Severe,9.1,104.2,357.9,0.172,0.397,0.851,Road closure for event/procession - full detour recommended for through-traffic
EVT405481,2025-01-29 07:49:20,Political Rally,J040,City Market,17516,Weekday,False,Clear,False,0.0,False,False,0.842,Severe,14.2,61.2,391.4,0.204,0.472,0.922,Heavy congestion detected - signal timing extended and reroute suggested
EVT405482,2025-11-29 19:10:11,Political Rally,J020,Malleshwaram Circle,15388,Weekend,False,Clear,False,0.0,False,False,0.846,Severe,14.9,63.6,173.5,0.097,0.223,0.951,Heavy congestion detected - signal timing extended and reroute suggested
EVT405483,2025-01-20 18:45:00,Trade Fair,J011,Indiranagar 100ft Road,7679,Weekday,False,Clear,False,0.0,False,False,1.0,Severe,9.4,68.0,600.2,0.223,0.515,0.926,Heavy congestion detected - signal timing extended and reroute suggested
EVT405484,2026-02-16 12:26:01,Political Rally,J023,Basavanagudi,11824,Weekday,False,Clear,False,0.0,False,False,0.313,Low,31.6,17.4,48.3,0.046,0.105,0.969,Moderate traffic flow - standard adaptive signal timing in effect
EVT405485,2025-12-20 16:50:05,Local Market Day,J011,Indiranagar 100ft Road,2222,Weekend,False,Clear,False,0.0,False,False,0.574,High,20.0,36.5,129.2,0.078,0.179,0.972,Moderate traffic flow - standard adaptive signal timing in effect
EVT405486,2025-12-14 14:14:14,Trade Fair,J040,City Market,9824,Weekend,False,Clear,False,0.0,False,False,0.287,Low,39.0,15.8,78.2,0.083,0.191,0.969,Moderate traffic flow - standard adaptive signal timing in effect
EVT405487,2026-04-30 09:36:04,Trade Fair,J009,Majestic,9515,Weekday,False,Clear,False,0.0,False,False,0.939,Severe,11.7,68.4,609.8,0.282,0.653,0.897,Heavy congestion detected - signal timing extended and reroute suggested
EVT405488,2026-05-14 17:40:01,Trade Fair,J023,Basavanagudi,6134,Weekday,False,Clear,False,0.0,False,False,0.86,Severe,16.2,59.6,175.3,0.099,0.228,0.949,Heavy congestion detected - signal timing extended and reroute suggested
EVT405489,2025-03-09 08:47:43,Sports Fixture,J009,Majestic,19131,Weekend,False,Clear,False,0.0,False,False,0.908,Severe,10.1,60.6,606.2,0.242,0.56,0.938,Heavy congestion detected - signal timing extended and reroute suggested
EVT405490,2026-02-10 17:55:40,Sports Fixture,J012,Koramangala Sony World,16177,Weekday,False,Clear,False,0.0,False,False,1.0,Severe,9.3,66.9,281.1,0.123,0.284,0.891,Heavy congestion detected - signal timing extended and reroute suggested
EVT405491,2026-06-26 13:15:46,Political Rally,J030,MG Road,24197,Weekday,False,Heavy Rain,True,47.4,False,False,0.629,High,19.3,45.8,281.0,0.166,0.384,0.881,Heavy rain reducing visibility and grip - reduced speed and longer buffer advised
EVT405492,2025-07-26 14:11:38,Sports Fixture,J023,Basavanagudi,25025,Weekend,False,Heavy Rain,True,47.6,False,False,0.811,Severe,18.7,57.3,500.2,0.321,0.742,0.921,Heavy rain reducing visibility and grip - reduced speed and longer buffer advised
EVT405493,2025-05-18 21:22:04,Local Market Day,J040,City Market,4053,Weekend,False,Rain,True,18.0,False,False,0.6,High,21.7,48.8,353.5,0.246,0.568,0.93,Heavy rain reducing visibility and grip - reduced speed and longer buffer advised
EVT405494,2025-03-09 09:17:38,Sports Fixture,J023,Basavanagudi,19558,Weekend,False,Clear,False,0.0,False,False,0.979,Severe,9.1,70.4,678.8,0.24,0.555,0.93,Heavy congestion detected - signal timing extended and reroute suggested
EVT405495,2025-07-02 18:40:34,Concert,J011,Indiranagar 100ft Road,19892,Weekday,False,Clear,False,0.0,False,False,1.0,Severe,9.2,71.5,852.3,0.328,0.757,0.913,Heavy congestion detected - signal timing extended and reroute suggested
EVT405496,2025-07-08 20:57:20,Local Market Day,J040,City Market,3256,Weekday,False,Light Rain,True,2.5,False,False,0.473,Moderate,25.7,35.0,172.9,0.127,0.293,0.893,Light rain detected - minor speed reduction advised
EVT405497,2026-02-03 17:43:37,Concert,J030,MG Road,26034,Weekday,False,Clear,False,0.0,False,False,1.0,Severe,11.1,68.5,549.8,0.248,0.572,0.901,Heavy congestion detected - signal timing extended and reroute suggested
EVT405498,2025-06-22 00:23:59,Political Rally,J011,Indiranagar 100ft Road,15729,Weekend,False,Clear,False,0.0,False,False,0.383,Moderate,28.7,38.6,173.4,0.145,0.335,0.961,Moderate traffic flow - standard adaptive signal timing in effect
EVT405499,2025-07-07 19:28:44,Political Rally,J040,City Market,13458,Weekday,False,Clear,False,0.0,False,False,0.891,Severe,10.8,60.3,562.3,0.249,0.574,0.942,Heavy congestion detected - signal timing extended and reroute suggested
EVT405500,2026-03-19 10:13:09,Religious Festival,J009,Majestic,87524,Weekday,True,Light Rain,True,5.1,False,True,1.0,Severe,8.2,103.7,654.2,0.222,0.512,0.781,Road closure for event/procession - full detour recommended for through-traffic
EVT405501,2026-03-10 10:45:40,Local Market Day,J020,Malleshwaram Circle,4556,Weekday,False,Clear,False,0.0,False,False,0.395,Moderate,33.3,33.4,140.7,0.122,0.283,0.99,Moderate traffic flow - standard adaptive signal timing in effect
EVT405502,2026-04-04 08:31:58,Local Market Day,J009,Majestic,6068,Weekend,False,Clear,False,0.0,False,False,0.873,Severe,13.0,65.2,317.4,0.14,0.324,0.943,Heavy congestion detected - signal timing extended and reroute suggested
EVT405503,2026-05-20 15:56:23,Concert,J020,Malleshwaram Circle,9812,Weekday,False,Clear,False,0.0,False,False,0.455,Moderate,27.7,34.3,201.7,0.147,0.339,0.959,Moderate traffic flow - standard adaptive signal timing in effect
EVT405504,2026-06-05 09:24:30,Political Rally,J031,Cubbon Road,26899,Weekday,False,Clear,False,0.0,False,False,1.0,Severe,6.1,79.5,789.4,0.207,0.477,0.908,Heavy congestion detected - signal timing extended and reroute suggested
EVT405505,2025-03-30 19:34:02,Religious Festival,J012,Koramangala Sony World,51081,Weekend,True,Clear,False,0.0,False,True,1.0,Severe,9.3,101.9,350.8,0.155,0.359,0.822,Road closure for event/procession - full detour recommended for through-traffic
EVT405506,2026-05-09 06:11:09,Sports Fixture,J031,Cubbon Road,19623,Weekend,False,Clear,False,0.0,False,False,0.361,Moderate,26.2,23.5,219.9,0.179,0.413,0.965,Moderate traffic flow - standard adaptive signal timing in effect
EVT405507,2025-09-23 10:48:34,Trade Fair,J009,Majestic,10244,Weekday,False,Clear,False,0.0,False,False,0.611,High,22.1,40.5,140.0,0.102,0.236,0.954,Moderate traffic flow - standard adaptive signal timing in effect
EVT405508,2026-01-24 13:51:47,Local Market Day,J009,Majestic,4870,Weekend,False,Clear,False,0.0,False,False,0.255,Low,37.6,21.8,114.1,0.09,0.207,0.985,Moderate traffic flow - standard adaptive signal timing in effect
EVT405509,2026-01-23 20:05:13,Local Market Day,J020,Malleshwaram Circle,3326,Weekday,False,Clear,False,0.0,False,False,0.661,High,20.4,46.7,188.0,0.123,0.284,0.971,Moderate traffic flow - standard adaptive signal timing in effect
EVT405510,2025-10-28 03:16:35,Concert,J040,City Market,18311,Weekday,False,Clear,False,0.0,False,False,0.274,Low,34.1,24.0,154.3,0.142,0.327,0.964,Moderate traffic flow - standard adaptive signal timing in effect
EVT405511,2025-06-13 10:21:11,Political Rally,J012,Koramangala Sony World,18488,Weekday,False,Clear,False,0.0,False,False,0.762,Severe,18.4,54.3,223.7,0.134,0.311,0.963,Heavy congestion detected - signal timing extended and reroute suggested
EVT405512,2026-06-11 08:32:42,Sports Fixture,J012,Koramangala Sony World,40362,Weekday,False,Clear,False,0.0,False,False,1.0,Severe,7.0,72.7,755.7,0.207,0.477,0.917,Heavy congestion detected - signal timing extended and reroute suggested
EVT405513,2025-02-15 21:15:15,Political Rally,J023,Basavanagudi,5398,Weekend,False,Clear,False,0.0,False,False,0.399,Moderate,29.7,29.3,185.9,0.15,0.346,0.962,Moderate traffic flow - standard adaptive signal timing in effect
EVT405514,2026-04-19 13:48:39,Local Market Day,J011,Indiranagar 100ft Road,2377,Weekend,False,Clear,False,0.0,False,False,0.292,Low,35.6,24.4,79.9,0.074,0.172,0.938,Moderate traffic flow - standard adaptive signal timing in effect
EVT405515,2025-03-07 19:23:21,Sports Fixture,J011,Indiranagar 100ft Road,21507,Weekday,False,Clear,False,0.0,False,False,1.0,Severe,8.0,72.6,497.5,0.171,0.395,0.907,Heavy congestion detected - signal timing extended and reroute suggested
EVT405516,2025-06-18 10:33:12,Concert,J031,Cubbon Road,18687,Weekday,False,Clear,False,0.0,False,False,0.697,High,18.0,47.7,282.5,0.19,0.44,0.943,Moderate traffic flow - standard adaptive signal timing in effect
EVT405517,2025-06-21 18:24:59,Local Market Day,J011,Indiranagar 100ft Road,5383,Weekend,False,Clear,False,0.0,False,False,0.926,Severe,12.0,59.9,366.6,0.175,0.405,0.927,Heavy congestion detected - signal timing extended and reroute suggested
EVT405518,2025-01-31 17:50:45,Trade Fair,J040,City Market,10881,Weekday,False,Clear,False,0.0,False,False,1.0,Severe,7.5,70.5,621.0,0.208,0.48,0.938,Heavy congestion detected - signal timing extended and reroute suggested
EVT405519,2026-03-07 15:18:08,Local Market Day,J023,Basavanagudi,3979,Weekend,False,Clear,False,0.0,False,False,0.337,Low,34.8,27.3,166.8,0.155,0.359,0.979,Moderate traffic flow - standard adaptive signal timing in effect
EVT405520,2025-03-24 05:38:49,Concert,J011,Indiranagar 100ft Road,6575,Weekday,False,Clear,False,0.0,False,False,0.286,Low,31.0,27.4,71.8,0.055,0.126,0.955,Moderate traffic flow - standard adaptive signal timing in effect
EVT405521,2025-10-31 15:14:37,Local Market Day,J030,MG Road,3849,Weekday,False,Clear,False,0.0,False,False,0.289,Low,32.9,18.9,108.7,0.106,0.245,0.959,Moderate traffic flow - standard adaptive signal timing in effect
EVT405522,2026-06-01 09:32:02,Trade Fair,J009,Majestic,12491,Weekday,False,Clear,False,0.0,False,False,1.0,Severe,8.8,76.5,357.9,0.127,0.293,0.909,Heavy congestion detected - signal timing extended and reroute suggested
EVT405523,2025-11-13 12:56:00,Sports Fixture,J031,Cubbon Road,31217,Weekday,False,Rain,True,8.3,True,False,0.827,Severe,13.3,57.3,319.1,0.156,0.359,0.746,Accident detected nearby - reroute and reduced speed advised
EVT405524,2025-02-22 17:49:55,Concert,J011,Indiranagar 100ft Road,11012,Weekend,False,Clear,False,0.0,False,False,0.886,Severe,12.2,63.1,492.2,0.244,0.564,0.933,Heavy congestion detected - signal timing extended and reroute suggested
EVT405525,2025-09-06 08:04:46,Cultural Procession,J023,Basavanagudi,14298,Weekend,True,Clear,False,0.0,False,True,1.0,Severe,8.3,94.4,447.5,0.166,0.383,0.836,Road closure for event/procession - full detour recommended for through-traffic
EVT405526,2026-06-18 18:41:21,Trade Fair,J030,MG Road,17859,Weekday,False,Clear,False,0.0,False,False,0.989,Severe,8.6,66.8,445.5,0.18,0.415,0.925,Heavy congestion detected - signal timing extended and reroute suggested
EVT405527,2026-02-28 14:02:11,Local Market Day,J030,MG Road,3685,Weekend,False,Clear,False,0.0,False,False,0.339,Low,33.2,24.1,167.8,0.145,0.334,0.957,Moderate traffic flow - standard adaptive signal timing in effect
EVT405528,2026-06-19 07:30:07,Sports Fixture,J023,Basavanagudi,21751,Weekday,False,Heavy Rain,True,26.7,False,False,0.963,Severe,10.6,69.8,348.5,0.145,0.336,0.899,Heavy rain reducing visibility and grip - reduced speed and longer buffer advised
EVT405529,2025-01-13 16:42:22,Trade Fair,J030,MG Road,4930,Weekday,False,Clear,False,0.0,False,False,0.625,High,24.7,41.7,187.9,0.145,0.335,0.962,Moderate traffic flow - standard adaptive signal timing in effect
EVT405530,2025-12-03 16:37:36,Sports Fixture,J040,City Market,17794,Weekday,False,Clear,False,0.0,False,False,0.706,High,15.3,51.9,217.6,0.13,0.3,0.946,Moderate traffic flow - standard adaptive signal timing in effect
EVT405531,2025-02-15 14:09:11,Political Rally,J040,City Market,26049,Weekend,False,Clear,False,0.0,False,False,0.383,Moderate,32.3,30.1,142.5,0.128,0.295,0.955,Moderate traffic flow - standard adaptive signal timing in effect
EVT405532,2026-05-23 23:42:58,Local Market Day,J031,Cubbon Road,5030,Weekend,False,Light Rain,True,2.6,False,False,0.313,Low,25.3,19.1,175.3,0.138,0.318,0.913,Light rain detected - minor speed reduction advised
EVT405533,2026-03-02 17:36:31,Local Market Day,J030,MG Road,3505,Weekday,False,Clear,False,0.0,False,False,0.833,Severe,12.9,52.6,374.8,0.192,0.444,0.952,Heavy congestion detected - signal timing extended and reroute suggested
EVT405534,2025-11-25 10:06:30,Sports Fixture,J009,Majestic,14366,Weekday,False,Clear,False,0.0,False,False,0.812,Severe,15.0,60.1,211.9,0.104,0.24,0.941,Heavy congestion detected - signal timing extended and reroute suggested
EVT405535,2025-11-06 12:22:35,Local Market Day,J020,Malleshwaram Circle,2792,Weekday,False,Clear,False,0.0,False,False,0.21,Low,32.2,14.5,110.6,0.078,0.181,0.982,Normal free-flow traffic - standard signal timing maintained
EVT405536,2025-03-14 19:30:34,Religious Festival,J030,MG Road,23081,Weekday,True,Light Rain,True,6.6,False,False,1.0,Severe,7.5,74.6,513.1,0.173,0.4,0.828,Festival crowd surge detected - alternate route and extended cycle recommended
EVT405537,2025-07-18 08:33:43,Sports Fixture,J012,Koramangala Sony World,22250,Weekday,False,Fog,False,0.0,False,False,1.0,Severe,6.8,64.1,573.9,0.16,0.369,0.9,Heavy congestion detected - signal timing extended and reroute suggested
EVT405538,2025-03-30 10:28:30,Cultural Procession,J030,MG Road,14599,Weekend,True,Clear,False,0.0,False,True,1.0,Severe,9.0,100.3,789.7,0.288,0.666,0.851,Road closure for event/procession - full detour recommended for through-traffic
EVT405539,2025-03-18 23:19:48,Local Market Day,J011,Indiranagar 100ft Road,3112,Weekday,False,Clear,False,0.0,False,False,0.214,Low,28.9,22.8,179.1,0.127,0.294,0.967,Normal free-flow traffic - standard signal timing maintained
EVT405540,2025-11-19 11:24:24,Local Market Day,J023,Basavanagudi,4622,Weekday,False,Clear,False,0.0,False,False,0.32,Low,28.8,18.7,81.8,0.051,0.117,0.969,Moderate traffic flow - standard adaptive signal timing in effect
EVT405541,2025-11-13 16:35:39,Local Market Day,J031,Cubbon Road,1739,Weekday,False,Clear,False,0.0,False,False,0.554,High,25.8,34.5,230.1,0.191,0.441,0.979,Moderate traffic flow - standard adaptive signal timing in effect
EVT405542,2026-06-02 16:59:29,Concert,J031,Cubbon Road,7793,Weekday,False,Clear,False,0.0,False,False,0.693,High,18.8,46.0,354.0,0.204,0.472,0.958,Moderate traffic flow - standard adaptive signal timing in effect
EVT405543,2025-10-30 17:23:25,Local Market Day,J040,City Market,6334,Weekday,False,Clear,False,0.0,False,False,0.927,Severe,12.4,61.1,403.6,0.205,0.474,0.956,Heavy congestion detected - signal timing extended and reroute suggested
EVT405544,2025-09-23 16:58:01,Sports Fixture,J023,Basavanagudi,15660,Weekday,False,Clear,False,0.0,False,False,0.785,Severe,15.1,62.6,126.0,0.078,0.179,0.95,Heavy congestion detected - signal timing extended and reroute suggested
EVT405545,2025-10-30 15:23:54,Local Market Day,J011,Indiranagar 100ft Road,3423,Weekday,False,Heavy Rain,True,28.0,False,False,0.512,Moderate,29.6,40.0,144.9,0.121,0.279,0.919,Light rain detected - minor speed reduction advised
EVT405546,2025-07-08 07:48:50,Concert,J023,Basavanagudi,8899,Weekday,False,Heavy Rain,True,26.5,False,False,1.0,Severe,8.0,77.5,207.4,0.097,0.224,0.849,Heavy rain reducing visibility and grip - reduced speed and longer buffer advised
EVT405547,2025-07-10 19:07:04,Sports Fixture,J040,City Market,10152,Weekday,False,Light Rain,True,6.8,False,False,1.0,Severe,7.9,66.7,774.4,0.243,0.562,0.842,Heavy rain reducing visibility and grip - reduced speed and longer buffer advised
EVT405548,2025-07-15 19:17:45,Trade Fair,J023,Basavanagudi,10344,Weekday,False,Heavy Rain,True,27.2,False,False,1.0,Severe,9.6,69.9,637.0,0.249,0.575,0.858,Heavy rain reducing visibility and grip - reduced speed and longer buffer advised
EVT405549,2026-05-12 13:46:39,Sports Fixture,J030,MG Road,19603,Weekday,False,Clear,False,0.0,False,False,0.294,Low,35.2,20.2,221.8,0.224,0.518,0.947,Moderate traffic flow - standard adaptive signal timing in effect
EVT405550,2025-02-28 19:21:41,Concert,J011,Indiranagar 100ft Road,14345,Weekday,False,Fog,False,0.0,False,False,1.0,Severe,8.0,69.8,488.2,0.179,0.412,0.94,Heavy congestion detected - signal timing extended and reroute suggested
EVT405551,2025-11-20 18:15:26,Political Rally,J023,Basavanagudi,10119,Weekday,False,Clear,False,0.0,False,False,1.0,Severe,10.0,69.2,708.7,0.269,0.62,0.93,Heavy congestion detected - signal timing extended and reroute suggested
EVT405552,2026-03-05 09:59:20,Cultural Procession,J009,Majestic,16930,Weekday,True,Clear,False,0.0,False,True,1.0,Severe,8.0,106.6,757.8,0.244,0.564,0.823,Road closure for event/procession - full detour recommended for through-traffic
EVT405553,2025-05-12 09:42:24,Concert,J040,City Market,13702,Weekday,False,Clear,False,0.0,False,False,1.0,Severe,7.5,72.7,689.5,0.203,0.47,0.89,Heavy congestion detected - signal timing extended and reroute suggested
EVT405554,2026-06-25 02:16:39,Concert,J020,Malleshwaram Circle,5772,Weekday,False,Clear,False,0.0,False,False,0.131,Low,29.7,7.2,186.1,0.138,0.318,0.961,Normal free-flow traffic - standard signal timing maintained
EVT405555,2025-12-06 17:40:17,Sports Fixture,J020,Malleshwaram Circle,16628,Weekend,False,Clear,False,0.0,False,False,0.819,Severe,13.7,57.5,231.3,0.119,0.274,0.953,Heavy congestion detected - signal timing extended and reroute suggested
EVT405556,2025-07-10 14:07:58,Concert,J031,Cubbon Road,9147,Weekday,False,Heavy Rain,True,39.6,False,False,0.626,High,18.9,50.1,349.3,0.217,0.501,0.899,Heavy rain reducing visibility and grip - reduced speed and longer buffer advised
EVT405557,2025-08-12 08:27:32,Political Rally,J040,City Market,12810,Weekday,False,Rain,True,15.2,False,False,1.0,Severe,7.8,74.2,1010.8,0.308,0.712,0.869,Heavy rain reducing visibility and grip - reduced speed and longer buffer advised
EVT405558,2025-05-15 23:48:29,Sports Fixture,J031,Cubbon Road,27231,Weekday,False,Clear,False,0.0,False,False,0.342,Low,32.3,26.9,118.5,0.116,0.268,0.97,Moderate traffic flow - standard adaptive signal timing in effect
EVT405559,2026-02-10 21:07:43,Trade Fair,J009,Majestic,10344,Weekday,False,Clear,False,0.0,False,False,0.382,Moderate,29.1,23.5,58.9,0.046,0.106,0.976,Moderate traffic flow - standard adaptive signal timing in effect
EVT405560,2026-04-19 04:40:16,Sports Fixture,J009,Majestic,21182,Weekend,False,Clear,False,0.0,False,False,0.367,Moderate,34.8,27.5,141.6,0.149,0.345,0.973,Moderate traffic flow - standard adaptive signal timing in effect
EVT405561,2025-11-02 11:13:26,Religious Festival,J009,Majestic,71770,Weekend,True,Clear,False,0.0,False,False,1.0,Severe,7.3,65.9,786.6,0.232,0.535,0.862,Festival crowd surge detected - alternate route and extended cycle recommended
EVT405562,2026-03-31 18:55:37,Trade Fair,J023,Basavanagudi,11884,Weekday,False,Clear,False,0.0,False,False,1.0,Severe,10.0,72.4,180.0,0.095,0.219,0.907,Heavy congestion detected - signal timing extended and reroute suggested
EVT405563,2026-05-05 17:12:40,Sports Fixture,J012,Koramangala Sony World,29419,Weekday,False,Clear,False,0.0,False,False,0.93,Severe,10.7,66.2,508.3,0.202,0.466,0.925,Heavy congestion detected - signal timing extended and reroute suggested
EVT405564,2025-06-16 12:35:35,Trade Fair,J031,Cubbon Road,4872,Weekday,False,Heavy Rain,True,39.5,False,False,0.507,Moderate,29.5,40.4,207.5,0.173,0.399,0.882,Light rain detected - minor speed reduction advised
EVT405565,2025-04-20 18:07:39,Concert,J009,Majestic,13283,Weekend,False,Clear,False,0.0,False,False,0.805,Severe,14.8,52.1,436.7,0.239,0.553,0.93,Heavy congestion detected - signal timing extended and reroute suggested
EVT405566,2025-08-26 15:28:09,Political Rally,J040,City Market,12260,Weekday,False,Clear,False,0.0,False,False,0.386,Moderate,36.0,25.5,128.0,0.128,0.295,0.941,Moderate traffic flow - standard adaptive signal timing in effect
EVT405567,2026-01-30 20:47:27,Local Market Day,J012,Koramangala Sony World,3618,Weekday,False,Clear,False,0.0,False,False,0.483,Moderate,19.4,37.8,444.2,0.256,0.592,0.96,Moderate traffic flow - standard adaptive signal timing in effect
EVT405568,2025-01-22 11:32:38,Concert,J020,Malleshwaram Circle,8258,Weekday,False,Clear,False,0.0,False,False,0.366,Moderate,27.6,24.2,251.8,0.212,0.49,0.95,Moderate traffic flow - standard adaptive signal timing in effect
EVT405569,2025-11-17 09:00:57,Local Market Day,J009,Majestic,5508,Weekday,False,Clear,False,0.0,False,False,1.0,Severe,7.3,72.4,450.7,0.124,0.285,0.931,Heavy congestion detected - signal timing extended and reroute suggested
EVT405570,2026-01-08 20:19:14,Sports Fixture,J023,Basavanagudi,14856,Weekday,False,Clear,False,0.0,False,False,0.71,High,17.2,54.3,228.3,0.126,0.292,0.955,Moderate traffic flow - standard adaptive signal timing in effect
EVT405571,2025-03-27 17:40:37,Sports Fixture,J023,Basavanagudi,25432,Weekday,False,Clear,False,0.0,False,False,1.0,Severe,8.4,70.8,721.0,0.262,0.604,0.928,Heavy congestion detected - signal timing extended and reroute suggested
EVT405572,2025-09-16 17:20:56,Sports Fixture,J020,Malleshwaram Circle,10025,Weekday,False,Fog,False,0.0,False,False,0.796,Severe,14.4,55.2,231.7,0.126,0.291,0.938,Heavy congestion detected - signal timing extended and reroute suggested
EVT405573,2025-04-20 20:51:29,Political Rally,J012,Koramangala Sony World,15526,Weekend,False,Clear,False,0.0,False,False,0.587,High,22.7,44.5,187.2,0.115,0.266,0.97,Moderate traffic flow - standard adaptive signal timing in effect
EVT405574,2025-12-06 08:50:16,Local Market Day,J020,Malleshwaram Circle,2886,Weekend,False,Rain,True,7.5,True,False,1.0,Severe,10.2,71.4,594.1,0.233,0.537,0.683,Accident detected nearby - reroute and reduced speed advised
EVT405575,2025-09-11 17:46:27,Trade Fair,J031,Cubbon Road,19883,Weekday,False,Clear,False,0.0,False,False,1.0,Severe,8.4,68.5,343.2,0.11,0.254,0.893,Heavy congestion detected - signal timing extended and reroute suggested
EVT405576,2025-07-03 07:37:34,Political Rally,J009,Majestic,15954,Weekday,False,Rain,True,19.1,False,False,0.917,Severe,13.0,66.4,227.6,0.098,0.225,0.877,Heavy rain reducing visibility and grip - reduced speed and longer buffer advised
EVT405577,2025-12-12 13:00:19,Sports Fixture,J011,Indiranagar 100ft Road,17116,Weekday,False,Clear,False,0.0,False,False,0.261,Low,34.5,18.0,177.2,0.161,0.372,0.953,Moderate traffic flow - standard adaptive signal timing in effect
EVT405578,2025-11-19 16:18:33,Local Market Day,J031,Cubbon Road,2687,Weekday,False,Clear,False,0.0,False,False,0.516,Moderate,24.8,38.3,119.7,0.076,0.175,0.943,Moderate traffic flow - standard adaptive signal timing in effect
EVT405579,2025-02-12 06:40:16,Local Market Day,J023,Basavanagudi,2349,Weekday,False,Clear,False,0.0,False,False,0.364,Moderate,31.9,26.1,179.2,0.152,0.351,0.972,Moderate traffic flow - standard adaptive signal timing in effect
EVT405580,2025-12-15 16:59:24,Local Market Day,J030,MG Road,3302,Weekday,False,Clear,False,0.0,False,False,0.731,High,17.2,49.3,456.5,0.274,0.633,0.977,Moderate traffic flow - standard adaptive signal timing in effect
EVT405581,2025-07-31 09:48:39,Trade Fair,J011,Indiranagar 100ft Road,6555,Weekday,False,Heavy Rain,True,34.2,False,False,1.0,Severe,4.9,69.9,670.8,0.152,0.35,0.856,Heavy rain reducing visibility and grip - reduced speed and longer buffer advised
EVT405582,2025-06-24 18:37:54,Concert,J009,Majestic,22424,Weekday,False,Heavy Rain,True,33.4,False,False,1.0,Severe,7.9,71.4,617.9,0.212,0.49,0.859,Heavy rain reducing visibility and grip - reduced speed and longer buffer advised
EVT405583,2026-02-03 03:15:04,Local Market Day,J023,Basavanagudi,3882,Weekday,False,Clear,False,0.0,False,False,0.186,Low,33.5,7.2,140.0,0.12,0.276,0.966,Normal free-flow traffic - standard signal timing maintained
EVT405584,2025-04-10 09:40:56,Local Market Day,J030,MG Road,2574,Weekday,False,Clear,False,0.0,False,False,0.928,Severe,11.1,72.8,353.1,0.164,0.379,0.952,Heavy congestion detected - signal timing extended and reroute suggested
EVT405585,2025-08-12 06:09:52,Local Market Day,J030,MG Road,5740,Weekday,False,Rain,True,14.5,False,False,0.508,Moderate,23.1,39.5,243.6,0.156,0.36,0.903,Light rain detected - minor speed reduction advised
EVT405586,2026-05-27 21:44:51,Sports Fixture,J040,City Market,25960,Weekday,False,Rain,True,22.3,False,False,0.676,High,20.4,54.4,267.2,0.158,0.364,0.91,Heavy rain reducing visibility and grip - reduced speed and longer buffer advised
EVT405587,2026-05-22 09:35:06,Local Market Day,J031,Cubbon Road,5715,Weekday,False,Rain,True,16.2,False,False,1.0,Severe,9.1,77.9,433.8,0.172,0.398,0.855,Heavy rain reducing visibility and grip - reduced speed and longer buffer advised
EVT405588,2025-01-01 17:52:58,Local Market Day,J009,Majestic,3591,Weekday,False,Clear,False,0.0,False,False,0.946,Severe,10.6,69.2,366.1,0.162,0.373,0.935,Heavy congestion detected - signal timing extended and reroute suggested
EVT405589,2025-05-20 15:37:26,Trade Fair,J031,Cubbon Road,7165,Weekday,False,Clear,False,0.0,False,False,0.354,Moderate,25.3,22.4,244.3,0.17,0.393,0.955,Moderate traffic flow - standard adaptive signal timing in effect
EVT405590,2026-05-11 20:06:47,Local Market Day,J031,Cubbon Road,4797,Weekday,False,Clear,False,0.0,False,False,0.702,High,23.0,53.8,203.3,0.169,0.391,0.985,Moderate traffic flow - standard adaptive signal timing in effect
EVT405591,2025-02-17 14:47:25,Sports Fixture,J011,Indiranagar 100ft Road,13728,Weekday,False,Clear,False,0.0,False,False,0.279,Low,30.0,13.7,150.2,0.122,0.281,0.954,Moderate traffic flow - standard adaptive signal timing in effect
EVT405592,2025-11-13 13:55:49,Local Market Day,J023,Basavanagudi,2426,Weekday,False,Clear,False,0.0,False,False,0.12,Low,31.2,6.5,131.7,0.111,0.257,0.939,Normal free-flow traffic - standard signal timing maintained
EVT405593,2025-02-25 09:04:49,Political Rally,J011,Indiranagar 100ft Road,14425,Weekday,False,Clear,False,0.0,False,False,1.0,Severe,8.3,74.9,375.3,0.149,0.345,0.908,Heavy congestion detected - signal timing extended and reroute suggested
EVT405594,2026-01-01 18:33:19,Cultural Procession,J040,City Market,18151,Weekday,True,Clear,False,0.0,False,False,1.0,Severe,9.2,72.4,611.7,0.244,0.564,0.882,Festival crowd surge detected - alternate route and extended cycle recommended
EVT405595,2025-04-19 16:51:46,Trade Fair,J009,Majestic,6397,Weekend,False,Clear,False,0.0,False,False,0.629,High,22.8,41.8,258.7,0.193,0.445,0.945,Moderate traffic flow - standard adaptive signal timing in effect
EVT405596,2025-12-16 18:52:23,Local Market Day,J020,Malleshwaram Circle,3045,Weekday,False,Clear,False,0.0,False,False,0.987,Severe,8.1,67.5,933.4,0.308,0.71,0.905,Heavy congestion detected - signal timing extended and reroute suggested
EVT405597,2025-10-02 20:53:51,Religious Festival,J030,MG Road,50580,Weekday,True,Clear,False,0.0,False,True,1.0,Severe,8.0,101.1,745.5,0.238,0.551,0.819,Road closure for event/procession - full detour recommended for through-traffic
EVT405598,2025-07-19 18:16:15,Local Market Day,J023,Basavanagudi,2717,Weekend,False,Fog,False,0.0,False,False,0.884,Severe,13.7,58.6,381.4,0.179,0.415,0.926,Heavy congestion detected - signal timing extended and reroute suggested
EVT405599,2025-09-05 18:04:54,Cultural Procession,J040,City Market,32907,Weekday,True,Clear,False,0.0,False,True,1.0,Severe,8.5,101.8,229.9,0.098,0.226,0.837,Road closure for event/procession - full detour recommended for through-traffic
EVT405600,2025-08-09 14:33:30,Sports Fixture,J030,MG Road,15279,Weekend,False,Rain,True,19.1,False,False,0.548,Moderate,24.2,39.2,235.6,0.188,0.434,0.95,Light rain detected - minor speed reduction advised
EVT405601,2025-02-02 15:35:49,Trade Fair,J020,Malleshwaram Circle,8051,Weekend,False,Clear,False,0.0,False,False,0.397,Moderate,22.4,32.0,101.2,0.056,0.129,0.99,Moderate traffic flow - standard adaptive signal timing in effect
EVT405602,2026-05-26 20:14:41,Concert,J009,Majestic,15831,Weekday,False,Clear,False,0.0,False,False,0.831,Severe,11.2,64.5,549.6,0.203,0.47,0.941,Heavy congestion detected - signal timing extended and reroute suggested
EVT405603,2026-05-12 07:39:41,Sports Fixture,J040,City Market,22132,Weekday,False,Clear,False,0.0,False,False,0.749,High,17.1,52.6,400.8,0.219,0.506,0.974,Moderate traffic flow - standard adaptive signal timing in effect
EVT405604,2025-08-28 18:51:36,Religious Festival,J031,Cubbon Road,39036,Weekday,True,Clear,False,0.0,False,True,1.0,Severe,9.4,98.3,732.1,0.275,0.636,0.829,Road closure for event/procession - full detour recommended for through-traffic
EVT405605,2025-07-15 21:47:45,Local Market Day,J012,Koramangala Sony World,7443,Weekday,False,Clear,False,0.0,False,False,0.325,Low,25.7,19.3,205.2,0.138,0.318,0.99,Moderate traffic flow - standard adaptive signal timing in effect
EVT405606,2026-02-20 08:06:54,Local Market Day,J009,Majestic,4414,Weekday,False,Clear,False,0.0,False,False,0.811,Severe,11.0,59.9,157.1,0.057,0.132,0.952,Heavy congestion detected - signal timing extended and reroute suggested
EVT405607,2025-05-06 07:09:51,Sports Fixture,J031,Cubbon Road,21852,Weekday,False,Clear,False,0.0,False,False,0.576,High,22.2,41.0,251.9,0.187,0.431,0.953,Moderate traffic flow - standard adaptive signal timing in effect
EVT405608,2025-07-06 16:04:10,Concert,J031,Cubbon Road,12288,Weekend,False,Rain,True,17.8,False,False,0.667,High,21.0,44.3,230.8,0.165,0.38,0.887,Heavy rain reducing visibility and grip - reduced speed and longer buffer advised
EVT405609,2025-08-20 16:51:26,Trade Fair,J031,Cubbon Road,8691,Weekday,False,Clear,False,0.0,False,False,0.734,High,15.7,47.4,352.1,0.178,0.412,0.966,Moderate traffic flow - standard adaptive signal timing in effect
EVT405610,2026-02-07 09:52:21,Local Market Day,J031,Cubbon Road,2175,Weekend,False,Clear,False,0.0,False,False,0.722,High,16.1,50.6,194.2,0.113,0.26,0.968,Moderate traffic flow - standard adaptive signal timing in effect
EVT405611,2026-06-12 20:37:55,Local Market Day,J009,Majestic,3728,Weekday,False,Clear,False,0.0,False,False,0.483,Moderate,23.4,34.5,139.8,0.098,0.225,0.97,Moderate traffic flow - standard adaptive signal timing in effect
EVT405612,2025-04-17 13:58:17,Political Rally,J012,Koramangala Sony World,10866,Weekday,False,Clear,False,0.0,False,False,0.266,Low,35.4,21.7,119.6,0.104,0.241,0.983,Moderate traffic flow - standard adaptive signal timing in effect
EVT405613,2025-08-15 17:48:00,Fireworks Display,J040,City Market,11578,Weekday,True,Clear,False,0.0,False,False,1.0,Severe,8.6,74.3,255.0,0.096,0.223,0.865,Festival crowd surge detected - alternate route and extended cycle recommended
EVT405614,2025-10-25 08:23:25,Sports Fixture,J012,Koramangala Sony World,12003,Weekend,False,Clear,False,0.0,False,False,0.84,Severe,13.9,66.6,564.9,0.275,0.634,0.932,Heavy congestion detected - signal timing extended and reroute suggested
EVT405615,2026-06-19 19:53:27,Concert,J009,Majestic,19909,Weekday,False,Light Rain,True,6.2,False,False,0.972,Severe,10.4,69.7,816.2,0.337,0.779,0.855,Heavy rain reducing visibility and grip - reduced speed and longer buffer advised
EVT405616,2026-06-20 19:59:42,Concert,J020,Malleshwaram Circle,15563,Weekend,False,Clear,False,0.0,False,False,0.775,Severe,15.9,54.4,318.2,0.198,0.457,0.961,Heavy congestion detected - signal timing extended and reroute suggested
EVT405617,2025-08-17 06:27:01,Sports Fixture,J040,City Market,13130,Weekend,False,Light Rain,True,6.1,False,False,0.509,Moderate,20.8,36.0,215.1,0.129,0.297,0.935,Light rain detected - minor speed reduction advised
EVT405618,2025-01-17 10:28:48,Concert,J040,City Market,20416,Weekday,False,Clear,False,0.0,False,False,0.635,High,17.8,45.6,323.6,0.183,0.423,0.97,Moderate traffic flow - standard adaptive signal timing in effect
EVT405619,2025-12-10 09:18:20,Local Market Day,J030,MG Road,4904,Weekday,False,Clear,False,0.0,False,False,1.0,Severe,8.5,74.6,248.6,0.105,0.243,0.922,Heavy congestion detected - signal timing extended and reroute suggested
EVT405620,2025-03-25 05:45:42,Trade Fair,J031,Cubbon Road,13508,Weekday,False,Clear,False,0.0,False,False,0.258,Low,38.4,14.9,102.8,0.088,0.203,0.969,Moderate traffic flow - standard adaptive signal timing in effect
EVT405621,2025-05-11 15:16:46,Trade Fair,J030,MG Road,4387,Weekend,False,Light Rain,True,5.7,False,False,0.436,Moderate,26.7,31.0,234.2,0.171,0.395,0.917,Light rain detected - minor speed reduction advised
EVT405622,2025-02-11 07:37:37,Trade Fair,J011,Indiranagar 100ft Road,9168,Weekday,False,Clear,False,0.0,False,False,0.727,High,14.4,50.8,245.7,0.146,0.337,0.965,Moderate traffic flow - standard adaptive signal timing in effect
EVT405623,2025-10-08 09:15:57,Sports Fixture,J030,MG Road,27891,Weekday,False,Clear,False,0.0,False,False,1.0,Severe,9.2,65.8,302.3,0.123,0.285,0.893,Heavy congestion detected - signal timing extended and reroute suggested
EVT405624,2025-07-24 19:14:16,Concert,J040,City Market,12786,Weekday,False,Clear,False,0.0,False,False,1.0,Severe,8.0,70.5,531.3,0.192,0.444,0.915,Heavy congestion detected - signal timing extended and reroute suggested
EVT405625,2025-01-19 11:01:35,Local Market Day,J011,Indiranagar 100ft Road,2109,Weekend,False,Clear,False,0.0,False,False,0.451,Moderate,29.4,33.9,89.4,0.075,0.174,0.949,Moderate traffic flow - standard adaptive signal timing in effect
EVT405626,2026-05-06 15:16:27,Sports Fixture,J009,Majestic,19536,Weekday,False,Clear,False,0.0,False,False,0.372,Moderate,32.1,23.3,58.5,0.061,0.142,0.978,Moderate traffic flow - standard adaptive signal timing in effect
EVT405627,2025-08-21 19:49:41,Sports Fixture,J009,Majestic,19995,Weekday,False,Clear,False,0.0,False,False,0.874,Severe,13.1,59.2,298.9,0.159,0.368,0.945,Heavy congestion detected - signal timing extended and reroute suggested
EVT405628,2025-03-29 20:15:57,Local Market Day,J023,Basavanagudi,5532,Weekend,False,Clear,False,0.0,False,False,0.611,High,21.1,39.7,122.6,0.087,0.201,0.946,Moderate traffic flow - standard adaptive signal timing in effect
EVT405629,2025-08-04 10:48:49,Sports Fixture,J012,Koramangala Sony World,13867,Weekday,False,Clear,False,0.0,False,False,0.552,High,22.5,39.5,255.9,0.183,0.423,0.954,Moderate traffic flow - standard adaptive signal timing in effect
EVT405630,2025-10-26 10:32:27,Sports Fixture,J031,Cubbon Road,39521,Weekend,False,Clear,False,0.0,False,False,0.779,Severe,18.9,52.7,299.3,0.19,0.439,0.99,Heavy congestion detected - signal timing extended and reroute suggested
EVT405631,2025-04-09 06:15:20,Local Market Day,J030,MG Road,2150,Weekday,False,Clear,False,0.0,False,False,0.217,Low,33.4,17.4,105.6,0.094,0.217,0.99,Normal free-flow traffic - standard signal timing maintained
EVT405632,2026-04-20 18:47:10,Sports Fixture,J040,City Market,20328,Weekday,False,Clear,False,0.0,False,False,1.0,Severe,8.6,72.1,445.7,0.155,0.359,0.933,Heavy congestion detected - signal timing extended and reroute suggested
EVT405633,2025-04-02 08:58:05,Political Rally,J020,Malleshwaram Circle,12324,Weekday,False,Clear,False,0.0,False,False,1.0,Severe,8.1,70.6,627.7,0.193,0.446,0.92,Heavy congestion detected - signal timing extended and reroute suggested
EVT405634,2025-08-17 11:17:11,Local Market Day,J023,Basavanagudi,2860,Weekend,False,Clear,False,0.0,False,False,0.35,Low,31.0,26.5,154.5,0.141,0.325,0.972,Moderate traffic flow - standard adaptive signal timing in effect
EVT405635,2026-04-27 20:39:08,Concert,J011,Indiranagar 100ft Road,14981,Weekday,False,Rain,True,12.2,False,False,0.737,High,16.8,52.3,249.0,0.124,0.287,0.899,Heavy rain reducing visibility and grip - reduced speed and longer buffer advised
EVT405636,2025-11-22 20:36:58,Trade Fair,J012,Koramangala Sony World,7532,Weekend,False,Clear,False,0.0,False,False,0.576,High,20.0,44.4,239.1,0.15,0.347,0.967,Moderate traffic flow - standard adaptive signal timing in effect
EVT405637,2025-03-31 19:37:35,Cultural Procession,J040,City Market,21080,Weekday,True,Clear,False,0.0,False,True,1.0,Severe,8.3,98.0,402.1,0.137,0.317,0.833,Road closure for event/procession - full detour recommended for through-traffic
EVT405638,2025-02-26 07:58:48,Trade Fair,J020,Malleshwaram Circle,9672,Weekday,False,Clear,False,0.0,False,False,0.764,Severe,15.8,52.2,294.9,0.167,0.385,0.971,Heavy congestion detected - signal timing extended and reroute suggested
EVT405639,2025-05-02 13:20:50,Religious Festival,J020,Malleshwaram Circle,46740,Weekday,True,Clear,False,0.0,False,False,0.709,High,16.6,56.5,215.3,0.127,0.293,0.935,Festival crowd surge detected - alternate route and extended cycle recommended
EVT405640,2026-01-11 17:23:23,Political Rally,J023,Basavanagudi,20363,Weekend,False,Clear,False,0.0,False,False,0.805,Severe,14.4,64.3,387.1,0.217,0.502,0.941,Heavy congestion detected - signal timing extended and reroute suggested
EVT405641,2026-05-10 11:55:09,Sports Fixture,J031,Cubbon Road,30721,Weekend,False,Clear,False,0.0,False,False,0.444,Moderate,26.1,29.7,304.8,0.235,0.543,0.952,Moderate traffic flow - standard adaptive signal timing in effect
EVT405642,2025-05-30 16:39:16,Trade Fair,J012,Koramangala Sony World,9728,Weekday,False,Rain,True,10.9,False,False,0.899,Severe,11.0,66.7,423.8,0.184,0.424,0.903,Heavy rain reducing visibility and grip - reduced speed and longer buffer advised
EVT405643,2026-05-27 20:49:18,Concert,J031,Cubbon Road,23634,Weekday,False,Clear,False,0.0,False,False,0.647,High,18.9,40.7,160.5,0.098,0.225,0.965,Moderate traffic flow - standard adaptive signal timing in effect
EVT405644,2025-10-03 20:21:16,Cultural Procession,J020,Malleshwaram Circle,19014,Weekday,True,Rain,True,22.4,False,True,1.0,Severe,7.0,102.1,1001.4,0.287,0.664,0.759,Road closure for event/procession - full detour recommended for through-traffic
EVT405645,2025-07-16 16:37:25,Political Rally,J009,Majestic,18253,Weekday,False,Heavy Rain,True,44.4,False,False,0.963,Severe,10.5,68.4,627.8,0.258,0.595,0.87,Heavy rain reducing visibility and grip - reduced speed and longer buffer advised
EVT405646,2025-10-29 00:42:46,Local Market Day,J020,Malleshwaram Circle,4268,Weekday,False,Clear,False,0.0,False,False,0.16,Low,36.1,14.4,140.9,0.123,0.285,0.982,Normal free-flow traffic - standard signal timing maintained
EVT405647,2025-04-12 20:07:30,Trade Fair,J012,Koramangala Sony World,11096,Weekend,False,Rain,True,9.0,False,False,0.811,Severe,15.5,57.2,341.5,0.157,0.363,0.896,Heavy rain reducing visibility and grip - reduced speed and longer buffer advised
EVT405648,2025-07-24 18:35:48,Concert,J011,Indiranagar 100ft Road,10168,Weekday,False,Clear,False,0.0,False,False,1.0,Severe,7.8,73.9,360.5,0.149,0.345,0.931,Heavy congestion detected - signal timing extended and reroute suggested
EVT405649,2025-08-16 11:11:25,Religious Festival,J023,Basavanagudi,36625,Weekend,True,Heavy Rain,True,26.2,False,True,1.0,Severe,7.7,103.8,633.7,0.203,0.47,0.782,Road closure for event/procession - full detour recommended for through-traffic
EVT405650,2025-08-05 08:40:02,Sports Fixture,J040,City Market,16616,Weekday,False,Clear,False,0.0,False,False,1.0,Severe,8.2,70.9,662.2,0.226,0.522,0.913,Heavy congestion detected - signal timing extended and reroute suggested
EVT405651,2026-04-24 17:37:43,Sports Fixture,J023,Basavanagudi,14480,Weekday,False,Clear,False,0.0,False,False,0.949,Severe,11.9,61.6,378.1,0.181,0.419,0.923,Heavy congestion detected - signal timing extended and reroute suggested
EVT405652,2025-04-29 19:31:55,Trade Fair,J009,Majestic,9922,Weekday,False,Clear,False,0.0,False,False,0.919,Severe,9.7,68.5,526.5,0.213,0.491,0.921,Heavy congestion detected - signal timing extended and reroute suggested
EVT405653,2025-10-22 21:43:46,Religious Festival,J023,Basavanagudi,33516,Weekday,True,Clear,False,0.0,False,False,0.698,High,17.3,53.6,265.5,0.155,0.358,0.908,Festival crowd surge detected - alternate route and extended cycle recommended
EVT405654,2025-08-16 22:39:05,Religious Festival,J030,MG Road,78891,Weekend,True,Heavy Rain,True,25.7,False,True,1.0,Severe,9.1,103.0,411.4,0.166,0.383,0.799,Road closure for event/procession - full detour recommended for through-traffic
EVT405655,2025-02-26 10:45:33,Local Market Day,J040,City Market,6582,Weekday,False,Clear,False,0.0,False,False,0.443,Moderate,25.9,30.2,166.5,0.12,0.278,0.966,Moderate traffic flow - standard adaptive signal timing in effect
EVT405656,2026-04-07 22:06:09,Local Market Day,J020,Malleshwaram Circle,3774,Weekday,False,Clear,False,0.0,False,False,0.275,Low,32.7,25.6,161.6,0.146,0.337,0.984,Moderate traffic flow - standard adaptive signal timing in effect
EVT405657,2025-08-31 20:10:53,Trade Fair,J020,Malleshwaram Circle,5572,Weekend,False,Clear,False,0.0,False,False,0.62,High,23.6,49.8,108.2,0.079,0.181,0.986,Moderate traffic flow - standard adaptive signal timing in effect
EVT405658,2025-03-04 08:23:44,Sports Fixture,J012,Koramangala Sony World,24574,Weekday,False,Clear,False,0.0,False,False,1.0,Severe,7.7,72.6,518.9,0.173,0.399,0.947,Heavy congestion detected - signal timing extended and reroute suggested
EVT405659,2025-12-03 14:08:58,Local Market Day,J040,City Market,8702,Weekday,False,Clear,False,0.0,False,False,0.176,Low,35.6,11.4,103.8,0.097,0.225,0.989,Normal free-flow traffic - standard signal timing maintained
EVT405660,2026-01-09 08:33:56,Sports Fixture,J009,Majestic,9362,Weekday,False,Fog,False,0.0,False,False,1.0,Severe,9.3,69.5,491.1,0.191,0.44,0.906,Heavy congestion detected - signal timing extended and reroute suggested
EVT405661,2025-02-15 17:04:53,Local Market Day,J009,Majestic,5904,Weekend,False,Clear,False,0.0,False,False,0.697,High,18.8,50.9,317.6,0.218,0.505,0.958,Moderate traffic flow - standard adaptive signal timing in effect
EVT405662,2025-07-04 21:59:21,Local Market Day,J040,City Market,4598,Weekday,False,Rain,True,13.2,False,False,0.322,Low,28.2,23.9,310.1,0.231,0.533,0.92,Light rain detected - minor speed reduction advised
EVT405663,2025-02-14 15:58:58,Political Rally,J011,Indiranagar 100ft Road,12586,Weekday,False,Clear,False,0.0,False,False,0.496,Moderate,28.6,31.5,145.7,0.139,0.32,0.952,Moderate traffic flow - standard adaptive signal timing in effect
EVT405664,2026-04-20 18:03:20,Political Rally,J009,Majestic,27466,Weekday,False,Rain,True,8.2,False,False,1.0,Severe,9.5,73.6,655.9,0.268,0.619,0.858,Heavy rain reducing visibility and grip - reduced speed and longer buffer advised
EVT405665,2025-04-30 11:49:49,Trade Fair,J012,Koramangala Sony World,10473,Weekday,False,Clear,False,0.0,False,False,0.332,Low,31.6,24.5,87.7,0.075,0.174,0.954,Moderate traffic flow - standard adaptive signal timing in effect
EVT405666,2026-06-06 13:52:32,Concert,J011,Indiranagar 100ft Road,13912,Weekend,False,Clear,False,0.0,False,False,0.34,Low,28.3,25.9,208.2,0.167,0.386,0.979,Moderate traffic flow - standard adaptive signal timing in effect
EVT405667,2025-04-12 11:17:37,Trade Fair,J012,Koramangala Sony World,6986,Weekend,False,Clear,False,0.0,False,False,0.309,Low,21.5,28.1,413.2,0.25,0.578,0.944,Moderate traffic flow - standard adaptive signal timing in effect
EVT405668,2025-10-22 21:07:57,Religious Festival,J030,MG Road,59468,Weekday,True,Clear,False,0.0,False,False,0.925,Severe,12.1,61.2,586.9,0.282,0.651,0.896,Festival crowd surge detected - alternate route and extended cycle recommended
EVT405669,2025-04-13 21:11:54,Concert,J009,Majestic,8287,Weekend,False,Rain,True,13.2,False,False,0.56,High,24.4,42.6,141.2,0.095,0.22,0.903,Heavy rain reducing visibility and grip - reduced speed and longer buffer advised
EVT405670,2026-05-23 15:19:43,Local Market Day,J040,City Market,3532,Weekend,False,Heavy Rain,True,34.8,False,False,0.664,High,16.6,44.6,109.5,0.068,0.156,0.902,Heavy rain reducing visibility and grip - reduced speed and longer buffer advised
EVT405671,2025-10-07 07:35:37,Trade Fair,J012,Koramangala Sony World,9428,Weekday,False,Light Rain,True,6.2,False,False,0.78,Severe,15.5,58.8,307.3,0.164,0.379,0.884,Heavy rain reducing visibility and grip - reduced speed and longer buffer advised
EVT405672,2025-05-24 12:01:45,Political Rally,J040,City Market,11368,Weekend,False,Rain,True,22.8,False,False,0.641,High,20.2,40.8,240.6,0.151,0.348,0.939,Heavy rain reducing visibility and grip - reduced speed and longer buffer advised
EVT405673,2026-06-26 14:59:46,Political Rally,J040,City Market,11936,Weekday,False,Clear,False,0.0,False,False,0.331,Low,25.8,26.4,234.9,0.197,0.456,0.963,Moderate traffic flow - standard adaptive signal timing in effect
EVT405674,2025-04-11 10:34:26,Sports Fixture,J020,Malleshwaram Circle,14120,Weekday,False,Clear,False,0.0,False,False,0.582,High,17.9,43.9,213.4,0.108,0.249,0.958,Moderate traffic flow - standard adaptive signal timing in effect
EVT405675,2025-06-24 19:26:12,Local Market Day,J009,Majestic,4925,Weekday,False,Fog,False,0.0,False,False,0.772,Severe,12.6,51.1,388.2,0.167,0.385,0.941,Heavy congestion detected - signal timing extended and reroute suggested
EVT405676,2026-05-22 12:14:56,Local Market Day,J030,MG Road,2255,Weekday,False,Clear,False,0.0,False,False,0.18,Low,33.2,9.6,142.5,0.129,0.297,0.99,Normal free-flow traffic - standard signal timing maintained
EVT405677,2025-08-08 17:59:28,Trade Fair,J020,Malleshwaram Circle,5732,Weekday,False,Light Rain,True,3.8,False,False,1.0,Severe,9.4,71.2,644.3,0.244,0.564,0.846,Heavy rain reducing visibility and grip - reduced speed and longer buffer advised
EVT405678,2026-04-07 18:42:12,Concert,J011,Indiranagar 100ft Road,15731,Weekday,False,Clear,False,0.0,False,False,1.0,Severe,8.5,74.2,834.9,0.277,0.64,0.925,Heavy congestion detected - signal timing extended and reroute suggested
EVT405679,2026-02-27 09:56:47,Sports Fixture,J023,Basavanagudi,27271,Weekday,False,Clear,False,0.0,False,False,0.93,Severe,10.5,61.1,253.3,0.112,0.258,0.93,Heavy congestion detected - signal timing extended and reroute suggested
EVT405680,2026-06-24 08:06:37,Trade Fair,J020,Malleshwaram Circle,4796,Weekday,False,Clear,False,0.0,False,False,0.858,Severe,13.1,56.0,483.4,0.216,0.499,0.956,Heavy congestion detected - signal timing extended and reroute suggested
EVT405681,2025-09-04 17:10:13,Sports Fixture,J011,Indiranagar 100ft Road,29152,Weekday,False,Heavy Rain,True,25.2,False,False,1.0,Severe,10.1,76.5,611.4,0.265,0.613,0.875,Heavy rain reducing visibility and grip - reduced speed and longer buffer advised
EVT405682,2025-12-31 18:36:34,Local Market Day,J009,Majestic,4917,Weekday,False,Clear,False,0.0,False,False,1.0,Severe,6.6,76.4,285.1,0.099,0.229,0.89,Heavy congestion detected - signal timing extended and reroute suggested
EVT405683,2026-05-07 07:06:52,Sports Fixture,J011,Indiranagar 100ft Road,12275,Weekday,False,Clear,False,0.0,False,False,0.49,Moderate,29.3,33.6,155.1,0.109,0.252,0.972,Moderate traffic flow - standard adaptive signal timing in effect
EVT405684,2026-05-08 07:17:28,Sports Fixture,J020,Malleshwaram Circle,22410,Weekday,False,Clear,False,0.0,False,False,0.65,High,21.0,46.9,243.8,0.175,0.405,0.959,Moderate traffic flow - standard adaptive signal timing in effect
EVT405685,2025-04-18 22:41:33,Sports Fixture,J030,MG Road,21116,Weekday,False,Clear,False,0.0,False,False,0.296,Low,34.8,12.1,162.6,0.151,0.349,0.958,Moderate traffic flow - standard adaptive signal timing in effect
EVT405686,2026-04-03 08:36:27,Local Market Day,J011,Indiranagar 100ft Road,2257,Weekday,False,Rain,True,14.6,False,False,1.0,Severe,5.6,71.9,775.2,0.198,0.458,0.867,Heavy rain reducing visibility and grip - reduced speed and longer buffer advised
EVT405687,2025-02-18 16:24:36,Concert,J030,MG Road,28684,Weekday,False,Clear,False,0.0,False,False,0.65,High,19.7,44.4,322.4,0.22,0.509,0.955,Moderate traffic flow - standard adaptive signal timing in effect
EVT405688,2025-10-31 19:10:22,Sports Fixture,J030,MG Road,21496,Weekday,False,Clear,False,0.0,False,False,1.0,Severe,7.4,75.1,667.5,0.209,0.483,0.903,Heavy congestion detected - signal timing extended and reroute suggested
EVT405689,2025-04-21 12:41:37,Sports Fixture,J030,MG Road,24792,Weekday,False,Clear,False,0.0,False,False,0.341,Low,20.8,22.7,265.7,0.174,0.402,0.962,Moderate traffic flow - standard adaptive signal timing in effect
EVT405690,2026-04-06 08:17:24,Local Market Day,J009,Majestic,3449,Weekday,False,Clear,False,0.0,False,False,0.871,Severe,14.4,62.0,211.3,0.1,0.231,0.906,Heavy congestion detected - signal timing extended and reroute suggested
EVT405691,2025-12-23 16:36:15,Local Market Day,J031,Cubbon Road,3058,Weekday,False,Clear,False,0.0,False,False,0.634,High,16.9,47.4,283.9,0.153,0.354,0.957,Moderate traffic flow - standard adaptive signal timing in effect
EVT405692,2025-10-09 20:39:11,Concert,J009,Majestic,14198,Weekday,False,Clear,False,0.0,False,False,0.558,High,20.9,45.5,208.1,0.115,0.266,0.956,Moderate traffic flow - standard adaptive signal timing in effect
EVT405693,2026-02-07 05:46:22,Sports Fixture,J023,Basavanagudi,11198,Weekend,False,Clear,False,0.0,False,False,0.254,Low,39.5,19.8,97.9,0.089,0.206,0.955,Moderate traffic flow - standard adaptive signal timing in effect
EVT405694,2025-08-04 17:50:52,Local Market Day,J012,Koramangala Sony World,6960,Weekday,False,Clear,False,0.0,False,False,1.0,Severe,7.9,72.4,722.7,0.256,0.591,0.894,Heavy congestion detected - signal timing extended and reroute suggested
EVT405695,2026-03-03 19:35:32,Sports Fixture,J009,Majestic,17640,Weekday,False,Clear,False,0.0,False,False,0.946,Severe,8.5,69.3,450.4,0.152,0.351,0.906,Heavy congestion detected - signal timing extended and reroute suggested
EVT405696,2026-05-10 07:24:49,Local Market Day,J040,City Market,4517,Weekend,False,Clear,False,0.0,False,False,0.506,Moderate,24.0,38.7,223.3,0.166,0.384,0.97,Moderate traffic flow - standard adaptive signal timing in effect
EVT405697,2026-06-04 12:13:22,Trade Fair,J040,City Market,8482,Weekday,False,Heavy Rain,True,58.0,False,False,0.55,High,22.4,35.4,161.9,0.114,0.262,0.91,Heavy rain reducing visibility and grip - reduced speed and longer buffer advised
EVT405698,2025-11-12 18:31:10,Sports Fixture,J020,Malleshwaram Circle,45494,Weekday,False,Clear,False,0.0,False,False,1.0,Severe,7.8,72.3,537.4,0.172,0.397,0.925,Heavy congestion detected - signal timing extended and reroute suggested
EVT405699,2025-09-06 18:03:02,Fireworks Display,J030,MG Road,26560,Weekend,True,Clear,False,0.0,False,False,1.0,Severe,6.7,70.2,621.3,0.196,0.453,0.867,Festival crowd surge detected - alternate route and extended cycle recommended
EVT405700,2025-01-18 14:38:19,Trade Fair,J040,City Market,12175,Weekend,False,Clear,False,0.0,False,False,0.275,Low,34.1,18.2,142.5,0.126,0.291,0.96,Moderate traffic flow - standard adaptive signal timing in effect
EVT405701,2026-04-29 08:42:09,Local Market Day,J040,City Market,2292,Weekday,False,Clear,False,0.0,False,False,0.911,Severe,9.4,62.1,588.1,0.212,0.49,0.937,Heavy congestion detected - signal timing extended and reroute suggested
EVT405702,2026-03-12 14:17:19,Local Market Day,J011,Indiranagar 100ft Road,4021,Weekday,False,Clear,False,0.0,False,False,0.197,Low,29.4,20.4,155.1,0.119,0.276,0.947,Normal free-flow traffic - standard signal timing maintained
EVT405703,2026-01-08 20:32:07,Trade Fair,J040,City Market,6399,Weekday,False,Clear,False,0.0,False,False,0.523,Moderate,21.9,37.9,216.5,0.145,0.335,0.971,Moderate traffic flow - standard adaptive signal timing in effect
EVT405704,2025-08-30 18:41:28,Local Market Day,J031,Cubbon Road,3543,Weekend,False,Clear,False,0.0,False,False,0.903,Severe,11.2,65.6,287.4,0.135,0.312,0.961,Heavy congestion detected - signal timing extended and reroute suggested
EVT405705,2026-02-14 08:31:03,Local Market Day,J040,City Market,3225,Weekend,False,Fog,False,0.0,False,False,0.767,Severe,14.3,53.6,388.8,0.203,0.469,0.961,Heavy congestion detected - signal timing extended and reroute suggested
EVT405706,2025-02-02 20:53:40,Sports Fixture,J031,Cubbon Road,37603,Weekend,False,Clear,False,0.0,False,False,0.672,High,20.9,52.1,320.0,0.22,0.509,0.931,Moderate traffic flow - standard adaptive signal timing in effect
EVT405707,2026-05-24 20:26:50,Sports Fixture,J011,Indiranagar 100ft Road,13234,Weekend,False,Heavy Rain,True,47.3,False,False,1.0,Severe,7.7,65.6,729.9,0.217,0.502,0.853,Heavy rain reducing visibility and grip - reduced speed and longer buffer advised
EVT405708,2025-12-05 06:55:11,Local Market Day,J012,Koramangala Sony World,5073,Weekday,False,Clear,False,0.0,False,False,0.484,Moderate,26.1,38.7,198.7,0.129,0.298,0.963,Moderate traffic flow - standard adaptive signal timing in effect
EVT405709,2026-03-12 07:11:47,Concert,J009,Majestic,10099,Weekday,False,Fog,False,0.0,False,False,0.517,Moderate,26.3,39.4,88.4,0.065,0.151,0.99,Moderate traffic flow - standard adaptive signal timing in effect
EVT405710,2026-01-26 15:53:38,Religious Festival,J009,Majestic,31705,Weekday,True,Clear,False,0.0,False,True,0.936,Severe,9.9,94.0,380.6,0.15,0.347,0.863,Road closure for event/procession - full detour recommended for through-traffic
EVT405711,2026-06-26 17:41:51,Concert,J023,Basavanagudi,19013,Weekday,False,Clear,False,0.0,False,False,1.0,Severe,7.5,71.7,376.8,0.127,0.294,0.917,Heavy congestion detected - signal timing extended and reroute suggested
EVT405712,2026-05-07 11:42:30,Sports Fixture,J011,Indiranagar 100ft Road,21125,Weekday,False,Clear,False,0.0,True,False,0.754,Severe,19.2,58.1,167.1,0.125,0.289,0.813,Accident detected nearby - reroute and reduced speed advised
EVT405713,2025-12-11 09:58:24,Local Market Day,J012,Koramangala Sony World,4187,Weekday,False,Clear,False,0.0,False,False,0.777,Severe,16.0,54.2,370.1,0.225,0.52,0.969,Heavy congestion detected - signal timing extended and reroute suggested
EVT405714,2026-02-26 11:35:32,Local Market Day,J011,Indiranagar 100ft Road,4011,Weekday,False,Clear,False,0.0,False,False,0.27,Low,36.1,23.5,158.1,0.134,0.31,0.974,Moderate traffic flow - standard adaptive signal timing in effect
EVT405715,2026-04-18 15:07:36,Sports Fixture,J031,Cubbon Road,14895,Weekend,False,Clear,False,0.0,False,False,0.422,Moderate,25.7,33.7,150.8,0.103,0.237,0.986,Moderate traffic flow - standard adaptive signal timing in effect
EVT405716,2025-10-20 17:42:36,Religious Festival,J030,MG Road,26663,Weekday,True,Clear,False,0.0,False,False,1.0,Severe,9.3,72.1,582.5,0.218,0.503,0.845,Festival crowd surge detected - alternate route and extended cycle recommended
EVT405717,2026-03-23 19:22:15,Political Rally,J011,Indiranagar 100ft Road,11580,Weekday,False,Clear,False,0.0,False,False,0.896,Severe,12.8,58.4,351.6,0.159,0.368,0.953,Heavy congestion detected - signal timing extended and reroute suggested
EVT405718,2025-06-29 08:38:22,Concert,J030,MG Road,14893,Weekend,False,Rain,True,17.5,False,False,1.0,Severe,8.6,70.4,598.9,0.207,0.478,0.866,Heavy rain reducing visibility and grip - reduced speed and longer buffer advised
EVT405719,2025-08-31 06:12:01,Concert,J030,MG Road,15130,Weekend,False,Rain,True,14.2,False,False,0.541,Moderate,20.7,42.1,233.6,0.153,0.354,0.917,Light rain detected - minor speed reduction advised
EVT405720,2025-03-27 12:47:36,Sports Fixture,J030,MG Road,28786,Weekday,False,Clear,False,0.0,False,False,0.285,Low,28.7,21.3,211.9,0.173,0.399,0.977,Moderate traffic flow - standard adaptive signal timing in effect
EVT405721,2026-04-26 12:47:15,Sports Fixture,J040,City Market,44078,Weekend,False,Light Rain,True,1.7,False,False,0.586,High,22.8,46.7,195.1,0.138,0.319,0.9,Heavy rain reducing visibility and grip - reduced speed and longer buffer advised
EVT405722,2026-02-22 17:09:28,Trade Fair,J011,Indiranagar 100ft Road,8108,Weekend,False,Clear,False,0.0,False,False,0.789,Severe,16.6,58.2,242.5,0.13,0.3,0.964,Heavy congestion detected - signal timing extended and reroute suggested
EVT405723,2025-12-21 18:37:35,Sports Fixture,J011,Indiranagar 100ft Road,14146,Weekend,False,Clear,False,0.0,False,False,0.93,Severe,11.1,67.9,545.2,0.245,0.567,0.922,Heavy congestion detected - signal timing extended and reroute suggested
EVT405724,2025-10-10 16:04:29,Concert,J030,MG Road,14323,Weekday,False,Clear,False,0.0,False,False,0.399,Moderate,24.1,30.8,242.2,0.173,0.4,0.99,Moderate traffic flow - standard adaptive signal timing in effect
EVT405725,2025-04-16 17:21:51,Trade Fair,J023,Basavanagudi,6181,Weekday,False,Clear,False,0.0,False,False,0.825,Severe,12.8,57.1,299.5,0.164,0.38,0.955,Heavy congestion detected - signal timing extended and reroute suggested
EVT405726,2025-09-12 15:48:17,Concert,J009,Majestic,9737,Weekday,False,Clear,False,0.0,False,False,0.443,Moderate,25.1,32.0,180.5,0.116,0.269,0.962,Moderate traffic flow - standard adaptive signal timing in effect
EVT405727,2026-01-16 19:40:13,Concert,J023,Basavanagudi,12216,Weekday,False,Clear,False,0.0,False,False,0.909,Severe,13.4,68.2,342.6,0.175,0.404,0.937,Heavy congestion detected - signal timing extended and reroute suggested
EVT405728,2025-04-03 19:28:07,Trade Fair,J012,Koramangala Sony World,5037,Weekday,False,Clear,False,0.0,False,False,0.868,Severe,11.6,63.0,414.3,0.182,0.42,0.958,Heavy congestion detected - signal timing extended and reroute suggested
EVT405729,2025-04-14 15:33:45,Religious Festival,J031,Cubbon Road,36660,Weekday,True,Clear,False,0.0,False,True,0.94,Severe,10.3,92.3,550.5,0.242,0.56,0.858,Road closure for event/procession - full detour recommended for through-traffic
EVT405730,2025-11-18 11:36:24,Sports Fixture,J023,Basavanagudi,33088,Weekday,False,Clear,False,0.0,False,False,0.438,Moderate,26.9,28.2,145.3,0.097,0.224,0.939,Moderate traffic flow - standard adaptive signal timing in effect
EVT405731,2025-08-05 11:35:35,Sports Fixture,J012,Koramangala Sony World,10767,Weekday,False,Clear,False,0.0,False,False,0.366,Moderate,27.0,25.2,214.0,0.169,0.391,0.966,Moderate traffic flow - standard adaptive signal timing in effect
EVT405732,2026-05-30 14:53:12,Local Market Day,J040,City Market,4097,Weekend,False,Light Rain,True,7.0,False,False,0.397,Moderate,28.7,22.3,173.6,0.129,0.299,0.938,Light rain detected - minor speed reduction advised
EVT405733,2025-10-11 09:41:13,Local Market Day,J011,Indiranagar 100ft Road,3439,Weekend,False,Clear,False,0.0,False,False,0.764,Severe,15.3,49.3,352.4,0.202,0.466,0.941,Heavy congestion detected - signal timing extended and reroute suggested
EVT405734,2025-01-01 19:03:12,Sports Fixture,J031,Cubbon Road,35918,Weekday,False,Clear,False,0.0,False,False,1.0,Severe,8.0,77.4,470.1,0.164,0.378,0.921,Heavy congestion detected - signal timing extended and reroute suggested
EVT405735,2025-05-19 16:30:19,Sports Fixture,J040,City Market,29609,Weekday,False,Rain,True,21.0,False,False,0.888,Severe,12.1,61.0,438.5,0.214,0.495,0.902,Heavy rain reducing visibility and grip - reduced speed and longer buffer advised
EVT405736,2025-11-16 09:38:58,Concert,J009,Majestic,10072,Weekend,False,Clear,False,0.0,False,False,0.847,Severe,15.8,63.3,364.9,0.187,0.433,0.96,Heavy congestion detected - signal timing extended and reroute suggested
EVT405737,2025-09-26 20:16:43,Local Market Day,J012,Koramangala Sony World,3073,Weekday,False,Rain,True,21.0,False,False,0.814,Severe,17.8,58.2,464.9,0.295,0.681,0.922,Heavy rain reducing visibility and grip - reduced speed and longer buffer advised
EVT405738,2025-02-19 20:07:33,Concert,J012,Koramangala Sony World,20418,Weekday,False,Clear,False,0.0,False,False,0.744,High,16.8,51.7,307.6,0.179,0.414,0.973,Moderate traffic flow - standard adaptive signal timing in effect
EVT405739,2025-11-01 17:05:51,Religious Festival,J012,Koramangala Sony World,42142,Weekend,True,Clear,False,0.0,False,True,1.0,Severe,8.4,89.7,718.6,0.242,0.559,0.831,Road closure for event/procession - full detour recommended for through-traffic
EVT405740,2025-02-08 09:57:47,Trade Fair,J023,Basavanagudi,20273,Weekend,False,Clear,False,0.0,False,False,0.767,Severe,16.5,47.0,391.8,0.22,0.508,0.975,Heavy congestion detected - signal timing extended and reroute suggested
EVT405741,2025-12-26 06:17:59,Religious Festival,J012,Koramangala Sony World,24294,Weekday,True,Clear,False,0.0,False,False,0.659,High,21.1,41.2,317.7,0.226,0.522,0.907,Festival crowd surge detected - alternate route and extended cycle recommended
EVT405742,2025-09-08 04:25:01,Sports Fixture,J009,Majestic,28417,Weekday,False,Light Rain,True,5.6,False,False,0.404,Moderate,18.1,33.1,237.4,0.124,0.286,0.93,Light rain detected - minor speed reduction advised
EVT405743,2025-02-28 09:41:11,Local Market Day,J011,Indiranagar 100ft Road,5083,Weekday,False,Clear,False,0.0,False,False,0.972,Severe,10.0,73.8,397.1,0.154,0.357,0.908,Heavy congestion detected - signal timing extended and reroute suggested
EVT405744,2025-01-11 08:44:19,Trade Fair,J040,City Market,7683,Weekend,False,Clear,False,0.0,False,False,0.814,Severe,16.6,61.5,460.7,0.278,0.643,0.946,Heavy congestion detected - signal timing extended and reroute suggested
EVT405745,2025-04-17 23:18:29,Local Market Day,J009,Majestic,6056,Weekday,False,Clear,False,0.0,False,False,0.114,Low,29.9,9.0,137.3,0.112,0.258,0.981,Normal free-flow traffic - standard signal timing maintained
EVT405746,2026-05-19 20:13:23,Local Market Day,J031,Cubbon Road,3008,Weekday,False,Clear,False,0.0,False,False,0.729,High,16.0,49.7,387.5,0.214,0.495,0.969,Moderate traffic flow - standard adaptive signal timing in effect
EVT405747,2025-02-26 11:23:58,Sports Fixture,J020,Malleshwaram Circle,33076,Weekday,False,Clear,False,0.0,False,False,0.442,Moderate,24.8,31.0,151.9,0.115,0.265,0.977,Moderate traffic flow - standard adaptive signal timing in effect
EVT405748,2026-05-22 15:36:13,Local Market Day,J023,Basavanagudi,3293,Weekday,False,Clear,False,0.0,False,False,0.376,Moderate,30.3,26.8,159.8,0.127,0.293,0.974,Moderate traffic flow - standard adaptive signal timing in effect
EVT405749,2025-06-15 22:09:54,Concert,J040,City Market,13388,Weekend,False,Clear,False,0.0,False,False,0.439,Moderate,17.8,36.6,225.8,0.124,0.286,0.953,Moderate traffic flow - standard adaptive signal timing in effect
EVT405750,2026-04-30 21:02:08,Trade Fair,J023,Basavanagudi,4438,Weekday,False,Clear,False,0.0,False,False,0.5,Moderate,23.4,34.1,212.9,0.158,0.364,0.972,Moderate traffic flow - standard adaptive signal timing in effect
EVT405751,2026-03-15 08:50:53,Local Market Day,J012,Koramangala Sony World,2666,Weekend,False,Light Rain,True,5.7,False,False,0.926,Severe,9.3,67.5,540.2,0.192,0.444,0.871,Heavy rain reducing visibility and grip - reduced speed and longer buffer advised
EVT405752,2025-09-04 20:01:27,Sports Fixture,J030,MG Road,25795,Weekday,False,Heavy Rain,True,33.5,False,False,1.0,Severe,9.9,69.7,471.6,0.215,0.497,0.881,Heavy rain reducing visibility and grip - reduced speed and longer buffer advised
EVT405753,2025-01-04 21:19:16,Local Market Day,J020,Malleshwaram Circle,6745,Weekend,False,Clear,False,0.0,False,False,0.354,Moderate,26.3,25.0,201.9,0.149,0.344,0.977,Moderate traffic flow - standard adaptive signal timing in effect
EVT405754,2025-09-16 18:39:32,Sports Fixture,J030,MG Road,24784,Weekday,False,Clear,False,0.0,False,False,1.0,Severe,6.9,78.5,335.3,0.1,0.23,0.907,Heavy congestion detected - signal timing extended and reroute suggested
EVT405755,2026-06-09 15:48:03,Local Market Day,J031,Cubbon Road,2170,Weekday,False,Light Rain,True,6.7,False,False,0.496,Moderate,16.5,40.7,236.4,0.113,0.261,0.922,Light rain detected - minor speed reduction advised
EVT405756,2025-03-10 18:26:59,Local Market Day,J009,Majestic,3226,Weekday,False,Clear,False,0.0,False,False,0.956,Severe,8.0,65.2,576.8,0.2,0.462,0.923,Heavy congestion detected - signal timing extended and reroute suggested
EVT405757,2025-12-16 19:55:33,Sports Fixture,J012,Koramangala Sony World,23204,Weekday,False,Fog,False,0.0,False,False,0.928,Severe,11.5,70.0,310.7,0.167,0.387,0.932,Heavy congestion detected - signal timing extended and reroute suggested
EVT405758,2025-01-23 15:26:05,Local Market Day,J011,Indiranagar 100ft Road,4841,Weekday,False,Clear,False,0.0,False,False,0.316,Low,31.3,25.7,141.4,0.118,0.273,0.971,Moderate traffic flow - standard adaptive signal timing in effect
EVT405759,2025-04-21 18:18:07,Local Market Day,J031,Cubbon Road,3636,Weekday,False,Clear,False,0.0,False,False,0.969,Severe,12.2,63.4,384.4,0.182,0.421,0.928,Heavy congestion detected - signal timing extended and reroute suggested
EVT405760,2025-01-18 17:43:38,Trade Fair,J012,Koramangala Sony World,14377,Weekend,False,Light Rain,True,2.6,False,False,0.926,Severe,10.8,66.2,353.7,0.165,0.381,0.874,Heavy rain reducing visibility and grip - reduced speed and longer buffer advised
EVT405761,2026-01-05 19:32:30,Concert,J023,Basavanagudi,11497,Weekday,False,Clear,False,0.0,False,False,0.882,Severe,13.4,54.8,202.3,0.13,0.299,0.934,Heavy congestion detected - signal timing extended and reroute suggested
EVT405762,2025-12-25 21:49:48,Religious Festival,J031,Cubbon Road,47432,Weekday,True,Clear,False,0.0,False,True,0.899,High,13.2,92.6,449.8,0.245,0.567,0.852,Road closure for event/procession - full detour recommended for through-traffic
EVT405763,2025-12-29 07:32:37,Trade Fair,J012,Koramangala Sony World,10321,Weekday,False,Clear,False,0.0,False,False,0.688,High,23.3,48.9,119.9,0.075,0.173,0.971,Moderate traffic flow - standard adaptive signal timing in effect
EVT405764,2025-10-22 09:15:26,Religious Festival,J040,City Market,67529,Weekday,True,Clear,False,0.0,False,False,1.0,Severe,7.8,73.8,725.3,0.221,0.51,0.858,Festival crowd surge detected - alternate route and extended cycle recommended
EVT405765,2026-04-28 17:15:10,Trade Fair,J011,Indiranagar 100ft Road,8912,Weekday,False,Clear,False,0.0,False,False,0.76,Severe,14.2,55.8,210.8,0.109,0.251,0.963,Heavy congestion detected - signal timing extended and reroute suggested
EVT405766,2025-01-11 10:52:14,Local Market Day,J012,Koramangala Sony World,4329,Weekend,False,Clear,False,0.0,False,False,0.481,Moderate,20.8,31.1,163.2,0.102,0.235,0.973,Moderate traffic flow - standard adaptive signal timing in effect
EVT405767,2025-06-30 19:28:54,Political Rally,J031,Cubbon Road,15547,Weekday,False,Heavy Rain,True,77.0,False,False,1.0,Severe,8.0,71.4,805.2,0.248,0.573,0.859,Heavy rain reducing visibility and grip - reduced speed and longer buffer advised
EVT405768,2026-03-02 11:33:31,Local Market Day,J020,Malleshwaram Circle,2392,Weekday,False,Clear,False,0.0,False,False,0.198,Low,33.6,20.4,211.7,0.172,0.397,0.962,Normal free-flow traffic - standard signal timing maintained
EVT405769,2025-12-05 19:32:55,Concert,J020,Malleshwaram Circle,14002,Weekday,False,Clear,False,0.0,False,False,0.864,Severe,15.7,60.6,330.0,0.176,0.408,0.937,Heavy congestion detected - signal timing extended and reroute suggested
EVT405770,2026-01-07 16:55:01,Local Market Day,J009,Majestic,3116,Weekday,False,Clear,False,0.0,False,False,0.747,High,16.4,55.6,273.5,0.157,0.363,0.975,Moderate traffic flow - standard adaptive signal timing in effect
EVT405771,2025-03-06 11:09:10,Concert,J040,City Market,14069,Weekday,False,Clear,False,0.0,False,False,0.341,Low,25.8,19.0,294.2,0.207,0.479,0.986,Moderate traffic flow - standard adaptive signal timing in effect
EVT405772,2025-10-03 10:03:20,Cultural Procession,J009,Majestic,18985,Weekday,True,Clear,False,0.0,False,True,1.0,Severe,7.6,105.0,567.9,0.18,0.416,0.833,Road closure for event/procession - full detour recommended for through-traffic
EVT405773,2026-05-26 06:31:37,Concert,J009,Majestic,14515,Weekday,False,Light Rain,True,2.0,False,False,0.41,Moderate,32.6,26.7,198.5,0.179,0.413,0.922,Light rain detected - minor speed reduction advised
EVT405774,2025-09-27 08:05:16,Sports Fixture,J040,City Market,13124,Weekend,False,Clear,False,0.0,False,False,0.749,High,17.6,55.8,260.1,0.146,0.336,0.972,Moderate traffic flow - standard adaptive signal timing in effect
EVT405775,2025-03-07 20:37:49,Sports Fixture,J040,City Market,21296,Weekday,False,Clear,False,0.0,False,False,0.578,High,15.5,39.1,125.5,0.073,0.168,0.956,Moderate traffic flow - standard adaptive signal timing in effect
EVT405776,2025-05-13 20:37:13,Trade Fair,J030,MG Road,6952,Weekday,False,Clear,False,0.0,False,False,0.566,High,18.8,42.7,349.4,0.206,0.475,0.941,Moderate traffic flow - standard adaptive signal timing in effect
EVT405777,2026-01-31 12:46:55,Sports Fixture,J020,Malleshwaram Circle,40572,Weekend,False,Clear,False,0.0,False,False,0.484,Moderate,27.2,38.7,286.8,0.202,0.466,0.945,Moderate traffic flow - standard adaptive signal timing in effect
EVT405778,2025-08-15 08:18:00,Religious Festival,J011,Indiranagar 100ft Road,30002,Weekday,True,Clear,False,0.0,False,True,1.0,Severe,8.5,101.8,688.8,0.239,0.553,0.82,Road closure for event/procession - full detour recommended for through-traffic
EVT405779,2025-01-02 09:28:25,Concert,J009,Majestic,12076,Weekday,False,Clear,False,0.0,False,False,0.92,Severe,11.1,63.7,412.3,0.184,0.425,0.907,Heavy congestion detected - signal timing extended and reroute suggested
EVT405780,2026-06-21 13:49:14,Sports Fixture,J020,Malleshwaram Circle,33226,Weekend,False,Clear,False,0.0,False,False,0.405,Moderate,30.2,28.4,171.1,0.136,0.313,0.962,Moderate traffic flow - standard adaptive signal timing in effect
EVT405781,2026-01-04 06:18:42,Sports Fixture,J031,Cubbon Road,14786,Weekend,False,Clear,False,0.0,False,False,0.336,Low,28.4,26.6,157.8,0.136,0.314,0.988,Moderate traffic flow - standard adaptive signal timing in effect
EVT405782,2025-11-06 07:46:41,Political Rally,J023,Basavanagudi,14065,Weekday,False,Clear,False,0.0,False,False,0.779,Severe,14.1,59.7,341.4,0.168,0.388,0.958,Heavy congestion detected - signal timing extended and reroute suggested
EVT405783,2026-02-15 19:16:47,Political Rally,J020,Malleshwaram Circle,12179,Weekend,False,Clear,False,0.0,False,False,0.834,Severe,14.7,55.2,246.8,0.136,0.314,0.96,Heavy congestion detected - signal timing extended and reroute suggested
EVT405784,2025-01-18 10:57:08,Local Market Day,J011,Indiranagar 100ft Road,3583,Weekend,False,Clear,False,0.0,False,False,0.481,Moderate,25.4,36.3,133.2,0.101,0.233,0.959,Moderate traffic flow - standard adaptive signal timing in effect
EVT405785,2026-05-01 17:29:46,Cultural Procession,J023,Basavanagudi,18801,Weekday,True,Rain,True,16.1,False,True,1.0,Severe,7.2,101.4,378.5,0.147,0.339,0.782,Road closure for event/procession - full detour recommended for through-traffic
EVT405786,2025-10-20 08:05:25,Fireworks Display,J023,Basavanagudi,19408,Weekday,True,Light Rain,True,5.2,False,False,1.0,Severe,9.0,74.7,571.9,0.199,0.46,0.823,Festival crowd surge detected - alternate route and extended cycle recommended
EVT405787,2025-05-01 09:22:01,Religious Festival,J023,Basavanagudi,24941,Weekday,True,Clear,False,0.0,False,False,1.0,Severe,9.2,71.9,446.1,0.169,0.39,0.885,Festival crowd surge detected - alternate route and extended cycle recommended
EVT405788,2025-06-12 07:52:03,Concert,J023,Basavanagudi,15249,Weekday,False,Clear,False,0.0,False,False,0.788,Severe,14.5,52.5,441.8,0.231,0.534,0.981,Heavy congestion detected - signal timing extended and reroute suggested
EVT405789,2025-06-22 12:56:47,Political Rally,J031,Cubbon Road,14719,Weekend,False,Clear,False,0.0,False,False,0.287,Low,33.8,20.7,98.0,0.105,0.242,0.959,Moderate traffic flow - standard adaptive signal timing in effect
EVT405790,2026-04-13 01:26:19,Sports Fixture,J020,Malleshwaram Circle,39429,Weekday,False,Clear,False,0.0,False,False,0.408,Moderate,26.1,26.1,238.5,0.17,0.394,0.973,Moderate traffic flow - standard adaptive signal timing in effect
EVT405791,2025-05-09 04:04:09,Sports Fixture,J023,Basavanagudi,22841,Weekday,False,Clear,False,0.0,False,False,0.314,Low,26.1,19.5,113.3,0.064,0.148,0.94,Moderate traffic flow - standard adaptive signal timing in effect
EVT405792,2025-11-08 10:48:58,Political Rally,J020,Malleshwaram Circle,8195,Weekend,False,Clear,False,0.0,False,False,0.536,Moderate,27.1,42.2,294.8,0.243,0.562,0.971,Moderate traffic flow - standard adaptive signal timing in effect
EVT405793,2026-01-20 15:09:19,Concert,J031,Cubbon Road,12228,Weekday,False,Clear,False,0.0,False,False,0.334,Low,27.7,24.9,188.4,0.14,0.322,0.961,Moderate traffic flow - standard adaptive signal timing in effect
EVT405794,2025-03-09 19:59:02,Local Market Day,J009,Majestic,5305,Weekend,False,Clear,False,0.0,False,False,0.689,High,20.9,53.9,222.3,0.159,0.368,0.967,Moderate traffic flow - standard adaptive signal timing in effect
EVT405795,2026-03-25 14:41:18,Local Market Day,J012,Koramangala Sony World,4539,Weekday,False,Clear,False,0.0,False,False,0.213,Low,30.2,13.9,72.3,0.042,0.097,0.945,Normal free-flow traffic - standard signal timing maintained
EVT405796,2025-02-14 14:18:52,Concert,J012,Koramangala Sony World,7973,Weekday,False,Clear,False,0.0,False,False,0.149,Low,31.3,11.6,104.3,0.089,0.205,0.954,Normal free-flow traffic - standard signal timing maintained
EVT405797,2025-01-24 18:56:42,Sports Fixture,J030,MG Road,17303,Weekday,False,Clear,False,0.0,False,False,0.986,Severe,10.9,70.3,690.6,0.294,0.679,0.892,Heavy congestion detected - signal timing extended and reroute suggested
EVT405798,2025-12-30 08:55:20,Concert,J030,MG Road,20735,Weekday,False,Clear,False,0.0,False,False,1.0,Severe,9.6,67.2,397.2,0.175,0.405,0.922,Heavy congestion detected - signal timing extended and reroute suggested
EVT405799,2026-01-05 17:18:59,Concert,J031,Cubbon Road,10365,Weekday,False,Clear,False,0.0,False,False,0.827,Severe,14.7,59.7,169.5,0.095,0.219,0.933,Heavy congestion detected - signal timing extended and reroute suggested
EVT405800,2025-07-03 16:11:47,Trade Fair,J030,MG Road,4948,Weekday,False,Clear,False,0.0,False,False,0.581,High,21.1,43.4,279.4,0.195,0.45,0.951,Moderate traffic flow - standard adaptive signal timing in effect
EVT405801,2025-03-22 11:52:14,Sports Fixture,J023,Basavanagudi,25135,Weekend,False,Light Rain,True,4.8,False,False,0.547,Moderate,22.1,37.7,211.9,0.154,0.355,0.915,Light rain detected - minor speed reduction advised
EVT405802,2026-03-15 01:04:19,Local Market Day,J030,MG Road,3900,Weekend,False,Fog,False,0.0,False,False,0.218,Low,24.3,21.0,192.7,0.116,0.268,0.946,Normal free-flow traffic - standard signal timing maintained
EVT405803,2025-01-21 20:34:38,Political Rally,J009,Majestic,17226,Weekday,False,Clear,False,0.0,False,False,0.611,High,20.2,43.3,349.9,0.247,0.571,0.941,Moderate traffic flow - standard adaptive signal timing in effect
EVT405804,2026-06-17 16:45:28,Trade Fair,J011,Indiranagar 100ft Road,12781,Weekday,False,Fog,False,0.0,False,False,0.669,High,21.9,51.4,123.3,0.073,0.169,0.947,Moderate traffic flow - standard adaptive signal timing in effect
EVT405805,2025-04-13 10:38:56,Political Rally,J020,Malleshwaram Circle,12072,Weekend,False,Clear,False,0.0,False,False,0.53,Moderate,20.6,37.2,113.8,0.079,0.183,0.95,Moderate traffic flow - standard adaptive signal timing in effect
EVT405806,2025-01-01 19:14:37,Concert,J011,Indiranagar 100ft Road,20210,Weekday,False,Clear,False,0.0,False,False,1.0,Severe,8.1,74.1,373.1,0.132,0.305,0.938,Heavy congestion detected - signal timing extended and reroute suggested
EVT405807,2025-03-03 12:02:02,Sports Fixture,J040,City Market,21376,Weekday,False,Fog,False,0.0,False,False,0.331,Low,28.5,26.1,173.3,0.16,0.37,0.967,Moderate traffic flow - standard adaptive signal timing in effect
EVT405808,2026-05-03 17:46:47,Sports Fixture,J023,Basavanagudi,21226,Weekend,False,Clear,False,0.0,False,False,0.938,Severe,10.5,71.1,489.0,0.176,0.407,0.928,Heavy congestion detected - signal timing extended and reroute suggested
EVT405809,2026-02-11 12:21:04,Local Market Day,J012,Koramangala Sony World,4655,Weekday,False,Clear,False,0.0,False,False,0.222,Low,31.0,9.8,283.1,0.221,0.511,0.971,Normal free-flow traffic - standard signal timing maintained
EVT405810,2025-04-14 18:52:23,Cultural Procession,J023,Basavanagudi,9457,Weekday,True,Clear,False,0.0,False,True,1.0,Severe,10.8,102.1,416.1,0.201,0.464,0.852,Road closure for event/procession - full detour recommended for through-traffic
EVT405811,2025-10-05 12:03:36,Local Market Day,J020,Malleshwaram Circle,2322,Weekend,False,Clear,False,0.0,False,False,0.311,Low,28.0,19.8,174.8,0.137,0.317,0.941,Moderate traffic flow - standard adaptive signal timing in effect
EVT405812,2026-06-28 07:27:28,Local Market Day,J012,Koramangala Sony World,4051,Weekend,False,Clear,False,0.0,False,False,0.566,High,21.5,40.2,286.8,0.214,0.494,0.975,Moderate traffic flow - standard adaptive signal timing in effect
EVT405813,2025-12-14 15:50:10,Local Market Day,J012,Koramangala Sony World,4547,Weekend,False,Clear,False,0.0,False,False,0.445,Moderate,24.2,31.2,114.3,0.072,0.167,0.977,Moderate traffic flow - standard adaptive signal timing in effect
EVT405814,2025-04-14 09:35:14,Religious Festival,J020,Malleshwaram Circle,69877,Weekday,True,Clear,False,0.0,False,True,1.0,Severe,7.9,99.4,684.3,0.218,0.505,0.849,Road closure for event/procession - full detour recommended for through-traffic
EVT405815,2025-01-01 11:10:15,Political Rally,J023,Basavanagudi,11932,Weekday,False,Fog,False,0.0,False,False,0.426,Moderate,32.5,27.0,121.2,0.105,0.243,0.972,Moderate traffic flow - standard adaptive signal timing in effect
EVT405816,2025-11-30 11:04:47,Local Market Day,J040,City Market,6792,Weekend,False,Clear,False,0.0,False,False,0.406,Moderate,29.8,25.6,183.1,0.141,0.325,0.97,Moderate traffic flow - standard adaptive signal timing in effect
EVT405817,2025-08-06 18:42:03,Sports Fixture,J031,Cubbon Road,26411,Weekday,False,Rain,True,12.2,False,False,1.0,Severe,8.6,72.0,915.2,0.309,0.715,0.868,Heavy rain reducing visibility and grip - reduced speed and longer buffer advised
EVT405818,2025-08-11 09:34:12,Trade Fair,J011,Indiranagar 100ft Road,5275,Weekday,False,Clear,False,0.0,False,False,0.938,Severe,9.1,69.8,496.4,0.187,0.433,0.935,Heavy congestion detected - signal timing extended and reroute suggested
EVT405819,2025-04-24 14:59:48,Local Market Day,J023,Basavanagudi,6426,Weekday,False,Clear,False,0.0,False,False,0.378,Moderate,25.8,32.8,193.9,0.141,0.326,0.965,Moderate traffic flow - standard adaptive signal timing in effect
EVT405820,2026-05-12 19:06:03,Political Rally,J011,Indiranagar 100ft Road,24735,Weekday,False,Rain,True,18.7,False,False,1.0,Severe,7.3,67.4,943.5,0.266,0.615,0.876,Heavy rain reducing visibility and grip - reduced speed and longer buffer advised
EVT405821,2026-04-26 10:11:32,Concert,J009,Majestic,10847,Weekend,False,Clear,False,0.0,False,False,0.709,High,21.4,49.4,285.3,0.192,0.444,0.957,Moderate traffic flow - standard adaptive signal timing in effect
EVT405822,2025-05-01 07:26:55,Religious Festival,J011,Indiranagar 100ft Road,66250,Weekday,True,Clear,False,0.0,False,True,1.0,Severe,7.9,103.7,741.6,0.251,0.58,0.847,Road closure for event/procession - full detour recommended for through-traffic
EVT405823,2025-05-09 09:55:55,Trade Fair,J030,MG Road,8544,Weekday,False,Clear,False,0.0,False,False,0.905,Severe,11.4,65.9,162.5,0.068,0.156,0.934,Heavy congestion detected - signal timing extended and reroute suggested
EVT405824,2025-09-23 14:53:26,Sports Fixture,J040,City Market,33672,Weekday,False,Light Rain,True,6.5,False,False,0.552,High,26.9,38.8,204.3,0.181,0.418,0.924,Heavy rain reducing visibility and grip - reduced speed and longer buffer advised
EVT405825,2026-02-21 16:19:16,Local Market Day,J030,MG Road,3299,Weekend,False,Fog,False,0.0,False,False,0.58,High,21.7,35.4,273.4,0.201,0.464,0.957,Moderate traffic flow - standard adaptive signal timing in effect
EVT405826,2025-02-12 18:52:45,Local Market Day,J009,Majestic,3860,Weekday,False,Clear,False,0.0,False,False,0.969,Severe,9.3,73.9,642.0,0.209,0.482,0.957,Heavy congestion detected - signal timing extended and reroute suggested
EVT405827,2025-07-29 06:03:05,Trade Fair,J023,Basavanagudi,15363,Weekday,False,Clear,False,0.0,False,False,0.302,Low,32.7,17.6,156.9,0.133,0.308,0.957,Moderate traffic flow - standard adaptive signal timing in effect
EVT405828,2025-03-02 08:31:49,Sports Fixture,J031,Cubbon Road,18972,Weekend,False,Clear,False,0.0,False,False,0.816,Severe,15.0,52.9,285.9,0.153,0.353,0.936,Heavy congestion detected - signal timing extended and reroute suggested
EVT405829,2025-06-23 17:34:25,Concert,J031,Cubbon Road,15660,Weekday,False,Clear,False,0.0,False,False,1.0,Severe,9.3,77.9,631.8,0.244,0.563,0.934,Heavy congestion detected - signal timing extended and reroute suggested
EVT405830,2025-05-20 18:00:15,Local Market Day,J012,Koramangala Sony World,3478,Weekday,False,Light Rain,True,2.6,False,False,0.987,Severe,7.8,69.8,804.7,0.255,0.589,0.875,Heavy rain reducing visibility and grip - reduced speed and longer buffer advised
EVT405831,2025-07-12 06:18:22,Concert,J012,Koramangala Sony World,11053,Weekend,False,Clear,False,0.0,False,False,0.428,Moderate,25.5,29.8,166.4,0.126,0.292,0.971,Moderate traffic flow - standard adaptive signal timing in effect
EVT405832,2026-01-29 22:44:22,Local Market Day,J012,Koramangala Sony World,2622,Weekday,False,Clear,False,0.0,False,False,0.135,Low,32.9,8.8,104.3,0.088,0.203,0.99,Normal free-flow traffic - standard signal timing maintained
EVT405833,2025-03-14 11:15:22,Cultural Procession,J020,Malleshwaram Circle,17752,Weekday,True,Clear,False,0.0,False,True,0.837,High,13.1,84.8,485.2,0.215,0.496,0.881,Road closure for event/procession - full detour recommended for through-traffic
EVT405834,2025-03-07 14:55:59,Sports Fixture,J011,Indiranagar 100ft Road,16507,Weekday,False,Clear,False,0.0,False,False,0.258,Low,24.7,15.5,124.5,0.102,0.235,0.982,Moderate traffic flow - standard adaptive signal timing in effect
EVT405835,2025-07-01 10:20:36,Local Market Day,J030,MG Road,6279,Weekday,False,Heavy Rain,True,48.1,False,False,1.0,Severe,7.6,73.8,328.5,0.12,0.277,0.853,Heavy rain reducing visibility and grip - reduced speed and longer buffer advised
EVT405836,2026-01-23 07:07:34,Local Market Day,J009,Majestic,5357,Weekday,False,Light Rain,True,4.2,False,False,0.511,Moderate,23.5,35.1,205.5,0.129,0.297,0.935,Light rain detected - minor speed reduction advised
EVT405837,2025-06-01 07:53:31,Trade Fair,J030,MG Road,7755,Weekend,False,Rain,True,20.3,False,False,0.869,Severe,11.0,64.3,435.5,0.184,0.425,0.876,Heavy rain reducing visibility and grip - reduced speed and longer buffer advised
EVT405838,2025-09-09 21:53:33,Local Market Day,J020,Malleshwaram Circle,4059,Weekday,False,Clear,False,0.0,False,False,0.271,Low,38.2,15.4,109.0,0.104,0.24,0.972,Moderate traffic flow - standard adaptive signal timing in effect
EVT405839,2025-10-12 08:49:22,Local Market Day,J031,Cubbon Road,3033,Weekend,False,Rain,True,21.6,False,False,1.0,Severe,8.0,74.5,394.9,0.133,0.307,0.865,Heavy rain reducing visibility and grip - reduced speed and longer buffer advised
EVT405840,2025-05-18 16:00:57,Concert,J012,Koramangala Sony World,10414,Weekend,False,Clear,False,0.0,False,False,0.458,Moderate,18.5,35.2,360.2,0.202,0.468,0.971,Moderate traffic flow - standard adaptive signal timing in effect
EVT405841,2025-08-30 11:37:21,Political Rally,J030,MG Road,19340,Weekend,False,Rain,True,23.0,False,False,0.623,High,18.8,47.2,138.2,0.088,0.204,0.914,Heavy rain reducing visibility and grip - reduced speed and longer buffer advised
EVT405842,2025-02-07 19:51:47,Local Market Day,J011,Indiranagar 100ft Road,1846,Weekday,False,Clear,False,0.0,False,False,0.716,High,19.7,47.5,232.6,0.153,0.354,0.964,Moderate traffic flow - standard adaptive signal timing in effect
EVT405843,2025-04-09 19:18:45,Trade Fair,J020,Malleshwaram Circle,7906,Weekday,False,Clear,False,0.0,False,False,0.982,Severe,10.6,68.9,515.8,0.201,0.464,0.932,Heavy congestion detected - signal timing extended and reroute suggested
EVT405844,2025-10-12 09:12:23,Sports Fixture,J012,Koramangala Sony World,13820,Weekend,False,Rain,True,10.3,False,False,1.0,Severe,7.4,78.6,359.3,0.152,0.35,0.867,Heavy rain reducing visibility and grip - reduced speed and longer buffer advised
EVT405845,2026-03-15 17:58:03,Sports Fixture,J020,Malleshwaram Circle,22438,Weekend,False,Clear,False,0.0,False,False,0.885,Severe,11.4,64.2,387.2,0.16,0.37,0.925,Heavy congestion detected - signal timing extended and reroute suggested
EVT405846,2025-11-06 15:50:59,Trade Fair,J040,City Market,12619,Weekday,False,Clear,False,0.0,False,False,0.47,Moderate,25.6,33.3,196.4,0.132,0.305,0.984,Moderate traffic flow - standard adaptive signal timing in effect
EVT405847,2026-06-09 09:21:20,Trade Fair,J020,Malleshwaram Circle,9926,Weekday,False,Clear,False,0.0,False,False,1.0,Severe,8.9,75.2,489.2,0.179,0.412,0.902,Heavy congestion detected - signal timing extended and reroute suggested
EVT405848,2025-08-06 18:14:03,Concert,J023,Basavanagudi,8983,Weekday,False,Clear,False,0.0,False,False,1.0,Severe,9.3,73.0,672.9,0.261,0.603,0.911,Heavy congestion detected - signal timing extended and reroute suggested
EVT405849,2025-05-25 20:28:45,Local Market Day,J009,Majestic,6654,Weekend,False,Rain,True,21.0,False,False,0.807,Severe,11.5,57.6,586.4,0.227,0.525,0.901,Heavy rain reducing visibility and grip - reduced speed and longer buffer advised
EVT405850,2025-03-23 00:07:10,Local Market Day,J030,MG Road,6244,Weekend,False,Fog,False,0.0,False,False,0.224,Low,35.3,19.7,131.8,0.123,0.284,0.971,Normal free-flow traffic - standard signal timing maintained
EVT405851,2026-02-04 10:01:59,Local Market Day,J009,Majestic,5138,Weekday,False,Clear,False,0.0,False,False,0.764,Severe,18.3,54.0,242.2,0.143,0.331,0.948,Heavy congestion detected - signal timing extended and reroute suggested
EVT405852,2025-03-25 17:44:12,Trade Fair,J040,City Market,6198,Weekday,False,Clear,False,0.0,False,False,0.895,Severe,10.3,61.1,575.7,0.221,0.511,0.953,Heavy congestion detected - signal timing extended and reroute suggested
EVT405853,2025-06-15 08:02:49,Local Market Day,J023,Basavanagudi,2832,Weekend,False,Clear,False,0.0,False,False,0.715,High,18.6,57.0,290.1,0.17,0.393,0.964,Moderate traffic flow - standard adaptive signal timing in effect
EVT405854,2025-08-18 18:01:46,Political Rally,J020,Malleshwaram Circle,14647,Weekday,False,Rain,True,15.8,False,False,1.0,Severe,9.4,73.6,635.8,0.239,0.552,0.857,Heavy rain reducing visibility and grip - reduced speed and longer buffer advised
EVT405855,2025-05-23 10:36:06,Local Market Day,J009,Majestic,2641,Weekday,False,Clear,False,0.0,False,False,0.611,High,26.4,42.0,216.3,0.175,0.404,0.976,Moderate traffic flow - standard adaptive signal timing in effect
EVT405856,2025-05-06 10:52:43,Trade Fair,J012,Koramangala Sony World,8597,Weekday,False,Clear,False,0.0,False,False,0.568,High,19.7,40.9,276.4,0.173,0.4,0.957,Moderate traffic flow - standard adaptive signal timing in effect
EVT405857,2026-01-03 09:15:32,Sports Fixture,J012,Koramangala Sony World,21650,Weekend,False,Clear,False,0.0,False,False,0.937,Severe,10.4,67.4,395.5,0.159,0.367,0.939,Heavy congestion detected - signal timing extended and reroute suggested
EVT405858,2026-06-18 13:09:15,Concert,J012,Koramangala Sony World,11985,Weekday,False,Clear,False,0.0,False,False,0.177,Low,46.3,15.8,121.1,0.134,0.311,0.968,Normal free-flow traffic - standard signal timing maintained
EVT405859,2025-07-26 06:56:54,Sports Fixture,J023,Basavanagudi,20244,Weekend,False,Rain,True,22.1,False,False,0.769,Severe,17.2,55.8,216.2,0.12,0.277,0.888,Heavy rain reducing visibility and grip - reduced speed and longer buffer advised
EVT405860,2025-04-25 07:52:16,Trade Fair,J023,Basavanagudi,8042,Weekday,False,Clear,False,0.0,False,False,0.799,Severe,18.7,59.7,146.9,0.079,0.183,0.957,Heavy congestion detected - signal timing extended and reroute suggested
EVT405861,2025-04-27 04:34:37,Local Market Day,J031,Cubbon Road,2335,Weekend,False,Clear,False,0.0,False,False,0.248,Low,27.2,16.0,130.5,0.09,0.208,0.955,Normal free-flow traffic - standard signal timing maintained
EVT405862,2026-05-13 08:32:12,Trade Fair,J031,Cubbon Road,5100,Weekday,False,Heavy Rain,True,36.3,False,False,1.0,Severe,6.8,72.2,634.4,0.191,0.441,0.882,Heavy rain reducing visibility and grip - reduced speed and longer buffer advised
EVT405863,2026-05-18 12:56:59,Political Rally,J030,MG Road,25982,Weekday,False,Clear,False,0.0,False,False,0.355,Moderate,27.8,20.8,182.2,0.145,0.334,0.971,Moderate traffic flow - standard adaptive signal timing in effect
EVT405864,2025-02-01 18:38:00,Sports Fixture,J020,Malleshwaram Circle,11352,Weekend,False,Clear,False,0.0,False,False,0.875,Severe,13.0,62.1,305.8,0.168,0.387,0.951,Heavy congestion detected - signal timing extended and reroute suggested
EVT405865,2025-10-24 16:27:19,Local Market Day,J011,Indiranagar 100ft Road,2922,Weekday,False,Clear,False,0.0,False,False,0.553,High,20.5,42.7,209.4,0.141,0.325,0.954,Moderate traffic flow - standard adaptive signal timing in effect
EVT405866,2025-07-26 11:55:11,Local Market Day,J040,City Market,3265,Weekend,False,Fog,False,0.0,False,False,0.364,Moderate,24.2,17.4,116.2,0.074,0.17,0.964,Moderate traffic flow - standard adaptive signal timing in effect
EVT405867,2025-08-04 20:30:16,Sports Fixture,J011,Indiranagar 100ft Road,31143,Weekday,False,Heavy Rain,True,35.2,False,False,1.0,Severe,9.3,77.8,367.4,0.132,0.305,0.853,Heavy rain reducing visibility and grip - reduced speed and longer buffer advised
EVT405868,2025-01-02 19:39:09,Sports Fixture,J040,City Market,17498,Weekday,False,Clear,False,0.0,False,False,0.915,Severe,11.6,61.9,387.8,0.147,0.34,0.925,Heavy congestion detected - signal timing extended and reroute suggested
EVT405869,2026-01-27 09:29:13,Cultural Procession,J011,Indiranagar 100ft Road,13020,Weekday,True,Clear,False,0.0,False,True,1.0,Severe,7.5,102.8,410.8,0.145,0.334,0.809,Road closure for event/procession - full detour recommended for through-traffic
EVT405870,2025-08-29 22:54:35,Trade Fair,J031,Cubbon Road,8810,Weekday,False,Rain,True,14.0,False,False,0.338,Low,36.4,31.2,171.0,0.174,0.402,0.904,Light rain detected - minor speed reduction advised
EVT405871,2025-08-31 19:17:29,Local Market Day,J009,Majestic,2879,Weekend,False,Clear,False,0.0,False,False,0.737,High,16.2,49.0,355.1,0.219,0.507,0.978,Moderate traffic flow - standard adaptive signal timing in effect
EVT405872,2025-07-31 14:04:22,Sports Fixture,J031,Cubbon Road,31772,Weekday,False,Clear,False,0.0,False,False,0.295,Low,35.0,23.2,142.0,0.134,0.309,0.986,Moderate traffic flow - standard adaptive signal timing in effect
EVT405873,2025-10-09 19:40:42,Sports Fixture,J023,Basavanagudi,14568,Weekday,False,Clear,False,0.0,False,False,0.838,Severe,12.3,60.7,142.7,0.07,0.161,0.94,Heavy congestion detected - signal timing extended and reroute suggested
EVT405874,2026-01-07 10:03:17,Sports Fixture,J040,City Market,13389,Weekday,False,Clear,False,0.0,False,False,0.879,Severe,12.7,55.7,286.3,0.14,0.322,0.941,Heavy congestion detected - signal timing extended and reroute suggested
EVT405875,2025-01-26 21:30:00,Cultural Procession,J031,Cubbon Road,18762,Weekend,True,Clear,False,0.0,False,True,0.841,High,12.2,83.5,366.8,0.176,0.407,0.857,Road closure for event/procession - full detour recommended for through-traffic
EVT405876,2025-12-02 14:55:00,Sports Fixture,J023,Basavanagudi,19134,Weekday,False,Clear,False,0.0,False,False,0.414,Moderate,25.6,28.7,177.8,0.144,0.334,0.954,Moderate traffic flow - standard adaptive signal timing in effect
EVT405877,2025-10-08 17:05:06,Sports Fixture,J009,Majestic,19168,Weekday,False,Light Rain,True,5.5,False,False,0.949,Severe,9.9,65.7,479.1,0.204,0.47,0.871,Heavy rain reducing visibility and grip - reduced speed and longer buffer advised
EVT405878,2026-06-12 11:54:06,Local Market Day,J020,Malleshwaram Circle,5560,Weekday,False,Heavy Rain,True,28.1,False,False,0.565,High,26.3,48.0,181.7,0.144,0.332,0.93,Heavy rain reducing visibility and grip - reduced speed and longer buffer advised
EVT405879,2025-07-12 09:39:54,Local Market Day,J040,City Market,3605,Weekend,False,Fog,False,0.0,False,False,0.842,Severe,16.3,57.8,187.1,0.095,0.219,0.963,Heavy congestion detected - signal timing extended and reroute suggested
EVT405880,2025-05-09 21:16:02,Local Market Day,J011,Indiranagar 100ft Road,2163,Weekday,False,Rain,True,21.9,False,False,0.569,High,21.5,36.7,183.1,0.099,0.229,0.93,Heavy rain reducing visibility and grip - reduced speed and longer buffer advised
EVT405881,2026-06-07 10:07:06,Local Market Day,J031,Cubbon Road,7022,Weekend,False,Rain,True,12.4,False,False,0.832,Severe,19.7,55.0,258.8,0.169,0.391,0.897,Heavy rain reducing visibility and grip - reduced speed and longer buffer advised
EVT405882,2025-02-25 17:02:32,Political Rally,J023,Basavanagudi,13336,Weekday,False,Clear,False,0.0,False,False,0.762,Severe,13.8,55.2,528.1,0.25,0.578,0.974,Heavy congestion detected - signal timing extended and reroute suggested
EVT405883,2025-01-31 19:51:11,Sports Fixture,J012,Koramangala Sony World,18281,Weekday,False,Clear,False,0.0,False,False,0.85,Severe,14.7,61.2,203.4,0.111,0.255,0.937,Heavy congestion detected - signal timing extended and reroute suggested
EVT405884,2026-02-01 21:21:11,Concert,J030,MG Road,18512,Weekend,False,Clear,False,0.0,False,False,0.424,Moderate,26.9,33.4,98.3,0.062,0.142,0.985,Moderate traffic flow - standard adaptive signal timing in effect
EVT405885,2025-05-05 13:56:06,Local Market Day,J009,Majestic,5151,Weekday,False,Clear,False,0.0,False,False,0.168,Low,34.5,13.1,144.4,0.149,0.345,0.944,Normal free-flow traffic - standard signal timing maintained
EVT405886,2025-07-24 12:33:03,Local Market Day,J031,Cubbon Road,2621,Weekday,False,Rain,True,13.7,False,False,0.346,Low,37.1,21.5,120.1,0.14,0.324,0.898,Light rain detected - minor speed reduction advised
EVT405887,2025-12-01 17:37:46,Trade Fair,J011,Indiranagar 100ft Road,8516,Weekday,False,Fog,False,0.0,False,False,0.957,Severe,6.0,67.1,518.9,0.143,0.331,0.922,Heavy congestion detected - signal timing extended and reroute suggested
EVT405888,2025-08-15 19:39:40,Religious Festival,J020,Malleshwaram Circle,32875,Weekday,True,Heavy Rain,True,43.3,False,False,1.0,Severe,8.9,72.1,477.4,0.175,0.404,0.821,Festival crowd surge detected - alternate route and extended cycle recommended
EVT405889,2026-05-22 18:07:26,Local Market Day,J011,Indiranagar 100ft Road,5657,Weekday,False,Clear,False,0.0,False,False,0.973,Severe,9.4,71.5,520.9,0.203,0.47,0.929,Heavy congestion detected - signal timing extended and reroute suggested
EVT405890,2025-12-27 07:54:58,Sports Fixture,J020,Malleshwaram Circle,18528,Weekend,False,Clear,False,0.0,False,False,0.758,Severe,17.0,55.6,299.0,0.181,0.419,0.964,Heavy congestion detected - signal timing extended and reroute suggested
EVT405891,2025-01-13 21:09:02,Local Market Day,J011,Indiranagar 100ft Road,3630,Weekday,False,Clear,False,0.0,False,False,0.374,Moderate,29.0,20.0,95.7,0.07,0.162,0.97,Moderate traffic flow - standard adaptive signal timing in effect
EVT405892,2025-07-10 16:07:17,Sports Fixture,J020,Malleshwaram Circle,19529,Weekday,False,Clear,False,0.0,False,False,0.493,Moderate,29.2,33.3,158.4,0.138,0.318,0.955,Moderate traffic flow - standard adaptive signal timing in effect
EVT405893,2026-02-09 08:54:59,Concert,J011,Indiranagar 100ft Road,13355,Weekday,False,Clear,False,0.0,False,False,1.0,Severe,9.5,71.1,442.4,0.165,0.381,0.921,Heavy congestion detected - signal timing extended and reroute suggested
EVT405894,2026-04-14 14:45:08,Religious Festival,J011,Indiranagar 100ft Road,81377,Weekday,True,Clear,False,0.0,False,True,1.0,Severe,9.1,103.6,365.2,0.154,0.357,0.819,Road closure for event/procession - full detour recommended for through-traffic
EVT405895,2026-01-02 17:26:28,Religious Festival,J012,Koramangala Sony World,43196,Weekday,True,Clear,False,0.0,False,False,1.0,Severe,9.7,68.1,540.0,0.205,0.475,0.889,Festival crowd surge detected - alternate route and extended cycle recommended
EVT405896,2025-08-14 08:51:24,Local Market Day,J023,Basavanagudi,3703,Weekday,False,Clear,False,0.0,False,False,0.949,Severe,10.8,64.7,401.8,0.178,0.411,0.905,Heavy congestion detected - signal timing extended and reroute suggested
EVT405897,2026-04-12 08:29:35,Sports Fixture,J020,Malleshwaram Circle,17133,Weekend,False,Light Rain,True,2.6,False,False,0.963,Severe,9.5,69.8,521.6,0.2,0.463,0.862,Heavy rain reducing visibility and grip - reduced speed and longer buffer advised
EVT405898,2025-12-06 08:31:07,Local Market Day,J012,Koramangala Sony World,3618,Weekend,False,Fog,False,0.0,False,False,0.806,Severe,15.8,59.6,279.0,0.148,0.343,0.974,Heavy congestion detected - signal timing extended and reroute suggested
EVT405899,2025-09-20 10:27:17,Local Market Day,J011,Indiranagar 100ft Road,4195,Weekend,False,Clear,False,0.0,False,False,0.468,Moderate,26.0,32.9,292.6,0.213,0.493,0.968,Moderate traffic flow - standard adaptive signal timing in effect
EVT405900,2025-01-31 19:18:35,Trade Fair,J020,Malleshwaram Circle,8028,Weekday,False,Fog,False,0.0,False,False,0.933,Severe,11.0,62.2,565.6,0.231,0.534,0.947,Heavy congestion detected - signal timing extended and reroute suggested
EVT405901,2025-05-18 11:16:12,Local Market Day,J012,Koramangala Sony World,7179,Weekend,False,Light Rain,True,6.7,False,False,0.552,High,22.4,36.6,135.3,0.087,0.202,0.918,Heavy rain reducing visibility and grip - reduced speed and longer buffer advised
EVT405902,2025-06-19 16:01:01,Concert,J030,MG Road,19235,Weekday,False,Clear,False,0.0,False,False,0.511,Moderate,20.0,36.5,277.6,0.171,0.396,0.979,Moderate traffic flow - standard adaptive signal timing in effect
EVT405903,2026-05-21 11:03:48,Sports Fixture,J030,MG Road,24637,Weekday,False,Clear,False,0.0,False,False,0.518,Moderate,21.5,33.7,139.5,0.099,0.228,0.962,Moderate traffic flow - standard adaptive signal timing in effect
EVT405904,2026-06-09 09:54:22,Concert,J040,City Market,5150,Weekday,False,Rain,True,16.3,False,False,0.977,Severe,7.1,70.1,806.3,0.241,0.557,0.87,Heavy rain reducing visibility and grip - reduced speed and longer buffer advised
EVT405905,2025-11-08 08:17:59,Local Market Day,J040,City Market,2838,Weekend,False,Clear,False,0.0,False,False,0.663,High,19.9,48.2,299.0,0.207,0.477,0.962,Moderate traffic flow - standard adaptive signal timing in effect
EVT405906,2025-04-03 17:06:49,Political Rally,J023,Basavanagudi,20787,Weekday,False,Clear,False,0.0,False,False,0.866,Severe,12.8,64.5,486.0,0.23,0.532,0.952,Heavy congestion detected - signal timing extended and reroute suggested
EVT405907,2025-04-09 20:39:54,Sports Fixture,J030,MG Road,32242,Weekday,False,Clear,False,0.0,False,False,0.767,Severe,15.7,51.7,357.5,0.198,0.457,0.973,Heavy congestion detected - signal timing extended and reroute suggested
EVT405908,2025-05-04 07:16:32,Local Market Day,J020,Malleshwaram Circle,6430,Weekend,False,Clear,False,0.0,False,False,0.524,Moderate,22.9,30.7,137.6,0.102,0.236,0.956,Moderate traffic flow - standard adaptive signal timing in effect
EVT405909,2025-04-06 06:49:29,Fireworks Display,J040,City Market,25024,Weekend,True,Clear,False,0.0,False,False,0.729,High,12.7,47.7,389.9,0.176,0.406,0.919,Festival crowd surge detected - alternate route and extended cycle recommended
EVT405910,2026-06-23 07:21:38,Political Rally,J012,Koramangala Sony World,11880,Weekday,False,Light Rain,True,4.0,False,False,0.693,High,18.4,49.5,344.5,0.202,0.467,0.897,Heavy rain reducing visibility and grip - reduced speed and longer buffer advised
EVT405911,2026-02-10 18:07:21,Concert,J023,Basavanagudi,9022,Weekday,False,Clear,False,0.0,False,False,1.0,Severe,9.3,68.4,633.0,0.251,0.58,0.902,Heavy congestion detected - signal timing extended and reroute suggested
EVT405912,2025-03-06 16:46:00,Political Rally,J031,Cubbon Road,37143,Weekday,False,Clear,False,0.0,False,False,0.869,Severe,10.4,66.5,731.0,0.265,0.613,0.943,Heavy congestion detected - signal timing extended and reroute suggested
EVT405913,2026-01-13 16:09:39,Local Market Day,J009,Majestic,3579,Weekday,False,Clear,False,0.0,False,False,0.51,Moderate,14.1,32.0,117.9,0.06,0.139,0.964,Moderate traffic flow - standard adaptive signal timing in effect
EVT405914,2025-12-27 19:25:31,Local Market Day,J011,Indiranagar 100ft Road,6870,Weekend,False,Clear,False,0.0,True,False,1.0,Severe,8.3,75.0,443.3,0.159,0.366,0.752,Accident detected nearby - reroute and reduced speed advised
EVT405915,2025-11-09 08:18:00,Local Market Day,J040,City Market,2617,Weekend,False,Clear,False,0.0,False,False,0.773,Severe,17.4,55.6,289.2,0.193,0.447,0.966,Heavy congestion detected - signal timing extended and reroute suggested
EVT405916,2026-05-24 21:13:59,Concert,J011,Indiranagar 100ft Road,13324,Weekend,False,Light Rain,True,3.5,False,False,0.521,Moderate,23.6,35.5,267.3,0.178,0.412,0.891,Light rain detected - minor speed reduction advised
EVT405917,2025-07-20 10:39:13,Trade Fair,J030,MG Road,6853,Weekend,False,Clear,False,0.0,False,False,0.648,High,18.7,50.2,288.1,0.182,0.42,0.975,Moderate traffic flow - standard adaptive signal timing in effect
EVT405918,2025-11-14 09:06:33,Concert,J023,Basavanagudi,7530,Weekday,False,Clear,False,0.0,False,False,1.0,Severe,6.6,66.8,939.4,0.237,0.547,0.931,Heavy congestion detected - signal timing extended and reroute suggested
EVT405919,2025-01-06 13:22:23,Local Market Day,J012,Koramangala Sony World,5444,Weekday,False,Clear,False,0.0,False,False,0.139,Low,38.2,14.9,102.3,0.068,0.157,0.952,Normal free-flow traffic - standard signal timing maintained
EVT405920,2025-06-28 19:10:39,Trade Fair,J020,Malleshwaram Circle,7994,Weekend,False,Clear,False,0.0,False,False,0.784,Severe,14.3,57.6,325.5,0.167,0.387,0.952,Heavy congestion detected - signal timing extended and reroute suggested
EVT405921,2026-03-21 21:04:23,Local Market Day,J012,Koramangala Sony World,3635,Weekend,False,Clear,False,0.0,False,False,0.452,Moderate,30.5,33.4,211.6,0.155,0.359,0.982,Moderate traffic flow - standard adaptive signal timing in effect
EVT405922,2025-10-24 08:16:42,Concert,J040,City Market,12374,Weekday,False,Rain,True,10.8,False,False,1.0,Severe,7.8,69.6,595.6,0.173,0.4,0.865,Heavy rain reducing visibility and grip - reduced speed and longer buffer advised
EVT405923,2025-01-31 17:48:51,Sports Fixture,J030,MG Road,27032,Weekday,False,Clear,False,0.0,False,False,1.0,Severe,8.6,73.3,790.8,0.285,0.659,0.891,Heavy congestion detected - signal timing extended and reroute suggested
EVT405924,2025-07-11 07:21:26,Sports Fixture,J011,Indiranagar 100ft Road,27469,Weekday,False,Clear,False,0.0,False,False,0.618,High,17.5,45.3,202.6,0.115,0.267,0.94,Moderate traffic flow - standard adaptive signal timing in effect
EVT405925,2025-07-31 21:45:39,Local Market Day,J020,Malleshwaram Circle,6973,Weekday,False,Heavy Rain,True,29.8,False,False,0.616,High,19.1,37.4,258.0,0.15,0.346,0.927,Heavy rain reducing visibility and grip - reduced speed and longer buffer advised
EVT405926,2026-04-23 07:15:19,Local Market Day,J040,City Market,4421,Weekday,False,Clear,False,0.0,False,False,0.507,Moderate,19.5,46.4,300.8,0.159,0.366,0.949,Moderate traffic flow - standard adaptive signal timing in effect
EVT405927,2025-10-20 19:45:13,Religious Festival,J020,Malleshwaram Circle,34818,Weekday,True,Clear,False,0.0,False,True,1.0,Severe,7.1,102.4,697.1,0.218,0.503,0.812,Road closure for event/procession - full detour recommended for through-traffic
EVT405928,2025-03-10 19:54:13,Sports Fixture,J020,Malleshwaram Circle,25621,Weekday,False,Clear,False,0.0,False,False,0.937,Severe,9.5,68.7,657.2,0.244,0.564,0.927,Heavy congestion detected - signal timing extended and reroute suggested
EVT405929,2025-10-15 09:33:17,Concert,J040,City Market,13830,Weekday,False,Fog,False,0.0,False,False,1.0,Severe,8.9,67.0,196.1,0.091,0.21,0.896,Heavy congestion detected - signal timing extended and reroute suggested
EVT405930,2026-03-26 20:12:22,Fireworks Display,J011,Indiranagar 100ft Road,59579,Weekday,True,Clear,False,0.0,False,False,1.0,Severe,8.5,69.0,477.6,0.172,0.396,0.89,Festival crowd surge detected - alternate route and extended cycle recommended
EVT405931,2025-07-18 09:18:35,Political Rally,J009,Majestic,12561,Weekday,False,Clear,False,0.0,False,False,0.988,Severe,8.0,75.2,447.0,0.157,0.362,0.914,Heavy congestion detected - signal timing extended and reroute suggested
EVT405932,2025-05-11 07:21:22,Local Market Day,J031,Cubbon Road,3473,Weekend,False,Clear,False,0.0,False,False,0.498,Moderate,22.6,39.0,158.6,0.086,0.2,0.944,Moderate traffic flow - standard adaptive signal timing in effect
EVT405933,2026-05-07 08:34:10,Concert,J012,Koramangala Sony World,14363,Weekday,False,Clear,False,0.0,False,False,1.0,Severe,9.4,71.4,455.3,0.182,0.421,0.919,Heavy congestion detected - signal timing extended and reroute suggested
EVT405934,2025-04-07 11:48:53,Religious Festival,J009,Majestic,43658,Weekday,True,Fog,False,0.0,False,True,0.913,Severe,8.4,92.4,656.6,0.206,0.476,0.856,Road closure for event/procession - full detour recommended for through-traffic
EVT405935,2025-02-19 22:26:58,Local Market Day,J023,Basavanagudi,5515,Weekday,False,Clear,False,0.0,False,False,0.335,Low,33.5,21.3,95.1,0.069,0.159,0.973,Moderate traffic flow - standard adaptive signal timing in effect
EVT405936,2025-12-02 11:58:57,Trade Fair,J020,Malleshwaram Circle,8016,Weekday,False,Clear,False,0.0,False,False,0.239,Low,32.0,18.3,134.3,0.111,0.257,0.941,Normal free-flow traffic - standard signal timing maintained
EVT405937,2025-08-18 17:28:31,Trade Fair,J030,MG Road,12030,Weekday,False,Fog,False,0.0,False,False,0.939,Severe,11.4,72.6,324.1,0.159,0.367,0.958,Heavy congestion detected - signal timing extended and reroute suggested
EVT405938,2026-02-12 09:48:13,Sports Fixture,J020,Malleshwaram Circle,25811,Weekday,False,Clear,False,0.0,False,False,1.0,Severe,5.5,67.2,634.1,0.155,0.358,0.9,Heavy congestion detected - signal timing extended and reroute suggested
EVT405939,2026-01-05 20:27:54,Local Market Day,J030,MG Road,4214,Weekday,False,Clear,False,0.0,False,False,0.545,Moderate,29.0,39.8,214.4,0.151,0.35,0.956,Moderate traffic flow - standard adaptive signal timing in effect
EVT405940,2025-12-27 14:07:53,Concert,J011,Indiranagar 100ft Road,8993,Weekend,False,Clear,False,0.0,False,False,0.352,Moderate,29.1,26.2,117.4,0.094,0.216,0.989,Moderate traffic flow - standard adaptive signal timing in effect
EVT405941,2025-12-12 06:17:08,Trade Fair,J030,MG Road,13775,Weekday,False,Clear,False,0.0,False,False,0.308,Low,34.4,25.3,136.2,0.12,0.278,0.959,Moderate traffic flow - standard adaptive signal timing in effect
EVT405942,2026-05-10 05:35:30,Trade Fair,J031,Cubbon Road,15291,Weekend,False,Clear,False,0.0,False,False,0.32,Low,32.3,23.7,235.0,0.217,0.5,0.969,Moderate traffic flow - standard adaptive signal timing in effect
EVT405943,2026-04-09 06:41:18,Concert,J009,Majestic,7364,Weekday,False,Clear,False,0.0,False,False,0.351,Moderate,28.8,26.1,145.4,0.118,0.273,0.973,Moderate traffic flow - standard adaptive signal timing in effect
EVT405944,2025-08-16 21:35:49,Cultural Procession,J020,Malleshwaram Circle,25453,Weekend,True,Clear,False,0.0,False,True,0.804,High,16.0,76.5,442.5,0.253,0.586,0.876,Road closure for event/procession - full detour recommended for through-traffic
EVT405945,2025-03-30 22:06:03,Religious Festival,J030,MG Road,51174,Weekend,True,Clear,False,0.0,False,False,0.836,Severe,12.0,61.4,435.1,0.21,0.485,0.901,Festival crowd surge detected - alternate route and extended cycle recommended
EVT405946,2026-06-04 09:07:31,Political Rally,J011,Indiranagar 100ft Road,14666,Weekday,False,Rain,True,9.1,False,False,1.0,Severe,8.0,70.2,1020.1,0.304,0.701,0.86,Heavy rain reducing visibility and grip - reduced speed and longer buffer advised
EVT405947,2025-04-29 14:26:54,Trade Fair,J020,Malleshwaram Circle,7375,Weekday,False,Clear,False,0.0,False,False,0.263,Low,35.5,15.6,117.0,0.106,0.246,0.97,Moderate traffic flow - standard adaptive signal timing in effect
EVT405948,2026-03-21 08:40:30,Local Market Day,J012,Koramangala Sony World,2681,Weekend,False,Light Rain,True,4.5,False,False,0.897,Severe,9.8,73.8,242.1,0.09,0.208,0.886,Heavy rain reducing visibility and grip - reduced speed and longer buffer advised
EVT405949,2025-02-03 15:08:23,Local Market Day,J020,Malleshwaram Circle,2240,Weekday,False,Clear,False,0.0,False,False,0.277,Low,31.0,17.6,173.9,0.145,0.335,0.966,Moderate traffic flow - standard adaptive signal timing in effect
EVT405950,2025-03-07 09:40:09,Political Rally,J030,MG Road,17175,Weekday,False,Light Rain,True,4.8,False,False,1.0,Severe,10.3,67.0,525.8,0.183,0.422,0.879,Heavy rain reducing visibility and grip - reduced speed and longer buffer advised
EVT405951,2026-04-17 08:21:34,Local Market Day,J009,Majestic,4842,Weekday,False,Fog,False,0.0,False,False,0.933,Severe,10.5,66.6,410.3,0.177,0.409,0.926,Heavy congestion detected - signal timing extended and reroute suggested
EVT405952,2025-10-15 23:52:59,Local Market Day,J011,Indiranagar 100ft Road,4484,Weekday,False,Clear,False,0.0,False,False,0.117,Low,41.5,3.8,87.7,0.096,0.221,0.971,Normal free-flow traffic - standard signal timing maintained
EVT405953,2025-10-25 10:50:28,Sports Fixture,J031,Cubbon Road,17135,Weekend,False,Rain,True,18.5,False,False,0.857,Severe,12.3,62.4,378.9,0.207,0.477,0.869,Heavy rain reducing visibility and grip - reduced speed and longer buffer advised
EVT405954,2025-05-13 21:15:00,Sports Fixture,J031,Cubbon Road,23762,Weekday,False,Clear,False,0.0,False,False,0.564,High,20.6,40.5,342.8,0.208,0.481,0.978,Moderate traffic flow - standard adaptive signal timing in effect
EVT405955,2026-05-04 13:31:59,Sports Fixture,J023,Basavanagudi,28001,Weekday,False,Light Rain,True,3.7,False,False,0.493,Moderate,22.1,34.6,167.5,0.109,0.252,0.904,Light rain detected - minor speed reduction advised
EVT405956,2025-04-12 06:34:35,Local Market Day,J020,Malleshwaram Circle,3560,Weekend,False,Clear,False,0.0,False,False,0.415,Moderate,22.7,28.3,199.1,0.128,0.296,0.932,Moderate traffic flow - standard adaptive signal timing in effect
EVT405957,2025-08-19 12:49:22,Concert,J030,MG Road,9773,Weekday,False,Clear,False,0.0,False,False,0.177,Low,37.3,14.1,179.8,0.189,0.436,0.988,Normal free-flow traffic - standard signal timing maintained
EVT405958,2025-05-12 18:10:33,Trade Fair,J020,Malleshwaram Circle,12782,Weekday,False,Clear,False,0.0,False,False,0.978,Severe,9.9,68.8,616.8,0.232,0.535,0.907,Heavy congestion detected - signal timing extended and reroute suggested
EVT405959,2026-02-02 13:16:42,Trade Fair,J031,Cubbon Road,4682,Weekday,False,Clear,False,0.0,False,False,0.201,Low,36.1,19.7,136.0,0.122,0.282,0.98,Normal free-flow traffic - standard signal timing maintained
EVT405960,2025-01-04 10:22:02,Concert,J023,Basavanagudi,12858,Weekend,False,Clear,False,0.0,False,False,0.707,High,12.7,51.0,354.1,0.171,0.395,0.987,Moderate traffic flow - standard adaptive signal timing in effect
EVT405961,2026-03-25 13:25:39,Sports Fixture,J023,Basavanagudi,8913,Weekday,False,Light Rain,True,0.8,False,False,0.265,Low,27.4,15.9,56.6,0.029,0.067,0.907,Light rain detected - minor speed reduction advised
EVT405962,2025-03-20 12:37:32,Political Rally,J012,Koramangala Sony World,17597,Weekday,False,Clear,False,0.0,False,False,0.197,Low,39.4,9.7,77.3,0.088,0.202,0.938,Normal free-flow traffic - standard signal timing maintained
EVT405963,2025-03-19 20:53:41,Political Rally,J031,Cubbon Road,9163,Weekday,False,Clear,False,0.0,False,False,0.549,Moderate,23.5,43.3,225.0,0.164,0.379,0.934,Moderate traffic flow - standard adaptive signal timing in effect
EVT405964,2025-07-22 19:58:15,Concert,J012,Koramangala Sony World,8029,Weekday,False,Light Rain,True,3.7,False,False,0.752,Severe,17.1,53.4,293.7,0.16,0.371,0.921,Heavy rain reducing visibility and grip - reduced speed and longer buffer advised
EVT405965,2025-07-03 10:23:06,Trade Fair,J009,Majestic,6140,Weekday,False,Heavy Rain,True,52.8,False,False,1.0,Severe,7.6,70.3,548.0,0.181,0.418,0.846,Heavy rain reducing visibility and grip - reduced speed and longer buffer advised
EVT405966,2025-09-08 17:28:16,Concert,J031,Cubbon Road,12155,Weekday,False,Clear,False,0.0,False,False,0.966,Severe,9.5,77.1,391.6,0.168,0.389,0.883,Heavy congestion detected - signal timing extended and reroute suggested
EVT405967,2025-04-25 18:19:39,Political Rally,J031,Cubbon Road,19071,Weekday,False,Clear,False,0.0,False,False,1.0,Severe,9.7,70.6,559.3,0.213,0.493,0.931,Heavy congestion detected - signal timing extended and reroute suggested
EVT405968,2025-12-28 10:04:34,Concert,J040,City Market,15183,Weekend,False,Clear,False,0.0,False,False,0.794,Severe,17.0,63.5,347.3,0.205,0.473,0.94,Heavy congestion detected - signal timing extended and reroute suggested
EVT405969,2026-05-09 22:11:27,Trade Fair,J040,City Market,6659,Weekend,False,Clear,False,0.0,False,False,0.247,Low,27.0,16.7,176.5,0.152,0.352,0.99,Normal free-flow traffic - standard signal timing maintained
EVT405970,2025-08-29 19:29:09,Local Market Day,J012,Koramangala Sony World,3977,Weekday,False,Fog,False,0.0,False,False,0.843,Severe,12.4,57.4,310.4,0.142,0.327,0.948,Heavy congestion detected - signal timing extended and reroute suggested
EVT405971,2025-05-25 13:10:53,Trade Fair,J009,Majestic,6609,Weekend,False,Clear,False,0.0,False,False,0.264,Low,29.4,18.6,188.6,0.141,0.326,0.954,Moderate traffic flow - standard adaptive signal timing in effect
EVT405972,2025-12-18 17:21:40,Trade Fair,J030,MG Road,4500,Weekday,False,Clear,False,0.0,False,False,0.799,Severe,16.0,55.6,342.2,0.2,0.461,0.945,Heavy congestion detected - signal timing extended and reroute suggested
EVT405973,2025-11-18 17:18:40,Political Rally,J009,Majestic,19166,Weekday,False,Light Rain,True,1.7,False,False,0.944,Severe,12.3,73.9,461.1,0.218,0.505,0.872,Heavy rain reducing visibility and grip - reduced speed and longer buffer advised
EVT405974,2025-01-11 17:28:47,Trade Fair,J011,Indiranagar 100ft Road,7942,Weekend,False,Light Rain,True,5.7,False,False,0.809,Severe,14.5,61.2,407.5,0.223,0.514,0.917,Heavy rain reducing visibility and grip - reduced speed and longer buffer advised
EVT405975,2025-01-06 12:00:40,Political Rally,J023,Basavanagudi,19611,Weekday,False,Clear,False,0.0,False,False,0.291,Low,32.2,23.0,150.9,0.114,0.263,0.972,Moderate traffic flow - standard adaptive signal timing in effect
EVT405976,2025-09-25 23:52:22,Sports Fixture,J009,Majestic,20181,Weekday,False,Clear,False,0.0,False,False,0.23,Low,34.5,17.6,153.4,0.148,0.341,0.972,Normal free-flow traffic - standard signal timing maintained
EVT405977,2025-07-11 16:23:48,Sports Fixture,J040,City Market,17000,Weekday,False,Clear,False,0.0,False,False,0.645,High,18.9,46.7,193.9,0.1,0.232,0.95,Moderate traffic flow - standard adaptive signal timing in effect
EVT405978,2025-11-10 05:32:38,Concert,J020,Malleshwaram Circle,22493,Weekday,False,Clear,False,0.0,False,False,0.304,Low,22.9,17.3,142.4,0.09,0.209,0.944,Moderate traffic flow - standard adaptive signal timing in effect
EVT405979,2026-03-29 19:42:48,Local Market Day,J012,Koramangala Sony World,3938,Weekend,False,Clear,False,0.0,False,False,0.718,High,20.8,48.7,219.3,0.165,0.382,0.954,Moderate traffic flow - standard adaptive signal timing in effect
EVT405980,2025-04-16 23:36:30,Political Rally,J031,Cubbon Road,8427,Weekday,False,Clear,False,0.0,False,False,0.29,Low,33.2,28.1,146.0,0.134,0.309,0.961,Moderate traffic flow - standard adaptive signal timing in effect
EVT405981,2026-02-15 15:15:50,Political Rally,J040,City Market,19901,Weekend,False,Clear,False,0.0,False,False,0.421,Moderate,24.0,35.4,161.6,0.106,0.246,0.959,Moderate traffic flow - standard adaptive signal timing in effect
EVT405982,2025-08-04 12:28:58,Local Market Day,J023,Basavanagudi,3304,Weekday,False,Clear,False,0.0,False,False,0.284,Low,30.2,24.2,96.3,0.073,0.17,0.964,Moderate traffic flow - standard adaptive signal timing in effect
EVT405983,2025-01-12 17:02:02,Trade Fair,J012,Koramangala Sony World,10163,Weekend,False,Clear,False,0.0,False,False,0.662,High,17.3,43.5,415.8,0.242,0.558,0.952,Moderate traffic flow - standard adaptive signal timing in effect
EVT405984,2025-06-10 07:11:59,Trade Fair,J030,MG Road,6841,Weekday,False,Rain,True,16.8,False,False,0.671,High,16.9,50.4,155.9,0.089,0.205,0.902,Heavy rain reducing visibility and grip - reduced speed and longer buffer advised
EVT405985,2025-05-25 13:41:41,Trade Fair,J023,Basavanagudi,9336,Weekend,False,Light Rain,True,4.0,False,False,0.299,Low,27.5,29.3,204.6,0.164,0.379,0.935,Light rain detected - minor speed reduction advised
EVT405986,2025-01-23 15:53:29,Trade Fair,J030,MG Road,7631,Weekday,False,Clear,False,0.0,False,False,0.529,Moderate,22.5,39.7,230.7,0.173,0.399,0.99,Moderate traffic flow - standard adaptive signal timing in effect
EVT405987,2025-08-03 16:20:49,Local Market Day,J040,City Market,4066,Weekend,False,Clear,False,0.0,False,False,0.47,Moderate,27.6,30.3,225.4,0.176,0.406,0.972,Moderate traffic flow - standard adaptive signal timing in effect
EVT405988,2026-01-17 13:20:27,Sports Fixture,J040,City Market,17398,Weekend,False,Clear,False,0.0,False,False,0.349,Low,30.1,17.4,222.2,0.178,0.412,0.981,Moderate traffic flow - standard adaptive signal timing in effect
EVT405989,2025-04-23 09:32:29,Concert,J031,Cubbon Road,16907,Weekday,False,Clear,False,0.0,False,False,1.0,Severe,9.5,74.8,852.7,0.302,0.696,0.916,Heavy congestion detected - signal timing extended and reroute suggested
EVT405990,2025-12-07 10:37:50,Trade Fair,J030,MG Road,11038,Weekend,False,Clear,False,0.0,False,False,0.654,High,20.5,52.6,200.3,0.133,0.308,0.967,Moderate traffic flow - standard adaptive signal timing in effect
EVT405991,2025-03-05 06:52:46,Local Market Day,J011,Indiranagar 100ft Road,5168,Weekday,False,Clear,False,0.0,False,False,0.435,Moderate,25.6,29.8,236.0,0.157,0.362,0.98,Moderate traffic flow - standard adaptive signal timing in effect
EVT405992,2026-02-20 19:47:33,Local Market Day,J009,Majestic,3667,Weekday,False,Fog,False,0.0,False,False,0.768,Severe,15.2,52.2,261.0,0.141,0.326,0.947,Heavy congestion detected - signal timing extended and reroute suggested
EVT405993,2026-01-18 07:35:22,Concert,J023,Basavanagudi,12735,Weekend,False,Clear,False,0.0,False,False,0.665,High,23.1,52.6,137.8,0.102,0.236,0.962,Moderate traffic flow - standard adaptive signal timing in effect
EVT405994,2026-04-23 01:31:29,Local Market Day,J023,Basavanagudi,4823,Weekday,False,Clear,False,0.0,False,False,0.185,Low,38.3,13.3,133.2,0.136,0.314,0.951,Normal free-flow traffic - standard signal timing maintained
EVT405995,2025-02-08 11:25:56,Local Market Day,J030,MG Road,5112,Weekend,False,Clear,False,0.0,False,False,0.3,Low,22.7,25.9,206.6,0.121,0.279,0.987,Moderate traffic flow - standard adaptive signal timing in effect
EVT405996,2025-07-27 07:20:30,Local Market Day,J011,Indiranagar 100ft Road,3513,Weekend,False,Heavy Rain,True,38.7,False,False,0.814,Severe,17.2,55.1,293.9,0.169,0.39,0.889,Heavy rain reducing visibility and grip - reduced speed and longer buffer advised
EVT405997,2025-02-01 22:50:52,Sports Fixture,J011,Indiranagar 100ft Road,38272,Weekend,False,Clear,False,0.0,False,False,0.367,Moderate,27.2,23.0,131.8,0.081,0.188,0.97,Moderate traffic flow - standard adaptive signal timing in effect
EVT405998,2025-02-28 05:41:21,Local Market Day,J031,Cubbon Road,2783,Weekday,False,Fog,False,0.0,False,False,0.153,Low,37.2,10.6,99.7,0.108,0.251,0.958,Normal free-flow traffic - standard signal timing maintained
EVT405999,2026-02-17 18:26:42,Sports Fixture,J009,Majestic,13299,Weekday,False,Light Rain,True,2.8,False,False,1.0,Severe,9.3,66.8,868.3,0.32,0.738,0.855,Heavy rain reducing visibility and grip - reduced speed and longer buffer advised
EVT406000,2025-10-17 17:22:34,Sports Fixture,J030,MG Road,15947,Weekday,False,Clear,False,0.0,False,False,0.891,Severe,11.9,66.0,397.6,0.163,0.377,0.948,Heavy congestion detected - signal timing extended and reroute suggested
EVT406001,2026-02-10 17:22:33,Local Market Day,J011,Indiranagar 100ft Road,3087,Weekday,False,Fog,False,0.0,False,False,0.939,Severe,9.9,71.4,418.5,0.168,0.389,0.92,Heavy congestion detected - signal timing extended and reroute suggested
EVT406002,2025-09-09 19:00:31,Concert,J011,Indiranagar 100ft Road,6367,Weekday,False,Clear,False,0.0,False,False,0.924,Severe,8.6,70.7,588.4,0.214,0.494,0.939,Heavy congestion detected - signal timing extended and reroute suggested
EVT406003,2026-04-11 09:32:10,Sports Fixture,J011,Indiranagar 100ft Road,17153,Weekend,False,Clear,False,0.0,False,False,0.891,Severe,12.8,59.6,616.0,0.278,0.643,0.938,Heavy congestion detected - signal timing extended and reroute suggested
EVT406004,2026-03-29 05:16:52,Concert,J011,Indiranagar 100ft Road,11435,Weekend,False,Clear,False,0.0,False,False,0.284,Low,32.3,11.4,99.0,0.096,0.221,0.938,Moderate traffic flow - standard adaptive signal timing in effect
EVT406005,2025-10-27 17:40:45,Sports Fixture,J040,City Market,13273,Weekday,False,Rain,True,16.6,False,False,1.0,Severe,7.5,72.9,717.1,0.223,0.515,0.863,Heavy rain reducing visibility and grip - reduced speed and longer buffer advised
EVT406006,2026-02-04 14:51:36,Local Market Day,J031,Cubbon Road,4109,Weekday,False,Clear,False,0.0,False,False,0.277,Low,34.6,19.6,112.2,0.091,0.211,0.951,Moderate traffic flow - standard adaptive signal timing in effect
EVT406007,2025-01-15 05:49:00,Cultural Procession,J040,City Market,12328,Weekday,True,Clear,False,0.0,False,False,0.479,Moderate,24.5,33.3,229.4,0.174,0.402,0.919,Moderate traffic flow - standard adaptive signal timing in effect
EVT406008,2026-04-09 17:40:48,Sports Fixture,J009,Majestic,12953,Weekday,False,Fog,False,0.0,False,False,0.947,Severe,8.6,67.2,376.4,0.128,0.296,0.939,Heavy congestion detected - signal timing extended and reroute suggested
EVT406009,2025-06-19 20:19:22,Local Market Day,J040,City Market,4839,Weekday,False,Heavy Rain,True,41.7,False,False,0.933,Severe,9.0,66.6,639.9,0.222,0.513,0.902,Heavy rain reducing visibility and grip - reduced speed and longer buffer advised
EVT406010,2025-11-02 18:09:38,Fireworks Display,J009,Majestic,23121,Weekend,True,Clear,False,0.0,False,False,1.0,Severe,7.5,67.5,943.9,0.289,0.668,0.837,Festival crowd surge detected - alternate route and extended cycle recommended
EVT406011,2025-02-15 15:22:54,Concert,J023,Basavanagudi,9157,Weekend,False,Clear,False,0.0,False,False,0.261,Low,31.9,25.1,128.9,0.099,0.228,0.984,Moderate traffic flow - standard adaptive signal timing in effect
EVT406012,2025-05-20 16:17:15,Local Market Day,J012,Koramangala Sony World,5530,Weekday,False,Rain,True,24.8,True,False,1.0,Severe,8.7,67.7,565.5,0.199,0.459,0.703,Accident detected nearby - reroute and reduced speed advised
EVT406013,2025-01-14 12:33:20,Religious Festival,J040,City Market,32957,Weekday,True,Clear,False,0.0,False,True,0.764,High,15.2,65.7,353.9,0.193,0.446,0.871,Road closure for event/procession - full detour recommended for through-traffic
EVT406014,2025-10-02 19:05:09,Religious Festival,J011,Indiranagar 100ft Road,75532,Weekday,True,Clear,False,0.0,False,True,1.0,Severe,8.1,102.9,379.0,0.156,0.36,0.83,Road closure for event/procession - full detour recommended for through-traffic
EVT406015,2025-03-20 17:19:40,Local Market Day,J012,Koramangala Sony World,3495,Weekday,False,Clear,False,0.0,False,False,0.88,Severe,13.0,64.6,430.6,0.194,0.448,0.955,Heavy congestion detected - signal timing extended and reroute suggested
EVT406016,2026-03-23 20:22:09,Sports Fixture,J011,Indiranagar 100ft Road,28150,Weekday,False,Clear,False,0.0,False,False,0.731,High,13.9,52.3,314.4,0.16,0.369,0.951,Moderate traffic flow - standard adaptive signal timing in effect
EVT406017,2025-07-04 15:10:20,Concert,J009,Majestic,20611,Weekday,False,Clear,False,0.0,False,False,0.356,Moderate,26.4,23.9,215.7,0.168,0.388,0.972,Moderate traffic flow - standard adaptive signal timing in effect
EVT406018,2025-06-16 13:50:00,Political Rally,J031,Cubbon Road,21138,Weekday,False,Clear,False,0.0,False,False,0.367,Moderate,40.5,29.0,116.6,0.115,0.267,0.957,Moderate traffic flow - standard adaptive signal timing in effect
EVT406019,2025-05-30 11:07:44,Sports Fixture,J012,Koramangala Sony World,21089,Weekday,False,Clear,False,0.0,False,False,0.554,High,19.7,41.2,214.7,0.131,0.302,0.958,Moderate traffic flow - standard adaptive signal timing in effect
EVT406020,2025-07-05 11:17:40,Local Market Day,J009,Majestic,4308,Weekend,False,Heavy Rain,True,58.3,False,False,0.799,Severe,15.7,57.6,305.4,0.162,0.374,0.883,Heavy rain reducing visibility and grip - reduced speed and longer buffer advised
EVT406021,2025-11-18 07:35:16,Local Market Day,J012,Koramangala Sony World,5650,Weekday,False,Clear,False,0.0,False,False,0.627,High,22.4,41.7,310.0,0.214,0.495,0.964,Moderate traffic flow - standard adaptive signal timing in effect
EVT406022,2025-04-06 18:32:31,Fireworks Display,J023,Basavanagudi,25714,Weekend,True,Clear,False,0.0,False,False,1.0,Severe,9.4,71.4,187.2,0.084,0.194,0.889,Festival crowd surge detected - alternate route and extended cycle recommended
EVT406023,2025-10-27 15:26:25,Sports Fixture,J009,Majestic,13363,Weekday,False,Clear,False,0.0,False,False,0.396,Moderate,33.6,31.1,157.6,0.144,0.332,0.965,Moderate traffic flow - standard adaptive signal timing in effect
EVT406024,2025-05-10 09:39:53,Local Market Day,J030,MG Road,3120,Weekend,False,Clear,False,0.0,False,False,0.753,Severe,20.1,56.8,247.0,0.189,0.437,0.977,Heavy congestion detected - signal timing extended and reroute suggested
EVT406025,2026-05-12 16:21:37,Local Market Day,J030,MG Road,3299,Weekday,False,Clear,False,0.0,False,False,0.539,Moderate,24.3,42.2,149.5,0.099,0.228,0.99,Moderate traffic flow - standard adaptive signal timing in effect
EVT406026,2026-03-25 12:16:15,Trade Fair,J011,Indiranagar 100ft Road,6695,Weekday,False,Clear,False,0.0,False,False,0.259,Low,28.3,13.2,175.9,0.13,0.301,0.966,Moderate traffic flow - standard adaptive signal timing in effect
EVT406027,2025-07-01 18:09:12,Local Market Day,J012,Koramangala Sony World,5313,Weekday,False,Heavy Rain,True,35.3,False,False,1.0,Severe,10.1,73.0,564.7,0.226,0.522,0.875,Heavy rain reducing visibility and grip - reduced speed and longer buffer advised
EVT406028,2025-06-17 08:49:36,Concert,J040,City Market,18693,Weekday,False,Clear,False,0.0,False,False,1.0,Severe,8.2,71.9,413.2,0.134,0.309,0.909,Heavy congestion detected - signal timing extended and reroute suggested
EVT406029,2025-09-16 21:51:36,Sports Fixture,J023,Basavanagudi,41907,Weekday,False,Clear,False,0.0,False,False,0.579,High,24.3,40.8,277.9,0.224,0.517,0.973,Moderate traffic flow - standard adaptive signal timing in effect
EVT406030,2025-10-27 15:12:21,Sports Fixture,J012,Koramangala Sony World,25042,Weekday,False,Heavy Rain,True,33.6,False,False,0.739,High,18.2,55.9,325.7,0.178,0.412,0.932,Heavy rain reducing visibility and grip - reduced speed and longer buffer advised
EVT406031,2026-06-21 09:08:30,Local Market Day,J020,Malleshwaram Circle,3252,Weekend,False,Clear,False,0.0,False,False,0.855,Severe,15.8,57.8,398.2,0.233,0.538,0.959,Heavy congestion detected - signal timing extended and reroute suggested
EVT406032,2026-01-07 10:58:23,Local Market Day,J023,Basavanagudi,4567,Weekday,False,Clear,False,0.0,False,False,0.443,Moderate,21.8,34.3,311.0,0.204,0.472,0.965,Moderate traffic flow - standard adaptive signal timing in effect
EVT406033,2026-04-30 19:36:01,Sports Fixture,J020,Malleshwaram Circle,21926,Weekday,False,Clear,False,0.0,False,False,0.915,Severe,11.3,64.6,301.8,0.147,0.34,0.925,Heavy congestion detected - signal timing extended and reroute suggested
EVT406034,2025-04-13 18:32:52,Sports Fixture,J030,MG Road,18007,Weekend,False,Clear,False,0.0,False,False,0.93,Severe,9.7,73.3,616.8,0.23,0.532,0.931,Heavy congestion detected - signal timing extended and reroute suggested
EVT406035,2025-02-06 17:53:15,Concert,J031,Cubbon Road,25664,Weekday,False,Clear,False,0.0,False,False,1.0,Severe,8.4,67.1,599.5,0.2,0.462,0.938,Heavy congestion detected - signal timing extended and reroute suggested
EVT406036,2025-10-31 11:56:33,Sports Fixture,J020,Malleshwaram Circle,19826,Weekday,False,Clear,False,0.0,False,False,0.291,Low,27.2,27.7,130.2,0.086,0.198,0.933,Moderate traffic flow - standard adaptive signal timing in effect
EVT406037,2025-07-12 10:04:06,Trade Fair,J011,Indiranagar 100ft Road,6851,Weekend,False,Clear,False,0.0,False,False,0.738,High,20.0,54.2,255.2,0.142,0.328,0.969,Moderate traffic flow - standard adaptive signal timing in effect
EVT406038,2025-05-05 08:16:39,Sports Fixture,J009,Majestic,17551,Weekday,False,Clear,False,0.0,False,False,1.0,Severe,8.7,72.9,675.5,0.252,0.582,0.93,Heavy congestion detected - signal timing extended and reroute suggested
EVT406039,2026-04-27 12:11:13,Trade Fair,J030,MG Road,12524,Weekday,False,Clear,False,0.0,False,False,0.26,Low,30.4,15.4,103.7,0.072,0.167,0.965,Moderate traffic flow - standard adaptive signal timing in effect
EVT406040,2026-05-24 17:16:34,Sports Fixture,J030,MG Road,25497,Weekend,False,Rain,True,16.6,False,False,0.989,Severe,9.0,73.4,391.6,0.15,0.347,0.888,Heavy rain reducing visibility and grip - reduced speed and longer buffer advised
EVT406041,2025-03-15 08:36:49,Religious Festival,J011,Indiranagar 100ft Road,102142,Weekend,True,Fog,False,0.0,False,True,1.0,Severe,8.1,100.4,433.1,0.153,0.354,0.824,Road closure for event/procession - full detour recommended for through-traffic
EVT406042,2025-10-21 20:41:13,Cultural Procession,J023,Basavanagudi,15702,Weekday,True,Heavy Rain,True,25.1,False,True,1.0,Severe,7.5,101.3,512.1,0.178,0.412,0.812,Road closure for event/procession - full detour recommended for through-traffic
EVT406043,2025-04-14 19:37:30,Religious Festival,J031,Cubbon Road,36797,Weekday,True,Rain,True,12.4,False,True,1.0,Severe,8.9,95.3,528.5,0.197,0.456,0.768,Road closure for event/procession - full detour recommended for through-traffic
EVT406044,2026-03-31 17:51:36,Concert,J023,Basavanagudi,8439,Weekday,False,Clear,False,0.0,False,False,0.997,Severe,9.3,73.0,613.4,0.217,0.502,0.944,Heavy congestion detected - signal timing extended and reroute suggested
EVT406045,2025-11-06 20:13:26,Local Market Day,J009,Majestic,4536,Weekday,False,Clear,False,0.0,False,False,0.72,High,16.1,54.1,446.3,0.217,0.5,0.954,Moderate traffic flow - standard adaptive signal timing in effect
EVT406046,2026-02-02 08:33:37,Local Market Day,J031,Cubbon Road,4254,Weekday,False,Clear,False,0.0,False,False,0.943,Severe,11.4,67.9,380.2,0.176,0.406,0.933,Heavy congestion detected - signal timing extended and reroute suggested
EVT406047,2025-08-04 11:50:06,Political Rally,J012,Koramangala Sony World,14047,Weekday,False,Heavy Rain,True,61.7,False,False,0.702,High,21.3,50.1,283.4,0.203,0.469,0.898,Heavy rain reducing visibility and grip - reduced speed and longer buffer advised
EVT406048,2026-06-08 22:26:00,Sports Fixture,J020,Malleshwaram Circle,17191,Weekday,False,Clear,False,0.0,False,False,0.308,Low,30.9,17.5,129.4,0.093,0.214,0.959,Moderate traffic flow - standard adaptive signal timing in effect
EVT406049,2026-03-11 19:57:19,Political Rally,J012,Koramangala Sony World,10879,Weekday,False,Clear,False,0.0,False,False,0.733,High,21.7,53.9,294.1,0.202,0.466,0.954,Moderate traffic flow - standard adaptive signal timing in effect
EVT406050,2026-03-07 10:00:44,Concert,J023,Basavanagudi,14672,Weekend,False,Clear,False,0.0,False,False,0.786,Severe,16.1,56.9,369.8,0.205,0.474,0.985,Heavy congestion detected - signal timing extended and reroute suggested
EVT406051,2025-10-11 19:05:37,Local Market Day,J031,Cubbon Road,3076,Weekend,False,Clear,False,0.0,False,False,0.863,Severe,13.0,60.1,365.1,0.18,0.416,0.94,Heavy congestion detected - signal timing extended and reroute suggested
EVT406052,2026-02-27 18:55:10,Trade Fair,J011,Indiranagar 100ft Road,5089,Weekday,False,Clear,False,0.0,False,False,1.0,Severe,8.3,75.5,592.7,0.211,0.486,0.941,Heavy congestion detected - signal timing extended and reroute suggested
EVT406053,2026-02-04 09:23:51,Local Market Day,J040,City Market,3646,Weekday,False,Clear,False,0.0,False,False,0.961,Severe,10.7,66.3,405.0,0.163,0.377,0.959,Heavy congestion detected - signal timing extended and reroute suggested
EVT406054,2025-10-22 08:13:26,Fireworks Display,J031,Cubbon Road,27643,Weekday,True,Clear,False,0.0,False,False,1.0,Severe,7.0,68.1,409.3,0.107,0.247,0.828,Festival crowd surge detected - alternate route and extended cycle recommended
EVT406055,2025-02-19 20:51:49,Concert,J030,MG Road,14320,Weekday,False,Fog,False,0.0,False,False,0.517,Moderate,25.2,38.8,237.8,0.19,0.439,0.975,Moderate traffic flow - standard adaptive signal timing in effect
EVT406056,2025-12-02 08:34:15,Concert,J031,Cubbon Road,7618,Weekday,False,Clear,False,0.0,False,False,1.0,Severe,9.5,73.5,780.0,0.305,0.704,0.922,Heavy congestion detected - signal timing extended and reroute suggested
EVT406057,2026-02-23 18:04:30,Trade Fair,J023,Basavanagudi,13954,Weekday,False,Clear,False,0.0,False,False,1.0,Severe,6.6,70.9,543.2,0.152,0.35,0.917,Heavy congestion detected - signal timing extended and reroute suggested
EVT406058,2026-06-13 09:35:26,Concert,J012,Koramangala Sony World,16773,Weekend,False,Clear,False,0.0,False,False,0.881,Severe,12.8,66.9,392.7,0.172,0.398,0.964,Heavy congestion detected - signal timing extended and reroute suggested
EVT406059,2025-07-25 16:33:29,Concert,J012,Koramangala Sony World,13368,Weekday,False,Clear,False,0.0,False,False,0.6,High,19.9,41.0,432.2,0.288,0.665,0.958,Moderate traffic flow - standard adaptive signal timing in effect
EVT406060,2026-05-07 13:29:44,Concert,J009,Majestic,8659,Weekday,False,Clear,False,0.0,False,False,0.214,Low,35.3,10.1,169.0,0.152,0.35,0.964,Normal free-flow traffic - standard signal timing maintained
EVT406061,2025-11-25 14:36:50,Local Market Day,J030,MG Road,5775,Weekday,False,Clear,False,0.0,False,False,0.194,Low,34.3,15.7,132.3,0.118,0.273,0.983,Normal free-flow traffic - standard signal timing maintained
EVT406062,2025-11-22 15:52:15,Concert,J023,Basavanagudi,26018,Weekend,False,Clear,False,0.0,False,False,0.523,Moderate,27.4,34.1,205.9,0.2,0.461,0.979,Moderate traffic flow - standard adaptive signal timing in effect
EVT406063,2025-12-08 07:14:19,Sports Fixture,J020,Malleshwaram Circle,16460,Weekday,False,Clear,False,0.0,False,False,0.684,High,20.7,46.1,145.5,0.075,0.173,0.979,Moderate traffic flow - standard adaptive signal timing in effect
EVT406064,2025-06-17 09:23:28,Trade Fair,J030,MG Road,10145,Weekday,False,Clear,False,0.0,False,False,0.995,Severe,7.2,74.0,348.2,0.131,0.303,0.918,Heavy congestion detected - signal timing extended and reroute suggested
EVT406065,2025-05-24 08:20:12,Local Market Day,J040,City Market,2034,Weekend,False,Clear,False,0.0,False,False,0.792,Severe,19.0,58.1,247.3,0.164,0.378,0.947,Heavy congestion detected - signal timing extended and reroute suggested
EVT406066,2025-09-11 16:37:46,Local Market Day,J030,MG Road,7520,Weekday,False,Clear,False,0.0,False,False,0.628,High,19.7,43.4,282.9,0.165,0.381,0.958,Moderate traffic flow - standard adaptive signal timing in effect
EVT406067,2026-06-20 14:08:04,Local Market Day,J020,Malleshwaram Circle,3339,Weekend,False,Clear,False,0.0,False,False,0.193,Low,36.4,9.4,126.8,0.103,0.237,0.945,Normal free-flow traffic - standard signal timing maintained
EVT406068,2025-02-09 15:28:50,Sports Fixture,J030,MG Road,21573,Weekend,False,Clear,False,0.0,False,False,0.473,Moderate,25.4,30.6,208.6,0.149,0.343,0.958,Moderate traffic flow - standard adaptive signal timing in effect
EVT406069,2025-07-02 18:37:41,Local Market Day,J009,Majestic,3509,Weekday,False,Heavy Rain,True,26.6,False,False,1.0,Severe,5.7,74.2,626.8,0.177,0.408,0.872,Heavy rain reducing visibility and grip - reduced speed and longer buffer advised
EVT406070,2025-08-10 07:19:24,Trade Fair,J020,Malleshwaram Circle,4475,Weekend,False,Heavy Rain,True,40.1,False,False,0.822,Severe,10.5,57.9,439.7,0.174,0.401,0.899,Heavy rain reducing visibility and grip - reduced speed and longer buffer advised
EVT406071,2026-06-16 14:10:03,Local Market Day,J009,Majestic,2529,Weekday,False,Clear,False,0.0,False,False,0.141,Low,31.8,11.0,81.6,0.064,0.147,0.954,Normal free-flow traffic - standard signal timing maintained
EVT406072,2026-02-20 18:29:33,Sports Fixture,J040,City Market,33785,Weekday,False,Clear,False,0.0,False,False,1.0,Severe,8.5,74.3,358.7,0.131,0.303,0.916,Heavy congestion detected - signal timing extended and reroute suggested
EVT406073,2025-07-22 08:15:16,Concert,J040,City Market,15398,Weekday,False,Clear,False,0.0,False,False,0.996,Severe,8.9,63.6,365.2,0.129,0.298,0.936,Heavy congestion detected - signal timing extended and reroute suggested
EVT406074,2025-03-06 09:08:36,Political Rally,J011,Indiranagar 100ft Road,12268,Weekday,False,Clear,False,0.0,False,False,1.0,Severe,10.0,76.1,410.7,0.177,0.408,0.896,Heavy congestion detected - signal timing extended and reroute suggested
EVT406075,2026-03-28 11:13:09,Concert,J030,MG Road,8042,Weekend,False,Clear,False,0.0,False,False,0.346,Low,33.3,25.4,188.0,0.18,0.416,0.979,Moderate traffic flow - standard adaptive signal timing in effect
EVT406076,2025-11-09 18:30:07,Local Market Day,J030,MG Road,4977,Weekend,False,Clear,False,0.0,False,False,0.917,Severe,9.3,67.2,284.6,0.11,0.255,0.94,Heavy congestion detected - signal timing extended and reroute suggested
EVT406077,2025-11-07 11:55:12,Political Rally,J040,City Market,18317,Weekday,False,Fog,False,0.0,False,False,0.365,Moderate,25.9,25.6,148.0,0.105,0.243,0.99,Moderate traffic flow - standard adaptive signal timing in effect
EVT406078,2025-02-24 21:17:13,Local Market Day,J030,MG Road,5227,Weekday,False,Clear,False,0.0,False,False,0.33,Low,36.1,18.9,134.7,0.125,0.289,0.99,Moderate traffic flow - standard adaptive signal timing in effect
EVT406079,2025-01-27 11:49:00,Religious Festival,J009,Majestic,63924,Weekday,True,Clear,False,0.0,False,True,1.0,Severe,8.9,103.7,566.0,0.227,0.524,0.836,Road closure for event/procession - full detour recommended for through-traffic
EVT406080,2025-06-27 18:44:22,Local Market Day,J030,MG Road,3402,Weekday,False,Clear,False,0.0,False,False,1.0,Severe,8.1,72.6,587.6,0.194,0.447,0.906,Heavy congestion detected - signal timing extended and reroute suggested
EVT406081,2025-12-05 16:44:42,Concert,J011,Indiranagar 100ft Road,14958,Weekday,False,Clear,False,0.0,False,False,0.702,High,15.7,49.5,329.1,0.174,0.402,0.956,Moderate traffic flow - standard adaptive signal timing in effect
EVT406082,2025-03-17 07:54:30,Sports Fixture,J031,Cubbon Road,21476,Weekday,False,Clear,False,0.0,False,False,0.833,Severe,16.9,59.9,264.3,0.168,0.388,0.952,Heavy congestion detected - signal timing extended and reroute suggested
EVT406083,2025-03-12 08:09:15,Political Rally,J031,Cubbon Road,10001,Weekday,False,Clear,False,0.0,False,False,0.924,Severe,7.1,60.8,477.2,0.144,0.333,0.912,Heavy congestion detected - signal timing extended and reroute suggested
EVT406084,2025-09-09 13:00:09,Local Market Day,J030,MG Road,4844,Weekday,False,Heavy Rain,True,44.5,False,False,0.55,Moderate,21.1,38.1,90.1,0.061,0.141,0.92,Light rain detected - minor speed reduction advised
EVT406085,2025-07-22 11:49:35,Concert,J031,Cubbon Road,7901,Weekday,False,Heavy Rain,True,48.2,False,False,0.547,Moderate,27.3,33.4,92.0,0.058,0.134,0.902,Light rain detected - minor speed reduction advised
EVT406086,2026-03-09 11:41:00,Local Market Day,J011,Indiranagar 100ft Road,2551,Weekday,False,Clear,False,0.0,False,False,0.287,Low,27.1,25.4,201.3,0.167,0.387,0.952,Moderate traffic flow - standard adaptive signal timing in effect
EVT406087,2026-04-14 08:59:44,Religious Festival,J023,Basavanagudi,122046,Weekday,True,Clear,False,0.0,False,False,1.0,Severe,7.5,74.2,926.5,0.29,0.67,0.871,Festival crowd surge detected - alternate route and extended cycle recommended
EVT406088,2026-01-14 20:36:31,Religious Festival,J031,Cubbon Road,54106,Weekday,True,Clear,False,0.0,False,False,1.0,Severe,8.0,75.7,668.0,0.217,0.502,0.849,Festival crowd surge detected - alternate route and extended cycle recommended
EVT406089,2025-01-30 21:27:13,Local Market Day,J011,Indiranagar 100ft Road,4347,Weekday,False,Clear,False,0.0,False,False,0.288,Low,33.5,17.6,119.4,0.111,0.256,0.93,Moderate traffic flow - standard adaptive signal timing in effect
EVT406090,2025-03-30 18:08:34,Fireworks Display,J011,Indiranagar 100ft Road,48846,Weekend,True,Clear,False,0.0,False,False,1.0,Severe,8.2,68.0,235.6,0.101,0.232,0.876,Festival crowd surge detected - alternate route and extended cycle recommended
EVT406091,2026-01-23 08:35:52,Local Market Day,J020,Malleshwaram Circle,3316,Weekday,False,Clear,False,0.0,False,False,0.998,Severe,9.7,70.3,374.9,0.183,0.423,0.923,Heavy congestion detected - signal timing extended and reroute suggested
EVT406092,2025-02-15 06:11:06,Concert,J011,Indiranagar 100ft Road,11190,Weekend,False,Clear,False,0.0,False,False,0.371,Moderate,26.3,24.9,184.6,0.134,0.309,0.99,Moderate traffic flow - standard adaptive signal timing in effect
EVT406093,2026-06-02 19:37:43,Trade Fair,J030,MG Road,15333,Weekday,False,Heavy Rain,True,59.6,False,False,1.0,Severe,7.8,65.3,463.1,0.14,0.324,0.875,Heavy rain reducing visibility and grip - reduced speed and longer buffer advised
EVT406094,2025-11-09 12:16:23,Local Market Day,J012,Koramangala Sony World,4369,Weekend,False,Clear,False,0.0,False,False,0.249,Low,26.4,20.2,143.1,0.111,0.256,0.94,Normal free-flow traffic - standard signal timing maintained
EVT406095,2026-03-19 00:46:15,Cultural Procession,J023,Basavanagudi,17617,Weekday,True,Clear,False,0.0,False,True,0.561,Moderate,26.1,58.9,137.4,0.125,0.289,0.898,Road closure for event/procession - full detour recommended for through-traffic
EVT406096,2025-12-29 18:57:21,Local Market Day,J012,Koramangala Sony World,6146,Weekday,False,Clear,False,0.0,False,False,1.0,Severe,8.9,77.7,385.2,0.15,0.348,0.926,Heavy congestion detected - signal timing extended and reroute suggested
EVT406097,2025-03-30 23:27:37,Fireworks Display,J009,Majestic,34285,Weekend,True,Light Rain,True,1.8,False,False,0.647,High,22.5,44.2,181.2,0.153,0.354,0.888,Festival crowd surge detected - alternate route and extended cycle recommended
EVT406098,2025-08-07 18:04:43,Political Rally,J009,Majestic,12128,Weekday,False,Heavy Rain,True,29.4,False,False,1.0,Severe,8.2,70.4,691.8,0.212,0.49,0.869,Heavy rain reducing visibility and grip - reduced speed and longer buffer advised
EVT406099,2025-01-29 19:07:28,Sports Fixture,J012,Koramangala Sony World,28354,Weekday,False,Clear,False,0.0,False,False,1.0,Severe,7.9,69.0,882.3,0.286,0.661,0.928,Heavy congestion detected - signal timing extended and reroute suggested
EVT406100,2025-09-25 11:15:08,Trade Fair,J030,MG Road,13235,Weekday,False,Clear,False,0.0,False,False,0.398,Moderate,31.3,36.2,184.0,0.155,0.358,0.946,Moderate traffic flow - standard adaptive signal timing in effect
EVT406101,2025-04-14 14:02:15,Cultural Procession,J031,Cubbon Road,15950,Weekday,True,Clear,False,0.0,False,True,0.679,Moderate,17.9,71.1,331.6,0.21,0.485,0.842,Road closure for event/procession - full detour recommended for through-traffic
EVT406102,2025-05-17 07:51:46,Local Market Day,J040,City Market,2339,Weekend,False,Clear,False,0.0,False,False,0.602,High,19.8,47.9,204.9,0.135,0.311,0.977,Moderate traffic flow - standard adaptive signal timing in effect
EVT406103,2025-07-23 18:01:54,Trade Fair,J020,Malleshwaram Circle,4007,Weekday,False,Heavy Rain,True,39.0,False,False,1.0,Severe,9.8,72.0,441.9,0.191,0.44,0.85,Heavy rain reducing visibility and grip - reduced speed and longer buffer advised
EVT406104,2025-01-15 01:51:53,Religious Festival,J031,Cubbon Road,35932,Weekday,True,Clear,False,0.0,False,True,0.726,High,19.0,67.9,328.5,0.195,0.45,0.897,Road closure for event/procession - full detour recommended for through-traffic
EVT406105,2026-06-06 17:54:44,Local Market Day,J030,MG Road,4962,Weekend,False,Clear,False,0.0,False,False,0.785,Severe,17.3,55.5,336.4,0.185,0.428,0.955,Heavy congestion detected - signal timing extended and reroute suggested
EVT406106,2025-06-20 18:17:26,Sports Fixture,J040,City Market,38799,Weekday,False,Rain,True,17.9,False,False,1.0,Severe,9.9,72.2,371.7,0.162,0.375,0.864,Heavy rain reducing visibility and grip - reduced speed and longer buffer advised
EVT406107,2026-06-06 08:55:55,Local Market Day,J023,Basavanagudi,4940,Weekend,False,Clear,False,0.0,False,False,0.859,Severe,10.0,62.0,270.5,0.106,0.246,0.954,Heavy congestion detected - signal timing extended and reroute suggested
EVT406108,2025-09-28 18:51:49,Trade Fair,J030,MG Road,6741,Weekend,False,Clear,False,0.0,False,False,0.881,Severe,14.3,65.1,473.3,0.25,0.576,0.95,Heavy congestion detected - signal timing extended and reroute suggested
EVT406109,2026-04-22 07:45:59,Trade Fair,J031,Cubbon Road,5356,Weekday,False,Clear,False,0.0,False,False,0.626,High,19.5,42.7,280.6,0.177,0.408,0.976,Moderate traffic flow - standard adaptive signal timing in effect
EVT406110,2025-08-21 15:03:48,Local Market Day,J011,Indiranagar 100ft Road,5364,Weekday,False,Clear,False,0.0,False,False,0.293,Low,32.6,24.6,137.3,0.129,0.298,0.961,Moderate traffic flow - standard adaptive signal timing in effect
EVT406111,2026-03-05 06:16:43,Cultural Procession,J031,Cubbon Road,19409,Weekday,True,Clear,False,0.0,False,True,0.694,Moderate,16.3,73.4,384.1,0.211,0.487,0.897,Road closure for event/procession - full detour recommended for through-traffic
EVT406112,2026-01-07 10:46:59,Local Market Day,J012,Koramangala Sony World,2531,Weekday,False,Clear,False,0.0,False,False,0.46,Moderate,24.4,34.5,223.3,0.161,0.372,0.99,Moderate traffic flow - standard adaptive signal timing in effect
EVT406113,2026-01-27 10:43:33,Religious Festival,J023,Basavanagudi,68747,Weekday,True,Clear,False,0.0,False,True,1.0,Severe,9.6,99.3,673.9,0.272,0.627,0.822,Road closure for event/procession - full detour recommended for through-traffic
EVT406114,2025-01-04 07:07:18,Sports Fixture,J011,Indiranagar 100ft Road,47185,Weekend,False,Clear,False,0.0,False,False,0.68,High,22.8,48.3,266.3,0.201,0.464,0.962,Moderate traffic flow - standard adaptive signal timing in effect
EVT406115,2026-01-18 06:56:38,Local Market Day,J031,Cubbon Road,3514,Weekend,False,Clear,False,0.0,False,False,0.434,Moderate,27.8,26.3,173.6,0.115,0.265,0.981,Moderate traffic flow - standard adaptive signal timing in effect
EVT406116,2025-06-12 20:47:52,Local Market Day,J020,Malleshwaram Circle,4915,Weekday,False,Clear,False,0.0,False,False,0.472,Moderate,25.0,35.2,299.1,0.242,0.558,0.943,Moderate traffic flow - standard adaptive signal timing in effect
EVT406117,2025-11-19 08:13:00,Political Rally,J020,Malleshwaram Circle,13000,Weekday,False,Clear,False,0.0,False,False,0.883,Severe,11.2,63.9,558.7,0.233,0.539,0.946,Heavy congestion detected - signal timing extended and reroute suggested
EVT406118,2026-01-31 17:46:26,Concert,J012,Koramangala Sony World,13767,Weekend,False,Clear,False,0.0,False,False,0.887,Severe,11.5,63.7,493.9,0.235,0.543,0.99,Heavy congestion detected - signal timing extended and reroute suggested
EVT406119,2026-01-28 15:16:07,Sports Fixture,J031,Cubbon Road,29978,Weekday,False,Fog,False,0.0,False,False,0.456,Moderate,29.9,31.0,250.0,0.209,0.483,0.973,Moderate traffic flow - standard adaptive signal timing in effect
EVT406120,2025-12-27 00:24:58,Sports Fixture,J031,Cubbon Road,30237,Weekend,False,Clear,False,0.0,False,False,0.44,Moderate,27.7,30.1,142.2,0.117,0.271,0.981,Moderate traffic flow - standard adaptive signal timing in effect
EVT406121,2025-09-24 14:45:21,Political Rally,J040,City Market,21031,Weekday,False,Clear,False,0.0,False,False,0.266,Low,25.5,18.9,142.3,0.1,0.23,0.973,Moderate traffic flow - standard adaptive signal timing in effect
EVT406122,2025-06-16 17:24:38,Local Market Day,J011,Indiranagar 100ft Road,3409,Weekday,False,Fog,False,0.0,False,False,0.822,Severe,15.4,57.8,228.1,0.111,0.257,0.954,Heavy congestion detected - signal timing extended and reroute suggested
EVT406123,2026-03-29 08:43:42,Trade Fair,J011,Indiranagar 100ft Road,14107,Weekend,False,Clear,False,0.0,False,False,0.893,Severe,12.5,67.5,444.1,0.23,0.532,0.931,Heavy congestion detected - signal timing extended and reroute suggested
EVT406124,2026-01-11 17:24:34,Sports Fixture,J012,Koramangala Sony World,20492,Weekend,False,Clear,False,0.0,False,False,0.833,Severe,12.7,63.9,355.6,0.158,0.364,0.938,Heavy congestion detected - signal timing extended and reroute suggested
EVT406125,2025-08-06 09:33:51,Political Rally,J023,Basavanagudi,12908,Weekday,False,Heavy Rain,True,56.6,False,False,1.0,Severe,9.2,67.2,288.1,0.123,0.283,0.881,Heavy rain reducing visibility and grip - reduced speed and longer buffer advised
EVT406126,2025-11-13 10:09:21,Concert,J030,MG Road,10277,Weekday,False,Clear,False,0.0,False,False,0.805,Severe,15.5,48.7,274.8,0.14,0.323,0.986,Heavy congestion detected - signal timing extended and reroute suggested
EVT406127,2025-01-04 15:19:29,Sports Fixture,J030,MG Road,30142,Weekend,False,Clear,False,0.0,False,False,0.523,Moderate,25.7,34.2,113.0,0.092,0.213,0.924,Moderate traffic flow - standard adaptive signal timing in effect
EVT406128,2026-03-04 17:24:26,Cultural Procession,J023,Basavanagudi,11265,Weekday,True,Clear,False,0.0,False,False,1.0,Severe,7.8,70.5,724.4,0.229,0.529,0.861,Festival crowd surge detected - alternate route and extended cycle recommended
EVT406129,2025-03-10 20:53:48,Concert,J030,MG Road,10112,Weekday,False,Clear,False,0.0,False,False,0.455,Moderate,27.5,29.9,225.4,0.182,0.42,0.973,Moderate traffic flow - standard adaptive signal timing in effect
EVT406130,2025-08-14 20:51:45,Sports Fixture,J009,Majestic,26208,Weekday,False,Heavy Rain,True,25.5,False,False,0.831,Severe,14.2,60.9,408.1,0.191,0.441,0.912,Heavy rain reducing visibility and grip - reduced speed and longer buffer advised
EVT406131,2026-05-24 17:05:58,Sports Fixture,J012,Koramangala Sony World,25676,Weekend,False,Clear,False,0.0,False,False,0.871,Severe,11.1,63.6,525.1,0.211,0.488,0.911,Heavy congestion detected - signal timing extended and reroute suggested
EVT406132,2026-02-19 13:48:36,Concert,J031,Cubbon Road,8254,Weekday,False,Clear,False,0.0,False,False,0.13,Low,32.3,8.6,135.1,0.102,0.236,0.952,Normal free-flow traffic - standard signal timing maintained
EVT406133,2025-04-04 16:58:35,Sports Fixture,J030,MG Road,17060,Weekday,False,Clear,False,0.0,False,False,0.816,Severe,14.6,59.7,337.2,0.172,0.398,0.957,Heavy congestion detected - signal timing extended and reroute suggested
EVT406134,2026-03-05 18:23:59,Religious Festival,J011,Indiranagar 100ft Road,45488,Weekday,True,Clear,False,0.0,False,True,1.0,Severe,8.3,97.1,488.7,0.187,0.433,0.84,Road closure for event/procession - full detour recommended for through-traffic
EVT406135,2025-08-31 15:53:45,Local Market Day,J009,Majestic,2429,Weekend,False,Rain,True,15.7,False,False,0.587,High,22.2,37.2,260.3,0.184,0.426,0.887,Heavy rain reducing visibility and grip - reduced speed and longer buffer advised
EVT406136,2026-05-17 16:03:26,Trade Fair,J009,Majestic,9267,Weekend,False,Light Rain,True,4.9,False,False,0.591,High,17.5,42.5,226.4,0.119,0.275,0.89,Heavy rain reducing visibility and grip - reduced speed and longer buffer advised
EVT406137,2026-06-15 18:33:36,Local Market Day,J031,Cubbon Road,3950,Weekday,False,Clear,False,0.0,False,False,0.974,Severe,9.0,68.0,466.2,0.172,0.397,0.932,Heavy congestion detected - signal timing extended and reroute suggested
EVT406138,2025-05-27 07:06:54,Trade Fair,J030,MG Road,8615,Weekday,False,Clear,False,0.0,False,False,0.485,Moderate,23.2,33.5,82.1,0.055,0.127,0.949,Moderate traffic flow - standard adaptive signal timing in effect
EVT406139,2026-01-14 07:14:51,Religious Festival,J031,Cubbon Road,63912,Weekday,True,Light Rain,True,1.8,False,True,1.0,Severe,8.7,91.9,617.7,0.223,0.515,0.775,Road closure for event/procession - full detour recommended for through-traffic
EVT406140,2025-01-31 17:56:18,Local Market Day,J031,Cubbon Road,3722,Weekday,False,Clear,False,0.0,False,False,0.981,Severe,9.1,70.2,660.7,0.215,0.497,0.924,Heavy congestion detected - signal timing extended and reroute suggested
EVT406141,2025-07-11 20:30:25,Sports Fixture,J011,Indiranagar 100ft Road,14696,Weekday,False,Clear,False,0.0,False,False,0.609,High,21.4,44.1,267.8,0.172,0.398,0.977,Moderate traffic flow - standard adaptive signal timing in effect
EVT406142,2025-10-31 09:00:49,Local Market Day,J012,Koramangala Sony World,3226,Weekday,False,Clear,False,0.0,False,False,1.0,Severe,7.8,64.3,824.9,0.243,0.561,0.911,Heavy congestion detected - signal timing extended and reroute suggested
EVT406143,2026-04-30 18:20:50,Local Market Day,J030,MG Road,4857,Weekday,False,Light Rain,True,3.1,False,False,1.0,Severe,7.7,78.0,625.2,0.183,0.423,0.866,Heavy rain reducing visibility and grip - reduced speed and longer buffer advised
EVT406144,2025-12-23 20:41:00,Sports Fixture,J009,Majestic,38892,Weekday,False,Clear,False,0.0,False,False,0.789,Severe,15.9,58.2,373.3,0.211,0.487,0.932,Heavy congestion detected - signal timing extended and reroute suggested
EVT406145,2026-01-16 13:14:56,Concert,J009,Majestic,10232,Weekday,False,Fog,False,0.0,False,False,0.274,Low,25.1,13.8,190.5,0.119,0.274,0.963,Moderate traffic flow - standard adaptive signal timing in effect
EVT406146,2026-06-21 17:56:39,Sports Fixture,J020,Malleshwaram Circle,23863,Weekend,False,Clear,False,0.0,False,False,0.986,Severe,9.1,75.1,861.3,0.318,0.734,0.931,Heavy congestion detected - signal timing extended and reroute suggested
EVT406147,2025-08-02 14:31:14,Sports Fixture,J023,Basavanagudi,21834,Weekend,False,Clear,False,0.0,False,False,0.396,Moderate,27.4,25.7,208.5,0.157,0.362,0.98,Moderate traffic flow - standard adaptive signal timing in effect
EVT406148,2026-04-07 07:15:29,Local Market Day,J040,City Market,7889,Weekday,False,Clear,False,0.0,False,False,0.57,High,24.3,34.9,147.3,0.104,0.241,0.967,Moderate traffic flow - standard adaptive signal timing in effect
EVT406149,2025-01-22 16:42:26,Local Market Day,J011,Indiranagar 100ft Road,6119,Weekday,False,Clear,False,0.0,False,False,0.598,High,26.0,45.8,159.3,0.127,0.294,0.96,Moderate traffic flow - standard adaptive signal timing in effect
EVT406150,2025-03-01 19:44:52,Concert,J031,Cubbon Road,9774,Weekend,False,Clear,False,0.0,False,False,0.777,Severe,19.3,54.7,355.7,0.248,0.572,0.961,Heavy congestion detected - signal timing extended and reroute suggested
EVT406151,2025-11-28 08:31:24,Concert,J011,Indiranagar 100ft Road,11429,Weekday,False,Clear,False,0.0,False,False,0.97,Severe,9.5,68.0,459.1,0.18,0.415,0.929,Heavy congestion detected - signal timing extended and reroute suggested
EVT406152,2025-05-04 12:56:16,Local Market Day,J030,MG Road,4030,Weekend,False,Clear,False,0.0,False,False,0.227,Low,34.9,12.8,122.4,0.133,0.307,0.95,Normal free-flow traffic - standard signal timing maintained
EVT406153,2025-06-15 10:02:59,Sports Fixture,J023,Basavanagudi,31265,Weekend,False,Rain,True,14.7,False,False,1.0,Severe,8.7,68.6,378.4,0.127,0.294,0.858,Heavy rain reducing visibility and grip - reduced speed and longer buffer advised
EVT406154,2025-01-11 13:18:20,Sports Fixture,J030,MG Road,41022,Weekend,False,Clear,False,0.0,False,False,0.488,Moderate,21.9,33.9,98.3,0.067,0.154,0.961,Moderate traffic flow - standard adaptive signal timing in effect
EVT406155,2026-03-15 18:45:50,Concert,J009,Majestic,16852,Weekend,False,Clear,False,0.0,False,False,0.974,Severe,8.5,72.5,597.7,0.208,0.48,0.898,Heavy congestion detected - signal timing extended and reroute suggested
EVT406156,2025-07-01 12:04:48,Political Rally,J020,Malleshwaram Circle,15428,Weekday,False,Clear,False,0.0,False,False,0.294,Low,32.5,22.9,184.2,0.159,0.368,0.977,Moderate traffic flow - standard adaptive signal timing in effect
EVT406157,2026-03-05 13:54:07,Religious Festival,J031,Cubbon Road,83889,Weekday,True,Clear,False,0.0,False,True,1.0,Severe,10.6,105.8,429.0,0.177,0.41,0.86,Road closure for event/procession - full detour recommended for through-traffic
EVT406158,2026-01-04 06:04:40,Local Market Day,J009,Majestic,4544,Weekend,False,Clear,False,0.0,False,False,0.352,Moderate,36.0,25.7,161.9,0.172,0.397,0.953,Moderate traffic flow - standard adaptive signal timing in effect
EVT406159,2026-05-03 06:04:13,Local Market Day,J009,Majestic,5021,Weekend,False,Clear,False,0.0,False,False,0.321,Low,32.5,28.0,143.0,0.114,0.263,0.97,Moderate traffic flow - standard adaptive signal timing in effect
EVT406160,2025-03-18 06:41:53,Local Market Day,J023,Basavanagudi,3294,Weekday,False,Clear,False,0.0,False,False,0.417,Moderate,30.7,26.0,95.8,0.081,0.188,0.954,Moderate traffic flow - standard adaptive signal timing in effect
EVT406161,2025-10-10 11:27:16,Local Market Day,J030,MG Road,10740,Weekday,False,Clear,False,0.0,False,False,0.343,Low,27.5,23.4,125.2,0.095,0.219,0.979,Moderate traffic flow - standard adaptive signal timing in effect
EVT406162,2025-05-27 18:59:54,Concert,J023,Basavanagudi,6579,Weekday,False,Clear,False,0.0,False,False,1.0,Severe,7.7,70.3,470.3,0.169,0.392,0.915,Heavy congestion detected - signal timing extended and reroute suggested
EVT406163,2025-08-03 15:40:01,Local Market Day,J031,Cubbon Road,4662,Weekend,False,Rain,True,16.8,False,False,0.691,High,13.7,56.1,491.7,0.219,0.506,0.912,Heavy rain reducing visibility and grip - reduced speed and longer buffer advised
EVT406164,2025-09-11 09:35:40,Concert,J030,MG Road,12726,Weekday,False,Rain,True,11.6,False,False,1.0,Severe,7.8,73.1,370.4,0.138,0.318,0.851,Heavy rain reducing visibility and grip - reduced speed and longer buffer advised
EVT406165,2026-03-11 09:37:00,Concert,J040,City Market,21856,Weekday,False,Clear,False,0.0,False,False,0.998,Severe,9.2,70.9,439.5,0.168,0.388,0.918,Heavy congestion detected - signal timing extended and reroute suggested
EVT406166,2025-09-01 08:58:00,Concert,J031,Cubbon Road,15510,Weekday,False,Clear,False,0.0,False,False,1.0,Severe,10.3,66.7,459.6,0.181,0.419,0.907,Heavy congestion detected - signal timing extended and reroute suggested
EVT406167,2025-06-07 17:53:10,Concert,J009,Majestic,10707,Weekend,False,Clear,False,0.0,False,False,0.8,Severe,14.6,63.6,380.1,0.179,0.414,0.947,Heavy congestion detected - signal timing extended and reroute suggested
EVT406168,2025-09-16 20:30:28,Trade Fair,J020,Malleshwaram Circle,3628,Weekday,False,Clear,False,0.0,False,False,0.498,Moderate,25.2,27.7,243.0,0.188,0.435,0.924,Moderate traffic flow - standard adaptive signal timing in effect
EVT406169,2025-01-23 18:38:55,Local Market Day,J031,Cubbon Road,2177,Weekday,False,Clear,False,0.0,False,False,0.984,Severe,8.7,68.0,617.1,0.206,0.476,0.91,Heavy congestion detected - signal timing extended and reroute suggested
EVT406170,2025-07-03 11:40:00,Political Rally,J040,City Market,17701,Weekday,False,Clear,False,0.0,False,False,0.385,Moderate,25.9,29.0,159.7,0.109,0.251,0.99,Moderate traffic flow - standard adaptive signal timing in effect
EVT406171,2026-04-18 15:52:42,Local Market Day,J031,Cubbon Road,5192,Weekend,False,Clear,False,0.0,False,False,0.331,Low,33.0,23.9,58.6,0.044,0.101,0.961,Moderate traffic flow - standard adaptive signal timing in effect
EVT406172,2025-09-11 16:21:52,Sports Fixture,J031,Cubbon Road,22663,Weekday,False,Clear,False,0.0,False,False,0.704,High,18.0,50.5,242.2,0.153,0.354,0.97,Moderate traffic flow - standard adaptive signal timing in effect
EVT406173,2025-03-31 19:56:54,Religious Festival,J031,Cubbon Road,47074,Weekday,True,Clear,False,0.0,False,False,1.0,Severe,9.4,69.6,625.2,0.255,0.589,0.853,Festival crowd surge detected - alternate route and extended cycle recommended
EVT406174,2025-09-06 05:09:28,Cultural Procession,J011,Indiranagar 100ft Road,24826,Weekend,True,Heavy Rain,True,34.1,False,True,1.0,Severe,9.7,96.3,259.2,0.097,0.224,0.812,Road closure for event/procession - full detour recommended for through-traffic
EVT406175,2025-02-12 08:51:49,Sports Fixture,J012,Koramangala Sony World,16998,Weekday,False,Clear,False,0.0,False,False,1.0,Severe,6.8,72.4,475.2,0.159,0.367,0.907,Heavy congestion detected - signal timing extended and reroute suggested
EVT406176,2026-06-22 16:04:48,Trade Fair,J020,Malleshwaram Circle,7588,Weekday,False,Clear,False,0.0,False,False,0.452,Moderate,27.0,26.4,208.0,0.165,0.382,0.956,Moderate traffic flow - standard adaptive signal timing in effect
EVT406177,2025-12-30 18:50:52,Trade Fair,J030,MG Road,7769,Weekday,False,Clear,False,0.0,False,False,1.0,Severe,7.6,68.4,566.7,0.185,0.427,0.907,Heavy congestion detected - signal timing extended and reroute suggested
EVT406178,2026-03-14 08:31:49,Local Market Day,J040,City Market,4035,Weekend,False,Clear,False,0.0,False,False,0.889,Severe,11.5,68.1,641.4,0.272,0.627,0.935,Heavy congestion detected - signal timing extended and reroute suggested
EVT406179,2025-08-03 11:42:55,Trade Fair,J023,Basavanagudi,6615,Weekend,False,Clear,False,0.0,False,False,0.352,Moderate,32.5,30.5,95.9,0.071,0.165,0.972,Moderate traffic flow - standard adaptive signal timing in effect
EVT406180,2025-07-08 17:19:15,Concert,J040,City Market,13866,Weekday,False,Clear,False,0.0,False,False,0.852,Severe,13.6,59.5,389.3,0.177,0.409,0.94,Heavy congestion detected - signal timing extended and reroute suggested
EVT406181,2026-03-22 20:13:06,Trade Fair,J030,MG Road,7807,Weekend,False,Clear,False,0.0,False,False,0.548,Moderate,22.0,31.8,333.6,0.22,0.508,0.931,Moderate traffic flow - standard adaptive signal timing in effect
EVT406182,2026-06-12 11:44:39,Sports Fixture,J009,Majestic,11061,Weekday,False,Heavy Rain,True,76.5,False,False,0.697,High,16.3,51.6,341.9,0.185,0.427,0.921,Heavy rain reducing visibility and grip - reduced speed and longer buffer advised
EVT406183,2025-05-15 02:32:54,Concert,J011,Indiranagar 100ft Road,9461,Weekday,False,Clear,False,0.0,False,False,0.153,Low,39.1,9.7,147.9,0.135,0.311,0.93,Normal free-flow traffic - standard signal timing maintained
EVT406184,2025-07-22 05:14:32,Sports Fixture,J030,MG Road,21114,Weekday,False,Clear,False,0.0,False,False,0.304,Low,25.9,23.3,138.0,0.084,0.195,0.974,Moderate traffic flow - standard adaptive signal timing in effect
EVT406185,2025-10-19 13:43:34,Concert,J023,Basavanagudi,10388,Weekend,False,Clear,False,0.0,False,False,0.257,Low,25.3,18.9,185.5,0.135,0.311,0.984,Moderate traffic flow - standard adaptive signal timing in effect
EVT406186,2025-06-20 02:16:14,Trade Fair,J011,Indiranagar 100ft Road,9222,Weekday,False,Clear,False,0.0,False,False,0.178,Low,32.7,14.7,187.8,0.169,0.392,0.971,Normal free-flow traffic - standard signal timing maintained
EVT406187,2025-09-14 00:47:36,Trade Fair,J011,Indiranagar 100ft Road,18574,Weekend,False,Clear,False,0.0,False,False,0.308,Low,32.7,25.9,103.6,0.066,0.153,0.959,Moderate traffic flow - standard adaptive signal timing in effect
EVT406188,2026-04-14 17:51:00,Fireworks Display,J012,Koramangala Sony World,19155,Weekday,True,Clear,False,0.0,False,False,1.0,Severe,8.5,70.5,413.2,0.166,0.385,0.887,Festival crowd surge detected - alternate route and extended cycle recommended
EVT406189,2025-12-12 15:31:25,Local Market Day,J009,Majestic,5367,Weekday,False,Fog,False,0.0,False,False,0.374,Moderate,30.4,26.6,99.1,0.087,0.201,0.983,Moderate traffic flow - standard adaptive signal timing in effect
EVT406190,2026-02-28 17:57:09,Local Market Day,J031,Cubbon Road,4161,Weekend,False,Clear,False,0.0,False,False,0.758,Severe,19.2,58.5,188.1,0.131,0.303,0.963,Heavy congestion detected - signal timing extended and reroute suggested
EVT406191,2026-06-03 12:02:52,Political Rally,J023,Basavanagudi,11206,Weekday,False,Heavy Rain,True,55.1,False,False,0.569,High,25.7,43.7,139.2,0.099,0.228,0.92,Heavy rain reducing visibility and grip - reduced speed and longer buffer advised
EVT406192,2025-01-16 20:58:35,Local Market Day,J009,Majestic,2395,Weekday,False,Light Rain,True,1.5,False,False,0.48,Moderate,28.8,32.2,116.6,0.114,0.264,0.898,Light rain detected - minor speed reduction advised
EVT406193,2025-05-09 15:19:56,Trade Fair,J012,Koramangala Sony World,10105,Weekday,False,Rain,True,18.9,False,False,0.574,High,23.5,44.4,201.2,0.126,0.291,0.904,Heavy rain reducing visibility and grip - reduced speed and longer buffer advised
EVT406194,2025-12-19 09:44:31,Political Rally,J011,Indiranagar 100ft Road,10575,Weekday,False,Clear,False,0.0,False,False,0.858,Severe,12.4,57.8,296.9,0.126,0.29,0.919,Heavy congestion detected - signal timing extended and reroute suggested
EVT406195,2025-05-16 19:36:16,Sports Fixture,J040,City Market,15561,Weekday,False,Clear,False,0.0,False,False,0.908,Severe,11.4,62.8,207.1,0.083,0.193,0.925,Heavy congestion detected - signal timing extended and reroute suggested
EVT406196,2025-01-25 17:46:58,Concert,J023,Basavanagudi,29336,Weekend,False,Clear,False,0.0,False,False,0.966,Severe,10.3,68.1,229.9,0.087,0.201,0.913,Heavy congestion detected - signal timing extended and reroute suggested
EVT406197,2025-06-17 21:49:37,Local Market Day,J040,City Market,2616,Weekday,False,Rain,True,24.5,False,False,0.477,Moderate,22.3,41.1,138.7,0.105,0.241,0.899,Light rain detected - minor speed reduction advised
EVT406198,2025-08-20 10:03:05,Local Market Day,J012,Koramangala Sony World,3897,Weekday,False,Clear,False,0.0,False,False,0.753,Severe,20.0,54.9,186.5,0.126,0.291,0.95,Heavy congestion detected - signal timing extended and reroute suggested
EVT406199,2025-01-05 17:23:23,Local Market Day,J020,Malleshwaram Circle,2160,Weekend,False,Rain,True,10.8,False,False,0.917,Severe,10.8,70.0,424.0,0.19,0.439,0.891,Heavy rain reducing visibility and grip - reduced speed and longer buffer advised
EVT406200,2025-11-24 18:48:10,Concert,J009,Majestic,17898,Weekday,False,Clear,False,0.0,False,False,1.0,Severe,8.8,74.4,710.9,0.255,0.589,0.949,Heavy congestion detected - signal timing extended and reroute suggested
EVT406201,2026-04-19 19:18:35,Local Market Day,J031,Cubbon Road,1914,Weekend,False,Clear,False,0.0,False,False,0.829,Severe,14.7,60.8,291.3,0.17,0.393,0.931,Heavy congestion detected - signal timing extended and reroute suggested
EVT406202,2025-06-13 10:53:39,Local Market Day,J009,Majestic,4018,Weekday,False,Clear,False,0.0,False,False,0.466,Moderate,26.5,34.3,248.0,0.206,0.475,0.958,Moderate traffic flow - standard adaptive signal timing in effect
EVT406203,2025-12-11 12:35:25,Local Market Day,J040,City Market,5115,Weekday,False,Clear,False,0.0,False,False,0.214,Low,35.7,19.9,55.5,0.041,0.095,0.956,Normal free-flow traffic - standard signal timing maintained
EVT406204,2025-04-20 19:55:56,Sports Fixture,J012,Koramangala Sony World,37034,Weekend,False,Clear,False,0.0,False,False,0.858,Severe,13.9,56.6,272.1,0.149,0.344,0.946,Heavy congestion detected - signal timing extended and reroute suggested
EVT406205,2025-10-04 09:11:02,Sports Fixture,J031,Cubbon Road,25601,Weekend,False,Clear,False,0.0,False,False,0.998,Severe,7.2,65.8,572.9,0.161,0.372,0.907,Heavy congestion detected - signal timing extended and reroute suggested
EVT406206,2026-05-20 13:45:17,Sports Fixture,J040,City Market,33247,Weekday,False,Clear,False,0.0,False,False,0.356,Moderate,26.0,29.7,108.1,0.066,0.153,0.964,Moderate traffic flow - standard adaptive signal timing in effect
EVT406207,2025-05-25 23:34:48,Political Rally,J030,MG Road,33247,Weekend,False,Clear,False,0.0,False,False,0.418,Moderate,29.2,29.5,181.4,0.147,0.34,0.979,Moderate traffic flow - standard adaptive signal timing in effect
EVT406208,2026-04-21 06:35:47,Local Market Day,J012,Koramangala Sony World,7626,Weekday,False,Clear,False,0.0,False,False,0.337,Low,32.5,29.9,155.0,0.147,0.338,0.975,Moderate traffic flow - standard adaptive signal timing in effect
EVT406209,2026-01-24 23:32:29,Sports Fixture,J030,MG Road,22304,Weekend,False,Clear,False,0.0,False,False,0.372,Moderate,30.9,26.6,141.6,0.118,0.273,0.97,Moderate traffic flow - standard adaptive signal timing in effect
EVT406210,2025-07-08 21:58:39,Local Market Day,J012,Koramangala Sony World,7515,Weekday,False,Clear,False,0.0,False,False,0.273,Low,37.0,14.4,112.7,0.111,0.256,0.951,Moderate traffic flow - standard adaptive signal timing in effect
EVT406211,2025-09-09 11:50:47,Sports Fixture,J031,Cubbon Road,35057,Weekday,False,Clear,False,0.0,False,False,0.356,Moderate,25.7,22.1,202.4,0.147,0.339,0.983,Moderate traffic flow - standard adaptive signal timing in effect
EVT406212,2025-11-20 23:22:39,Local Market Day,J023,Basavanagudi,5037,Weekday,False,Clear,False,0.0,False,False,0.167,Low,41.9,12.7,143.8,0.14,0.322,0.975,Normal free-flow traffic - standard signal timing maintained
EVT406213,2025-10-10 08:48:23,Local Market Day,J020,Malleshwaram Circle,5199,Weekday,False,Clear,False,0.0,True,False,1.0,Severe,8.3,72.1,895.6,0.303,0.699,0.738,Accident detected nearby - reroute and reduced speed advised
EVT406214,2025-01-25 09:35:33,Local Market Day,J011,Indiranagar 100ft Road,6289,Weekend,False,Clear,False,0.0,False,False,0.898,Severe,11.6,63.9,178.5,0.094,0.216,0.942,Heavy congestion detected - signal timing extended and reroute suggested
EVT406215,2025-09-22 07:11:52,Sports Fixture,J020,Malleshwaram Circle,27135,Weekday,False,Heavy Rain,True,34.8,False,False,1.0,Severe,8.0,72.2,560.8,0.195,0.451,0.859,Heavy rain reducing visibility and grip - reduced speed and longer buffer advised
EVT406216,2026-01-21 14:10:36,Political Rally,J011,Indiranagar 100ft Road,15983,Weekday,False,Clear,False,0.0,False,False,0.281,Low,28.6,18.2,208.5,0.174,0.401,0.989,Moderate traffic flow - standard adaptive signal timing in effect
EVT406217,2025-10-21 15:43:25,Cultural Procession,J040,City Market,11932,Weekday,True,Clear,False,0.0,False,True,0.748,High,18.6,81.3,233.1,0.14,0.322,0.901,Road closure for event/procession - full detour recommended for through-traffic
EVT406218,2025-11-09 20:38:06,Concert,J009,Majestic,9930,Weekend,False,Clear,False,0.0,False,False,0.529,Moderate,18.5,36.5,224.7,0.134,0.31,0.977,Moderate traffic flow - standard adaptive signal timing in effect
EVT406219,2026-01-30 09:24:15,Sports Fixture,J011,Indiranagar 100ft Road,19709,Weekday,False,Light Rain,True,1.3,False,False,1.0,Severe,7.7,72.1,591.9,0.185,0.426,0.867,Heavy rain reducing visibility and grip - reduced speed and longer buffer advised
EVT406220,2026-03-04 14:27:27,Cultural Procession,J023,Basavanagudi,20648,Weekday,True,Clear,False,0.0,False,True,0.709,High,14.7,69.6,377.8,0.219,0.506,0.887,Road closure for event/procession - full detour recommended for through-traffic
EVT406221,2026-01-24 14:59:19,Local Market Day,J023,Basavanagudi,3149,Weekend,False,Clear,False,0.0,False,False,0.246,Low,35.5,19.7,117.0,0.127,0.294,0.924,Normal free-flow traffic - standard signal timing maintained
EVT406222,2025-11-09 17:14:35,Local Market Day,J030,MG Road,5803,Weekend,False,Clear,False,0.0,False,False,0.69,High,20.9,51.5,323.0,0.226,0.521,0.971,Moderate traffic flow - standard adaptive signal timing in effect
EVT406223,2025-06-29 13:20:45,Political Rally,J030,MG Road,22632,Weekend,False,Clear,False,0.0,False,False,0.355,Moderate,32.0,27.3,146.6,0.125,0.289,0.968,Moderate traffic flow - standard adaptive signal timing in effect
EVT406224,2025-10-11 08:29:00,Trade Fair,J020,Malleshwaram Circle,10812,Weekend,False,Clear,False,0.0,False,False,0.915,Severe,10.8,59.9,327.3,0.157,0.364,0.929,Heavy congestion detected - signal timing extended and reroute suggested
EVT406225,2025-06-10 18:25:36,Concert,J030,MG Road,9728,Weekday,False,Clear,False,0.0,False,False,1.0,Severe,8.4,73.6,715.7,0.241,0.558,0.928,Heavy congestion detected - signal timing extended and reroute suggested
EVT406226,2025-10-02 21:06:47,Religious Festival,J012,Koramangala Sony World,28737,Weekday,True,Rain,True,14.5,False,False,0.907,Severe,9.3,65.3,469.8,0.177,0.41,0.856,Festival crowd surge detected - alternate route and extended cycle recommended
EVT406227,2025-04-20 08:32:00,Concert,J031,Cubbon Road,8937,Weekend,False,Clear,False,0.0,False,False,0.772,Severe,17.1,53.4,401.0,0.253,0.585,0.958,Heavy congestion detected - signal timing extended and reroute suggested
EVT406228,2025-11-28 11:11:27,Sports Fixture,J031,Cubbon Road,18450,Weekday,False,Clear,False,0.0,False,False,0.497,Moderate,25.5,35.1,213.8,0.184,0.426,0.95,Moderate traffic flow - standard adaptive signal timing in effect
EVT406229,2026-05-24 07:45:56,Trade Fair,J030,MG Road,10128,Weekend,False,Clear,False,0.0,False,False,0.66,High,17.4,37.2,289.4,0.166,0.384,0.951,Moderate traffic flow - standard adaptive signal timing in effect
EVT406230,2026-06-26 06:55:36,Political Rally,J040,City Market,28292,Weekday,False,Clear,False,0.0,False,False,0.526,Moderate,30.6,30.8,220.4,0.203,0.469,0.964,Moderate traffic flow - standard adaptive signal timing in effect
EVT406231,2025-02-28 18:04:01,Concert,J020,Malleshwaram Circle,10490,Weekday,False,Clear,False,0.0,False,False,0.976,Severe,9.3,67.4,449.8,0.154,0.356,0.908,Heavy congestion detected - signal timing extended and reroute suggested
EVT406232,2025-07-08 12:03:36,Sports Fixture,J023,Basavanagudi,17385,Weekday,False,Clear,False,0.0,False,False,0.33,Low,32.1,24.1,111.7,0.097,0.224,0.96,Moderate traffic flow - standard adaptive signal timing in effect
EVT406233,2025-06-30 15:03:17,Local Market Day,J020,Malleshwaram Circle,6409,Weekday,False,Heavy Rain,True,27.5,False,False,0.597,High,20.2,41.2,257.9,0.174,0.403,0.901,Heavy rain reducing visibility and grip - reduced speed and longer buffer advised
EVT406234,2025-03-23 15:54:21,Sports Fixture,J012,Koramangala Sony World,20560,Weekend,False,Clear,False,0.0,False,False,0.503,Moderate,22.6,33.3,175.5,0.121,0.279,0.952,Moderate traffic flow - standard adaptive signal timing in effect
EVT406235,2025-04-27 07:40:07,Political Rally,J023,Basavanagudi,13460,Weekend,False,Clear,False,0.0,False,False,0.6,High,19.2,43.6,321.8,0.212,0.49,0.948,Moderate traffic flow - standard adaptive signal timing in effect
EVT406236,2025-10-22 08:07:07,Fireworks Display,J020,Malleshwaram Circle,42974,Weekday,True,Heavy Rain,True,36.5,False,False,1.0,Severe,9.4,69.7,503.0,0.204,0.472,0.795,Festival crowd surge detected - alternate route and extended cycle recommended
EVT406237,2026-05-22 16:05:29,Trade Fair,J030,MG Road,5891,Weekday,False,Rain,True,18.3,False,False,0.677,High,17.1,48.7,220.4,0.137,0.316,0.911,Heavy rain reducing visibility and grip - reduced speed and longer buffer advised
EVT406238,2025-05-10 10:27:34,Concert,J040,City Market,10823,Weekend,False,Clear,False,0.0,False,False,0.625,High,22.6,48.3,294.5,0.208,0.48,0.979,Moderate traffic flow - standard adaptive signal timing in effect
EVT406239,2025-11-11 10:57:08,Local Market Day,J030,MG Road,6205,Weekday,False,Clear,False,0.0,False,False,0.425,Moderate,27.1,35.1,209.0,0.137,0.317,0.955,Moderate traffic flow - standard adaptive signal timing in effect
EVT406240,2025-03-24 18:25:56,Concert,J012,Koramangala Sony World,14249,Weekday,False,Clear,False,0.0,False,False,1.0,Severe,9.2,72.1,382.5,0.162,0.373,0.927,Heavy congestion detected - signal timing extended and reroute suggested
EVT406241,2025-08-04 06:19:54,Trade Fair,J031,Cubbon Road,3860,Weekday,False,Clear,False,0.0,False,False,0.293,Low,37.4,18.6,140.6,0.149,0.343,0.967,Moderate traffic flow - standard adaptive signal timing in effect
EVT406242,2026-04-10 22:35:29,Local Market Day,J030,MG Road,3595,Weekday,False,Clear,False,0.0,False,False,0.219,Low,34.8,16.3,168.7,0.123,0.284,0.984,Normal free-flow traffic - standard signal timing maintained
EVT406243,2025-08-28 13:56:36,Cultural Procession,J031,Cubbon Road,14586,Weekday,True,Clear,False,0.0,False,True,0.62,Moderate,21.1,62.5,253.0,0.158,0.366,0.894,Road closure for event/procession - full detour recommended for through-traffic
EVT406244,2025-05-02 19:24:13,Religious Festival,J011,Indiranagar 100ft Road,46978,Weekday,True,Heavy Rain,True,27.2,False,False,1.0,Severe,7.3,68.4,368.7,0.123,0.284,0.831,Festival crowd surge detected - alternate route and extended cycle recommended
EVT406245,2025-05-26 08:43:29,Concert,J030,MG Road,9579,Weekday,False,Heavy Rain,True,33.4,False,False,1.0,Severe,9.0,65.7,428.6,0.152,0.352,0.871,Heavy rain reducing visibility and grip - reduced speed and longer buffer advised
EVT406246,2025-12-03 15:07:10,Local Market Day,J023,Basavanagudi,3819,Weekday,False,Clear,False,0.0,False,False,0.305,Low,34.2,20.8,89.4,0.073,0.169,0.935,Moderate traffic flow - standard adaptive signal timing in effect
EVT406247,2025-05-13 08:27:17,Sports Fixture,J030,MG Road,33102,Weekday,False,Light Rain,True,0.3,False,False,1.0,Severe,6.7,70.1,666.7,0.195,0.45,0.856,Heavy rain reducing visibility and grip - reduced speed and longer buffer advised
EVT406248,2025-03-06 09:10:33,Sports Fixture,J009,Majestic,38246,Weekday,False,Clear,False,0.0,False,False,1.0,Severe,9.2,69.9,532.2,0.201,0.465,0.91,Heavy congestion detected - signal timing extended and reroute suggested
EVT406249,2026-02-16 16:00:42,Trade Fair,J030,MG Road,7554,Weekday,False,Clear,False,0.0,False,False,0.444,Moderate,24.3,27.1,217.2,0.13,0.3,0.956,Moderate traffic flow - standard adaptive signal timing in effect
EVT406250,2025-02-27 18:45:08,Local Market Day,J012,Koramangala Sony World,3884,Weekday,False,Rain,True,8.0,False,False,1.0,Severe,7.3,76.5,650.7,0.219,0.505,0.869,Heavy rain reducing visibility and grip - reduced speed and longer buffer advised
EVT406251,2026-04-16 12:22:07,Local Market Day,J030,MG Road,6005,Weekday,False,Clear,False,0.0,False,False,0.198,Low,35.7,9.8,108.9,0.099,0.229,0.927,Normal free-flow traffic - standard signal timing maintained
EVT406252,2025-02-13 18:26:43,Concert,J020,Malleshwaram Circle,13614,Weekday,False,Clear,False,0.0,False,False,1.0,Severe,7.5,68.2,673.0,0.206,0.476,0.902,Heavy congestion detected - signal timing extended and reroute suggested
EVT406253,2025-05-12 20:11:55,Local Market Day,J011,Indiranagar 100ft Road,3948,Weekday,False,Clear,False,0.0,False,False,0.698,High,16.3,54.7,250.2,0.126,0.291,0.946,Moderate traffic flow - standard adaptive signal timing in effect
EVT406254,2025-08-09 20:24:16,Local Market Day,J040,City Market,2633,Weekend,False,Clear,False,0.0,False,False,0.55,High,21.7,38.7,209.2,0.138,0.319,0.957,Moderate traffic flow - standard adaptive signal timing in effect
EVT406255,2025-11-25 08:58:17,Sports Fixture,J009,Majestic,27911,Weekday,False,Rain,True,13.0,True,False,1.0,Severe,7.4,70.1,740.3,0.229,0.53,0.718,Accident detected nearby - reroute and reduced speed advised
EVT406256,2025-05-12 22:45:40,Sports Fixture,J023,Basavanagudi,23139,Weekday,False,Rain,True,9.0,False,False,0.446,Moderate,23.8,33.8,236.7,0.173,0.4,0.893,Light rain detected - minor speed reduction advised
EVT406257,2025-05-04 14:57:55,Concert,J023,Basavanagudi,12468,Weekend,False,Clear,False,0.0,False,False,0.384,Moderate,20.8,25.3,250.2,0.141,0.327,0.977,Moderate traffic flow - standard adaptive signal timing in effect
EVT406258,2025-03-25 08:45:01,Local Market Day,J011,Indiranagar 100ft Road,5685,Weekday,False,Clear,False,0.0,False,False,1.0,Severe,8.1,76.6,665.0,0.213,0.492,0.91,Heavy congestion detected - signal timing extended and reroute suggested
EVT406259,2025-07-17 18:36:05,Local Market Day,J020,Malleshwaram Circle,5418,Weekday,False,Clear,False,0.0,False,False,1.0,Severe,8.8,67.8,527.9,0.187,0.431,0.922,Heavy congestion detected - signal timing extended and reroute suggested
EVT406260,2026-05-31 19:23:08,Local Market Day,J030,MG Road,3581,Weekend,False,Clear,False,0.0,False,False,0.783,Severe,19.7,63.1,214.6,0.148,0.343,0.96,Heavy congestion detected - signal timing extended and reroute suggested
EVT406261,2025-03-23 12:48:52,Trade Fair,J011,Indiranagar 100ft Road,10882,Weekend,False,Clear,False,0.0,False,False,0.296,Low,33.7,18.1,160.5,0.137,0.317,0.978,Moderate traffic flow - standard adaptive signal timing in effect
EVT406262,2025-06-18 10:08:24,Concert,J012,Koramangala Sony World,31282,Weekday,False,Clear,False,0.0,False,False,0.878,Severe,11.8,58.9,448.5,0.198,0.457,0.938,Heavy congestion detected - signal timing extended and reroute suggested
EVT406263,2025-09-05 17:27:25,Religious Festival,J031,Cubbon Road,52216,Weekday,True,Light Rain,True,2.6,False,True,1.0,Severe,9.6,99.2,465.2,0.186,0.43,0.765,Road closure for event/procession - full detour recommended for through-traffic
EVT406264,2026-05-23 08:21:44,Sports Fixture,J040,City Market,45395,Weekend,False,Light Rain,True,1.1,False,False,1.0,Severe,7.4,70.7,787.5,0.249,0.576,0.858,Heavy rain reducing visibility and grip - reduced speed and longer buffer advised
EVT406265,2026-02-22 15:47:24,Local Market Day,J012,Koramangala Sony World,4583,Weekend,False,Light Rain,True,1.2,False,False,0.466,Moderate,21.3,34.0,96.4,0.07,0.162,0.931,Light rain detected - minor speed reduction advised
EVT406266,2026-03-16 12:04:33,Concert,J030,MG Road,23087,Weekday,False,Clear,False,0.0,False,False,0.368,Moderate,28.3,20.9,108.4,0.082,0.19,0.99,Moderate traffic flow - standard adaptive signal timing in effect
EVT406267,2026-02-09 09:46:34,Trade Fair,J030,MG Road,9138,Weekday,False,Clear,False,0.0,False,False,0.919,Severe,11.7,66.8,179.9,0.078,0.181,0.945,Heavy congestion detected - signal timing extended and reroute suggested
EVT406268,2025-02-04 17:25:27,Local Market Day,J023,Basavanagudi,4768,Weekday,False,Clear,False,0.0,False,False,0.839,Severe,12.8,57.2,397.0,0.182,0.419,0.934,Heavy congestion detected - signal timing extended and reroute suggested
EVT406269,2026-05-19 20:55:01,Concert,J009,Majestic,20931,Weekday,False,Light Rain,True,6.7,False,False,0.564,High,15.3,36.6,384.9,0.181,0.417,0.911,Heavy rain reducing visibility and grip - reduced speed and longer buffer advised
EVT406270,2025-08-25 21:51:34,Sports Fixture,J031,Cubbon Road,14939,Weekday,False,Light Rain,True,5.3,True,False,0.821,Severe,13.8,64.5,346.0,0.182,0.421,0.761,Accident detected nearby - reroute and reduced speed advised
EVT406271,2026-01-12 17:49:30,Sports Fixture,J009,Majestic,25096,Weekday,False,Clear,False,0.0,False,False,1.0,Severe,8.9,72.4,595.4,0.197,0.456,0.928,Heavy congestion detected - signal timing extended and reroute suggested
EVT406272,2026-01-03 16:55:49,Trade Fair,J012,Koramangala Sony World,6125,Weekend,False,Clear,False,0.0,False,False,0.627,High,21.8,50.5,208.7,0.161,0.372,0.983,Moderate traffic flow - standard adaptive signal timing in effect
EVT406273,2026-06-18 20:33:12,Political Rally,J031,Cubbon Road,13825,Weekday,False,Heavy Rain,True,45.8,False,False,0.931,Severe,10.4,62.9,522.1,0.209,0.483,0.852,Heavy rain reducing visibility and grip - reduced speed and longer buffer advised
EVT406274,2026-06-20 07:47:44,Trade Fair,J031,Cubbon Road,7776,Weekend,False,Fog,False,0.0,False,False,0.686,High,19.0,44.0,268.2,0.187,0.433,0.981,Moderate traffic flow - standard adaptive signal timing in effect
EVT406275,2026-05-01 19:01:05,Religious Festival,J031,Cubbon Road,20566,Weekday,True,Clear,False,0.0,False,False,1.0,Severe,9.2,77.3,488.6,0.186,0.431,0.864,Festival crowd surge detected - alternate route and extended cycle recommended
EVT406276,2025-04-08 19:53:36,Local Market Day,J020,Malleshwaram Circle,1717,Weekday,False,Clear,False,0.0,False,False,0.758,Severe,19.4,47.2,146.8,0.095,0.22,0.959,Heavy congestion detected - signal timing extended and reroute suggested
EVT406277,2025-04-28 07:27:41,Local Market Day,J012,Koramangala Sony World,5817,Weekday,False,Clear,False,0.0,False,False,0.54,Moderate,20.4,38.3,322.3,0.181,0.419,0.973,Moderate traffic flow - standard adaptive signal timing in effect
EVT406278,2026-06-09 09:59:17,Political Rally,J030,MG Road,16695,Weekday,False,Heavy Rain,True,52.4,False,False,1.0,Severe,8.9,78.4,238.6,0.1,0.231,0.893,Heavy rain reducing visibility and grip - reduced speed and longer buffer advised
EVT406279,2025-09-26 19:43:39,Local Market Day,J011,Indiranagar 100ft Road,5156,Weekday,False,Clear,False,0.0,False,False,0.76,Severe,22.3,49.2,203.3,0.142,0.328,0.962,Heavy congestion detected - signal timing extended and reroute suggested
EVT406280,2025-12-31 08:44:16,Trade Fair,J020,Malleshwaram Circle,10118,Weekday,False,Clear,False,0.0,False,False,0.987,Severe,7.9,72.3,752.4,0.249,0.575,0.939,Heavy congestion detected - signal timing extended and reroute suggested
EVT406281,2026-02-22 17:16:11,Concert,J030,MG Road,10439,Weekend,False,Clear,False,0.0,False,False,0.772,Severe,18.6,55.1,277.8,0.175,0.403,0.987,Heavy congestion detected - signal timing extended and reroute suggested
EVT406282,2026-05-21 13:38:43,Concert,J020,Malleshwaram Circle,16894,Weekday,False,Clear,False,0.0,False,False,0.338,Low,26.1,24.5,294.9,0.198,0.458,0.968,Moderate traffic flow - standard adaptive signal timing in effect
EVT406283,2026-01-27 13:40:02,Religious Festival,J020,Malleshwaram Circle,23770,Weekday,True,Clear,False,0.0,False,False,0.56,High,26.6,44.7,242.9,0.177,0.409,0.929,Festival crowd surge detected - alternate route and extended cycle recommended
EVT406284,2025-11-16 18:24:08,Local Market Day,J040,City Market,2632,Weekend,False,Clear,False,0.0,False,False,0.89,Severe,12.2,68.2,407.2,0.207,0.479,0.94,Heavy congestion detected - signal timing extended and reroute suggested
EVT406285,2026-02-21 18:25:57,Local Market Day,J023,Basavanagudi,4031,Weekend,False,Clear,False,0.0,False,False,0.881,Severe,11.8,60.0,503.8,0.225,0.52,0.962,Heavy congestion detected - signal timing extended and reroute suggested
EVT406286,2026-05-07 12:22:59,Sports Fixture,J009,Majestic,40853,Weekday,False,Clear,False,0.0,False,False,0.437,Moderate,25.0,33.4,112.1,0.084,0.195,0.965,Moderate traffic flow - standard adaptive signal timing in effect
EVT406287,2025-07-04 15:59:42,Sports Fixture,J030,MG Road,19082,Weekday,False,Heavy Rain,True,30.4,False,False,0.759,Severe,13.8,55.9,407.6,0.194,0.449,0.897,Heavy rain reducing visibility and grip - reduced speed and longer buffer advised
EVT406288,2025-10-17 08:36:09,Sports Fixture,J012,Koramangala Sony World,30005,Weekday,False,Clear,False,0.0,False,False,1.0,Severe,7.4,73.7,393.8,0.15,0.346,0.916,Heavy congestion detected - signal timing extended and reroute suggested
EVT406289,2025-11-10 19:18:04,Local Market Day,J011,Indiranagar 100ft Road,2843,Weekday,False,Clear,False,0.0,False,False,0.908,Severe,10.5,61.2,389.7,0.156,0.36,0.942,Heavy congestion detected - signal timing extended and reroute suggested
EVT406290,2026-03-28 10:04:47,Concert,J031,Cubbon Road,7973,Weekend,False,Clear,False,0.0,False,False,0.696,High,15.7,50.6,207.0,0.11,0.254,0.973,Moderate traffic flow - standard adaptive signal timing in effect
EVT406291,2025-09-08 14:05:40,Trade Fair,J020,Malleshwaram Circle,6844,Weekday,False,Clear,False,0.0,False,False,0.18,Low,27.8,13.1,203.4,0.146,0.338,0.941,Normal free-flow traffic - standard signal timing maintained
EVT406292,2025-12-19 08:52:44,Concert,J030,MG Road,11867,Weekday,False,Clear,False,0.0,False,False,1.0,Severe,9.2,68.6,734.7,0.285,0.658,0.898,Heavy congestion detected - signal timing extended and reroute suggested
EVT406293,2025-05-07 10:55:42,Local Market Day,J012,Koramangala Sony World,3823,Weekday,False,Clear,False,0.0,False,False,0.412,Moderate,24.7,30.3,138.5,0.102,0.235,0.987,Moderate traffic flow - standard adaptive signal timing in effect
EVT406294,2025-10-31 09:14:30,Political Rally,J030,MG Road,9330,Weekday,False,Clear,False,0.0,False,False,1.0,Severe,9.4,71.6,367.7,0.136,0.313,0.907,Heavy congestion detected - signal timing extended and reroute suggested
EVT406295,2025-08-22 07:36:44,Sports Fixture,J011,Indiranagar 100ft Road,30533,Weekday,False,Clear,False,0.0,False,False,0.863,Severe,12.4,62.5,293.2,0.147,0.339,0.932,Heavy congestion detected - signal timing extended and reroute suggested
EVT406296,2025-02-27 08:39:55,Trade Fair,J012,Koramangala Sony World,7994,Weekday,False,Clear,False,0.0,False,False,0.938,Severe,9.1,62.8,733.3,0.266,0.614,0.942,Heavy congestion detected - signal timing extended and reroute suggested
EVT406297,2025-09-14 17:19:57,Trade Fair,J012,Koramangala Sony World,6748,Weekend,False,Clear,False,0.0,False,False,0.788,Severe,13.5,57.9,294.4,0.161,0.371,0.99,Heavy congestion detected - signal timing extended and reroute suggested
EVT406298,2026-06-27 06:52:50,Political Rally,J030,MG Road,9134,Weekend,False,Clear,False,0.0,False,False,0.464,Moderate,25.6,29.3,262.3,0.189,0.436,0.973,Moderate traffic flow - standard adaptive signal timing in effect
EVT406299,2025-11-25 17:53:55,Sports Fixture,J020,Malleshwaram Circle,26428,Weekday,False,Clear,False,0.0,False,False,1.0,Severe,7.9,70.3,354.2,0.129,0.298,0.926,Heavy congestion detected - signal timing extended and reroute suggested
EVT406300,2025-09-12 09:18:02,Sports Fixture,J040,City Market,23932,Weekday,False,Heavy Rain,True,28.4,False,False,1.0,Severe,10.7,64.2,316.5,0.12,0.277,0.858,Heavy rain reducing visibility and grip - reduced speed and longer buffer advised
EVT406301,2026-03-31 18:14:04,Local Market Day,J020,Malleshwaram Circle,4600,Weekday,False,Clear,False,0.0,False,False,1.0,Severe,7.3,72.4,215.6,0.076,0.176,0.923,Heavy congestion detected - signal timing extended and reroute suggested
EVT406302,2025-11-11 18:10:32,Sports Fixture,J031,Cubbon Road,9729,Weekday,False,Clear,False,0.0,False,False,0.919,Severe,9.9,68.5,356.7,0.146,0.336,0.951,Heavy congestion detected - signal timing extended and reroute suggested
EVT406303,2026-01-24 12:31:11,Trade Fair,J020,Malleshwaram Circle,12768,Weekend,False,Clear,False,0.0,False,False,0.299,Low,23.8,22.6,162.3,0.102,0.236,0.979,Moderate traffic flow - standard adaptive signal timing in effect
EVT406304,2025-08-19 18:10:46,Local Market Day,J009,Majestic,3934,Weekday,False,Heavy Rain,True,30.2,False,False,1.0,Severe,9.8,77.2,378.4,0.158,0.364,0.884,Heavy rain reducing visibility and grip - reduced speed and longer buffer advised
EVT406305,2025-06-21 11:14:37,Political Rally,J012,Koramangala Sony World,15236,Weekend,False,Heavy Rain,True,37.0,False,False,0.802,Severe,16.7,51.2,210.1,0.12,0.278,0.929,Heavy rain reducing visibility and grip - reduced speed and longer buffer advised
EVT406306,2025-01-19 19:46:58,Sports Fixture,J040,City Market,13718,Weekend,False,Clear,False,0.0,False,False,0.771,Severe,15.6,53.6,359.9,0.195,0.451,0.939,Heavy congestion detected - signal timing extended and reroute suggested
EVT406307,2026-01-18 00:09:25,Trade Fair,J009,Majestic,10112,Weekend,False,Fog,False,0.0,False,False,0.299,Low,35.4,26.1,131.5,0.122,0.281,0.953,Moderate traffic flow - standard adaptive signal timing in effect
EVT406308,2025-09-26 19:26:12,Concert,J040,City Market,15983,Weekday,False,Clear,False,0.0,False,False,0.936,Severe,9.8,66.4,502.9,0.199,0.459,0.91,Heavy congestion detected - signal timing extended and reroute suggested
EVT406309,2025-11-20 08:34:37,Trade Fair,J012,Koramangala Sony World,9981,Weekday,False,Clear,False,0.0,False,False,1.0,Severe,10.3,69.8,665.3,0.264,0.609,0.917,Heavy congestion detected - signal timing extended and reroute suggested
EVT406310,2025-06-07 19:22:34,Trade Fair,J012,Koramangala Sony World,5093,Weekend,False,Heavy Rain,True,42.2,False,False,1.0,Severe,7.6,69.9,496.8,0.162,0.375,0.87,Heavy rain reducing visibility and grip - reduced speed and longer buffer advised
EVT406311,2026-03-28 17:13:54,Local Market Day,J030,MG Road,4314,Weekend,False,Fog,False,0.0,False,False,0.681,High,18.4,48.4,298.4,0.181,0.418,0.95,Moderate traffic flow - standard adaptive signal timing in effect
EVT406312,2026-04-27 05:58:22,Concert,J023,Basavanagudi,35145,Weekday,False,Clear,False,0.0,False,False,0.436,Moderate,29.0,34.6,195.0,0.154,0.355,0.976,Moderate traffic flow - standard adaptive signal timing in effect
EVT406313,2026-04-16 08:20:43,Sports Fixture,J030,MG Road,18609,Weekday,False,Clear,False,0.0,False,False,0.876,Severe,12.7,64.2,451.1,0.221,0.51,0.962,Heavy congestion detected - signal timing extended and reroute suggested
EVT406314,2025-02-28 09:18:04,Concert,J031,Cubbon Road,9285,Weekday,False,Clear,False,0.0,False,False,0.988,Severe,9.7,68.9,218.9,0.088,0.203,0.915,Heavy congestion detected - signal timing extended and reroute suggested
EVT406315,2025-11-30 18:24:48,Local Market Day,J009,Majestic,3963,Weekend,False,Clear,False,0.0,False,False,0.823,Severe,16.1,61.8,326.0,0.179,0.414,0.952,Heavy congestion detected - signal timing extended and reroute suggested
EVT406316,2025-08-31 07:41:19,Political Rally,J030,MG Road,13651,Weekend,False,Clear,False,0.0,False,False,0.711,High,14.2,54.9,313.0,0.171,0.396,0.958,Moderate traffic flow - standard adaptive signal timing in effect
EVT406317,2025-01-26 19:59:24,Religious Festival,J040,City Market,59323,Weekend,True,Clear,False,0.0,False,True,1.0,Severe,4.8,96.4,1065.0,0.23,0.531,0.817,Road closure for event/procession - full detour recommended for through-traffic
EVT406318,2025-10-13 18:27:53,Trade Fair,J023,Basavanagudi,10706,Weekday,False,Clear,False,0.0,False,False,1.0,Severe,8.9,67.6,661.7,0.215,0.497,0.909,Heavy congestion detected - signal timing extended and reroute suggested
EVT406319,2025-03-03 16:04:21,Political Rally,J040,City Market,8510,Weekday,False,Clear,False,0.0,False,False,0.409,Moderate,27.8,23.6,127.1,0.106,0.246,0.976,Moderate traffic flow - standard adaptive signal timing in effect
EVT406320,2026-05-08 10:52:57,Concert,J020,Malleshwaram Circle,12909,Weekday,False,Clear,False,0.0,False,False,0.563,High,21.7,34.9,279.1,0.177,0.41,0.979,Moderate traffic flow - standard adaptive signal timing in effect
EVT406321,2025-11-14 05:03:01,Local Market Day,J011,Indiranagar 100ft Road,4337,Weekday,False,Clear,False,0.0,False,False,0.182,Low,30.4,14.1,122.5,0.066,0.151,0.949,Normal free-flow traffic - standard signal timing maintained
EVT406322,2025-08-24 05:01:37,Concert,J031,Cubbon Road,22160,Weekend,False,Clear,False,0.0,False,False,0.345,Low,31.6,26.5,88.0,0.09,0.207,0.987,Moderate traffic flow - standard adaptive signal timing in effect
EVT406323,2025-05-06 21:53:49,Sports Fixture,J023,Basavanagudi,25489,Weekday,False,Clear,False,0.0,False,False,0.428,Moderate,28.8,34.7,150.2,0.136,0.313,0.976,Moderate traffic flow - standard adaptive signal timing in effect
EVT406324,2026-01-18 09:46:20,Sports Fixture,J009,Majestic,19029,Weekend,False,Clear,False,0.0,False,False,0.836,Severe,15.1,61.9,241.0,0.139,0.322,0.955,Heavy congestion detected - signal timing extended and reroute suggested
EVT406325,2025-05-16 10:30:15,Trade Fair,J020,Malleshwaram Circle,10591,Weekday,False,Rain,True,16.2,False,False,0.821,Severe,10.9,55.7,622.2,0.246,0.568,0.911,Heavy rain reducing visibility and grip - reduced speed and longer buffer advised
EVT406326,2025-01-08 13:38:28,Local Market Day,J009,Majestic,2305,Weekday,False,Clear,False,0.0,False,False,0.171,Low,38.0,10.6,159.5,0.13,0.299,0.968,Normal free-flow traffic - standard signal timing maintained
EVT406327,2026-01-21 09:23:38,Trade Fair,J009,Majestic,12637,Weekday,False,Clear,False,0.0,False,False,1.0,Severe,8.6,71.4,382.7,0.138,0.318,0.911,Heavy congestion detected - signal timing extended and reroute suggested
EVT406328,2025-06-24 18:39:04,Local Market Day,J009,Majestic,3451,Weekday,False,Clear,False,0.0,False,False,0.93,Severe,10.1,67.2,465.5,0.171,0.395,0.928,Heavy congestion detected - signal timing extended and reroute suggested
EVT406329,2025-04-01 06:10:16,Political Rally,J012,Koramangala Sony World,13952,Weekday,False,Clear,False,0.0,False,False,0.159,Low,37.9,11.6,152.5,0.132,0.306,0.963,Normal free-flow traffic - standard signal timing maintained
EVT406330,2025-06-03 13:16:33,Sports Fixture,J031,Cubbon Road,15988,Weekday,False,Heavy Rain,True,78.7,False,False,0.651,High,18.8,45.1,312.2,0.184,0.426,0.919,Heavy rain reducing visibility and grip - reduced speed and longer buffer advised
EVT406331,2025-01-15 06:22:43,Fireworks Display,J012,Koramangala Sony World,28415,Weekday,True,Clear,False,0.0,False,False,0.633,High,16.1,47.8,448.2,0.23,0.532,0.903,Festival crowd surge detected - alternate route and extended cycle recommended
EVT406332,2025-07-04 12:42:25,Sports Fixture,J040,City Market,16773,Weekday,False,Rain,True,17.1,False,False,0.508,Moderate,24.6,34.1,165.2,0.116,0.268,0.884,Light rain detected - minor speed reduction advised
EVT406333,2025-12-05 08:30:55,Political Rally,J020,Malleshwaram Circle,16910,Weekday,False,Clear,False,0.0,False,False,1.0,Severe,8.0,71.8,244.3,0.092,0.212,0.939,Heavy congestion detected - signal timing extended and reroute suggested
EVT406334,2026-02-20 08:51:56,Trade Fair,J012,Koramangala Sony World,8107,Weekday,False,Clear,False,0.0,False,False,1.0,Severe,8.1,72.6,644.7,0.193,0.447,0.919,Heavy congestion detected - signal timing extended and reroute suggested
EVT406335,2025-08-17 20:23:34,Concert,J023,Basavanagudi,15003,Weekend,False,Clear,False,0.0,False,False,0.558,High,19.9,34.7,304.6,0.189,0.436,0.978,Moderate traffic flow - standard adaptive signal timing in effect
EVT406336,2026-03-25 13:47:19,Concert,J020,Malleshwaram Circle,8956,Weekday,False,Clear,False,0.0,False,False,0.275,Low,23.7,27.3,177.0,0.108,0.251,0.977,Moderate traffic flow - standard adaptive signal timing in effect
EVT406337,2026-03-05 18:44:30,Religious Festival,J030,MG Road,44458,Weekday,True,Clear,False,0.0,False,True,1.0,Severe,7.7,102.6,625.8,0.191,0.44,0.832,Road closure for event/procession - full detour recommended for through-traffic
EVT406338,2026-02-08 16:48:09,Concert,J009,Majestic,8675,Weekend,False,Clear,False,0.0,False,False,0.643,High,21.3,46.9,171.3,0.119,0.275,0.99,Moderate traffic flow - standard adaptive signal timing in effect
EVT406339,2025-06-28 11:37:54,Sports Fixture,J031,Cubbon Road,22115,Weekend,False,Heavy Rain,True,25.4,False,False,0.646,High,17.9,46.8,108.4,0.055,0.127,0.908,Heavy rain reducing visibility and grip - reduced speed and longer buffer advised
EVT406340,2025-12-08 07:15:38,Local Market Day,J023,Basavanagudi,3118,Weekday,False,Clear,False,0.0,False,False,0.53,Moderate,23.3,45.6,172.3,0.092,0.212,0.976,Moderate traffic flow - standard adaptive signal timing in effect
EVT406341,2025-09-02 09:01:47,Local Market Day,J030,MG Road,2662,Weekday,False,Clear,False,0.0,False,False,1.0,Severe,9.8,76.5,490.4,0.176,0.407,0.921,Heavy congestion detected - signal timing extended and reroute suggested
EVT406342,2026-05-11 15:22:09,Trade Fair,J031,Cubbon Road,10018,Weekday,False,Light Rain,True,7.2,False,False,0.459,Moderate,19.3,33.0,285.0,0.169,0.389,0.919,Light rain detected - minor speed reduction advised
EVT406343,2025-05-08 18:15:25,Local Market Day,J009,Majestic,4416,Weekday,False,Clear,False,0.0,False,False,1.0,Severe,9.9,70.9,199.1,0.083,0.192,0.905,Heavy congestion detected - signal timing extended and reroute suggested
EVT406344,2025-04-04 13:38:02,Local Market Day,J031,Cubbon Road,3164,Weekday,False,Clear,False,0.0,False,False,0.193,Low,36.1,15.0,155.3,0.155,0.358,0.977,Normal free-flow traffic - standard signal timing maintained
EVT406345,2026-06-25 11:25:15,Trade Fair,J031,Cubbon Road,12529,Weekday,False,Light Rain,True,5.1,False,False,0.425,Moderate,27.5,30.6,75.8,0.062,0.143,0.928,Light rain detected - minor speed reduction advised
EVT406346,2025-03-04 17:01:12,Political Rally,J031,Cubbon Road,16713,Weekday,False,Clear,False,0.0,False,False,0.838,Severe,14.2,61.7,165.2,0.103,0.239,0.95,Heavy congestion detected - signal timing extended and reroute suggested
EVT406347,2026-02-11 21:24:11,Concert,J023,Basavanagudi,13562,Weekday,False,Clear,False,0.0,False,False,0.326,Low,31.5,24.9,171.4,0.136,0.313,0.959,Moderate traffic flow - standard adaptive signal timing in effect
EVT406348,2025-03-09 14:13:08,Concert,J020,Malleshwaram Circle,14655,Weekend,False,Clear,False,0.0,False,False,0.385,Moderate,28.2,29.3,165.0,0.123,0.284,0.961,Moderate traffic flow - standard adaptive signal timing in effect
EVT406349,2026-04-27 17:40:36,Local Market Day,J040,City Market,15023,Weekday,False,Clear,False,0.0,False,False,1.0,Severe,9.3,71.0,385.8,0.142,0.327,0.92,Heavy congestion detected - signal timing extended and reroute suggested
EVT406350,2026-01-10 20:56:20,Trade Fair,J011,Indiranagar 100ft Road,14819,Weekend,False,Clear,False,0.0,False,False,0.49,Moderate,24.4,35.6,181.5,0.153,0.354,0.973,Moderate traffic flow - standard adaptive signal timing in effect
EVT406351,2025-01-23 18:13:44,Local Market Day,J020,Malleshwaram Circle,4686,Weekday,False,Clear,False,0.0,False,False,0.949,Severe,10.0,68.9,550.7,0.207,0.479,0.919,Heavy congestion detected - signal timing extended and reroute suggested
EVT406352,2025-02-28 09:23:25,Local Market Day,J012,Koramangala Sony World,2464,Weekday,False,Clear,False,0.0,False,False,1.0,Severe,7.5,69.8,904.6,0.272,0.629,0.893,Heavy congestion detected - signal timing extended and reroute suggested
EVT406353,2025-05-23 21:58:47,Trade Fair,J020,Malleshwaram Circle,7331,Weekday,False,Rain,True,16.0,False,False,0.467,Moderate,29.6,36.3,218.5,0.179,0.414,0.908,Light rain detected - minor speed reduction advised
EVT406354,2026-06-08 18:19:54,Concert,J011,Indiranagar 100ft Road,10888,Weekday,False,Rain,True,13.0,False,False,1.0,Severe,7.6,60.2,633.8,0.22,0.508,0.857,Heavy rain reducing visibility and grip - reduced speed and longer buffer advised
EVT406355,2025-03-02 09:33:35,Local Market Day,J030,MG Road,6352,Weekend,False,Clear,False,0.0,False,False,0.803,Severe,13.0,58.8,397.7,0.207,0.479,0.921,Heavy congestion detected - signal timing extended and reroute suggested
EVT406356,2026-06-01 09:07:15,Local Market Day,J012,Koramangala Sony World,3080,Weekday,False,Rain,True,14.9,False,False,1.0,Severe,9.1,67.9,625.3,0.234,0.54,0.857,Heavy rain reducing visibility and grip - reduced speed and longer buffer advised
EVT406357,2025-12-16 14:06:56,Political Rally,J030,MG Road,24601,Weekday,False,Clear,False,0.0,False,False,0.335,Low,34.3,21.5,142.8,0.114,0.264,0.982,Moderate traffic flow - standard adaptive signal timing in effect
EVT406358,2025-10-23 18:30:49,Sports Fixture,J031,Cubbon Road,21607,Weekday,False,Clear,False,0.0,False,False,1.0,Severe,8.2,80.1,341.2,0.126,0.29,0.912,Heavy congestion detected - signal timing extended and reroute suggested
EVT406359,2025-03-22 18:07:38,Concert,J023,Basavanagudi,12754,Weekend,False,Clear,False,0.0,False,False,0.989,Severe,9.8,75.3,366.5,0.125,0.29,0.895,Heavy congestion detected - signal timing extended and reroute suggested
EVT406360,2025-12-29 09:37:51,Local Market Day,J020,Malleshwaram Circle,3180,Weekday,False,Clear,False,0.0,False,False,0.987,Severe,8.7,72.2,330.2,0.126,0.291,0.916,Heavy congestion detected - signal timing extended and reroute suggested
EVT406361,2026-01-04 10:01:57,Concert,J030,MG Road,9554,Weekend,False,Clear,False,0.0,False,False,0.729,High,18.8,52.7,331.0,0.196,0.452,0.956,Moderate traffic flow - standard adaptive signal timing in effect
EVT406362,2025-09-22 16:41:39,Trade Fair,J040,City Market,10212,Weekday,False,Heavy Rain,True,30.4,False,False,0.967,Severe,10.0,72.7,707.0,0.25,0.578,0.895,Heavy rain reducing visibility and grip - reduced speed and longer buffer advised
EVT406363,2025-09-09 21:10:35,Trade Fair,J023,Basavanagudi,10526,Weekday,False,Rain,True,24.9,False,False,0.736,High,19.3,50.7,181.7,0.101,0.233,0.884,Heavy rain reducing visibility and grip - reduced speed and longer buffer advised
EVT406364,2025-03-24 10:59:11,Sports Fixture,J020,Malleshwaram Circle,14209,Weekday,False,Clear,False,0.0,False,False,0.557,High,20.8,45.9,273.8,0.163,0.376,0.971,Moderate traffic flow - standard adaptive signal timing in effect
EVT406365,2025-04-29 08:25:51,Local Market Day,J031,Cubbon Road,3654,Weekday,False,Clear,False,0.0,False,False,0.971,Severe,9.5,68.6,267.7,0.104,0.241,0.912,Heavy congestion detected - signal timing extended and reroute suggested
EVT406366,2025-07-03 20:33:22,Sports Fixture,J020,Malleshwaram Circle,23397,Weekday,False,Clear,False,0.0,False,False,0.7,High,17.9,47.8,220.7,0.132,0.305,0.967,Moderate traffic flow - standard adaptive signal timing in effect
EVT406367,2026-06-23 12:47:34,Trade Fair,J040,City Market,4603,Weekday,False,Clear,False,0.0,False,False,0.146,Low,38.7,8.4,145.2,0.14,0.323,0.963,Normal free-flow traffic - standard signal timing maintained
EVT406368,2025-03-22 19:04:07,Sports Fixture,J009,Majestic,30573,Weekend,False,Clear,False,0.0,False,False,1.0,Severe,8.7,71.1,387.5,0.151,0.348,0.925,Heavy congestion detected - signal timing extended and reroute suggested
EVT406369,2026-04-27 12:17:29,Local Market Day,J012,Koramangala Sony World,3242,Weekday,False,Clear,False,0.0,False,False,0.194,Low,22.8,14.1,191.1,0.117,0.269,0.943,Normal free-flow traffic - standard signal timing maintained
EVT406370,2025-02-08 17:43:57,Local Market Day,J040,City Market,5694,Weekend,False,Clear,False,0.0,False,False,0.807,Severe,16.4,54.4,277.9,0.152,0.35,0.952,Heavy congestion detected - signal timing extended and reroute suggested
EVT406371,2025-10-27 16:49:53,Trade Fair,J009,Majestic,9286,Weekday,False,Clear,False,0.0,False,False,0.732,High,14.4,55.2,238.6,0.122,0.283,0.969,Moderate traffic flow - standard adaptive signal timing in effect
EVT406372,2025-12-08 08:44:33,Local Market Day,J012,Koramangala Sony World,2548,Weekday,False,Clear,False,0.0,False,False,1.0,Severe,8.4,76.2,670.9,0.249,0.575,0.909,Heavy congestion detected - signal timing extended and reroute suggested
EVT406373,2025-09-04 17:10:55,Concert,J011,Indiranagar 100ft Road,23602,Weekday,False,Clear,False,0.0,False,False,0.878,Severe,12.2,59.8,450.8,0.207,0.479,0.93,Heavy congestion detected - signal timing extended and reroute suggested
EVT406374,2025-08-21 07:01:11,Trade Fair,J020,Malleshwaram Circle,6372,Weekday,False,Clear,False,0.0,False,False,0.473,Moderate,21.6,34.5,205.5,0.136,0.315,0.943,Moderate traffic flow - standard adaptive signal timing in effect
EVT406375,2026-05-08 07:51:09,Sports Fixture,J012,Koramangala Sony World,21199,Weekday,False,Rain,True,10.3,False,False,1.0,Severe,9.1,67.5,623.2,0.215,0.496,0.885,Heavy rain reducing visibility and grip - reduced speed and longer buffer advised
EVT406376,2025-09-05 06:07:26,Fireworks Display,J020,Malleshwaram Circle,22695,Weekday,True,Rain,True,21.7,False,False,0.805,Severe,15.9,63.3,145.0,0.08,0.184,0.87,Festival crowd surge detected - alternate route and extended cycle recommended
EVT406377,2026-02-11 18:07:00,Local Market Day,J031,Cubbon Road,4284,Weekday,False,Clear,False,0.0,False,False,1.0,Severe,7.6,71.0,898.3,0.294,0.679,0.919,Heavy congestion detected - signal timing extended and reroute suggested
EVT406378,2026-02-08 11:32:31,Local Market Day,J020,Malleshwaram Circle,2974,Weekend,False,Fog,False,0.0,False,False,0.347,Low,36.3,23.9,119.3,0.13,0.301,0.947,Moderate traffic flow - standard adaptive signal timing in effect
EVT406379,2026-06-20 12:29:26,Local Market Day,J030,MG Road,4980,Weekend,False,Heavy Rain,True,53.2,False,False,0.615,High,18.7,42.6,298.8,0.182,0.42,0.917,Heavy rain reducing visibility and grip - reduced speed and longer buffer advised
EVT406380,2026-06-29 14:35:46,Political Rally,J030,MG Road,11229,Weekday,False,Rain,True,22.2,False,False,0.489,Moderate,28.1,33.5,187.4,0.159,0.368,0.891,Light rain detected - minor speed reduction advised
EVT406381,2026-01-14 15:20:22,Religious Festival,J040,City Market,46131,Weekday,True,Fog,False,0.0,False,True,0.925,Severe,12.0,94.5,543.9,0.285,0.657,0.858,Road closure for event/procession - full detour recommended for through-traffic
EVT406382,2026-06-27 07:47:49,Political Rally,J030,MG Road,22090,Weekend,False,Heavy Rain,True,25.0,False,False,0.962,Severe,9.2,62.4,396.9,0.152,0.351,0.845,Heavy rain reducing visibility and grip - reduced speed and longer buffer advised
EVT406383,2025-03-06 09:39:33,Local Market Day,J012,Koramangala Sony World,3833,Weekday,False,Clear,False,0.0,False,False,0.885,Severe,10.6,63.5,378.0,0.148,0.342,0.948,Heavy congestion detected - signal timing extended and reroute suggested
EVT406384,2026-03-03 12:59:21,Concert,J011,Indiranagar 100ft Road,12868,Weekday,False,Rain,True,8.8,False,False,0.374,Moderate,29.5,23.3,70.0,0.053,0.124,0.938,Light rain detected - minor speed reduction advised
EVT406385,2025-04-13 06:34:04,Local Market Day,J012,Koramangala Sony World,3073,Weekend,False,Clear,False,0.0,False,False,0.362,Moderate,31.3,20.8,176.4,0.15,0.347,0.943,Moderate traffic flow - standard adaptive signal timing in effect
EVT406386,2025-10-10 09:17:07,Concert,J023,Basavanagudi,25230,Weekday,False,Clear,False,0.0,False,False,1.0,Severe,7.8,71.8,761.7,0.235,0.542,0.908,Heavy congestion detected - signal timing extended and reroute suggested
EVT406387,2025-08-18 17:03:41,Local Market Day,J020,Malleshwaram Circle,4479,Weekday,False,Clear,False,0.0,False,False,0.675,High,22.0,49.8,250.1,0.167,0.385,0.974,Moderate traffic flow - standard adaptive signal timing in effect
EVT406388,2025-03-15 11:27:16,Religious Festival,J011,Indiranagar 100ft Road,31612,Weekend,True,Clear,False,0.0,False,True,0.938,Severe,9.2,98.3,408.9,0.156,0.36,0.846,Road closure for event/procession - full detour recommended for through-traffic
EVT406389,2025-08-12 20:26:16,Concert,J011,Indiranagar 100ft Road,13513,Weekday,False,Rain,True,20.1,False,False,0.851,Severe,13.2,60.4,256.2,0.136,0.315,0.861,Heavy rain reducing visibility and grip - reduced speed and longer buffer advised
EVT406390,2025-08-14 13:19:32,Sports Fixture,J011,Indiranagar 100ft Road,34128,Weekday,False,Heavy Rain,True,33.9,False,False,0.701,High,17.1,48.9,207.0,0.085,0.196,0.896,Heavy rain reducing visibility and grip - reduced speed and longer buffer advised
EVT406391,2026-06-22 11:08:09,Local Market Day,J031,Cubbon Road,4444,Weekday,False,Clear,False,0.0,False,False,0.492,Moderate,28.8,34.5,138.0,0.117,0.27,0.952,Moderate traffic flow - standard adaptive signal timing in effect
EVT406392,2025-11-01 12:07:10,Religious Festival,J023,Basavanagudi,28140,Weekend,True,Clear,False,0.0,False,False,0.623,High,21.7,52.3,156.4,0.093,0.214,0.912,Festival crowd surge detected - alternate route and extended cycle recommended
EVT406393,2025-10-24 18:52:41,Trade Fair,J012,Koramangala Sony World,8805,Weekday,False,Rain,True,20.5,False,False,1.0,Severe,6.2,68.5,702.2,0.192,0.443,0.875,Heavy rain reducing visibility and grip - reduced speed and longer buffer advised
EVT406394,2026-04-01 22:00:11,Political Rally,J011,Indiranagar 100ft Road,20958,Weekday,False,Clear,False,0.0,False,False,0.399,Moderate,28.6,27.7,198.2,0.153,0.353,0.933,Moderate traffic flow - standard adaptive signal timing in effect
EVT406395,2025-01-13 20:06:54,Sports Fixture,J031,Cubbon Road,38545,Weekday,False,Clear,False,0.0,False,False,0.892,Severe,12.7,65.9,150.2,0.055,0.127,0.942,Heavy congestion detected - signal timing extended and reroute suggested
EVT406396,2026-02-05 09:10:04,Political Rally,J030,MG Road,8229,Weekday,False,Clear,False,0.0,False,False,1.0,Severe,10.0,70.9,329.3,0.139,0.321,0.95,Heavy congestion detected - signal timing extended and reroute suggested
EVT406397,2025-06-22 18:13:50,Local Market Day,J011,Indiranagar 100ft Road,3654,Weekend,False,Rain,True,20.6,False,False,1.0,Severe,8.0,77.5,221.7,0.075,0.172,0.859,Heavy rain reducing visibility and grip - reduced speed and longer buffer advised
EVT406398,2025-10-30 07:08:05,Concert,J040,City Market,9342,Weekday,False,Clear,False,0.0,False,False,0.49,Moderate,28.3,37.2,218.6,0.198,0.458,0.968,Moderate traffic flow - standard adaptive signal timing in effect
EVT406399,2026-03-07 16:07:20,Trade Fair,J011,Indiranagar 100ft Road,12525,Weekend,False,Clear,False,0.0,False,False,0.539,Moderate,22.6,38.2,224.2,0.168,0.388,0.965,Moderate traffic flow - standard adaptive signal timing in effect
EVT406400,2026-04-09 17:29:45,Sports Fixture,J011,Indiranagar 100ft Road,13909,Weekday,False,Clear,False,0.0,False,False,0.876,Severe,10.8,57.7,331.9,0.156,0.36,0.949,Heavy congestion detected - signal timing extended and reroute suggested
EVT406401,2025-11-03 13:10:08,Local Market Day,J023,Basavanagudi,2081,Weekday,False,Clear,False,0.0,False,False,0.24,Low,29.3,19.9,271.5,0.225,0.52,0.975,Normal free-flow traffic - standard signal timing maintained
EVT406402,2025-12-13 17:13:11,Sports Fixture,J023,Basavanagudi,27625,Weekend,False,Clear,False,0.0,False,False,0.833,Severe,11.8,56.8,307.5,0.141,0.327,0.943,Heavy congestion detected - signal timing extended and reroute suggested
EVT406403,2025-12-21 13:35:48,Concert,J011,Indiranagar 100ft Road,17590,Weekend,False,Clear,False,0.0,False,False,0.272,Low,31.2,24.4,113.7,0.087,0.202,0.961,Moderate traffic flow - standard adaptive signal timing in effect
EVT406404,2025-05-04 18:16:32,Local Market Day,J020,Malleshwaram Circle,4384,Weekend,False,Clear,False,0.0,False,False,0.895,Severe,12.3,58.4,468.5,0.23,0.532,0.929,Heavy congestion detected - signal timing extended and reroute suggested
EVT406405,2026-05-11 13:35:00,Concert,J040,City Market,17725,Weekday,False,Fog,False,0.0,False,False,0.258,Low,28.9,17.1,155.1,0.126,0.292,0.931,Moderate traffic flow - standard adaptive signal timing in effect
EVT406406,2025-03-28 08:48:43,Local Market Day,J031,Cubbon Road,4689,Weekday,False,Clear,False,0.0,False,False,1.0,Severe,7.4,73.2,740.5,0.211,0.488,0.917,Heavy congestion detected - signal timing extended and reroute suggested
EVT406407,2026-04-18 12:23:10,Concert,J011,Indiranagar 100ft Road,11896,Weekend,False,Clear,False,0.0,False,False,0.339,Low,32.3,24.2,107.3,0.093,0.215,0.966,Moderate traffic flow - standard adaptive signal timing in effect
EVT406408,2025-10-10 16:39:06,Local Market Day,J011,Indiranagar 100ft Road,2558,Weekday,False,Heavy Rain,True,28.6,False,False,0.901,Severe,9.7,63.4,326.3,0.126,0.29,0.894,Heavy rain reducing visibility and grip - reduced speed and longer buffer advised
EVT406409,2025-09-13 09:18:51,Local Market Day,J012,Koramangala Sony World,4861,Weekend,False,Clear,False,0.0,False,False,0.807,Severe,12.3,55.1,186.7,0.083,0.191,0.955,Heavy congestion detected - signal timing extended and reroute suggested
EVT406410,2025-07-30 14:05:29,Concert,J011,Indiranagar 100ft Road,11847,Weekday,False,Clear,False,0.0,False,False,0.191,Low,37.4,16.4,105.4,0.087,0.2,0.969,Normal free-flow traffic - standard signal timing maintained
EVT406411,2026-05-08 18:37:55,Political Rally,J030,MG Road,12763,Weekday,False,Clear,False,0.0,False,False,1.0,Severe,8.5,73.8,431.4,0.162,0.375,0.92,Heavy congestion detected - signal timing extended and reroute suggested
EVT406412,2025-07-02 08:59:24,Trade Fair,J012,Koramangala Sony World,7549,Weekday,False,Clear,False,0.0,False,False,1.0,Severe,8.5,72.1,652.3,0.236,0.545,0.895,Heavy congestion detected - signal timing extended and reroute suggested
EVT406413,2025-07-03 17:00:37,Concert,J030,MG Road,9831,Weekday,False,Clear,False,0.0,False,False,0.833,Severe,13.6,56.9,235.0,0.102,0.235,0.937,Heavy congestion detected - signal timing extended and reroute suggested
EVT406414,2026-05-01 14:22:00,Religious Festival,J023,Basavanagudi,41816,Weekday,True,Clear,False,0.0,False,False,0.649,High,14.1,48.6,194.6,0.09,0.209,0.919,Festival crowd surge detected - alternate route and extended cycle recommended
EVT406415,2025-07-24 06:24:09,Local Market Day,J009,Majestic,5873,Weekday,False,Rain,True,9.7,False,False,0.427,Moderate,27.4,32.0,160.3,0.114,0.263,0.903,Light rain detected - minor speed reduction advised
EVT406416,2026-01-16 14:01:49,Concert,J012,Koramangala Sony World,7147,Weekday,False,Clear,False,0.0,False,False,0.169,Low,40.5,12.0,138.5,0.146,0.337,0.973,Normal free-flow traffic - standard signal timing maintained
EVT406417,2026-03-08 07:46:48,Sports Fixture,J031,Cubbon Road,16858,Weekend,False,Clear,False,0.0,False,False,0.684,High,19.6,50.4,233.5,0.118,0.272,0.967,Moderate traffic flow - standard adaptive signal timing in effect
EVT406418,2025-07-05 15:53:51,Trade Fair,J031,Cubbon Road,9100,Weekend,False,Clear,False,0.0,False,False,0.437,Moderate,25.7,30.9,224.1,0.186,0.43,0.96,Moderate traffic flow - standard adaptive signal timing in effect
EVT406419,2026-01-13 14:04:50,Local Market Day,J040,City Market,3000,Weekday,False,Fog,False,0.0,False,False,0.161,Low,33.4,11.8,97.8,0.068,0.156,0.974,Normal free-flow traffic - standard signal timing maintained
EVT406420,2025-07-05 09:34:56,Political Rally,J031,Cubbon Road,8868,Weekend,False,Clear,False,0.0,False,False,0.846,Severe,14.9,57.0,160.0,0.098,0.227,0.9,Heavy congestion detected - signal timing extended and reroute suggested
EVT406421,2026-02-13 20:26:08,Concert,J030,MG Road,4000,Weekday,False,Clear,False,0.0,False,False,0.637,High,21.1,46.6,228.6,0.158,0.366,0.94,Moderate traffic flow - standard adaptive signal timing in effect
EVT406422,2026-01-02 15:54:50,Fireworks Display,J011,Indiranagar 100ft Road,30119,Weekday,True,Clear,False,0.0,False,False,0.827,Severe,14.9,61.3,368.3,0.194,0.448,0.913,Festival crowd surge detected - alternate route and extended cycle recommended
EVT406423,2025-12-18 16:42:12,Local Market Day,J009,Majestic,2524,Weekday,False,Clear,False,0.0,False,False,0.596,High,23.4,43.9,168.2,0.124,0.285,0.99,Moderate traffic flow - standard adaptive signal timing in effect
EVT406424,2025-08-30 10:17:33,Local Market Day,J009,Majestic,5055,Weekend,False,Rain,True,10.6,False,False,0.711,High,20.3,52.8,238.3,0.136,0.315,0.928,Heavy rain reducing visibility and grip - reduced speed and longer buffer advised
EVT406425,2026-02-13 20:55:49,Local Market Day,J020,Malleshwaram Circle,3029,Weekday,False,Clear,False,0.0,False,False,0.433,Moderate,30.0,33.4,178.9,0.138,0.318,0.976,Moderate traffic flow - standard adaptive signal timing in effect
EVT406426,2025-10-15 22:47:52,Sports Fixture,J040,City Market,38589,Weekday,False,Rain,True,22.0,False,False,0.609,High,24.3,46.3,419.6,0.32,0.74,0.931,Heavy rain reducing visibility and grip - reduced speed and longer buffer advised
EVT406427,2026-01-23 13:20:45,Concert,J012,Koramangala Sony World,22204,Weekday,False,Fog,False,0.0,False,False,0.287,Low,32.6,25.0,126.5,0.109,0.251,0.984,Moderate traffic flow - standard adaptive signal timing in effect
EVT406428,2025-02-09 10:05:06,Sports Fixture,J011,Indiranagar 100ft Road,53278,Weekend,False,Clear,False,0.0,False,False,0.989,Severe,7.1,65.4,697.2,0.198,0.459,0.928,Heavy congestion detected - signal timing extended and reroute suggested
EVT406429,2026-01-11 21:06:15,Concert,J009,Majestic,5592,Weekend,False,Clear,False,0.0,False,False,0.438,Moderate,29.6,31.4,218.6,0.183,0.423,0.989,Moderate traffic flow - standard adaptive signal timing in effect
EVT406430,2025-10-28 11:01:59,Trade Fair,J012,Koramangala Sony World,7458,Weekday,False,Clear,False,0.0,False,False,0.507,Moderate,24.1,41.9,149.6,0.111,0.257,0.977,Moderate traffic flow - standard adaptive signal timing in effect
EVT406431,2025-12-28 16:27:23,Concert,J011,Indiranagar 100ft Road,6141,Weekend,False,Clear,False,0.0,False,False,0.478,Moderate,20.8,34.6,163.8,0.08,0.185,0.954,Moderate traffic flow - standard adaptive signal timing in effect
EVT406432,2026-05-07 00:00:43,Concert,J023,Basavanagudi,15040,Weekday,False,Clear,False,0.0,False,False,0.185,Low,30.8,20.9,182.2,0.133,0.307,0.99,Normal free-flow traffic - standard signal timing maintained
EVT406433,2025-02-14 18:32:52,Local Market Day,J012,Koramangala Sony World,5940,Weekday,False,Clear,False,0.0,False,False,1.0,Severe,7.9,75.5,666.1,0.202,0.468,0.917,Heavy congestion detected - signal timing extended and reroute suggested
EVT406434,2026-02-18 17:55:51,Sports Fixture,J009,Majestic,13969,Weekday,False,Clear,False,0.0,False,False,1.0,Severe,6.7,79.0,860.8,0.242,0.56,0.922,Heavy congestion detected - signal timing extended and reroute suggested
EVT406435,2026-06-27 18:27:51,Sports Fixture,J009,Majestic,7511,Weekend,False,Clear,False,0.0,False,False,0.909,Severe,11.8,60.2,468.9,0.231,0.535,0.938,Heavy congestion detected - signal timing extended and reroute suggested
EVT406436,2025-04-09 18:43:04,Concert,J011,Indiranagar 100ft Road,10200,Weekday,False,Clear,False,0.0,False,False,1.0,Severe,9.1,65.7,416.9,0.16,0.371,0.898,Heavy congestion detected - signal timing extended and reroute suggested
EVT406437,2025-09-04 11:01:57,Local Market Day,J040,City Market,3735,Weekday,False,Clear,False,0.0,False,False,0.375,Moderate,31.8,22.2,112.6,0.09,0.208,0.951,Moderate traffic flow - standard adaptive signal timing in effect
EVT406438,2026-05-04 19:55:41,Local Market Day,J030,MG Road,2857,Weekday,False,Clear,False,0.0,False,False,0.728,High,18.1,50.7,324.7,0.206,0.475,0.971,Moderate traffic flow - standard adaptive signal timing in effect
EVT406439,2025-05-01 19:58:27,Religious Festival,J030,MG Road,59772,Weekday,True,Clear,False,0.0,False,True,1.0,Severe,8.0,110.5,858.2,0.262,0.604,0.832,Road closure for event/procession - full detour recommended for through-traffic
EVT406440,2026-06-03 18:42:24,Concert,J012,Koramangala Sony World,4542,Weekday,False,Rain,True,17.3,False,False,1.0,Severe,9.2,75.0,483.6,0.18,0.417,0.856,Heavy rain reducing visibility and grip - reduced speed and longer buffer advised
EVT406441,2025-09-06 09:47:59,Religious Festival,J031,Cubbon Road,53299,Weekend,True,Light Rain,True,1.6,False,True,1.0,Severe,8.0,104.5,617.4,0.218,0.504,0.761,Road closure for event/procession - full detour recommended for through-traffic
EVT406442,2026-06-12 16:28:51,Local Market Day,J011,Indiranagar 100ft Road,6360,Weekday,False,Rain,True,16.5,False,False,0.76,Severe,17.7,52.7,258.8,0.17,0.393,0.888,Heavy rain reducing visibility and grip - reduced speed and longer buffer advised
EVT406443,2025-11-16 17:22:49,Local Market Day,J030,MG Road,4403,Weekend,False,Clear,False,0.0,False,False,0.73,High,17.4,52.8,252.8,0.127,0.294,0.971,Moderate traffic flow - standard adaptive signal timing in effect
EVT406444,2025-11-14 07:51:39,Local Market Day,J023,Basavanagudi,7223,Weekday,False,Clear,False,0.0,False,False,0.699,High,23.8,52.0,197.1,0.15,0.346,0.972,Moderate traffic flow - standard adaptive signal timing in effect
EVT406445,2025-06-02 16:18:32,Political Rally,J020,Malleshwaram Circle,17114,Weekday,False,Heavy Rain,True,66.6,False,False,0.959,Severe,11.3,65.5,377.1,0.153,0.354,0.854,Heavy rain reducing visibility and grip - reduced speed and longer buffer advised
EVT406446,2025-04-12 18:53:07,Sports Fixture,J040,City Market,23641,Weekend,False,Fog,False,0.0,False,False,1.0,Severe,6.9,66.0,559.4,0.166,0.382,0.942,Heavy congestion detected - signal timing extended and reroute suggested
EVT406447,2025-05-18 15:16:56,Trade Fair,J030,MG Road,6730,Weekend,False,Clear,False,0.0,False,False,0.355,Moderate,29.5,25.0,160.4,0.123,0.284,0.949,Moderate traffic flow - standard adaptive signal timing in effect
EVT406448,2025-12-29 12:04:12,Concert,J031,Cubbon Road,14446,Weekday,False,Clear,False,0.0,False,False,0.206,Low,29.2,13.2,189.3,0.147,0.339,0.96,Normal free-flow traffic - standard signal timing maintained
EVT406449,2026-01-23 08:41:52,Sports Fixture,J031,Cubbon Road,16392,Weekday,False,Clear,False,0.0,False,False,1.0,Severe,8.4,67.0,461.0,0.154,0.355,0.913,Heavy congestion detected - signal timing extended and reroute suggested
EVT406450,2026-01-19 08:08:34,Sports Fixture,J011,Indiranagar 100ft Road,26958,Weekday,False,Clear,False,0.0,False,False,1.0,Severe,10.0,73.6,256.6,0.105,0.241,0.928,Heavy congestion detected - signal timing extended and reroute suggested
EVT406451,2025-09-15 14:33:57,Trade Fair,J030,MG Road,12370,Weekday,False,Heavy Rain,True,49.6,False,False,0.648,High,27.0,49.3,138.8,0.098,0.227,0.897,Heavy rain reducing visibility and grip - reduced speed and longer buffer advised
EVT406452,2025-06-26 13:53:40,Sports Fixture,J040,City Market,18634,Weekday,False,Rain,True,14.9,False,False,0.441,Moderate,27.2,25.4,148.7,0.136,0.315,0.917,Light rain detected - minor speed reduction advised
EVT406453,2025-06-04 19:07:34,Sports Fixture,J030,MG Road,13168,Weekday,False,Clear,False,0.0,False,False,0.965,Severe,7.4,68.9,637.3,0.187,0.431,0.919,Heavy congestion detected - signal timing extended and reroute suggested
EVT406454,2025-09-17 20:48:45,Local Market Day,J011,Indiranagar 100ft Road,2719,Weekday,False,Heavy Rain,True,52.8,False,False,0.824,Severe,13.1,60.9,320.0,0.176,0.406,0.914,Heavy rain reducing visibility and grip - reduced speed and longer buffer advised
EVT406455,2026-02-07 08:16:11,Concert,J012,Koramangala Sony World,16169,Weekend,False,Clear,False,0.0,False,False,0.775,Severe,17.4,54.8,359.3,0.204,0.471,0.957,Heavy congestion detected - signal timing extended and reroute suggested
EVT406456,2025-12-29 05:59:16,Sports Fixture,J023,Basavanagudi,29667,Weekday,False,Clear,False,0.0,False,False,0.374,Moderate,25.7,29.4,165.3,0.104,0.241,0.943,Moderate traffic flow - standard adaptive signal timing in effect
EVT406457,2025-05-24 07:31:52,Sports Fixture,J031,Cubbon Road,16876,Weekend,False,Clear,False,0.0,False,False,0.599,High,23.7,36.5,126.2,0.09,0.209,0.99,Moderate traffic flow - standard adaptive signal timing in effect
EVT406458,2025-07-25 08:06:49,Local Market Day,J031,Cubbon Road,5868,Weekday,False,Clear,False,0.0,False,False,0.903,Severe,13.0,64.8,190.6,0.099,0.229,0.939,Heavy congestion detected - signal timing extended and reroute suggested
EVT406459,2026-04-15 13:44:00,Cultural Procession,J009,Majestic,11625,Weekday,True,Clear,False,0.0,False,True,0.525,Moderate,25.2,49.7,217.1,0.164,0.378,0.86,Road closure for event/procession - full detour recommended for through-traffic
EVT406460,2025-06-11 12:38:19,Sports Fixture,J009,Majestic,9044,Weekday,False,Clear,False,0.0,False,False,0.212,Low,24.8,14.6,119.0,0.081,0.186,0.945,Normal free-flow traffic - standard signal timing maintained
EVT406461,2025-01-11 13:14:47,Political Rally,J031,Cubbon Road,10078,Weekend,False,Clear,False,0.0,False,False,0.307,Low,31.3,24.9,179.0,0.142,0.328,0.981,Moderate traffic flow - standard adaptive signal timing in effect
EVT406462,2025-02-12 07:22:37,Political Rally,J012,Koramangala Sony World,11133,Weekday,False,Clear,False,0.0,False,False,0.599,High,18.9,35.4,235.6,0.162,0.374,0.957,Moderate traffic flow - standard adaptive signal timing in effect
EVT406463,2025-07-29 17:20:30,Local Market Day,J012,Koramangala Sony World,6326,Weekday,False,Light Rain,True,6.4,False,False,0.937,Severe,11.1,69.1,454.3,0.179,0.413,0.889,Heavy rain reducing visibility and grip - reduced speed and longer buffer advised
EVT406464,2025-07-31 07:33:05,Concert,J012,Koramangala Sony World,6368,Weekday,False,Heavy Rain,True,30.6,False,False,1.0,Severe,8.0,71.1,643.5,0.2,0.461,0.842,Heavy rain reducing visibility and grip - reduced speed and longer buffer advised
EVT406465,2026-04-15 07:28:05,Fireworks Display,J023,Basavanagudi,18981,Weekday,True,Clear,False,0.0,False,False,1.0,Severe,7.0,69.1,261.3,0.091,0.211,0.866,Festival crowd surge detected - alternate route and extended cycle recommended
EVT406466,2026-05-25 07:08:14,Sports Fixture,J031,Cubbon Road,12252,Weekday,False,Clear,False,0.0,False,False,0.521,Moderate,27.4,42.6,323.5,0.258,0.597,0.953,Moderate traffic flow - standard adaptive signal timing in effect
EVT406467,2026-05-27 10:02:26,Sports Fixture,J023,Basavanagudi,33134,Weekday,False,Clear,False,0.0,False,False,0.974,Severe,10.3,64.8,634.4,0.25,0.577,0.932,Heavy congestion detected - signal timing extended and reroute suggested
EVT406468,2025-06-06 00:51:44,Local Market Day,J011,Indiranagar 100ft Road,2895,Weekday,False,Clear,False,0.0,False,False,0.205,Low,31.4,18.8,185.0,0.141,0.326,0.933,Normal free-flow traffic - standard signal timing maintained
EVT406469,2025-04-11 14:54:28,Concert,J009,Majestic,11411,Weekday,False,Clear,False,0.0,False,False,0.268,Low,31.4,18.2,168.0,0.126,0.292,0.976,Moderate traffic flow - standard adaptive signal timing in effect
EVT406470,2025-01-04 23:30:03,Sports Fixture,J040,City Market,27380,Weekend,False,Clear,False,0.0,False,False,0.346,Low,35.8,24.3,151.1,0.123,0.284,0.96,Moderate traffic flow - standard adaptive signal timing in effect
EVT406471,2025-09-29 10:11:48,Political Rally,J023,Basavanagudi,14138,Weekday,False,Clear,False,0.0,False,False,0.748,High,19.2,49.0,123.6,0.075,0.173,0.956,Moderate traffic flow - standard adaptive signal timing in effect
EVT406472,2026-03-17 20:59:04,Local Market Day,J020,Malleshwaram Circle,6778,Weekday,False,Clear,False,0.0,False,False,0.535,Moderate,21.5,39.3,94.4,0.057,0.132,0.939,Moderate traffic flow - standard adaptive signal timing in effect
EVT406473,2026-02-20 17:59:35,Trade Fair,J023,Basavanagudi,18164,Weekday,False,Clear,False,0.0,False,False,1.0,Severe,10.2,71.8,445.5,0.185,0.428,0.93,Heavy congestion detected - signal timing extended and reroute suggested
EVT406474,2025-12-08 17:37:22,Local Market Day,J023,Basavanagudi,2558,Weekday,False,Clear,False,0.0,False,False,0.88,Severe,10.8,69.2,420.3,0.174,0.401,0.959,Heavy congestion detected - signal timing extended and reroute suggested
EVT406475,2026-04-09 18:26:03,Political Rally,J009,Majestic,7795,Weekday,False,Clear,False,0.0,False,False,1.0,Severe,8.9,71.4,580.4,0.221,0.51,0.916,Heavy congestion detected - signal timing extended and reroute suggested
EVT406476,2026-05-26 17:27:04,Trade Fair,J023,Basavanagudi,6641,Weekday,False,Clear,False,0.0,False,False,0.866,Severe,11.0,55.5,200.5,0.086,0.198,0.935,Heavy congestion detected - signal timing extended and reroute suggested
EVT406477,2025-12-03 19:02:05,Local Market Day,J020,Malleshwaram Circle,3900,Weekday,False,Clear,False,0.0,False,False,0.972,Severe,8.5,71.6,423.5,0.159,0.368,0.917,Heavy congestion detected - signal timing extended and reroute suggested
EVT406478,2026-04-22 17:54:47,Concert,J009,Majestic,10985,Weekday,False,Clear,False,0.0,False,False,0.992,Severe,9.2,71.6,596.6,0.232,0.536,0.926,Heavy congestion detected - signal timing extended and reroute suggested
EVT406479,2025-08-06 08:22:26,Sports Fixture,J012,Koramangala Sony World,35327,Weekday,False,Light Rain,True,5.6,False,False,1.0,Severe,9.4,70.2,184.9,0.078,0.181,0.854,Heavy rain reducing visibility and grip - reduced speed and longer buffer advised
EVT406480,2025-06-11 18:01:39,Concert,J012,Koramangala Sony World,18136,Weekday,False,Heavy Rain,True,37.1,False,False,1.0,Severe,11.5,69.3,382.7,0.177,0.408,0.884,Heavy rain reducing visibility and grip - reduced speed and longer buffer advised
EVT406481,2025-08-20 09:20:17,Political Rally,J012,Koramangala Sony World,9297,Weekday,False,Light Rain,True,3.6,False,False,1.0,Severe,8.4,68.6,485.7,0.169,0.39,0.882,Heavy rain reducing visibility and grip - reduced speed and longer buffer advised
EVT406482,2025-10-17 07:30:10,Local Market Day,J011,Indiranagar 100ft Road,4232,Weekday,False,Clear,False,0.0,False,False,0.575,High,20.9,44.1,323.3,0.22,0.508,0.979,Moderate traffic flow - standard adaptive signal timing in effect
EVT406483,2025-10-01 11:00:48,Local Market Day,J030,MG Road,4245,Weekday,False,Rain,True,24.6,False,False,0.671,High,21.3,45.1,190.6,0.118,0.273,0.897,Heavy rain reducing visibility and grip - reduced speed and longer buffer advised
EVT406484,2026-02-13 17:19:01,Sports Fixture,J012,Koramangala Sony World,22973,Weekday,False,Clear,False,0.0,False,False,0.929,Severe,9.3,71.2,368.6,0.154,0.355,0.92,Heavy congestion detected - signal timing extended and reroute suggested
EVT406485,2025-04-26 09:15:11,Trade Fair,J040,City Market,8264,Weekend,False,Clear,False,0.0,False,False,0.893,Severe,12.4,63.4,368.1,0.179,0.414,0.942,Heavy congestion detected - signal timing extended and reroute suggested
EVT406486,2025-01-14 18:40:59,Religious Festival,J040,City Market,75583,Weekday,True,Clear,False,0.0,False,True,1.0,Severe,8.8,98.7,494.4,0.193,0.445,0.844,Road closure for event/procession - full detour recommended for through-traffic
EVT406487,2026-03-19 21:32:24,Religious Festival,J030,MG Road,61096,Weekday,True,Clear,False,0.0,False,False,0.881,Severe,12.0,63.5,289.9,0.119,0.274,0.863,Festival crowd surge detected - alternate route and extended cycle recommended
EVT406488,2026-03-08 20:27:50,Sports Fixture,J023,Basavanagudi,16524,Weekend,False,Clear,False,0.0,False,False,0.565,High,21.5,39.7,236.7,0.15,0.347,0.962,Moderate traffic flow - standard adaptive signal timing in effect
EVT406489,2026-06-22 09:37:19,Trade Fair,J031,Cubbon Road,9166,Weekday,False,Heavy Rain,True,26.8,False,False,1.0,Severe,8.2,71.8,470.9,0.174,0.402,0.84,Heavy rain reducing visibility and grip - reduced speed and longer buffer advised
EVT406490,2026-01-18 18:34:09,Trade Fair,J030,MG Road,12362,Weekend,False,Clear,False,0.0,False,False,0.9,Severe,12.8,62.7,342.0,0.156,0.36,0.929,Heavy congestion detected - signal timing extended and reroute suggested
EVT406491,2026-02-09 19:35:48,Sports Fixture,J031,Cubbon Road,25331,Weekday,False,Clear,False,0.0,False,False,0.998,Severe,7.7,68.9,871.0,0.275,0.636,0.898,Heavy congestion detected - signal timing extended and reroute suggested
EVT406492,2026-06-03 19:30:41,Local Market Day,J031,Cubbon Road,2731,Weekday,False,Clear,False,0.0,False,False,0.816,Severe,16.1,56.7,237.9,0.147,0.34,0.929,Heavy congestion detected - signal timing extended and reroute suggested
EVT406493,2025-10-27 17:10:12,Trade Fair,J020,Malleshwaram Circle,10652,Weekday,False,Clear,False,0.0,False,False,0.767,Severe,18.1,52.5,216.5,0.13,0.3,0.963,Heavy congestion detected - signal timing extended and reroute suggested
EVT406494,2025-03-20 12:59:48,Trade Fair,J030,MG Road,11001,Weekday,False,Clear,False,0.0,False,False,0.25,Low,26.2,19.7,68.6,0.045,0.104,0.963,Normal free-flow traffic - standard signal timing maintained
EVT406495,2025-12-04 05:50:56,Local Market Day,J030,MG Road,2308,Weekday,False,Clear,False,0.0,False,False,0.227,Low,36.2,8.2,216.9,0.196,0.453,0.985,Normal free-flow traffic - standard signal timing maintained
EVT406496,2025-05-07 17:25:27,Local Market Day,J009,Majestic,2797,Weekday,False,Clear,False,0.0,False,False,0.794,Severe,18.1,56.5,308.3,0.204,0.472,0.979,Heavy congestion detected - signal timing extended and reroute suggested
EVT406497,2025-07-28 04:50:39,Sports Fixture,J011,Indiranagar 100ft Road,24267,Weekday,False,Clear,False,0.0,False,False,0.347,Low,33.3,25.3,117.1,0.105,0.241,0.97,Moderate traffic flow - standard adaptive signal timing in effect
EVT406498,2025-10-28 13:18:20,Trade Fair,J020,Malleshwaram Circle,10591,Weekday,False,Clear,False,0.0,False,False,0.214,Low,35.6,18.4,139.4,0.113,0.262,0.954,Normal free-flow traffic - standard signal timing maintained
EVT406499,2025-01-17 07:53:32,Local Market Day,J009,Majestic,4862,Weekday,False,Clear,False,0.0,False,False,0.729,High,14.5,52.8,409.5,0.177,0.408,0.986,Moderate traffic flow - standard adaptive signal timing in effect
EVT406500,2026-05-17 09:10:27,Local Market Day,J009,Majestic,6319,Weekend,False,Clear,False,0.0,False,False,0.939,Severe,11.1,65.5,419.4,0.166,0.384,0.919,Heavy congestion detected - signal timing extended and reroute suggested
EVT406501,2025-05-23 22:31:08,Sports Fixture,J020,Malleshwaram Circle,20226,Weekday,False,Rain,True,9.5,False,False,0.452,Moderate,25.9,33.6,242.5,0.199,0.46,0.895,Light rain detected - minor speed reduction advised
EVT406502,2026-01-10 01:21:46,Concert,J020,Malleshwaram Circle,9531,Weekend,False,Clear,False,0.0,False,False,0.232,Low,35.7,21.0,117.3,0.136,0.314,0.986,Normal free-flow traffic - standard signal timing maintained
EVT406503,2026-02-27 12:02:21,Sports Fixture,J031,Cubbon Road,29745,Weekday,False,Clear,False,0.0,False,False,0.393,Moderate,25.4,25.2,113.6,0.09,0.208,0.976,Moderate traffic flow - standard adaptive signal timing in effect
EVT406504,2025-09-17 12:28:14,Local Market Day,J012,Koramangala Sony World,2469,Weekday,False,Clear,False,0.0,False,False,0.259,Low,30.6,23.1,201.3,0.134,0.31,0.946,Moderate traffic flow - standard adaptive signal timing in effect
EVT406505,2026-06-13 19:28:11,Concert,J011,Indiranagar 100ft Road,10983,Weekend,False,Clear,False,0.0,False,False,0.803,Severe,17.4,53.3,144.6,0.087,0.201,0.963,Heavy congestion detected - signal timing extended and reroute suggested
EVT406506,2025-10-26 08:20:25,Sports Fixture,J031,Cubbon Road,28025,Weekend,False,Clear,False,0.0,False,False,0.888,Severe,12.8,56.4,486.3,0.24,0.555,0.954,Heavy congestion detected - signal timing extended and reroute suggested
EVT406507,2025-12-30 18:26:29,Sports Fixture,J009,Majestic,11741,Weekday,False,Clear,False,0.0,False,False,1.0,Severe,7.4,74.0,279.6,0.088,0.203,0.897,Heavy congestion detected - signal timing extended and reroute suggested
EVT406508,2026-03-25 16:17:57,Local Market Day,J040,City Market,1888,Weekday,False,Clear,False,0.0,False,False,0.469,Moderate,24.2,34.3,208.9,0.133,0.306,0.973,Moderate traffic flow - standard adaptive signal timing in effect
EVT406509,2025-12-11 00:59:39,Political Rally,J023,Basavanagudi,20444,Weekday,False,Clear,False,0.0,False,False,0.344,Low,29.4,28.2,59.0,0.042,0.097,0.949,Moderate traffic flow - standard adaptive signal timing in effect
EVT406510,2025-03-22 16:59:09,Concert,J020,Malleshwaram Circle,7709,Weekend,False,Fog,False,0.0,False,False,0.489,Moderate,23.8,34.7,229.0,0.17,0.393,0.99,Moderate traffic flow - standard adaptive signal timing in effect
EVT406511,2025-11-17 19:38:49,Sports Fixture,J023,Basavanagudi,25148,Weekday,False,Clear,False,0.0,False,False,0.958,Severe,10.9,67.9,451.2,0.19,0.439,0.934,Heavy congestion detected - signal timing extended and reroute suggested
EVT406512,2025-11-21 02:48:06,Trade Fair,J011,Indiranagar 100ft Road,7104,Weekday,False,Clear,False,0.0,False,False,0.197,Low,30.4,20.0,107.8,0.09,0.208,0.966,Normal free-flow traffic - standard signal timing maintained
EVT406513,2025-04-25 14:15:55,Concert,J011,Indiranagar 100ft Road,13876,Weekday,False,Clear,False,0.0,False,False,0.189,Low,37.8,13.0,227.4,0.238,0.55,0.966,Normal free-flow traffic - standard signal timing maintained
EVT406514,2025-09-16 08:40:20,Local Market Day,J012,Koramangala Sony World,2869,Weekday,False,Clear,False,0.0,False,False,0.96,Severe,8.1,70.5,481.4,0.175,0.405,0.927,Heavy congestion detected - signal timing extended and reroute suggested
EVT406515,2025-12-22 17:40:56,Local Market Day,J011,Indiranagar 100ft Road,5220,Weekday,False,Clear,False,0.0,False,False,0.923,Severe,11.2,68.6,271.2,0.111,0.256,0.929,Heavy congestion detected - signal timing extended and reroute suggested
EVT406516,2025-05-18 10:59:10,Sports Fixture,J023,Basavanagudi,19125,Weekend,False,Clear,False,0.0,True,False,0.88,Severe,12.8,60.6,515.0,0.272,0.629,0.792,Accident detected nearby - reroute and reduced speed advised
EVT406517,2025-07-11 11:39:32,Local Market Day,J011,Indiranagar 100ft Road,3353,Weekday,False,Heavy Rain,True,55.0,False,False,0.57,High,22.5,35.5,241.9,0.148,0.341,0.927,Heavy rain reducing visibility and grip - reduced speed and longer buffer advised
EVT406518,2026-05-20 10:02:50,Local Market Day,J030,MG Road,5926,Weekday,False,Rain,True,13.9,False,False,0.927,Severe,9.0,64.7,514.4,0.188,0.435,0.883,Heavy rain reducing visibility and grip - reduced speed and longer buffer advised
EVT406519,2026-06-14 19:32:14,Political Rally,J030,MG Road,16601,Weekend,False,Clear,False,0.0,False,False,0.788,Severe,19.2,58.7,234.1,0.15,0.346,0.968,Heavy congestion detected - signal timing extended and reroute suggested
EVT406520,2026-02-02 17:20:57,Political Rally,J012,Koramangala Sony World,6013,Weekday,False,Clear,False,0.0,False,False,0.849,Severe,14.2,59.4,323.0,0.141,0.325,0.971,Heavy congestion detected - signal timing extended and reroute suggested
EVT406521,2026-06-03 18:58:21,Trade Fair,J012,Koramangala Sony World,8243,Weekday,False,Clear,False,0.0,False,False,1.0,Severe,8.6,75.5,598.2,0.229,0.53,0.889,Heavy congestion detected - signal timing extended and reroute suggested
EVT406522,2026-04-05 13:46:13,Concert,J009,Majestic,9427,Weekend,False,Clear,False,0.0,False,False,0.285,Low,36.4,13.7,223.1,0.199,0.46,0.987,Moderate traffic flow - standard adaptive signal timing in effect
EVT406523,2026-02-06 20:06:38,Local Market Day,J020,Malleshwaram Circle,2331,Weekday,False,Clear,False,0.0,False,False,0.709,High,16.2,51.8,240.1,0.135,0.312,0.964,Moderate traffic flow - standard adaptive signal timing in effect
EVT406524,2025-05-06 08:30:00,Trade Fair,J009,Majestic,10898,Weekday,False,Clear,False,0.0,False,False,0.964,Severe,11.5,64.9,494.9,0.229,0.529,0.948,Heavy congestion detected - signal timing extended and reroute suggested
EVT406525,2025-12-01 10:52:28,Sports Fixture,J009,Majestic,15165,Weekday,False,Clear,False,0.0,False,False,0.489,Moderate,29.3,33.5,210.2,0.162,0.374,0.957,Moderate traffic flow - standard adaptive signal timing in effect
EVT406526,2026-05-07 08:48:02,Local Market Day,J020,Malleshwaram Circle,7376,Weekday,False,Clear,False,0.0,False,False,1.0,Severe,8.6,70.9,638.5,0.234,0.541,0.918,Heavy congestion detected - signal timing extended and reroute suggested
EVT406527,2025-12-28 09:37:23,Political Rally,J012,Koramangala Sony World,16867,Weekend,False,Clear,False,0.0,False,False,0.89,Severe,11.0,65.2,546.4,0.211,0.488,0.912,Heavy congestion detected - signal timing extended and reroute suggested
EVT406528,2026-05-03 08:55:24,Concert,J020,Malleshwaram Circle,8015,Weekend,False,Heavy Rain,True,40.9,False,False,1.0,Severe,8.1,65.9,606.7,0.23,0.532,0.855,Heavy rain reducing visibility and grip - reduced speed and longer buffer advised
EVT406529,2026-03-20 07:03:46,Religious Festival,J011,Indiranagar 100ft Road,21821,Weekday,True,Clear,False,0.0,False,False,0.777,Severe,12.0,53.3,520.8,0.228,0.528,0.91,Festival crowd surge detected - alternate route and extended cycle recommended
EVT406530,2025-04-07 15:59:02,Religious Festival,J040,City Market,54865,Weekday,True,Clear,False,0.0,False,True,1.0,Severe,8.1,91.8,599.1,0.211,0.488,0.835,Road closure for event/procession - full detour recommended for through-traffic
EVT406531,2025-05-10 08:55:26,Local Market Day,J020,Malleshwaram Circle,6237,Weekend,False,Clear,False,0.0,False,False,0.898,Severe,10.5,61.9,722.8,0.266,0.614,0.924,Heavy congestion detected - signal timing extended and reroute suggested
EVT406532,2025-03-28 14:58:28,Sports Fixture,J020,Malleshwaram Circle,18017,Weekday,False,Clear,False,0.0,False,False,0.334,Low,28.1,18.1,165.8,0.109,0.251,0.978,Moderate traffic flow - standard adaptive signal timing in effect
EVT406533,2026-06-23 10:49:16,Trade Fair,J020,Malleshwaram Circle,14373,Weekday,False,Clear,False,0.0,False,False,0.53,Moderate,19.9,36.3,359.5,0.231,0.534,0.975,Moderate traffic flow - standard adaptive signal timing in effect
EVT406534,2025-11-06 17:10:58,Sports Fixture,J030,MG Road,17626,Weekday,False,Clear,False,0.0,False,False,0.879,Severe,12.4,65.3,303.2,0.144,0.332,0.946,Heavy congestion detected - signal timing extended and reroute suggested
EVT406535,2025-07-17 20:30:59,Sports Fixture,J009,Majestic,17422,Weekday,False,Clear,False,0.0,False,False,0.606,High,17.4,47.8,414.1,0.23,0.532,0.965,Moderate traffic flow - standard adaptive signal timing in effect
EVT406536,2025-08-31 22:25:48,Local Market Day,J012,Koramangala Sony World,2536,Weekend,False,Heavy Rain,True,32.4,False,False,0.529,Moderate,26.8,37.0,159.6,0.125,0.288,0.903,Light rain detected - minor speed reduction advised
EVT406537,2026-02-24 13:38:05,Trade Fair,J040,City Market,13538,Weekday,False,Light Rain,True,1.6,False,False,0.316,Low,31.9,19.1,127.9,0.109,0.253,0.92,Light rain detected - minor speed reduction advised
EVT406538,2026-04-01 07:32:59,Trade Fair,J011,Indiranagar 100ft Road,11399,Weekday,False,Clear,False,0.0,False,False,0.605,High,20.4,47.8,310.5,0.192,0.443,0.939,Moderate traffic flow - standard adaptive signal timing in effect
EVT406539,2026-06-07 09:12:53,Concert,J012,Koramangala Sony World,14135,Weekend,False,Heavy Rain,True,38.6,False,False,1.0,Severe,8.3,71.5,501.3,0.179,0.414,0.854,Heavy rain reducing visibility and grip - reduced speed and longer buffer advised
EVT406540,2025-04-07 10:49:03,Fireworks Display,J012,Koramangala Sony World,27792,Weekday,True,Clear,False,0.0,False,False,0.799,Severe,15.6,57.2,418.0,0.219,0.506,0.924,Festival crowd surge detected - alternate route and extended cycle recommended
EVT406541,2026-03-03 16:29:10,Concert,J023,Basavanagudi,11685,Weekday,False,Fog,False,0.0,False,False,0.601,High,18.9,41.3,186.4,0.117,0.271,0.963,Moderate traffic flow - standard adaptive signal timing in effect
EVT406542,2025-07-15 08:02:29,Trade Fair,J012,Koramangala Sony World,9538,Weekday,False,Clear,False,0.0,False,False,0.82,Severe,16.5,59.1,343.3,0.199,0.46,0.949,Heavy congestion detected - signal timing extended and reroute suggested
EVT406543,2025-05-31 13:32:27,Sports Fixture,J023,Basavanagudi,24473,Weekend,False,Clear,False,0.0,False,False,0.388,Moderate,24.0,21.9,222.9,0.132,0.304,0.968,Moderate traffic flow - standard adaptive signal timing in effect
EVT406544,2025-02-17 19:15:02,Sports Fixture,J012,Koramangala Sony World,31277,Weekday,False,Clear,False,0.0,False,False,1.0,Severe,6.8,69.4,1053.8,0.281,0.649,0.93,Heavy congestion detected - signal timing extended and reroute suggested
EVT406545,2026-06-17 10:25:26,Local Market Day,J012,Koramangala Sony World,5277,Weekday,False,Rain,True,18.4,False,False,0.814,Severe,13.1,57.9,403.7,0.206,0.477,0.902,Heavy rain reducing visibility and grip - reduced speed and longer buffer advised
EVT406546,2025-04-04 21:23:06,Concert,J030,MG Road,7326,Weekday,False,Clear,False,0.0,False,False,0.365,Moderate,30.0,29.1,206.0,0.192,0.443,0.972,Moderate traffic flow - standard adaptive signal timing in effect
EVT406547,2025-02-04 21:17:45,Trade Fair,J030,MG Road,10399,Weekday,False,Light Rain,True,1.9,False,False,0.467,Moderate,26.6,39.1,184.7,0.145,0.334,0.905,Light rain detected - minor speed reduction advised
EVT406548,2025-02-13 17:03:19,Concert,J040,City Market,15013,Weekday,False,Clear,False,0.0,False,False,0.805,Severe,14.9,52.7,516.0,0.242,0.559,0.938,Heavy congestion detected - signal timing extended and reroute suggested
EVT406549,2025-06-14 16:30:54,Local Market Day,J040,City Market,5660,Weekend,False,Rain,True,13.8,False,False,0.709,High,18.1,47.3,139.7,0.081,0.187,0.919,Heavy rain reducing visibility and grip - reduced speed and longer buffer advised
EVT406550,2026-02-16 14:12:07,Sports Fixture,J020,Malleshwaram Circle,16067,Weekday,False,Clear,False,0.0,False,False,0.226,Low,30.8,18.8,153.9,0.132,0.304,0.973,Normal free-flow traffic - standard signal timing maintained
EVT406551,2026-02-28 05:45:58,Sports Fixture,J020,Malleshwaram Circle,40977,Weekend,False,Clear,False,0.0,False,False,0.497,Moderate,29.4,36.5,169.0,0.149,0.343,0.955,Moderate traffic flow - standard adaptive signal timing in effect
EVT406552,2026-01-14 06:32:54,Religious Festival,J020,Malleshwaram Circle,57867,Weekday,True,Clear,False,0.0,False,True,0.946,Severe,10.5,96.9,597.6,0.239,0.551,0.831,Road closure for event/procession - full detour recommended for through-traffic
EVT406553,2026-06-29 22:39:44,Sports Fixture,J012,Koramangala Sony World,13820,Weekday,False,Fog,False,0.0,False,False,0.197,Low,36.1,15.0,70.0,0.059,0.137,0.958,Normal free-flow traffic - standard signal timing maintained
EVT406554,2026-06-02 18:40:35,Concert,J020,Malleshwaram Circle,11321,Weekday,False,Clear,False,0.0,False,False,1.0,Severe,9.4,75.1,550.7,0.226,0.523,0.924,Heavy congestion detected - signal timing extended and reroute suggested
EVT406555,2025-06-14 13:26:45,Trade Fair,J012,Koramangala Sony World,6933,Weekend,False,Clear,False,0.0,False,False,0.153,Low,30.1,7.6,114.7,0.089,0.206,0.937,Normal free-flow traffic - standard signal timing maintained
EVT406556,2025-04-22 11:13:01,Local Market Day,J031,Cubbon Road,11409,Weekday,False,Clear,False,0.0,False,False,0.412,Moderate,25.2,40.9,303.1,0.222,0.512,0.949,Moderate traffic flow - standard adaptive signal timing in effect
EVT406557,2025-01-02 13:15:01,Concert,J020,Malleshwaram Circle,9723,Weekday,False,Clear,False,0.0,False,False,0.259,Low,28.8,18.9,177.9,0.127,0.293,0.959,Moderate traffic flow - standard adaptive signal timing in effect
EVT406558,2025-01-09 17:10:35,Local Market Day,J011,Indiranagar 100ft Road,4345,Weekday,False,Clear,False,0.0,False,False,0.741,High,17.9,56.1,325.2,0.172,0.396,0.965,Moderate traffic flow - standard adaptive signal timing in effect
EVT406559,2026-04-24 23:52:05,Political Rally,J011,Indiranagar 100ft Road,14714,Weekday,False,Clear,False,0.0,False,False,0.171,Low,42.6,11.2,98.0,0.092,0.212,0.955,Normal free-flow traffic - standard signal timing maintained
EVT406560,2025-07-09 08:02:29,Sports Fixture,J030,MG Road,29933,Weekday,False,Rain,True,23.3,False,False,1.0,Severe,9.6,73.5,366.7,0.132,0.306,0.87,Heavy rain reducing visibility and grip - reduced speed and longer buffer advised
EVT406561,2026-02-14 07:14:35,Concert,J040,City Market,8845,Weekend,False,Fog,False,0.0,False,False,0.453,Moderate,21.7,40.7,315.0,0.207,0.477,0.952,Moderate traffic flow - standard adaptive signal timing in effect
EVT406562,2025-05-16 13:02:04,Political Rally,J023,Basavanagudi,15794,Weekday,False,Clear,False,0.0,False,False,0.175,Low,23.7,11.3,185.7,0.114,0.262,0.968,Normal free-flow traffic - standard signal timing maintained
EVT406563,2026-06-08 18:57:39,Local Market Day,J012,Koramangala Sony World,5105,Weekday,False,Rain,True,16.3,False,False,1.0,Severe,6.5,69.2,790.8,0.202,0.467,0.857,Heavy rain reducing visibility and grip - reduced speed and longer buffer advised
EVT406564,2026-04-06 09:52:48,Local Market Day,J011,Indiranagar 100ft Road,5831,Weekday,False,Clear,False,0.0,False,False,0.838,Severe,12.5,62.2,400.7,0.177,0.408,0.946,Heavy congestion detected - signal timing extended and reroute suggested
EVT406565,2025-06-02 18:41:12,Sports Fixture,J012,Koramangala Sony World,46590,Weekday,False,Clear,False,0.0,False,False,1.0,Severe,9.0,73.5,494.2,0.183,0.422,0.925,Heavy congestion detected - signal timing extended and reroute suggested
EVT406566,2026-02-13 06:52:58,Local Market Day,J020,Malleshwaram Circle,4927,Weekday,False,Clear,False,0.0,False,False,0.37,Moderate,31.0,26.5,180.9,0.152,0.352,0.955,Moderate traffic flow - standard adaptive signal timing in effect
EVT406567,2026-03-03 06:38:11,Local Market Day,J009,Majestic,2512,Weekday,False,Clear,False,0.0,False,False,0.431,Moderate,24.0,29.6,137.3,0.089,0.206,0.968,Moderate traffic flow - standard adaptive signal timing in effect
EVT406568,2025-08-04 14:02:11,Local Market Day,J020,Malleshwaram Circle,3252,Weekday,False,Heavy Rain,True,27.1,False,False,0.519,Moderate,26.0,37.1,328.5,0.24,0.555,0.912,Light rain detected - minor speed reduction advised
EVT406569,2025-07-25 17:27:38,Local Market Day,J011,Indiranagar 100ft Road,7100,Weekday,False,Clear,False,0.0,False,False,0.868,Severe,12.8,63.5,232.8,0.125,0.288,0.953,Heavy congestion detected - signal timing extended and reroute suggested
EVT406570,2025-11-26 10:14:54,Concert,J020,Malleshwaram Circle,9620,Weekday,False,Clear,False,0.0,False,False,0.751,Severe,15.7,52.9,294.6,0.173,0.399,0.97,Heavy congestion detected - signal timing extended and reroute suggested
EVT406571,2026-01-24 10:05:37,Sports Fixture,J012,Koramangala Sony World,18400,Weekend,False,Clear,False,0.0,False,False,0.837,Severe,14.0,56.7,388.1,0.2,0.461,0.961,Heavy congestion detected - signal timing extended and reroute suggested
EVT406572,2026-03-17 09:14:09,Political Rally,J020,Malleshwaram Circle,14729,Weekday,False,Clear,False,0.0,False,False,1.0,Severe,9.3,63.7,358.3,0.137,0.317,0.898,Heavy congestion detected - signal timing extended and reroute suggested
EVT406573,2025-07-27 09:38:56,Concert,J040,City Market,7959,Weekend,False,Heavy Rain,True,44.0,False,False,1.0,Severe,9.0,71.6,510.2,0.196,0.452,0.876,Heavy rain reducing visibility and grip - reduced speed and longer buffer advised
EVT406574,2026-02-26 07:24:30,Political Rally,J012,Koramangala Sony World,9963,Weekday,False,Clear,False,0.0,False,False,0.601,High,21.8,42.2,296.6,0.177,0.409,0.958,Moderate traffic flow - standard adaptive signal timing in effect
EVT406575,2025-06-13 20:00:49,Local Market Day,J009,Majestic,3815,Weekday,False,Clear,False,0.0,False,False,0.753,Severe,14.5,56.8,429.3,0.218,0.503,0.972,Heavy congestion detected - signal timing extended and reroute suggested
EVT406576,2025-01-14 17:30:35,Religious Festival,J031,Cubbon Road,72039,Weekday,True,Clear,False,0.0,False,True,1.0,Severe,6.4,102.4,1107.4,0.29,0.669,0.835,Road closure for event/procession - full detour recommended for through-traffic
EVT406577,2025-06-25 07:10:46,Local Market Day,J040,City Market,2999,Weekday,False,Rain,True,8.7,False,False,0.579,High,25.4,43.3,238.0,0.171,0.396,0.929,Heavy rain reducing visibility and grip - reduced speed and longer buffer advised
EVT406578,2026-03-02 19:34:09,Concert,J040,City Market,6426,Weekday,False,Clear,False,0.0,False,False,0.906,Severe,11.3,64.7,493.6,0.21,0.486,0.96,Heavy congestion detected - signal timing extended and reroute suggested
EVT406579,2025-09-29 09:46:13,Sports Fixture,J009,Majestic,17564,Weekday,False,Heavy Rain,True,32.3,False,False,1.0,Severe,7.8,64.8,482.7,0.155,0.357,0.848,Heavy rain reducing visibility and grip - reduced speed and longer buffer advised
EVT406580,2025-06-04 17:37:25,Trade Fair,J012,Koramangala Sony World,12614,Weekday,False,Clear,False,0.0,False,False,0.94,Severe,11.8,71.2,304.7,0.141,0.325,0.909,Heavy congestion detected - signal timing extended and reroute suggested
EVT406581,2026-04-27 12:08:31,Local Market Day,J020,Malleshwaram Circle,3993,Weekday,False,Clear,False,0.0,False,False,0.253,Low,28.6,16.2,193.4,0.139,0.32,0.962,Moderate traffic flow - standard adaptive signal timing in effect
EVT406582,2026-01-14 17:47:36,Cultural Procession,J020,Malleshwaram Circle,27608,Weekday,True,Clear,False,0.0,False,True,1.0,Severe,8.6,96.1,752.6,0.243,0.562,0.866,Road closure for event/procession - full detour recommended for through-traffic
EVT406583,2026-06-06 21:29:36,Political Rally,J031,Cubbon Road,19010,Weekend,False,Light Rain,True,3.5,False,False,0.532,Moderate,20.2,33.6,257.1,0.15,0.346,0.93,Light rain detected - minor speed reduction advised
EVT406584,2026-04-25 06:33:20,Sports Fixture,J020,Malleshwaram Circle,39989,Weekend,False,Clear,False,0.0,False,False,0.607,High,26.0,44.2,122.1,0.093,0.214,0.956,Moderate traffic flow - standard adaptive signal timing in effect
EVT406585,2026-01-31 16:51:30,Concert,J040,City Market,8723,Weekend,False,Clear,False,0.0,False,False,0.595,High,17.3,44.4,273.1,0.131,0.303,0.984,Moderate traffic flow - standard adaptive signal timing in effect
EVT406586,2026-02-13 13:16:47,Concert,J023,Basavanagudi,12301,Weekday,False,Clear,False,0.0,False,False,0.259,Low,27.5,17.1,178.8,0.125,0.289,0.972,Moderate traffic flow - standard adaptive signal timing in effect
EVT406587,2025-02-03 07:55:38,Trade Fair,J020,Malleshwaram Circle,11396,Weekday,False,Clear,False,0.0,False,False,0.844,Severe,15.1,58.5,210.7,0.106,0.244,0.96,Heavy congestion detected - signal timing extended and reroute suggested
EVT406588,2026-05-18 07:02:57,Sports Fixture,J030,MG Road,30022,Weekday,False,Clear,False,0.0,False,False,0.631,High,24.5,39.9,185.3,0.135,0.312,0.959,Moderate traffic flow - standard adaptive signal timing in effect
EVT406589,2026-05-13 07:49:12,Trade Fair,J030,MG Road,8930,Weekday,False,Clear,False,0.0,False,False,0.826,Severe,13.7,62.9,549.3,0.241,0.558,0.943,Heavy congestion detected - signal timing extended and reroute suggested
EVT406590,2026-01-10 09:16:54,Sports Fixture,J030,MG Road,16605,Weekend,False,Clear,False,0.0,False,False,0.935,Severe,10.6,68.0,332.7,0.138,0.319,0.901,Heavy congestion detected - signal timing extended and reroute suggested
EVT406591,2025-02-16 09:52:49,Political Rally,J030,MG Road,19496,Weekend,False,Clear,False,0.0,False,False,0.883,Severe,12.9,65.3,354.8,0.16,0.37,0.937,Heavy congestion detected - signal timing extended and reroute suggested
EVT406592,2026-04-12 12:38:55,Concert,J040,City Market,20958,Weekend,False,Clear,False,0.0,False,False,0.343,Low,30.3,20.8,151.9,0.119,0.274,0.986,Moderate traffic flow - standard adaptive signal timing in effect
EVT406593,2025-06-08 17:51:19,Trade Fair,J030,MG Road,12241,Weekend,False,Clear,False,0.0,False,False,0.909,Severe,11.6,67.3,337.5,0.154,0.355,0.94,Heavy congestion detected - signal timing extended and reroute suggested
EVT406594,2025-08-09 19:17:43,Local Market Day,J031,Cubbon Road,4049,Weekend,False,Rain,True,24.4,False,False,1.0,Severe,8.2,75.0,585.4,0.217,0.501,0.86,Heavy rain reducing visibility and grip - reduced speed and longer buffer advised
EVT406595,2026-04-26 07:08:17,Sports Fixture,J023,Basavanagudi,20096,Weekend,False,Clear,False,0.0,False,False,0.656,High,16.8,46.0,155.5,0.086,0.2,0.96,Moderate traffic flow - standard adaptive signal timing in effect
EVT406596,2026-04-30 08:39:02,Sports Fixture,J009,Majestic,35428,Weekday,False,Clear,False,0.0,False,False,1.0,Severe,7.8,75.0,603.1,0.202,0.468,0.898,Heavy congestion detected - signal timing extended and reroute suggested
EVT406597,2025-10-25 14:29:34,Concert,J009,Majestic,12491,Weekend,False,Heavy Rain,True,37.3,False,False,0.751,Severe,13.2,54.2,258.2,0.139,0.32,0.936,Heavy rain reducing visibility and grip - reduced speed and longer buffer advised
EVT406598,2025-02-15 18:06:32,Concert,J020,Malleshwaram Circle,10579,Weekend,False,Clear,False,0.0,False,False,0.845,Severe,13.3,58.5,246.8,0.138,0.319,0.96,Heavy congestion detected - signal timing extended and reroute suggested
EVT406599,2025-07-11 19:41:12,Local Market Day,J009,Majestic,5461,Weekday,False,Clear,False,0.0,False,False,0.795,Severe,17.5,56.3,227.9,0.133,0.307,0.95,Heavy congestion detected - signal timing extended and reroute suggested
EVT406600,2025-10-09 11:12:05,Concert,J009,Majestic,14971,Weekday,False,Clear,False,0.0,False,False,0.425,Moderate,20.1,27.4,274.8,0.159,0.368,0.958,Moderate traffic flow - standard adaptive signal timing in effect
EVT406601,2026-05-31 10:31:32,Concert,J011,Indiranagar 100ft Road,15318,Weekend,False,Rain,True,14.7,False,False,0.772,Severe,18.8,57.2,181.4,0.116,0.268,0.921,Heavy rain reducing visibility and grip - reduced speed and longer buffer advised
EVT406602,2025-05-05 17:47:09,Local Market Day,J011,Indiranagar 100ft Road,3810,Weekday,False,Clear,False,0.0,False,False,0.841,Severe,12.1,55.3,150.9,0.083,0.192,0.959,Heavy congestion detected - signal timing extended and reroute suggested
EVT406603,2026-01-26 19:13:39,Religious Festival,J012,Koramangala Sony World,52635,Weekday,True,Clear,False,0.0,False,False,1.0,Severe,9.0,77.7,199.5,0.09,0.208,0.895,Festival crowd surge detected - alternate route and extended cycle recommended
EVT406604,2026-06-16 05:54:41,Political Rally,J020,Malleshwaram Circle,16177,Weekday,False,Clear,False,0.0,False,False,0.301,Low,29.2,22.7,178.8,0.139,0.321,0.962,Moderate traffic flow - standard adaptive signal timing in effect
EVT406605,2025-07-05 17:43:37,Sports Fixture,J011,Indiranagar 100ft Road,11499,Weekend,False,Heavy Rain,True,65.3,False,False,1.0,Severe,11.2,68.3,438.8,0.181,0.418,0.865,Heavy rain reducing visibility and grip - reduced speed and longer buffer advised
EVT406606,2025-08-11 17:52:31,Concert,J012,Koramangala Sony World,11120,Weekday,False,Clear,False,0.0,False,False,0.987,Severe,9.0,68.7,447.2,0.191,0.441,0.899,Heavy congestion detected - signal timing extended and reroute suggested
EVT406607,2026-05-29 02:14:01,Trade Fair,J040,City Market,10767,Weekday,False,Clear,False,0.0,False,False,0.235,Low,33.6,17.8,118.4,0.113,0.26,0.947,Normal free-flow traffic - standard signal timing maintained
EVT406608,2025-01-07 20:20:23,Local Market Day,J040,City Market,2825,Weekday,False,Clear,False,0.0,False,False,0.595,High,21.7,37.6,259.2,0.176,0.408,0.96,Moderate traffic flow - standard adaptive signal timing in effect
EVT406609,2026-05-19 18:24:38,Local Market Day,J040,City Market,3124,Weekday,False,Clear,False,0.0,False,False,1.0,Severe,9.9,76.6,397.6,0.167,0.386,0.905,Heavy congestion detected - signal timing extended and reroute suggested
EVT406610,2025-10-07 18:57:30,Trade Fair,J030,MG Road,5688,Weekday,False,Clear,False,0.0,False,False,0.985,Severe,9.9,72.1,519.6,0.208,0.48,0.92,Heavy congestion detected - signal timing extended and reroute suggested
EVT406611,2025-04-29 13:21:40,Political Rally,J040,City Market,24212,Weekday,False,Clear,False,0.0,False,False,0.321,Low,22.1,28.1,139.6,0.1,0.231,0.942,Moderate traffic flow - standard adaptive signal timing in effect
EVT406612,2026-04-13 22:56:35,Sports Fixture,J009,Majestic,28396,Weekday,False,Clear,False,0.0,False,False,0.366,Moderate,30.7,24.4,151.9,0.134,0.309,0.975,Moderate traffic flow - standard adaptive signal timing in effect
EVT406613,2026-01-19 20:33:26,Local Market Day,J023,Basavanagudi,3790,Weekday,False,Clear,False,0.0,False,False,0.529,Moderate,23.3,42.9,258.1,0.186,0.429,0.964,Moderate traffic flow - standard adaptive signal timing in effect
EVT406614,2026-03-26 10:58:54,Religious Festival,J023,Basavanagudi,24159,Weekday,True,Clear,False,0.0,False,False,0.739,High,15.9,52.6,136.2,0.069,0.159,0.892,Festival crowd surge detected - alternate route and extended cycle recommended
EVT406615,2025-03-31 19:51:46,Religious Festival,J020,Malleshwaram Circle,134984,Weekday,True,Clear,False,0.0,False,True,1.0,Severe,7.3,104.6,740.7,0.219,0.507,0.824,Road closure for event/procession - full detour recommended for through-traffic
EVT406616,2025-06-23 19:46:22,Local Market Day,J012,Koramangala Sony World,3834,Weekday,False,Clear,False,0.0,False,False,0.777,Severe,19.0,56.1,174.2,0.117,0.271,0.985,Heavy congestion detected - signal timing extended and reroute suggested
EVT406617,2026-03-18 09:55:34,Sports Fixture,J020,Malleshwaram Circle,33526,Weekday,False,Clear,False,0.0,False,False,0.98,Severe,8.6,75.9,347.2,0.133,0.307,0.897,Heavy congestion detected - signal timing extended and reroute suggested
EVT406618,2026-01-05 16:29:55,Sports Fixture,J011,Indiranagar 100ft Road,26411,Weekday,False,Clear,False,0.0,False,False,0.709,High,17.1,53.3,313.2,0.19,0.439,0.988,Moderate traffic flow - standard adaptive signal timing in effect
EVT406619,2025-06-20 12:11:11,Local Market Day,J011,Indiranagar 100ft Road,3281,Weekday,False,Heavy Rain,True,32.3,False,False,0.581,High,20.8,42.8,271.6,0.183,0.423,0.906,Heavy rain reducing visibility and grip - reduced speed and longer buffer advised
EVT406620,2026-05-21 15:30:44,Concert,J031,Cubbon Road,13833,Weekday,False,Clear,False,0.0,False,False,0.337,Low,29.1,24.0,94.1,0.074,0.171,0.945,Moderate traffic flow - standard adaptive signal timing in effect
EVT406621,2026-03-16 08:43:56,Trade Fair,J031,Cubbon Road,18466,Weekday,False,Clear,False,0.0,False,False,1.0,Severe,8.3,71.9,492.1,0.188,0.435,0.944,Heavy congestion detected - signal timing extended and reroute suggested
EVT406622,2025-08-23 18:34:03,Local Market Day,J030,MG Road,7739,Weekend,False,Rain,True,19.0,False,False,1.0,Severe,7.9,70.4,830.9,0.261,0.602,0.875,Heavy rain reducing visibility and grip - reduced speed and longer buffer advised
EVT406623,2025-04-11 10:34:58,Local Market Day,J012,Koramangala Sony World,3476,Weekday,False,Rain,True,9.9,False,False,0.624,High,14.2,35.3,261.8,0.108,0.249,0.902,Heavy rain reducing visibility and grip - reduced speed and longer buffer advised
EVT406624,2025-04-15 18:25:44,Religious Festival,J040,City Market,52413,Weekday,True,Clear,False,0.0,False,False,1.0,Severe,7.7,67.0,496.9,0.171,0.394,0.835,Festival crowd surge detected - alternate route and extended cycle recommended
EVT406625,2025-11-17 17:22:36,Trade Fair,J020,Malleshwaram Circle,13623,Weekday,False,Rain,True,12.9,False,False,1.0,Severe,6.1,74.1,426.1,0.114,0.263,0.871,Heavy rain reducing visibility and grip - reduced speed and longer buffer advised
EVT406626,2026-04-20 19:20:41,Sports Fixture,J011,Indiranagar 100ft Road,14168,Weekday,False,Clear,False,0.0,False,False,0.92,Severe,12.4,63.2,395.2,0.183,0.423,0.937,Heavy congestion detected - signal timing extended and reroute suggested
EVT406627,2025-03-01 17:47:34,Local Market Day,J040,City Market,5794,Weekend,False,Clear,False,0.0,False,False,0.88,Severe,13.9,59.4,423.8,0.2,0.461,0.965,Heavy congestion detected - signal timing extended and reroute suggested
EVT406628,2026-05-13 17:35:34,Trade Fair,J030,MG Road,8596,Weekday,False,Clear,False,0.0,False,False,0.877,Severe,12.2,65.9,179.5,0.087,0.201,0.928,Heavy congestion detected - signal timing extended and reroute suggested
EVT406629,2026-05-07 16:14:20,Sports Fixture,J009,Majestic,44193,Weekday,False,Clear,False,0.0,False,False,0.737,High,17.8,50.5,251.1,0.159,0.367,0.944,Moderate traffic flow - standard adaptive signal timing in effect
EVT406630,2025-10-04 13:47:14,Political Rally,J023,Basavanagudi,21764,Weekend,False,Fog,False,0.0,False,False,0.384,Moderate,19.0,30.4,204.0,0.126,0.291,0.964,Moderate traffic flow - standard adaptive signal timing in effect
EVT406631,2025-03-05 18:30:00,Sports Fixture,J009,Majestic,20344,Weekday,False,Clear,False,0.0,False,False,1.0,Severe,7.7,72.5,689.2,0.212,0.49,0.915,Heavy congestion detected - signal timing extended and reroute suggested
EVT406632,2025-07-09 20:03:34,Local Market Day,J020,Malleshwaram Circle,4595,Weekday,False,Rain,True,20.3,True,False,1.0,Severe,10.9,73.9,376.1,0.164,0.378,0.685,Accident detected nearby - reroute and reduced speed advised
EVT406633,2025-06-28 11:36:33,Concert,J040,City Market,9325,Weekend,False,Heavy Rain,True,39.5,False,False,0.672,High,20.2,45.2,257.5,0.166,0.382,0.877,Heavy rain reducing visibility and grip - reduced speed and longer buffer advised
EVT406634,2025-07-20 20:35:40,Local Market Day,J040,City Market,3335,Weekend,False,Heavy Rain,True,38.9,False,False,0.909,Severe,6.8,64.4,863.7,0.222,0.512,0.903,Heavy rain reducing visibility and grip - reduced speed and longer buffer advised
EVT406635,2025-02-15 21:50:44,Local Market Day,J009,Majestic,3338,Weekend,False,Clear,False,0.0,False,False,0.292,Low,26.3,14.5,82.6,0.063,0.145,0.977,Moderate traffic flow - standard adaptive signal timing in effect
EVT406636,2025-11-15 15:54:30,Concert,J031,Cubbon Road,12298,Weekend,False,Clear,False,0.0,False,False,0.56,High,20.3,38.7,309.8,0.188,0.434,0.99,Moderate traffic flow - standard adaptive signal timing in effect
EVT406637,2025-02-15 10:10:44,Trade Fair,J031,Cubbon Road,10476,Weekend,False,Clear,False,0.0,False,False,0.67,High,16.2,48.2,435.2,0.219,0.506,0.977,Moderate traffic flow - standard adaptive signal timing in effect
EVT406638,2025-10-21 18:47:32,Religious Festival,J020,Malleshwaram Circle,50815,Weekday,True,Clear,False,0.0,False,True,1.0,Severe,8.5,106.0,461.8,0.172,0.398,0.815,Road closure for event/procession - full detour recommended for through-traffic
EVT406639,2025-09-24 17:45:32,Trade Fair,J040,City Market,5871,Weekday,False,Clear,False,0.0,False,False,0.99,Severe,10.6,72.7,296.5,0.128,0.296,0.928,Heavy congestion detected - signal timing extended and reroute suggested
EVT406640,2025-04-19 08:11:57,Trade Fair,J011,Indiranagar 100ft Road,8707,Weekend,False,Clear,False,0.0,False,False,0.779,Severe,19.4,50.4,181.5,0.124,0.287,0.952,Heavy congestion detected - signal timing extended and reroute suggested
EVT406641,2025-04-08 09:26:17,Local Market Day,J030,MG Road,3320,Weekday,False,Fog,False,0.0,False,False,0.967,Severe,9.4,70.2,839.6,0.306,0.707,0.947,Heavy congestion detected - signal timing extended and reroute suggested
EVT406642,2025-10-20 14:56:42,Cultural Procession,J020,Malleshwaram Circle,14388,Weekday,True,Rain,True,19.4,False,False,0.656,High,22.2,43.4,329.6,0.219,0.507,0.877,Festival crowd surge detected - alternate route and extended cycle recommended
EVT406643,2026-03-11 16:04:00,Local Market Day,J009,Majestic,3488,Weekday,False,Clear,False,0.0,False,False,0.491,Moderate,24.1,34.4,140.3,0.098,0.227,0.98,Moderate traffic flow - standard adaptive signal timing in effect
EVT406644,2025-05-05 12:22:01,Local Market Day,J023,Basavanagudi,2863,Weekday,False,Clear,False,0.0,False,False,0.217,Low,31.0,12.3,147.3,0.117,0.269,0.943,Normal free-flow traffic - standard signal timing maintained
EVT406645,2025-08-19 17:00:50,Trade Fair,J031,Cubbon Road,10670,Weekday,False,Heavy Rain,True,77.3,False,False,1.0,Severe,8.9,70.3,662.9,0.231,0.534,0.849,Heavy rain reducing visibility and grip - reduced speed and longer buffer advised
EVT406646,2025-05-09 16:06:41,Local Market Day,J031,Cubbon Road,5465,Weekday,False,Fog,False,0.0,False,False,0.482,Moderate,25.6,38.2,222.5,0.145,0.335,0.946,Moderate traffic flow - standard adaptive signal timing in effect
EVT406647,2026-04-09 08:06:12,Local Market Day,J031,Cubbon Road,5456,Weekday,False,Clear,False,0.0,False,False,0.848,Severe,12.2,61.8,443.4,0.211,0.487,0.956,Heavy congestion detected - signal timing extended and reroute suggested
EVT406648,2025-11-12 15:55:22,Trade Fair,J040,City Market,13338,Weekday,False,Clear,False,0.0,False,False,0.544,Moderate,24.9,40.5,263.7,0.2,0.461,0.961,Moderate traffic flow - standard adaptive signal timing in effect
EVT406649,2026-03-22 08:47:24,Trade Fair,J009,Majestic,12071,Weekend,False,Clear,False,0.0,False,False,0.953,Severe,9.7,70.8,392.6,0.161,0.373,0.925,Heavy congestion detected - signal timing extended and reroute suggested
EVT406650,2025-01-31 07:38:21,Local Market Day,J009,Majestic,3844,Weekday,False,Clear,False,0.0,False,False,0.653,High,22.6,50.1,99.4,0.07,0.161,0.989,Moderate traffic flow - standard adaptive signal timing in effect
EVT406651,2026-03-20 13:28:57,Religious Festival,J011,Indiranagar 100ft Road,26124,Weekday,True,Clear,False,0.0,False,False,0.504,Moderate,25.3,37.0,299.8,0.216,0.498,0.916,Festival crowd surge detected - alternate route and extended cycle recommended
EVT406652,2025-02-25 07:12:13,Sports Fixture,J009,Majestic,22680,Weekday,False,Clear,False,0.0,False,False,0.53,Moderate,19.7,36.9,152.5,0.093,0.214,0.962,Moderate traffic flow - standard adaptive signal timing in effect
EVT406653,2025-03-30 17:08:34,Cultural Procession,J011,Indiranagar 100ft Road,24814,Weekend,True,Clear,False,0.0,False,True,1.0,Severe,9.4,98.0,421.6,0.15,0.347,0.84,Road closure for event/procession - full detour recommended for through-traffic
EVT406654,2025-04-19 15:28:54,Trade Fair,J009,Majestic,13986,Weekend,False,Clear,False,0.0,False,False,0.435,Moderate,29.2,29.9,229.3,0.184,0.425,0.99,Moderate traffic flow - standard adaptive signal timing in effect
EVT406655,2025-09-04 08:32:35,Local Market Day,J031,Cubbon Road,3109,Weekday,False,Rain,True,17.9,False,False,1.0,Severe,7.8,65.6,684.0,0.197,0.456,0.87,Heavy rain reducing visibility and grip - reduced speed and longer buffer advised
EVT406656,2025-05-08 13:35:03,Concert,J023,Basavanagudi,20593,Weekday,False,Fog,False,0.0,False,False,0.388,Moderate,30.9,33.0,128.5,0.1,0.232,0.96,Moderate traffic flow - standard adaptive signal timing in effect
EVT406657,2025-11-01 07:55:58,Cultural Procession,J031,Cubbon Road,14379,Weekend,True,Clear,False,0.0,False,True,1.0,Severe,6.9,101.2,963.4,0.273,0.631,0.81,Road closure for event/procession - full detour recommended for through-traffic
EVT406658,2026-06-03 08:40:13,Trade Fair,J031,Cubbon Road,14001,Weekday,False,Light Rain,True,5.7,False,False,1.0,Severe,9.6,76.1,502.7,0.196,0.453,0.863,Heavy rain reducing visibility and grip - reduced speed and longer buffer advised
EVT406659,2026-01-26 18:43:20,Religious Festival,J040,City Market,46722,Weekday,True,Clear,False,0.0,False,True,1.0,Severe,8.6,96.0,662.6,0.239,0.552,0.852,Road closure for event/procession - full detour recommended for through-traffic
EVT406660,2025-02-10 05:52:32,Sports Fixture,J040,City Market,19448,Weekday,False,Fog,False,0.0,False,False,0.231,Low,28.9,15.0,248.0,0.179,0.412,0.956,Normal free-flow traffic - standard signal timing maintained
EVT406661,2025-09-16 16:28:40,Sports Fixture,J011,Indiranagar 100ft Road,15046,Weekday,False,Fog,False,0.0,False,False,0.604,High,18.8,51.0,318.1,0.212,0.491,0.961,Moderate traffic flow - standard adaptive signal timing in effect
EVT406662,2025-08-21 20:05:25,Sports Fixture,J031,Cubbon Road,17156,Weekday,False,Heavy Rain,True,49.1,False,False,1.0,Severe,8.8,68.8,317.6,0.122,0.281,0.868,Heavy rain reducing visibility and grip - reduced speed and longer buffer advised
EVT406663,2026-03-12 20:49:17,Sports Fixture,J011,Indiranagar 100ft Road,16085,Weekday,False,Clear,False,0.0,False,False,0.545,Moderate,21.5,40.6,211.6,0.148,0.342,0.957,Moderate traffic flow - standard adaptive signal timing in effect
EVT406664,2025-10-15 18:01:56,Trade Fair,J012,Koramangala Sony World,3484,Weekday,False,Clear,False,0.0,False,False,0.94,Severe,9.1,71.8,543.9,0.184,0.426,0.929,Heavy congestion detected - signal timing extended and reroute suggested
EVT406665,2025-11-23 11:40:07,Local Market Day,J023,Basavanagudi,4456,Weekend,False,Light Rain,True,5.7,False,False,0.377,Moderate,27.1,31.6,158.4,0.1,0.232,0.942,Light rain detected - minor speed reduction advised
EVT406666,2025-08-31 18:45:58,Concert,J030,MG Road,6720,Weekend,False,Heavy Rain,True,36.1,False,False,1.0,Severe,8.6,66.7,724.5,0.272,0.628,0.855,Heavy rain reducing visibility and grip - reduced speed and longer buffer advised
EVT406667,2025-04-01 10:04:54,Concert,J031,Cubbon Road,11857,Weekday,False,Clear,False,0.0,False,False,0.89,Severe,13.0,58.8,446.6,0.201,0.464,0.925,Heavy congestion detected - signal timing extended and reroute suggested
EVT406668,2026-03-05 07:20:08,Fireworks Display,J030,MG Road,12989,Weekday,True,Light Rain,True,2.3,False,False,0.834,Severe,15.7,62.1,520.6,0.29,0.67,0.84,Festival crowd surge detected - alternate route and extended cycle recommended
EVT406669,2025-11-29 16:51:47,Concert,J020,Malleshwaram Circle,14747,Weekend,False,Clear,False,0.0,False,False,0.652,High,21.3,48.9,266.4,0.182,0.421,0.969,Moderate traffic flow - standard adaptive signal timing in effect
EVT406670,2025-11-27 19:39:26,Trade Fair,J023,Basavanagudi,7744,Weekday,False,Clear,False,0.0,False,False,0.837,Severe,14.7,67.4,254.0,0.139,0.322,0.944,Heavy congestion detected - signal timing extended and reroute suggested
EVT406671,2026-02-19 18:47:23,Local Market Day,J012,Koramangala Sony World,3582,Weekday,False,Clear,False,0.0,False,False,1.0,Severe,12.0,70.9,330.6,0.163,0.377,0.907,Heavy congestion detected - signal timing extended and reroute suggested
EVT406672,2025-07-05 13:02:47,Sports Fixture,J023,Basavanagudi,12070,Weekend,False,Rain,True,18.3,False,False,0.531,Moderate,23.1,40.0,310.3,0.236,0.544,0.93,Light rain detected - minor speed reduction advised
EVT406673,2025-05-18 18:23:46,Concert,J011,Indiranagar 100ft Road,6797,Weekend,False,Heavy Rain,True,29.4,False,False,1.0,Severe,8.5,74.8,800.4,0.28,0.647,0.853,Heavy rain reducing visibility and grip - reduced speed and longer buffer advised
EVT406674,2025-11-01 07:23:30,Religious Festival,J009,Majestic,40324,Weekend,True,Clear,False,0.0,False,True,1.0,Severe,8.7,107.3,512.8,0.183,0.423,0.84,Road closure for event/procession - full detour recommended for through-traffic
EVT406675,2025-11-14 16:12:50,Concert,J030,MG Road,7119,Weekday,False,Clear,False,0.0,False,False,0.5,Moderate,26.4,35.9,152.7,0.104,0.241,0.962,Moderate traffic flow - standard adaptive signal timing in effect
EVT406676,2025-07-19 18:02:14,Local Market Day,J012,Koramangala Sony World,4082,Weekend,False,Rain,True,21.8,False,False,1.0,Severe,6.3,70.2,702.3,0.198,0.457,0.867,Heavy rain reducing visibility and grip - reduced speed and longer buffer advised
EVT406677,2025-03-10 02:01:39,Trade Fair,J012,Koramangala Sony World,10592,Weekday,False,Clear,False,0.0,False,False,0.191,Low,40.5,11.7,126.5,0.143,0.331,0.967,Normal free-flow traffic - standard signal timing maintained
EVT406678,2025-04-22 09:47:33,Sports Fixture,J023,Basavanagudi,40926,Weekday,False,Clear,False,0.0,False,False,1.0,Severe,9.4,71.9,190.0,0.082,0.189,0.918,Heavy congestion detected - signal timing extended and reroute suggested
EVT406679,2025-03-17 08:34:37,Trade Fair,J040,City Market,14612,Weekday,False,Clear,False,0.0,False,False,1.0,Severe,8.2,69.2,506.9,0.19,0.439,0.906,Heavy congestion detected - signal timing extended and reroute suggested
EVT406680,2026-01-23 09:45:53,Local Market Day,J030,MG Road,2441,Weekday,False,Clear,False,0.0,False,False,0.871,Severe,16.0,63.8,377.7,0.209,0.483,0.946,Heavy congestion detected - signal timing extended and reroute suggested
EVT406681,2025-06-16 15:44:37,Sports Fixture,J031,Cubbon Road,37056,Weekday,False,Heavy Rain,True,35.9,False,False,0.943,Severe,10.4,68.8,512.2,0.213,0.493,0.885,Heavy rain reducing visibility and grip - reduced speed and longer buffer advised
EVT406682,2025-09-06 18:06:45,Religious Festival,J020,Malleshwaram Circle,59105,Weekend,True,Clear,False,0.0,False,True,1.0,Severe,9.7,96.4,354.4,0.159,0.367,0.848,Road closure for event/procession - full detour recommended for through-traffic
EVT406683,2025-10-31 21:14:31,Sports Fixture,J040,City Market,18867,Weekday,False,Clear,False,0.0,False,False,0.465,Moderate,31.3,32.3,132.7,0.12,0.277,0.971,Moderate traffic flow - standard adaptive signal timing in effect
EVT406684,2026-03-12 08:54:40,Trade Fair,J020,Malleshwaram Circle,15829,Weekday,False,Clear,False,0.0,False,False,1.0,Severe,7.7,69.7,600.8,0.182,0.42,0.908,Heavy congestion detected - signal timing extended and reroute suggested
EVT406685,2026-03-05 19:19:31,Religious Festival,J009,Majestic,39318,Weekday,True,Clear,False,0.0,False,False,1.0,Severe,8.3,68.3,323.9,0.119,0.274,0.885,Festival crowd surge detected - alternate route and extended cycle recommended
EVT406686,2025-01-12 18:14:44,Sports Fixture,J023,Basavanagudi,16464,Weekend,False,Clear,False,0.0,False,False,1.0,Severe,7.8,74.2,649.2,0.217,0.502,0.911,Heavy congestion detected - signal timing extended and reroute suggested
EVT406687,2026-01-30 06:55:24,Concert,J020,Malleshwaram Circle,28861,Weekday,False,Clear,False,0.0,False,False,0.564,High,21.5,36.4,167.8,0.097,0.223,0.966,Moderate traffic flow - standard adaptive signal timing in effect
EVT406688,2025-03-31 18:56:55,Religious Festival,J031,Cubbon Road,82187,Weekday,True,Clear,False,0.0,False,False,1.0,Severe,9.3,69.5,312.1,0.144,0.334,0.864,Festival crowd surge detected - alternate route and extended cycle recommended
EVT406689,2026-01-23 14:49:01,Local Market Day,J011,Indiranagar 100ft Road,4370,Weekday,False,Light Rain,True,4.7,False,False,0.326,Low,21.6,23.4,228.4,0.118,0.273,0.883,Light rain detected - minor speed reduction advised
EVT406690,2025-05-17 21:52:11,Concert,J031,Cubbon Road,10727,Weekend,False,Light Rain,True,3.0,False,False,0.533,Moderate,24.0,32.7,172.8,0.131,0.302,0.926,Light rain detected - minor speed reduction advised
EVT406691,2025-03-01 16:00:34,Political Rally,J020,Malleshwaram Circle,11274,Weekend,False,Clear,False,0.0,False,False,0.472,Moderate,21.0,33.5,202.2,0.147,0.34,0.965,Moderate traffic flow - standard adaptive signal timing in effect
EVT406692,2025-04-28 15:49:37,Sports Fixture,J009,Majestic,17969,Weekday,False,Clear,False,0.0,False,False,0.465,Moderate,26.7,33.0,156.7,0.106,0.246,0.958,Moderate traffic flow - standard adaptive signal timing in effect
EVT406693,2025-03-15 08:27:34,Religious Festival,J040,City Market,68952,Weekend,True,Clear,False,0.0,False,True,1.0,Severe,7.5,99.5,839.8,0.272,0.628,0.825,Road closure for event/procession - full detour recommended for through-traffic
EVT406694,2025-12-26 17:46:55,Religious Festival,J030,MG Road,50631,Weekday,True,Clear,False,0.0,False,True,1.0,Severe,7.5,99.1,562.7,0.176,0.407,0.829,Road closure for event/procession - full detour recommended for through-traffic
EVT406695,2026-04-02 12:42:32,Local Market Day,J023,Basavanagudi,4234,Weekday,False,Clear,False,0.0,False,False,0.173,Low,29.0,11.3,189.7,0.131,0.302,0.957,Normal free-flow traffic - standard signal timing maintained
EVT406696,2026-02-25 09:16:53,Local Market Day,J040,City Market,5743,Weekday,False,Clear,False,0.0,False,False,1.0,Severe,8.3,72.1,565.0,0.203,0.469,0.906,Heavy congestion detected - signal timing extended and reroute suggested
EVT406697,2025-05-27 17:45:25,Trade Fair,J012,Koramangala Sony World,10040,Weekday,False,Clear,False,0.0,False,False,0.962,Severe,10.4,74.5,563.3,0.237,0.548,0.892,Heavy congestion detected - signal timing extended and reroute suggested
EVT406698,2025-06-30 17:05:22,Trade Fair,J023,Basavanagudi,17662,Weekday,False,Clear,False,0.0,False,False,0.808,Severe,13.5,54.1,459.5,0.213,0.493,0.976,Heavy congestion detected - signal timing extended and reroute suggested
EVT406699,2025-12-27 09:05:05,Trade Fair,J031,Cubbon Road,7420,Weekend,False,Clear,False,0.0,False,False,0.93,Severe,10.5,70.9,351.3,0.14,0.324,0.938,Heavy congestion detected - signal timing extended and reroute suggested
EVT406700,2025-06-07 08:48:36,Concert,J012,Koramangala Sony World,12718,Weekend,False,Heavy Rain,True,28.8,True,False,1.0,Severe,7.1,70.3,323.3,0.094,0.217,0.711,Accident detected nearby - reroute and reduced speed advised
EVT406701,2025-11-17 06:14:22,Trade Fair,J011,Indiranagar 100ft Road,11546,Weekday,False,Clear,False,0.0,False,False,0.303,Low,24.6,20.6,64.1,0.054,0.125,0.957,Moderate traffic flow - standard adaptive signal timing in effect
EVT406702,2025-10-10 07:09:08,Sports Fixture,J009,Majestic,9022,Weekday,False,Clear,False,0.0,False,False,0.561,High,23.1,36.4,266.9,0.192,0.444,0.949,Moderate traffic flow - standard adaptive signal timing in effect
EVT406703,2025-12-20 19:25:58,Political Rally,J012,Koramangala Sony World,9579,Weekend,False,Clear,False,0.0,False,False,0.79,Severe,16.1,56.8,314.5,0.165,0.382,0.955,Heavy congestion detected - signal timing extended and reroute suggested
EVT406704,2025-05-14 18:25:33,Sports Fixture,J020,Malleshwaram Circle,15797,Weekday,False,Clear,False,0.0,False,False,1.0,Severe,9.0,69.4,318.2,0.127,0.293,0.927,Heavy congestion detected - signal timing extended and reroute suggested
EVT406705,2026-01-02 05:55:00,Religious Festival,J020,Malleshwaram Circle,32792,Weekday,True,Fog,False,0.0,False,True,0.803,High,13.4,78.3,557.5,0.264,0.609,0.889,Road closure for event/procession - full detour recommended for through-traffic
EVT406706,2025-07-10 19:24:57,Local Market Day,J040,City Market,4458,Weekday,False,Clear,False,0.0,False,False,0.995,Severe,7.0,72.6,454.3,0.153,0.353,0.905,Heavy congestion detected - signal timing extended and reroute suggested
EVT406707,2025-11-07 08:32:20,Sports Fixture,J040,City Market,22334,Weekday,False,Clear,False,0.0,False,False,1.0,Severe,7.6,75.1,587.9,0.192,0.443,0.897,Heavy congestion detected - signal timing extended and reroute suggested
EVT406708,2025-12-26 10:26:41,Fireworks Display,J030,MG Road,24930,Weekday,True,Clear,False,0.0,False,False,0.916,Severe,10.4,63.4,448.6,0.186,0.431,0.889,Festival crowd surge detected - alternate route and extended cycle recommended
EVT406709,2026-03-23 15:00:02,Local Market Day,J009,Majestic,3334,Weekday,False,Clear,False,0.0,False,False,0.194,Low,28.2,18.4,146.5,0.101,0.233,0.964,Normal free-flow traffic - standard signal timing maintained
EVT406710,2025-06-03 09:09:15,Local Market Day,J009,Majestic,4600,Weekday,False,Clear,False,0.0,False,False,0.926,Severe,12.0,62.5,250.5,0.131,0.303,0.947,Heavy congestion detected - signal timing extended and reroute suggested
EVT406711,2026-01-01 16:16:29,Fireworks Display,J020,Malleshwaram Circle,27078,Weekday,True,Fog,False,0.0,False,False,0.755,Severe,14.8,58.9,497.4,0.259,0.599,0.902,Festival crowd surge detected - alternate route and extended cycle recommended
EVT406712,2026-04-24 06:00:00,Concert,J030,MG Road,13048,Weekday,False,Clear,False,0.0,False,False,0.276,Low,29.8,15.8,155.4,0.137,0.316,0.958,Moderate traffic flow - standard adaptive signal timing in effect
EVT406713,2025-04-22 21:27:14,Sports Fixture,J012,Koramangala Sony World,15917,Weekday,False,Clear,False,0.0,False,False,0.407,Moderate,28.1,28.5,249.6,0.212,0.491,0.964,Moderate traffic flow - standard adaptive signal timing in effect
EVT406714,2025-03-22 18:17:53,Trade Fair,J023,Basavanagudi,15073,Weekend,False,Clear,False,0.0,False,False,0.956,Severe,7.3,65.2,518.5,0.153,0.353,0.93,Heavy congestion detected - signal timing extended and reroute suggested
EVT406715,2026-04-14 17:17:50,Religious Festival,J023,Basavanagudi,54781,Weekday,True,Clear,False,0.0,False,False,1.0,Severe,7.6,70.1,770.8,0.228,0.527,0.867,Festival crowd surge detected - alternate route and extended cycle recommended
EVT406716,2026-05-24 20:40:32,Sports Fixture,J011,Indiranagar 100ft Road,13749,Weekend,False,Clear,False,0.0,False,False,0.538,Moderate,21.3,39.5,186.8,0.126,0.29,0.97,Moderate traffic flow - standard adaptive signal timing in effect
EVT406717,2025-07-03 20:36:52,Concert,J030,MG Road,6851,Weekday,False,Heavy Rain,True,54.5,False,False,0.904,Severe,10.3,60.8,529.7,0.217,0.501,0.897,Heavy rain reducing visibility and grip - reduced speed and longer buffer advised
EVT406718,2025-08-04 10:36:43,Local Market Day,J030,MG Road,4557,Weekday,False,Heavy Rain,True,50.4,False,False,0.937,Severe,10.0,67.8,388.8,0.161,0.371,0.899,Heavy rain reducing visibility and grip - reduced speed and longer buffer advised
EVT406719,2025-05-19 01:38:45,Trade Fair,J030,MG Road,14414,Weekday,False,Clear,False,0.0,False,False,0.244,Low,28.3,12.7,203.9,0.17,0.393,0.99,Normal free-flow traffic - standard signal timing maintained
EVT406720,2025-04-30 17:05:17,Local Market Day,J040,City Market,4790,Weekday,False,Rain,True,12.2,False,False,0.943,Severe,9.8,62.9,471.8,0.181,0.418,0.857,Heavy rain reducing visibility and grip - reduced speed and longer buffer advised
EVT406721,2025-05-26 17:54:42,Concert,J031,Cubbon Road,10436,Weekday,False,Clear,False,0.0,False,False,1.0,Severe,8.5,65.0,473.0,0.167,0.387,0.907,Heavy congestion detected - signal timing extended and reroute suggested
EVT406722,2026-01-03 10:49:50,Sports Fixture,J020,Malleshwaram Circle,21113,Weekend,False,Fog,False,0.0,False,False,0.652,High,20.6,51.2,180.0,0.11,0.254,0.99,Moderate traffic flow - standard adaptive signal timing in effect
EVT406723,2025-05-15 10:20:33,Trade Fair,J011,Indiranagar 100ft Road,10606,Weekday,False,Rain,True,18.5,False,False,0.921,Severe,10.2,67.0,644.5,0.248,0.572,0.859,Heavy rain reducing visibility and grip - reduced speed and longer buffer advised
EVT406724,2025-05-20 09:36:10,Concert,J009,Majestic,7937,Weekday,False,Clear,False,0.0,False,False,0.942,Severe,10.0,64.8,388.1,0.17,0.393,0.932,Heavy congestion detected - signal timing extended and reroute suggested
EVT406725,2025-07-06 14:46:31,Trade Fair,J011,Indiranagar 100ft Road,15034,Weekend,False,Heavy Rain,True,31.9,False,False,0.726,High,15.0,50.8,179.8,0.087,0.2,0.918,Heavy rain reducing visibility and grip - reduced speed and longer buffer advised
EVT406726,2025-12-24 19:40:37,Concert,J031,Cubbon Road,8989,Weekday,False,Clear,False,0.0,False,False,0.788,Severe,15.9,52.4,330.7,0.209,0.484,0.971,Heavy congestion detected - signal timing extended and reroute suggested
EVT406727,2025-06-03 18:13:28,Concert,J040,City Market,21143,Weekday,False,Heavy Rain,True,26.0,False,False,1.0,Severe,7.2,72.8,425.7,0.152,0.352,0.845,Heavy rain reducing visibility and grip - reduced speed and longer buffer advised
EVT406728,2026-02-15 11:04:07,Political Rally,J009,Majestic,9710,Weekend,False,Clear,False,0.0,False,False,0.493,Moderate,25.7,32.0,218.8,0.167,0.386,0.986,Moderate traffic flow - standard adaptive signal timing in effect
EVT406729,2025-12-14 12:17:56,Local Market Day,J009,Majestic,3061,Weekend,False,Clear,False,0.0,False,False,0.196,Low,30.0,18.5,182.1,0.142,0.329,0.956,Normal free-flow traffic - standard signal timing maintained
EVT406730,2025-03-01 17:14:19,Sports Fixture,J012,Koramangala Sony World,20319,Weekend,False,Clear,False,0.0,False,False,0.86,Severe,12.8,61.7,398.5,0.185,0.427,0.956,Heavy congestion detected - signal timing extended and reroute suggested
EVT406731,2025-03-17 09:25:21,Local Market Day,J020,Malleshwaram Circle,2799,Weekday,False,Clear,False,0.0,False,False,1.0,Severe,10.2,68.5,211.4,0.09,0.207,0.924,Heavy congestion detected - signal timing extended and reroute suggested
EVT406732,2025-05-03 17:20:14,Sports Fixture,J040,City Market,23236,Weekend,False,Rain,True,22.9,False,False,1.0,Severe,7.0,71.8,255.3,0.099,0.23,0.89,Heavy rain reducing visibility and grip - reduced speed and longer buffer advised
EVT406733,2025-10-05 17:40:27,Local Market Day,J020,Malleshwaram Circle,3636,Weekend,False,Clear,False,0.0,False,False,0.737,High,19.6,47.4,194.6,0.111,0.257,0.936,Moderate traffic flow - standard adaptive signal timing in effect
EVT406734,2026-03-14 18:56:48,Trade Fair,J030,MG Road,18382,Weekend,False,Clear,False,0.0,False,False,0.963,Severe,11.4,72.9,354.5,0.163,0.375,0.924,Heavy congestion detected - signal timing extended and reroute suggested
EVT406735,2026-01-22 20:44:19,Local Market Day,J023,Basavanagudi,3259,Weekday,False,Clear,False,0.0,False,False,0.513,Moderate,24.2,36.6,218.6,0.171,0.394,0.966,Moderate traffic flow - standard adaptive signal timing in effect
EVT406736,2026-05-22 19:02:56,Political Rally,J040,City Market,15519,Weekday,False,Clear,False,0.0,True,False,1.0,Severe,7.7,71.2,461.3,0.153,0.353,0.742,Accident detected nearby - reroute and reduced speed advised
EVT406737,2025-06-19 15:11:43,Local Market Day,J030,MG Road,4082,Weekday,False,Clear,False,0.0,False,False,0.248,Low,27.4,20.2,142.8,0.1,0.23,0.952,Normal free-flow traffic - standard signal timing maintained
EVT406738,2025-09-18 23:23:32,Local Market Day,J030,MG Road,6806,Weekday,False,Light Rain,True,7.0,False,False,0.331,Low,32.4,16.0,191.7,0.159,0.366,0.922,Light rain detected - minor speed reduction advised
EVT406739,2026-02-24 12:57:07,Local Market Day,J030,MG Road,3999,Weekday,False,Clear,False,0.0,False,False,0.223,Low,28.0,15.4,202.7,0.137,0.317,0.956,Normal free-flow traffic - standard signal timing maintained
EVT406740,2026-02-07 21:29:40,Sports Fixture,J031,Cubbon Road,27351,Weekend,False,Clear,False,0.0,False,False,0.471,Moderate,22.3,28.1,152.6,0.094,0.216,0.959,Moderate traffic flow - standard adaptive signal timing in effect
EVT406741,2025-11-26 21:49:59,Concert,J011,Indiranagar 100ft Road,10777,Weekday,False,Clear,False,0.0,False,False,0.314,Low,32.0,22.7,157.3,0.127,0.294,0.963,Moderate traffic flow - standard adaptive signal timing in effect
EVT406742,2025-10-15 19:36:20,Sports Fixture,J040,City Market,17986,Weekday,False,Clear,False,0.0,False,False,0.873,Severe,11.1,64.2,161.3,0.087,0.201,0.931,Heavy congestion detected - signal timing extended and reroute suggested
EVT406743,2026-05-18 19:13:42,Sports Fixture,J020,Malleshwaram Circle,16851,Weekday,False,Clear,False,0.0,False,False,1.0,Severe,9.7,74.6,430.5,0.195,0.45,0.902,Heavy congestion detected - signal timing extended and reroute suggested
EVT406744,2025-09-13 09:00:09,Sports Fixture,J023,Basavanagudi,20972,Weekend,False,Clear,False,0.0,False,False,1.0,Severe,6.2,74.1,666.8,0.193,0.445,0.902,Heavy congestion detected - signal timing extended and reroute suggested
EVT406745,2025-03-14 09:34:47,Religious Festival,J011,Indiranagar 100ft Road,50465,Weekday,True,Clear,False,0.0,False,True,1.0,Severe,8.8,109.7,415.2,0.157,0.363,0.834,Road closure for event/procession - full detour recommended for through-traffic
EVT406746,2026-02-16 08:25:52,Sports Fixture,J040,City Market,32598,Weekday,False,Fog,False,0.0,False,False,1.0,Severe,8.3,72.6,667.2,0.228,0.527,0.927,Heavy congestion detected - signal timing extended and reroute suggested
EVT406747,2026-05-29 18:53:15,Sports Fixture,J009,Majestic,33437,Weekday,False,Heavy Rain,True,37.5,False,False,1.0,Severe,9.0,78.2,693.3,0.258,0.597,0.839,Heavy rain reducing visibility and grip - reduced speed and longer buffer advised
EVT406748,2025-08-11 18:35:42,Sports Fixture,J009,Majestic,12462,Weekday,False,Heavy Rain,True,27.8,False,False,1.0,Severe,7.1,75.0,620.9,0.197,0.454,0.848,Heavy rain reducing visibility and grip - reduced speed and longer buffer advised
EVT406749,2025-01-21 18:23:09,Local Market Day,J011,Indiranagar 100ft Road,6836,Weekday,False,Clear,False,0.0,False,False,1.0,Severe,9.1,74.8,690.6,0.243,0.561,0.913,Heavy congestion detected - signal timing extended and reroute suggested
EVT406750,2025-09-30 15:46:27,Sports Fixture,J012,Koramangala Sony World,18828,Weekday,False,Clear,False,0.0,False,False,0.445,Moderate,29.8,32.8,89.7,0.072,0.166,0.969,Moderate traffic flow - standard adaptive signal timing in effect
EVT406751,2026-05-05 16:11:29,Concert,J020,Malleshwaram Circle,13463,Weekday,False,Clear,False,0.0,False,False,0.614,High,23.3,40.8,287.1,0.199,0.46,0.965,Moderate traffic flow - standard adaptive signal timing in effect
EVT406752,2026-04-02 12:45:12,Concert,J031,Cubbon Road,10844,Weekday,False,Clear,False,0.0,False,False,0.236,Low,32.9,16.3,131.7,0.116,0.267,0.961,Normal free-flow traffic - standard signal timing maintained
EVT406753,2025-02-24 17:40:41,Local Market Day,J023,Basavanagudi,5000,Weekday,False,Clear,False,0.0,False,False,0.904,Severe,15.0,65.9,285.6,0.156,0.361,0.955,Heavy congestion detected - signal timing extended and reroute suggested
EVT406754,2025-09-16 09:07:42,Local Market Day,J011,Indiranagar 100ft Road,3441,Weekday,False,Clear,False,0.0,False,False,1.0,Severe,7.5,71.1,602.2,0.198,0.458,0.911,Heavy congestion detected - signal timing extended and reroute suggested
EVT406755,2025-05-20 06:28:09,Sports Fixture,J040,City Market,26868,Weekday,False,Fog,False,0.0,False,False,0.415,Moderate,26.9,27.6,141.3,0.105,0.242,0.954,Moderate traffic flow - standard adaptive signal timing in effect
EVT406756,2025-01-21 08:49:54,Local Market Day,J012,Koramangala Sony World,3918,Weekday,False,Light Rain,True,2.9,False,False,1.0,Severe,9.0,68.3,530.6,0.194,0.448,0.854,Heavy rain reducing visibility and grip - reduced speed and longer buffer advised
EVT406757,2026-06-14 18:02:37,Sports Fixture,J011,Indiranagar 100ft Road,23946,Weekend,False,Heavy Rain,True,60.6,False,False,1.0,Severe,8.9,68.0,688.8,0.219,0.506,0.876,Heavy rain reducing visibility and grip - reduced speed and longer buffer advised
EVT406758,2026-05-02 09:05:46,Fireworks Display,J030,MG Road,19932,Weekend,True,Clear,False,0.0,False,False,1.0,Severe,8.7,70.3,303.0,0.12,0.278,0.855,Festival crowd surge detected - alternate route and extended cycle recommended
EVT406759,2025-03-19 15:13:59,Political Rally,J020,Malleshwaram Circle,25086,Weekday,False,Clear,False,0.0,False,False,0.419,Moderate,26.2,27.4,282.0,0.223,0.516,0.967,Moderate traffic flow - standard adaptive signal timing in effect
EVT406760,2025-02-01 20:40:31,Sports Fixture,J011,Indiranagar 100ft Road,21111,Weekend,False,Clear,False,0.0,False,False,0.617,High,23.9,43.2,404.4,0.28,0.646,0.967,Moderate traffic flow - standard adaptive signal timing in effect
EVT406761,2026-03-19 13:49:05,Religious Festival,J020,Malleshwaram Circle,95009,Weekday,True,Clear,False,0.0,False,True,0.987,Severe,9.1,95.1,413.3,0.16,0.369,0.844,Road closure for event/procession - full detour recommended for through-traffic
EVT406762,2026-04-03 19:26:03,Local Market Day,J012,Koramangala Sony World,4385,Weekday,False,Clear,False,0.0,False,False,0.891,Severe,10.6,61.7,765.6,0.286,0.66,0.927,Heavy congestion detected - signal timing extended and reroute suggested
EVT406763,2026-03-31 07:39:17,Concert,J020,Malleshwaram Circle,14302,Weekday,False,Clear,False,0.0,False,False,0.692,High,15.8,51.0,164.4,0.098,0.225,0.942,Moderate traffic flow - standard adaptive signal timing in effect
EVT406764,2026-04-12 10:58:31,Sports Fixture,J012,Koramangala Sony World,14726,Weekend,False,Clear,False,0.0,False,False,0.4,Moderate,24.6,26.9,178.7,0.126,0.292,0.978,Moderate traffic flow - standard adaptive signal timing in effect
EVT406765,2025-10-02 00:00:45,Religious Festival,J040,City Market,35412,Weekday,True,Clear,False,0.0,False,True,0.676,Moderate,20.1,70.1,122.5,0.082,0.189,0.9,Road closure for event/procession - full detour recommended for through-traffic
EVT406766,2025-02-28 18:59:28,Local Market Day,J020,Malleshwaram Circle,3971,Weekday,False,Clear,False,0.0,False,False,0.983,Severe,9.9,73.9,613.4,0.254,0.588,0.93,Heavy congestion detected - signal timing extended and reroute suggested
EVT406767,2025-03-01 16:29:58,Sports Fixture,J031,Cubbon Road,19425,Weekend,False,Clear,False,0.0,False,False,0.601,High,22.4,43.7,249.9,0.168,0.387,0.962,Moderate traffic flow - standard adaptive signal timing in effect
EVT406768,2025-10-20 12:26:51,Religious Festival,J040,City Market,59114,Weekday,True,Clear,False,0.0,False,True,0.939,Severe,8.1,94.2,629.3,0.214,0.493,0.87,Road closure for event/procession - full detour recommended for through-traffic
EVT406769,2025-08-15 15:10:31,Cultural Procession,J040,City Market,14136,Weekday,True,Rain,True,19.9,False,True,0.885,High,15.9,79.1,359.9,0.209,0.482,0.784,Road closure for event/procession - full detour recommended for through-traffic
EVT406770,2025-05-14 14:13:27,Sports Fixture,J023,Basavanagudi,25013,Weekday,False,Light Rain,True,7.1,False,False,0.363,Moderate,36.4,25.0,195.2,0.19,0.439,0.919,Light rain detected - minor speed reduction advised
EVT406771,2025-10-02 06:55:37,Fireworks Display,J011,Indiranagar 100ft Road,36070,Weekday,True,Rain,True,17.3,False,False,1.0,Severe,8.4,81.2,579.4,0.227,0.525,0.813,Festival crowd surge detected - alternate route and extended cycle recommended
EVT406772,2025-01-15 12:10:54,Cultural Procession,J012,Koramangala Sony World,18626,Weekday,True,Clear,False,0.0,False,True,0.625,Moderate,25.3,71.1,179.8,0.12,0.277,0.874,Road closure for event/procession - full detour recommended for through-traffic
EVT406773,2026-06-05 09:05:25,Sports Fixture,J023,Basavanagudi,16222,Weekday,False,Rain,True,15.0,False,False,1.0,Severe,8.5,67.9,595.4,0.201,0.464,0.891,Heavy rain reducing visibility and grip - reduced speed and longer buffer advised
EVT406774,2025-05-28 16:21:00,Trade Fair,J020,Malleshwaram Circle,13059,Weekday,False,Clear,False,0.0,False,False,0.54,Moderate,21.5,38.1,228.6,0.149,0.345,0.939,Moderate traffic flow - standard adaptive signal timing in effect
EVT406775,2025-04-07 19:42:32,Religious Festival,J009,Majestic,54187,Weekday,True,Light Rain,True,4.4,False,True,1.0,Severe,7.7,91.3,713.2,0.23,0.531,0.763,Road closure for event/procession - full detour recommended for through-traffic
EVT406776,2026-01-12 15:44:22,Concert,J031,Cubbon Road,14479,Weekday,False,Fog,False,0.0,False,False,0.485,Moderate,22.5,43.2,136.3,0.084,0.194,0.96,Moderate traffic flow - standard adaptive signal timing in effect
EVT406777,2025-05-31 07:40:49,Trade Fair,J011,Indiranagar 100ft Road,9051,Weekend,False,Clear,False,0.0,False,False,0.594,High,24.6,44.1,235.4,0.156,0.36,0.99,Moderate traffic flow - standard adaptive signal timing in effect
EVT406778,2026-01-11 12:15:00,Concert,J040,City Market,7344,Weekend,False,Clear,False,0.0,False,False,0.268,Low,22.8,22.0,250.5,0.148,0.342,0.95,Moderate traffic flow - standard adaptive signal timing in effect
EVT406779,2025-09-08 14:13:34,Sports Fixture,J009,Majestic,14589,Weekday,False,Heavy Rain,True,27.0,False,False,0.502,Moderate,26.3,31.5,103.3,0.082,0.189,0.91,Light rain detected - minor speed reduction advised
EVT406780,2026-05-30 18:13:09,Political Rally,J020,Malleshwaram Circle,13786,Weekend,False,Rain,True,20.5,False,False,1.0,Severe,10.3,70.8,524.5,0.223,0.514,0.854,Heavy rain reducing visibility and grip - reduced speed and longer buffer advised
EVT406781,2025-05-09 17:25:44,Trade Fair,J012,Koramangala Sony World,7127,Weekday,False,Clear,False,0.0,False,False,0.89,Severe,9.7,62.6,383.6,0.147,0.34,0.934,Heavy congestion detected - signal timing extended and reroute suggested
EVT406782,2025-07-12 16:35:02,Political Rally,J009,Majestic,16203,Weekend,False,Rain,True,12.3,False,False,0.809,Severe,16.6,52.3,456.2,0.247,0.571,0.861,Heavy rain reducing visibility and grip - reduced speed and longer buffer advised
EVT406783,2025-05-31 15:28:51,Concert,J030,MG Road,10124,Weekend,False,Clear,False,0.0,False,False,0.462,Moderate,33.1,39.8,161.0,0.124,0.286,0.979,Moderate traffic flow - standard adaptive signal timing in effect
EVT406784,2026-05-24 15:31:34,Concert,J023,Basavanagudi,16464,Weekend,False,Rain,True,17.3,False,False,0.583,High,21.2,42.7,279.2,0.177,0.41,0.94,Heavy rain reducing visibility and grip - reduced speed and longer buffer advised
EVT406785,2026-05-24 05:42:43,Concert,J011,Indiranagar 100ft Road,18453,Weekend,False,Clear,False,0.0,False,False,0.374,Moderate,31.1,31.0,184.0,0.138,0.318,0.969,Moderate traffic flow - standard adaptive signal timing in effect
EVT406786,2026-01-22 11:03:50,Local Market Day,J009,Majestic,2493,Weekday,False,Clear,False,0.0,False,False,0.418,Moderate,33.2,31.9,172.7,0.13,0.301,0.99,Moderate traffic flow - standard adaptive signal timing in effect
EVT406787,2025-03-18 13:32:37,Sports Fixture,J023,Basavanagudi,27547,Weekday,False,Clear,False,0.0,False,False,0.329,Low,31.0,22.4,185.3,0.154,0.355,0.953,Moderate traffic flow - standard adaptive signal timing in effect
EVT406788,2025-01-20 14:27:18,Sports Fixture,J009,Majestic,13539,Weekday,False,Clear,False,0.0,False,False,0.311,Low,29.8,20.4,183.0,0.158,0.366,0.969,Moderate traffic flow - standard adaptive signal timing in effect
EVT406789,2025-05-21 15:44:16,Local Market Day,J020,Malleshwaram Circle,3702,Weekday,False,Fog,False,0.0,False,False,0.385,Moderate,21.5,26.8,139.6,0.101,0.233,0.972,Moderate traffic flow - standard adaptive signal timing in effect
EVT406790,2025-08-11 23:08:56,Concert,J023,Basavanagudi,8042,Weekday,False,Clear,False,0.0,False,False,0.218,Low,30.7,15.4,125.6,0.108,0.249,0.959,Normal free-flow traffic - standard signal timing maintained
EVT406791,2025-09-11 08:09:03,Sports Fixture,J012,Koramangala Sony World,18142,Weekday,False,Heavy Rain,True,37.0,False,False,1.0,Severe,8.2,72.6,319.5,0.117,0.269,0.851,Heavy rain reducing visibility and grip - reduced speed and longer buffer advised
EVT406792,2026-02-28 10:55:29,Concert,J031,Cubbon Road,10821,Weekend,False,Clear,False,0.0,False,False,0.474,Moderate,30.4,37.0,196.6,0.145,0.334,0.964,Moderate traffic flow - standard adaptive signal timing in effect
EVT406793,2025-04-28 08:34:53,Local Market Day,J031,Cubbon Road,6488,Weekday,False,Clear,False,0.0,False,False,0.975,Severe,10.2,69.7,472.6,0.2,0.462,0.903,Heavy congestion detected - signal timing extended and reroute suggested
EVT406794,2025-03-25 14:51:01,Sports Fixture,J011,Indiranagar 100ft Road,16276,Weekday,False,Clear,False,0.0,False,False,0.281,Low,27.5,20.6,120.1,0.105,0.242,0.966,Moderate traffic flow - standard adaptive signal timing in effect
EVT406795,2026-04-17 22:30:40,Sports Fixture,J012,Koramangala Sony World,27603,Weekday,False,Clear,False,0.0,False,False,0.331,Low,26.0,25.2,172.2,0.125,0.29,0.98,Moderate traffic flow - standard adaptive signal timing in effect
EVT406796,2025-05-09 07:42:31,Sports Fixture,J011,Indiranagar 100ft Road,20037,Weekday,False,Clear,False,0.0,False,False,0.714,High,18.6,49.7,211.2,0.124,0.287,0.986,Moderate traffic flow - standard adaptive signal timing in effect
EVT406797,2025-04-03 17:00:46,Concert,J031,Cubbon Road,6047,Weekday,False,Clear,False,0.0,False,False,0.722,High,17.4,53.1,327.2,0.194,0.448,0.976,Moderate traffic flow - standard adaptive signal timing in effect
EVT406798,2026-02-19 19:13:29,Local Market Day,J011,Indiranagar 100ft Road,5546,Weekday,False,Clear,False,0.0,False,False,0.982,Severe,7.4,74.5,484.4,0.157,0.362,0.92,Heavy congestion detected - signal timing extended and reroute suggested
EVT406799,2025-10-04 16:48:01,Local Market Day,J020,Malleshwaram Circle,5115,Weekend,False,Rain,True,18.9,False,False,0.846,Severe,12.2,68.6,540.7,0.218,0.505,0.904,Heavy rain reducing visibility and grip - reduced speed and longer buffer advised
EVT406800,2026-01-07 08:23:33,Political Rally,J009,Majestic,14781,Weekday,False,Clear,False,0.0,False,False,0.997,Severe,9.8,68.9,361.8,0.146,0.337,0.91,Heavy congestion detected - signal timing extended and reroute suggested
EVT406801,2026-06-07 15:18:22,Concert,J011,Indiranagar 100ft Road,13455,Weekend,False,Clear,False,0.0,False,False,0.337,Low,25.7,23.7,129.6,0.091,0.21,0.978,Moderate traffic flow - standard adaptive signal timing in effect
EVT406802,2026-01-09 09:19:22,Concert,J031,Cubbon Road,6623,Weekday,False,Fog,False,0.0,False,False,1.0,Severe,7.4,69.4,565.7,0.203,0.47,0.901,Heavy congestion detected - signal timing extended and reroute suggested
EVT406803,2025-03-06 13:22:03,Concert,J030,MG Road,23840,Weekday,False,Clear,False,0.0,True,False,0.742,High,17.9,55.0,324.5,0.186,0.429,0.8,Accident detected nearby - reroute and reduced speed advised
EVT406804,2026-06-18 09:21:35,Local Market Day,J009,Majestic,5181,Weekday,False,Clear,False,0.0,False,False,0.905,Severe,10.7,62.0,570.9,0.227,0.524,0.959,Heavy congestion detected - signal timing extended and reroute suggested
EVT406805,2025-07-29 09:19:23,Concert,J011,Indiranagar 100ft Road,9293,Weekday,False,Clear,False,0.0,False,False,0.996,Severe,8.3,72.2,691.9,0.249,0.575,0.925,Heavy congestion detected - signal timing extended and reroute suggested
EVT406806,2025-09-11 18:50:59,Sports Fixture,J030,MG Road,22540,Weekday,False,Clear,False,0.0,False,False,1.0,Severe,8.3,72.7,363.3,0.131,0.303,0.904,Heavy congestion detected - signal timing extended and reroute suggested
EVT406807,2025-08-18 11:39:37,Trade Fair,J031,Cubbon Road,11061,Weekday,False,Rain,True,15.9,False,False,0.472,Moderate,28.4,37.8,186.3,0.153,0.353,0.897,Light rain detected - minor speed reduction advised
EVT406808,2025-09-25 16:23:37,Concert,J020,Malleshwaram Circle,8049,Weekday,False,Clear,False,0.0,False,False,0.532,Moderate,25.1,36.1,189.3,0.143,0.331,0.973,Moderate traffic flow - standard adaptive signal timing in effect
EVT406809,2025-10-24 08:12:00,Trade Fair,J011,Indiranagar 100ft Road,2753,Weekday,False,Clear,False,0.0,False,False,0.94,Severe,10.7,67.3,423.4,0.217,0.501,0.931,Heavy congestion detected - signal timing extended and reroute suggested
EVT406810,2026-04-19 18:46:08,Local Market Day,J020,Malleshwaram Circle,4814,Weekend,False,Clear,False,0.0,False,False,0.829,Severe,13.6,62.8,141.7,0.084,0.195,0.977,Heavy congestion detected - signal timing extended and reroute suggested
EVT406811,2025-09-29 22:17:43,Local Market Day,J030,MG Road,5055,Weekday,False,Clear,False,0.0,False,False,0.226,Low,35.9,19.3,246.5,0.221,0.51,0.99,Normal free-flow traffic - standard signal timing maintained
EVT406812,2025-04-14 13:56:48,Cultural Procession,J012,Koramangala Sony World,14605,Weekday,True,Clear,False,0.0,False,False,0.44,Moderate,18.5,25.7,385.1,0.21,0.485,0.897,Moderate traffic flow - standard adaptive signal timing in effect
EVT406813,2026-01-26 08:01:55,Religious Festival,J030,MG Road,38763,Weekday,True,Clear,False,0.0,False,True,1.0,Severe,9.4,98.7,397.7,0.174,0.403,0.819,Road closure for event/procession - full detour recommended for through-traffic
EVT406814,2025-10-08 11:24:31,Sports Fixture,J009,Majestic,24206,Weekday,False,Clear,False,0.0,False,False,0.334,Low,28.1,18.0,189.4,0.145,0.336,0.95,Moderate traffic flow - standard adaptive signal timing in effect
EVT406815,2025-02-04 11:49:11,Trade Fair,J012,Koramangala Sony World,10377,Weekday,False,Clear,False,0.0,False,False,0.236,Low,28.0,18.1,77.3,0.046,0.107,0.98,Normal free-flow traffic - standard signal timing maintained
EVT406816,2026-04-24 19:56:34,Sports Fixture,J031,Cubbon Road,49524,Weekday,False,Clear,False,0.0,False,False,1.0,Severe,11.0,73.1,216.4,0.1,0.232,0.901,Heavy congestion detected - signal timing extended and reroute suggested
EVT406817,2026-04-15 19:03:26,Cultural Procession,J030,MG Road,19581,Weekday,True,Clear,False,0.0,False,True,1.0,Severe,6.6,98.2,259.5,0.1,0.232,0.867,Road closure for event/procession - full detour recommended for through-traffic
EVT406818,2025-10-09 19:32:18,Sports Fixture,J031,Cubbon Road,22950,Weekday,False,Rain,True,9.7,False,False,1.0,Severe,7.5,70.4,461.3,0.17,0.392,0.859,Heavy rain reducing visibility and grip - reduced speed and longer buffer advised
EVT406819,2025-02-25 08:46:27,Political Rally,J030,MG Road,12302,Weekday,False,Clear,False,0.0,False,False,0.968,Severe,7.2,71.7,670.7,0.206,0.476,0.907,Heavy congestion detected - signal timing extended and reroute suggested
EVT406820,2025-05-17 12:42:26,Concert,J040,City Market,14791,Weekend,False,Rain,True,11.2,False,False,0.416,Moderate,29.9,34.7,271.9,0.231,0.533,0.928,Light rain detected - minor speed reduction advised
EVT406821,2025-04-26 19:50:28,Trade Fair,J040,City Market,9534,Weekend,False,Clear,False,0.0,False,False,0.693,High,21.5,39.5,230.2,0.175,0.404,0.976,Moderate traffic flow - standard adaptive signal timing in effect
EVT406822,2025-08-18 19:52:30,Concert,J030,MG Road,9790,Weekday,False,Heavy Rain,True,36.6,False,False,1.0,Severe,10.0,74.9,475.9,0.189,0.436,0.865,Heavy rain reducing visibility and grip - reduced speed and longer buffer advised
EVT406823,2025-12-30 11:11:10,Local Market Day,J009,Majestic,4107,Weekday,False,Clear,False,0.0,False,False,0.426,Moderate,24.3,29.8,155.7,0.098,0.227,0.962,Moderate traffic flow - standard adaptive signal timing in effect
EVT406824,2025-04-07 17:14:39,Religious Festival,J009,Majestic,29606,Weekday,True,Clear,False,0.0,False,False,1.0,Severe,7.9,73.4,392.9,0.144,0.333,0.885,Festival crowd surge detected - alternate route and extended cycle recommended
EVT406825,2025-02-25 18:35:05,Sports Fixture,J023,Basavanagudi,45497,Weekday,False,Clear,False,0.0,False,False,1.0,Severe,9.8,70.9,424.7,0.179,0.414,0.933,Heavy congestion detected - signal timing extended and reroute suggested
EVT406826,2026-02-12 15:22:29,Trade Fair,J023,Basavanagudi,4030,Weekday,False,Clear,False,0.0,False,False,0.236,Low,41.6,21.4,104.9,0.108,0.249,0.988,Normal free-flow traffic - standard signal timing maintained
EVT406827,2026-04-28 08:38:00,Trade Fair,J023,Basavanagudi,14450,Weekday,False,Clear,False,0.0,False,False,1.0,Severe,9.0,69.0,448.0,0.159,0.368,0.89,Heavy congestion detected - signal timing extended and reroute suggested
EVT406828,2025-12-21 17:08:24,Concert,J030,MG Road,13125,Weekend,False,Clear,False,0.0,False,False,0.75,Severe,17.2,51.1,292.7,0.187,0.432,0.971,Heavy congestion detected - signal timing extended and reroute suggested
EVT406829,2025-05-15 17:34:15,Local Market Day,J020,Malleshwaram Circle,5013,Weekday,False,Clear,False,0.0,False,False,0.882,Severe,11.8,63.7,615.7,0.266,0.614,0.949,Heavy congestion detected - signal timing extended and reroute suggested
EVT406830,2025-02-18 16:43:25,Concert,J040,City Market,14070,Weekday,False,Clear,False,0.0,False,False,0.732,High,20.2,57.7,215.1,0.142,0.328,0.956,Moderate traffic flow - standard adaptive signal timing in effect
EVT406831,2026-06-22 10:48:44,Local Market Day,J030,MG Road,4672,Weekday,False,Clear,False,0.0,False,False,0.448,Moderate,29.5,37.8,183.2,0.155,0.357,0.981,Moderate traffic flow - standard adaptive signal timing in effect
EVT406832,2026-04-24 13:45:06,Concert,J030,MG Road,18175,Weekday,False,Clear,False,0.0,False,False,0.222,Low,38.3,16.7,132.1,0.13,0.3,0.961,Normal free-flow traffic - standard signal timing maintained
EVT406833,2026-06-10 12:05:27,Local Market Day,J012,Koramangala Sony World,5551,Weekday,False,Rain,True,20.9,False,False,0.459,Moderate,28.0,38.2,190.3,0.164,0.379,0.907,Light rain detected - minor speed reduction advised
EVT406834,2026-02-17 16:11:58,Sports Fixture,J040,City Market,23334,Weekday,False,Clear,False,0.0,False,False,0.579,High,21.9,45.1,146.5,0.092,0.213,0.952,Moderate traffic flow - standard adaptive signal timing in effect
EVT406835,2025-01-09 12:03:51,Concert,J031,Cubbon Road,29635,Weekday,False,Clear,False,0.0,False,False,0.377,Moderate,23.5,23.4,225.0,0.158,0.366,0.947,Moderate traffic flow - standard adaptive signal timing in effect
EVT406836,2026-06-12 17:51:45,Political Rally,J031,Cubbon Road,23742,Weekday,False,Rain,True,13.3,False,False,1.0,Severe,7.1,68.8,432.5,0.155,0.359,0.874,Heavy rain reducing visibility and grip - reduced speed and longer buffer advised
EVT406837,2026-06-12 06:41:14,Local Market Day,J040,City Market,5298,Weekday,False,Clear,False,0.0,False,False,0.405,Moderate,29.5,27.7,130.1,0.119,0.275,0.963,Moderate traffic flow - standard adaptive signal timing in effect
EVT406838,2025-02-23 09:10:22,Sports Fixture,J009,Majestic,32486,Weekend,False,Clear,False,0.0,False,False,0.975,Severe,10.8,71.3,408.4,0.169,0.39,0.931,Heavy congestion detected - signal timing extended and reroute suggested
EVT406839,2025-03-26 13:32:44,Local Market Day,J023,Basavanagudi,3714,Weekday,False,Clear,False,0.0,False,False,0.217,Low,35.5,16.1,174.7,0.157,0.363,0.925,Normal free-flow traffic - standard signal timing maintained
EVT406840,2025-07-03 18:27:17,Political Rally,J009,Majestic,13956,Weekday,False,Clear,False,0.0,False,False,1.0,Severe,8.5,68.9,380.4,0.122,0.281,0.897,Heavy congestion detected - signal timing extended and reroute suggested
EVT406841,2025-05-27 06:22:31,Concert,J040,City Market,11879,Weekday,False,Rain,True,15.4,False,False,0.532,Moderate,26.1,36.9,276.3,0.203,0.469,0.92,Light rain detected - minor speed reduction advised
EVT406842,2025-09-27 21:40:26,Local Market Day,J012,Koramangala Sony World,6331,Weekend,False,Heavy Rain,True,28.9,False,False,0.63,High,21.5,41.4,202.6,0.139,0.322,0.892,Heavy rain reducing visibility and grip - reduced speed and longer buffer advised
EVT406843,2025-08-01 08:43:21,Concert,J009,Majestic,9976,Weekday,False,Clear,False,0.0,False,False,1.0,Severe,7.9,72.3,639.8,0.22,0.507,0.914,Heavy congestion detected - signal timing extended and reroute suggested
EVT406844,2026-04-05 19:53:58,Concert,J020,Malleshwaram Circle,17052,Weekend,False,Rain,True,9.8,False,False,0.874,Severe,11.3,64.1,362.9,0.145,0.335,0.894,Heavy rain reducing visibility and grip - reduced speed and longer buffer advised
EVT406845,2025-06-09 10:58:30,Political Rally,J023,Basavanagudi,13672,Weekday,False,Rain,True,16.9,False,False,0.68,High,15.7,46.5,194.8,0.112,0.259,0.923,Heavy rain reducing visibility and grip - reduced speed and longer buffer advised
EVT406846,2025-01-26 17:23:00,Religious Festival,J012,Koramangala Sony World,50358,Weekend,True,Clear,False,0.0,False,True,1.0,Severe,9.1,103.7,582.1,0.227,0.523,0.839,Road closure for event/procession - full detour recommended for through-traffic
EVT406847,2026-02-09 16:45:05,Sports Fixture,J011,Indiranagar 100ft Road,19783,Weekday,False,Clear,False,0.0,False,False,0.651,High,21.1,46.5,256.2,0.18,0.415,0.964,Moderate traffic flow - standard adaptive signal timing in effect
EVT406848,2025-09-16 21:37:24,Local Market Day,J023,Basavanagudi,5113,Weekday,False,Fog,False,0.0,False,False,0.372,Moderate,26.2,27.0,280.8,0.201,0.464,0.96,Moderate traffic flow - standard adaptive signal timing in effect
EVT406849,2025-09-04 16:51:30,Concert,J023,Basavanagudi,10955,Weekday,False,Clear,False,0.0,False,False,0.685,High,18.4,47.8,168.2,0.105,0.244,0.957,Moderate traffic flow - standard adaptive signal timing in effect
EVT406850,2025-03-03 17:47:14,Local Market Day,J020,Malleshwaram Circle,2897,Weekday,False,Clear,False,0.0,False,False,0.995,Severe,10.9,73.8,586.2,0.236,0.546,0.92,Heavy congestion detected - signal timing extended and reroute suggested
EVT406851,2025-06-25 10:40:56,Trade Fair,J020,Malleshwaram Circle,8182,Weekday,False,Heavy Rain,True,53.1,False,False,0.951,Severe,12.0,69.2,337.4,0.147,0.339,0.883,Heavy rain reducing visibility and grip - reduced speed and longer buffer advised
EVT406852,2026-06-15 16:13:42,Political Rally,J012,Koramangala Sony World,15425,Weekday,False,Light Rain,True,5.6,False,False,0.589,High,19.2,44.6,219.7,0.152,0.352,0.923,Heavy rain reducing visibility and grip - reduced speed and longer buffer advised
EVT406853,2025-09-09 09:04:50,Sports Fixture,J012,Koramangala Sony World,32012,Weekday,False,Clear,False,0.0,False,False,1.0,Severe,7.3,68.8,581.9,0.178,0.41,0.899,Heavy congestion detected - signal timing extended and reroute suggested
EVT406854,2025-04-13 07:42:53,Political Rally,J040,City Market,17911,Weekend,False,Clear,False,0.0,False,False,0.713,High,18.7,44.9,305.0,0.193,0.445,0.981,Moderate traffic flow - standard adaptive signal timing in effect
EVT406855,2026-03-24 23:54:22,Local Market Day,J040,City Market,2998,Weekday,False,Clear,False,0.0,False,False,0.112,Low,40.2,11.3,134.7,0.129,0.297,0.941,Normal free-flow traffic - standard signal timing maintained
EVT406856,2025-07-17 17:15:11,Sports Fixture,J011,Indiranagar 100ft Road,20805,Weekday,False,Rain,True,17.5,False,False,1.0,Severe,8.0,74.2,392.0,0.145,0.336,0.855,Heavy rain reducing visibility and grip - reduced speed and longer buffer advised
EVT406857,2026-03-29 22:13:07,Local Market Day,J030,MG Road,2666,Weekend,False,Light Rain,True,1.9,False,False,0.298,Low,33.7,21.5,157.3,0.158,0.365,0.894,Light rain detected - minor speed reduction advised
EVT406858,2025-07-02 22:17:52,Political Rally,J040,City Market,7801,Weekday,False,Heavy Rain,True,68.0,False,False,0.566,High,25.6,38.6,186.5,0.124,0.287,0.914,Heavy rain reducing visibility and grip - reduced speed and longer buffer advised
EVT406859,2026-04-29 15:59:43,Local Market Day,J031,Cubbon Road,3291,Weekday,False,Clear,False,0.0,False,False,0.464,Moderate,28.8,37.7,219.2,0.183,0.423,0.968,Moderate traffic flow - standard adaptive signal timing in effect
EVT406860,2025-01-01 18:53:47,Political Rally,J012,Koramangala Sony World,16074,Weekday,False,Clear,False,0.0,False,False,1.0,Severe,8.1,75.6,313.0,0.111,0.256,0.9,Heavy congestion detected - signal timing extended and reroute suggested
EVT406861,2025-10-22 17:56:33,Cultural Procession,J011,Indiranagar 100ft Road,33557,Weekday,True,Clear,False,0.0,False,False,1.0,Severe,8.4,73.2,906.8,0.33,0.762,0.864,Festival crowd surge detected - alternate route and extended cycle recommended
EVT406862,2025-04-13 14:12:40,Political Rally,J023,Basavanagudi,17311,Weekend,False,Clear,False,0.0,False,False,0.256,Low,34.7,20.4,160.1,0.128,0.296,0.953,Moderate traffic flow - standard adaptive signal timing in effect
EVT406863,2025-03-25 16:42:02,Political Rally,J040,City Market,16027,Weekday,False,Clear,False,0.0,False,False,0.676,High,20.1,46.7,236.3,0.142,0.328,0.962,Moderate traffic flow - standard adaptive signal timing in effect
EVT406864,2026-06-20 21:03:24,Concert,J009,Majestic,21275,Weekend,False,Heavy Rain,True,44.7,False,False,0.927,Severe,10.3,66.8,492.5,0.191,0.442,0.927,Heavy rain reducing visibility and grip - reduced speed and longer buffer advised
EVT406865,2026-05-03 17:59:15,Trade Fair,J031,Cubbon Road,8741,Weekend,False,Light Rain,True,2.5,False,False,0.927,Severe,11.2,67.7,644.3,0.273,0.631,0.869,Heavy rain reducing visibility and grip - reduced speed and longer buffer advised
EVT406866,2026-02-02 13:53:05,Sports Fixture,J023,Basavanagudi,29123,Weekday,False,Clear,False,0.0,False,False,0.293,Low,32.5,21.1,80.4,0.075,0.174,0.964,Moderate traffic flow - standard adaptive signal timing in effect
EVT406867,2026-01-29 15:29:04,Political Rally,J040,City Market,23112,Weekday,False,Clear,False,0.0,False,False,0.407,Moderate,28.1,32.9,249.7,0.19,0.439,0.97,Moderate traffic flow - standard adaptive signal timing in effect
EVT406868,2025-04-15 14:47:43,Religious Festival,J031,Cubbon Road,47790,Weekday,True,Clear,False,0.0,False,True,0.899,High,8.7,96.3,515.0,0.184,0.426,0.871,Road closure for event/procession - full detour recommended for through-traffic
EVT406869,2026-06-16 18:03:18,Trade Fair,J030,MG Road,8307,Weekday,False,Heavy Rain,True,25.2,False,False,1.0,Severe,8.7,68.8,531.0,0.202,0.467,0.867,Heavy rain reducing visibility and grip - reduced speed and longer buffer advised
EVT406870,2026-05-30 13:14:00,Local Market Day,J020,Malleshwaram Circle,2695,Weekend,False,Clear,False,0.0,False,False,0.219,Low,29.7,18.0,111.8,0.092,0.214,0.951,Normal free-flow traffic - standard signal timing maintained
EVT406871,2026-05-05 08:06:47,Local Market Day,J030,MG Road,9697,Weekday,False,Clear,False,0.0,False,False,0.889,Severe,12.4,61.2,483.9,0.234,0.542,0.929,Heavy congestion detected - signal timing extended and reroute suggested
EVT406872,2025-07-23 19:19:32,Local Market Day,J040,City Market,4258,Weekday,False,Rain,True,20.3,False,False,1.0,Severe,8.7,70.8,541.6,0.183,0.423,0.856,Heavy rain reducing visibility and grip - reduced speed and longer buffer advised
EVT406873,2026-01-08 17:06:21,Sports Fixture,J040,City Market,21319,Weekday,False,Clear,False,0.0,False,False,0.864,Severe,15.4,61.7,214.3,0.124,0.287,0.932,Heavy congestion detected - signal timing extended and reroute suggested
EVT406874,2026-05-01 22:24:44,Religious Festival,J031,Cubbon Road,39737,Weekday,True,Rain,True,16.1,False,False,0.932,Severe,10.5,69.6,626.4,0.231,0.534,0.835,Festival crowd surge detected - alternate route and extended cycle recommended
EVT406875,2025-10-20 19:08:16,Religious Festival,J011,Indiranagar 100ft Road,42645,Weekday,True,Clear,False,0.0,False,True,1.0,Severe,8.2,91.0,234.3,0.093,0.214,0.859,Road closure for event/procession - full detour recommended for through-traffic
EVT406876,2025-02-28 15:12:51,Sports Fixture,J011,Indiranagar 100ft Road,16229,Weekday,False,Clear,False,0.0,False,False,0.395,Moderate,25.6,28.0,183.1,0.114,0.263,0.974,Moderate traffic flow - standard adaptive signal timing in effect
EVT406877,2025-09-13 11:28:15,Concert,J011,Indiranagar 100ft Road,7635,Weekend,False,Rain,True,9.6,False,False,0.443,Moderate,26.1,30.8,110.3,0.086,0.198,0.918,Light rain detected - minor speed reduction advised
EVT406878,2025-09-02 15:29:47,Concert,J040,City Market,8044,Weekday,False,Clear,False,0.0,False,False,0.355,Moderate,23.2,21.3,129.1,0.096,0.221,0.945,Moderate traffic flow - standard adaptive signal timing in effect
EVT406879,2025-06-21 23:50:59,Concert,J011,Indiranagar 100ft Road,19875,Weekend,False,Clear,False,0.0,False,False,0.35,Moderate,31.1,25.7,186.4,0.135,0.312,0.987,Moderate traffic flow - standard adaptive signal timing in effect
EVT406880,2025-10-20 17:50:44,Religious Festival,J011,Indiranagar 100ft Road,45494,Weekday,True,Clear,False,0.0,False,False,1.0,Severe,8.4,69.7,339.1,0.113,0.26,0.859,Festival crowd surge detected - alternate route and extended cycle recommended
EVT406881,2026-05-20 16:47:13,Trade Fair,J012,Koramangala Sony World,10900,Weekday,False,Clear,False,0.0,False,False,0.654,High,20.2,44.8,391.9,0.232,0.535,0.98,Moderate traffic flow - standard adaptive signal timing in effect
EVT406882,2026-04-14 19:42:38,Religious Festival,J020,Malleshwaram Circle,72478,Weekday,True,Clear,False,0.0,False,True,1.0,Severe,7.5,102.4,656.8,0.204,0.471,0.823,Road closure for event/procession - full detour recommended for through-traffic
EVT406883,2025-11-03 17:44:49,Concert,J030,MG Road,9530,Weekday,False,Clear,False,0.0,False,False,1.0,Severe,9.2,72.2,501.6,0.197,0.456,0.92,Heavy congestion detected - signal timing extended and reroute suggested
EVT406884,2025-02-17 05:40:43,Political Rally,J009,Majestic,30558,Weekday,False,Clear,False,0.0,False,False,0.316,Low,23.7,18.1,167.5,0.117,0.269,0.967,Moderate traffic flow - standard adaptive signal timing in effect
EVT406885,2026-03-06 08:17:49,Concert,J012,Koramangala Sony World,13282,Weekday,False,Light Rain,True,0.5,False,False,1.0,Severe,7.8,74.0,460.3,0.156,0.361,0.885,Heavy rain reducing visibility and grip - reduced speed and longer buffer advised
EVT406886,2025-10-21 06:54:02,Cultural Procession,J011,Indiranagar 100ft Road,22249,Weekday,True,Clear,False,0.0,False,True,0.892,High,12.6,94.7,401.6,0.217,0.502,0.858,Road closure for event/procession - full detour recommended for through-traffic
EVT406887,2025-09-02 21:20:14,Concert,J009,Majestic,11522,Weekday,False,Clear,False,0.0,False,False,0.411,Moderate,34.8,26.7,162.0,0.187,0.431,0.962,Moderate traffic flow - standard adaptive signal timing in effect
EVT406888,2025-05-09 21:19:07,Concert,J009,Majestic,9756,Weekday,False,Rain,True,9.4,False,False,0.503,Moderate,22.2,35.8,99.1,0.066,0.151,0.917,Light rain detected - minor speed reduction advised
EVT406889,2026-01-26 08:53:31,Cultural Procession,J011,Indiranagar 100ft Road,18475,Weekday,True,Clear,False,0.0,False,True,1.0,Severe,7.0,92.3,533.0,0.182,0.42,0.861,Road closure for event/procession - full detour recommended for through-traffic
EVT406890,2026-03-28 08:23:32,Political Rally,J023,Basavanagudi,10665,Weekend,False,Clear,False,0.0,False,False,0.841,Severe,13.9,54.3,325.8,0.174,0.402,0.923,Heavy congestion detected - signal timing extended and reroute suggested
EVT406891,2026-04-07 05:44:34,Concert,J012,Koramangala Sony World,18834,Weekday,False,Clear,False,0.0,False,False,0.247,Low,36.8,21.3,140.1,0.12,0.278,0.947,Normal free-flow traffic - standard signal timing maintained
EVT406892,2026-06-24 18:30:16,Local Market Day,J012,Koramangala Sony World,4528,Weekday,False,Clear,False,0.0,False,False,1.0,Severe,10.1,72.1,358.0,0.158,0.366,0.915,Heavy congestion detected - signal timing extended and reroute suggested
EVT406893,2026-06-14 17:50:45,Sports Fixture,J023,Basavanagudi,19696,Weekend,False,Rain,True,9.0,False,False,1.0,Severe,9.6,71.7,573.7,0.221,0.511,0.873,Heavy rain reducing visibility and grip - reduced speed and longer buffer advised
EVT406894,2025-07-06 21:50:53,Political Rally,J012,Koramangala Sony World,10525,Weekend,False,Clear,False,0.0,False,False,0.312,Low,26.6,22.1,144.2,0.103,0.237,0.971,Moderate traffic flow - standard adaptive signal timing in effect
EVT406895,2025-03-23 14:39:18,Concert,J009,Majestic,20293,Weekend,False,Clear,False,0.0,False,False,0.393,Moderate,28.9,25.0,137.4,0.118,0.273,0.963,Moderate traffic flow - standard adaptive signal timing in effect
EVT406896,2026-05-06 11:37:30,Local Market Day,J030,MG Road,3045,Weekday,False,Clear,False,0.0,False,False,0.311,Low,28.7,27.3,140.1,0.085,0.197,0.958,Moderate traffic flow - standard adaptive signal timing in effect
EVT406897,2026-03-06 09:47:50,Sports Fixture,J031,Cubbon Road,26489,Weekday,False,Clear,False,0.0,False,False,1.0,Severe,8.5,70.4,473.8,0.18,0.416,0.896,Heavy congestion detected - signal timing extended and reroute suggested
EVT406898,2025-11-11 19:28:55,Local Market Day,J020,Malleshwaram Circle,7817,Weekday,False,Clear,False,0.0,False,False,0.95,Severe,11.2,67.8,528.1,0.223,0.515,0.937,Heavy congestion detected - signal timing extended and reroute suggested
EVT406899,2025-10-27 08:30:14,Sports Fixture,J012,Koramangala Sony World,22764,Weekday,False,Clear,False,0.0,False,False,1.0,Severe,9.3,70.6,668.8,0.262,0.606,0.924,Heavy congestion detected - signal timing extended and reroute suggested
EVT406900,2025-10-07 08:27:59,Local Market Day,J031,Cubbon Road,3235,Weekday,False,Clear,False,0.0,False,False,0.984,Severe,9.9,71.1,417.8,0.166,0.384,0.933,Heavy congestion detected - signal timing extended and reroute suggested
EVT406901,2026-04-19 21:09:08,Local Market Day,J040,City Market,8621,Weekend,False,Clear,False,0.0,False,False,0.386,Moderate,31.0,28.5,103.8,0.114,0.262,0.966,Moderate traffic flow - standard adaptive signal timing in effect
EVT406902,2025-10-11 20:30:31,Local Market Day,J040,City Market,3764,Weekend,False,Clear,False,0.0,False,False,0.47,Moderate,25.4,31.4,293.2,0.211,0.488,0.946,Moderate traffic flow - standard adaptive signal timing in effect
EVT406903,2025-02-20 22:45:36,Trade Fair,J031,Cubbon Road,5349,Weekday,False,Clear,False,0.0,False,False,0.277,Low,31.1,20.7,168.4,0.147,0.339,0.959,Moderate traffic flow - standard adaptive signal timing in effect
EVT406904,2025-03-10 11:44:55,Concert,J011,Indiranagar 100ft Road,11824,Weekday,False,Clear,False,0.0,False,False,0.353,Moderate,26.2,25.0,227.0,0.179,0.414,0.948,Moderate traffic flow - standard adaptive signal timing in effect
EVT406905,2025-06-10 12:51:04,Political Rally,J012,Koramangala Sony World,11499,Weekday,False,Heavy Rain,True,63.0,False,False,0.595,High,17.1,44.4,254.0,0.138,0.318,0.892,Heavy rain reducing visibility and grip - reduced speed and longer buffer advised
EVT406906,2025-01-27 18:44:23,Religious Festival,J020,Malleshwaram Circle,19223,Weekday,True,Clear,False,0.0,False,False,1.0,Severe,8.3,75.3,582.7,0.199,0.459,0.866,Festival crowd surge detected - alternate route and extended cycle recommended
EVT406907,2025-09-09 08:34:32,Trade Fair,J023,Basavanagudi,11167,Weekday,False,Clear,False,0.0,False,False,1.0,Severe,7.3,66.5,460.7,0.137,0.316,0.906,Heavy congestion detected - signal timing extended and reroute suggested
EVT406908,2025-05-02 08:23:22,Religious Festival,J011,Indiranagar 100ft Road,31842,Weekday,True,Clear,False,0.0,False,True,1.0,Severe,8.1,101.7,313.6,0.127,0.293,0.858,Road closure for event/procession - full detour recommended for through-traffic
EVT406909,2025-05-08 07:32:42,Local Market Day,J011,Indiranagar 100ft Road,4325,Weekday,False,Clear,False,0.0,False,False,0.581,High,21.7,44.7,335.5,0.23,0.531,0.958,Moderate traffic flow - standard adaptive signal timing in effect
EVT406910,2025-09-20 19:06:19,Trade Fair,J011,Indiranagar 100ft Road,9971,Weekend,False,Heavy Rain,True,46.6,False,False,1.0,Severe,6.3,76.0,519.2,0.155,0.359,0.886,Heavy rain reducing visibility and grip - reduced speed and longer buffer advised
EVT406911,2025-02-05 14:58:01,Concert,J012,Koramangala Sony World,9367,Weekday,False,Clear,False,0.0,False,False,0.173,Low,31.9,17.3,111.7,0.087,0.202,0.96,Normal free-flow traffic - standard signal timing maintained
EVT406912,2025-03-13 18:04:01,Local Market Day,J030,MG Road,7961,Weekday,False,Clear,False,0.0,False,False,0.962,Severe,10.3,65.5,417.3,0.176,0.407,0.942,Heavy congestion detected - signal timing extended and reroute suggested
EVT406913,2025-07-16 18:23:12,Trade Fair,J009,Majestic,14810,Weekday,False,Clear,False,0.0,False,False,1.0,Severe,9.0,72.9,332.1,0.136,0.313,0.925,Heavy congestion detected - signal timing extended and reroute suggested
EVT406914,2026-04-08 08:14:36,Trade Fair,J040,City Market,9169,Weekday,False,Clear,False,0.0,False,False,0.903,Severe,12.1,69.9,164.8,0.084,0.193,0.938,Heavy congestion detected - signal timing extended and reroute suggested
EVT406915,2026-03-08 09:24:49,Concert,J011,Indiranagar 100ft Road,12782,Weekend,False,Clear,False,0.0,False,False,0.84,Severe,14.7,62.9,269.3,0.139,0.322,0.969,Heavy congestion detected - signal timing extended and reroute suggested
EVT406916,2025-11-19 13:12:05,Concert,J012,Koramangala Sony World,14816,Weekday,False,Light Rain,True,3.1,False,False,0.207,Low,32.9,15.2,99.8,0.089,0.206,0.916,Light rain detected - minor speed reduction advised
EVT406917,2025-04-11 07:06:55,Political Rally,J023,Basavanagudi,8605,Weekday,False,Clear,False,0.0,False,False,0.479,Moderate,25.8,32.3,75.4,0.047,0.108,0.966,Moderate traffic flow - standard adaptive signal timing in effect
EVT406918,2025-02-09 11:26:15,Local Market Day,J012,Koramangala Sony World,3345,Weekend,False,Clear,False,0.0,False,False,0.336,Low,24.9,30.0,248.8,0.193,0.446,0.99,Moderate traffic flow - standard adaptive signal timing in effect
EVT406919,2025-01-30 22:21:49,Local Market Day,J031,Cubbon Road,3693,Weekday,False,Clear,False,0.0,False,False,0.181,Low,36.9,12.6,156.8,0.135,0.311,0.948,Normal free-flow traffic - standard signal timing maintained
EVT406920,2025-04-10 18:13:03,Local Market Day,J009,Majestic,4240,Weekday,False,Clear,False,0.0,False,False,0.987,Severe,7.0,73.0,532.1,0.16,0.37,0.899,Heavy congestion detected - signal timing extended and reroute suggested
EVT406921,2026-03-10 08:43:57,Local Market Day,J023,Basavanagudi,5496,Weekday,False,Clear,False,0.0,False,False,1.0,Severe,9.8,68.8,501.0,0.194,0.448,0.893,Heavy congestion detected - signal timing extended and reroute suggested
EVT406922,2025-12-21 14:33:49,Trade Fair,J031,Cubbon Road,14822,Weekend,False,Clear,False,0.0,False,False,0.32,Low,32.3,27.3,168.0,0.122,0.283,0.973,Moderate traffic flow - standard adaptive signal timing in effect
EVT406923,2025-01-02 19:14:23,Concert,J011,Indiranagar 100ft Road,10043,Weekday,False,Clear,False,0.0,False,False,1.0,Severe,7.7,71.6,415.5,0.123,0.283,0.922,Heavy congestion detected - signal timing extended and reroute suggested
EVT406924,2026-01-10 18:11:32,Local Market Day,J011,Indiranagar 100ft Road,3548,Weekend,False,Clear,False,0.0,False,False,0.9,Severe,11.5,65.1,545.9,0.251,0.58,0.93,Heavy congestion detected - signal timing extended and reroute suggested
EVT406925,2025-07-31 10:33:00,Sports Fixture,J012,Koramangala Sony World,24286,Weekday,False,Clear,False,0.0,False,False,0.697,High,20.2,52.6,174.0,0.125,0.29,0.974,Moderate traffic flow - standard adaptive signal timing in effect
EVT406926,2025-03-24 17:21:32,Political Rally,J020,Malleshwaram Circle,8382,Weekday,False,Clear,False,0.0,False,False,0.881,Severe,12.0,65.4,311.0,0.156,0.36,0.937,Heavy congestion detected - signal timing extended and reroute suggested
EVT406927,2026-02-21 08:37:28,Sports Fixture,J031,Cubbon Road,16647,Weekend,False,Clear,False,0.0,False,False,0.95,Severe,13.0,67.4,422.3,0.213,0.491,0.939,Heavy congestion detected - signal timing extended and reroute suggested
EVT406928,2026-06-01 23:48:47,Concert,J011,Indiranagar 100ft Road,9473,Weekday,False,Clear,False,0.0,False,False,0.191,Low,28.6,12.5,188.2,0.143,0.331,0.97,Normal free-flow traffic - standard signal timing maintained
EVT406929,2026-03-15 07:54:37,Sports Fixture,J012,Koramangala Sony World,16475,Weekend,False,Fog,False,0.0,False,False,0.763,Severe,12.2,51.1,263.6,0.122,0.281,0.967,Heavy congestion detected - signal timing extended and reroute suggested
EVT406930,2025-02-25 18:27:17,Trade Fair,J031,Cubbon Road,9550,Weekday,False,Clear,False,0.0,False,False,1.0,Severe,7.2,72.6,914.0,0.277,0.641,0.882,Heavy congestion detected - signal timing extended and reroute suggested
EVT406931,2025-07-15 15:36:18,Sports Fixture,J030,MG Road,22051,Weekday,False,Heavy Rain,True,46.5,False,False,0.773,Severe,12.8,56.4,415.5,0.172,0.397,0.89,Heavy rain reducing visibility and grip - reduced speed and longer buffer advised
EVT406932,2025-01-20 06:18:08,Sports Fixture,J023,Basavanagudi,15503,Weekday,False,Clear,False,0.0,False,False,0.293,Low,27.9,22.6,189.8,0.148,0.343,0.965,Moderate traffic flow - standard adaptive signal timing in effect
EVT406933,2025-10-09 18:25:49,Local Market Day,J012,Koramangala Sony World,3443,Weekday,False,Clear,False,0.0,False,False,1.0,Severe,7.3,74.0,553.2,0.167,0.386,0.915,Heavy congestion detected - signal timing extended and reroute suggested
EVT406934,2025-04-22 16:59:34,Local Market Day,J009,Majestic,3962,Weekday,False,Clear,False,0.0,False,False,0.698,High,21.3,51.7,194.8,0.109,0.252,0.969,Moderate traffic flow - standard adaptive signal timing in effect
EVT406935,2026-02-19 10:10:53,Political Rally,J031,Cubbon Road,34309,Weekday,False,Clear,False,0.0,False,False,0.921,Severe,12.6,68.1,456.3,0.217,0.501,0.958,Heavy congestion detected - signal timing extended and reroute suggested
EVT406936,2026-06-25 12:01:52,Local Market Day,J030,MG Road,3806,Weekday,False,Clear,False,0.0,False,False,0.274,Low,32.8,17.1,134.6,0.122,0.281,0.966,Moderate traffic flow - standard adaptive signal timing in effect
EVT406937,2025-11-19 07:11:02,Sports Fixture,J009,Majestic,24755,Weekday,False,Light Rain,True,0.8,False,False,0.66,High,22.0,51.5,210.9,0.152,0.351,0.91,Heavy rain reducing visibility and grip - reduced speed and longer buffer advised
EVT406938,2025-01-13 09:48:10,Concert,J023,Basavanagudi,9011,Weekday,False,Clear,False,0.0,False,False,0.911,Severe,12.3,67.2,608.8,0.295,0.68,0.906,Heavy congestion detected - signal timing extended and reroute suggested
EVT406939,2025-11-08 20:28:24,Local Market Day,J020,Malleshwaram Circle,4265,Weekend,False,Clear,False,0.0,False,False,0.464,Moderate,26.9,35.5,143.8,0.13,0.3,0.961,Moderate traffic flow - standard adaptive signal timing in effect
EVT406940,2025-12-24 09:25:23,Local Market Day,J009,Majestic,6593,Weekday,False,Fog,False,0.0,False,False,0.976,Severe,8.6,68.9,583.5,0.218,0.504,0.91,Heavy congestion detected - signal timing extended and reroute suggested
EVT406941,2025-07-24 18:49:52,Sports Fixture,J020,Malleshwaram Circle,34843,Weekday,False,Clear,False,0.0,False,False,1.0,Severe,8.6,69.7,672.8,0.24,0.555,0.9,Heavy congestion detected - signal timing extended and reroute suggested
EVT406942,2025-11-02 17:56:00,Fireworks Display,J012,Koramangala Sony World,14419,Weekend,True,Clear,False,0.0,False,False,1.0,Severe,9.3,74.3,432.4,0.18,0.415,0.848,Festival crowd surge detected - alternate route and extended cycle recommended
EVT406943,2026-04-01 10:12:47,Local Market Day,J040,City Market,3168,Weekday,False,Light Rain,True,6.2,False,False,0.826,Severe,17.5,60.6,296.4,0.191,0.442,0.893,Heavy rain reducing visibility and grip - reduced speed and longer buffer advised
EVT406944,2025-06-11 13:01:27,Local Market Day,J011,Indiranagar 100ft Road,5054,Weekday,False,Clear,False,0.0,False,False,0.183,Low,40.9,9.9,129.1,0.113,0.261,0.978,Normal free-flow traffic - standard signal timing maintained
EVT406945,2025-03-15 13:12:54,Religious Festival,J023,Basavanagudi,82166,Weekend,True,Fog,False,0.0,False,True,1.0,Severe,8.7,102.2,722.8,0.269,0.621,0.809,Road closure for event/procession - full detour recommended for through-traffic
EVT406946,2026-06-28 13:31:48,Local Market Day,J009,Majestic,4005,Weekend,False,Rain,True,23.0,False,False,0.47,Moderate,25.1,22.6,240.7,0.173,0.399,0.912,Light rain detected - minor speed reduction advised
EVT406947,2025-12-07 18:16:47,Local Market Day,J011,Indiranagar 100ft Road,3183,Weekend,False,Clear,False,0.0,False,False,0.824,Severe,14.1,51.8,443.3,0.234,0.541,0.94,Heavy congestion detected - signal timing extended and reroute suggested
EVT406948,2026-06-15 13:42:43,Concert,J009,Majestic,9635,Weekday,False,Clear,False,0.0,False,False,0.245,Low,26.6,20.5,203.6,0.14,0.323,0.973,Normal free-flow traffic - standard signal timing maintained
EVT406949,2025-04-23 12:50:12,Concert,J009,Majestic,8759,Weekday,False,Rain,True,21.2,False,False,0.421,Moderate,28.0,32.5,125.1,0.106,0.246,0.942,Light rain detected - minor speed reduction advised
EVT406950,2025-03-24 14:29:53,Sports Fixture,J030,MG Road,19217,Weekday,False,Clear,False,0.0,False,False,0.27,Low,33.9,15.7,178.3,0.144,0.334,0.963,Moderate traffic flow - standard adaptive signal timing in effect
EVT406951,2026-05-31 10:43:32,Sports Fixture,J011,Indiranagar 100ft Road,26835,Weekend,False,Heavy Rain,True,37.7,False,False,0.991,Severe,8.9,78.0,507.1,0.194,0.448,0.886,Heavy rain reducing visibility and grip - reduced speed and longer buffer advised
EVT406952,2026-06-04 06:49:56,Local Market Day,J012,Koramangala Sony World,3478,Weekday,False,Heavy Rain,True,51.2,False,False,0.719,High,17.1,48.6,112.0,0.064,0.147,0.905,Heavy rain reducing visibility and grip - reduced speed and longer buffer advised
EVT406953,2025-03-13 16:00:38,Concert,J020,Malleshwaram Circle,9829,Weekday,False,Clear,False,0.0,False,False,0.39,Moderate,31.9,27.6,180.6,0.166,0.384,0.967,Moderate traffic flow - standard adaptive signal timing in effect
EVT406954,2026-01-16 10:34:39,Local Market Day,J040,City Market,3437,Weekday,False,Clear,False,0.0,False,False,0.585,High,21.6,38.6,288.1,0.191,0.442,0.971,Moderate traffic flow - standard adaptive signal timing in effect
EVT406955,2025-06-15 17:21:58,Local Market Day,J030,MG Road,3398,Weekend,False,Clear,False,0.0,False,False,0.754,Severe,18.0,62.7,268.4,0.176,0.406,0.971,Heavy congestion detected - signal timing extended and reroute suggested
EVT406956,2025-11-09 20:52:31,Trade Fair,J023,Basavanagudi,7634,Weekend,False,Clear,False,0.0,False,False,0.553,High,23.7,38.1,202.7,0.16,0.369,0.968,Moderate traffic flow - standard adaptive signal timing in effect
EVT406957,2025-07-28 17:21:37,Concert,J012,Koramangala Sony World,21738,Weekday,False,Clear,False,0.0,False,False,0.958,Severe,7.6,59.8,487.9,0.155,0.359,0.927,Heavy congestion detected - signal timing extended and reroute suggested
EVT406958,2025-09-27 10:18:48,Political Rally,J009,Majestic,12747,Weekend,False,Heavy Rain,True,36.5,False,False,1.0,Severe,8.3,73.2,741.5,0.232,0.535,0.861,Heavy rain reducing visibility and grip - reduced speed and longer buffer advised
EVT406959,2025-10-06 07:25:06,Trade Fair,J012,Koramangala Sony World,9226,Weekday,False,Rain,True,24.4,False,False,0.932,Severe,12.0,66.3,257.7,0.121,0.279,0.891,Heavy rain reducing visibility and grip - reduced speed and longer buffer advised
EVT406960,2025-03-24 19:19:02,Concert,J030,MG Road,11121,Weekday,False,Clear,False,0.0,False,False,0.861,Severe,12.1,59.4,372.9,0.181,0.418,0.943,Heavy congestion detected - signal timing extended and reroute suggested
EVT406961,2026-01-08 20:35:34,Local Market Day,J020,Malleshwaram Circle,3894,Weekday,False,Light Rain,True,2.4,False,False,0.626,High,21.0,48.6,247.6,0.16,0.371,0.907,Heavy rain reducing visibility and grip - reduced speed and longer buffer advised
EVT406962,2025-01-29 05:20:13,Sports Fixture,J009,Majestic,16685,Weekday,False,Clear,False,0.0,False,False,0.346,Low,29.7,18.5,225.0,0.181,0.418,0.966,Moderate traffic flow - standard adaptive signal timing in effect
EVT406963,2025-11-10 08:59:06,Concert,J030,MG Road,20459,Weekday,False,Clear,False,0.0,False,False,1.0,Severe,7.4,69.1,542.1,0.18,0.416,0.941,Heavy congestion detected - signal timing extended and reroute suggested
EVT406964,2025-08-18 09:31:09,Political Rally,J040,City Market,10866,Weekday,False,Clear,False,0.0,False,False,0.997,Severe,7.5,69.0,375.6,0.117,0.27,0.892,Heavy congestion detected - signal timing extended and reroute suggested
EVT406965,2025-10-06 19:41:27,Concert,J009,Majestic,17608,Weekday,False,Clear,False,0.0,False,False,0.839,Severe,15.8,58.4,323.2,0.178,0.412,0.944,Heavy congestion detected - signal timing extended and reroute suggested
EVT406966,2026-02-21 19:08:15,Local Market Day,J011,Indiranagar 100ft Road,4960,Weekend,False,Clear,False,0.0,False,False,0.805,Severe,16.7,61.0,317.6,0.217,0.501,0.953,Heavy congestion detected - signal timing extended and reroute suggested
EVT406967,2025-01-12 18:07:59,Sports Fixture,J023,Basavanagudi,28714,Weekend,False,Clear,False,0.0,False,False,1.0,Severe,7.8,67.0,668.7,0.203,0.469,0.903,Heavy congestion detected - signal timing extended and reroute suggested
EVT406968,2026-01-15 16:05:38,Fireworks Display,J030,MG Road,17666,Weekday,True,Clear,False,0.0,False,False,0.838,Severe,15.7,52.5,369.1,0.202,0.467,0.878,Festival crowd surge detected - alternate route and extended cycle recommended
EVT406969,2026-04-28 12:04:42,Concert,J031,Cubbon Road,5965,Weekday,False,Clear,False,0.0,False,False,0.2,Low,36.9,14.4,118.2,0.112,0.258,0.93,Normal free-flow traffic - standard signal timing maintained
EVT406970,2025-03-15 20:35:17,Religious Festival,J020,Malleshwaram Circle,75199,Weekend,True,Clear,False,0.0,False,True,1.0,Severe,8.7,98.3,413.0,0.157,0.363,0.872,Road closure for event/procession - full detour recommended for through-traffic
EVT406971,2025-08-05 15:00:31,Concert,J009,Majestic,10857,Weekday,False,Clear,False,0.0,False,False,0.283,Low,31.3,18.0,163.8,0.141,0.325,0.956,Moderate traffic flow - standard adaptive signal timing in effect
EVT406972,2025-10-26 15:28:45,Trade Fair,J023,Basavanagudi,18233,Weekend,False,Clear,False,0.0,False,False,0.426,Moderate,29.9,30.8,185.3,0.155,0.358,0.949,Moderate traffic flow - standard adaptive signal timing in effect
EVT406973,2025-08-24 10:34:49,Sports Fixture,J031,Cubbon Road,23555,Weekend,False,Clear,False,0.0,False,False,0.679,High,19.2,55.8,181.0,0.103,0.237,0.962,Moderate traffic flow - standard adaptive signal timing in effect
EVT406974,2025-12-04 10:08:08,Trade Fair,J030,MG Road,16445,Weekday,False,Clear,False,0.0,False,False,0.9,Severe,11.5,71.2,395.0,0.161,0.371,0.931,Heavy congestion detected - signal timing extended and reroute suggested
EVT406975,2025-05-14 16:56:36,Trade Fair,J011,Indiranagar 100ft Road,10342,Weekday,False,Clear,False,0.0,False,False,0.745,High,14.8,54.4,276.5,0.14,0.323,0.99,Moderate traffic flow - standard adaptive signal timing in effect
EVT406976,2025-05-16 16:11:13,Concert,J009,Majestic,10700,Weekday,False,Light Rain,True,3.6,False,False,0.683,High,20.3,46.3,237.7,0.168,0.387,0.894,Heavy rain reducing visibility and grip - reduced speed and longer buffer advised
EVT406977,2026-04-03 18:10:41,Sports Fixture,J023,Basavanagudi,22523,Weekday,False,Clear,False,0.0,False,False,1.0,Severe,8.6,71.2,591.3,0.207,0.479,0.924,Heavy congestion detected - signal timing extended and reroute suggested
EVT406978,2026-03-26 19:27:36,Religious Festival,J023,Basavanagudi,37528,Weekday,True,Clear,False,0.0,False,True,1.0,Severe,7.0,101.9,763.7,0.212,0.489,0.829,Road closure for event/procession - full detour recommended for through-traffic
EVT406979,2025-09-03 17:50:41,Sports Fixture,J012,Koramangala Sony World,50007,Weekday,False,Fog,False,0.0,False,False,1.0,Severe,8.9,70.4,480.7,0.181,0.419,0.948,Heavy congestion detected - signal timing extended and reroute suggested
EVT406980,2026-04-02 23:27:08,Local Market Day,J023,Basavanagudi,3152,Weekday,False,Clear,False,0.0,False,False,0.1,Low,30.0,6.3,102.8,0.072,0.166,0.967,Normal free-flow traffic - standard signal timing maintained
EVT406981,2025-07-12 19:50:56,Trade Fair,J030,MG Road,16355,Weekend,False,Fog,False,0.0,False,False,0.766,Severe,16.0,53.9,289.9,0.145,0.334,0.968,Heavy congestion detected - signal timing extended and reroute suggested
EVT406982,2025-10-28 08:59:36,Sports Fixture,J020,Malleshwaram Circle,27548,Weekday,False,Clear,False,0.0,False,False,1.0,Severe,8.8,72.2,345.3,0.14,0.324,0.914,Heavy congestion detected - signal timing extended and reroute suggested
EVT406983,2026-02-04 12:49:21,Sports Fixture,J023,Basavanagudi,17390,Weekday,False,Clear,False,0.0,False,False,0.263,Low,27.2,17.2,260.6,0.188,0.435,0.952,Moderate traffic flow - standard adaptive signal timing in effect
EVT406984,2025-09-14 10:47:43,Concert,J031,Cubbon Road,11770,Weekend,False,Clear,False,0.0,False,False,0.531,Moderate,29.1,34.6,167.6,0.137,0.316,0.95,Moderate traffic flow - standard adaptive signal timing in effect
EVT406985,2025-05-08 05:02:35,Sports Fixture,J023,Basavanagudi,23199,Weekday,False,Clear,False,0.0,False,False,0.234,Low,45.6,18.2,129.9,0.162,0.375,0.976,Normal free-flow traffic - standard signal timing maintained
EVT406986,2025-04-14 21:26:38,Religious Festival,J020,Malleshwaram Circle,32488,Weekday,True,Clear,False,0.0,False,True,0.911,Severe,14.1,94.1,304.7,0.186,0.43,0.852,Road closure for event/procession - full detour recommended for through-traffic
EVT406987,2026-01-26 16:06:25,Cultural Procession,J011,Indiranagar 100ft Road,11701,Weekday,True,Clear,False,0.0,False,True,0.864,High,11.0,91.2,514.0,0.235,0.544,0.842,Road closure for event/procession - full detour recommended for through-traffic
EVT406988,2025-12-02 20:54:11,Local Market Day,J009,Majestic,6939,Weekday,False,Clear,False,0.0,False,False,0.449,Moderate,20.3,35.2,174.8,0.114,0.263,0.982,Moderate traffic flow - standard adaptive signal timing in effect
EVT406989,2025-07-01 08:16:46,Concert,J011,Indiranagar 100ft Road,17063,Weekday,False,Heavy Rain,True,42.1,False,False,1.0,Severe,9.9,66.4,623.9,0.257,0.593,0.855,Heavy rain reducing visibility and grip - reduced speed and longer buffer advised
EVT406990,2025-06-18 08:36:31,Sports Fixture,J012,Koramangala Sony World,13155,Weekday,False,Light Rain,True,6.9,False,False,1.0,Severe,9.7,75.8,503.8,0.206,0.476,0.869,Heavy rain reducing visibility and grip - reduced speed and longer buffer advised
EVT406991,2025-09-04 17:58:34,Local Market Day,J020,Malleshwaram Circle,3039,Weekday,False,Light Rain,True,5.0,False,False,1.0,Severe,9.3,67.9,291.1,0.105,0.242,0.852,Heavy rain reducing visibility and grip - reduced speed and longer buffer advised
EVT406992,2025-03-28 08:18:37,Sports Fixture,J040,City Market,29873,Weekday,False,Clear,False,0.0,False,False,1.0,Severe,7.5,67.5,424.5,0.146,0.338,0.91,Heavy congestion detected - signal timing extended and reroute suggested
EVT406993,2025-04-26 13:29:27,Local Market Day,J031,Cubbon Road,3227,Weekend,False,Rain,True,11.5,False,False,0.403,Moderate,30.9,30.0,177.9,0.142,0.328,0.884,Light rain detected - minor speed reduction advised
EVT406994,2026-01-29 16:59:28,Concert,J009,Majestic,7802,Weekday,False,Clear,False,0.0,False,False,0.739,High,17.6,50.9,361.0,0.205,0.474,0.962,Moderate traffic flow - standard adaptive signal timing in effect
EVT406995,2026-02-10 08:54:41,Trade Fair,J040,City Market,5775,Weekday,False,Clear,False,0.0,False,False,0.956,Severe,10.0,66.4,408.5,0.161,0.373,0.913,Heavy congestion detected - signal timing extended and reroute suggested
EVT406996,2026-04-07 08:56:40,Local Market Day,J023,Basavanagudi,4955,Weekday,False,Clear,False,0.0,False,False,1.0,Severe,6.8,70.8,1096.7,0.295,0.682,0.91,Heavy congestion detected - signal timing extended and reroute suggested
EVT406997,2026-05-27 16:32:03,Concert,J030,MG Road,11537,Weekday,False,Clear,False,0.0,False,False,0.619,High,16.0,45.3,208.6,0.12,0.277,0.937,Moderate traffic flow - standard adaptive signal timing in effect
EVT406998,2025-12-03 07:30:09,Trade Fair,J020,Malleshwaram Circle,5956,Weekday,False,Light Rain,True,3.8,False,False,0.72,High,15.9,54.4,128.3,0.054,0.125,0.919,Heavy rain reducing visibility and grip - reduced speed and longer buffer advised
EVT406999,2026-01-28 09:34:17,Concert,J023,Basavanagudi,9891,Weekday,False,Clear,False,0.0,False,False,1.0,Severe,10.3,70.7,315.0,0.137,0.317,0.934,Heavy congestion detected - signal timing extended and reroute suggested
EVT407000,2025-01-10 11:24:45,Trade Fair,J040,City Market,12252,Weekday,False,Clear,False,0.0,False,False,0.334,Low,31.3,18.3,132.0,0.107,0.246,0.97,Moderate traffic flow - standard adaptive signal timing in effect
EVT407001,2025-06-22 08:36:25,Sports Fixture,J023,Basavanagudi,28862,Weekend,False,Clear,False,0.0,False,False,1.0,Severe,10.1,74.1,407.7,0.18,0.415,0.883,Heavy congestion detected - signal timing extended and reroute suggested
EVT407002,2026-01-19 17:47:58,Local Market Day,J031,Cubbon Road,2834,Weekday,False,Fog,False,0.0,False,False,0.974,Severe,10.7,70.5,437.5,0.178,0.411,0.909,Heavy congestion detected - signal timing extended and reroute suggested
EVT407003,2026-03-21 19:52:29,Local Market Day,J030,MG Road,3647,Weekend,False,Clear,False,0.0,False,False,0.657,High,17.7,41.2,321.0,0.194,0.449,0.95,Moderate traffic flow - standard adaptive signal timing in effect
EVT407004,2026-05-06 10:35:49,Sports Fixture,J040,City Market,22837,Weekday,False,Rain,True,21.6,False,False,0.888,Severe,12.4,59.7,538.9,0.243,0.562,0.898,Heavy rain reducing visibility and grip - reduced speed and longer buffer advised
EVT407005,2025-07-30 09:10:36,Trade Fair,J023,Basavanagudi,9596,Weekday,False,Rain,True,14.4,False,False,1.0,Severe,8.6,70.2,619.8,0.249,0.575,0.85,Heavy rain reducing visibility and grip - reduced speed and longer buffer advised
EVT407006,2026-04-13 21:41:09,Trade Fair,J020,Malleshwaram Circle,9455,Weekday,False,Clear,False,0.0,False,False,0.339,Low,24.2,22.4,243.1,0.16,0.368,0.961,Moderate traffic flow - standard adaptive signal timing in effect
EVT407007,2026-04-16 16:04:27,Sports Fixture,J031,Cubbon Road,13253,Weekday,False,Rain,True,14.5,False,False,0.651,High,18.2,48.8,410.9,0.236,0.545,0.912,Heavy rain reducing visibility and grip - reduced speed and longer buffer advised
EVT407008,2025-03-11 21:51:52,Sports Fixture,J031,Cubbon Road,21556,Weekday,False,Clear,False,0.0,False,False,0.4,Moderate,27.3,31.4,330.0,0.245,0.566,0.96,Moderate traffic flow - standard adaptive signal timing in effect
EVT407009,2025-01-03 18:10:35,Sports Fixture,J012,Koramangala Sony World,33555,Weekday,False,Clear,False,0.0,False,False,1.0,Severe,6.8,76.1,241.5,0.102,0.236,0.93,Heavy congestion detected - signal timing extended and reroute suggested
EVT407010,2025-08-02 19:42:26,Local Market Day,J023,Basavanagudi,3027,Weekend,False,Clear,False,0.0,False,False,0.718,High,17.5,52.1,375.3,0.263,0.608,0.976,Moderate traffic flow - standard adaptive signal timing in effect
EVT407011,2025-02-20 13:18:38,Concert,J020,Malleshwaram Circle,9675,Weekday,False,Clear,False,0.0,False,False,0.259,Low,32.6,18.7,115.1,0.11,0.255,0.978,Moderate traffic flow - standard adaptive signal timing in effect
EVT407012,2025-08-07 12:13:01,Sports Fixture,J030,MG Road,16766,Weekday,False,Heavy Rain,True,25.8,False,False,0.507,Moderate,24.7,36.5,259.0,0.182,0.421,0.913,Light rain detected - minor speed reduction advised
EVT407013,2026-05-16 18:30:37,Local Market Day,J040,City Market,2906,Weekend,False,Clear,False,0.0,False,False,0.864,Severe,15.3,57.4,269.2,0.135,0.313,0.968,Heavy congestion detected - signal timing extended and reroute suggested
EVT407014,2025-01-04 22:22:56,Concert,J009,Majestic,14293,Weekend,False,Clear,False,0.0,True,False,0.722,High,16.9,55.0,233.6,0.135,0.312,0.818,Accident detected nearby - reroute and reduced speed advised
EVT407015,2025-05-19 18:06:39,Sports Fixture,J020,Malleshwaram Circle,8289,Weekday,False,Clear,False,0.0,False,False,1.0,Severe,8.0,63.7,338.6,0.128,0.295,0.904,Heavy congestion detected - signal timing extended and reroute suggested
EVT407016,2025-04-05 07:15:33,Concert,J012,Koramangala Sony World,18098,Weekend,False,Clear,False,0.0,False,False,0.578,High,17.6,42.0,102.4,0.071,0.163,0.954,Moderate traffic flow - standard adaptive signal timing in effect
EVT407017,2025-08-17 08:40:44,Concert,J023,Basavanagudi,9662,Weekend,False,Heavy Rain,True,46.5,False,False,1.0,Severe,9.1,70.4,358.5,0.145,0.334,0.835,Heavy rain reducing visibility and grip - reduced speed and longer buffer advised
EVT407018,2025-07-02 14:58:46,Sports Fixture,J030,MG Road,21601,Weekday,False,Heavy Rain,True,40.0,False,False,0.671,High,15.6,45.7,412.2,0.228,0.526,0.946,Heavy rain reducing visibility and grip - reduced speed and longer buffer advised
EVT407019,2025-03-14 12:37:17,Religious Festival,J040,City Market,21292,Weekday,True,Clear,False,0.0,False,False,0.502,Moderate,30.3,29.7,117.4,0.084,0.193,0.892,Festival crowd surge detected - alternate route and extended cycle recommended
EVT407020,2025-07-24 19:25:57,Political Rally,J009,Majestic,10576,Weekday,False,Clear,False,0.0,False,False,0.979,Severe,9.4,70.2,808.0,0.315,0.727,0.92,Heavy congestion detected - signal timing extended and reroute suggested
EVT407021,2025-01-05 11:32:45,Trade Fair,J020,Malleshwaram Circle,5091,Weekend,False,Clear,False,0.0,False,False,0.355,Moderate,34.9,25.1,172.1,0.182,0.421,0.965,Moderate traffic flow - standard adaptive signal timing in effect
EVT407022,2025-05-20 06:47:34,Sports Fixture,J020,Malleshwaram Circle,35272,Weekday,False,Clear,False,0.0,False,False,0.533,Moderate,24.0,38.3,133.6,0.104,0.239,0.971,Moderate traffic flow - standard adaptive signal timing in effect
EVT407023,2025-01-05 20:40:20,Concert,J012,Koramangala Sony World,12156,Weekend,False,Clear,False,0.0,False,False,0.56,High,18.2,38.8,185.4,0.111,0.256,0.969,Moderate traffic flow - standard adaptive signal timing in effect
EVT407024,2025-06-18 18:26:44,Concert,J023,Basavanagudi,9173,Weekday,False,Rain,True,8.0,False,False,1.0,Severe,7.9,74.8,670.0,0.215,0.496,0.86,Heavy rain reducing visibility and grip - reduced speed and longer buffer advised
EVT407025,2026-03-16 08:44:48,Concert,J023,Basavanagudi,4598,Weekday,False,Clear,False,0.0,False,False,0.954,Severe,9.0,68.2,424.7,0.161,0.373,0.942,Heavy congestion detected - signal timing extended and reroute suggested
EVT407026,2026-01-07 19:26:10,Trade Fair,J020,Malleshwaram Circle,11691,Weekday,False,Light Rain,True,7.3,False,False,0.913,Severe,10.8,68.4,603.8,0.254,0.588,0.896,Heavy rain reducing visibility and grip - reduced speed and longer buffer advised
EVT407027,2026-05-28 19:00:17,Local Market Day,J030,MG Road,2336,Weekday,False,Clear,False,0.0,False,False,0.897,Severe,9.3,61.0,331.1,0.131,0.303,0.912,Heavy congestion detected - signal timing extended and reroute suggested
EVT407028,2025-08-20 11:00:50,Local Market Day,J011,Indiranagar 100ft Road,3610,Weekday,False,Clear,False,0.0,False,False,0.441,Moderate,28.4,34.1,140.9,0.1,0.23,0.967,Moderate traffic flow - standard adaptive signal timing in effect
EVT407029,2025-02-01 08:35:23,Concert,J031,Cubbon Road,17817,Weekend,False,Clear,False,0.0,False,False,0.953,Severe,11.2,69.2,284.9,0.145,0.335,0.92,Heavy congestion detected - signal timing extended and reroute suggested
EVT407030,2025-02-20 09:04:27,Sports Fixture,J030,MG Road,32733,Weekday,False,Clear,False,0.0,False,False,1.0,Severe,9.9,74.1,611.9,0.243,0.562,0.933,Heavy congestion detected - signal timing extended and reroute suggested
EVT407031,2026-05-06 12:45:11,Trade Fair,J020,Malleshwaram Circle,8839,Weekday,False,Heavy Rain,True,27.1,False,False,0.498,Moderate,27.0,37.3,183.9,0.132,0.306,0.913,Light rain detected - minor speed reduction advised
EVT407032,2025-12-04 17:49:12,Local Market Day,J040,City Market,4403,Weekday,False,Fog,False,0.0,False,False,0.937,Severe,11.9,60.0,282.7,0.141,0.325,0.918,Heavy congestion detected - signal timing extended and reroute suggested
EVT407033,2025-12-15 11:17:31,Concert,J009,Majestic,16316,Weekday,False,Clear,False,0.0,False,False,0.422,Moderate,30.0,26.4,223.2,0.181,0.417,0.961,Moderate traffic flow - standard adaptive signal timing in effect
EVT407034,2025-03-24 06:15:28,Local Market Day,J030,MG Road,6120,Weekday,False,Clear,False,0.0,False,False,0.277,Low,30.8,24.8,203.8,0.159,0.368,0.962,Moderate traffic flow - standard adaptive signal timing in effect
EVT407035,2026-06-28 17:28:46,Concert,J012,Koramangala Sony World,13739,Weekend,False,Clear,False,0.0,False,False,0.755,Severe,18.9,57.9,324.2,0.207,0.477,0.963,Heavy congestion detected - signal timing extended and reroute suggested
EVT407036,2026-06-22 08:59:12,Trade Fair,J023,Basavanagudi,5713,Weekday,False,Clear,False,0.0,False,False,1.0,Severe,6.8,69.4,910.8,0.229,0.53,0.927,Heavy congestion detected - signal timing extended and reroute suggested
EVT407037,2025-10-24 08:32:14,Concert,J023,Basavanagudi,19547,Weekday,False,Clear,False,0.0,False,False,1.0,Severe,7.7,71.6,382.8,0.13,0.3,0.917,Heavy congestion detected - signal timing extended and reroute suggested
EVT407038,2026-04-22 14:19:00,Local Market Day,J030,MG Road,4679,Weekday,False,Light Rain,True,5.0,False,False,0.308,Low,28.6,19.0,80.1,0.055,0.127,0.918,Light rain detected - minor speed reduction advised
EVT407039,2025-12-08 06:29:10,Political Rally,J012,Koramangala Sony World,10897,Weekday,False,Clear,False,0.0,False,False,0.32,Low,30.0,27.7,120.0,0.088,0.204,0.974,Moderate traffic flow - standard adaptive signal timing in effect
EVT407040,2025-12-17 09:23:03,Local Market Day,J020,Malleshwaram Circle,2253,Weekday,False,Clear,False,0.0,False,False,0.936,Severe,9.2,69.1,451.0,0.158,0.365,0.929,Heavy congestion detected - signal timing extended and reroute suggested
EVT407041,2025-01-22 13:33:17,Sports Fixture,J023,Basavanagudi,22924,Weekday,False,Clear,False,0.0,False,False,0.275,Low,24.7,16.3,180.5,0.115,0.265,0.964,Moderate traffic flow - standard adaptive signal timing in effect
EVT407042,2025-10-03 20:52:54,Religious Festival,J023,Basavanagudi,76081,Weekday,True,Rain,True,24.0,False,True,1.0,Severe,8.4,98.5,449.0,0.17,0.393,0.776,Road closure for event/procession - full detour recommended for through-traffic
EVT407043,2025-02-21 19:20:41,Local Market Day,J040,City Market,3444,Weekday,False,Clear,False,0.0,False,False,0.966,Severe,7.3,68.9,473.2,0.164,0.379,0.91,Heavy congestion detected - signal timing extended and reroute suggested
EVT407044,2026-03-22 17:26:01,Concert,J030,MG Road,6197,Weekend,False,Fog,False,0.0,False,False,0.739,High,19.9,50.6,240.2,0.17,0.392,0.962,Moderate traffic flow - standard adaptive signal timing in effect
EVT407045,2025-10-01 11:15:46,Local Market Day,J040,City Market,3118,Weekday,False,Clear,False,0.0,False,False,0.338,Low,34.8,17.9,99.3,0.085,0.197,0.964,Moderate traffic flow - standard adaptive signal timing in effect
EVT407046,2025-04-03 12:52:11,Local Market Day,J020,Malleshwaram Circle,5478,Weekday,False,Clear,False,0.0,False,False,0.204,Low,32.2,24.0,55.1,0.034,0.079,0.972,Normal free-flow traffic - standard signal timing maintained
EVT407047,2025-06-06 13:29:16,Local Market Day,J011,Indiranagar 100ft Road,4439,Weekday,False,Clear,False,0.0,False,False,0.245,Low,27.2,18.3,247.1,0.185,0.428,0.977,Normal free-flow traffic - standard signal timing maintained
EVT407048,2025-02-19 20:36:42,Local Market Day,J040,City Market,4310,Weekday,False,Clear,False,0.0,False,False,0.535,Moderate,22.3,42.7,185.9,0.13,0.301,0.957,Moderate traffic flow - standard adaptive signal timing in effect
EVT407049,2025-04-03 09:34:12,Sports Fixture,J012,Koramangala Sony World,15866,Weekday,False,Clear,False,0.0,False,False,1.0,Severe,8.2,68.3,404.4,0.145,0.335,0.908,Heavy congestion detected - signal timing extended and reroute suggested
EVT407050,2026-06-28 16:33:11,Sports Fixture,J020,Malleshwaram Circle,23144,Weekend,False,Clear,False,0.0,False,False,0.742,High,15.0,56.5,273.7,0.137,0.316,0.963,Moderate traffic flow - standard adaptive signal timing in effect
EVT407051,2025-10-15 21:01:53,Sports Fixture,J011,Indiranagar 100ft Road,30968,Weekday,False,Rain,True,17.1,False,False,0.858,Severe,11.3,62.6,228.0,0.09,0.207,0.89,Heavy rain reducing visibility and grip - reduced speed and longer buffer advised
EVT407052,2026-01-22 21:24:03,Political Rally,J030,MG Road,13959,Weekday,False,Clear,False,0.0,False,False,0.335,Low,27.7,27.9,217.6,0.163,0.378,0.966,Moderate traffic flow - standard adaptive signal timing in effect
EVT407053,2025-06-15 15:33:58,Sports Fixture,J040,City Market,9911,Weekend,False,Rain,True,20.2,False,False,0.564,High,27.1,40.9,135.2,0.105,0.243,0.906,Heavy rain reducing visibility and grip - reduced speed and longer buffer advised
EVT407054,2026-05-07 22:20:18,Sports Fixture,J040,City Market,10461,Weekday,False,Clear,False,0.0,False,False,0.216,Low,39.6,19.7,127.1,0.136,0.315,0.932,Normal free-flow traffic - standard signal timing maintained
EVT407055,2026-06-15 18:21:33,Political Rally,J023,Basavanagudi,8379,Weekday,False,Clear,False,0.0,False,False,1.0,Severe,10.1,76.6,468.2,0.197,0.456,0.897,Heavy congestion detected - signal timing extended and reroute suggested
EVT407056,2025-12-22 17:33:00,Concert,J012,Koramangala Sony World,24222,Weekday,False,Fog,False,0.0,False,False,1.0,Severe,9.2,71.6,439.4,0.156,0.361,0.918,Heavy congestion detected - signal timing extended and reroute suggested
EVT407057,2026-03-03 08:00:46,Local Market Day,J012,Koramangala Sony World,4941,Weekday,False,Clear,False,0.0,False,False,0.798,Severe,16.5,54.4,330.4,0.185,0.428,0.939,Heavy congestion detected - signal timing extended and reroute suggested
EVT407058,2026-03-10 09:03:14,Concert,J011,Indiranagar 100ft Road,17040,Weekday,False,Clear,False,0.0,False,False,1.0,Severe,9.0,65.2,469.5,0.168,0.388,0.911,Heavy congestion detected - signal timing extended and reroute suggested
EVT407059,2025-10-05 15:47:22,Local Market Day,J030,MG Road,3652,Weekend,False,Rain,True,19.6,True,False,1.0,Severe,7.9,73.9,309.4,0.106,0.244,0.709,Accident detected nearby - reroute and reduced speed advised
EVT407060,2026-05-03 12:35:35,Sports Fixture,J009,Majestic,17447,Weekend,False,Clear,False,0.0,False,False,0.383,Moderate,28.6,24.2,164.1,0.122,0.283,0.959,Moderate traffic flow - standard adaptive signal timing in effect
EVT407061,2025-05-16 21:24:51,Sports Fixture,J020,Malleshwaram Circle,41795,Weekday,False,Rain,True,11.6,False,False,0.627,High,24.8,46.9,132.3,0.082,0.188,0.897,Heavy rain reducing visibility and grip - reduced speed and longer buffer advised
EVT407062,2025-07-05 15:24:22,Trade Fair,J009,Majestic,6706,Weekend,False,Heavy Rain,True,26.1,False,False,0.556,High,19.8,43.5,288.0,0.176,0.407,0.9,Heavy rain reducing visibility and grip - reduced speed and longer buffer advised
EVT407063,2025-01-03 19:18:51,Political Rally,J030,MG Road,14606,Weekday,False,Clear,False,0.0,False,False,0.971,Severe,7.4,67.7,872.4,0.285,0.658,0.943,Heavy congestion detected - signal timing extended and reroute suggested
EVT407064,2025-05-14 19:41:19,Local Market Day,J012,Koramangala Sony World,4236,Weekday,False,Clear,False,0.0,False,False,0.803,Severe,13.3,54.0,408.0,0.179,0.414,0.978,Heavy congestion detected - signal timing extended and reroute suggested
EVT407065,2026-03-14 10:34:38,Local Market Day,J011,Indiranagar 100ft Road,3520,Weekend,False,Clear,False,0.0,False,False,0.592,High,21.5,46.1,179.3,0.123,0.285,0.973,Moderate traffic flow - standard adaptive signal timing in effect
EVT407066,2025-04-24 08:39:50,Concert,J030,MG Road,7102,Weekday,False,Clear,False,0.0,False,False,0.956,Severe,8.2,75.3,334.8,0.127,0.294,0.935,Heavy congestion detected - signal timing extended and reroute suggested
EVT407067,2025-11-05 18:33:48,Local Market Day,J031,Cubbon Road,5764,Weekday,False,Clear,False,0.0,False,False,1.0,Severe,6.7,64.3,475.5,0.13,0.301,0.924,Heavy congestion detected - signal timing extended and reroute suggested
EVT407068,2025-07-30 09:55:22,Concert,J030,MG Road,10820,Weekday,False,Clear,False,0.0,False,False,0.857,Severe,14.8,62.2,280.6,0.151,0.349,0.954,Heavy congestion detected - signal timing extended and reroute suggested
EVT407069,2025-09-04 08:30:58,Local Market Day,J020,Malleshwaram Circle,5507,Weekday,False,Clear,False,0.0,False,False,0.938,Severe,9.9,65.0,236.2,0.08,0.184,0.921,Heavy congestion detected - signal timing extended and reroute suggested
EVT407070,2026-01-07 08:51:43,Sports Fixture,J020,Malleshwaram Circle,34426,Weekday,False,Clear,False,0.0,False,False,1.0,Severe,7.8,65.5,692.9,0.229,0.528,0.9,Heavy congestion detected - signal timing extended and reroute suggested
EVT407071,2025-10-22 23:26:03,Religious Festival,J031,Cubbon Road,66037,Weekday,True,Clear,False,0.0,False,True,0.91,Severe,11.4,86.4,382.7,0.176,0.406,0.849,Road closure for event/procession - full detour recommended for through-traffic
EVT407072,2025-06-17 21:18:25,Trade Fair,J011,Indiranagar 100ft Road,6621,Weekday,False,Rain,True,20.0,False,False,0.588,High,22.1,39.1,269.4,0.183,0.423,0.913,Heavy rain reducing visibility and grip - reduced speed and longer buffer advised
EVT407073,2025-03-30 11:58:43,Religious Festival,J030,MG Road,64772,Weekend,True,Clear,False,0.0,False,True,1.0,Severe,9.7,102.5,280.6,0.12,0.277,0.81,Road closure for event/procession - full detour recommended for through-traffic
EVT407074,2025-02-07 18:04:15,Sports Fixture,J020,Malleshwaram Circle,30040,Weekday,False,Clear,False,0.0,False,False,1.0,Severe,7.1,67.9,343.9,0.111,0.257,0.91,Heavy congestion detected - signal timing extended and reroute suggested
EVT407075,2025-07-09 15:18:08,Local Market Day,J031,Cubbon Road,2822,Weekday,False,Clear,False,0.0,False,False,0.26,Low,34.9,18.4,193.9,0.182,0.421,0.983,Moderate traffic flow - standard adaptive signal timing in effect
EVT407076,2025-01-13 19:54:59,Trade Fair,J030,MG Road,7812,Weekday,False,Clear,False,0.0,False,False,0.817,Severe,13.2,63.8,194.0,0.075,0.173,0.942,Heavy congestion detected - signal timing extended and reroute suggested
EVT407077,2025-01-18 07:46:19,Local Market Day,J020,Malleshwaram Circle,3704,Weekend,False,Clear,False,0.0,False,False,0.614,High,25.3,41.5,255.9,0.226,0.521,0.976,Moderate traffic flow - standard adaptive signal timing in effect
EVT407078,2025-10-30 22:03:52,Local Market Day,J020,Malleshwaram Circle,5506,Weekday,False,Clear,False,0.0,False,False,0.294,Low,27.5,19.6,181.9,0.149,0.343,0.966,Moderate traffic flow - standard adaptive signal timing in effect
EVT407079,2025-05-30 17:45:38,Local Market Day,J040,City Market,5711,Weekday,False,Clear,False,0.0,False,False,0.889,Severe,9.7,64.9,546.2,0.219,0.506,0.949,Heavy congestion detected - signal timing extended and reroute suggested
EVT407080,2025-11-04 08:21:50,Sports Fixture,J040,City Market,23263,Weekday,False,Clear,False,0.0,False,False,1.0,Severe,10.3,68.9,550.3,0.217,0.5,0.897,Heavy congestion detected - signal timing extended and reroute suggested
EVT407081,2025-10-21 11:24:41,Cultural Procession,J040,City Market,19057,Weekday,True,Clear,False,0.0,False,True,0.878,High,13.0,93.6,395.7,0.19,0.438,0.847,Road closure for event/procession - full detour recommended for through-traffic
EVT407082,2025-11-28 20:06:07,Sports Fixture,J040,City Market,23641,Weekday,False,Clear,False,0.0,False,False,0.7,High,17.7,46.0,310.0,0.166,0.383,0.962,Moderate traffic flow - standard adaptive signal timing in effect
EVT407083,2026-04-21 10:29:03,Local Market Day,J040,City Market,4259,Weekday,False,Clear,False,0.0,False,False,0.604,High,21.8,44.9,249.2,0.18,0.415,0.985,Moderate traffic flow - standard adaptive signal timing in effect
EVT407084,2026-06-05 13:49:04,Trade Fair,J040,City Market,10342,Weekday,False,Clear,False,0.0,False,False,0.157,Low,34.0,15.8,96.5,0.061,0.14,0.966,Normal free-flow traffic - standard signal timing maintained
EVT407085,2025-12-06 09:04:23,Sports Fixture,J040,City Market,24557,Weekend,False,Fog,False,0.0,False,False,0.934,Severe,8.8,64.3,576.9,0.229,0.528,0.957,Heavy congestion detected - signal timing extended and reroute suggested
EVT407086,2025-07-03 10:07:37,Trade Fair,J009,Majestic,14661,Weekday,False,Clear,False,0.0,False,False,0.808,Severe,14.9,55.6,125.7,0.087,0.2,0.963,Heavy congestion detected - signal timing extended and reroute suggested
EVT407087,2026-02-18 11:33:32,Sports Fixture,J031,Cubbon Road,33295,Weekday,False,Clear,False,0.0,False,False,0.488,Moderate,23.8,39.1,216.6,0.141,0.326,0.956,Moderate traffic flow - standard adaptive signal timing in effect
EVT407088,2025-06-17 08:16:16,Local Market Day,J020,Malleshwaram Circle,3328,Weekday,False,Heavy Rain,True,30.5,False,False,1.0,Severe,7.5,74.6,795.6,0.25,0.579,0.864,Heavy rain reducing visibility and grip - reduced speed and longer buffer advised
EVT407089,2025-09-03 16:32:32,Concert,J040,City Market,4206,Weekday,False,Clear,False,0.0,False,False,0.591,High,21.9,43.6,232.4,0.171,0.395,0.975,Moderate traffic flow - standard adaptive signal timing in effect
EVT407090,2026-05-29 15:45:08,Local Market Day,J009,Majestic,3160,Weekday,False,Heavy Rain,True,27.5,False,False,0.69,High,16.9,47.4,399.7,0.224,0.518,0.942,Heavy rain reducing visibility and grip - reduced speed and longer buffer advised
EVT407091,2026-05-04 17:29:32,Concert,J031,Cubbon Road,11566,Weekday,False,Clear,False,0.0,False,False,0.872,Severe,11.2,57.1,269.6,0.112,0.259,0.947,Heavy congestion detected - signal timing extended and reroute suggested
EVT407092,2026-03-27 17:09:34,Religious Festival,J020,Malleshwaram Circle,41215,Weekday,True,Clear,False,0.0,False,True,1.0,Severe,10.1,94.9,346.8,0.15,0.347,0.854,Road closure for event/procession - full detour recommended for through-traffic
EVT407093,2025-03-22 09:07:12,Political Rally,J012,Koramangala Sony World,9180,Weekend,False,Clear,False,0.0,False,False,0.938,Severe,9.8,64.2,451.0,0.169,0.39,0.93,Heavy congestion detected - signal timing extended and reroute suggested
EVT407094,2025-11-27 07:38:49,Trade Fair,J012,Koramangala Sony World,6804,Weekday,False,Clear,False,0.0,False,False,0.675,High,21.4,51.0,212.4,0.157,0.363,0.967,Moderate traffic flow - standard adaptive signal timing in effect
EVT407095,2026-04-05 23:01:37,Sports Fixture,J020,Malleshwaram Circle,31381,Weekend,False,Clear,False,0.0,False,False,0.388,Moderate,27.8,22.7,158.3,0.123,0.284,0.985,Moderate traffic flow - standard adaptive signal timing in effect
EVT407096,2025-05-22 05:32:54,Concert,J009,Majestic,10882,Weekday,False,Clear,False,0.0,False,False,0.208,Low,31.4,16.5,209.7,0.194,0.448,0.989,Normal free-flow traffic - standard signal timing maintained
EVT407097,2026-06-07 12:58:50,Political Rally,J009,Majestic,11265,Weekend,False,Clear,False,0.0,False,False,0.301,Low,27.9,21.7,142.3,0.091,0.211,0.957,Moderate traffic flow - standard adaptive signal timing in effect
EVT407098,2026-04-21 10:21:56,Local Market Day,J040,City Market,3682,Weekday,False,Clear,False,0.0,False,False,0.676,High,17.6,50.4,264.1,0.166,0.384,0.943,Moderate traffic flow - standard adaptive signal timing in effect
EVT407099,2025-03-28 09:11:18,Trade Fair,J011,Indiranagar 100ft Road,6825,Weekday,False,Clear,False,0.0,False,False,1.0,Severe,7.6,72.0,550.6,0.178,0.412,0.904,Heavy congestion detected - signal timing extended and reroute suggested
EVT407100,2025-10-25 17:51:07,Sports Fixture,J009,Majestic,19627,Weekend,False,Clear,False,0.0,False,False,0.808,Severe,17.0,53.6,281.1,0.168,0.387,0.937,Heavy congestion detected - signal timing extended and reroute suggested
EVT407101,2025-05-26 11:46:53,Trade Fair,J012,Koramangala Sony World,8108,Weekday,False,Clear,False,0.0,False,False,0.275,Low,31.2,19.3,117.6,0.088,0.203,0.965,Moderate traffic flow - standard adaptive signal timing in effect
EVT407102,2025-03-11 10:46:31,Local Market Day,J040,City Market,5400,Weekday,False,Fog,False,0.0,False,False,0.54,Moderate,21.8,44.4,141.1,0.08,0.186,0.958,Moderate traffic flow - standard adaptive signal timing in effect
EVT407103,2025-11-07 19:03:31,Political Rally,J023,Basavanagudi,11078,Weekday,False,Fog,False,0.0,False,False,1.0,Severe,6.4,73.0,880.4,0.24,0.555,0.922,Heavy congestion detected - signal timing extended and reroute suggested
EVT407104,2025-10-12 18:53:15,Sports Fixture,J023,Basavanagudi,21816,Weekend,False,Clear,False,0.0,False,False,0.958,Severe,10.2,69.2,595.0,0.232,0.537,0.924,Heavy congestion detected - signal timing extended and reroute suggested
EVT407105,2026-01-26 16:23:35,Fireworks Display,J023,Basavanagudi,22207,Weekday,True,Clear,False,0.0,False,False,0.886,Severe,12.4,62.4,439.0,0.21,0.485,0.892,Festival crowd surge detected - alternate route and extended cycle recommended
EVT407106,2025-04-11 16:33:00,Local Market Day,J040,City Market,5222,Weekday,False,Clear,False,0.0,False,False,0.591,High,20.5,46.4,101.1,0.062,0.144,0.99,Moderate traffic flow - standard adaptive signal timing in effect
EVT407107,2025-01-07 21:56:30,Local Market Day,J020,Malleshwaram Circle,4264,Weekday,False,Clear,False,0.0,False,False,0.266,Low,29.8,18.7,226.4,0.18,0.417,0.97,Moderate traffic flow - standard adaptive signal timing in effect
EVT407108,2025-07-10 08:27:20,Concert,J020,Malleshwaram Circle,14673,Weekday,False,Heavy Rain,True,84.9,False,False,1.0,Severe,8.9,74.0,710.4,0.262,0.605,0.874,Heavy rain reducing visibility and grip - reduced speed and longer buffer advised
EVT407109,2026-03-01 19:59:50,Sports Fixture,J030,MG Road,11956,Weekend,False,Clear,False,0.0,False,False,0.679,High,18.8,40.3,268.0,0.177,0.409,0.972,Moderate traffic flow - standard adaptive signal timing in effect
EVT407110,2025-04-12 18:05:53,Political Rally,J030,MG Road,16729,Weekend,False,Clear,False,0.0,False,False,0.971,Severe,7.9,70.2,681.0,0.224,0.518,0.902,Heavy congestion detected - signal timing extended and reroute suggested
EVT407111,2026-03-03 06:53:45,Political Rally,J020,Malleshwaram Circle,16284,Weekday,False,Clear,False,0.0,False,False,0.507,Moderate,21.7,25.7,142.0,0.087,0.2,0.951,Moderate traffic flow - standard adaptive signal timing in effect
EVT407112,2025-11-19 17:43:31,Trade Fair,J030,MG Road,11037,Weekday,False,Clear,False,0.0,False,False,0.946,Severe,9.1,67.3,191.6,0.097,0.224,0.924,Heavy congestion detected - signal timing extended and reroute suggested
EVT407113,2025-11-05 19:31:36,Concert,J020,Malleshwaram Circle,8266,Weekday,False,Clear,False,0.0,False,False,0.891,Severe,12.1,62.0,345.2,0.165,0.381,0.951,Heavy congestion detected - signal timing extended and reroute suggested
EVT407114,2025-09-21 19:32:44,Local Market Day,J031,Cubbon Road,4911,Weekend,False,Clear,False,0.0,False,False,0.784,Severe,14.8,57.7,369.4,0.174,0.402,0.959,Heavy congestion detected - signal timing extended and reroute suggested
EVT407115,2025-01-02 18:09:55,Local Market Day,J009,Majestic,3522,Weekday,False,Clear,False,0.0,False,False,1.0,Severe,7.8,69.7,422.0,0.137,0.317,0.894,Heavy congestion detected - signal timing extended and reroute suggested
EVT407116,2025-10-04 10:11:30,Political Rally,J023,Basavanagudi,19044,Weekend,False,Rain,True,24.9,False,False,0.968,Severe,9.1,69.7,396.6,0.148,0.341,0.865,Heavy rain reducing visibility and grip - reduced speed and longer buffer advised
EVT407117,2025-10-26 08:11:35,Sports Fixture,J020,Malleshwaram Circle,31591,Weekend,False,Rain,True,7.9,False,False,1.0,Severe,7.6,68.8,575.1,0.206,0.477,0.87,Heavy rain reducing visibility and grip - reduced speed and longer buffer advised
EVT407118,2025-07-24 20:00:20,Local Market Day,J011,Indiranagar 100ft Road,2756,Weekday,False,Clear,False,0.0,False,False,0.723,High,15.3,44.1,369.3,0.194,0.448,0.955,Moderate traffic flow - standard adaptive signal timing in effect
EVT407119,2025-05-24 08:30:06,Local Market Day,J040,City Market,4200,Weekend,False,Clear,False,0.0,False,False,0.812,Severe,10.2,55.7,228.6,0.086,0.198,0.919,Heavy congestion detected - signal timing extended and reroute suggested
EVT407120,2026-01-11 18:08:18,Sports Fixture,J012,Koramangala Sony World,38412,Weekend,False,Clear,False,0.0,False,False,1.0,Severe,10.0,69.1,609.1,0.228,0.526,0.882,Heavy congestion detected - signal timing extended and reroute suggested
EVT407121,2026-02-16 05:38:48,Sports Fixture,J023,Basavanagudi,19091,Weekday,False,Clear,False,0.0,False,False,0.311,Low,28.5,24.2,179.5,0.129,0.299,0.935,Moderate traffic flow - standard adaptive signal timing in effect
EVT407122,2025-03-08 13:35:05,Trade Fair,J031,Cubbon Road,11693,Weekend,False,Clear,False,0.0,False,False,0.372,Moderate,29.1,18.4,72.3,0.043,0.099,0.953,Moderate traffic flow - standard adaptive signal timing in effect
EVT407123,2025-03-25 12:19:50,Local Market Day,J009,Majestic,2895,Weekday,False,Clear,False,0.0,False,False,0.169,Low,34.4,17.1,240.5,0.202,0.468,0.975,Normal free-flow traffic - standard signal timing maintained
EVT407124,2026-04-11 08:15:50,Local Market Day,J030,MG Road,3748,Weekend,False,Clear,False,0.0,False,False,0.678,High,19.0,50.9,278.5,0.175,0.404,0.955,Moderate traffic flow - standard adaptive signal timing in effect
EVT407125,2025-09-04 16:55:49,Trade Fair,J011,Indiranagar 100ft Road,12757,Weekday,False,Rain,True,24.8,False,False,1.0,Severe,9.0,78.9,830.4,0.31,0.717,0.86,Heavy rain reducing visibility and grip - reduced speed and longer buffer advised
EVT407126,2025-01-19 10:07:42,Sports Fixture,J011,Indiranagar 100ft Road,18155,Weekend,False,Clear,False,0.0,False,False,0.689,High,17.3,54.8,228.0,0.105,0.243,0.949,Moderate traffic flow - standard adaptive signal timing in effect
EVT407127,2025-09-10 21:52:42,Sports Fixture,J030,MG Road,21016,Weekday,False,Clear,False,0.0,False,False,0.374,Moderate,27.1,22.7,212.1,0.16,0.369,0.962,Moderate traffic flow - standard adaptive signal timing in effect
EVT407128,2026-06-24 17:59:38,Concert,J040,City Market,13577,Weekday,False,Heavy Rain,True,26.9,False,False,1.0,Severe,9.5,66.6,519.8,0.203,0.469,0.867,Heavy rain reducing visibility and grip - reduced speed and longer buffer advised
EVT407129,2026-06-03 07:28:28,Sports Fixture,J040,City Market,37348,Weekday,False,Clear,False,0.0,False,False,0.845,Severe,14.7,57.3,371.6,0.191,0.442,0.956,Heavy congestion detected - signal timing extended and reroute suggested
EVT407130,2025-11-20 13:32:30,Concert,J040,City Market,8951,Weekday,False,Clear,False,0.0,False,False,0.234,Low,33.1,14.8,101.7,0.076,0.175,0.976,Normal free-flow traffic - standard signal timing maintained
EVT407131,2025-10-21 05:59:06,Religious Festival,J020,Malleshwaram Circle,58302,Weekday,True,Clear,False,0.0,False,False,0.745,High,14.1,55.6,260.3,0.137,0.315,0.923,Festival crowd surge detected - alternate route and extended cycle recommended
EVT407132,2026-03-09 12:55:22,Political Rally,J040,City Market,20793,Weekday,False,Clear,False,0.0,False,False,0.31,Low,34.3,19.6,104.4,0.104,0.239,0.966,Moderate traffic flow - standard adaptive signal timing in effect
EVT407133,2025-09-10 10:01:36,Local Market Day,J011,Indiranagar 100ft Road,6273,Weekday,False,Clear,False,0.0,False,False,0.84,Severe,14.5,61.8,468.1,0.237,0.547,0.961,Heavy congestion detected - signal timing extended and reroute suggested
EVT407134,2025-06-22 18:33:14,Political Rally,J012,Koramangala Sony World,16175,Weekend,False,Rain,True,7.8,False,False,1.0,Severe,8.8,70.5,375.6,0.126,0.292,0.9,Heavy rain reducing visibility and grip - reduced speed and longer buffer advised
EVT407135,2025-05-17 18:40:36,Local Market Day,J011,Indiranagar 100ft Road,3362,Weekend,False,Fog,False,0.0,False,False,0.859,Severe,12.6,55.7,393.5,0.183,0.422,0.955,Heavy congestion detected - signal timing extended and reroute suggested
EVT407136,2026-01-10 19:46:08,Sports Fixture,J011,Indiranagar 100ft Road,31770,Weekend,False,Clear,False,0.0,False,False,0.849,Severe,10.1,53.6,512.5,0.208,0.481,0.969,Heavy congestion detected - signal timing extended and reroute suggested
EVT407137,2025-12-20 16:09:38,Local Market Day,J012,Koramangala Sony World,7188,Weekend,False,Clear,False,0.0,False,False,0.4,Moderate,18.6,25.1,205.6,0.115,0.267,0.977,Moderate traffic flow - standard adaptive signal timing in effect
EVT407138,2026-01-13 06:43:36,Sports Fixture,J011,Indiranagar 100ft Road,22311,Weekday,False,Clear,False,0.0,False,False,0.474,Moderate,28.7,34.4,207.5,0.163,0.375,0.973,Moderate traffic flow - standard adaptive signal timing in effect
EVT407139,2026-01-29 19:05:02,Local Market Day,J009,Majestic,5156,Weekday,False,Clear,False,0.0,False,False,0.948,Severe,10.6,64.2,420.0,0.164,0.378,0.942,Heavy congestion detected - signal timing extended and reroute suggested
EVT407140,2026-01-17 18:30:46,Trade Fair,J023,Basavanagudi,12125,Weekend,False,Clear,False,0.0,False,False,0.865,Severe,12.8,63.1,765.8,0.338,0.781,0.932,Heavy congestion detected - signal timing extended and reroute suggested
EVT407141,2026-03-10 14:03:47,Trade Fair,J030,MG Road,8486,Weekday,False,Light Rain,True,3.9,False,False,0.28,Low,28.0,24.4,137.2,0.096,0.221,0.905,Light rain detected - minor speed reduction advised
EVT407142,2026-01-31 08:23:28,Concert,J020,Malleshwaram Circle,18094,Weekend,False,Clear,False,0.0,False,False,0.87,Severe,13.7,57.4,382.0,0.184,0.424,0.935,Heavy congestion detected - signal timing extended and reroute suggested
EVT407143,2025-01-26 00:19:26,Religious Festival,J011,Indiranagar 100ft Road,33579,Weekend,True,Clear,False,0.0,False,False,0.663,High,20.0,47.3,180.0,0.116,0.269,0.924,Festival crowd surge detected - alternate route and extended cycle recommended
EVT407144,2025-08-14 10:43:40,Local Market Day,J020,Malleshwaram Circle,3489,Weekday,False,Heavy Rain,True,29.0,False,False,0.758,Severe,19.3,54.1,190.4,0.126,0.292,0.907,Heavy rain reducing visibility and grip - reduced speed and longer buffer advised
EVT407145,2025-08-29 09:49:57,Political Rally,J031,Cubbon Road,15131,Weekday,False,Heavy Rain,True,37.6,False,False,1.0,Severe,8.4,71.8,814.5,0.272,0.627,0.882,Heavy rain reducing visibility and grip - reduced speed and longer buffer advised
EVT407146,2025-11-17 09:54:40,Trade Fair,J030,MG Road,8700,Weekday,False,Clear,False,0.0,False,False,0.852,Severe,11.7,60.7,377.3,0.161,0.371,0.913,Heavy congestion detected - signal timing extended and reroute suggested
EVT407147,2025-11-26 07:53:12,Sports Fixture,J009,Majestic,16226,Weekday,False,Clear,False,0.0,False,False,0.786,Severe,14.0,56.7,293.2,0.144,0.333,0.953,Heavy congestion detected - signal timing extended and reroute suggested
EVT407148,2025-12-20 14:09:42,Concert,J011,Indiranagar 100ft Road,12663,Weekend,False,Clear,False,0.0,False,False,0.326,Low,24.0,25.2,199.7,0.12,0.278,0.981,Moderate traffic flow - standard adaptive signal timing in effect
EVT407149,2025-08-19 13:27:12,Political Rally,J012,Koramangala Sony World,15428,Weekday,False,Clear,False,0.0,False,False,0.21,Low,30.7,12.2,93.3,0.07,0.161,0.985,Normal free-flow traffic - standard signal timing maintained
EVT407150,2026-01-19 19:22:59,Political Rally,J040,City Market,13654,Weekday,False,Clear,False,0.0,False,False,0.947,Severe,9.2,63.7,249.7,0.104,0.24,0.916,Heavy congestion detected - signal timing extended and reroute suggested
EVT407151,2025-04-27 10:08:35,Trade Fair,J011,Indiranagar 100ft Road,4861,Weekend,False,Clear,False,0.0,False,False,0.706,High,19.9,45.9,218.9,0.127,0.294,0.953,Moderate traffic flow - standard adaptive signal timing in effect
EVT407152,2026-06-18 08:48:50,Political Rally,J031,Cubbon Road,17760,Weekday,False,Rain,True,18.7,False,False,1.0,Severe,8.5,67.3,514.9,0.189,0.436,0.866,Heavy rain reducing visibility and grip - reduced speed and longer buffer advised
EVT407153,2026-04-10 18:21:03,Sports Fixture,J031,Cubbon Road,17799,Weekday,False,Clear,False,0.0,False,False,1.0,Severe,8.9,68.5,753.1,0.265,0.612,0.909,Heavy congestion detected - signal timing extended and reroute suggested
EVT407154,2025-06-13 10:04:51,Local Market Day,J030,MG Road,3132,Weekday,False,Clear,False,0.0,False,False,0.777,Severe,15.1,56.6,368.2,0.198,0.458,0.956,Heavy congestion detected - signal timing extended and reroute suggested
EVT407155,2026-02-25 08:50:25,Local Market Day,J030,MG Road,1616,Weekday,False,Clear,False,0.0,False,False,0.94,Severe,9.4,71.5,644.4,0.262,0.605,0.911,Heavy congestion detected - signal timing extended and reroute suggested
EVT407156,2026-01-04 09:52:17,Local Market Day,J009,Majestic,4272,Weekend,False,Fog,False,0.0,False,False,0.724,High,18.3,50.5,221.0,0.139,0.322,0.972,Moderate traffic flow - standard adaptive signal timing in effect
EVT407157,2025-10-16 09:39:27,Sports Fixture,J012,Koramangala Sony World,28624,Weekday,False,Clear,False,0.0,False,False,1.0,Severe,8.1,76.8,628.2,0.22,0.508,0.901,Heavy congestion detected - signal timing extended and reroute suggested
EVT407158,2025-02-23 19:01:26,Sports Fixture,J030,MG Road,15704,Weekend,False,Clear,False,0.0,False,False,0.978,Severe,10.4,70.8,352.1,0.138,0.318,0.897,Heavy congestion detected - signal timing extended and reroute suggested
EVT407159,2025-11-28 13:27:34,Sports Fixture,J020,Malleshwaram Circle,16380,Weekday,False,Light Rain,True,4.9,False,False,0.317,Low,26.0,25.6,262.1,0.186,0.429,0.92,Light rain detected - minor speed reduction advised
EVT407160,2025-02-08 10:00:45,Political Rally,J020,Malleshwaram Circle,17418,Weekend,False,Clear,False,0.0,False,False,0.724,High,20.2,52.1,218.1,0.139,0.322,0.989,Moderate traffic flow - standard adaptive signal timing in effect
EVT407161,2026-05-03 08:00:40,Local Market Day,J009,Majestic,3658,Weekend,False,Heavy Rain,True,30.7,False,False,0.997,Severe,10.0,70.0,782.7,0.284,0.655,0.845,Heavy rain reducing visibility and grip - reduced speed and longer buffer advised
EVT407162,2025-12-04 07:07:37,Sports Fixture,J009,Majestic,27215,Weekday,False,Clear,False,0.0,False,False,0.649,High,23.5,48.8,163.4,0.127,0.293,0.982,Moderate traffic flow - standard adaptive signal timing in effect
EVT407163,2025-09-26 05:16:16,Political Rally,J023,Basavanagudi,13400,Weekday,False,Clear,False,0.0,False,False,0.222,Low,30.6,16.2,116.9,0.084,0.195,0.99,Normal free-flow traffic - standard signal timing maintained
EVT407164,2025-01-11 21:03:27,Concert,J040,City Market,14726,Weekend,False,Clear,False,0.0,False,False,0.462,Moderate,15.2,31.6,372.7,0.2,0.463,0.956,Moderate traffic flow - standard adaptive signal timing in effect
EVT407165,2025-03-05 20:30:08,Sports Fixture,J009,Majestic,20771,Weekday,False,Fog,False,0.0,False,False,0.684,High,14.7,49.9,498.8,0.249,0.575,0.975,Moderate traffic flow - standard adaptive signal timing in effect
EVT407166,2026-05-26 08:26:50,Sports Fixture,J040,City Market,32063,Weekday,False,Clear,False,0.0,False,False,1.0,Severe,7.4,73.6,309.1,0.108,0.249,0.93,Heavy congestion detected - signal timing extended and reroute suggested
EVT407167,2025-05-05 19:32:24,Local Market Day,J020,Malleshwaram Circle,3099,Weekday,False,Clear,False,0.0,False,False,0.887,Severe,13.8,63.8,435.0,0.235,0.544,0.947,Heavy congestion detected - signal timing extended and reroute suggested
EVT407168,2026-05-10 07:40:27,Local Market Day,J023,Basavanagudi,3907,Weekend,False,Rain,True,11.1,False,False,0.748,High,18.3,53.3,326.6,0.204,0.471,0.933,Heavy rain reducing visibility and grip - reduced speed and longer buffer advised
EVT407169,2025-04-27 19:16:26,Concert,J023,Basavanagudi,12685,Weekend,False,Clear,False,0.0,False,False,0.801,Severe,14.8,59.5,365.9,0.194,0.449,0.957,Heavy congestion detected - signal timing extended and reroute suggested
EVT407170,2026-02-20 00:03:34,Sports Fixture,J031,Cubbon Road,18544,Weekday,False,Clear,False,0.0,False,False,0.264,Low,31.8,15.0,107.2,0.098,0.227,0.963,Moderate traffic flow - standard adaptive signal timing in effect
EVT407171,2026-04-29 18:01:04,Concert,J040,City Market,8453,Weekday,False,Fog,False,0.0,False,False,1.0,Severe,8.8,74.4,250.4,0.1,0.231,0.936,Heavy congestion detected - signal timing extended and reroute suggested
EVT407172,2025-10-04 15:27:34,Trade Fair,J020,Malleshwaram Circle,15023,Weekend,False,Fog,False,0.0,False,False,0.382,Moderate,25.9,20.8,154.9,0.105,0.242,0.955,Moderate traffic flow - standard adaptive signal timing in effect
EVT407173,2025-09-12 07:45:08,Local Market Day,J040,City Market,4173,Weekday,False,Clear,False,0.0,False,False,0.678,High,23.0,50.7,307.9,0.241,0.556,0.944,Moderate traffic flow - standard adaptive signal timing in effect
EVT407174,2025-11-04 17:57:00,Sports Fixture,J031,Cubbon Road,19794,Weekday,False,Clear,False,0.0,False,False,1.0,Severe,8.6,80.2,551.2,0.234,0.541,0.923,Heavy congestion detected - signal timing extended and reroute suggested
EVT407175,2025-04-25 09:00:20,Trade Fair,J011,Indiranagar 100ft Road,9567,Weekday,False,Clear,False,0.0,False,False,1.0,Severe,8.8,66.2,586.3,0.225,0.519,0.917,Heavy congestion detected - signal timing extended and reroute suggested
EVT407176,2026-03-29 17:23:59,Trade Fair,J030,MG Road,6795,Weekend,False,Clear,False,0.0,False,False,0.79,Severe,15.0,56.7,266.2,0.138,0.319,0.959,Heavy congestion detected - signal timing extended and reroute suggested
EVT407177,2025-01-25 09:05:32,Concert,J040,City Market,21083,Weekend,False,Fog,False,0.0,False,False,0.945,Severe,8.5,68.6,516.5,0.179,0.414,0.901,Heavy congestion detected - signal timing extended and reroute suggested
EVT407178,2025-09-16 18:53:43,Local Market Day,J030,MG Road,2467,Weekday,False,Heavy Rain,True,45.5,False,False,1.0,Severe,7.1,73.2,600.6,0.173,0.4,0.859,Heavy rain reducing visibility and grip - reduced speed and longer buffer advised
EVT407179,2026-01-01 20:04:45,Religious Festival,J030,MG Road,37289,Weekday,True,Clear,False,0.0,False,True,1.0,Severe,7.8,102.6,541.4,0.181,0.417,0.835,Road closure for event/procession - full detour recommended for through-traffic
EVT407180,2026-05-14 20:42:59,Trade Fair,J023,Basavanagudi,6005,Weekday,False,Clear,False,0.0,False,False,0.614,High,17.2,41.9,184.4,0.105,0.243,0.951,Moderate traffic flow - standard adaptive signal timing in effect
EVT407181,2025-02-27 14:40:06,Local Market Day,J009,Majestic,5602,Weekday,False,Light Rain,True,0.5,False,False,0.303,Low,30.2,22.9,193.4,0.168,0.389,0.931,Light rain detected - minor speed reduction advised
EVT407182,2025-06-23 17:24:25,Concert,J011,Indiranagar 100ft Road,7589,Weekday,False,Rain,True,23.5,False,False,1.0,Severe,7.8,70.7,250.3,0.102,0.235,0.86,Heavy rain reducing visibility and grip - reduced speed and longer buffer advised
EVT407183,2026-02-19 16:47:46,Trade Fair,J009,Majestic,4258,Weekday,False,Clear,False,0.0,False,False,0.636,High,23.9,45.6,398.2,0.299,0.691,0.934,Moderate traffic flow - standard adaptive signal timing in effect
EVT407184,2026-04-30 20:41:39,Political Rally,J020,Malleshwaram Circle,23212,Weekday,False,Clear,False,0.0,False,False,0.662,High,16.6,48.4,313.8,0.194,0.448,0.954,Moderate traffic flow - standard adaptive signal timing in effect
EVT407185,2025-03-02 08:43:07,Local Market Day,J023,Basavanagudi,5261,Weekend,False,Clear,False,0.0,False,False,0.878,Severe,12.9,68.2,147.9,0.079,0.182,0.936,Heavy congestion detected - signal timing extended and reroute suggested
EVT407186,2025-10-31 15:52:11,Trade Fair,J030,MG Road,4562,Weekday,False,Clear,False,0.0,False,False,0.453,Moderate,29.6,41.3,224.0,0.192,0.444,0.97,Moderate traffic flow - standard adaptive signal timing in effect
EVT407187,2025-11-26 18:20:26,Sports Fixture,J030,MG Road,21253,Weekday,False,Clear,False,0.0,False,False,1.0,Severe,8.7,75.7,464.4,0.184,0.425,0.913,Heavy congestion detected - signal timing extended and reroute suggested
EVT407188,2025-09-25 18:55:16,Concert,J030,MG Road,12646,Weekday,False,Clear,False,0.0,False,False,1.0,Severe,8.7,72.5,473.8,0.155,0.357,0.913,Heavy congestion detected - signal timing extended and reroute suggested
EVT407189,2025-11-02 14:44:20,Cultural Procession,J011,Indiranagar 100ft Road,14823,Weekend,True,Clear,False,0.0,False,False,0.594,High,18.1,43.4,171.9,0.108,0.251,0.919,Festival crowd surge detected - alternate route and extended cycle recommended
EVT407190,2026-06-14 21:09:38,Sports Fixture,J040,City Market,27323,Weekend,False,Fog,False,0.0,False,False,0.609,High,19.1,44.8,217.6,0.13,0.3,0.956,Moderate traffic flow - standard adaptive signal timing in effect
EVT407191,2025-02-13 08:51:41,Concert,J040,City Market,20823,Weekday,False,Clear,False,0.0,False,False,1.0,Severe,8.1,68.3,664.5,0.234,0.541,0.921,Heavy congestion detected - signal timing extended and reroute suggested
EVT407192,2025-06-28 06:00:49,Sports Fixture,J023,Basavanagudi,32056,Weekend,False,Clear,False,0.0,False,False,0.446,Moderate,25.4,34.6,203.6,0.156,0.359,0.99,Moderate traffic flow - standard adaptive signal timing in effect
EVT407193,2026-04-18 08:40:11,Political Rally,J020,Malleshwaram Circle,16449,Weekend,False,Clear,False,0.0,False,False,0.875,Severe,12.1,69.9,290.9,0.138,0.319,0.956,Heavy congestion detected - signal timing extended and reroute suggested
EVT407194,2026-01-15 23:33:16,Religious Festival,J031,Cubbon Road,33733,Weekday,True,Clear,False,0.0,False,False,0.539,Moderate,22.1,38.0,324.8,0.228,0.526,0.891,Festival crowd surge detected - alternate route and extended cycle recommended
EVT407195,2025-06-27 22:24:06,Concert,J023,Basavanagudi,9842,Weekday,False,Clear,False,0.0,False,False,0.315,Low,28.8,17.6,64.4,0.064,0.148,0.955,Moderate traffic flow - standard adaptive signal timing in effect
EVT407196,2025-11-07 16:42:37,Concert,J030,MG Road,24195,Weekday,False,Light Rain,True,4.4,False,False,0.911,Severe,10.8,63.0,479.2,0.201,0.463,0.862,Heavy rain reducing visibility and grip - reduced speed and longer buffer advised
EVT407197,2025-05-09 09:18:30,Political Rally,J040,City Market,11775,Weekday,False,Clear,False,0.0,False,False,0.96,Severe,11.6,68.8,312.3,0.147,0.339,0.929,Heavy congestion detected - signal timing extended and reroute suggested
EVT407198,2026-05-16 12:12:32,Trade Fair,J020,Malleshwaram Circle,11536,Weekend,False,Clear,False,0.0,False,False,0.341,Low,25.2,29.2,254.4,0.195,0.451,0.963,Moderate traffic flow - standard adaptive signal timing in effect
EVT407199,2025-07-24 18:27:55,Concert,J011,Indiranagar 100ft Road,12264,Weekday,False,Clear,False,0.0,False,False,1.0,Severe,9.1,62.6,451.2,0.185,0.426,0.924,Heavy congestion detected - signal timing extended and reroute suggested
EVT407200,2025-09-27 18:46:19,Sports Fixture,J023,Basavanagudi,31986,Weekend,False,Heavy Rain,True,39.7,False,False,1.0,Severe,7.2,75.3,954.7,0.273,0.632,0.866,Heavy rain reducing visibility and grip - reduced speed and longer buffer advised
EVT407201,2026-03-28 20:20:52,Local Market Day,J009,Majestic,7245,Weekend,False,Clear,False,0.0,False,False,0.585,High,21.0,44.2,193.3,0.12,0.277,0.977,Moderate traffic flow - standard adaptive signal timing in effect
EVT407202,2026-05-08 08:14:57,Concert,J031,Cubbon Road,11066,Weekday,False,Clear,False,0.0,False,False,0.921,Severe,10.7,68.4,450.1,0.151,0.348,0.913,Heavy congestion detected - signal timing extended and reroute suggested
EVT407203,2025-06-26 10:43:36,Sports Fixture,J009,Majestic,22888,Weekday,False,Rain,True,9.7,False,False,0.683,High,20.3,46.1,166.1,0.115,0.266,0.919,Heavy rain reducing visibility and grip - reduced speed and longer buffer advised
EVT407204,2025-12-09 10:48:50,Concert,J020,Malleshwaram Circle,11409,Weekday,False,Clear,False,0.0,False,False,0.55,High,22.0,38.1,139.3,0.098,0.227,0.955,Moderate traffic flow - standard adaptive signal timing in effect
EVT407205,2026-02-25 05:33:50,Local Market Day,J012,Koramangala Sony World,4223,Weekday,False,Clear,False,0.0,False,False,0.211,Low,30.9,14.2,130.2,0.099,0.228,0.953,Normal free-flow traffic - standard signal timing maintained
EVT407206,2025-11-21 19:51:32,Concert,J011,Indiranagar 100ft Road,12977,Weekday,False,Clear,False,0.0,False,False,0.82,Severe,12.3,59.5,417.5,0.186,0.43,0.946,Heavy congestion detected - signal timing extended and reroute suggested
EVT407207,2025-03-28 19:37:51,Local Market Day,J020,Malleshwaram Circle,1680,Weekday,False,Clear,False,0.0,False,False,0.8,Severe,14.4,55.2,426.6,0.189,0.436,0.956,Heavy congestion detected - signal timing extended and reroute suggested
EVT407208,2026-04-24 05:07:27,Trade Fair,J031,Cubbon Road,11469,Weekday,False,Clear,False,0.0,False,False,0.295,Low,28.2,20.9,70.3,0.043,0.1,0.969,Moderate traffic flow - standard adaptive signal timing in effect
EVT407209,2025-06-12 11:25:09,Local Market Day,J030,MG Road,5641,Weekday,False,Light Rain,True,4.3,False,False,0.378,Moderate,25.5,29.9,227.8,0.176,0.406,0.918,Light rain detected - minor speed reduction advised
EVT407210,2025-01-17 07:59:07,Local Market Day,J009,Majestic,6907,Weekday,False,Fog,False,0.0,False,False,0.782,Severe,13.4,53.8,309.8,0.134,0.31,0.99,Heavy congestion detected - signal timing extended and reroute suggested
EVT407211,2025-09-05 17:25:17,Cultural Procession,J031,Cubbon Road,23289,Weekday,True,Heavy Rain,True,37.9,False,True,1.0,Severe,8.1,106.5,509.8,0.183,0.424,0.78,Road closure for event/procession - full detour recommended for through-traffic
EVT407212,2025-12-25 21:52:14,Religious Festival,J030,MG Road,75763,Weekday,True,Clear,False,0.0,False,False,0.965,Severe,10.8,69.2,381.0,0.176,0.407,0.87,Festival crowd surge detected - alternate route and extended cycle recommended
EVT407213,2025-06-18 22:37:52,Sports Fixture,J040,City Market,27035,Weekday,False,Rain,True,23.2,False,False,0.542,Moderate,24.3,36.7,176.7,0.138,0.319,0.936,Light rain detected - minor speed reduction advised
EVT407214,2025-04-09 20:58:45,Local Market Day,J012,Koramangala Sony World,5658,Weekday,False,Clear,False,0.0,False,False,0.414,Moderate,27.6,35.1,178.8,0.142,0.328,0.969,Moderate traffic flow - standard adaptive signal timing in effect
EVT407215,2025-01-12 09:33:49,Trade Fair,J012,Koramangala Sony World,6337,Weekend,False,Clear,False,0.0,False,False,0.797,Severe,14.9,60.9,354.8,0.159,0.368,0.977,Heavy congestion detected - signal timing extended and reroute suggested
EVT407216,2025-05-05 08:19:08,Sports Fixture,J009,Majestic,14960,Weekday,False,Clear,False,0.0,False,False,0.924,Severe,12.0,67.7,311.9,0.137,0.316,0.948,Heavy congestion detected - signal timing extended and reroute suggested
EVT407217,2025-09-13 10:12:35,Political Rally,J009,Majestic,32263,Weekend,False,Clear,False,0.0,False,False,0.834,Severe,11.6,56.7,258.7,0.118,0.272,0.957,Heavy congestion detected - signal timing extended and reroute suggested
EVT407218,2026-06-05 11:02:51,Local Market Day,J031,Cubbon Road,3349,Weekday,False,Heavy Rain,True,31.4,False,False,0.745,High,19.5,50.2,107.4,0.075,0.172,0.929,Heavy rain reducing visibility and grip - reduced speed and longer buffer advised
EVT407219,2026-06-12 07:39:37,Political Rally,J012,Koramangala Sony World,15846,Weekday,False,Clear,False,0.0,False,False,0.804,Severe,13.4,56.2,133.7,0.079,0.184,0.937,Heavy congestion detected - signal timing extended and reroute suggested
EVT407220,2026-03-17 07:46:27,Concert,J030,MG Road,6497,Weekday,False,Clear,False,0.0,False,False,0.824,Severe,13.7,56.0,384.0,0.178,0.411,0.958,Heavy congestion detected - signal timing extended and reroute suggested
EVT407221,2025-01-11 20:35:45,Concert,J031,Cubbon Road,5509,Weekend,False,Clear,False,0.0,False,False,0.472,Moderate,26.2,28.2,238.4,0.172,0.398,0.956,Moderate traffic flow - standard adaptive signal timing in effect
EVT407222,2025-03-06 17:10:30,Local Market Day,J040,City Market,3889,Weekday,False,Clear,False,0.0,False,False,0.755,Severe,21.1,52.1,203.3,0.139,0.321,0.99,Heavy congestion detected - signal timing extended and reroute suggested
EVT407223,2025-01-07 06:59:17,Local Market Day,J023,Basavanagudi,8876,Weekday,False,Clear,False,0.0,False,False,0.388,Moderate,34.9,27.6,58.6,0.066,0.152,0.968,Moderate traffic flow - standard adaptive signal timing in effect
EVT407224,2026-03-19 17:51:46,Religious Festival,J023,Basavanagudi,22594,Weekday,True,Clear,False,0.0,False,False,1.0,Severe,10.7,75.9,705.8,0.288,0.666,0.845,Festival crowd surge detected - alternate route and extended cycle recommended
EVT407225,2026-05-30 04:24:51,Political Rally,J040,City Market,19645,Weekend,False,Heavy Rain,True,46.3,False,False,0.6,High,19.3,40.5,241.5,0.132,0.305,0.926,Heavy rain reducing visibility and grip - reduced speed and longer buffer advised
EVT407226,2025-05-05 18:14:47,Sports Fixture,J030,MG Road,22711,Weekday,False,Clear,False,0.0,False,False,1.0,Severe,8.8,71.2,694.5,0.227,0.524,0.906,Heavy congestion detected - signal timing extended and reroute suggested
EVT407227,2025-12-21 18:02:37,Sports Fixture,J012,Koramangala Sony World,23978,Weekend,False,Clear,False,0.0,False,False,0.869,Severe,13.5,61.2,409.2,0.202,0.467,0.927,Heavy congestion detected - signal timing extended and reroute suggested
EVT407228,2025-01-09 18:08:29,Local Market Day,J040,City Market,4556,Weekday,False,Clear,False,0.0,False,False,0.94,Severe,13.0,63.9,336.7,0.169,0.391,0.934,Heavy congestion detected - signal timing extended and reroute suggested
EVT407229,2026-03-16 07:15:10,Sports Fixture,J011,Indiranagar 100ft Road,13855,Weekday,False,Light Rain,True,3.5,False,False,0.641,High,21.8,49.7,150.7,0.093,0.216,0.92,Heavy rain reducing visibility and grip - reduced speed and longer buffer advised
EVT407230,2025-08-22 10:39:00,Concert,J030,MG Road,10358,Weekday,False,Clear,False,0.0,False,False,0.628,High,19.5,47.4,148.5,0.101,0.232,0.948,Moderate traffic flow - standard adaptive signal timing in effect
EVT407231,2025-03-07 11:52:11,Trade Fair,J009,Majestic,15484,Weekday,False,Clear,False,0.0,False,False,0.273,Low,34.2,21.2,125.4,0.133,0.306,0.97,Moderate traffic flow - standard adaptive signal timing in effect
EVT407232,2025-06-30 10:10:33,Local Market Day,J012,Koramangala Sony World,3604,Weekday,False,Clear,False,0.0,False,False,0.751,Severe,20.3,56.3,225.7,0.143,0.33,0.949,Heavy congestion detected - signal timing extended and reroute suggested
EVT407233,2026-05-26 18:41:19,Sports Fixture,J011,Indiranagar 100ft Road,30010,Weekday,False,Clear,False,0.0,False,False,1.0,Severe,9.7,68.2,648.2,0.24,0.553,0.915,Heavy congestion detected - signal timing extended and reroute suggested
EVT407234,2025-11-04 19:13:02,Concert,J023,Basavanagudi,9645,Weekday,False,Clear,False,0.0,False,False,0.981,Severe,9.6,64.0,407.2,0.162,0.375,0.914,Heavy congestion detected - signal timing extended and reroute suggested
EVT407235,2025-07-25 08:48:31,Political Rally,J012,Koramangala Sony World,12282,Weekday,False,Rain,True,12.1,False,False,1.0,Severe,8.0,77.9,972.8,0.28,0.646,0.862,Heavy rain reducing visibility and grip - reduced speed and longer buffer advised
EVT407236,2025-07-03 20:01:23,Trade Fair,J030,MG Road,14216,Weekday,False,Heavy Rain,True,46.3,False,False,1.0,Severe,7.9,77.0,632.2,0.21,0.485,0.841,Heavy rain reducing visibility and grip - reduced speed and longer buffer advised
EVT407237,2025-03-27 16:45:43,Trade Fair,J031,Cubbon Road,9664,Weekday,False,Clear,False,0.0,False,False,0.715,High,17.2,59.4,290.5,0.173,0.4,0.989,Moderate traffic flow - standard adaptive signal timing in effect
EVT407238,2025-11-18 19:52:49,Sports Fixture,J023,Basavanagudi,19795,Weekday,False,Clear,False,0.0,False,False,0.886,Severe,12.6,61.3,260.3,0.12,0.278,0.928,Heavy congestion detected - signal timing extended and reroute suggested
EVT407239,2026-05-21 14:27:02,Local Market Day,J020,Malleshwaram Circle,1862,Weekday,False,Fog,False,0.0,False,False,0.25,Low,37.2,15.9,93.8,0.091,0.211,0.99,Moderate traffic flow - standard adaptive signal timing in effect
EVT407240,2025-03-26 07:24:20,Local Market Day,J011,Indiranagar 100ft Road,3728,Weekday,False,Clear,False,0.0,False,False,0.592,High,29.0,44.0,265.7,0.198,0.458,0.961,Moderate traffic flow - standard adaptive signal timing in effect
EVT407241,2025-05-04 08:15:38,Concert,J009,Majestic,8186,Weekend,False,Clear,False,0.0,False,False,0.79,Severe,14.5,57.8,251.2,0.137,0.316,0.948,Heavy congestion detected - signal timing extended and reroute suggested
EVT407242,2026-01-24 17:31:30,Sports Fixture,J023,Basavanagudi,26554,Weekend,False,Clear,False,0.0,False,False,0.962,Severe,8.9,69.8,563.8,0.213,0.491,0.936,Heavy congestion detected - signal timing extended and reroute suggested
EVT407243,2025-12-20 17:27:52,Trade Fair,J040,City Market,15619,Weekend,False,Clear,False,0.0,False,False,0.763,Severe,18.7,60.9,333.5,0.198,0.458,0.952,Heavy congestion detected - signal timing extended and reroute suggested
EVT407244,2025-12-27 12:33:09,Trade Fair,J011,Indiranagar 100ft Road,6648,Weekend,False,Clear,False,0.0,False,False,0.289,Low,26.0,20.9,115.0,0.089,0.206,0.951,Moderate traffic flow - standard adaptive signal timing in effect
EVT407245,2025-11-25 19:56:46,Political Rally,J030,MG Road,9454,Weekday,False,Rain,True,16.7,False,False,0.957,Severe,9.0,70.9,712.6,0.245,0.566,0.869,Heavy rain reducing visibility and grip - reduced speed and longer buffer advised
EVT407246,2025-12-15 18:40:22,Local Market Day,J020,Malleshwaram Circle,3746,Weekday,False,Clear,False,0.0,False,False,1.0,Severe,7.7,72.2,780.8,0.254,0.588,0.893,Heavy congestion detected - signal timing extended and reroute suggested
EVT407247,2025-02-02 08:43:00,Local Market Day,J023,Basavanagudi,2765,Weekend,False,Clear,False,0.0,False,False,0.86,Severe,11.3,61.2,363.5,0.145,0.334,0.93,Heavy congestion detected - signal timing extended and reroute suggested
EVT407248,2025-07-14 15:53:36,Trade Fair,J009,Majestic,6699,Weekday,False,Heavy Rain,True,71.4,False,False,0.768,Severe,14.8,57.3,460.6,0.237,0.547,0.898,Heavy rain reducing visibility and grip - reduced speed and longer buffer advised
EVT407249,2025-06-05 10:51:54,Trade Fair,J030,MG Road,8582,Weekday,False,Heavy Rain,True,75.6,False,False,0.903,Severe,13.4,68.7,377.9,0.185,0.428,0.876,Heavy rain reducing visibility and grip - reduced speed and longer buffer advised
EVT407250,2026-01-15 18:11:44,Religious Festival,J011,Indiranagar 100ft Road,47041,Weekday,True,Clear,False,0.0,False,True,1.0,Severe,9.6,97.7,327.7,0.126,0.29,0.842,Road closure for event/procession - full detour recommended for through-traffic
EVT407251,2025-03-23 15:52:36,Local Market Day,J009,Majestic,3843,Weekend,False,Clear,False,0.0,False,False,0.419,Moderate,33.5,31.6,155.1,0.16,0.37,0.986,Moderate traffic flow - standard adaptive signal timing in effect
EVT407252,2025-12-09 13:20:19,Local Market Day,J031,Cubbon Road,2530,Weekday,False,Clear,False,0.0,False,False,0.146,Low,22.6,4.5,206.5,0.13,0.3,0.968,Normal free-flow traffic - standard signal timing maintained
EVT407253,2025-01-25 10:55:46,Concert,J009,Majestic,11410,Weekend,False,Clear,False,0.0,False,False,0.521,Moderate,21.5,36.6,286.0,0.185,0.427,0.945,Moderate traffic flow - standard adaptive signal timing in effect
EVT407254,2025-07-20 10:32:02,Sports Fixture,J011,Indiranagar 100ft Road,20587,Weekend,False,Heavy Rain,True,38.7,False,False,1.0,Severe,7.8,69.0,677.0,0.23,0.531,0.87,Heavy rain reducing visibility and grip - reduced speed and longer buffer advised
EVT407255,2025-05-09 20:53:00,Sports Fixture,J040,City Market,25913,Weekday,False,Rain,True,17.8,False,False,0.711,High,19.2,50.6,185.4,0.125,0.289,0.925,Heavy rain reducing visibility and grip - reduced speed and longer buffer advised
EVT407256,2025-07-17 20:11:38,Concert,J031,Cubbon Road,8218,Weekday,False,Rain,True,12.3,False,False,0.832,Severe,13.8,57.4,521.8,0.229,0.529,0.865,Heavy rain reducing visibility and grip - reduced speed and longer buffer advised
EVT407257,2025-12-25 16:41:26,Religious Festival,J030,MG Road,45553,Weekday,True,Clear,False,0.0,False,True,1.0,Severe,7.4,97.1,744.5,0.248,0.572,0.83,Road closure for event/procession - full detour recommended for through-traffic
EVT407258,2025-12-15 08:04:32,Trade Fair,J030,MG Road,12092,Weekday,False,Clear,False,0.0,False,False,0.954,Severe,9.6,69.8,295.6,0.143,0.331,0.924,Heavy congestion detected - signal timing extended and reroute suggested
EVT407259,2025-04-15 17:57:15,Cultural Procession,J011,Indiranagar 100ft Road,17975,Weekday,True,Clear,False,0.0,False,True,1.0,Severe,7.0,97.9,497.5,0.168,0.387,0.852,Road closure for event/procession - full detour recommended for through-traffic
EVT407260,2025-10-09 08:49:51,Trade Fair,J011,Indiranagar 100ft Road,7425,Weekday,False,Clear,False,0.0,False,False,1.0,Severe,7.6,67.6,556.3,0.164,0.38,0.893,Heavy congestion detected - signal timing extended and reroute suggested
EVT407261,2025-06-29 06:10:38,Local Market Day,J030,MG Road,4089,Weekend,False,Clear,False,0.0,False,False,0.34,Low,28.3,28.5,227.2,0.175,0.403,0.968,Moderate traffic flow - standard adaptive signal timing in effect
EVT407262,2026-04-01 12:39:31,Trade Fair,J023,Basavanagudi,7707,Weekday,False,Clear,False,0.0,False,False,0.196,Low,34.0,16.6,92.6,0.088,0.204,0.963,Normal free-flow traffic - standard signal timing maintained
EVT407263,2025-11-02 15:35:12,Fireworks Display,J012,Koramangala Sony World,25530,Weekend,True,Rain,True,14.6,False,False,0.852,Severe,13.5,61.3,308.0,0.146,0.337,0.843,Festival crowd surge detected - alternate route and extended cycle recommended
EVT407264,2025-07-24 12:30:28,Trade Fair,J030,MG Road,15042,Weekday,False,Heavy Rain,True,38.1,False,False,0.617,High,22.0,40.6,169.8,0.099,0.228,0.899,Heavy rain reducing visibility and grip - reduced speed and longer buffer advised
EVT407265,2025-08-18 21:05:07,Concert,J009,Majestic,9386,Weekday,False,Rain,True,17.1,False,False,0.602,High,20.4,49.6,317.0,0.228,0.526,0.908,Heavy rain reducing visibility and grip - reduced speed and longer buffer advised
EVT407266,2025-10-14 16:57:39,Trade Fair,J020,Malleshwaram Circle,5452,Weekday,False,Clear,False,0.0,False,False,0.641,High,21.2,46.4,271.2,0.189,0.437,0.968,Moderate traffic flow - standard adaptive signal timing in effect
EVT407267,2025-10-09 17:33:00,Concert,J020,Malleshwaram Circle,12090,Weekday,False,Rain,True,16.0,True,False,1.0,Severe,9.1,67.7,435.5,0.165,0.381,0.717,Accident detected nearby - reroute and reduced speed advised
EVT407268,2025-02-09 10:05:15,Sports Fixture,J031,Cubbon Road,38831,Weekend,False,Clear,False,0.0,False,False,0.968,Severe,8.8,71.2,636.2,0.223,0.515,0.937,Heavy congestion detected - signal timing extended and reroute suggested
EVT407269,2025-10-26 21:16:57,Political Rally,J031,Cubbon Road,20118,Weekend,False,Clear,False,0.0,False,False,0.455,Moderate,27.0,33.5,127.6,0.105,0.242,0.973,Moderate traffic flow - standard adaptive signal timing in effect
EVT407270,2026-01-10 18:59:32,Political Rally,J012,Koramangala Sony World,10643,Weekend,False,Light Rain,True,2.1,False,False,0.975,Severe,8.7,66.1,560.1,0.201,0.463,0.888,Heavy rain reducing visibility and grip - reduced speed and longer buffer advised
EVT407271,2025-09-13 17:30:01,Political Rally,J009,Majestic,13293,Weekend,False,Heavy Rain,True,38.3,False,False,1.0,Severe,8.7,71.0,425.7,0.141,0.327,0.873,Heavy rain reducing visibility and grip - reduced speed and longer buffer advised
EVT407272,2026-04-05 17:28:30,Concert,J040,City Market,21145,Weekend,False,Clear,False,0.0,False,False,0.819,Severe,14.8,62.4,206.6,0.104,0.241,0.924,Heavy congestion detected - signal timing extended and reroute suggested
EVT407273,2025-09-23 09:55:13,Political Rally,J023,Basavanagudi,9515,Weekday,False,Rain,True,13.2,False,False,1.0,Severe,7.5,71.4,493.5,0.171,0.394,0.85,Heavy rain reducing visibility and grip - reduced speed and longer buffer advised
EVT407274,2025-08-03 13:00:05,Concert,J031,Cubbon Road,15107,Weekend,False,Rain,True,23.6,False,False,0.535,Moderate,23.5,36.9,236.3,0.159,0.368,0.897,Light rain detected - minor speed reduction advised
EVT407275,2025-11-13 22:36:14,Trade Fair,J011,Indiranagar 100ft Road,8309,Weekday,False,Clear,False,0.0,False,False,0.209,Low,38.4,17.1,43.3,0.046,0.107,0.934,Normal free-flow traffic - standard signal timing maintained
EVT407276,2025-07-31 15:21:37,Local Market Day,J030,MG Road,3358,Weekday,False,Heavy Rain,True,40.8,False,False,0.635,High,22.1,47.8,206.5,0.139,0.322,0.906,Heavy rain reducing visibility and grip - reduced speed and longer buffer advised
EVT407277,2025-05-04 09:36:08,Concert,J040,City Market,10900,Weekend,False,Rain,True,16.0,True,False,1.0,Severe,7.2,70.6,575.8,0.166,0.384,0.733,Accident detected nearby - reroute and reduced speed advised
EVT407278,2025-05-25 18:59:35,Concert,J031,Cubbon Road,11613,Weekend,False,Clear,False,0.0,False,False,0.897,Severe,12.3,66.9,355.8,0.174,0.403,0.942,Heavy congestion detected - signal timing extended and reroute suggested
EVT407279,2025-12-26 18:51:16,Fireworks Display,J031,Cubbon Road,32384,Weekday,True,Clear,False,0.0,False,False,1.0,Severe,8.4,74.5,560.6,0.215,0.496,0.879,Festival crowd surge detected - alternate route and extended cycle recommended
EVT407280,2026-04-02 18:35:06,Trade Fair,J030,MG Road,13178,Weekday,False,Clear,False,0.0,False,False,1.0,Severe,8.0,67.7,618.0,0.198,0.458,0.904,Heavy congestion detected - signal timing extended and reroute suggested
EVT407281,2026-06-17 10:57:11,Trade Fair,J011,Indiranagar 100ft Road,12149,Weekday,False,Light Rain,True,6.1,False,False,0.582,High,25.0,41.5,158.3,0.115,0.267,0.915,Heavy rain reducing visibility and grip - reduced speed and longer buffer advised
EVT407282,2025-07-08 19:53:32,Concert,J040,City Market,14765,Weekday,False,Heavy Rain,True,64.5,False,False,1.0,Severe,6.7,72.5,810.0,0.226,0.521,0.87,Heavy rain reducing visibility and grip - reduced speed and longer buffer advised
EVT407283,2025-03-08 09:20:05,Local Market Day,J020,Malleshwaram Circle,7075,Weekend,False,Clear,False,0.0,False,False,0.898,Severe,11.1,67.4,404.7,0.186,0.43,0.945,Heavy congestion detected - signal timing extended and reroute suggested
EVT407284,2025-05-05 11:37:21,Sports Fixture,J012,Koramangala Sony World,14004,Weekday,False,Rain,True,8.4,False,False,0.505,Moderate,18.4,31.1,146.0,0.078,0.18,0.895,Light rain detected - minor speed reduction advised
EVT407285,2026-05-24 05:08:31,Sports Fixture,J012,Koramangala Sony World,37601,Weekend,False,Clear,False,0.0,False,False,0.482,Moderate,23.9,34.3,134.4,0.085,0.197,0.937,Moderate traffic flow - standard adaptive signal timing in effect
EVT407286,2025-11-08 19:28:45,Sports Fixture,J040,City Market,23043,Weekend,False,Clear,False,0.0,False,False,0.836,Severe,16.4,65.2,214.6,0.131,0.303,0.962,Heavy congestion detected - signal timing extended and reroute suggested
EVT407287,2026-05-26 16:02:04,Local Market Day,J031,Cubbon Road,5374,Weekday,False,Clear,False,0.0,False,False,0.473,Moderate,27.1,31.7,198.0,0.178,0.411,0.987,Moderate traffic flow - standard adaptive signal timing in effect
EVT407288,2025-11-13 16:17:52,Trade Fair,J030,MG Road,10985,Weekday,False,Clear,False,0.0,False,False,0.54,Moderate,23.5,33.4,104.0,0.068,0.157,0.945,Moderate traffic flow - standard adaptive signal timing in effect
EVT407289,2026-05-20 14:15:06,Local Market Day,J031,Cubbon Road,3229,Weekday,False,Clear,False,0.0,False,False,0.246,Low,27.0,16.8,118.0,0.087,0.2,0.981,Normal free-flow traffic - standard signal timing maintained
EVT407290,2025-05-16 07:38:13,Political Rally,J009,Majestic,16112,Weekday,False,Fog,False,0.0,False,False,0.697,High,14.5,47.5,365.1,0.164,0.379,0.96,Moderate traffic flow - standard adaptive signal timing in effect
EVT407291,2026-05-21 08:02:15,Concert,J023,Basavanagudi,20650,Weekday,False,Clear,False,0.0,False,False,0.926,Severe,8.5,65.1,476.6,0.17,0.393,0.913,Heavy congestion detected - signal timing extended and reroute suggested
EVT407292,2025-05-08 10:21:54,Concert,J023,Basavanagudi,12135,Weekday,False,Clear,False,0.0,False,False,0.658,High,17.3,50.6,292.3,0.19,0.439,0.985,Moderate traffic flow - standard adaptive signal timing in effect
EVT407293,2025-10-02 17:51:28,Fireworks Display,J031,Cubbon Road,24068,Weekday,True,Clear,False,0.0,False,False,1.0,Severe,9.0,70.9,387.4,0.145,0.336,0.882,Festival crowd surge detected - alternate route and extended cycle recommended
EVT407294,2026-02-05 07:40:39,Concert,J030,MG Road,9425,Weekday,False,Clear,False,0.0,False,False,0.701,High,22.4,48.8,161.7,0.103,0.238,0.96,Moderate traffic flow - standard adaptive signal timing in effect
EVT407295,2025-11-17 18:43:37,Concert,J030,MG Road,8280,Weekday,False,Clear,False,0.0,False,False,1.0,Severe,6.5,70.1,466.8,0.138,0.319,0.933,Heavy congestion detected - signal timing extended and reroute suggested
EVT407296,2025-01-30 17:56:26,Sports Fixture,J030,MG Road,40083,Weekday,False,Clear,False,0.0,False,False,1.0,Severe,8.7,71.9,941.9,0.329,0.76,0.916,Heavy congestion detected - signal timing extended and reroute suggested
EVT407297,2026-03-10 07:05:02,Local Market Day,J031,Cubbon Road,8120,Weekday,False,Clear,False,0.0,False,False,0.496,Moderate,23.2,33.2,207.3,0.124,0.286,0.971,Moderate traffic flow - standard adaptive signal timing in effect
EVT407298,2026-01-20 12:09:22,Local Market Day,J020,Malleshwaram Circle,5231,Weekday,False,Clear,False,0.0,False,False,0.188,Low,34.5,13.3,174.2,0.168,0.389,0.951,Normal free-flow traffic - standard signal timing maintained
EVT407299,2026-06-19 13:47:02,Sports Fixture,J040,City Market,50453,Weekday,False,Heavy Rain,True,126.6,False,False,0.839,Severe,16.1,60.6,289.0,0.159,0.367,0.9,Heavy rain reducing visibility and grip - reduced speed and longer buffer advised
EVT407300,2025-08-16 20:05:32,Cultural Procession,J023,Basavanagudi,30641,Weekend,True,Rain,True,24.3,False,True,1.0,Severe,8.5,105.7,818.3,0.294,0.679,0.795,Road closure for event/procession - full detour recommended for through-traffic
EVT407301,2025-09-15 21:15:40,Political Rally,J031,Cubbon Road,16061,Weekday,False,Rain,True,24.8,False,False,0.796,Severe,15.9,56.8,170.2,0.097,0.224,0.919,Heavy rain reducing visibility and grip - reduced speed and longer buffer advised
EVT407302,2025-12-17 06:55:55,Concert,J031,Cubbon Road,13907,Weekday,False,Rain,True,8.5,False,False,0.605,High,22.9,48.2,282.2,0.195,0.45,0.907,Heavy rain reducing visibility and grip - reduced speed and longer buffer advised
EVT407303,2025-01-20 07:25:30,Concert,J040,City Market,13703,Weekday,False,Clear,False,0.0,False,False,0.583,High,27.2,43.6,170.3,0.13,0.3,0.984,Moderate traffic flow - standard adaptive signal timing in effect
EVT407304,2025-10-04 12:13:43,Sports Fixture,J011,Indiranagar 100ft Road,24524,Weekend,False,Clear,False,0.0,False,False,0.417,Moderate,28.1,36.7,170.0,0.122,0.282,0.962,Moderate traffic flow - standard adaptive signal timing in effect
EVT407305,2026-03-31 18:50:41,Sports Fixture,J009,Majestic,17491,Weekday,False,Clear,False,0.0,False,False,1.0,Severe,9.2,64.4,624.0,0.247,0.57,0.923,Heavy congestion detected - signal timing extended and reroute suggested
EVT407306,2025-04-14 14:18:34,Religious Festival,J023,Basavanagudi,37462,Weekday,True,Clear,False,0.0,False,True,0.729,High,10.7,77.4,285.1,0.127,0.293,0.888,Road closure for event/procession - full detour recommended for through-traffic
EVT407307,2026-06-23 07:29:50,Local Market Day,J023,Basavanagudi,1609,Weekday,False,Clear,False,0.0,False,False,0.621,High,16.8,40.1,386.8,0.19,0.44,0.981,Moderate traffic flow - standard adaptive signal timing in effect
EVT407308,2026-04-05 06:49:49,Concert,J020,Malleshwaram Circle,10570,Weekend,False,Clear,False,0.0,False,False,0.398,Moderate,33.7,24.9,73.1,0.075,0.174,0.99,Moderate traffic flow - standard adaptive signal timing in effect
EVT407309,2025-06-24 19:00:40,Local Market Day,J011,Indiranagar 100ft Road,4536,Weekday,False,Rain,True,24.6,False,False,1.0,Severe,9.9,68.4,387.4,0.163,0.376,0.884,Heavy rain reducing visibility and grip - reduced speed and longer buffer advised
EVT407310,2026-01-02 09:33:14,Cultural Procession,J023,Basavanagudi,19184,Weekday,True,Clear,False,0.0,False,True,1.0,Severe,8.2,104.3,508.1,0.194,0.447,0.82,Road closure for event/procession - full detour recommended for through-traffic
EVT407311,2025-12-18 18:00:32,Sports Fixture,J020,Malleshwaram Circle,25748,Weekday,False,Clear,False,0.0,False,False,1.0,Severe,8.5,75.4,282.5,0.109,0.253,0.911,Heavy congestion detected - signal timing extended and reroute suggested
EVT407312,2025-03-16 17:11:57,Local Market Day,J023,Basavanagudi,4605,Weekend,False,Clear,False,0.0,False,False,0.688,High,16.6,46.7,145.2,0.066,0.153,0.972,Moderate traffic flow - standard adaptive signal timing in effect
EVT407313,2025-08-30 17:11:08,Local Market Day,J009,Majestic,3305,Weekend,False,Clear,False,0.0,False,False,0.668,High,21.2,51.2,190.1,0.134,0.309,0.982,Moderate traffic flow - standard adaptive signal timing in effect
EVT407314,2025-07-20 16:08:05,Local Market Day,J031,Cubbon Road,6099,Weekend,False,Clear,False,0.0,False,False,0.443,Moderate,31.7,28.0,97.1,0.086,0.199,0.986,Moderate traffic flow - standard adaptive signal timing in effect
EVT407315,2025-12-06 07:18:47,Local Market Day,J031,Cubbon Road,5145,Weekend,False,Clear,False,0.0,False,False,0.498,Moderate,29.1,38.0,145.0,0.11,0.254,0.976,Moderate traffic flow - standard adaptive signal timing in effect
EVT407316,2025-09-21 13:17:19,Trade Fair,J012,Koramangala Sony World,11234,Weekend,False,Clear,False,0.0,False,False,0.305,Low,28.9,22.3,116.7,0.092,0.213,0.947,Moderate traffic flow - standard adaptive signal timing in effect
EVT407317,2026-06-25 07:54:35,Sports Fixture,J011,Indiranagar 100ft Road,16313,Weekday,False,Heavy Rain,True,28.8,False,False,1.0,Severe,8.7,76.5,684.2,0.239,0.553,0.858,Heavy rain reducing visibility and grip - reduced speed and longer buffer advised
EVT407318,2025-12-28 13:43:37,Sports Fixture,J011,Indiranagar 100ft Road,11244,Weekend,False,Clear,False,0.0,False,False,0.218,Low,32.0,18.6,79.0,0.065,0.15,0.96,Normal free-flow traffic - standard signal timing maintained
EVT407319,2026-06-19 18:02:48,Local Market Day,J023,Basavanagudi,3920,Weekday,False,Clear,False,0.0,False,False,0.942,Severe,10.9,65.9,308.5,0.163,0.377,0.923,Heavy congestion detected - signal timing extended and reroute suggested
EVT407320,2025-11-16 22:02:18,Trade Fair,J020,Malleshwaram Circle,11564,Weekend,False,Clear,False,0.0,False,False,0.341,Low,28.8,16.5,51.6,0.037,0.085,0.985,Moderate traffic flow - standard adaptive signal timing in effect
EVT407321,2025-06-24 13:16:30,Trade Fair,J020,Malleshwaram Circle,9289,Weekday,False,Clear,False,0.0,False,False,0.255,Low,34.6,14.3,104.0,0.079,0.181,0.955,Moderate traffic flow - standard adaptive signal timing in effect
EVT407322,2025-05-25 07:01:59,Trade Fair,J011,Indiranagar 100ft Road,6481,Weekend,False,Clear,False,0.0,False,False,0.501,Moderate,26.6,33.6,229.2,0.183,0.422,0.96,Moderate traffic flow - standard adaptive signal timing in effect
EVT407323,2025-07-22 19:12:34,Trade Fair,J012,Koramangala Sony World,5228,Weekday,False,Heavy Rain,True,26.0,False,False,1.0,Severe,7.5,72.2,726.6,0.216,0.498,0.845,Heavy rain reducing visibility and grip - reduced speed and longer buffer advised
EVT407324,2025-01-09 14:50:16,Trade Fair,J023,Basavanagudi,20835,Weekday,False,Clear,False,0.0,False,False,0.363,Moderate,26.6,30.0,217.6,0.168,0.387,0.957,Moderate traffic flow - standard adaptive signal timing in effect
EVT407325,2026-01-27 08:40:07,Religious Festival,J040,City Market,73461,Weekday,True,Clear,False,0.0,False,False,1.0,Severe,6.5,76.3,694.7,0.171,0.394,0.855,Festival crowd surge detected - alternate route and extended cycle recommended
EVT407326,2025-04-23 08:41:49,Political Rally,J012,Koramangala Sony World,15133,Weekday,False,Clear,False,0.0,False,False,0.979,Severe,8.3,71.3,603.5,0.199,0.46,0.935,Heavy congestion detected - signal timing extended and reroute suggested
EVT407327,2025-04-26 15:00:32,Trade Fair,J012,Koramangala Sony World,9982,Weekend,False,Fog,False,0.0,False,False,0.32,Low,31.7,28.9,158.7,0.145,0.334,0.974,Moderate traffic flow - standard adaptive signal timing in effect
EVT407328,2025-05-21 08:05:46,Trade Fair,J040,City Market,9941,Weekday,False,Clear,False,0.0,False,False,0.988,Severe,10.2,66.6,606.7,0.238,0.55,0.937,Heavy congestion detected - signal timing extended and reroute suggested
EVT407329,2025-12-18 14:45:36,Political Rally,J040,City Market,8706,Weekday,False,Clear,False,0.0,False,False,0.314,Low,34.3,24.1,59.0,0.043,0.099,0.954,Moderate traffic flow - standard adaptive signal timing in effect
EVT407330,2025-07-19 10:32:53,Concert,J023,Basavanagudi,8098,Weekend,False,Rain,True,11.8,False,False,0.74,High,14.5,50.7,233.5,0.103,0.239,0.916,Heavy rain reducing visibility and grip - reduced speed and longer buffer advised
EVT407331,2025-11-22 16:39:58,Local Market Day,J040,City Market,3472,Weekend,False,Clear,False,0.0,False,False,0.553,High,15.9,39.5,255.5,0.124,0.287,0.951,Moderate traffic flow - standard adaptive signal timing in effect
EVT407332,2025-06-10 05:26:01,Trade Fair,J023,Basavanagudi,14489,Weekday,False,Clear,False,0.0,False,False,0.243,Low,26.3,15.8,176.0,0.125,0.288,0.966,Normal free-flow traffic - standard signal timing maintained
EVT407333,2025-05-19 17:02:37,Sports Fixture,J030,MG Road,17906,Weekday,False,Rain,True,7.5,False,False,0.821,Severe,10.4,59.4,609.8,0.243,0.56,0.901,Heavy rain reducing visibility and grip - reduced speed and longer buffer advised
EVT407334,2026-02-24 17:59:03,Sports Fixture,J031,Cubbon Road,23375,Weekday,False,Fog,False,0.0,False,False,1.0,Severe,8.2,73.3,471.2,0.152,0.351,0.903,Heavy congestion detected - signal timing extended and reroute suggested
EVT407335,2025-12-02 08:54:14,Sports Fixture,J030,MG Road,28745,Weekday,False,Clear,False,0.0,False,False,1.0,Severe,7.9,71.3,847.9,0.276,0.638,0.923,Heavy congestion detected - signal timing extended and reroute suggested
EVT407336,2025-01-14 13:30:26,Cultural Procession,J011,Indiranagar 100ft Road,55986,Weekday,True,Clear,False,0.0,False,False,0.711,High,18.6,54.6,229.3,0.142,0.329,0.887,Festival crowd surge detected - alternate route and extended cycle recommended
EVT407337,2025-03-24 17:23:01,Local Market Day,J012,Koramangala Sony World,3342,Weekday,False,Clear,False,0.0,False,False,0.795,Severe,15.2,61.1,283.9,0.148,0.342,0.958,Heavy congestion detected - signal timing extended and reroute suggested
EVT407338,2025-01-19 11:09:33,Local Market Day,J011,Indiranagar 100ft Road,5345,Weekend,False,Clear,False,0.0,False,False,0.414,Moderate,26.7,21.7,130.0,0.079,0.183,0.943,Moderate traffic flow - standard adaptive signal timing in effect
EVT407339,2025-03-14 06:24:35,Fireworks Display,J030,MG Road,28172,Weekday,True,Clear,False,0.0,False,False,0.652,High,16.2,46.8,295.0,0.156,0.36,0.9,Festival crowd surge detected - alternate route and extended cycle recommended
EVT407340,2026-01-03 04:28:01,Concert,J011,Indiranagar 100ft Road,18297,Weekend,False,Clear,False,0.0,False,False,0.378,Moderate,33.0,34.4,74.4,0.062,0.143,0.967,Moderate traffic flow - standard adaptive signal timing in effect
EVT407341,2025-06-15 09:45:21,Local Market Day,J030,MG Road,4001,Weekend,False,Clear,False,0.0,False,False,0.737,High,19.1,53.2,278.9,0.187,0.432,0.955,Moderate traffic flow - standard adaptive signal timing in effect
EVT407342,2025-04-15 21:39:15,Cultural Procession,J031,Cubbon Road,29201,Weekday,True,Clear,False,0.0,False,True,0.829,High,12.4,88.6,282.9,0.12,0.278,0.862,Road closure for event/procession - full detour recommended for through-traffic
EVT407343,2025-12-16 13:47:42,Local Market Day,J011,Indiranagar 100ft Road,4852,Weekday,False,Clear,False,0.0,False,False,0.123,Low,34.8,8.9,107.1,0.102,0.236,0.957,Normal free-flow traffic - standard signal timing maintained
EVT407344,2025-10-26 05:44:18,Political Rally,J040,City Market,13624,Weekend,False,Clear,False,0.0,False,False,0.341,Low,31.5,24.9,57.6,0.038,0.088,0.971,Moderate traffic flow - standard adaptive signal timing in effect
EVT407345,2025-08-31 17:49:22,Local Market Day,J023,Basavanagudi,3257,Weekend,False,Clear,False,0.0,False,False,0.826,Severe,17.3,62.0,264.1,0.153,0.353,0.947,Heavy congestion detected - signal timing extended and reroute suggested
EVT407346,2025-05-19 08:23:00,Sports Fixture,J012,Koramangala Sony World,22506,Weekday,False,Clear,False,0.0,False,False,1.0,Severe,6.9,74.9,764.1,0.205,0.473,0.914,Heavy congestion detected - signal timing extended and reroute suggested
EVT407347,2025-06-26 09:13:41,Local Market Day,J012,Koramangala Sony World,7064,Weekday,False,Clear,False,0.0,False,False,1.0,Severe,7.4,69.6,858.0,0.275,0.634,0.906,Heavy congestion detected - signal timing extended and reroute suggested
EVT407348,2025-10-24 16:08:46,Local Market Day,J023,Basavanagudi,3026,Weekday,False,Clear,False,0.0,False,False,0.433,Moderate,33.1,31.1,125.7,0.13,0.299,0.965,Moderate traffic flow - standard adaptive signal timing in effect
EVT407349,2026-04-12 12:49:28,Local Market Day,J030,MG Road,3749,Weekend,False,Light Rain,True,4.7,False,False,0.313,Low,38.6,16.8,137.5,0.135,0.313,0.893,Light rain detected - minor speed reduction advised
EVT407350,2026-05-09 11:35:32,Political Rally,J009,Majestic,9597,Weekend,False,Rain,True,16.6,False,False,0.548,Moderate,22.0,47.3,226.2,0.14,0.323,0.919,Light rain detected - minor speed reduction advised
EVT407351,2026-04-15 07:02:45,Religious Festival,J031,Cubbon Road,52850,Weekday,True,Clear,False,0.0,False,True,1.0,Severe,8.9,98.4,379.9,0.163,0.377,0.815,Road closure for event/procession - full detour recommended for through-traffic
EVT407352,2025-12-28 17:23:37,Local Market Day,J031,Cubbon Road,4632,Weekend,False,Clear,False,0.0,False,False,0.764,Severe,15.7,49.3,392.3,0.214,0.495,0.962,Heavy congestion detected - signal timing extended and reroute suggested
EVT407353,2025-10-27 19:52:00,Sports Fixture,J023,Basavanagudi,21397,Weekday,False,Clear,False,0.0,False,False,0.909,Severe,11.6,59.2,412.3,0.189,0.437,0.927,Heavy congestion detected - signal timing extended and reroute suggested
EVT407354,2025-05-13 10:19:41,Trade Fair,J020,Malleshwaram Circle,10720,Weekday,False,Rain,True,16.1,False,False,0.902,Severe,10.9,67.3,310.0,0.13,0.299,0.901,Heavy rain reducing visibility and grip - reduced speed and longer buffer advised
EVT407355,2025-11-14 16:39:19,Sports Fixture,J012,Koramangala Sony World,24146,Weekday,False,Clear,False,0.0,False,False,0.763,Severe,15.0,57.4,192.2,0.107,0.247,0.96,Heavy congestion detected - signal timing extended and reroute suggested
EVT407356,2026-03-13 09:28:40,Political Rally,J030,MG Road,16883,Weekday,False,Clear,False,0.0,False,False,1.0,Severe,9.2,75.6,507.1,0.164,0.379,0.926,Heavy congestion detected - signal timing extended and reroute suggested
EVT407357,2026-05-22 20:22:58,Local Market Day,J020,Malleshwaram Circle,3924,Weekday,False,Clear,False,0.0,False,False,0.49,Moderate,21.4,32.8,270.0,0.153,0.352,0.986,Moderate traffic flow - standard adaptive signal timing in effect
EVT407358,2025-03-01 16:49:39,Sports Fixture,J030,MG Road,22867,Weekend,False,Clear,False,0.0,False,False,0.69,High,22.0,48.8,170.8,0.106,0.245,0.967,Moderate traffic flow - standard adaptive signal timing in effect
EVT407359,2025-02-06 20:55:03,Local Market Day,J020,Malleshwaram Circle,2917,Weekday,False,Clear,False,0.0,False,False,0.449,Moderate,23.4,30.9,151.2,0.101,0.233,0.943,Moderate traffic flow - standard adaptive signal timing in effect
EVT407360,2025-04-09 17:11:07,Political Rally,J031,Cubbon Road,11834,Weekday,False,Clear,False,0.0,False,False,0.848,Severe,12.9,63.1,352.9,0.185,0.428,0.956,Heavy congestion detected - signal timing extended and reroute suggested
EVT407361,2025-07-20 06:31:04,Local Market Day,J030,MG Road,3275,Weekend,False,Clear,False,0.0,False,False,0.378,Moderate,17.9,22.6,261.8,0.133,0.307,0.945,Moderate traffic flow - standard adaptive signal timing in effect
EVT407362,2026-01-11 16:49:31,Local Market Day,J030,MG Road,6159,Weekend,False,Light Rain,True,5.6,False,False,0.687,High,18.9,48.1,407.8,0.256,0.59,0.902,Heavy rain reducing visibility and grip - reduced speed and longer buffer advised
EVT407363,2026-02-05 09:40:34,Sports Fixture,J040,City Market,20496,Weekday,False,Clear,False,0.0,False,False,1.0,Severe,6.4,72.4,613.0,0.169,0.391,0.912,Heavy congestion detected - signal timing extended and reroute suggested
EVT407364,2025-08-30 20:41:16,Concert,J012,Koramangala Sony World,6998,Weekend,False,Clear,False,0.0,False,False,0.578,High,21.5,43.3,218.4,0.14,0.324,0.968,Moderate traffic flow - standard adaptive signal timing in effect
EVT407365,2026-02-25 09:20:34,Political Rally,J012,Koramangala Sony World,25431,Weekday,False,Clear,False,0.0,False,False,1.0,Severe,9.4,71.2,462.4,0.199,0.461,0.917,Heavy congestion detected - signal timing extended and reroute suggested
EVT407366,2026-05-06 12:36:17,Sports Fixture,J030,MG Road,17960,Weekday,False,Fog,False,0.0,False,False,0.282,Low,30.1,18.5,115.7,0.094,0.217,0.966,Moderate traffic flow - standard adaptive signal timing in effect
EVT407367,2025-02-11 16:29:50,Local Market Day,J031,Cubbon Road,7021,Weekday,False,Clear,False,0.0,False,False,0.542,Moderate,24.4,39.0,141.7,0.098,0.227,0.943,Moderate traffic flow - standard adaptive signal timing in effect
EVT407368,2025-06-02 21:32:54,Local Market Day,J031,Cubbon Road,3210,Weekday,False,Heavy Rain,True,25.5,False,False,0.525,Moderate,25.6,35.9,259.1,0.196,0.453,0.91,Light rain detected - minor speed reduction advised
EVT407369,2025-09-29 23:47:08,Trade Fair,J023,Basavanagudi,6659,Weekday,False,Rain,True,9.3,False,False,0.301,Low,39.1,19.0,154.7,0.159,0.368,0.896,Light rain detected - minor speed reduction advised
EVT407370,2025-08-31 14:25:35,Local Market Day,J023,Basavanagudi,3916,Weekend,False,Clear,False,0.0,False,False,0.238,Low,33.5,20.7,86.8,0.081,0.187,0.944,Normal free-flow traffic - standard signal timing maintained
EVT407371,2025-01-01 10:09:22,Trade Fair,J030,MG Road,11954,Weekday,False,Clear,False,0.0,False,False,0.797,Severe,16.0,54.4,304.1,0.158,0.364,0.987,Heavy congestion detected - signal timing extended and reroute suggested
EVT407372,2025-02-01 11:42:28,Sports Fixture,J012,Koramangala Sony World,28795,Weekend,False,Clear,False,0.0,False,False,0.408,Moderate,26.0,27.9,268.1,0.197,0.456,0.954,Moderate traffic flow - standard adaptive signal timing in effect
EVT407373,2025-01-29 09:23:37,Sports Fixture,J012,Koramangala Sony World,16192,Weekday,False,Clear,False,0.0,False,False,1.0,Severe,8.3,66.6,1031.2,0.336,0.777,0.877,Heavy congestion detected - signal timing extended and reroute suggested
EVT407374,2025-09-09 17:54:27,Local Market Day,J011,Indiranagar 100ft Road,4263,Weekday,False,Clear,False,0.0,False,False,0.949,Severe,12.1,70.0,254.0,0.121,0.28,0.937,Heavy congestion detected - signal timing extended and reroute suggested
EVT407375,2025-07-15 14:10:14,Local Market Day,J023,Basavanagudi,4027,Weekday,False,Clear,False,0.0,False,False,0.161,Low,36.7,14.1,48.7,0.033,0.075,0.99,Normal free-flow traffic - standard signal timing maintained
EVT407376,2026-02-16 09:51:04,Local Market Day,J030,MG Road,2782,Weekday,False,Light Rain,True,2.7,False,False,0.864,Severe,10.7,62.2,392.1,0.169,0.39,0.91,Heavy rain reducing visibility and grip - reduced speed and longer buffer advised
EVT407377,2025-07-13 22:22:55,Sports Fixture,J009,Majestic,31161,Weekend,False,Heavy Rain,True,30.4,False,False,0.757,Severe,18.6,56.1,163.1,0.119,0.274,0.928,Heavy rain reducing visibility and grip - reduced speed and longer buffer advised
EVT407378,2025-05-04 13:43:25,Sports Fixture,J040,City Market,22588,Weekend,False,Clear,False,0.0,False,False,0.337,Low,35.2,19.5,168.0,0.153,0.355,0.949,Moderate traffic flow - standard adaptive signal timing in effect
EVT407379,2025-01-02 08:57:02,Local Market Day,J011,Indiranagar 100ft Road,3898,Weekday,False,Clear,False,0.0,False,False,1.0,Severe,10.3,73.9,358.0,0.177,0.408,0.902,Heavy congestion detected - signal timing extended and reroute suggested
EVT407380,2025-09-08 18:02:47,Trade Fair,J011,Indiranagar 100ft Road,9232,Weekday,False,Clear,False,0.0,False,False,1.0,Severe,9.2,70.8,579.7,0.216,0.498,0.922,Heavy congestion detected - signal timing extended and reroute suggested
EVT407381,2026-04-23 09:56:25,Political Rally,J009,Majestic,17776,Weekday,False,Fog,False,0.0,False,False,0.938,Severe,8.7,63.4,333.5,0.141,0.325,0.918,Heavy congestion detected - signal timing extended and reroute suggested
EVT407382,2026-05-04 07:57:44,Local Market Day,J009,Majestic,4762,Weekday,False,Clear,False,0.0,False,False,0.804,Severe,15.7,58.8,377.6,0.22,0.508,0.98,Heavy congestion detected - signal timing extended and reroute suggested
EVT407383,2025-09-14 17:26:37,Concert,J020,Malleshwaram Circle,22002,Weekend,False,Clear,False,0.0,False,False,0.816,Severe,12.7,55.9,450.7,0.239,0.553,0.943,Heavy congestion detected - signal timing extended and reroute suggested
EVT407384,2026-06-16 16:34:08,Local Market Day,J031,Cubbon Road,6957,Weekday,False,Clear,False,0.0,False,False,0.622,High,18.4,45.7,378.1,0.228,0.528,0.947,Moderate traffic flow - standard adaptive signal timing in effect
EVT407385,2026-05-27 20:00:03,Local Market Day,J030,MG Road,4875,Weekday,False,Clear,False,0.0,False,False,0.765,Severe,14.8,49.9,291.0,0.158,0.366,0.953,Heavy congestion detected - signal timing extended and reroute suggested
EVT407386,2026-05-11 17:15:08,Concert,J030,MG Road,7363,Weekday,False,Rain,True,14.5,False,False,0.958,Severe,11.5,68.2,610.2,0.278,0.641,0.867,Heavy rain reducing visibility and grip - reduced speed and longer buffer advised
EVT407387,2025-10-29 08:59:32,Concert,J020,Malleshwaram Circle,12707,Weekday,False,Light Rain,True,0.4,False,False,1.0,Severe,7.6,68.2,405.7,0.129,0.299,0.886,Heavy rain reducing visibility and grip - reduced speed and longer buffer advised
EVT407388,2025-09-26 07:09:34,Local Market Day,J023,Basavanagudi,4465,Weekday,False,Clear,False,0.0,False,False,0.51,Moderate,19.4,29.7,163.7,0.105,0.243,0.968,Moderate traffic flow - standard adaptive signal timing in effect
EVT407389,2026-05-15 06:28:02,Sports Fixture,J020,Malleshwaram Circle,15682,Weekday,False,Clear,False,0.0,False,False,0.458,Moderate,28.2,32.3,264.8,0.213,0.493,0.955,Moderate traffic flow - standard adaptive signal timing in effect
EVT407390,2025-01-06 14:58:07,Local Market Day,J020,Malleshwaram Circle,4070,Weekday,False,Clear,False,0.0,False,False,0.287,Low,33.6,24.4,156.0,0.152,0.351,0.963,Moderate traffic flow - standard adaptive signal timing in effect
EVT407391,2025-09-20 18:08:00,Concert,J023,Basavanagudi,16072,Weekend,False,Rain,True,13.0,False,False,1.0,Severe,8.6,74.0,541.3,0.178,0.411,0.878,Heavy rain reducing visibility and grip - reduced speed and longer buffer advised
EVT407392,2025-08-14 16:55:25,Local Market Day,J030,MG Road,4397,Weekday,False,Rain,True,13.4,False,False,0.88,Severe,12.8,61.3,314.0,0.172,0.398,0.851,Heavy rain reducing visibility and grip - reduced speed and longer buffer advised
EVT407393,2026-03-23 18:58:01,Political Rally,J020,Malleshwaram Circle,9455,Weekday,False,Fog,False,0.0,False,False,0.974,Severe,9.0,67.1,508.7,0.192,0.443,0.93,Heavy congestion detected - signal timing extended and reroute suggested
EVT407394,2026-01-16 16:07:16,Concert,J023,Basavanagudi,11727,Weekday,False,Clear,False,0.0,False,False,0.454,Moderate,29.2,29.9,267.9,0.208,0.481,0.959,Moderate traffic flow - standard adaptive signal timing in effect
EVT407395,2025-05-20 14:44:26,Political Rally,J012,Koramangala Sony World,18991,Weekday,False,Clear,False,0.0,False,False,0.378,Moderate,26.2,23.0,168.6,0.123,0.284,0.959,Moderate traffic flow - standard adaptive signal timing in effect
EVT407396,2025-04-01 11:10:01,Concert,J009,Majestic,10373,Weekday,False,Rain,True,23.1,False,False,0.658,High,18.3,45.3,326.5,0.201,0.464,0.919,Heavy rain reducing visibility and grip - reduced speed and longer buffer advised
EVT407397,2025-04-23 12:18:40,Sports Fixture,J030,MG Road,34837,Weekday,False,Clear,False,0.0,False,False,0.426,Moderate,23.1,32.0,216.7,0.137,0.317,0.983,Moderate traffic flow - standard adaptive signal timing in effect
EVT407398,2026-06-29 16:44:15,Concert,J012,Koramangala Sony World,8269,Weekday,False,Clear,False,0.0,False,False,0.65,High,18.9,43.7,305.7,0.199,0.46,0.961,Moderate traffic flow - standard adaptive signal timing in effect
EVT407399,2026-06-21 21:24:22,Political Rally,J040,City Market,15308,Weekend,False,Clear,False,0.0,False,False,0.404,Moderate,26.4,30.4,158.2,0.113,0.262,0.955,Moderate traffic flow - standard adaptive signal timing in effect
EVT407400,2025-05-16 19:03:13,Sports Fixture,J011,Indiranagar 100ft Road,32540,Weekday,False,Fog,False,0.0,False,False,1.0,Severe,8.1,72.3,787.6,0.258,0.596,0.887,Heavy congestion detected - signal timing extended and reroute suggested
EVT407401,2026-03-29 09:13:38,Local Market Day,J009,Majestic,3465,Weekend,False,Clear,False,0.0,False,False,0.884,Severe,13.2,61.4,348.2,0.186,0.429,0.936,Heavy congestion detected - signal timing extended and reroute suggested
EVT407402,2026-04-25 09:01:10,Trade Fair,J020,Malleshwaram Circle,8457,Weekend,False,Light Rain,True,4.1,False,False,1.0,Severe,9.0,66.9,545.3,0.2,0.461,0.857,Heavy rain reducing visibility and grip - reduced speed and longer buffer advised
EVT407403,2025-12-01 18:18:59,Concert,J040,City Market,8929,Weekday,False,Clear,False,0.0,False,False,1.0,Severe,7.7,73.1,820.2,0.231,0.534,0.971,Heavy congestion detected - signal timing extended and reroute suggested
EVT407404,2025-10-03 17:07:04,Religious Festival,J031,Cubbon Road,46182,Weekday,True,Clear,False,0.0,False,True,1.0,Severe,7.9,96.1,312.7,0.133,0.308,0.842,Road closure for event/procession - full detour recommended for through-traffic
EVT407405,2026-06-20 18:19:07,Trade Fair,J023,Basavanagudi,5334,Weekend,False,Clear,False,0.0,False,False,0.836,Severe,15.0,60.5,363.2,0.188,0.435,0.96,Heavy congestion detected - signal timing extended and reroute suggested
EVT407406,2025-08-11 14:42:12,Trade Fair,J031,Cubbon Road,10000,Weekday,False,Clear,False,0.0,False,False,0.241,Low,34.7,17.6,77.2,0.065,0.149,0.965,Normal free-flow traffic - standard signal timing maintained
EVT407407,2026-01-24 08:02:44,Concert,J012,Koramangala Sony World,6874,Weekend,False,Clear,False,0.0,False,False,0.761,Severe,14.0,47.9,123.4,0.083,0.191,0.974,Heavy congestion detected - signal timing extended and reroute suggested
EVT407408,2026-01-28 18:38:47,Political Rally,J011,Indiranagar 100ft Road,18067,Weekday,False,Clear,False,0.0,False,False,1.0,Severe,8.7,69.1,618.4,0.231,0.533,0.928,Heavy congestion detected - signal timing extended and reroute suggested
EVT407409,2025-11-30 19:34:50,Political Rally,J020,Malleshwaram Circle,12320,Weekend,False,Clear,False,0.0,False,False,0.808,Severe,15.8,56.9,172.2,0.088,0.203,0.962,Heavy congestion detected - signal timing extended and reroute suggested
EVT407410,2025-08-20 06:51:23,Sports Fixture,J011,Indiranagar 100ft Road,26406,Weekday,False,Heavy Rain,True,96.6,False,False,0.934,Severe,10.2,67.4,377.8,0.158,0.366,0.87,Heavy rain reducing visibility and grip - reduced speed and longer buffer advised
EVT407411,2025-03-29 20:06:24,Local Market Day,J031,Cubbon Road,3955,Weekend,False,Clear,False,0.0,False,False,0.62,High,21.7,45.2,157.5,0.11,0.253,0.973,Moderate traffic flow - standard adaptive signal timing in effect
EVT407412,2025-07-14 09:06:27,Trade Fair,J040,City Market,7953,Weekday,False,Clear,False,0.0,False,False,1.0,Severe,7.7,69.4,662.2,0.21,0.485,0.907,Heavy congestion detected - signal timing extended and reroute suggested
EVT407413,2025-07-10 06:51:57,Local Market Day,J030,MG Road,3242,Weekday,False,Heavy Rain,True,45.2,False,False,0.686,High,15.7,52.0,334.2,0.19,0.438,0.931,Heavy rain reducing visibility and grip - reduced speed and longer buffer advised
EVT407414,2025-09-08 19:48:07,Local Market Day,J020,Malleshwaram Circle,2588,Weekday,False,Heavy Rain,True,30.3,False,False,1.0,Severe,7.1,71.1,696.2,0.226,0.522,0.875,Heavy rain reducing visibility and grip - reduced speed and longer buffer advised
EVT407415,2025-09-04 23:42:54,Trade Fair,J011,Indiranagar 100ft Road,8801,Weekday,False,Rain,True,16.3,False,False,0.327,Low,28.2,23.1,205.9,0.13,0.301,0.915,Light rain detected - minor speed reduction advised
EVT407416,2026-03-29 19:28:53,Concert,J012,Koramangala Sony World,17914,Weekend,False,Light Rain,True,7.0,False,False,0.927,Severe,9.7,66.7,497.3,0.198,0.457,0.863,Heavy rain reducing visibility and grip - reduced speed and longer buffer advised
EVT407417,2025-01-13 14:36:19,Concert,J009,Majestic,16024,Weekday,False,Clear,False,0.0,False,False,0.347,Low,31.0,26.9,144.8,0.135,0.313,0.987,Moderate traffic flow - standard adaptive signal timing in effect
EVT407418,2025-03-13 16:42:48,Local Market Day,J011,Indiranagar 100ft Road,3332,Weekday,False,Clear,False,0.0,False,False,0.504,Moderate,23.0,37.6,119.2,0.084,0.195,0.963,Moderate traffic flow - standard adaptive signal timing in effect
EVT407419,2025-08-13 09:26:24,Sports Fixture,J030,MG Road,15540,Weekday,False,Clear,False,0.0,False,False,1.0,Severe,8.0,66.0,603.8,0.229,0.53,0.908,Heavy congestion detected - signal timing extended and reroute suggested
EVT407420,2026-02-05 08:52:52,Trade Fair,J020,Malleshwaram Circle,9292,Weekday,False,Clear,False,0.0,False,False,1.0,Severe,8.5,76.9,530.8,0.176,0.408,0.925,Heavy congestion detected - signal timing extended and reroute suggested
EVT407421,2025-04-09 09:36:53,Sports Fixture,J031,Cubbon Road,24008,Weekday,False,Clear,False,0.0,False,False,0.965,Severe,8.5,74.6,607.7,0.227,0.524,0.899,Heavy congestion detected - signal timing extended and reroute suggested
EVT407422,2025-01-10 14:57:46,Political Rally,J040,City Market,12091,Weekday,False,Clear,False,0.0,False,False,0.322,Low,30.9,20.8,232.7,0.192,0.443,0.982,Moderate traffic flow - standard adaptive signal timing in effect
EVT407423,2026-06-12 15:59:39,Concert,J012,Koramangala Sony World,13115,Weekday,False,Heavy Rain,True,37.8,False,False,0.88,Severe,12.3,68.7,433.2,0.204,0.471,0.861,Heavy rain reducing visibility and grip - reduced speed and longer buffer advised
EVT407424,2026-03-24 07:39:19,Sports Fixture,J012,Koramangala Sony World,22186,Weekday,False,Clear,False,0.0,False,False,0.818,Severe,14.3,62.9,346.2,0.185,0.426,0.931,Heavy congestion detected - signal timing extended and reroute suggested
EVT407425,2025-10-17 18:01:44,Sports Fixture,J009,Majestic,25290,Weekday,False,Clear,False,0.0,False,False,1.0,Severe,9.3,67.4,590.0,0.223,0.515,0.926,Heavy congestion detected - signal timing extended and reroute suggested
EVT407426,2026-02-11 11:57:30,Local Market Day,J031,Cubbon Road,3273,Weekday,False,Clear,False,0.0,False,False,0.217,Low,31.8,6.0,121.4,0.09,0.208,0.951,Normal free-flow traffic - standard signal timing maintained
EVT407427,2025-07-05 11:35:38,Political Rally,J012,Koramangala Sony World,19431,Weekend,False,Heavy Rain,True,57.4,False,False,0.805,Severe,15.1,57.5,280.8,0.142,0.329,0.907,Heavy rain reducing visibility and grip - reduced speed and longer buffer advised
EVT407428,2025-10-11 16:02:43,Concert,J020,Malleshwaram Circle,14785,Weekend,False,Clear,False,0.0,False,False,0.52,Moderate,28.8,32.6,205.1,0.165,0.381,0.976,Moderate traffic flow - standard adaptive signal timing in effect
EVT407429,2025-06-19 20:59:24,Trade Fair,J023,Basavanagudi,6765,Weekday,False,Clear,False,0.0,False,False,0.522,Moderate,23.9,35.9,174.8,0.105,0.242,0.987,Moderate traffic flow - standard adaptive signal timing in effect
EVT407430,2026-05-31 18:25:35,Trade Fair,J020,Malleshwaram Circle,6807,Weekend,False,Clear,False,0.0,False,False,0.873,Severe,11.4,65.6,440.0,0.181,0.419,0.932,Heavy congestion detected - signal timing extended and reroute suggested
EVT407431,2025-09-03 15:22:41,Trade Fair,J011,Indiranagar 100ft Road,9525,Weekday,False,Clear,False,0.0,False,False,0.369,Moderate,25.1,33.2,189.8,0.142,0.329,0.947,Moderate traffic flow - standard adaptive signal timing in effect
EVT407432,2025-09-08 12:50:57,Concert,J023,Basavanagudi,8736,Weekday,False,Clear,False,0.0,False,False,0.226,Low,36.3,11.6,118.8,0.115,0.266,0.955,Normal free-flow traffic - standard signal timing maintained
EVT407433,2025-10-14 19:40:54,Political Rally,J009,Majestic,6856,Weekday,False,Heavy Rain,True,28.2,False,False,1.0,Severe,7.5,73.4,737.7,0.23,0.531,0.863,Heavy rain reducing visibility and grip - reduced speed and longer buffer advised
EVT407434,2026-02-21 11:35:04,Trade Fair,J023,Basavanagudi,10201,Weekend,False,Clear,False,0.0,False,False,0.406,Moderate,26.2,32.7,148.9,0.116,0.269,0.961,Moderate traffic flow - standard adaptive signal timing in effect
EVT407435,2026-06-03 19:17:22,Concert,J030,MG Road,15466,Weekday,False,Clear,False,0.0,False,False,1.0,Severe,7.8,75.9,600.6,0.185,0.428,0.902,Heavy congestion detected - signal timing extended and reroute suggested
EVT407436,2025-07-06 18:13:11,Local Market Day,J011,Indiranagar 100ft Road,4994,Weekend,False,Clear,False,0.0,False,False,0.834,Severe,14.9,62.1,305.3,0.176,0.408,0.955,Heavy congestion detected - signal timing extended and reroute suggested
EVT407437,2025-03-12 15:21:39,Concert,J030,MG Road,7158,Weekday,False,Clear,False,0.0,False,False,0.313,Low,26.2,24.9,200.6,0.135,0.312,0.954,Moderate traffic flow - standard adaptive signal timing in effect
EVT407438,2025-03-18 15:09:18,Local Market Day,J020,Malleshwaram Circle,4170,Weekday,False,Clear,False,0.0,False,False,0.359,Moderate,23.6,28.1,194.5,0.132,0.305,0.985,Moderate traffic flow - standard adaptive signal timing in effect
EVT407439,2025-08-21 13:51:15,Concert,J009,Majestic,17045,Weekday,False,Clear,False,0.0,False,False,0.273,Low,34.2,15.0,126.4,0.143,0.33,0.971,Moderate traffic flow - standard adaptive signal timing in effect
EVT407440,2025-01-12 18:04:05,Trade Fair,J012,Koramangala Sony World,9546,Weekend,False,Clear,False,0.0,False,False,0.879,Severe,14.0,56.1,340.0,0.176,0.406,0.897,Heavy congestion detected - signal timing extended and reroute suggested
EVT407441,2025-04-28 07:15:09,Concert,J009,Majestic,12802,Weekday,False,Clear,False,0.0,False,False,0.597,High,24.4,44.0,213.5,0.16,0.371,0.989,Moderate traffic flow - standard adaptive signal timing in effect
EVT407442,2025-07-01 17:50:23,Trade Fair,J012,Koramangala Sony World,7796,Weekday,False,Heavy Rain,True,74.9,False,False,1.0,Severe,8.7,70.3,429.7,0.172,0.398,0.838,Heavy rain reducing visibility and grip - reduced speed and longer buffer advised
EVT407443,2025-09-20 07:29:52,Trade Fair,J012,Koramangala Sony World,13561,Weekend,False,Clear,False,0.0,False,False,0.597,High,24.7,41.4,292.2,0.21,0.484,0.966,Moderate traffic flow - standard adaptive signal timing in effect
EVT407444,2025-06-14 18:37:59,Local Market Day,J023,Basavanagudi,6434,Weekend,False,Clear,False,0.0,False,False,0.881,Severe,14.6,64.0,382.0,0.194,0.449,0.949,Heavy congestion detected - signal timing extended and reroute suggested
EVT407445,2025-12-21 18:01:03,Local Market Day,J040,City Market,6418,Weekend,False,Clear,False,0.0,False,False,0.865,Severe,12.0,62.2,476.1,0.194,0.448,0.929,Heavy congestion detected - signal timing extended and reroute suggested
EVT407446,2026-01-16 19:27:30,Concert,J011,Indiranagar 100ft Road,15020,Weekday,False,Clear,False,0.0,False,False,0.964,Severe,10.1,69.8,178.7,0.074,0.17,0.922,Heavy congestion detected - signal timing extended and reroute suggested
EVT407447,2025-07-21 09:39:36,Local Market Day,J011,Indiranagar 100ft Road,4420,Weekday,False,Clear,False,0.0,False,False,0.881,Severe,12.7,66.9,315.4,0.143,0.33,0.952,Heavy congestion detected - signal timing extended and reroute suggested
EVT407448,2025-02-22 04:12:38,Concert,J009,Majestic,30002,Weekend,False,Clear,False,0.0,False,False,0.385,Moderate,29.6,30.8,148.7,0.113,0.261,0.95,Moderate traffic flow - standard adaptive signal timing in effect
EVT407449,2025-06-18 08:42:19,Local Market Day,J023,Basavanagudi,3995,Weekday,False,Rain,True,17.2,False,False,1.0,Severe,8.8,70.9,508.5,0.163,0.376,0.88,Heavy rain reducing visibility and grip - reduced speed and longer buffer advised
EVT407450,2025-05-29 19:30:00,Sports Fixture,J030,MG Road,17395,Weekday,False,Clear,False,0.0,False,False,0.983,Severe,10.0,79.2,561.9,0.212,0.49,0.891,Heavy congestion detected - signal timing extended and reroute suggested
EVT407451,2025-02-14 14:36:51,Sports Fixture,J011,Indiranagar 100ft Road,17682,Weekday,False,Clear,False,0.0,False,False,0.305,Low,31.5,22.6,204.4,0.177,0.41,0.956,Moderate traffic flow - standard adaptive signal timing in effect
EVT407452,2026-04-03 07:33:10,Trade Fair,J023,Basavanagudi,8486,Weekday,False,Clear,False,0.0,False,False,0.689,High,15.5,51.9,304.6,0.16,0.37,0.954,Moderate traffic flow - standard adaptive signal timing in effect
EVT407453,2026-03-30 08:37:00,Local Market Day,J020,Malleshwaram Circle,6936,Weekday,False,Clear,False,0.0,False,False,1.0,Severe,8.5,75.2,821.7,0.274,0.633,0.912,Heavy congestion detected - signal timing extended and reroute suggested
EVT407454,2025-06-26 17:11:26,Local Market Day,J011,Indiranagar 100ft Road,4019,Weekday,False,Clear,False,0.0,False,False,0.827,Severe,14.9,61.6,307.0,0.18,0.415,0.963,Heavy congestion detected - signal timing extended and reroute suggested
EVT407455,2026-06-29 08:08:32,Local Market Day,J023,Basavanagudi,3278,Weekday,False,Rain,True,9.3,False,False,0.928,Severe,14.0,67.4,544.0,0.285,0.658,0.891,Heavy rain reducing visibility and grip - reduced speed and longer buffer advised
EVT407456,2025-10-15 16:43:05,Local Market Day,J023,Basavanagudi,3898,Weekday,False,Rain,True,19.4,False,False,0.837,Severe,15.3,64.9,305.2,0.17,0.392,0.9,Heavy rain reducing visibility and grip - reduced speed and longer buffer advised
EVT407457,2025-12-30 17:45:08,Local Market Day,J031,Cubbon Road,3227,Weekday,False,Clear,False,0.0,False,False,0.922,Severe,11.7,68.4,345.9,0.158,0.365,0.942,Heavy congestion detected - signal timing extended and reroute suggested
EVT407458,2025-03-05 12:11:41,Concert,J040,City Market,12493,Weekday,False,Clear,False,0.0,False,False,0.26,Low,29.8,20.4,190.5,0.162,0.374,0.934,Moderate traffic flow - standard adaptive signal timing in effect
EVT407459,2025-05-26 16:02:22,Trade Fair,J031,Cubbon Road,9819,Weekday,False,Clear,False,0.0,False,False,0.47,Moderate,27.7,35.5,170.4,0.136,0.314,0.978,Moderate traffic flow - standard adaptive signal timing in effect
EVT407460,2026-02-06 10:06:44,Concert,J030,MG Road,12728,Weekday,False,Clear,False,0.0,False,False,0.846,Severe,13.4,53.0,234.5,0.133,0.308,0.931,Heavy congestion detected - signal timing extended and reroute suggested
EVT407461,2025-12-25 07:17:39,Cultural Procession,J031,Cubbon Road,26293,Weekday,True,Clear,False,0.0,False,False,0.937,Severe,12.3,62.9,239.6,0.107,0.247,0.889,Festival crowd surge detected - alternate route and extended cycle recommended
EVT407462,2026-05-12 17:47:44,Trade Fair,J031,Cubbon Road,12947,Weekday,False,Clear,False,0.0,False,False,1.0,Severe,7.5,75.9,299.2,0.089,0.205,0.916,Heavy congestion detected - signal timing extended and reroute suggested
EVT407463,2025-07-18 13:19:54,Sports Fixture,J030,MG Road,16817,Weekday,False,Clear,False,0.0,False,False,0.258,Low,33.9,21.2,138.0,0.133,0.307,0.959,Moderate traffic flow - standard adaptive signal timing in effect
EVT407464,2026-05-31 08:34:37,Local Market Day,J031,Cubbon Road,2565,Weekend,False,Clear,False,0.0,False,False,0.779,Severe,19.1,50.3,190.9,0.126,0.291,0.964,Heavy congestion detected - signal timing extended and reroute suggested
EVT407465,2025-03-04 18:23:54,Local Market Day,J030,MG Road,4214,Weekday,False,Clear,False,0.0,False,False,0.947,Severe,10.4,65.7,595.6,0.235,0.544,0.912,Heavy congestion detected - signal timing extended and reroute suggested
EVT407466,2026-04-14 09:45:15,Cultural Procession,J020,Malleshwaram Circle,11538,Weekday,True,Fog,False,0.0,False,True,1.0,Severe,9.2,100.8,317.7,0.138,0.319,0.843,Road closure for event/procession - full detour recommended for through-traffic
EVT407467,2026-02-12 19:13:35,Local Market Day,J031,Cubbon Road,4105,Weekday,False,Fog,False,0.0,False,False,0.914,Severe,11.4,57.7,519.7,0.222,0.514,0.913,Heavy congestion detected - signal timing extended and reroute suggested
EVT407468,2025-03-22 16:11:59,Concert,J031,Cubbon Road,13733,Weekend,False,Clear,False,0.0,False,False,0.448,Moderate,29.9,29.0,222.7,0.17,0.394,0.955,Moderate traffic flow - standard adaptive signal timing in effect
EVT407469,2025-11-20 21:25:27,Local Market Day,J030,MG Road,2387,Weekday,False,Clear,False,0.0,False,False,0.331,Low,36.9,24.6,84.0,0.068,0.156,0.949,Moderate traffic flow - standard adaptive signal timing in effect
EVT407470,2025-09-15 16:03:25,Concert,J031,Cubbon Road,11229,Weekday,False,Clear,False,0.0,False,False,0.446,Moderate,28.8,27.8,176.8,0.148,0.341,0.971,Moderate traffic flow - standard adaptive signal timing in effect
EVT407471,2025-04-27 18:19:02,Local Market Day,J009,Majestic,7066,Weekend,False,Clear,False,0.0,False,False,0.855,Severe,11.0,65.6,340.2,0.153,0.354,0.947,Heavy congestion detected - signal timing extended and reroute suggested
EVT407472,2025-01-03 11:13:35,Concert,J031,Cubbon Road,12311,Weekday,False,Clear,False,0.0,False,False,0.427,Moderate,29.5,29.4,157.5,0.137,0.315,0.966,Moderate traffic flow - standard adaptive signal timing in effect
EVT407473,2025-12-13 06:51:37,Sports Fixture,J031,Cubbon Road,24225,Weekend,False,Clear,False,0.0,False,False,0.542,Moderate,20.0,36.9,235.1,0.136,0.314,0.945,Moderate traffic flow - standard adaptive signal timing in effect
EVT407474,2025-02-05 18:43:15,Local Market Day,J012,Koramangala Sony World,1628,Weekday,False,Clear,False,0.0,False,False,0.875,Severe,12.3,56.1,197.0,0.109,0.251,0.927,Heavy congestion detected - signal timing extended and reroute suggested
EVT407475,2026-06-11 17:44:29,Political Rally,J023,Basavanagudi,14605,Weekday,False,Clear,False,0.0,False,False,0.973,Severe,6.8,69.3,987.3,0.276,0.638,0.935,Heavy congestion detected - signal timing extended and reroute suggested
EVT407476,2026-05-13 12:13:12,Trade Fair,J031,Cubbon Road,3415,Weekday,False,Clear,False,0.0,False,False,0.191,Low,31.6,19.7,119.2,0.089,0.206,0.958,Normal free-flow traffic - standard signal timing maintained
EVT407477,2025-12-03 18:22:16,Political Rally,J020,Malleshwaram Circle,16759,Weekday,False,Clear,False,0.0,False,False,1.0,Severe,9.6,71.2,794.2,0.267,0.616,0.931,Heavy congestion detected - signal timing extended and reroute suggested
EVT407478,2025-12-03 16:25:28,Sports Fixture,J020,Malleshwaram Circle,19550,Weekday,False,Clear,False,0.0,False,False,0.67,High,25.5,41.3,139.6,0.1,0.232,0.962,Moderate traffic flow - standard adaptive signal timing in effect
EVT407479,2025-08-24 09:45:04,Concert,J030,MG Road,9712,Weekend,False,Heavy Rain,True,68.6,False,False,1.0,Severe,6.2,66.7,648.2,0.177,0.408,0.866,Heavy rain reducing visibility and grip - reduced speed and longer buffer advised
EVT407480,2025-10-03 14:00:17,Religious Festival,J030,MG Road,40260,Weekday,True,Clear,False,0.0,False,True,0.852,High,12.2,88.8,412.6,0.197,0.455,0.885,Road closure for event/procession - full detour recommended for through-traffic
EVT407481,2025-02-06 18:31:44,Trade Fair,J012,Koramangala Sony World,5404,Weekday,False,Clear,False,0.0,False,False,1.0,Severe,9.5,70.1,455.5,0.187,0.431,0.907,Heavy congestion detected - signal timing extended and reroute suggested
EVT407482,2026-04-10 18:27:29,Local Market Day,J030,MG Road,4126,Weekday,False,Fog,False,0.0,False,False,1.0,Severe,9.9,68.0,484.6,0.193,0.446,0.902,Heavy congestion detected - signal timing extended and reroute suggested
EVT407483,2026-06-01 11:51:29,Concert,J040,City Market,8723,Weekday,False,Clear,False,0.0,False,False,0.315,Low,26.2,21.7,169.7,0.112,0.259,0.988,Moderate traffic flow - standard adaptive signal timing in effect
EVT407484,2025-06-05 09:27:59,Concert,J031,Cubbon Road,15552,Weekday,False,Clear,False,0.0,False,False,1.0,Severe,8.8,81.1,479.0,0.182,0.42,0.919,Heavy congestion detected - signal timing extended and reroute suggested
EVT407485,2025-12-22 14:55:21,Local Market Day,J030,MG Road,5215,Weekday,False,Clear,False,0.0,False,False,0.221,Low,29.4,19.0,121.1,0.093,0.215,0.953,Normal free-flow traffic - standard signal timing maintained
EVT407486,2026-03-02 06:02:27,Sports Fixture,J009,Majestic,31902,Weekday,False,Clear,False,0.0,False,False,0.322,Low,30.0,18.2,141.5,0.124,0.286,0.961,Moderate traffic flow - standard adaptive signal timing in effect
EVT407487,2025-04-15 12:28:33,Cultural Procession,J030,MG Road,21430,Weekday,True,Clear,False,0.0,False,True,0.721,High,13.3,74.7,341.7,0.174,0.402,0.891,Road closure for event/procession - full detour recommended for through-traffic
EVT407488,2026-02-06 20:58:06,Trade Fair,J031,Cubbon Road,11110,Weekday,False,Clear,False,0.0,False,False,0.489,Moderate,26.5,30.9,254.5,0.183,0.422,0.956,Moderate traffic flow - standard adaptive signal timing in effect
EVT407489,2025-07-20 22:35:20,Local Market Day,J012,Koramangala Sony World,4787,Weekend,False,Clear,False,0.0,True,False,0.72,High,18.6,56.8,213.3,0.143,0.33,0.775,Accident detected nearby - reroute and reduced speed advised
EVT407490,2025-08-15 12:21:14,Fireworks Display,J020,Malleshwaram Circle,24508,Weekday,True,Clear,False,0.0,False,False,0.545,Moderate,18.9,44.7,233.4,0.125,0.289,0.925,Festival crowd surge detected - alternate route and extended cycle recommended
EVT407491,2025-05-24 14:32:05,Sports Fixture,J012,Koramangala Sony World,23502,Weekend,False,Clear,False,0.0,False,False,0.349,Low,33.6,21.4,242.1,0.199,0.46,0.947,Moderate traffic flow - standard adaptive signal timing in effect
EVT407492,2025-07-08 19:10:37,Trade Fair,J009,Majestic,16348,Weekday,False,Heavy Rain,True,49.0,False,False,1.0,Severe,8.0,68.9,771.8,0.245,0.566,0.867,Heavy rain reducing visibility and grip - reduced speed and longer buffer advised
EVT407493,2025-10-16 21:37:48,Concert,J012,Koramangala Sony World,11367,Weekday,False,Fog,False,0.0,False,False,0.437,Moderate,19.7,37.6,427.2,0.244,0.564,0.966,Moderate traffic flow - standard adaptive signal timing in effect
EVT407494,2026-02-08 06:56:50,Trade Fair,J040,City Market,10412,Weekend,False,Clear,False,0.0,False,False,0.443,Moderate,20.8,27.7,257.7,0.165,0.382,0.967,Moderate traffic flow - standard adaptive signal timing in effect
EVT407495,2026-06-27 17:47:40,Local Market Day,J012,Koramangala Sony World,3696,Weekend,False,Clear,False,0.0,False,False,0.822,Severe,12.0,57.7,236.4,0.123,0.285,0.945,Heavy congestion detected - signal timing extended and reroute suggested
EVT407496,2025-12-22 12:09:34,Local Market Day,J031,Cubbon Road,2776,Weekday,False,Clear,False,0.0,False,False,0.194,Low,28.0,13.9,53.1,0.016,0.036,0.948,Normal free-flow traffic - standard signal timing maintained
EVT407497,2026-04-18 15:55:47,Trade Fair,J030,MG Road,9068,Weekend,False,Clear,False,0.0,False,False,0.489,Moderate,26.7,32.3,114.5,0.091,0.211,0.948,Moderate traffic flow - standard adaptive signal timing in effect
EVT407498,2025-07-27 07:02:11,Local Market Day,J012,Koramangala Sony World,5855,Weekend,False,Clear,False,0.0,False,False,0.429,Moderate,24.6,31.0,198.7,0.146,0.336,0.961,Moderate traffic flow - standard adaptive signal timing in effect
EVT407499,2025-04-19 06:35:23,Political Rally,J023,Basavanagudi,16950,Weekend,False,Clear,False,0.0,False,False,0.47,Moderate,25.2,34.1,208.4,0.147,0.341,0.951,Moderate traffic flow - standard adaptive signal timing in effect
EVT407500,2025-12-16 07:59:38,Local Market Day,J040,City Market,2363,Weekday,False,Clear,False,0.0,False,False,0.828,Severe,13.0,64.1,410.5,0.212,0.489,0.947,Heavy congestion detected - signal timing extended and reroute suggested
EVT407501,2026-01-11 15:03:55,Concert,J030,MG Road,8687,Weekend,False,Clear,False,0.0,False,False,0.402,Moderate,25.7,33.2,168.0,0.128,0.296,0.978,Moderate traffic flow - standard adaptive signal timing in effect
EVT407502,2025-06-01 21:51:40,Concert,J031,Cubbon Road,8255,Weekend,False,Rain,True,11.9,False,False,0.429,Moderate,31.5,30.5,174.0,0.162,0.373,0.902,Light rain detected - minor speed reduction advised
EVT407503,2025-10-14 10:10:41,Local Market Day,J011,Indiranagar 100ft Road,4207,Weekday,False,Rain,True,13.8,False,False,0.932,Severe,8.2,68.6,624.3,0.193,0.446,0.89,Heavy rain reducing visibility and grip - reduced speed and longer buffer advised
EVT407504,2025-07-09 21:58:01,Concert,J023,Basavanagudi,8126,Weekday,False,Heavy Rain,True,50.1,False,False,0.681,High,16.2,57.9,401.1,0.215,0.496,0.906,Heavy rain reducing visibility and grip - reduced speed and longer buffer advised
EVT407505,2025-11-06 16:05:22,Political Rally,J023,Basavanagudi,16116,Weekday,False,Clear,False,0.0,False,False,0.507,Moderate,21.0,38.6,103.8,0.056,0.13,0.932,Moderate traffic flow - standard adaptive signal timing in effect
EVT407506,2025-10-15 14:14:30,Local Market Day,J030,MG Road,2829,Weekday,False,Clear,False,0.0,False,False,0.27,Low,35.5,26.8,178.7,0.186,0.43,0.948,Moderate traffic flow - standard adaptive signal timing in effect
EVT407507,2025-01-01 20:00:39,Trade Fair,J031,Cubbon Road,6094,Weekday,False,Clear,False,0.0,False,False,0.801,Severe,13.4,59.8,542.8,0.26,0.601,0.945,Heavy congestion detected - signal timing extended and reroute suggested
EVT407508,2025-09-10 23:34:28,Trade Fair,J023,Basavanagudi,15852,Weekday,False,Heavy Rain,True,29.0,False,False,0.499,Moderate,20.3,38.2,199.8,0.128,0.295,0.919,Light rain detected - minor speed reduction advised
EVT407509,2026-06-05 19:09:35,Local Market Day,J020,Malleshwaram Circle,4961,Weekday,False,Clear,False,0.0,False,False,0.95,Severe,6.9,62.7,843.3,0.234,0.542,0.941,Heavy congestion detected - signal timing extended and reroute suggested
EVT407510,2026-01-31 15:27:27,Local Market Day,J011,Indiranagar 100ft Road,4822,Weekend,False,Clear,False,0.0,False,False,0.408,Moderate,31.9,29.1,188.1,0.168,0.388,0.933,Moderate traffic flow - standard adaptive signal timing in effect
EVT407511,2025-10-08 09:59:57,Sports Fixture,J020,Malleshwaram Circle,25011,Weekday,False,Rain,True,9.5,False,False,1.0,Severe,8.3,70.9,541.2,0.179,0.413,0.877,Heavy rain reducing visibility and grip - reduced speed and longer buffer advised
EVT407512,2025-01-23 07:09:14,Political Rally,J009,Majestic,7653,Weekday,False,Clear,False,0.0,False,False,0.496,Moderate,22.4,32.8,189.4,0.115,0.266,0.968,Moderate traffic flow - standard adaptive signal timing in effect
EVT407513,2025-01-20 16:34:13,Sports Fixture,J030,MG Road,21954,Weekday,False,Clear,False,0.0,False,False,0.626,High,25.5,41.0,152.1,0.108,0.25,0.976,Moderate traffic flow - standard adaptive signal timing in effect
EVT407514,2025-08-06 14:57:40,Concert,J031,Cubbon Road,12121,Weekday,False,Clear,False,0.0,False,False,0.314,Low,33.6,22.0,185.4,0.174,0.403,0.983,Moderate traffic flow - standard adaptive signal timing in effect
EVT407515,2025-06-16 10:10:28,Trade Fair,J012,Koramangala Sony World,12812,Weekday,False,Clear,False,0.0,False,False,0.798,Severe,13.9,62.8,383.2,0.175,0.405,0.968,Heavy congestion detected - signal timing extended and reroute suggested
EVT407516,2025-03-06 17:24:32,Local Market Day,J009,Majestic,7694,Weekday,False,Clear,False,0.0,False,False,0.889,Severe,11.4,61.2,473.0,0.203,0.468,0.923,Heavy congestion detected - signal timing extended and reroute suggested
EVT407517,2025-12-07 09:55:15,Local Market Day,J023,Basavanagudi,3902,Weekend,False,Clear,False,0.0,False,False,0.767,Severe,22.2,52.8,190.5,0.124,0.286,0.964,Heavy congestion detected - signal timing extended and reroute suggested
EVT407518,2025-06-03 09:29:19,Trade Fair,J020,Malleshwaram Circle,7138,Weekday,False,Clear,False,0.0,False,False,1.0,Severe,7.6,71.8,505.6,0.169,0.39,0.929,Heavy congestion detected - signal timing extended and reroute suggested
EVT407519,2025-01-31 15:04:40,Local Market Day,J009,Majestic,3367,Weekday,False,Clear,False,0.0,False,False,0.241,Low,33.1,14.9,87.1,0.075,0.173,0.973,Normal free-flow traffic - standard signal timing maintained
EVT407520,2025-08-11 13:52:03,Political Rally,J023,Basavanagudi,13866,Weekday,False,Clear,False,0.0,False,False,0.19,Low,35.1,18.1,131.0,0.124,0.287,0.972,Normal free-flow traffic - standard signal timing maintained
EVT407521,2025-08-28 19:20:31,Cultural Procession,J020,Malleshwaram Circle,14254,Weekday,True,Heavy Rain,True,32.2,False,True,1.0,Severe,9.1,101.8,565.1,0.228,0.527,0.803,Road closure for event/procession - full detour recommended for through-traffic
EVT407522,2026-03-01 18:00:50,Sports Fixture,J040,City Market,29688,Weekend,False,Clear,False,0.0,False,False,0.985,Severe,5.1,69.1,625.9,0.165,0.381,0.892,Heavy congestion detected - signal timing extended and reroute suggested
EVT407523,2025-10-04 17:52:16,Local Market Day,J009,Majestic,2972,Weekend,False,Heavy Rain,True,25.7,False,False,1.0,Severe,10.6,73.8,449.3,0.208,0.48,0.86,Heavy rain reducing visibility and grip - reduced speed and longer buffer advised
EVT407524,2025-01-06 16:46:50,Sports Fixture,J011,Indiranagar 100ft Road,19239,Weekday,False,Clear,False,0.0,False,False,0.809,Severe,14.5,58.5,351.2,0.17,0.393,0.929,Heavy congestion detected - signal timing extended and reroute suggested
EVT407525,2025-11-20 13:27:59,Sports Fixture,J020,Malleshwaram Circle,34687,Weekday,False,Clear,False,0.0,False,False,0.399,Moderate,27.1,30.4,218.4,0.16,0.37,0.955,Moderate traffic flow - standard adaptive signal timing in effect
EVT407526,2026-01-07 08:57:28,Local Market Day,J030,MG Road,1843,Weekday,False,Clear,False,0.0,False,False,1.0,Severe,8.5,72.1,712.4,0.256,0.592,0.924,Heavy congestion detected - signal timing extended and reroute suggested
EVT407527,2026-05-21 15:30:42,Sports Fixture,J012,Koramangala Sony World,17613,Weekday,False,Clear,False,0.0,False,False,0.424,Moderate,20.4,32.4,259.3,0.15,0.346,0.971,Moderate traffic flow - standard adaptive signal timing in effect
EVT407528,2025-09-23 09:39:43,Local Market Day,J031,Cubbon Road,4324,Weekday,False,Heavy Rain,True,46.6,False,False,1.0,Severe,7.4,65.8,637.1,0.195,0.451,0.86,Heavy rain reducing visibility and grip - reduced speed and longer buffer advised
EVT407529,2025-03-01 21:21:06,Trade Fair,J023,Basavanagudi,6568,Weekend,False,Clear,False,0.0,False,False,0.403,Moderate,28.3,28.6,142.4,0.14,0.323,0.964,Moderate traffic flow - standard adaptive signal timing in effect
EVT407530,2025-01-18 13:12:54,Local Market Day,J020,Malleshwaram Circle,3012,Weekend,False,Clear,False,0.0,False,False,0.243,Low,29.0,12.9,189.3,0.139,0.32,0.961,Normal free-flow traffic - standard signal timing maintained
EVT407531,2025-07-15 19:12:38,Local Market Day,J030,MG Road,3644,Weekday,False,Rain,True,12.5,False,False,1.0,Severe,9.7,71.8,278.9,0.117,0.27,0.845,Heavy rain reducing visibility and grip - reduced speed and longer buffer advised
EVT407532,2025-10-08 16:27:47,Political Rally,J031,Cubbon Road,19298,Weekday,False,Clear,False,0.0,False,False,0.667,High,24.9,47.4,191.0,0.139,0.321,0.977,Moderate traffic flow - standard adaptive signal timing in effect
EVT407533,2025-06-07 18:35:09,Sports Fixture,J030,MG Road,14688,Weekend,False,Clear,False,0.0,False,False,0.918,Severe,13.6,63.5,330.7,0.152,0.35,0.919,Heavy congestion detected - signal timing extended and reroute suggested
EVT407534,2025-04-18 20:32:01,Sports Fixture,J009,Majestic,19802,Weekday,False,Light Rain,True,3.3,False,False,0.68,High,17.5,45.0,516.9,0.298,0.688,0.875,Heavy rain reducing visibility and grip - reduced speed and longer buffer advised
EVT407535,2025-06-11 10:13:29,Sports Fixture,J031,Cubbon Road,33217,Weekday,False,Light Rain,True,7.2,False,False,0.913,Severe,7.6,67.9,1006.9,0.3,0.693,0.869,Heavy rain reducing visibility and grip - reduced speed and longer buffer advised
EVT407536,2026-03-29 19:54:18,Local Market Day,J023,Basavanagudi,5125,Weekend,False,Clear,False,0.0,False,False,0.64,High,23.0,42.7,174.4,0.112,0.258,0.93,Moderate traffic flow - standard adaptive signal timing in effect
EVT407537,2025-06-25 14:03:30,Trade Fair,J011,Indiranagar 100ft Road,8223,Weekday,False,Clear,False,0.0,False,False,0.212,Low,26.7,17.2,126.0,0.099,0.228,0.949,Normal free-flow traffic - standard signal timing maintained
EVT407538,2026-01-12 18:47:56,Concert,J020,Malleshwaram Circle,30455,Weekday,False,Fog,False,0.0,False,False,1.0,Severe,9.1,71.0,466.5,0.159,0.366,0.928,Heavy congestion detected - signal timing extended and reroute suggested
EVT407539,2025-10-24 20:09:01,Local Market Day,J030,MG Road,3689,Weekday,False,Rain,True,18.3,False,False,0.845,Severe,14.9,60.6,205.4,0.09,0.208,0.885,Heavy rain reducing visibility and grip - reduced speed and longer buffer advised
EVT407540,2026-04-24 22:15:09,Political Rally,J023,Basavanagudi,23775,Weekday,False,Clear,False,0.0,False,False,0.31,Low,38.2,20.3,129.3,0.105,0.243,0.947,Moderate traffic flow - standard adaptive signal timing in effect
EVT407541,2026-01-25 02:36:36,Local Market Day,J031,Cubbon Road,4790,Weekend,False,Clear,False,0.0,False,False,0.272,Low,31.3,15.6,130.1,0.115,0.267,0.951,Moderate traffic flow - standard adaptive signal timing in effect
EVT407542,2026-05-01 09:21:24,Cultural Procession,J031,Cubbon Road,22808,Weekday,True,Clear,False,0.0,False,True,1.0,Severe,7.4,100.3,767.6,0.24,0.554,0.849,Road closure for event/procession - full detour recommended for through-traffic
EVT407543,2026-02-21 09:57:42,Sports Fixture,J011,Indiranagar 100ft Road,15998,Weekend,False,Clear,False,0.0,False,False,0.782,Severe,14.3,49.9,363.7,0.196,0.453,0.978,Heavy congestion detected - signal timing extended and reroute suggested
EVT407544,2025-11-30 15:23:18,Sports Fixture,J009,Majestic,9732,Weekend,False,Clear,False,0.0,False,False,0.37,Moderate,23.0,26.8,178.8,0.116,0.268,0.964,Moderate traffic flow - standard adaptive signal timing in effect
EVT407545,2025-12-29 19:58:14,Trade Fair,J030,MG Road,5805,Weekday,False,Clear,False,0.0,False,False,0.744,High,17.2,52.4,202.6,0.132,0.306,0.943,Moderate traffic flow - standard adaptive signal timing in effect
EVT407546,2025-04-24 07:00:14,Sports Fixture,J031,Cubbon Road,27333,Weekday,False,Clear,False,0.0,False,False,0.578,High,21.0,40.1,181.1,0.121,0.279,0.935,Moderate traffic flow - standard adaptive signal timing in effect
EVT407547,2025-06-23 15:57:15,Local Market Day,J030,MG Road,2532,Weekday,False,Clear,False,0.0,False,False,0.388,Moderate,26.8,32.4,133.9,0.096,0.221,0.976,Moderate traffic flow - standard adaptive signal timing in effect
EVT407548,2026-03-26 18:15:11,Religious Festival,J020,Malleshwaram Circle,29998,Weekday,True,Clear,False,0.0,False,False,1.0,Severe,7.0,70.6,364.7,0.108,0.25,0.856,Festival crowd surge detected - alternate route and extended cycle recommended
EVT407549,2026-04-01 18:09:59,Trade Fair,J023,Basavanagudi,8590,Weekday,False,Clear,False,0.0,False,False,1.0,Severe,8.4,81.2,628.1,0.228,0.526,0.95,Heavy congestion detected - signal timing extended and reroute suggested
EVT407550,2025-05-09 11:57:47,Local Market Day,J030,MG Road,2703,Weekday,False,Clear,False,0.0,False,False,0.207,Low,34.7,11.3,107.7,0.089,0.206,0.98,Normal free-flow traffic - standard signal timing maintained
EVT407551,2025-02-24 16:30:49,Trade Fair,J009,Majestic,13223,Weekday,False,Clear,False,0.0,False,False,0.561,High,24.8,43.3,262.7,0.202,0.467,0.965,Moderate traffic flow - standard adaptive signal timing in effect
EVT407552,2025-01-28 20:55:52,Local Market Day,J020,Malleshwaram Circle,2304,Weekday,False,Clear,False,0.0,False,False,0.512,Moderate,28.1,41.4,186.4,0.164,0.379,0.96,Moderate traffic flow - standard adaptive signal timing in effect
EVT407553,2025-06-13 07:29:01,Sports Fixture,J040,City Market,27084,Weekday,False,Heavy Rain,True,31.9,False,False,1.0,Severe,7.3,69.9,751.0,0.242,0.558,0.877,Heavy rain reducing visibility and grip - reduced speed and longer buffer advised
EVT407554,2025-10-06 06:25:45,Local Market Day,J023,Basavanagudi,2187,Weekday,False,Clear,False,0.0,False,False,0.314,Low,31.3,24.1,189.0,0.154,0.355,0.962,Moderate traffic flow - standard adaptive signal timing in effect
EVT407555,2025-04-20 12:24:49,Trade Fair,J031,Cubbon Road,9195,Weekend,False,Rain,True,17.5,False,False,0.49,Moderate,24.2,34.4,197.7,0.145,0.336,0.9,Light rain detected - minor speed reduction advised
EVT407556,2025-01-06 17:42:08,Local Market Day,J030,MG Road,2138,Weekday,False,Clear,False,0.0,False,False,0.964,Severe,8.8,64.6,443.4,0.149,0.344,0.929,Heavy congestion detected - signal timing extended and reroute suggested
EVT407557,2025-12-14 07:49:25,Political Rally,J011,Indiranagar 100ft Road,18915,Weekend,False,Clear,False,0.0,False,False,0.689,High,18.7,47.6,132.3,0.094,0.217,0.982,Moderate traffic flow - standard adaptive signal timing in effect
EVT407558,2026-06-07 18:34:29,Trade Fair,J040,City Market,11468,Weekend,False,Clear,False,0.0,False,False,0.937,Severe,12.4,64.6,334.7,0.147,0.339,0.931,Heavy congestion detected - signal timing extended and reroute suggested
EVT407559,2025-11-28 08:51:34,Trade Fair,J023,Basavanagudi,15076,Weekday,False,Light Rain,True,4.2,False,False,1.0,Severe,9.2,71.2,452.6,0.15,0.348,0.872,Heavy rain reducing visibility and grip - reduced speed and longer buffer advised
EVT407560,2026-05-30 07:39:02,Local Market Day,J023,Basavanagudi,2588,Weekend,False,Clear,False,0.0,False,False,0.64,High,20.5,50.1,230.8,0.165,0.381,0.986,Moderate traffic flow - standard adaptive signal timing in effect
EVT407561,2025-10-24 17:09:42,Concert,J012,Koramangala Sony World,14389,Weekday,False,Clear,False,0.0,False,False,0.843,Severe,15.4,61.5,552.6,0.299,0.691,0.923,Heavy congestion detected - signal timing extended and reroute suggested
EVT407562,2025-11-20 08:36:53,Local Market Day,J011,Indiranagar 100ft Road,5152,Weekday,False,Clear,False,0.0,False,False,0.989,Severe,9.8,64.3,324.7,0.124,0.287,0.911,Heavy congestion detected - signal timing extended and reroute suggested
EVT407563,2026-03-26 13:18:15,Religious Festival,J011,Indiranagar 100ft Road,76298,Weekday,True,Clear,False,0.0,False,True,1.0,Severe,10.1,93.2,453.5,0.19,0.439,0.836,Road closure for event/procession - full detour recommended for through-traffic
EVT407564,2025-03-18 12:46:01,Local Market Day,J031,Cubbon Road,4620,Weekday,False,Clear,False,0.0,False,False,0.195,Low,37.0,10.8,83.1,0.088,0.204,0.953,Normal free-flow traffic - standard signal timing maintained
EVT407565,2026-02-16 18:00:27,Local Market Day,J011,Indiranagar 100ft Road,3590,Weekday,False,Clear,False,0.0,False,False,1.0,Severe,7.4,76.8,769.7,0.235,0.542,0.901,Heavy congestion detected - signal timing extended and reroute suggested
EVT407566,2025-02-24 08:24:09,Concert,J009,Majestic,7682,Weekday,False,Clear,False,0.0,False,False,0.995,Severe,6.4,67.1,417.5,0.132,0.305,0.909,Heavy congestion detected - signal timing extended and reroute suggested
EVT407567,2025-07-08 09:17:39,Concert,J012,Koramangala Sony World,8595,Weekday,False,Clear,False,0.0,False,False,1.0,Severe,9.6,72.7,368.0,0.128,0.296,0.912,Heavy congestion detected - signal timing extended and reroute suggested
EVT407568,2026-03-12 09:32:15,Sports Fixture,J012,Koramangala Sony World,24620,Weekday,False,Clear,False,0.0,False,False,1.0,Severe,6.9,69.9,703.1,0.19,0.438,0.927,Heavy congestion detected - signal timing extended and reroute suggested
EVT407569,2026-01-01 20:43:38,Cultural Procession,J023,Basavanagudi,18893,Weekday,True,Clear,False,0.0,False,True,0.934,Severe,12.1,96.5,537.1,0.253,0.584,0.84,Road closure for event/procession - full detour recommended for through-traffic
EVT407570,2025-05-12 18:42:56,Sports Fixture,J020,Malleshwaram Circle,21377,Weekday,False,Clear,False,0.0,False,False,1.0,Severe,8.5,66.2,861.8,0.296,0.684,0.927,Heavy congestion detected - signal timing extended and reroute suggested
EVT407571,2026-03-22 20:18:05,Concert,J011,Indiranagar 100ft Road,27802,Weekend,False,Fog,False,0.0,False,False,0.669,High,23.9,48.8,210.5,0.153,0.352,0.946,Moderate traffic flow - standard adaptive signal timing in effect
EVT407572,2026-04-26 09:43:29,Local Market Day,J012,Koramangala Sony World,5215,Weekend,False,Clear,False,0.0,False,False,0.683,High,21.5,50.1,185.9,0.146,0.338,0.972,Moderate traffic flow - standard adaptive signal timing in effect
EVT407573,2025-05-17 14:07:10,Local Market Day,J020,Malleshwaram Circle,5352,Weekend,False,Clear,False,0.0,False,False,0.279,Low,32.3,21.7,96.5,0.088,0.202,0.958,Moderate traffic flow - standard adaptive signal timing in effect
EVT407574,2025-03-25 20:14:39,Trade Fair,J040,City Market,10464,Weekday,False,Light Rain,True,6.0,False,False,0.813,Severe,14.8,58.9,231.3,0.134,0.308,0.9,Heavy rain reducing visibility and grip - reduced speed and longer buffer advised
EVT407575,2025-02-10 07:35:34,Political Rally,J011,Indiranagar 100ft Road,24122,Weekday,False,Clear,False,0.0,False,False,0.679,High,17.6,51.8,366.2,0.23,0.532,0.953,Moderate traffic flow - standard adaptive signal timing in effect
EVT407576,2025-04-27 12:07:17,Local Market Day,J023,Basavanagudi,4673,Weekend,False,Clear,False,0.0,False,False,0.38,Moderate,33.9,25.2,136.2,0.107,0.248,0.947,Moderate traffic flow - standard adaptive signal timing in effect
EVT407577,2026-03-07 19:01:32,Political Rally,J009,Majestic,15152,Weekend,False,Clear,False,0.0,False,False,0.896,Severe,13.4,63.9,339.7,0.173,0.399,0.956,Heavy congestion detected - signal timing extended and reroute suggested
EVT407578,2026-03-26 05:15:47,Cultural Procession,J020,Malleshwaram Circle,11680,Weekday,True,Clear,False,0.0,False,True,0.639,Moderate,22.9,61.4,215.9,0.17,0.394,0.873,Road closure for event/procession - full detour recommended for through-traffic
EVT407579,2026-06-02 10:50:00,Trade Fair,J030,MG Road,5287,Weekday,False,Clear,False,0.0,False,False,0.531,Moderate,21.3,36.5,258.0,0.181,0.419,0.986,Moderate traffic flow - standard adaptive signal timing in effect
EVT407580,2025-12-09 13:41:56,Trade Fair,J040,City Market,5235,Weekday,False,Clear,False,0.0,False,False,0.251,Low,33.2,16.4,72.1,0.094,0.218,0.935,Moderate traffic flow - standard adaptive signal timing in effect
EVT407581,2026-01-12 08:28:36,Political Rally,J009,Majestic,14078,Weekday,False,Clear,False,0.0,False,False,0.938,Severe,10.9,67.5,376.5,0.169,0.392,0.916,Heavy congestion detected - signal timing extended and reroute suggested
EVT407582,2025-02-13 15:03:46,Local Market Day,J023,Basavanagudi,6081,Weekday,False,Clear,False,0.0,False,False,0.291,Low,30.8,18.3,206.7,0.162,0.375,0.974,Moderate traffic flow - standard adaptive signal timing in effect
EVT407583,2026-06-22 01:35:43,Local Market Day,J023,Basavanagudi,2723,Weekday,False,Clear,False,0.0,False,False,0.189,Low,35.6,13.7,110.9,0.082,0.19,0.977,Normal free-flow traffic - standard signal timing maintained
EVT407584,2026-01-05 14:09:24,Trade Fair,J020,Malleshwaram Circle,8935,Weekday,False,Clear,False,0.0,False,False,0.249,Low,27.4,21.1,254.8,0.198,0.457,0.984,Normal free-flow traffic - standard signal timing maintained
EVT407585,2025-03-17 13:02:54,Local Market Day,J009,Majestic,6998,Weekday,False,Clear,False,0.0,False,False,0.148,Low,28.6,11.7,162.9,0.125,0.289,0.97,Normal free-flow traffic - standard signal timing maintained
EVT407586,2025-10-19 08:48:13,Sports Fixture,J011,Indiranagar 100ft Road,14552,Weekend,False,Clear,False,0.0,False,False,0.878,Severe,9.9,60.3,537.1,0.198,0.458,0.941,Heavy congestion detected - signal timing extended and reroute suggested
EVT407587,2025-07-09 16:22:36,Concert,J020,Malleshwaram Circle,10107,Weekday,False,Rain,True,15.6,False,False,0.79,Severe,12.9,53.2,224.8,0.114,0.263,0.912,Heavy rain reducing visibility and grip - reduced speed and longer buffer advised
EVT407588,2026-02-17 21:50:46,Concert,J031,Cubbon Road,9786,Weekday,False,Clear,False,0.0,False,False,0.314,Low,31.1,21.1,162.2,0.145,0.336,0.968,Moderate traffic flow - standard adaptive signal timing in effect
EVT407589,2025-10-04 10:24:48,Sports Fixture,J011,Indiranagar 100ft Road,22292,Weekend,False,Clear,False,0.0,False,False,0.648,High,18.9,41.4,364.3,0.218,0.502,0.958,Moderate traffic flow - standard adaptive signal timing in effect
EVT407590,2025-01-27 08:33:19,Religious Festival,J040,City Market,142488,Weekday,True,Clear,False,0.0,False,True,1.0,Severe,8.3,87.7,420.5,0.168,0.388,0.798,Road closure for event/procession - full detour recommended for through-traffic
EVT407591,2026-01-17 16:37:23,Trade Fair,J012,Koramangala Sony World,13735,Weekend,False,Clear,False,0.0,False,False,0.577,High,25.0,43.8,218.4,0.17,0.393,0.955,Moderate traffic flow - standard adaptive signal timing in effect
EVT407592,2026-06-04 07:26:28,Political Rally,J030,MG Road,22178,Weekday,False,Clear,False,0.0,False,False,0.729,High,17.7,45.9,208.5,0.138,0.319,0.925,Moderate traffic flow - standard adaptive signal timing in effect
EVT407593,2025-11-15 09:48:56,Sports Fixture,J012,Koramangala Sony World,23856,Weekend,False,Clear,False,0.0,False,False,0.854,Severe,17.8,62.0,233.6,0.133,0.307,0.952,Heavy congestion detected - signal timing extended and reroute suggested
EVT407594,2026-06-16 19:44:22,Local Market Day,J009,Majestic,3904,Weekday,False,Heavy Rain,True,25.5,False,False,1.0,Severe,7.5,70.1,720.6,0.221,0.512,0.866,Heavy rain reducing visibility and grip - reduced speed and longer buffer advised
EVT407595,2025-11-14 04:23:06,Trade Fair,J011,Indiranagar 100ft Road,10306,Weekday,False,Clear,False,0.0,False,False,0.235,Low,27.8,19.1,146.3,0.121,0.28,0.968,Normal free-flow traffic - standard signal timing maintained
EVT407596,2025-01-05 13:58:19,Sports Fixture,J012,Koramangala Sony World,36459,Weekend,False,Clear,False,0.0,False,False,0.414,Moderate,27.4,22.1,161.4,0.131,0.302,0.942,Moderate traffic flow - standard adaptive signal timing in effect
EVT407597,2025-06-04 19:08:25,Trade Fair,J009,Majestic,12307,Weekday,False,Clear,False,0.0,False,False,0.974,Severe,9.6,73.0,598.2,0.221,0.51,0.9,Heavy congestion detected - signal timing extended and reroute suggested
EVT407598,2026-03-24 16:15:02,Concert,J030,MG Road,10288,Weekday,False,Clear,False,0.0,False,False,0.674,High,19.1,47.5,366.6,0.22,0.509,0.961,Moderate traffic flow - standard adaptive signal timing in effect
EVT407599,2025-07-08 20:28:37,Trade Fair,J031,Cubbon Road,9703,Weekday,False,Clear,False,0.0,False,False,0.633,High,23.1,48.6,170.2,0.13,0.301,0.978,Moderate traffic flow - standard adaptive signal timing in effect
EVT407600,2025-12-13 20:20:02,Sports Fixture,J031,Cubbon Road,20539,Weekend,False,Clear,False,0.0,False,False,0.643,High,22.9,49.5,304.6,0.215,0.497,0.968,Moderate traffic flow - standard adaptive signal timing in effect
EVT407601,2026-05-23 18:37:58,Sports Fixture,J030,MG Road,19611,Weekend,False,Clear,False,0.0,False,False,1.0,Severe,8.3,68.7,673.3,0.22,0.508,0.916,Heavy congestion detected - signal timing extended and reroute suggested
EVT407602,2025-04-11 14:10:57,Political Rally,J020,Malleshwaram Circle,20987,Weekday,False,Light Rain,True,6.0,False,False,0.463,Moderate,21.1,31.0,257.1,0.171,0.396,0.909,Light rain detected - minor speed reduction advised
EVT407603,2026-03-30 13:39:20,Trade Fair,J031,Cubbon Road,6725,Weekday,False,Fog,False,0.0,False,False,0.19,Low,30.8,17.0,122.9,0.11,0.255,0.959,Normal free-flow traffic - standard signal timing maintained
EVT407604,2025-09-23 20:04:44,Sports Fixture,J030,MG Road,21833,Weekday,False,Clear,False,0.0,False,False,0.832,Severe,15.7,61.4,185.6,0.102,0.236,0.951,Heavy congestion detected - signal timing extended and reroute suggested
EVT407605,2025-02-05 16:36:34,Sports Fixture,J020,Malleshwaram Circle,21145,Weekday,False,Clear,False,0.0,False,False,0.641,High,18.1,40.9,258.0,0.16,0.37,0.988,Moderate traffic flow - standard adaptive signal timing in effect
EVT407606,2025-09-07 18:07:50,Local Market Day,J031,Cubbon Road,6018,Weekend,False,Clear,False,0.0,False,False,0.895,Severe,12.0,70.7,317.5,0.171,0.395,0.92,Heavy congestion detected - signal timing extended and reroute suggested
EVT407607,2025-03-01 08:55:11,Local Market Day,J012,Koramangala Sony World,7935,Weekend,False,Clear,False,0.0,False,False,0.918,Severe,9.2,62.8,663.0,0.229,0.528,0.92,Heavy congestion detected - signal timing extended and reroute suggested
EVT407608,2025-06-23 18:53:23,Local Market Day,J009,Majestic,3211,Weekday,False,Clear,False,0.0,False,False,0.941,Severe,8.7,66.2,781.7,0.27,0.624,0.941,Heavy congestion detected - signal timing extended and reroute suggested
EVT407609,2025-07-28 19:50:29,Concert,J031,Cubbon Road,10958,Weekday,False,Heavy Rain,True,35.4,False,False,1.0,Severe,9.0,75.9,414.3,0.147,0.34,0.887,Heavy rain reducing visibility and grip - reduced speed and longer buffer advised
EVT407610,2025-05-15 09:46:44,Local Market Day,J012,Koramangala Sony World,6178,Weekday,False,Clear,False,0.0,False,False,0.934,Severe,12.7,64.2,388.2,0.189,0.436,0.916,Heavy congestion detected - signal timing extended and reroute suggested
EVT407611,2025-11-29 20:49:46,Local Market Day,J009,Majestic,3567,Weekend,False,Clear,False,0.0,False,False,0.438,Moderate,21.0,29.8,184.9,0.107,0.247,0.959,Moderate traffic flow - standard adaptive signal timing in effect
EVT407612,2025-11-08 18:44:33,Concert,J020,Malleshwaram Circle,23842,Weekend,False,Clear,False,0.0,False,False,1.0,Severe,7.8,73.6,660.6,0.216,0.498,0.899,Heavy congestion detected - signal timing extended and reroute suggested
EVT407613,2025-02-01 06:38:14,Local Market Day,J020,Malleshwaram Circle,5652,Weekend,False,Clear,False,0.0,False,False,0.408,Moderate,33.5,23.6,118.3,0.125,0.288,0.968,Moderate traffic flow - standard adaptive signal timing in effect
EVT407614,2026-05-01 06:47:38,Religious Festival,J020,Malleshwaram Circle,37941,Weekday,True,Clear,False,0.0,False,True,0.887,High,14.2,85.0,421.7,0.211,0.487,0.831,Road closure for event/procession - full detour recommended for through-traffic
EVT407615,2026-01-25 16:57:09,Political Rally,J012,Koramangala Sony World,22529,Weekend,False,Clear,False,0.0,False,False,0.629,High,22.4,40.6,232.0,0.16,0.369,0.99,Moderate traffic flow - standard adaptive signal timing in effect
EVT407616,2025-09-12 12:28:06,Political Rally,J040,City Market,9458,Weekday,False,Clear,False,0.0,False,False,0.268,Low,31.9,17.8,75.9,0.064,0.148,0.975,Moderate traffic flow - standard adaptive signal timing in effect
EVT407617,2026-04-11 16:56:06,Political Rally,J009,Majestic,18586,Weekend,False,Clear,False,0.0,False,False,0.778,Severe,15.8,63.4,241.6,0.14,0.323,0.973,Heavy congestion detected - signal timing extended and reroute suggested
EVT407618,2025-08-13 21:26:01,Concert,J030,MG Road,13660,Weekday,False,Heavy Rain,True,25.6,False,False,0.643,High,15.9,52.8,322.1,0.148,0.343,0.892,Heavy rain reducing visibility and grip - reduced speed and longer buffer advised
EVT407619,2025-11-02 13:21:30,Cultural Procession,J023,Basavanagudi,12731,Weekend,True,Clear,False,0.0,False,True,0.666,Moderate,18.7,62.2,217.7,0.151,0.349,0.891,Road closure for event/procession - full detour recommended for through-traffic
EVT407620,2025-04-03 09:40:56,Political Rally,J023,Basavanagudi,18849,Weekday,False,Clear,False,0.0,False,False,0.99,Severe,8.9,74.1,677.5,0.23,0.53,0.928,Heavy congestion detected - signal timing extended and reroute suggested
EVT407621,2025-09-07 09:50:40,Political Rally,J030,MG Road,19681,Weekend,False,Rain,True,7.7,False,False,0.921,Severe,9.4,60.8,304.9,0.12,0.277,0.884,Heavy rain reducing visibility and grip - reduced speed and longer buffer advised
EVT407622,2025-02-05 13:56:53,Sports Fixture,J020,Malleshwaram Circle,50833,Weekday,False,Clear,False,0.0,False,False,0.503,Moderate,30.3,34.3,210.7,0.182,0.419,0.955,Moderate traffic flow - standard adaptive signal timing in effect
EVT407623,2025-08-26 13:00:55,Concert,J030,MG Road,11957,Weekday,False,Clear,False,0.0,False,False,0.268,Low,36.2,27.0,100.1,0.083,0.191,0.972,Moderate traffic flow - standard adaptive signal timing in effect
EVT407624,2025-04-19 11:16:10,Sports Fixture,J009,Majestic,19958,Weekend,False,Clear,False,0.0,False,False,0.481,Moderate,27.4,34.4,169.7,0.123,0.284,0.953,Moderate traffic flow - standard adaptive signal timing in effect
EVT407625,2025-02-17 19:03:12,Sports Fixture,J009,Majestic,32995,Weekday,False,Clear,False,0.0,False,False,1.0,Severe,6.8,74.8,803.7,0.218,0.504,0.93,Heavy congestion detected - signal timing extended and reroute suggested
EVT407626,2025-01-20 15:35:16,Local Market Day,J009,Majestic,5750,Weekday,False,Clear,False,0.0,False,False,0.341,Low,24.9,26.1,132.4,0.103,0.238,0.949,Moderate traffic flow - standard adaptive signal timing in effect
EVT407627,2025-07-15 16:42:54,Sports Fixture,J040,City Market,20871,Weekday,False,Clear,False,0.0,False,False,0.677,High,19.4,47.1,215.9,0.132,0.305,0.968,Moderate traffic flow - standard adaptive signal timing in effect
EVT407628,2025-01-14 18:17:56,Fireworks Display,J009,Majestic,20361,Weekday,True,Clear,False,0.0,False,False,1.0,Severe,9.4,76.1,667.6,0.238,0.55,0.879,Festival crowd surge detected - alternate route and extended cycle recommended
EVT407629,2026-02-17 15:51:09,Concert,J012,Koramangala Sony World,6901,Weekday,False,Clear,False,0.0,False,False,0.409,Moderate,26.2,35.0,214.2,0.17,0.392,0.957,Moderate traffic flow - standard adaptive signal timing in effect
EVT407630,2025-01-06 20:23:42,Trade Fair,J009,Majestic,11288,Weekday,False,Clear,False,0.0,False,False,0.619,High,19.5,50.1,302.3,0.195,0.452,0.98,Moderate traffic flow - standard adaptive signal timing in effect
EVT407631,2025-02-24 08:46:43,Sports Fixture,J020,Malleshwaram Circle,20286,Weekday,False,Clear,False,0.0,False,False,1.0,Severe,7.0,69.9,589.7,0.185,0.427,0.931,Heavy congestion detected - signal timing extended and reroute suggested
EVT407632,2025-03-23 15:19:25,Local Market Day,J031,Cubbon Road,3530,Weekend,False,Clear,False,0.0,False,False,0.316,Low,36.8,10.9,155.4,0.171,0.394,0.941,Moderate traffic flow - standard adaptive signal timing in effect
EVT407633,2025-08-29 05:58:38,Concert,J040,City Market,12847,Weekday,False,Clear,False,0.0,False,False,0.21,Low,30.1,13.1,138.6,0.127,0.294,0.966,Normal free-flow traffic - standard signal timing maintained
EVT407634,2025-02-06 12:26:08,Sports Fixture,J012,Koramangala Sony World,19755,Weekday,False,Fog,False,0.0,False,False,0.173,Low,38.5,14.8,181.6,0.178,0.412,0.976,Normal free-flow traffic - standard signal timing maintained
EVT407635,2025-01-23 01:19:57,Local Market Day,J030,MG Road,2734,Weekday,False,Clear,False,0.0,False,False,0.166,Low,37.7,11.4,108.2,0.094,0.217,0.945,Normal free-flow traffic - standard signal timing maintained
EVT407636,2025-01-18 09:40:57,Political Rally,J011,Indiranagar 100ft Road,16891,Weekend,False,Clear,False,0.0,False,False,0.843,Severe,12.6,58.7,504.1,0.256,0.591,0.943,Heavy congestion detected - signal timing extended and reroute suggested
EVT407637,2025-02-16 17:51:36,Political Rally,J020,Malleshwaram Circle,19126,Weekend,False,Clear,False,0.0,False,False,0.933,Severe,11.4,65.5,325.2,0.142,0.327,0.915,Heavy congestion detected - signal timing extended and reroute suggested
EVT407638,2025-03-24 05:44:59,Local Market Day,J040,City Market,4401,Weekday,False,Clear,False,0.0,False,False,0.1,Low,33.1,8.7,191.6,0.151,0.348,0.948,Normal free-flow traffic - standard signal timing maintained
EVT407639,2025-11-06 10:29:08,Sports Fixture,J023,Basavanagudi,19025,Weekday,False,Clear,False,0.0,False,False,0.684,High,20.5,45.4,222.7,0.176,0.407,0.989,Moderate traffic flow - standard adaptive signal timing in effect
EVT407640,2026-02-16 22:37:57,Political Rally,J012,Koramangala Sony World,9971,Weekday,False,Clear,False,0.0,False,False,0.253,Low,31.2,20.9,118.2,0.1,0.23,0.962,Moderate traffic flow - standard adaptive signal timing in effect
EVT407641,2026-01-09 14:34:17,Local Market Day,J012,Koramangala Sony World,2378,Weekday,False,Clear,False,0.0,False,False,0.186,Low,37.7,17.9,112.4,0.112,0.258,0.966,Normal free-flow traffic - standard signal timing maintained
EVT407642,2026-04-03 12:55:23,Political Rally,J040,City Market,18315,Weekday,False,Clear,False,0.0,False,False,0.283,Low,25.0,14.3,165.0,0.114,0.264,0.986,Moderate traffic flow - standard adaptive signal timing in effect
EVT407643,2026-01-14 12:57:21,Cultural Procession,J009,Majestic,13071,Weekday,True,Clear,False,0.0,False,True,0.642,Moderate,20.2,64.6,339.6,0.224,0.518,0.919,Road closure for event/procession - full detour recommended for through-traffic
EVT407644,2025-11-18 07:47:38,Political Rally,J023,Basavanagudi,10703,Weekday,False,Clear,False,0.0,False,False,0.831,Severe,15.5,67.5,463.0,0.261,0.602,0.925,Heavy congestion detected - signal timing extended and reroute suggested
EVT407645,2025-04-30 09:21:22,Local Market Day,J020,Malleshwaram Circle,4994,Weekday,False,Clear,False,0.0,False,False,0.994,Severe,8.9,73.1,319.8,0.129,0.299,0.895,Heavy congestion detected - signal timing extended and reroute suggested
EVT407646,2025-11-19 12:18:36,Sports Fixture,J009,Majestic,13830,Weekday,False,Clear,False,0.0,False,False,0.258,Low,35.4,16.7,94.5,0.09,0.208,0.988,Moderate traffic flow - standard adaptive signal timing in effect
EVT407647,2025-10-07 06:46:29,Concert,J023,Basavanagudi,13138,Weekday,False,Clear,False,0.0,False,False,0.442,Moderate,27.0,30.3,104.9,0.094,0.217,0.973,Moderate traffic flow - standard adaptive signal timing in effect
EVT407648,2025-01-27 18:10:44,Religious Festival,J020,Malleshwaram Circle,50007,Weekday,True,Clear,False,0.0,False,True,1.0,Severe,8.6,104.4,672.1,0.24,0.554,0.825,Road closure for event/procession - full detour recommended for through-traffic
EVT407649,2026-01-07 09:52:42,Concert,J020,Malleshwaram Circle,13018,Weekday,False,Clear,False,0.0,False,False,0.916,Severe,9.4,67.5,392.3,0.141,0.325,0.923,Heavy congestion detected - signal timing extended and reroute suggested
EVT407650,2026-02-04 13:31:19,Political Rally,J031,Cubbon Road,13329,Weekday,False,Clear,False,0.0,False,False,0.208,Low,33.9,18.9,113.7,0.108,0.25,0.953,Normal free-flow traffic - standard signal timing maintained
EVT407651,2025-01-29 11:39:58,Concert,J040,City Market,13380,Weekday,False,Clear,False,0.0,False,False,0.321,Low,34.8,21.8,147.8,0.174,0.402,0.99,Moderate traffic flow - standard adaptive signal timing in effect
EVT407652,2025-08-25 13:28:23,Local Market Day,J040,City Market,4935,Weekday,False,Clear,False,0.0,False,False,0.189,Low,35.2,10.3,99.2,0.084,0.194,0.974,Normal free-flow traffic - standard signal timing maintained
EVT407653,2025-02-10 15:18:40,Trade Fair,J011,Indiranagar 100ft Road,12973,Weekday,False,Clear,False,0.0,False,False,0.396,Moderate,28.6,26.0,274.9,0.21,0.486,0.958,Moderate traffic flow - standard adaptive signal timing in effect
EVT407654,2025-01-08 17:33:25,Concert,J009,Majestic,9625,Weekday,False,Clear,False,0.0,False,False,0.872,Severe,12.5,59.2,489.4,0.244,0.563,0.936,Heavy congestion detected - signal timing extended and reroute suggested
EVT407655,2025-11-07 20:25:18,Concert,J023,Basavanagudi,15793,Weekday,False,Rain,True,7.7,False,False,0.809,Severe,18.3,57.6,458.7,0.289,0.667,0.895,Heavy rain reducing visibility and grip - reduced speed and longer buffer advised
EVT407656,2025-03-17 08:08:22,Trade Fair,J040,City Market,6574,Weekday,False,Clear,False,0.0,False,False,0.878,Severe,13.8,61.0,367.5,0.204,0.472,0.939,Heavy congestion detected - signal timing extended and reroute suggested
EVT407657,2026-01-12 16:38:01,Concert,J031,Cubbon Road,15442,Weekday,False,Clear,False,0.0,False,False,0.719,High,19.6,54.3,257.6,0.169,0.391,0.962,Moderate traffic flow - standard adaptive signal timing in effect
EVT407658,2025-07-21 20:57:24,Trade Fair,J031,Cubbon Road,9864,Weekday,False,Rain,True,21.3,False,False,0.591,High,21.8,44.1,276.1,0.187,0.431,0.928,Heavy rain reducing visibility and grip - reduced speed and longer buffer advised
EVT407659,2025-07-09 13:12:02,Sports Fixture,J040,City Market,27439,Weekday,False,Rain,True,11.0,False,False,0.49,Moderate,22.8,36.4,282.1,0.211,0.487,0.939,Light rain detected - minor speed reduction advised
EVT407660,2025-07-02 07:42:32,Local Market Day,J009,Majestic,2923,Weekday,False,Clear,False,0.0,False,False,0.645,High,18.1,48.6,194.2,0.1,0.232,0.947,Moderate traffic flow - standard adaptive signal timing in effect
EVT407661,2026-01-17 17:24:38,Concert,J020,Malleshwaram Circle,12245,Weekend,False,Clear,False,0.0,False,False,0.719,High,19.6,51.3,315.5,0.197,0.455,0.966,Moderate traffic flow - standard adaptive signal timing in effect
EVT407662,2026-01-05 09:47:41,Sports Fixture,J031,Cubbon Road,11473,Weekday,False,Clear,False,0.0,False,False,0.922,Severe,12.3,66.9,499.5,0.228,0.527,0.917,Heavy congestion detected - signal timing extended and reroute suggested
EVT407663,2026-01-30 08:31:19,Trade Fair,J009,Majestic,7820,Weekday,False,Clear,False,0.0,False,False,0.983,Severe,9.0,78.0,283.5,0.122,0.282,0.915,Heavy congestion detected - signal timing extended and reroute suggested
EVT407664,2026-04-18 05:58:01,Trade Fair,J012,Koramangala Sony World,6223,Weekend,False,Clear,False,0.0,False,False,0.323,Low,35.2,21.8,180.5,0.175,0.405,0.983,Moderate traffic flow - standard adaptive signal timing in effect
EVT407665,2025-01-31 18:54:12,Sports Fixture,J031,Cubbon Road,28285,Weekday,False,Clear,False,0.0,False,False,1.0,Severe,10.8,76.2,367.7,0.154,0.355,0.914,Heavy congestion detected - signal timing extended and reroute suggested
EVT407666,2026-01-16 19:26:44,Local Market Day,J011,Indiranagar 100ft Road,1442,Weekday,False,Clear,False,0.0,False,False,0.853,Severe,12.8,57.3,363.4,0.161,0.371,0.932,Heavy congestion detected - signal timing extended and reroute suggested
EVT407667,2025-05-16 18:28:38,Sports Fixture,J031,Cubbon Road,20942,Weekday,False,Clear,False,0.0,False,False,1.0,Severe,8.6,69.3,249.6,0.087,0.2,0.922,Heavy congestion detected - signal timing extended and reroute suggested
EVT407668,2025-12-27 16:09:22,Sports Fixture,J031,Cubbon Road,22857,Weekend,False,Clear,False,0.0,False,False,0.589,High,21.8,38.2,142.7,0.098,0.226,0.964,Moderate traffic flow - standard adaptive signal timing in effect
EVT407669,2025-05-14 20:59:27,Sports Fixture,J011,Indiranagar 100ft Road,17847,Weekday,False,Clear,False,0.0,False,False,0.495,Moderate,24.9,31.1,285.9,0.237,0.548,0.99,Moderate traffic flow - standard adaptive signal timing in effect
EVT407670,2025-07-08 11:31:52,Trade Fair,J040,City Market,14295,Weekday,False,Heavy Rain,True,25.1,False,False,0.637,High,24.8,46.8,229.6,0.172,0.398,0.93,Heavy rain reducing visibility and grip - reduced speed and longer buffer advised
EVT407671,2026-03-06 15:23:28,Trade Fair,J009,Majestic,11227,Weekday,False,Clear,False,0.0,False,False,0.327,Low,31.6,23.7,100.4,0.072,0.166,0.961,Moderate traffic flow - standard adaptive signal timing in effect
EVT407672,2025-03-13 21:57:57,Trade Fair,J040,City Market,7769,Weekday,False,Rain,True,14.9,False,False,0.437,Moderate,27.9,32.2,75.4,0.048,0.11,0.922,Light rain detected - minor speed reduction advised
EVT407673,2025-02-19 08:04:36,Trade Fair,J040,City Market,7287,Weekday,False,Fog,False,0.0,False,False,0.839,Severe,14.1,64.2,610.4,0.302,0.698,0.952,Heavy congestion detected - signal timing extended and reroute suggested
EVT407674,2026-06-19 10:37:42,Local Market Day,J030,MG Road,3746,Weekday,False,Heavy Rain,True,58.7,False,False,0.942,Severe,9.4,66.3,601.1,0.23,0.531,0.888,Heavy rain reducing visibility and grip - reduced speed and longer buffer advised
EVT407675,2025-06-24 06:30:20,Concert,J012,Koramangala Sony World,7932,Weekday,False,Rain,True,10.7,False,False,0.547,Moderate,22.1,34.6,274.7,0.199,0.461,0.915,Light rain detected - minor speed reduction advised
EVT407676,2026-04-12 20:36:57,Concert,J020,Malleshwaram Circle,14407,Weekend,False,Clear,False,0.0,False,False,0.53,Moderate,24.9,33.7,210.6,0.156,0.361,0.946,Moderate traffic flow - standard adaptive signal timing in effect
EVT407677,2026-01-27 20:47:58,Cultural Procession,J030,MG Road,14033,Weekday,True,Clear,False,0.0,False,True,0.855,High,14.1,83.8,325.3,0.172,0.397,0.832,Road closure for event/procession - full detour recommended for through-traffic
EVT407678,2025-07-07 08:57:41,Political Rally,J031,Cubbon Road,14074,Weekday,False,Clear,False,0.0,False,False,1.0,Severe,11.3,74.2,443.6,0.19,0.438,0.923,Heavy congestion detected - signal timing extended and reroute suggested
EVT407679,2025-06-09 07:55:31,Local Market Day,J023,Basavanagudi,3151,Weekday,False,Fog,False,0.0,False,False,0.77,Severe,13.4,53.4,256.9,0.107,0.248,0.952,Heavy congestion detected - signal timing extended and reroute suggested
EVT407680,2026-06-06 09:10:41,Political Rally,J030,MG Road,19144,Weekend,False,Heavy Rain,True,49.0,False,False,1.0,Severe,8.6,71.1,567.2,0.182,0.421,0.848,Heavy rain reducing visibility and grip - reduced speed and longer buffer advised
EVT407681,2025-05-06 17:15:24,Trade Fair,J011,Indiranagar 100ft Road,7528,Weekday,False,Clear,False,0.0,False,False,0.833,Severe,13.5,56.3,159.2,0.087,0.201,0.958,Heavy congestion detected - signal timing extended and reroute suggested
EVT407682,2025-11-30 17:59:01,Local Market Day,J040,City Market,5040,Weekend,False,Clear,False,0.0,False,False,0.812,Severe,15.9,59.1,193.8,0.101,0.234,0.943,Heavy congestion detected - signal timing extended and reroute suggested
EVT407683,2025-10-09 12:25:36,Local Market Day,J040,City Market,5496,Weekday,False,Clear,False,0.0,False,False,0.16,Low,40.0,7.9,86.1,0.076,0.177,0.964,Normal free-flow traffic - standard signal timing maintained
EVT407684,2025-01-28 07:13:43,Local Market Day,J040,City Market,2502,Weekday,False,Clear,False,0.0,False,False,0.434,Moderate,23.6,37.2,195.0,0.121,0.279,0.973,Moderate traffic flow - standard adaptive signal timing in effect
EVT407685,2025-10-25 21:39:08,Concert,J031,Cubbon Road,8060,Weekend,False,Rain,True,18.0,False,False,0.593,High,16.6,41.6,335.2,0.188,0.433,0.904,Heavy rain reducing visibility and grip - reduced speed and longer buffer advised
EVT407686,2025-08-31 21:43:21,Concert,J030,MG Road,11766,Weekend,False,Rain,True,14.3,False,False,0.549,Moderate,23.9,46.2,197.1,0.141,0.326,0.936,Light rain detected - minor speed reduction advised
EVT407687,2025-05-29 17:07:07,Political Rally,J012,Koramangala Sony World,17908,Weekday,False,Clear,False,0.0,False,False,0.788,Severe,10.2,51.4,502.4,0.2,0.462,0.959,Heavy congestion detected - signal timing extended and reroute suggested
EVT407688,2026-05-04 11:15:38,Local Market Day,J040,City Market,11125,Weekday,False,Clear,False,0.0,False,False,0.461,Moderate,17.9,36.1,388.3,0.202,0.467,0.966,Moderate traffic flow - standard adaptive signal timing in effect
EVT407689,2025-12-07 10:05:23,Concert,J040,City Market,9453,Weekend,False,Clear,False,0.0,False,False,0.734,High,18.1,50.8,235.3,0.149,0.344,0.968,Moderate traffic flow - standard adaptive signal timing in effect
EVT407690,2025-06-11 06:20:53,Concert,J030,MG Road,14537,Weekday,False,Clear,False,0.0,False,False,0.438,Moderate,20.9,31.5,230.7,0.126,0.292,0.952,Moderate traffic flow - standard adaptive signal timing in effect
EVT407691,2025-05-16 13:06:25,Local Market Day,J020,Malleshwaram Circle,4811,Weekday,False,Clear,False,0.0,False,False,0.14,Low,36.8,14.2,46.1,0.036,0.082,0.977,Normal free-flow traffic - standard signal timing maintained
EVT407692,2026-03-16 07:17:40,Political Rally,J023,Basavanagudi,11916,Weekday,False,Clear,False,0.0,False,False,0.57,High,27.6,38.4,179.3,0.157,0.362,0.969,Moderate traffic flow - standard adaptive signal timing in effect
EVT407693,2026-01-02 19:49:53,Cultural Procession,J023,Basavanagudi,19089,Weekday,True,Clear,False,0.0,False,True,1.0,Severe,8.9,102.4,637.4,0.252,0.582,0.845,Road closure for event/procession - full detour recommended for through-traffic
EVT407694,2025-06-06 13:23:35,Concert,J011,Indiranagar 100ft Road,25667,Weekday,False,Heavy Rain,True,63.0,False,False,0.706,High,17.9,49.7,297.7,0.192,0.445,0.909,Heavy rain reducing visibility and grip - reduced speed and longer buffer advised
EVT407695,2025-09-19 20:44:02,Trade Fair,J031,Cubbon Road,9684,Weekday,False,Clear,False,0.0,False,False,0.553,High,17.0,37.5,406.4,0.204,0.472,0.963,Moderate traffic flow - standard adaptive signal timing in effect
EVT407696,2025-10-05 15:15:39,Local Market Day,J040,City Market,6877,Weekend,False,Clear,False,0.0,False,False,0.304,Low,33.4,24.6,162.3,0.13,0.3,0.955,Moderate traffic flow - standard adaptive signal timing in effect
EVT407697,2025-11-20 08:56:23,Trade Fair,J030,MG Road,7763,Weekday,False,Clear,False,0.0,False,False,1.0,Severe,9.3,68.9,584.1,0.22,0.508,0.919,Heavy congestion detected - signal timing extended and reroute suggested
EVT407698,2025-09-17 13:48:21,Local Market Day,J040,City Market,4165,Weekday,False,Clear,False,0.0,False,False,0.15,Low,26.6,17.1,244.3,0.168,0.389,0.973,Normal free-flow traffic - standard signal timing maintained
EVT407699,2025-04-05 18:05:30,Local Market Day,J040,City Market,3544,Weekend,False,Clear,False,0.0,False,False,0.78,Severe,16.6,56.6,224.1,0.128,0.295,0.948,Heavy congestion detected - signal timing extended and reroute suggested
EVT407700,2025-01-11 20:45:42,Local Market Day,J012,Koramangala Sony World,4423,Weekend,False,Clear,False,0.0,False,False,0.537,Moderate,23.1,38.2,223.2,0.141,0.327,0.974,Moderate traffic flow - standard adaptive signal timing in effect
EVT407701,2025-08-28 08:12:14,Cultural Procession,J031,Cubbon Road,18228,Weekday,True,Light Rain,True,5.2,False,True,1.0,Severe,6.4,101.8,957.6,0.28,0.646,0.79,Road closure for event/procession - full detour recommended for through-traffic
EVT407702,2026-05-28 19:08:06,Local Market Day,J040,City Market,3035,Weekday,False,Clear,False,0.0,False,False,0.923,Severe,9.9,65.6,453.3,0.187,0.431,0.926,Heavy congestion detected - signal timing extended and reroute suggested
EVT407703,2025-10-26 14:51:35,Local Market Day,J009,Majestic,4349,Weekend,False,Rain,True,17.7,False,False,0.469,Moderate,29.5,34.9,90.0,0.068,0.156,0.903,Light rain detected - minor speed reduction advised
EVT407704,2025-06-15 19:57:39,Sports Fixture,J040,City Market,26879,Weekend,False,Light Rain,True,2.9,False,False,0.71,High,19.7,53.4,290.9,0.172,0.397,0.905,Heavy rain reducing visibility and grip - reduced speed and longer buffer advised
EVT407705,2025-04-06 06:10:52,Fireworks Display,J023,Basavanagudi,20741,Weekend,True,Clear,False,0.0,False,False,0.61,High,18.1,42.7,291.1,0.163,0.376,0.9,Festival crowd surge detected - alternate route and extended cycle recommended
EVT407706,2025-01-03 18:31:38,Concert,J020,Malleshwaram Circle,16558,Weekday,False,Clear,False,0.0,False,False,1.0,Severe,8.3,72.4,552.5,0.204,0.472,0.886,Heavy congestion detected - signal timing extended and reroute suggested
EVT407707,2025-02-21 19:51:58,Political Rally,J040,City Market,12368,Weekday,False,Fog,False,0.0,False,False,0.718,High,19.1,50.0,250.8,0.153,0.354,0.989,Moderate traffic flow - standard adaptive signal timing in effect
EVT407708,2025-02-09 15:41:44,Local Market Day,J011,Indiranagar 100ft Road,3169,Weekend,False,Clear,False,0.0,False,False,0.324,Low,32.3,23.2,177.4,0.131,0.303,0.985,Moderate traffic flow - standard adaptive signal timing in effect
EVT407709,2025-04-21 12:07:09,Sports Fixture,J011,Indiranagar 100ft Road,17905,Weekday,False,Clear,False,0.0,False,False,0.313,Low,33.0,24.4,117.6,0.094,0.217,0.942,Moderate traffic flow - standard adaptive signal timing in effect
EVT407710,2026-02-25 17:13:13,Local Market Day,J012,Koramangala Sony World,3469,Weekday,False,Clear,False,0.0,False,False,0.753,Severe,17.6,56.3,233.9,0.135,0.313,0.962,Heavy congestion detected - signal timing extended and reroute suggested
EVT407711,2026-06-17 11:50:24,Trade Fair,J011,Indiranagar 100ft Road,7013,Weekday,False,Clear,False,0.0,False,False,0.277,Low,29.0,18.9,168.1,0.143,0.33,0.955,Moderate traffic flow - standard adaptive signal timing in effect
EVT407712,2025-04-06 19:53:28,Religious Festival,J009,Majestic,58736,Weekend,True,Clear,False,0.0,False,True,1.0,Severe,9.4,96.6,368.5,0.173,0.399,0.831,Road closure for event/procession - full detour recommended for through-traffic
EVT407713,2025-08-09 17:38:24,Trade Fair,J040,City Market,7029,Weekend,False,Clear,False,0.0,False,False,0.816,Severe,13.4,65.5,330.6,0.16,0.369,0.944,Heavy congestion detected - signal timing extended and reroute suggested
EVT407714,2025-06-11 16:23:28,Sports Fixture,J009,Majestic,33776,Weekday,False,Heavy Rain,True,44.2,False,False,1.0,Severe,7.7,73.7,801.7,0.254,0.586,0.897,Heavy rain reducing visibility and grip - reduced speed and longer buffer advised
EVT407715,2025-05-09 20:46:23,Local Market Day,J030,MG Road,3393,Weekday,False,Fog,False,0.0,False,False,0.486,Moderate,27.4,30.6,147.3,0.088,0.204,0.978,Moderate traffic flow - standard adaptive signal timing in effect
EVT407716,2025-09-07 15:03:39,Political Rally,J009,Majestic,16736,Weekend,False,Clear,False,0.0,False,False,0.347,Low,36.6,28.3,132.3,0.123,0.285,0.942,Moderate traffic flow - standard adaptive signal timing in effect
EVT407717,2026-04-02 21:20:12,Sports Fixture,J023,Basavanagudi,20585,Weekday,False,Clear,False,0.0,False,False,0.382,Moderate,30.4,25.6,177.3,0.141,0.327,0.946,Moderate traffic flow - standard adaptive signal timing in effect
EVT407718,2025-09-16 20:49:05,Trade Fair,J023,Basavanagudi,16239,Weekday,False,Clear,False,0.0,False,False,0.578,High,18.0,39.6,235.3,0.12,0.276,0.957,Moderate traffic flow - standard adaptive signal timing in effect
EVT407719,2026-04-05 19:57:42,Local Market Day,J040,City Market,1466,Weekend,False,Clear,False,0.0,False,False,0.574,High,24.6,43.2,261.9,0.186,0.43,0.944,Moderate traffic flow - standard adaptive signal timing in effect
EVT407720,2025-07-21 13:12:06,Concert,J009,Majestic,19644,Weekday,False,Heavy Rain,True,25.2,False,False,0.52,Moderate,28.2,36.1,170.0,0.147,0.339,0.916,Light rain detected - minor speed reduction advised
EVT407721,2025-10-11 07:40:04,Sports Fixture,J012,Koramangala Sony World,33202,Weekend,False,Clear,False,0.0,False,False,0.756,Severe,15.8,51.4,348.0,0.202,0.468,0.956,Heavy congestion detected - signal timing extended and reroute suggested
EVT407722,2025-11-26 16:36:00,Sports Fixture,J011,Indiranagar 100ft Road,19896,Weekday,False,Clear,False,0.0,False,False,0.639,High,18.2,39.5,168.4,0.092,0.213,0.968,Moderate traffic flow - standard adaptive signal timing in effect
EVT407723,2026-02-27 09:00:10,Local Market Day,J011,Indiranagar 100ft Road,6333,Weekday,False,Clear,False,0.0,False,False,0.989,Severe,7.7,73.2,330.0,0.106,0.246,0.944,Heavy congestion detected - signal timing extended and reroute suggested
EVT407724,2025-08-02 14:50:46,Local Market Day,J023,Basavanagudi,5118,Weekend,False,Heavy Rain,True,34.7,False,False,0.617,High,28.9,42.6,156.8,0.145,0.334,0.9,Heavy rain reducing visibility and grip - reduced speed and longer buffer advised
EVT407725,2025-02-04 00:02:58,Sports Fixture,J020,Malleshwaram Circle,32870,Weekday,False,Clear,False,0.0,False,False,0.36,Moderate,25.3,24.2,210.3,0.148,0.342,0.968,Moderate traffic flow - standard adaptive signal timing in effect
EVT407726,2025-12-29 17:40:02,Local Market Day,J030,MG Road,2836,Weekday,False,Clear,False,0.0,True,False,1.0,Severe,8.8,73.0,416.4,0.154,0.357,0.755,Accident detected nearby - reroute and reduced speed advised
EVT407727,2026-05-28 16:01:41,Local Market Day,J031,Cubbon Road,6553,Weekday,False,Clear,False,0.0,False,False,0.502,Moderate,27.1,36.1,202.8,0.141,0.326,0.947,Moderate traffic flow - standard adaptive signal timing in effect
EVT407728,2025-04-06 16:28:13,Religious Festival,J031,Cubbon Road,77833,Weekend,True,Clear,False,0.0,False,True,1.0,Severe,8.7,97.1,828.8,0.276,0.637,0.848,Road closure for event/procession - full detour recommended for through-traffic
EVT407729,2026-03-25 10:03:38,Local Market Day,J040,City Market,4123,Weekday,False,Clear,False,0.0,False,False,0.757,Severe,18.0,56.2,177.4,0.09,0.208,0.978,Heavy congestion detected - signal timing extended and reroute suggested
EVT407730,2025-10-02 18:50:18,Fireworks Display,J023,Basavanagudi,19627,Weekday,True,Clear,False,0.0,False,False,1.0,Severe,9.7,73.2,643.0,0.251,0.581,0.869,Festival crowd surge detected - alternate route and extended cycle recommended
EVT407731,2026-05-05 15:50:30,Concert,J040,City Market,8452,Weekday,False,Clear,False,0.0,False,False,0.462,Moderate,24.4,25.9,181.3,0.145,0.335,0.959,Moderate traffic flow - standard adaptive signal timing in effect
EVT407732,2025-06-24 11:46:14,Local Market Day,J012,Koramangala Sony World,3674,Weekday,False,Fog,False,0.0,False,False,0.222,Low,39.9,19.1,75.7,0.07,0.161,0.932,Normal free-flow traffic - standard signal timing maintained
EVT407733,2025-06-19 09:26:15,Trade Fair,J023,Basavanagudi,4496,Weekday,False,Clear,False,0.0,False,False,0.936,Severe,8.6,68.8,410.9,0.159,0.367,0.905,Heavy congestion detected - signal timing extended and reroute suggested
EVT407734,2026-04-15 19:22:22,Fireworks Display,J020,Malleshwaram Circle,46489,Weekday,True,Clear,False,0.0,False,False,1.0,Severe,7.7,72.3,357.7,0.107,0.246,0.885,Festival crowd surge detected - alternate route and extended cycle recommended
EVT407735,2025-04-09 07:02:57,Trade Fair,J040,City Market,7786,Weekday,False,Clear,False,0.0,False,False,0.477,Moderate,25.4,38.0,116.7,0.079,0.183,0.946,Moderate traffic flow - standard adaptive signal timing in effect
EVT407736,2026-04-20 21:21:38,Sports Fixture,J031,Cubbon Road,14874,Weekday,False,Clear,False,0.0,False,False,0.38,Moderate,26.5,31.2,269.6,0.171,0.394,0.989,Moderate traffic flow - standard adaptive signal timing in effect
EVT407737,2025-12-20 13:38:05,Concert,J023,Basavanagudi,6851,Weekend,False,Clear,False,0.0,False,False,0.279,Low,33.1,20.3,123.7,0.102,0.236,0.939,Moderate traffic flow - standard adaptive signal timing in effect
EVT407738,2025-05-25 12:53:40,Trade Fair,J020,Malleshwaram Circle,5393,Weekend,False,Clear,False,0.0,False,False,0.299,Low,39.2,26.6,107.3,0.106,0.245,0.942,Moderate traffic flow - standard adaptive signal timing in effect
EVT407739,2025-09-23 10:33:04,Local Market Day,J011,Indiranagar 100ft Road,3194,Weekday,False,Clear,False,0.0,False,False,0.502,Moderate,22.0,33.4,107.0,0.081,0.187,0.966,Moderate traffic flow - standard adaptive signal timing in effect
EVT407740,2025-06-10 20:55:48,Local Market Day,J023,Basavanagudi,4461,Weekday,False,Clear,False,0.0,False,False,0.46,Moderate,23.3,32.1,342.9,0.238,0.55,0.945,Moderate traffic flow - standard adaptive signal timing in effect
EVT407741,2025-08-21 08:51:54,Concert,J011,Indiranagar 100ft Road,10097,Weekday,False,Clear,False,0.0,False,False,1.0,Severe,8.8,74.6,995.1,0.313,0.723,0.918,Heavy congestion detected - signal timing extended and reroute suggested
EVT407742,2026-01-15 10:33:01,Cultural Procession,J020,Malleshwaram Circle,16956,Weekday,True,Clear,False,0.0,False,True,1.0,Severe,9.2,110.0,569.3,0.24,0.555,0.831,Road closure for event/procession - full detour recommended for through-traffic
EVT407743,2025-02-27 10:08:04,Local Market Day,J012,Koramangala Sony World,8236,Weekday,False,Clear,False,0.0,False,False,0.716,High,19.8,52.2,330.7,0.205,0.474,0.954,Moderate traffic flow - standard adaptive signal timing in effect
EVT407744,2025-10-12 14:24:51,Local Market Day,J040,City Market,2905,Weekend,False,Heavy Rain,True,39.9,False,False,0.636,High,22.2,46.4,261.3,0.178,0.41,0.926,Heavy rain reducing visibility and grip - reduced speed and longer buffer advised
EVT407745,2025-05-26 10:28:53,Sports Fixture,J031,Cubbon Road,25047,Weekday,False,Clear,False,0.0,False,False,0.733,High,16.1,47.1,342.2,0.19,0.438,0.973,Moderate traffic flow - standard adaptive signal timing in effect
EVT407746,2025-08-14 14:34:09,Concert,J023,Basavanagudi,10517,Weekday,False,Heavy Rain,True,25.3,False,False,0.483,Moderate,20.4,32.3,225.6,0.141,0.326,0.918,Light rain detected - minor speed reduction advised
EVT407747,2025-03-15 01:59:57,Religious Festival,J030,MG Road,41706,Weekend,True,Clear,False,0.0,False,False,0.649,High,19.4,52.2,317.3,0.213,0.492,0.932,Festival crowd surge detected - alternate route and extended cycle recommended
EVT407748,2025-11-20 16:27:31,Political Rally,J040,City Market,23375,Weekday,False,Clear,False,0.0,False,False,0.662,High,23.3,51.6,101.5,0.07,0.162,0.974,Moderate traffic flow - standard adaptive signal timing in effect
EVT407749,2025-06-28 17:28:20,Sports Fixture,J011,Indiranagar 100ft Road,14550,Weekend,False,Heavy Rain,True,28.1,False,False,1.0,Severe,7.4,71.6,613.2,0.158,0.364,0.854,Heavy rain reducing visibility and grip - reduced speed and longer buffer advised
EVT407750,2025-12-18 10:34:01,Local Market Day,J009,Majestic,4771,Weekday,False,Clear,False,0.0,False,False,0.539,Moderate,24.1,40.6,97.9,0.058,0.134,0.95,Moderate traffic flow - standard adaptive signal timing in effect
EVT407751,2025-12-04 11:44:29,Sports Fixture,J012,Koramangala Sony World,13978,Weekday,False,Clear,False,0.0,False,False,0.282,Low,31.8,17.1,135.8,0.131,0.301,0.98,Moderate traffic flow - standard adaptive signal timing in effect
EVT407752,2026-05-15 19:47:44,Political Rally,J023,Basavanagudi,16535,Weekday,False,Clear,False,0.0,False,False,0.909,Severe,11.0,63.3,484.5,0.208,0.481,0.948,Heavy congestion detected - signal timing extended and reroute suggested
EVT407753,2025-09-22 17:30:37,Political Rally,J030,MG Road,27964,Weekday,False,Clear,False,0.0,False,False,1.0,Severe,8.5,71.5,568.2,0.186,0.429,0.919,Heavy congestion detected - signal timing extended and reroute suggested
EVT407754,2025-12-15 07:07:26,Concert,J011,Indiranagar 100ft Road,6056,Weekday,False,Clear,False,0.0,False,False,0.482,Moderate,27.4,32.1,155.3,0.13,0.3,0.967,Moderate traffic flow - standard adaptive signal timing in effect
EVT407755,2025-09-26 09:27:29,Sports Fixture,J011,Indiranagar 100ft Road,13453,Weekday,False,Clear,False,0.0,False,False,1.0,Severe,7.1,72.3,759.4,0.236,0.545,0.921,Heavy congestion detected - signal timing extended and reroute suggested
EVT407756,2025-11-14 20:41:57,Local Market Day,J040,City Market,2784,Weekday,False,Clear,False,0.0,False,False,0.481,Moderate,25.4,29.4,193.0,0.166,0.384,0.99,Moderate traffic flow - standard adaptive signal timing in effect
EVT407757,2025-10-15 12:38:56,Political Rally,J012,Koramangala Sony World,15339,Weekday,False,Clear,False,0.0,False,False,0.287,Low,27.7,23.3,175.5,0.127,0.294,0.948,Moderate traffic flow - standard adaptive signal timing in effect
EVT407758,2026-06-28 17:49:39,Concert,J011,Indiranagar 100ft Road,8473,Weekend,False,Heavy Rain,True,44.4,False,False,1.0,Severe,8.1,73.5,595.9,0.177,0.408,0.851,Heavy rain reducing visibility and grip - reduced speed and longer buffer advised
EVT407759,2025-04-26 18:51:51,Concert,J030,MG Road,8996,Weekend,False,Clear,False,0.0,False,False,0.876,Severe,9.6,68.5,598.6,0.21,0.484,0.93,Heavy congestion detected - signal timing extended and reroute suggested
EVT407760,2025-06-16 18:18:22,Trade Fair,J011,Indiranagar 100ft Road,6554,Weekday,False,Heavy Rain,True,51.2,False,False,1.0,Severe,9.6,71.5,391.8,0.159,0.366,0.854,Heavy rain reducing visibility and grip - reduced speed and longer buffer advised
EVT407761,2025-01-30 10:06:57,Trade Fair,J020,Malleshwaram Circle,12049,Weekday,False,Clear,False,0.0,False,False,0.838,Severe,15.4,55.4,149.4,0.084,0.195,0.925,Heavy congestion detected - signal timing extended and reroute suggested
EVT407762,2025-09-20 07:42:59,Local Market Day,J023,Basavanagudi,4229,Weekend,False,Clear,False,0.0,False,False,0.57,High,20.3,34.4,283.3,0.178,0.412,0.971,Moderate traffic flow - standard adaptive signal timing in effect
EVT407763,2025-12-21 12:27:19,Local Market Day,J012,Koramangala Sony World,4106,Weekend,False,Clear,False,0.0,False,False,0.305,Low,26.8,21.6,112.1,0.081,0.186,0.95,Moderate traffic flow - standard adaptive signal timing in effect
EVT407764,2025-06-11 17:05:08,Sports Fixture,J030,MG Road,16388,Weekday,False,Clear,False,0.0,False,False,0.781,Severe,15.8,55.7,381.8,0.183,0.424,0.936,Heavy congestion detected - signal timing extended and reroute suggested
EVT407765,2026-01-16 14:05:50,Concert,J020,Malleshwaram Circle,9340,Weekday,False,Clear,False,0.0,False,False,0.258,Low,34.1,22.1,133.9,0.108,0.249,0.973,Moderate traffic flow - standard adaptive signal timing in effect
EVT407766,2025-03-01 09:44:19,Concert,J040,City Market,7891,Weekend,False,Clear,False,0.0,False,False,0.869,Severe,11.6,59.6,456.3,0.205,0.473,0.948,Heavy congestion detected - signal timing extended and reroute suggested
EVT407767,2025-07-13 07:32:42,Trade Fair,J009,Majestic,5757,Weekend,False,Clear,False,0.0,False,False,0.645,High,22.3,43.7,190.6,0.116,0.268,0.97,Moderate traffic flow - standard adaptive signal timing in effect
EVT407768,2025-07-30 21:37:30,Local Market Day,J009,Majestic,2574,Weekday,False,Fog,False,0.0,False,False,0.236,Low,35.9,15.5,87.4,0.074,0.172,0.962,Normal free-flow traffic - standard signal timing maintained
EVT407769,2025-10-30 17:20:50,Concert,J040,City Market,21172,Weekday,False,Clear,False,0.0,False,False,1.0,Severe,8.9,73.5,674.0,0.237,0.548,0.907,Heavy congestion detected - signal timing extended and reroute suggested
EVT407770,2025-10-21 15:56:32,Religious Festival,J030,MG Road,47786,Weekday,True,Clear,False,0.0,False,True,1.0,Severe,9.9,102.3,425.2,0.19,0.438,0.827,Road closure for event/procession - full detour recommended for through-traffic
EVT407771,2025-06-20 20:46:29,Local Market Day,J012,Koramangala Sony World,2437,Weekday,False,Heavy Rain,True,31.8,False,False,0.801,Severe,17.8,57.2,306.1,0.171,0.394,0.919,Heavy rain reducing visibility and grip - reduced speed and longer buffer advised
EVT407772,2025-06-22 09:42:04,Local Market Day,J023,Basavanagudi,4814,Weekend,False,Fog,False,0.0,False,False,0.713,High,13.9,54.6,533.0,0.262,0.604,0.971,Moderate traffic flow - standard adaptive signal timing in effect
EVT407773,2025-11-21 16:10:40,Local Market Day,J011,Indiranagar 100ft Road,2780,Weekday,False,Clear,False,0.0,False,False,0.428,Moderate,26.8,28.7,111.2,0.089,0.205,0.967,Moderate traffic flow - standard adaptive signal timing in effect
EVT407774,2025-02-11 18:39:03,Local Market Day,J040,City Market,4889,Weekday,False,Clear,False,0.0,False,False,0.964,Severe,9.5,65.6,448.0,0.174,0.402,0.922,Heavy congestion detected - signal timing extended and reroute suggested
EVT407775,2025-06-21 07:02:35,Local Market Day,J031,Cubbon Road,3957,Weekend,False,Heavy Rain,True,59.6,False,False,0.815,Severe,15.9,59.5,185.8,0.1,0.23,0.869,Heavy rain reducing visibility and grip - reduced speed and longer buffer advised
EVT407776,2025-04-06 07:13:20,Religious Festival,J009,Majestic,47174,Weekend,True,Clear,False,0.0,False,False,1.0,Severe,8.4,76.0,582.9,0.221,0.51,0.842,Festival crowd surge detected - alternate route and extended cycle recommended
EVT407777,2025-10-16 07:44:50,Local Market Day,J030,MG Road,2605,Weekday,False,Clear,False,0.0,False,False,0.754,Severe,11.9,53.1,359.7,0.166,0.384,0.95,Heavy congestion detected - signal timing extended and reroute suggested
EVT407778,2025-09-08 16:22:31,Local Market Day,J009,Majestic,2743,Weekday,False,Clear,False,0.0,False,False,0.532,Moderate,22.6,37.2,119.9,0.082,0.19,0.96,Moderate traffic flow - standard adaptive signal timing in effect
EVT407779,2025-05-31 14:20:06,Trade Fair,J011,Indiranagar 100ft Road,9692,Weekend,False,Clear,False,0.0,False,False,0.255,Low,29.6,21.9,155.9,0.114,0.264,0.979,Moderate traffic flow - standard adaptive signal timing in effect
EVT407780,2025-02-12 19:01:35,Trade Fair,J030,MG Road,12803,Weekday,False,Clear,False,0.0,False,False,0.935,Severe,9.9,61.6,565.2,0.207,0.479,0.93,Heavy congestion detected - signal timing extended and reroute suggested
EVT407781,2025-11-18 08:01:16,Political Rally,J009,Majestic,22741,Weekday,False,Clear,False,0.0,False,False,0.927,Severe,10.0,65.2,375.8,0.136,0.314,0.965,Heavy congestion detected - signal timing extended and reroute suggested
EVT407782,2026-02-24 23:51:00,Local Market Day,J030,MG Road,3389,Weekday,False,Clear,False,0.0,False,False,0.157,Low,31.9,14.5,141.3,0.109,0.252,0.955,Normal free-flow traffic - standard signal timing maintained
EVT407783,2025-12-27 13:55:32,Local Market Day,J031,Cubbon Road,3718,Weekend,False,Clear,False,0.0,False,False,0.163,Low,29.0,8.7,118.4,0.079,0.181,0.95,Normal free-flow traffic - standard signal timing maintained
EVT407784,2025-06-04 08:21:36,Trade Fair,J023,Basavanagudi,10920,Weekday,False,Clear,False,0.0,False,False,0.937,Severe,12.9,65.1,397.5,0.207,0.479,0.932,Heavy congestion detected - signal timing extended and reroute suggested
EVT407785,2026-05-11 21:55:28,Local Market Day,J020,Malleshwaram Circle,4231,Weekday,False,Clear,False,0.0,False,False,0.348,Low,25.7,24.4,68.1,0.035,0.08,0.967,Moderate traffic flow - standard adaptive signal timing in effect
EVT407786,2025-02-01 07:05:26,Trade Fair,J040,City Market,6675,Weekend,False,Clear,False,0.0,False,False,0.444,Moderate,22.4,31.0,115.6,0.077,0.179,0.961,Moderate traffic flow - standard adaptive signal timing in effect
EVT407787,2025-08-28 07:23:26,Fireworks Display,J020,Malleshwaram Circle,24528,Weekday,True,Heavy Rain,True,25.0,False,False,1.0,Severe,6.4,69.6,813.2,0.202,0.466,0.818,Festival crowd surge detected - alternate route and extended cycle recommended
EVT407788,2025-07-28 18:46:33,Concert,J030,MG Road,16049,Weekday,False,Clear,False,0.0,False,False,1.0,Severe,6.9,67.6,491.3,0.157,0.363,0.892,Heavy congestion detected - signal timing extended and reroute suggested
EVT407789,2025-06-07 03:59:52,Trade Fair,J031,Cubbon Road,15193,Weekend,False,Clear,False,0.0,False,False,0.279,Low,29.3,16.6,84.7,0.066,0.152,0.969,Moderate traffic flow - standard adaptive signal timing in effect
EVT407790,2025-02-18 17:32:20,Sports Fixture,J020,Malleshwaram Circle,32358,Weekday,False,Clear,False,0.0,False,False,0.946,Severe,7.6,63.1,504.4,0.152,0.352,0.952,Heavy congestion detected - signal timing extended and reroute suggested
EVT407791,2026-05-20 07:19:29,Local Market Day,J012,Koramangala Sony World,6245,Weekday,False,Rain,True,20.7,False,False,0.79,Severe,19.2,61.7,231.3,0.154,0.355,0.884,Heavy rain reducing visibility and grip - reduced speed and longer buffer advised
EVT407792,2026-04-04 13:43:40,Political Rally,J030,MG Road,19985,Weekend,False,Clear,False,0.0,False,False,0.302,Low,21.9,21.4,164.9,0.102,0.235,0.946,Moderate traffic flow - standard adaptive signal timing in effect
EVT407793,2026-04-21 11:13:54,Trade Fair,J031,Cubbon Road,7394,Weekday,False,Clear,False,0.0,False,False,0.384,Moderate,25.1,25.2,96.0,0.059,0.135,0.963,Moderate traffic flow - standard adaptive signal timing in effect
EVT407794,2026-03-29 18:23:30,Concert,J023,Basavanagudi,12703,Weekend,False,Clear,False,0.0,False,False,0.941,Severe,10.4,69.8,336.7,0.141,0.325,0.927,Heavy congestion detected - signal timing extended and reroute suggested
EVT407795,2026-05-10 13:18:18,Local Market Day,J009,Majestic,7347,Weekend,False,Fog,False,0.0,False,False,0.273,Low,30.1,18.5,202.0,0.16,0.37,0.982,Moderate traffic flow - standard adaptive signal timing in effect
EVT407796,2025-08-30 19:11:51,Local Market Day,J031,Cubbon Road,5435,Weekend,False,Clear,False,0.0,False,False,0.825,Severe,12.3,53.1,552.9,0.24,0.554,0.968,Heavy congestion detected - signal timing extended and reroute suggested
EVT407797,2026-01-13 16:39:59,Local Market Day,J040,City Market,3594,Weekday,False,Clear,False,0.0,False,False,0.589,High,20.0,42.6,261.8,0.142,0.329,0.957,Moderate traffic flow - standard adaptive signal timing in effect
EVT407798,2025-10-30 17:55:52,Local Market Day,J031,Cubbon Road,4358,Weekday,False,Clear,False,0.0,False,False,0.95,Severe,8.7,67.5,686.0,0.263,0.607,0.933,Heavy congestion detected - signal timing extended and reroute suggested
EVT407799,2026-06-23 12:49:33,Sports Fixture,J023,Basavanagudi,22776,Weekday,False,Heavy Rain,True,53.9,False,False,0.638,High,17.5,43.8,375.1,0.223,0.515,0.918,Heavy rain reducing visibility and grip - reduced speed and longer buffer advised
EVT407800,2025-09-14 17:34:01,Concert,J023,Basavanagudi,12218,Weekend,False,Rain,True,17.0,False,False,1.0,Severe,9.4,72.1,357.8,0.128,0.297,0.861,Heavy rain reducing visibility and grip - reduced speed and longer buffer advised
EVT407801,2026-03-18 17:36:39,Trade Fair,J040,City Market,11665,Weekday,False,Clear,False,0.0,False,False,0.978,Severe,11.9,73.9,304.1,0.149,0.344,0.918,Heavy congestion detected - signal timing extended and reroute suggested
EVT407802,2026-04-23 19:38:28,Sports Fixture,J020,Malleshwaram Circle,14186,Weekday,False,Clear,False,0.0,False,False,0.946,Severe,9.9,64.5,240.1,0.103,0.239,0.92,Heavy congestion detected - signal timing extended and reroute suggested
EVT407803,2025-05-26 17:19:28,Local Market Day,J020,Malleshwaram Circle,3925,Weekday,False,Clear,False,0.0,False,False,0.798,Severe,15.5,56.3,215.1,0.118,0.274,0.954,Heavy congestion detected - signal timing extended and reroute suggested
EVT407804,2025-02-06 06:43:30,Concert,J023,Basavanagudi,12399,Weekday,False,Light Rain,True,6.7,False,False,0.522,Moderate,20.0,38.2,221.9,0.16,0.369,0.916,Light rain detected - minor speed reduction advised
EVT407805,2025-02-13 21:42:56,Political Rally,J020,Malleshwaram Circle,10830,Weekday,False,Clear,False,0.0,False,False,0.356,Moderate,31.3,23.5,81.1,0.048,0.111,0.964,Moderate traffic flow - standard adaptive signal timing in effect
EVT407806,2025-08-08 07:16:22,Local Market Day,J020,Malleshwaram Circle,6796,Weekday,False,Clear,False,0.0,False,False,0.546,Moderate,27.5,40.0,217.9,0.184,0.426,0.956,Moderate traffic flow - standard adaptive signal timing in effect
EVT407807,2025-01-02 12:31:45,Local Market Day,J023,Basavanagudi,11412,Weekday,False,Clear,False,0.0,False,False,0.192,Low,35.6,7.3,135.1,0.13,0.299,0.985,Normal free-flow traffic - standard signal timing maintained
EVT407808,2026-01-05 09:38:33,Concert,J030,MG Road,17679,Weekday,False,Clear,False,0.0,False,False,1.0,Severe,10.3,71.2,371.6,0.163,0.376,0.899,Heavy congestion detected - signal timing extended and reroute suggested
EVT407809,2025-01-16 10:40:55,Local Market Day,J011,Indiranagar 100ft Road,3710,Weekday,False,Clear,False,0.0,False,False,0.466,Moderate,25.6,31.3,224.2,0.178,0.412,0.926,Moderate traffic flow - standard adaptive signal timing in effect
EVT407810,2025-11-27 08:13:02,Concert,J009,Majestic,20751,Weekday,False,Clear,False,0.0,False,False,0.972,Severe,10.9,68.9,546.5,0.229,0.528,0.934,Heavy congestion detected - signal timing extended and reroute suggested
EVT407811,2025-04-26 15:46:53,Political Rally,J011,Indiranagar 100ft Road,27780,Weekend,False,Fog,False,0.0,False,False,0.586,High,24.5,35.2,179.5,0.155,0.357,0.944,Moderate traffic flow - standard adaptive signal timing in effect
EVT407812,2026-06-14 15:34:34,Political Rally,J012,Koramangala Sony World,12815,Weekend,False,Clear,False,0.0,False,False,0.451,Moderate,25.4,25.0,137.3,0.106,0.245,0.954,Moderate traffic flow - standard adaptive signal timing in effect
EVT407813,2026-05-11 09:55:27,Trade Fair,J020,Malleshwaram Circle,13740,Weekday,False,Clear,False,0.0,False,False,0.817,Severe,15.5,57.6,390.8,0.216,0.499,0.95,Heavy congestion detected - signal timing extended and reroute suggested
EVT407814,2025-05-15 20:02:30,Trade Fair,J009,Majestic,14945,Weekday,False,Heavy Rain,True,38.7,False,False,1.0,Severe,6.1,70.8,420.8,0.127,0.294,0.867,Heavy rain reducing visibility and grip - reduced speed and longer buffer advised
EVT407815,2025-09-25 08:46:09,Concert,J030,MG Road,6245,Weekday,False,Clear,False,0.0,False,False,1.0,Severe,7.1,71.0,556.9,0.182,0.42,0.908,Heavy congestion detected - signal timing extended and reroute suggested
EVT407816,2025-07-18 10:43:44,Trade Fair,J040,City Market,5301,Weekday,False,Rain,True,16.2,False,False,0.693,High,18.6,47.9,158.0,0.104,0.24,0.904,Heavy rain reducing visibility and grip - reduced speed and longer buffer advised
EVT407817,2025-10-06 11:36:52,Local Market Day,J012,Koramangala Sony World,6181,Weekday,False,Clear,False,0.0,False,False,0.223,Low,31.9,20.4,154.9,0.122,0.282,0.966,Normal free-flow traffic - standard signal timing maintained
EVT407818,2026-03-05 15:09:33,Religious Festival,J031,Cubbon Road,70698,Weekday,True,Clear,False,0.0,False,False,0.857,Severe,14.4,59.3,409.9,0.204,0.471,0.907,Festival crowd surge detected - alternate route and extended cycle recommended
EVT407819,2026-02-04 19:10:23,Local Market Day,J011,Indiranagar 100ft Road,3599,Weekday,False,Clear,False,0.0,False,False,0.896,Severe,13.4,67.7,449.2,0.21,0.485,0.928,Heavy congestion detected - signal timing extended and reroute suggested
EVT407820,2025-06-24 08:49:09,Sports Fixture,J011,Indiranagar 100ft Road,23104,Weekday,False,Rain,True,16.7,False,False,1.0,Severe,7.6,74.9,603.5,0.195,0.451,0.867,Heavy rain reducing visibility and grip - reduced speed and longer buffer advised
EVT407821,2025-01-24 08:20:41,Trade Fair,J040,City Market,9700,Weekday,False,Clear,False,0.0,False,False,0.952,Severe,10.4,69.0,239.1,0.096,0.222,0.924,Heavy congestion detected - signal timing extended and reroute suggested
EVT407822,2025-04-13 17:12:54,Trade Fair,J040,City Market,8012,Weekend,False,Fog,False,0.0,False,False,0.724,High,15.0,47.3,131.4,0.085,0.196,0.962,Moderate traffic flow - standard adaptive signal timing in effect
EVT407823,2025-02-24 10:39:10,Concert,J009,Majestic,6442,Weekday,False,Clear,False,0.0,False,False,0.651,High,18.6,48.4,200.4,0.104,0.24,0.963,Moderate traffic flow - standard adaptive signal timing in effect
EVT407824,2026-01-07 20:13:09,Concert,J011,Indiranagar 100ft Road,15868,Weekday,False,Clear,False,0.0,False,False,0.738,High,13.9,52.4,247.5,0.114,0.262,0.964,Moderate traffic flow - standard adaptive signal timing in effect
EVT407825,2025-03-17 15:33:21,Sports Fixture,J023,Basavanagudi,27202,Weekday,False,Clear,False,0.0,False,False,0.434,Moderate,26.5,34.1,121.3,0.072,0.166,0.955,Moderate traffic flow - standard adaptive signal timing in effect
EVT407826,2025-06-09 19:42:47,Sports Fixture,J023,Basavanagudi,22551,Weekday,False,Clear,False,0.0,False,False,0.856,Severe,14.7,61.7,225.3,0.119,0.274,0.931,Heavy congestion detected - signal timing extended and reroute suggested
EVT407827,2025-06-09 19:49:05,Political Rally,J023,Basavanagudi,10763,Weekday,False,Heavy Rain,True,68.9,False,False,1.0,Severe,11.4,64.3,266.5,0.116,0.267,0.864,Heavy rain reducing visibility and grip - reduced speed and longer buffer advised
EVT407828,2025-04-17 20:55:54,Trade Fair,J023,Basavanagudi,9037,Weekday,False,Clear,False,0.0,False,False,0.557,High,27.2,39.4,140.2,0.09,0.207,0.975,Moderate traffic flow - standard adaptive signal timing in effect
EVT407829,2025-05-14 11:21:41,Trade Fair,J012,Koramangala Sony World,5818,Weekday,False,Clear,False,0.0,False,False,0.362,Moderate,24.9,21.5,256.8,0.169,0.39,0.947,Moderate traffic flow - standard adaptive signal timing in effect
EVT407830,2026-06-27 07:17:08,Sports Fixture,J031,Cubbon Road,13379,Weekend,False,Rain,True,12.6,False,False,0.744,High,15.8,47.5,297.9,0.156,0.361,0.889,Heavy rain reducing visibility and grip - reduced speed and longer buffer advised
EVT407831,2025-07-01 19:54:15,Political Rally,J020,Malleshwaram Circle,14674,Weekday,False,Clear,False,0.0,False,False,0.886,Severe,14.0,61.8,379.9,0.204,0.471,0.95,Heavy congestion detected - signal timing extended and reroute suggested
EVT407832,2025-06-03 17:20:46,Local Market Day,J009,Majestic,2253,Weekday,False,Heavy Rain,True,28.1,False,False,1.0,Severe,8.2,68.6,642.9,0.233,0.537,0.86,Heavy rain reducing visibility and grip - reduced speed and longer buffer advised
EVT407833,2026-06-16 08:32:44,Local Market Day,J023,Basavanagudi,5757,Weekday,False,Rain,True,11.5,False,False,1.0,Severe,6.9,67.9,859.0,0.244,0.563,0.871,Heavy rain reducing visibility and grip - reduced speed and longer buffer advised
EVT407834,2025-08-20 19:33:45,Concert,J030,MG Road,9939,Weekday,False,Heavy Rain,True,42.3,False,False,1.0,Severe,8.5,73.8,474.9,0.168,0.388,0.886,Heavy rain reducing visibility and grip - reduced speed and longer buffer advised
EVT407835,2026-01-26 17:21:29,Religious Festival,J023,Basavanagudi,30964,Weekday,True,Clear,False,0.0,False,False,1.0,Severe,8.6,71.2,383.3,0.15,0.346,0.845,Festival crowd surge detected - alternate route and extended cycle recommended
EVT407836,2025-05-04 12:33:15,Local Market Day,J011,Indiranagar 100ft Road,2665,Weekend,False,Rain,True,12.3,False,False,0.394,Moderate,31.9,26.9,114.8,0.104,0.241,0.91,Light rain detected - minor speed reduction advised
EVT407837,2025-12-28 14:00:48,Political Rally,J012,Koramangala Sony World,24154,Weekend,False,Clear,False,0.0,False,False,0.334,Low,32.3,20.7,176.9,0.132,0.304,0.949,Moderate traffic flow - standard adaptive signal timing in effect
EVT407838,2025-09-03 18:41:07,Concert,J023,Basavanagudi,16703,Weekday,False,Clear,False,0.0,False,False,1.0,Severe,7.9,73.8,870.1,0.284,0.656,0.911,Heavy congestion detected - signal timing extended and reroute suggested
EVT407839,2025-02-23 07:50:21,Sports Fixture,J030,MG Road,24950,Weekend,False,Clear,False,0.0,False,False,0.798,Severe,14.8,54.1,295.9,0.17,0.392,0.931,Heavy congestion detected - signal timing extended and reroute suggested
EVT407840,2026-05-02 08:56:10,Religious Festival,J011,Indiranagar 100ft Road,45607,Weekend,True,Clear,False,0.0,False,True,1.0,Severe,7.0,100.9,979.4,0.292,0.675,0.826,Road closure for event/procession - full detour recommended for through-traffic
EVT407841,2025-06-01 15:25:00,Local Market Day,J009,Majestic,4143,Weekend,False,Heavy Rain,True,44.2,False,False,0.705,High,18.6,47.6,114.7,0.072,0.167,0.928,Heavy rain reducing visibility and grip - reduced speed and longer buffer advised
EVT407842,2025-06-04 23:56:29,Trade Fair,J011,Indiranagar 100ft Road,7600,Weekday,False,Clear,False,0.0,False,False,0.118,Low,27.0,4.3,47.8,0.01,0.023,0.966,Normal free-flow traffic - standard signal timing maintained
EVT407843,2025-05-14 18:45:54,Sports Fixture,J020,Malleshwaram Circle,20308,Weekday,False,Rain,True,21.0,False,False,1.0,Severe,9.1,71.1,814.5,0.272,0.627,0.863,Heavy rain reducing visibility and grip - reduced speed and longer buffer advised
EVT407844,2025-04-01 17:46:29,Sports Fixture,J023,Basavanagudi,16525,Weekday,False,Clear,False,0.0,False,False,1.0,Severe,8.5,64.0,385.6,0.139,0.321,0.917,Heavy congestion detected - signal timing extended and reroute suggested
EVT407845,2025-12-12 22:39:29,Sports Fixture,J011,Indiranagar 100ft Road,15032,Weekday,False,Fog,False,0.0,False,False,0.273,Low,36.9,27.2,143.8,0.148,0.341,0.944,Moderate traffic flow - standard adaptive signal timing in effect
EVT407846,2025-07-07 05:03:49,Sports Fixture,J011,Indiranagar 100ft Road,17589,Weekday,False,Rain,True,21.6,False,False,0.538,Moderate,25.2,40.9,162.9,0.119,0.276,0.949,Light rain detected - minor speed reduction advised
EVT407847,2025-03-22 20:41:05,Local Market Day,J020,Malleshwaram Circle,5451,Weekend,False,Clear,False,0.0,False,False,0.516,Moderate,28.2,39.9,126.3,0.084,0.194,0.974,Moderate traffic flow - standard adaptive signal timing in effect
EVT407848,2025-03-12 12:40:39,Sports Fixture,J040,City Market,23419,Weekday,False,Clear,False,0.0,False,False,0.304,Low,26.4,17.0,150.2,0.109,0.252,0.966,Moderate traffic flow - standard adaptive signal timing in effect
EVT407849,2025-06-30 17:28:12,Local Market Day,J023,Basavanagudi,2976,Weekday,False,Light Rain,True,4.7,True,False,1.0,Severe,7.8,70.8,676.9,0.245,0.566,0.717,Accident detected nearby - reroute and reduced speed advised
EVT407850,2025-02-02 09:03:18,Trade Fair,J030,MG Road,7128,Weekend,False,Clear,False,0.0,False,False,0.884,Severe,12.1,56.9,364.8,0.161,0.373,0.938,Heavy congestion detected - signal timing extended and reroute suggested
EVT407851,2026-01-02 08:27:53,Religious Festival,J040,City Market,38527,Weekday,True,Clear,False,0.0,False,False,1.0,Severe,9.0,69.1,517.1,0.189,0.437,0.903,Festival crowd surge detected - alternate route and extended cycle recommended
EVT407852,2025-04-25 16:10:25,Local Market Day,J011,Indiranagar 100ft Road,3156,Weekday,False,Clear,False,0.0,False,False,0.446,Moderate,27.8,35.3,123.6,0.108,0.249,0.96,Moderate traffic flow - standard adaptive signal timing in effect
EVT407853,2026-06-25 11:56:05,Trade Fair,J020,Malleshwaram Circle,11489,Weekday,False,Heavy Rain,True,33.4,False,False,0.65,High,20.2,43.1,314.8,0.216,0.5,0.916,Heavy rain reducing visibility and grip - reduced speed and longer buffer advised
EVT407854,2025-04-18 19:47:59,Concert,J009,Majestic,10942,Weekday,False,Clear,False,0.0,False,False,0.847,Severe,14.3,63.5,392.3,0.208,0.48,0.928,Heavy congestion detected - signal timing extended and reroute suggested
EVT407855,2025-10-20 08:42:41,Fireworks Display,J020,Malleshwaram Circle,20161,Weekday,True,Rain,True,10.7,False,False,1.0,Severe,8.6,73.0,589.8,0.209,0.482,0.822,Festival crowd surge detected - alternate route and extended cycle recommended
EVT407856,2026-02-19 19:27:05,Trade Fair,J040,City Market,5910,Weekday,False,Clear,False,0.0,False,False,0.876,Severe,9.5,62.2,449.7,0.166,0.383,0.923,Heavy congestion detected - signal timing extended and reroute suggested
EVT407857,2026-01-17 17:32:54,Concert,J020,Malleshwaram Circle,17406,Weekend,False,Clear,False,0.0,False,False,0.879,Severe,12.2,64.8,498.6,0.249,0.575,0.921,Heavy congestion detected - signal timing extended and reroute suggested
EVT407858,2025-06-03 16:38:11,Local Market Day,J020,Malleshwaram Circle,5993,Weekday,False,Rain,True,22.7,False,False,0.837,Severe,17.2,61.4,336.2,0.196,0.453,0.893,Heavy rain reducing visibility and grip - reduced speed and longer buffer advised
EVT407859,2025-07-05 17:56:09,Local Market Day,J023,Basavanagudi,2541,Weekend,False,Clear,False,0.0,False,False,0.948,Severe,9.1,65.1,599.9,0.205,0.475,0.946,Heavy congestion detected - signal timing extended and reroute suggested
EVT407860,2025-05-26 12:52:40,Sports Fixture,J030,MG Road,25415,Weekday,False,Clear,False,0.0,False,False,0.29,Low,26.6,19.2,242.9,0.172,0.397,0.967,Moderate traffic flow - standard adaptive signal timing in effect
EVT407861,2025-02-15 17:25:13,Local Market Day,J031,Cubbon Road,7184,Weekend,False,Fog,False,0.0,False,False,0.71,High,20.7,44.0,305.1,0.196,0.452,0.987,Moderate traffic flow - standard adaptive signal timing in effect
EVT407862,2025-12-15 11:40:34,Sports Fixture,J030,MG Road,24432,Weekday,False,Clear,False,0.0,False,False,0.365,Moderate,26.8,25.8,172.9,0.136,0.315,0.99,Moderate traffic flow - standard adaptive signal timing in effect
EVT407863,2025-02-28 12:03:08,Local Market Day,J040,City Market,6103,Weekday,False,Clear,False,0.0,False,False,0.241,Low,38.0,11.4,84.7,0.076,0.176,0.99,Normal free-flow traffic - standard signal timing maintained
EVT407864,2026-04-20 16:45:32,Concert,J009,Majestic,10246,Weekday,False,Rain,True,22.1,False,False,1.0,Severe,10.1,67.4,743.1,0.282,0.652,0.872,Heavy rain reducing visibility and grip - reduced speed and longer buffer advised
EVT407865,2025-07-20 16:36:25,Local Market Day,J031,Cubbon Road,3491,Weekend,False,Heavy Rain,True,33.5,False,False,0.883,Severe,12.0,60.5,266.0,0.11,0.255,0.897,Heavy rain reducing visibility and grip - reduced speed and longer buffer advised
EVT407866,2025-03-25 19:46:10,Local Market Day,J009,Majestic,4378,Weekday,False,Clear,False,0.0,False,False,0.75,Severe,17.3,46.4,253.9,0.136,0.313,0.944,Heavy congestion detected - signal timing extended and reroute suggested
EVT407867,2026-01-08 21:38:52,Local Market Day,J012,Koramangala Sony World,8121,Weekday,False,Clear,False,0.0,False,False,0.359,Moderate,24.7,25.8,147.5,0.097,0.224,0.983,Moderate traffic flow - standard adaptive signal timing in effect
EVT407868,2025-12-19 17:00:49,Political Rally,J031,Cubbon Road,21433,Weekday,False,Clear,False,0.0,False,False,0.784,Severe,14.9,54.5,352.3,0.187,0.431,0.939,Heavy congestion detected - signal timing extended and reroute suggested
EVT407869,2025-03-17 09:39:38,Trade Fair,J009,Majestic,5529,Weekday,False,Clear,False,0.0,False,False,0.901,Severe,10.7,66.4,427.0,0.204,0.472,0.916,Heavy congestion detected - signal timing extended and reroute suggested
EVT407870,2026-02-06 19:35:27,Sports Fixture,J030,MG Road,34845,Weekday,False,Clear,False,0.0,False,False,1.0,Severe,9.5,74.1,468.5,0.162,0.375,0.922,Heavy congestion detected - signal timing extended and reroute suggested
EVT407871,2026-03-11 07:51:38,Trade Fair,J009,Majestic,6134,Weekday,False,Clear,False,0.0,False,False,0.72,High,15.3,51.9,413.0,0.214,0.495,0.936,Moderate traffic flow - standard adaptive signal timing in effect
EVT407872,2026-03-09 08:44:42,Sports Fixture,J009,Majestic,11898,Weekday,False,Clear,False,0.0,False,False,1.0,Severe,7.5,63.4,1072.8,0.308,0.712,0.911,Heavy congestion detected - signal timing extended and reroute suggested
EVT407873,2026-04-21 09:39:15,Local Market Day,J011,Indiranagar 100ft Road,2434,Weekday,False,Clear,False,0.0,False,False,0.956,Severe,8.3,67.5,669.6,0.245,0.567,0.928,Heavy congestion detected - signal timing extended and reroute suggested
EVT407874,2025-03-08 12:41:16,Concert,J031,Cubbon Road,11514,Weekend,False,Clear,False,0.0,False,False,0.337,Low,29.2,24.6,175.9,0.178,0.412,0.976,Moderate traffic flow - standard adaptive signal timing in effect
EVT407875,2026-01-30 20:37:46,Local Market Day,J012,Koramangala Sony World,2857,Weekday,False,Clear,False,0.0,False,False,0.52,Moderate,22.4,32.0,287.0,0.179,0.413,0.961,Moderate traffic flow - standard adaptive signal timing in effect
EVT407876,2025-07-03 09:34:59,Local Market Day,J020,Malleshwaram Circle,5840,Weekday,False,Clear,False,0.0,False,False,0.955,Severe,9.8,71.3,420.4,0.164,0.378,0.928,Heavy congestion detected - signal timing extended and reroute suggested
EVT407877,2025-09-10 20:45:36,Political Rally,J011,Indiranagar 100ft Road,25117,Weekday,False,Clear,False,0.0,False,False,0.638,High,21.2,48.8,196.2,0.133,0.308,0.97,Moderate traffic flow - standard adaptive signal timing in effect
EVT407878,2025-04-01 18:12:24,Trade Fair,J030,MG Road,11227,Weekday,False,Clear,False,0.0,False,False,1.0,Severe,7.6,72.2,338.4,0.111,0.255,0.927,Heavy congestion detected - signal timing extended and reroute suggested
EVT407879,2026-06-29 16:27:47,Sports Fixture,J040,City Market,13840,Weekday,False,Clear,False,0.0,False,False,0.605,High,24.3,44.0,229.0,0.176,0.405,0.956,Moderate traffic flow - standard adaptive signal timing in effect
EVT407880,2025-10-08 20:09:07,Sports Fixture,J030,MG Road,13138,Weekday,False,Heavy Rain,True,36.5,False,False,1.0,Severe,8.3,70.1,683.7,0.244,0.563,0.893,Heavy rain reducing visibility and grip - reduced speed and longer buffer advised
EVT407881,2025-01-13 11:24:30,Local Market Day,J030,MG Road,2930,Weekday,False,Clear,False,0.0,False,False,0.323,Low,32.0,23.2,202.0,0.167,0.387,0.961,Moderate traffic flow - standard adaptive signal timing in effect
EVT407882,2025-02-04 17:26:31,Sports Fixture,J023,Basavanagudi,36691,Weekday,False,Clear,False,0.0,False,False,1.0,Severe,8.6,77.5,324.8,0.136,0.314,0.903,Heavy congestion detected - signal timing extended and reroute suggested
EVT407883,2025-07-07 15:16:53,Concert,J023,Basavanagudi,15628,Weekday,False,Heavy Rain,True,54.9,False,False,0.768,Severe,18.7,48.2,239.5,0.152,0.35,0.906,Heavy rain reducing visibility and grip - reduced speed and longer buffer advised
EVT407884,2026-03-17 08:58:04,Sports Fixture,J023,Basavanagudi,11514,Weekday,False,Clear,False,0.0,False,False,1.0,Severe,9.0,73.3,390.3,0.141,0.326,0.892,Heavy congestion detected - signal timing extended and reroute suggested
EVT407885,2025-08-28 15:50:49,Cultural Procession,J011,Indiranagar 100ft Road,9229,Weekday,True,Heavy Rain,True,34.4,False,False,1.0,Severe,7.0,74.7,748.8,0.219,0.505,0.819,Festival crowd surge detected - alternate route and extended cycle recommended
EVT407886,2026-03-12 18:34:01,Concert,J030,MG Road,14953,Weekday,False,Rain,True,7.6,False,False,1.0,Severe,7.6,72.6,461.5,0.133,0.308,0.858,Heavy rain reducing visibility and grip - reduced speed and longer buffer advised
EVT407887,2025-01-25 20:54:37,Trade Fair,J031,Cubbon Road,8221,Weekend,False,Clear,False,0.0,False,False,0.5,Moderate,24.2,41.0,210.7,0.135,0.312,0.972,Moderate traffic flow - standard adaptive signal timing in effect
EVT407888,2026-04-19 11:36:46,Local Market Day,J009,Majestic,7888,Weekend,False,Clear,False,0.0,False,False,0.334,Low,28.7,21.6,89.8,0.079,0.182,0.947,Moderate traffic flow - standard adaptive signal timing in effect
EVT407889,2025-09-24 22:58:18,Local Market Day,J040,City Market,3282,Weekday,False,Clear,False,0.0,False,False,0.206,Low,28.4,11.4,184.9,0.152,0.352,0.942,Normal free-flow traffic - standard signal timing maintained
EVT407890,2026-03-09 20:46:24,Concert,J030,MG Road,10042,Weekday,False,Clear,False,0.0,False,False,0.436,Moderate,27.1,27.9,164.1,0.134,0.31,0.981,Moderate traffic flow - standard adaptive signal timing in effect
EVT407891,2026-03-26 18:21:48,Cultural Procession,J031,Cubbon Road,17202,Weekday,True,Clear,False,0.0,False,True,1.0,Severe,8.3,96.2,558.8,0.194,0.447,0.837,Road closure for event/procession - full detour recommended for through-traffic
EVT407892,2025-01-26 09:10:35,Cultural Procession,J011,Indiranagar 100ft Road,49123,Weekend,True,Clear,False,0.0,False,True,1.0,Severe,7.5,95.9,241.4,0.088,0.204,0.841,Road closure for event/procession - full detour recommended for through-traffic
EVT407893,2026-02-03 16:40:54,Trade Fair,J031,Cubbon Road,14497,Weekday,False,Clear,False,0.0,False,False,0.599,High,20.7,41.5,95.3,0.055,0.127,0.955,Moderate traffic flow - standard adaptive signal timing in effect
EVT407894,2025-02-23 09:52:21,Sports Fixture,J020,Malleshwaram Circle,33426,Weekend,False,Fog,False,0.0,False,False,0.954,Severe,9.4,73.6,309.5,0.131,0.303,0.902,Heavy congestion detected - signal timing extended and reroute suggested
EVT407895,2025-08-08 14:55:47,Trade Fair,J012,Koramangala Sony World,5761,Weekday,False,Clear,False,0.0,False,False,0.259,Low,39.2,19.4,48.0,0.041,0.095,0.961,Moderate traffic flow - standard adaptive signal timing in effect
EVT407896,2025-07-13 11:39:53,Local Market Day,J020,Malleshwaram Circle,4315,Weekend,False,Heavy Rain,True,50.1,False,False,0.635,High,16.3,46.7,320.1,0.158,0.366,0.937,Heavy rain reducing visibility and grip - reduced speed and longer buffer advised
EVT407897,2026-04-25 12:21:36,Local Market Day,J009,Majestic,7131,Weekend,False,Clear,False,0.0,False,False,0.298,Low,21.1,18.0,158.8,0.105,0.243,0.963,Moderate traffic flow - standard adaptive signal timing in effect
EVT407898,2026-06-16 20:10:00,Local Market Day,J009,Majestic,3372,Weekday,False,Clear,False,0.0,False,False,0.625,High,12.4,44.4,542.4,0.231,0.534,0.983,Moderate traffic flow - standard adaptive signal timing in effect
EVT407899,2026-06-10 10:35:42,Trade Fair,J012,Koramangala Sony World,8040,Weekday,False,Clear,False,0.0,False,False,0.582,High,27.8,39.7,164.6,0.118,0.274,0.977,Moderate traffic flow - standard adaptive signal timing in effect
EVT407900,2025-05-21 08:05:19,Political Rally,J031,Cubbon Road,10103,Weekday,False,Clear,False,0.0,False,False,0.826,Severe,13.6,57.6,193.6,0.095,0.219,0.947,Heavy congestion detected - signal timing extended and reroute suggested
EVT407901,2025-02-11 17:56:46,Local Market Day,J011,Indiranagar 100ft Road,4295,Weekday,False,Clear,False,0.0,False,False,0.98,Severe,8.5,67.8,480.2,0.168,0.387,0.929,Heavy congestion detected - signal timing extended and reroute suggested
EVT407902,2026-03-25 15:59:09,Sports Fixture,J030,MG Road,36502,Weekday,False,Fog,False,0.0,False,False,0.63,High,22.8,41.8,170.0,0.105,0.244,0.979,Moderate traffic flow - standard adaptive signal timing in effect
EVT407903,2025-12-12 17:18:46,Sports Fixture,J031,Cubbon Road,20339,Weekday,False,Clear,False,0.0,False,False,0.978,Severe,8.4,69.2,484.4,0.171,0.394,0.921,Heavy congestion detected - signal timing extended and reroute suggested
EVT407904,2026-03-06 08:37:57,Trade Fair,J009,Majestic,5698,Weekday,False,Clear,False,0.0,False,False,1.0,Severe,7.7,74.3,816.3,0.273,0.63,0.921,Heavy congestion detected - signal timing extended and reroute suggested
EVT407905,2025-05-26 05:50:43,Political Rally,J040,City Market,9797,Weekday,False,Clear,False,0.0,False,False,0.211,Low,28.9,14.6,200.6,0.134,0.309,0.962,Normal free-flow traffic - standard signal timing maintained
EVT407906,2025-12-07 15:39:18,Concert,J040,City Market,14903,Weekend,False,Clear,False,0.0,False,False,0.463,Moderate,26.4,31.0,307.2,0.224,0.518,0.957,Moderate traffic flow - standard adaptive signal timing in effect
EVT407907,2025-06-06 13:33:03,Trade Fair,J020,Malleshwaram Circle,6451,Weekday,False,Clear,False,0.0,False,False,0.182,Low,27.1,9.3,180.8,0.118,0.273,0.98,Normal free-flow traffic - standard signal timing maintained
EVT407908,2025-02-28 15:53:00,Concert,J009,Majestic,10974,Weekday,False,Clear,False,0.0,False,False,0.466,Moderate,27.6,21.4,192.0,0.137,0.316,0.953,Moderate traffic flow - standard adaptive signal timing in effect
EVT407909,2025-11-30 08:41:04,Concert,J009,Majestic,18126,Weekend,False,Rain,True,10.4,False,False,1.0,Severe,6.9,71.2,868.7,0.237,0.546,0.882,Heavy rain reducing visibility and grip - reduced speed and longer buffer advised
EVT407910,2025-09-19 13:40:47,Concert,J020,Malleshwaram Circle,5848,Weekday,False,Clear,False,0.0,False,False,0.224,Low,33.2,15.7,163.5,0.122,0.283,0.981,Normal free-flow traffic - standard signal timing maintained
EVT407911,2026-03-11 12:23:53,Sports Fixture,J030,MG Road,11897,Weekday,False,Clear,False,0.0,False,False,0.287,Low,27.1,22.7,94.3,0.079,0.182,0.99,Moderate traffic flow - standard adaptive signal timing in effect
EVT407912,2025-06-16 18:07:38,Sports Fixture,J009,Majestic,20630,Weekday,False,Rain,True,15.5,False,False,1.0,Severe,8.2,62.9,280.8,0.102,0.236,0.871,Heavy rain reducing visibility and grip - reduced speed and longer buffer advised
EVT407913,2026-01-25 20:44:28,Concert,J040,City Market,7955,Weekend,False,Clear,False,0.0,False,False,0.514,Moderate,24.7,37.5,175.8,0.145,0.335,0.967,Moderate traffic flow - standard adaptive signal timing in effect
EVT407914,2025-04-14 07:27:48,Religious Festival,J040,City Market,32332,Weekday,True,Clear,False,0.0,False,True,1.0,Severe,8.6,103.2,382.6,0.136,0.315,0.812,Road closure for event/procession - full detour recommended for through-traffic
EVT407915,2025-11-23 18:50:54,Sports Fixture,J023,Basavanagudi,20612,Weekend,False,Clear,False,0.0,False,False,0.977,Severe,10.2,75.9,476.1,0.206,0.476,0.915,Heavy congestion detected - signal timing extended and reroute suggested
EVT407916,2025-06-16 04:19:19,Local Market Day,J031,Cubbon Road,2688,Weekday,False,Clear,False,0.0,False,False,0.161,Low,28.0,11.4,93.8,0.067,0.156,0.952,Normal free-flow traffic - standard signal timing maintained
EVT407917,2026-04-14 09:27:34,Cultural Procession,J012,Koramangala Sony World,8501,Weekday,True,Light Rain,True,3.5,False,True,1.0,Severe,9.3,96.1,528.2,0.23,0.532,0.778,Road closure for event/procession - full detour recommended for through-traffic
EVT407918,2025-02-17 06:58:38,Local Market Day,J031,Cubbon Road,4027,Weekday,False,Clear,False,0.0,False,False,0.452,Moderate,26.7,36.3,328.0,0.26,0.601,0.971,Moderate traffic flow - standard adaptive signal timing in effect
EVT407919,2025-12-19 18:54:53,Concert,J020,Malleshwaram Circle,17098,Weekday,False,Clear,False,0.0,False,False,1.0,Severe,9.0,74.4,563.1,0.185,0.428,0.912,Heavy congestion detected - signal timing extended and reroute suggested
EVT407920,2026-05-17 09:24:56,Sports Fixture,J020,Malleshwaram Circle,26729,Weekend,False,Clear,False,0.0,False,False,0.93,Severe,13.2,67.1,523.2,0.266,0.616,0.916,Heavy congestion detected - signal timing extended and reroute suggested
EVT407921,2026-05-04 08:59:58,Trade Fair,J020,Malleshwaram Circle,6690,Weekday,False,Clear,False,0.0,False,False,1.0,Severe,8.9,79.2,440.2,0.179,0.414,0.915,Heavy congestion detected - signal timing extended and reroute suggested
EVT407922,2025-08-21 16:56:00,Sports Fixture,J011,Indiranagar 100ft Road,20337,Weekday,False,Rain,True,10.4,True,False,1.0,Severe,7.0,70.5,496.6,0.156,0.361,0.704,Accident detected nearby - reroute and reduced speed advised
EVT407923,2025-05-23 12:41:42,Sports Fixture,J020,Malleshwaram Circle,22912,Weekday,False,Clear,False,0.0,False,False,0.359,Moderate,23.0,24.0,208.4,0.131,0.303,0.97,Moderate traffic flow - standard adaptive signal timing in effect
EVT407924,2025-06-21 08:08:46,Local Market Day,J012,Koramangala Sony World,2683,Weekend,False,Clear,False,0.0,False,False,0.739,High,21.0,51.8,240.9,0.17,0.393,0.983,Moderate traffic flow - standard adaptive signal timing in effect
EVT407925,2025-09-10 16:04:04,Trade Fair,J009,Majestic,15791,Weekday,False,Heavy Rain,True,46.6,False,False,0.784,Severe,15.8,53.3,392.2,0.2,0.461,0.891,Heavy rain reducing visibility and grip - reduced speed and longer buffer advised
EVT407926,2025-08-01 13:55:04,Local Market Day,J040,City Market,3818,Weekday,False,Heavy Rain,True,62.8,False,False,0.493,Moderate,27.0,31.2,131.8,0.082,0.189,0.907,Light rain detected - minor speed reduction advised
EVT407927,2025-11-28 20:57:19,Trade Fair,J009,Majestic,10960,Weekday,False,Clear,False,0.0,False,False,0.469,Moderate,26.6,32.2,72.4,0.051,0.117,0.956,Moderate traffic flow - standard adaptive signal timing in effect
EVT407928,2025-02-16 23:11:48,Trade Fair,J040,City Market,10555,Weekend,False,Light Rain,True,2.7,False,False,0.419,Moderate,24.7,32.8,91.4,0.071,0.165,0.916,Light rain detected - minor speed reduction advised
EVT407929,2025-05-09 12:12:09,Concert,J030,MG Road,11873,Weekday,False,Clear,False,0.0,False,False,0.285,Low,31.8,18.0,172.6,0.149,0.343,0.966,Moderate traffic flow - standard adaptive signal timing in effect
EVT407930,2025-04-26 20:54:47,Trade Fair,J040,City Market,9333,Weekend,False,Clear,False,0.0,False,False,0.474,Moderate,21.5,35.3,274.6,0.176,0.407,0.924,Moderate traffic flow - standard adaptive signal timing in effect
EVT407931,2025-01-05 09:23:49,Trade Fair,J009,Majestic,7989,Weekend,False,Clear,False,0.0,False,False,0.849,Severe,14.8,63.8,403.7,0.215,0.496,0.933,Heavy congestion detected - signal timing extended and reroute suggested
EVT407932,2025-02-16 18:15:02,Trade Fair,J020,Malleshwaram Circle,6512,Weekend,False,Clear,False,0.0,False,False,0.847,Severe,11.7,61.6,362.6,0.165,0.38,0.973,Heavy congestion detected - signal timing extended and reroute suggested
EVT407933,2025-07-23 07:34:12,Local Market Day,J012,Koramangala Sony World,3213,Weekday,False,Heavy Rain,True,39.0,False,False,1.0,Severe,8.2,72.3,695.5,0.236,0.546,0.868,Heavy rain reducing visibility and grip - reduced speed and longer buffer advised
EVT407934,2025-02-13 17:24:13,Concert,J012,Koramangala Sony World,21054,Weekday,False,Clear,False,0.0,False,False,1.0,Severe,8.8,72.7,426.6,0.151,0.349,0.931,Heavy congestion detected - signal timing extended and reroute suggested
EVT407935,2025-03-02 14:58:52,Local Market Day,J009,Majestic,3011,Weekend,False,Clear,False,0.0,False,False,0.257,Low,35.8,25.2,169.8,0.141,0.325,0.988,Moderate traffic flow - standard adaptive signal timing in effect
EVT407936,2025-12-12 19:14:29,Local Market Day,J009,Majestic,4818,Weekday,False,Clear,False,0.0,False,False,1.0,Severe,9.1,69.1,593.2,0.21,0.484,0.915,Heavy congestion detected - signal timing extended and reroute suggested
EVT407937,2025-12-05 05:12:09,Sports Fixture,J031,Cubbon Road,21993,Weekday,False,Clear,False,0.0,False,False,0.235,Low,34.2,17.6,163.2,0.156,0.361,0.964,Normal free-flow traffic - standard signal timing maintained
EVT407938,2025-08-29 09:11:44,Concert,J031,Cubbon Road,11229,Weekday,False,Fog,False,0.0,False,False,1.0,Severe,7.3,71.7,431.0,0.137,0.317,0.922,Heavy congestion detected - signal timing extended and reroute suggested
EVT407939,2025-07-19 07:43:05,Local Market Day,J023,Basavanagudi,2005,Weekend,False,Rain,True,23.1,False,False,0.912,Severe,10.9,64.0,222.2,0.089,0.205,0.895,Heavy rain reducing visibility and grip - reduced speed and longer buffer advised
EVT407940,2025-11-26 10:04:07,Local Market Day,J009,Majestic,3296,Weekday,False,Clear,False,0.0,False,False,0.795,Severe,15.1,52.9,341.8,0.178,0.41,0.976,Heavy congestion detected - signal timing extended and reroute suggested
EVT407941,2025-04-29 16:16:17,Local Market Day,J020,Malleshwaram Circle,4744,Weekday,False,Clear,False,0.0,False,False,0.472,Moderate,24.6,33.4,224.5,0.172,0.398,0.949,Moderate traffic flow - standard adaptive signal timing in effect
EVT407942,2025-10-04 21:51:46,Political Rally,J040,City Market,11728,Weekend,False,Clear,False,0.0,False,False,0.376,Moderate,28.7,30.4,99.4,0.069,0.16,0.957,Moderate traffic flow - standard adaptive signal timing in effect
EVT407943,2025-09-06 21:41:54,Religious Festival,J020,Malleshwaram Circle,44252,Weekend,True,Clear,False,0.0,False,True,0.974,Severe,10.0,89.4,322.8,0.124,0.287,0.828,Road closure for event/procession - full detour recommended for through-traffic
EVT407944,2025-06-01 16:50:11,Local Market Day,J030,MG Road,5380,Weekend,False,Clear,False,0.0,False,False,0.621,High,20.1,42.1,218.5,0.146,0.337,0.96,Moderate traffic flow - standard adaptive signal timing in effect
EVT407945,2025-02-03 06:59:00,Local Market Day,J040,City Market,4055,Weekday,False,Clear,False,0.0,False,False,0.419,Moderate,20.9,31.6,201.1,0.117,0.27,0.974,Moderate traffic flow - standard adaptive signal timing in effect
EVT407946,2026-01-03 22:44:33,Political Rally,J011,Indiranagar 100ft Road,20610,Weekend,False,Clear,False,0.0,False,False,0.347,Low,30.7,20.5,139.7,0.104,0.24,0.99,Moderate traffic flow - standard adaptive signal timing in effect
EVT407947,2025-06-16 21:11:45,Trade Fair,J023,Basavanagudi,8504,Weekday,False,Clear,False,0.0,False,False,0.366,Moderate,22.8,30.3,211.4,0.139,0.322,0.946,Moderate traffic flow - standard adaptive signal timing in effect
EVT407948,2025-08-14 18:10:53,Trade Fair,J012,Koramangala Sony World,10295,Weekday,False,Clear,False,0.0,False,False,1.0,Severe,7.2,64.0,861.5,0.243,0.561,0.92,Heavy congestion detected - signal timing extended and reroute suggested
EVT407949,2025-03-15 17:35:28,Cultural Procession,J012,Koramangala Sony World,26681,Weekend,True,Clear,False,0.0,False,False,1.0,Severe,9.4,71.9,859.9,0.317,0.733,0.839,Festival crowd surge detected - alternate route and extended cycle recommended
EVT407950,2026-03-25 04:53:42,Local Market Day,J023,Basavanagudi,3966,Weekday,False,Clear,False,0.0,False,False,0.165,Low,39.5,11.0,56.7,0.055,0.128,0.968,Normal free-flow traffic - standard signal timing maintained
EVT407951,2025-03-22 12:55:37,Trade Fair,J030,MG Road,10595,Weekend,False,Clear,False,0.0,False,False,0.234,Low,34.1,13.5,192.6,0.176,0.406,0.969,Normal free-flow traffic - standard signal timing maintained
EVT407952,2025-03-25 05:50:57,Concert,J012,Koramangala Sony World,12079,Weekday,False,Clear,False,0.0,False,False,0.331,Low,32.6,25.6,214.3,0.198,0.458,0.96,Moderate traffic flow - standard adaptive signal timing in effect
EVT407953,2025-01-23 13:21:20,Local Market Day,J020,Malleshwaram Circle,4156,Weekday,False,Clear,False,0.0,False,False,0.16,Low,34.1,13.5,149.4,0.129,0.299,0.99,Normal free-flow traffic - standard signal timing maintained
EVT407954,2025-03-07 14:00:21,Local Market Day,J030,MG Road,3083,Weekday,False,Clear,False,0.0,False,False,0.273,Low,34.3,20.9,183.7,0.156,0.36,0.926,Moderate traffic flow - standard adaptive signal timing in effect
EVT407955,2025-01-22 12:23:49,Local Market Day,J009,Majestic,3174,Weekday,False,Clear,False,0.0,False,False,0.194,Low,27.2,16.1,165.4,0.096,0.222,0.982,Normal free-flow traffic - standard signal timing maintained
EVT407956,2026-04-09 16:40:04,Concert,J023,Basavanagudi,18923,Weekday,False,Fog,False,0.0,False,False,0.741,High,16.2,53.7,423.6,0.237,0.547,0.971,Moderate traffic flow - standard adaptive signal timing in effect
EVT407957,2026-03-19 19:38:49,Religious Festival,J030,MG Road,71049,Weekday,True,Clear,False,0.0,False,False,1.0,Severe,7.9,74.7,480.3,0.145,0.335,0.848,Festival crowd surge detected - alternate route and extended cycle recommended
EVT407958,2026-06-14 13:25:49,Concert,J023,Basavanagudi,11095,Weekend,False,Clear,False,0.0,False,False,0.293,Low,27.9,25.4,185.9,0.152,0.35,0.952,Moderate traffic flow - standard adaptive signal timing in effect
EVT407959,2025-11-23 17:57:01,Concert,J020,Malleshwaram Circle,17563,Weekend,False,Clear,False,0.0,False,False,0.955,Severe,8.4,71.0,348.4,0.126,0.292,0.924,Heavy congestion detected - signal timing extended and reroute suggested
EVT407960,2026-06-09 03:59:55,Political Rally,J040,City Market,20989,Weekday,False,Light Rain,True,6.4,False,False,0.326,Low,29.1,26.5,171.2,0.163,0.377,0.941,Light rain detected - minor speed reduction advised
EVT407961,2026-01-22 18:33:14,Political Rally,J012,Koramangala Sony World,21185,Weekday,False,Clear,False,0.0,False,False,1.0,Severe,9.5,72.8,301.3,0.123,0.283,0.906,Heavy congestion detected - signal timing extended and reroute suggested
EVT407962,2026-04-16 20:58:47,Trade Fair,J040,City Market,10808,Weekday,False,Clear,False,0.0,False,False,0.522,Moderate,24.8,38.7,223.5,0.171,0.394,0.967,Moderate traffic flow - standard adaptive signal timing in effect
EVT407963,2026-03-08 06:45:16,Local Market Day,J011,Indiranagar 100ft Road,4924,Weekend,False,Clear,False,0.0,False,False,0.344,Low,30.1,18.8,179.4,0.151,0.348,0.962,Moderate traffic flow - standard adaptive signal timing in effect
EVT407964,2025-09-21 12:39:52,Sports Fixture,J031,Cubbon Road,8551,Weekend,False,Rain,True,7.5,False,False,0.347,Low,27.6,20.5,248.9,0.17,0.393,0.89,Light rain detected - minor speed reduction advised
EVT407965,2026-05-03 10:05:22,Sports Fixture,J009,Majestic,24430,Weekend,False,Clear,False,0.0,False,False,0.745,High,21.2,56.9,150.2,0.098,0.226,0.975,Moderate traffic flow - standard adaptive signal timing in effect
EVT407966,2025-04-22 05:17:50,Concert,J030,MG Road,17116,Weekday,False,Clear,False,0.0,False,False,0.332,Low,34.2,27.6,111.3,0.096,0.222,0.977,Moderate traffic flow - standard adaptive signal timing in effect
EVT407967,2026-02-05 09:27:30,Sports Fixture,J030,MG Road,21542,Weekday,False,Clear,False,0.0,False,False,1.0,Severe,7.0,72.9,595.3,0.164,0.378,0.92,Heavy congestion detected - signal timing extended and reroute suggested
EVT407968,2025-01-09 09:49:46,Concert,J011,Indiranagar 100ft Road,12017,Weekday,False,Clear,False,0.0,False,False,1.0,Severe,7.8,78.0,638.7,0.216,0.499,0.936,Heavy congestion detected - signal timing extended and reroute suggested
EVT407969,2025-06-16 09:24:14,Sports Fixture,J023,Basavanagudi,22482,Weekday,False,Heavy Rain,True,52.8,False,False,1.0,Severe,8.7,77.0,789.8,0.3,0.693,0.877,Heavy rain reducing visibility and grip - reduced speed and longer buffer advised
EVT407970,2025-04-22 13:50:54,Concert,J031,Cubbon Road,16626,Weekday,False,Clear,False,0.0,False,False,0.292,Low,27.8,19.6,117.8,0.07,0.161,0.947,Moderate traffic flow - standard adaptive signal timing in effect
EVT407971,2025-04-02 18:48:34,Political Rally,J011,Indiranagar 100ft Road,12652,Weekday,False,Clear,False,0.0,False,False,1.0,Severe,9.5,66.2,527.4,0.198,0.457,0.896,Heavy congestion detected - signal timing extended and reroute suggested
EVT407972,2025-12-19 21:17:31,Sports Fixture,J040,City Market,15585,Weekday,False,Clear,False,0.0,False,False,0.416,Moderate,22.9,28.2,168.4,0.096,0.221,0.99,Moderate traffic flow - standard adaptive signal timing in effect
EVT407973,2025-02-13 13:54:49,Local Market Day,J020,Malleshwaram Circle,3542,Weekday,False,Clear,False,0.0,False,False,0.104,Low,35.2,6.4,63.3,0.059,0.137,0.99,Normal free-flow traffic - standard signal timing maintained
EVT407974,2025-03-18 11:08:38,Political Rally,J030,MG Road,21232,Weekday,False,Clear,False,0.0,False,False,0.501,Moderate,26.0,32.6,230.5,0.182,0.421,0.954,Moderate traffic flow - standard adaptive signal timing in effect
EVT407975,2026-05-21 21:19:14,Sports Fixture,J009,Majestic,30497,Weekday,False,Clear,False,0.0,False,False,0.478,Moderate,28.0,39.0,149.0,0.117,0.27,0.977,Moderate traffic flow - standard adaptive signal timing in effect
EVT407976,2026-04-06 20:16:33,Concert,J011,Indiranagar 100ft Road,11660,Weekday,False,Clear,False,0.0,False,False,0.617,High,14.6,50.5,399.3,0.209,0.483,0.953,Moderate traffic flow - standard adaptive signal timing in effect
EVT407977,2025-06-23 21:06:05,Concert,J023,Basavanagudi,10805,Weekday,False,Clear,False,0.0,False,False,0.461,Moderate,27.9,29.2,104.1,0.075,0.172,0.947,Moderate traffic flow - standard adaptive signal timing in effect
EVT407978,2025-07-09 17:41:42,Concert,J030,MG Road,9372,Weekday,False,Rain,True,11.1,False,False,1.0,Severe,9.2,72.6,427.2,0.151,0.349,0.863,Heavy rain reducing visibility and grip - reduced speed and longer buffer advised
EVT407979,2025-09-16 15:12:45,Concert,J009,Majestic,10496,Weekday,False,Rain,True,14.3,False,False,0.471,Moderate,18.2,31.1,307.8,0.181,0.419,0.914,Light rain detected - minor speed reduction advised
EVT407980,2025-02-19 06:17:23,Political Rally,J012,Koramangala Sony World,9357,Weekday,False,Clear,False,0.0,False,False,0.305,Low,35.8,19.2,104.3,0.103,0.238,0.96,Moderate traffic flow - standard adaptive signal timing in effect
EVT407981,2025-07-15 21:00:59,Sports Fixture,J011,Indiranagar 100ft Road,50518,Weekday,False,Clear,False,0.0,False,False,0.699,High,17.7,52.3,355.8,0.206,0.475,0.969,Moderate traffic flow - standard adaptive signal timing in effect
EVT407982,2025-05-05 09:30:35,Local Market Day,J031,Cubbon Road,1569,Weekday,False,Clear,False,0.0,False,False,0.93,Severe,8.6,68.0,413.6,0.13,0.3,0.929,Heavy congestion detected - signal timing extended and reroute suggested
EVT407983,2026-03-09 10:47:42,Trade Fair,J012,Koramangala Sony World,12553,Weekday,False,Clear,False,0.0,False,False,0.512,Moderate,25.1,36.9,128.4,0.079,0.183,0.965,Moderate traffic flow - standard adaptive signal timing in effect
EVT407984,2025-02-07 12:26:15,Sports Fixture,J031,Cubbon Road,20893,Weekday,False,Clear,False,0.0,False,False,0.326,Low,30.7,25.5,118.8,0.113,0.26,0.968,Moderate traffic flow - standard adaptive signal timing in effect
EVT407985,2025-02-26 04:11:03,Political Rally,J012,Koramangala Sony World,16414,Weekday,False,Clear,False,0.0,False,False,0.218,Low,40.0,18.0,91.7,0.074,0.172,0.953,Normal free-flow traffic - standard signal timing maintained
EVT407986,2025-01-16 14:50:58,Political Rally,J023,Basavanagudi,21392,Weekday,False,Clear,False,0.0,False,False,0.378,Moderate,35.3,23.7,136.1,0.133,0.307,0.936,Moderate traffic flow - standard adaptive signal timing in effect
EVT407987,2025-01-19 16:10:15,Local Market Day,J012,Koramangala Sony World,6215,Weekend,False,Clear,False,0.0,False,False,0.456,Moderate,26.3,31.4,234.8,0.159,0.367,0.963,Moderate traffic flow - standard adaptive signal timing in effect
EVT407988,2025-08-05 08:03:32,Sports Fixture,J012,Koramangala Sony World,34088,Weekday,False,Rain,True,13.7,False,False,1.0,Severe,7.9,68.6,286.1,0.12,0.276,0.852,Heavy rain reducing visibility and grip - reduced speed and longer buffer advised
EVT407989,2025-01-05 19:55:16,Concert,J012,Koramangala Sony World,6320,Weekend,False,Clear,False,0.0,False,False,0.707,High,18.0,55.1,118.3,0.065,0.15,0.968,Moderate traffic flow - standard adaptive signal timing in effect
EVT407990,2025-04-08 19:42:02,Trade Fair,J031,Cubbon Road,11954,Weekday,False,Clear,False,0.0,False,False,0.864,Severe,13.3,62.0,337.7,0.156,0.361,0.924,Heavy congestion detected - signal timing extended and reroute suggested
EVT407991,2025-03-25 08:19:45,Local Market Day,J023,Basavanagudi,2559,Weekday,False,Clear,False,0.0,False,False,0.913,Severe,9.8,62.9,253.9,0.128,0.296,0.927,Heavy congestion detected - signal timing extended and reroute suggested
EVT407992,2025-05-04 13:36:27,Local Market Day,J012,Koramangala Sony World,2979,Weekend,False,Clear,False,0.0,False,False,0.253,Low,35.3,21.7,156.4,0.149,0.344,0.968,Moderate traffic flow - standard adaptive signal timing in effect
EVT407993,2026-01-12 06:30:27,Concert,J031,Cubbon Road,15543,Weekday,False,Fog,False,0.0,False,False,0.393,Moderate,23.5,31.2,252.5,0.181,0.419,0.99,Moderate traffic flow - standard adaptive signal timing in effect
EVT407994,2025-04-12 11:44:11,Sports Fixture,J020,Malleshwaram Circle,12053,Weekend,False,Clear,False,0.0,False,False,0.337,Low,31.2,31.5,101.4,0.088,0.202,0.959,Moderate traffic flow - standard adaptive signal timing in effect
EVT407995,2026-06-28 09:48:51,Concert,J011,Indiranagar 100ft Road,23426,Weekend,False,Light Rain,True,6.5,False,False,0.94,Severe,10.1,63.9,480.3,0.182,0.42,0.899,Heavy rain reducing visibility and grip - reduced speed and longer buffer advised
EVT407996,2025-02-07 18:50:41,Sports Fixture,J009,Majestic,22960,Weekday,False,Clear,False,0.0,False,False,1.0,Severe,8.7,73.9,687.1,0.24,0.554,0.91,Heavy congestion detected - signal timing extended and reroute suggested
EVT407997,2025-03-25 13:38:04,Concert,J031,Cubbon Road,14716,Weekday,False,Clear,False,0.0,False,False,0.23,Low,30.9,11.1,143.5,0.116,0.268,0.942,Normal free-flow traffic - standard signal timing maintained
EVT407998,2025-06-30 07:16:38,Local Market Day,J040,City Market,3958,Weekday,False,Rain,True,13.6,True,False,1.0,Severe,8.0,67.6,418.7,0.137,0.316,0.73,Accident detected nearby - reroute and reduced speed advised
EVT407999,2026-02-09 11:20:03,Concert,J020,Malleshwaram Circle,7807,Weekday,False,Clear,False,0.0,False,False,0.347,Low,28.4,27.8,168.3,0.124,0.287,0.973,Moderate traffic flow - standard adaptive signal timing in effect
EVT408000,2025-12-18 16:24:45,Local Market Day,J009,Majestic,2956,Weekday,False,Clear,False,0.0,False,False,0.473,Moderate,20.9,29.2,276.0,0.166,0.384,0.988,Moderate traffic flow - standard adaptive signal timing in effect
EVT408001,2025-05-21 15:08:38,Sports Fixture,J011,Indiranagar 100ft Road,19502,Weekday,False,Clear,False,0.0,False,False,0.304,Low,31.7,19.9,88.0,0.071,0.165,0.965,Moderate traffic flow - standard adaptive signal timing in effect
EVT408002,2026-02-22 18:05:13,Local Market Day,J009,Majestic,3670,Weekend,False,Clear,False,0.0,False,False,0.895,Severe,9.5,71.2,296.5,0.114,0.264,0.942,Heavy congestion detected - signal timing extended and reroute suggested
EVT408003,2025-04-05 08:05:27,Political Rally,J031,Cubbon Road,14562,Weekend,False,Heavy Rain,True,26.1,False,False,1.0,Severe,10.5,69.4,708.7,0.293,0.676,0.88,Heavy rain reducing visibility and grip - reduced speed and longer buffer advised
EVT408004,2025-03-30 09:45:20,Religious Festival,J030,MG Road,60651,Weekend,True,Clear,False,0.0,False,False,1.0,Severe,8.1,76.6,563.7,0.207,0.478,0.866,Festival crowd surge detected - alternate route and extended cycle recommended
EVT408005,2025-06-01 18:08:08,Local Market Day,J011,Indiranagar 100ft Road,3901,Weekend,False,Heavy Rain,True,45.3,False,False,1.0,Severe,7.9,73.5,679.8,0.22,0.508,0.883,Heavy rain reducing visibility and grip - reduced speed and longer buffer advised
EVT408006,2026-04-07 05:06:38,Sports Fixture,J009,Majestic,27337,Weekday,False,Clear,False,0.0,False,False,0.287,Low,29.1,21.4,182.5,0.148,0.342,0.973,Moderate traffic flow - standard adaptive signal timing in effect
EVT408007,2025-07-12 19:49:40,Sports Fixture,J030,MG Road,22894,Weekend,False,Clear,False,0.0,False,False,0.885,Severe,13.5,67.3,372.9,0.194,0.448,0.967,Heavy congestion detected - signal timing extended and reroute suggested
EVT408008,2025-04-04 13:28:40,Concert,J009,Majestic,12684,Weekday,False,Clear,False,0.0,False,False,0.228,Low,32.7,12.2,48.3,0.034,0.078,0.976,Normal free-flow traffic - standard signal timing maintained
EVT408009,2025-07-16 16:09:18,Local Market Day,J031,Cubbon Road,2584,Weekday,False,Clear,False,0.0,False,False,0.417,Moderate,26.7,27.2,221.1,0.167,0.386,0.956,Moderate traffic flow - standard adaptive signal timing in effect
EVT408010,2026-05-29 14:45:06,Concert,J031,Cubbon Road,23908,Weekday,False,Clear,False,0.0,False,False,0.31,Low,25.3,19.1,274.1,0.175,0.404,0.952,Moderate traffic flow - standard adaptive signal timing in effect
EVT408011,2025-08-27 15:05:30,Religious Festival,J012,Koramangala Sony World,50006,Weekday,True,Heavy Rain,True,29.7,False,True,1.0,Severe,8.7,93.4,493.4,0.186,0.429,0.813,Road closure for event/procession - full detour recommended for through-traffic
EVT408012,2025-03-21 17:38:10,Concert,J031,Cubbon Road,7326,Weekday,False,Clear,False,0.0,False,False,0.995,Severe,8.1,65.3,641.3,0.201,0.465,0.925,Heavy congestion detected - signal timing extended and reroute suggested
EVT408013,2025-01-01 06:54:25,Local Market Day,J011,Indiranagar 100ft Road,4183,Weekday,False,Clear,False,0.0,False,False,0.447,Moderate,28.8,35.0,100.3,0.08,0.184,0.962,Moderate traffic flow - standard adaptive signal timing in effect
EVT408014,2026-03-28 23:05:12,Local Market Day,J011,Indiranagar 100ft Road,4447,Weekend,False,Clear,False,0.0,False,False,0.287,Low,27.8,27.5,167.5,0.116,0.268,0.97,Moderate traffic flow - standard adaptive signal timing in effect
EVT408015,2025-12-28 17:10:22,Trade Fair,J030,MG Road,7137,Weekend,False,Clear,False,0.0,False,False,0.722,High,19.8,48.3,331.8,0.222,0.514,0.949,Moderate traffic flow - standard adaptive signal timing in effect
EVT408016,2025-11-04 09:27:47,Sports Fixture,J031,Cubbon Road,33497,Weekday,False,Clear,False,0.0,False,False,1.0,Severe,6.5,71.3,298.0,0.08,0.185,0.932,Heavy congestion detected - signal timing extended and reroute suggested
EVT408017,2025-07-19 17:25:41,Local Market Day,J031,Cubbon Road,4890,Weekend,False,Rain,True,24.5,False,False,0.976,Severe,8.3,64.6,591.5,0.21,0.485,0.859,Heavy rain reducing visibility and grip - reduced speed and longer buffer advised
EVT408018,2025-06-24 17:08:10,Local Market Day,J040,City Market,4134,Weekday,False,Rain,True,21.3,True,False,1.0,Severe,5.7,74.3,856.3,0.229,0.529,0.708,Accident detected nearby - reroute and reduced speed advised
EVT408019,2025-12-21 16:04:38,Local Market Day,J012,Koramangala Sony World,3191,Weekend,False,Clear,False,0.0,False,False,0.373,Moderate,31.4,25.0,142.1,0.117,0.271,0.962,Moderate traffic flow - standard adaptive signal timing in effect
EVT408020,2026-03-20 18:05:30,Religious Festival,J023,Basavanagudi,37418,Weekday,True,Clear,False,0.0,False,True,1.0,Severe,7.9,105.1,564.3,0.21,0.486,0.801,Road closure for event/procession - full detour recommended for through-traffic
EVT408021,2026-01-08 13:45:39,Trade Fair,J020,Malleshwaram Circle,9909,Weekday,False,Clear,False,0.0,True,False,0.629,High,19.6,43.1,437.3,0.244,0.564,0.82,Accident detected nearby - reroute and reduced speed advised
EVT408022,2026-03-14 09:17:31,Local Market Day,J031,Cubbon Road,2902,Weekend,False,Clear,False,0.0,False,False,0.9,Severe,10.7,58.3,381.6,0.158,0.365,0.889,Heavy congestion detected - signal timing extended and reroute suggested
EVT408023,2026-03-06 08:33:23,Local Market Day,J012,Koramangala Sony World,3036,Weekday,False,Clear,False,0.0,False,False,0.959,Severe,11.0,76.3,493.0,0.221,0.51,0.931,Heavy congestion detected - signal timing extended and reroute suggested
EVT408024,2026-06-23 19:29:07,Local Market Day,J009,Majestic,4757,Weekday,False,Heavy Rain,True,41.6,False,False,1.0,Severe,7.3,71.0,473.7,0.142,0.328,0.868,Heavy rain reducing visibility and grip - reduced speed and longer buffer advised
EVT408025,2025-01-19 18:25:46,Sports Fixture,J040,City Market,16626,Weekend,False,Fog,False,0.0,False,False,0.905,Severe,11.5,72.1,222.9,0.102,0.235,0.913,Heavy congestion detected - signal timing extended and reroute suggested
EVT408026,2026-02-09 20:25:11,Local Market Day,J040,City Market,2562,Weekday,False,Clear,False,0.0,False,False,0.623,High,21.7,44.4,304.5,0.185,0.428,0.959,Moderate traffic flow - standard adaptive signal timing in effect
EVT408027,2026-01-14 18:33:32,Fireworks Display,J009,Majestic,36661,Weekday,True,Clear,False,0.0,False,False,1.0,Severe,7.8,72.3,549.6,0.179,0.413,0.842,Festival crowd surge detected - alternate route and extended cycle recommended
EVT408028,2025-07-28 08:38:14,Local Market Day,J030,MG Road,2932,Weekday,False,Clear,False,0.0,False,False,0.96,Severe,11.4,70.9,280.5,0.121,0.279,0.925,Heavy congestion detected - signal timing extended and reroute suggested
EVT408029,2025-06-06 10:31:16,Local Market Day,J012,Koramangala Sony World,3623,Weekday,False,Heavy Rain,True,42.8,False,False,0.993,Severe,8.3,69.2,511.8,0.18,0.417,0.887,Heavy rain reducing visibility and grip - reduced speed and longer buffer advised
EVT408030,2025-09-14 09:13:48,Local Market Day,J011,Indiranagar 100ft Road,2214,Weekend,False,Clear,False,0.0,False,False,0.81,Severe,13.1,56.1,305.5,0.133,0.306,0.95,Heavy congestion detected - signal timing extended and reroute suggested
EVT408031,2026-02-03 11:33:35,Local Market Day,J023,Basavanagudi,5873,Weekday,False,Clear,False,0.0,False,False,0.294,Low,27.9,17.8,168.3,0.12,0.278,0.944,Moderate traffic flow - standard adaptive signal timing in effect
EVT408032,2025-03-07 19:04:50,Trade Fair,J030,MG Road,13942,Weekday,False,Clear,False,0.0,True,False,1.0,Severe,8.7,70.5,384.9,0.168,0.388,0.754,Accident detected nearby - reroute and reduced speed advised
EVT408033,2025-11-20 10:03:40,Local Market Day,J020,Malleshwaram Circle,3373,Weekday,False,Clear,False,0.0,False,False,0.794,Severe,17.2,52.2,262.4,0.145,0.335,0.977,Heavy congestion detected - signal timing extended and reroute suggested
EVT408034,2026-05-22 11:40:04,Trade Fair,J040,City Market,5895,Weekday,False,Clear,False,0.0,False,False,0.318,Low,32.6,19.4,99.0,0.102,0.235,0.975,Moderate traffic flow - standard adaptive signal timing in effect
EVT408035,2025-11-21 07:51:18,Local Market Day,J020,Malleshwaram Circle,4283,Weekday,False,Clear,False,0.0,False,False,0.755,Severe,15.2,54.6,219.2,0.136,0.314,0.97,Heavy congestion detected - signal timing extended and reroute suggested
EVT408036,2025-09-26 13:45:16,Sports Fixture,J031,Cubbon Road,9383,Weekday,False,Clear,False,0.0,False,False,0.251,Low,36.3,16.4,118.5,0.11,0.255,0.974,Moderate traffic flow - standard adaptive signal timing in effect
EVT408037,2025-11-03 08:41:34,Local Market Day,J031,Cubbon Road,6418,Weekday,False,Clear,False,0.0,False,False,0.981,Severe,8.0,72.0,796.5,0.263,0.607,0.928,Heavy congestion detected - signal timing extended and reroute suggested
EVT408038,2025-05-16 21:16:15,Local Market Day,J023,Basavanagudi,4949,Weekday,False,Clear,False,0.0,False,False,0.315,Low,32.1,19.0,164.1,0.162,0.374,0.988,Moderate traffic flow - standard adaptive signal timing in effect
EVT408039,2025-09-30 17:05:19,Trade Fair,J009,Majestic,11091,Weekday,False,Clear,False,0.0,False,False,0.765,Severe,18.8,54.5,293.3,0.207,0.479,0.953,Heavy congestion detected - signal timing extended and reroute suggested
EVT408040,2025-06-10 19:53:00,Sports Fixture,J023,Basavanagudi,23257,Weekday,False,Rain,True,13.2,False,False,1.0,Severe,7.5,75.9,451.5,0.158,0.366,0.862,Heavy rain reducing visibility and grip - reduced speed and longer buffer advised
EVT408041,2025-08-01 17:38:47,Concert,J011,Indiranagar 100ft Road,28277,Weekday,False,Fog,False,0.0,False,False,1.0,Severe,8.0,67.0,679.5,0.22,0.508,0.887,Heavy congestion detected - signal timing extended and reroute suggested
EVT408042,2025-08-29 18:12:34,Sports Fixture,J020,Malleshwaram Circle,30872,Weekday,False,Clear,False,0.0,False,False,1.0,Severe,7.3,72.5,505.6,0.155,0.359,0.913,Heavy congestion detected - signal timing extended and reroute suggested
EVT408043,2026-04-23 13:47:46,Local Market Day,J011,Indiranagar 100ft Road,1916,Weekday,False,Clear,False,0.0,False,False,0.186,Low,37.4,14.7,111.6,0.092,0.213,0.935,Normal free-flow traffic - standard signal timing maintained
EVT408044,2026-04-24 16:59:47,Concert,J040,City Market,12299,Weekday,False,Clear,False,0.0,False,False,0.771,Severe,14.8,58.0,423.3,0.218,0.503,0.942,Heavy congestion detected - signal timing extended and reroute suggested
EVT408045,2026-05-03 07:12:20,Sports Fixture,J023,Basavanagudi,23047,Weekend,False,Heavy Rain,True,45.6,False,False,0.955,Severe,8.9,70.5,535.4,0.164,0.379,0.864,Heavy rain reducing visibility and grip - reduced speed and longer buffer advised
EVT408046,2026-02-09 13:26:51,Local Market Day,J020,Malleshwaram Circle,2393,Weekday,False,Clear,False,0.0,False,False,0.156,Low,31.5,10.8,197.3,0.147,0.34,0.954,Normal free-flow traffic - standard signal timing maintained
EVT408047,2025-05-06 14:50:42,Local Market Day,J012,Koramangala Sony World,4100,Weekday,False,Clear,False,0.0,False,False,0.256,Low,33.5,16.2,142.2,0.108,0.25,0.978,Moderate traffic flow - standard adaptive signal timing in effect
EVT408048,2026-06-28 16:42:22,Concert,J040,City Market,11753,Weekend,False,Clear,False,0.0,False,False,0.619,High,21.7,50.6,141.4,0.101,0.234,0.969,Moderate traffic flow - standard adaptive signal timing in effect
EVT408049,2025-03-31 21:12:10,Cultural Procession,J030,MG Road,12589,Weekday,True,Light Rain,True,7.3,False,True,0.942,Severe,10.7,96.5,559.1,0.218,0.504,0.787,Road closure for event/procession - full detour recommended for through-traffic
EVT408050,2026-04-26 15:35:49,Trade Fair,J031,Cubbon Road,25168,Weekend,False,Clear,False,0.0,False,False,0.512,Moderate,29.8,33.2,178.0,0.15,0.346,0.958,Moderate traffic flow - standard adaptive signal timing in effect
EVT408051,2025-05-23 19:40:33,Concert,J031,Cubbon Road,9381,Weekday,False,Clear,False,0.0,False,False,0.916,Severe,11.4,71.1,261.2,0.116,0.268,0.906,Heavy congestion detected - signal timing extended and reroute suggested
EVT408052,2025-05-26 00:56:35,Political Rally,J030,MG Road,13814,Weekday,False,Rain,True,24.5,False,False,0.496,Moderate,30.8,35.1,103.4,0.079,0.183,0.917,Light rain detected - minor speed reduction advised
EVT408053,2026-04-18 08:12:03,Trade Fair,J012,Koramangala Sony World,10902,Weekend,False,Light Rain,True,2.7,False,False,0.897,Severe,12.0,65.4,334.2,0.186,0.431,0.894,Heavy rain reducing visibility and grip - reduced speed and longer buffer advised
EVT408054,2025-07-13 16:01:37,Trade Fair,J009,Majestic,12131,Weekend,False,Heavy Rain,True,29.9,False,False,0.798,Severe,17.2,61.8,299.1,0.173,0.4,0.875,Heavy rain reducing visibility and grip - reduced speed and longer buffer advised
EVT408055,2025-10-26 22:24:11,Local Market Day,J030,MG Road,5060,Weekend,False,Clear,False,0.0,False,False,0.27,Low,31.1,23.6,126.5,0.106,0.245,0.947,Moderate traffic flow - standard adaptive signal timing in effect
EVT408056,2026-04-20 12:28:15,Concert,J012,Koramangala Sony World,9695,Weekday,False,Clear,False,0.0,False,False,0.228,Low,25.8,19.5,169.3,0.132,0.305,0.957,Normal free-flow traffic - standard signal timing maintained
EVT408057,2026-03-17 20:41:05,Sports Fixture,J011,Indiranagar 100ft Road,19668,Weekday,False,Fog,False,0.0,False,False,0.633,High,22.6,45.6,271.4,0.185,0.428,0.951,Moderate traffic flow - standard adaptive signal timing in effect
EVT408058,2025-02-10 13:42:13,Local Market Day,J040,City Market,6586,Weekday,False,Clear,False,0.0,False,False,0.198,Low,28.9,17.1,107.8,0.07,0.162,0.961,Normal free-flow traffic - standard signal timing maintained
EVT408059,2025-12-10 07:08:46,Political Rally,J023,Basavanagudi,23112,Weekday,False,Clear,False,0.0,False,False,0.504,Moderate,24.6,33.9,211.1,0.157,0.362,0.99,Moderate traffic flow - standard adaptive signal timing in effect
EVT408060,2025-02-10 15:04:00,Local Market Day,J031,Cubbon Road,5762,Weekday,False,Clear,False,0.0,False,False,0.234,Low,33.3,15.8,49.6,0.037,0.086,0.951,Normal free-flow traffic - standard signal timing maintained
EVT408061,2025-08-18 19:35:54,Sports Fixture,J011,Indiranagar 100ft Road,37628,Weekday,False,Fog,False,0.0,False,False,1.0,Severe,7.3,74.9,644.0,0.191,0.441,0.911,Heavy congestion detected - signal timing extended and reroute suggested
EVT408062,2025-05-05 18:11:52,Concert,J020,Malleshwaram Circle,17743,Weekday,False,Light Rain,True,4.8,False,False,1.0,Severe,8.8,73.9,690.8,0.247,0.571,0.835,Heavy rain reducing visibility and grip - reduced speed and longer buffer advised
EVT408063,2026-02-13 10:38:43,Trade Fair,J031,Cubbon Road,10001,Weekday,False,Clear,False,0.0,False,False,0.522,Moderate,26.8,31.8,269.5,0.195,0.45,0.986,Moderate traffic flow - standard adaptive signal timing in effect
EVT408064,2026-03-31 17:08:57,Trade Fair,J040,City Market,9033,Weekday,False,Clear,False,0.0,False,False,0.83,Severe,12.5,59.6,404.7,0.173,0.4,0.945,Heavy congestion detected - signal timing extended and reroute suggested
EVT408065,2026-02-19 04:12:30,Local Market Day,J023,Basavanagudi,4942,Weekday,False,Clear,False,0.0,False,False,0.123,Low,26.1,11.7,152.1,0.095,0.218,0.949,Normal free-flow traffic - standard signal timing maintained
EVT408066,2025-05-11 12:30:15,Trade Fair,J009,Majestic,9700,Weekend,False,Clear,False,0.0,False,False,0.246,Low,29.6,21.5,212.9,0.164,0.379,0.947,Normal free-flow traffic - standard signal timing maintained
EVT408067,2025-08-30 09:03:10,Local Market Day,J011,Indiranagar 100ft Road,8960,Weekend,False,Clear,False,0.0,False,False,0.918,Severe,11.4,64.6,524.4,0.236,0.545,0.955,Heavy congestion detected - signal timing extended and reroute suggested
EVT408068,2025-03-07 10:33:11,Local Market Day,J011,Indiranagar 100ft Road,5262,Weekday,False,Clear,False,0.0,False,False,0.507,Moderate,24.5,35.0,272.1,0.179,0.413,0.974,Moderate traffic flow - standard adaptive signal timing in effect
EVT408069,2026-05-06 07:57:16,Local Market Day,J031,Cubbon Road,3213,Weekday,False,Clear,False,0.0,False,False,0.75,Severe,15.3,55.5,302.9,0.167,0.386,0.99,Heavy congestion detected - signal timing extended and reroute suggested
EVT408070,2026-05-02 11:57:05,Fireworks Display,J009,Majestic,29953,Weekend,True,Rain,True,19.2,False,False,0.922,Severe,8.2,66.0,913.0,0.299,0.691,0.85,Festival crowd surge detected - alternate route and extended cycle recommended
EVT408071,2025-05-15 17:06:42,Sports Fixture,J011,Indiranagar 100ft Road,12852,Weekday,False,Clear,False,0.0,False,False,0.842,Severe,17.5,60.0,233.9,0.133,0.307,0.966,Heavy congestion detected - signal timing extended and reroute suggested
EVT408072,2025-01-20 16:24:49,Political Rally,J040,City Market,14068,Weekday,False,Clear,False,0.0,False,False,0.585,High,22.0,34.4,261.2,0.183,0.422,0.956,Moderate traffic flow - standard adaptive signal timing in effect
EVT408073,2025-05-05 10:46:21,Political Rally,J012,Koramangala Sony World,18390,Weekday,False,Light Rain,True,4.3,False,False,0.685,High,16.4,47.8,261.7,0.15,0.346,0.896,Heavy rain reducing visibility and grip - reduced speed and longer buffer advised
EVT408074,2025-12-07 18:32:36,Concert,J031,Cubbon Road,11025,Weekend,False,Clear,False,0.0,False,False,0.989,Severe,10.6,68.4,544.9,0.227,0.525,0.895,Heavy congestion detected - signal timing extended and reroute suggested
EVT408075,2025-07-10 17:08:39,Trade Fair,J009,Majestic,6933,Weekday,False,Clear,False,0.0,False,False,0.836,Severe,15.2,65.7,408.3,0.226,0.523,0.942,Heavy congestion detected - signal timing extended and reroute suggested
EVT408076,2026-04-16 21:38:08,Sports Fixture,J031,Cubbon Road,23710,Weekday,False,Clear,False,0.0,False,False,0.436,Moderate,25.1,33.2,160.3,0.118,0.273,0.976,Moderate traffic flow - standard adaptive signal timing in effect
EVT408077,2025-06-01 15:30:17,Trade Fair,J020,Malleshwaram Circle,10335,Weekend,False,Heavy Rain,True,50.3,False,False,0.745,High,14.6,52.5,384.6,0.179,0.415,0.904,Heavy rain reducing visibility and grip - reduced speed and longer buffer advised
EVT408078,2025-04-19 21:14:53,Concert,J012,Koramangala Sony World,14450,Weekend,False,Clear,False,0.0,False,False,0.481,Moderate,27.2,35.8,160.9,0.123,0.284,0.969,Moderate traffic flow - standard adaptive signal timing in effect
EVT408079,2026-06-03 10:32:07,Local Market Day,J030,MG Road,5123,Weekday,False,Heavy Rain,True,37.3,False,False,0.907,Severe,11.6,66.4,432.7,0.187,0.432,0.894,Heavy rain reducing visibility and grip - reduced speed and longer buffer advised
EVT408080,2025-11-27 09:05:45,Trade Fair,J031,Cubbon Road,15719,Weekday,False,Clear,False,0.0,False,False,1.0,Severe,8.5,70.1,464.7,0.178,0.411,0.905,Heavy congestion detected - signal timing extended and reroute suggested
EVT408081,2025-08-25 08:38:50,Concert,J031,Cubbon Road,11182,Weekday,False,Heavy Rain,True,54.8,False,False,1.0,Severe,5.8,66.6,731.5,0.182,0.421,0.876,Heavy rain reducing visibility and grip - reduced speed and longer buffer advised
EVT408082,2026-02-13 18:04:24,Sports Fixture,J023,Basavanagudi,16405,Weekday,False,Clear,False,0.0,False,False,1.0,Severe,6.4,69.4,454.7,0.124,0.286,0.912,Heavy congestion detected - signal timing extended and reroute suggested
EVT408083,2025-08-28 08:42:35,Religious Festival,J031,Cubbon Road,24311,Weekday,True,Clear,False,0.0,False,False,1.0,Severe,7.2,73.6,955.2,0.276,0.637,0.854,Festival crowd surge detected - alternate route and extended cycle recommended
EVT408084,2025-08-31 21:22:52,Local Market Day,J012,Koramangala Sony World,3263,Weekend,False,Clear,False,0.0,False,False,0.374,Moderate,31.8,29.0,147.1,0.136,0.315,0.982,Moderate traffic flow - standard adaptive signal timing in effect
EVT408085,2025-03-10 07:29:46,Local Market Day,J030,MG Road,3189,Weekday,False,Clear,False,0.0,False,False,0.579,High,25.6,41.2,255.1,0.195,0.452,0.973,Moderate traffic flow - standard adaptive signal timing in effect
EVT408086,2025-06-29 16:16:41,Political Rally,J011,Indiranagar 100ft Road,22107,Weekend,False,Light Rain,True,4.2,False,False,0.682,High,20.2,48.5,318.4,0.23,0.531,0.915,Heavy rain reducing visibility and grip - reduced speed and longer buffer advised
EVT408087,2026-04-25 10:45:01,Trade Fair,J009,Majestic,6979,Weekend,False,Clear,False,0.0,False,False,0.6,High,21.2,45.3,185.7,0.096,0.221,0.953,Moderate traffic flow - standard adaptive signal timing in effect
EVT408088,2025-07-04 09:58:11,Concert,J020,Malleshwaram Circle,17000,Weekday,False,Clear,False,0.0,False,False,0.873,Severe,13.1,63.9,368.0,0.177,0.408,0.936,Heavy congestion detected - signal timing extended and reroute suggested
EVT408089,2026-03-24 18:13:39,Sports Fixture,J020,Malleshwaram Circle,33350,Weekday,False,Clear,False,0.0,False,False,1.0,Severe,9.7,78.9,537.8,0.217,0.502,0.902,Heavy congestion detected - signal timing extended and reroute suggested
EVT408090,2025-02-01 08:05:29,Local Market Day,J012,Koramangala Sony World,2203,Weekend,False,Clear,False,0.0,False,False,0.728,High,13.9,50.4,260.8,0.117,0.271,0.99,Moderate traffic flow - standard adaptive signal timing in effect
EVT408091,2025-12-02 07:19:15,Sports Fixture,J012,Koramangala Sony World,11393,Weekday,False,Clear,False,0.0,False,False,0.563,High,21.1,38.6,221.3,0.138,0.319,0.96,Moderate traffic flow - standard adaptive signal timing in effect
EVT408092,2025-09-09 13:40:18,Trade Fair,J040,City Market,5876,Weekday,False,Rain,True,15.5,False,False,0.356,Moderate,29.1,22.1,136.9,0.102,0.237,0.9,Light rain detected - minor speed reduction advised
EVT408093,2026-02-15 17:49:23,Sports Fixture,J031,Cubbon Road,15939,Weekend,False,Clear,False,0.0,False,False,0.98,Severe,11.5,69.0,233.0,0.125,0.289,0.921,Heavy congestion detected - signal timing extended and reroute suggested
EVT408094,2025-09-06 06:31:25,Religious Festival,J031,Cubbon Road,46389,Weekend,True,Clear,False,0.0,False,True,1.0,Severe,9.6,100.0,717.3,0.282,0.652,0.812,Road closure for event/procession - full detour recommended for through-traffic
EVT408095,2025-11-17 09:14:40,Trade Fair,J031,Cubbon Road,9610,Weekday,False,Clear,False,0.0,False,False,1.0,Severe,10.2,70.6,281.3,0.099,0.228,0.945,Heavy congestion detected - signal timing extended and reroute suggested
EVT408096,2026-02-21 13:03:30,Sports Fixture,J020,Malleshwaram Circle,16916,Weekend,False,Clear,False,0.0,False,False,0.234,Low,28.0,15.5,165.3,0.121,0.278,0.95,Normal free-flow traffic - standard signal timing maintained
EVT408097,2025-06-21 17:22:03,Local Market Day,J030,MG Road,3102,Weekend,False,Heavy Rain,True,41.9,False,False,1.0,Severe,11.1,70.7,573.2,0.254,0.586,0.889,Heavy rain reducing visibility and grip - reduced speed and longer buffer advised
EVT408098,2026-04-04 22:21:55,Political Rally,J011,Indiranagar 100ft Road,14432,Weekend,False,Clear,False,0.0,False,False,0.302,Low,33.9,22.6,159.4,0.119,0.275,0.983,Moderate traffic flow - standard adaptive signal timing in effect
EVT408099,2026-02-13 18:11:45,Political Rally,J031,Cubbon Road,17913,Weekday,False,Clear,False,0.0,False,False,1.0,Severe,9.3,70.6,481.4,0.189,0.436,0.916,Heavy congestion detected - signal timing extended and reroute suggested
EVT408100,2025-12-31 10:06:40,Local Market Day,J031,Cubbon Road,3774,Weekday,False,Clear,False,0.0,False,False,0.723,High,17.5,49.4,414.0,0.232,0.536,0.931,Moderate traffic flow - standard adaptive signal timing in effect
EVT408101,2025-04-09 14:59:16,Trade Fair,J030,MG Road,5272,Weekday,False,Clear,False,0.0,False,False,0.266,Low,35.4,18.7,61.9,0.052,0.12,0.968,Moderate traffic flow - standard adaptive signal timing in effect
EVT408102,2025-02-14 13:26:38,Trade Fair,J031,Cubbon Road,8827,Weekday,False,Clear,False,0.0,False,False,0.246,Low,38.5,17.6,130.9,0.147,0.341,0.976,Normal free-flow traffic - standard signal timing maintained
EVT408103,2025-04-05 08:52:17,Concert,J011,Indiranagar 100ft Road,11878,Weekend,False,Clear,False,0.0,False,False,0.915,Severe,11.0,66.5,645.5,0.268,0.619,0.945,Heavy congestion detected - signal timing extended and reroute suggested
EVT408104,2025-01-24 06:24:35,Political Rally,J009,Majestic,28545,Weekday,False,Clear,False,0.0,False,False,0.485,Moderate,29.9,36.2,166.1,0.135,0.313,0.967,Moderate traffic flow - standard adaptive signal timing in effect
EVT408105,2025-11-29 11:59:20,Concert,J011,Indiranagar 100ft Road,16508,Weekend,False,Clear,False,0.0,False,False,0.318,Low,30.8,21.5,84.4,0.061,0.141,0.973,Moderate traffic flow - standard adaptive signal timing in effect
EVT408106,2025-05-02 19:08:36,Fireworks Display,J011,Indiranagar 100ft Road,15167,Weekday,True,Light Rain,True,6.8,False,False,1.0,Severe,8.3,66.6,382.7,0.147,0.339,0.809,Festival crowd surge detected - alternate route and extended cycle recommended
EVT408107,2025-05-02 15:38:10,Fireworks Display,J030,MG Road,23476,Weekday,True,Heavy Rain,True,71.9,False,False,1.0,Severe,7.9,75.2,517.4,0.176,0.406,0.825,Festival crowd surge detected - alternate route and extended cycle recommended
EVT408108,2025-09-17 11:51:04,Local Market Day,J011,Indiranagar 100ft Road,5111,Weekday,False,Clear,False,0.0,False,False,0.254,Low,37.6,19.7,49.2,0.068,0.156,0.952,Moderate traffic flow - standard adaptive signal timing in effect
EVT408109,2026-05-21 13:14:43,Local Market Day,J011,Indiranagar 100ft Road,3070,Weekday,False,Clear,False,0.0,False,False,0.177,Low,35.6,10.7,109.4,0.095,0.218,0.956,Normal free-flow traffic - standard signal timing maintained
EVT408110,2026-01-09 07:16:08,Trade Fair,J011,Indiranagar 100ft Road,6474,Weekday,False,Clear,False,0.0,False,False,0.564,High,23.3,43.3,132.5,0.108,0.249,0.973,Moderate traffic flow - standard adaptive signal timing in effect
EVT408111,2026-05-05 15:15:03,Local Market Day,J030,MG Road,3796,Weekday,False,Clear,False,0.0,False,False,0.315,Low,35.7,21.7,145.5,0.139,0.322,0.955,Moderate traffic flow - standard adaptive signal timing in effect
EVT408112,2025-12-25 19:28:19,Cultural Procession,J031,Cubbon Road,30818,Weekday,True,Clear,False,0.0,False,True,1.0,Severe,7.2,105.4,310.9,0.115,0.265,0.842,Road closure for event/procession - full detour recommended for through-traffic
EVT408113,2026-05-11 20:17:56,Sports Fixture,J023,Basavanagudi,14044,Weekday,False,Clear,False,0.0,False,False,0.637,High,21.8,41.5,137.3,0.1,0.231,0.948,Moderate traffic flow - standard adaptive signal timing in effect
EVT408114,2025-06-08 08:59:46,Local Market Day,J011,Indiranagar 100ft Road,2948,Weekend,False,Heavy Rain,True,34.2,False,False,1.0,Severe,9.0,70.2,580.6,0.226,0.522,0.859,Heavy rain reducing visibility and grip - reduced speed and longer buffer advised
EVT408115,2026-01-13 06:44:01,Local Market Day,J023,Basavanagudi,3336,Weekday,False,Clear,False,0.0,False,False,0.333,Low,30.6,23.6,185.5,0.134,0.309,0.96,Moderate traffic flow - standard adaptive signal timing in effect
EVT408116,2026-06-16 14:53:09,Concert,J031,Cubbon Road,9471,Weekday,False,Clear,False,0.0,False,False,0.331,Low,36.2,24.0,150.5,0.152,0.351,0.963,Moderate traffic flow - standard adaptive signal timing in effect
EVT408117,2026-06-17 17:29:36,Sports Fixture,J023,Basavanagudi,16192,Weekday,False,Fog,False,0.0,False,False,0.975,Severe,7.6,69.1,584.8,0.182,0.42,0.925,Heavy congestion detected - signal timing extended and reroute suggested
EVT408118,2025-05-22 08:21:57,Local Market Day,J012,Koramangala Sony World,1769,Weekday,False,Clear,False,0.0,False,False,0.853,Severe,14.2,64.6,255.2,0.147,0.34,0.949,Heavy congestion detected - signal timing extended and reroute suggested
EVT408119,2025-06-13 08:14:13,Sports Fixture,J031,Cubbon Road,13900,Weekday,False,Clear,False,0.0,False,False,0.953,Severe,10.1,70.9,320.8,0.138,0.318,0.931,Heavy congestion detected - signal timing extended and reroute suggested
EVT408120,2026-02-26 14:32:21,Local Market Day,J031,Cubbon Road,4516,Weekday,False,Clear,False,0.0,False,False,0.329,Low,32.9,20.6,272.7,0.262,0.606,0.97,Moderate traffic flow - standard adaptive signal timing in effect
EVT408121,2025-08-07 17:31:24,Trade Fair,J031,Cubbon Road,8718,Weekday,False,Clear,False,0.0,False,False,0.834,Severe,16.3,61.8,334.8,0.171,0.395,0.958,Heavy congestion detected - signal timing extended and reroute suggested
EVT408122,2026-02-02 14:18:19,Concert,J012,Koramangala Sony World,15550,Weekday,False,Light Rain,True,3.0,False,False,0.339,Low,29.6,21.3,120.0,0.077,0.178,0.928,Light rain detected - minor speed reduction advised
EVT408123,2025-07-31 08:32:54,Trade Fair,J030,MG Road,6480,Weekday,False,Rain,True,21.5,False,False,1.0,Severe,8.3,69.4,685.5,0.236,0.545,0.823,Heavy rain reducing visibility and grip - reduced speed and longer buffer advised
EVT408124,2025-11-08 05:03:58,Local Market Day,J023,Basavanagudi,4000,Weekend,False,Clear,False,0.0,False,False,0.255,Low,32.4,21.9,118.1,0.095,0.22,0.98,Moderate traffic flow - standard adaptive signal timing in effect
EVT408125,2025-06-08 07:03:30,Sports Fixture,J011,Indiranagar 100ft Road,11213,Weekend,False,Rain,True,24.9,False,False,0.788,Severe,19.0,57.1,205.5,0.141,0.326,0.898,Heavy rain reducing visibility and grip - reduced speed and longer buffer advised
EVT408126,2026-03-29 10:03:50,Trade Fair,J040,City Market,13281,Weekend,False,Clear,False,0.0,False,False,0.678,High,19.2,47.5,279.5,0.165,0.382,0.972,Moderate traffic flow - standard adaptive signal timing in effect
EVT408127,2026-03-17 10:26:42,Local Market Day,J009,Majestic,3706,Weekday,False,Clear,False,0.0,False,False,0.639,High,22.1,48.8,245.8,0.166,0.383,0.97,Moderate traffic flow - standard adaptive signal timing in effect
EVT408128,2025-02-13 21:13:35,Trade Fair,J031,Cubbon Road,10792,Weekday,False,Clear,False,0.0,False,False,0.411,Moderate,25.9,22.5,160.7,0.114,0.264,0.941,Moderate traffic flow - standard adaptive signal timing in effect
EVT408129,2025-10-24 17:10:22,Sports Fixture,J031,Cubbon Road,12715,Weekday,False,Clear,False,0.0,False,False,0.83,Severe,13.1,63.1,293.5,0.141,0.327,0.939,Heavy congestion detected - signal timing extended and reroute suggested
EVT408130,2025-11-30 20:12:21,Local Market Day,J020,Malleshwaram Circle,10367,Weekend,False,Clear,False,0.0,False,False,0.598,High,17.6,37.5,342.7,0.188,0.434,0.947,Moderate traffic flow - standard adaptive signal timing in effect
EVT408131,2026-05-07 05:14:23,Sports Fixture,J040,City Market,23398,Weekday,False,Clear,False,0.0,False,False,0.278,Low,37.0,25.2,159.3,0.142,0.328,0.961,Moderate traffic flow - standard adaptive signal timing in effect
EVT408132,2026-01-04 13:01:44,Local Market Day,J012,Koramangala Sony World,3370,Weekend,False,Clear,False,0.0,False,False,0.181,Low,37.4,6.1,92.6,0.112,0.259,0.957,Normal free-flow traffic - standard signal timing maintained
EVT408133,2025-08-23 20:19:36,Local Market Day,J031,Cubbon Road,4948,Weekend,False,Heavy Rain,True,56.1,False,False,0.928,Severe,12.7,67.2,493.7,0.253,0.585,0.866,Heavy rain reducing visibility and grip - reduced speed and longer buffer advised
EVT408134,2026-06-08 18:39:26,Sports Fixture,J030,MG Road,14271,Weekday,False,Heavy Rain,True,52.0,False,False,1.0,Severe,8.8,71.4,457.0,0.185,0.427,0.857,Heavy rain reducing visibility and grip - reduced speed and longer buffer advised
EVT408135,2026-02-01 17:02:32,Local Market Day,J031,Cubbon Road,5232,Weekend,False,Clear,False,0.0,False,False,0.67,High,22.4,49.4,220.7,0.162,0.374,0.966,Moderate traffic flow - standard adaptive signal timing in effect
EVT408136,2026-01-25 08:03:20,Trade Fair,J009,Majestic,16072,Weekend,False,Clear,False,0.0,False,False,0.838,Severe,15.0,55.8,292.2,0.13,0.3,0.915,Heavy congestion detected - signal timing extended and reroute suggested
EVT408137,2026-02-22 17:10:03,Sports Fixture,J011,Indiranagar 100ft Road,21327,Weekend,False,Fog,False,0.0,False,False,0.789,Severe,16.1,53.9,210.6,0.118,0.272,0.966,Heavy congestion detected - signal timing extended and reroute suggested
EVT408138,2026-05-09 15:34:37,Concert,J023,Basavanagudi,10309,Weekend,False,Clear,False,0.0,False,False,0.429,Moderate,24.3,31.8,216.6,0.138,0.318,0.96,Moderate traffic flow - standard adaptive signal timing in effect
EVT408139,2025-05-02 14:22:16,Fireworks Display,J009,Majestic,30001,Weekday,True,Clear,False,0.0,False,False,0.578,High,19.2,42.8,191.3,0.116,0.269,0.912,Festival crowd surge detected - alternate route and extended cycle recommended
EVT408140,2025-10-26 18:52:32,Sports Fixture,J040,City Market,23679,Weekend,False,Clear,False,0.0,False,False,0.952,Severe,8.4,69.0,210.5,0.097,0.224,0.933,Heavy congestion detected - signal timing extended and reroute suggested
EVT408141,2025-05-25 17:32:07,Trade Fair,J031,Cubbon Road,8726,Weekend,False,Clear,False,0.0,False,False,0.805,Severe,13.2,57.0,225.0,0.115,0.266,0.958,Heavy congestion detected - signal timing extended and reroute suggested
EVT408142,2025-01-18 09:16:08,Sports Fixture,J009,Majestic,28101,Weekend,False,Clear,False,0.0,False,False,1.0,Severe,8.1,69.0,563.6,0.179,0.414,0.903,Heavy congestion detected - signal timing extended and reroute suggested
EVT408143,2026-06-24 17:22:44,Sports Fixture,J040,City Market,43238,Weekday,False,Clear,False,0.0,False,False,0.996,Severe,8.4,68.0,443.6,0.155,0.359,0.896,Heavy congestion detected - signal timing extended and reroute suggested
EVT408144,2026-03-19 15:29:59,Religious Festival,J031,Cubbon Road,41752,Weekday,True,Clear,False,0.0,False,False,0.747,High,18.3,51.8,191.3,0.116,0.269,0.917,Festival crowd surge detected - alternate route and extended cycle recommended
EVT408145,2025-07-17 10:30:39,Trade Fair,J040,City Market,7387,Weekday,False,Heavy Rain,True,110.0,False,False,0.927,Severe,11.1,62.9,490.4,0.196,0.453,0.894,Heavy rain reducing visibility and grip - reduced speed and longer buffer advised
EVT408146,2025-01-23 09:07:08,Local Market Day,J030,MG Road,2407,Weekday,False,Clear,False,0.0,False,False,1.0,Severe,8.8,78.0,582.0,0.217,0.502,0.917,Heavy congestion detected - signal timing extended and reroute suggested
EVT408147,2025-01-19 10:15:46,Political Rally,J020,Malleshwaram Circle,7690,Weekend,False,Clear,False,0.0,False,False,0.68,High,16.9,56.1,291.6,0.154,0.357,0.938,Moderate traffic flow - standard adaptive signal timing in effect
EVT408148,2025-12-26 18:30:44,Religious Festival,J040,City Market,40827,Weekday,True,Clear,False,0.0,False,False,1.0,Severe,7.9,72.1,576.7,0.199,0.459,0.878,Festival crowd surge detected - alternate route and extended cycle recommended
EVT408149,2025-01-14 09:04:10,Cultural Procession,J031,Cubbon Road,15583,Weekday,True,Clear,False,0.0,False,True,1.0,Severe,8.7,94.2,814.9,0.285,0.658,0.849,Road closure for event/procession - full detour recommended for through-traffic
EVT408150,2025-07-01 08:26:58,Concert,J031,Cubbon Road,15897,Weekday,False,Heavy Rain,True,79.1,False,False,1.0,Severe,9.5,72.0,476.9,0.191,0.441,0.876,Heavy rain reducing visibility and grip - reduced speed and longer buffer advised
EVT408151,2025-08-14 07:55:22,Local Market Day,J030,MG Road,7501,Weekday,False,Fog,False,0.0,False,False,0.897,Severe,14.4,60.3,463.9,0.255,0.59,0.927,Heavy congestion detected - signal timing extended and reroute suggested
EVT408152,2025-08-15 16:52:19,Cultural Procession,J040,City Market,14983,Weekday,True,Clear,False,0.0,False,True,1.0,Severe,8.1,107.4,540.6,0.203,0.468,0.851,Road closure for event/procession - full detour recommended for through-traffic
EVT408153,2025-08-31 17:24:45,Concert,J040,City Market,23065,Weekend,False,Clear,False,0.0,False,False,0.833,Severe,13.0,59.1,345.6,0.163,0.376,0.959,Heavy congestion detected - signal timing extended and reroute suggested
EVT408154,2025-02-13 11:57:59,Sports Fixture,J009,Majestic,16499,Weekday,False,Clear,False,0.0,False,False,0.293,Low,27.1,20.0,92.0,0.062,0.143,0.965,Moderate traffic flow - standard adaptive signal timing in effect
EVT408155,2026-03-20 19:36:45,Cultural Procession,J040,City Market,14373,Weekday,True,Fog,False,0.0,False,True,1.0,Severe,8.6,95.0,369.4,0.132,0.306,0.834,Road closure for event/procession - full detour recommended for through-traffic
EVT408156,2025-07-01 08:01:44,Sports Fixture,J031,Cubbon Road,34261,Weekday,False,Rain,True,13.0,False,False,1.0,Severe,7.1,77.0,661.3,0.196,0.453,0.888,Heavy rain reducing visibility and grip - reduced speed and longer buffer advised
EVT408157,2025-01-23 20:24:10,Sports Fixture,J023,Basavanagudi,26589,Weekday,False,Clear,False,0.0,False,False,0.839,Severe,13.5,65.2,412.5,0.204,0.472,0.945,Heavy congestion detected - signal timing extended and reroute suggested
EVT408158,2026-05-08 16:05:14,Concert,J040,City Market,8683,Weekday,False,Light Rain,True,3.7,False,False,0.556,High,20.8,41.1,318.8,0.214,0.495,0.913,Heavy rain reducing visibility and grip - reduced speed and longer buffer advised
EVT408159,2026-03-16 16:00:26,Sports Fixture,J012,Koramangala Sony World,17125,Weekday,False,Clear,False,0.0,False,False,0.499,Moderate,24.2,26.8,137.7,0.087,0.2,0.943,Moderate traffic flow - standard adaptive signal timing in effect
EVT408160,2026-01-28 19:30:48,Political Rally,J023,Basavanagudi,19929,Weekday,False,Clear,False,0.0,False,False,0.979,Severe,8.7,72.7,443.3,0.154,0.355,0.93,Heavy congestion detected - signal timing extended and reroute suggested
EVT408161,2025-02-10 19:18:50,Local Market Day,J030,MG Road,3120,Weekday,False,Clear,False,0.0,False,False,0.8,Severe,13.9,54.3,234.6,0.131,0.302,0.976,Heavy congestion detected - signal timing extended and reroute suggested
EVT408162,2025-08-07 15:56:27,Local Market Day,J011,Indiranagar 100ft Road,4317,Weekday,False,Clear,False,0.0,False,False,0.38,Moderate,30.7,29.9,135.7,0.111,0.257,0.936,Moderate traffic flow - standard adaptive signal timing in effect
EVT408163,2025-08-02 09:44:16,Sports Fixture,J031,Cubbon Road,27950,Weekend,False,Clear,False,0.0,False,False,0.975,Severe,10.7,73.9,354.9,0.147,0.34,0.934,Heavy congestion detected - signal timing extended and reroute suggested
EVT408164,2026-04-30 18:31:04,Concert,J012,Koramangala Sony World,6473,Weekday,False,Clear,False,0.0,False,False,1.0,Severe,8.5,68.9,301.9,0.115,0.265,0.928,Heavy congestion detected - signal timing extended and reroute suggested
EVT408165,2026-01-15 08:12:44,Religious Festival,J009,Majestic,31026,Weekday,True,Clear,False,0.0,False,False,1.0,Severe,8.7,68.8,781.7,0.277,0.64,0.882,Festival crowd surge detected - alternate route and extended cycle recommended
EVT408166,2026-04-18 08:09:14,Sports Fixture,J012,Koramangala Sony World,23468,Weekend,False,Rain,True,7.5,False,False,0.911,Severe,10.6,62.0,418.6,0.159,0.367,0.874,Heavy rain reducing visibility and grip - reduced speed and longer buffer advised
EVT408167,2026-03-04 12:00:02,Religious Festival,J020,Malleshwaram Circle,58485,Weekday,True,Clear,False,0.0,False,False,0.766,Severe,16.5,53.5,480.2,0.269,0.621,0.945,Festival crowd surge detected - alternate route and extended cycle recommended
EVT408168,2026-02-20 20:30:08,Sports Fixture,J009,Majestic,20572,Weekday,False,Clear,False,0.0,False,False,0.627,High,24.5,44.6,146.9,0.112,0.26,0.965,Moderate traffic flow - standard adaptive signal timing in effect
EVT408169,2026-05-24 18:29:41,Local Market Day,J030,MG Road,3574,Weekend,False,Clear,False,0.0,False,False,0.791,Severe,14.5,55.1,342.1,0.175,0.405,0.942,Heavy congestion detected - signal timing extended and reroute suggested
EVT408170,2025-06-28 21:04:19,Concert,J020,Malleshwaram Circle,14252,Weekend,False,Clear,False,0.0,False,False,0.49,Moderate,27.5,36.5,154.3,0.117,0.27,0.948,Moderate traffic flow - standard adaptive signal timing in effect
EVT408171,2026-04-03 21:30:29,Local Market Day,J020,Malleshwaram Circle,3654,Weekday,False,Clear,False,0.0,False,False,0.31,Low,31.4,17.7,108.4,0.09,0.207,0.956,Moderate traffic flow - standard adaptive signal timing in effect
EVT408172,2025-07-16 10:18:12,Concert,J009,Majestic,8835,Weekday,False,Rain,True,20.2,False,False,0.951,Severe,9.9,62.0,369.8,0.144,0.333,0.863,Heavy rain reducing visibility and grip - reduced speed and longer buffer advised
EVT408173,2025-05-12 15:14:56,Local Market Day,J020,Malleshwaram Circle,3567,Weekday,False,Rain,True,12.2,False,False,0.291,Low,34.7,20.0,140.4,0.127,0.293,0.907,Light rain detected - minor speed reduction advised
EVT408174,2025-11-29 15:29:51,Concert,J023,Basavanagudi,12223,Weekend,False,Fog,False,0.0,False,False,0.407,Moderate,30.1,27.8,133.2,0.112,0.258,0.966,Moderate traffic flow - standard adaptive signal timing in effect
EVT408175,2025-05-11 15:09:47,Trade Fair,J012,Koramangala Sony World,6278,Weekend,False,Clear,False,0.0,False,False,0.35,Low,29.4,24.6,204.8,0.166,0.383,0.975,Moderate traffic flow - standard adaptive signal timing in effect
EVT408176,2025-08-16 16:45:09,Religious Festival,J012,Koramangala Sony World,43278,Weekend,True,Clear,False,0.0,False,True,1.0,Severe,9.5,109.7,464.6,0.193,0.447,0.846,Road closure for event/procession - full detour recommended for through-traffic
EVT408177,2025-08-19 13:50:44,Sports Fixture,J031,Cubbon Road,39093,Weekday,False,Clear,False,0.0,False,False,0.394,Moderate,28.1,29.1,168.7,0.121,0.279,0.96,Moderate traffic flow - standard adaptive signal timing in effect
EVT408178,2025-11-25 02:22:53,Sports Fixture,J023,Basavanagudi,15483,Weekday,False,Clear,False,0.0,False,False,0.111,Low,34.8,6.6,160.8,0.139,0.322,0.976,Normal free-flow traffic - standard signal timing maintained
EVT408179,2025-07-14 21:09:08,Political Rally,J030,MG Road,21852,Weekday,False,Heavy Rain,True,31.0,False,False,0.842,Severe,11.9,60.4,497.3,0.221,0.51,0.898,Heavy rain reducing visibility and grip - reduced speed and longer buffer advised
EVT408180,2025-04-25 11:32:08,Local Market Day,J023,Basavanagudi,7560,Weekday,False,Clear,False,0.0,False,False,0.367,Moderate,38.7,19.4,105.9,0.125,0.289,0.99,Moderate traffic flow - standard adaptive signal timing in effect
EVT408181,2025-10-07 17:34:38,Local Market Day,J009,Majestic,6593,Weekday,False,Fog,False,0.0,False,False,0.855,Severe,15.2,60.1,257.7,0.13,0.301,0.948,Heavy congestion detected - signal timing extended and reroute suggested
EVT408182,2026-06-12 19:33:43,Concert,J009,Majestic,14811,Weekday,False,Clear,False,0.0,False,False,0.965,Severe,9.0,69.2,394.7,0.165,0.38,0.921,Heavy congestion detected - signal timing extended and reroute suggested
EVT408183,2025-11-09 17:52:58,Sports Fixture,J031,Cubbon Road,33994,Weekend,False,Clear,False,0.0,False,False,1.0,Severe,5.7,78.6,967.6,0.234,0.541,0.93,Heavy congestion detected - signal timing extended and reroute suggested
EVT408184,2026-01-15 12:13:28,Fireworks Display,J023,Basavanagudi,20882,Weekday,True,Clear,False,0.0,False,False,0.562,High,25.3,36.6,276.0,0.227,0.525,0.907,Festival crowd surge detected - alternate route and extended cycle recommended
EVT408185,2026-02-06 08:41:34,Local Market Day,J020,Malleshwaram Circle,5243,Weekday,False,Clear,False,0.0,False,False,0.969,Severe,9.5,68.8,388.5,0.164,0.379,0.922,Heavy congestion detected - signal timing extended and reroute suggested
EVT408186,2025-10-27 07:53:09,Concert,J011,Indiranagar 100ft Road,6502,Weekday,False,Heavy Rain,True,56.3,False,False,1.0,Severe,9.5,67.5,464.2,0.19,0.438,0.859,Heavy rain reducing visibility and grip - reduced speed and longer buffer advised
EVT408187,2025-06-02 16:18:43,Sports Fixture,J023,Basavanagudi,16739,Weekday,False,Clear,False,0.0,False,False,0.691,High,22.9,45.6,151.3,0.117,0.271,0.959,Moderate traffic flow - standard adaptive signal timing in effect
EVT408188,2025-04-26 10:17:13,Sports Fixture,J011,Indiranagar 100ft Road,35012,Weekend,False,Light Rain,True,6.2,False,False,0.911,Severe,12.0,64.2,322.7,0.154,0.356,0.854,Heavy rain reducing visibility and grip - reduced speed and longer buffer advised
EVT408189,2026-02-02 15:08:20,Local Market Day,J020,Malleshwaram Circle,6008,Weekday,False,Clear,False,0.0,False,False,0.281,Low,29.1,16.3,195.0,0.149,0.345,0.957,Moderate traffic flow - standard adaptive signal timing in effect
EVT408190,2025-11-26 08:15:18,Sports Fixture,J031,Cubbon Road,17147,Weekday,False,Clear,False,0.0,False,False,0.968,Severe,7.9,67.5,927.9,0.292,0.674,0.922,Heavy congestion detected - signal timing extended and reroute suggested
EVT408191,2026-02-04 17:38:26,Sports Fixture,J023,Basavanagudi,11196,Weekday,False,Clear,False,0.0,False,False,0.849,Severe,17.4,62.9,484.1,0.295,0.682,0.944,Heavy congestion detected - signal timing extended and reroute suggested
EVT408192,2025-01-03 21:25:41,Concert,J011,Indiranagar 100ft Road,13958,Weekday,False,Clear,False,0.0,False,False,0.368,Moderate,33.9,19.1,148.0,0.138,0.318,0.97,Moderate traffic flow - standard adaptive signal timing in effect
EVT408193,2025-10-12 15:00:47,Sports Fixture,J023,Basavanagudi,26488,Weekend,False,Clear,False,0.0,False,False,0.425,Moderate,23.2,32.1,181.4,0.125,0.288,0.99,Moderate traffic flow - standard adaptive signal timing in effect
EVT408194,2026-06-03 09:21:27,Concert,J020,Malleshwaram Circle,13997,Weekday,False,Clear,False,0.0,False,False,1.0,Severe,8.4,70.4,490.0,0.193,0.446,0.906,Heavy congestion detected - signal timing extended and reroute suggested
EVT408195,2025-05-10 10:39:14,Concert,J031,Cubbon Road,16869,Weekend,False,Clear,False,0.0,False,False,0.632,High,18.3,41.0,271.7,0.162,0.373,0.98,Moderate traffic flow - standard adaptive signal timing in effect
EVT408196,2026-03-01 19:02:10,Trade Fair,J012,Koramangala Sony World,8916,Weekend,False,Clear,False,0.0,False,False,0.829,Severe,13.6,53.2,467.5,0.198,0.458,0.929,Heavy congestion detected - signal timing extended and reroute suggested
EVT408197,2025-04-10 18:08:21,Trade Fair,J011,Indiranagar 100ft Road,9086,Weekday,False,Clear,False,0.0,False,False,1.0,Severe,10.4,71.3,506.5,0.22,0.509,0.909,Heavy congestion detected - signal timing extended and reroute suggested
EVT408198,2026-03-05 20:42:43,Religious Festival,J009,Majestic,55175,Weekday,True,Clear,False,0.0,False,False,1.0,Severe,8.0,68.3,517.5,0.171,0.395,0.85,Festival crowd surge detected - alternate route and extended cycle recommended
EVT408199,2025-12-14 07:59:59,Sports Fixture,J040,City Market,20042,Weekend,False,Clear,False,0.0,False,False,0.796,Severe,18.5,55.2,218.1,0.139,0.321,0.957,Heavy congestion detected - signal timing extended and reroute suggested
EVT408200,2026-05-31 07:53:42,Trade Fair,J031,Cubbon Road,10249,Weekend,False,Rain,True,9.7,False,False,0.865,Severe,14.2,59.9,302.6,0.168,0.389,0.902,Heavy rain reducing visibility and grip - reduced speed and longer buffer advised
EVT408201,2026-06-10 12:09:40,Concert,J023,Basavanagudi,15209,Weekday,False,Clear,False,0.0,False,False,0.236,Low,33.0,14.5,202.4,0.178,0.411,0.945,Normal free-flow traffic - standard signal timing maintained
EVT408202,2025-01-30 19:27:30,Local Market Day,J011,Indiranagar 100ft Road,3839,Weekday,False,Clear,False,0.0,False,False,0.938,Severe,11.8,61.6,436.7,0.205,0.475,0.918,Heavy congestion detected - signal timing extended and reroute suggested
EVT408203,2025-10-11 08:56:04,Trade Fair,J031,Cubbon Road,10397,Weekend,False,Heavy Rain,True,36.7,False,False,1.0,Severe,9.1,72.2,458.6,0.152,0.351,0.876,Heavy rain reducing visibility and grip - reduced speed and longer buffer advised
EVT408204,2025-09-01 08:25:12,Concert,J030,MG Road,12304,Weekday,False,Clear,False,0.0,False,False,0.999,Severe,9.9,76.3,307.7,0.132,0.305,0.922,Heavy congestion detected - signal timing extended and reroute suggested
EVT408205,2025-10-12 13:29:36,Political Rally,J009,Majestic,17746,Weekend,False,Clear,False,0.0,False,False,0.341,Low,28.3,18.4,116.1,0.104,0.239,0.966,Moderate traffic flow - standard adaptive signal timing in effect
EVT408206,2025-07-20 16:39:40,Local Market Day,J040,City Market,5087,Weekend,False,Rain,True,9.2,True,False,1.0,Severe,8.0,71.2,690.1,0.227,0.524,0.714,Accident detected nearby - reroute and reduced speed advised
EVT408207,2026-06-23 14:50:46,Trade Fair,J030,MG Road,10338,Weekday,False,Clear,False,0.0,False,False,0.268,Low,30.7,16.4,148.9,0.127,0.293,0.954,Moderate traffic flow - standard adaptive signal timing in effect
EVT408208,2026-03-20 18:54:16,Fireworks Display,J031,Cubbon Road,34801,Weekday,True,Clear,False,0.0,False,False,1.0,Severe,7.7,73.9,717.8,0.218,0.503,0.876,Festival crowd surge detected - alternate route and extended cycle recommended
EVT408209,2026-02-20 09:26:44,Concert,J040,City Market,5822,Weekday,False,Clear,False,0.0,False,False,0.903,Severe,11.8,61.4,443.5,0.197,0.455,0.959,Heavy congestion detected - signal timing extended and reroute suggested
EVT408210,2025-05-08 11:17:16,Trade Fair,J020,Malleshwaram Circle,6591,Weekday,False,Light Rain,True,3.0,False,False,0.371,Moderate,22.3,26.1,173.4,0.111,0.256,0.926,Light rain detected - minor speed reduction advised
EVT408211,2025-11-21 08:45:22,Concert,J012,Koramangala Sony World,7338,Weekday,False,Clear,False,0.0,False,False,1.0,Severe,9.6,61.2,570.3,0.197,0.455,0.93,Heavy congestion detected - signal timing extended and reroute suggested
EVT408212,2025-11-01 19:25:12,Religious Festival,J012,Koramangala Sony World,63419,Weekend,True,Clear,False,0.0,False,False,1.0,Severe,7.3,75.1,612.8,0.212,0.491,0.871,Festival crowd surge detected - alternate route and extended cycle recommended
EVT408213,2025-06-01 17:21:59,Political Rally,J009,Majestic,17106,Weekend,False,Fog,False,0.0,False,False,0.809,Severe,15.0,52.9,291.1,0.152,0.352,0.96,Heavy congestion detected - signal timing extended and reroute suggested
EVT408214,2025-11-08 10:36:59,Local Market Day,J012,Koramangala Sony World,2756,Weekend,False,Clear,False,0.0,False,False,0.539,Moderate,24.3,39.8,205.1,0.165,0.38,0.99,Moderate traffic flow - standard adaptive signal timing in effect
EVT408215,2025-12-08 08:20:32,Local Market Day,J009,Majestic,1996,Weekday,False,Clear,False,0.0,False,False,0.996,Severe,7.9,75.3,476.7,0.159,0.366,0.922,Heavy congestion detected - signal timing extended and reroute suggested
EVT408216,2025-12-18 16:29:10,Local Market Day,J009,Majestic,2520,Weekday,False,Clear,False,0.0,False,False,0.486,Moderate,25.7,32.1,213.4,0.159,0.368,0.949,Moderate traffic flow - standard adaptive signal timing in effect
EVT408217,2026-03-06 17:18:53,Local Market Day,J030,MG Road,2680,Weekday,False,Fog,False,0.0,False,False,0.842,Severe,12.3,64.6,290.8,0.131,0.303,0.946,Heavy congestion detected - signal timing extended and reroute suggested
EVT408218,2025-11-01 18:26:28,Religious Festival,J020,Malleshwaram Circle,55179,Weekend,True,Clear,False,0.0,False,True,1.0,Severe,7.6,100.9,643.9,0.221,0.511,0.821,Road closure for event/procession - full detour recommended for through-traffic
EVT408219,2025-05-06 20:03:33,Sports Fixture,J031,Cubbon Road,27733,Weekday,False,Clear,False,0.0,False,False,0.86,Severe,12.8,65.5,436.7,0.199,0.459,0.97,Heavy congestion detected - signal timing extended and reroute suggested
EVT408220,2026-01-16 11:30:20,Sports Fixture,J031,Cubbon Road,31460,Weekday,False,Clear,False,0.0,False,False,0.461,Moderate,27.3,40.4,76.2,0.059,0.136,0.973,Moderate traffic flow - standard adaptive signal timing in effect
EVT408221,2025-04-16 09:00:06,Trade Fair,J012,Koramangala Sony World,8246,Weekday,False,Clear,False,0.0,False,False,1.0,Severe,7.2,72.3,897.9,0.284,0.655,0.885,Heavy congestion detected - signal timing extended and reroute suggested
EVT408222,2025-03-25 16:07:36,Trade Fair,J020,Malleshwaram Circle,9749,Weekday,False,Clear,False,0.0,False,False,0.473,Moderate,26.6,29.3,157.6,0.107,0.247,0.955,Moderate traffic flow - standard adaptive signal timing in effect
EVT408223,2025-12-20 18:22:39,Trade Fair,J023,Basavanagudi,6577,Weekend,False,Clear,False,0.0,False,False,0.86,Severe,13.9,52.4,568.1,0.283,0.653,0.946,Heavy congestion detected - signal timing extended and reroute suggested
EVT408224,2025-05-16 08:19:56,Sports Fixture,J030,MG Road,16261,Weekday,False,Clear,False,0.0,False,False,0.934,Severe,10.5,63.9,569.4,0.246,0.567,0.929,Heavy congestion detected - signal timing extended and reroute suggested
EVT408225,2026-02-18 18:56:42,Trade Fair,J009,Majestic,15232,Weekday,False,Clear,False,0.0,False,False,1.0,Severe,9.7,69.4,479.8,0.18,0.417,0.918,Heavy congestion detected - signal timing extended and reroute suggested
EVT408226,2025-06-07 11:52:29,Local Market Day,J009,Majestic,4840,Weekend,False,Rain,True,15.0,False,False,0.497,Moderate,23.4,38.0,261.4,0.181,0.417,0.913,Light rain detected - minor speed reduction advised
EVT408227,2025-10-25 22:35:13,Local Market Day,J030,MG Road,3663,Weekend,False,Clear,False,0.0,False,False,0.196,Low,35.7,15.2,113.5,0.101,0.234,0.957,Normal free-flow traffic - standard signal timing maintained
EVT408228,2025-01-21 17:28:36,Concert,J009,Majestic,8823,Weekday,False,Clear,False,0.0,False,False,0.907,Severe,9.1,62.9,667.8,0.22,0.509,0.95,Heavy congestion detected - signal timing extended and reroute suggested
EVT408229,2025-05-29 20:03:30,Concert,J040,City Market,22490,Weekday,False,Clear,False,0.0,False,False,0.753,Severe,16.1,52.2,298.9,0.179,0.414,0.963,Heavy congestion detected - signal timing extended and reroute suggested
EVT408230,2025-02-25 17:49:23,Sports Fixture,J009,Majestic,17214,Weekday,False,Clear,False,0.0,False,False,0.966,Severe,10.8,72.9,419.9,0.171,0.394,0.934,Heavy congestion detected - signal timing extended and reroute suggested
EVT408231,2025-03-19 09:24:40,Trade Fair,J012,Koramangala Sony World,6760,Weekday,False,Clear,False,0.0,False,False,0.999,Severe,9.5,66.3,224.6,0.092,0.213,0.889,Heavy congestion detected - signal timing extended and reroute suggested
EVT408232,2026-03-26 17:08:22,Religious Festival,J020,Malleshwaram Circle,36652,Weekday,True,Clear,False,0.0,False,False,1.0,Severe,6.7,71.2,750.8,0.209,0.484,0.866,Festival crowd surge detected - alternate route and extended cycle recommended
EVT408233,2025-09-13 06:49:53,Local Market Day,J023,Basavanagudi,5878,Weekend,False,Rain,True,15.2,False,False,0.552,High,25.2,47.3,212.9,0.176,0.406,0.951,Heavy rain reducing visibility and grip - reduced speed and longer buffer advised
EVT408234,2025-07-18 18:05:09,Local Market Day,J020,Malleshwaram Circle,4260,Weekday,False,Clear,False,0.0,False,False,0.985,Severe,10.2,73.2,194.2,0.12,0.277,0.907,Heavy congestion detected - signal timing extended and reroute suggested
EVT408235,2026-04-24 19:08:11,Concert,J009,Majestic,8650,Weekday,False,Rain,True,8.2,False,False,1.0,Severe,6.6,70.9,671.1,0.201,0.465,0.89,Heavy rain reducing visibility and grip - reduced speed and longer buffer advised
EVT408236,2025-01-27 18:33:23,Religious Festival,J012,Koramangala Sony World,34957,Weekday,True,Clear,False,0.0,False,True,1.0,Severe,8.1,102.1,636.0,0.244,0.565,0.858,Road closure for event/procession - full detour recommended for through-traffic
EVT408237,2025-01-21 09:23:35,Local Market Day,J030,MG Road,4892,Weekday,False,Clear,False,0.0,False,False,0.967,Severe,7.5,69.3,734.8,0.232,0.535,0.933,Heavy congestion detected - signal timing extended and reroute suggested
EVT408238,2025-12-12 09:24:47,Local Market Day,J011,Indiranagar 100ft Road,5911,Weekday,False,Clear,False,0.0,False,False,0.969,Severe,7.7,70.1,824.9,0.273,0.631,0.937,Heavy congestion detected - signal timing extended and reroute suggested
EVT408239,2025-04-07 05:57:49,Religious Festival,J031,Cubbon Road,55531,Weekday,True,Clear,False,0.0,False,True,0.908,Severe,13.3,82.6,176.5,0.1,0.23,0.877,Road closure for event/procession - full detour recommended for through-traffic
EVT408240,2026-05-02 15:04:01,Cultural Procession,J011,Indiranagar 100ft Road,29088,Weekend,True,Clear,False,0.0,False,True,0.802,High,16.3,78.6,293.4,0.177,0.408,0.857,Road closure for event/procession - full detour recommended for through-traffic
EVT408241,2026-01-08 08:37:20,Concert,J009,Majestic,23567,Weekday,False,Clear,False,0.0,False,False,1.0,Severe,9.1,68.4,644.5,0.242,0.558,0.905,Heavy congestion detected - signal timing extended and reroute suggested
EVT408242,2025-05-22 06:44:24,Sports Fixture,J011,Indiranagar 100ft Road,26856,Weekday,False,Clear,False,0.0,False,False,0.545,Moderate,25.9,40.2,154.1,0.113,0.261,0.977,Moderate traffic flow - standard adaptive signal timing in effect
EVT408243,2025-09-19 16:24:05,Trade Fair,J031,Cubbon Road,4700,Weekday,False,Clear,False,0.0,False,False,0.529,Moderate,26.8,41.0,101.1,0.08,0.185,0.976,Moderate traffic flow - standard adaptive signal timing in effect
EVT408244,2025-08-09 16:43:11,Trade Fair,J020,Malleshwaram Circle,7598,Weekend,False,Heavy Rain,True,44.7,False,False,1.0,Severe,7.6,72.6,534.2,0.174,0.403,0.842,Heavy rain reducing visibility and grip - reduced speed and longer buffer advised
EVT408245,2026-06-01 17:19:56,Political Rally,J040,City Market,15716,Weekday,False,Heavy Rain,True,37.4,False,False,1.0,Severe,8.9,67.7,480.2,0.187,0.433,0.888,Heavy rain reducing visibility and grip - reduced speed and longer buffer advised
EVT408246,2026-05-13 01:35:40,Local Market Day,J023,Basavanagudi,3839,Weekday,False,Clear,False,0.0,False,False,0.212,Low,30.4,19.5,151.1,0.105,0.243,0.967,Normal free-flow traffic - standard signal timing maintained
EVT408247,2025-06-14 09:40:57,Trade Fair,J011,Indiranagar 100ft Road,7761,Weekend,False,Heavy Rain,True,58.4,False,False,1.0,Severe,10.5,72.2,497.2,0.218,0.504,0.85,Heavy rain reducing visibility and grip - reduced speed and longer buffer advised
EVT408248,2025-05-11 15:43:26,Local Market Day,J020,Malleshwaram Circle,7432,Weekend,False,Clear,False,0.0,False,False,0.424,Moderate,26.6,30.5,97.8,0.071,0.165,0.947,Moderate traffic flow - standard adaptive signal timing in effect
EVT408249,2025-06-17 07:03:08,Concert,J020,Malleshwaram Circle,9554,Weekday,False,Clear,False,0.0,False,False,0.449,Moderate,30.0,32.7,166.1,0.116,0.267,0.963,Moderate traffic flow - standard adaptive signal timing in effect
EVT408250,2026-01-02 15:43:42,Cultural Procession,J030,MG Road,21934,Weekday,True,Clear,False,0.0,False,False,0.759,Severe,16.1,54.9,369.9,0.221,0.511,0.942,Festival crowd surge detected - alternate route and extended cycle recommended
EVT408251,2026-04-12 14:03:10,Concert,J023,Basavanagudi,6555,Weekend,False,Clear,False,0.0,False,False,0.251,Low,37.0,22.0,153.2,0.153,0.354,0.986,Moderate traffic flow - standard adaptive signal timing in effect
EVT408252,2026-03-21 19:55:44,Concert,J031,Cubbon Road,17246,Weekend,False,Fog,False,0.0,False,False,0.821,Severe,17.4,56.0,254.4,0.167,0.385,0.958,Heavy congestion detected - signal timing extended and reroute suggested
EVT408253,2025-07-24 19:33:47,Trade Fair,J009,Majestic,10127,Weekday,False,Clear,False,0.0,False,False,0.836,Severe,12.8,64.0,247.5,0.13,0.3,0.938,Heavy congestion detected - signal timing extended and reroute suggested
EVT408254,2025-10-21 08:00:53,Religious Festival,J040,City Market,105984,Weekday,True,Clear,False,0.0,False,True,1.0,Severe,7.1,97.5,720.8,0.23,0.532,0.836,Road closure for event/procession - full detour recommended for through-traffic
EVT408255,2025-05-11 18:21:29,Trade Fair,J020,Malleshwaram Circle,17027,Weekend,False,Clear,False,0.0,False,False,0.883,Severe,13.9,64.8,343.4,0.18,0.415,0.945,Heavy congestion detected - signal timing extended and reroute suggested
EVT408256,2026-02-25 17:48:26,Local Market Day,J012,Koramangala Sony World,2980,Weekday,False,Clear,False,0.0,False,False,0.956,Severe,10.9,65.9,493.1,0.197,0.455,0.927,Heavy congestion detected - signal timing extended and reroute suggested
EVT408257,2025-07-15 15:30:23,Sports Fixture,J012,Koramangala Sony World,19136,Weekday,False,Clear,False,0.0,False,False,0.378,Moderate,29.8,26.9,199.2,0.174,0.401,0.947,Moderate traffic flow - standard adaptive signal timing in effect
EVT408258,2025-12-23 16:59:17,Sports Fixture,J020,Malleshwaram Circle,16390,Weekday,False,Clear,False,0.0,False,False,0.718,High,18.9,56.3,234.3,0.149,0.343,0.961,Moderate traffic flow - standard adaptive signal timing in effect
EVT408259,2025-07-16 19:31:20,Sports Fixture,J023,Basavanagudi,24743,Weekday,False,Heavy Rain,True,39.3,False,False,1.0,Severe,7.4,71.6,593.9,0.195,0.451,0.851,Heavy rain reducing visibility and grip - reduced speed and longer buffer advised
EVT408260,2025-12-24 15:39:55,Political Rally,J031,Cubbon Road,17590,Weekday,False,Clear,False,0.0,False,False,0.418,Moderate,24.9,27.4,293.8,0.227,0.523,0.972,Moderate traffic flow - standard adaptive signal timing in effect
EVT408261,2025-07-04 10:35:06,Concert,J030,MG Road,8665,Weekday,False,Clear,False,0.0,False,False,0.59,High,22.5,43.1,245.2,0.192,0.444,0.945,Moderate traffic flow - standard adaptive signal timing in effect
EVT408262,2025-06-08 08:01:29,Local Market Day,J031,Cubbon Road,2611,Weekend,False,Clear,False,0.0,False,False,0.664,High,18.0,48.1,318.7,0.195,0.45,0.968,Moderate traffic flow - standard adaptive signal timing in effect
EVT408263,2025-03-05 14:00:09,Local Market Day,J030,MG Road,3817,Weekday,False,Clear,False,0.0,False,False,0.182,Low,35.9,9.9,160.4,0.169,0.391,0.959,Normal free-flow traffic - standard signal timing maintained
EVT408264,2025-05-04 07:18:32,Trade Fair,J020,Malleshwaram Circle,12289,Weekend,False,Rain,True,8.6,False,False,0.777,Severe,14.0,52.8,408.8,0.197,0.456,0.911,Heavy rain reducing visibility and grip - reduced speed and longer buffer advised
EVT408265,2026-04-06 09:18:08,Concert,J012,Koramangala Sony World,29898,Weekday,False,Clear,False,0.0,False,False,1.0,Severe,9.5,67.0,375.9,0.135,0.312,0.918,Heavy congestion detected - signal timing extended and reroute suggested
EVT408266,2025-10-25 08:03:31,Political Rally,J011,Indiranagar 100ft Road,8783,Weekend,False,Clear,False,0.0,False,False,0.711,High,14.8,53.8,456.1,0.242,0.56,0.978,Moderate traffic flow - standard adaptive signal timing in effect
EVT408267,2025-09-01 13:59:27,Sports Fixture,J040,City Market,17110,Weekday,False,Rain,True,17.5,False,False,0.448,Moderate,29.8,36.5,145.9,0.121,0.281,0.918,Light rain detected - minor speed reduction advised
EVT408268,2025-04-25 18:07:42,Concert,J009,Majestic,9911,Weekday,False,Clear,False,0.0,False,False,0.95,Severe,11.4,68.7,599.5,0.27,0.624,0.929,Heavy congestion detected - signal timing extended and reroute suggested
EVT408269,2025-04-12 06:28:56,Local Market Day,J020,Malleshwaram Circle,3104,Weekend,False,Light Rain,True,7.2,False,False,0.474,Moderate,23.6,36.0,298.4,0.218,0.503,0.918,Light rain detected - minor speed reduction advised
EVT408270,2025-06-08 08:14:04,Sports Fixture,J009,Majestic,14483,Weekend,False,Light Rain,True,6.7,False,False,0.964,Severe,13.3,68.1,245.0,0.143,0.33,0.89,Heavy rain reducing visibility and grip - reduced speed and longer buffer advised
EVT408271,2025-03-18 11:10:24,Local Market Day,J023,Basavanagudi,4674,Weekday,False,Clear,False,0.0,False,False,0.399,Moderate,27.2,23.2,130.7,0.103,0.239,0.956,Moderate traffic flow - standard adaptive signal timing in effect
EVT408272,2026-03-01 09:30:44,Concert,J031,Cubbon Road,11981,Weekend,False,Clear,False,0.0,False,False,0.854,Severe,15.3,58.2,127.5,0.063,0.145,0.922,Heavy congestion detected - signal timing extended and reroute suggested
EVT408273,2026-02-07 19:17:08,Trade Fair,J030,MG Road,6499,Weekend,False,Light Rain,True,7.2,False,False,0.91,Severe,12.6,62.6,379.3,0.173,0.4,0.895,Heavy rain reducing visibility and grip - reduced speed and longer buffer advised
EVT408274,2026-04-26 20:40:11,Trade Fair,J030,MG Road,9181,Weekend,False,Clear,False,0.0,False,False,0.457,Moderate,25.1,38.4,107.2,0.072,0.167,0.962,Moderate traffic flow - standard adaptive signal timing in effect
EVT408275,2025-02-22 18:19:33,Concert,J030,MG Road,16106,Weekend,False,Clear,False,0.0,False,False,0.906,Severe,13.7,61.9,210.2,0.107,0.247,0.954,Heavy congestion detected - signal timing extended and reroute suggested
EVT408276,2025-04-29 19:44:23,Political Rally,J030,MG Road,8918,Weekday,False,Clear,False,0.0,False,False,0.85,Severe,12.5,56.3,345.2,0.154,0.356,0.975,Heavy congestion detected - signal timing extended and reroute suggested
EVT408277,2026-04-09 17:31:12,Sports Fixture,J030,MG Road,29789,Weekday,False,Clear,False,0.0,False,False,1.0,Severe,8.5,69.7,498.9,0.18,0.416,0.914,Heavy congestion detected - signal timing extended and reroute suggested
EVT408278,2025-08-02 12:26:48,Local Market Day,J009,Majestic,4511,Weekend,False,Clear,False,0.0,False,False,0.246,Low,33.3,24.4,199.9,0.193,0.445,0.932,Normal free-flow traffic - standard signal timing maintained
EVT408279,2025-01-15 17:21:43,Religious Festival,J012,Koramangala Sony World,47433,Weekday,True,Clear,False,0.0,False,True,1.0,Severe,9.4,90.1,582.4,0.238,0.55,0.839,Road closure for event/procession - full detour recommended for through-traffic
EVT408280,2026-02-18 06:36:51,Trade Fair,J040,City Market,10280,Weekday,False,Clear,False,0.0,False,False,0.34,Low,24.8,23.5,185.8,0.151,0.348,0.99,Moderate traffic flow - standard adaptive signal timing in effect
EVT408281,2025-06-24 08:42:21,Local Market Day,J031,Cubbon Road,7056,Weekday,False,Clear,False,0.0,False,False,1.0,Severe,8.4,68.0,651.3,0.231,0.533,0.903,Heavy congestion detected - signal timing extended and reroute suggested
EVT408282,2025-01-20 14:23:46,Sports Fixture,J031,Cubbon Road,27833,Weekday,False,Light Rain,True,0.7,False,False,0.407,Moderate,30.6,30.1,208.6,0.163,0.377,0.92,Light rain detected - minor speed reduction advised
EVT408283,2025-05-23 21:54:48,Sports Fixture,J023,Basavanagudi,31152,Weekday,False,Clear,False,0.0,False,False,0.424,Moderate,18.4,29.4,276.0,0.14,0.324,0.946,Moderate traffic flow - standard adaptive signal timing in effect
EVT408284,2026-06-26 16:14:53,Sports Fixture,J030,MG Road,15761,Weekday,False,Clear,False,0.0,False,False,0.637,High,19.4,49.9,195.4,0.117,0.271,0.945,Moderate traffic flow - standard adaptive signal timing in effect
EVT408285,2026-02-23 08:22:03,Concert,J030,MG Road,18829,Weekday,False,Clear,False,0.0,False,False,1.0,Severe,9.2,73.6,827.8,0.295,0.683,0.916,Heavy congestion detected - signal timing extended and reroute suggested
EVT408286,2025-02-12 20:32:45,Political Rally,J009,Majestic,9862,Weekday,False,Clear,False,0.0,False,False,0.566,High,24.5,44.9,160.2,0.11,0.255,0.972,Moderate traffic flow - standard adaptive signal timing in effect
EVT408287,2025-07-06 18:10:31,Sports Fixture,J040,City Market,13472,Weekend,False,Rain,True,10.9,False,False,1.0,Severe,7.2,73.9,893.0,0.272,0.628,0.852,Heavy rain reducing visibility and grip - reduced speed and longer buffer advised
EVT408288,2025-12-02 04:01:10,Trade Fair,J040,City Market,9351,Weekday,False,Clear,False,0.0,False,False,0.184,Low,31.2,16.6,184.0,0.152,0.352,0.98,Normal free-flow traffic - standard signal timing maintained
EVT408289,2025-07-25 11:55:50,Concert,J030,MG Road,13211,Weekday,False,Rain,True,10.8,False,False,0.418,Moderate,24.8,34.0,141.6,0.106,0.245,0.934,Light rain detected - minor speed reduction advised
EVT408290,2025-08-13 20:32:18,Trade Fair,J030,MG Road,9882,Weekday,False,Heavy Rain,True,28.2,False,False,0.872,Severe,10.5,65.8,510.3,0.208,0.48,0.895,Heavy rain reducing visibility and grip - reduced speed and longer buffer advised
EVT408291,2025-07-21 19:55:41,Local Market Day,J040,City Market,3378,Weekday,False,Clear,False,0.0,False,False,0.745,High,17.7,53.1,371.6,0.236,0.546,0.986,Moderate traffic flow - standard adaptive signal timing in effect
EVT408292,2025-06-26 10:57:59,Concert,J020,Malleshwaram Circle,10966,Weekday,False,Clear,False,0.0,False,False,0.454,Moderate,27.6,39.4,190.0,0.147,0.339,0.97,Moderate traffic flow - standard adaptive signal timing in effect
EVT408293,2025-08-06 16:59:59,Local Market Day,J040,City Market,4913,Weekday,False,Heavy Rain,True,46.9,False,False,1.0,Severe,7.3,70.4,220.5,0.086,0.2,0.863,Heavy rain reducing visibility and grip - reduced speed and longer buffer advised
EVT408294,2025-01-14 18:42:17,Cultural Procession,J012,Koramangala Sony World,24514,Weekday,True,Clear,False,0.0,False,True,1.0,Severe,8.9,105.7,748.0,0.272,0.628,0.826,Road closure for event/procession - full detour recommended for through-traffic
EVT408295,2026-05-12 10:03:42,Trade Fair,J012,Koramangala Sony World,5777,Weekday,False,Rain,True,13.5,False,False,0.965,Severe,10.7,61.9,377.0,0.17,0.393,0.872,Heavy rain reducing visibility and grip - reduced speed and longer buffer advised
EVT408296,2026-05-25 17:27:41,Local Market Day,J030,MG Road,2616,Weekday,False,Clear,False,0.0,False,False,0.892,Severe,14.7,60.1,370.3,0.177,0.408,0.956,Heavy congestion detected - signal timing extended and reroute suggested
EVT408297,2026-04-04 16:53:54,Concert,J009,Majestic,22695,Weekend,False,Clear,False,0.0,False,False,0.689,High,22.5,47.2,261.4,0.19,0.438,0.97,Moderate traffic flow - standard adaptive signal timing in effect
EVT408298,2025-02-09 18:40:04,Political Rally,J011,Indiranagar 100ft Road,31616,Weekend,False,Fog,False,0.0,False,False,1.0,Severe,7.5,76.8,822.1,0.264,0.611,0.928,Heavy congestion detected - signal timing extended and reroute suggested
EVT408299,2026-04-15 11:33:37,Religious Festival,J009,Majestic,36185,Weekday,True,Clear,False,0.0,False,True,0.779,High,20.8,80.2,319.3,0.214,0.494,0.859,Road closure for event/procession - full detour recommended for through-traffic
EVT408300,2026-06-16 06:58:03,Sports Fixture,J030,MG Road,26702,Weekday,False,Heavy Rain,True,25.8,False,False,0.834,Severe,12.3,58.8,268.3,0.133,0.307,0.904,Heavy rain reducing visibility and grip - reduced speed and longer buffer advised
EVT408301,2025-05-21 19:32:35,Trade Fair,J009,Majestic,9239,Weekday,False,Rain,True,21.6,False,False,1.0,Severe,7.2,69.8,470.9,0.163,0.377,0.853,Heavy rain reducing visibility and grip - reduced speed and longer buffer advised
EVT408302,2026-03-12 23:24:49,Concert,J030,MG Road,13385,Weekday,False,Clear,False,0.0,False,False,0.305,Low,27.2,21.8,144.9,0.09,0.209,0.953,Moderate traffic flow - standard adaptive signal timing in effect
EVT408303,2025-06-21 08:33:04,Concert,J020,Malleshwaram Circle,30925,Weekend,False,Heavy Rain,True,50.3,False,False,1.0,Severe,10.4,70.5,562.5,0.253,0.584,0.879,Heavy rain reducing visibility and grip - reduced speed and longer buffer advised
EVT408304,2026-05-29 23:45:44,Concert,J031,Cubbon Road,8879,Weekday,False,Clear,False,0.0,False,False,0.216,Low,36.1,14.2,172.8,0.153,0.353,0.975,Normal free-flow traffic - standard signal timing maintained
EVT408305,2025-11-16 13:40:35,Political Rally,J023,Basavanagudi,19597,Weekend,False,Clear,False,0.0,False,False,0.42,Moderate,23.6,30.6,121.3,0.099,0.228,0.99,Moderate traffic flow - standard adaptive signal timing in effect
EVT408306,2026-03-17 05:27:06,Political Rally,J023,Basavanagudi,17708,Weekday,False,Clear,False,0.0,False,False,0.32,Low,35.9,26.0,153.1,0.127,0.293,0.99,Moderate traffic flow - standard adaptive signal timing in effect
EVT408307,2026-04-19 15:33:58,Local Market Day,J030,MG Road,3135,Weekend,False,Clear,False,0.0,False,False,0.359,Moderate,36.9,34.9,160.1,0.163,0.377,0.949,Moderate traffic flow - standard adaptive signal timing in effect
EVT408308,2025-12-14 09:27:23,Concert,J023,Basavanagudi,11901,Weekend,False,Clear,False,0.0,False,False,0.837,Severe,16.6,58.3,332.6,0.173,0.4,0.932,Heavy congestion detected - signal timing extended and reroute suggested
EVT408309,2026-03-16 13:54:32,Political Rally,J009,Majestic,19931,Weekday,False,Clear,False,0.0,False,False,0.236,Low,29.6,14.9,131.0,0.105,0.242,0.957,Normal free-flow traffic - standard signal timing maintained
EVT408310,2025-06-23 08:43:17,Trade Fair,J023,Basavanagudi,4462,Weekday,False,Clear,False,0.0,False,False,0.96,Severe,10.5,60.7,241.0,0.104,0.239,0.906,Heavy congestion detected - signal timing extended and reroute suggested
EVT408311,2026-05-26 07:04:36,Local Market Day,J040,City Market,2833,Weekday,False,Clear,False,0.0,False,False,0.491,Moderate,27.8,35.0,252.7,0.192,0.444,0.973,Moderate traffic flow - standard adaptive signal timing in effect
EVT408312,2025-11-22 19:35:29,Sports Fixture,J023,Basavanagudi,11662,Weekend,False,Fog,False,0.0,False,False,0.713,High,19.0,49.7,179.7,0.131,0.303,0.92,Moderate traffic flow - standard adaptive signal timing in effect
EVT408313,2025-12-08 10:13:56,Concert,J040,City Market,11064,Weekday,False,Clear,False,0.0,False,False,0.778,Severe,16.9,60.1,230.4,0.134,0.31,0.938,Heavy congestion detected - signal timing extended and reroute suggested
EVT408314,2026-04-28 10:45:08,Political Rally,J011,Indiranagar 100ft Road,10763,Weekday,False,Fog,False,0.0,False,False,0.52,Moderate,20.8,36.9,264.5,0.157,0.362,0.948,Moderate traffic flow - standard adaptive signal timing in effect
EVT408315,2025-12-02 19:00:12,Sports Fixture,J030,MG Road,21070,Weekday,False,Clear,False,0.0,False,False,1.0,Severe,8.7,67.4,553.5,0.175,0.403,0.898,Heavy congestion detected - signal timing extended and reroute suggested
EVT408316,2025-01-16 20:55:20,Local Market Day,J031,Cubbon Road,4320,Weekday,False,Clear,False,0.0,False,False,0.354,Moderate,29.1,21.6,131.2,0.102,0.236,0.959,Moderate traffic flow - standard adaptive signal timing in effect
EVT408317,2026-04-29 21:52:12,Political Rally,J030,MG Road,9676,Weekday,False,Clear,False,0.0,False,False,0.341,Low,25.2,26.3,134.4,0.073,0.17,0.971,Moderate traffic flow - standard adaptive signal timing in effect
EVT408318,2025-01-07 18:15:02,Political Rally,J009,Majestic,15286,Weekday,False,Clear,False,0.0,False,False,1.0,Severe,9.0,69.4,189.4,0.074,0.17,0.875,Heavy congestion detected - signal timing extended and reroute suggested
EVT408319,2026-05-08 16:57:14,Local Market Day,J012,Koramangala Sony World,3471,Weekday,False,Light Rain,True,5.2,False,False,0.798,Severe,16.6,60.2,390.3,0.251,0.579,0.881,Heavy rain reducing visibility and grip - reduced speed and longer buffer advised
EVT408320,2025-01-10 15:20:54,Trade Fair,J012,Koramangala Sony World,14160,Weekday,False,Clear,False,0.0,False,False,0.358,Moderate,36.3,23.8,126.2,0.12,0.278,0.985,Moderate traffic flow - standard adaptive signal timing in effect
EVT408321,2025-02-16 15:53:25,Concert,J012,Koramangala Sony World,9790,Weekend,False,Clear,False,0.0,False,False,0.53,Moderate,27.8,32.0,242.1,0.18,0.416,0.938,Moderate traffic flow - standard adaptive signal timing in effect
EVT408322,2025-11-08 08:12:55,Trade Fair,J020,Malleshwaram Circle,8474,Weekend,False,Clear,False,0.0,False,False,0.713,High,15.4,54.9,283.4,0.156,0.36,0.937,Moderate traffic flow - standard adaptive signal timing in effect
EVT408323,2026-04-16 06:46:55,Political Rally,J031,Cubbon Road,8687,Weekday,False,Clear,False,0.0,False,False,0.361,Moderate,30.8,17.9,221.1,0.171,0.395,0.955,Moderate traffic flow - standard adaptive signal timing in effect
EVT408324,2026-05-14 16:30:09,Local Market Day,J012,Koramangala Sony World,2777,Weekday,False,Clear,False,0.0,False,False,0.554,High,22.5,40.6,238.2,0.161,0.371,0.986,Moderate traffic flow - standard adaptive signal timing in effect
EVT408325,2026-01-21 08:04:21,Sports Fixture,J011,Indiranagar 100ft Road,40826,Weekday,False,Clear,False,0.0,False,False,1.0,Severe,8.7,67.4,446.2,0.155,0.358,0.925,Heavy congestion detected - signal timing extended and reroute suggested
EVT408326,2025-06-19 14:54:49,Trade Fair,J030,MG Road,11585,Weekday,False,Clear,False,0.0,False,False,0.311,Low,30.9,21.3,188.3,0.176,0.406,0.97,Moderate traffic flow - standard adaptive signal timing in effect
EVT408327,2026-01-07 22:54:28,Political Rally,J020,Malleshwaram Circle,14075,Weekday,False,Clear,False,0.0,False,False,0.201,Low,33.5,18.6,109.5,0.081,0.188,0.98,Normal free-flow traffic - standard signal timing maintained
EVT408328,2025-08-23 07:13:45,Sports Fixture,J030,MG Road,17293,Weekend,False,Heavy Rain,True,30.7,True,False,1.0,Severe,7.4,70.9,429.7,0.15,0.346,0.713,Accident detected nearby - reroute and reduced speed advised
EVT408329,2025-06-03 10:05:23,Concert,J009,Majestic,9389,Weekday,False,Clear,False,0.0,False,False,0.837,Severe,12.6,57.5,261.5,0.143,0.33,0.91,Heavy congestion detected - signal timing extended and reroute suggested
EVT408330,2026-02-18 10:06:59,Concert,J030,MG Road,15497,Weekday,False,Clear,False,0.0,False,False,0.835,Severe,13.1,62.7,316.6,0.164,0.378,0.927,Heavy congestion detected - signal timing extended and reroute suggested
EVT408331,2026-04-07 11:05:15,Political Rally,J031,Cubbon Road,16312,Weekday,False,Clear,False,0.0,False,False,0.394,Moderate,29.4,28.2,183.5,0.143,0.329,0.974,Moderate traffic flow - standard adaptive signal timing in effect
EVT408332,2026-05-16 07:05:41,Trade Fair,J030,MG Road,7911,Weekend,False,Clear,False,0.0,False,False,0.444,Moderate,23.7,29.9,205.3,0.142,0.328,0.957,Moderate traffic flow - standard adaptive signal timing in effect
EVT408333,2026-02-09 14:26:45,Local Market Day,J040,City Market,4650,Weekday,False,Clear,False,0.0,False,False,0.132,Low,39.1,11.1,83.7,0.088,0.203,0.964,Normal free-flow traffic - standard signal timing maintained
EVT408334,2025-07-06 14:24:38,Concert,J040,City Market,8464,Weekend,False,Clear,False,0.0,False,False,0.314,Low,33.0,18.9,74.8,0.067,0.156,0.99,Moderate traffic flow - standard adaptive signal timing in effect
EVT408335,2025-03-26 17:08:21,Trade Fair,J012,Koramangala Sony World,7250,Weekday,False,Fog,False,0.0,False,False,0.795,Severe,17.3,60.2,344.0,0.197,0.456,0.95,Heavy congestion detected - signal timing extended and reroute suggested
EVT408336,2025-01-27 16:21:58,Fireworks Display,J040,City Market,22097,Weekday,True,Light Rain,True,1.6,False,False,0.854,Severe,16.8,60.4,298.1,0.171,0.395,0.849,Festival crowd surge detected - alternate route and extended cycle recommended
EVT408337,2026-04-16 03:29:40,Local Market Day,J023,Basavanagudi,6226,Weekday,False,Clear,False,0.0,False,False,0.141,Low,39.8,8.8,145.2,0.14,0.323,0.968,Normal free-flow traffic - standard signal timing maintained
EVT408338,2025-09-30 18:54:16,Trade Fair,J011,Indiranagar 100ft Road,11510,Weekday,False,Clear,False,0.0,False,False,0.993,Severe,6.9,73.8,334.3,0.112,0.26,0.932,Heavy congestion detected - signal timing extended and reroute suggested
EVT408339,2025-11-21 13:23:44,Political Rally,J011,Indiranagar 100ft Road,6402,Weekday,False,Clear,False,0.0,False,False,0.202,Low,35.2,13.3,151.6,0.121,0.279,0.943,Normal free-flow traffic - standard signal timing maintained
EVT408340,2026-01-19 00:51:50,Local Market Day,J009,Majestic,3973,Weekday,False,Clear,False,0.0,False,False,0.238,Low,33.2,20.5,137.1,0.116,0.268,0.969,Normal free-flow traffic - standard signal timing maintained
EVT408341,2026-02-18 11:49:34,Sports Fixture,J030,MG Road,19767,Weekday,False,Clear,False,0.0,False,False,0.364,Moderate,32.4,23.1,71.4,0.075,0.173,0.975,Moderate traffic flow - standard adaptive signal timing in effect
EVT408342,2026-04-10 17:45:23,Trade Fair,J020,Malleshwaram Circle,12187,Weekday,False,Clear,False,0.0,False,False,1.0,Severe,7.8,78.3,748.9,0.241,0.557,0.916,Heavy congestion detected - signal timing extended and reroute suggested
EVT408343,2025-01-21 09:26:52,Sports Fixture,J011,Indiranagar 100ft Road,16874,Weekday,False,Clear,False,0.0,False,False,1.0,Severe,9.0,73.8,690.1,0.253,0.583,0.917,Heavy congestion detected - signal timing extended and reroute suggested
EVT408344,2025-06-09 19:22:00,Concert,J009,Majestic,15022,Weekday,False,Clear,False,0.0,False,False,0.939,Severe,10.3,72.4,491.2,0.174,0.403,0.943,Heavy congestion detected - signal timing extended and reroute suggested
EVT408345,2025-10-21 10:51:23,Religious Festival,J031,Cubbon Road,55096,Weekday,True,Rain,True,11.0,False,True,1.0,Severe,11.1,91.5,335.7,0.161,0.372,0.771,Road closure for event/procession - full detour recommended for through-traffic
EVT408346,2025-02-08 14:23:34,Trade Fair,J030,MG Road,7242,Weekend,False,Clear,False,0.0,False,False,0.343,Low,25.4,25.3,112.9,0.092,0.214,0.989,Moderate traffic flow - standard adaptive signal timing in effect
EVT408347,2026-04-08 06:36:44,Sports Fixture,J040,City Market,31994,Weekday,False,Clear,False,0.0,False,False,0.413,Moderate,33.8,33.4,170.6,0.149,0.345,0.953,Moderate traffic flow - standard adaptive signal timing in effect
EVT408348,2025-08-09 06:22:28,Local Market Day,J012,Koramangala Sony World,5028,Weekend,False,Clear,False,0.0,False,False,0.358,Moderate,32.2,26.1,178.1,0.149,0.345,0.965,Moderate traffic flow - standard adaptive signal timing in effect
EVT408349,2026-03-02 21:42:59,Concert,J031,Cubbon Road,14054,Weekday,False,Clear,False,0.0,False,False,0.4,Moderate,31.2,26.1,168.0,0.159,0.367,0.968,Moderate traffic flow - standard adaptive signal timing in effect
EVT408350,2025-01-04 19:22:17,Local Market Day,J031,Cubbon Road,3181,Weekend,False,Clear,False,0.0,False,False,0.784,Severe,13.5,61.3,430.3,0.207,0.477,0.967,Heavy congestion detected - signal timing extended and reroute suggested
EVT408351,2026-05-16 19:57:28,Trade Fair,J040,City Market,8548,Weekend,False,Clear,False,0.0,False,False,0.682,High,16.5,54.3,287.0,0.158,0.364,0.982,Moderate traffic flow - standard adaptive signal timing in effect
EVT408352,2025-07-28 17:22:48,Sports Fixture,J011,Indiranagar 100ft Road,9681,Weekday,False,Clear,False,0.0,False,False,0.913,Severe,12.2,62.8,366.5,0.179,0.414,0.909,Heavy congestion detected - signal timing extended and reroute suggested
EVT408353,2025-09-18 09:00:35,Sports Fixture,J023,Basavanagudi,31649,Weekday,False,Clear,False,0.0,False,False,1.0,Severe,9.8,63.4,565.9,0.209,0.484,0.925,Heavy congestion detected - signal timing extended and reroute suggested
EVT408354,2026-05-19 14:57:01,Trade Fair,J040,City Market,8042,Weekday,False,Clear,False,0.0,False,False,0.29,Low,32.8,22.3,58.1,0.037,0.086,0.943,Moderate traffic flow - standard adaptive signal timing in effect
EVT408355,2025-12-12 16:24:41,Sports Fixture,J011,Indiranagar 100ft Road,18890,Weekday,False,Clear,False,0.0,False,False,0.495,Moderate,21.5,38.5,154.7,0.087,0.201,0.967,Moderate traffic flow - standard adaptive signal timing in effect
EVT408356,2025-02-17 14:51:14,Sports Fixture,J012,Koramangala Sony World,16219,Weekday,False,Clear,False,0.0,False,False,0.319,Low,32.9,24.7,166.0,0.147,0.338,0.99,Moderate traffic flow - standard adaptive signal timing in effect
EVT408357,2025-06-14 10:41:43,Sports Fixture,J012,Koramangala Sony World,41635,Weekend,False,Clear,False,0.0,False,False,0.736,High,14.0,54.0,444.7,0.221,0.511,0.951,Moderate traffic flow - standard adaptive signal timing in effect
EVT408358,2025-09-10 14:29:20,Sports Fixture,J030,MG Road,30998,Weekday,False,Clear,False,0.0,False,False,0.378,Moderate,24.4,31.3,101.2,0.071,0.163,0.961,Moderate traffic flow - standard adaptive signal timing in effect
EVT408359,2025-04-25 08:24:43,Local Market Day,J040,City Market,5187,Weekday,False,Clear,False,0.0,False,False,0.903,Severe,12.3,62.6,370.3,0.185,0.428,0.959,Heavy congestion detected - signal timing extended and reroute suggested
EVT408360,2026-01-21 18:31:04,Local Market Day,J020,Malleshwaram Circle,4086,Weekday,False,Clear,False,0.0,False,False,1.0,Severe,8.4,68.6,637.0,0.196,0.452,0.925,Heavy congestion detected - signal timing extended and reroute suggested
EVT408361,2026-02-15 06:01:47,Concert,J030,MG Road,12809,Weekend,False,Clear,False,0.0,False,False,0.386,Moderate,25.4,32.2,242.5,0.165,0.38,0.956,Moderate traffic flow - standard adaptive signal timing in effect
EVT408362,2025-10-04 10:30:59,Sports Fixture,J030,MG Road,25050,Weekend,False,Rain,True,21.6,False,False,0.895,Severe,11.2,62.3,200.7,0.101,0.233,0.876,Heavy rain reducing visibility and grip - reduced speed and longer buffer advised
EVT408363,2025-04-30 10:06:13,Political Rally,J030,MG Road,19931,Weekday,False,Clear,False,0.0,False,False,0.942,Severe,12.7,61.7,372.3,0.161,0.372,0.938,Heavy congestion detected - signal timing extended and reroute suggested
EVT408364,2025-05-12 17:19:24,Sports Fixture,J040,City Market,12272,Weekday,False,Clear,False,0.0,False,False,0.871,Severe,12.2,69.0,510.9,0.252,0.581,0.945,Heavy congestion detected - signal timing extended and reroute suggested
EVT408365,2025-11-21 08:20:06,Local Market Day,J031,Cubbon Road,4189,Weekday,False,Clear,False,0.0,False,False,0.867,Severe,11.6,63.9,361.5,0.157,0.363,0.929,Heavy congestion detected - signal timing extended and reroute suggested
EVT408366,2025-06-18 19:40:55,Concert,J023,Basavanagudi,20648,Weekday,False,Clear,False,0.0,False,False,0.863,Severe,13.3,62.2,337.2,0.173,0.4,0.942,Heavy congestion detected - signal timing extended and reroute suggested
EVT408367,2026-06-28 08:16:44,Trade Fair,J023,Basavanagudi,7073,Weekend,False,Clear,False,0.0,False,False,0.818,Severe,13.6,58.9,419.4,0.19,0.439,0.917,Heavy congestion detected - signal timing extended and reroute suggested
EVT408368,2025-02-05 18:23:27,Local Market Day,J030,MG Road,2671,Weekday,False,Clear,False,0.0,False,False,1.0,Severe,9.6,72.0,553.0,0.207,0.479,0.92,Heavy congestion detected - signal timing extended and reroute suggested
EVT408369,2025-11-15 13:13:15,Political Rally,J012,Koramangala Sony World,14819,Weekend,False,Clear,False,0.0,False,False,0.336,Low,29.5,23.6,140.6,0.114,0.263,0.974,Moderate traffic flow - standard adaptive signal timing in effect
EVT408370,2026-05-10 11:07:51,Local Market Day,J012,Koramangala Sony World,3620,Weekend,False,Clear,False,0.0,False,False,0.391,Moderate,28.5,30.1,147.1,0.111,0.256,0.944,Moderate traffic flow - standard adaptive signal timing in effect
EVT408371,2025-04-13 09:39:43,Trade Fair,J023,Basavanagudi,13401,Weekend,False,Clear,False,0.0,False,False,0.906,Severe,9.1,63.0,425.4,0.157,0.363,0.938,Heavy congestion detected - signal timing extended and reroute suggested
EVT408372,2025-11-19 14:02:03,Sports Fixture,J012,Koramangala Sony World,34930,Weekday,False,Clear,False,0.0,False,False,0.358,Moderate,27.2,21.3,243.0,0.174,0.403,0.983,Moderate traffic flow - standard adaptive signal timing in effect
EVT408373,2025-04-02 18:55:23,Sports Fixture,J040,City Market,23198,Weekday,False,Clear,False,0.0,False,False,1.0,Severe,5.8,72.6,990.1,0.255,0.589,0.909,Heavy congestion detected - signal timing extended and reroute suggested
EVT408374,2025-01-14 17:12:32,Cultural Procession,J011,Indiranagar 100ft Road,19098,Weekday,True,Clear,False,0.0,False,True,1.0,Severe,8.0,98.4,705.1,0.242,0.559,0.846,Road closure for event/procession - full detour recommended for through-traffic
EVT408375,2025-08-02 09:28:43,Local Market Day,J031,Cubbon Road,6143,Weekend,False,Heavy Rain,True,38.8,False,False,1.0,Severe,9.4,67.7,369.5,0.155,0.359,0.863,Heavy rain reducing visibility and grip - reduced speed and longer buffer advised
EVT408376,2026-01-12 14:32:53,Concert,J031,Cubbon Road,8789,Weekday,False,Clear,False,0.0,False,False,0.215,Low,32.8,15.0,147.5,0.128,0.296,0.958,Normal free-flow traffic - standard signal timing maintained
EVT408377,2025-01-06 16:16:41,Concert,J030,MG Road,12411,Weekday,False,Fog,False,0.0,False,False,0.539,Moderate,28.9,39.8,194.9,0.163,0.375,0.973,Moderate traffic flow - standard adaptive signal timing in effect
EVT408378,2026-03-01 18:18:21,Local Market Day,J009,Majestic,5821,Weekend,False,Clear,False,0.0,False,False,0.904,Severe,9.7,70.1,691.1,0.29,0.669,0.953,Heavy congestion detected - signal timing extended and reroute suggested
EVT408379,2025-10-17 15:37:22,Sports Fixture,J009,Majestic,18244,Weekday,False,Rain,True,24.1,False,False,0.721,High,15.3,50.1,475.4,0.272,0.628,0.889,Heavy rain reducing visibility and grip - reduced speed and longer buffer advised
EVT408380,2026-01-10 19:03:12,Local Market Day,J020,Malleshwaram Circle,3234,Weekend,False,Clear,False,0.0,False,False,0.807,Severe,16.3,58.8,266.2,0.141,0.326,0.95,Heavy congestion detected - signal timing extended and reroute suggested
EVT408381,2025-11-24 08:54:26,Trade Fair,J009,Majestic,9048,Weekday,False,Clear,False,0.0,False,False,1.0,Severe,7.2,75.9,745.5,0.214,0.493,0.921,Heavy congestion detected - signal timing extended and reroute suggested
EVT408382,2025-10-05 10:10:06,Sports Fixture,J020,Malleshwaram Circle,32631,Weekend,False,Clear,False,0.0,False,False,0.876,Severe,15.0,64.7,367.0,0.186,0.429,0.952,Heavy congestion detected - signal timing extended and reroute suggested
EVT408383,2026-01-05 06:34:25,Local Market Day,J031,Cubbon Road,3756,Weekday,False,Clear,False,0.0,False,False,0.347,Low,22.5,24.6,184.8,0.109,0.252,0.971,Moderate traffic flow - standard adaptive signal timing in effect
EVT408384,2025-01-12 01:52:14,Sports Fixture,J031,Cubbon Road,28159,Weekend,False,Clear,False,0.0,False,False,0.371,Moderate,34.1,19.5,187.8,0.192,0.443,0.982,Moderate traffic flow - standard adaptive signal timing in effect
EVT408385,2025-12-06 18:22:55,Sports Fixture,J012,Koramangala Sony World,17510,Weekend,False,Clear,False,0.0,False,False,0.926,Severe,10.9,65.1,343.0,0.152,0.351,0.929,Heavy congestion detected - signal timing extended and reroute suggested
EVT408386,2026-04-26 20:29:29,Trade Fair,J020,Malleshwaram Circle,4283,Weekend,False,Clear,False,0.0,False,False,0.498,Moderate,21.1,36.6,351.3,0.217,0.5,0.954,Moderate traffic flow - standard adaptive signal timing in effect
EVT408387,2025-09-14 18:44:19,Local Market Day,J011,Indiranagar 100ft Road,3789,Weekend,False,Fog,False,0.0,False,False,0.782,Severe,16.5,61.4,426.6,0.243,0.56,0.971,Heavy congestion detected - signal timing extended and reroute suggested
EVT408388,2025-06-14 16:23:46,Political Rally,J031,Cubbon Road,11607,Weekend,False,Heavy Rain,True,70.2,False,False,0.923,Severe,12.3,62.7,350.7,0.158,0.364,0.873,Heavy rain reducing visibility and grip - reduced speed and longer buffer advised
EVT408389,2025-12-25 10:25:57,Fireworks Display,J009,Majestic,23333,Weekday,True,Clear,False,0.0,False,False,0.989,Severe,9.6,65.6,477.6,0.19,0.439,0.875,Festival crowd surge detected - alternate route and extended cycle recommended
EVT408390,2026-01-30 18:42:42,Political Rally,J012,Koramangala Sony World,14845,Weekday,False,Clear,False,0.0,False,False,1.0,Severe,7.5,63.9,563.3,0.171,0.396,0.912,Heavy congestion detected - signal timing extended and reroute suggested
EVT408391,2025-02-09 18:41:40,Concert,J011,Indiranagar 100ft Road,13259,Weekend,False,Clear,False,0.0,False,False,0.924,Severe,11.5,69.1,500.5,0.214,0.495,0.93,Heavy congestion detected - signal timing extended and reroute suggested
EVT408392,2026-06-11 08:49:08,Sports Fixture,J012,Koramangala Sony World,28734,Weekday,False,Clear,False,0.0,False,False,1.0,Severe,8.9,75.4,719.1,0.277,0.64,0.916,Heavy congestion detected - signal timing extended and reroute suggested
EVT408393,2025-06-12 18:19:22,Political Rally,J020,Malleshwaram Circle,11895,Weekday,False,Light Rain,True,6.8,False,False,1.0,Severe,7.4,74.8,631.1,0.195,0.451,0.878,Heavy rain reducing visibility and grip - reduced speed and longer buffer advised
EVT408394,2025-03-28 13:01:52,Local Market Day,J012,Koramangala Sony World,4845,Weekday,False,Clear,False,0.0,False,False,0.212,Low,36.7,11.9,112.1,0.108,0.251,0.967,Normal free-flow traffic - standard signal timing maintained
EVT408395,2026-03-09 09:02:36,Political Rally,J030,MG Road,10135,Weekday,False,Clear,False,0.0,False,False,1.0,Severe,7.9,70.5,632.9,0.184,0.426,0.899,Heavy congestion detected - signal timing extended and reroute suggested
EVT408396,2025-10-17 11:23:10,Local Market Day,J012,Koramangala Sony World,3958,Weekday,False,Rain,True,20.8,False,False,0.537,Moderate,23.6,37.9,207.7,0.158,0.365,0.931,Light rain detected - minor speed reduction advised
EVT408397,2025-11-06 16:23:43,Trade Fair,J031,Cubbon Road,8230,Weekday,False,Clear,False,0.0,False,False,0.536,Moderate,21.5,38.9,101.1,0.057,0.133,0.976,Moderate traffic flow - standard adaptive signal timing in effect
EVT408398,2026-03-28 21:44:19,Local Market Day,J031,Cubbon Road,5207,Weekend,False,Clear,False,0.0,False,False,0.364,Moderate,26.7,24.9,210.5,0.165,0.381,0.96,Moderate traffic flow - standard adaptive signal timing in effect
EVT408399,2025-08-25 14:41:41,Trade Fair,J020,Malleshwaram Circle,7772,Weekday,False,Rain,True,15.1,False,False,0.375,Moderate,26.6,31.7,137.5,0.089,0.205,0.899,Light rain detected - minor speed reduction advised
EVT408400,2026-06-01 07:24:24,Sports Fixture,J020,Malleshwaram Circle,21501,Weekday,False,Clear,False,0.0,False,False,0.649,High,17.4,41.2,288.0,0.152,0.351,0.978,Moderate traffic flow - standard adaptive signal timing in effect
EVT408401,2025-05-08 17:03:24,Trade Fair,J009,Majestic,7969,Weekday,False,Clear,False,0.0,False,False,0.765,Severe,21.0,54.0,101.8,0.077,0.178,0.99,Heavy congestion detected - signal timing extended and reroute suggested
EVT408402,2026-05-09 21:28:07,Local Market Day,J030,MG Road,4326,Weekend,False,Clear,False,0.0,False,False,0.369,Moderate,30.5,25.6,191.5,0.153,0.354,0.99,Moderate traffic flow - standard adaptive signal timing in effect
EVT408403,2025-03-07 13:11:57,Trade Fair,J012,Koramangala Sony World,20623,Weekday,False,Clear,False,0.0,False,False,0.297,Low,27.1,17.9,91.5,0.071,0.163,0.969,Moderate traffic flow - standard adaptive signal timing in effect
EVT408404,2026-04-13 13:46:06,Local Market Day,J031,Cubbon Road,4437,Weekday,False,Clear,False,0.0,False,False,0.209,Low,33.8,17.8,168.6,0.149,0.343,0.95,Normal free-flow traffic - standard signal timing maintained
EVT408405,2026-06-04 17:49:49,Trade Fair,J020,Malleshwaram Circle,8323,Weekday,False,Clear,False,0.0,False,False,0.982,Severe,8.4,66.5,683.5,0.238,0.551,0.948,Heavy congestion detected - signal timing extended and reroute suggested
EVT408406,2025-06-09 12:01:48,Trade Fair,J011,Indiranagar 100ft Road,4884,Weekday,False,Clear,False,0.0,False,False,0.231,Low,29.7,13.7,82.8,0.072,0.167,0.964,Normal free-flow traffic - standard signal timing maintained
EVT408407,2025-03-24 22:37:39,Sports Fixture,J031,Cubbon Road,20111,Weekday,False,Clear,False,0.0,False,False,0.393,Moderate,29.5,29.9,252.4,0.203,0.47,0.972,Moderate traffic flow - standard adaptive signal timing in effect
EVT408408,2025-04-22 18:49:59,Concert,J020,Malleshwaram Circle,8828,Weekday,False,Clear,False,0.0,False,False,1.0,Severe,7.7,66.2,806.3,0.236,0.544,0.895,Heavy congestion detected - signal timing extended and reroute suggested
EVT408409,2026-04-12 17:34:42,Sports Fixture,J011,Indiranagar 100ft Road,29730,Weekend,False,Clear,False,0.0,False,False,0.96,Severe,10.9,68.5,316.8,0.117,0.27,0.944,Heavy congestion detected - signal timing extended and reroute suggested
EVT408410,2025-05-30 11:23:57,Political Rally,J030,MG Road,13476,Weekday,False,Clear,False,0.0,False,False,0.407,Moderate,26.6,34.8,259.7,0.187,0.433,0.951,Moderate traffic flow - standard adaptive signal timing in effect
EVT408411,2025-01-16 08:49:05,Concert,J012,Koramangala Sony World,5787,Weekday,False,Clear,False,0.0,False,False,1.0,Severe,7.6,70.8,604.2,0.175,0.405,0.905,Heavy congestion detected - signal timing extended and reroute suggested
EVT408412,2026-05-25 22:11:55,Concert,J030,MG Road,11331,Weekday,False,Heavy Rain,True,34.8,False,False,0.649,High,18.9,48.1,177.6,0.111,0.256,0.908,Heavy rain reducing visibility and grip - reduced speed and longer buffer advised
EVT408413,2025-04-19 19:20:53,Concert,J020,Malleshwaram Circle,12655,Weekend,False,Clear,False,0.0,False,False,0.848,Severe,14.0,60.5,430.9,0.223,0.516,0.954,Heavy congestion detected - signal timing extended and reroute suggested
EVT408414,2025-08-30 10:18:54,Political Rally,J009,Majestic,19620,Weekend,False,Clear,False,0.0,False,False,0.718,High,18.7,53.7,108.7,0.082,0.19,0.963,Moderate traffic flow - standard adaptive signal timing in effect
EVT408415,2025-06-30 22:05:43,Concert,J023,Basavanagudi,9443,Weekday,False,Rain,True,17.4,False,False,0.569,High,32.4,44.9,159.0,0.118,0.273,0.898,Heavy rain reducing visibility and grip - reduced speed and longer buffer advised
EVT408416,2025-02-19 18:25:30,Sports Fixture,J030,MG Road,27007,Weekday,False,Clear,False,0.0,False,False,1.0,Severe,8.3,76.3,798.7,0.262,0.604,0.913,Heavy congestion detected - signal timing extended and reroute suggested
EVT408417,2026-03-19 09:46:27,Religious Festival,J031,Cubbon Road,57104,Weekday,True,Clear,False,0.0,False,True,1.0,Severe,6.9,99.7,815.0,0.256,0.591,0.833,Road closure for event/procession - full detour recommended for through-traffic
EVT408418,2025-03-14 08:31:57,Religious Festival,J012,Koramangala Sony World,50085,Weekday,True,Clear,False,0.0,False,True,1.0,Severe,8.2,94.8,604.0,0.198,0.456,0.843,Road closure for event/procession - full detour recommended for through-traffic
EVT408419,2025-11-07 18:43:50,Trade Fair,J020,Malleshwaram Circle,8170,Weekday,False,Rain,True,21.1,False,False,1.0,Severe,9.3,67.3,602.4,0.21,0.485,0.857,Heavy rain reducing visibility and grip - reduced speed and longer buffer advised
EVT408420,2025-11-03 21:37:02,Local Market Day,J031,Cubbon Road,3132,Weekday,False,Clear,False,0.0,False,False,0.247,Low,35.3,9.7,99.8,0.079,0.183,0.95,Normal free-flow traffic - standard signal timing maintained
EVT408421,2025-01-25 21:39:06,Local Market Day,J009,Majestic,1862,Weekend,False,Clear,False,0.0,False,False,0.344,Low,31.5,27.5,218.7,0.197,0.455,0.958,Moderate traffic flow - standard adaptive signal timing in effect
EVT408422,2025-01-28 03:34:05,Local Market Day,J031,Cubbon Road,3531,Weekday,False,Clear,False,0.0,False,False,0.207,Low,29.8,17.5,193.6,0.13,0.301,0.954,Normal free-flow traffic - standard signal timing maintained
EVT408423,2026-06-15 09:54:20,Local Market Day,J030,MG Road,4976,Weekday,False,Clear,False,0.0,False,False,0.853,Severe,11.0,58.3,269.9,0.085,0.196,0.931,Heavy congestion detected - signal timing extended and reroute suggested
EVT408424,2026-04-05 11:25:00,Sports Fixture,J023,Basavanagudi,19011,Weekend,False,Clear,False,0.0,False,False,0.457,Moderate,27.1,32.5,142.4,0.109,0.251,0.966,Moderate traffic flow - standard adaptive signal timing in effect
EVT408425,2026-03-18 15:47:06,Local Market Day,J023,Basavanagudi,3628,Weekday,False,Clear,False,0.0,False,False,0.337,Low,20.4,28.6,251.7,0.155,0.358,0.952,Moderate traffic flow - standard adaptive signal timing in effect
EVT408426,2025-06-01 07:16:50,Concert,J009,Majestic,9470,Weekend,False,Clear,False,0.0,False,False,0.593,High,18.2,42.9,311.9,0.166,0.382,0.946,Moderate traffic flow - standard adaptive signal timing in effect
EVT408427,2026-02-28 17:33:39,Concert,J020,Malleshwaram Circle,13468,Weekend,False,Clear,False,0.0,False,False,0.811,Severe,16.1,59.7,385.2,0.207,0.478,0.982,Heavy congestion detected - signal timing extended and reroute suggested
EVT408428,2025-10-31 18:05:35,Concert,J040,City Market,6917,Weekday,False,Clear,False,0.0,False,False,1.0,Severe,9.1,74.0,550.2,0.203,0.47,0.937,Heavy congestion detected - signal timing extended and reroute suggested
EVT408429,2026-04-04 16:05:25,Local Market Day,J040,City Market,2490,Weekend,False,Clear,False,0.0,False,False,0.411,Moderate,27.2,27.6,246.5,0.206,0.475,0.961,Moderate traffic flow - standard adaptive signal timing in effect
EVT408430,2025-05-25 15:48:02,Trade Fair,J030,MG Road,11538,Weekend,False,Clear,False,0.0,False,False,0.448,Moderate,29.9,28.9,184.5,0.156,0.36,0.965,Moderate traffic flow - standard adaptive signal timing in effect
EVT408431,2025-02-06 20:03:08,Concert,J031,Cubbon Road,13548,Weekday,False,Clear,False,0.0,False,False,0.792,Severe,15.9,55.2,387.2,0.203,0.469,0.945,Heavy congestion detected - signal timing extended and reroute suggested
EVT408432,2025-03-07 10:00:39,Local Market Day,J023,Basavanagudi,6743,Weekday,False,Clear,False,0.0,False,False,0.839,Severe,14.5,60.0,505.4,0.258,0.597,0.946,Heavy congestion detected - signal timing extended and reroute suggested
EVT408433,2025-07-12 18:26:03,Trade Fair,J040,City Market,8898,Weekend,False,Clear,False,0.0,False,False,0.957,Severe,8.8,70.9,603.8,0.203,0.47,0.905,Heavy congestion detected - signal timing extended and reroute suggested
EVT408434,2025-06-23 09:25:46,Local Market Day,J020,Malleshwaram Circle,4020,Weekday,False,Clear,False,0.0,False,False,0.98,Severe,9.8,70.1,801.6,0.294,0.68,0.925,Heavy congestion detected - signal timing extended and reroute suggested
EVT408435,2025-03-27 19:09:00,Sports Fixture,J012,Koramangala Sony World,13642,Weekday,False,Clear,False,0.0,False,False,0.984,Severe,7.9,71.1,626.1,0.219,0.505,0.915,Heavy congestion detected - signal timing extended and reroute suggested
EVT408436,2026-01-24 16:09:30,Concert,J023,Basavanagudi,12206,Weekend,False,Clear,False,0.0,False,False,0.489,Moderate,21.3,37.9,267.5,0.171,0.395,0.964,Moderate traffic flow - standard adaptive signal timing in effect
EVT408437,2025-03-10 08:34:34,Political Rally,J030,MG Road,14335,Weekday,False,Clear,False,0.0,False,False,1.0,Severe,9.6,76.2,392.1,0.159,0.368,0.911,Heavy congestion detected - signal timing extended and reroute suggested
EVT408438,2026-06-20 17:39:35,Local Market Day,J012,Koramangala Sony World,3184,Weekend,False,Clear,False,0.0,False,False,0.743,High,17.4,47.8,264.1,0.156,0.361,0.979,Moderate traffic flow - standard adaptive signal timing in effect
EVT408439,2025-06-01 14:21:03,Concert,J030,MG Road,9961,Weekend,False,Clear,False,0.0,False,False,0.319,Low,31.0,18.7,70.8,0.057,0.131,0.961,Moderate traffic flow - standard adaptive signal timing in effect
EVT408440,2026-04-29 13:35:22,Sports Fixture,J020,Malleshwaram Circle,20413,Weekday,False,Clear,False,0.0,False,False,0.278,Low,30.0,22.5,169.2,0.136,0.315,0.964,Moderate traffic flow - standard adaptive signal timing in effect
EVT408441,2026-03-22 17:46:56,Trade Fair,J009,Majestic,3828,Weekend,False,Clear,False,0.0,False,False,0.796,Severe,12.3,54.0,516.9,0.239,0.551,0.939,Heavy congestion detected - signal timing extended and reroute suggested
EVT408442,2025-03-31 16:51:50,Religious Festival,J020,Malleshwaram Circle,40400,Weekday,True,Clear,False,0.0,False,True,1.0,Severe,5.9,105.9,749.3,0.213,0.492,0.835,Road closure for event/procession - full detour recommended for through-traffic
EVT408443,2025-02-15 18:15:20,Trade Fair,J009,Majestic,6376,Weekend,False,Clear,False,0.0,False,False,0.941,Severe,11.0,64.6,420.8,0.182,0.421,0.939,Heavy congestion detected - signal timing extended and reroute suggested
EVT408444,2025-05-17 19:59:14,Trade Fair,J031,Cubbon Road,17165,Weekend,False,Clear,False,0.0,False,False,0.695,High,22.3,48.1,340.5,0.263,0.608,0.941,Moderate traffic flow - standard adaptive signal timing in effect
EVT408445,2025-04-07 20:19:46,Religious Festival,J040,City Market,32030,Weekday,True,Clear,False,0.0,False,False,0.958,Severe,11.0,71.9,728.9,0.295,0.681,0.89,Festival crowd surge detected - alternate route and extended cycle recommended
EVT408446,2026-06-13 08:36:37,Political Rally,J011,Indiranagar 100ft Road,11251,Weekend,False,Clear,False,0.0,False,False,0.934,Severe,7.5,65.4,889.0,0.276,0.638,0.92,Heavy congestion detected - signal timing extended and reroute suggested
EVT408447,2025-02-01 06:37:51,Concert,J031,Cubbon Road,8719,Weekend,False,Clear,False,0.0,False,False,0.383,Moderate,23.5,24.0,175.3,0.103,0.238,0.99,Moderate traffic flow - standard adaptive signal timing in effect
EVT408448,2026-01-09 08:08:30,Sports Fixture,J009,Majestic,20944,Weekday,False,Clear,False,0.0,False,False,0.993,Severe,7.5,75.2,472.4,0.151,0.35,0.929,Heavy congestion detected - signal timing extended and reroute suggested
EVT408449,2025-01-05 10:22:18,Local Market Day,J009,Majestic,3275,Weekend,False,Clear,False,0.0,False,False,0.58,High,25.9,35.4,205.2,0.158,0.365,0.967,Moderate traffic flow - standard adaptive signal timing in effect
EVT408450,2025-12-23 19:19:46,Trade Fair,J009,Majestic,15514,Weekday,False,Clear,False,0.0,False,False,1.0,Severe,9.5,71.0,684.0,0.293,0.676,0.9,Heavy congestion detected - signal timing extended and reroute suggested
EVT408451,2025-09-06 14:43:23,Religious Festival,J009,Majestic,53681,Weekend,True,Heavy Rain,True,43.2,False,True,1.0,Severe,9.8,96.1,263.5,0.131,0.302,0.799,Road closure for event/procession - full detour recommended for through-traffic
EVT408452,2025-12-15 15:38:42,Sports Fixture,J012,Koramangala Sony World,18889,Weekday,False,Clear,False,0.0,False,False,0.445,Moderate,30.6,27.9,136.6,0.111,0.257,0.959,Moderate traffic flow - standard adaptive signal timing in effect
EVT408453,2025-07-16 19:01:04,Sports Fixture,J040,City Market,14225,Weekday,False,Heavy Rain,True,27.1,False,False,1.0,Severe,8.6,74.4,204.6,0.086,0.199,0.86,Heavy rain reducing visibility and grip - reduced speed and longer buffer advised
EVT408454,2025-03-14 18:55:59,Fireworks Display,J031,Cubbon Road,17635,Weekday,True,Clear,False,0.0,False,False,1.0,Severe,7.8,74.5,886.1,0.281,0.648,0.887,Festival crowd surge detected - alternate route and extended cycle recommended
EVT408455,2025-06-21 13:18:45,Concert,J020,Malleshwaram Circle,13823,Weekend,False,Clear,False,0.0,False,False,0.274,Low,21.0,20.6,221.3,0.131,0.304,0.965,Moderate traffic flow - standard adaptive signal timing in effect
EVT408456,2025-01-10 05:32:24,Trade Fair,J040,City Market,9298,Weekday,False,Clear,False,0.0,False,False,0.258,Low,33.6,18.3,155.1,0.149,0.344,0.979,Moderate traffic flow - standard adaptive signal timing in effect
EVT408457,2025-11-06 16:14:47,Local Market Day,J020,Malleshwaram Circle,1983,Weekday,False,Clear,False,0.0,False,False,0.453,Moderate,23.0,33.9,120.8,0.072,0.167,0.978,Moderate traffic flow - standard adaptive signal timing in effect
EVT408458,2025-11-04 05:49:56,Local Market Day,J011,Indiranagar 100ft Road,3726,Weekday,False,Clear,False,0.0,False,False,0.181,Low,35.9,13.0,122.0,0.098,0.225,0.967,Normal free-flow traffic - standard signal timing maintained
EVT408459,2026-04-28 11:23:45,Local Market Day,J011,Indiranagar 100ft Road,2907,Weekday,False,Clear,False,0.0,False,False,0.337,Low,27.1,25.3,196.2,0.139,0.321,0.963,Moderate traffic flow - standard adaptive signal timing in effect
EVT408460,2026-03-27 08:17:41,Religious Festival,J012,Koramangala Sony World,52712,Weekday,True,Clear,False,0.0,False,True,1.0,Severe,6.1,104.3,950.8,0.268,0.619,0.852,Road closure for event/procession - full detour recommended for through-traffic
EVT408461,2025-07-21 16:35:50,Sports Fixture,J023,Basavanagudi,20039,Weekday,False,Clear,False,0.0,False,False,0.664,High,16.6,48.0,312.6,0.188,0.434,0.96,Moderate traffic flow - standard adaptive signal timing in effect
EVT408462,2026-05-08 09:54:23,Sports Fixture,J011,Indiranagar 100ft Road,14447,Weekday,False,Clear,False,0.0,False,False,0.962,Severe,7.8,73.9,611.3,0.184,0.425,0.913,Heavy congestion detected - signal timing extended and reroute suggested
EVT408463,2025-09-14 19:36:10,Trade Fair,J011,Indiranagar 100ft Road,5765,Weekend,False,Heavy Rain,True,29.4,False,False,1.0,Severe,8.8,67.4,574.5,0.222,0.513,0.868,Heavy rain reducing visibility and grip - reduced speed and longer buffer advised
EVT408464,2025-02-13 16:12:36,Sports Fixture,J011,Indiranagar 100ft Road,32264,Weekday,False,Clear,False,0.0,False,False,0.69,High,19.8,48.2,216.5,0.15,0.346,0.99,Moderate traffic flow - standard adaptive signal timing in effect
EVT408465,2025-06-10 17:12:39,Trade Fair,J020,Malleshwaram Circle,7568,Weekday,False,Rain,True,14.9,False,False,1.0,Severe,8.4,69.9,487.5,0.181,0.417,0.878,Heavy rain reducing visibility and grip - reduced speed and longer buffer advised
EVT408466,2025-06-29 22:26:08,Political Rally,J020,Malleshwaram Circle,33929,Weekend,False,Clear,False,0.0,False,False,0.443,Moderate,26.0,33.3,129.8,0.101,0.232,0.948,Moderate traffic flow - standard adaptive signal timing in effect
EVT408467,2025-02-10 21:02:52,Local Market Day,J020,Malleshwaram Circle,3635,Weekday,False,Clear,False,0.0,False,False,0.352,Moderate,24.6,24.4,221.7,0.166,0.383,0.99,Moderate traffic flow - standard adaptive signal timing in effect
EVT408468,2026-03-30 15:07:15,Sports Fixture,J009,Majestic,17876,Weekday,False,Light Rain,True,3.3,False,False,0.435,Moderate,24.7,30.4,150.9,0.095,0.219,0.928,Light rain detected - minor speed reduction advised
EVT408469,2025-06-16 16:57:38,Trade Fair,J031,Cubbon Road,6354,Weekday,False,Rain,True,10.3,False,False,0.834,Severe,14.0,56.5,219.2,0.104,0.241,0.911,Heavy rain reducing visibility and grip - reduced speed and longer buffer advised
EVT408470,2025-06-06 17:55:16,Local Market Day,J023,Basavanagudi,7112,Weekday,False,Clear,False,0.0,False,False,0.997,Severe,8.4,66.1,472.2,0.176,0.406,0.915,Heavy congestion detected - signal timing extended and reroute suggested
EVT408471,2025-03-11 07:02:09,Local Market Day,J020,Malleshwaram Circle,5837,Weekday,False,Clear,False,0.0,False,False,0.445,Moderate,22.6,32.5,230.0,0.14,0.324,0.969,Moderate traffic flow - standard adaptive signal timing in effect
EVT408472,2025-02-23 11:16:05,Local Market Day,J030,MG Road,1496,Weekend,False,Clear,False,0.0,False,False,0.347,Low,32.7,23.6,56.2,0.056,0.13,0.953,Moderate traffic flow - standard adaptive signal timing in effect
EVT408473,2025-08-23 18:13:07,Sports Fixture,J040,City Market,11542,Weekend,False,Heavy Rain,True,82.4,False,False,1.0,Severe,7.6,71.1,656.7,0.213,0.493,0.838,Heavy rain reducing visibility and grip - reduced speed and longer buffer advised
EVT408474,2025-05-05 19:58:27,Sports Fixture,J040,City Market,28809,Weekday,False,Clear,False,0.0,False,False,0.942,Severe,9.1,65.3,495.6,0.185,0.427,0.95,Heavy congestion detected - signal timing extended and reroute suggested
EVT408475,2025-10-19 09:35:25,Sports Fixture,J020,Malleshwaram Circle,24379,Weekend,False,Heavy Rain,True,28.4,False,False,1.0,Severe,8.9,75.1,302.1,0.112,0.258,0.852,Heavy rain reducing visibility and grip - reduced speed and longer buffer advised
EVT408476,2026-01-16 15:00:19,Sports Fixture,J012,Koramangala Sony World,28700,Weekday,False,Clear,False,0.0,False,False,0.474,Moderate,24.7,39.3,92.4,0.053,0.122,0.98,Moderate traffic flow - standard adaptive signal timing in effect
EVT408477,2026-05-22 12:24:49,Political Rally,J031,Cubbon Road,11335,Weekday,False,Clear,False,0.0,False,False,0.224,Low,35.1,19.2,145.0,0.126,0.291,0.951,Normal free-flow traffic - standard signal timing maintained
EVT408478,2025-02-10 00:50:48,Concert,J011,Indiranagar 100ft Road,8948,Weekday,False,Clear,False,0.0,False,False,0.24,Low,35.1,17.8,49.7,0.03,0.068,0.956,Normal free-flow traffic - standard signal timing maintained
EVT408479,2025-10-20 11:18:54,Religious Festival,J009,Majestic,20881,Weekday,True,Clear,False,0.0,False,False,0.664,High,16.8,49.4,186.0,0.11,0.255,0.919,Festival crowd surge detected - alternate route and extended cycle recommended
EVT408480,2026-02-03 15:46:43,Concert,J030,MG Road,17528,Weekday,False,Clear,False,0.0,False,False,0.359,Moderate,37.8,20.9,114.8,0.119,0.274,0.976,Moderate traffic flow - standard adaptive signal timing in effect
EVT408481,2025-08-22 18:19:00,Local Market Day,J020,Malleshwaram Circle,2475,Weekday,False,Clear,False,0.0,False,False,0.938,Severe,11.8,64.0,446.2,0.205,0.474,0.937,Heavy congestion detected - signal timing extended and reroute suggested
EVT408482,2026-01-07 08:38:44,Political Rally,J011,Indiranagar 100ft Road,13220,Weekday,False,Clear,False,0.0,False,False,1.0,Severe,8.7,77.8,385.5,0.135,0.312,0.913,Heavy congestion detected - signal timing extended and reroute suggested
EVT408483,2025-11-23 20:51:38,Local Market Day,J011,Indiranagar 100ft Road,3518,Weekend,False,Clear,False,0.0,False,False,0.48,Moderate,26.0,31.5,190.1,0.149,0.343,0.949,Moderate traffic flow - standard adaptive signal timing in effect
EVT408484,2026-04-14 12:36:34,Fireworks Display,J011,Indiranagar 100ft Road,30599,Weekday,True,Clear,False,0.0,False,False,0.603,High,25.7,37.7,241.7,0.191,0.441,0.938,Festival crowd surge detected - alternate route and extended cycle recommended
EVT408485,2025-06-03 08:22:47,Local Market Day,J012,Koramangala Sony World,7341,Weekday,False,Clear,False,0.0,False,False,1.0,Severe,8.6,71.7,602.1,0.206,0.476,0.932,Heavy congestion detected - signal timing extended and reroute suggested
EVT408486,2025-04-03 15:01:08,Local Market Day,J020,Malleshwaram Circle,5731,Weekday,False,Clear,False,0.0,False,False,0.301,Low,32.9,17.4,167.2,0.139,0.322,0.948,Moderate traffic flow - standard adaptive signal timing in effect
EVT408487,2026-05-27 19:57:29,Concert,J030,MG Road,18759,Weekday,False,Clear,False,0.0,False,False,0.715,High,13.4,54.7,295.2,0.14,0.322,0.963,Moderate traffic flow - standard adaptive signal timing in effect
EVT408488,2026-05-22 21:07:45,Concert,J020,Malleshwaram Circle,14504,Weekday,False,Clear,False,0.0,False,False,0.427,Moderate,25.6,33.6,164.7,0.135,0.312,0.962,Moderate traffic flow - standard adaptive signal timing in effect
EVT408489,2025-03-01 11:47:10,Local Market Day,J030,MG Road,5628,Weekend,False,Clear,False,0.0,False,False,0.44,Moderate,25.6,31.7,155.9,0.108,0.249,0.965,Moderate traffic flow - standard adaptive signal timing in effect
EVT408490,2025-02-24 17:59:49,Local Market Day,J040,City Market,5530,Weekday,False,Fog,False,0.0,False,False,0.96,Severe,8.3,65.0,431.8,0.134,0.309,0.922,Heavy congestion detected - signal timing extended and reroute suggested
EVT408491,2026-01-17 13:50:28,Local Market Day,J040,City Market,2603,Weekend,False,Light Rain,True,4.3,False,False,0.306,Low,33.7,22.3,133.1,0.128,0.295,0.925,Light rain detected - minor speed reduction advised
EVT408492,2025-04-07 10:41:37,Religious Festival,J020,Malleshwaram Circle,44387,Weekday,True,Clear,False,0.0,False,False,1.0,Severe,7.4,65.5,680.6,0.211,0.488,0.839,Festival crowd surge detected - alternate route and extended cycle recommended
EVT408493,2025-12-04 14:48:20,Concert,J012,Koramangala Sony World,11244,Weekday,False,Clear,False,0.0,False,False,0.273,Low,33.4,20.6,104.1,0.086,0.199,0.953,Moderate traffic flow - standard adaptive signal timing in effect
EVT408494,2025-03-12 14:59:56,Trade Fair,J030,MG Road,8251,Weekday,False,Clear,False,0.0,False,False,0.243,Low,30.9,18.7,69.5,0.063,0.145,0.956,Normal free-flow traffic - standard signal timing maintained
EVT408495,2025-08-25 21:42:14,Trade Fair,J011,Indiranagar 100ft Road,11060,Weekday,False,Clear,False,0.0,False,False,0.306,Low,26.8,21.3,171.7,0.147,0.34,0.956,Moderate traffic flow - standard adaptive signal timing in effect
EVT408496,2026-02-14 13:53:51,Trade Fair,J009,Majestic,19447,Weekend,False,Clear,False,0.0,False,False,0.428,Moderate,34.3,31.9,167.9,0.155,0.357,0.986,Moderate traffic flow - standard adaptive signal timing in effect
EVT408497,2025-03-20 07:12:46,Local Market Day,J031,Cubbon Road,2941,Weekday,False,Clear,False,0.0,False,False,0.42,Moderate,24.9,29.8,191.0,0.135,0.311,0.951,Moderate traffic flow - standard adaptive signal timing in effect
EVT408498,2025-12-16 04:49:29,Sports Fixture,J009,Majestic,23665,Weekday,False,Clear,False,0.0,False,False,0.34,Low,30.9,26.0,168.3,0.134,0.309,0.95,Moderate traffic flow - standard adaptive signal timing in effect
EVT408499,2025-09-07 16:42:26,Political Rally,J023,Basavanagudi,17316,Weekend,False,Rain,True,20.4,False,False,0.855,Severe,14.1,63.8,362.5,0.172,0.398,0.905,Heavy rain reducing visibility and grip - reduced speed and longer buffer advised
EVT408500,2025-09-22 13:32:24,Local Market Day,J012,Koramangala Sony World,2988,Weekday,False,Heavy Rain,True,46.9,False,False,0.508,Moderate,23.7,35.9,207.4,0.146,0.337,0.895,Light rain detected - minor speed reduction advised
EVT408501,2025-02-20 21:53:35,Political Rally,J011,Indiranagar 100ft Road,12808,Weekday,False,Clear,False,0.0,False,False,0.287,Low,30.7,20.4,183.0,0.12,0.277,0.957,Moderate traffic flow - standard adaptive signal timing in effect
EVT408502,2025-09-11 17:43:58,Local Market Day,J031,Cubbon Road,3534,Weekday,False,Heavy Rain,True,95.0,False,False,1.0,Severe,7.3,71.9,812.6,0.269,0.621,0.853,Heavy rain reducing visibility and grip - reduced speed and longer buffer advised
EVT408503,2025-11-01 08:12:29,Cultural Procession,J040,City Market,26472,Weekend,True,Light Rain,True,7.3,False,True,1.0,Severe,8.5,101.8,762.0,0.27,0.625,0.795,Road closure for event/procession - full detour recommended for through-traffic
EVT408504,2025-10-26 18:37:40,Concert,J023,Basavanagudi,11276,Weekend,False,Rain,True,24.9,False,False,1.0,Severe,7.0,60.2,688.0,0.199,0.459,0.865,Heavy rain reducing visibility and grip - reduced speed and longer buffer advised
EVT408505,2025-01-18 09:38:08,Concert,J011,Indiranagar 100ft Road,13168,Weekend,False,Clear,False,0.0,False,False,0.901,Severe,11.5,67.9,560.7,0.241,0.557,0.914,Heavy congestion detected - signal timing extended and reroute suggested
EVT408506,2025-07-31 07:41:46,Local Market Day,J020,Malleshwaram Circle,3595,Weekday,False,Clear,False,0.0,False,False,0.682,High,19.9,46.5,140.2,0.099,0.229,0.966,Moderate traffic flow - standard adaptive signal timing in effect
EVT408507,2025-01-19 11:34:07,Sports Fixture,J020,Malleshwaram Circle,29734,Weekend,False,Clear,False,0.0,False,False,0.491,Moderate,24.8,34.5,177.0,0.125,0.29,0.947,Moderate traffic flow - standard adaptive signal timing in effect
EVT408508,2025-02-11 22:53:21,Political Rally,J023,Basavanagudi,7502,Weekday,False,Clear,False,0.0,False,False,0.185,Low,27.8,10.8,136.4,0.1,0.231,0.961,Normal free-flow traffic - standard signal timing maintained
EVT408509,2025-03-11 10:00:02,Concert,J031,Cubbon Road,6459,Weekday,False,Clear,False,0.0,False,False,0.87,Severe,13.1,64.0,584.9,0.249,0.574,0.969,Heavy congestion detected - signal timing extended and reroute suggested
EVT408510,2025-01-22 05:57:57,Political Rally,J023,Basavanagudi,16508,Weekday,False,Clear,False,0.0,True,False,0.682,High,17.0,42.8,294.8,0.152,0.351,0.815,Accident detected nearby - reroute and reduced speed advised
EVT408511,2025-08-15 19:03:05,Cultural Procession,J009,Majestic,22447,Weekday,True,Clear,False,0.0,False,True,1.0,Severe,12.1,98.6,303.7,0.158,0.365,0.854,Road closure for event/procession - full detour recommended for through-traffic
EVT408512,2025-11-13 08:20:11,Sports Fixture,J040,City Market,50601,Weekday,False,Clear,False,0.0,False,False,1.0,Severe,7.8,77.6,333.5,0.102,0.235,0.908,Heavy congestion detected - signal timing extended and reroute suggested
EVT408513,2025-05-30 07:23:17,Political Rally,J023,Basavanagudi,17058,Weekday,False,Clear,False,0.0,False,False,0.613,High,17.1,40.6,467.2,0.242,0.559,0.957,Moderate traffic flow - standard adaptive signal timing in effect
EVT408514,2025-12-19 01:49:06,Local Market Day,J031,Cubbon Road,3197,Weekday,False,Light Rain,True,2.3,False,False,0.292,Low,26.6,25.7,70.3,0.047,0.108,0.905,Light rain detected - minor speed reduction advised
EVT408515,2026-06-29 19:23:34,Sports Fixture,J009,Majestic,32790,Weekday,False,Clear,False,0.0,False,False,1.0,Severe,7.5,69.7,651.0,0.225,0.519,0.91,Heavy congestion detected - signal timing extended and reroute suggested
EVT408516,2025-05-10 16:59:20,Sports Fixture,J011,Indiranagar 100ft Road,15558,Weekend,False,Clear,False,0.0,False,False,0.759,Severe,15.4,53.1,237.8,0.146,0.337,0.967,Heavy congestion detected - signal timing extended and reroute suggested
EVT408517,2025-10-15 09:52:04,Local Market Day,J030,MG Road,4460,Weekday,False,Rain,True,8.9,False,False,1.0,Severe,7.6,74.0,456.7,0.147,0.341,0.867,Heavy rain reducing visibility and grip - reduced speed and longer buffer advised
EVT408518,2025-11-07 12:05:37,Sports Fixture,J012,Koramangala Sony World,21014,Weekday,False,Clear,False,0.0,False,False,0.35,Moderate,22.9,14.9,78.1,0.032,0.074,0.953,Moderate traffic flow - standard adaptive signal timing in effect
EVT408519,2025-07-28 14:57:23,Trade Fair,J012,Koramangala Sony World,5392,Weekday,False,Clear,False,0.0,False,False,0.27,Low,31.2,26.3,178.5,0.145,0.335,0.979,Moderate traffic flow - standard adaptive signal timing in effect
EVT408520,2025-12-26 12:24:25,Fireworks Display,J023,Basavanagudi,14892,Weekday,True,Clear,False,0.0,False,False,0.465,Moderate,26.8,35.2,180.9,0.118,0.272,0.913,Moderate traffic flow - standard adaptive signal timing in effect
EVT408521,2026-06-19 09:23:27,Concert,J012,Koramangala Sony World,11403,Weekday,False,Clear,False,0.0,False,False,0.98,Severe,8.8,63.7,446.0,0.147,0.34,0.911,Heavy congestion detected - signal timing extended and reroute suggested
EVT408522,2025-07-19 19:50:54,Concert,J040,City Market,5025,Weekend,False,Clear,False,0.0,False,False,0.659,High,20.2,50.6,113.2,0.08,0.186,0.964,Moderate traffic flow - standard adaptive signal timing in effect
EVT408523,2025-02-13 05:29:24,Concert,J012,Koramangala Sony World,16998,Weekday,False,Clear,False,0.0,False,False,0.252,Low,31.2,11.3,98.4,0.09,0.208,0.962,Moderate traffic flow - standard adaptive signal timing in effect
EVT408524,2026-02-23 14:12:38,Sports Fixture,J030,MG Road,14643,Weekday,False,Clear,False,0.0,False,False,0.257,Low,32.0,23.2,126.0,0.098,0.226,0.99,Moderate traffic flow - standard adaptive signal timing in effect
EVT408525,2025-05-18 13:00:58,Trade Fair,J011,Indiranagar 100ft Road,4188,Weekend,False,Fog,False,0.0,False,False,0.26,Low,29.8,17.1,138.2,0.129,0.297,0.983,Moderate traffic flow - standard adaptive signal timing in effect
EVT408526,2025-12-09 17:14:11,Trade Fair,J031,Cubbon Road,3961,Weekday,False,Clear,False,0.0,False,False,0.853,Severe,14.2,65.2,258.1,0.146,0.336,0.947,Heavy congestion detected - signal timing extended and reroute suggested
EVT408527,2025-03-04 14:50:15,Local Market Day,J012,Koramangala Sony World,3950,Weekday,False,Clear,False,0.0,False,False,0.314,Low,25.4,22.1,276.7,0.175,0.405,0.963,Moderate traffic flow - standard adaptive signal timing in effect
EVT408528,2026-05-28 08:57:00,Local Market Day,J040,City Market,2804,Weekday,False,Clear,False,0.0,False,False,1.0,Severe,9.4,76.6,410.9,0.163,0.378,0.918,Heavy congestion detected - signal timing extended and reroute suggested
EVT408529,2026-03-14 10:43:37,Trade Fair,J023,Basavanagudi,10863,Weekend,False,Clear,False,0.0,False,False,0.506,Moderate,24.0,36.0,222.3,0.125,0.289,0.967,Moderate traffic flow - standard adaptive signal timing in effect
EVT408530,2025-02-20 16:56:01,Local Market Day,J030,MG Road,5823,Weekday,False,Clear,False,0.0,False,False,0.638,High,17.8,46.4,303.0,0.173,0.399,0.965,Moderate traffic flow - standard adaptive signal timing in effect
EVT408531,2026-01-03 16:54:36,Local Market Day,J009,Majestic,2712,Weekend,False,Clear,False,0.0,False,False,0.602,High,18.2,47.6,281.9,0.164,0.379,0.942,Moderate traffic flow - standard adaptive signal timing in effect
EVT408532,2025-10-25 12:00:36,Sports Fixture,J012,Koramangala Sony World,15110,Weekend,False,Clear,False,0.0,False,False,0.331,Low,34.5,17.0,126.7,0.117,0.271,0.977,Moderate traffic flow - standard adaptive signal timing in effect
EVT408533,2025-04-29 16:28:48,Concert,J031,Cubbon Road,15684,Weekday,False,Clear,False,0.0,False,False,0.644,High,22.8,47.6,215.0,0.162,0.374,0.96,Moderate traffic flow - standard adaptive signal timing in effect
EVT408534,2025-10-05 15:06:25,Local Market Day,J030,MG Road,4832,Weekend,False,Heavy Rain,True,39.2,False,False,0.733,High,19.5,49.8,232.9,0.153,0.353,0.917,Heavy rain reducing visibility and grip - reduced speed and longer buffer advised
EVT408535,2025-02-16 13:41:46,Sports Fixture,J031,Cubbon Road,26773,Weekend,False,Clear,False,0.0,False,False,0.399,Moderate,27.9,23.9,183.8,0.16,0.369,0.953,Moderate traffic flow - standard adaptive signal timing in effect
EVT408536,2026-01-26 12:06:35,Fireworks Display,J031,Cubbon Road,40180,Weekday,True,Clear,False,0.0,False,False,0.641,High,18.6,44.1,309.1,0.174,0.403,0.923,Festival crowd surge detected - alternate route and extended cycle recommended
EVT408537,2025-02-14 12:56:29,Political Rally,J011,Indiranagar 100ft Road,23125,Weekday,False,Clear,False,0.0,False,False,0.348,Low,32.8,24.4,196.9,0.184,0.425,0.943,Moderate traffic flow - standard adaptive signal timing in effect
EVT408538,2026-06-13 07:51:03,Sports Fixture,J031,Cubbon Road,24191,Weekend,False,Clear,False,0.0,False,False,0.833,Severe,12.4,63.0,639.4,0.299,0.691,0.956,Heavy congestion detected - signal timing extended and reroute suggested
EVT408539,2025-09-04 06:16:15,Local Market Day,J009,Majestic,4897,Weekday,False,Heavy Rain,True,44.7,False,False,0.627,High,15.7,44.2,252.2,0.128,0.296,0.897,Heavy rain reducing visibility and grip - reduced speed and longer buffer advised
EVT408540,2025-06-21 05:57:04,Local Market Day,J011,Indiranagar 100ft Road,3842,Weekend,False,Clear,False,0.0,False,False,0.241,Low,36.1,19.8,93.3,0.075,0.174,0.979,Normal free-flow traffic - standard signal timing maintained
EVT408541,2026-06-16 11:44:18,Trade Fair,J012,Koramangala Sony World,9149,Weekday,False,Heavy Rain,True,30.4,False,False,0.525,Moderate,23.7,39.8,194.9,0.152,0.352,0.915,Light rain detected - minor speed reduction advised
EVT408542,2026-01-31 13:58:02,Concert,J012,Koramangala Sony World,16561,Weekend,False,Clear,False,0.0,False,False,0.316,Low,26.7,21.8,116.0,0.075,0.173,0.969,Moderate traffic flow - standard adaptive signal timing in effect
EVT408543,2025-10-19 16:58:14,Sports Fixture,J023,Basavanagudi,18197,Weekend,False,Rain,True,22.5,False,False,1.0,Severe,8.8,71.5,466.7,0.176,0.407,0.845,Heavy rain reducing visibility and grip - reduced speed and longer buffer advised
EVT408544,2026-05-24 00:55:55,Concert,J020,Malleshwaram Circle,7564,Weekend,False,Clear,False,0.0,False,False,0.209,Low,33.3,9.7,174.9,0.146,0.338,0.961,Normal free-flow traffic - standard signal timing maintained
EVT408545,2026-03-13 17:26:45,Concert,J031,Cubbon Road,11294,Weekday,False,Clear,False,0.0,False,False,0.923,Severe,11.7,65.3,422.5,0.188,0.434,0.935,Heavy congestion detected - signal timing extended and reroute suggested
EVT408546,2026-04-12 14:06:18,Concert,J031,Cubbon Road,6731,Weekend,False,Clear,False,0.0,False,False,0.244,Low,37.7,21.9,151.3,0.149,0.344,0.967,Normal free-flow traffic - standard signal timing maintained
EVT408547,2025-01-07 22:18:25,Local Market Day,J031,Cubbon Road,4745,Weekday,False,Clear,False,0.0,False,False,0.226,Low,30.9,19.6,150.9,0.121,0.279,0.985,Normal free-flow traffic - standard signal timing maintained
EVT408548,2025-03-21 12:29:51,Trade Fair,J023,Basavanagudi,5668,Weekday,False,Clear,False,0.0,False,False,0.201,Low,33.1,12.5,207.1,0.169,0.39,0.99,Normal free-flow traffic - standard signal timing maintained
EVT408549,2025-10-05 20:10:36,Concert,J031,Cubbon Road,11373,Weekend,False,Clear,False,0.0,False,False,0.66,High,17.5,46.2,155.1,0.095,0.219,0.957,Moderate traffic flow - standard adaptive signal timing in effect
EVT408550,2026-01-02 13:13:54,Fireworks Display,J012,Koramangala Sony World,14146,Weekday,True,Clear,False,0.0,False,False,0.491,Moderate,22.6,35.6,198.9,0.139,0.322,0.896,Moderate traffic flow - standard adaptive signal timing in effect
EVT408551,2025-01-26 13:27:43,Religious Festival,J009,Majestic,34410,Weekend,True,Clear,False,0.0,False,True,0.826,High,14.5,82.7,382.6,0.203,0.469,0.868,Road closure for event/procession - full detour recommended for through-traffic
EVT408552,2025-04-28 12:38:32,Local Market Day,J031,Cubbon Road,3686,Weekday,False,Light Rain,True,1.8,False,False,0.22,Low,28.3,16.9,258.4,0.189,0.436,0.942,Light rain detected - minor speed reduction advised
EVT408553,2026-02-09 14:46:00,Trade Fair,J030,MG Road,9548,Weekday,False,Fog,False,0.0,False,False,0.259,Low,32.0,17.8,113.8,0.12,0.277,0.979,Moderate traffic flow - standard adaptive signal timing in effect
EVT408554,2025-02-11 18:26:01,Concert,J011,Indiranagar 100ft Road,10379,Weekday,False,Clear,False,0.0,False,False,1.0,Severe,7.6,76.3,422.8,0.123,0.284,0.928,Heavy congestion detected - signal timing extended and reroute suggested
EVT408555,2025-07-27 20:48:37,Sports Fixture,J031,Cubbon Road,44725,Weekend,False,Clear,False,0.0,False,False,0.68,High,18.2,47.7,287.4,0.171,0.395,0.983,Moderate traffic flow - standard adaptive signal timing in effect
EVT408556,2025-10-23 16:43:10,Local Market Day,J009,Majestic,3446,Weekday,False,Clear,False,0.0,False,False,0.655,High,21.4,47.7,359.3,0.253,0.584,0.953,Moderate traffic flow - standard adaptive signal timing in effect
EVT408557,2026-01-27 18:58:43,Fireworks Display,J040,City Market,34327,Weekday,True,Clear,False,0.0,False,False,1.0,Severe,8.5,71.3,617.2,0.217,0.501,0.887,Festival crowd surge detected - alternate route and extended cycle recommended
EVT408558,2025-12-21 13:41:07,Political Rally,J009,Majestic,11395,Weekend,False,Clear,False,0.0,False,False,0.311,Low,25.0,23.8,137.1,0.093,0.215,0.981,Moderate traffic flow - standard adaptive signal timing in effect
EVT408559,2025-03-24 19:11:22,Sports Fixture,J009,Majestic,15947,Weekday,False,Clear,False,0.0,False,False,1.0,Severe,8.4,76.7,681.5,0.232,0.536,0.933,Heavy congestion detected - signal timing extended and reroute suggested
EVT408560,2025-04-21 13:54:10,Sports Fixture,J012,Koramangala Sony World,25609,Weekday,False,Clear,False,0.0,False,False,0.321,Low,28.0,19.0,170.4,0.147,0.34,0.967,Moderate traffic flow - standard adaptive signal timing in effect
EVT408561,2025-12-05 08:16:57,Concert,J011,Indiranagar 100ft Road,4903,Weekday,False,Clear,False,0.0,False,False,0.889,Severe,14.0,61.6,498.1,0.249,0.575,0.965,Heavy congestion detected - signal timing extended and reroute suggested
EVT408562,2025-04-13 18:11:44,Sports Fixture,J031,Cubbon Road,21395,Weekend,False,Clear,False,0.0,False,False,0.917,Severe,12.2,72.7,393.7,0.168,0.389,0.971,Heavy congestion detected - signal timing extended and reroute suggested
EVT408563,2025-06-01 09:18:51,Local Market Day,J023,Basavanagudi,3127,Weekend,False,Rain,True,13.0,False,False,0.982,Severe,6.3,70.4,545.8,0.149,0.345,0.853,Heavy rain reducing visibility and grip - reduced speed and longer buffer advised
EVT408564,2025-04-06 13:11:45,Cultural Procession,J011,Indiranagar 100ft Road,19252,Weekend,True,Clear,False,0.0,False,True,0.78,High,19.1,75.0,282.3,0.187,0.432,0.863,Road closure for event/procession - full detour recommended for through-traffic
EVT408565,2026-03-24 18:39:20,Concert,J031,Cubbon Road,9700,Weekday,False,Clear,False,0.0,False,False,1.0,Severe,8.3,64.6,587.2,0.205,0.475,0.895,Heavy congestion detected - signal timing extended and reroute suggested
EVT408566,2025-02-18 02:32:05,Sports Fixture,J023,Basavanagudi,19189,Weekday,False,Clear,False,0.0,False,False,0.239,Low,29.5,19.6,112.4,0.06,0.139,0.959,Normal free-flow traffic - standard signal timing maintained
EVT408567,2026-02-11 11:39:53,Sports Fixture,J020,Malleshwaram Circle,20844,Weekday,False,Clear,False,0.0,False,False,0.384,Moderate,31.3,38.0,123.6,0.1,0.232,0.95,Moderate traffic flow - standard adaptive signal timing in effect
EVT408568,2025-07-19 16:42:13,Sports Fixture,J023,Basavanagudi,18311,Weekend,False,Clear,False,0.0,False,False,0.667,High,19.6,48.7,385.8,0.26,0.601,0.973,Moderate traffic flow - standard adaptive signal timing in effect
EVT408569,2025-12-11 12:13:49,Sports Fixture,J031,Cubbon Road,15200,Weekday,False,Fog,False,0.0,False,False,0.302,Low,30.7,23.5,147.9,0.133,0.308,0.965,Moderate traffic flow - standard adaptive signal timing in effect
EVT408570,2026-03-20 15:46:59,Cultural Procession,J030,MG Road,18022,Weekday,True,Clear,False,0.0,False,True,0.839,High,12.2,82.6,351.9,0.161,0.372,0.86,Road closure for event/procession - full detour recommended for through-traffic
EVT408571,2026-03-03 11:28:02,Trade Fair,J011,Indiranagar 100ft Road,10987,Weekday,False,Clear,False,0.0,False,False,0.348,Low,32.9,20.8,174.9,0.168,0.387,0.976,Moderate traffic flow - standard adaptive signal timing in effect
EVT408572,2025-03-10 09:52:05,Concert,J023,Basavanagudi,9305,Weekday,False,Clear,False,0.0,False,False,0.891,Severe,11.7,60.1,384.7,0.168,0.388,0.923,Heavy congestion detected - signal timing extended and reroute suggested
EVT408573,2025-07-31 06:57:43,Local Market Day,J011,Indiranagar 100ft Road,4823,Weekday,False,Clear,False,0.0,False,False,0.523,Moderate,26.2,32.4,264.7,0.2,0.462,0.985,Moderate traffic flow - standard adaptive signal timing in effect
EVT408574,2026-04-01 19:35:51,Concert,J030,MG Road,12954,Weekday,False,Clear,False,0.0,False,False,0.864,Severe,11.2,67.3,418.6,0.191,0.441,0.938,Heavy congestion detected - signal timing extended and reroute suggested
EVT408575,2025-11-06 12:27:48,Trade Fair,J009,Majestic,12240,Weekday,False,Heavy Rain,True,28.0,False,False,0.533,Moderate,23.5,33.0,139.2,0.092,0.213,0.91,Light rain detected - minor speed reduction advised
EVT408576,2025-06-21 15:23:39,Political Rally,J030,MG Road,14115,Weekend,False,Clear,False,0.0,False,False,0.387,Moderate,32.2,29.4,164.4,0.149,0.344,0.963,Moderate traffic flow - standard adaptive signal timing in effect
EVT408577,2026-03-05 16:46:39,Religious Festival,J012,Koramangala Sony World,52654,Weekday,True,Fog,False,0.0,False,True,1.0,Severe,11.4,98.9,291.8,0.155,0.359,0.845,Road closure for event/procession - full detour recommended for through-traffic
EVT408578,2025-05-13 11:55:48,Sports Fixture,J023,Basavanagudi,25111,Weekday,False,Clear,False,0.0,False,False,0.318,Low,27.3,17.4,190.8,0.126,0.291,0.969,Moderate traffic flow - standard adaptive signal timing in effect
EVT408579,2025-05-17 10:29:53,Sports Fixture,J009,Majestic,35489,Weekend,False,Clear,False,0.0,False,False,0.723,High,18.4,55.4,203.6,0.137,0.316,0.982,Moderate traffic flow - standard adaptive signal timing in effect
EVT408580,2025-02-04 15:23:51,Political Rally,J040,City Market,31432,Weekday,False,Clear,False,0.0,False,False,0.488,Moderate,27.2,34.6,249.8,0.192,0.444,0.97,Moderate traffic flow - standard adaptive signal timing in effect
EVT408581,2025-02-20 15:45:04,Sports Fixture,J031,Cubbon Road,36121,Weekday,False,Clear,False,0.0,False,False,0.551,High,26.5,41.0,186.8,0.143,0.331,0.969,Moderate traffic flow - standard adaptive signal timing in effect
EVT408582,2025-11-30 18:54:25,Local Market Day,J011,Indiranagar 100ft Road,7333,Weekend,False,Clear,False,0.0,False,False,0.831,Severe,15.9,59.3,347.5,0.184,0.424,0.956,Heavy congestion detected - signal timing extended and reroute suggested
EVT408583,2026-03-24 23:26:48,Trade Fair,J012,Koramangala Sony World,7103,Weekday,False,Light Rain,True,6.7,False,False,0.355,Moderate,34.7,24.4,189.1,0.177,0.408,0.911,Light rain detected - minor speed reduction advised
EVT408584,2025-05-22 11:18:41,Local Market Day,J020,Malleshwaram Circle,3143,Weekday,False,Clear,False,0.0,False,False,0.317,Low,33.9,21.9,95.9,0.079,0.182,0.955,Moderate traffic flow - standard adaptive signal timing in effect
EVT408585,2026-06-02 20:05:43,Political Rally,J020,Malleshwaram Circle,10641,Weekday,False,Rain,True,17.0,False,False,0.982,Severe,7.1,65.4,460.1,0.128,0.295,0.865,Heavy rain reducing visibility and grip - reduced speed and longer buffer advised
EVT408586,2025-02-20 14:37:40,Trade Fair,J023,Basavanagudi,13590,Weekday,False,Clear,False,0.0,False,False,0.25,Low,25.1,20.0,190.9,0.145,0.335,0.969,Moderate traffic flow - standard adaptive signal timing in effect
EVT408587,2026-01-04 21:52:07,Trade Fair,J030,MG Road,7221,Weekend,False,Clear,False,0.0,False,False,0.418,Moderate,31.6,28.3,216.6,0.177,0.409,0.972,Moderate traffic flow - standard adaptive signal timing in effect
EVT408588,2025-07-29 12:19:09,Trade Fair,J009,Majestic,9645,Weekday,False,Heavy Rain,True,30.4,False,False,0.562,High,20.6,38.1,298.3,0.2,0.461,0.924,Heavy rain reducing visibility and grip - reduced speed and longer buffer advised
EVT408589,2026-05-01 16:04:01,Religious Festival,J040,City Market,39615,Weekday,True,Clear,False,0.0,False,True,0.992,Severe,9.5,95.8,359.5,0.134,0.309,0.811,Road closure for event/procession - full detour recommended for through-traffic
EVT408590,2025-12-22 17:55:06,Local Market Day,J031,Cubbon Road,3581,Weekday,False,Clear,False,0.0,False,False,0.978,Severe,8.8,67.6,475.1,0.159,0.367,0.928,Heavy congestion detected - signal timing extended and reroute suggested
EVT408591,2025-08-23 09:17:31,Sports Fixture,J012,Koramangala Sony World,21413,Weekend,False,Clear,False,0.0,False,False,0.965,Severe,10.7,69.9,182.6,0.087,0.201,0.937,Heavy congestion detected - signal timing extended and reroute suggested
EVT408592,2025-09-04 16:40:45,Concert,J011,Indiranagar 100ft Road,18531,Weekday,False,Clear,False,0.0,False,False,0.686,High,19.8,52.4,147.1,0.096,0.221,0.971,Moderate traffic flow - standard adaptive signal timing in effect
EVT408593,2025-06-28 06:23:09,Concert,J012,Koramangala Sony World,10847,Weekend,False,Heavy Rain,True,63.5,False,False,0.731,High,15.3,48.9,297.5,0.144,0.333,0.927,Heavy rain reducing visibility and grip - reduced speed and longer buffer advised
EVT408594,2025-04-07 16:48:30,Religious Festival,J030,MG Road,54556,Weekday,True,Clear,False,0.0,False,True,1.0,Severe,9.2,94.4,416.3,0.187,0.432,0.832,Road closure for event/procession - full detour recommended for through-traffic
EVT408595,2026-03-28 11:24:42,Local Market Day,J020,Malleshwaram Circle,5428,Weekend,False,Clear,False,0.0,False,False,0.404,Moderate,26.2,31.4,125.4,0.095,0.22,0.981,Moderate traffic flow - standard adaptive signal timing in effect
EVT408596,2026-02-21 18:40:17,Local Market Day,J030,MG Road,4604,Weekend,False,Clear,False,0.0,False,False,0.815,Severe,14.7,53.7,209.5,0.127,0.293,0.948,Heavy congestion detected - signal timing extended and reroute suggested
EVT408597,2025-07-15 19:42:48,Trade Fair,J030,MG Road,7062,Weekday,False,Clear,False,0.0,False,False,0.88,Severe,13.1,62.2,480.5,0.219,0.505,0.922,Heavy congestion detected - signal timing extended and reroute suggested
EVT408598,2025-01-02 13:16:03,Concert,J009,Majestic,6111,Weekday,False,Clear,False,0.0,False,False,0.24,Low,31.9,16.6,191.6,0.165,0.382,0.956,Normal free-flow traffic - standard signal timing maintained
EVT408599,2025-09-13 12:22:18,Sports Fixture,J031,Cubbon Road,12859,Weekend,False,Clear,False,0.0,False,False,0.381,Moderate,27.7,29.2,158.6,0.106,0.245,0.954,Moderate traffic flow - standard adaptive signal timing in effect
EVT408600,2026-03-31 09:28:39,Local Market Day,J012,Koramangala Sony World,4750,Weekday,False,Light Rain,True,2.7,False,False,1.0,Severe,6.3,68.1,653.3,0.183,0.423,0.868,Heavy rain reducing visibility and grip - reduced speed and longer buffer advised
EVT408601,2025-04-03 17:03:29,Sports Fixture,J030,MG Road,28656,Weekday,False,Clear,False,0.0,False,False,0.889,Severe,11.5,63.5,337.2,0.158,0.364,0.94,Heavy congestion detected - signal timing extended and reroute suggested
EVT408602,2025-06-16 09:21:19,Sports Fixture,J009,Majestic,13828,Weekday,False,Rain,True,24.2,False,False,1.0,Severe,8.2,74.2,481.8,0.188,0.433,0.865,Heavy rain reducing visibility and grip - reduced speed and longer buffer advised
EVT408603,2025-06-12 15:45:30,Trade Fair,J023,Basavanagudi,16584,Weekday,False,Heavy Rain,True,35.7,False,False,0.761,Severe,13.4,52.0,293.5,0.154,0.355,0.929,Heavy rain reducing visibility and grip - reduced speed and longer buffer advised
EVT408604,2026-06-05 09:25:22,Sports Fixture,J020,Malleshwaram Circle,26953,Weekday,False,Clear,False,0.0,False,False,1.0,Severe,7.6,79.7,669.0,0.201,0.464,0.917,Heavy congestion detected - signal timing extended and reroute suggested
EVT408605,2025-08-16 07:16:19,Religious Festival,J023,Basavanagudi,88190,Weekend,True,Clear,False,0.0,False,True,1.0,Severe,6.3,96.6,891.7,0.265,0.612,0.832,Road closure for event/procession - full detour recommended for through-traffic
EVT408606,2025-04-24 14:01:04,Trade Fair,J040,City Market,8849,Weekday,False,Clear,False,0.0,False,False,0.163,Low,30.4,2.0,179.7,0.124,0.286,0.989,Normal free-flow traffic - standard signal timing maintained
EVT408607,2025-11-16 06:55:42,Trade Fair,J020,Malleshwaram Circle,8786,Weekend,False,Rain,True,11.0,False,False,0.659,High,25.0,46.0,260.7,0.179,0.413,0.931,Heavy rain reducing visibility and grip - reduced speed and longer buffer advised
EVT408608,2026-02-20 00:22:42,Local Market Day,J031,Cubbon Road,4036,Weekday,False,Clear,False,0.0,False,False,0.116,Low,35.0,9.0,139.0,0.119,0.275,0.974,Normal free-flow traffic - standard signal timing maintained
EVT408609,2026-04-08 08:05:31,Sports Fixture,J012,Koramangala Sony World,19277,Weekday,False,Clear,False,0.0,False,False,0.909,Severe,10.2,65.6,510.2,0.196,0.454,0.941,Heavy congestion detected - signal timing extended and reroute suggested
EVT408610,2025-03-06 10:31:14,Concert,J009,Majestic,9528,Weekday,False,Clear,False,0.0,False,False,0.575,High,24.3,45.3,329.1,0.247,0.569,0.956,Moderate traffic flow - standard adaptive signal timing in effect
EVT408611,2026-01-07 12:29:40,Sports Fixture,J020,Malleshwaram Circle,23276,Weekday,False,Clear,False,0.0,False,False,0.241,Low,25.6,12.3,115.7,0.091,0.211,0.97,Normal free-flow traffic - standard signal timing maintained
EVT408612,2025-12-29 16:14:21,Political Rally,J023,Basavanagudi,10228,Weekday,False,Clear,False,0.0,False,False,0.559,High,21.6,41.8,313.7,0.193,0.445,0.974,Moderate traffic flow - standard adaptive signal timing in effect
EVT408613,2026-01-05 11:57:15,Local Market Day,J012,Koramangala Sony World,5258,Weekday,False,Clear,False,0.0,False,False,0.275,Low,37.5,19.1,109.5,0.103,0.238,0.969,Moderate traffic flow - standard adaptive signal timing in effect
EVT408614,2025-05-18 15:33:54,Trade Fair,J040,City Market,10320,Weekend,False,Clear,False,0.0,False,False,0.349,Low,30.1,23.7,163.1,0.143,0.329,0.964,Moderate traffic flow - standard adaptive signal timing in effect
EVT408615,2025-03-18 09:41:27,Sports Fixture,J009,Majestic,33098,Weekday,False,Clear,False,0.0,False,False,1.0,Severe,6.5,68.0,546.3,0.169,0.391,0.92,Heavy congestion detected - signal timing extended and reroute suggested
EVT408616,2025-07-05 14:59:20,Sports Fixture,J030,MG Road,29181,Weekend,False,Rain,True,24.4,False,False,0.712,High,16.5,50.3,111.4,0.067,0.154,0.9,Heavy rain reducing visibility and grip - reduced speed and longer buffer advised
EVT408617,2026-01-25 17:30:20,Concert,J012,Koramangala Sony World,8080,Weekend,False,Clear,False,0.0,False,False,0.77,Severe,18.1,45.9,143.7,0.08,0.185,0.941,Heavy congestion detected - signal timing extended and reroute suggested
EVT408618,2025-05-13 23:47:50,Trade Fair,J009,Majestic,7534,Weekday,False,Fog,False,0.0,False,False,0.154,Low,32.8,10.8,152.1,0.139,0.321,0.948,Normal free-flow traffic - standard signal timing maintained
EVT408619,2026-04-10 13:34:42,Sports Fixture,J030,MG Road,20363,Weekday,False,Clear,False,0.0,False,False,0.25,Low,35.1,21.9,102.8,0.103,0.238,0.968,Normal free-flow traffic - standard signal timing maintained
EVT408620,2025-05-22 08:36:43,Local Market Day,J020,Malleshwaram Circle,3587,Weekday,False,Clear,False,0.0,False,False,0.989,Severe,10.3,70.5,485.2,0.211,0.488,0.925,Heavy congestion detected - signal timing extended and reroute suggested
EVT408621,2025-03-06 09:55:21,Trade Fair,J030,MG Road,6646,Weekday,False,Clear,False,0.0,False,False,0.821,Severe,13.0,56.2,267.6,0.109,0.251,0.942,Heavy congestion detected - signal timing extended and reroute suggested
EVT408622,2026-04-16 07:10:01,Sports Fixture,J030,MG Road,24427,Weekday,False,Clear,False,0.0,False,False,0.564,High,20.8,39.3,284.7,0.175,0.404,0.937,Moderate traffic flow - standard adaptive signal timing in effect
EVT408623,2026-03-04 19:52:35,Religious Festival,J023,Basavanagudi,50875,Weekday,True,Fog,False,0.0,False,True,1.0,Severe,9.2,103.3,570.2,0.212,0.49,0.829,Road closure for event/procession - full detour recommended for through-traffic
EVT408624,2025-05-01 10:57:35,Religious Festival,J023,Basavanagudi,68807,Weekday,True,Clear,False,0.0,False,True,1.0,Severe,7.4,99.3,511.1,0.166,0.382,0.842,Road closure for event/procession - full detour recommended for through-traffic
EVT408625,2026-02-22 18:08:51,Trade Fair,J011,Indiranagar 100ft Road,9267,Weekend,False,Clear,False,0.0,False,False,0.93,Severe,8.3,70.1,545.5,0.193,0.445,0.942,Heavy congestion detected - signal timing extended and reroute suggested
EVT408626,2025-05-30 09:52:38,Trade Fair,J011,Indiranagar 100ft Road,12241,Weekday,False,Heavy Rain,True,39.3,False,False,1.0,Severe,8.8,67.2,663.0,0.23,0.532,0.871,Heavy rain reducing visibility and grip - reduced speed and longer buffer advised
EVT408627,2026-05-18 09:09:06,Local Market Day,J030,MG Road,6974,Weekday,False,Clear,False,0.0,False,False,1.0,Severe,10.0,68.9,608.3,0.255,0.589,0.903,Heavy congestion detected - signal timing extended and reroute suggested
EVT408628,2025-04-02 12:23:25,Trade Fair,J012,Koramangala Sony World,8207,Weekday,False,Clear,False,0.0,False,False,0.233,Low,30.4,18.7,183.8,0.164,0.378,0.95,Normal free-flow traffic - standard signal timing maintained
EVT408629,2026-03-15 09:17:02,Concert,J030,MG Road,12307,Weekend,False,Clear,False,0.0,False,False,0.854,Severe,10.7,63.1,160.0,0.066,0.153,0.926,Heavy congestion detected - signal timing extended and reroute suggested
EVT408630,2026-05-22 13:55:02,Trade Fair,J012,Koramangala Sony World,7837,Weekday,False,Clear,False,0.0,False,False,0.247,Low,37.9,16.4,114.6,0.116,0.268,0.94,Normal free-flow traffic - standard signal timing maintained
EVT408631,2025-02-05 18:47:30,Local Market Day,J011,Indiranagar 100ft Road,6799,Weekday,False,Clear,False,0.0,False,False,0.985,Severe,8.3,65.1,519.1,0.186,0.429,0.922,Heavy congestion detected - signal timing extended and reroute suggested
EVT408632,2025-10-06 08:06:56,Local Market Day,J040,City Market,2245,Weekday,False,Light Rain,True,6.9,False,False,0.976,Severe,7.7,72.3,422.3,0.137,0.318,0.839,Heavy rain reducing visibility and grip - reduced speed and longer buffer advised
EVT408633,2025-01-02 06:56:21,Trade Fair,J011,Indiranagar 100ft Road,4119,Weekday,False,Clear,False,0.0,False,False,0.371,Moderate,23.7,23.5,233.8,0.142,0.327,0.954,Moderate traffic flow - standard adaptive signal timing in effect
EVT408634,2026-05-03 23:03:55,Local Market Day,J023,Basavanagudi,4119,Weekend,False,Rain,True,18.2,False,False,0.413,Moderate,25.0,27.2,219.9,0.148,0.341,0.921,Light rain detected - minor speed reduction advised
EVT408635,2025-02-10 08:50:10,Local Market Day,J020,Malleshwaram Circle,3125,Weekday,False,Clear,False,0.0,False,False,0.937,Severe,9.6,66.6,888.9,0.315,0.728,0.91,Heavy congestion detected - signal timing extended and reroute suggested
EVT408636,2025-04-07 21:45:53,Cultural Procession,J030,MG Road,16964,Weekday,True,Clear,False,0.0,False,True,0.7,High,18.7,66.2,285.0,0.176,0.407,0.887,Road closure for event/procession - full detour recommended for through-traffic
EVT408637,2025-02-16 10:55:46,Local Market Day,J011,Indiranagar 100ft Road,6721,Weekend,False,Clear,False,0.0,False,False,0.45,Moderate,30.5,36.3,238.6,0.183,0.423,0.967,Moderate traffic flow - standard adaptive signal timing in effect
EVT408638,2026-02-22 18:47:21,Local Market Day,J031,Cubbon Road,5533,Weekend,False,Fog,False,0.0,False,False,0.89,Severe,12.1,63.1,299.1,0.147,0.34,0.956,Heavy congestion detected - signal timing extended and reroute suggested
EVT408639,2025-07-20 16:31:08,Concert,J031,Cubbon Road,7864,Weekend,False,Light Rain,True,6.3,False,False,0.689,High,24.4,47.8,221.3,0.148,0.341,0.911,Heavy rain reducing visibility and grip - reduced speed and longer buffer advised
EVT408640,2025-05-30 08:04:39,Trade Fair,J031,Cubbon Road,13668,Weekday,False,Clear,False,0.0,False,False,0.862,Severe,14.3,62.7,302.8,0.149,0.344,0.919,Heavy congestion detected - signal timing extended and reroute suggested
EVT408641,2025-10-16 11:50:16,Local Market Day,J030,MG Road,4664,Weekday,False,Clear,False,0.0,False,False,0.213,Low,26.6,15.8,81.8,0.058,0.133,0.968,Normal free-flow traffic - standard signal timing maintained
EVT408642,2025-06-05 08:37:37,Concert,J031,Cubbon Road,11463,Weekday,False,Clear,False,0.0,False,False,1.0,Severe,8.6,76.3,550.4,0.197,0.455,0.892,Heavy congestion detected - signal timing extended and reroute suggested
EVT408643,2025-10-27 07:06:54,Sports Fixture,J009,Majestic,15732,Weekday,False,Light Rain,True,5.9,False,False,0.67,High,17.6,49.8,179.4,0.113,0.261,0.919,Heavy rain reducing visibility and grip - reduced speed and longer buffer advised
EVT408644,2025-11-28 11:15:08,Concert,J011,Indiranagar 100ft Road,17852,Weekday,False,Light Rain,True,2.3,False,False,0.556,High,18.7,42.4,322.0,0.189,0.437,0.896,Heavy rain reducing visibility and grip - reduced speed and longer buffer advised
EVT408645,2026-01-06 16:21:41,Local Market Day,J040,City Market,7221,Weekday,False,Clear,False,0.0,False,False,0.548,Moderate,16.3,38.8,359.6,0.185,0.428,0.979,Moderate traffic flow - standard adaptive signal timing in effect
EVT408646,2025-12-12 08:42:21,Trade Fair,J009,Majestic,16022,Weekday,False,Clear,False,0.0,False,False,1.0,Severe,7.2,69.2,738.3,0.232,0.537,0.935,Heavy congestion detected - signal timing extended and reroute suggested
EVT408647,2025-06-21 20:13:29,Concert,J040,City Market,10945,Weekend,False,Clear,False,0.0,False,False,0.622,High,20.4,45.9,285.6,0.182,0.421,0.958,Moderate traffic flow - standard adaptive signal timing in effect
EVT408648,2025-05-16 17:40:41,Concert,J009,Majestic,13861,Weekday,False,Clear,False,0.0,False,False,0.968,Severe,10.5,71.0,452.4,0.196,0.454,0.905,Heavy congestion detected - signal timing extended and reroute suggested
EVT408649,2025-02-25 12:48:15,Trade Fair,J009,Majestic,15815,Weekday,False,Clear,False,0.0,False,False,0.263,Low,34.5,22.0,148.0,0.141,0.326,0.941,Moderate traffic flow - standard adaptive signal timing in effect
EVT408650,2025-06-27 19:41:41,Sports Fixture,J020,Malleshwaram Circle,26964,Weekday,False,Clear,False,0.0,False,False,0.947,Severe,9.8,63.5,577.5,0.216,0.499,0.929,Heavy congestion detected - signal timing extended and reroute suggested
EVT408651,2026-03-30 16:42:10,Trade Fair,J030,MG Road,9925,Weekday,False,Clear,False,0.0,False,False,0.683,High,17.4,43.9,277.9,0.163,0.376,0.946,Moderate traffic flow - standard adaptive signal timing in effect
EVT408652,2025-05-04 06:10:14,Concert,J031,Cubbon Road,11950,Weekend,False,Rain,True,13.6,False,False,0.535,Moderate,25.2,43.8,154.8,0.126,0.291,0.909,Light rain detected - minor speed reduction advised
EVT408653,2026-06-03 20:57:52,Sports Fixture,J020,Malleshwaram Circle,29317,Weekday,False,Heavy Rain,True,60.6,False,False,0.968,Severe,10.4,66.8,407.5,0.17,0.392,0.863,Heavy rain reducing visibility and grip - reduced speed and longer buffer advised
EVT408654,2025-09-23 20:21:30,Sports Fixture,J031,Cubbon Road,27034,Weekday,False,Clear,False,0.0,False,False,0.716,High,21.6,53.5,130.8,0.086,0.198,0.982,Moderate traffic flow - standard adaptive signal timing in effect
EVT408655,2025-03-23 07:46:06,Trade Fair,J030,MG Road,9003,Weekend,False,Clear,False,0.0,False,False,0.639,High,20.7,44.6,176.1,0.11,0.253,0.947,Moderate traffic flow - standard adaptive signal timing in effect
EVT408656,2025-06-01 15:08:20,Concert,J030,MG Road,7709,Weekend,False,Clear,False,0.0,False,False,0.355,Moderate,31.6,21.4,175.6,0.135,0.311,0.98,Moderate traffic flow - standard adaptive signal timing in effect
EVT408657,2025-10-14 06:56:24,Sports Fixture,J011,Indiranagar 100ft Road,19134,Weekday,False,Clear,False,0.0,False,False,0.591,High,20.1,40.7,189.4,0.125,0.289,0.975,Moderate traffic flow - standard adaptive signal timing in effect
EVT408658,2025-02-09 19:59:49,Trade Fair,J023,Basavanagudi,10856,Weekend,False,Clear,False,0.0,False,False,0.652,High,19.0,48.2,124.7,0.087,0.201,0.951,Moderate traffic flow - standard adaptive signal timing in effect
EVT408659,2025-09-13 05:27:22,Local Market Day,J030,MG Road,3583,Weekend,False,Rain,True,12.4,False,False,0.38,Moderate,31.1,25.9,103.2,0.071,0.164,0.937,Light rain detected - minor speed reduction advised
EVT408660,2025-02-15 21:53:21,Concert,J012,Koramangala Sony World,13729,Weekend,False,Clear,False,0.0,False,False,0.375,Moderate,27.8,35.2,107.7,0.088,0.203,0.974,Moderate traffic flow - standard adaptive signal timing in effect
EVT408661,2025-11-04 07:08:00,Local Market Day,J009,Majestic,4449,Weekday,False,Clear,False,0.0,False,False,0.45,Moderate,31.8,31.4,187.3,0.169,0.389,0.952,Moderate traffic flow - standard adaptive signal timing in effect
EVT408662,2026-01-17 07:47:57,Sports Fixture,J031,Cubbon Road,29604,Weekend,False,Fog,False,0.0,False,False,0.847,Severe,13.7,60.7,281.3,0.148,0.342,0.947,Heavy congestion detected - signal timing extended and reroute suggested
EVT408663,2026-05-19 08:07:12,Sports Fixture,J030,MG Road,16130,Weekday,False,Clear,False,0.0,False,False,0.939,Severe,10.9,69.9,539.1,0.244,0.563,0.9,Heavy congestion detected - signal timing extended and reroute suggested
EVT408664,2025-02-16 16:23:49,Sports Fixture,J009,Majestic,16647,Weekend,False,Clear,False,0.0,False,False,0.546,Moderate,26.6,45.3,220.5,0.156,0.359,0.928,Moderate traffic flow - standard adaptive signal timing in effect
EVT408665,2025-04-07 10:53:59,Fireworks Display,J040,City Market,37083,Weekday,True,Heavy Rain,True,38.3,False,False,1.0,Severe,10.0,75.8,541.2,0.208,0.481,0.838,Festival crowd surge detected - alternate route and extended cycle recommended
EVT408666,2026-01-21 09:48:55,Local Market Day,J012,Koramangala Sony World,7903,Weekday,False,Clear,False,0.0,False,False,0.9,Severe,11.0,61.8,249.0,0.111,0.256,0.911,Heavy congestion detected - signal timing extended and reroute suggested
EVT408667,2025-01-16 08:29:44,Trade Fair,J012,Koramangala Sony World,8979,Weekday,False,Clear,False,0.0,False,False,1.0,Severe,9.3,66.2,451.3,0.16,0.369,0.898,Heavy congestion detected - signal timing extended and reroute suggested
EVT408668,2025-12-27 12:34:12,Local Market Day,J009,Majestic,8923,Weekend,False,Clear,False,0.0,False,False,0.191,Low,39.1,12.4,61.0,0.047,0.108,0.943,Normal free-flow traffic - standard signal timing maintained
EVT408669,2026-02-06 13:11:58,Sports Fixture,J023,Basavanagudi,13504,Weekday,False,Clear,False,0.0,False,False,0.281,Low,32.8,15.2,190.8,0.166,0.384,0.99,Moderate traffic flow - standard adaptive signal timing in effect
EVT408670,2025-07-04 17:40:20,Local Market Day,J030,MG Road,6296,Weekday,False,Heavy Rain,True,83.4,False,False,1.0,Severe,7.5,70.1,533.3,0.15,0.347,0.879,Heavy rain reducing visibility and grip - reduced speed and longer buffer advised
EVT408671,2025-04-19 17:03:07,Sports Fixture,J023,Basavanagudi,25023,Weekend,False,Clear,False,0.0,False,False,0.717,High,17.6,46.4,258.9,0.142,0.328,0.953,Moderate traffic flow - standard adaptive signal timing in effect
EVT408672,2026-02-27 06:42:00,Concert,J011,Indiranagar 100ft Road,10407,Weekday,False,Clear,False,0.0,False,False,0.358,Moderate,24.8,24.2,149.3,0.106,0.245,0.963,Moderate traffic flow - standard adaptive signal timing in effect
EVT408673,2025-07-07 16:40:44,Trade Fair,J020,Malleshwaram Circle,5730,Weekday,False,Heavy Rain,True,28.2,False,False,0.852,Severe,13.4,63.0,238.6,0.107,0.248,0.877,Heavy rain reducing visibility and grip - reduced speed and longer buffer advised
EVT408674,2026-01-07 14:14:07,Sports Fixture,J023,Basavanagudi,12706,Weekday,False,Clear,False,0.0,False,False,0.224,Low,28.5,18.6,129.6,0.113,0.262,0.967,Normal free-flow traffic - standard signal timing maintained
EVT408675,2025-05-06 11:31:32,Local Market Day,J020,Malleshwaram Circle,2249,Weekday,False,Clear,False,0.0,False,False,0.261,Low,34.7,18.1,178.6,0.173,0.399,0.983,Moderate traffic flow - standard adaptive signal timing in effect
EVT408676,2025-07-27 14:45:35,Political Rally,J011,Indiranagar 100ft Road,16192,Weekend,False,Clear,False,0.0,False,False,0.42,Moderate,24.8,29.7,200.1,0.147,0.341,0.959,Moderate traffic flow - standard adaptive signal timing in effect
EVT408677,2025-11-23 18:48:32,Concert,J012,Koramangala Sony World,8527,Weekend,False,Clear,False,0.0,False,False,0.839,Severe,11.3,62.6,328.4,0.147,0.339,0.943,Heavy congestion detected - signal timing extended and reroute suggested
EVT408678,2026-02-15 15:42:43,Trade Fair,J023,Basavanagudi,10127,Weekend,False,Clear,False,0.0,False,False,0.389,Moderate,30.4,30.1,220.2,0.18,0.416,0.951,Moderate traffic flow - standard adaptive signal timing in effect
EVT408679,2025-03-22 18:28:37,Sports Fixture,J020,Malleshwaram Circle,36098,Weekend,False,Clear,False,0.0,False,False,1.0,Severe,7.8,70.6,519.4,0.175,0.404,0.919,Heavy congestion detected - signal timing extended and reroute suggested
EVT408680,2025-09-06 09:07:59,Cultural Procession,J031,Cubbon Road,41993,Weekend,True,Clear,False,0.0,False,False,1.0,Severe,7.7,69.2,549.2,0.18,0.416,0.841,Festival crowd surge detected - alternate route and extended cycle recommended
EVT408681,2025-09-30 15:01:33,Local Market Day,J012,Koramangala Sony World,4485,Weekday,False,Clear,False,0.0,False,False,0.305,Low,33.5,20.6,156.5,0.127,0.293,0.951,Moderate traffic flow - standard adaptive signal timing in effect
EVT408682,2025-12-06 22:51:55,Trade Fair,J009,Majestic,4838,Weekend,False,Clear,False,0.0,False,False,0.284,Low,26.0,19.6,357.8,0.257,0.594,0.959,Moderate traffic flow - standard adaptive signal timing in effect
EVT408683,2026-05-13 13:29:27,Trade Fair,J031,Cubbon Road,8866,Weekday,False,Clear,False,0.0,False,False,0.201,Low,34.4,11.0,106.8,0.083,0.193,0.98,Normal free-flow traffic - standard signal timing maintained
EVT408684,2026-05-24 21:25:35,Sports Fixture,J012,Koramangala Sony World,25606,Weekend,False,Clear,False,0.0,False,False,0.547,Moderate,27.5,38.6,183.9,0.158,0.364,0.956,Moderate traffic flow - standard adaptive signal timing in effect
EVT408685,2025-10-30 05:44:12,Concert,J030,MG Road,17605,Weekday,False,Clear,False,0.0,False,False,0.205,Low,30.1,16.3,169.0,0.143,0.331,0.942,Normal free-flow traffic - standard signal timing maintained
EVT408686,2025-06-08 17:31:12,Local Market Day,J012,Koramangala Sony World,3137,Weekend,False,Rain,True,17.1,False,False,0.927,Severe,11.3,78.2,303.0,0.14,0.323,0.866,Heavy rain reducing visibility and grip - reduced speed and longer buffer advised
EVT408687,2025-02-05 09:17:07,Local Market Day,J020,Malleshwaram Circle,8040,Weekday,False,Clear,False,0.0,False,False,0.979,Severe,10.0,72.7,584.4,0.226,0.522,0.894,Heavy congestion detected - signal timing extended and reroute suggested
EVT408688,2026-02-16 11:22:48,Sports Fixture,J031,Cubbon Road,34623,Weekday,False,Clear,False,0.0,False,False,0.511,Moderate,24.9,31.5,258.3,0.165,0.381,0.987,Moderate traffic flow - standard adaptive signal timing in effect
EVT408689,2025-09-19 18:24:06,Concert,J023,Basavanagudi,14129,Weekday,False,Heavy Rain,True,32.5,False,False,1.0,Severe,8.0,67.8,582.9,0.165,0.381,0.884,Heavy rain reducing visibility and grip - reduced speed and longer buffer advised
EVT408690,2025-06-02 14:12:42,Concert,J030,MG Road,9122,Weekday,False,Rain,True,19.2,False,False,0.379,Moderate,27.4,22.6,150.2,0.123,0.284,0.917,Light rain detected - minor speed reduction advised
EVT408691,2025-07-16 09:45:36,Local Market Day,J009,Majestic,5052,Weekday,False,Clear,False,0.0,False,False,0.799,Severe,19.8,58.7,171.6,0.123,0.284,0.95,Heavy congestion detected - signal timing extended and reroute suggested
EVT408692,2026-05-12 08:11:10,Local Market Day,J012,Koramangala Sony World,5366,Weekday,False,Clear,False,0.0,False,False,0.909,Severe,9.6,60.1,403.8,0.154,0.355,0.968,Heavy congestion detected - signal timing extended and reroute suggested
EVT408693,2025-04-15 12:40:46,Religious Festival,J040,City Market,22409,Weekday,True,Clear,False,0.0,False,False,0.541,Moderate,22.1,33.4,280.1,0.186,0.43,0.892,Festival crowd surge detected - alternate route and extended cycle recommended
EVT408694,2026-05-29 03:36:37,Sports Fixture,J031,Cubbon Road,17097,Weekday,False,Clear,False,0.0,False,False,0.233,Low,31.6,12.6,183.4,0.138,0.318,0.958,Normal free-flow traffic - standard signal timing maintained
EVT408695,2025-06-10 13:08:59,Sports Fixture,J011,Indiranagar 100ft Road,27894,Weekday,False,Clear,False,0.0,False,False,0.217,Low,32.6,14.1,171.9,0.13,0.3,0.959,Normal free-flow traffic - standard signal timing maintained
EVT408696,2025-08-24 16:48:48,Political Rally,J030,MG Road,33153,Weekend,False,Clear,False,0.0,False,False,0.848,Severe,14.7,58.8,430.6,0.198,0.458,0.919,Heavy congestion detected - signal timing extended and reroute suggested
EVT408697,2026-06-13 12:18:39,Political Rally,J009,Majestic,10336,Weekend,False,Heavy Rain,True,45.6,False,False,0.681,High,18.0,49.3,370.7,0.244,0.563,0.933,Heavy rain reducing visibility and grip - reduced speed and longer buffer advised
EVT408698,2025-12-04 12:46:09,Local Market Day,J040,City Market,4230,Weekday,False,Clear,False,0.0,False,False,0.202,Low,34.9,13.3,59.8,0.035,0.081,0.952,Normal free-flow traffic - standard signal timing maintained
EVT408699,2025-02-01 17:13:40,Concert,J023,Basavanagudi,14898,Weekend,False,Clear,False,0.0,False,False,0.736,High,18.6,53.5,209.1,0.144,0.333,0.947,Moderate traffic flow - standard adaptive signal timing in effect
EVT408700,2026-06-15 17:11:46,Local Market Day,J031,Cubbon Road,6601,Weekday,False,Rain,True,24.7,False,False,1.0,Severe,10.8,73.3,554.7,0.22,0.508,0.838,Heavy rain reducing visibility and grip - reduced speed and longer buffer advised
EVT408701,2026-04-29 17:38:45,Concert,J012,Koramangala Sony World,13001,Weekday,False,Clear,False,0.0,False,False,0.961,Severe,9.3,68.7,508.8,0.189,0.436,0.924,Heavy congestion detected - signal timing extended and reroute suggested
EVT408702,2026-04-27 16:18:53,Local Market Day,J040,City Market,5576,Weekday,False,Clear,False,0.0,False,False,0.54,Moderate,21.4,32.1,334.2,0.216,0.5,0.98,Moderate traffic flow - standard adaptive signal timing in effect
EVT408703,2025-06-05 06:59:36,Concert,J009,Majestic,14161,Weekday,False,Clear,False,0.0,False,False,0.431,Moderate,26.1,36.9,219.0,0.182,0.421,0.961,Moderate traffic flow - standard adaptive signal timing in effect
EVT408704,2026-02-27 16:33:09,Sports Fixture,J009,Majestic,20629,Weekday,False,Clear,False,0.0,False,False,0.69,High,14.6,49.9,438.4,0.225,0.52,0.952,Moderate traffic flow - standard adaptive signal timing in effect
EVT408705,2026-04-01 22:50:49,Sports Fixture,J020,Malleshwaram Circle,12774,Weekday,False,Clear,False,0.0,False,False,0.236,Low,40.1,14.7,99.7,0.099,0.229,0.971,Normal free-flow traffic - standard signal timing maintained
EVT408706,2025-01-12 08:15:38,Concert,J009,Majestic,10573,Weekend,False,Clear,False,0.0,False,False,0.793,Severe,13.3,52.7,393.0,0.195,0.45,0.971,Heavy congestion detected - signal timing extended and reroute suggested
EVT408707,2025-05-20 18:29:09,Political Rally,J040,City Market,15443,Weekday,False,Clear,False,0.0,False,False,1.0,Severe,9.4,66.0,584.6,0.234,0.54,0.907,Heavy congestion detected - signal timing extended and reroute suggested
EVT408708,2026-04-15 15:20:02,Religious Festival,J020,Malleshwaram Circle,23244,Weekday,True,Fog,False,0.0,False,False,0.579,High,20.9,42.3,169.1,0.089,0.206,0.903,Festival crowd surge detected - alternate route and extended cycle recommended
EVT408709,2025-11-11 08:03:50,Concert,J040,City Market,9698,Weekday,False,Clear,False,0.0,False,False,0.86,Severe,14.7,62.3,355.6,0.19,0.439,0.955,Heavy congestion detected - signal timing extended and reroute suggested
EVT408710,2025-05-19 15:56:11,Sports Fixture,J011,Indiranagar 100ft Road,31980,Weekday,False,Clear,False,0.0,False,False,0.625,High,22.1,39.9,270.0,0.209,0.484,0.977,Moderate traffic flow - standard adaptive signal timing in effect
EVT408711,2025-10-03 06:05:37,Religious Festival,J023,Basavanagudi,39876,Weekday,True,Clear,False,0.0,False,True,0.865,High,15.3,88.1,297.1,0.145,0.335,0.892,Road closure for event/procession - full detour recommended for through-traffic
EVT408712,2026-05-09 16:07:00,Sports Fixture,J012,Koramangala Sony World,25952,Weekend,False,Clear,False,0.0,False,False,0.543,Moderate,25.4,33.5,86.4,0.059,0.137,0.986,Moderate traffic flow - standard adaptive signal timing in effect
EVT408713,2025-12-14 13:50:38,Local Market Day,J040,City Market,2536,Weekend,False,Clear,False,0.0,False,False,0.165,Low,37.4,13.3,104.6,0.081,0.188,0.981,Normal free-flow traffic - standard signal timing maintained
EVT408714,2026-01-02 14:41:24,Cultural Procession,J023,Basavanagudi,21270,Weekday,True,Clear,False,0.0,False,True,0.697,Moderate,20.1,68.1,181.0,0.103,0.239,0.872,Road closure for event/procession - full detour recommended for through-traffic
EVT408715,2025-11-25 18:03:38,Concert,J020,Malleshwaram Circle,9789,Weekday,False,Clear,False,0.0,False,False,1.0,Severe,6.9,72.8,607.3,0.182,0.42,0.916,Heavy congestion detected - signal timing extended and reroute suggested
EVT408716,2025-05-20 20:11:58,Trade Fair,J012,Koramangala Sony World,6595,Weekday,False,Clear,False,0.0,False,False,0.635,High,18.7,40.2,369.0,0.21,0.486,0.964,Moderate traffic flow - standard adaptive signal timing in effect
EVT408717,2025-11-11 21:32:38,Local Market Day,J030,MG Road,5874,Weekday,False,Clear,False,0.0,False,False,0.349,Low,24.2,19.6,183.8,0.115,0.265,0.977,Moderate traffic flow - standard adaptive signal timing in effect
EVT408718,2025-11-14 18:30:09,Concert,J020,Malleshwaram Circle,4232,Weekday,False,Clear,False,0.0,False,False,1.0,Severe,6.6,71.7,572.2,0.159,0.367,0.919,Heavy congestion detected - signal timing extended and reroute suggested
EVT408719,2025-05-30 20:22:45,Local Market Day,J011,Indiranagar 100ft Road,4853,Weekday,False,Clear,False,0.0,False,False,0.551,High,26.8,39.7,235.5,0.196,0.452,0.967,Moderate traffic flow - standard adaptive signal timing in effect
EVT408720,2026-06-26 10:53:44,Concert,J023,Basavanagudi,11779,Weekday,False,Heavy Rain,True,58.5,False,False,0.824,Severe,9.9,57.1,385.1,0.138,0.32,0.87,Heavy rain reducing visibility and grip - reduced speed and longer buffer advised
EVT408721,2026-06-20 17:51:02,Sports Fixture,J009,Majestic,16475,Weekend,False,Clear,False,0.0,False,False,0.892,Severe,11.6,64.4,360.8,0.173,0.4,0.935,Heavy congestion detected - signal timing extended and reroute suggested
EVT408722,2025-12-18 00:42:24,Political Rally,J009,Majestic,30027,Weekday,False,Clear,False,0.0,False,False,0.362,Moderate,25.9,24.7,264.9,0.176,0.407,0.945,Moderate traffic flow - standard adaptive signal timing in effect
EVT408723,2026-04-28 16:03:24,Concert,J009,Majestic,21377,Weekday,False,Clear,False,0.0,False,False,0.612,High,21.1,39.8,288.9,0.18,0.415,0.986,Moderate traffic flow - standard adaptive signal timing in effect
EVT408724,2025-06-29 17:38:52,Concert,J023,Basavanagudi,7008,Weekend,False,Rain,True,8.2,False,False,0.849,Severe,12.7,66.7,323.4,0.141,0.325,0.897,Heavy rain reducing visibility and grip - reduced speed and longer buffer advised
EVT408725,2026-03-23 12:52:59,Political Rally,J023,Basavanagudi,22587,Weekday,False,Clear,False,0.0,False,False,0.295,Low,37.3,20.2,59.9,0.058,0.135,0.964,Moderate traffic flow - standard adaptive signal timing in effect
EVT408726,2025-03-19 07:16:48,Sports Fixture,J023,Basavanagudi,12913,Weekday,False,Clear,False,0.0,False,False,0.627,High,24.9,45.0,235.1,0.209,0.483,0.961,Moderate traffic flow - standard adaptive signal timing in effect
EVT408727,2026-03-01 15:39:27,Sports Fixture,J040,City Market,37177,Weekend,False,Light Rain,True,4.9,False,False,0.757,Severe,18.0,53.5,343.8,0.21,0.485,0.909,Heavy rain reducing visibility and grip - reduced speed and longer buffer advised
EVT408728,2026-02-23 17:18:18,Political Rally,J023,Basavanagudi,12242,Weekday,False,Clear,False,0.0,False,False,0.914,Severe,11.0,58.0,191.4,0.085,0.195,0.923,Heavy congestion detected - signal timing extended and reroute suggested
EVT408729,2025-11-01 18:35:17,Cultural Procession,J040,City Market,14239,Weekend,True,Light Rain,True,3.6,False,False,1.0,Severe,8.8,72.3,605.7,0.21,0.484,0.825,Festival crowd surge detected - alternate route and extended cycle recommended
EVT408730,2026-06-29 18:14:02,Local Market Day,J020,Malleshwaram Circle,2766,Weekday,False,Heavy Rain,True,33.2,False,False,1.0,Severe,10.2,80.4,576.1,0.236,0.545,0.845,Heavy rain reducing visibility and grip - reduced speed and longer buffer advised
EVT408731,2025-11-08 19:05:16,Local Market Day,J031,Cubbon Road,7273,Weekend,False,Clear,False,0.0,False,False,0.871,Severe,15.7,65.0,419.1,0.23,0.531,0.929,Heavy congestion detected - signal timing extended and reroute suggested
EVT408732,2025-01-12 06:16:54,Political Rally,J011,Indiranagar 100ft Road,6173,Weekend,False,Clear,False,0.0,False,False,0.35,Low,33.7,25.7,94.0,0.078,0.18,0.955,Moderate traffic flow - standard adaptive signal timing in effect
EVT408733,2026-05-21 12:17:49,Trade Fair,J009,Majestic,10869,Weekday,False,Clear,False,0.0,False,False,0.26,Low,28.7,22.5,214.7,0.156,0.361,0.974,Moderate traffic flow - standard adaptive signal timing in effect
EVT408734,2025-01-23 08:29:52,Trade Fair,J030,MG Road,6372,Weekday,False,Clear,False,0.0,False,False,0.98,Severe,10.3,63.9,506.7,0.221,0.511,0.916,Heavy congestion detected - signal timing extended and reroute suggested
EVT408735,2025-10-30 08:15:07,Sports Fixture,J040,City Market,19957,Weekday,False,Clear,False,0.0,False,False,0.983,Severe,8.4,70.8,527.5,0.198,0.458,0.91,Heavy congestion detected - signal timing extended and reroute suggested
EVT408736,2025-06-18 06:40:43,Trade Fair,J011,Indiranagar 100ft Road,6508,Weekday,False,Clear,False,0.0,False,False,0.38,Moderate,25.4,31.1,271.9,0.174,0.402,0.953,Moderate traffic flow - standard adaptive signal timing in effect
EVT408737,2025-01-20 13:07:21,Trade Fair,J031,Cubbon Road,8530,Weekday,False,Clear,False,0.0,False,False,0.227,Low,32.1,16.8,114.3,0.082,0.189,0.951,Normal free-flow traffic - standard signal timing maintained
EVT408738,2025-03-02 14:35:27,Trade Fair,J020,Malleshwaram Circle,7140,Weekend,False,Clear,False,0.0,False,False,0.346,Low,24.4,31.1,243.8,0.143,0.331,0.937,Moderate traffic flow - standard adaptive signal timing in effect
EVT408739,2025-12-14 18:26:07,Sports Fixture,J009,Majestic,29094,Weekend,False,Fog,False,0.0,False,False,0.931,Severe,10.2,62.8,395.4,0.163,0.376,0.946,Heavy congestion detected - signal timing extended and reroute suggested
EVT408740,2025-12-25 11:13:35,Religious Festival,J011,Indiranagar 100ft Road,47568,Weekday,True,Clear,False,0.0,False,True,1.0,Severe,9.6,98.6,630.0,0.249,0.576,0.819,Road closure for event/procession - full detour recommended for through-traffic
EVT408741,2026-05-13 19:12:33,Local Market Day,J012,Koramangala Sony World,4576,Weekday,False,Clear,False,0.0,False,False,1.0,Severe,8.1,65.1,476.7,0.16,0.371,0.911,Heavy congestion detected - signal timing extended and reroute suggested
EVT408742,2026-06-09 21:14:00,Local Market Day,J030,MG Road,3638,Weekday,False,Clear,False,0.0,False,False,0.415,Moderate,33.4,39.1,144.2,0.139,0.32,0.979,Moderate traffic flow - standard adaptive signal timing in effect
EVT408743,2025-09-11 09:58:54,Local Market Day,J040,City Market,5624,Weekday,False,Heavy Rain,True,27.8,False,False,1.0,Severe,9.7,73.8,558.0,0.223,0.516,0.877,Heavy rain reducing visibility and grip - reduced speed and longer buffer advised
EVT408744,2025-11-29 18:29:31,Local Market Day,J020,Malleshwaram Circle,3727,Weekend,False,Clear,False,0.0,False,False,0.902,Severe,12.7,63.0,439.0,0.207,0.478,0.941,Heavy congestion detected - signal timing extended and reroute suggested
EVT408745,2025-12-27 14:34:32,Sports Fixture,J040,City Market,17350,Weekend,False,Clear,False,0.0,False,False,0.319,Low,30.7,21.1,145.4,0.135,0.312,0.986,Moderate traffic flow - standard adaptive signal timing in effect
EVT408746,2025-01-21 19:46:55,Local Market Day,J030,MG Road,3653,Weekday,False,Clear,False,0.0,False,False,0.876,Severe,13.2,61.5,219.4,0.113,0.261,0.963,Heavy congestion detected - signal timing extended and reroute suggested
EVT408747,2026-05-07 10:29:01,Trade Fair,J031,Cubbon Road,8278,Weekday,False,Rain,True,19.8,False,False,0.851,Severe,14.0,65.6,422.6,0.208,0.479,0.881,Heavy rain reducing visibility and grip - reduced speed and longer buffer advised
EVT408748,2026-05-31 20:36:51,Concert,J040,City Market,12440,Weekend,False,Clear,False,0.0,False,False,0.572,High,20.1,33.3,220.7,0.128,0.296,0.974,Moderate traffic flow - standard adaptive signal timing in effect
EVT408749,2026-04-16 08:22:07,Concert,J040,City Market,17628,Weekday,False,Clear,False,0.0,False,False,0.954,Severe,8.5,72.8,491.1,0.166,0.383,0.948,Heavy congestion detected - signal timing extended and reroute suggested
EVT408750,2025-01-14 14:42:09,Cultural Procession,J040,City Market,13439,Weekday,True,Clear,False,0.0,False,False,0.481,Moderate,21.7,33.7,273.4,0.17,0.392,0.906,Moderate traffic flow - standard adaptive signal timing in effect
EVT408751,2025-09-04 15:07:30,Local Market Day,J011,Indiranagar 100ft Road,4511,Weekday,False,Clear,False,0.0,False,False,0.232,Low,29.8,18.1,154.1,0.133,0.308,0.948,Normal free-flow traffic - standard signal timing maintained
EVT408752,2026-02-04 22:56:21,Local Market Day,J020,Malleshwaram Circle,5562,Weekday,False,Clear,False,0.0,False,False,0.191,Low,35.3,8.5,79.2,0.085,0.197,0.967,Normal free-flow traffic - standard signal timing maintained
EVT408753,2025-07-28 20:32:27,Local Market Day,J012,Koramangala Sony World,3864,Weekday,False,Rain,True,11.0,False,False,0.578,High,23.0,42.4,102.9,0.059,0.136,0.929,Heavy rain reducing visibility and grip - reduced speed and longer buffer advised
EVT408754,2025-09-19 18:54:38,Local Market Day,J011,Indiranagar 100ft Road,3751,Weekday,False,Rain,True,19.5,False,False,1.0,Severe,9.4,74.0,401.2,0.159,0.367,0.843,Heavy rain reducing visibility and grip - reduced speed and longer buffer advised
EVT408755,2026-05-27 19:41:01,Sports Fixture,J020,Malleshwaram Circle,19155,Weekday,False,Clear,False,0.0,False,False,0.89,Severe,9.9,63.6,568.7,0.196,0.452,0.923,Heavy congestion detected - signal timing extended and reroute suggested
EVT408756,2025-12-11 17:09:40,Local Market Day,J020,Malleshwaram Circle,4155,Weekday,False,Clear,False,0.0,False,False,0.813,Severe,16.0,55.2,213.1,0.108,0.25,0.938,Heavy congestion detected - signal timing extended and reroute suggested
EVT408757,2026-05-30 08:08:31,Political Rally,J012,Koramangala Sony World,24457,Weekend,False,Light Rain,True,6.9,False,False,0.954,Severe,9.1,69.8,749.8,0.272,0.629,0.892,Heavy rain reducing visibility and grip - reduced speed and longer buffer advised
EVT408758,2025-06-21 09:26:12,Concert,J030,MG Road,13552,Weekend,False,Clear,False,0.0,False,False,0.904,Severe,12.7,68.6,555.7,0.254,0.586,0.916,Heavy congestion detected - signal timing extended and reroute suggested
EVT408759,2025-05-23 18:17:10,Political Rally,J031,Cubbon Road,20081,Weekday,False,Rain,True,23.1,False,False,1.0,Severe,9.9,70.6,291.8,0.128,0.296,0.861,Heavy rain reducing visibility and grip - reduced speed and longer buffer advised
EVT408760,2025-12-03 10:42:28,Sports Fixture,J031,Cubbon Road,39965,Weekday,False,Clear,False,0.0,False,False,0.857,Severe,13.6,61.6,297.2,0.164,0.379,0.929,Heavy congestion detected - signal timing extended and reroute suggested
EVT408761,2026-03-19 05:36:04,Fireworks Display,J012,Koramangala Sony World,34570,Weekday,True,Clear,False,0.0,False,False,0.614,High,17.6,45.5,350.6,0.214,0.494,0.913,Festival crowd surge detected - alternate route and extended cycle recommended
EVT408762,2026-03-17 16:58:35,Concert,J011,Indiranagar 100ft Road,21167,Weekday,False,Clear,False,0.0,False,False,0.767,Severe,14.2,59.9,315.7,0.159,0.367,0.941,Heavy congestion detected - signal timing extended and reroute suggested
EVT408763,2025-03-03 06:50:57,Local Market Day,J012,Koramangala Sony World,5171,Weekday,False,Clear,False,0.0,False,False,0.35,Low,34.3,24.1,167.9,0.126,0.29,0.978,Moderate traffic flow - standard adaptive signal timing in effect
EVT408764,2025-11-20 06:57:02,Local Market Day,J020,Malleshwaram Circle,6626,Weekday,False,Clear,False,0.0,False,False,0.375,Moderate,26.3,28.7,175.7,0.126,0.291,0.959,Moderate traffic flow - standard adaptive signal timing in effect
EVT408765,2025-10-06 08:46:20,Concert,J030,MG Road,6883,Weekday,False,Clear,False,0.0,False,False,0.975,Severe,9.7,66.3,554.9,0.201,0.464,0.9,Heavy congestion detected - signal timing extended and reroute suggested
EVT408766,2026-04-04 15:18:00,Sports Fixture,J023,Basavanagudi,16713,Weekend,False,Clear,False,0.0,False,False,0.419,Moderate,22.3,31.7,131.9,0.077,0.178,0.946,Moderate traffic flow - standard adaptive signal timing in effect
EVT408767,2025-04-26 01:46:09,Sports Fixture,J040,City Market,16943,Weekend,False,Clear,False,0.0,False,False,0.242,Low,35.4,17.1,174.7,0.168,0.389,0.949,Normal free-flow traffic - standard signal timing maintained
EVT408768,2026-04-15 17:29:18,Religious Festival,J011,Indiranagar 100ft Road,62254,Weekday,True,Clear,False,0.0,False,True,1.0,Severe,8.5,103.0,379.1,0.136,0.314,0.821,Road closure for event/procession - full detour recommended for through-traffic
EVT408769,2025-05-09 17:42:29,Concert,J020,Malleshwaram Circle,16795,Weekday,False,Clear,False,0.0,False,False,0.987,Severe,8.5,64.6,476.6,0.141,0.326,0.953,Heavy congestion detected - signal timing extended and reroute suggested
EVT408770,2026-01-30 18:26:42,Concert,J023,Basavanagudi,11697,Weekday,False,Clear,False,0.0,False,False,1.0,Severe,9.9,68.5,407.5,0.165,0.381,0.917,Heavy congestion detected - signal timing extended and reroute suggested
EVT408771,2025-08-12 09:53:09,Sports Fixture,J012,Koramangala Sony World,25792,Weekday,False,Clear,False,0.0,False,False,0.99,Severe,9.5,68.2,426.8,0.173,0.399,0.927,Heavy congestion detected - signal timing extended and reroute suggested
EVT408772,2026-04-08 00:13:51,Local Market Day,J040,City Market,1906,Weekday,False,Clear,False,0.0,False,False,0.181,Low,33.2,10.5,75.7,0.051,0.117,0.99,Normal free-flow traffic - standard signal timing maintained
EVT408773,2025-07-27 19:26:47,Local Market Day,J011,Indiranagar 100ft Road,3735,Weekend,False,Clear,False,0.0,False,False,0.789,Severe,13.9,56.9,215.3,0.122,0.282,0.932,Heavy congestion detected - signal timing extended and reroute suggested
EVT408774,2026-06-01 18:56:49,Trade Fair,J031,Cubbon Road,10631,Weekday,False,Heavy Rain,True,44.3,False,False,1.0,Severe,7.2,66.7,685.6,0.18,0.415,0.872,Heavy rain reducing visibility and grip - reduced speed and longer buffer advised
EVT408775,2025-03-06 18:03:51,Local Market Day,J030,MG Road,4516,Weekday,False,Clear,False,0.0,False,False,0.976,Severe,8.1,72.8,219.2,0.083,0.191,0.936,Heavy congestion detected - signal timing extended and reroute suggested
EVT408776,2025-03-16 16:44:14,Local Market Day,J020,Malleshwaram Circle,3908,Weekend,False,Clear,False,0.0,False,False,0.643,High,22.7,53.7,340.4,0.246,0.567,0.948,Moderate traffic flow - standard adaptive signal timing in effect
EVT408777,2025-04-02 19:27:20,Concert,J023,Basavanagudi,11119,Weekday,False,Clear,False,0.0,False,False,0.962,Severe,8.4,68.2,469.4,0.18,0.415,0.943,Heavy congestion detected - signal timing extended and reroute suggested
EVT408778,2026-03-26 00:20:26,Cultural Procession,J030,MG Road,17749,Weekday,True,Clear,False,0.0,False,True,0.715,High,12.3,70.9,572.9,0.252,0.581,0.868,Road closure for event/procession - full detour recommended for through-traffic
EVT408779,2026-05-16 14:03:26,Concert,J040,City Market,6895,Weekend,False,Clear,False,0.0,False,False,0.32,Low,27.5,18.5,132.4,0.096,0.223,0.962,Moderate traffic flow - standard adaptive signal timing in effect
EVT408780,2025-12-29 08:14:24,Sports Fixture,J031,Cubbon Road,18722,Weekday,False,Clear,False,0.0,False,False,0.985,Severe,7.8,74.5,719.4,0.227,0.524,0.918,Heavy congestion detected - signal timing extended and reroute suggested
EVT408781,2026-06-24 18:00:25,Political Rally,J009,Majestic,13781,Weekday,False,Rain,True,11.7,False,False,1.0,Severe,8.6,74.9,402.9,0.145,0.336,0.843,Heavy rain reducing visibility and grip - reduced speed and longer buffer advised
EVT408782,2025-02-04 09:51:33,Sports Fixture,J031,Cubbon Road,42474,Weekday,False,Clear,False,0.0,False,False,1.0,Severe,8.4,73.0,465.7,0.175,0.405,0.897,Heavy congestion detected - signal timing extended and reroute suggested
EVT408783,2025-12-03 19:12:09,Concert,J011,Indiranagar 100ft Road,17143,Weekday,False,Clear,False,0.0,False,False,0.954,Severe,11.1,64.7,300.9,0.122,0.282,0.931,Heavy congestion detected - signal timing extended and reroute suggested
EVT408784,2026-04-17 16:28:16,Political Rally,J011,Indiranagar 100ft Road,17154,Weekday,False,Clear,False,0.0,False,False,0.674,High,19.1,46.6,174.6,0.124,0.286,0.974,Moderate traffic flow - standard adaptive signal timing in effect
EVT408785,2025-08-01 18:06:02,Local Market Day,J031,Cubbon Road,4200,Weekday,False,Rain,True,18.7,False,False,1.0,Severe,7.2,71.7,268.1,0.096,0.221,0.87,Heavy rain reducing visibility and grip - reduced speed and longer buffer advised
EVT408786,2026-02-18 10:03:24,Sports Fixture,J011,Indiranagar 100ft Road,35708,Weekday,False,Clear,False,0.0,False,False,0.968,Severe,9.7,69.0,447.0,0.188,0.435,0.929,Heavy congestion detected - signal timing extended and reroute suggested
EVT408787,2025-08-02 16:53:14,Local Market Day,J012,Koramangala Sony World,5004,Weekend,False,Heavy Rain,True,38.2,False,False,1.0,Severe,9.1,71.4,600.9,0.218,0.503,0.848,Heavy rain reducing visibility and grip - reduced speed and longer buffer advised
EVT408788,2025-07-07 13:23:09,Trade Fair,J040,City Market,26596,Weekday,False,Heavy Rain,True,36.4,False,False,0.667,High,20.0,45.4,326.1,0.218,0.504,0.909,Heavy rain reducing visibility and grip - reduced speed and longer buffer advised
EVT408789,2025-01-31 23:44:21,Local Market Day,J031,Cubbon Road,2900,Weekday,False,Clear,False,0.0,False,False,0.171,Low,22.2,13.5,132.9,0.08,0.186,0.97,Normal free-flow traffic - standard signal timing maintained
EVT408790,2025-11-22 16:48:53,Trade Fair,J031,Cubbon Road,10160,Weekend,False,Light Rain,True,2.6,False,False,0.701,High,18.4,56.7,344.7,0.203,0.469,0.93,Heavy rain reducing visibility and grip - reduced speed and longer buffer advised
EVT408791,2026-02-12 08:16:44,Political Rally,J031,Cubbon Road,17941,Weekday,False,Clear,False,0.0,False,False,0.934,Severe,9.7,69.0,360.9,0.151,0.349,0.895,Heavy congestion detected - signal timing extended and reroute suggested
EVT408792,2025-11-18 17:07:13,Local Market Day,J030,MG Road,6757,Weekday,False,Clear,False,0.0,False,False,0.799,Severe,12.6,54.6,329.9,0.145,0.335,0.968,Heavy congestion detected - signal timing extended and reroute suggested
EVT408793,2025-04-11 19:52:51,Concert,J009,Majestic,14138,Weekday,False,Clear,False,0.0,False,False,0.887,Severe,11.6,60.3,260.4,0.123,0.285,0.944,Heavy congestion detected - signal timing extended and reroute suggested
EVT408794,2025-08-19 14:54:36,Local Market Day,J009,Majestic,7038,Weekday,False,Rain,True,23.6,False,False,0.505,Moderate,26.3,32.6,218.6,0.157,0.362,0.937,Light rain detected - minor speed reduction advised
EVT408795,2026-05-13 18:18:14,Trade Fair,J031,Cubbon Road,11281,Weekday,False,Clear,False,0.0,False,False,1.0,Severe,7.1,73.3,743.3,0.22,0.509,0.909,Heavy congestion detected - signal timing extended and reroute suggested
EVT408796,2025-08-08 08:12:52,Local Market Day,J030,MG Road,7090,Weekday,False,Clear,False,0.0,False,False,0.89,Severe,9.0,64.9,597.9,0.221,0.51,0.954,Heavy congestion detected - signal timing extended and reroute suggested
EVT408797,2025-02-25 16:54:03,Local Market Day,J009,Majestic,2959,Weekday,False,Clear,False,0.0,False,False,0.59,High,20.7,46.7,251.1,0.171,0.394,0.962,Moderate traffic flow - standard adaptive signal timing in effect
EVT408798,2025-04-24 11:23:01,Local Market Day,J009,Majestic,3537,Weekday,False,Clear,False,0.0,False,False,0.359,Moderate,22.4,24.1,202.5,0.135,0.311,0.964,Moderate traffic flow - standard adaptive signal timing in effect
EVT408799,2025-03-24 08:55:10,Local Market Day,J011,Indiranagar 100ft Road,5124,Weekday,False,Clear,False,0.0,True,False,1.0,Severe,6.9,65.8,682.9,0.195,0.451,0.726,Accident detected nearby - reroute and reduced speed advised
EVT408800,2025-02-02 15:14:00,Concert,J023,Basavanagudi,13961,Weekend,False,Clear,False,0.0,False,False,0.387,Moderate,25.1,26.1,76.7,0.051,0.117,0.958,Moderate traffic flow - standard adaptive signal timing in effect
EVT408801,2026-02-07 08:07:30,Concert,J040,City Market,9920,Weekend,False,Clear,False,0.0,False,False,0.706,High,20.7,46.7,152.8,0.096,0.222,0.95,Moderate traffic flow - standard adaptive signal timing in effect
EVT408802,2026-01-02 18:47:11,Religious Festival,J023,Basavanagudi,53427,Weekday,True,Clear,False,0.0,False,False,1.0,Severe,8.4,73.7,558.6,0.171,0.394,0.869,Festival crowd surge detected - alternate route and extended cycle recommended
EVT408803,2026-01-26 19:23:46,Religious Festival,J023,Basavanagudi,47722,Weekday,True,Clear,False,0.0,False,True,1.0,Severe,6.5,99.0,469.7,0.14,0.323,0.865,Road closure for event/procession - full detour recommended for through-traffic
EVT408804,2025-02-23 19:26:39,Local Market Day,J030,MG Road,4194,Weekend,False,Clear,False,0.0,False,False,0.737,High,16.4,54.9,276.5,0.151,0.348,0.962,Moderate traffic flow - standard adaptive signal timing in effect
EVT408805,2025-08-28 21:24:24,Cultural Procession,J009,Majestic,16074,Weekday,True,Fog,False,0.0,False,True,0.693,Moderate,19.6,68.7,364.5,0.212,0.49,0.903,Road closure for event/procession - full detour recommended for through-traffic
EVT408806,2025-06-03 21:26:21,Sports Fixture,J011,Indiranagar 100ft Road,20445,Weekday,False,Heavy Rain,True,52.3,False,False,0.791,Severe,16.0,56.4,572.0,0.29,0.669,0.911,Heavy rain reducing visibility and grip - reduced speed and longer buffer advised
EVT408807,2026-06-17 17:07:32,Trade Fair,J020,Malleshwaram Circle,7691,Weekday,False,Clear,False,0.0,False,False,0.762,Severe,19.4,56.0,314.0,0.225,0.519,0.954,Heavy congestion detected - signal timing extended and reroute suggested
EVT408808,2026-02-15 18:22:18,Trade Fair,J030,MG Road,17663,Weekend,False,Clear,False,0.0,False,False,0.939,Severe,9.9,69.4,673.6,0.256,0.591,0.93,Heavy congestion detected - signal timing extended and reroute suggested
EVT408809,2025-09-12 09:52:32,Concert,J040,City Market,8548,Weekday,False,Heavy Rain,True,31.7,False,False,1.0,Severe,8.5,65.1,521.6,0.186,0.429,0.881,Heavy rain reducing visibility and grip - reduced speed and longer buffer advised
EVT408810,2025-02-16 10:49:29,Local Market Day,J020,Malleshwaram Circle,4113,Weekend,False,Clear,False,0.0,False,False,0.451,Moderate,30.3,26.6,150.6,0.121,0.278,0.99,Moderate traffic flow - standard adaptive signal timing in effect
EVT408811,2026-03-30 08:18:34,Local Market Day,J011,Indiranagar 100ft Road,3885,Weekday,False,Clear,False,0.0,False,False,0.913,Severe,13.3,66.1,260.8,0.138,0.32,0.933,Heavy congestion detected - signal timing extended and reroute suggested
EVT408812,2026-06-09 09:42:59,Sports Fixture,J020,Malleshwaram Circle,20468,Weekday,False,Heavy Rain,True,25.2,False,False,1.0,Severe,7.4,75.9,695.6,0.224,0.517,0.86,Heavy rain reducing visibility and grip - reduced speed and longer buffer advised
EVT408813,2025-01-08 08:05:00,Local Market Day,J009,Majestic,2054,Weekday,False,Clear,False,0.0,False,False,0.928,Severe,11.2,69.4,470.2,0.207,0.478,0.917,Heavy congestion detected - signal timing extended and reroute suggested
EVT408814,2026-06-16 18:41:18,Concert,J030,MG Road,7862,Weekday,False,Heavy Rain,True,37.5,False,False,1.0,Severe,9.9,73.7,522.6,0.223,0.514,0.864,Heavy rain reducing visibility and grip - reduced speed and longer buffer advised
EVT408815,2026-06-24 12:54:31,Sports Fixture,J011,Indiranagar 100ft Road,10561,Weekday,False,Rain,True,16.1,False,False,0.386,Moderate,30.9,27.3,97.4,0.08,0.184,0.928,Light rain detected - minor speed reduction advised
EVT408816,2025-08-11 09:21:10,Local Market Day,J020,Malleshwaram Circle,4235,Weekday,False,Clear,False,0.0,False,False,1.0,Severe,7.3,70.3,668.3,0.208,0.48,0.922,Heavy congestion detected - signal timing extended and reroute suggested
EVT408817,2026-02-07 11:24:45,Sports Fixture,J030,MG Road,14018,Weekend,False,Clear,False,0.0,False,False,0.401,Moderate,34.3,29.6,151.7,0.133,0.307,0.973,Moderate traffic flow - standard adaptive signal timing in effect
EVT408818,2025-01-11 17:09:17,Political Rally,J031,Cubbon Road,15360,Weekend,False,Clear,False,0.0,False,False,0.716,High,19.7,52.7,199.2,0.123,0.284,0.958,Moderate traffic flow - standard adaptive signal timing in effect
EVT408819,2025-10-01 17:57:26,Sports Fixture,J011,Indiranagar 100ft Road,26620,Weekday,False,Clear,False,0.0,True,False,1.0,Severe,9.9,75.6,283.4,0.118,0.272,0.763,Accident detected nearby - reroute and reduced speed advised
EVT408820,2025-08-20 10:00:35,Concert,J012,Koramangala Sony World,20411,Weekday,False,Heavy Rain,True,41.6,False,False,1.0,Severe,9.0,70.7,413.3,0.165,0.38,0.877,Heavy rain reducing visibility and grip - reduced speed and longer buffer advised
EVT408821,2025-12-31 05:26:05,Trade Fair,J020,Malleshwaram Circle,6859,Weekday,False,Light Rain,True,0.5,False,False,0.287,Low,30.3,17.9,96.9,0.087,0.201,0.915,Light rain detected - minor speed reduction advised
EVT408822,2025-01-13 18:00:13,Concert,J030,MG Road,19487,Weekday,False,Clear,False,0.0,False,False,1.0,Severe,8.7,71.1,533.2,0.179,0.414,0.925,Heavy congestion detected - signal timing extended and reroute suggested
EVT408823,2025-06-16 18:17:07,Local Market Day,J011,Indiranagar 100ft Road,1923,Weekday,False,Clear,False,0.0,False,False,0.939,Severe,10.8,64.4,697.7,0.291,0.671,0.929,Heavy congestion detected - signal timing extended and reroute suggested
EVT408824,2026-05-25 12:37:17,Sports Fixture,J009,Majestic,26055,Weekday,False,Clear,False,0.0,False,False,0.372,Moderate,24.1,29.9,293.4,0.229,0.529,0.97,Moderate traffic flow - standard adaptive signal timing in effect
EVT408825,2026-01-20 08:23:57,Political Rally,J023,Basavanagudi,18713,Weekday,False,Clear,False,0.0,False,False,1.0,Severe,8.4,69.0,873.2,0.303,0.701,0.912,Heavy congestion detected - signal timing extended and reroute suggested
EVT408826,2025-12-28 11:55:39,Trade Fair,J031,Cubbon Road,11691,Weekend,False,Clear,False,0.0,False,False,0.248,Low,34.9,18.1,125.5,0.126,0.291,0.961,Normal free-flow traffic - standard signal timing maintained
EVT408827,2025-06-12 21:35:07,Concert,J030,MG Road,15119,Weekday,False,Clear,False,0.0,False,False,0.378,Moderate,34.4,33.4,129.1,0.118,0.273,0.974,Moderate traffic flow - standard adaptive signal timing in effect
EVT408828,2025-11-17 09:37:01,Trade Fair,J012,Koramangala Sony World,9006,Weekday,False,Clear,False,0.0,False,False,0.953,Severe,10.4,66.2,528.1,0.231,0.534,0.912,Heavy congestion detected - signal timing extended and reroute suggested
EVT408829,2025-06-05 17:15:31,Sports Fixture,J040,City Market,18956,Weekday,False,Clear,False,0.0,False,False,0.817,Severe,18.7,64.8,305.5,0.208,0.48,0.961,Heavy congestion detected - signal timing extended and reroute suggested
EVT408830,2025-05-02 09:08:41,Religious Festival,J009,Majestic,37385,Weekday,True,Clear,False,0.0,False,False,1.0,Severe,8.1,73.6,248.0,0.094,0.217,0.856,Festival crowd surge detected - alternate route and extended cycle recommended
EVT408831,2026-02-08 07:56:55,Concert,J011,Indiranagar 100ft Road,6634,Weekend,False,Fog,False,0.0,False,False,0.719,High,17.0,48.8,345.1,0.178,0.412,0.968,Moderate traffic flow - standard adaptive signal timing in effect
EVT408832,2025-01-17 17:50:55,Concert,J023,Basavanagudi,11699,Weekday,False,Fog,False,0.0,False,False,0.93,Severe,13.6,61.2,421.6,0.218,0.505,0.952,Heavy congestion detected - signal timing extended and reroute suggested
EVT408833,2025-08-28 08:15:03,Cultural Procession,J023,Basavanagudi,19599,Weekday,True,Rain,True,15.1,False,True,1.0,Severe,9.1,99.6,416.5,0.186,0.43,0.786,Road closure for event/procession - full detour recommended for through-traffic
EVT408834,2026-04-24 09:44:31,Local Market Day,J012,Koramangala Sony World,1906,Weekday,False,Fog,False,0.0,False,False,0.901,Severe,11.4,62.5,489.2,0.208,0.48,0.919,Heavy congestion detected - signal timing extended and reroute suggested
EVT408835,2025-05-14 17:07:01,Local Market Day,J040,City Market,2223,Weekday,False,Clear,False,0.0,False,False,0.72,High,14.6,51.5,311.6,0.15,0.347,0.973,Moderate traffic flow - standard adaptive signal timing in effect
EVT408836,2025-03-03 17:24:19,Trade Fair,J012,Koramangala Sony World,8410,Weekday,False,Clear,False,0.0,False,False,0.852,Severe,14.9,54.6,293.8,0.146,0.337,0.933,Heavy congestion detected - signal timing extended and reroute suggested
EVT408837,2025-12-13 07:27:53,Sports Fixture,J040,City Market,19026,Weekend,False,Clear,False,0.0,False,False,0.663,High,23.5,50.4,215.3,0.144,0.332,0.964,Moderate traffic flow - standard adaptive signal timing in effect
EVT408838,2026-06-23 16:56:08,Sports Fixture,J040,City Market,23067,Weekday,False,Heavy Rain,True,41.0,False,False,1.0,Severe,9.6,70.0,476.6,0.18,0.416,0.913,Heavy rain reducing visibility and grip - reduced speed and longer buffer advised
EVT408839,2026-06-15 21:15:56,Local Market Day,J009,Majestic,3662,Weekday,False,Clear,False,0.0,False,False,0.345,Low,36.8,28.2,159.5,0.153,0.354,0.962,Moderate traffic flow - standard adaptive signal timing in effect
EVT408840,2025-08-09 10:22:29,Trade Fair,J020,Malleshwaram Circle,8492,Weekend,False,Heavy Rain,True,92.0,False,False,0.972,Severe,10.1,76.2,344.8,0.164,0.379,0.893,Heavy rain reducing visibility and grip - reduced speed and longer buffer advised
EVT408841,2026-03-06 12:17:10,Sports Fixture,J030,MG Road,22120,Weekday,False,Clear,False,0.0,False,False,0.322,Low,33.9,28.1,188.4,0.159,0.367,0.981,Moderate traffic flow - standard adaptive signal timing in effect
EVT408842,2025-02-18 16:42:07,Concert,J020,Malleshwaram Circle,14192,Weekday,False,Clear,False,0.0,False,False,0.761,Severe,18.0,56.1,324.2,0.186,0.43,0.944,Heavy congestion detected - signal timing extended and reroute suggested
EVT408843,2025-06-28 15:00:47,Local Market Day,J009,Majestic,3819,Weekend,False,Clear,False,0.0,False,False,0.411,Moderate,21.9,26.3,119.3,0.058,0.133,0.99,Moderate traffic flow - standard adaptive signal timing in effect
EVT408844,2025-04-17 15:44:33,Sports Fixture,J023,Basavanagudi,25800,Weekday,False,Clear,False,0.0,False,False,0.433,Moderate,21.9,29.8,230.6,0.152,0.351,0.984,Moderate traffic flow - standard adaptive signal timing in effect
EVT408845,2025-09-16 10:09:02,Local Market Day,J030,MG Road,2172,Weekday,False,Clear,False,0.0,False,False,0.68,High,19.1,48.1,298.4,0.178,0.412,0.959,Moderate traffic flow - standard adaptive signal timing in effect
EVT408846,2025-03-31 19:45:01,Fireworks Display,J012,Koramangala Sony World,26318,Weekday,True,Clear,False,0.0,False,False,1.0,Severe,6.0,69.9,769.9,0.197,0.455,0.855,Festival crowd surge detected - alternate route and extended cycle recommended
EVT408847,2025-01-20 11:25:58,Local Market Day,J030,MG Road,4622,Weekday,False,Clear,False,0.0,False,False,0.372,Moderate,29.9,21.5,157.6,0.119,0.274,0.96,Moderate traffic flow - standard adaptive signal timing in effect
EVT408848,2025-10-21 17:08:10,Cultural Procession,J040,City Market,39570,Weekday,True,Clear,False,0.0,False,True,1.0,Severe,9.8,89.5,570.8,0.23,0.531,0.847,Road closure for event/procession - full detour recommended for through-traffic
EVT408849,2026-04-28 16:42:57,Local Market Day,J030,MG Road,2886,Weekday,False,Rain,True,16.3,False,False,0.843,Severe,15.7,58.9,214.3,0.126,0.292,0.914,Heavy rain reducing visibility and grip - reduced speed and longer buffer advised
EVT408850,2026-01-06 09:52:31,Local Market Day,J011,Indiranagar 100ft Road,4429,Weekday,False,Clear,False,0.0,False,False,0.904,Severe,12.0,61.1,464.2,0.189,0.437,0.96,Heavy congestion detected - signal timing extended and reroute suggested
EVT408851,2025-11-17 19:19:07,Trade Fair,J011,Indiranagar 100ft Road,5112,Weekday,False,Clear,False,0.0,False,False,0.858,Severe,11.5,59.9,323.4,0.17,0.393,0.955,Heavy congestion detected - signal timing extended and reroute suggested
EVT408852,2026-05-15 09:16:16,Local Market Day,J030,MG Road,6865,Weekday,False,Rain,True,17.8,False,False,1.0,Severe,9.5,71.8,537.0,0.197,0.456,0.877,Heavy rain reducing visibility and grip - reduced speed and longer buffer advised
EVT408853,2025-01-02 15:11:01,Trade Fair,J030,MG Road,16317,Weekday,False,Clear,False,0.0,False,False,0.421,Moderate,22.8,26.1,202.7,0.137,0.316,0.979,Moderate traffic flow - standard adaptive signal timing in effect
EVT408854,2025-06-14 13:41:43,Concert,J009,Majestic,13294,Weekend,False,Heavy Rain,True,28.2,False,False,0.612,High,19.7,49.0,238.2,0.167,0.386,0.906,Heavy rain reducing visibility and grip - reduced speed and longer buffer advised
EVT408855,2025-11-01 08:03:56,Fireworks Display,J040,City Market,34771,Weekend,True,Clear,False,0.0,False,False,1.0,Severe,7.6,67.2,788.4,0.261,0.604,0.855,Festival crowd surge detected - alternate route and extended cycle recommended
EVT408856,2026-06-14 05:23:09,Local Market Day,J020,Malleshwaram Circle,3813,Weekend,False,Clear,False,0.0,False,False,0.352,Moderate,28.8,28.9,225.9,0.188,0.435,0.957,Moderate traffic flow - standard adaptive signal timing in effect
EVT408857,2026-01-27 14:26:20,Fireworks Display,J040,City Market,16189,Weekday,True,Clear,False,0.0,False,False,0.517,Moderate,28.2,35.3,98.1,0.066,0.152,0.928,Festival crowd surge detected - alternate route and extended cycle recommended
EVT408858,2026-05-19 18:05:37,Local Market Day,J031,Cubbon Road,2153,Weekday,False,Clear,False,0.0,False,False,0.977,Severe,8.2,72.6,276.8,0.094,0.216,0.918,Heavy congestion detected - signal timing extended and reroute suggested
EVT408859,2025-08-15 23:18:22,Religious Festival,J011,Indiranagar 100ft Road,25067,Weekday,True,Clear,False,0.0,False,False,0.519,Moderate,26.7,38.3,118.1,0.092,0.212,0.9,Festival crowd surge detected - alternate route and extended cycle recommended
EVT408860,2026-01-27 07:02:10,Fireworks Display,J030,MG Road,22617,Weekday,True,Clear,False,0.0,False,False,0.798,Severe,11.6,56.2,403.5,0.184,0.425,0.903,Festival crowd surge detected - alternate route and extended cycle recommended
EVT408861,2026-01-08 09:26:40,Trade Fair,J009,Majestic,15299,Weekday,False,Fog,False,0.0,False,False,1.0,Severe,8.0,71.5,541.0,0.187,0.432,0.893,Heavy congestion detected - signal timing extended and reroute suggested
EVT408862,2026-06-07 13:56:25,Political Rally,J011,Indiranagar 100ft Road,10673,Weekend,False,Rain,True,10.2,False,False,0.463,Moderate,27.1,32.4,193.7,0.139,0.322,0.921,Light rain detected - minor speed reduction advised
EVT408863,2025-01-10 01:05:48,Local Market Day,J020,Malleshwaram Circle,2785,Weekday,False,Clear,False,0.0,False,False,0.186,Low,36.3,9.3,155.3,0.152,0.352,0.967,Normal free-flow traffic - standard signal timing maintained
EVT408864,2025-04-27 19:03:48,Political Rally,J031,Cubbon Road,19585,Weekend,False,Fog,False,0.0,False,False,0.953,Severe,9.1,71.9,694.7,0.248,0.572,0.944,Heavy congestion detected - signal timing extended and reroute suggested
EVT408865,2025-05-04 13:00:12,Local Market Day,J011,Indiranagar 100ft Road,9078,Weekend,False,Clear,False,0.0,False,False,0.288,Low,32.7,17.0,135.1,0.111,0.256,0.957,Moderate traffic flow - standard adaptive signal timing in effect
EVT408866,2026-06-07 16:41:29,Local Market Day,J031,Cubbon Road,6435,Weekend,False,Clear,False,0.0,False,False,0.594,High,23.8,47.0,193.3,0.149,0.345,0.973,Moderate traffic flow - standard adaptive signal timing in effect
EVT408867,2025-04-21 18:33:12,Concert,J012,Koramangala Sony World,11313,Weekday,False,Clear,False,0.0,False,False,1.0,Severe,6.6,73.2,657.4,0.167,0.385,0.885,Heavy congestion detected - signal timing extended and reroute suggested
EVT408868,2026-04-16 09:10:24,Local Market Day,J031,Cubbon Road,2690,Weekday,False,Clear,False,0.0,False,False,0.968,Severe,8.2,69.1,189.7,0.056,0.13,0.937,Heavy congestion detected - signal timing extended and reroute suggested
EVT408869,2025-09-08 18:08:58,Political Rally,J031,Cubbon Road,23924,Weekday,False,Fog,False,0.0,False,False,1.0,Severe,8.6,76.7,573.4,0.18,0.417,0.881,Heavy congestion detected - signal timing extended and reroute suggested
EVT408870,2025-08-27 14:01:23,Cultural Procession,J030,MG Road,20735,Weekday,True,Clear,False,0.0,False,True,0.668,Moderate,25.2,69.2,161.4,0.124,0.287,0.884,Road closure for event/procession - full detour recommended for through-traffic
EVT408871,2026-05-20 09:50:56,Sports Fixture,J031,Cubbon Road,27437,Weekday,False,Clear,False,0.0,False,False,1.0,Severe,8.4,68.7,689.0,0.24,0.553,0.908,Heavy congestion detected - signal timing extended and reroute suggested
EVT408872,2025-07-21 12:23:55,Trade Fair,J020,Malleshwaram Circle,6529,Weekday,False,Clear,False,0.0,False,False,0.146,Low,36.5,12.7,105.6,0.097,0.225,0.956,Normal free-flow traffic - standard signal timing maintained
EVT408873,2025-11-27 11:01:30,Local Market Day,J020,Malleshwaram Circle,6477,Weekday,False,Clear,False,0.0,False,False,0.478,Moderate,22.8,31.1,136.5,0.091,0.211,0.951,Moderate traffic flow - standard adaptive signal timing in effect
EVT408874,2025-03-08 12:55:18,Local Market Day,J030,MG Road,3557,Weekend,False,Clear,False,0.0,False,False,0.222,Low,30.9,18.9,92.1,0.075,0.172,0.966,Normal free-flow traffic - standard signal timing maintained
EVT408875,2025-09-13 09:56:01,Concert,J020,Malleshwaram Circle,23953,Weekend,False,Rain,True,24.9,False,False,1.0,Severe,9.2,73.2,502.1,0.185,0.427,0.875,Heavy rain reducing visibility and grip - reduced speed and longer buffer advised
EVT408876,2025-12-18 13:47:14,Local Market Day,J020,Malleshwaram Circle,5648,Weekday,False,Clear,False,0.0,False,False,0.115,Low,42.8,6.1,127.9,0.159,0.367,0.966,Normal free-flow traffic - standard signal timing maintained
EVT408877,2025-10-22 08:10:48,Religious Festival,J020,Malleshwaram Circle,24601,Weekday,True,Clear,False,0.0,False,False,1.0,Severe,7.9,70.3,230.7,0.082,0.19,0.848,Festival crowd surge detected - alternate route and extended cycle recommended
EVT408878,2025-06-02 12:24:28,Trade Fair,J040,City Market,6720,Weekday,False,Heavy Rain,True,71.4,False,False,0.538,Moderate,17.7,39.5,228.8,0.132,0.304,0.925,Light rain detected - minor speed reduction advised
EVT408879,2025-05-15 16:47:57,Concert,J012,Koramangala Sony World,8839,Weekday,False,Clear,False,0.0,False,False,0.717,High,18.3,52.1,292.0,0.191,0.44,0.971,Moderate traffic flow - standard adaptive signal timing in effect
EVT408880,2026-03-29 17:42:45,Political Rally,J031,Cubbon Road,13095,Weekend,False,Clear,False,0.0,False,False,0.976,Severe,9.9,76.8,496.4,0.202,0.466,0.928,Heavy congestion detected - signal timing extended and reroute suggested
EVT408881,2025-09-21 07:21:19,Local Market Day,J023,Basavanagudi,3616,Weekend,False,Clear,False,0.0,False,False,0.484,Moderate,33.1,34.9,269.7,0.282,0.652,0.975,Moderate traffic flow - standard adaptive signal timing in effect
EVT408882,2025-01-10 15:17:00,Local Market Day,J031,Cubbon Road,4331,Weekday,False,Clear,False,0.0,False,False,0.348,Low,25.6,27.7,184.3,0.13,0.299,0.963,Moderate traffic flow - standard adaptive signal timing in effect
EVT408883,2025-12-23 09:45:22,Sports Fixture,J030,MG Road,17984,Weekday,False,Clear,False,0.0,False,False,0.945,Severe,10.2,69.2,540.5,0.22,0.509,0.941,Heavy congestion detected - signal timing extended and reroute suggested
EVT408884,2025-07-11 18:10:58,Local Market Day,J031,Cubbon Road,3660,Weekday,False,Clear,False,0.0,False,False,0.98,Severe,9.6,70.3,475.3,0.198,0.457,0.907,Heavy congestion detected - signal timing extended and reroute suggested
EVT408885,2026-06-23 08:35:32,Trade Fair,J009,Majestic,16469,Weekday,False,Fog,False,0.0,False,False,1.0,Severe,9.0,71.0,291.7,0.133,0.306,0.912,Heavy congestion detected - signal timing extended and reroute suggested
EVT408886,2025-12-14 11:32:35,Local Market Day,J009,Majestic,3810,Weekend,False,Fog,False,0.0,False,False,0.386,Moderate,24.9,26.7,228.3,0.151,0.349,0.98,Moderate traffic flow - standard adaptive signal timing in effect
EVT408887,2026-04-18 14:24:23,Sports Fixture,J023,Basavanagudi,35481,Weekend,False,Clear,False,0.0,False,False,0.443,Moderate,28.7,31.4,168.4,0.119,0.276,0.963,Moderate traffic flow - standard adaptive signal timing in effect
EVT408888,2025-07-10 09:10:35,Concert,J009,Majestic,16483,Weekday,False,Rain,True,11.7,False,False,1.0,Severe,9.2,70.6,695.3,0.255,0.589,0.881,Heavy rain reducing visibility and grip - reduced speed and longer buffer advised
EVT408889,2025-03-03 18:53:10,Trade Fair,J012,Koramangala Sony World,13425,Weekday,False,Clear,False,0.0,False,False,1.0,Severe,9.1,70.8,294.0,0.113,0.26,0.899,Heavy congestion detected - signal timing extended and reroute suggested
EVT408890,2025-07-28 11:45:11,Sports Fixture,J011,Indiranagar 100ft Road,15411,Weekday,False,Rain,True,22.3,False,False,0.513,Moderate,25.5,40.8,109.5,0.081,0.186,0.911,Light rain detected - minor speed reduction advised
EVT408891,2025-05-13 18:04:44,Political Rally,J012,Koramangala Sony World,8229,Weekday,False,Rain,True,21.2,False,False,1.0,Severe,7.2,70.2,700.6,0.196,0.454,0.89,Heavy rain reducing visibility and grip - reduced speed and longer buffer advised
EVT408892,2026-05-05 10:16:15,Concert,J020,Malleshwaram Circle,13741,Weekday,False,Rain,True,11.7,False,False,0.861,Severe,15.7,59.0,264.9,0.144,0.332,0.892,Heavy rain reducing visibility and grip - reduced speed and longer buffer advised
EVT408893,2026-04-05 17:25:39,Political Rally,J020,Malleshwaram Circle,8446,Weekend,False,Fog,False,0.0,False,False,0.695,High,18.0,53.0,274.8,0.161,0.372,0.959,Moderate traffic flow - standard adaptive signal timing in effect
EVT408894,2025-10-17 19:48:24,Trade Fair,J023,Basavanagudi,13083,Weekday,False,Rain,True,9.5,False,False,0.983,Severe,11.1,66.1,673.5,0.294,0.679,0.852,Heavy rain reducing visibility and grip - reduced speed and longer buffer advised
EVT408895,2025-03-28 06:03:16,Local Market Day,J020,Malleshwaram Circle,6352,Weekday,False,Clear,False,0.0,False,False,0.209,Low,35.5,11.6,155.9,0.134,0.309,0.964,Normal free-flow traffic - standard signal timing maintained
EVT408896,2026-03-19 12:31:26,Religious Festival,J012,Koramangala Sony World,39920,Weekday,True,Clear,False,0.0,False,False,0.591,High,25.5,42.7,171.6,0.125,0.288,0.933,Festival crowd surge detected - alternate route and extended cycle recommended
EVT408897,2025-12-03 11:22:47,Trade Fair,J040,City Market,14802,Weekday,False,Clear,False,0.0,False,False,0.374,Moderate,29.1,24.4,141.6,0.089,0.206,0.957,Moderate traffic flow - standard adaptive signal timing in effect
EVT408898,2026-01-24 12:18:03,Local Market Day,J023,Basavanagudi,8550,Weekend,False,Clear,False,0.0,False,False,0.292,Low,32.7,22.0,223.1,0.205,0.475,0.96,Moderate traffic flow - standard adaptive signal timing in effect
EVT408899,2025-08-08 18:09:32,Sports Fixture,J009,Majestic,29950,Weekday,False,Light Rain,True,5.2,False,False,1.0,Severe,8.4,70.1,214.4,0.088,0.202,0.882,Heavy rain reducing visibility and grip - reduced speed and longer buffer advised
EVT408900,2025-09-13 07:45:55,Sports Fixture,J023,Basavanagudi,14765,Weekend,False,Clear,False,0.0,False,False,0.678,High,20.8,44.5,288.5,0.187,0.432,0.985,Moderate traffic flow - standard adaptive signal timing in effect
EVT408901,2025-07-06 17:10:11,Political Rally,J011,Indiranagar 100ft Road,23914,Weekend,False,Clear,False,0.0,False,False,0.861,Severe,14.5,64.3,492.1,0.261,0.603,0.969,Heavy congestion detected - signal timing extended and reroute suggested
EVT408902,2025-10-18 08:13:49,Sports Fixture,J040,City Market,14157,Weekend,False,Heavy Rain,True,58.3,False,False,1.0,Severe,8.5,71.1,677.4,0.227,0.523,0.86,Heavy rain reducing visibility and grip - reduced speed and longer buffer advised
EVT408903,2026-05-24 18:41:16,Local Market Day,J012,Koramangala Sony World,3292,Weekend,False,Clear,False,0.0,False,False,0.923,Severe,9.1,64.0,773.9,0.269,0.622,0.961,Heavy congestion detected - signal timing extended and reroute suggested
EVT408904,2025-12-17 12:13:40,Concert,J020,Malleshwaram Circle,15508,Weekday,False,Clear,False,0.0,False,False,0.336,Low,29.5,20.5,161.2,0.128,0.295,0.969,Moderate traffic flow - standard adaptive signal timing in effect
EVT408905,2025-08-15 08:45:37,Cultural Procession,J030,MG Road,25824,Weekday,True,Clear,False,0.0,False,True,1.0,Severe,7.8,94.6,576.0,0.196,0.452,0.859,Road closure for event/procession - full detour recommended for through-traffic
EVT408906,2025-08-31 12:52:05,Local Market Day,J012,Koramangala Sony World,5997,Weekend,False,Clear,False,0.0,False,False,0.278,Low,30.8,20.4,211.8,0.179,0.413,0.976,Moderate traffic flow - standard adaptive signal timing in effect
EVT408907,2026-02-14 16:38:45,Local Market Day,J012,Koramangala Sony World,4374,Weekend,False,Clear,False,0.0,False,False,0.515,Moderate,32.9,34.3,125.8,0.111,0.257,0.966,Moderate traffic flow - standard adaptive signal timing in effect
EVT408908,2026-06-08 19:47:55,Sports Fixture,J011,Indiranagar 100ft Road,63670,Weekday,False,Rain,True,13.1,False,False,1.0,Severe,7.7,64.7,507.8,0.186,0.429,0.871,Heavy rain reducing visibility and grip - reduced speed and longer buffer advised
EVT408909,2025-11-30 07:09:36,Local Market Day,J040,City Market,4386,Weekend,False,Clear,False,0.0,False,False,0.405,Moderate,25.5,36.3,155.0,0.111,0.257,0.939,Moderate traffic flow - standard adaptive signal timing in effect
EVT408910,2025-06-24 14:50:49,Trade Fair,J030,MG Road,6662,Weekday,False,Rain,True,17.8,True,False,0.794,Severe,15.6,59.8,307.0,0.173,0.4,0.744,Accident detected nearby - reroute and reduced speed advised
EVT408911,2026-05-17 14:14:12,Sports Fixture,J040,City Market,17941,Weekend,False,Rain,True,24.3,False,False,0.694,High,17.3,44.8,255.9,0.161,0.372,0.915,Heavy rain reducing visibility and grip - reduced speed and longer buffer advised
EVT408912,2026-02-06 17:47:58,Local Market Day,J009,Majestic,2973,Weekday,False,Clear,False,0.0,False,False,0.956,Severe,8.1,69.9,768.3,0.257,0.594,0.952,Heavy congestion detected - signal timing extended and reroute suggested
EVT408913,2026-01-14 12:16:33,Fireworks Display,J012,Koramangala Sony World,23126,Weekday,True,Clear,False,0.0,False,False,0.604,High,19.2,43.5,373.1,0.229,0.529,0.896,Festival crowd surge detected - alternate route and extended cycle recommended
EVT408914,2025-09-27 07:48:34,Concert,J023,Basavanagudi,12335,Weekend,False,Rain,True,8.9,False,False,0.92,Severe,9.9,67.3,505.9,0.194,0.447,0.892,Heavy rain reducing visibility and grip - reduced speed and longer buffer advised
EVT408915,2025-11-04 13:07:32,Concert,J020,Malleshwaram Circle,8564,Weekday,False,Clear,False,0.0,False,False,0.112,Low,29.3,14.3,303.7,0.246,0.568,0.97,Normal free-flow traffic - standard signal timing maintained
EVT408916,2025-07-20 15:45:46,Sports Fixture,J030,MG Road,14208,Weekend,False,Light Rain,True,4.6,False,False,0.553,High,20.0,34.0,250.2,0.151,0.348,0.931,Heavy rain reducing visibility and grip - reduced speed and longer buffer advised
EVT408917,2025-01-30 13:25:40,Trade Fair,J030,MG Road,4183,Weekday,False,Clear,False,0.0,False,False,0.212,Low,38.9,19.4,170.1,0.153,0.352,0.972,Normal free-flow traffic - standard signal timing maintained
EVT408918,2025-07-12 16:12:26,Concert,J009,Majestic,23877,Weekend,False,Clear,False,0.0,False,False,0.594,High,22.4,39.0,196.4,0.126,0.291,0.97,Moderate traffic flow - standard adaptive signal timing in effect
EVT408919,2025-11-21 19:38:18,Political Rally,J040,City Market,18063,Weekday,False,Clear,False,0.0,False,False,0.942,Severe,12.9,68.6,366.5,0.177,0.41,0.959,Heavy congestion detected - signal timing extended and reroute suggested
EVT408920,2025-09-30 14:48:51,Local Market Day,J023,Basavanagudi,3717,Weekday,False,Clear,False,0.0,False,False,0.171,Low,31.7,7.1,205.2,0.185,0.427,0.968,Normal free-flow traffic - standard signal timing maintained
EVT408921,2025-12-13 06:03:29,Concert,J012,Koramangala Sony World,15067,Weekend,False,Clear,False,0.0,False,False,0.375,Moderate,27.4,28.7,193.5,0.116,0.269,0.938,Moderate traffic flow - standard adaptive signal timing in effect
EVT408922,2025-06-02 17:14:55,Local Market Day,J011,Indiranagar 100ft Road,4327,Weekday,False,Clear,False,0.0,False,False,0.816,Severe,10.3,56.9,433.8,0.191,0.442,0.938,Heavy congestion detected - signal timing extended and reroute suggested
EVT408923,2026-01-20 19:04:47,Trade Fair,J023,Basavanagudi,6353,Weekday,False,Clear,False,0.0,False,False,0.982,Severe,9.2,73.1,576.7,0.231,0.534,0.896,Heavy congestion detected - signal timing extended and reroute suggested
EVT408924,2025-07-29 10:00:26,Concert,J030,MG Road,7968,Weekday,False,Fog,False,0.0,False,False,0.804,Severe,17.8,60.8,299.8,0.171,0.395,0.964,Heavy congestion detected - signal timing extended and reroute suggested
EVT408925,2025-05-13 18:58:44,Sports Fixture,J040,City Market,17351,Weekday,False,Rain,True,13.6,False,False,1.0,Severe,6.4,71.5,1083.5,0.303,0.7,0.842,Heavy rain reducing visibility and grip - reduced speed and longer buffer advised
EVT408926,2025-01-26 10:46:31,Cultural Procession,J030,MG Road,18066,Weekend,True,Clear,False,0.0,False,True,0.959,Severe,10.2,100.2,440.6,0.201,0.464,0.841,Road closure for event/procession - full detour recommended for through-traffic
EVT408927,2025-04-03 21:24:21,Trade Fair,J011,Indiranagar 100ft Road,10749,Weekday,False,Clear,False,0.0,False,False,0.362,Moderate,24.1,27.6,194.2,0.139,0.322,0.968,Moderate traffic flow - standard adaptive signal timing in effect
EVT408928,2025-01-17 18:38:05,Concert,J030,MG Road,20211,Weekday,False,Clear,False,0.0,False,False,1.0,Severe,9.2,71.7,671.0,0.243,0.561,0.936,Heavy congestion detected - signal timing extended and reroute suggested
EVT408929,2025-05-06 09:36:24,Sports Fixture,J031,Cubbon Road,20638,Weekday,False,Clear,False,0.0,False,False,0.967,Severe,9.7,71.9,336.2,0.132,0.306,0.915,Heavy congestion detected - signal timing extended and reroute suggested
EVT408930,2025-11-05 16:50:33,Trade Fair,J011,Indiranagar 100ft Road,6446,Weekday,False,Clear,False,0.0,False,False,0.633,High,20.3,45.5,261.0,0.169,0.391,0.945,Moderate traffic flow - standard adaptive signal timing in effect
EVT408931,2025-06-18 20:39:24,Trade Fair,J012,Koramangala Sony World,9600,Weekday,False,Rain,True,8.3,False,False,0.639,High,16.5,43.1,334.7,0.166,0.384,0.926,Heavy rain reducing visibility and grip - reduced speed and longer buffer advised
EVT408932,2026-05-08 19:35:34,Political Rally,J020,Malleshwaram Circle,20815,Weekday,False,Clear,False,0.0,False,False,0.904,Severe,10.8,59.5,284.3,0.105,0.243,0.929,Heavy congestion detected - signal timing extended and reroute suggested
EVT408933,2025-05-18 09:31:26,Sports Fixture,J040,City Market,18698,Weekend,False,Clear,False,0.0,False,False,0.946,Severe,9.2,65.8,345.7,0.125,0.289,0.92,Heavy congestion detected - signal timing extended and reroute suggested
EVT408934,2025-05-07 08:13:18,Sports Fixture,J031,Cubbon Road,14690,Weekday,False,Rain,True,12.4,False,False,1.0,Severe,8.4,70.9,416.2,0.158,0.365,0.869,Heavy rain reducing visibility and grip - reduced speed and longer buffer advised
EVT408935,2026-03-27 14:44:53,Religious Festival,J012,Koramangala Sony World,47687,Weekday,True,Fog,False,0.0,False,True,0.9,Severe,11.0,89.5,589.5,0.249,0.576,0.87,Road closure for event/procession - full detour recommended for through-traffic
EVT408936,2025-12-17 06:41:10,Sports Fixture,J023,Basavanagudi,30770,Weekday,False,Clear,False,0.0,False,False,0.476,Moderate,22.7,30.6,259.5,0.172,0.398,0.98,Moderate traffic flow - standard adaptive signal timing in effect
EVT408937,2025-06-02 21:11:24,Local Market Day,J031,Cubbon Road,4239,Weekday,False,Rain,True,19.4,False,False,0.599,High,17.8,37.7,241.7,0.124,0.286,0.909,Heavy rain reducing visibility and grip - reduced speed and longer buffer advised
EVT408938,2025-12-28 11:01:49,Local Market Day,J040,City Market,3957,Weekend,False,Clear,False,0.0,False,False,0.422,Moderate,25.3,33.7,185.7,0.125,0.288,0.953,Moderate traffic flow - standard adaptive signal timing in effect
EVT408939,2025-03-03 07:09:40,Local Market Day,J023,Basavanagudi,5864,Weekday,False,Clear,False,0.0,False,False,0.505,Moderate,23.2,39.9,102.3,0.069,0.159,0.967,Moderate traffic flow - standard adaptive signal timing in effect
EVT408940,2025-07-29 12:17:58,Trade Fair,J030,MG Road,13350,Weekday,False,Rain,True,11.1,False,False,0.451,Moderate,23.9,31.1,120.5,0.082,0.19,0.933,Light rain detected - minor speed reduction advised
EVT408941,2025-09-24 18:29:34,Trade Fair,J012,Koramangala Sony World,7571,Weekday,False,Clear,False,0.0,False,False,1.0,Severe,7.4,68.9,1266.7,0.335,0.775,0.922,Heavy congestion detected - signal timing extended and reroute suggested
EVT408942,2025-07-18 18:16:42,Concert,J020,Malleshwaram Circle,14854,Weekday,False,Fog,False,0.0,False,False,1.0,Severe,8.0,71.1,487.9,0.178,0.41,0.891,Heavy congestion detected - signal timing extended and reroute suggested
EVT408943,2026-02-25 14:11:50,Concert,J009,Majestic,12174,Weekday,False,Clear,False,0.0,False,False,0.265,Low,32.6,16.6,105.3,0.081,0.186,0.935,Moderate traffic flow - standard adaptive signal timing in effect
EVT408944,2025-02-03 08:33:16,Local Market Day,J040,City Market,3768,Weekday,False,Clear,False,0.0,False,False,0.852,Severe,14.4,61.2,326.9,0.166,0.384,0.924,Heavy congestion detected - signal timing extended and reroute suggested
EVT408945,2025-01-21 19:07:16,Local Market Day,J009,Majestic,7138,Weekday,False,Clear,False,0.0,False,False,0.962,Severe,10.8,69.3,356.0,0.162,0.373,0.913,Heavy congestion detected - signal timing extended and reroute suggested
EVT408946,2025-09-30 07:49:19,Sports Fixture,J009,Majestic,27123,Weekday,False,Clear,False,0.0,False,False,0.912,Severe,10.5,62.1,335.3,0.122,0.282,0.95,Heavy congestion detected - signal timing extended and reroute suggested
EVT408947,2025-12-31 18:37:11,Local Market Day,J030,MG Road,5394,Weekday,False,Clear,False,0.0,False,False,1.0,Severe,9.3,69.7,842.7,0.276,0.637,0.914,Heavy congestion detected - signal timing extended and reroute suggested
EVT408948,2025-11-15 16:36:27,Sports Fixture,J012,Koramangala Sony World,17286,Weekend,False,Clear,False,0.0,False,False,0.666,High,19.5,42.3,127.8,0.072,0.167,0.976,Moderate traffic flow - standard adaptive signal timing in effect
EVT408949,2025-06-29 22:19:00,Local Market Day,J031,Cubbon Road,3617,Weekend,False,Clear,False,0.0,False,False,0.246,Low,20.2,18.8,346.6,0.192,0.443,0.961,Normal free-flow traffic - standard signal timing maintained
EVT408950,2026-01-14 10:00:25,Cultural Procession,J011,Indiranagar 100ft Road,15815,Weekday,True,Clear,False,0.0,False,True,1.0,Severe,9.4,100.9,415.7,0.186,0.431,0.839,Road closure for event/procession - full detour recommended for through-traffic
EVT408951,2025-01-23 18:34:20,Concert,J009,Majestic,9607,Weekday,False,Fog,False,0.0,False,False,1.0,Severe,8.0,69.2,759.7,0.248,0.573,0.929,Heavy congestion detected - signal timing extended and reroute suggested
EVT408952,2025-09-19 18:07:35,Sports Fixture,J031,Cubbon Road,28581,Weekday,False,Clear,False,0.0,False,False,1.0,Severe,8.4,71.1,465.4,0.167,0.387,0.922,Heavy congestion detected - signal timing extended and reroute suggested
EVT408953,2025-03-08 19:39:44,Concert,J040,City Market,13789,Weekend,False,Clear,False,0.0,False,False,0.768,Severe,16.2,50.7,242.6,0.146,0.336,0.952,Heavy congestion detected - signal timing extended and reroute suggested
EVT408954,2026-04-09 09:21:18,Local Market Day,J020,Malleshwaram Circle,5691,Weekday,False,Clear,False,0.0,False,False,0.954,Severe,9.3,69.2,379.2,0.137,0.317,0.909,Heavy congestion detected - signal timing extended and reroute suggested
EVT408955,2025-12-01 18:58:31,Concert,J012,Koramangala Sony World,7937,Weekday,False,Light Rain,True,5.5,False,False,1.0,Severe,6.6,75.6,774.3,0.222,0.512,0.871,Heavy rain reducing visibility and grip - reduced speed and longer buffer advised
EVT408956,2025-01-03 19:51:11,Local Market Day,J023,Basavanagudi,5024,Weekday,False,Clear,False,0.0,False,False,0.815,Severe,16.8,61.4,158.9,0.096,0.222,0.955,Heavy congestion detected - signal timing extended and reroute suggested
EVT408957,2025-01-02 10:46:20,Local Market Day,J031,Cubbon Road,5152,Weekday,False,Clear,False,0.0,False,False,0.486,Moderate,24.5,30.5,243.0,0.18,0.415,0.968,Moderate traffic flow - standard adaptive signal timing in effect
EVT408958,2026-03-25 09:35:25,Trade Fair,J012,Koramangala Sony World,12870,Weekday,False,Clear,False,0.0,False,False,0.967,Severe,8.0,67.3,566.9,0.198,0.458,0.932,Heavy congestion detected - signal timing extended and reroute suggested
EVT408959,2025-04-06 05:49:38,Fireworks Display,J040,City Market,16640,Weekend,True,Clear,False,0.0,False,False,0.505,Moderate,26.7,39.9,171.5,0.123,0.285,0.916,Festival crowd surge detected - alternate route and extended cycle recommended
EVT408960,2025-01-16 13:26:42,Trade Fair,J040,City Market,5399,Weekday,False,Clear,False,0.0,False,False,0.257,Low,36.9,16.4,153.5,0.13,0.301,0.952,Moderate traffic flow - standard adaptive signal timing in effect
EVT408961,2025-06-03 17:09:28,Political Rally,J023,Basavanagudi,10121,Weekday,False,Clear,False,0.0,False,False,0.805,Severe,14.0,57.6,395.1,0.196,0.454,0.94,Heavy congestion detected - signal timing extended and reroute suggested
EVT408962,2025-01-15 20:18:21,Religious Festival,J023,Basavanagudi,25426,Weekday,True,Clear,False,0.0,False,False,0.993,Severe,8.3,68.6,424.0,0.158,0.365,0.864,Festival crowd surge detected - alternate route and extended cycle recommended
EVT408963,2025-09-03 11:44:34,Sports Fixture,J031,Cubbon Road,23251,Weekday,False,Clear,False,0.0,False,False,0.381,Moderate,26.0,31.5,218.1,0.14,0.323,0.98,Moderate traffic flow - standard adaptive signal timing in effect
EVT408964,2025-11-04 12:21:50,Trade Fair,J031,Cubbon Road,7405,Weekday,False,Light Rain,True,5.4,False,False,0.326,Low,36.3,21.3,166.9,0.135,0.312,0.906,Light rain detected - minor speed reduction advised
EVT408965,2026-05-04 07:30:05,Sports Fixture,J009,Majestic,28592,Weekday,False,Clear,False,0.0,False,False,0.773,Severe,13.1,55.3,184.2,0.102,0.235,0.95,Heavy congestion detected - signal timing extended and reroute suggested
EVT408966,2026-04-11 10:11:42,Local Market Day,J020,Malleshwaram Circle,6399,Weekend,False,Clear,False,0.0,False,False,0.749,High,16.3,45.7,320.3,0.183,0.422,0.953,Moderate traffic flow - standard adaptive signal timing in effect
EVT408967,2026-02-17 15:55:12,Sports Fixture,J030,MG Road,24625,Weekday,False,Clear,False,0.0,False,False,0.456,Moderate,25.3,32.6,120.1,0.086,0.199,0.965,Moderate traffic flow - standard adaptive signal timing in effect
EVT408968,2025-07-10 11:58:43,Trade Fair,J023,Basavanagudi,11563,Weekday,False,Clear,False,0.0,False,False,0.211,Low,40.4,14.0,91.3,0.101,0.234,0.976,Normal free-flow traffic - standard signal timing maintained
EVT408969,2026-06-03 15:55:41,Political Rally,J040,City Market,24757,Weekday,False,Clear,False,0.0,False,False,0.47,Moderate,23.6,39.4,163.0,0.104,0.241,0.967,Moderate traffic flow - standard adaptive signal timing in effect
EVT408970,2025-08-22 19:13:05,Trade Fair,J031,Cubbon Road,11032,Weekday,False,Clear,False,0.0,False,False,1.0,Severe,7.5,72.6,325.9,0.11,0.255,0.911,Heavy congestion detected - signal timing extended and reroute suggested
EVT408971,2025-08-28 10:53:12,Religious Festival,J040,City Market,46402,Weekday,True,Rain,True,11.7,False,True,1.0,Severe,5.0,97.8,1190.7,0.25,0.578,0.784,Road closure for event/procession - full detour recommended for through-traffic
EVT408972,2025-04-21 12:14:17,Trade Fair,J030,MG Road,14400,Weekday,False,Clear,False,0.0,False,False,0.206,Low,36.2,12.4,49.6,0.067,0.154,0.982,Normal free-flow traffic - standard signal timing maintained
EVT408973,2025-07-06 20:17:10,Trade Fair,J011,Indiranagar 100ft Road,11304,Weekend,False,Clear,False,0.0,False,False,0.594,High,22.5,40.2,181.4,0.132,0.304,0.933,Moderate traffic flow - standard adaptive signal timing in effect
EVT408974,2025-11-25 07:19:11,Sports Fixture,J020,Malleshwaram Circle,19574,Weekday,False,Clear,False,0.0,False,False,0.66,High,16.4,47.5,284.2,0.158,0.364,0.973,Moderate traffic flow - standard adaptive signal timing in effect
EVT408975,2025-12-29 17:19:21,Local Market Day,J012,Koramangala Sony World,5596,Weekday,False,Clear,False,0.0,False,False,0.764,Severe,18.3,51.3,321.6,0.202,0.468,0.929,Heavy congestion detected - signal timing extended and reroute suggested
EVT408976,2026-05-28 07:04:50,Local Market Day,J023,Basavanagudi,2957,Weekday,False,Heavy Rain,True,38.3,False,False,0.754,Severe,18.9,55.4,263.1,0.165,0.381,0.899,Heavy rain reducing visibility and grip - reduced speed and longer buffer advised
EVT408977,2025-04-26 07:12:55,Local Market Day,J030,MG Road,5116,Weekend,False,Clear,False,0.0,False,False,0.441,Moderate,19.6,33.3,218.0,0.118,0.271,0.956,Moderate traffic flow - standard adaptive signal timing in effect
EVT408978,2025-06-20 08:33:22,Political Rally,J020,Malleshwaram Circle,7663,Weekday,False,Heavy Rain,True,34.2,False,False,1.0,Severe,6.6,63.0,852.9,0.214,0.493,0.859,Heavy rain reducing visibility and grip - reduced speed and longer buffer advised
EVT408979,2025-04-15 17:36:42,Religious Festival,J031,Cubbon Road,45959,Weekday,True,Clear,False,0.0,False,True,1.0,Severe,5.1,97.1,738.3,0.182,0.422,0.84,Road closure for event/procession - full detour recommended for through-traffic
EVT408980,2025-02-08 15:21:31,Local Market Day,J023,Basavanagudi,8145,Weekend,False,Clear,False,0.0,False,False,0.376,Moderate,26.2,28.3,241.8,0.202,0.467,0.988,Moderate traffic flow - standard adaptive signal timing in effect
EVT408981,2025-02-21 17:57:38,Concert,J031,Cubbon Road,8401,Weekday,False,Light Rain,True,3.2,False,False,1.0,Severe,8.0,78.0,589.9,0.219,0.505,0.843,Heavy rain reducing visibility and grip - reduced speed and longer buffer advised
EVT408982,2025-05-12 15:00:55,Trade Fair,J009,Majestic,6281,Weekday,False,Clear,False,0.0,False,False,0.236,Low,31.4,18.0,214.1,0.186,0.429,0.971,Normal free-flow traffic - standard signal timing maintained
EVT408983,2025-05-25 02:35:58,Sports Fixture,J011,Indiranagar 100ft Road,17569,Weekend,False,Clear,False,0.0,False,False,0.326,Low,28.9,19.8,164.8,0.122,0.283,0.951,Moderate traffic flow - standard adaptive signal timing in effect
EVT408984,2026-02-07 08:21:54,Sports Fixture,J023,Basavanagudi,18734,Weekend,False,Clear,False,0.0,False,False,0.902,Severe,12.2,59.8,211.9,0.102,0.235,0.939,Heavy congestion detected - signal timing extended and reroute suggested
EVT408985,2025-11-11 18:03:33,Trade Fair,J031,Cubbon Road,5464,Weekday,False,Clear,False,0.0,False,False,1.0,Severe,9.4,72.2,566.2,0.229,0.529,0.897,Heavy congestion detected - signal timing extended and reroute suggested
EVT408986,2025-04-24 16:21:14,Local Market Day,J030,MG Road,3804,Weekday,False,Clear,False,0.0,False,False,0.54,Moderate,23.8,39.8,139.8,0.1,0.232,0.969,Moderate traffic flow - standard adaptive signal timing in effect
EVT408987,2026-03-24 10:06:43,Concert,J031,Cubbon Road,12933,Weekday,False,Clear,False,0.0,False,False,0.831,Severe,14.8,53.3,285.8,0.153,0.354,0.943,Heavy congestion detected - signal timing extended and reroute suggested
EVT408988,2025-03-02 20:14:40,Local Market Day,J040,City Market,6369,Weekend,False,Light Rain,True,1.9,False,False,0.627,High,19.1,45.0,326.5,0.226,0.521,0.921,Heavy rain reducing visibility and grip - reduced speed and longer buffer advised
EVT408989,2026-05-03 09:30:57,Political Rally,J020,Malleshwaram Circle,19245,Weekend,False,Clear,False,0.0,False,False,0.939,Severe,6.0,68.5,506.7,0.133,0.307,0.919,Heavy congestion detected - signal timing extended and reroute suggested
EVT408990,2026-05-19 17:00:36,Concert,J040,City Market,9602,Weekday,False,Clear,False,0.0,False,False,0.744,High,17.3,51.4,330.5,0.185,0.427,0.957,Moderate traffic flow - standard adaptive signal timing in effect
EVT408991,2025-05-08 13:06:24,Sports Fixture,J023,Basavanagudi,11601,Weekday,False,Clear,False,0.0,False,False,0.307,Low,24.5,20.5,218.7,0.135,0.313,0.949,Moderate traffic flow - standard adaptive signal timing in effect
EVT408992,2026-06-24 15:12:04,Local Market Day,J011,Indiranagar 100ft Road,9630,Weekday,False,Clear,False,0.0,True,False,0.789,Severe,13.5,58.9,290.7,0.148,0.343,0.793,Accident detected nearby - reroute and reduced speed advised
EVT408993,2026-03-14 19:52:09,Local Market Day,J020,Malleshwaram Circle,6656,Weekend,False,Clear,False,0.0,False,False,0.802,Severe,15.2,53.3,411.9,0.225,0.52,0.964,Heavy congestion detected - signal timing extended and reroute suggested
EVT408994,2025-10-06 11:46:07,Concert,J031,Cubbon Road,20023,Weekday,False,Clear,False,0.0,False,False,0.291,Low,25.7,18.1,184.9,0.142,0.327,0.972,Moderate traffic flow - standard adaptive signal timing in effect
EVT408995,2025-11-06 11:37:10,Political Rally,J009,Majestic,13881,Weekday,False,Rain,True,7.7,False,False,0.478,Moderate,28.1,31.9,141.3,0.105,0.244,0.921,Light rain detected - minor speed reduction advised
EVT408996,2025-01-31 07:02:09,Concert,J023,Basavanagudi,7683,Weekday,False,Clear,False,0.0,False,False,0.469,Moderate,19.0,36.0,189.0,0.116,0.268,0.954,Moderate traffic flow - standard adaptive signal timing in effect
EVT408997,2025-12-22 19:25:33,Concert,J011,Indiranagar 100ft Road,9910,Weekday,False,Clear,False,0.0,False,False,0.955,Severe,11.2,68.8,401.5,0.179,0.414,0.93,Heavy congestion detected - signal timing extended and reroute suggested
EVT408998,2025-01-11 23:47:02,Sports Fixture,J040,City Market,29712,Weekend,False,Fog,False,0.0,False,False,0.489,Moderate,26.7,37.1,198.6,0.143,0.331,0.972,Moderate traffic flow - standard adaptive signal timing in effect
EVT408999,2025-04-12 11:09:41,Concert,J012,Koramangala Sony World,23112,Weekend,False,Clear,False,0.0,False,False,0.563,High,24.0,40.4,139.1,0.102,0.236,0.963,Moderate traffic flow - standard adaptive signal timing in effect
EVT409000,2025-06-29 09:32:40,Concert,J023,Basavanagudi,13753,Weekend,False,Rain,True,21.4,False,False,1.0,Severe,6.0,67.4,547.8,0.129,0.299,0.874,Heavy rain reducing visibility and grip - reduced speed and longer buffer advised
EVT409001,2026-04-05 17:40:08,Political Rally,J012,Koramangala Sony World,18234,Weekend,False,Clear,False,0.0,False,False,0.818,Severe,14.6,50.5,422.1,0.209,0.483,0.962,Heavy congestion detected - signal timing extended and reroute suggested
EVT409002,2025-08-01 16:12:40,Sports Fixture,J040,City Market,19655,Weekday,False,Clear,False,0.0,False,False,0.558,High,26.4,37.6,139.7,0.105,0.242,0.96,Moderate traffic flow - standard adaptive signal timing in effect
EVT409003,2025-05-11 07:29:20,Local Market Day,J020,Malleshwaram Circle,4759,Weekend,False,Clear,False,0.0,False,False,0.587,High,21.7,40.0,244.0,0.17,0.392,0.964,Moderate traffic flow - standard adaptive signal timing in effect
EVT409004,2025-04-25 08:13:06,Concert,J030,MG Road,8512,Weekday,False,Clear,False,0.0,False,False,0.939,Severe,10.0,69.9,344.5,0.122,0.281,0.938,Heavy congestion detected - signal timing extended and reroute suggested
EVT409005,2025-04-19 07:56:47,Sports Fixture,J020,Malleshwaram Circle,15163,Weekend,False,Clear,False,0.0,False,False,0.703,High,20.3,49.8,305.2,0.212,0.489,0.988,Moderate traffic flow - standard adaptive signal timing in effect
EVT409006,2025-05-15 10:24:38,Concert,J011,Indiranagar 100ft Road,16443,Weekday,False,Clear,False,0.0,False,False,0.725,High,16.4,49.7,258.0,0.154,0.355,0.949,Moderate traffic flow - standard adaptive signal timing in effect
EVT409007,2026-03-28 10:19:08,Concert,J009,Majestic,10973,Weekend,False,Clear,False,0.0,False,False,0.682,High,17.0,50.5,365.1,0.204,0.472,0.969,Moderate traffic flow - standard adaptive signal timing in effect
EVT409008,2025-05-10 08:11:45,Political Rally,J012,Koramangala Sony World,13361,Weekend,False,Rain,True,24.7,False,False,1.0,Severe,8.1,72.0,463.0,0.161,0.372,0.872,Heavy rain reducing visibility and grip - reduced speed and longer buffer advised
EVT409009,2026-06-05 21:39:54,Sports Fixture,J030,MG Road,24328,Weekday,False,Rain,True,22.2,False,False,0.665,High,19.0,47.0,286.6,0.15,0.347,0.887,Heavy rain reducing visibility and grip - reduced speed and longer buffer advised
EVT409010,2026-03-12 14:33:39,Sports Fixture,J012,Koramangala Sony World,26249,Weekday,False,Clear,False,0.0,False,False,0.344,Low,29.7,24.2,112.8,0.103,0.238,0.988,Moderate traffic flow - standard adaptive signal timing in effect
EVT409011,2025-08-24 19:05:29,Concert,J009,Majestic,8763,Weekend,False,Heavy Rain,True,25.0,False,False,1.0,Severe,8.1,64.1,227.3,0.09,0.209,0.863,Heavy rain reducing visibility and grip - reduced speed and longer buffer advised
EVT409012,2025-12-05 08:34:10,Political Rally,J040,City Market,18940,Weekday,False,Clear,False,0.0,False,False,1.0,Severe,8.6,72.5,413.7,0.152,0.351,0.895,Heavy congestion detected - signal timing extended and reroute suggested
EVT409013,2025-11-29 14:25:54,Trade Fair,J031,Cubbon Road,6473,Weekend,False,Clear,False,0.0,False,False,0.314,Low,30.2,25.2,180.7,0.152,0.35,0.962,Moderate traffic flow - standard adaptive signal timing in effect
EVT409014,2025-10-28 18:56:26,Local Market Day,J011,Indiranagar 100ft Road,3626,Weekday,False,Clear,False,0.0,False,False,1.0,Severe,9.2,68.0,566.1,0.228,0.526,0.925,Heavy congestion detected - signal timing extended and reroute suggested
EVT409015,2025-09-19 15:10:23,Trade Fair,J012,Koramangala Sony World,7957,Weekday,False,Rain,True,11.6,False,False,0.456,Moderate,30.8,29.1,195.3,0.173,0.399,0.89,Light rain detected - minor speed reduction advised
EVT409016,2026-02-27 17:24:34,Local Market Day,J012,Koramangala Sony World,2976,Weekday,False,Clear,False,0.0,False,False,0.748,High,16.5,48.2,287.1,0.154,0.355,0.969,Moderate traffic flow - standard adaptive signal timing in effect
EVT409017,2026-01-02 20:37:59,Religious Festival,J030,MG Road,51476,Weekday,True,Fog,False,0.0,False,True,1.0,Severe,7.6,107.4,656.0,0.207,0.478,0.822,Road closure for event/procession - full detour recommended for through-traffic
EVT409018,2025-05-31 16:12:20,Concert,J031,Cubbon Road,7550,Weekend,False,Clear,False,0.0,False,False,0.511,Moderate,21.7,37.0,319.5,0.225,0.519,0.954,Moderate traffic flow - standard adaptive signal timing in effect
EVT409019,2026-03-22 13:20:59,Local Market Day,J012,Koramangala Sony World,6739,Weekend,False,Clear,False,0.0,False,False,0.197,Low,35.5,17.3,161.6,0.134,0.309,0.979,Normal free-flow traffic - standard signal timing maintained
EVT409020,2025-03-04 13:10:36,Sports Fixture,J020,Malleshwaram Circle,26433,Weekday,False,Clear,False,0.0,False,False,0.349,Low,26.1,23.7,170.7,0.117,0.271,0.981,Moderate traffic flow - standard adaptive signal timing in effect
EVT409021,2026-01-12 09:29:52,Trade Fair,J031,Cubbon Road,9572,Weekday,False,Clear,False,0.0,False,False,1.0,Severe,8.2,75.9,734.6,0.252,0.582,0.901,Heavy congestion detected - signal timing extended and reroute suggested
EVT409022,2026-06-29 17:53:56,Trade Fair,J023,Basavanagudi,12165,Weekday,False,Clear,False,0.0,False,False,1.0,Severe,9.6,66.9,398.6,0.154,0.355,0.932,Heavy congestion detected - signal timing extended and reroute suggested
EVT409023,2025-02-26 06:55:59,Concert,J009,Majestic,9602,Weekday,False,Clear,False,0.0,False,False,0.411,Moderate,35.0,28.7,144.9,0.122,0.282,0.982,Moderate traffic flow - standard adaptive signal timing in effect
EVT409024,2025-08-10 15:21:15,Local Market Day,J011,Indiranagar 100ft Road,5059,Weekend,False,Clear,False,0.0,False,False,0.341,Low,28.4,20.0,141.1,0.108,0.25,0.972,Moderate traffic flow - standard adaptive signal timing in effect
EVT409025,2026-05-07 09:07:11,Trade Fair,J031,Cubbon Road,11741,Weekday,False,Clear,False,0.0,False,False,1.0,Severe,7.8,71.3,579.5,0.193,0.445,0.918,Heavy congestion detected - signal timing extended and reroute suggested
EVT409026,2025-02-20 17:08:58,Sports Fixture,J030,MG Road,22977,Weekday,False,Clear,False,0.0,False,False,0.799,Severe,18.1,58.8,365.3,0.243,0.561,0.97,Heavy congestion detected - signal timing extended and reroute suggested
EVT409027,2025-11-18 16:16:26,Concert,J009,Majestic,13698,Weekday,False,Clear,False,0.0,False,False,0.608,High,20.0,51.2,292.1,0.201,0.463,0.96,Moderate traffic flow - standard adaptive signal timing in effect
EVT409028,2025-01-27 11:43:10,Cultural Procession,J020,Malleshwaram Circle,33942,Weekday,True,Clear,False,0.0,False,False,0.694,High,15.2,54.0,162.2,0.088,0.203,0.922,Festival crowd surge detected - alternate route and extended cycle recommended
EVT409029,2026-03-13 13:46:04,Local Market Day,J023,Basavanagudi,5019,Weekday,False,Clear,False,0.0,False,False,0.287,Low,26.4,16.4,150.8,0.117,0.271,0.921,Moderate traffic flow - standard adaptive signal timing in effect
EVT409030,2026-04-23 13:23:48,Local Market Day,J040,City Market,7491,Weekday,False,Clear,False,0.0,False,False,0.278,Low,34.3,20.3,94.9,0.089,0.205,0.984,Moderate traffic flow - standard adaptive signal timing in effect
EVT409031,2025-07-23 17:52:34,Local Market Day,J030,MG Road,2964,Weekday,False,Clear,False,0.0,False,False,0.893,Severe,11.6,59.8,444.7,0.176,0.407,0.946,Heavy congestion detected - signal timing extended and reroute suggested
EVT409032,2026-04-22 18:35:15,Local Market Day,J040,City Market,5543,Weekday,False,Clear,False,0.0,False,False,1.0,Severe,8.5,75.0,198.3,0.085,0.197,0.907,Heavy congestion detected - signal timing extended and reroute suggested
EVT409033,2025-10-19 16:17:12,Concert,J011,Indiranagar 100ft Road,12237,Weekend,False,Clear,False,0.0,False,False,0.523,Moderate,17.8,37.8,144.0,0.08,0.184,0.981,Moderate traffic flow - standard adaptive signal timing in effect
EVT409034,2025-02-28 16:01:41,Trade Fair,J040,City Market,9295,Weekday,False,Clear,False,0.0,False,False,0.49,Moderate,24.6,36.2,92.6,0.068,0.156,0.976,Moderate traffic flow - standard adaptive signal timing in effect
EVT409035,2026-05-10 19:05:35,Sports Fixture,J031,Cubbon Road,18980,Weekend,False,Clear,False,0.0,False,False,0.955,Severe,9.0,70.6,349.2,0.126,0.292,0.908,Heavy congestion detected - signal timing extended and reroute suggested
EVT409036,2026-03-10 22:57:36,Trade Fair,J023,Basavanagudi,13554,Weekday,False,Clear,False,0.0,False,False,0.29,Low,34.8,25.3,99.2,0.091,0.21,0.966,Moderate traffic flow - standard adaptive signal timing in effect
EVT409037,2025-07-03 21:36:02,Local Market Day,J030,MG Road,2316,Weekday,False,Heavy Rain,True,79.9,False,False,0.682,High,17.2,51.1,127.0,0.073,0.169,0.909,Heavy rain reducing visibility and grip - reduced speed and longer buffer advised
EVT409038,2026-05-01 09:13:13,Religious Festival,J020,Malleshwaram Circle,35901,Weekday,True,Clear,False,0.0,False,True,1.0,Severe,6.6,104.5,962.9,0.286,0.66,0.852,Road closure for event/procession - full detour recommended for through-traffic
EVT409039,2026-03-22 15:28:40,Sports Fixture,J040,City Market,33477,Weekend,False,Clear,False,0.0,False,False,0.527,Moderate,18.4,33.3,143.5,0.085,0.196,0.975,Moderate traffic flow - standard adaptive signal timing in effect
EVT409040,2026-03-23 17:06:01,Local Market Day,J040,City Market,2156,Weekday,False,Clear,False,0.0,False,False,0.696,High,18.5,47.7,180.6,0.138,0.319,0.962,Moderate traffic flow - standard adaptive signal timing in effect
EVT409041,2025-09-09 18:29:17,Political Rally,J040,City Market,11392,Weekday,False,Clear,False,0.0,False,False,1.0,Severe,8.4,72.1,773.5,0.277,0.639,0.934,Heavy congestion detected - signal timing extended and reroute suggested
EVT409042,2025-02-25 21:38:28,Sports Fixture,J009,Majestic,14925,Weekday,False,Clear,False,0.0,False,False,0.367,Moderate,31.0,27.8,121.7,0.097,0.224,0.969,Moderate traffic flow - standard adaptive signal timing in effect
EVT409043,2025-10-21 18:55:12,Religious Festival,J020,Malleshwaram Circle,44321,Weekday,True,Fog,False,0.0,False,False,1.0,Severe,8.2,71.3,617.9,0.186,0.43,0.842,Festival crowd surge detected - alternate route and extended cycle recommended
EVT409044,2025-10-04 09:27:35,Political Rally,J040,City Market,10384,Weekend,False,Clear,False,0.0,False,False,0.865,Severe,11.6,59.3,428.1,0.16,0.369,0.932,Heavy congestion detected - signal timing extended and reroute suggested
EVT409045,2025-02-23 17:46:41,Trade Fair,J012,Koramangala Sony World,9110,Weekend,False,Clear,False,0.0,False,False,0.781,Severe,16.7,57.1,198.9,0.13,0.3,0.969,Heavy congestion detected - signal timing extended and reroute suggested
EVT409046,2025-12-18 17:43:16,Local Market Day,J012,Koramangala Sony World,3009,Weekday,False,Clear,False,0.0,False,False,0.879,Severe,11.6,62.7,407.8,0.172,0.398,0.98,Heavy congestion detected - signal timing extended and reroute suggested
EVT409047,2025-09-10 21:05:14,Concert,J011,Indiranagar 100ft Road,11242,Weekday,False,Clear,False,0.0,False,False,0.445,Moderate,26.8,37.7,143.1,0.106,0.245,0.977,Moderate traffic flow - standard adaptive signal timing in effect
EVT409048,2025-10-04 08:19:20,Local Market Day,J031,Cubbon Road,6996,Weekend,False,Fog,False,0.0,False,False,0.898,Severe,10.8,61.1,425.3,0.166,0.383,0.92,Heavy congestion detected - signal timing extended and reroute suggested
EVT409049,2025-09-25 20:16:31,Political Rally,J040,City Market,15459,Weekday,False,Light Rain,True,4.0,False,False,0.804,Severe,13.2,53.2,450.1,0.199,0.459,0.873,Heavy rain reducing visibility and grip - reduced speed and longer buffer advised
EVT409050,2025-01-30 09:16:29,Concert,J023,Basavanagudi,14027,Weekday,False,Fog,False,0.0,False,False,1.0,Severe,6.7,75.9,664.3,0.194,0.447,0.888,Heavy congestion detected - signal timing extended and reroute suggested
EVT409051,2026-03-17 07:26:03,Political Rally,J023,Basavanagudi,8799,Weekday,False,Clear,False,0.0,False,False,0.533,Moderate,26.7,33.0,246.7,0.185,0.428,0.949,Moderate traffic flow - standard adaptive signal timing in effect
EVT409052,2025-01-22 17:19:04,Local Market Day,J040,City Market,4567,Weekday,False,Clear,False,0.0,False,False,0.827,Severe,17.4,58.8,400.8,0.237,0.547,0.942,Heavy congestion detected - signal timing extended and reroute suggested
EVT409053,2025-07-03 05:21:48,Trade Fair,J031,Cubbon Road,5431,Weekday,False,Rain,True,10.4,False,False,0.329,Low,27.7,29.7,127.9,0.099,0.229,0.919,Light rain detected - minor speed reduction advised
EVT409054,2026-06-07 18:52:02,Sports Fixture,J011,Indiranagar 100ft Road,15867,Weekend,False,Clear,False,0.0,False,False,0.962,Severe,10.0,69.5,488.4,0.22,0.509,0.932,Heavy congestion detected - signal timing extended and reroute suggested
EVT409055,2025-04-26 08:57:21,Political Rally,J011,Indiranagar 100ft Road,8467,Weekend,False,Clear,False,0.0,False,False,0.905,Severe,9.8,68.3,465.0,0.172,0.397,0.926,Heavy congestion detected - signal timing extended and reroute suggested
EVT409056,2026-03-26 11:17:56,Religious Festival,J011,Indiranagar 100ft Road,42946,Weekday,True,Clear,False,0.0,False,True,0.942,Severe,10.0,94.6,470.5,0.198,0.457,0.857,Road closure for event/procession - full detour recommended for through-traffic
EVT409057,2025-11-29 19:30:11,Sports Fixture,J030,MG Road,12493,Weekend,False,Clear,False,0.0,False,False,0.807,Severe,17.4,50.7,220.4,0.144,0.333,0.949,Heavy congestion detected - signal timing extended and reroute suggested
EVT409058,2026-04-25 15:03:17,Local Market Day,J040,City Market,2916,Weekend,False,Clear,False,0.0,False,False,0.299,Low,31.0,24.6,70.7,0.048,0.11,0.971,Moderate traffic flow - standard adaptive signal timing in effect
EVT409059,2026-02-28 13:26:19,Concert,J030,MG Road,16172,Weekend,False,Light Rain,True,3.1,False,False,0.387,Moderate,24.5,29.0,283.8,0.179,0.414,0.912,Light rain detected - minor speed reduction advised
EVT409060,2025-04-30 10:45:11,Trade Fair,J030,MG Road,5446,Weekday,False,Clear,False,0.0,False,False,0.528,Moderate,29.7,41.4,204.9,0.179,0.414,0.934,Moderate traffic flow - standard adaptive signal timing in effect
EVT409061,2026-02-15 18:54:06,Trade Fair,J020,Malleshwaram Circle,9329,Weekend,False,Clear,False,0.0,False,False,0.825,Severe,13.6,54.0,433.3,0.234,0.54,0.929,Heavy congestion detected - signal timing extended and reroute suggested
EVT409062,2026-03-21 19:34:21,Concert,J040,City Market,7977,Weekend,False,Clear,False,0.0,False,False,0.694,High,16.7,55.7,204.8,0.12,0.277,0.958,Moderate traffic flow - standard adaptive signal timing in effect
EVT409063,2026-06-21 16:25:55,Political Rally,J030,MG Road,9114,Weekend,False,Rain,True,9.8,False,False,0.656,High,19.1,43.9,258.1,0.169,0.391,0.923,Heavy rain reducing visibility and grip - reduced speed and longer buffer advised
EVT409064,2025-08-25 19:46:36,Local Market Day,J031,Cubbon Road,3422,Weekday,False,Clear,False,0.0,False,False,0.769,Severe,13.9,57.1,309.8,0.149,0.345,0.952,Heavy congestion detected - signal timing extended and reroute suggested
EVT409065,2025-08-31 20:46:55,Political Rally,J031,Cubbon Road,16339,Weekend,False,Clear,False,0.0,False,False,0.535,Moderate,25.6,43.6,258.4,0.204,0.472,0.967,Moderate traffic flow - standard adaptive signal timing in effect
EVT409066,2026-02-05 05:52:37,Concert,J030,MG Road,14930,Weekday,False,Clear,False,0.0,False,False,0.236,Low,35.1,12.8,112.7,0.094,0.217,0.958,Normal free-flow traffic - standard signal timing maintained
EVT409067,2025-03-02 11:27:36,Sports Fixture,J009,Majestic,18679,Weekend,False,Clear,False,0.0,False,False,0.359,Moderate,29.8,22.4,148.4,0.11,0.255,0.957,Moderate traffic flow - standard adaptive signal timing in effect
EVT409068,2026-04-07 08:09:51,Political Rally,J040,City Market,18765,Weekday,False,Clear,False,0.0,False,False,0.979,Severe,10.8,73.7,250.4,0.123,0.284,0.915,Heavy congestion detected - signal timing extended and reroute suggested
EVT409069,2025-09-03 12:19:38,Local Market Day,J030,MG Road,2575,Weekday,False,Clear,False,0.0,False,False,0.258,Low,36.5,26.1,153.6,0.148,0.341,0.971,Moderate traffic flow - standard adaptive signal timing in effect
EVT409070,2025-04-12 18:58:33,Local Market Day,J040,City Market,3885,Weekend,False,Clear,False,0.0,False,False,0.851,Severe,12.8,57.9,325.3,0.148,0.342,0.965,Heavy congestion detected - signal timing extended and reroute suggested
EVT409071,2026-04-30 20:23:13,Sports Fixture,J012,Koramangala Sony World,20758,Weekday,False,Rain,True,14.0,False,False,0.805,Severe,13.6,56.3,147.2,0.06,0.139,0.906,Heavy rain reducing visibility and grip - reduced speed and longer buffer advised
EVT409072,2025-06-23 12:55:23,Local Market Day,J009,Majestic,3216,Weekday,False,Clear,False,0.0,False,False,0.175,Low,30.3,20.9,170.1,0.139,0.321,0.936,Normal free-flow traffic - standard signal timing maintained
EVT409073,2025-10-25 14:14:22,Political Rally,J020,Malleshwaram Circle,14264,Weekend,False,Light Rain,True,4.9,False,False,0.37,Moderate,29.2,30.1,115.3,0.075,0.173,0.897,Light rain detected - minor speed reduction advised
EVT409074,2025-06-13 15:37:51,Local Market Day,J040,City Market,3826,Weekday,False,Heavy Rain,True,27.0,False,False,0.635,High,21.4,40.9,191.5,0.107,0.247,0.928,Heavy rain reducing visibility and grip - reduced speed and longer buffer advised
EVT409075,2025-04-12 11:54:45,Trade Fair,J023,Basavanagudi,13372,Weekend,False,Rain,True,16.2,False,False,0.569,High,20.8,37.2,220.1,0.144,0.334,0.923,Heavy rain reducing visibility and grip - reduced speed and longer buffer advised
EVT409076,2025-07-16 07:08:20,Local Market Day,J020,Malleshwaram Circle,4161,Weekday,False,Clear,False,0.0,False,False,0.538,Moderate,19.4,36.8,153.3,0.104,0.239,0.956,Moderate traffic flow - standard adaptive signal timing in effect
EVT409077,2025-10-26 15:21:51,Sports Fixture,J030,MG Road,25392,Weekend,False,Clear,False,0.0,False,False,0.423,Moderate,23.4,27.0,195.6,0.17,0.392,0.97,Moderate traffic flow - standard adaptive signal timing in effect
EVT409078,2025-02-10 12:47:13,Sports Fixture,J023,Basavanagudi,27442,Weekday,False,Clear,False,0.0,False,False,0.298,Low,29.2,22.4,147.7,0.112,0.258,0.975,Moderate traffic flow - standard adaptive signal timing in effect
EVT409079,2025-04-01 09:48:19,Sports Fixture,J023,Basavanagudi,30169,Weekday,False,Light Rain,True,4.8,False,False,1.0,Severe,8.8,73.4,351.4,0.133,0.308,0.866,Heavy rain reducing visibility and grip - reduced speed and longer buffer advised
EVT409080,2025-12-08 11:54:59,Concert,J023,Basavanagudi,10209,Weekday,False,Clear,False,0.0,False,False,0.221,Low,33.6,20.7,117.0,0.094,0.218,0.963,Normal free-flow traffic - standard signal timing maintained
EVT409081,2025-07-19 10:20:06,Political Rally,J020,Malleshwaram Circle,18482,Weekend,False,Clear,False,0.0,False,False,0.737,High,16.7,54.4,321.9,0.188,0.433,0.954,Moderate traffic flow - standard adaptive signal timing in effect
EVT409082,2025-01-06 15:02:44,Local Market Day,J023,Basavanagudi,3106,Weekday,False,Clear,False,0.0,False,False,0.206,Low,35.7,16.7,106.4,0.098,0.226,0.971,Normal free-flow traffic - standard signal timing maintained
EVT409083,2025-12-03 11:20:01,Local Market Day,J011,Indiranagar 100ft Road,1712,Weekday,False,Clear,False,0.0,False,False,0.294,Low,30.5,23.1,227.4,0.194,0.449,0.984,Moderate traffic flow - standard adaptive signal timing in effect
EVT409084,2025-02-17 23:01:29,Local Market Day,J023,Basavanagudi,4367,Weekday,False,Clear,False,0.0,False,False,0.235,Low,34.0,19.5,93.1,0.095,0.22,0.949,Normal free-flow traffic - standard signal timing maintained
EVT409085,2025-12-28 07:23:17,Trade Fair,J020,Malleshwaram Circle,9129,Weekend,False,Clear,False,0.0,False,False,0.61,High,21.0,42.6,225.6,0.167,0.386,0.947,Moderate traffic flow - standard adaptive signal timing in effect
EVT409086,2026-06-22 19:44:31,Local Market Day,J020,Malleshwaram Circle,4169,Weekday,False,Clear,False,0.0,False,False,0.795,Severe,14.4,58.1,210.6,0.141,0.325,0.964,Heavy congestion detected - signal timing extended and reroute suggested
EVT409087,2025-10-28 17:31:06,Political Rally,J009,Majestic,10055,Weekday,False,Fog,False,0.0,False,False,0.931,Severe,7.6,61.9,592.7,0.197,0.454,0.94,Heavy congestion detected - signal timing extended and reroute suggested
EVT409088,2025-06-07 09:16:12,Trade Fair,J023,Basavanagudi,7460,Weekend,False,Clear,False,0.0,False,False,0.746,High,19.2,54.0,286.8,0.181,0.418,0.983,Moderate traffic flow - standard adaptive signal timing in effect
EVT409089,2025-11-01 08:47:01,Religious Festival,J020,Malleshwaram Circle,34054,Weekend,True,Rain,True,14.7,False,True,1.0,Severe,6.9,103.4,461.3,0.143,0.33,0.802,Road closure for event/procession - full detour recommended for through-traffic
EVT409090,2026-05-19 21:39:50,Political Rally,J012,Koramangala Sony World,13536,Weekday,False,Clear,False,0.0,False,False,0.393,Moderate,25.6,26.5,240.2,0.168,0.389,0.97,Moderate traffic flow - standard adaptive signal timing in effect
EVT409091,2025-04-18 19:21:18,Political Rally,J012,Koramangala Sony World,18758,Weekday,False,Rain,True,12.4,False,False,1.0,Severe,8.7,72.7,357.6,0.131,0.303,0.871,Heavy rain reducing visibility and grip - reduced speed and longer buffer advised
EVT409092,2026-06-27 09:41:39,Political Rally,J040,City Market,14015,Weekend,False,Clear,False,0.0,False,False,0.751,Severe,13.7,47.7,407.3,0.188,0.435,0.989,Heavy congestion detected - signal timing extended and reroute suggested
EVT409093,2026-01-08 17:49:07,Trade Fair,J011,Indiranagar 100ft Road,7897,Weekday,False,Clear,False,0.0,False,False,0.901,Severe,12.3,71.8,344.1,0.173,0.401,0.924,Heavy congestion detected - signal timing extended and reroute suggested
EVT409094,2026-04-24 17:22:19,Political Rally,J009,Majestic,7612,Weekday,False,Fog,False,0.0,False,False,0.863,Severe,13.8,64.3,516.5,0.224,0.517,0.911,Heavy congestion detected - signal timing extended and reroute suggested
EVT409095,2025-12-07 13:16:02,Local Market Day,J040,City Market,6059,Weekend,False,Clear,False,0.0,False,False,0.265,Low,37.9,17.2,150.9,0.146,0.338,0.99,Moderate traffic flow - standard adaptive signal timing in effect
EVT409096,2025-08-04 15:53:09,Concert,J031,Cubbon Road,10818,Weekday,False,Clear,False,0.0,False,False,0.424,Moderate,22.5,31.3,189.8,0.123,0.284,0.972,Moderate traffic flow - standard adaptive signal timing in effect
EVT409097,2025-12-26 13:15:52,Fireworks Display,J030,MG Road,14658,Weekday,True,Clear,False,0.0,False,False,0.43,Moderate,28.9,37.9,206.2,0.153,0.353,0.886,Moderate traffic flow - standard adaptive signal timing in effect
EVT409098,2025-01-08 11:53:34,Local Market Day,J040,City Market,3367,Weekday,False,Clear,False,0.0,False,False,0.096,Low,39.4,7.1,132.1,0.112,0.258,0.966,Normal free-flow traffic - standard signal timing maintained
EVT409099,2026-05-03 16:58:59,Concert,J023,Basavanagudi,13918,Weekend,False,Clear,False,0.0,False,False,0.739,High,13.6,53.2,389.1,0.18,0.415,0.953,Moderate traffic flow - standard adaptive signal timing in effect
EVT409100,2025-05-13 07:35:59,Trade Fair,J012,Koramangala Sony World,7535,Weekday,False,Rain,True,15.6,False,False,0.805,Severe,16.7,56.8,204.0,0.113,0.262,0.917,Heavy rain reducing visibility and grip - reduced speed and longer buffer advised
EVT409101,2026-06-03 22:46:52,Trade Fair,J011,Indiranagar 100ft Road,9588,Weekday,False,Clear,False,0.0,False,False,0.201,Low,37.8,14.5,122.2,0.118,0.271,0.982,Normal free-flow traffic - standard signal timing maintained
EVT409102,2025-10-27 06:03:32,Local Market Day,J011,Indiranagar 100ft Road,1383,Weekday,False,Clear,False,0.0,False,False,0.247,Low,28.3,22.0,110.2,0.084,0.193,0.966,Normal free-flow traffic - standard signal timing maintained
EVT409103,2025-11-21 18:02:12,Political Rally,J020,Malleshwaram Circle,9345,Weekday,False,Clear,False,0.0,False,False,1.0,Severe,9.1,74.2,708.2,0.242,0.56,0.917,Heavy congestion detected - signal timing extended and reroute suggested
EVT409104,2025-08-23 21:41:43,Local Market Day,J040,City Market,5361,Weekend,False,Clear,False,0.0,False,False,0.341,Low,25.7,24.8,185.8,0.122,0.281,0.969,Moderate traffic flow - standard adaptive signal timing in effect
EVT409105,2025-02-04 14:53:29,Political Rally,J009,Majestic,13053,Weekday,False,Clear,False,0.0,False,False,0.283,Low,23.8,20.2,217.1,0.121,0.279,0.981,Moderate traffic flow - standard adaptive signal timing in effect
EVT409106,2025-09-10 12:21:38,Sports Fixture,J023,Basavanagudi,16662,Weekday,False,Clear,False,0.0,False,False,0.244,Low,35.3,12.8,110.5,0.107,0.248,0.952,Normal free-flow traffic - standard signal timing maintained
EVT409107,2025-06-22 16:25:39,Sports Fixture,J030,MG Road,16356,Weekend,False,Clear,False,0.0,False,False,0.559,High,27.7,45.6,148.7,0.107,0.247,0.974,Moderate traffic flow - standard adaptive signal timing in effect
EVT409108,2025-03-18 11:40:18,Trade Fair,J012,Koramangala Sony World,8360,Weekday,False,Clear,False,0.0,False,False,0.241,Low,23.0,14.3,244.5,0.154,0.355,0.956,Normal free-flow traffic - standard signal timing maintained
EVT409109,2025-07-09 08:53:50,Local Market Day,J040,City Market,5998,Weekday,False,Heavy Rain,True,33.4,False,False,1.0,Severe,8.9,66.9,771.8,0.278,0.641,0.866,Heavy rain reducing visibility and grip - reduced speed and longer buffer advised
EVT409110,2026-03-15 09:37:05,Local Market Day,J020,Malleshwaram Circle,2281,Weekend,False,Clear,False,0.0,False,False,0.795,Severe,15.1,56.4,322.1,0.181,0.417,0.979,Heavy congestion detected - signal timing extended and reroute suggested
EVT409111,2025-09-11 18:45:22,Concert,J023,Basavanagudi,10704,Weekday,False,Clear,False,0.0,False,False,1.0,Severe,9.1,69.0,591.0,0.212,0.489,0.925,Heavy congestion detected - signal timing extended and reroute suggested
EVT409112,2025-07-12 20:13:57,Concert,J023,Basavanagudi,11401,Weekend,False,Heavy Rain,True,29.4,False,False,0.947,Severe,11.1,74.5,629.1,0.288,0.666,0.864,Heavy rain reducing visibility and grip - reduced speed and longer buffer advised
EVT409113,2026-06-05 09:20:28,Concert,J009,Majestic,12472,Weekday,False,Heavy Rain,True,30.9,False,False,1.0,Severe,8.4,70.5,218.3,0.101,0.232,0.85,Heavy rain reducing visibility and grip - reduced speed and longer buffer advised
EVT409114,2025-05-22 22:17:31,Local Market Day,J030,MG Road,9999,Weekday,False,Clear,False,0.0,False,False,0.272,Low,26.6,15.0,93.7,0.07,0.162,0.955,Moderate traffic flow - standard adaptive signal timing in effect
EVT409115,2025-02-07 19:54:06,Political Rally,J020,Malleshwaram Circle,22940,Weekday,False,Clear,False,0.0,False,False,0.799,Severe,13.7,54.7,384.8,0.186,0.43,0.959,Heavy congestion detected - signal timing extended and reroute suggested
EVT409116,2025-11-27 19:15:02,Political Rally,J023,Basavanagudi,20547,Weekday,False,Light Rain,True,6.4,False,False,1.0,Severe,7.5,72.7,823.7,0.266,0.615,0.877,Heavy rain reducing visibility and grip - reduced speed and longer buffer advised
EVT409117,2025-04-21 06:16:22,Local Market Day,J040,City Market,6983,Weekday,False,Clear,False,0.0,False,False,0.305,Low,31.6,16.1,167.3,0.153,0.354,0.952,Moderate traffic flow - standard adaptive signal timing in effect
EVT409118,2025-12-15 15:07:36,Concert,J009,Majestic,7329,Weekday,False,Clear,False,0.0,False,False,0.292,Low,36.5,19.7,103.3,0.11,0.254,0.982,Moderate traffic flow - standard adaptive signal timing in effect
EVT409119,2025-12-16 15:09:20,Concert,J031,Cubbon Road,9631,Weekday,False,Clear,False,0.0,False,False,0.315,Low,24.2,19.0,187.9,0.141,0.326,0.961,Moderate traffic flow - standard adaptive signal timing in effect
EVT409120,2025-05-26 17:17:45,Sports Fixture,J020,Malleshwaram Circle,26493,Weekday,False,Clear,False,0.0,False,False,0.88,Severe,13.7,65.3,283.5,0.14,0.324,0.927,Heavy congestion detected - signal timing extended and reroute suggested
EVT409121,2025-01-02 19:25:29,Local Market Day,J020,Malleshwaram Circle,7665,Weekday,False,Clear,False,0.0,False,False,0.9,Severe,13.2,63.4,281.4,0.133,0.306,0.944,Heavy congestion detected - signal timing extended and reroute suggested
EVT409122,2026-05-24 11:25:36,Local Market Day,J031,Cubbon Road,3004,Weekend,False,Light Rain,True,5.9,False,False,0.446,Moderate,27.4,28.4,150.6,0.125,0.289,0.919,Light rain detected - minor speed reduction advised
EVT409123,2026-02-12 07:57:34,Trade Fair,J012,Koramangala Sony World,14824,Weekday,False,Light Rain,True,3.4,False,False,0.861,Severe,11.2,61.4,406.2,0.187,0.432,0.898,Heavy rain reducing visibility and grip - reduced speed and longer buffer advised
EVT409124,2025-07-09 17:24:59,Concert,J023,Basavanagudi,11638,Weekday,False,Clear,False,0.0,False,False,0.886,Severe,12.0,66.1,246.6,0.122,0.283,0.936,Heavy congestion detected - signal timing extended and reroute suggested
EVT409125,2025-01-14 06:59:19,Religious Festival,J009,Majestic,29335,Weekday,True,Light Rain,True,3.3,False,False,0.989,Severe,8.3,76.9,413.2,0.161,0.371,0.82,Festival crowd surge detected - alternate route and extended cycle recommended
EVT409126,2025-06-23 07:54:39,Concert,J009,Majestic,14083,Weekday,False,Clear,False,0.0,False,False,0.803,Severe,14.5,59.1,344.6,0.189,0.437,0.935,Heavy congestion detected - signal timing extended and reroute suggested
EVT409127,2025-08-16 16:28:45,Fireworks Display,J020,Malleshwaram Circle,41850,Weekend,True,Heavy Rain,True,58.1,False,False,1.0,Severe,5.8,74.1,934.8,0.252,0.583,0.812,Festival crowd surge detected - alternate route and extended cycle recommended
EVT409128,2025-04-23 22:40:29,Local Market Day,J023,Basavanagudi,2458,Weekday,False,Fog,False,0.0,True,False,0.632,High,20.7,49.4,204.2,0.14,0.324,0.798,Accident detected nearby - reroute and reduced speed advised
EVT409129,2026-03-09 18:30:13,Local Market Day,J023,Basavanagudi,11591,Weekday,False,Clear,False,0.0,False,False,0.986,Severe,9.6,67.7,501.6,0.189,0.436,0.901,Heavy congestion detected - signal timing extended and reroute suggested
EVT409130,2025-02-17 10:20:15,Political Rally,J020,Malleshwaram Circle,16986,Weekday,False,Clear,False,0.0,False,False,0.78,Severe,15.1,50.0,278.2,0.151,0.35,0.977,Heavy congestion detected - signal timing extended and reroute suggested
EVT409131,2026-01-17 14:25:57,Sports Fixture,J012,Koramangala Sony World,21889,Weekend,False,Clear,False,0.0,False,False,0.395,Moderate,24.6,31.5,259.1,0.182,0.42,0.962,Moderate traffic flow - standard adaptive signal timing in effect
EVT409132,2025-07-31 13:46:02,Sports Fixture,J012,Koramangala Sony World,33026,Weekday,False,Clear,False,0.0,False,False,0.389,Moderate,24.6,28.8,202.2,0.144,0.334,0.96,Moderate traffic flow - standard adaptive signal timing in effect
EVT409133,2025-01-10 18:32:04,Trade Fair,J030,MG Road,6874,Weekday,False,Clear,False,0.0,False,False,0.998,Severe,9.1,74.9,419.0,0.153,0.352,0.913,Heavy congestion detected - signal timing extended and reroute suggested
EVT409134,2026-03-12 07:39:03,Trade Fair,J011,Indiranagar 100ft Road,15325,Weekday,False,Clear,False,0.0,False,False,0.613,High,27.3,42.0,192.7,0.15,0.346,0.99,Moderate traffic flow - standard adaptive signal timing in effect
EVT409135,2026-02-22 08:15:50,Trade Fair,J030,MG Road,6717,Weekend,False,Clear,False,0.0,False,False,0.705,High,22.7,53.0,101.5,0.063,0.146,0.967,Moderate traffic flow - standard adaptive signal timing in effect
EVT409136,2026-01-12 22:58:39,Local Market Day,J030,MG Road,5572,Weekday,False,Clear,False,0.0,False,False,0.168,Low,29.1,13.1,170.9,0.118,0.272,0.968,Normal free-flow traffic - standard signal timing maintained
EVT409137,2025-01-25 14:49:22,Concert,J012,Koramangala Sony World,6242,Weekend,False,Clear,False,0.0,False,False,0.301,Low,22.5,23.5,75.6,0.051,0.118,0.962,Moderate traffic flow - standard adaptive signal timing in effect
EVT409138,2025-10-10 11:13:44,Sports Fixture,J011,Indiranagar 100ft Road,18512,Weekday,False,Clear,False,0.0,False,False,0.452,Moderate,25.9,31.9,194.7,0.138,0.318,0.976,Moderate traffic flow - standard adaptive signal timing in effect
EVT409139,2025-07-07 05:18:14,Concert,J011,Indiranagar 100ft Road,13865,Weekday,False,Rain,True,8.2,False,False,0.332,Low,32.5,14.8,122.1,0.111,0.257,0.908,Light rain detected - minor speed reduction advised
EVT409140,2025-01-15 19:05:44,Religious Festival,J030,MG Road,52297,Weekday,True,Fog,False,0.0,False,True,1.0,Severe,7.5,85.5,668.2,0.225,0.52,0.83,Road closure for event/procession - full detour recommended for through-traffic
EVT409141,2026-06-11 14:20:29,Concert,J011,Indiranagar 100ft Road,16448,Weekday,False,Clear,False,0.0,False,False,0.237,Low,29.0,14.3,162.9,0.122,0.283,0.968,Normal free-flow traffic - standard signal timing maintained
EVT409142,2025-03-03 09:35:33,Political Rally,J009,Majestic,12916,Weekday,False,Clear,False,0.0,False,False,1.0,Severe,8.4,71.1,593.7,0.207,0.478,0.903,Heavy congestion detected - signal timing extended and reroute suggested
EVT409143,2025-11-12 14:06:08,Local Market Day,J012,Koramangala Sony World,5245,Weekday,False,Clear,False,0.0,False,False,0.261,Low,32.5,11.3,120.9,0.094,0.218,0.964,Moderate traffic flow - standard adaptive signal timing in effect
EVT409144,2026-01-14 15:46:36,Cultural Procession,J009,Majestic,16470,Weekday,True,Clear,False,0.0,False,False,0.698,High,17.8,51.3,336.4,0.198,0.456,0.927,Festival crowd surge detected - alternate route and extended cycle recommended
EVT409145,2026-06-08 18:28:23,Trade Fair,J030,MG Road,6946,Weekday,False,Clear,False,0.0,False,False,1.0,Severe,8.8,71.8,374.0,0.166,0.383,0.919,Heavy congestion detected - signal timing extended and reroute suggested
EVT409146,2026-05-04 21:37:32,Political Rally,J009,Majestic,23222,Weekday,False,Clear,False,0.0,False,False,0.407,Moderate,32.0,30.3,165.8,0.151,0.348,0.987,Moderate traffic flow - standard adaptive signal timing in effect
EVT409147,2025-05-21 06:11:50,Concert,J012,Koramangala Sony World,7935,Weekday,False,Clear,False,0.0,False,False,0.245,Low,25.0,26.5,265.0,0.206,0.475,0.977,Normal free-flow traffic - standard signal timing maintained
EVT409148,2025-01-01 16:44:50,Sports Fixture,J031,Cubbon Road,16325,Weekday,False,Clear,False,0.0,False,False,0.731,High,21.2,44.3,236.4,0.178,0.411,0.99,Moderate traffic flow - standard adaptive signal timing in effect
EVT409149,2025-01-18 21:33:37,Trade Fair,J009,Majestic,7771,Weekend,False,Clear,False,0.0,False,False,0.348,Low,23.5,24.5,244.4,0.162,0.374,0.972,Moderate traffic flow - standard adaptive signal timing in effect
EVT409150,2026-05-21 16:30:03,Sports Fixture,J030,MG Road,26225,Weekday,False,Clear,False,0.0,False,False,0.677,High,20.7,45.4,257.7,0.174,0.403,0.955,Moderate traffic flow - standard adaptive signal timing in effect
EVT409151,2026-05-09 11:46:25,Trade Fair,J011,Indiranagar 100ft Road,8479,Weekend,False,Clear,False,0.0,False,False,0.386,Moderate,23.2,28.2,189.0,0.119,0.274,0.952,Moderate traffic flow - standard adaptive signal timing in effect
EVT409152,2025-03-13 10:30:57,Local Market Day,J009,Majestic,7455,Weekday,False,Clear,False,0.0,False,False,0.639,High,18.6,41.9,326.8,0.184,0.425,0.96,Moderate traffic flow - standard adaptive signal timing in effect
EVT409153,2025-09-20 19:48:55,Trade Fair,J030,MG Road,9466,Weekend,False,Clear,False,0.0,False,False,0.692,High,19.5,52.6,298.3,0.181,0.419,0.96,Moderate traffic flow - standard adaptive signal timing in effect
EVT409154,2025-07-23 11:37:12,Local Market Day,J020,Malleshwaram Circle,1764,Weekday,False,Rain,True,17.5,False,False,0.427,Moderate,25.2,26.7,79.1,0.05,0.115,0.902,Light rain detected - minor speed reduction advised
EVT409155,2025-09-28 06:36:46,Local Market Day,J012,Koramangala Sony World,5110,Weekend,False,Rain,True,8.4,False,False,0.449,Moderate,30.7,38.7,204.0,0.192,0.445,0.904,Light rain detected - minor speed reduction advised
EVT409156,2026-01-22 11:14:30,Trade Fair,J012,Koramangala Sony World,7299,Weekday,False,Light Rain,True,6.1,False,False,0.517,Moderate,22.3,38.8,179.3,0.131,0.303,0.919,Light rain detected - minor speed reduction advised
EVT409157,2025-12-14 21:52:50,Local Market Day,J030,MG Road,3573,Weekend,False,Clear,False,0.0,False,False,0.372,Moderate,26.0,25.7,174.4,0.13,0.3,0.938,Moderate traffic flow - standard adaptive signal timing in effect
EVT409158,2025-02-24 11:15:12,Sports Fixture,J023,Basavanagudi,41863,Weekday,False,Clear,False,0.0,False,False,0.602,High,18.7,43.9,372.8,0.215,0.496,0.97,Moderate traffic flow - standard adaptive signal timing in effect
EVT409159,2025-05-05 18:53:22,Political Rally,J023,Basavanagudi,9211,Weekday,False,Clear,False,0.0,False,False,1.0,Severe,8.0,81.3,464.6,0.161,0.372,0.891,Heavy congestion detected - signal timing extended and reroute suggested
EVT409160,2025-01-03 17:51:15,Concert,J040,City Market,6594,Weekday,False,Clear,False,0.0,False,False,0.978,Severe,11.1,73.2,419.4,0.18,0.415,0.909,Heavy congestion detected - signal timing extended and reroute suggested
EVT409161,2025-09-01 11:37:58,Local Market Day,J030,MG Road,5438,Weekday,False,Clear,False,0.0,False,False,0.325,Low,31.3,26.2,207.5,0.167,0.386,0.984,Moderate traffic flow - standard adaptive signal timing in effect
EVT409162,2025-05-03 15:08:31,Trade Fair,J011,Indiranagar 100ft Road,12034,Weekend,False,Clear,False,0.0,False,False,0.363,Moderate,34.8,22.7,150.0,0.113,0.26,0.956,Moderate traffic flow - standard adaptive signal timing in effect
EVT409163,2026-02-06 19:38:07,Sports Fixture,J009,Majestic,25281,Weekday,False,Light Rain,True,1.7,False,False,1.0,Severe,8.3,74.3,228.3,0.087,0.202,0.858,Heavy rain reducing visibility and grip - reduced speed and longer buffer advised
EVT409164,2025-01-20 07:30:11,Concert,J031,Cubbon Road,16007,Weekday,False,Clear,False,0.0,False,False,0.73,High,13.3,54.1,443.2,0.202,0.466,0.956,Moderate traffic flow - standard adaptive signal timing in effect
EVT409165,2025-12-01 13:51:17,Concert,J009,Majestic,10476,Weekday,False,Clear,False,0.0,False,False,0.273,Low,41.3,16.7,104.9,0.119,0.276,0.99,Moderate traffic flow - standard adaptive signal timing in effect
EVT409166,2025-05-06 15:36:58,Political Rally,J030,MG Road,12232,Weekday,False,Clear,False,0.0,False,False,0.37,Moderate,25.8,25.4,227.8,0.157,0.364,0.945,Moderate traffic flow - standard adaptive signal timing in effect
EVT409167,2026-06-16 18:57:26,Trade Fair,J011,Indiranagar 100ft Road,4673,Weekday,False,Clear,False,0.0,False,False,0.908,Severe,12.0,62.9,579.2,0.255,0.588,0.946,Heavy congestion detected - signal timing extended and reroute suggested
EVT409168,2025-11-15 18:26:44,Sports Fixture,J023,Basavanagudi,35532,Weekend,False,Clear,False,0.0,False,False,1.0,Severe,6.9,75.1,639.9,0.183,0.424,0.913,Heavy congestion detected - signal timing extended and reroute suggested
EVT409169,2025-03-20 18:41:59,Concert,J030,MG Road,17147,Weekday,False,Clear,False,0.0,False,False,1.0,Severe,8.2,63.5,763.4,0.265,0.611,0.908,Heavy congestion detected - signal timing extended and reroute suggested
EVT409170,2025-09-09 08:32:16,Trade Fair,J011,Indiranagar 100ft Road,4864,Weekday,False,Clear,False,0.0,False,False,1.0,Severe,8.9,75.7,243.1,0.107,0.247,0.921,Heavy congestion detected - signal timing extended and reroute suggested
EVT409171,2026-01-29 23:35:39,Trade Fair,J023,Basavanagudi,6073,Weekday,False,Clear,False,0.0,False,False,0.215,Low,35.8,19.2,103.7,0.069,0.16,0.966,Normal free-flow traffic - standard signal timing maintained
EVT409172,2026-05-11 08:29:41,Trade Fair,J040,City Market,6594,Weekday,False,Clear,False,0.0,False,False,0.85,Severe,15.8,65.1,199.6,0.102,0.235,0.942,Heavy congestion detected - signal timing extended and reroute suggested
EVT409173,2025-08-15 08:57:04,Cultural Procession,J009,Majestic,16867,Weekday,True,Clear,False,0.0,False,True,1.0,Severe,7.8,108.4,728.7,0.242,0.559,0.82,Road closure for event/procession - full detour recommended for through-traffic
EVT409174,2025-08-17 13:04:39,Trade Fair,J009,Majestic,10905,Weekend,False,Heavy Rain,True,35.0,False,False,0.66,High,15.5,45.1,249.6,0.137,0.317,0.907,Heavy rain reducing visibility and grip - reduced speed and longer buffer advised
EVT409175,2026-04-30 16:21:32,Political Rally,J040,City Market,11544,Weekday,False,Clear,False,0.0,False,False,0.5,Moderate,23.8,32.7,147.2,0.109,0.253,0.981,Moderate traffic flow - standard adaptive signal timing in effect
EVT409176,2025-02-12 17:48:21,Trade Fair,J009,Majestic,7152,Weekday,False,Clear,False,0.0,False,False,0.914,Severe,10.3,73.5,211.8,0.104,0.24,0.95,Heavy congestion detected - signal timing extended and reroute suggested
EVT409177,2025-03-29 19:53:52,Sports Fixture,J023,Basavanagudi,37537,Weekend,False,Clear,False,0.0,False,False,0.85,Severe,10.0,56.1,619.5,0.226,0.523,0.938,Heavy congestion detected - signal timing extended and reroute suggested
EVT409178,2025-07-02 18:13:13,Local Market Day,J031,Cubbon Road,5347,Weekday,False,Heavy Rain,True,74.3,False,False,1.0,Severe,8.9,66.9,673.1,0.226,0.522,0.851,Heavy rain reducing visibility and grip - reduced speed and longer buffer advised
EVT409179,2025-11-05 17:22:51,Trade Fair,J012,Koramangala Sony World,11531,Weekday,False,Clear,False,0.0,False,False,0.833,Severe,11.8,56.3,318.7,0.126,0.291,0.941,Heavy congestion detected - signal timing extended and reroute suggested
EVT409180,2025-03-13 03:54:23,Concert,J011,Indiranagar 100ft Road,11570,Weekday,False,Clear,False,0.0,False,False,0.187,Low,31.8,12.9,70.8,0.057,0.131,0.988,Normal free-flow traffic - standard signal timing maintained
EVT409181,2025-11-15 07:23:21,Concert,J030,MG Road,10171,Weekend,False,Clear,False,0.0,False,False,0.524,Moderate,26.9,29.5,244.6,0.21,0.484,0.99,Moderate traffic flow - standard adaptive signal timing in effect
EVT409182,2025-12-25 08:09:58,Religious Festival,J031,Cubbon Road,87560,Weekday,True,Clear,False,0.0,False,True,1.0,Severe,6.1,101.3,645.8,0.164,0.38,0.821,Road closure for event/procession - full detour recommended for through-traffic
EVT409183,2026-05-11 20:50:50,Concert,J040,City Market,17265,Weekday,False,Heavy Rain,True,30.3,False,False,0.842,Severe,13.4,55.0,380.1,0.165,0.382,0.898,Heavy rain reducing visibility and grip - reduced speed and longer buffer advised
EVT409184,2025-08-26 11:39:00,Local Market Day,J009,Majestic,3444,Weekday,False,Clear,False,0.0,False,False,0.214,Low,27.0,23.7,208.7,0.142,0.329,0.941,Normal free-flow traffic - standard signal timing maintained
EVT409185,2026-02-27 09:25:59,Concert,J031,Cubbon Road,9094,Weekday,False,Clear,False,0.0,False,False,1.0,Severe,8.8,64.6,524.0,0.189,0.437,0.91,Heavy congestion detected - signal timing extended and reroute suggested
EVT409186,2025-07-09 12:58:09,Sports Fixture,J011,Indiranagar 100ft Road,15755,Weekday,False,Fog,False,0.0,False,False,0.203,Low,34.0,7.9,182.5,0.159,0.367,0.971,Normal free-flow traffic - standard signal timing maintained
EVT409187,2025-04-13 23:45:27,Local Market Day,J009,Majestic,2313,Weekend,False,Clear,False,0.0,False,False,0.278,Low,26.4,18.4,198.5,0.128,0.296,0.958,Moderate traffic flow - standard adaptive signal timing in effect
EVT409188,2026-05-31 20:13:36,Sports Fixture,J009,Majestic,26457,Weekend,False,Heavy Rain,True,34.8,False,False,1.0,Severe,7.9,77.6,573.1,0.199,0.459,0.864,Heavy rain reducing visibility and grip - reduced speed and longer buffer advised
EVT409189,2026-05-26 16:33:49,Local Market Day,J012,Koramangala Sony World,4568,Weekday,False,Clear,False,0.0,False,False,0.546,Moderate,28.4,37.8,186.1,0.141,0.326,0.965,Moderate traffic flow - standard adaptive signal timing in effect
EVT409190,2025-04-14 19:07:15,Religious Festival,J031,Cubbon Road,27234,Weekday,True,Clear,False,0.0,False,False,1.0,Severe,7.8,68.4,517.6,0.188,0.435,0.864,Festival crowd surge detected - alternate route and extended cycle recommended
EVT409191,2025-10-11 19:36:12,Local Market Day,J023,Basavanagudi,6485,Weekend,False,Rain,True,9.1,False,False,0.888,Severe,12.2,65.3,553.9,0.254,0.587,0.893,Heavy rain reducing visibility and grip - reduced speed and longer buffer advised
EVT409192,2025-04-05 11:32:34,Sports Fixture,J020,Malleshwaram Circle,20657,Weekend,False,Clear,False,0.0,False,False,0.436,Moderate,26.7,29.2,146.1,0.119,0.275,0.972,Moderate traffic flow - standard adaptive signal timing in effect
EVT409193,2025-03-12 13:04:12,Concert,J023,Basavanagudi,9878,Weekday,False,Clear,False,0.0,False,False,0.147,Low,32.1,5.9,137.3,0.117,0.27,0.982,Normal free-flow traffic - standard signal timing maintained
EVT409194,2026-05-28 12:08:07,Concert,J040,City Market,7493,Weekday,False,Clear,False,0.0,False,False,0.287,Low,26.6,24.0,200.8,0.145,0.335,0.966,Moderate traffic flow - standard adaptive signal timing in effect
EVT409195,2025-01-13 20:28:54,Sports Fixture,J023,Basavanagudi,15153,Weekday,False,Light Rain,True,1.6,False,False,0.654,High,23.5,45.6,238.3,0.178,0.411,0.937,Heavy rain reducing visibility and grip - reduced speed and longer buffer advised
EVT409196,2025-08-10 16:22:10,Sports Fixture,J040,City Market,31047,Weekend,False,Clear,False,0.0,False,False,0.657,High,21.9,49.6,286.6,0.199,0.461,0.965,Moderate traffic flow - standard adaptive signal timing in effect
EVT409197,2025-11-29 09:51:50,Concert,J012,Koramangala Sony World,5767,Weekend,False,Clear,False,0.0,False,False,0.761,Severe,15.8,54.9,213.3,0.127,0.294,0.945,Heavy congestion detected - signal timing extended and reroute suggested
EVT409198,2026-01-02 15:41:58,Religious Festival,J040,City Market,23677,Weekday,True,Clear,False,0.0,False,False,0.663,High,20.7,52.7,210.6,0.127,0.294,0.928,Festival crowd surge detected - alternate route and extended cycle recommended
EVT409199,2025-11-13 15:10:25,Local Market Day,J030,MG Road,3934,Weekday,False,Clear,False,0.0,False,False,0.203,Low,34.1,13.0,184.4,0.156,0.361,0.966,Normal free-flow traffic - standard signal timing maintained
EVT409200,2025-03-29 20:39:52,Concert,J009,Majestic,11974,Weekend,False,Light Rain,True,2.4,False,False,0.585,High,29.0,44.3,95.6,0.075,0.174,0.919,Heavy rain reducing visibility and grip - reduced speed and longer buffer advised
EVT409201,2026-05-03 17:14:27,Sports Fixture,J030,MG Road,30687,Weekend,False,Clear,False,0.0,False,False,0.862,Severe,12.2,60.9,575.0,0.235,0.544,0.937,Heavy congestion detected - signal timing extended and reroute suggested
EVT409202,2026-03-12 15:45:17,Local Market Day,J009,Majestic,4221,Weekday,False,Clear,False,0.0,False,False,0.366,Moderate,21.9,26.6,163.8,0.111,0.256,0.97,Moderate traffic flow - standard adaptive signal timing in effect
EVT409203,2026-03-22 06:16:29,Political Rally,J040,City Market,10434,Weekend,False,Clear,False,0.0,False,False,0.39,Moderate,23.0,27.2,346.4,0.226,0.521,0.964,Moderate traffic flow - standard adaptive signal timing in effect
EVT409204,2026-01-30 17:02:31,Trade Fair,J011,Indiranagar 100ft Road,6781,Weekday,False,Clear,False,0.0,False,False,0.72,High,20.4,51.0,198.6,0.103,0.237,0.936,Moderate traffic flow - standard adaptive signal timing in effect
EVT409205,2025-02-10 15:24:08,Political Rally,J040,City Market,15868,Weekday,False,Clear,False,0.0,False,False,0.328,Low,32.0,27.2,193.0,0.166,0.384,0.957,Moderate traffic flow - standard adaptive signal timing in effect
EVT409206,2026-03-14 08:37:23,Sports Fixture,J012,Koramangala Sony World,36935,Weekend,False,Clear,False,0.0,False,False,0.986,Severe,11.0,68.0,482.1,0.207,0.479,0.909,Heavy congestion detected - signal timing extended and reroute suggested
EVT409207,2025-03-09 06:39:26,Trade Fair,J030,MG Road,10101,Weekend,False,Fog,False,0.0,False,False,0.399,Moderate,31.2,31.4,85.3,0.061,0.141,0.973,Moderate traffic flow - standard adaptive signal timing in effect
EVT409208,2025-09-27 17:16:48,Trade Fair,J009,Majestic,12374,Weekend,False,Clear,False,0.0,False,False,0.734,High,19.8,54.9,186.1,0.152,0.351,0.959,Moderate traffic flow - standard adaptive signal timing in effect
EVT409209,2025-03-04 08:39:51,Sports Fixture,J030,MG Road,23276,Weekday,False,Clear,False,0.0,False,False,1.0,Severe,8.7,64.2,479.7,0.163,0.376,0.915,Heavy congestion detected - signal timing extended and reroute suggested
EVT409210,2026-01-31 20:09:50,Local Market Day,J020,Malleshwaram Circle,8463,Weekend,False,Clear,False,0.0,False,False,0.65,High,19.4,46.1,315.6,0.21,0.485,0.978,Moderate traffic flow - standard adaptive signal timing in effect
EVT409211,2026-06-24 16:05:50,Sports Fixture,J031,Cubbon Road,21545,Weekday,False,Rain,True,19.9,False,False,0.736,High,21.6,53.7,304.0,0.199,0.459,0.896,Heavy rain reducing visibility and grip - reduced speed and longer buffer advised
EVT409212,2025-06-27 08:58:46,Sports Fixture,J020,Malleshwaram Circle,18602,Weekday,False,Clear,False,0.0,False,False,1.0,Severe,9.7,67.9,685.8,0.249,0.576,0.914,Heavy congestion detected - signal timing extended and reroute suggested
EVT409213,2025-12-21 23:41:44,Concert,J011,Indiranagar 100ft Road,9003,Weekend,False,Fog,False,0.0,False,False,0.324,Low,28.5,21.5,276.1,0.198,0.458,0.965,Moderate traffic flow - standard adaptive signal timing in effect
EVT409214,2025-12-20 17:33:41,Political Rally,J031,Cubbon Road,11926,Weekend,False,Clear,False,0.0,False,False,0.755,Severe,15.4,55.7,268.2,0.147,0.34,0.949,Heavy congestion detected - signal timing extended and reroute suggested
EVT409215,2025-02-25 06:04:47,Sports Fixture,J011,Indiranagar 100ft Road,14665,Weekday,False,Clear,False,0.0,False,False,0.392,Moderate,22.8,24.4,90.0,0.061,0.141,0.979,Moderate traffic flow - standard adaptive signal timing in effect
EVT409216,2025-12-16 20:23:20,Local Market Day,J009,Majestic,4439,Weekday,False,Fog,False,0.0,False,False,0.63,High,17.0,41.0,234.3,0.137,0.317,0.961,Moderate traffic flow - standard adaptive signal timing in effect
EVT409217,2025-11-26 16:56:38,Local Market Day,J023,Basavanagudi,5185,Weekday,False,Clear,False,0.0,False,False,0.673,High,22.8,55.5,223.9,0.166,0.383,0.966,Moderate traffic flow - standard adaptive signal timing in effect
EVT409218,2026-02-21 09:25:48,Concert,J030,MG Road,11567,Weekend,False,Clear,False,0.0,False,False,0.851,Severe,13.5,57.3,300.3,0.144,0.332,0.938,Heavy congestion detected - signal timing extended and reroute suggested
EVT409219,2025-03-01 07:33:51,Sports Fixture,J031,Cubbon Road,20008,Weekend,False,Clear,False,0.0,False,False,0.713,High,21.0,51.3,228.4,0.142,0.327,0.966,Moderate traffic flow - standard adaptive signal timing in effect
EVT409220,2025-08-24 18:30:03,Political Rally,J020,Malleshwaram Circle,16940,Weekend,False,Light Rain,True,7.4,False,False,1.0,Severe,7.9,68.3,272.7,0.088,0.203,0.865,Heavy rain reducing visibility and grip - reduced speed and longer buffer advised
EVT409221,2026-06-26 15:38:05,Trade Fair,J031,Cubbon Road,9594,Weekday,False,Heavy Rain,True,45.7,False,False,0.797,Severe,16.2,58.8,396.4,0.231,0.533,0.928,Heavy rain reducing visibility and grip - reduced speed and longer buffer advised
EVT409222,2025-10-16 18:37:16,Sports Fixture,J030,MG Road,18393,Weekday,False,Clear,False,0.0,False,False,1.0,Severe,7.7,72.6,212.8,0.09,0.208,0.894,Heavy congestion detected - signal timing extended and reroute suggested
EVT409223,2025-12-14 17:36:27,Political Rally,J009,Majestic,16971,Weekend,False,Clear,False,0.0,False,False,0.836,Severe,14.3,59.6,184.0,0.091,0.209,0.964,Heavy congestion detected - signal timing extended and reroute suggested
EVT409224,2025-08-26 20:33:09,Concert,J040,City Market,11704,Weekday,False,Clear,False,0.0,False,False,0.533,Moderate,28.3,39.6,161.0,0.119,0.274,0.97,Moderate traffic flow - standard adaptive signal timing in effect
EVT409225,2026-02-11 08:39:00,Sports Fixture,J030,MG Road,22421,Weekday,False,Clear,False,0.0,False,False,1.0,Severe,8.2,74.9,882.0,0.283,0.654,0.936,Heavy congestion detected - signal timing extended and reroute suggested
EVT409226,2025-07-22 15:49:35,Sports Fixture,J009,Majestic,23596,Weekday,False,Clear,False,0.0,False,False,0.538,Moderate,25.0,37.7,294.6,0.232,0.537,0.963,Moderate traffic flow - standard adaptive signal timing in effect
EVT409227,2026-06-01 17:17:13,Concert,J020,Malleshwaram Circle,16751,Weekday,False,Clear,False,0.0,False,False,0.919,Severe,13.0,66.5,238.4,0.121,0.279,0.936,Heavy congestion detected - signal timing extended and reroute suggested
EVT409228,2025-09-27 08:11:11,Local Market Day,J011,Indiranagar 100ft Road,5670,Weekend,False,Fog,False,0.0,False,False,0.829,Severe,16.8,60.7,242.4,0.174,0.401,0.936,Heavy congestion detected - signal timing extended and reroute suggested
EVT409229,2026-05-28 09:48:37,Concert,J020,Malleshwaram Circle,9461,Weekday,False,Rain,True,21.5,False,False,1.0,Severe,6.3,71.5,259.9,0.092,0.213,0.879,Heavy rain reducing visibility and grip - reduced speed and longer buffer advised
EVT409230,2025-04-28 21:28:35,Political Rally,J040,City Market,8562,Weekday,False,Clear,False,0.0,False,False,0.36,Moderate,30.9,23.7,111.9,0.102,0.235,0.964,Moderate traffic flow - standard adaptive signal timing in effect
EVT409231,2025-05-26 11:23:17,Sports Fixture,J020,Malleshwaram Circle,17694,Weekday,False,Clear,False,0.0,False,False,0.437,Moderate,15.4,30.8,360.5,0.177,0.409,0.949,Moderate traffic flow - standard adaptive signal timing in effect
EVT409232,2025-05-12 22:09:17,Local Market Day,J009,Majestic,4391,Weekday,False,Fog,False,0.0,False,False,0.232,Low,25.5,10.4,303.2,0.188,0.434,0.948,Normal free-flow traffic - standard signal timing maintained
EVT409233,2026-02-01 19:06:31,Trade Fair,J040,City Market,17452,Weekend,False,Clear,False,0.0,False,False,0.931,Severe,9.4,69.5,273.7,0.115,0.266,0.92,Heavy congestion detected - signal timing extended and reroute suggested
EVT409234,2025-02-08 15:41:01,Sports Fixture,J023,Basavanagudi,21023,Weekend,False,Clear,False,0.0,False,False,0.472,Moderate,28.5,39.6,193.5,0.146,0.336,0.952,Moderate traffic flow - standard adaptive signal timing in effect
EVT409235,2026-01-10 07:43:42,Sports Fixture,J012,Koramangala Sony World,36572,Weekend,False,Clear,False,0.0,False,False,0.834,Severe,16.0,60.0,338.0,0.208,0.481,0.976,Heavy congestion detected - signal timing extended and reroute suggested
EVT409236,2026-05-31 19:50:35,Trade Fair,J012,Koramangala Sony World,11502,Weekend,False,Clear,False,0.0,False,False,0.735,High,18.5,57.7,192.0,0.122,0.282,0.98,Moderate traffic flow - standard adaptive signal timing in effect
EVT409237,2025-01-31 10:32:26,Local Market Day,J009,Majestic,5637,Weekday,False,Light Rain,True,5.0,False,False,0.727,High,21.2,49.4,161.5,0.111,0.257,0.944,Heavy rain reducing visibility and grip - reduced speed and longer buffer advised
EVT409238,2025-07-04 20:46:21,Local Market Day,J020,Malleshwaram Circle,2326,Weekday,False,Clear,False,0.0,False,False,0.478,Moderate,24.4,28.7,122.4,0.054,0.125,0.972,Moderate traffic flow - standard adaptive signal timing in effect
EVT409239,2026-03-24 08:04:45,Local Market Day,J040,City Market,5787,Weekday,False,Fog,False,0.0,False,False,0.882,Severe,10.8,64.5,304.9,0.114,0.262,0.928,Heavy congestion detected - signal timing extended and reroute suggested
EVT409240,2026-04-18 06:01:49,Local Market Day,J031,Cubbon Road,6070,Weekend,False,Clear,False,0.0,False,False,0.307,Low,35.8,24.5,208.1,0.187,0.431,0.971,Moderate traffic flow - standard adaptive signal timing in effect
EVT409241,2025-06-05 08:29:42,Local Market Day,J040,City Market,4648,Weekday,False,Clear,False,0.0,False,False,0.932,Severe,11.5,67.5,502.3,0.219,0.507,0.908,Heavy congestion detected - signal timing extended and reroute suggested
EVT409242,2025-12-06 11:58:14,Local Market Day,J020,Malleshwaram Circle,2289,Weekend,False,Clear,False,0.0,False,False,0.29,Low,28.2,23.7,133.5,0.105,0.242,0.965,Moderate traffic flow - standard adaptive signal timing in effect
EVT409243,2026-05-25 16:30:25,Sports Fixture,J020,Malleshwaram Circle,21539,Weekday,False,Clear,False,0.0,False,False,0.67,High,19.6,45.9,172.3,0.092,0.213,0.97,Moderate traffic flow - standard adaptive signal timing in effect
EVT409244,2025-05-04 16:15:09,Concert,J023,Basavanagudi,10519,Weekend,False,Clear,False,0.0,False,False,0.525,Moderate,21.6,37.4,289.2,0.176,0.406,0.954,Moderate traffic flow - standard adaptive signal timing in effect
EVT409245,2025-07-26 08:10:56,Sports Fixture,J009,Majestic,18490,Weekend,False,Clear,False,0.0,False,False,0.873,Severe,13.6,67.9,281.4,0.14,0.324,0.971,Heavy congestion detected - signal timing extended and reroute suggested
EVT409246,2026-05-15 06:11:51,Trade Fair,J023,Basavanagudi,11274,Weekday,False,Clear,False,0.0,False,False,0.29,Low,34.0,22.3,82.3,0.074,0.17,0.952,Moderate traffic flow - standard adaptive signal timing in effect
EVT409247,2025-11-02 18:08:08,Religious Festival,J011,Indiranagar 100ft Road,26548,Weekend,True,Clear,False,0.0,False,False,1.0,Severe,7.8,72.5,559.3,0.188,0.434,0.871,Festival crowd surge detected - alternate route and extended cycle recommended
EVT409248,2025-07-12 13:37:31,Political Rally,J012,Koramangala Sony World,12833,Weekend,False,Clear,False,0.0,False,False,0.292,Low,31.4,19.2,189.8,0.159,0.367,0.974,Moderate traffic flow - standard adaptive signal timing in effect
EVT409249,2026-06-18 14:33:56,Sports Fixture,J040,City Market,30067,Weekday,False,Clear,False,0.0,False,False,0.389,Moderate,23.6,31.4,187.6,0.132,0.305,0.971,Moderate traffic flow - standard adaptive signal timing in effect
EVT409250,2025-08-22 11:49:04,Political Rally,J020,Malleshwaram Circle,10898,Weekday,False,Clear,False,0.0,False,False,0.238,Low,25.2,13.6,178.0,0.107,0.248,0.961,Normal free-flow traffic - standard signal timing maintained
EVT409251,2026-04-03 05:37:58,Local Market Day,J023,Basavanagudi,2795,Weekday,False,Clear,False,0.0,False,False,0.315,Low,28.1,23.0,171.8,0.11,0.253,0.958,Moderate traffic flow - standard adaptive signal timing in effect
EVT409252,2026-06-20 10:13:15,Sports Fixture,J030,MG Road,21357,Weekend,False,Rain,True,13.4,False,False,0.927,Severe,10.5,67.4,206.1,0.084,0.194,0.909,Heavy rain reducing visibility and grip - reduced speed and longer buffer advised
EVT409253,2026-04-16 09:28:38,Local Market Day,J023,Basavanagudi,2344,Weekday,False,Clear,False,0.0,False,False,0.992,Severe,9.7,71.7,765.7,0.304,0.702,0.903,Heavy congestion detected - signal timing extended and reroute suggested
EVT409254,2025-02-24 11:37:03,Political Rally,J020,Malleshwaram Circle,15221,Weekday,False,Clear,False,0.0,False,False,0.364,Moderate,25.3,30.6,167.7,0.111,0.257,0.959,Moderate traffic flow - standard adaptive signal timing in effect
EVT409255,2025-04-21 15:18:48,Sports Fixture,J009,Majestic,46991,Weekday,False,Clear,False,0.0,False,False,0.584,High,21.6,46.5,277.3,0.2,0.461,0.972,Moderate traffic flow - standard adaptive signal timing in effect
EVT409256,2025-12-23 08:21:30,Local Market Day,J023,Basavanagudi,3391,Weekday,False,Clear,False,0.0,False,False,0.867,Severe,14.7,63.0,379.1,0.211,0.489,0.972,Heavy congestion detected - signal timing extended and reroute suggested
EVT409257,2026-02-14 18:40:25,Trade Fair,J040,City Market,8851,Weekend,False,Clear,False,0.0,False,False,0.858,Severe,13.7,65.4,390.8,0.181,0.419,0.951,Heavy congestion detected - signal timing extended and reroute suggested
EVT409258,2025-10-31 18:28:13,Local Market Day,J012,Koramangala Sony World,4445,Weekday,False,Clear,False,0.0,False,False,1.0,Severe,9.3,75.1,268.4,0.092,0.213,0.918,Heavy congestion detected - signal timing extended and reroute suggested
EVT409259,2026-03-17 17:30:36,Local Market Day,J031,Cubbon Road,4476,Weekday,False,Clear,False,0.0,False,False,0.782,Severe,14.7,53.1,215.1,0.115,0.266,0.972,Heavy congestion detected - signal timing extended and reroute suggested
EVT409260,2025-05-18 13:15:13,Local Market Day,J030,MG Road,3499,Weekend,False,Light Rain,True,2.0,False,False,0.378,Moderate,23.0,26.2,281.0,0.178,0.411,0.886,Light rain detected - minor speed reduction advised
EVT409261,2026-02-10 17:48:55,Political Rally,J009,Majestic,19737,Weekday,False,Clear,False,0.0,False,False,1.0,Severe,8.7,76.0,458.5,0.175,0.405,0.899,Heavy congestion detected - signal timing extended and reroute suggested
EVT409262,2026-01-22 07:06:05,Political Rally,J009,Majestic,16955,Weekday,False,Light Rain,True,3.8,False,False,0.694,High,16.6,48.1,125.3,0.079,0.183,0.916,Heavy rain reducing visibility and grip - reduced speed and longer buffer advised
EVT409263,2026-03-04 19:05:38,Religious Festival,J030,MG Road,39722,Weekday,True,Clear,False,0.0,False,True,1.0,Severe,7.6,103.6,625.8,0.196,0.453,0.83,Road closure for event/procession - full detour recommended for through-traffic
EVT409264,2026-03-12 05:27:15,Concert,J012,Koramangala Sony World,9579,Weekday,False,Clear,False,0.0,False,False,0.271,Low,28.4,18.4,229.1,0.184,0.424,0.962,Moderate traffic flow - standard adaptive signal timing in effect
EVT409265,2025-04-09 19:59:54,Local Market Day,J020,Malleshwaram Circle,6005,Weekday,False,Clear,False,0.0,False,False,0.774,Severe,18.2,52.6,163.5,0.093,0.214,0.972,Heavy congestion detected - signal timing extended and reroute suggested
EVT409266,2025-12-27 20:56:10,Trade Fair,J040,City Market,6350,Weekend,False,Clear,False,0.0,False,False,0.425,Moderate,29.4,35.6,70.8,0.049,0.112,0.99,Moderate traffic flow - standard adaptive signal timing in effect
EVT409267,2025-08-01 12:52:06,Concert,J030,MG Road,15737,Weekday,False,Clear,False,0.0,False,False,0.275,Low,27.9,23.7,161.0,0.115,0.267,0.98,Moderate traffic flow - standard adaptive signal timing in effect
EVT409268,2026-03-31 08:57:56,Sports Fixture,J009,Majestic,23462,Weekday,False,Clear,False,0.0,False,False,1.0,Severe,9.0,70.1,289.3,0.127,0.292,0.941,Heavy congestion detected - signal timing extended and reroute suggested
EVT409269,2026-05-29 17:31:39,Concert,J030,MG Road,8910,Weekday,False,Light Rain,True,3.0,False,False,1.0,Severe,7.8,69.4,747.1,0.246,0.569,0.852,Heavy rain reducing visibility and grip - reduced speed and longer buffer advised
EVT409270,2026-01-17 11:41:19,Political Rally,J020,Malleshwaram Circle,9414,Weekend,False,Clear,False,0.0,False,False,0.306,Low,20.3,20.9,172.8,0.109,0.253,0.933,Moderate traffic flow - standard adaptive signal timing in effect
EVT409271,2026-02-07 11:41:19,Sports Fixture,J023,Basavanagudi,16982,Weekend,False,Clear,False,0.0,False,False,0.363,Moderate,25.0,27.9,238.7,0.178,0.411,0.945,Moderate traffic flow - standard adaptive signal timing in effect
EVT409272,2025-04-30 14:32:38,Sports Fixture,J031,Cubbon Road,19306,Weekday,False,Clear,False,0.0,False,False,0.3,Low,37.7,23.6,128.1,0.147,0.341,0.962,Moderate traffic flow - standard adaptive signal timing in effect
EVT409273,2025-06-08 21:16:21,Concert,J040,City Market,7215,Weekend,False,Clear,False,0.0,False,False,0.376,Moderate,33.6,30.2,171.3,0.167,0.385,0.948,Moderate traffic flow - standard adaptive signal timing in effect
EVT409274,2026-02-20 21:23:30,Concert,J030,MG Road,16127,Weekday,False,Clear,False,0.0,False,False,0.33,Low,31.9,27.9,110.5,0.082,0.19,0.936,Moderate traffic flow - standard adaptive signal timing in effect
EVT409275,2025-02-21 18:29:06,Local Market Day,J031,Cubbon Road,2697,Weekday,False,Clear,False,0.0,False,False,1.0,Severe,7.6,75.0,362.6,0.14,0.324,0.93,Heavy congestion detected - signal timing extended and reroute suggested
EVT409276,2025-02-14 18:48:44,Concert,J009,Majestic,9910,Weekday,False,Fog,False,0.0,False,False,1.0,Severe,7.9,71.0,473.6,0.142,0.329,0.911,Heavy congestion detected - signal timing extended and reroute suggested
EVT409277,2025-10-28 12:25:14,Concert,J012,Koramangala Sony World,12427,Weekday,False,Rain,True,11.4,False,False,0.339,Low,35.2,31.3,187.3,0.184,0.425,0.916,Light rain detected - minor speed reduction advised
EVT409278,2025-05-03 12:25:13,Concert,J012,Koramangala Sony World,21551,Weekend,False,Clear,False,0.0,False,False,0.386,Moderate,35.8,25.1,124.6,0.126,0.292,0.974,Moderate traffic flow - standard adaptive signal timing in effect
EVT409279,2026-05-03 17:32:32,Concert,J040,City Market,10536,Weekend,False,Clear,False,0.0,False,False,0.823,Severe,14.9,66.1,375.9,0.209,0.482,0.971,Heavy congestion detected - signal timing extended and reroute suggested
EVT409280,2025-03-02 10:42:22,Local Market Day,J031,Cubbon Road,5326,Weekend,False,Clear,False,0.0,False,False,0.535,Moderate,23.2,35.0,195.8,0.143,0.329,0.963,Moderate traffic flow - standard adaptive signal timing in effect
EVT409281,2025-09-28 18:04:18,Local Market Day,J020,Malleshwaram Circle,5549,Weekend,False,Clear,False,0.0,False,False,0.896,Severe,12.4,62.2,610.4,0.266,0.614,0.916,Heavy congestion detected - signal timing extended and reroute suggested
EVT409282,2025-03-18 11:43:43,Sports Fixture,J031,Cubbon Road,38840,Weekday,False,Clear,False,0.0,False,False,0.457,Moderate,26.1,29.8,117.6,0.097,0.225,0.977,Moderate traffic flow - standard adaptive signal timing in effect
EVT409283,2025-04-04 18:40:52,Sports Fixture,J012,Koramangala Sony World,35852,Weekday,False,Clear,False,0.0,False,False,1.0,Severe,9.3,71.3,382.4,0.155,0.358,0.888,Heavy congestion detected - signal timing extended and reroute suggested
EVT409284,2026-04-05 21:44:29,Political Rally,J023,Basavanagudi,14667,Weekend,False,Light Rain,True,3.6,False,False,0.544,Moderate,23.8,39.7,233.5,0.172,0.396,0.919,Light rain detected - minor speed reduction advised
EVT409285,2026-05-04 22:19:40,Sports Fixture,J030,MG Road,23495,Weekday,False,Clear,False,0.0,False,False,0.336,Low,29.5,20.8,183.4,0.144,0.333,0.971,Moderate traffic flow - standard adaptive signal timing in effect
EVT409286,2025-04-04 13:22:55,Sports Fixture,J020,Malleshwaram Circle,27849,Weekday,False,Clear,False,0.0,False,False,0.327,Low,36.6,25.0,149.9,0.151,0.35,0.972,Moderate traffic flow - standard adaptive signal timing in effect
EVT409287,2025-03-23 16:53:31,Local Market Day,J011,Indiranagar 100ft Road,2383,Weekend,False,Clear,False,0.0,False,False,0.646,High,17.1,48.4,180.8,0.114,0.264,0.951,Moderate traffic flow - standard adaptive signal timing in effect
EVT409288,2025-06-22 19:57:13,Trade Fair,J011,Indiranagar 100ft Road,11161,Weekend,False,Clear,False,0.0,False,False,0.738,High,19.5,52.6,187.7,0.128,0.295,0.95,Moderate traffic flow - standard adaptive signal timing in effect
EVT409289,2026-03-02 20:02:09,Trade Fair,J030,MG Road,9153,Weekday,False,Clear,False,0.0,False,False,0.716,High,16.9,57.0,421.2,0.258,0.595,0.98,Moderate traffic flow - standard adaptive signal timing in effect
EVT409290,2026-05-30 17:38:06,Local Market Day,J012,Koramangala Sony World,2796,Weekend,False,Light Rain,True,5.2,False,False,0.875,Severe,13.1,65.6,359.2,0.183,0.423,0.891,Heavy rain reducing visibility and grip - reduced speed and longer buffer advised
EVT409291,2026-04-20 20:33:59,Concert,J030,MG Road,10400,Weekday,False,Clear,False,0.0,False,False,0.587,High,23.8,40.7,137.4,0.114,0.262,0.984,Moderate traffic flow - standard adaptive signal timing in effect
EVT409292,2025-10-08 07:45:48,Political Rally,J023,Basavanagudi,28347,Weekday,False,Clear,False,0.0,False,False,0.921,Severe,9.4,61.1,549.2,0.177,0.409,0.911,Heavy congestion detected - signal timing extended and reroute suggested
EVT409293,2025-03-30 11:38:26,Religious Festival,J012,Koramangala Sony World,35882,Weekend,True,Clear,False,0.0,False,True,0.91,Severe,11.9,95.9,274.5,0.142,0.327,0.841,Road closure for event/procession - full detour recommended for through-traffic
EVT409294,2026-02-13 15:37:04,Local Market Day,J011,Indiranagar 100ft Road,5453,Weekday,False,Clear,False,0.0,False,False,0.345,Low,30.1,23.3,166.3,0.132,0.306,0.961,Moderate traffic flow - standard adaptive signal timing in effect
EVT409295,2026-02-12 11:49:52,Sports Fixture,J020,Malleshwaram Circle,17330,Weekday,False,Clear,False,0.0,False,False,0.307,Low,27.0,20.2,160.7,0.118,0.273,0.969,Moderate traffic flow - standard adaptive signal timing in effect
EVT409296,2026-01-06 11:58:25,Trade Fair,J023,Basavanagudi,11296,Weekday,False,Clear,False,0.0,False,False,0.343,Low,21.4,31.0,149.2,0.097,0.223,0.975,Moderate traffic flow - standard adaptive signal timing in effect
EVT409297,2026-02-18 16:42:37,Sports Fixture,J009,Majestic,31603,Weekday,False,Clear,False,0.0,False,False,0.796,Severe,14.6,57.3,277.8,0.144,0.332,0.946,Heavy congestion detected - signal timing extended and reroute suggested
EVT409298,2026-05-30 17:29:27,Trade Fair,J030,MG Road,8947,Weekend,False,Clear,False,0.0,False,False,0.817,Severe,14.2,58.5,289.4,0.152,0.352,0.936,Heavy congestion detected - signal timing extended and reroute suggested
EVT409299,2025-10-21 13:30:03,Religious Festival,J030,MG Road,30256,Weekday,True,Clear,False,0.0,False,True,0.686,Moderate,18.2,63.8,235.1,0.108,0.25,0.914,Road closure for event/procession - full detour recommended for through-traffic
EVT409300,2025-09-26 11:48:02,Concert,J031,Cubbon Road,11947,Weekday,False,Clear,False,0.0,False,False,0.337,Low,25.6,25.2,214.6,0.144,0.333,0.942,Moderate traffic flow - standard adaptive signal timing in effect
EVT409301,2025-02-12 09:15:06,Trade Fair,J031,Cubbon Road,10858,Weekday,False,Clear,False,0.0,False,False,0.991,Severe,8.8,65.0,583.0,0.186,0.43,0.923,Heavy congestion detected - signal timing extended and reroute suggested
EVT409302,2025-02-27 21:59:02,Trade Fair,J011,Indiranagar 100ft Road,11828,Weekday,False,Clear,False,0.0,False,False,0.389,Moderate,27.7,28.1,180.4,0.149,0.345,0.975,Moderate traffic flow - standard adaptive signal timing in effect
EVT409303,2025-01-14 15:21:39,Religious Festival,J011,Indiranagar 100ft Road,48667,Weekday,True,Clear,False,0.0,False,True,0.911,Severe,12.7,90.6,283.3,0.122,0.281,0.857,Road closure for event/procession - full detour recommended for through-traffic
EVT409304,2026-01-24 09:15:34,Political Rally,J040,City Market,16964,Weekend,False,Clear,False,0.0,False,False,0.919,Severe,13.7,71.1,355.4,0.16,0.371,0.953,Heavy congestion detected - signal timing extended and reroute suggested
EVT409305,2026-02-24 08:27:14,Trade Fair,J020,Malleshwaram Circle,7969,Weekday,False,Clear,False,0.0,False,False,0.959,Severe,10.0,67.4,249.0,0.113,0.26,0.939,Heavy congestion detected - signal timing extended and reroute suggested
EVT409306,2025-01-05 08:59:20,Concert,J009,Majestic,9828,Weekend,False,Clear,False,0.0,False,False,0.842,Severe,13.3,56.1,490.0,0.225,0.521,0.95,Heavy congestion detected - signal timing extended and reroute suggested
EVT409307,2025-08-01 09:43:39,Trade Fair,J012,Koramangala Sony World,6093,Weekday,False,Rain,True,18.6,False,False,1.0,Severe,8.7,76.9,343.5,0.12,0.276,0.857,Heavy rain reducing visibility and grip - reduced speed and longer buffer advised
EVT409308,2025-05-10 06:22:56,Local Market Day,J011,Indiranagar 100ft Road,2801,Weekend,False,Clear,False,0.0,False,False,0.253,Low,21.2,15.0,142.0,0.08,0.185,0.951,Moderate traffic flow - standard adaptive signal timing in effect
EVT409309,2025-10-12 14:19:40,Sports Fixture,J011,Indiranagar 100ft Road,21234,Weekend,False,Clear,False,0.0,False,False,0.278,Low,32.8,18.8,133.8,0.124,0.285,0.983,Moderate traffic flow - standard adaptive signal timing in effect
EVT409310,2025-11-09 18:19:49,Local Market Day,J031,Cubbon Road,7473,Weekend,False,Clear,False,0.0,False,False,0.903,Severe,10.9,65.7,355.9,0.146,0.338,0.929,Heavy congestion detected - signal timing extended and reroute suggested
EVT409311,2025-10-09 10:52:27,Trade Fair,J040,City Market,5460,Weekday,False,Clear,False,0.0,False,False,0.429,Moderate,26.6,24.2,255.9,0.196,0.453,0.96,Moderate traffic flow - standard adaptive signal timing in effect
EVT409312,2026-01-15 14:08:24,Cultural Procession,J031,Cubbon Road,20568,Weekday,True,Clear,False,0.0,False,False,0.458,Moderate,28.5,38.7,215.8,0.183,0.423,0.906,Moderate traffic flow - standard adaptive signal timing in effect
EVT409313,2026-02-21 14:56:30,Local Market Day,J012,Koramangala Sony World,3560,Weekend,False,Clear,False,0.0,False,False,0.272,Low,34.2,20.1,117.0,0.119,0.274,0.937,Moderate traffic flow - standard adaptive signal timing in effect
EVT409314,2025-07-18 18:06:26,Concert,J031,Cubbon Road,17039,Weekday,False,Clear,False,0.0,False,False,1.0,Severe,8.9,77.2,706.2,0.246,0.569,0.918,Heavy congestion detected - signal timing extended and reroute suggested
EVT409315,2025-05-22 13:57:32,Local Market Day,J012,Koramangala Sony World,3102,Weekday,False,Light Rain,True,3.7,False,False,0.22,Low,35.3,13.5,82.9,0.061,0.14,0.925,Light rain detected - minor speed reduction advised
EVT409316,2026-02-27 14:08:50,Local Market Day,J031,Cubbon Road,3763,Weekday,False,Clear,False,0.0,False,False,0.18,Low,32.3,16.5,82.9,0.055,0.127,0.95,Normal free-flow traffic - standard signal timing maintained
EVT409317,2025-01-18 09:48:59,Political Rally,J012,Koramangala Sony World,12318,Weekend,False,Clear,False,0.0,False,False,0.797,Severe,14.0,59.3,287.0,0.131,0.303,0.949,Heavy congestion detected - signal timing extended and reroute suggested
EVT409318,2025-01-14 17:57:31,Religious Festival,J030,MG Road,32311,Weekday,True,Clear,False,0.0,True,True,1.0,Severe,7.1,90.2,686.5,0.209,0.482,0.694,Road closure for event/procession - full detour recommended for through-traffic
EVT409319,2025-09-15 07:21:14,Trade Fair,J020,Malleshwaram Circle,10621,Weekday,False,Heavy Rain,True,37.2,False,False,0.857,Severe,15.3,59.3,317.6,0.16,0.369,0.887,Heavy rain reducing visibility and grip - reduced speed and longer buffer advised
EVT409320,2025-09-14 16:27:22,Sports Fixture,J031,Cubbon Road,13349,Weekend,False,Clear,False,0.0,False,False,0.575,High,22.8,44.4,249.1,0.201,0.465,0.965,Moderate traffic flow - standard adaptive signal timing in effect
EVT409321,2026-04-30 09:04:08,Sports Fixture,J023,Basavanagudi,26865,Weekday,False,Clear,False,0.0,False,False,1.0,Severe,7.6,75.8,727.8,0.234,0.541,0.924,Heavy congestion detected - signal timing extended and reroute suggested
EVT409322,2025-11-12 17:44:45,Trade Fair,J009,Majestic,14188,Weekday,False,Clear,False,0.0,False,False,1.0,Severe,10.0,69.6,544.5,0.233,0.538,0.914,Heavy congestion detected - signal timing extended and reroute suggested
EVT409323,2026-05-26 10:29:34,Local Market Day,J023,Basavanagudi,3810,Weekday,False,Rain,True,8.0,False,False,0.742,High,15.7,52.1,232.4,0.14,0.323,0.908,Heavy rain reducing visibility and grip - reduced speed and longer buffer advised
EVT409324,2025-02-08 14:57:53,Sports Fixture,J030,MG Road,39850,Weekend,False,Clear,False,0.0,False,False,0.495,Moderate,26.0,39.2,214.7,0.152,0.351,0.955,Moderate traffic flow - standard adaptive signal timing in effect
EVT409325,2025-02-13 17:38:43,Local Market Day,J020,Malleshwaram Circle,3782,Weekday,False,Clear,False,0.0,False,False,0.866,Severe,14.1,55.4,361.6,0.187,0.431,0.931,Heavy congestion detected - signal timing extended and reroute suggested
EVT409326,2026-03-01 08:28:45,Local Market Day,J030,MG Road,3380,Weekend,False,Clear,False,0.0,False,False,0.787,Severe,15.1,53.5,384.1,0.225,0.519,0.94,Heavy congestion detected - signal timing extended and reroute suggested
EVT409327,2025-08-22 10:49:07,Sports Fixture,J009,Majestic,23415,Weekday,False,Rain,True,12.5,False,False,0.775,Severe,16.3,53.5,421.1,0.248,0.574,0.946,Heavy rain reducing visibility and grip - reduced speed and longer buffer advised
EVT409328,2026-02-01 17:40:26,Local Market Day,J040,City Market,6839,Weekend,False,Clear,False,0.0,False,False,0.89,Severe,12.1,64.2,303.2,0.138,0.319,0.949,Heavy congestion detected - signal timing extended and reroute suggested
EVT409329,2025-05-09 06:38:11,Sports Fixture,J020,Malleshwaram Circle,17908,Weekday,False,Clear,False,0.0,False,False,0.497,Moderate,23.6,38.0,151.7,0.097,0.224,0.969,Moderate traffic flow - standard adaptive signal timing in effect
EVT409330,2025-07-01 18:13:36,Concert,J040,City Market,8001,Weekday,False,Clear,False,0.0,False,False,1.0,Severe,9.0,72.7,443.4,0.166,0.383,0.892,Heavy congestion detected - signal timing extended and reroute suggested
EVT409331,2025-09-14 09:03:50,Trade Fair,J040,City Market,9816,Weekend,False,Clear,False,0.0,False,False,0.919,Severe,11.2,65.7,355.0,0.153,0.354,0.928,Heavy congestion detected - signal timing extended and reroute suggested
EVT409332,2026-06-02 15:37:20,Concert,J030,MG Road,17146,Weekday,False,Rain,True,14.9,False,False,0.648,High,21.7,47.7,198.5,0.125,0.288,0.918,Heavy rain reducing visibility and grip - reduced speed and longer buffer advised
EVT409333,2025-06-08 15:31:49,Concert,J031,Cubbon Road,8273,Weekend,False,Clear,False,0.0,False,False,0.39,Moderate,25.7,27.2,109.8,0.095,0.219,0.982,Moderate traffic flow - standard adaptive signal timing in effect
EVT409334,2026-03-06 08:40:06,Local Market Day,J040,City Market,1522,Weekday,False,Clear,False,0.0,False,False,0.917,Severe,12.2,69.3,579.6,0.256,0.591,0.904,Heavy congestion detected - signal timing extended and reroute suggested
EVT409335,2026-02-19 17:14:36,Local Market Day,J012,Koramangala Sony World,5286,Weekday,False,Clear,False,0.0,False,False,0.928,Severe,11.0,68.9,563.3,0.237,0.548,0.91,Heavy congestion detected - signal timing extended and reroute suggested
EVT409336,2026-05-13 17:03:51,Sports Fixture,J011,Indiranagar 100ft Road,19280,Weekday,False,Clear,False,0.0,False,False,0.793,Severe,15.1,61.0,557.7,0.298,0.689,0.97,Heavy congestion detected - signal timing extended and reroute suggested
EVT409337,2025-10-25 08:16:27,Concert,J040,City Market,11708,Weekend,False,Clear,False,0.0,False,False,0.76,Severe,15.7,49.9,304.4,0.162,0.374,0.945,Heavy congestion detected - signal timing extended and reroute suggested
EVT409338,2025-05-04 12:17:38,Trade Fair,J009,Majestic,4546,Weekend,False,Heavy Rain,True,42.2,False,False,0.742,High,16.5,59.0,122.3,0.061,0.141,0.92,Heavy rain reducing visibility and grip - reduced speed and longer buffer advised
EVT409339,2025-05-05 16:25:59,Concert,J009,Majestic,5943,Weekday,False,Clear,False,0.0,False,False,0.553,High,25.2,42.8,266.3,0.188,0.435,0.971,Moderate traffic flow - standard adaptive signal timing in effect
EVT409340,2025-02-20 23:07:16,Concert,J030,MG Road,9997,Weekday,False,Clear,False,0.0,False,False,0.195,Low,35.6,8.2,106.9,0.11,0.254,0.975,Normal free-flow traffic - standard signal timing maintained
EVT409341,2025-12-09 16:25:01,Political Rally,J023,Basavanagudi,6607,Weekday,False,Clear,False,0.0,False,False,0.588,High,22.8,48.9,188.7,0.134,0.309,0.969,Moderate traffic flow - standard adaptive signal timing in effect
EVT409342,2025-04-11 09:42:40,Trade Fair,J030,MG Road,8348,Weekday,False,Clear,False,0.0,False,False,0.918,Severe,10.3,75.0,384.3,0.159,0.368,0.94,Heavy congestion detected - signal timing extended and reroute suggested
EVT409343,2026-05-22 23:21:18,Local Market Day,J020,Malleshwaram Circle,4240,Weekday,False,Rain,True,8.6,False,False,0.311,Low,32.2,27.5,167.3,0.143,0.33,0.896,Light rain detected - minor speed reduction advised
EVT409344,2025-10-10 18:10:15,Sports Fixture,J040,City Market,27042,Weekday,False,Clear,False,0.0,False,False,1.0,Severe,7.6,70.1,389.4,0.121,0.28,0.902,Heavy congestion detected - signal timing extended and reroute suggested
EVT409345,2026-06-23 12:16:42,Local Market Day,J012,Koramangala Sony World,4659,Weekday,False,Heavy Rain,True,29.4,False,False,0.53,Moderate,25.5,30.5,135.0,0.1,0.231,0.936,Light rain detected - minor speed reduction advised
EVT409346,2025-11-13 17:04:09,Local Market Day,J020,Malleshwaram Circle,5107,Weekday,False,Fog,False,0.0,False,False,0.785,Severe,15.9,59.5,187.3,0.097,0.224,0.936,Heavy congestion detected - signal timing extended and reroute suggested
EVT409347,2025-06-07 18:45:23,Sports Fixture,J030,MG Road,15292,Weekend,False,Rain,True,9.7,False,False,1.0,Severe,10.0,72.8,414.9,0.172,0.397,0.841,Heavy rain reducing visibility and grip - reduced speed and longer buffer advised
EVT409348,2025-10-18 16:08:10,Local Market Day,J030,MG Road,5061,Weekend,False,Rain,True,23.1,False,False,0.691,High,21.0,51.0,303.9,0.212,0.49,0.922,Heavy rain reducing visibility and grip - reduced speed and longer buffer advised
EVT409349,2026-04-07 10:18:01,Sports Fixture,J030,MG Road,20549,Weekday,False,Clear,False,0.0,False,False,0.834,Severe,17.6,57.0,346.1,0.213,0.492,0.949,Heavy congestion detected - signal timing extended and reroute suggested
EVT409350,2026-01-13 15:56:07,Concert,J020,Malleshwaram Circle,13201,Weekday,False,Clear,False,0.0,False,False,0.492,Moderate,27.9,36.0,223.5,0.179,0.412,0.96,Moderate traffic flow - standard adaptive signal timing in effect
EVT409351,2025-06-06 09:00:08,Trade Fair,J030,MG Road,7732,Weekday,False,Clear,False,0.0,False,False,1.0,Severe,9.0,67.2,463.9,0.172,0.398,0.912,Heavy congestion detected - signal timing extended and reroute suggested
EVT409352,2025-01-17 18:12:12,Political Rally,J020,Malleshwaram Circle,14963,Weekday,False,Clear,False,0.0,False,False,1.0,Severe,8.5,77.5,361.3,0.118,0.274,0.926,Heavy congestion detected - signal timing extended and reroute suggested
EVT409353,2026-05-29 19:53:33,Concert,J011,Indiranagar 100ft Road,16861,Weekday,False,Clear,False,0.0,False,False,0.832,Severe,15.5,57.2,247.1,0.124,0.286,0.941,Heavy congestion detected - signal timing extended and reroute suggested
EVT409354,2025-05-22 22:18:23,Local Market Day,J031,Cubbon Road,5888,Weekday,False,Clear,False,0.0,False,False,0.189,Low,33.6,15.4,100.4,0.102,0.235,0.962,Normal free-flow traffic - standard signal timing maintained
EVT409355,2025-07-10 11:23:35,Trade Fair,J031,Cubbon Road,12024,Weekday,False,Heavy Rain,True,35.0,False,False,0.71,High,19.1,50.1,217.1,0.134,0.31,0.952,Heavy rain reducing visibility and grip - reduced speed and longer buffer advised
EVT409356,2026-02-05 17:51:17,Political Rally,J011,Indiranagar 100ft Road,15045,Weekday,False,Clear,False,0.0,False,False,0.946,Severe,7.3,63.7,523.8,0.18,0.416,0.948,Heavy congestion detected - signal timing extended and reroute suggested
EVT409357,2025-09-21 17:18:44,Sports Fixture,J020,Malleshwaram Circle,21651,Weekend,False,Clear,False,0.0,False,False,0.76,Severe,15.6,59.0,292.0,0.156,0.362,0.963,Heavy congestion detected - signal timing extended and reroute suggested
EVT409358,2026-04-17 15:34:45,Local Market Day,J020,Malleshwaram Circle,6004,Weekday,False,Clear,False,0.0,False,False,0.286,Low,28.0,23.8,228.3,0.172,0.397,0.986,Moderate traffic flow - standard adaptive signal timing in effect
EVT409359,2026-05-04 21:05:52,Local Market Day,J023,Basavanagudi,2570,Weekday,False,Clear,False,0.0,False,False,0.375,Moderate,30.3,34.2,166.8,0.14,0.322,0.969,Moderate traffic flow - standard adaptive signal timing in effect
EVT409360,2025-05-11 18:06:20,Local Market Day,J009,Majestic,3771,Weekend,False,Clear,False,0.0,False,False,0.816,Severe,15.4,60.2,233.9,0.114,0.262,0.957,Heavy congestion detected - signal timing extended and reroute suggested
EVT409361,2026-02-08 11:09:04,Concert,J030,MG Road,12651,Weekend,False,Clear,False,0.0,False,False,0.501,Moderate,23.4,34.6,144.4,0.083,0.191,0.99,Moderate traffic flow - standard adaptive signal timing in effect
EVT409362,2025-02-04 10:56:03,Local Market Day,J023,Basavanagudi,3615,Weekday,False,Clear,False,0.0,False,False,0.436,Moderate,23.9,29.4,292.4,0.196,0.452,0.951,Moderate traffic flow - standard adaptive signal timing in effect
EVT409363,2025-05-12 18:10:49,Sports Fixture,J030,MG Road,30503,Weekday,False,Clear,False,0.0,False,False,1.0,Severe,8.8,71.4,366.0,0.141,0.325,0.905,Heavy congestion detected - signal timing extended and reroute suggested
EVT409364,2025-03-30 16:49:16,Cultural Procession,J020,Malleshwaram Circle,13812,Weekend,True,Clear,False,0.0,False,False,0.89,Severe,12.2,61.8,578.5,0.254,0.586,0.882,Festival crowd surge detected - alternate route and extended cycle recommended
EVT409365,2025-01-21 18:35:15,Local Market Day,J020,Malleshwaram Circle,4487,Weekday,False,Clear,False,0.0,False,False,1.0,Severe,8.8,72.7,496.8,0.187,0.433,0.892,Heavy congestion detected - signal timing extended and reroute suggested
EVT409366,2025-05-09 20:48:25,Local Market Day,J009,Majestic,8745,Weekday,False,Clear,False,0.0,False,False,0.404,Moderate,24.9,24.8,119.7,0.081,0.186,0.974,Moderate traffic flow - standard adaptive signal timing in effect
EVT409367,2026-01-15 18:28:59,Fireworks Display,J023,Basavanagudi,18825,Weekday,True,Clear,False,0.0,False,False,1.0,Severe,8.0,68.9,222.0,0.082,0.189,0.906,Festival crowd surge detected - alternate route and extended cycle recommended
EVT409368,2026-03-23 18:01:30,Local Market Day,J023,Basavanagudi,8525,Weekday,False,Clear,False,0.0,False,False,1.0,Severe,7.6,69.7,726.6,0.239,0.551,0.914,Heavy congestion detected - signal timing extended and reroute suggested
EVT409369,2025-08-08 09:26:22,Local Market Day,J040,City Market,4465,Weekday,False,Clear,False,0.0,False,False,0.984,Severe,9.0,68.0,532.2,0.198,0.456,0.933,Heavy congestion detected - signal timing extended and reroute suggested
EVT409370,2026-04-09 09:12:25,Trade Fair,J012,Koramangala Sony World,14061,Weekday,False,Clear,False,0.0,False,False,1.0,Severe,9.6,67.8,267.3,0.121,0.279,0.916,Heavy congestion detected - signal timing extended and reroute suggested
EVT409371,2025-09-03 08:34:22,Local Market Day,J011,Indiranagar 100ft Road,4272,Weekday,False,Fog,False,0.0,False,False,0.972,Severe,9.5,69.3,771.1,0.304,0.703,0.931,Heavy congestion detected - signal timing extended and reroute suggested
EVT409372,2026-03-04 10:42:50,Cultural Procession,J009,Majestic,23992,Weekday,True,Clear,False,0.0,False,True,0.973,Severe,8.5,99.8,779.2,0.269,0.621,0.843,Road closure for event/procession - full detour recommended for through-traffic
EVT409373,2025-10-24 15:55:28,Sports Fixture,J040,City Market,19439,Weekday,False,Clear,False,0.0,False,False,0.528,Moderate,24.6,36.4,177.4,0.125,0.288,0.965,Moderate traffic flow - standard adaptive signal timing in effect
EVT409374,2025-03-24 15:35:12,Local Market Day,J030,MG Road,4017,Weekday,False,Clear,False,0.0,False,False,0.275,Low,33.7,15.2,139.6,0.104,0.239,0.941,Moderate traffic flow - standard adaptive signal timing in effect
EVT409375,2026-02-20 13:09:26,Sports Fixture,J023,Basavanagudi,18438,Weekday,False,Clear,False,0.0,False,False,0.168,Low,39.1,12.5,84.9,0.088,0.203,0.962,Normal free-flow traffic - standard signal timing maintained
EVT409376,2025-12-10 12:12:57,Trade Fair,J020,Malleshwaram Circle,11664,Weekday,False,Clear,False,0.0,False,False,0.213,Low,29.2,16.9,111.0,0.083,0.191,0.978,Normal free-flow traffic - standard signal timing maintained
EVT409377,2025-01-02 10:59:18,Local Market Day,J020,Malleshwaram Circle,2205,Weekday,False,Clear,False,0.0,False,False,0.408,Moderate,29.2,29.6,137.5,0.11,0.254,0.973,Moderate traffic flow - standard adaptive signal timing in effect
EVT409378,2025-05-28 18:21:39,Local Market Day,J030,MG Road,5074,Weekday,False,Light Rain,True,6.4,False,False,1.0,Severe,8.0,66.7,498.9,0.187,0.431,0.875,Heavy rain reducing visibility and grip - reduced speed and longer buffer advised
EVT409379,2025-12-23 19:15:05,Local Market Day,J020,Malleshwaram Circle,2770,Weekday,False,Clear,False,0.0,False,False,0.853,Severe,15.3,60.1,438.1,0.247,0.57,0.943,Heavy congestion detected - signal timing extended and reroute suggested
EVT409380,2025-05-01 17:07:25,Fireworks Display,J031,Cubbon Road,26002,Weekday,True,Heavy Rain,True,27.4,False,False,1.0,Severe,9.6,80.9,649.7,0.25,0.577,0.806,Festival crowd surge detected - alternate route and extended cycle recommended
EVT409381,2026-02-01 08:25:38,Concert,J011,Indiranagar 100ft Road,7499,Weekend,False,Clear,False,0.0,False,False,0.804,Severe,17.7,58.7,159.8,0.103,0.237,0.955,Heavy congestion detected - signal timing extended and reroute suggested
EVT409382,2025-03-30 18:08:21,Cultural Procession,J040,City Market,28110,Weekend,True,Clear,False,0.0,False,False,1.0,Severe,8.1,68.6,346.7,0.09,0.207,0.863,Festival crowd surge detected - alternate route and extended cycle recommended
EVT409383,2025-08-26 13:31:25,Local Market Day,J040,City Market,3456,Weekday,False,Clear,False,0.0,False,False,0.178,Low,35.0,17.5,114.8,0.095,0.22,0.99,Normal free-flow traffic - standard signal timing maintained
EVT409384,2026-04-26 09:58:31,Local Market Day,J011,Indiranagar 100ft Road,4106,Weekend,False,Clear,False,0.0,False,False,0.804,Severe,14.2,61.7,278.2,0.16,0.369,0.98,Heavy congestion detected - signal timing extended and reroute suggested
EVT409385,2025-02-07 19:45:00,Local Market Day,J020,Malleshwaram Circle,6168,Weekday,False,Clear,False,0.0,False,False,0.749,High,16.1,58.3,272.8,0.137,0.316,0.962,Moderate traffic flow - standard adaptive signal timing in effect
EVT409386,2025-08-27 07:14:04,Cultural Procession,J030,MG Road,17082,Weekday,True,Clear,False,0.0,False,True,0.987,Severe,7.9,99.1,390.1,0.15,0.348,0.857,Road closure for event/procession - full detour recommended for through-traffic
EVT409387,2025-09-08 18:59:33,Local Market Day,J023,Basavanagudi,4024,Weekday,False,Clear,False,0.0,False,False,1.0,Severe,9.6,70.7,422.0,0.168,0.389,0.918,Heavy congestion detected - signal timing extended and reroute suggested
EVT409388,2025-01-19 12:12:19,Sports Fixture,J009,Majestic,21172,Weekend,False,Clear,False,0.0,False,False,0.379,Moderate,25.2,27.1,230.3,0.171,0.396,0.967,Moderate traffic flow - standard adaptive signal timing in effect
EVT409389,2026-04-22 06:44:08,Political Rally,J011,Indiranagar 100ft Road,16270,Weekday,False,Clear,False,0.0,False,False,0.467,Moderate,25.4,34.4,139.5,0.106,0.246,0.962,Moderate traffic flow - standard adaptive signal timing in effect
EVT409390,2025-09-03 09:23:40,Political Rally,J030,MG Road,51386,Weekday,False,Clear,False,0.0,False,False,1.0,Severe,7.6,69.9,644.1,0.212,0.49,0.929,Heavy congestion detected - signal timing extended and reroute suggested
EVT409391,2025-09-04 18:46:20,Local Market Day,J009,Majestic,3394,Weekday,False,Clear,False,0.0,False,False,0.997,Severe,8.3,74.1,643.9,0.21,0.485,0.905,Heavy congestion detected - signal timing extended and reroute suggested
EVT409392,2026-04-28 11:52:35,Concert,J040,City Market,13895,Weekday,False,Clear,False,0.0,False,False,0.28,Low,33.4,16.1,217.5,0.19,0.44,0.954,Moderate traffic flow - standard adaptive signal timing in effect
EVT409393,2025-11-12 19:50:28,Local Market Day,J011,Indiranagar 100ft Road,5820,Weekday,False,Light Rain,True,7.2,False,False,0.906,Severe,11.3,67.1,508.4,0.196,0.454,0.867,Heavy rain reducing visibility and grip - reduced speed and longer buffer advised
EVT409394,2025-04-14 18:04:45,Cultural Procession,J011,Indiranagar 100ft Road,14260,Weekday,True,Clear,False,0.0,False,True,1.0,Severe,6.3,93.6,808.3,0.235,0.543,0.824,Road closure for event/procession - full detour recommended for through-traffic
EVT409395,2026-05-29 18:26:42,Local Market Day,J023,Basavanagudi,4062,Weekday,False,Clear,False,0.0,False,False,1.0,Severe,7.8,73.7,412.1,0.147,0.34,0.938,Heavy congestion detected - signal timing extended and reroute suggested
EVT409396,2025-10-20 20:30:13,Religious Festival,J012,Koramangala Sony World,50594,Weekday,True,Clear,False,0.0,False,True,1.0,Severe,10.3,109.1,484.2,0.216,0.499,0.818,Road closure for event/procession - full detour recommended for through-traffic
EVT409397,2026-04-16 16:01:05,Political Rally,J023,Basavanagudi,17627,Weekday,False,Clear,False,0.0,False,False,0.555,High,26.3,44.7,222.7,0.15,0.345,0.938,Moderate traffic flow - standard adaptive signal timing in effect
EVT409398,2025-10-13 09:32:59,Trade Fair,J031,Cubbon Road,9679,Weekday,False,Rain,True,21.8,False,False,1.0,Severe,6.8,65.7,481.1,0.174,0.401,0.841,Heavy rain reducing visibility and grip - reduced speed and longer buffer advised
EVT409399,2025-01-06 15:43:16,Concert,J030,MG Road,16298,Weekday,False,Clear,False,0.0,False,False,0.466,Moderate,26.4,32.2,161.9,0.127,0.293,0.953,Moderate traffic flow - standard adaptive signal timing in effect
EVT409400,2025-03-23 16:10:38,Trade Fair,J031,Cubbon Road,9171,Weekend,False,Clear,False,0.0,False,False,0.396,Moderate,20.7,28.7,289.9,0.173,0.399,0.966,Moderate traffic flow - standard adaptive signal timing in effect
EVT409401,2026-06-07 04:23:25,Trade Fair,J040,City Market,7839,Weekend,False,Rain,True,19.6,False,False,0.467,Moderate,26.0,27.5,190.0,0.153,0.354,0.926,Light rain detected - minor speed reduction advised
EVT409402,2025-04-02 07:45:33,Trade Fair,J023,Basavanagudi,10090,Weekday,False,Clear,False,0.0,False,False,0.788,Severe,11.6,51.2,340.1,0.153,0.353,0.958,Heavy congestion detected - signal timing extended and reroute suggested
EVT409403,2026-01-31 13:41:36,Concert,J011,Indiranagar 100ft Road,13481,Weekend,False,Clear,False,0.0,False,False,0.331,Low,26.4,28.1,174.7,0.13,0.299,0.946,Moderate traffic flow - standard adaptive signal timing in effect
EVT409404,2025-11-27 07:27:36,Sports Fixture,J011,Indiranagar 100ft Road,22340,Weekday,False,Rain,True,8.0,False,False,0.809,Severe,15.2,60.6,450.2,0.246,0.568,0.904,Heavy rain reducing visibility and grip - reduced speed and longer buffer advised
EVT409405,2025-09-20 20:30:01,Sports Fixture,J030,MG Road,12308,Weekend,False,Light Rain,True,6.5,False,False,0.691,High,18.9,49.0,261.0,0.163,0.377,0.946,Heavy rain reducing visibility and grip - reduced speed and longer buffer advised
EVT409406,2025-02-17 07:03:52,Sports Fixture,J020,Malleshwaram Circle,30783,Weekday,False,Clear,False,0.0,False,False,0.665,High,19.3,41.4,92.5,0.044,0.103,0.947,Moderate traffic flow - standard adaptive signal timing in effect
EVT409407,2026-01-03 17:07:20,Local Market Day,J040,City Market,3919,Weekend,False,Clear,False,0.0,False,False,0.643,High,22.7,48.5,193.5,0.132,0.304,0.932,Moderate traffic flow - standard adaptive signal timing in effect
EVT409408,2025-11-18 13:47:37,Political Rally,J020,Malleshwaram Circle,13262,Weekday,False,Clear,False,0.0,False,False,0.21,Low,31.8,15.0,72.7,0.049,0.113,0.982,Normal free-flow traffic - standard signal timing maintained
EVT409409,2026-04-01 16:33:15,Local Market Day,J012,Koramangala Sony World,3485,Weekday,False,Clear,False,0.0,False,False,0.55,Moderate,22.5,44.3,233.2,0.175,0.403,0.972,Moderate traffic flow - standard adaptive signal timing in effect
EVT409410,2025-01-18 08:15:23,Sports Fixture,J040,City Market,43238,Weekend,False,Clear,False,0.0,False,False,1.0,Severe,8.2,72.5,820.2,0.255,0.589,0.908,Heavy congestion detected - signal timing extended and reroute suggested
EVT409411,2026-03-15 11:56:15,Concert,J040,City Market,17085,Weekend,False,Clear,False,0.0,False,False,0.324,Low,32.2,23.1,126.6,0.109,0.252,0.982,Moderate traffic flow - standard adaptive signal timing in effect
EVT409412,2025-11-27 18:39:42,Sports Fixture,J031,Cubbon Road,26133,Weekday,False,Clear,False,0.0,False,False,1.0,Severe,9.4,68.3,780.1,0.287,0.663,0.938,Heavy congestion detected - signal timing extended and reroute suggested
EVT409413,2026-06-12 10:19:49,Local Market Day,J031,Cubbon Road,2647,Weekday,False,Clear,False,0.0,False,False,0.702,High,17.8,59.3,269.7,0.158,0.364,0.964,Moderate traffic flow - standard adaptive signal timing in effect
EVT409414,2025-09-03 17:55:15,Trade Fair,J012,Koramangala Sony World,15030,Weekday,False,Heavy Rain,True,38.1,False,False,1.0,Severe,6.8,71.1,861.8,0.256,0.591,0.854,Heavy rain reducing visibility and grip - reduced speed and longer buffer advised
EVT409415,2025-03-03 13:45:27,Concert,J011,Indiranagar 100ft Road,9379,Weekday,False,Clear,False,0.0,False,False,0.179,Low,33.1,14.4,148.8,0.116,0.269,0.96,Normal free-flow traffic - standard signal timing maintained
EVT409416,2026-04-24 14:12:13,Trade Fair,J020,Malleshwaram Circle,10107,Weekday,False,Clear,False,0.0,False,False,0.172,Low,35.2,5.3,160.9,0.13,0.301,0.959,Normal free-flow traffic - standard signal timing maintained
EVT409417,2026-03-26 13:24:35,Religious Festival,J031,Cubbon Road,27649,Weekday,True,Light Rain,True,1.3,False,False,0.541,Moderate,23.6,42.2,200.6,0.148,0.342,0.901,Festival crowd surge detected - alternate route and extended cycle recommended
EVT409418,2026-02-17 12:58:00,Sports Fixture,J031,Cubbon Road,16322,Weekday,False,Clear,False,0.0,False,False,0.257,Low,33.6,20.0,114.9,0.105,0.242,0.969,Moderate traffic flow - standard adaptive signal timing in effect
EVT409419,2026-05-25 13:25:23,Local Market Day,J031,Cubbon Road,8574,Weekday,False,Rain,True,19.8,False,False,0.418,Moderate,23.1,28.6,291.8,0.216,0.499,0.955,Light rain detected - minor speed reduction advised
EVT409420,2026-03-06 14:43:02,Trade Fair,J040,City Market,19279,Weekday,False,Clear,False,0.0,False,False,0.288,Low,30.8,23.3,243.6,0.201,0.464,0.963,Moderate traffic flow - standard adaptive signal timing in effect
EVT409421,2025-07-17 09:02:28,Sports Fixture,J020,Malleshwaram Circle,26050,Weekday,False,Clear,False,0.0,False,False,1.0,Severe,8.6,75.0,715.5,0.238,0.551,0.903,Heavy congestion detected - signal timing extended and reroute suggested
EVT409422,2026-06-04 11:43:05,Concert,J040,City Market,12402,Weekday,False,Heavy Rain,True,28.5,False,False,0.511,Moderate,29.5,41.0,158.3,0.109,0.252,0.93,Light rain detected - minor speed reduction advised
EVT409423,2025-05-15 20:59:02,Sports Fixture,J031,Cubbon Road,33257,Weekday,False,Clear,False,0.0,False,False,0.615,High,24.7,41.6,278.8,0.205,0.474,0.963,Moderate traffic flow - standard adaptive signal timing in effect
EVT409424,2026-02-08 19:08:18,Political Rally,J020,Malleshwaram Circle,7260,Weekend,False,Clear,False,0.0,False,False,0.84,Severe,14.3,58.1,462.4,0.24,0.554,0.929,Heavy congestion detected - signal timing extended and reroute suggested
EVT409425,2025-06-18 16:55:29,Sports Fixture,J031,Cubbon Road,28436,Weekday,False,Clear,False,0.0,False,False,0.828,Severe,13.9,60.4,415.2,0.215,0.497,0.93,Heavy congestion detected - signal timing extended and reroute suggested
EVT409426,2025-01-31 17:50:58,Concert,J009,Majestic,9311,Weekday,False,Light Rain,True,3.1,False,False,1.0,Severe,7.0,72.0,410.9,0.123,0.284,0.86,Heavy rain reducing visibility and grip - reduced speed and longer buffer advised
EVT409427,2025-04-30 15:37:52,Political Rally,J031,Cubbon Road,8759,Weekday,False,Clear,False,0.0,False,False,0.337,Low,30.8,26.1,65.8,0.021,0.049,0.957,Moderate traffic flow - standard adaptive signal timing in effect
EVT409428,2025-05-01 08:05:56,Cultural Procession,J040,City Market,10252,Weekday,True,Clear,False,0.0,False,True,1.0,Severe,9.2,99.7,567.6,0.234,0.54,0.849,Road closure for event/procession - full detour recommended for through-traffic
EVT409429,2026-01-05 10:44:57,Concert,J023,Basavanagudi,16283,Weekday,False,Clear,False,0.0,False,False,0.607,High,16.6,44.1,385.3,0.218,0.503,0.97,Moderate traffic flow - standard adaptive signal timing in effect
EVT409430,2026-02-04 11:44:20,Local Market Day,J023,Basavanagudi,5501,Weekday,False,Clear,False,0.0,False,False,0.304,Low,35.2,24.8,91.1,0.094,0.217,0.961,Moderate traffic flow - standard adaptive signal timing in effect
EVT409431,2025-04-09 16:22:12,Trade Fair,J023,Basavanagudi,8158,Weekday,False,Clear,False,0.0,False,False,0.526,Moderate,25.7,40.4,250.8,0.2,0.462,0.952,Moderate traffic flow - standard adaptive signal timing in effect
EVT409432,2025-01-18 12:31:31,Local Market Day,J012,Koramangala Sony World,4861,Weekend,False,Clear,False,0.0,False,False,0.261,Low,40.3,19.6,125.5,0.109,0.251,0.959,Moderate traffic flow - standard adaptive signal timing in effect
EVT409433,2025-04-21 18:52:47,Sports Fixture,J012,Koramangala Sony World,12939,Weekday,False,Clear,False,0.0,False,False,0.989,Severe,7.7,73.1,599.2,0.169,0.391,0.941,Heavy congestion detected - signal timing extended and reroute suggested
EVT409434,2025-08-11 11:16:11,Local Market Day,J011,Indiranagar 100ft Road,6353,Weekday,False,Clear,False,0.0,False,False,0.314,Low,34.4,19.9,115.6,0.123,0.285,0.966,Moderate traffic flow - standard adaptive signal timing in effect
EVT409435,2025-01-05 10:10:14,Trade Fair,J030,MG Road,10546,Weekend,False,Clear,False,0.0,False,False,0.686,High,20.6,53.6,228.2,0.142,0.328,0.953,Moderate traffic flow - standard adaptive signal timing in effect
EVT409436,2025-02-28 17:41:18,Sports Fixture,J030,MG Road,17368,Weekday,False,Clear,False,0.0,False,False,1.0,Severe,8.9,72.8,541.4,0.205,0.473,0.903,Heavy congestion detected - signal timing extended and reroute suggested
EVT409437,2026-05-06 17:16:48,Local Market Day,J020,Malleshwaram Circle,6180,Weekday,False,Clear,False,0.0,False,False,0.799,Severe,15.2,53.0,124.2,0.052,0.12,0.956,Heavy congestion detected - signal timing extended and reroute suggested
EVT409438,2025-11-26 14:12:20,Sports Fixture,J012,Koramangala Sony World,20600,Weekday,False,Rain,True,13.5,False,False,0.491,Moderate,32.1,31.6,161.9,0.176,0.406,0.924,Light rain detected - minor speed reduction advised
EVT409439,2025-01-24 12:08:49,Concert,J012,Koramangala Sony World,20566,Weekday,False,Clear,False,0.0,False,False,0.34,Low,34.9,21.3,136.6,0.117,0.269,0.99,Moderate traffic flow - standard adaptive signal timing in effect
EVT409440,2025-08-29 17:54:15,Concert,J023,Basavanagudi,10295,Weekday,False,Rain,True,8.9,False,False,1.0,Severe,7.7,68.3,213.5,0.091,0.21,0.887,Heavy rain reducing visibility and grip - reduced speed and longer buffer advised
EVT409441,2025-03-23 10:04:16,Local Market Day,J011,Indiranagar 100ft Road,3539,Weekend,False,Clear,False,0.0,False,False,0.667,High,19.6,45.2,315.3,0.204,0.471,0.959,Moderate traffic flow - standard adaptive signal timing in effect
EVT409442,2025-05-14 12:33:54,Concert,J012,Koramangala Sony World,13951,Weekday,False,Clear,False,0.0,False,False,0.235,Low,30.9,21.2,134.2,0.139,0.321,0.955,Normal free-flow traffic - standard signal timing maintained
EVT409443,2025-11-28 09:27:08,Local Market Day,J031,Cubbon Road,2056,Weekday,False,Rain,True,9.9,False,False,1.0,Severe,10.3,65.0,534.1,0.223,0.514,0.833,Heavy rain reducing visibility and grip - reduced speed and longer buffer advised
EVT409444,2026-06-08 16:22:29,Sports Fixture,J023,Basavanagudi,38868,Weekday,False,Clear,False,0.0,False,False,0.741,High,16.6,49.2,393.9,0.219,0.505,0.981,Moderate traffic flow - standard adaptive signal timing in effect
EVT409445,2025-05-26 11:50:36,Local Market Day,J020,Malleshwaram Circle,3696,Weekday,False,Clear,False,0.0,False,False,0.294,Low,38.6,24.3,165.5,0.169,0.391,0.973,Moderate traffic flow - standard adaptive signal timing in effect
EVT409446,2025-06-25 15:34:54,Sports Fixture,J009,Majestic,22403,Weekday,False,Heavy Rain,True,31.1,False,False,0.757,Severe,14.3,52.2,322.6,0.151,0.349,0.899,Heavy rain reducing visibility and grip - reduced speed and longer buffer advised
EVT409447,2026-02-18 18:10:40,Trade Fair,J012,Koramangala Sony World,10648,Weekday,False,Clear,False,0.0,False,False,0.982,Severe,9.1,61.6,564.4,0.206,0.476,0.904,Heavy congestion detected - signal timing extended and reroute suggested
EVT409448,2025-12-23 21:43:06,Local Market Day,J020,Malleshwaram Circle,2680,Weekday,False,Clear,False,0.0,False,False,0.317,Low,24.9,19.3,101.2,0.077,0.179,0.966,Moderate traffic flow - standard adaptive signal timing in effect
EVT409449,2025-11-14 15:06:14,Local Market Day,J020,Malleshwaram Circle,2351,Weekday,False,Clear,False,0.0,False,False,0.272,Low,34.4,16.5,98.0,0.078,0.18,0.977,Moderate traffic flow - standard adaptive signal timing in effect
EVT409450,2025-10-27 15:43:43,Trade Fair,J030,MG Road,11777,Weekday,False,Clear,False,0.0,False,False,0.376,Moderate,25.8,23.0,257.6,0.196,0.452,0.956,Moderate traffic flow - standard adaptive signal timing in effect
EVT409451,2025-08-29 09:59:55,Concert,J040,City Market,18112,Weekday,False,Rain,True,23.3,False,False,1.0,Severe,9.9,77.8,698.9,0.284,0.656,0.851,Heavy rain reducing visibility and grip - reduced speed and longer buffer advised
EVT409452,2026-06-15 19:23:10,Political Rally,J030,MG Road,13752,Weekday,False,Clear,False,0.0,False,False,0.946,Severe,11.8,71.6,494.8,0.226,0.521,0.927,Heavy congestion detected - signal timing extended and reroute suggested
EVT409453,2025-10-06 16:39:13,Local Market Day,J009,Majestic,3494,Weekday,False,Clear,False,0.0,False,False,0.603,High,19.0,45.6,335.9,0.179,0.414,0.96,Moderate traffic flow - standard adaptive signal timing in effect
EVT409454,2026-04-06 13:00:18,Political Rally,J012,Koramangala Sony World,12571,Weekday,False,Clear,False,0.0,False,False,0.266,Low,30.1,16.7,145.8,0.116,0.268,0.95,Moderate traffic flow - standard adaptive signal timing in effect
EVT409455,2025-07-07 04:12:07,Sports Fixture,J030,MG Road,19466,Weekday,False,Rain,True,9.7,False,False,0.387,Moderate,27.1,22.4,285.3,0.189,0.437,0.923,Light rain detected - minor speed reduction advised
EVT409456,2025-12-27 17:21:15,Local Market Day,J031,Cubbon Road,2268,Weekend,False,Light Rain,True,0.9,True,False,1.0,Severe,6.8,70.8,348.8,0.114,0.264,0.712,Accident detected nearby - reroute and reduced speed advised
EVT409457,2025-08-02 12:00:57,Concert,J011,Indiranagar 100ft Road,12250,Weekend,False,Clear,False,0.0,False,False,0.323,Low,35.2,20.6,125.3,0.133,0.308,0.949,Moderate traffic flow - standard adaptive signal timing in effect
EVT409458,2025-11-27 16:38:07,Concert,J031,Cubbon Road,14189,Weekday,False,Clear,False,0.0,False,False,0.608,High,21.0,42.8,115.3,0.064,0.148,0.956,Moderate traffic flow - standard adaptive signal timing in effect
EVT409459,2025-11-20 19:09:42,Trade Fair,J009,Majestic,7501,Weekday,False,Clear,False,0.0,False,False,0.994,Severe,8.7,68.5,801.4,0.271,0.627,0.914,Heavy congestion detected - signal timing extended and reroute suggested
EVT409460,2025-12-23 17:31:02,Sports Fixture,J030,MG Road,22182,Weekday,False,Clear,False,0.0,False,False,1.0,Severe,7.6,66.4,542.2,0.166,0.384,0.926,Heavy congestion detected - signal timing extended and reroute suggested
EVT409461,2025-11-29 18:44:04,Sports Fixture,J023,Basavanagudi,29675,Weekend,False,Rain,True,10.2,False,False,1.0,Severe,6.5,68.2,999.2,0.259,0.599,0.861,Heavy rain reducing visibility and grip - reduced speed and longer buffer advised
EVT409462,2026-03-06 09:30:36,Sports Fixture,J030,MG Road,16974,Weekday,False,Clear,False,0.0,False,False,0.981,Severe,9.4,71.5,325.3,0.117,0.27,0.915,Heavy congestion detected - signal timing extended and reroute suggested
EVT409463,2025-07-14 07:17:58,Sports Fixture,J023,Basavanagudi,42916,Weekday,False,Clear,False,0.0,False,False,0.74,High,16.2,56.5,251.7,0.135,0.311,0.968,Moderate traffic flow - standard adaptive signal timing in effect
EVT409464,2025-02-16 14:06:35,Sports Fixture,J031,Cubbon Road,18295,Weekend,False,Clear,False,0.0,False,False,0.335,Low,30.1,20.7,153.8,0.13,0.301,0.981,Moderate traffic flow - standard adaptive signal timing in effect
EVT409465,2025-06-08 17:55:24,Local Market Day,J012,Koramangala Sony World,3267,Weekend,False,Clear,False,0.0,False,False,0.79,Severe,15.9,67.1,310.8,0.146,0.338,0.961,Heavy congestion detected - signal timing extended and reroute suggested
EVT409466,2026-06-23 07:58:44,Local Market Day,J020,Malleshwaram Circle,2212,Weekday,False,Clear,False,0.0,False,False,0.756,Severe,17.3,51.6,286.1,0.177,0.408,0.973,Heavy congestion detected - signal timing extended and reroute suggested
EVT409467,2025-07-01 17:21:07,Trade Fair,J030,MG Road,8167,Weekday,False,Clear,False,0.0,False,False,0.875,Severe,13.1,62.7,356.9,0.164,0.379,0.929,Heavy congestion detected - signal timing extended and reroute suggested
EVT409468,2025-09-26 20:57:59,Trade Fair,J030,MG Road,7210,Weekday,False,Clear,False,0.0,False,False,0.474,Moderate,27.6,30.3,184.1,0.151,0.35,0.987,Moderate traffic flow - standard adaptive signal timing in effect
EVT409469,2026-01-09 20:37:57,Local Market Day,J031,Cubbon Road,7169,Weekday,False,Clear,False,0.0,False,False,0.579,High,23.8,38.7,171.3,0.129,0.298,0.979,Moderate traffic flow - standard adaptive signal timing in effect
EVT409470,2026-03-13 15:10:16,Concert,J011,Indiranagar 100ft Road,12057,Weekday,False,Clear,False,0.0,False,False,0.384,Moderate,30.7,28.6,217.2,0.183,0.423,0.974,Moderate traffic flow - standard adaptive signal timing in effect
EVT409471,2025-11-16 19:32:22,Concert,J023,Basavanagudi,11026,Weekend,False,Clear,False,0.0,False,False,0.815,Severe,14.2,59.3,471.7,0.243,0.562,0.959,Heavy congestion detected - signal timing extended and reroute suggested
EVT409472,2025-12-15 18:18:00,Sports Fixture,J040,City Market,38946,Weekday,False,Clear,False,0.0,False,False,1.0,Severe,7.8,73.7,282.6,0.112,0.259,0.915,Heavy congestion detected - signal timing extended and reroute suggested
EVT409473,2025-05-06 02:59:14,Local Market Day,J009,Majestic,4040,Weekday,False,Clear,False,0.0,False,False,0.15,Low,33.3,10.3,149.7,0.113,0.262,0.974,Normal free-flow traffic - standard signal timing maintained
EVT409474,2025-03-26 11:02:56,Trade Fair,J020,Malleshwaram Circle,11198,Weekday,False,Clear,False,0.0,False,False,0.418,Moderate,21.4,32.8,299.3,0.183,0.424,0.947,Moderate traffic flow - standard adaptive signal timing in effect
EVT409475,2025-05-10 19:03:23,Trade Fair,J012,Koramangala Sony World,11692,Weekend,False,Clear,False,0.0,False,False,0.881,Severe,15.7,65.8,164.2,0.095,0.22,0.939,Heavy congestion detected - signal timing extended and reroute suggested
EVT409476,2025-11-28 10:49:38,Concert,J023,Basavanagudi,9735,Weekday,False,Light Rain,True,2.2,False,False,0.61,High,23.2,42.1,314.5,0.224,0.517,0.889,Heavy rain reducing visibility and grip - reduced speed and longer buffer advised
EVT409477,2026-05-30 13:57:06,Concert,J040,City Market,10799,Weekend,False,Clear,False,0.0,False,False,0.334,Low,29.6,22.0,88.0,0.083,0.192,0.956,Moderate traffic flow - standard adaptive signal timing in effect
EVT409478,2025-01-30 06:21:08,Sports Fixture,J020,Malleshwaram Circle,25099,Weekday,False,Clear,False,0.0,False,False,0.398,Moderate,25.1,32.0,246.2,0.169,0.389,0.959,Moderate traffic flow - standard adaptive signal timing in effect
EVT409479,2025-10-19 18:07:17,Concert,J020,Malleshwaram Circle,11206,Weekend,False,Clear,False,0.0,False,False,0.866,Severe,12.5,70.6,204.0,0.106,0.244,0.938,Heavy congestion detected - signal timing extended and reroute suggested
EVT409480,2025-10-10 06:44:52,Trade Fair,J030,MG Road,9702,Weekday,False,Rain,True,21.3,False,False,0.596,High,22.3,44.1,96.3,0.073,0.168,0.91,Heavy rain reducing visibility and grip - reduced speed and longer buffer advised
EVT409481,2025-07-21 19:11:22,Sports Fixture,J040,City Market,34916,Weekday,False,Heavy Rain,True,43.1,False,False,1.0,Severe,6.2,61.4,717.8,0.186,0.43,0.871,Heavy rain reducing visibility and grip - reduced speed and longer buffer advised
EVT409482,2025-05-20 08:13:06,Local Market Day,J009,Majestic,2601,Weekday,False,Clear,False,0.0,False,False,0.85,Severe,14.7,61.1,379.9,0.195,0.45,0.936,Heavy congestion detected - signal timing extended and reroute suggested
EVT409483,2025-09-06 23:16:04,Cultural Procession,J040,City Market,14293,Weekend,True,Clear,False,0.0,False,False,0.532,Moderate,25.0,37.8,259.1,0.197,0.456,0.923,Festival crowd surge detected - alternate route and extended cycle recommended
EVT409484,2026-05-21 06:27:16,Trade Fair,J040,City Market,10015,Weekday,False,Light Rain,True,4.5,False,False,0.373,Moderate,30.2,27.1,95.2,0.085,0.197,0.904,Light rain detected - minor speed reduction advised
EVT409485,2025-08-17 07:06:54,Local Market Day,J031,Cubbon Road,4599,Weekend,False,Clear,False,0.0,False,False,0.443,Moderate,23.3,30.8,136.3,0.098,0.227,0.965,Moderate traffic flow - standard adaptive signal timing in effect
EVT409486,2025-11-23 11:45:54,Local Market Day,J009,Majestic,5008,Weekend,False,Clear,False,0.0,False,False,0.352,Moderate,28.7,25.4,267.0,0.216,0.498,0.943,Moderate traffic flow - standard adaptive signal timing in effect
EVT409487,2025-07-04 10:59:31,Political Rally,J012,Koramangala Sony World,9971,Weekday,False,Fog,False,0.0,False,False,0.482,Moderate,22.7,31.2,243.9,0.147,0.34,0.972,Moderate traffic flow - standard adaptive signal timing in effect
EVT409488,2025-07-28 17:22:45,Sports Fixture,J012,Koramangala Sony World,26710,Weekday,False,Heavy Rain,True,29.8,False,False,1.0,Severe,7.5,69.7,688.2,0.212,0.489,0.876,Heavy rain reducing visibility and grip - reduced speed and longer buffer advised
EVT409489,2026-05-01 09:56:29,Religious Festival,J030,MG Road,20187,Weekday,True,Clear,False,0.0,False,False,1.0,Severe,10.6,73.5,574.0,0.249,0.576,0.858,Festival crowd surge detected - alternate route and extended cycle recommended
EVT409490,2026-05-06 18:27:24,Local Market Day,J009,Majestic,3253,Weekday,False,Clear,False,0.0,False,False,1.0,Severe,10.3,76.3,702.1,0.293,0.676,0.902,Heavy congestion detected - signal timing extended and reroute suggested
EVT409491,2025-06-22 10:05:23,Sports Fixture,J031,Cubbon Road,24783,Weekend,False,Clear,False,0.0,False,False,0.869,Severe,13.0,64.4,470.9,0.233,0.537,0.948,Heavy congestion detected - signal timing extended and reroute suggested
EVT409492,2025-01-15 16:40:42,Cultural Procession,J020,Malleshwaram Circle,42528,Weekday,True,Clear,False,0.0,False,False,1.0,Severe,9.6,74.3,319.3,0.123,0.284,0.871,Festival crowd surge detected - alternate route and extended cycle recommended
EVT409493,2025-07-03 11:00:10,Concert,J030,MG Road,11400,Weekday,False,Clear,False,0.0,False,False,0.431,Moderate,21.5,34.5,190.8,0.11,0.255,0.955,Moderate traffic flow - standard adaptive signal timing in effect
EVT409494,2025-02-01 06:13:57,Political Rally,J023,Basavanagudi,17130,Weekend,False,Clear,False,0.0,False,False,0.39,Moderate,33.4,33.8,161.1,0.146,0.336,0.981,Moderate traffic flow - standard adaptive signal timing in effect
EVT409495,2025-11-21 20:18:58,Trade Fair,J009,Majestic,9986,Weekday,False,Clear,False,0.0,False,False,0.648,High,24.7,45.2,218.8,0.161,0.373,0.976,Moderate traffic flow - standard adaptive signal timing in effect
EVT409496,2025-07-08 11:04:12,Concert,J012,Koramangala Sony World,10040,Weekday,False,Rain,True,24.4,False,False,0.699,High,16.7,53.6,405.2,0.219,0.505,0.904,Heavy rain reducing visibility and grip - reduced speed and longer buffer advised
EVT409497,2025-11-14 21:40:59,Political Rally,J031,Cubbon Road,20437,Weekday,False,Clear,False,0.0,False,False,0.336,Low,30.2,25.0,106.9,0.099,0.23,0.978,Moderate traffic flow - standard adaptive signal timing in effect
EVT409498,2025-06-28 10:44:23,Trade Fair,J011,Indiranagar 100ft Road,12444,Weekend,False,Rain,True,14.4,False,False,0.713,High,21.4,52.3,213.0,0.147,0.34,0.936,Heavy rain reducing visibility and grip - reduced speed and longer buffer advised
EVT409499,2025-08-08 10:26:15,Political Rally,J040,City Market,18897,Weekday,False,Heavy Rain,True,68.0,False,False,1.0,Severe,8.4,65.7,368.7,0.133,0.308,0.851,Heavy rain reducing visibility and grip - reduced speed and longer buffer advised
EVT409500,2026-04-27 13:12:18,Political Rally,J023,Basavanagudi,18440,Weekday,False,Clear,False,0.0,False,False,0.31,Low,27.2,25.3,198.9,0.155,0.357,0.987,Moderate traffic flow - standard adaptive signal timing in effect
EVT409501,2025-05-19 18:54:37,Sports Fixture,J031,Cubbon Road,30608,Weekday,False,Clear,False,0.0,False,False,1.0,Severe,6.7,70.1,1143.8,0.306,0.708,0.936,Heavy congestion detected - signal timing extended and reroute suggested
EVT409502,2025-02-25 17:53:09,Political Rally,J012,Koramangala Sony World,13257,Weekday,False,Clear,False,0.0,False,False,0.979,Severe,8.2,67.0,572.5,0.184,0.424,0.917,Heavy congestion detected - signal timing extended and reroute suggested
EVT409503,2025-02-24 18:47:07,Sports Fixture,J040,City Market,28002,Weekday,False,Clear,False,0.0,False,False,1.0,Severe,6.0,73.0,906.3,0.223,0.514,0.923,Heavy congestion detected - signal timing extended and reroute suggested
EVT409504,2025-12-18 08:34:29,Sports Fixture,J040,City Market,21499,Weekday,False,Clear,False,0.0,False,False,1.0,Severe,9.8,76.3,590.3,0.254,0.587,0.931,Heavy congestion detected - signal timing extended and reroute suggested
EVT409505,2025-02-05 00:07:52,Sports Fixture,J009,Majestic,16630,Weekday,False,Fog,False,0.0,False,False,0.259,Low,30.7,14.4,154.7,0.119,0.275,0.965,Moderate traffic flow - standard adaptive signal timing in effect
EVT409506,2026-04-27 22:29:58,Sports Fixture,J040,City Market,20105,Weekday,False,Clear,False,0.0,True,False,0.688,High,20.4,43.1,275.8,0.177,0.408,0.79,Accident detected nearby - reroute and reduced speed advised
EVT409507,2026-01-17 17:47:00,Sports Fixture,J012,Koramangala Sony World,15555,Weekend,False,Clear,False,0.0,False,False,0.855,Severe,11.8,58.9,212.5,0.119,0.275,0.955,Heavy congestion detected - signal timing extended and reroute suggested
EVT409508,2026-05-18 17:55:32,Local Market Day,J020,Malleshwaram Circle,2736,Weekday,False,Clear,False,0.0,False,False,0.948,Severe,11.7,67.7,651.7,0.289,0.667,0.909,Heavy congestion detected - signal timing extended and reroute suggested
EVT409509,2025-11-10 18:27:57,Trade Fair,J030,MG Road,11219,Weekday,False,Clear,False,0.0,False,False,0.994,Severe,7.2,66.5,877.8,0.247,0.57,0.92,Heavy congestion detected - signal timing extended and reroute suggested
EVT409510,2025-09-24 04:53:20,Trade Fair,J031,Cubbon Road,5317,Weekday,False,Rain,True,17.0,False,False,0.314,Low,33.7,22.2,177.6,0.154,0.355,0.916,Light rain detected - minor speed reduction advised
EVT409511,2025-10-17 17:34:51,Local Market Day,J030,MG Road,2479,Weekday,False,Light Rain,True,6.5,False,False,0.943,Severe,9.5,68.2,425.5,0.159,0.366,0.844,Heavy rain reducing visibility and grip - reduced speed and longer buffer advised
EVT409512,2026-06-16 20:50:57,Concert,J020,Malleshwaram Circle,13177,Weekday,False,Clear,False,0.0,False,False,0.527,Moderate,32.2,36.8,153.0,0.122,0.283,0.963,Moderate traffic flow - standard adaptive signal timing in effect
EVT409513,2026-01-04 22:42:21,Political Rally,J040,City Market,22713,Weekend,False,Clear,False,0.0,False,False,0.323,Low,24.0,19.8,137.8,0.104,0.241,0.96,Moderate traffic flow - standard adaptive signal timing in effect
EVT409514,2025-02-27 09:40:27,Local Market Day,J009,Majestic,6329,Weekday,False,Clear,False,0.0,False,False,0.929,Severe,10.0,69.9,482.6,0.173,0.4,0.925,Heavy congestion detected - signal timing extended and reroute suggested
EVT409515,2025-08-28 12:57:00,Religious Festival,J023,Basavanagudi,49025,Weekday,True,Clear,False,0.0,False,True,0.874,High,11.7,85.9,256.7,0.1,0.232,0.876,Road closure for event/procession - full detour recommended for through-traffic
EVT409516,2025-10-02 18:08:30,Cultural Procession,J023,Basavanagudi,16675,Weekday,True,Clear,False,0.0,False,True,1.0,Severe,8.9,102.6,541.7,0.195,0.45,0.823,Road closure for event/procession - full detour recommended for through-traffic
EVT409517,2026-03-26 15:03:39,Religious Festival,J030,MG Road,33589,Weekday,True,Clear,False,0.0,False,True,0.733,High,19.1,71.0,139.7,0.063,0.146,0.875,Road closure for event/procession - full detour recommended for through-traffic
EVT409518,2025-03-11 16:44:51,Local Market Day,J031,Cubbon Road,4751,Weekday,False,Clear,False,0.0,False,False,0.7,High,19.7,46.5,245.7,0.146,0.338,0.972,Moderate traffic flow - standard adaptive signal timing in effect
EVT409519,2025-04-08 08:37:21,Local Market Day,J012,Koramangala Sony World,4248,Weekday,False,Clear,False,0.0,False,False,1.0,Severe,7.2,64.5,750.5,0.201,0.465,0.901,Heavy congestion detected - signal timing extended and reroute suggested
EVT409520,2026-06-27 18:08:19,Trade Fair,J031,Cubbon Road,6082,Weekend,False,Clear,False,0.0,False,False,0.864,Severe,13.4,54.6,301.0,0.152,0.351,0.957,Heavy congestion detected - signal timing extended and reroute suggested
EVT409521,2026-02-12 17:44:52,Local Market Day,J020,Malleshwaram Circle,3352,Weekday,False,Clear,False,0.0,False,False,0.938,Severe,9.2,68.9,489.5,0.189,0.438,0.939,Heavy congestion detected - signal timing extended and reroute suggested
EVT409522,2025-10-30 13:30:52,Local Market Day,J012,Koramangala Sony World,5652,Weekday,False,Clear,False,0.0,False,False,0.179,Low,30.0,16.5,128.2,0.101,0.233,0.951,Normal free-flow traffic - standard signal timing maintained
EVT409523,2026-05-04 17:27:41,Sports Fixture,J009,Majestic,26473,Weekday,False,Clear,False,0.0,False,False,1.0,Severe,8.8,74.9,890.7,0.298,0.688,0.924,Heavy congestion detected - signal timing extended and reroute suggested
EVT409524,2025-09-06 00:16:07,Fireworks Display,J012,Koramangala Sony World,29948,Weekend,True,Clear,False,0.0,False,False,0.566,High,22.9,37.0,228.9,0.169,0.391,0.92,Festival crowd surge detected - alternate route and extended cycle recommended
EVT409525,2025-04-23 18:04:31,Sports Fixture,J011,Indiranagar 100ft Road,25947,Weekday,False,Light Rain,True,4.5,False,False,1.0,Severe,8.4,73.8,751.2,0.268,0.619,0.879,Heavy rain reducing visibility and grip - reduced speed and longer buffer advised
EVT409526,2025-08-20 07:25:34,Sports Fixture,J009,Majestic,20119,Weekday,False,Clear,False,0.0,False,False,0.711,High,21.9,43.1,152.0,0.08,0.185,0.959,Moderate traffic flow - standard adaptive signal timing in effect
EVT409527,2026-02-24 09:00:50,Local Market Day,J023,Basavanagudi,4555,Weekday,False,Clear,False,0.0,False,False,1.0,Severe,8.1,73.1,609.3,0.223,0.514,0.92,Heavy congestion detected - signal timing extended and reroute suggested
EVT409528,2025-07-25 07:38:52,Concert,J023,Basavanagudi,12225,Weekday,False,Rain,True,22.3,False,False,0.954,Severe,11.5,73.2,478.8,0.223,0.516,0.85,Heavy rain reducing visibility and grip - reduced speed and longer buffer advised
EVT409529,2026-03-07 15:53:13,Concert,J040,City Market,14993,Weekend,False,Clear,False,0.0,False,False,0.507,Moderate,26.6,36.6,211.2,0.15,0.347,0.957,Moderate traffic flow - standard adaptive signal timing in effect
EVT409530,2025-01-24 20:17:51,Political Rally,J020,Malleshwaram Circle,15344,Weekday,False,Clear,False,0.0,False,False,0.686,High,18.9,56.8,165.1,0.113,0.262,0.987,Moderate traffic flow - standard adaptive signal timing in effect
EVT409531,2025-05-14 17:53:19,Political Rally,J040,City Market,15972,Weekday,False,Clear,False,0.0,False,False,1.0,Severe,8.6,71.4,757.1,0.267,0.616,0.913,Heavy congestion detected - signal timing extended and reroute suggested
EVT409532,2026-04-25 08:42:25,Trade Fair,J031,Cubbon Road,17113,Weekend,False,Clear,False,0.0,False,False,0.861,Severe,16.7,66.6,173.2,0.097,0.223,0.947,Heavy congestion detected - signal timing extended and reroute suggested
EVT409533,2025-08-23 04:20:40,Local Market Day,J011,Indiranagar 100ft Road,4636,Weekend,False,Rain,True,18.1,False,False,0.457,Moderate,28.3,24.4,155.2,0.139,0.321,0.944,Light rain detected - minor speed reduction advised
EVT409534,2025-03-17 18:52:51,Sports Fixture,J040,City Market,25439,Weekday,False,Clear,False,0.0,False,False,1.0,Severe,7.1,63.8,610.3,0.19,0.439,0.925,Heavy congestion detected - signal timing extended and reroute suggested
EVT409535,2025-11-08 11:54:57,Sports Fixture,J011,Indiranagar 100ft Road,16415,Weekend,False,Clear,False,0.0,False,False,0.369,Moderate,28.3,30.1,206.7,0.183,0.424,0.976,Moderate traffic flow - standard adaptive signal timing in effect
EVT409536,2025-06-11 19:20:24,Concert,J030,MG Road,22560,Weekday,False,Clear,False,0.0,False,False,1.0,Severe,10.3,71.9,326.7,0.113,0.261,0.907,Heavy congestion detected - signal timing extended and reroute suggested
EVT409537,2025-05-08 11:14:24,Concert,J020,Malleshwaram Circle,9540,Weekday,False,Rain,True,8.9,False,False,0.568,High,19.7,43.9,228.2,0.137,0.315,0.92,Heavy rain reducing visibility and grip - reduced speed and longer buffer advised
EVT409538,2026-01-05 18:18:07,Sports Fixture,J009,Majestic,27503,Weekday,False,Clear,False,0.0,False,False,1.0,Severe,8.1,72.7,669.6,0.218,0.504,0.907,Heavy congestion detected - signal timing extended and reroute suggested
EVT409539,2025-04-21 07:20:26,Local Market Day,J031,Cubbon Road,3145,Weekday,False,Clear,False,0.0,False,False,0.621,High,16.7,42.9,271.6,0.155,0.357,0.954,Moderate traffic flow - standard adaptive signal timing in effect
EVT409540,2025-05-06 19:21:50,Trade Fair,J030,MG Road,9169,Weekday,False,Clear,False,0.0,False,False,0.895,Severe,12.6,66.5,282.8,0.135,0.312,0.91,Heavy congestion detected - signal timing extended and reroute suggested
EVT409541,2025-09-30 17:54:39,Local Market Day,J031,Cubbon Road,5127,Weekday,False,Clear,False,0.0,False,False,0.952,Severe,9.7,64.0,554.0,0.198,0.458,0.918,Heavy congestion detected - signal timing extended and reroute suggested
EVT409542,2025-08-25 09:16:03,Sports Fixture,J020,Malleshwaram Circle,25502,Weekday,False,Heavy Rain,True,77.0,False,False,1.0,Severe,8.1,69.8,463.7,0.147,0.339,0.884,Heavy rain reducing visibility and grip - reduced speed and longer buffer advised
EVT409543,2025-11-26 12:53:16,Sports Fixture,J009,Majestic,26255,Weekday,False,Clear,False,0.0,False,False,0.352,Moderate,19.1,23.3,300.9,0.175,0.405,0.952,Moderate traffic flow - standard adaptive signal timing in effect
EVT409544,2025-12-06 07:30:51,Sports Fixture,J011,Indiranagar 100ft Road,15157,Weekend,False,Clear,False,0.0,False,False,0.588,High,22.9,45.3,197.8,0.126,0.291,0.952,Moderate traffic flow - standard adaptive signal timing in effect
EVT409545,2026-01-30 08:19:41,Trade Fair,J009,Majestic,16936,Weekday,False,Clear,False,0.0,False,False,1.0,Severe,9.3,66.0,781.9,0.273,0.631,0.91,Heavy congestion detected - signal timing extended and reroute suggested
EVT409546,2025-09-28 07:25:26,Trade Fair,J020,Malleshwaram Circle,10625,Weekend,False,Clear,False,0.0,False,False,0.597,High,15.1,37.7,434.1,0.233,0.537,0.971,Moderate traffic flow - standard adaptive signal timing in effect
EVT409547,2025-01-17 04:26:02,Local Market Day,J012,Koramangala Sony World,5457,Weekday,False,Clear,False,0.0,False,False,0.162,Low,24.0,7.7,129.8,0.07,0.161,0.985,Normal free-flow traffic - standard signal timing maintained
EVT409548,2025-01-20 13:20:22,Local Market Day,J031,Cubbon Road,2518,Weekday,False,Clear,False,0.0,False,False,0.143,Low,39.5,9.2,93.6,0.085,0.196,0.973,Normal free-flow traffic - standard signal timing maintained
EVT409549,2026-01-31 18:26:58,Trade Fair,J012,Koramangala Sony World,9888,Weekend,False,Clear,False,0.0,False,False,0.91,Severe,10.7,69.5,312.7,0.124,0.285,0.914,Heavy congestion detected - signal timing extended and reroute suggested
EVT409550,2025-11-29 17:32:17,Concert,J011,Indiranagar 100ft Road,12132,Weekend,False,Clear,False,0.0,False,False,0.835,Severe,11.4,64.7,530.7,0.214,0.495,0.962,Heavy congestion detected - signal timing extended and reroute suggested
EVT409551,2025-11-17 17:53:49,Political Rally,J020,Malleshwaram Circle,21265,Weekday,False,Clear,False,0.0,False,False,1.0,Severe,6.2,73.1,783.3,0.238,0.55,0.93,Heavy congestion detected - signal timing extended and reroute suggested
EVT409552,2025-04-30 14:09:48,Local Market Day,J031,Cubbon Road,1846,Weekday,False,Clear,False,0.0,False,False,0.218,Low,34.8,18.4,101.5,0.09,0.208,0.961,Normal free-flow traffic - standard signal timing maintained
EVT409553,2025-05-04 07:35:25,Political Rally,J012,Koramangala Sony World,14024,Weekend,False,Clear,False,0.0,False,False,0.652,High,23.2,49.0,260.4,0.171,0.396,0.952,Moderate traffic flow - standard adaptive signal timing in effect
EVT409554,2025-06-20 19:22:51,Sports Fixture,J031,Cubbon Road,20548,Weekday,False,Clear,False,0.0,False,False,0.991,Severe,8.2,71.6,700.1,0.239,0.553,0.931,Heavy congestion detected - signal timing extended and reroute suggested
EVT409555,2025-08-07 08:41:06,Sports Fixture,J011,Indiranagar 100ft Road,37319,Weekday,False,Heavy Rain,True,45.9,False,False,1.0,Severe,7.5,64.0,335.0,0.101,0.233,0.862,Heavy rain reducing visibility and grip - reduced speed and longer buffer advised
EVT409556,2026-05-13 07:29:23,Political Rally,J012,Koramangala Sony World,19320,Weekday,False,Clear,False,0.0,False,False,0.713,High,20.9,52.7,148.7,0.087,0.201,0.988,Moderate traffic flow - standard adaptive signal timing in effect
EVT409557,2025-01-29 16:18:09,Concert,J023,Basavanagudi,9561,Weekday,False,Clear,False,0.0,False,False,0.522,Moderate,21.3,34.8,239.2,0.165,0.381,0.947,Moderate traffic flow - standard adaptive signal timing in effect
EVT409558,2026-06-26 17:01:39,Concert,J011,Indiranagar 100ft Road,10248,Weekday,False,Clear,False,0.0,False,False,0.803,Severe,13.8,53.1,256.0,0.135,0.313,0.975,Heavy congestion detected - signal timing extended and reroute suggested
EVT409559,2026-01-16 21:36:10,Political Rally,J020,Malleshwaram Circle,12905,Weekday,False,Clear,False,0.0,False,False,0.369,Moderate,31.5,23.3,196.3,0.181,0.417,0.983,Moderate traffic flow - standard adaptive signal timing in effect
EVT409560,2025-02-10 16:58:13,Local Market Day,J023,Basavanagudi,4611,Weekday,False,Clear,False,0.0,False,False,0.737,High,22.1,48.9,195.9,0.127,0.292,0.99,Moderate traffic flow - standard adaptive signal timing in effect
EVT409561,2025-01-03 16:11:48,Sports Fixture,J031,Cubbon Road,20531,Weekday,False,Clear,False,0.0,False,False,0.628,High,19.2,46.3,357.1,0.212,0.489,0.98,Moderate traffic flow - standard adaptive signal timing in effect
EVT409562,2026-01-28 13:42:33,Trade Fair,J020,Malleshwaram Circle,4593,Weekday,False,Clear,False,0.0,False,False,0.259,Low,36.7,20.1,142.4,0.121,0.28,0.977,Moderate traffic flow - standard adaptive signal timing in effect
EVT409563,2026-06-16 09:04:59,Concert,J012,Koramangala Sony World,13606,Weekday,False,Clear,False,0.0,False,False,1.0,Severe,8.0,71.2,1015.2,0.318,0.734,0.92,Heavy congestion detected - signal timing extended and reroute suggested
EVT409564,2025-07-12 09:46:38,Local Market Day,J009,Majestic,3325,Weekend,False,Heavy Rain,True,28.4,False,False,1.0,Severe,9.2,70.9,478.6,0.171,0.396,0.861,Heavy rain reducing visibility and grip - reduced speed and longer buffer advised
EVT409565,2025-11-10 13:15:31,Concert,J023,Basavanagudi,26660,Weekday,False,Clear,False,0.0,False,False,0.34,Low,24.8,26.9,240.9,0.17,0.394,0.962,Moderate traffic flow - standard adaptive signal timing in effect
EVT409566,2026-06-07 18:45:46,Trade Fair,J030,MG Road,16160,Weekend,False,Heavy Rain,True,80.0,False,False,1.0,Severe,8.7,71.7,234.5,0.083,0.192,0.883,Heavy rain reducing visibility and grip - reduced speed and longer buffer advised
EVT409567,2025-07-26 08:29:07,Trade Fair,J011,Indiranagar 100ft Road,11353,Weekend,False,Rain,True,7.8,False,False,1.0,Severe,9.3,73.9,657.9,0.243,0.56,0.86,Heavy rain reducing visibility and grip - reduced speed and longer buffer advised
EVT409568,2026-01-26 09:48:13,Religious Festival,J040,City Market,82729,Weekday,True,Clear,False,0.0,False,True,1.0,Severe,8.1,92.7,699.5,0.244,0.564,0.832,Road closure for event/procession - full detour recommended for through-traffic
EVT409569,2026-04-27 17:30:03,Sports Fixture,J009,Majestic,17846,Weekday,False,Clear,False,0.0,False,False,0.931,Severe,11.9,66.8,423.9,0.201,0.464,0.92,Heavy congestion detected - signal timing extended and reroute suggested
EVT409570,2025-03-12 12:57:31,Sports Fixture,J040,City Market,19652,Weekday,False,Clear,False,0.0,False,False,0.223,Low,28.7,16.3,114.4,0.102,0.236,0.962,Normal free-flow traffic - standard signal timing maintained
EVT409571,2026-04-14 05:36:56,Cultural Procession,J012,Koramangala Sony World,23801,Weekday,True,Clear,False,0.0,False,True,0.73,High,18.6,75.6,332.5,0.215,0.497,0.868,Road closure for event/procession - full detour recommended for through-traffic
EVT409572,2025-10-11 20:19:57,Trade Fair,J012,Koramangala Sony World,17908,Weekend,False,Rain,True,17.0,False,False,0.832,Severe,14.1,62.4,379.0,0.193,0.445,0.891,Heavy rain reducing visibility and grip - reduced speed and longer buffer advised
EVT409573,2026-02-08 21:38:53,Political Rally,J009,Majestic,13123,Weekend,False,Fog,False,0.0,False,False,0.382,Moderate,25.1,29.4,189.2,0.144,0.332,0.969,Moderate traffic flow - standard adaptive signal timing in effect
EVT409574,2025-06-02 09:09:30,Sports Fixture,J009,Majestic,33453,Weekday,False,Heavy Rain,True,27.8,False,False,1.0,Severe,7.6,70.2,423.9,0.147,0.339,0.857,Heavy rain reducing visibility and grip - reduced speed and longer buffer advised
EVT409575,2025-12-25 06:55:07,Religious Festival,J023,Basavanagudi,41713,Weekday,True,Clear,False,0.0,False,True,1.0,Severe,8.6,98.8,797.7,0.285,0.658,0.841,Road closure for event/procession - full detour recommended for through-traffic
EVT409576,2025-05-28 23:25:52,Local Market Day,J012,Koramangala Sony World,2702,Weekday,False,Clear,False,0.0,False,False,0.136,Low,36.3,14.4,163.2,0.128,0.296,0.973,Normal free-flow traffic - standard signal timing maintained
EVT409577,2025-08-03 10:54:22,Concert,J009,Majestic,17122,Weekend,False,Light Rain,True,5.3,False,False,0.656,High,19.0,52.6,309.0,0.195,0.45,0.916,Heavy rain reducing visibility and grip - reduced speed and longer buffer advised
EVT409578,2025-07-26 21:00:02,Concert,J040,City Market,7558,Weekend,False,Heavy Rain,True,37.9,False,False,0.882,Severe,13.6,63.4,271.7,0.145,0.334,0.868,Heavy rain reducing visibility and grip - reduced speed and longer buffer advised
EVT409579,2025-12-11 18:40:01,Local Market Day,J040,City Market,3417,Weekday,False,Clear,False,0.0,False,False,1.0,Severe,9.2,72.8,312.1,0.108,0.25,0.902,Heavy congestion detected - signal timing extended and reroute suggested
EVT409580,2026-01-29 14:14:24,Local Market Day,J031,Cubbon Road,2075,Weekday,False,Clear,False,0.0,False,False,0.145,Low,29.3,9.7,188.2,0.133,0.307,0.937,Normal free-flow traffic - standard signal timing maintained
EVT409581,2026-05-21 16:50:12,Political Rally,J009,Majestic,20400,Weekday,False,Clear,False,0.0,False,False,0.787,Severe,15.8,56.3,217.1,0.136,0.315,0.98,Heavy congestion detected - signal timing extended and reroute suggested
EVT409582,2025-03-01 14:33:23,Sports Fixture,J020,Malleshwaram Circle,13255,Weekend,False,Clear,False,0.0,False,False,0.392,Moderate,33.3,25.4,124.2,0.11,0.254,0.961,Moderate traffic flow - standard adaptive signal timing in effect
EVT409583,2026-02-06 05:22:30,Concert,J020,Malleshwaram Circle,14345,Weekday,False,Clear,False,0.0,False,False,0.255,Low,31.8,22.7,209.2,0.156,0.359,0.965,Moderate traffic flow - standard adaptive signal timing in effect
EVT409584,2025-05-12 20:51:19,Local Market Day,J030,MG Road,3585,Weekday,False,Clear,False,0.0,False,False,0.482,Moderate,20.8,32.6,238.6,0.147,0.339,0.946,Moderate traffic flow - standard adaptive signal timing in effect
EVT409585,2026-03-18 16:12:44,Concert,J009,Majestic,9916,Weekday,False,Clear,False,0.0,False,False,0.49,Moderate,19.8,38.6,312.9,0.178,0.411,0.962,Moderate traffic flow - standard adaptive signal timing in effect
EVT409586,2026-04-07 15:15:04,Local Market Day,J031,Cubbon Road,7331,Weekday,False,Clear,False,0.0,False,False,0.293,Low,27.4,24.8,114.9,0.084,0.195,0.976,Moderate traffic flow - standard adaptive signal timing in effect
EVT409587,2026-01-05 09:20:45,Concert,J040,City Market,15125,Weekday,False,Clear,False,0.0,False,False,0.944,Severe,8.8,68.2,674.1,0.23,0.532,0.915,Heavy congestion detected - signal timing extended and reroute suggested
EVT409588,2025-05-30 18:34:56,Concert,J040,City Market,15038,Weekday,False,Clear,False,0.0,False,False,1.0,Severe,8.4,69.9,620.6,0.218,0.504,0.915,Heavy congestion detected - signal timing extended and reroute suggested
EVT409589,2025-07-21 18:50:03,Sports Fixture,J040,City Market,19279,Weekday,False,Rain,True,19.7,False,False,1.0,Severe,7.3,68.3,593.5,0.186,0.43,0.858,Heavy rain reducing visibility and grip - reduced speed and longer buffer advised
EVT409590,2025-02-05 18:59:45,Sports Fixture,J031,Cubbon Road,19818,Weekday,False,Rain,True,14.0,False,False,1.0,Severe,7.7,72.9,857.9,0.275,0.635,0.903,Heavy rain reducing visibility and grip - reduced speed and longer buffer advised
EVT409591,2025-02-03 10:14:39,Political Rally,J030,MG Road,11961,Weekday,False,Clear,False,0.0,False,False,0.759,Severe,17.7,53.2,325.3,0.202,0.467,0.989,Heavy congestion detected - signal timing extended and reroute suggested
EVT409592,2025-09-02 09:48:43,Political Rally,J011,Indiranagar 100ft Road,16448,Weekday,False,Clear,False,0.0,False,False,0.932,Severe,10.9,66.7,501.9,0.221,0.511,0.953,Heavy congestion detected - signal timing extended and reroute suggested
EVT409593,2026-06-04 08:04:37,Local Market Day,J020,Malleshwaram Circle,3130,Weekday,False,Clear,False,0.0,False,False,0.859,Severe,12.5,67.8,289.4,0.138,0.319,0.942,Heavy congestion detected - signal timing extended and reroute suggested
EVT409594,2025-06-24 21:02:32,Local Market Day,J011,Indiranagar 100ft Road,11709,Weekday,False,Rain,True,8.4,False,False,0.587,High,19.1,47.4,115.4,0.057,0.131,0.897,Heavy rain reducing visibility and grip - reduced speed and longer buffer advised
EVT409595,2026-03-05 14:18:21,Religious Festival,J012,Koramangala Sony World,29836,Weekday,True,Fog,False,0.0,False,False,0.586,High,14.9,38.5,177.5,0.083,0.192,0.903,Festival crowd surge detected - alternate route and extended cycle recommended
EVT409596,2025-02-26 11:13:09,Trade Fair,J009,Majestic,4873,Weekday,False,Clear,False,0.0,False,False,0.379,Moderate,23.8,28.6,235.0,0.15,0.346,0.962,Moderate traffic flow - standard adaptive signal timing in effect
EVT409597,2025-03-18 18:34:51,Local Market Day,J030,MG Road,2780,Weekday,False,Clear,False,0.0,False,False,1.0,Severe,7.6,72.8,570.7,0.204,0.471,0.878,Heavy congestion detected - signal timing extended and reroute suggested
EVT409598,2025-05-08 13:51:46,Concert,J040,City Market,19804,Weekday,False,Rain,True,14.8,False,False,0.473,Moderate,25.4,40.4,117.9,0.096,0.221,0.931,Light rain detected - minor speed reduction advised
EVT409599,2025-12-26 20:37:06,Religious Festival,J020,Malleshwaram Circle,64719,Weekday,True,Clear,False,0.0,False,False,1.0,Severe,6.6,79.6,368.9,0.126,0.29,0.854,Festival crowd surge detected - alternate route and extended cycle recommended
EVT409600,2026-01-12 02:08:20,Local Market Day,J023,Basavanagudi,5143,Weekday,False,Clear,False,0.0,False,False,0.216,Low,28.5,18.1,73.0,0.041,0.094,0.974,Normal free-flow traffic - standard signal timing maintained
EVT409601,2025-10-15 19:50:12,Sports Fixture,J009,Majestic,14568,Weekday,False,Clear,False,0.0,False,False,0.88,Severe,10.8,65.3,303.1,0.11,0.254,0.961,Heavy congestion detected - signal timing extended and reroute suggested
EVT409602,2026-01-01 22:35:26,Religious Festival,J031,Cubbon Road,47161,Weekday,True,Clear,False,0.0,False,True,0.889,High,12.0,87.2,447.9,0.214,0.494,0.84,Road closure for event/procession - full detour recommended for through-traffic
EVT409603,2025-08-06 12:07:19,Concert,J011,Indiranagar 100ft Road,8698,Weekday,False,Clear,False,0.0,False,False,0.198,Low,30.1,11.7,161.9,0.111,0.257,0.95,Normal free-flow traffic - standard signal timing maintained
EVT409604,2025-08-05 09:20:23,Trade Fair,J030,MG Road,11175,Weekday,False,Clear,False,0.0,False,False,1.0,Severe,8.1,64.5,825.2,0.259,0.599,0.914,Heavy congestion detected - signal timing extended and reroute suggested
EVT409605,2025-10-06 16:14:23,Trade Fair,J023,Basavanagudi,10862,Weekday,False,Clear,False,0.0,False,False,0.597,High,24.3,49.8,275.8,0.188,0.433,0.958,Moderate traffic flow - standard adaptive signal timing in effect
EVT409606,2025-01-07 14:09:59,Sports Fixture,J040,City Market,22531,Weekday,False,Clear,False,0.0,False,False,0.32,Low,23.9,22.5,162.8,0.11,0.255,0.968,Moderate traffic flow - standard adaptive signal timing in effect
EVT409607,2026-01-22 15:25:59,Local Market Day,J030,MG Road,2333,Weekday,False,Clear,False,0.0,False,False,0.353,Moderate,34.2,20.5,125.8,0.113,0.26,0.959,Moderate traffic flow - standard adaptive signal timing in effect
EVT409608,2026-04-29 17:54:47,Trade Fair,J020,Malleshwaram Circle,12844,Weekday,False,Clear,False,0.0,False,False,1.0,Severe,8.2,73.3,828.8,0.256,0.592,0.899,Heavy congestion detected - signal timing extended and reroute suggested
EVT409609,2025-05-22 09:22:50,Political Rally,J009,Majestic,12508,Weekday,False,Clear,False,0.0,False,False,1.0,Severe,10.8,67.6,440.2,0.185,0.427,0.933,Heavy congestion detected - signal timing extended and reroute suggested
EVT409610,2026-02-11 13:08:17,Sports Fixture,J031,Cubbon Road,16339,Weekday,False,Clear,False,0.0,False,False,0.302,Low,29.6,26.9,244.8,0.202,0.467,0.971,Moderate traffic flow - standard adaptive signal timing in effect
EVT409611,2025-04-30 17:34:49,Local Market Day,J020,Malleshwaram Circle,6644,Weekday,False,Clear,False,0.0,False,False,1.0,Severe,8.3,66.4,327.4,0.125,0.288,0.89,Heavy congestion detected - signal timing extended and reroute suggested
EVT409612,2025-10-05 18:23:32,Concert,J012,Koramangala Sony World,9437,Weekend,False,Clear,False,0.0,False,False,0.881,Severe,9.4,70.6,485.0,0.18,0.417,0.933,Heavy congestion detected - signal timing extended and reroute suggested
EVT409613,2025-10-11 19:47:54,Concert,J020,Malleshwaram Circle,19613,Weekend,False,Clear,False,0.0,False,False,0.813,Severe,14.4,52.1,272.0,0.142,0.327,0.968,Heavy congestion detected - signal timing extended and reroute suggested
EVT409614,2026-03-22 08:58:09,Local Market Day,J030,MG Road,5139,Weekend,False,Clear,False,0.0,False,False,0.867,Severe,10.8,63.9,548.8,0.218,0.505,0.94,Heavy congestion detected - signal timing extended and reroute suggested
EVT409615,2026-03-10 18:01:06,Local Market Day,J011,Indiranagar 100ft Road,4379,Weekday,False,Clear,False,0.0,False,False,0.955,Severe,10.0,67.3,256.5,0.109,0.251,0.936,Heavy congestion detected - signal timing extended and reroute suggested
EVT409616,2025-11-16 09:43:20,Local Market Day,J023,Basavanagudi,4808,Weekend,False,Clear,False,0.0,False,False,0.801,Severe,17.2,59.2,241.7,0.135,0.312,0.964,Heavy congestion detected - signal timing extended and reroute suggested
EVT409617,2025-02-28 17:15:58,Trade Fair,J009,Majestic,6749,Weekday,False,Light Rain,True,2.9,False,False,0.922,Severe,11.2,64.9,413.6,0.191,0.441,0.882,Heavy rain reducing visibility and grip - reduced speed and longer buffer advised
EVT409618,2026-02-01 09:54:14,Sports Fixture,J023,Basavanagudi,24662,Weekend,False,Clear,False,0.0,False,False,0.919,Severe,12.8,69.7,403.8,0.187,0.432,0.945,Heavy congestion detected - signal timing extended and reroute suggested
EVT409619,2026-06-03 05:58:38,Trade Fair,J023,Basavanagudi,10237,Weekday,False,Clear,False,0.0,False,False,0.253,Low,31.0,18.4,107.4,0.101,0.233,0.978,Moderate traffic flow - standard adaptive signal timing in effect
EVT409620,2026-03-23 18:20:38,Local Market Day,J009,Majestic,4915,Weekday,False,Rain,True,8.0,False,False,1.0,Severe,8.4,73.8,778.1,0.276,0.638,0.87,Heavy rain reducing visibility and grip - reduced speed and longer buffer advised
EVT409621,2026-06-12 14:40:12,Sports Fixture,J009,Majestic,22681,Weekday,False,Clear,False,0.0,False,False,0.312,Low,37.5,21.1,121.9,0.123,0.285,0.97,Moderate traffic flow - standard adaptive signal timing in effect
EVT409622,2025-08-12 10:25:48,Local Market Day,J012,Koramangala Sony World,3121,Weekday,False,Heavy Rain,True,41.6,False,False,0.986,Severe,9.8,74.2,343.1,0.158,0.365,0.872,Heavy rain reducing visibility and grip - reduced speed and longer buffer advised
EVT409623,2025-11-01 19:35:11,Religious Festival,J012,Koramangala Sony World,30739,Weekend,True,Clear,False,0.0,False,False,1.0,Severe,9.2,72.1,496.7,0.189,0.436,0.885,Festival crowd surge detected - alternate route and extended cycle recommended
EVT409624,2026-03-17 09:29:41,Local Market Day,J031,Cubbon Road,5202,Weekday,False,Clear,False,0.0,False,False,0.858,Severe,13.1,61.5,370.0,0.171,0.395,0.949,Heavy congestion detected - signal timing extended and reroute suggested
EVT409625,2026-01-12 22:23:34,Concert,J012,Koramangala Sony World,10932,Weekday,False,Light Rain,True,4.1,False,False,0.303,Low,33.2,20.0,117.7,0.126,0.291,0.92,Light rain detected - minor speed reduction advised
EVT409626,2025-04-19 09:36:31,Local Market Day,J020,Malleshwaram Circle,4411,Weekend,False,Clear,False,0.0,False,False,0.869,Severe,12.9,66.2,366.6,0.188,0.435,0.952,Heavy congestion detected - signal timing extended and reroute suggested
EVT409627,2026-04-03 17:37:26,Sports Fixture,J020,Malleshwaram Circle,13877,Weekday,False,Clear,False,0.0,False,False,0.91,Severe,12.2,66.0,549.5,0.237,0.548,0.96,Heavy congestion detected - signal timing extended and reroute suggested
EVT409628,2026-06-04 18:41:31,Concert,J020,Malleshwaram Circle,10225,Weekday,False,Clear,False,0.0,False,False,1.0,Severe,9.5,67.2,492.4,0.193,0.445,0.922,Heavy congestion detected - signal timing extended and reroute suggested
EVT409629,2025-06-12 20:17:12,Concert,J040,City Market,14168,Weekday,False,Clear,False,0.0,False,False,0.694,High,20.9,50.8,314.4,0.214,0.494,0.95,Moderate traffic flow - standard adaptive signal timing in effect
EVT409630,2025-09-03 11:45:23,Concert,J040,City Market,11933,Weekday,False,Clear,False,0.0,False,False,0.27,Low,23.7,20.9,111.8,0.059,0.136,0.98,Moderate traffic flow - standard adaptive signal timing in effect
EVT409631,2025-11-29 19:05:46,Trade Fair,J023,Basavanagudi,12269,Weekend,False,Clear,False,0.0,False,False,0.898,Severe,11.7,67.4,285.2,0.136,0.313,0.926,Heavy congestion detected - signal timing extended and reroute suggested
EVT409632,2026-03-01 07:02:23,Sports Fixture,J020,Malleshwaram Circle,21132,Weekend,False,Clear,False,0.0,False,False,0.428,Moderate,23.6,30.3,190.9,0.137,0.318,0.988,Moderate traffic flow - standard adaptive signal timing in effect
EVT409633,2025-11-20 07:09:37,Local Market Day,J009,Majestic,3666,Weekday,False,Clear,False,0.0,False,False,0.447,Moderate,25.0,27.8,299.7,0.225,0.52,0.978,Moderate traffic flow - standard adaptive signal timing in effect
EVT409634,2026-02-15 19:00:43,Concert,J012,Koramangala Sony World,9366,Weekend,False,Clear,False,0.0,False,False,0.865,Severe,14.3,64.1,139.2,0.08,0.186,0.939,Heavy congestion detected - signal timing extended and reroute suggested
EVT409635,2025-04-25 15:25:51,Sports Fixture,J020,Malleshwaram Circle,11383,Weekday,False,Clear,False,0.0,False,False,0.396,Moderate,24.2,33.0,220.4,0.161,0.372,0.968,Moderate traffic flow - standard adaptive signal timing in effect
EVT409636,2025-01-01 18:07:51,Sports Fixture,J012,Koramangala Sony World,8287,Weekday,False,Clear,False,0.0,False,False,0.965,Severe,9.0,67.9,556.4,0.207,0.478,0.933,Heavy congestion detected - signal timing extended and reroute suggested
EVT409637,2025-11-07 09:46:31,Sports Fixture,J020,Malleshwaram Circle,18804,Weekday,False,Clear,False,0.0,False,False,0.958,Severe,8.0,65.4,825.0,0.249,0.576,0.925,Heavy congestion detected - signal timing extended and reroute suggested
EVT409638,2026-06-01 00:13:53,Local Market Day,J031,Cubbon Road,3990,Weekday,False,Clear,False,0.0,False,False,0.208,Low,33.9,16.8,137.5,0.116,0.267,0.97,Normal free-flow traffic - standard signal timing maintained
EVT409639,2025-12-10 19:51:12,Local Market Day,J031,Cubbon Road,2174,Weekday,False,Clear,False,0.0,False,False,0.79,Severe,16.0,58.0,287.5,0.189,0.436,0.961,Heavy congestion detected - signal timing extended and reroute suggested
EVT409640,2025-07-14 22:11:28,Political Rally,J009,Majestic,26741,Weekday,False,Heavy Rain,True,52.9,False,False,0.736,High,18.4,54.6,161.7,0.104,0.24,0.904,Heavy rain reducing visibility and grip - reduced speed and longer buffer advised
EVT409641,2025-10-10 18:11:24,Local Market Day,J020,Malleshwaram Circle,2982,Weekday,False,Clear,False,0.0,False,False,1.0,Severe,7.9,67.8,702.1,0.232,0.537,0.913,Heavy congestion detected - signal timing extended and reroute suggested
EVT409642,2025-03-07 16:23:18,Political Rally,J011,Indiranagar 100ft Road,23699,Weekday,False,Clear,False,0.0,False,False,0.692,High,19.8,51.6,235.1,0.157,0.363,0.97,Moderate traffic flow - standard adaptive signal timing in effect
EVT409643,2025-01-19 23:04:06,Trade Fair,J031,Cubbon Road,6697,Weekend,False,Clear,False,0.0,False,False,0.281,Low,37.7,18.7,168.6,0.154,0.355,0.956,Moderate traffic flow - standard adaptive signal timing in effect
EVT409644,2025-04-04 16:02:43,Trade Fair,J030,MG Road,5464,Weekday,False,Clear,False,0.0,False,False,0.43,Moderate,29.9,30.7,164.7,0.138,0.318,0.979,Moderate traffic flow - standard adaptive signal timing in effect
EVT409645,2025-03-29 03:00:36,Local Market Day,J023,Basavanagudi,6893,Weekend,False,Clear,False,0.0,False,False,0.295,Low,37.5,15.4,135.3,0.127,0.295,0.952,Moderate traffic flow - standard adaptive signal timing in effect
EVT409646,2025-02-04 08:08:29,Concert,J040,City Market,21657,Weekday,False,Clear,False,0.0,False,False,0.983,Severe,8.2,71.8,600.1,0.206,0.475,0.941,Heavy congestion detected - signal timing extended and reroute suggested
EVT409647,2025-09-23 03:41:40,Concert,J011,Indiranagar 100ft Road,13991,Weekday,False,Clear,False,0.0,False,False,0.202,Low,31.0,10.6,193.0,0.15,0.345,0.947,Normal free-flow traffic - standard signal timing maintained
EVT409648,2025-10-06 16:25:13,Sports Fixture,J031,Cubbon Road,45325,Weekday,False,Clear,False,0.0,False,False,0.836,Severe,15.7,63.3,338.0,0.196,0.454,0.953,Heavy congestion detected - signal timing extended and reroute suggested
EVT409649,2025-08-17 09:22:24,Trade Fair,J012,Koramangala Sony World,17106,Weekend,False,Heavy Rain,True,39.8,False,False,1.0,Severe,8.3,70.7,457.4,0.178,0.41,0.875,Heavy rain reducing visibility and grip - reduced speed and longer buffer advised
EVT409650,2026-06-16 18:16:08,Concert,J011,Indiranagar 100ft Road,16261,Weekday,False,Rain,True,7.8,False,False,1.0,Severe,8.3,75.4,613.0,0.207,0.479,0.88,Heavy rain reducing visibility and grip - reduced speed and longer buffer advised
EVT409651,2025-07-13 16:22:49,Concert,J020,Malleshwaram Circle,19522,Weekend,False,Rain,True,14.6,False,False,0.78,Severe,16.8,48.2,252.1,0.139,0.322,0.917,Heavy rain reducing visibility and grip - reduced speed and longer buffer advised
EVT409652,2026-02-22 10:39:46,Trade Fair,J009,Majestic,6946,Weekend,False,Clear,False,0.0,False,False,0.532,Moderate,25.9,34.1,182.2,0.153,0.353,0.974,Moderate traffic flow - standard adaptive signal timing in effect
EVT409653,2025-03-19 10:01:12,Local Market Day,J012,Koramangala Sony World,3845,Weekday,False,Clear,False,0.0,False,False,0.828,Severe,9.4,61.8,426.1,0.147,0.34,0.929,Heavy congestion detected - signal timing extended and reroute suggested
EVT409654,2026-02-22 13:28:55,Concert,J020,Malleshwaram Circle,8942,Weekend,False,Clear,False,0.0,False,False,0.275,Low,26.1,24.1,127.1,0.078,0.18,0.958,Moderate traffic flow - standard adaptive signal timing in effect
EVT409655,2026-06-11 19:21:58,Sports Fixture,J012,Koramangala Sony World,21864,Weekday,False,Clear,False,0.0,False,False,0.976,Severe,10.3,69.7,511.5,0.205,0.474,0.914,Heavy congestion detected - signal timing extended and reroute suggested
EVT409656,2025-07-26 11:43:48,Local Market Day,J040,City Market,5892,Weekend,False,Clear,False,0.0,False,False,0.377,Moderate,26.8,27.8,219.9,0.169,0.39,0.966,Moderate traffic flow - standard adaptive signal timing in effect
EVT409657,2025-08-03 22:28:46,Sports Fixture,J011,Indiranagar 100ft Road,26816,Weekend,False,Rain,True,17.3,False,False,0.602,High,20.3,37.9,282.7,0.167,0.385,0.88,Heavy rain reducing visibility and grip - reduced speed and longer buffer advised
EVT409658,2025-10-15 06:37:52,Political Rally,J023,Basavanagudi,13500,Weekday,False,Clear,False,0.0,False,False,0.35,Low,28.6,28.5,94.3,0.075,0.174,0.962,Moderate traffic flow - standard adaptive signal timing in effect
EVT409659,2025-10-09 19:54:49,Sports Fixture,J009,Majestic,33759,Weekday,False,Clear,False,0.0,False,False,0.931,Severe,10.4,66.9,463.2,0.187,0.433,0.942,Heavy congestion detected - signal timing extended and reroute suggested
EVT409660,2025-07-19 21:00:45,Concert,J031,Cubbon Road,12640,Weekend,False,Rain,True,9.3,False,False,0.563,High,23.2,42.7,285.6,0.197,0.456,0.929,Heavy rain reducing visibility and grip - reduced speed and longer buffer advised
EVT409661,2025-10-31 08:55:11,Local Market Day,J023,Basavanagudi,3672,Weekday,False,Clear,False,0.0,False,False,1.0,Severe,10.2,68.5,574.6,0.222,0.513,0.913,Heavy congestion detected - signal timing extended and reroute suggested
EVT409662,2025-07-06 00:37:51,Sports Fixture,J011,Indiranagar 100ft Road,11255,Weekend,False,Clear,False,0.0,False,False,0.288,Low,29.0,19.7,219.5,0.165,0.38,0.99,Moderate traffic flow - standard adaptive signal timing in effect
EVT409663,2025-07-18 10:40:35,Sports Fixture,J023,Basavanagudi,25935,Weekday,False,Rain,True,9.4,False,False,0.858,Severe,10.7,64.7,234.0,0.109,0.252,0.876,Heavy rain reducing visibility and grip - reduced speed and longer buffer advised
EVT409664,2025-08-16 00:14:56,Cultural Procession,J023,Basavanagudi,20711,Weekend,True,Clear,False,0.0,True,False,0.955,Severe,10.2,73.0,398.7,0.16,0.371,0.703,Accident detected nearby - reroute and reduced speed advised
EVT409665,2026-04-12 09:45:29,Sports Fixture,J020,Malleshwaram Circle,10610,Weekend,False,Clear,False,0.0,False,False,0.772,Severe,13.5,53.5,279.4,0.137,0.316,0.942,Heavy congestion detected - signal timing extended and reroute suggested
EVT409666,2025-07-05 11:31:59,Concert,J011,Indiranagar 100ft Road,13884,Weekend,False,Fog,False,0.0,False,False,0.415,Moderate,29.6,33.2,190.1,0.157,0.364,0.983,Moderate traffic flow - standard adaptive signal timing in effect
EVT409667,2026-01-22 20:31:49,Trade Fair,J031,Cubbon Road,11002,Weekday,False,Clear,False,0.0,False,False,0.597,High,22.2,45.7,289.8,0.193,0.445,0.969,Moderate traffic flow - standard adaptive signal timing in effect
EVT409668,2025-05-21 18:23:42,Sports Fixture,J030,MG Road,17059,Weekday,False,Clear,False,0.0,False,False,1.0,Severe,7.3,70.6,319.4,0.146,0.337,0.927,Heavy congestion detected - signal timing extended and reroute suggested
EVT409669,2025-09-15 15:23:31,Trade Fair,J023,Basavanagudi,14863,Weekday,False,Clear,False,0.0,False,False,0.398,Moderate,27.5,28.7,125.8,0.111,0.256,0.979,Moderate traffic flow - standard adaptive signal timing in effect
EVT409670,2026-04-07 20:31:44,Concert,J031,Cubbon Road,10507,Weekday,False,Clear,False,0.0,False,False,0.617,High,18.3,45.4,277.8,0.17,0.393,0.972,Moderate traffic flow - standard adaptive signal timing in effect
EVT409671,2025-09-03 17:49:51,Local Market Day,J012,Koramangala Sony World,4163,Weekday,False,Clear,False,0.0,False,False,0.993,Severe,7.3,67.5,607.5,0.19,0.438,0.897,Heavy congestion detected - signal timing extended and reroute suggested
EVT409672,2026-01-28 14:36:42,Local Market Day,J040,City Market,2593,Weekday,False,Clear,False,0.0,False,False,0.151,Low,34.9,13.6,184.3,0.147,0.34,0.971,Normal free-flow traffic - standard signal timing maintained
EVT409673,2025-07-16 08:57:11,Sports Fixture,J009,Majestic,15149,Weekday,False,Heavy Rain,True,29.7,False,False,1.0,Severe,7.6,70.8,659.6,0.201,0.465,0.88,Heavy rain reducing visibility and grip - reduced speed and longer buffer advised
EVT409674,2025-01-16 09:56:25,Sports Fixture,J023,Basavanagudi,24041,Weekday,False,Clear,False,0.0,False,False,0.905,Severe,11.2,64.0,403.9,0.184,0.424,0.922,Heavy congestion detected - signal timing extended and reroute suggested
EVT409675,2025-11-29 11:53:33,Local Market Day,J020,Malleshwaram Circle,3497,Weekend,False,Light Rain,True,2.5,False,False,0.294,Low,33.1,25.8,141.7,0.115,0.265,0.9,Light rain detected - minor speed reduction advised
EVT409676,2025-09-27 07:03:25,Sports Fixture,J031,Cubbon Road,17579,Weekend,False,Rain,True,24.5,False,False,0.723,High,18.3,51.6,280.6,0.181,0.417,0.916,Heavy rain reducing visibility and grip - reduced speed and longer buffer advised
EVT409677,2025-08-30 14:21:47,Sports Fixture,J020,Malleshwaram Circle,26419,Weekend,False,Rain,True,15.5,False,False,0.597,High,17.8,52.3,266.7,0.131,0.302,0.924,Heavy rain reducing visibility and grip - reduced speed and longer buffer advised
EVT409678,2026-05-08 11:57:44,Concert,J012,Koramangala Sony World,13952,Weekday,False,Rain,True,11.9,False,False,0.478,Moderate,22.6,39.3,171.9,0.111,0.257,0.9,Light rain detected - minor speed reduction advised
EVT409679,2026-03-10 08:11:19,Concert,J031,Cubbon Road,5705,Weekday,False,Clear,False,0.0,False,False,0.857,Severe,13.2,68.0,350.5,0.169,0.391,0.93,Heavy congestion detected - signal timing extended and reroute suggested
EVT409680,2026-02-03 19:30:27,Political Rally,J040,City Market,20259,Weekday,False,Clear,False,0.0,False,False,0.942,Severe,8.1,74.4,316.3,0.118,0.273,0.918,Heavy congestion detected - signal timing extended and reroute suggested
EVT409681,2026-02-09 10:43:19,Local Market Day,J020,Malleshwaram Circle,3808,Weekday,False,Clear,False,0.0,False,False,0.542,Moderate,24.7,34.9,117.8,0.103,0.237,0.948,Moderate traffic flow - standard adaptive signal timing in effect
EVT409682,2026-01-19 19:47:06,Local Market Day,J020,Malleshwaram Circle,1535,Weekday,False,Fog,False,0.0,False,False,0.801,Severe,14.2,54.0,373.8,0.17,0.394,0.945,Heavy congestion detected - signal timing extended and reroute suggested
EVT409683,2026-04-24 10:53:08,Sports Fixture,J030,MG Road,19431,Weekday,False,Clear,False,0.0,False,False,0.593,High,18.0,38.9,343.1,0.192,0.445,0.97,Moderate traffic flow - standard adaptive signal timing in effect
EVT409684,2025-03-23 17:59:49,Local Market Day,J030,MG Road,3022,Weekend,False,Clear,False,0.0,False,False,0.768,Severe,12.3,57.6,410.7,0.204,0.472,0.967,Heavy congestion detected - signal timing extended and reroute suggested
EVT409685,2026-06-05 14:01:58,Trade Fair,J012,Koramangala Sony World,12693,Weekday,False,Heavy Rain,True,38.3,False,False,0.579,High,23.2,36.7,127.7,0.113,0.261,0.919,Heavy rain reducing visibility and grip - reduced speed and longer buffer advised
EVT409686,2025-01-24 16:48:11,Concert,J031,Cubbon Road,11258,Weekday,False,Clear,False,0.0,False,False,0.767,Severe,16.6,53.7,321.6,0.184,0.425,0.935,Heavy congestion detected - signal timing extended and reroute suggested
EVT409687,2026-03-14 14:26:10,Sports Fixture,J040,City Market,21032,Weekend,False,Clear,False,0.0,False,False,0.352,Moderate,34.0,22.6,117.9,0.092,0.212,0.969,Moderate traffic flow - standard adaptive signal timing in effect
EVT409688,2025-11-21 09:23:30,Trade Fair,J030,MG Road,8337,Weekday,False,Clear,False,0.0,False,False,1.0,Severe,9.3,75.0,548.6,0.203,0.468,0.925,Heavy congestion detected - signal timing extended and reroute suggested
EVT409689,2025-08-06 14:52:49,Concert,J031,Cubbon Road,8984,Weekday,False,Clear,False,0.0,False,False,0.351,Moderate,32.5,31.3,98.7,0.08,0.184,0.956,Moderate traffic flow - standard adaptive signal timing in effect
EVT409690,2026-06-09 10:29:18,Political Rally,J020,Malleshwaram Circle,13001,Weekday,False,Clear,False,0.0,False,False,0.656,High,18.6,48.5,226.7,0.147,0.34,0.984,Moderate traffic flow - standard adaptive signal timing in effect
EVT409691,2025-11-03 16:42:21,Concert,J030,MG Road,26549,Weekday,False,Clear,False,0.0,False,False,0.781,Severe,16.3,55.2,295.0,0.18,0.416,0.968,Heavy congestion detected - signal timing extended and reroute suggested
EVT409692,2025-05-19 09:48:35,Trade Fair,J020,Malleshwaram Circle,10909,Weekday,False,Clear,False,0.0,False,False,0.942,Severe,12.2,71.3,392.9,0.186,0.431,0.953,Heavy congestion detected - signal timing extended and reroute suggested
EVT409693,2025-11-02 08:21:20,Religious Festival,J023,Basavanagudi,33944,Weekend,True,Clear,False,0.0,False,True,1.0,Severe,7.0,97.0,716.9,0.218,0.503,0.839,Road closure for event/procession - full detour recommended for through-traffic
EVT409694,2025-10-14 07:12:10,Local Market Day,J012,Koramangala Sony World,3131,Weekday,False,Light Rain,True,7.0,False,False,0.651,High,18.0,47.6,251.5,0.148,0.342,0.921,Heavy rain reducing visibility and grip - reduced speed and longer buffer advised
EVT409695,2025-05-04 18:20:49,Local Market Day,J012,Koramangala Sony World,4316,Weekend,False,Fog,False,0.0,False,False,0.883,Severe,14.0,66.0,322.3,0.181,0.419,0.952,Heavy congestion detected - signal timing extended and reroute suggested
EVT409696,2025-05-11 21:25:22,Sports Fixture,J009,Majestic,31995,Weekend,False,Fog,False,0.0,False,False,0.532,Moderate,26.1,35.9,149.7,0.107,0.247,0.958,Moderate traffic flow - standard adaptive signal timing in effect
EVT409697,2026-05-21 09:13:39,Concert,J023,Basavanagudi,9730,Weekday,False,Clear,False,0.0,False,False,1.0,Severe,9.4,70.6,238.8,0.089,0.206,0.916,Heavy congestion detected - signal timing extended and reroute suggested
EVT409698,2026-04-08 18:14:04,Local Market Day,J030,MG Road,4973,Weekday,False,Clear,False,0.0,False,False,1.0,Severe,7.8,69.4,452.1,0.168,0.389,0.921,Heavy congestion detected - signal timing extended and reroute suggested
EVT409699,2025-11-19 06:41:14,Political Rally,J031,Cubbon Road,14915,Weekday,False,Light Rain,True,5.1,False,False,0.487,Moderate,27.5,34.6,204.7,0.18,0.416,0.905,Light rain detected - minor speed reduction advised
EVT409700,2025-08-28 14:45:13,Religious Festival,J020,Malleshwaram Circle,52062,Weekday,True,Heavy Rain,True,38.0,False,False,1.0,Severe,7.6,71.5,650.1,0.213,0.492,0.815,Festival crowd surge detected - alternate route and extended cycle recommended
EVT409701,2025-09-08 08:40:05,Sports Fixture,J012,Koramangala Sony World,10658,Weekday,False,Clear,False,0.0,False,False,1.0,Severe,7.5,76.3,372.2,0.128,0.296,0.941,Heavy congestion detected - signal timing extended and reroute suggested
EVT409702,2025-08-20 09:32:34,Political Rally,J030,MG Road,14523,Weekday,False,Heavy Rain,True,88.6,False,False,1.0,Severe,9.5,78.3,554.5,0.22,0.508,0.889,Heavy rain reducing visibility and grip - reduced speed and longer buffer advised
EVT409703,2026-04-08 19:13:11,Local Market Day,J031,Cubbon Road,3044,Weekday,False,Clear,False,0.0,False,False,0.96,Severe,7.5,73.3,623.5,0.204,0.472,0.945,Heavy congestion detected - signal timing extended and reroute suggested
EVT409704,2025-05-05 03:40:45,Sports Fixture,J040,City Market,20353,Weekday,False,Clear,False,0.0,False,False,0.282,Low,32.9,20.6,201.3,0.181,0.417,0.959,Moderate traffic flow - standard adaptive signal timing in effect
EVT409705,2025-08-13 06:00:22,Local Market Day,J031,Cubbon Road,4623,Weekday,False,Clear,False,0.0,False,False,0.202,Low,25.5,10.8,278.0,0.193,0.445,0.979,Normal free-flow traffic - standard signal timing maintained
EVT409706,2025-02-13 11:06:04,Trade Fair,J020,Malleshwaram Circle,5092,Weekday,False,Clear,False,0.0,False,False,0.463,Moderate,28.0,34.6,160.7,0.109,0.253,0.966,Moderate traffic flow - standard adaptive signal timing in effect
EVT409707,2026-01-17 11:15:59,Local Market Day,J020,Malleshwaram Circle,5941,Weekend,False,Fog,False,0.0,False,False,0.379,Moderate,24.3,31.7,74.2,0.052,0.121,0.985,Moderate traffic flow - standard adaptive signal timing in effect
EVT409708,2025-05-23 17:34:57,Sports Fixture,J023,Basavanagudi,13995,Weekday,False,Clear,False,0.0,False,False,0.936,Severe,8.8,65.5,324.5,0.111,0.255,0.941,Heavy congestion detected - signal timing extended and reroute suggested
EVT409709,2025-04-09 16:24:17,Local Market Day,J031,Cubbon Road,7070,Weekday,False,Clear,False,0.0,False,False,0.502,Moderate,19.8,38.3,337.2,0.185,0.428,0.952,Moderate traffic flow - standard adaptive signal timing in effect
EVT409710,2026-05-22 19:01:18,Trade Fair,J012,Koramangala Sony World,13398,Weekday,False,Clear,False,0.0,False,False,1.0,Severe,9.6,72.7,436.2,0.171,0.396,0.93,Heavy congestion detected - signal timing extended and reroute suggested
EVT409711,2026-05-16 20:22:55,Concert,J020,Malleshwaram Circle,6882,Weekend,False,Clear,False,0.0,False,False,0.591,High,24.5,38.6,235.1,0.163,0.377,0.949,Moderate traffic flow - standard adaptive signal timing in effect
EVT409712,2025-05-13 08:24:47,Trade Fair,J009,Majestic,7624,Weekday,False,Clear,False,0.0,False,False,0.982,Severe,6.8,66.5,935.2,0.248,0.573,0.928,Heavy congestion detected - signal timing extended and reroute suggested
EVT409713,2025-07-08 07:33:58,Political Rally,J012,Koramangala Sony World,12672,Weekday,False,Clear,False,0.0,False,False,0.687,High,22.4,45.6,192.4,0.145,0.335,0.971,Moderate traffic flow - standard adaptive signal timing in effect
EVT409714,2025-08-09 06:52:25,Political Rally,J023,Basavanagudi,13176,Weekend,False,Heavy Rain,True,66.7,False,False,0.795,Severe,16.0,61.0,220.0,0.118,0.273,0.935,Heavy rain reducing visibility and grip - reduced speed and longer buffer advised
EVT409715,2025-06-25 17:39:51,Political Rally,J011,Indiranagar 100ft Road,24334,Weekday,False,Clear,False,0.0,False,False,0.921,Severe,10.5,62.3,534.4,0.226,0.522,0.939,Heavy congestion detected - signal timing extended and reroute suggested
EVT409716,2025-06-09 14:10:03,Political Rally,J023,Basavanagudi,13018,Weekday,False,Clear,False,0.0,False,False,0.228,Low,29.1,18.7,222.4,0.177,0.408,0.978,Normal free-flow traffic - standard signal timing maintained
EVT409717,2025-04-22 22:32:52,Local Market Day,J020,Malleshwaram Circle,2946,Weekday,False,Light Rain,True,3.6,False,False,0.306,Low,38.1,23.1,52.2,0.043,0.098,0.902,Light rain detected - minor speed reduction advised
EVT409718,2026-06-24 18:29:53,Political Rally,J012,Koramangala Sony World,12008,Weekday,False,Rain,True,11.8,False,False,1.0,Severe,6.6,69.8,508.4,0.154,0.356,0.886,Heavy rain reducing visibility and grip - reduced speed and longer buffer advised
EVT409719,2026-01-24 00:32:15,Sports Fixture,J020,Malleshwaram Circle,30006,Weekend,False,Fog,False,0.0,False,False,0.411,Moderate,24.5,26.4,204.1,0.153,0.353,0.955,Moderate traffic flow - standard adaptive signal timing in effect
EVT409720,2025-10-04 08:50:54,Political Rally,J009,Majestic,10222,Weekend,False,Rain,True,15.8,False,False,1.0,Severe,6.7,74.7,493.2,0.135,0.312,0.86,Heavy rain reducing visibility and grip - reduced speed and longer buffer advised
EVT409721,2025-04-25 19:26:13,Concert,J023,Basavanagudi,8756,Weekday,False,Clear,False,0.0,False,False,1.0,Severe,9.1,68.5,505.6,0.198,0.458,0.91,Heavy congestion detected - signal timing extended and reroute suggested
EVT409722,2026-02-11 19:50:52,Concert,J040,City Market,12559,Weekday,False,Clear,False,0.0,False,False,0.873,Severe,10.2,61.1,440.4,0.17,0.392,0.945,Heavy congestion detected - signal timing extended and reroute suggested
EVT409723,2025-06-23 12:34:33,Concert,J020,Malleshwaram Circle,12662,Weekday,False,Fog,False,0.0,False,False,0.222,Low,33.7,13.7,113.5,0.123,0.284,0.988,Normal free-flow traffic - standard signal timing maintained
EVT409724,2025-10-24 19:48:23,Political Rally,J020,Malleshwaram Circle,12439,Weekday,False,Clear,False,0.0,False,False,0.802,Severe,16.2,55.6,161.9,0.099,0.23,0.952,Heavy congestion detected - signal timing extended and reroute suggested
EVT409725,2025-12-31 16:49:54,Sports Fixture,J011,Indiranagar 100ft Road,21459,Weekday,False,Light Rain,True,2.3,True,False,1.0,Severe,7.8,74.9,1172.2,0.359,0.83,0.715,Accident detected nearby - reroute and reduced speed advised
EVT409726,2026-06-29 14:15:13,Sports Fixture,J011,Indiranagar 100ft Road,20177,Weekday,False,Rain,True,11.4,False,False,0.439,Moderate,25.4,29.0,311.2,0.212,0.491,0.914,Light rain detected - minor speed reduction advised
EVT409727,2025-08-19 17:18:18,Sports Fixture,J009,Majestic,26086,Weekday,False,Heavy Rain,True,29.0,False,False,1.0,Severe,8.2,69.5,440.3,0.159,0.367,0.859,Heavy rain reducing visibility and grip - reduced speed and longer buffer advised
EVT409728,2025-04-22 10:19:44,Local Market Day,J009,Majestic,3707,Weekday,False,Fog,False,0.0,False,False,0.65,High,16.6,42.3,348.1,0.178,0.412,0.967,Moderate traffic flow - standard adaptive signal timing in effect
EVT409729,2026-05-17 09:56:31,Sports Fixture,J012,Koramangala Sony World,19971,Weekend,False,Clear,False,0.0,False,False,0.804,Severe,12.9,59.1,311.1,0.158,0.365,0.968,Heavy congestion detected - signal timing extended and reroute suggested
EVT409730,2026-04-29 17:48:29,Local Market Day,J009,Majestic,2387,Weekday,False,Clear,False,0.0,False,False,0.945,Severe,8.2,65.2,732.8,0.22,0.508,0.927,Heavy congestion detected - signal timing extended and reroute suggested
EVT409731,2026-01-14 11:05:39,Religious Festival,J011,Indiranagar 100ft Road,34195,Weekday,True,Clear,False,0.0,False,True,1.0,Severe,7.7,100.1,563.6,0.19,0.439,0.83,Road closure for event/procession - full detour recommended for through-traffic
EVT409732,2026-06-25 13:44:08,Sports Fixture,J009,Majestic,19986,Weekday,False,Clear,False,0.0,False,False,0.306,Low,34.3,22.6,86.8,0.074,0.17,0.954,Moderate traffic flow - standard adaptive signal timing in effect
EVT409733,2025-12-18 09:04:06,Sports Fixture,J031,Cubbon Road,27718,Weekday,False,Clear,False,0.0,False,False,1.0,Severe,8.4,73.8,696.3,0.24,0.555,0.93,Heavy congestion detected - signal timing extended and reroute suggested
EVT409734,2026-04-13 21:41:27,Trade Fair,J009,Majestic,7256,Weekday,False,Clear,False,0.0,False,False,0.317,Low,25.6,21.1,201.7,0.138,0.319,0.988,Moderate traffic flow - standard adaptive signal timing in effect
EVT409735,2025-12-20 12:54:58,Sports Fixture,J020,Malleshwaram Circle,41676,Weekend,False,Clear,False,0.0,False,False,0.483,Moderate,21.7,33.5,230.1,0.135,0.312,0.948,Moderate traffic flow - standard adaptive signal timing in effect
EVT409736,2025-04-02 09:59:57,Concert,J012,Koramangala Sony World,6965,Weekday,False,Clear,False,0.0,False,False,0.834,Severe,13.5,63.7,367.0,0.207,0.479,0.959,Heavy congestion detected - signal timing extended and reroute suggested
EVT409737,2025-03-05 12:02:59,Concert,J011,Indiranagar 100ft Road,8509,Weekday,False,Clear,False,0.0,False,False,0.234,Low,38.8,25.0,112.2,0.09,0.208,0.966,Normal free-flow traffic - standard signal timing maintained
EVT409738,2026-04-12 15:15:07,Political Rally,J012,Koramangala Sony World,13306,Weekend,False,Clear,False,0.0,False,False,0.397,Moderate,28.6,24.0,167.6,0.129,0.299,0.968,Moderate traffic flow - standard adaptive signal timing in effect
EVT409739,2025-05-29 20:22:10,Sports Fixture,J011,Indiranagar 100ft Road,17024,Weekday,False,Clear,False,0.0,False,False,0.681,High,22.9,50.3,262.7,0.201,0.464,0.971,Moderate traffic flow - standard adaptive signal timing in effect
EVT409740,2026-02-02 09:19:01,Sports Fixture,J040,City Market,14965,Weekday,False,Clear,False,0.0,False,False,1.0,Severe,7.8,69.0,671.9,0.216,0.498,0.919,Heavy congestion detected - signal timing extended and reroute suggested
EVT409741,2026-04-20 19:21:19,Sports Fixture,J020,Malleshwaram Circle,43880,Weekday,False,Light Rain,True,6.3,False,False,1.0,Severe,7.5,67.4,446.2,0.145,0.334,0.857,Heavy rain reducing visibility and grip - reduced speed and longer buffer advised
EVT409742,2025-03-17 17:17:41,Local Market Day,J011,Indiranagar 100ft Road,5178,Weekday,False,Clear,False,0.0,False,False,0.908,Severe,12.1,63.1,401.2,0.173,0.399,0.921,Heavy congestion detected - signal timing extended and reroute suggested
EVT409743,2025-08-24 22:37:44,Local Market Day,J012,Koramangala Sony World,3520,Weekend,False,Rain,True,8.4,False,False,0.353,Moderate,28.2,21.9,100.5,0.076,0.175,0.892,Light rain detected - minor speed reduction advised
EVT409744,2026-03-17 08:27:42,Trade Fair,J023,Basavanagudi,7365,Weekday,False,Clear,False,0.0,False,False,0.933,Severe,10.9,69.6,195.0,0.072,0.167,0.935,Heavy congestion detected - signal timing extended and reroute suggested
EVT409745,2025-04-24 11:40:23,Sports Fixture,J030,MG Road,28968,Weekday,False,Clear,False,0.0,False,False,0.459,Moderate,21.0,35.3,87.9,0.033,0.076,0.956,Moderate traffic flow - standard adaptive signal timing in effect
EVT409746,2025-02-25 13:26:24,Local Market Day,J011,Indiranagar 100ft Road,3026,Weekday,False,Clear,False,0.0,False,False,0.182,Low,30.9,17.0,161.1,0.128,0.296,0.985,Normal free-flow traffic - standard signal timing maintained
EVT409747,2025-02-08 06:07:43,Trade Fair,J020,Malleshwaram Circle,13538,Weekend,False,Clear,False,0.0,False,False,0.385,Moderate,23.2,29.2,229.9,0.14,0.322,0.937,Moderate traffic flow - standard adaptive signal timing in effect
EVT409748,2025-01-08 11:28:17,Political Rally,J009,Majestic,8660,Weekday,False,Clear,False,0.0,False,False,0.344,Low,29.5,24.6,78.6,0.062,0.143,0.955,Moderate traffic flow - standard adaptive signal timing in effect
EVT409749,2025-01-20 08:37:26,Trade Fair,J023,Basavanagudi,12535,Weekday,False,Clear,False,0.0,False,False,1.0,Severe,7.8,66.5,339.7,0.131,0.303,0.906,Heavy congestion detected - signal timing extended and reroute suggested
EVT409750,2026-02-28 18:46:48,Sports Fixture,J009,Majestic,42945,Weekend,False,Clear,False,0.0,False,False,1.0,Severe,7.8,69.1,639.2,0.195,0.45,0.918,Heavy congestion detected - signal timing extended and reroute suggested
EVT409751,2026-04-02 18:50:05,Local Market Day,J020,Malleshwaram Circle,2827,Weekday,False,Clear,False,0.0,False,False,1.0,Severe,9.4,69.8,405.2,0.167,0.387,0.917,Heavy congestion detected - signal timing extended and reroute suggested
EVT409752,2026-02-17 10:01:10,Political Rally,J023,Basavanagudi,13849,Weekday,False,Clear,False,0.0,False,False,0.837,Severe,16.6,57.4,306.1,0.194,0.449,0.954,Heavy congestion detected - signal timing extended and reroute suggested
EVT409753,2025-06-08 15:22:23,Sports Fixture,J023,Basavanagudi,22608,Weekend,False,Rain,True,16.7,False,False,0.66,High,21.4,48.4,228.1,0.156,0.361,0.936,Heavy rain reducing visibility and grip - reduced speed and longer buffer advised
EVT409754,2026-02-15 15:16:50,Local Market Day,J023,Basavanagudi,4601,Weekend,False,Clear,False,0.0,False,False,0.347,Low,39.1,23.3,86.4,0.084,0.193,0.953,Moderate traffic flow - standard adaptive signal timing in effect
EVT409755,2026-01-28 11:08:07,Sports Fixture,J012,Koramangala Sony World,16479,Weekday,False,Clear,False,0.0,False,False,0.513,Moderate,21.1,36.4,186.3,0.112,0.259,0.951,Moderate traffic flow - standard adaptive signal timing in effect
EVT409756,2025-06-13 16:40:00,Trade Fair,J009,Majestic,7646,Weekday,False,Clear,False,0.0,False,False,0.688,High,16.2,52.1,334.0,0.165,0.38,0.961,Moderate traffic flow - standard adaptive signal timing in effect
EVT409757,2025-05-15 18:55:05,Sports Fixture,J030,MG Road,15001,Weekday,False,Clear,False,0.0,False,False,1.0,Severe,9.0,71.6,455.1,0.168,0.388,0.911,Heavy congestion detected - signal timing extended and reroute suggested
EVT409758,2025-08-19 15:15:52,Sports Fixture,J030,MG Road,15066,Weekday,False,Heavy Rain,True,31.3,False,False,0.649,High,19.6,39.8,348.4,0.196,0.453,0.899,Heavy rain reducing visibility and grip - reduced speed and longer buffer advised
EVT409759,2026-03-19 14:25:40,Religious Festival,J009,Majestic,53208,Weekday,True,Clear,False,0.0,False,False,0.767,Severe,15.8,58.5,314.1,0.176,0.407,0.935,Festival crowd surge detected - alternate route and extended cycle recommended
EVT409760,2025-10-23 23:58:31,Local Market Day,J011,Indiranagar 100ft Road,2868,Weekday,False,Clear,False,0.0,False,False,0.16,Low,33.3,9.2,140.8,0.134,0.309,0.969,Normal free-flow traffic - standard signal timing maintained
EVT409761,2025-06-08 09:00:45,Trade Fair,J009,Majestic,5131,Weekend,False,Rain,True,23.8,False,False,1.0,Severe,9.0,67.5,550.9,0.214,0.494,0.873,Heavy rain reducing visibility and grip - reduced speed and longer buffer advised
EVT409762,2025-10-27 17:46:49,Local Market Day,J040,City Market,4959,Weekday,False,Clear,False,0.0,False,False,0.911,Severe,10.9,63.6,752.6,0.291,0.672,0.912,Heavy congestion detected - signal timing extended and reroute suggested
EVT409763,2026-04-03 12:46:20,Sports Fixture,J030,MG Road,9518,Weekday,False,Light Rain,True,4.6,False,False,0.226,Low,34.8,14.5,82.7,0.068,0.156,0.924,Light rain detected - minor speed reduction advised
EVT409764,2025-06-29 13:32:57,Local Market Day,J011,Indiranagar 100ft Road,2730,Weekend,False,Clear,False,0.0,False,False,0.182,Low,38.3,12.6,137.5,0.122,0.281,0.98,Normal free-flow traffic - standard signal timing maintained
EVT409765,2025-03-13 09:27:46,Sports Fixture,J031,Cubbon Road,22582,Weekday,False,Clear,False,0.0,False,False,1.0,Severe,6.6,72.1,710.4,0.217,0.501,0.915,Heavy congestion detected - signal timing extended and reroute suggested
EVT409766,2025-10-31 14:44:01,Concert,J040,City Market,8510,Weekday,False,Rain,True,14.0,False,False,0.408,Moderate,24.6,29.3,209.6,0.141,0.327,0.915,Light rain detected - minor speed reduction advised
EVT409767,2025-10-19 17:03:53,Concert,J031,Cubbon Road,7796,Weekend,False,Clear,False,0.0,False,False,0.697,High,16.3,56.8,328.3,0.177,0.409,0.96,Moderate traffic flow - standard adaptive signal timing in effect
EVT409768,2025-12-17 10:33:44,Local Market Day,J009,Majestic,2610,Weekday,False,Clear,False,0.0,False,False,0.674,High,16.3,49.7,259.8,0.128,0.296,0.984,Moderate traffic flow - standard adaptive signal timing in effect
EVT409769,2025-02-20 11:19:58,Concert,J011,Indiranagar 100ft Road,8659,Weekday,False,Clear,False,0.0,False,False,0.396,Moderate,29.5,28.7,77.7,0.041,0.096,0.988,Moderate traffic flow - standard adaptive signal timing in effect
EVT409770,2026-02-15 10:46:29,Sports Fixture,J031,Cubbon Road,13299,Weekend,False,Clear,False,0.0,False,False,0.555,High,18.0,42.9,285.1,0.174,0.402,0.946,Moderate traffic flow - standard adaptive signal timing in effect
EVT409771,2026-05-22 11:02:29,Trade Fair,J011,Indiranagar 100ft Road,6875,Weekday,False,Rain,True,7.6,False,False,0.52,Moderate,24.9,40.6,132.4,0.101,0.232,0.912,Light rain detected - minor speed reduction advised
EVT409772,2026-04-15 13:58:42,Religious Festival,J009,Majestic,46528,Weekday,True,Heavy Rain,True,30.9,False,True,1.0,Severe,7.8,109.5,787.2,0.263,0.607,0.791,Road closure for event/procession - full detour recommended for through-traffic
EVT409773,2026-02-07 11:06:02,Sports Fixture,J020,Malleshwaram Circle,29171,Weekend,False,Clear,False,0.0,True,False,0.968,Severe,10.1,65.2,310.0,0.135,0.312,0.755,Accident detected nearby - reroute and reduced speed advised
EVT409774,2025-12-24 06:43:39,Trade Fair,J012,Koramangala Sony World,10962,Weekday,False,Clear,False,0.0,False,False,0.401,Moderate,29.3,33.2,170.3,0.154,0.355,0.932,Moderate traffic flow - standard adaptive signal timing in effect
EVT409775,2025-03-13 05:04:40,Sports Fixture,J012,Koramangala Sony World,16779,Weekday,False,Clear,False,0.0,False,False,0.24,Low,30.4,20.8,195.7,0.167,0.386,0.971,Normal free-flow traffic - standard signal timing maintained
EVT409776,2025-09-02 06:16:50,Local Market Day,J040,City Market,4051,Weekday,False,Clear,False,0.0,False,False,0.267,Low,39.1,20.0,121.6,0.118,0.274,0.967,Moderate traffic flow - standard adaptive signal timing in effect
EVT409777,2025-04-14 06:27:49,Fireworks Display,J020,Malleshwaram Circle,44840,Weekday,True,Clear,False,0.0,False,False,0.769,Severe,18.2,49.7,235.3,0.141,0.325,0.92,Festival crowd surge detected - alternate route and extended cycle recommended
EVT409778,2025-08-15 16:58:09,Religious Festival,J031,Cubbon Road,50502,Weekday,True,Clear,False,0.0,False,True,1.0,Severe,9.2,97.2,524.4,0.184,0.424,0.851,Road closure for event/procession - full detour recommended for through-traffic
EVT409779,2025-07-20 22:22:46,Local Market Day,J009,Majestic,6292,Weekend,False,Heavy Rain,True,29.3,False,False,0.584,High,21.1,49.2,229.7,0.15,0.347,0.921,Heavy rain reducing visibility and grip - reduced speed and longer buffer advised
EVT409780,2025-11-09 09:18:53,Sports Fixture,J012,Koramangala Sony World,16914,Weekend,False,Clear,False,0.0,False,False,0.924,Severe,10.0,71.5,360.0,0.156,0.36,0.926,Heavy congestion detected - signal timing extended and reroute suggested
EVT409781,2025-01-29 20:09:46,Local Market Day,J040,City Market,2744,Weekday,False,Clear,False,0.0,False,False,0.671,High,19.2,44.9,274.7,0.172,0.398,0.973,Moderate traffic flow - standard adaptive signal timing in effect
EVT409782,2025-10-23 10:18:32,Local Market Day,J030,MG Road,3409,Weekday,False,Clear,False,0.0,False,False,0.672,High,17.2,44.1,346.6,0.199,0.46,0.935,Moderate traffic flow - standard adaptive signal timing in effect
EVT409783,2025-01-06 09:46:44,Local Market Day,J040,City Market,3857,Weekday,False,Clear,False,0.0,False,False,0.889,Severe,13.1,62.2,368.3,0.189,0.437,0.936,Heavy congestion detected - signal timing extended and reroute suggested
EVT409784,2025-08-06 09:46:36,Sports Fixture,J012,Koramangala Sony World,22879,Weekday,False,Clear,False,0.0,False,False,1.0,Severe,8.3,72.2,550.3,0.176,0.406,0.914,Heavy congestion detected - signal timing extended and reroute suggested
EVT409785,2026-06-29 10:53:57,Sports Fixture,J023,Basavanagudi,19755,Weekday,False,Clear,False,0.0,False,False,0.522,Moderate,21.2,36.8,190.9,0.128,0.295,0.976,Moderate traffic flow - standard adaptive signal timing in effect
EVT409786,2025-07-19 18:06:12,Political Rally,J023,Basavanagudi,17326,Weekend,False,Heavy Rain,True,66.8,False,False,1.0,Severe,7.7,68.1,497.5,0.156,0.359,0.874,Heavy rain reducing visibility and grip - reduced speed and longer buffer advised
EVT409787,2025-01-23 21:04:49,Concert,J011,Indiranagar 100ft Road,11095,Weekday,False,Clear,False,0.0,False,False,0.442,Moderate,30.4,34.3,115.1,0.084,0.194,0.974,Moderate traffic flow - standard adaptive signal timing in effect
EVT409788,2025-02-28 15:06:42,Trade Fair,J009,Majestic,8707,Weekday,False,Clear,False,0.0,False,False,0.286,Low,28.9,26.3,119.4,0.089,0.205,0.962,Moderate traffic flow - standard adaptive signal timing in effect
EVT409789,2026-04-22 18:42:10,Sports Fixture,J012,Koramangala Sony World,15387,Weekday,False,Clear,False,0.0,False,False,1.0,Severe,8.3,73.2,812.6,0.279,0.645,0.915,Heavy congestion detected - signal timing extended and reroute suggested
EVT409790,2025-08-20 10:41:58,Sports Fixture,J012,Koramangala Sony World,28189,Weekday,False,Rain,True,22.4,False,False,0.933,Severe,9.7,67.0,592.5,0.238,0.55,0.883,Heavy rain reducing visibility and grip - reduced speed and longer buffer advised
EVT409791,2025-11-23 17:28:09,Local Market Day,J031,Cubbon Road,3292,Weekend,False,Clear,False,0.0,False,False,0.747,High,19.1,50.7,241.3,0.161,0.372,0.978,Moderate traffic flow - standard adaptive signal timing in effect
EVT409792,2026-05-11 22:35:26,Local Market Day,J040,City Market,4787,Weekday,False,Clear,False,0.0,False,False,0.187,Low,34.3,14.6,145.1,0.133,0.307,0.974,Normal free-flow traffic - standard signal timing maintained
EVT409793,2026-06-29 11:48:19,Trade Fair,J012,Koramangala Sony World,9868,Weekday,False,Clear,False,0.0,False,False,0.317,Low,26.3,21.1,269.7,0.203,0.468,0.949,Moderate traffic flow - standard adaptive signal timing in effect
EVT409794,2025-08-10 18:39:27,Local Market Day,J023,Basavanagudi,5236,Weekend,False,Fog,False,0.0,False,False,0.812,Severe,13.2,60.1,425.0,0.192,0.445,0.963,Heavy congestion detected - signal timing extended and reroute suggested
EVT409795,2025-09-30 13:56:23,Concert,J040,City Market,14541,Weekday,False,Heavy Rain,True,27.2,False,False,0.563,High,25.4,40.3,201.1,0.152,0.351,0.93,Heavy rain reducing visibility and grip - reduced speed and longer buffer advised
EVT409796,2025-03-12 01:44:29,Concert,J009,Majestic,11097,Weekday,False,Clear,False,0.0,False,False,0.275,Low,34.3,23.5,163.5,0.136,0.315,0.961,Moderate traffic flow - standard adaptive signal timing in effect
EVT409797,2026-05-03 16:00:11,Trade Fair,J012,Koramangala Sony World,20055,Weekend,False,Clear,False,0.0,False,False,0.592,High,27.2,45.7,125.7,0.11,0.254,0.947,Moderate traffic flow - standard adaptive signal timing in effect
EVT409798,2026-06-11 11:37:01,Concert,J012,Koramangala Sony World,9553,Weekday,False,Light Rain,True,6.7,False,False,0.417,Moderate,22.8,30.1,262.8,0.189,0.437,0.931,Light rain detected - minor speed reduction advised
EVT409799,2026-05-12 08:36:42,Sports Fixture,J023,Basavanagudi,20193,Weekday,False,Clear,False,0.0,False,False,1.0,Severe,8.7,69.0,658.4,0.234,0.541,0.899,Heavy congestion detected - signal timing extended and reroute suggested
EVT409800,2026-04-07 17:47:15,Concert,J030,MG Road,15845,Weekday,False,Clear,False,0.0,False,False,1.0,Severe,7.6,77.1,807.5,0.25,0.579,0.925,Heavy congestion detected - signal timing extended and reroute suggested
EVT409801,2025-02-20 17:53:50,Concert,J030,MG Road,14825,Weekday,False,Clear,False,0.0,False,False,1.0,Severe,7.7,73.0,311.1,0.105,0.243,0.92,Heavy congestion detected - signal timing extended and reroute suggested
EVT409802,2025-12-15 06:57:01,Concert,J011,Indiranagar 100ft Road,8410,Weekday,False,Clear,False,0.0,False,False,0.502,Moderate,26.7,31.3,217.1,0.162,0.374,0.962,Moderate traffic flow - standard adaptive signal timing in effect
EVT409803,2026-02-09 18:44:21,Local Market Day,J040,City Market,3295,Weekday,False,Clear,False,0.0,False,False,1.0,Severe,6.6,70.7,727.8,0.221,0.51,0.923,Heavy congestion detected - signal timing extended and reroute suggested
EVT409804,2025-06-03 17:50:25,Local Market Day,J023,Basavanagudi,4912,Weekday,False,Rain,True,23.6,False,False,1.0,Severe,10.2,72.0,393.0,0.168,0.387,0.883,Heavy rain reducing visibility and grip - reduced speed and longer buffer advised
EVT409805,2025-12-06 08:36:44,Local Market Day,J009,Majestic,4715,Weekend,False,Clear,False,0.0,False,False,0.83,Severe,12.4,59.5,466.4,0.195,0.451,0.938,Heavy congestion detected - signal timing extended and reroute suggested
EVT409806,2025-12-21 06:26:08,Trade Fair,J031,Cubbon Road,10544,Weekend,False,Clear,False,0.0,False,False,0.422,Moderate,27.8,29.1,248.9,0.204,0.47,0.969,Moderate traffic flow - standard adaptive signal timing in effect
EVT409807,2025-07-12 09:12:30,Local Market Day,J011,Indiranagar 100ft Road,5293,Weekend,False,Rain,True,15.6,False,False,1.0,Severe,8.1,71.0,714.2,0.225,0.52,0.856,Heavy rain reducing visibility and grip - reduced speed and longer buffer advised
EVT409808,2025-09-01 18:32:46,Trade Fair,J023,Basavanagudi,13697,Weekday,False,Clear,False,0.0,False,False,1.0,Severe,8.3,64.9,659.9,0.212,0.49,0.921,Heavy congestion detected - signal timing extended and reroute suggested
EVT409809,2025-12-12 09:08:41,Sports Fixture,J012,Koramangala Sony World,18095,Weekday,False,Fog,False,0.0,False,False,1.0,Severe,9.1,63.9,477.9,0.185,0.427,0.911,Heavy congestion detected - signal timing extended and reroute suggested
EVT409810,2026-03-03 06:50:52,Concert,J020,Malleshwaram Circle,15811,Weekday,False,Clear,False,0.0,False,False,0.433,Moderate,29.3,34.8,119.0,0.095,0.22,0.976,Moderate traffic flow - standard adaptive signal timing in effect
EVT409811,2025-01-19 18:01:29,Sports Fixture,J040,City Market,20120,Weekend,False,Clear,False,0.0,False,False,0.976,Severe,6.6,69.7,350.5,0.107,0.248,0.907,Heavy congestion detected - signal timing extended and reroute suggested
EVT409812,2025-09-22 05:56:45,Trade Fair,J030,MG Road,13600,Weekday,False,Clear,False,0.0,False,False,0.235,Low,39.5,15.0,105.8,0.103,0.237,0.96,Normal free-flow traffic - standard signal timing maintained
EVT409813,2025-09-28 21:40:57,Sports Fixture,J009,Majestic,8636,Weekend,False,Clear,False,0.0,False,False,0.334,Low,36.7,19.4,79.1,0.075,0.173,0.966,Moderate traffic flow - standard adaptive signal timing in effect
EVT409814,2025-06-24 12:07:17,Local Market Day,J023,Basavanagudi,4588,Weekday,False,Heavy Rain,True,38.9,False,False,0.686,High,15.3,39.2,296.5,0.163,0.375,0.933,Heavy rain reducing visibility and grip - reduced speed and longer buffer advised
EVT409815,2025-02-27 00:42:05,Local Market Day,J030,MG Road,5937,Weekday,False,Clear,False,0.0,False,False,0.203,Low,45.1,15.2,87.6,0.107,0.247,0.954,Normal free-flow traffic - standard signal timing maintained
EVT409816,2025-03-01 17:33:14,Concert,J012,Koramangala Sony World,7184,Weekend,False,Clear,False,0.0,False,False,0.718,High,15.4,51.2,162.5,0.078,0.18,0.956,Moderate traffic flow - standard adaptive signal timing in effect
EVT409817,2026-01-12 18:54:10,Concert,J023,Basavanagudi,9093,Weekday,False,Clear,False,0.0,False,False,1.0,Severe,8.4,74.5,577.2,0.219,0.505,0.906,Heavy congestion detected - signal timing extended and reroute suggested
EVT409818,2026-01-23 11:26:55,Trade Fair,J020,Malleshwaram Circle,12254,Weekday,False,Clear,False,0.0,False,False,0.42,Moderate,25.7,29.6,170.5,0.134,0.309,0.975,Moderate traffic flow - standard adaptive signal timing in effect
EVT409819,2025-08-05 17:47:46,Local Market Day,J020,Malleshwaram Circle,7060,Weekday,False,Rain,True,20.1,False,False,1.0,Severe,7.4,69.5,452.9,0.166,0.383,0.887,Heavy rain reducing visibility and grip - reduced speed and longer buffer advised
EVT409820,2025-08-16 10:33:42,Religious Festival,J011,Indiranagar 100ft Road,35209,Weekend,True,Rain,True,12.9,False,True,1.0,Severe,8.7,106.1,486.0,0.182,0.42,0.802,Road closure for event/procession - full detour recommended for through-traffic
EVT409821,2026-03-06 12:17:41,Political Rally,J012,Koramangala Sony World,16767,Weekday,False,Clear,False,0.0,False,False,0.258,Low,33.5,22.6,100.9,0.079,0.184,0.937,Moderate traffic flow - standard adaptive signal timing in effect
EVT409822,2025-02-25 17:50:45,Concert,J020,Malleshwaram Circle,10861,Weekday,False,Clear,False,0.0,False,False,1.0,Severe,9.6,73.2,435.1,0.167,0.385,0.927,Heavy congestion detected - signal timing extended and reroute suggested
EVT409823,2026-03-03 07:23:40,Concert,J030,MG Road,9735,Weekday,False,Clear,False,0.0,False,False,0.599,High,20.8,44.3,254.7,0.167,0.387,0.96,Moderate traffic flow - standard adaptive signal timing in effect
EVT409824,2025-02-13 21:24:35,Concert,J023,Basavanagudi,11079,Weekday,False,Clear,False,0.0,False,False,0.362,Moderate,29.1,27.6,275.3,0.225,0.52,0.971,Moderate traffic flow - standard adaptive signal timing in effect
EVT409825,2026-05-20 07:08:27,Political Rally,J023,Basavanagudi,9841,Weekday,False,Clear,False,0.0,False,False,0.547,Moderate,27.0,44.6,164.5,0.134,0.31,0.952,Moderate traffic flow - standard adaptive signal timing in effect
EVT409826,2025-09-03 16:58:58,Local Market Day,J031,Cubbon Road,5908,Weekday,False,Clear,False,0.0,False,False,0.729,High,15.7,48.0,363.0,0.187,0.431,0.947,Moderate traffic flow - standard adaptive signal timing in effect
EVT409827,2025-07-13 19:43:30,Political Rally,J009,Majestic,11966,Weekend,False,Clear,False,0.0,False,False,0.713,High,16.3,47.4,251.9,0.15,0.347,0.973,Moderate traffic flow - standard adaptive signal timing in effect
EVT409828,2025-11-22 08:13:38,Trade Fair,J020,Malleshwaram Circle,21958,Weekend,False,Clear,False,0.0,False,False,0.943,Severe,11.9,68.0,585.5,0.265,0.613,0.901,Heavy congestion detected - signal timing extended and reroute suggested
EVT409829,2025-01-30 17:42:41,Trade Fair,J031,Cubbon Road,10809,Weekday,False,Fog,False,0.0,False,False,0.939,Severe,10.3,66.0,535.5,0.205,0.473,0.935,Heavy congestion detected - signal timing extended and reroute suggested
EVT409830,2025-10-06 07:04:28,Local Market Day,J023,Basavanagudi,3154,Weekday,False,Clear,False,0.0,False,False,0.51,Moderate,25.9,37.1,307.1,0.26,0.601,0.973,Moderate traffic flow - standard adaptive signal timing in effect
EVT409831,2025-06-20 12:08:40,Sports Fixture,J011,Indiranagar 100ft Road,13459,Weekday,False,Heavy Rain,True,26.5,True,False,1.0,Severe,7.8,67.6,563.1,0.177,0.408,0.689,Accident detected nearby - reroute and reduced speed advised
EVT409832,2025-09-17 10:27:48,Concert,J009,Majestic,19865,Weekday,False,Clear,False,0.0,False,False,0.734,High,15.0,52.9,420.9,0.208,0.48,0.95,Moderate traffic flow - standard adaptive signal timing in effect
EVT409833,2025-02-07 09:31:10,Local Market Day,J020,Malleshwaram Circle,4635,Weekday,False,Clear,False,0.0,False,False,0.927,Severe,12.9,66.3,507.1,0.284,0.656,0.92,Heavy congestion detected - signal timing extended and reroute suggested
EVT409834,2025-06-15 13:08:39,Sports Fixture,J023,Basavanagudi,34081,Weekend,False,Rain,True,19.3,False,False,0.699,High,17.0,51.2,273.3,0.157,0.364,0.913,Heavy rain reducing visibility and grip - reduced speed and longer buffer advised
EVT409835,2025-02-04 21:17:30,Concert,J030,MG Road,6486,Weekday,False,Light Rain,True,4.3,False,False,0.418,Moderate,27.9,24.2,147.7,0.131,0.303,0.908,Light rain detected - minor speed reduction advised
EVT409836,2025-04-06 08:20:32,Cultural Procession,J020,Malleshwaram Circle,16771,Weekend,True,Clear,False,0.0,False,True,1.0,Severe,9.3,100.4,773.3,0.296,0.683,0.822,Road closure for event/procession - full detour recommended for through-traffic
EVT409837,2025-01-27 13:01:07,Religious Festival,J023,Basavanagudi,29970,Weekday,True,Light Rain,True,0.8,True,False,1.0,Severe,9.3,77.4,497.5,0.199,0.46,0.64,Accident detected nearby - reroute and reduced speed advised
EVT409838,2025-08-10 20:46:15,Sports Fixture,J040,City Market,25928,Weekend,False,Rain,True,19.4,False,False,0.84,Severe,13.0,62.8,401.4,0.208,0.481,0.899,Heavy rain reducing visibility and grip - reduced speed and longer buffer advised
EVT409839,2025-02-04 15:27:41,Local Market Day,J009,Majestic,6244,Weekday,False,Clear,False,0.0,False,False,0.409,Moderate,24.6,31.9,188.4,0.13,0.3,0.959,Moderate traffic flow - standard adaptive signal timing in effect
EVT409840,2026-04-22 19:28:51,Sports Fixture,J009,Majestic,11829,Weekday,False,Clear,False,0.0,False,False,0.921,Severe,11.8,70.2,478.3,0.212,0.489,0.915,Heavy congestion detected - signal timing extended and reroute suggested
EVT409841,2026-01-25 07:14:23,Sports Fixture,J023,Basavanagudi,39789,Weekend,False,Clear,False,0.0,False,False,0.763,Severe,15.2,53.1,366.0,0.191,0.441,0.939,Heavy congestion detected - signal timing extended and reroute suggested
EVT409842,2026-03-20 09:52:58,Fireworks Display,J020,Malleshwaram Circle,34872,Weekday,True,Clear,False,0.0,False,False,1.0,Severe,7.9,72.5,816.7,0.26,0.6,0.869,Festival crowd surge detected - alternate route and extended cycle recommended
EVT409843,2025-07-02 17:44:33,Local Market Day,J031,Cubbon Road,4761,Weekday,False,Rain,True,18.8,False,False,1.0,Severe,9.0,70.2,369.0,0.137,0.317,0.869,Heavy rain reducing visibility and grip - reduced speed and longer buffer advised
EVT409844,2025-12-19 21:46:41,Concert,J031,Cubbon Road,11440,Weekday,False,Clear,False,0.0,False,False,0.382,Moderate,32.0,26.4,127.5,0.107,0.248,0.966,Moderate traffic flow - standard adaptive signal timing in effect
EVT409845,2025-12-04 09:11:11,Concert,J011,Indiranagar 100ft Road,13572,Weekday,False,Clear,False,0.0,False,False,1.0,Severe,7.9,68.7,681.6,0.204,0.471,0.936,Heavy congestion detected - signal timing extended and reroute suggested
EVT409846,2025-12-05 17:11:38,Concert,J031,Cubbon Road,10479,Weekday,False,Clear,False,0.0,False,False,0.778,Severe,16.8,53.6,226.0,0.111,0.255,0.982,Heavy congestion detected - signal timing extended and reroute suggested
EVT409847,2026-06-20 09:51:26,Sports Fixture,J020,Malleshwaram Circle,32592,Weekend,False,Heavy Rain,True,57.1,False,False,1.0,Severe,8.1,71.3,629.2,0.193,0.446,0.88,Heavy rain reducing visibility and grip - reduced speed and longer buffer advised
EVT409848,2026-04-01 06:10:09,Trade Fair,J012,Koramangala Sony World,9182,Weekday,False,Light Rain,True,6.3,False,False,0.38,Moderate,29.8,27.8,243.9,0.21,0.484,0.914,Light rain detected - minor speed reduction advised
EVT409849,2025-07-30 18:37:53,Local Market Day,J040,City Market,3462,Weekday,False,Clear,False,0.0,False,False,0.983,Severe,10.1,65.0,563.6,0.213,0.492,0.902,Heavy congestion detected - signal timing extended and reroute suggested
EVT409850,2026-02-11 21:16:30,Trade Fair,J011,Indiranagar 100ft Road,7822,Weekday,False,Clear,False,0.0,False,False,0.446,Moderate,27.0,36.5,174.2,0.136,0.315,0.967,Moderate traffic flow - standard adaptive signal timing in effect
EVT409851,2025-10-24 08:23:22,Sports Fixture,J030,MG Road,23301,Weekday,False,Clear,False,0.0,False,False,1.0,Severe,8.7,71.0,280.3,0.108,0.25,0.916,Heavy congestion detected - signal timing extended and reroute suggested
EVT409852,2025-11-16 06:10:31,Trade Fair,J040,City Market,15234,Weekend,False,Fog,False,0.0,False,False,0.409,Moderate,29.2,27.7,111.0,0.104,0.24,0.943,Moderate traffic flow - standard adaptive signal timing in effect
EVT409853,2026-01-15 07:56:12,Religious Festival,J031,Cubbon Road,37123,Weekday,True,Clear,False,0.0,False,False,1.0,Severe,8.6,67.2,425.1,0.146,0.336,0.877,Festival crowd surge detected - alternate route and extended cycle recommended
EVT409854,2025-11-28 20:44:53,Political Rally,J023,Basavanagudi,25189,Weekday,False,Clear,False,0.0,False,False,0.568,High,20.4,40.1,276.7,0.19,0.438,0.98,Moderate traffic flow - standard adaptive signal timing in effect
EVT409855,2026-05-02 07:53:46,Cultural Procession,J011,Indiranagar 100ft Road,8690,Weekend,True,Rain,True,19.7,False,True,1.0,Severe,8.5,98.4,718.9,0.252,0.581,0.801,Road closure for event/procession - full detour recommended for through-traffic
EVT409856,2025-04-14 19:51:26,Religious Festival,J040,City Market,75549,Weekday,True,Clear,False,0.0,False,True,1.0,Severe,9.0,91.8,271.0,0.102,0.236,0.824,Road closure for event/procession - full detour recommended for through-traffic
EVT409857,2025-01-05 06:03:01,Local Market Day,J030,MG Road,8202,Weekend,False,Clear,False,0.0,False,False,0.332,Low,30.3,16.5,239.1,0.228,0.527,0.99,Moderate traffic flow - standard adaptive signal timing in effect
EVT409858,2026-03-23 21:48:53,Concert,J011,Indiranagar 100ft Road,10425,Weekday,False,Clear,False,0.0,False,False,0.315,Low,31.9,25.8,78.6,0.044,0.101,0.95,Moderate traffic flow - standard adaptive signal timing in effect
EVT409859,2025-05-12 09:04:46,Concert,J009,Majestic,9795,Weekday,False,Clear,False,0.0,False,False,1.0,Severe,8.9,63.6,686.4,0.236,0.546,0.914,Heavy congestion detected - signal timing extended and reroute suggested
EVT409860,2025-10-08 15:46:37,Concert,J011,Indiranagar 100ft Road,12836,Weekday,False,Clear,False,0.0,False,False,0.422,Moderate,29.3,30.4,198.5,0.171,0.395,0.99,Moderate traffic flow - standard adaptive signal timing in effect
EVT409861,2026-05-25 13:41:51,Trade Fair,J023,Basavanagudi,5351,Weekday,False,Clear,False,0.0,False,False,0.143,Low,36.1,10.8,155.4,0.128,0.295,0.97,Normal free-flow traffic - standard signal timing maintained
EVT409862,2025-01-09 16:58:44,Sports Fixture,J023,Basavanagudi,25743,Weekday,False,Clear,False,0.0,False,False,0.765,Severe,13.1,54.3,307.0,0.154,0.355,0.963,Heavy congestion detected - signal timing extended and reroute suggested
EVT409863,2025-07-17 09:24:13,Concert,J031,Cubbon Road,12939,Weekday,False,Clear,False,0.0,False,False,1.0,Severe,8.3,68.9,775.6,0.289,0.668,0.924,Heavy congestion detected - signal timing extended and reroute suggested
EVT409864,2026-02-25 15:18:55,Trade Fair,J023,Basavanagudi,13041,Weekday,False,Clear,False,0.0,False,False,0.353,Moderate,29.3,23.9,182.7,0.142,0.328,0.947,Moderate traffic flow - standard adaptive signal timing in effect
EVT409865,2025-05-10 21:11:29,Concert,J023,Basavanagudi,20864,Weekend,False,Clear,False,0.0,False,False,0.466,Moderate,31.8,35.2,187.1,0.168,0.388,0.975,Moderate traffic flow - standard adaptive signal timing in effect
EVT409866,2026-05-08 14:57:39,Local Market Day,J012,Koramangala Sony World,3842,Weekday,False,Clear,False,0.0,False,False,0.241,Low,39.2,16.6,173.6,0.193,0.446,0.954,Normal free-flow traffic - standard signal timing maintained
EVT409867,2025-03-18 15:04:52,Local Market Day,J023,Basavanagudi,3725,Weekday,False,Clear,False,0.0,False,False,0.293,Low,35.2,21.2,137.3,0.12,0.278,0.941,Moderate traffic flow - standard adaptive signal timing in effect
EVT409868,2025-01-21 13:33:26,Sports Fixture,J011,Indiranagar 100ft Road,30584,Weekday,False,Clear,False,0.0,False,False,0.378,Moderate,27.1,21.2,113.0,0.096,0.223,0.96,Moderate traffic flow - standard adaptive signal timing in effect
EVT409869,2025-04-30 09:48:37,Concert,J012,Koramangala Sony World,13100,Weekday,False,Clear,False,0.0,False,False,0.865,Severe,12.7,51.9,444.7,0.198,0.457,0.951,Heavy congestion detected - signal timing extended and reroute suggested
EVT409870,2026-02-11 20:42:25,Local Market Day,J040,City Market,6096,Weekday,False,Clear,False,0.0,False,False,0.577,High,20.1,39.4,140.8,0.093,0.214,0.961,Moderate traffic flow - standard adaptive signal timing in effect
EVT409871,2025-05-20 08:24:44,Sports Fixture,J023,Basavanagudi,23124,Weekday,False,Clear,False,0.0,False,False,1.0,Severe,7.9,69.1,754.7,0.225,0.52,0.905,Heavy congestion detected - signal timing extended and reroute suggested
EVT409872,2025-04-21 07:47:38,Local Market Day,J030,MG Road,2935,Weekday,False,Clear,False,0.0,False,False,0.708,High,16.1,45.7,108.7,0.048,0.11,0.95,Moderate traffic flow - standard adaptive signal timing in effect
EVT409873,2025-02-25 06:41:52,Trade Fair,J040,City Market,9453,Weekday,False,Clear,False,0.0,False,False,0.335,Low,28.0,26.2,210.3,0.163,0.377,0.94,Moderate traffic flow - standard adaptive signal timing in effect
EVT409874,2026-01-07 13:28:57,Local Market Day,J011,Indiranagar 100ft Road,7278,Weekday,False,Clear,False,0.0,False,False,0.2,Low,35.0,13.3,109.2,0.089,0.205,0.974,Normal free-flow traffic - standard signal timing maintained
EVT409875,2025-09-29 05:50:31,Trade Fair,J012,Koramangala Sony World,7552,Weekday,False,Clear,False,0.0,False,False,0.206,Low,31.6,17.8,115.8,0.081,0.187,0.966,Normal free-flow traffic - standard signal timing maintained
EVT409876,2025-12-17 18:46:55,Sports Fixture,J020,Malleshwaram Circle,26575,Weekday,False,Clear,False,0.0,False,False,1.0,Severe,10.0,71.1,589.9,0.219,0.505,0.922,Heavy congestion detected - signal timing extended and reroute suggested
EVT409877,2026-04-26 23:00:38,Concert,J031,Cubbon Road,11525,Weekend,False,Clear,False,0.0,False,False,0.392,Moderate,25.8,26.5,236.9,0.178,0.412,0.961,Moderate traffic flow - standard adaptive signal timing in effect
EVT409878,2025-03-18 09:19:42,Sports Fixture,J009,Majestic,15189,Weekday,False,Clear,False,0.0,False,False,1.0,Severe,7.8,66.8,664.0,0.233,0.538,0.909,Heavy congestion detected - signal timing extended and reroute suggested
EVT409879,2025-05-28 17:06:09,Trade Fair,J020,Malleshwaram Circle,8736,Weekday,False,Clear,False,0.0,False,False,0.775,Severe,16.6,54.6,465.6,0.282,0.652,0.961,Heavy congestion detected - signal timing extended and reroute suggested
EVT409880,2025-11-11 16:07:12,Local Market Day,J040,City Market,4482,Weekday,False,Clear,False,0.0,False,False,0.423,Moderate,22.6,27.3,198.0,0.137,0.316,0.975,Moderate traffic flow - standard adaptive signal timing in effect
EVT409881,2025-05-27 12:17:28,Trade Fair,J011,Indiranagar 100ft Road,14665,Weekday,False,Clear,False,0.0,False,False,0.319,Low,26.5,19.3,115.2,0.077,0.178,0.966,Moderate traffic flow - standard adaptive signal timing in effect
EVT409882,2026-01-27 06:03:39,Fireworks Display,J020,Malleshwaram Circle,22105,Weekday,True,Clear,False,0.0,False,False,0.634,High,18.9,48.9,307.9,0.17,0.392,0.958,Festival crowd surge detected - alternate route and extended cycle recommended
EVT409883,2025-11-25 08:09:59,Trade Fair,J012,Koramangala Sony World,10301,Weekday,False,Clear,False,0.0,False,False,0.837,Severe,15.8,56.2,288.7,0.159,0.366,0.948,Heavy congestion detected - signal timing extended and reroute suggested
EVT409884,2025-10-09 09:39:56,Political Rally,J031,Cubbon Road,31744,Weekday,False,Clear,False,0.0,False,False,1.0,Severe,7.6,71.3,656.5,0.211,0.488,0.913,Heavy congestion detected - signal timing extended and reroute suggested
EVT409885,2025-05-23 16:08:55,Local Market Day,J030,MG Road,2493,Weekday,False,Clear,False,0.0,False,False,0.497,Moderate,22.9,37.1,209.0,0.147,0.34,0.956,Moderate traffic flow - standard adaptive signal timing in effect
EVT409886,2025-02-20 09:33:52,Trade Fair,J012,Koramangala Sony World,5597,Weekday,False,Clear,False,0.0,False,False,0.953,Severe,9.8,66.4,425.7,0.184,0.424,0.912,Heavy congestion detected - signal timing extended and reroute suggested
EVT409887,2025-04-21 20:12:39,Trade Fair,J011,Indiranagar 100ft Road,12040,Weekday,False,Clear,False,0.0,False,False,0.727,High,16.7,53.7,147.9,0.058,0.135,0.966,Moderate traffic flow - standard adaptive signal timing in effect
EVT409888,2025-03-16 16:52:42,Sports Fixture,J040,City Market,19030,Weekend,False,Clear,False,0.0,False,False,0.635,High,16.1,48.3,253.4,0.123,0.284,0.96,Moderate traffic flow - standard adaptive signal timing in effect
EVT409889,2025-04-24 12:23:19,Local Market Day,J012,Koramangala Sony World,3895,Weekday,False,Clear,False,0.0,False,False,0.205,Low,31.3,14.1,241.8,0.179,0.413,0.962,Normal free-flow traffic - standard signal timing maintained
EVT409890,2026-04-05 15:44:26,Political Rally,J020,Malleshwaram Circle,9988,Weekend,False,Clear,False,0.0,False,False,0.502,Moderate,28.8,34.0,249.2,0.218,0.503,0.953,Moderate traffic flow - standard adaptive signal timing in effect
EVT409891,2025-02-27 10:18:18,Local Market Day,J020,Malleshwaram Circle,3048,Weekday,False,Clear,False,0.0,False,False,0.645,High,17.6,46.8,436.9,0.248,0.572,0.957,Moderate traffic flow - standard adaptive signal timing in effect
EVT409892,2025-11-16 18:28:08,Political Rally,J031,Cubbon Road,11365,Weekend,False,Clear,False,0.0,False,False,0.903,Severe,13.7,65.3,518.5,0.265,0.612,0.969,Heavy congestion detected - signal timing extended and reroute suggested
EVT409893,2025-04-24 09:26:01,Local Market Day,J040,City Market,3331,Weekday,False,Clear,False,0.0,False,False,1.0,Severe,9.0,74.2,522.8,0.187,0.432,0.924,Heavy congestion detected - signal timing extended and reroute suggested
EVT409894,2026-01-14 10:01:11,Religious Festival,J009,Majestic,68123,Weekday,True,Clear,False,0.0,False,True,1.0,Severe,8.3,103.2,467.3,0.173,0.399,0.825,Road closure for event/procession - full detour recommended for through-traffic
EVT409895,2026-06-26 18:30:06,Political Rally,J030,MG Road,17206,Weekday,False,Clear,False,0.0,False,False,1.0,Severe,7.9,66.9,518.0,0.181,0.418,0.897,Heavy congestion detected - signal timing extended and reroute suggested
EVT409896,2025-12-29 11:14:47,Local Market Day,J030,MG Road,4880,Weekday,False,Clear,False,0.0,False,False,0.492,Moderate,21.6,37.7,171.6,0.1,0.231,0.944,Moderate traffic flow - standard adaptive signal timing in effect
EVT409897,2025-11-03 08:27:48,Concert,J040,City Market,12139,Weekday,False,Clear,False,0.0,False,False,1.0,Severe,7.5,69.8,326.6,0.123,0.284,0.908,Heavy congestion detected - signal timing extended and reroute suggested
EVT409898,2025-09-16 11:16:56,Local Market Day,J012,Koramangala Sony World,7020,Weekday,False,Rain,True,13.8,False,False,0.571,High,20.3,45.2,259.4,0.18,0.416,0.904,Heavy rain reducing visibility and grip - reduced speed and longer buffer advised
EVT409899,2025-03-29 11:51:28,Sports Fixture,J011,Indiranagar 100ft Road,17717,Weekend,False,Clear,False,0.0,False,False,0.334,Low,28.9,22.0,132.0,0.112,0.258,0.987,Moderate traffic flow - standard adaptive signal timing in effect
EVT409900,2025-03-14 16:38:11,Fireworks Display,J040,City Market,36329,Weekday,True,Clear,False,0.0,False,False,0.955,Severe,9.9,72.8,584.8,0.238,0.55,0.886,Festival crowd surge detected - alternate route and extended cycle recommended
EVT409901,2025-01-22 10:01:26,Local Market Day,J031,Cubbon Road,2679,Weekday,False,Light Rain,True,0.6,False,False,0.806,Severe,18.4,50.9,184.8,0.134,0.309,0.881,Heavy rain reducing visibility and grip - reduced speed and longer buffer advised
EVT409902,2026-05-30 17:33:20,Local Market Day,J012,Koramangala Sony World,4634,Weekend,False,Clear,False,0.0,False,False,0.714,High,15.5,59.6,390.6,0.21,0.486,0.961,Moderate traffic flow - standard adaptive signal timing in effect
EVT409903,2025-09-05 06:33:28,Religious Festival,J009,Majestic,29818,Weekday,True,Heavy Rain,True,48.1,False,False,0.977,Severe,8.5,68.5,327.9,0.134,0.309,0.859,Festival crowd surge detected - alternate route and extended cycle recommended
EVT409904,2025-11-19 18:08:25,Sports Fixture,J023,Basavanagudi,15570,Weekday,False,Clear,False,0.0,False,False,1.0,Severe,9.7,72.6,499.0,0.206,0.476,0.948,Heavy congestion detected - signal timing extended and reroute suggested
EVT409905,2026-01-01 13:22:40,Religious Festival,J031,Cubbon Road,49105,Weekday,True,Clear,False,0.0,False,True,0.835,High,15.9,81.8,187.0,0.093,0.215,0.878,Road closure for event/procession - full detour recommended for through-traffic
EVT409906,2026-05-27 03:00:28,Political Rally,J023,Basavanagudi,11946,Weekday,False,Clear,False,0.0,False,False,0.256,Low,30.0,15.8,111.3,0.079,0.183,0.972,Moderate traffic flow - standard adaptive signal timing in effect
EVT409907,2026-03-25 06:04:18,Local Market Day,J030,MG Road,5504,Weekday,False,Clear,False,0.0,False,False,0.24,Low,25.8,20.1,154.5,0.11,0.254,0.955,Normal free-flow traffic - standard signal timing maintained
EVT409908,2025-11-18 02:03:25,Sports Fixture,J030,MG Road,18407,Weekday,False,Clear,False,0.0,False,False,0.292,Low,25.2,23.9,74.4,0.038,0.087,0.961,Moderate traffic flow - standard adaptive signal timing in effect
EVT409909,2025-01-27 19:47:33,Cultural Procession,J023,Basavanagudi,18667,Weekday,True,Clear,False,0.0,False,False,1.0,Severe,8.6,68.2,196.4,0.087,0.201,0.871,Festival crowd surge detected - alternate route and extended cycle recommended
EVT409910,2025-11-30 19:56:10,Concert,J030,MG Road,13280,Weekend,False,Clear,False,0.0,False,False,0.743,High,20.3,53.2,293.5,0.203,0.468,0.966,Moderate traffic flow - standard adaptive signal timing in effect
EVT409911,2026-05-26 04:05:54,Sports Fixture,J031,Cubbon Road,24448,Weekday,False,Clear,False,0.0,False,False,0.301,Low,33.7,23.9,179.8,0.162,0.373,0.975,Moderate traffic flow - standard adaptive signal timing in effect
EVT409912,2026-01-11 09:15:38,Concert,J012,Koramangala Sony World,22382,Weekend,False,Clear,False,0.0,False,False,0.951,Severe,8.8,69.9,604.1,0.218,0.504,0.925,Heavy congestion detected - signal timing extended and reroute suggested
EVT409913,2025-03-02 09:49:21,Concert,J020,Malleshwaram Circle,7772,Weekend,False,Clear,False,0.0,False,False,0.879,Severe,12.3,57.5,411.9,0.196,0.452,0.942,Heavy congestion detected - signal timing extended and reroute suggested
EVT409914,2025-02-09 08:46:59,Sports Fixture,J023,Basavanagudi,20467,Weekend,False,Clear,False,0.0,False,False,0.8,Severe,16.2,57.4,341.2,0.195,0.45,0.945,Heavy congestion detected - signal timing extended and reroute suggested
EVT409915,2026-05-21 17:55:20,Trade Fair,J020,Malleshwaram Circle,7122,Weekday,False,Rain,True,15.6,False,False,1.0,Severe,8.3,71.3,681.5,0.243,0.56,0.885,Heavy rain reducing visibility and grip - reduced speed and longer buffer advised
EVT409916,2025-04-15 11:49:47,Cultural Procession,J030,MG Road,24986,Weekday,True,Clear,False,0.0,False,True,0.688,Moderate,18.5,66.6,451.9,0.257,0.593,0.872,Road closure for event/procession - full detour recommended for through-traffic
EVT409917,2026-03-28 21:47:26,Local Market Day,J011,Indiranagar 100ft Road,2953,Weekend,False,Clear,False,0.0,False,False,0.293,Low,31.6,17.7,164.0,0.135,0.311,0.949,Moderate traffic flow - standard adaptive signal timing in effect
EVT409918,2026-02-26 08:21:29,Concert,J031,Cubbon Road,13681,Weekday,False,Clear,False,0.0,False,False,0.905,Severe,10.3,72.2,486.3,0.191,0.442,0.924,Heavy congestion detected - signal timing extended and reroute suggested
EVT409919,2025-07-12 14:26:56,Political Rally,J012,Koramangala Sony World,13321,Weekend,False,Heavy Rain,True,26.5,False,False,0.608,High,15.5,41.8,243.7,0.123,0.284,0.951,Heavy rain reducing visibility and grip - reduced speed and longer buffer advised
EVT409920,2026-05-09 13:35:07,Local Market Day,J023,Basavanagudi,3586,Weekend,False,Clear,False,0.0,False,False,0.225,Low,34.4,16.8,132.1,0.127,0.294,0.944,Normal free-flow traffic - standard signal timing maintained
EVT409921,2025-09-07 20:36:36,Local Market Day,J031,Cubbon Road,3754,Weekend,False,Rain,True,17.1,False,False,0.597,High,27.2,45.6,187.5,0.132,0.305,0.902,Heavy rain reducing visibility and grip - reduced speed and longer buffer advised
EVT409922,2025-04-03 08:20:47,Local Market Day,J023,Basavanagudi,5229,Weekday,False,Fog,False,0.0,False,False,0.895,Severe,9.2,69.1,833.6,0.28,0.647,0.929,Heavy congestion detected - signal timing extended and reroute suggested
EVT409923,2025-12-02 14:04:30,Political Rally,J009,Majestic,14221,Weekday,False,Clear,False,0.0,False,False,0.197,Low,25.2,17.9,178.4,0.118,0.272,0.935,Normal free-flow traffic - standard signal timing maintained
EVT409924,2026-06-02 19:48:09,Local Market Day,J009,Majestic,3910,Weekday,False,Clear,False,0.0,False,False,0.772,Severe,16.3,50.8,265.9,0.163,0.378,0.964,Heavy congestion detected - signal timing extended and reroute suggested
EVT409925,2026-03-08 10:32:44,Local Market Day,J030,MG Road,3920,Weekend,False,Clear,False,0.0,False,False,0.553,High,21.0,43.3,243.2,0.17,0.392,0.98,Moderate traffic flow - standard adaptive signal timing in effect
EVT409926,2025-04-24 11:53:11,Local Market Day,J030,MG Road,4189,Weekday,False,Clear,False,0.0,False,False,0.298,Low,33.9,16.8,139.0,0.112,0.259,0.977,Moderate traffic flow - standard adaptive signal timing in effect
EVT409927,2025-11-26 21:18:14,Sports Fixture,J031,Cubbon Road,15984,Weekday,False,Light Rain,True,7.0,False,False,0.522,Moderate,28.9,41.5,187.1,0.161,0.371,0.928,Light rain detected - minor speed reduction advised
EVT409928,2025-10-31 23:50:32,Political Rally,J031,Cubbon Road,27258,Weekday,False,Heavy Rain,True,42.5,False,False,0.609,High,20.7,42.0,178.9,0.097,0.223,0.919,Heavy rain reducing visibility and grip - reduced speed and longer buffer advised
EVT409929,2026-03-10 08:31:33,Sports Fixture,J012,Koramangala Sony World,34211,Weekday,False,Clear,False,0.0,False,False,1.0,Severe,8.1,75.1,507.5,0.18,0.415,0.923,Heavy congestion detected - signal timing extended and reroute suggested
EVT409930,2025-07-13 15:05:18,Concert,J012,Koramangala Sony World,17743,Weekend,False,Rain,True,15.4,False,False,0.549,Moderate,23.3,44.3,214.9,0.131,0.303,0.961,Light rain detected - minor speed reduction advised
EVT409931,2026-06-05 13:59:08,Local Market Day,J031,Cubbon Road,2268,Weekday,False,Clear,False,0.0,False,False,0.195,Low,35.3,16.2,154.2,0.162,0.375,0.96,Normal free-flow traffic - standard signal timing maintained
EVT409932,2025-06-27 22:25:59,Local Market Day,J020,Malleshwaram Circle,2707,Weekday,False,Clear,False,0.0,False,False,0.25,Low,37.3,17.1,164.9,0.16,0.371,0.953,Normal free-flow traffic - standard signal timing maintained
EVT409933,2025-11-17 09:56:18,Local Market Day,J040,City Market,4265,Weekday,False,Clear,False,0.0,False,False,0.839,Severe,13.9,55.5,251.6,0.118,0.273,0.939,Heavy congestion detected - signal timing extended and reroute suggested
EVT409934,2025-08-17 17:57:47,Sports Fixture,J040,City Market,13811,Weekend,False,Rain,True,10.0,False,False,0.979,Severe,8.8,69.2,635.7,0.211,0.488,0.874,Heavy rain reducing visibility and grip - reduced speed and longer buffer advised
EVT409935,2025-08-07 14:14:09,Concert,J031,Cubbon Road,18171,Weekday,False,Clear,False,0.0,False,False,0.349,Low,20.8,27.5,199.2,0.095,0.218,0.949,Moderate traffic flow - standard adaptive signal timing in effect
EVT409936,2025-04-08 06:23:29,Political Rally,J040,City Market,12687,Weekday,False,Clear,False,0.0,False,False,0.414,Moderate,21.9,31.0,168.9,0.092,0.214,0.966,Moderate traffic flow - standard adaptive signal timing in effect
EVT409937,2026-01-26 18:48:13,Religious Festival,J020,Malleshwaram Circle,44094,Weekday,True,Clear,False,0.0,False,False,1.0,Severe,10.3,71.5,429.5,0.204,0.47,0.86,Festival crowd surge detected - alternate route and extended cycle recommended
EVT409938,2025-07-01 16:45:07,Concert,J031,Cubbon Road,5535,Weekday,False,Heavy Rain,True,44.9,False,False,0.982,Severe,10.0,69.2,445.9,0.175,0.404,0.869,Heavy rain reducing visibility and grip - reduced speed and longer buffer advised
EVT409939,2025-10-19 18:16:07,Concert,J031,Cubbon Road,17142,Weekend,False,Rain,True,12.1,False,False,1.0,Severe,9.2,74.2,341.3,0.149,0.344,0.896,Heavy rain reducing visibility and grip - reduced speed and longer buffer advised
EVT409940,2026-02-28 10:17:40,Sports Fixture,J031,Cubbon Road,12304,Weekend,False,Clear,False,0.0,False,False,0.733,High,17.5,48.6,462.0,0.263,0.607,0.99,Moderate traffic flow - standard adaptive signal timing in effect
EVT409941,2026-04-18 19:44:50,Trade Fair,J030,MG Road,10394,Weekend,False,Clear,False,0.0,False,False,0.727,High,18.5,51.6,150.3,0.091,0.209,0.977,Moderate traffic flow - standard adaptive signal timing in effect
EVT409942,2026-03-23 10:08:02,Concert,J012,Koramangala Sony World,11653,Weekday,False,Clear,False,0.0,False,False,0.739,High,11.9,48.6,309.1,0.121,0.281,0.948,Moderate traffic flow - standard adaptive signal timing in effect
EVT409943,2026-05-30 09:17:16,Local Market Day,J040,City Market,5235,Weekend,False,Rain,True,11.0,False,False,0.987,Severe,9.2,70.9,437.3,0.184,0.426,0.855,Heavy rain reducing visibility and grip - reduced speed and longer buffer advised
EVT409944,2025-06-23 18:37:40,Local Market Day,J020,Malleshwaram Circle,3655,Weekday,False,Heavy Rain,True,41.2,False,False,1.0,Severe,8.2,69.9,611.7,0.224,0.518,0.852,Heavy rain reducing visibility and grip - reduced speed and longer buffer advised
EVT409945,2026-03-27 08:40:59,Religious Festival,J011,Indiranagar 100ft Road,70113,Weekday,True,Clear,False,0.0,False,True,1.0,Severe,6.7,96.7,717.9,0.211,0.488,0.823,Road closure for event/procession - full detour recommended for through-traffic
EVT409946,2026-02-26 18:09:55,Trade Fair,J030,MG Road,9052,Weekday,False,Clear,False,0.0,False,False,1.0,Severe,9.8,72.9,324.4,0.141,0.325,0.916,Heavy congestion detected - signal timing extended and reroute suggested
EVT409947,2026-01-09 16:14:32,Trade Fair,J040,City Market,9936,Weekday,False,Clear,False,0.0,False,False,0.445,Moderate,32.1,35.3,175.5,0.152,0.35,0.99,Moderate traffic flow - standard adaptive signal timing in effect
EVT409948,2025-12-24 18:17:45,Concert,J009,Majestic,8571,Weekday,False,Clear,False,0.0,False,False,1.0,Severe,9.7,67.9,717.9,0.272,0.629,0.914,Heavy congestion detected - signal timing extended and reroute suggested
EVT409949,2025-12-10 17:56:48,Local Market Day,J030,MG Road,2991,Weekday,False,Clear,False,0.0,False,False,0.847,Severe,10.9,61.9,596.1,0.239,0.551,0.946,Heavy congestion detected - signal timing extended and reroute suggested
EVT409950,2025-03-04 16:36:38,Local Market Day,J030,MG Road,4379,Weekday,False,Clear,False,0.0,False,False,0.515,Moderate,18.3,36.1,294.2,0.174,0.402,0.956,Moderate traffic flow - standard adaptive signal timing in effect
EVT409951,2026-02-18 20:14:52,Local Market Day,J009,Majestic,3786,Weekday,False,Clear,False,0.0,False,False,0.675,High,25.0,43.8,233.2,0.17,0.393,0.961,Moderate traffic flow - standard adaptive signal timing in effect
EVT409952,2025-08-02 18:03:53,Concert,J012,Koramangala Sony World,8522,Weekend,False,Clear,False,0.0,False,False,0.881,Severe,10.3,70.9,176.8,0.086,0.198,0.953,Heavy congestion detected - signal timing extended and reroute suggested
EVT409953,2025-11-01 22:37:36,Fireworks Display,J012,Koramangala Sony World,32795,Weekend,True,Clear,False,0.0,False,False,0.659,High,19.5,46.7,217.6,0.123,0.284,0.909,Festival crowd surge detected - alternate route and extended cycle recommended
EVT409954,2026-05-10 15:57:56,Trade Fair,J009,Majestic,15210,Weekend,False,Clear,False,0.0,False,False,0.476,Moderate,25.7,30.7,163.5,0.117,0.269,0.947,Moderate traffic flow - standard adaptive signal timing in effect
EVT409955,2025-01-04 11:16:28,Sports Fixture,J030,MG Road,21493,Weekend,False,Clear,False,0.0,False,False,0.576,High,26.1,43.5,310.3,0.239,0.551,0.957,Moderate traffic flow - standard adaptive signal timing in effect
EVT409956,2026-06-09 17:51:56,Concert,J040,City Market,8581,Weekday,False,Clear,False,0.0,False,False,1.0,Severe,8.3,73.5,846.7,0.275,0.636,0.902,Heavy congestion detected - signal timing extended and reroute suggested
EVT409957,2026-04-21 07:10:21,Concert,J030,MG Road,11247,Weekday,False,Clear,False,0.0,False,False,0.486,Moderate,29.0,37.1,114.6,0.107,0.248,0.981,Moderate traffic flow - standard adaptive signal timing in effect
EVT409958,2025-05-24 10:10:58,Sports Fixture,J011,Indiranagar 100ft Road,17294,Weekend,False,Clear,False,0.0,False,False,0.712,High,16.5,50.3,462.7,0.236,0.546,0.961,Moderate traffic flow - standard adaptive signal timing in effect
EVT409959,2026-05-10 09:31:26,Local Market Day,J020,Malleshwaram Circle,2628,Weekend,False,Clear,False,0.0,False,False,0.865,Severe,12.2,64.1,457.5,0.219,0.507,0.936,Heavy congestion detected - signal timing extended and reroute suggested
EVT409960,2025-08-19 08:32:17,Local Market Day,J011,Indiranagar 100ft Road,4672,Weekday,False,Heavy Rain,True,28.5,False,False,1.0,Severe,6.7,76.6,786.6,0.225,0.52,0.879,Heavy rain reducing visibility and grip - reduced speed and longer buffer advised
EVT409961,2025-03-10 09:16:57,Sports Fixture,J020,Malleshwaram Circle,14716,Weekday,False,Clear,False,0.0,False,False,1.0,Severe,7.7,77.1,650.7,0.227,0.525,0.902,Heavy congestion detected - signal timing extended and reroute suggested
EVT409962,2026-02-13 14:42:15,Sports Fixture,J030,MG Road,18643,Weekday,False,Clear,False,0.0,False,False,0.35,Low,29.1,24.6,133.6,0.096,0.222,0.971,Moderate traffic flow - standard adaptive signal timing in effect
EVT409963,2025-03-26 18:17:45,Local Market Day,J030,MG Road,6206,Weekday,False,Clear,False,0.0,False,False,1.0,Severe,9.6,69.8,706.0,0.262,0.605,0.921,Heavy congestion detected - signal timing extended and reroute suggested
EVT409964,2025-09-14 14:24:04,Political Rally,J020,Malleshwaram Circle,28126,Weekend,False,Clear,False,0.0,False,False,0.541,Moderate,25.1,39.7,212.5,0.161,0.372,0.974,Moderate traffic flow - standard adaptive signal timing in effect
EVT409965,2026-03-21 08:58:58,Local Market Day,J011,Indiranagar 100ft Road,3920,Weekend,False,Clear,False,0.0,False,False,0.765,Severe,14.7,57.0,230.7,0.109,0.253,0.951,Heavy congestion detected - signal timing extended and reroute suggested
EVT409966,2025-12-14 15:03:08,Trade Fair,J012,Koramangala Sony World,5544,Weekend,False,Clear,False,0.0,False,False,0.384,Moderate,24.8,21.0,218.0,0.151,0.348,0.944,Moderate traffic flow - standard adaptive signal timing in effect
EVT409967,2026-02-06 16:15:31,Sports Fixture,J023,Basavanagudi,17787,Weekday,False,Clear,False,0.0,False,False,0.552,High,15.8,41.5,344.8,0.169,0.39,0.957,Moderate traffic flow - standard adaptive signal timing in effect
EVT409968,2025-07-11 08:55:12,Sports Fixture,J031,Cubbon Road,17381,Weekday,False,Clear,False,0.0,False,False,1.0,Severe,9.5,71.6,528.2,0.192,0.443,0.899,Heavy congestion detected - signal timing extended and reroute suggested
EVT409969,2026-05-28 06:16:11,Concert,J012,Koramangala Sony World,12708,Weekday,False,Clear,False,0.0,False,False,0.353,Moderate,27.7,30.1,137.2,0.119,0.276,0.983,Moderate traffic flow - standard adaptive signal timing in effect
EVT409970,2026-02-13 14:05:27,Concert,J023,Basavanagudi,18499,Weekday,False,Clear,False,0.0,False,False,0.316,Low,26.6,20.5,169.4,0.129,0.299,0.982,Moderate traffic flow - standard adaptive signal timing in effect
EVT409971,2026-05-30 16:33:51,Local Market Day,J030,MG Road,4947,Weekend,False,Clear,False,0.0,False,False,0.57,High,24.0,46.1,200.8,0.13,0.3,0.963,Moderate traffic flow - standard adaptive signal timing in effect
EVT409972,2026-06-13 18:55:40,Concert,J023,Basavanagudi,10317,Weekend,False,Light Rain,True,6.2,False,False,1.0,Severe,8.2,72.8,867.6,0.292,0.674,0.867,Heavy rain reducing visibility and grip - reduced speed and longer buffer advised
EVT409973,2025-03-15 18:42:41,Religious Festival,J011,Indiranagar 100ft Road,68317,Weekend,True,Clear,False,0.0,False,True,1.0,Severe,6.4,95.4,1195.5,0.304,0.701,0.812,Road closure for event/procession - full detour recommended for through-traffic
EVT409974,2025-05-18 08:15:40,Concert,J009,Majestic,8285,Weekend,False,Clear,False,0.0,False,False,0.794,Severe,13.5,56.3,346.5,0.159,0.366,0.953,Heavy congestion detected - signal timing extended and reroute suggested
EVT409975,2025-08-15 19:39:43,Religious Festival,J031,Cubbon Road,79410,Weekday,True,Rain,True,16.3,False,True,1.0,Severe,9.9,98.8,683.6,0.256,0.591,0.81,Road closure for event/procession - full detour recommended for through-traffic
EVT409976,2026-05-01 09:57:04,Religious Festival,J030,MG Road,29804,Weekday,True,Heavy Rain,True,33.5,False,False,1.0,Severe,9.1,67.6,301.7,0.132,0.306,0.804,Festival crowd surge detected - alternate route and extended cycle recommended
EVT409977,2025-01-10 20:50:48,Concert,J023,Basavanagudi,7415,Weekday,False,Clear,False,0.0,False,False,0.471,Moderate,29.7,27.5,150.4,0.107,0.247,0.989,Moderate traffic flow - standard adaptive signal timing in effect
EVT409978,2025-01-22 17:32:23,Concert,J009,Majestic,12680,Weekday,False,Clear,False,0.0,False,False,0.923,Severe,9.2,68.9,585.8,0.201,0.464,0.956,Heavy congestion detected - signal timing extended and reroute suggested
EVT409979,2026-04-05 07:02:16,Local Market Day,J011,Indiranagar 100ft Road,1935,Weekend,False,Clear,False,0.0,False,False,0.39,Moderate,32.8,26.2,186.1,0.161,0.371,0.956,Moderate traffic flow - standard adaptive signal timing in effect
EVT409980,2025-06-25 13:49:31,Concert,J040,City Market,17293,Weekday,False,Rain,True,21.6,False,False,0.457,Moderate,25.0,24.6,133.7,0.086,0.199,0.904,Light rain detected - minor speed reduction advised
EVT409981,2025-01-18 08:31:16,Political Rally,J011,Indiranagar 100ft Road,10998,Weekend,False,Clear,False,0.0,False,False,0.85,Severe,9.2,52.9,430.6,0.14,0.323,0.935,Heavy congestion detected - signal timing extended and reroute suggested
EVT409982,2025-07-15 16:26:02,Local Market Day,J020,Malleshwaram Circle,7516,Weekday,False,Heavy Rain,True,75.6,False,False,0.903,Severe,11.1,59.9,245.0,0.12,0.278,0.902,Heavy rain reducing visibility and grip - reduced speed and longer buffer advised
EVT409983,2025-06-07 20:04:46,Local Market Day,J040,City Market,3236,Weekend,False,Clear,False,0.0,True,False,1.0,Severe,9.4,71.1,338.5,0.138,0.318,0.758,Accident detected nearby - reroute and reduced speed advised
EVT409984,2026-02-26 17:40:11,Concert,J040,City Market,10905,Weekday,False,Clear,False,0.0,False,False,1.0,Severe,9.0,69.6,644.2,0.217,0.502,0.918,Heavy congestion detected - signal timing extended and reroute suggested
EVT409985,2025-09-18 23:23:53,Local Market Day,J023,Basavanagudi,4483,Weekday,False,Clear,False,0.0,False,False,0.182,Low,32.9,8.0,118.4,0.097,0.224,0.99,Normal free-flow traffic - standard signal timing maintained
EVT409986,2026-06-17 17:33:22,Local Market Day,J030,MG Road,3029,Weekday,False,Heavy Rain,True,32.7,False,False,1.0,Severe,6.3,62.6,955.8,0.256,0.592,0.86,Heavy rain reducing visibility and grip - reduced speed and longer buffer advised
EVT409987,2025-05-29 09:52:03,Trade Fair,J011,Indiranagar 100ft Road,14988,Weekday,False,Clear,False,0.0,False,False,0.944,Severe,9.5,64.1,593.2,0.229,0.528,0.949,Heavy congestion detected - signal timing extended and reroute suggested
EVT409988,2025-02-16 19:35:32,Local Market Day,J023,Basavanagudi,8695,Weekend,False,Clear,False,0.0,False,False,0.739,High,17.1,54.2,216.9,0.136,0.315,0.939,Moderate traffic flow - standard adaptive signal timing in effect
EVT409989,2025-05-28 17:54:44,Local Market Day,J040,City Market,2650,Weekday,False,Rain,True,13.5,False,False,1.0,Severe,7.8,75.3,473.4,0.163,0.377,0.855,Heavy rain reducing visibility and grip - reduced speed and longer buffer advised
EVT409990,2025-01-22 06:54:17,Trade Fair,J012,Koramangala Sony World,5740,Weekday,False,Clear,False,0.0,False,False,0.387,Moderate,24.3,29.3,127.6,0.069,0.16,0.962,Moderate traffic flow - standard adaptive signal timing in effect
EVT409991,2025-11-19 19:51:49,Local Market Day,J009,Majestic,2721,Weekday,False,Clear,False,0.0,False,False,0.801,Severe,15.0,61.5,352.4,0.175,0.405,0.94,Heavy congestion detected - signal timing extended and reroute suggested
EVT409992,2025-12-07 16:01:29,Concert,J030,MG Road,11356,Weekend,False,Clear,False,0.0,False,False,0.446,Moderate,25.8,35.2,265.3,0.199,0.461,0.96,Moderate traffic flow - standard adaptive signal timing in effect
EVT409993,2025-11-06 14:04:46,Concert,J012,Koramangala Sony World,8341,Weekday,False,Clear,False,0.0,False,False,0.189,Low,30.8,11.0,117.0,0.102,0.235,0.953,Normal free-flow traffic - standard signal timing maintained
EVT409994,2026-05-09 15:18:50,Political Rally,J030,MG Road,13620,Weekend,False,Clear,False,0.0,False,False,0.394,Moderate,23.0,32.6,182.5,0.124,0.287,0.957,Moderate traffic flow - standard adaptive signal timing in effect
EVT409995,2025-04-07 12:46:24,Religious Festival,J011,Indiranagar 100ft Road,30011,Weekday,True,Clear,False,0.0,False,True,0.664,Moderate,21.3,71.6,368.1,0.252,0.583,0.919,Road closure for event/procession - full detour recommended for through-traffic
EVT409996,2025-11-02 16:19:24,Fireworks Display,J012,Koramangala Sony World,21507,Weekend,True,Clear,False,0.0,False,False,0.807,Severe,15.4,57.8,395.0,0.215,0.497,0.923,Festival crowd surge detected - alternate route and extended cycle recommended
EVT409997,2026-05-14 11:02:20,Trade Fair,J020,Malleshwaram Circle,8947,Weekday,False,Clear,False,0.0,False,False,0.49,Moderate,21.0,35.4,325.6,0.207,0.477,0.966,Moderate traffic flow - standard adaptive signal timing in effect
EVT409998,2026-03-19 08:55:48,Religious Festival,J040,City Market,37016,Weekday,True,Clear,False,0.0,False,False,1.0,Severe,8.8,72.3,272.1,0.108,0.249,0.879,Festival crowd surge detected - alternate route and extended cycle recommended
EVT409999,2025-11-15 16:11:01,Local Market Day,J031,Cubbon Road,4357,Weekend,False,Rain,True,10.1,False,False,0.65,High,24.1,45.8,205.7,0.138,0.319,0.92,Heavy rain reducing visibility and grip - reduced speed and longer buffer advised
EVT410000,2025-06-20 12:04:20,Sports Fixture,J040,City Market,17916,Weekday,False,Clear,False,0.0,False,False,0.343,Low,26.8,25.0,124.6,0.084,0.193,0.973,Moderate traffic flow - standard adaptive signal timing in effect
EVT410001,2026-06-24 10:36:26,Trade Fair,J030,MG Road,15906,Weekday,False,Clear,False,0.0,False,False,0.58,High,20.1,40.2,297.1,0.162,0.375,0.93,Moderate traffic flow - standard adaptive signal timing in effect
EVT410002,2025-12-24 23:04:26,Trade Fair,J011,Indiranagar 100ft Road,7610,Weekday,False,Clear,False,0.0,False,False,0.16,Low,34.4,13.8,147.1,0.129,0.297,0.956,Normal free-flow traffic - standard signal timing maintained
EVT410003,2025-02-24 18:27:31,Concert,J031,Cubbon Road,14812,Weekday,False,Clear,False,0.0,False,False,1.0,Severe,7.7,76.1,1029.0,0.307,0.71,0.912,Heavy congestion detected - signal timing extended and reroute suggested
EVT410004,2026-01-04 02:08:44,Trade Fair,J012,Koramangala Sony World,4940,Weekend,False,Clear,False,0.0,False,False,0.339,Low,29.7,20.7,168.9,0.141,0.326,0.988,Moderate traffic flow - standard adaptive signal timing in effect
EVT410005,2025-08-01 19:00:34,Political Rally,J031,Cubbon Road,29180,Weekday,False,Clear,False,0.0,False,False,1.0,Severe,7.8,72.5,515.0,0.165,0.382,0.931,Heavy congestion detected - signal timing extended and reroute suggested
EVT410006,2025-04-29 21:12:15,Concert,J009,Majestic,6509,Weekday,False,Clear,False,0.0,False,False,0.367,Moderate,24.5,22.0,232.3,0.157,0.362,0.99,Moderate traffic flow - standard adaptive signal timing in effect
EVT410007,2025-07-11 20:21:02,Sports Fixture,J011,Indiranagar 100ft Road,15327,Weekday,False,Clear,False,0.0,False,False,0.777,Severe,13.9,57.4,132.9,0.07,0.162,0.973,Heavy congestion detected - signal timing extended and reroute suggested
EVT410008,2026-04-26 15:46:00,Concert,J030,MG Road,5717,Weekend,False,Clear,False,0.0,True,False,0.813,Severe,13.0,62.1,464.3,0.224,0.517,0.772,Accident detected nearby - reroute and reduced speed advised
EVT410009,2026-05-28 19:13:20,Local Market Day,J040,City Market,4636,Weekday,False,Clear,False,0.0,False,False,0.898,Severe,10.0,66.3,409.0,0.174,0.401,0.91,Heavy congestion detected - signal timing extended and reroute suggested
EVT410010,2025-06-14 15:01:53,Political Rally,J012,Koramangala Sony World,10848,Weekend,False,Clear,False,0.0,False,False,0.364,Moderate,28.7,29.2,178.9,0.133,0.307,0.97,Moderate traffic flow - standard adaptive signal timing in effect
EVT410011,2026-05-25 05:42:12,Sports Fixture,J023,Basavanagudi,28667,Weekday,False,Clear,False,0.0,False,False,0.467,Moderate,27.5,33.3,160.5,0.117,0.27,0.96,Moderate traffic flow - standard adaptive signal timing in effect
EVT410012,2025-12-26 16:34:28,Religious Festival,J023,Basavanagudi,39943,Weekday,True,Clear,False,0.0,False,True,1.0,Severe,9.4,102.7,425.8,0.166,0.383,0.855,Road closure for event/procession - full detour recommended for through-traffic
EVT410013,2025-02-19 18:37:26,Sports Fixture,J011,Indiranagar 100ft Road,16787,Weekday,False,Clear,False,0.0,False,False,1.0,Severe,7.4,63.1,969.2,0.286,0.661,0.907,Heavy congestion detected - signal timing extended and reroute suggested
EVT410014,2026-04-20 11:34:03,Local Market Day,J031,Cubbon Road,3473,Weekday,False,Clear,False,0.0,False,False,0.331,Low,28.0,25.9,198.7,0.14,0.324,0.956,Moderate traffic flow - standard adaptive signal timing in effect
EVT410015,2025-12-21 12:39:46,Sports Fixture,J030,MG Road,15754,Weekend,False,Clear,False,0.0,False,False,0.362,Moderate,28.9,27.8,213.2,0.151,0.348,0.971,Moderate traffic flow - standard adaptive signal timing in effect
EVT410016,2025-02-14 22:16:47,Concert,J012,Koramangala Sony World,13340,Weekday,False,Clear,False,0.0,False,False,0.354,Moderate,23.9,27.0,188.3,0.134,0.31,0.921,Moderate traffic flow - standard adaptive signal timing in effect
EVT410017,2026-06-13 20:21:08,Trade Fair,J031,Cubbon Road,9509,Weekend,False,Clear,False,0.0,False,False,0.643,High,20.3,41.3,264.3,0.179,0.413,0.974,Moderate traffic flow - standard adaptive signal timing in effect
EVT410018,2026-02-03 18:34:53,Local Market Day,J012,Koramangala Sony World,2479,Weekday,False,Clear,False,0.0,False,False,1.0,Severe,8.3,74.6,571.2,0.193,0.447,0.927,Heavy congestion detected - signal timing extended and reroute suggested
EVT410019,2026-05-06 10:24:40,Political Rally,J031,Cubbon Road,11010,Weekday,False,Clear,False,0.0,False,False,0.714,High,17.8,55.1,238.1,0.125,0.288,0.978,Moderate traffic flow - standard adaptive signal timing in effect
EVT410020,2025-07-25 21:13:40,Local Market Day,J023,Basavanagudi,4484,Weekday,False,Heavy Rain,True,27.2,False,False,0.652,High,20.8,48.7,218.2,0.154,0.356,0.926,Heavy rain reducing visibility and grip - reduced speed and longer buffer advised
EVT410021,2025-02-24 14:29:41,Trade Fair,J040,City Market,9961,Weekday,False,Clear,False,0.0,False,False,0.254,Low,30.0,12.6,107.5,0.078,0.179,0.984,Moderate traffic flow - standard adaptive signal timing in effect
EVT410022,2026-02-19 08:54:32,Local Market Day,J009,Majestic,3031,Weekday,False,Clear,False,0.0,False,False,1.0,Severe,10.4,72.3,410.0,0.169,0.391,0.918,Heavy congestion detected - signal timing extended and reroute suggested
EVT410023,2025-03-15 09:17:33,Cultural Procession,J012,Koramangala Sony World,14642,Weekend,True,Clear,False,0.0,False,True,1.0,Severe,7.7,96.2,497.2,0.165,0.38,0.823,Road closure for event/procession - full detour recommended for through-traffic
EVT410024,2026-02-06 05:44:00,Political Rally,J023,Basavanagudi,7513,Weekday,False,Clear,False,0.0,False,False,0.296,Low,36.8,16.5,137.6,0.15,0.345,0.98,Moderate traffic flow - standard adaptive signal timing in effect
EVT410025,2026-05-30 11:17:08,Local Market Day,J030,MG Road,2611,Weekend,False,Clear,False,0.0,False,False,0.356,Moderate,23.8,27.2,93.6,0.071,0.164,0.99,Moderate traffic flow - standard adaptive signal timing in effect
EVT410026,2025-04-11 01:41:38,Sports Fixture,J012,Koramangala Sony World,39303,Weekday,False,Clear,False,0.0,False,False,0.381,Moderate,26.7,27.3,211.1,0.174,0.402,0.96,Moderate traffic flow - standard adaptive signal timing in effect
EVT410027,2025-05-23 09:55:00,Local Market Day,J020,Malleshwaram Circle,4630,Weekday,False,Clear,False,0.0,False,False,0.861,Severe,10.4,60.9,601.4,0.265,0.613,0.933,Heavy congestion detected - signal timing extended and reroute suggested
EVT410028,2025-03-01 15:05:13,Trade Fair,J011,Indiranagar 100ft Road,12939,Weekend,False,Clear,False,0.0,False,False,0.361,Moderate,31.8,28.4,171.4,0.143,0.329,0.952,Moderate traffic flow - standard adaptive signal timing in effect
EVT410029,2025-03-15 08:44:22,Cultural Procession,J012,Koramangala Sony World,20814,Weekend,True,Clear,False,0.0,False,True,1.0,Severe,9.6,104.0,366.9,0.157,0.364,0.868,Road closure for event/procession - full detour recommended for through-traffic
EVT410030,2025-08-11 17:38:26,Local Market Day,J020,Malleshwaram Circle,5127,Weekday,False,Heavy Rain,True,27.6,False,False,1.0,Severe,6.9,72.7,354.2,0.121,0.28,0.908,Heavy rain reducing visibility and grip - reduced speed and longer buffer advised
EVT410031,2025-02-09 06:57:43,Local Market Day,J040,City Market,2380,Weekend,False,Clear,False,0.0,False,False,0.364,Moderate,23.7,25.3,196.2,0.129,0.297,0.97,Moderate traffic flow - standard adaptive signal timing in effect
EVT410032,2025-02-01 20:21:34,Trade Fair,J009,Majestic,6955,Weekend,False,Clear,False,0.0,False,False,0.556,High,18.5,37.7,191.0,0.107,0.248,0.96,Moderate traffic flow - standard adaptive signal timing in effect
EVT410033,2026-04-12 06:48:57,Sports Fixture,J030,MG Road,23274,Weekend,False,Fog,False,0.0,False,False,0.433,Moderate,26.2,29.9,226.7,0.164,0.378,0.976,Moderate traffic flow - standard adaptive signal timing in effect
EVT410034,2025-02-10 11:38:00,Local Market Day,J023,Basavanagudi,5855,Weekday,False,Clear,False,0.0,False,False,0.275,Low,32.9,19.2,194.7,0.165,0.382,0.99,Moderate traffic flow - standard adaptive signal timing in effect
EVT410035,2025-05-26 18:26:43,Sports Fixture,J020,Malleshwaram Circle,23009,Weekday,False,Clear,False,0.0,False,False,1.0,Severe,7.5,73.9,658.3,0.204,0.471,0.929,Heavy congestion detected - signal timing extended and reroute suggested
EVT410036,2026-06-17 15:35:56,Trade Fair,J020,Malleshwaram Circle,12190,Weekday,False,Heavy Rain,True,37.9,False,False,0.649,High,23.7,44.3,199.5,0.156,0.361,0.92,Heavy rain reducing visibility and grip - reduced speed and longer buffer advised
EVT410037,2025-11-09 09:46:26,Local Market Day,J023,Basavanagudi,2813,Weekend,False,Clear,False,0.0,False,False,0.7,High,18.8,54.2,227.1,0.148,0.342,0.974,Moderate traffic flow - standard adaptive signal timing in effect
EVT410038,2025-02-09 16:08:48,Sports Fixture,J030,MG Road,24587,Weekend,False,Clear,False,0.0,False,False,0.612,High,26.8,44.9,195.0,0.176,0.406,0.967,Moderate traffic flow - standard adaptive signal timing in effect
EVT410039,2026-05-28 07:26:11,Sports Fixture,J012,Koramangala Sony World,16703,Weekday,False,Fog,False,0.0,False,False,0.616,High,23.7,49.3,230.5,0.163,0.377,0.979,Moderate traffic flow - standard adaptive signal timing in effect
EVT410040,2026-02-08 07:26:06,Sports Fixture,J031,Cubbon Road,30554,Weekend,False,Clear,False,0.0,False,False,0.771,Severe,17.2,59.5,183.5,0.102,0.236,0.965,Heavy congestion detected - signal timing extended and reroute suggested
EVT410041,2025-07-14 16:01:22,Political Rally,J040,City Market,6788,Weekday,False,Light Rain,True,7.4,False,False,0.521,Moderate,20.7,36.2,148.5,0.095,0.219,0.925,Light rain detected - minor speed reduction advised
EVT410042,2025-10-10 18:39:28,Local Market Day,J011,Indiranagar 100ft Road,3930,Weekday,False,Clear,False,0.0,False,False,1.0,Severe,8.2,74.4,691.9,0.231,0.534,0.926,Heavy congestion detected - signal timing extended and reroute suggested
EVT410043,2025-03-01 09:57:37,Trade Fair,J030,MG Road,8302,Weekend,False,Clear,False,0.0,False,False,0.8,Severe,14.4,60.8,324.8,0.163,0.376,0.959,Heavy congestion detected - signal timing extended and reroute suggested
EVT410044,2026-01-24 17:31:57,Trade Fair,J023,Basavanagudi,4367,Weekend,False,Clear,False,0.0,False,False,0.715,High,18.1,48.2,211.0,0.109,0.252,0.977,Moderate traffic flow - standard adaptive signal timing in effect
EVT410045,2026-02-08 11:14:00,Political Rally,J011,Indiranagar 100ft Road,11548,Weekend,False,Clear,False,0.0,False,False,0.469,Moderate,32.6,34.9,202.6,0.18,0.415,0.985,Moderate traffic flow - standard adaptive signal timing in effect
EVT410046,2025-11-18 09:24:38,Trade Fair,J020,Malleshwaram Circle,10021,Weekday,False,Clear,False,0.0,False,False,0.938,Severe,8.8,72.7,539.5,0.187,0.432,0.93,Heavy congestion detected - signal timing extended and reroute suggested
EVT410047,2026-01-06 17:21:07,Trade Fair,J011,Indiranagar 100ft Road,4829,Weekday,False,Clear,False,0.0,False,False,0.921,Severe,12.8,67.7,415.0,0.195,0.45,0.954,Heavy congestion detected - signal timing extended and reroute suggested
EVT410048,2025-04-28 15:27:39,Local Market Day,J009,Majestic,6175,Weekday,False,Rain,True,8.3,False,False,0.431,Moderate,27.3,37.0,241.1,0.188,0.433,0.894,Light rain detected - minor speed reduction advised
EVT410049,2025-07-19 17:03:28,Concert,J040,City Market,13221,Weekend,False,Rain,True,16.3,False,False,0.882,Severe,11.9,63.2,217.7,0.085,0.197,0.921,Heavy rain reducing visibility and grip - reduced speed and longer buffer advised
EVT410050,2025-07-02 19:03:26,Political Rally,J020,Malleshwaram Circle,26212,Weekday,False,Heavy Rain,True,46.7,False,False,1.0,Severe,6.7,77.7,242.6,0.085,0.197,0.877,Heavy rain reducing visibility and grip - reduced speed and longer buffer advised
EVT410051,2025-09-02 19:52:15,Concert,J031,Cubbon Road,12735,Weekday,False,Heavy Rain,True,34.9,False,False,1.0,Severe,7.6,70.7,1066.7,0.327,0.756,0.875,Heavy rain reducing visibility and grip - reduced speed and longer buffer advised
EVT410052,2025-01-14 17:00:17,Fireworks Display,J031,Cubbon Road,18878,Weekday,True,Light Rain,True,7.4,False,False,1.0,Severe,8.3,69.9,642.1,0.204,0.47,0.833,Festival crowd surge detected - alternate route and extended cycle recommended
EVT410053,2025-08-14 11:06:17,Local Market Day,J011,Indiranagar 100ft Road,3973,Weekday,False,Heavy Rain,True,25.8,False,False,0.615,High,19.9,43.6,341.0,0.215,0.497,0.903,Heavy rain reducing visibility and grip - reduced speed and longer buffer advised
EVT410054,2025-06-12 17:17:10,Sports Fixture,J020,Malleshwaram Circle,20759,Weekday,False,Clear,False,0.0,False,False,0.922,Severe,9.4,62.2,625.3,0.245,0.565,0.922,Heavy congestion detected - signal timing extended and reroute suggested
EVT410055,2026-06-22 19:54:30,Concert,J023,Basavanagudi,12725,Weekday,False,Clear,False,0.0,False,False,0.906,Severe,11.8,73.8,532.7,0.234,0.541,0.926,Heavy congestion detected - signal timing extended and reroute suggested
EVT410056,2026-06-24 07:30:22,Sports Fixture,J009,Majestic,20617,Weekday,False,Clear,False,0.0,False,False,0.768,Severe,18.5,56.2,439.8,0.294,0.679,0.951,Heavy congestion detected - signal timing extended and reroute suggested
EVT410057,2025-07-17 19:00:35,Concert,J023,Basavanagudi,8856,Weekday,False,Clear,False,0.0,False,False,0.984,Severe,6.6,68.5,1044.0,0.248,0.573,0.921,Heavy congestion detected - signal timing extended and reroute suggested
EVT410058,2025-11-17 16:47:30,Trade Fair,J012,Koramangala Sony World,7243,Weekday,False,Clear,False,0.0,False,False,0.621,High,21.7,41.6,233.5,0.157,0.362,0.941,Moderate traffic flow - standard adaptive signal timing in effect
EVT410059,2025-06-19 12:05:14,Local Market Day,J012,Koramangala Sony World,4377,Weekday,False,Fog,False,0.0,False,False,0.141,Low,35.4,3.8,31.7,0.03,0.069,0.952,Normal free-flow traffic - standard signal timing maintained
EVT410060,2026-06-04 18:52:57,Concert,J030,MG Road,15398,Weekday,False,Clear,False,0.0,False,False,1.0,Severe,8.1,66.1,673.7,0.237,0.548,0.908,Heavy congestion detected - signal timing extended and reroute suggested
EVT410061,2025-11-08 12:26:48,Local Market Day,J040,City Market,4255,Weekend,False,Clear,False,0.0,False,False,0.31,Low,28.3,26.1,112.8,0.103,0.238,0.982,Moderate traffic flow - standard adaptive signal timing in effect
EVT410062,2025-09-04 10:13:36,Trade Fair,J020,Malleshwaram Circle,8850,Weekday,False,Clear,False,0.0,False,False,0.694,High,19.5,54.4,382.5,0.239,0.552,0.949,Moderate traffic flow - standard adaptive signal timing in effect
EVT410063,2025-04-08 19:22:29,Sports Fixture,J031,Cubbon Road,21742,Weekday,False,Clear,False,0.0,False,False,1.0,Severe,9.5,70.5,694.0,0.242,0.558,0.91,Heavy congestion detected - signal timing extended and reroute suggested
EVT410064,2026-03-09 18:33:04,Trade Fair,J009,Majestic,6357,Weekday,False,Clear,False,0.0,False,False,1.0,Severe,8.4,67.7,292.6,0.117,0.27,0.921,Heavy congestion detected - signal timing extended and reroute suggested
EVT410065,2025-01-10 20:15:56,Local Market Day,J040,City Market,2932,Weekday,False,Clear,False,0.0,False,False,0.666,High,21.5,41.4,212.8,0.153,0.354,0.946,Moderate traffic flow - standard adaptive signal timing in effect
EVT410066,2025-12-24 17:54:25,Concert,J023,Basavanagudi,8791,Weekday,False,Clear,False,0.0,False,False,0.85,Severe,11.6,56.8,443.6,0.204,0.471,0.937,Heavy congestion detected - signal timing extended and reroute suggested
EVT410067,2025-12-14 17:02:41,Local Market Day,J023,Basavanagudi,2433,Weekend,False,Clear,False,0.0,False,False,0.655,High,20.8,48.1,289.8,0.205,0.474,0.929,Moderate traffic flow - standard adaptive signal timing in effect
EVT410068,2026-01-07 12:35:46,Concert,J020,Malleshwaram Circle,7813,Weekday,False,Clear,False,0.0,False,False,0.246,Low,35.5,20.5,192.9,0.188,0.434,0.953,Normal free-flow traffic - standard signal timing maintained
EVT410069,2025-04-02 13:14:14,Local Market Day,J040,City Market,3172,Weekday,False,Clear,False,0.0,False,False,0.213,Low,33.0,15.9,209.4,0.164,0.38,0.956,Normal free-flow traffic - standard signal timing maintained
EVT410070,2026-06-07 20:42:57,Local Market Day,J030,MG Road,3125,Weekend,False,Clear,False,0.0,False,False,0.514,Moderate,21.1,43.0,115.3,0.084,0.194,0.956,Moderate traffic flow - standard adaptive signal timing in effect
EVT410071,2026-01-05 18:36:29,Political Rally,J023,Basavanagudi,7693,Weekday,False,Clear,False,0.0,False,False,1.0,Severe,9.4,69.4,422.8,0.175,0.404,0.897,Heavy congestion detected - signal timing extended and reroute suggested
EVT410072,2025-08-02 13:09:20,Concert,J023,Basavanagudi,10740,Weekend,False,Heavy Rain,True,119.1,False,False,0.627,High,27.2,42.3,164.2,0.133,0.307,0.934,Heavy rain reducing visibility and grip - reduced speed and longer buffer advised
EVT410073,2026-05-16 09:49:49,Concert,J030,MG Road,11977,Weekend,False,Clear,False,0.0,False,False,0.706,High,19.1,50.0,305.5,0.184,0.425,0.939,Moderate traffic flow - standard adaptive signal timing in effect
EVT410074,2026-05-23 11:45:41,Local Market Day,J020,Malleshwaram Circle,2571,Weekend,False,Rain,True,12.1,False,False,0.436,Moderate,31.1,29.6,96.0,0.059,0.137,0.932,Light rain detected - minor speed reduction advised
EVT410075,2025-11-24 13:27:38,Political Rally,J009,Majestic,12329,Weekday,False,Clear,False,0.0,False,False,0.208,Low,31.8,14.1,253.0,0.201,0.465,0.966,Normal free-flow traffic - standard signal timing maintained
EVT410076,2025-05-06 11:18:44,Trade Fair,J040,City Market,7225,Weekday,False,Clear,False,0.0,False,False,0.364,Moderate,26.7,23.0,198.4,0.144,0.333,0.946,Moderate traffic flow - standard adaptive signal timing in effect
EVT410077,2025-07-28 15:30:13,Sports Fixture,J009,Majestic,30338,Weekday,False,Rain,True,24.2,False,False,0.737,High,20.7,54.7,262.9,0.163,0.377,0.943,Heavy rain reducing visibility and grip - reduced speed and longer buffer advised
EVT410078,2026-03-08 20:08:57,Sports Fixture,J023,Basavanagudi,22147,Weekend,False,Clear,False,0.0,False,False,0.695,High,19.5,46.7,360.2,0.218,0.505,0.957,Moderate traffic flow - standard adaptive signal timing in effect
EVT410079,2025-08-30 17:53:23,Concert,J011,Indiranagar 100ft Road,10052,Weekend,False,Rain,True,19.1,False,False,1.0,Severe,6.5,72.2,483.1,0.143,0.33,0.857,Heavy rain reducing visibility and grip - reduced speed and longer buffer advised
EVT410080,2025-05-09 19:42:11,Trade Fair,J009,Majestic,5245,Weekday,False,Clear,False,0.0,False,False,0.78,Severe,14.0,59.4,318.1,0.152,0.35,0.968,Heavy congestion detected - signal timing extended and reroute suggested
EVT410081,2026-01-06 16:15:41,Local Market Day,J020,Malleshwaram Circle,3586,Weekday,False,Clear,False,0.0,False,False,0.404,Moderate,29.3,27.8,184.4,0.16,0.369,0.942,Moderate traffic flow - standard adaptive signal timing in effect
EVT410082,2025-02-24 06:43:36,Sports Fixture,J009,Majestic,19300,Weekday,False,Clear,False,0.0,False,False,0.452,Moderate,21.4,23.5,287.8,0.188,0.435,0.97,Moderate traffic flow - standard adaptive signal timing in effect
EVT410083,2026-05-17 15:42:01,Local Market Day,J023,Basavanagudi,2965,Weekend,False,Clear,False,0.0,False,False,0.333,Low,31.5,22.1,110.7,0.104,0.24,0.966,Moderate traffic flow - standard adaptive signal timing in effect
EVT410084,2025-08-22 13:59:05,Political Rally,J009,Majestic,14911,Weekday,False,Clear,False,0.0,False,False,0.181,Low,37.8,12.6,177.3,0.145,0.334,0.959,Normal free-flow traffic - standard signal timing maintained
EVT410085,2026-03-04 18:24:28,Religious Festival,J011,Indiranagar 100ft Road,32051,Weekday,True,Clear,False,0.0,False,False,1.0,Severe,9.0,72.9,438.7,0.162,0.373,0.872,Festival crowd surge detected - alternate route and extended cycle recommended
EVT410086,2026-01-06 06:50:32,Local Market Day,J023,Basavanagudi,3787,Weekday,False,Clear,False,0.0,False,False,0.415,Moderate,22.3,30.8,246.2,0.148,0.341,0.964,Moderate traffic flow - standard adaptive signal timing in effect
EVT410087,2026-01-20 08:44:26,Trade Fair,J011,Indiranagar 100ft Road,8599,Weekday,False,Clear,False,0.0,False,False,1.0,Severe,10.1,73.7,559.9,0.244,0.563,0.932,Heavy congestion detected - signal timing extended and reroute suggested
EVT410088,2026-06-28 18:10:13,Local Market Day,J031,Cubbon Road,2946,Weekend,False,Clear,False,0.0,False,False,0.771,Severe,18.2,55.3,286.9,0.191,0.442,0.954,Heavy congestion detected - signal timing extended and reroute suggested
EVT410089,2026-01-28 21:50:17,Political Rally,J030,MG Road,17959,Weekday,False,Clear,False,0.0,False,False,0.35,Low,36.7,31.2,142.7,0.116,0.268,0.975,Moderate traffic flow - standard adaptive signal timing in effect
EVT410090,2025-11-26 20:37:39,Concert,J009,Majestic,19197,Weekday,False,Clear,False,0.0,False,False,0.649,High,23.1,47.2,211.0,0.142,0.328,0.977,Moderate traffic flow - standard adaptive signal timing in effect
EVT410091,2025-01-31 09:06:02,Sports Fixture,J009,Majestic,19300,Weekday,False,Clear,False,0.0,False,False,1.0,Severe,7.9,76.2,570.5,0.178,0.411,0.913,Heavy congestion detected - signal timing extended and reroute suggested
EVT410092,2025-05-02 18:37:30,Religious Festival,J012,Koramangala Sony World,39958,Weekday,True,Clear,False,0.0,False,True,1.0,Severe,8.3,99.6,581.7,0.217,0.501,0.842,Road closure for event/procession - full detour recommended for through-traffic
EVT410093,2025-03-06 00:03:32,Local Market Day,J030,MG Road,4295,Weekday,False,Clear,False,0.0,False,False,0.179,Low,31.9,13.9,112.8,0.09,0.207,0.945,Normal free-flow traffic - standard signal timing maintained
EVT410094,2025-06-02 19:27:43,Concert,J011,Indiranagar 100ft Road,7546,Weekday,False,Clear,False,0.0,False,False,0.874,Severe,12.5,60.2,311.4,0.161,0.373,0.924,Heavy congestion detected - signal timing extended and reroute suggested
EVT410095,2025-12-13 14:02:47,Local Market Day,J030,MG Road,3241,Weekend,False,Clear,False,0.0,False,False,0.283,Low,34.3,17.7,158.1,0.136,0.314,0.99,Moderate traffic flow - standard adaptive signal timing in effect
EVT410096,2025-12-17 14:49:18,Local Market Day,J020,Malleshwaram Circle,3373,Weekday,False,Clear,False,0.0,False,False,0.221,Low,34.3,14.8,86.9,0.072,0.166,0.962,Normal free-flow traffic - standard signal timing maintained
EVT410097,2025-02-17 23:16:04,Local Market Day,J023,Basavanagudi,5152,Weekday,False,Clear,False,0.0,False,False,0.169,Low,26.3,8.7,245.8,0.164,0.378,0.971,Normal free-flow traffic - standard signal timing maintained
EVT410098,2025-06-27 18:26:04,Concert,J012,Koramangala Sony World,9507,Weekday,False,Clear,False,0.0,False,False,1.0,Severe,7.7,75.2,740.4,0.233,0.537,0.903,Heavy congestion detected - signal timing extended and reroute suggested
EVT410099,2025-03-26 18:51:40,Local Market Day,J030,MG Road,2887,Weekday,False,Clear,False,0.0,False,False,0.975,Severe,7.2,62.5,640.7,0.198,0.458,0.89,Heavy congestion detected - signal timing extended and reroute suggested
EVT410100,2025-06-25 18:54:08,Local Market Day,J040,City Market,3611,Weekday,False,Clear,False,0.0,False,False,1.0,Severe,9.1,70.3,541.3,0.181,0.419,0.918,Heavy congestion detected - signal timing extended and reroute suggested
EVT410101,2025-05-13 11:33:55,Local Market Day,J020,Malleshwaram Circle,4675,Weekday,False,Clear,False,0.0,False,False,0.292,Low,30.1,18.0,154.8,0.127,0.294,0.953,Moderate traffic flow - standard adaptive signal timing in effect
EVT410102,2025-08-30 08:51:32,Concert,J020,Malleshwaram Circle,14637,Weekend,False,Clear,False,0.0,False,False,0.846,Severe,13.5,65.1,335.5,0.173,0.4,0.947,Heavy congestion detected - signal timing extended and reroute suggested
EVT410103,2026-04-07 13:34:49,Local Market Day,J012,Koramangala Sony World,4161,Weekday,False,Clear,False,0.0,False,False,0.134,Low,28.2,5.1,136.3,0.106,0.246,0.956,Normal free-flow traffic - standard signal timing maintained
EVT410104,2025-12-25 16:24:51,Religious Festival,J009,Majestic,48623,Weekday,True,Clear,False,0.0,False,False,1.0,Severe,10.5,75.3,602.3,0.252,0.582,0.842,Festival crowd surge detected - alternate route and extended cycle recommended
EVT410105,2025-01-27 19:19:12,Fireworks Display,J040,City Market,30029,Weekday,True,Clear,False,0.0,False,False,1.0,Severe,9.9,66.6,408.9,0.167,0.386,0.851,Festival crowd surge detected - alternate route and extended cycle recommended
EVT410106,2025-07-15 09:48:27,Sports Fixture,J011,Indiranagar 100ft Road,29847,Weekday,False,Clear,False,0.0,False,False,0.996,Severe,6.1,79.4,659.6,0.17,0.393,0.908,Heavy congestion detected - signal timing extended and reroute suggested
EVT410107,2026-04-04 17:12:37,Local Market Day,J020,Malleshwaram Circle,2955,Weekend,False,Fog,False,0.0,False,False,0.71,High,20.5,50.9,303.2,0.166,0.384,0.94,Moderate traffic flow - standard adaptive signal timing in effect
EVT410108,2025-02-13 18:18:39,Concert,J031,Cubbon Road,11654,Weekday,False,Clear,False,0.0,False,False,1.0,Severe,9.2,69.1,546.3,0.195,0.451,0.881,Heavy congestion detected - signal timing extended and reroute suggested
EVT410109,2025-12-10 18:50:56,Local Market Day,J011,Indiranagar 100ft Road,4964,Weekday,False,Clear,False,0.0,False,False,1.0,Severe,8.6,71.5,528.4,0.186,0.43,0.9,Heavy congestion detected - signal timing extended and reroute suggested
EVT410110,2025-01-28 08:37:54,Local Market Day,J011,Indiranagar 100ft Road,1894,Weekday,False,Clear,False,0.0,False,False,0.998,Severe,9.4,74.0,590.5,0.219,0.505,0.912,Heavy congestion detected - signal timing extended and reroute suggested
EVT410111,2025-08-22 09:35:14,Concert,J023,Basavanagudi,13302,Weekday,False,Clear,False,0.0,False,False,1.0,Severe,8.0,71.2,277.8,0.112,0.258,0.943,Heavy congestion detected - signal timing extended and reroute suggested
EVT410112,2025-01-20 21:13:30,Political Rally,J012,Koramangala Sony World,13188,Weekday,False,Clear,False,0.0,False,False,0.391,Moderate,23.5,30.2,196.5,0.118,0.272,0.963,Moderate traffic flow - standard adaptive signal timing in effect
EVT410113,2025-12-04 17:50:55,Trade Fair,J040,City Market,7660,Weekday,False,Clear,False,0.0,False,False,1.0,Severe,8.4,66.3,503.7,0.169,0.39,0.895,Heavy congestion detected - signal timing extended and reroute suggested
EVT410114,2025-07-12 18:42:53,Concert,J011,Indiranagar 100ft Road,17035,Weekend,False,Heavy Rain,True,46.3,False,False,1.0,Severe,7.3,73.2,1066.3,0.333,0.769,0.846,Heavy rain reducing visibility and grip - reduced speed and longer buffer advised
EVT410115,2025-02-03 11:17:36,Sports Fixture,J011,Indiranagar 100ft Road,18830,Weekday,False,Clear,False,0.0,False,False,0.387,Moderate,24.6,21.3,189.2,0.114,0.264,0.971,Moderate traffic flow - standard adaptive signal timing in effect
EVT410116,2025-11-11 19:45:09,Political Rally,J011,Indiranagar 100ft Road,19756,Weekday,False,Clear,False,0.0,False,False,0.866,Severe,14.2,60.5,287.7,0.14,0.322,0.941,Heavy congestion detected - signal timing extended and reroute suggested
EVT410117,2025-09-11 07:40:48,Sports Fixture,J011,Indiranagar 100ft Road,13189,Weekday,False,Clear,False,0.0,False,False,0.703,High,15.2,53.8,307.9,0.168,0.388,0.986,Moderate traffic flow - standard adaptive signal timing in effect
EVT410118,2025-05-20 09:13:10,Political Rally,J040,City Market,16093,Weekday,False,Clear,False,0.0,False,False,1.0,Severe,8.6,68.7,615.5,0.221,0.51,0.917,Heavy congestion detected - signal timing extended and reroute suggested
EVT410119,2025-12-28 16:54:13,Trade Fair,J011,Indiranagar 100ft Road,13991,Weekend,False,Clear,False,0.0,False,False,0.66,High,22.1,45.3,167.7,0.109,0.251,0.931,Moderate traffic flow - standard adaptive signal timing in effect
EVT410120,2025-07-23 08:57:00,Trade Fair,J040,City Market,9783,Weekday,False,Clear,False,0.0,False,False,1.0,Severe,8.1,71.2,693.5,0.249,0.576,0.937,Heavy congestion detected - signal timing extended and reroute suggested
EVT410121,2026-04-09 15:34:07,Sports Fixture,J011,Indiranagar 100ft Road,23149,Weekday,False,Clear,False,0.0,False,False,0.462,Moderate,22.6,28.9,217.0,0.132,0.306,0.959,Moderate traffic flow - standard adaptive signal timing in effect
EVT410122,2025-09-16 06:17:21,Sports Fixture,J020,Malleshwaram Circle,26532,Weekday,False,Clear,False,0.0,False,False,0.352,Moderate,27.2,30.5,207.8,0.162,0.375,0.976,Moderate traffic flow - standard adaptive signal timing in effect
EVT410123,2026-03-26 16:02:50,Religious Festival,J030,MG Road,44168,Weekday,True,Fog,False,0.0,False,True,1.0,Severe,8.8,90.0,679.2,0.25,0.577,0.83,Road closure for event/procession - full detour recommended for through-traffic
EVT410124,2025-03-28 07:27:18,Local Market Day,J023,Basavanagudi,5415,Weekday,False,Clear,False,0.0,False,False,0.588,High,20.6,41.0,180.3,0.114,0.263,0.961,Moderate traffic flow - standard adaptive signal timing in effect
EVT410125,2025-04-15 13:32:33,Fireworks Display,J031,Cubbon Road,19164,Weekday,True,Light Rain,True,1.7,False,False,0.561,High,27.7,38.6,219.1,0.183,0.422,0.835,Festival crowd surge detected - alternate route and extended cycle recommended
EVT410126,2026-03-05 06:35:40,Religious Festival,J020,Malleshwaram Circle,60384,Weekday,True,Clear,False,0.0,False,False,0.919,Severe,11.5,67.4,482.4,0.207,0.478,0.884,Festival crowd surge detected - alternate route and extended cycle recommended
EVT410127,2025-04-16 13:29:09,Political Rally,J031,Cubbon Road,18913,Weekday,False,Clear,False,0.0,False,False,0.316,Low,29.7,20.8,171.5,0.15,0.347,0.968,Moderate traffic flow - standard adaptive signal timing in effect
EVT410128,2025-02-21 07:34:22,Trade Fair,J012,Koramangala Sony World,7403,Weekday,False,Clear,False,0.0,False,False,0.644,High,22.6,49.1,271.2,0.192,0.443,0.964,Moderate traffic flow - standard adaptive signal timing in effect
EVT410129,2026-01-18 17:46:13,Sports Fixture,J020,Malleshwaram Circle,35031,Weekend,False,Clear,False,0.0,False,False,0.932,Severe,12.4,62.6,208.4,0.106,0.246,0.921,Heavy congestion detected - signal timing extended and reroute suggested
EVT410130,2025-09-14 08:28:11,Concert,J030,MG Road,13691,Weekend,False,Heavy Rain,True,70.4,False,False,1.0,Severe,8.1,71.6,380.4,0.13,0.3,0.876,Heavy rain reducing visibility and grip - reduced speed and longer buffer advised
EVT410131,2025-04-18 15:30:58,Concert,J009,Majestic,6225,Weekday,False,Clear,False,0.0,False,False,0.459,Moderate,36.3,31.8,161.2,0.163,0.376,0.954,Moderate traffic flow - standard adaptive signal timing in effect
EVT410132,2025-02-06 17:10:46,Political Rally,J040,City Market,14477,Weekday,False,Clear,False,0.0,False,False,0.924,Severe,8.9,73.0,499.2,0.171,0.395,0.921,Heavy congestion detected - signal timing extended and reroute suggested
EVT410133,2025-11-03 17:08:45,Local Market Day,J023,Basavanagudi,6039,Weekday,False,Clear,False,0.0,False,False,0.853,Severe,15.1,60.5,303.7,0.198,0.456,0.961,Heavy congestion detected - signal timing extended and reroute suggested
EVT410134,2026-01-03 17:09:14,Sports Fixture,J030,MG Road,16633,Weekend,False,Clear,False,0.0,False,False,0.817,Severe,13.2,59.0,451.1,0.212,0.49,0.964,Heavy congestion detected - signal timing extended and reroute suggested
EVT410135,2025-01-16 09:57:07,Political Rally,J012,Koramangala Sony World,10899,Weekday,False,Clear,False,0.0,False,False,0.972,Severe,9.7,70.2,589.6,0.221,0.512,0.904,Heavy congestion detected - signal timing extended and reroute suggested
EVT410136,2025-08-27 07:07:57,Fireworks Display,J011,Indiranagar 100ft Road,29722,Weekday,True,Clear,False,0.0,False,False,0.864,Severe,14.0,61.9,533.1,0.277,0.64,0.896,Festival crowd surge detected - alternate route and extended cycle recommended
EVT410137,2025-10-23 05:46:40,Concert,J012,Koramangala Sony World,31458,Weekday,False,Clear,False,0.0,False,False,0.366,Moderate,30.8,21.7,125.0,0.089,0.207,0.974,Moderate traffic flow - standard adaptive signal timing in effect
EVT410138,2025-09-13 19:33:45,Local Market Day,J040,City Market,3281,Weekend,False,Clear,False,0.0,False,False,0.682,High,17.7,51.8,247.8,0.14,0.324,0.959,Moderate traffic flow - standard adaptive signal timing in effect
EVT410139,2025-05-18 10:16:44,Trade Fair,J030,MG Road,9942,Weekend,False,Clear,False,0.0,False,False,0.593,High,18.7,41.1,478.8,0.275,0.635,0.97,Moderate traffic flow - standard adaptive signal timing in effect
EVT410140,2026-06-25 09:44:24,Sports Fixture,J011,Indiranagar 100ft Road,34205,Weekday,False,Clear,False,0.0,False,False,1.0,Severe,8.2,67.7,378.7,0.117,0.27,0.93,Heavy congestion detected - signal timing extended and reroute suggested
EVT410141,2026-01-01 08:07:29,Cultural Procession,J031,Cubbon Road,22872,Weekday,True,Clear,False,0.0,False,False,1.0,Severe,8.7,69.2,544.2,0.185,0.428,0.853,Festival crowd surge detected - alternate route and extended cycle recommended
EVT410142,2025-10-24 10:39:31,Political Rally,J040,City Market,19738,Weekday,False,Clear,False,0.0,False,False,0.723,High,17.9,55.8,478.4,0.296,0.683,0.98,Moderate traffic flow - standard adaptive signal timing in effect
EVT410143,2025-02-01 13:33:44,Trade Fair,J040,City Market,12214,Weekend,False,Clear,False,0.0,False,False,0.35,Moderate,34.3,21.6,113.4,0.123,0.284,0.979,Moderate traffic flow - standard adaptive signal timing in effect
EVT410144,2025-11-29 18:54:59,Sports Fixture,J011,Indiranagar 100ft Road,21747,Weekend,False,Clear,False,0.0,False,False,1.0,Severe,7.2,67.2,766.0,0.227,0.523,0.929,Heavy congestion detected - signal timing extended and reroute suggested
EVT410145,2025-02-15 06:02:16,Trade Fair,J009,Majestic,11679,Weekend,False,Clear,False,0.0,False,False,0.345,Low,24.8,26.6,159.8,0.106,0.245,0.976,Moderate traffic flow - standard adaptive signal timing in effect
EVT410146,2025-04-28 08:20:20,Local Market Day,J030,MG Road,4143,Weekday,False,Clear,False,0.0,False,False,0.924,Severe,9.9,63.8,661.7,0.219,0.506,0.923,Heavy congestion detected - signal timing extended and reroute suggested
EVT410147,2026-05-04 18:55:21,Sports Fixture,J023,Basavanagudi,25224,Weekday,False,Clear,False,0.0,False,False,1.0,Severe,8.1,72.6,488.3,0.162,0.375,0.917,Heavy congestion detected - signal timing extended and reroute suggested
EVT410148,2026-03-12 17:32:12,Concert,J012,Koramangala Sony World,20087,Weekday,False,Clear,False,0.0,False,False,0.917,Severe,11.7,67.5,441.6,0.2,0.463,0.94,Heavy congestion detected - signal timing extended and reroute suggested
EVT410149,2025-06-04 06:41:28,Political Rally,J020,Malleshwaram Circle,14251,Weekday,False,Clear,False,0.0,False,False,0.436,Moderate,32.3,27.4,155.1,0.138,0.32,0.952,Moderate traffic flow - standard adaptive signal timing in effect
EVT410150,2025-12-08 17:51:18,Concert,J009,Majestic,18769,Weekday,False,Clear,False,0.0,False,False,1.0,Severe,9.7,72.7,667.0,0.279,0.644,0.893,Heavy congestion detected - signal timing extended and reroute suggested
EVT410151,2026-04-18 18:21:55,Sports Fixture,J011,Indiranagar 100ft Road,30701,Weekend,False,Clear,False,0.0,False,False,1.0,Severe,6.0,70.8,1034.7,0.253,0.583,0.957,Heavy congestion detected - signal timing extended and reroute suggested
EVT410152,2025-01-27 08:17:49,Religious Festival,J030,MG Road,64548,Weekday,True,Clear,False,0.0,False,True,1.0,Severe,9.4,100.0,486.5,0.166,0.383,0.855,Road closure for event/procession - full detour recommended for through-traffic
EVT410153,2025-08-04 08:04:32,Trade Fair,J009,Majestic,9742,Weekday,False,Clear,False,0.0,False,False,0.916,Severe,10.9,66.5,676.4,0.279,0.646,0.931,Heavy congestion detected - signal timing extended and reroute suggested
EVT410154,2025-06-09 14:07:18,Political Rally,J020,Malleshwaram Circle,9607,Weekday,False,Clear,False,0.0,False,False,0.209,Low,28.4,10.4,154.5,0.122,0.282,0.989,Normal free-flow traffic - standard signal timing maintained
EVT410155,2025-06-17 18:58:58,Sports Fixture,J012,Koramangala Sony World,15845,Weekday,False,Rain,True,20.7,False,False,1.0,Severe,8.7,72.4,188.6,0.066,0.152,0.866,Heavy rain reducing visibility and grip - reduced speed and longer buffer advised
EVT410156,2025-04-18 16:30:40,Trade Fair,J011,Indiranagar 100ft Road,15251,Weekday,False,Fog,False,0.0,False,False,0.693,High,17.9,48.3,183.3,0.098,0.227,0.95,Moderate traffic flow - standard adaptive signal timing in effect
EVT410157,2026-02-15 10:23:16,Political Rally,J011,Indiranagar 100ft Road,22307,Weekend,False,Clear,False,0.0,False,False,0.699,High,17.6,48.1,248.8,0.127,0.294,0.97,Moderate traffic flow - standard adaptive signal timing in effect
EVT410158,2025-03-01 18:35:39,Sports Fixture,J030,MG Road,20593,Weekend,False,Clear,False,0.0,False,False,0.977,Severe,8.5,69.7,592.4,0.204,0.471,0.927,Heavy congestion detected - signal timing extended and reroute suggested
EVT410159,2025-05-26 10:06:13,Local Market Day,J012,Koramangala Sony World,3037,Weekday,False,Clear,False,0.0,False,False,0.801,Severe,12.1,54.2,445.6,0.191,0.442,0.944,Heavy congestion detected - signal timing extended and reroute suggested
EVT410160,2025-04-09 09:20:42,Political Rally,J031,Cubbon Road,11552,Weekday,False,Clear,False,0.0,False,False,0.93,Severe,11.0,63.3,388.4,0.148,0.342,0.931,Heavy congestion detected - signal timing extended and reroute suggested
EVT410161,2025-12-25 17:24:21,Religious Festival,J031,Cubbon Road,38420,Weekday,True,Clear,False,0.0,False,True,1.0,Severe,9.2,96.9,366.7,0.148,0.342,0.798,Road closure for event/procession - full detour recommended for through-traffic
EVT410162,2025-10-26 08:35:06,Concert,J011,Indiranagar 100ft Road,5463,Weekend,False,Clear,False,0.0,False,False,0.765,Severe,17.6,57.6,431.3,0.247,0.571,0.967,Heavy congestion detected - signal timing extended and reroute suggested
EVT410163,2025-05-09 15:29:34,Political Rally,J023,Basavanagudi,29096,Weekday,False,Clear,False,0.0,False,False,0.546,Moderate,22.9,34.8,173.5,0.125,0.29,0.976,Moderate traffic flow - standard adaptive signal timing in effect
EVT410164,2025-11-08 15:53:50,Sports Fixture,J020,Malleshwaram Circle,21561,Weekend,False,Clear,False,0.0,False,False,0.554,High,24.0,40.4,251.2,0.191,0.441,0.931,Moderate traffic flow - standard adaptive signal timing in effect
EVT410165,2026-03-26 10:08:27,Cultural Procession,J031,Cubbon Road,25126,Weekday,True,Clear,False,0.0,False,True,1.0,Severe,8.8,96.1,654.4,0.243,0.561,0.83,Road closure for event/procession - full detour recommended for through-traffic
EVT410166,2025-10-29 09:34:44,Concert,J009,Majestic,25384,Weekday,False,Clear,False,0.0,False,False,1.0,Severe,9.0,72.4,338.0,0.116,0.267,0.928,Heavy congestion detected - signal timing extended and reroute suggested
EVT410167,2026-06-01 10:30:58,Sports Fixture,J023,Basavanagudi,20814,Weekday,False,Heavy Rain,True,33.1,False,False,1.0,Severe,8.1,73.0,574.4,0.178,0.411,0.876,Heavy rain reducing visibility and grip - reduced speed and longer buffer advised
EVT410168,2025-07-30 20:36:33,Local Market Day,J023,Basavanagudi,2672,Weekday,False,Heavy Rain,True,42.1,False,False,0.889,Severe,12.0,67.5,577.0,0.25,0.578,0.904,Heavy rain reducing visibility and grip - reduced speed and longer buffer advised
EVT410169,2025-06-18 13:54:07,Sports Fixture,J023,Basavanagudi,14188,Weekday,False,Clear,False,0.0,False,False,0.108,Low,36.1,5.0,137.7,0.112,0.26,0.961,Normal free-flow traffic - standard signal timing maintained
EVT410170,2025-03-07 15:44:55,Political Rally,J011,Indiranagar 100ft Road,20295,Weekday,False,Clear,False,0.0,False,False,0.457,Moderate,28.6,34.0,109.0,0.085,0.196,0.977,Moderate traffic flow - standard adaptive signal timing in effect
EVT410171,2025-07-06 09:29:56,Sports Fixture,J040,City Market,23020,Weekend,False,Clear,False,0.0,False,False,0.946,Severe,8.1,65.9,634.5,0.215,0.497,0.952,Heavy congestion detected - signal timing extended and reroute suggested
EVT410172,2025-06-01 16:44:15,Trade Fair,J020,Malleshwaram Circle,5241,Weekend,False,Rain,True,15.4,False,False,0.762,Severe,20.9,51.6,156.5,0.102,0.235,0.931,Heavy rain reducing visibility and grip - reduced speed and longer buffer advised
EVT410173,2025-10-31 17:36:35,Local Market Day,J023,Basavanagudi,5587,Weekday,False,Clear,False,0.0,False,False,0.803,Severe,13.1,51.3,562.2,0.25,0.577,0.937,Heavy congestion detected - signal timing extended and reroute suggested
EVT410174,2025-06-19 10:53:01,Local Market Day,J011,Indiranagar 100ft Road,4509,Weekday,False,Clear,False,0.0,False,False,0.465,Moderate,26.5,34.0,201.8,0.15,0.346,0.964,Moderate traffic flow - standard adaptive signal timing in effect
EVT410175,2026-06-06 18:49:56,Local Market Day,J023,Basavanagudi,4044,Weekend,False,Rain,True,14.2,False,False,1.0,Severe,7.6,72.7,398.6,0.137,0.316,0.849,Heavy rain reducing visibility and grip - reduced speed and longer buffer advised
EVT410176,2025-05-25 09:40:47,Sports Fixture,J030,MG Road,22446,Weekend,False,Clear,False,0.0,False,False,0.829,Severe,11.9,59.5,175.2,0.096,0.222,0.948,Heavy congestion detected - signal timing extended and reroute suggested
EVT410177,2025-12-25 20:51:04,Religious Festival,J012,Koramangala Sony World,26960,Weekday,True,Clear,False,0.0,False,False,0.824,Severe,12.0,63.8,490.2,0.222,0.512,0.93,Festival crowd surge detected - alternate route and extended cycle recommended
EVT410178,2025-08-24 13:32:47,Trade Fair,J040,City Market,10856,Weekend,False,Clear,False,0.0,False,False,0.375,Moderate,29.8,27.3,152.0,0.121,0.28,0.965,Moderate traffic flow - standard adaptive signal timing in effect
EVT410179,2025-11-09 07:01:00,Sports Fixture,J030,MG Road,23889,Weekend,False,Clear,False,0.0,False,False,0.534,Moderate,24.5,38.5,109.9,0.059,0.137,0.959,Moderate traffic flow - standard adaptive signal timing in effect
EVT410180,2025-01-04 16:22:54,Concert,J040,City Market,8638,Weekend,False,Clear,False,0.0,False,False,0.58,High,19.9,42.6,116.7,0.063,0.146,0.945,Moderate traffic flow - standard adaptive signal timing in effect
EVT410181,2026-02-20 10:02:22,Local Market Day,J012,Koramangala Sony World,2990,Weekday,False,Clear,False,0.0,False,False,0.822,Severe,13.0,60.9,253.7,0.111,0.257,0.976,Heavy congestion detected - signal timing extended and reroute suggested
EVT410182,2025-09-06 07:50:29,Fireworks Display,J023,Basavanagudi,33962,Weekend,True,Clear,False,0.0,False,False,1.0,Severe,10.0,68.7,441.7,0.173,0.401,0.88,Festival crowd surge detected - alternate route and extended cycle recommended
EVT410183,2025-10-26 15:40:55,Sports Fixture,J023,Basavanagudi,21647,Weekend,False,Clear,False,0.0,False,False,0.498,Moderate,21.7,32.9,187.6,0.129,0.298,0.964,Moderate traffic flow - standard adaptive signal timing in effect
EVT410184,2025-07-10 08:25:05,Local Market Day,J012,Koramangala Sony World,2804,Weekday,False,Heavy Rain,True,38.4,False,False,1.0,Severe,9.4,69.9,416.8,0.152,0.35,0.838,Heavy rain reducing visibility and grip - reduced speed and longer buffer advised
EVT410185,2026-04-14 08:40:38,Cultural Procession,J031,Cubbon Road,28344,Weekday,True,Clear,False,0.0,False,True,1.0,Severe,11.2,94.9,314.8,0.145,0.334,0.834,Road closure for event/procession - full detour recommended for through-traffic
EVT410186,2026-02-09 11:55:10,Concert,J040,City Market,9953,Weekday,False,Clear,False,0.0,False,False,0.261,Low,33.1,17.5,199.1,0.159,0.366,0.954,Moderate traffic flow - standard adaptive signal timing in effect
EVT410187,2026-01-01 11:12:41,Religious Festival,J031,Cubbon Road,52495,Weekday,True,Clear,False,0.0,False,False,0.892,Severe,9.6,65.8,473.5,0.184,0.425,0.89,Festival crowd surge detected - alternate route and extended cycle recommended
EVT410188,2025-01-19 08:50:36,Trade Fair,J009,Majestic,4540,Weekend,False,Clear,False,0.0,False,False,0.795,Severe,16.5,51.1,304.9,0.17,0.392,0.962,Heavy congestion detected - signal timing extended and reroute suggested
EVT410189,2026-01-05 16:44:58,Concert,J020,Malleshwaram Circle,6192,Weekday,False,Clear,False,0.0,False,False,0.6,High,18.9,47.8,315.6,0.189,0.436,0.983,Moderate traffic flow - standard adaptive signal timing in effect
EVT410190,2026-06-05 09:33:47,Sports Fixture,J012,Koramangala Sony World,24760,Weekday,False,Heavy Rain,True,30.2,False,False,1.0,Severe,6.3,71.9,803.0,0.214,0.494,0.888,Heavy rain reducing visibility and grip - reduced speed and longer buffer advised
EVT410191,2025-06-11 08:58:20,Political Rally,J030,MG Road,26723,Weekday,False,Clear,False,0.0,False,False,1.0,Severe,7.1,70.8,500.7,0.15,0.346,0.906,Heavy congestion detected - signal timing extended and reroute suggested
EVT410192,2026-05-23 07:54:01,Trade Fair,J020,Malleshwaram Circle,8173,Weekend,False,Clear,False,0.0,False,False,0.584,High,23.4,38.0,227.3,0.161,0.373,0.967,Moderate traffic flow - standard adaptive signal timing in effect
EVT410193,2026-03-08 20:25:07,Local Market Day,J011,Indiranagar 100ft Road,3278,Weekend,False,Fog,False,0.0,False,False,0.582,High,17.7,44.6,534.3,0.288,0.666,0.961,Moderate traffic flow - standard adaptive signal timing in effect
EVT410194,2026-02-08 06:40:19,Concert,J012,Koramangala Sony World,18651,Weekend,False,Clear,False,0.0,False,False,0.432,Moderate,22.4,29.6,80.5,0.042,0.096,0.978,Moderate traffic flow - standard adaptive signal timing in effect
EVT410195,2025-03-19 11:02:30,Political Rally,J012,Koramangala Sony World,9171,Weekday,False,Clear,False,0.0,False,False,0.469,Moderate,18.5,32.6,247.4,0.144,0.333,0.962,Moderate traffic flow - standard adaptive signal timing in effect
EVT410196,2025-05-02 13:40:32,Religious Festival,J011,Indiranagar 100ft Road,49075,Weekday,True,Clear,False,0.0,False,True,0.872,High,13.3,87.4,330.9,0.165,0.381,0.869,Road closure for event/procession - full detour recommended for through-traffic
EVT410197,2025-03-25 16:22:04,Political Rally,J040,City Market,29259,Weekday,False,Clear,False,0.0,False,False,0.618,High,17.0,45.4,351.7,0.195,0.45,0.953,Moderate traffic flow - standard adaptive signal timing in effect
EVT410198,2026-05-29 21:22:44,Local Market Day,J012,Koramangala Sony World,4338,Weekday,False,Clear,False,0.0,False,False,0.415,Moderate,31.0,30.1,134.5,0.123,0.285,0.964,Moderate traffic flow - standard adaptive signal timing in effect
EVT410199,2025-04-27 11:50:44,Sports Fixture,J020,Malleshwaram Circle,24662,Weekend,False,Light Rain,True,2.0,False,False,0.605,High,22.1,45.5,145.3,0.094,0.218,0.911,Heavy rain reducing visibility and grip - reduced speed and longer buffer advised
EVT410200,2026-05-26 10:05:52,Sports Fixture,J020,Malleshwaram Circle,14478,Weekday,False,Clear,False,0.0,False,False,0.811,Severe,15.7,56.7,128.8,0.097,0.223,0.945,Heavy congestion detected - signal timing extended and reroute suggested
EVT410201,2025-03-12 14:35:54,Local Market Day,J040,City Market,1903,Weekday,False,Clear,False,0.0,False,False,0.313,Low,30.4,20.0,150.6,0.127,0.294,0.984,Moderate traffic flow - standard adaptive signal timing in effect
EVT410202,2025-05-05 08:33:40,Local Market Day,J030,MG Road,2531,Weekday,False,Clear,False,0.0,False,False,0.921,Severe,9.1,66.4,604.0,0.22,0.508,0.909,Heavy congestion detected - signal timing extended and reroute suggested
EVT410203,2025-07-02 09:00:18,Trade Fair,J023,Basavanagudi,8161,Weekday,False,Clear,False,0.0,False,False,1.0,Severe,7.2,67.6,357.4,0.115,0.266,0.927,Heavy congestion detected - signal timing extended and reroute suggested
EVT410204,2025-06-20 08:59:14,Local Market Day,J031,Cubbon Road,4124,Weekday,False,Clear,False,0.0,False,False,1.0,Severe,8.3,70.1,820.2,0.28,0.647,0.914,Heavy congestion detected - signal timing extended and reroute suggested
EVT410205,2026-04-02 06:36:51,Local Market Day,J012,Koramangala Sony World,4530,Weekday,False,Fog,False,0.0,False,False,0.297,Low,34.4,25.0,137.8,0.13,0.3,0.956,Moderate traffic flow - standard adaptive signal timing in effect
EVT410206,2026-02-12 20:31:54,Trade Fair,J020,Malleshwaram Circle,10493,Weekday,False,Clear,False,0.0,False,False,0.569,High,22.6,45.7,248.4,0.158,0.364,0.979,Moderate traffic flow - standard adaptive signal timing in effect
EVT410207,2025-03-03 09:27:43,Sports Fixture,J012,Koramangala Sony World,35796,Weekday,False,Clear,False,0.0,False,False,1.0,Severe,8.0,65.0,373.4,0.117,0.271,0.928,Heavy congestion detected - signal timing extended and reroute suggested
EVT410208,2025-07-17 08:13:29,Local Market Day,J023,Basavanagudi,2557,Weekday,False,Clear,False,0.0,False,False,0.914,Severe,11.6,66.1,680.9,0.308,0.712,0.933,Heavy congestion detected - signal timing extended and reroute suggested
EVT410209,2025-10-20 19:43:37,Fireworks Display,J030,MG Road,43538,Weekday,True,Rain,True,10.5,False,False,1.0,Severe,5.9,72.8,1234.4,0.307,0.708,0.821,Festival crowd surge detected - alternate route and extended cycle recommended
EVT410210,2025-10-31 09:33:25,Concert,J009,Majestic,8395,Weekday,False,Heavy Rain,True,27.8,False,False,1.0,Severe,7.9,71.5,367.2,0.111,0.256,0.864,Heavy rain reducing visibility and grip - reduced speed and longer buffer advised
EVT410211,2026-01-27 11:39:43,Religious Festival,J009,Majestic,46500,Weekday,True,Clear,False,0.0,False,True,0.896,High,8.7,92.5,453.4,0.186,0.43,0.867,Road closure for event/procession - full detour recommended for through-traffic
EVT410212,2025-02-27 19:00:23,Local Market Day,J012,Koramangala Sony World,9156,Weekday,False,Clear,False,0.0,False,False,1.0,Severe,8.2,72.7,752.0,0.248,0.573,0.872,Heavy congestion detected - signal timing extended and reroute suggested
EVT410213,2025-02-05 17:23:56,Sports Fixture,J009,Majestic,21813,Weekday,False,Clear,False,0.0,False,False,0.883,Severe,11.1,64.1,500.4,0.208,0.48,0.925,Heavy congestion detected - signal timing extended and reroute suggested
EVT410214,2025-06-05 09:40:06,Concert,J030,MG Road,7201,Weekday,False,Rain,True,12.2,False,False,1.0,Severe,8.9,73.3,950.9,0.349,0.807,0.88,Heavy rain reducing visibility and grip - reduced speed and longer buffer advised
EVT410215,2025-12-17 20:30:42,Trade Fair,J020,Malleshwaram Circle,9342,Weekday,False,Clear,False,0.0,False,False,0.588,High,21.2,38.1,103.0,0.065,0.15,0.961,Moderate traffic flow - standard adaptive signal timing in effect
EVT410216,2025-04-01 17:05:03,Local Market Day,J020,Malleshwaram Circle,2294,Weekday,False,Clear,False,0.0,False,False,0.708,High,17.3,52.2,265.5,0.131,0.303,0.934,Moderate traffic flow - standard adaptive signal timing in effect
EVT410217,2025-07-06 15:01:20,Political Rally,J030,MG Road,11019,Weekend,False,Clear,False,0.0,False,False,0.305,Low,30.2,23.9,175.2,0.125,0.289,0.973,Moderate traffic flow - standard adaptive signal timing in effect
EVT410218,2025-01-27 06:31:41,Religious Festival,J023,Basavanagudi,56690,Weekday,True,Clear,False,0.0,False,True,1.0,Severe,7.5,99.1,639.4,0.214,0.494,0.831,Road closure for event/procession - full detour recommended for through-traffic
EVT410219,2025-09-05 07:24:50,Religious Festival,J031,Cubbon Road,31833,Weekday,True,Heavy Rain,True,41.8,False,True,1.0,Severe,5.6,91.3,1049.3,0.273,0.63,0.785,Road closure for event/procession - full detour recommended for through-traffic
EVT410220,2025-01-29 16:36:17,Concert,J011,Indiranagar 100ft Road,13028,Weekday,False,Clear,False,0.0,False,False,0.713,High,15.3,48.9,236.5,0.122,0.283,0.978,Moderate traffic flow - standard adaptive signal timing in effect
EVT410221,2026-04-22 15:07:22,Sports Fixture,J011,Indiranagar 100ft Road,35753,Weekday,False,Clear,False,0.0,False,False,0.353,Moderate,30.6,28.9,154.8,0.124,0.287,0.925,Moderate traffic flow - standard adaptive signal timing in effect
EVT410222,2026-04-20 16:39:12,Concert,J030,MG Road,9266,Weekday,False,Clear,False,0.0,False,False,0.617,High,22.0,48.6,135.3,0.084,0.195,0.956,Moderate traffic flow - standard adaptive signal timing in effect
EVT410223,2025-08-19 18:30:40,Sports Fixture,J020,Malleshwaram Circle,25137,Weekday,False,Heavy Rain,True,63.4,False,False,1.0,Severe,9.0,72.2,550.1,0.213,0.493,0.854,Heavy rain reducing visibility and grip - reduced speed and longer buffer advised
EVT410224,2026-04-04 10:52:27,Political Rally,J023,Basavanagudi,17521,Weekend,False,Clear,False,0.0,False,False,0.499,Moderate,22.8,38.9,265.8,0.182,0.419,0.956,Moderate traffic flow - standard adaptive signal timing in effect
EVT410225,2025-03-19 10:58:46,Local Market Day,J040,City Market,3048,Weekday,False,Clear,False,0.0,False,False,0.406,Moderate,27.5,33.2,140.5,0.107,0.247,0.942,Moderate traffic flow - standard adaptive signal timing in effect
EVT410226,2026-03-28 15:51:36,Political Rally,J009,Majestic,21803,Weekend,False,Clear,False,0.0,False,False,0.493,Moderate,23.1,34.9,192.3,0.132,0.306,0.971,Moderate traffic flow - standard adaptive signal timing in effect
EVT410227,2025-09-23 14:32:57,Sports Fixture,J020,Malleshwaram Circle,34447,Weekday,False,Clear,False,0.0,False,False,0.454,Moderate,28.7,33.0,162.6,0.117,0.271,0.99,Moderate traffic flow - standard adaptive signal timing in effect
EVT410228,2026-03-03 21:32:14,Local Market Day,J030,MG Road,9546,Weekday,False,Clear,False,0.0,False,False,0.412,Moderate,34.8,28.8,196.7,0.187,0.433,0.973,Moderate traffic flow - standard adaptive signal timing in effect
EVT410229,2025-10-16 18:19:17,Sports Fixture,J030,MG Road,39654,Weekday,False,Heavy Rain,True,84.7,False,False,1.0,Severe,8.8,71.8,389.7,0.147,0.34,0.862,Heavy rain reducing visibility and grip - reduced speed and longer buffer advised
EVT410230,2025-04-26 09:59:57,Local Market Day,J009,Majestic,3418,Weekend,False,Clear,False,0.0,False,False,0.667,High,23.1,48.5,285.9,0.197,0.454,0.942,Moderate traffic flow - standard adaptive signal timing in effect
EVT410231,2025-12-10 08:46:00,Concert,J012,Koramangala Sony World,13119,Weekday,False,Clear,False,0.0,False,False,1.0,Severe,8.7,67.8,335.3,0.126,0.291,0.919,Heavy congestion detected - signal timing extended and reroute suggested
EVT410232,2026-05-06 18:14:35,Sports Fixture,J031,Cubbon Road,29333,Weekday,False,Clear,False,0.0,False,False,1.0,Severe,7.0,65.9,353.2,0.106,0.245,0.917,Heavy congestion detected - signal timing extended and reroute suggested
EVT410233,2025-02-15 10:16:50,Sports Fixture,J023,Basavanagudi,60259,Weekend,False,Clear,False,0.0,False,False,0.944,Severe,11.6,63.1,300.6,0.122,0.282,0.926,Heavy congestion detected - signal timing extended and reroute suggested
EVT410234,2026-06-10 15:01:24,Trade Fair,J023,Basavanagudi,10539,Weekday,False,Light Rain,True,6.0,False,False,0.418,Moderate,19.1,25.4,214.1,0.11,0.253,0.921,Light rain detected - minor speed reduction advised
EVT410235,2025-11-16 16:16:26,Trade Fair,J031,Cubbon Road,18908,Weekend,False,Clear,False,0.0,False,False,0.575,High,19.9,40.3,316.4,0.166,0.384,0.959,Moderate traffic flow - standard adaptive signal timing in effect
EVT410236,2026-04-21 08:19:50,Trade Fair,J012,Koramangala Sony World,4950,Weekday,False,Clear,False,0.0,False,False,0.883,Severe,12.8,67.8,344.9,0.181,0.418,0.936,Heavy congestion detected - signal timing extended and reroute suggested
EVT410237,2025-06-08 13:13:45,Local Market Day,J023,Basavanagudi,5268,Weekend,False,Heavy Rain,True,29.6,False,False,0.479,Moderate,21.8,34.3,200.1,0.126,0.292,0.921,Light rain detected - minor speed reduction advised
EVT410238,2025-02-26 18:03:51,Political Rally,J020,Malleshwaram Circle,15916,Weekday,False,Clear,False,0.0,False,False,1.0,Severe,7.7,77.9,957.9,0.296,0.683,0.892,Heavy congestion detected - signal timing extended and reroute suggested
EVT410239,2025-07-14 10:22:27,Trade Fair,J009,Majestic,11819,Weekday,False,Clear,False,0.0,False,False,0.73,High,18.4,55.0,222.6,0.139,0.32,0.986,Moderate traffic flow - standard adaptive signal timing in effect
EVT410240,2025-10-03 06:49:38,Fireworks Display,J012,Koramangala Sony World,37900,Weekday,True,Light Rain,True,7.1,False,False,0.983,Severe,9.5,74.3,313.6,0.116,0.268,0.82,Festival crowd surge detected - alternate route and extended cycle recommended
EVT410241,2025-09-29 13:20:08,Local Market Day,J011,Indiranagar 100ft Road,2845,Weekday,False,Clear,False,0.0,False,False,0.168,Low,32.4,10.6,118.3,0.082,0.19,0.982,Normal free-flow traffic - standard signal timing maintained
EVT410242,2026-03-20 20:48:22,Religious Festival,J011,Indiranagar 100ft Road,41874,Weekday,True,Clear,False,0.0,False,True,1.0,Severe,8.5,101.6,412.2,0.152,0.352,0.837,Road closure for event/procession - full detour recommended for through-traffic
EVT410243,2025-01-21 16:20:24,Trade Fair,J012,Koramangala Sony World,11345,Weekday,False,Clear,False,0.0,False,False,0.501,Moderate,24.9,36.4,200.1,0.159,0.368,0.99,Moderate traffic flow - standard adaptive signal timing in effect
EVT410244,2025-10-13 08:37:14,Political Rally,J030,MG Road,19130,Weekday,False,Clear,False,0.0,False,False,1.0,Severe,9.9,77.5,842.3,0.335,0.775,0.93,Heavy congestion detected - signal timing extended and reroute suggested
EVT410245,2025-12-18 08:49:52,Political Rally,J011,Indiranagar 100ft Road,20189,Weekday,False,Clear,False,0.0,False,False,1.0,Severe,9.9,73.0,503.9,0.227,0.525,0.942,Heavy congestion detected - signal timing extended and reroute suggested
EVT410246,2025-11-04 20:18:04,Trade Fair,J011,Indiranagar 100ft Road,8351,Weekday,False,Light Rain,True,6.8,True,False,1.0,Severe,10.1,71.2,480.6,0.196,0.453,0.699,Accident detected nearby - reroute and reduced speed advised
EVT410247,2025-10-07 14:49:54,Sports Fixture,J020,Malleshwaram Circle,49685,Weekday,False,Clear,False,0.0,False,False,0.517,Moderate,25.9,32.4,168.1,0.133,0.308,0.946,Moderate traffic flow - standard adaptive signal timing in effect
EVT410248,2025-09-14 14:31:24,Concert,J011,Indiranagar 100ft Road,9623,Weekend,False,Clear,False,0.0,False,False,0.21,Low,31.6,12.8,166.0,0.132,0.305,0.967,Normal free-flow traffic - standard signal timing maintained
EVT410249,2025-01-22 19:23:45,Concert,J031,Cubbon Road,8280,Weekday,False,Clear,False,0.0,False,False,0.935,Severe,11.3,65.6,267.2,0.125,0.288,0.914,Heavy congestion detected - signal timing extended and reroute suggested
EVT410250,2026-04-16 08:48:53,Sports Fixture,J023,Basavanagudi,34804,Weekday,False,Clear,False,0.0,False,False,1.0,Severe,8.6,76.5,301.6,0.13,0.301,0.953,Heavy congestion detected - signal timing extended and reroute suggested
EVT410251,2025-11-11 11:44:37,Sports Fixture,J040,City Market,14167,Weekday,False,Rain,True,11.6,False,False,0.492,Moderate,21.8,28.3,196.7,0.138,0.319,0.915,Light rain detected - minor speed reduction advised
EVT410252,2025-01-22 18:30:00,Political Rally,J031,Cubbon Road,8150,Weekday,False,Clear,False,0.0,False,False,1.0,Severe,8.1,72.9,447.2,0.154,0.356,0.891,Heavy congestion detected - signal timing extended and reroute suggested
EVT410253,2025-11-05 15:07:13,Local Market Day,J040,City Market,5195,Weekday,False,Clear,False,0.0,False,False,0.326,Low,29.6,26.5,199.3,0.171,0.395,0.981,Moderate traffic flow - standard adaptive signal timing in effect
EVT410254,2025-01-14 18:30:27,Religious Festival,J012,Koramangala Sony World,71735,Weekday,True,Clear,False,0.0,False,False,1.0,Severe,8.2,71.1,642.9,0.23,0.53,0.863,Festival crowd surge detected - alternate route and extended cycle recommended
EVT410255,2025-11-06 19:16:46,Sports Fixture,J023,Basavanagudi,33700,Weekday,False,Clear,False,0.0,False,False,1.0,Severe,7.7,75.1,935.9,0.265,0.612,0.916,Heavy congestion detected - signal timing extended and reroute suggested
EVT410256,2026-04-14 15:26:55,Cultural Procession,J023,Basavanagudi,25591,Weekday,True,Clear,False,0.0,False,False,0.701,High,19.2,51.7,182.7,0.1,0.231,0.926,Festival crowd surge detected - alternate route and extended cycle recommended
EVT410257,2025-01-09 19:48:11,Sports Fixture,J023,Basavanagudi,25690,Weekday,False,Clear,False,0.0,False,False,0.95,Severe,12.5,69.8,494.6,0.233,0.537,0.936,Heavy congestion detected - signal timing extended and reroute suggested
EVT410258,2026-02-09 08:49:31,Political Rally,J009,Majestic,16589,Weekday,False,Clear,False,0.0,False,False,1.0,Severe,8.1,68.2,642.1,0.213,0.493,0.922,Heavy congestion detected - signal timing extended and reroute suggested
EVT410259,2025-04-27 19:19:14,Trade Fair,J023,Basavanagudi,12564,Weekend,False,Clear,False,0.0,False,False,0.809,Severe,16.6,59.0,187.8,0.097,0.224,0.952,Heavy congestion detected - signal timing extended and reroute suggested
EVT410260,2026-06-13 17:40:09,Concert,J023,Basavanagudi,9260,Weekend,False,Clear,False,0.0,False,False,0.795,Severe,11.9,60.6,560.4,0.231,0.533,0.966,Heavy congestion detected - signal timing extended and reroute suggested
EVT410261,2025-10-24 10:26:13,Sports Fixture,J009,Majestic,27038,Weekday,False,Clear,False,0.0,False,False,0.725,High,20.1,51.7,301.7,0.182,0.42,0.954,Moderate traffic flow - standard adaptive signal timing in effect
EVT410262,2026-05-28 14:59:31,Trade Fair,J020,Malleshwaram Circle,4725,Weekday,False,Clear,False,0.0,False,False,0.272,Low,27.1,16.0,149.7,0.086,0.199,0.943,Moderate traffic flow - standard adaptive signal timing in effect
EVT410263,2025-03-20 19:05:54,Sports Fixture,J040,City Market,22611,Weekday,False,Clear,False,0.0,False,False,1.0,Severe,9.0,75.3,515.9,0.181,0.419,0.914,Heavy congestion detected - signal timing extended and reroute suggested
EVT410264,2026-02-19 11:55:48,Local Market Day,J020,Malleshwaram Circle,3768,Weekday,False,Clear,False,0.0,False,False,0.185,Low,34.2,9.1,70.4,0.059,0.136,0.99,Normal free-flow traffic - standard signal timing maintained
EVT410265,2026-01-09 08:51:28,Political Rally,J009,Majestic,15799,Weekday,False,Clear,False,0.0,False,False,1.0,Severe,8.7,80.1,450.4,0.145,0.335,0.906,Heavy congestion detected - signal timing extended and reroute suggested
EVT410266,2026-02-10 18:27:08,Trade Fair,J012,Koramangala Sony World,9978,Weekday,False,Fog,False,0.0,False,False,1.0,Severe,8.7,75.1,272.2,0.112,0.259,0.912,Heavy congestion detected - signal timing extended and reroute suggested
EVT410267,2025-12-15 07:37:43,Sports Fixture,J020,Malleshwaram Circle,10263,Weekday,False,Clear,False,0.0,False,False,0.608,High,23.0,47.7,186.5,0.142,0.328,0.952,Moderate traffic flow - standard adaptive signal timing in effect
EVT410268,2025-07-06 16:41:37,Concert,J011,Indiranagar 100ft Road,19566,Weekend,False,Clear,False,0.0,False,False,0.692,High,21.9,53.4,103.8,0.075,0.174,0.977,Moderate traffic flow - standard adaptive signal timing in effect
EVT410269,2026-02-16 16:10:01,Concert,J012,Koramangala Sony World,12270,Weekday,False,Clear,False,0.0,False,False,0.598,High,21.6,46.2,277.2,0.176,0.407,0.96,Moderate traffic flow - standard adaptive signal timing in effect
EVT410270,2025-12-13 09:16:57,Trade Fair,J020,Malleshwaram Circle,12153,Weekend,False,Clear,False,0.0,False,False,0.89,Severe,11.1,61.7,380.9,0.156,0.361,0.956,Heavy congestion detected - signal timing extended and reroute suggested
EVT410271,2025-12-04 14:37:47,Local Market Day,J030,MG Road,6373,Weekday,False,Clear,False,0.0,False,False,0.231,Low,33.6,17.8,128.3,0.115,0.266,0.955,Normal free-flow traffic - standard signal timing maintained
EVT410272,2026-01-13 10:49:04,Local Market Day,J040,City Market,3867,Weekday,False,Clear,False,0.0,False,False,0.457,Moderate,24.0,35.5,276.9,0.208,0.479,0.982,Moderate traffic flow - standard adaptive signal timing in effect
EVT410273,2025-02-23 09:44:51,Local Market Day,J020,Malleshwaram Circle,2364,Weekend,False,Clear,False,0.0,False,False,0.804,Severe,16.5,56.4,306.7,0.151,0.349,0.972,Heavy congestion detected - signal timing extended and reroute suggested
EVT410274,2026-03-17 17:51:23,Trade Fair,J012,Koramangala Sony World,8117,Weekday,False,Clear,False,0.0,False,False,0.955,Severe,8.5,66.6,413.2,0.16,0.37,0.925,Heavy congestion detected - signal timing extended and reroute suggested
EVT410275,2026-05-02 18:24:44,Cultural Procession,J011,Indiranagar 100ft Road,23474,Weekend,True,Clear,False,0.0,False,True,1.0,Severe,8.3,101.7,396.1,0.149,0.344,0.853,Road closure for event/procession - full detour recommended for through-traffic
EVT410276,2025-09-15 17:30:59,Local Market Day,J020,Malleshwaram Circle,5113,Weekday,False,Clear,False,0.0,False,False,0.858,Severe,11.4,54.7,203.9,0.081,0.187,0.957,Heavy congestion detected - signal timing extended and reroute suggested
EVT410277,2025-05-17 13:16:49,Trade Fair,J020,Malleshwaram Circle,7192,Weekend,False,Clear,False,0.0,False,False,0.264,Low,30.5,23.7,91.3,0.075,0.172,0.99,Moderate traffic flow - standard adaptive signal timing in effect
EVT410278,2025-06-19 09:05:04,Sports Fixture,J012,Koramangala Sony World,10504,Weekday,False,Rain,True,21.2,False,False,1.0,Severe,7.9,74.0,458.0,0.166,0.383,0.875,Heavy rain reducing visibility and grip - reduced speed and longer buffer advised
EVT410279,2025-05-02 14:48:11,Cultural Procession,J012,Koramangala Sony World,27495,Weekday,True,Clear,False,0.0,False,True,0.707,High,17.0,71.6,387.9,0.206,0.476,0.894,Road closure for event/procession - full detour recommended for through-traffic
EVT410280,2026-01-26 16:10:32,Fireworks Display,J023,Basavanagudi,26649,Weekday,True,Clear,False,0.0,False,False,0.8,Severe,15.5,57.9,300.9,0.153,0.353,0.9,Festival crowd surge detected - alternate route and extended cycle recommended
EVT410281,2025-12-02 16:05:44,Concert,J020,Malleshwaram Circle,11123,Weekday,False,Clear,False,0.0,False,False,0.568,High,26.0,44.2,184.8,0.147,0.34,0.973,Moderate traffic flow - standard adaptive signal timing in effect
EVT410282,2025-03-06 12:48:38,Political Rally,J040,City Market,22442,Weekday,False,Clear,False,0.0,False,False,0.199,Low,35.5,17.7,198.1,0.179,0.412,0.947,Normal free-flow traffic - standard signal timing maintained
EVT410283,2025-08-09 18:33:03,Trade Fair,J031,Cubbon Road,14175,Weekend,False,Light Rain,True,4.7,True,False,1.0,Severe,8.4,74.4,450.8,0.159,0.367,0.696,Accident detected nearby - reroute and reduced speed advised
EVT410284,2026-02-08 18:12:09,Sports Fixture,J011,Indiranagar 100ft Road,15304,Weekend,False,Clear,False,0.0,False,False,0.937,Severe,12.7,64.4,397.6,0.184,0.424,0.94,Heavy congestion detected - signal timing extended and reroute suggested
EVT410285,2025-06-07 07:55:58,Trade Fair,J030,MG Road,15425,Weekend,False,Clear,False,0.0,False,False,0.788,Severe,18.4,50.9,365.3,0.234,0.54,0.958,Heavy congestion detected - signal timing extended and reroute suggested
EVT410286,2025-12-10 11:20:56,Concert,J020,Malleshwaram Circle,12060,Weekday,False,Light Rain,True,2.1,False,False,0.487,Moderate,25.5,34.6,226.5,0.172,0.398,0.897,Light rain detected - minor speed reduction advised
EVT410287,2025-05-23 20:39:43,Trade Fair,J030,MG Road,13331,Weekday,False,Clear,False,0.0,False,False,0.528,Moderate,20.7,37.5,239.1,0.135,0.311,0.961,Moderate traffic flow - standard adaptive signal timing in effect
EVT410288,2025-03-21 08:30:05,Sports Fixture,J011,Indiranagar 100ft Road,23519,Weekday,False,Clear,False,0.0,False,False,1.0,Severe,9.5,70.6,284.5,0.127,0.292,0.899,Heavy congestion detected - signal timing extended and reroute suggested
EVT410289,2025-02-28 16:38:36,Trade Fair,J009,Majestic,8757,Weekday,False,Clear,False,0.0,False,False,0.693,High,14.6,45.7,260.1,0.122,0.282,0.978,Moderate traffic flow - standard adaptive signal timing in effect
EVT410290,2026-03-17 15:49:15,Local Market Day,J009,Majestic,8539,Weekday,False,Clear,False,0.0,False,False,0.456,Moderate,21.3,28.4,215.8,0.115,0.267,0.938,Moderate traffic flow - standard adaptive signal timing in effect
EVT410291,2025-01-28 14:12:51,Trade Fair,J009,Majestic,9030,Weekday,False,Clear,False,0.0,False,False,0.265,Low,36.4,16.7,161.8,0.136,0.313,0.974,Moderate traffic flow - standard adaptive signal timing in effect
EVT410292,2026-06-23 15:44:50,Trade Fair,J012,Koramangala Sony World,4732,Weekday,False,Heavy Rain,True,71.6,False,False,0.701,High,20.2,54.8,248.4,0.177,0.409,0.918,Heavy rain reducing visibility and grip - reduced speed and longer buffer advised
EVT410293,2025-12-16 09:27:58,Sports Fixture,J009,Majestic,16108,Weekday,False,Clear,False,0.0,False,False,0.937,Severe,11.0,70.6,492.8,0.228,0.526,0.948,Heavy congestion detected - signal timing extended and reroute suggested
EVT410294,2025-01-09 09:12:52,Political Rally,J023,Basavanagudi,12879,Weekday,False,Clear,False,0.0,False,False,1.0,Severe,8.0,74.7,765.1,0.25,0.577,0.903,Heavy congestion detected - signal timing extended and reroute suggested
EVT410295,2026-04-16 16:57:57,Trade Fair,J031,Cubbon Road,11497,Weekday,False,Clear,False,0.0,False,False,0.734,High,18.3,50.7,131.4,0.062,0.144,0.952,Moderate traffic flow - standard adaptive signal timing in effect
EVT410296,2025-11-30 08:03:28,Local Market Day,J031,Cubbon Road,6631,Weekend,False,Clear,False,0.0,False,False,0.744,High,19.1,52.8,260.5,0.18,0.415,0.985,Moderate traffic flow - standard adaptive signal timing in effect
EVT410297,2025-01-19 17:42:06,Concert,J020,Malleshwaram Circle,11904,Weekend,False,Clear,False,0.0,False,False,0.804,Severe,16.9,56.8,439.6,0.242,0.558,0.947,Heavy congestion detected - signal timing extended and reroute suggested
EVT410298,2026-03-10 16:11:40,Local Market Day,J040,City Market,2977,Weekday,False,Clear,False,0.0,False,False,0.442,Moderate,24.8,32.1,123.5,0.1,0.231,0.99,Moderate traffic flow - standard adaptive signal timing in effect
EVT410299,2025-12-04 17:22:47,Sports Fixture,J012,Koramangala Sony World,20794,Weekday,False,Clear,False,0.0,False,False,0.977,Severe,9.3,69.7,550.4,0.21,0.485,0.929,Heavy congestion detected - signal timing extended and reroute suggested
EVT410300,2025-02-10 21:37:57,Sports Fixture,J040,City Market,15099,Weekday,False,Clear,False,0.0,False,False,0.427,Moderate,24.4,31.0,231.8,0.137,0.317,0.94,Moderate traffic flow - standard adaptive signal timing in effect
EVT410301,2025-01-23 05:55:54,Local Market Day,J023,Basavanagudi,3626,Weekday,False,Clear,False,0.0,False,False,0.193,Low,38.3,10.3,74.9,0.071,0.164,0.99,Normal free-flow traffic - standard signal timing maintained
EVT410302,2026-04-27 07:10:44,Concert,J040,City Market,13938,Weekday,False,Clear,False,0.0,False,False,0.467,Moderate,21.2,33.9,159.3,0.111,0.257,0.968,Moderate traffic flow - standard adaptive signal timing in effect
EVT410303,2025-09-30 17:23:24,Local Market Day,J023,Basavanagudi,4646,Weekday,False,Rain,True,7.5,False,False,1.0,Severe,6.9,70.4,897.0,0.266,0.614,0.871,Heavy rain reducing visibility and grip - reduced speed and longer buffer advised
EVT410304,2025-07-28 13:17:34,Local Market Day,J030,MG Road,4679,Weekday,False,Clear,False,0.0,False,False,0.157,Low,37.1,13.9,94.1,0.076,0.176,0.951,Normal free-flow traffic - standard signal timing maintained
EVT410305,2025-06-11 19:26:49,Local Market Day,J023,Basavanagudi,4149,Weekday,False,Clear,False,0.0,False,False,0.891,Severe,14.6,62.5,305.0,0.151,0.349,0.943,Heavy congestion detected - signal timing extended and reroute suggested
EVT410306,2025-06-06 14:30:32,Trade Fair,J009,Majestic,4696,Weekday,False,Clear,False,0.0,False,False,0.267,Low,28.9,22.7,250.6,0.182,0.42,0.98,Moderate traffic flow - standard adaptive signal timing in effect
EVT410307,2025-06-06 14:20:10,Trade Fair,J011,Indiranagar 100ft Road,6475,Weekday,False,Clear,False,0.0,False,False,0.209,Low,32.9,18.6,110.5,0.108,0.25,0.951,Normal free-flow traffic - standard signal timing maintained
EVT410308,2025-05-30 23:56:01,Political Rally,J023,Basavanagudi,8293,Weekday,False,Rain,True,16.1,False,False,0.349,Low,28.1,20.6,104.7,0.072,0.167,0.909,Light rain detected - minor speed reduction advised
EVT410309,2026-03-15 13:57:09,Concert,J031,Cubbon Road,9834,Weekend,False,Clear,False,0.0,False,False,0.278,Low,23.7,15.9,269.8,0.189,0.435,0.961,Moderate traffic flow - standard adaptive signal timing in effect
EVT410310,2025-07-13 12:25:22,Local Market Day,J009,Majestic,6377,Weekend,False,Rain,True,10.4,False,False,0.455,Moderate,27.4,29.6,273.1,0.216,0.499,0.93,Light rain detected - minor speed reduction advised
EVT410311,2025-08-01 16:16:51,Concert,J040,City Market,14804,Weekday,False,Clear,False,0.0,False,False,0.579,High,24.0,41.4,309.4,0.224,0.518,0.951,Moderate traffic flow - standard adaptive signal timing in effect
EVT410312,2026-02-13 07:15:42,Sports Fixture,J023,Basavanagudi,19043,Weekday,False,Clear,False,0.0,False,False,0.586,High,21.0,43.2,270.5,0.19,0.439,0.974,Moderate traffic flow - standard adaptive signal timing in effect
EVT410313,2025-04-15 06:40:48,Religious Festival,J040,City Market,35100,Weekday,True,Light Rain,True,5.9,False,True,1.0,Severe,5.8,99.4,499.6,0.144,0.332,0.777,Road closure for event/procession - full detour recommended for through-traffic
EVT410314,2026-03-19 11:30:09,Cultural Procession,J030,MG Road,39284,Weekday,True,Clear,False,0.0,False,False,0.751,Severe,17.3,53.2,383.2,0.198,0.457,0.894,Festival crowd surge detected - alternate route and extended cycle recommended
EVT410315,2025-11-14 09:49:33,Concert,J009,Majestic,8640,Weekday,False,Clear,False,0.0,False,False,0.889,Severe,12.4,57.6,299.3,0.146,0.336,0.956,Heavy congestion detected - signal timing extended and reroute suggested
EVT410316,2026-04-08 22:33:51,Concert,J011,Indiranagar 100ft Road,12211,Weekday,False,Clear,False,0.0,False,False,0.208,Low,39.6,15.8,58.2,0.049,0.114,0.976,Normal free-flow traffic - standard signal timing maintained
EVT410317,2025-12-30 17:23:15,Concert,J009,Majestic,9950,Weekday,False,Clear,False,0.0,False,False,0.86,Severe,11.3,62.8,204.7,0.081,0.186,0.938,Heavy congestion detected - signal timing extended and reroute suggested
EVT410318,2025-09-17 11:41:47,Sports Fixture,J011,Indiranagar 100ft Road,25417,Weekday,False,Rain,True,16.3,False,False,0.601,High,27.2,45.5,228.3,0.172,0.396,0.867,Heavy rain reducing visibility and grip - reduced speed and longer buffer advised
EVT410319,2025-06-07 20:44:45,Concert,J030,MG Road,10464,Weekend,False,Fog,False,0.0,False,False,0.591,High,21.8,39.0,117.6,0.07,0.161,0.968,Moderate traffic flow - standard adaptive signal timing in effect
EVT410320,2025-03-14 17:54:13,Cultural Procession,J040,City Market,32428,Weekday,True,Clear,False,0.0,False,True,1.0,Severe,9.0,107.6,742.1,0.279,0.644,0.833,Road closure for event/procession - full detour recommended for through-traffic
EVT410321,2026-03-31 21:00:52,Trade Fair,J023,Basavanagudi,10111,Weekday,False,Rain,True,7.6,False,False,0.556,High,20.7,41.8,273.4,0.184,0.425,0.954,Heavy rain reducing visibility and grip - reduced speed and longer buffer advised
EVT410322,2026-01-10 19:32:35,Local Market Day,J012,Koramangala Sony World,3715,Weekend,False,Clear,False,0.0,False,False,0.698,High,14.1,48.1,374.1,0.198,0.456,0.977,Moderate traffic flow - standard adaptive signal timing in effect
EVT410323,2025-08-20 22:09:21,Political Rally,J030,MG Road,16558,Weekday,False,Clear,False,0.0,False,False,0.289,Low,28.2,21.6,190.0,0.155,0.357,0.969,Moderate traffic flow - standard adaptive signal timing in effect
EVT410324,2025-05-17 22:28:26,Local Market Day,J009,Majestic,4955,Weekend,False,Clear,False,0.0,False,False,0.258,Low,39.5,17.5,92.3,0.094,0.218,0.949,Moderate traffic flow - standard adaptive signal timing in effect
EVT410325,2025-06-18 19:53:08,Concert,J040,City Market,14054,Weekday,False,Rain,True,17.3,False,False,0.977,Severe,10.8,67.1,402.9,0.174,0.403,0.857,Heavy rain reducing visibility and grip - reduced speed and longer buffer advised
EVT410326,2025-05-14 16:23:12,Local Market Day,J012,Koramangala Sony World,6357,Weekday,False,Clear,False,0.0,False,False,0.515,Moderate,30.6,40.7,211.1,0.19,0.439,0.948,Moderate traffic flow - standard adaptive signal timing in effect
EVT410327,2025-06-16 12:01:25,Local Market Day,J030,MG Road,5248,Weekday,False,Clear,False,0.0,False,False,0.255,Low,27.3,17.6,261.2,0.186,0.429,0.93,Moderate traffic flow - standard adaptive signal timing in effect
EVT410328,2026-02-10 22:27:09,Trade Fair,J040,City Market,16991,Weekday,False,Clear,False,0.0,False,False,0.268,Low,28.0,15.2,154.2,0.102,0.235,0.968,Moderate traffic flow - standard adaptive signal timing in effect
EVT410329,2025-09-16 20:04:42,Trade Fair,J012,Koramangala Sony World,12397,Weekday,False,Rain,True,16.8,False,False,0.96,Severe,12.4,69.9,358.6,0.177,0.408,0.858,Heavy rain reducing visibility and grip - reduced speed and longer buffer advised
EVT410330,2026-01-11 09:19:43,Local Market Day,J012,Koramangala Sony World,2379,Weekend,False,Clear,False,0.0,False,False,0.819,Severe,14.0,61.6,569.8,0.27,0.624,0.955,Heavy congestion detected - signal timing extended and reroute suggested
EVT410331,2025-07-27 08:50:06,Political Rally,J023,Basavanagudi,11653,Weekend,False,Clear,False,0.0,False,False,0.837,Severe,11.9,58.0,479.5,0.215,0.496,0.923,Heavy congestion detected - signal timing extended and reroute suggested
EVT410332,2026-06-04 17:55:51,Local Market Day,J031,Cubbon Road,2386,Weekday,False,Clear,False,0.0,False,False,0.984,Severe,7.7,65.7,505.5,0.167,0.385,0.903,Heavy congestion detected - signal timing extended and reroute suggested
EVT410333,2025-09-02 23:20:56,Sports Fixture,J011,Indiranagar 100ft Road,14298,Weekday,False,Clear,False,0.0,False,False,0.241,Low,29.2,12.2,154.2,0.125,0.289,0.961,Normal free-flow traffic - standard signal timing maintained
EVT410334,2025-03-11 12:58:00,Concert,J040,City Market,12713,Weekday,False,Clear,False,0.0,False,False,0.189,Low,39.8,16.0,92.1,0.096,0.221,0.941,Normal free-flow traffic - standard signal timing maintained
EVT410335,2025-10-16 10:36:32,Sports Fixture,J030,MG Road,21233,Weekday,False,Rain,True,23.0,False,False,0.893,Severe,13.8,56.0,393.6,0.203,0.468,0.901,Heavy rain reducing visibility and grip - reduced speed and longer buffer advised
EVT410336,2026-01-13 08:34:59,Trade Fair,J020,Malleshwaram Circle,7329,Weekday,False,Clear,False,0.0,False,False,1.0,Severe,9.2,68.0,472.6,0.179,0.414,0.914,Heavy congestion detected - signal timing extended and reroute suggested
EVT410337,2026-05-06 08:34:41,Local Market Day,J031,Cubbon Road,4429,Weekday,False,Clear,False,0.0,False,False,1.0,Severe,9.6,68.4,287.6,0.119,0.275,0.913,Heavy congestion detected - signal timing extended and reroute suggested
EVT410338,2025-07-18 09:06:18,Trade Fair,J030,MG Road,10978,Weekday,False,Heavy Rain,True,32.4,False,False,1.0,Severe,8.7,69.8,323.0,0.106,0.245,0.872,Heavy rain reducing visibility and grip - reduced speed and longer buffer advised
EVT410339,2025-08-22 15:33:47,Sports Fixture,J023,Basavanagudi,26323,Weekday,False,Heavy Rain,True,36.1,False,False,0.799,Severe,16.4,65.1,283.5,0.175,0.403,0.904,Heavy rain reducing visibility and grip - reduced speed and longer buffer advised
EVT410340,2025-09-21 21:51:29,Sports Fixture,J011,Indiranagar 100ft Road,23023,Weekend,False,Rain,True,11.5,False,False,0.566,High,23.1,39.3,180.7,0.123,0.283,0.905,Heavy rain reducing visibility and grip - reduced speed and longer buffer advised
EVT410341,2025-06-16 05:01:56,Local Market Day,J020,Malleshwaram Circle,4965,Weekday,False,Rain,True,18.1,False,False,0.339,Low,30.0,26.2,106.5,0.101,0.233,0.932,Light rain detected - minor speed reduction advised
EVT410342,2025-12-06 14:19:15,Concert,J030,MG Road,12202,Weekend,False,Clear,False,0.0,False,False,0.399,Moderate,30.4,25.6,179.2,0.148,0.342,0.973,Moderate traffic flow - standard adaptive signal timing in effect
EVT410343,2025-05-27 13:51:21,Local Market Day,J009,Majestic,3111,Weekday,False,Clear,False,0.0,False,False,0.169,Low,38.6,9.5,72.2,0.069,0.159,0.948,Normal free-flow traffic - standard signal timing maintained
EVT410344,2025-09-12 15:39:07,Trade Fair,J030,MG Road,4424,Weekday,False,Clear,False,0.0,False,False,0.364,Moderate,32.3,26.8,169.9,0.153,0.352,0.966,Moderate traffic flow - standard adaptive signal timing in effect
EVT410345,2025-05-26 13:41:22,Concert,J040,City Market,18767,Weekday,False,Clear,False,0.0,False,False,0.288,Low,30.4,20.1,126.9,0.093,0.214,0.933,Moderate traffic flow - standard adaptive signal timing in effect
EVT410346,2026-01-03 17:45:19,Local Market Day,J009,Majestic,2587,Weekend,False,Clear,False,0.0,False,False,0.843,Severe,13.1,57.8,494.0,0.251,0.579,0.956,Heavy congestion detected - signal timing extended and reroute suggested
EVT410347,2025-01-29 08:34:04,Local Market Day,J011,Indiranagar 100ft Road,2949,Weekday,False,Clear,False,0.0,False,False,0.977,Severe,10.9,68.1,159.6,0.079,0.183,0.93,Heavy congestion detected - signal timing extended and reroute suggested
EVT410348,2025-12-03 20:50:55,Trade Fair,J011,Indiranagar 100ft Road,8581,Weekday,False,Fog,False,0.0,False,False,0.39,Moderate,30.7,32.4,138.4,0.095,0.218,0.973,Moderate traffic flow - standard adaptive signal timing in effect
EVT410349,2026-04-26 15:45:25,Local Market Day,J011,Indiranagar 100ft Road,4727,Weekend,False,Clear,False,0.0,False,False,0.413,Moderate,31.9,25.1,212.3,0.18,0.415,0.927,Moderate traffic flow - standard adaptive signal timing in effect
EVT410350,2026-04-22 18:02:44,Sports Fixture,J020,Malleshwaram Circle,23308,Weekday,False,Clear,False,0.0,False,False,1.0,Severe,9.0,76.2,444.8,0.18,0.415,0.895,Heavy congestion detected - signal timing extended and reroute suggested
EVT410351,2025-12-24 17:40:22,Concert,J030,MG Road,19070,Weekday,False,Light Rain,True,3.6,False,False,1.0,Severe,9.8,78.6,362.2,0.152,0.35,0.899,Heavy rain reducing visibility and grip - reduced speed and longer buffer advised
EVT410352,2026-05-11 20:35:23,Local Market Day,J040,City Market,2628,Weekday,False,Clear,False,0.0,False,False,0.513,Moderate,21.4,38.8,248.8,0.169,0.391,0.958,Moderate traffic flow - standard adaptive signal timing in effect
EVT410353,2025-04-01 21:54:34,Sports Fixture,J020,Malleshwaram Circle,18742,Weekday,False,Clear,False,0.0,False,False,0.258,Low,26.9,19.1,143.9,0.093,0.215,0.984,Moderate traffic flow - standard adaptive signal timing in effect
EVT410354,2026-03-15 14:27:23,Trade Fair,J031,Cubbon Road,10365,Weekend,False,Clear,False,0.0,False,False,0.299,Low,27.7,25.6,120.1,0.069,0.159,0.969,Moderate traffic flow - standard adaptive signal timing in effect
EVT410355,2025-05-21 20:28:11,Trade Fair,J012,Koramangala Sony World,10496,Weekday,False,Clear,False,0.0,False,False,0.562,High,19.0,37.0,258.1,0.139,0.32,0.95,Moderate traffic flow - standard adaptive signal timing in effect
EVT410356,2026-03-12 13:05:34,Sports Fixture,J040,City Market,38951,Weekday,False,Clear,False,0.0,False,False,0.326,Low,32.3,19.0,151.1,0.126,0.291,0.963,Moderate traffic flow - standard adaptive signal timing in effect
EVT410357,2025-03-11 08:16:33,Concert,J040,City Market,5061,Weekday,False,Fog,False,0.0,False,False,0.945,Severe,10.7,75.9,449.7,0.203,0.47,0.927,Heavy congestion detected - signal timing extended and reroute suggested
EVT410358,2026-03-04 19:30:23,Religious Festival,J009,Majestic,52130,Weekday,True,Clear,False,0.0,False,True,1.0,Severe,8.2,93.9,403.0,0.128,0.295,0.823,Road closure for event/procession - full detour recommended for through-traffic
EVT410359,2026-02-18 15:36:09,Local Market Day,J040,City Market,6887,Weekday,False,Clear,False,0.0,False,False,0.325,Low,35.0,28.2,160.9,0.12,0.277,0.978,Moderate traffic flow - standard adaptive signal timing in effect
EVT410360,2025-03-02 21:33:10,Sports Fixture,J011,Indiranagar 100ft Road,16303,Weekend,False,Clear,False,0.0,False,False,0.397,Moderate,23.0,32.0,186.7,0.105,0.242,0.945,Moderate traffic flow - standard adaptive signal timing in effect
EVT410361,2026-04-22 14:33:42,Trade Fair,J012,Koramangala Sony World,4610,Weekday,False,Clear,False,0.0,False,False,0.193,Low,34.6,13.6,68.1,0.08,0.186,0.964,Normal free-flow traffic - standard signal timing maintained
EVT410362,2026-01-14 07:02:52,Religious Festival,J012,Koramangala Sony World,20440,Weekday,True,Clear,False,0.0,False,False,0.669,High,18.9,51.8,395.1,0.231,0.534,0.895,Festival crowd surge detected - alternate route and extended cycle recommended
EVT410363,2025-11-27 17:31:20,Trade Fair,J011,Indiranagar 100ft Road,9765,Weekday,False,Clear,False,0.0,False,False,0.948,Severe,10.6,67.3,382.9,0.149,0.345,0.923,Heavy congestion detected - signal timing extended and reroute suggested
EVT410364,2026-03-02 16:57:48,Political Rally,J020,Malleshwaram Circle,10283,Weekday,False,Clear,False,0.0,True,False,1.0,Severe,8.9,73.6,630.8,0.216,0.498,0.768,Accident detected nearby - reroute and reduced speed advised
EVT410365,2025-10-01 08:58:29,Local Market Day,J031,Cubbon Road,3879,Weekday,False,Clear,False,0.0,False,False,0.97,Severe,8.2,71.9,355.7,0.132,0.306,0.913,Heavy congestion detected - signal timing extended and reroute suggested
EVT410366,2025-11-05 22:43:56,Sports Fixture,J020,Malleshwaram Circle,16996,Weekday,False,Clear,False,0.0,False,False,0.169,Low,25.3,13.8,87.1,0.049,0.114,0.966,Normal free-flow traffic - standard signal timing maintained
EVT410367,2026-06-13 17:04:13,Local Market Day,J009,Majestic,3300,Weekend,False,Clear,False,0.0,False,False,0.648,High,15.5,46.8,294.0,0.136,0.314,0.934,Moderate traffic flow - standard adaptive signal timing in effect
EVT410368,2025-08-23 19:13:00,Sports Fixture,J020,Malleshwaram Circle,22169,Weekend,False,Rain,True,20.2,False,False,1.0,Severe,8.2,72.4,787.8,0.247,0.57,0.886,Heavy rain reducing visibility and grip - reduced speed and longer buffer advised
EVT410369,2026-01-15 20:09:32,Cultural Procession,J023,Basavanagudi,19476,Weekday,True,Clear,False,0.0,False,True,1.0,Severe,8.7,100.0,231.2,0.086,0.199,0.843,Road closure for event/procession - full detour recommended for through-traffic
EVT410370,2026-04-27 13:41:36,Sports Fixture,J030,MG Road,15482,Weekday,False,Fog,False,0.0,False,False,0.278,Low,31.4,21.3,142.1,0.122,0.281,0.955,Moderate traffic flow - standard adaptive signal timing in effect
EVT410371,2026-06-08 08:00:26,Concert,J030,MG Road,12910,Weekday,False,Clear,False,0.0,False,False,0.788,Severe,17.2,60.6,496.3,0.295,0.681,0.946,Heavy congestion detected - signal timing extended and reroute suggested
EVT410372,2025-10-10 22:07:01,Concert,J030,MG Road,11914,Weekday,False,Clear,False,0.0,False,False,0.32,Low,19.5,24.6,171.1,0.095,0.219,0.967,Moderate traffic flow - standard adaptive signal timing in effect
EVT410373,2026-03-30 07:24:27,Sports Fixture,J020,Malleshwaram Circle,21318,Weekday,False,Clear,False,0.0,False,False,0.695,High,11.9,53.3,327.4,0.167,0.387,0.927,Moderate traffic flow - standard adaptive signal timing in effect
EVT410374,2026-04-30 18:31:00,Local Market Day,J030,MG Road,2724,Weekday,False,Clear,False,0.0,False,False,0.99,Severe,8.8,70.6,254.5,0.095,0.219,0.923,Heavy congestion detected - signal timing extended and reroute suggested
EVT410375,2026-05-31 18:48:22,Concert,J020,Malleshwaram Circle,6260,Weekend,False,Clear,False,0.0,False,False,0.915,Severe,13.0,66.6,525.2,0.236,0.546,0.939,Heavy congestion detected - signal timing extended and reroute suggested
EVT410376,2025-01-05 20:24:05,Political Rally,J009,Majestic,10678,Weekend,False,Light Rain,True,4.5,False,False,0.721,High,16.0,50.4,436.7,0.211,0.487,0.902,Heavy rain reducing visibility and grip - reduced speed and longer buffer advised
EVT410377,2025-03-24 14:43:25,Local Market Day,J020,Malleshwaram Circle,4512,Weekday,False,Clear,False,0.0,False,False,0.252,Low,29.0,26.2,271.3,0.212,0.49,0.967,Moderate traffic flow - standard adaptive signal timing in effect
EVT410378,2026-03-12 10:06:36,Political Rally,J020,Malleshwaram Circle,16528,Weekday,False,Clear,False,0.0,False,False,0.856,Severe,12.7,63.0,419.6,0.189,0.436,0.966,Heavy congestion detected - signal timing extended and reroute suggested
EVT410379,2026-02-10 16:27:54,Sports Fixture,J030,MG Road,11250,Weekday,False,Clear,False,0.0,False,False,0.571,High,23.9,36.7,205.2,0.147,0.34,0.951,Moderate traffic flow - standard adaptive signal timing in effect
EVT410380,2026-02-25 08:58:31,Sports Fixture,J040,City Market,33337,Weekday,False,Clear,False,0.0,False,False,1.0,Severe,9.5,67.9,400.7,0.179,0.414,0.908,Heavy congestion detected - signal timing extended and reroute suggested
EVT410381,2025-05-24 18:15:24,Concert,J030,MG Road,7981,Weekend,False,Clear,False,0.0,False,False,0.835,Severe,13.0,63.0,376.9,0.185,0.427,0.949,Heavy congestion detected - signal timing extended and reroute suggested
EVT410382,2026-02-07 12:07:17,Local Market Day,J040,City Market,4875,Weekend,False,Clear,False,0.0,False,False,0.254,Low,29.9,15.4,123.4,0.091,0.211,0.969,Moderate traffic flow - standard adaptive signal timing in effect
EVT410383,2025-02-02 21:20:19,Local Market Day,J012,Koramangala Sony World,3813,Weekend,False,Clear,False,0.0,False,False,0.327,Low,20.4,23.9,356.4,0.195,0.449,0.978,Moderate traffic flow - standard adaptive signal timing in effect
EVT410384,2026-01-15 09:57:53,Cultural Procession,J012,Koramangala Sony World,14273,Weekday,True,Light Rain,True,4.5,False,False,1.0,Severe,9.5,69.1,466.2,0.178,0.41,0.835,Festival crowd surge detected - alternate route and extended cycle recommended
EVT410385,2025-12-21 16:33:35,Sports Fixture,J012,Koramangala Sony World,34074,Weekend,False,Clear,False,0.0,False,False,0.75,Severe,20.1,45.3,351.0,0.236,0.544,0.958,Heavy congestion detected - signal timing extended and reroute suggested
EVT410386,2025-07-02 15:04:05,Local Market Day,J012,Koramangala Sony World,3838,Weekday,False,Clear,False,0.0,False,False,0.254,Low,26.5,15.1,187.3,0.126,0.29,0.947,Moderate traffic flow - standard adaptive signal timing in effect
EVT410387,2026-02-24 21:38:10,Trade Fair,J012,Koramangala Sony World,7891,Weekday,False,Clear,False,0.0,True,False,0.661,High,16.6,44.3,289.0,0.164,0.379,0.773,Accident detected nearby - reroute and reduced speed advised
EVT410388,2025-04-12 10:14:12,Political Rally,J011,Indiranagar 100ft Road,17814,Weekend,False,Clear,False,0.0,False,False,0.717,High,18.1,50.5,277.3,0.17,0.392,0.987,Moderate traffic flow - standard adaptive signal timing in effect
EVT410389,2026-06-12 07:47:12,Concert,J023,Basavanagudi,8361,Weekday,False,Rain,True,13.1,False,False,0.918,Severe,13.7,70.6,603.3,0.291,0.672,0.854,Heavy rain reducing visibility and grip - reduced speed and longer buffer advised
EVT410390,2025-02-13 11:09:12,Political Rally,J012,Koramangala Sony World,25081,Weekday,False,Clear,False,0.0,False,False,0.527,Moderate,20.5,39.0,255.5,0.145,0.335,0.973,Moderate traffic flow - standard adaptive signal timing in effect
EVT410391,2025-10-27 15:47:11,Political Rally,J009,Majestic,13596,Weekday,False,Clear,False,0.0,False,False,0.444,Moderate,25.9,37.1,168.3,0.122,0.282,0.98,Moderate traffic flow - standard adaptive signal timing in effect
EVT410392,2026-05-14 16:24:20,Local Market Day,J031,Cubbon Road,2927,Weekday,False,Clear,False,0.0,False,False,0.486,Moderate,19.5,29.8,261.3,0.146,0.338,0.969,Moderate traffic flow - standard adaptive signal timing in effect
EVT410393,2025-11-01 13:15:31,Religious Festival,J023,Basavanagudi,30275,Weekend,True,Clear,False,0.0,False,True,0.813,High,9.3,90.4,444.3,0.168,0.389,0.881,Road closure for event/procession - full detour recommended for through-traffic
EVT410394,2025-08-22 16:42:45,Concert,J023,Basavanagudi,15830,Weekday,False,Heavy Rain,True,46.1,False,False,1.0,Severe,6.2,71.6,572.0,0.159,0.368,0.876,Heavy rain reducing visibility and grip - reduced speed and longer buffer advised
EVT410395,2025-04-12 13:34:55,Political Rally,J023,Basavanagudi,14843,Weekend,False,Clear,False,0.0,False,False,0.331,Low,31.0,29.5,222.1,0.18,0.415,0.962,Moderate traffic flow - standard adaptive signal timing in effect
EVT410396,2026-01-15 06:08:38,Fireworks Display,J031,Cubbon Road,17790,Weekday,True,Clear,False,0.0,False,False,0.58,High,25.2,38.8,295.3,0.227,0.525,0.896,Festival crowd surge detected - alternate route and extended cycle recommended
EVT410397,2026-05-13 17:31:52,Trade Fair,J020,Malleshwaram Circle,13751,Weekday,False,Clear,False,0.0,False,False,0.97,Severe,9.9,71.2,655.8,0.233,0.538,0.941,Heavy congestion detected - signal timing extended and reroute suggested
EVT410398,2025-04-29 12:06:12,Concert,J009,Majestic,17190,Weekday,False,Clear,False,0.0,False,False,0.366,Moderate,29.4,23.7,118.8,0.083,0.193,0.946,Moderate traffic flow - standard adaptive signal timing in effect
EVT410399,2025-07-02 20:19:26,Political Rally,J040,City Market,13896,Weekday,False,Clear,False,0.0,False,False,0.653,High,15.6,44.4,223.3,0.124,0.287,0.952,Moderate traffic flow - standard adaptive signal timing in effect
EVT410400,2026-05-01 07:06:38,Religious Festival,J040,City Market,82809,Weekday,True,Clear,False,0.0,False,True,1.0,Severe,7.0,101.5,730.1,0.246,0.568,0.838,Road closure for event/procession - full detour recommended for through-traffic
EVT410401,2025-02-14 08:27:50,Local Market Day,J012,Koramangala Sony World,2008,Weekday,False,Clear,False,0.0,False,False,0.898,Severe,10.8,64.8,376.9,0.177,0.41,0.953,Heavy congestion detected - signal timing extended and reroute suggested
EVT410402,2026-03-07 07:23:59,Concert,J030,MG Road,6697,Weekend,False,Fog,False,0.0,False,False,0.566,High,21.1,46.4,177.4,0.115,0.267,0.963,Moderate traffic flow - standard adaptive signal timing in effect
EVT410403,2025-04-21 08:36:05,Trade Fair,J020,Malleshwaram Circle,7421,Weekday,False,Clear,False,0.0,False,False,1.0,Severe,10.8,68.2,227.3,0.08,0.185,0.898,Heavy congestion detected - signal timing extended and reroute suggested
EVT410404,2026-05-07 08:07:12,Concert,J030,MG Road,10651,Weekday,False,Clear,False,0.0,False,False,0.907,Severe,12.1,61.9,383.4,0.176,0.406,0.933,Heavy congestion detected - signal timing extended and reroute suggested
EVT410405,2026-01-25 12:10:06,Political Rally,J040,City Market,19677,Weekend,False,Clear,False,0.0,False,False,0.409,Moderate,27.9,32.8,103.6,0.072,0.166,0.947,Moderate traffic flow - standard adaptive signal timing in effect
EVT410406,2025-04-27 18:12:19,Trade Fair,J011,Indiranagar 100ft Road,8580,Weekend,False,Clear,False,0.0,False,False,0.812,Severe,14.1,59.5,386.1,0.199,0.46,0.969,Heavy congestion detected - signal timing extended and reroute suggested
EVT410407,2025-09-06 05:28:10,Cultural Procession,J009,Majestic,17856,Weekend,True,Heavy Rain,True,40.0,False,False,0.89,Severe,10.0,61.4,417.9,0.161,0.371,0.824,Festival crowd surge detected - alternate route and extended cycle recommended
EVT410408,2025-08-12 20:06:27,Concert,J040,City Market,14700,Weekday,False,Clear,False,0.0,False,False,0.823,Severe,13.1,53.6,364.9,0.176,0.407,0.96,Heavy congestion detected - signal timing extended and reroute suggested
EVT410409,2025-07-27 05:41:30,Concert,J009,Majestic,18253,Weekend,False,Fog,False,0.0,False,False,0.297,Low,32.5,26.1,148.0,0.105,0.243,0.957,Moderate traffic flow - standard adaptive signal timing in effect
EVT410410,2026-04-16 18:41:54,Concert,J031,Cubbon Road,11365,Weekday,False,Clear,False,0.0,False,False,1.0,Severe,9.7,67.5,511.4,0.198,0.458,0.941,Heavy congestion detected - signal timing extended and reroute suggested
EVT410411,2025-11-07 11:31:41,Sports Fixture,J030,MG Road,34376,Weekday,False,Clear,False,0.0,False,False,0.562,High,22.4,42.8,202.3,0.136,0.315,0.963,Moderate traffic flow - standard adaptive signal timing in effect
EVT410412,2025-06-23 09:05:30,Sports Fixture,J031,Cubbon Road,26031,Weekday,False,Light Rain,True,3.3,False,False,1.0,Severe,7.0,75.6,729.0,0.221,0.509,0.857,Heavy rain reducing visibility and grip - reduced speed and longer buffer advised
EVT410413,2025-08-08 18:33:16,Trade Fair,J009,Majestic,12089,Weekday,False,Fog,False,0.0,False,False,1.0,Severe,7.8,75.1,546.2,0.189,0.436,0.923,Heavy congestion detected - signal timing extended and reroute suggested
EVT410414,2025-10-02 06:34:40,Fireworks Display,J030,MG Road,22739,Weekday,True,Rain,True,11.6,False,False,0.82,Severe,15.2,61.9,384.2,0.204,0.472,0.86,Festival crowd surge detected - alternate route and extended cycle recommended
EVT410415,2025-04-13 18:21:54,Concert,J009,Majestic,11172,Weekend,False,Clear,False,0.0,False,False,0.89,Severe,7.8,64.8,505.4,0.149,0.345,0.949,Heavy congestion detected - signal timing extended and reroute suggested
EVT410416,2025-07-28 09:12:44,Sports Fixture,J011,Indiranagar 100ft Road,28043,Weekday,False,Clear,False,0.0,False,False,1.0,Severe,9.0,73.0,680.8,0.242,0.558,0.925,Heavy congestion detected - signal timing extended and reroute suggested
EVT410417,2026-01-29 13:06:42,Sports Fixture,J031,Cubbon Road,19062,Weekday,False,Clear,False,0.0,False,False,0.222,Low,30.5,15.2,164.1,0.124,0.286,0.956,Normal free-flow traffic - standard signal timing maintained
EVT410418,2025-02-02 09:33:33,Local Market Day,J011,Indiranagar 100ft Road,2754,Weekend,False,Clear,False,0.0,False,False,0.781,Severe,11.5,55.0,475.6,0.198,0.458,0.955,Heavy congestion detected - signal timing extended and reroute suggested
EVT410419,2025-02-07 14:13:20,Concert,J030,MG Road,18409,Weekday,False,Clear,False,0.0,False,False,0.261,Low,22.9,20.9,172.0,0.093,0.214,0.963,Moderate traffic flow - standard adaptive signal timing in effect
EVT410420,2025-09-23 20:13:37,Local Market Day,J030,MG Road,7834,Weekday,False,Clear,False,0.0,False,False,0.683,High,15.2,51.3,333.5,0.185,0.428,0.966,Moderate traffic flow - standard adaptive signal timing in effect
EVT410421,2025-11-15 19:32:25,Trade Fair,J040,City Market,7851,Weekend,False,Clear,False,0.0,False,False,0.699,High,21.1,48.2,245.8,0.182,0.421,0.962,Moderate traffic flow - standard adaptive signal timing in effect
EVT410422,2025-11-29 10:09:57,Local Market Day,J040,City Market,5398,Weekend,False,Clear,False,0.0,False,False,0.579,High,20.9,37.7,305.8,0.192,0.443,0.963,Moderate traffic flow - standard adaptive signal timing in effect
EVT410423,2025-12-04 22:58:08,Trade Fair,J009,Majestic,12583,Weekday,False,Clear,False,0.0,False,False,0.271,Low,26.4,10.4,153.5,0.09,0.207,0.934,Moderate traffic flow - standard adaptive signal timing in effect
EVT410424,2025-01-28 12:26:19,Local Market Day,J023,Basavanagudi,5528,Weekday,False,Clear,False,0.0,False,False,0.171,Low,38.3,9.3,134.4,0.146,0.337,0.968,Normal free-flow traffic - standard signal timing maintained
EVT410425,2025-07-07 15:57:56,Local Market Day,J020,Malleshwaram Circle,2779,Weekday,False,Rain,True,10.1,True,False,0.83,Severe,15.1,60.4,254.1,0.146,0.337,0.743,Accident detected nearby - reroute and reduced speed advised
EVT410426,2025-12-18 12:03:33,Trade Fair,J009,Majestic,7893,Weekday,False,Clear,False,0.0,False,False,0.319,Low,24.6,24.7,203.3,0.127,0.293,0.955,Moderate traffic flow - standard adaptive signal timing in effect
EVT410427,2025-12-06 07:49:04,Concert,J012,Koramangala Sony World,14293,Weekend,False,Clear,False,0.0,False,False,0.654,High,17.6,43.6,234.9,0.124,0.286,0.96,Moderate traffic flow - standard adaptive signal timing in effect
EVT410428,2025-08-14 10:54:27,Concert,J023,Basavanagudi,8391,Weekday,False,Heavy Rain,True,30.2,False,False,0.913,Severe,10.6,62.0,482.3,0.203,0.469,0.889,Heavy rain reducing visibility and grip - reduced speed and longer buffer advised
EVT410429,2026-02-15 10:00:19,Sports Fixture,J030,MG Road,24120,Weekend,False,Clear,False,0.0,False,False,0.834,Severe,16.9,58.5,475.2,0.272,0.627,0.97,Heavy congestion detected - signal timing extended and reroute suggested
EVT410430,2025-02-11 12:35:54,Trade Fair,J009,Majestic,5616,Weekday,False,Clear,False,0.0,False,False,0.218,Low,32.4,17.9,131.7,0.12,0.278,0.967,Normal free-flow traffic - standard signal timing maintained
EVT410431,2025-04-03 14:11:54,Concert,J020,Malleshwaram Circle,10177,Weekday,False,Heavy Rain,True,28.7,False,False,0.49,Moderate,27.2,34.4,83.0,0.074,0.172,0.925,Light rain detected - minor speed reduction advised
EVT410432,2026-03-27 09:13:22,Cultural Procession,J020,Malleshwaram Circle,33895,Weekday,True,Clear,False,0.0,False,True,1.0,Severe,9.9,100.4,575.3,0.229,0.529,0.842,Road closure for event/procession - full detour recommended for through-traffic
EVT410433,2026-05-07 17:41:35,Local Market Day,J031,Cubbon Road,6711,Weekday,False,Light Rain,True,6.1,False,False,1.0,Severe,10.1,73.6,355.7,0.151,0.348,0.862,Heavy rain reducing visibility and grip - reduced speed and longer buffer advised
EVT410434,2026-06-20 13:11:10,Sports Fixture,J031,Cubbon Road,8984,Weekend,False,Rain,True,11.6,False,False,0.337,Low,26.6,24.2,230.4,0.167,0.385,0.893,Light rain detected - minor speed reduction advised
EVT410435,2025-10-02 19:50:10,Fireworks Display,J012,Koramangala Sony World,33826,Weekday,True,Rain,True,18.5,False,False,1.0,Severe,8.9,72.5,523.4,0.191,0.441,0.822,Festival crowd surge detected - alternate route and extended cycle recommended
EVT410436,2025-07-05 07:05:27,Political Rally,J023,Basavanagudi,15775,Weekend,False,Clear,False,0.0,False,False,0.531,Moderate,23.9,36.7,230.1,0.171,0.395,0.971,Moderate traffic flow - standard adaptive signal timing in effect
EVT410437,2026-04-16 06:52:44,Trade Fair,J009,Majestic,8197,Weekday,False,Clear,False,0.0,False,False,0.447,Moderate,31.2,40.0,219.9,0.188,0.434,0.952,Moderate traffic flow - standard adaptive signal timing in effect
EVT410438,2026-01-20 19:10:51,Trade Fair,J012,Koramangala Sony World,13485,Weekday,False,Clear,False,0.0,False,False,1.0,Severe,8.7,69.2,299.3,0.106,0.246,0.907,Heavy congestion detected - signal timing extended and reroute suggested
EVT410439,2025-12-02 23:02:26,Political Rally,J011,Indiranagar 100ft Road,17362,Weekday,False,Clear,False,0.0,False,False,0.243,Low,30.2,15.4,171.9,0.151,0.349,0.962,Normal free-flow traffic - standard signal timing maintained
EVT410440,2026-02-10 18:15:44,Local Market Day,J009,Majestic,3099,Weekday,False,Clear,False,0.0,False,False,0.981,Severe,9.9,77.6,350.1,0.14,0.324,0.929,Heavy congestion detected - signal timing extended and reroute suggested
EVT410441,2026-02-07 21:38:59,Local Market Day,J012,Koramangala Sony World,3434,Weekend,False,Clear,False,0.0,False,False,0.332,Low,30.5,22.1,147.1,0.127,0.294,0.952,Moderate traffic flow - standard adaptive signal timing in effect
EVT410442,2025-05-03 17:14:07,Concert,J011,Indiranagar 100ft Road,15345,Weekend,False,Clear,False,0.0,False,False,0.753,Severe,18.9,53.8,330.2,0.216,0.499,0.962,Heavy congestion detected - signal timing extended and reroute suggested
EVT410443,2025-03-09 14:18:12,Trade Fair,J009,Majestic,7619,Weekend,False,Clear,False,0.0,False,False,0.347,Low,28.1,24.7,174.1,0.128,0.296,0.979,Moderate traffic flow - standard adaptive signal timing in effect
EVT410444,2026-05-21 15:56:40,Political Rally,J020,Malleshwaram Circle,12801,Weekday,False,Rain,True,17.4,False,False,0.699,High,16.8,52.0,365.2,0.194,0.448,0.897,Heavy rain reducing visibility and grip - reduced speed and longer buffer advised
EVT410445,2025-05-23 14:37:32,Local Market Day,J040,City Market,4630,Weekday,False,Clear,False,0.0,True,False,0.619,High,21.9,44.7,276.4,0.195,0.451,0.786,Accident detected nearby - reroute and reduced speed advised
EVT410446,2025-07-30 18:30:32,Trade Fair,J009,Majestic,5519,Weekday,False,Rain,True,19.6,False,False,1.0,Severe,9.0,77.4,507.7,0.183,0.422,0.861,Heavy rain reducing visibility and grip - reduced speed and longer buffer advised
EVT410447,2025-10-08 17:12:01,Concert,J011,Indiranagar 100ft Road,14765,Weekday,False,Clear,False,0.0,False,False,0.791,Severe,15.8,58.5,231.2,0.133,0.308,0.971,Heavy congestion detected - signal timing extended and reroute suggested
EVT410448,2026-06-27 14:17:57,Sports Fixture,J040,City Market,27808,Weekend,False,Rain,True,12.8,False,False,0.618,High,25.0,48.3,85.5,0.048,0.111,0.918,Heavy rain reducing visibility and grip - reduced speed and longer buffer advised
EVT410449,2025-09-01 19:59:28,Local Market Day,J030,MG Road,4713,Weekday,False,Clear,False,0.0,False,False,0.705,High,17.6,51.6,257.4,0.164,0.378,0.955,Moderate traffic flow - standard adaptive signal timing in effect
EVT410450,2025-03-18 14:11:20,Local Market Day,J040,City Market,5134,Weekday,False,Clear,False,0.0,False,False,0.291,Low,23.4,24.1,229.9,0.128,0.295,0.99,Moderate traffic flow - standard adaptive signal timing in effect
EVT410451,2026-01-09 03:13:17,Local Market Day,J012,Koramangala Sony World,2168,Weekday,False,Clear,False,0.0,False,False,0.193,Low,31.5,15.9,149.5,0.141,0.325,0.984,Normal free-flow traffic - standard signal timing maintained
EVT410452,2026-01-24 03:51:55,Local Market Day,J030,MG Road,3869,Weekend,False,Clear,False,0.0,False,False,0.304,Low,37.4,26.0,116.4,0.112,0.259,0.988,Moderate traffic flow - standard adaptive signal timing in effect
EVT410453,2025-01-23 10:59:24,Sports Fixture,J020,Malleshwaram Circle,21641,Weekday,False,Clear,False,0.0,False,False,0.541,Moderate,25.6,32.2,156.9,0.104,0.239,0.977,Moderate traffic flow - standard adaptive signal timing in effect
EVT410454,2025-10-19 15:48:05,Trade Fair,J009,Majestic,6344,Weekend,False,Light Rain,True,3.7,False,False,0.483,Moderate,27.0,33.9,243.4,0.185,0.428,0.896,Light rain detected - minor speed reduction advised
EVT410455,2026-06-01 11:38:25,Concert,J012,Koramangala Sony World,6487,Weekday,False,Rain,True,17.8,False,False,0.443,Moderate,20.0,36.5,206.0,0.121,0.281,0.934,Light rain detected - minor speed reduction advised
EVT410456,2025-07-07 15:04:24,Concert,J031,Cubbon Road,19754,Weekday,False,Clear,False,0.0,False,False,0.429,Moderate,24.5,31.3,200.5,0.149,0.345,0.961,Moderate traffic flow - standard adaptive signal timing in effect
EVT410457,2025-11-26 10:52:19,Concert,J030,MG Road,12920,Weekday,False,Clear,False,0.0,False,False,0.503,Moderate,29.2,32.5,154.7,0.141,0.325,0.967,Moderate traffic flow - standard adaptive signal timing in effect
EVT410458,2025-02-20 18:57:04,Concert,J020,Malleshwaram Circle,13905,Weekday,False,Clear,False,0.0,False,False,1.0,Severe,9.5,69.8,360.6,0.135,0.312,0.919,Heavy congestion detected - signal timing extended and reroute suggested
EVT410459,2025-03-04 20:45:14,Concert,J020,Malleshwaram Circle,22060,Weekday,False,Clear,False,0.0,False,False,0.652,High,25.2,51.7,210.9,0.166,0.384,0.987,Moderate traffic flow - standard adaptive signal timing in effect
EVT410460,2026-06-04 16:07:12,Sports Fixture,J012,Koramangala Sony World,19148,Weekday,False,Heavy Rain,True,36.3,False,False,0.916,Severe,11.8,66.2,339.4,0.168,0.387,0.88,Heavy rain reducing visibility and grip - reduced speed and longer buffer advised
EVT410461,2026-06-26 12:03:05,Local Market Day,J023,Basavanagudi,3878,Weekday,False,Rain,True,19.8,False,False,0.351,Moderate,22.6,25.1,125.0,0.085,0.196,0.905,Light rain detected - minor speed reduction advised
EVT410462,2025-06-04 14:27:38,Local Market Day,J031,Cubbon Road,8707,Weekday,False,Clear,False,0.0,False,False,0.218,Low,37.4,17.8,139.1,0.112,0.259,0.956,Normal free-flow traffic - standard signal timing maintained
EVT410463,2025-04-25 08:37:00,Political Rally,J031,Cubbon Road,17114,Weekday,False,Clear,False,0.0,False,False,1.0,Severe,8.7,73.7,696.1,0.242,0.559,0.914,Heavy congestion detected - signal timing extended and reroute suggested
EVT410464,2026-04-13 07:20:10,Trade Fair,J009,Majestic,13726,Weekday,False,Clear,False,0.0,False,False,0.516,Moderate,25.3,37.6,256.1,0.213,0.492,0.976,Moderate traffic flow - standard adaptive signal timing in effect
EVT410465,2025-10-23 10:02:48,Trade Fair,J031,Cubbon Road,8108,Weekday,False,Clear,False,0.0,False,False,0.832,Severe,15.4,63.9,216.9,0.112,0.26,0.969,Heavy congestion detected - signal timing extended and reroute suggested
EVT410466,2025-01-01 20:50:14,Trade Fair,J020,Malleshwaram Circle,7737,Weekday,False,Clear,False,0.0,False,False,0.512,Moderate,21.4,35.9,99.2,0.074,0.171,0.98,Moderate traffic flow - standard adaptive signal timing in effect
EVT410467,2026-03-24 18:08:02,Local Market Day,J030,MG Road,2851,Weekday,False,Clear,False,0.0,False,False,0.975,Severe,10.9,75.3,342.9,0.149,0.344,0.922,Heavy congestion detected - signal timing extended and reroute suggested
EVT410468,2025-05-17 19:52:05,Concert,J040,City Market,15254,Weekend,False,Clear,False,0.0,False,False,0.71,High,21.2,55.7,224.1,0.159,0.368,0.986,Moderate traffic flow - standard adaptive signal timing in effect
EVT410469,2025-11-19 13:15:08,Local Market Day,J040,City Market,3607,Weekday,False,Clear,False,0.0,False,False,0.156,Low,31.0,10.6,149.2,0.106,0.246,0.966,Normal free-flow traffic - standard signal timing maintained
EVT410470,2025-09-30 21:28:53,Local Market Day,J011,Indiranagar 100ft Road,5183,Weekday,False,Heavy Rain,True,31.2,True,False,1.0,Severe,9.8,76.8,477.9,0.179,0.413,0.683,Accident detected nearby - reroute and reduced speed advised
EVT410471,2025-08-12 17:18:12,Concert,J012,Koramangala Sony World,8416,Weekday,False,Rain,True,23.6,False,False,1.0,Severe,6.8,75.7,293.6,0.08,0.185,0.87,Heavy rain reducing visibility and grip - reduced speed and longer buffer advised
EVT410472,2026-05-05 09:18:40,Concert,J030,MG Road,12810,Weekday,False,Heavy Rain,True,29.6,False,False,1.0,Severe,8.4,71.4,424.2,0.147,0.339,0.887,Heavy rain reducing visibility and grip - reduced speed and longer buffer advised
EVT410473,2026-01-01 06:10:15,Cultural Procession,J011,Indiranagar 100ft Road,28526,Weekday,True,Clear,False,0.0,False,False,0.627,High,17.5,39.5,280.1,0.165,0.382,0.922,Festival crowd surge detected - alternate route and extended cycle recommended
EVT410474,2026-02-22 15:24:10,Political Rally,J023,Basavanagudi,12577,Weekend,False,Clear,False,0.0,False,False,0.363,Moderate,27.0,24.7,227.1,0.157,0.363,0.943,Moderate traffic flow - standard adaptive signal timing in effect
EVT410475,2025-10-19 07:51:39,Trade Fair,J031,Cubbon Road,10288,Weekend,False,Clear,False,0.0,False,False,0.677,High,17.5,50.7,182.9,0.118,0.272,0.953,Moderate traffic flow - standard adaptive signal timing in effect
EVT410476,2025-09-14 08:35:02,Local Market Day,J030,MG Road,2590,Weekend,False,Rain,True,16.4,False,False,1.0,Severe,8.2,73.9,912.9,0.295,0.682,0.869,Heavy rain reducing visibility and grip - reduced speed and longer buffer advised
EVT410477,2025-08-05 14:02:31,Political Rally,J023,Basavanagudi,12934,Weekday,False,Clear,False,0.0,False,False,0.196,Low,30.5,14.4,165.9,0.112,0.259,0.972,Normal free-flow traffic - standard signal timing maintained
EVT410478,2025-04-23 23:14:10,Sports Fixture,J012,Koramangala Sony World,21579,Weekday,False,Clear,False,0.0,False,False,0.299,Low,34.8,24.8,103.0,0.098,0.226,0.969,Moderate traffic flow - standard adaptive signal timing in effect
EVT410479,2025-03-16 18:23:44,Local Market Day,J011,Indiranagar 100ft Road,4336,Weekend,False,Clear,False,0.0,False,False,0.883,Severe,14.9,64.6,205.9,0.103,0.238,0.914,Heavy congestion detected - signal timing extended and reroute suggested
EVT410480,2025-06-25 08:41:24,Concert,J020,Malleshwaram Circle,7729,Weekday,False,Clear,False,0.0,False,False,1.0,Severe,8.6,76.3,434.4,0.153,0.354,0.896,Heavy congestion detected - signal timing extended and reroute suggested
EVT410481,2026-03-23 13:15:27,Political Rally,J030,MG Road,8782,Weekday,False,Clear,False,0.0,False,False,0.274,Low,37.1,23.0,118.3,0.119,0.275,0.946,Moderate traffic flow - standard adaptive signal timing in effect
EVT410482,2025-05-17 12:04:06,Local Market Day,J020,Malleshwaram Circle,3615,Weekend,False,Clear,False,0.0,False,False,0.204,Low,32.3,9.4,122.2,0.117,0.269,0.973,Normal free-flow traffic - standard signal timing maintained
EVT410483,2025-05-19 15:39:21,Local Market Day,J040,City Market,4819,Weekday,False,Clear,False,0.0,False,False,0.403,Moderate,26.3,35.0,183.6,0.147,0.339,0.943,Moderate traffic flow - standard adaptive signal timing in effect
EVT410484,2026-01-05 08:53:53,Local Market Day,J031,Cubbon Road,4088,Weekday,False,Clear,False,0.0,False,False,1.0,Severe,8.9,74.4,748.6,0.264,0.61,0.913,Heavy congestion detected - signal timing extended and reroute suggested
EVT410485,2026-06-05 18:26:31,Sports Fixture,J030,MG Road,24742,Weekday,False,Heavy Rain,True,29.4,False,False,1.0,Severe,9.1,70.0,476.7,0.179,0.414,0.85,Heavy rain reducing visibility and grip - reduced speed and longer buffer advised
EVT410486,2025-10-24 09:11:09,Sports Fixture,J012,Koramangala Sony World,28505,Weekday,False,Light Rain,True,4.6,False,False,1.0,Severe,11.0,67.9,425.3,0.172,0.397,0.863,Heavy rain reducing visibility and grip - reduced speed and longer buffer advised
EVT410487,2025-01-17 06:19:30,Political Rally,J009,Majestic,19273,Weekday,False,Clear,False,0.0,False,False,0.327,Low,28.0,23.1,78.9,0.071,0.165,0.97,Moderate traffic flow - standard adaptive signal timing in effect
EVT410488,2026-05-27 17:03:51,Sports Fixture,J012,Koramangala Sony World,20016,Weekday,False,Heavy Rain,True,31.4,False,False,1.0,Severe,10.2,72.7,432.1,0.151,0.348,0.843,Heavy rain reducing visibility and grip - reduced speed and longer buffer advised
EVT410489,2025-03-10 20:42:49,Local Market Day,J011,Indiranagar 100ft Road,4861,Weekday,False,Clear,False,0.0,False,False,0.499,Moderate,19.3,35.8,216.8,0.111,0.257,0.968,Moderate traffic flow - standard adaptive signal timing in effect
EVT410490,2025-02-25 15:59:54,Sports Fixture,J031,Cubbon Road,15171,Weekday,False,Clear,False,0.0,False,False,0.488,Moderate,26.2,27.4,238.4,0.172,0.398,0.976,Moderate traffic flow - standard adaptive signal timing in effect
EVT410491,2025-01-31 05:56:39,Sports Fixture,J012,Koramangala Sony World,24762,Weekday,False,Clear,False,0.0,False,False,0.411,Moderate,27.3,27.3,122.2,0.103,0.237,0.983,Moderate traffic flow - standard adaptive signal timing in effect
EVT410492,2025-05-30 14:24:55,Local Market Day,J011,Indiranagar 100ft Road,3919,Weekday,False,Clear,False,0.0,False,False,0.196,Low,35.9,12.3,104.4,0.103,0.238,0.97,Normal free-flow traffic - standard signal timing maintained
EVT410493,2026-05-07 17:34:49,Concert,J040,City Market,18571,Weekday,False,Clear,False,0.0,False,False,0.932,Severe,9.5,59.0,599.0,0.24,0.555,0.939,Heavy congestion detected - signal timing extended and reroute suggested
EVT410494,2026-06-20 10:25:15,Political Rally,J012,Koramangala Sony World,17734,Weekend,False,Clear,False,0.0,False,False,0.692,High,21.6,48.6,155.3,0.11,0.254,0.949,Moderate traffic flow - standard adaptive signal timing in effect
EVT410495,2026-03-17 10:04:26,Trade Fair,J020,Malleshwaram Circle,6240,Weekday,False,Clear,False,0.0,False,False,0.828,Severe,10.5,62.1,185.0,0.081,0.187,0.942,Heavy congestion detected - signal timing extended and reroute suggested
EVT410496,2025-10-13 13:14:22,Trade Fair,J040,City Market,9475,Weekday,False,Rain,True,17.4,False,False,0.343,Low,26.7,22.3,138.8,0.117,0.27,0.909,Light rain detected - minor speed reduction advised
EVT410497,2026-04-09 10:43:33,Trade Fair,J011,Indiranagar 100ft Road,7334,Weekday,False,Clear,False,0.0,False,False,0.622,High,19.7,49.0,205.7,0.139,0.321,0.955,Moderate traffic flow - standard adaptive signal timing in effect
EVT410498,2025-05-29 13:02:45,Concert,J009,Majestic,18812,Weekday,False,Clear,False,0.0,False,False,0.252,Low,27.7,16.8,156.3,0.111,0.257,0.954,Moderate traffic flow - standard adaptive signal timing in effect
EVT410499,2025-06-04 22:23:32,Concert,J011,Indiranagar 100ft Road,7171,Weekday,False,Rain,True,15.5,False,False,0.448,Moderate,27.3,31.2,154.6,0.129,0.299,0.909,Light rain detected - minor speed reduction advised
EVT410500,2025-02-06 09:07:56,Local Market Day,J040,City Market,5192,Weekday,False,Clear,False,0.0,False,False,1.0,Severe,8.2,74.0,688.5,0.237,0.547,0.914,Heavy congestion detected - signal timing extended and reroute suggested
EVT410501,2025-08-18 06:05:45,Concert,J009,Majestic,13990,Weekday,False,Rain,True,20.8,False,False,0.557,High,26.7,48.0,222.9,0.164,0.38,0.929,Heavy rain reducing visibility and grip - reduced speed and longer buffer advised
EVT410502,2025-02-28 14:38:28,Concert,J031,Cubbon Road,8330,Weekday,False,Clear,False,0.0,False,False,0.281,Low,27.5,22.9,109.5,0.074,0.171,0.964,Moderate traffic flow - standard adaptive signal timing in effect
EVT410503,2025-12-03 20:52:10,Sports Fixture,J020,Malleshwaram Circle,27156,Weekday,False,Clear,False,0.0,False,False,0.597,High,21.9,47.6,215.7,0.154,0.355,0.99,Moderate traffic flow - standard adaptive signal timing in effect
EVT410504,2025-04-09 17:49:17,Political Rally,J040,City Market,14593,Weekday,False,Rain,True,11.9,False,False,1.0,Severe,6.4,65.9,647.0,0.183,0.422,0.86,Heavy rain reducing visibility and grip - reduced speed and longer buffer advised
EVT410505,2025-05-18 09:53:47,Concert,J011,Indiranagar 100ft Road,7759,Weekend,False,Clear,False,0.0,False,False,0.767,Severe,15.7,55.1,129.3,0.065,0.151,0.976,Heavy congestion detected - signal timing extended and reroute suggested
EVT410506,2025-04-13 17:09:34,Local Market Day,J012,Koramangala Sony World,3901,Weekend,False,Rain,True,10.1,False,False,0.758,Severe,16.9,59.1,242.5,0.146,0.337,0.912,Heavy rain reducing visibility and grip - reduced speed and longer buffer advised
EVT410507,2025-02-08 08:06:45,Trade Fair,J012,Koramangala Sony World,6775,Weekend,False,Clear,False,0.0,False,False,0.666,High,18.4,48.8,223.6,0.134,0.31,0.967,Moderate traffic flow - standard adaptive signal timing in effect
EVT410508,2026-04-17 03:14:27,Sports Fixture,J030,MG Road,34900,Weekday,False,Clear,False,0.0,False,False,0.346,Low,24.9,26.3,246.5,0.184,0.426,0.971,Moderate traffic flow - standard adaptive signal timing in effect
EVT410509,2025-01-27 09:08:04,Fireworks Display,J009,Majestic,48007,Weekday,True,Clear,False,0.0,False,False,1.0,Severe,8.6,73.7,510.8,0.188,0.434,0.851,Festival crowd surge detected - alternate route and extended cycle recommended
EVT410510,2025-03-19 09:10:50,Trade Fair,J040,City Market,11107,Weekday,False,Clear,False,0.0,False,False,1.0,Severe,10.3,72.7,716.5,0.316,0.73,0.927,Heavy congestion detected - signal timing extended and reroute suggested
EVT410511,2025-07-04 08:57:36,Local Market Day,J031,Cubbon Road,3203,Weekday,False,Clear,False,0.0,False,False,1.0,Severe,8.3,69.1,692.7,0.22,0.507,0.912,Heavy congestion detected - signal timing extended and reroute suggested
EVT410512,2025-04-20 14:24:00,Sports Fixture,J023,Basavanagudi,25833,Weekend,False,Clear,False,0.0,False,False,0.42,Moderate,24.6,30.7,113.6,0.085,0.195,0.952,Moderate traffic flow - standard adaptive signal timing in effect
EVT410513,2025-04-26 00:49:04,Concert,J020,Malleshwaram Circle,12119,Weekend,False,Heavy Rain,True,27.0,False,False,0.542,Moderate,24.5,38.9,173.7,0.133,0.307,0.913,Light rain detected - minor speed reduction advised
EVT410514,2026-06-14 09:50:14,Local Market Day,J030,MG Road,2632,Weekend,False,Clear,False,0.0,False,False,0.824,Severe,15.6,60.6,149.9,0.081,0.188,0.942,Heavy congestion detected - signal timing extended and reroute suggested
EVT410515,2026-04-21 08:36:48,Trade Fair,J030,MG Road,8669,Weekday,False,Clear,False,0.0,False,False,1.0,Severe,9.1,70.2,294.9,0.103,0.237,0.932,Heavy congestion detected - signal timing extended and reroute suggested
EVT410516,2026-03-23 17:05:31,Local Market Day,J012,Koramangala Sony World,6103,Weekday,False,Clear,False,0.0,False,False,0.763,Severe,17.6,51.0,436.8,0.257,0.594,0.967,Heavy congestion detected - signal timing extended and reroute suggested
EVT410517,2025-03-14 06:54:19,Religious Festival,J040,City Market,54174,Weekday,True,Clear,False,0.0,False,False,0.932,Severe,11.5,66.2,298.5,0.122,0.281,0.892,Festival crowd surge detected - alternate route and extended cycle recommended
EVT410518,2025-02-14 15:17:19,Sports Fixture,J023,Basavanagudi,19096,Weekday,False,Clear,False,0.0,False,False,0.352,Moderate,24.1,25.5,221.5,0.151,0.349,0.982,Moderate traffic flow - standard adaptive signal timing in effect
EVT410519,2026-01-19 17:59:15,Political Rally,J031,Cubbon Road,15858,Weekday,False,Clear,False,0.0,False,False,0.974,Severe,9.8,71.3,356.5,0.151,0.349,0.912,Heavy congestion detected - signal timing extended and reroute suggested
EVT410520,2025-11-05 16:14:07,Trade Fair,J023,Basavanagudi,11731,Weekday,False,Clear,False,0.0,False,False,0.511,Moderate,25.0,37.1,191.1,0.134,0.311,0.97,Moderate traffic flow - standard adaptive signal timing in effect
EVT410521,2025-08-03 12:58:55,Trade Fair,J012,Koramangala Sony World,13946,Weekend,False,Heavy Rain,True,30.1,False,False,0.578,High,19.7,42.4,129.9,0.07,0.161,0.941,Heavy rain reducing visibility and grip - reduced speed and longer buffer advised
EVT410522,2026-04-16 18:56:09,Concert,J030,MG Road,7073,Weekday,False,Rain,True,8.2,False,False,1.0,Severe,8.4,70.3,590.4,0.222,0.513,0.854,Heavy rain reducing visibility and grip - reduced speed and longer buffer advised
EVT410523,2025-05-03 19:06:01,Trade Fair,J030,MG Road,5971,Weekend,False,Rain,True,19.7,False,False,1.0,Severe,8.3,76.3,417.4,0.161,0.372,0.872,Heavy rain reducing visibility and grip - reduced speed and longer buffer advised
EVT410524,2026-06-17 18:35:42,Political Rally,J012,Koramangala Sony World,18921,Weekday,False,Clear,False,0.0,False,False,1.0,Severe,8.7,75.2,439.5,0.172,0.397,0.917,Heavy congestion detected - signal timing extended and reroute suggested
EVT410525,2026-04-25 06:47:16,Local Market Day,J030,MG Road,2444,Weekend,False,Clear,False,0.0,False,False,0.404,Moderate,27.6,27.2,127.7,0.112,0.258,0.974,Moderate traffic flow - standard adaptive signal timing in effect
EVT410526,2026-01-27 17:29:15,Cultural Procession,J023,Basavanagudi,14523,Weekday,True,Clear,False,0.0,False,True,1.0,Severe,9.2,100.9,734.5,0.281,0.65,0.847,Road closure for event/procession - full detour recommended for through-traffic
EVT410527,2025-09-22 14:48:06,Sports Fixture,J031,Cubbon Road,18904,Weekday,False,Heavy Rain,True,49.6,False,False,0.6,High,18.1,42.0,366.9,0.197,0.456,0.903,Heavy rain reducing visibility and grip - reduced speed and longer buffer advised
EVT410528,2025-08-02 08:19:03,Sports Fixture,J031,Cubbon Road,24966,Weekend,False,Rain,True,10.3,False,False,1.0,Severe,7.9,71.0,718.0,0.232,0.536,0.883,Heavy rain reducing visibility and grip - reduced speed and longer buffer advised
EVT410529,2025-10-18 10:03:43,Trade Fair,J020,Malleshwaram Circle,8240,Weekend,False,Rain,True,18.2,False,False,0.901,Severe,11.0,61.9,530.5,0.21,0.486,0.866,Heavy rain reducing visibility and grip - reduced speed and longer buffer advised
EVT410530,2026-05-17 17:18:30,Local Market Day,J030,MG Road,3779,Weekend,False,Clear,False,0.0,False,False,0.74,High,14.3,49.1,433.0,0.206,0.477,0.967,Moderate traffic flow - standard adaptive signal timing in effect
EVT410531,2025-08-28 17:38:03,Cultural Procession,J012,Koramangala Sony World,26421,Weekday,True,Clear,False,0.0,False,True,1.0,Severe,8.8,99.8,680.2,0.236,0.544,0.814,Road closure for event/procession - full detour recommended for through-traffic
EVT410532,2025-04-27 22:20:51,Concert,J040,City Market,17645,Weekend,False,Fog,False,0.0,False,False,0.442,Moderate,27.6,32.7,126.4,0.092,0.212,0.97,Moderate traffic flow - standard adaptive signal timing in effect
EVT410533,2025-10-27 21:43:18,Concert,J031,Cubbon Road,20200,Weekday,False,Clear,False,0.0,False,False,0.248,Low,27.4,19.6,113.8,0.086,0.199,0.962,Normal free-flow traffic - standard signal timing maintained
EVT410534,2025-12-20 13:12:32,Local Market Day,J011,Indiranagar 100ft Road,3003,Weekend,False,Clear,False,0.0,False,False,0.276,Low,35.8,17.2,58.0,0.032,0.075,0.969,Moderate traffic flow - standard adaptive signal timing in effect
EVT410535,2025-02-22 21:53:00,Concert,J031,Cubbon Road,11986,Weekend,False,Clear,False,0.0,False,False,0.357,Moderate,30.5,26.4,138.9,0.137,0.317,0.964,Moderate traffic flow - standard adaptive signal timing in effect
EVT410536,2025-07-29 20:49:52,Concert,J009,Majestic,13355,Weekday,False,Clear,False,0.0,False,False,0.493,Moderate,24.5,32.7,149.1,0.116,0.268,0.982,Moderate traffic flow - standard adaptive signal timing in effect
EVT410537,2026-02-08 20:56:34,Concert,J011,Indiranagar 100ft Road,10407,Weekend,False,Clear,False,0.0,False,False,0.507,Moderate,31.7,34.4,167.6,0.152,0.351,0.958,Moderate traffic flow - standard adaptive signal timing in effect
EVT410538,2026-01-31 15:35:09,Local Market Day,J009,Majestic,5662,Weekend,False,Clear,False,0.0,False,False,0.433,Moderate,25.3,32.6,165.2,0.094,0.216,0.945,Moderate traffic flow - standard adaptive signal timing in effect
EVT410539,2025-02-10 20:53:29,Sports Fixture,J011,Indiranagar 100ft Road,19825,Weekday,False,Clear,False,0.0,False,False,0.564,High,21.7,38.4,90.3,0.06,0.138,0.959,Moderate traffic flow - standard adaptive signal timing in effect
EVT410540,2026-03-20 15:33:32,Religious Festival,J009,Majestic,26691,Weekday,True,Clear,False,0.0,False,False,0.632,High,21.6,39.3,358.4,0.235,0.542,0.908,Festival crowd surge detected - alternate route and extended cycle recommended
EVT410541,2025-02-12 13:54:52,Sports Fixture,J020,Malleshwaram Circle,26818,Weekday,False,Clear,False,0.0,False,False,0.348,Low,27.3,30.3,325.7,0.234,0.54,0.962,Moderate traffic flow - standard adaptive signal timing in effect
EVT410542,2025-12-23 05:50:45,Trade Fair,J030,MG Road,10234,Weekday,False,Clear,False,0.0,False,False,0.256,Low,21.1,17.4,130.7,0.078,0.181,0.977,Moderate traffic flow - standard adaptive signal timing in effect
EVT410543,2026-06-03 19:39:31,Sports Fixture,J020,Malleshwaram Circle,25331,Weekday,False,Clear,False,0.0,False,False,0.933,Severe,11.3,67.0,419.5,0.169,0.391,0.929,Heavy congestion detected - signal timing extended and reroute suggested
EVT410544,2026-01-29 13:48:04,Trade Fair,J023,Basavanagudi,11567,Weekday,False,Clear,False,0.0,False,False,0.244,Low,27.4,15.4,52.7,0.031,0.072,0.977,Normal free-flow traffic - standard signal timing maintained
EVT410545,2025-08-31 09:23:32,Local Market Day,J031,Cubbon Road,2362,Weekend,False,Heavy Rain,True,57.6,False,False,1.0,Severe,8.4,72.8,455.6,0.185,0.427,0.868,Heavy rain reducing visibility and grip - reduced speed and longer buffer advised
EVT410546,2025-04-21 12:44:57,Local Market Day,J011,Indiranagar 100ft Road,4099,Weekday,False,Clear,False,0.0,False,False,0.165,Low,36.4,6.7,103.9,0.116,0.268,0.964,Normal free-flow traffic - standard signal timing maintained
EVT410547,2026-01-20 17:05:15,Concert,J031,Cubbon Road,7893,Weekday,False,Fog,False,0.0,False,False,0.818,Severe,11.1,54.9,306.9,0.133,0.307,0.944,Heavy congestion detected - signal timing extended and reroute suggested
EVT410548,2025-06-11 21:53:40,Local Market Day,J023,Basavanagudi,4180,Weekday,False,Heavy Rain,True,45.9,False,False,0.617,High,25.3,42.8,85.5,0.066,0.153,0.89,Heavy rain reducing visibility and grip - reduced speed and longer buffer advised
EVT410549,2025-08-25 20:40:52,Local Market Day,J020,Malleshwaram Circle,5426,Weekday,False,Clear,False,0.0,False,False,0.522,Moderate,29.3,38.9,184.3,0.161,0.371,0.944,Moderate traffic flow - standard adaptive signal timing in effect
EVT410550,2025-01-01 12:37:16,Sports Fixture,J030,MG Road,26860,Weekday,False,Clear,False,0.0,False,False,0.377,Moderate,21.1,26.0,228.9,0.148,0.341,0.978,Moderate traffic flow - standard adaptive signal timing in effect
EVT410551,2026-03-12 17:59:49,Trade Fair,J012,Koramangala Sony World,7684,Weekday,False,Clear,False,0.0,False,False,0.983,Severe,10.3,65.4,485.1,0.195,0.451,0.926,Heavy congestion detected - signal timing extended and reroute suggested
EVT410552,2026-05-14 06:27:41,Trade Fair,J023,Basavanagudi,8000,Weekday,False,Clear,False,0.0,False,False,0.267,Low,35.3,17.0,207.4,0.178,0.411,0.964,Moderate traffic flow - standard adaptive signal timing in effect
EVT410553,2025-01-16 09:20:43,Concert,J011,Indiranagar 100ft Road,8129,Weekday,False,Clear,False,0.0,False,False,1.0,Severe,7.2,63.5,697.6,0.194,0.448,0.904,Heavy congestion detected - signal timing extended and reroute suggested
EVT410554,2025-06-13 10:56:54,Political Rally,J020,Malleshwaram Circle,12370,Weekday,False,Clear,False,0.0,False,False,0.531,Moderate,25.6,46.3,201.4,0.155,0.357,0.967,Moderate traffic flow - standard adaptive signal timing in effect
EVT410555,2025-05-22 19:50:51,Local Market Day,J020,Malleshwaram Circle,2181,Weekday,False,Clear,False,0.0,False,False,0.776,Severe,15.2,58.5,304.9,0.171,0.396,0.977,Heavy congestion detected - signal timing extended and reroute suggested
EVT410556,2026-03-15 06:29:57,Concert,J023,Basavanagudi,8096,Weekend,False,Clear,False,0.0,False,False,0.389,Moderate,29.7,29.5,221.6,0.176,0.407,0.961,Moderate traffic flow - standard adaptive signal timing in effect
EVT410557,2025-09-25 20:59:45,Concert,J020,Malleshwaram Circle,25814,Weekday,False,Rain,True,11.9,False,False,0.739,High,18.1,49.9,196.7,0.125,0.288,0.921,Heavy rain reducing visibility and grip - reduced speed and longer buffer advised
EVT410558,2025-07-13 21:22:18,Sports Fixture,J030,MG Road,24383,Weekend,False,Heavy Rain,True,43.1,False,False,0.848,Severe,16.1,63.3,154.0,0.098,0.226,0.897,Heavy rain reducing visibility and grip - reduced speed and longer buffer advised
EVT410559,2026-06-15 08:58:48,Concert,J011,Indiranagar 100ft Road,8348,Weekday,False,Clear,False,0.0,False,False,1.0,Severe,8.2,70.6,480.3,0.151,0.349,0.917,Heavy congestion detected - signal timing extended and reroute suggested
EVT410560,2025-04-18 11:47:58,Concert,J031,Cubbon Road,8341,Weekday,False,Light Rain,True,6.5,False,False,0.377,Moderate,22.5,18.8,216.6,0.133,0.308,0.902,Light rain detected - minor speed reduction advised
EVT410561,2026-05-30 16:02:10,Local Market Day,J011,Indiranagar 100ft Road,2676,Weekend,False,Rain,True,7.6,False,False,0.492,Moderate,28.8,35.7,153.0,0.112,0.26,0.906,Light rain detected - minor speed reduction advised
EVT410562,2026-04-25 12:23:51,Local Market Day,J009,Majestic,2472,Weekend,False,Clear,False,0.0,False,False,0.256,Low,28.4,18.5,90.2,0.062,0.142,0.962,Moderate traffic flow - standard adaptive signal timing in effect
EVT410563,2025-03-15 19:42:45,Religious Festival,J040,City Market,39343,Weekend,True,Clear,False,0.0,False,True,1.0,Severe,7.5,97.2,637.8,0.209,0.484,0.826,Road closure for event/procession - full detour recommended for through-traffic
EVT410564,2026-06-04 07:41:00,Local Market Day,J023,Basavanagudi,3400,Weekday,False,Clear,False,0.0,True,False,1.0,Severe,8.4,75.9,394.1,0.133,0.308,0.754,Accident detected nearby - reroute and reduced speed advised
EVT410565,2025-11-15 11:15:17,Concert,J020,Malleshwaram Circle,8611,Weekend,False,Rain,True,13.1,False,False,0.624,High,24.5,50.0,144.6,0.124,0.286,0.898,Heavy rain reducing visibility and grip - reduced speed and longer buffer advised
EVT410566,2025-05-10 21:59:51,Concert,J030,MG Road,8537,Weekend,False,Heavy Rain,True,28.4,False,False,0.644,High,21.0,45.2,231.9,0.156,0.36,0.935,Heavy rain reducing visibility and grip - reduced speed and longer buffer advised
EVT410567,2026-06-06 14:27:32,Sports Fixture,J031,Cubbon Road,21875,Weekend,False,Clear,False,0.0,False,False,0.427,Moderate,28.1,35.2,175.2,0.134,0.309,0.946,Moderate traffic flow - standard adaptive signal timing in effect
EVT410568,2025-09-16 14:54:08,Political Rally,J020,Malleshwaram Circle,14013,Weekday,False,Clear,False,0.0,False,False,0.328,Low,31.8,25.9,90.8,0.079,0.182,0.97,Moderate traffic flow - standard adaptive signal timing in effect
EVT410569,2026-06-22 07:36:35,Sports Fixture,J020,Malleshwaram Circle,21324,Weekday,False,Clear,False,0.0,False,False,0.748,High,16.8,59.6,296.7,0.172,0.396,0.987,Moderate traffic flow - standard adaptive signal timing in effect
EVT410570,2026-03-05 04:15:55,Cultural Procession,J012,Koramangala Sony World,16415,Weekday,True,Clear,False,0.0,False,True,0.599,Moderate,19.5,60.3,248.5,0.149,0.344,0.876,Road closure for event/procession - full detour recommended for through-traffic
EVT410571,2026-01-20 15:14:57,Concert,J030,MG Road,11503,Weekday,False,Clear,False,0.0,False,False,0.339,Low,30.3,21.6,181.8,0.154,0.356,0.961,Moderate traffic flow - standard adaptive signal timing in effect
EVT410572,2026-05-18 07:09:31,Concert,J020,Malleshwaram Circle,18830,Weekday,False,Light Rain,True,5.8,False,False,0.66,High,20.7,47.3,325.0,0.209,0.482,0.91,Heavy rain reducing visibility and grip - reduced speed and longer buffer advised
EVT410573,2026-03-03 19:36:24,Local Market Day,J031,Cubbon Road,3683,Weekday,False,Clear,False,0.0,False,False,0.876,Severe,12.7,61.6,509.1,0.251,0.581,0.949,Heavy congestion detected - signal timing extended and reroute suggested
EVT410574,2025-11-09 08:07:07,Sports Fixture,J012,Koramangala Sony World,13728,Weekend,False,Clear,False,0.0,False,False,0.791,Severe,17.7,61.3,356.6,0.223,0.516,0.962,Heavy congestion detected - signal timing extended and reroute suggested
EVT410575,2025-04-18 15:24:28,Local Market Day,J009,Majestic,2496,Weekday,False,Clear,False,0.0,False,False,0.304,Low,24.6,21.6,212.3,0.13,0.299,0.97,Moderate traffic flow - standard adaptive signal timing in effect
EVT410576,2025-10-02 17:54:43,Fireworks Display,J023,Basavanagudi,20036,Weekday,True,Clear,False,0.0,False,False,1.0,Severe,7.8,67.5,408.0,0.119,0.276,0.863,Festival crowd surge detected - alternate route and extended cycle recommended
EVT410577,2026-02-24 12:45:48,Trade Fair,J023,Basavanagudi,10429,Weekday,False,Clear,False,0.0,False,False,0.224,Low,30.7,17.0,103.5,0.064,0.148,0.966,Normal free-flow traffic - standard signal timing maintained
EVT410578,2025-01-16 15:33:57,Local Market Day,J030,MG Road,4063,Weekday,False,Clear,False,0.0,False,False,0.296,Low,27.3,17.0,59.9,0.06,0.139,0.961,Moderate traffic flow - standard adaptive signal timing in effect
EVT410579,2026-06-16 15:40:01,Concert,J023,Basavanagudi,13029,Weekday,False,Clear,False,0.0,False,False,0.313,Low,28.8,14.4,149.8,0.132,0.306,0.956,Moderate traffic flow - standard adaptive signal timing in effect
EVT410580,2026-04-09 05:48:26,Trade Fair,J011,Indiranagar 100ft Road,13336,Weekday,False,Clear,False,0.0,False,False,0.185,Low,32.9,13.3,106.1,0.08,0.184,0.954,Normal free-flow traffic - standard signal timing maintained
EVT410581,2025-03-25 06:04:37,Trade Fair,J009,Majestic,8159,Weekday,False,Clear,False,0.0,False,False,0.314,Low,24.3,25.7,191.0,0.131,0.303,0.972,Moderate traffic flow - standard adaptive signal timing in effect
EVT410582,2026-01-17 07:20:00,Concert,J012,Koramangala Sony World,15178,Weekend,False,Clear,False,0.0,False,False,0.657,High,20.1,46.9,176.4,0.108,0.249,0.99,Moderate traffic flow - standard adaptive signal timing in effect
EVT410583,2025-02-04 12:50:25,Sports Fixture,J012,Koramangala Sony World,22908,Weekday,False,Clear,False,0.0,False,False,0.227,Low,27.2,15.9,141.1,0.103,0.239,0.953,Normal free-flow traffic - standard signal timing maintained
EVT410584,2026-06-01 18:56:04,Local Market Day,J020,Malleshwaram Circle,6553,Weekday,False,Rain,True,11.8,False,False,1.0,Severe,7.9,72.6,623.8,0.207,0.479,0.848,Heavy rain reducing visibility and grip - reduced speed and longer buffer advised
EVT410585,2025-12-13 12:34:28,Sports Fixture,J031,Cubbon Road,40493,Weekend,False,Clear,False,0.0,False,False,0.508,Moderate,24.6,36.1,157.0,0.125,0.288,0.969,Moderate traffic flow - standard adaptive signal timing in effect
EVT410586,2026-05-04 09:18:41,Trade Fair,J009,Majestic,9738,Weekday,False,Clear,False,0.0,False,False,1.0,Severe,8.7,74.7,741.4,0.268,0.618,0.93,Heavy congestion detected - signal timing extended and reroute suggested
EVT410587,2025-07-18 17:17:21,Political Rally,J031,Cubbon Road,15229,Weekday,False,Clear,False,0.0,False,False,0.93,Severe,11.0,63.1,495.9,0.233,0.538,0.917,Heavy congestion detected - signal timing extended and reroute suggested
EVT410588,2025-12-08 23:26:45,Trade Fair,J023,Basavanagudi,8329,Weekday,False,Clear,False,0.0,False,False,0.242,Low,36.8,13.4,167.4,0.167,0.386,0.964,Normal free-flow traffic - standard signal timing maintained
EVT410589,2025-01-05 07:53:19,Concert,J020,Malleshwaram Circle,13832,Weekend,False,Clear,False,0.0,False,False,0.755,Severe,17.0,53.9,403.2,0.211,0.488,0.977,Heavy congestion detected - signal timing extended and reroute suggested
EVT410590,2025-06-11 14:42:02,Political Rally,J030,MG Road,17952,Weekday,False,Clear,False,0.0,False,False,0.332,Low,28.2,26.1,197.4,0.146,0.337,0.967,Moderate traffic flow - standard adaptive signal timing in effect
EVT410591,2026-02-10 16:09:59,Local Market Day,J009,Majestic,4093,Weekday,False,Clear,False,0.0,False,False,0.465,Moderate,23.6,38.0,215.1,0.16,0.37,0.969,Moderate traffic flow - standard adaptive signal timing in effect
EVT410592,2025-09-11 09:56:29,Local Market Day,J020,Malleshwaram Circle,3555,Weekday,False,Rain,True,17.2,False,False,1.0,Severe,8.7,66.4,665.2,0.212,0.491,0.872,Heavy rain reducing visibility and grip - reduced speed and longer buffer advised
EVT410593,2026-03-10 08:52:01,Local Market Day,J009,Majestic,5324,Weekday,False,Clear,False,0.0,False,False,1.0,Severe,10.4,73.4,187.9,0.092,0.213,0.902,Heavy congestion detected - signal timing extended and reroute suggested
EVT410594,2026-02-20 19:42:08,Local Market Day,J030,MG Road,1923,Weekday,False,Clear,False,0.0,False,False,0.83,Severe,15.5,54.7,173.6,0.105,0.243,0.954,Heavy congestion detected - signal timing extended and reroute suggested
EVT410595,2025-11-07 11:52:54,Political Rally,J009,Majestic,11804,Weekday,False,Clear,False,0.0,False,False,0.303,Low,29.8,30.9,143.9,0.114,0.263,0.977,Moderate traffic flow - standard adaptive signal timing in effect
EVT410596,2025-07-15 07:03:47,Concert,J040,City Market,19227,Weekday,False,Fog,False,0.0,False,False,0.569,High,18.6,42.6,313.5,0.186,0.429,0.954,Moderate traffic flow - standard adaptive signal timing in effect
EVT410597,2025-06-29 15:28:37,Local Market Day,J009,Majestic,2973,Weekend,False,Clear,False,0.0,False,False,0.264,Low,40.7,16.0,168.5,0.148,0.341,0.978,Moderate traffic flow - standard adaptive signal timing in effect
EVT410598,2025-11-02 17:50:53,Religious Festival,J012,Koramangala Sony World,80509,Weekend,True,Clear,False,0.0,False,True,1.0,Severe,7.1,102.0,570.0,0.167,0.386,0.834,Road closure for event/procession - full detour recommended for through-traffic
EVT410599,2026-04-15 14:05:45,Religious Festival,J023,Basavanagudi,59543,Weekday,True,Clear,False,0.0,False,False,0.703,High,16.1,50.9,330.6,0.202,0.466,0.91,Festival crowd surge detected - alternate route and extended cycle recommended
EVT410600,2025-09-10 09:56:32,Local Market Day,J011,Indiranagar 100ft Road,5834,Weekday,False,Clear,False,0.0,False,False,0.839,Severe,15.5,65.0,260.4,0.151,0.349,0.939,Heavy congestion detected - signal timing extended and reroute suggested
EVT410601,2025-10-10 20:35:52,Concert,J040,City Market,11393,Weekday,False,Clear,False,0.0,False,False,0.551,High,22.3,47.6,229.6,0.141,0.326,0.963,Moderate traffic flow - standard adaptive signal timing in effect
EVT410602,2026-06-12 10:46:03,Local Market Day,J011,Indiranagar 100ft Road,4451,Weekday,False,Clear,False,0.0,False,False,0.525,Moderate,23.0,44.1,204.6,0.138,0.318,0.974,Moderate traffic flow - standard adaptive signal timing in effect
EVT410603,2026-04-08 12:31:59,Local Market Day,J040,City Market,3842,Weekday,False,Clear,False,0.0,False,False,0.253,Low,40.5,15.6,140.4,0.156,0.361,0.962,Moderate traffic flow - standard adaptive signal timing in effect
EVT410604,2025-10-10 17:22:42,Concert,J030,MG Road,11444,Weekday,False,Rain,True,10.5,False,False,1.0,Severe,8.6,76.7,738.2,0.255,0.588,0.862,Heavy rain reducing visibility and grip - reduced speed and longer buffer advised
EVT410605,2025-04-14 18:05:08,Religious Festival,J011,Indiranagar 100ft Road,36277,Weekday,True,Clear,False,0.0,False,False,1.0,Severe,7.4,72.0,632.4,0.199,0.459,0.853,Festival crowd surge detected - alternate route and extended cycle recommended
EVT410606,2026-01-17 17:47:15,Local Market Day,J020,Malleshwaram Circle,3281,Weekend,False,Clear,False,0.0,False,False,0.812,Severe,17.3,62.2,219.3,0.146,0.336,0.956,Heavy congestion detected - signal timing extended and reroute suggested
EVT410607,2026-01-14 16:13:04,Religious Festival,J020,Malleshwaram Circle,70374,Weekday,True,Clear,False,0.0,False,True,1.0,Severe,7.3,100.2,1043.4,0.282,0.652,0.833,Road closure for event/procession - full detour recommended for through-traffic
EVT410608,2026-06-13 16:35:50,Local Market Day,J012,Koramangala Sony World,2974,Weekend,False,Rain,True,16.2,False,False,0.683,High,17.3,49.3,336.0,0.19,0.438,0.912,Heavy rain reducing visibility and grip - reduced speed and longer buffer advised
EVT410609,2025-08-28 15:06:41,Fireworks Display,J012,Koramangala Sony World,26033,Weekday,True,Clear,False,0.0,False,False,0.642,High,17.8,46.4,324.9,0.188,0.434,0.913,Festival crowd surge detected - alternate route and extended cycle recommended
EVT410610,2025-04-21 21:54:36,Sports Fixture,J030,MG Road,24514,Weekday,False,Clear,False,0.0,False,False,0.38,Moderate,26.9,25.1,205.4,0.167,0.385,0.987,Moderate traffic flow - standard adaptive signal timing in effect
EVT410611,2025-07-05 19:08:06,Trade Fair,J023,Basavanagudi,8563,Weekend,False,Clear,False,0.0,False,False,0.88,Severe,10.0,64.4,279.1,0.143,0.329,0.95,Heavy congestion detected - signal timing extended and reroute suggested
EVT410612,2025-01-24 09:51:56,Local Market Day,J009,Majestic,1749,Weekday,False,Clear,False,0.0,False,False,0.831,Severe,14.9,58.3,218.3,0.115,0.265,0.956,Heavy congestion detected - signal timing extended and reroute suggested
EVT410613,2025-05-22 10:06:14,Concert,J011,Indiranagar 100ft Road,12937,Weekday,False,Clear,False,0.0,False,False,0.84,Severe,12.2,55.7,369.7,0.156,0.36,0.955,Heavy congestion detected - signal timing extended and reroute suggested
EVT410614,2025-11-24 17:47:22,Local Market Day,J031,Cubbon Road,7406,Weekday,False,Clear,False,0.0,False,False,0.989,Severe,10.4,73.1,449.5,0.194,0.448,0.917,Heavy congestion detected - signal timing extended and reroute suggested
EVT410615,2025-12-13 02:24:14,Political Rally,J011,Indiranagar 100ft Road,19281,Weekend,False,Fog,False,0.0,False,False,0.466,Moderate,17.9,30.6,454.5,0.245,0.565,0.955,Moderate traffic flow - standard adaptive signal timing in effect
EVT410616,2026-02-12 19:36:53,Local Market Day,J040,City Market,5408,Weekday,False,Clear,False,0.0,False,False,0.857,Severe,13.9,58.0,271.4,0.146,0.338,0.958,Heavy congestion detected - signal timing extended and reroute suggested
EVT410617,2026-04-18 16:52:09,Trade Fair,J031,Cubbon Road,7086,Weekend,False,Clear,False,0.0,False,False,0.675,High,16.5,47.0,377.8,0.214,0.495,0.971,Moderate traffic flow - standard adaptive signal timing in effect
EVT410618,2025-02-27 08:15:33,Sports Fixture,J023,Basavanagudi,14454,Weekday,False,Clear,False,0.0,False,False,0.997,Severe,7.3,79.7,382.9,0.123,0.284,0.93,Heavy congestion detected - signal timing extended and reroute suggested
EVT410619,2025-05-03 07:26:08,Trade Fair,J031,Cubbon Road,6936,Weekend,False,Light Rain,True,3.7,False,False,0.574,High,18.7,36.8,318.6,0.2,0.461,0.9,Heavy rain reducing visibility and grip - reduced speed and longer buffer advised
EVT410620,2025-03-22 09:11:55,Trade Fair,J011,Indiranagar 100ft Road,13393,Weekend,False,Clear,False,0.0,False,False,0.924,Severe,10.6,63.3,680.3,0.252,0.581,0.945,Heavy congestion detected - signal timing extended and reroute suggested
EVT410621,2025-12-05 09:24:40,Sports Fixture,J009,Majestic,12817,Weekday,False,Clear,False,0.0,False,False,1.0,Severe,7.8,67.3,606.2,0.212,0.489,0.915,Heavy congestion detected - signal timing extended and reroute suggested
EVT410622,2025-09-09 10:48:09,Sports Fixture,J040,City Market,29665,Weekday,False,Clear,False,0.0,False,False,0.677,High,15.5,47.4,351.7,0.177,0.409,0.965,Moderate traffic flow - standard adaptive signal timing in effect
EVT410623,2025-12-11 18:08:08,Political Rally,J009,Majestic,13786,Weekday,False,Light Rain,True,6.5,False,False,1.0,Severe,8.6,71.3,448.5,0.156,0.36,0.856,Heavy rain reducing visibility and grip - reduced speed and longer buffer advised
EVT410624,2025-05-22 09:51:27,Concert,J030,MG Road,20480,Weekday,False,Fog,False,0.0,False,False,0.901,Severe,13.7,69.1,461.0,0.215,0.496,0.944,Heavy congestion detected - signal timing extended and reroute suggested
EVT410625,2026-01-25 07:09:03,Sports Fixture,J030,MG Road,26429,Weekend,False,Clear,False,0.0,False,False,0.583,High,19.8,40.4,135.9,0.081,0.188,0.99,Moderate traffic flow - standard adaptive signal timing in effect
EVT410626,2025-11-10 21:02:01,Political Rally,J012,Koramangala Sony World,10050,Weekday,False,Fog,False,0.0,False,False,0.445,Moderate,25.9,30.2,86.0,0.045,0.105,0.973,Moderate traffic flow - standard adaptive signal timing in effect
EVT410627,2025-03-27 09:02:31,Concert,J012,Koramangala Sony World,11964,Weekday,False,Clear,False,0.0,False,False,1.0,Severe,7.4,70.2,574.3,0.2,0.462,0.935,Heavy congestion detected - signal timing extended and reroute suggested
EVT410628,2025-04-22 23:17:45,Trade Fair,J040,City Market,11444,Weekday,False,Clear,False,0.0,False,False,0.274,Low,32.4,15.6,124.5,0.103,0.239,0.965,Moderate traffic flow - standard adaptive signal timing in effect
EVT410629,2025-07-09 19:38:03,Trade Fair,J030,MG Road,7213,Weekday,False,Rain,True,22.1,False,False,1.0,Severe,9.6,76.4,653.9,0.261,0.603,0.854,Heavy rain reducing visibility and grip - reduced speed and longer buffer advised
EVT410630,2025-01-03 11:04:05,Sports Fixture,J011,Indiranagar 100ft Road,28366,Weekday,False,Clear,False,0.0,False,False,0.555,High,14.0,41.9,461.4,0.221,0.511,0.959,Moderate traffic flow - standard adaptive signal timing in effect
EVT410631,2026-01-29 13:13:27,Sports Fixture,J011,Indiranagar 100ft Road,16197,Weekday,False,Clear,False,0.0,False,False,0.186,Low,30.2,10.7,135.1,0.108,0.25,0.965,Normal free-flow traffic - standard signal timing maintained
EVT410632,2025-12-01 08:25:21,Political Rally,J031,Cubbon Road,23554,Weekday,False,Clear,False,0.0,False,False,1.0,Severe,9.6,71.3,673.5,0.262,0.606,0.923,Heavy congestion detected - signal timing extended and reroute suggested
EVT410633,2025-09-21 15:21:59,Local Market Day,J040,City Market,2297,Weekend,False,Clear,False,0.0,False,False,0.386,Moderate,26.3,28.0,124.8,0.097,0.225,0.934,Moderate traffic flow - standard adaptive signal timing in effect
EVT410634,2025-07-02 13:35:46,Sports Fixture,J011,Indiranagar 100ft Road,15427,Weekday,False,Heavy Rain,True,55.7,False,False,0.636,High,19.2,43.4,379.9,0.215,0.498,0.921,Heavy rain reducing visibility and grip - reduced speed and longer buffer advised
EVT410635,2025-01-25 18:28:23,Trade Fair,J030,MG Road,11243,Weekend,False,Clear,False,0.0,False,False,0.84,Severe,14.5,60.1,270.0,0.149,0.344,0.959,Heavy congestion detected - signal timing extended and reroute suggested
EVT410636,2025-10-03 20:26:21,Cultural Procession,J031,Cubbon Road,16220,Weekday,True,Clear,False,0.0,False,False,0.899,Severe,13.5,61.2,390.5,0.197,0.456,0.889,Festival crowd surge detected - alternate route and extended cycle recommended
EVT410637,2025-09-22 08:06:39,Local Market Day,J040,City Market,6249,Weekday,False,Clear,False,0.0,False,False,0.863,Severe,11.4,62.7,324.3,0.153,0.353,0.953,Heavy congestion detected - signal timing extended and reroute suggested
EVT410638,2025-06-11 19:25:45,Local Market Day,J020,Malleshwaram Circle,4670,Weekday,False,Heavy Rain,True,30.7,False,False,1.0,Severe,8.3,69.0,706.4,0.239,0.552,0.864,Heavy rain reducing visibility and grip - reduced speed and longer buffer advised
EVT410639,2025-05-03 17:30:33,Trade Fair,J011,Indiranagar 100ft Road,11503,Weekend,False,Rain,True,17.9,False,False,1.0,Severe,9.8,68.1,498.7,0.204,0.471,0.88,Heavy rain reducing visibility and grip - reduced speed and longer buffer advised
EVT410640,2026-05-08 09:11:35,Sports Fixture,J011,Indiranagar 100ft Road,15396,Weekday,False,Clear,False,0.0,False,False,1.0,Severe,7.4,71.4,863.0,0.277,0.64,0.913,Heavy congestion detected - signal timing extended and reroute suggested
EVT410641,2025-06-12 13:18:05,Local Market Day,J030,MG Road,3393,Weekday,False,Clear,False,0.0,False,False,0.176,Low,33.8,14.2,119.0,0.101,0.233,0.953,Normal free-flow traffic - standard signal timing maintained
EVT410642,2026-01-30 19:48:21,Concert,J011,Indiranagar 100ft Road,10027,Weekday,False,Clear,False,0.0,False,False,0.837,Severe,17.1,61.1,358.0,0.213,0.493,0.947,Heavy congestion detected - signal timing extended and reroute suggested
EVT410643,2025-06-29 16:13:10,Concert,J023,Basavanagudi,11110,Weekend,False,Clear,False,0.0,False,False,0.542,Moderate,22.9,40.2,178.4,0.144,0.332,0.958,Moderate traffic flow - standard adaptive signal timing in effect
EVT410644,2025-08-26 18:02:11,Concert,J020,Malleshwaram Circle,8766,Weekday,False,Heavy Rain,True,77.3,False,False,1.0,Severe,8.9,70.2,755.2,0.27,0.624,0.856,Heavy rain reducing visibility and grip - reduced speed and longer buffer advised
EVT410645,2025-02-05 09:58:20,Local Market Day,J012,Koramangala Sony World,5613,Weekday,False,Clear,False,0.0,False,False,0.888,Severe,9.4,64.8,389.7,0.146,0.337,0.94,Heavy congestion detected - signal timing extended and reroute suggested
EVT410646,2026-03-13 00:55:59,Trade Fair,J040,City Market,10452,Weekday,False,Clear,False,0.0,False,False,0.201,Low,34.6,12.3,117.0,0.108,0.25,0.958,Normal free-flow traffic - standard signal timing maintained
EVT410647,2025-02-26 19:43:50,Local Market Day,J012,Koramangala Sony World,5797,Weekday,False,Clear,False,0.0,False,False,0.818,Severe,19.5,58.2,137.8,0.085,0.196,0.958,Heavy congestion detected - signal timing extended and reroute suggested
EVT410648,2026-03-09 11:32:08,Sports Fixture,J009,Majestic,26372,Weekday,False,Light Rain,True,5.4,False,False,0.469,Moderate,25.1,31.9,227.9,0.158,0.364,0.895,Light rain detected - minor speed reduction advised
EVT410649,2026-04-30 20:11:50,Local Market Day,J009,Majestic,4170,Weekday,False,Light Rain,True,0.9,False,False,0.718,High,16.6,55.9,178.6,0.112,0.26,0.935,Heavy rain reducing visibility and grip - reduced speed and longer buffer advised
EVT410650,2026-03-24 16:40:41,Concert,J030,MG Road,19823,Weekday,False,Clear,False,0.0,False,False,0.687,High,13.9,51.0,381.6,0.191,0.44,0.95,Moderate traffic flow - standard adaptive signal timing in effect
EVT410651,2026-03-11 20:28:58,Concert,J040,City Market,26722,Weekday,False,Clear,False,0.0,False,False,0.757,Severe,15.3,49.6,231.1,0.101,0.233,0.957,Heavy congestion detected - signal timing extended and reroute suggested
EVT410652,2025-06-13 08:53:39,Political Rally,J031,Cubbon Road,11536,Weekday,False,Light Rain,True,7.3,False,False,1.0,Severe,8.3,78.7,571.2,0.18,0.415,0.871,Heavy rain reducing visibility and grip - reduced speed and longer buffer advised
EVT410653,2025-12-12 13:37:03,Trade Fair,J020,Malleshwaram Circle,9948,Weekday,False,Clear,False,0.0,False,False,0.212,Low,36.9,15.5,162.0,0.143,0.331,0.981,Normal free-flow traffic - standard signal timing maintained
EVT410654,2025-07-03 13:36:43,Sports Fixture,J012,Koramangala Sony World,31358,Weekday,False,Rain,True,23.5,False,False,0.675,High,18.7,46.3,246.8,0.147,0.339,0.917,Heavy rain reducing visibility and grip - reduced speed and longer buffer advised
EVT410655,2025-08-28 19:35:02,Cultural Procession,J040,City Market,15425,Weekday,True,Heavy Rain,True,47.8,False,True,1.0,Severe,9.5,105.9,866.6,0.333,0.77,0.774,Road closure for event/procession - full detour recommended for through-traffic
EVT410656,2025-06-22 09:41:29,Local Market Day,J009,Majestic,7295,Weekend,False,Rain,True,17.4,False,False,1.0,Severe,8.7,72.8,351.1,0.137,0.318,0.892,Heavy rain reducing visibility and grip - reduced speed and longer buffer advised
EVT410657,2025-03-25 18:12:35,Local Market Day,J030,MG Road,3347,Weekday,False,Clear,False,0.0,False,False,1.0,Severe,8.9,70.2,631.8,0.228,0.526,0.906,Heavy congestion detected - signal timing extended and reroute suggested
EVT410658,2026-06-24 18:00:21,Concert,J020,Malleshwaram Circle,16279,Weekday,False,Heavy Rain,True,32.4,False,False,1.0,Severe,9.0,71.2,657.2,0.263,0.607,0.836,Heavy rain reducing visibility and grip - reduced speed and longer buffer advised
EVT410659,2026-03-24 20:36:29,Political Rally,J009,Majestic,12354,Weekday,False,Clear,False,0.0,False,False,0.574,High,25.0,35.1,175.2,0.126,0.291,0.962,Moderate traffic flow - standard adaptive signal timing in effect
EVT410660,2025-02-12 18:49:57,Concert,J031,Cubbon Road,9070,Weekday,False,Clear,False,0.0,False,False,1.0,Severe,8.1,77.1,608.7,0.206,0.475,0.885,Heavy congestion detected - signal timing extended and reroute suggested
EVT410661,2025-11-03 04:07:43,Trade Fair,J012,Koramangala Sony World,7918,Weekday,False,Clear,False,0.0,False,False,0.228,Low,32.6,18.1,89.6,0.062,0.142,0.971,Normal free-flow traffic - standard signal timing maintained
EVT410662,2026-02-13 10:14:10,Concert,J012,Koramangala Sony World,11176,Weekday,False,Clear,False,0.0,False,False,0.764,Severe,14.8,57.9,350.2,0.179,0.413,0.977,Heavy congestion detected - signal timing extended and reroute suggested
EVT410663,2026-04-23 10:24:46,Trade Fair,J011,Indiranagar 100ft Road,7610,Weekday,False,Rain,True,12.6,False,False,0.882,Severe,13.4,59.7,297.1,0.143,0.33,0.874,Heavy rain reducing visibility and grip - reduced speed and longer buffer advised
EVT410664,2026-04-01 16:40:18,Political Rally,J023,Basavanagudi,19897,Weekday,False,Clear,False,0.0,False,False,0.635,High,16.1,42.2,286.9,0.152,0.351,0.956,Moderate traffic flow - standard adaptive signal timing in effect
EVT410665,2026-02-01 16:57:29,Trade Fair,J023,Basavanagudi,10813,Weekend,False,Clear,False,0.0,False,False,0.789,Severe,17.9,59.6,122.8,0.081,0.187,0.957,Heavy congestion detected - signal timing extended and reroute suggested
EVT410666,2026-04-11 07:43:01,Local Market Day,J009,Majestic,4829,Weekend,False,Clear,False,0.0,False,False,0.668,High,23.8,47.5,260.5,0.163,0.377,0.961,Moderate traffic flow - standard adaptive signal timing in effect
EVT410667,2025-02-16 15:22:50,Concert,J030,MG Road,8502,Weekend,False,Clear,False,0.0,False,False,0.314,Low,31.3,23.1,167.5,0.153,0.354,0.94,Moderate traffic flow - standard adaptive signal timing in effect
EVT410668,2025-09-20 18:23:37,Local Market Day,J011,Indiranagar 100ft Road,4950,Weekend,False,Clear,False,0.0,False,False,0.962,Severe,10.2,65.9,436.1,0.179,0.413,0.932,Heavy congestion detected - signal timing extended and reroute suggested
EVT410669,2025-02-22 17:11:36,Local Market Day,J011,Indiranagar 100ft Road,3201,Weekend,False,Clear,False,0.0,False,False,0.679,High,19.7,47.8,240.1,0.159,0.368,0.955,Moderate traffic flow - standard adaptive signal timing in effect
EVT410670,2026-05-24 19:48:54,Sports Fixture,J009,Majestic,20506,Weekend,False,Clear,False,0.0,False,False,0.73,High,21.9,54.5,277.6,0.2,0.462,0.966,Moderate traffic flow - standard adaptive signal timing in effect
EVT410671,2026-04-12 08:25:37,Concert,J023,Basavanagudi,13024,Weekend,False,Clear,False,0.0,False,False,0.907,Severe,11.9,62.2,541.4,0.252,0.583,0.933,Heavy congestion detected - signal timing extended and reroute suggested
EVT410672,2026-04-26 15:53:34,Sports Fixture,J031,Cubbon Road,38781,Weekend,False,Clear,False,0.0,False,False,0.663,High,24.3,37.9,138.4,0.104,0.24,0.965,Moderate traffic flow - standard adaptive signal timing in effect
EVT410673,2025-01-26 14:18:37,Religious Festival,J030,MG Road,32643,Weekend,True,Clear,False,0.0,False,True,0.845,High,12.8,80.7,417.6,0.203,0.469,0.873,Road closure for event/procession - full detour recommended for through-traffic
EVT410674,2026-06-15 20:28:02,Sports Fixture,J023,Basavanagudi,26245,Weekday,False,Clear,False,0.0,False,False,0.628,High,19.8,50.4,239.6,0.147,0.339,0.982,Moderate traffic flow - standard adaptive signal timing in effect
EVT410675,2026-02-28 16:58:08,Local Market Day,J023,Basavanagudi,6596,Weekend,False,Clear,False,0.0,False,False,0.708,High,17.6,48.4,341.9,0.197,0.456,0.961,Moderate traffic flow - standard adaptive signal timing in effect
EVT410676,2025-06-02 17:44:24,Local Market Day,J020,Malleshwaram Circle,7157,Weekday,False,Clear,False,0.0,False,False,0.829,Severe,17.0,56.4,254.5,0.156,0.36,0.933,Heavy congestion detected - signal timing extended and reroute suggested
EVT410677,2025-11-15 08:36:15,Concert,J040,City Market,11150,Weekend,False,Clear,False,0.0,False,False,0.882,Severe,13.6,68.1,483.8,0.211,0.489,0.929,Heavy congestion detected - signal timing extended and reroute suggested
EVT410678,2025-12-04 06:40:50,Local Market Day,J020,Malleshwaram Circle,4124,Weekday,False,Clear,False,0.0,False,False,0.318,Low,32.9,20.8,163.9,0.159,0.367,0.975,Moderate traffic flow - standard adaptive signal timing in effect
EVT410679,2025-06-27 06:01:50,Trade Fair,J011,Indiranagar 100ft Road,5012,Weekday,False,Clear,False,0.0,False,False,0.251,Low,34.5,22.2,135.0,0.123,0.284,0.988,Moderate traffic flow - standard adaptive signal timing in effect
EVT410680,2026-05-08 21:49:40,Sports Fixture,J012,Koramangala Sony World,16866,Weekday,False,Clear,False,0.0,False,False,0.413,Moderate,27.7,28.2,155.8,0.114,0.263,0.959,Moderate traffic flow - standard adaptive signal timing in effect
EVT410681,2025-12-22 14:06:05,Local Market Day,J009,Majestic,3505,Weekday,False,Clear,False,0.0,False,False,0.213,Low,39.1,17.0,153.9,0.153,0.352,0.982,Normal free-flow traffic - standard signal timing maintained
EVT410682,2025-07-01 10:05:12,Concert,J023,Basavanagudi,10641,Weekday,False,Clear,False,0.0,False,False,0.792,Severe,16.3,60.9,454.6,0.269,0.621,0.961,Heavy congestion detected - signal timing extended and reroute suggested
EVT410683,2025-06-22 19:02:28,Sports Fixture,J011,Indiranagar 100ft Road,22934,Weekend,False,Heavy Rain,True,50.4,False,False,1.0,Severe,7.6,75.0,831.7,0.242,0.559,0.873,Heavy rain reducing visibility and grip - reduced speed and longer buffer advised
EVT410684,2025-04-06 10:42:01,Religious Festival,J030,MG Road,26927,Weekend,True,Clear,False,0.0,False,False,0.91,Severe,10.8,73.5,389.2,0.172,0.398,0.874,Festival crowd surge detected - alternate route and extended cycle recommended
EVT410685,2026-04-20 18:49:13,Sports Fixture,J009,Majestic,22765,Weekday,False,Clear,False,0.0,False,False,1.0,Severe,7.3,73.8,528.7,0.182,0.42,0.906,Heavy congestion detected - signal timing extended and reroute suggested
EVT410686,2025-09-21 20:52:44,Local Market Day,J031,Cubbon Road,2675,Weekend,False,Clear,False,0.0,False,False,0.427,Moderate,24.2,28.2,157.6,0.123,0.284,0.97,Moderate traffic flow - standard adaptive signal timing in effect
EVT410687,2026-02-01 16:24:09,Sports Fixture,J020,Malleshwaram Circle,34848,Weekend,False,Clear,False,0.0,False,False,0.727,High,16.2,50.4,304.2,0.16,0.37,0.987,Moderate traffic flow - standard adaptive signal timing in effect
EVT410688,2025-11-26 23:45:24,Local Market Day,J031,Cubbon Road,4806,Weekday,False,Rain,True,10.5,False,False,0.325,Low,32.7,23.0,136.7,0.122,0.281,0.912,Light rain detected - minor speed reduction advised
EVT410689,2025-06-21 15:11:46,Concert,J011,Indiranagar 100ft Road,11708,Weekend,False,Clear,False,0.0,False,False,0.384,Moderate,29.3,26.4,169.9,0.143,0.33,0.943,Moderate traffic flow - standard adaptive signal timing in effect
EVT410690,2025-02-23 15:24:18,Trade Fair,J040,City Market,6906,Weekend,False,Clear,False,0.0,False,False,0.332,Low,31.6,25.7,162.6,0.157,0.363,0.99,Moderate traffic flow - standard adaptive signal timing in effect
EVT410691,2026-02-06 20:01:36,Sports Fixture,J020,Malleshwaram Circle,37312,Weekday,False,Clear,False,0.0,False,False,0.909,Severe,11.3,65.0,313.8,0.147,0.34,0.924,Heavy congestion detected - signal timing extended and reroute suggested
EVT410692,2026-01-03 17:20:22,Sports Fixture,J023,Basavanagudi,18386,Weekend,False,Light Rain,True,3.0,False,False,0.91,Severe,9.2,61.8,418.7,0.151,0.349,0.896,Heavy rain reducing visibility and grip - reduced speed and longer buffer advised
EVT410693,2025-10-30 17:46:50,Local Market Day,J020,Malleshwaram Circle,3008,Weekday,False,Rain,True,11.8,False,False,1.0,Severe,8.6,69.6,451.3,0.174,0.402,0.857,Heavy rain reducing visibility and grip - reduced speed and longer buffer advised
EVT410694,2026-04-29 09:32:53,Concert,J030,MG Road,9727,Weekday,False,Rain,True,20.3,False,False,1.0,Severe,6.4,70.8,891.0,0.24,0.554,0.868,Heavy rain reducing visibility and grip - reduced speed and longer buffer advised
EVT410695,2025-05-08 19:28:40,Political Rally,J011,Indiranagar 100ft Road,13714,Weekday,False,Clear,False,0.0,False,False,0.973,Severe,6.3,71.6,1071.2,0.276,0.638,0.943,Heavy congestion detected - signal timing extended and reroute suggested
EVT410696,2026-03-07 13:45:34,Local Market Day,J020,Malleshwaram Circle,3110,Weekend,False,Clear,False,0.0,False,False,0.223,Low,30.1,14.1,147.3,0.116,0.269,0.961,Normal free-flow traffic - standard signal timing maintained
EVT410697,2025-01-07 10:31:04,Concert,J023,Basavanagudi,18074,Weekday,False,Clear,False,0.0,False,False,0.67,High,18.9,48.1,277.7,0.154,0.355,0.946,Moderate traffic flow - standard adaptive signal timing in effect
EVT410698,2026-04-09 18:21:42,Concert,J031,Cubbon Road,14706,Weekday,False,Clear,False,0.0,False,False,1.0,Severe,9.7,73.9,384.2,0.15,0.347,0.924,Heavy congestion detected - signal timing extended and reroute suggested
EVT410699,2025-06-24 17:05:32,Concert,J012,Koramangala Sony World,16016,Weekday,False,Light Rain,True,7.4,False,False,0.998,Severe,9.1,71.1,211.4,0.091,0.209,0.848,Heavy rain reducing visibility and grip - reduced speed and longer buffer advised
EVT410700,2025-02-26 10:06:05,Sports Fixture,J023,Basavanagudi,22228,Weekday,False,Clear,False,0.0,False,False,0.847,Severe,14.5,59.4,459.7,0.239,0.551,0.951,Heavy congestion detected - signal timing extended and reroute suggested
EVT410701,2025-06-02 07:24:53,Local Market Day,J011,Indiranagar 100ft Road,3694,Weekday,False,Heavy Rain,True,47.6,False,False,0.929,Severe,13.0,65.0,373.8,0.186,0.429,0.897,Heavy rain reducing visibility and grip - reduced speed and longer buffer advised
EVT410702,2025-03-05 13:33:40,Sports Fixture,J031,Cubbon Road,20859,Weekday,False,Fog,False,0.0,False,False,0.277,Low,31.0,22.0,164.5,0.136,0.315,0.959,Moderate traffic flow - standard adaptive signal timing in effect
EVT410703,2026-01-04 08:06:20,Sports Fixture,J030,MG Road,16202,Weekend,False,Clear,False,0.0,False,False,0.823,Severe,15.4,61.4,154.9,0.102,0.235,0.943,Heavy congestion detected - signal timing extended and reroute suggested
EVT410704,2025-01-08 13:09:30,Trade Fair,J023,Basavanagudi,7342,Weekday,False,Clear,False,0.0,False,False,0.197,Low,29.2,10.1,107.1,0.085,0.197,0.977,Normal free-flow traffic - standard signal timing maintained
EVT410705,2025-07-28 18:49:24,Trade Fair,J020,Malleshwaram Circle,7702,Weekday,False,Clear,False,0.0,False,False,1.0,Severe,7.3,63.5,748.0,0.222,0.512,0.906,Heavy congestion detected - signal timing extended and reroute suggested
EVT410706,2025-03-20 17:00:27,Sports Fixture,J040,City Market,34425,Weekday,False,Clear,False,0.0,False,False,0.908,Severe,13.6,64.5,538.8,0.26,0.602,0.946,Heavy congestion detected - signal timing extended and reroute suggested
EVT410707,2026-01-11 07:53:19,Trade Fair,J009,Majestic,10535,Weekend,False,Clear,False,0.0,False,False,0.701,High,23.8,49.3,241.6,0.164,0.378,0.99,Moderate traffic flow - standard adaptive signal timing in effect
EVT410708,2025-03-19 06:20:18,Concert,J012,Koramangala Sony World,14765,Weekday,False,Clear,False,0.0,False,False,0.303,Low,34.7,22.1,108.4,0.11,0.254,0.982,Moderate traffic flow - standard adaptive signal timing in effect
EVT410709,2025-06-30 09:47:29,Political Rally,J011,Indiranagar 100ft Road,9441,Weekday,False,Clear,False,0.0,False,False,0.886,Severe,10.1,62.1,168.0,0.075,0.174,0.95,Heavy congestion detected - signal timing extended and reroute suggested
EVT410710,2026-06-16 20:31:50,Local Market Day,J020,Malleshwaram Circle,7229,Weekday,False,Rain,True,10.1,False,False,0.681,High,22.7,49.3,300.5,0.237,0.547,0.929,Heavy rain reducing visibility and grip - reduced speed and longer buffer advised
EVT410711,2025-06-08 16:32:07,Trade Fair,J031,Cubbon Road,16296,Weekend,False,Clear,False,0.0,False,False,0.686,High,19.3,45.4,103.8,0.07,0.161,0.976,Moderate traffic flow - standard adaptive signal timing in effect
EVT410712,2026-06-22 15:22:24,Trade Fair,J011,Indiranagar 100ft Road,12626,Weekday,False,Fog,False,0.0,False,False,0.371,Moderate,23.7,22.7,272.6,0.204,0.472,0.958,Moderate traffic flow - standard adaptive signal timing in effect
EVT410713,2025-01-16 17:37:32,Concert,J040,City Market,8054,Weekday,False,Clear,False,0.0,False,False,0.93,Severe,8.5,66.0,428.1,0.159,0.368,0.912,Heavy congestion detected - signal timing extended and reroute suggested
EVT410714,2025-02-06 19:28:41,Sports Fixture,J040,City Market,24723,Weekday,False,Clear,False,0.0,False,False,0.981,Severe,9.2,68.7,212.0,0.088,0.203,0.922,Heavy congestion detected - signal timing extended and reroute suggested
EVT410715,2025-09-20 10:59:55,Sports Fixture,J009,Majestic,33113,Weekend,False,Clear,False,0.0,False,False,0.588,High,21.7,47.9,336.1,0.233,0.538,0.978,Moderate traffic flow - standard adaptive signal timing in effect
EVT410716,2026-02-01 06:27:13,Trade Fair,J020,Malleshwaram Circle,13379,Weekend,False,Clear,False,0.0,False,False,0.325,Low,26.5,21.6,130.4,0.096,0.222,0.948,Moderate traffic flow - standard adaptive signal timing in effect
EVT410717,2026-02-13 11:32:51,Trade Fair,J023,Basavanagudi,8427,Weekday,False,Clear,False,0.0,False,False,0.324,Low,28.2,18.3,178.0,0.135,0.312,0.969,Moderate traffic flow - standard adaptive signal timing in effect
EVT410718,2025-11-19 08:29:11,Political Rally,J012,Koramangala Sony World,29876,Weekday,False,Light Rain,True,1.0,False,False,1.0,Severe,8.9,73.9,395.1,0.146,0.336,0.868,Heavy rain reducing visibility and grip - reduced speed and longer buffer advised
EVT410719,2025-11-30 08:49:14,Local Market Day,J009,Majestic,4397,Weekend,False,Clear,False,0.0,False,False,0.823,Severe,13.7,59.4,310.7,0.158,0.364,0.936,Heavy congestion detected - signal timing extended and reroute suggested
EVT410720,2026-04-07 20:48:46,Local Market Day,J040,City Market,4026,Weekday,False,Clear,False,0.0,False,False,0.471,Moderate,29.1,38.8,206.2,0.187,0.433,0.99,Moderate traffic flow - standard adaptive signal timing in effect
EVT410721,2026-03-14 11:10:19,Concert,J020,Malleshwaram Circle,17348,Weekend,False,Light Rain,True,5.0,False,False,0.594,High,25.1,42.3,190.4,0.157,0.362,0.928,Heavy rain reducing visibility and grip - reduced speed and longer buffer advised
EVT410722,2026-05-25 20:37:05,Local Market Day,J012,Koramangala Sony World,3657,Weekday,False,Rain,True,18.3,False,False,0.659,High,15.3,44.0,249.1,0.115,0.266,0.913,Heavy rain reducing visibility and grip - reduced speed and longer buffer advised
EVT410723,2026-02-22 18:18:40,Sports Fixture,J023,Basavanagudi,13728,Weekend,False,Clear,False,0.0,False,False,0.967,Severe,10.2,75.3,632.7,0.25,0.578,0.928,Heavy congestion detected - signal timing extended and reroute suggested
EVT410724,2025-08-02 12:03:12,Political Rally,J030,MG Road,18590,Weekend,False,Clear,False,0.0,False,False,0.438,Moderate,29.0,34.6,146.2,0.133,0.308,0.97,Moderate traffic flow - standard adaptive signal timing in effect
EVT410725,2025-05-25 17:11:12,Concert,J020,Malleshwaram Circle,21080,Weekend,False,Rain,True,8.0,False,False,0.948,Severe,10.0,67.5,726.9,0.298,0.687,0.883,Heavy rain reducing visibility and grip - reduced speed and longer buffer advised
EVT410726,2025-06-21 06:07:15,Local Market Day,J023,Basavanagudi,4332,Weekend,False,Rain,True,19.2,False,False,0.54,Moderate,18.1,37.2,274.9,0.167,0.386,0.916,Light rain detected - minor speed reduction advised
EVT410727,2025-04-27 18:01:40,Concert,J011,Indiranagar 100ft Road,11941,Weekend,False,Clear,False,0.0,False,False,0.857,Severe,14.1,60.9,351.0,0.17,0.393,0.949,Heavy congestion detected - signal timing extended and reroute suggested
EVT410728,2025-05-26 18:43:59,Sports Fixture,J031,Cubbon Road,16167,Weekday,False,Clear,False,0.0,False,False,1.0,Severe,7.3,67.5,959.6,0.293,0.677,0.903,Heavy congestion detected - signal timing extended and reroute suggested
EVT410729,2025-02-18 09:01:38,Local Market Day,J020,Malleshwaram Circle,5204,Weekday,False,Fog,False,0.0,False,False,0.993,Severe,6.7,71.9,524.8,0.141,0.327,0.935,Heavy congestion detected - signal timing extended and reroute suggested
EVT410730,2025-10-28 00:59:47,Local Market Day,J011,Indiranagar 100ft Road,3832,Weekday,False,Clear,False,0.0,False,False,0.188,Low,43.1,11.6,102.6,0.114,0.263,0.987,Normal free-flow traffic - standard signal timing maintained
EVT410731,2026-04-08 16:14:18,Concert,J040,City Market,25268,Weekday,False,Clear,False,0.0,False,False,0.586,High,26.6,43.4,174.3,0.139,0.321,0.978,Moderate traffic flow - standard adaptive signal timing in effect
EVT410732,2026-06-04 16:12:21,Concert,J012,Koramangala Sony World,13948,Weekday,False,Light Rain,True,7.1,False,False,0.678,High,21.0,45.5,254.8,0.173,0.399,0.904,Heavy rain reducing visibility and grip - reduced speed and longer buffer advised
EVT410733,2025-04-11 08:05:41,Sports Fixture,J040,City Market,29501,Weekday,False,Clear,False,0.0,False,False,0.959,Severe,9.7,69.5,315.8,0.127,0.294,0.91,Heavy congestion detected - signal timing extended and reroute suggested
EVT410734,2025-04-19 15:56:55,Local Market Day,J012,Koramangala Sony World,5089,Weekend,False,Clear,False,0.0,False,False,0.402,Moderate,32.3,31.9,159.0,0.126,0.291,0.985,Moderate traffic flow - standard adaptive signal timing in effect
EVT410735,2026-01-25 06:37:04,Local Market Day,J031,Cubbon Road,6684,Weekend,False,Clear,False,0.0,False,False,0.441,Moderate,29.7,37.5,180.3,0.143,0.329,0.962,Moderate traffic flow - standard adaptive signal timing in effect
EVT410736,2026-02-02 10:17:55,Local Market Day,J020,Malleshwaram Circle,3784,Weekday,False,Clear,False,0.0,False,False,0.637,High,18.9,47.2,289.1,0.179,0.413,0.967,Moderate traffic flow - standard adaptive signal timing in effect
EVT410737,2026-03-05 19:59:57,Religious Festival,J023,Basavanagudi,44871,Weekday,True,Clear,False,0.0,False,True,1.0,Severe,9.7,115.3,546.1,0.218,0.503,0.82,Road closure for event/procession - full detour recommended for through-traffic
EVT410738,2025-02-28 17:23:49,Trade Fair,J011,Indiranagar 100ft Road,7559,Weekday,False,Clear,False,0.0,False,False,0.833,Severe,12.2,52.7,385.6,0.185,0.428,0.938,Heavy congestion detected - signal timing extended and reroute suggested
EVT410739,2026-01-22 16:46:50,Local Market Day,J030,MG Road,5496,Weekday,False,Clear,False,0.0,False,False,0.654,High,18.1,44.7,145.9,0.095,0.219,0.955,Moderate traffic flow - standard adaptive signal timing in effect
EVT410740,2025-01-18 16:18:23,Sports Fixture,J040,City Market,33448,Weekend,False,Clear,False,0.0,False,False,0.685,High,15.7,47.8,410.0,0.215,0.498,0.949,Moderate traffic flow - standard adaptive signal timing in effect
EVT410741,2025-03-20 17:56:56,Local Market Day,J009,Majestic,3596,Weekday,False,Fog,False,0.0,False,False,0.985,Severe,10.1,69.5,566.8,0.242,0.559,0.908,Heavy congestion detected - signal timing extended and reroute suggested
EVT410742,2026-02-26 13:49:25,Local Market Day,J009,Majestic,9239,Weekday,False,Fog,False,0.0,False,False,0.199,Low,37.2,14.8,128.3,0.121,0.281,0.963,Normal free-flow traffic - standard signal timing maintained
EVT410743,2025-09-08 23:10:45,Local Market Day,J030,MG Road,4526,Weekday,False,Clear,False,0.0,False,False,0.165,Low,26.9,17.1,227.0,0.164,0.379,0.932,Normal free-flow traffic - standard signal timing maintained
EVT410744,2025-02-21 17:06:06,Concert,J040,City Market,12689,Weekday,False,Clear,False,0.0,False,False,0.76,Severe,20.6,56.2,207.7,0.122,0.281,0.95,Heavy congestion detected - signal timing extended and reroute suggested
EVT410745,2026-04-03 13:48:25,Concert,J040,City Market,10348,Weekday,False,Clear,False,0.0,False,False,0.194,Low,40.0,15.1,137.7,0.137,0.317,0.964,Normal free-flow traffic - standard signal timing maintained
EVT410746,2025-09-01 18:05:15,Local Market Day,J031,Cubbon Road,2340,Weekday,False,Rain,True,24.7,False,False,1.0,Severe,7.1,73.4,865.2,0.259,0.597,0.891,Heavy rain reducing visibility and grip - reduced speed and longer buffer advised
EVT410747,2025-09-16 19:04:27,Concert,J020,Malleshwaram Circle,13473,Weekday,False,Clear,False,0.0,False,False,0.982,Severe,10.5,69.5,400.4,0.159,0.368,0.901,Heavy congestion detected - signal timing extended and reroute suggested
EVT410748,2025-09-26 05:55:06,Trade Fair,J020,Malleshwaram Circle,7082,Weekday,False,Heavy Rain,True,40.9,False,False,0.69,High,19.0,50.8,182.8,0.105,0.243,0.939,Heavy rain reducing visibility and grip - reduced speed and longer buffer advised
EVT410749,2025-09-27 20:29:57,Sports Fixture,J030,MG Road,14314,Weekend,False,Clear,False,0.0,False,False,0.662,High,21.3,45.1,210.5,0.134,0.309,0.955,Moderate traffic flow - standard adaptive signal timing in effect
EVT410750,2025-08-05 15:56:56,Political Rally,J020,Malleshwaram Circle,12876,Weekday,False,Heavy Rain,True,32.1,False,False,0.826,Severe,13.9,60.5,439.6,0.202,0.466,0.876,Heavy rain reducing visibility and grip - reduced speed and longer buffer advised
EVT410751,2026-05-05 20:45:29,Sports Fixture,J012,Koramangala Sony World,17202,Weekday,False,Clear,False,0.0,False,False,0.636,High,23.0,51.7,149.3,0.107,0.247,0.954,Moderate traffic flow - standard adaptive signal timing in effect
EVT410752,2026-02-09 16:27:44,Sports Fixture,J023,Basavanagudi,17980,Weekday,False,Clear,False,0.0,False,False,0.628,High,19.2,49.4,278.5,0.176,0.406,0.99,Moderate traffic flow - standard adaptive signal timing in effect
EVT410753,2025-10-29 08:00:02,Sports Fixture,J040,City Market,23631,Weekday,False,Clear,False,0.0,False,False,0.914,Severe,10.1,60.5,588.9,0.253,0.584,0.942,Heavy congestion detected - signal timing extended and reroute suggested
EVT410754,2025-08-10 07:23:32,Concert,J030,MG Road,16079,Weekend,False,Heavy Rain,True,42.6,False,False,0.986,Severe,10.3,74.1,494.9,0.204,0.472,0.861,Heavy rain reducing visibility and grip - reduced speed and longer buffer advised
EVT410755,2025-08-13 09:53:44,Sports Fixture,J011,Indiranagar 100ft Road,21932,Weekday,False,Heavy Rain,True,34.4,False,False,1.0,Severe,10.0,77.3,714.2,0.283,0.653,0.883,Heavy rain reducing visibility and grip - reduced speed and longer buffer advised
EVT410756,2025-01-10 20:45:12,Local Market Day,J011,Indiranagar 100ft Road,5117,Weekday,False,Clear,False,0.0,False,False,0.449,Moderate,26.0,29.8,236.6,0.183,0.423,0.946,Moderate traffic flow - standard adaptive signal timing in effect
EVT410757,2025-10-19 15:52:42,Sports Fixture,J031,Cubbon Road,15010,Weekend,False,Clear,False,0.0,False,False,0.449,Moderate,25.5,28.3,108.7,0.083,0.192,0.99,Moderate traffic flow - standard adaptive signal timing in effect
EVT410758,2025-05-21 07:28:17,Sports Fixture,J030,MG Road,24479,Weekday,False,Clear,False,0.0,False,False,0.731,High,18.8,50.9,160.3,0.1,0.23,0.965,Moderate traffic flow - standard adaptive signal timing in effect
EVT410759,2025-12-09 10:12:53,Sports Fixture,J020,Malleshwaram Circle,19122,Weekday,False,Clear,False,0.0,False,False,0.798,Severe,15.0,59.2,232.0,0.13,0.299,0.954,Heavy congestion detected - signal timing extended and reroute suggested
EVT410760,2025-12-07 11:10:10,Local Market Day,J009,Majestic,5012,Weekend,False,Clear,False,0.0,False,False,0.348,Low,32.8,25.6,145.0,0.117,0.271,0.988,Moderate traffic flow - standard adaptive signal timing in effect
EVT410761,2025-12-20 20:05:09,Concert,J030,MG Road,14107,Weekend,False,Fog,False,0.0,False,False,0.638,High,19.7,46.0,135.4,0.088,0.204,0.938,Moderate traffic flow - standard adaptive signal timing in effect
EVT410762,2026-06-07 22:59:53,Concert,J023,Basavanagudi,11530,Weekend,False,Heavy Rain,True,40.0,False,False,0.603,High,22.5,45.7,267.5,0.193,0.447,0.905,Heavy rain reducing visibility and grip - reduced speed and longer buffer advised
EVT410763,2025-08-06 07:04:35,Concert,J020,Malleshwaram Circle,8057,Weekday,False,Clear,False,0.0,False,False,0.508,Moderate,22.9,39.5,260.3,0.164,0.379,0.973,Moderate traffic flow - standard adaptive signal timing in effect
EVT410764,2026-05-06 18:12:03,Sports Fixture,J012,Koramangala Sony World,15604,Weekday,False,Clear,False,0.0,False,False,1.0,Severe,7.2,73.7,296.1,0.104,0.241,0.898,Heavy congestion detected - signal timing extended and reroute suggested
EVT410765,2025-05-24 09:40:34,Political Rally,J020,Malleshwaram Circle,17313,Weekend,False,Clear,False,0.0,False,False,0.853,Severe,14.4,58.4,409.2,0.218,0.504,0.94,Heavy congestion detected - signal timing extended and reroute suggested
EVT410766,2026-03-15 13:32:03,Political Rally,J012,Koramangala Sony World,10524,Weekend,False,Clear,False,0.0,False,False,0.273,Low,34.6,23.0,149.6,0.142,0.329,0.977,Moderate traffic flow - standard adaptive signal timing in effect
EVT410767,2025-11-10 07:40:48,Concert,J040,City Market,13517,Weekday,False,Clear,False,0.0,False,False,0.683,High,14.9,50.6,194.0,0.104,0.241,0.97,Moderate traffic flow - standard adaptive signal timing in effect
EVT410768,2025-11-22 09:30:33,Local Market Day,J020,Malleshwaram Circle,2013,Weekend,False,Clear,False,0.0,False,False,0.846,Severe,13.5,60.3,338.7,0.161,0.371,0.955,Heavy congestion detected - signal timing extended and reroute suggested
EVT410769,2025-05-26 06:25:18,Sports Fixture,J023,Basavanagudi,31093,Weekday,False,Rain,True,14.6,False,False,0.567,High,21.8,44.4,196.2,0.129,0.298,0.939,Heavy rain reducing visibility and grip - reduced speed and longer buffer advised
EVT410770,2025-08-17 05:06:05,Local Market Day,J031,Cubbon Road,3727,Weekend,False,Clear,False,0.0,False,False,0.294,Low,28.3,20.2,267.0,0.217,0.5,0.957,Moderate traffic flow - standard adaptive signal timing in effect
EVT410771,2026-04-02 17:32:18,Political Rally,J031,Cubbon Road,10127,Weekday,False,Clear,False,0.0,False,False,0.92,Severe,11.8,71.3,419.1,0.186,0.43,0.948,Heavy congestion detected - signal timing extended and reroute suggested
EVT410772,2026-02-13 07:44:35,Local Market Day,J030,MG Road,2036,Weekday,False,Clear,False,0.0,False,False,0.748,High,19.8,57.5,318.9,0.21,0.484,0.966,Moderate traffic flow - standard adaptive signal timing in effect
EVT410773,2025-05-01 18:23:23,Religious Festival,J023,Basavanagudi,81538,Weekday,True,Fog,False,0.0,False,True,1.0,Severe,9.5,96.8,445.3,0.186,0.431,0.822,Road closure for event/procession - full detour recommended for through-traffic
EVT410774,2025-01-07 18:19:28,Local Market Day,J012,Koramangala Sony World,5172,Weekday,False,Clear,False,0.0,False,False,1.0,Severe,7.3,66.4,600.1,0.2,0.462,0.93,Heavy congestion detected - signal timing extended and reroute suggested
EVT410775,2025-07-17 20:03:41,Sports Fixture,J011,Indiranagar 100ft Road,16968,Weekday,False,Clear,False,0.0,False,False,0.777,Severe,13.5,54.2,468.0,0.22,0.507,0.933,Heavy congestion detected - signal timing extended and reroute suggested
EVT410776,2025-01-04 20:12:07,Political Rally,J031,Cubbon Road,14587,Weekend,False,Clear,False,0.0,False,False,0.632,High,21.0,48.6,224.9,0.155,0.358,0.965,Moderate traffic flow - standard adaptive signal timing in effect
EVT410777,2025-03-20 08:41:02,Local Market Day,J023,Basavanagudi,3574,Weekday,False,Clear,False,0.0,False,False,0.961,Severe,8.9,70.5,471.2,0.174,0.403,0.921,Heavy congestion detected - signal timing extended and reroute suggested
EVT410778,2025-06-05 12:30:09,Trade Fair,J009,Majestic,8658,Weekday,False,Clear,False,0.0,False,False,0.376,Moderate,31.6,27.3,144.9,0.117,0.27,0.978,Moderate traffic flow - standard adaptive signal timing in effect
EVT410779,2025-04-28 09:41:45,Sports Fixture,J030,MG Road,29401,Weekday,False,Clear,False,0.0,False,False,1.0,Severe,9.5,72.0,367.5,0.162,0.375,0.896,Heavy congestion detected - signal timing extended and reroute suggested
EVT410780,2025-10-05 08:16:02,Concert,J011,Indiranagar 100ft Road,7628,Weekend,False,Clear,False,0.0,False,False,0.758,Severe,17.4,56.5,206.9,0.129,0.299,0.934,Heavy congestion detected - signal timing extended and reroute suggested
EVT410781,2025-05-05 10:31:16,Local Market Day,J011,Indiranagar 100ft Road,3826,Weekday,False,Rain,True,9.7,False,False,0.696,High,16.5,46.7,301.6,0.184,0.425,0.913,Heavy rain reducing visibility and grip - reduced speed and longer buffer advised
EVT410782,2025-12-03 14:40:26,Local Market Day,J040,City Market,3850,Weekday,False,Clear,False,0.0,False,False,0.216,Low,28.3,19.2,159.4,0.111,0.256,0.963,Normal free-flow traffic - standard signal timing maintained
EVT410783,2025-10-10 08:30:03,Sports Fixture,J023,Basavanagudi,19409,Weekday,False,Clear,False,0.0,False,False,1.0,Severe,9.8,74.5,509.7,0.211,0.487,0.911,Heavy congestion detected - signal timing extended and reroute suggested
EVT410784,2025-12-25 08:11:54,Religious Festival,J020,Malleshwaram Circle,37058,Weekday,True,Clear,False,0.0,False,True,1.0,Severe,8.7,106.2,737.3,0.263,0.608,0.845,Road closure for event/procession - full detour recommended for through-traffic
EVT410785,2026-06-16 07:15:37,Concert,J011,Indiranagar 100ft Road,16144,Weekday,False,Clear,False,0.0,False,False,0.639,High,25.6,45.9,224.3,0.182,0.421,0.975,Moderate traffic flow - standard adaptive signal timing in effect
EVT410786,2026-03-04 11:45:46,Religious Festival,J031,Cubbon Road,69036,Weekday,True,Clear,False,0.0,False,True,0.988,Severe,9.4,105.4,358.9,0.163,0.377,0.796,Road closure for event/procession - full detour recommended for through-traffic
EVT410787,2025-11-08 13:15:22,Local Market Day,J020,Malleshwaram Circle,2617,Weekend,False,Clear,False,0.0,False,False,0.241,Low,33.4,19.5,127.4,0.104,0.241,0.97,Normal free-flow traffic - standard signal timing maintained
EVT410788,2025-06-04 10:24:06,Local Market Day,J030,MG Road,2766,Weekday,False,Heavy Rain,True,44.5,False,False,1.0,Severe,9.1,71.1,527.4,0.194,0.448,0.876,Heavy rain reducing visibility and grip - reduced speed and longer buffer advised
EVT410789,2026-01-08 10:58:07,Trade Fair,J020,Malleshwaram Circle,6187,Weekday,False,Clear,False,0.0,False,False,0.55,High,17.4,41.9,191.2,0.096,0.221,0.955,Moderate traffic flow - standard adaptive signal timing in effect
EVT410790,2025-04-28 10:05:19,Trade Fair,J009,Majestic,9293,Weekday,False,Clear,False,0.0,False,False,0.814,Severe,13.5,57.2,311.4,0.154,0.356,0.937,Heavy congestion detected - signal timing extended and reroute suggested
EVT410791,2026-06-06 19:19:23,Political Rally,J009,Majestic,15592,Weekend,False,Clear,False,0.0,False,False,0.815,Severe,19.3,58.3,269.2,0.192,0.443,0.972,Heavy congestion detected - signal timing extended and reroute suggested
EVT410792,2025-03-19 16:02:06,Local Market Day,J012,Koramangala Sony World,4749,Weekday,False,Clear,False,0.0,False,False,0.44,Moderate,20.6,32.5,218.9,0.143,0.33,0.976,Moderate traffic flow - standard adaptive signal timing in effect
EVT410793,2025-10-02 16:23:03,Cultural Procession,J020,Malleshwaram Circle,25324,Weekday,True,Clear,False,0.0,False,False,0.88,Severe,13.5,61.8,237.2,0.126,0.292,0.909,Festival crowd surge detected - alternate route and extended cycle recommended
EVT410794,2025-11-22 09:39:19,Sports Fixture,J023,Basavanagudi,39792,Weekend,False,Clear,False,0.0,False,False,1.0,Severe,9.1,71.8,254.0,0.112,0.259,0.89,Heavy congestion detected - signal timing extended and reroute suggested
EVT410795,2025-11-16 13:23:54,Concert,J012,Koramangala Sony World,18384,Weekend,False,Clear,False,0.0,False,False,0.373,Moderate,24.4,35.4,184.1,0.126,0.291,0.963,Moderate traffic flow - standard adaptive signal timing in effect
EVT410796,2025-01-06 19:57:24,Sports Fixture,J031,Cubbon Road,22019,Weekday,False,Clear,False,0.0,False,False,0.884,Severe,15.1,61.8,454.4,0.258,0.596,0.911,Heavy congestion detected - signal timing extended and reroute suggested
EVT410797,2025-09-08 17:33:44,Trade Fair,J020,Malleshwaram Circle,6588,Weekday,False,Heavy Rain,True,33.2,False,False,1.0,Severe,9.5,73.8,712.8,0.264,0.61,0.836,Heavy rain reducing visibility and grip - reduced speed and longer buffer advised
EVT410798,2025-05-30 13:46:27,Concert,J011,Indiranagar 100ft Road,13630,Weekday,False,Clear,False,0.0,False,False,0.335,Low,32.0,23.9,184.9,0.158,0.366,0.961,Moderate traffic flow - standard adaptive signal timing in effect
EVT410799,2026-05-11 20:37:52,Local Market Day,J040,City Market,7641,Weekday,False,Clear,False,0.0,False,False,0.566,High,26.1,41.4,169.6,0.134,0.31,0.955,Moderate traffic flow - standard adaptive signal timing in effect
EVT410800,2025-12-29 07:15:23,Concert,J023,Basavanagudi,5596,Weekday,False,Light Rain,True,0.7,False,False,0.552,High,26.2,39.4,149.5,0.115,0.265,0.91,Heavy rain reducing visibility and grip - reduced speed and longer buffer advised
EVT410801,2025-02-14 09:16:12,Local Market Day,J040,City Market,4723,Weekday,False,Clear,False,0.0,False,False,1.0,Severe,9.5,73.3,540.0,0.208,0.48,0.913,Heavy congestion detected - signal timing extended and reroute suggested
EVT410802,2025-08-11 07:23:52,Sports Fixture,J040,City Market,20016,Weekday,False,Clear,False,0.0,False,False,0.752,Severe,20.4,55.9,289.4,0.18,0.416,0.97,Heavy congestion detected - signal timing extended and reroute suggested
EVT410803,2025-06-10 17:15:26,Local Market Day,J030,MG Road,5392,Weekday,False,Heavy Rain,True,39.3,False,False,1.0,Severe,7.9,72.5,1038.3,0.316,0.729,0.865,Heavy rain reducing visibility and grip - reduced speed and longer buffer advised
EVT410804,2025-04-15 10:39:53,Cultural Procession,J012,Koramangala Sony World,8349,Weekday,True,Rain,True,10.2,False,True,1.0,Severe,6.8,97.1,368.0,0.115,0.266,0.791,Road closure for event/procession - full detour recommended for through-traffic
EVT410805,2026-03-21 23:15:53,Local Market Day,J009,Majestic,3269,Weekend,False,Clear,False,0.0,False,False,0.145,Low,45.4,10.8,111.7,0.13,0.301,0.967,Normal free-flow traffic - standard signal timing maintained
EVT410806,2025-11-07 17:27:59,Trade Fair,J023,Basavanagudi,6118,Weekday,False,Fog,False,0.0,False,False,0.918,Severe,8.1,71.4,370.8,0.142,0.328,0.941,Heavy congestion detected - signal timing extended and reroute suggested
EVT410807,2025-04-23 17:46:08,Local Market Day,J031,Cubbon Road,4280,Weekday,False,Rain,True,13.4,False,False,1.0,Severe,10.7,68.1,233.7,0.103,0.237,0.879,Heavy rain reducing visibility and grip - reduced speed and longer buffer advised
EVT410808,2025-07-07 15:56:10,Concert,J030,MG Road,12516,Weekday,False,Light Rain,True,7.3,False,False,0.55,Moderate,22.8,38.8,124.7,0.075,0.174,0.928,Light rain detected - minor speed reduction advised
EVT410809,2025-11-28 18:50:38,Sports Fixture,J031,Cubbon Road,16716,Weekday,False,Fog,False,0.0,False,False,1.0,Severe,9.0,70.1,499.2,0.195,0.45,0.914,Heavy congestion detected - signal timing extended and reroute suggested
EVT410810,2026-03-19 17:39:16,Religious Festival,J011,Indiranagar 100ft Road,42860,Weekday,True,Clear,False,0.0,False,True,1.0,Severe,8.4,97.4,679.5,0.254,0.587,0.821,Road closure for event/procession - full detour recommended for through-traffic
EVT410811,2025-12-01 16:27:06,Trade Fair,J012,Koramangala Sony World,4736,Weekday,False,Clear,False,0.0,False,False,0.589,High,25.0,42.9,271.7,0.221,0.51,0.965,Moderate traffic flow - standard adaptive signal timing in effect
EVT410812,2025-10-01 23:50:41,Trade Fair,J030,MG Road,14067,Weekday,False,Clear,False,0.0,False,False,0.204,Low,37.5,11.8,69.7,0.062,0.142,0.975,Normal free-flow traffic - standard signal timing maintained
EVT410813,2025-02-17 08:07:00,Political Rally,J009,Majestic,29449,Weekday,False,Clear,False,0.0,False,False,1.0,Severe,9.7,69.3,598.8,0.23,0.532,0.914,Heavy congestion detected - signal timing extended and reroute suggested
EVT410814,2025-01-06 07:41:15,Political Rally,J040,City Market,20006,Weekday,False,Clear,False,0.0,False,False,0.789,Severe,17.8,54.5,150.6,0.089,0.206,0.949,Heavy congestion detected - signal timing extended and reroute suggested
EVT410815,2025-07-11 08:13:14,Sports Fixture,J031,Cubbon Road,12227,Weekday,False,Clear,False,0.0,False,False,0.924,Severe,9.5,65.0,455.8,0.191,0.441,0.917,Heavy congestion detected - signal timing extended and reroute suggested
EVT410816,2025-02-09 10:36:11,Trade Fair,J009,Majestic,6933,Weekend,False,Clear,False,0.0,False,False,0.49,Moderate,22.7,33.8,305.8,0.238,0.55,0.964,Moderate traffic flow - standard adaptive signal timing in effect
EVT410817,2025-03-26 20:31:47,Sports Fixture,J012,Koramangala Sony World,25737,Weekday,False,Clear,False,0.0,False,False,0.684,High,19.9,50.5,233.9,0.153,0.354,0.955,Moderate traffic flow - standard adaptive signal timing in effect
EVT410818,2026-05-07 11:19:20,Local Market Day,J020,Malleshwaram Circle,4656,Weekday,False,Fog,False,0.0,False,False,0.267,Low,38.5,17.5,134.0,0.147,0.339,0.973,Moderate traffic flow - standard adaptive signal timing in effect
EVT410819,2025-04-24 07:55:09,Political Rally,J012,Koramangala Sony World,17117,Weekday,False,Clear,False,0.0,False,False,0.937,Severe,8.9,67.5,463.3,0.179,0.413,0.928,Heavy congestion detected - signal timing extended and reroute suggested
EVT410820,2025-04-19 18:31:39,Local Market Day,J031,Cubbon Road,5672,Weekend,False,Clear,False,0.0,False,False,0.812,Severe,11.8,57.5,275.9,0.121,0.28,0.949,Heavy congestion detected - signal timing extended and reroute suggested
EVT410821,2025-10-16 06:33:19,Sports Fixture,J012,Koramangala Sony World,23206,Weekday,False,Fog,False,0.0,False,False,0.412,Moderate,27.8,31.6,214.0,0.167,0.386,0.951,Moderate traffic flow - standard adaptive signal timing in effect
EVT410822,2025-04-28 16:59:38,Local Market Day,J009,Majestic,4607,Weekday,False,Clear,False,0.0,False,False,0.687,High,17.2,51.7,298.4,0.179,0.414,0.955,Moderate traffic flow - standard adaptive signal timing in effect
EVT410823,2025-06-27 08:13:57,Local Market Day,J031,Cubbon Road,3980,Weekday,False,Clear,False,0.0,False,False,0.903,Severe,12.6,64.1,570.6,0.265,0.611,0.947,Heavy congestion detected - signal timing extended and reroute suggested
EVT410824,2026-05-26 20:14:23,Political Rally,J020,Malleshwaram Circle,30592,Weekday,False,Clear,False,0.0,False,False,0.827,Severe,11.2,56.7,372.7,0.138,0.319,0.968,Heavy congestion detected - signal timing extended and reroute suggested
EVT410825,2026-06-19 08:37:36,Concert,J030,MG Road,10406,Weekday,False,Clear,False,0.0,False,False,1.0,Severe,6.4,68.3,713.1,0.187,0.431,0.895,Heavy congestion detected - signal timing extended and reroute suggested
EVT410826,2026-05-16 13:26:41,Local Market Day,J040,City Market,4546,Weekend,False,Clear,False,0.0,False,False,0.292,Low,29.1,22.6,173.3,0.129,0.297,0.951,Moderate traffic flow - standard adaptive signal timing in effect
EVT410827,2025-02-25 09:37:33,Sports Fixture,J040,City Market,27997,Weekday,False,Clear,False,0.0,False,False,1.0,Severe,7.0,74.7,525.0,0.158,0.365,0.887,Heavy congestion detected - signal timing extended and reroute suggested
EVT410828,2025-03-16 22:45:50,Concert,J040,City Market,17038,Weekend,False,Clear,False,0.0,False,False,0.407,Moderate,29.4,32.2,114.7,0.098,0.226,0.937,Moderate traffic flow - standard adaptive signal timing in effect
EVT410829,2025-06-19 14:25:18,Sports Fixture,J040,City Market,27005,Weekday,False,Light Rain,True,3.4,False,False,0.452,Moderate,24.2,29.3,219.3,0.151,0.348,0.907,Light rain detected - minor speed reduction advised
EVT410830,2025-12-06 23:56:18,Concert,J040,City Market,13014,Weekend,False,Light Rain,True,7.3,False,False,0.375,Moderate,25.0,27.8,223.0,0.163,0.375,0.897,Light rain detected - minor speed reduction advised
EVT410831,2026-04-20 17:29:14,Concert,J040,City Market,12435,Weekday,False,Clear,False,0.0,False,False,0.887,Severe,13.1,62.5,520.9,0.259,0.599,0.947,Heavy congestion detected - signal timing extended and reroute suggested
EVT410832,2025-06-18 09:05:59,Concert,J011,Indiranagar 100ft Road,10004,Weekday,False,Rain,True,17.1,False,False,1.0,Severe,8.9,65.5,499.3,0.199,0.46,0.867,Heavy rain reducing visibility and grip - reduced speed and longer buffer advised
EVT410833,2025-04-07 17:48:21,Cultural Procession,J030,MG Road,21082,Weekday,True,Clear,False,0.0,False,True,1.0,Severe,6.6,101.5,817.4,0.221,0.511,0.845,Road closure for event/procession - full detour recommended for through-traffic
EVT410834,2025-03-16 14:02:50,Trade Fair,J023,Basavanagudi,8121,Weekend,False,Clear,False,0.0,False,False,0.272,Low,29.3,20.0,164.8,0.138,0.318,0.965,Moderate traffic flow - standard adaptive signal timing in effect
EVT410835,2025-05-12 21:37:20,Trade Fair,J040,City Market,9932,Weekday,False,Clear,False,0.0,False,False,0.409,Moderate,32.9,20.8,138.5,0.115,0.267,0.976,Moderate traffic flow - standard adaptive signal timing in effect
EVT410836,2025-05-08 13:34:05,Local Market Day,J023,Basavanagudi,3291,Weekday,False,Rain,True,16.5,False,False,0.218,Low,30.8,11.7,168.8,0.132,0.306,0.942,Light rain detected - minor speed reduction advised
EVT410837,2025-05-17 14:50:18,Local Market Day,J009,Majestic,5518,Weekend,False,Clear,False,0.0,False,False,0.305,Low,30.2,27.1,143.2,0.096,0.221,0.964,Moderate traffic flow - standard adaptive signal timing in effect
EVT410838,2025-05-31 20:37:28,Concert,J009,Majestic,25329,Weekend,False,Clear,False,0.0,False,False,0.732,High,12.7,54.8,396.6,0.193,0.446,0.962,Moderate traffic flow - standard adaptive signal timing in effect
EVT410839,2025-02-09 17:30:35,Concert,J023,Basavanagudi,11925,Weekend,False,Clear,False,0.0,False,False,0.776,Severe,16.9,50.5,175.5,0.104,0.24,0.961,Heavy congestion detected - signal timing extended and reroute suggested
EVT410840,2026-06-21 14:58:18,Sports Fixture,J011,Indiranagar 100ft Road,24667,Weekend,False,Fog,False,0.0,False,False,0.421,Moderate,25.6,30.9,177.3,0.105,0.243,0.939,Moderate traffic flow - standard adaptive signal timing in effect
EVT410841,2025-05-14 09:09:56,Trade Fair,J030,MG Road,6094,Weekday,False,Clear,False,0.0,False,False,1.0,Severe,11.1,73.5,163.5,0.085,0.197,0.916,Heavy congestion detected - signal timing extended and reroute suggested
EVT410842,2025-08-17 09:41:31,Local Market Day,J012,Koramangala Sony World,5175,Weekend,False,Rain,True,15.3,False,False,0.968,Severe,10.7,66.1,596.1,0.249,0.576,0.897,Heavy rain reducing visibility and grip - reduced speed and longer buffer advised
EVT410843,2025-06-18 15:38:45,Sports Fixture,J011,Indiranagar 100ft Road,26160,Weekday,False,Rain,True,22.3,False,False,0.724,High,15.9,54.9,190.0,0.082,0.189,0.923,Heavy rain reducing visibility and grip - reduced speed and longer buffer advised
EVT410844,2025-01-08 11:36:37,Trade Fair,J012,Koramangala Sony World,5966,Weekday,False,Clear,False,0.0,False,False,0.32,Low,29.6,27.4,87.4,0.076,0.174,0.964,Moderate traffic flow - standard adaptive signal timing in effect
EVT410845,2025-02-10 18:43:37,Sports Fixture,J023,Basavanagudi,27506,Weekday,False,Fog,False,0.0,False,False,1.0,Severe,8.7,74.1,593.6,0.218,0.504,0.914,Heavy congestion detected - signal timing extended and reroute suggested
EVT410846,2025-10-18 13:38:06,Political Rally,J030,MG Road,17270,Weekend,False,Rain,True,8.6,False,False,0.525,Moderate,25.1,34.7,321.7,0.243,0.56,0.911,Light rain detected - minor speed reduction advised
EVT410847,2026-01-21 18:57:16,Concert,J020,Malleshwaram Circle,10713,Weekday,False,Fog,False,0.0,False,False,0.96,Severe,9.4,61.2,797.2,0.287,0.663,0.91,Heavy congestion detected - signal timing extended and reroute suggested
EVT410848,2025-06-17 17:18:27,Sports Fixture,J009,Majestic,22749,Weekday,False,Clear,False,0.0,False,False,0.928,Severe,13.0,64.0,262.6,0.126,0.29,0.917,Heavy congestion detected - signal timing extended and reroute suggested
EVT410849,2026-02-14 21:54:18,Political Rally,J023,Basavanagudi,16848,Weekend,False,Clear,False,0.0,False,False,0.41,Moderate,25.9,27.9,82.1,0.063,0.146,0.979,Moderate traffic flow - standard adaptive signal timing in effect
EVT410850,2025-02-20 18:52:38,Local Market Day,J023,Basavanagudi,5072,Weekday,False,Clear,False,0.0,False,False,0.959,Severe,8.1,66.7,766.5,0.234,0.54,0.918,Heavy congestion detected - signal timing extended and reroute suggested
EVT410851,2025-02-08 05:10:37,Local Market Day,J011,Indiranagar 100ft Road,3227,Weekend,False,Clear,False,0.0,False,False,0.17,Low,29.9,6.1,136.9,0.103,0.238,0.962,Normal free-flow traffic - standard signal timing maintained
EVT410852,2025-10-25 19:58:14,Local Market Day,J040,City Market,3888,Weekend,False,Rain,True,16.0,False,False,0.817,Severe,15.0,55.9,353.0,0.192,0.443,0.904,Heavy rain reducing visibility and grip - reduced speed and longer buffer advised
EVT410853,2025-02-28 07:08:56,Local Market Day,J031,Cubbon Road,1808,Weekday,False,Clear,False,0.0,False,False,0.394,Moderate,24.3,32.6,248.3,0.147,0.34,0.944,Moderate traffic flow - standard adaptive signal timing in effect
EVT410854,2026-01-13 15:11:21,Sports Fixture,J040,City Market,24959,Weekday,False,Clear,False,0.0,False,False,0.404,Moderate,20.2,29.1,210.7,0.133,0.308,0.949,Moderate traffic flow - standard adaptive signal timing in effect
EVT410855,2026-03-21 17:36:38,Trade Fair,J040,City Market,15688,Weekend,False,Clear,False,0.0,False,False,0.839,Severe,15.8,58.6,275.8,0.159,0.367,0.943,Heavy congestion detected - signal timing extended and reroute suggested
EVT410856,2025-09-09 17:23:29,Trade Fair,J012,Koramangala Sony World,10722,Weekday,False,Rain,True,16.0,False,False,1.0,Severe,7.5,73.3,780.5,0.226,0.522,0.854,Heavy rain reducing visibility and grip - reduced speed and longer buffer advised
EVT410857,2025-08-30 17:19:09,Local Market Day,J009,Majestic,3645,Weekend,False,Heavy Rain,True,26.0,False,False,0.95,Severe,9.4,70.9,445.4,0.171,0.394,0.882,Heavy rain reducing visibility and grip - reduced speed and longer buffer advised
EVT410858,2025-11-23 16:19:47,Political Rally,J020,Malleshwaram Circle,12459,Weekend,False,Light Rain,True,2.5,False,False,0.597,High,22.7,41.4,174.9,0.129,0.298,0.892,Heavy rain reducing visibility and grip - reduced speed and longer buffer advised
EVT410859,2025-10-09 06:22:52,Concert,J040,City Market,10785,Weekday,False,Clear,False,0.0,False,False,0.24,Low,34.2,14.8,144.4,0.135,0.311,0.969,Normal free-flow traffic - standard signal timing maintained
EVT410860,2025-12-20 08:36:20,Local Market Day,J011,Indiranagar 100ft Road,3163,Weekend,False,Clear,False,0.0,False,False,0.891,Severe,11.9,65.0,162.2,0.064,0.148,0.92,Heavy congestion detected - signal timing extended and reroute suggested
EVT410861,2025-02-10 19:28:00,Concert,J009,Majestic,13783,Weekday,False,Clear,False,0.0,False,False,0.956,Severe,11.3,69.2,472.9,0.217,0.5,0.911,Heavy congestion detected - signal timing extended and reroute suggested
EVT410862,2026-04-12 16:37:18,Trade Fair,J009,Majestic,7491,Weekend,False,Clear,False,0.0,False,False,0.605,High,27.9,46.8,243.9,0.182,0.42,0.947,Moderate traffic flow - standard adaptive signal timing in effect
EVT410863,2025-06-15 08:16:42,Political Rally,J009,Majestic,15968,Weekend,False,Clear,False,0.0,False,False,0.798,Severe,17.2,61.3,320.2,0.192,0.442,0.942,Heavy congestion detected - signal timing extended and reroute suggested
EVT410864,2025-10-16 21:37:50,Political Rally,J023,Basavanagudi,20007,Weekday,False,Clear,False,0.0,False,False,0.444,Moderate,27.0,28.6,232.7,0.164,0.378,0.972,Moderate traffic flow - standard adaptive signal timing in effect
EVT410865,2025-09-20 08:44:21,Local Market Day,J011,Indiranagar 100ft Road,3650,Weekend,False,Heavy Rain,True,26.0,False,False,1.0,Severe,10.2,75.0,233.8,0.086,0.199,0.885,Heavy rain reducing visibility and grip - reduced speed and longer buffer advised
EVT410866,2025-03-23 15:46:48,Sports Fixture,J040,City Market,20030,Weekend,False,Light Rain,True,2.6,False,False,0.47,Moderate,22.4,30.9,190.4,0.126,0.292,0.91,Light rain detected - minor speed reduction advised
EVT410867,2025-03-20 09:28:35,Sports Fixture,J020,Malleshwaram Circle,20703,Weekday,False,Clear,False,0.0,False,False,1.0,Severe,8.7,73.0,557.2,0.23,0.53,0.916,Heavy congestion detected - signal timing extended and reroute suggested
EVT410868,2026-06-29 11:26:57,Concert,J040,City Market,11218,Weekday,False,Clear,False,0.0,False,False,0.39,Moderate,31.9,22.5,150.1,0.13,0.3,0.95,Moderate traffic flow - standard adaptive signal timing in effect
EVT410869,2025-08-18 21:15:53,Sports Fixture,J011,Indiranagar 100ft Road,10877,Weekday,False,Heavy Rain,True,34.8,False,False,0.721,High,18.1,49.1,271.2,0.171,0.395,0.932,Heavy rain reducing visibility and grip - reduced speed and longer buffer advised
EVT410870,2025-11-12 06:28:14,Sports Fixture,J030,MG Road,32455,Weekday,False,Light Rain,True,6.5,False,False,0.555,High,24.1,42.8,181.5,0.12,0.276,0.903,Heavy rain reducing visibility and grip - reduced speed and longer buffer advised
EVT410871,2025-01-13 22:58:05,Trade Fair,J040,City Market,11409,Weekday,False,Clear,False,0.0,False,False,0.168,Low,37.2,12.4,217.5,0.208,0.48,0.984,Normal free-flow traffic - standard signal timing maintained
EVT410872,2026-02-07 04:02:58,Trade Fair,J031,Cubbon Road,5874,Weekend,False,Clear,False,0.0,False,False,0.185,Low,41.0,12.7,86.7,0.09,0.209,0.921,Normal free-flow traffic - standard signal timing maintained
EVT410873,2025-11-29 08:48:40,Concert,J012,Koramangala Sony World,15224,Weekend,False,Clear,False,0.0,False,False,0.905,Severe,12.1,69.6,255.2,0.116,0.267,0.942,Heavy congestion detected - signal timing extended and reroute suggested
EVT410874,2025-04-08 17:35:04,Political Rally,J031,Cubbon Road,17491,Weekday,False,Clear,False,0.0,False,False,0.921,Severe,11.8,71.3,527.6,0.239,0.553,0.921,Heavy congestion detected - signal timing extended and reroute suggested
EVT410875,2025-05-22 18:40:58,Sports Fixture,J040,City Market,27859,Weekday,False,Clear,False,0.0,False,False,1.0,Severe,8.2,72.6,629.7,0.21,0.486,0.893,Heavy congestion detected - signal timing extended and reroute suggested
EVT410876,2025-01-29 10:12:31,Sports Fixture,J023,Basavanagudi,20006,Weekday,False,Clear,False,0.0,False,False,0.85,Severe,13.7,60.6,526.4,0.252,0.581,0.965,Heavy congestion detected - signal timing extended and reroute suggested
EVT410877,2026-03-27 09:13:37,Fireworks Display,J009,Majestic,23587,Weekday,True,Clear,False,0.0,False,False,1.0,Severe,7.9,78.5,529.2,0.175,0.404,0.883,Festival crowd surge detected - alternate route and extended cycle recommended
EVT410878,2025-05-30 08:29:55,Local Market Day,J023,Basavanagudi,5162,Weekday,False,Clear,False,0.0,False,False,0.988,Severe,8.9,67.3,508.7,0.165,0.382,0.92,Heavy congestion detected - signal timing extended and reroute suggested
EVT410879,2025-01-16 21:49:58,Local Market Day,J030,MG Road,5928,Weekday,False,Clear,False,0.0,False,False,0.25,Low,31.3,16.2,218.0,0.168,0.388,0.966,Normal free-flow traffic - standard signal timing maintained
EVT410880,2025-12-19 02:24:03,Concert,J031,Cubbon Road,5454,Weekday,False,Clear,False,0.0,True,False,0.596,High,24.1,41.4,121.6,0.097,0.224,0.817,Accident detected nearby - reroute and reduced speed advised
EVT410881,2025-01-31 07:24:37,Local Market Day,J020,Malleshwaram Circle,4448,Weekday,False,Clear,False,0.0,False,False,0.587,High,18.0,35.0,224.8,0.12,0.276,0.936,Moderate traffic flow - standard adaptive signal timing in effect
EVT410882,2025-04-05 18:05:13,Concert,J030,MG Road,12480,Weekend,False,Clear,False,0.0,False,False,0.891,Severe,13.7,68.8,408.4,0.202,0.466,0.928,Heavy congestion detected - signal timing extended and reroute suggested
EVT410883,2025-06-26 09:43:41,Trade Fair,J012,Koramangala Sony World,13193,Weekday,False,Clear,False,0.0,False,False,0.931,Severe,12.2,69.0,251.6,0.123,0.285,0.908,Heavy congestion detected - signal timing extended and reroute suggested
EVT410884,2025-12-06 19:50:45,Local Market Day,J020,Malleshwaram Circle,2053,Weekend,False,Clear,False,0.0,False,False,0.748,High,20.3,61.6,247.5,0.159,0.368,0.978,Moderate traffic flow - standard adaptive signal timing in effect
EVT410885,2025-07-08 09:56:07,Concert,J040,City Market,9510,Weekday,False,Heavy Rain,True,30.4,False,False,1.0,Severe,8.6,73.7,534.2,0.209,0.483,0.879,Heavy rain reducing visibility and grip - reduced speed and longer buffer advised
EVT410886,2025-09-10 12:07:01,Local Market Day,J030,MG Road,5728,Weekday,False,Clear,False,0.0,False,False,0.206,Low,38.9,13.3,187.8,0.193,0.446,0.977,Normal free-flow traffic - standard signal timing maintained
EVT410887,2025-02-18 19:09:36,Sports Fixture,J030,MG Road,19586,Weekday,False,Clear,False,0.0,False,False,0.984,Severe,7.9,71.3,733.3,0.238,0.549,0.902,Heavy congestion detected - signal timing extended and reroute suggested
EVT410888,2025-07-06 08:30:10,Trade Fair,J012,Koramangala Sony World,6748,Weekend,False,Clear,False,0.0,False,False,0.889,Severe,11.0,55.9,453.2,0.202,0.466,0.926,Heavy congestion detected - signal timing extended and reroute suggested
EVT410889,2026-05-11 10:09:56,Trade Fair,J030,MG Road,11765,Weekday,False,Heavy Rain,True,26.8,False,False,1.0,Severe,8.2,69.6,649.7,0.225,0.521,0.868,Heavy rain reducing visibility and grip - reduced speed and longer buffer advised
EVT410890,2025-11-27 10:25:24,Concert,J020,Malleshwaram Circle,8016,Weekday,False,Clear,False,0.0,False,False,0.692,High,18.4,46.1,291.0,0.166,0.384,0.922,Moderate traffic flow - standard adaptive signal timing in effect
EVT410891,2025-01-22 17:12:56,Trade Fair,J012,Koramangala Sony World,11758,Weekday,False,Clear,False,0.0,False,False,0.836,Severe,11.9,57.4,484.8,0.215,0.497,0.944,Heavy congestion detected - signal timing extended and reroute suggested
EVT410892,2026-02-13 06:04:36,Sports Fixture,J031,Cubbon Road,11027,Weekday,False,Clear,False,0.0,False,False,0.276,Low,29.9,17.6,119.1,0.099,0.228,0.955,Moderate traffic flow - standard adaptive signal timing in effect
EVT410893,2025-09-25 10:50:57,Sports Fixture,J009,Majestic,43789,Weekday,False,Rain,True,12.0,False,False,0.941,Severe,10.1,71.1,322.2,0.138,0.32,0.84,Heavy rain reducing visibility and grip - reduced speed and longer buffer advised
EVT410894,2025-03-29 06:24:17,Trade Fair,J012,Koramangala Sony World,7100,Weekend,False,Clear,False,0.0,False,False,0.22,Low,30.3,17.3,170.3,0.148,0.342,0.976,Normal free-flow traffic - standard signal timing maintained
EVT410895,2025-02-08 16:39:26,Trade Fair,J040,City Market,8736,Weekend,False,Light Rain,True,1.6,False,False,0.705,High,22.3,44.7,258.9,0.189,0.438,0.927,Heavy rain reducing visibility and grip - reduced speed and longer buffer advised
EVT410896,2025-01-16 20:01:53,Concert,J020,Malleshwaram Circle,11267,Weekday,False,Fog,False,0.0,False,False,0.712,High,17.1,52.1,163.6,0.073,0.17,0.958,Moderate traffic flow - standard adaptive signal timing in effect
EVT410897,2026-02-09 07:33:05,Sports Fixture,J011,Indiranagar 100ft Road,40641,Weekday,False,Clear,False,0.0,False,False,0.869,Severe,11.0,62.7,302.5,0.131,0.303,0.943,Heavy congestion detected - signal timing extended and reroute suggested
EVT410898,2025-06-09 08:46:46,Trade Fair,J023,Basavanagudi,7477,Weekday,False,Rain,True,18.5,False,False,1.0,Severe,8.6,71.0,301.6,0.131,0.303,0.874,Heavy rain reducing visibility and grip - reduced speed and longer buffer advised
EVT410899,2025-06-26 15:36:32,Local Market Day,J011,Indiranagar 100ft Road,3443,Weekday,False,Clear,False,0.0,False,False,0.316,Low,34.5,24.0,65.0,0.067,0.155,0.927,Moderate traffic flow - standard adaptive signal timing in effect
EVT410900,2025-07-05 14:53:24,Concert,J031,Cubbon Road,7331,Weekend,False,Clear,False,0.0,False,False,0.299,Low,26.8,26.0,115.5,0.09,0.208,0.953,Moderate traffic flow - standard adaptive signal timing in effect
EVT410901,2025-04-22 07:19:00,Local Market Day,J031,Cubbon Road,2455,Weekday,False,Clear,False,0.0,False,False,0.571,High,18.2,42.3,322.5,0.2,0.462,0.954,Moderate traffic flow - standard adaptive signal timing in effect
EVT410902,2026-04-18 20:24:35,Trade Fair,J030,MG Road,5880,Weekend,False,Clear,False,0.0,False,False,0.559,High,24.6,39.8,236.4,0.179,0.414,0.973,Moderate traffic flow - standard adaptive signal timing in effect
EVT410903,2026-01-06 19:00:51,Sports Fixture,J012,Koramangala Sony World,12844,Weekday,False,Clear,False,0.0,False,False,0.98,Severe,7.2,76.1,583.2,0.188,0.435,0.904,Heavy congestion detected - signal timing extended and reroute suggested
EVT410904,2025-07-28 06:24:16,Local Market Day,J030,MG Road,3938,Weekday,False,Clear,False,0.0,False,False,0.229,Low,36.6,16.7,107.2,0.107,0.248,0.937,Normal free-flow traffic - standard signal timing maintained
EVT410905,2025-02-11 20:55:02,Political Rally,J020,Malleshwaram Circle,31830,Weekday,False,Clear,False,0.0,False,False,0.536,Moderate,24.2,37.1,347.6,0.263,0.607,0.95,Moderate traffic flow - standard adaptive signal timing in effect
EVT410906,2025-02-03 08:04:36,Concert,J040,City Market,12202,Weekday,False,Clear,False,0.0,False,False,0.869,Severe,12.7,55.7,257.1,0.117,0.27,0.895,Heavy congestion detected - signal timing extended and reroute suggested
EVT410907,2025-06-17 20:02:05,Political Rally,J040,City Market,11445,Weekday,False,Heavy Rain,True,64.2,False,False,1.0,Severe,9.3,68.4,681.8,0.26,0.6,0.84,Heavy rain reducing visibility and grip - reduced speed and longer buffer advised
EVT410908,2025-01-25 11:59:05,Local Market Day,J020,Malleshwaram Circle,3762,Weekend,False,Clear,False,0.0,False,False,0.323,Low,28.2,24.0,214.3,0.178,0.41,0.99,Moderate traffic flow - standard adaptive signal timing in effect
EVT410909,2025-06-21 10:04:32,Local Market Day,J030,MG Road,2500,Weekend,False,Rain,True,20.0,False,False,0.882,Severe,12.2,69.3,281.3,0.132,0.306,0.887,Heavy rain reducing visibility and grip - reduced speed and longer buffer advised
EVT410910,2026-01-20 22:45:54,Trade Fair,J009,Majestic,7199,Weekday,False,Clear,False,0.0,False,False,0.214,Low,20.4,20.6,219.5,0.136,0.313,0.966,Normal free-flow traffic - standard signal timing maintained
EVT410911,2025-06-20 14:47:36,Sports Fixture,J031,Cubbon Road,14721,Weekday,False,Heavy Rain,True,44.9,False,False,0.652,High,20.4,46.6,142.7,0.095,0.219,0.941,Heavy rain reducing visibility and grip - reduced speed and longer buffer advised
EVT410912,2026-06-25 18:12:24,Local Market Day,J023,Basavanagudi,2662,Weekday,False,Clear,False,0.0,False,False,1.0,Severe,8.9,71.8,640.0,0.216,0.498,0.922,Heavy congestion detected - signal timing extended and reroute suggested
EVT410913,2026-01-12 17:40:34,Sports Fixture,J031,Cubbon Road,23864,Weekday,False,Clear,False,0.0,False,False,1.0,Severe,8.1,69.0,626.6,0.189,0.438,0.92,Heavy congestion detected - signal timing extended and reroute suggested
EVT410914,2025-09-12 07:13:00,Sports Fixture,J031,Cubbon Road,45314,Weekday,False,Clear,False,0.0,False,False,0.753,Severe,19.4,54.6,154.1,0.099,0.229,0.968,Heavy congestion detected - signal timing extended and reroute suggested
EVT410915,2025-07-11 09:23:28,Political Rally,J012,Koramangala Sony World,17556,Weekday,False,Rain,True,19.5,False,False,1.0,Severe,7.6,74.9,337.7,0.122,0.281,0.863,Heavy rain reducing visibility and grip - reduced speed and longer buffer advised
EVT410916,2026-02-18 08:16:28,Sports Fixture,J040,City Market,7954,Weekday,False,Clear,False,0.0,False,False,0.914,Severe,11.3,67.2,454.8,0.184,0.424,0.943,Heavy congestion detected - signal timing extended and reroute suggested
EVT410917,2025-11-08 17:42:46,Sports Fixture,J011,Indiranagar 100ft Road,28975,Weekend,False,Clear,False,0.0,False,False,0.993,Severe,9.6,70.6,312.6,0.12,0.277,0.922,Heavy congestion detected - signal timing extended and reroute suggested
EVT410918,2025-08-22 21:37:59,Political Rally,J023,Basavanagudi,13162,Weekday,False,Clear,False,0.0,False,False,0.351,Moderate,29.2,16.4,182.8,0.143,0.33,0.947,Moderate traffic flow - standard adaptive signal timing in effect
EVT410919,2026-02-13 11:14:04,Trade Fair,J023,Basavanagudi,8620,Weekday,False,Clear,False,0.0,False,False,0.385,Moderate,29.7,27.3,124.2,0.123,0.285,0.956,Moderate traffic flow - standard adaptive signal timing in effect
EVT410920,2025-12-27 15:29:47,Sports Fixture,J031,Cubbon Road,20695,Weekend,False,Clear,False,0.0,False,False,0.491,Moderate,24.0,41.6,315.7,0.21,0.486,0.94,Moderate traffic flow - standard adaptive signal timing in effect
EVT410921,2025-06-18 17:38:33,Sports Fixture,J012,Koramangala Sony World,9617,Weekday,False,Clear,False,0.0,False,False,0.864,Severe,11.1,57.9,548.7,0.222,0.513,0.95,Heavy congestion detected - signal timing extended and reroute suggested
EVT410922,2025-06-19 09:22:29,Sports Fixture,J023,Basavanagudi,24016,Weekday,False,Heavy Rain,True,64.4,False,False,1.0,Severe,9.8,71.9,464.9,0.178,0.41,0.883,Heavy rain reducing visibility and grip - reduced speed and longer buffer advised
EVT410923,2025-01-08 17:04:43,Local Market Day,J023,Basavanagudi,7312,Weekday,False,Clear,False,0.0,False,False,0.8,Severe,14.1,55.6,342.1,0.165,0.381,0.956,Heavy congestion detected - signal timing extended and reroute suggested
EVT410924,2026-04-19 20:25:28,Sports Fixture,J012,Koramangala Sony World,27807,Weekend,False,Clear,False,0.0,False,False,0.661,High,23.3,53.9,246.0,0.185,0.428,0.966,Moderate traffic flow - standard adaptive signal timing in effect
EVT410925,2025-06-09 12:53:08,Trade Fair,J012,Koramangala Sony World,8365,Weekday,False,Heavy Rain,True,51.3,False,False,0.591,High,18.7,43.4,195.4,0.12,0.277,0.933,Heavy rain reducing visibility and grip - reduced speed and longer buffer advised
EVT410926,2025-05-17 07:51:40,Local Market Day,J040,City Market,6194,Weekend,False,Clear,False,0.0,False,False,0.675,High,14.8,48.2,257.9,0.156,0.36,0.96,Moderate traffic flow - standard adaptive signal timing in effect
EVT410927,2025-10-09 13:11:39,Sports Fixture,J011,Indiranagar 100ft Road,42384,Weekday,False,Fog,False,0.0,False,False,0.449,Moderate,25.7,29.4,74.1,0.051,0.118,0.937,Moderate traffic flow - standard adaptive signal timing in effect
EVT410928,2025-11-18 17:54:03,Local Market Day,J040,City Market,6034,Weekday,False,Clear,False,0.0,False,False,0.913,Severe,8.8,62.3,635.0,0.203,0.468,0.942,Heavy congestion detected - signal timing extended and reroute suggested
EVT410929,2025-03-04 18:42:06,Concert,J011,Indiranagar 100ft Road,17775,Weekday,False,Clear,False,0.0,False,False,1.0,Severe,8.4,74.4,758.2,0.244,0.563,0.91,Heavy congestion detected - signal timing extended and reroute suggested
EVT410930,2025-06-15 13:01:01,Local Market Day,J012,Koramangala Sony World,5678,Weekend,False,Clear,False,0.0,False,False,0.259,Low,32.6,21.2,83.4,0.065,0.151,0.956,Moderate traffic flow - standard adaptive signal timing in effect
EVT410931,2026-05-17 14:42:53,Political Rally,J011,Indiranagar 100ft Road,14046,Weekend,False,Fog,False,0.0,False,False,0.3,Low,25.9,22.5,212.9,0.141,0.326,0.953,Moderate traffic flow - standard adaptive signal timing in effect
EVT410932,2026-06-29 14:44:50,Local Market Day,J020,Malleshwaram Circle,4781,Weekday,False,Rain,True,23.9,False,False,0.407,Moderate,23.2,34.7,200.9,0.125,0.288,0.916,Light rain detected - minor speed reduction advised
EVT410933,2025-03-21 17:46:20,Local Market Day,J030,MG Road,4840,Weekday,False,Clear,False,0.0,False,False,0.911,Severe,10.8,67.6,581.6,0.248,0.574,0.922,Heavy congestion detected - signal timing extended and reroute suggested
EVT410934,2025-10-01 18:25:46,Concert,J023,Basavanagudi,11789,Weekday,False,Clear,False,0.0,False,False,1.0,Severe,7.8,71.7,684.3,0.249,0.576,0.942,Heavy congestion detected - signal timing extended and reroute suggested
EVT410935,2025-01-27 21:15:59,Religious Festival,J023,Basavanagudi,23355,Weekday,True,Clear,False,0.0,False,False,0.721,High,20.4,53.9,135.4,0.097,0.224,0.904,Festival crowd surge detected - alternate route and extended cycle recommended
EVT410936,2026-03-28 09:44:43,Trade Fair,J012,Koramangala Sony World,9735,Weekend,False,Clear,False,0.0,False,False,0.736,High,18.9,48.5,283.4,0.18,0.416,0.967,Moderate traffic flow - standard adaptive signal timing in effect
EVT410937,2025-01-17 21:59:20,Sports Fixture,J011,Indiranagar 100ft Road,16360,Weekday,False,Clear,False,0.0,False,False,0.373,Moderate,24.7,28.2,136.3,0.096,0.221,0.933,Moderate traffic flow - standard adaptive signal timing in effect
EVT410938,2025-02-16 09:11:57,Trade Fair,J020,Malleshwaram Circle,11111,Weekend,False,Clear,False,0.0,False,False,0.913,Severe,12.3,71.4,361.1,0.169,0.39,0.945,Heavy congestion detected - signal timing extended and reroute suggested
EVT410939,2025-02-07 20:07:16,Local Market Day,J031,Cubbon Road,4161,Weekday,False,Clear,False,0.0,False,False,0.741,High,18.2,49.4,159.4,0.106,0.245,0.99,Moderate traffic flow - standard adaptive signal timing in effect
EVT410940,2025-04-26 00:25:32,Political Rally,J011,Indiranagar 100ft Road,14329,Weekend,False,Clear,False,0.0,False,False,0.328,Low,28.7,24.5,241.8,0.222,0.513,0.961,Moderate traffic flow - standard adaptive signal timing in effect
EVT410941,2025-06-11 18:28:05,Trade Fair,J009,Majestic,7290,Weekday,False,Clear,False,0.0,False,False,1.0,Severe,8.6,68.7,338.3,0.108,0.249,0.894,Heavy congestion detected - signal timing extended and reroute suggested
EVT410942,2026-05-17 18:13:42,Political Rally,J040,City Market,21337,Weekend,False,Light Rain,True,6.5,False,False,1.0,Severe,7.6,78.2,381.0,0.13,0.301,0.846,Heavy rain reducing visibility and grip - reduced speed and longer buffer advised
EVT410943,2025-06-01 14:57:02,Sports Fixture,J023,Basavanagudi,27681,Weekend,False,Heavy Rain,True,42.9,True,False,1.0,Severe,7.8,75.2,478.9,0.176,0.406,0.698,Accident detected nearby - reroute and reduced speed advised
EVT410944,2025-06-30 11:48:52,Concert,J031,Cubbon Road,10531,Weekday,False,Clear,False,0.0,False,False,0.271,Low,32.3,25.2,118.9,0.108,0.25,0.943,Moderate traffic flow - standard adaptive signal timing in effect
EVT410945,2025-02-15 17:15:18,Trade Fair,J031,Cubbon Road,7788,Weekend,False,Fog,False,0.0,False,False,0.747,High,18.2,54.4,487.4,0.294,0.679,0.979,Moderate traffic flow - standard adaptive signal timing in effect
EVT410946,2025-05-02 10:12:56,Religious Festival,J031,Cubbon Road,67940,Weekday,True,Clear,False,0.0,False,False,1.0,Severe,8.7,65.9,428.2,0.162,0.375,0.849,Festival crowd surge detected - alternate route and extended cycle recommended
EVT410947,2026-06-05 08:27:48,Political Rally,J009,Majestic,12928,Weekday,False,Clear,False,0.0,False,False,1.0,Severe,10.8,71.3,416.8,0.185,0.428,0.907,Heavy congestion detected - signal timing extended and reroute suggested
EVT410948,2026-04-07 19:15:17,Trade Fair,J012,Koramangala Sony World,8901,Weekday,False,Clear,False,0.0,False,False,0.917,Severe,9.2,66.0,479.2,0.179,0.412,0.926,Heavy congestion detected - signal timing extended and reroute suggested
EVT410949,2025-11-17 13:23:53,Sports Fixture,J020,Malleshwaram Circle,22929,Weekday,False,Clear,False,0.0,False,False,0.329,Low,34.6,23.7,118.0,0.11,0.254,0.952,Moderate traffic flow - standard adaptive signal timing in effect
EVT410950,2025-12-20 22:25:04,Sports Fixture,J009,Majestic,15671,Weekend,False,Clear,False,0.0,False,False,0.365,Moderate,28.6,26.6,252.8,0.192,0.443,0.949,Moderate traffic flow - standard adaptive signal timing in effect
EVT410951,2025-01-09 12:50:16,Trade Fair,J023,Basavanagudi,8162,Weekday,False,Clear,False,0.0,False,False,0.182,Low,31.1,12.7,132.2,0.094,0.217,0.96,Normal free-flow traffic - standard signal timing maintained
EVT410952,2025-08-17 17:29:30,Sports Fixture,J012,Koramangala Sony World,14490,Weekend,False,Rain,True,22.8,False,False,1.0,Severe,10.0,73.1,532.8,0.225,0.52,0.853,Heavy rain reducing visibility and grip - reduced speed and longer buffer advised
EVT410953,2026-03-18 17:26:13,Political Rally,J011,Indiranagar 100ft Road,13807,Weekday,False,Clear,False,0.0,False,False,0.933,Severe,10.5,68.6,631.7,0.246,0.568,0.918,Heavy congestion detected - signal timing extended and reroute suggested
EVT410954,2025-02-27 15:55:20,Concert,J040,City Market,5821,Weekday,False,Light Rain,True,1.3,False,False,0.449,Moderate,23.4,35.1,226.5,0.144,0.332,0.953,Light rain detected - minor speed reduction advised
EVT410955,2025-02-10 07:55:10,Sports Fixture,J031,Cubbon Road,21213,Weekday,False,Clear,False,0.0,False,False,0.939,Severe,12.1,63.9,394.8,0.182,0.419,0.937,Heavy congestion detected - signal timing extended and reroute suggested
EVT410956,2025-08-11 10:05:05,Local Market Day,J009,Majestic,7249,Weekday,False,Heavy Rain,True,26.4,False,False,1.0,Severe,7.9,68.3,483.5,0.153,0.353,0.867,Heavy rain reducing visibility and grip - reduced speed and longer buffer advised
EVT410957,2025-01-18 13:36:52,Trade Fair,J030,MG Road,7378,Weekend,False,Clear,False,0.0,False,False,0.266,Low,27.2,12.2,131.8,0.106,0.246,0.945,Moderate traffic flow - standard adaptive signal timing in effect
EVT410958,2026-03-16 13:11:02,Sports Fixture,J012,Koramangala Sony World,19493,Weekday,False,Clear,False,0.0,False,False,0.295,Low,34.0,26.3,139.9,0.122,0.282,0.941,Moderate traffic flow - standard adaptive signal timing in effect
EVT410959,2025-02-12 15:52:03,Local Market Day,J023,Basavanagudi,3723,Weekday,False,Fog,False,0.0,False,False,0.454,Moderate,28.4,32.7,158.6,0.105,0.243,0.967,Moderate traffic flow - standard adaptive signal timing in effect
EVT410960,2025-12-25 18:46:06,Religious Festival,J020,Malleshwaram Circle,35120,Weekday,True,Fog,False,0.0,False,True,1.0,Severe,8.9,94.0,515.6,0.192,0.444,0.846,Road closure for event/procession - full detour recommended for through-traffic
EVT410961,2026-04-19 12:12:19,Concert,J031,Cubbon Road,15888,Weekend,False,Light Rain,True,6.4,False,False,0.474,Moderate,28.0,35.9,170.7,0.135,0.312,0.91,Light rain detected - minor speed reduction advised
EVT410962,2025-04-17 06:04:16,Local Market Day,J030,MG Road,3715,Weekday,False,Clear,False,0.0,False,False,0.255,Low,26.4,16.7,187.9,0.129,0.299,0.984,Moderate traffic flow - standard adaptive signal timing in effect
EVT410963,2025-03-03 09:16:32,Concert,J031,Cubbon Road,15314,Weekday,False,Clear,False,0.0,False,False,1.0,Severe,10.1,67.6,595.3,0.256,0.59,0.913,Heavy congestion detected - signal timing extended and reroute suggested
EVT410964,2025-12-05 17:04:30,Political Rally,J040,City Market,20774,Weekday,False,Fog,False,0.0,False,False,0.836,Severe,16.1,62.4,259.6,0.154,0.356,0.953,Heavy congestion detected - signal timing extended and reroute suggested
EVT410965,2025-08-11 15:04:44,Local Market Day,J030,MG Road,4533,Weekday,False,Clear,False,0.0,False,False,0.265,Low,39.1,12.6,150.9,0.14,0.322,0.947,Moderate traffic flow - standard adaptive signal timing in effect
EVT410966,2025-10-23 15:07:27,Local Market Day,J009,Majestic,4418,Weekday,False,Light Rain,True,4.5,False,False,0.36,Moderate,27.4,22.7,226.7,0.177,0.409,0.9,Light rain detected - minor speed reduction advised
EVT410967,2025-08-03 07:21:52,Local Market Day,J031,Cubbon Road,3649,Weekend,False,Heavy Rain,True,60.8,True,False,1.0,Severe,8.0,65.9,593.1,0.197,0.455,0.711,Accident detected nearby - reroute and reduced speed advised
EVT410968,2026-06-25 09:11:54,Concert,J009,Majestic,10928,Weekday,False,Clear,False,0.0,False,False,1.0,Severe,7.1,68.2,777.5,0.232,0.535,0.908,Heavy congestion detected - signal timing extended and reroute suggested
EVT410969,2025-07-29 11:16:39,Trade Fair,J020,Malleshwaram Circle,7973,Weekday,False,Light Rain,True,5.8,False,False,0.468,Moderate,30.8,34.9,283.2,0.251,0.58,0.925,Light rain detected - minor speed reduction advised
EVT410970,2025-03-05 18:32:58,Political Rally,J020,Malleshwaram Circle,19137,Weekday,False,Clear,False,0.0,False,False,1.0,Severe,7.9,69.3,523.7,0.187,0.433,0.914,Heavy congestion detected - signal timing extended and reroute suggested
EVT410971,2026-02-07 18:15:49,Political Rally,J012,Koramangala Sony World,14588,Weekend,False,Clear,False,0.0,False,False,0.947,Severe,11.7,70.3,516.8,0.215,0.496,0.925,Heavy congestion detected - signal timing extended and reroute suggested
EVT410972,2026-02-25 08:19:51,Sports Fixture,J009,Majestic,22842,Weekday,False,Clear,False,0.0,False,False,1.0,Severe,6.6,72.2,432.1,0.138,0.32,0.907,Heavy congestion detected - signal timing extended and reroute suggested
EVT410973,2025-03-10 22:05:27,Concert,J011,Indiranagar 100ft Road,16065,Weekday,False,Clear,False,0.0,False,False,0.405,Moderate,33.9,30.3,171.0,0.159,0.367,0.975,Moderate traffic flow - standard adaptive signal timing in effect
EVT410974,2025-09-11 08:32:09,Local Market Day,J030,MG Road,5151,Weekday,False,Clear,False,0.0,False,False,0.977,Severe,8.4,65.2,691.4,0.229,0.53,0.903,Heavy congestion detected - signal timing extended and reroute suggested
EVT410975,2025-10-13 15:31:33,Local Market Day,J011,Indiranagar 100ft Road,4131,Weekday,False,Clear,False,0.0,False,False,0.306,Low,34.8,24.4,79.9,0.078,0.18,0.953,Moderate traffic flow - standard adaptive signal timing in effect
EVT410976,2025-12-06 17:38:28,Local Market Day,J020,Malleshwaram Circle,2993,Weekend,False,Clear,False,0.0,False,False,0.789,Severe,12.2,64.1,582.3,0.265,0.612,0.961,Heavy congestion detected - signal timing extended and reroute suggested
EVT410977,2025-01-07 09:19:14,Local Market Day,J012,Koramangala Sony World,5605,Weekday,False,Clear,False,0.0,False,False,1.0,Severe,7.7,75.1,832.8,0.242,0.559,0.903,Heavy congestion detected - signal timing extended and reroute suggested
EVT410978,2025-07-04 07:17:01,Local Market Day,J020,Malleshwaram Circle,3532,Weekday,False,Fog,False,0.0,False,False,0.542,Moderate,22.9,43.1,264.5,0.17,0.392,0.973,Moderate traffic flow - standard adaptive signal timing in effect
EVT410979,2026-04-17 16:33:23,Concert,J011,Indiranagar 100ft Road,28529,Weekday,False,Clear,False,0.0,False,False,0.739,High,13.8,49.8,307.5,0.153,0.354,0.97,Moderate traffic flow - standard adaptive signal timing in effect
EVT410980,2025-05-24 18:03:16,Trade Fair,J011,Indiranagar 100ft Road,13934,Weekend,False,Clear,False,0.0,False,False,0.929,Severe,11.0,65.3,648.2,0.267,0.616,0.894,Heavy congestion detected - signal timing extended and reroute suggested
EVT410981,2025-12-06 09:55:37,Local Market Day,J012,Koramangala Sony World,2843,Weekend,False,Clear,False,0.0,False,False,0.735,High,16.1,54.4,288.5,0.167,0.385,0.971,Moderate traffic flow - standard adaptive signal timing in effect
EVT410982,2025-08-02 17:15:59,Sports Fixture,J012,Koramangala Sony World,10677,Weekend,False,Clear,False,0.0,False,False,0.737,High,18.7,47.9,185.9,0.101,0.233,0.968,Moderate traffic flow - standard adaptive signal timing in effect
EVT410983,2025-07-31 17:04:33,Local Market Day,J030,MG Road,3589,Weekday,False,Clear,False,0.0,False,False,0.679,High,15.1,48.0,280.4,0.139,0.322,0.951,Moderate traffic flow - standard adaptive signal timing in effect
EVT410984,2025-11-18 06:53:59,Trade Fair,J009,Majestic,7857,Weekday,False,Clear,False,0.0,False,False,0.427,Moderate,29.6,30.4,99.6,0.077,0.178,0.96,Moderate traffic flow - standard adaptive signal timing in effect
EVT410985,2026-05-21 19:06:31,Political Rally,J031,Cubbon Road,15778,Weekday,False,Clear,False,0.0,False,False,1.0,Severe,9.3,71.7,316.7,0.125,0.288,0.906,Heavy congestion detected - signal timing extended and reroute suggested
EVT410986,2026-04-04 15:32:20,Concert,J031,Cubbon Road,7411,Weekend,False,Clear,False,0.0,False,False,0.326,Low,28.0,21.9,126.3,0.105,0.243,0.965,Moderate traffic flow - standard adaptive signal timing in effect
EVT410987,2025-08-20 07:06:42,Local Market Day,J009,Majestic,4422,Weekday,False,Clear,False,0.0,False,False,0.429,Moderate,21.1,30.7,213.2,0.115,0.266,0.963,Moderate traffic flow - standard adaptive signal timing in effect
EVT410988,2025-06-02 16:35:55,Concert,J030,MG Road,17628,Weekday,False,Rain,True,9.4,False,False,0.824,Severe,12.8,65.7,431.1,0.216,0.498,0.895,Heavy rain reducing visibility and grip - reduced speed and longer buffer advised
EVT410989,2025-04-20 16:38:46,Trade Fair,J020,Malleshwaram Circle,16237,Weekend,False,Fog,False,0.0,False,False,0.67,High,18.8,47.2,200.0,0.117,0.271,0.979,Moderate traffic flow - standard adaptive signal timing in effect
EVT410990,2025-08-08 12:39:23,Trade Fair,J031,Cubbon Road,16489,Weekday,False,Clear,False,0.0,False,False,0.213,Low,38.5,10.6,91.3,0.088,0.203,0.969,Normal free-flow traffic - standard signal timing maintained
EVT410991,2026-01-12 13:40:10,Trade Fair,J020,Malleshwaram Circle,11395,Weekday,False,Clear,False,0.0,False,False,0.262,Low,34.7,19.0,189.4,0.153,0.354,0.972,Moderate traffic flow - standard adaptive signal timing in effect
EVT410992,2025-01-18 16:02:32,Political Rally,J030,MG Road,16754,Weekend,False,Clear,False,0.0,False,False,0.479,Moderate,26.7,29.0,203.7,0.178,0.41,0.954,Moderate traffic flow - standard adaptive signal timing in effect
EVT410993,2025-04-20 14:18:58,Political Rally,J040,City Market,11256,Weekend,False,Clear,False,0.0,False,False,0.314,Low,21.3,25.0,244.0,0.155,0.359,0.985,Moderate traffic flow - standard adaptive signal timing in effect
EVT410994,2025-01-20 19:17:26,Local Market Day,J023,Basavanagudi,4095,Weekday,False,Clear,False,0.0,False,False,0.872,Severe,14.1,55.1,502.4,0.272,0.627,0.967,Heavy congestion detected - signal timing extended and reroute suggested
EVT410995,2026-01-31 08:12:38,Trade Fair,J040,City Market,7544,Weekend,False,Clear,False,0.0,False,False,0.805,Severe,19.6,59.6,353.1,0.245,0.566,0.944,Heavy congestion detected - signal timing extended and reroute suggested
EVT410996,2025-09-18 10:31:03,Local Market Day,J020,Malleshwaram Circle,4976,Weekday,False,Clear,False,0.0,False,False,0.576,High,20.9,40.4,146.0,0.109,0.252,0.944,Moderate traffic flow - standard adaptive signal timing in effect
EVT410997,2025-06-20 10:35:03,Sports Fixture,J030,MG Road,14932,Weekday,False,Clear,False,0.0,False,False,0.645,High,20.3,46.8,92.5,0.063,0.146,0.965,Moderate traffic flow - standard adaptive signal timing in effect
EVT410998,2025-05-26 10:42:54,Local Market Day,J030,MG Road,2332,Weekday,False,Clear,False,0.0,False,False,0.507,Moderate,26.8,38.7,155.0,0.115,0.267,0.975,Moderate traffic flow - standard adaptive signal timing in effect
EVT410999,2025-09-12 12:08:58,Local Market Day,J040,City Market,4338,Weekday,False,Clear,False,0.0,False,False,0.219,Low,42.8,16.5,163.9,0.162,0.374,0.967,Normal free-flow traffic - standard signal timing maintained
EVT411000,2026-05-26 06:46:24,Local Market Day,J009,Majestic,6495,Weekday,False,Clear,False,0.0,False,False,0.407,Moderate,34.4,29.5,219.5,0.231,0.535,0.95,Moderate traffic flow - standard adaptive signal timing in effect
EVT411001,2025-09-20 14:48:54,Local Market Day,J009,Majestic,2597,Weekend,False,Rain,True,17.0,False,False,0.532,Moderate,24.5,33.1,216.9,0.158,0.366,0.952,Light rain detected - minor speed reduction advised
EVT411002,2025-01-23 23:33:07,Political Rally,J011,Indiranagar 100ft Road,24036,Weekday,False,Clear,False,0.0,False,False,0.256,Low,26.6,20.2,84.3,0.071,0.165,0.961,Moderate traffic flow - standard adaptive signal timing in effect
EVT411003,2025-06-30 08:08:51,Sports Fixture,J031,Cubbon Road,24023,Weekday,False,Clear,False,0.0,False,False,0.985,Severe,6.3,68.9,237.5,0.083,0.192,0.902,Heavy congestion detected - signal timing extended and reroute suggested
EVT411004,2025-04-27 06:23:23,Local Market Day,J009,Majestic,3222,Weekend,False,Clear,False,0.0,False,False,0.373,Moderate,26.7,23.1,121.8,0.071,0.165,0.969,Moderate traffic flow - standard adaptive signal timing in effect
EVT411005,2026-04-05 19:18:28,Trade Fair,J030,MG Road,10285,Weekend,False,Clear,False,0.0,False,False,0.814,Severe,12.5,52.0,663.2,0.277,0.641,0.958,Heavy congestion detected - signal timing extended and reroute suggested
EVT411006,2025-08-20 18:53:09,Local Market Day,J031,Cubbon Road,2313,Weekday,False,Clear,False,0.0,False,False,0.969,Severe,10.0,68.9,566.1,0.222,0.512,0.928,Heavy congestion detected - signal timing extended and reroute suggested
EVT411007,2025-09-28 22:35:02,Concert,J009,Majestic,12049,Weekend,False,Clear,False,0.0,False,False,0.293,Low,31.3,20.8,161.1,0.135,0.313,0.966,Moderate traffic flow - standard adaptive signal timing in effect
EVT411008,2026-01-14 18:14:37,Fireworks Display,J011,Indiranagar 100ft Road,34694,Weekday,True,Clear,False,0.0,False,False,1.0,Severe,6.1,73.0,783.7,0.206,0.477,0.852,Festival crowd surge detected - alternate route and extended cycle recommended
EVT411009,2025-02-20 18:34:50,Trade Fair,J031,Cubbon Road,5695,Weekday,False,Clear,False,0.0,False,False,1.0,Severe,7.4,71.4,266.4,0.093,0.215,0.913,Heavy congestion detected - signal timing extended and reroute suggested
EVT411010,2025-09-21 09:06:33,Local Market Day,J031,Cubbon Road,2576,Weekend,False,Rain,True,10.2,False,False,1.0,Severe,10.4,71.4,372.6,0.148,0.343,0.869,Heavy rain reducing visibility and grip - reduced speed and longer buffer advised
EVT411011,2025-08-21 14:12:05,Local Market Day,J009,Majestic,3860,Weekday,False,Light Rain,True,6.0,False,False,0.315,Low,26.8,20.0,189.0,0.135,0.313,0.906,Light rain detected - minor speed reduction advised
EVT411012,2026-03-03 16:06:18,Political Rally,J030,MG Road,12300,Weekday,False,Clear,False,0.0,False,False,0.514,Moderate,29.5,38.6,141.2,0.1,0.231,0.966,Moderate traffic flow - standard adaptive signal timing in effect
EVT411013,2026-05-05 07:28:08,Concert,J030,MG Road,17072,Weekday,False,Heavy Rain,True,30.4,False,False,0.945,Severe,12.5,68.0,591.7,0.293,0.676,0.899,Heavy rain reducing visibility and grip - reduced speed and longer buffer advised
EVT411014,2026-06-12 21:33:54,Sports Fixture,J012,Koramangala Sony World,27397,Weekday,False,Clear,False,0.0,False,False,0.431,Moderate,31.4,29.8,133.9,0.125,0.288,0.973,Moderate traffic flow - standard adaptive signal timing in effect
EVT411015,2026-01-31 17:26:30,Concert,J020,Malleshwaram Circle,7667,Weekend,False,Clear,False,0.0,False,False,0.744,High,15.9,53.7,283.5,0.168,0.389,0.939,Moderate traffic flow - standard adaptive signal timing in effect
EVT411016,2025-09-13 09:46:41,Trade Fair,J040,City Market,11001,Weekend,False,Clear,False,0.0,False,False,0.86,Severe,11.2,60.4,426.3,0.18,0.416,0.952,Heavy congestion detected - signal timing extended and reroute suggested
EVT411017,2026-03-30 08:12:21,Trade Fair,J009,Majestic,12425,Weekday,False,Clear,False,0.0,False,False,0.986,Severe,10.2,71.0,383.6,0.159,0.368,0.924,Heavy congestion detected - signal timing extended and reroute suggested
EVT411018,2025-07-01 18:44:07,Trade Fair,J009,Majestic,6928,Weekday,False,Heavy Rain,True,157.3,False,False,1.0,Severe,8.6,71.3,280.4,0.116,0.268,0.855,Heavy rain reducing visibility and grip - reduced speed and longer buffer advised
EVT411019,2026-04-24 21:34:07,Sports Fixture,J023,Basavanagudi,14596,Weekday,False,Clear,False,0.0,False,False,0.384,Moderate,34.1,25.1,193.2,0.169,0.39,0.983,Moderate traffic flow - standard adaptive signal timing in effect
EVT411020,2026-04-23 19:36:10,Sports Fixture,J012,Koramangala Sony World,29182,Weekday,False,Clear,False,0.0,False,False,1.0,Severe,9.2,67.4,711.9,0.241,0.557,0.923,Heavy congestion detected - signal timing extended and reroute suggested
EVT411021,2026-04-22 09:32:46,Trade Fair,J020,Malleshwaram Circle,8924,Weekday,False,Heavy Rain,True,28.1,False,False,1.0,Severe,7.6,78.1,409.9,0.153,0.354,0.847,Heavy rain reducing visibility and grip - reduced speed and longer buffer advised
EVT411022,2025-08-10 09:10:20,Political Rally,J009,Majestic,18060,Weekend,False,Clear,False,0.0,False,False,0.895,Severe,15.5,64.9,231.9,0.146,0.337,0.93,Heavy congestion detected - signal timing extended and reroute suggested
EVT411023,2025-10-14 11:37:23,Political Rally,J020,Malleshwaram Circle,24923,Weekday,False,Rain,True,20.1,False,False,0.629,High,20.6,40.5,106.7,0.082,0.189,0.915,Heavy rain reducing visibility and grip - reduced speed and longer buffer advised
EVT411024,2025-05-11 05:52:25,Sports Fixture,J030,MG Road,28538,Weekend,False,Clear,False,0.0,False,False,0.412,Moderate,23.5,30.7,203.3,0.135,0.312,0.952,Moderate traffic flow - standard adaptive signal timing in effect
EVT411025,2026-04-13 22:29:52,Local Market Day,J023,Basavanagudi,3616,Weekday,False,Clear,False,0.0,False,False,0.196,Low,39.6,14.8,105.3,0.088,0.204,0.969,Normal free-flow traffic - standard signal timing maintained
EVT411026,2025-03-20 20:33:00,Political Rally,J031,Cubbon Road,15652,Weekday,False,Clear,False,0.0,False,False,0.676,High,18.4,52.2,356.1,0.225,0.52,0.981,Moderate traffic flow - standard adaptive signal timing in effect
EVT411027,2026-02-10 14:22:33,Sports Fixture,J023,Basavanagudi,16211,Weekday,False,Clear,False,0.0,False,False,0.266,Low,29.0,15.9,115.9,0.097,0.224,0.939,Moderate traffic flow - standard adaptive signal timing in effect
EVT411028,2025-09-05 12:57:18,Religious Festival,J009,Majestic,36969,Weekday,True,Clear,False,0.0,False,True,0.756,High,16.5,75.6,332.3,0.177,0.409,0.895,Road closure for event/procession - full detour recommended for through-traffic
EVT411029,2026-06-27 17:10:34,Sports Fixture,J031,Cubbon Road,20209,Weekend,False,Rain,True,22.4,False,False,0.978,Severe,10.7,70.3,582.7,0.246,0.568,0.859,Heavy rain reducing visibility and grip - reduced speed and longer buffer advised
EVT411030,2026-06-02 20:23:57,Local Market Day,J023,Basavanagudi,2483,Weekday,False,Clear,False,0.0,False,False,0.636,High,21.3,47.8,405.4,0.303,0.699,0.985,Moderate traffic flow - standard adaptive signal timing in effect
EVT411031,2025-09-06 08:07:13,Religious Festival,J009,Majestic,14716,Weekend,True,Clear,False,0.0,False,False,1.0,Severe,8.5,76.7,631.4,0.237,0.548,0.9,Festival crowd surge detected - alternate route and extended cycle recommended
EVT411032,2025-04-08 19:00:49,Local Market Day,J023,Basavanagudi,5663,Weekday,False,Clear,False,0.0,False,False,1.0,Severe,7.2,67.4,597.5,0.188,0.435,0.915,Heavy congestion detected - signal timing extended and reroute suggested
EVT411033,2025-05-23 19:00:59,Sports Fixture,J023,Basavanagudi,14252,Weekday,False,Clear,False,0.0,False,False,1.0,Severe,7.6,75.4,421.9,0.149,0.345,0.913,Heavy congestion detected - signal timing extended and reroute suggested
EVT411034,2025-12-03 06:54:29,Trade Fair,J030,MG Road,8549,Weekday,False,Clear,False,0.0,False,False,0.447,Moderate,22.4,32.6,171.7,0.117,0.271,0.971,Moderate traffic flow - standard adaptive signal timing in effect
EVT411035,2025-05-31 08:25:17,Sports Fixture,J020,Malleshwaram Circle,30375,Weekend,False,Clear,False,0.0,False,False,0.941,Severe,11.9,68.0,250.1,0.134,0.309,0.931,Heavy congestion detected - signal timing extended and reroute suggested
EVT411036,2025-04-11 16:05:58,Sports Fixture,J030,MG Road,20938,Weekday,False,Light Rain,True,3.9,False,False,0.598,High,24.1,39.0,309.1,0.241,0.557,0.914,Heavy rain reducing visibility and grip - reduced speed and longer buffer advised
EVT411037,2026-06-13 11:10:18,Concert,J009,Majestic,20844,Weekend,False,Heavy Rain,True,76.5,False,False,0.771,Severe,18.6,56.6,275.0,0.17,0.393,0.89,Heavy rain reducing visibility and grip - reduced speed and longer buffer advised
EVT411038,2026-01-26 00:14:46,Cultural Procession,J030,MG Road,21480,Weekday,True,Clear,False,0.0,False,True,0.7,High,16.5,70.7,447.9,0.243,0.562,0.884,Road closure for event/procession - full detour recommended for through-traffic
EVT411039,2026-02-22 07:50:32,Local Market Day,J023,Basavanagudi,3982,Weekend,False,Clear,False,0.0,False,False,0.702,High,21.3,50.0,246.0,0.157,0.362,0.959,Moderate traffic flow - standard adaptive signal timing in effect
EVT411040,2026-05-07 21:31:16,Sports Fixture,J031,Cubbon Road,12834,Weekday,False,Fog,False,0.0,False,False,0.37,Moderate,33.3,33.2,110.6,0.091,0.21,0.937,Moderate traffic flow - standard adaptive signal timing in effect
EVT411041,2025-08-17 09:50:14,Concert,J011,Indiranagar 100ft Road,19287,Weekend,False,Rain,True,10.9,False,False,1.0,Severe,8.9,75.7,414.1,0.178,0.411,0.832,Heavy rain reducing visibility and grip - reduced speed and longer buffer advised
EVT411042,2026-03-06 12:53:51,Political Rally,J009,Majestic,13057,Weekday,False,Clear,False,0.0,False,False,0.23,Low,37.7,11.6,120.9,0.125,0.29,0.967,Normal free-flow traffic - standard signal timing maintained
EVT411043,2025-05-21 10:23:11,Sports Fixture,J020,Malleshwaram Circle,20980,Weekday,False,Clear,False,0.0,False,False,0.677,High,14.5,50.5,521.1,0.245,0.567,0.951,Moderate traffic flow - standard adaptive signal timing in effect
EVT411044,2025-12-22 08:05:23,Sports Fixture,J020,Malleshwaram Circle,28421,Weekday,False,Clear,False,0.0,False,False,0.922,Severe,10.2,73.6,488.8,0.185,0.427,0.945,Heavy congestion detected - signal timing extended and reroute suggested
EVT411045,2025-01-16 13:00:42,Concert,J023,Basavanagudi,16777,Weekday,False,Clear,False,0.0,False,False,0.254,Low,32.0,16.2,149.8,0.12,0.277,0.976,Moderate traffic flow - standard adaptive signal timing in effect
EVT411046,2026-06-06 16:21:16,Concert,J030,MG Road,20403,Weekend,False,Clear,False,0.0,False,False,0.518,Moderate,23.2,37.4,183.3,0.16,0.369,0.965,Moderate traffic flow - standard adaptive signal timing in effect
EVT411047,2026-03-12 14:11:52,Concert,J040,City Market,11026,Weekday,False,Clear,False,0.0,False,False,0.271,Low,30.5,23.9,140.1,0.123,0.283,0.96,Moderate traffic flow - standard adaptive signal timing in effect
EVT411048,2025-05-31 08:51:19,Concert,J023,Basavanagudi,17390,Weekend,False,Fog,False,0.0,False,False,0.968,Severe,10.4,65.2,575.2,0.241,0.557,0.923,Heavy congestion detected - signal timing extended and reroute suggested
EVT411049,2025-10-07 09:25:08,Sports Fixture,J031,Cubbon Road,32880,Weekday,False,Rain,True,14.0,False,False,1.0,Severe,10.9,73.4,601.3,0.249,0.576,0.844,Heavy rain reducing visibility and grip - reduced speed and longer buffer advised
EVT411050,2026-05-26 12:32:32,Local Market Day,J020,Malleshwaram Circle,3839,Weekday,False,Clear,False,0.0,False,False,0.195,Low,30.9,10.3,92.3,0.058,0.134,0.965,Normal free-flow traffic - standard signal timing maintained
EVT411051,2025-05-07 22:13:37,Local Market Day,J012,Koramangala Sony World,7493,Weekday,False,Clear,False,0.0,False,False,0.251,Low,34.7,19.5,97.0,0.079,0.183,0.983,Moderate traffic flow - standard adaptive signal timing in effect
EVT411052,2025-04-01 08:55:00,Trade Fair,J020,Malleshwaram Circle,10389,Weekday,False,Clear,False,0.0,False,False,0.98,Severe,8.1,73.3,569.4,0.18,0.416,0.905,Heavy congestion detected - signal timing extended and reroute suggested
EVT411053,2025-03-29 04:14:17,Local Market Day,J011,Indiranagar 100ft Road,6791,Weekend,False,Clear,False,0.0,False,False,0.308,Low,26.8,27.5,189.4,0.139,0.322,0.951,Moderate traffic flow - standard adaptive signal timing in effect
EVT411054,2025-07-26 14:28:34,Sports Fixture,J040,City Market,14343,Weekend,False,Clear,False,0.0,False,False,0.316,Low,34.1,20.5,142.9,0.128,0.295,0.938,Moderate traffic flow - standard adaptive signal timing in effect
EVT411055,2026-02-25 10:44:50,Sports Fixture,J040,City Market,19951,Weekday,False,Clear,False,0.0,False,False,0.663,High,16.7,47.1,298.5,0.161,0.371,0.969,Moderate traffic flow - standard adaptive signal timing in effect
EVT411056,2026-05-07 19:46:05,Local Market Day,J023,Basavanagudi,4823,Weekday,False,Clear,False,0.0,False,False,0.802,Severe,16.4,54.2,238.0,0.131,0.302,0.983,Heavy congestion detected - signal timing extended and reroute suggested
EVT411057,2025-07-03 21:25:43,Trade Fair,J040,City Market,17294,Weekday,False,Heavy Rain,True,35.8,False,False,0.774,Severe,16.8,56.6,453.8,0.257,0.594,0.92,Heavy rain reducing visibility and grip - reduced speed and longer buffer advised
EVT411058,2026-03-08 10:57:13,Local Market Day,J023,Basavanagudi,4856,Weekend,False,Clear,False,0.0,False,False,0.438,Moderate,30.2,29.1,109.9,0.093,0.216,0.965,Moderate traffic flow - standard adaptive signal timing in effect
EVT411059,2025-07-26 17:19:32,Political Rally,J020,Malleshwaram Circle,9346,Weekend,False,Clear,False,0.0,False,False,0.772,Severe,13.6,56.7,529.8,0.23,0.53,0.965,Heavy congestion detected - signal timing extended and reroute suggested
EVT411060,2025-04-17 12:51:20,Trade Fair,J009,Majestic,10208,Weekday,False,Clear,False,0.0,False,False,0.212,Low,28.0,13.8,221.0,0.161,0.373,0.966,Normal free-flow traffic - standard signal timing maintained
EVT411061,2026-03-14 17:01:55,Local Market Day,J012,Koramangala Sony World,6157,Weekend,False,Clear,False,0.0,False,False,0.725,High,12.4,44.8,476.4,0.2,0.463,0.974,Moderate traffic flow - standard adaptive signal timing in effect
EVT411062,2025-08-03 21:57:51,Concert,J012,Koramangala Sony World,8958,Weekend,False,Clear,False,0.0,False,False,0.315,Low,33.2,15.3,145.0,0.128,0.295,0.968,Moderate traffic flow - standard adaptive signal timing in effect
EVT411063,2025-05-12 08:27:58,Trade Fair,J009,Majestic,16771,Weekday,False,Clear,False,0.0,False,False,1.0,Severe,9.2,68.8,440.7,0.167,0.386,0.924,Heavy congestion detected - signal timing extended and reroute suggested
EVT411064,2025-12-15 08:25:09,Local Market Day,J020,Malleshwaram Circle,1970,Weekday,False,Fog,False,0.0,False,False,1.0,Severe,8.8,73.7,690.4,0.261,0.603,0.905,Heavy congestion detected - signal timing extended and reroute suggested
EVT411065,2025-12-11 19:15:37,Local Market Day,J023,Basavanagudi,6172,Weekday,False,Clear,False,0.0,False,False,0.972,Severe,7.3,70.3,714.7,0.232,0.536,0.922,Heavy congestion detected - signal timing extended and reroute suggested
EVT411066,2025-05-10 08:21:26,Political Rally,J030,MG Road,13579,Weekend,False,Rain,True,16.0,False,False,1.0,Severe,8.3,74.7,480.0,0.153,0.354,0.854,Heavy rain reducing visibility and grip - reduced speed and longer buffer advised
EVT411067,2025-06-10 15:27:38,Political Rally,J009,Majestic,11756,Weekday,False,Light Rain,True,4.4,False,False,0.521,Moderate,24.0,30.4,205.9,0.154,0.356,0.907,Light rain detected - minor speed reduction advised
EVT411068,2026-04-24 22:06:49,Concert,J011,Indiranagar 100ft Road,13472,Weekday,False,Clear,False,0.0,False,False,0.245,Low,27.1,16.8,260.3,0.196,0.453,0.979,Normal free-flow traffic - standard signal timing maintained
EVT411069,2025-10-12 12:15:30,Trade Fair,J020,Malleshwaram Circle,8186,Weekend,False,Heavy Rain,True,64.6,False,False,0.701,High,17.8,50.0,210.1,0.124,0.287,0.902,Heavy rain reducing visibility and grip - reduced speed and longer buffer advised
EVT411070,2025-01-02 16:05:08,Local Market Day,J023,Basavanagudi,4565,Weekday,False,Clear,False,0.0,False,False,0.47,Moderate,28.1,35.2,198.3,0.13,0.299,0.98,Moderate traffic flow - standard adaptive signal timing in effect
EVT411071,2025-12-10 18:11:45,Local Market Day,J023,Basavanagudi,2803,Weekday,False,Clear,False,0.0,False,False,0.932,Severe,10.7,65.0,441.9,0.186,0.431,0.908,Heavy congestion detected - signal timing extended and reroute suggested
EVT411072,2025-01-11 12:25:01,Political Rally,J030,MG Road,22528,Weekend,False,Light Rain,True,3.2,False,False,0.417,Moderate,28.2,29.1,105.3,0.086,0.198,0.907,Light rain detected - minor speed reduction advised
EVT411073,2025-04-19 15:31:02,Trade Fair,J009,Majestic,11185,Weekend,False,Fog,False,0.0,False,False,0.407,Moderate,33.1,27.5,159.5,0.145,0.334,0.956,Moderate traffic flow - standard adaptive signal timing in effect
EVT411074,2026-01-16 12:16:47,Local Market Day,J030,MG Road,3237,Weekday,False,Clear,False,0.0,False,False,0.181,Low,32.1,8.8,167.5,0.157,0.363,0.957,Normal free-flow traffic - standard signal timing maintained
EVT411075,2025-09-19 20:04:33,Sports Fixture,J012,Koramangala Sony World,30172,Weekday,False,Heavy Rain,True,45.3,False,False,1.0,Severe,6.8,73.8,557.4,0.172,0.397,0.855,Heavy rain reducing visibility and grip - reduced speed and longer buffer advised
EVT411076,2025-08-04 11:33:24,Local Market Day,J040,City Market,2758,Weekday,False,Clear,False,0.0,False,False,0.243,Low,31.2,22.0,201.4,0.155,0.358,0.984,Normal free-flow traffic - standard signal timing maintained
EVT411077,2026-05-04 10:12:42,Local Market Day,J031,Cubbon Road,3477,Weekday,False,Fog,False,0.0,False,False,0.735,High,21.8,52.6,233.4,0.161,0.371,0.986,Moderate traffic flow - standard adaptive signal timing in effect
EVT411078,2025-10-08 18:26:13,Sports Fixture,J023,Basavanagudi,25363,Weekday,False,Rain,True,14.2,False,False,1.0,Severe,9.5,64.8,712.2,0.278,0.642,0.873,Heavy rain reducing visibility and grip - reduced speed and longer buffer advised
EVT411079,2025-08-26 14:52:10,Local Market Day,J031,Cubbon Road,6950,Weekday,False,Clear,False,0.0,False,False,0.212,Low,34.6,14.0,91.7,0.086,0.2,0.974,Normal free-flow traffic - standard signal timing maintained
EVT411080,2025-11-19 19:57:40,Political Rally,J030,MG Road,18181,Weekday,False,Clear,False,0.0,False,False,0.819,Severe,13.0,59.0,453.6,0.217,0.5,0.948,Heavy congestion detected - signal timing extended and reroute suggested
EVT411081,2026-01-11 17:20:05,Sports Fixture,J020,Malleshwaram Circle,19165,Weekend,False,Clear,False,0.0,False,False,0.761,Severe,17.7,50.7,303.4,0.186,0.43,0.961,Heavy congestion detected - signal timing extended and reroute suggested
EVT411082,2025-06-28 21:28:39,Local Market Day,J040,City Market,4287,Weekend,False,Rain,True,9.4,False,False,0.527,Moderate,20.3,36.6,209.5,0.132,0.306,0.884,Light rain detected - minor speed reduction advised
EVT411083,2026-02-09 19:26:32,Political Rally,J040,City Market,23710,Weekday,False,Clear,False,0.0,False,False,1.0,Severe,6.6,74.5,825.6,0.226,0.522,0.921,Heavy congestion detected - signal timing extended and reroute suggested
EVT411084,2025-04-01 11:41:11,Concert,J011,Indiranagar 100ft Road,10007,Weekday,False,Clear,False,0.0,False,False,0.391,Moderate,28.1,25.5,166.6,0.132,0.306,0.974,Moderate traffic flow - standard adaptive signal timing in effect
EVT411085,2026-01-27 15:43:30,Religious Festival,J011,Indiranagar 100ft Road,40629,Weekday,True,Clear,False,0.0,False,False,0.788,Severe,15.6,55.4,247.3,0.128,0.295,0.925,Festival crowd surge detected - alternate route and extended cycle recommended
EVT411086,2026-02-21 11:59:49,Concert,J012,Koramangala Sony World,14441,Weekend,False,Clear,False,0.0,False,False,0.336,Low,30.3,22.6,182.3,0.135,0.312,0.953,Moderate traffic flow - standard adaptive signal timing in effect
EVT411087,2026-02-11 10:14:34,Political Rally,J012,Koramangala Sony World,15794,Weekday,False,Clear,False,0.0,False,False,0.705,High,18.4,48.6,261.6,0.172,0.398,0.94,Moderate traffic flow - standard adaptive signal timing in effect
EVT411088,2026-01-28 13:45:16,Sports Fixture,J040,City Market,24815,Weekday,False,Light Rain,True,3.8,False,False,0.417,Moderate,27.0,39.3,295.4,0.236,0.545,0.908,Light rain detected - minor speed reduction advised
EVT411089,2025-08-14 07:33:35,Sports Fixture,J023,Basavanagudi,16304,Weekday,False,Clear,False,0.0,False,False,0.666,High,18.5,51.6,428.5,0.288,0.666,0.962,Moderate traffic flow - standard adaptive signal timing in effect
EVT411090,2025-11-03 18:08:58,Concert,J012,Koramangala Sony World,9832,Weekday,False,Clear,False,0.0,False,False,1.0,Severe,9.6,75.0,664.6,0.235,0.543,0.909,Heavy congestion detected - signal timing extended and reroute suggested
EVT411091,2025-01-30 12:38:06,Political Rally,J040,City Market,19927,Weekday,False,Clear,False,0.0,False,False,0.279,Low,34.7,24.5,201.8,0.186,0.43,0.952,Moderate traffic flow - standard adaptive signal timing in effect
EVT411092,2026-01-05 21:05:27,Local Market Day,J009,Majestic,4617,Weekday,False,Clear,False,0.0,False,False,0.403,Moderate,38.2,35.1,141.8,0.14,0.324,0.978,Moderate traffic flow - standard adaptive signal timing in effect
EVT411093,2025-12-01 13:39:09,Sports Fixture,J040,City Market,26149,Weekday,False,Clear,False,0.0,False,False,0.34,Low,26.1,28.2,199.6,0.141,0.326,0.969,Moderate traffic flow - standard adaptive signal timing in effect
EVT411094,2025-12-14 19:10:00,Concert,J009,Majestic,9178,Weekend,False,Clear,False,0.0,False,False,0.779,Severe,14.5,58.6,413.8,0.222,0.512,0.943,Heavy congestion detected - signal timing extended and reroute suggested
EVT411095,2025-07-08 21:38:49,Sports Fixture,J030,MG Road,33040,Weekday,False,Rain,True,17.1,False,False,0.704,High,14.0,45.7,288.5,0.134,0.311,0.896,Heavy rain reducing visibility and grip - reduced speed and longer buffer advised
EVT411096,2025-11-14 13:55:52,Local Market Day,J009,Majestic,5155,Weekday,False,Clear,False,0.0,False,False,0.11,Low,33.9,12.1,71.2,0.053,0.122,0.951,Normal free-flow traffic - standard signal timing maintained
EVT411097,2026-06-20 10:12:34,Sports Fixture,J020,Malleshwaram Circle,38399,Weekend,False,Heavy Rain,True,42.2,False,False,1.0,Severe,6.4,71.5,441.6,0.146,0.336,0.873,Heavy rain reducing visibility and grip - reduced speed and longer buffer advised
EVT411098,2026-04-19 15:32:14,Political Rally,J040,City Market,23881,Weekend,False,Clear,False,0.0,False,False,0.524,Moderate,26.6,36.3,245.2,0.171,0.394,0.956,Moderate traffic flow - standard adaptive signal timing in effect
EVT411099,2025-05-20 07:09:48,Local Market Day,J031,Cubbon Road,2237,Weekday,False,Clear,False,0.0,False,False,0.475,Moderate,24.1,33.8,229.7,0.164,0.379,0.983,Moderate traffic flow - standard adaptive signal timing in effect
EVT411100,2025-11-24 14:59:53,Local Market Day,J020,Malleshwaram Circle,4700,Weekday,False,Clear,False,0.0,False,False,0.37,Moderate,31.3,29.7,143.1,0.119,0.274,0.981,Moderate traffic flow - standard adaptive signal timing in effect
EVT411101,2026-04-16 08:18:22,Concert,J011,Indiranagar 100ft Road,10634,Weekday,False,Clear,False,0.0,False,False,0.939,Severe,11.9,63.1,418.7,0.199,0.461,0.906,Heavy congestion detected - signal timing extended and reroute suggested
EVT411102,2025-03-28 18:11:55,Trade Fair,J011,Indiranagar 100ft Road,11170,Weekday,False,Clear,False,0.0,False,False,1.0,Severe,9.0,65.1,797.9,0.281,0.649,0.908,Heavy congestion detected - signal timing extended and reroute suggested
EVT411103,2025-05-06 08:31:01,Trade Fair,J009,Majestic,8745,Weekday,False,Clear,False,0.0,False,False,1.0,Severe,8.7,72.2,470.1,0.17,0.392,0.909,Heavy congestion detected - signal timing extended and reroute suggested
EVT411104,2025-06-29 11:09:57,Local Market Day,J012,Koramangala Sony World,4673,Weekend,False,Heavy Rain,True,54.8,False,False,0.816,Severe,14.2,56.8,408.6,0.215,0.497,0.902,Heavy rain reducing visibility and grip - reduced speed and longer buffer advised
EVT411105,2025-03-09 08:36:11,Concert,J011,Indiranagar 100ft Road,8090,Weekend,False,Clear,False,0.0,False,False,0.836,Severe,15.1,64.0,155.3,0.085,0.197,0.955,Heavy congestion detected - signal timing extended and reroute suggested
EVT411106,2025-02-11 17:17:43,Local Market Day,J040,City Market,3746,Weekday,False,Clear,False,0.0,False,False,0.771,Severe,15.5,57.9,325.9,0.182,0.421,0.959,Heavy congestion detected - signal timing extended and reroute suggested
EVT411107,2025-03-07 08:36:30,Local Market Day,J020,Malleshwaram Circle,3162,Weekday,False,Clear,False,0.0,False,False,0.921,Severe,12.9,70.6,293.0,0.152,0.351,0.933,Heavy congestion detected - signal timing extended and reroute suggested
EVT411108,2025-03-11 17:42:05,Sports Fixture,J009,Majestic,28971,Weekday,False,Clear,False,0.0,False,False,1.0,Severe,7.9,69.0,820.0,0.285,0.658,0.934,Heavy congestion detected - signal timing extended and reroute suggested
EVT411109,2025-07-06 17:54:29,Local Market Day,J009,Majestic,3219,Weekend,False,Clear,False,0.0,False,False,0.968,Severe,9.4,70.9,500.1,0.2,0.462,0.917,Heavy congestion detected - signal timing extended and reroute suggested
EVT411110,2026-03-28 09:52:40,Trade Fair,J031,Cubbon Road,9802,Weekend,False,Clear,False,0.0,False,False,0.818,Severe,16.5,55.3,332.5,0.177,0.41,0.924,Heavy congestion detected - signal timing extended and reroute suggested
EVT411111,2025-07-23 06:21:00,Trade Fair,J031,Cubbon Road,14211,Weekday,False,Clear,False,0.0,False,False,0.375,Moderate,32.1,33.7,99.4,0.092,0.212,0.957,Moderate traffic flow - standard adaptive signal timing in effect
EVT411112,2026-04-06 22:54:46,Political Rally,J020,Malleshwaram Circle,11487,Weekday,False,Clear,False,0.0,False,False,0.265,Low,28.7,20.1,142.9,0.11,0.255,0.987,Moderate traffic flow - standard adaptive signal timing in effect
EVT411113,2025-01-03 14:00:53,Local Market Day,J031,Cubbon Road,4113,Weekday,False,Clear,False,0.0,False,False,0.159,Low,38.7,10.6,110.9,0.107,0.246,0.947,Normal free-flow traffic - standard signal timing maintained
EVT411114,2026-01-27 11:37:54,Cultural Procession,J009,Majestic,26974,Weekday,True,Clear,False,0.0,False,False,0.615,High,20.9,43.6,352.0,0.226,0.521,0.883,Festival crowd surge detected - alternate route and extended cycle recommended
EVT411115,2026-04-14 05:03:16,Religious Festival,J020,Malleshwaram Circle,31517,Weekday,True,Clear,False,0.0,False,True,0.662,Moderate,21.1,61.2,284.7,0.193,0.447,0.903,Road closure for event/procession - full detour recommended for through-traffic
EVT411116,2025-02-02 17:16:25,Trade Fair,J030,MG Road,9147,Weekend,False,Clear,False,0.0,False,False,0.665,High,17.4,37.9,333.9,0.2,0.462,0.97,Moderate traffic flow - standard adaptive signal timing in effect
EVT411117,2025-02-26 18:45:26,Local Market Day,J011,Indiranagar 100ft Road,4411,Weekday,False,Clear,False,0.0,False,False,0.993,Severe,9.4,70.7,641.1,0.223,0.516,0.897,Heavy congestion detected - signal timing extended and reroute suggested
EVT411118,2026-01-13 20:13:56,Local Market Day,J009,Majestic,5609,Weekday,False,Clear,False,0.0,False,False,0.655,High,21.4,52.2,166.9,0.12,0.278,0.963,Moderate traffic flow - standard adaptive signal timing in effect
EVT411119,2025-09-18 19:13:14,Local Market Day,J009,Majestic,4708,Weekday,False,Clear,False,0.0,False,False,0.811,Severe,16.2,57.1,303.2,0.17,0.392,0.952,Heavy congestion detected - signal timing extended and reroute suggested
EVT411120,2026-05-27 06:29:30,Local Market Day,J020,Malleshwaram Circle,3694,Weekday,False,Clear,False,0.0,False,False,0.278,Low,33.4,23.4,146.4,0.15,0.346,0.967,Moderate traffic flow - standard adaptive signal timing in effect
EVT411121,2026-02-13 23:27:55,Concert,J040,City Market,11947,Weekday,False,Clear,False,0.0,False,False,0.166,Low,34.4,9.8,91.6,0.062,0.144,0.966,Normal free-flow traffic - standard signal timing maintained
EVT411122,2025-10-05 11:30:17,Sports Fixture,J012,Koramangala Sony World,16185,Weekend,False,Clear,False,0.0,False,False,0.439,Moderate,25.4,34.2,171.5,0.127,0.293,0.964,Moderate traffic flow - standard adaptive signal timing in effect
EVT411123,2025-10-25 18:46:48,Local Market Day,J020,Malleshwaram Circle,5991,Weekend,False,Clear,False,0.0,False,False,0.838,Severe,14.3,62.3,343.1,0.188,0.433,0.946,Heavy congestion detected - signal timing extended and reroute suggested
EVT411124,2026-02-21 11:57:04,Trade Fair,J011,Indiranagar 100ft Road,10576,Weekend,False,Clear,False,0.0,False,False,0.359,Moderate,29.8,26.4,222.7,0.183,0.423,0.949,Moderate traffic flow - standard adaptive signal timing in effect
EVT411125,2025-02-12 14:52:19,Local Market Day,J031,Cubbon Road,3376,Weekday,False,Clear,False,0.0,False,False,0.291,Low,32.3,26.4,164.2,0.168,0.388,0.947,Moderate traffic flow - standard adaptive signal timing in effect
EVT411126,2026-03-04 13:17:17,Cultural Procession,J031,Cubbon Road,20205,Weekday,True,Clear,False,0.0,False,True,0.684,Moderate,18.5,72.4,308.8,0.167,0.386,0.893,Road closure for event/procession - full detour recommended for through-traffic
EVT411127,2025-08-17 18:14:10,Trade Fair,J009,Majestic,10058,Weekend,False,Rain,True,22.1,False,False,1.0,Severe,8.8,69.0,488.5,0.185,0.428,0.864,Heavy rain reducing visibility and grip - reduced speed and longer buffer advised
EVT411128,2025-04-13 09:21:40,Local Market Day,J009,Majestic,2722,Weekend,False,Clear,False,0.0,False,False,0.865,Severe,12.5,59.8,345.9,0.166,0.383,0.936,Heavy congestion detected - signal timing extended and reroute suggested
EVT411129,2025-10-11 16:35:12,Local Market Day,J040,City Market,4884,Weekend,False,Clear,False,0.0,False,False,0.598,High,21.8,39.3,289.9,0.195,0.451,0.974,Moderate traffic flow - standard adaptive signal timing in effect
EVT411130,2026-04-15 19:57:57,Cultural Procession,J012,Koramangala Sony World,17101,Weekday,True,Rain,True,13.8,False,True,1.0,Severe,7.7,102.0,785.9,0.241,0.557,0.767,Road closure for event/procession - full detour recommended for through-traffic
EVT411131,2025-11-10 14:17:31,Trade Fair,J031,Cubbon Road,6835,Weekday,False,Clear,False,0.0,False,False,0.198,Low,30.2,15.2,200.3,0.164,0.38,0.961,Normal free-flow traffic - standard signal timing maintained
EVT411132,2025-08-06 20:34:23,Local Market Day,J012,Koramangala Sony World,4634,Weekday,False,Clear,False,0.0,False,False,0.614,High,18.6,41.9,111.2,0.05,0.116,0.942,Moderate traffic flow - standard adaptive signal timing in effect
EVT411133,2025-07-06 13:59:18,Trade Fair,J011,Indiranagar 100ft Road,10682,Weekend,False,Heavy Rain,True,60.1,False,False,0.642,High,25.9,50.2,147.2,0.092,0.212,0.926,Heavy rain reducing visibility and grip - reduced speed and longer buffer advised
EVT411134,2025-09-08 07:35:08,Local Market Day,J040,City Market,1574,Weekday,False,Clear,False,0.0,False,False,0.649,High,19.4,44.9,311.2,0.208,0.48,0.97,Moderate traffic flow - standard adaptive signal timing in effect
EVT411135,2026-05-08 09:26:18,Sports Fixture,J009,Majestic,16767,Weekday,False,Clear,False,0.0,False,False,1.0,Severe,8.8,76.8,827.3,0.265,0.612,0.91,Heavy congestion detected - signal timing extended and reroute suggested
EVT411136,2025-06-03 07:43:53,Local Market Day,J023,Basavanagudi,6645,Weekday,False,Clear,False,0.0,False,False,0.719,High,15.5,50.9,415.0,0.227,0.524,0.947,Moderate traffic flow - standard adaptive signal timing in effect
EVT411137,2025-09-12 16:40:42,Concert,J009,Majestic,8962,Weekday,False,Rain,True,24.1,False,False,0.878,Severe,11.3,61.2,325.3,0.135,0.313,0.892,Heavy rain reducing visibility and grip - reduced speed and longer buffer advised
EVT411138,2025-06-12 20:20:18,Concert,J009,Majestic,14579,Weekday,False,Rain,True,8.5,False,False,0.841,Severe,14.0,59.6,227.6,0.114,0.263,0.912,Heavy rain reducing visibility and grip - reduced speed and longer buffer advised
EVT411139,2026-02-02 15:16:30,Concert,J009,Majestic,10386,Weekday,False,Light Rain,True,5.9,False,False,0.4,Moderate,27.6,28.7,154.3,0.12,0.277,0.943,Light rain detected - minor speed reduction advised
EVT411140,2025-01-24 10:16:24,Trade Fair,J023,Basavanagudi,8961,Weekday,False,Rain,True,9.6,False,False,0.889,Severe,13.2,64.3,532.3,0.292,0.674,0.908,Heavy rain reducing visibility and grip - reduced speed and longer buffer advised
EVT411141,2026-03-07 08:10:26,Local Market Day,J023,Basavanagudi,3990,Weekend,False,Clear,False,0.0,False,False,0.772,Severe,12.8,57.1,490.4,0.233,0.538,0.948,Heavy congestion detected - signal timing extended and reroute suggested
EVT411142,2026-05-01 08:46:31,Religious Festival,J009,Majestic,52908,Weekday,True,Clear,False,0.0,False,False,1.0,Severe,8.4,74.0,537.6,0.184,0.424,0.841,Festival crowd surge detected - alternate route and extended cycle recommended
EVT411143,2026-06-26 17:16:01,Trade Fair,J020,Malleshwaram Circle,9706,Weekday,False,Clear,False,0.0,False,False,0.892,Severe,13.2,64.7,284.7,0.137,0.316,0.928,Heavy congestion detected - signal timing extended and reroute suggested
EVT411144,2025-06-21 11:11:46,Political Rally,J009,Majestic,18433,Weekend,False,Clear,False,0.0,False,False,0.477,Moderate,26.3,28.9,234.9,0.173,0.401,0.937,Moderate traffic flow - standard adaptive signal timing in effect
EVT411145,2025-01-14 22:04:29,Religious Festival,J011,Indiranagar 100ft Road,44200,Weekday,True,Clear,False,0.0,False,False,0.69,High,15.3,47.7,328.5,0.176,0.407,0.922,Festival crowd surge detected - alternate route and extended cycle recommended
EVT411146,2025-01-02 09:45:02,Sports Fixture,J009,Majestic,22156,Weekday,False,Clear,False,0.0,False,False,1.0,Severe,9.2,73.5,596.6,0.235,0.543,0.904,Heavy congestion detected - signal timing extended and reroute suggested
EVT411147,2025-07-17 16:28:26,Sports Fixture,J012,Koramangala Sony World,16750,Weekday,False,Heavy Rain,True,36.6,False,False,0.99,Severe,9.4,75.1,619.7,0.239,0.553,0.856,Heavy rain reducing visibility and grip - reduced speed and longer buffer advised
EVT411148,2025-07-17 17:58:51,Concert,J012,Koramangala Sony World,21035,Weekday,False,Heavy Rain,True,32.6,False,False,1.0,Severe,7.3,64.8,621.7,0.202,0.467,0.841,Heavy rain reducing visibility and grip - reduced speed and longer buffer advised
EVT411149,2026-06-24 13:23:29,Local Market Day,J011,Indiranagar 100ft Road,5433,Weekday,False,Heavy Rain,True,27.4,False,False,0.438,Moderate,28.0,30.3,160.6,0.125,0.289,0.913,Light rain detected - minor speed reduction advised
EVT411150,2025-04-10 06:27:00,Concert,J040,City Market,13516,Weekday,False,Rain,True,9.1,True,False,0.804,Severe,17.2,55.0,325.2,0.221,0.511,0.75,Accident detected nearby - reroute and reduced speed advised
EVT411151,2026-05-08 21:32:04,Concert,J009,Majestic,27705,Weekday,False,Clear,False,0.0,False,False,0.389,Moderate,25.6,25.3,150.8,0.087,0.201,0.968,Moderate traffic flow - standard adaptive signal timing in effect
EVT411152,2025-08-26 16:35:07,Trade Fair,J023,Basavanagudi,9050,Weekday,False,Clear,False,0.0,False,False,0.515,Moderate,24.2,34.9,118.1,0.081,0.186,0.966,Moderate traffic flow - standard adaptive signal timing in effect
EVT411153,2025-07-11 20:00:54,Local Market Day,J030,MG Road,5387,Weekday,False,Rain,True,8.1,False,False,0.837,Severe,13.9,57.1,160.7,0.083,0.191,0.873,Heavy rain reducing visibility and grip - reduced speed and longer buffer advised
EVT411154,2026-05-18 07:01:03,Trade Fair,J011,Indiranagar 100ft Road,6921,Weekday,False,Clear,False,0.0,False,False,0.469,Moderate,26.4,35.8,225.9,0.179,0.414,0.964,Moderate traffic flow - standard adaptive signal timing in effect
EVT411155,2026-02-27 13:53:53,Political Rally,J012,Koramangala Sony World,11036,Weekday,False,Clear,False,0.0,False,False,0.185,Low,27.2,14.2,121.2,0.078,0.18,0.97,Normal free-flow traffic - standard signal timing maintained
EVT411156,2025-12-18 08:49:51,Local Market Day,J020,Malleshwaram Circle,2153,Weekday,False,Clear,False,0.0,False,False,0.926,Severe,11.8,65.6,259.6,0.131,0.303,0.933,Heavy congestion detected - signal timing extended and reroute suggested
EVT411157,2025-07-12 12:22:22,Trade Fair,J040,City Market,7742,Weekend,False,Rain,True,13.9,False,False,0.457,Moderate,15.5,36.0,255.3,0.141,0.326,0.944,Light rain detected - minor speed reduction advised
EVT411158,2026-02-25 17:35:01,Sports Fixture,J012,Koramangala Sony World,17749,Weekday,False,Clear,False,0.0,False,False,1.0,Severe,6.6,70.8,806.5,0.226,0.523,0.877,Heavy congestion detected - signal timing extended and reroute suggested
EVT411159,2025-05-23 18:38:53,Local Market Day,J020,Malleshwaram Circle,4337,Weekday,False,Clear,False,0.0,False,False,1.0,Severe,9.3,77.7,591.5,0.239,0.552,0.914,Heavy congestion detected - signal timing extended and reroute suggested
EVT411160,2025-11-22 18:31:01,Sports Fixture,J040,City Market,29740,Weekend,False,Clear,False,0.0,False,False,1.0,Severe,7.3,73.6,460.2,0.156,0.36,0.892,Heavy congestion detected - signal timing extended and reroute suggested
EVT411161,2025-09-14 18:05:23,Sports Fixture,J031,Cubbon Road,29130,Weekend,False,Rain,True,22.5,False,False,1.0,Severe,7.3,65.2,448.1,0.142,0.329,0.871,Heavy rain reducing visibility and grip - reduced speed and longer buffer advised
EVT411162,2026-03-24 08:50:34,Local Market Day,J012,Koramangala Sony World,3430,Weekday,False,Clear,False,0.0,False,False,1.0,Severe,8.5,76.2,387.6,0.151,0.349,0.943,Heavy congestion detected - signal timing extended and reroute suggested
EVT411163,2026-01-22 08:14:23,Sports Fixture,J020,Malleshwaram Circle,20953,Weekday,False,Clear,False,0.0,False,False,0.978,Severe,8.8,71.5,685.9,0.245,0.565,0.904,Heavy congestion detected - signal timing extended and reroute suggested
EVT411164,2026-03-13 11:29:21,Sports Fixture,J011,Indiranagar 100ft Road,25690,Weekday,False,Clear,False,0.0,True,False,0.856,Severe,11.5,61.3,497.8,0.21,0.485,0.795,Accident detected nearby - reroute and reduced speed advised
EVT411165,2025-10-22 01:55:59,Religious Festival,J011,Indiranagar 100ft Road,25282,Weekday,True,Clear,False,0.0,False,False,0.515,Moderate,21.3,40.0,146.4,0.088,0.204,0.895,Festival crowd surge detected - alternate route and extended cycle recommended
EVT411166,2026-02-18 16:04:26,Sports Fixture,J030,MG Road,23643,Weekday,False,Clear,False,0.0,False,False,0.578,High,22.6,41.9,238.2,0.162,0.375,0.947,Moderate traffic flow - standard adaptive signal timing in effect
EVT411167,2025-11-16 15:48:18,Concert,J009,Majestic,18077,Weekend,False,Clear,False,0.0,False,False,0.495,Moderate,20.7,39.2,316.5,0.225,0.52,0.971,Moderate traffic flow - standard adaptive signal timing in effect
EVT411168,2025-03-16 17:56:08,Local Market Day,J030,MG Road,5364,Weekend,False,Clear,False,0.0,False,False,0.905,Severe,13.9,61.4,419.4,0.229,0.528,0.924,Heavy congestion detected - signal timing extended and reroute suggested
EVT411169,2026-05-09 12:53:45,Trade Fair,J012,Koramangala Sony World,10186,Weekend,False,Clear,False,0.0,False,False,0.248,Low,32.1,15.1,161.4,0.146,0.338,0.942,Normal free-flow traffic - standard signal timing maintained
EVT411170,2025-01-21 18:19:32,Concert,J012,Koramangala Sony World,14420,Weekday,False,Clear,False,0.0,False,False,1.0,Severe,7.7,68.2,351.8,0.119,0.276,0.911,Heavy congestion detected - signal timing extended and reroute suggested
EVT411171,2026-02-22 23:46:50,Concert,J040,City Market,12957,Weekend,False,Clear,False,0.0,False,False,0.291,Low,37.3,21.7,205.2,0.199,0.459,0.966,Moderate traffic flow - standard adaptive signal timing in effect
EVT411172,2026-02-05 10:57:19,Political Rally,J031,Cubbon Road,14504,Weekday,False,Clear,False,0.0,False,False,0.541,Moderate,27.4,39.5,136.2,0.096,0.223,0.979,Moderate traffic flow - standard adaptive signal timing in effect
EVT411173,2026-06-20 06:44:08,Trade Fair,J040,City Market,18519,Weekend,False,Rain,True,19.9,False,False,0.745,High,20.0,54.6,163.8,0.111,0.257,0.915,Heavy rain reducing visibility and grip - reduced speed and longer buffer advised
EVT411174,2025-11-08 17:15:19,Trade Fair,J040,City Market,5248,Weekend,False,Clear,False,0.0,False,False,0.626,High,20.9,45.8,351.1,0.239,0.552,0.966,Moderate traffic flow - standard adaptive signal timing in effect
EVT411175,2025-05-17 17:43:15,Sports Fixture,J040,City Market,25877,Weekend,False,Rain,True,14.6,True,False,1.0,Severe,7.5,75.7,848.5,0.244,0.565,0.704,Accident detected nearby - reroute and reduced speed advised
EVT411176,2025-07-03 17:52:33,Concert,J030,MG Road,12108,Weekday,False,Rain,True,12.3,False,False,1.0,Severe,7.7,78.7,374.6,0.12,0.277,0.856,Heavy rain reducing visibility and grip - reduced speed and longer buffer advised
EVT411177,2026-05-08 09:53:16,Trade Fair,J020,Malleshwaram Circle,11540,Weekday,False,Rain,True,11.0,False,False,1.0,Severe,9.7,74.6,369.8,0.161,0.373,0.863,Heavy rain reducing visibility and grip - reduced speed and longer buffer advised
EVT411178,2025-02-07 12:36:20,Concert,J012,Koramangala Sony World,8242,Weekday,False,Clear,False,0.0,False,False,0.237,Low,40.3,14.1,94.7,0.082,0.19,0.968,Normal free-flow traffic - standard signal timing maintained
EVT411179,2025-02-02 08:58:58,Sports Fixture,J031,Cubbon Road,18939,Weekend,False,Clear,False,0.0,False,False,0.975,Severe,10.1,72.0,419.8,0.191,0.44,0.912,Heavy congestion detected - signal timing extended and reroute suggested
EVT411180,2025-03-09 06:36:57,Trade Fair,J012,Koramangala Sony World,7428,Weekend,False,Clear,False,0.0,False,False,0.411,Moderate,31.0,30.7,132.1,0.102,0.235,0.958,Moderate traffic flow - standard adaptive signal timing in effect
EVT411181,2026-05-31 09:51:17,Trade Fair,J040,City Market,6744,Weekend,False,Clear,False,0.0,False,False,0.761,Severe,16.0,57.3,209.9,0.109,0.252,0.971,Heavy congestion detected - signal timing extended and reroute suggested
EVT411182,2025-06-01 19:18:51,Sports Fixture,J011,Indiranagar 100ft Road,14547,Weekend,False,Clear,False,0.0,False,False,0.813,Severe,16.0,56.6,292.2,0.174,0.401,0.967,Heavy congestion detected - signal timing extended and reroute suggested
EVT411183,2026-05-01 10:11:45,Religious Festival,J023,Basavanagudi,54419,Weekday,True,Clear,False,0.0,False,False,1.0,Severe,9.8,68.1,741.8,0.305,0.704,0.874,Festival crowd surge detected - alternate route and extended cycle recommended
EVT411184,2025-06-02 07:24:52,Local Market Day,J030,MG Road,3209,Weekday,False,Clear,False,0.0,False,False,0.551,High,25.7,38.3,276.3,0.198,0.457,0.965,Moderate traffic flow - standard adaptive signal timing in effect
EVT411185,2026-03-27 15:37:23,Religious Festival,J011,Indiranagar 100ft Road,44401,Weekday,True,Clear,False,0.0,True,True,1.0,Severe,7.8,92.5,630.7,0.222,0.512,0.694,Road closure for event/procession - full detour recommended for through-traffic
EVT411186,2025-03-13 18:27:22,Local Market Day,J030,MG Road,3651,Weekday,False,Clear,False,0.0,False,False,0.986,Severe,10.6,69.9,471.2,0.187,0.431,0.926,Heavy congestion detected - signal timing extended and reroute suggested
EVT411187,2025-05-23 19:10:36,Sports Fixture,J031,Cubbon Road,25052,Weekday,False,Clear,False,0.0,False,False,1.0,Severe,9.1,74.2,270.7,0.108,0.249,0.933,Heavy congestion detected - signal timing extended and reroute suggested
EVT411188,2025-11-24 17:34:02,Concert,J020,Malleshwaram Circle,10168,Weekday,False,Clear,False,0.0,False,False,0.84,Severe,10.7,58.7,227.9,0.094,0.217,0.958,Heavy congestion detected - signal timing extended and reroute suggested
EVT411189,2025-01-26 15:51:55,Religious Festival,J012,Koramangala Sony World,45101,Weekend,True,Clear,False,0.0,False,False,0.894,Severe,15.5,64.7,437.7,0.236,0.546,0.891,Festival crowd surge detected - alternate route and extended cycle recommended
EVT411190,2025-01-29 08:57:49,Concert,J011,Indiranagar 100ft Road,12410,Weekday,False,Clear,False,0.0,False,False,1.0,Severe,8.3,74.2,329.5,0.127,0.294,0.923,Heavy congestion detected - signal timing extended and reroute suggested
EVT411191,2025-07-20 19:07:44,Trade Fair,J023,Basavanagudi,8693,Weekend,False,Clear,False,0.0,False,False,0.92,Severe,9.1,68.4,496.0,0.186,0.43,0.919,Heavy congestion detected - signal timing extended and reroute suggested
EVT411192,2025-12-01 14:03:32,Sports Fixture,J012,Koramangala Sony World,15071,Weekday,False,Clear,False,0.0,False,False,0.253,Low,36.0,21.7,145.0,0.147,0.339,0.978,Moderate traffic flow - standard adaptive signal timing in effect
EVT411193,2025-02-10 08:58:51,Trade Fair,J009,Majestic,13119,Weekday,False,Clear,False,0.0,False,False,1.0,Severe,8.5,71.9,671.0,0.222,0.512,0.897,Heavy congestion detected - signal timing extended and reroute suggested
EVT411194,2025-11-24 17:32:42,Sports Fixture,J011,Indiranagar 100ft Road,12228,Weekday,False,Clear,False,0.0,False,False,0.913,Severe,11.5,67.7,409.3,0.182,0.42,0.969,Heavy congestion detected - signal timing extended and reroute suggested
EVT411195,2025-10-01 10:44:19,Political Rally,J012,Koramangala Sony World,9970,Weekday,False,Clear,False,0.0,False,False,0.505,Moderate,23.4,37.1,114.5,0.087,0.201,0.985,Moderate traffic flow - standard adaptive signal timing in effect
EVT411196,2025-11-27 20:43:18,Local Market Day,J040,City Market,3702,Weekday,False,Clear,False,0.0,False,False,0.435,Moderate,28.9,31.0,190.5,0.163,0.377,0.952,Moderate traffic flow - standard adaptive signal timing in effect
EVT411197,2026-05-14 11:35:24,Concert,J009,Majestic,11015,Weekday,False,Clear,False,0.0,False,False,0.334,Low,34.4,29.1,138.9,0.12,0.277,0.975,Moderate traffic flow - standard adaptive signal timing in effect
EVT411198,2025-11-12 12:43:33,Local Market Day,J020,Malleshwaram Circle,6960,Weekday,False,Clear,False,0.0,False,False,0.142,Low,34.9,6.9,100.9,0.092,0.212,0.983,Normal free-flow traffic - standard signal timing maintained
EVT411199,2026-05-02 06:52:44,Religious Festival,J012,Koramangala Sony World,56919,Weekend,True,Clear,False,0.0,False,False,0.892,Severe,14.2,62.8,283.8,0.171,0.395,0.905,Festival crowd surge detected - alternate route and extended cycle recommended
EVT411200,2026-05-23 16:31:32,Concert,J031,Cubbon Road,7361,Weekend,False,Clear,False,0.0,False,False,0.544,Moderate,20.9,39.1,302.3,0.182,0.42,0.945,Moderate traffic flow - standard adaptive signal timing in effect
EVT411201,2026-05-12 17:44:08,Trade Fair,J012,Koramangala Sony World,6793,Weekday,False,Clear,False,0.0,False,False,0.92,Severe,13.3,72.1,523.8,0.28,0.646,0.927,Heavy congestion detected - signal timing extended and reroute suggested
EVT411202,2025-07-08 16:40:38,Local Market Day,J020,Malleshwaram Circle,2677,Weekday,False,Light Rain,True,6.0,False,False,0.717,High,15.8,52.5,401.8,0.187,0.431,0.895,Heavy rain reducing visibility and grip - reduced speed and longer buffer advised
EVT411203,2025-08-03 09:32:05,Concert,J012,Koramangala Sony World,26470,Weekend,False,Clear,False,0.0,False,False,0.901,Severe,13.4,67.1,453.2,0.223,0.515,0.923,Heavy congestion detected - signal timing extended and reroute suggested
EVT411204,2025-10-05 19:29:55,Concert,J023,Basavanagudi,9402,Weekend,False,Clear,False,0.0,False,False,0.781,Severe,17.2,58.3,206.7,0.12,0.277,0.951,Heavy congestion detected - signal timing extended and reroute suggested
EVT411205,2025-06-04 09:53:17,Concert,J011,Indiranagar 100ft Road,10499,Weekday,False,Clear,False,0.0,False,False,0.89,Severe,12.5,57.1,225.4,0.111,0.255,0.928,Heavy congestion detected - signal timing extended and reroute suggested
EVT411206,2025-03-08 17:36:35,Local Market Day,J011,Indiranagar 100ft Road,3147,Weekend,False,Clear,False,0.0,False,False,0.793,Severe,18.6,56.3,205.2,0.148,0.343,0.963,Heavy congestion detected - signal timing extended and reroute suggested
EVT411207,2025-10-12 15:39:48,Trade Fair,J020,Malleshwaram Circle,21156,Weekend,False,Clear,False,0.0,False,False,0.459,Moderate,25.9,28.4,194.1,0.136,0.313,0.967,Moderate traffic flow - standard adaptive signal timing in effect
EVT411208,2025-08-05 08:40:54,Political Rally,J030,MG Road,9257,Weekday,False,Rain,True,20.6,False,False,1.0,Severe,8.9,76.6,570.5,0.211,0.488,0.869,Heavy rain reducing visibility and grip - reduced speed and longer buffer advised
EVT411209,2025-11-15 13:05:54,Trade Fair,J030,MG Road,7982,Weekend,False,Clear,False,0.0,False,False,0.281,Low,35.4,25.9,166.0,0.143,0.33,0.983,Moderate traffic flow - standard adaptive signal timing in effect
EVT411210,2025-08-06 08:29:57,Political Rally,J011,Indiranagar 100ft Road,13019,Weekday,False,Clear,False,0.0,False,False,0.993,Severe,9.2,66.6,203.8,0.084,0.195,0.876,Heavy congestion detected - signal timing extended and reroute suggested
EVT411211,2025-01-21 18:57:54,Concert,J012,Koramangala Sony World,9100,Weekday,False,Clear,False,0.0,False,False,0.964,Severe,7.3,67.0,635.9,0.182,0.421,0.932,Heavy congestion detected - signal timing extended and reroute suggested
EVT411212,2025-08-24 15:55:15,Trade Fair,J040,City Market,8892,Weekend,False,Clear,False,0.0,False,False,0.422,Moderate,22.1,32.7,244.5,0.158,0.365,0.96,Moderate traffic flow - standard adaptive signal timing in effect
EVT411213,2025-05-13 18:33:12,Concert,J020,Malleshwaram Circle,12458,Weekday,False,Clear,False,0.0,False,False,1.0,Severe,7.8,72.7,711.1,0.225,0.52,0.887,Heavy congestion detected - signal timing extended and reroute suggested
EVT411214,2025-01-20 10:28:58,Concert,J040,City Market,8484,Weekday,False,Clear,False,0.0,False,False,0.65,High,20.1,46.6,226.3,0.138,0.319,0.957,Moderate traffic flow - standard adaptive signal timing in effect
EVT411215,2025-06-26 07:38:02,Local Market Day,J031,Cubbon Road,4142,Weekday,False,Rain,True,8.4,False,False,0.748,High,16.6,57.9,285.9,0.147,0.339,0.927,Heavy rain reducing visibility and grip - reduced speed and longer buffer advised
EVT411216,2025-02-14 17:01:35,Political Rally,J031,Cubbon Road,13820,Weekday,False,Clear,False,0.0,False,False,0.796,Severe,18.3,58.2,224.2,0.121,0.28,0.95,Heavy congestion detected - signal timing extended and reroute suggested
EVT411217,2025-08-10 15:38:16,Local Market Day,J020,Malleshwaram Circle,4211,Weekend,False,Rain,True,23.2,False,False,0.607,High,14.8,48.6,221.6,0.111,0.257,0.87,Heavy rain reducing visibility and grip - reduced speed and longer buffer advised
EVT411218,2025-03-16 05:40:54,Sports Fixture,J023,Basavanagudi,11469,Weekend,False,Clear,False,0.0,False,False,0.306,Low,26.9,27.8,200.9,0.129,0.298,0.974,Moderate traffic flow - standard adaptive signal timing in effect
EVT411219,2025-11-19 07:31:46,Sports Fixture,J040,City Market,25120,Weekday,False,Clear,False,0.0,False,False,0.737,High,18.8,46.9,275.2,0.156,0.36,0.957,Moderate traffic flow - standard adaptive signal timing in effect
EVT411220,2025-06-12 08:33:01,Local Market Day,J012,Koramangala Sony World,2868,Weekday,False,Clear,False,0.0,False,False,0.94,Severe,9.5,75.0,243.8,0.088,0.203,0.93,Heavy congestion detected - signal timing extended and reroute suggested
EVT411221,2025-03-29 19:14:46,Concert,J020,Malleshwaram Circle,10958,Weekend,False,Clear,False,0.0,False,False,0.813,Severe,15.0,54.0,306.8,0.172,0.397,0.952,Heavy congestion detected - signal timing extended and reroute suggested
EVT411222,2026-03-26 13:34:57,Cultural Procession,J040,City Market,16606,Weekday,True,Clear,False,0.0,False,True,0.7,Moderate,17.1,63.6,311.9,0.162,0.373,0.88,Road closure for event/procession - full detour recommended for through-traffic
EVT411223,2026-05-14 10:31:08,Concert,J030,MG Road,15421,Weekday,False,Clear,False,0.0,False,False,0.708,High,18.4,52.1,342.6,0.21,0.485,0.988,Moderate traffic flow - standard adaptive signal timing in effect
EVT411224,2025-11-08 23:52:31,Trade Fair,J009,Majestic,9677,Weekend,False,Clear,False,0.0,False,False,0.288,Low,37.4,18.8,139.6,0.125,0.289,0.978,Moderate traffic flow - standard adaptive signal timing in effect
EVT411225,2026-05-21 09:20:10,Trade Fair,J012,Koramangala Sony World,9503,Weekday,False,Clear,False,0.0,False,False,0.968,Severe,8.7,71.9,539.7,0.192,0.443,0.931,Heavy congestion detected - signal timing extended and reroute suggested
EVT411226,2026-06-11 19:01:22,Sports Fixture,J011,Indiranagar 100ft Road,18220,Weekday,False,Clear,False,0.0,False,False,1.0,Severe,8.6,70.5,407.1,0.147,0.34,0.932,Heavy congestion detected - signal timing extended and reroute suggested
EVT411227,2026-06-18 09:45:28,Political Rally,J011,Indiranagar 100ft Road,23065,Weekday,False,Rain,True,21.9,False,False,1.0,Severe,7.5,71.9,486.7,0.166,0.384,0.875,Heavy rain reducing visibility and grip - reduced speed and longer buffer advised
EVT411228,2025-05-19 06:24:29,Concert,J009,Majestic,10827,Weekday,False,Clear,False,0.0,False,False,0.262,Low,38.8,14.0,97.8,0.098,0.226,0.952,Moderate traffic flow - standard adaptive signal timing in effect
EVT411229,2025-06-15 13:55:21,Local Market Day,J009,Majestic,6916,Weekend,False,Fog,False,0.0,False,False,0.259,Low,34.2,19.5,164.1,0.151,0.348,0.973,Moderate traffic flow - standard adaptive signal timing in effect
EVT411230,2026-06-05 10:55:14,Local Market Day,J009,Majestic,5506,Weekday,False,Clear,False,0.0,False,False,0.523,Moderate,21.2,38.8,195.2,0.132,0.306,0.961,Moderate traffic flow - standard adaptive signal timing in effect
EVT411231,2025-02-07 16:34:01,Trade Fair,J009,Majestic,6766,Weekday,False,Clear,False,0.0,False,False,0.593,High,20.4,39.6,243.6,0.135,0.312,0.975,Moderate traffic flow - standard adaptive signal timing in effect
EVT411232,2025-11-10 05:13:28,Trade Fair,J030,MG Road,5781,Weekday,False,Clear,False,0.0,False,False,0.186,Low,33.2,8.0,129.0,0.106,0.245,0.954,Normal free-flow traffic - standard signal timing maintained
EVT411233,2026-03-26 06:32:46,Cultural Procession,J011,Indiranagar 100ft Road,17041,Weekday,True,Clear,False,0.0,False,True,0.766,High,16.5,80.8,312.5,0.175,0.405,0.846,Road closure for event/procession - full detour recommended for through-traffic
EVT411234,2026-06-05 05:01:55,Sports Fixture,J009,Majestic,37481,Weekday,False,Clear,False,0.0,False,False,0.339,Low,31.1,23.1,166.8,0.132,0.306,0.977,Moderate traffic flow - standard adaptive signal timing in effect
EVT411235,2025-04-06 08:28:49,Fireworks Display,J040,City Market,22605,Weekend,True,Clear,False,0.0,False,False,1.0,Severe,7.2,71.5,738.2,0.216,0.499,0.839,Festival crowd surge detected - alternate route and extended cycle recommended
EVT411236,2025-12-18 11:48:29,Concert,J030,MG Road,11469,Weekday,False,Clear,False,0.0,False,False,0.267,Low,36.3,23.1,134.3,0.122,0.283,0.972,Moderate traffic flow - standard adaptive signal timing in effect
EVT411237,2025-10-29 18:17:02,Concert,J020,Malleshwaram Circle,5685,Weekday,False,Clear,False,0.0,False,False,1.0,Severe,6.0,73.8,723.6,0.204,0.471,0.904,Heavy congestion detected - signal timing extended and reroute suggested
EVT411238,2026-05-27 13:59:52,Sports Fixture,J009,Majestic,20887,Weekday,False,Light Rain,True,2.2,False,False,0.286,Low,32.9,18.8,131.3,0.12,0.278,0.921,Light rain detected - minor speed reduction advised
EVT411239,2025-03-16 07:34:02,Sports Fixture,J020,Malleshwaram Circle,29165,Weekend,False,Clear,False,0.0,False,False,0.82,Severe,15.7,56.3,265.0,0.148,0.341,0.949,Heavy congestion detected - signal timing extended and reroute suggested
EVT411240,2025-03-27 13:13:28,Trade Fair,J030,MG Road,14556,Weekday,False,Clear,False,0.0,False,False,0.319,Low,24.1,21.6,247.9,0.151,0.349,0.947,Moderate traffic flow - standard adaptive signal timing in effect
EVT411241,2025-03-23 06:26:32,Concert,J020,Malleshwaram Circle,15261,Weekend,False,Clear,False,0.0,False,False,0.428,Moderate,29.5,33.1,134.5,0.118,0.272,0.96,Moderate traffic flow - standard adaptive signal timing in effect
EVT411242,2025-09-12 07:01:26,Trade Fair,J011,Indiranagar 100ft Road,5751,Weekday,False,Clear,False,0.0,False,False,0.416,Moderate,30.5,32.3,131.0,0.117,0.27,0.987,Moderate traffic flow - standard adaptive signal timing in effect
EVT411243,2025-01-12 18:35:32,Sports Fixture,J031,Cubbon Road,47964,Weekend,False,Clear,False,0.0,False,False,1.0,Severe,9.2,68.9,338.3,0.126,0.292,0.907,Heavy congestion detected - signal timing extended and reroute suggested
EVT411244,2025-06-28 12:55:04,Concert,J020,Malleshwaram Circle,7777,Weekend,False,Clear,False,0.0,False,False,0.25,Low,30.9,15.0,129.8,0.112,0.259,0.98,Moderate traffic flow - standard adaptive signal timing in effect
EVT411245,2025-04-02 23:55:48,Trade Fair,J012,Koramangala Sony World,6324,Weekday,False,Clear,False,0.0,False,False,0.198,Low,32.8,14.5,112.1,0.08,0.185,0.973,Normal free-flow traffic - standard signal timing maintained
EVT411246,2025-07-05 20:30:49,Sports Fixture,J030,MG Road,10329,Weekend,False,Heavy Rain,True,33.7,False,False,0.963,Severe,10.3,65.9,468.3,0.157,0.363,0.85,Heavy rain reducing visibility and grip - reduced speed and longer buffer advised
EVT411247,2025-04-07 16:40:07,Religious Festival,J030,MG Road,30665,Weekday,True,Clear,False,0.0,False,True,1.0,Severe,6.9,99.4,1050.1,0.288,0.665,0.828,Road closure for event/procession - full detour recommended for through-traffic
EVT411248,2026-01-01 12:14:38,Religious Festival,J020,Malleshwaram Circle,60910,Weekday,True,Fog,False,0.0,False,True,0.92,Severe,8.9,92.0,532.4,0.207,0.479,0.826,Road closure for event/procession - full detour recommended for through-traffic
EVT411249,2025-10-25 18:43:08,Political Rally,J023,Basavanagudi,14221,Weekend,False,Rain,True,8.3,False,False,1.0,Severe,7.7,77.1,847.2,0.27,0.624,0.848,Heavy rain reducing visibility and grip - reduced speed and longer buffer advised
EVT411250,2026-01-22 07:41:33,Local Market Day,J030,MG Road,3237,Weekday,False,Clear,False,0.0,False,False,0.768,Severe,16.5,57.1,346.9,0.181,0.418,0.949,Heavy congestion detected - signal timing extended and reroute suggested
EVT411251,2026-06-15 22:09:08,Sports Fixture,J031,Cubbon Road,33842,Weekday,False,Clear,False,0.0,False,False,0.366,Moderate,25.5,27.1,210.8,0.15,0.346,0.988,Moderate traffic flow - standard adaptive signal timing in effect
EVT411252,2025-02-02 10:43:42,Local Market Day,J040,City Market,4457,Weekend,False,Clear,False,0.0,False,False,0.474,Moderate,24.6,32.2,278.6,0.192,0.444,0.965,Moderate traffic flow - standard adaptive signal timing in effect
EVT411253,2026-02-23 11:27:22,Sports Fixture,J011,Indiranagar 100ft Road,29159,Weekday,False,Clear,False,0.0,False,False,0.451,Moderate,28.1,30.0,110.4,0.074,0.171,0.983,Moderate traffic flow - standard adaptive signal timing in effect
EVT411254,2025-03-13 08:55:43,Sports Fixture,J031,Cubbon Road,21101,Weekday,False,Clear,False,0.0,False,False,1.0,Severe,7.8,70.4,360.1,0.126,0.29,0.922,Heavy congestion detected - signal timing extended and reroute suggested
EVT411255,2026-04-24 21:03:39,Concert,J040,City Market,14925,Weekday,False,Clear,False,0.0,False,False,0.421,Moderate,20.7,34.5,272.3,0.167,0.386,0.972,Moderate traffic flow - standard adaptive signal timing in effect
EVT411256,2025-03-09 15:56:38,Local Market Day,J012,Koramangala Sony World,2368,Weekend,False,Clear,False,0.0,False,False,0.421,Moderate,25.8,28.0,213.7,0.141,0.325,0.964,Moderate traffic flow - standard adaptive signal timing in effect
EVT411257,2025-09-08 18:13:53,Sports Fixture,J030,MG Road,23208,Weekday,False,Clear,False,0.0,False,False,1.0,Severe,9.0,77.5,355.8,0.129,0.298,0.902,Heavy congestion detected - signal timing extended and reroute suggested
EVT411258,2025-08-06 11:34:00,Local Market Day,J030,MG Road,1577,Weekday,False,Clear,False,0.0,False,False,0.263,Low,30.5,15.5,133.8,0.098,0.226,0.948,Moderate traffic flow - standard adaptive signal timing in effect
EVT411259,2025-02-28 19:08:05,Local Market Day,J030,MG Road,5787,Weekday,False,Clear,False,0.0,False,False,0.99,Severe,7.4,68.4,586.2,0.194,0.447,0.918,Heavy congestion detected - signal timing extended and reroute suggested
EVT411260,2026-05-13 16:25:38,Concert,J030,MG Road,15363,Weekday,False,Clear,False,0.0,False,False,0.58,High,25.0,41.1,137.9,0.113,0.26,0.972,Moderate traffic flow - standard adaptive signal timing in effect
EVT411261,2025-05-08 01:45:11,Political Rally,J009,Majestic,14834,Weekday,False,Clear,False,0.0,False,False,0.214,Low,33.6,18.0,130.3,0.112,0.258,0.989,Normal free-flow traffic - standard signal timing maintained
EVT411262,2025-02-07 12:21:29,Local Market Day,J023,Basavanagudi,2564,Weekday,False,Clear,False,0.0,False,False,0.203,Low,32.2,18.3,92.3,0.075,0.173,0.976,Normal free-flow traffic - standard signal timing maintained
EVT411263,2026-05-30 19:44:01,Concert,J012,Koramangala Sony World,9781,Weekend,False,Clear,False,0.0,False,False,0.743,High,15.4,52.2,211.6,0.121,0.28,0.954,Moderate traffic flow - standard adaptive signal timing in effect
EVT411264,2025-10-07 10:09:05,Concert,J040,City Market,9159,Weekday,False,Heavy Rain,True,71.5,False,False,1.0,Severe,8.4,71.4,596.6,0.19,0.438,0.862,Heavy rain reducing visibility and grip - reduced speed and longer buffer advised
EVT411265,2025-04-11 05:09:09,Concert,J030,MG Road,11339,Weekday,False,Fog,False,0.0,False,False,0.251,Low,32.4,13.3,156.7,0.154,0.356,0.972,Moderate traffic flow - standard adaptive signal timing in effect
EVT411266,2026-06-02 20:30:38,Concert,J011,Indiranagar 100ft Road,13116,Weekday,False,Rain,True,20.9,False,False,0.867,Severe,15.6,64.2,158.5,0.09,0.209,0.895,Heavy rain reducing visibility and grip - reduced speed and longer buffer advised
EVT411267,2025-06-11 15:18:23,Local Market Day,J040,City Market,6339,Weekday,False,Clear,False,0.0,False,False,0.349,Low,27.3,31.8,230.1,0.162,0.374,0.986,Moderate traffic flow - standard adaptive signal timing in effect
EVT411268,2026-06-27 11:05:01,Sports Fixture,J023,Basavanagudi,14421,Weekend,False,Clear,False,0.0,False,False,0.503,Moderate,26.4,38.2,140.7,0.094,0.218,0.98,Moderate traffic flow - standard adaptive signal timing in effect
EVT411269,2026-06-26 22:41:38,Concert,J011,Indiranagar 100ft Road,11308,Weekday,False,Rain,True,16.9,False,False,0.398,Moderate,25.4,28.7,214.2,0.151,0.349,0.91,Light rain detected - minor speed reduction advised
EVT411270,2025-05-30 21:52:54,Sports Fixture,J030,MG Road,23147,Weekday,False,Clear,False,0.0,False,False,0.294,Low,35.0,20.9,147.8,0.126,0.291,0.966,Moderate traffic flow - standard adaptive signal timing in effect
EVT411271,2026-06-26 16:20:12,Trade Fair,J009,Majestic,15625,Weekday,False,Heavy Rain,True,40.1,False,False,0.96,Severe,10.8,65.6,466.0,0.211,0.487,0.836,Heavy rain reducing visibility and grip - reduced speed and longer buffer advised
EVT411272,2026-01-13 10:09:59,Concert,J011,Indiranagar 100ft Road,13524,Weekday,False,Clear,False,0.0,False,False,0.832,Severe,12.8,63.8,410.6,0.197,0.455,0.942,Heavy congestion detected - signal timing extended and reroute suggested
EVT411273,2026-04-20 08:40:27,Trade Fair,J012,Koramangala Sony World,10049,Weekday,False,Clear,False,0.0,False,False,0.973,Severe,9.3,66.5,763.8,0.281,0.648,0.944,Heavy congestion detected - signal timing extended and reroute suggested
EVT411274,2025-06-20 11:10:31,Local Market Day,J040,City Market,3940,Weekday,False,Rain,True,15.4,False,False,0.596,High,21.1,38.9,234.1,0.14,0.324,0.899,Heavy rain reducing visibility and grip - reduced speed and longer buffer advised
EVT411275,2025-07-30 14:53:33,Concert,J023,Basavanagudi,14094,Weekday,False,Rain,True,8.1,False,False,0.351,Moderate,29.2,28.1,64.4,0.044,0.101,0.939,Light rain detected - minor speed reduction advised
EVT411276,2025-09-07 19:22:19,Local Market Day,J009,Majestic,1569,Weekend,False,Clear,False,0.0,False,False,0.766,Severe,14.6,62.6,436.0,0.208,0.48,0.968,Heavy congestion detected - signal timing extended and reroute suggested
EVT411277,2025-03-26 18:53:14,Local Market Day,J040,City Market,3187,Weekday,False,Clear,False,0.0,False,False,1.0,Severe,9.3,73.4,619.4,0.264,0.61,0.926,Heavy congestion detected - signal timing extended and reroute suggested
EVT411278,2025-12-19 13:50:32,Local Market Day,J011,Indiranagar 100ft Road,6094,Weekday,False,Fog,False,0.0,False,False,0.183,Low,33.0,11.1,171.5,0.138,0.32,0.965,Normal free-flow traffic - standard signal timing maintained
EVT411279,2026-05-27 12:15:34,Concert,J009,Majestic,9720,Weekday,False,Clear,False,0.0,False,False,0.274,Low,40.0,16.5,149.9,0.155,0.357,0.961,Moderate traffic flow - standard adaptive signal timing in effect
EVT411280,2025-11-07 09:53:12,Local Market Day,J011,Indiranagar 100ft Road,2640,Weekday,False,Clear,False,0.0,False,False,0.82,Severe,18.3,59.5,293.9,0.175,0.404,0.971,Heavy congestion detected - signal timing extended and reroute suggested
EVT411281,2025-08-17 22:02:06,Local Market Day,J040,City Market,3937,Weekend,False,Clear,False,0.0,False,False,0.338,Low,20.6,18.4,327.7,0.186,0.429,0.963,Moderate traffic flow - standard adaptive signal timing in effect
EVT411282,2025-04-21 09:28:49,Sports Fixture,J012,Koramangala Sony World,60078,Weekday,False,Light Rain,True,7.1,False,False,1.0,Severe,9.0,78.3,850.8,0.289,0.667,0.87,Heavy rain reducing visibility and grip - reduced speed and longer buffer advised
EVT411283,2025-05-13 11:12:22,Political Rally,J011,Indiranagar 100ft Road,9983,Weekday,False,Clear,False,0.0,False,False,0.399,Moderate,26.9,29.1,137.8,0.1,0.232,0.948,Moderate traffic flow - standard adaptive signal timing in effect
EVT411284,2025-08-09 08:22:34,Political Rally,J030,MG Road,28330,Weekend,False,Clear,False,0.0,False,False,0.985,Severe,9.8,69.7,388.5,0.164,0.38,0.937,Heavy congestion detected - signal timing extended and reroute suggested
EVT411285,2025-11-02 11:25:15,Cultural Procession,J011,Indiranagar 100ft Road,21348,Weekend,True,Clear,False,0.0,False,False,0.67,High,20.7,48.7,143.5,0.105,0.243,0.914,Festival crowd surge detected - alternate route and extended cycle recommended
EVT411286,2025-10-24 03:55:18,Sports Fixture,J009,Majestic,40953,Weekday,False,Rain,True,12.4,False,False,0.5,Moderate,29.2,37.3,97.3,0.06,0.139,0.914,Light rain detected - minor speed reduction advised
EVT411287,2025-06-29 18:46:15,Trade Fair,J031,Cubbon Road,12957,Weekend,False,Clear,False,0.0,False,False,0.871,Severe,12.6,61.9,363.4,0.17,0.392,0.932,Heavy congestion detected - signal timing extended and reroute suggested
EVT411288,2025-12-16 22:47:29,Trade Fair,J040,City Market,20935,Weekday,False,Clear,False,0.0,False,False,0.364,Moderate,27.9,26.6,97.2,0.067,0.156,0.953,Moderate traffic flow - standard adaptive signal timing in effect
EVT411289,2026-01-29 15:04:21,Local Market Day,J009,Majestic,3139,Weekday,False,Clear,False,0.0,False,False,0.305,Low,27.3,24.4,208.0,0.154,0.356,0.97,Moderate traffic flow - standard adaptive signal timing in effect
EVT411290,2025-10-23 15:25:28,Concert,J012,Koramangala Sony World,11459,Weekday,False,Clear,False,0.0,False,False,0.352,Moderate,28.6,30.4,152.1,0.098,0.227,0.96,Moderate traffic flow - standard adaptive signal timing in effect
EVT411291,2026-05-29 16:59:43,Sports Fixture,J009,Majestic,21514,Weekday,False,Clear,False,0.0,False,False,0.808,Severe,14.6,55.6,197.7,0.1,0.231,0.99,Heavy congestion detected - signal timing extended and reroute suggested
EVT411292,2026-05-28 11:36:30,Sports Fixture,J023,Basavanagudi,25439,Weekday,False,Clear,False,0.0,False,False,0.441,Moderate,25.4,28.3,174.3,0.107,0.248,0.962,Moderate traffic flow - standard adaptive signal timing in effect
EVT411293,2026-05-05 20:04:41,Local Market Day,J009,Majestic,5463,Weekday,False,Clear,False,0.0,False,False,0.779,Severe,15.4,57.4,263.1,0.134,0.31,0.984,Heavy congestion detected - signal timing extended and reroute suggested
EVT411294,2025-12-11 10:17:21,Sports Fixture,J030,MG Road,42732,Weekday,False,Clear,False,0.0,False,False,0.946,Severe,8.8,65.1,516.4,0.183,0.423,0.94,Heavy congestion detected - signal timing extended and reroute suggested
EVT411295,2025-04-09 12:15:16,Trade Fair,J040,City Market,7123,Weekday,False,Clear,False,0.0,False,False,0.164,Low,31.2,7.3,97.6,0.086,0.199,0.99,Normal free-flow traffic - standard signal timing maintained
EVT411296,2025-06-16 16:12:00,Political Rally,J012,Koramangala Sony World,17902,Weekday,False,Clear,False,0.0,False,False,0.586,High,25.1,34.9,149.1,0.102,0.235,0.959,Moderate traffic flow - standard adaptive signal timing in effect
EVT411297,2026-03-22 06:46:14,Sports Fixture,J011,Indiranagar 100ft Road,10341,Weekend,False,Clear,False,0.0,False,False,0.475,Moderate,23.1,26.8,336.5,0.224,0.518,0.96,Moderate traffic flow - standard adaptive signal timing in effect
EVT411298,2025-05-13 15:23:00,Concert,J009,Majestic,15115,Weekday,False,Clear,False,0.0,False,False,0.309,Low,28.7,19.9,131.1,0.104,0.241,0.957,Moderate traffic flow - standard adaptive signal timing in effect
EVT411299,2025-12-19 17:45:04,Sports Fixture,J031,Cubbon Road,15245,Weekday,False,Clear,False,0.0,False,False,1.0,Severe,7.1,70.7,676.4,0.212,0.49,0.927,Heavy congestion detected - signal timing extended and reroute suggested
EVT411300,2025-04-16 06:44:43,Sports Fixture,J031,Cubbon Road,29572,Weekday,False,Clear,False,0.0,False,False,0.536,Moderate,18.0,33.9,169.7,0.094,0.216,0.974,Moderate traffic flow - standard adaptive signal timing in effect
EVT411301,2025-04-24 08:36:44,Concert,J031,Cubbon Road,19071,Weekday,False,Clear,False,0.0,False,False,1.0,Severe,8.0,73.6,547.2,0.177,0.409,0.926,Heavy congestion detected - signal timing extended and reroute suggested
EVT411302,2026-01-05 13:55:24,Concert,J011,Indiranagar 100ft Road,32285,Weekday,False,Clear,False,0.0,False,False,0.413,Moderate,29.1,32.8,170.2,0.147,0.341,0.954,Moderate traffic flow - standard adaptive signal timing in effect
EVT411303,2025-04-19 14:59:20,Local Market Day,J012,Koramangala Sony World,4430,Weekend,False,Clear,False,0.0,False,False,0.285,Low,25.0,20.6,208.1,0.133,0.308,0.966,Moderate traffic flow - standard adaptive signal timing in effect
EVT411304,2025-03-25 21:20:20,Trade Fair,J012,Koramangala Sony World,8332,Weekday,False,Clear,False,0.0,False,False,0.328,Low,30.9,28.8,177.8,0.122,0.283,0.983,Moderate traffic flow - standard adaptive signal timing in effect
EVT411305,2025-11-30 09:03:33,Concert,J023,Basavanagudi,10268,Weekend,False,Clear,False,0.0,False,False,0.866,Severe,12.9,60.4,373.6,0.184,0.425,0.921,Heavy congestion detected - signal timing extended and reroute suggested
EVT411306,2025-01-15 21:02:18,Cultural Procession,J020,Malleshwaram Circle,12117,Weekday,True,Clear,False,0.0,False,True,0.86,High,11.7,85.3,402.5,0.182,0.421,0.853,Road closure for event/procession - full detour recommended for through-traffic
EVT411307,2025-02-11 10:33:32,Local Market Day,J020,Malleshwaram Circle,5023,Weekday,False,Clear,False,0.0,False,False,0.651,High,20.4,44.4,211.5,0.15,0.347,0.943,Moderate traffic flow - standard adaptive signal timing in effect
EVT411308,2026-05-04 14:53:31,Trade Fair,J011,Indiranagar 100ft Road,5516,Weekday,False,Clear,False,0.0,False,False,0.267,Low,31.5,18.7,167.3,0.129,0.298,0.959,Moderate traffic flow - standard adaptive signal timing in effect
EVT411309,2025-06-27 22:49:55,Trade Fair,J012,Koramangala Sony World,13733,Weekday,False,Rain,True,9.8,False,False,0.38,Moderate,24.3,25.3,140.9,0.102,0.236,0.924,Light rain detected - minor speed reduction advised
EVT411310,2025-11-20 19:36:04,Sports Fixture,J030,MG Road,19500,Weekday,False,Clear,False,0.0,False,False,1.0,Severe,7.7,77.0,529.0,0.174,0.403,0.912,Heavy congestion detected - signal timing extended and reroute suggested
EVT411311,2026-03-30 17:56:52,Local Market Day,J012,Koramangala Sony World,3972,Weekday,False,Clear,False,0.0,False,False,1.0,Severe,8.5,69.0,837.2,0.276,0.639,0.95,Heavy congestion detected - signal timing extended and reroute suggested
EVT411312,2025-05-20 07:52:43,Trade Fair,J020,Malleshwaram Circle,5801,Weekday,False,Clear,False,0.0,False,False,0.766,Severe,16.8,54.6,312.4,0.191,0.44,0.955,Heavy congestion detected - signal timing extended and reroute suggested
EVT411313,2025-10-22 14:31:51,Cultural Procession,J031,Cubbon Road,13583,Weekday,True,Clear,False,0.0,False,True,0.674,Moderate,20.1,69.0,241.1,0.152,0.352,0.929,Road closure for event/procession - full detour recommended for through-traffic
EVT411314,2026-01-07 13:28:03,Local Market Day,J009,Majestic,2780,Weekday,False,Clear,False,0.0,False,False,0.218,Low,23.8,7.6,165.1,0.099,0.228,0.939,Normal free-flow traffic - standard signal timing maintained
EVT411315,2025-05-03 10:33:45,Trade Fair,J012,Koramangala Sony World,4239,Weekend,False,Clear,False,0.0,False,False,0.536,Moderate,25.5,38.7,221.5,0.153,0.354,0.907,Moderate traffic flow - standard adaptive signal timing in effect
EVT411316,2025-10-17 17:05:41,Local Market Day,J011,Indiranagar 100ft Road,2485,Weekday,False,Rain,True,19.3,False,False,0.92,Severe,12.5,61.6,305.4,0.162,0.375,0.875,Heavy rain reducing visibility and grip - reduced speed and longer buffer advised
EVT411317,2025-01-31 16:26:35,Concert,J020,Malleshwaram Circle,17272,Weekday,False,Clear,False,0.0,False,False,0.706,High,14.1,57.5,398.9,0.191,0.442,0.975,Moderate traffic flow - standard adaptive signal timing in effect
EVT411318,2025-06-24 04:42:52,Concert,J009,Majestic,12846,Weekday,False,Clear,False,0.0,False,False,0.214,Low,26.0,14.8,102.2,0.054,0.125,0.955,Normal free-flow traffic - standard signal timing maintained
EVT411319,2025-09-10 10:41:08,Concert,J040,City Market,17101,Weekday,False,Clear,False,0.0,True,False,1.0,Severe,9.2,72.2,344.3,0.12,0.278,0.744,Accident detected nearby - reroute and reduced speed advised
EVT411320,2025-01-09 23:01:57,Trade Fair,J012,Koramangala Sony World,6909,Weekday,False,Clear,False,0.0,False,False,0.201,Low,31.5,10.2,119.9,0.105,0.242,0.969,Normal free-flow traffic - standard signal timing maintained
EVT411321,2026-03-26 17:22:11,Fireworks Display,J040,City Market,25822,Weekday,True,Clear,False,0.0,False,False,1.0,Severe,8.7,65.5,309.9,0.121,0.28,0.86,Festival crowd surge detected - alternate route and extended cycle recommended
EVT411322,2025-04-23 21:59:41,Sports Fixture,J040,City Market,20176,Weekday,False,Clear,False,0.0,False,False,0.315,Low,26.9,25.8,172.8,0.113,0.261,0.952,Moderate traffic flow - standard adaptive signal timing in effect
EVT411323,2025-09-11 06:26:27,Sports Fixture,J011,Indiranagar 100ft Road,30849,Weekday,False,Clear,False,0.0,False,False,0.453,Moderate,29.0,33.7,200.0,0.141,0.325,0.96,Moderate traffic flow - standard adaptive signal timing in effect
EVT411324,2026-03-27 15:29:59,Religious Festival,J031,Cubbon Road,52826,Weekday,True,Clear,False,0.0,False,False,0.783,Severe,11.6,57.4,393.7,0.184,0.425,0.921,Festival crowd surge detected - alternate route and extended cycle recommended
EVT411325,2026-05-01 18:01:18,Cultural Procession,J040,City Market,19841,Weekday,True,Rain,True,8.1,False,True,1.0,Severe,8.4,97.2,224.0,0.116,0.269,0.777,Road closure for event/procession - full detour recommended for through-traffic
EVT411326,2025-04-12 14:29:58,Sports Fixture,J020,Malleshwaram Circle,29087,Weekend,False,Clear,False,0.0,False,False,0.404,Moderate,28.2,36.5,163.8,0.134,0.309,0.961,Moderate traffic flow - standard adaptive signal timing in effect
EVT411327,2026-06-11 17:57:09,Local Market Day,J023,Basavanagudi,1994,Weekday,False,Clear,False,0.0,False,False,1.0,Severe,8.3,70.9,626.4,0.206,0.477,0.909,Heavy congestion detected - signal timing extended and reroute suggested
EVT411328,2025-10-08 07:49:15,Concert,J030,MG Road,8538,Weekday,False,Clear,False,0.0,False,False,0.8,Severe,17.6,56.2,161.7,0.096,0.223,0.99,Heavy congestion detected - signal timing extended and reroute suggested
EVT411329,2026-03-20 15:13:53,Religious Festival,J023,Basavanagudi,48715,Weekday,True,Clear,False,0.0,False,False,0.797,Severe,17.1,51.9,371.2,0.201,0.465,0.894,Festival crowd surge detected - alternate route and extended cycle recommended
EVT411330,2025-07-03 19:18:04,Local Market Day,J040,City Market,4630,Weekday,False,Rain,True,19.4,False,False,1.0,Severe,8.5,76.6,826.0,0.272,0.627,0.85,Heavy rain reducing visibility and grip - reduced speed and longer buffer advised
EVT411331,2025-10-31 07:45:28,Local Market Day,J030,MG Road,3412,Weekday,False,Clear,False,0.0,False,False,0.709,High,18.4,53.5,160.5,0.102,0.236,0.959,Moderate traffic flow - standard adaptive signal timing in effect
EVT411332,2026-05-15 16:40:49,Sports Fixture,J031,Cubbon Road,18563,Weekday,False,Clear,False,0.0,False,False,0.777,Severe,20.8,54.7,185.3,0.129,0.297,0.949,Heavy congestion detected - signal timing extended and reroute suggested
EVT411333,2026-05-07 17:51:12,Local Market Day,J030,MG Road,4504,Weekday,False,Clear,False,0.0,False,False,0.991,Severe,8.7,81.6,572.9,0.211,0.487,0.912,Heavy congestion detected - signal timing extended and reroute suggested
EVT411334,2025-01-09 07:50:02,Sports Fixture,J011,Indiranagar 100ft Road,27193,Weekday,False,Clear,False,0.0,False,False,0.911,Severe,13.1,64.4,497.9,0.231,0.535,0.959,Heavy congestion detected - signal timing extended and reroute suggested
EVT411335,2025-08-07 17:16:15,Sports Fixture,J011,Indiranagar 100ft Road,28556,Weekday,False,Heavy Rain,True,47.8,False,False,1.0,Severe,8.2,75.3,458.4,0.147,0.339,0.861,Heavy rain reducing visibility and grip - reduced speed and longer buffer advised
EVT411336,2026-06-11 02:08:08,Political Rally,J009,Majestic,18404,Weekday,False,Heavy Rain,True,47.6,False,False,0.596,High,24.1,42.7,220.4,0.165,0.382,0.928,Heavy rain reducing visibility and grip - reduced speed and longer buffer advised
EVT411337,2025-12-22 13:37:18,Concert,J023,Basavanagudi,10548,Weekday,False,Clear,False,0.0,False,False,0.229,Low,30.4,15.4,119.0,0.087,0.201,0.947,Normal free-flow traffic - standard signal timing maintained
EVT411338,2026-04-10 20:06:00,Local Market Day,J030,MG Road,3529,Weekday,False,Clear,False,0.0,False,False,0.692,High,17.9,51.3,363.2,0.232,0.535,0.937,Moderate traffic flow - standard adaptive signal timing in effect
EVT411339,2025-02-25 17:48:49,Local Market Day,J030,MG Road,2892,Weekday,False,Clear,False,0.0,False,False,0.957,Severe,9.5,69.6,263.5,0.121,0.281,0.928,Heavy congestion detected - signal timing extended and reroute suggested
EVT411340,2025-01-19 15:20:41,Local Market Day,J012,Koramangala Sony World,4075,Weekend,False,Clear,False,0.0,False,False,0.366,Moderate,29.6,23.1,160.3,0.13,0.301,0.963,Moderate traffic flow - standard adaptive signal timing in effect
EVT411341,2026-03-26 15:47:03,Cultural Procession,J023,Basavanagudi,18576,Weekday,True,Clear,False,0.0,True,True,1.0,Severe,7.5,100.0,587.9,0.212,0.489,0.669,Road closure for event/procession - full detour recommended for through-traffic
EVT411342,2025-11-19 17:44:34,Sports Fixture,J012,Koramangala Sony World,14738,Weekday,False,Clear,False,0.0,False,False,0.953,Severe,10.5,60.1,370.8,0.152,0.351,0.91,Heavy congestion detected - signal timing extended and reroute suggested
EVT411343,2025-08-05 07:13:37,Trade Fair,J023,Basavanagudi,7254,Weekday,False,Clear,False,0.0,False,False,0.536,Moderate,29.9,42.0,228.4,0.201,0.465,0.987,Moderate traffic flow - standard adaptive signal timing in effect
EVT411344,2025-04-30 05:51:59,Sports Fixture,J031,Cubbon Road,23696,Weekday,False,Clear,False,0.0,False,False,0.303,Low,39.2,23.7,118.6,0.116,0.269,0.957,Moderate traffic flow - standard adaptive signal timing in effect
EVT411345,2025-10-31 19:14:03,Local Market Day,J030,MG Road,2765,Weekday,False,Clear,False,0.0,False,False,0.95,Severe,9.1,67.4,569.4,0.214,0.494,0.928,Heavy congestion detected - signal timing extended and reroute suggested
EVT411346,2025-08-14 06:33:45,Political Rally,J012,Koramangala Sony World,9262,Weekday,False,Clear,False,0.0,False,False,0.39,Moderate,27.1,28.8,95.2,0.065,0.15,0.953,Moderate traffic flow - standard adaptive signal timing in effect
EVT411347,2025-01-19 20:32:44,Political Rally,J023,Basavanagudi,17338,Weekend,False,Clear,False,0.0,False,False,0.64,High,20.6,42.1,196.2,0.131,0.303,0.962,Moderate traffic flow - standard adaptive signal timing in effect
EVT411348,2026-04-08 18:48:57,Local Market Day,J030,MG Road,4534,Weekday,False,Clear,False,0.0,False,False,0.991,Severe,7.3,70.7,398.6,0.124,0.286,0.926,Heavy congestion detected - signal timing extended and reroute suggested
EVT411349,2026-03-10 08:54:21,Concert,J023,Basavanagudi,14899,Weekday,False,Clear,False,0.0,False,False,1.0,Severe,9.1,73.6,530.5,0.195,0.45,0.926,Heavy congestion detected - signal timing extended and reroute suggested
EVT411350,2025-01-01 15:47:26,Concert,J030,MG Road,7364,Weekday,False,Clear,False,0.0,False,False,0.34,Low,28.6,22.4,133.7,0.118,0.273,0.957,Moderate traffic flow - standard adaptive signal timing in effect
EVT411351,2025-06-30 16:15:16,Concert,J031,Cubbon Road,36804,Weekday,False,Clear,False,0.0,False,False,0.711,High,13.8,49.5,395.8,0.187,0.432,0.969,Moderate traffic flow - standard adaptive signal timing in effect
EVT411352,2025-01-02 08:48:25,Political Rally,J031,Cubbon Road,24674,Weekday,False,Clear,False,0.0,False,False,1.0,Severe,9.1,69.9,648.0,0.213,0.491,0.929,Heavy congestion detected - signal timing extended and reroute suggested
EVT411353,2025-09-16 08:50:01,Concert,J031,Cubbon Road,10775,Weekday,False,Rain,True,9.4,False,False,1.0,Severe,9.6,67.1,509.0,0.205,0.474,0.837,Heavy rain reducing visibility and grip - reduced speed and longer buffer advised
EVT411354,2026-05-08 09:04:41,Sports Fixture,J009,Majestic,34353,Weekday,False,Clear,False,0.0,False,False,1.0,Severe,8.2,69.9,265.6,0.114,0.263,0.915,Heavy congestion detected - signal timing extended and reroute suggested
EVT411355,2026-02-27 10:17:49,Trade Fair,J020,Malleshwaram Circle,10716,Weekday,False,Clear,False,0.0,False,False,0.655,High,17.2,46.9,217.3,0.144,0.332,0.987,Moderate traffic flow - standard adaptive signal timing in effect
EVT411356,2025-07-01 19:30:16,Political Rally,J009,Majestic,15831,Weekday,False,Clear,False,0.0,False,False,0.968,Severe,8.2,63.1,956.1,0.308,0.712,0.933,Heavy congestion detected - signal timing extended and reroute suggested
EVT411357,2025-11-05 14:19:48,Local Market Day,J020,Malleshwaram Circle,8421,Weekday,False,Clear,False,0.0,False,False,0.185,Low,35.3,17.1,120.4,0.104,0.24,0.98,Normal free-flow traffic - standard signal timing maintained
EVT411358,2025-02-21 15:10:33,Trade Fair,J040,City Market,15914,Weekday,False,Clear,False,0.0,False,False,0.318,Low,33.9,24.8,108.3,0.097,0.223,0.953,Moderate traffic flow - standard adaptive signal timing in effect
EVT411359,2026-01-06 09:37:45,Sports Fixture,J040,City Market,23456,Weekday,False,Clear,False,0.0,False,False,1.0,Severe,5.9,67.5,649.2,0.158,0.365,0.927,Heavy congestion detected - signal timing extended and reroute suggested
EVT411360,2025-01-24 19:43:02,Local Market Day,J040,City Market,6851,Weekday,False,Clear,False,0.0,False,False,0.792,Severe,14.3,54.4,200.7,0.115,0.265,0.948,Heavy congestion detected - signal timing extended and reroute suggested
EVT411361,2025-05-23 09:14:54,Local Market Day,J009,Majestic,1578,Weekday,False,Clear,False,0.0,False,False,1.0,Severe,7.0,68.6,634.4,0.169,0.391,0.902,Heavy congestion detected - signal timing extended and reroute suggested
EVT411362,2025-12-31 08:13:33,Local Market Day,J011,Indiranagar 100ft Road,6795,Weekday,False,Clear,False,0.0,False,False,0.928,Severe,11.3,69.0,272.4,0.11,0.254,0.949,Heavy congestion detected - signal timing extended and reroute suggested
EVT411363,2025-12-10 20:26:50,Trade Fair,J031,Cubbon Road,9306,Weekday,False,Clear,False,0.0,False,False,0.668,High,22.9,46.3,332.2,0.234,0.542,0.97,Moderate traffic flow - standard adaptive signal timing in effect
EVT411364,2025-04-11 17:46:32,Local Market Day,J023,Basavanagudi,5447,Weekday,False,Clear,False,0.0,False,False,0.903,Severe,9.4,64.1,410.5,0.155,0.358,0.93,Heavy congestion detected - signal timing extended and reroute suggested
EVT411365,2026-05-02 16:43:20,Cultural Procession,J030,MG Road,12997,Weekend,True,Rain,True,11.4,False,True,1.0,Severe,7.5,103.2,703.4,0.232,0.535,0.816,Road closure for event/procession - full detour recommended for through-traffic
EVT411366,2026-01-29 21:38:47,Concert,J030,MG Road,10990,Weekday,False,Clear,False,0.0,False,False,0.336,Low,32.2,23.5,121.6,0.08,0.185,0.979,Moderate traffic flow - standard adaptive signal timing in effect
EVT411367,2025-12-01 06:50:47,Political Rally,J030,MG Road,18838,Weekday,False,Clear,False,0.0,False,False,0.452,Moderate,24.0,34.2,303.7,0.227,0.525,0.976,Moderate traffic flow - standard adaptive signal timing in effect
EVT411368,2025-12-29 13:25:40,Local Market Day,J031,Cubbon Road,5856,Weekday,False,Clear,False,0.0,False,False,0.199,Low,31.6,8.5,80.3,0.073,0.169,0.945,Normal free-flow traffic - standard signal timing maintained
EVT411369,2026-06-06 20:59:59,Sports Fixture,J009,Majestic,37245,Weekend,False,Rain,True,8.3,False,False,0.692,High,17.0,43.2,213.5,0.119,0.275,0.911,Heavy rain reducing visibility and grip - reduced speed and longer buffer advised
EVT411370,2026-04-24 07:14:40,Local Market Day,J009,Majestic,5361,Weekday,False,Clear,False,0.0,False,False,0.511,Moderate,26.4,38.7,214.6,0.158,0.366,0.99,Moderate traffic flow - standard adaptive signal timing in effect
EVT411371,2026-03-06 18:38:18,Trade Fair,J030,MG Road,13223,Weekday,False,Clear,False,0.0,False,False,1.0,Severe,9.9,70.0,522.1,0.209,0.483,0.938,Heavy congestion detected - signal timing extended and reroute suggested
EVT411372,2025-01-06 13:33:21,Local Market Day,J040,City Market,4943,Weekday,False,Clear,False,0.0,False,False,0.179,Low,32.0,10.9,172.0,0.123,0.284,0.97,Normal free-flow traffic - standard signal timing maintained
EVT411373,2025-06-17 14:20:42,Political Rally,J030,MG Road,19337,Weekday,False,Clear,False,0.0,False,False,0.323,Low,32.9,24.8,139.2,0.105,0.243,0.943,Moderate traffic flow - standard adaptive signal timing in effect
EVT411374,2026-06-16 09:35:49,Sports Fixture,J023,Basavanagudi,24921,Weekday,False,Clear,False,0.0,False,False,1.0,Severe,8.8,71.2,493.4,0.17,0.392,0.927,Heavy congestion detected - signal timing extended and reroute suggested
EVT411375,2025-11-14 22:09:45,Concert,J011,Indiranagar 100ft Road,10131,Weekday,False,Clear,False,0.0,False,False,0.281,Low,36.3,19.9,112.0,0.106,0.245,0.984,Moderate traffic flow - standard adaptive signal timing in effect
EVT411376,2026-01-15 07:33:57,Cultural Procession,J009,Majestic,18386,Weekday,True,Clear,False,0.0,False,True,1.0,Severe,8.2,100.3,642.7,0.199,0.459,0.859,Road closure for event/procession - full detour recommended for through-traffic
EVT411377,2025-09-10 17:50:00,Trade Fair,J031,Cubbon Road,6149,Weekday,False,Clear,False,0.0,False,False,0.912,Severe,9.4,65.3,361.9,0.142,0.328,0.922,Heavy congestion detected - signal timing extended and reroute suggested
EVT411378,2026-04-15 17:39:28,Religious Festival,J030,MG Road,66228,Weekday,True,Clear,False,0.0,False,True,1.0,Severe,6.9,95.6,400.7,0.125,0.29,0.809,Road closure for event/procession - full detour recommended for through-traffic
EVT411379,2025-10-06 07:38:22,Concert,J011,Indiranagar 100ft Road,13822,Weekday,False,Clear,False,0.0,False,False,0.763,Severe,19.1,48.9,266.0,0.19,0.438,0.949,Heavy congestion detected - signal timing extended and reroute suggested
EVT411380,2026-03-11 17:44:51,Concert,J040,City Market,10538,Weekday,False,Clear,False,0.0,False,False,0.944,Severe,10.4,63.8,428.9,0.16,0.369,0.917,Heavy congestion detected - signal timing extended and reroute suggested
EVT411381,2026-03-11 12:30:10,Trade Fair,J023,Basavanagudi,9227,Weekday,False,Clear,False,0.0,False,False,0.244,Low,30.3,20.1,183.9,0.169,0.391,0.989,Normal free-flow traffic - standard signal timing maintained
EVT411382,2025-04-11 06:36:18,Sports Fixture,J020,Malleshwaram Circle,13172,Weekday,False,Clear,False,0.0,False,False,0.359,Moderate,25.8,27.9,135.8,0.079,0.182,0.976,Moderate traffic flow - standard adaptive signal timing in effect
EVT411383,2025-06-24 12:28:12,Local Market Day,J030,MG Road,3140,Weekday,False,Heavy Rain,True,31.1,False,False,0.508,Moderate,22.0,43.3,226.3,0.157,0.364,0.899,Light rain detected - minor speed reduction advised
EVT411384,2025-01-25 19:31:29,Sports Fixture,J023,Basavanagudi,24419,Weekend,False,Clear,False,0.0,False,False,0.932,Severe,10.1,61.6,673.9,0.258,0.597,0.936,Heavy congestion detected - signal timing extended and reroute suggested
EVT411385,2026-05-06 10:05:14,Sports Fixture,J011,Indiranagar 100ft Road,50226,Weekday,False,Clear,False,0.0,False,False,1.0,Severe,9.7,74.3,454.0,0.217,0.501,0.929,Heavy congestion detected - signal timing extended and reroute suggested
EVT411386,2025-10-27 15:54:26,Local Market Day,J011,Indiranagar 100ft Road,3877,Weekday,False,Clear,False,0.0,False,False,0.439,Moderate,24.6,33.6,303.4,0.211,0.488,0.949,Moderate traffic flow - standard adaptive signal timing in effect
EVT411387,2026-03-17 23:08:06,Political Rally,J011,Indiranagar 100ft Road,16061,Weekday,False,Light Rain,True,1.3,False,False,0.25,Low,30.8,26.1,163.1,0.132,0.305,0.931,Light rain detected - minor speed reduction advised
EVT411388,2026-01-25 19:51:44,Local Market Day,J011,Indiranagar 100ft Road,2966,Weekend,False,Clear,False,0.0,False,False,0.614,High,22.3,40.7,298.0,0.235,0.542,0.933,Moderate traffic flow - standard adaptive signal timing in effect
EVT411389,2026-01-14 17:14:44,Fireworks Display,J011,Indiranagar 100ft Road,13760,Weekday,True,Clear,False,0.0,False,False,0.951,Severe,9.6,60.8,341.8,0.114,0.263,0.871,Festival crowd surge detected - alternate route and extended cycle recommended
EVT411390,2025-06-20 09:43:52,Local Market Day,J012,Koramangala Sony World,2971,Weekday,False,Heavy Rain,True,50.6,False,False,1.0,Severe,7.1,74.5,786.0,0.232,0.535,0.86,Heavy rain reducing visibility and grip - reduced speed and longer buffer advised
EVT411391,2026-06-28 15:29:17,Concert,J012,Koramangala Sony World,9909,Weekend,False,Light Rain,True,3.2,False,False,0.343,Low,30.1,28.3,160.3,0.114,0.264,0.887,Light rain detected - minor speed reduction advised
EVT411392,2025-05-30 23:01:23,Sports Fixture,J030,MG Road,23401,Weekday,False,Rain,True,11.1,False,False,0.577,High,24.1,44.5,195.2,0.157,0.362,0.921,Heavy rain reducing visibility and grip - reduced speed and longer buffer advised
EVT411393,2026-04-23 08:20:45,Local Market Day,J009,Majestic,5066,Weekday,False,Light Rain,True,0.7,False,False,0.984,Severe,9.9,68.9,786.6,0.284,0.656,0.848,Heavy rain reducing visibility and grip - reduced speed and longer buffer advised
EVT411394,2026-02-11 13:37:43,Trade Fair,J011,Indiranagar 100ft Road,11860,Weekday,False,Clear,False,0.0,False,False,0.199,Low,38.4,13.7,94.5,0.088,0.202,0.961,Normal free-flow traffic - standard signal timing maintained
EVT411395,2025-05-02 08:35:19,Religious Festival,J012,Koramangala Sony World,43320,Weekday,True,Clear,False,0.0,False,True,1.0,Severe,9.2,105.2,390.1,0.158,0.365,0.821,Road closure for event/procession - full detour recommended for through-traffic
EVT411396,2025-09-12 19:20:41,Political Rally,J031,Cubbon Road,9018,Weekday,False,Clear,False,0.0,False,False,1.0,Severe,8.8,67.3,606.7,0.22,0.508,0.889,Heavy congestion detected - signal timing extended and reroute suggested
EVT411397,2025-01-12 06:42:51,Local Market Day,J031,Cubbon Road,3223,Weekend,False,Clear,False,0.0,False,False,0.384,Moderate,27.4,28.3,193.6,0.125,0.289,0.961,Moderate traffic flow - standard adaptive signal timing in effect
EVT411398,2025-10-09 14:01:40,Local Market Day,J011,Indiranagar 100ft Road,1319,Weekday,False,Heavy Rain,True,43.3,False,False,0.581,High,25.6,40.2,156.4,0.125,0.288,0.912,Heavy rain reducing visibility and grip - reduced speed and longer buffer advised
EVT411399,2025-02-12 08:12:14,Local Market Day,J009,Majestic,10020,Weekday,False,Clear,False,0.0,False,False,0.956,Severe,11.3,76.7,475.1,0.2,0.462,0.918,Heavy congestion detected - signal timing extended and reroute suggested
EVT411400,2026-04-01 17:17:02,Political Rally,J023,Basavanagudi,8019,Weekday,False,Clear,False,0.0,False,False,0.8,Severe,15.4,58.4,488.7,0.249,0.575,0.945,Heavy congestion detected - signal timing extended and reroute suggested
EVT411401,2025-05-06 09:53:14,Local Market Day,J040,City Market,4332,Weekday,False,Fog,False,0.0,False,False,0.815,Severe,13.9,55.9,284.7,0.136,0.314,0.943,Heavy congestion detected - signal timing extended and reroute suggested
EVT411402,2026-03-09 14:11:17,Local Market Day,J031,Cubbon Road,11851,Weekday,False,Clear,False,0.0,False,False,0.214,Low,35.3,19.4,155.8,0.13,0.299,0.97,Normal free-flow traffic - standard signal timing maintained
EVT411403,2025-06-27 07:48:12,Local Market Day,J012,Koramangala Sony World,3550,Weekday,False,Clear,False,0.0,False,False,0.714,High,20.2,55.8,129.0,0.087,0.202,0.954,Moderate traffic flow - standard adaptive signal timing in effect
EVT411404,2025-12-20 16:53:24,Local Market Day,J040,City Market,4988,Weekend,False,Clear,False,0.0,False,False,0.687,High,15.1,47.7,146.8,0.08,0.184,0.96,Moderate traffic flow - standard adaptive signal timing in effect
EVT411405,2025-01-18 12:02:49,Trade Fair,J040,City Market,5361,Weekend,False,Clear,False,0.0,False,False,0.283,Low,32.8,27.1,228.3,0.182,0.421,0.951,Moderate traffic flow - standard adaptive signal timing in effect
EVT411406,2025-01-31 17:00:37,Trade Fair,J030,MG Road,13582,Weekday,False,Clear,False,0.0,False,False,0.811,Severe,13.4,63.0,437.5,0.212,0.489,0.923,Heavy congestion detected - signal timing extended and reroute suggested
EVT411407,2025-06-14 06:50:17,Local Market Day,J020,Malleshwaram Circle,6527,Weekend,False,Clear,False,0.0,False,False,0.462,Moderate,30.1,33.4,193.1,0.147,0.339,0.965,Moderate traffic flow - standard adaptive signal timing in effect
EVT411408,2025-02-12 08:43:18,Concert,J031,Cubbon Road,10095,Weekday,False,Light Rain,True,0.9,False,False,1.0,Severe,8.0,66.4,710.8,0.224,0.517,0.823,Heavy rain reducing visibility and grip - reduced speed and longer buffer advised
EVT411409,2025-07-23 23:49:10,Concert,J011,Indiranagar 100ft Road,10717,Weekday,False,Rain,True,21.2,False,False,0.473,Moderate,30.0,33.1,218.9,0.204,0.472,0.942,Light rain detected - minor speed reduction advised
EVT411410,2026-02-14 16:31:36,Concert,J020,Malleshwaram Circle,9360,Weekend,False,Clear,False,0.0,False,False,0.628,High,20.8,43.6,311.9,0.215,0.497,0.984,Moderate traffic flow - standard adaptive signal timing in effect
EVT411411,2025-02-19 19:41:37,Sports Fixture,J012,Koramangala Sony World,16580,Weekday,False,Clear,False,0.0,False,False,0.854,Severe,12.7,67.9,355.0,0.175,0.404,0.931,Heavy congestion detected - signal timing extended and reroute suggested
EVT411412,2026-06-04 20:56:26,Trade Fair,J040,City Market,12632,Weekday,False,Fog,False,0.0,False,False,0.545,Moderate,25.9,36.8,267.9,0.179,0.414,0.976,Moderate traffic flow - standard adaptive signal timing in effect
EVT411413,2026-05-21 07:07:55,Concert,J009,Majestic,21258,Weekday,False,Clear,False,0.0,False,False,0.55,Moderate,20.8,41.6,164.7,0.112,0.258,0.972,Moderate traffic flow - standard adaptive signal timing in effect
EVT411414,2026-04-07 14:54:24,Local Market Day,J023,Basavanagudi,2771,Weekday,False,Clear,False,0.0,False,False,0.233,Low,30.7,24.0,171.6,0.132,0.305,0.981,Normal free-flow traffic - standard signal timing maintained
EVT411415,2025-07-28 15:41:16,Trade Fair,J023,Basavanagudi,9395,Weekday,False,Clear,False,0.0,False,False,0.378,Moderate,29.3,24.1,159.1,0.124,0.285,0.986,Moderate traffic flow - standard adaptive signal timing in effect
EVT411416,2025-06-17 09:50:44,Trade Fair,J011,Indiranagar 100ft Road,9570,Weekday,False,Clear,False,0.0,False,False,0.834,Severe,16.4,56.8,331.5,0.189,0.436,0.937,Heavy congestion detected - signal timing extended and reroute suggested
EVT411417,2026-05-04 18:57:17,Trade Fair,J012,Koramangala Sony World,12848,Weekday,False,Clear,False,0.0,False,False,1.0,Severe,11.4,74.6,305.9,0.139,0.321,0.937,Heavy congestion detected - signal timing extended and reroute suggested
EVT411418,2025-01-15 20:47:08,Fireworks Display,J023,Basavanagudi,15797,Weekday,True,Clear,False,0.0,False,False,0.774,Severe,17.0,53.2,217.3,0.128,0.295,0.891,Festival crowd surge detected - alternate route and extended cycle recommended
EVT411419,2025-03-04 12:34:57,Political Rally,J030,MG Road,13303,Weekday,False,Clear,False,0.0,False,False,0.276,Low,36.5,25.5,166.8,0.164,0.378,0.974,Moderate traffic flow - standard adaptive signal timing in effect
EVT411420,2025-11-01 19:01:56,Fireworks Display,J040,City Market,22975,Weekend,True,Rain,True,9.0,False,False,1.0,Severe,8.4,72.3,604.5,0.219,0.505,0.797,Festival crowd surge detected - alternate route and extended cycle recommended
EVT411421,2025-03-08 07:31:29,Political Rally,J020,Malleshwaram Circle,13150,Weekend,False,Clear,False,0.0,False,False,0.669,High,19.9,52.4,185.9,0.123,0.285,0.958,Moderate traffic flow - standard adaptive signal timing in effect
EVT411422,2025-03-03 09:55:09,Concert,J031,Cubbon Road,9082,Weekday,False,Clear,False,0.0,False,False,0.935,Severe,9.6,68.0,505.8,0.189,0.437,0.952,Heavy congestion detected - signal timing extended and reroute suggested
EVT411423,2025-10-10 22:42:49,Concert,J023,Basavanagudi,12399,Weekday,False,Clear,False,0.0,False,False,0.312,Low,27.1,26.5,166.6,0.127,0.293,0.968,Moderate traffic flow - standard adaptive signal timing in effect
EVT411424,2026-03-26 17:40:59,Fireworks Display,J030,MG Road,34877,Weekday,True,Clear,False,0.0,False,False,1.0,Severe,8.5,70.5,595.2,0.196,0.452,0.851,Festival crowd surge detected - alternate route and extended cycle recommended
EVT411425,2025-11-22 21:44:43,Sports Fixture,J031,Cubbon Road,23362,Weekend,False,Clear,False,0.0,False,False,0.401,Moderate,27.4,34.2,111.9,0.093,0.214,0.961,Moderate traffic flow - standard adaptive signal timing in effect
EVT411426,2025-08-10 20:02:14,Sports Fixture,J020,Malleshwaram Circle,16656,Weekend,False,Clear,False,0.0,False,False,0.634,High,18.6,47.8,186.9,0.133,0.308,0.969,Moderate traffic flow - standard adaptive signal timing in effect
EVT411427,2025-05-31 09:42:42,Trade Fair,J040,City Market,8136,Weekend,False,Clear,False,0.0,False,False,0.826,Severe,13.8,59.2,488.1,0.224,0.518,0.942,Heavy congestion detected - signal timing extended and reroute suggested
EVT411428,2025-03-07 08:45:25,Sports Fixture,J009,Majestic,18922,Weekday,False,Clear,False,0.0,False,False,1.0,Severe,8.0,70.6,467.4,0.179,0.415,0.908,Heavy congestion detected - signal timing extended and reroute suggested
EVT411429,2025-09-27 20:07:59,Local Market Day,J031,Cubbon Road,2287,Weekend,False,Clear,False,0.0,False,False,0.605,High,22.5,49.0,211.1,0.142,0.327,0.99,Moderate traffic flow - standard adaptive signal timing in effect
EVT411430,2026-02-20 21:22:52,Concert,J020,Malleshwaram Circle,16586,Weekday,False,Clear,False,0.0,False,False,0.425,Moderate,26.8,40.4,228.5,0.156,0.361,0.972,Moderate traffic flow - standard adaptive signal timing in effect
EVT411431,2026-04-17 08:58:29,Local Market Day,J011,Indiranagar 100ft Road,5518,Weekday,False,Clear,False,0.0,False,False,1.0,Severe,7.9,74.2,476.3,0.161,0.371,0.921,Heavy congestion detected - signal timing extended and reroute suggested
EVT411432,2025-05-12 19:44:26,Sports Fixture,J020,Malleshwaram Circle,15027,Weekday,False,Clear,False,0.0,False,False,0.801,Severe,18.3,53.9,349.8,0.22,0.508,0.96,Heavy congestion detected - signal timing extended and reroute suggested
EVT411433,2026-04-19 19:23:20,Local Market Day,J031,Cubbon Road,2878,Weekend,False,Clear,False,0.0,False,False,0.771,Severe,13.1,62.5,291.9,0.149,0.344,0.987,Heavy congestion detected - signal timing extended and reroute suggested
EVT411434,2026-04-16 08:44:31,Local Market Day,J009,Majestic,7832,Weekday,False,Clear,False,0.0,False,False,1.0,Severe,7.8,69.7,849.6,0.271,0.626,0.902,Heavy congestion detected - signal timing extended and reroute suggested
EVT411435,2025-09-09 21:01:12,Local Market Day,J011,Indiranagar 100ft Road,2587,Weekday,False,Rain,True,21.9,False,False,0.621,High,25.9,41.6,218.7,0.173,0.399,0.915,Heavy rain reducing visibility and grip - reduced speed and longer buffer advised
EVT411436,2025-07-13 19:34:11,Political Rally,J011,Indiranagar 100ft Road,33615,Weekend,False,Heavy Rain,True,80.2,False,False,1.0,Severe,8.2,72.3,739.6,0.247,0.571,0.86,Heavy rain reducing visibility and grip - reduced speed and longer buffer advised
EVT411437,2026-03-18 16:53:06,Sports Fixture,J011,Indiranagar 100ft Road,23482,Weekday,False,Clear,False,0.0,False,False,0.803,Severe,16.7,60.0,251.6,0.135,0.311,0.944,Heavy congestion detected - signal timing extended and reroute suggested
EVT411438,2025-04-08 00:33:13,Concert,J011,Indiranagar 100ft Road,18397,Weekday,False,Clear,False,0.0,False,False,0.255,Low,35.6,18.0,88.8,0.098,0.227,0.98,Moderate traffic flow - standard adaptive signal timing in effect
EVT411439,2026-01-10 08:26:09,Local Market Day,J030,MG Road,4212,Weekend,False,Clear,False,0.0,False,False,0.839,Severe,15.8,60.2,368.7,0.184,0.425,0.958,Heavy congestion detected - signal timing extended and reroute suggested
EVT411440,2025-06-13 11:39:10,Local Market Day,J023,Basavanagudi,3023,Weekday,False,Clear,False,0.0,False,False,0.338,Low,25.1,18.7,81.6,0.074,0.171,0.952,Moderate traffic flow - standard adaptive signal timing in effect
EVT411441,2025-01-04 09:31:11,Local Market Day,J011,Indiranagar 100ft Road,4176,Weekend,False,Clear,False,0.0,False,False,0.839,Severe,15.2,55.8,388.2,0.215,0.497,0.936,Heavy congestion detected - signal timing extended and reroute suggested
EVT411442,2025-01-21 20:16:41,Local Market Day,J030,MG Road,3027,Weekday,False,Clear,False,0.0,False,False,0.615,High,22.9,44.6,274.7,0.197,0.454,0.966,Moderate traffic flow - standard adaptive signal timing in effect
EVT411443,2025-03-02 09:45:40,Local Market Day,J020,Malleshwaram Circle,4011,Weekend,False,Clear,False,0.0,False,False,0.743,High,15.9,47.0,439.2,0.232,0.536,0.99,Moderate traffic flow - standard adaptive signal timing in effect
EVT411444,2026-04-26 19:33:40,Political Rally,J040,City Market,25432,Weekend,False,Clear,False,0.0,False,False,0.856,Severe,17.1,58.2,366.0,0.24,0.555,0.94,Heavy congestion detected - signal timing extended and reroute suggested
EVT411445,2025-12-23 09:32:14,Trade Fair,J009,Majestic,7582,Weekday,False,Light Rain,True,6.5,False,False,1.0,Severe,7.4,70.6,668.0,0.206,0.475,0.869,Heavy rain reducing visibility and grip - reduced speed and longer buffer advised
EVT411446,2025-05-25 17:03:15,Concert,J011,Indiranagar 100ft Road,14584,Weekend,False,Clear,False,0.0,False,False,0.737,High,14.9,57.3,245.1,0.115,0.265,0.956,Moderate traffic flow - standard adaptive signal timing in effect
EVT411447,2025-12-20 10:52:22,Sports Fixture,J009,Majestic,26549,Weekend,False,Clear,False,0.0,False,False,0.663,High,20.2,45.2,162.3,0.108,0.25,0.985,Moderate traffic flow - standard adaptive signal timing in effect
EVT411448,2025-12-19 18:07:22,Sports Fixture,J012,Koramangala Sony World,18085,Weekday,False,Clear,False,0.0,False,False,1.0,Severe,9.4,79.5,523.0,0.2,0.461,0.923,Heavy congestion detected - signal timing extended and reroute suggested
EVT411449,2025-02-02 20:07:21,Trade Fair,J040,City Market,13005,Weekend,False,Clear,False,0.0,False,False,0.642,High,18.7,51.0,299.2,0.191,0.441,0.99,Moderate traffic flow - standard adaptive signal timing in effect
EVT411450,2025-04-23 08:37:36,Trade Fair,J023,Basavanagudi,12197,Weekday,False,Clear,False,0.0,False,False,1.0,Severe,9.4,75.4,654.7,0.254,0.586,0.936,Heavy congestion detected - signal timing extended and reroute suggested
EVT411451,2025-01-21 14:12:26,Political Rally,J040,City Market,17867,Weekday,False,Clear,False,0.0,False,False,0.25,Low,28.2,20.4,160.7,0.094,0.217,0.944,Moderate traffic flow - standard adaptive signal timing in effect
EVT411452,2025-07-22 10:23:40,Political Rally,J020,Malleshwaram Circle,12448,Weekday,False,Rain,True,20.1,False,False,0.791,Severe,15.0,56.6,321.4,0.18,0.415,0.889,Heavy rain reducing visibility and grip - reduced speed and longer buffer advised
EVT411453,2025-07-29 11:24:48,Local Market Day,J023,Basavanagudi,4290,Weekday,False,Clear,False,0.0,False,False,0.368,Moderate,31.0,25.9,217.8,0.168,0.389,0.957,Moderate traffic flow - standard adaptive signal timing in effect
EVT411454,2026-03-30 21:33:25,Local Market Day,J030,MG Road,3823,Weekday,False,Light Rain,True,1.1,False,False,0.398,Moderate,23.5,31.2,180.0,0.115,0.265,0.904,Light rain detected - minor speed reduction advised
EVT411455,2025-03-07 19:15:26,Sports Fixture,J030,MG Road,21950,Weekday,False,Clear,False,0.0,False,False,1.0,Severe,9.9,67.6,648.7,0.282,0.65,0.933,Heavy congestion detected - signal timing extended and reroute suggested
EVT411456,2026-06-10 20:25:14,Sports Fixture,J012,Koramangala Sony World,12217,Weekday,False,Clear,False,0.0,False,False,0.668,High,17.3,41.5,279.5,0.152,0.352,0.979,Moderate traffic flow - standard adaptive signal timing in effect
EVT411457,2025-07-05 18:04:32,Sports Fixture,J030,MG Road,22382,Weekend,False,Clear,False,0.0,False,False,0.977,Severe,9.3,67.9,201.0,0.086,0.199,0.949,Heavy congestion detected - signal timing extended and reroute suggested
EVT411458,2025-06-15 11:03:16,Trade Fair,J011,Indiranagar 100ft Road,8229,Weekend,False,Clear,False,0.0,False,False,0.462,Moderate,22.8,35.7,222.1,0.135,0.311,0.928,Moderate traffic flow - standard adaptive signal timing in effect
EVT411459,2025-01-24 19:14:08,Political Rally,J040,City Market,19455,Weekday,False,Clear,False,0.0,False,False,1.0,Severe,8.7,70.0,561.2,0.206,0.476,0.909,Heavy congestion detected - signal timing extended and reroute suggested
EVT411460,2026-04-27 16:52:24,Trade Fair,J020,Malleshwaram Circle,12607,Weekday,False,Clear,False,0.0,False,False,0.836,Severe,13.9,63.4,369.2,0.174,0.402,0.932,Heavy congestion detected - signal timing extended and reroute suggested
EVT411461,2025-06-18 16:23:00,Concert,J040,City Market,9521,Weekday,False,Clear,False,0.0,False,False,0.614,High,21.7,47.0,192.4,0.129,0.297,0.963,Moderate traffic flow - standard adaptive signal timing in effect
EVT411462,2026-03-16 18:36:18,Local Market Day,J040,City Market,3640,Weekday,False,Clear,False,0.0,False,False,0.97,Severe,8.0,66.3,373.2,0.142,0.329,0.908,Heavy congestion detected - signal timing extended and reroute suggested
EVT411463,2025-05-20 17:44:26,Concert,J020,Malleshwaram Circle,18953,Weekday,False,Clear,False,0.0,False,False,1.0,Severe,7.7,69.5,472.7,0.168,0.387,0.889,Heavy congestion detected - signal timing extended and reroute suggested
EVT411464,2025-06-26 22:18:10,Local Market Day,J012,Koramangala Sony World,3677,Weekday,False,Clear,False,0.0,False,False,0.262,Low,26.7,17.7,141.3,0.092,0.212,0.951,Moderate traffic flow - standard adaptive signal timing in effect
EVT411465,2025-03-09 20:26:50,Political Rally,J030,MG Road,8119,Weekend,False,Clear,False,0.0,False,False,0.512,Moderate,25.5,35.1,125.0,0.086,0.2,0.949,Moderate traffic flow - standard adaptive signal timing in effect
EVT411466,2025-09-25 11:21:33,Concert,J030,MG Road,8981,Weekday,False,Clear,False,0.0,False,False,0.274,Low,27.9,18.9,97.7,0.082,0.189,0.951,Moderate traffic flow - standard adaptive signal timing in effect
EVT411467,2025-09-07 13:28:19,Concert,J020,Malleshwaram Circle,11805,Weekend,False,Clear,False,0.0,False,False,0.333,Low,27.1,28.4,181.7,0.117,0.27,0.99,Moderate traffic flow - standard adaptive signal timing in effect
EVT411468,2025-04-25 12:35:32,Concert,J030,MG Road,14273,Weekday,False,Clear,False,0.0,False,False,0.234,Low,30.6,17.9,168.3,0.132,0.306,0.957,Normal free-flow traffic - standard signal timing maintained
EVT411469,2025-11-11 20:37:38,Concert,J040,City Market,10582,Weekday,False,Fog,False,0.0,False,False,0.612,High,21.0,41.4,125.7,0.069,0.159,0.962,Moderate traffic flow - standard adaptive signal timing in effect
EVT411470,2026-03-11 13:20:40,Trade Fair,J040,City Market,8673,Weekday,False,Clear,False,0.0,False,False,0.173,Low,31.2,15.3,206.1,0.166,0.383,0.955,Normal free-flow traffic - standard signal timing maintained
EVT411471,2026-02-15 08:48:54,Local Market Day,J030,MG Road,2944,Weekend,False,Clear,False,0.0,False,False,0.801,Severe,16.4,54.2,388.3,0.223,0.514,0.973,Heavy congestion detected - signal timing extended and reroute suggested
EVT411472,2025-07-09 08:16:11,Concert,J020,Malleshwaram Circle,13937,Weekday,False,Heavy Rain,True,51.0,False,False,1.0,Severe,7.4,69.6,202.3,0.087,0.201,0.854,Heavy rain reducing visibility and grip - reduced speed and longer buffer advised
EVT411473,2025-03-07 17:54:20,Local Market Day,J040,City Market,5191,Weekday,False,Clear,False,0.0,False,False,0.96,Severe,6.8,72.1,996.0,0.27,0.623,0.933,Heavy congestion detected - signal timing extended and reroute suggested
EVT411474,2025-07-06 19:26:04,Local Market Day,J011,Indiranagar 100ft Road,4407,Weekend,False,Clear,False,0.0,False,False,0.77,Severe,21.1,59.0,228.5,0.161,0.371,0.99,Heavy congestion detected - signal timing extended and reroute suggested
EVT411475,2026-01-02 16:36:02,Cultural Procession,J030,MG Road,28467,Weekday,True,Clear,False,0.0,False,True,1.0,Severe,8.3,97.7,543.7,0.202,0.466,0.831,Road closure for event/procession - full detour recommended for through-traffic
EVT411476,2025-05-03 16:25:24,Sports Fixture,J011,Indiranagar 100ft Road,25825,Weekend,False,Clear,False,0.0,False,False,0.596,High,26.0,41.6,275.7,0.229,0.529,0.973,Moderate traffic flow - standard adaptive signal timing in effect
EVT411477,2025-06-09 22:54:50,Concert,J031,Cubbon Road,8090,Weekday,False,Rain,True,10.3,False,False,0.335,Low,34.9,22.9,108.5,0.106,0.244,0.913,Light rain detected - minor speed reduction advised
EVT411478,2025-08-17 09:11:10,Trade Fair,J009,Majestic,7449,Weekend,False,Rain,True,9.9,False,False,0.994,Severe,7.4,68.3,834.6,0.242,0.558,0.876,Heavy rain reducing visibility and grip - reduced speed and longer buffer advised
EVT411479,2025-05-01 16:56:23,Cultural Procession,J023,Basavanagudi,15727,Weekday,True,Clear,False,0.0,False,True,1.0,Severe,7.8,104.2,480.4,0.18,0.417,0.821,Road closure for event/procession - full detour recommended for through-traffic
EVT411480,2026-01-21 13:09:15,Local Market Day,J012,Koramangala Sony World,2533,Weekday,False,Clear,False,0.0,False,False,0.133,Low,33.7,8.7,152.5,0.112,0.259,0.974,Normal free-flow traffic - standard signal timing maintained
EVT411481,2025-02-10 21:51:25,Local Market Day,J030,MG Road,5783,Weekday,False,Clear,False,0.0,False,False,0.296,Low,29.8,21.3,63.6,0.052,0.12,0.972,Moderate traffic flow - standard adaptive signal timing in effect
EVT411482,2026-04-14 06:13:30,Religious Festival,J031,Cubbon Road,37263,Weekday,True,Fog,False,0.0,False,True,0.808,High,15.7,72.2,340.2,0.194,0.448,0.888,Road closure for event/procession - full detour recommended for through-traffic
EVT411483,2026-06-11 18:58:35,Trade Fair,J012,Koramangala Sony World,6688,Weekday,False,Clear,False,0.0,False,False,1.0,Severe,8.0,74.3,741.2,0.22,0.509,0.884,Heavy congestion detected - signal timing extended and reroute suggested
EVT411484,2025-12-22 13:13:58,Political Rally,J030,MG Road,25533,Weekday,False,Clear,False,0.0,False,False,0.252,Low,29.4,21.3,98.0,0.054,0.126,0.952,Moderate traffic flow - standard adaptive signal timing in effect
EVT411485,2026-06-22 19:36:54,Sports Fixture,J009,Majestic,19871,Weekday,False,Clear,False,0.0,False,False,0.972,Severe,9.3,70.8,633.4,0.262,0.606,0.911,Heavy congestion detected - signal timing extended and reroute suggested
EVT411486,2025-06-20 12:02:12,Local Market Day,J023,Basavanagudi,7061,Weekday,False,Clear,False,0.0,False,False,0.243,Low,28.8,15.0,140.8,0.085,0.197,0.969,Normal free-flow traffic - standard signal timing maintained
EVT411487,2025-03-16 21:21:28,Local Market Day,J011,Indiranagar 100ft Road,2522,Weekend,False,Clear,False,0.0,False,False,0.363,Moderate,30.6,25.7,129.7,0.111,0.256,0.94,Moderate traffic flow - standard adaptive signal timing in effect
EVT411488,2025-04-04 18:34:21,Sports Fixture,J030,MG Road,36200,Weekday,False,Rain,True,15.2,False,False,1.0,Severe,6.4,78.2,546.1,0.158,0.364,0.864,Heavy rain reducing visibility and grip - reduced speed and longer buffer advised
EVT411489,2025-04-13 05:53:36,Trade Fair,J040,City Market,7444,Weekend,False,Clear,False,0.0,False,False,0.231,Low,27.5,20.2,261.3,0.194,0.447,0.948,Normal free-flow traffic - standard signal timing maintained
EVT411490,2025-02-08 16:00:52,Trade Fair,J011,Indiranagar 100ft Road,9266,Weekend,False,Clear,False,0.0,False,False,0.424,Moderate,22.9,29.2,147.8,0.074,0.171,0.962,Moderate traffic flow - standard adaptive signal timing in effect
EVT411491,2025-10-18 16:54:27,Sports Fixture,J012,Koramangala Sony World,32917,Weekend,False,Clear,False,0.0,False,False,0.868,Severe,13.1,63.5,338.4,0.163,0.376,0.955,Heavy congestion detected - signal timing extended and reroute suggested
EVT411492,2025-04-04 09:08:25,Local Market Day,J031,Cubbon Road,3352,Weekday,False,Clear,False,0.0,False,False,1.0,Severe,7.5,73.1,730.9,0.227,0.525,0.951,Heavy congestion detected - signal timing extended and reroute suggested
EVT411493,2025-08-06 17:35:44,Sports Fixture,J009,Majestic,14775,Weekday,False,Rain,True,24.0,False,False,1.0,Severe,7.1,73.8,695.3,0.199,0.46,0.879,Heavy rain reducing visibility and grip - reduced speed and longer buffer advised
EVT411494,2025-03-22 09:37:56,Local Market Day,J011,Indiranagar 100ft Road,3061,Weekend,False,Clear,False,0.0,False,False,0.807,Severe,14.0,58.2,230.3,0.121,0.28,0.954,Heavy congestion detected - signal timing extended and reroute suggested
EVT411495,2025-10-04 15:23:54,Trade Fair,J031,Cubbon Road,11780,Weekend,False,Clear,False,0.0,False,False,0.351,Moderate,34.4,21.6,137.9,0.127,0.293,0.964,Moderate traffic flow - standard adaptive signal timing in effect
EVT411496,2025-08-18 10:49:12,Sports Fixture,J030,MG Road,18638,Weekday,False,Clear,False,0.0,False,False,0.562,High,23.8,47.7,354.7,0.235,0.542,0.976,Moderate traffic flow - standard adaptive signal timing in effect
EVT411497,2025-10-28 11:21:25,Sports Fixture,J040,City Market,16202,Weekday,False,Clear,False,0.0,False,False,0.338,Low,20.1,24.8,233.4,0.123,0.284,0.957,Moderate traffic flow - standard adaptive signal timing in effect
EVT411498,2025-10-01 19:17:33,Local Market Day,J009,Majestic,4242,Weekday,False,Rain,True,12.6,False,False,1.0,Severe,6.6,79.1,674.8,0.187,0.431,0.878,Heavy rain reducing visibility and grip - reduced speed and longer buffer advised
EVT411499,2025-12-04 08:40:18,Trade Fair,J023,Basavanagudi,22660,Weekday,False,Clear,False,0.0,False,False,1.0,Severe,8.1,71.6,343.0,0.12,0.277,0.914,Heavy congestion detected - signal timing extended and reroute suggested
EVT411500,2025-10-02 15:14:40,Religious Festival,J020,Malleshwaram Circle,58873,Weekday,True,Clear,False,0.0,False,False,0.771,Severe,14.8,54.1,360.3,0.186,0.43,0.926,Festival crowd surge detected - alternate route and extended cycle recommended
EVT411501,2025-12-15 17:04:05,Sports Fixture,J023,Basavanagudi,18001,Weekday,False,Clear,False,0.0,False,False,0.793,Severe,12.0,56.0,776.2,0.315,0.728,0.973,Heavy congestion detected - signal timing extended and reroute suggested
EVT411502,2025-11-17 13:21:34,Trade Fair,J009,Majestic,8189,Weekday,False,Heavy Rain,True,42.0,False,False,0.599,High,24.5,41.3,210.5,0.134,0.31,0.938,Heavy rain reducing visibility and grip - reduced speed and longer buffer advised
EVT411503,2025-05-16 08:08:08,Sports Fixture,J011,Indiranagar 100ft Road,29360,Weekday,False,Clear,False,0.0,False,False,1.0,Severe,8.5,64.9,401.6,0.143,0.331,0.927,Heavy congestion detected - signal timing extended and reroute suggested
EVT411504,2025-09-14 11:12:42,Local Market Day,J040,City Market,5168,Weekend,False,Rain,True,7.9,False,False,0.549,Moderate,28.9,42.2,207.1,0.166,0.383,0.902,Light rain detected - minor speed reduction advised
EVT411505,2025-12-22 18:15:59,Local Market Day,J031,Cubbon Road,2259,Weekday,False,Clear,False,0.0,False,False,0.961,Severe,9.4,67.7,395.8,0.16,0.37,0.934,Heavy congestion detected - signal timing extended and reroute suggested
EVT411506,2025-05-18 09:46:37,Sports Fixture,J012,Koramangala Sony World,23051,Weekend,False,Clear,False,0.0,False,False,0.971,Severe,10.0,69.1,296.6,0.13,0.301,0.937,Heavy congestion detected - signal timing extended and reroute suggested
EVT411507,2025-06-22 17:07:57,Local Market Day,J023,Basavanagudi,4203,Weekend,False,Rain,True,18.4,False,False,0.862,Severe,14.2,59.7,285.1,0.158,0.364,0.894,Heavy rain reducing visibility and grip - reduced speed and longer buffer advised
EVT411508,2025-05-29 11:18:06,Sports Fixture,J031,Cubbon Road,16235,Weekday,False,Clear,False,0.0,False,False,0.397,Moderate,31.6,34.7,153.2,0.13,0.301,0.972,Moderate traffic flow - standard adaptive signal timing in effect
EVT411509,2025-05-20 22:43:29,Local Market Day,J031,Cubbon Road,5397,Weekday,False,Clear,False,0.0,False,False,0.2,Low,37.0,18.2,169.2,0.156,0.361,0.962,Normal free-flow traffic - standard signal timing maintained
EVT411510,2025-11-16 06:45:59,Sports Fixture,J040,City Market,16051,Weekend,False,Clear,False,0.0,False,False,0.469,Moderate,31.9,34.4,75.2,0.082,0.189,0.949,Moderate traffic flow - standard adaptive signal timing in effect
EVT411511,2026-01-18 09:59:43,Local Market Day,J009,Majestic,4971,Weekend,False,Clear,False,0.0,False,False,0.713,High,19.5,48.8,227.7,0.165,0.38,0.99,Moderate traffic flow - standard adaptive signal timing in effect
EVT411512,2025-10-11 21:34:18,Concert,J030,MG Road,10068,Weekend,False,Fog,False,0.0,False,False,0.421,Moderate,23.4,32.1,232.7,0.179,0.414,0.971,Moderate traffic flow - standard adaptive signal timing in effect
EVT411513,2026-01-13 15:27:55,Local Market Day,J040,City Market,3675,Weekday,False,Fog,False,0.0,False,False,0.313,Low,26.7,21.6,195.0,0.154,0.356,0.965,Moderate traffic flow - standard adaptive signal timing in effect
EVT411514,2026-03-25 13:28:34,Concert,J023,Basavanagudi,14334,Weekday,False,Clear,False,0.0,False,False,0.298,Low,29.7,19.0,200.6,0.138,0.32,0.977,Moderate traffic flow - standard adaptive signal timing in effect
EVT411515,2025-09-30 14:04:32,Sports Fixture,J020,Malleshwaram Circle,15725,Weekday,False,Clear,False,0.0,True,False,0.682,High,20.2,48.9,307.8,0.204,0.472,0.779,Accident detected nearby - reroute and reduced speed advised
EVT411516,2025-12-28 06:53:55,Sports Fixture,J031,Cubbon Road,16524,Weekend,False,Clear,False,0.0,False,False,0.518,Moderate,24.5,46.6,227.1,0.175,0.403,0.94,Moderate traffic flow - standard adaptive signal timing in effect
EVT411517,2025-06-03 10:28:48,Sports Fixture,J030,MG Road,23468,Weekday,False,Clear,False,0.0,False,False,0.73,High,20.4,56.5,297.4,0.194,0.448,0.96,Moderate traffic flow - standard adaptive signal timing in effect
EVT411518,2025-01-24 09:49:09,Local Market Day,J040,City Market,3917,Weekday,False,Clear,False,0.0,False,False,0.931,Severe,10.5,70.0,463.4,0.196,0.452,0.928,Heavy congestion detected - signal timing extended and reroute suggested
EVT411519,2025-07-09 08:42:36,Sports Fixture,J023,Basavanagudi,37499,Weekday,False,Rain,True,14.0,False,False,1.0,Severe,9.5,78.7,443.4,0.2,0.462,0.869,Heavy rain reducing visibility and grip - reduced speed and longer buffer advised
EVT411520,2025-12-23 20:30:18,Concert,J031,Cubbon Road,10713,Weekday,False,Fog,False,0.0,False,False,0.58,High,21.8,42.7,281.0,0.176,0.406,0.969,Moderate traffic flow - standard adaptive signal timing in effect
EVT411521,2026-01-05 08:05:25,Trade Fair,J009,Majestic,7514,Weekday,False,Clear,False,0.0,False,False,0.841,Severe,7.9,49.9,385.6,0.111,0.257,0.938,Heavy congestion detected - signal timing extended and reroute suggested
EVT411522,2026-02-05 16:41:07,Concert,J009,Majestic,19415,Weekday,False,Clear,False,0.0,False,False,0.729,High,20.8,53.1,222.9,0.158,0.364,0.963,Moderate traffic flow - standard adaptive signal timing in effect
EVT411523,2025-12-05 20:29:38,Concert,J011,Indiranagar 100ft Road,13776,Weekday,False,Clear,False,0.0,False,False,0.706,High,16.5,48.4,402.5,0.217,0.501,0.969,Moderate traffic flow - standard adaptive signal timing in effect
EVT411524,2026-06-05 10:22:27,Local Market Day,J011,Indiranagar 100ft Road,2810,Weekday,False,Clear,False,0.0,False,False,0.639,High,20.4,43.2,244.6,0.18,0.415,0.969,Moderate traffic flow - standard adaptive signal timing in effect
EVT411525,2025-03-03 06:43:50,Concert,J030,MG Road,5346,Weekday,False,Clear,False,0.0,False,False,0.327,Low,30.6,26.9,199.9,0.179,0.413,0.93,Moderate traffic flow - standard adaptive signal timing in effect
EVT411526,2025-08-16 08:21:09,Religious Festival,J031,Cubbon Road,34079,Weekend,True,Rain,True,18.5,False,True,1.0,Severe,8.6,106.9,468.3,0.197,0.455,0.803,Road closure for event/procession - full detour recommended for through-traffic
EVT411527,2025-07-23 18:02:05,Concert,J023,Basavanagudi,13387,Weekday,False,Heavy Rain,True,53.6,False,False,1.0,Severe,8.6,75.7,244.2,0.104,0.24,0.879,Heavy rain reducing visibility and grip - reduced speed and longer buffer advised
EVT411528,2026-01-20 21:57:42,Political Rally,J012,Koramangala Sony World,22329,Weekday,False,Clear,False,0.0,False,False,0.278,Low,24.4,22.7,142.2,0.093,0.214,0.964,Moderate traffic flow - standard adaptive signal timing in effect
EVT411529,2025-11-19 19:09:33,Concert,J009,Majestic,8024,Weekday,False,Fog,False,0.0,False,False,1.0,Severe,10.6,68.9,320.9,0.131,0.302,0.918,Heavy congestion detected - signal timing extended and reroute suggested
EVT411530,2026-04-18 21:06:59,Concert,J009,Majestic,13620,Weekend,False,Clear,False,0.0,False,False,0.537,Moderate,24.1,37.0,218.3,0.154,0.357,0.979,Moderate traffic flow - standard adaptive signal timing in effect
EVT411531,2025-06-22 17:47:23,Sports Fixture,J023,Basavanagudi,10861,Weekend,False,Clear,False,0.0,False,False,0.845,Severe,13.4,63.0,428.8,0.224,0.517,0.947,Heavy congestion detected - signal timing extended and reroute suggested
EVT411532,2025-11-05 07:27:58,Sports Fixture,J030,MG Road,10907,Weekday,False,Clear,False,0.0,False,False,0.686,High,17.3,49.1,406.8,0.213,0.492,0.983,Moderate traffic flow - standard adaptive signal timing in effect
EVT411533,2025-12-07 18:43:46,Local Market Day,J040,City Market,2405,Weekend,False,Clear,False,0.0,False,False,0.828,Severe,12.6,62.7,526.9,0.264,0.611,0.954,Heavy congestion detected - signal timing extended and reroute suggested
EVT411534,2025-07-24 23:53:04,Concert,J011,Indiranagar 100ft Road,17140,Weekday,False,Rain,True,22.9,False,False,0.452,Moderate,21.9,32.5,88.3,0.058,0.134,0.931,Light rain detected - minor speed reduction advised
EVT411535,2025-12-07 22:36:56,Local Market Day,J012,Koramangala Sony World,4022,Weekend,False,Clear,False,0.0,False,False,0.267,Low,27.2,16.1,88.1,0.064,0.148,0.96,Moderate traffic flow - standard adaptive signal timing in effect
EVT411536,2026-05-24 15:41:30,Political Rally,J030,MG Road,32533,Weekend,False,Light Rain,True,6.7,False,False,0.658,High,21.4,47.9,254.5,0.164,0.379,0.897,Heavy rain reducing visibility and grip - reduced speed and longer buffer advised
EVT411537,2025-07-09 17:30:05,Local Market Day,J012,Koramangala Sony World,3626,Weekday,False,Clear,False,0.0,False,False,0.865,Severe,13.3,59.2,211.2,0.122,0.282,0.964,Heavy congestion detected - signal timing extended and reroute suggested
EVT411538,2026-04-16 05:29:50,Concert,J012,Koramangala Sony World,15397,Weekday,False,Clear,False,0.0,False,False,0.327,Low,29.0,32.6,213.8,0.167,0.386,0.967,Moderate traffic flow - standard adaptive signal timing in effect
EVT411539,2025-10-26 19:36:41,Local Market Day,J020,Malleshwaram Circle,6864,Weekend,False,Clear,False,0.0,False,False,0.703,High,18.9,52.1,204.4,0.123,0.284,0.976,Moderate traffic flow - standard adaptive signal timing in effect
EVT411540,2025-02-17 07:05:11,Local Market Day,J040,City Market,5138,Weekday,False,Clear,False,0.0,False,False,0.503,Moderate,30.1,33.8,125.4,0.096,0.221,0.987,Moderate traffic flow - standard adaptive signal timing in effect
EVT411541,2025-12-10 10:35:57,Sports Fixture,J011,Indiranagar 100ft Road,21055,Weekday,False,Clear,False,0.0,False,False,0.729,High,14.4,60.0,293.5,0.144,0.332,0.957,Moderate traffic flow - standard adaptive signal timing in effect
EVT411542,2025-12-14 15:50:40,Concert,J030,MG Road,6521,Weekend,False,Clear,False,0.0,False,False,0.444,Moderate,19.1,35.6,244.4,0.147,0.339,0.976,Moderate traffic flow - standard adaptive signal timing in effect
EVT411543,2025-08-11 13:26:11,Concert,J040,City Market,16789,Weekday,False,Heavy Rain,True,26.5,False,False,0.578,High,23.3,39.9,192.0,0.127,0.294,0.938,Heavy rain reducing visibility and grip - reduced speed and longer buffer advised
EVT411544,2025-07-14 19:58:25,Concert,J040,City Market,20149,Weekday,False,Heavy Rain,True,28.4,False,False,1.0,Severe,8.7,70.3,885.9,0.322,0.745,0.868,Heavy rain reducing visibility and grip - reduced speed and longer buffer advised
EVT411545,2026-02-17 19:25:43,Concert,J020,Malleshwaram Circle,9009,Weekday,False,Clear,False,0.0,False,False,0.935,Severe,10.5,71.7,413.5,0.181,0.419,0.92,Heavy congestion detected - signal timing extended and reroute suggested
EVT411546,2026-06-19 08:11:22,Sports Fixture,J020,Malleshwaram Circle,29397,Weekday,False,Clear,False,0.0,False,False,1.0,Severe,6.6,67.0,676.2,0.194,0.448,0.91,Heavy congestion detected - signal timing extended and reroute suggested
EVT411547,2025-07-13 18:41:28,Local Market Day,J030,MG Road,5829,Weekend,False,Heavy Rain,True,28.1,False,False,1.0,Severe,9.1,70.3,578.5,0.206,0.476,0.841,Heavy rain reducing visibility and grip - reduced speed and longer buffer advised
EVT411548,2025-01-15 11:27:52,Religious Festival,J030,MG Road,27336,Weekday,True,Clear,False,0.0,False,False,0.654,High,15.5,46.2,318.0,0.168,0.388,0.892,Festival crowd surge detected - alternate route and extended cycle recommended
EVT411549,2025-08-29 20:35:36,Local Market Day,J030,MG Road,5484,Weekday,False,Heavy Rain,True,38.7,False,False,0.98,Severe,9.9,66.5,275.2,0.103,0.239,0.877,Heavy rain reducing visibility and grip - reduced speed and longer buffer advised
EVT411550,2025-03-30 11:07:28,Religious Festival,J011,Indiranagar 100ft Road,61430,Weekend,True,Clear,False,0.0,False,True,1.0,Severe,8.5,102.5,577.1,0.211,0.486,0.839,Road closure for event/procession - full detour recommended for through-traffic
EVT411551,2025-09-08 17:58:17,Trade Fair,J030,MG Road,7709,Weekday,False,Rain,True,23.0,False,False,1.0,Severe,10.7,74.4,580.9,0.228,0.527,0.857,Heavy rain reducing visibility and grip - reduced speed and longer buffer advised
EVT411552,2026-04-06 08:10:34,Sports Fixture,J040,City Market,37610,Weekday,False,Clear,False,0.0,False,False,0.991,Severe,7.9,70.0,418.7,0.146,0.338,0.921,Heavy congestion detected - signal timing extended and reroute suggested
EVT411553,2025-10-06 15:14:42,Trade Fair,J040,City Market,7210,Weekday,False,Clear,False,0.0,False,False,0.31,Low,30.3,26.5,139.5,0.128,0.296,0.983,Moderate traffic flow - standard adaptive signal timing in effect
EVT411554,2025-08-20 18:42:13,Sports Fixture,J023,Basavanagudi,27471,Weekday,False,Clear,False,0.0,False,False,1.0,Severe,8.1,77.8,1096.3,0.372,0.86,0.915,Heavy congestion detected - signal timing extended and reroute suggested
EVT411555,2025-09-28 09:20:17,Local Market Day,J030,MG Road,5440,Weekend,False,Light Rain,True,2.7,False,False,0.877,Severe,12.7,61.3,463.1,0.207,0.478,0.883,Heavy rain reducing visibility and grip - reduced speed and longer buffer advised
EVT411556,2025-10-18 21:08:38,Concert,J040,City Market,8167,Weekend,False,Clear,False,0.0,False,False,0.482,Moderate,28.7,32.0,269.7,0.245,0.566,0.975,Moderate traffic flow - standard adaptive signal timing in effect
EVT411557,2025-09-14 08:06:27,Concert,J030,MG Road,7696,Weekend,False,Clear,False,0.0,False,False,0.738,High,16.9,58.0,285.3,0.164,0.379,0.969,Moderate traffic flow - standard adaptive signal timing in effect
EVT411558,2026-02-13 21:32:36,Local Market Day,J012,Koramangala Sony World,2804,Weekday,False,Clear,False,0.0,False,False,0.239,Low,27.4,26.6,140.4,0.093,0.215,0.99,Normal free-flow traffic - standard signal timing maintained
EVT411559,2026-04-17 09:00:37,Local Market Day,J011,Indiranagar 100ft Road,5957,Weekday,False,Clear,False,0.0,False,False,1.0,Severe,8.3,70.2,478.2,0.175,0.405,0.904,Heavy congestion detected - signal timing extended and reroute suggested
EVT411560,2025-11-22 17:13:41,Trade Fair,J011,Indiranagar 100ft Road,10708,Weekend,False,Clear,False,0.0,False,False,0.669,High,19.4,42.6,169.2,0.103,0.237,0.965,Moderate traffic flow - standard adaptive signal timing in effect
EVT411561,2026-05-06 19:56:25,Political Rally,J020,Malleshwaram Circle,24971,Weekday,False,Clear,False,0.0,False,False,0.924,Severe,11.4,68.6,424.1,0.195,0.451,0.936,Heavy congestion detected - signal timing extended and reroute suggested
EVT411562,2026-06-01 08:28:59,Local Market Day,J020,Malleshwaram Circle,2596,Weekday,False,Rain,True,14.5,False,False,1.0,Severe,8.4,73.4,610.1,0.215,0.498,0.851,Heavy rain reducing visibility and grip - reduced speed and longer buffer advised
EVT411563,2026-02-13 19:17:19,Political Rally,J012,Koramangala Sony World,8811,Weekday,False,Clear,False,0.0,False,False,0.94,Severe,11.1,66.3,524.0,0.226,0.522,0.946,Heavy congestion detected - signal timing extended and reroute suggested
EVT411564,2025-03-31 13:07:53,Religious Festival,J012,Koramangala Sony World,53093,Weekday,True,Clear,False,0.0,False,True,0.816,High,11.4,84.9,609.4,0.245,0.567,0.879,Road closure for event/procession - full detour recommended for through-traffic
EVT411565,2026-05-18 15:09:59,Trade Fair,J031,Cubbon Road,8452,Weekday,False,Clear,False,0.0,False,False,0.268,Low,35.7,21.9,135.0,0.123,0.283,0.954,Moderate traffic flow - standard adaptive signal timing in effect
EVT411566,2025-03-10 17:21:22,Concert,J030,MG Road,12350,Weekday,False,Clear,False,0.0,False,False,0.887,Severe,14.6,59.8,328.5,0.171,0.395,0.922,Heavy congestion detected - signal timing extended and reroute suggested
EVT411567,2025-12-12 22:00:16,Trade Fair,J011,Indiranagar 100ft Road,12737,Weekday,False,Clear,False,0.0,False,False,0.254,Low,33.7,25.0,170.6,0.125,0.288,0.948,Moderate traffic flow - standard adaptive signal timing in effect
EVT411568,2026-02-28 09:01:32,Concert,J020,Malleshwaram Circle,11942,Weekend,False,Clear,False,0.0,False,False,0.94,Severe,12.8,61.2,466.5,0.225,0.52,0.921,Heavy congestion detected - signal timing extended and reroute suggested
EVT411569,2026-02-28 15:53:30,Local Market Day,J012,Koramangala Sony World,2177,Weekend,False,Clear,False,0.0,False,False,0.405,Moderate,28.6,26.2,141.7,0.128,0.296,0.967,Moderate traffic flow - standard adaptive signal timing in effect
EVT411570,2025-09-02 09:35:56,Local Market Day,J009,Majestic,6893,Weekday,False,Rain,True,14.7,False,False,1.0,Severe,8.0,66.2,207.9,0.092,0.213,0.873,Heavy rain reducing visibility and grip - reduced speed and longer buffer advised
EVT411571,2026-04-06 09:21:33,Political Rally,J040,City Market,18794,Weekday,False,Light Rain,True,3.9,False,False,1.0,Severe,8.5,67.3,197.1,0.073,0.169,0.842,Heavy rain reducing visibility and grip - reduced speed and longer buffer advised
EVT411572,2026-01-04 10:47:08,Concert,J012,Koramangala Sony World,12446,Weekend,False,Clear,False,0.0,False,False,0.617,High,19.5,50.3,298.2,0.167,0.385,0.926,Moderate traffic flow - standard adaptive signal timing in effect
EVT411573,2025-07-08 18:11:36,Local Market Day,J040,City Market,6745,Weekday,False,Heavy Rain,True,30.6,False,False,1.0,Severe,8.6,65.9,374.6,0.151,0.348,0.837,Heavy rain reducing visibility and grip - reduced speed and longer buffer advised
EVT411574,2026-03-05 19:38:49,Religious Festival,J031,Cubbon Road,32983,Weekday,True,Fog,False,0.0,False,True,1.0,Severe,10.3,94.7,383.6,0.146,0.338,0.849,Road closure for event/procession - full detour recommended for through-traffic
EVT411575,2025-07-10 18:51:16,Sports Fixture,J030,MG Road,16259,Weekday,False,Rain,True,23.3,False,False,1.0,Severe,8.5,75.7,641.2,0.223,0.516,0.87,Heavy rain reducing visibility and grip - reduced speed and longer buffer advised
EVT411576,2025-11-24 19:20:45,Sports Fixture,J040,City Market,22702,Weekday,False,Clear,False,0.0,False,False,1.0,Severe,10.2,69.7,692.5,0.251,0.579,0.914,Heavy congestion detected - signal timing extended and reroute suggested
EVT411577,2026-01-22 06:06:22,Local Market Day,J031,Cubbon Road,3886,Weekday,False,Clear,False,0.0,False,False,0.232,Low,30.1,15.8,216.2,0.175,0.404,0.938,Normal free-flow traffic - standard signal timing maintained
EVT411578,2026-03-21 15:47:55,Sports Fixture,J030,MG Road,18139,Weekend,False,Clear,False,0.0,False,False,0.512,Moderate,22.9,43.9,262.1,0.207,0.478,0.97,Moderate traffic flow - standard adaptive signal timing in effect
EVT411579,2025-08-20 20:34:59,Sports Fixture,J009,Majestic,25287,Weekday,False,Clear,False,0.0,False,False,0.63,High,26.5,50.6,176.9,0.146,0.337,0.97,Moderate traffic flow - standard adaptive signal timing in effect
EVT411580,2026-04-19 19:36:27,Trade Fair,J011,Indiranagar 100ft Road,12828,Weekend,False,Clear,False,0.0,False,False,0.808,Severe,11.8,59.4,455.2,0.212,0.489,0.972,Heavy congestion detected - signal timing extended and reroute suggested
EVT411581,2025-07-28 13:19:01,Trade Fair,J009,Majestic,6238,Weekday,False,Clear,False,0.0,False,False,0.157,Low,25.0,7.4,151.3,0.079,0.183,0.96,Normal free-flow traffic - standard signal timing maintained
EVT411582,2025-07-24 18:49:33,Concert,J040,City Market,11726,Weekday,False,Clear,False,0.0,False,False,1.0,Severe,9.1,72.1,557.4,0.2,0.463,0.878,Heavy congestion detected - signal timing extended and reroute suggested
EVT411583,2025-06-21 11:57:58,Concert,J009,Majestic,16007,Weekend,False,Clear,False,0.0,False,False,0.353,Moderate,25.3,26.6,311.9,0.219,0.505,0.947,Moderate traffic flow - standard adaptive signal timing in effect
EVT411584,2025-04-20 20:42:17,Local Market Day,J009,Majestic,3420,Weekend,False,Clear,False,0.0,False,False,0.505,Moderate,25.4,38.2,150.3,0.12,0.277,0.958,Moderate traffic flow - standard adaptive signal timing in effect
EVT411585,2025-07-06 17:39:49,Trade Fair,J020,Malleshwaram Circle,8553,Weekend,False,Heavy Rain,True,40.0,False,False,1.0,Severe,8.8,68.4,852.0,0.301,0.696,0.858,Heavy rain reducing visibility and grip - reduced speed and longer buffer advised
EVT411586,2026-03-18 18:43:22,Sports Fixture,J009,Majestic,19725,Weekday,False,Clear,False,0.0,False,False,1.0,Severe,9.5,72.7,447.1,0.169,0.391,0.914,Heavy congestion detected - signal timing extended and reroute suggested
EVT411587,2026-06-17 14:37:36,Local Market Day,J009,Majestic,5247,Weekday,False,Heavy Rain,True,34.5,False,False,0.64,High,19.3,47.1,223.6,0.136,0.313,0.9,Heavy rain reducing visibility and grip - reduced speed and longer buffer advised
EVT411588,2026-03-20 09:10:10,Cultural Procession,J012,Koramangala Sony World,14740,Weekday,True,Clear,False,0.0,False,True,1.0,Severe,8.3,95.3,508.2,0.2,0.462,0.841,Road closure for event/procession - full detour recommended for through-traffic
EVT411589,2026-03-24 12:00:13,Local Market Day,J011,Indiranagar 100ft Road,5424,Weekday,False,Clear,False,0.0,False,False,0.322,Low,26.4,21.7,208.7,0.159,0.367,0.974,Moderate traffic flow - standard adaptive signal timing in effect
EVT411590,2026-02-05 17:30:48,Sports Fixture,J031,Cubbon Road,20879,Weekday,False,Clear,False,0.0,False,False,0.994,Severe,5.2,70.4,1516.5,0.316,0.73,0.912,Heavy congestion detected - signal timing extended and reroute suggested
EVT411591,2025-08-11 07:49:03,Trade Fair,J040,City Market,12610,Weekday,False,Clear,False,0.0,False,False,0.796,Severe,14.9,55.0,136.2,0.088,0.204,0.959,Heavy congestion detected - signal timing extended and reroute suggested
EVT411592,2026-02-05 16:44:13,Political Rally,J009,Majestic,12807,Weekday,False,Clear,False,0.0,False,False,0.706,High,18.4,45.7,246.3,0.134,0.309,0.964,Moderate traffic flow - standard adaptive signal timing in effect
EVT411593,2026-06-27 19:42:35,Concert,J020,Malleshwaram Circle,15646,Weekend,False,Clear,False,0.0,False,False,0.778,Severe,13.8,56.5,205.5,0.101,0.233,0.942,Heavy congestion detected - signal timing extended and reroute suggested
EVT411594,2025-03-19 19:29:13,Sports Fixture,J023,Basavanagudi,13314,Weekday,False,Clear,False,0.0,False,False,0.979,Severe,10.3,70.1,665.6,0.241,0.556,0.926,Heavy congestion detected - signal timing extended and reroute suggested
EVT411595,2026-02-20 20:52:13,Trade Fair,J009,Majestic,12753,Weekday,False,Clear,False,0.0,False,False,0.518,Moderate,23.2,40.5,89.8,0.065,0.151,0.982,Moderate traffic flow - standard adaptive signal timing in effect
EVT411596,2026-06-06 07:13:09,Sports Fixture,J012,Koramangala Sony World,15431,Weekend,False,Rain,True,14.9,True,False,1.0,Severe,8.0,66.5,363.7,0.115,0.266,0.708,Accident detected nearby - reroute and reduced speed advised
EVT411597,2025-11-19 21:19:50,Political Rally,J023,Basavanagudi,15262,Weekday,False,Light Rain,True,4.4,False,False,0.501,Moderate,22.0,37.4,225.1,0.154,0.355,0.939,Light rain detected - minor speed reduction advised
EVT411598,2025-06-14 17:07:38,Sports Fixture,J031,Cubbon Road,30448,Weekend,False,Rain,True,20.1,False,False,1.0,Severe,8.3,72.3,380.2,0.155,0.357,0.875,Heavy rain reducing visibility and grip - reduced speed and longer buffer advised
EVT411599,2025-03-15 17:08:43,Cultural Procession,J030,MG Road,13862,Weekend,True,Clear,False,0.0,False,True,1.0,Severe,7.3,106.4,662.0,0.196,0.453,0.835,Road closure for event/procession - full detour recommended for through-traffic
EVT411600,2026-01-26 15:58:42,Religious Festival,J020,Malleshwaram Circle,39821,Weekday,True,Fog,False,0.0,False,True,1.0,Severe,8.4,100.9,858.0,0.299,0.691,0.828,Road closure for event/procession - full detour recommended for through-traffic
EVT411601,2026-04-07 06:28:36,Local Market Day,J023,Basavanagudi,2337,Weekday,False,Fog,False,0.0,False,False,0.378,Moderate,32.3,27.8,232.6,0.21,0.485,0.99,Moderate traffic flow - standard adaptive signal timing in effect
EVT411602,2026-05-03 05:24:10,Local Market Day,J012,Koramangala Sony World,3500,Weekend,False,Rain,True,17.2,False,False,0.472,Moderate,20.0,33.3,251.0,0.161,0.372,0.928,Light rain detected - minor speed reduction advised
EVT411603,2025-10-05 08:42:20,Concert,J020,Malleshwaram Circle,6821,Weekend,False,Clear,False,0.0,False,False,0.863,Severe,15.3,60.6,319.2,0.167,0.386,0.94,Heavy congestion detected - signal timing extended and reroute suggested
EVT411604,2025-06-15 13:09:33,Trade Fair,J040,City Market,5991,Weekend,False,Light Rain,True,4.3,False,False,0.312,Low,26.0,20.5,140.9,0.091,0.209,0.928,Light rain detected - minor speed reduction advised
EVT411605,2025-11-22 16:23:11,Trade Fair,J009,Majestic,13041,Weekend,False,Clear,False,0.0,False,False,0.626,High,21.5,41.9,84.6,0.063,0.146,0.942,Moderate traffic flow - standard adaptive signal timing in effect
EVT411606,2025-10-25 09:20:39,Sports Fixture,J040,City Market,23279,Weekend,False,Heavy Rain,True,38.5,False,False,1.0,Severe,7.9,71.1,491.8,0.147,0.339,0.88,Heavy rain reducing visibility and grip - reduced speed and longer buffer advised
EVT411607,2025-10-17 17:19:42,Trade Fair,J020,Malleshwaram Circle,7215,Weekday,False,Clear,False,0.0,False,False,0.807,Severe,16.5,57.9,380.5,0.22,0.509,0.938,Heavy congestion detected - signal timing extended and reroute suggested
EVT411608,2025-12-03 17:18:09,Local Market Day,J012,Koramangala Sony World,1818,Weekday,False,Clear,False,0.0,False,False,0.728,High,18.7,55.4,135.6,0.099,0.229,0.978,Moderate traffic flow - standard adaptive signal timing in effect
EVT411609,2025-10-12 07:29:19,Local Market Day,J020,Malleshwaram Circle,7260,Weekend,False,Rain,True,20.1,False,False,0.734,High,16.7,55.6,256.9,0.158,0.365,0.913,Heavy rain reducing visibility and grip - reduced speed and longer buffer advised
EVT411610,2025-10-20 08:15:28,Religious Festival,J011,Indiranagar 100ft Road,36463,Weekday,True,Clear,False,0.0,False,True,1.0,Severe,7.1,96.2,917.8,0.256,0.592,0.834,Road closure for event/procession - full detour recommended for through-traffic
EVT411611,2026-03-10 06:25:05,Local Market Day,J011,Indiranagar 100ft Road,2748,Weekday,False,Clear,False,0.0,False,False,0.248,Low,39.4,19.7,125.9,0.119,0.274,0.952,Normal free-flow traffic - standard signal timing maintained
EVT411612,2025-01-05 17:36:56,Sports Fixture,J011,Indiranagar 100ft Road,22410,Weekend,False,Clear,False,0.0,False,False,0.913,Severe,12.6,72.1,376.6,0.187,0.432,0.939,Heavy congestion detected - signal timing extended and reroute suggested
EVT411613,2026-04-18 06:57:51,Concert,J023,Basavanagudi,12561,Weekend,False,Clear,False,0.0,False,False,0.545,Moderate,25.9,39.1,218.1,0.167,0.385,0.979,Moderate traffic flow - standard adaptive signal timing in effect
EVT411614,2026-04-14 07:56:22,Cultural Procession,J012,Koramangala Sony World,20574,Weekday,True,Clear,False,0.0,False,True,1.0,Severe,8.6,96.9,787.0,0.298,0.689,0.824,Road closure for event/procession - full detour recommended for through-traffic
EVT411615,2026-04-21 11:21:24,Sports Fixture,J011,Indiranagar 100ft Road,13837,Weekday,False,Clear,False,0.0,False,False,0.399,Moderate,30.1,28.2,136.4,0.112,0.258,0.948,Moderate traffic flow - standard adaptive signal timing in effect
EVT411616,2025-12-04 03:33:38,Local Market Day,J020,Malleshwaram Circle,5366,Weekday,False,Fog,False,0.0,False,False,0.188,Low,33.4,14.3,87.8,0.067,0.154,0.957,Normal free-flow traffic - standard signal timing maintained
EVT411617,2025-11-27 21:56:40,Local Market Day,J011,Indiranagar 100ft Road,4987,Weekday,False,Fog,False,0.0,False,False,0.205,Low,23.8,10.4,116.3,0.058,0.133,0.978,Normal free-flow traffic - standard signal timing maintained
EVT411618,2025-09-21 16:21:17,Local Market Day,J011,Indiranagar 100ft Road,3478,Weekend,False,Clear,False,0.0,False,False,0.46,Moderate,24.5,41.9,253.6,0.197,0.456,0.968,Moderate traffic flow - standard adaptive signal timing in effect
EVT411619,2026-06-18 11:01:33,Concert,J040,City Market,10994,Weekday,False,Rain,True,8.9,False,False,0.58,High,22.1,42.5,224.4,0.129,0.298,0.9,Heavy rain reducing visibility and grip - reduced speed and longer buffer advised
EVT411620,2025-11-28 21:11:41,Sports Fixture,J023,Basavanagudi,28930,Weekday,False,Clear,False,0.0,False,False,0.603,High,17.2,46.0,216.9,0.102,0.237,0.952,Moderate traffic flow - standard adaptive signal timing in effect
EVT411621,2025-08-16 18:52:14,Religious Festival,J023,Basavanagudi,39691,Weekend,True,Heavy Rain,True,42.1,False,True,1.0,Severe,9.2,98.8,461.4,0.164,0.379,0.763,Road closure for event/procession - full detour recommended for through-traffic
EVT411622,2026-01-29 18:28:05,Political Rally,J031,Cubbon Road,10040,Weekday,False,Clear,False,0.0,False,False,0.992,Severe,8.5,73.6,420.2,0.154,0.356,0.937,Heavy congestion detected - signal timing extended and reroute suggested
EVT411623,2025-09-14 09:56:43,Concert,J030,MG Road,13879,Weekend,False,Rain,True,10.8,True,False,1.0,Severe,11.2,71.4,348.4,0.143,0.33,0.692,Accident detected nearby - reroute and reduced speed advised
EVT411624,2025-06-16 23:53:03,Trade Fair,J012,Koramangala Sony World,5415,Weekday,False,Heavy Rain,True,25.4,False,False,0.404,Moderate,27.1,27.1,136.0,0.132,0.306,0.905,Light rain detected - minor speed reduction advised
EVT411625,2025-08-06 17:24:52,Sports Fixture,J031,Cubbon Road,19854,Weekday,False,Rain,True,18.3,False,False,1.0,Severe,7.3,70.9,954.1,0.272,0.629,0.827,Heavy rain reducing visibility and grip - reduced speed and longer buffer advised
EVT411626,2026-04-22 11:16:00,Local Market Day,J031,Cubbon Road,9362,Weekday,False,Clear,False,0.0,False,False,0.385,Moderate,26.9,26.2,98.1,0.079,0.182,0.981,Moderate traffic flow - standard adaptive signal timing in effect
EVT411627,2025-09-12 17:16:21,Trade Fair,J020,Malleshwaram Circle,7094,Weekday,False,Heavy Rain,True,33.7,False,False,1.0,Severe,9.9,66.3,532.5,0.223,0.515,0.85,Heavy rain reducing visibility and grip - reduced speed and longer buffer advised
EVT411628,2026-03-30 17:34:58,Local Market Day,J031,Cubbon Road,2479,Weekday,False,Clear,False,0.0,False,False,0.931,Severe,11.4,63.9,158.6,0.085,0.196,0.933,Heavy congestion detected - signal timing extended and reroute suggested
EVT411629,2025-11-21 12:02:30,Sports Fixture,J011,Indiranagar 100ft Road,17151,Weekday,False,Clear,False,0.0,False,False,0.282,Low,28.3,20.2,103.7,0.089,0.206,0.962,Moderate traffic flow - standard adaptive signal timing in effect
EVT411630,2025-05-29 19:58:41,Trade Fair,J011,Indiranagar 100ft Road,8621,Weekday,False,Clear,False,0.0,False,False,0.756,Severe,16.4,60.1,380.1,0.206,0.477,0.943,Heavy congestion detected - signal timing extended and reroute suggested
EVT411631,2026-06-13 17:46:05,Sports Fixture,J009,Majestic,19141,Weekend,False,Heavy Rain,True,71.8,False,False,1.0,Severe,8.9,76.2,719.5,0.246,0.568,0.862,Heavy rain reducing visibility and grip - reduced speed and longer buffer advised
EVT411632,2025-06-16 01:39:25,Local Market Day,J011,Indiranagar 100ft Road,2465,Weekday,False,Heavy Rain,True,44.3,False,False,0.512,Moderate,24.5,36.1,243.4,0.186,0.429,0.908,Light rain detected - minor speed reduction advised
EVT411633,2026-06-05 15:00:04,Political Rally,J011,Indiranagar 100ft Road,11405,Weekday,False,Clear,False,0.0,False,False,0.263,Low,28.8,19.3,246.6,0.161,0.371,0.977,Moderate traffic flow - standard adaptive signal timing in effect
EVT411634,2025-10-23 12:25:05,Local Market Day,J040,City Market,4290,Weekday,False,Clear,False,0.0,False,False,0.152,Low,29.3,13.5,193.6,0.118,0.273,0.962,Normal free-flow traffic - standard signal timing maintained
EVT411635,2025-04-13 08:16:17,Local Market Day,J031,Cubbon Road,2164,Weekend,False,Clear,False,0.0,False,False,0.748,High,18.6,54.4,250.9,0.145,0.335,0.986,Moderate traffic flow - standard adaptive signal timing in effect
EVT411636,2025-03-12 06:15:47,Local Market Day,J020,Malleshwaram Circle,7131,Weekday,False,Clear,False,0.0,False,False,0.28,Low,35.0,12.4,49.7,0.04,0.092,0.929,Moderate traffic flow - standard adaptive signal timing in effect
EVT411637,2025-11-02 19:26:03,Religious Festival,J009,Majestic,33120,Weekend,True,Rain,True,15.7,False,True,1.0,Severe,10.2,98.3,457.0,0.198,0.456,0.784,Road closure for event/procession - full detour recommended for through-traffic
EVT411638,2025-06-10 15:39:41,Concert,J030,MG Road,20713,Weekday,False,Heavy Rain,True,64.3,False,False,0.897,Severe,12.9,62.2,230.4,0.117,0.271,0.893,Heavy rain reducing visibility and grip - reduced speed and longer buffer advised
EVT411639,2025-12-20 09:13:10,Sports Fixture,J009,Majestic,26999,Weekend,False,Clear,False,0.0,False,False,0.99,Severe,8.4,68.7,617.7,0.216,0.499,0.906,Heavy congestion detected - signal timing extended and reroute suggested
EVT411640,2026-03-09 20:00:03,Concert,J011,Indiranagar 100ft Road,13300,Weekday,False,Clear,False,0.0,False,False,0.762,Severe,13.6,57.8,237.9,0.118,0.272,0.99,Heavy congestion detected - signal timing extended and reroute suggested
EVT411641,2025-09-09 18:31:50,Sports Fixture,J012,Koramangala Sony World,24248,Weekday,False,Clear,False,0.0,False,False,1.0,Severe,7.3,69.1,402.6,0.13,0.3,0.911,Heavy congestion detected - signal timing extended and reroute suggested
EVT411642,2026-03-10 17:26:14,Sports Fixture,J031,Cubbon Road,21171,Weekday,False,Clear,False,0.0,False,False,0.933,Severe,10.1,61.1,587.5,0.224,0.518,0.935,Heavy congestion detected - signal timing extended and reroute suggested
EVT411643,2025-12-17 08:47:21,Local Market Day,J020,Malleshwaram Circle,1993,Weekday,False,Clear,False,0.0,False,False,0.978,Severe,9.4,69.7,627.3,0.219,0.507,0.917,Heavy congestion detected - signal timing extended and reroute suggested
EVT411644,2026-03-07 16:09:29,Political Rally,J023,Basavanagudi,19055,Weekend,False,Clear,False,0.0,False,False,0.555,High,20.7,44.9,316.7,0.198,0.458,0.984,Moderate traffic flow - standard adaptive signal timing in effect
EVT411645,2026-05-09 17:08:36,Sports Fixture,J030,MG Road,27838,Weekend,False,Rain,True,22.9,False,False,1.0,Severe,8.2,71.7,674.3,0.222,0.513,0.88,Heavy rain reducing visibility and grip - reduced speed and longer buffer advised
EVT411646,2025-03-12 18:45:21,Sports Fixture,J012,Koramangala Sony World,10516,Weekday,False,Clear,False,0.0,False,False,1.0,Severe,9.0,72.0,452.0,0.163,0.377,0.916,Heavy congestion detected - signal timing extended and reroute suggested
EVT411647,2026-03-29 13:49:52,Sports Fixture,J040,City Market,16868,Weekend,False,Clear,False,0.0,False,False,0.341,Low,26.3,25.5,140.4,0.081,0.188,0.95,Moderate traffic flow - standard adaptive signal timing in effect
EVT411648,2026-04-30 15:51:55,Concert,J020,Malleshwaram Circle,8342,Weekday,False,Clear,False,0.0,False,False,0.453,Moderate,25.4,29.0,178.5,0.135,0.313,0.962,Moderate traffic flow - standard adaptive signal timing in effect
EVT411649,2026-01-18 02:56:49,Trade Fair,J030,MG Road,4911,Weekend,False,Clear,False,0.0,False,False,0.25,Low,25.7,21.7,174.9,0.123,0.284,0.96,Normal free-flow traffic - standard signal timing maintained
EVT411650,2025-04-22 22:38:42,Concert,J009,Majestic,11467,Weekday,False,Clear,False,0.0,False,False,0.25,Low,32.1,12.1,152.6,0.136,0.314,0.979,Normal free-flow traffic - standard signal timing maintained
EVT411651,2025-04-08 09:54:28,Trade Fair,J031,Cubbon Road,18850,Weekday,False,Clear,False,0.0,False,False,0.943,Severe,10.8,66.1,257.3,0.107,0.248,0.922,Heavy congestion detected - signal timing extended and reroute suggested
EVT411652,2025-10-10 14:17:26,Political Rally,J011,Indiranagar 100ft Road,20201,Weekday,False,Rain,True,23.7,False,False,0.555,High,15.1,42.9,375.7,0.19,0.439,0.923,Heavy rain reducing visibility and grip - reduced speed and longer buffer advised
EVT411653,2025-03-03 18:19:34,Local Market Day,J009,Majestic,4192,Weekday,False,Light Rain,True,0.7,False,False,1.0,Severe,8.9,64.6,316.8,0.124,0.287,0.848,Heavy rain reducing visibility and grip - reduced speed and longer buffer advised
EVT411654,2026-05-25 19:47:04,Local Market Day,J020,Malleshwaram Circle,4233,Weekday,False,Clear,False,0.0,False,False,0.77,Severe,16.0,49.0,309.6,0.183,0.424,0.958,Heavy congestion detected - signal timing extended and reroute suggested
EVT411655,2026-05-11 19:19:53,Local Market Day,J040,City Market,3054,Weekday,False,Rain,True,12.0,False,False,1.0,Severe,9.4,65.8,434.2,0.174,0.403,0.87,Heavy rain reducing visibility and grip - reduced speed and longer buffer advised
EVT411656,2025-12-16 17:08:41,Sports Fixture,J011,Indiranagar 100ft Road,22092,Weekday,False,Clear,False,0.0,False,False,0.749,High,19.1,61.3,527.3,0.33,0.762,0.983,Moderate traffic flow - standard adaptive signal timing in effect
EVT411657,2025-01-29 07:15:40,Trade Fair,J012,Koramangala Sony World,12650,Weekday,False,Clear,False,0.0,False,False,0.606,High,22.2,46.0,260.1,0.173,0.4,0.951,Moderate traffic flow - standard adaptive signal timing in effect
EVT411658,2026-02-03 18:04:37,Political Rally,J009,Majestic,12918,Weekday,False,Fog,False,0.0,False,False,1.0,Severe,5.5,75.3,566.8,0.141,0.325,0.915,Heavy congestion detected - signal timing extended and reroute suggested
EVT411659,2026-02-08 11:38:16,Trade Fair,J020,Malleshwaram Circle,5530,Weekend,False,Clear,False,0.0,False,False,0.439,Moderate,22.4,32.7,195.3,0.142,0.328,0.954,Moderate traffic flow - standard adaptive signal timing in effect
EVT411660,2026-01-09 10:40:18,Trade Fair,J011,Indiranagar 100ft Road,5896,Weekday,False,Clear,False,0.0,False,False,0.555,High,26.6,34.1,129.5,0.105,0.242,0.954,Moderate traffic flow - standard adaptive signal timing in effect
EVT411661,2025-05-17 09:39:44,Local Market Day,J030,MG Road,5752,Weekend,False,Rain,True,8.1,False,False,0.937,Severe,11.2,64.3,652.0,0.291,0.673,0.87,Heavy rain reducing visibility and grip - reduced speed and longer buffer advised
EVT411662,2025-07-15 08:19:34,Local Market Day,J031,Cubbon Road,7675,Weekday,False,Light Rain,True,4.3,False,False,0.978,Severe,8.2,67.7,458.9,0.174,0.401,0.873,Heavy rain reducing visibility and grip - reduced speed and longer buffer advised
EVT411663,2025-08-15 08:08:44,Cultural Procession,J009,Majestic,13867,Weekday,True,Clear,False,0.0,False,True,1.0,Severe,7.6,106.2,1003.7,0.298,0.688,0.847,Road closure for event/procession - full detour recommended for through-traffic
EVT411664,2025-07-23 18:51:24,Trade Fair,J040,City Market,7921,Weekday,False,Rain,True,23.7,False,False,1.0,Severe,10.3,69.4,657.4,0.268,0.619,0.838,Heavy rain reducing visibility and grip - reduced speed and longer buffer advised
EVT411665,2025-12-07 05:09:02,Trade Fair,J040,City Market,17307,Weekend,False,Clear,False,0.0,False,False,0.368,Moderate,31.4,25.4,150.7,0.145,0.334,0.98,Moderate traffic flow - standard adaptive signal timing in effect
EVT411666,2025-06-03 20:45:55,Trade Fair,J009,Majestic,12890,Weekday,False,Rain,True,10.1,False,False,0.692,High,17.1,54.0,171.4,0.096,0.222,0.911,Heavy rain reducing visibility and grip - reduced speed and longer buffer advised
EVT411667,2025-05-10 16:15:53,Trade Fair,J040,City Market,12611,Weekend,False,Clear,False,0.0,False,False,0.529,Moderate,25.5,35.5,220.9,0.165,0.381,0.964,Moderate traffic flow - standard adaptive signal timing in effect
EVT411668,2026-01-12 17:37:51,Trade Fair,J040,City Market,9641,Weekday,False,Clear,False,0.0,False,False,0.851,Severe,12.5,58.1,307.7,0.142,0.329,0.96,Heavy congestion detected - signal timing extended and reroute suggested
EVT411669,2025-07-06 11:14:40,Sports Fixture,J031,Cubbon Road,35155,Weekend,False,Heavy Rain,True,34.2,False,False,1.0,Severe,7.2,73.2,553.7,0.174,0.401,0.864,Heavy rain reducing visibility and grip - reduced speed and longer buffer advised
EVT411670,2025-09-14 05:35:25,Local Market Day,J011,Indiranagar 100ft Road,2872,Weekend,False,Fog,False,0.0,False,False,0.307,Low,38.6,23.0,68.4,0.059,0.137,0.955,Moderate traffic flow - standard adaptive signal timing in effect
EVT411671,2026-03-04 19:45:00,Religious Festival,J012,Koramangala Sony World,45832,Weekday,True,Clear,False,0.0,False,True,1.0,Severe,8.7,99.0,736.4,0.298,0.688,0.837,Road closure for event/procession - full detour recommended for through-traffic
EVT411672,2026-05-14 07:29:35,Concert,J012,Koramangala Sony World,16555,Weekday,False,Fog,False,0.0,False,False,0.673,High,16.7,50.3,276.2,0.172,0.398,0.946,Moderate traffic flow - standard adaptive signal timing in effect
EVT411673,2025-01-30 17:32:39,Local Market Day,J031,Cubbon Road,5341,Weekday,False,Clear,False,0.0,False,False,0.898,Severe,12.0,59.8,457.0,0.193,0.445,0.934,Heavy congestion detected - signal timing extended and reroute suggested
EVT411674,2025-08-04 18:12:37,Local Market Day,J020,Malleshwaram Circle,2611,Weekday,False,Clear,False,0.0,False,False,0.95,Severe,8.3,69.5,617.5,0.197,0.456,0.926,Heavy congestion detected - signal timing extended and reroute suggested
EVT411675,2025-01-17 16:20:05,Concert,J031,Cubbon Road,19444,Weekday,False,Clear,False,0.0,False,False,0.646,High,24.0,43.5,143.7,0.116,0.268,0.944,Moderate traffic flow - standard adaptive signal timing in effect
EVT411676,2026-05-25 10:09:12,Trade Fair,J011,Indiranagar 100ft Road,7678,Weekday,False,Clear,False,0.0,False,False,0.829,Severe,13.2,55.0,228.5,0.133,0.307,0.95,Heavy congestion detected - signal timing extended and reroute suggested
EVT411677,2026-04-19 10:56:50,Local Market Day,J011,Indiranagar 100ft Road,3960,Weekend,False,Clear,False,0.0,False,False,0.487,Moderate,20.6,31.8,221.2,0.141,0.325,0.963,Moderate traffic flow - standard adaptive signal timing in effect
EVT411678,2025-07-25 18:24:51,Trade Fair,J023,Basavanagudi,11528,Weekday,False,Heavy Rain,True,48.9,False,False,1.0,Severe,8.1,69.8,566.8,0.198,0.458,0.855,Heavy rain reducing visibility and grip - reduced speed and longer buffer advised
EVT411679,2026-06-09 09:52:56,Concert,J009,Majestic,22479,Weekday,False,Clear,False,0.0,False,False,0.989,Severe,7.2,73.3,638.0,0.207,0.478,0.935,Heavy congestion detected - signal timing extended and reroute suggested
EVT411680,2025-07-29 09:00:21,Local Market Day,J012,Koramangala Sony World,7260,Weekday,False,Rain,True,12.4,False,False,1.0,Severe,9.4,68.8,766.1,0.289,0.668,0.872,Heavy rain reducing visibility and grip - reduced speed and longer buffer advised
EVT411681,2025-02-12 16:46:18,Sports Fixture,J011,Indiranagar 100ft Road,23725,Weekday,False,Clear,False,0.0,False,False,0.861,Severe,13.8,56.3,249.7,0.121,0.28,0.926,Heavy congestion detected - signal timing extended and reroute suggested
EVT411682,2025-05-05 15:26:46,Sports Fixture,J020,Malleshwaram Circle,12647,Weekday,False,Clear,False,0.0,False,False,0.354,Moderate,27.6,22.4,188.2,0.153,0.353,0.96,Moderate traffic flow - standard adaptive signal timing in effect
EVT411683,2026-04-20 17:28:48,Concert,J040,City Market,14168,Weekday,False,Clear,False,0.0,False,False,0.907,Severe,12.4,63.8,438.4,0.219,0.505,0.951,Heavy congestion detected - signal timing extended and reroute suggested
EVT411684,2025-11-19 16:49:58,Local Market Day,J031,Cubbon Road,2531,Weekday,False,Clear,False,0.0,False,False,0.678,High,16.6,44.2,366.3,0.202,0.466,0.937,Moderate traffic flow - standard adaptive signal timing in effect
EVT411685,2026-05-14 18:56:29,Sports Fixture,J009,Majestic,11005,Weekday,False,Clear,False,0.0,False,False,1.0,Severe,8.0,67.5,684.7,0.228,0.526,0.888,Heavy congestion detected - signal timing extended and reroute suggested
EVT411686,2025-10-18 10:24:40,Sports Fixture,J020,Malleshwaram Circle,18534,Weekend,False,Rain,True,12.2,False,False,0.849,Severe,15.8,55.6,127.8,0.074,0.171,0.902,Heavy rain reducing visibility and grip - reduced speed and longer buffer advised
EVT411687,2026-03-16 18:07:56,Trade Fair,J030,MG Road,10929,Weekday,False,Clear,False,0.0,False,False,1.0,Severe,8.3,75.9,578.4,0.197,0.455,0.903,Heavy congestion detected - signal timing extended and reroute suggested
EVT411688,2026-05-25 10:14:42,Sports Fixture,J040,City Market,26114,Weekday,False,Rain,True,14.1,False,False,1.0,Severe,10.0,75.4,378.6,0.156,0.36,0.861,Heavy rain reducing visibility and grip - reduced speed and longer buffer advised
EVT411689,2026-04-08 23:30:28,Concert,J009,Majestic,9426,Weekday,False,Clear,False,0.0,False,False,0.178,Low,36.5,13.1,45.8,0.041,0.096,0.975,Normal free-flow traffic - standard signal timing maintained
EVT411690,2025-08-27 17:03:59,Cultural Procession,J011,Indiranagar 100ft Road,8320,Weekday,True,Clear,False,0.0,False,True,1.0,Severe,9.4,98.7,720.7,0.278,0.641,0.835,Road closure for event/procession - full detour recommended for through-traffic
EVT411691,2026-02-17 09:42:42,Local Market Day,J030,MG Road,2968,Weekday,False,Clear,False,0.0,False,False,0.886,Severe,14.3,62.5,256.9,0.165,0.38,0.945,Heavy congestion detected - signal timing extended and reroute suggested
EVT411692,2025-03-13 17:19:41,Trade Fair,J011,Indiranagar 100ft Road,11424,Weekday,False,Clear,False,0.0,False,False,0.883,Severe,15.7,60.5,390.3,0.196,0.452,0.944,Heavy congestion detected - signal timing extended and reroute suggested
EVT411693,2026-02-07 03:06:41,Political Rally,J009,Majestic,20001,Weekend,False,Clear,False,0.0,False,False,0.353,Moderate,29.8,28.6,211.0,0.179,0.413,0.962,Moderate traffic flow - standard adaptive signal timing in effect
EVT411694,2026-02-06 19:45:19,Sports Fixture,J020,Malleshwaram Circle,55767,Weekday,False,Light Rain,True,3.9,False,False,1.0,Severe,7.9,70.9,576.3,0.18,0.415,0.874,Heavy rain reducing visibility and grip - reduced speed and longer buffer advised
EVT411695,2025-11-16 19:01:52,Concert,J031,Cubbon Road,18707,Weekend,False,Clear,False,0.0,False,False,0.85,Severe,12.7,58.6,434.5,0.222,0.513,0.974,Heavy congestion detected - signal timing extended and reroute suggested
EVT411696,2025-02-17 12:06:25,Political Rally,J009,Majestic,10574,Weekday,False,Clear,False,0.0,False,False,0.296,Low,33.8,23.0,139.3,0.138,0.32,0.976,Moderate traffic flow - standard adaptive signal timing in effect
EVT411697,2026-05-13 19:27:17,Local Market Day,J023,Basavanagudi,4402,Weekday,False,Clear,False,0.0,False,False,0.936,Severe,10.6,63.7,170.4,0.081,0.187,0.902,Heavy congestion detected - signal timing extended and reroute suggested
EVT411698,2026-03-21 20:16:00,Trade Fair,J031,Cubbon Road,6505,Weekend,False,Clear,False,0.0,False,False,0.668,High,16.9,42.1,219.1,0.125,0.288,0.964,Moderate traffic flow - standard adaptive signal timing in effect
EVT411699,2025-11-27 15:21:04,Political Rally,J023,Basavanagudi,14039,Weekday,False,Clear,False,0.0,False,False,0.309,Low,24.9,24.7,152.4,0.107,0.246,0.99,Moderate traffic flow - standard adaptive signal timing in effect
EVT411700,2026-02-27 14:11:12,Sports Fixture,J020,Malleshwaram Circle,12662,Weekday,False,Clear,False,0.0,False,False,0.279,Low,26.2,18.0,145.2,0.099,0.229,0.949,Moderate traffic flow - standard adaptive signal timing in effect
EVT411701,2025-09-03 13:28:40,Trade Fair,J020,Malleshwaram Circle,4331,Weekday,False,Clear,False,0.0,False,False,0.203,Low,39.2,13.4,228.5,0.218,0.504,0.961,Normal free-flow traffic - standard signal timing maintained
EVT411702,2026-06-13 16:45:00,Concert,J020,Malleshwaram Circle,14244,Weekend,False,Clear,False,0.0,False,False,0.611,High,24.8,46.6,158.6,0.117,0.27,0.959,Moderate traffic flow - standard adaptive signal timing in effect
EVT411703,2025-08-06 20:15:10,Trade Fair,J011,Indiranagar 100ft Road,14434,Weekday,False,Clear,False,0.0,False,False,0.637,High,22.0,50.7,236.1,0.163,0.377,0.981,Moderate traffic flow - standard adaptive signal timing in effect
EVT411704,2025-05-30 10:56:07,Local Market Day,J031,Cubbon Road,2988,Weekday,False,Clear,False,0.0,False,False,0.425,Moderate,26.3,29.5,175.8,0.107,0.246,0.97,Moderate traffic flow - standard adaptive signal timing in effect
EVT411705,2026-03-13 15:33:48,Trade Fair,J012,Koramangala Sony World,9966,Weekday,False,Clear,False,0.0,False,False,0.318,Low,26.8,25.0,194.3,0.131,0.302,0.95,Moderate traffic flow - standard adaptive signal timing in effect
EVT411706,2026-05-04 15:31:40,Local Market Day,J011,Indiranagar 100ft Road,2861,Weekday,False,Fog,False,0.0,False,False,0.311,Low,33.4,27.7,158.1,0.117,0.27,0.969,Moderate traffic flow - standard adaptive signal timing in effect
EVT411707,2026-06-16 20:34:28,Sports Fixture,J030,MG Road,14843,Weekday,False,Clear,False,0.0,False,False,0.649,High,24.2,51.1,273.2,0.212,0.491,0.97,Moderate traffic flow - standard adaptive signal timing in effect
EVT411708,2025-02-21 15:51:10,Local Market Day,J031,Cubbon Road,3332,Weekday,False,Clear,False,0.0,False,False,0.356,Moderate,26.5,29.8,127.2,0.083,0.191,0.956,Moderate traffic flow - standard adaptive signal timing in effect
EVT411709,2025-02-22 11:33:25,Local Market Day,J012,Koramangala Sony World,2896,Weekend,False,Clear,False,0.0,False,False,0.326,Low,32.0,19.4,226.4,0.209,0.483,0.953,Moderate traffic flow - standard adaptive signal timing in effect
EVT411710,2025-08-10 15:16:04,Sports Fixture,J011,Indiranagar 100ft Road,15777,Weekend,False,Clear,False,0.0,False,False,0.426,Moderate,23.7,33.8,106.2,0.08,0.185,0.963,Moderate traffic flow - standard adaptive signal timing in effect
EVT411711,2025-12-28 10:32:03,Political Rally,J009,Majestic,15884,Weekend,False,Clear,False,0.0,False,False,0.575,High,26.6,38.8,144.4,0.131,0.304,0.973,Moderate traffic flow - standard adaptive signal timing in effect
EVT411712,2026-01-25 13:18:04,Trade Fair,J023,Basavanagudi,8337,Weekend,False,Clear,False,0.0,False,False,0.299,Low,31.9,19.1,91.4,0.07,0.161,0.968,Moderate traffic flow - standard adaptive signal timing in effect
EVT411713,2025-09-02 10:18:24,Local Market Day,J012,Koramangala Sony World,5853,Weekday,False,Clear,False,0.0,False,False,0.664,High,16.0,46.6,286.8,0.149,0.344,0.975,Moderate traffic flow - standard adaptive signal timing in effect
EVT411714,2025-08-29 21:11:00,Local Market Day,J009,Majestic,5710,Weekday,False,Heavy Rain,True,25.9,False,False,0.688,High,19.0,47.0,194.2,0.106,0.244,0.936,Heavy rain reducing visibility and grip - reduced speed and longer buffer advised
EVT411715,2025-05-23 12:05:24,Trade Fair,J023,Basavanagudi,7761,Weekday,False,Clear,False,0.0,False,False,0.232,Low,26.8,21.8,170.6,0.119,0.275,0.963,Normal free-flow traffic - standard signal timing maintained
EVT411716,2025-01-20 18:46:20,Concert,J012,Koramangala Sony World,14603,Weekday,False,Clear,False,0.0,False,False,1.0,Severe,8.3,70.6,752.5,0.229,0.529,0.927,Heavy congestion detected - signal timing extended and reroute suggested
EVT411717,2025-07-29 08:18:23,Trade Fair,J009,Majestic,9733,Weekday,False,Clear,False,0.0,False,False,0.925,Severe,8.8,66.0,458.7,0.156,0.361,0.909,Heavy congestion detected - signal timing extended and reroute suggested
EVT411718,2025-04-05 23:57:00,Local Market Day,J009,Majestic,2168,Weekend,False,Clear,False,0.0,False,False,0.22,Low,30.4,13.4,151.0,0.113,0.26,0.968,Normal free-flow traffic - standard signal timing maintained
EVT411719,2026-06-11 14:27:10,Sports Fixture,J040,City Market,25563,Weekday,False,Clear,False,0.0,False,False,0.406,Moderate,25.7,27.2,220.4,0.145,0.336,0.986,Moderate traffic flow - standard adaptive signal timing in effect
EVT411720,2026-02-03 16:59:56,Local Market Day,J040,City Market,8276,Weekday,False,Clear,False,0.0,False,False,0.699,High,16.0,48.1,406.9,0.225,0.519,0.99,Moderate traffic flow - standard adaptive signal timing in effect
EVT411721,2025-04-27 16:22:17,Sports Fixture,J030,MG Road,13539,Weekend,False,Clear,False,0.0,False,False,0.582,High,20.6,40.3,227.2,0.154,0.356,0.963,Moderate traffic flow - standard adaptive signal timing in effect
EVT411722,2025-05-14 07:30:53,Concert,J031,Cubbon Road,13773,Weekday,False,Clear,False,0.0,False,False,0.684,High,20.8,52.2,177.6,0.117,0.27,0.984,Moderate traffic flow - standard adaptive signal timing in effect
EVT411723,2025-01-19 17:48:37,Political Rally,J040,City Market,21810,Weekend,False,Clear,False,0.0,False,False,0.957,Severe,10.0,64.1,272.7,0.103,0.237,0.921,Heavy congestion detected - signal timing extended and reroute suggested
EVT411724,2025-10-28 07:29:52,Local Market Day,J031,Cubbon Road,4529,Weekday,False,Clear,False,0.0,False,False,0.624,High,20.4,47.6,308.4,0.201,0.465,0.975,Moderate traffic flow - standard adaptive signal timing in effect
EVT411725,2025-08-09 17:01:34,Sports Fixture,J040,City Market,20853,Weekend,False,Clear,False,0.0,False,False,0.779,Severe,15.1,60.4,294.6,0.157,0.363,0.944,Heavy congestion detected - signal timing extended and reroute suggested
EVT411726,2026-04-28 19:33:35,Sports Fixture,J031,Cubbon Road,24945,Weekday,False,Clear,False,0.0,False,False,0.947,Severe,11.4,62.6,382.1,0.167,0.385,0.903,Heavy congestion detected - signal timing extended and reroute suggested
EVT411727,2026-02-24 19:05:00,Political Rally,J020,Malleshwaram Circle,12200,Weekday,False,Light Rain,True,2.6,False,False,1.0,Severe,6.5,71.2,736.6,0.185,0.428,0.861,Heavy rain reducing visibility and grip - reduced speed and longer buffer advised
EVT411728,2025-10-10 12:31:27,Concert,J012,Koramangala Sony World,20026,Weekday,False,Clear,False,0.0,False,False,0.327,Low,34.9,30.2,153.3,0.124,0.286,0.967,Moderate traffic flow - standard adaptive signal timing in effect
EVT411729,2025-07-28 16:12:08,Sports Fixture,J011,Indiranagar 100ft Road,32242,Weekday,False,Fog,False,0.0,False,False,0.616,High,23.6,47.7,208.9,0.133,0.306,0.954,Moderate traffic flow - standard adaptive signal timing in effect
EVT411730,2025-08-28 18:37:18,Religious Festival,J040,City Market,60925,Weekday,True,Heavy Rain,True,51.0,False,False,1.0,Severe,8.0,72.9,534.0,0.197,0.455,0.807,Festival crowd surge detected - alternate route and extended cycle recommended
EVT411731,2025-02-01 15:06:19,Trade Fair,J020,Malleshwaram Circle,8417,Weekend,False,Clear,False,0.0,False,False,0.337,Low,25.7,20.0,189.9,0.135,0.311,0.945,Moderate traffic flow - standard adaptive signal timing in effect
EVT411732,2025-12-04 14:28:45,Local Market Day,J031,Cubbon Road,3765,Weekday,False,Clear,False,0.0,False,False,0.254,Low,27.5,16.7,228.1,0.18,0.417,0.963,Moderate traffic flow - standard adaptive signal timing in effect
EVT411733,2026-01-07 19:34:48,Local Market Day,J040,City Market,3601,Weekday,False,Clear,False,0.0,False,False,0.803,Severe,14.0,54.4,325.1,0.144,0.333,0.953,Heavy congestion detected - signal timing extended and reroute suggested
EVT411734,2026-05-25 21:18:22,Political Rally,J023,Basavanagudi,14802,Weekday,False,Clear,False,0.0,False,False,0.435,Moderate,25.7,28.7,164.1,0.121,0.28,0.974,Moderate traffic flow - standard adaptive signal timing in effect
EVT411735,2025-10-20 12:50:32,Cultural Procession,J011,Indiranagar 100ft Road,17045,Weekday,True,Clear,False,0.0,False,True,0.636,Moderate,15.9,69.5,288.3,0.141,0.325,0.868,Road closure for event/procession - full detour recommended for through-traffic
EVT411736,2026-01-17 09:29:19,Political Rally,J020,Malleshwaram Circle,9103,Weekend,False,Clear,False,0.0,False,False,0.966,Severe,7.7,69.8,659.7,0.207,0.479,0.97,Heavy congestion detected - signal timing extended and reroute suggested
EVT411737,2025-02-01 19:26:04,Local Market Day,J012,Koramangala Sony World,2599,Weekend,False,Clear,False,0.0,False,False,0.803,Severe,20.8,58.9,312.1,0.234,0.54,0.946,Heavy congestion detected - signal timing extended and reroute suggested
EVT411738,2025-07-06 08:35:36,Sports Fixture,J012,Koramangala Sony World,14261,Weekend,False,Clear,False,0.0,False,False,0.913,Severe,7.9,68.0,815.2,0.286,0.66,0.934,Heavy congestion detected - signal timing extended and reroute suggested
EVT411739,2025-04-12 05:45:20,Sports Fixture,J023,Basavanagudi,20288,Weekend,False,Light Rain,True,5.6,False,False,0.525,Moderate,28.0,33.3,150.6,0.111,0.255,0.924,Light rain detected - minor speed reduction advised
EVT411740,2026-04-25 14:29:21,Sports Fixture,J012,Koramangala Sony World,19413,Weekend,False,Clear,False,0.0,False,False,0.296,Low,36.1,20.8,169.7,0.171,0.394,0.985,Moderate traffic flow - standard adaptive signal timing in effect
EVT411741,2025-04-01 15:17:41,Trade Fair,J040,City Market,8883,Weekday,False,Clear,False,0.0,False,False,0.303,Low,29.2,17.3,200.6,0.156,0.361,0.953,Moderate traffic flow - standard adaptive signal timing in effect
EVT411742,2025-05-23 07:28:33,Concert,J030,MG Road,11174,Weekday,False,Clear,False,0.0,False,False,0.674,High,25.1,50.9,173.4,0.139,0.32,0.986,Moderate traffic flow - standard adaptive signal timing in effect
EVT411743,2025-06-11 10:02:01,Local Market Day,J012,Koramangala Sony World,3291,Weekday,False,Clear,False,0.0,False,False,0.809,Severe,16.4,57.6,234.4,0.124,0.288,0.972,Heavy congestion detected - signal timing extended and reroute suggested
EVT411744,2025-05-19 18:04:32,Local Market Day,J012,Koramangala Sony World,4290,Weekday,False,Clear,False,0.0,False,False,0.95,Severe,11.5,73.3,354.2,0.156,0.361,0.932,Heavy congestion detected - signal timing extended and reroute suggested
EVT411745,2025-09-10 19:58:55,Political Rally,J011,Indiranagar 100ft Road,13898,Weekday,False,Light Rain,True,4.3,False,False,0.875,Severe,13.1,66.7,344.0,0.189,0.436,0.889,Heavy rain reducing visibility and grip - reduced speed and longer buffer advised
EVT411746,2026-01-26 13:08:38,Religious Festival,J023,Basavanagudi,27246,Weekday,True,Clear,False,0.0,False,False,0.603,High,27.2,42.5,214.6,0.181,0.419,0.9,Festival crowd surge detected - alternate route and extended cycle recommended
EVT411747,2025-07-21 18:20:20,Concert,J040,City Market,7691,Weekday,False,Heavy Rain,True,34.2,False,False,1.0,Severe,8.8,71.5,618.2,0.225,0.519,0.876,Heavy rain reducing visibility and grip - reduced speed and longer buffer advised
EVT411748,2026-01-29 20:02:05,Local Market Day,J023,Basavanagudi,3566,Weekday,False,Clear,False,0.0,False,False,0.689,High,21.0,42.8,228.3,0.154,0.355,0.966,Moderate traffic flow - standard adaptive signal timing in effect
EVT411749,2026-01-15 12:42:32,Religious Festival,J012,Koramangala Sony World,37259,Weekday,True,Fog,False,0.0,False,True,0.752,High,15.3,76.1,426.0,0.23,0.531,0.888,Road closure for event/procession - full detour recommended for through-traffic
EVT411750,2025-09-03 17:02:40,Political Rally,J009,Majestic,31454,Weekday,False,Clear,False,0.0,False,False,0.832,Severe,14.1,61.2,485.2,0.249,0.574,0.945,Heavy congestion detected - signal timing extended and reroute suggested
EVT411751,2025-11-01 14:37:43,Religious Festival,J023,Basavanagudi,64249,Weekend,True,Clear,False,0.0,False,True,0.974,Severe,8.6,100.1,379.0,0.157,0.362,0.849,Road closure for event/procession - full detour recommended for through-traffic
EVT411752,2026-04-18 08:30:53,Trade Fair,J030,MG Road,11619,Weekend,False,Clear,False,0.0,False,False,0.885,Severe,11.9,68.0,322.6,0.128,0.296,0.949,Heavy congestion detected - signal timing extended and reroute suggested
EVT411753,2026-04-29 19:14:29,Local Market Day,J009,Majestic,5639,Weekday,False,Clear,False,0.0,False,False,1.0,Severe,8.4,74.4,461.2,0.167,0.385,0.907,Heavy congestion detected - signal timing extended and reroute suggested
EVT411754,2026-05-04 23:27:03,Trade Fair,J020,Malleshwaram Circle,11710,Weekday,False,Clear,False,0.0,False,False,0.241,Low,31.4,15.2,155.5,0.153,0.354,0.947,Normal free-flow traffic - standard signal timing maintained
EVT411755,2026-04-11 10:25:44,Sports Fixture,J023,Basavanagudi,27762,Weekend,False,Clear,False,0.0,False,False,0.701,High,21.6,47.8,185.9,0.12,0.278,0.972,Moderate traffic flow - standard adaptive signal timing in effect
EVT411756,2026-06-21 09:37:08,Political Rally,J009,Majestic,28510,Weekend,False,Clear,False,0.0,False,False,0.978,Severe,9.5,72.3,434.2,0.176,0.406,0.934,Heavy congestion detected - signal timing extended and reroute suggested
EVT411757,2025-11-03 19:05:59,Trade Fair,J009,Majestic,11871,Weekday,False,Clear,False,0.0,False,False,1.0,Severe,8.0,70.9,595.2,0.183,0.423,0.932,Heavy congestion detected - signal timing extended and reroute suggested
EVT411758,2025-05-08 13:02:43,Local Market Day,J023,Basavanagudi,4110,Weekday,False,Clear,False,0.0,False,False,0.23,Low,34.0,11.2,83.5,0.067,0.154,0.964,Normal free-flow traffic - standard signal timing maintained
EVT411759,2026-05-24 09:40:09,Political Rally,J031,Cubbon Road,20405,Weekend,False,Clear,False,0.0,False,False,0.864,Severe,11.7,63.3,415.5,0.192,0.443,0.954,Heavy congestion detected - signal timing extended and reroute suggested
EVT411760,2025-08-03 07:19:44,Trade Fair,J011,Indiranagar 100ft Road,6058,Weekend,False,Clear,False,0.0,False,False,0.539,Moderate,27.1,37.8,228.3,0.18,0.415,0.967,Moderate traffic flow - standard adaptive signal timing in effect
EVT411761,2026-04-06 17:34:59,Concert,J011,Indiranagar 100ft Road,13970,Weekday,False,Clear,False,0.0,False,False,0.944,Severe,11.5,61.3,531.3,0.223,0.514,0.912,Heavy congestion detected - signal timing extended and reroute suggested
EVT411762,2025-04-03 09:01:20,Local Market Day,J009,Majestic,3490,Weekday,False,Clear,False,0.0,False,False,1.0,Severe,8.6,71.8,738.8,0.251,0.58,0.912,Heavy congestion detected - signal timing extended and reroute suggested
EVT411763,2026-04-17 08:04:42,Local Market Day,J020,Malleshwaram Circle,1676,Weekday,False,Fog,False,0.0,False,False,0.769,Severe,14.1,57.5,462.0,0.231,0.534,0.947,Heavy congestion detected - signal timing extended and reroute suggested
EVT411764,2025-07-10 17:49:32,Trade Fair,J023,Basavanagudi,9808,Weekday,False,Heavy Rain,True,34.1,False,False,1.0,Severe,8.1,72.3,444.3,0.166,0.384,0.868,Heavy rain reducing visibility and grip - reduced speed and longer buffer advised
EVT411765,2026-06-14 16:47:02,Local Market Day,J009,Majestic,3672,Weekend,False,Clear,False,0.0,False,False,0.573,High,24.2,43.3,181.6,0.133,0.306,0.962,Moderate traffic flow - standard adaptive signal timing in effect
EVT411766,2026-01-22 10:21:25,Local Market Day,J040,City Market,2578,Weekday,False,Clear,False,0.0,False,False,0.66,High,24.4,45.4,128.9,0.103,0.239,0.966,Moderate traffic flow - standard adaptive signal timing in effect
EVT411767,2026-06-08 15:16:21,Local Market Day,J020,Malleshwaram Circle,3549,Weekday,False,Heavy Rain,True,34.5,False,False,0.627,High,22.5,40.9,169.0,0.108,0.249,0.888,Heavy rain reducing visibility and grip - reduced speed and longer buffer advised
EVT411768,2025-12-16 13:31:46,Trade Fair,J030,MG Road,9908,Weekday,False,Clear,False,0.0,False,False,0.195,Low,43.8,15.0,128.9,0.159,0.367,0.981,Normal free-flow traffic - standard signal timing maintained
EVT411769,2025-10-19 14:46:29,Trade Fair,J009,Majestic,5648,Weekend,False,Clear,False,0.0,False,False,0.273,Low,25.9,20.0,265.5,0.165,0.38,0.95,Moderate traffic flow - standard adaptive signal timing in effect
EVT411770,2026-03-21 09:39:50,Local Market Day,J012,Koramangala Sony World,3083,Weekend,False,Clear,False,0.0,False,False,0.802,Severe,17.9,53.1,302.4,0.187,0.433,0.956,Heavy congestion detected - signal timing extended and reroute suggested
EVT411771,2026-02-10 15:47:27,Concert,J009,Majestic,9426,Weekday,False,Clear,False,0.0,False,False,0.438,Moderate,22.1,32.6,132.6,0.095,0.22,0.958,Moderate traffic flow - standard adaptive signal timing in effect
EVT411772,2025-05-03 17:10:24,Trade Fair,J023,Basavanagudi,6869,Weekend,False,Light Rain,True,4.8,False,False,0.715,High,18.7,57.5,154.6,0.085,0.197,0.919,Heavy rain reducing visibility and grip - reduced speed and longer buffer advised
EVT411773,2025-05-02 14:35:22,Religious Festival,J030,MG Road,48430,Weekday,True,Rain,True,19.6,False,True,1.0,Severe,9.0,99.3,398.8,0.172,0.396,0.768,Road closure for event/procession - full detour recommended for through-traffic
EVT411774,2025-02-06 21:30:20,Sports Fixture,J011,Indiranagar 100ft Road,46542,Weekday,False,Clear,False,0.0,False,False,0.558,High,22.4,43.0,170.8,0.135,0.311,0.972,Moderate traffic flow - standard adaptive signal timing in effect
EVT411775,2025-12-19 19:46:52,Local Market Day,J023,Basavanagudi,6541,Weekday,False,Clear,False,0.0,False,False,0.89,Severe,10.2,64.5,341.7,0.125,0.29,0.946,Heavy congestion detected - signal timing extended and reroute suggested
EVT411776,2026-03-18 15:46:36,Local Market Day,J012,Koramangala Sony World,3172,Weekday,False,Clear,False,0.0,False,False,0.434,Moderate,31.4,29.8,121.7,0.124,0.285,0.99,Moderate traffic flow - standard adaptive signal timing in effect
EVT411777,2026-01-10 09:32:30,Trade Fair,J023,Basavanagudi,13585,Weekend,False,Clear,False,0.0,False,False,0.868,Severe,12.9,57.6,283.6,0.124,0.286,0.957,Heavy congestion detected - signal timing extended and reroute suggested
EVT411778,2025-08-21 09:15:28,Local Market Day,J012,Koramangala Sony World,4188,Weekday,False,Clear,False,0.0,False,False,0.97,Severe,8.8,66.0,182.5,0.086,0.198,0.935,Heavy congestion detected - signal timing extended and reroute suggested
EVT411779,2026-04-03 09:12:31,Trade Fair,J020,Malleshwaram Circle,9374,Weekday,False,Clear,False,0.0,False,False,1.0,Severe,8.3,78.2,414.3,0.142,0.327,0.923,Heavy congestion detected - signal timing extended and reroute suggested
EVT411780,2025-11-12 12:19:13,Sports Fixture,J009,Majestic,21038,Weekday,False,Clear,False,0.0,False,False,0.279,Low,33.4,24.7,79.1,0.067,0.154,0.99,Moderate traffic flow - standard adaptive signal timing in effect
EVT411781,2025-03-22 09:46:21,Local Market Day,J040,City Market,3302,Weekend,False,Clear,False,0.0,False,False,0.759,Severe,14.5,46.9,431.4,0.22,0.508,0.966,Heavy congestion detected - signal timing extended and reroute suggested
EVT411782,2025-03-28 17:22:31,Trade Fair,J020,Malleshwaram Circle,12277,Weekday,False,Clear,False,0.0,False,False,0.87,Severe,14.5,61.4,157.5,0.075,0.174,0.927,Heavy congestion detected - signal timing extended and reroute suggested
EVT411783,2025-11-27 20:43:59,Concert,J030,MG Road,8620,Weekday,False,Light Rain,True,3.5,False,False,0.562,High,21.3,42.0,215.6,0.154,0.355,0.905,Heavy rain reducing visibility and grip - reduced speed and longer buffer advised
EVT411784,2025-12-28 19:45:57,Local Market Day,J040,City Market,4561,Weekend,False,Clear,False,0.0,False,False,0.713,High,17.7,53.8,268.7,0.14,0.324,0.979,Moderate traffic flow - standard adaptive signal timing in effect
EVT411785,2025-03-05 21:16:50,Trade Fair,J011,Indiranagar 100ft Road,9675,Weekday,False,Clear,False,0.0,False,False,0.439,Moderate,33.5,31.5,150.2,0.132,0.304,0.964,Moderate traffic flow - standard adaptive signal timing in effect
EVT411786,2025-01-07 06:35:06,Trade Fair,J020,Malleshwaram Circle,5742,Weekday,False,Clear,False,0.0,False,False,0.37,Moderate,29.1,28.7,120.3,0.114,0.264,0.965,Moderate traffic flow - standard adaptive signal timing in effect
EVT411787,2025-03-16 08:42:03,Trade Fair,J020,Malleshwaram Circle,11193,Weekend,False,Clear,False,0.0,False,False,0.89,Severe,12.1,64.3,582.2,0.247,0.571,0.963,Heavy congestion detected - signal timing extended and reroute suggested
EVT411788,2025-11-09 19:51:41,Concert,J031,Cubbon Road,9178,Weekend,False,Clear,False,0.0,False,False,0.683,High,23.9,47.8,166.1,0.12,0.276,0.94,Moderate traffic flow - standard adaptive signal timing in effect
EVT411789,2026-03-10 23:05:32,Concert,J012,Koramangala Sony World,7518,Weekday,False,Clear,False,0.0,False,False,0.172,Low,35.5,13.7,135.4,0.131,0.302,0.967,Normal free-flow traffic - standard signal timing maintained
EVT411790,2026-04-20 16:52:42,Local Market Day,J011,Indiranagar 100ft Road,3920,Weekday,False,Clear,False,0.0,False,False,0.639,High,21.2,45.2,296.9,0.211,0.487,0.968,Moderate traffic flow - standard adaptive signal timing in effect
EVT411791,2025-06-20 13:44:51,Sports Fixture,J023,Basavanagudi,28695,Weekday,False,Heavy Rain,True,43.2,False,False,0.803,Severe,15.0,60.7,232.7,0.128,0.295,0.913,Heavy rain reducing visibility and grip - reduced speed and longer buffer advised
EVT411792,2025-08-24 23:37:32,Political Rally,J020,Malleshwaram Circle,48166,Weekend,False,Clear,False,0.0,False,False,0.415,Moderate,23.8,34.3,235.3,0.165,0.382,0.965,Moderate traffic flow - standard adaptive signal timing in effect
EVT411793,2026-03-26 14:17:54,Fireworks Display,J023,Basavanagudi,30264,Weekday,True,Clear,False,0.0,False,False,0.653,High,20.5,43.5,111.1,0.081,0.186,0.919,Festival crowd surge detected - alternate route and extended cycle recommended
EVT411794,2025-03-22 19:06:12,Trade Fair,J020,Malleshwaram Circle,5919,Weekend,False,Clear,False,0.0,False,False,0.856,Severe,13.2,62.3,266.8,0.138,0.319,0.934,Heavy congestion detected - signal timing extended and reroute suggested
EVT411795,2025-02-04 09:28:27,Sports Fixture,J023,Basavanagudi,66658,Weekday,False,Clear,False,0.0,False,False,1.0,Severe,8.4,71.8,601.3,0.205,0.473,0.919,Heavy congestion detected - signal timing extended and reroute suggested
EVT411796,2025-10-01 18:22:27,Concert,J020,Malleshwaram Circle,7608,Weekday,False,Clear,False,0.0,False,False,1.0,Severe,7.8,69.5,874.3,0.286,0.662,0.919,Heavy congestion detected - signal timing extended and reroute suggested
EVT411797,2025-07-07 14:38:08,Sports Fixture,J012,Koramangala Sony World,20202,Weekday,False,Clear,False,0.0,False,False,0.296,Low,33.7,24.4,152.8,0.147,0.34,0.977,Moderate traffic flow - standard adaptive signal timing in effect
EVT411798,2025-06-10 11:59:29,Trade Fair,J023,Basavanagudi,15925,Weekday,False,Clear,False,0.0,False,False,0.331,Low,30.8,30.5,111.5,0.117,0.271,0.939,Moderate traffic flow - standard adaptive signal timing in effect
EVT411799,2026-01-10 12:21:43,Sports Fixture,J011,Indiranagar 100ft Road,34463,Weekend,False,Clear,False,0.0,False,False,0.387,Moderate,31.6,30.4,169.5,0.145,0.335,0.979,Moderate traffic flow - standard adaptive signal timing in effect
EVT411800,2025-04-20 17:02:46,Political Rally,J023,Basavanagudi,13846,Weekend,False,Clear,False,0.0,False,False,0.65,High,23.2,51.0,264.1,0.197,0.455,0.951,Moderate traffic flow - standard adaptive signal timing in effect
EVT411801,2025-09-21 15:13:16,Local Market Day,J031,Cubbon Road,4626,Weekend,False,Clear,False,0.0,False,False,0.329,Low,29.4,24.5,209.7,0.176,0.407,0.955,Moderate traffic flow - standard adaptive signal timing in effect
EVT411802,2026-02-25 15:48:20,Trade Fair,J040,City Market,7604,Weekday,False,Clear,False,0.0,False,False,0.407,Moderate,27.9,35.7,254.1,0.221,0.51,0.962,Moderate traffic flow - standard adaptive signal timing in effect
EVT411803,2026-03-31 16:10:23,Local Market Day,J012,Koramangala Sony World,3524,Weekday,False,Clear,False,0.0,False,False,0.456,Moderate,27.3,38.3,79.6,0.045,0.104,0.957,Moderate traffic flow - standard adaptive signal timing in effect
EVT411804,2025-05-19 17:48:17,Political Rally,J009,Majestic,11742,Weekday,False,Clear,False,0.0,False,False,0.973,Severe,8.1,71.2,729.9,0.247,0.571,0.932,Heavy congestion detected - signal timing extended and reroute suggested
EVT411805,2025-12-15 20:37:25,Trade Fair,J040,City Market,19689,Weekday,False,Light Rain,True,4.8,False,False,0.685,High,16.2,50.3,244.2,0.131,0.303,0.928,Heavy rain reducing visibility and grip - reduced speed and longer buffer advised
EVT411806,2025-07-03 11:51:54,Sports Fixture,J012,Koramangala Sony World,23457,Weekday,False,Clear,False,0.0,False,False,0.356,Moderate,28.7,28.8,149.1,0.125,0.288,0.98,Moderate traffic flow - standard adaptive signal timing in effect
EVT411807,2025-03-14 17:26:23,Cultural Procession,J011,Indiranagar 100ft Road,15982,Weekday,True,Clear,False,0.0,False,True,1.0,Severe,8.7,103.2,934.8,0.326,0.753,0.831,Road closure for event/procession - full detour recommended for through-traffic
EVT411808,2025-03-21 22:36:06,Concert,J031,Cubbon Road,11341,Weekday,False,Clear,False,0.0,False,False,0.248,Low,28.1,15.3,111.5,0.079,0.182,0.934,Normal free-flow traffic - standard signal timing maintained
EVT411809,2025-12-20 22:47:01,Political Rally,J040,City Market,15421,Weekend,False,Clear,False,0.0,False,False,0.305,Low,32.6,17.5,127.0,0.11,0.255,0.976,Moderate traffic flow - standard adaptive signal timing in effect
EVT411810,2025-06-02 10:45:43,Concert,J012,Koramangala Sony World,17859,Weekday,False,Clear,False,0.0,False,False,0.653,High,18.6,48.1,155.4,0.085,0.195,0.966,Moderate traffic flow - standard adaptive signal timing in effect
EVT411811,2026-06-08 18:09:55,Sports Fixture,J011,Indiranagar 100ft Road,18210,Weekday,False,Clear,False,0.0,False,False,1.0,Severe,6.2,75.9,753.5,0.197,0.456,0.924,Heavy congestion detected - signal timing extended and reroute suggested
EVT411812,2025-10-22 19:38:34,Cultural Procession,J012,Koramangala Sony World,18754,Weekday,True,Rain,True,20.7,False,True,1.0,Severe,7.3,114.3,496.4,0.168,0.389,0.785,Road closure for event/procession - full detour recommended for through-traffic
EVT411813,2026-05-28 13:07:10,Local Market Day,J031,Cubbon Road,6463,Weekday,False,Clear,False,0.0,False,False,0.243,Low,33.5,12.9,98.2,0.083,0.191,0.964,Normal free-flow traffic - standard signal timing maintained
EVT411814,2025-02-25 09:07:21,Concert,J009,Majestic,12091,Weekday,False,Light Rain,True,2.2,True,False,1.0,Severe,8.5,74.1,952.3,0.341,0.787,0.698,Accident detected nearby - reroute and reduced speed advised
EVT411815,2025-04-09 09:23:45,Concert,J040,City Market,12905,Weekday,False,Clear,False,0.0,False,False,0.961,Severe,10.1,65.2,400.6,0.18,0.415,0.903,Heavy congestion detected - signal timing extended and reroute suggested
EVT411816,2025-03-30 18:35:20,Fireworks Display,J011,Indiranagar 100ft Road,18259,Weekend,True,Clear,False,0.0,False,False,1.0,Severe,8.9,73.7,575.0,0.2,0.462,0.878,Festival crowd surge detected - alternate route and extended cycle recommended
EVT411817,2025-12-26 21:36:33,Religious Festival,J040,City Market,42045,Weekday,True,Clear,False,0.0,False,True,0.953,Severe,11.0,100.4,481.1,0.204,0.472,0.847,Road closure for event/procession - full detour recommended for through-traffic
EVT411818,2026-05-09 11:50:01,Local Market Day,J031,Cubbon Road,3282,Weekend,False,Clear,False,0.0,False,False,0.29,Low,30.7,23.1,186.0,0.155,0.357,0.967,Moderate traffic flow - standard adaptive signal timing in effect
EVT411819,2025-11-12 12:58:20,Local Market Day,J020,Malleshwaram Circle,2175,Weekday,False,Clear,False,0.0,False,False,0.147,Low,31.8,18.5,162.7,0.128,0.296,0.961,Normal free-flow traffic - standard signal timing maintained
EVT411820,2025-12-14 16:51:14,Local Market Day,J009,Majestic,2352,Weekend,False,Clear,False,0.0,False,False,0.59,High,23.9,42.4,291.8,0.217,0.502,0.962,Moderate traffic flow - standard adaptive signal timing in effect
EVT411821,2025-05-09 07:26:47,Concert,J009,Majestic,12017,Weekday,False,Clear,False,0.0,False,False,0.669,High,19.7,45.6,339.5,0.215,0.498,0.976,Moderate traffic flow - standard adaptive signal timing in effect
EVT411822,2025-10-27 13:23:30,Sports Fixture,J009,Majestic,20754,Weekday,False,Clear,False,0.0,False,False,0.275,Low,22.3,15.8,147.4,0.095,0.22,0.978,Moderate traffic flow - standard adaptive signal timing in effect
EVT411823,2025-08-02 10:55:22,Local Market Day,J040,City Market,4428,Weekend,False,Heavy Rain,True,27.8,False,False,0.672,High,20.3,49.3,274.5,0.189,0.436,0.92,Heavy rain reducing visibility and grip - reduced speed and longer buffer advised
EVT411824,2025-09-14 07:13:37,Local Market Day,J031,Cubbon Road,8366,Weekend,False,Clear,False,0.0,False,False,0.506,Moderate,27.7,37.2,171.2,0.14,0.324,0.948,Moderate traffic flow - standard adaptive signal timing in effect
EVT411825,2026-02-20 13:50:22,Concert,J030,MG Road,10104,Weekday,False,Clear,False,0.0,False,False,0.215,Low,38.7,16.0,55.5,0.061,0.14,0.988,Normal free-flow traffic - standard signal timing maintained
EVT411826,2026-05-26 09:39:09,Political Rally,J012,Koramangala Sony World,23346,Weekday,False,Clear,False,0.0,False,False,1.0,Severe,10.6,71.8,444.2,0.184,0.425,0.88,Heavy congestion detected - signal timing extended and reroute suggested
EVT411827,2025-12-12 17:22:17,Local Market Day,J011,Indiranagar 100ft Road,5171,Weekday,False,Clear,False,0.0,False,False,0.864,Severe,15.8,64.3,376.1,0.203,0.469,0.934,Heavy congestion detected - signal timing extended and reroute suggested
EVT411828,2025-12-23 15:45:45,Concert,J023,Basavanagudi,10375,Weekday,False,Clear,False,0.0,False,False,0.324,Low,38.0,22.9,134.3,0.141,0.325,0.977,Moderate traffic flow - standard adaptive signal timing in effect
EVT411829,2025-10-06 11:10:31,Sports Fixture,J031,Cubbon Road,20144,Weekday,False,Light Rain,True,4.1,False,False,0.527,Moderate,28.1,38.9,130.6,0.08,0.185,0.934,Light rain detected - minor speed reduction advised
EVT411830,2025-07-11 08:14:29,Trade Fair,J011,Indiranagar 100ft Road,14943,Weekday,False,Clear,False,0.0,False,False,0.936,Severe,12.0,64.5,346.7,0.158,0.364,0.916,Heavy congestion detected - signal timing extended and reroute suggested
EVT411831,2026-04-20 13:52:37,Sports Fixture,J011,Indiranagar 100ft Road,20422,Weekday,False,Clear,False,0.0,False,False,0.234,Low,24.5,17.5,227.2,0.14,0.323,0.969,Normal free-flow traffic - standard signal timing maintained
EVT411832,2025-10-11 17:22:52,Sports Fixture,J020,Malleshwaram Circle,45766,Weekend,False,Light Rain,True,6.2,False,False,1.0,Severe,8.8,69.9,537.0,0.182,0.42,0.854,Heavy rain reducing visibility and grip - reduced speed and longer buffer advised
EVT411833,2025-02-21 17:05:55,Trade Fair,J030,MG Road,13093,Weekday,False,Clear,False,0.0,False,False,0.713,High,17.1,52.2,273.3,0.147,0.34,0.981,Moderate traffic flow - standard adaptive signal timing in effect
EVT411834,2026-04-25 09:53:47,Trade Fair,J020,Malleshwaram Circle,7739,Weekend,False,Clear,False,0.0,False,False,0.748,High,15.6,52.5,442.4,0.246,0.569,0.973,Moderate traffic flow - standard adaptive signal timing in effect
EVT411835,2025-01-18 10:25:39,Political Rally,J023,Basavanagudi,16661,Weekend,False,Clear,False,0.0,False,False,0.595,High,27.3,40.7,107.6,0.099,0.229,0.941,Moderate traffic flow - standard adaptive signal timing in effect
EVT411836,2025-05-06 21:59:02,Sports Fixture,J009,Majestic,10998,Weekday,False,Clear,False,0.0,False,False,0.346,Low,30.9,28.9,175.5,0.146,0.337,0.977,Moderate traffic flow - standard adaptive signal timing in effect
EVT411837,2025-06-21 22:45:28,Concert,J031,Cubbon Road,12678,Weekend,False,Clear,False,0.0,False,False,0.302,Low,36.0,23.1,170.8,0.134,0.31,0.952,Moderate traffic flow - standard adaptive signal timing in effect
EVT411838,2025-06-15 12:17:34,Concert,J040,City Market,9262,Weekend,False,Heavy Rain,True,36.2,False,False,0.57,High,30.3,38.3,160.6,0.118,0.272,0.904,Heavy rain reducing visibility and grip - reduced speed and longer buffer advised
EVT411839,2026-01-27 09:38:57,Cultural Procession,J040,City Market,17267,Weekday,True,Fog,False,0.0,False,True,1.0,Severe,8.5,91.2,655.4,0.245,0.567,0.861,Road closure for event/procession - full detour recommended for through-traffic
EVT411840,2026-06-10 18:17:41,Sports Fixture,J009,Majestic,16200,Weekday,False,Fog,False,0.0,False,False,1.0,Severe,9.7,71.0,469.2,0.188,0.435,0.943,Heavy congestion detected - signal timing extended and reroute suggested
EVT411841,2025-06-19 09:02:23,Sports Fixture,J020,Malleshwaram Circle,17330,Weekday,False,Rain,True,11.4,False,False,1.0,Severe,7.9,71.6,273.9,0.095,0.22,0.849,Heavy rain reducing visibility and grip - reduced speed and longer buffer advised
EVT411842,2025-08-25 18:16:19,Local Market Day,J031,Cubbon Road,3343,Weekday,False,Clear,False,0.0,False,False,1.0,Severe,7.3,67.6,388.1,0.149,0.343,0.902,Heavy congestion detected - signal timing extended and reroute suggested
EVT411843,2025-08-15 08:17:48,Religious Festival,J020,Malleshwaram Circle,48873,Weekday,True,Heavy Rain,True,25.7,False,True,1.0,Severe,8.1,102.5,725.5,0.241,0.558,0.783,Road closure for event/procession - full detour recommended for through-traffic
EVT411844,2025-12-19 06:57:27,Concert,J030,MG Road,8295,Weekday,False,Clear,False,0.0,False,False,0.414,Moderate,27.7,23.1,88.4,0.066,0.152,0.935,Moderate traffic flow - standard adaptive signal timing in effect
EVT411845,2026-06-06 06:32:10,Local Market Day,J009,Majestic,4598,Weekend,False,Clear,False,0.0,False,False,0.41,Moderate,22.3,32.2,128.7,0.069,0.16,0.979,Moderate traffic flow - standard adaptive signal timing in effect
EVT411846,2026-05-24 18:42:01,Concert,J031,Cubbon Road,10814,Weekend,False,Clear,False,0.0,False,False,0.882,Severe,15.3,58.5,313.8,0.172,0.398,0.963,Heavy congestion detected - signal timing extended and reroute suggested
EVT411847,2026-01-12 08:28:06,Local Market Day,J031,Cubbon Road,4038,Weekday,False,Clear,False,0.0,False,False,0.928,Severe,10.4,65.4,212.8,0.089,0.205,0.931,Heavy congestion detected - signal timing extended and reroute suggested
EVT411848,2025-01-31 20:18:37,Trade Fair,J009,Majestic,9344,Weekday,False,Fog,False,0.0,False,False,0.605,High,21.2,47.0,196.7,0.125,0.289,0.961,Moderate traffic flow - standard adaptive signal timing in effect
EVT411849,2025-05-28 22:09:11,Concert,J040,City Market,15970,Weekday,False,Clear,False,0.0,False,False,0.276,Low,33.1,20.5,186.2,0.179,0.414,0.977,Moderate traffic flow - standard adaptive signal timing in effect
EVT411850,2026-04-05 11:57:34,Concert,J023,Basavanagudi,19950,Weekend,False,Clear,False,0.0,False,False,0.391,Moderate,26.0,27.9,215.9,0.152,0.351,0.975,Moderate traffic flow - standard adaptive signal timing in effect
EVT411851,2025-02-13 17:58:56,Trade Fair,J023,Basavanagudi,7363,Weekday,False,Clear,False,0.0,False,False,0.973,Severe,10.3,66.2,409.3,0.146,0.338,0.93,Heavy congestion detected - signal timing extended and reroute suggested
EVT411852,2025-01-31 09:59:13,Local Market Day,J030,MG Road,4112,Weekday,False,Clear,False,0.0,False,False,0.765,Severe,15.0,56.2,401.9,0.214,0.494,0.98,Heavy congestion detected - signal timing extended and reroute suggested
EVT411853,2026-06-09 08:04:18,Local Market Day,J040,City Market,4480,Weekday,False,Heavy Rain,True,86.1,False,False,1.0,Severe,8.6,75.2,196.1,0.082,0.19,0.875,Heavy rain reducing visibility and grip - reduced speed and longer buffer advised
EVT411854,2026-06-26 06:22:21,Sports Fixture,J040,City Market,11183,Weekday,False,Heavy Rain,True,70.2,False,False,0.712,High,15.1,52.1,361.2,0.187,0.433,0.909,Heavy rain reducing visibility and grip - reduced speed and longer buffer advised
EVT411855,2025-01-14 13:58:59,Religious Festival,J030,MG Road,25996,Weekday,True,Clear,False,0.0,False,False,0.505,Moderate,23.9,37.8,189.9,0.144,0.334,0.929,Festival crowd surge detected - alternate route and extended cycle recommended
EVT411856,2025-01-09 09:32:32,Local Market Day,J011,Indiranagar 100ft Road,5332,Weekday,False,Clear,False,0.0,False,False,0.914,Severe,12.2,62.4,441.3,0.198,0.456,0.924,Heavy congestion detected - signal timing extended and reroute suggested
EVT411857,2025-08-17 20:10:40,Trade Fair,J030,MG Road,10101,Weekend,False,Clear,False,0.0,False,False,0.705,High,18.7,49.2,359.0,0.234,0.541,0.969,Moderate traffic flow - standard adaptive signal timing in effect
EVT411858,2025-10-30 11:37:27,Sports Fixture,J031,Cubbon Road,23227,Weekday,False,Clear,False,0.0,False,False,0.421,Moderate,23.6,27.2,230.2,0.146,0.337,0.969,Moderate traffic flow - standard adaptive signal timing in effect
EVT411859,2026-02-01 17:09:04,Concert,J023,Basavanagudi,17775,Weekend,False,Clear,False,0.0,False,False,0.76,Severe,16.2,56.5,192.7,0.1,0.232,0.972,Heavy congestion detected - signal timing extended and reroute suggested
EVT411860,2025-04-25 16:26:50,Local Market Day,J009,Majestic,2782,Weekday,False,Rain,True,20.9,False,False,0.716,High,20.4,51.5,107.2,0.058,0.135,0.927,Heavy rain reducing visibility and grip - reduced speed and longer buffer advised
EVT411861,2025-03-08 17:10:47,Local Market Day,J023,Basavanagudi,3424,Weekend,False,Clear,False,0.0,False,False,0.674,High,21.3,56.4,264.1,0.191,0.442,0.99,Moderate traffic flow - standard adaptive signal timing in effect
EVT411862,2026-03-16 20:56:39,Sports Fixture,J030,MG Road,18231,Weekday,False,Clear,False,0.0,False,False,0.477,Moderate,24.1,40.5,283.4,0.216,0.5,0.944,Moderate traffic flow - standard adaptive signal timing in effect
EVT411863,2025-10-22 08:07:22,Religious Festival,J011,Indiranagar 100ft Road,37202,Weekday,True,Clear,False,0.0,False,True,1.0,Severe,10.1,110.3,668.5,0.287,0.662,0.869,Road closure for event/procession - full detour recommended for through-traffic
EVT411864,2025-03-21 18:56:54,Concert,J011,Indiranagar 100ft Road,16080,Weekday,False,Clear,False,0.0,False,False,1.0,Severe,7.5,71.2,586.3,0.185,0.427,0.898,Heavy congestion detected - signal timing extended and reroute suggested
EVT411865,2026-06-13 12:15:42,Local Market Day,J012,Koramangala Sony World,2137,Weekend,False,Clear,False,0.0,False,False,0.253,Low,25.5,15.7,180.2,0.118,0.272,0.981,Moderate traffic flow - standard adaptive signal timing in effect
EVT411866,2025-10-24 03:07:51,Concert,J031,Cubbon Road,14881,Weekday,False,Clear,False,0.0,False,False,0.277,Low,33.4,13.2,114.7,0.108,0.249,0.989,Moderate traffic flow - standard adaptive signal timing in effect
EVT411867,2026-04-10 17:40:40,Local Market Day,J030,MG Road,3279,Weekday,False,Light Rain,True,7.1,False,False,1.0,Severe,8.1,74.6,548.4,0.169,0.39,0.864,Heavy rain reducing visibility and grip - reduced speed and longer buffer advised
EVT411868,2026-01-14 14:16:11,Religious Festival,J031,Cubbon Road,65100,Weekday,True,Light Rain,True,2.5,False,True,0.997,Severe,8.0,96.7,744.4,0.24,0.555,0.79,Road closure for event/procession - full detour recommended for through-traffic
EVT411869,2025-04-28 18:25:48,Concert,J023,Basavanagudi,20126,Weekday,False,Clear,False,0.0,False,False,1.0,Severe,10.2,75.7,592.4,0.239,0.553,0.929,Heavy congestion detected - signal timing extended and reroute suggested
EVT411870,2025-11-28 19:05:34,Trade Fair,J023,Basavanagudi,7265,Weekday,False,Clear,False,0.0,False,False,0.986,Severe,8.9,76.3,355.3,0.141,0.325,0.91,Heavy congestion detected - signal timing extended and reroute suggested
EVT411871,2025-08-01 12:00:06,Concert,J020,Malleshwaram Circle,10684,Weekday,False,Heavy Rain,True,25.7,False,False,0.572,High,28.9,42.8,271.7,0.215,0.498,0.905,Heavy rain reducing visibility and grip - reduced speed and longer buffer advised
EVT411872,2025-11-29 08:44:01,Political Rally,J031,Cubbon Road,14486,Weekend,False,Fog,False,0.0,False,False,0.944,Severe,7.3,65.3,479.1,0.138,0.318,0.929,Heavy congestion detected - signal timing extended and reroute suggested
EVT411873,2025-07-16 08:23:17,Trade Fair,J011,Indiranagar 100ft Road,12948,Weekday,False,Clear,False,0.0,False,False,1.0,Severe,9.4,69.5,319.6,0.135,0.311,0.91,Heavy congestion detected - signal timing extended and reroute suggested
EVT411874,2025-04-09 04:00:26,Sports Fixture,J009,Majestic,16560,Weekday,False,Clear,False,0.0,False,False,0.238,Low,27.3,25.9,311.4,0.215,0.496,0.956,Normal free-flow traffic - standard signal timing maintained
EVT411875,2026-04-27 17:06:52,Local Market Day,J023,Basavanagudi,5120,Weekday,False,Rain,True,10.8,False,False,0.929,Severe,10.6,62.7,420.6,0.181,0.418,0.91,Heavy rain reducing visibility and grip - reduced speed and longer buffer advised
EVT411876,2025-12-18 16:06:34,Sports Fixture,J012,Koramangala Sony World,15236,Weekday,False,Clear,False,0.0,False,False,0.495,Moderate,22.6,34.5,230.4,0.169,0.391,0.97,Moderate traffic flow - standard adaptive signal timing in effect
EVT411877,2025-10-18 13:41:05,Sports Fixture,J030,MG Road,25573,Weekend,False,Rain,True,16.2,False,False,0.578,High,23.4,45.1,195.4,0.142,0.328,0.898,Heavy rain reducing visibility and grip - reduced speed and longer buffer advised
EVT411878,2026-05-26 08:22:56,Sports Fixture,J040,City Market,47687,Weekday,False,Clear,False,0.0,False,False,1.0,Severe,10.8,69.4,312.3,0.127,0.294,0.909,Heavy congestion detected - signal timing extended and reroute suggested
EVT411879,2025-11-19 17:47:52,Sports Fixture,J009,Majestic,14268,Weekday,False,Fog,False,0.0,False,False,1.0,Severe,6.4,75.0,654.6,0.164,0.38,0.916,Heavy congestion detected - signal timing extended and reroute suggested
EVT411880,2025-10-26 08:22:45,Trade Fair,J012,Koramangala Sony World,15149,Weekend,False,Rain,True,13.5,False,False,1.0,Severe,8.8,74.2,389.0,0.149,0.343,0.874,Heavy rain reducing visibility and grip - reduced speed and longer buffer advised
EVT411881,2025-05-17 20:51:08,Concert,J009,Majestic,6369,Weekend,False,Clear,False,0.0,False,False,0.375,Moderate,30.2,33.3,204.5,0.16,0.37,0.976,Moderate traffic flow - standard adaptive signal timing in effect
EVT411882,2025-03-21 14:46:51,Sports Fixture,J012,Koramangala Sony World,12599,Weekday,False,Light Rain,True,2.5,False,False,0.391,Moderate,28.7,28.3,205.4,0.178,0.41,0.885,Light rain detected - minor speed reduction advised
EVT411883,2026-02-08 05:53:01,Local Market Day,J030,MG Road,4551,Weekend,False,Clear,False,0.0,False,False,0.312,Low,20.0,18.6,105.7,0.059,0.137,0.977,Moderate traffic flow - standard adaptive signal timing in effect
EVT411884,2026-06-11 09:21:14,Local Market Day,J031,Cubbon Road,6084,Weekday,False,Clear,False,0.0,False,False,1.0,Severe,8.8,65.6,556.4,0.194,0.448,0.923,Heavy congestion detected - signal timing extended and reroute suggested
EVT411885,2025-12-09 16:59:10,Local Market Day,J030,MG Road,2741,Weekday,False,Clear,False,0.0,False,False,0.725,High,16.3,52.3,416.7,0.239,0.552,0.957,Moderate traffic flow - standard adaptive signal timing in effect
EVT411886,2026-05-17 07:53:00,Local Market Day,J023,Basavanagudi,3574,Weekend,False,Clear,False,0.0,False,False,0.617,High,23.2,39.8,186.1,0.125,0.289,0.966,Moderate traffic flow - standard adaptive signal timing in effect
EVT411887,2025-04-13 08:48:24,Concert,J009,Majestic,11120,Weekend,False,Clear,False,0.0,False,False,0.963,Severe,8.2,66.7,394.4,0.122,0.282,0.901,Heavy congestion detected - signal timing extended and reroute suggested
EVT411888,2025-10-02 14:50:00,Religious Festival,J023,Basavanagudi,76121,Weekday,True,Clear,False,0.0,False,False,0.858,Severe,12.3,63.0,596.6,0.257,0.593,0.879,Festival crowd surge detected - alternate route and extended cycle recommended
EVT411889,2025-02-25 13:55:25,Trade Fair,J011,Indiranagar 100ft Road,15229,Weekday,False,Clear,False,0.0,False,False,0.204,Low,34.4,14.9,139.3,0.119,0.276,0.947,Normal free-flow traffic - standard signal timing maintained
EVT411890,2026-06-28 23:08:54,Local Market Day,J009,Majestic,2675,Weekend,False,Clear,False,0.0,False,False,0.198,Low,26.8,21.1,123.1,0.077,0.178,0.971,Normal free-flow traffic - standard signal timing maintained
EVT411891,2026-02-08 08:36:04,Concert,J009,Majestic,6383,Weekend,False,Fog,False,0.0,False,False,0.749,High,16.3,50.8,116.8,0.066,0.153,0.981,Moderate traffic flow - standard adaptive signal timing in effect
EVT411892,2025-01-07 18:01:29,Concert,J020,Malleshwaram Circle,11083,Weekday,False,Clear,False,0.0,False,False,1.0,Severe,8.3,67.6,201.3,0.089,0.205,0.909,Heavy congestion detected - signal timing extended and reroute suggested
EVT411893,2025-05-14 08:43:34,Sports Fixture,J012,Koramangala Sony World,25478,Weekday,False,Rain,True,8.7,True,False,1.0,Severe,8.2,71.7,890.5,0.3,0.693,0.698,Accident detected nearby - reroute and reduced speed advised
EVT411894,2025-08-28 20:06:00,Fireworks Display,J031,Cubbon Road,40102,Weekday,True,Clear,False,0.0,True,False,1.0,Severe,7.0,67.2,499.0,0.148,0.341,0.708,Accident detected nearby - reroute and reduced speed advised
EVT411895,2025-02-01 10:48:25,Sports Fixture,J012,Koramangala Sony World,17888,Weekend,False,Clear,False,0.0,False,False,0.59,High,16.6,35.3,357.7,0.199,0.46,0.985,Moderate traffic flow - standard adaptive signal timing in effect
EVT411896,2025-06-22 16:26:14,Political Rally,J031,Cubbon Road,17631,Weekend,False,Clear,False,0.0,False,False,0.588,High,26.5,39.3,191.0,0.157,0.362,0.975,Moderate traffic flow - standard adaptive signal timing in effect
EVT411897,2025-10-03 17:38:35,Religious Festival,J011,Indiranagar 100ft Road,45993,Weekday,True,Clear,False,0.0,False,True,1.0,Severe,8.2,108.7,461.6,0.174,0.401,0.829,Road closure for event/procession - full detour recommended for through-traffic
EVT411898,2025-02-13 17:38:45,Concert,J031,Cubbon Road,27491,Weekday,False,Clear,False,0.0,False,False,1.0,Severe,9.0,65.4,592.2,0.244,0.563,0.919,Heavy congestion detected - signal timing extended and reroute suggested
EVT411899,2025-12-01 13:37:33,Local Market Day,J011,Indiranagar 100ft Road,3898,Weekday,False,Clear,False,0.0,False,False,0.186,Low,30.5,22.4,226.7,0.178,0.412,0.975,Normal free-flow traffic - standard signal timing maintained
EVT411900,2025-03-09 18:08:58,Local Market Day,J030,MG Road,7514,Weekend,False,Clear,False,0.0,False,False,0.916,Severe,12.8,67.6,486.0,0.243,0.561,0.926,Heavy congestion detected - signal timing extended and reroute suggested
EVT411901,2025-01-03 18:14:20,Local Market Day,J023,Basavanagudi,7743,Weekday,False,Clear,False,0.0,False,False,1.0,Severe,7.8,65.2,227.7,0.073,0.168,0.914,Heavy congestion detected - signal timing extended and reroute suggested
EVT411902,2025-11-18 10:18:01,Concert,J012,Koramangala Sony World,19885,Weekday,False,Clear,False,0.0,False,False,0.76,Severe,19.3,55.0,192.2,0.105,0.243,0.956,Heavy congestion detected - signal timing extended and reroute suggested
EVT411903,2025-12-08 16:43:49,Local Market Day,J020,Malleshwaram Circle,5143,Weekday,False,Clear,False,0.0,False,False,0.568,High,22.9,39.8,116.2,0.085,0.195,0.933,Moderate traffic flow - standard adaptive signal timing in effect
EVT411904,2025-08-05 20:17:42,Sports Fixture,J009,Majestic,20703,Weekday,False,Heavy Rain,True,34.5,False,False,1.0,Severe,8.2,69.8,855.9,0.278,0.643,0.859,Heavy rain reducing visibility and grip - reduced speed and longer buffer advised
EVT411905,2025-05-18 16:13:39,Sports Fixture,J031,Cubbon Road,15831,Weekend,False,Clear,False,0.0,False,False,0.481,Moderate,21.0,38.9,230.2,0.165,0.382,0.966,Moderate traffic flow - standard adaptive signal timing in effect
EVT411906,2026-01-17 18:39:03,Sports Fixture,J031,Cubbon Road,16793,Weekend,False,Clear,False,0.0,False,False,0.885,Severe,10.7,66.3,526.7,0.196,0.453,0.944,Heavy congestion detected - signal timing extended and reroute suggested
EVT411907,2025-09-22 18:59:45,Local Market Day,J020,Malleshwaram Circle,2653,Weekday,False,Clear,False,0.0,False,False,0.893,Severe,12.2,58.6,289.5,0.158,0.365,0.93,Heavy congestion detected - signal timing extended and reroute suggested
EVT411908,2025-04-09 11:35:36,Sports Fixture,J031,Cubbon Road,30242,Weekday,False,Clear,False,0.0,False,False,0.537,Moderate,24.6,37.2,220.8,0.155,0.357,0.958,Moderate traffic flow - standard adaptive signal timing in effect
EVT411909,2025-06-24 17:49:07,Concert,J009,Majestic,22709,Weekday,False,Clear,False,0.0,False,False,1.0,Severe,8.8,74.7,196.1,0.092,0.213,0.926,Heavy congestion detected - signal timing extended and reroute suggested
EVT411910,2025-04-14 07:00:02,Religious Festival,J023,Basavanagudi,76629,Weekday,True,Clear,False,0.0,False,False,1.0,Severe,7.4,74.5,569.0,0.171,0.394,0.869,Festival crowd surge detected - alternate route and extended cycle recommended
EVT411911,2025-05-31 16:33:18,Local Market Day,J020,Malleshwaram Circle,2831,Weekend,False,Clear,False,0.0,False,False,0.57,High,22.1,36.1,201.8,0.156,0.361,0.946,Moderate traffic flow - standard adaptive signal timing in effect
EVT411912,2026-03-04 06:20:38,Religious Festival,J020,Malleshwaram Circle,99581,Weekday,True,Clear,False,0.0,False,True,1.0,Severe,8.8,92.6,509.0,0.191,0.442,0.828,Road closure for event/procession - full detour recommended for through-traffic
EVT411913,2025-05-01 06:19:39,Religious Festival,J030,MG Road,64788,Weekday,True,Clear,False,0.0,False,True,1.0,Severe,8.6,96.0,570.1,0.197,0.455,0.804,Road closure for event/procession - full detour recommended for through-traffic
EVT411914,2025-04-19 14:14:15,Concert,J020,Malleshwaram Circle,14901,Weekend,False,Light Rain,True,3.0,False,False,0.546,Moderate,26.5,34.3,170.0,0.14,0.323,0.956,Light rain detected - minor speed reduction advised
EVT411915,2025-03-13 21:16:25,Trade Fair,J012,Koramangala Sony World,9392,Weekday,False,Clear,False,0.0,False,False,0.384,Moderate,32.3,25.5,226.0,0.203,0.469,0.968,Moderate traffic flow - standard adaptive signal timing in effect
EVT411916,2025-11-28 22:21:31,Local Market Day,J012,Koramangala Sony World,3999,Weekday,False,Clear,False,0.0,True,False,0.642,High,21.0,43.6,171.5,0.122,0.281,0.83,Accident detected nearby - reroute and reduced speed advised
EVT411917,2026-04-01 18:56:33,Local Market Day,J011,Indiranagar 100ft Road,2461,Weekday,False,Clear,False,0.0,False,False,1.0,Severe,7.9,68.8,514.4,0.192,0.443,0.917,Heavy congestion detected - signal timing extended and reroute suggested
EVT411918,2026-04-10 12:38:28,Political Rally,J011,Indiranagar 100ft Road,20988,Weekday,False,Clear,False,0.0,False,False,0.244,Low,25.0,16.2,111.1,0.08,0.184,0.949,Normal free-flow traffic - standard signal timing maintained
EVT411919,2026-04-12 12:16:08,Political Rally,J011,Indiranagar 100ft Road,18108,Weekend,False,Clear,False,0.0,False,False,0.288,Low,34.2,23.6,61.6,0.053,0.123,0.964,Moderate traffic flow - standard adaptive signal timing in effect
EVT411920,2025-11-15 15:56:09,Concert,J020,Malleshwaram Circle,9431,Weekend,False,Clear,False,0.0,False,False,0.349,Low,22.8,11.6,95.0,0.067,0.154,0.931,Moderate traffic flow - standard adaptive signal timing in effect
EVT411921,2025-03-16 16:07:13,Concert,J012,Koramangala Sony World,9702,Weekend,False,Clear,False,0.0,False,False,0.472,Moderate,29.1,34.7,185.0,0.166,0.383,0.959,Moderate traffic flow - standard adaptive signal timing in effect
EVT411922,2025-09-13 08:55:08,Concert,J011,Indiranagar 100ft Road,10799,Weekend,False,Clear,False,0.0,False,False,0.939,Severe,8.5,65.1,508.3,0.183,0.424,0.97,Heavy congestion detected - signal timing extended and reroute suggested
EVT411923,2025-06-24 20:00:18,Concert,J011,Indiranagar 100ft Road,23337,Weekday,False,Clear,False,0.0,False,False,0.799,Severe,14.1,57.3,410.8,0.204,0.472,0.934,Heavy congestion detected - signal timing extended and reroute suggested
EVT411924,2026-02-20 21:23:02,Trade Fair,J030,MG Road,7724,Weekday,False,Clear,False,0.0,False,False,0.381,Moderate,28.3,30.0,162.7,0.123,0.284,0.965,Moderate traffic flow - standard adaptive signal timing in effect
EVT411925,2026-03-01 11:31:56,Concert,J031,Cubbon Road,17733,Weekend,False,Clear,False,0.0,False,False,0.442,Moderate,32.7,34.0,163.1,0.147,0.339,0.978,Moderate traffic flow - standard adaptive signal timing in effect
EVT411926,2025-07-26 12:40:47,Sports Fixture,J009,Majestic,26171,Weekend,False,Rain,True,13.6,False,False,0.633,High,21.2,43.6,150.5,0.076,0.175,0.89,Heavy rain reducing visibility and grip - reduced speed and longer buffer advised
EVT411927,2025-05-01 14:01:19,Cultural Procession,J009,Majestic,9129,Weekday,True,Clear,False,0.0,False,True,0.512,Moderate,21.2,52.0,332.7,0.213,0.493,0.898,Road closure for event/procession - full detour recommended for through-traffic
EVT411928,2025-03-25 17:42:19,Concert,J030,MG Road,12051,Weekday,False,Clear,False,0.0,False,False,0.988,Severe,8.6,75.3,654.3,0.246,0.568,0.915,Heavy congestion detected - signal timing extended and reroute suggested
EVT411929,2025-04-16 09:20:36,Sports Fixture,J031,Cubbon Road,17955,Weekday,False,Clear,False,0.0,False,False,1.0,Severe,8.6,70.3,541.8,0.208,0.481,0.924,Heavy congestion detected - signal timing extended and reroute suggested
EVT411930,2026-03-31 19:23:13,Concert,J040,City Market,7237,Weekday,False,Clear,False,0.0,False,False,0.959,Severe,8.3,66.1,608.2,0.221,0.512,0.93,Heavy congestion detected - signal timing extended and reroute suggested
EVT411931,2026-06-26 08:10:10,Concert,J020,Malleshwaram Circle,20205,Weekday,False,Rain,True,14.8,False,False,1.0,Severe,8.3,67.7,604.9,0.195,0.45,0.839,Heavy rain reducing visibility and grip - reduced speed and longer buffer advised
EVT411932,2025-09-05 18:17:46,Religious Festival,J009,Majestic,45430,Weekday,True,Heavy Rain,True,28.0,False,True,1.0,Severe,8.7,94.8,565.1,0.2,0.461,0.812,Road closure for event/procession - full detour recommended for through-traffic
EVT411933,2025-02-28 22:02:42,Local Market Day,J040,City Market,3491,Weekday,False,Clear,False,0.0,False,False,0.245,Low,29.0,20.4,209.2,0.146,0.338,0.964,Normal free-flow traffic - standard signal timing maintained
EVT411934,2026-01-30 19:33:58,Local Market Day,J031,Cubbon Road,4567,Weekday,False,Clear,False,0.0,False,False,0.897,Severe,14.0,64.2,415.4,0.223,0.515,0.943,Heavy congestion detected - signal timing extended and reroute suggested
EVT411935,2025-07-31 10:06:02,Trade Fair,J011,Indiranagar 100ft Road,7638,Weekday,False,Clear,False,0.0,False,False,0.859,Severe,11.3,61.4,187.5,0.09,0.208,0.925,Heavy congestion detected - signal timing extended and reroute suggested
EVT411936,2025-07-09 07:26:32,Trade Fair,J023,Basavanagudi,17975,Weekday,False,Heavy Rain,True,71.2,False,False,1.0,Severe,9.5,72.6,185.6,0.086,0.199,0.855,Heavy rain reducing visibility and grip - reduced speed and longer buffer advised
EVT411937,2026-01-15 19:53:52,Cultural Procession,J031,Cubbon Road,45455,Weekday,True,Light Rain,True,3.0,False,True,1.0,Severe,7.1,101.8,529.9,0.173,0.4,0.794,Road closure for event/procession - full detour recommended for through-traffic
EVT411938,2025-10-20 17:42:40,Religious Festival,J011,Indiranagar 100ft Road,63210,Weekday,True,Clear,False,0.0,False,True,1.0,Severe,8.6,98.4,639.1,0.266,0.615,0.821,Road closure for event/procession - full detour recommended for through-traffic
EVT411939,2025-04-18 11:39:41,Concert,J009,Majestic,10833,Weekday,False,Clear,False,0.0,False,False,0.279,Low,40.1,17.6,149.8,0.146,0.336,0.99,Moderate traffic flow - standard adaptive signal timing in effect
EVT411940,2025-08-31 21:36:01,Sports Fixture,J020,Malleshwaram Circle,41330,Weekend,False,Clear,False,0.0,False,False,0.562,High,17.9,39.3,340.5,0.177,0.41,0.938,Moderate traffic flow - standard adaptive signal timing in effect
EVT411941,2026-03-08 17:02:17,Sports Fixture,J011,Indiranagar 100ft Road,30245,Weekend,False,Clear,False,0.0,False,False,0.81,Severe,16.9,59.1,150.9,0.092,0.213,0.949,Heavy congestion detected - signal timing extended and reroute suggested
EVT411942,2025-01-03 08:47:48,Sports Fixture,J030,MG Road,36604,Weekday,False,Clear,False,0.0,False,False,1.0,Severe,7.4,65.9,636.3,0.199,0.46,0.921,Heavy congestion detected - signal timing extended and reroute suggested
EVT411943,2025-11-04 06:48:33,Local Market Day,J011,Indiranagar 100ft Road,3261,Weekday,False,Clear,False,0.0,False,False,0.339,Low,28.3,29.9,154.4,0.13,0.299,0.961,Moderate traffic flow - standard adaptive signal timing in effect
EVT411944,2025-05-07 06:01:19,Concert,J023,Basavanagudi,16202,Weekday,False,Clear,False,0.0,False,False,0.277,Low,22.4,18.4,273.5,0.174,0.401,0.971,Moderate traffic flow - standard adaptive signal timing in effect
EVT411945,2025-10-18 13:06:59,Sports Fixture,J020,Malleshwaram Circle,18292,Weekend,False,Clear,False,0.0,False,False,0.351,Moderate,28.0,21.4,201.0,0.166,0.384,0.983,Moderate traffic flow - standard adaptive signal timing in effect
EVT411946,2025-08-11 15:18:49,Concert,J012,Koramangala Sony World,17509,Weekday,False,Heavy Rain,True,43.6,False,False,0.766,Severe,15.2,54.8,275.3,0.125,0.289,0.899,Heavy rain reducing visibility and grip - reduced speed and longer buffer advised
EVT411947,2025-05-28 18:52:09,Concert,J030,MG Road,12761,Weekday,False,Clear,False,0.0,False,False,1.0,Severe,6.0,67.5,692.6,0.201,0.465,0.905,Heavy congestion detected - signal timing extended and reroute suggested
EVT411948,2026-06-17 17:40:37,Political Rally,J040,City Market,18108,Weekday,False,Clear,False,0.0,False,False,0.983,Severe,10.3,71.5,654.7,0.236,0.545,0.891,Heavy congestion detected - signal timing extended and reroute suggested
EVT411949,2025-01-03 19:31:02,Concert,J023,Basavanagudi,17961,Weekday,False,Clear,False,0.0,False,False,0.974,Severe,8.9,71.0,618.5,0.201,0.465,0.934,Heavy congestion detected - signal timing extended and reroute suggested
EVT411950,2025-04-02 16:15:11,Concert,J023,Basavanagudi,11106,Weekday,False,Clear,False,0.0,False,False,0.516,Moderate,23.4,30.9,250.2,0.21,0.485,0.99,Moderate traffic flow - standard adaptive signal timing in effect
EVT411951,2025-06-03 05:41:25,Concert,J040,City Market,22941,Weekday,False,Clear,False,0.0,False,False,0.318,Low,32.7,17.4,95.8,0.094,0.218,0.984,Moderate traffic flow - standard adaptive signal timing in effect
EVT411952,2026-03-20 18:16:19,Religious Festival,J009,Majestic,49392,Weekday,True,Clear,False,0.0,False,True,1.0,Severe,8.0,92.4,568.5,0.18,0.416,0.839,Road closure for event/procession - full detour recommended for through-traffic
EVT411953,2026-05-08 11:17:18,Political Rally,J030,MG Road,13067,Weekday,False,Clear,False,0.0,False,False,0.288,Low,35.4,20.0,134.7,0.115,0.266,0.975,Moderate traffic flow - standard adaptive signal timing in effect
EVT411954,2025-05-22 17:11:58,Local Market Day,J009,Majestic,4501,Weekday,False,Clear,False,0.0,False,False,0.86,Severe,11.2,70.1,694.8,0.25,0.578,0.922,Heavy congestion detected - signal timing extended and reroute suggested
EVT411955,2026-06-29 10:21:12,Local Market Day,J011,Indiranagar 100ft Road,4489,Weekday,False,Clear,False,0.0,False,False,0.611,High,25.9,42.8,228.5,0.19,0.438,0.976,Moderate traffic flow - standard adaptive signal timing in effect
EVT411956,2025-05-06 08:45:41,Local Market Day,J031,Cubbon Road,2887,Weekday,False,Rain,True,9.8,False,False,1.0,Severe,9.9,74.5,323.5,0.132,0.305,0.873,Heavy rain reducing visibility and grip - reduced speed and longer buffer advised
EVT411957,2025-04-16 16:23:07,Sports Fixture,J012,Koramangala Sony World,20361,Weekday,False,Clear,False,0.0,False,False,0.593,High,23.9,39.0,247.9,0.163,0.376,0.949,Moderate traffic flow - standard adaptive signal timing in effect
EVT411958,2025-01-26 12:30:45,Religious Festival,J030,MG Road,39591,Weekend,True,Clear,False,0.0,False,True,0.83,High,15.5,78.7,238.9,0.142,0.329,0.853,Road closure for event/procession - full detour recommended for through-traffic
EVT411959,2025-05-15 04:05:48,Concert,J012,Koramangala Sony World,15935,Weekday,False,Light Rain,True,3.6,False,False,0.349,Low,28.0,25.9,251.4,0.215,0.497,0.9,Light rain detected - minor speed reduction advised
EVT411960,2025-07-11 15:49:22,Sports Fixture,J040,City Market,29295,Weekday,False,Rain,True,18.7,False,False,0.733,High,16.2,45.8,189.1,0.109,0.252,0.926,Heavy rain reducing visibility and grip - reduced speed and longer buffer advised
EVT411961,2025-04-03 09:34:49,Local Market Day,J023,Basavanagudi,4643,Weekday,False,Fog,False,0.0,False,False,0.961,Severe,7.3,67.2,699.8,0.225,0.521,0.923,Heavy congestion detected - signal timing extended and reroute suggested
EVT411962,2025-04-22 18:37:01,Local Market Day,J012,Koramangala Sony World,3655,Weekday,False,Clear,False,0.0,False,False,0.992,Severe,8.9,73.0,543.8,0.201,0.465,0.965,Heavy congestion detected - signal timing extended and reroute suggested
EVT411963,2025-07-22 13:06:22,Local Market Day,J030,MG Road,5864,Weekday,False,Heavy Rain,True,29.9,False,False,0.485,Moderate,30.6,36.8,162.4,0.132,0.305,0.913,Light rain detected - minor speed reduction advised
EVT411964,2025-10-07 20:08:17,Political Rally,J030,MG Road,14995,Weekday,False,Rain,True,15.0,False,False,0.917,Severe,9.8,67.1,1051.3,0.404,0.933,0.858,Heavy rain reducing visibility and grip - reduced speed and longer buffer advised
EVT411965,2026-04-07 19:24:32,Trade Fair,J040,City Market,10039,Weekday,False,Clear,False,0.0,False,False,0.926,Severe,9.5,69.4,494.5,0.189,0.437,0.938,Heavy congestion detected - signal timing extended and reroute suggested
EVT411966,2025-11-28 11:57:43,Sports Fixture,J020,Malleshwaram Circle,17435,Weekday,False,Clear,False,0.0,False,False,0.228,Low,34.3,9.9,130.2,0.145,0.334,0.965,Normal free-flow traffic - standard signal timing maintained
EVT411967,2025-07-09 16:41:31,Sports Fixture,J030,MG Road,25586,Weekday,False,Heavy Rain,True,26.3,False,False,0.981,Severe,8.9,66.5,478.5,0.175,0.403,0.852,Heavy rain reducing visibility and grip - reduced speed and longer buffer advised
EVT411968,2025-09-19 09:34:27,Trade Fair,J040,City Market,8656,Weekday,False,Heavy Rain,True,45.5,False,False,1.0,Severe,7.4,70.9,486.2,0.146,0.337,0.874,Heavy rain reducing visibility and grip - reduced speed and longer buffer advised
EVT411969,2025-06-29 17:03:29,Trade Fair,J011,Indiranagar 100ft Road,6014,Weekend,False,Clear,False,0.0,False,False,0.643,High,19.8,50.7,408.8,0.233,0.539,0.955,Moderate traffic flow - standard adaptive signal timing in effect
EVT411970,2026-02-01 18:05:39,Local Market Day,J009,Majestic,3177,Weekend,False,Clear,False,0.0,False,False,0.831,Severe,11.4,56.9,407.5,0.19,0.439,0.951,Heavy congestion detected - signal timing extended and reroute suggested
EVT411971,2026-01-19 21:31:58,Sports Fixture,J030,MG Road,40124,Weekday,False,Clear,False,0.0,False,False,0.584,High,19.4,36.1,307.0,0.204,0.472,0.973,Moderate traffic flow - standard adaptive signal timing in effect
EVT411972,2025-08-15 13:19:21,Cultural Procession,J031,Cubbon Road,21770,Weekday,True,Clear,False,0.0,False,True,0.691,Moderate,22.2,73.0,310.1,0.206,0.475,0.875,Road closure for event/procession - full detour recommended for through-traffic
EVT411973,2025-04-26 18:24:00,Sports Fixture,J030,MG Road,23342,Weekend,False,Clear,False,0.0,False,False,1.0,Severe,10.3,67.6,379.2,0.166,0.384,0.945,Heavy congestion detected - signal timing extended and reroute suggested
EVT411974,2025-10-19 22:35:11,Concert,J040,City Market,13593,Weekend,False,Clear,False,0.0,False,False,0.296,Low,34.5,30.1,180.1,0.152,0.352,0.962,Moderate traffic flow - standard adaptive signal timing in effect
EVT411975,2025-11-19 09:49:41,Trade Fair,J023,Basavanagudi,11106,Weekday,False,Fog,False,0.0,False,False,0.926,Severe,10.6,71.6,292.7,0.14,0.325,0.928,Heavy congestion detected - signal timing extended and reroute suggested
EVT411976,2025-08-23 16:51:24,Local Market Day,J031,Cubbon Road,3723,Weekend,False,Heavy Rain,True,29.6,False,False,0.921,Severe,12.3,68.9,248.7,0.111,0.257,0.883,Heavy rain reducing visibility and grip - reduced speed and longer buffer advised
EVT411977,2025-05-11 18:18:35,Concert,J031,Cubbon Road,9328,Weekend,False,Clear,False,0.0,False,False,0.854,Severe,14.5,62.3,213.4,0.114,0.264,0.961,Heavy congestion detected - signal timing extended and reroute suggested
EVT411978,2025-08-08 14:23:49,Sports Fixture,J023,Basavanagudi,27972,Weekday,False,Clear,False,0.0,False,False,0.412,Moderate,23.0,31.6,174.3,0.11,0.253,0.963,Moderate traffic flow - standard adaptive signal timing in effect
EVT411979,2026-06-16 13:26:22,Trade Fair,J023,Basavanagudi,11156,Weekday,False,Rain,True,12.0,False,False,0.431,Moderate,27.6,32.5,137.6,0.105,0.242,0.92,Light rain detected - minor speed reduction advised
EVT411980,2025-03-20 15:46:04,Sports Fixture,J009,Majestic,19928,Weekday,False,Fog,False,0.0,False,False,0.459,Moderate,23.2,40.3,202.0,0.157,0.363,0.959,Moderate traffic flow - standard adaptive signal timing in effect
EVT411981,2025-05-02 07:49:23,Cultural Procession,J011,Indiranagar 100ft Road,9516,Weekday,True,Rain,True,8.2,False,False,1.0,Severe,8.5,72.0,303.8,0.132,0.306,0.813,Festival crowd surge detected - alternate route and extended cycle recommended
EVT411982,2025-08-07 08:43:51,Trade Fair,J031,Cubbon Road,12693,Weekday,False,Heavy Rain,True,44.1,False,False,1.0,Severe,10.2,66.1,699.9,0.278,0.643,0.853,Heavy rain reducing visibility and grip - reduced speed and longer buffer advised
EVT411983,2025-02-05 16:58:46,Sports Fixture,J011,Indiranagar 100ft Road,19255,Weekday,False,Light Rain,True,1.7,False,False,0.904,Severe,12.5,68.2,266.5,0.144,0.333,0.868,Heavy rain reducing visibility and grip - reduced speed and longer buffer advised
EVT411984,2025-07-14 13:38:26,Local Market Day,J030,MG Road,4279,Weekday,False,Heavy Rain,True,43.2,False,False,0.475,Moderate,28.6,32.3,146.1,0.129,0.299,0.93,Light rain detected - minor speed reduction advised
EVT411985,2025-09-11 21:59:32,Sports Fixture,J011,Indiranagar 100ft Road,21693,Weekday,False,Rain,True,19.0,False,False,0.503,Moderate,26.2,35.6,72.7,0.061,0.14,0.908,Light rain detected - minor speed reduction advised
EVT411986,2025-09-25 10:56:43,Concert,J012,Koramangala Sony World,15851,Weekday,False,Fog,False,0.0,False,False,0.491,Moderate,27.2,33.2,189.8,0.143,0.33,0.981,Moderate traffic flow - standard adaptive signal timing in effect
EVT411987,2025-03-17 07:39:03,Concert,J012,Koramangala Sony World,10855,Weekday,False,Clear,False,0.0,False,False,0.653,High,18.4,51.7,179.6,0.106,0.246,0.976,Moderate traffic flow - standard adaptive signal timing in effect
EVT411988,2025-06-28 14:44:04,Trade Fair,J023,Basavanagudi,7641,Weekend,False,Clear,False,0.0,False,False,0.305,Low,33.8,22.5,129.9,0.12,0.278,0.971,Moderate traffic flow - standard adaptive signal timing in effect
EVT411989,2026-03-08 10:28:30,Local Market Day,J023,Basavanagudi,3772,Weekend,False,Clear,False,0.0,False,False,0.654,High,19.5,44.4,387.4,0.235,0.544,0.945,Moderate traffic flow - standard adaptive signal timing in effect
EVT411990,2025-09-28 06:20:07,Trade Fair,J040,City Market,11030,Weekend,False,Clear,False,0.0,False,False,0.398,Moderate,26.2,30.6,198.7,0.132,0.304,0.971,Moderate traffic flow - standard adaptive signal timing in effect
EVT411991,2025-03-15 18:00:38,Religious Festival,J030,MG Road,40532,Weekend,True,Clear,False,0.0,True,True,1.0,Severe,8.6,100.3,440.9,0.181,0.419,0.664,Road closure for event/procession - full detour recommended for through-traffic
EVT411992,2025-11-30 11:20:35,Concert,J040,City Market,19529,Weekend,False,Clear,False,0.0,False,False,0.428,Moderate,27.3,30.7,204.7,0.161,0.372,0.978,Moderate traffic flow - standard adaptive signal timing in effect
EVT411993,2025-11-20 19:36:03,Political Rally,J009,Majestic,11737,Weekday,False,Clear,False,0.0,False,False,1.0,Severe,8.9,64.7,666.5,0.223,0.516,0.905,Heavy congestion detected - signal timing extended and reroute suggested
EVT411994,2025-04-25 09:37:18,Sports Fixture,J030,MG Road,21673,Weekday,False,Clear,False,0.0,False,False,1.0,Severe,8.1,70.1,623.6,0.215,0.497,0.906,Heavy congestion detected - signal timing extended and reroute suggested
EVT411995,2025-08-10 15:30:07,Sports Fixture,J031,Cubbon Road,20666,Weekend,False,Clear,False,0.0,False,False,0.48,Moderate,25.1,33.0,159.3,0.132,0.306,0.971,Moderate traffic flow - standard adaptive signal timing in effect
EVT411996,2026-06-13 14:22:49,Trade Fair,J012,Koramangala Sony World,12727,Weekend,False,Rain,True,20.6,False,False,0.543,Moderate,24.2,39.1,213.5,0.163,0.375,0.901,Light rain detected - minor speed reduction advised
EVT411997,2025-12-22 16:15:31,Local Market Day,J020,Malleshwaram Circle,8236,Weekday,False,Clear,False,0.0,False,False,0.53,Moderate,25.7,35.3,161.3,0.122,0.281,0.968,Moderate traffic flow - standard adaptive signal timing in effect
EVT411998,2026-02-16 12:09:20,Sports Fixture,J031,Cubbon Road,38282,Weekday,False,Clear,False,0.0,False,False,0.398,Moderate,31.1,25.0,172.2,0.143,0.331,0.947,Moderate traffic flow - standard adaptive signal timing in effect
EVT411999,2025-02-03 09:50:04,Local Market Day,J040,City Market,6574,Weekday,False,Fog,False,0.0,False,False,0.876,Severe,11.4,57.3,523.0,0.212,0.489,0.939,Heavy congestion detected - signal timing extended and reroute suggested
EVT412000,2025-07-09 15:28:08,Sports Fixture,J030,MG Road,15219,Weekday,False,Fog,False,0.0,False,False,0.367,Moderate,24.5,30.9,274.7,0.188,0.434,0.971,Moderate traffic flow - standard adaptive signal timing in effect
EVT412001,2025-02-05 19:04:46,Local Market Day,J020,Malleshwaram Circle,3002,Weekday,False,Clear,False,0.0,False,False,1.0,Severe,9.6,74.9,276.6,0.109,0.251,0.893,Heavy congestion detected - signal timing extended and reroute suggested
EVT412002,2026-01-14 11:26:44,Religious Festival,J011,Indiranagar 100ft Road,37914,Weekday,True,Clear,False,0.0,False,True,0.969,Severe,10.9,84.9,360.9,0.166,0.384,0.824,Road closure for event/procession - full detour recommended for through-traffic
EVT412003,2026-04-11 14:06:58,Concert,J011,Indiranagar 100ft Road,11180,Weekend,False,Clear,False,0.0,False,False,0.262,Low,29.2,20.5,94.6,0.062,0.143,0.954,Moderate traffic flow - standard adaptive signal timing in effect
EVT412004,2026-05-12 18:07:44,Sports Fixture,J030,MG Road,28830,Weekday,False,Rain,True,8.4,False,False,1.0,Severe,8.2,74.4,655.2,0.21,0.486,0.879,Heavy rain reducing visibility and grip - reduced speed and longer buffer advised
EVT412005,2025-03-23 18:21:35,Local Market Day,J020,Malleshwaram Circle,6053,Weekend,False,Clear,False,0.0,False,False,0.889,Severe,10.4,61.1,414.2,0.151,0.35,0.941,Heavy congestion detected - signal timing extended and reroute suggested
EVT412006,2026-01-04 00:46:08,Trade Fair,J020,Malleshwaram Circle,8678,Weekend,False,Clear,False,0.0,False,False,0.279,Low,26.5,21.9,202.3,0.137,0.317,0.958,Moderate traffic flow - standard adaptive signal timing in effect
EVT412007,2026-03-18 15:14:32,Local Market Day,J020,Malleshwaram Circle,3337,Weekday,False,Clear,False,0.0,False,False,0.272,Low,35.4,15.5,172.0,0.151,0.348,0.988,Moderate traffic flow - standard adaptive signal timing in effect
EVT412008,2025-09-30 17:56:11,Local Market Day,J012,Koramangala Sony World,3991,Weekday,False,Clear,False,0.0,False,False,0.886,Severe,12.0,65.9,262.0,0.118,0.272,0.932,Heavy congestion detected - signal timing extended and reroute suggested
EVT412009,2026-03-15 08:38:56,Local Market Day,J009,Majestic,5690,Weekend,False,Light Rain,True,5.0,False,False,0.964,Severe,9.0,67.5,488.4,0.173,0.399,0.869,Heavy rain reducing visibility and grip - reduced speed and longer buffer advised
EVT412010,2025-09-04 10:33:28,Local Market Day,J012,Koramangala Sony World,2721,Weekday,False,Rain,True,7.8,False,False,0.711,High,17.1,55.7,158.6,0.08,0.185,0.917,Heavy rain reducing visibility and grip - reduced speed and longer buffer advised
EVT412011,2025-04-28 17:56:53,Political Rally,J040,City Market,9177,Weekday,False,Clear,False,0.0,True,False,1.0,Severe,9.4,67.0,543.3,0.226,0.522,0.775,Accident detected nearby - reroute and reduced speed advised
EVT412012,2026-01-07 13:39:05,Local Market Day,J012,Koramangala Sony World,3297,Weekday,False,Clear,False,0.0,False,False,0.203,Low,33.4,18.6,142.5,0.14,0.323,0.923,Normal free-flow traffic - standard signal timing maintained
EVT412013,2025-04-14 21:04:15,Religious Festival,J011,Indiranagar 100ft Road,19106,Weekday,True,Light Rain,True,6.7,False,False,0.818,Severe,14.5,60.9,403.3,0.203,0.469,0.854,Festival crowd surge detected - alternate route and extended cycle recommended
EVT412014,2025-02-28 16:22:25,Sports Fixture,J030,MG Road,11640,Weekday,False,Clear,False,0.0,False,False,0.588,High,24.2,35.8,303.6,0.226,0.522,0.936,Moderate traffic flow - standard adaptive signal timing in effect
EVT412015,2026-05-04 08:49:39,Local Market Day,J030,MG Road,3859,Weekday,False,Clear,False,0.0,False,False,1.0,Severe,9.0,69.8,546.9,0.192,0.444,0.906,Heavy congestion detected - signal timing extended and reroute suggested
EVT412016,2025-01-13 18:58:19,Political Rally,J040,City Market,8664,Weekday,False,Clear,False,0.0,False,False,1.0,Severe,9.0,74.2,497.5,0.177,0.408,0.944,Heavy congestion detected - signal timing extended and reroute suggested
EVT412017,2026-03-07 20:11:56,Local Market Day,J020,Malleshwaram Circle,5112,Weekend,False,Clear,False,0.0,False,False,0.65,High,21.7,51.0,200.0,0.143,0.331,0.953,Moderate traffic flow - standard adaptive signal timing in effect
EVT412018,2025-07-26 16:13:16,Trade Fair,J023,Basavanagudi,7178,Weekend,False,Clear,False,0.0,False,False,0.415,Moderate,27.4,24.9,152.8,0.146,0.337,0.955,Moderate traffic flow - standard adaptive signal timing in effect
EVT412019,2025-03-20 17:36:30,Trade Fair,J012,Koramangala Sony World,11514,Weekday,False,Clear,False,0.0,False,False,0.994,Severe,8.3,72.6,1062.6,0.378,0.874,0.9,Heavy congestion detected - signal timing extended and reroute suggested
EVT412020,2025-02-11 19:54:53,Political Rally,J020,Malleshwaram Circle,28503,Weekday,False,Clear,False,0.0,False,False,0.843,Severe,13.7,64.9,349.3,0.183,0.422,0.917,Heavy congestion detected - signal timing extended and reroute suggested
EVT412021,2025-10-03 16:37:43,Religious Festival,J012,Koramangala Sony World,32552,Weekday,True,Rain,True,15.2,False,True,1.0,Severe,8.4,98.8,466.4,0.187,0.431,0.768,Road closure for event/procession - full detour recommended for through-traffic
EVT412022,2026-06-09 13:05:27,Concert,J011,Indiranagar 100ft Road,8925,Weekday,False,Heavy Rain,True,27.9,False,False,0.509,Moderate,23.3,35.6,215.7,0.163,0.377,0.932,Light rain detected - minor speed reduction advised
EVT412023,2025-07-18 18:24:16,Sports Fixture,J011,Indiranagar 100ft Road,23256,Weekday,False,Rain,True,21.1,False,False,1.0,Severe,9.2,71.1,476.6,0.171,0.395,0.861,Heavy rain reducing visibility and grip - reduced speed and longer buffer advised
EVT412024,2025-04-27 19:12:17,Concert,J011,Indiranagar 100ft Road,9250,Weekend,False,Clear,False,0.0,False,False,0.81,Severe,14.9,55.7,407.6,0.199,0.46,0.982,Heavy congestion detected - signal timing extended and reroute suggested
EVT412025,2026-05-09 07:16:18,Political Rally,J023,Basavanagudi,10701,Weekend,False,Clear,False,0.0,False,False,0.59,High,18.5,36.2,222.2,0.13,0.301,0.961,Moderate traffic flow - standard adaptive signal timing in effect
EVT412026,2025-05-02 11:11:55,Religious Festival,J040,City Market,53746,Weekday,True,Clear,False,0.0,False,True,1.0,Severe,6.6,100.8,644.8,0.199,0.459,0.84,Road closure for event/procession - full detour recommended for through-traffic
EVT412027,2026-02-16 10:48:25,Concert,J030,MG Road,11188,Weekday,False,Clear,False,0.0,False,False,0.454,Moderate,25.7,29.3,148.1,0.1,0.231,0.99,Moderate traffic flow - standard adaptive signal timing in effect
EVT412028,2025-09-22 07:49:55,Local Market Day,J011,Indiranagar 100ft Road,4004,Weekday,False,Heavy Rain,True,26.4,False,False,1.0,Severe,9.0,69.2,820.7,0.294,0.678,0.851,Heavy rain reducing visibility and grip - reduced speed and longer buffer advised
EVT412029,2026-03-26 08:56:49,Cultural Procession,J031,Cubbon Road,19226,Weekday,True,Clear,False,0.0,False,True,1.0,Severe,7.7,99.2,683.2,0.222,0.513,0.82,Road closure for event/procession - full detour recommended for through-traffic
EVT412030,2025-04-08 15:43:56,Local Market Day,J012,Koramangala Sony World,3060,Weekday,False,Clear,False,0.0,False,False,0.412,Moderate,25.9,32.3,173.4,0.146,0.338,0.964,Moderate traffic flow - standard adaptive signal timing in effect
EVT412031,2025-12-24 19:32:36,Sports Fixture,J009,Majestic,25160,Weekday,False,Clear,False,0.0,False,False,0.933,Severe,13.1,66.2,323.9,0.184,0.424,0.91,Heavy congestion detected - signal timing extended and reroute suggested
EVT412032,2025-12-22 10:04:53,Concert,J020,Malleshwaram Circle,7987,Weekday,False,Clear,False,0.0,False,False,0.809,Severe,14.6,55.1,490.5,0.255,0.588,0.955,Heavy congestion detected - signal timing extended and reroute suggested
EVT412033,2025-05-14 18:54:32,Local Market Day,J011,Indiranagar 100ft Road,6346,Weekday,False,Light Rain,True,1.6,False,False,1.0,Severe,9.2,76.8,519.1,0.191,0.441,0.868,Heavy rain reducing visibility and grip - reduced speed and longer buffer advised
EVT412034,2026-05-15 17:33:11,Sports Fixture,J030,MG Road,23165,Weekday,False,Clear,False,0.0,False,False,1.0,Severe,9.1,72.1,694.0,0.242,0.56,0.932,Heavy congestion detected - signal timing extended and reroute suggested
EVT412035,2025-02-24 17:33:18,Trade Fair,J020,Malleshwaram Circle,15292,Weekday,False,Clear,False,0.0,False,False,0.976,Severe,8.8,68.3,620.2,0.217,0.501,0.917,Heavy congestion detected - signal timing extended and reroute suggested
EVT412036,2025-12-13 19:06:38,Trade Fair,J009,Majestic,7224,Weekend,False,Rain,True,9.0,False,False,1.0,Severe,9.6,71.3,497.4,0.19,0.44,0.893,Heavy rain reducing visibility and grip - reduced speed and longer buffer advised
EVT412037,2025-11-01 07:38:58,Religious Festival,J012,Koramangala Sony World,70356,Weekend,True,Clear,False,0.0,False,True,1.0,Severe,7.9,94.2,738.2,0.245,0.565,0.849,Road closure for event/procession - full detour recommended for through-traffic
EVT412038,2025-12-23 20:53:06,Trade Fair,J031,Cubbon Road,4228,Weekday,False,Clear,False,0.0,False,False,0.515,Moderate,24.8,36.7,197.5,0.136,0.314,0.967,Moderate traffic flow - standard adaptive signal timing in effect
EVT412039,2025-05-29 15:34:13,Concert,J011,Indiranagar 100ft Road,16231,Weekday,False,Clear,False,0.0,False,False,0.42,Moderate,21.4,24.1,220.3,0.145,0.335,0.949,Moderate traffic flow - standard adaptive signal timing in effect
EVT412040,2026-04-03 09:44:29,Concert,J011,Indiranagar 100ft Road,7767,Weekday,False,Clear,False,0.0,False,False,0.949,Severe,11.1,67.8,398.1,0.178,0.41,0.912,Heavy congestion detected - signal timing extended and reroute suggested
EVT412041,2025-11-03 06:06:42,Concert,J030,MG Road,15250,Weekday,False,Clear,False,0.0,False,False,0.314,Low,26.6,22.0,195.5,0.146,0.337,0.952,Moderate traffic flow - standard adaptive signal timing in effect
EVT412042,2025-06-22 15:53:58,Concert,J030,MG Road,11556,Weekend,False,Heavy Rain,True,38.6,False,False,0.777,Severe,14.7,53.0,227.0,0.124,0.287,0.93,Heavy rain reducing visibility and grip - reduced speed and longer buffer advised
EVT412043,2026-02-26 17:13:13,Local Market Day,J030,MG Road,4941,Weekday,False,Clear,False,0.0,False,False,0.818,Severe,14.1,59.5,374.4,0.186,0.43,0.955,Heavy congestion detected - signal timing extended and reroute suggested
EVT412044,2026-05-19 07:58:04,Local Market Day,J011,Indiranagar 100ft Road,4027,Weekday,False,Clear,False,0.0,False,False,0.806,Severe,15.6,58.4,319.1,0.166,0.383,0.934,Heavy congestion detected - signal timing extended and reroute suggested
EVT412045,2025-06-11 19:41:57,Local Market Day,J020,Malleshwaram Circle,3941,Weekday,False,Clear,False,0.0,False,False,0.843,Severe,13.8,64.0,507.7,0.249,0.576,0.92,Heavy congestion detected - signal timing extended and reroute suggested
EVT412046,2025-03-30 20:56:00,Fireworks Display,J009,Majestic,8347,Weekend,True,Clear,False,0.0,False,False,0.708,High,14.4,47.2,352.5,0.175,0.405,0.91,Festival crowd surge detected - alternate route and extended cycle recommended
EVT412047,2025-09-29 11:22:42,Sports Fixture,J030,MG Road,16335,Weekday,False,Clear,False,0.0,False,False,0.357,Moderate,32.7,25.2,160.7,0.141,0.326,0.972,Moderate traffic flow - standard adaptive signal timing in effect
EVT412048,2025-04-17 16:41:30,Trade Fair,J030,MG Road,11180,Weekday,False,Clear,False,0.0,False,False,0.705,High,22.1,53.0,194.1,0.14,0.324,0.963,Moderate traffic flow - standard adaptive signal timing in effect
EVT412049,2026-05-10 09:18:02,Local Market Day,J031,Cubbon Road,5436,Weekend,False,Clear,False,0.0,False,False,0.851,Severe,12.3,57.9,275.0,0.123,0.284,0.977,Heavy congestion detected - signal timing extended and reroute suggested
EVT412050,2026-04-19 10:48:34,Concert,J011,Indiranagar 100ft Road,8896,Weekend,False,Clear,False,0.0,False,False,0.524,Moderate,20.9,32.1,269.2,0.187,0.432,0.974,Moderate traffic flow - standard adaptive signal timing in effect
EVT412051,2026-03-12 08:39:27,Local Market Day,J012,Koramangala Sony World,3241,Weekday,False,Clear,False,0.0,False,False,1.0,Severe,7.1,68.8,492.6,0.156,0.36,0.922,Heavy congestion detected - signal timing extended and reroute suggested
EVT412052,2025-03-05 15:07:48,Trade Fair,J012,Koramangala Sony World,8999,Weekday,False,Clear,False,0.0,False,False,0.285,Low,34.7,8.1,135.0,0.126,0.291,0.956,Moderate traffic flow - standard adaptive signal timing in effect
EVT412053,2025-10-29 13:32:59,Local Market Day,J011,Indiranagar 100ft Road,4178,Weekday,False,Clear,False,0.0,False,False,0.143,Low,36.5,9.2,58.2,0.044,0.102,0.972,Normal free-flow traffic - standard signal timing maintained
EVT412054,2025-08-30 18:41:21,Local Market Day,J031,Cubbon Road,2958,Weekend,False,Clear,False,0.0,False,False,0.858,Severe,12.1,58.1,540.4,0.267,0.617,0.934,Heavy congestion detected - signal timing extended and reroute suggested
EVT412055,2025-11-05 16:28:28,Sports Fixture,J009,Majestic,28731,Weekday,False,Clear,False,0.0,False,False,0.754,Severe,15.1,54.0,326.6,0.153,0.352,0.986,Heavy congestion detected - signal timing extended and reroute suggested
EVT412056,2025-01-21 15:22:44,Concert,J011,Indiranagar 100ft Road,7786,Weekday,False,Clear,False,0.0,False,False,0.374,Moderate,24.8,28.2,155.2,0.107,0.248,0.958,Moderate traffic flow - standard adaptive signal timing in effect
EVT412057,2025-03-10 19:36:13,Sports Fixture,J023,Basavanagudi,33028,Weekday,False,Clear,False,0.0,False,False,1.0,Severe,9.2,68.5,511.2,0.194,0.449,0.903,Heavy congestion detected - signal timing extended and reroute suggested
EVT412058,2025-10-23 17:55:58,Sports Fixture,J011,Indiranagar 100ft Road,18298,Weekday,False,Rain,True,11.7,False,False,1.0,Severe,7.1,66.3,224.0,0.089,0.207,0.877,Heavy rain reducing visibility and grip - reduced speed and longer buffer advised
EVT412059,2025-10-27 10:42:22,Local Market Day,J020,Malleshwaram Circle,3788,Weekday,False,Clear,False,0.0,False,False,0.458,Moderate,23.7,25.4,186.0,0.141,0.325,0.979,Moderate traffic flow - standard adaptive signal timing in effect
EVT412060,2025-01-09 17:26:05,Political Rally,J012,Koramangala Sony World,52676,Weekday,False,Rain,True,9.3,False,False,1.0,Severe,6.4,75.3,476.4,0.135,0.312,0.882,Heavy rain reducing visibility and grip - reduced speed and longer buffer advised
EVT412061,2025-11-15 09:44:45,Concert,J020,Malleshwaram Circle,16574,Weekend,False,Light Rain,True,4.1,False,False,0.894,Severe,15.0,58.8,357.2,0.183,0.424,0.896,Heavy rain reducing visibility and grip - reduced speed and longer buffer advised
EVT412062,2025-08-29 18:35:20,Sports Fixture,J011,Indiranagar 100ft Road,13608,Weekday,False,Heavy Rain,True,55.5,False,False,1.0,Severe,10.0,68.3,288.0,0.123,0.285,0.847,Heavy rain reducing visibility and grip - reduced speed and longer buffer advised
EVT412063,2026-05-21 08:44:13,Local Market Day,J009,Majestic,5219,Weekday,False,Clear,False,0.0,False,False,0.963,Severe,10.7,70.9,647.0,0.268,0.62,0.932,Heavy congestion detected - signal timing extended and reroute suggested
EVT412064,2025-06-28 08:39:42,Local Market Day,J030,MG Road,3163,Weekend,False,Clear,False,0.0,False,False,0.857,Severe,12.9,62.5,180.7,0.071,0.165,0.934,Heavy congestion detected - signal timing extended and reroute suggested
EVT412065,2025-03-08 15:52:05,Local Market Day,J009,Majestic,2397,Weekend,False,Clear,False,0.0,False,False,0.335,Low,23.3,14.2,184.7,0.124,0.287,0.959,Moderate traffic flow - standard adaptive signal timing in effect
EVT412066,2026-06-16 20:54:46,Local Market Day,J040,City Market,2337,Weekday,False,Rain,True,17.7,False,False,0.696,High,21.4,47.4,359.0,0.241,0.556,0.907,Heavy rain reducing visibility and grip - reduced speed and longer buffer advised
EVT412067,2025-12-22 07:40:44,Sports Fixture,J011,Indiranagar 100ft Road,26990,Weekday,False,Clear,False,0.0,False,False,0.857,Severe,13.0,54.2,356.0,0.174,0.401,0.929,Heavy congestion detected - signal timing extended and reroute suggested
EVT412068,2026-05-30 10:41:30,Sports Fixture,J011,Indiranagar 100ft Road,31911,Weekend,False,Clear,False,0.0,False,False,0.569,High,22.7,39.8,136.8,0.084,0.193,0.971,Moderate traffic flow - standard adaptive signal timing in effect
EVT412069,2026-06-11 09:19:25,Trade Fair,J040,City Market,12660,Weekday,False,Clear,False,0.0,False,False,1.0,Severe,9.1,72.7,430.8,0.167,0.385,0.908,Heavy congestion detected - signal timing extended and reroute suggested
EVT412070,2025-03-19 12:17:13,Concert,J023,Basavanagudi,16127,Weekday,False,Clear,False,0.0,False,False,0.271,Low,29.8,20.6,162.5,0.12,0.278,0.988,Moderate traffic flow - standard adaptive signal timing in effect
EVT412071,2025-11-20 08:24:43,Local Market Day,J040,City Market,4572,Weekday,False,Clear,False,0.0,False,False,0.903,Severe,12.4,65.0,283.5,0.141,0.326,0.949,Heavy congestion detected - signal timing extended and reroute suggested
EVT412072,2025-02-28 20:10:54,Sports Fixture,J009,Majestic,26237,Weekday,False,Clear,False,0.0,False,False,0.847,Severe,11.6,63.4,351.7,0.145,0.334,0.926,Heavy congestion detected - signal timing extended and reroute suggested
EVT412073,2025-03-23 21:02:03,Local Market Day,J020,Malleshwaram Circle,4412,Weekend,False,Clear,False,0.0,False,False,0.471,Moderate,26.2,32.7,265.7,0.216,0.498,0.958,Moderate traffic flow - standard adaptive signal timing in effect
EVT412074,2025-07-25 21:16:59,Sports Fixture,J030,MG Road,18347,Weekday,False,Heavy Rain,True,71.7,False,False,0.889,Severe,9.8,68.4,301.5,0.118,0.273,0.889,Heavy rain reducing visibility and grip - reduced speed and longer buffer advised
EVT412075,2025-09-06 18:32:15,Religious Festival,J030,MG Road,36140,Weekend,True,Heavy Rain,True,40.2,False,True,1.0,Severe,9.2,94.0,559.3,0.189,0.436,0.788,Road closure for event/procession - full detour recommended for through-traffic
EVT412076,2025-06-11 12:18:34,Local Market Day,J040,City Market,3465,Weekday,False,Rain,True,9.1,False,False,0.311,Low,26.9,19.6,225.4,0.168,0.388,0.901,Light rain detected - minor speed reduction advised
EVT412077,2025-05-17 20:27:18,Sports Fixture,J009,Majestic,12761,Weekend,False,Clear,False,0.0,False,False,0.542,Moderate,24.6,36.8,199.3,0.128,0.296,0.99,Moderate traffic flow - standard adaptive signal timing in effect
EVT412078,2025-06-09 08:35:08,Concert,J020,Malleshwaram Circle,10951,Weekday,False,Clear,False,0.0,False,False,1.0,Severe,9.1,67.7,417.5,0.165,0.382,0.922,Heavy congestion detected - signal timing extended and reroute suggested
EVT412079,2026-03-15 20:24:33,Local Market Day,J031,Cubbon Road,5431,Weekend,False,Clear,False,0.0,False,False,0.55,High,24.4,42.3,253.6,0.184,0.425,0.963,Moderate traffic flow - standard adaptive signal timing in effect
EVT412080,2026-06-09 05:31:26,Trade Fair,J009,Majestic,5410,Weekday,False,Clear,False,0.0,False,False,0.137,Low,37.7,8.4,143.7,0.127,0.293,0.978,Normal free-flow traffic - standard signal timing maintained
EVT412081,2026-05-21 12:01:12,Concert,J011,Indiranagar 100ft Road,10851,Weekday,False,Clear,False,0.0,False,False,0.262,Low,41.2,19.3,105.7,0.111,0.257,0.968,Moderate traffic flow - standard adaptive signal timing in effect
EVT412082,2026-01-08 17:45:51,Local Market Day,J030,MG Road,2725,Weekday,False,Clear,False,0.0,False,False,0.913,Severe,9.7,66.8,484.6,0.205,0.474,0.927,Heavy congestion detected - signal timing extended and reroute suggested
EVT412083,2026-03-21 18:33:51,Political Rally,J009,Majestic,14115,Weekend,False,Clear,False,0.0,False,False,0.9,Severe,11.5,62.6,165.7,0.081,0.186,0.931,Heavy congestion detected - signal timing extended and reroute suggested
EVT412084,2026-01-26 15:20:52,Fireworks Display,J012,Koramangala Sony World,39813,Weekday,True,Light Rain,True,1.7,False,False,0.782,Severe,14.8,53.1,262.8,0.135,0.311,0.853,Festival crowd surge detected - alternate route and extended cycle recommended
EVT412085,2026-06-28 06:57:15,Trade Fair,J011,Indiranagar 100ft Road,5714,Weekend,False,Clear,False,0.0,False,False,0.427,Moderate,28.4,27.4,204.3,0.16,0.369,0.965,Moderate traffic flow - standard adaptive signal timing in effect
EVT412086,2025-01-18 14:33:37,Political Rally,J011,Indiranagar 100ft Road,14640,Weekend,False,Clear,False,0.0,False,False,0.283,Low,31.5,19.1,161.2,0.118,0.273,0.978,Moderate traffic flow - standard adaptive signal timing in effect
EVT412087,2025-12-19 20:02:14,Concert,J009,Majestic,19060,Weekday,False,Clear,False,0.0,False,False,0.798,Severe,11.6,55.3,453.9,0.193,0.446,0.933,Heavy congestion detected - signal timing extended and reroute suggested
EVT412088,2025-09-05 09:13:36,Cultural Procession,J031,Cubbon Road,14576,Weekday,True,Rain,True,11.5,False,False,1.0,Severe,8.9,72.3,363.3,0.127,0.293,0.819,Festival crowd surge detected - alternate route and extended cycle recommended
EVT412089,2025-02-23 04:57:22,Trade Fair,J023,Basavanagudi,12595,Weekend,False,Clear,False,0.0,False,False,0.244,Low,29.2,20.2,111.0,0.099,0.228,0.96,Normal free-flow traffic - standard signal timing maintained
EVT412090,2026-02-17 14:27:31,Concert,J009,Majestic,9670,Weekday,False,Clear,False,0.0,False,False,0.248,Low,30.9,19.1,146.6,0.123,0.283,0.967,Normal free-flow traffic - standard signal timing maintained
EVT412091,2026-03-21 18:00:04,Concert,J023,Basavanagudi,15463,Weekend,False,Clear,False,0.0,False,False,0.878,Severe,11.2,61.8,358.0,0.154,0.357,0.948,Heavy congestion detected - signal timing extended and reroute suggested
EVT412092,2025-05-05 12:50:43,Local Market Day,J031,Cubbon Road,3741,Weekday,False,Clear,False,0.0,False,False,0.101,Low,39.0,6.9,109.3,0.091,0.21,0.974,Normal free-flow traffic - standard signal timing maintained
EVT412093,2025-03-05 22:26:42,Political Rally,J040,City Market,14594,Weekday,False,Clear,False,0.0,False,False,0.267,Low,28.7,14.7,122.9,0.102,0.236,0.973,Moderate traffic flow - standard adaptive signal timing in effect
EVT412094,2025-03-05 15:25:11,Local Market Day,J012,Koramangala Sony World,2707,Weekday,False,Clear,False,0.0,False,False,0.294,Low,27.5,23.6,201.1,0.15,0.346,0.977,Moderate traffic flow - standard adaptive signal timing in effect
EVT412095,2025-09-24 18:16:07,Sports Fixture,J009,Majestic,21166,Weekday,False,Light Rain,True,2.8,False,False,1.0,Severe,6.1,70.0,1125.3,0.263,0.606,0.865,Heavy rain reducing visibility and grip - reduced speed and longer buffer advised
EVT412096,2026-03-21 22:50:46,Local Market Day,J012,Koramangala Sony World,4663,Weekend,False,Clear,False,0.0,False,False,0.342,Low,28.4,29.1,135.6,0.092,0.212,0.968,Moderate traffic flow - standard adaptive signal timing in effect
EVT412097,2025-03-29 17:49:45,Concert,J031,Cubbon Road,17568,Weekend,False,Clear,False,0.0,False,False,0.891,Severe,14.5,62.1,373.8,0.182,0.42,0.926,Heavy congestion detected - signal timing extended and reroute suggested
EVT412098,2025-09-17 07:52:21,Concert,J030,MG Road,15989,Weekday,False,Clear,False,0.0,False,False,0.868,Severe,11.0,64.2,591.2,0.238,0.55,0.933,Heavy congestion detected - signal timing extended and reroute suggested
EVT412099,2026-04-26 20:29:12,Local Market Day,J023,Basavanagudi,3883,Weekend,False,Clear,False,0.0,False,False,0.542,Moderate,32.0,38.3,121.0,0.103,0.237,0.959,Moderate traffic flow - standard adaptive signal timing in effect
EVT412100,2025-06-11 19:11:25,Sports Fixture,J012,Koramangala Sony World,12808,Weekday,False,Rain,True,11.3,False,False,1.0,Severe,10.9,72.2,344.0,0.143,0.33,0.885,Heavy rain reducing visibility and grip - reduced speed and longer buffer advised
EVT412101,2025-07-09 12:29:02,Trade Fair,J020,Malleshwaram Circle,14962,Weekday,False,Rain,True,12.0,False,False,0.491,Moderate,28.7,31.4,139.1,0.11,0.254,0.924,Light rain detected - minor speed reduction advised
EVT412102,2026-01-09 09:06:20,Concert,J040,City Market,21521,Weekday,False,Clear,False,0.0,False,False,1.0,Severe,7.4,71.5,884.8,0.272,0.627,0.946,Heavy congestion detected - signal timing extended and reroute suggested
EVT412103,2025-03-05 11:52:45,Political Rally,J009,Majestic,14723,Weekday,False,Clear,False,0.0,False,False,0.265,Low,26.2,15.7,123.5,0.087,0.202,0.978,Moderate traffic flow - standard adaptive signal timing in effect
EVT412104,2026-03-28 15:09:27,Sports Fixture,J020,Malleshwaram Circle,20246,Weekend,False,Clear,False,0.0,False,False,0.443,Moderate,23.6,29.8,180.9,0.084,0.195,0.983,Moderate traffic flow - standard adaptive signal timing in effect
EVT412105,2026-05-31 06:31:53,Local Market Day,J012,Koramangala Sony World,4220,Weekend,False,Clear,False,0.0,False,False,0.381,Moderate,34.7,25.4,95.3,0.07,0.163,0.973,Moderate traffic flow - standard adaptive signal timing in effect
EVT412106,2025-10-20 19:55:01,Cultural Procession,J040,City Market,23198,Weekday,True,Clear,False,0.0,False,True,1.0,Severe,8.4,97.1,828.3,0.303,0.7,0.811,Road closure for event/procession - full detour recommended for through-traffic
EVT412107,2025-09-02 19:02:07,Trade Fair,J030,MG Road,8428,Weekday,False,Clear,False,0.0,False,False,1.0,Severe,8.1,71.1,453.4,0.147,0.339,0.937,Heavy congestion detected - signal timing extended and reroute suggested
EVT412108,2025-05-24 00:14:59,Sports Fixture,J030,MG Road,13098,Weekend,False,Clear,False,0.0,False,False,0.32,Low,42.1,25.9,123.3,0.135,0.311,0.978,Moderate traffic flow - standard adaptive signal timing in effect
EVT412109,2025-12-01 15:38:46,Concert,J009,Majestic,8998,Weekday,False,Clear,False,0.0,False,False,0.42,Moderate,22.2,33.7,213.9,0.144,0.333,0.962,Moderate traffic flow - standard adaptive signal timing in effect
EVT412110,2025-01-11 18:49:58,Local Market Day,J030,MG Road,5716,Weekend,False,Clear,False,0.0,False,False,0.806,Severe,12.6,60.5,240.8,0.111,0.256,0.945,Heavy congestion detected - signal timing extended and reroute suggested
EVT412111,2025-06-06 21:42:32,Trade Fair,J040,City Market,6526,Weekday,False,Heavy Rain,True,57.1,False,False,0.674,High,16.6,47.3,240.3,0.124,0.287,0.912,Heavy rain reducing visibility and grip - reduced speed and longer buffer advised
EVT412112,2026-06-21 14:13:27,Sports Fixture,J012,Koramangala Sony World,31910,Weekend,False,Rain,True,13.8,False,False,0.573,High,25.6,39.5,82.6,0.08,0.184,0.894,Heavy rain reducing visibility and grip - reduced speed and longer buffer advised
EVT412113,2025-03-20 08:49:16,Sports Fixture,J012,Koramangala Sony World,25685,Weekday,False,Clear,False,0.0,False,False,1.0,Severe,10.7,71.3,245.4,0.107,0.247,0.957,Heavy congestion detected - signal timing extended and reroute suggested
EVT412114,2025-02-26 19:59:29,Political Rally,J040,City Market,12204,Weekday,False,Clear,False,0.0,False,False,0.793,Severe,14.8,54.5,262.9,0.141,0.325,0.941,Heavy congestion detected - signal timing extended and reroute suggested
EVT412115,2026-05-22 18:12:45,Local Market Day,J011,Indiranagar 100ft Road,4712,Weekday,False,Clear,False,0.0,False,False,1.0,Severe,9.0,73.4,392.2,0.154,0.356,0.903,Heavy congestion detected - signal timing extended and reroute suggested
EVT412116,2026-02-03 21:50:11,Sports Fixture,J012,Koramangala Sony World,28531,Weekday,False,Clear,False,0.0,False,False,0.354,Moderate,22.1,20.7,113.2,0.065,0.149,0.958,Moderate traffic flow - standard adaptive signal timing in effect
EVT412117,2026-02-28 06:44:45,Local Market Day,J012,Koramangala Sony World,2145,Weekend,False,Clear,False,0.0,False,False,0.314,Low,33.6,24.5,180.1,0.171,0.394,0.966,Moderate traffic flow - standard adaptive signal timing in effect
EVT412118,2026-06-13 11:02:23,Sports Fixture,J012,Koramangala Sony World,13069,Weekend,False,Rain,True,18.6,False,False,0.642,High,17.8,44.8,315.3,0.196,0.453,0.928,Heavy rain reducing visibility and grip - reduced speed and longer buffer advised
EVT412119,2025-12-09 09:52:27,Trade Fair,J030,MG Road,19138,Weekday,False,Clear,False,0.0,False,False,0.924,Severe,11.5,63.4,328.3,0.164,0.38,0.914,Heavy congestion detected - signal timing extended and reroute suggested
EVT412120,2026-01-22 18:42:25,Trade Fair,J031,Cubbon Road,10494,Weekday,False,Fog,False,0.0,False,False,1.0,Severe,7.1,72.1,514.3,0.163,0.376,0.922,Heavy congestion detected - signal timing extended and reroute suggested
EVT412121,2026-03-18 18:11:07,Trade Fair,J031,Cubbon Road,13430,Weekday,False,Clear,False,0.0,False,False,1.0,Severe,8.5,73.5,598.3,0.197,0.454,0.913,Heavy congestion detected - signal timing extended and reroute suggested
EVT412122,2025-05-02 16:07:40,Religious Festival,J009,Majestic,57224,Weekday,True,Fog,False,0.0,False,False,1.0,Severe,9.7,71.0,289.8,0.133,0.308,0.834,Festival crowd surge detected - alternate route and extended cycle recommended
EVT412123,2025-08-15 18:27:39,Fireworks Display,J031,Cubbon Road,37531,Weekday,True,Rain,True,16.0,False,False,1.0,Severe,7.6,70.2,675.6,0.199,0.46,0.806,Festival crowd surge detected - alternate route and extended cycle recommended
EVT412124,2026-03-27 10:31:07,Religious Festival,J031,Cubbon Road,47421,Weekday,True,Clear,False,0.0,False,True,1.0,Severe,9.9,111.5,548.1,0.229,0.529,0.834,Road closure for event/procession - full detour recommended for through-traffic
EVT412125,2026-01-29 18:52:49,Local Market Day,J040,City Market,4042,Weekday,False,Fog,False,0.0,False,False,1.0,Severe,7.2,69.3,639.6,0.165,0.38,0.907,Heavy congestion detected - signal timing extended and reroute suggested
EVT412126,2025-09-22 06:59:01,Concert,J030,MG Road,7985,Weekday,False,Clear,False,0.0,False,False,0.44,Moderate,21.3,36.7,229.6,0.137,0.318,0.945,Moderate traffic flow - standard adaptive signal timing in effect
EVT412127,2025-12-19 13:35:56,Local Market Day,J012,Koramangala Sony World,7519,Weekday,False,Clear,False,0.0,False,False,0.136,Low,38.8,14.3,131.1,0.115,0.265,0.965,Normal free-flow traffic - standard signal timing maintained
EVT412128,2025-09-15 06:50:01,Concert,J023,Basavanagudi,7902,Weekday,False,Clear,False,0.0,False,False,0.428,Moderate,25.6,27.3,353.5,0.234,0.541,0.986,Moderate traffic flow - standard adaptive signal timing in effect
EVT412129,2025-04-29 09:25:04,Local Market Day,J031,Cubbon Road,2882,Weekday,False,Clear,False,0.0,False,False,0.97,Severe,10.8,72.5,356.2,0.145,0.336,0.913,Heavy congestion detected - signal timing extended and reroute suggested
EVT412130,2025-09-12 21:01:57,Concert,J030,MG Road,13115,Weekday,False,Clear,False,0.0,False,False,0.546,Moderate,22.0,45.8,367.8,0.222,0.512,0.958,Moderate traffic flow - standard adaptive signal timing in effect
EVT412131,2025-01-03 15:20:46,Concert,J031,Cubbon Road,10659,Weekday,False,Clear,False,0.0,False,False,0.335,Low,27.9,13.7,119.7,0.086,0.198,0.976,Moderate traffic flow - standard adaptive signal timing in effect
EVT412132,2025-12-15 14:46:47,Concert,J012,Koramangala Sony World,24553,Weekday,False,Clear,False,0.0,False,False,0.295,Low,36.7,19.0,122.2,0.135,0.312,0.943,Moderate traffic flow - standard adaptive signal timing in effect
EVT412133,2025-02-26 14:39:39,Local Market Day,J012,Koramangala Sony World,5222,Weekday,False,Clear,False,0.0,False,False,0.224,Low,32.6,13.3,110.2,0.087,0.201,0.97,Normal free-flow traffic - standard signal timing maintained
EVT412134,2025-09-24 12:55:01,Local Market Day,J012,Koramangala Sony World,4691,Weekday,False,Heavy Rain,True,68.2,False,False,0.59,High,20.2,42.3,123.0,0.06,0.14,0.933,Heavy rain reducing visibility and grip - reduced speed and longer buffer advised
EVT412135,2026-02-14 06:49:52,Concert,J040,City Market,5829,Weekend,False,Clear,False,0.0,False,False,0.328,Low,31.1,28.8,160.1,0.149,0.343,0.975,Moderate traffic flow - standard adaptive signal timing in effect
EVT412136,2026-05-02 15:16:02,Cultural Procession,J040,City Market,16590,Weekend,True,Light Rain,True,4.1,False,True,0.827,High,14.8,77.0,365.0,0.193,0.445,0.825,Road closure for event/procession - full detour recommended for through-traffic
EVT412137,2026-06-04 06:00:51,Sports Fixture,J011,Indiranagar 100ft Road,21300,Weekday,False,Clear,False,0.0,False,False,0.26,Low,40.5,20.0,70.7,0.065,0.15,0.965,Moderate traffic flow - standard adaptive signal timing in effect
EVT412138,2025-10-10 08:51:12,Local Market Day,J023,Basavanagudi,2315,Weekday,False,Clear,False,0.0,False,False,0.986,Severe,7.9,69.1,651.7,0.206,0.475,0.927,Heavy congestion detected - signal timing extended and reroute suggested
EVT412139,2025-09-26 13:44:57,Local Market Day,J020,Malleshwaram Circle,4659,Weekday,False,Clear,False,0.0,False,False,0.159,Low,36.4,8.0,85.7,0.089,0.206,0.987,Normal free-flow traffic - standard signal timing maintained
EVT412140,2026-05-03 07:55:45,Sports Fixture,J040,City Market,17682,Weekend,False,Clear,False,0.0,False,False,0.757,Severe,14.5,60.0,438.2,0.241,0.556,0.99,Heavy congestion detected - signal timing extended and reroute suggested
EVT412141,2026-02-23 23:39:54,Local Market Day,J009,Majestic,3705,Weekday,False,Clear,False,0.0,False,False,0.22,Low,25.5,19.7,103.4,0.071,0.164,0.967,Normal free-flow traffic - standard signal timing maintained
EVT412142,2025-07-18 17:23:56,Local Market Day,J031,Cubbon Road,1472,Weekday,False,Heavy Rain,True,46.8,False,False,1.0,Severe,7.3,68.1,866.2,0.253,0.584,0.841,Heavy rain reducing visibility and grip - reduced speed and longer buffer advised
EVT412143,2025-06-08 15:35:19,Concert,J011,Indiranagar 100ft Road,9194,Weekend,False,Clear,False,0.0,False,False,0.426,Moderate,21.0,28.0,157.7,0.087,0.2,0.962,Moderate traffic flow - standard adaptive signal timing in effect
EVT412144,2025-11-05 17:45:59,Local Market Day,J009,Majestic,3269,Weekday,False,Clear,False,0.0,False,False,0.929,Severe,10.7,68.9,574.0,0.228,0.528,0.911,Heavy congestion detected - signal timing extended and reroute suggested
EVT412145,2025-02-23 08:30:05,Sports Fixture,J031,Cubbon Road,40028,Weekend,False,Clear,False,0.0,False,False,1.0,Severe,9.2,74.9,465.5,0.195,0.45,0.909,Heavy congestion detected - signal timing extended and reroute suggested
EVT412146,2025-02-09 09:37:06,Sports Fixture,J031,Cubbon Road,16918,Weekend,False,Clear,False,0.0,False,False,0.855,Severe,12.9,59.1,532.4,0.277,0.639,0.931,Heavy congestion detected - signal timing extended and reroute suggested
EVT412147,2025-03-24 12:32:36,Concert,J031,Cubbon Road,12953,Weekday,False,Clear,False,0.0,False,False,0.239,Low,37.8,16.7,124.3,0.144,0.333,0.955,Normal free-flow traffic - standard signal timing maintained
EVT412148,2025-04-24 06:20:37,Sports Fixture,J012,Koramangala Sony World,17862,Weekday,False,Clear,False,0.0,False,False,0.319,Low,21.9,21.4,128.7,0.092,0.213,0.973,Moderate traffic flow - standard adaptive signal timing in effect
EVT412149,2025-04-02 11:26:03,Trade Fair,J031,Cubbon Road,12260,Weekday,False,Clear,False,0.0,False,False,0.375,Moderate,32.8,22.6,198.3,0.175,0.404,0.941,Moderate traffic flow - standard adaptive signal timing in effect
EVT412150,2025-05-03 21:26:00,Trade Fair,J012,Koramangala Sony World,10330,Weekend,False,Rain,True,12.2,False,False,0.611,High,23.3,46.4,177.9,0.138,0.32,0.918,Heavy rain reducing visibility and grip - reduced speed and longer buffer advised
EVT412151,2025-01-16 05:48:17,Local Market Day,J012,Koramangala Sony World,4390,Weekday,False,Clear,False,0.0,False,False,0.217,Low,33.7,17.3,197.4,0.174,0.402,0.976,Normal free-flow traffic - standard signal timing maintained
EVT412152,2025-01-01 09:13:23,Sports Fixture,J012,Koramangala Sony World,15552,Weekday,False,Fog,False,0.0,False,False,1.0,Severe,8.7,69.4,379.2,0.148,0.342,0.954,Heavy congestion detected - signal timing extended and reroute suggested
EVT412153,2025-08-11 18:30:31,Local Market Day,J020,Malleshwaram Circle,5261,Weekday,False,Clear,False,0.0,False,False,1.0,Severe,6.3,75.4,1022.5,0.264,0.609,0.897,Heavy congestion detected - signal timing extended and reroute suggested
EVT412154,2025-09-13 16:01:37,Concert,J030,MG Road,12500,Weekend,False,Clear,False,0.0,False,False,0.574,High,17.6,46.1,384.4,0.24,0.554,0.976,Moderate traffic flow - standard adaptive signal timing in effect
EVT412155,2025-08-25 11:07:26,Trade Fair,J040,City Market,10526,Weekday,False,Clear,False,0.0,False,False,0.47,Moderate,29.8,31.6,106.0,0.091,0.21,0.977,Moderate traffic flow - standard adaptive signal timing in effect
EVT412156,2025-08-25 17:27:55,Concert,J023,Basavanagudi,13500,Weekday,False,Rain,True,13.6,False,False,1.0,Severe,7.4,72.0,571.4,0.189,0.437,0.887,Heavy rain reducing visibility and grip - reduced speed and longer buffer advised
EVT412157,2026-05-08 05:57:37,Trade Fair,J012,Koramangala Sony World,9014,Weekday,False,Clear,False,0.0,False,False,0.205,Low,34.5,16.3,47.7,0.044,0.101,0.962,Normal free-flow traffic - standard signal timing maintained
EVT412158,2026-06-15 20:16:49,Trade Fair,J009,Majestic,11398,Weekday,False,Clear,False,0.0,False,False,0.796,Severe,13.7,58.2,227.2,0.118,0.273,0.963,Heavy congestion detected - signal timing extended and reroute suggested
EVT412159,2025-06-10 19:01:44,Local Market Day,J040,City Market,5234,Weekday,False,Clear,False,0.0,False,False,0.963,Severe,11.4,69.5,550.7,0.245,0.566,0.908,Heavy congestion detected - signal timing extended and reroute suggested
EVT412160,2025-08-30 07:40:57,Political Rally,J040,City Market,22938,Weekend,False,Clear,False,0.0,False,False,0.717,High,16.2,45.9,114.0,0.058,0.135,0.966,Moderate traffic flow - standard adaptive signal timing in effect
EVT412161,2025-10-22 12:27:13,Fireworks Display,J009,Majestic,16983,Weekday,True,Clear,False,0.0,False,False,0.435,Moderate,25.7,30.6,148.0,0.126,0.291,0.921,Moderate traffic flow - standard adaptive signal timing in effect
EVT412162,2025-03-01 08:01:14,Local Market Day,J009,Majestic,3202,Weekend,False,Clear,False,0.0,False,False,0.757,Severe,17.4,53.2,428.3,0.257,0.595,0.947,Heavy congestion detected - signal timing extended and reroute suggested
EVT412163,2026-02-04 17:59:59,Local Market Day,J031,Cubbon Road,3831,Weekday,False,Clear,False,0.0,False,False,0.96,Severe,10.5,71.7,428.8,0.18,0.416,0.932,Heavy congestion detected - signal timing extended and reroute suggested
EVT412164,2025-06-17 19:25:25,Concert,J040,City Market,13229,Weekday,False,Rain,True,22.6,False,False,1.0,Severe,9.9,72.4,435.7,0.168,0.387,0.869,Heavy rain reducing visibility and grip - reduced speed and longer buffer advised
EVT412165,2026-03-13 16:54:52,Concert,J009,Majestic,9482,Weekday,False,Clear,False,0.0,False,False,0.811,Severe,14.0,58.6,247.9,0.136,0.315,0.962,Heavy congestion detected - signal timing extended and reroute suggested
EVT412166,2025-11-13 12:14:25,Trade Fair,J030,MG Road,14583,Weekday,False,Clear,False,0.0,False,False,0.345,Low,26.2,25.1,131.9,0.093,0.215,0.954,Moderate traffic flow - standard adaptive signal timing in effect
EVT412167,2026-04-08 00:29:12,Concert,J030,MG Road,10555,Weekday,False,Clear,False,0.0,False,False,0.091,Low,32.1,5.8,145.3,0.116,0.268,0.985,Normal free-flow traffic - standard signal timing maintained
EVT412168,2025-09-14 20:18:30,Trade Fair,J040,City Market,4738,Weekend,False,Rain,True,23.7,False,False,0.848,Severe,14.7,59.3,426.0,0.227,0.525,0.887,Heavy rain reducing visibility and grip - reduced speed and longer buffer advised
EVT412169,2025-03-04 12:41:17,Political Rally,J031,Cubbon Road,29601,Weekday,False,Clear,False,0.0,False,False,0.244,Low,29.3,15.4,60.6,0.043,0.1,0.958,Normal free-flow traffic - standard signal timing maintained
EVT412170,2026-04-05 09:10:24,Sports Fixture,J011,Indiranagar 100ft Road,26573,Weekend,False,Clear,False,0.0,False,False,0.949,Severe,11.2,68.4,608.2,0.264,0.609,0.906,Heavy congestion detected - signal timing extended and reroute suggested
EVT412171,2025-03-01 18:36:59,Local Market Day,J023,Basavanagudi,5068,Weekend,False,Clear,False,0.0,False,False,0.97,Severe,11.7,70.8,338.5,0.148,0.342,0.9,Heavy congestion detected - signal timing extended and reroute suggested
EVT412172,2026-03-30 13:37:44,Sports Fixture,J023,Basavanagudi,22633,Weekday,False,Clear,False,0.0,False,False,0.363,Moderate,32.8,25.0,152.7,0.131,0.303,0.969,Moderate traffic flow - standard adaptive signal timing in effect
EVT412173,2026-05-19 02:26:25,Trade Fair,J040,City Market,10112,Weekday,False,Clear,False,0.0,False,False,0.207,Low,36.8,22.2,181.6,0.185,0.428,0.986,Normal free-flow traffic - standard signal timing maintained
EVT412174,2026-01-25 09:14:19,Concert,J031,Cubbon Road,18719,Weekend,False,Clear,False,0.0,False,False,0.947,Severe,8.4,73.6,440.0,0.147,0.34,0.917,Heavy congestion detected - signal timing extended and reroute suggested
EVT412175,2026-03-04 14:21:21,Cultural Procession,J020,Malleshwaram Circle,20600,Weekday,True,Clear,False,0.0,False,False,0.616,High,21.6,37.6,198.4,0.134,0.311,0.913,Festival crowd surge detected - alternate route and extended cycle recommended
EVT412176,2025-09-22 10:30:33,Trade Fair,J031,Cubbon Road,5111,Weekday,False,Heavy Rain,True,26.9,False,False,0.891,Severe,13.5,69.3,596.2,0.305,0.706,0.872,Heavy rain reducing visibility and grip - reduced speed and longer buffer advised
EVT412177,2025-08-05 10:02:14,Local Market Day,J023,Basavanagudi,4315,Weekday,False,Heavy Rain,True,54.9,False,False,1.0,Severe,10.1,66.5,165.3,0.072,0.165,0.843,Heavy rain reducing visibility and grip - reduced speed and longer buffer advised
EVT412178,2025-12-18 11:46:37,Trade Fair,J031,Cubbon Road,10350,Weekday,False,Clear,False,0.0,False,False,0.277,Low,37.2,13.5,57.1,0.033,0.076,0.973,Moderate traffic flow - standard adaptive signal timing in effect
EVT412179,2025-04-23 20:29:58,Trade Fair,J009,Majestic,10407,Weekday,False,Rain,True,20.2,False,False,0.795,Severe,10.1,58.9,517.3,0.214,0.494,0.902,Heavy rain reducing visibility and grip - reduced speed and longer buffer advised
EVT412180,2026-02-10 15:32:08,Local Market Day,J009,Majestic,7970,Weekday,False,Clear,False,0.0,False,False,0.343,Low,27.9,26.9,169.7,0.15,0.347,0.957,Moderate traffic flow - standard adaptive signal timing in effect
EVT412181,2026-03-17 07:27:13,Local Market Day,J011,Indiranagar 100ft Road,3124,Weekday,False,Clear,False,0.0,False,False,0.573,High,20.1,40.2,415.1,0.247,0.57,0.959,Moderate traffic flow - standard adaptive signal timing in effect
EVT412182,2025-09-01 18:52:09,Trade Fair,J040,City Market,9732,Weekday,False,Heavy Rain,True,60.9,False,False,1.0,Severe,11.0,70.7,563.6,0.247,0.571,0.864,Heavy rain reducing visibility and grip - reduced speed and longer buffer advised
EVT412183,2026-06-01 04:15:51,Trade Fair,J023,Basavanagudi,11860,Weekday,False,Rain,True,24.5,False,False,0.438,Moderate,29.3,30.2,175.7,0.125,0.289,0.902,Light rain detected - minor speed reduction advised
EVT412184,2026-01-31 07:56:54,Trade Fair,J031,Cubbon Road,12882,Weekend,False,Clear,False,0.0,False,False,0.769,Severe,16.2,55.1,279.2,0.151,0.349,0.95,Heavy congestion detected - signal timing extended and reroute suggested
EVT412185,2025-11-03 07:27:46,Local Market Day,J040,City Market,3208,Weekday,False,Clear,False,0.0,False,False,0.593,High,21.1,42.7,198.3,0.132,0.306,0.933,Moderate traffic flow - standard adaptive signal timing in effect
EVT412186,2026-05-26 05:50:43,Trade Fair,J020,Malleshwaram Circle,8649,Weekday,False,Clear,False,0.0,False,False,0.269,Low,28.8,17.5,122.5,0.104,0.241,0.966,Moderate traffic flow - standard adaptive signal timing in effect
EVT412187,2025-06-01 08:20:45,Local Market Day,J023,Basavanagudi,4221,Weekend,False,Clear,False,0.0,False,False,0.794,Severe,12.7,54.8,250.0,0.117,0.27,0.97,Heavy congestion detected - signal timing extended and reroute suggested
EVT412188,2026-02-08 19:47:10,Local Market Day,J030,MG Road,3384,Weekend,False,Clear,False,0.0,False,False,0.662,High,17.9,42.2,312.9,0.167,0.385,0.959,Moderate traffic flow - standard adaptive signal timing in effect
EVT412189,2025-10-07 10:02:47,Sports Fixture,J030,MG Road,26857,Weekday,False,Clear,False,0.0,False,False,0.98,Severe,7.7,73.1,710.6,0.21,0.485,0.942,Heavy congestion detected - signal timing extended and reroute suggested
EVT412190,2025-05-30 07:20:06,Local Market Day,J009,Majestic,4715,Weekday,False,Clear,False,0.0,False,False,0.538,Moderate,24.4,40.5,206.1,0.153,0.353,0.989,Moderate traffic flow - standard adaptive signal timing in effect
EVT412191,2025-11-26 08:31:43,Sports Fixture,J012,Koramangala Sony World,27836,Weekday,False,Clear,False,0.0,False,False,1.0,Severe,8.3,64.8,700.1,0.22,0.509,0.931,Heavy congestion detected - signal timing extended and reroute suggested
EVT412192,2025-08-24 21:15:24,Trade Fair,J009,Majestic,8859,Weekend,False,Rain,True,10.8,False,False,0.552,High,27.5,44.0,183.3,0.157,0.362,0.915,Heavy rain reducing visibility and grip - reduced speed and longer buffer advised
EVT412193,2025-03-04 18:39:56,Concert,J031,Cubbon Road,12731,Weekday,False,Light Rain,True,6.9,False,False,1.0,Severe,6.8,71.7,658.2,0.198,0.457,0.869,Heavy rain reducing visibility and grip - reduced speed and longer buffer advised
EVT412194,2025-04-11 15:53:46,Concert,J012,Koramangala Sony World,11850,Weekday,False,Clear,False,0.0,False,False,0.455,Moderate,25.2,26.7,275.3,0.211,0.487,0.962,Moderate traffic flow - standard adaptive signal timing in effect
EVT412195,2026-01-13 09:05:02,Concert,J040,City Market,14577,Weekday,False,Clear,False,0.0,False,False,1.0,Severe,9.5,71.2,612.7,0.234,0.54,0.921,Heavy congestion detected - signal timing extended and reroute suggested
EVT412196,2025-03-31 10:54:19,Religious Festival,J030,MG Road,41248,Weekday,True,Clear,False,0.0,False,False,0.907,Severe,13.0,70.7,462.6,0.251,0.579,0.867,Festival crowd surge detected - alternate route and extended cycle recommended
EVT412197,2025-10-29 18:01:37,Sports Fixture,J009,Majestic,26852,Weekday,False,Clear,False,0.0,False,False,1.0,Severe,8.6,70.3,374.0,0.142,0.329,0.951,Heavy congestion detected - signal timing extended and reroute suggested
EVT412198,2025-02-13 07:33:05,Local Market Day,J012,Koramangala Sony World,6880,Weekday,False,Clear,False,0.0,False,False,0.616,High,20.7,38.7,193.9,0.149,0.345,0.95,Moderate traffic flow - standard adaptive signal timing in effect
EVT412199,2025-12-31 15:50:56,Trade Fair,J020,Malleshwaram Circle,13373,Weekday,False,Clear,False,0.0,False,False,0.445,Moderate,30.1,29.6,145.0,0.107,0.248,0.951,Moderate traffic flow - standard adaptive signal timing in effect
EVT412200,2025-11-21 20:39:11,Sports Fixture,J040,City Market,18901,Weekday,False,Light Rain,True,4.3,False,False,0.715,High,19.3,49.9,438.7,0.262,0.605,0.914,Heavy rain reducing visibility and grip - reduced speed and longer buffer advised
EVT412201,2026-02-26 07:15:32,Sports Fixture,J011,Indiranagar 100ft Road,17095,Weekday,False,Light Rain,True,5.3,False,False,0.718,High,14.8,48.5,403.7,0.228,0.526,0.923,Heavy rain reducing visibility and grip - reduced speed and longer buffer advised
EVT412202,2025-03-05 18:22:17,Political Rally,J030,MG Road,20938,Weekday,False,Clear,False,0.0,False,False,1.0,Severe,9.9,71.8,731.6,0.298,0.689,0.919,Heavy congestion detected - signal timing extended and reroute suggested
EVT412203,2025-06-08 18:26:38,Local Market Day,J040,City Market,4382,Weekend,False,Clear,False,0.0,False,False,0.849,Severe,11.9,59.8,496.1,0.206,0.477,0.958,Heavy congestion detected - signal timing extended and reroute suggested
EVT412204,2025-09-18 19:00:10,Local Market Day,J009,Majestic,2322,Weekday,False,Clear,False,0.0,False,False,1.0,Severe,8.2,65.1,567.3,0.19,0.439,0.914,Heavy congestion detected - signal timing extended and reroute suggested
EVT412205,2025-10-16 09:34:43,Sports Fixture,J009,Majestic,34950,Weekday,False,Clear,False,0.0,False,False,1.0,Severe,8.4,74.7,650.8,0.219,0.505,0.906,Heavy congestion detected - signal timing extended and reroute suggested
EVT412206,2025-06-01 08:19:09,Local Market Day,J020,Malleshwaram Circle,5210,Weekend,False,Clear,False,0.0,False,False,0.713,High,21.0,43.9,307.7,0.21,0.485,0.951,Moderate traffic flow - standard adaptive signal timing in effect
EVT412207,2026-03-07 23:15:20,Trade Fair,J040,City Market,4620,Weekend,False,Clear,False,0.0,False,False,0.196,Low,31.5,18.9,183.7,0.148,0.341,0.981,Normal free-flow traffic - standard signal timing maintained
EVT412208,2026-02-03 10:29:50,Local Market Day,J040,City Market,4385,Weekday,False,Clear,False,0.0,False,False,0.7,High,20.2,53.1,254.7,0.169,0.39,0.97,Moderate traffic flow - standard adaptive signal timing in effect
EVT412209,2025-03-16 19:15:30,Political Rally,J011,Indiranagar 100ft Road,23500,Weekend,False,Clear,False,0.0,False,False,0.918,Severe,10.4,66.9,374.6,0.162,0.374,0.927,Heavy congestion detected - signal timing extended and reroute suggested
EVT412210,2025-11-03 17:02:37,Sports Fixture,J020,Malleshwaram Circle,30454,Weekday,False,Clear,False,0.0,False,False,0.948,Severe,9.2,70.5,202.8,0.088,0.204,0.933,Heavy congestion detected - signal timing extended and reroute suggested
EVT412211,2025-09-23 15:42:32,Sports Fixture,J020,Malleshwaram Circle,16247,Weekday,False,Clear,False,0.0,False,False,0.47,Moderate,22.0,37.1,150.9,0.096,0.222,0.957,Moderate traffic flow - standard adaptive signal timing in effect
EVT412212,2025-08-01 19:27:10,Concert,J031,Cubbon Road,16845,Weekday,False,Clear,False,0.0,False,False,0.946,Severe,10.0,70.7,447.2,0.187,0.432,0.955,Heavy congestion detected - signal timing extended and reroute suggested
EVT412213,2026-03-09 12:20:19,Political Rally,J011,Indiranagar 100ft Road,9826,Weekday,False,Clear,False,0.0,False,False,0.18,Low,36.7,5.7,38.7,0.037,0.085,0.954,Normal free-flow traffic - standard signal timing maintained
EVT412214,2025-12-06 08:06:09,Sports Fixture,J030,MG Road,25977,Weekend,False,Clear,False,0.0,False,False,0.799,Severe,19.0,61.9,332.8,0.207,0.478,0.961,Heavy congestion detected - signal timing extended and reroute suggested
EVT412215,2025-04-01 11:01:11,Local Market Day,J030,MG Road,5545,Weekday,False,Clear,False,0.0,False,False,0.426,Moderate,27.5,30.0,143.1,0.109,0.251,0.972,Moderate traffic flow - standard adaptive signal timing in effect
EVT412216,2025-11-17 13:20:39,Sports Fixture,J020,Malleshwaram Circle,32957,Weekday,False,Clear,False,0.0,False,False,0.365,Moderate,31.4,28.3,145.0,0.11,0.254,0.951,Moderate traffic flow - standard adaptive signal timing in effect
EVT412217,2026-02-14 08:35:43,Sports Fixture,J012,Koramangala Sony World,11616,Weekend,False,Fog,False,0.0,False,False,0.848,Severe,13.7,59.7,247.1,0.119,0.274,0.954,Heavy congestion detected - signal timing extended and reroute suggested
EVT412218,2025-01-20 13:52:54,Local Market Day,J012,Koramangala Sony World,4507,Weekday,False,Clear,False,0.0,False,False,0.175,Low,32.1,4.9,110.3,0.101,0.234,0.973,Normal free-flow traffic - standard signal timing maintained
EVT412219,2026-01-05 17:27:40,Concert,J031,Cubbon Road,10658,Weekday,False,Clear,False,0.0,False,False,0.751,Severe,15.1,53.1,247.3,0.122,0.283,0.952,Heavy congestion detected - signal timing extended and reroute suggested
EVT412220,2026-04-28 10:08:58,Local Market Day,J030,MG Road,2772,Weekday,False,Clear,False,0.0,False,False,0.801,Severe,16.2,59.8,443.2,0.254,0.586,0.943,Heavy congestion detected - signal timing extended and reroute suggested
EVT412221,2025-03-12 07:35:42,Political Rally,J020,Malleshwaram Circle,18454,Weekday,False,Clear,False,0.0,False,False,0.844,Severe,12.1,53.4,335.5,0.138,0.32,0.944,Heavy congestion detected - signal timing extended and reroute suggested
EVT412222,2025-03-07 19:22:13,Trade Fair,J030,MG Road,17123,Weekday,False,Clear,False,0.0,False,False,0.994,Severe,7.3,72.7,546.9,0.146,0.337,0.925,Heavy congestion detected - signal timing extended and reroute suggested
EVT412223,2025-01-23 19:16:49,Sports Fixture,J009,Majestic,22869,Weekday,False,Clear,False,0.0,False,False,1.0,Severe,7.1,77.4,646.6,0.21,0.486,0.904,Heavy congestion detected - signal timing extended and reroute suggested
EVT412224,2025-02-02 08:24:47,Local Market Day,J011,Indiranagar 100ft Road,7307,Weekend,False,Clear,False,0.0,False,False,0.833,Severe,18.2,56.7,290.4,0.186,0.429,0.958,Heavy congestion detected - signal timing extended and reroute suggested
EVT412225,2025-11-12 19:48:28,Sports Fixture,J031,Cubbon Road,34204,Weekday,False,Clear,False,0.0,False,False,0.946,Severe,11.8,69.4,175.1,0.065,0.151,0.912,Heavy congestion detected - signal timing extended and reroute suggested
EVT412226,2025-12-14 09:03:33,Sports Fixture,J011,Indiranagar 100ft Road,32303,Weekend,False,Clear,False,0.0,False,False,1.0,Severe,10.1,69.5,613.0,0.245,0.566,0.89,Heavy congestion detected - signal timing extended and reroute suggested
EVT412227,2026-02-05 08:49:37,Sports Fixture,J012,Koramangala Sony World,21360,Weekday,False,Clear,False,0.0,False,False,1.0,Severe,7.9,69.9,602.9,0.195,0.45,0.905,Heavy congestion detected - signal timing extended and reroute suggested
EVT412228,2025-10-06 14:07:53,Political Rally,J009,Majestic,14911,Weekday,False,Clear,False,0.0,False,False,0.358,Moderate,27.8,30.1,159.9,0.113,0.261,0.984,Moderate traffic flow - standard adaptive signal timing in effect
EVT412229,2026-05-19 09:06:51,Local Market Day,J009,Majestic,3307,Weekday,False,Rain,True,7.6,True,False,1.0,Severe,7.4,67.2,468.8,0.151,0.348,0.702,Accident detected nearby - reroute and reduced speed advised
EVT412230,2025-11-16 18:45:16,Local Market Day,J009,Majestic,2947,Weekend,False,Clear,False,0.0,False,False,0.857,Severe,12.9,61.5,519.9,0.252,0.581,0.943,Heavy congestion detected - signal timing extended and reroute suggested
EVT412231,2026-03-22 04:54:14,Trade Fair,J011,Indiranagar 100ft Road,13762,Weekend,False,Clear,False,0.0,False,False,0.31,Low,31.3,18.6,252.0,0.197,0.455,0.98,Moderate traffic flow - standard adaptive signal timing in effect
EVT412232,2025-03-11 12:13:06,Local Market Day,J030,MG Road,2408,Weekday,False,Clear,False,0.0,False,False,0.136,Low,33.0,15.9,111.2,0.078,0.181,0.955,Normal free-flow traffic - standard signal timing maintained
EVT412233,2025-08-06 14:48:19,Local Market Day,J020,Malleshwaram Circle,3515,Weekday,False,Heavy Rain,True,50.3,False,False,0.645,High,21.6,47.8,167.6,0.116,0.267,0.925,Heavy rain reducing visibility and grip - reduced speed and longer buffer advised
EVT412234,2025-10-29 13:08:16,Trade Fair,J009,Majestic,8166,Weekday,False,Clear,False,0.0,False,False,0.255,Low,37.7,15.2,142.2,0.14,0.322,0.979,Moderate traffic flow - standard adaptive signal timing in effect
EVT412235,2026-01-17 13:30:44,Local Market Day,J012,Koramangala Sony World,8029,Weekend,False,Clear,False,0.0,False,False,0.211,Low,36.3,15.6,133.1,0.118,0.272,0.958,Normal free-flow traffic - standard signal timing maintained
EVT412236,2025-02-20 15:08:36,Trade Fair,J023,Basavanagudi,6986,Weekday,False,Clear,False,0.0,False,False,0.331,Low,27.1,25.9,162.5,0.132,0.305,0.94,Moderate traffic flow - standard adaptive signal timing in effect
EVT412237,2025-07-15 22:46:43,Trade Fair,J030,MG Road,12644,Weekday,False,Heavy Rain,True,47.0,False,False,0.591,High,27.0,35.5,224.3,0.167,0.386,0.917,Heavy rain reducing visibility and grip - reduced speed and longer buffer advised
EVT412238,2026-05-30 09:34:42,Local Market Day,J009,Majestic,3943,Weekend,False,Clear,False,0.0,False,False,0.783,Severe,14.3,50.5,457.3,0.214,0.495,0.962,Heavy congestion detected - signal timing extended and reroute suggested
EVT412239,2026-03-16 18:46:29,Local Market Day,J023,Basavanagudi,4170,Weekday,False,Clear,False,0.0,False,False,1.0,Severe,9.6,72.9,607.2,0.23,0.53,0.912,Heavy congestion detected - signal timing extended and reroute suggested
EVT412240,2025-04-24 18:43:38,Sports Fixture,J031,Cubbon Road,20557,Weekday,False,Clear,False,0.0,False,False,1.0,Severe,9.2,79.4,293.3,0.123,0.284,0.937,Heavy congestion detected - signal timing extended and reroute suggested
EVT412241,2025-05-30 06:25:33,Concert,J023,Basavanagudi,6440,Weekday,False,Clear,False,0.0,False,False,0.326,Low,27.8,21.7,230.4,0.171,0.394,0.967,Moderate traffic flow - standard adaptive signal timing in effect
EVT412242,2025-04-23 11:48:26,Political Rally,J011,Indiranagar 100ft Road,16890,Weekday,False,Clear,False,0.0,False,False,0.274,Low,29.3,21.1,119.3,0.099,0.228,0.945,Moderate traffic flow - standard adaptive signal timing in effect
EVT412243,2025-07-29 09:04:05,Sports Fixture,J020,Malleshwaram Circle,23470,Weekday,False,Rain,True,11.3,False,False,1.0,Severe,6.5,70.5,627.1,0.174,0.401,0.867,Heavy rain reducing visibility and grip - reduced speed and longer buffer advised
EVT412244,2025-07-11 09:03:21,Sports Fixture,J011,Indiranagar 100ft Road,18287,Weekday,False,Rain,True,22.7,False,False,1.0,Severe,8.3,72.8,597.2,0.201,0.464,0.85,Heavy rain reducing visibility and grip - reduced speed and longer buffer advised
EVT412245,2026-03-16 22:20:19,Local Market Day,J023,Basavanagudi,5725,Weekday,False,Clear,False,0.0,False,False,0.219,Low,30.0,17.1,221.2,0.171,0.395,0.96,Normal free-flow traffic - standard signal timing maintained
EVT412246,2025-09-05 10:34:01,Religious Festival,J020,Malleshwaram Circle,55768,Weekday,True,Rain,True,7.9,False,False,1.0,Severe,8.4,75.8,659.0,0.235,0.544,0.828,Festival crowd surge detected - alternate route and extended cycle recommended
EVT412247,2026-06-17 18:03:06,Trade Fair,J020,Malleshwaram Circle,13117,Weekday,False,Clear,False,0.0,False,False,1.0,Severe,7.8,71.4,344.9,0.126,0.29,0.912,Heavy congestion detected - signal timing extended and reroute suggested
EVT412248,2025-02-03 09:25:11,Concert,J011,Indiranagar 100ft Road,10486,Weekday,False,Clear,False,0.0,False,False,0.956,Severe,10.7,68.4,439.1,0.186,0.431,0.925,Heavy congestion detected - signal timing extended and reroute suggested
EVT412249,2025-11-12 18:44:43,Local Market Day,J012,Koramangala Sony World,5070,Weekday,False,Clear,False,0.0,False,False,0.965,Severe,10.5,70.4,376.6,0.164,0.378,0.911,Heavy congestion detected - signal timing extended and reroute suggested
EVT412250,2026-05-20 20:17:12,Sports Fixture,J030,MG Road,14150,Weekday,False,Clear,False,0.0,False,False,0.737,High,18.1,53.6,235.8,0.149,0.344,0.981,Moderate traffic flow - standard adaptive signal timing in effect
EVT412251,2026-04-09 15:58:20,Sports Fixture,J030,MG Road,35534,Weekday,False,Clear,False,0.0,False,False,0.571,High,21.1,42.1,232.7,0.147,0.34,0.96,Moderate traffic flow - standard adaptive signal timing in effect
EVT412252,2026-03-29 14:13:19,Sports Fixture,J023,Basavanagudi,21549,Weekend,False,Clear,False,0.0,False,False,0.367,Moderate,31.9,25.6,193.3,0.166,0.383,0.981,Moderate traffic flow - standard adaptive signal timing in effect
EVT412253,2025-12-03 16:36:05,Concert,J020,Malleshwaram Circle,11547,Weekday,False,Clear,False,0.0,False,False,0.656,High,22.9,49.2,205.1,0.151,0.349,0.972,Moderate traffic flow - standard adaptive signal timing in effect
EVT412254,2025-11-17 16:27:43,Sports Fixture,J009,Majestic,26664,Weekday,False,Clear,False,0.0,False,False,0.666,High,19.9,49.3,185.9,0.122,0.281,0.959,Moderate traffic flow - standard adaptive signal timing in effect
EVT412255,2026-01-17 13:32:55,Concert,J023,Basavanagudi,19296,Weekend,False,Clear,False,0.0,False,False,0.38,Moderate,21.5,35.1,226.7,0.142,0.327,0.97,Moderate traffic flow - standard adaptive signal timing in effect
EVT412256,2025-06-09 10:42:26,Concert,J020,Malleshwaram Circle,11181,Weekday,False,Light Rain,True,2.6,False,False,0.64,High,22.5,43.4,259.6,0.187,0.431,0.912,Heavy rain reducing visibility and grip - reduced speed and longer buffer advised
EVT412257,2025-10-12 16:31:35,Political Rally,J011,Indiranagar 100ft Road,17127,Weekend,False,Clear,False,0.0,False,False,0.619,High,23.1,45.5,194.9,0.12,0.276,0.967,Moderate traffic flow - standard adaptive signal timing in effect
EVT412258,2025-10-15 15:42:38,Trade Fair,J011,Indiranagar 100ft Road,15556,Weekday,False,Clear,False,0.0,False,False,0.427,Moderate,19.4,35.2,152.4,0.092,0.212,0.959,Moderate traffic flow - standard adaptive signal timing in effect
EVT412259,2025-08-25 08:00:41,Sports Fixture,J012,Koramangala Sony World,25063,Weekday,False,Rain,True,9.1,False,False,1.0,Severe,6.7,70.8,654.8,0.174,0.401,0.842,Heavy rain reducing visibility and grip - reduced speed and longer buffer advised
EVT412260,2025-08-31 16:13:12,Local Market Day,J009,Majestic,3253,Weekend,False,Heavy Rain,True,54.5,False,False,0.882,Severe,15.8,60.1,356.2,0.21,0.486,0.892,Heavy rain reducing visibility and grip - reduced speed and longer buffer advised
EVT412261,2025-06-08 07:25:22,Sports Fixture,J040,City Market,21942,Weekend,False,Clear,False,0.0,False,False,0.658,High,19.4,45.6,205.9,0.129,0.299,0.959,Moderate traffic flow - standard adaptive signal timing in effect
EVT412262,2025-11-14 08:46:59,Sports Fixture,J031,Cubbon Road,20182,Weekday,False,Clear,False,0.0,False,False,1.0,Severe,8.3,74.0,593.6,0.218,0.505,0.932,Heavy congestion detected - signal timing extended and reroute suggested
EVT412263,2025-05-05 10:44:31,Sports Fixture,J020,Malleshwaram Circle,16289,Weekday,False,Clear,False,0.0,False,False,0.637,High,20.3,45.3,346.7,0.229,0.528,0.99,Moderate traffic flow - standard adaptive signal timing in effect
EVT412264,2025-12-01 11:38:33,Trade Fair,J012,Koramangala Sony World,8734,Weekday,False,Clear,False,0.0,False,False,0.329,Low,24.3,24.4,71.7,0.044,0.102,0.959,Moderate traffic flow - standard adaptive signal timing in effect
EVT412265,2025-08-31 18:48:10,Trade Fair,J011,Indiranagar 100ft Road,11417,Weekend,False,Heavy Rain,True,30.3,False,False,1.0,Severe,9.2,69.9,408.6,0.142,0.328,0.862,Heavy rain reducing visibility and grip - reduced speed and longer buffer advised
EVT412266,2026-06-07 09:47:51,Sports Fixture,J023,Basavanagudi,27002,Weekend,False,Clear,False,0.0,False,False,0.913,Severe,12.5,68.2,409.5,0.194,0.449,0.937,Heavy congestion detected - signal timing extended and reroute suggested
EVT412267,2025-06-15 10:49:38,Concert,J020,Malleshwaram Circle,10812,Weekend,False,Rain,True,17.5,False,False,0.738,High,16.6,54.4,302.3,0.181,0.418,0.882,Heavy rain reducing visibility and grip - reduced speed and longer buffer advised
EVT412268,2025-08-23 17:56:25,Local Market Day,J009,Majestic,2054,Weekend,False,Rain,True,13.3,False,False,0.915,Severe,10.1,64.0,388.9,0.161,0.372,0.86,Heavy rain reducing visibility and grip - reduced speed and longer buffer advised
EVT412269,2025-11-09 09:57:36,Local Market Day,J023,Basavanagudi,9268,Weekend,False,Clear,False,0.0,False,False,0.742,High,16.1,51.7,344.1,0.184,0.426,0.97,Moderate traffic flow - standard adaptive signal timing in effect
EVT412270,2026-06-01 21:21:26,Trade Fair,J031,Cubbon Road,10707,Weekday,False,Clear,False,0.0,False,False,0.417,Moderate,34.2,29.9,67.0,0.07,0.161,0.976,Moderate traffic flow - standard adaptive signal timing in effect
EVT412271,2026-02-10 08:55:24,Sports Fixture,J040,City Market,68389,Weekday,False,Clear,False,0.0,False,False,1.0,Severe,9.8,77.8,500.7,0.193,0.445,0.929,Heavy congestion detected - signal timing extended and reroute suggested
EVT412272,2025-12-28 09:42:57,Concert,J020,Malleshwaram Circle,15621,Weekend,False,Clear,False,0.0,False,False,0.876,Severe,14.0,59.1,263.7,0.148,0.343,0.942,Heavy congestion detected - signal timing extended and reroute suggested
EVT412273,2026-06-11 19:39:05,Sports Fixture,J020,Malleshwaram Circle,22771,Weekday,False,Rain,True,14.6,False,False,1.0,Severe,9.7,68.8,531.1,0.203,0.469,0.846,Heavy rain reducing visibility and grip - reduced speed and longer buffer advised
EVT412274,2025-06-25 07:27:55,Political Rally,J023,Basavanagudi,9107,Weekday,False,Heavy Rain,True,36.0,False,False,0.951,Severe,10.4,68.5,626.0,0.228,0.527,0.895,Heavy rain reducing visibility and grip - reduced speed and longer buffer advised
EVT412275,2026-03-03 14:48:53,Concert,J031,Cubbon Road,9924,Weekday,False,Clear,False,0.0,False,False,0.332,Low,28.6,24.6,179.2,0.132,0.305,0.986,Moderate traffic flow - standard adaptive signal timing in effect
EVT412276,2025-11-02 21:38:54,Cultural Procession,J020,Malleshwaram Circle,24486,Weekend,True,Clear,False,0.0,False,False,0.702,High,19.7,56.5,354.4,0.225,0.52,0.886,Festival crowd surge detected - alternate route and extended cycle recommended
EVT412277,2025-10-16 18:17:54,Concert,J023,Basavanagudi,4847,Weekday,False,Clear,False,0.0,False,False,1.0,Severe,7.6,79.4,791.9,0.236,0.546,0.948,Heavy congestion detected - signal timing extended and reroute suggested
EVT412278,2025-12-31 15:15:09,Local Market Day,J011,Indiranagar 100ft Road,6616,Weekday,False,Clear,False,0.0,False,False,0.299,Low,37.3,25.4,136.5,0.123,0.284,0.967,Moderate traffic flow - standard adaptive signal timing in effect
EVT412279,2025-03-11 02:31:15,Trade Fair,J012,Koramangala Sony World,4735,Weekday,False,Clear,False,0.0,False,False,0.16,Low,26.2,14.6,206.2,0.142,0.329,0.962,Normal free-flow traffic - standard signal timing maintained
EVT412280,2026-02-15 22:41:50,Trade Fair,J031,Cubbon Road,9145,Weekend,False,Clear,False,0.0,False,False,0.24,Low,29.5,22.5,117.5,0.081,0.187,0.961,Normal free-flow traffic - standard signal timing maintained
EVT412281,2026-05-15 09:37:46,Local Market Day,J020,Malleshwaram Circle,4338,Weekday,False,Clear,False,0.0,False,False,0.933,Severe,9.6,68.9,637.5,0.222,0.513,0.926,Heavy congestion detected - signal timing extended and reroute suggested
EVT412282,2026-01-03 15:25:33,Trade Fair,J030,MG Road,7950,Weekend,False,Clear,False,0.0,False,False,0.433,Moderate,22.3,29.8,250.9,0.167,0.385,0.966,Moderate traffic flow - standard adaptive signal timing in effect
EVT412283,2025-01-29 19:50:57,Sports Fixture,J031,Cubbon Road,22789,Weekday,False,Clear,False,0.0,False,False,0.943,Severe,11.2,69.5,326.0,0.148,0.341,0.916,Heavy congestion detected - signal timing extended and reroute suggested
EVT412284,2026-01-22 18:52:54,Trade Fair,J030,MG Road,6883,Weekday,False,Light Rain,True,1.9,False,False,1.0,Severe,9.3,67.7,328.0,0.138,0.318,0.877,Heavy rain reducing visibility and grip - reduced speed and longer buffer advised
EVT412285,2025-06-25 21:50:57,Trade Fair,J012,Koramangala Sony World,11588,Weekday,False,Fog,False,0.0,False,False,0.374,Moderate,30.6,25.3,123.0,0.097,0.225,0.963,Moderate traffic flow - standard adaptive signal timing in effect
EVT412286,2026-04-12 20:10:51,Concert,J031,Cubbon Road,7064,Weekend,False,Clear,False,0.0,False,False,0.548,Moderate,24.5,38.5,231.3,0.17,0.392,0.977,Moderate traffic flow - standard adaptive signal timing in effect
EVT412287,2025-08-06 18:35:22,Local Market Day,J030,MG Road,3310,Weekday,False,Rain,True,12.6,False,False,1.0,Severe,8.3,66.1,475.7,0.18,0.415,0.873,Heavy rain reducing visibility and grip - reduced speed and longer buffer advised
EVT412288,2025-06-11 08:59:51,Local Market Day,J020,Malleshwaram Circle,4073,Weekday,False,Clear,False,0.0,False,False,1.0,Severe,8.7,62.8,542.4,0.206,0.476,0.907,Heavy congestion detected - signal timing extended and reroute suggested
EVT412289,2026-03-16 18:45:41,Sports Fixture,J009,Majestic,34487,Weekday,False,Clear,False,0.0,False,False,1.0,Severe,9.9,71.5,598.8,0.227,0.524,0.92,Heavy congestion detected - signal timing extended and reroute suggested
EVT412290,2025-02-01 23:41:14,Concert,J031,Cubbon Road,9444,Weekend,False,Clear,False,0.0,False,False,0.341,Low,33.7,25.5,157.7,0.142,0.328,0.939,Moderate traffic flow - standard adaptive signal timing in effect
EVT412291,2025-12-25 21:08:05,Fireworks Display,J009,Majestic,26773,Weekday,True,Clear,False,0.0,False,False,0.798,Severe,12.2,59.9,415.1,0.188,0.434,0.912,Festival crowd surge detected - alternate route and extended cycle recommended
EVT412292,2025-01-28 16:23:02,Trade Fair,J012,Koramangala Sony World,18154,Weekday,False,Clear,False,0.0,False,False,0.637,High,18.0,43.0,248.4,0.127,0.293,0.966,Moderate traffic flow - standard adaptive signal timing in effect
EVT412293,2025-07-20 20:56:48,Trade Fair,J030,MG Road,11468,Weekend,False,Rain,True,18.1,False,False,0.722,High,20.5,51.7,292.6,0.195,0.449,0.926,Heavy rain reducing visibility and grip - reduced speed and longer buffer advised
EVT412294,2025-10-22 06:59:02,Religious Festival,J031,Cubbon Road,62337,Weekday,True,Fog,False,0.0,False,False,0.973,Severe,10.2,77.7,552.9,0.242,0.56,0.882,Festival crowd surge detected - alternate route and extended cycle recommended
EVT412295,2026-05-15 11:39:31,Concert,J011,Indiranagar 100ft Road,10147,Weekday,False,Clear,False,0.0,False,False,0.325,Low,28.0,23.4,198.6,0.137,0.316,0.966,Moderate traffic flow - standard adaptive signal timing in effect
EVT412296,2025-11-18 12:48:56,Concert,J031,Cubbon Road,27536,Weekday,False,Clear,False,0.0,False,False,0.277,Low,30.9,19.7,142.3,0.125,0.29,0.956,Moderate traffic flow - standard adaptive signal timing in effect
EVT412297,2025-12-26 16:02:10,Religious Festival,J012,Koramangala Sony World,36099,Weekday,True,Clear,False,0.0,False,True,1.0,Severe,8.8,92.0,404.4,0.131,0.302,0.839,Road closure for event/procession - full detour recommended for through-traffic
EVT412298,2026-03-29 21:06:04,Sports Fixture,J020,Malleshwaram Circle,13649,Weekend,False,Clear,False,0.0,False,False,0.581,High,21.0,36.5,161.1,0.099,0.229,0.971,Moderate traffic flow - standard adaptive signal timing in effect
EVT412299,2025-11-21 17:39:53,Local Market Day,J030,MG Road,4234,Weekday,False,Clear,False,0.0,False,False,0.898,Severe,12.9,67.1,455.8,0.217,0.502,0.923,Heavy congestion detected - signal timing extended and reroute suggested
EVT412300,2025-11-13 08:43:12,Local Market Day,J030,MG Road,4170,Weekday,False,Clear,False,0.0,False,False,0.991,Severe,11.0,66.9,553.2,0.245,0.566,0.92,Heavy congestion detected - signal timing extended and reroute suggested
EVT412301,2025-02-08 07:48:38,Local Market Day,J011,Indiranagar 100ft Road,4714,Weekend,False,Clear,False,0.0,False,False,0.652,High,13.2,42.6,398.9,0.172,0.398,0.95,Moderate traffic flow - standard adaptive signal timing in effect
EVT412302,2026-02-06 16:50:32,Concert,J031,Cubbon Road,13154,Weekday,False,Clear,False,0.0,False,False,0.721,High,17.8,51.5,254.4,0.144,0.334,0.958,Moderate traffic flow - standard adaptive signal timing in effect
EVT412303,2025-06-23 17:04:56,Sports Fixture,J012,Koramangala Sony World,19889,Weekday,False,Clear,False,0.0,False,False,0.839,Severe,11.4,65.4,574.2,0.239,0.552,0.961,Heavy congestion detected - signal timing extended and reroute suggested
EVT412304,2025-01-21 14:09:31,Local Market Day,J020,Malleshwaram Circle,5083,Weekday,False,Clear,False,0.0,False,False,0.135,Low,32.6,9.2,140.0,0.111,0.257,0.983,Normal free-flow traffic - standard signal timing maintained
EVT412305,2025-06-30 11:20:23,Sports Fixture,J030,MG Road,20884,Weekday,False,Clear,False,0.0,False,False,0.445,Moderate,28.9,21.8,147.2,0.092,0.211,0.972,Moderate traffic flow - standard adaptive signal timing in effect
EVT412306,2026-06-13 19:06:51,Trade Fair,J011,Indiranagar 100ft Road,6440,Weekend,False,Rain,True,14.7,False,False,1.0,Severe,7.8,70.5,645.3,0.215,0.496,0.848,Heavy rain reducing visibility and grip - reduced speed and longer buffer advised
EVT412307,2025-08-26 17:35:22,Trade Fair,J012,Koramangala Sony World,7476,Weekday,False,Heavy Rain,True,87.5,False,False,1.0,Severe,9.5,75.8,378.2,0.15,0.347,0.863,Heavy rain reducing visibility and grip - reduced speed and longer buffer advised
EVT412308,2025-07-07 14:51:13,Sports Fixture,J011,Indiranagar 100ft Road,20376,Weekday,False,Rain,True,18.1,False,False,0.517,Moderate,23.2,31.1,229.2,0.156,0.361,0.892,Light rain detected - minor speed reduction advised
EVT412309,2025-03-12 06:56:03,Sports Fixture,J031,Cubbon Road,30273,Weekday,False,Clear,False,0.0,False,False,0.614,High,18.5,47.5,236.2,0.15,0.346,0.963,Moderate traffic flow - standard adaptive signal timing in effect
EVT412310,2026-01-07 07:00:49,Political Rally,J020,Malleshwaram Circle,15987,Weekday,False,Clear,False,0.0,False,False,0.528,Moderate,19.0,36.3,197.9,0.116,0.269,0.959,Moderate traffic flow - standard adaptive signal timing in effect
EVT412311,2026-04-29 09:08:20,Local Market Day,J030,MG Road,4091,Weekday,False,Clear,False,0.0,False,False,1.0,Severe,8.4,72.8,1102.6,0.348,0.803,0.911,Heavy congestion detected - signal timing extended and reroute suggested
EVT412312,2026-06-07 16:27:56,Sports Fixture,J030,MG Road,20744,Weekend,False,Heavy Rain,True,55.8,False,False,0.959,Severe,9.8,65.9,497.2,0.207,0.478,0.854,Heavy rain reducing visibility and grip - reduced speed and longer buffer advised
EVT412313,2026-06-06 21:23:55,Sports Fixture,J020,Malleshwaram Circle,20357,Weekend,False,Clear,False,0.0,False,False,0.55,Moderate,24.4,38.7,376.0,0.293,0.676,0.984,Moderate traffic flow - standard adaptive signal timing in effect
EVT412314,2025-09-03 10:55:27,Local Market Day,J031,Cubbon Road,3506,Weekday,False,Light Rain,True,6.3,False,False,0.589,High,27.9,43.7,230.7,0.19,0.438,0.926,Heavy rain reducing visibility and grip - reduced speed and longer buffer advised
EVT412315,2025-04-02 20:01:43,Concert,J020,Malleshwaram Circle,6537,Weekday,False,Clear,False,0.0,False,False,0.736,High,18.1,56.1,262.6,0.167,0.385,0.961,Moderate traffic flow - standard adaptive signal timing in effect
EVT412316,2025-01-11 16:08:46,Political Rally,J009,Majestic,10263,Weekend,False,Clear,False,0.0,False,False,0.57,High,25.7,43.5,101.8,0.073,0.168,0.965,Moderate traffic flow - standard adaptive signal timing in effect
EVT412317,2026-03-17 08:19:53,Local Market Day,J040,City Market,4340,Weekday,False,Clear,False,0.0,False,False,0.932,Severe,10.4,69.0,314.7,0.115,0.265,0.933,Heavy congestion detected - signal timing extended and reroute suggested
EVT412318,2026-03-04 07:36:49,Religious Festival,J031,Cubbon Road,31023,Weekday,True,Clear,False,0.0,False,False,1.0,Severe,9.0,68.5,427.1,0.168,0.388,0.875,Festival crowd surge detected - alternate route and extended cycle recommended
EVT412319,2025-02-04 18:35:14,Political Rally,J031,Cubbon Road,9943,Weekday,False,Clear,False,0.0,False,False,1.0,Severe,7.2,70.2,781.3,0.244,0.565,0.916,Heavy congestion detected - signal timing extended and reroute suggested
EVT412320,2025-08-12 04:20:44,Trade Fair,J030,MG Road,9168,Weekday,False,Clear,False,0.0,False,False,0.263,Low,32.6,24.9,121.8,0.081,0.187,0.97,Moderate traffic flow - standard adaptive signal timing in effect
EVT412321,2025-08-01 13:19:46,Concert,J011,Indiranagar 100ft Road,10331,Weekday,False,Rain,True,11.3,False,False,0.46,Moderate,24.7,38.2,300.5,0.202,0.467,0.917,Light rain detected - minor speed reduction advised
EVT412322,2025-03-30 15:26:57,Religious Festival,J023,Basavanagudi,47719,Weekend,True,Clear,False,0.0,False,False,0.895,Severe,14.0,66.3,349.9,0.208,0.481,0.886,Festival crowd surge detected - alternate route and extended cycle recommended
EVT412323,2025-03-28 18:13:46,Sports Fixture,J040,City Market,19767,Weekday,False,Clear,False,0.0,False,False,1.0,Severe,9.4,71.7,705.9,0.249,0.575,0.919,Heavy congestion detected - signal timing extended and reroute suggested
EVT412324,2025-07-27 09:50:51,Sports Fixture,J040,City Market,17529,Weekend,False,Clear,False,0.0,False,False,0.815,Severe,17.4,60.8,262.8,0.153,0.354,0.945,Heavy congestion detected - signal timing extended and reroute suggested
EVT412325,2025-01-30 09:08:02,Local Market Day,J011,Indiranagar 100ft Road,2962,Weekday,False,Clear,False,0.0,False,False,0.994,Severe,8.6,73.9,705.5,0.244,0.564,0.925,Heavy congestion detected - signal timing extended and reroute suggested
EVT412326,2026-06-01 16:30:09,Sports Fixture,J020,Malleshwaram Circle,35023,Weekday,False,Clear,False,0.0,False,False,0.759,Severe,15.8,55.9,222.9,0.115,0.266,0.965,Heavy congestion detected - signal timing extended and reroute suggested
EVT412327,2025-01-28 20:31:54,Local Market Day,J009,Majestic,3903,Weekday,False,Clear,False,0.0,False,False,0.617,High,22.7,47.2,173.1,0.107,0.246,0.97,Moderate traffic flow - standard adaptive signal timing in effect
EVT412328,2025-11-06 11:50:39,Local Market Day,J009,Majestic,2617,Weekday,False,Clear,False,0.0,False,False,0.23,Low,31.0,15.2,108.0,0.074,0.171,0.964,Normal free-flow traffic - standard signal timing maintained
EVT412329,2025-12-07 10:59:01,Political Rally,J030,MG Road,29900,Weekend,False,Clear,False,0.0,False,False,0.636,High,22.6,43.1,188.2,0.117,0.271,0.981,Moderate traffic flow - standard adaptive signal timing in effect
EVT412330,2025-03-12 18:33:57,Trade Fair,J011,Indiranagar 100ft Road,14562,Weekday,False,Clear,False,0.0,False,False,1.0,Severe,6.8,73.5,872.0,0.254,0.587,0.903,Heavy congestion detected - signal timing extended and reroute suggested
EVT412331,2025-05-11 02:38:09,Concert,J020,Malleshwaram Circle,10622,Weekend,False,Clear,False,0.0,True,False,0.678,High,16.8,49.2,147.9,0.089,0.206,0.792,Accident detected nearby - reroute and reduced speed advised
EVT412332,2026-01-07 16:10:26,Sports Fixture,J012,Koramangala Sony World,12990,Weekday,False,Clear,False,0.0,False,False,0.525,Moderate,23.6,40.8,281.8,0.212,0.489,0.961,Moderate traffic flow - standard adaptive signal timing in effect
EVT412333,2026-01-25 18:52:57,Local Market Day,J040,City Market,3415,Weekend,False,Clear,False,0.0,False,False,0.835,Severe,11.7,62.3,282.0,0.142,0.327,0.976,Heavy congestion detected - signal timing extended and reroute suggested
EVT412334,2026-03-20 16:43:45,Cultural Procession,J040,City Market,20391,Weekday,True,Fog,False,0.0,False,True,1.0,Severe,10.2,101.6,323.0,0.13,0.3,0.83,Road closure for event/procession - full detour recommended for through-traffic
EVT412335,2025-11-11 18:31:00,Sports Fixture,J040,City Market,17045,Weekday,False,Clear,False,0.0,False,False,1.0,Severe,9.6,72.1,286.1,0.126,0.291,0.919,Heavy congestion detected - signal timing extended and reroute suggested
EVT412336,2025-03-12 06:22:58,Trade Fair,J031,Cubbon Road,14495,Weekday,False,Clear,False,0.0,False,False,0.325,Low,25.7,22.0,80.1,0.046,0.105,0.94,Moderate traffic flow - standard adaptive signal timing in effect
EVT412337,2025-11-11 14:57:52,Political Rally,J009,Majestic,11990,Weekday,False,Clear,False,0.0,False,False,0.209,Low,42.8,14.6,93.4,0.11,0.254,0.987,Normal free-flow traffic - standard signal timing maintained
EVT412338,2025-05-27 22:55:26,Sports Fixture,J012,Koramangala Sony World,43848,Weekday,False,Clear,False,0.0,False,False,0.289,Low,32.0,24.1,194.6,0.172,0.398,0.967,Moderate traffic flow - standard adaptive signal timing in effect
EVT412339,2025-06-10 19:40:02,Local Market Day,J040,City Market,5054,Weekday,False,Clear,False,0.0,False,False,0.857,Severe,14.1,56.7,474.0,0.243,0.56,0.96,Heavy congestion detected - signal timing extended and reroute suggested
EVT412340,2026-02-20 11:55:05,Local Market Day,J030,MG Road,3844,Weekday,False,Clear,False,0.0,False,False,0.261,Low,28.8,24.2,210.3,0.169,0.39,0.99,Moderate traffic flow - standard adaptive signal timing in effect
EVT412341,2025-04-11 16:02:37,Local Market Day,J023,Basavanagudi,3335,Weekday,False,Rain,True,17.2,False,False,0.618,High,18.8,41.5,272.7,0.142,0.327,0.937,Heavy rain reducing visibility and grip - reduced speed and longer buffer advised
EVT412342,2025-06-18 14:54:40,Concert,J023,Basavanagudi,15766,Weekday,False,Clear,False,0.0,False,False,0.273,Low,30.9,14.2,208.4,0.168,0.389,0.99,Moderate traffic flow - standard adaptive signal timing in effect
EVT412343,2025-06-29 09:10:18,Concert,J023,Basavanagudi,10351,Weekend,False,Fog,False,0.0,False,False,0.859,Severe,13.5,63.4,288.5,0.155,0.357,0.946,Heavy congestion detected - signal timing extended and reroute suggested
EVT412344,2026-01-20 19:15:43,Political Rally,J012,Koramangala Sony World,19599,Weekday,False,Clear,False,0.0,False,False,1.0,Severe,6.4,66.3,782.0,0.229,0.529,0.905,Heavy congestion detected - signal timing extended and reroute suggested
EVT412345,2025-07-24 18:22:46,Local Market Day,J023,Basavanagudi,4754,Weekday,False,Heavy Rain,True,29.5,False,False,1.0,Severe,7.3,67.5,380.1,0.133,0.308,0.88,Heavy rain reducing visibility and grip - reduced speed and longer buffer advised
EVT412346,2025-01-10 06:23:45,Sports Fixture,J040,City Market,24510,Weekday,False,Clear,False,0.0,False,False,0.45,Moderate,26.3,31.7,219.4,0.173,0.4,0.975,Moderate traffic flow - standard adaptive signal timing in effect
EVT412347,2025-03-13 14:43:01,Local Market Day,J011,Indiranagar 100ft Road,3231,Weekday,False,Clear,False,0.0,False,False,0.204,Low,33.6,13.0,189.2,0.161,0.371,0.969,Normal free-flow traffic - standard signal timing maintained
EVT412348,2026-02-15 16:43:16,Local Market Day,J020,Malleshwaram Circle,3446,Weekend,False,Clear,False,0.0,False,False,0.594,High,23.9,44.4,261.6,0.192,0.445,0.967,Moderate traffic flow - standard adaptive signal timing in effect
EVT412349,2025-01-05 12:08:41,Local Market Day,J040,City Market,4194,Weekend,False,Clear,False,0.0,False,False,0.308,Low,32.3,25.6,60.8,0.05,0.116,0.958,Moderate traffic flow - standard adaptive signal timing in effect
EVT412350,2026-05-14 13:56:45,Political Rally,J030,MG Road,10406,Weekday,False,Light Rain,True,5.0,False,False,0.437,Moderate,28.0,34.7,171.3,0.122,0.281,0.906,Light rain detected - minor speed reduction advised
EVT412351,2025-06-26 16:04:45,Local Market Day,J040,City Market,5617,Weekday,False,Heavy Rain,True,57.6,False,False,0.806,Severe,15.9,55.1,330.2,0.185,0.427,0.897,Heavy rain reducing visibility and grip - reduced speed and longer buffer advised
EVT412352,2026-01-26 09:22:34,Cultural Procession,J040,City Market,15550,Weekday,True,Clear,False,0.0,False,True,1.0,Severe,7.0,95.3,735.8,0.194,0.447,0.814,Road closure for event/procession - full detour recommended for through-traffic
EVT412353,2025-12-03 14:30:01,Sports Fixture,J012,Koramangala Sony World,17276,Weekday,False,Clear,False,0.0,False,False,0.325,Low,26.1,24.8,207.1,0.136,0.314,0.95,Moderate traffic flow - standard adaptive signal timing in effect
EVT412354,2025-08-19 13:32:42,Trade Fair,J009,Majestic,6620,Weekday,False,Clear,False,0.0,False,False,0.191,Low,41.6,14.1,122.0,0.127,0.292,0.986,Normal free-flow traffic - standard signal timing maintained
EVT412355,2026-04-13 19:41:20,Sports Fixture,J040,City Market,19790,Weekday,False,Clear,False,0.0,False,False,0.865,Severe,11.9,64.5,293.7,0.159,0.368,0.931,Heavy congestion detected - signal timing extended and reroute suggested
EVT412356,2025-01-09 00:51:48,Trade Fair,J009,Majestic,14762,Weekday,False,Clear,False,0.0,False,False,0.24,Low,33.3,17.3,126.9,0.104,0.24,0.944,Normal free-flow traffic - standard signal timing maintained
EVT412357,2026-04-29 18:09:25,Sports Fixture,J030,MG Road,15230,Weekday,False,Clear,False,0.0,False,False,1.0,Severe,8.1,70.7,585.1,0.182,0.42,0.899,Heavy congestion detected - signal timing extended and reroute suggested
EVT412358,2026-04-08 19:40:49,Trade Fair,J023,Basavanagudi,12849,Weekday,False,Rain,True,13.3,False,False,1.0,Severe,7.6,76.3,381.7,0.133,0.307,0.861,Heavy rain reducing visibility and grip - reduced speed and longer buffer advised
EVT412359,2025-01-22 22:37:18,Political Rally,J009,Majestic,14103,Weekday,False,Clear,False,0.0,False,False,0.346,Low,32.5,26.5,107.6,0.092,0.213,0.972,Moderate traffic flow - standard adaptive signal timing in effect
EVT412360,2026-01-02 03:50:39,Cultural Procession,J040,City Market,23884,Weekday,True,Clear,False,0.0,False,True,0.625,Moderate,22.5,60.0,232.4,0.167,0.386,0.872,Road closure for event/procession - full detour recommended for through-traffic
EVT412361,2025-04-18 14:10:39,Trade Fair,J011,Indiranagar 100ft Road,9545,Weekday,False,Clear,False,0.0,False,False,0.234,Low,35.3,12.7,125.7,0.119,0.274,0.982,Normal free-flow traffic - standard signal timing maintained
EVT412362,2025-09-12 01:24:40,Political Rally,J011,Indiranagar 100ft Road,29892,Weekday,False,Clear,False,0.0,False,False,0.431,Moderate,27.6,37.7,219.0,0.175,0.405,0.958,Moderate traffic flow - standard adaptive signal timing in effect
EVT412363,2026-05-19 18:37:34,Local Market Day,J011,Indiranagar 100ft Road,4007,Weekday,False,Clear,False,0.0,False,False,0.97,Severe,9.4,68.4,512.9,0.199,0.459,0.936,Heavy congestion detected - signal timing extended and reroute suggested
EVT412364,2025-05-03 20:36:12,Sports Fixture,J012,Koramangala Sony World,32823,Weekend,False,Clear,False,0.0,False,False,0.701,High,17.6,50.4,274.9,0.142,0.329,0.95,Moderate traffic flow - standard adaptive signal timing in effect
EVT412365,2026-01-29 06:18:39,Local Market Day,J031,Cubbon Road,2873,Weekday,False,Clear,False,0.0,False,False,0.249,Low,28.4,24.1,169.7,0.118,0.273,0.969,Normal free-flow traffic - standard signal timing maintained
EVT412366,2025-12-26 12:44:26,Cultural Procession,J012,Koramangala Sony World,21071,Weekday,True,Clear,False,0.0,False,False,0.466,Moderate,29.3,33.3,214.6,0.199,0.46,0.945,Moderate traffic flow - standard adaptive signal timing in effect
EVT412367,2026-01-20 20:58:09,Sports Fixture,J030,MG Road,17261,Weekday,False,Clear,False,0.0,False,False,0.535,Moderate,30.0,40.8,176.0,0.15,0.346,0.949,Moderate traffic flow - standard adaptive signal timing in effect
EVT412368,2025-09-18 07:11:50,Local Market Day,J020,Malleshwaram Circle,4629,Weekday,False,Clear,False,0.0,False,False,0.424,Moderate,28.9,28.6,184.3,0.157,0.362,0.97,Moderate traffic flow - standard adaptive signal timing in effect
EVT412369,2026-05-10 17:32:09,Trade Fair,J023,Basavanagudi,15213,Weekend,False,Clear,False,0.0,False,False,0.872,Severe,14.1,56.6,249.5,0.142,0.327,0.943,Heavy congestion detected - signal timing extended and reroute suggested
EVT412370,2026-05-24 18:04:32,Trade Fair,J011,Indiranagar 100ft Road,3794,Weekend,False,Clear,False,0.0,False,False,0.836,Severe,12.9,57.1,293.4,0.16,0.369,0.971,Heavy congestion detected - signal timing extended and reroute suggested
EVT412371,2026-06-29 05:25:27,Trade Fair,J020,Malleshwaram Circle,11242,Weekday,False,Clear,False,0.0,False,False,0.151,Low,33.8,10.9,182.6,0.173,0.4,0.952,Normal free-flow traffic - standard signal timing maintained
EVT412372,2025-06-26 14:43:16,Concert,J009,Majestic,12173,Weekday,False,Heavy Rain,True,35.2,False,False,0.656,High,24.4,47.0,150.9,0.073,0.168,0.901,Heavy rain reducing visibility and grip - reduced speed and longer buffer advised
EVT412373,2025-07-15 06:56:29,Local Market Day,J023,Basavanagudi,3425,Weekday,False,Light Rain,True,5.2,False,False,0.562,High,22.1,38.5,278.7,0.199,0.459,0.869,Heavy rain reducing visibility and grip - reduced speed and longer buffer advised
EVT412374,2025-11-18 09:52:19,Trade Fair,J020,Malleshwaram Circle,3846,Weekday,False,Clear,False,0.0,False,False,0.889,Severe,11.5,57.2,426.9,0.167,0.385,0.947,Heavy congestion detected - signal timing extended and reroute suggested
EVT412375,2025-06-14 06:15:08,Sports Fixture,J031,Cubbon Road,14579,Weekend,False,Clear,False,0.0,False,False,0.417,Moderate,22.1,21.7,258.0,0.153,0.354,0.949,Moderate traffic flow - standard adaptive signal timing in effect
EVT412376,2026-06-04 20:27:32,Sports Fixture,J040,City Market,12923,Weekday,False,Rain,True,11.7,False,False,0.875,Severe,13.7,64.3,210.2,0.119,0.274,0.914,Heavy rain reducing visibility and grip - reduced speed and longer buffer advised
EVT412377,2026-05-09 16:25:10,Political Rally,J012,Koramangala Sony World,12394,Weekend,False,Rain,True,11.7,False,False,0.676,High,22.3,51.6,283.7,0.211,0.487,0.922,Heavy rain reducing visibility and grip - reduced speed and longer buffer advised
EVT412378,2026-04-17 09:44:54,Local Market Day,J009,Majestic,2675,Weekday,False,Clear,False,0.0,False,False,0.931,Severe,12.0,68.9,281.6,0.126,0.292,0.93,Heavy congestion detected - signal timing extended and reroute suggested
EVT412379,2026-01-05 15:36:15,Local Market Day,J009,Majestic,3384,Weekday,False,Light Rain,True,6.6,False,False,0.394,Moderate,21.3,27.5,176.6,0.126,0.29,0.92,Light rain detected - minor speed reduction advised
EVT412380,2025-04-21 17:02:44,Local Market Day,J011,Indiranagar 100ft Road,2913,Weekday,False,Clear,False,0.0,True,False,1.0,Severe,7.5,75.7,496.9,0.177,0.408,0.753,Accident detected nearby - reroute and reduced speed advised
EVT412381,2025-08-29 11:31:40,Political Rally,J023,Basavanagudi,13324,Weekday,False,Clear,False,0.0,False,False,0.37,Moderate,27.1,24.8,203.1,0.139,0.32,0.959,Moderate traffic flow - standard adaptive signal timing in effect
EVT412382,2025-04-05 09:33:46,Concert,J040,City Market,9296,Weekend,False,Clear,False,0.0,False,False,0.862,Severe,10.5,55.6,395.2,0.147,0.34,0.949,Heavy congestion detected - signal timing extended and reroute suggested
EVT412383,2025-10-08 18:28:07,Concert,J023,Basavanagudi,6776,Weekday,False,Clear,False,0.0,False,False,1.0,Severe,7.9,70.7,310.3,0.11,0.254,0.9,Heavy congestion detected - signal timing extended and reroute suggested
EVT412384,2025-07-23 08:34:47,Local Market Day,J009,Majestic,5224,Weekday,False,Heavy Rain,True,29.5,False,False,1.0,Severe,7.8,67.0,715.7,0.224,0.518,0.856,Heavy rain reducing visibility and grip - reduced speed and longer buffer advised
EVT412385,2026-03-23 15:55:02,Political Rally,J040,City Market,18376,Weekday,False,Clear,False,0.0,False,False,0.51,Moderate,18.8,42.5,344.2,0.209,0.483,0.977,Moderate traffic flow - standard adaptive signal timing in effect
EVT412386,2026-04-10 17:09:43,Trade Fair,J031,Cubbon Road,8398,Weekday,False,Clear,False,0.0,False,False,0.836,Severe,14.3,53.0,429.0,0.208,0.48,0.961,Heavy congestion detected - signal timing extended and reroute suggested
EVT412387,2026-03-22 19:19:04,Sports Fixture,J011,Indiranagar 100ft Road,31545,Weekend,False,Fog,False,0.0,False,False,0.904,Severe,11.5,73.1,259.1,0.122,0.281,0.93,Heavy congestion detected - signal timing extended and reroute suggested
EVT412388,2025-06-03 09:49:43,Local Market Day,J012,Koramangala Sony World,4607,Weekday,False,Rain,True,17.5,False,False,1.0,Severe,7.6,71.7,345.0,0.125,0.288,0.866,Heavy rain reducing visibility and grip - reduced speed and longer buffer advised
EVT412389,2025-07-07 23:19:33,Local Market Day,J012,Koramangala Sony World,1648,Weekday,False,Clear,False,0.0,False,False,0.17,Low,36.0,19.7,99.1,0.1,0.231,0.983,Normal free-flow traffic - standard signal timing maintained
EVT412390,2025-05-04 18:00:43,Political Rally,J011,Indiranagar 100ft Road,14870,Weekend,False,Clear,False,0.0,False,False,0.947,Severe,10.3,65.5,475.1,0.17,0.392,0.951,Heavy congestion detected - signal timing extended and reroute suggested
EVT412391,2025-09-30 14:20:47,Sports Fixture,J031,Cubbon Road,16658,Weekday,False,Clear,False,0.0,False,False,0.259,Low,35.2,21.1,114.8,0.102,0.235,0.981,Moderate traffic flow - standard adaptive signal timing in effect
EVT412392,2026-06-20 11:20:12,Political Rally,J009,Majestic,12511,Weekend,False,Heavy Rain,True,28.4,False,False,0.711,High,15.5,53.4,395.0,0.222,0.513,0.933,Heavy rain reducing visibility and grip - reduced speed and longer buffer advised
EVT412393,2026-02-21 17:20:26,Trade Fair,J009,Majestic,9449,Weekend,False,Clear,False,0.0,False,False,0.716,High,21.7,56.6,237.1,0.165,0.381,0.95,Moderate traffic flow - standard adaptive signal timing in effect
EVT412394,2025-04-29 09:16:13,Sports Fixture,J023,Basavanagudi,27160,Weekday,False,Clear,False,0.0,False,False,1.0,Severe,8.1,70.0,201.4,0.09,0.208,0.915,Heavy congestion detected - signal timing extended and reroute suggested
EVT412395,2025-11-22 08:41:05,Trade Fair,J030,MG Road,13412,Weekend,False,Clear,False,0.0,False,False,0.916,Severe,13.8,67.5,287.0,0.149,0.344,0.922,Heavy congestion detected - signal timing extended and reroute suggested
EVT412396,2026-04-21 06:40:03,Concert,J012,Koramangala Sony World,9819,Weekday,False,Clear,False,0.0,False,False,0.406,Moderate,27.7,34.0,136.3,0.091,0.211,0.947,Moderate traffic flow - standard adaptive signal timing in effect
EVT412397,2025-04-08 09:38:46,Sports Fixture,J031,Cubbon Road,32869,Weekday,False,Fog,False,0.0,False,False,1.0,Severe,7.7,71.5,1016.2,0.316,0.731,0.903,Heavy congestion detected - signal timing extended and reroute suggested
EVT412398,2025-12-24 17:44:45,Local Market Day,J009,Majestic,6095,Weekday,False,Clear,False,0.0,False,False,1.0,Severe,9.7,69.0,253.3,0.125,0.289,0.895,Heavy congestion detected - signal timing extended and reroute suggested
EVT412399,2026-06-04 08:55:53,Local Market Day,J011,Indiranagar 100ft Road,7993,Weekday,False,Clear,False,0.0,False,False,1.0,Severe,7.7,71.9,499.3,0.163,0.376,0.945,Heavy congestion detected - signal timing extended and reroute suggested
EVT412400,2025-09-02 18:47:21,Local Market Day,J023,Basavanagudi,5979,Weekday,False,Rain,True,8.7,False,False,1.0,Severe,6.5,75.2,610.0,0.188,0.434,0.861,Heavy rain reducing visibility and grip - reduced speed and longer buffer advised
EVT412401,2025-06-10 17:14:48,Sports Fixture,J009,Majestic,12977,Weekday,False,Clear,False,0.0,False,False,0.878,Severe,14.0,58.8,360.6,0.191,0.44,0.905,Heavy congestion detected - signal timing extended and reroute suggested
EVT412402,2025-11-24 20:03:50,Sports Fixture,J011,Indiranagar 100ft Road,16883,Weekday,False,Fog,False,0.0,False,False,0.852,Severe,13.0,56.8,295.4,0.148,0.341,0.951,Heavy congestion detected - signal timing extended and reroute suggested
EVT412403,2026-01-23 11:48:10,Trade Fair,J031,Cubbon Road,11426,Weekday,False,Clear,False,0.0,False,False,0.274,Low,36.6,19.1,80.4,0.084,0.195,0.98,Moderate traffic flow - standard adaptive signal timing in effect
EVT412404,2025-06-13 22:36:40,Local Market Day,J009,Majestic,5658,Weekday,False,Clear,False,0.0,False,False,0.211,Low,30.4,16.5,121.0,0.106,0.246,0.986,Normal free-flow traffic - standard signal timing maintained
EVT412405,2026-06-02 18:51:03,Local Market Day,J009,Majestic,5865,Weekday,False,Clear,False,0.0,False,False,1.0,Severe,8.0,70.7,584.4,0.199,0.459,0.925,Heavy congestion detected - signal timing extended and reroute suggested
EVT412406,2025-04-02 12:30:45,Local Market Day,J040,City Market,4024,Weekday,False,Clear,False,0.0,False,False,0.223,Low,33.0,14.6,119.4,0.098,0.226,0.979,Normal free-flow traffic - standard signal timing maintained
EVT412407,2025-09-07 11:37:59,Local Market Day,J012,Koramangala Sony World,3332,Weekend,False,Clear,False,0.0,False,False,0.252,Low,30.8,20.9,226.0,0.175,0.405,0.978,Moderate traffic flow - standard adaptive signal timing in effect
EVT412408,2025-06-18 20:48:56,Trade Fair,J011,Indiranagar 100ft Road,10377,Weekday,False,Clear,False,0.0,True,False,0.896,Severe,10.6,63.6,580.8,0.224,0.518,0.788,Accident detected nearby - reroute and reduced speed advised
EVT412409,2026-05-12 18:31:14,Local Market Day,J040,City Market,4216,Weekday,False,Light Rain,True,7.1,False,False,1.0,Severe,7.7,66.0,483.6,0.142,0.327,0.856,Heavy rain reducing visibility and grip - reduced speed and longer buffer advised
EVT412410,2026-05-14 17:03:04,Political Rally,J012,Koramangala Sony World,11501,Weekday,False,Clear,False,0.0,False,False,0.744,High,18.7,55.6,264.0,0.163,0.376,0.982,Moderate traffic flow - standard adaptive signal timing in effect
EVT412411,2026-02-08 10:23:49,Concert,J011,Indiranagar 100ft Road,12573,Weekend,False,Clear,False,0.0,False,False,0.611,High,19.0,47.6,234.8,0.136,0.315,0.99,Moderate traffic flow - standard adaptive signal timing in effect
EVT412412,2026-06-08 11:34:00,Sports Fixture,J020,Malleshwaram Circle,28118,Weekday,False,Rain,True,22.9,False,False,0.675,High,20.1,38.8,260.4,0.168,0.388,0.909,Heavy rain reducing visibility and grip - reduced speed and longer buffer advised
EVT412413,2025-11-14 20:12:33,Local Market Day,J023,Basavanagudi,5072,Weekday,False,Clear,False,0.0,False,False,0.701,High,20.8,53.8,272.0,0.185,0.427,0.973,Moderate traffic flow - standard adaptive signal timing in effect
EVT412414,2025-07-11 09:34:24,Sports Fixture,J031,Cubbon Road,18735,Weekday,False,Clear,False,0.0,False,False,1.0,Severe,9.6,68.2,572.5,0.195,0.451,0.915,Heavy congestion detected - signal timing extended and reroute suggested
EVT412415,2025-03-15 08:57:39,Religious Festival,J011,Indiranagar 100ft Road,57168,Weekend,True,Clear,False,0.0,False,True,1.0,Severe,6.6,105.8,528.2,0.161,0.372,0.856,Road closure for event/procession - full detour recommended for through-traffic
EVT412416,2026-01-21 15:16:07,Concert,J009,Majestic,15096,Weekday,False,Clear,False,0.0,False,False,0.3,Low,28.2,22.3,150.6,0.12,0.277,0.971,Moderate traffic flow - standard adaptive signal timing in effect
EVT412417,2025-09-04 20:51:06,Political Rally,J009,Majestic,30922,Weekday,False,Rain,True,7.9,False,False,0.732,High,18.0,42.9,332.6,0.187,0.432,0.908,Heavy rain reducing visibility and grip - reduced speed and longer buffer advised
EVT412418,2025-05-02 21:45:58,Cultural Procession,J012,Koramangala Sony World,22523,Weekday,True,Fog,False,0.0,False,True,0.889,High,13.2,85.8,384.5,0.185,0.426,0.859,Road closure for event/procession - full detour recommended for through-traffic
EVT412419,2025-01-25 08:11:09,Local Market Day,J040,City Market,2573,Weekend,False,Clear,False,0.0,False,False,0.764,Severe,17.9,51.7,358.6,0.2,0.462,0.944,Heavy congestion detected - signal timing extended and reroute suggested
EVT412420,2026-03-11 16:47:47,Concert,J031,Cubbon Road,9139,Weekday,False,Clear,False,0.0,False,False,0.647,High,23.2,46.2,246.7,0.194,0.447,0.967,Moderate traffic flow - standard adaptive signal timing in effect
EVT412421,2025-07-18 14:02:30,Trade Fair,J012,Koramangala Sony World,9666,Weekday,False,Clear,False,0.0,False,False,0.161,Low,27.5,9.8,142.3,0.089,0.207,0.941,Normal free-flow traffic - standard signal timing maintained
EVT412422,2026-04-27 09:26:49,Sports Fixture,J040,City Market,19459,Weekday,False,Clear,False,0.0,False,False,1.0,Severe,7.2,70.4,404.1,0.125,0.289,0.899,Heavy congestion detected - signal timing extended and reroute suggested
EVT412423,2025-04-19 00:44:01,Local Market Day,J031,Cubbon Road,3883,Weekend,False,Clear,False,0.0,False,False,0.251,Low,29.2,15.2,111.8,0.094,0.217,0.941,Moderate traffic flow - standard adaptive signal timing in effect
EVT412424,2025-01-20 18:33:54,Concert,J030,MG Road,10173,Weekday,False,Clear,False,0.0,False,False,1.0,Severe,7.4,66.5,579.7,0.189,0.437,0.94,Heavy congestion detected - signal timing extended and reroute suggested
EVT412425,2025-01-26 18:55:22,Cultural Procession,J020,Malleshwaram Circle,23681,Weekend,True,Clear,False,0.0,False,False,1.0,Severe,8.0,74.9,871.8,0.273,0.63,0.882,Festival crowd surge detected - alternate route and extended cycle recommended
EVT412426,2026-03-01 18:12:59,Sports Fixture,J023,Basavanagudi,54776,Weekend,False,Clear,False,0.0,False,False,1.0,Severe,8.5,73.4,371.8,0.143,0.33,0.915,Heavy congestion detected - signal timing extended and reroute suggested
EVT412427,2026-01-10 18:09:50,Sports Fixture,J012,Koramangala Sony World,32609,Weekend,False,Clear,False,0.0,False,False,0.98,Severe,9.1,64.2,250.2,0.102,0.235,0.953,Heavy congestion detected - signal timing extended and reroute suggested
EVT412428,2025-05-26 13:59:25,Trade Fair,J030,MG Road,11367,Weekday,False,Rain,True,13.3,True,False,0.839,Severe,10.8,61.1,498.0,0.209,0.482,0.75,Accident detected nearby - reroute and reduced speed advised
EVT412429,2025-02-07 15:20:49,Local Market Day,J023,Basavanagudi,5510,Weekday,False,Clear,False,0.0,False,False,0.267,Low,30.1,19.2,143.8,0.115,0.267,0.952,Moderate traffic flow - standard adaptive signal timing in effect
EVT412430,2025-09-04 19:25:06,Sports Fixture,J012,Koramangala Sony World,29333,Weekday,False,Fog,False,0.0,False,False,1.0,Severe,9.9,77.4,506.4,0.184,0.425,0.943,Heavy congestion detected - signal timing extended and reroute suggested
EVT412431,2025-06-09 13:55:21,Concert,J030,MG Road,12498,Weekday,False,Clear,False,0.0,False,False,0.187,Low,46.5,13.4,179.9,0.212,0.49,0.952,Normal free-flow traffic - standard signal timing maintained
EVT412432,2026-02-20 13:51:31,Concert,J012,Koramangala Sony World,13177,Weekday,False,Clear,False,0.0,False,False,0.275,Low,26.1,17.4,178.5,0.12,0.276,0.99,Moderate traffic flow - standard adaptive signal timing in effect
EVT412433,2026-03-09 10:38:35,Local Market Day,J012,Koramangala Sony World,4631,Weekday,False,Clear,False,0.0,False,False,0.546,Moderate,18.4,40.0,185.5,0.13,0.301,0.957,Moderate traffic flow - standard adaptive signal timing in effect
EVT412434,2025-10-09 09:43:55,Trade Fair,J031,Cubbon Road,9410,Weekday,False,Rain,True,21.2,False,False,1.0,Severe,9.0,71.2,365.7,0.141,0.326,0.87,Heavy rain reducing visibility and grip - reduced speed and longer buffer advised
EVT412435,2025-06-17 07:41:15,Concert,J012,Koramangala Sony World,11162,Weekday,False,Rain,True,14.3,False,False,0.787,Severe,19.6,56.2,249.9,0.146,0.338,0.908,Heavy rain reducing visibility and grip - reduced speed and longer buffer advised
EVT412436,2025-04-24 16:28:31,Sports Fixture,J040,City Market,28159,Weekday,False,Clear,False,0.0,False,False,0.692,High,17.6,46.4,349.1,0.197,0.454,0.97,Moderate traffic flow - standard adaptive signal timing in effect
EVT412437,2026-03-16 20:33:27,Sports Fixture,J030,MG Road,13277,Weekday,False,Clear,False,0.0,False,False,0.644,High,14.4,43.6,313.1,0.141,0.325,0.953,Moderate traffic flow - standard adaptive signal timing in effect
EVT412438,2025-09-28 08:38:48,Concert,J040,City Market,17622,Weekend,False,Clear,False,0.0,False,False,0.995,Severe,8.4,79.1,266.2,0.111,0.256,0.942,Heavy congestion detected - signal timing extended and reroute suggested
EVT412439,2026-04-23 08:21:05,Trade Fair,J040,City Market,8430,Weekday,False,Clear,False,0.0,False,False,0.914,Severe,11.2,65.3,352.3,0.141,0.326,0.944,Heavy congestion detected - signal timing extended and reroute suggested
EVT412440,2025-10-24 05:51:50,Trade Fair,J030,MG Road,6416,Weekday,False,Clear,False,0.0,False,False,0.228,Low,30.7,20.7,158.5,0.107,0.248,0.964,Normal free-flow traffic - standard signal timing maintained
EVT412441,2025-07-04 04:00:47,Concert,J009,Majestic,9733,Weekday,False,Clear,False,0.0,False,False,0.232,Low,34.8,15.1,163.8,0.15,0.348,0.959,Normal free-flow traffic - standard signal timing maintained
EVT412442,2026-01-12 15:35:55,Political Rally,J020,Malleshwaram Circle,14854,Weekday,False,Fog,False,0.0,False,False,0.464,Moderate,30.6,29.5,177.8,0.154,0.356,0.952,Moderate traffic flow - standard adaptive signal timing in effect
EVT412443,2026-01-11 08:52:05,Trade Fair,J011,Indiranagar 100ft Road,3147,Weekend,False,Clear,False,0.0,False,False,0.731,High,17.1,54.2,253.6,0.136,0.314,0.959,Moderate traffic flow - standard adaptive signal timing in effect
EVT412444,2025-12-02 17:17:58,Sports Fixture,J023,Basavanagudi,28759,Weekday,False,Clear,False,0.0,False,False,1.0,Severe,7.0,66.4,526.4,0.181,0.418,0.914,Heavy congestion detected - signal timing extended and reroute suggested
EVT412445,2026-06-25 20:10:37,Concert,J023,Basavanagudi,10023,Weekday,False,Clear,False,0.0,False,False,0.716,High,14.3,51.6,261.2,0.137,0.316,0.965,Moderate traffic flow - standard adaptive signal timing in effect
EVT412446,2025-08-17 14:05:56,Concert,J031,Cubbon Road,7999,Weekend,False,Rain,True,18.6,False,False,0.47,Moderate,31.1,37.5,223.8,0.195,0.45,0.923,Light rain detected - minor speed reduction advised
EVT412447,2025-04-16 16:53:45,Political Rally,J040,City Market,11987,Weekday,False,Clear,False,0.0,False,False,0.767,Severe,13.9,53.9,450.8,0.185,0.428,0.977,Heavy congestion detected - signal timing extended and reroute suggested
EVT412448,2026-01-09 21:40:38,Concert,J020,Malleshwaram Circle,14831,Weekday,False,Clear,False,0.0,False,False,0.42,Moderate,28.0,33.0,114.4,0.07,0.162,0.96,Moderate traffic flow - standard adaptive signal timing in effect
EVT412449,2025-10-24 14:08:22,Concert,J031,Cubbon Road,10681,Weekday,False,Clear,False,0.0,False,False,0.266,Low,31.1,20.6,107.5,0.115,0.266,0.948,Moderate traffic flow - standard adaptive signal timing in effect
EVT412450,2025-04-08 00:04:12,Concert,J020,Malleshwaram Circle,8411,Weekday,False,Clear,False,0.0,False,False,0.185,Low,26.1,18.8,123.3,0.083,0.191,0.964,Normal free-flow traffic - standard signal timing maintained
EVT412451,2025-03-26 18:52:11,Trade Fair,J009,Majestic,5291,Weekday,False,Clear,False,0.0,False,False,0.971,Severe,8.2,68.0,255.3,0.099,0.229,0.945,Heavy congestion detected - signal timing extended and reroute suggested
EVT412452,2025-10-01 15:13:39,Local Market Day,J011,Indiranagar 100ft Road,3614,Weekday,False,Clear,False,0.0,False,False,0.294,Low,24.6,22.5,86.1,0.058,0.135,0.97,Moderate traffic flow - standard adaptive signal timing in effect
EVT412453,2026-06-10 09:29:20,Local Market Day,J009,Majestic,5546,Weekday,False,Clear,False,0.0,False,False,1.0,Severe,8.8,78.3,195.8,0.09,0.207,0.926,Heavy congestion detected - signal timing extended and reroute suggested
EVT412454,2025-05-02 08:22:34,Cultural Procession,J011,Indiranagar 100ft Road,21617,Weekday,True,Clear,False,0.0,False,False,1.0,Severe,7.8,74.9,368.5,0.132,0.306,0.876,Festival crowd surge detected - alternate route and extended cycle recommended
EVT412455,2026-05-22 10:19:09,Local Market Day,J040,City Market,2338,Weekday,False,Rain,True,24.9,False,False,0.922,Severe,9.7,70.0,494.4,0.187,0.432,0.883,Heavy rain reducing visibility and grip - reduced speed and longer buffer advised
EVT412456,2025-11-10 15:55:47,Concert,J011,Indiranagar 100ft Road,9249,Weekday,False,Clear,False,0.0,False,False,0.539,Moderate,21.3,36.6,310.4,0.231,0.535,0.972,Moderate traffic flow - standard adaptive signal timing in effect
EVT412457,2025-10-30 19:29:12,Local Market Day,J040,City Market,5818,Weekday,False,Clear,False,0.0,False,False,0.831,Severe,10.8,60.5,246.4,0.1,0.231,0.946,Heavy congestion detected - signal timing extended and reroute suggested
EVT412458,2025-03-28 08:12:27,Local Market Day,J040,City Market,3089,Weekday,False,Clear,False,0.0,False,False,0.849,Severe,14.3,62.7,458.6,0.229,0.529,0.966,Heavy congestion detected - signal timing extended and reroute suggested
EVT412459,2026-04-18 10:44:29,Concert,J009,Majestic,5798,Weekend,False,Clear,False,0.0,False,False,0.607,High,20.9,47.5,139.4,0.091,0.209,0.972,Moderate traffic flow - standard adaptive signal timing in effect
EVT412460,2025-12-19 10:29:06,Concert,J011,Indiranagar 100ft Road,9933,Weekday,False,Clear,False,0.0,False,False,0.719,High,16.5,54.7,357.9,0.185,0.427,0.98,Moderate traffic flow - standard adaptive signal timing in effect
EVT412461,2025-06-17 18:27:49,Sports Fixture,J031,Cubbon Road,32113,Weekday,False,Clear,False,0.0,False,False,1.0,Severe,7.6,78.2,826.1,0.237,0.547,0.916,Heavy congestion detected - signal timing extended and reroute suggested
EVT412462,2025-10-02 11:13:09,Religious Festival,J030,MG Road,29289,Weekday,True,Clear,False,0.0,False,False,0.767,Severe,20.0,57.3,305.0,0.206,0.475,0.911,Festival crowd surge detected - alternate route and extended cycle recommended
EVT412463,2025-12-02 07:08:47,Sports Fixture,J011,Indiranagar 100ft Road,29095,Weekday,False,Clear,False,0.0,False,False,0.577,High,23.2,37.3,241.9,0.161,0.372,0.949,Moderate traffic flow - standard adaptive signal timing in effect
EVT412464,2025-07-17 21:38:46,Concert,J012,Koramangala Sony World,13450,Weekday,False,Heavy Rain,True,46.0,False,False,0.727,High,16.1,46.7,369.7,0.219,0.506,0.913,Heavy rain reducing visibility and grip - reduced speed and longer buffer advised
EVT412465,2025-11-13 16:58:16,Concert,J030,MG Road,6136,Weekday,False,Heavy Rain,True,41.4,False,False,1.0,Severe,9.4,76.9,369.2,0.138,0.318,0.872,Heavy rain reducing visibility and grip - reduced speed and longer buffer advised
EVT412466,2025-05-29 02:44:20,Trade Fair,J031,Cubbon Road,8494,Weekday,False,Clear,False,0.0,False,False,0.272,Low,33.4,11.0,161.3,0.138,0.318,0.952,Moderate traffic flow - standard adaptive signal timing in effect
EVT412467,2025-06-13 20:23:26,Trade Fair,J040,City Market,7301,Weekday,False,Rain,True,13.7,False,False,0.713,High,14.4,53.4,375.0,0.192,0.444,0.932,Heavy rain reducing visibility and grip - reduced speed and longer buffer advised
EVT412468,2025-10-31 14:59:13,Local Market Day,J011,Indiranagar 100ft Road,6768,Weekday,False,Rain,True,11.4,False,False,0.393,Moderate,22.1,26.2,181.6,0.119,0.274,0.92,Light rain detected - minor speed reduction advised
EVT412469,2025-07-21 16:10:26,Concert,J020,Malleshwaram Circle,10528,Weekday,False,Clear,False,0.0,False,False,0.483,Moderate,30.6,28.0,122.3,0.094,0.217,0.966,Moderate traffic flow - standard adaptive signal timing in effect
EVT412470,2025-03-13 19:32:28,Trade Fair,J009,Majestic,9494,Weekday,False,Clear,False,0.0,False,False,0.934,Severe,10.3,69.0,660.4,0.291,0.672,0.95,Heavy congestion detected - signal timing extended and reroute suggested
EVT412471,2025-01-11 08:54:49,Concert,J031,Cubbon Road,8250,Weekend,False,Clear,False,0.0,False,False,0.859,Severe,18.4,59.6,255.5,0.161,0.372,0.934,Heavy congestion detected - signal timing extended and reroute suggested
EVT412472,2026-04-23 18:10:29,Sports Fixture,J031,Cubbon Road,23575,Weekday,False,Clear,False,0.0,False,False,1.0,Severe,8.4,71.7,440.9,0.153,0.353,0.936,Heavy congestion detected - signal timing extended and reroute suggested
EVT412473,2026-04-03 14:47:27,Local Market Day,J020,Malleshwaram Circle,6936,Weekday,False,Clear,False,0.0,False,False,0.188,Low,28.1,14.3,184.8,0.129,0.299,0.971,Normal free-flow traffic - standard signal timing maintained
EVT412474,2026-06-18 08:33:56,Political Rally,J031,Cubbon Road,11666,Weekday,False,Heavy Rain,True,28.7,False,False,1.0,Severe,8.4,73.3,538.5,0.218,0.504,0.875,Heavy rain reducing visibility and grip - reduced speed and longer buffer advised
EVT412475,2026-06-26 13:45:30,Concert,J040,City Market,20015,Weekday,False,Clear,False,0.0,False,False,0.339,Low,33.3,21.5,105.6,0.076,0.175,0.972,Moderate traffic flow - standard adaptive signal timing in effect
EVT412476,2025-09-28 17:20:52,Local Market Day,J012,Koramangala Sony World,4925,Weekend,False,Clear,False,0.0,False,False,0.746,High,19.1,48.4,207.5,0.128,0.295,0.977,Moderate traffic flow - standard adaptive signal timing in effect
EVT412477,2026-02-27 19:48:36,Political Rally,J023,Basavanagudi,12707,Weekday,False,Clear,False,0.0,False,False,0.841,Severe,14.2,63.9,164.5,0.065,0.149,0.938,Heavy congestion detected - signal timing extended and reroute suggested
EVT412478,2026-05-04 08:25:45,Sports Fixture,J009,Majestic,21579,Weekday,False,Clear,False,0.0,False,False,0.969,Severe,9.5,67.6,607.4,0.221,0.511,0.906,Heavy congestion detected - signal timing extended and reroute suggested
EVT412479,2025-06-13 16:38:11,Political Rally,J023,Basavanagudi,16146,Weekday,False,Rain,True,13.8,False,False,0.844,Severe,15.7,54.2,308.0,0.17,0.392,0.896,Heavy rain reducing visibility and grip - reduced speed and longer buffer advised
EVT412480,2025-04-21 12:20:06,Sports Fixture,J011,Indiranagar 100ft Road,19136,Weekday,False,Fog,False,0.0,False,False,0.335,Low,31.2,18.7,110.7,0.093,0.216,0.942,Moderate traffic flow - standard adaptive signal timing in effect
EVT412481,2025-11-26 07:07:26,Concert,J023,Basavanagudi,13676,Weekday,False,Clear,False,0.0,False,False,0.522,Moderate,23.8,39.3,273.8,0.198,0.457,0.952,Moderate traffic flow - standard adaptive signal timing in effect
EVT412482,2025-02-10 15:01:02,Concert,J009,Majestic,17911,Weekday,False,Clear,False,0.0,False,False,0.372,Moderate,32.6,32.7,148.5,0.123,0.284,0.972,Moderate traffic flow - standard adaptive signal timing in effect
EVT412483,2026-02-08 11:43:24,Sports Fixture,J009,Majestic,26801,Weekend,False,Clear,False,0.0,False,False,0.515,Moderate,22.8,36.3,211.2,0.14,0.324,0.968,Moderate traffic flow - standard adaptive signal timing in effect
EVT412484,2026-04-26 14:57:57,Sports Fixture,J030,MG Road,15499,Weekend,False,Clear,False,0.0,False,False,0.349,Low,32.3,26.2,137.9,0.102,0.237,0.936,Moderate traffic flow - standard adaptive signal timing in effect
EVT412485,2026-05-16 21:21:02,Concert,J012,Koramangala Sony World,12561,Weekend,False,Clear,False,0.0,False,False,0.47,Moderate,28.6,39.0,153.8,0.13,0.301,0.985,Moderate traffic flow - standard adaptive signal timing in effect
EVT412486,2026-03-07 15:00:27,Political Rally,J012,Koramangala Sony World,13945,Weekend,False,Clear,False,0.0,False,False,0.344,Low,34.5,21.8,175.6,0.175,0.403,0.98,Moderate traffic flow - standard adaptive signal timing in effect
EVT412487,2025-11-13 18:55:37,Political Rally,J031,Cubbon Road,5838,Weekday,False,Rain,True,21.8,False,False,1.0,Severe,9.5,70.3,374.1,0.163,0.376,0.86,Heavy rain reducing visibility and grip - reduced speed and longer buffer advised
EVT412488,2025-02-12 13:56:26,Local Market Day,J009,Majestic,3863,Weekday,False,Clear,False,0.0,False,False,0.166,Low,31.6,11.2,83.6,0.083,0.191,0.971,Normal free-flow traffic - standard signal timing maintained
EVT412489,2025-01-30 13:10:31,Concert,J009,Majestic,10002,Weekday,False,Clear,False,0.0,False,False,0.299,Low,32.4,19.4,165.0,0.144,0.332,0.965,Moderate traffic flow - standard adaptive signal timing in effect
EVT412490,2025-01-10 12:57:56,Concert,J020,Malleshwaram Circle,10519,Weekday,False,Fog,False,0.0,False,False,0.178,Low,29.9,11.0,90.7,0.071,0.165,0.963,Normal free-flow traffic - standard signal timing maintained
EVT412491,2025-07-16 10:31:34,Local Market Day,J030,MG Road,3378,Weekday,False,Rain,True,8.1,False,False,0.691,High,19.4,44.5,117.8,0.074,0.172,0.903,Heavy rain reducing visibility and grip - reduced speed and longer buffer advised
EVT412492,2025-11-24 09:10:52,Local Market Day,J020,Malleshwaram Circle,4322,Weekday,False,Clear,False,0.0,False,False,1.0,Severe,10.2,74.0,379.3,0.159,0.367,0.917,Heavy congestion detected - signal timing extended and reroute suggested
EVT412493,2026-02-25 22:06:55,Local Market Day,J012,Koramangala Sony World,4237,Weekday,False,Clear,False,0.0,False,False,0.163,Low,32.8,3.1,160.1,0.113,0.261,0.96,Normal free-flow traffic - standard signal timing maintained
EVT412494,2025-06-11 08:40:24,Concert,J009,Majestic,9993,Weekday,False,Clear,False,0.0,False,False,1.0,Severe,10.0,75.9,374.9,0.155,0.357,0.901,Heavy congestion detected - signal timing extended and reroute suggested
EVT412495,2026-06-01 10:24:48,Concert,J009,Majestic,18964,Weekday,False,Rain,True,13.5,False,False,0.84,Severe,10.3,58.4,659.4,0.227,0.524,0.933,Heavy rain reducing visibility and grip - reduced speed and longer buffer advised
EVT412496,2025-03-31 15:50:16,Religious Festival,J012,Koramangala Sony World,78485,Weekday,True,Fog,False,0.0,False,False,1.0,Severe,8.5,76.0,674.1,0.215,0.497,0.854,Festival crowd surge detected - alternate route and extended cycle recommended
EVT412497,2026-03-16 16:14:51,Political Rally,J012,Koramangala Sony World,23988,Weekday,False,Clear,False,0.0,False,False,0.657,High,21.9,48.0,210.7,0.122,0.281,0.99,Moderate traffic flow - standard adaptive signal timing in effect
EVT412498,2026-03-13 07:53:12,Trade Fair,J011,Indiranagar 100ft Road,6825,Weekday,False,Clear,False,0.0,False,False,0.774,Severe,14.1,52.1,289.6,0.157,0.363,0.959,Heavy congestion detected - signal timing extended and reroute suggested
EVT412499,2025-12-16 14:23:36,Concert,J030,MG Road,9553,Weekday,False,Clear,False,0.0,False,False,0.257,Low,35.7,15.3,123.9,0.098,0.226,0.99,Moderate traffic flow - standard adaptive signal timing in effect
EVT412500,2026-02-09 10:59:19,Sports Fixture,J040,City Market,35772,Weekday,False,Clear,False,0.0,False,False,0.539,Moderate,25.1,41.3,201.7,0.139,0.322,0.967,Moderate traffic flow - standard adaptive signal timing in effect
EVT412501,2025-01-17 00:03:44,Sports Fixture,J031,Cubbon Road,27322,Weekday,False,Clear,False,0.0,False,False,0.282,Low,31.5,17.4,182.6,0.152,0.351,0.945,Moderate traffic flow - standard adaptive signal timing in effect
EVT412502,2025-03-31 09:50:30,Religious Festival,J031,Cubbon Road,41534,Weekday,True,Clear,False,0.0,False,True,1.0,Severe,9.5,101.7,504.5,0.183,0.423,0.823,Road closure for event/procession - full detour recommended for through-traffic
EVT412503,2026-06-11 17:46:02,Sports Fixture,J030,MG Road,25436,Weekday,False,Rain,True,23.9,False,False,1.0,Severe,8.0,74.8,626.0,0.21,0.486,0.863,Heavy rain reducing visibility and grip - reduced speed and longer buffer advised
EVT412504,2025-01-06 17:55:56,Concert,J009,Majestic,18497,Weekday,False,Clear,False,0.0,False,False,1.0,Severe,10.5,73.6,440.1,0.204,0.471,0.909,Heavy congestion detected - signal timing extended and reroute suggested
EVT412505,2025-07-15 13:14:24,Trade Fair,J011,Indiranagar 100ft Road,10068,Weekday,False,Rain,True,15.7,False,False,0.456,Moderate,20.6,36.8,198.8,0.105,0.242,0.93,Light rain detected - minor speed reduction advised
EVT412506,2025-07-16 18:15:23,Sports Fixture,J023,Basavanagudi,19655,Weekday,False,Heavy Rain,True,47.9,False,False,1.0,Severe,8.0,78.0,395.4,0.142,0.328,0.889,Heavy rain reducing visibility and grip - reduced speed and longer buffer advised
EVT412507,2026-02-06 20:28:37,Trade Fair,J012,Koramangala Sony World,11679,Weekday,False,Clear,False,0.0,False,False,0.585,High,15.7,40.7,342.9,0.171,0.395,0.965,Moderate traffic flow - standard adaptive signal timing in effect
EVT412508,2026-05-03 16:53:27,Local Market Day,J011,Indiranagar 100ft Road,2251,Weekend,False,Clear,False,0.0,False,False,0.595,High,24.9,42.7,285.6,0.21,0.485,0.953,Moderate traffic flow - standard adaptive signal timing in effect
EVT412509,2025-11-16 18:32:28,Trade Fair,J011,Indiranagar 100ft Road,6510,Weekend,False,Clear,False,0.0,False,False,0.884,Severe,13.6,58.1,457.7,0.23,0.532,0.931,Heavy congestion detected - signal timing extended and reroute suggested
EVT412510,2025-03-16 10:32:59,Local Market Day,J009,Majestic,4093,Weekend,False,Clear,False,0.0,False,False,0.605,High,26.2,41.6,252.4,0.193,0.446,0.959,Moderate traffic flow - standard adaptive signal timing in effect
EVT412511,2025-12-16 07:22:02,Trade Fair,J040,City Market,7016,Weekday,False,Clear,False,0.0,False,False,0.618,High,16.7,45.6,255.7,0.137,0.317,0.984,Moderate traffic flow - standard adaptive signal timing in effect
EVT412512,2025-07-05 17:17:43,Concert,J020,Malleshwaram Circle,13679,Weekend,False,Rain,True,23.1,False,False,1.0,Severe,8.9,72.2,653.8,0.215,0.496,0.879,Heavy rain reducing visibility and grip - reduced speed and longer buffer advised
EVT412513,2026-03-28 15:10:21,Trade Fair,J023,Basavanagudi,8731,Weekend,False,Clear,False,0.0,False,False,0.311,Low,25.7,27.2,222.5,0.149,0.344,0.971,Moderate traffic flow - standard adaptive signal timing in effect
EVT412514,2025-02-19 10:12:11,Political Rally,J020,Malleshwaram Circle,21340,Weekday,False,Clear,False,0.0,False,False,0.891,Severe,12.0,64.0,413.1,0.169,0.39,0.935,Heavy congestion detected - signal timing extended and reroute suggested
EVT412515,2025-05-24 09:25:54,Sports Fixture,J012,Koramangala Sony World,13404,Weekend,False,Clear,False,0.0,False,False,0.916,Severe,15.1,67.9,138.2,0.085,0.196,0.918,Heavy congestion detected - signal timing extended and reroute suggested
EVT412516,2025-06-03 17:26:07,Political Rally,J030,MG Road,12944,Weekday,False,Heavy Rain,True,34.7,False,False,1.0,Severe,8.8,72.6,300.9,0.131,0.303,0.865,Heavy rain reducing visibility and grip - reduced speed and longer buffer advised
EVT412517,2025-10-26 17:25:46,Trade Fair,J020,Malleshwaram Circle,10934,Weekend,False,Clear,False,0.0,False,False,0.756,Severe,13.8,51.9,292.9,0.13,0.301,0.967,Heavy congestion detected - signal timing extended and reroute suggested
EVT412518,2026-03-19 13:39:48,Religious Festival,J031,Cubbon Road,76323,Weekday,True,Clear,False,0.0,False,True,0.941,Severe,9.6,92.0,824.7,0.317,0.732,0.848,Road closure for event/procession - full detour recommended for through-traffic
EVT412519,2025-07-21 18:17:27,Sports Fixture,J012,Koramangala Sony World,25861,Weekday,False,Rain,True,9.3,False,False,1.0,Severe,9.7,70.0,577.2,0.207,0.478,0.872,Heavy rain reducing visibility and grip - reduced speed and longer buffer advised
EVT412520,2025-07-01 07:47:26,Trade Fair,J040,City Market,9054,Weekday,False,Heavy Rain,True,37.9,False,False,1.0,Severe,9.5,68.1,358.2,0.124,0.286,0.858,Heavy rain reducing visibility and grip - reduced speed and longer buffer advised
EVT412521,2025-10-31 17:04:09,Political Rally,J009,Majestic,14342,Weekday,False,Rain,True,16.0,False,False,0.958,Severe,10.1,70.3,495.3,0.209,0.482,0.873,Heavy rain reducing visibility and grip - reduced speed and longer buffer advised
EVT412522,2026-01-15 09:06:12,Religious Festival,J012,Koramangala Sony World,47356,Weekday,True,Clear,False,0.0,False,True,1.0,Severe,7.6,100.7,326.4,0.113,0.261,0.811,Road closure for event/procession - full detour recommended for through-traffic
EVT412523,2025-03-16 16:56:11,Local Market Day,J011,Indiranagar 100ft Road,3384,Weekend,False,Clear,False,0.0,False,False,0.679,High,17.6,46.7,365.3,0.217,0.501,0.939,Moderate traffic flow - standard adaptive signal timing in effect
EVT412524,2025-02-08 09:25:06,Trade Fair,J012,Koramangala Sony World,10632,Weekend,False,Clear,False,0.0,False,False,0.875,Severe,12.7,55.4,529.8,0.243,0.562,0.941,Heavy congestion detected - signal timing extended and reroute suggested
EVT412525,2025-03-09 20:59:56,Local Market Day,J023,Basavanagudi,3387,Weekend,False,Clear,False,0.0,False,False,0.443,Moderate,22.0,33.1,250.8,0.17,0.392,0.958,Moderate traffic flow - standard adaptive signal timing in effect
EVT412526,2025-05-04 11:26:28,Concert,J023,Basavanagudi,20519,Weekend,False,Light Rain,True,5.2,False,False,0.602,High,23.7,43.6,93.8,0.058,0.135,0.927,Heavy rain reducing visibility and grip - reduced speed and longer buffer advised
EVT412527,2025-07-05 19:47:41,Local Market Day,J011,Indiranagar 100ft Road,4533,Weekend,False,Clear,False,0.0,False,False,0.651,High,23.9,43.7,207.4,0.15,0.347,0.966,Moderate traffic flow - standard adaptive signal timing in effect
EVT412528,2026-01-15 13:49:53,Fireworks Display,J012,Koramangala Sony World,30161,Weekday,True,Clear,False,0.0,False,False,0.615,High,16.2,43.4,302.6,0.164,0.378,0.946,Festival crowd surge detected - alternate route and extended cycle recommended
EVT412529,2025-05-06 11:51:57,Sports Fixture,J020,Malleshwaram Circle,10978,Weekday,False,Clear,False,0.0,False,False,0.333,Low,34.1,21.0,213.3,0.181,0.418,0.973,Moderate traffic flow - standard adaptive signal timing in effect
EVT412530,2025-12-22 16:00:10,Sports Fixture,J020,Malleshwaram Circle,20664,Weekday,False,Clear,False,0.0,False,False,0.497,Moderate,21.1,31.7,208.5,0.127,0.293,0.953,Moderate traffic flow - standard adaptive signal timing in effect
EVT412531,2025-10-15 08:29:40,Sports Fixture,J031,Cubbon Road,23782,Weekday,False,Clear,False,0.0,False,False,1.0,Severe,9.9,67.9,677.7,0.28,0.646,0.908,Heavy congestion detected - signal timing extended and reroute suggested
EVT412532,2026-03-20 18:49:02,Religious Festival,J031,Cubbon Road,45201,Weekday,True,Clear,False,0.0,False,True,1.0,Severe,7.7,93.9,338.0,0.122,0.281,0.82,Road closure for event/procession - full detour recommended for through-traffic
EVT412533,2025-03-04 08:21:05,Sports Fixture,J012,Koramangala Sony World,21496,Weekday,False,Clear,False,0.0,False,False,0.989,Severe,9.6,70.1,350.5,0.131,0.303,0.913,Heavy congestion detected - signal timing extended and reroute suggested
EVT412534,2025-06-13 10:09:26,Concert,J020,Malleshwaram Circle,19355,Weekday,False,Clear,False,0.0,False,False,0.827,Severe,15.5,59.6,313.0,0.182,0.42,0.955,Heavy congestion detected - signal timing extended and reroute suggested
EVT412535,2026-02-09 08:41:08,Concert,J030,MG Road,20237,Weekday,False,Fog,False,0.0,False,False,1.0,Severe,7.9,60.5,274.4,0.103,0.239,0.896,Heavy congestion detected - signal timing extended and reroute suggested
EVT412536,2026-04-18 21:19:51,Sports Fixture,J030,MG Road,20480,Weekend,False,Clear,False,0.0,False,False,0.528,Moderate,23.5,40.5,250.4,0.178,0.412,0.954,Moderate traffic flow - standard adaptive signal timing in effect
EVT412537,2025-07-03 14:32:38,Concert,J031,Cubbon Road,14863,Weekday,False,Rain,True,21.2,False,False,0.494,Moderate,25.4,32.5,95.7,0.071,0.164,0.906,Light rain detected - minor speed reduction advised
EVT412538,2026-04-09 10:22:25,Local Market Day,J020,Malleshwaram Circle,4731,Weekday,False,Clear,False,0.0,False,False,0.655,High,22.2,49.1,217.5,0.145,0.335,0.952,Moderate traffic flow - standard adaptive signal timing in effect
EVT412539,2025-10-25 17:38:10,Political Rally,J040,City Market,14328,Weekend,False,Clear,False,0.0,False,False,0.844,Severe,18.8,62.2,202.3,0.142,0.327,0.965,Heavy congestion detected - signal timing extended and reroute suggested
EVT412540,2026-03-01 09:50:48,Trade Fair,J020,Malleshwaram Circle,6968,Weekend,False,Clear,False,0.0,False,False,0.853,Severe,13.1,58.3,727.9,0.344,0.796,0.963,Heavy congestion detected - signal timing extended and reroute suggested
EVT412541,2026-05-11 16:17:04,Concert,J012,Koramangala Sony World,10742,Weekday,False,Rain,True,14.9,False,False,0.671,High,15.2,51.9,274.2,0.15,0.346,0.924,Heavy rain reducing visibility and grip - reduced speed and longer buffer advised
EVT412542,2025-08-10 19:43:15,Concert,J011,Indiranagar 100ft Road,13091,Weekend,False,Rain,True,16.9,False,False,0.994,Severe,7.9,70.0,203.4,0.088,0.204,0.853,Heavy rain reducing visibility and grip - reduced speed and longer buffer advised
EVT412543,2026-05-29 08:26:02,Concert,J031,Cubbon Road,17411,Weekday,False,Light Rain,True,0.6,False,False,1.0,Severe,7.0,73.9,279.9,0.1,0.231,0.854,Heavy rain reducing visibility and grip - reduced speed and longer buffer advised
EVT412544,2025-07-14 18:43:17,Local Market Day,J031,Cubbon Road,2771,Weekday,False,Rain,True,22.7,False,False,1.0,Severe,8.2,79.7,425.3,0.142,0.328,0.856,Heavy rain reducing visibility and grip - reduced speed and longer buffer advised
EVT412545,2026-03-08 20:01:23,Sports Fixture,J011,Indiranagar 100ft Road,16795,Weekend,False,Clear,False,0.0,False,False,0.716,High,20.6,49.6,201.0,0.142,0.328,0.984,Moderate traffic flow - standard adaptive signal timing in effect
EVT412546,2025-03-10 07:23:59,Trade Fair,J023,Basavanagudi,6141,Weekday,False,Clear,False,0.0,False,False,0.654,High,20.4,43.7,242.1,0.157,0.364,0.958,Moderate traffic flow - standard adaptive signal timing in effect
EVT412547,2025-07-10 21:12:58,Sports Fixture,J020,Malleshwaram Circle,20310,Weekday,False,Clear,False,0.0,False,False,0.5,Moderate,21.1,30.3,359.2,0.242,0.558,0.961,Moderate traffic flow - standard adaptive signal timing in effect
EVT412548,2026-05-22 16:05:45,Local Market Day,J011,Indiranagar 100ft Road,3323,Weekday,False,Clear,False,0.0,False,False,0.369,Moderate,32.5,29.0,108.8,0.099,0.228,0.933,Moderate traffic flow - standard adaptive signal timing in effect
EVT412549,2025-07-04 07:49:15,Concert,J030,MG Road,11932,Weekday,False,Heavy Rain,True,29.9,False,False,1.0,Severe,7.7,69.6,214.4,0.071,0.164,0.861,Heavy rain reducing visibility and grip - reduced speed and longer buffer advised
EVT412550,2025-12-15 15:58:44,Local Market Day,J011,Indiranagar 100ft Road,4966,Weekday,False,Clear,False,0.0,False,False,0.403,Moderate,28.0,34.4,163.4,0.124,0.286,0.931,Moderate traffic flow - standard adaptive signal timing in effect
EVT412551,2026-04-20 06:45:49,Trade Fair,J031,Cubbon Road,4796,Weekday,False,Clear,False,0.0,False,False,0.368,Moderate,27.0,29.6,180.6,0.135,0.313,0.941,Moderate traffic flow - standard adaptive signal timing in effect
EVT412552,2025-01-12 19:14:27,Concert,J030,MG Road,7014,Weekend,False,Clear,False,0.0,False,False,0.786,Severe,20.5,58.5,172.7,0.128,0.297,0.969,Heavy congestion detected - signal timing extended and reroute suggested
EVT412553,2026-03-03 20:10:24,Sports Fixture,J040,City Market,24884,Weekday,False,Clear,False,0.0,False,False,0.783,Severe,15.7,55.6,452.0,0.239,0.553,0.983,Heavy congestion detected - signal timing extended and reroute suggested
EVT412554,2026-02-02 13:49:23,Trade Fair,J012,Koramangala Sony World,11340,Weekday,False,Clear,False,0.0,False,False,0.246,Low,37.2,16.7,130.0,0.126,0.292,0.974,Normal free-flow traffic - standard signal timing maintained
EVT412555,2025-06-06 11:46:29,Concert,J012,Koramangala Sony World,14004,Weekday,False,Heavy Rain,True,41.1,False,False,0.687,High,20.2,45.9,253.4,0.159,0.367,0.879,Heavy rain reducing visibility and grip - reduced speed and longer buffer advised
EVT412556,2026-01-11 22:50:23,Local Market Day,J012,Koramangala Sony World,3938,Weekend,False,Clear,False,0.0,False,False,0.306,Low,25.9,16.9,185.6,0.141,0.326,0.96,Moderate traffic flow - standard adaptive signal timing in effect
EVT412557,2025-12-23 20:14:55,Trade Fair,J020,Malleshwaram Circle,8209,Weekday,False,Clear,False,0.0,False,False,0.722,High,17.3,48.7,316.2,0.173,0.399,0.935,Moderate traffic flow - standard adaptive signal timing in effect
EVT412558,2026-05-07 17:44:10,Local Market Day,J012,Koramangala Sony World,6593,Weekday,False,Clear,False,0.0,False,False,0.948,Severe,12.0,73.7,631.7,0.285,0.658,0.936,Heavy congestion detected - signal timing extended and reroute suggested
EVT412559,2026-05-01 18:16:49,Cultural Procession,J012,Koramangala Sony World,27966,Weekday,True,Clear,False,0.0,False,True,1.0,Severe,7.6,94.4,948.5,0.291,0.672,0.831,Road closure for event/procession - full detour recommended for through-traffic
EVT412560,2025-12-26 06:14:40,Cultural Procession,J040,City Market,20080,Weekday,True,Clear,False,0.0,False,True,0.688,Moderate,17.6,69.9,421.0,0.209,0.482,0.884,Road closure for event/procession - full detour recommended for through-traffic
EVT412561,2026-02-20 18:47:24,Local Market Day,J030,MG Road,2449,Weekday,False,Clear,False,0.0,False,False,0.965,Severe,10.3,69.8,425.0,0.172,0.397,0.937,Heavy congestion detected - signal timing extended and reroute suggested
EVT412562,2026-03-25 13:09:14,Sports Fixture,J020,Malleshwaram Circle,17712,Weekday,False,Clear,False,0.0,False,False,0.191,Low,29.5,11.1,56.5,0.022,0.052,0.986,Normal free-flow traffic - standard signal timing maintained
EVT412563,2025-05-23 20:57:06,Sports Fixture,J023,Basavanagudi,30686,Weekday,False,Clear,False,0.0,False,False,0.618,High,19.9,42.6,327.7,0.22,0.507,0.963,Moderate traffic flow - standard adaptive signal timing in effect
EVT412564,2025-06-16 07:38:20,Sports Fixture,J031,Cubbon Road,39033,Weekday,False,Clear,False,0.0,False,False,0.872,Severe,13.0,61.2,136.2,0.08,0.185,0.922,Heavy congestion detected - signal timing extended and reroute suggested
EVT412565,2026-06-05 09:40:02,Sports Fixture,J011,Indiranagar 100ft Road,21509,Weekday,False,Light Rain,True,2.4,False,False,1.0,Severe,7.6,71.2,604.8,0.203,0.468,0.867,Heavy rain reducing visibility and grip - reduced speed and longer buffer advised
EVT412566,2025-03-25 19:41:39,Sports Fixture,J020,Malleshwaram Circle,21350,Weekday,False,Clear,False,0.0,False,False,0.835,Severe,13.7,62.9,253.5,0.151,0.349,0.953,Heavy congestion detected - signal timing extended and reroute suggested
EVT412567,2025-01-18 12:10:59,Concert,J012,Koramangala Sony World,8353,Weekend,False,Clear,False,0.0,False,False,0.3,Low,39.5,20.2,142.2,0.148,0.342,0.951,Moderate traffic flow - standard adaptive signal timing in effect
EVT412568,2025-03-08 17:47:01,Local Market Day,J030,MG Road,4786,Weekend,False,Clear,False,0.0,False,False,0.868,Severe,10.1,63.7,429.7,0.175,0.404,0.938,Heavy congestion detected - signal timing extended and reroute suggested
EVT412569,2025-06-02 12:57:57,Concert,J012,Koramangala Sony World,14587,Weekday,False,Clear,False,0.0,False,False,0.27,Low,34.9,22.1,71.6,0.036,0.083,0.941,Moderate traffic flow - standard adaptive signal timing in effect
EVT412570,2026-05-08 12:48:02,Local Market Day,J011,Indiranagar 100ft Road,3027,Weekday,False,Rain,True,12.8,False,False,0.303,Low,27.7,21.4,115.0,0.088,0.203,0.908,Light rain detected - minor speed reduction advised
EVT412571,2025-05-07 06:24:27,Sports Fixture,J031,Cubbon Road,19774,Weekday,False,Rain,True,21.4,False,False,0.574,High,19.6,39.0,93.8,0.043,0.1,0.907,Heavy rain reducing visibility and grip - reduced speed and longer buffer advised
EVT412572,2026-03-08 08:03:04,Concert,J009,Majestic,10465,Weekend,False,Clear,False,0.0,False,False,0.735,High,18.0,50.4,347.5,0.232,0.535,0.973,Moderate traffic flow - standard adaptive signal timing in effect
EVT412573,2025-03-06 10:38:13,Trade Fair,J012,Koramangala Sony World,10297,Weekday,False,Clear,False,0.0,False,False,0.551,High,24.6,35.3,212.3,0.165,0.382,0.917,Moderate traffic flow - standard adaptive signal timing in effect
EVT412574,2025-11-23 11:35:21,Sports Fixture,J031,Cubbon Road,25065,Weekend,False,Fog,False,0.0,False,False,0.425,Moderate,30.9,22.1,76.4,0.05,0.116,0.99,Moderate traffic flow - standard adaptive signal timing in effect
EVT412575,2025-04-04 13:09:20,Political Rally,J040,City Market,15498,Weekday,False,Rain,True,7.9,False,False,0.408,Moderate,28.2,28.7,199.3,0.12,0.276,0.899,Light rain detected - minor speed reduction advised
EVT412576,2025-10-03 19:40:37,Cultural Procession,J031,Cubbon Road,24162,Weekday,True,Rain,True,16.2,False,True,1.0,Severe,8.3,101.6,731.7,0.238,0.549,0.792,Road closure for event/procession - full detour recommended for through-traffic
EVT412577,2025-05-02 07:45:19,Religious Festival,J023,Basavanagudi,34980,Weekday,True,Clear,False,0.0,False,True,1.0,Severe,8.9,97.2,443.8,0.171,0.394,0.824,Road closure for event/procession - full detour recommended for through-traffic
EVT412578,2025-04-01 10:43:02,Concert,J011,Indiranagar 100ft Road,14698,Weekday,False,Clear,False,0.0,False,False,0.611,High,19.8,44.8,266.0,0.195,0.45,0.981,Moderate traffic flow - standard adaptive signal timing in effect
EVT412579,2026-03-27 16:03:44,Cultural Procession,J020,Malleshwaram Circle,14086,Weekday,True,Clear,False,0.0,False,False,0.804,Severe,16.5,60.5,292.0,0.169,0.391,0.912,Festival crowd surge detected - alternate route and extended cycle recommended
EVT412580,2026-06-23 08:57:25,Sports Fixture,J031,Cubbon Road,20215,Weekday,False,Rain,True,11.0,False,False,1.0,Severe,8.2,75.2,500.9,0.177,0.408,0.868,Heavy rain reducing visibility and grip - reduced speed and longer buffer advised
EVT412581,2026-01-26 10:23:07,Cultural Procession,J011,Indiranagar 100ft Road,11880,Weekday,True,Clear,False,0.0,True,True,1.0,Severe,7.2,96.1,1061.8,0.323,0.746,0.64,Road closure for event/procession - full detour recommended for through-traffic
EVT412582,2025-07-27 14:58:02,Concert,J012,Koramangala Sony World,10747,Weekend,False,Heavy Rain,True,44.3,False,False,0.753,Severe,16.5,56.9,471.5,0.266,0.615,0.94,Heavy rain reducing visibility and grip - reduced speed and longer buffer advised
EVT412583,2026-01-29 18:04:55,Trade Fair,J020,Malleshwaram Circle,9199,Weekday,False,Clear,False,0.0,False,False,1.0,Severe,8.0,68.7,508.1,0.167,0.385,0.912,Heavy congestion detected - signal timing extended and reroute suggested
EVT412584,2026-01-24 10:13:47,Political Rally,J012,Koramangala Sony World,13420,Weekend,False,Clear,False,0.0,False,False,0.698,High,22.1,47.5,273.0,0.187,0.433,0.945,Moderate traffic flow - standard adaptive signal timing in effect
EVT412585,2025-09-03 09:10:01,Trade Fair,J030,MG Road,3881,Weekday,False,Rain,True,11.9,False,False,1.0,Severe,7.6,75.5,717.5,0.235,0.543,0.878,Heavy rain reducing visibility and grip - reduced speed and longer buffer advised
EVT412586,2025-02-11 19:04:48,Concert,J040,City Market,10654,Weekday,False,Clear,False,0.0,False,False,1.0,Severe,7.2,68.2,894.0,0.266,0.614,0.909,Heavy congestion detected - signal timing extended and reroute suggested
EVT412587,2025-12-21 18:04:48,Trade Fair,J030,MG Road,5190,Weekend,False,Clear,False,0.0,False,False,0.834,Severe,14.1,62.1,400.6,0.208,0.48,0.932,Heavy congestion detected - signal timing extended and reroute suggested
EVT412588,2026-01-11 15:45:15,Concert,J012,Koramangala Sony World,7485,Weekend,False,Clear,False,0.0,False,False,0.36,Moderate,33.6,21.9,54.9,0.037,0.085,0.962,Moderate traffic flow - standard adaptive signal timing in effect
EVT412589,2025-11-12 11:44:07,Concert,J011,Indiranagar 100ft Road,12235,Weekday,False,Heavy Rain,True,25.3,False,False,0.526,Moderate,26.9,37.7,133.0,0.099,0.228,0.925,Light rain detected - minor speed reduction advised
EVT412590,2026-01-27 16:47:59,Cultural Procession,J030,MG Road,12985,Weekday,True,Clear,False,0.0,False,False,0.912,Severe,10.0,68.9,481.9,0.192,0.444,0.858,Festival crowd surge detected - alternate route and extended cycle recommended
EVT412591,2025-12-18 21:21:20,Sports Fixture,J020,Malleshwaram Circle,18920,Weekday,False,Clear,False,0.0,False,False,0.451,Moderate,25.3,30.6,224.1,0.148,0.342,0.977,Moderate traffic flow - standard adaptive signal timing in effect
EVT412592,2026-03-09 17:27:35,Concert,J023,Basavanagudi,14231,Weekday,False,Light Rain,True,4.6,False,False,0.964,Severe,9.1,66.4,444.3,0.191,0.442,0.853,Heavy rain reducing visibility and grip - reduced speed and longer buffer advised
EVT412593,2025-02-17 16:34:39,Local Market Day,J020,Malleshwaram Circle,5493,Weekday,False,Clear,False,0.0,False,False,0.551,High,27.1,41.4,334.0,0.258,0.595,0.984,Moderate traffic flow - standard adaptive signal timing in effect
EVT412594,2025-12-12 05:00:47,Local Market Day,J030,MG Road,3821,Weekday,False,Clear,False,0.0,False,False,0.169,Low,35.8,12.0,130.7,0.119,0.275,0.965,Normal free-flow traffic - standard signal timing maintained
EVT412595,2026-06-11 23:36:40,Trade Fair,J012,Koramangala Sony World,4670,Weekday,False,Clear,False,0.0,False,False,0.129,Low,30.5,11.7,140.6,0.083,0.191,0.954,Normal free-flow traffic - standard signal timing maintained
EVT412596,2026-01-10 17:19:39,Concert,J031,Cubbon Road,16048,Weekend,False,Clear,False,0.0,False,False,0.803,Severe,10.5,59.5,380.4,0.168,0.389,0.937,Heavy congestion detected - signal timing extended and reroute suggested
EVT412597,2025-03-10 11:50:04,Political Rally,J012,Koramangala Sony World,27663,Weekday,False,Clear,False,0.0,False,False,0.39,Moderate,31.9,28.1,188.1,0.156,0.361,0.99,Moderate traffic flow - standard adaptive signal timing in effect
EVT412598,2025-10-22 08:18:56,Religious Festival,J023,Basavanagudi,38434,Weekday,True,Rain,True,14.6,False,True,1.0,Severe,8.4,106.0,455.2,0.157,0.363,0.776,Road closure for event/procession - full detour recommended for through-traffic
EVT412599,2026-04-17 22:49:44,Trade Fair,J023,Basavanagudi,10308,Weekday,False,Clear,False,0.0,False,False,0.286,Low,30.5,20.4,235.1,0.192,0.442,0.94,Moderate traffic flow - standard adaptive signal timing in effect
EVT412600,2026-05-02 07:10:20,Fireworks Display,J040,City Market,23241,Weekend,True,Rain,True,12.1,False,False,0.937,Severe,10.4,67.9,592.9,0.218,0.504,0.799,Festival crowd surge detected - alternate route and extended cycle recommended
EVT412601,2025-07-20 21:08:40,Trade Fair,J020,Malleshwaram Circle,9410,Weekend,False,Rain,True,9.3,False,False,0.617,High,21.0,41.6,252.1,0.151,0.35,0.896,Heavy rain reducing visibility and grip - reduced speed and longer buffer advised
EVT412602,2026-06-03 11:43:51,Local Market Day,J009,Majestic,4037,Weekday,False,Clear,False,0.0,False,False,0.286,Low,25.5,20.5,147.7,0.088,0.203,0.963,Moderate traffic flow - standard adaptive signal timing in effect
EVT412603,2025-01-03 18:53:43,Political Rally,J012,Koramangala Sony World,17083,Weekday,False,Clear,False,0.0,False,False,1.0,Severe,8.6,69.6,539.1,0.183,0.423,0.923,Heavy congestion detected - signal timing extended and reroute suggested
EVT412604,2025-10-06 19:28:45,Sports Fixture,J009,Majestic,11680,Weekday,False,Clear,False,0.0,False,False,0.893,Severe,11.7,67.7,294.4,0.135,0.312,0.95,Heavy congestion detected - signal timing extended and reroute suggested
EVT412605,2025-03-24 13:09:10,Concert,J020,Malleshwaram Circle,12019,Weekday,False,Light Rain,True,1.7,False,False,0.248,Low,28.9,21.3,88.4,0.074,0.17,0.896,Light rain detected - minor speed reduction advised
EVT412606,2025-12-01 11:51:10,Trade Fair,J009,Majestic,5718,Weekday,False,Clear,False,0.0,False,False,0.285,Low,31.4,20.0,130.6,0.11,0.255,0.962,Moderate traffic flow - standard adaptive signal timing in effect
EVT412607,2025-03-19 17:39:30,Concert,J011,Indiranagar 100ft Road,13611,Weekday,False,Clear,False,0.0,False,False,0.928,Severe,11.2,68.0,420.4,0.191,0.442,0.946,Heavy congestion detected - signal timing extended and reroute suggested
EVT412608,2025-04-06 14:41:39,Fireworks Display,J009,Majestic,27097,Weekend,True,Clear,False,0.0,False,False,0.564,High,20.4,37.3,180.3,0.114,0.264,0.906,Festival crowd surge detected - alternate route and extended cycle recommended
EVT412609,2025-05-27 16:52:00,Concert,J011,Indiranagar 100ft Road,7252,Weekday,False,Rain,True,21.9,True,False,1.0,Severe,6.9,72.1,728.0,0.194,0.448,0.698,Accident detected nearby - reroute and reduced speed advised
EVT412610,2025-12-28 10:54:37,Sports Fixture,J012,Koramangala Sony World,22254,Weekend,False,Clear,False,0.0,False,False,0.549,Moderate,21.2,38.3,164.5,0.124,0.286,0.959,Moderate traffic flow - standard adaptive signal timing in effect
EVT412611,2026-06-20 09:04:22,Local Market Day,J023,Basavanagudi,3538,Weekend,False,Clear,False,0.0,False,False,0.877,Severe,13.2,62.7,378.0,0.166,0.383,0.982,Heavy congestion detected - signal timing extended and reroute suggested
EVT412612,2025-12-19 17:22:29,Concert,J020,Malleshwaram Circle,18642,Weekday,False,Clear,False,0.0,False,False,0.865,Severe,11.6,61.7,472.1,0.211,0.487,0.958,Heavy congestion detected - signal timing extended and reroute suggested
EVT412613,2026-05-26 14:34:08,Concert,J023,Basavanagudi,8799,Weekday,False,Rain,True,8.8,False,False,0.426,Moderate,24.7,36.1,241.1,0.16,0.369,0.916,Light rain detected - minor speed reduction advised
EVT412614,2025-09-24 13:45:49,Trade Fair,J040,City Market,14891,Weekday,False,Clear,False,0.0,False,False,0.276,Low,31.4,23.4,148.9,0.126,0.29,0.956,Moderate traffic flow - standard adaptive signal timing in effect
EVT412615,2025-05-05 10:33:29,Concert,J009,Majestic,14471,Weekday,False,Clear,False,0.0,False,False,0.603,High,23.5,38.0,267.5,0.179,0.413,0.964,Moderate traffic flow - standard adaptive signal timing in effect
EVT412616,2025-08-17 18:54:53,Local Market Day,J030,MG Road,5458,Weekend,False,Rain,True,17.1,False,False,0.993,Severe,9.3,68.1,579.7,0.208,0.481,0.848,Heavy rain reducing visibility and grip - reduced speed and longer buffer advised
EVT412617,2025-10-07 15:21:15,Local Market Day,J023,Basavanagudi,3857,Weekday,False,Clear,False,0.0,False,False,0.292,Low,27.1,16.7,95.1,0.067,0.154,0.988,Moderate traffic flow - standard adaptive signal timing in effect
EVT412618,2025-05-29 19:23:12,Trade Fair,J020,Malleshwaram Circle,8487,Weekday,False,Clear,False,0.0,False,False,1.0,Severe,8.4,65.3,887.3,0.275,0.636,0.939,Heavy congestion detected - signal timing extended and reroute suggested
EVT412619,2026-05-14 07:08:21,Trade Fair,J031,Cubbon Road,7360,Weekday,False,Clear,False,0.0,False,False,0.501,Moderate,26.8,35.3,211.0,0.188,0.433,0.982,Moderate traffic flow - standard adaptive signal timing in effect
EVT412620,2025-08-22 07:28:16,Political Rally,J012,Koramangala Sony World,25027,Weekday,False,Clear,False,0.0,False,False,0.718,High,16.8,55.0,470.1,0.281,0.649,0.959,Moderate traffic flow - standard adaptive signal timing in effect
EVT412621,2025-04-27 08:42:15,Political Rally,J031,Cubbon Road,14673,Weekend,False,Clear,False,0.0,False,False,0.906,Severe,14.8,58.1,290.5,0.147,0.34,0.92,Heavy congestion detected - signal timing extended and reroute suggested
EVT412622,2026-04-01 08:55:47,Political Rally,J020,Malleshwaram Circle,13064,Weekday,False,Clear,False,0.0,False,False,1.0,Severe,10.1,73.7,179.0,0.085,0.195,0.909,Heavy congestion detected - signal timing extended and reroute suggested
EVT412623,2025-07-05 05:06:11,Trade Fair,J023,Basavanagudi,10086,Weekend,False,Clear,False,0.0,False,False,0.341,Low,32.3,27.1,202.3,0.206,0.477,0.95,Moderate traffic flow - standard adaptive signal timing in effect
EVT412624,2026-05-26 17:23:11,Sports Fixture,J023,Basavanagudi,33065,Weekday,False,Clear,False,0.0,False,False,0.986,Severe,7.6,76.0,913.9,0.268,0.619,0.906,Heavy congestion detected - signal timing extended and reroute suggested
EVT412625,2026-02-01 19:18:01,Local Market Day,J020,Malleshwaram Circle,5943,Weekend,False,Light Rain,True,4.1,False,False,0.86,Severe,12.6,63.2,396.4,0.216,0.498,0.892,Heavy rain reducing visibility and grip - reduced speed and longer buffer advised
EVT412626,2025-06-01 22:57:30,Concert,J040,City Market,10687,Weekend,False,Clear,False,0.0,False,False,0.343,Low,32.7,25.7,78.9,0.068,0.157,0.967,Moderate traffic flow - standard adaptive signal timing in effect
EVT412627,2025-04-09 18:12:12,Sports Fixture,J040,City Market,23185,Weekday,False,Rain,True,14.1,False,False,1.0,Severe,10.0,66.0,515.1,0.224,0.517,0.873,Heavy rain reducing visibility and grip - reduced speed and longer buffer advised
EVT412628,2026-05-10 14:15:33,Sports Fixture,J031,Cubbon Road,38390,Weekend,False,Clear,False,0.0,False,False,0.404,Moderate,23.3,32.3,226.1,0.138,0.319,0.957,Moderate traffic flow - standard adaptive signal timing in effect
EVT412629,2026-02-21 14:06:43,Sports Fixture,J009,Majestic,22963,Weekend,False,Clear,False,0.0,False,False,0.344,Low,31.1,26.5,114.7,0.098,0.226,0.982,Moderate traffic flow - standard adaptive signal timing in effect
EVT412630,2025-04-17 17:59:37,Political Rally,J031,Cubbon Road,16616,Weekday,False,Clear,False,0.0,False,False,0.995,Severe,8.5,71.7,671.2,0.234,0.539,0.929,Heavy congestion detected - signal timing extended and reroute suggested
EVT412631,2026-01-18 18:17:46,Local Market Day,J031,Cubbon Road,2558,Weekend,False,Clear,False,0.0,False,False,0.786,Severe,11.9,61.9,313.4,0.159,0.367,0.963,Heavy congestion detected - signal timing extended and reroute suggested
EVT412632,2025-06-14 19:58:15,Concert,J040,City Market,10424,Weekend,False,Clear,False,0.0,False,False,0.758,Severe,17.5,51.5,265.7,0.168,0.389,0.968,Heavy congestion detected - signal timing extended and reroute suggested
EVT412633,2025-04-29 07:35:51,Sports Fixture,J009,Majestic,24150,Weekday,False,Clear,False,0.0,False,False,0.75,Severe,17.0,53.8,174.6,0.1,0.23,0.953,Heavy congestion detected - signal timing extended and reroute suggested
EVT412634,2025-06-28 17:22:17,Trade Fair,J023,Basavanagudi,14331,Weekend,False,Clear,False,0.0,False,False,0.795,Severe,18.5,58.2,178.3,0.111,0.257,0.96,Heavy congestion detected - signal timing extended and reroute suggested
EVT412635,2025-04-17 14:32:07,Political Rally,J012,Koramangala Sony World,15552,Weekday,False,Clear,False,0.0,False,False,0.323,Low,26.5,21.6,197.9,0.134,0.309,0.982,Moderate traffic flow - standard adaptive signal timing in effect
EVT412636,2026-04-09 14:55:21,Sports Fixture,J023,Basavanagudi,22821,Weekday,False,Clear,False,0.0,False,False,0.261,Low,30.6,20.5,109.8,0.084,0.193,0.989,Moderate traffic flow - standard adaptive signal timing in effect
EVT412637,2025-05-31 07:24:52,Sports Fixture,J011,Indiranagar 100ft Road,24047,Weekend,False,Clear,False,0.0,False,False,0.729,High,19.9,50.7,214.3,0.123,0.284,0.97,Moderate traffic flow - standard adaptive signal timing in effect
EVT412638,2025-01-31 12:39:44,Local Market Day,J023,Basavanagudi,6121,Weekday,False,Clear,False,0.0,False,False,0.193,Low,24.9,13.1,165.8,0.095,0.219,0.967,Normal free-flow traffic - standard signal timing maintained
EVT412639,2026-02-20 07:16:25,Concert,J023,Basavanagudi,12894,Weekday,False,Clear,False,0.0,True,False,0.957,Severe,10.8,67.1,335.9,0.145,0.335,0.777,Accident detected nearby - reroute and reduced speed advised
EVT412640,2026-03-29 06:43:19,Political Rally,J031,Cubbon Road,12964,Weekend,False,Clear,False,0.0,False,False,0.36,Moderate,38.8,27.5,180.5,0.173,0.399,0.954,Moderate traffic flow - standard adaptive signal timing in effect
EVT412641,2025-09-01 17:52:36,Concert,J012,Koramangala Sony World,20838,Weekday,False,Fog,False,0.0,False,False,1.0,Severe,10.1,69.4,491.5,0.214,0.494,0.925,Heavy congestion detected - signal timing extended and reroute suggested
EVT412642,2025-05-11 09:07:21,Sports Fixture,J011,Indiranagar 100ft Road,29835,Weekend,False,Clear,False,0.0,False,False,0.929,Severe,11.4,64.2,150.3,0.065,0.15,0.928,Heavy congestion detected - signal timing extended and reroute suggested
EVT412643,2026-06-07 17:34:35,Sports Fixture,J040,City Market,21885,Weekend,False,Clear,False,0.0,False,False,0.754,Severe,20.1,52.4,269.8,0.195,0.451,0.99,Heavy congestion detected - signal timing extended and reroute suggested
EVT412644,2025-01-17 20:34:36,Sports Fixture,J020,Malleshwaram Circle,30681,Weekday,False,Clear,False,0.0,False,False,0.579,High,17.5,31.6,368.4,0.212,0.49,0.923,Moderate traffic flow - standard adaptive signal timing in effect
EVT412645,2025-07-28 18:55:20,Local Market Day,J020,Malleshwaram Circle,4029,Weekday,False,Heavy Rain,True,48.7,False,False,1.0,Severe,10.1,68.9,581.2,0.208,0.481,0.855,Heavy rain reducing visibility and grip - reduced speed and longer buffer advised
EVT412646,2025-02-23 09:10:27,Local Market Day,J031,Cubbon Road,5354,Weekend,False,Clear,False,0.0,False,False,0.857,Severe,11.2,59.7,713.8,0.316,0.731,0.94,Heavy congestion detected - signal timing extended and reroute suggested
EVT412647,2025-01-08 19:02:54,Political Rally,J011,Indiranagar 100ft Road,11656,Weekday,False,Clear,False,0.0,False,False,1.0,Severe,8.2,71.6,524.5,0.166,0.384,0.921,Heavy congestion detected - signal timing extended and reroute suggested
EVT412648,2025-07-01 20:22:42,Local Market Day,J011,Indiranagar 100ft Road,9177,Weekday,False,Heavy Rain,True,26.9,False,False,0.951,Severe,11.9,71.5,516.8,0.227,0.524,0.866,Heavy rain reducing visibility and grip - reduced speed and longer buffer advised
EVT412649,2025-06-28 11:58:21,Sports Fixture,J040,City Market,47099,Weekend,False,Clear,False,0.0,False,False,0.544,Moderate,22.9,36.2,189.7,0.128,0.297,0.962,Moderate traffic flow - standard adaptive signal timing in effect
EVT412650,2025-12-03 21:32:26,Local Market Day,J030,MG Road,4565,Weekday,False,Clear,False,0.0,False,False,0.341,Low,30.0,27.9,185.8,0.159,0.368,0.955,Moderate traffic flow - standard adaptive signal timing in effect
EVT412651,2025-05-09 20:48:58,Political Rally,J040,City Market,15588,Weekday,False,Rain,True,7.6,False,False,0.573,High,25.7,36.0,202.3,0.155,0.357,0.938,Heavy rain reducing visibility and grip - reduced speed and longer buffer advised
EVT412652,2025-08-23 10:43:46,Trade Fair,J031,Cubbon Road,5461,Weekend,False,Clear,False,0.0,False,False,0.502,Moderate,24.4,35.9,146.8,0.103,0.239,0.965,Moderate traffic flow - standard adaptive signal timing in effect
EVT412653,2025-09-07 09:45:46,Concert,J040,City Market,11210,Weekend,False,Rain,True,15.1,False,False,0.97,Severe,7.1,78.1,484.4,0.137,0.316,0.906,Heavy rain reducing visibility and grip - reduced speed and longer buffer advised
EVT412654,2025-06-15 07:41:20,Sports Fixture,J030,MG Road,19138,Weekend,False,Clear,False,0.0,False,False,0.744,High,20.5,52.0,227.7,0.142,0.328,0.945,Moderate traffic flow - standard adaptive signal timing in effect
EVT412655,2025-01-28 16:27:46,Trade Fair,J030,MG Road,6803,Weekday,False,Clear,False,0.0,False,False,0.582,High,18.5,39.9,164.2,0.09,0.207,0.957,Moderate traffic flow - standard adaptive signal timing in effect
EVT412656,2025-02-19 18:39:14,Sports Fixture,J031,Cubbon Road,12806,Weekday,False,Light Rain,True,5.4,False,False,1.0,Severe,7.1,69.6,826.3,0.25,0.578,0.874,Heavy rain reducing visibility and grip - reduced speed and longer buffer advised
EVT412657,2026-03-23 08:37:24,Trade Fair,J011,Indiranagar 100ft Road,10016,Weekday,False,Clear,False,0.0,False,False,0.987,Severe,9.3,73.1,498.8,0.187,0.433,0.921,Heavy congestion detected - signal timing extended and reroute suggested
EVT412658,2026-01-18 08:08:30,Concert,J023,Basavanagudi,16336,Weekend,False,Clear,False,0.0,False,False,0.846,Severe,9.9,61.3,360.3,0.149,0.345,0.933,Heavy congestion detected - signal timing extended and reroute suggested
EVT412659,2025-03-26 17:03:17,Sports Fixture,J020,Malleshwaram Circle,21050,Weekday,False,Clear,False,0.0,False,False,0.828,Severe,12.8,57.7,437.7,0.187,0.432,0.97,Heavy congestion detected - signal timing extended and reroute suggested
EVT412660,2025-04-28 07:44:54,Sports Fixture,J023,Basavanagudi,24224,Weekday,False,Clear,False,0.0,False,False,0.857,Severe,12.7,57.9,523.7,0.249,0.574,0.933,Heavy congestion detected - signal timing extended and reroute suggested
EVT412661,2025-05-19 08:55:27,Concert,J040,City Market,9537,Weekday,False,Clear,False,0.0,False,False,1.0,Severe,8.2,67.0,503.3,0.162,0.373,0.926,Heavy congestion detected - signal timing extended and reroute suggested
EVT412662,2025-04-19 12:17:16,Trade Fair,J040,City Market,11384,Weekend,False,Clear,False,0.0,False,False,0.347,Low,30.8,27.9,158.2,0.149,0.343,0.955,Moderate traffic flow - standard adaptive signal timing in effect
EVT412663,2025-09-30 13:13:27,Concert,J040,City Market,14601,Weekday,False,Clear,False,0.0,False,False,0.279,Low,32.7,27.2,165.5,0.133,0.307,0.967,Moderate traffic flow - standard adaptive signal timing in effect
EVT412664,2026-02-09 21:18:27,Local Market Day,J040,City Market,10059,Weekday,False,Clear,False,0.0,False,False,0.394,Moderate,35.9,27.8,175.0,0.16,0.371,0.916,Moderate traffic flow - standard adaptive signal timing in effect
EVT412665,2025-09-09 18:06:38,Concert,J031,Cubbon Road,15478,Weekday,False,Clear,False,0.0,False,False,1.0,Severe,9.2,74.3,497.3,0.194,0.447,0.921,Heavy congestion detected - signal timing extended and reroute suggested
EVT412666,2026-04-16 16:43:00,Local Market Day,J040,City Market,4139,Weekday,False,Clear,False,0.0,False,False,0.622,High,19.4,40.8,166.4,0.099,0.229,0.99,Moderate traffic flow - standard adaptive signal timing in effect
EVT412667,2026-06-17 15:02:27,Sports Fixture,J023,Basavanagudi,16622,Weekday,False,Heavy Rain,True,25.4,False,False,0.554,High,23.2,38.2,191.9,0.129,0.298,0.931,Heavy rain reducing visibility and grip - reduced speed and longer buffer advised
EVT412668,2025-07-29 09:16:48,Political Rally,J020,Malleshwaram Circle,12142,Weekday,False,Rain,True,15.1,False,False,1.0,Severe,9.0,68.8,547.6,0.187,0.432,0.88,Heavy rain reducing visibility and grip - reduced speed and longer buffer advised
EVT412669,2025-09-08 15:39:39,Political Rally,J023,Basavanagudi,17156,Weekday,False,Clear,False,0.0,False,False,0.427,Moderate,29.4,31.2,198.6,0.181,0.417,0.953,Moderate traffic flow - standard adaptive signal timing in effect
EVT412670,2025-07-24 17:40:12,Trade Fair,J009,Majestic,6325,Weekday,False,Heavy Rain,True,41.0,False,False,1.0,Severe,8.7,70.3,676.2,0.254,0.587,0.844,Heavy rain reducing visibility and grip - reduced speed and longer buffer advised
EVT412671,2025-10-28 09:00:30,Sports Fixture,J020,Malleshwaram Circle,17559,Weekday,False,Rain,True,11.7,False,False,1.0,Severe,7.3,73.3,516.5,0.147,0.339,0.857,Heavy rain reducing visibility and grip - reduced speed and longer buffer advised
EVT412672,2025-08-05 13:17:42,Local Market Day,J030,MG Road,6246,Weekday,False,Rain,True,15.1,False,False,0.305,Low,30.6,16.1,160.5,0.15,0.346,0.941,Light rain detected - minor speed reduction advised
EVT412673,2025-02-19 22:35:09,Sports Fixture,J009,Majestic,14284,Weekday,False,Clear,False,0.0,False,False,0.244,Low,32.4,19.9,166.1,0.133,0.306,0.961,Normal free-flow traffic - standard signal timing maintained
EVT412674,2025-07-16 11:20:25,Concert,J031,Cubbon Road,10019,Weekday,False,Clear,False,0.0,False,False,0.403,Moderate,23.6,33.5,127.1,0.092,0.212,0.972,Moderate traffic flow - standard adaptive signal timing in effect
EVT412675,2026-01-23 18:48:44,Concert,J012,Koramangala Sony World,20990,Weekday,False,Clear,False,0.0,False,False,1.0,Severe,8.0,73.4,1117.6,0.361,0.833,0.903,Heavy congestion detected - signal timing extended and reroute suggested
EVT412676,2026-05-08 17:30:59,Concert,J040,City Market,12239,Weekday,False,Clear,False,0.0,False,False,0.868,Severe,9.6,69.7,710.0,0.275,0.635,0.953,Heavy congestion detected - signal timing extended and reroute suggested
EVT412677,2025-07-12 14:59:06,Sports Fixture,J011,Indiranagar 100ft Road,20160,Weekend,False,Clear,False,0.0,False,False,0.466,Moderate,21.6,30.4,204.7,0.14,0.323,0.967,Moderate traffic flow - standard adaptive signal timing in effect
EVT412678,2025-05-15 06:31:40,Concert,J012,Koramangala Sony World,23722,Weekday,False,Clear,False,0.0,False,False,0.444,Moderate,29.6,30.6,201.3,0.166,0.384,0.965,Moderate traffic flow - standard adaptive signal timing in effect
EVT412679,2025-11-25 05:49:15,Concert,J040,City Market,21662,Weekday,False,Fog,False,0.0,False,False,0.376,Moderate,29.4,25.0,122.6,0.105,0.243,0.969,Moderate traffic flow - standard adaptive signal timing in effect
EVT412680,2025-07-29 19:46:57,Local Market Day,J012,Koramangala Sony World,9089,Weekday,False,Clear,False,0.0,False,False,0.808,Severe,12.6,63.0,357.9,0.166,0.383,0.958,Heavy congestion detected - signal timing extended and reroute suggested
EVT412681,2025-11-30 22:59:52,Trade Fair,J009,Majestic,8450,Weekend,False,Clear,False,0.0,False,False,0.305,Low,24.5,23.1,216.1,0.137,0.316,0.969,Moderate traffic flow - standard adaptive signal timing in effect
EVT412682,2025-07-14 13:14:14,Sports Fixture,J020,Malleshwaram Circle,20681,Weekday,False,Clear,False,0.0,True,False,0.703,High,20.3,50.5,266.3,0.17,0.393,0.799,Accident detected nearby - reroute and reduced speed advised
EVT412683,2025-02-26 18:58:23,Sports Fixture,J031,Cubbon Road,19289,Weekday,False,Clear,False,0.0,False,False,1.0,Severe,7.4,77.0,805.6,0.28,0.646,0.928,Heavy congestion detected - signal timing extended and reroute suggested
EVT412684,2025-06-06 10:27:02,Concert,J020,Malleshwaram Circle,16773,Weekday,False,Clear,False,0.0,False,False,0.729,High,12.4,44.0,394.2,0.163,0.376,0.989,Moderate traffic flow - standard adaptive signal timing in effect
EVT412685,2025-01-25 13:23:45,Local Market Day,J031,Cubbon Road,2210,Weekend,False,Clear,False,0.0,False,False,0.249,Low,32.1,14.9,134.7,0.108,0.25,0.99,Normal free-flow traffic - standard signal timing maintained
EVT412686,2025-02-02 20:17:51,Sports Fixture,J031,Cubbon Road,29509,Weekend,False,Clear,False,0.0,False,False,0.744,High,21.3,49.5,332.4,0.223,0.516,0.963,Moderate traffic flow - standard adaptive signal timing in effect
EVT412687,2026-05-24 11:18:34,Local Market Day,J020,Malleshwaram Circle,3366,Weekend,False,Clear,False,0.0,False,False,0.457,Moderate,18.2,25.9,237.8,0.134,0.309,0.99,Moderate traffic flow - standard adaptive signal timing in effect
EVT412688,2025-01-18 12:32:07,Local Market Day,J040,City Market,6427,Weekend,False,Clear,False,0.0,False,False,0.262,Low,28.2,19.5,140.8,0.105,0.243,0.957,Moderate traffic flow - standard adaptive signal timing in effect
EVT412689,2025-09-11 15:06:15,Concert,J011,Indiranagar 100ft Road,15132,Weekday,False,Rain,True,11.0,False,False,0.524,Moderate,25.0,39.3,83.8,0.038,0.088,0.921,Light rain detected - minor speed reduction advised
EVT412690,2026-02-20 08:51:35,Local Market Day,J031,Cubbon Road,4070,Weekday,False,Clear,False,0.0,False,False,0.947,Severe,12.2,70.4,427.7,0.195,0.449,0.915,Heavy congestion detected - signal timing extended and reroute suggested
EVT412691,2025-03-12 17:47:13,Trade Fair,J031,Cubbon Road,7322,Weekday,False,Clear,False,0.0,False,False,0.957,Severe,10.0,62.1,427.8,0.176,0.407,0.938,Heavy congestion detected - signal timing extended and reroute suggested
EVT412692,2026-04-16 19:21:40,Sports Fixture,J020,Malleshwaram Circle,15745,Weekday,False,Clear,False,0.0,False,False,1.0,Severe,8.1,71.6,377.4,0.136,0.314,0.921,Heavy congestion detected - signal timing extended and reroute suggested
EVT412693,2025-07-22 13:01:17,Sports Fixture,J011,Indiranagar 100ft Road,23265,Weekday,False,Clear,False,0.0,False,False,0.325,Low,33.8,26.0,245.4,0.225,0.519,0.944,Moderate traffic flow - standard adaptive signal timing in effect
EVT412694,2026-01-08 22:32:00,Trade Fair,J030,MG Road,8379,Weekday,False,Clear,False,0.0,False,False,0.291,Low,32.1,20.1,247.4,0.219,0.505,0.986,Moderate traffic flow - standard adaptive signal timing in effect
EVT412695,2025-03-29 07:23:10,Concert,J009,Majestic,12390,Weekend,False,Clear,False,0.0,False,False,0.627,High,17.2,53.7,261.7,0.146,0.338,0.943,Moderate traffic flow - standard adaptive signal timing in effect
EVT412696,2026-06-15 12:14:37,Political Rally,J020,Malleshwaram Circle,12754,Weekday,False,Rain,True,13.9,False,False,0.389,Moderate,28.0,29.7,121.9,0.085,0.197,0.925,Light rain detected - minor speed reduction advised
EVT412697,2025-10-28 10:14:37,Local Market Day,J040,City Market,4000,Weekday,False,Clear,False,0.0,False,False,0.63,High,19.5,49.0,270.1,0.154,0.355,0.936,Moderate traffic flow - standard adaptive signal timing in effect
EVT412698,2025-06-18 09:29:09,Local Market Day,J020,Malleshwaram Circle,5111,Weekday,False,Clear,False,0.0,False,False,1.0,Severe,7.2,68.5,663.3,0.206,0.477,0.92,Heavy congestion detected - signal timing extended and reroute suggested
EVT412699,2026-06-06 09:11:07,Sports Fixture,J009,Majestic,19579,Weekend,False,Clear,False,0.0,False,False,0.971,Severe,7.6,66.4,536.2,0.165,0.382,0.93,Heavy congestion detected - signal timing extended and reroute suggested
EVT412700,2026-01-02 08:58:22,Fireworks Display,J011,Indiranagar 100ft Road,27756,Weekday,True,Clear,False,0.0,False,False,1.0,Severe,9.1,73.0,430.4,0.171,0.396,0.869,Festival crowd surge detected - alternate route and extended cycle recommended
EVT412701,2025-08-03 20:10:05,Local Market Day,J030,MG Road,6259,Weekend,False,Clear,False,0.0,False,False,0.609,High,20.9,43.1,143.0,0.114,0.263,0.941,Moderate traffic flow - standard adaptive signal timing in effect
EVT412702,2026-05-17 16:33:01,Sports Fixture,J030,MG Road,19152,Weekend,False,Clear,False,0.0,False,False,0.666,High,23.0,44.2,227.1,0.157,0.364,0.976,Moderate traffic flow - standard adaptive signal timing in effect
EVT412703,2026-05-13 08:57:03,Local Market Day,J009,Majestic,2884,Weekday,False,Clear,False,0.0,False,False,1.0,Severe,7.7,73.5,803.5,0.271,0.626,0.927,Heavy congestion detected - signal timing extended and reroute suggested
EVT412704,2025-11-29 13:52:53,Local Market Day,J012,Koramangala Sony World,3295,Weekend,False,Clear,False,0.0,False,False,0.215,Low,36.7,18.5,155.4,0.143,0.33,0.964,Normal free-flow traffic - standard signal timing maintained
EVT412705,2026-02-26 16:19:39,Trade Fair,J009,Majestic,7190,Weekday,False,Clear,False,0.0,False,False,0.528,Moderate,18.6,34.0,341.1,0.202,0.467,0.99,Moderate traffic flow - standard adaptive signal timing in effect
EVT412706,2026-06-21 16:36:30,Local Market Day,J031,Cubbon Road,3607,Weekend,False,Clear,False,0.0,False,False,0.626,High,20.4,42.0,172.4,0.098,0.227,0.964,Moderate traffic flow - standard adaptive signal timing in effect
EVT412707,2025-12-10 12:37:24,Trade Fair,J011,Indiranagar 100ft Road,6708,Weekday,False,Clear,False,0.0,False,False,0.232,Low,32.8,23.4,213.2,0.178,0.41,0.95,Normal free-flow traffic - standard signal timing maintained
EVT412708,2026-01-28 14:40:14,Sports Fixture,J012,Koramangala Sony World,13429,Weekday,False,Clear,False,0.0,False,False,0.335,Low,33.6,21.8,140.5,0.136,0.315,0.964,Moderate traffic flow - standard adaptive signal timing in effect
EVT412709,2025-08-23 17:08:28,Sports Fixture,J012,Koramangala Sony World,36156,Weekend,False,Light Rain,True,2.5,False,False,0.881,Severe,11.0,67.4,342.2,0.128,0.296,0.866,Heavy rain reducing visibility and grip - reduced speed and longer buffer advised
EVT412710,2025-12-25 17:45:18,Cultural Procession,J031,Cubbon Road,23496,Weekday,True,Clear,False,0.0,False,False,1.0,Severe,9.5,71.2,435.1,0.152,0.351,0.873,Festival crowd surge detected - alternate route and extended cycle recommended
EVT412711,2026-01-11 11:53:15,Local Market Day,J031,Cubbon Road,5252,Weekend,False,Clear,False,0.0,False,False,0.361,Moderate,32.6,27.3,91.6,0.09,0.208,0.977,Moderate traffic flow - standard adaptive signal timing in effect
EVT412712,2025-12-24 13:00:25,Local Market Day,J023,Basavanagudi,5712,Weekday,False,Clear,False,0.0,False,False,0.172,Low,21.6,4.5,242.3,0.136,0.315,0.94,Normal free-flow traffic - standard signal timing maintained
EVT412713,2025-05-10 09:58:06,Sports Fixture,J020,Malleshwaram Circle,34103,Weekend,False,Fog,False,0.0,False,False,0.909,Severe,10.5,65.3,598.7,0.231,0.534,0.926,Heavy congestion detected - signal timing extended and reroute suggested
EVT412714,2025-09-12 07:48:13,Concert,J011,Indiranagar 100ft Road,50299,Weekday,False,Rain,True,12.5,False,False,1.0,Severe,7.5,67.1,783.7,0.25,0.577,0.861,Heavy rain reducing visibility and grip - reduced speed and longer buffer advised
EVT412715,2025-07-26 15:49:31,Local Market Day,J012,Koramangala Sony World,2978,Weekend,False,Clear,False,0.0,False,False,0.325,Low,30.5,25.3,152.2,0.122,0.282,0.963,Moderate traffic flow - standard adaptive signal timing in effect
EVT412716,2025-11-26 18:52:28,Local Market Day,J020,Malleshwaram Circle,6137,Weekday,False,Clear,False,0.0,False,False,0.968,Severe,9.0,70.4,539.3,0.193,0.446,0.925,Heavy congestion detected - signal timing extended and reroute suggested
EVT412717,2026-06-10 11:24:32,Sports Fixture,J031,Cubbon Road,14894,Weekday,False,Clear,False,0.0,False,False,0.393,Moderate,29.6,30.8,66.1,0.028,0.066,0.95,Moderate traffic flow - standard adaptive signal timing in effect
EVT412718,2025-09-09 13:49:32,Trade Fair,J009,Majestic,12691,Weekday,False,Clear,False,0.0,False,False,0.248,Low,28.9,14.9,200.6,0.139,0.322,0.954,Normal free-flow traffic - standard signal timing maintained
EVT412719,2025-11-15 14:07:31,Concert,J011,Indiranagar 100ft Road,8520,Weekend,False,Rain,True,23.1,False,False,0.561,High,24.5,34.2,200.0,0.172,0.397,0.941,Heavy rain reducing visibility and grip - reduced speed and longer buffer advised
EVT412720,2026-02-14 10:01:39,Concert,J031,Cubbon Road,10551,Weekend,False,Clear,False,0.0,False,False,0.735,High,15.3,51.4,392.8,0.202,0.466,0.935,Moderate traffic flow - standard adaptive signal timing in effect
EVT412721,2025-03-12 12:28:44,Trade Fair,J020,Malleshwaram Circle,9970,Weekday,False,Clear,False,0.0,False,False,0.277,Low,32.6,18.3,145.4,0.123,0.283,0.981,Moderate traffic flow - standard adaptive signal timing in effect
EVT412722,2026-04-09 17:46:03,Local Market Day,J012,Koramangala Sony World,4045,Weekday,False,Clear,False,0.0,False,False,1.0,Severe,9.2,74.5,654.9,0.272,0.628,0.909,Heavy congestion detected - signal timing extended and reroute suggested
EVT412723,2025-07-14 08:10:34,Local Market Day,J012,Koramangala Sony World,4694,Weekday,False,Rain,True,16.7,False,False,1.0,Severe,8.7,69.0,707.1,0.237,0.548,0.87,Heavy rain reducing visibility and grip - reduced speed and longer buffer advised
EVT412724,2025-02-22 18:19:20,Local Market Day,J009,Majestic,6863,Weekend,False,Clear,False,0.0,False,False,0.878,Severe,9.0,66.1,296.9,0.115,0.267,0.932,Heavy congestion detected - signal timing extended and reroute suggested
EVT412725,2026-05-27 15:16:01,Local Market Day,J031,Cubbon Road,3054,Weekday,False,Clear,False,0.0,False,False,0.263,Low,41.0,11.7,96.3,0.084,0.195,0.954,Moderate traffic flow - standard adaptive signal timing in effect
EVT412726,2025-12-21 14:29:48,Trade Fair,J011,Indiranagar 100ft Road,9770,Weekend,False,Light Rain,True,0.7,False,False,0.362,Moderate,28.6,27.0,121.5,0.092,0.212,0.92,Light rain detected - minor speed reduction advised
EVT412727,2025-03-29 15:14:15,Sports Fixture,J040,City Market,36756,Weekend,False,Clear,False,0.0,False,False,0.566,High,22.0,38.9,321.4,0.233,0.539,0.949,Moderate traffic flow - standard adaptive signal timing in effect
EVT412728,2025-03-26 12:56:52,Political Rally,J023,Basavanagudi,11106,Weekday,False,Clear,False,0.0,False,False,0.246,Low,35.3,15.5,191.3,0.196,0.452,0.97,Normal free-flow traffic - standard signal timing maintained
EVT412729,2025-03-24 13:46:32,Trade Fair,J012,Koramangala Sony World,9339,Weekday,False,Clear,False,0.0,False,False,0.273,Low,31.9,21.6,56.9,0.031,0.071,0.98,Moderate traffic flow - standard adaptive signal timing in effect
EVT412730,2025-03-29 21:14:54,Sports Fixture,J012,Koramangala Sony World,11161,Weekend,False,Clear,False,0.0,False,False,0.42,Moderate,26.7,27.6,232.8,0.181,0.417,0.969,Moderate traffic flow - standard adaptive signal timing in effect
EVT412731,2025-02-03 13:02:30,Concert,J012,Koramangala Sony World,16174,Weekday,False,Clear,False,0.0,False,False,0.249,Low,24.9,18.6,144.1,0.09,0.208,0.98,Normal free-flow traffic - standard signal timing maintained
EVT412732,2025-01-16 17:27:29,Local Market Day,J012,Koramangala Sony World,3771,Weekday,False,Clear,False,0.0,False,False,0.881,Severe,10.9,61.5,501.4,0.2,0.461,0.948,Heavy congestion detected - signal timing extended and reroute suggested
EVT412733,2026-06-09 05:18:45,Trade Fair,J012,Koramangala Sony World,8518,Weekday,False,Rain,True,13.3,False,False,0.375,Moderate,31.2,28.5,86.0,0.085,0.197,0.913,Light rain detected - minor speed reduction advised
EVT412734,2025-07-20 11:07:13,Local Market Day,J009,Majestic,6178,Weekend,False,Clear,False,0.0,False,False,0.324,Low,26.2,21.4,182.8,0.127,0.293,0.948,Moderate traffic flow - standard adaptive signal timing in effect
EVT412735,2026-05-28 21:07:51,Local Market Day,J031,Cubbon Road,5492,Weekday,False,Clear,False,0.0,False,False,0.368,Moderate,27.1,25.5,168.8,0.12,0.277,0.959,Moderate traffic flow - standard adaptive signal timing in effect
EVT412736,2025-02-09 09:45:20,Concert,J020,Malleshwaram Circle,10587,Weekend,False,Clear,False,0.0,False,False,0.849,Severe,15.3,63.4,232.7,0.138,0.318,0.93,Heavy congestion detected - signal timing extended and reroute suggested
EVT412737,2025-09-03 06:37:10,Sports Fixture,J030,MG Road,33687,Weekday,False,Clear,False,0.0,False,False,0.472,Moderate,17.1,35.0,142.7,0.084,0.194,0.949,Moderate traffic flow - standard adaptive signal timing in effect
EVT412738,2025-03-04 06:46:37,Sports Fixture,J020,Malleshwaram Circle,42036,Weekday,False,Clear,False,0.0,False,False,0.59,High,25.1,46.2,104.3,0.064,0.148,0.963,Moderate traffic flow - standard adaptive signal timing in effect
EVT412739,2026-05-10 18:00:42,Concert,J020,Malleshwaram Circle,22106,Weekend,False,Clear,False,0.0,False,False,0.969,Severe,9.3,68.7,521.0,0.215,0.496,0.929,Heavy congestion detected - signal timing extended and reroute suggested
EVT412740,2026-05-23 10:47:31,Concert,J023,Basavanagudi,9396,Weekend,False,Clear,False,0.0,False,False,0.435,Moderate,29.3,29.6,164.0,0.141,0.326,0.947,Moderate traffic flow - standard adaptive signal timing in effect
EVT412741,2025-04-03 07:08:29,Local Market Day,J011,Indiranagar 100ft Road,2463,Weekday,False,Clear,False,0.0,False,False,0.462,Moderate,26.8,31.4,235.2,0.182,0.42,0.969,Moderate traffic flow - standard adaptive signal timing in effect
EVT412742,2025-11-21 09:34:37,Local Market Day,J031,Cubbon Road,5134,Weekday,False,Clear,False,0.0,False,False,0.946,Severe,10.2,61.9,525.5,0.201,0.465,0.925,Heavy congestion detected - signal timing extended and reroute suggested
EVT412743,2025-03-22 16:31:06,Trade Fair,J031,Cubbon Road,5584,Weekend,False,Clear,False,0.0,False,False,0.502,Moderate,24.1,32.5,142.3,0.108,0.249,0.979,Moderate traffic flow - standard adaptive signal timing in effect
EVT412744,2025-03-23 06:35:56,Local Market Day,J031,Cubbon Road,3125,Weekend,False,Clear,False,0.0,False,False,0.441,Moderate,26.7,33.1,266.4,0.214,0.493,0.941,Moderate traffic flow - standard adaptive signal timing in effect
EVT412745,2026-05-01 14:12:57,Religious Festival,J040,City Market,43044,Weekday,True,Clear,False,0.0,False,False,0.682,High,19.2,56.2,252.5,0.169,0.389,0.914,Festival crowd surge detected - alternate route and extended cycle recommended
EVT412746,2025-03-28 04:23:23,Trade Fair,J031,Cubbon Road,6975,Weekday,False,Clear,False,0.0,False,False,0.194,Low,24.8,13.4,115.9,0.082,0.189,0.972,Normal free-flow traffic - standard signal timing maintained
EVT412747,2025-01-06 17:47:53,Trade Fair,J023,Basavanagudi,5481,Weekday,False,Clear,False,0.0,False,False,0.948,Severe,8.4,69.3,187.0,0.071,0.165,0.92,Heavy congestion detected - signal timing extended and reroute suggested
EVT412748,2025-09-19 02:29:04,Concert,J012,Koramangala Sony World,14930,Weekday,False,Clear,False,0.0,False,False,0.199,Low,33.6,15.2,127.0,0.101,0.234,0.945,Normal free-flow traffic - standard signal timing maintained
EVT412749,2025-01-28 21:35:21,Concert,J031,Cubbon Road,11506,Weekday,False,Clear,False,0.0,False,False,0.329,Low,30.8,22.0,93.8,0.071,0.164,0.968,Moderate traffic flow - standard adaptive signal timing in effect
EVT412750,2025-04-08 19:00:57,Sports Fixture,J011,Indiranagar 100ft Road,22027,Weekday,False,Rain,True,10.9,False,False,1.0,Severe,9.2,69.8,728.3,0.272,0.628,0.873,Heavy rain reducing visibility and grip - reduced speed and longer buffer advised
EVT412751,2026-06-29 19:04:42,Sports Fixture,J040,City Market,31408,Weekday,False,Clear,False,0.0,False,False,1.0,Severe,7.9,71.7,390.6,0.156,0.359,0.933,Heavy congestion detected - signal timing extended and reroute suggested
EVT412752,2025-03-07 14:45:18,Sports Fixture,J023,Basavanagudi,16864,Weekday,False,Clear,False,0.0,False,False,0.337,Low,28.6,18.9,109.2,0.076,0.175,0.948,Moderate traffic flow - standard adaptive signal timing in effect
EVT412753,2026-03-30 09:22:59,Local Market Day,J012,Koramangala Sony World,3886,Weekday,False,Clear,False,0.0,False,False,1.0,Severe,8.6,71.7,393.9,0.153,0.353,0.951,Heavy congestion detected - signal timing extended and reroute suggested
EVT412754,2025-06-07 06:06:51,Political Rally,J020,Malleshwaram Circle,19387,Weekend,False,Clear,False,0.0,False,False,0.34,Low,31.7,19.9,144.4,0.121,0.279,0.939,Moderate traffic flow - standard adaptive signal timing in effect
EVT412755,2025-03-29 13:15:46,Local Market Day,J012,Koramangala Sony World,5987,Weekend,False,Clear,False,0.0,False,False,0.308,Low,32.2,18.6,154.3,0.163,0.376,0.955,Moderate traffic flow - standard adaptive signal timing in effect
EVT412756,2026-06-12 18:04:40,Trade Fair,J009,Majestic,5830,Weekday,False,Clear,False,0.0,False,False,1.0,Severe,8.0,74.8,690.7,0.236,0.546,0.916,Heavy congestion detected - signal timing extended and reroute suggested
EVT412757,2025-11-18 13:14:23,Local Market Day,J023,Basavanagudi,3042,Weekday,False,Clear,False,0.0,False,False,0.191,Low,35.1,14.6,95.6,0.083,0.192,0.948,Normal free-flow traffic - standard signal timing maintained
EVT412758,2025-04-28 07:36:35,Concert,J040,City Market,8797,Weekday,False,Clear,False,0.0,False,False,0.718,High,23.9,51.4,210.5,0.153,0.354,0.976,Moderate traffic flow - standard adaptive signal timing in effect
EVT412759,2025-11-07 17:02:38,Concert,J031,Cubbon Road,14737,Weekday,False,Clear,False,0.0,False,False,0.732,High,17.7,53.6,271.9,0.17,0.394,0.955,Moderate traffic flow - standard adaptive signal timing in effect
EVT412760,2025-10-10 22:33:38,Political Rally,J040,City Market,12624,Weekday,False,Rain,True,14.1,False,False,0.373,Moderate,23.7,19.7,141.9,0.11,0.254,0.91,Light rain detected - minor speed reduction advised
EVT412761,2025-05-10 18:04:21,Sports Fixture,J031,Cubbon Road,28305,Weekend,False,Clear,False,0.0,False,False,0.996,Severe,9.6,73.3,530.5,0.209,0.484,0.919,Heavy congestion detected - signal timing extended and reroute suggested
EVT412762,2026-02-20 08:10:00,Sports Fixture,J009,Majestic,17384,Weekday,False,Clear,False,0.0,False,False,0.954,Severe,11.6,69.7,264.8,0.131,0.302,0.908,Heavy congestion detected - signal timing extended and reroute suggested
EVT412763,2026-01-11 17:28:14,Sports Fixture,J009,Majestic,31961,Weekend,False,Clear,False,0.0,False,False,0.981,Severe,9.7,69.1,665.3,0.231,0.533,0.903,Heavy congestion detected - signal timing extended and reroute suggested
EVT412764,2025-09-07 08:32:59,Sports Fixture,J023,Basavanagudi,24706,Weekend,False,Clear,False,0.0,False,False,1.0,Severe,7.0,70.5,411.6,0.133,0.307,0.906,Heavy congestion detected - signal timing extended and reroute suggested
EVT412765,2026-04-21 10:47:17,Sports Fixture,J011,Indiranagar 100ft Road,19566,Weekday,False,Clear,False,0.0,False,False,0.592,High,21.2,43.2,256.4,0.162,0.375,0.946,Moderate traffic flow - standard adaptive signal timing in effect
EVT412766,2026-03-09 16:29:23,Sports Fixture,J020,Malleshwaram Circle,32361,Weekday,False,Clear,False,0.0,False,False,0.695,High,18.7,50.1,351.8,0.214,0.494,0.965,Moderate traffic flow - standard adaptive signal timing in effect
EVT412767,2025-12-09 19:32:42,Trade Fair,J023,Basavanagudi,9836,Weekday,False,Clear,False,0.0,False,False,0.895,Severe,11.0,64.6,704.6,0.283,0.654,0.946,Heavy congestion detected - signal timing extended and reroute suggested
EVT412768,2026-04-06 08:07:06,Trade Fair,J009,Majestic,7496,Weekday,False,Clear,False,0.0,False,False,0.858,Severe,11.9,66.4,456.5,0.224,0.516,0.957,Heavy congestion detected - signal timing extended and reroute suggested
EVT412769,2025-03-27 09:21:18,Local Market Day,J011,Indiranagar 100ft Road,5255,Weekday,False,Rain,True,9.7,False,False,1.0,Severe,7.4,76.2,538.9,0.18,0.416,0.865,Heavy rain reducing visibility and grip - reduced speed and longer buffer advised
EVT412770,2026-03-02 07:34:32,Trade Fair,J030,MG Road,13037,Weekday,False,Clear,False,0.0,False,False,0.766,Severe,17.4,58.8,238.3,0.145,0.336,0.967,Heavy congestion detected - signal timing extended and reroute suggested
EVT412771,2026-05-31 22:42:28,Trade Fair,J040,City Market,8355,Weekend,False,Clear,False,0.0,False,False,0.3,Low,32.8,23.5,150.2,0.126,0.29,0.963,Moderate traffic flow - standard adaptive signal timing in effect
EVT412772,2026-05-03 03:33:39,Local Market Day,J023,Basavanagudi,7880,Weekend,False,Clear,False,0.0,False,False,0.194,Low,36.4,10.3,209.8,0.204,0.472,0.986,Normal free-flow traffic - standard signal timing maintained
EVT412773,2025-11-21 08:19:49,Local Market Day,J011,Indiranagar 100ft Road,3700,Weekday,False,Clear,False,0.0,False,False,0.952,Severe,9.6,71.9,781.9,0.298,0.687,0.936,Heavy congestion detected - signal timing extended and reroute suggested
EVT412774,2025-06-01 14:50:06,Trade Fair,J011,Indiranagar 100ft Road,18034,Weekend,False,Heavy Rain,True,28.9,False,False,0.643,High,23.2,46.7,250.4,0.184,0.425,0.942,Heavy rain reducing visibility and grip - reduced speed and longer buffer advised
EVT412775,2026-01-06 18:48:21,Trade Fair,J030,MG Road,7641,Weekday,False,Clear,False,0.0,False,False,1.0,Severe,9.6,71.3,410.0,0.159,0.368,0.926,Heavy congestion detected - signal timing extended and reroute suggested
EVT412776,2025-01-04 06:40:30,Trade Fair,J020,Malleshwaram Circle,8506,Weekend,False,Clear,False,0.0,False,False,0.451,Moderate,26.2,23.5,168.6,0.129,0.298,0.956,Moderate traffic flow - standard adaptive signal timing in effect
EVT412777,2025-08-19 13:46:50,Sports Fixture,J040,City Market,29740,Weekday,False,Clear,False,0.0,False,False,0.31,Low,33.5,22.7,184.0,0.181,0.419,0.967,Moderate traffic flow - standard adaptive signal timing in effect
EVT412778,2025-03-24 12:21:50,Concert,J011,Indiranagar 100ft Road,11348,Weekday,False,Fog,False,0.0,False,False,0.31,Low,31.5,17.6,223.6,0.194,0.448,0.986,Moderate traffic flow - standard adaptive signal timing in effect
EVT412779,2026-05-29 08:18:23,Local Market Day,J012,Koramangala Sony World,3441,Weekday,False,Clear,False,0.0,False,False,0.902,Severe,9.1,69.2,617.5,0.211,0.488,0.914,Heavy congestion detected - signal timing extended and reroute suggested
EVT412780,2025-04-05 08:14:37,Political Rally,J030,MG Road,12054,Weekend,False,Heavy Rain,True,26.3,False,False,1.0,Severe,9.0,70.8,614.1,0.214,0.495,0.842,Heavy rain reducing visibility and grip - reduced speed and longer buffer advised
EVT412781,2026-01-25 21:12:24,Political Rally,J040,City Market,17523,Weekend,False,Fog,False,0.0,False,False,0.518,Moderate,21.7,38.2,240.0,0.161,0.372,0.956,Moderate traffic flow - standard adaptive signal timing in effect
EVT412782,2025-07-23 17:53:33,Trade Fair,J009,Majestic,7280,Weekday,False,Heavy Rain,True,29.1,False,False,1.0,Severe,7.9,76.1,337.4,0.123,0.283,0.866,Heavy rain reducing visibility and grip - reduced speed and longer buffer advised
EVT412783,2026-04-29 18:02:45,Concert,J023,Basavanagudi,12790,Weekday,False,Clear,False,0.0,False,False,0.973,Severe,10.1,63.7,481.1,0.191,0.441,0.913,Heavy congestion detected - signal timing extended and reroute suggested
EVT412784,2025-05-20 19:31:36,Sports Fixture,J030,MG Road,20025,Weekday,False,Clear,False,0.0,False,False,1.0,Severe,5.3,59.7,1296.3,0.277,0.64,0.896,Heavy congestion detected - signal timing extended and reroute suggested
EVT412785,2026-04-30 21:28:45,Trade Fair,J030,MG Road,9764,Weekday,False,Clear,False,0.0,False,False,0.307,Low,30.1,23.9,209.3,0.182,0.421,0.962,Moderate traffic flow - standard adaptive signal timing in effect
EVT412786,2025-12-11 15:24:08,Local Market Day,J030,MG Road,6066,Weekday,False,Clear,False,0.0,False,False,0.288,Low,36.2,22.2,105.8,0.078,0.181,0.972,Moderate traffic flow - standard adaptive signal timing in effect
EVT412787,2025-01-18 08:23:31,Concert,J020,Malleshwaram Circle,6683,Weekend,False,Clear,False,0.0,False,False,0.778,Severe,14.2,57.4,382.2,0.168,0.389,0.956,Heavy congestion detected - signal timing extended and reroute suggested
EVT412788,2026-02-12 13:35:31,Local Market Day,J009,Majestic,4297,Weekday,False,Clear,False,0.0,False,False,0.141,Low,38.3,15.3,102.2,0.097,0.224,0.945,Normal free-flow traffic - standard signal timing maintained
EVT412789,2025-04-11 07:43:51,Sports Fixture,J040,City Market,13509,Weekday,False,Clear,False,0.0,False,False,0.704,High,17.4,49.2,404.2,0.232,0.535,0.965,Moderate traffic flow - standard adaptive signal timing in effect
EVT412790,2026-01-26 17:05:10,Religious Festival,J031,Cubbon Road,27569,Weekday,True,Clear,False,0.0,False,False,1.0,Severe,7.1,73.8,386.6,0.12,0.277,0.872,Festival crowd surge detected - alternate route and extended cycle recommended
EVT412791,2025-02-11 18:32:21,Local Market Day,J011,Indiranagar 100ft Road,3647,Weekday,False,Clear,False,0.0,False,False,1.0,Severe,8.2,73.9,659.2,0.206,0.477,0.945,Heavy congestion detected - signal timing extended and reroute suggested
EVT412792,2026-06-19 09:04:13,Sports Fixture,J009,Majestic,22303,Weekday,False,Rain,True,13.4,False,False,1.0,Severe,7.0,71.8,1114.9,0.331,0.766,0.879,Heavy rain reducing visibility and grip - reduced speed and longer buffer advised
EVT412793,2025-11-22 19:28:02,Trade Fair,J009,Majestic,8387,Weekend,False,Fog,False,0.0,False,False,0.82,Severe,15.6,55.0,380.2,0.216,0.499,0.968,Heavy congestion detected - signal timing extended and reroute suggested
EVT412794,2025-02-03 14:42:11,Local Market Day,J009,Majestic,5097,Weekday,False,Clear,False,0.0,False,False,0.065,Low,32.6,2.4,138.8,0.098,0.225,0.958,Normal free-flow traffic - standard signal timing maintained
EVT412795,2025-09-20 12:11:21,Sports Fixture,J023,Basavanagudi,27560,Weekend,False,Rain,True,8.1,False,False,0.538,Moderate,22.8,37.1,210.6,0.138,0.318,0.913,Light rain detected - minor speed reduction advised
EVT412796,2026-01-27 21:52:29,Religious Festival,J011,Indiranagar 100ft Road,30941,Weekday,True,Clear,False,0.0,False,False,0.584,High,22.4,37.2,127.3,0.081,0.186,0.95,Festival crowd surge detected - alternate route and extended cycle recommended
EVT412797,2026-05-19 05:29:28,Local Market Day,J020,Malleshwaram Circle,5315,Weekday,False,Rain,True,15.1,False,False,0.365,Moderate,34.2,26.0,201.7,0.189,0.436,0.896,Light rain detected - minor speed reduction advised
EVT412798,2026-03-02 10:21:56,Local Market Day,J012,Koramangala Sony World,4461,Weekday,False,Clear,False,0.0,False,False,0.703,High,17.9,45.0,388.4,0.203,0.469,0.952,Moderate traffic flow - standard adaptive signal timing in effect
EVT412799,2026-04-27 18:59:39,Local Market Day,J040,City Market,4951,Weekday,False,Clear,False,0.0,False,False,0.927,Severe,10.2,68.5,394.1,0.146,0.337,0.903,Heavy congestion detected - signal timing extended and reroute suggested
EVT412800,2025-12-04 10:00:11,Local Market Day,J023,Basavanagudi,3522,Weekday,False,Clear,False,0.0,False,False,0.815,Severe,13.1,59.4,344.3,0.16,0.369,0.963,Heavy congestion detected - signal timing extended and reroute suggested
EVT412801,2026-03-07 17:40:25,Sports Fixture,J040,City Market,26697,Weekend,False,Clear,False,0.0,False,False,0.874,Severe,14.7,68.4,437.0,0.24,0.553,0.945,Heavy congestion detected - signal timing extended and reroute suggested
EVT412802,2025-05-14 19:18:35,Concert,J040,City Market,7659,Weekday,False,Rain,True,22.1,False,False,1.0,Severe,11.4,77.1,594.4,0.256,0.591,0.871,Heavy rain reducing visibility and grip - reduced speed and longer buffer advised
EVT412803,2025-12-27 17:52:42,Trade Fair,J009,Majestic,9337,Weekend,False,Fog,False,0.0,False,False,0.755,Severe,17.4,59.7,423.5,0.232,0.536,0.962,Heavy congestion detected - signal timing extended and reroute suggested
EVT412804,2025-06-11 18:40:11,Local Market Day,J020,Malleshwaram Circle,6427,Weekday,False,Clear,False,0.0,False,False,1.0,Severe,9.6,73.0,599.7,0.216,0.499,0.92,Heavy congestion detected - signal timing extended and reroute suggested
EVT412805,2026-04-19 13:03:26,Local Market Day,J030,MG Road,2907,Weekend,False,Clear,False,0.0,False,False,0.229,Low,33.8,14.7,108.0,0.087,0.2,0.962,Normal free-flow traffic - standard signal timing maintained
EVT412806,2026-04-26 20:09:15,Sports Fixture,J023,Basavanagudi,38380,Weekend,False,Clear,False,0.0,False,False,0.735,High,19.1,48.0,237.1,0.162,0.375,0.971,Moderate traffic flow - standard adaptive signal timing in effect
EVT412807,2026-06-05 11:12:59,Sports Fixture,J009,Majestic,32195,Weekday,False,Rain,True,16.9,False,False,0.632,High,23.3,48.3,149.0,0.121,0.279,0.918,Heavy rain reducing visibility and grip - reduced speed and longer buffer advised
EVT412808,2025-05-05 19:44:30,Concert,J040,City Market,15660,Weekday,False,Rain,True,8.9,False,False,1.0,Severe,8.5,69.3,659.3,0.203,0.47,0.855,Heavy rain reducing visibility and grip - reduced speed and longer buffer advised
EVT412809,2025-09-13 11:49:35,Local Market Day,J011,Indiranagar 100ft Road,1992,Weekend,False,Rain,True,13.0,False,False,0.398,Moderate,32.5,31.1,149.3,0.125,0.288,0.94,Light rain detected - minor speed reduction advised
EVT412810,2025-09-22 19:55:52,Trade Fair,J009,Majestic,16221,Weekday,False,Clear,False,0.0,False,False,0.783,Severe,16.4,57.5,161.8,0.084,0.195,0.945,Heavy congestion detected - signal timing extended and reroute suggested
EVT412811,2026-05-04 19:53:44,Concert,J030,MG Road,14916,Weekday,False,Fog,False,0.0,False,False,0.872,Severe,11.1,58.0,512.6,0.217,0.5,0.948,Heavy congestion detected - signal timing extended and reroute suggested
EVT412812,2025-11-19 19:03:50,Political Rally,J030,MG Road,23618,Weekday,False,Clear,False,0.0,False,False,1.0,Severe,8.0,76.2,389.3,0.13,0.301,0.895,Heavy congestion detected - signal timing extended and reroute suggested
EVT412813,2025-09-01 06:11:39,Local Market Day,J030,MG Road,3392,Weekday,False,Light Rain,True,2.7,False,False,0.242,Low,33.9,14.7,49.0,0.033,0.076,0.921,Light rain detected - minor speed reduction advised
EVT412814,2025-09-17 14:31:06,Sports Fixture,J040,City Market,22300,Weekday,False,Heavy Rain,True,49.0,False,False,0.671,High,22.0,49.2,318.0,0.223,0.515,0.92,Heavy rain reducing visibility and grip - reduced speed and longer buffer advised
EVT412815,2025-01-06 13:21:36,Concert,J023,Basavanagudi,11074,Weekday,False,Clear,False,0.0,False,False,0.323,Low,32.4,30.1,132.7,0.119,0.276,0.95,Moderate traffic flow - standard adaptive signal timing in effect
EVT412816,2026-02-08 11:25:50,Local Market Day,J009,Majestic,6165,Weekend,False,Clear,False,0.0,False,False,0.434,Moderate,24.5,33.3,133.0,0.101,0.234,0.969,Moderate traffic flow - standard adaptive signal timing in effect
EVT412817,2025-11-30 16:59:39,Trade Fair,J009,Majestic,7558,Weekend,False,Clear,False,0.0,False,False,0.642,High,21.6,44.6,275.3,0.181,0.418,0.971,Moderate traffic flow - standard adaptive signal timing in effect
EVT412818,2025-12-24 00:06:59,Concert,J023,Basavanagudi,12081,Weekday,False,Fog,False,0.0,False,False,0.21,Low,37.2,15.1,95.4,0.094,0.218,0.955,Normal free-flow traffic - standard signal timing maintained
EVT412819,2025-04-29 07:06:39,Sports Fixture,J030,MG Road,22593,Weekday,False,Clear,False,0.0,False,False,0.542,Moderate,25.3,34.6,84.3,0.056,0.129,0.94,Moderate traffic flow - standard adaptive signal timing in effect
EVT412820,2026-03-02 09:38:39,Political Rally,J023,Basavanagudi,19303,Weekday,False,Clear,False,0.0,False,False,1.0,Severe,10.5,72.7,176.2,0.101,0.234,0.892,Heavy congestion detected - signal timing extended and reroute suggested
EVT412821,2025-11-06 14:18:53,Trade Fair,J030,MG Road,5193,Weekday,False,Clear,False,0.0,False,False,0.191,Low,29.9,11.2,70.1,0.066,0.152,0.973,Normal free-flow traffic - standard signal timing maintained
EVT412822,2026-06-21 12:12:14,Sports Fixture,J009,Majestic,20652,Weekend,False,Clear,False,0.0,False,False,0.311,Low,22.0,17.8,158.5,0.113,0.261,0.942,Moderate traffic flow - standard adaptive signal timing in effect
EVT412823,2025-04-01 21:42:57,Sports Fixture,J012,Koramangala Sony World,35055,Weekday,False,Clear,False,0.0,False,False,0.494,Moderate,23.7,33.4,165.5,0.091,0.211,0.981,Moderate traffic flow - standard adaptive signal timing in effect
EVT412824,2026-06-21 20:17:55,Sports Fixture,J012,Koramangala Sony World,21086,Weekend,False,Clear,False,0.0,False,False,0.747,High,15.9,50.2,192.7,0.114,0.263,0.948,Moderate traffic flow - standard adaptive signal timing in effect
EVT412825,2025-08-25 07:48:51,Trade Fair,J030,MG Road,11364,Weekday,False,Clear,False,0.0,False,False,0.809,Severe,13.2,59.8,212.4,0.106,0.244,0.957,Heavy congestion detected - signal timing extended and reroute suggested
EVT412826,2026-03-21 19:34:22,Sports Fixture,J030,MG Road,21624,Weekend,False,Fog,False,0.0,False,False,0.831,Severe,10.9,64.1,163.8,0.075,0.174,0.932,Heavy congestion detected - signal timing extended and reroute suggested
EVT412827,2026-01-11 10:55:53,Local Market Day,J040,City Market,3518,Weekend,False,Clear,False,0.0,False,False,0.509,Moderate,21.4,34.3,202.6,0.126,0.29,0.983,Moderate traffic flow - standard adaptive signal timing in effect
EVT412828,2025-06-30 14:50:31,Concert,J030,MG Road,14238,Weekday,False,Rain,True,23.0,False,False,0.472,Moderate,20.7,38.2,141.6,0.107,0.247,0.92,Light rain detected - minor speed reduction advised
EVT412829,2025-10-24 12:26:45,Sports Fixture,J009,Majestic,11387,Weekday,False,Clear,False,0.0,False,False,0.25,Low,30.8,16.2,133.5,0.099,0.228,0.98,Normal free-flow traffic - standard signal timing maintained
EVT412830,2025-04-04 16:32:16,Concert,J011,Indiranagar 100ft Road,17639,Weekday,False,Clear,False,0.0,False,False,0.666,High,20.0,54.2,195.8,0.137,0.318,0.959,Moderate traffic flow - standard adaptive signal timing in effect
EVT412831,2026-06-12 07:54:51,Local Market Day,J009,Majestic,2815,Weekday,False,Light Rain,True,5.2,False,False,0.867,Severe,13.5,64.1,444.4,0.219,0.505,0.911,Heavy rain reducing visibility and grip - reduced speed and longer buffer advised
EVT412832,2025-10-22 13:12:54,Cultural Procession,J030,MG Road,29674,Weekday,True,Rain,True,10.3,False,True,0.787,High,15.4,82.6,322.0,0.179,0.414,0.84,Road closure for event/procession - full detour recommended for through-traffic
EVT412833,2025-07-07 08:35:08,Local Market Day,J011,Indiranagar 100ft Road,2896,Weekday,False,Clear,False,0.0,False,False,0.961,Severe,10.1,67.5,273.6,0.105,0.242,0.904,Heavy congestion detected - signal timing extended and reroute suggested
EVT412834,2025-05-14 08:37:59,Trade Fair,J009,Majestic,6756,Weekday,False,Clear,False,0.0,False,False,0.924,Severe,10.0,67.4,557.9,0.202,0.467,0.929,Heavy congestion detected - signal timing extended and reroute suggested
EVT412835,2026-05-19 17:17:24,Concert,J020,Malleshwaram Circle,11257,Weekday,False,Clear,False,0.0,False,False,0.819,Severe,17.7,66.5,446.6,0.24,0.555,0.954,Heavy congestion detected - signal timing extended and reroute suggested
EVT412836,2025-11-24 08:26:00,Local Market Day,J012,Koramangala Sony World,4689,Weekday,False,Clear,False,0.0,False,False,0.964,Severe,11.5,66.9,366.3,0.158,0.365,0.907,Heavy congestion detected - signal timing extended and reroute suggested
EVT412837,2025-06-27 08:00:13,Trade Fair,J023,Basavanagudi,11194,Weekday,False,Heavy Rain,True,51.3,False,False,1.0,Severe,8.2,72.3,825.3,0.256,0.592,0.899,Heavy rain reducing visibility and grip - reduced speed and longer buffer advised
EVT412838,2025-09-13 11:25:05,Concert,J020,Malleshwaram Circle,15322,Weekend,False,Clear,False,0.0,False,False,0.464,Moderate,24.3,27.6,282.0,0.199,0.459,0.956,Moderate traffic flow - standard adaptive signal timing in effect
EVT412839,2026-03-28 21:18:57,Political Rally,J040,City Market,18346,Weekend,False,Clear,False,0.0,False,False,0.367,Moderate,27.4,22.9,78.8,0.062,0.144,0.941,Moderate traffic flow - standard adaptive signal timing in effect
EVT412840,2025-10-10 10:23:58,Sports Fixture,J040,City Market,23336,Weekday,False,Clear,False,0.0,False,False,0.782,Severe,17.2,53.6,318.9,0.176,0.408,0.957,Heavy congestion detected - signal timing extended and reroute suggested
EVT412841,2025-05-27 06:26:01,Local Market Day,J020,Malleshwaram Circle,2706,Weekday,False,Heavy Rain,True,27.7,False,False,0.568,High,18.9,37.0,150.9,0.08,0.185,0.931,Heavy rain reducing visibility and grip - reduced speed and longer buffer advised
EVT412842,2025-06-06 19:02:12,Local Market Day,J020,Malleshwaram Circle,5399,Weekday,False,Clear,False,0.0,False,False,0.983,Severe,10.1,68.0,602.4,0.266,0.613,0.925,Heavy congestion detected - signal timing extended and reroute suggested
EVT412843,2025-10-30 18:43:15,Local Market Day,J012,Koramangala Sony World,6300,Weekday,False,Fog,False,0.0,False,False,0.965,Severe,9.1,69.2,603.6,0.227,0.525,0.94,Heavy congestion detected - signal timing extended and reroute suggested
EVT412844,2025-10-10 16:26:23,Concert,J031,Cubbon Road,14275,Weekday,False,Heavy Rain,True,40.7,False,False,0.961,Severe,11.3,69.2,424.6,0.176,0.408,0.908,Heavy rain reducing visibility and grip - reduced speed and longer buffer advised
EVT412845,2025-12-05 17:35:00,Concert,J012,Koramangala Sony World,13240,Weekday,False,Clear,False,0.0,False,False,0.899,Severe,10.6,61.8,316.2,0.13,0.299,0.933,Heavy congestion detected - signal timing extended and reroute suggested
EVT412846,2025-02-26 08:50:06,Trade Fair,J040,City Market,5796,Weekday,False,Clear,False,0.0,False,False,0.99,Severe,9.3,69.3,693.7,0.233,0.538,0.905,Heavy congestion detected - signal timing extended and reroute suggested
EVT412847,2026-01-30 20:29:15,Local Market Day,J012,Koramangala Sony World,5426,Weekday,False,Clear,False,0.0,False,False,0.62,High,21.5,44.2,207.0,0.14,0.322,0.983,Moderate traffic flow - standard adaptive signal timing in effect
EVT412848,2025-09-17 21:04:07,Sports Fixture,J020,Malleshwaram Circle,21356,Weekday,False,Rain,True,14.5,False,False,0.674,High,21.2,50.8,293.3,0.207,0.478,0.916,Heavy rain reducing visibility and grip - reduced speed and longer buffer advised
EVT412849,2025-01-14 18:43:50,Religious Festival,J023,Basavanagudi,67104,Weekday,True,Clear,False,0.0,False,True,1.0,Severe,8.2,99.8,596.6,0.245,0.565,0.838,Road closure for event/procession - full detour recommended for through-traffic
EVT412850,2026-02-01 16:43:05,Political Rally,J020,Malleshwaram Circle,14383,Weekend,False,Clear,False,0.0,False,False,0.662,High,19.7,46.4,239.9,0.155,0.357,0.958,Moderate traffic flow - standard adaptive signal timing in effect
EVT412851,2025-08-17 09:55:14,Sports Fixture,J023,Basavanagudi,21053,Weekend,False,Heavy Rain,True,58.0,False,False,1.0,Severe,8.8,71.9,879.4,0.335,0.773,0.857,Heavy rain reducing visibility and grip - reduced speed and longer buffer advised
EVT412852,2025-07-16 17:20:02,Concert,J012,Koramangala Sony World,14813,Weekday,False,Heavy Rain,True,36.3,False,False,1.0,Severe,9.2,74.3,490.2,0.211,0.488,0.856,Heavy rain reducing visibility and grip - reduced speed and longer buffer advised
EVT412853,2026-06-09 18:25:22,Local Market Day,J020,Malleshwaram Circle,7985,Weekday,False,Clear,False,0.0,False,False,0.96,Severe,10.1,63.7,285.1,0.118,0.273,0.907,Heavy congestion detected - signal timing extended and reroute suggested
EVT412854,2026-02-28 22:31:09,Political Rally,J023,Basavanagudi,18531,Weekend,False,Clear,False,0.0,False,False,0.285,Low,31.3,18.7,169.5,0.145,0.334,0.99,Moderate traffic flow - standard adaptive signal timing in effect
EVT412855,2025-03-05 15:25:39,Concert,J040,City Market,25702,Weekday,False,Fog,False,0.0,False,False,0.434,Moderate,32.1,27.7,119.8,0.096,0.223,0.965,Moderate traffic flow - standard adaptive signal timing in effect
EVT412856,2026-02-06 07:32:13,Concert,J009,Majestic,11808,Weekday,False,Clear,False,0.0,False,False,0.683,High,19.5,40.7,392.0,0.243,0.561,0.955,Moderate traffic flow - standard adaptive signal timing in effect
EVT412857,2025-11-30 15:45:18,Sports Fixture,J030,MG Road,16033,Weekend,False,Clear,False,0.0,False,False,0.437,Moderate,24.8,32.2,139.8,0.1,0.23,0.955,Moderate traffic flow - standard adaptive signal timing in effect
EVT412858,2026-04-25 17:10:45,Local Market Day,J023,Basavanagudi,2435,Weekend,False,Clear,False,0.0,False,False,0.626,High,24.3,46.5,155.3,0.109,0.251,0.945,Moderate traffic flow - standard adaptive signal timing in effect
EVT412859,2025-07-15 04:34:35,Sports Fixture,J012,Koramangala Sony World,10987,Weekday,False,Heavy Rain,True,25.2,False,False,0.604,High,23.2,45.4,201.9,0.156,0.361,0.929,Heavy rain reducing visibility and grip - reduced speed and longer buffer advised
EVT412860,2025-10-19 07:15:52,Sports Fixture,J011,Indiranagar 100ft Road,25911,Weekend,False,Clear,False,0.0,False,False,0.609,High,17.4,45.1,228.3,0.11,0.254,0.955,Moderate traffic flow - standard adaptive signal timing in effect
EVT412861,2026-06-06 14:02:16,Trade Fair,J030,MG Road,4192,Weekend,False,Rain,True,15.1,False,False,0.438,Moderate,27.8,23.1,174.3,0.132,0.306,0.914,Light rain detected - minor speed reduction advised
EVT412862,2026-06-12 10:57:30,Sports Fixture,J030,MG Road,21931,Weekday,False,Rain,True,7.5,False,False,0.673,High,21.2,46.1,233.1,0.145,0.335,0.903,Heavy rain reducing visibility and grip - reduced speed and longer buffer advised
EVT412863,2025-10-05 12:02:13,Political Rally,J009,Majestic,16808,Weekend,False,Clear,False,0.0,False,False,0.36,Moderate,26.4,20.0,203.8,0.157,0.362,0.99,Moderate traffic flow - standard adaptive signal timing in effect
EVT412864,2026-03-07 07:09:45,Local Market Day,J030,MG Road,3579,Weekend,False,Clear,False,0.0,False,False,0.501,Moderate,22.9,32.4,224.0,0.136,0.314,0.97,Moderate traffic flow - standard adaptive signal timing in effect
EVT412865,2025-06-19 15:57:24,Political Rally,J012,Koramangala Sony World,12603,Weekday,False,Heavy Rain,True,32.0,False,False,0.771,Severe,15.9,53.6,373.2,0.209,0.483,0.902,Heavy rain reducing visibility and grip - reduced speed and longer buffer advised
EVT412866,2025-12-17 17:04:14,Political Rally,J009,Majestic,19425,Weekday,False,Fog,False,0.0,False,False,0.81,Severe,12.0,58.0,587.1,0.262,0.606,0.946,Heavy congestion detected - signal timing extended and reroute suggested
EVT412867,2025-09-13 09:00:54,Political Rally,J011,Indiranagar 100ft Road,17103,Weekend,False,Rain,True,17.2,False,False,1.0,Severe,9.1,76.4,702.8,0.242,0.559,0.878,Heavy rain reducing visibility and grip - reduced speed and longer buffer advised
EVT412868,2025-08-01 09:26:19,Local Market Day,J040,City Market,3055,Weekday,False,Rain,True,11.1,False,False,1.0,Severe,9.7,70.0,344.9,0.147,0.341,0.875,Heavy rain reducing visibility and grip - reduced speed and longer buffer advised
EVT412869,2025-06-12 17:34:53,Local Market Day,J023,Basavanagudi,2444,Weekday,False,Clear,False,0.0,False,False,0.898,Severe,8.9,67.5,458.0,0.175,0.405,0.933,Heavy congestion detected - signal timing extended and reroute suggested
EVT412870,2025-12-23 18:39:11,Local Market Day,J020,Malleshwaram Circle,6780,Weekday,False,Clear,False,0.0,False,False,0.998,Severe,9.2,65.5,488.7,0.188,0.434,0.923,Heavy congestion detected - signal timing extended and reroute suggested
EVT412871,2026-05-04 19:40:51,Local Market Day,J011,Indiranagar 100ft Road,3203,Weekday,False,Heavy Rain,True,31.5,False,False,1.0,Severe,8.6,73.9,352.9,0.134,0.309,0.854,Heavy rain reducing visibility and grip - reduced speed and longer buffer advised
EVT412872,2025-06-29 09:22:33,Political Rally,J030,MG Road,18550,Weekend,False,Clear,False,0.0,False,False,0.932,Severe,9.1,69.0,532.2,0.179,0.414,0.899,Heavy congestion detected - signal timing extended and reroute suggested
EVT412873,2026-06-01 17:04:14,Sports Fixture,J011,Indiranagar 100ft Road,30884,Weekday,False,Heavy Rain,True,64.0,False,False,1.0,Severe,7.4,68.7,668.4,0.224,0.517,0.846,Heavy rain reducing visibility and grip - reduced speed and longer buffer advised
EVT412874,2026-06-12 09:04:30,Local Market Day,J023,Basavanagudi,3951,Weekday,False,Clear,False,0.0,False,False,1.0,Severe,10.4,72.3,620.4,0.26,0.601,0.893,Heavy congestion detected - signal timing extended and reroute suggested
EVT412875,2025-05-18 12:57:34,Concert,J012,Koramangala Sony World,13426,Weekend,False,Clear,False,0.0,False,False,0.304,Low,34.8,20.3,158.7,0.14,0.323,0.956,Moderate traffic flow - standard adaptive signal timing in effect
EVT412876,2025-04-16 18:39:10,Concert,J040,City Market,10000,Weekday,False,Clear,False,0.0,False,False,1.0,Severe,7.8,74.9,673.7,0.233,0.538,0.918,Heavy congestion detected - signal timing extended and reroute suggested
EVT412877,2026-04-08 09:57:06,Local Market Day,J009,Majestic,6256,Weekday,False,Clear,False,0.0,False,False,0.908,Severe,13.4,64.3,301.1,0.16,0.369,0.925,Heavy congestion detected - signal timing extended and reroute suggested
EVT412878,2026-06-03 18:55:55,Sports Fixture,J031,Cubbon Road,46788,Weekday,False,Heavy Rain,True,33.8,False,False,1.0,Severe,8.1,69.6,471.8,0.152,0.352,0.859,Heavy rain reducing visibility and grip - reduced speed and longer buffer advised
EVT412879,2026-01-02 13:08:51,Religious Festival,J020,Malleshwaram Circle,49946,Weekday,True,Clear,False,0.0,False,True,0.794,High,16.2,82.8,473.7,0.268,0.62,0.883,Road closure for event/procession - full detour recommended for through-traffic
EVT412880,2026-01-21 20:53:21,Political Rally,J020,Malleshwaram Circle,10293,Weekday,False,Clear,False,0.0,False,False,0.43,Moderate,27.9,31.3,192.5,0.159,0.367,0.969,Moderate traffic flow - standard adaptive signal timing in effect
EVT412881,2025-01-29 13:50:41,Sports Fixture,J020,Malleshwaram Circle,30587,Weekday,False,Clear,False,0.0,False,False,0.364,Moderate,32.4,26.1,122.1,0.128,0.295,0.956,Moderate traffic flow - standard adaptive signal timing in effect
EVT412882,2026-05-19 10:36:56,Concert,J011,Indiranagar 100ft Road,16871,Weekday,False,Clear,False,0.0,False,False,0.693,High,19.0,48.8,225.2,0.148,0.341,0.962,Moderate traffic flow - standard adaptive signal timing in effect
EVT412883,2025-01-29 15:51:31,Sports Fixture,J009,Majestic,23909,Weekday,False,Clear,False,0.0,False,False,0.584,High,24.8,35.5,274.2,0.209,0.484,0.983,Moderate traffic flow - standard adaptive signal timing in effect
EVT412884,2025-03-30 13:22:43,Cultural Procession,J011,Indiranagar 100ft Road,10191,Weekend,True,Clear,False,0.0,False,True,0.629,Moderate,24.1,53.9,331.7,0.253,0.585,0.871,Road closure for event/procession - full detour recommended for through-traffic
EVT412885,2026-02-07 12:45:06,Concert,J023,Basavanagudi,10985,Weekend,False,Clear,False,0.0,False,False,0.268,Low,38.3,13.8,125.1,0.117,0.27,0.959,Moderate traffic flow - standard adaptive signal timing in effect
EVT412886,2026-01-01 07:32:48,Cultural Procession,J030,MG Road,29082,Weekday,True,Clear,False,0.0,False,True,1.0,Severe,7.4,103.5,703.2,0.233,0.538,0.812,Road closure for event/procession - full detour recommended for through-traffic
EVT412887,2025-08-17 17:25:10,Sports Fixture,J012,Koramangala Sony World,19356,Weekend,False,Heavy Rain,True,38.9,False,False,1.0,Severe,6.4,73.0,738.4,0.203,0.468,0.885,Heavy rain reducing visibility and grip - reduced speed and longer buffer advised
EVT412888,2025-02-17 07:25:08,Concert,J011,Indiranagar 100ft Road,6281,Weekday,False,Clear,False,0.0,False,False,0.548,Moderate,25.3,40.3,173.0,0.121,0.279,0.948,Moderate traffic flow - standard adaptive signal timing in effect
EVT412889,2025-10-17 01:22:11,Sports Fixture,J031,Cubbon Road,31455,Weekday,False,Clear,False,0.0,False,False,0.312,Low,29.0,26.5,172.3,0.125,0.289,0.99,Moderate traffic flow - standard adaptive signal timing in effect
EVT412890,2025-07-20 20:45:58,Concert,J023,Basavanagudi,17372,Weekend,False,Clear,False,0.0,False,False,0.528,Moderate,16.6,33.3,160.5,0.082,0.189,0.989,Moderate traffic flow - standard adaptive signal timing in effect
EVT412891,2025-01-22 09:45:09,Concert,J009,Majestic,11926,Weekday,False,Clear,False,0.0,False,False,0.87,Severe,11.9,57.2,340.8,0.147,0.339,0.917,Heavy congestion detected - signal timing extended and reroute suggested
EVT412892,2026-03-08 19:57:15,Local Market Day,J030,MG Road,6689,Weekend,False,Clear,False,0.0,False,False,0.615,High,20.8,43.6,148.7,0.092,0.212,0.977,Moderate traffic flow - standard adaptive signal timing in effect
EVT412893,2025-07-07 19:58:31,Trade Fair,J030,MG Road,15823,Weekday,False,Clear,False,0.0,False,False,0.781,Severe,14.5,55.8,295.3,0.145,0.336,0.968,Heavy congestion detected - signal timing extended and reroute suggested
EVT412894,2025-06-22 10:06:01,Local Market Day,J023,Basavanagudi,3479,Weekend,False,Clear,False,0.0,False,False,0.679,High,22.1,49.2,274.1,0.194,0.449,0.959,Moderate traffic flow - standard adaptive signal timing in effect
EVT412895,2025-02-24 21:13:39,Trade Fair,J040,City Market,8551,Weekday,False,Clear,False,0.0,False,False,0.502,Moderate,25.0,34.8,296.5,0.208,0.481,0.963,Moderate traffic flow - standard adaptive signal timing in effect
EVT412896,2025-11-16 09:02:59,Sports Fixture,J009,Majestic,24076,Weekend,False,Clear,False,0.0,False,False,1.0,Severe,7.9,71.3,727.8,0.221,0.511,0.892,Heavy congestion detected - signal timing extended and reroute suggested
EVT412897,2026-03-24 15:42:01,Concert,J030,MG Road,10173,Weekday,False,Clear,False,0.0,False,False,0.467,Moderate,25.1,33.8,180.3,0.135,0.312,0.946,Moderate traffic flow - standard adaptive signal timing in effect
EVT412898,2025-09-18 12:45:44,Political Rally,J040,City Market,14882,Weekday,False,Clear,False,0.0,False,False,0.198,Low,30.1,13.9,207.3,0.167,0.386,0.965,Normal free-flow traffic - standard signal timing maintained
EVT412899,2025-11-17 16:29:14,Local Market Day,J020,Malleshwaram Circle,6839,Weekday,False,Clear,False,0.0,False,False,0.578,High,19.6,40.0,222.2,0.147,0.339,0.955,Moderate traffic flow - standard adaptive signal timing in effect
EVT412900,2025-07-03 14:08:42,Local Market Day,J023,Basavanagudi,2724,Weekday,False,Clear,False,0.0,False,False,0.253,Low,31.2,19.7,101.8,0.082,0.19,0.943,Moderate traffic flow - standard adaptive signal timing in effect
EVT412901,2026-05-25 13:39:26,Political Rally,J031,Cubbon Road,26369,Weekday,False,Clear,False,0.0,False,False,0.201,Low,31.2,18.3,80.3,0.067,0.154,0.954,Normal free-flow traffic - standard signal timing maintained
EVT412902,2025-08-13 07:56:52,Trade Fair,J012,Koramangala Sony World,8497,Weekday,False,Rain,True,15.9,False,False,1.0,Severe,7.5,72.3,672.1,0.203,0.469,0.863,Heavy rain reducing visibility and grip - reduced speed and longer buffer advised
EVT412903,2025-05-26 13:32:58,Concert,J030,MG Road,5323,Weekday,False,Clear,False,0.0,False,False,0.198,Low,43.4,18.5,103.0,0.109,0.252,0.935,Normal free-flow traffic - standard signal timing maintained
EVT412904,2025-02-05 20:55:25,Sports Fixture,J031,Cubbon Road,43162,Weekday,False,Clear,False,0.0,False,False,0.692,High,12.5,46.7,289.7,0.13,0.301,0.962,Moderate traffic flow - standard adaptive signal timing in effect
EVT412905,2025-04-19 12:38:13,Trade Fair,J030,MG Road,6374,Weekend,False,Clear,False,0.0,False,False,0.229,Low,24.2,16.7,198.1,0.132,0.306,0.976,Normal free-flow traffic - standard signal timing maintained
EVT412906,2025-09-13 10:57:37,Sports Fixture,J012,Koramangala Sony World,41252,Weekend,False,Clear,False,0.0,False,False,0.675,High,25.9,47.4,255.8,0.195,0.452,0.981,Moderate traffic flow - standard adaptive signal timing in effect
EVT412907,2025-02-27 18:45:37,Trade Fair,J020,Malleshwaram Circle,8982,Weekday,False,Clear,False,0.0,False,False,1.0,Severe,6.8,70.9,238.6,0.094,0.217,0.914,Heavy congestion detected - signal timing extended and reroute suggested
EVT412908,2026-02-20 07:34:40,Sports Fixture,J040,City Market,32806,Weekday,False,Clear,False,0.0,False,False,0.801,Severe,18.2,58.5,390.3,0.261,0.603,0.952,Heavy congestion detected - signal timing extended and reroute suggested
EVT412909,2026-02-21 17:54:02,Sports Fixture,J030,MG Road,42079,Weekend,False,Clear,False,0.0,False,False,1.0,Severe,7.7,69.2,744.0,0.238,0.551,0.917,Heavy congestion detected - signal timing extended and reroute suggested
EVT412910,2025-09-28 11:49:39,Sports Fixture,J011,Indiranagar 100ft Road,23268,Weekend,False,Clear,False,0.0,False,False,0.441,Moderate,30.4,33.7,238.7,0.198,0.458,0.969,Moderate traffic flow - standard adaptive signal timing in effect
EVT412911,2025-01-03 08:43:47,Concert,J020,Malleshwaram Circle,17025,Weekday,False,Clear,False,0.0,False,False,1.0,Severe,8.9,76.5,782.5,0.259,0.598,0.904,Heavy congestion detected - signal timing extended and reroute suggested
EVT412912,2026-03-01 20:50:46,Sports Fixture,J030,MG Road,18481,Weekend,False,Clear,False,0.0,False,False,0.59,High,22.6,44.2,135.6,0.098,0.227,0.966,Moderate traffic flow - standard adaptive signal timing in effect
EVT412913,2025-06-02 11:00:10,Political Rally,J011,Indiranagar 100ft Road,13637,Weekday,False,Clear,False,0.0,False,False,0.521,Moderate,27.8,35.3,151.7,0.111,0.257,0.943,Moderate traffic flow - standard adaptive signal timing in effect
EVT412914,2026-02-13 16:36:03,Political Rally,J012,Koramangala Sony World,13039,Weekday,False,Clear,False,0.0,False,False,0.743,High,16.4,48.2,251.3,0.134,0.31,0.956,Moderate traffic flow - standard adaptive signal timing in effect
EVT412915,2026-02-24 12:16:06,Concert,J031,Cubbon Road,12390,Weekday,False,Clear,False,0.0,False,False,0.255,Low,25.1,23.4,185.7,0.124,0.287,0.985,Moderate traffic flow - standard adaptive signal timing in effect
EVT412916,2026-02-16 17:21:20,Trade Fair,J023,Basavanagudi,16478,Weekday,False,Clear,False,0.0,False,False,0.892,Severe,12.0,62.4,461.3,0.218,0.503,0.936,Heavy congestion detected - signal timing extended and reroute suggested
EVT412917,2026-04-21 15:48:40,Trade Fair,J040,City Market,14827,Weekday,False,Clear,False,0.0,False,False,0.494,Moderate,24.3,33.0,195.9,0.14,0.323,0.975,Moderate traffic flow - standard adaptive signal timing in effect
EVT412918,2025-12-02 14:22:26,Trade Fair,J020,Malleshwaram Circle,8194,Weekday,False,Clear,False,0.0,False,False,0.237,Low,29.5,10.6,132.7,0.104,0.241,0.974,Normal free-flow traffic - standard signal timing maintained
EVT412919,2026-02-18 20:26:37,Local Market Day,J030,MG Road,2848,Weekday,False,Clear,False,0.0,False,False,0.531,Moderate,20.7,39.1,113.6,0.064,0.147,0.971,Moderate traffic flow - standard adaptive signal timing in effect
EVT412920,2025-03-14 07:36:35,Fireworks Display,J023,Basavanagudi,26634,Weekday,True,Clear,False,0.0,False,False,1.0,Severe,9.0,69.8,698.0,0.268,0.619,0.864,Festival crowd surge detected - alternate route and extended cycle recommended
EVT412921,2026-05-24 16:39:53,Concert,J030,MG Road,8844,Weekend,False,Clear,False,0.0,False,False,0.559,High,20.0,31.5,172.3,0.091,0.21,0.957,Moderate traffic flow - standard adaptive signal timing in effect
EVT412922,2025-11-26 18:06:02,Local Market Day,J030,MG Road,3539,Weekday,False,Clear,False,0.0,False,False,0.959,Severe,9.2,67.1,449.2,0.167,0.387,0.941,Heavy congestion detected - signal timing extended and reroute suggested
EVT412923,2025-01-01 18:06:57,Trade Fair,J023,Basavanagudi,10115,Weekday,False,Clear,False,0.0,False,False,1.0,Severe,8.8,71.4,197.7,0.083,0.191,0.903,Heavy congestion detected - signal timing extended and reroute suggested
EVT412924,2025-03-30 13:23:54,Cultural Procession,J030,MG Road,29532,Weekend,True,Clear,False,0.0,False,False,0.69,High,19.8,47.9,177.3,0.105,0.242,0.928,Festival crowd surge detected - alternate route and extended cycle recommended
EVT412925,2025-12-16 22:20:17,Local Market Day,J009,Majestic,1780,Weekday,False,Clear,False,0.0,True,False,0.503,Moderate,24.7,35.0,234.9,0.166,0.383,0.798,Accident detected nearby - reroute and reduced speed advised
EVT412926,2025-07-04 20:20:44,Concert,J031,Cubbon Road,10180,Weekday,False,Clear,False,0.0,False,False,0.69,High,18.2,42.6,261.4,0.153,0.354,0.977,Moderate traffic flow - standard adaptive signal timing in effect
EVT412927,2026-06-06 19:42:30,Political Rally,J040,City Market,14482,Weekend,False,Clear,False,0.0,False,False,0.805,Severe,15.4,56.1,225.9,0.137,0.318,0.968,Heavy congestion detected - signal timing extended and reroute suggested
EVT412928,2025-05-04 18:49:41,Trade Fair,J030,MG Road,8344,Weekend,False,Clear,False,0.0,False,False,0.82,Severe,13.8,57.7,173.4,0.087,0.202,0.935,Heavy congestion detected - signal timing extended and reroute suggested
EVT412929,2026-06-23 20:59:59,Sports Fixture,J031,Cubbon Road,11116,Weekday,False,Heavy Rain,True,27.7,False,False,0.859,Severe,9.6,58.9,574.8,0.196,0.453,0.889,Heavy rain reducing visibility and grip - reduced speed and longer buffer advised
EVT412930,2026-05-21 08:55:54,Sports Fixture,J040,City Market,26398,Weekday,False,Clear,False,0.0,False,False,1.0,Severe,8.6,67.7,377.5,0.123,0.285,0.911,Heavy congestion detected - signal timing extended and reroute suggested
EVT412931,2026-04-09 21:33:30,Local Market Day,J040,City Market,3114,Weekday,False,Clear,False,0.0,False,False,0.315,Low,36.1,19.9,110.4,0.111,0.255,0.978,Moderate traffic flow - standard adaptive signal timing in effect
EVT412932,2025-02-25 17:53:06,Sports Fixture,J040,City Market,14743,Weekday,False,Fog,False,0.0,False,False,1.0,Severe,9.4,72.0,577.2,0.219,0.507,0.909,Heavy congestion detected - signal timing extended and reroute suggested
EVT412933,2025-06-24 08:52:16,Concert,J012,Koramangala Sony World,14710,Weekday,False,Heavy Rain,True,29.5,True,False,1.0,Severe,7.3,75.1,703.3,0.194,0.449,0.719,Accident detected nearby - reroute and reduced speed advised
EVT412934,2025-10-01 12:41:16,Concert,J020,Malleshwaram Circle,10317,Weekday,False,Clear,False,0.0,False,False,0.26,Low,37.1,27.2,147.5,0.155,0.358,0.962,Moderate traffic flow - standard adaptive signal timing in effect
EVT412935,2026-04-29 11:21:02,Local Market Day,J012,Koramangala Sony World,7253,Weekday,False,Clear,False,0.0,False,False,0.294,Low,27.9,27.3,140.2,0.102,0.235,0.969,Moderate traffic flow - standard adaptive signal timing in effect
EVT412936,2025-12-08 03:37:14,Political Rally,J020,Malleshwaram Circle,21574,Weekday,False,Clear,False,0.0,False,False,0.33,Low,32.7,24.3,161.7,0.152,0.35,0.99,Moderate traffic flow - standard adaptive signal timing in effect
EVT412937,2025-12-16 13:21:57,Trade Fair,J040,City Market,6130,Weekday,False,Clear,False,0.0,False,False,0.142,Low,31.8,9.7,58.2,0.045,0.103,0.945,Normal free-flow traffic - standard signal timing maintained
EVT412938,2025-05-24 07:13:48,Concert,J031,Cubbon Road,13717,Weekend,False,Clear,False,0.0,False,False,0.559,High,23.2,38.4,220.7,0.123,0.284,0.956,Moderate traffic flow - standard adaptive signal timing in effect
EVT412939,2025-12-31 12:49:48,Local Market Day,J011,Indiranagar 100ft Road,4690,Weekday,False,Clear,False,0.0,False,False,0.188,Low,35.5,14.0,102.2,0.085,0.196,0.936,Normal free-flow traffic - standard signal timing maintained
EVT412940,2025-10-12 19:00:04,Local Market Day,J009,Majestic,3033,Weekend,False,Clear,False,0.0,False,False,0.805,Severe,11.7,57.7,150.3,0.067,0.154,0.932,Heavy congestion detected - signal timing extended and reroute suggested
EVT412941,2026-01-29 15:11:15,Local Market Day,J020,Malleshwaram Circle,3154,Weekday,False,Clear,False,0.0,False,False,0.196,Low,42.0,12.1,94.4,0.084,0.194,0.974,Normal free-flow traffic - standard signal timing maintained
EVT412942,2026-05-17 13:08:31,Political Rally,J023,Basavanagudi,23261,Weekend,False,Clear,False,0.0,False,False,0.367,Moderate,30.0,28.3,131.0,0.132,0.304,0.968,Moderate traffic flow - standard adaptive signal timing in effect
EVT412943,2025-12-01 15:55:38,Sports Fixture,J031,Cubbon Road,16732,Weekday,False,Clear,False,0.0,False,False,0.41,Moderate,26.8,25.1,161.3,0.112,0.259,0.964,Moderate traffic flow - standard adaptive signal timing in effect
EVT412944,2025-08-21 18:07:14,Sports Fixture,J030,MG Road,33464,Weekday,False,Clear,False,0.0,False,False,1.0,Severe,8.9,71.6,1040.9,0.363,0.838,0.935,Heavy congestion detected - signal timing extended and reroute suggested
EVT412945,2025-03-27 15:16:11,Local Market Day,J011,Indiranagar 100ft Road,4351,Weekday,False,Clear,False,0.0,False,False,0.335,Low,33.6,24.1,164.8,0.158,0.365,0.99,Moderate traffic flow - standard adaptive signal timing in effect
EVT412946,2025-05-11 12:30:04,Local Market Day,J011,Indiranagar 100ft Road,3591,Weekend,False,Light Rain,True,6.0,False,False,0.419,Moderate,21.3,33.2,326.4,0.193,0.445,0.914,Light rain detected - minor speed reduction advised
EVT412947,2025-02-02 08:23:33,Sports Fixture,J030,MG Road,22686,Weekend,False,Clear,False,0.0,False,False,0.926,Severe,12.5,65.1,261.1,0.141,0.325,0.944,Heavy congestion detected - signal timing extended and reroute suggested
EVT412948,2026-04-07 20:10:24,Sports Fixture,J031,Cubbon Road,26950,Weekday,False,Clear,False,0.0,False,False,0.858,Severe,13.5,64.1,345.4,0.183,0.424,0.922,Heavy congestion detected - signal timing extended and reroute suggested
EVT412949,2025-04-12 11:36:58,Concert,J009,Majestic,13717,Weekend,False,Clear,False,0.0,False,False,0.503,Moderate,22.4,33.0,259.1,0.163,0.376,0.97,Moderate traffic flow - standard adaptive signal timing in effect
EVT412950,2025-12-21 14:18:14,Trade Fair,J030,MG Road,9412,Weekend,False,Clear,False,0.0,False,False,0.292,Low,35.2,21.4,62.8,0.066,0.152,0.952,Moderate traffic flow - standard adaptive signal timing in effect
EVT412951,2026-03-23 22:53:33,Local Market Day,J011,Indiranagar 100ft Road,11487,Weekday,False,Clear,False,0.0,False,False,0.165,Low,36.2,12.0,148.6,0.121,0.28,0.961,Normal free-flow traffic - standard signal timing maintained
EVT412952,2025-04-23 06:20:29,Local Market Day,J011,Indiranagar 100ft Road,1621,Weekday,False,Clear,False,0.0,False,False,0.265,Low,27.5,18.5,173.2,0.118,0.273,0.963,Moderate traffic flow - standard adaptive signal timing in effect
EVT412953,2025-08-13 08:44:07,Political Rally,J020,Malleshwaram Circle,5520,Weekday,False,Clear,False,0.0,False,False,1.0,Severe,8.6,71.8,745.6,0.263,0.608,0.917,Heavy congestion detected - signal timing extended and reroute suggested
EVT412954,2025-03-19 17:17:11,Local Market Day,J031,Cubbon Road,4208,Weekday,False,Clear,False,0.0,False,False,0.855,Severe,13.6,65.4,328.6,0.171,0.396,0.938,Heavy congestion detected - signal timing extended and reroute suggested
EVT412955,2026-04-17 07:10:33,Political Rally,J040,City Market,12101,Weekday,False,Clear,False,0.0,False,False,0.489,Moderate,24.6,38.7,101.2,0.066,0.153,0.985,Moderate traffic flow - standard adaptive signal timing in effect
EVT412956,2025-04-20 12:16:50,Sports Fixture,J011,Indiranagar 100ft Road,42258,Weekend,False,Clear,False,0.0,False,False,0.528,Moderate,23.9,33.8,340.6,0.254,0.587,0.965,Moderate traffic flow - standard adaptive signal timing in effect
EVT412957,2025-05-26 08:35:32,Local Market Day,J031,Cubbon Road,4820,Weekday,False,Clear,False,0.0,False,False,0.958,Severe,12.5,66.3,214.0,0.107,0.248,0.93,Heavy congestion detected - signal timing extended and reroute suggested
EVT412958,2026-01-25 07:56:01,Sports Fixture,J031,Cubbon Road,19613,Weekend,False,Clear,False,0.0,False,False,0.735,High,17.0,51.2,154.5,0.103,0.239,0.973,Moderate traffic flow - standard adaptive signal timing in effect
EVT412959,2025-07-27 20:20:59,Local Market Day,J031,Cubbon Road,4844,Weekend,False,Rain,True,11.5,False,False,0.767,Severe,14.6,52.2,209.4,0.121,0.28,0.927,Heavy rain reducing visibility and grip - reduced speed and longer buffer advised
EVT412960,2025-04-02 15:11:48,Trade Fair,J031,Cubbon Road,4719,Weekday,False,Clear,False,0.0,False,False,0.223,Low,38.6,20.4,95.3,0.106,0.244,0.974,Normal free-flow traffic - standard signal timing maintained
EVT412961,2026-05-16 19:59:50,Trade Fair,J023,Basavanagudi,8338,Weekend,False,Clear,False,0.0,False,False,0.718,High,20.0,49.8,294.2,0.217,0.501,0.95,Moderate traffic flow - standard adaptive signal timing in effect
EVT412962,2025-05-20 00:49:39,Local Market Day,J020,Malleshwaram Circle,5497,Weekday,False,Clear,False,0.0,False,False,0.13,Low,30.8,8.3,147.1,0.094,0.216,0.973,Normal free-flow traffic - standard signal timing maintained
EVT412963,2025-04-06 22:58:05,Religious Festival,J012,Koramangala Sony World,25017,Weekend,True,Light Rain,True,3.7,False,False,0.698,High,19.5,45.4,241.2,0.19,0.439,0.845,Festival crowd surge detected - alternate route and extended cycle recommended
EVT412964,2025-12-27 12:12:01,Trade Fair,J040,City Market,6388,Weekend,False,Clear,False,0.0,False,False,0.288,Low,37.5,20.9,104.3,0.112,0.258,0.944,Moderate traffic flow - standard adaptive signal timing in effect
EVT412965,2025-01-18 17:08:52,Concert,J012,Koramangala Sony World,13629,Weekend,False,Fog,False,0.0,False,False,0.654,High,17.4,45.1,181.6,0.092,0.213,0.975,Moderate traffic flow - standard adaptive signal timing in effect
EVT412966,2025-04-06 09:23:33,Religious Festival,J023,Basavanagudi,93938,Weekend,True,Light Rain,True,6.4,False,True,1.0,Severe,8.8,98.5,724.3,0.246,0.568,0.8,Road closure for event/procession - full detour recommended for through-traffic
EVT412967,2025-07-26 08:23:34,Sports Fixture,J011,Indiranagar 100ft Road,28508,Weekend,False,Heavy Rain,True,44.3,False,False,1.0,Severe,8.1,74.7,708.8,0.261,0.602,0.834,Heavy rain reducing visibility and grip - reduced speed and longer buffer advised
EVT412968,2025-03-28 13:14:00,Sports Fixture,J009,Majestic,26872,Weekday,False,Clear,False,0.0,False,False,0.352,Moderate,31.0,23.7,60.5,0.046,0.107,0.946,Moderate traffic flow - standard adaptive signal timing in effect
EVT412969,2026-05-14 16:11:17,Sports Fixture,J011,Indiranagar 100ft Road,35185,Weekday,False,Clear,False,0.0,False,False,0.643,High,16.7,46.4,392.7,0.196,0.452,0.979,Moderate traffic flow - standard adaptive signal timing in effect
EVT412970,2026-02-07 16:42:34,Sports Fixture,J011,Indiranagar 100ft Road,17630,Weekend,False,Clear,False,0.0,False,False,0.632,High,19.3,46.6,290.3,0.183,0.422,0.935,Moderate traffic flow - standard adaptive signal timing in effect
EVT412971,2025-10-25 07:33:28,Sports Fixture,J009,Majestic,10851,Weekend,False,Rain,True,13.1,True,False,1.0,Severe,8.9,65.9,327.8,0.123,0.285,0.734,Accident detected nearby - reroute and reduced speed advised
EVT412972,2025-12-12 17:38:30,Concert,J031,Cubbon Road,17881,Weekday,False,Clear,False,0.0,False,False,0.929,Severe,8.6,63.7,374.2,0.114,0.264,0.933,Heavy congestion detected - signal timing extended and reroute suggested
EVT412973,2026-04-24 06:22:42,Local Market Day,J009,Majestic,3838,Weekday,False,Clear,False,0.0,False,False,0.197,Low,28.7,12.2,170.2,0.121,0.279,0.985,Normal free-flow traffic - standard signal timing maintained
EVT412974,2025-01-16 06:14:14,Concert,J011,Indiranagar 100ft Road,13034,Weekday,False,Clear,False,0.0,False,False,0.292,Low,21.0,22.8,168.0,0.091,0.211,0.932,Moderate traffic flow - standard adaptive signal timing in effect
EVT412975,2025-08-07 21:46:51,Trade Fair,J011,Indiranagar 100ft Road,7346,Weekday,False,Clear,False,0.0,False,False,0.326,Low,31.8,24.3,71.2,0.066,0.153,0.978,Moderate traffic flow - standard adaptive signal timing in effect
EVT412976,2025-05-28 20:46:20,Trade Fair,J031,Cubbon Road,6947,Weekday,False,Rain,True,24.3,False,False,0.824,Severe,13.4,62.1,190.0,0.09,0.208,0.909,Heavy rain reducing visibility and grip - reduced speed and longer buffer advised
EVT412977,2025-08-08 10:36:35,Local Market Day,J012,Koramangala Sony World,1710,Weekday,False,Clear,False,0.0,False,False,0.533,Moderate,26.3,29.8,259.6,0.209,0.482,0.953,Moderate traffic flow - standard adaptive signal timing in effect
EVT412978,2026-03-01 17:12:59,Trade Fair,J023,Basavanagudi,6658,Weekend,False,Clear,False,0.0,False,False,0.678,High,14.4,51.4,399.0,0.185,0.427,0.972,Moderate traffic flow - standard adaptive signal timing in effect
EVT412979,2026-05-08 12:57:23,Sports Fixture,J023,Basavanagudi,27924,Weekday,False,Clear,False,0.0,False,False,0.359,Moderate,31.2,27.5,227.5,0.181,0.417,0.956,Moderate traffic flow - standard adaptive signal timing in effect
EVT412980,2025-03-28 18:37:04,Trade Fair,J020,Malleshwaram Circle,9513,Weekday,False,Light Rain,True,0.7,True,False,1.0,Severe,7.9,75.8,574.1,0.181,0.419,0.715,Accident detected nearby - reroute and reduced speed advised
EVT412981,2026-01-30 05:57:25,Concert,J020,Malleshwaram Circle,17411,Weekday,False,Clear,False,0.0,False,False,0.336,Low,30.4,25.1,238.7,0.211,0.488,0.946,Moderate traffic flow - standard adaptive signal timing in effect
EVT412982,2025-08-04 12:35:43,Sports Fixture,J031,Cubbon Road,25733,Weekday,False,Heavy Rain,True,77.8,False,False,0.694,High,17.7,48.0,327.7,0.172,0.397,0.903,Heavy rain reducing visibility and grip - reduced speed and longer buffer advised
EVT412983,2026-03-26 17:11:06,Cultural Procession,J009,Majestic,16919,Weekday,True,Clear,False,0.0,False,True,1.0,Severe,7.6,100.6,446.5,0.143,0.331,0.826,Road closure for event/procession - full detour recommended for through-traffic
EVT412984,2025-12-20 10:36:21,Local Market Day,J023,Basavanagudi,3916,Weekend,False,Clear,False,0.0,False,False,0.539,Moderate,17.7,40.2,380.8,0.216,0.499,0.961,Moderate traffic flow - standard adaptive signal timing in effect
EVT412985,2025-08-20 20:22:10,Concert,J031,Cubbon Road,7775,Weekday,False,Rain,True,15.0,False,False,0.848,Severe,13.7,56.8,334.0,0.166,0.384,0.914,Heavy rain reducing visibility and grip - reduced speed and longer buffer advised
EVT412986,2026-06-23 20:21:49,Local Market Day,J040,City Market,3222,Weekday,False,Heavy Rain,True,27.6,False,False,0.809,Severe,14.6,58.3,367.5,0.206,0.475,0.914,Heavy rain reducing visibility and grip - reduced speed and longer buffer advised
EVT412987,2026-02-09 19:57:23,Concert,J030,MG Road,13975,Weekday,False,Clear,False,0.0,False,False,0.783,Severe,16.6,59.7,250.1,0.138,0.32,0.963,Heavy congestion detected - signal timing extended and reroute suggested
EVT412988,2025-09-25 09:47:42,Sports Fixture,J040,City Market,12042,Weekday,False,Light Rain,True,5.1,False,False,0.94,Severe,12.1,69.6,355.9,0.175,0.405,0.861,Heavy rain reducing visibility and grip - reduced speed and longer buffer advised
EVT412989,2025-10-07 06:13:31,Political Rally,J020,Malleshwaram Circle,13942,Weekday,False,Rain,True,14.2,False,False,0.417,Moderate,36.2,35.0,140.9,0.159,0.366,0.918,Light rain detected - minor speed reduction advised
EVT412990,2026-03-01 17:01:40,Concert,J023,Basavanagudi,9778,Weekend,False,Clear,False,0.0,False,False,0.765,Severe,17.2,54.9,353.1,0.237,0.547,0.956,Heavy congestion detected - signal timing extended and reroute suggested
EVT412991,2026-06-25 21:10:20,Local Market Day,J012,Koramangala Sony World,3168,Weekday,False,Clear,False,0.0,False,False,0.362,Moderate,23.1,30.0,176.6,0.117,0.27,0.958,Moderate traffic flow - standard adaptive signal timing in effect
EVT412992,2025-10-09 08:26:37,Trade Fair,J040,City Market,13875,Weekday,False,Rain,True,13.6,False,False,1.0,Severe,7.3,67.0,454.2,0.149,0.344,0.869,Heavy rain reducing visibility and grip - reduced speed and longer buffer advised
EVT412993,2025-08-01 09:41:34,Political Rally,J009,Majestic,13660,Weekday,False,Rain,True,16.6,False,False,1.0,Severe,6.2,76.2,691.6,0.188,0.435,0.878,Heavy rain reducing visibility and grip - reduced speed and longer buffer advised
EVT412994,2025-05-17 19:46:27,Trade Fair,J023,Basavanagudi,6048,Weekend,False,Clear,False,0.0,False,False,0.725,High,19.5,51.2,316.9,0.199,0.459,0.963,Moderate traffic flow - standard adaptive signal timing in effect
EVT412995,2025-04-01 16:19:45,Concert,J031,Cubbon Road,21348,Weekday,False,Clear,False,0.0,False,False,0.736,High,16.9,58.2,326.4,0.171,0.394,0.928,Moderate traffic flow - standard adaptive signal timing in effect
EVT412996,2026-04-18 18:31:57,Local Market Day,J023,Basavanagudi,5956,Weekend,False,Rain,True,9.7,False,False,0.927,Severe,12.6,69.3,539.4,0.241,0.558,0.885,Heavy rain reducing visibility and grip - reduced speed and longer buffer advised
EVT412997,2026-05-03 15:11:04,Concert,J011,Indiranagar 100ft Road,9957,Weekend,False,Clear,False,0.0,False,False,0.359,Moderate,27.9,27.4,137.7,0.108,0.249,0.968,Moderate traffic flow - standard adaptive signal timing in effect
EVT412998,2026-02-13 20:13:07,Local Market Day,J031,Cubbon Road,4485,Weekday,False,Clear,False,0.0,False,False,0.626,High,19.6,43.6,292.9,0.179,0.413,0.963,Moderate traffic flow - standard adaptive signal timing in effect
EVT412999,2025-09-19 19:17:25,Trade Fair,J009,Majestic,10810,Weekday,False,Rain,True,24.2,False,False,1.0,Severe,5.9,69.0,1028.4,0.255,0.59,0.869,Heavy rain reducing visibility and grip - reduced speed and longer buffer advised
EVT413000,2025-06-03 20:46:03,Political Rally,J031,Cubbon Road,24807,Weekday,False,Clear,False,0.0,False,False,0.617,High,22.4,37.8,171.9,0.136,0.314,0.987,Moderate traffic flow - standard adaptive signal timing in effect
EVT413001,2026-02-11 06:57:46,Local Market Day,J020,Malleshwaram Circle,2224,Weekday,False,Clear,False,0.0,False,False,0.458,Moderate,27.4,29.9,197.1,0.169,0.39,0.975,Moderate traffic flow - standard adaptive signal timing in effect
EVT413002,2025-12-24 13:26:23,Sports Fixture,J020,Malleshwaram Circle,26548,Weekday,False,Clear,False,0.0,False,False,0.319,Low,30.4,24.0,141.3,0.112,0.259,0.943,Moderate traffic flow - standard adaptive signal timing in effect
EVT413003,2025-11-01 04:37:26,Religious Festival,J020,Malleshwaram Circle,43386,Weekend,True,Clear,False,0.0,False,True,0.847,High,15.4,91.8,408.3,0.213,0.491,0.856,Road closure for event/procession - full detour recommended for through-traffic
EVT413004,2025-08-07 09:43:07,Political Rally,J030,MG Road,11325,Weekday,False,Clear,False,0.0,False,False,0.952,Severe,10.0,70.3,405.0,0.171,0.394,0.934,Heavy congestion detected - signal timing extended and reroute suggested
EVT413005,2025-06-13 05:28:43,Sports Fixture,J012,Koramangala Sony World,20258,Weekday,False,Rain,True,14.3,False,False,0.494,Moderate,21.6,30.3,251.5,0.159,0.368,0.935,Light rain detected - minor speed reduction advised
EVT413006,2025-08-30 20:20:23,Trade Fair,J020,Malleshwaram Circle,7474,Weekend,False,Clear,False,0.0,False,False,0.665,High,17.5,51.3,171.8,0.097,0.225,0.968,Moderate traffic flow - standard adaptive signal timing in effect
EVT413007,2026-01-03 07:03:52,Local Market Day,J012,Koramangala Sony World,5538,Weekend,False,Clear,False,0.0,False,False,0.537,Moderate,24.5,40.0,199.2,0.136,0.314,0.96,Moderate traffic flow - standard adaptive signal timing in effect
EVT413008,2025-11-22 17:58:04,Trade Fair,J023,Basavanagudi,10336,Weekend,False,Clear,False,0.0,False,False,0.872,Severe,12.7,60.2,323.1,0.156,0.36,0.941,Heavy congestion detected - signal timing extended and reroute suggested
EVT413009,2026-01-24 09:00:37,Political Rally,J040,City Market,15848,Weekend,False,Clear,False,0.0,False,False,0.967,Severe,7.8,73.7,670.4,0.216,0.498,0.897,Heavy congestion detected - signal timing extended and reroute suggested
EVT413010,2025-07-21 22:22:12,Concert,J023,Basavanagudi,13792,Weekday,False,Clear,False,0.0,False,False,0.288,Low,37.7,24.9,104.5,0.087,0.202,0.979,Moderate traffic flow - standard adaptive signal timing in effect
EVT413011,2026-05-14 17:19:20,Political Rally,J031,Cubbon Road,24470,Weekday,False,Light Rain,True,6.0,False,False,1.0,Severe,8.6,72.9,201.7,0.089,0.205,0.867,Heavy rain reducing visibility and grip - reduced speed and longer buffer advised
EVT413012,2025-03-19 07:10:52,Sports Fixture,J011,Indiranagar 100ft Road,38270,Weekday,False,Clear,False,0.0,False,False,0.712,High,20.3,53.4,219.4,0.164,0.379,0.976,Moderate traffic flow - standard adaptive signal timing in effect
EVT413013,2025-06-15 18:02:05,Local Market Day,J011,Indiranagar 100ft Road,2211,Weekend,False,Clear,False,0.0,False,False,0.774,Severe,15.0,56.1,224.8,0.112,0.258,0.96,Heavy congestion detected - signal timing extended and reroute suggested
EVT413014,2026-04-11 14:24:50,Political Rally,J031,Cubbon Road,12205,Weekend,False,Clear,False,0.0,False,False,0.404,Moderate,25.1,31.4,131.8,0.111,0.255,0.99,Moderate traffic flow - standard adaptive signal timing in effect
EVT413015,2026-01-25 10:55:11,Local Market Day,J011,Indiranagar 100ft Road,3427,Weekend,False,Clear,False,0.0,False,False,0.34,Low,24.4,22.6,222.7,0.158,0.366,0.982,Moderate traffic flow - standard adaptive signal timing in effect
EVT413016,2025-01-26 18:46:18,Cultural Procession,J012,Koramangala Sony World,33079,Weekend,True,Fog,False,0.0,False,True,1.0,Severe,7.4,99.3,385.5,0.141,0.326,0.85,Road closure for event/procession - full detour recommended for through-traffic
EVT413017,2025-07-08 19:40:48,Local Market Day,J030,MG Road,4921,Weekday,False,Rain,True,16.2,False,False,1.0,Severe,9.0,72.6,484.8,0.174,0.401,0.847,Heavy rain reducing visibility and grip - reduced speed and longer buffer advised
EVT413018,2025-08-13 10:04:31,Trade Fair,J023,Basavanagudi,10263,Weekday,False,Light Rain,True,0.7,False,False,0.925,Severe,11.3,69.7,187.4,0.088,0.204,0.862,Heavy rain reducing visibility and grip - reduced speed and longer buffer advised
EVT413019,2025-06-23 10:37:17,Concert,J012,Koramangala Sony World,11165,Weekday,False,Clear,False,0.0,False,False,0.634,High,16.1,41.8,371.9,0.17,0.392,0.959,Moderate traffic flow - standard adaptive signal timing in effect
EVT413020,2026-03-24 09:10:18,Trade Fair,J012,Koramangala Sony World,10283,Weekday,False,Clear,False,0.0,False,False,1.0,Severe,8.7,69.4,512.4,0.186,0.43,0.904,Heavy congestion detected - signal timing extended and reroute suggested
EVT413021,2026-05-16 12:50:29,Sports Fixture,J009,Majestic,28344,Weekend,False,Clear,False,0.0,False,False,0.378,Moderate,31.4,23.5,119.9,0.108,0.249,0.958,Moderate traffic flow - standard adaptive signal timing in effect
EVT413022,2025-11-08 09:00:56,Concert,J011,Indiranagar 100ft Road,16983,Weekend,False,Clear,False,0.0,False,False,0.971,Severe,10.4,71.3,611.1,0.262,0.606,0.918,Heavy congestion detected - signal timing extended and reroute suggested
EVT413023,2025-12-19 19:08:34,Local Market Day,J023,Basavanagudi,4850,Weekday,False,Clear,False,0.0,False,False,0.978,Severe,8.2,73.7,809.9,0.258,0.595,0.936,Heavy congestion detected - signal timing extended and reroute suggested
EVT413024,2025-03-23 18:42:31,Local Market Day,J009,Majestic,4428,Weekend,False,Clear,False,0.0,False,False,0.803,Severe,13.1,62.5,379.4,0.155,0.357,0.96,Heavy congestion detected - signal timing extended and reroute suggested
EVT413025,2025-11-01 15:40:54,Religious Festival,J009,Majestic,53416,Weekend,True,Light Rain,True,2.7,False,False,1.0,Severe,8.0,68.0,649.3,0.236,0.546,0.796,Festival crowd surge detected - alternate route and extended cycle recommended
EVT413026,2025-06-23 16:57:22,Local Market Day,J011,Indiranagar 100ft Road,6193,Weekday,False,Clear,False,0.0,False,False,0.716,High,18.0,48.1,289.9,0.16,0.371,0.972,Moderate traffic flow - standard adaptive signal timing in effect
EVT413027,2025-05-17 12:57:11,Concert,J023,Basavanagudi,21125,Weekend,False,Clear,False,0.0,False,False,0.303,Low,30.7,23.7,89.7,0.056,0.13,0.969,Moderate traffic flow - standard adaptive signal timing in effect
EVT413028,2025-09-22 10:21:23,Sports Fixture,J011,Indiranagar 100ft Road,15477,Weekday,False,Clear,False,0.0,False,False,0.681,High,16.4,45.2,412.0,0.227,0.524,0.969,Moderate traffic flow - standard adaptive signal timing in effect
EVT413029,2025-04-02 09:18:31,Sports Fixture,J009,Majestic,16025,Weekday,False,Clear,False,0.0,False,False,1.0,Severe,8.0,71.6,482.4,0.192,0.445,0.91,Heavy congestion detected - signal timing extended and reroute suggested
EVT413030,2025-05-02 13:54:32,Religious Festival,J040,City Market,39761,Weekday,True,Rain,True,9.3,False,True,0.839,High,14.1,78.9,268.1,0.162,0.374,0.82,Road closure for event/procession - full detour recommended for through-traffic
EVT413031,2025-03-28 20:43:46,Concert,J009,Majestic,10620,Weekday,False,Clear,False,0.0,True,False,0.876,Severe,10.2,67.9,402.5,0.166,0.382,0.781,Accident detected nearby - reroute and reduced speed advised
EVT413032,2026-02-06 07:11:58,Local Market Day,J012,Koramangala Sony World,4647,Weekday,False,Clear,False,0.0,False,False,0.56,High,21.1,42.0,205.7,0.12,0.276,0.959,Moderate traffic flow - standard adaptive signal timing in effect
EVT413033,2026-02-17 14:06:41,Trade Fair,J011,Indiranagar 100ft Road,12715,Weekday,False,Clear,False,0.0,False,False,0.274,Low,28.5,22.7,195.0,0.136,0.315,0.99,Moderate traffic flow - standard adaptive signal timing in effect
EVT413034,2025-08-06 17:17:32,Local Market Day,J020,Malleshwaram Circle,3705,Weekday,False,Light Rain,True,1.0,False,False,0.915,Severe,11.3,60.9,246.9,0.099,0.23,0.85,Heavy rain reducing visibility and grip - reduced speed and longer buffer advised
EVT413035,2025-06-16 10:13:20,Local Market Day,J023,Basavanagudi,2320,Weekday,False,Clear,False,0.0,False,False,0.689,High,19.8,50.5,257.2,0.178,0.41,0.956,Moderate traffic flow - standard adaptive signal timing in effect
EVT413036,2026-04-19 07:04:08,Trade Fair,J009,Majestic,11935,Weekend,False,Clear,False,0.0,False,False,0.474,Moderate,27.8,32.8,166.8,0.128,0.297,0.975,Moderate traffic flow - standard adaptive signal timing in effect
EVT413037,2026-05-08 09:46:53,Local Market Day,J011,Indiranagar 100ft Road,7626,Weekday,False,Clear,False,0.0,False,False,0.907,Severe,11.4,63.4,415.9,0.181,0.419,0.95,Heavy congestion detected - signal timing extended and reroute suggested
EVT413038,2025-09-13 19:54:37,Political Rally,J020,Malleshwaram Circle,8569,Weekend,False,Heavy Rain,True,70.8,True,False,1.0,Severe,9.6,67.9,343.1,0.139,0.32,0.692,Accident detected nearby - reroute and reduced speed advised
EVT413039,2026-01-03 08:55:51,Concert,J040,City Market,8647,Weekend,False,Clear,False,0.0,False,False,0.871,Severe,12.1,59.1,525.8,0.218,0.504,0.944,Heavy congestion detected - signal timing extended and reroute suggested
EVT413040,2026-01-08 19:35:55,Political Rally,J012,Koramangala Sony World,13014,Weekday,False,Clear,False,0.0,False,False,0.897,Severe,12.8,59.3,502.4,0.258,0.597,0.957,Heavy congestion detected - signal timing extended and reroute suggested
EVT413041,2025-05-23 09:21:57,Trade Fair,J030,MG Road,16591,Weekday,False,Clear,False,0.0,False,False,0.971,Severe,10.2,75.0,505.2,0.221,0.511,0.927,Heavy congestion detected - signal timing extended and reroute suggested
EVT413042,2025-06-24 15:35:39,Concert,J009,Majestic,13829,Weekday,False,Rain,True,21.0,False,False,0.637,High,23.8,41.8,209.3,0.157,0.364,0.928,Heavy rain reducing visibility and grip - reduced speed and longer buffer advised
EVT413043,2026-06-13 20:00:53,Local Market Day,J020,Malleshwaram Circle,4158,Weekend,False,Clear,False,0.0,False,False,0.66,High,21.8,45.5,174.7,0.111,0.255,0.948,Moderate traffic flow - standard adaptive signal timing in effect
EVT413044,2025-11-08 01:56:02,Concert,J031,Cubbon Road,8079,Weekend,False,Clear,False,0.0,False,False,0.226,Low,38.0,11.0,110.2,0.104,0.24,0.954,Normal free-flow traffic - standard signal timing maintained
EVT413045,2026-02-03 15:45:40,Concert,J020,Malleshwaram Circle,24101,Weekday,False,Clear,False,0.0,False,False,0.44,Moderate,29.2,29.5,155.4,0.112,0.259,0.96,Moderate traffic flow - standard adaptive signal timing in effect
EVT413046,2026-04-29 11:40:03,Local Market Day,J012,Koramangala Sony World,3671,Weekday,False,Clear,False,0.0,False,False,0.272,Low,32.1,16.2,126.9,0.097,0.224,0.954,Moderate traffic flow - standard adaptive signal timing in effect
EVT413047,2026-02-04 12:51:00,Sports Fixture,J040,City Market,21586,Weekday,False,Clear,False,0.0,False,False,0.313,Low,36.5,21.1,108.9,0.093,0.215,0.976,Moderate traffic flow - standard adaptive signal timing in effect
EVT413048,2026-03-09 13:24:51,Sports Fixture,J023,Basavanagudi,19707,Weekday,False,Light Rain,True,6.5,False,False,0.454,Moderate,28.2,26.6,104.7,0.069,0.16,0.893,Light rain detected - minor speed reduction advised
EVT413049,2026-01-13 12:58:07,Trade Fair,J030,MG Road,6118,Weekday,False,Clear,False,0.0,False,False,0.105,Low,40.2,10.0,53.6,0.075,0.174,0.949,Normal free-flow traffic - standard signal timing maintained
EVT413050,2026-01-01 16:23:34,Fireworks Display,J031,Cubbon Road,30264,Weekday,True,Light Rain,True,1.9,False,False,0.944,Severe,10.0,63.0,467.8,0.19,0.44,0.82,Festival crowd surge detected - alternate route and extended cycle recommended
EVT413051,2025-11-10 20:48:58,Local Market Day,J031,Cubbon Road,3014,Weekday,False,Clear,False,0.0,False,False,0.511,Moderate,23.3,35.4,107.4,0.064,0.148,0.957,Moderate traffic flow - standard adaptive signal timing in effect
EVT413052,2025-10-11 15:59:31,Political Rally,J011,Indiranagar 100ft Road,30024,Weekend,False,Clear,False,0.0,False,False,0.585,High,18.2,43.8,209.1,0.122,0.282,0.974,Moderate traffic flow - standard adaptive signal timing in effect
EVT413053,2025-01-27 13:17:58,Fireworks Display,J023,Basavanagudi,58645,Weekday,True,Clear,False,0.0,False,False,0.729,High,18.4,56.6,307.1,0.191,0.441,0.905,Festival crowd surge detected - alternate route and extended cycle recommended
EVT413054,2026-02-04 09:56:07,Political Rally,J020,Malleshwaram Circle,17249,Weekday,False,Clear,False,0.0,False,False,0.897,Severe,12.4,60.9,287.0,0.137,0.316,0.929,Heavy congestion detected - signal timing extended and reroute suggested
EVT413055,2025-01-11 12:06:44,Local Market Day,J011,Indiranagar 100ft Road,3453,Weekend,False,Clear,False,0.0,False,False,0.257,Low,32.7,12.2,201.8,0.183,0.423,0.969,Moderate traffic flow - standard adaptive signal timing in effect
EVT413056,2025-10-20 18:29:18,Religious Festival,J009,Majestic,39067,Weekday,True,Rain,True,12.3,False,False,1.0,Severe,8.3,74.9,781.5,0.261,0.603,0.823,Festival crowd surge detected - alternate route and extended cycle recommended
EVT413057,2026-05-08 19:14:17,Trade Fair,J011,Indiranagar 100ft Road,11417,Weekday,False,Clear,False,0.0,False,False,0.907,Severe,14.1,63.5,360.3,0.185,0.428,0.936,Heavy congestion detected - signal timing extended and reroute suggested
EVT413058,2025-08-27 09:09:50,Religious Festival,J020,Malleshwaram Circle,27077,Weekday,True,Heavy Rain,True,38.0,False,False,1.0,Severe,8.1,70.6,587.5,0.199,0.461,0.797,Festival crowd surge detected - alternate route and extended cycle recommended
EVT413059,2025-04-02 14:01:37,Sports Fixture,J040,City Market,23166,Weekday,False,Clear,False,0.0,False,False,0.322,Low,29.5,23.3,119.9,0.108,0.249,0.985,Moderate traffic flow - standard adaptive signal timing in effect
EVT413060,2025-04-09 14:27:46,Local Market Day,J023,Basavanagudi,2992,Weekday,False,Clear,False,0.0,False,False,0.203,Low,37.2,17.7,47.8,0.031,0.071,0.966,Normal free-flow traffic - standard signal timing maintained
EVT413061,2025-07-14 18:27:56,Concert,J023,Basavanagudi,9612,Weekday,False,Rain,True,12.9,False,False,1.0,Severe,7.0,77.3,963.7,0.253,0.585,0.878,Heavy rain reducing visibility and grip - reduced speed and longer buffer advised
EVT413062,2026-01-03 09:34:13,Trade Fair,J030,MG Road,12128,Weekend,False,Clear,False,0.0,False,False,0.893,Severe,11.2,62.2,156.5,0.075,0.172,0.943,Heavy congestion detected - signal timing extended and reroute suggested
EVT413063,2025-05-24 17:53:43,Trade Fair,J011,Indiranagar 100ft Road,11297,Weekend,False,Heavy Rain,True,46.3,False,False,1.0,Severe,8.9,73.1,519.9,0.177,0.409,0.88,Heavy rain reducing visibility and grip - reduced speed and longer buffer advised
EVT413064,2025-01-08 20:13:56,Political Rally,J031,Cubbon Road,21167,Weekday,False,Clear,False,0.0,False,False,0.716,High,19.3,53.4,206.3,0.128,0.296,0.936,Moderate traffic flow - standard adaptive signal timing in effect
EVT413065,2026-03-14 10:51:31,Trade Fair,J023,Basavanagudi,8275,Weekend,False,Clear,False,0.0,False,False,0.414,Moderate,23.2,28.8,172.9,0.118,0.273,0.976,Moderate traffic flow - standard adaptive signal timing in effect
EVT413066,2025-04-11 22:00:41,Sports Fixture,J009,Majestic,12653,Weekday,False,Clear,False,0.0,False,False,0.308,Low,36.1,21.7,104.6,0.083,0.192,0.99,Moderate traffic flow - standard adaptive signal timing in effect
EVT413067,2025-05-16 08:51:41,Sports Fixture,J040,City Market,24538,Weekday,False,Rain,True,12.6,False,False,1.0,Severe,8.2,74.2,772.2,0.271,0.627,0.857,Heavy rain reducing visibility and grip - reduced speed and longer buffer advised
EVT413068,2025-08-05 08:10:40,Sports Fixture,J011,Indiranagar 100ft Road,34620,Weekday,False,Clear,False,0.0,False,False,1.0,Severe,8.8,72.5,661.8,0.227,0.524,0.891,Heavy congestion detected - signal timing extended and reroute suggested
EVT413069,2026-04-12 23:29:33,Trade Fair,J031,Cubbon Road,12035,Weekend,False,Clear,False,0.0,False,False,0.261,Low,38.1,17.7,137.9,0.16,0.371,0.957,Moderate traffic flow - standard adaptive signal timing in effect
EVT413070,2026-04-12 21:01:10,Sports Fixture,J020,Malleshwaram Circle,19730,Weekend,False,Clear,False,0.0,False,False,0.52,Moderate,21.1,38.3,276.5,0.177,0.409,0.974,Moderate traffic flow - standard adaptive signal timing in effect
EVT413071,2025-04-05 09:22:17,Sports Fixture,J040,City Market,24349,Weekend,False,Clear,False,0.0,False,False,0.925,Severe,10.1,66.9,222.1,0.097,0.225,0.937,Heavy congestion detected - signal timing extended and reroute suggested
EVT413072,2025-06-12 16:03:40,Concert,J023,Basavanagudi,10283,Weekday,False,Clear,False,0.0,False,False,0.419,Moderate,24.1,24.8,69.7,0.048,0.111,0.963,Moderate traffic flow - standard adaptive signal timing in effect
EVT413073,2025-01-25 05:06:44,Local Market Day,J031,Cubbon Road,4274,Weekend,False,Clear,False,0.0,False,False,0.213,Low,30.0,8.8,90.0,0.056,0.129,0.938,Normal free-flow traffic - standard signal timing maintained
EVT413074,2025-04-22 17:19:59,Concert,J009,Majestic,13645,Weekday,False,Clear,False,0.0,False,False,0.895,Severe,10.4,64.1,560.2,0.216,0.5,0.96,Heavy congestion detected - signal timing extended and reroute suggested
EVT413075,2025-10-24 18:33:39,Political Rally,J012,Koramangala Sony World,11390,Weekday,False,Clear,False,0.0,False,False,1.0,Severe,5.6,75.6,948.4,0.218,0.502,0.917,Heavy congestion detected - signal timing extended and reroute suggested
EVT413076,2025-06-04 17:58:39,Concert,J023,Basavanagudi,12113,Weekday,False,Rain,True,7.6,False,False,1.0,Severe,7.4,74.7,1147.2,0.337,0.779,0.877,Heavy rain reducing visibility and grip - reduced speed and longer buffer advised
EVT413077,2025-10-15 16:52:41,Sports Fixture,J030,MG Road,15182,Weekday,False,Clear,False,0.0,False,False,0.743,High,17.9,49.8,326.8,0.199,0.46,0.971,Moderate traffic flow - standard adaptive signal timing in effect
EVT413078,2026-02-25 07:20:01,Local Market Day,J020,Malleshwaram Circle,8214,Weekday,False,Clear,False,0.0,False,False,0.533,Moderate,27.2,41.1,86.0,0.038,0.087,0.942,Moderate traffic flow - standard adaptive signal timing in effect
EVT413079,2025-02-06 08:24:41,Trade Fair,J031,Cubbon Road,6427,Weekday,False,Clear,False,0.0,False,False,0.967,Severe,10.0,69.5,470.8,0.178,0.41,0.901,Heavy congestion detected - signal timing extended and reroute suggested
EVT413080,2026-03-31 14:54:01,Local Market Day,J020,Malleshwaram Circle,5916,Weekday,False,Clear,False,0.0,False,False,0.23,Low,33.1,10.1,105.2,0.103,0.237,0.978,Normal free-flow traffic - standard signal timing maintained
EVT413081,2026-03-05 08:23:01,Cultural Procession,J023,Basavanagudi,16847,Weekday,True,Clear,False,0.0,False,False,1.0,Severe,8.6,69.0,667.1,0.24,0.554,0.874,Festival crowd surge detected - alternate route and extended cycle recommended
EVT413082,2025-11-23 13:06:28,Sports Fixture,J031,Cubbon Road,26641,Weekend,False,Clear,False,0.0,False,False,0.398,Moderate,29.9,31.8,139.4,0.129,0.298,0.978,Moderate traffic flow - standard adaptive signal timing in effect
EVT413083,2025-02-08 20:32:45,Local Market Day,J009,Majestic,3613,Weekend,False,Fog,False,0.0,False,False,0.496,Moderate,20.7,38.1,416.3,0.239,0.552,0.979,Moderate traffic flow - standard adaptive signal timing in effect
EVT413084,2025-06-26 13:43:03,Political Rally,J009,Majestic,21108,Weekday,False,Clear,False,0.0,False,False,0.307,Low,28.6,31.0,129.1,0.115,0.265,0.99,Moderate traffic flow - standard adaptive signal timing in effect
EVT413085,2026-04-05 08:19:23,Local Market Day,J023,Basavanagudi,3413,Weekend,False,Clear,False,0.0,False,False,0.766,Severe,18.8,54.5,240.7,0.164,0.379,0.946,Heavy congestion detected - signal timing extended and reroute suggested
EVT413086,2025-08-02 17:04:27,Concert,J009,Majestic,11640,Weekend,False,Clear,False,0.0,False,False,0.644,High,20.9,45.7,243.2,0.138,0.318,0.932,Moderate traffic flow - standard adaptive signal timing in effect
EVT413087,2026-02-27 16:12:53,Trade Fair,J030,MG Road,8777,Weekday,False,Clear,False,0.0,False,False,0.447,Moderate,21.9,36.1,231.1,0.174,0.401,0.955,Moderate traffic flow - standard adaptive signal timing in effect
EVT413088,2025-11-03 21:57:44,Trade Fair,J040,City Market,5941,Weekday,False,Heavy Rain,True,28.0,False,False,0.648,High,25.2,45.4,165.1,0.116,0.268,0.911,Heavy rain reducing visibility and grip - reduced speed and longer buffer advised
EVT413089,2026-04-28 07:23:06,Sports Fixture,J030,MG Road,18669,Weekday,False,Clear,False,0.0,False,False,0.745,High,16.1,55.3,351.6,0.191,0.442,0.977,Moderate traffic flow - standard adaptive signal timing in effect
EVT413090,2025-02-08 19:18:51,Concert,J023,Basavanagudi,14038,Weekend,False,Clear,False,0.0,False,False,0.921,Severe,9.3,65.9,555.2,0.218,0.503,0.907,Heavy congestion detected - signal timing extended and reroute suggested
EVT413091,2025-09-06 10:21:44,Cultural Procession,J031,Cubbon Road,14602,Weekend,True,Heavy Rain,True,28.3,False,True,1.0,Severe,10.4,96.2,670.1,0.272,0.629,0.772,Road closure for event/procession - full detour recommended for through-traffic
EVT413092,2025-04-01 17:57:20,Local Market Day,J009,Majestic,2925,Weekday,False,Clear,False,0.0,False,False,0.907,Severe,11.4,65.6,504.0,0.204,0.471,0.938,Heavy congestion detected - signal timing extended and reroute suggested
EVT413093,2026-06-04 20:27:08,Trade Fair,J040,City Market,7379,Weekday,False,Clear,False,0.0,False,False,0.575,High,21.4,51.9,154.2,0.1,0.232,0.976,Moderate traffic flow - standard adaptive signal timing in effect
EVT413094,2026-01-22 08:18:25,Political Rally,J020,Malleshwaram Circle,17938,Weekday,False,Clear,False,0.0,False,False,0.974,Severe,10.5,74.2,513.7,0.231,0.534,0.933,Heavy congestion detected - signal timing extended and reroute suggested
EVT413095,2026-01-02 18:31:36,Religious Festival,J030,MG Road,52113,Weekday,True,Clear,False,0.0,False,True,1.0,Severe,7.8,104.4,572.5,0.214,0.495,0.823,Road closure for event/procession - full detour recommended for through-traffic
EVT413096,2025-10-06 14:46:04,Sports Fixture,J031,Cubbon Road,28302,Weekday,False,Clear,False,0.0,False,False,0.376,Moderate,31.5,31.9,227.4,0.185,0.428,0.99,Moderate traffic flow - standard adaptive signal timing in effect
EVT413097,2025-06-15 08:59:13,Sports Fixture,J012,Koramangala Sony World,14115,Weekend,False,Rain,True,11.7,False,False,1.0,Severe,9.3,71.6,196.8,0.102,0.235,0.864,Heavy rain reducing visibility and grip - reduced speed and longer buffer advised
EVT413098,2025-11-06 09:38:38,Local Market Day,J009,Majestic,3482,Weekday,False,Clear,False,0.0,False,False,0.864,Severe,10.7,69.4,171.1,0.103,0.238,0.93,Heavy congestion detected - signal timing extended and reroute suggested
EVT413099,2025-06-19 19:04:53,Concert,J031,Cubbon Road,9053,Weekday,False,Clear,False,0.0,False,False,1.0,Severe,7.8,70.5,711.2,0.248,0.573,0.894,Heavy congestion detected - signal timing extended and reroute suggested
EVT413100,2026-05-25 06:36:06,Concert,J030,MG Road,13003,Weekday,False,Rain,True,13.5,False,False,0.534,Moderate,23.5,38.9,158.7,0.13,0.299,0.916,Light rain detected - minor speed reduction advised
EVT413101,2025-07-19 18:08:35,Trade Fair,J030,MG Road,11363,Weekend,False,Clear,False,0.0,False,False,0.903,Severe,10.5,65.3,437.0,0.17,0.393,0.944,Heavy congestion detected - signal timing extended and reroute suggested
EVT413102,2025-07-03 17:46:26,Sports Fixture,J020,Malleshwaram Circle,23673,Weekday,False,Rain,True,21.0,False,False,1.0,Severe,8.2,67.4,628.8,0.235,0.542,0.863,Heavy rain reducing visibility and grip - reduced speed and longer buffer advised
EVT413103,2025-08-08 07:16:45,Concert,J020,Malleshwaram Circle,7802,Weekday,False,Rain,True,24.1,False,False,0.825,Severe,13.3,57.3,354.2,0.187,0.432,0.898,Heavy rain reducing visibility and grip - reduced speed and longer buffer advised
EVT413104,2025-08-01 17:51:05,Local Market Day,J040,City Market,5991,Weekday,False,Heavy Rain,True,82.8,False,False,1.0,Severe,8.0,70.4,688.7,0.255,0.59,0.86,Heavy rain reducing visibility and grip - reduced speed and longer buffer advised
EVT413105,2026-02-25 17:48:46,Local Market Day,J020,Malleshwaram Circle,4587,Weekday,False,Clear,False,0.0,False,False,0.911,Severe,10.6,59.4,270.8,0.111,0.256,0.918,Heavy congestion detected - signal timing extended and reroute suggested
EVT413106,2026-04-05 15:00:56,Concert,J009,Majestic,9670,Weekend,False,Clear,False,0.0,False,False,0.433,Moderate,32.3,30.0,113.2,0.109,0.252,0.963,Moderate traffic flow - standard adaptive signal timing in effect
EVT413107,2026-04-06 13:30:11,Local Market Day,J030,MG Road,4455,Weekday,False,Clear,False,0.0,False,False,0.267,Low,27.5,16.3,155.5,0.127,0.294,0.979,Moderate traffic flow - standard adaptive signal timing in effect
EVT413108,2025-03-29 18:45:20,Sports Fixture,J030,MG Road,22219,Weekend,False,Clear,False,0.0,False,False,0.961,Severe,11.4,75.7,273.4,0.12,0.277,0.908,Heavy congestion detected - signal timing extended and reroute suggested
EVT413109,2026-04-11 20:36:12,Local Market Day,J011,Indiranagar 100ft Road,4317,Weekend,False,Light Rain,True,0.6,False,False,0.621,High,17.2,45.0,304.7,0.169,0.39,0.946,Heavy rain reducing visibility and grip - reduced speed and longer buffer advised
EVT413110,2026-06-06 14:55:28,Local Market Day,J009,Majestic,3391,Weekend,False,Rain,True,22.3,False,False,0.519,Moderate,22.8,36.7,179.6,0.131,0.303,0.895,Light rain detected - minor speed reduction advised
EVT413111,2025-10-25 10:53:40,Political Rally,J012,Koramangala Sony World,11566,Weekend,False,Clear,False,0.0,False,False,0.47,Moderate,30.0,36.5,166.3,0.13,0.299,0.963,Moderate traffic flow - standard adaptive signal timing in effect
EVT413112,2026-04-09 09:11:55,Local Market Day,J031,Cubbon Road,2956,Weekday,False,Clear,False,0.0,False,False,0.922,Severe,12.8,64.7,446.4,0.238,0.551,0.917,Heavy congestion detected - signal timing extended and reroute suggested
EVT413113,2025-02-04 16:06:52,Local Market Day,J012,Koramangala Sony World,3551,Weekday,False,Clear,False,0.0,False,False,0.337,Low,30.2,30.0,222.8,0.193,0.447,0.977,Moderate traffic flow - standard adaptive signal timing in effect
EVT413114,2025-01-19 09:13:48,Concert,J012,Koramangala Sony World,19295,Weekend,False,Clear,False,0.0,False,False,0.912,Severe,13.2,66.6,464.5,0.224,0.518,0.933,Heavy congestion detected - signal timing extended and reroute suggested
EVT413115,2025-05-14 21:42:46,Local Market Day,J011,Indiranagar 100ft Road,3630,Weekday,False,Clear,False,0.0,False,False,0.289,Low,30.0,20.5,162.1,0.116,0.268,0.957,Moderate traffic flow - standard adaptive signal timing in effect
EVT413116,2026-05-22 18:06:29,Concert,J030,MG Road,26875,Weekday,False,Clear,False,0.0,False,False,1.0,Severe,9.6,72.7,472.3,0.182,0.419,0.898,Heavy congestion detected - signal timing extended and reroute suggested
EVT413117,2026-04-04 09:01:44,Local Market Day,J031,Cubbon Road,3649,Weekend,False,Rain,True,8.4,False,False,0.925,Severe,12.6,64.8,530.2,0.238,0.549,0.884,Heavy rain reducing visibility and grip - reduced speed and longer buffer advised
EVT413118,2025-07-19 17:28:14,Sports Fixture,J023,Basavanagudi,31201,Weekend,False,Clear,False,0.0,False,False,0.921,Severe,12.7,71.8,348.8,0.17,0.392,0.926,Heavy congestion detected - signal timing extended and reroute suggested
EVT413119,2025-12-20 08:26:50,Trade Fair,J011,Indiranagar 100ft Road,12523,Weekend,False,Clear,False,0.0,False,False,0.827,Severe,11.8,63.1,287.5,0.128,0.296,0.941,Heavy congestion detected - signal timing extended and reroute suggested
EVT413120,2025-03-05 07:36:26,Local Market Day,J009,Majestic,5105,Weekday,False,Clear,False,0.0,False,False,0.681,High,21.9,47.8,195.4,0.142,0.329,0.966,Moderate traffic flow - standard adaptive signal timing in effect
EVT413121,2025-10-21 10:55:06,Religious Festival,J023,Basavanagudi,54530,Weekday,True,Clear,False,0.0,False,True,1.0,Severe,7.4,99.1,786.2,0.255,0.589,0.84,Road closure for event/procession - full detour recommended for through-traffic
EVT413122,2025-02-19 10:29:55,Sports Fixture,J012,Koramangala Sony World,24193,Weekday,False,Fog,False,0.0,False,False,0.758,Severe,12.9,56.4,196.5,0.092,0.211,0.947,Heavy congestion detected - signal timing extended and reroute suggested
EVT413123,2025-02-21 11:03:59,Local Market Day,J020,Malleshwaram Circle,4169,Weekday,False,Clear,False,0.0,False,False,0.516,Moderate,17.3,36.6,338.8,0.166,0.384,0.95,Moderate traffic flow - standard adaptive signal timing in effect
EVT413124,2025-01-14 14:32:34,Cultural Procession,J030,MG Road,18737,Weekday,True,Clear,False,0.0,False,True,0.658,Moderate,21.2,66.7,237.4,0.156,0.361,0.883,Road closure for event/procession - full detour recommended for through-traffic
EVT413125,2026-05-11 18:35:00,Trade Fair,J020,Malleshwaram Circle,9141,Weekday,False,Light Rain,True,1.3,False,False,1.0,Severe,8.0,72.9,390.7,0.141,0.325,0.853,Heavy rain reducing visibility and grip - reduced speed and longer buffer advised
EVT413126,2025-03-27 08:26:29,Concert,J031,Cubbon Road,11127,Weekday,False,Clear,False,0.0,False,False,1.0,Severe,9.7,73.4,392.2,0.157,0.362,0.931,Heavy congestion detected - signal timing extended and reroute suggested
EVT413127,2025-12-03 10:10:09,Local Market Day,J023,Basavanagudi,5459,Weekday,False,Clear,False,0.0,False,False,0.789,Severe,18.6,57.4,348.8,0.217,0.501,0.948,Heavy congestion detected - signal timing extended and reroute suggested
EVT413128,2025-02-18 09:00:21,Political Rally,J030,MG Road,18577,Weekday,False,Clear,False,0.0,False,False,1.0,Severe,9.4,59.8,471.8,0.189,0.438,0.926,Heavy congestion detected - signal timing extended and reroute suggested
EVT413129,2026-01-07 09:13:32,Concert,J009,Majestic,6584,Weekday,False,Clear,False,0.0,False,False,0.969,Severe,9.5,66.0,458.2,0.171,0.394,0.913,Heavy congestion detected - signal timing extended and reroute suggested
EVT413130,2025-01-27 19:25:36,Fireworks Display,J023,Basavanagudi,16669,Weekday,True,Clear,False,0.0,False,False,1.0,Severe,9.2,72.5,538.1,0.221,0.51,0.849,Festival crowd surge detected - alternate route and extended cycle recommended
EVT413131,2025-06-16 21:37:54,Sports Fixture,J012,Koramangala Sony World,20090,Weekday,False,Clear,False,0.0,False,False,0.326,Low,24.8,22.0,135.7,0.105,0.243,0.973,Moderate traffic flow - standard adaptive signal timing in effect
EVT413132,2025-02-14 18:19:58,Sports Fixture,J031,Cubbon Road,22475,Weekday,False,Clear,False,0.0,False,False,1.0,Severe,8.4,73.5,228.0,0.097,0.223,0.908,Heavy congestion detected - signal timing extended and reroute suggested
EVT413133,2025-01-15 16:56:18,Religious Festival,J009,Majestic,65232,Weekday,True,Clear,False,0.0,False,True,1.0,Severe,8.8,99.2,533.5,0.209,0.482,0.865,Road closure for event/procession - full detour recommended for through-traffic
EVT413134,2025-06-10 11:37:25,Trade Fair,J040,City Market,7098,Weekday,False,Clear,False,0.0,False,False,0.315,Low,28.6,30.4,80.7,0.046,0.107,0.99,Moderate traffic flow - standard adaptive signal timing in effect
EVT413135,2025-02-28 10:37:39,Political Rally,J020,Malleshwaram Circle,11257,Weekday,False,Light Rain,True,1.1,False,False,0.683,High,20.5,49.4,298.1,0.201,0.465,0.913,Heavy rain reducing visibility and grip - reduced speed and longer buffer advised
EVT413136,2025-01-18 08:14:27,Local Market Day,J031,Cubbon Road,3985,Weekend,False,Clear,False,0.0,False,False,0.74,High,17.3,47.0,178.3,0.118,0.273,0.987,Moderate traffic flow - standard adaptive signal timing in effect
EVT413137,2025-10-24 08:07:27,Concert,J031,Cubbon Road,11784,Weekday,False,Clear,False,0.0,False,False,0.92,Severe,12.6,72.0,323.0,0.156,0.36,0.922,Heavy congestion detected - signal timing extended and reroute suggested
EVT413138,2025-03-27 08:33:17,Concert,J009,Majestic,24017,Weekday,False,Clear,False,0.0,False,False,1.0,Severe,9.3,74.3,610.8,0.247,0.57,0.912,Heavy congestion detected - signal timing extended and reroute suggested
EVT413139,2025-08-05 05:33:26,Trade Fair,J020,Malleshwaram Circle,7325,Weekday,False,Rain,True,11.6,False,False,0.42,Moderate,31.4,31.6,155.0,0.13,0.3,0.927,Light rain detected - minor speed reduction advised
EVT413140,2026-04-29 17:00:51,Local Market Day,J023,Basavanagudi,5802,Weekday,False,Clear,False,0.0,False,False,0.641,High,24.5,44.4,182.6,0.153,0.353,0.971,Moderate traffic flow - standard adaptive signal timing in effect
EVT413141,2025-07-14 12:57:11,Local Market Day,J040,City Market,3792,Weekday,False,Clear,False,0.0,False,False,0.185,Low,31.3,16.9,110.6,0.081,0.186,0.982,Normal free-flow traffic - standard signal timing maintained
EVT413142,2025-01-26 18:20:28,Cultural Procession,J031,Cubbon Road,18561,Weekend,True,Clear,False,0.0,False,False,1.0,Severe,6.5,77.2,544.6,0.169,0.391,0.867,Festival crowd surge detected - alternate route and extended cycle recommended
EVT413143,2025-05-20 17:44:15,Trade Fair,J020,Malleshwaram Circle,6371,Weekday,False,Clear,False,0.0,False,False,0.967,Severe,9.5,67.9,773.6,0.298,0.688,0.921,Heavy congestion detected - signal timing extended and reroute suggested
EVT413144,2025-05-06 17:22:24,Sports Fixture,J030,MG Road,18378,Weekday,False,Clear,False,0.0,False,False,0.902,Severe,10.8,62.3,413.1,0.163,0.376,0.934,Heavy congestion detected - signal timing extended and reroute suggested
EVT413145,2025-04-28 10:54:34,Sports Fixture,J040,City Market,16901,Weekday,False,Clear,False,0.0,False,False,0.539,Moderate,24.2,36.5,212.9,0.16,0.37,0.957,Moderate traffic flow - standard adaptive signal timing in effect
EVT413146,2026-03-27 21:54:51,Cultural Procession,J011,Indiranagar 100ft Road,8894,Weekday,True,Clear,False,0.0,False,False,0.501,Moderate,24.6,36.6,84.1,0.048,0.11,0.908,Festival crowd surge detected - alternate route and extended cycle recommended
EVT413147,2025-08-02 14:36:48,Trade Fair,J012,Koramangala Sony World,15146,Weekend,False,Heavy Rain,True,34.2,False,False,0.703,High,16.3,51.6,298.8,0.173,0.4,0.902,Heavy rain reducing visibility and grip - reduced speed and longer buffer advised
EVT413148,2025-06-16 00:01:44,Trade Fair,J031,Cubbon Road,11292,Weekday,False,Clear,False,0.0,False,False,0.218,Low,29.9,14.7,129.4,0.109,0.253,0.974,Normal free-flow traffic - standard signal timing maintained
EVT413149,2025-05-18 06:02:19,Local Market Day,J030,MG Road,8172,Weekend,False,Clear,False,0.0,False,False,0.374,Moderate,22.7,29.6,86.7,0.051,0.118,0.97,Moderate traffic flow - standard adaptive signal timing in effect
EVT413150,2025-07-21 20:39:24,Concert,J012,Koramangala Sony World,9783,Weekday,False,Rain,True,23.5,False,False,0.779,Severe,18.2,59.6,248.6,0.156,0.361,0.933,Heavy rain reducing visibility and grip - reduced speed and longer buffer advised
EVT413151,2026-06-27 21:17:50,Local Market Day,J040,City Market,6570,Weekend,False,Clear,False,0.0,False,False,0.438,Moderate,30.1,32.1,155.3,0.145,0.335,0.962,Moderate traffic flow - standard adaptive signal timing in effect
EVT413152,2025-11-07 10:52:09,Concert,J011,Indiranagar 100ft Road,10083,Weekday,False,Clear,False,0.0,False,False,0.556,High,20.2,43.2,184.6,0.117,0.27,0.983,Moderate traffic flow - standard adaptive signal timing in effect
EVT413153,2025-02-03 18:05:48,Political Rally,J031,Cubbon Road,11253,Weekday,False,Clear,False,0.0,False,False,1.0,Severe,5.8,66.0,655.7,0.167,0.387,0.926,Heavy congestion detected - signal timing extended and reroute suggested
EVT413154,2025-12-10 09:31:58,Concert,J023,Basavanagudi,8074,Weekday,False,Clear,False,0.0,False,False,1.0,Severe,6.4,77.2,331.6,0.12,0.276,0.91,Heavy congestion detected - signal timing extended and reroute suggested
EVT413155,2026-05-20 09:42:08,Sports Fixture,J011,Indiranagar 100ft Road,27123,Weekday,False,Clear,False,0.0,False,False,1.0,Severe,10.7,68.4,327.2,0.17,0.393,0.92,Heavy congestion detected - signal timing extended and reroute suggested
EVT413156,2025-01-21 11:26:56,Concert,J040,City Market,9855,Weekday,False,Clear,False,0.0,False,False,0.313,Low,31.9,21.2,149.0,0.131,0.303,0.965,Moderate traffic flow - standard adaptive signal timing in effect
EVT413157,2026-06-19 11:13:49,Political Rally,J023,Basavanagudi,11809,Weekday,False,Clear,False,0.0,False,False,0.392,Moderate,24.6,29.4,150.9,0.121,0.279,0.931,Moderate traffic flow - standard adaptive signal timing in effect
EVT413158,2026-04-25 08:42:36,Concert,J030,MG Road,16459,Weekend,False,Clear,False,0.0,False,False,0.89,Severe,12.7,61.0,630.0,0.276,0.638,0.975,Heavy congestion detected - signal timing extended and reroute suggested
EVT413159,2025-10-12 07:21:41,Sports Fixture,J011,Indiranagar 100ft Road,21045,Weekend,False,Clear,False,0.0,False,False,0.522,Moderate,25.5,31.2,302.3,0.218,0.504,0.936,Moderate traffic flow - standard adaptive signal timing in effect
EVT413160,2026-05-16 15:00:55,Local Market Day,J012,Koramangala Sony World,3336,Weekend,False,Clear,False,0.0,False,False,0.281,Low,31.0,26.0,57.3,0.055,0.127,0.937,Moderate traffic flow - standard adaptive signal timing in effect
EVT413161,2025-11-11 05:48:26,Trade Fair,J009,Majestic,15714,Weekday,False,Clear,False,0.0,False,False,0.277,Low,35.9,23.1,133.6,0.124,0.286,0.99,Moderate traffic flow - standard adaptive signal timing in effect
EVT413162,2025-05-30 12:58:33,Political Rally,J031,Cubbon Road,12631,Weekday,False,Clear,False,0.0,False,False,0.16,Low,30.4,9.4,60.0,0.066,0.152,0.95,Normal free-flow traffic - standard signal timing maintained
EVT413163,2025-05-25 18:41:26,Sports Fixture,J009,Majestic,31330,Weekend,False,Rain,True,21.4,False,False,1.0,Severe,7.8,67.9,250.4,0.102,0.236,0.879,Heavy rain reducing visibility and grip - reduced speed and longer buffer advised
EVT413164,2025-04-29 11:00:09,Sports Fixture,J020,Malleshwaram Circle,20571,Weekday,False,Clear,False,0.0,False,False,0.589,High,25.2,40.4,192.1,0.176,0.407,0.954,Moderate traffic flow - standard adaptive signal timing in effect
EVT413165,2026-06-13 18:56:01,Concert,J011,Indiranagar 100ft Road,11054,Weekend,False,Heavy Rain,True,55.8,False,False,1.0,Severe,7.2,67.0,395.0,0.13,0.3,0.84,Heavy rain reducing visibility and grip - reduced speed and longer buffer advised
EVT413166,2025-09-24 08:17:13,Sports Fixture,J040,City Market,17231,Weekday,False,Clear,False,0.0,False,False,0.936,Severe,10.5,72.1,401.4,0.165,0.381,0.961,Heavy congestion detected - signal timing extended and reroute suggested
EVT413167,2026-01-27 15:42:32,Religious Festival,J031,Cubbon Road,71839,Weekday,True,Clear,False,0.0,False,True,1.0,Severe,8.2,96.6,592.4,0.193,0.445,0.821,Road closure for event/procession - full detour recommended for through-traffic
EVT413168,2026-03-17 12:02:16,Concert,J040,City Market,10384,Weekday,False,Clear,False,0.0,False,False,0.247,Low,36.8,14.8,111.2,0.098,0.227,0.953,Normal free-flow traffic - standard signal timing maintained
EVT413169,2026-04-06 08:10:02,Political Rally,J031,Cubbon Road,7676,Weekday,False,Clear,False,0.0,False,False,0.929,Severe,12.4,67.8,409.6,0.182,0.421,0.922,Heavy congestion detected - signal timing extended and reroute suggested
EVT413170,2025-01-16 09:59:37,Sports Fixture,J012,Koramangala Sony World,15196,Weekday,False,Fog,False,0.0,False,False,0.937,Severe,10.9,66.4,456.0,0.203,0.47,0.933,Heavy congestion detected - signal timing extended and reroute suggested
EVT413171,2025-05-31 07:19:52,Concert,J023,Basavanagudi,10419,Weekend,False,Rain,True,8.2,False,False,0.708,High,22.2,51.5,253.8,0.167,0.386,0.917,Heavy rain reducing visibility and grip - reduced speed and longer buffer advised
EVT413172,2026-03-03 21:10:03,Political Rally,J012,Koramangala Sony World,15403,Weekday,False,Clear,False,0.0,False,False,0.472,Moderate,28.2,33.4,321.6,0.275,0.636,0.965,Moderate traffic flow - standard adaptive signal timing in effect
EVT413173,2025-11-12 08:46:03,Trade Fair,J020,Malleshwaram Circle,8531,Weekday,False,Clear,False,0.0,False,False,1.0,Severe,9.6,69.5,727.5,0.267,0.616,0.891,Heavy congestion detected - signal timing extended and reroute suggested
EVT413174,2025-03-14 09:27:29,Religious Festival,J011,Indiranagar 100ft Road,58074,Weekday,True,Clear,False,0.0,False,True,1.0,Severe,8.3,108.4,608.5,0.217,0.502,0.841,Road closure for event/procession - full detour recommended for through-traffic
EVT413175,2025-06-25 10:56:57,Sports Fixture,J009,Majestic,19192,Weekday,False,Heavy Rain,True,28.7,False,False,0.889,Severe,13.3,59.9,521.1,0.243,0.56,0.887,Heavy rain reducing visibility and grip - reduced speed and longer buffer advised
EVT413176,2025-02-16 09:41:41,Political Rally,J040,City Market,12390,Weekend,False,Clear,False,0.0,False,False,0.742,High,14.5,56.2,338.9,0.151,0.349,0.99,Moderate traffic flow - standard adaptive signal timing in effect
EVT413177,2025-04-19 20:40:24,Sports Fixture,J040,City Market,16338,Weekend,False,Clear,False,0.0,False,False,0.541,Moderate,25.5,33.4,125.4,0.09,0.209,0.955,Moderate traffic flow - standard adaptive signal timing in effect
EVT413178,2025-09-07 18:49:15,Political Rally,J020,Malleshwaram Circle,13660,Weekend,False,Rain,True,16.7,False,False,1.0,Severe,7.8,70.0,693.5,0.206,0.476,0.854,Heavy rain reducing visibility and grip - reduced speed and longer buffer advised
EVT413179,2025-01-06 09:46:21,Concert,J009,Majestic,16319,Weekday,False,Clear,False,0.0,False,False,0.946,Severe,11.1,59.2,370.6,0.163,0.376,0.918,Heavy congestion detected - signal timing extended and reroute suggested
EVT413180,2025-09-17 08:35:42,Political Rally,J040,City Market,15941,Weekday,False,Clear,False,0.0,False,False,0.987,Severe,9.3,71.5,706.0,0.252,0.582,0.894,Heavy congestion detected - signal timing extended and reroute suggested
EVT413181,2025-06-05 11:21:12,Local Market Day,J009,Majestic,4937,Weekday,False,Clear,False,0.0,False,False,0.37,Moderate,32.7,29.8,187.8,0.148,0.342,0.953,Moderate traffic flow - standard adaptive signal timing in effect
EVT413182,2025-05-25 09:49:14,Local Market Day,J009,Majestic,2601,Weekend,False,Clear,False,0.0,False,False,0.631,High,20.1,48.1,179.1,0.129,0.299,0.953,Moderate traffic flow - standard adaptive signal timing in effect
EVT413183,2025-03-13 20:42:33,Concert,J030,MG Road,26476,Weekday,False,Clear,False,0.0,False,False,0.621,High,22.2,42.8,174.5,0.126,0.29,0.99,Moderate traffic flow - standard adaptive signal timing in effect
EVT413184,2025-01-23 19:54:04,Local Market Day,J023,Basavanagudi,3884,Weekday,False,Clear,False,0.0,False,False,0.734,High,18.1,48.4,357.4,0.223,0.516,0.965,Moderate traffic flow - standard adaptive signal timing in effect
EVT413185,2025-01-16 19:31:40,Local Market Day,J030,MG Road,3738,Weekday,False,Clear,False,0.0,False,False,0.869,Severe,12.3,61.4,500.1,0.203,0.47,0.949,Heavy congestion detected - signal timing extended and reroute suggested
EVT413186,2025-07-05 06:27:25,Sports Fixture,J031,Cubbon Road,12910,Weekend,False,Heavy Rain,True,32.6,False,False,0.785,Severe,15.2,55.9,327.0,0.172,0.397,0.903,Heavy rain reducing visibility and grip - reduced speed and longer buffer advised
EVT413187,2025-05-08 18:24:11,Local Market Day,J030,MG Road,2465,Weekday,False,Clear,False,0.0,False,False,1.0,Severe,8.0,76.2,582.0,0.199,0.461,0.92,Heavy congestion detected - signal timing extended and reroute suggested
EVT413188,2025-12-30 08:00:56,Concert,J040,City Market,11084,Weekday,False,Clear,False,0.0,False,False,0.873,Severe,10.8,57.9,398.4,0.168,0.389,0.955,Heavy congestion detected - signal timing extended and reroute suggested
EVT413189,2025-12-30 09:49:13,Sports Fixture,J020,Malleshwaram Circle,46277,Weekday,False,Clear,False,0.0,False,False,1.0,Severe,8.0,69.2,299.7,0.11,0.253,0.905,Heavy congestion detected - signal timing extended and reroute suggested
EVT413190,2025-05-26 18:06:33,Concert,J023,Basavanagudi,16329,Weekday,False,Clear,False,0.0,False,False,1.0,Severe,10.5,69.9,326.3,0.135,0.312,0.915,Heavy congestion detected - signal timing extended and reroute suggested
EVT413191,2025-04-21 07:08:58,Local Market Day,J023,Basavanagudi,2747,Weekday,False,Clear,False,0.0,False,False,0.556,High,24.2,41.2,193.9,0.133,0.306,0.989,Moderate traffic flow - standard adaptive signal timing in effect
EVT413192,2026-05-31 19:06:34,Local Market Day,J023,Basavanagudi,3776,Weekend,False,Clear,False,0.0,False,False,0.77,Severe,13.9,60.1,411.9,0.217,0.502,0.98,Heavy congestion detected - signal timing extended and reroute suggested
EVT413193,2025-08-29 23:43:02,Local Market Day,J040,City Market,3159,Weekday,False,Heavy Rain,True,29.7,False,False,0.444,Moderate,28.5,29.6,174.4,0.135,0.313,0.918,Light rain detected - minor speed reduction advised
EVT413194,2026-03-13 18:57:38,Concert,J012,Koramangala Sony World,17420,Weekday,False,Clear,False,0.0,False,False,1.0,Severe,6.3,74.1,291.1,0.095,0.219,0.935,Heavy congestion detected - signal timing extended and reroute suggested
EVT413195,2025-07-28 06:32:11,Concert,J009,Majestic,8892,Weekday,False,Clear,False,0.0,False,False,0.287,Low,28.6,28.3,190.4,0.127,0.293,0.969,Moderate traffic flow - standard adaptive signal timing in effect
EVT413196,2025-02-20 10:10:52,Concert,J040,City Market,8870,Weekday,False,Clear,False,0.0,False,False,0.74,High,20.1,51.7,260.1,0.178,0.411,0.975,Moderate traffic flow - standard adaptive signal timing in effect
EVT413197,2025-12-11 08:38:51,Political Rally,J023,Basavanagudi,20182,Weekday,False,Clear,False,0.0,False,False,1.0,Severe,8.1,70.8,945.3,0.299,0.692,0.909,Heavy congestion detected - signal timing extended and reroute suggested
EVT413198,2025-12-01 13:37:23,Local Market Day,J031,Cubbon Road,3937,Weekday,False,Clear,False,0.0,False,False,0.181,Low,29.5,15.5,200.8,0.155,0.359,0.971,Normal free-flow traffic - standard signal timing maintained
EVT413199,2025-03-11 20:04:37,Trade Fair,J011,Indiranagar 100ft Road,11830,Weekday,False,Clear,False,0.0,False,False,0.765,Severe,18.7,50.4,470.4,0.297,0.686,0.946,Heavy congestion detected - signal timing extended and reroute suggested
EVT413200,2026-05-07 07:42:41,Local Market Day,J030,MG Road,3336,Weekday,False,Clear,False,0.0,False,False,0.683,High,20.8,47.9,298.3,0.222,0.513,0.969,Moderate traffic flow - standard adaptive signal timing in effect
EVT413201,2025-06-03 21:58:09,Local Market Day,J030,MG Road,3352,Weekday,False,Clear,False,0.0,False,False,0.34,Low,29.6,19.8,201.1,0.169,0.39,0.944,Moderate traffic flow - standard adaptive signal timing in effect
EVT413202,2025-10-07 11:16:06,Trade Fair,J012,Koramangala Sony World,7361,Weekday,False,Clear,False,0.0,False,False,0.294,Low,31.5,17.0,113.9,0.113,0.26,0.99,Moderate traffic flow - standard adaptive signal timing in effect
EVT413203,2026-04-07 20:56:47,Concert,J023,Basavanagudi,7242,Weekday,False,Clear,False,0.0,False,False,0.501,Moderate,21.3,29.4,302.2,0.187,0.432,0.965,Moderate traffic flow - standard adaptive signal timing in effect
EVT413204,2025-01-22 12:45:55,Local Market Day,J023,Basavanagudi,2465,Weekday,False,Clear,False,0.0,False,False,0.232,Low,28.9,18.9,180.9,0.132,0.305,0.975,Normal free-flow traffic - standard signal timing maintained
EVT413205,2025-02-02 17:55:41,Local Market Day,J031,Cubbon Road,4567,Weekend,False,Clear,False,0.0,False,False,0.941,Severe,10.1,67.4,346.9,0.154,0.355,0.946,Heavy congestion detected - signal timing extended and reroute suggested
EVT413206,2025-03-10 16:23:36,Concert,J030,MG Road,9364,Weekday,False,Clear,False,0.0,False,False,0.56,High,17.4,39.5,294.6,0.176,0.407,0.937,Moderate traffic flow - standard adaptive signal timing in effect
EVT413207,2025-10-10 20:02:37,Local Market Day,J031,Cubbon Road,2222,Weekday,False,Clear,False,0.0,True,False,1.0,Severe,6.8,65.0,637.9,0.168,0.389,0.778,Accident detected nearby - reroute and reduced speed advised
EVT413208,2025-04-08 19:41:14,Concert,J023,Basavanagudi,17304,Weekday,False,Clear,False,0.0,False,False,0.88,Severe,14.8,57.7,478.8,0.284,0.655,0.933,Heavy congestion detected - signal timing extended and reroute suggested
EVT413209,2025-06-18 11:03:35,Political Rally,J011,Indiranagar 100ft Road,34901,Weekday,False,Rain,True,12.0,False,False,0.746,High,13.7,42.4,568.9,0.284,0.655,0.918,Heavy rain reducing visibility and grip - reduced speed and longer buffer advised
EVT413210,2025-08-23 06:18:06,Concert,J020,Malleshwaram Circle,9486,Weekend,False,Clear,False,0.0,False,False,0.283,Low,38.5,20.1,119.4,0.137,0.317,0.965,Moderate traffic flow - standard adaptive signal timing in effect
EVT413211,2026-02-15 14:08:27,Trade Fair,J031,Cubbon Road,9256,Weekend,False,Clear,False,0.0,False,False,0.318,Low,33.4,19.5,131.2,0.108,0.249,0.954,Moderate traffic flow - standard adaptive signal timing in effect
EVT413212,2025-03-31 07:43:14,Fireworks Display,J012,Koramangala Sony World,15614,Weekday,True,Clear,False,0.0,False,False,0.992,Severe,10.2,72.7,533.6,0.221,0.51,0.865,Festival crowd surge detected - alternate route and extended cycle recommended
EVT413213,2026-04-05 12:18:33,Sports Fixture,J009,Majestic,48419,Weekend,False,Clear,False,0.0,False,False,0.491,Moderate,22.2,38.5,235.6,0.168,0.387,0.976,Moderate traffic flow - standard adaptive signal timing in effect
EVT413214,2026-01-30 10:15:39,Trade Fair,J011,Indiranagar 100ft Road,4637,Weekday,False,Clear,False,0.0,False,False,0.695,High,18.3,54.1,227.1,0.136,0.313,0.99,Moderate traffic flow - standard adaptive signal timing in effect
EVT413215,2026-04-13 14:29:12,Local Market Day,J011,Indiranagar 100ft Road,5423,Weekday,False,Clear,False,0.0,False,False,0.256,Low,38.0,18.2,82.2,0.07,0.162,0.956,Moderate traffic flow - standard adaptive signal timing in effect
EVT413216,2025-10-10 10:38:36,Concert,J030,MG Road,19969,Weekday,False,Heavy Rain,True,49.6,False,False,0.978,Severe,9.0,70.0,604.2,0.223,0.514,0.854,Heavy rain reducing visibility and grip - reduced speed and longer buffer advised
EVT413217,2025-07-31 18:03:25,Local Market Day,J012,Koramangala Sony World,7070,Weekday,False,Heavy Rain,True,26.6,False,False,1.0,Severe,7.3,85.3,605.0,0.196,0.452,0.87,Heavy rain reducing visibility and grip - reduced speed and longer buffer advised
EVT413218,2025-05-20 17:49:10,Concert,J012,Koramangala Sony World,17366,Weekday,False,Fog,False,0.0,False,False,1.0,Severe,9.3,77.5,812.8,0.304,0.703,0.907,Heavy congestion detected - signal timing extended and reroute suggested
EVT413219,2025-07-30 20:07:56,Local Market Day,J020,Malleshwaram Circle,4786,Weekday,False,Heavy Rain,True,77.5,False,False,1.0,Severe,8.6,77.5,493.2,0.186,0.429,0.873,Heavy rain reducing visibility and grip - reduced speed and longer buffer advised
EVT413220,2025-03-12 19:50:13,Trade Fair,J020,Malleshwaram Circle,11120,Weekday,False,Clear,False,0.0,False,False,0.868,Severe,11.1,63.4,265.3,0.105,0.244,0.95,Heavy congestion detected - signal timing extended and reroute suggested
EVT413221,2026-01-27 06:57:18,Religious Festival,J030,MG Road,47655,Weekday,True,Clear,False,0.0,False,True,1.0,Severe,9.4,96.9,678.6,0.235,0.543,0.827,Road closure for event/procession - full detour recommended for through-traffic
EVT413222,2025-08-13 16:13:52,Concert,J011,Indiranagar 100ft Road,9731,Weekday,False,Clear,False,0.0,False,False,0.472,Moderate,17.9,30.5,257.4,0.152,0.351,0.961,Moderate traffic flow - standard adaptive signal timing in effect
EVT413223,2025-12-30 09:44:41,Concert,J031,Cubbon Road,13145,Weekday,False,Clear,False,0.0,False,False,0.961,Severe,10.0,71.9,557.3,0.21,0.486,0.908,Heavy congestion detected - signal timing extended and reroute suggested
EVT413224,2026-05-22 21:12:34,Sports Fixture,J020,Malleshwaram Circle,29054,Weekday,False,Rain,True,19.1,False,False,0.757,Severe,19.3,53.2,252.9,0.152,0.352,0.934,Heavy rain reducing visibility and grip - reduced speed and longer buffer advised
EVT413225,2025-10-14 19:31:09,Local Market Day,J009,Majestic,6062,Weekday,False,Rain,True,19.2,False,False,1.0,Severe,8.4,77.3,506.0,0.186,0.429,0.87,Heavy rain reducing visibility and grip - reduced speed and longer buffer advised
EVT413226,2025-11-04 12:32:01,Trade Fair,J012,Koramangala Sony World,12388,Weekday,False,Clear,False,0.0,False,False,0.197,Low,33.6,16.4,171.2,0.137,0.317,0.969,Normal free-flow traffic - standard signal timing maintained
EVT413227,2026-04-29 10:29:07,Trade Fair,J020,Malleshwaram Circle,6249,Weekday,False,Fog,False,0.0,False,False,0.65,High,17.8,50.0,244.7,0.15,0.346,0.979,Moderate traffic flow - standard adaptive signal timing in effect
EVT413228,2025-07-30 17:23:21,Concert,J031,Cubbon Road,8118,Weekday,False,Clear,False,0.0,False,False,0.83,Severe,12.0,60.1,387.2,0.161,0.372,0.968,Heavy congestion detected - signal timing extended and reroute suggested
EVT413229,2025-11-03 09:22:51,Local Market Day,J031,Cubbon Road,2770,Weekday,False,Clear,False,0.0,False,False,1.0,Severe,7.3,74.2,362.7,0.115,0.266,0.893,Heavy congestion detected - signal timing extended and reroute suggested
EVT413230,2026-01-09 11:15:24,Local Market Day,J030,MG Road,2373,Weekday,False,Clear,False,0.0,False,False,0.385,Moderate,32.7,28.3,160.0,0.151,0.35,0.948,Moderate traffic flow - standard adaptive signal timing in effect
EVT413231,2025-07-29 21:36:54,Concert,J020,Malleshwaram Circle,25085,Weekday,False,Heavy Rain,True,33.7,False,False,0.763,Severe,17.2,51.9,407.6,0.225,0.52,0.927,Heavy rain reducing visibility and grip - reduced speed and longer buffer advised
EVT413232,2025-11-18 20:39:15,Sports Fixture,J031,Cubbon Road,24601,Weekday,False,Clear,False,0.0,False,False,0.614,High,25.1,40.5,356.0,0.265,0.613,0.963,Moderate traffic flow - standard adaptive signal timing in effect
EVT413233,2026-04-24 09:06:44,Concert,J009,Majestic,9408,Weekday,False,Clear,False,0.0,False,False,1.0,Severe,9.5,73.8,726.6,0.287,0.664,0.916,Heavy congestion detected - signal timing extended and reroute suggested
EVT413234,2025-07-16 17:29:15,Sports Fixture,J040,City Market,18738,Weekday,False,Clear,False,0.0,False,False,1.0,Severe,9.2,70.7,358.1,0.131,0.304,0.913,Heavy congestion detected - signal timing extended and reroute suggested
EVT413235,2025-09-22 20:25:34,Political Rally,J040,City Market,18589,Weekday,False,Rain,True,15.1,False,False,0.914,Severe,12.4,66.8,417.2,0.182,0.42,0.894,Heavy rain reducing visibility and grip - reduced speed and longer buffer advised
EVT413236,2026-03-25 02:34:00,Local Market Day,J030,MG Road,6965,Weekday,False,Clear,False,0.0,False,False,0.208,Low,41.9,15.5,153.3,0.155,0.358,0.981,Normal free-flow traffic - standard signal timing maintained
EVT413237,2026-03-14 22:07:19,Sports Fixture,J020,Malleshwaram Circle,28442,Weekend,False,Clear,False,0.0,False,False,0.436,Moderate,28.1,31.9,159.5,0.112,0.259,0.966,Moderate traffic flow - standard adaptive signal timing in effect
EVT413238,2025-02-20 18:41:26,Sports Fixture,J020,Malleshwaram Circle,19019,Weekday,False,Clear,False,0.0,False,False,1.0,Severe,8.8,77.1,629.2,0.217,0.502,0.93,Heavy congestion detected - signal timing extended and reroute suggested
EVT413239,2025-04-11 16:43:53,Trade Fair,J020,Malleshwaram Circle,21073,Weekday,False,Clear,False,0.0,False,False,0.767,Severe,17.5,58.7,293.5,0.183,0.424,0.954,Heavy congestion detected - signal timing extended and reroute suggested
EVT413240,2026-02-10 19:20:31,Sports Fixture,J012,Koramangala Sony World,15541,Weekday,False,Clear,False,0.0,False,False,0.972,Severe,9.4,72.3,278.5,0.128,0.297,0.935,Heavy congestion detected - signal timing extended and reroute suggested
EVT413241,2025-09-08 14:21:15,Trade Fair,J012,Koramangala Sony World,7713,Weekday,False,Clear,False,0.0,False,False,0.227,Low,33.0,11.1,126.6,0.09,0.207,0.967,Normal free-flow traffic - standard signal timing maintained
EVT413242,2025-12-13 12:18:19,Local Market Day,J020,Malleshwaram Circle,3813,Weekend,False,Clear,False,0.0,False,False,0.302,Low,23.9,21.6,198.6,0.126,0.291,0.949,Moderate traffic flow - standard adaptive signal timing in effect
EVT413243,2025-12-11 07:33:55,Local Market Day,J031,Cubbon Road,5305,Weekday,False,Clear,False,0.0,False,False,0.613,High,21.8,46.1,171.1,0.13,0.301,0.958,Moderate traffic flow - standard adaptive signal timing in effect
EVT413244,2026-06-26 19:26:51,Local Market Day,J020,Malleshwaram Circle,6568,Weekday,False,Heavy Rain,True,61.0,False,False,1.0,Severe,8.0,71.9,794.9,0.25,0.578,0.843,Heavy rain reducing visibility and grip - reduced speed and longer buffer advised
EVT413245,2026-05-02 14:15:36,Religious Festival,J011,Indiranagar 100ft Road,46643,Weekend,True,Clear,False,0.0,False,False,0.766,Severe,15.3,53.8,536.0,0.311,0.719,0.905,Festival crowd surge detected - alternate route and extended cycle recommended
EVT413246,2025-12-23 17:59:28,Sports Fixture,J030,MG Road,19303,Weekday,False,Clear,False,0.0,False,False,1.0,Severe,8.2,72.5,391.9,0.141,0.325,0.898,Heavy congestion detected - signal timing extended and reroute suggested
EVT413247,2025-05-21 07:01:46,Concert,J031,Cubbon Road,7870,Weekday,False,Clear,False,0.0,False,False,0.5,Moderate,24.2,36.2,228.4,0.169,0.391,0.952,Moderate traffic flow - standard adaptive signal timing in effect
EVT413248,2026-02-26 18:03:17,Trade Fair,J030,MG Road,9238,Weekday,False,Clear,False,0.0,False,False,1.0,Severe,7.4,77.5,781.0,0.22,0.509,0.921,Heavy congestion detected - signal timing extended and reroute suggested
EVT413249,2025-04-17 19:56:15,Trade Fair,J030,MG Road,11702,Weekday,False,Clear,False,0.0,False,False,0.827,Severe,14.5,59.6,275.4,0.147,0.34,0.936,Heavy congestion detected - signal timing extended and reroute suggested
EVT413250,2026-04-14 15:43:20,Religious Festival,J031,Cubbon Road,71570,Weekday,True,Clear,False,0.0,True,True,1.0,Severe,10.1,98.1,564.1,0.219,0.506,0.694,Road closure for event/procession - full detour recommended for through-traffic
EVT413251,2026-04-16 12:57:15,Sports Fixture,J009,Majestic,20348,Weekday,False,Light Rain,True,2.7,False,False,0.324,Low,35.3,22.8,95.3,0.098,0.226,0.919,Light rain detected - minor speed reduction advised
EVT413252,2025-05-26 17:33:34,Local Market Day,J030,MG Road,4686,Weekday,False,Clear,False,0.0,False,False,0.822,Severe,18.6,58.5,166.5,0.128,0.295,0.972,Heavy congestion detected - signal timing extended and reroute suggested
EVT413253,2026-01-12 09:37:03,Sports Fixture,J012,Koramangala Sony World,20392,Weekday,False,Clear,False,0.0,False,False,1.0,Severe,7.8,72.1,376.9,0.129,0.297,0.925,Heavy congestion detected - signal timing extended and reroute suggested
EVT413254,2026-06-06 08:57:19,Concert,J040,City Market,11771,Weekend,False,Light Rain,True,6.5,False,False,0.984,Severe,8.3,76.0,412.5,0.149,0.344,0.877,Heavy rain reducing visibility and grip - reduced speed and longer buffer advised
EVT413255,2026-06-29 20:01:49,Local Market Day,J012,Koramangala Sony World,4633,Weekday,False,Clear,False,0.0,False,False,0.798,Severe,15.8,60.5,238.8,0.12,0.278,0.942,Heavy congestion detected - signal timing extended and reroute suggested
EVT413256,2025-10-07 09:21:30,Political Rally,J020,Malleshwaram Circle,11316,Weekday,False,Clear,False,0.0,False,False,0.975,Severe,9.8,70.0,329.4,0.13,0.3,0.91,Heavy congestion detected - signal timing extended and reroute suggested
EVT413257,2025-10-23 16:03:52,Sports Fixture,J011,Indiranagar 100ft Road,17320,Weekday,False,Rain,True,13.9,False,False,0.736,High,15.3,51.3,159.3,0.089,0.206,0.953,Heavy rain reducing visibility and grip - reduced speed and longer buffer advised
EVT413258,2025-12-26 08:26:49,Religious Festival,J012,Koramangala Sony World,50249,Weekday,True,Clear,False,0.0,False,True,1.0,Severe,9.4,103.7,402.7,0.192,0.444,0.845,Road closure for event/procession - full detour recommended for through-traffic
EVT413259,2025-01-03 11:29:00,Concert,J040,City Market,9144,Weekday,False,Clear,False,0.0,False,False,0.335,Low,30.7,24.0,114.9,0.084,0.195,0.979,Moderate traffic flow - standard adaptive signal timing in effect
EVT413260,2025-12-12 12:03:46,Sports Fixture,J040,City Market,12288,Weekday,False,Clear,False,0.0,False,False,0.329,Low,19.7,19.5,164.1,0.101,0.233,0.971,Moderate traffic flow - standard adaptive signal timing in effect
EVT413261,2025-08-13 22:03:10,Concert,J023,Basavanagudi,14689,Weekday,False,Clear,False,0.0,False,False,0.306,Low,30.1,25.2,191.3,0.153,0.353,0.96,Moderate traffic flow - standard adaptive signal timing in effect
EVT413262,2026-04-06 10:06:12,Concert,J031,Cubbon Road,13617,Weekday,False,Clear,False,0.0,False,False,0.815,Severe,12.6,59.4,150.9,0.071,0.163,0.987,Heavy congestion detected - signal timing extended and reroute suggested
EVT413263,2026-02-23 20:55:47,Concert,J040,City Market,12037,Weekday,False,Fog,False,0.0,False,False,0.469,Moderate,20.9,31.5,260.5,0.172,0.397,0.948,Moderate traffic flow - standard adaptive signal timing in effect
EVT413264,2026-01-11 18:37:13,Local Market Day,J020,Malleshwaram Circle,7721,Weekend,False,Clear,False,0.0,False,False,0.916,Severe,10.4,64.9,442.9,0.178,0.41,0.941,Heavy congestion detected - signal timing extended and reroute suggested
EVT413265,2026-01-07 11:05:36,Sports Fixture,J023,Basavanagudi,15370,Weekday,False,Clear,False,0.0,False,False,0.506,Moderate,20.2,43.4,334.4,0.183,0.422,0.99,Moderate traffic flow - standard adaptive signal timing in effect
EVT413266,2026-03-20 10:06:28,Cultural Procession,J009,Majestic,18103,Weekday,True,Clear,False,0.0,False,True,1.0,Severe,8.8,102.1,534.6,0.192,0.443,0.822,Road closure for event/procession - full detour recommended for through-traffic
EVT413267,2025-01-04 18:37:41,Local Market Day,J020,Malleshwaram Circle,3781,Weekend,False,Clear,False,0.0,False,False,0.823,Severe,15.1,63.0,401.0,0.221,0.511,0.937,Heavy congestion detected - signal timing extended and reroute suggested
EVT413268,2026-04-06 19:39:46,Local Market Day,J020,Malleshwaram Circle,8732,Weekday,False,Clear,False,0.0,False,False,0.837,Severe,13.7,66.1,258.9,0.121,0.281,0.957,Heavy congestion detected - signal timing extended and reroute suggested
EVT413269,2025-02-01 14:18:38,Sports Fixture,J020,Malleshwaram Circle,25618,Weekend,False,Clear,False,0.0,False,False,0.411,Moderate,25.2,27.1,183.3,0.141,0.325,0.976,Moderate traffic flow - standard adaptive signal timing in effect
EVT413270,2025-12-07 21:23:03,Concert,J023,Basavanagudi,15613,Weekend,False,Clear,False,0.0,False,False,0.514,Moderate,25.7,32.2,177.1,0.131,0.304,0.988,Moderate traffic flow - standard adaptive signal timing in effect
EVT413271,2025-04-17 12:16:15,Concert,J023,Basavanagudi,17462,Weekday,False,Clear,False,0.0,False,False,0.29,Low,36.1,21.6,89.3,0.096,0.221,0.986,Moderate traffic flow - standard adaptive signal timing in effect
EVT413272,2025-04-07 16:59:29,Cultural Procession,J020,Malleshwaram Circle,13449,Weekday,True,Clear,False,0.0,False,True,1.0,Severe,9.4,101.3,432.1,0.164,0.378,0.828,Road closure for event/procession - full detour recommended for through-traffic
EVT413273,2025-06-01 21:02:13,Trade Fair,J012,Koramangala Sony World,9790,Weekend,False,Clear,False,0.0,False,False,0.542,Moderate,24.9,44.5,220.6,0.155,0.358,0.969,Moderate traffic flow - standard adaptive signal timing in effect
EVT413274,2025-09-12 12:46:23,Local Market Day,J030,MG Road,3402,Weekday,False,Clear,False,0.0,False,False,0.178,Low,36.9,12.6,86.1,0.07,0.162,0.971,Normal free-flow traffic - standard signal timing maintained
EVT413275,2025-02-24 22:45:21,Political Rally,J040,City Market,8058,Weekday,False,Clear,False,0.0,False,False,0.203,Low,32.0,22.6,76.0,0.069,0.16,0.973,Normal free-flow traffic - standard signal timing maintained
EVT413276,2026-02-25 22:38:03,Local Market Day,J023,Basavanagudi,9478,Weekday,False,Clear,False,0.0,False,False,0.24,Low,31.2,21.9,119.4,0.098,0.226,0.956,Normal free-flow traffic - standard signal timing maintained
EVT413277,2025-04-09 19:53:19,Sports Fixture,J020,Malleshwaram Circle,30836,Weekday,False,Clear,False,0.0,False,False,0.866,Severe,11.4,57.2,323.1,0.134,0.31,0.941,Heavy congestion detected - signal timing extended and reroute suggested
EVT413278,2026-05-28 20:05:18,Local Market Day,J030,MG Road,5064,Weekday,False,Clear,False,0.0,False,False,0.737,High,15.5,53.4,282.9,0.167,0.387,0.941,Moderate traffic flow - standard adaptive signal timing in effect
EVT413279,2025-11-13 14:37:41,Trade Fair,J030,MG Road,10073,Weekday,False,Clear,False,0.0,False,False,0.342,Low,27.4,31.3,219.7,0.166,0.383,0.99,Moderate traffic flow - standard adaptive signal timing in effect
EVT413280,2026-06-22 15:08:32,Sports Fixture,J020,Malleshwaram Circle,16306,Weekday,False,Heavy Rain,True,45.5,False,False,0.662,High,19.9,46.5,247.9,0.161,0.373,0.909,Heavy rain reducing visibility and grip - reduced speed and longer buffer advised
EVT413281,2025-04-07 16:59:15,Religious Festival,J030,MG Road,65390,Weekday,True,Clear,False,0.0,False,True,1.0,Severe,8.2,111.4,799.1,0.271,0.625,0.854,Road closure for event/procession - full detour recommended for through-traffic
EVT413282,2025-12-06 11:50:00,Local Market Day,J020,Malleshwaram Circle,2364,Weekend,False,Clear,False,0.0,False,False,0.326,Low,35.2,23.3,83.8,0.077,0.179,0.961,Moderate traffic flow - standard adaptive signal timing in effect
EVT413283,2026-01-13 16:23:16,Local Market Day,J040,City Market,3168,Weekday,False,Clear,False,0.0,False,False,0.448,Moderate,25.3,28.0,195.9,0.146,0.337,0.962,Moderate traffic flow - standard adaptive signal timing in effect
EVT413284,2025-03-23 08:05:42,Sports Fixture,J030,MG Road,23097,Weekend,False,Light Rain,True,2.6,False,False,0.972,Severe,9.6,67.5,370.4,0.138,0.319,0.875,Heavy rain reducing visibility and grip - reduced speed and longer buffer advised
EVT413285,2025-03-21 12:47:55,Sports Fixture,J009,Majestic,14470,Weekday,False,Clear,False,0.0,False,False,0.226,Low,38.6,16.7,81.9,0.074,0.171,0.979,Normal free-flow traffic - standard signal timing maintained
EVT413286,2025-05-22 07:39:01,Sports Fixture,J009,Majestic,25438,Weekday,False,Clear,False,0.0,False,False,0.786,Severe,18.2,54.8,246.2,0.159,0.366,0.989,Heavy congestion detected - signal timing extended and reroute suggested
EVT413287,2025-12-13 11:59:12,Sports Fixture,J009,Majestic,12305,Weekend,False,Clear,False,0.0,False,False,0.403,Moderate,23.8,26.9,162.2,0.127,0.294,0.962,Moderate traffic flow - standard adaptive signal timing in effect
EVT413288,2025-11-27 13:11:21,Trade Fair,J011,Indiranagar 100ft Road,7611,Weekday,False,Clear,False,0.0,False,False,0.165,Low,31.0,7.9,194.0,0.123,0.284,0.99,Normal free-flow traffic - standard signal timing maintained
EVT413289,2026-04-29 20:18:34,Trade Fair,J020,Malleshwaram Circle,7820,Weekday,False,Clear,False,0.0,False,False,0.624,High,22.3,54.3,195.1,0.135,0.312,0.959,Moderate traffic flow - standard adaptive signal timing in effect
EVT413290,2026-02-11 20:03:14,Sports Fixture,J009,Majestic,35672,Weekday,False,Clear,False,0.0,False,False,0.884,Severe,10.6,65.9,494.1,0.206,0.476,0.941,Heavy congestion detected - signal timing extended and reroute suggested
EVT413291,2025-02-24 19:13:34,Trade Fair,J031,Cubbon Road,12764,Weekday,False,Fog,False,0.0,False,False,1.0,Severe,9.7,70.9,359.2,0.135,0.312,0.926,Heavy congestion detected - signal timing extended and reroute suggested
EVT413292,2025-02-26 17:37:47,Local Market Day,J030,MG Road,3570,Weekday,False,Clear,False,0.0,False,False,0.942,Severe,10.9,65.4,460.7,0.188,0.434,0.911,Heavy congestion detected - signal timing extended and reroute suggested
EVT413293,2026-04-09 18:33:19,Trade Fair,J031,Cubbon Road,17086,Weekday,False,Clear,False,0.0,False,False,1.0,Severe,9.1,73.1,525.2,0.215,0.497,0.925,Heavy congestion detected - signal timing extended and reroute suggested
EVT413294,2025-04-03 12:29:45,Sports Fixture,J020,Malleshwaram Circle,14505,Weekday,False,Clear,False,0.0,False,False,0.174,Low,34.3,14.5,85.5,0.064,0.149,0.955,Normal free-flow traffic - standard signal timing maintained
EVT413295,2025-08-20 16:02:57,Concert,J040,City Market,11849,Weekday,False,Clear,False,0.0,False,False,0.443,Moderate,29.4,31.4,129.9,0.106,0.245,0.959,Moderate traffic flow - standard adaptive signal timing in effect
EVT413296,2025-02-21 16:56:33,Sports Fixture,J040,City Market,16191,Weekday,False,Clear,False,0.0,False,False,0.82,Severe,15.2,57.4,407.8,0.226,0.522,0.938,Heavy congestion detected - signal timing extended and reroute suggested
EVT413297,2025-07-21 05:26:27,Local Market Day,J009,Majestic,4389,Weekday,False,Clear,False,0.0,False,False,0.267,Low,32.2,26.6,156.0,0.12,0.276,0.98,Moderate traffic flow - standard adaptive signal timing in effect
EVT413298,2025-07-20 21:19:08,Trade Fair,J023,Basavanagudi,5991,Weekend,False,Clear,False,0.0,False,False,0.334,Low,26.2,27.6,154.5,0.108,0.25,0.967,Moderate traffic flow - standard adaptive signal timing in effect
EVT413299,2025-03-15 18:10:46,Religious Festival,J012,Koramangala Sony World,35768,Weekend,True,Clear,False,0.0,False,True,1.0,Severe,7.8,98.9,636.4,0.21,0.485,0.855,Road closure for event/procession - full detour recommended for through-traffic
EVT413300,2026-03-12 18:27:32,Concert,J011,Indiranagar 100ft Road,7565,Weekday,False,Clear,False,0.0,False,False,1.0,Severe,7.8,69.9,580.7,0.195,0.451,0.918,Heavy congestion detected - signal timing extended and reroute suggested
EVT413301,2025-05-30 14:06:21,Political Rally,J023,Basavanagudi,15292,Weekday,False,Clear,False,0.0,False,False,0.373,Moderate,26.9,31.2,256.4,0.193,0.445,0.968,Moderate traffic flow - standard adaptive signal timing in effect
EVT413302,2025-06-03 15:10:28,Political Rally,J023,Basavanagudi,17636,Weekday,False,Clear,False,0.0,False,False,0.35,Moderate,31.9,27.1,98.8,0.09,0.209,0.99,Moderate traffic flow - standard adaptive signal timing in effect
EVT413303,2025-10-18 15:39:23,Local Market Day,J012,Koramangala Sony World,3360,Weekend,False,Rain,True,8.0,False,False,0.535,Moderate,21.2,38.8,114.8,0.087,0.2,0.936,Light rain detected - minor speed reduction advised
EVT413304,2026-04-04 18:14:25,Local Market Day,J023,Basavanagudi,2153,Weekend,False,Clear,False,0.0,False,False,0.865,Severe,12.1,63.5,309.0,0.143,0.329,0.943,Heavy congestion detected - signal timing extended and reroute suggested
EVT413305,2025-05-20 07:54:31,Local Market Day,J031,Cubbon Road,3675,Weekday,False,Clear,False,0.0,False,False,0.746,High,15.3,60.1,346.6,0.201,0.465,0.959,Moderate traffic flow - standard adaptive signal timing in effect
EVT413306,2025-01-27 10:09:59,Cultural Procession,J030,MG Road,19150,Weekday,True,Fog,False,0.0,False,False,1.0,Severe,8.9,70.1,464.2,0.177,0.409,0.877,Festival crowd surge detected - alternate route and extended cycle recommended
EVT413307,2026-06-03 07:11:33,Political Rally,J009,Majestic,16532,Weekday,False,Rain,True,17.0,False,False,0.708,High,14.5,44.9,237.9,0.126,0.292,0.932,Heavy rain reducing visibility and grip - reduced speed and longer buffer advised
EVT413308,2026-04-30 13:34:36,Sports Fixture,J011,Indiranagar 100ft Road,12626,Weekday,False,Clear,False,0.0,False,False,0.3,Low,25.2,24.0,140.5,0.104,0.24,0.968,Moderate traffic flow - standard adaptive signal timing in effect
EVT413309,2025-01-31 15:15:12,Local Market Day,J023,Basavanagudi,3866,Weekday,False,Fog,False,0.0,False,False,0.288,Low,29.5,20.9,211.3,0.173,0.399,0.984,Moderate traffic flow - standard adaptive signal timing in effect
EVT413310,2025-09-03 16:16:46,Concert,J023,Basavanagudi,11558,Weekday,False,Clear,False,0.0,False,False,0.515,Moderate,23.7,34.8,290.6,0.207,0.478,0.968,Moderate traffic flow - standard adaptive signal timing in effect
EVT413311,2025-02-21 14:58:22,Trade Fair,J011,Indiranagar 100ft Road,19716,Weekday,False,Clear,False,0.0,False,False,0.279,Low,34.4,18.8,73.7,0.064,0.147,0.953,Moderate traffic flow - standard adaptive signal timing in effect
EVT413312,2025-09-12 08:38:46,Sports Fixture,J009,Majestic,22014,Weekday,False,Clear,False,0.0,False,False,1.0,Severe,9.3,63.3,796.6,0.284,0.657,0.913,Heavy congestion detected - signal timing extended and reroute suggested
EVT413313,2025-02-09 10:21:44,Sports Fixture,J012,Koramangala Sony World,18098,Weekend,False,Clear,False,0.0,False,False,0.616,High,18.6,43.1,306.2,0.195,0.449,0.957,Moderate traffic flow - standard adaptive signal timing in effect
EVT413314,2026-01-19 10:21:45,Trade Fair,J030,MG Road,7036,Weekday,False,Clear,False,0.0,False,False,0.681,High,18.3,45.4,285.0,0.176,0.407,0.965,Moderate traffic flow - standard adaptive signal timing in effect
EVT413315,2025-07-23 12:00:22,Political Rally,J020,Malleshwaram Circle,20720,Weekday,False,Rain,True,13.5,False,False,0.462,Moderate,27.2,35.6,272.5,0.214,0.495,0.933,Light rain detected - minor speed reduction advised
EVT413316,2026-05-29 13:07:12,Sports Fixture,J040,City Market,26136,Weekday,False,Clear,False,0.0,False,False,0.301,Low,32.1,19.1,55.9,0.048,0.111,0.968,Moderate traffic flow - standard adaptive signal timing in effect
EVT413317,2026-02-09 09:10:40,Concert,J009,Majestic,12130,Weekday,False,Clear,False,0.0,False,False,1.0,Severe,10.4,71.0,519.5,0.222,0.512,0.905,Heavy congestion detected - signal timing extended and reroute suggested
EVT413318,2025-02-25 18:08:53,Sports Fixture,J040,City Market,30294,Weekday,False,Clear,False,0.0,False,False,1.0,Severe,7.7,73.4,770.8,0.248,0.572,0.932,Heavy congestion detected - signal timing extended and reroute suggested
EVT413319,2025-06-29 06:38:46,Sports Fixture,J030,MG Road,20029,Weekend,False,Clear,False,0.0,False,False,0.454,Moderate,28.5,27.1,105.6,0.086,0.199,0.94,Moderate traffic flow - standard adaptive signal timing in effect
EVT413320,2025-11-20 18:45:59,Political Rally,J020,Malleshwaram Circle,13245,Weekday,False,Clear,False,0.0,False,False,1.0,Severe,9.1,75.4,523.7,0.202,0.466,0.927,Heavy congestion detected - signal timing extended and reroute suggested
EVT413321,2026-03-22 22:40:34,Political Rally,J020,Malleshwaram Circle,10699,Weekend,False,Clear,False,0.0,False,False,0.214,Low,29.7,16.3,134.1,0.106,0.244,0.977,Normal free-flow traffic - standard signal timing maintained
EVT413322,2025-05-06 17:37:32,Sports Fixture,J023,Basavanagudi,14605,Weekday,False,Fog,False,0.0,False,False,0.943,Severe,8.6,59.7,327.9,0.11,0.254,0.96,Heavy congestion detected - signal timing extended and reroute suggested
EVT413323,2025-05-24 22:44:49,Local Market Day,J011,Indiranagar 100ft Road,5160,Weekend,False,Rain,True,19.7,False,False,0.519,Moderate,20.7,36.5,244.4,0.137,0.317,0.896,Light rain detected - minor speed reduction advised
EVT413324,2026-02-18 16:15:34,Local Market Day,J031,Cubbon Road,5394,Weekday,False,Clear,False,0.0,False,False,0.502,Moderate,24.6,35.6,213.9,0.155,0.358,0.979,Moderate traffic flow - standard adaptive signal timing in effect
EVT413325,2025-12-31 10:05:14,Local Market Day,J011,Indiranagar 100ft Road,4061,Weekday,False,Clear,False,0.0,False,False,0.753,Severe,18.4,48.2,191.0,0.121,0.279,0.945,Heavy congestion detected - signal timing extended and reroute suggested
EVT413326,2025-12-24 10:08:09,Local Market Day,J012,Koramangala Sony World,2932,Weekday,False,Clear,False,0.0,False,False,0.658,High,21.2,47.7,166.7,0.113,0.262,0.974,Moderate traffic flow - standard adaptive signal timing in effect
EVT413327,2026-03-04 17:50:55,Religious Festival,J012,Koramangala Sony World,40841,Weekday,True,Clear,False,0.0,False,True,1.0,Severe,6.1,96.3,910.3,0.244,0.563,0.833,Road closure for event/procession - full detour recommended for through-traffic
EVT413328,2025-03-27 06:04:32,Local Market Day,J031,Cubbon Road,4019,Weekday,False,Clear,False,0.0,False,False,0.252,Low,42.2,19.1,153.0,0.174,0.403,0.957,Moderate traffic flow - standard adaptive signal timing in effect
EVT413329,2025-05-15 17:22:18,Trade Fair,J030,MG Road,15323,Weekday,False,Clear,False,0.0,False,False,0.873,Severe,10.4,56.8,475.2,0.177,0.409,0.961,Heavy congestion detected - signal timing extended and reroute suggested
EVT413330,2026-01-27 20:39:05,Cultural Procession,J009,Majestic,26527,Weekday,True,Clear,False,0.0,False,True,1.0,Severe,7.4,102.3,925.9,0.298,0.688,0.83,Road closure for event/procession - full detour recommended for through-traffic
EVT413331,2026-06-09 16:14:34,Concert,J011,Indiranagar 100ft Road,8733,Weekday,False,Rain,True,17.2,False,False,0.799,Severe,14.2,59.8,316.9,0.169,0.391,0.886,Heavy rain reducing visibility and grip - reduced speed and longer buffer advised
EVT413332,2025-11-03 18:08:53,Trade Fair,J012,Koramangala Sony World,5138,Weekday,False,Clear,False,0.0,False,False,0.952,Severe,10.3,63.7,413.1,0.192,0.445,0.931,Heavy congestion detected - signal timing extended and reroute suggested
EVT413333,2025-12-24 18:54:31,Concert,J040,City Market,16493,Weekday,False,Clear,False,0.0,False,False,1.0,Severe,9.1,69.3,382.4,0.163,0.377,0.938,Heavy congestion detected - signal timing extended and reroute suggested
EVT413334,2025-05-30 15:46:46,Sports Fixture,J031,Cubbon Road,28539,Weekday,False,Heavy Rain,True,29.4,False,False,0.786,Severe,19.1,54.8,179.3,0.123,0.283,0.901,Heavy rain reducing visibility and grip - reduced speed and longer buffer advised
EVT413335,2025-01-04 08:44:40,Local Market Day,J020,Malleshwaram Circle,8025,Weekend,False,Clear,False,0.0,False,False,0.845,Severe,11.8,59.8,426.1,0.172,0.397,0.967,Heavy congestion detected - signal timing extended and reroute suggested
EVT413336,2025-10-06 13:04:58,Political Rally,J023,Basavanagudi,15815,Weekday,False,Clear,False,0.0,False,False,0.225,Low,34.1,17.8,133.7,0.126,0.29,0.965,Normal free-flow traffic - standard signal timing maintained
EVT413337,2026-02-28 10:01:56,Trade Fair,J012,Koramangala Sony World,10120,Weekend,False,Clear,False,0.0,False,False,0.714,High,14.7,55.5,269.8,0.145,0.336,0.951,Moderate traffic flow - standard adaptive signal timing in effect
EVT413338,2025-06-11 08:11:44,Political Rally,J020,Malleshwaram Circle,15561,Weekday,False,Clear,False,0.0,False,False,0.872,Severe,13.2,60.0,292.5,0.137,0.316,0.92,Heavy congestion detected - signal timing extended and reroute suggested
EVT413339,2025-09-23 10:19:41,Trade Fair,J011,Indiranagar 100ft Road,13353,Weekday,False,Rain,True,18.6,False,False,1.0,Severe,8.7,73.1,201.2,0.077,0.179,0.887,Heavy rain reducing visibility and grip - reduced speed and longer buffer advised
EVT413340,2026-01-30 16:45:22,Sports Fixture,J040,City Market,28341,Weekday,False,Clear,False,0.0,False,False,0.852,Severe,11.6,60.9,407.8,0.198,0.457,0.944,Heavy congestion detected - signal timing extended and reroute suggested
EVT413341,2025-02-20 11:05:21,Sports Fixture,J031,Cubbon Road,28271,Weekday,False,Clear,False,0.0,False,False,0.617,High,19.7,49.5,207.0,0.145,0.336,0.974,Moderate traffic flow - standard adaptive signal timing in effect
EVT413342,2026-03-12 21:58:47,Political Rally,J040,City Market,19036,Weekday,False,Clear,False,0.0,False,False,0.362,Moderate,30.8,24.4,195.4,0.155,0.358,0.976,Moderate traffic flow - standard adaptive signal timing in effect
EVT413343,2026-02-28 19:42:11,Local Market Day,J009,Majestic,6739,Weekend,False,Clear,False,0.0,False,False,0.7,High,16.3,46.8,241.9,0.135,0.311,0.957,Moderate traffic flow - standard adaptive signal timing in effect
EVT413344,2025-11-05 11:39:24,Sports Fixture,J020,Malleshwaram Circle,21447,Weekday,False,Clear,False,0.0,False,False,0.364,Moderate,24.1,24.4,156.2,0.097,0.223,0.974,Moderate traffic flow - standard adaptive signal timing in effect
EVT413345,2025-04-03 19:36:44,Trade Fair,J040,City Market,10117,Weekday,False,Rain,True,11.7,False,False,1.0,Severe,8.3,73.9,626.6,0.213,0.492,0.861,Heavy rain reducing visibility and grip - reduced speed and longer buffer advised
EVT413346,2025-05-02 08:55:41,Fireworks Display,J031,Cubbon Road,29847,Weekday,True,Clear,False,0.0,False,False,1.0,Severe,7.9,72.7,710.7,0.237,0.548,0.855,Festival crowd surge detected - alternate route and extended cycle recommended
EVT413347,2026-05-09 20:49:57,Sports Fixture,J012,Koramangala Sony World,17486,Weekend,False,Clear,False,0.0,False,False,0.499,Moderate,23.2,40.5,166.7,0.114,0.264,0.99,Moderate traffic flow - standard adaptive signal timing in effect
EVT413348,2026-03-04 18:08:45,Fireworks Display,J031,Cubbon Road,27278,Weekday,True,Clear,False,0.0,False,False,1.0,Severe,7.1,69.9,240.3,0.083,0.192,0.859,Festival crowd surge detected - alternate route and extended cycle recommended
EVT413349,2025-09-13 17:13:32,Political Rally,J011,Indiranagar 100ft Road,16024,Weekend,False,Rain,True,14.8,False,False,1.0,Severe,7.4,74.5,575.6,0.189,0.437,0.86,Heavy rain reducing visibility and grip - reduced speed and longer buffer advised
EVT413350,2025-05-26 15:36:52,Local Market Day,J040,City Market,5113,Weekday,False,Clear,False,0.0,False,False,0.342,Low,30.1,26.2,58.9,0.048,0.112,0.964,Moderate traffic flow - standard adaptive signal timing in effect
EVT413351,2026-03-27 08:14:21,Fireworks Display,J040,City Market,23879,Weekday,True,Fog,False,0.0,False,False,1.0,Severe,9.1,68.7,344.5,0.127,0.294,0.852,Festival crowd surge detected - alternate route and extended cycle recommended
EVT413352,2026-03-04 17:43:13,Religious Festival,J040,City Market,42312,Weekday,True,Light Rain,True,1.8,False,False,1.0,Severe,7.3,70.7,217.6,0.091,0.209,0.835,Festival crowd surge detected - alternate route and extended cycle recommended
EVT413353,2025-04-11 18:30:37,Trade Fair,J023,Basavanagudi,10326,Weekday,False,Clear,False,0.0,False,False,1.0,Severe,8.8,73.1,693.3,0.253,0.585,0.91,Heavy congestion detected - signal timing extended and reroute suggested
EVT413354,2026-01-19 20:13:24,Sports Fixture,J030,MG Road,33330,Weekday,False,Clear,False,0.0,False,False,0.844,Severe,9.8,57.1,571.9,0.201,0.464,0.93,Heavy congestion detected - signal timing extended and reroute suggested
EVT413355,2025-10-14 18:50:11,Local Market Day,J031,Cubbon Road,6032,Weekday,False,Heavy Rain,True,48.8,False,False,1.0,Severe,7.2,75.0,760.3,0.23,0.531,0.853,Heavy rain reducing visibility and grip - reduced speed and longer buffer advised
EVT413356,2025-11-13 15:41:29,Local Market Day,J009,Majestic,3802,Weekday,False,Heavy Rain,True,25.0,False,False,0.624,High,21.2,44.2,186.4,0.119,0.275,0.927,Heavy rain reducing visibility and grip - reduced speed and longer buffer advised
EVT413357,2025-09-19 06:14:58,Local Market Day,J031,Cubbon Road,2491,Weekday,False,Clear,False,0.0,False,False,0.235,Low,31.1,9.5,47.4,0.034,0.078,0.951,Normal free-flow traffic - standard signal timing maintained
EVT413358,2026-04-25 20:05:27,Sports Fixture,J023,Basavanagudi,17082,Weekend,False,Clear,False,0.0,False,False,0.653,High,17.4,49.0,293.7,0.176,0.406,0.964,Moderate traffic flow - standard adaptive signal timing in effect
EVT413359,2025-06-19 10:39:26,Local Market Day,J009,Majestic,5753,Weekday,False,Clear,False,0.0,False,False,0.574,High,22.9,39.2,220.0,0.149,0.345,0.99,Moderate traffic flow - standard adaptive signal timing in effect
EVT413360,2025-04-09 16:39:26,Trade Fair,J030,MG Road,7674,Weekday,False,Clear,False,0.0,False,False,0.585,High,24.4,43.5,133.9,0.089,0.206,0.954,Moderate traffic flow - standard adaptive signal timing in effect
EVT413361,2025-10-23 18:24:19,Local Market Day,J011,Indiranagar 100ft Road,2830,Weekday,False,Rain,True,17.0,True,False,1.0,Severe,9.1,77.2,286.1,0.121,0.28,0.712,Accident detected nearby - reroute and reduced speed advised
EVT413362,2025-08-18 17:41:01,Local Market Day,J011,Indiranagar 100ft Road,2155,Weekday,False,Rain,True,12.2,False,False,1.0,Severe,7.6,72.6,338.3,0.105,0.242,0.86,Heavy rain reducing visibility and grip - reduced speed and longer buffer advised
EVT413363,2026-06-11 16:46:55,Sports Fixture,J020,Malleshwaram Circle,21811,Weekday,False,Heavy Rain,True,44.9,False,False,1.0,Severe,9.3,69.9,336.5,0.123,0.285,0.887,Heavy rain reducing visibility and grip - reduced speed and longer buffer advised
EVT413364,2026-04-06 15:29:19,Trade Fair,J031,Cubbon Road,11786,Weekday,False,Clear,False,0.0,False,False,0.352,Moderate,25.1,20.9,185.2,0.129,0.298,0.981,Moderate traffic flow - standard adaptive signal timing in effect
EVT413365,2025-02-11 10:02:28,Sports Fixture,J012,Koramangala Sony World,23534,Weekday,False,Clear,False,0.0,False,False,0.944,Severe,9.9,70.0,637.3,0.256,0.591,0.932,Heavy congestion detected - signal timing extended and reroute suggested
EVT413366,2026-03-17 16:16:57,Political Rally,J031,Cubbon Road,15910,Weekday,False,Clear,False,0.0,False,False,0.543,Moderate,22.0,44.9,187.7,0.122,0.282,0.937,Moderate traffic flow - standard adaptive signal timing in effect
EVT413367,2025-10-07 08:18:20,Concert,J040,City Market,9989,Weekday,False,Heavy Rain,True,35.4,False,False,1.0,Severe,8.2,67.9,724.3,0.272,0.628,0.871,Heavy rain reducing visibility and grip - reduced speed and longer buffer advised
EVT413368,2026-01-14 09:31:07,Cultural Procession,J031,Cubbon Road,16698,Weekday,True,Clear,False,0.0,False,True,1.0,Severe,8.3,96.4,635.1,0.221,0.51,0.835,Road closure for event/procession - full detour recommended for through-traffic
EVT413369,2025-01-22 23:50:18,Local Market Day,J040,City Market,2782,Weekday,False,Clear,False,0.0,False,False,0.148,Low,37.2,15.5,123.3,0.106,0.246,0.965,Normal free-flow traffic - standard signal timing maintained
EVT413370,2025-12-20 08:19:52,Concert,J040,City Market,13584,Weekend,False,Clear,False,0.0,False,False,0.854,Severe,12.2,56.1,265.1,0.102,0.236,0.922,Heavy congestion detected - signal timing extended and reroute suggested
EVT413371,2025-07-15 17:02:07,Local Market Day,J030,MG Road,11265,Weekday,False,Clear,False,0.0,False,False,0.769,Severe,13.9,49.8,452.2,0.211,0.488,0.943,Heavy congestion detected - signal timing extended and reroute suggested
EVT413372,2026-01-02 07:44:52,Religious Festival,J012,Koramangala Sony World,117186,Weekday,True,Clear,False,0.0,False,True,1.0,Severe,7.4,100.8,523.2,0.186,0.431,0.865,Road closure for event/procession - full detour recommended for through-traffic
EVT413373,2026-04-17 15:01:39,Sports Fixture,J031,Cubbon Road,23486,Weekday,False,Fog,False,0.0,False,False,0.305,Low,27.5,15.6,142.1,0.106,0.246,0.972,Moderate traffic flow - standard adaptive signal timing in effect
EVT413374,2025-08-29 22:31:35,Sports Fixture,J009,Majestic,17348,Weekday,False,Heavy Rain,True,38.2,False,False,0.647,High,21.1,45.2,298.6,0.235,0.544,0.952,Heavy rain reducing visibility and grip - reduced speed and longer buffer advised
EVT413375,2025-06-24 19:41:04,Sports Fixture,J011,Indiranagar 100ft Road,22010,Weekday,False,Clear,False,0.0,False,False,0.926,Severe,8.4,65.3,389.0,0.124,0.286,0.956,Heavy congestion detected - signal timing extended and reroute suggested
EVT413376,2026-06-01 17:16:02,Sports Fixture,J009,Majestic,9403,Weekday,False,Clear,False,0.0,False,False,0.829,Severe,12.3,58.5,301.1,0.143,0.33,0.956,Heavy congestion detected - signal timing extended and reroute suggested
EVT413377,2025-08-25 07:57:20,Concert,J011,Indiranagar 100ft Road,18924,Weekday,False,Clear,False,0.0,False,False,0.905,Severe,12.9,65.7,487.9,0.218,0.504,0.939,Heavy congestion detected - signal timing extended and reroute suggested
EVT413378,2025-09-01 14:47:30,Local Market Day,J031,Cubbon Road,6925,Weekday,False,Clear,False,0.0,False,False,0.185,Low,32.9,10.4,136.4,0.108,0.249,0.972,Normal free-flow traffic - standard signal timing maintained
EVT413379,2026-04-08 18:01:11,Concert,J031,Cubbon Road,8039,Weekday,False,Clear,False,0.0,False,False,1.0,Severe,7.8,69.7,745.9,0.215,0.497,0.911,Heavy congestion detected - signal timing extended and reroute suggested
EVT413380,2025-11-23 11:50:08,Local Market Day,J011,Indiranagar 100ft Road,13415,Weekend,False,Clear,False,0.0,False,False,0.387,Moderate,27.2,22.1,144.8,0.115,0.265,0.957,Moderate traffic flow - standard adaptive signal timing in effect
EVT413381,2025-07-30 20:56:58,Sports Fixture,J031,Cubbon Road,21520,Weekday,False,Clear,False,0.0,False,False,0.484,Moderate,21.5,40.8,112.4,0.08,0.185,0.974,Moderate traffic flow - standard adaptive signal timing in effect
EVT413382,2025-08-20 09:16:25,Local Market Day,J011,Indiranagar 100ft Road,4378,Weekday,False,Clear,False,0.0,False,False,1.0,Severe,6.9,70.9,390.9,0.114,0.264,0.932,Heavy congestion detected - signal timing extended and reroute suggested
EVT413383,2025-05-20 21:42:26,Concert,J030,MG Road,15461,Weekday,False,Clear,False,0.0,False,False,0.379,Moderate,23.1,25.6,74.0,0.044,0.101,0.954,Moderate traffic flow - standard adaptive signal timing in effect
EVT413384,2025-05-02 15:43:45,Cultural Procession,J011,Indiranagar 100ft Road,12491,Weekday,True,Clear,False,0.0,False,False,0.555,High,21.6,36.4,231.5,0.143,0.331,0.919,Festival crowd surge detected - alternate route and extended cycle recommended
EVT413385,2026-05-26 13:54:13,Sports Fixture,J012,Koramangala Sony World,21683,Weekday,False,Rain,True,10.0,False,False,0.448,Moderate,23.7,32.0,147.3,0.098,0.225,0.917,Light rain detected - minor speed reduction advised
EVT413386,2025-02-13 14:39:11,Trade Fair,J009,Majestic,6356,Weekday,False,Clear,False,0.0,False,False,0.29,Low,24.2,19.6,151.9,0.097,0.225,0.959,Moderate traffic flow - standard adaptive signal timing in effect
EVT413387,2025-10-15 20:05:22,Local Market Day,J011,Indiranagar 100ft Road,4501,Weekday,False,Clear,False,0.0,False,False,0.649,High,15.4,50.9,187.7,0.103,0.238,0.97,Moderate traffic flow - standard adaptive signal timing in effect
EVT413388,2026-02-24 10:59:49,Political Rally,J012,Koramangala Sony World,20745,Weekday,False,Clear,False,0.0,False,False,0.535,Moderate,26.1,36.3,219.1,0.167,0.386,0.99,Moderate traffic flow - standard adaptive signal timing in effect
EVT413389,2026-05-16 21:05:37,Concert,J011,Indiranagar 100ft Road,8648,Weekend,False,Heavy Rain,True,36.2,False,False,0.869,Severe,13.4,65.4,497.6,0.269,0.621,0.887,Heavy rain reducing visibility and grip - reduced speed and longer buffer advised
EVT413390,2025-06-06 10:08:15,Sports Fixture,J031,Cubbon Road,26489,Weekday,False,Light Rain,True,4.2,False,False,0.947,Severe,13.0,65.4,337.5,0.172,0.398,0.882,Heavy rain reducing visibility and grip - reduced speed and longer buffer advised
EVT413391,2025-12-01 17:33:21,Sports Fixture,J011,Indiranagar 100ft Road,22707,Weekday,False,Light Rain,True,1.9,False,False,1.0,Severe,6.9,63.9,401.1,0.146,0.338,0.845,Heavy rain reducing visibility and grip - reduced speed and longer buffer advised
EVT413392,2025-02-06 18:36:45,Local Market Day,J030,MG Road,3281,Weekday,False,Clear,False,0.0,False,False,1.0,Severe,8.0,69.0,609.4,0.194,0.448,0.905,Heavy congestion detected - signal timing extended and reroute suggested
EVT413393,2026-03-06 18:50:29,Concert,J023,Basavanagudi,13751,Weekday,False,Clear,False,0.0,False,False,1.0,Severe,8.1,73.2,408.1,0.152,0.35,0.916,Heavy congestion detected - signal timing extended and reroute suggested
EVT413394,2026-04-04 18:59:57,Political Rally,J030,MG Road,28150,Weekend,False,Clear,False,0.0,False,False,1.0,Severe,9.0,68.9,338.2,0.135,0.312,0.914,Heavy congestion detected - signal timing extended and reroute suggested
EVT413395,2025-11-13 07:39:40,Local Market Day,J012,Koramangala Sony World,3152,Weekday,False,Clear,False,0.0,False,False,0.673,High,19.8,49.5,266.1,0.163,0.376,0.943,Moderate traffic flow - standard adaptive signal timing in effect
EVT413396,2025-01-12 09:09:35,Concert,J011,Indiranagar 100ft Road,10950,Weekend,False,Clear,False,0.0,False,False,0.819,Severe,13.5,61.1,203.4,0.105,0.242,0.948,Heavy congestion detected - signal timing extended and reroute suggested
EVT413397,2025-07-14 16:17:37,Sports Fixture,J020,Malleshwaram Circle,27421,Weekday,False,Heavy Rain,True,32.4,False,False,0.952,Severe,11.8,61.2,288.9,0.146,0.338,0.875,Heavy rain reducing visibility and grip - reduced speed and longer buffer advised
EVT413398,2026-02-19 09:29:58,Sports Fixture,J040,City Market,26433,Weekday,False,Clear,False,0.0,False,False,1.0,Severe,8.8,69.8,540.1,0.184,0.426,0.926,Heavy congestion detected - signal timing extended and reroute suggested
EVT413399,2026-03-09 11:43:08,Concert,J031,Cubbon Road,8006,Weekday,False,Clear,False,0.0,False,False,0.205,Low,36.7,14.3,126.6,0.118,0.272,0.948,Normal free-flow traffic - standard signal timing maintained
EVT413400,2025-01-03 17:41:01,Sports Fixture,J030,MG Road,13952,Weekday,False,Clear,False,0.0,False,False,0.994,Severe,8.6,69.4,672.3,0.229,0.528,0.911,Heavy congestion detected - signal timing extended and reroute suggested
EVT413401,2025-02-24 01:00:00,Local Market Day,J023,Basavanagudi,2256,Weekday,False,Clear,False,0.0,False,False,0.156,Low,32.9,11.0,48.5,0.015,0.034,0.962,Normal free-flow traffic - standard signal timing maintained
EVT413402,2026-01-17 17:26:18,Sports Fixture,J020,Malleshwaram Circle,15662,Weekend,False,Clear,False,0.0,False,False,0.833,Severe,13.8,57.8,276.5,0.152,0.351,0.958,Heavy congestion detected - signal timing extended and reroute suggested
EVT413403,2026-06-18 09:31:29,Concert,J023,Basavanagudi,8272,Weekday,False,Clear,False,0.0,False,False,0.915,Severe,11.8,65.0,483.5,0.219,0.506,0.957,Heavy congestion detected - signal timing extended and reroute suggested
EVT413404,2026-04-10 11:44:03,Sports Fixture,J031,Cubbon Road,33046,Weekday,False,Clear,False,0.0,False,False,0.458,Moderate,23.6,24.2,256.9,0.182,0.421,0.964,Moderate traffic flow - standard adaptive signal timing in effect
EVT413405,2025-12-19 08:02:46,Concert,J020,Malleshwaram Circle,18210,Weekday,False,Light Rain,True,2.9,False,False,0.97,Severe,10.4,67.0,505.9,0.216,0.498,0.88,Heavy rain reducing visibility and grip - reduced speed and longer buffer advised
EVT413406,2025-06-16 17:19:42,Sports Fixture,J020,Malleshwaram Circle,24581,Weekday,False,Clear,False,0.0,False,False,0.974,Severe,7.2,62.1,760.6,0.237,0.548,0.907,Heavy congestion detected - signal timing extended and reroute suggested
EVT413407,2025-12-07 10:10:32,Trade Fair,J031,Cubbon Road,7541,Weekend,False,Clear,False,0.0,False,False,0.699,High,16.5,54.7,196.3,0.129,0.297,0.974,Moderate traffic flow - standard adaptive signal timing in effect
EVT413408,2025-04-24 19:35:31,Sports Fixture,J011,Indiranagar 100ft Road,35699,Weekday,False,Clear,False,0.0,False,False,1.0,Severe,7.7,73.5,461.3,0.171,0.395,0.943,Heavy congestion detected - signal timing extended and reroute suggested
EVT413409,2025-05-11 18:32:51,Concert,J009,Majestic,8469,Weekend,False,Clear,False,0.0,False,False,0.843,Severe,13.7,64.6,307.6,0.188,0.435,0.938,Heavy congestion detected - signal timing extended and reroute suggested
EVT413410,2025-11-05 06:53:25,Concert,J023,Basavanagudi,8632,Weekday,False,Clear,False,0.0,False,False,0.388,Moderate,32.8,26.2,152.7,0.133,0.307,0.97,Moderate traffic flow - standard adaptive signal timing in effect
EVT413411,2025-06-26 15:09:43,Political Rally,J040,City Market,19048,Weekday,False,Clear,False,0.0,False,False,0.333,Low,26.4,25.5,192.4,0.14,0.323,0.976,Moderate traffic flow - standard adaptive signal timing in effect
EVT413412,2026-05-03 18:10:38,Political Rally,J009,Majestic,24514,Weekend,False,Clear,False,0.0,False,False,0.925,Severe,9.5,68.6,208.5,0.077,0.178,0.936,Heavy congestion detected - signal timing extended and reroute suggested
EVT413413,2025-11-28 17:26:11,Political Rally,J011,Indiranagar 100ft Road,11804,Weekday,False,Clear,False,0.0,False,False,0.915,Severe,7.7,62.5,786.3,0.236,0.545,0.907,Heavy congestion detected - signal timing extended and reroute suggested
EVT413414,2025-06-09 11:03:26,Local Market Day,J030,MG Road,2851,Weekday,False,Clear,False,0.0,False,False,0.432,Moderate,22.7,30.9,134.8,0.077,0.177,0.957,Moderate traffic flow - standard adaptive signal timing in effect
EVT413415,2025-06-10 10:32:45,Political Rally,J040,City Market,29736,Weekday,False,Light Rain,True,3.1,False,False,0.896,Severe,11.7,61.0,370.1,0.168,0.388,0.9,Heavy rain reducing visibility and grip - reduced speed and longer buffer advised
EVT413416,2025-06-03 15:47:33,Political Rally,J040,City Market,17939,Weekday,False,Clear,False,0.0,False,False,0.359,Moderate,27.8,22.2,118.3,0.083,0.191,0.93,Moderate traffic flow - standard adaptive signal timing in effect
EVT413417,2025-10-28 08:15:17,Trade Fair,J040,City Market,17105,Weekday,False,Clear,False,0.0,False,False,0.862,Severe,16.4,55.1,323.6,0.173,0.4,0.942,Heavy congestion detected - signal timing extended and reroute suggested
EVT413418,2025-11-01 23:13:47,Fireworks Display,J020,Malleshwaram Circle,17189,Weekend,True,Clear,False,0.0,False,False,0.544,Moderate,19.3,26.5,191.9,0.117,0.27,0.909,Festival crowd surge detected - alternate route and extended cycle recommended
EVT413419,2025-11-26 18:51:33,Local Market Day,J020,Malleshwaram Circle,4718,Weekday,False,Clear,False,0.0,False,False,1.0,Severe,6.1,72.4,510.8,0.15,0.346,0.911,Heavy congestion detected - signal timing extended and reroute suggested
EVT413420,2026-01-29 18:59:23,Sports Fixture,J031,Cubbon Road,46663,Weekday,False,Clear,False,0.0,False,False,1.0,Severe,8.4,75.3,537.5,0.209,0.482,0.886,Heavy congestion detected - signal timing extended and reroute suggested
EVT413421,2026-02-12 17:48:33,Local Market Day,J031,Cubbon Road,3705,Weekday,False,Clear,False,0.0,False,False,1.0,Severe,10.1,64.7,372.6,0.157,0.362,0.914,Heavy congestion detected - signal timing extended and reroute suggested
EVT413422,2025-11-26 10:12:17,Local Market Day,J020,Malleshwaram Circle,5071,Weekday,False,Clear,False,0.0,False,False,0.734,High,18.0,49.8,185.3,0.092,0.212,0.976,Moderate traffic flow - standard adaptive signal timing in effect
EVT413423,2026-04-28 08:24:38,Sports Fixture,J023,Basavanagudi,23446,Weekday,False,Clear,False,0.0,False,False,1.0,Severe,8.7,75.4,751.2,0.271,0.626,0.916,Heavy congestion detected - signal timing extended and reroute suggested
EVT413424,2026-05-16 11:33:47,Concert,J012,Koramangala Sony World,8850,Weekend,False,Clear,False,0.0,False,False,0.306,Low,30.9,25.2,168.0,0.137,0.315,0.949,Moderate traffic flow - standard adaptive signal timing in effect
EVT413425,2026-01-14 07:00:27,Cultural Procession,J009,Majestic,19036,Weekday,True,Clear,False,0.0,False,True,0.925,Severe,8.7,100.5,686.4,0.247,0.571,0.853,Road closure for event/procession - full detour recommended for through-traffic
EVT413426,2025-11-28 09:45:23,Sports Fixture,J012,Koramangala Sony World,43298,Weekday,False,Clear,False,0.0,False,False,1.0,Severe,10.9,66.9,683.0,0.284,0.656,0.912,Heavy congestion detected - signal timing extended and reroute suggested
EVT413427,2025-02-26 15:23:19,Concert,J020,Malleshwaram Circle,15731,Weekday,False,Clear,False,0.0,False,False,0.302,Low,33.8,17.2,118.7,0.111,0.255,0.984,Moderate traffic flow - standard adaptive signal timing in effect
EVT413428,2025-07-01 15:29:35,Local Market Day,J009,Majestic,3819,Weekday,False,Clear,False,0.0,False,False,0.296,Low,28.5,24.7,235.5,0.169,0.39,0.967,Moderate traffic flow - standard adaptive signal timing in effect
EVT413429,2026-01-02 20:59:32,Religious Festival,J030,MG Road,43149,Weekday,True,Fog,False,0.0,False,False,0.915,Severe,12.1,65.9,562.7,0.26,0.601,0.884,Festival crowd surge detected - alternate route and extended cycle recommended
EVT413430,2026-02-12 17:44:12,Trade Fair,J009,Majestic,20527,Weekday,False,Clear,False,0.0,False,False,0.979,Severe,9.6,70.0,488.4,0.213,0.491,0.894,Heavy congestion detected - signal timing extended and reroute suggested
EVT413431,2025-01-01 17:22:28,Sports Fixture,J030,MG Road,19574,Weekday,False,Clear,False,0.0,False,False,0.881,Severe,10.2,62.9,163.8,0.062,0.144,0.952,Heavy congestion detected - signal timing extended and reroute suggested
EVT413432,2025-06-05 17:36:40,Sports Fixture,J009,Majestic,17138,Weekday,False,Heavy Rain,True,89.9,False,False,1.0,Severe,9.2,74.8,526.0,0.18,0.416,0.854,Heavy rain reducing visibility and grip - reduced speed and longer buffer advised
EVT413433,2025-07-26 08:02:00,Trade Fair,J012,Koramangala Sony World,9561,Weekend,False,Clear,False,0.0,False,False,0.703,High,12.7,51.3,556.0,0.233,0.538,0.951,Moderate traffic flow - standard adaptive signal timing in effect
EVT413434,2025-11-18 00:20:15,Trade Fair,J031,Cubbon Road,5705,Weekday,False,Rain,True,19.6,False,False,0.416,Moderate,29.7,33.2,83.7,0.063,0.145,0.915,Light rain detected - minor speed reduction advised
EVT413435,2025-01-25 09:30:29,Sports Fixture,J009,Majestic,15155,Weekend,False,Clear,False,0.0,False,False,0.81,Severe,15.8,61.3,205.3,0.119,0.274,0.963,Heavy congestion detected - signal timing extended and reroute suggested
EVT413436,2026-05-02 10:48:51,Cultural Procession,J011,Indiranagar 100ft Road,8243,Weekend,True,Light Rain,True,5.5,False,True,0.901,Severe,11.1,93.6,481.9,0.205,0.474,0.84,Road closure for event/procession - full detour recommended for through-traffic
EVT413437,2026-01-14 18:52:05,Religious Festival,J020,Malleshwaram Circle,30321,Weekday,True,Clear,False,0.0,False,True,1.0,Severe,9.0,95.5,400.8,0.154,0.356,0.844,Road closure for event/procession - full detour recommended for through-traffic
EVT413438,2025-10-15 15:49:25,Concert,J020,Malleshwaram Circle,6607,Weekday,False,Heavy Rain,True,51.7,False,False,0.787,Severe,16.7,57.5,275.1,0.147,0.339,0.901,Heavy rain reducing visibility and grip - reduced speed and longer buffer advised
EVT413439,2025-11-19 23:01:36,Concert,J011,Indiranagar 100ft Road,19446,Weekday,False,Clear,False,0.0,False,False,0.314,Low,20.8,26.7,235.8,0.151,0.349,0.969,Moderate traffic flow - standard adaptive signal timing in effect
EVT413440,2025-05-05 20:41:28,Trade Fair,J011,Indiranagar 100ft Road,11034,Weekday,False,Clear,False,0.0,False,False,0.515,Moderate,24.9,39.8,209.3,0.18,0.415,0.956,Moderate traffic flow - standard adaptive signal timing in effect
EVT413441,2025-07-27 12:02:38,Political Rally,J020,Malleshwaram Circle,10867,Weekend,False,Clear,False,0.0,False,False,0.37,Moderate,22.3,23.3,127.1,0.096,0.222,0.969,Moderate traffic flow - standard adaptive signal timing in effect
EVT413442,2025-11-21 08:06:23,Trade Fair,J020,Malleshwaram Circle,10893,Weekday,False,Light Rain,True,1.0,False,False,0.896,Severe,10.3,69.4,345.0,0.158,0.364,0.887,Heavy rain reducing visibility and grip - reduced speed and longer buffer advised
EVT413443,2025-03-24 17:37:40,Local Market Day,J012,Koramangala Sony World,6248,Weekday,False,Clear,False,0.0,False,False,0.907,Severe,11.2,65.9,355.5,0.151,0.349,0.928,Heavy congestion detected - signal timing extended and reroute suggested
EVT413444,2025-03-08 17:55:41,Sports Fixture,J009,Majestic,24023,Weekend,False,Clear,False,0.0,False,False,0.968,Severe,8.7,71.8,349.3,0.131,0.302,0.94,Heavy congestion detected - signal timing extended and reroute suggested
EVT413445,2025-08-30 07:46:24,Concert,J011,Indiranagar 100ft Road,7411,Weekend,False,Rain,True,16.9,False,False,0.869,Severe,11.1,58.2,513.3,0.221,0.51,0.904,Heavy rain reducing visibility and grip - reduced speed and longer buffer advised
EVT413446,2026-05-08 17:14:25,Sports Fixture,J012,Koramangala Sony World,46155,Weekday,False,Clear,False,0.0,False,False,1.0,Severe,11.0,70.1,521.2,0.214,0.493,0.876,Heavy congestion detected - signal timing extended and reroute suggested
EVT413447,2025-07-08 09:04:53,Concert,J040,City Market,22019,Weekday,False,Heavy Rain,True,30.5,False,False,1.0,Severe,8.0,73.7,363.3,0.137,0.316,0.89,Heavy rain reducing visibility and grip - reduced speed and longer buffer advised
EVT413448,2025-07-15 09:01:43,Local Market Day,J040,City Market,5079,Weekday,False,Clear,False,0.0,False,False,0.945,Severe,10.8,68.8,315.6,0.142,0.328,0.918,Heavy congestion detected - signal timing extended and reroute suggested
EVT413449,2025-03-06 13:57:24,Sports Fixture,J023,Basavanagudi,16066,Weekday,False,Clear,False,0.0,False,False,0.245,Low,31.9,20.2,201.9,0.182,0.419,0.99,Normal free-flow traffic - standard signal timing maintained
EVT413450,2025-11-30 17:14:23,Trade Fair,J011,Indiranagar 100ft Road,11272,Weekend,False,Clear,False,0.0,False,False,0.74,High,15.7,57.2,225.2,0.122,0.282,0.978,Moderate traffic flow - standard adaptive signal timing in effect
EVT413451,2025-02-01 17:20:19,Sports Fixture,J012,Koramangala Sony World,12832,Weekend,False,Clear,False,0.0,False,False,0.826,Severe,15.5,59.2,195.6,0.09,0.209,0.965,Heavy congestion detected - signal timing extended and reroute suggested
EVT413452,2025-11-24 06:57:08,Trade Fair,J011,Indiranagar 100ft Road,7334,Weekday,False,Clear,False,0.0,False,False,0.462,Moderate,24.7,28.5,156.6,0.12,0.278,0.958,Moderate traffic flow - standard adaptive signal timing in effect
EVT413453,2025-06-07 08:28:18,Trade Fair,J012,Koramangala Sony World,5758,Weekend,False,Clear,False,0.0,False,False,0.896,Severe,12.7,70.9,348.8,0.153,0.353,0.922,Heavy congestion detected - signal timing extended and reroute suggested
EVT413454,2025-09-24 23:16:00,Political Rally,J009,Majestic,17316,Weekday,False,Clear,False,0.0,False,False,0.184,Low,34.7,8.4,162.1,0.144,0.332,0.99,Normal free-flow traffic - standard signal timing maintained
EVT413455,2025-03-01 10:04:42,Local Market Day,J012,Koramangala Sony World,5079,Weekend,False,Clear,False,0.0,False,False,0.624,High,21.1,45.5,162.5,0.089,0.205,0.986,Moderate traffic flow - standard adaptive signal timing in effect
EVT413456,2026-06-17 08:46:53,Trade Fair,J040,City Market,10491,Weekday,False,Heavy Rain,True,30.7,False,False,1.0,Severe,9.3,64.8,403.3,0.163,0.376,0.85,Heavy rain reducing visibility and grip - reduced speed and longer buffer advised
EVT413457,2025-04-01 19:18:13,Sports Fixture,J030,MG Road,26962,Weekday,False,Clear,False,0.0,False,False,1.0,Severe,7.0,71.2,620.3,0.181,0.417,0.894,Heavy congestion detected - signal timing extended and reroute suggested
EVT413458,2026-01-09 13:05:53,Trade Fair,J012,Koramangala Sony World,6191,Weekday,False,Clear,False,0.0,False,False,0.208,Low,32.4,9.8,184.3,0.163,0.377,0.957,Normal free-flow traffic - standard signal timing maintained
EVT413459,2025-12-12 20:29:23,Local Market Day,J020,Malleshwaram Circle,2824,Weekday,False,Clear,False,0.0,False,False,0.594,High,23.1,42.9,199.4,0.145,0.334,0.964,Moderate traffic flow - standard adaptive signal timing in effect
EVT413460,2026-03-05 08:48:06,Fireworks Display,J020,Malleshwaram Circle,28966,Weekday,True,Clear,False,0.0,False,False,1.0,Severe,9.1,72.2,769.7,0.277,0.639,0.87,Festival crowd surge detected - alternate route and extended cycle recommended
EVT413461,2026-05-24 18:57:29,Local Market Day,J031,Cubbon Road,2960,Weekend,False,Fog,False,0.0,False,False,0.805,Severe,14.1,59.7,381.2,0.172,0.398,0.937,Heavy congestion detected - signal timing extended and reroute suggested
EVT413462,2025-10-17 12:25:30,Concert,J011,Indiranagar 100ft Road,9898,Weekday,False,Heavy Rain,True,53.5,False,False,0.533,Moderate,24.6,37.3,187.7,0.13,0.3,0.92,Light rain detected - minor speed reduction advised
EVT413463,2025-02-09 18:18:02,Local Market Day,J031,Cubbon Road,7044,Weekend,False,Clear,False,0.0,False,False,0.854,Severe,12.4,58.0,366.4,0.151,0.349,0.957,Heavy congestion detected - signal timing extended and reroute suggested
EVT413464,2025-10-25 08:43:49,Local Market Day,J031,Cubbon Road,4408,Weekend,False,Clear,False,0.0,False,False,0.771,Severe,14.0,56.8,255.1,0.15,0.347,0.972,Heavy congestion detected - signal timing extended and reroute suggested
EVT413465,2026-01-26 15:38:42,Religious Festival,J040,City Market,100259,Weekday,True,Clear,False,0.0,False,True,1.0,Severe,8.7,99.4,992.3,0.333,0.769,0.851,Road closure for event/procession - full detour recommended for through-traffic
EVT413466,2026-06-04 05:37:44,Sports Fixture,J012,Koramangala Sony World,25405,Weekday,False,Clear,False,0.0,False,False,0.313,Low,33.4,18.8,191.6,0.184,0.425,0.96,Moderate traffic flow - standard adaptive signal timing in effect
EVT413467,2025-05-04 05:40:31,Local Market Day,J020,Malleshwaram Circle,2769,Weekend,False,Clear,False,0.0,False,False,0.272,Low,31.0,13.1,140.6,0.1,0.231,0.981,Moderate traffic flow - standard adaptive signal timing in effect
EVT413468,2025-01-03 07:10:37,Political Rally,J040,City Market,11840,Weekday,False,Clear,False,0.0,False,False,0.524,Moderate,24.6,35.7,223.8,0.127,0.295,0.944,Moderate traffic flow - standard adaptive signal timing in effect
EVT413469,2025-07-02 12:31:34,Concert,J023,Basavanagudi,15555,Weekday,False,Heavy Rain,True,28.8,False,False,0.536,Moderate,24.3,41.1,278.7,0.204,0.471,0.897,Light rain detected - minor speed reduction advised
EVT413470,2025-02-01 07:56:00,Sports Fixture,J030,MG Road,31248,Weekend,False,Clear,False,0.0,False,False,0.878,Severe,10.0,62.3,413.4,0.165,0.38,0.942,Heavy congestion detected - signal timing extended and reroute suggested
EVT413471,2025-08-29 20:35:12,Trade Fair,J031,Cubbon Road,7686,Weekday,False,Rain,True,14.2,False,False,0.643,High,18.8,45.5,283.1,0.179,0.414,0.926,Heavy rain reducing visibility and grip - reduced speed and longer buffer advised
EVT413472,2025-11-06 14:13:48,Political Rally,J012,Koramangala Sony World,22935,Weekday,False,Clear,False,0.0,False,False,0.271,Low,30.3,20.5,158.3,0.127,0.293,0.969,Moderate traffic flow - standard adaptive signal timing in effect
EVT413473,2025-02-26 10:51:58,Local Market Day,J020,Malleshwaram Circle,2727,Weekday,False,Clear,False,0.0,False,False,0.468,Moderate,20.1,38.0,209.9,0.13,0.299,0.948,Moderate traffic flow - standard adaptive signal timing in effect
EVT413474,2025-12-30 21:11:22,Sports Fixture,J011,Indiranagar 100ft Road,39234,Weekday,False,Clear,False,0.0,False,False,0.573,High,19.7,47.4,246.9,0.153,0.354,0.966,Moderate traffic flow - standard adaptive signal timing in effect
EVT413475,2026-02-16 15:04:12,Sports Fixture,J031,Cubbon Road,8246,Weekday,False,Clear,False,0.0,False,False,0.294,Low,33.5,25.6,245.3,0.195,0.451,0.967,Moderate traffic flow - standard adaptive signal timing in effect
EVT413476,2025-02-14 08:09:42,Trade Fair,J011,Indiranagar 100ft Road,15872,Weekday,False,Clear,False,0.0,False,False,0.878,Severe,13.8,64.5,325.4,0.16,0.369,0.906,Heavy congestion detected - signal timing extended and reroute suggested
EVT413477,2025-06-06 19:29:16,Political Rally,J030,MG Road,16971,Weekday,False,Clear,False,0.0,False,False,0.994,Severe,9.1,67.3,569.3,0.207,0.478,0.913,Heavy congestion detected - signal timing extended and reroute suggested
EVT413478,2025-02-27 10:06:00,Trade Fair,J011,Indiranagar 100ft Road,12903,Weekday,False,Clear,False,0.0,False,False,0.812,Severe,14.6,61.5,191.5,0.112,0.259,0.96,Heavy congestion detected - signal timing extended and reroute suggested
EVT413479,2025-05-04 18:50:44,Concert,J031,Cubbon Road,9486,Weekend,False,Clear,False,0.0,False,False,0.864,Severe,11.2,66.1,342.8,0.171,0.395,0.951,Heavy congestion detected - signal timing extended and reroute suggested
EVT413480,2025-06-15 10:18:04,Sports Fixture,J009,Majestic,27789,Weekend,False,Rain,True,11.1,False,False,0.927,Severe,8.1,64.6,689.7,0.214,0.494,0.883,Heavy rain reducing visibility and grip - reduced speed and longer buffer advised
EVT413481,2025-07-02 19:35:45,Concert,J023,Basavanagudi,18529,Weekday,False,Rain,True,8.7,False,False,1.0,Severe,7.0,69.0,431.7,0.128,0.296,0.855,Heavy rain reducing visibility and grip - reduced speed and longer buffer advised
EVT413482,2026-02-08 10:35:49,Trade Fair,J030,MG Road,7780,Weekend,False,Clear,False,0.0,False,False,0.583,High,20.1,42.3,213.8,0.145,0.334,0.985,Moderate traffic flow - standard adaptive signal timing in effect
EVT413483,2025-05-25 21:37:14,Concert,J009,Majestic,9233,Weekend,False,Clear,False,0.0,False,False,0.379,Moderate,33.8,28.4,122.5,0.101,0.233,0.988,Moderate traffic flow - standard adaptive signal timing in effect
EVT413484,2025-01-03 15:18:43,Concert,J030,MG Road,6321,Weekday,False,Clear,False,0.0,False,False,0.337,Low,31.5,21.2,249.8,0.219,0.505,0.961,Moderate traffic flow - standard adaptive signal timing in effect
EVT413485,2025-01-01 09:42:02,Political Rally,J030,MG Road,14234,Weekday,False,Clear,False,0.0,False,False,1.0,Severe,6.9,68.0,860.7,0.232,0.535,0.917,Heavy congestion detected - signal timing extended and reroute suggested
EVT413486,2025-07-16 09:59:34,Sports Fixture,J020,Malleshwaram Circle,20985,Weekday,False,Clear,False,0.0,False,False,0.952,Severe,8.7,70.2,612.2,0.23,0.532,0.944,Heavy congestion detected - signal timing extended and reroute suggested
EVT413487,2025-10-28 17:37:02,Concert,J020,Malleshwaram Circle,13120,Weekday,False,Clear,False,0.0,False,False,0.916,Severe,10.2,64.1,412.0,0.167,0.386,0.95,Heavy congestion detected - signal timing extended and reroute suggested
EVT413488,2026-04-09 18:03:47,Political Rally,J023,Basavanagudi,17062,Weekday,False,Clear,False,0.0,False,False,1.0,Severe,8.9,69.5,472.1,0.189,0.436,0.901,Heavy congestion detected - signal timing extended and reroute suggested
EVT413489,2026-04-28 13:34:22,Local Market Day,J011,Indiranagar 100ft Road,5180,Weekday,False,Clear,False,0.0,False,False,0.135,Low,32.3,5.9,38.0,0.022,0.051,0.981,Normal free-flow traffic - standard signal timing maintained
EVT413490,2026-06-05 09:34:31,Sports Fixture,J009,Majestic,11144,Weekday,False,Clear,False,0.0,False,False,1.0,Severe,7.8,65.1,629.1,0.219,0.505,0.905,Heavy congestion detected - signal timing extended and reroute suggested
EVT413491,2025-01-07 08:57:32,Local Market Day,J020,Malleshwaram Circle,5278,Weekday,False,Clear,False,0.0,False,False,1.0,Severe,10.3,66.9,239.2,0.114,0.263,0.913,Heavy congestion detected - signal timing extended and reroute suggested
EVT413492,2025-11-29 11:34:32,Concert,J023,Basavanagudi,7036,Weekend,False,Clear,False,0.0,False,False,0.318,Low,28.1,22.5,201.9,0.157,0.362,0.97,Moderate traffic flow - standard adaptive signal timing in effect
EVT413493,2025-06-12 14:51:24,Trade Fair,J023,Basavanagudi,8334,Weekday,False,Clear,False,0.0,False,False,0.251,Low,31.6,19.5,87.5,0.079,0.183,0.987,Moderate traffic flow - standard adaptive signal timing in effect
EVT413494,2025-01-17 05:37:57,Concert,J020,Malleshwaram Circle,18814,Weekday,False,Clear,False,0.0,False,False,0.364,Moderate,35.0,14.9,93.2,0.095,0.22,0.99,Moderate traffic flow - standard adaptive signal timing in effect
EVT413495,2026-02-11 18:49:56,Local Market Day,J012,Koramangala Sony World,3338,Weekday,False,Clear,False,0.0,False,False,0.892,Severe,10.9,67.5,348.1,0.149,0.345,0.933,Heavy congestion detected - signal timing extended and reroute suggested
EVT413496,2025-06-23 17:18:28,Local Market Day,J040,City Market,8869,Weekday,False,Heavy Rain,True,35.5,False,False,1.0,Severe,8.0,72.6,656.2,0.203,0.469,0.851,Heavy rain reducing visibility and grip - reduced speed and longer buffer advised
EVT413497,2026-03-20 17:39:00,Religious Festival,J011,Indiranagar 100ft Road,40081,Weekday,True,Light Rain,True,0.2,False,True,1.0,Severe,8.0,101.9,487.3,0.191,0.441,0.786,Road closure for event/procession - full detour recommended for through-traffic
EVT413498,2025-06-22 18:37:10,Sports Fixture,J011,Indiranagar 100ft Road,21277,Weekend,False,Clear,False,0.0,False,False,0.974,Severe,8.9,66.3,531.7,0.193,0.446,0.938,Heavy congestion detected - signal timing extended and reroute suggested
EVT413499,2026-05-07 15:02:07,Sports Fixture,J012,Koramangala Sony World,21086,Weekday,False,Clear,False,0.0,False,False,0.382,Moderate,35.7,23.7,117.4,0.115,0.265,0.967,Moderate traffic flow - standard adaptive signal timing in effect
EVT413500,2025-10-19 16:24:03,Political Rally,J040,City Market,19020,Weekend,False,Rain,True,23.9,False,False,0.899,Severe,10.2,68.9,533.3,0.188,0.433,0.868,Heavy rain reducing visibility and grip - reduced speed and longer buffer advised
EVT413501,2025-07-15 15:37:33,Political Rally,J030,MG Road,9175,Weekday,False,Clear,False,0.0,False,False,0.338,Low,28.4,23.6,182.1,0.134,0.31,0.947,Moderate traffic flow - standard adaptive signal timing in effect
EVT413502,2025-05-30 18:20:12,Trade Fair,J012,Koramangala Sony World,13680,Weekday,False,Clear,False,0.0,False,False,1.0,Severe,8.1,70.1,627.5,0.196,0.453,0.901,Heavy congestion detected - signal timing extended and reroute suggested
EVT413503,2025-07-21 16:40:37,Concert,J031,Cubbon Road,8050,Weekday,False,Clear,False,0.0,False,False,0.598,High,20.0,45.2,224.7,0.167,0.385,0.972,Moderate traffic flow - standard adaptive signal timing in effect
EVT413504,2026-04-03 14:51:50,Local Market Day,J009,Majestic,6663,Weekday,False,Clear,False,0.0,False,False,0.235,Low,27.4,16.3,128.9,0.107,0.247,0.985,Normal free-flow traffic - standard signal timing maintained
EVT413505,2025-08-23 09:58:55,Trade Fair,J030,MG Road,7085,Weekend,False,Rain,True,16.6,False,False,1.0,Severe,9.5,74.9,636.1,0.255,0.588,0.908,Heavy rain reducing visibility and grip - reduced speed and longer buffer advised
EVT413506,2026-03-08 13:26:07,Trade Fair,J020,Malleshwaram Circle,5059,Weekend,False,Clear,False,0.0,False,False,0.203,Low,28.0,15.6,150.1,0.112,0.258,0.99,Normal free-flow traffic - standard signal timing maintained
EVT413507,2026-01-04 19:40:33,Local Market Day,J030,MG Road,3849,Weekend,False,Clear,False,0.0,False,False,0.761,Severe,21.3,49.4,183.8,0.113,0.262,0.954,Heavy congestion detected - signal timing extended and reroute suggested
EVT413508,2026-01-08 17:47:56,Sports Fixture,J031,Cubbon Road,20848,Weekday,False,Clear,False,0.0,False,False,1.0,Severe,7.7,68.9,497.0,0.154,0.356,0.921,Heavy congestion detected - signal timing extended and reroute suggested
EVT413509,2025-02-24 15:40:18,Local Market Day,J031,Cubbon Road,2180,Weekday,False,Clear,False,0.0,False,False,0.377,Moderate,28.0,26.4,162.5,0.126,0.291,0.975,Moderate traffic flow - standard adaptive signal timing in effect
EVT413510,2025-07-30 18:32:10,Concert,J040,City Market,16073,Weekday,False,Clear,False,0.0,False,False,1.0,Severe,8.5,69.9,466.8,0.172,0.398,0.907,Heavy congestion detected - signal timing extended and reroute suggested
EVT413511,2026-01-30 17:57:58,Sports Fixture,J030,MG Road,16330,Weekday,False,Clear,False,0.0,False,False,1.0,Severe,9.0,68.0,677.5,0.251,0.58,0.919,Heavy congestion detected - signal timing extended and reroute suggested
EVT413512,2025-05-08 14:35:33,Trade Fair,J030,MG Road,10009,Weekday,False,Heavy Rain,True,50.5,False,False,0.538,Moderate,27.0,40.2,253.6,0.208,0.479,0.922,Light rain detected - minor speed reduction advised
EVT413513,2025-02-20 21:46:44,Trade Fair,J011,Indiranagar 100ft Road,14270,Weekday,False,Clear,False,0.0,False,False,0.322,Low,32.4,23.4,147.7,0.126,0.291,0.99,Moderate traffic flow - standard adaptive signal timing in effect
EVT413514,2026-04-28 16:39:23,Trade Fair,J040,City Market,10859,Weekday,False,Clear,False,0.0,False,False,0.663,High,21.5,48.5,250.8,0.162,0.374,0.962,Moderate traffic flow - standard adaptive signal timing in effect
EVT413515,2025-06-17 11:07:51,Political Rally,J009,Majestic,15006,Weekday,False,Rain,True,22.5,False,False,0.658,High,24.1,42.1,237.2,0.198,0.457,0.927,Heavy rain reducing visibility and grip - reduced speed and longer buffer advised
EVT413516,2025-06-07 15:37:57,Sports Fixture,J012,Koramangala Sony World,9497,Weekend,False,Clear,False,0.0,False,False,0.368,Moderate,26.1,24.7,240.9,0.169,0.391,0.951,Moderate traffic flow - standard adaptive signal timing in effect
EVT413517,2025-03-05 10:13:22,Trade Fair,J023,Basavanagudi,9795,Weekday,False,Clear,False,0.0,False,False,0.795,Severe,15.1,55.6,209.2,0.115,0.265,0.962,Heavy congestion detected - signal timing extended and reroute suggested
EVT413518,2025-03-22 08:48:48,Sports Fixture,J012,Koramangala Sony World,24857,Weekend,False,Fog,False,0.0,False,False,1.0,Severe,9.3,70.8,578.1,0.196,0.453,0.931,Heavy congestion detected - signal timing extended and reroute suggested
EVT413519,2026-04-15 06:32:14,Fireworks Display,J011,Indiranagar 100ft Road,21337,Weekday,True,Clear,False,0.0,False,False,0.627,High,23.5,43.8,162.3,0.108,0.249,0.918,Festival crowd surge detected - alternate route and extended cycle recommended
EVT413520,2025-02-15 14:52:57,Local Market Day,J023,Basavanagudi,5729,Weekend,False,Clear,False,0.0,False,False,0.325,Low,25.6,22.0,179.7,0.124,0.287,0.99,Moderate traffic flow - standard adaptive signal timing in effect
EVT413521,2026-01-12 10:03:20,Concert,J020,Malleshwaram Circle,10687,Weekday,False,Clear,False,0.0,False,False,0.802,Severe,12.8,61.5,316.7,0.149,0.344,0.937,Heavy congestion detected - signal timing extended and reroute suggested
EVT413522,2025-10-03 11:47:05,Religious Festival,J023,Basavanagudi,37820,Weekday,True,Clear,False,0.0,False,True,0.746,High,17.5,78.0,247.2,0.139,0.321,0.893,Road closure for event/procession - full detour recommended for through-traffic
EVT413523,2026-03-25 07:21:53,Political Rally,J031,Cubbon Road,17946,Weekday,False,Fog,False,0.0,False,False,0.589,High,20.1,41.0,199.9,0.128,0.296,0.985,Moderate traffic flow - standard adaptive signal timing in effect
EVT413524,2025-12-15 15:31:20,Sports Fixture,J012,Koramangala Sony World,23736,Weekday,False,Clear,False,0.0,False,False,0.512,Moderate,25.3,33.9,269.0,0.194,0.449,0.967,Moderate traffic flow - standard adaptive signal timing in effect
EVT413525,2025-06-09 22:53:20,Sports Fixture,J009,Majestic,22328,Weekday,False,Clear,False,0.0,False,False,0.225,Low,37.7,22.2,92.7,0.069,0.159,0.964,Normal free-flow traffic - standard signal timing maintained
EVT413526,2025-01-10 09:43:36,Local Market Day,J009,Majestic,7657,Weekday,False,Clear,False,0.0,False,False,0.851,Severe,12.7,67.7,482.2,0.212,0.49,0.942,Heavy congestion detected - signal timing extended and reroute suggested
EVT413527,2025-05-23 12:51:13,Trade Fair,J012,Koramangala Sony World,8718,Weekday,False,Clear,False,0.0,False,False,0.303,Low,25.7,23.2,129.1,0.082,0.19,0.99,Moderate traffic flow - standard adaptive signal timing in effect
EVT413528,2025-09-22 11:03:30,Trade Fair,J011,Indiranagar 100ft Road,9272,Weekday,False,Heavy Rain,True,28.7,False,False,0.712,High,16.3,48.9,169.8,0.081,0.187,0.924,Heavy rain reducing visibility and grip - reduced speed and longer buffer advised
EVT413529,2026-04-28 10:17:28,Trade Fair,J031,Cubbon Road,12193,Weekday,False,Clear,False,0.0,False,False,0.751,Severe,15.4,55.6,137.8,0.078,0.181,0.976,Heavy congestion detected - signal timing extended and reroute suggested
EVT413530,2025-02-17 18:10:36,Sports Fixture,J030,MG Road,22949,Weekday,False,Clear,False,0.0,False,False,1.0,Severe,8.3,69.3,462.9,0.161,0.372,0.915,Heavy congestion detected - signal timing extended and reroute suggested
EVT413531,2025-11-02 13:40:46,Cultural Procession,J012,Koramangala Sony World,26148,Weekend,True,Clear,False,0.0,False,False,0.591,High,21.7,46.5,339.9,0.23,0.532,0.906,Festival crowd surge detected - alternate route and extended cycle recommended
EVT413532,2026-03-30 17:09:15,Trade Fair,J011,Indiranagar 100ft Road,11305,Weekday,False,Clear,False,0.0,False,False,0.9,Severe,10.7,66.1,372.1,0.154,0.356,0.952,Heavy congestion detected - signal timing extended and reroute suggested
EVT413533,2026-03-04 06:10:34,Religious Festival,J040,City Market,43532,Weekday,True,Clear,False,0.0,False,False,0.751,Severe,17.1,49.3,413.3,0.255,0.588,0.923,Festival crowd surge detected - alternate route and extended cycle recommended
EVT413534,2025-12-21 19:18:52,Sports Fixture,J023,Basavanagudi,40339,Weekend,False,Clear,False,0.0,False,False,0.992,Severe,10.0,67.9,483.3,0.207,0.479,0.916,Heavy congestion detected - signal timing extended and reroute suggested
EVT413535,2025-12-29 21:44:25,Local Market Day,J031,Cubbon Road,3396,Weekday,False,Clear,False,0.0,False,False,0.344,Low,35.7,30.7,115.5,0.105,0.242,0.966,Moderate traffic flow - standard adaptive signal timing in effect
EVT413536,2026-06-25 13:49:06,Trade Fair,J012,Koramangala Sony World,9100,Weekday,False,Clear,False,0.0,False,False,0.212,Low,33.4,10.7,125.2,0.097,0.225,0.976,Normal free-flow traffic - standard signal timing maintained
EVT413537,2025-10-21 21:12:36,Religious Festival,J020,Malleshwaram Circle,44030,Weekday,True,Clear,False,0.0,False,True,0.971,Severe,7.9,97.1,753.1,0.237,0.547,0.823,Road closure for event/procession - full detour recommended for through-traffic
EVT413538,2026-01-27 21:09:10,Cultural Procession,J040,City Market,15223,Weekday,True,Clear,False,0.0,False,True,0.87,High,14.2,86.5,507.7,0.257,0.594,0.838,Road closure for event/procession - full detour recommended for through-traffic
EVT413539,2025-12-30 10:04:24,Trade Fair,J030,MG Road,8430,Weekday,False,Clear,False,0.0,False,False,0.791,Severe,16.9,53.7,284.1,0.147,0.339,0.957,Heavy congestion detected - signal timing extended and reroute suggested
EVT413540,2025-07-08 18:00:10,Local Market Day,J020,Malleshwaram Circle,6270,Weekday,False,Rain,True,17.4,False,False,1.0,Severe,9.6,71.6,414.5,0.163,0.376,0.848,Heavy rain reducing visibility and grip - reduced speed and longer buffer advised
EVT413541,2026-03-17 09:50:56,Local Market Day,J020,Malleshwaram Circle,2973,Weekday,False,Clear,False,0.0,False,False,0.903,Severe,10.3,64.5,466.3,0.21,0.486,0.927,Heavy congestion detected - signal timing extended and reroute suggested
EVT413542,2026-06-25 08:37:12,Sports Fixture,J009,Majestic,25591,Weekday,False,Light Rain,True,6.7,False,False,1.0,Severe,9.0,74.7,394.3,0.129,0.297,0.855,Heavy rain reducing visibility and grip - reduced speed and longer buffer advised
EVT413543,2025-12-22 18:07:29,Local Market Day,J012,Koramangala Sony World,2369,Weekday,False,Clear,False,0.0,False,False,0.935,Severe,8.8,74.3,344.8,0.148,0.343,0.927,Heavy congestion detected - signal timing extended and reroute suggested
EVT413544,2025-12-21 13:13:36,Political Rally,J009,Majestic,14804,Weekend,False,Clear,False,0.0,False,False,0.344,Low,26.3,27.5,130.8,0.091,0.21,0.967,Moderate traffic flow - standard adaptive signal timing in effect
EVT413545,2025-01-06 12:56:27,Trade Fair,J020,Malleshwaram Circle,7550,Weekday,False,Clear,False,0.0,False,False,0.163,Low,37.2,9.5,109.7,0.097,0.225,0.97,Normal free-flow traffic - standard signal timing maintained
EVT413546,2025-06-29 15:15:14,Political Rally,J011,Indiranagar 100ft Road,23459,Weekend,False,Rain,True,12.7,False,False,0.568,High,19.4,39.0,182.5,0.106,0.244,0.934,Heavy rain reducing visibility and grip - reduced speed and longer buffer advised
EVT413547,2025-03-05 08:26:36,Local Market Day,J040,City Market,6529,Weekday,False,Clear,False,0.0,False,False,0.984,Severe,5.7,70.0,791.6,0.181,0.418,0.945,Heavy congestion detected - signal timing extended and reroute suggested
EVT413548,2025-09-18 17:04:24,Local Market Day,J040,City Market,3091,Weekday,False,Rain,True,8.7,False,False,0.872,Severe,10.9,63.6,331.4,0.133,0.307,0.892,Heavy rain reducing visibility and grip - reduced speed and longer buffer advised
EVT413549,2026-04-12 18:34:34,Local Market Day,J012,Koramangala Sony World,4646,Weekend,False,Clear,False,0.0,False,False,0.92,Severe,11.8,68.5,371.7,0.173,0.4,0.913,Heavy congestion detected - signal timing extended and reroute suggested
EVT413550,2026-01-03 15:38:23,Local Market Day,J012,Koramangala Sony World,3928,Weekend,False,Clear,False,0.0,False,False,0.366,Moderate,32.3,30.2,166.1,0.153,0.354,0.964,Moderate traffic flow - standard adaptive signal timing in effect
EVT413551,2026-01-21 17:30:37,Local Market Day,J040,City Market,4069,Weekday,False,Clear,False,0.0,False,False,0.808,Severe,17.2,54.7,294.9,0.183,0.423,0.964,Heavy congestion detected - signal timing extended and reroute suggested
EVT413552,2026-04-15 09:34:19,Fireworks Display,J040,City Market,23742,Weekday,True,Clear,False,0.0,False,False,1.0,Severe,8.4,75.3,673.6,0.245,0.566,0.88,Festival crowd surge detected - alternate route and extended cycle recommended
EVT413553,2025-12-08 07:40:39,Concert,J009,Majestic,11507,Weekday,False,Clear,False,0.0,False,False,0.642,High,17.5,46.4,230.7,0.116,0.268,0.965,Moderate traffic flow - standard adaptive signal timing in effect
EVT413554,2026-05-23 10:25:21,Local Market Day,J030,MG Road,2264,Weekend,False,Rain,True,22.7,False,False,0.757,Severe,20.8,52.4,258.5,0.188,0.435,0.92,Heavy rain reducing visibility and grip - reduced speed and longer buffer advised
EVT413555,2025-10-01 18:52:49,Local Market Day,J012,Koramangala Sony World,3737,Weekday,False,Clear,False,0.0,False,False,0.991,Severe,8.5,69.2,581.8,0.203,0.469,0.913,Heavy congestion detected - signal timing extended and reroute suggested
EVT413556,2025-08-02 21:42:58,Sports Fixture,J020,Malleshwaram Circle,18343,Weekend,False,Clear,False,0.0,False,False,0.342,Low,31.8,21.9,199.2,0.174,0.402,0.961,Moderate traffic flow - standard adaptive signal timing in effect
EVT413557,2026-04-02 10:47:00,Local Market Day,J020,Malleshwaram Circle,5569,Weekday,False,Clear,False,0.0,False,False,0.566,High,19.8,41.2,97.7,0.058,0.133,0.955,Moderate traffic flow - standard adaptive signal timing in effect
EVT413558,2025-08-16 09:18:10,Fireworks Display,J040,City Market,39066,Weekend,True,Clear,False,0.0,False,False,1.0,Severe,9.5,74.9,871.2,0.343,0.792,0.855,Festival crowd surge detected - alternate route and extended cycle recommended
EVT413559,2025-06-03 20:38:17,Trade Fair,J023,Basavanagudi,9563,Weekday,False,Heavy Rain,True,31.4,False,False,0.817,Severe,15.5,52.4,387.4,0.236,0.544,0.893,Heavy rain reducing visibility and grip - reduced speed and longer buffer advised
EVT413560,2026-04-20 19:36:11,Local Market Day,J023,Basavanagudi,4161,Weekday,False,Clear,False,0.0,False,False,0.837,Severe,13.9,58.4,295.9,0.152,0.352,0.952,Heavy congestion detected - signal timing extended and reroute suggested
EVT413561,2025-06-06 14:17:48,Sports Fixture,J020,Malleshwaram Circle,29352,Weekday,False,Rain,True,9.4,False,False,0.56,High,17.6,41.4,228.1,0.125,0.288,0.898,Heavy rain reducing visibility and grip - reduced speed and longer buffer advised
EVT413562,2025-11-19 15:51:14,Local Market Day,J020,Malleshwaram Circle,5489,Weekday,False,Fog,False,0.0,False,False,0.442,Moderate,28.9,31.6,158.6,0.135,0.311,0.946,Moderate traffic flow - standard adaptive signal timing in effect
EVT413563,2026-05-09 18:37:24,Local Market Day,J011,Indiranagar 100ft Road,3170,Weekend,False,Clear,False,0.0,False,False,0.803,Severe,13.6,55.6,324.2,0.166,0.384,0.958,Heavy congestion detected - signal timing extended and reroute suggested
EVT413564,2026-03-04 15:53:29,Religious Festival,J031,Cubbon Road,78243,Weekday,True,Clear,False,0.0,False,True,1.0,Severe,7.7,96.2,1059.8,0.328,0.757,0.83,Road closure for event/procession - full detour recommended for through-traffic
EVT413565,2026-03-22 14:17:37,Trade Fair,J012,Koramangala Sony World,5959,Weekend,False,Clear,False,0.0,False,False,0.294,Low,23.2,26.1,182.9,0.116,0.269,0.971,Moderate traffic flow - standard adaptive signal timing in effect
EVT413566,2025-11-01 20:19:38,Cultural Procession,J030,MG Road,20099,Weekend,True,Clear,False,0.0,False,True,0.981,Severe,9.2,97.2,591.1,0.228,0.528,0.83,Road closure for event/procession - full detour recommended for through-traffic
EVT413567,2025-07-27 14:12:15,Trade Fair,J009,Majestic,8003,Weekend,False,Fog,False,0.0,False,False,0.334,Low,30.8,22.9,207.1,0.175,0.405,0.99,Moderate traffic flow - standard adaptive signal timing in effect
EVT413568,2026-05-31 17:00:55,Political Rally,J031,Cubbon Road,18846,Weekend,False,Clear,False,0.0,False,False,0.747,High,20.9,54.1,387.2,0.253,0.585,0.974,Moderate traffic flow - standard adaptive signal timing in effect
EVT413569,2025-05-08 10:46:32,Sports Fixture,J040,City Market,33126,Weekday,False,Fog,False,0.0,False,False,0.727,High,20.6,53.4,277.2,0.172,0.398,0.956,Moderate traffic flow - standard adaptive signal timing in effect
EVT413570,2025-10-18 10:23:06,Local Market Day,J040,City Market,3225,Weekend,False,Fog,False,0.0,False,False,0.634,High,22.6,47.4,212.4,0.144,0.332,0.974,Moderate traffic flow - standard adaptive signal timing in effect
EVT413571,2026-03-22 19:53:36,Sports Fixture,J020,Malleshwaram Circle,16744,Weekend,False,Clear,False,0.0,False,False,0.806,Severe,11.7,60.8,219.8,0.09,0.209,0.945,Heavy congestion detected - signal timing extended and reroute suggested
EVT413572,2025-08-27 14:48:39,Cultural Procession,J040,City Market,18333,Weekday,True,Clear,False,0.0,False,True,0.722,High,15.9,77.3,391.7,0.215,0.496,0.905,Road closure for event/procession - full detour recommended for through-traffic
EVT413573,2025-10-29 18:20:36,Local Market Day,J031,Cubbon Road,4457,Weekday,False,Clear,False,0.0,False,False,1.0,Severe,10.6,71.3,503.0,0.225,0.521,0.914,Heavy congestion detected - signal timing extended and reroute suggested
EVT413574,2026-03-19 14:43:00,Fireworks Display,J023,Basavanagudi,10697,Weekday,True,Clear,False,0.0,False,False,0.501,Moderate,26.5,35.3,158.7,0.139,0.322,0.91,Festival crowd surge detected - alternate route and extended cycle recommended
EVT413575,2025-05-14 08:41:29,Concert,J020,Malleshwaram Circle,8862,Weekday,False,Clear,False,0.0,False,False,1.0,Severe,8.6,67.5,651.0,0.229,0.528,0.93,Heavy congestion detected - signal timing extended and reroute suggested
EVT413576,2025-08-28 14:36:34,Cultural Procession,J020,Malleshwaram Circle,14876,Weekday,True,Fog,False,0.0,False,True,0.642,Moderate,19.0,62.6,398.2,0.264,0.61,0.874,Road closure for event/procession - full detour recommended for through-traffic
EVT413577,2026-06-15 16:32:23,Sports Fixture,J020,Malleshwaram Circle,20520,Weekday,False,Clear,False,0.0,False,False,0.659,High,21.6,50.2,114.5,0.079,0.183,0.984,Moderate traffic flow - standard adaptive signal timing in effect
EVT413578,2026-02-14 07:18:31,Trade Fair,J020,Malleshwaram Circle,9006,Weekend,False,Clear,False,0.0,False,False,0.536,Moderate,25.2,38.7,121.4,0.082,0.188,0.967,Moderate traffic flow - standard adaptive signal timing in effect
EVT413579,2025-08-05 22:49:54,Concert,J012,Koramangala Sony World,10541,Weekday,False,Clear,False,0.0,False,False,0.213,Low,31.8,13.2,66.7,0.05,0.116,0.99,Normal free-flow traffic - standard signal timing maintained
EVT413580,2026-04-13 18:03:25,Local Market Day,J040,City Market,4059,Weekday,False,Clear,False,0.0,False,False,1.0,Severe,8.1,72.5,689.9,0.239,0.552,0.909,Heavy congestion detected - signal timing extended and reroute suggested
EVT413581,2025-12-01 08:32:19,Political Rally,J012,Koramangala Sony World,16248,Weekday,False,Clear,False,0.0,False,False,1.0,Severe,6.5,63.5,798.9,0.229,0.529,0.922,Heavy congestion detected - signal timing extended and reroute suggested
EVT413582,2025-12-06 12:41:15,Local Market Day,J011,Indiranagar 100ft Road,2548,Weekend,False,Clear,False,0.0,False,False,0.324,Low,27.5,18.9,197.6,0.156,0.361,0.985,Moderate traffic flow - standard adaptive signal timing in effect
EVT413583,2025-12-24 14:40:05,Sports Fixture,J009,Majestic,16524,Weekday,False,Clear,False,0.0,False,False,0.295,Low,26.9,22.4,158.3,0.104,0.239,0.975,Moderate traffic flow - standard adaptive signal timing in effect
EVT413584,2025-04-01 18:20:21,Trade Fair,J031,Cubbon Road,7533,Weekday,False,Clear,False,0.0,False,False,0.968,Severe,7.5,72.7,541.3,0.165,0.381,0.93,Heavy congestion detected - signal timing extended and reroute suggested
EVT413585,2025-12-14 15:00:35,Sports Fixture,J040,City Market,20405,Weekend,False,Clear,False,0.0,False,False,0.446,Moderate,26.4,31.2,244.9,0.18,0.415,0.95,Moderate traffic flow - standard adaptive signal timing in effect
EVT413586,2025-07-28 15:12:10,Sports Fixture,J012,Koramangala Sony World,13938,Weekday,False,Clear,False,0.0,False,False,0.328,Low,28.6,19.5,127.2,0.078,0.18,0.95,Moderate traffic flow - standard adaptive signal timing in effect
EVT413587,2025-08-19 09:51:55,Concert,J023,Basavanagudi,10777,Weekday,False,Clear,False,0.0,False,False,0.876,Severe,9.7,67.6,251.2,0.122,0.282,0.948,Heavy congestion detected - signal timing extended and reroute suggested
EVT413588,2025-08-27 16:42:49,Religious Festival,J020,Malleshwaram Circle,34068,Weekday,True,Clear,False,0.0,False,True,1.0,Severe,6.8,102.4,604.1,0.185,0.427,0.846,Road closure for event/procession - full detour recommended for through-traffic
EVT413589,2025-12-13 06:59:10,Concert,J009,Majestic,18439,Weekend,False,Clear,False,0.0,False,False,0.605,High,21.8,37.6,113.8,0.089,0.205,0.97,Moderate traffic flow - standard adaptive signal timing in effect
EVT413590,2025-10-12 16:43:01,Local Market Day,J031,Cubbon Road,3709,Weekend,False,Fog,False,0.0,False,False,0.565,High,20.6,39.3,317.0,0.207,0.478,0.96,Moderate traffic flow - standard adaptive signal timing in effect
EVT413591,2026-01-24 08:38:16,Local Market Day,J020,Malleshwaram Circle,5225,Weekend,False,Clear,False,0.0,False,False,0.858,Severe,14.0,64.8,319.0,0.181,0.419,0.931,Heavy congestion detected - signal timing extended and reroute suggested
EVT413592,2025-08-27 18:24:58,Religious Festival,J030,MG Road,30281,Weekday,True,Rain,True,22.7,False,False,1.0,Severe,8.2,72.4,381.8,0.141,0.326,0.799,Festival crowd surge detected - alternate route and extended cycle recommended
EVT413593,2026-04-27 17:22:51,Sports Fixture,J009,Majestic,29339,Weekday,False,Clear,False,0.0,False,False,0.943,Severe,11.8,64.8,476.3,0.212,0.491,0.907,Heavy congestion detected - signal timing extended and reroute suggested
EVT413594,2025-11-20 18:45:48,Concert,J040,City Market,9155,Weekday,False,Clear,False,0.0,False,False,1.0,Severe,9.8,75.1,406.1,0.169,0.391,0.915,Heavy congestion detected - signal timing extended and reroute suggested
EVT413595,2026-05-04 18:19:54,Sports Fixture,J012,Koramangala Sony World,36979,Weekday,False,Clear,False,0.0,False,False,1.0,Severe,8.9,69.3,758.2,0.261,0.602,0.92,Heavy congestion detected - signal timing extended and reroute suggested
EVT413596,2025-08-24 08:39:51,Local Market Day,J030,MG Road,3718,Weekend,False,Clear,False,0.0,False,False,0.827,Severe,13.5,53.5,391.7,0.167,0.385,0.947,Heavy congestion detected - signal timing extended and reroute suggested
EVT413597,2025-10-22 18:07:39,Religious Festival,J030,MG Road,27591,Weekday,True,Clear,False,0.0,False,False,1.0,Severe,9.8,73.4,380.9,0.158,0.366,0.87,Festival crowd surge detected - alternate route and extended cycle recommended
EVT413598,2026-01-05 18:43:41,Sports Fixture,J009,Majestic,34018,Weekday,False,Clear,False,0.0,False,False,1.0,Severe,6.9,71.7,1056.8,0.295,0.682,0.938,Heavy congestion detected - signal timing extended and reroute suggested
EVT413599,2025-11-20 09:39:50,Local Market Day,J040,City Market,4804,Weekday,False,Clear,False,0.0,False,False,0.95,Severe,10.9,65.4,466.1,0.183,0.422,0.907,Heavy congestion detected - signal timing extended and reroute suggested
EVT413600,2025-08-11 09:31:07,Local Market Day,J023,Basavanagudi,7670,Weekday,False,Rain,True,12.4,False,False,1.0,Severe,9.0,69.7,532.3,0.208,0.481,0.855,Heavy rain reducing visibility and grip - reduced speed and longer buffer advised
EVT413601,2026-04-24 09:47:23,Sports Fixture,J023,Basavanagudi,30171,Weekday,False,Clear,False,0.0,False,False,1.0,Severe,8.1,78.2,618.8,0.204,0.472,0.91,Heavy congestion detected - signal timing extended and reroute suggested
EVT413602,2025-04-28 17:41:38,Local Market Day,J011,Indiranagar 100ft Road,6381,Weekday,False,Clear,False,0.0,False,False,0.939,Severe,12.4,71.2,341.5,0.177,0.409,0.925,Heavy congestion detected - signal timing extended and reroute suggested
EVT413603,2025-04-27 13:32:19,Concert,J011,Indiranagar 100ft Road,14843,Weekend,False,Clear,False,0.0,False,False,0.244,Low,27.8,15.5,137.9,0.088,0.203,0.965,Normal free-flow traffic - standard signal timing maintained
EVT413604,2025-03-14 17:25:45,Cultural Procession,J020,Malleshwaram Circle,20354,Weekday,True,Clear,False,0.0,False,True,1.0,Severe,6.8,96.0,244.0,0.105,0.242,0.824,Road closure for event/procession - full detour recommended for through-traffic
EVT413605,2026-06-04 13:31:15,Local Market Day,J012,Koramangala Sony World,2599,Weekday,False,Rain,True,20.3,False,False,0.354,Moderate,25.2,28.0,131.6,0.093,0.214,0.923,Light rain detected - minor speed reduction advised
EVT413606,2026-01-01 01:35:48,Cultural Procession,J030,MG Road,22745,Weekday,True,Clear,False,0.0,False,True,0.654,Moderate,16.8,61.7,239.4,0.14,0.323,0.883,Road closure for event/procession - full detour recommended for through-traffic
EVT413607,2025-09-29 09:15:10,Trade Fair,J040,City Market,13533,Weekday,False,Clear,False,0.0,False,False,1.0,Severe,9.3,78.0,669.4,0.258,0.595,0.909,Heavy congestion detected - signal timing extended and reroute suggested
EVT413608,2026-04-06 18:24:26,Sports Fixture,J023,Basavanagudi,20313,Weekday,False,Clear,False,0.0,False,False,1.0,Severe,8.2,65.9,676.5,0.221,0.512,0.932,Heavy congestion detected - signal timing extended and reroute suggested
EVT413609,2026-06-03 20:44:16,Sports Fixture,J009,Majestic,35285,Weekday,False,Clear,False,0.0,False,False,0.68,High,18.3,45.3,182.1,0.108,0.251,0.949,Moderate traffic flow - standard adaptive signal timing in effect
EVT413610,2026-06-11 04:03:22,Local Market Day,J031,Cubbon Road,6252,Weekday,False,Heavy Rain,True,48.8,False,False,0.52,Moderate,21.0,35.3,197.5,0.106,0.246,0.894,Light rain detected - minor speed reduction advised
EVT413611,2026-01-25 17:03:20,Trade Fair,J011,Indiranagar 100ft Road,9351,Weekend,False,Clear,False,0.0,False,False,0.681,High,21.3,45.1,224.1,0.182,0.42,0.976,Moderate traffic flow - standard adaptive signal timing in effect
EVT413612,2025-03-05 08:41:50,Sports Fixture,J031,Cubbon Road,32680,Weekday,False,Clear,False,0.0,False,False,1.0,Severe,8.8,68.3,598.3,0.189,0.437,0.918,Heavy congestion detected - signal timing extended and reroute suggested
EVT413613,2026-03-26 14:32:24,Religious Festival,J031,Cubbon Road,66402,Weekday,True,Fog,False,0.0,False,False,0.805,Severe,14.8,59.9,262.9,0.134,0.309,0.892,Festival crowd surge detected - alternate route and extended cycle recommended
EVT413614,2026-02-12 20:40:38,Concert,J030,MG Road,7992,Weekday,False,Clear,False,0.0,False,False,0.5,Moderate,27.1,32.7,269.9,0.21,0.485,0.961,Moderate traffic flow - standard adaptive signal timing in effect
EVT413615,2026-02-18 14:27:38,Political Rally,J020,Malleshwaram Circle,15342,Weekday,False,Clear,False,0.0,False,False,0.231,Low,27.4,15.1,162.9,0.097,0.225,0.953,Normal free-flow traffic - standard signal timing maintained
EVT413616,2025-10-09 16:05:26,Trade Fair,J023,Basavanagudi,13574,Weekday,False,Clear,False,0.0,False,False,0.399,Moderate,26.0,27.7,212.6,0.173,0.399,0.975,Moderate traffic flow - standard adaptive signal timing in effect
EVT413617,2026-02-17 19:54:40,Sports Fixture,J009,Majestic,19190,Weekday,False,Clear,False,0.0,False,False,0.9,Severe,13.5,65.5,407.8,0.202,0.467,0.926,Heavy congestion detected - signal timing extended and reroute suggested
EVT413618,2026-05-11 17:35:08,Sports Fixture,J040,City Market,18909,Weekday,False,Clear,False,0.0,False,False,0.94,Severe,10.7,65.1,426.4,0.191,0.44,0.926,Heavy congestion detected - signal timing extended and reroute suggested
EVT413619,2026-03-01 08:37:27,Sports Fixture,J009,Majestic,22057,Weekend,False,Clear,False,0.0,False,False,0.919,Severe,10.7,66.2,407.7,0.158,0.364,0.939,Heavy congestion detected - signal timing extended and reroute suggested
EVT413620,2025-01-21 21:39:57,Local Market Day,J011,Indiranagar 100ft Road,3497,Weekday,False,Clear,False,0.0,False,False,0.279,Low,27.8,19.8,178.6,0.139,0.32,0.961,Moderate traffic flow - standard adaptive signal timing in effect
EVT413621,2025-07-21 12:10:11,Trade Fair,J040,City Market,12248,Weekday,False,Light Rain,True,5.6,False,False,0.371,Moderate,26.2,24.6,141.7,0.106,0.244,0.884,Light rain detected - minor speed reduction advised
EVT413622,2025-09-22 12:59:41,Trade Fair,J012,Koramangala Sony World,6595,Weekday,False,Rain,True,9.0,False,False,0.377,Moderate,27.8,27.2,166.4,0.119,0.276,0.891,Light rain detected - minor speed reduction advised
EVT413623,2025-01-08 08:34:56,Trade Fair,J009,Majestic,12531,Weekday,False,Clear,False,0.0,False,False,1.0,Severe,8.8,74.8,691.7,0.246,0.567,0.889,Heavy congestion detected - signal timing extended and reroute suggested
EVT413624,2025-11-12 08:12:10,Political Rally,J031,Cubbon Road,11378,Weekday,False,Rain,True,8.0,False,False,0.999,Severe,9.1,70.4,475.0,0.186,0.431,0.873,Heavy rain reducing visibility and grip - reduced speed and longer buffer advised
EVT413625,2025-06-20 12:54:26,Local Market Day,J009,Majestic,5413,Weekday,False,Clear,False,0.0,False,False,0.168,Low,36.2,11.1,86.7,0.063,0.145,0.95,Normal free-flow traffic - standard signal timing maintained
EVT413626,2026-04-22 18:22:46,Local Market Day,J031,Cubbon Road,3756,Weekday,False,Clear,False,0.0,False,False,0.997,Severe,8.2,71.8,382.1,0.142,0.329,0.907,Heavy congestion detected - signal timing extended and reroute suggested
EVT413627,2026-02-15 21:45:48,Sports Fixture,J040,City Market,25026,Weekend,False,Clear,False,0.0,False,False,0.438,Moderate,30.5,27.2,132.4,0.12,0.277,0.963,Moderate traffic flow - standard adaptive signal timing in effect
EVT413628,2025-04-20 11:59:30,Local Market Day,J011,Indiranagar 100ft Road,4963,Weekend,False,Clear,False,0.0,False,False,0.28,Low,37.5,20.8,137.4,0.132,0.306,0.973,Moderate traffic flow - standard adaptive signal timing in effect
EVT413629,2026-01-20 09:52:57,Sports Fixture,J011,Indiranagar 100ft Road,25755,Weekday,False,Clear,False,0.0,False,False,1.0,Severe,7.8,71.6,330.9,0.101,0.234,0.946,Heavy congestion detected - signal timing extended and reroute suggested
EVT413630,2025-08-19 11:33:34,Trade Fair,J040,City Market,13429,Weekday,False,Light Rain,True,2.5,False,False,0.405,Moderate,28.6,33.4,199.6,0.16,0.371,0.93,Light rain detected - minor speed reduction advised
EVT413631,2025-05-27 18:14:11,Trade Fair,J031,Cubbon Road,15211,Weekday,False,Clear,False,0.0,False,False,1.0,Severe,7.8,65.7,655.6,0.205,0.473,0.908,Heavy congestion detected - signal timing extended and reroute suggested
EVT413632,2026-05-24 11:03:38,Political Rally,J020,Malleshwaram Circle,9652,Weekend,False,Heavy Rain,True,31.7,False,False,0.785,Severe,17.9,54.3,297.6,0.187,0.432,0.896,Heavy rain reducing visibility and grip - reduced speed and longer buffer advised
EVT413633,2026-06-22 22:31:52,Political Rally,J030,MG Road,23908,Weekday,False,Clear,False,0.0,False,False,0.285,Low,22.6,18.1,93.3,0.035,0.081,0.988,Moderate traffic flow - standard adaptive signal timing in effect
EVT413634,2026-01-15 14:03:21,Religious Festival,J009,Majestic,49158,Weekday,True,Light Rain,True,1.2,False,True,0.804,High,12.8,82.9,467.8,0.204,0.47,0.806,Road closure for event/procession - full detour recommended for through-traffic
EVT413635,2025-11-05 18:15:46,Local Market Day,J031,Cubbon Road,3778,Weekday,False,Light Rain,True,2.1,False,False,1.0,Severe,10.4,72.7,733.1,0.288,0.666,0.877,Heavy rain reducing visibility and grip - reduced speed and longer buffer advised
EVT413636,2025-01-14 16:53:36,Religious Festival,J023,Basavanagudi,36856,Weekday,True,Fog,False,0.0,False,True,1.0,Severe,7.1,102.4,606.2,0.195,0.451,0.854,Road closure for event/procession - full detour recommended for through-traffic
EVT413637,2025-11-26 13:08:48,Concert,J012,Koramangala Sony World,15703,Weekday,False,Light Rain,True,3.6,False,False,0.326,Low,34.7,22.5,138.3,0.113,0.261,0.93,Light rain detected - minor speed reduction advised
EVT413638,2025-04-12 07:11:38,Local Market Day,J020,Malleshwaram Circle,3734,Weekend,False,Clear,False,0.0,False,False,0.516,Moderate,26.2,34.9,148.8,0.125,0.288,0.962,Moderate traffic flow - standard adaptive signal timing in effect
EVT413639,2026-05-24 15:59:35,Trade Fair,J030,MG Road,10079,Weekend,False,Rain,True,24.9,False,False,0.692,High,15.9,47.6,506.6,0.278,0.643,0.914,Heavy rain reducing visibility and grip - reduced speed and longer buffer advised
EVT413640,2026-04-07 18:46:45,Concert,J011,Indiranagar 100ft Road,16242,Weekday,False,Clear,False,0.0,False,False,1.0,Severe,8.1,67.8,613.7,0.19,0.44,0.908,Heavy congestion detected - signal timing extended and reroute suggested
EVT413641,2025-10-30 11:05:35,Political Rally,J031,Cubbon Road,17763,Weekday,False,Heavy Rain,True,34.8,False,False,0.813,Severe,12.4,61.2,276.8,0.115,0.266,0.893,Heavy rain reducing visibility and grip - reduced speed and longer buffer advised
EVT413642,2026-04-26 08:16:13,Sports Fixture,J011,Indiranagar 100ft Road,22395,Weekend,False,Clear,False,0.0,False,False,0.857,Severe,14.7,57.4,292.5,0.167,0.386,0.922,Heavy congestion detected - signal timing extended and reroute suggested
EVT413643,2025-08-19 15:25:14,Political Rally,J023,Basavanagudi,16766,Weekday,False,Clear,False,0.0,False,False,0.48,Moderate,24.3,36.8,156.9,0.107,0.248,0.975,Moderate traffic flow - standard adaptive signal timing in effect
EVT413644,2025-07-14 16:58:36,Sports Fixture,J030,MG Road,27056,Weekday,False,Clear,False,0.0,False,False,0.812,Severe,14.2,46.5,337.5,0.166,0.384,0.96,Heavy congestion detected - signal timing extended and reroute suggested
EVT413645,2026-03-07 18:29:05,Sports Fixture,J009,Majestic,19017,Weekend,False,Clear,False,0.0,False,False,0.998,Severe,9.6,67.5,358.0,0.163,0.376,0.925,Heavy congestion detected - signal timing extended and reroute suggested
EVT413646,2026-05-11 07:30:34,Trade Fair,J020,Malleshwaram Circle,7259,Weekday,False,Fog,False,0.0,False,False,0.672,High,18.7,45.8,305.4,0.181,0.417,0.962,Moderate traffic flow - standard adaptive signal timing in effect
EVT413647,2025-10-22 15:18:22,Religious Festival,J011,Indiranagar 100ft Road,25325,Weekday,True,Clear,False,0.0,False,False,0.638,High,19.4,47.5,396.2,0.226,0.523,0.905,Festival crowd surge detected - alternate route and extended cycle recommended
EVT413648,2026-04-10 15:52:14,Local Market Day,J023,Basavanagudi,2290,Weekday,False,Clear,False,0.0,False,False,0.281,Low,28.7,24.1,226.4,0.183,0.422,0.971,Moderate traffic flow - standard adaptive signal timing in effect
EVT413649,2026-05-03 07:37:11,Concert,J030,MG Road,14034,Weekend,False,Heavy Rain,True,31.7,False,False,0.992,Severe,6.4,68.3,720.8,0.214,0.495,0.893,Heavy rain reducing visibility and grip - reduced speed and longer buffer advised
EVT413650,2025-03-29 18:44:26,Concert,J030,MG Road,22021,Weekend,False,Rain,True,11.4,False,False,1.0,Severe,8.3,61.8,491.4,0.156,0.361,0.853,Heavy rain reducing visibility and grip - reduced speed and longer buffer advised
EVT413651,2025-10-07 16:58:17,Trade Fair,J020,Malleshwaram Circle,7347,Weekday,False,Clear,False,0.0,False,False,0.744,High,14.6,62.7,316.2,0.147,0.34,0.944,Moderate traffic flow - standard adaptive signal timing in effect
EVT413652,2026-03-22 08:13:59,Trade Fair,J012,Koramangala Sony World,8830,Weekend,False,Clear,False,0.0,False,False,0.796,Severe,15.3,62.0,467.2,0.257,0.594,0.957,Heavy congestion detected - signal timing extended and reroute suggested
EVT413653,2025-06-06 17:54:51,Sports Fixture,J023,Basavanagudi,16637,Weekday,False,Clear,False,0.0,False,False,1.0,Severe,8.3,78.9,620.7,0.21,0.486,0.897,Heavy congestion detected - signal timing extended and reroute suggested
EVT413654,2025-09-21 10:36:19,Sports Fixture,J031,Cubbon Road,24380,Weekend,False,Clear,False,0.0,False,False,0.775,Severe,15.8,51.9,425.9,0.222,0.513,0.951,Heavy congestion detected - signal timing extended and reroute suggested
EVT413655,2026-04-29 17:53:51,Political Rally,J012,Koramangala Sony World,7665,Weekday,False,Clear,False,0.0,False,False,1.0,Severe,9.2,70.8,690.2,0.245,0.567,0.913,Heavy congestion detected - signal timing extended and reroute suggested
EVT413656,2026-06-07 09:53:03,Trade Fair,J040,City Market,8735,Weekend,False,Rain,True,14.5,False,False,0.947,Severe,12.5,59.1,175.1,0.092,0.212,0.87,Heavy rain reducing visibility and grip - reduced speed and longer buffer advised
EVT413657,2025-12-13 07:44:12,Concert,J031,Cubbon Road,19221,Weekend,False,Clear,False,0.0,False,False,0.748,High,17.5,56.4,413.3,0.239,0.553,0.943,Moderate traffic flow - standard adaptive signal timing in effect
EVT413658,2025-07-15 13:52:00,Concert,J031,Cubbon Road,16295,Weekday,False,Heavy Rain,True,52.5,False,False,0.599,High,23.7,34.9,195.8,0.144,0.334,0.904,Heavy rain reducing visibility and grip - reduced speed and longer buffer advised
EVT413659,2025-02-06 20:11:30,Trade Fair,J020,Malleshwaram Circle,16688,Weekday,False,Clear,False,0.0,False,False,0.635,High,17.5,42.9,287.4,0.15,0.347,0.947,Moderate traffic flow - standard adaptive signal timing in effect
EVT413660,2026-06-07 07:40:29,Local Market Day,J030,MG Road,4277,Weekend,False,Heavy Rain,True,38.6,False,False,1.0,Severe,10.2,77.6,487.8,0.188,0.434,0.874,Heavy rain reducing visibility and grip - reduced speed and longer buffer advised
EVT413661,2026-06-16 08:05:50,Local Market Day,J030,MG Road,3982,Weekday,False,Clear,False,0.0,False,False,0.827,Severe,11.7,57.7,465.6,0.223,0.516,0.969,Heavy congestion detected - signal timing extended and reroute suggested
EVT413662,2026-01-05 08:07:00,Sports Fixture,J011,Indiranagar 100ft Road,37570,Weekday,False,Clear,False,0.0,False,False,1.0,Severe,8.4,64.4,621.1,0.22,0.507,0.904,Heavy congestion detected - signal timing extended and reroute suggested
EVT413663,2025-07-14 00:19:11,Local Market Day,J009,Majestic,5548,Weekday,False,Clear,False,0.0,False,False,0.24,Low,34.5,19.4,166.5,0.147,0.34,0.968,Normal free-flow traffic - standard signal timing maintained
EVT413664,2026-05-25 06:19:22,Local Market Day,J031,Cubbon Road,4195,Weekday,False,Rain,True,16.6,False,False,0.53,Moderate,19.6,36.0,264.6,0.155,0.359,0.924,Light rain detected - minor speed reduction advised
EVT413665,2025-11-08 18:55:50,Local Market Day,J012,Koramangala Sony World,3664,Weekend,False,Clear,False,0.0,False,False,0.776,Severe,16.8,55.6,314.3,0.172,0.397,0.959,Heavy congestion detected - signal timing extended and reroute suggested
EVT413666,2025-11-13 20:12:41,Political Rally,J031,Cubbon Road,41977,Weekday,False,Clear,False,0.0,False,False,0.836,Severe,11.9,56.9,501.5,0.216,0.499,0.939,Heavy congestion detected - signal timing extended and reroute suggested
EVT413667,2025-05-03 08:37:59,Political Rally,J011,Indiranagar 100ft Road,13780,Weekend,False,Light Rain,True,3.4,False,False,1.0,Severe,10.0,71.7,583.6,0.229,0.528,0.889,Heavy rain reducing visibility and grip - reduced speed and longer buffer advised
EVT413668,2025-12-07 09:35:15,Sports Fixture,J009,Majestic,15231,Weekend,False,Clear,False,0.0,False,False,0.843,Severe,12.8,57.7,614.6,0.285,0.658,0.932,Heavy congestion detected - signal timing extended and reroute suggested
EVT413669,2025-07-31 19:36:56,Political Rally,J040,City Market,13185,Weekday,False,Rain,True,15.5,False,False,1.0,Severe,9.6,70.0,614.6,0.236,0.545,0.85,Heavy rain reducing visibility and grip - reduced speed and longer buffer advised
EVT413670,2025-08-26 20:20:19,Sports Fixture,J031,Cubbon Road,13184,Weekday,False,Clear,False,0.0,False,False,0.659,High,20.5,52.9,288.3,0.171,0.396,0.933,Moderate traffic flow - standard adaptive signal timing in effect
EVT413671,2026-02-14 17:30:23,Local Market Day,J011,Indiranagar 100ft Road,3501,Weekend,False,Clear,False,0.0,False,False,0.741,High,17.3,49.5,236.1,0.146,0.336,0.976,Moderate traffic flow - standard adaptive signal timing in effect
EVT413672,2025-08-09 18:20:18,Local Market Day,J009,Majestic,2640,Weekend,False,Clear,False,0.0,False,False,0.861,Severe,14.9,63.3,226.0,0.124,0.286,0.949,Heavy congestion detected - signal timing extended and reroute suggested
EVT413673,2025-09-08 18:45:46,Sports Fixture,J011,Indiranagar 100ft Road,37997,Weekday,False,Heavy Rain,True,37.3,False,False,1.0,Severe,8.1,69.3,364.0,0.128,0.295,0.861,Heavy rain reducing visibility and grip - reduced speed and longer buffer advised
EVT413674,2025-09-21 06:44:10,Sports Fixture,J030,MG Road,30535,Weekend,False,Clear,False,0.0,False,False,0.504,Moderate,23.0,34.9,139.5,0.086,0.2,0.922,Moderate traffic flow - standard adaptive signal timing in effect
EVT413675,2026-04-03 03:57:56,Concert,J040,City Market,8551,Weekday,False,Clear,False,0.0,False,False,0.215,Low,26.7,10.1,170.4,0.121,0.28,0.979,Normal free-flow traffic - standard signal timing maintained
EVT413676,2025-11-10 14:51:14,Sports Fixture,J031,Cubbon Road,22580,Weekday,False,Rain,True,12.4,True,False,0.912,Severe,12.1,65.7,211.5,0.081,0.187,0.726,Accident detected nearby - reroute and reduced speed advised
EVT413677,2025-06-27 12:03:47,Trade Fair,J011,Indiranagar 100ft Road,8764,Weekday,False,Heavy Rain,True,38.9,False,False,0.6,High,21.6,39.3,173.5,0.127,0.292,0.913,Heavy rain reducing visibility and grip - reduced speed and longer buffer advised
EVT413678,2026-05-13 19:38:48,Political Rally,J040,City Market,9141,Weekday,False,Clear,False,0.0,False,False,0.937,Severe,10.2,69.3,169.2,0.084,0.194,0.926,Heavy congestion detected - signal timing extended and reroute suggested
EVT413679,2025-07-17 10:25:05,Trade Fair,J031,Cubbon Road,5011,Weekday,False,Clear,False,0.0,False,False,0.618,High,26.7,42.1,254.3,0.19,0.439,0.947,Moderate traffic flow - standard adaptive signal timing in effect
EVT413680,2025-02-16 18:41:48,Local Market Day,J020,Malleshwaram Circle,3970,Weekend,False,Clear,False,0.0,False,False,0.829,Severe,14.8,58.0,379.9,0.21,0.484,0.967,Heavy congestion detected - signal timing extended and reroute suggested
EVT413681,2025-03-07 18:15:49,Sports Fixture,J023,Basavanagudi,13536,Weekday,False,Clear,False,0.0,False,False,1.0,Severe,9.3,71.5,185.7,0.087,0.201,0.899,Heavy congestion detected - signal timing extended and reroute suggested
EVT413682,2025-07-14 08:30:57,Trade Fair,J031,Cubbon Road,6552,Weekday,False,Clear,False,0.0,False,False,1.0,Severe,6.2,70.2,611.4,0.164,0.379,0.91,Heavy congestion detected - signal timing extended and reroute suggested
EVT413683,2026-02-27 18:08:27,Local Market Day,J030,MG Road,2603,Weekday,False,Clear,False,0.0,False,False,0.961,Severe,11.1,59.0,336.0,0.143,0.331,0.934,Heavy congestion detected - signal timing extended and reroute suggested
EVT413684,2026-01-03 20:12:06,Trade Fair,J012,Koramangala Sony World,11999,Weekend,False,Clear,False,0.0,False,False,0.659,High,19.7,51.5,278.6,0.162,0.373,0.943,Moderate traffic flow - standard adaptive signal timing in effect
EVT413685,2026-02-24 15:29:28,Concert,J011,Indiranagar 100ft Road,12099,Weekday,False,Clear,False,0.0,False,False,0.379,Moderate,33.1,21.3,128.6,0.101,0.233,0.945,Moderate traffic flow - standard adaptive signal timing in effect
EVT413686,2026-02-24 07:15:51,Local Market Day,J040,City Market,4132,Weekday,False,Clear,False,0.0,False,False,0.47,Moderate,26.1,36.2,113.4,0.075,0.172,0.979,Moderate traffic flow - standard adaptive signal timing in effect
EVT413687,2025-05-27 06:57:55,Concert,J031,Cubbon Road,9673,Weekday,False,Clear,False,0.0,False,False,0.381,Moderate,28.9,29.6,94.5,0.066,0.152,0.944,Moderate traffic flow - standard adaptive signal timing in effect
EVT413688,2025-10-12 20:21:46,Local Market Day,J020,Malleshwaram Circle,5012,Weekend,False,Clear,False,0.0,False,False,0.542,Moderate,22.6,37.9,214.7,0.168,0.389,0.99,Moderate traffic flow - standard adaptive signal timing in effect
EVT413689,2025-10-27 19:44:56,Trade Fair,J040,City Market,10824,Weekday,False,Clear,False,0.0,False,False,0.803,Severe,13.9,57.8,441.5,0.219,0.506,0.953,Heavy congestion detected - signal timing extended and reroute suggested
EVT413690,2025-07-18 11:44:30,Political Rally,J012,Koramangala Sony World,9102,Weekday,False,Heavy Rain,True,42.1,False,False,0.662,High,18.9,46.1,318.4,0.181,0.417,0.908,Heavy rain reducing visibility and grip - reduced speed and longer buffer advised
EVT413691,2025-11-30 07:00:56,Local Market Day,J040,City Market,2241,Weekend,False,Clear,False,0.0,False,False,0.452,Moderate,24.2,31.2,249.8,0.179,0.413,0.976,Moderate traffic flow - standard adaptive signal timing in effect
EVT413692,2026-02-03 08:51:31,Concert,J011,Indiranagar 100ft Road,16090,Weekday,False,Clear,False,0.0,False,False,1.0,Severe,6.6,68.6,406.3,0.137,0.317,0.9,Heavy congestion detected - signal timing extended and reroute suggested
EVT413693,2025-09-25 10:14:06,Political Rally,J011,Indiranagar 100ft Road,15960,Weekday,False,Rain,True,18.7,False,False,1.0,Severe,7.6,67.6,521.3,0.174,0.402,0.875,Heavy rain reducing visibility and grip - reduced speed and longer buffer advised
EVT413694,2025-08-30 11:15:52,Concert,J023,Basavanagudi,21343,Weekend,False,Clear,False,0.0,False,False,0.534,Moderate,23.0,36.1,358.2,0.237,0.548,0.958,Moderate traffic flow - standard adaptive signal timing in effect
EVT413695,2025-03-30 07:47:44,Religious Festival,J009,Majestic,108193,Weekend,True,Clear,False,0.0,False,False,1.0,Severe,7.1,67.2,778.0,0.237,0.548,0.853,Festival crowd surge detected - alternate route and extended cycle recommended
EVT413696,2025-06-24 08:04:42,Local Market Day,J020,Malleshwaram Circle,3447,Weekday,False,Heavy Rain,True,41.0,False,False,1.0,Severe,7.2,66.5,621.7,0.215,0.497,0.863,Heavy rain reducing visibility and grip - reduced speed and longer buffer advised
EVT413697,2025-02-20 14:23:35,Local Market Day,J009,Majestic,3581,Weekday,False,Clear,False,0.0,False,False,0.26,Low,32.1,21.1,91.9,0.076,0.176,0.967,Moderate traffic flow - standard adaptive signal timing in effect
EVT413698,2025-06-16 20:09:18,Political Rally,J023,Basavanagudi,16689,Weekday,False,Clear,False,0.0,False,False,0.732,High,21.5,53.1,344.3,0.226,0.522,0.972,Moderate traffic flow - standard adaptive signal timing in effect
EVT413699,2025-03-28 15:06:28,Concert,J020,Malleshwaram Circle,12172,Weekday,False,Fog,False,0.0,False,False,0.343,Low,29.1,27.1,227.8,0.176,0.407,0.942,Moderate traffic flow - standard adaptive signal timing in effect
EVT413700,2025-05-11 18:16:02,Local Market Day,J020,Malleshwaram Circle,2615,Weekend,False,Clear,False,0.0,False,False,0.939,Severe,7.9,70.6,528.2,0.17,0.393,0.917,Heavy congestion detected - signal timing extended and reroute suggested
EVT413701,2025-04-19 15:03:02,Sports Fixture,J011,Indiranagar 100ft Road,21338,Weekend,False,Clear,False,0.0,False,False,0.423,Moderate,28.2,35.4,141.1,0.116,0.268,0.941,Moderate traffic flow - standard adaptive signal timing in effect
EVT413702,2025-06-16 11:57:37,Local Market Day,J030,MG Road,5819,Weekday,False,Clear,False,0.0,False,False,0.221,Low,28.8,14.0,188.4,0.156,0.361,0.982,Normal free-flow traffic - standard signal timing maintained
EVT413703,2025-01-18 07:19:59,Local Market Day,J030,MG Road,3802,Weekend,False,Clear,False,0.0,False,False,0.525,Moderate,24.0,41.7,180.2,0.124,0.287,0.97,Moderate traffic flow - standard adaptive signal timing in effect
EVT413704,2026-01-06 09:36:19,Sports Fixture,J023,Basavanagudi,30293,Weekday,False,Clear,False,0.0,False,False,1.0,Severe,8.7,75.9,434.7,0.166,0.382,0.903,Heavy congestion detected - signal timing extended and reroute suggested
EVT413705,2025-02-09 06:15:24,Sports Fixture,J031,Cubbon Road,18784,Weekend,False,Clear,False,0.0,False,False,0.524,Moderate,24.2,37.3,252.2,0.178,0.411,0.966,Moderate traffic flow - standard adaptive signal timing in effect
EVT413706,2026-02-07 14:50:56,Sports Fixture,J023,Basavanagudi,21826,Weekend,False,Clear,False,0.0,False,False,0.375,Moderate,29.6,23.8,222.4,0.173,0.4,0.947,Moderate traffic flow - standard adaptive signal timing in effect
EVT413707,2026-01-11 21:00:04,Sports Fixture,J012,Koramangala Sony World,15632,Weekend,False,Clear,False,0.0,False,False,0.474,Moderate,28.1,36.4,133.8,0.1,0.231,0.947,Moderate traffic flow - standard adaptive signal timing in effect
EVT413708,2026-06-02 12:04:26,Local Market Day,J009,Majestic,4193,Weekday,False,Clear,False,0.0,False,False,0.198,Low,34.9,16.8,136.9,0.093,0.215,0.965,Normal free-flow traffic - standard signal timing maintained
EVT413709,2025-12-06 08:11:49,Local Market Day,J040,City Market,4879,Weekend,False,Clear,False,0.0,False,False,0.771,Severe,14.2,58.8,287.9,0.14,0.324,0.947,Heavy congestion detected - signal timing extended and reroute suggested
EVT413710,2025-08-28 10:52:04,Fireworks Display,J009,Majestic,39680,Weekday,True,Rain,True,17.9,False,False,1.0,Severe,8.4,73.0,702.9,0.251,0.579,0.844,Festival crowd surge detected - alternate route and extended cycle recommended
EVT413711,2025-07-07 16:45:27,Concert,J023,Basavanagudi,16954,Weekday,False,Clear,False,0.0,False,False,0.688,High,17.4,46.4,325.8,0.198,0.457,0.971,Moderate traffic flow - standard adaptive signal timing in effect
EVT413712,2025-02-15 11:12:42,Trade Fair,J011,Indiranagar 100ft Road,11015,Weekend,False,Clear,False,0.0,False,False,0.394,Moderate,25.4,29.6,183.6,0.117,0.27,0.983,Moderate traffic flow - standard adaptive signal timing in effect
EVT413713,2025-09-27 18:05:29,Concert,J040,City Market,30757,Weekend,False,Clear,False,0.0,False,False,1.0,Severe,10.0,70.7,685.1,0.272,0.628,0.915,Heavy congestion detected - signal timing extended and reroute suggested
EVT413714,2025-08-31 18:34:28,Trade Fair,J023,Basavanagudi,8813,Weekend,False,Clear,False,0.0,False,False,0.855,Severe,11.9,63.0,546.9,0.249,0.575,0.974,Heavy congestion detected - signal timing extended and reroute suggested
EVT413715,2025-05-28 07:23:06,Concert,J040,City Market,14639,Weekday,False,Rain,True,14.8,False,False,0.803,Severe,16.2,60.5,182.4,0.109,0.253,0.914,Heavy rain reducing visibility and grip - reduced speed and longer buffer advised
EVT413716,2025-01-07 09:57:36,Trade Fair,J009,Majestic,7640,Weekday,False,Clear,False,0.0,False,False,0.774,Severe,16.6,50.6,315.6,0.167,0.385,0.978,Heavy congestion detected - signal timing extended and reroute suggested
EVT413717,2026-04-20 17:09:24,Concert,J011,Indiranagar 100ft Road,7152,Weekday,False,Light Rain,True,3.2,False,False,0.928,Severe,11.6,64.1,399.6,0.173,0.4,0.876,Heavy rain reducing visibility and grip - reduced speed and longer buffer advised
EVT413718,2025-04-03 12:17:54,Trade Fair,J040,City Market,12738,Weekday,False,Clear,False,0.0,False,False,0.219,Low,26.9,19.1,136.6,0.083,0.191,0.957,Normal free-flow traffic - standard signal timing maintained
EVT413719,2025-04-06 11:54:00,Cultural Procession,J031,Cubbon Road,9070,Weekend,True,Clear,False,0.0,False,True,0.718,High,17.9,68.5,335.6,0.192,0.444,0.893,Road closure for event/procession - full detour recommended for through-traffic
EVT413720,2026-04-21 18:07:49,Local Market Day,J011,Indiranagar 100ft Road,5212,Weekday,False,Clear,False,0.0,False,False,0.991,Severe,6.8,66.1,1010.0,0.275,0.635,0.909,Heavy congestion detected - signal timing extended and reroute suggested
EVT413721,2026-01-07 11:01:06,Local Market Day,J030,MG Road,6706,Weekday,False,Clear,False,0.0,False,False,0.426,Moderate,29.8,33.0,255.6,0.215,0.496,0.979,Moderate traffic flow - standard adaptive signal timing in effect
EVT413722,2025-11-21 09:01:48,Local Market Day,J031,Cubbon Road,3132,Weekday,False,Clear,False,0.0,False,False,1.0,Severe,7.5,69.3,650.1,0.218,0.504,0.911,Heavy congestion detected - signal timing extended and reroute suggested
EVT413723,2025-10-23 07:52:28,Political Rally,J009,Majestic,13527,Weekday,False,Clear,False,0.0,False,False,0.762,Severe,19.3,49.7,259.7,0.157,0.362,0.943,Heavy congestion detected - signal timing extended and reroute suggested
EVT413724,2026-05-23 18:56:33,Local Market Day,J031,Cubbon Road,3161,Weekend,False,Clear,False,0.0,False,False,0.861,Severe,14.6,64.2,471.8,0.251,0.579,0.953,Heavy congestion detected - signal timing extended and reroute suggested
EVT413725,2025-08-30 17:05:11,Concert,J020,Malleshwaram Circle,10186,Weekend,False,Clear,False,0.0,False,False,0.627,High,17.6,47.5,243.8,0.132,0.306,0.971,Moderate traffic flow - standard adaptive signal timing in effect
EVT413726,2025-01-16 17:38:33,Local Market Day,J040,City Market,4289,Weekday,False,Clear,False,0.0,False,False,0.883,Severe,12.6,60.4,388.8,0.204,0.471,0.943,Heavy congestion detected - signal timing extended and reroute suggested
EVT413727,2025-12-26 17:40:32,Religious Festival,J009,Majestic,41152,Weekday,True,Light Rain,True,5.9,False,True,1.0,Severe,7.7,97.3,512.6,0.165,0.381,0.803,Road closure for event/procession - full detour recommended for through-traffic
EVT413728,2025-09-23 18:41:36,Sports Fixture,J012,Koramangala Sony World,28968,Weekday,False,Light Rain,True,7.4,False,False,1.0,Severe,5.7,74.3,436.4,0.11,0.255,0.87,Heavy rain reducing visibility and grip - reduced speed and longer buffer advised
EVT413729,2025-01-02 18:27:37,Concert,J009,Majestic,15997,Weekday,False,Clear,False,0.0,False,False,1.0,Severe,6.9,72.1,698.9,0.23,0.532,0.943,Heavy congestion detected - signal timing extended and reroute suggested
EVT413730,2025-09-08 21:34:31,Local Market Day,J011,Indiranagar 100ft Road,5386,Weekday,False,Heavy Rain,True,25.1,False,False,0.568,High,23.5,43.9,173.7,0.117,0.27,0.892,Heavy rain reducing visibility and grip - reduced speed and longer buffer advised
EVT413731,2025-07-18 19:49:44,Concert,J023,Basavanagudi,9882,Weekday,False,Heavy Rain,True,39.8,False,False,1.0,Severe,6.5,73.3,632.9,0.184,0.425,0.876,Heavy rain reducing visibility and grip - reduced speed and longer buffer advised
EVT413732,2025-02-11 18:56:22,Concert,J023,Basavanagudi,11177,Weekday,False,Clear,False,0.0,False,False,1.0,Severe,7.0,73.0,1050.4,0.289,0.668,0.895,Heavy congestion detected - signal timing extended and reroute suggested
EVT413733,2026-04-04 14:58:35,Local Market Day,J009,Majestic,3359,Weekend,False,Light Rain,True,1.1,False,False,0.315,Low,27.3,14.0,166.2,0.129,0.298,0.906,Light rain detected - minor speed reduction advised
EVT413734,2025-05-10 21:05:05,Concert,J031,Cubbon Road,12856,Weekend,False,Clear,False,0.0,False,False,0.471,Moderate,25.2,36.7,274.3,0.194,0.449,0.984,Moderate traffic flow - standard adaptive signal timing in effect
EVT413735,2025-05-24 14:14:06,Concert,J023,Basavanagudi,9317,Weekend,False,Clear,False,0.0,False,False,0.283,Low,33.1,18.7,180.5,0.156,0.361,0.969,Moderate traffic flow - standard adaptive signal timing in effect
EVT413736,2026-03-11 23:16:24,Trade Fair,J031,Cubbon Road,5753,Weekday,False,Light Rain,True,7.1,False,False,0.266,Low,33.0,21.5,131.8,0.093,0.216,0.918,Light rain detected - minor speed reduction advised
EVT413737,2025-04-27 08:55:51,Concert,J031,Cubbon Road,15767,Weekend,False,Clear,False,0.0,False,False,0.902,Severe,11.2,62.8,347.6,0.154,0.356,0.907,Heavy congestion detected - signal timing extended and reroute suggested
EVT413738,2025-08-04 21:50:23,Trade Fair,J012,Koramangala Sony World,10491,Weekday,False,Clear,False,0.0,False,False,0.284,Low,36.4,26.7,155.5,0.137,0.316,0.97,Moderate traffic flow - standard adaptive signal timing in effect
EVT413739,2025-04-03 19:14:01,Local Market Day,J031,Cubbon Road,4087,Weekday,False,Rain,True,17.2,False,False,1.0,Severe,9.0,65.1,327.0,0.136,0.314,0.857,Heavy rain reducing visibility and grip - reduced speed and longer buffer advised
EVT413740,2026-03-11 10:30:22,Local Market Day,J020,Malleshwaram Circle,1705,Weekday,False,Clear,False,0.0,False,False,0.653,High,20.4,36.0,224.4,0.167,0.387,0.94,Moderate traffic flow - standard adaptive signal timing in effect
EVT413741,2025-07-07 10:29:01,Sports Fixture,J031,Cubbon Road,18553,Weekday,False,Clear,False,0.0,False,False,0.709,High,15.7,52.2,357.2,0.173,0.4,0.952,Moderate traffic flow - standard adaptive signal timing in effect
EVT413742,2026-04-08 19:24:09,Local Market Day,J040,City Market,5056,Weekday,False,Clear,False,0.0,False,False,0.963,Severe,8.1,66.6,406.6,0.142,0.328,0.917,Heavy congestion detected - signal timing extended and reroute suggested
EVT413743,2026-01-09 16:57:57,Political Rally,J009,Majestic,12592,Weekday,False,Clear,False,0.0,False,False,0.783,Severe,18.8,54.5,463.6,0.289,0.667,0.962,Heavy congestion detected - signal timing extended and reroute suggested
EVT413744,2025-07-20 09:52:30,Local Market Day,J011,Indiranagar 100ft Road,3587,Weekend,False,Clear,False,0.0,False,False,0.738,High,18.5,55.4,211.3,0.131,0.302,0.977,Moderate traffic flow - standard adaptive signal timing in effect
EVT413745,2025-01-08 16:24:36,Local Market Day,J031,Cubbon Road,2955,Weekday,False,Clear,False,0.0,False,False,0.529,Moderate,24.2,30.7,184.6,0.142,0.329,0.949,Moderate traffic flow - standard adaptive signal timing in effect
EVT413746,2026-05-18 06:21:42,Concert,J009,Majestic,15358,Weekday,False,Clear,False,0.0,False,False,0.216,Low,37.9,16.8,120.2,0.127,0.293,0.954,Normal free-flow traffic - standard signal timing maintained
EVT413747,2026-01-02 14:46:48,Fireworks Display,J040,City Market,22757,Weekday,True,Clear,False,0.0,False,False,0.525,Moderate,23.5,33.4,199.5,0.133,0.307,0.885,Festival crowd surge detected - alternate route and extended cycle recommended
EVT413748,2026-01-02 06:08:00,Religious Festival,J023,Basavanagudi,34277,Weekday,True,Clear,False,0.0,False,True,0.771,High,16.3,81.0,267.1,0.157,0.362,0.89,Road closure for event/procession - full detour recommended for through-traffic
EVT413749,2025-03-29 11:25:15,Local Market Day,J023,Basavanagudi,4481,Weekend,False,Clear,False,0.0,False,False,0.407,Moderate,27.5,29.2,124.1,0.099,0.228,0.969,Moderate traffic flow - standard adaptive signal timing in effect
EVT413750,2025-02-05 19:45:06,Local Market Day,J030,MG Road,1888,Weekday,False,Rain,True,8.4,False,False,0.87,Severe,14.3,58.0,377.4,0.185,0.428,0.9,Heavy rain reducing visibility and grip - reduced speed and longer buffer advised
EVT413751,2025-04-14 09:04:01,Cultural Procession,J040,City Market,23544,Weekday,True,Clear,False,0.0,False,True,1.0,Severe,8.4,110.0,692.9,0.248,0.574,0.81,Road closure for event/procession - full detour recommended for through-traffic
EVT413752,2026-04-23 18:59:38,Local Market Day,J023,Basavanagudi,2658,Weekday,False,Clear,False,0.0,False,False,1.0,Severe,9.0,73.6,460.4,0.169,0.39,0.891,Heavy congestion detected - signal timing extended and reroute suggested
EVT413753,2025-10-02 11:38:33,Religious Festival,J030,MG Road,67737,Weekday,True,Clear,False,0.0,False,False,0.888,Severe,10.2,62.8,488.7,0.188,0.434,0.889,Festival crowd surge detected - alternate route and extended cycle recommended
EVT413754,2025-11-30 18:13:17,Sports Fixture,J040,City Market,31050,Weekend,False,Clear,False,0.0,False,False,1.0,Severe,10.2,75.3,565.6,0.222,0.512,0.903,Heavy congestion detected - signal timing extended and reroute suggested
EVT413755,2026-03-03 10:56:29,Local Market Day,J040,City Market,2732,Weekday,False,Fog,False,0.0,False,False,0.445,Moderate,19.8,33.1,239.3,0.123,0.285,0.963,Moderate traffic flow - standard adaptive signal timing in effect
EVT413756,2025-04-02 14:20:35,Local Market Day,J011,Indiranagar 100ft Road,4763,Weekday,False,Clear,False,0.0,False,False,0.252,Low,29.6,18.5,118.4,0.09,0.208,0.976,Moderate traffic flow - standard adaptive signal timing in effect
EVT413757,2026-02-21 20:20:10,Concert,J040,City Market,11141,Weekend,False,Clear,False,0.0,False,False,0.615,High,19.4,42.2,264.6,0.151,0.348,0.962,Moderate traffic flow - standard adaptive signal timing in effect
EVT413758,2026-01-23 10:36:22,Local Market Day,J012,Koramangala Sony World,6701,Weekday,False,Fog,False,0.0,False,False,0.57,High,16.7,39.3,258.5,0.147,0.34,0.975,Moderate traffic flow - standard adaptive signal timing in effect
EVT413759,2025-02-11 13:09:10,Local Market Day,J011,Indiranagar 100ft Road,3884,Weekday,False,Clear,False,0.0,False,False,0.14,Low,29.3,8.0,54.9,0.043,0.1,0.983,Normal free-flow traffic - standard signal timing maintained
EVT413760,2026-02-13 17:50:53,Local Market Day,J031,Cubbon Road,3959,Weekday,False,Clear,False,0.0,False,False,0.967,Severe,9.6,67.2,245.7,0.108,0.249,0.906,Heavy congestion detected - signal timing extended and reroute suggested
EVT413761,2025-10-28 11:45:07,Local Market Day,J011,Indiranagar 100ft Road,2912,Weekday,False,Clear,False,0.0,False,False,0.255,Low,38.2,16.3,164.4,0.135,0.312,0.97,Moderate traffic flow - standard adaptive signal timing in effect
EVT413762,2026-01-07 09:37:37,Trade Fair,J031,Cubbon Road,5203,Weekday,False,Clear,False,0.0,False,False,0.88,Severe,14.7,61.2,220.9,0.122,0.281,0.934,Heavy congestion detected - signal timing extended and reroute suggested
EVT413763,2025-11-30 15:45:43,Trade Fair,J030,MG Road,14528,Weekend,False,Clear,False,0.0,False,False,0.462,Moderate,23.0,36.8,186.7,0.124,0.287,0.978,Moderate traffic flow - standard adaptive signal timing in effect
EVT413764,2025-03-31 19:49:50,Religious Festival,J040,City Market,30996,Weekday,True,Clear,False,0.0,False,True,1.0,Severe,8.0,103.8,720.2,0.24,0.553,0.842,Road closure for event/procession - full detour recommended for through-traffic
EVT413765,2025-06-07 18:01:15,Sports Fixture,J012,Koramangala Sony World,14843,Weekend,False,Clear,False,0.0,False,False,0.941,Severe,9.0,65.5,414.9,0.152,0.352,0.944,Heavy congestion detected - signal timing extended and reroute suggested
EVT413766,2025-04-22 12:32:18,Local Market Day,J020,Malleshwaram Circle,4363,Weekday,False,Clear,False,0.0,False,False,0.151,Low,32.4,8.4,152.8,0.118,0.272,0.99,Normal free-flow traffic - standard signal timing maintained
EVT413767,2025-02-25 16:03:07,Local Market Day,J030,MG Road,3528,Weekday,False,Clear,False,0.0,False,False,0.411,Moderate,21.6,32.0,116.5,0.065,0.151,0.944,Moderate traffic flow - standard adaptive signal timing in effect
EVT413768,2025-07-16 09:09:17,Local Market Day,J030,MG Road,3093,Weekday,False,Rain,True,17.8,False,False,1.0,Severe,9.8,73.1,788.2,0.302,0.699,0.89,Heavy rain reducing visibility and grip - reduced speed and longer buffer advised
EVT413769,2025-10-12 14:34:59,Concert,J009,Majestic,7893,Weekend,False,Clear,False,0.0,False,False,0.33,Low,35.3,22.6,136.8,0.114,0.263,0.94,Moderate traffic flow - standard adaptive signal timing in effect
EVT413770,2025-12-16 17:38:34,Political Rally,J020,Malleshwaram Circle,17605,Weekday,False,Clear,False,0.0,False,False,0.933,Severe,13.3,61.9,220.9,0.12,0.278,0.941,Heavy congestion detected - signal timing extended and reroute suggested
EVT413771,2025-12-22 02:57:16,Local Market Day,J012,Koramangala Sony World,4434,Weekday,False,Clear,False,0.0,False,False,0.226,Low,36.6,18.6,113.5,0.117,0.271,0.978,Normal free-flow traffic - standard signal timing maintained
EVT413772,2025-11-08 20:19:12,Sports Fixture,J020,Malleshwaram Circle,36908,Weekend,False,Clear,False,0.0,False,False,0.713,High,16.3,46.4,188.7,0.087,0.202,0.961,Moderate traffic flow - standard adaptive signal timing in effect
EVT413773,2026-04-12 19:08:31,Trade Fair,J009,Majestic,7591,Weekend,False,Clear,False,0.0,False,False,0.901,Severe,12.7,62.5,514.5,0.249,0.575,0.965,Heavy congestion detected - signal timing extended and reroute suggested
EVT413774,2025-05-03 07:25:02,Concert,J012,Koramangala Sony World,7421,Weekend,False,Light Rain,True,5.5,False,False,0.641,High,17.8,44.5,234.6,0.143,0.33,0.893,Heavy rain reducing visibility and grip - reduced speed and longer buffer advised
EVT413775,2025-07-13 06:52:28,Concert,J023,Basavanagudi,11659,Weekend,False,Rain,True,10.4,False,False,0.644,High,20.5,50.2,242.4,0.179,0.413,0.939,Heavy rain reducing visibility and grip - reduced speed and longer buffer advised
EVT413776,2026-05-03 18:11:24,Trade Fair,J012,Koramangala Sony World,7815,Weekend,False,Rain,True,8.2,False,False,1.0,Severe,10.9,69.5,310.2,0.151,0.35,0.857,Heavy rain reducing visibility and grip - reduced speed and longer buffer advised
EVT413777,2025-12-14 08:56:31,Sports Fixture,J009,Majestic,11310,Weekend,False,Clear,False,0.0,False,False,0.881,Severe,10.1,62.5,566.0,0.225,0.519,0.913,Heavy congestion detected - signal timing extended and reroute suggested
EVT413778,2025-11-19 10:59:47,Concert,J023,Basavanagudi,17692,Weekday,False,Clear,False,0.0,False,False,0.562,High,26.3,41.7,188.3,0.148,0.343,0.945,Moderate traffic flow - standard adaptive signal timing in effect
EVT413779,2025-01-07 09:18:20,Local Market Day,J040,City Market,5079,Weekday,False,Clear,False,0.0,False,False,1.0,Severe,7.6,70.4,464.9,0.149,0.345,0.885,Heavy congestion detected - signal timing extended and reroute suggested
EVT413780,2026-05-03 16:24:12,Sports Fixture,J040,City Market,19809,Weekend,False,Clear,False,0.0,False,False,0.545,Moderate,25.7,37.5,133.2,0.098,0.226,0.987,Moderate traffic flow - standard adaptive signal timing in effect
EVT413781,2025-06-15 19:58:22,Political Rally,J030,MG Road,15863,Weekend,False,Clear,False,0.0,False,False,0.717,High,10.3,58.3,544.9,0.182,0.42,0.967,Moderate traffic flow - standard adaptive signal timing in effect
EVT413782,2025-05-27 21:32:02,Local Market Day,J012,Koramangala Sony World,3694,Weekday,False,Clear,False,0.0,False,False,0.345,Low,33.3,22.2,150.8,0.121,0.281,0.956,Moderate traffic flow - standard adaptive signal timing in effect
EVT413783,2025-11-13 07:58:25,Political Rally,J009,Majestic,12141,Weekday,False,Clear,False,0.0,False,False,0.842,Severe,16.1,59.2,406.1,0.233,0.539,0.942,Heavy congestion detected - signal timing extended and reroute suggested
EVT413784,2025-04-14 00:02:04,Cultural Procession,J023,Basavanagudi,15152,Weekday,True,Clear,False,0.0,False,False,0.483,Moderate,21.4,30.6,404.7,0.26,0.6,0.928,Moderate traffic flow - standard adaptive signal timing in effect
EVT413785,2025-04-23 07:01:39,Sports Fixture,J030,MG Road,27900,Weekday,False,Clear,False,0.0,False,False,0.609,High,24.1,43.0,216.1,0.164,0.378,0.98,Moderate traffic flow - standard adaptive signal timing in effect
EVT413786,2026-06-01 10:25:35,Concert,J030,MG Road,26372,Weekday,False,Light Rain,True,4.5,False,False,0.936,Severe,11.0,70.5,377.1,0.158,0.365,0.901,Heavy rain reducing visibility and grip - reduced speed and longer buffer advised
EVT413787,2026-02-01 17:58:17,Trade Fair,J030,MG Road,10625,Weekend,False,Clear,False,0.0,False,False,0.827,Severe,12.8,62.7,278.8,0.128,0.295,0.96,Heavy congestion detected - signal timing extended and reroute suggested
EVT413788,2025-01-19 06:09:38,Local Market Day,J031,Cubbon Road,3320,Weekend,False,Clear,False,0.0,False,False,0.33,Low,30.4,26.6,212.3,0.178,0.411,0.96,Moderate traffic flow - standard adaptive signal timing in effect
EVT413789,2025-07-28 11:08:41,Local Market Day,J020,Malleshwaram Circle,4125,Weekday,False,Clear,False,0.0,False,False,0.43,Moderate,27.1,30.3,180.5,0.141,0.325,0.961,Moderate traffic flow - standard adaptive signal timing in effect
EVT413790,2026-06-20 06:19:50,Local Market Day,J011,Indiranagar 100ft Road,2822,Weekend,False,Heavy Rain,True,29.9,False,False,0.554,High,20.8,38.6,142.1,0.099,0.229,0.92,Heavy rain reducing visibility and grip - reduced speed and longer buffer advised
EVT413791,2026-03-23 06:13:47,Trade Fair,J009,Majestic,7520,Weekday,False,Fog,False,0.0,False,False,0.251,Low,34.4,17.3,93.4,0.093,0.215,0.951,Moderate traffic flow - standard adaptive signal timing in effect
EVT413792,2026-05-28 09:53:40,Sports Fixture,J030,MG Road,28404,Weekday,False,Heavy Rain,True,31.0,False,False,1.0,Severe,10.4,70.3,437.8,0.181,0.418,0.89,Heavy rain reducing visibility and grip - reduced speed and longer buffer advised
EVT413793,2025-12-06 18:19:24,Sports Fixture,J031,Cubbon Road,17533,Weekend,False,Clear,False,0.0,False,False,0.944,Severe,10.5,64.4,399.7,0.154,0.355,0.921,Heavy congestion detected - signal timing extended and reroute suggested
EVT413794,2025-01-25 10:50:28,Trade Fair,J009,Majestic,5936,Weekend,False,Clear,False,0.0,True,False,0.849,Severe,12.2,63.9,418.7,0.206,0.476,0.776,Accident detected nearby - reroute and reduced speed advised
EVT413795,2025-07-15 09:52:45,Sports Fixture,J030,MG Road,24807,Weekday,False,Heavy Rain,True,26.5,False,False,1.0,Severe,8.9,75.2,531.6,0.203,0.469,0.867,Heavy rain reducing visibility and grip - reduced speed and longer buffer advised
EVT413796,2025-04-06 08:51:38,Fireworks Display,J023,Basavanagudi,67503,Weekend,True,Clear,False,0.0,False,False,1.0,Severe,9.1,68.9,508.1,0.179,0.414,0.871,Festival crowd surge detected - alternate route and extended cycle recommended
EVT413797,2026-04-27 09:49:12,Concert,J009,Majestic,10795,Weekday,False,Clear,False,0.0,False,False,0.937,Severe,12.5,70.1,361.7,0.176,0.406,0.941,Heavy congestion detected - signal timing extended and reroute suggested
EVT413798,2025-08-14 16:48:33,Trade Fair,J020,Malleshwaram Circle,6375,Weekday,False,Clear,False,0.0,False,False,0.609,High,23.6,38.7,205.6,0.165,0.381,0.975,Moderate traffic flow - standard adaptive signal timing in effect
EVT413799,2025-07-03 15:04:28,Local Market Day,J011,Indiranagar 100ft Road,7445,Weekday,False,Heavy Rain,True,83.4,False,False,0.572,High,25.4,45.6,304.3,0.23,0.532,0.928,Heavy rain reducing visibility and grip - reduced speed and longer buffer advised
EVT413800,2025-07-17 08:16:17,Local Market Day,J040,City Market,5453,Weekday,False,Heavy Rain,True,27.4,False,False,1.0,Severe,8.1,76.1,413.6,0.151,0.349,0.852,Heavy rain reducing visibility and grip - reduced speed and longer buffer advised
EVT413801,2026-06-28 18:20:40,Trade Fair,J031,Cubbon Road,8638,Weekend,False,Clear,False,0.0,False,False,0.829,Severe,10.7,57.8,667.9,0.258,0.595,0.936,Heavy congestion detected - signal timing extended and reroute suggested
EVT413802,2025-10-14 13:39:03,Local Market Day,J023,Basavanagudi,2796,Weekday,False,Rain,True,9.3,False,False,0.299,Low,29.4,21.0,157.4,0.128,0.295,0.909,Light rain detected - minor speed reduction advised
EVT413803,2025-06-03 11:49:52,Sports Fixture,J011,Indiranagar 100ft Road,19176,Weekday,False,Heavy Rain,True,30.0,False,False,0.695,High,21.1,46.2,225.1,0.133,0.307,0.925,Heavy rain reducing visibility and grip - reduced speed and longer buffer advised
EVT413804,2025-09-12 17:07:50,Concert,J031,Cubbon Road,21887,Weekday,False,Clear,False,0.0,False,False,0.853,Severe,14.4,62.9,287.0,0.148,0.342,0.963,Heavy congestion detected - signal timing extended and reroute suggested
EVT413805,2025-02-02 14:25:21,Concert,J023,Basavanagudi,8472,Weekend,False,Clear,False,0.0,False,False,0.293,Low,34.4,18.9,69.4,0.082,0.189,0.965,Moderate traffic flow - standard adaptive signal timing in effect
EVT413806,2025-07-27 14:53:30,Local Market Day,J040,City Market,4073,Weekend,False,Heavy Rain,True,50.4,False,False,0.655,High,19.1,46.7,287.2,0.162,0.375,0.905,Heavy rain reducing visibility and grip - reduced speed and longer buffer advised
EVT413807,2026-05-17 12:58:33,Concert,J011,Indiranagar 100ft Road,11106,Weekend,False,Clear,False,0.0,False,False,0.344,Low,24.0,22.2,198.3,0.12,0.276,0.965,Moderate traffic flow - standard adaptive signal timing in effect
EVT413808,2026-02-22 19:10:07,Local Market Day,J009,Majestic,3784,Weekend,False,Clear,False,0.0,False,False,0.81,Severe,12.9,56.6,151.3,0.079,0.182,0.941,Heavy congestion detected - signal timing extended and reroute suggested
EVT413809,2025-12-22 15:57:54,Concert,J020,Malleshwaram Circle,4365,Weekday,False,Clear,False,0.0,False,False,0.39,Moderate,30.7,29.4,102.5,0.079,0.183,0.988,Moderate traffic flow - standard adaptive signal timing in effect
EVT413810,2025-04-03 10:55:52,Sports Fixture,J012,Koramangala Sony World,18023,Weekday,False,Clear,False,0.0,False,False,0.591,High,20.2,46.3,107.6,0.072,0.166,0.976,Moderate traffic flow - standard adaptive signal timing in effect
EVT413811,2025-08-26 13:58:35,Local Market Day,J040,City Market,5925,Weekday,False,Clear,False,0.0,False,False,0.175,Low,30.7,7.9,73.7,0.066,0.152,0.973,Normal free-flow traffic - standard signal timing maintained
EVT413812,2025-01-30 10:17:37,Concert,J040,City Market,13342,Weekday,False,Clear,False,0.0,False,False,0.767,Severe,15.7,52.7,537.6,0.26,0.601,0.959,Heavy congestion detected - signal timing extended and reroute suggested
EVT413813,2025-05-25 19:52:13,Local Market Day,J011,Indiranagar 100ft Road,5394,Weekend,False,Clear,False,0.0,False,False,0.661,High,20.1,47.8,218.3,0.15,0.347,0.973,Moderate traffic flow - standard adaptive signal timing in effect
EVT413814,2025-04-30 10:31:25,Local Market Day,J040,City Market,5659,Weekday,False,Clear,False,0.0,False,False,0.588,High,25.5,37.2,167.2,0.152,0.351,0.936,Moderate traffic flow - standard adaptive signal timing in effect
EVT413815,2025-12-28 17:16:12,Local Market Day,J020,Malleshwaram Circle,7074,Weekend,False,Clear,False,0.0,False,False,0.699,High,17.0,40.7,272.2,0.143,0.331,0.955,Moderate traffic flow - standard adaptive signal timing in effect
EVT413816,2025-06-16 19:05:49,Sports Fixture,J030,MG Road,19436,Weekday,False,Rain,True,11.4,False,False,1.0,Severe,10.0,71.8,268.1,0.12,0.276,0.901,Heavy rain reducing visibility and grip - reduced speed and longer buffer advised
EVT413817,2025-07-01 10:56:08,Sports Fixture,J030,MG Road,25894,Weekday,False,Clear,False,0.0,False,False,0.584,High,22.6,40.1,129.6,0.096,0.223,0.966,Moderate traffic flow - standard adaptive signal timing in effect
EVT413818,2025-12-04 15:18:08,Trade Fair,J012,Koramangala Sony World,10302,Weekday,False,Clear,False,0.0,False,False,0.288,Low,33.3,22.5,137.2,0.118,0.272,0.934,Moderate traffic flow - standard adaptive signal timing in effect
EVT413819,2026-05-20 18:03:56,Concert,J009,Majestic,9566,Weekday,False,Clear,False,0.0,False,False,0.969,Severe,10.0,66.2,552.2,0.21,0.486,0.927,Heavy congestion detected - signal timing extended and reroute suggested
EVT413820,2026-02-09 17:04:49,Concert,J023,Basavanagudi,13846,Weekday,False,Clear,False,0.0,False,False,0.801,Severe,12.7,54.7,172.5,0.077,0.177,0.945,Heavy congestion detected - signal timing extended and reroute suggested
EVT413821,2026-01-11 05:23:20,Political Rally,J009,Majestic,13424,Weekend,False,Clear,False,0.0,False,False,0.356,Moderate,35.8,30.0,78.6,0.07,0.162,0.983,Moderate traffic flow - standard adaptive signal timing in effect
EVT413822,2025-08-03 19:13:23,Trade Fair,J023,Basavanagudi,7751,Weekend,False,Heavy Rain,True,48.5,False,False,1.0,Severe,8.7,74.7,737.7,0.257,0.594,0.857,Heavy rain reducing visibility and grip - reduced speed and longer buffer advised
EVT413823,2025-07-07 17:44:08,Local Market Day,J011,Indiranagar 100ft Road,3462,Weekday,False,Clear,False,0.0,False,False,0.861,Severe,13.1,65.6,395.9,0.195,0.451,0.963,Heavy congestion detected - signal timing extended and reroute suggested
EVT413824,2025-11-04 16:44:02,Concert,J040,City Market,12550,Weekday,False,Light Rain,True,5.5,False,False,0.787,Severe,17.6,57.9,356.8,0.191,0.441,0.92,Heavy rain reducing visibility and grip - reduced speed and longer buffer advised
EVT413825,2025-05-16 14:04:19,Political Rally,J020,Malleshwaram Circle,33013,Weekday,False,Clear,False,0.0,False,False,0.42,Moderate,23.8,27.9,204.3,0.14,0.324,0.964,Moderate traffic flow - standard adaptive signal timing in effect
EVT413826,2025-11-14 21:07:26,Political Rally,J023,Basavanagudi,12164,Weekday,False,Clear,False,0.0,False,False,0.465,Moderate,25.4,31.9,190.3,0.159,0.366,0.982,Moderate traffic flow - standard adaptive signal timing in effect
EVT413827,2025-10-10 17:32:54,Trade Fair,J031,Cubbon Road,7905,Weekday,False,Rain,True,12.9,True,False,1.0,Severe,8.5,66.0,690.5,0.228,0.527,0.691,Accident detected nearby - reroute and reduced speed advised
EVT413828,2025-08-05 09:30:11,Trade Fair,J011,Indiranagar 100ft Road,7779,Weekday,False,Clear,False,0.0,False,False,0.951,Severe,10.5,67.8,289.6,0.135,0.313,0.923,Heavy congestion detected - signal timing extended and reroute suggested
EVT413829,2025-02-08 21:14:17,Local Market Day,J040,City Market,5790,Weekend,False,Clear,False,0.0,False,False,0.385,Moderate,31.2,34.9,149.4,0.142,0.329,0.967,Moderate traffic flow - standard adaptive signal timing in effect
EVT413830,2026-06-21 19:20:15,Political Rally,J009,Majestic,13484,Weekend,False,Heavy Rain,True,36.5,False,False,1.0,Severe,8.9,72.4,695.9,0.242,0.558,0.862,Heavy rain reducing visibility and grip - reduced speed and longer buffer advised
EVT413831,2026-02-22 08:41:10,Trade Fair,J040,City Market,14522,Weekend,False,Light Rain,True,5.9,False,False,0.99,Severe,7.8,70.2,682.3,0.228,0.527,0.876,Heavy rain reducing visibility and grip - reduced speed and longer buffer advised
EVT413832,2026-04-16 18:11:43,Trade Fair,J009,Majestic,7597,Weekday,False,Clear,False,0.0,False,False,1.0,Severe,6.7,71.0,506.9,0.165,0.381,0.919,Heavy congestion detected - signal timing extended and reroute suggested
EVT413833,2025-07-27 08:23:25,Trade Fair,J020,Malleshwaram Circle,10738,Weekend,False,Clear,False,0.0,False,False,0.864,Severe,13.4,58.5,318.9,0.157,0.364,0.925,Heavy congestion detected - signal timing extended and reroute suggested
EVT413834,2025-05-08 13:20:43,Concert,J040,City Market,15003,Weekday,False,Clear,False,0.0,False,False,0.273,Low,36.7,16.6,187.5,0.198,0.457,0.964,Moderate traffic flow - standard adaptive signal timing in effect
EVT413835,2026-01-07 23:32:09,Sports Fixture,J031,Cubbon Road,20970,Weekday,False,Clear,False,0.0,False,False,0.233,Low,30.1,17.8,112.8,0.08,0.186,0.968,Normal free-flow traffic - standard signal timing maintained
EVT413836,2025-04-27 06:33:53,Trade Fair,J023,Basavanagudi,16393,Weekend,False,Clear,False,0.0,False,False,0.396,Moderate,24.1,32.5,235.8,0.158,0.366,0.981,Moderate traffic flow - standard adaptive signal timing in effect
EVT413837,2026-03-31 12:57:08,Trade Fair,J030,MG Road,8259,Weekday,False,Clear,False,0.0,False,False,0.218,Low,32.6,13.7,200.2,0.154,0.357,0.968,Normal free-flow traffic - standard signal timing maintained
EVT413838,2025-10-02 16:45:54,Cultural Procession,J012,Koramangala Sony World,19639,Weekday,True,Rain,True,9.7,False,True,1.0,Severe,7.2,105.5,822.7,0.258,0.596,0.766,Road closure for event/procession - full detour recommended for through-traffic
EVT413839,2025-10-25 22:14:37,Sports Fixture,J012,Koramangala Sony World,11661,Weekend,False,Clear,False,0.0,False,False,0.352,Moderate,28.6,19.3,195.4,0.149,0.344,0.971,Moderate traffic flow - standard adaptive signal timing in effect
EVT413840,2025-04-02 12:02:16,Local Market Day,J023,Basavanagudi,6181,Weekday,False,Clear,False,0.0,False,False,0.25,Low,21.6,13.4,74.1,0.051,0.118,0.975,Moderate traffic flow - standard adaptive signal timing in effect
EVT413841,2025-03-06 08:46:51,Sports Fixture,J030,MG Road,9610,Weekday,False,Clear,False,0.0,False,False,1.0,Severe,9.1,70.2,347.7,0.14,0.324,0.93,Heavy congestion detected - signal timing extended and reroute suggested
EVT413842,2025-05-09 20:47:30,Political Rally,J009,Majestic,11573,Weekday,False,Clear,False,0.0,False,False,0.459,Moderate,32.7,32.5,160.9,0.147,0.339,0.963,Moderate traffic flow - standard adaptive signal timing in effect
EVT413843,2025-04-28 21:09:39,Local Market Day,J009,Majestic,7602,Weekday,False,Clear,False,0.0,False,False,0.385,Moderate,27.8,31.1,200.6,0.143,0.33,0.959,Moderate traffic flow - standard adaptive signal timing in effect
EVT413844,2025-10-26 15:40:37,Local Market Day,J012,Koramangala Sony World,2696,Weekend,False,Clear,False,0.0,False,False,0.396,Moderate,34.9,28.0,150.5,0.15,0.346,0.99,Moderate traffic flow - standard adaptive signal timing in effect
EVT413845,2025-11-18 14:01:44,Sports Fixture,J040,City Market,14993,Weekday,False,Clear,False,0.0,False,False,0.22,Low,21.8,16.5,307.7,0.186,0.429,0.97,Normal free-flow traffic - standard signal timing maintained
EVT413846,2025-03-16 17:21:04,Local Market Day,J020,Malleshwaram Circle,8173,Weekend,False,Light Rain,True,5.5,False,False,0.798,Severe,11.0,59.9,350.3,0.14,0.323,0.907,Heavy rain reducing visibility and grip - reduced speed and longer buffer advised
EVT413847,2025-06-29 20:43:25,Trade Fair,J031,Cubbon Road,18507,Weekend,False,Clear,False,0.0,False,False,0.611,High,15.3,40.2,252.0,0.107,0.246,0.961,Moderate traffic flow - standard adaptive signal timing in effect
EVT413848,2025-07-09 10:44:48,Local Market Day,J011,Indiranagar 100ft Road,1567,Weekday,False,Clear,False,0.0,False,False,0.478,Moderate,25.2,30.6,136.2,0.109,0.251,0.982,Moderate traffic flow - standard adaptive signal timing in effect
EVT413849,2026-05-07 08:46:47,Trade Fair,J031,Cubbon Road,14197,Weekday,False,Clear,False,0.0,False,False,1.0,Severe,6.9,69.9,1160.9,0.323,0.746,0.926,Heavy congestion detected - signal timing extended and reroute suggested
EVT413850,2025-07-06 10:44:44,Concert,J040,City Market,19243,Weekend,False,Clear,False,0.0,False,False,0.543,Moderate,19.7,36.7,235.5,0.118,0.272,0.959,Moderate traffic flow - standard adaptive signal timing in effect
EVT413851,2025-08-23 11:04:43,Concert,J020,Malleshwaram Circle,10431,Weekend,False,Clear,False,0.0,False,False,0.414,Moderate,30.4,29.2,131.9,0.111,0.255,0.981,Moderate traffic flow - standard adaptive signal timing in effect
EVT413852,2026-01-08 11:34:32,Concert,J012,Koramangala Sony World,17937,Weekday,False,Clear,False,0.0,False,False,0.482,Moderate,27.4,37.8,189.0,0.129,0.298,0.982,Moderate traffic flow - standard adaptive signal timing in effect
EVT413853,2025-06-21 12:48:57,Sports Fixture,J031,Cubbon Road,28538,Weekend,False,Clear,False,0.0,False,False,0.381,Moderate,27.1,28.3,155.9,0.104,0.24,0.966,Moderate traffic flow - standard adaptive signal timing in effect
EVT413854,2025-10-13 23:24:40,Trade Fair,J011,Indiranagar 100ft Road,18170,Weekday,False,Rain,True,14.7,False,False,0.405,Moderate,31.5,27.7,125.2,0.109,0.251,0.906,Light rain detected - minor speed reduction advised
EVT413855,2025-07-25 12:24:22,Concert,J011,Indiranagar 100ft Road,9709,Weekday,False,Rain,True,8.3,False,False,0.359,Moderate,31.3,23.3,87.8,0.076,0.175,0.922,Light rain detected - minor speed reduction advised
EVT413856,2025-01-11 07:18:36,Local Market Day,J012,Koramangala Sony World,4579,Weekend,False,Clear,False,0.0,False,False,0.482,Moderate,24.5,32.2,219.4,0.171,0.396,0.963,Moderate traffic flow - standard adaptive signal timing in effect
EVT413857,2025-04-04 19:33:37,Local Market Day,J011,Indiranagar 100ft Road,6258,Weekday,False,Clear,False,0.0,False,False,0.786,Severe,16.2,54.1,265.3,0.149,0.344,0.964,Heavy congestion detected - signal timing extended and reroute suggested
EVT413858,2026-05-19 07:48:34,Sports Fixture,J020,Malleshwaram Circle,33437,Weekday,False,Clear,False,0.0,False,False,0.916,Severe,9.2,68.7,562.4,0.197,0.456,0.938,Heavy congestion detected - signal timing extended and reroute suggested
EVT413859,2025-08-21 16:19:41,Local Market Day,J011,Indiranagar 100ft Road,2693,Weekday,False,Clear,False,0.0,False,False,0.501,Moderate,23.7,41.0,224.6,0.151,0.349,0.977,Moderate traffic flow - standard adaptive signal timing in effect
EVT413860,2025-05-27 20:10:54,Concert,J009,Majestic,11457,Weekday,False,Clear,False,0.0,False,False,0.69,High,18.2,53.4,311.5,0.176,0.407,0.968,Moderate traffic flow - standard adaptive signal timing in effect
EVT413861,2025-09-05 15:50:18,Religious Festival,J011,Indiranagar 100ft Road,67035,Weekday,True,Heavy Rain,True,28.4,False,True,1.0,Severe,9.9,97.3,616.6,0.224,0.517,0.777,Road closure for event/procession - full detour recommended for through-traffic
EVT413862,2025-07-17 06:12:27,Local Market Day,J011,Indiranagar 100ft Road,2635,Weekday,False,Clear,False,0.0,False,False,0.243,Low,26.9,16.9,132.6,0.082,0.19,0.942,Normal free-flow traffic - standard signal timing maintained
EVT413863,2026-04-29 18:48:36,Concert,J020,Malleshwaram Circle,12453,Weekday,False,Clear,False,0.0,False,False,1.0,Severe,9.0,70.3,192.7,0.074,0.171,0.91,Heavy congestion detected - signal timing extended and reroute suggested
EVT413864,2025-02-04 09:25:41,Trade Fair,J031,Cubbon Road,8484,Weekday,False,Clear,False,0.0,False,False,1.0,Severe,7.1,72.0,442.1,0.146,0.338,0.917,Heavy congestion detected - signal timing extended and reroute suggested
EVT413865,2026-03-08 18:18:05,Concert,J011,Indiranagar 100ft Road,8516,Weekend,False,Clear,False,0.0,False,False,0.901,Severe,9.7,59.0,327.9,0.135,0.311,0.963,Heavy congestion detected - signal timing extended and reroute suggested
EVT413866,2026-05-31 21:11:47,Local Market Day,J012,Koramangala Sony World,5210,Weekend,False,Clear,False,0.0,False,False,0.408,Moderate,29.2,28.6,226.1,0.195,0.449,0.955,Moderate traffic flow - standard adaptive signal timing in effect
EVT413867,2025-10-17 11:50:35,Local Market Day,J030,MG Road,2887,Weekday,False,Rain,True,23.7,False,False,0.53,Moderate,29.7,34.2,211.1,0.183,0.422,0.902,Light rain detected - minor speed reduction advised
EVT413868,2025-10-18 18:18:57,Political Rally,J030,MG Road,17886,Weekend,False,Clear,False,0.0,False,False,0.989,Severe,9.5,74.4,475.8,0.212,0.489,0.91,Heavy congestion detected - signal timing extended and reroute suggested
EVT413869,2025-10-13 20:28:35,Local Market Day,J020,Malleshwaram Circle,5552,Weekday,False,Rain,True,18.0,False,False,0.814,Severe,16.2,53.8,219.6,0.127,0.293,0.916,Heavy rain reducing visibility and grip - reduced speed and longer buffer advised
EVT413870,2025-01-26 18:16:43,Religious Festival,J023,Basavanagudi,56214,Weekend,True,Clear,False,0.0,False,True,1.0,Severe,8.2,98.8,921.0,0.292,0.675,0.834,Road closure for event/procession - full detour recommended for through-traffic
EVT413871,2026-04-17 20:22:37,Local Market Day,J040,City Market,5209,Weekday,False,Clear,False,0.0,False,False,0.607,High,17.5,43.1,151.9,0.091,0.211,0.99,Moderate traffic flow - standard adaptive signal timing in effect
EVT413872,2025-10-23 10:13:00,Trade Fair,J009,Majestic,11275,Weekday,False,Clear,False,0.0,False,False,0.668,High,20.6,44.7,264.4,0.164,0.379,0.953,Moderate traffic flow - standard adaptive signal timing in effect
EVT413873,2026-05-02 16:34:02,Cultural Procession,J040,City Market,17887,Weekend,True,Clear,False,0.0,False,True,1.0,Severe,8.5,98.1,374.3,0.147,0.34,0.81,Road closure for event/procession - full detour recommended for through-traffic
EVT413874,2025-01-22 22:39:35,Local Market Day,J023,Basavanagudi,3374,Weekday,False,Clear,False,0.0,False,False,0.244,Low,35.8,16.8,118.0,0.122,0.282,0.972,Normal free-flow traffic - standard signal timing maintained
EVT413875,2025-01-23 14:59:42,Sports Fixture,J020,Malleshwaram Circle,15491,Weekday,False,Clear,False,0.0,False,False,0.299,Low,32.3,17.3,157.1,0.141,0.327,0.981,Moderate traffic flow - standard adaptive signal timing in effect
EVT413876,2025-09-16 17:06:27,Sports Fixture,J030,MG Road,23606,Weekday,False,Clear,False,0.0,False,False,0.831,Severe,15.0,57.1,345.6,0.199,0.459,0.954,Heavy congestion detected - signal timing extended and reroute suggested
EVT413877,2026-01-25 14:16:42,Local Market Day,J023,Basavanagudi,3347,Weekend,False,Clear,False,0.0,False,False,0.239,Low,41.8,12.5,90.6,0.12,0.277,0.95,Normal free-flow traffic - standard signal timing maintained
EVT413878,2025-03-12 18:30:26,Concert,J009,Majestic,18154,Weekday,False,Clear,False,0.0,False,False,1.0,Severe,9.9,77.8,437.1,0.188,0.434,0.926,Heavy congestion detected - signal timing extended and reroute suggested
EVT413879,2025-07-08 20:41:27,Trade Fair,J040,City Market,8077,Weekday,False,Heavy Rain,True,27.2,False,False,0.847,Severe,10.4,59.8,499.6,0.2,0.461,0.9,Heavy rain reducing visibility and grip - reduced speed and longer buffer advised
EVT413880,2025-02-17 17:50:57,Local Market Day,J031,Cubbon Road,5729,Weekday,False,Clear,False,0.0,False,False,0.979,Severe,9.3,67.6,315.1,0.126,0.291,0.905,Heavy congestion detected - signal timing extended and reroute suggested
EVT413881,2025-07-12 15:57:35,Local Market Day,J031,Cubbon Road,5451,Weekend,False,Heavy Rain,True,53.1,False,False,0.779,Severe,12.7,56.5,223.7,0.129,0.299,0.907,Heavy rain reducing visibility and grip - reduced speed and longer buffer advised
EVT413882,2026-05-21 20:56:35,Political Rally,J020,Malleshwaram Circle,21938,Weekday,False,Clear,False,0.0,False,False,0.534,Moderate,21.5,39.3,229.3,0.121,0.279,0.947,Moderate traffic flow - standard adaptive signal timing in effect
EVT413883,2025-01-23 17:58:02,Trade Fair,J011,Indiranagar 100ft Road,8504,Weekday,False,Clear,False,0.0,False,False,1.0,Severe,8.4,77.7,469.5,0.177,0.41,0.898,Heavy congestion detected - signal timing extended and reroute suggested
EVT413884,2025-02-18 12:57:18,Local Market Day,J012,Koramangala Sony World,7665,Weekday,False,Clear,False,0.0,False,False,0.233,Low,26.5,22.2,126.9,0.075,0.172,0.977,Normal free-flow traffic - standard signal timing maintained
EVT413885,2025-12-19 09:24:59,Sports Fixture,J009,Majestic,11448,Weekday,False,Clear,False,0.0,False,False,1.0,Severe,9.4,70.7,347.0,0.15,0.346,0.91,Heavy congestion detected - signal timing extended and reroute suggested
EVT413886,2025-08-17 14:37:21,Trade Fair,J012,Koramangala Sony World,16243,Weekend,False,Clear,False,0.0,False,False,0.356,Moderate,29.9,30.2,233.5,0.196,0.452,0.952,Moderate traffic flow - standard adaptive signal timing in effect
EVT413887,2025-10-27 13:18:56,Sports Fixture,J012,Koramangala Sony World,36072,Weekday,False,Clear,False,0.0,False,False,0.299,Low,31.9,26.8,214.9,0.194,0.449,0.957,Moderate traffic flow - standard adaptive signal timing in effect
EVT413888,2026-03-11 18:48:09,Concert,J023,Basavanagudi,6119,Weekday,False,Clear,False,0.0,False,False,0.937,Severe,8.8,70.1,639.8,0.219,0.505,0.939,Heavy congestion detected - signal timing extended and reroute suggested
EVT413889,2025-10-10 07:24:32,Sports Fixture,J011,Indiranagar 100ft Road,19606,Weekday,False,Rain,True,18.4,False,False,0.868,Severe,12.8,68.1,161.8,0.067,0.154,0.877,Heavy rain reducing visibility and grip - reduced speed and longer buffer advised
EVT413890,2026-03-29 13:49:34,Local Market Day,J012,Koramangala Sony World,4461,Weekend,False,Clear,False,0.0,False,False,0.199,Low,33.0,10.6,148.4,0.146,0.336,0.935,Normal free-flow traffic - standard signal timing maintained
EVT413891,2025-12-24 19:02:27,Trade Fair,J030,MG Road,6787,Weekday,False,Clear,False,0.0,False,False,0.989,Severe,8.3,69.1,544.6,0.201,0.465,0.911,Heavy congestion detected - signal timing extended and reroute suggested
EVT413892,2025-04-09 16:31:59,Local Market Day,J009,Majestic,4864,Weekday,False,Clear,False,0.0,False,False,0.532,Moderate,23.0,33.7,142.3,0.108,0.25,0.986,Moderate traffic flow - standard adaptive signal timing in effect
EVT413893,2025-06-13 14:12:23,Sports Fixture,J009,Majestic,28781,Weekday,False,Clear,False,0.0,False,False,0.307,Low,32.7,25.3,133.6,0.098,0.226,0.957,Moderate traffic flow - standard adaptive signal timing in effect
EVT413894,2025-12-08 09:11:22,Concert,J040,City Market,8431,Weekday,False,Clear,False,0.0,False,False,1.0,Severe,8.3,75.9,902.9,0.289,0.667,0.95,Heavy congestion detected - signal timing extended and reroute suggested
EVT413895,2025-09-25 21:44:35,Concert,J030,MG Road,8116,Weekday,False,Clear,False,0.0,False,False,0.29,Low,34.2,20.1,144.7,0.125,0.288,0.955,Moderate traffic flow - standard adaptive signal timing in effect
EVT413896,2026-01-03 19:39:46,Local Market Day,J011,Indiranagar 100ft Road,3693,Weekend,False,Clear,False,0.0,False,False,0.737,High,17.4,54.0,282.3,0.164,0.379,0.959,Moderate traffic flow - standard adaptive signal timing in effect
EVT413897,2025-02-23 11:00:02,Concert,J011,Indiranagar 100ft Road,8450,Weekend,False,Clear,False,0.0,False,False,0.507,Moderate,25.0,31.5,206.9,0.148,0.343,0.93,Moderate traffic flow - standard adaptive signal timing in effect
EVT413898,2026-06-02 13:31:20,Concert,J023,Basavanagudi,10688,Weekday,False,Clear,False,0.0,False,False,0.216,Low,33.8,24.1,93.0,0.081,0.187,0.955,Normal free-flow traffic - standard signal timing maintained
EVT413899,2025-07-11 12:47:47,Concert,J009,Majestic,13234,Weekday,False,Clear,False,0.0,False,False,0.214,Low,28.1,13.3,150.2,0.109,0.252,0.99,Normal free-flow traffic - standard signal timing maintained
EVT413900,2026-02-25 11:28:23,Concert,J020,Malleshwaram Circle,11096,Weekday,False,Clear,False,0.0,False,False,0.303,Low,34.7,18.6,208.9,0.213,0.492,0.948,Moderate traffic flow - standard adaptive signal timing in effect
EVT413901,2025-06-18 23:28:21,Political Rally,J023,Basavanagudi,20437,Weekday,False,Heavy Rain,True,32.6,False,False,0.575,High,25.6,33.1,237.3,0.18,0.415,0.929,Heavy rain reducing visibility and grip - reduced speed and longer buffer advised
EVT413902,2025-05-27 16:10:19,Political Rally,J011,Indiranagar 100ft Road,19185,Weekday,False,Heavy Rain,True,26.9,False,False,0.79,Severe,16.4,58.1,246.9,0.13,0.3,0.897,Heavy rain reducing visibility and grip - reduced speed and longer buffer advised
EVT413903,2026-05-18 08:07:57,Local Market Day,J031,Cubbon Road,2637,Weekday,False,Clear,False,0.0,False,False,0.832,Severe,12.9,55.7,548.1,0.27,0.623,0.966,Heavy congestion detected - signal timing extended and reroute suggested
EVT413904,2026-02-19 10:02:12,Political Rally,J023,Basavanagudi,10241,Weekday,False,Clear,False,0.0,False,False,0.874,Severe,13.8,61.6,355.0,0.185,0.426,0.931,Heavy congestion detected - signal timing extended and reroute suggested
EVT413905,2025-01-15 09:23:06,Fireworks Display,J023,Basavanagudi,16798,Weekday,True,Clear,False,0.0,False,False,1.0,Severe,6.9,65.7,719.4,0.207,0.478,0.879,Festival crowd surge detected - alternate route and extended cycle recommended
EVT413906,2025-06-07 10:55:31,Sports Fixture,J023,Basavanagudi,20368,Weekend,False,Rain,True,21.5,False,False,0.805,Severe,15.7,63.0,433.9,0.241,0.556,0.875,Heavy rain reducing visibility and grip - reduced speed and longer buffer advised
EVT413907,2025-08-16 20:36:14,Cultural Procession,J031,Cubbon Road,19621,Weekend,True,Heavy Rain,True,37.4,True,True,1.0,Severe,8.4,98.6,672.0,0.254,0.588,0.635,Road closure for event/procession - full detour recommended for through-traffic
EVT413908,2025-10-23 18:06:49,Trade Fair,J012,Koramangala Sony World,9470,Weekday,False,Clear,False,0.0,False,False,1.0,Severe,9.1,72.0,712.8,0.283,0.653,0.93,Heavy congestion detected - signal timing extended and reroute suggested
EVT413909,2025-01-12 19:10:27,Trade Fair,J020,Malleshwaram Circle,5141,Weekend,False,Clear,False,0.0,False,False,0.842,Severe,9.9,61.5,659.5,0.216,0.499,0.934,Heavy congestion detected - signal timing extended and reroute suggested
EVT413910,2025-06-08 10:07:29,Local Market Day,J011,Indiranagar 100ft Road,3494,Weekend,False,Rain,True,13.2,False,False,0.827,Severe,11.5,68.9,466.2,0.185,0.427,0.892,Heavy rain reducing visibility and grip - reduced speed and longer buffer advised
EVT413911,2025-06-29 12:41:43,Sports Fixture,J030,MG Road,20034,Weekend,False,Clear,False,0.0,False,False,0.412,Moderate,31.5,33.5,168.3,0.152,0.352,0.976,Moderate traffic flow - standard adaptive signal timing in effect
EVT413912,2025-04-27 11:42:36,Sports Fixture,J031,Cubbon Road,17806,Weekend,False,Clear,False,0.0,False,False,0.414,Moderate,30.7,32.0,167.3,0.167,0.385,0.956,Moderate traffic flow - standard adaptive signal timing in effect
EVT413913,2025-01-14 18:32:56,Cultural Procession,J011,Indiranagar 100ft Road,34962,Weekday,True,Clear,False,0.0,False,True,1.0,Severe,8.1,101.6,532.6,0.174,0.402,0.822,Road closure for event/procession - full detour recommended for through-traffic
EVT413914,2025-09-06 18:10:52,Religious Festival,J009,Majestic,37499,Weekend,True,Clear,False,0.0,False,True,1.0,Severe,8.2,103.7,587.2,0.201,0.464,0.837,Road closure for event/procession - full detour recommended for through-traffic
EVT413915,2025-12-06 12:44:29,Sports Fixture,J009,Majestic,18078,Weekend,False,Clear,False,0.0,False,False,0.34,Low,28.8,26.4,221.4,0.161,0.371,0.966,Moderate traffic flow - standard adaptive signal timing in effect
EVT413916,2025-09-23 15:51:38,Local Market Day,J023,Basavanagudi,4515,Weekday,False,Clear,False,0.0,False,False,0.268,Low,29.8,13.4,226.2,0.191,0.441,0.965,Moderate traffic flow - standard adaptive signal timing in effect
EVT413917,2025-11-19 13:33:26,Local Market Day,J023,Basavanagudi,3973,Weekday,False,Clear,False,0.0,False,False,0.23,Low,41.2,20.5,146.1,0.14,0.323,0.942,Normal free-flow traffic - standard signal timing maintained
EVT413918,2025-08-18 21:25:16,Concert,J023,Basavanagudi,8436,Weekday,False,Clear,False,0.0,False,False,0.4,Moderate,25.8,25.3,232.3,0.164,0.38,0.959,Moderate traffic flow - standard adaptive signal timing in effect
EVT413919,2025-06-23 19:34:15,Local Market Day,J009,Majestic,3584,Weekday,False,Clear,False,0.0,False,False,0.845,Severe,14.5,66.5,412.9,0.21,0.485,0.947,Heavy congestion detected - signal timing extended and reroute suggested
EVT413920,2025-08-20 06:35:23,Sports Fixture,J011,Indiranagar 100ft Road,26971,Weekday,False,Light Rain,True,3.8,False,False,0.537,Moderate,27.9,37.4,193.9,0.141,0.327,0.925,Light rain detected - minor speed reduction advised
EVT413921,2025-07-22 11:33:34,Concert,J012,Koramangala Sony World,13679,Weekday,False,Clear,False,0.0,False,False,0.438,Moderate,25.4,27.9,320.1,0.222,0.512,0.969,Moderate traffic flow - standard adaptive signal timing in effect
EVT413922,2025-12-31 18:58:39,Concert,J020,Malleshwaram Circle,10819,Weekday,False,Clear,False,0.0,False,False,1.0,Severe,11.1,64.5,491.6,0.204,0.471,0.91,Heavy congestion detected - signal timing extended and reroute suggested
EVT413923,2025-09-29 16:20:10,Sports Fixture,J040,City Market,26987,Weekday,False,Heavy Rain,True,75.4,False,False,1.0,Severe,8.6,69.9,486.4,0.19,0.439,0.877,Heavy rain reducing visibility and grip - reduced speed and longer buffer advised
EVT413924,2025-11-24 10:14:24,Local Market Day,J012,Koramangala Sony World,4966,Weekday,False,Clear,False,0.0,False,False,0.717,High,20.5,48.9,375.7,0.239,0.552,0.938,Moderate traffic flow - standard adaptive signal timing in effect
EVT413925,2025-05-08 17:39:48,Local Market Day,J009,Majestic,6121,Weekday,False,Clear,False,0.0,False,False,0.895,Severe,11.5,68.3,323.2,0.155,0.359,0.94,Heavy congestion detected - signal timing extended and reroute suggested
EVT413926,2025-10-14 17:55:19,Political Rally,J023,Basavanagudi,21640,Weekday,False,Rain,True,13.5,False,False,1.0,Severe,7.9,71.9,583.2,0.194,0.449,0.856,Heavy rain reducing visibility and grip - reduced speed and longer buffer advised
EVT413927,2025-04-03 18:45:12,Concert,J009,Majestic,11231,Weekday,False,Clear,False,0.0,False,False,1.0,Severe,8.1,70.4,500.3,0.18,0.416,0.912,Heavy congestion detected - signal timing extended and reroute suggested
EVT413928,2026-03-26 07:52:56,Cultural Procession,J011,Indiranagar 100ft Road,21777,Weekday,True,Clear,False,0.0,False,True,1.0,Severe,8.2,98.6,388.0,0.149,0.344,0.842,Road closure for event/procession - full detour recommended for through-traffic
EVT413929,2025-03-31 03:23:53,Religious Festival,J012,Koramangala Sony World,64239,Weekday,True,Clear,False,0.0,False,True,0.861,High,14.9,87.3,342.9,0.192,0.443,0.865,Road closure for event/procession - full detour recommended for through-traffic
EVT413930,2025-07-13 20:22:41,Sports Fixture,J012,Koramangala Sony World,20019,Weekend,False,Rain,True,12.7,False,False,0.784,Severe,14.2,61.1,244.5,0.09,0.207,0.894,Heavy rain reducing visibility and grip - reduced speed and longer buffer advised
EVT413931,2025-09-04 09:32:15,Local Market Day,J011,Indiranagar 100ft Road,2860,Weekday,False,Clear,False,0.0,False,False,0.923,Severe,8.7,66.4,761.2,0.271,0.625,0.936,Heavy congestion detected - signal timing extended and reroute suggested
EVT413932,2025-02-09 10:20:01,Political Rally,J031,Cubbon Road,13772,Weekend,False,Light Rain,True,3.2,False,False,0.78,Severe,12.6,55.2,408.4,0.172,0.397,0.911,Heavy rain reducing visibility and grip - reduced speed and longer buffer advised
EVT413933,2026-06-02 10:06:59,Trade Fair,J040,City Market,8990,Weekday,False,Heavy Rain,True,81.7,False,False,1.0,Severe,9.8,69.3,352.4,0.146,0.337,0.868,Heavy rain reducing visibility and grip - reduced speed and longer buffer advised
EVT413934,2025-06-10 13:13:24,Sports Fixture,J009,Majestic,13128,Weekday,False,Clear,False,0.0,False,False,0.173,Low,28.4,16.2,129.3,0.105,0.242,0.966,Normal free-flow traffic - standard signal timing maintained
EVT413935,2025-06-22 00:38:46,Sports Fixture,J011,Indiranagar 100ft Road,37289,Weekend,False,Clear,False,0.0,False,False,0.464,Moderate,20.6,32.5,146.5,0.095,0.219,0.97,Moderate traffic flow - standard adaptive signal timing in effect
EVT413936,2025-09-12 00:42:26,Political Rally,J012,Koramangala Sony World,23942,Weekday,False,Heavy Rain,True,34.8,False,False,0.669,High,15.5,50.4,225.5,0.119,0.275,0.889,Heavy rain reducing visibility and grip - reduced speed and longer buffer advised
EVT413937,2025-07-10 22:53:28,Concert,J009,Majestic,8848,Weekday,False,Rain,True,21.2,False,False,0.487,Moderate,32.2,29.9,176.3,0.185,0.427,0.919,Light rain detected - minor speed reduction advised
EVT413938,2025-02-28 11:13:47,Concert,J020,Malleshwaram Circle,20555,Weekday,False,Clear,False,0.0,False,False,0.491,Moderate,25.2,31.9,289.4,0.199,0.459,0.954,Moderate traffic flow - standard adaptive signal timing in effect
EVT413939,2026-04-29 18:03:47,Local Market Day,J040,City Market,5802,Weekday,False,Clear,False,0.0,False,False,0.982,Severe,8.6,67.6,592.9,0.197,0.454,0.916,Heavy congestion detected - signal timing extended and reroute suggested
EVT413940,2025-10-20 18:38:24,Religious Festival,J030,MG Road,65056,Weekday,True,Clear,False,0.0,False,True,1.0,Severe,8.2,87.6,694.8,0.245,0.565,0.864,Road closure for event/procession - full detour recommended for through-traffic
EVT413941,2026-01-28 17:11:25,Trade Fair,J020,Malleshwaram Circle,16447,Weekday,False,Clear,False,0.0,False,False,0.923,Severe,13.0,66.4,455.3,0.233,0.538,0.94,Heavy congestion detected - signal timing extended and reroute suggested
EVT413942,2026-03-31 15:49:08,Sports Fixture,J009,Majestic,12839,Weekday,False,Rain,True,9.7,False,False,0.615,High,20.8,43.3,254.5,0.158,0.364,0.945,Heavy rain reducing visibility and grip - reduced speed and longer buffer advised
EVT413943,2025-07-14 09:12:24,Sports Fixture,J031,Cubbon Road,11475,Weekday,False,Light Rain,True,2.6,False,False,1.0,Severe,9.7,63.4,553.3,0.229,0.529,0.856,Heavy rain reducing visibility and grip - reduced speed and longer buffer advised
EVT413944,2025-12-29 11:56:56,Sports Fixture,J012,Koramangala Sony World,15447,Weekday,False,Clear,False,0.0,False,False,0.289,Low,31.4,27.6,210.4,0.175,0.405,0.961,Moderate traffic flow - standard adaptive signal timing in effect
EVT413945,2026-06-09 04:40:53,Local Market Day,J009,Majestic,7470,Weekday,False,Light Rain,True,6.4,False,False,0.267,Low,22.1,15.4,185.4,0.106,0.245,0.918,Light rain detected - minor speed reduction advised
EVT413946,2026-04-03 18:35:05,Trade Fair,J023,Basavanagudi,7959,Weekday,False,Clear,False,0.0,False,False,1.0,Severe,8.6,76.3,212.4,0.074,0.172,0.926,Heavy congestion detected - signal timing extended and reroute suggested
EVT413947,2026-06-11 17:40:18,Local Market Day,J020,Malleshwaram Circle,6929,Weekday,False,Heavy Rain,True,51.9,False,False,1.0,Severe,8.1,73.6,535.7,0.204,0.472,0.857,Heavy rain reducing visibility and grip - reduced speed and longer buffer advised
EVT413948,2025-02-07 15:51:33,Local Market Day,J011,Indiranagar 100ft Road,8188,Weekday,False,Clear,False,0.0,False,False,0.425,Moderate,25.2,26.8,221.3,0.133,0.308,0.955,Moderate traffic flow - standard adaptive signal timing in effect
EVT413949,2026-01-08 16:57:11,Trade Fair,J023,Basavanagudi,7917,Weekday,False,Clear,False,0.0,False,False,0.647,High,18.1,45.5,260.6,0.139,0.321,0.962,Moderate traffic flow - standard adaptive signal timing in effect
EVT413950,2025-06-12 11:10:21,Sports Fixture,J011,Indiranagar 100ft Road,24687,Weekday,False,Clear,False,0.0,False,False,0.494,Moderate,23.0,37.4,115.3,0.066,0.152,0.989,Moderate traffic flow - standard adaptive signal timing in effect
EVT413951,2026-05-22 16:01:35,Sports Fixture,J012,Koramangala Sony World,20893,Weekday,False,Rain,True,22.1,False,False,0.757,Severe,18.9,57.3,118.5,0.066,0.152,0.917,Heavy rain reducing visibility and grip - reduced speed and longer buffer advised
EVT413952,2025-06-27 16:26:19,Local Market Day,J009,Majestic,7680,Weekday,False,Clear,False,0.0,False,False,0.57,High,25.4,46.1,185.3,0.162,0.374,0.978,Moderate traffic flow - standard adaptive signal timing in effect
EVT413953,2025-06-18 14:57:23,Sports Fixture,J012,Koramangala Sony World,14672,Weekday,False,Clear,False,0.0,False,False,0.296,Low,22.2,21.4,94.9,0.058,0.134,0.975,Moderate traffic flow - standard adaptive signal timing in effect
EVT413954,2025-02-20 18:40:29,Sports Fixture,J012,Koramangala Sony World,16585,Weekday,False,Clear,False,0.0,False,False,1.0,Severe,8.2,73.2,666.9,0.233,0.539,0.917,Heavy congestion detected - signal timing extended and reroute suggested
EVT413955,2025-11-14 07:50:08,Trade Fair,J011,Indiranagar 100ft Road,8218,Weekday,False,Clear,False,0.0,False,False,0.773,Severe,19.0,59.5,263.4,0.177,0.41,0.97,Heavy congestion detected - signal timing extended and reroute suggested
EVT413956,2026-05-18 12:54:33,Concert,J031,Cubbon Road,12210,Weekday,False,Clear,False,0.0,False,False,0.235,Low,41.8,17.7,85.3,0.077,0.179,0.964,Normal free-flow traffic - standard signal timing maintained
EVT413957,2026-01-27 09:04:09,Fireworks Display,J011,Indiranagar 100ft Road,43500,Weekday,True,Clear,False,0.0,False,False,1.0,Severe,8.3,71.3,811.3,0.294,0.678,0.827,Festival crowd surge detected - alternate route and extended cycle recommended
EVT413958,2025-01-25 19:23:21,Local Market Day,J023,Basavanagudi,4288,Weekend,False,Clear,False,0.0,False,False,0.784,Severe,16.7,56.7,163.0,0.081,0.188,0.985,Heavy congestion detected - signal timing extended and reroute suggested
EVT413959,2025-02-28 16:38:22,Sports Fixture,J020,Malleshwaram Circle,41585,Weekday,False,Clear,False,0.0,False,False,0.768,Severe,12.9,56.3,327.9,0.144,0.333,0.947,Heavy congestion detected - signal timing extended and reroute suggested
EVT413960,2026-06-21 16:14:01,Local Market Day,J030,MG Road,4122,Weekend,False,Heavy Rain,True,34.1,False,False,0.779,Severe,14.4,54.0,432.7,0.227,0.524,0.908,Heavy rain reducing visibility and grip - reduced speed and longer buffer advised
EVT413961,2025-01-15 13:23:45,Religious Festival,J009,Majestic,28632,Weekday,True,Clear,False,0.0,True,False,0.938,Severe,9.6,67.4,398.0,0.142,0.328,0.706,Accident detected nearby - reroute and reduced speed advised
EVT413962,2025-07-21 07:14:05,Sports Fixture,J012,Koramangala Sony World,13266,Weekday,False,Rain,True,21.5,False,False,0.83,Severe,17.2,63.9,348.1,0.237,0.547,0.886,Heavy rain reducing visibility and grip - reduced speed and longer buffer advised
EVT413963,2026-01-07 18:24:23,Concert,J009,Majestic,15218,Weekday,False,Clear,False,0.0,False,False,1.0,Severe,7.8,76.1,1125.5,0.379,0.875,0.933,Heavy congestion detected - signal timing extended and reroute suggested
EVT413964,2025-04-19 06:28:22,Local Market Day,J011,Indiranagar 100ft Road,2816,Weekend,False,Clear,False,0.0,False,False,0.345,Low,37.4,24.7,110.6,0.102,0.237,0.935,Moderate traffic flow - standard adaptive signal timing in effect
EVT413965,2025-03-08 23:10:38,Concert,J031,Cubbon Road,13450,Weekend,False,Clear,False,0.0,False,False,0.345,Low,27.6,24.4,85.1,0.051,0.118,0.975,Moderate traffic flow - standard adaptive signal timing in effect
EVT413966,2026-02-27 12:42:39,Concert,J031,Cubbon Road,11657,Weekday,False,Clear,False,0.0,False,False,0.233,Low,30.4,15.7,170.1,0.131,0.303,0.973,Normal free-flow traffic - standard signal timing maintained
EVT413967,2025-11-12 20:51:16,Local Market Day,J023,Basavanagudi,4081,Weekday,False,Clear,False,0.0,False,False,0.483,Moderate,28.4,31.2,125.7,0.094,0.217,0.948,Moderate traffic flow - standard adaptive signal timing in effect
EVT413968,2026-02-15 16:19:55,Concert,J030,MG Road,14931,Weekend,False,Clear,False,0.0,False,False,0.552,High,23.4,37.0,247.3,0.192,0.444,0.972,Moderate traffic flow - standard adaptive signal timing in effect
EVT413969,2026-01-18 12:29:47,Local Market Day,J023,Basavanagudi,4108,Weekend,False,Clear,False,0.0,False,False,0.239,Low,30.4,13.0,110.3,0.089,0.205,0.935,Normal free-flow traffic - standard signal timing maintained
EVT413970,2026-05-01 18:12:44,Religious Festival,J023,Basavanagudi,40798,Weekday,True,Clear,False,0.0,False,True,1.0,Severe,8.6,92.4,544.4,0.196,0.453,0.842,Road closure for event/procession - full detour recommended for through-traffic
EVT413971,2025-05-15 07:08:54,Trade Fair,J009,Majestic,6102,Weekday,False,Clear,False,0.0,False,False,0.469,Moderate,25.7,42.0,135.7,0.112,0.258,0.956,Moderate traffic flow - standard adaptive signal timing in effect
EVT413972,2025-03-30 08:47:39,Religious Festival,J040,City Market,28155,Weekend,True,Clear,False,0.0,False,False,1.0,Severe,9.5,66.5,254.5,0.109,0.252,0.875,Festival crowd surge detected - alternate route and extended cycle recommended
EVT413973,2025-09-20 13:09:31,Political Rally,J031,Cubbon Road,12769,Weekend,False,Clear,False,0.0,False,False,0.246,Low,36.6,16.7,162.9,0.161,0.372,0.962,Normal free-flow traffic - standard signal timing maintained
EVT413974,2026-02-19 18:54:53,Trade Fair,J040,City Market,10904,Weekday,False,Clear,False,0.0,False,False,1.0,Severe,7.9,72.7,651.0,0.21,0.486,0.936,Heavy congestion detected - signal timing extended and reroute suggested
EVT413975,2025-02-18 09:44:28,Local Market Day,J011,Indiranagar 100ft Road,6235,Weekday,False,Clear,False,0.0,False,False,0.894,Severe,10.7,64.8,450.6,0.178,0.412,0.967,Heavy congestion detected - signal timing extended and reroute suggested
EVT413976,2026-02-28 09:03:06,Concert,J030,MG Road,14249,Weekend,False,Clear,False,0.0,False,False,0.912,Severe,13.1,62.9,381.7,0.198,0.456,0.95,Heavy congestion detected - signal timing extended and reroute suggested
EVT413977,2025-01-04 08:48:56,Concert,J012,Koramangala Sony World,17962,Weekend,False,Clear,False,0.0,False,False,0.956,Severe,12.0,62.6,337.3,0.157,0.362,0.94,Heavy congestion detected - signal timing extended and reroute suggested
EVT413978,2025-08-30 19:49:15,Concert,J009,Majestic,9492,Weekend,False,Heavy Rain,True,32.5,False,False,1.0,Severe,9.2,67.2,515.6,0.196,0.452,0.836,Heavy rain reducing visibility and grip - reduced speed and longer buffer advised
EVT413979,2025-01-19 21:14:50,Local Market Day,J031,Cubbon Road,4362,Weekend,False,Clear,False,0.0,False,False,0.503,Moderate,27.2,34.1,160.0,0.116,0.269,0.97,Moderate traffic flow - standard adaptive signal timing in effect
EVT413980,2026-03-13 13:35:25,Concert,J020,Malleshwaram Circle,12681,Weekday,False,Clear,False,0.0,False,False,0.238,Low,36.8,13.5,118.5,0.096,0.223,0.973,Normal free-flow traffic - standard signal timing maintained
EVT413981,2025-07-21 16:02:39,Local Market Day,J023,Basavanagudi,4185,Weekday,False,Rain,True,24.0,False,False,0.678,High,19.0,55.2,272.6,0.16,0.37,0.92,Heavy rain reducing visibility and grip - reduced speed and longer buffer advised
EVT413982,2025-02-19 10:36:11,Local Market Day,J009,Majestic,3685,Weekday,False,Clear,False,0.0,False,False,0.543,Moderate,21.9,38.6,154.9,0.103,0.237,0.979,Moderate traffic flow - standard adaptive signal timing in effect
EVT413983,2025-06-27 13:14:44,Concert,J012,Koramangala Sony World,3909,Weekday,False,Rain,True,10.4,False,False,0.309,Low,28.3,26.8,138.4,0.111,0.256,0.896,Light rain detected - minor speed reduction advised
EVT413984,2026-03-31 18:36:58,Political Rally,J023,Basavanagudi,6671,Weekday,False,Clear,False,0.0,False,False,1.0,Severe,8.3,69.0,448.5,0.164,0.379,0.928,Heavy congestion detected - signal timing extended and reroute suggested
EVT413985,2025-09-01 09:25:32,Political Rally,J012,Koramangala Sony World,13636,Weekday,False,Clear,False,0.0,False,False,1.0,Severe,10.4,75.9,359.7,0.155,0.358,0.927,Heavy congestion detected - signal timing extended and reroute suggested
EVT413986,2026-01-25 12:06:53,Concert,J031,Cubbon Road,12736,Weekend,False,Clear,False,0.0,False,False,0.297,Low,30.2,21.1,132.2,0.087,0.201,0.983,Moderate traffic flow - standard adaptive signal timing in effect
EVT413987,2025-08-12 17:05:28,Political Rally,J031,Cubbon Road,17197,Weekday,False,Clear,False,0.0,False,False,0.817,Severe,16.8,54.9,150.4,0.1,0.231,0.939,Heavy congestion detected - signal timing extended and reroute suggested
EVT413988,2025-02-27 11:38:02,Trade Fair,J023,Basavanagudi,9331,Weekday,False,Clear,False,0.0,False,False,0.279,Low,33.1,15.9,216.8,0.204,0.472,0.943,Moderate traffic flow - standard adaptive signal timing in effect
EVT413989,2025-02-18 20:29:32,Local Market Day,J023,Basavanagudi,4805,Weekday,False,Clear,False,0.0,False,False,0.568,High,25.6,41.8,191.5,0.151,0.349,0.976,Moderate traffic flow - standard adaptive signal timing in effect
EVT413990,2026-02-26 13:30:34,Local Market Day,J023,Basavanagudi,4473,Weekday,False,Clear,False,0.0,False,False,0.129,Low,36.4,10.5,130.9,0.104,0.241,0.95,Normal free-flow traffic - standard signal timing maintained
EVT413991,2025-12-07 12:13:26,Political Rally,J012,Koramangala Sony World,13767,Weekend,False,Clear,False,0.0,False,False,0.393,Moderate,31.8,31.6,183.4,0.177,0.408,0.943,Moderate traffic flow - standard adaptive signal timing in effect
EVT413992,2025-03-10 19:57:36,Local Market Day,J030,MG Road,3471,Weekday,False,Clear,False,0.0,False,False,0.757,Severe,14.3,59.7,309.1,0.137,0.317,0.963,Heavy congestion detected - signal timing extended and reroute suggested
EVT413993,2025-09-06 09:33:48,Religious Festival,J030,MG Road,55005,Weekend,True,Clear,False,0.0,False,True,1.0,Severe,6.6,103.9,804.8,0.223,0.514,0.84,Road closure for event/procession - full detour recommended for through-traffic
EVT413994,2025-02-09 22:18:45,Political Rally,J020,Malleshwaram Circle,19454,Weekend,False,Clear,False,0.0,False,False,0.396,Moderate,25.9,33.9,134.1,0.104,0.24,0.94,Moderate traffic flow - standard adaptive signal timing in effect
EVT413995,2026-02-11 15:24:58,Local Market Day,J023,Basavanagudi,3144,Weekday,False,Clear,False,0.0,False,False,0.401,Moderate,30.2,32.0,202.2,0.193,0.446,0.951,Moderate traffic flow - standard adaptive signal timing in effect
EVT413996,2026-02-19 18:20:34,Concert,J009,Majestic,9719,Weekday,False,Clear,False,0.0,False,False,1.0,Severe,8.4,67.3,412.7,0.131,0.304,0.925,Heavy congestion detected - signal timing extended and reroute suggested
EVT413997,2025-05-17 05:45:46,Concert,J011,Indiranagar 100ft Road,13680,Weekend,False,Rain,True,11.3,False,False,0.505,Moderate,25.5,37.3,112.5,0.087,0.202,0.905,Light rain detected - minor speed reduction advised
EVT413998,2025-11-14 17:18:00,Concert,J040,City Market,23004,Weekday,False,Light Rain,True,2.2,False,False,1.0,Severe,8.9,70.9,620.7,0.252,0.582,0.856,Heavy rain reducing visibility and grip - reduced speed and longer buffer advised
EVT413999,2025-01-08 08:33:42,Sports Fixture,J012,Koramangala Sony World,25703,Weekday,False,Clear,False,0.0,False,False,1.0,Severe,7.4,70.6,378.3,0.143,0.331,0.901,Heavy congestion detected - signal timing extended and reroute suggested
EVT414000,2025-11-08 17:14:39,Concert,J023,Basavanagudi,7901,Weekend,False,Rain,True,8.9,False,False,0.788,Severe,15.8,61.2,323.1,0.171,0.395,0.916,Heavy rain reducing visibility and grip - reduced speed and longer buffer advised
EVT414001,2026-05-22 08:10:23,Political Rally,J011,Indiranagar 100ft Road,8402,Weekday,False,Clear,False,0.0,False,False,0.867,Severe,11.3,64.4,352.4,0.125,0.289,0.936,Heavy congestion detected - signal timing extended and reroute suggested
EVT414002,2025-12-05 19:16:43,Trade Fair,J030,MG Road,4921,Weekday,False,Clear,False,0.0,False,False,0.905,Severe,10.3,69.3,420.8,0.145,0.335,0.943,Heavy congestion detected - signal timing extended and reroute suggested
EVT414003,2025-10-04 06:39:34,Trade Fair,J040,City Market,8099,Weekend,False,Rain,True,20.9,False,False,0.546,Moderate,21.7,38.0,173.0,0.111,0.256,0.92,Light rain detected - minor speed reduction advised
EVT414004,2026-04-04 10:02:49,Local Market Day,J030,MG Road,4215,Weekend,False,Clear,False,0.0,False,False,0.733,High,15.4,55.1,317.1,0.157,0.363,0.956,Moderate traffic flow - standard adaptive signal timing in effect
EVT414005,2025-10-18 12:07:53,Concert,J031,Cubbon Road,17881,Weekend,False,Light Rain,True,7.2,False,False,0.517,Moderate,27.7,33.8,94.5,0.091,0.211,0.904,Light rain detected - minor speed reduction advised
EVT414006,2025-11-30 17:47:50,Local Market Day,J030,MG Road,4478,Weekend,False,Light Rain,True,7.2,False,False,0.909,Severe,11.0,63.5,460.0,0.208,0.48,0.905,Heavy rain reducing visibility and grip - reduced speed and longer buffer advised
EVT414007,2025-05-26 22:41:25,Concert,J023,Basavanagudi,9587,Weekday,False,Clear,False,0.0,False,False,0.222,Low,23.0,14.4,155.7,0.106,0.244,0.958,Normal free-flow traffic - standard signal timing maintained
EVT414008,2026-03-28 14:26:36,Local Market Day,J040,City Market,1972,Weekend,False,Clear,False,0.0,False,False,0.235,Low,31.6,11.8,106.1,0.089,0.205,0.976,Normal free-flow traffic - standard signal timing maintained
EVT414009,2026-01-20 17:00:08,Concert,J040,City Market,10173,Weekday,False,Clear,False,0.0,False,False,0.773,Severe,17.8,55.1,289.4,0.176,0.407,0.981,Heavy congestion detected - signal timing extended and reroute suggested
EVT414010,2025-01-21 09:30:53,Local Market Day,J023,Basavanagudi,2752,Weekday,False,Clear,False,0.0,False,False,1.0,Severe,7.9,69.9,838.7,0.263,0.606,0.919,Heavy congestion detected - signal timing extended and reroute suggested
EVT414011,2026-06-03 19:58:11,Local Market Day,J031,Cubbon Road,3915,Weekday,False,Rain,True,24.9,False,False,1.0,Severe,9.2,70.0,687.1,0.238,0.549,0.868,Heavy rain reducing visibility and grip - reduced speed and longer buffer advised
EVT414012,2026-04-06 12:00:22,Sports Fixture,J020,Malleshwaram Circle,24123,Weekday,False,Clear,False,0.0,False,False,0.327,Low,28.8,25.9,247.7,0.166,0.384,0.99,Moderate traffic flow - standard adaptive signal timing in effect
EVT414013,2025-07-16 08:58:45,Sports Fixture,J030,MG Road,12593,Weekday,False,Clear,False,0.0,False,False,1.0,Severe,9.7,69.4,487.4,0.171,0.396,0.916,Heavy congestion detected - signal timing extended and reroute suggested
EVT414014,2026-03-10 20:05:16,Sports Fixture,J012,Koramangala Sony World,29774,Weekday,False,Clear,False,0.0,False,False,0.947,Severe,10.0,73.2,435.2,0.164,0.379,0.907,Heavy congestion detected - signal timing extended and reroute suggested
EVT414015,2025-06-15 05:49:24,Sports Fixture,J040,City Market,46196,Weekend,False,Fog,False,0.0,False,False,0.659,High,24.9,46.5,308.6,0.234,0.541,0.939,Moderate traffic flow - standard adaptive signal timing in effect
EVT414016,2025-07-29 08:17:42,Trade Fair,J040,City Market,13323,Weekday,False,Clear,False,0.0,False,False,0.973,Severe,10.0,69.9,171.8,0.075,0.172,0.936,Heavy congestion detected - signal timing extended and reroute suggested
EVT414017,2025-09-16 18:52:43,Political Rally,J020,Malleshwaram Circle,14615,Weekday,False,Clear,False,0.0,False,False,0.981,Severe,8.2,68.7,538.7,0.17,0.392,0.915,Heavy congestion detected - signal timing extended and reroute suggested
EVT414018,2025-03-17 16:41:35,Sports Fixture,J040,City Market,20035,Weekday,False,Clear,False,0.0,False,False,0.711,High,22.8,52.4,343.8,0.245,0.565,0.954,Moderate traffic flow - standard adaptive signal timing in effect
EVT414019,2025-05-07 21:33:52,Sports Fixture,J023,Basavanagudi,19241,Weekday,False,Clear,False,0.0,False,False,0.415,Moderate,25.5,26.2,265.9,0.192,0.443,0.973,Moderate traffic flow - standard adaptive signal timing in effect
EVT414020,2026-05-10 16:23:24,Trade Fair,J020,Malleshwaram Circle,5462,Weekend,False,Clear,False,0.0,False,False,0.534,Moderate,20.4,33.9,239.1,0.173,0.399,0.95,Moderate traffic flow - standard adaptive signal timing in effect
EVT414021,2026-05-08 08:12:52,Local Market Day,J012,Koramangala Sony World,7298,Weekday,False,Heavy Rain,True,36.6,False,False,1.0,Severe,8.7,73.9,652.0,0.229,0.528,0.872,Heavy rain reducing visibility and grip - reduced speed and longer buffer advised
EVT414022,2025-04-29 20:52:06,Local Market Day,J011,Indiranagar 100ft Road,4420,Weekday,False,Clear,False,0.0,False,False,0.407,Moderate,31.8,26.0,127.3,0.138,0.319,0.964,Moderate traffic flow - standard adaptive signal timing in effect
EVT414023,2025-02-19 07:30:17,Local Market Day,J011,Indiranagar 100ft Road,5864,Weekday,False,Clear,False,0.0,False,False,0.614,High,18.2,48.8,279.6,0.171,0.395,0.969,Moderate traffic flow - standard adaptive signal timing in effect
EVT414024,2025-01-23 19:54:40,Concert,J040,City Market,14462,Weekday,False,Clear,False,0.0,False,False,0.794,Severe,16.1,57.0,362.7,0.196,0.453,0.958,Heavy congestion detected - signal timing extended and reroute suggested
EVT414025,2025-08-11 19:09:29,Political Rally,J009,Majestic,19595,Weekday,False,Heavy Rain,True,42.3,False,False,1.0,Severe,8.5,67.8,951.2,0.307,0.708,0.863,Heavy rain reducing visibility and grip - reduced speed and longer buffer advised
EVT414026,2025-03-15 17:49:17,Religious Festival,J040,City Market,65530,Weekend,True,Clear,False,0.0,False,True,1.0,Severe,9.2,88.3,450.9,0.18,0.416,0.847,Road closure for event/procession - full detour recommended for through-traffic
EVT414027,2025-06-11 17:35:27,Local Market Day,J011,Indiranagar 100ft Road,2545,Weekday,False,Heavy Rain,True,78.2,False,False,1.0,Severe,9.1,74.2,427.3,0.166,0.383,0.869,Heavy rain reducing visibility and grip - reduced speed and longer buffer advised
EVT414028,2025-09-17 11:25:20,Political Rally,J020,Malleshwaram Circle,19833,Weekday,False,Clear,False,0.0,False,False,0.488,Moderate,26.0,29.9,138.0,0.097,0.224,0.965,Moderate traffic flow - standard adaptive signal timing in effect
EVT414029,2025-03-04 17:23:33,Political Rally,J030,MG Road,28500,Weekday,False,Clear,False,0.0,False,False,0.991,Severe,8.3,72.3,709.8,0.234,0.54,0.911,Heavy congestion detected - signal timing extended and reroute suggested
EVT414030,2026-02-22 20:47:17,Concert,J031,Cubbon Road,10617,Weekend,False,Clear,False,0.0,False,False,0.558,High,24.3,40.0,168.4,0.122,0.283,0.985,Moderate traffic flow - standard adaptive signal timing in effect
EVT414031,2026-06-14 18:26:47,Political Rally,J030,MG Road,23144,Weekend,False,Clear,False,0.0,False,False,0.967,Severe,10.4,74.6,441.1,0.192,0.443,0.923,Heavy congestion detected - signal timing extended and reroute suggested
EVT414032,2025-04-13 09:12:21,Local Market Day,J030,MG Road,4566,Weekend,False,Clear,False,0.0,False,False,0.841,Severe,14.4,59.8,453.8,0.229,0.528,0.972,Heavy congestion detected - signal timing extended and reroute suggested
EVT414033,2025-06-22 15:55:43,Local Market Day,J011,Indiranagar 100ft Road,4641,Weekend,False,Clear,False,0.0,False,False,0.396,Moderate,26.1,29.3,105.5,0.085,0.196,0.944,Moderate traffic flow - standard adaptive signal timing in effect
EVT414034,2026-04-30 15:26:14,Local Market Day,J011,Indiranagar 100ft Road,4282,Weekday,False,Clear,False,0.0,False,False,0.391,Moderate,33.3,32.2,64.2,0.055,0.128,0.955,Moderate traffic flow - standard adaptive signal timing in effect
EVT414035,2026-02-25 16:01:03,Local Market Day,J012,Koramangala Sony World,2512,Weekday,False,Clear,False,0.0,False,False,0.36,Moderate,30.7,24.9,153.4,0.13,0.301,0.947,Moderate traffic flow - standard adaptive signal timing in effect
EVT414036,2025-07-21 17:54:40,Local Market Day,J030,MG Road,2770,Weekday,False,Fog,False,0.0,False,False,0.889,Severe,12.7,64.9,489.3,0.214,0.494,0.931,Heavy congestion detected - signal timing extended and reroute suggested
EVT414037,2025-02-02 15:15:17,Sports Fixture,J011,Indiranagar 100ft Road,19462,Weekend,False,Clear,False,0.0,False,False,0.469,Moderate,25.6,35.9,332.5,0.24,0.554,0.954,Moderate traffic flow - standard adaptive signal timing in effect
EVT414038,2025-07-18 17:34:24,Concert,J030,MG Road,13173,Weekday,False,Clear,False,0.0,False,False,0.933,Severe,10.7,76.0,311.9,0.133,0.307,0.924,Heavy congestion detected - signal timing extended and reroute suggested
EVT414039,2026-01-04 18:07:57,Local Market Day,J011,Indiranagar 100ft Road,4410,Weekend,False,Clear,False,0.0,False,False,0.79,Severe,12.3,59.0,413.6,0.196,0.454,0.95,Heavy congestion detected - signal timing extended and reroute suggested
EVT414040,2025-04-19 15:26:15,Political Rally,J030,MG Road,11047,Weekend,False,Clear,False,0.0,False,False,0.389,Moderate,20.4,24.7,155.6,0.104,0.24,0.947,Moderate traffic flow - standard adaptive signal timing in effect
EVT414041,2025-09-02 08:20:51,Local Market Day,J030,MG Road,3290,Weekday,False,Clear,False,0.0,False,False,0.963,Severe,7.5,66.6,362.6,0.113,0.261,0.923,Heavy congestion detected - signal timing extended and reroute suggested
EVT414042,2025-09-23 23:27:06,Concert,J020,Malleshwaram Circle,8054,Weekday,False,Rain,True,15.4,False,False,0.386,Moderate,33.7,32.0,139.1,0.132,0.306,0.89,Light rain detected - minor speed reduction advised
EVT414043,2026-04-22 14:02:48,Trade Fair,J020,Malleshwaram Circle,13831,Weekday,False,Clear,False,0.0,False,False,0.213,Low,36.3,7.1,126.1,0.123,0.285,0.93,Normal free-flow traffic - standard signal timing maintained
EVT414044,2026-06-13 03:07:34,Local Market Day,J023,Basavanagudi,3143,Weekend,False,Clear,False,0.0,False,False,0.238,Low,30.3,15.1,48.2,0.036,0.083,0.956,Normal free-flow traffic - standard signal timing maintained
EVT414045,2025-08-20 17:56:55,Sports Fixture,J009,Majestic,15904,Weekday,False,Clear,False,0.0,False,False,1.0,Severe,9.2,76.9,223.5,0.11,0.253,0.902,Heavy congestion detected - signal timing extended and reroute suggested
EVT414046,2026-01-17 14:37:17,Trade Fair,J030,MG Road,8172,Weekend,False,Clear,False,0.0,True,False,0.704,High,23.4,49.2,193.7,0.147,0.339,0.801,Accident detected nearby - reroute and reduced speed advised
EVT414047,2025-03-08 12:21:38,Sports Fixture,J009,Majestic,11506,Weekend,False,Clear,False,0.0,False,False,0.295,Low,25.8,25.6,156.7,0.088,0.203,0.974,Moderate traffic flow - standard adaptive signal timing in effect
EVT414048,2025-07-02 15:56:25,Local Market Day,J009,Majestic,3988,Weekday,False,Rain,True,10.8,False,False,0.442,Moderate,25.4,34.0,136.7,0.12,0.277,0.888,Light rain detected - minor speed reduction advised
EVT414049,2025-05-23 13:24:32,Local Market Day,J023,Basavanagudi,3061,Weekday,False,Clear,False,0.0,False,False,0.224,Low,36.7,12.4,172.5,0.15,0.346,0.978,Normal free-flow traffic - standard signal timing maintained
EVT414050,2025-12-27 16:27:40,Trade Fair,J040,City Market,4043,Weekend,False,Clear,False,0.0,False,False,0.534,Moderate,28.0,35.3,88.2,0.064,0.149,0.956,Moderate traffic flow - standard adaptive signal timing in effect
EVT414051,2025-10-21 17:04:20,Religious Festival,J009,Majestic,43734,Weekday,True,Heavy Rain,True,31.5,False,True,1.0,Severe,9.2,96.3,510.7,0.205,0.474,0.805,Road closure for event/procession - full detour recommended for through-traffic
EVT414052,2025-07-10 12:54:34,Local Market Day,J031,Cubbon Road,2706,Weekday,False,Clear,False,0.0,False,False,0.11,Low,33.9,3.3,128.0,0.129,0.297,0.962,Normal free-flow traffic - standard signal timing maintained
EVT414053,2026-02-07 03:44:40,Local Market Day,J012,Koramangala Sony World,3422,Weekend,False,Clear,False,0.0,False,False,0.277,Low,28.1,21.0,250.4,0.188,0.435,0.975,Moderate traffic flow - standard adaptive signal timing in effect
EVT414054,2025-01-06 09:24:07,Trade Fair,J020,Malleshwaram Circle,4833,Weekday,False,Clear,False,0.0,False,False,0.912,Severe,11.2,60.0,196.7,0.084,0.195,0.923,Heavy congestion detected - signal timing extended and reroute suggested
EVT414055,2025-08-22 17:25:25,Sports Fixture,J011,Indiranagar 100ft Road,19763,Weekday,False,Clear,False,0.0,False,False,0.975,Severe,10.1,68.6,448.1,0.177,0.408,0.916,Heavy congestion detected - signal timing extended and reroute suggested
EVT414056,2026-06-05 11:41:41,Political Rally,J020,Malleshwaram Circle,14354,Weekday,False,Clear,False,0.0,False,False,0.32,Low,27.3,28.2,101.4,0.077,0.178,0.934,Moderate traffic flow - standard adaptive signal timing in effect
EVT414057,2026-02-27 15:01:30,Sports Fixture,J009,Majestic,37482,Weekday,False,Light Rain,True,3.9,False,False,0.451,Moderate,24.9,31.1,309.5,0.228,0.527,0.875,Light rain detected - minor speed reduction advised
EVT414058,2026-01-09 13:08:59,Local Market Day,J030,MG Road,3007,Weekday,False,Clear,False,0.0,False,False,0.121,Low,41.6,9.5,54.9,0.039,0.09,0.959,Normal free-flow traffic - standard signal timing maintained
EVT414059,2025-06-17 19:32:08,Sports Fixture,J030,MG Road,15001,Weekday,False,Fog,False,0.0,False,False,0.875,Severe,14.2,63.6,389.7,0.197,0.456,0.942,Heavy congestion detected - signal timing extended and reroute suggested
EVT414060,2025-11-27 20:57:43,Concert,J040,City Market,7799,Weekday,False,Clear,False,0.0,False,False,0.433,Moderate,26.4,33.2,108.3,0.099,0.229,0.942,Moderate traffic flow - standard adaptive signal timing in effect
EVT414061,2026-05-04 12:12:05,Sports Fixture,J040,City Market,27461,Weekday,False,Clear,False,0.0,False,False,0.358,Moderate,30.1,22.9,145.5,0.139,0.321,0.977,Moderate traffic flow - standard adaptive signal timing in effect
EVT414062,2025-09-06 06:54:30,Religious Festival,J031,Cubbon Road,56544,Weekend,True,Clear,False,0.0,False,False,1.0,Severe,9.0,73.5,683.8,0.238,0.551,0.861,Festival crowd surge detected - alternate route and extended cycle recommended
EVT414063,2025-08-05 17:09:00,Concert,J020,Malleshwaram Circle,5351,Weekday,False,Clear,False,0.0,False,False,0.793,Severe,9.9,54.4,449.0,0.172,0.396,0.966,Heavy congestion detected - signal timing extended and reroute suggested
EVT414064,2025-11-11 16:50:15,Local Market Day,J040,City Market,1620,Weekday,False,Light Rain,True,7.1,False,False,0.775,Severe,19.2,57.9,248.0,0.181,0.419,0.917,Heavy rain reducing visibility and grip - reduced speed and longer buffer advised
EVT414065,2025-05-31 09:32:26,Local Market Day,J012,Koramangala Sony World,3295,Weekend,False,Clear,False,0.0,False,False,0.855,Severe,12.8,62.7,262.9,0.129,0.297,0.96,Heavy congestion detected - signal timing extended and reroute suggested
EVT414066,2025-03-04 18:46:54,Concert,J012,Koramangala Sony World,15209,Weekday,False,Clear,False,0.0,False,False,1.0,Severe,7.6,69.7,527.1,0.182,0.42,0.902,Heavy congestion detected - signal timing extended and reroute suggested
EVT414067,2026-04-21 20:58:20,Local Market Day,J011,Indiranagar 100ft Road,4034,Weekday,False,Clear,False,0.0,False,False,0.468,Moderate,26.9,38.8,177.6,0.145,0.335,0.965,Moderate traffic flow - standard adaptive signal timing in effect
EVT414068,2026-03-07 07:07:38,Sports Fixture,J023,Basavanagudi,17645,Weekend,False,Clear,False,0.0,False,False,0.57,High,22.8,39.5,233.7,0.162,0.375,0.946,Moderate traffic flow - standard adaptive signal timing in effect
EVT414069,2026-01-02 10:55:00,Religious Festival,J012,Koramangala Sony World,44247,Weekday,True,Fog,False,0.0,False,False,0.942,Severe,10.6,62.9,649.8,0.25,0.578,0.871,Festival crowd surge detected - alternate route and extended cycle recommended
EVT414070,2026-02-22 06:30:04,Concert,J030,MG Road,31048,Weekend,False,Clear,False,0.0,False,False,0.546,Moderate,24.3,28.3,160.0,0.119,0.274,0.958,Moderate traffic flow - standard adaptive signal timing in effect
EVT414071,2026-06-25 12:12:17,Trade Fair,J012,Koramangala Sony World,6372,Weekday,False,Light Rain,True,6.8,False,False,0.305,Low,27.3,21.6,227.7,0.178,0.411,0.895,Light rain detected - minor speed reduction advised
EVT414072,2026-02-08 11:57:08,Political Rally,J020,Malleshwaram Circle,13383,Weekend,False,Clear,False,0.0,False,False,0.302,Low,31.3,29.3,174.8,0.161,0.372,0.957,Moderate traffic flow - standard adaptive signal timing in effect
EVT414073,2025-08-11 09:26:13,Local Market Day,J020,Malleshwaram Circle,5536,Weekday,False,Clear,False,0.0,False,False,0.982,Severe,9.0,66.7,382.4,0.157,0.362,0.901,Heavy congestion detected - signal timing extended and reroute suggested
EVT414074,2025-09-24 17:39:15,Trade Fair,J012,Koramangala Sony World,9015,Weekday,False,Clear,False,0.0,False,False,0.871,Severe,12.8,64.8,207.1,0.113,0.262,0.974,Heavy congestion detected - signal timing extended and reroute suggested
EVT414075,2025-12-25 09:38:53,Religious Festival,J012,Koramangala Sony World,45019,Weekday,True,Light Rain,True,2.0,False,True,1.0,Severe,9.7,102.7,301.5,0.138,0.32,0.788,Road closure for event/procession - full detour recommended for through-traffic
EVT414076,2026-05-25 15:56:20,Sports Fixture,J011,Indiranagar 100ft Road,32144,Weekday,False,Clear,False,0.0,False,False,0.582,High,23.1,46.9,222.9,0.155,0.357,0.963,Moderate traffic flow - standard adaptive signal timing in effect
EVT414077,2025-05-14 14:44:47,Trade Fair,J020,Malleshwaram Circle,7536,Weekday,False,Heavy Rain,True,34.0,False,False,0.573,High,25.7,44.4,145.0,0.106,0.246,0.919,Heavy rain reducing visibility and grip - reduced speed and longer buffer advised
EVT414078,2025-07-20 08:18:46,Sports Fixture,J023,Basavanagudi,28384,Weekend,False,Clear,False,0.0,False,False,0.984,Severe,9.1,73.7,398.4,0.169,0.39,0.924,Heavy congestion detected - signal timing extended and reroute suggested
EVT414079,2025-11-18 17:06:39,Concert,J040,City Market,7794,Weekday,False,Clear,False,0.0,False,False,0.677,High,22.4,43.7,155.3,0.109,0.252,0.963,Moderate traffic flow - standard adaptive signal timing in effect
EVT414080,2026-04-13 21:08:56,Trade Fair,J030,MG Road,16569,Weekday,False,Clear,False,0.0,False,False,0.418,Moderate,29.8,32.9,196.0,0.157,0.364,0.989,Moderate traffic flow - standard adaptive signal timing in effect
EVT414081,2025-03-03 11:25:12,Sports Fixture,J040,City Market,36791,Weekday,False,Clear,False,0.0,False,False,0.463,Moderate,22.0,40.2,246.2,0.17,0.393,0.959,Moderate traffic flow - standard adaptive signal timing in effect
EVT414082,2025-06-11 16:42:48,Concert,J040,City Market,7716,Weekday,False,Rain,True,14.6,False,False,0.861,Severe,12.6,59.8,237.8,0.092,0.212,0.869,Heavy rain reducing visibility and grip - reduced speed and longer buffer advised
EVT414083,2025-09-20 15:03:59,Local Market Day,J040,City Market,2195,Weekend,False,Clear,False,0.0,False,False,0.386,Moderate,31.1,25.7,126.8,0.137,0.317,0.968,Moderate traffic flow - standard adaptive signal timing in effect
EVT414084,2025-09-07 07:08:47,Local Market Day,J011,Indiranagar 100ft Road,2998,Weekend,False,Heavy Rain,True,36.4,False,False,0.745,High,12.5,54.7,433.8,0.19,0.44,0.907,Heavy rain reducing visibility and grip - reduced speed and longer buffer advised
EVT414085,2025-08-17 16:32:17,Concert,J030,MG Road,11964,Weekend,False,Clear,False,0.0,False,False,0.656,High,15.8,49.9,458.9,0.261,0.603,0.988,Moderate traffic flow - standard adaptive signal timing in effect
EVT414086,2026-01-09 09:17:15,Trade Fair,J040,City Market,13420,Weekday,False,Clear,False,0.0,False,False,1.0,Severe,6.3,67.6,767.1,0.219,0.506,0.928,Heavy congestion detected - signal timing extended and reroute suggested
EVT414087,2025-09-12 10:35:31,Local Market Day,J040,City Market,2920,Weekday,False,Heavy Rain,True,47.1,False,False,0.95,Severe,8.6,64.0,549.0,0.217,0.501,0.867,Heavy rain reducing visibility and grip - reduced speed and longer buffer advised
EVT414088,2025-09-15 07:15:07,Sports Fixture,J040,City Market,40742,Weekday,False,Clear,False,0.0,False,False,0.823,Severe,14.0,59.1,374.7,0.205,0.473,0.959,Heavy congestion detected - signal timing extended and reroute suggested
EVT414089,2025-07-03 06:21:13,Concert,J012,Koramangala Sony World,6573,Weekday,False,Clear,False,0.0,False,False,0.27,Low,26.5,22.2,116.5,0.078,0.181,0.938,Moderate traffic flow - standard adaptive signal timing in effect
EVT414090,2026-06-16 17:56:58,Local Market Day,J031,Cubbon Road,3137,Weekday,False,Clear,False,0.0,False,False,0.98,Severe,9.1,73.8,408.2,0.168,0.389,0.922,Heavy congestion detected - signal timing extended and reroute suggested
EVT414091,2026-04-10 05:34:12,Trade Fair,J030,MG Road,7035,Weekday,False,Clear,False,0.0,False,False,0.164,Low,26.8,8.3,235.0,0.138,0.319,0.967,Normal free-flow traffic - standard signal timing maintained
EVT414092,2025-02-07 11:05:27,Local Market Day,J040,City Market,2351,Weekday,False,Fog,False,0.0,False,False,0.351,Moderate,34.1,19.1,172.6,0.152,0.351,0.982,Moderate traffic flow - standard adaptive signal timing in effect
EVT414093,2026-02-27 20:33:59,Local Market Day,J012,Koramangala Sony World,3035,Weekday,False,Clear,False,0.0,False,False,0.531,Moderate,23.0,37.8,202.9,0.146,0.337,0.969,Moderate traffic flow - standard adaptive signal timing in effect
EVT414094,2025-06-07 08:02:01,Concert,J030,MG Road,8302,Weekend,False,Rain,True,17.1,False,False,0.959,Severe,10.5,71.7,718.6,0.283,0.655,0.884,Heavy rain reducing visibility and grip - reduced speed and longer buffer advised
EVT414095,2026-02-17 16:03:49,Concert,J030,MG Road,12967,Weekday,False,Clear,False,0.0,False,False,0.463,Moderate,24.7,32.7,106.0,0.076,0.176,0.977,Moderate traffic flow - standard adaptive signal timing in effect
EVT414096,2025-10-14 16:17:18,Local Market Day,J020,Malleshwaram Circle,4205,Weekday,False,Clear,False,0.0,False,False,0.513,Moderate,23.6,36.7,175.8,0.121,0.279,0.974,Moderate traffic flow - standard adaptive signal timing in effect
EVT414097,2026-05-10 09:28:38,Concert,J023,Basavanagudi,7385,Weekend,False,Clear,False,0.0,False,False,0.829,Severe,14.4,59.7,212.0,0.104,0.24,0.962,Heavy congestion detected - signal timing extended and reroute suggested
EVT414098,2025-09-18 12:10:39,Local Market Day,J011,Indiranagar 100ft Road,3414,Weekday,False,Rain,True,15.0,False,False,0.378,Moderate,32.1,31.6,111.1,0.102,0.235,0.916,Light rain detected - minor speed reduction advised
EVT414099,2026-04-15 14:25:04,Religious Festival,J011,Indiranagar 100ft Road,33404,Weekday,True,Clear,False,0.0,False,True,0.645,Moderate,21.3,63.0,292.0,0.194,0.447,0.865,Road closure for event/procession - full detour recommended for through-traffic
EVT414100,2026-05-25 19:18:27,Local Market Day,J011,Indiranagar 100ft Road,4005,Weekday,False,Clear,False,0.0,False,False,0.946,Severe,8.3,65.6,404.2,0.119,0.274,0.936,Heavy congestion detected - signal timing extended and reroute suggested
EVT414101,2025-12-08 08:22:44,Concert,J031,Cubbon Road,9201,Weekday,False,Clear,False,0.0,False,False,0.949,Severe,8.1,73.9,595.8,0.203,0.47,0.92,Heavy congestion detected - signal timing extended and reroute suggested
EVT414102,2026-05-02 10:32:06,Religious Festival,J023,Basavanagudi,40391,Weekend,True,Clear,False,0.0,False,False,1.0,Severe,10.0,68.7,681.3,0.277,0.64,0.871,Festival crowd surge detected - alternate route and extended cycle recommended
EVT414103,2026-02-01 13:49:10,Trade Fair,J030,MG Road,4541,Weekend,False,Clear,False,0.0,False,False,0.28,Low,28.1,18.0,140.6,0.109,0.252,0.974,Moderate traffic flow - standard adaptive signal timing in effect
EVT414104,2025-02-20 08:46:29,Political Rally,J030,MG Road,13784,Weekday,False,Clear,False,0.0,False,False,1.0,Severe,7.5,68.0,548.5,0.193,0.445,0.918,Heavy congestion detected - signal timing extended and reroute suggested
EVT414105,2026-03-26 23:50:54,Fireworks Display,J023,Basavanagudi,17809,Weekday,True,Clear,False,0.0,False,False,0.436,Moderate,29.3,34.4,257.3,0.243,0.562,0.945,Moderate traffic flow - standard adaptive signal timing in effect
EVT414106,2025-04-16 20:59:11,Political Rally,J031,Cubbon Road,14250,Weekday,False,Light Rain,True,1.6,False,False,0.51,Moderate,25.3,34.4,305.3,0.261,0.603,0.9,Light rain detected - minor speed reduction advised
EVT414107,2025-01-11 17:58:18,Concert,J023,Basavanagudi,9660,Weekend,False,Clear,False,0.0,False,False,0.84,Severe,9.1,63.0,378.6,0.137,0.316,0.933,Heavy congestion detected - signal timing extended and reroute suggested
EVT414108,2025-12-19 14:25:04,Trade Fair,J040,City Market,10399,Weekday,False,Clear,False,0.0,False,False,0.248,Low,26.2,17.4,204.3,0.117,0.269,0.977,Normal free-flow traffic - standard signal timing maintained
EVT414109,2025-04-13 18:09:43,Concert,J020,Malleshwaram Circle,11438,Weekend,False,Light Rain,True,3.4,False,False,1.0,Severe,9.2,70.8,582.9,0.204,0.472,0.86,Heavy rain reducing visibility and grip - reduced speed and longer buffer advised
EVT414110,2026-06-18 16:06:42,Local Market Day,J012,Koramangala Sony World,2685,Weekday,False,Clear,False,0.0,False,False,0.474,Moderate,24.0,43.3,233.6,0.17,0.394,0.973,Moderate traffic flow - standard adaptive signal timing in effect
EVT414111,2026-06-07 15:03:02,Trade Fair,J040,City Market,7543,Weekend,False,Clear,False,0.0,False,False,0.339,Low,29.5,19.9,169.6,0.153,0.354,0.952,Moderate traffic flow - standard adaptive signal timing in effect
EVT414112,2026-01-12 19:27:41,Local Market Day,J011,Indiranagar 100ft Road,3624,Weekday,False,Clear,False,0.0,False,False,0.887,Severe,11.3,65.4,468.0,0.211,0.487,0.936,Heavy congestion detected - signal timing extended and reroute suggested
EVT414113,2026-01-05 11:21:57,Local Market Day,J012,Koramangala Sony World,3226,Weekday,False,Clear,False,0.0,False,False,0.343,Low,29.3,32.6,217.3,0.163,0.375,0.952,Moderate traffic flow - standard adaptive signal timing in effect
EVT414114,2025-04-19 07:27:05,Sports Fixture,J011,Indiranagar 100ft Road,10138,Weekend,False,Clear,False,0.0,False,False,0.575,High,23.5,42.9,235.4,0.163,0.376,0.99,Moderate traffic flow - standard adaptive signal timing in effect
EVT414115,2026-05-15 20:44:11,Political Rally,J009,Majestic,25290,Weekday,False,Clear,False,0.0,False,False,0.638,High,20.5,47.9,234.2,0.169,0.39,0.967,Moderate traffic flow - standard adaptive signal timing in effect
EVT414116,2025-09-26 12:41:05,Local Market Day,J011,Indiranagar 100ft Road,6293,Weekday,False,Rain,True,8.9,False,False,0.292,Low,31.9,16.4,137.2,0.113,0.26,0.912,Light rain detected - minor speed reduction advised
EVT414117,2025-01-16 17:09:02,Local Market Day,J031,Cubbon Road,2280,Weekday,False,Clear,False,0.0,False,False,0.691,High,26.3,51.4,238.7,0.198,0.458,0.967,Moderate traffic flow - standard adaptive signal timing in effect
EVT414118,2025-11-15 00:15:56,Concert,J011,Indiranagar 100ft Road,15580,Weekend,False,Clear,False,0.0,False,False,0.361,Moderate,26.3,21.5,174.5,0.134,0.31,0.979,Moderate traffic flow - standard adaptive signal timing in effect
EVT414119,2026-02-04 14:52:19,Local Market Day,J030,MG Road,3476,Weekday,False,Clear,False,0.0,False,False,0.226,Low,28.9,16.1,180.7,0.123,0.284,0.959,Normal free-flow traffic - standard signal timing maintained
EVT414120,2025-10-19 15:04:10,Local Market Day,J012,Koramangala Sony World,4544,Weekend,False,Clear,False,0.0,False,False,0.28,Low,22.0,30.5,308.3,0.185,0.428,0.99,Moderate traffic flow - standard adaptive signal timing in effect
EVT414121,2025-12-23 23:26:31,Concert,J012,Koramangala Sony World,15010,Weekday,False,Clear,False,0.0,False,False,0.259,Low,31.8,22.9,101.7,0.087,0.2,0.977,Moderate traffic flow - standard adaptive signal timing in effect
EVT414122,2025-08-09 09:35:08,Trade Fair,J020,Malleshwaram Circle,7515,Weekend,False,Clear,False,0.0,False,False,0.803,Severe,17.4,56.4,291.0,0.158,0.366,0.983,Heavy congestion detected - signal timing extended and reroute suggested
EVT414123,2025-04-28 19:33:47,Local Market Day,J020,Malleshwaram Circle,3532,Weekday,False,Clear,False,0.0,False,False,0.829,Severe,12.7,61.2,200.5,0.094,0.216,0.966,Heavy congestion detected - signal timing extended and reroute suggested
EVT414124,2026-02-28 21:33:41,Concert,J009,Majestic,8913,Weekend,False,Clear,False,0.0,False,False,0.417,Moderate,33.8,30.8,110.3,0.114,0.264,0.984,Moderate traffic flow - standard adaptive signal timing in effect
EVT414125,2025-03-09 17:31:05,Concert,J040,City Market,7344,Weekend,False,Clear,False,0.0,False,False,0.833,Severe,10.0,67.0,518.0,0.194,0.448,0.952,Heavy congestion detected - signal timing extended and reroute suggested
EVT414126,2025-05-09 13:32:30,Sports Fixture,J020,Malleshwaram Circle,20887,Weekday,False,Clear,False,0.0,False,False,0.336,Low,20.8,25.6,117.0,0.043,0.099,0.97,Moderate traffic flow - standard adaptive signal timing in effect
EVT414127,2025-09-04 22:29:44,Concert,J020,Malleshwaram Circle,11789,Weekday,False,Heavy Rain,True,50.6,False,False,0.519,Moderate,24.0,32.9,158.7,0.116,0.268,0.9,Light rain detected - minor speed reduction advised
EVT414128,2026-05-05 22:04:13,Trade Fair,J031,Cubbon Road,7008,Weekday,False,Clear,False,0.0,False,False,0.115,Low,29.9,6.3,150.1,0.118,0.273,0.966,Normal free-flow traffic - standard signal timing maintained
EVT414129,2026-02-16 07:57:41,Local Market Day,J020,Malleshwaram Circle,2292,Weekday,False,Clear,False,0.0,False,False,0.801,Severe,15.5,58.2,177.3,0.123,0.284,0.974,Heavy congestion detected - signal timing extended and reroute suggested
EVT414130,2026-05-05 12:12:54,Political Rally,J020,Malleshwaram Circle,24411,Weekday,False,Clear,False,0.0,False,False,0.281,Low,33.1,16.1,98.7,0.089,0.206,0.964,Moderate traffic flow - standard adaptive signal timing in effect
EVT414131,2025-11-20 17:20:15,Concert,J030,MG Road,11666,Weekday,False,Clear,False,0.0,False,False,0.902,Severe,9.6,59.5,477.2,0.186,0.43,0.909,Heavy congestion detected - signal timing extended and reroute suggested
EVT414132,2026-06-10 22:31:29,Sports Fixture,J031,Cubbon Road,26003,Weekday,False,Clear,False,0.0,False,False,0.323,Low,32.2,23.9,150.2,0.117,0.271,0.949,Moderate traffic flow - standard adaptive signal timing in effect
EVT414133,2025-03-22 16:30:28,Sports Fixture,J012,Koramangala Sony World,35962,Weekend,False,Clear,False,0.0,False,False,0.671,High,15.5,45.0,279.9,0.156,0.36,0.977,Moderate traffic flow - standard adaptive signal timing in effect
EVT414134,2026-05-30 18:40:09,Trade Fair,J012,Koramangala Sony World,5093,Weekend,False,Clear,False,0.0,False,False,0.842,Severe,12.8,60.9,372.8,0.181,0.419,0.952,Heavy congestion detected - signal timing extended and reroute suggested
EVT414135,2025-08-29 16:24:33,Sports Fixture,J009,Majestic,27555,Weekday,False,Heavy Rain,True,26.5,False,False,0.915,Severe,11.6,64.8,479.3,0.231,0.534,0.871,Heavy rain reducing visibility and grip - reduced speed and longer buffer advised
EVT414136,2025-11-15 06:56:17,Local Market Day,J030,MG Road,4000,Weekend,False,Clear,False,0.0,False,False,0.384,Moderate,27.2,29.9,245.1,0.172,0.397,0.975,Moderate traffic flow - standard adaptive signal timing in effect
EVT414137,2026-01-24 09:08:59,Sports Fixture,J012,Koramangala Sony World,19409,Weekend,False,Clear,False,0.0,False,False,0.948,Severe,9.5,61.1,513.8,0.171,0.394,0.924,Heavy congestion detected - signal timing extended and reroute suggested
EVT414138,2026-01-21 19:49:00,Trade Fair,J023,Basavanagudi,6705,Weekday,False,Clear,False,0.0,False,False,0.769,Severe,17.4,60.2,358.2,0.239,0.552,0.972,Heavy congestion detected - signal timing extended and reroute suggested
EVT414139,2025-04-26 08:18:17,Trade Fair,J040,City Market,7437,Weekend,False,Clear,False,0.0,False,False,0.785,Severe,12.0,58.2,362.3,0.165,0.381,0.948,Heavy congestion detected - signal timing extended and reroute suggested
EVT414140,2025-07-26 09:27:25,Local Market Day,J011,Indiranagar 100ft Road,5126,Weekend,False,Heavy Rain,True,29.1,False,False,1.0,Severe,8.6,63.9,505.5,0.177,0.408,0.843,Heavy rain reducing visibility and grip - reduced speed and longer buffer advised
EVT414141,2025-10-20 10:56:04,Cultural Procession,J030,MG Road,26198,Weekday,True,Clear,False,0.0,False,True,0.942,Severe,9.4,100.1,612.2,0.247,0.57,0.822,Road closure for event/procession - full detour recommended for through-traffic
EVT414142,2025-02-01 22:49:30,Political Rally,J009,Majestic,16603,Weekend,False,Clear,False,0.0,False,False,0.408,Moderate,30.2,27.1,181.5,0.147,0.34,0.985,Moderate traffic flow - standard adaptive signal timing in effect
EVT414143,2025-05-28 19:30:53,Trade Fair,J012,Koramangala Sony World,7549,Weekday,False,Clear,False,0.0,False,False,0.924,Severe,11.4,63.4,286.6,0.136,0.313,0.943,Heavy congestion detected - signal timing extended and reroute suggested
EVT414144,2025-11-24 12:22:31,Sports Fixture,J011,Indiranagar 100ft Road,19884,Weekday,False,Clear,False,0.0,False,False,0.216,Low,28.8,8.0,196.5,0.156,0.36,0.965,Normal free-flow traffic - standard signal timing maintained
EVT414145,2025-12-07 18:31:46,Sports Fixture,J040,City Market,22024,Weekend,False,Clear,False,0.0,False,False,0.941,Severe,10.0,64.8,600.2,0.244,0.564,0.911,Heavy congestion detected - signal timing extended and reroute suggested
EVT414146,2026-06-07 19:22:12,Trade Fair,J031,Cubbon Road,17791,Weekend,False,Clear,False,0.0,False,False,0.893,Severe,11.7,60.5,576.6,0.25,0.577,0.964,Heavy congestion detected - signal timing extended and reroute suggested
EVT414147,2025-01-19 08:52:15,Concert,J009,Majestic,13794,Weekend,False,Clear,False,0.0,False,False,0.869,Severe,15.1,60.8,190.5,0.095,0.22,0.934,Heavy congestion detected - signal timing extended and reroute suggested
EVT414148,2025-12-23 17:55:02,Concert,J012,Koramangala Sony World,11062,Weekday,False,Clear,False,0.0,False,False,1.0,Severe,9.6,71.0,657.2,0.275,0.636,0.91,Heavy congestion detected - signal timing extended and reroute suggested
EVT414149,2026-03-16 19:54:38,Sports Fixture,J020,Malleshwaram Circle,32884,Weekday,False,Clear,False,0.0,False,False,0.935,Severe,12.3,65.4,485.4,0.226,0.522,0.938,Heavy congestion detected - signal timing extended and reroute suggested
EVT414150,2025-06-10 10:40:24,Concert,J030,MG Road,8185,Weekday,False,Clear,False,0.0,False,False,0.567,High,20.1,36.5,202.5,0.144,0.331,0.95,Moderate traffic flow - standard adaptive signal timing in effect
EVT414151,2025-12-20 12:15:22,Local Market Day,J020,Malleshwaram Circle,6137,Weekend,False,Clear,False,0.0,False,False,0.29,Low,27.2,16.1,193.1,0.143,0.331,0.973,Moderate traffic flow - standard adaptive signal timing in effect
EVT414152,2026-05-28 07:58:52,Concert,J012,Koramangala Sony World,6351,Weekday,False,Clear,False,0.0,False,False,0.657,High,22.4,45.9,328.9,0.262,0.604,0.94,Moderate traffic flow - standard adaptive signal timing in effect
EVT414153,2025-12-22 21:10:20,Local Market Day,J020,Malleshwaram Circle,3378,Weekday,False,Clear,False,0.0,False,False,0.45,Moderate,23.1,29.4,159.4,0.106,0.245,0.976,Moderate traffic flow - standard adaptive signal timing in effect
EVT414154,2025-12-20 16:32:52,Trade Fair,J031,Cubbon Road,11068,Weekend,False,Clear,False,0.0,False,False,0.561,High,21.2,42.2,154.0,0.081,0.188,0.988,Moderate traffic flow - standard adaptive signal timing in effect
EVT414155,2026-06-13 11:35:11,Trade Fair,J020,Malleshwaram Circle,8192,Weekend,False,Clear,False,0.0,False,False,0.374,Moderate,30.6,23.7,100.0,0.1,0.23,0.941,Moderate traffic flow - standard adaptive signal timing in effect
EVT414156,2026-05-07 17:47:42,Sports Fixture,J011,Indiranagar 100ft Road,21218,Weekday,False,Light Rain,True,2.8,False,False,1.0,Severe,9.2,68.7,608.1,0.23,0.532,0.852,Heavy rain reducing visibility and grip - reduced speed and longer buffer advised
EVT414157,2025-05-19 10:36:09,Trade Fair,J040,City Market,15849,Weekday,False,Light Rain,True,6.0,False,False,0.721,High,15.0,52.8,210.1,0.102,0.235,0.925,Heavy rain reducing visibility and grip - reduced speed and longer buffer advised
EVT414158,2025-07-14 08:25:21,Trade Fair,J031,Cubbon Road,11057,Weekday,False,Heavy Rain,True,38.2,False,False,1.0,Severe,9.0,75.3,599.9,0.213,0.493,0.842,Heavy rain reducing visibility and grip - reduced speed and longer buffer advised
EVT414159,2025-07-09 17:04:54,Local Market Day,J020,Malleshwaram Circle,5586,Weekday,False,Clear,False,0.0,False,False,0.816,Severe,12.4,61.5,333.3,0.171,0.395,0.965,Heavy congestion detected - signal timing extended and reroute suggested
EVT414160,2025-05-24 19:35:48,Concert,J020,Malleshwaram Circle,15412,Weekend,False,Clear,False,0.0,False,False,0.813,Severe,17.4,61.4,160.5,0.087,0.2,0.95,Heavy congestion detected - signal timing extended and reroute suggested
EVT414161,2025-10-18 16:42:16,Sports Fixture,J020,Malleshwaram Circle,33462,Weekend,False,Rain,True,22.6,False,False,1.0,Severe,9.3,66.2,457.5,0.178,0.412,0.855,Heavy rain reducing visibility and grip - reduced speed and longer buffer advised
EVT414162,2026-04-07 00:23:18,Local Market Day,J020,Malleshwaram Circle,3228,Weekday,False,Clear,False,0.0,False,False,0.186,Low,40.1,18.5,139.2,0.147,0.341,0.956,Normal free-flow traffic - standard signal timing maintained
EVT414163,2026-04-18 13:10:44,Concert,J012,Koramangala Sony World,12320,Weekend,False,Clear,False,0.0,False,False,0.369,Moderate,24.5,29.4,136.1,0.083,0.192,0.962,Moderate traffic flow - standard adaptive signal timing in effect
EVT414164,2025-05-31 09:59:12,Concert,J031,Cubbon Road,7409,Weekend,False,Rain,True,15.1,False,False,0.89,Severe,14.2,61.7,287.0,0.144,0.332,0.873,Heavy rain reducing visibility and grip - reduced speed and longer buffer advised
EVT414165,2025-11-13 16:49:01,Political Rally,J030,MG Road,9653,Weekday,False,Clear,False,0.0,False,False,0.679,High,22.3,46.0,250.1,0.161,0.371,0.968,Moderate traffic flow - standard adaptive signal timing in effect
EVT414166,2026-02-23 07:32:45,Local Market Day,J020,Malleshwaram Circle,4958,Weekday,False,Clear,False,0.0,False,False,0.553,High,24.1,41.1,252.5,0.174,0.401,0.978,Moderate traffic flow - standard adaptive signal timing in effect
EVT414167,2025-03-04 12:58:03,Trade Fair,J031,Cubbon Road,9777,Weekday,False,Clear,False,0.0,False,False,0.233,Low,28.0,20.0,240.0,0.189,0.437,0.962,Normal free-flow traffic - standard signal timing maintained
EVT414168,2025-12-16 10:44:55,Concert,J023,Basavanagudi,11630,Weekday,False,Clear,False,0.0,False,False,0.552,High,25.6,42.8,174.3,0.127,0.292,0.983,Moderate traffic flow - standard adaptive signal timing in effect
EVT414169,2026-03-11 09:20:44,Local Market Day,J040,City Market,7208,Weekday,False,Clear,False,0.0,False,False,1.0,Severe,7.3,75.9,329.3,0.1,0.231,0.91,Heavy congestion detected - signal timing extended and reroute suggested
EVT414170,2025-06-20 14:20:38,Concert,J009,Majestic,25813,Weekday,False,Clear,False,0.0,False,False,0.316,Low,34.8,24.1,153.9,0.163,0.377,0.965,Moderate traffic flow - standard adaptive signal timing in effect
EVT414171,2026-01-29 09:00:31,Sports Fixture,J023,Basavanagudi,33033,Weekday,False,Clear,False,0.0,False,False,1.0,Severe,7.5,71.4,528.7,0.169,0.39,0.899,Heavy congestion detected - signal timing extended and reroute suggested
EVT414172,2026-06-15 23:19:15,Political Rally,J040,City Market,12879,Weekday,False,Clear,False,0.0,False,False,0.221,Low,40.4,16.7,170.1,0.168,0.388,0.96,Normal free-flow traffic - standard signal timing maintained
EVT414173,2026-02-07 12:23:12,Sports Fixture,J030,MG Road,20415,Weekend,False,Clear,False,0.0,False,False,0.415,Moderate,26.1,26.8,171.3,0.133,0.308,0.969,Moderate traffic flow - standard adaptive signal timing in effect
EVT414174,2025-03-18 10:04:46,Political Rally,J012,Koramangala Sony World,33836,Weekday,False,Clear,False,0.0,False,False,0.905,Severe,11.0,61.9,387.2,0.144,0.333,0.947,Heavy congestion detected - signal timing extended and reroute suggested
EVT414175,2025-10-16 10:41:26,Concert,J023,Basavanagudi,9698,Weekday,False,Clear,False,0.0,False,False,0.589,High,29.0,36.7,111.8,0.088,0.203,0.929,Moderate traffic flow - standard adaptive signal timing in effect
EVT414176,2026-04-02 07:06:48,Local Market Day,J020,Malleshwaram Circle,4319,Weekday,False,Rain,True,10.6,False,False,0.611,High,25.4,45.8,185.4,0.146,0.338,0.91,Heavy rain reducing visibility and grip - reduced speed and longer buffer advised
EVT414177,2026-03-28 17:52:03,Trade Fair,J030,MG Road,11286,Weekend,False,Clear,False,0.0,False,False,0.793,Severe,15.7,61.0,183.3,0.096,0.222,0.978,Heavy congestion detected - signal timing extended and reroute suggested
EVT414178,2025-09-24 17:47:19,Trade Fair,J020,Malleshwaram Circle,7104,Weekday,False,Clear,False,0.0,False,False,0.979,Severe,9.5,66.6,573.5,0.212,0.49,0.942,Heavy congestion detected - signal timing extended and reroute suggested
EVT414179,2025-04-25 10:01:06,Sports Fixture,J040,City Market,22697,Weekday,False,Clear,False,0.0,False,False,0.981,Severe,8.6,70.9,492.4,0.178,0.411,0.926,Heavy congestion detected - signal timing extended and reroute suggested
EVT414180,2025-12-25 19:31:27,Religious Festival,J023,Basavanagudi,42073,Weekday,True,Clear,False,0.0,False,True,1.0,Severe,8.3,100.6,457.5,0.161,0.372,0.826,Road closure for event/procession - full detour recommended for through-traffic
EVT414181,2026-03-06 19:38:09,Sports Fixture,J040,City Market,34538,Weekday,False,Clear,False,0.0,False,False,1.0,Severe,6.7,67.5,798.6,0.219,0.507,0.942,Heavy congestion detected - signal timing extended and reroute suggested
EVT414182,2025-11-26 09:17:52,Concert,J023,Basavanagudi,8291,Weekday,False,Clear,False,0.0,False,False,0.979,Severe,8.7,72.1,687.6,0.241,0.556,0.92,Heavy congestion detected - signal timing extended and reroute suggested
EVT414183,2025-02-14 19:12:10,Concert,J012,Koramangala Sony World,12098,Weekday,False,Clear,False,0.0,False,False,0.976,Severe,9.1,69.9,490.6,0.19,0.438,0.946,Heavy congestion detected - signal timing extended and reroute suggested
EVT414184,2026-06-03 17:51:36,Local Market Day,J009,Majestic,4866,Weekday,False,Heavy Rain,True,42.7,False,False,1.0,Severe,8.2,79.2,442.3,0.162,0.374,0.857,Heavy rain reducing visibility and grip - reduced speed and longer buffer advised
EVT414185,2026-05-19 08:29:43,Sports Fixture,J023,Basavanagudi,10049,Weekday,False,Clear,False,0.0,False,False,1.0,Severe,6.9,70.4,624.0,0.182,0.421,0.93,Heavy congestion detected - signal timing extended and reroute suggested
EVT414186,2025-10-09 11:28:25,Sports Fixture,J011,Indiranagar 100ft Road,33286,Weekday,False,Clear,False,0.0,False,False,0.54,Moderate,20.0,36.2,127.5,0.085,0.197,0.973,Moderate traffic flow - standard adaptive signal timing in effect
EVT414187,2025-07-31 00:34:03,Local Market Day,J023,Basavanagudi,6554,Weekday,False,Heavy Rain,True,46.2,False,False,0.526,Moderate,22.9,43.5,307.2,0.193,0.447,0.924,Light rain detected - minor speed reduction advised
EVT414188,2025-12-19 14:46:22,Political Rally,J023,Basavanagudi,15478,Weekday,False,Clear,False,0.0,False,False,0.285,Low,27.3,19.7,57.9,0.048,0.112,0.976,Moderate traffic flow - standard adaptive signal timing in effect
EVT414189,2025-04-03 10:30:58,Concert,J040,City Market,8217,Weekday,False,Light Rain,True,5.2,False,False,0.703,High,18.5,48.6,232.3,0.129,0.297,0.903,Heavy rain reducing visibility and grip - reduced speed and longer buffer advised
EVT414190,2025-06-30 18:37:04,Sports Fixture,J030,MG Road,28113,Weekday,False,Clear,False,0.0,False,False,1.0,Severe,9.3,70.0,446.6,0.176,0.406,0.934,Heavy congestion detected - signal timing extended and reroute suggested
EVT414191,2025-12-07 18:12:24,Trade Fair,J020,Malleshwaram Circle,7122,Weekend,False,Clear,False,0.0,False,False,0.783,Severe,17.5,65.3,158.6,0.099,0.228,0.969,Heavy congestion detected - signal timing extended and reroute suggested
EVT414192,2025-08-12 21:18:31,Local Market Day,J031,Cubbon Road,3818,Weekday,False,Clear,False,0.0,False,False,0.306,Low,30.8,25.5,129.0,0.11,0.255,0.94,Moderate traffic flow - standard adaptive signal timing in effect
EVT414193,2025-01-06 18:38:12,Local Market Day,J011,Indiranagar 100ft Road,6006,Weekday,False,Fog,False,0.0,False,False,0.968,Severe,10.2,62.9,638.2,0.259,0.598,0.926,Heavy congestion detected - signal timing extended and reroute suggested
EVT414194,2025-11-28 17:43:40,Local Market Day,J031,Cubbon Road,2870,Weekday,False,Clear,False,0.0,False,False,0.946,Severe,12.7,65.5,153.9,0.089,0.206,0.926,Heavy congestion detected - signal timing extended and reroute suggested
EVT414195,2026-05-10 18:32:17,Trade Fair,J030,MG Road,6893,Weekend,False,Clear,False,0.0,False,False,0.912,Severe,12.5,63.3,428.4,0.203,0.468,0.913,Heavy congestion detected - signal timing extended and reroute suggested
EVT414196,2026-02-15 18:14:06,Political Rally,J030,MG Road,18113,Weekend,False,Clear,False,0.0,False,False,0.907,Severe,11.9,64.2,309.1,0.162,0.374,0.929,Heavy congestion detected - signal timing extended and reroute suggested
EVT414197,2026-03-16 20:25:06,Local Market Day,J040,City Market,6076,Weekday,False,Clear,False,0.0,False,False,0.589,High,29.1,42.2,279.0,0.244,0.562,0.99,Moderate traffic flow - standard adaptive signal timing in effect
EVT414198,2025-06-01 16:09:49,Sports Fixture,J023,Basavanagudi,33936,Weekend,False,Rain,True,18.0,False,False,0.826,Severe,14.3,58.3,290.8,0.156,0.359,0.907,Heavy rain reducing visibility and grip - reduced speed and longer buffer advised
EVT414199,2025-01-07 11:07:48,Sports Fixture,J012,Koramangala Sony World,25858,Weekday,False,Clear,False,0.0,False,False,0.487,Moderate,23.4,35.3,175.7,0.113,0.26,0.974,Moderate traffic flow - standard adaptive signal timing in effect
EVT414200,2025-03-25 11:39:48,Political Rally,J009,Majestic,11175,Weekday,False,Clear,False,0.0,False,False,0.369,Moderate,32.3,31.6,106.2,0.095,0.22,0.979,Moderate traffic flow - standard adaptive signal timing in effect
EVT414201,2025-05-30 16:46:39,Trade Fair,J012,Koramangala Sony World,7719,Weekday,False,Clear,False,0.0,False,False,0.618,High,20.6,43.6,292.4,0.192,0.443,0.971,Moderate traffic flow - standard adaptive signal timing in effect
EVT414202,2025-11-18 17:36:18,Sports Fixture,J031,Cubbon Road,22794,Weekday,False,Clear,False,0.0,False,False,1.0,Severe,7.3,67.4,860.1,0.266,0.614,0.912,Heavy congestion detected - signal timing extended and reroute suggested
EVT414203,2026-01-17 10:38:11,Sports Fixture,J023,Basavanagudi,23377,Weekend,False,Clear,False,0.0,False,False,0.651,High,16.7,46.7,313.9,0.169,0.389,0.969,Moderate traffic flow - standard adaptive signal timing in effect
EVT414204,2026-01-23 11:40:30,Concert,J020,Malleshwaram Circle,19254,Weekday,False,Clear,False,0.0,False,False,0.304,Low,28.9,23.6,255.5,0.207,0.478,0.965,Moderate traffic flow - standard adaptive signal timing in effect
EVT414205,2025-02-10 18:26:56,Trade Fair,J030,MG Road,14657,Weekday,False,Clear,False,0.0,False,False,1.0,Severe,7.8,65.7,376.7,0.123,0.285,0.908,Heavy congestion detected - signal timing extended and reroute suggested
EVT414206,2025-03-26 21:04:20,Concert,J040,City Market,13099,Weekday,False,Clear,False,0.0,False,False,0.472,Moderate,31.5,35.9,196.9,0.172,0.398,0.978,Moderate traffic flow - standard adaptive signal timing in effect
EVT414207,2025-07-02 21:06:07,Trade Fair,J040,City Market,10088,Weekday,False,Clear,False,0.0,False,False,0.36,Moderate,26.8,25.2,91.2,0.051,0.117,0.964,Moderate traffic flow - standard adaptive signal timing in effect
EVT414208,2025-10-05 13:23:00,Local Market Day,J011,Indiranagar 100ft Road,5126,Weekend,False,Clear,False,0.0,False,False,0.198,Low,40.2,12.0,127.8,0.112,0.258,0.98,Normal free-flow traffic - standard signal timing maintained
EVT414209,2025-03-27 13:46:18,Local Market Day,J011,Indiranagar 100ft Road,2974,Weekday,False,Clear,False,0.0,False,False,0.281,Low,32.0,22.6,134.1,0.111,0.256,0.97,Moderate traffic flow - standard adaptive signal timing in effect
EVT414210,2025-03-02 18:00:14,Concert,J011,Indiranagar 100ft Road,11170,Weekend,False,Clear,False,0.0,False,False,0.816,Severe,16.8,56.3,334.0,0.198,0.458,0.969,Heavy congestion detected - signal timing extended and reroute suggested
EVT414211,2025-08-27 12:59:18,Cultural Procession,J040,City Market,19182,Weekday,True,Clear,False,0.0,False,True,0.646,Moderate,20.6,67.0,264.6,0.157,0.363,0.876,Road closure for event/procession - full detour recommended for through-traffic
EVT414212,2025-04-20 20:38:24,Concert,J040,City Market,6649,Weekend,False,Clear,False,0.0,False,False,0.524,Moderate,26.1,37.1,77.2,0.058,0.134,0.948,Moderate traffic flow - standard adaptive signal timing in effect
EVT414213,2026-06-27 17:24:37,Concert,J040,City Market,18336,Weekend,False,Heavy Rain,True,63.4,False,False,1.0,Severe,9.4,74.7,239.3,0.102,0.235,0.87,Heavy rain reducing visibility and grip - reduced speed and longer buffer advised
EVT414214,2025-04-24 10:38:48,Local Market Day,J040,City Market,4772,Weekday,False,Clear,False,0.0,False,False,0.551,High,22.1,30.6,134.2,0.101,0.234,0.977,Moderate traffic flow - standard adaptive signal timing in effect
EVT414215,2026-02-08 10:38:43,Concert,J011,Indiranagar 100ft Road,12277,Weekend,False,Clear,False,0.0,False,False,0.582,High,21.5,39.1,108.9,0.063,0.147,0.976,Moderate traffic flow - standard adaptive signal timing in effect
EVT414216,2025-07-08 18:53:11,Local Market Day,J011,Indiranagar 100ft Road,4710,Weekday,False,Clear,False,0.0,False,False,1.0,Severe,9.1,78.9,782.0,0.292,0.674,0.937,Heavy congestion detected - signal timing extended and reroute suggested
EVT414217,2026-01-16 20:06:42,Sports Fixture,J023,Basavanagudi,25094,Weekday,False,Clear,False,0.0,False,False,0.834,Severe,13.2,51.3,299.7,0.127,0.293,0.984,Heavy congestion detected - signal timing extended and reroute suggested
EVT414218,2025-03-24 23:12:45,Sports Fixture,J031,Cubbon Road,23241,Weekday,False,Clear,False,0.0,False,False,0.279,Low,36.1,20.2,161.9,0.165,0.382,0.977,Moderate traffic flow - standard adaptive signal timing in effect
EVT414219,2025-02-18 09:29:07,Sports Fixture,J009,Majestic,20462,Weekday,False,Clear,False,0.0,False,False,1.0,Severe,7.8,67.6,357.0,0.119,0.275,0.923,Heavy congestion detected - signal timing extended and reroute suggested
EVT414220,2025-05-27 14:12:15,Trade Fair,J030,MG Road,8297,Weekday,False,Clear,False,0.0,False,False,0.197,Low,27.4,17.6,118.2,0.078,0.18,0.959,Normal free-flow traffic - standard signal timing maintained
EVT414221,2025-05-09 09:28:02,Political Rally,J020,Malleshwaram Circle,11304,Weekday,False,Clear,False,0.0,False,False,0.956,Severe,9.6,68.7,322.8,0.13,0.3,0.944,Heavy congestion detected - signal timing extended and reroute suggested
EVT414222,2026-02-19 11:07:39,Concert,J020,Malleshwaram Circle,17446,Weekday,False,Clear,False,0.0,False,False,0.475,Moderate,23.9,27.0,222.9,0.154,0.357,0.964,Moderate traffic flow - standard adaptive signal timing in effect
EVT414223,2025-12-28 22:45:09,Concert,J040,City Market,14076,Weekend,False,Clear,False,0.0,False,False,0.348,Low,26.4,21.5,170.4,0.132,0.306,0.964,Moderate traffic flow - standard adaptive signal timing in effect
EVT414224,2026-01-01 20:34:24,Religious Festival,J023,Basavanagudi,24400,Weekday,True,Clear,False,0.0,False,False,0.904,Severe,14.5,57.9,180.9,0.092,0.212,0.891,Festival crowd surge detected - alternate route and extended cycle recommended
EVT414225,2025-02-19 18:26:09,Trade Fair,J040,City Market,9343,Weekday,False,Clear,False,0.0,False,False,1.0,Severe,8.8,72.5,490.0,0.191,0.44,0.905,Heavy congestion detected - signal timing extended and reroute suggested
EVT414226,2025-04-23 19:48:36,Local Market Day,J040,City Market,3431,Weekday,False,Rain,True,9.0,False,False,0.869,Severe,12.8,62.7,565.0,0.269,0.621,0.881,Heavy rain reducing visibility and grip - reduced speed and longer buffer advised
EVT414227,2025-12-02 12:26:01,Local Market Day,J031,Cubbon Road,3420,Weekday,False,Clear,False,0.0,False,False,0.213,Low,32.3,12.8,103.9,0.085,0.197,0.943,Normal free-flow traffic - standard signal timing maintained
EVT414228,2025-03-16 10:52:38,Trade Fair,J009,Majestic,9782,Weekend,False,Clear,False,0.0,False,False,0.484,Moderate,18.9,29.4,208.3,0.133,0.308,0.939,Moderate traffic flow - standard adaptive signal timing in effect
EVT414229,2026-06-15 22:54:53,Concert,J011,Indiranagar 100ft Road,17337,Weekday,False,Heavy Rain,True,30.9,False,False,0.621,High,25.5,40.0,276.2,0.227,0.523,0.921,Heavy rain reducing visibility and grip - reduced speed and longer buffer advised
EVT414230,2025-06-02 08:58:21,Sports Fixture,J009,Majestic,25807,Weekday,False,Clear,False,0.0,False,False,1.0,Severe,9.9,77.3,455.2,0.194,0.448,0.917,Heavy congestion detected - signal timing extended and reroute suggested
EVT414231,2025-05-22 19:25:21,Trade Fair,J011,Indiranagar 100ft Road,4802,Weekday,False,Clear,False,0.0,False,False,0.929,Severe,10.9,68.8,617.8,0.252,0.582,0.938,Heavy congestion detected - signal timing extended and reroute suggested
EVT414232,2025-05-25 11:25:58,Local Market Day,J011,Indiranagar 100ft Road,3402,Weekend,False,Clear,False,0.0,False,False,0.381,Moderate,33.1,26.5,151.8,0.131,0.302,0.971,Moderate traffic flow - standard adaptive signal timing in effect
EVT414233,2025-07-08 13:37:27,Concert,J012,Koramangala Sony World,8184,Weekday,False,Clear,False,0.0,False,False,0.26,Low,37.1,19.0,114.7,0.09,0.208,0.985,Moderate traffic flow - standard adaptive signal timing in effect
EVT414234,2025-06-12 08:40:13,Sports Fixture,J030,MG Road,22112,Weekday,False,Heavy Rain,True,33.5,True,False,1.0,Severe,10.2,72.2,483.2,0.2,0.461,0.699,Accident detected nearby - reroute and reduced speed advised
EVT414235,2025-01-27 08:16:47,Fireworks Display,J023,Basavanagudi,27379,Weekday,True,Clear,False,0.0,False,False,1.0,Severe,9.7,78.4,259.4,0.1,0.231,0.902,Festival crowd surge detected - alternate route and extended cycle recommended
EVT414236,2026-04-22 18:44:27,Local Market Day,J031,Cubbon Road,5467,Weekday,False,Clear,False,0.0,False,False,1.0,Severe,7.3,72.0,889.8,0.283,0.655,0.926,Heavy congestion detected - signal timing extended and reroute suggested
EVT414237,2025-12-19 10:00:28,Trade Fair,J020,Malleshwaram Circle,11673,Weekday,False,Clear,False,0.0,False,False,0.894,Severe,11.3,57.2,402.5,0.171,0.395,0.94,Heavy congestion detected - signal timing extended and reroute suggested
EVT414238,2025-04-04 20:27:16,Local Market Day,J040,City Market,3693,Weekday,False,Heavy Rain,True,30.1,False,False,0.92,Severe,8.5,64.4,416.4,0.164,0.379,0.888,Heavy rain reducing visibility and grip - reduced speed and longer buffer advised
EVT414239,2025-11-04 13:28:26,Concert,J040,City Market,12291,Weekday,False,Clear,False,0.0,False,False,0.213,Low,36.0,14.9,189.1,0.169,0.39,0.972,Normal free-flow traffic - standard signal timing maintained
EVT414240,2026-03-31 16:57:47,Local Market Day,J009,Majestic,4411,Weekday,False,Clear,False,0.0,False,False,0.67,High,20.1,49.2,237.4,0.157,0.364,0.96,Moderate traffic flow - standard adaptive signal timing in effect
EVT414241,2025-03-08 18:46:47,Concert,J011,Indiranagar 100ft Road,10680,Weekend,False,Clear,False,0.0,False,False,0.928,Severe,11.7,66.4,363.9,0.158,0.364,0.941,Heavy congestion detected - signal timing extended and reroute suggested
EVT414242,2025-01-20 13:17:52,Trade Fair,J031,Cubbon Road,10203,Weekday,False,Clear,False,0.0,False,False,0.229,Low,27.6,17.8,205.8,0.135,0.312,0.961,Normal free-flow traffic - standard signal timing maintained
EVT414243,2026-02-09 04:18:42,Sports Fixture,J030,MG Road,21068,Weekday,False,Clear,False,0.0,False,False,0.296,Low,36.8,24.3,141.7,0.158,0.364,0.984,Moderate traffic flow - standard adaptive signal timing in effect
EVT414244,2025-02-05 20:06:12,Local Market Day,J012,Koramangala Sony World,4584,Weekday,False,Clear,False,0.0,False,False,0.755,Severe,18.9,49.6,147.3,0.098,0.226,0.97,Heavy congestion detected - signal timing extended and reroute suggested
EVT414245,2026-03-16 17:36:03,Trade Fair,J020,Malleshwaram Circle,11007,Weekday,False,Clear,False,0.0,False,False,0.847,Severe,15.2,59.4,221.5,0.132,0.305,0.945,Heavy congestion detected - signal timing extended and reroute suggested
EVT414246,2025-12-04 16:53:12,Concert,J030,MG Road,14114,Weekday,False,Light Rain,True,4.5,False,False,0.818,Severe,12.6,52.9,311.8,0.141,0.325,0.882,Heavy rain reducing visibility and grip - reduced speed and longer buffer advised
EVT414247,2025-05-28 05:42:58,Sports Fixture,J030,MG Road,30143,Weekday,False,Clear,False,0.0,False,False,0.331,Low,28.7,22.8,184.6,0.149,0.344,0.943,Moderate traffic flow - standard adaptive signal timing in effect
EVT414248,2025-10-28 19:16:07,Sports Fixture,J011,Indiranagar 100ft Road,24853,Weekday,False,Rain,True,9.1,False,False,1.0,Severe,5.4,74.4,1158.3,0.258,0.596,0.853,Heavy rain reducing visibility and grip - reduced speed and longer buffer advised
EVT414249,2025-12-05 15:28:26,Trade Fair,J011,Indiranagar 100ft Road,13447,Weekday,False,Clear,False,0.0,False,False,0.42,Moderate,26.9,29.9,161.1,0.12,0.276,0.963,Moderate traffic flow - standard adaptive signal timing in effect
EVT414250,2025-08-12 18:54:24,Concert,J009,Majestic,11936,Weekday,False,Clear,False,0.0,False,False,1.0,Severe,8.1,71.9,784.6,0.259,0.599,0.913,Heavy congestion detected - signal timing extended and reroute suggested
EVT414251,2026-05-09 10:35:06,Political Rally,J030,MG Road,30457,Weekend,False,Clear,False,0.0,False,False,0.708,High,23.0,48.2,295.2,0.225,0.519,0.933,Moderate traffic flow - standard adaptive signal timing in effect
EVT414252,2025-05-27 18:27:08,Local Market Day,J012,Koramangala Sony World,5320,Weekday,False,Clear,False,0.0,False,False,1.0,Severe,8.2,72.0,438.3,0.156,0.36,0.933,Heavy congestion detected - signal timing extended and reroute suggested
EVT414253,2026-05-21 16:09:48,Sports Fixture,J020,Malleshwaram Circle,23037,Weekday,False,Rain,True,17.4,False,False,0.769,Severe,16.9,56.9,287.0,0.163,0.376,0.916,Heavy rain reducing visibility and grip - reduced speed and longer buffer advised
EVT414254,2025-02-04 17:33:51,Local Market Day,J011,Indiranagar 100ft Road,4484,Weekday,False,Clear,False,0.0,False,False,0.773,Severe,14.8,54.4,333.9,0.18,0.415,0.954,Heavy congestion detected - signal timing extended and reroute suggested
EVT414255,2026-02-16 08:01:59,Sports Fixture,J012,Koramangala Sony World,22394,Weekday,False,Clear,False,0.0,False,False,0.899,Severe,9.5,65.0,406.4,0.162,0.375,0.945,Heavy congestion detected - signal timing extended and reroute suggested
EVT414256,2025-09-04 08:26:29,Sports Fixture,J020,Malleshwaram Circle,48715,Weekday,False,Heavy Rain,True,74.6,False,False,1.0,Severe,8.4,73.0,617.2,0.21,0.486,0.856,Heavy rain reducing visibility and grip - reduced speed and longer buffer advised
EVT414257,2025-11-03 16:10:57,Local Market Day,J030,MG Road,5687,Weekday,False,Clear,False,0.0,False,False,0.455,Moderate,31.1,33.0,165.8,0.151,0.349,0.937,Moderate traffic flow - standard adaptive signal timing in effect
EVT414258,2025-05-02 13:35:35,Religious Festival,J011,Indiranagar 100ft Road,56580,Weekday,True,Clear,False,0.0,False,False,0.704,High,18.7,46.6,345.2,0.219,0.505,0.945,Festival crowd surge detected - alternate route and extended cycle recommended
EVT414259,2026-02-12 06:55:44,Trade Fair,J031,Cubbon Road,5966,Weekday,False,Clear,False,0.0,False,False,0.37,Moderate,27.4,27.1,131.2,0.104,0.239,0.966,Moderate traffic flow - standard adaptive signal timing in effect
EVT414260,2025-05-08 07:44:17,Local Market Day,J023,Basavanagudi,3125,Weekday,False,Light Rain,True,6.3,False,False,0.74,High,15.4,55.5,327.7,0.17,0.394,0.909,Heavy rain reducing visibility and grip - reduced speed and longer buffer advised
EVT414261,2025-11-13 13:19:07,Trade Fair,J011,Indiranagar 100ft Road,6402,Weekday,False,Light Rain,True,2.7,False,False,0.242,Low,39.4,16.4,176.0,0.171,0.395,0.901,Light rain detected - minor speed reduction advised
EVT414262,2025-10-27 16:56:12,Sports Fixture,J011,Indiranagar 100ft Road,38956,Weekday,False,Clear,False,0.0,False,False,0.853,Severe,13.0,60.4,459.5,0.223,0.516,0.936,Heavy congestion detected - signal timing extended and reroute suggested
EVT414263,2026-06-26 08:25:27,Concert,J020,Malleshwaram Circle,18899,Weekday,False,Clear,False,0.0,False,False,1.0,Severe,8.5,68.7,462.4,0.164,0.379,0.927,Heavy congestion detected - signal timing extended and reroute suggested
EVT414264,2026-05-07 22:20:31,Trade Fair,J020,Malleshwaram Circle,11742,Weekday,False,Clear,False,0.0,False,False,0.218,Low,40.9,17.5,116.3,0.11,0.255,0.959,Normal free-flow traffic - standard signal timing maintained
EVT414265,2026-03-15 16:05:17,Sports Fixture,J020,Malleshwaram Circle,16673,Weekend,False,Light Rain,True,3.7,False,False,0.557,High,23.5,39.7,237.6,0.14,0.323,0.906,Heavy rain reducing visibility and grip - reduced speed and longer buffer advised
EVT414266,2026-06-17 10:15:09,Sports Fixture,J020,Malleshwaram Circle,30772,Weekday,False,Clear,False,0.0,False,False,0.941,Severe,10.6,67.9,275.9,0.119,0.274,0.928,Heavy congestion detected - signal timing extended and reroute suggested
EVT414267,2026-05-23 15:23:08,Concert,J020,Malleshwaram Circle,28723,Weekend,False,Fog,False,0.0,False,False,0.534,Moderate,29.2,38.3,104.4,0.08,0.184,0.956,Moderate traffic flow - standard adaptive signal timing in effect
EVT414268,2026-03-27 09:23:42,Religious Festival,J030,MG Road,29634,Weekday,True,Clear,False,0.0,False,False,1.0,Severe,8.3,72.5,308.8,0.111,0.258,0.853,Festival crowd surge detected - alternate route and extended cycle recommended
EVT414269,2026-06-17 08:50:14,Local Market Day,J023,Basavanagudi,7399,Weekday,False,Clear,False,0.0,False,False,1.0,Severe,9.3,75.0,372.8,0.135,0.312,0.922,Heavy congestion detected - signal timing extended and reroute suggested
EVT414270,2025-04-03 07:10:56,Trade Fair,J040,City Market,14834,Weekday,False,Clear,False,0.0,False,False,0.543,Moderate,23.9,40.8,103.2,0.066,0.152,0.984,Moderate traffic flow - standard adaptive signal timing in effect
EVT414271,2025-02-25 21:07:08,Sports Fixture,J030,MG Road,14832,Weekday,False,Clear,False,0.0,False,False,0.499,Moderate,17.5,38.4,185.7,0.114,0.264,0.966,Moderate traffic flow - standard adaptive signal timing in effect
EVT414272,2026-06-10 10:29:45,Trade Fair,J011,Indiranagar 100ft Road,10688,Weekday,False,Heavy Rain,True,34.5,True,False,1.0,Severe,8.1,68.8,424.3,0.16,0.37,0.714,Accident detected nearby - reroute and reduced speed advised
EVT414273,2025-05-15 18:33:46,Concert,J020,Malleshwaram Circle,9749,Weekday,False,Clear,False,0.0,False,False,1.0,Severe,9.0,71.3,621.5,0.22,0.508,0.935,Heavy congestion detected - signal timing extended and reroute suggested
EVT414274,2026-02-25 10:36:50,Sports Fixture,J011,Indiranagar 100ft Road,27246,Weekday,False,Clear,False,0.0,False,False,0.77,Severe,16.6,55.4,121.9,0.055,0.127,0.951,Heavy congestion detected - signal timing extended and reroute suggested
EVT414275,2025-01-14 09:59:09,Religious Festival,J031,Cubbon Road,61334,Weekday,True,Clear,False,0.0,False,True,1.0,Severe,9.0,99.1,538.4,0.21,0.486,0.814,Road closure for event/procession - full detour recommended for through-traffic
EVT414276,2025-09-01 09:00:16,Trade Fair,J023,Basavanagudi,5931,Weekday,False,Clear,False,0.0,False,False,0.964,Severe,10.5,73.0,221.9,0.122,0.281,0.924,Heavy congestion detected - signal timing extended and reroute suggested
EVT414277,2025-01-08 19:58:44,Trade Fair,J023,Basavanagudi,6336,Weekday,False,Clear,False,0.0,False,False,0.717,High,17.1,55.7,273.8,0.17,0.393,0.969,Moderate traffic flow - standard adaptive signal timing in effect
EVT414278,2026-06-08 09:01:46,Local Market Day,J020,Malleshwaram Circle,4614,Weekday,False,Clear,False,0.0,False,False,1.0,Severe,9.5,70.1,522.8,0.186,0.43,0.926,Heavy congestion detected - signal timing extended and reroute suggested
EVT414279,2025-01-03 03:08:16,Sports Fixture,J023,Basavanagudi,12977,Weekday,False,Clear,False,0.0,False,False,0.213,Low,29.5,11.3,163.2,0.134,0.309,0.964,Normal free-flow traffic - standard signal timing maintained
EVT414280,2025-06-03 15:17:32,Local Market Day,J023,Basavanagudi,3019,Weekday,False,Heavy Rain,True,38.9,False,False,0.648,High,19.0,49.7,413.0,0.26,0.599,0.926,Heavy rain reducing visibility and grip - reduced speed and longer buffer advised
EVT414281,2025-04-12 19:16:11,Local Market Day,J040,City Market,3012,Weekend,False,Clear,False,0.0,False,False,0.799,Severe,13.9,59.0,335.9,0.167,0.386,0.966,Heavy congestion detected - signal timing extended and reroute suggested
EVT414282,2025-11-21 18:33:20,Local Market Day,J012,Koramangala Sony World,2240,Weekday,False,Clear,False,0.0,False,False,1.0,Severe,10.3,69.6,497.1,0.234,0.54,0.895,Heavy congestion detected - signal timing extended and reroute suggested
EVT414283,2025-01-02 17:40:16,Political Rally,J031,Cubbon Road,22367,Weekday,False,Clear,False,0.0,False,False,1.0,Severe,8.1,70.2,576.7,0.186,0.43,0.91,Heavy congestion detected - signal timing extended and reroute suggested
EVT414284,2025-03-25 19:45:43,Trade Fair,J011,Indiranagar 100ft Road,7599,Weekday,False,Clear,False,0.0,False,False,0.87,Severe,12.1,64.2,178.8,0.072,0.166,0.92,Heavy congestion detected - signal timing extended and reroute suggested
EVT414285,2025-10-02 22:48:22,Religious Festival,J020,Malleshwaram Circle,39181,Weekday,True,Clear,False,0.0,False,True,0.787,High,15.1,75.2,252.0,0.139,0.321,0.861,Road closure for event/procession - full detour recommended for through-traffic
EVT414286,2026-05-08 09:08:38,Trade Fair,J031,Cubbon Road,11834,Weekday,False,Clear,False,0.0,False,False,1.0,Severe,9.0,68.7,504.7,0.215,0.496,0.92,Heavy congestion detected - signal timing extended and reroute suggested
EVT414287,2025-05-22 01:00:29,Concert,J009,Majestic,8528,Weekday,False,Clear,False,0.0,False,False,0.221,Low,33.7,9.9,144.0,0.137,0.316,0.969,Normal free-flow traffic - standard signal timing maintained
EVT414288,2025-08-04 15:52:32,Sports Fixture,J040,City Market,42845,Weekday,False,Fog,False,0.0,False,False,0.654,High,20.4,42.7,287.9,0.187,0.433,0.986,Moderate traffic flow - standard adaptive signal timing in effect
EVT414289,2026-02-20 12:48:56,Sports Fixture,J011,Indiranagar 100ft Road,21542,Weekday,False,Clear,False,0.0,False,False,0.302,Low,25.6,21.6,137.5,0.109,0.252,0.931,Moderate traffic flow - standard adaptive signal timing in effect
EVT414290,2025-10-23 12:33:47,Local Market Day,J040,City Market,3541,Weekday,False,Clear,False,0.0,False,False,0.153,Low,28.5,13.9,157.3,0.118,0.273,0.99,Normal free-flow traffic - standard signal timing maintained
EVT414291,2025-11-24 10:37:42,Sports Fixture,J040,City Market,33407,Weekday,False,Light Rain,True,2.6,False,False,0.762,Severe,12.9,60.2,430.9,0.198,0.457,0.93,Heavy rain reducing visibility and grip - reduced speed and longer buffer advised
EVT414292,2025-07-04 19:36:42,Political Rally,J011,Indiranagar 100ft Road,13827,Weekday,False,Clear,False,0.0,False,False,0.815,Severe,10.5,60.4,424.9,0.17,0.392,0.952,Heavy congestion detected - signal timing extended and reroute suggested
EVT414293,2026-04-10 06:34:27,Local Market Day,J009,Majestic,2742,Weekday,False,Clear,False,0.0,False,False,0.349,Low,32.0,24.4,156.9,0.146,0.337,0.952,Moderate traffic flow - standard adaptive signal timing in effect
EVT414294,2026-01-19 09:01:18,Political Rally,J009,Majestic,18936,Weekday,False,Light Rain,True,5.0,False,False,1.0,Severe,7.8,70.1,481.6,0.165,0.381,0.879,Heavy rain reducing visibility and grip - reduced speed and longer buffer advised
EVT414295,2025-11-20 20:12:45,Sports Fixture,J040,City Market,36199,Weekday,False,Clear,False,0.0,False,False,0.827,Severe,13.9,58.5,309.5,0.175,0.404,0.931,Heavy congestion detected - signal timing extended and reroute suggested
EVT414296,2025-09-27 14:15:06,Sports Fixture,J030,MG Road,17892,Weekend,False,Rain,True,14.2,False,False,0.602,High,25.4,44.6,229.9,0.171,0.395,0.91,Heavy rain reducing visibility and grip - reduced speed and longer buffer advised
EVT414297,2025-05-23 17:19:32,Local Market Day,J020,Malleshwaram Circle,4122,Weekday,False,Clear,False,0.0,False,False,0.893,Severe,11.4,60.5,450.8,0.175,0.405,0.943,Heavy congestion detected - signal timing extended and reroute suggested
EVT414298,2026-03-21 13:32:59,Local Market Day,J020,Malleshwaram Circle,3353,Weekend,False,Clear,False,0.0,False,False,0.22,Low,34.3,17.6,195.4,0.168,0.387,0.975,Normal free-flow traffic - standard signal timing maintained
EVT414299,2025-09-04 19:14:47,Local Market Day,J030,MG Road,6799,Weekday,False,Rain,True,18.5,False,False,1.0,Severe,8.3,71.3,289.8,0.105,0.242,0.87,Heavy rain reducing visibility and grip - reduced speed and longer buffer advised
EVT414300,2026-03-01 19:21:01,Political Rally,J030,MG Road,29018,Weekend,False,Clear,False,0.0,False,False,0.964,Severe,10.6,71.2,257.4,0.131,0.302,0.922,Heavy congestion detected - signal timing extended and reroute suggested
EVT414301,2025-06-29 13:15:24,Concert,J012,Koramangala Sony World,8340,Weekend,False,Clear,False,0.0,False,False,0.284,Low,34.2,17.4,78.8,0.064,0.147,0.989,Moderate traffic flow - standard adaptive signal timing in effect
EVT414302,2026-06-15 09:37:26,Local Market Day,J020,Malleshwaram Circle,4689,Weekday,False,Clear,False,0.0,False,False,0.894,Severe,11.0,61.9,574.4,0.261,0.603,0.94,Heavy congestion detected - signal timing extended and reroute suggested
EVT414303,2025-05-15 07:08:32,Sports Fixture,J020,Malleshwaram Circle,19210,Weekday,False,Clear,False,0.0,False,False,0.61,High,16.9,45.1,214.8,0.11,0.254,0.979,Moderate traffic flow - standard adaptive signal timing in effect
EVT414304,2026-06-24 13:05:40,Sports Fixture,J020,Malleshwaram Circle,17282,Weekday,False,Clear,False,0.0,False,False,0.236,Low,31.5,17.1,170.0,0.126,0.291,0.966,Normal free-flow traffic - standard signal timing maintained
EVT414305,2025-09-21 08:06:42,Sports Fixture,J020,Malleshwaram Circle,33351,Weekend,False,Clear,False,0.0,False,False,0.915,Severe,10.9,61.9,597.6,0.279,0.644,0.942,Heavy congestion detected - signal timing extended and reroute suggested
EVT414306,2026-06-14 15:23:59,Local Market Day,J031,Cubbon Road,4593,Weekend,False,Clear,False,0.0,False,False,0.303,Low,36.2,20.6,153.3,0.156,0.361,0.975,Moderate traffic flow - standard adaptive signal timing in effect
EVT414307,2026-01-20 13:21:06,Sports Fixture,J031,Cubbon Road,24739,Weekday,False,Clear,False,0.0,False,False,0.364,Moderate,35.6,28.1,182.2,0.166,0.384,0.984,Moderate traffic flow - standard adaptive signal timing in effect
EVT414308,2026-04-01 23:47:51,Sports Fixture,J023,Basavanagudi,29429,Weekday,False,Clear,False,0.0,False,False,0.372,Moderate,33.2,29.7,127.6,0.104,0.239,0.943,Moderate traffic flow - standard adaptive signal timing in effect
EVT414309,2025-12-25 14:17:43,Religious Festival,J040,City Market,32654,Weekday,True,Clear,False,0.0,False,True,0.74,High,12.3,75.0,282.8,0.137,0.317,0.871,Road closure for event/procession - full detour recommended for through-traffic
EVT414310,2025-11-29 18:10:45,Trade Fair,J023,Basavanagudi,9371,Weekend,False,Fog,False,0.0,False,False,0.833,Severe,15.4,59.4,372.5,0.221,0.511,0.958,Heavy congestion detected - signal timing extended and reroute suggested
EVT414311,2025-08-30 18:39:20,Political Rally,J030,MG Road,15713,Weekend,False,Clear,False,0.0,False,False,0.878,Severe,10.7,64.7,397.3,0.152,0.35,0.965,Heavy congestion detected - signal timing extended and reroute suggested
EVT414312,2025-06-11 22:18:36,Sports Fixture,J030,MG Road,20698,Weekday,False,Clear,False,0.0,False,False,0.286,Low,34.4,19.5,187.8,0.162,0.373,0.98,Moderate traffic flow - standard adaptive signal timing in effect
EVT414313,2025-10-15 16:54:04,Trade Fair,J030,MG Road,10446,Weekday,False,Clear,False,0.0,False,False,0.727,High,16.0,49.0,287.5,0.169,0.391,0.971,Moderate traffic flow - standard adaptive signal timing in effect
EVT414314,2025-12-14 16:57:39,Local Market Day,J031,Cubbon Road,7325,Weekend,False,Clear,False,0.0,False,False,0.664,High,18.4,48.0,304.4,0.189,0.437,0.98,Moderate traffic flow - standard adaptive signal timing in effect
EVT414315,2026-02-07 09:25:55,Local Market Day,J030,MG Road,2063,Weekend,False,Clear,False,0.0,False,False,0.846,Severe,11.8,63.2,461.2,0.198,0.458,0.932,Heavy congestion detected - signal timing extended and reroute suggested
EVT414316,2026-01-22 08:48:09,Concert,J011,Indiranagar 100ft Road,15321,Weekday,False,Clear,False,0.0,False,False,1.0,Severe,6.9,72.7,499.6,0.163,0.376,0.93,Heavy congestion detected - signal timing extended and reroute suggested
EVT414317,2025-09-02 15:14:02,Sports Fixture,J020,Malleshwaram Circle,36065,Weekday,False,Fog,False,0.0,False,False,0.427,Moderate,27.5,30.1,206.3,0.163,0.377,0.975,Moderate traffic flow - standard adaptive signal timing in effect
EVT414318,2025-02-10 16:21:06,Concert,J012,Koramangala Sony World,16408,Weekday,False,Clear,False,0.0,False,False,0.575,High,28.7,46.3,157.0,0.14,0.323,0.97,Moderate traffic flow - standard adaptive signal timing in effect
EVT414319,2025-12-02 11:55:32,Local Market Day,J009,Majestic,4196,Weekday,False,Clear,False,0.0,False,False,0.244,Low,31.3,7.4,104.8,0.087,0.202,0.964,Normal free-flow traffic - standard signal timing maintained
EVT414320,2026-05-20 08:11:56,Local Market Day,J031,Cubbon Road,5144,Weekday,False,Clear,False,0.0,False,False,0.867,Severe,11.7,65.1,375.0,0.156,0.36,0.946,Heavy congestion detected - signal timing extended and reroute suggested
EVT414321,2025-08-25 13:44:51,Sports Fixture,J031,Cubbon Road,40262,Weekday,False,Heavy Rain,True,45.4,False,False,0.762,Severe,15.1,55.9,153.0,0.073,0.168,0.93,Heavy rain reducing visibility and grip - reduced speed and longer buffer advised
EVT414322,2026-04-09 18:48:35,Trade Fair,J040,City Market,7556,Weekday,False,Clear,False,0.0,False,False,1.0,Severe,10.9,74.4,261.5,0.115,0.265,0.942,Heavy congestion detected - signal timing extended and reroute suggested
EVT414323,2025-04-29 12:55:16,Trade Fair,J012,Koramangala Sony World,8598,Weekday,False,Clear,False,0.0,False,False,0.162,Low,35.6,13.2,137.9,0.12,0.277,0.966,Normal free-flow traffic - standard signal timing maintained
EVT414324,2025-02-15 07:40:35,Sports Fixture,J011,Indiranagar 100ft Road,18435,Weekend,False,Clear,False,0.0,False,False,0.716,High,18.9,52.1,189.2,0.146,0.338,0.961,Moderate traffic flow - standard adaptive signal timing in effect
EVT414325,2025-07-15 07:11:11,Sports Fixture,J020,Malleshwaram Circle,22945,Weekday,False,Rain,True,8.3,False,False,0.763,Severe,16.4,55.9,368.8,0.183,0.423,0.902,Heavy rain reducing visibility and grip - reduced speed and longer buffer advised
EVT414326,2026-05-01 21:24:25,Fireworks Display,J020,Malleshwaram Circle,23568,Weekday,True,Light Rain,True,6.0,False,False,0.729,High,16.9,50.3,256.9,0.154,0.356,0.877,Festival crowd surge detected - alternate route and extended cycle recommended
EVT414327,2025-10-13 07:51:36,Sports Fixture,J012,Koramangala Sony World,28925,Weekday,False,Clear,False,0.0,False,False,0.891,Severe,12.0,57.1,455.3,0.201,0.465,0.902,Heavy congestion detected - signal timing extended and reroute suggested
EVT414328,2025-08-31 14:23:09,Concert,J009,Majestic,15496,Weekend,False,Heavy Rain,True,35.1,False,False,0.713,High,22.4,55.0,161.1,0.132,0.304,0.916,Heavy rain reducing visibility and grip - reduced speed and longer buffer advised
EVT414329,2025-09-28 07:16:44,Trade Fair,J023,Basavanagudi,5866,Weekend,False,Clear,False,0.0,False,False,0.518,Moderate,19.4,34.8,210.3,0.132,0.305,0.974,Moderate traffic flow - standard adaptive signal timing in effect
EVT414330,2026-06-23 16:21:59,Trade Fair,J040,City Market,9871,Weekday,False,Heavy Rain,True,36.7,False,False,0.897,Severe,9.9,59.2,326.9,0.127,0.293,0.865,Heavy rain reducing visibility and grip - reduced speed and longer buffer advised
EVT414331,2025-05-14 23:36:22,Concert,J012,Koramangala Sony World,8405,Weekday,False,Clear,False,0.0,False,False,0.168,Low,25.6,13.8,152.3,0.092,0.213,0.951,Normal free-flow traffic - standard signal timing maintained
EVT414332,2025-10-17 10:33:27,Local Market Day,J012,Koramangala Sony World,5427,Weekday,False,Clear,False,0.0,False,False,0.596,High,22.4,48.8,291.0,0.199,0.46,0.956,Moderate traffic flow - standard adaptive signal timing in effect
EVT414333,2025-05-08 10:50:22,Sports Fixture,J011,Indiranagar 100ft Road,17495,Weekday,False,Clear,False,0.0,False,False,0.618,High,19.8,49.1,284.1,0.162,0.375,0.965,Moderate traffic flow - standard adaptive signal timing in effect
EVT414334,2025-02-12 07:54:33,Concert,J009,Majestic,17239,Weekday,False,Clear,False,0.0,False,False,0.893,Severe,14.7,60.1,263.6,0.134,0.31,0.917,Heavy congestion detected - signal timing extended and reroute suggested
EVT414335,2025-10-18 04:53:47,Trade Fair,J040,City Market,6832,Weekend,False,Clear,False,0.0,False,False,0.304,Low,31.7,24.4,168.3,0.13,0.301,0.976,Moderate traffic flow - standard adaptive signal timing in effect
EVT414336,2025-01-17 14:38:50,Local Market Day,J040,City Market,6677,Weekday,False,Clear,False,0.0,False,False,0.25,Low,32.1,20.4,195.9,0.166,0.382,0.961,Moderate traffic flow - standard adaptive signal timing in effect
EVT414337,2026-06-20 13:25:07,Trade Fair,J031,Cubbon Road,7504,Weekend,False,Fog,False,0.0,False,False,0.3,Low,29.6,21.1,165.5,0.151,0.349,0.982,Moderate traffic flow - standard adaptive signal timing in effect
EVT414338,2026-03-18 15:19:58,Concert,J020,Malleshwaram Circle,8476,Weekday,False,Clear,False,0.0,False,False,0.31,Low,28.0,19.8,166.2,0.131,0.302,0.983,Moderate traffic flow - standard adaptive signal timing in effect
EVT414339,2025-06-10 19:19:53,Concert,J030,MG Road,20146,Weekday,False,Heavy Rain,True,33.1,False,False,1.0,Severe,11.1,67.8,608.2,0.234,0.541,0.86,Heavy rain reducing visibility and grip - reduced speed and longer buffer advised
EVT414340,2025-11-05 19:47:03,Concert,J040,City Market,12306,Weekday,False,Clear,False,0.0,False,False,0.797,Severe,17.1,61.1,221.4,0.127,0.292,0.914,Heavy congestion detected - signal timing extended and reroute suggested
EVT414341,2025-03-07 20:10:49,Sports Fixture,J030,MG Road,29850,Weekday,False,Clear,False,0.0,False,False,0.766,Severe,19.9,59.5,285.9,0.192,0.445,0.975,Heavy congestion detected - signal timing extended and reroute suggested
EVT414342,2026-02-19 15:29:31,Local Market Day,J020,Malleshwaram Circle,3255,Weekday,False,Clear,False,0.0,False,False,0.3,Low,36.1,22.0,149.6,0.129,0.299,0.971,Moderate traffic flow - standard adaptive signal timing in effect
EVT414343,2026-01-08 17:57:19,Sports Fixture,J023,Basavanagudi,12399,Weekday,False,Clear,False,0.0,False,False,1.0,Severe,8.6,67.8,740.5,0.252,0.582,0.93,Heavy congestion detected - signal timing extended and reroute suggested
EVT414344,2025-06-21 15:21:07,Concert,J012,Koramangala Sony World,8295,Weekend,False,Heavy Rain,True,28.0,False,False,0.579,High,20.1,43.0,300.9,0.176,0.406,0.9,Heavy rain reducing visibility and grip - reduced speed and longer buffer advised
EVT414345,2025-03-09 08:26:55,Local Market Day,J023,Basavanagudi,2987,Weekend,False,Light Rain,True,3.3,False,False,0.879,Severe,12.6,62.3,216.5,0.127,0.293,0.899,Heavy rain reducing visibility and grip - reduced speed and longer buffer advised
EVT414346,2026-03-28 18:17:22,Local Market Day,J009,Majestic,6010,Weekend,False,Clear,False,0.0,False,False,0.83,Severe,13.9,61.9,140.1,0.094,0.216,0.953,Heavy congestion detected - signal timing extended and reroute suggested
EVT414347,2025-01-24 10:05:23,Local Market Day,J023,Basavanagudi,4211,Weekday,False,Clear,False,0.0,False,False,0.804,Severe,15.3,60.6,277.1,0.135,0.312,0.946,Heavy congestion detected - signal timing extended and reroute suggested
EVT414348,2025-01-25 17:45:33,Local Market Day,J030,MG Road,4287,Weekend,False,Clear,False,0.0,False,False,0.857,Severe,13.0,61.6,351.9,0.173,0.4,0.948,Heavy congestion detected - signal timing extended and reroute suggested
EVT414349,2025-09-20 06:12:26,Sports Fixture,J012,Koramangala Sony World,25110,Weekend,False,Heavy Rain,True,27.3,False,False,0.676,High,18.4,51.8,255.5,0.143,0.33,0.885,Heavy rain reducing visibility and grip - reduced speed and longer buffer advised
EVT414350,2025-12-22 10:49:39,Political Rally,J012,Koramangala Sony World,14079,Weekday,False,Light Rain,True,2.4,False,False,0.607,High,18.9,45.0,126.6,0.084,0.195,0.905,Heavy rain reducing visibility and grip - reduced speed and longer buffer advised
EVT414351,2025-11-09 17:51:31,Concert,J031,Cubbon Road,25640,Weekend,False,Clear,False,0.0,False,False,0.985,Severe,8.3,72.5,564.4,0.18,0.415,0.921,Heavy congestion detected - signal timing extended and reroute suggested
EVT414352,2025-08-17 06:29:21,Local Market Day,J040,City Market,4122,Weekend,False,Clear,False,0.0,False,False,0.212,Low,34.0,8.5,103.1,0.102,0.235,0.975,Normal free-flow traffic - standard signal timing maintained
EVT414353,2025-03-23 04:06:34,Local Market Day,J020,Malleshwaram Circle,4366,Weekend,False,Clear,False,0.0,False,False,0.296,Low,37.5,22.2,111.3,0.101,0.233,0.954,Moderate traffic flow - standard adaptive signal timing in effect
EVT414354,2025-10-28 18:20:57,Concert,J031,Cubbon Road,9315,Weekday,False,Rain,True,20.7,False,False,1.0,Severe,8.1,78.0,680.1,0.234,0.541,0.871,Heavy rain reducing visibility and grip - reduced speed and longer buffer advised
EVT414355,2025-03-25 13:41:53,Trade Fair,J020,Malleshwaram Circle,8890,Weekday,False,Clear,False,0.0,False,False,0.164,Low,31.2,15.7,152.4,0.128,0.295,0.939,Normal free-flow traffic - standard signal timing maintained
EVT414356,2025-10-24 08:57:28,Local Market Day,J020,Malleshwaram Circle,3887,Weekday,False,Clear,False,0.0,False,False,1.0,Severe,6.7,74.1,502.3,0.146,0.337,0.937,Heavy congestion detected - signal timing extended and reroute suggested
EVT414357,2026-02-26 19:16:25,Trade Fair,J031,Cubbon Road,7428,Weekday,False,Clear,False,0.0,False,False,0.973,Severe,9.6,66.8,350.1,0.134,0.309,0.923,Heavy congestion detected - signal timing extended and reroute suggested
EVT414358,2025-12-03 17:14:52,Local Market Day,J023,Basavanagudi,2045,Weekday,False,Clear,False,0.0,False,False,0.782,Severe,13.0,56.2,404.2,0.195,0.451,0.952,Heavy congestion detected - signal timing extended and reroute suggested
EVT414359,2025-03-26 08:56:02,Sports Fixture,J040,City Market,31192,Weekday,False,Clear,False,0.0,False,False,1.0,Severe,9.7,68.6,551.1,0.215,0.497,0.928,Heavy congestion detected - signal timing extended and reroute suggested
EVT414360,2026-01-26 15:09:37,Religious Festival,J011,Indiranagar 100ft Road,29239,Weekday,True,Clear,False,0.0,False,False,0.582,High,27.0,34.0,115.3,0.084,0.195,0.921,Festival crowd surge detected - alternate route and extended cycle recommended
EVT414361,2026-01-02 13:07:52,Cultural Procession,J012,Koramangala Sony World,34987,Weekday,True,Clear,False,0.0,False,True,0.82,High,16.4,73.1,247.7,0.136,0.313,0.833,Road closure for event/procession - full detour recommended for through-traffic
EVT414362,2026-01-12 18:03:23,Trade Fair,J009,Majestic,9515,Weekday,False,Clear,False,0.0,False,False,1.0,Severe,8.9,71.4,699.5,0.247,0.57,0.899,Heavy congestion detected - signal timing extended and reroute suggested
EVT414363,2026-01-19 19:08:26,Sports Fixture,J020,Malleshwaram Circle,22731,Weekday,False,Clear,False,0.0,False,False,1.0,Severe,7.7,72.8,809.7,0.242,0.558,0.894,Heavy congestion detected - signal timing extended and reroute suggested
EVT414364,2026-06-01 18:49:17,Trade Fair,J040,City Market,6675,Weekday,False,Light Rain,True,5.8,True,False,1.0,Severe,8.2,74.0,659.1,0.212,0.489,0.693,Accident detected nearby - reroute and reduced speed advised
EVT414365,2026-02-20 18:16:58,Trade Fair,J011,Indiranagar 100ft Road,10915,Weekday,False,Fog,False,0.0,False,False,1.0,Severe,8.7,67.3,498.0,0.18,0.415,0.924,Heavy congestion detected - signal timing extended and reroute suggested
EVT414366,2026-02-24 16:11:49,Concert,J030,MG Road,12946,Weekday,False,Clear,False,0.0,False,False,0.5,Moderate,26.3,35.1,153.9,0.111,0.257,0.946,Moderate traffic flow - standard adaptive signal timing in effect
EVT414367,2025-04-25 13:38:36,Sports Fixture,J012,Koramangala Sony World,18536,Weekday,False,Clear,False,0.0,False,False,0.31,Low,22.3,27.7,366.2,0.222,0.512,0.967,Moderate traffic flow - standard adaptive signal timing in effect
EVT414368,2025-08-04 08:41:04,Concert,J031,Cubbon Road,14003,Weekday,False,Clear,False,0.0,False,False,1.0,Severe,9.1,74.9,543.8,0.188,0.434,0.921,Heavy congestion detected - signal timing extended and reroute suggested
EVT414369,2025-09-27 18:37:15,Local Market Day,J011,Indiranagar 100ft Road,3600,Weekend,False,Rain,True,8.4,False,False,1.0,Severe,9.2,78.3,704.0,0.261,0.603,0.851,Heavy rain reducing visibility and grip - reduced speed and longer buffer advised
EVT414370,2025-10-25 18:11:20,Local Market Day,J031,Cubbon Road,3657,Weekend,False,Clear,False,0.0,False,False,0.878,Severe,11.7,56.3,526.8,0.222,0.512,0.95,Heavy congestion detected - signal timing extended and reroute suggested
EVT414371,2026-06-03 17:52:04,Local Market Day,J031,Cubbon Road,2686,Weekday,False,Clear,False,0.0,False,False,0.968,Severe,9.1,70.5,676.6,0.249,0.575,0.918,Heavy congestion detected - signal timing extended and reroute suggested
EVT414372,2025-07-19 21:50:32,Local Market Day,J023,Basavanagudi,5726,Weekend,False,Rain,True,19.6,False,False,0.579,High,17.7,39.7,104.5,0.071,0.163,0.935,Heavy rain reducing visibility and grip - reduced speed and longer buffer advised
EVT414373,2025-07-20 08:25:14,Local Market Day,J040,City Market,4361,Weekend,False,Clear,False,0.0,False,False,0.86,Severe,13.9,65.5,236.7,0.118,0.272,0.954,Heavy congestion detected - signal timing extended and reroute suggested
EVT414374,2026-05-18 10:39:02,Local Market Day,J020,Malleshwaram Circle,8051,Weekday,False,Clear,False,0.0,False,False,0.535,Moderate,20.3,36.2,93.6,0.056,0.129,0.964,Moderate traffic flow - standard adaptive signal timing in effect
EVT414375,2025-11-04 19:32:34,Local Market Day,J020,Malleshwaram Circle,6234,Weekday,False,Clear,False,0.0,False,False,0.889,Severe,11.6,55.3,324.9,0.139,0.321,0.947,Heavy congestion detected - signal timing extended and reroute suggested
EVT414376,2025-08-14 12:51:56,Concert,J030,MG Road,10280,Weekday,False,Rain,True,16.6,False,False,0.438,Moderate,24.9,39.2,272.7,0.196,0.453,0.932,Light rain detected - minor speed reduction advised
EVT414377,2025-09-08 15:50:14,Trade Fair,J040,City Market,16503,Weekday,False,Clear,False,0.0,False,False,0.398,Moderate,24.9,21.9,148.2,0.087,0.202,0.963,Moderate traffic flow - standard adaptive signal timing in effect
EVT414378,2025-04-09 16:48:14,Local Market Day,J023,Basavanagudi,4209,Weekday,False,Clear,False,0.0,False,False,0.661,High,19.9,43.6,231.6,0.157,0.362,0.978,Moderate traffic flow - standard adaptive signal timing in effect
EVT414379,2025-11-02 08:28:56,Religious Festival,J011,Indiranagar 100ft Road,35880,Weekend,True,Fog,False,0.0,False,False,1.0,Severe,7.7,73.6,236.3,0.1,0.23,0.873,Festival crowd surge detected - alternate route and extended cycle recommended
EVT414380,2025-02-21 09:06:21,Sports Fixture,J023,Basavanagudi,26839,Weekday,False,Clear,False,0.0,False,False,1.0,Severe,8.8,73.2,439.4,0.155,0.358,0.912,Heavy congestion detected - signal timing extended and reroute suggested
EVT414381,2026-01-30 16:33:51,Local Market Day,J009,Majestic,1871,Weekday,False,Clear,False,0.0,False,False,0.548,Moderate,20.2,39.2,120.4,0.085,0.196,0.99,Moderate traffic flow - standard adaptive signal timing in effect
EVT414382,2025-04-05 09:04:15,Local Market Day,J009,Majestic,4695,Weekend,False,Clear,False,0.0,False,False,0.868,Severe,11.8,66.4,402.5,0.176,0.407,0.951,Heavy congestion detected - signal timing extended and reroute suggested
EVT414383,2025-03-02 06:00:49,Concert,J020,Malleshwaram Circle,13095,Weekend,False,Clear,False,0.0,False,False,0.353,Moderate,29.4,21.7,196.2,0.158,0.365,0.958,Moderate traffic flow - standard adaptive signal timing in effect
EVT414384,2025-11-10 12:39:35,Trade Fair,J020,Malleshwaram Circle,10561,Weekday,False,Fog,False,0.0,False,False,0.262,Low,38.3,25.1,178.0,0.177,0.408,0.945,Moderate traffic flow - standard adaptive signal timing in effect
EVT414385,2025-02-01 08:47:07,Political Rally,J012,Koramangala Sony World,22294,Weekend,False,Fog,False,0.0,False,False,1.0,Severe,8.4,68.1,544.0,0.21,0.485,0.922,Heavy congestion detected - signal timing extended and reroute suggested
EVT414386,2025-01-22 12:33:51,Sports Fixture,J023,Basavanagudi,19102,Weekday,False,Fog,False,0.0,False,False,0.293,Low,24.7,21.2,67.4,0.02,0.046,0.975,Moderate traffic flow - standard adaptive signal timing in effect
EVT414387,2025-12-31 08:28:35,Trade Fair,J011,Indiranagar 100ft Road,4606,Weekday,False,Clear,False,0.0,False,False,0.878,Severe,10.5,62.6,509.9,0.209,0.482,0.925,Heavy congestion detected - signal timing extended and reroute suggested
EVT414388,2026-01-18 19:39:16,Concert,J012,Koramangala Sony World,17366,Weekend,False,Clear,False,0.0,False,False,0.866,Severe,14.8,69.4,450.5,0.221,0.511,0.936,Heavy congestion detected - signal timing extended and reroute suggested
EVT414389,2025-03-19 19:33:45,Concert,J023,Basavanagudi,18199,Weekday,False,Clear,False,0.0,False,False,0.892,Severe,12.1,58.6,362.1,0.164,0.378,0.927,Heavy congestion detected - signal timing extended and reroute suggested
EVT414390,2025-01-20 11:04:55,Sports Fixture,J023,Basavanagudi,13819,Weekday,False,Clear,False,0.0,False,False,0.393,Moderate,24.3,22.6,183.5,0.146,0.336,0.963,Moderate traffic flow - standard adaptive signal timing in effect
EVT414391,2026-02-16 15:01:30,Sports Fixture,J011,Indiranagar 100ft Road,14349,Weekday,False,Clear,False,0.0,False,False,0.292,Low,28.7,20.1,164.6,0.137,0.316,0.951,Moderate traffic flow - standard adaptive signal timing in effect
EVT414392,2025-05-16 21:43:59,Local Market Day,J009,Majestic,7131,Weekday,False,Clear,False,0.0,False,False,0.327,Low,34.7,18.4,217.8,0.204,0.472,0.942,Moderate traffic flow - standard adaptive signal timing in effect
EVT414393,2026-02-20 10:58:28,Local Market Day,J012,Koramangala Sony World,5593,Weekday,False,Clear,False,0.0,False,False,0.447,Moderate,19.4,36.4,204.4,0.118,0.272,0.99,Moderate traffic flow - standard adaptive signal timing in effect
EVT414394,2025-08-26 10:55:03,Trade Fair,J020,Malleshwaram Circle,7771,Weekday,False,Clear,False,0.0,False,False,0.506,Moderate,22.7,29.2,139.6,0.104,0.241,0.955,Moderate traffic flow - standard adaptive signal timing in effect
EVT414395,2026-01-20 07:30:45,Local Market Day,J012,Koramangala Sony World,1899,Weekday,False,Clear,False,0.0,False,False,0.599,High,25.2,42.5,202.2,0.138,0.319,0.954,Moderate traffic flow - standard adaptive signal timing in effect
EVT414396,2025-02-27 08:30:14,Trade Fair,J031,Cubbon Road,5798,Weekday,False,Clear,False,0.0,False,False,0.954,Severe,11.5,67.4,236.7,0.098,0.226,0.92,Heavy congestion detected - signal timing extended and reroute suggested
EVT414397,2025-05-10 09:29:57,Local Market Day,J023,Basavanagudi,7945,Weekend,False,Rain,True,17.3,False,False,1.0,Severe,8.2,76.8,661.5,0.235,0.542,0.849,Heavy rain reducing visibility and grip - reduced speed and longer buffer advised
EVT414398,2025-04-13 11:56:14,Sports Fixture,J009,Majestic,14653,Weekend,False,Clear,False,0.0,False,False,0.409,Moderate,24.9,29.8,160.0,0.117,0.269,0.955,Moderate traffic flow - standard adaptive signal timing in effect
EVT414399,2025-01-15 06:27:26,Religious Festival,J012,Koramangala Sony World,23322,Weekday,True,Clear,False,0.0,False,False,0.667,High,14.2,46.1,220.3,0.115,0.266,0.916,Festival crowd surge detected - alternate route and extended cycle recommended
EVT414400,2026-02-22 05:07:11,Sports Fixture,J011,Indiranagar 100ft Road,26721,Weekend,False,Clear,False,0.0,False,False,0.393,Moderate,26.1,25.9,175.2,0.135,0.312,0.944,Moderate traffic flow - standard adaptive signal timing in effect
EVT414401,2025-12-14 17:39:55,Sports Fixture,J040,City Market,23256,Weekend,False,Clear,False,0.0,False,False,0.945,Severe,14.6,65.8,370.0,0.21,0.485,0.929,Heavy congestion detected - signal timing extended and reroute suggested
EVT414402,2025-05-22 19:15:35,Trade Fair,J040,City Market,11773,Weekday,False,Heavy Rain,True,49.6,False,False,1.0,Severe,9.7,69.7,782.8,0.282,0.651,0.865,Heavy rain reducing visibility and grip - reduced speed and longer buffer advised
EVT414403,2026-05-31 14:18:47,Sports Fixture,J023,Basavanagudi,21084,Weekend,False,Fog,False,0.0,False,False,0.338,Low,28.3,22.2,203.7,0.156,0.361,0.975,Moderate traffic flow - standard adaptive signal timing in effect
EVT414404,2026-03-02 14:43:25,Trade Fair,J009,Majestic,9889,Weekday,False,Clear,False,0.0,False,False,0.227,Low,33.7,18.3,133.9,0.123,0.285,0.972,Normal free-flow traffic - standard signal timing maintained
EVT414405,2025-04-11 10:19:25,Trade Fair,J030,MG Road,9101,Weekday,False,Clear,False,0.0,False,False,0.709,High,18.6,55.7,275.5,0.153,0.353,0.964,Moderate traffic flow - standard adaptive signal timing in effect
EVT414406,2026-01-01 12:51:12,Cultural Procession,J011,Indiranagar 100ft Road,14390,Weekday,True,Clear,False,0.0,False,False,0.44,Moderate,25.6,30.4,86.4,0.054,0.125,0.938,Moderate traffic flow - standard adaptive signal timing in effect
EVT414407,2025-09-29 10:53:03,Political Rally,J020,Malleshwaram Circle,25999,Weekday,False,Clear,False,0.0,False,False,0.703,High,18.9,53.3,356.6,0.234,0.542,0.981,Moderate traffic flow - standard adaptive signal timing in effect
EVT414408,2025-09-03 09:30:41,Local Market Day,J009,Majestic,3195,Weekday,False,Heavy Rain,True,31.6,False,False,1.0,Severe,8.2,71.8,436.3,0.151,0.35,0.843,Heavy rain reducing visibility and grip - reduced speed and longer buffer advised
EVT414409,2026-05-21 11:29:17,Local Market Day,J009,Majestic,3106,Weekday,False,Clear,False,0.0,False,False,0.311,Low,30.3,24.4,182.5,0.148,0.343,0.977,Moderate traffic flow - standard adaptive signal timing in effect
EVT414410,2025-12-04 08:01:18,Sports Fixture,J012,Koramangala Sony World,23194,Weekday,False,Clear,False,0.0,False,False,0.941,Severe,9.5,65.3,604.1,0.236,0.545,0.942,Heavy congestion detected - signal timing extended and reroute suggested
EVT414411,2025-07-26 15:42:28,Concert,J040,City Market,10400,Weekend,False,Heavy Rain,True,30.6,False,False,0.735,High,13.7,61.9,466.5,0.229,0.53,0.908,Heavy rain reducing visibility and grip - reduced speed and longer buffer advised
EVT414412,2026-06-07 09:25:47,Concert,J009,Majestic,13241,Weekend,False,Clear,False,0.0,False,False,0.866,Severe,13.9,58.8,341.7,0.174,0.402,0.957,Heavy congestion detected - signal timing extended and reroute suggested
EVT414413,2026-03-20 22:38:30,Fireworks Display,J020,Malleshwaram Circle,28591,Weekday,True,Clear,False,0.0,False,False,0.591,High,17.1,45.1,358.7,0.179,0.412,0.881,Festival crowd surge detected - alternate route and extended cycle recommended
EVT414414,2025-08-08 18:36:15,Trade Fair,J030,MG Road,9230,Weekday,False,Clear,False,0.0,False,False,1.0,Severe,8.7,72.4,430.8,0.159,0.368,0.925,Heavy congestion detected - signal timing extended and reroute suggested
EVT414415,2025-06-01 00:38:25,Local Market Day,J012,Koramangala Sony World,3777,Weekend,False,Heavy Rain,True,40.7,False,False,0.575,High,23.5,44.1,233.2,0.177,0.409,0.922,Heavy rain reducing visibility and grip - reduced speed and longer buffer advised
EVT414416,2025-01-16 05:01:04,Sports Fixture,J020,Malleshwaram Circle,29928,Weekday,False,Clear,False,0.0,False,False,0.287,Low,30.5,23.0,279.3,0.247,0.571,0.97,Moderate traffic flow - standard adaptive signal timing in effect
EVT414417,2026-04-13 11:23:11,Concert,J011,Indiranagar 100ft Road,15664,Weekday,False,Fog,False,0.0,False,False,0.39,Moderate,21.8,27.0,202.1,0.129,0.298,0.973,Moderate traffic flow - standard adaptive signal timing in effect
EVT414418,2025-02-23 10:31:08,Local Market Day,J011,Indiranagar 100ft Road,3462,Weekend,False,Clear,False,0.0,False,False,0.554,High,19.9,43.8,224.2,0.138,0.32,0.972,Moderate traffic flow - standard adaptive signal timing in effect
EVT414419,2025-11-17 19:14:55,Sports Fixture,J023,Basavanagudi,17437,Weekday,False,Clear,False,0.0,False,False,1.0,Severe,9.0,72.6,225.9,0.101,0.233,0.9,Heavy congestion detected - signal timing extended and reroute suggested
EVT414420,2025-10-20 17:19:52,Religious Festival,J040,City Market,50370,Weekday,True,Rain,True,14.9,False,False,1.0,Severe,7.5,73.0,641.2,0.215,0.496,0.848,Festival crowd surge detected - alternate route and extended cycle recommended
EVT414421,2025-12-28 19:34:25,Local Market Day,J040,City Market,3515,Weekend,False,Clear,False,0.0,False,False,0.762,Severe,18.7,52.7,225.1,0.146,0.336,0.977,Heavy congestion detected - signal timing extended and reroute suggested
EVT414422,2025-03-02 20:09:46,Sports Fixture,J040,City Market,24081,Weekend,False,Clear,False,0.0,False,False,0.722,High,18.5,55.7,333.1,0.211,0.487,0.957,Moderate traffic flow - standard adaptive signal timing in effect
EVT414423,2025-02-07 14:14:40,Concert,J009,Majestic,7969,Weekday,False,Clear,False,0.0,False,False,0.167,Low,27.1,13.1,61.8,0.054,0.124,0.966,Normal free-flow traffic - standard signal timing maintained
EVT414424,2025-07-31 19:02:04,Local Market Day,J031,Cubbon Road,6008,Weekday,False,Clear,False,0.0,False,False,1.0,Severe,8.9,74.4,375.3,0.146,0.337,0.916,Heavy congestion detected - signal timing extended and reroute suggested
EVT414425,2026-04-09 08:51:38,Political Rally,J009,Majestic,19238,Weekday,False,Clear,False,0.0,False,False,0.997,Severe,7.8,74.2,358.1,0.123,0.284,0.912,Heavy congestion detected - signal timing extended and reroute suggested
EVT414426,2025-06-03 20:37:06,Concert,J023,Basavanagudi,9713,Weekday,False,Clear,False,0.0,False,False,0.597,High,23.5,41.5,244.5,0.171,0.395,0.976,Moderate traffic flow - standard adaptive signal timing in effect
EVT414427,2026-03-28 09:02:16,Political Rally,J030,MG Road,11928,Weekend,False,Clear,False,0.0,False,False,1.0,Severe,8.2,65.4,503.8,0.152,0.351,0.908,Heavy congestion detected - signal timing extended and reroute suggested
EVT414428,2025-02-17 11:16:12,Sports Fixture,J031,Cubbon Road,15216,Weekday,False,Clear,False,0.0,False,False,0.473,Moderate,24.4,31.7,219.2,0.143,0.331,0.978,Moderate traffic flow - standard adaptive signal timing in effect
EVT414429,2025-12-30 15:18:04,Trade Fair,J031,Cubbon Road,7951,Weekday,False,Clear,False,0.0,False,False,0.337,Low,34.7,28.0,146.3,0.141,0.326,0.95,Moderate traffic flow - standard adaptive signal timing in effect
EVT414430,2025-01-24 06:26:19,Trade Fair,J031,Cubbon Road,10263,Weekday,False,Clear,False,0.0,False,False,0.318,Low,31.4,23.5,146.2,0.122,0.282,0.955,Moderate traffic flow - standard adaptive signal timing in effect
EVT414431,2025-06-08 19:47:52,Concert,J020,Malleshwaram Circle,8479,Weekend,False,Clear,False,0.0,False,False,0.751,Severe,22.6,49.3,281.8,0.195,0.45,0.985,Heavy congestion detected - signal timing extended and reroute suggested
EVT414432,2025-02-08 11:17:27,Local Market Day,J031,Cubbon Road,2170,Weekend,False,Clear,False,0.0,False,False,0.331,Low,24.6,27.0,294.7,0.204,0.471,0.957,Moderate traffic flow - standard adaptive signal timing in effect
EVT414433,2025-02-10 09:38:44,Local Market Day,J009,Majestic,4525,Weekday,False,Clear,False,0.0,False,False,0.986,Severe,9.5,69.8,604.2,0.207,0.477,0.925,Heavy congestion detected - signal timing extended and reroute suggested
EVT414434,2025-04-23 19:02:12,Local Market Day,J031,Cubbon Road,3429,Weekday,False,Clear,False,0.0,False,False,0.994,Severe,8.8,72.3,590.2,0.2,0.463,0.9,Heavy congestion detected - signal timing extended and reroute suggested
EVT414435,2025-07-04 09:12:00,Local Market Day,J030,MG Road,4562,Weekday,False,Clear,False,0.0,False,False,1.0,Severe,9.7,68.6,735.3,0.267,0.616,0.922,Heavy congestion detected - signal timing extended and reroute suggested
EVT414436,2025-04-16 16:20:04,Local Market Day,J031,Cubbon Road,3512,Weekday,False,Clear,False,0.0,False,False,0.536,Moderate,23.1,42.3,150.3,0.094,0.216,0.938,Moderate traffic flow - standard adaptive signal timing in effect
EVT414437,2026-02-16 19:38:07,Concert,J020,Malleshwaram Circle,9793,Weekday,False,Clear,False,0.0,False,False,0.842,Severe,11.3,63.7,360.3,0.16,0.37,0.932,Heavy congestion detected - signal timing extended and reroute suggested
EVT414438,2025-08-27 11:43:11,Religious Festival,J023,Basavanagudi,25450,Weekday,True,Fog,False,0.0,False,False,0.622,High,18.7,39.8,186.2,0.118,0.273,0.928,Festival crowd surge detected - alternate route and extended cycle recommended
EVT414439,2025-04-25 16:25:25,Concert,J040,City Market,16611,Weekday,False,Clear,False,0.0,False,False,0.617,High,20.3,46.6,236.9,0.134,0.31,0.98,Moderate traffic flow - standard adaptive signal timing in effect
EVT414440,2025-04-27 23:59:44,Local Market Day,J009,Majestic,4172,Weekend,False,Fog,False,0.0,False,False,0.229,Low,31.0,17.8,196.0,0.146,0.338,0.956,Normal free-flow traffic - standard signal timing maintained
EVT414441,2025-05-09 18:28:48,Local Market Day,J030,MG Road,3625,Weekday,False,Clear,False,0.0,False,False,0.977,Severe,10.5,68.8,560.3,0.233,0.538,0.944,Heavy congestion detected - signal timing extended and reroute suggested
EVT414442,2026-02-27 18:32:47,Concert,J031,Cubbon Road,9163,Weekday,False,Clear,False,0.0,False,False,1.0,Severe,7.3,70.4,805.9,0.25,0.576,0.934,Heavy congestion detected - signal timing extended and reroute suggested
EVT414443,2025-02-01 19:04:05,Local Market Day,J012,Koramangala Sony World,3250,Weekend,False,Clear,False,0.0,False,False,0.76,Severe,18.4,64.5,287.2,0.181,0.419,0.962,Heavy congestion detected - signal timing extended and reroute suggested
EVT414444,2025-05-12 15:05:23,Sports Fixture,J023,Basavanagudi,17474,Weekday,False,Light Rain,True,1.4,False,False,0.445,Moderate,34.5,35.9,100.0,0.098,0.226,0.942,Light rain detected - minor speed reduction advised
EVT414445,2026-02-08 13:12:51,Local Market Day,J030,MG Road,2253,Weekend,False,Clear,False,0.0,False,False,0.215,Low,31.2,13.6,63.4,0.055,0.126,0.941,Normal free-flow traffic - standard signal timing maintained
EVT414446,2025-05-25 07:53:01,Local Market Day,J023,Basavanagudi,4978,Weekend,False,Clear,False,0.0,False,False,0.598,High,22.9,42.7,230.1,0.178,0.412,0.937,Moderate traffic flow - standard adaptive signal timing in effect
EVT414447,2026-02-21 15:11:59,Local Market Day,J012,Koramangala Sony World,5502,Weekend,False,Clear,False,0.0,False,False,0.426,Moderate,23.7,34.2,228.1,0.154,0.355,0.981,Moderate traffic flow - standard adaptive signal timing in effect
EVT414448,2025-03-01 08:56:54,Concert,J011,Indiranagar 100ft Road,9083,Weekend,False,Clear,False,0.0,False,False,0.769,Severe,12.7,53.7,447.3,0.209,0.482,0.946,Heavy congestion detected - signal timing extended and reroute suggested
EVT414449,2025-01-03 14:45:35,Political Rally,J011,Indiranagar 100ft Road,22930,Weekday,False,Clear,False,0.0,False,False,0.308,Low,33.6,21.4,137.1,0.118,0.273,0.93,Moderate traffic flow - standard adaptive signal timing in effect
EVT414450,2025-12-08 11:26:39,Local Market Day,J023,Basavanagudi,2325,Weekday,False,Clear,False,0.0,False,False,0.305,Low,31.5,18.5,139.5,0.119,0.275,0.98,Moderate traffic flow - standard adaptive signal timing in effect
EVT414451,2025-04-18 22:45:57,Sports Fixture,J023,Basavanagudi,11584,Weekday,False,Clear,False,0.0,False,False,0.221,Low,36.2,7.3,152.4,0.148,0.341,0.969,Normal free-flow traffic - standard signal timing maintained
EVT414452,2026-05-05 17:05:27,Political Rally,J009,Majestic,18500,Weekday,False,Rain,True,24.3,False,False,1.0,Severe,10.2,71.0,445.2,0.177,0.409,0.859,Heavy rain reducing visibility and grip - reduced speed and longer buffer advised
EVT414453,2025-03-30 18:04:06,Cultural Procession,J012,Koramangala Sony World,18205,Weekend,True,Fog,False,0.0,False,True,1.0,Severe,8.0,97.1,546.9,0.192,0.445,0.817,Road closure for event/procession - full detour recommended for through-traffic
EVT414454,2026-03-21 09:22:11,Political Rally,J009,Majestic,17986,Weekend,False,Fog,False,0.0,False,False,0.913,Severe,12.2,66.1,389.9,0.195,0.45,0.928,Heavy congestion detected - signal timing extended and reroute suggested
EVT414455,2025-11-09 12:43:21,Local Market Day,J031,Cubbon Road,6269,Weekend,False,Clear,False,0.0,False,False,0.311,Low,36.5,24.9,176.1,0.156,0.359,0.931,Moderate traffic flow - standard adaptive signal timing in effect
EVT414456,2025-04-12 18:25:16,Concert,J020,Malleshwaram Circle,12504,Weekend,False,Fog,False,0.0,False,False,0.904,Severe,10.6,68.2,408.6,0.153,0.353,0.93,Heavy congestion detected - signal timing extended and reroute suggested
EVT414457,2026-04-20 19:30:34,Political Rally,J030,MG Road,15778,Weekday,False,Clear,False,0.0,False,False,0.936,Severe,12.0,61.6,223.9,0.101,0.234,0.932,Heavy congestion detected - signal timing extended and reroute suggested
EVT414458,2025-09-14 14:37:57,Trade Fair,J040,City Market,7242,Weekend,False,Clear,False,0.0,False,False,0.314,Low,33.3,15.2,49.1,0.03,0.07,0.97,Moderate traffic flow - standard adaptive signal timing in effect
EVT414459,2026-02-12 19:51:30,Concert,J012,Koramangala Sony World,18336,Weekday,False,Clear,False,0.0,False,False,0.779,Severe,16.9,54.7,243.9,0.139,0.322,0.967,Heavy congestion detected - signal timing extended and reroute suggested
EVT414460,2025-12-03 19:37:28,Concert,J030,MG Road,7225,Weekday,False,Clear,False,0.0,False,False,0.821,Severe,14.7,58.2,205.1,0.106,0.245,0.981,Heavy congestion detected - signal timing extended and reroute suggested
EVT414461,2025-11-05 22:21:35,Local Market Day,J012,Koramangala Sony World,2598,Weekday,False,Clear,False,0.0,False,False,0.217,Low,25.5,13.5,139.9,0.098,0.226,0.958,Normal free-flow traffic - standard signal timing maintained
EVT414462,2025-03-27 18:51:05,Sports Fixture,J040,City Market,31511,Weekday,False,Clear,False,0.0,False,False,1.0,Severe,7.0,68.9,933.5,0.269,0.621,0.923,Heavy congestion detected - signal timing extended and reroute suggested
EVT414463,2026-06-19 20:21:34,Local Market Day,J011,Indiranagar 100ft Road,2855,Weekday,False,Clear,False,0.0,False,False,0.612,High,24.9,46.8,90.1,0.058,0.133,0.967,Moderate traffic flow - standard adaptive signal timing in effect
EVT414464,2025-05-17 12:33:52,Local Market Day,J012,Koramangala Sony World,2297,Weekend,False,Clear,False,0.0,False,False,0.3,Low,28.3,17.4,173.1,0.135,0.312,0.97,Moderate traffic flow - standard adaptive signal timing in effect
EVT414465,2025-06-29 18:23:46,Sports Fixture,J031,Cubbon Road,47746,Weekend,False,Rain,True,8.4,False,False,1.0,Severe,7.8,71.5,532.6,0.171,0.396,0.882,Heavy rain reducing visibility and grip - reduced speed and longer buffer advised
EVT414466,2026-04-04 06:21:56,Concert,J031,Cubbon Road,10153,Weekend,False,Clear,False,0.0,False,False,0.354,Moderate,26.6,31.1,219.7,0.166,0.383,0.977,Moderate traffic flow - standard adaptive signal timing in effect
EVT414467,2026-05-09 13:02:18,Political Rally,J030,MG Road,17886,Weekend,False,Clear,False,0.0,False,False,0.307,Low,31.5,18.2,180.0,0.149,0.343,0.978,Moderate traffic flow - standard adaptive signal timing in effect
EVT414468,2026-03-27 20:30:06,Cultural Procession,J020,Malleshwaram Circle,15301,Weekday,True,Fog,False,0.0,False,True,0.975,Severe,10.9,90.3,553.8,0.243,0.561,0.86,Road closure for event/procession - full detour recommended for through-traffic
EVT414469,2025-06-11 19:00:28,Trade Fair,J011,Indiranagar 100ft Road,3672,Weekday,False,Fog,False,0.0,False,False,0.965,Severe,8.9,70.0,573.3,0.2,0.463,0.905,Heavy congestion detected - signal timing extended and reroute suggested
EVT414470,2025-09-20 14:48:08,Local Market Day,J020,Malleshwaram Circle,3754,Weekend,False,Clear,False,0.0,False,False,0.334,Low,29.4,23.9,227.2,0.185,0.426,0.966,Moderate traffic flow - standard adaptive signal timing in effect
EVT414471,2025-06-24 14:17:23,Political Rally,J012,Koramangala Sony World,15303,Weekday,False,Clear,False,0.0,False,False,0.226,Low,30.0,17.9,190.8,0.14,0.322,0.988,Normal free-flow traffic - standard signal timing maintained
EVT414472,2025-11-22 13:05:14,Concert,J020,Malleshwaram Circle,6553,Weekend,False,Clear,False,0.0,False,False,0.297,Low,27.2,14.7,177.2,0.141,0.327,0.982,Moderate traffic flow - standard adaptive signal timing in effect
EVT414473,2025-05-08 09:25:06,Concert,J030,MG Road,5736,Weekday,False,Rain,True,7.8,False,False,1.0,Severe,10.8,69.6,616.1,0.29,0.67,0.863,Heavy rain reducing visibility and grip - reduced speed and longer buffer advised
EVT414474,2026-02-07 17:58:32,Local Market Day,J011,Indiranagar 100ft Road,3026,Weekend,False,Clear,False,0.0,False,False,0.724,High,17.1,53.4,288.6,0.167,0.386,0.947,Moderate traffic flow - standard adaptive signal timing in effect
EVT414475,2026-02-03 17:29:21,Sports Fixture,J020,Malleshwaram Circle,40786,Weekday,False,Clear,False,0.0,False,False,1.0,Severe,7.4,77.4,753.5,0.256,0.591,0.914,Heavy congestion detected - signal timing extended and reroute suggested
EVT414476,2026-02-13 18:29:08,Local Market Day,J030,MG Road,5649,Weekday,False,Clear,False,0.0,False,False,0.961,Severe,9.9,70.9,614.1,0.261,0.604,0.92,Heavy congestion detected - signal timing extended and reroute suggested
EVT414477,2026-03-25 09:07:53,Local Market Day,J012,Koramangala Sony World,2726,Weekday,False,Clear,False,0.0,False,False,1.0,Severe,8.4,71.2,536.3,0.2,0.461,0.936,Heavy congestion detected - signal timing extended and reroute suggested
EVT414478,2026-05-31 16:49:27,Concert,J011,Indiranagar 100ft Road,9525,Weekend,False,Rain,True,16.8,False,False,0.843,Severe,15.0,53.5,295.0,0.169,0.391,0.91,Heavy rain reducing visibility and grip - reduced speed and longer buffer advised
EVT414479,2026-05-25 12:59:22,Sports Fixture,J031,Cubbon Road,13536,Weekday,False,Heavy Rain,True,36.5,False,False,0.634,High,23.8,51.1,245.7,0.19,0.439,0.909,Heavy rain reducing visibility and grip - reduced speed and longer buffer advised
EVT414480,2026-06-05 11:07:57,Political Rally,J031,Cubbon Road,12012,Weekday,False,Heavy Rain,True,44.6,True,False,1.0,Severe,7.8,66.1,307.6,0.113,0.261,0.707,Accident detected nearby - reroute and reduced speed advised
EVT414481,2025-03-31 10:03:49,Religious Festival,J020,Malleshwaram Circle,45395,Weekday,True,Clear,False,0.0,False,True,1.0,Severe,9.0,95.6,706.1,0.256,0.591,0.817,Road closure for event/procession - full detour recommended for through-traffic
EVT414482,2026-06-26 19:14:30,Sports Fixture,J012,Koramangala Sony World,10331,Weekday,False,Clear,False,0.0,True,False,1.0,Severe,7.1,71.7,223.8,0.091,0.211,0.75,Accident detected nearby - reroute and reduced speed advised
EVT414483,2026-05-11 16:16:06,Concert,J012,Koramangala Sony World,7547,Weekday,False,Clear,False,0.0,False,False,0.517,Moderate,26.7,34.8,246.1,0.178,0.412,0.982,Moderate traffic flow - standard adaptive signal timing in effect
EVT414484,2025-12-16 16:19:11,Local Market Day,J020,Malleshwaram Circle,2018,Weekday,False,Clear,False,0.0,False,False,0.523,Moderate,23.2,39.4,198.6,0.136,0.314,0.99,Moderate traffic flow - standard adaptive signal timing in effect
EVT414485,2025-09-25 21:56:21,Local Market Day,J012,Koramangala Sony World,2978,Weekday,False,Clear,False,0.0,False,False,0.178,Low,38.2,9.9,116.0,0.112,0.258,0.974,Normal free-flow traffic - standard signal timing maintained
EVT414486,2025-10-17 22:02:44,Political Rally,J020,Malleshwaram Circle,13126,Weekday,False,Clear,False,0.0,False,False,0.318,Low,27.6,25.2,78.1,0.058,0.134,0.951,Moderate traffic flow - standard adaptive signal timing in effect
EVT414487,2026-02-16 17:43:13,Concert,J012,Koramangala Sony World,13348,Weekday,False,Clear,False,0.0,False,False,0.947,Severe,9.0,65.3,565.8,0.201,0.464,0.952,Heavy congestion detected - signal timing extended and reroute suggested
EVT414488,2025-04-20 15:15:54,Local Market Day,J020,Malleshwaram Circle,3779,Weekend,False,Clear,False,0.0,False,False,0.32,Low,34.1,23.1,112.4,0.102,0.235,0.965,Moderate traffic flow - standard adaptive signal timing in effect
EVT414489,2025-08-27 10:47:35,Cultural Procession,J011,Indiranagar 100ft Road,24193,Weekday,True,Heavy Rain,True,34.2,False,True,1.0,Severe,7.5,89.4,667.2,0.237,0.548,0.782,Road closure for event/procession - full detour recommended for through-traffic
EVT414490,2025-04-01 09:28:16,Concert,J031,Cubbon Road,11364,Weekday,False,Clear,False,0.0,False,False,1.0,Severe,9.3,69.7,966.1,0.357,0.824,0.913,Heavy congestion detected - signal timing extended and reroute suggested
EVT414491,2026-06-21 20:31:33,Trade Fair,J040,City Market,9420,Weekend,False,Clear,False,0.0,False,False,0.616,High,17.0,42.6,426.7,0.246,0.569,0.969,Moderate traffic flow - standard adaptive signal timing in effect
EVT414492,2026-03-21 11:13:18,Concert,J040,City Market,5472,Weekend,False,Clear,False,0.0,False,False,0.34,Low,32.4,23.6,157.2,0.134,0.309,0.99,Moderate traffic flow - standard adaptive signal timing in effect
EVT414493,2025-03-21 09:01:03,Local Market Day,J011,Indiranagar 100ft Road,2647,Weekday,False,Clear,False,0.0,False,False,1.0,Severe,6.7,75.4,1320.8,0.33,0.761,0.906,Heavy congestion detected - signal timing extended and reroute suggested
EVT414494,2026-05-30 09:55:18,Trade Fair,J020,Malleshwaram Circle,12772,Weekend,False,Clear,False,0.0,False,False,0.752,Severe,18.5,45.1,217.9,0.132,0.305,0.948,Heavy congestion detected - signal timing extended and reroute suggested
EVT414495,2025-12-09 20:48:18,Political Rally,J020,Malleshwaram Circle,32321,Weekday,False,Clear,False,0.0,False,False,0.613,High,18.8,44.4,214.3,0.134,0.31,0.967,Moderate traffic flow - standard adaptive signal timing in effect
EVT414496,2025-08-16 05:37:41,Religious Festival,J040,City Market,29020,Weekend,True,Clear,False,0.0,False,False,0.566,High,25.4,38.5,255.8,0.209,0.482,0.91,Festival crowd surge detected - alternate route and extended cycle recommended
EVT414497,2025-05-02 12:27:09,Cultural Procession,J023,Basavanagudi,30580,Weekday,True,Clear,False,0.0,False,True,0.707,High,20.2,69.2,246.9,0.155,0.358,0.909,Road closure for event/procession - full detour recommended for through-traffic
EVT414498,2025-12-28 08:26:29,Sports Fixture,J012,Koramangala Sony World,9273,Weekend,False,Clear,False,0.0,False,False,0.859,Severe,10.9,58.2,619.0,0.251,0.579,0.916,Heavy congestion detected - signal timing extended and reroute suggested
EVT414499,2026-02-07 09:57:20,Trade Fair,J011,Indiranagar 100ft Road,9473,Weekend,False,Clear,False,0.0,False,False,0.734,High,14.8,46.2,197.7,0.101,0.233,0.973,Moderate traffic flow - standard adaptive signal timing in effect
EVT414500,2025-08-03 07:41:21,Local Market Day,J020,Malleshwaram Circle,6219,Weekend,False,Clear,False,0.0,False,False,0.639,High,20.9,47.5,277.0,0.17,0.393,0.967,Moderate traffic flow - standard adaptive signal timing in effect
EVT414501,2026-06-20 18:41:22,Trade Fair,J031,Cubbon Road,18229,Weekend,False,Heavy Rain,True,33.6,False,False,1.0,Severe,8.4,71.0,508.0,0.186,0.43,0.878,Heavy rain reducing visibility and grip - reduced speed and longer buffer advised
EVT414502,2025-01-30 19:57:43,Trade Fair,J040,City Market,14647,Weekday,False,Clear,False,0.0,False,False,0.819,Severe,14.4,54.6,324.9,0.162,0.375,0.968,Heavy congestion detected - signal timing extended and reroute suggested
EVT414503,2025-09-29 14:20:27,Concert,J023,Basavanagudi,20537,Weekday,False,Clear,False,0.0,False,False,0.354,Moderate,29.5,27.4,118.5,0.091,0.21,0.966,Moderate traffic flow - standard adaptive signal timing in effect
EVT414504,2025-10-22 09:50:47,Cultural Procession,J031,Cubbon Road,18100,Weekday,True,Clear,False,0.0,False,True,1.0,Severe,9.3,101.4,553.8,0.217,0.502,0.835,Road closure for event/procession - full detour recommended for through-traffic
EVT414505,2026-04-26 07:50:38,Political Rally,J011,Indiranagar 100ft Road,21086,Weekend,False,Clear,False,0.0,False,False,0.774,Severe,13.4,55.2,240.7,0.122,0.281,0.953,Heavy congestion detected - signal timing extended and reroute suggested
EVT414506,2025-05-21 15:46:57,Trade Fair,J031,Cubbon Road,20737,Weekday,False,Clear,False,0.0,False,False,0.438,Moderate,25.7,41.3,253.5,0.183,0.422,0.974,Moderate traffic flow - standard adaptive signal timing in effect
EVT414507,2025-05-29 08:22:32,Concert,J020,Malleshwaram Circle,6126,Weekday,False,Clear,False,0.0,False,False,0.923,Severe,10.0,63.3,411.0,0.169,0.391,0.903,Heavy congestion detected - signal timing extended and reroute suggested
EVT414508,2026-06-20 18:02:44,Sports Fixture,J011,Indiranagar 100ft Road,30079,Weekend,False,Clear,False,0.0,False,False,1.0,Severe,9.7,71.7,254.3,0.113,0.26,0.943,Heavy congestion detected - signal timing extended and reroute suggested
EVT414509,2026-02-05 07:10:54,Political Rally,J011,Indiranagar 100ft Road,8778,Weekday,False,Clear,False,0.0,False,False,0.478,Moderate,20.6,40.6,219.4,0.129,0.299,0.945,Moderate traffic flow - standard adaptive signal timing in effect
EVT414510,2025-11-14 17:06:44,Concert,J011,Indiranagar 100ft Road,11373,Weekday,False,Clear,False,0.0,False,False,0.803,Severe,15.0,58.4,272.5,0.153,0.353,0.939,Heavy congestion detected - signal timing extended and reroute suggested
EVT414511,2025-12-14 17:07:11,Sports Fixture,J040,City Market,24590,Weekend,False,Clear,False,0.0,False,False,0.789,Severe,13.8,62.2,332.3,0.148,0.341,0.964,Heavy congestion detected - signal timing extended and reroute suggested
EVT414512,2025-01-13 18:49:37,Political Rally,J030,MG Road,8531,Weekday,False,Clear,False,0.0,False,False,1.0,Severe,7.9,71.3,477.8,0.171,0.396,0.95,Heavy congestion detected - signal timing extended and reroute suggested
EVT414513,2025-09-04 17:58:12,Sports Fixture,J009,Majestic,26198,Weekday,False,Clear,False,0.0,False,False,1.0,Severe,5.9,74.3,937.8,0.222,0.514,0.927,Heavy congestion detected - signal timing extended and reroute suggested
EVT414514,2025-04-15 18:45:31,Fireworks Display,J031,Cubbon Road,48719,Weekday,True,Clear,False,0.0,False,False,1.0,Severe,7.6,69.8,565.0,0.171,0.396,0.838,Festival crowd surge detected - alternate route and extended cycle recommended
EVT414515,2025-07-15 08:55:41,Sports Fixture,J030,MG Road,26245,Weekday,False,Heavy Rain,True,47.2,False,False,1.0,Severe,8.0,72.4,366.4,0.136,0.315,0.837,Heavy rain reducing visibility and grip - reduced speed and longer buffer advised
EVT414516,2025-12-10 06:13:40,Local Market Day,J020,Malleshwaram Circle,4968,Weekday,False,Clear,False,0.0,False,False,0.213,Low,41.8,14.7,95.5,0.094,0.216,0.987,Normal free-flow traffic - standard signal timing maintained
EVT414517,2025-05-22 18:07:44,Sports Fixture,J023,Basavanagudi,14299,Weekday,False,Clear,False,0.0,False,False,1.0,Severe,8.8,76.1,676.1,0.235,0.543,0.925,Heavy congestion detected - signal timing extended and reroute suggested
EVT414518,2025-03-17 11:13:06,Sports Fixture,J020,Malleshwaram Circle,20412,Weekday,False,Clear,False,0.0,False,False,0.464,Moderate,23.4,38.3,171.5,0.121,0.28,0.962,Moderate traffic flow - standard adaptive signal timing in effect
EVT414519,2025-03-02 08:27:30,Concert,J040,City Market,15409,Weekend,False,Clear,False,0.0,False,False,0.777,Severe,15.4,54.5,120.2,0.089,0.205,0.949,Heavy congestion detected - signal timing extended and reroute suggested
EVT414520,2025-08-14 08:37:30,Concert,J020,Malleshwaram Circle,12952,Weekday,False,Heavy Rain,True,73.7,False,False,1.0,Severe,8.2,63.9,602.4,0.221,0.511,0.871,Heavy rain reducing visibility and grip - reduced speed and longer buffer advised
EVT414521,2025-09-23 08:50:54,Sports Fixture,J040,City Market,31801,Weekday,False,Clear,False,0.0,False,False,1.0,Severe,10.6,76.4,527.2,0.223,0.516,0.907,Heavy congestion detected - signal timing extended and reroute suggested
EVT414522,2025-11-24 18:12:54,Trade Fair,J012,Koramangala Sony World,8925,Weekday,False,Clear,False,0.0,False,False,1.0,Severe,8.7,71.4,340.5,0.144,0.333,0.897,Heavy congestion detected - signal timing extended and reroute suggested
EVT414523,2026-02-12 20:29:55,Trade Fair,J031,Cubbon Road,4514,Weekday,False,Clear,False,0.0,False,False,0.484,Moderate,24.6,25.3,201.8,0.135,0.312,0.974,Moderate traffic flow - standard adaptive signal timing in effect
EVT414524,2026-06-20 16:09:23,Political Rally,J011,Indiranagar 100ft Road,13948,Weekend,False,Clear,False,0.0,False,False,0.524,Moderate,22.9,39.7,136.6,0.076,0.176,0.954,Moderate traffic flow - standard adaptive signal timing in effect
EVT414525,2025-03-30 14:17:21,Fireworks Display,J012,Koramangala Sony World,33374,Weekend,True,Clear,False,0.0,False,False,0.684,High,17.5,47.0,146.8,0.091,0.209,0.901,Festival crowd surge detected - alternate route and extended cycle recommended
EVT414526,2026-01-15 13:35:16,Cultural Procession,J011,Indiranagar 100ft Road,16835,Weekday,True,Clear,False,0.0,False,True,0.731,High,20.7,73.5,217.3,0.131,0.304,0.878,Road closure for event/procession - full detour recommended for through-traffic
EVT414527,2025-03-10 21:26:38,Trade Fair,J011,Indiranagar 100ft Road,11219,Weekday,False,Clear,False,0.0,False,False,0.396,Moderate,29.1,24.7,134.9,0.094,0.216,0.937,Moderate traffic flow - standard adaptive signal timing in effect
EVT414528,2026-02-16 11:52:56,Local Market Day,J040,City Market,4211,Weekday,False,Clear,False,0.0,False,False,0.283,Low,28.6,18.4,195.9,0.159,0.368,0.957,Moderate traffic flow - standard adaptive signal timing in effect
EVT414529,2025-06-13 20:32:57,Local Market Day,J030,MG Road,4192,Weekday,False,Heavy Rain,True,38.8,False,False,0.969,Severe,9.6,64.6,340.0,0.116,0.267,0.839,Heavy rain reducing visibility and grip - reduced speed and longer buffer advised
EVT414530,2025-01-28 08:15:45,Local Market Day,J011,Indiranagar 100ft Road,4906,Weekday,False,Clear,False,0.0,False,False,0.81,Severe,15.8,53.2,456.3,0.244,0.564,0.964,Heavy congestion detected - signal timing extended and reroute suggested
EVT414531,2026-03-21 12:26:35,Political Rally,J023,Basavanagudi,10628,Weekend,False,Clear,False,0.0,False,False,0.333,Low,30.8,22.3,119.6,0.095,0.219,0.963,Moderate traffic flow - standard adaptive signal timing in effect
EVT414532,2025-07-25 12:47:01,Local Market Day,J011,Indiranagar 100ft Road,3680,Weekday,False,Clear,False,0.0,False,False,0.143,Low,39.7,14.0,121.5,0.124,0.287,0.969,Normal free-flow traffic - standard signal timing maintained
EVT414533,2025-07-15 15:42:22,Local Market Day,J040,City Market,2525,Weekday,False,Clear,False,0.0,False,False,0.292,Low,29.7,19.3,104.8,0.102,0.235,0.961,Moderate traffic flow - standard adaptive signal timing in effect
EVT414534,2025-03-15 12:15:37,Religious Festival,J020,Malleshwaram Circle,64841,Weekend,True,Clear,False,0.0,False,True,0.997,Severe,7.5,93.5,651.2,0.197,0.456,0.835,Road closure for event/procession - full detour recommended for through-traffic
EVT414535,2025-07-22 11:31:28,Local Market Day,J023,Basavanagudi,5263,Weekday,False,Clear,False,0.0,False,False,0.26,Low,27.8,16.4,211.6,0.163,0.376,0.948,Moderate traffic flow - standard adaptive signal timing in effect
EVT414536,2025-06-16 12:51:02,Sports Fixture,J030,MG Road,21498,Weekday,False,Clear,False,0.0,False,False,0.333,Low,32.5,22.9,177.3,0.165,0.381,0.953,Moderate traffic flow - standard adaptive signal timing in effect
EVT414537,2025-01-31 07:07:43,Sports Fixture,J031,Cubbon Road,18949,Weekday,False,Clear,False,0.0,False,False,0.583,High,22.4,41.5,160.4,0.096,0.222,0.98,Moderate traffic flow - standard adaptive signal timing in effect
EVT414538,2025-06-16 10:15:26,Local Market Day,J012,Koramangala Sony World,3039,Weekday,False,Heavy Rain,True,37.1,False,False,1.0,Severe,6.3,69.1,457.5,0.142,0.329,0.866,Heavy rain reducing visibility and grip - reduced speed and longer buffer advised
EVT414539,2025-01-15 15:02:22,Religious Festival,J011,Indiranagar 100ft Road,27067,Weekday,True,Clear,False,0.0,False,False,0.62,High,24.0,43.1,161.0,0.122,0.283,0.9,Festival crowd surge detected - alternate route and extended cycle recommended
EVT414540,2025-12-24 07:20:16,Local Market Day,J031,Cubbon Road,6997,Weekday,False,Clear,False,0.0,False,False,0.476,Moderate,26.0,36.0,155.8,0.123,0.283,0.951,Moderate traffic flow - standard adaptive signal timing in effect
EVT414541,2026-04-26 16:13:49,Local Market Day,J040,City Market,2490,Weekend,False,Fog,False,0.0,False,False,0.487,Moderate,22.2,35.7,217.6,0.143,0.331,0.98,Moderate traffic flow - standard adaptive signal timing in effect
EVT414542,2025-02-19 22:27:19,Local Market Day,J011,Indiranagar 100ft Road,5573,Weekday,False,Clear,False,0.0,False,False,0.236,Low,40.9,16.5,125.4,0.106,0.244,0.979,Normal free-flow traffic - standard signal timing maintained
EVT414543,2026-05-21 20:05:49,Local Market Day,J012,Koramangala Sony World,2153,Weekday,False,Clear,False,0.0,False,False,0.703,High,15.1,45.4,394.8,0.211,0.488,0.946,Moderate traffic flow - standard adaptive signal timing in effect
EVT414544,2026-02-17 07:04:28,Sports Fixture,J011,Indiranagar 100ft Road,26740,Weekday,False,Clear,False,0.0,False,False,0.622,High,20.3,45.5,189.3,0.109,0.251,0.956,Moderate traffic flow - standard adaptive signal timing in effect
EVT414545,2025-02-21 14:01:03,Local Market Day,J020,Malleshwaram Circle,5724,Weekday,False,Clear,False,0.0,False,False,0.208,Low,27.0,17.9,143.2,0.113,0.261,0.946,Normal free-flow traffic - standard signal timing maintained
EVT414546,2025-06-05 08:35:08,Local Market Day,J040,City Market,2157,Weekday,False,Clear,False,0.0,False,False,1.0,Severe,7.3,69.2,773.7,0.225,0.52,0.908,Heavy congestion detected - signal timing extended and reroute suggested
EVT414547,2025-02-21 19:59:53,Sports Fixture,J023,Basavanagudi,22087,Weekday,False,Clear,False,0.0,False,False,0.783,Severe,13.7,56.6,508.3,0.236,0.546,0.936,Heavy congestion detected - signal timing extended and reroute suggested
EVT414548,2025-05-31 13:36:32,Sports Fixture,J020,Malleshwaram Circle,16609,Weekend,False,Clear,False,0.0,False,False,0.268,Low,30.9,21.2,111.8,0.072,0.166,0.983,Moderate traffic flow - standard adaptive signal timing in effect
EVT414549,2025-10-26 11:43:41,Local Market Day,J009,Majestic,3770,Weekend,False,Heavy Rain,True,36.1,False,False,0.632,High,17.4,42.6,270.5,0.138,0.32,0.917,Heavy rain reducing visibility and grip - reduced speed and longer buffer advised
EVT414550,2025-07-08 11:30:22,Trade Fair,J011,Indiranagar 100ft Road,5791,Weekday,False,Clear,False,0.0,False,False,0.338,Low,30.1,25.9,238.8,0.196,0.453,0.972,Moderate traffic flow - standard adaptive signal timing in effect
EVT414551,2026-03-17 09:04:51,Sports Fixture,J040,City Market,40283,Weekday,False,Clear,False,0.0,False,False,1.0,Severe,7.4,74.1,681.9,0.213,0.491,0.933,Heavy congestion detected - signal timing extended and reroute suggested
EVT414552,2025-11-13 11:20:33,Local Market Day,J040,City Market,5166,Weekday,False,Clear,False,0.0,False,False,0.345,Low,33.2,26.3,98.3,0.08,0.185,0.99,Moderate traffic flow - standard adaptive signal timing in effect
EVT414553,2026-02-03 19:44:22,Concert,J020,Malleshwaram Circle,8014,Weekday,False,Clear,False,0.0,False,False,0.79,Severe,17.6,56.7,348.4,0.22,0.509,0.963,Heavy congestion detected - signal timing extended and reroute suggested
EVT414554,2025-11-27 05:16:26,Trade Fair,J020,Malleshwaram Circle,6266,Weekday,False,Clear,False,0.0,False,False,0.287,Low,34.8,24.1,104.6,0.101,0.234,0.973,Moderate traffic flow - standard adaptive signal timing in effect
EVT414555,2025-04-19 18:21:08,Sports Fixture,J040,City Market,26033,Weekend,False,Clear,False,0.0,False,False,0.991,Severe,8.0,71.1,605.6,0.195,0.45,0.922,Heavy congestion detected - signal timing extended and reroute suggested
EVT414556,2026-01-18 18:07:07,Sports Fixture,J040,City Market,35603,Weekend,False,Clear,False,0.0,False,False,1.0,Severe,7.1,78.6,648.4,0.201,0.463,0.907,Heavy congestion detected - signal timing extended and reroute suggested
EVT414557,2026-01-13 20:34:46,Local Market Day,J009,Majestic,3254,Weekday,False,Clear,False,0.0,False,False,0.565,High,23.3,43.0,255.0,0.17,0.393,0.99,Moderate traffic flow - standard adaptive signal timing in effect
EVT414558,2025-07-02 19:18:48,Trade Fair,J009,Majestic,4672,Weekday,False,Rain,True,11.6,False,False,1.0,Severe,8.5,72.8,591.0,0.207,0.479,0.862,Heavy rain reducing visibility and grip - reduced speed and longer buffer advised
EVT414559,2026-06-21 19:08:22,Sports Fixture,J020,Malleshwaram Circle,13352,Weekend,False,Clear,False,0.0,False,False,0.803,Severe,18.3,51.5,237.6,0.132,0.304,0.954,Heavy congestion detected - signal timing extended and reroute suggested
EVT414560,2025-03-12 18:35:20,Local Market Day,J023,Basavanagudi,3679,Weekday,False,Clear,False,0.0,False,False,0.989,Severe,7.4,73.3,673.3,0.201,0.465,0.933,Heavy congestion detected - signal timing extended and reroute suggested
EVT414561,2025-06-06 12:23:01,Local Market Day,J030,MG Road,4068,Weekday,False,Heavy Rain,True,50.5,False,False,0.519,Moderate,22.9,32.6,174.5,0.103,0.237,0.885,Light rain detected - minor speed reduction advised
EVT414562,2025-05-13 20:30:49,Local Market Day,J020,Malleshwaram Circle,3150,Weekday,False,Clear,False,0.0,False,False,0.608,High,21.1,52.6,298.9,0.202,0.467,0.988,Moderate traffic flow - standard adaptive signal timing in effect
EVT414563,2026-05-08 07:34:15,Sports Fixture,J040,City Market,25983,Weekday,False,Clear,False,0.0,False,False,0.782,Severe,14.6,51.8,226.5,0.122,0.282,0.949,Heavy congestion detected - signal timing extended and reroute suggested
EVT414564,2025-11-11 16:10:12,Concert,J009,Majestic,8059,Weekday,False,Clear,False,0.0,False,False,0.537,Moderate,21.0,41.2,221.9,0.143,0.331,0.97,Moderate traffic flow - standard adaptive signal timing in effect
EVT414565,2026-01-04 08:37:22,Concert,J031,Cubbon Road,9310,Weekend,False,Light Rain,True,5.1,False,False,0.916,Severe,7.9,65.7,911.1,0.277,0.64,0.894,Heavy rain reducing visibility and grip - reduced speed and longer buffer advised
EVT414566,2025-09-01 20:35:48,Local Market Day,J009,Majestic,4716,Weekday,False,Rain,True,9.5,False,False,0.663,High,17.3,47.0,325.1,0.182,0.421,0.934,Heavy rain reducing visibility and grip - reduced speed and longer buffer advised
EVT414567,2025-05-22 16:37:34,Local Market Day,J020,Malleshwaram Circle,4714,Weekday,False,Clear,False,0.0,False,False,0.602,High,28.1,49.3,207.6,0.174,0.401,0.98,Moderate traffic flow - standard adaptive signal timing in effect
EVT414568,2025-06-18 13:49:56,Local Market Day,J009,Majestic,2503,Weekday,False,Rain,True,23.7,False,False,0.411,Moderate,29.3,26.3,92.7,0.067,0.155,0.915,Light rain detected - minor speed reduction advised
EVT414569,2025-07-09 12:58:15,Local Market Day,J012,Koramangala Sony World,2823,Weekday,False,Heavy Rain,True,46.6,False,False,0.589,High,20.3,32.1,252.3,0.145,0.334,0.894,Heavy rain reducing visibility and grip - reduced speed and longer buffer advised
EVT414570,2025-09-30 22:21:34,Concert,J020,Malleshwaram Circle,12616,Weekday,False,Light Rain,True,5.5,False,False,0.251,Low,28.6,23.5,114.4,0.073,0.17,0.916,Light rain detected - minor speed reduction advised
EVT414571,2025-09-19 08:43:25,Trade Fair,J012,Koramangala Sony World,8385,Weekday,False,Clear,False,0.0,False,False,1.0,Severe,8.8,78.8,694.4,0.234,0.54,0.894,Heavy congestion detected - signal timing extended and reroute suggested
EVT414572,2025-01-02 18:34:13,Local Market Day,J031,Cubbon Road,3224,Weekday,False,Clear,False,0.0,False,False,1.0,Severe,9.0,76.1,480.9,0.198,0.458,0.909,Heavy congestion detected - signal timing extended and reroute suggested
EVT414573,2026-03-11 19:51:44,Concert,J011,Indiranagar 100ft Road,8126,Weekday,False,Clear,False,0.0,False,False,0.766,Severe,15.6,52.2,258.2,0.139,0.32,0.982,Heavy congestion detected - signal timing extended and reroute suggested
EVT414574,2025-08-10 17:00:27,Local Market Day,J031,Cubbon Road,6208,Weekend,False,Clear,False,0.0,False,False,0.63,High,19.4,39.7,272.8,0.178,0.411,0.953,Moderate traffic flow - standard adaptive signal timing in effect
EVT414575,2026-03-03 16:20:22,Concert,J011,Indiranagar 100ft Road,11143,Weekday,False,Clear,False,0.0,False,False,0.484,Moderate,32.1,31.3,163.8,0.125,0.29,0.953,Moderate traffic flow - standard adaptive signal timing in effect
EVT414576,2025-12-22 19:11:10,Local Market Day,J023,Basavanagudi,5131,Weekday,False,Clear,False,0.0,False,False,0.931,Severe,10.9,67.7,457.1,0.199,0.46,0.914,Heavy congestion detected - signal timing extended and reroute suggested
EVT414577,2025-12-14 14:32:09,Local Market Day,J023,Basavanagudi,4918,Weekend,False,Clear,False,0.0,False,False,0.185,Low,23.8,16.9,179.5,0.081,0.188,0.975,Normal free-flow traffic - standard signal timing maintained
EVT414578,2025-12-26 16:47:15,Cultural Procession,J009,Majestic,17598,Weekday,True,Clear,False,0.0,False,True,1.0,Severe,8.7,105.2,429.0,0.164,0.378,0.829,Road closure for event/procession - full detour recommended for through-traffic
EVT414579,2025-11-04 11:03:50,Local Market Day,J011,Indiranagar 100ft Road,3088,Weekday,False,Clear,False,0.0,False,False,0.37,Moderate,30.7,29.8,203.3,0.183,0.423,0.947,Moderate traffic flow - standard adaptive signal timing in effect
EVT414580,2026-02-02 07:34:22,Local Market Day,J031,Cubbon Road,4214,Weekday,False,Clear,False,0.0,False,False,0.652,High,21.6,43.3,365.6,0.236,0.546,0.944,Moderate traffic flow - standard adaptive signal timing in effect
EVT414581,2025-01-15 04:13:39,Religious Festival,J031,Cubbon Road,77746,Weekday,True,Clear,False,0.0,False,True,0.975,Severe,7.3,96.9,679.1,0.204,0.471,0.858,Road closure for event/procession - full detour recommended for through-traffic
EVT414582,2025-12-21 07:26:37,Concert,J040,City Market,12764,Weekend,False,Clear,False,0.0,False,False,0.587,High,22.3,41.6,150.9,0.101,0.234,0.97,Moderate traffic flow - standard adaptive signal timing in effect
EVT414583,2026-06-12 06:18:13,Local Market Day,J012,Koramangala Sony World,3581,Weekday,False,Heavy Rain,True,67.8,False,False,0.535,Moderate,28.1,38.1,179.2,0.125,0.289,0.873,Light rain detected - minor speed reduction advised
EVT414584,2025-09-20 17:35:04,Trade Fair,J020,Malleshwaram Circle,8537,Weekend,False,Heavy Rain,True,28.0,False,False,1.0,Severe,9.6,73.6,671.5,0.252,0.581,0.872,Heavy rain reducing visibility and grip - reduced speed and longer buffer advised
EVT414585,2026-04-03 10:50:11,Local Market Day,J011,Indiranagar 100ft Road,3409,Weekday,False,Clear,False,0.0,False,False,0.473,Moderate,28.7,29.4,191.9,0.159,0.367,0.962,Moderate traffic flow - standard adaptive signal timing in effect
EVT414586,2025-03-31 08:44:34,Cultural Procession,J040,City Market,24283,Weekday,True,Clear,False,0.0,False,False,1.0,Severe,9.6,73.2,414.1,0.153,0.354,0.882,Festival crowd surge detected - alternate route and extended cycle recommended
EVT414587,2026-06-02 16:05:39,Political Rally,J023,Basavanagudi,17739,Weekday,False,Heavy Rain,True,29.8,False,False,0.834,Severe,11.4,58.4,422.1,0.193,0.445,0.913,Heavy rain reducing visibility and grip - reduced speed and longer buffer advised
EVT414588,2025-09-24 07:00:23,Political Rally,J023,Basavanagudi,19616,Weekday,False,Clear,False,0.0,False,False,0.515,Moderate,30.4,41.3,192.3,0.16,0.37,0.973,Moderate traffic flow - standard adaptive signal timing in effect
EVT414589,2026-04-09 08:08:07,Trade Fair,J012,Koramangala Sony World,17424,Weekday,False,Clear,False,0.0,False,False,0.958,Severe,12.0,72.0,444.0,0.176,0.408,0.947,Heavy congestion detected - signal timing extended and reroute suggested
EVT414590,2026-06-05 19:09:59,Sports Fixture,J009,Majestic,13098,Weekday,False,Heavy Rain,True,39.6,False,False,1.0,Severe,7.8,70.4,485.7,0.154,0.355,0.854,Heavy rain reducing visibility and grip - reduced speed and longer buffer advised
EVT414591,2026-06-06 12:39:21,Sports Fixture,J020,Malleshwaram Circle,49766,Weekend,False,Rain,True,24.7,False,False,0.803,Severe,14.4,52.4,407.8,0.222,0.513,0.893,Heavy rain reducing visibility and grip - reduced speed and longer buffer advised
EVT414592,2025-03-04 18:49:26,Sports Fixture,J040,City Market,22301,Weekday,False,Clear,False,0.0,False,False,1.0,Severe,8.9,71.6,358.7,0.142,0.329,0.884,Heavy congestion detected - signal timing extended and reroute suggested
EVT414593,2026-01-31 09:09:52,Concert,J009,Majestic,9088,Weekend,False,Clear,False,0.0,False,False,0.948,Severe,10.8,66.6,339.2,0.154,0.355,0.923,Heavy congestion detected - signal timing extended and reroute suggested
EVT414594,2025-06-30 18:59:53,Concert,J023,Basavanagudi,8262,Weekday,False,Clear,False,0.0,False,False,1.0,Severe,8.1,67.3,895.8,0.292,0.675,0.936,Heavy congestion detected - signal timing extended and reroute suggested
EVT414595,2025-09-09 14:09:06,Local Market Day,J012,Koramangala Sony World,6239,Weekday,False,Clear,False,0.0,False,False,0.202,Low,41.1,15.1,99.1,0.079,0.182,0.976,Normal free-flow traffic - standard signal timing maintained
EVT414596,2025-03-28 11:16:46,Political Rally,J023,Basavanagudi,21978,Weekday,False,Rain,True,10.1,False,False,0.627,High,23.1,53.4,149.2,0.125,0.288,0.904,Heavy rain reducing visibility and grip - reduced speed and longer buffer advised
EVT414597,2026-06-07 22:27:37,Sports Fixture,J012,Koramangala Sony World,15914,Weekend,False,Clear,False,0.0,False,False,0.408,Moderate,28.4,33.6,230.0,0.162,0.375,0.973,Moderate traffic flow - standard adaptive signal timing in effect
EVT414598,2025-04-01 11:17:50,Political Rally,J040,City Market,17117,Weekday,False,Clear,False,0.0,False,False,0.422,Moderate,27.6,35.8,180.3,0.135,0.313,0.949,Moderate traffic flow - standard adaptive signal timing in effect
EVT414599,2026-05-28 13:47:21,Trade Fair,J012,Koramangala Sony World,12784,Weekday,False,Rain,True,7.7,False,False,0.236,Low,33.0,11.0,119.8,0.115,0.267,0.917,Light rain detected - minor speed reduction advised
EVT414600,2026-04-01 20:14:17,Local Market Day,J012,Koramangala Sony World,4054,Weekday,False,Light Rain,True,5.1,False,False,0.736,High,15.3,55.0,226.4,0.134,0.309,0.93,Heavy rain reducing visibility and grip - reduced speed and longer buffer advised
EVT414601,2025-03-15 09:52:14,Fireworks Display,J009,Majestic,24383,Weekend,True,Clear,False,0.0,False,False,1.0,Severe,7.2,70.9,592.8,0.201,0.465,0.845,Festival crowd surge detected - alternate route and extended cycle recommended
EVT414602,2025-11-24 10:23:46,Local Market Day,J020,Malleshwaram Circle,4728,Weekday,False,Clear,False,0.0,False,False,0.54,Moderate,21.8,39.6,219.8,0.153,0.353,0.983,Moderate traffic flow - standard adaptive signal timing in effect
EVT414603,2026-06-19 11:36:41,Sports Fixture,J020,Malleshwaram Circle,18259,Weekday,False,Clear,False,0.0,False,False,0.458,Moderate,24.6,33.0,257.7,0.186,0.43,0.982,Moderate traffic flow - standard adaptive signal timing in effect
EVT414604,2025-12-13 11:03:43,Local Market Day,J040,City Market,2968,Weekend,False,Clear,False,0.0,False,False,0.431,Moderate,25.9,31.9,226.6,0.166,0.384,0.973,Moderate traffic flow - standard adaptive signal timing in effect
EVT414605,2026-03-03 19:17:04,Trade Fair,J030,MG Road,9283,Weekday,False,Clear,False,0.0,False,False,1.0,Severe,7.1,74.9,623.7,0.196,0.452,0.885,Heavy congestion detected - signal timing extended and reroute suggested
EVT414606,2026-05-07 18:07:23,Sports Fixture,J020,Malleshwaram Circle,14105,Weekday,False,Clear,False,0.0,False,False,1.0,Severe,10.0,75.7,592.3,0.21,0.485,0.925,Heavy congestion detected - signal timing extended and reroute suggested
EVT414607,2026-01-03 08:09:49,Local Market Day,J040,City Market,4705,Weekend,False,Clear,False,0.0,False,False,0.732,High,15.0,54.6,308.0,0.141,0.326,0.946,Moderate traffic flow - standard adaptive signal timing in effect
EVT414608,2026-06-02 12:32:51,Local Market Day,J031,Cubbon Road,2748,Weekday,False,Clear,False,0.0,False,False,0.184,Low,27.7,8.3,142.4,0.102,0.235,0.96,Normal free-flow traffic - standard signal timing maintained
EVT414609,2025-07-27 15:53:59,Trade Fair,J011,Indiranagar 100ft Road,13518,Weekend,False,Clear,False,0.0,False,False,0.493,Moderate,22.1,41.0,273.2,0.19,0.438,0.959,Moderate traffic flow - standard adaptive signal timing in effect
EVT414610,2025-04-10 14:10:02,Local Market Day,J009,Majestic,5179,Weekday,False,Clear,False,0.0,False,False,0.194,Low,42.5,19.4,150.6,0.164,0.379,0.948,Normal free-flow traffic - standard signal timing maintained
EVT414611,2025-02-26 16:35:00,Sports Fixture,J031,Cubbon Road,36875,Weekday,False,Clear,False,0.0,False,False,0.74,High,14.8,53.7,404.4,0.23,0.532,0.948,Moderate traffic flow - standard adaptive signal timing in effect
EVT414612,2025-10-28 12:37:07,Local Market Day,J009,Majestic,4660,Weekday,False,Clear,False,0.0,False,False,0.183,Low,28.2,11.6,233.3,0.167,0.387,0.967,Normal free-flow traffic - standard signal timing maintained
EVT414613,2025-05-06 12:56:45,Trade Fair,J030,MG Road,4598,Weekday,False,Clear,False,0.0,False,False,0.202,Low,37.1,12.3,186.1,0.185,0.428,0.977,Normal free-flow traffic - standard signal timing maintained
EVT414614,2025-06-14 21:28:29,Local Market Day,J030,MG Road,5289,Weekend,False,Heavy Rain,True,28.5,False,False,0.653,High,17.7,46.1,286.3,0.156,0.361,0.921,Heavy rain reducing visibility and grip - reduced speed and longer buffer advised
EVT414615,2025-10-02 07:36:39,Religious Festival,J012,Koramangala Sony World,46447,Weekday,True,Clear,False,0.0,False,True,1.0,Severe,8.7,103.5,505.9,0.189,0.437,0.857,Road closure for event/procession - full detour recommended for through-traffic
EVT414616,2025-07-29 18:29:46,Local Market Day,J040,City Market,4108,Weekday,False,Clear,False,0.0,False,False,0.929,Severe,9.2,67.0,513.3,0.197,0.454,0.908,Heavy congestion detected - signal timing extended and reroute suggested
EVT414617,2025-02-26 19:22:19,Political Rally,J023,Basavanagudi,12155,Weekday,False,Clear,False,0.0,True,False,1.0,Severe,10.2,68.4,269.5,0.104,0.239,0.734,Accident detected nearby - reroute and reduced speed advised
EVT414618,2025-03-06 16:46:20,Trade Fair,J009,Majestic,5196,Weekday,False,Clear,False,0.0,False,False,0.65,High,20.9,40.6,95.6,0.06,0.14,0.984,Moderate traffic flow - standard adaptive signal timing in effect
EVT414619,2025-04-08 07:01:46,Sports Fixture,J023,Basavanagudi,17240,Weekday,False,Clear,False,0.0,False,False,0.485,Moderate,26.7,33.0,86.8,0.054,0.124,0.958,Moderate traffic flow - standard adaptive signal timing in effect
EVT414620,2026-06-03 17:26:17,Local Market Day,J009,Majestic,2957,Weekday,False,Clear,False,0.0,False,False,0.82,Severe,14.3,58.2,366.8,0.19,0.439,0.945,Heavy congestion detected - signal timing extended and reroute suggested
EVT414621,2026-06-19 06:38:48,Sports Fixture,J012,Koramangala Sony World,30506,Weekday,False,Clear,False,0.0,False,False,0.495,Moderate,27.7,31.6,177.4,0.157,0.363,0.969,Moderate traffic flow - standard adaptive signal timing in effect
EVT414622,2026-05-11 13:57:20,Sports Fixture,J030,MG Road,18565,Weekday,False,Heavy Rain,True,32.5,False,False,0.653,High,24.0,49.8,172.0,0.106,0.246,0.947,Heavy rain reducing visibility and grip - reduced speed and longer buffer advised
EVT414623,2025-05-21 07:21:13,Sports Fixture,J030,MG Road,23450,Weekday,False,Clear,False,0.0,False,False,0.663,High,15.6,49.9,167.3,0.098,0.227,0.941,Moderate traffic flow - standard adaptive signal timing in effect
EVT414624,2025-12-12 19:08:58,Concert,J011,Indiranagar 100ft Road,11401,Weekday,False,Clear,False,0.0,False,False,1.0,Severe,8.1,70.3,937.1,0.29,0.669,0.906,Heavy congestion detected - signal timing extended and reroute suggested
EVT414625,2025-07-08 10:19:28,Concert,J030,MG Road,11051,Weekday,False,Heavy Rain,True,62.4,False,False,1.0,Severe,9.5,73.9,363.1,0.145,0.335,0.864,Heavy rain reducing visibility and grip - reduced speed and longer buffer advised
EVT414626,2025-11-13 17:18:22,Sports Fixture,J012,Koramangala Sony World,41521,Weekday,False,Clear,False,0.0,False,False,0.974,Severe,11.0,68.3,529.6,0.243,0.562,0.937,Heavy congestion detected - signal timing extended and reroute suggested
EVT414627,2025-01-17 10:08:32,Trade Fair,J012,Koramangala Sony World,10076,Weekday,False,Clear,False,0.0,False,False,0.829,Severe,11.6,57.4,558.6,0.205,0.473,0.951,Heavy congestion detected - signal timing extended and reroute suggested
EVT414628,2025-06-19 17:49:41,Sports Fixture,J031,Cubbon Road,33557,Weekday,False,Rain,True,24.2,False,False,1.0,Severe,9.4,67.7,468.9,0.191,0.441,0.891,Heavy rain reducing visibility and grip - reduced speed and longer buffer advised
EVT414629,2025-10-05 08:41:53,Sports Fixture,J012,Koramangala Sony World,18684,Weekend,False,Rain,True,21.0,False,False,1.0,Severe,8.9,68.4,382.7,0.14,0.324,0.888,Heavy rain reducing visibility and grip - reduced speed and longer buffer advised
EVT414630,2025-09-02 07:53:00,Sports Fixture,J030,MG Road,31248,Weekday,False,Rain,True,14.5,False,False,1.0,Severe,9.8,75.3,448.4,0.167,0.385,0.856,Heavy rain reducing visibility and grip - reduced speed and longer buffer advised
EVT414631,2025-07-19 07:42:08,Local Market Day,J020,Malleshwaram Circle,4227,Weekend,False,Rain,True,15.6,False,False,0.806,Severe,11.9,51.5,256.9,0.118,0.272,0.929,Heavy rain reducing visibility and grip - reduced speed and longer buffer advised
EVT414632,2026-06-23 08:10:45,Trade Fair,J040,City Market,6801,Weekday,False,Rain,True,8.3,False,False,1.0,Severe,11.9,72.5,321.8,0.149,0.345,0.834,Heavy rain reducing visibility and grip - reduced speed and longer buffer advised
EVT414633,2025-01-22 19:18:09,Trade Fair,J030,MG Road,6474,Weekday,False,Clear,False,0.0,False,False,0.974,Severe,9.6,70.7,528.4,0.204,0.471,0.914,Heavy congestion detected - signal timing extended and reroute suggested
EVT414634,2026-04-28 07:02:09,Political Rally,J023,Basavanagudi,19677,Weekday,False,Light Rain,True,1.2,False,False,0.635,High,21.1,47.4,270.8,0.177,0.409,0.902,Heavy rain reducing visibility and grip - reduced speed and longer buffer advised
EVT414635,2025-05-29 12:38:12,Concert,J020,Malleshwaram Circle,7714,Weekday,False,Clear,False,0.0,False,False,0.206,Low,41.4,17.6,167.3,0.183,0.423,0.978,Normal free-flow traffic - standard signal timing maintained
EVT414636,2026-03-17 17:30:54,Trade Fair,J009,Majestic,10004,Weekday,False,Clear,False,0.0,False,False,0.867,Severe,13.4,60.5,325.1,0.17,0.392,0.923,Heavy congestion detected - signal timing extended and reroute suggested
EVT414637,2025-01-02 18:58:46,Local Market Day,J023,Basavanagudi,5663,Weekday,False,Clear,False,0.0,False,False,1.0,Severe,7.6,69.1,754.5,0.22,0.508,0.916,Heavy congestion detected - signal timing extended and reroute suggested
EVT414638,2026-01-27 15:57:06,Religious Festival,J020,Malleshwaram Circle,40470,Weekday,True,Clear,False,0.0,False,True,1.0,Severe,9.5,101.9,490.7,0.193,0.446,0.84,Road closure for event/procession - full detour recommended for through-traffic
EVT414639,2025-11-21 08:30:46,Sports Fixture,J020,Malleshwaram Circle,11990,Weekday,False,Light Rain,True,3.6,False,False,1.0,Severe,7.4,71.8,756.5,0.221,0.511,0.858,Heavy rain reducing visibility and grip - reduced speed and longer buffer advised
EVT414640,2025-06-17 08:42:30,Local Market Day,J030,MG Road,3264,Weekday,False,Clear,False,0.0,False,False,0.983,Severe,8.2,72.8,367.0,0.136,0.314,0.902,Heavy congestion detected - signal timing extended and reroute suggested
EVT414641,2025-03-17 05:31:29,Trade Fair,J012,Koramangala Sony World,7317,Weekday,False,Fog,False,0.0,False,False,0.266,Low,33.4,22.0,147.4,0.134,0.311,0.981,Moderate traffic flow - standard adaptive signal timing in effect
EVT414642,2025-08-07 07:48:13,Local Market Day,J030,MG Road,7369,Weekday,False,Rain,True,17.8,False,False,0.946,Severe,11.2,71.4,444.1,0.188,0.435,0.89,Heavy rain reducing visibility and grip - reduced speed and longer buffer advised
EVT414643,2025-04-23 13:14:25,Concert,J031,Cubbon Road,19398,Weekday,False,Clear,False,0.0,False,False,0.288,Low,29.1,28.8,175.3,0.132,0.305,0.97,Moderate traffic flow - standard adaptive signal timing in effect
EVT414644,2025-05-29 17:48:24,Trade Fair,J023,Basavanagudi,5776,Weekday,False,Fog,False,0.0,False,False,0.894,Severe,14.1,67.5,488.1,0.257,0.594,0.962,Heavy congestion detected - signal timing extended and reroute suggested
EVT414645,2026-02-28 09:42:22,Trade Fair,J030,MG Road,6642,Weekend,False,Clear,False,0.0,False,False,0.766,Severe,16.0,49.9,331.4,0.186,0.43,0.98,Heavy congestion detected - signal timing extended and reroute suggested
EVT414646,2025-01-17 10:33:13,Local Market Day,J020,Malleshwaram Circle,7662,Weekday,False,Clear,False,0.0,False,False,0.629,High,16.1,40.7,265.4,0.138,0.319,0.953,Moderate traffic flow - standard adaptive signal timing in effect
EVT414647,2025-08-04 11:42:25,Trade Fair,J031,Cubbon Road,6644,Weekday,False,Clear,False,0.0,False,False,0.296,Low,28.5,21.0,268.2,0.231,0.534,0.969,Moderate traffic flow - standard adaptive signal timing in effect
EVT414648,2026-05-19 22:49:48,Trade Fair,J040,City Market,15420,Weekday,False,Light Rain,True,6.5,False,False,0.348,Low,24.7,23.6,200.6,0.147,0.34,0.918,Light rain detected - minor speed reduction advised
EVT414649,2026-01-13 14:08:27,Trade Fair,J023,Basavanagudi,8390,Weekday,False,Clear,False,0.0,False,False,0.261,Low,29.5,14.8,135.8,0.094,0.216,0.956,Moderate traffic flow - standard adaptive signal timing in effect
EVT414650,2025-11-02 11:24:49,Cultural Procession,J020,Malleshwaram Circle,13442,Weekend,True,Clear,False,0.0,False,True,0.768,High,11.7,79.9,505.2,0.222,0.513,0.885,Road closure for event/procession - full detour recommended for through-traffic
EVT414651,2025-06-19 15:17:48,Sports Fixture,J031,Cubbon Road,37157,Weekday,False,Clear,False,0.0,False,False,0.459,Moderate,31.9,28.4,104.2,0.076,0.175,0.965,Moderate traffic flow - standard adaptive signal timing in effect
EVT414652,2026-03-04 16:56:08,Religious Festival,J009,Majestic,45916,Weekday,True,Fog,False,0.0,False,True,1.0,Severe,10.3,98.4,389.2,0.178,0.411,0.834,Road closure for event/procession - full detour recommended for through-traffic
EVT414653,2026-06-18 15:16:31,Local Market Day,J012,Koramangala Sony World,5847,Weekday,False,Clear,False,0.0,False,False,0.372,Moderate,26.1,29.3,140.7,0.112,0.258,0.948,Moderate traffic flow - standard adaptive signal timing in effect
EVT414654,2025-12-12 07:17:43,Concert,J009,Majestic,7875,Weekday,False,Clear,False,0.0,False,False,0.581,High,25.9,36.7,165.4,0.118,0.272,0.952,Moderate traffic flow - standard adaptive signal timing in effect
EVT414655,2025-10-16 13:52:26,Concert,J023,Basavanagudi,16593,Weekday,False,Fog,False,0.0,False,False,0.24,Low,31.1,18.4,224.3,0.186,0.429,0.97,Normal free-flow traffic - standard signal timing maintained
EVT414656,2026-02-24 15:14:44,Trade Fair,J040,City Market,8175,Weekday,False,Clear,False,0.0,False,False,0.244,Low,25.7,16.6,176.9,0.133,0.308,0.952,Normal free-flow traffic - standard signal timing maintained
EVT414657,2025-07-02 18:17:52,Local Market Day,J009,Majestic,3371,Weekday,False,Clear,False,0.0,False,False,0.966,Severe,8.8,66.9,287.0,0.114,0.264,0.917,Heavy congestion detected - signal timing extended and reroute suggested
EVT414658,2025-03-11 07:12:49,Local Market Day,J012,Koramangala Sony World,3692,Weekday,False,Clear,False,0.0,False,False,0.506,Moderate,24.5,35.8,111.7,0.081,0.187,0.99,Moderate traffic flow - standard adaptive signal timing in effect
EVT414659,2025-11-13 15:00:57,Political Rally,J023,Basavanagudi,15653,Weekday,False,Clear,False,0.0,False,False,0.3,Low,35.9,20.7,207.2,0.176,0.407,0.968,Moderate traffic flow - standard adaptive signal timing in effect
EVT414660,2025-07-29 07:43:07,Sports Fixture,J030,MG Road,28973,Weekday,False,Heavy Rain,True,37.2,False,False,1.0,Severe,8.9,67.3,582.8,0.224,0.517,0.86,Heavy rain reducing visibility and grip - reduced speed and longer buffer advised
EVT414661,2025-02-18 13:31:18,Sports Fixture,J009,Majestic,26619,Weekday,False,Clear,False,0.0,False,False,0.348,Low,28.6,29.1,64.5,0.052,0.121,0.979,Moderate traffic flow - standard adaptive signal timing in effect
EVT414662,2025-07-17 15:41:16,Local Market Day,J012,Koramangala Sony World,5575,Weekday,False,Clear,False,0.0,False,False,0.36,Moderate,30.6,19.2,120.9,0.093,0.215,0.978,Moderate traffic flow - standard adaptive signal timing in effect
EVT414663,2026-04-25 14:41:45,Concert,J020,Malleshwaram Circle,4736,Weekend,False,Clear,False,0.0,False,False,0.31,Low,28.4,21.5,163.1,0.131,0.303,0.971,Moderate traffic flow - standard adaptive signal timing in effect
EVT414664,2025-04-22 19:36:18,Local Market Day,J030,MG Road,5408,Weekday,False,Clear,False,0.0,False,False,0.858,Severe,14.0,65.3,480.6,0.238,0.55,0.926,Heavy congestion detected - signal timing extended and reroute suggested
EVT414665,2026-05-28 09:09:01,Trade Fair,J040,City Market,18174,Weekday,False,Clear,False,0.0,False,False,1.0,Severe,10.2,71.9,374.5,0.169,0.389,0.9,Heavy congestion detected - signal timing extended and reroute suggested
EVT414666,2025-04-13 19:19:13,Sports Fixture,J030,MG Road,14746,Weekend,False,Clear,False,0.0,False,False,0.825,Severe,10.2,63.2,357.5,0.138,0.32,0.956,Heavy congestion detected - signal timing extended and reroute suggested
EVT414667,2026-05-14 17:05:15,Political Rally,J023,Basavanagudi,16810,Weekday,False,Clear,False,0.0,False,False,0.829,Severe,14.5,51.5,403.1,0.188,0.435,0.977,Heavy congestion detected - signal timing extended and reroute suggested
EVT414668,2026-03-29 17:18:34,Trade Fair,J020,Malleshwaram Circle,3941,Weekend,False,Clear,False,0.0,False,False,0.731,High,18.2,52.7,180.4,0.117,0.27,0.98,Moderate traffic flow - standard adaptive signal timing in effect
EVT414669,2025-08-22 08:46:28,Sports Fixture,J012,Koramangala Sony World,16658,Weekday,False,Clear,False,0.0,False,False,1.0,Severe,8.6,70.1,566.9,0.195,0.45,0.91,Heavy congestion detected - signal timing extended and reroute suggested
EVT414670,2025-08-07 08:04:11,Local Market Day,J031,Cubbon Road,4155,Weekday,False,Rain,True,14.2,False,False,1.0,Severe,7.0,68.6,1242.7,0.353,0.814,0.883,Heavy rain reducing visibility and grip - reduced speed and longer buffer advised
EVT414671,2025-02-18 15:04:28,Concert,J040,City Market,8994,Weekday,False,Clear,False,0.0,False,False,0.271,Low,32.7,21.9,128.5,0.101,0.233,0.939,Moderate traffic flow - standard adaptive signal timing in effect
EVT414672,2026-02-17 13:01:21,Local Market Day,J040,City Market,3652,Weekday,False,Clear,False,0.0,False,False,0.127,Low,35.1,10.5,84.7,0.08,0.186,0.973,Normal free-flow traffic - standard signal timing maintained
EVT414673,2025-09-06 19:11:21,Religious Festival,J012,Koramangala Sony World,53705,Weekend,True,Heavy Rain,True,52.1,False,True,1.0,Severe,8.3,109.6,831.2,0.299,0.691,0.785,Road closure for event/procession - full detour recommended for through-traffic
EVT414674,2025-11-28 21:26:40,Concert,J023,Basavanagudi,12358,Weekday,False,Clear,False,0.0,False,False,0.365,Moderate,32.4,22.8,180.8,0.166,0.384,0.963,Moderate traffic flow - standard adaptive signal timing in effect
EVT414675,2026-05-14 14:59:32,Local Market Day,J040,City Market,3546,Weekday,False,Fog,False,0.0,False,False,0.184,Low,37.1,12.9,159.6,0.145,0.335,0.951,Normal free-flow traffic - standard signal timing maintained
EVT414676,2025-08-26 08:26:22,Sports Fixture,J020,Malleshwaram Circle,24779,Weekday,False,Clear,False,0.0,False,False,1.0,Severe,8.4,74.6,563.1,0.206,0.475,0.919,Heavy congestion detected - signal timing extended and reroute suggested
EVT414677,2025-12-05 23:52:12,Local Market Day,J012,Koramangala Sony World,3027,Weekday,False,Clear,False,0.0,False,False,0.162,Low,32.6,15.6,105.6,0.08,0.185,0.99,Normal free-flow traffic - standard signal timing maintained
EVT414678,2025-09-20 17:43:17,Concert,J030,MG Road,18618,Weekend,False,Clear,False,0.0,False,False,0.945,Severe,9.3,63.1,549.1,0.186,0.43,0.91,Heavy congestion detected - signal timing extended and reroute suggested
EVT414679,2026-03-16 17:38:40,Political Rally,J023,Basavanagudi,10007,Weekday,False,Clear,False,0.0,False,False,0.988,Severe,8.1,59.1,608.3,0.212,0.489,0.92,Heavy congestion detected - signal timing extended and reroute suggested
EVT414680,2025-10-27 10:16:28,Concert,J031,Cubbon Road,7994,Weekday,False,Clear,False,0.0,False,False,0.742,High,17.8,51.2,529.9,0.305,0.703,0.98,Moderate traffic flow - standard adaptive signal timing in effect
EVT414681,2025-02-12 12:17:52,Concert,J020,Malleshwaram Circle,8291,Weekday,False,Clear,False,0.0,False,False,0.328,Low,27.2,27.4,107.1,0.083,0.191,0.936,Moderate traffic flow - standard adaptive signal timing in effect
EVT414682,2025-09-27 16:27:53,Sports Fixture,J023,Basavanagudi,21187,Weekend,False,Clear,False,0.0,False,False,0.671,High,17.1,44.1,187.8,0.116,0.267,0.95,Moderate traffic flow - standard adaptive signal timing in effect
EVT414683,2026-01-03 10:56:25,Local Market Day,J023,Basavanagudi,2897,Weekend,False,Clear,False,0.0,False,False,0.447,Moderate,28.3,29.4,266.5,0.222,0.513,0.955,Moderate traffic flow - standard adaptive signal timing in effect
EVT414684,2025-03-27 19:40:03,Concert,J040,City Market,13874,Weekday,False,Clear,False,0.0,False,False,0.855,Severe,12.5,64.3,323.8,0.163,0.376,0.935,Heavy congestion detected - signal timing extended and reroute suggested
EVT414685,2026-03-03 07:08:52,Concert,J020,Malleshwaram Circle,13273,Weekday,False,Fog,False,0.0,False,False,0.52,Moderate,28.7,39.9,146.4,0.129,0.299,0.965,Moderate traffic flow - standard adaptive signal timing in effect
EVT414686,2026-01-13 17:19:31,Political Rally,J030,MG Road,20819,Weekday,False,Clear,False,0.0,False,False,0.907,Severe,13.3,68.8,296.8,0.154,0.355,0.929,Heavy congestion detected - signal timing extended and reroute suggested
EVT414687,2025-02-24 08:13:32,Local Market Day,J020,Malleshwaram Circle,6397,Weekday,False,Clear,False,0.0,False,False,0.892,Severe,11.2,60.0,402.2,0.171,0.394,0.917,Heavy congestion detected - signal timing extended and reroute suggested
EVT414688,2026-04-23 09:18:00,Concert,J012,Koramangala Sony World,11830,Weekday,False,Light Rain,True,1.6,False,False,1.0,Severe,6.7,70.4,1131.8,0.303,0.699,0.867,Heavy rain reducing visibility and grip - reduced speed and longer buffer advised
EVT414689,2025-12-01 08:00:45,Trade Fair,J012,Koramangala Sony World,6949,Weekday,False,Clear,False,0.0,False,False,0.876,Severe,12.1,56.6,417.3,0.194,0.447,0.942,Heavy congestion detected - signal timing extended and reroute suggested
EVT414690,2025-01-21 07:59:48,Local Market Day,J020,Malleshwaram Circle,3031,Weekday,False,Clear,False,0.0,False,False,0.82,Severe,16.3,63.3,264.9,0.126,0.29,0.948,Heavy congestion detected - signal timing extended and reroute suggested
EVT414691,2025-05-02 14:36:54,Religious Festival,J023,Basavanagudi,83902,Weekday,True,Clear,False,0.0,False,False,0.863,Severe,13.8,60.7,313.0,0.155,0.359,0.894,Festival crowd surge detected - alternate route and extended cycle recommended
EVT414692,2025-07-30 17:51:44,Sports Fixture,J009,Majestic,26288,Weekday,False,Clear,False,0.0,False,False,1.0,Severe,6.0,74.5,920.0,0.253,0.584,0.926,Heavy congestion detected - signal timing extended and reroute suggested
EVT414693,2026-05-23 17:48:05,Concert,J020,Malleshwaram Circle,12195,Weekend,False,Clear,False,0.0,False,False,0.843,Severe,14.6,59.5,467.6,0.252,0.582,0.967,Heavy congestion detected - signal timing extended and reroute suggested
EVT414694,2025-04-11 07:26:14,Concert,J023,Basavanagudi,6663,Weekday,False,Clear,False,0.0,False,False,0.663,High,21.6,46.6,315.9,0.224,0.517,0.964,Moderate traffic flow - standard adaptive signal timing in effect
EVT414695,2026-06-20 15:18:00,Concert,J011,Indiranagar 100ft Road,21641,Weekend,False,Clear,False,0.0,False,False,0.451,Moderate,31.6,37.9,189.3,0.183,0.423,0.986,Moderate traffic flow - standard adaptive signal timing in effect
EVT414696,2025-11-10 06:51:15,Sports Fixture,J031,Cubbon Road,14225,Weekday,False,Rain,True,24.8,False,False,0.651,High,20.8,49.9,221.1,0.142,0.327,0.924,Heavy rain reducing visibility and grip - reduced speed and longer buffer advised
EVT414697,2025-03-06 06:36:02,Sports Fixture,J012,Koramangala Sony World,21352,Weekday,False,Clear,False,0.0,False,False,0.422,Moderate,31.8,35.3,176.1,0.136,0.314,0.932,Moderate traffic flow - standard adaptive signal timing in effect
EVT414698,2025-05-03 18:05:06,Sports Fixture,J011,Indiranagar 100ft Road,13898,Weekend,False,Clear,False,0.0,False,False,0.911,Severe,14.6,64.5,388.9,0.219,0.506,0.936,Heavy congestion detected - signal timing extended and reroute suggested
EVT414699,2025-10-31 20:52:21,Trade Fair,J040,City Market,9405,Weekday,False,Clear,False,0.0,False,False,0.45,Moderate,26.4,33.9,179.3,0.13,0.3,0.98,Moderate traffic flow - standard adaptive signal timing in effect
EVT414700,2026-05-02 07:33:35,Religious Festival,J030,MG Road,33639,Weekend,True,Clear,False,0.0,False,False,0.965,Severe,8.9,71.8,382.2,0.132,0.304,0.873,Festival crowd surge detected - alternate route and extended cycle recommended
EVT414701,2025-04-14 10:23:23,Religious Festival,J012,Koramangala Sony World,42823,Weekday,True,Clear,False,0.0,False,True,1.0,Severe,7.8,97.6,229.2,0.1,0.232,0.82,Road closure for event/procession - full detour recommended for through-traffic
EVT414702,2025-04-27 12:22:19,Sports Fixture,J023,Basavanagudi,9662,Weekend,False,Light Rain,True,0.9,False,False,0.318,Low,26.6,22.5,177.5,0.132,0.306,0.901,Light rain detected - minor speed reduction advised
EVT414703,2026-04-19 10:50:51,Concert,J020,Malleshwaram Circle,17421,Weekend,False,Clear,False,0.0,False,False,0.601,High,22.6,45.9,294.0,0.191,0.44,0.954,Moderate traffic flow - standard adaptive signal timing in effect
EVT414704,2026-04-19 08:26:14,Local Market Day,J030,MG Road,5151,Weekend,False,Clear,False,0.0,False,False,0.824,Severe,16.2,59.1,330.4,0.203,0.469,0.941,Heavy congestion detected - signal timing extended and reroute suggested
EVT414705,2026-02-20 02:52:55,Concert,J031,Cubbon Road,13038,Weekday,False,Clear,False,0.0,False,False,0.19,Low,25.5,16.3,227.9,0.129,0.298,0.932,Normal free-flow traffic - standard signal timing maintained
EVT414706,2025-07-18 15:32:45,Local Market Day,J009,Majestic,2388,Weekday,False,Clear,False,0.0,False,False,0.402,Moderate,28.1,26.4,242.4,0.185,0.427,0.962,Moderate traffic flow - standard adaptive signal timing in effect
EVT414707,2025-12-18 12:49:31,Political Rally,J011,Indiranagar 100ft Road,19788,Weekday,False,Clear,False,0.0,False,False,0.252,Low,29.3,12.3,202.2,0.154,0.356,0.974,Moderate traffic flow - standard adaptive signal timing in effect
EVT414708,2025-06-23 15:33:08,Political Rally,J023,Basavanagudi,13914,Weekday,False,Rain,True,17.0,False,False,0.511,Moderate,27.8,29.0,208.3,0.183,0.424,0.939,Light rain detected - minor speed reduction advised
EVT414709,2025-03-23 18:08:40,Local Market Day,J040,City Market,3370,Weekend,False,Clear,False,0.0,False,False,0.884,Severe,13.1,61.5,376.1,0.189,0.437,0.917,Heavy congestion detected - signal timing extended and reroute suggested
EVT414710,2025-01-17 10:33:31,Political Rally,J031,Cubbon Road,15347,Weekday,False,Clear,False,0.0,False,False,0.694,High,15.2,54.1,407.3,0.222,0.512,0.959,Moderate traffic flow - standard adaptive signal timing in effect
EVT414711,2025-04-18 18:19:35,Political Rally,J031,Cubbon Road,17491,Weekday,False,Clear,False,0.0,False,False,1.0,Severe,6.6,76.0,585.6,0.148,0.342,0.931,Heavy congestion detected - signal timing extended and reroute suggested
EVT414712,2025-09-01 14:55:37,Political Rally,J011,Indiranagar 100ft Road,17370,Weekday,False,Rain,True,16.9,False,False,0.496,Moderate,16.0,38.0,319.2,0.122,0.283,0.9,Light rain detected - minor speed reduction advised
EVT414713,2025-05-16 07:04:10,Local Market Day,J031,Cubbon Road,1947,Weekday,False,Light Rain,True,5.8,False,False,0.537,Moderate,23.0,37.3,223.5,0.143,0.329,0.922,Light rain detected - minor speed reduction advised
EVT414714,2025-02-24 10:23:02,Local Market Day,J040,City Market,3318,Weekday,False,Clear,False,0.0,False,False,0.608,High,20.6,43.5,236.9,0.138,0.318,0.939,Moderate traffic flow - standard adaptive signal timing in effect
EVT414715,2025-12-24 18:43:25,Local Market Day,J031,Cubbon Road,3173,Weekday,False,Clear,False,0.0,False,False,1.0,Severe,8.2,68.0,672.2,0.246,0.567,0.915,Heavy congestion detected - signal timing extended and reroute suggested
EVT414716,2026-03-29 15:09:22,Local Market Day,J030,MG Road,2522,Weekend,False,Rain,True,7.5,False,False,0.489,Moderate,18.2,37.2,157.6,0.1,0.23,0.926,Light rain detected - minor speed reduction advised
EVT414717,2025-12-02 09:00:13,Local Market Day,J012,Koramangala Sony World,3754,Weekday,False,Clear,False,0.0,False,False,1.0,Severe,8.1,66.0,871.7,0.274,0.633,0.913,Heavy congestion detected - signal timing extended and reroute suggested
EVT414718,2025-04-11 10:14:08,Trade Fair,J023,Basavanagudi,16245,Weekday,False,Clear,False,0.0,False,False,0.831,Severe,15.7,51.2,555.3,0.275,0.635,0.952,Heavy congestion detected - signal timing extended and reroute suggested
EVT414719,2025-07-09 17:06:43,Trade Fair,J009,Majestic,7928,Weekday,False,Clear,False,0.0,False,False,0.833,Severe,14.8,63.3,315.1,0.159,0.368,0.923,Heavy congestion detected - signal timing extended and reroute suggested
EVT414720,2025-05-22 09:38:58,Concert,J020,Malleshwaram Circle,14047,Weekday,False,Clear,False,0.0,False,False,0.922,Severe,11.2,60.6,624.4,0.27,0.623,0.954,Heavy congestion detected - signal timing extended and reroute suggested
EVT414721,2026-04-14 05:41:48,Religious Festival,J020,Malleshwaram Circle,40986,Weekday,True,Clear,False,0.0,False,False,0.611,High,19.1,41.8,302.7,0.182,0.42,0.891,Festival crowd surge detected - alternate route and extended cycle recommended
EVT414722,2025-10-30 20:31:12,Sports Fixture,J031,Cubbon Road,20664,Weekday,False,Heavy Rain,True,26.0,False,False,0.894,Severe,13.0,58.0,267.6,0.122,0.281,0.888,Heavy rain reducing visibility and grip - reduced speed and longer buffer advised
EVT414723,2025-10-31 20:28:11,Concert,J023,Basavanagudi,8486,Weekday,False,Clear,False,0.0,False,False,0.536,Moderate,20.4,39.8,156.3,0.099,0.229,0.983,Moderate traffic flow - standard adaptive signal timing in effect
EVT414724,2025-04-14 09:39:11,Religious Festival,J023,Basavanagudi,39314,Weekday,True,Clear,False,0.0,False,True,1.0,Severe,7.1,104.0,933.0,0.265,0.612,0.842,Road closure for event/procession - full detour recommended for through-traffic
EVT414725,2026-03-12 16:23:45,Sports Fixture,J020,Malleshwaram Circle,17667,Weekday,False,Clear,False,0.0,False,False,0.639,High,21.2,47.3,118.9,0.087,0.201,0.957,Moderate traffic flow - standard adaptive signal timing in effect
EVT414726,2026-01-03 10:53:15,Local Market Day,J009,Majestic,2690,Weekend,False,Clear,False,0.0,False,False,0.467,Moderate,26.2,28.3,202.4,0.156,0.361,0.987,Moderate traffic flow - standard adaptive signal timing in effect
EVT414727,2026-02-02 09:21:31,Trade Fair,J030,MG Road,9075,Weekday,False,Clear,False,0.0,False,False,0.974,Severe,11.7,62.6,398.1,0.182,0.422,0.926,Heavy congestion detected - signal timing extended and reroute suggested
EVT414728,2025-03-26 18:02:58,Sports Fixture,J030,MG Road,29303,Weekday,False,Clear,False,0.0,False,False,1.0,Severe,7.6,70.6,797.2,0.245,0.565,0.907,Heavy congestion detected - signal timing extended and reroute suggested
EVT414729,2025-09-22 13:59:22,Concert,J009,Majestic,10106,Weekday,False,Heavy Rain,True,41.5,False,False,0.5,Moderate,25.7,31.7,118.6,0.085,0.196,0.902,Light rain detected - minor speed reduction advised
EVT414730,2025-01-29 10:03:24,Local Market Day,J023,Basavanagudi,3215,Weekday,False,Clear,False,0.0,False,False,0.773,Severe,16.2,55.0,349.2,0.185,0.428,0.972,Heavy congestion detected - signal timing extended and reroute suggested
EVT414731,2026-01-31 13:28:44,Concert,J011,Indiranagar 100ft Road,19553,Weekend,False,Clear,False,0.0,False,False,0.334,Low,28.1,19.6,177.8,0.113,0.26,0.956,Moderate traffic flow - standard adaptive signal timing in effect
EVT414732,2025-10-27 10:15:50,Local Market Day,J040,City Market,5584,Weekday,False,Clear,False,0.0,False,False,0.812,Severe,13.9,61.1,322.6,0.171,0.395,0.933,Heavy congestion detected - signal timing extended and reroute suggested
EVT414733,2025-03-07 12:17:37,Concert,J040,City Market,8263,Weekday,False,Clear,False,0.0,False,False,0.201,Low,37.6,15.8,107.8,0.092,0.212,0.96,Normal free-flow traffic - standard signal timing maintained
EVT414734,2025-03-07 22:17:18,Political Rally,J020,Malleshwaram Circle,20526,Weekday,False,Clear,False,0.0,False,False,0.245,Low,28.2,20.0,88.4,0.072,0.167,0.959,Normal free-flow traffic - standard signal timing maintained
EVT414735,2026-06-28 19:08:06,Local Market Day,J011,Indiranagar 100ft Road,4590,Weekend,False,Heavy Rain,True,32.0,False,False,1.0,Severe,8.2,79.7,392.0,0.148,0.341,0.882,Heavy rain reducing visibility and grip - reduced speed and longer buffer advised
EVT414736,2025-07-25 15:20:30,Sports Fixture,J011,Indiranagar 100ft Road,25983,Weekday,False,Clear,False,0.0,False,False,0.369,Moderate,34.8,26.2,179.0,0.169,0.391,0.974,Moderate traffic flow - standard adaptive signal timing in effect
EVT414737,2025-11-30 21:24:10,Trade Fair,J009,Majestic,8250,Weekend,False,Clear,False,0.0,False,False,0.396,Moderate,23.6,27.0,267.1,0.175,0.404,0.974,Moderate traffic flow - standard adaptive signal timing in effect
EVT414738,2025-01-08 12:35:50,Local Market Day,J012,Koramangala Sony World,3417,Weekday,False,Clear,False,0.0,False,False,0.196,Low,32.3,12.7,125.7,0.088,0.203,0.969,Normal free-flow traffic - standard signal timing maintained
EVT414739,2025-09-02 08:13:42,Trade Fair,J031,Cubbon Road,8304,Weekday,False,Clear,False,0.0,False,False,0.849,Severe,13.7,60.6,404.6,0.201,0.464,0.949,Heavy congestion detected - signal timing extended and reroute suggested
EVT414740,2025-09-05 18:03:39,Fireworks Display,J020,Malleshwaram Circle,20064,Weekday,True,Clear,False,0.0,False,False,1.0,Severe,8.9,74.2,325.6,0.144,0.334,0.846,Festival crowd surge detected - alternate route and extended cycle recommended
EVT414741,2025-01-04 17:11:36,Local Market Day,J030,MG Road,6145,Weekend,False,Clear,False,0.0,False,False,0.772,Severe,18.5,56.8,276.7,0.19,0.439,0.975,Heavy congestion detected - signal timing extended and reroute suggested
EVT414742,2025-06-04 23:01:57,Trade Fair,J023,Basavanagudi,6099,Weekday,False,Clear,False,0.0,False,False,0.237,Low,33.8,16.8,197.8,0.167,0.386,0.948,Normal free-flow traffic - standard signal timing maintained
EVT414743,2026-05-11 10:40:22,Sports Fixture,J040,City Market,16339,Weekday,False,Clear,False,0.0,False,False,0.68,High,13.9,35.6,172.2,0.082,0.19,0.959,Moderate traffic flow - standard adaptive signal timing in effect
EVT414744,2025-04-01 11:30:19,Concert,J011,Indiranagar 100ft Road,7171,Weekday,False,Clear,False,0.0,False,False,0.325,Low,35.3,24.8,154.4,0.162,0.375,0.936,Moderate traffic flow - standard adaptive signal timing in effect
EVT414745,2025-10-22 06:45:38,Religious Festival,J009,Majestic,75849,Weekday,True,Clear,False,0.0,False,True,1.0,Severe,6.5,103.4,919.2,0.276,0.637,0.81,Road closure for event/procession - full detour recommended for through-traffic
EVT414746,2025-04-07 23:20:18,Cultural Procession,J012,Koramangala Sony World,18556,Weekday,True,Clear,False,0.0,False,True,0.563,Moderate,21.6,59.1,405.8,0.265,0.612,0.868,Road closure for event/procession - full detour recommended for through-traffic
EVT414747,2025-12-01 08:44:20,Trade Fair,J030,MG Road,9014,Weekday,False,Clear,False,0.0,False,False,1.0,Severe,9.5,68.4,485.3,0.207,0.478,0.894,Heavy congestion detected - signal timing extended and reroute suggested
EVT414748,2026-03-09 08:35:15,Sports Fixture,J011,Indiranagar 100ft Road,20723,Weekday,False,Clear,False,0.0,False,False,1.0,Severe,8.3,64.5,193.6,0.074,0.171,0.907,Heavy congestion detected - signal timing extended and reroute suggested
EVT414749,2026-05-17 15:21:47,Political Rally,J031,Cubbon Road,10290,Weekend,False,Clear,False,0.0,False,False,0.396,Moderate,30.9,28.1,136.4,0.098,0.227,0.966,Moderate traffic flow - standard adaptive signal timing in effect
EVT414750,2026-06-09 18:35:35,Political Rally,J020,Malleshwaram Circle,12839,Weekday,False,Heavy Rain,True,26.0,False,False,1.0,Severe,9.7,76.5,495.1,0.191,0.441,0.858,Heavy rain reducing visibility and grip - reduced speed and longer buffer advised
EVT414751,2025-10-06 16:03:17,Sports Fixture,J009,Majestic,13512,Weekday,False,Clear,False,0.0,False,False,0.458,Moderate,25.4,33.8,225.9,0.176,0.408,0.961,Moderate traffic flow - standard adaptive signal timing in effect
EVT414752,2025-03-02 19:39:59,Sports Fixture,J040,City Market,19301,Weekend,False,Clear,False,0.0,False,False,0.803,Severe,14.4,59.7,286.4,0.146,0.336,0.958,Heavy congestion detected - signal timing extended and reroute suggested
EVT414753,2025-12-02 16:11:34,Trade Fair,J030,MG Road,5000,Weekday,False,Clear,False,0.0,False,False,0.437,Moderate,28.6,31.6,125.8,0.101,0.233,0.99,Moderate traffic flow - standard adaptive signal timing in effect
EVT414754,2026-01-06 21:12:34,Local Market Day,J011,Indiranagar 100ft Road,6209,Weekday,False,Clear,False,0.0,False,False,0.382,Moderate,25.2,25.7,214.8,0.181,0.418,0.963,Moderate traffic flow - standard adaptive signal timing in effect
EVT414755,2026-03-06 07:31:47,Trade Fair,J020,Malleshwaram Circle,5282,Weekday,False,Clear,False,0.0,False,False,0.568,High,28.0,45.2,166.9,0.135,0.313,0.952,Moderate traffic flow - standard adaptive signal timing in effect
EVT414756,2026-04-20 08:10:15,Political Rally,J040,City Market,14375,Weekday,False,Clear,False,0.0,False,False,0.887,Severe,12.4,64.5,386.2,0.174,0.402,0.945,Heavy congestion detected - signal timing extended and reroute suggested
EVT414757,2025-05-22 07:58:20,Local Market Day,J031,Cubbon Road,2397,Weekday,False,Clear,False,0.0,False,False,0.811,Severe,16.0,57.4,371.1,0.221,0.51,0.945,Heavy congestion detected - signal timing extended and reroute suggested
EVT414758,2025-09-27 20:08:27,Political Rally,J023,Basavanagudi,18673,Weekend,False,Clear,False,0.0,False,False,0.775,Severe,15.5,52.9,229.8,0.128,0.296,0.953,Heavy congestion detected - signal timing extended and reroute suggested
EVT414759,2025-05-09 08:22:46,Sports Fixture,J030,MG Road,19674,Weekday,False,Clear,False,0.0,False,False,1.0,Severe,8.4,74.4,427.0,0.165,0.38,0.933,Heavy congestion detected - signal timing extended and reroute suggested
EVT414760,2025-02-28 17:56:40,Local Market Day,J023,Basavanagudi,1680,Weekday,False,Clear,False,0.0,False,False,0.961,Severe,11.0,69.8,313.1,0.133,0.306,0.902,Heavy congestion detected - signal timing extended and reroute suggested
EVT414761,2025-04-15 16:09:33,Religious Festival,J023,Basavanagudi,38716,Weekday,True,Clear,False,0.0,False,True,1.0,Severe,8.0,101.3,587.4,0.218,0.503,0.812,Road closure for event/procession - full detour recommended for through-traffic
EVT414762,2026-04-06 18:49:20,Trade Fair,J023,Basavanagudi,8878,Weekday,False,Fog,False,0.0,False,False,1.0,Severe,8.3,73.1,643.6,0.202,0.467,0.929,Heavy congestion detected - signal timing extended and reroute suggested
EVT414763,2025-03-11 21:03:42,Sports Fixture,J030,MG Road,15643,Weekday,False,Clear,False,0.0,False,False,0.423,Moderate,30.8,30.8,215.6,0.174,0.401,0.975,Moderate traffic flow - standard adaptive signal timing in effect
EVT414764,2025-06-07 17:18:54,Concert,J012,Koramangala Sony World,10040,Weekend,False,Clear,False,0.0,False,False,0.774,Severe,17.1,51.6,280.6,0.155,0.359,0.963,Heavy congestion detected - signal timing extended and reroute suggested
EVT414765,2026-04-11 07:32:46,Trade Fair,J020,Malleshwaram Circle,11272,Weekend,False,Rain,True,20.4,False,False,0.762,Severe,16.9,56.0,351.1,0.213,0.493,0.908,Heavy rain reducing visibility and grip - reduced speed and longer buffer advised
EVT414766,2026-04-13 19:02:24,Trade Fair,J040,City Market,12480,Weekday,False,Clear,False,0.0,False,False,1.0,Severe,7.5,69.2,552.5,0.153,0.354,0.916,Heavy congestion detected - signal timing extended and reroute suggested
EVT414767,2025-08-21 14:26:03,Concert,J009,Majestic,6822,Weekday,False,Clear,False,0.0,False,False,0.203,Low,39.4,9.6,165.4,0.16,0.37,0.965,Normal free-flow traffic - standard signal timing maintained
EVT414768,2025-07-07 19:58:44,Local Market Day,J030,MG Road,5273,Weekday,False,Rain,True,14.8,False,False,0.927,Severe,8.7,67.6,463.2,0.174,0.402,0.893,Heavy rain reducing visibility and grip - reduced speed and longer buffer advised
EVT414769,2025-04-27 10:00:32,Political Rally,J023,Basavanagudi,14779,Weekend,False,Fog,False,0.0,False,False,0.829,Severe,14.9,55.1,356.2,0.173,0.399,0.925,Heavy congestion detected - signal timing extended and reroute suggested
EVT414770,2025-11-21 09:51:14,Concert,J009,Majestic,21958,Weekday,False,Clear,False,0.0,False,False,0.976,Severe,8.8,72.5,390.9,0.157,0.362,0.894,Heavy congestion detected - signal timing extended and reroute suggested
EVT414771,2025-07-17 19:55:24,Trade Fair,J040,City Market,9191,Weekday,False,Clear,False,0.0,False,False,0.789,Severe,13.8,57.8,593.7,0.289,0.667,0.928,Heavy congestion detected - signal timing extended and reroute suggested
EVT414772,2026-03-18 02:02:33,Concert,J012,Koramangala Sony World,7260,Weekday,False,Clear,False,0.0,False,False,0.184,Low,32.0,11.9,58.3,0.043,0.099,0.962,Normal free-flow traffic - standard signal timing maintained
EVT414773,2025-10-15 13:35:11,Concert,J031,Cubbon Road,16394,Weekday,False,Fog,False,0.0,False,False,0.319,Low,30.0,22.8,78.5,0.046,0.106,0.964,Moderate traffic flow - standard adaptive signal timing in effect
EVT414774,2025-04-27 16:53:48,Sports Fixture,J012,Koramangala Sony World,10089,Weekend,False,Clear,False,0.0,False,False,0.582,High,26.4,44.9,245.6,0.181,0.417,0.976,Moderate traffic flow - standard adaptive signal timing in effect
EVT414775,2025-01-07 01:23:01,Concert,J020,Malleshwaram Circle,13884,Weekday,False,Clear,False,0.0,False,False,0.284,Low,30.8,24.8,147.4,0.112,0.258,0.974,Moderate traffic flow - standard adaptive signal timing in effect
EVT414776,2025-08-11 21:06:56,Concert,J009,Majestic,26740,Weekday,False,Clear,False,0.0,False,False,0.548,Moderate,22.5,30.9,225.0,0.142,0.328,0.96,Moderate traffic flow - standard adaptive signal timing in effect
EVT414777,2026-05-29 20:07:24,Local Market Day,J020,Malleshwaram Circle,4264,Weekday,False,Clear,False,0.0,False,False,0.743,High,14.2,47.9,282.5,0.115,0.265,0.962,Moderate traffic flow - standard adaptive signal timing in effect
EVT414778,2025-10-27 16:52:05,Sports Fixture,J012,Koramangala Sony World,21628,Weekday,False,Clear,False,0.0,False,False,0.801,Severe,15.0,58.3,337.0,0.193,0.446,0.953,Heavy congestion detected - signal timing extended and reroute suggested
EVT414779,2025-12-20 16:30:59,Concert,J030,MG Road,12631,Weekend,False,Clear,False,0.0,False,False,0.594,High,21.8,45.1,317.2,0.209,0.482,0.99,Moderate traffic flow - standard adaptive signal timing in effect
EVT414780,2025-11-10 17:12:58,Trade Fair,J020,Malleshwaram Circle,6044,Weekday,False,Clear,False,0.0,False,False,0.885,Severe,13.6,61.2,298.5,0.13,0.301,0.939,Heavy congestion detected - signal timing extended and reroute suggested
EVT414781,2025-11-29 19:02:16,Trade Fair,J023,Basavanagudi,9887,Weekend,False,Clear,False,0.0,False,False,0.84,Severe,12.9,61.3,405.7,0.188,0.435,0.979,Heavy congestion detected - signal timing extended and reroute suggested
EVT414782,2025-09-10 20:15:17,Sports Fixture,J040,City Market,23027,Weekday,False,Clear,False,0.0,False,False,0.864,Severe,12.2,57.6,433.1,0.21,0.484,0.936,Heavy congestion detected - signal timing extended and reroute suggested
EVT414783,2026-05-30 22:43:38,Concert,J040,City Market,8318,Weekend,False,Light Rain,True,1.4,False,False,0.431,Moderate,27.6,31.7,109.4,0.078,0.18,0.916,Light rain detected - minor speed reduction advised
EVT414784,2026-06-11 08:31:09,Local Market Day,J012,Koramangala Sony World,4625,Weekday,False,Clear,False,0.0,False,False,1.0,Severe,9.2,66.3,546.1,0.194,0.449,0.92,Heavy congestion detected - signal timing extended and reroute suggested
EVT414785,2025-12-13 14:11:25,Sports Fixture,J040,City Market,26335,Weekend,False,Clear,False,0.0,False,False,0.411,Moderate,24.5,34.0,182.8,0.124,0.287,0.965,Moderate traffic flow - standard adaptive signal timing in effect
EVT414786,2025-06-03 07:06:40,Political Rally,J009,Majestic,9694,Weekday,False,Clear,False,0.0,False,False,0.536,Moderate,19.2,31.9,206.9,0.116,0.269,0.985,Moderate traffic flow - standard adaptive signal timing in effect
EVT414787,2025-02-01 06:35:30,Trade Fair,J040,City Market,7008,Weekend,False,Clear,False,0.0,False,False,0.443,Moderate,23.0,25.7,142.8,0.094,0.218,0.975,Moderate traffic flow - standard adaptive signal timing in effect
EVT414788,2026-05-24 08:47:15,Political Rally,J030,MG Road,18319,Weekend,False,Clear,False,0.0,False,False,0.944,Severe,11.2,60.0,346.9,0.131,0.303,0.932,Heavy congestion detected - signal timing extended and reroute suggested
EVT414789,2025-09-19 16:20:50,Sports Fixture,J012,Koramangala Sony World,19699,Weekday,False,Heavy Rain,True,28.9,False,False,0.92,Severe,9.8,63.4,275.5,0.089,0.206,0.883,Heavy rain reducing visibility and grip - reduced speed and longer buffer advised
EVT414790,2026-06-05 22:28:43,Trade Fair,J009,Majestic,6149,Weekday,False,Clear,False,0.0,False,False,0.231,Low,34.0,10.8,132.5,0.114,0.264,0.99,Normal free-flow traffic - standard signal timing maintained
EVT414791,2026-03-25 10:23:50,Local Market Day,J030,MG Road,2937,Weekday,False,Clear,False,0.0,False,False,0.668,High,22.9,41.6,218.9,0.153,0.353,0.966,Moderate traffic flow - standard adaptive signal timing in effect
EVT414792,2025-07-30 21:24:37,Concert,J009,Majestic,6399,Weekday,False,Clear,False,0.0,False,False,0.34,Low,32.8,23.1,191.9,0.167,0.385,0.961,Moderate traffic flow - standard adaptive signal timing in effect
EVT414793,2026-02-07 09:38:10,Sports Fixture,J040,City Market,15124,Weekend,False,Clear,False,0.0,False,False,0.891,Severe,12.0,58.2,523.4,0.23,0.531,0.957,Heavy congestion detected - signal timing extended and reroute suggested
EVT414794,2025-11-14 18:53:38,Concert,J023,Basavanagudi,8040,Weekday,False,Fog,False,0.0,False,False,1.0,Severe,8.3,67.9,343.1,0.125,0.289,0.909,Heavy congestion detected - signal timing extended and reroute suggested
EVT414795,2025-10-26 08:30:11,Trade Fair,J011,Indiranagar 100ft Road,5886,Weekend,False,Clear,False,0.0,False,False,0.865,Severe,16.3,63.8,216.7,0.135,0.311,0.939,Heavy congestion detected - signal timing extended and reroute suggested
EVT414796,2025-01-12 21:34:11,Local Market Day,J040,City Market,3953,Weekend,False,Clear,False,0.0,False,False,0.362,Moderate,26.7,25.8,169.8,0.124,0.286,0.972,Moderate traffic flow - standard adaptive signal timing in effect
EVT414797,2025-01-27 17:50:25,Religious Festival,J011,Indiranagar 100ft Road,55649,Weekday,True,Clear,False,0.0,False,True,1.0,Severe,8.5,101.3,509.9,0.197,0.455,0.814,Road closure for event/procession - full detour recommended for through-traffic
EVT414798,2025-05-22 08:53:41,Trade Fair,J020,Malleshwaram Circle,5314,Weekday,False,Rain,True,14.2,True,False,1.0,Severe,7.9,76.5,415.1,0.163,0.377,0.69,Accident detected nearby - reroute and reduced speed advised
EVT414799,2025-06-18 14:59:12,Sports Fixture,J031,Cubbon Road,11724,Weekday,False,Rain,True,21.6,False,False,0.492,Moderate,24.3,36.0,129.3,0.099,0.228,0.897,Light rain detected - minor speed reduction advised
EVT414800,2025-02-14 06:59:51,Local Market Day,J009,Majestic,3590,Weekday,False,Clear,False,0.0,False,False,0.412,Moderate,27.7,31.6,125.8,0.082,0.189,0.935,Moderate traffic flow - standard adaptive signal timing in effect
EVT414801,2025-02-09 07:08:57,Local Market Day,J009,Majestic,5705,Weekend,False,Clear,False,0.0,False,False,0.432,Moderate,27.4,27.7,93.1,0.062,0.143,0.965,Moderate traffic flow - standard adaptive signal timing in effect
EVT414802,2026-05-25 15:22:50,Trade Fair,J031,Cubbon Road,8614,Weekday,False,Light Rain,True,3.4,False,False,0.34,Low,25.4,22.7,268.1,0.182,0.421,0.89,Light rain detected - minor speed reduction advised
EVT414803,2025-09-21 08:19:49,Political Rally,J030,MG Road,17583,Weekend,False,Light Rain,True,5.8,True,False,1.0,Severe,10.3,71.7,396.6,0.142,0.329,0.685,Accident detected nearby - reroute and reduced speed advised
EVT414804,2025-05-25 00:53:47,Sports Fixture,J023,Basavanagudi,19623,Weekend,False,Clear,False,0.0,False,False,0.369,Moderate,27.7,30.8,249.7,0.191,0.441,0.956,Moderate traffic flow - standard adaptive signal timing in effect
EVT414805,2025-12-11 17:48:10,Local Market Day,J020,Malleshwaram Circle,2213,Weekday,False,Clear,False,0.0,False,False,0.944,Severe,9.4,67.7,394.2,0.149,0.345,0.917,Heavy congestion detected - signal timing extended and reroute suggested
EVT414806,2025-03-15 07:52:46,Cultural Procession,J009,Majestic,29993,Weekend,True,Clear,False,0.0,False,False,1.0,Severe,11.5,71.1,422.1,0.225,0.519,0.867,Festival crowd surge detected - alternate route and extended cycle recommended
EVT414807,2025-09-04 13:40:03,Local Market Day,J011,Indiranagar 100ft Road,2011,Weekday,False,Rain,True,9.5,False,False,0.291,Low,29.2,17.1,127.0,0.108,0.249,0.926,Light rain detected - minor speed reduction advised
EVT414808,2026-02-25 09:29:33,Concert,J020,Malleshwaram Circle,20822,Weekday,False,Clear,False,0.0,False,False,1.0,Severe,8.5,67.4,384.5,0.137,0.316,0.902,Heavy congestion detected - signal timing extended and reroute suggested
EVT414809,2025-06-14 10:29:58,Local Market Day,J023,Basavanagudi,3844,Weekend,False,Clear,False,0.0,False,False,0.606,High,18.8,44.5,195.2,0.116,0.267,0.972,Moderate traffic flow - standard adaptive signal timing in effect
EVT414810,2026-03-01 06:10:37,Sports Fixture,J031,Cubbon Road,22176,Weekend,False,Clear,False,0.0,False,False,0.469,Moderate,30.8,33.0,167.0,0.141,0.325,0.968,Moderate traffic flow - standard adaptive signal timing in effect
EVT414811,2026-04-22 18:51:22,Trade Fair,J040,City Market,7338,Weekday,False,Clear,False,0.0,False,False,1.0,Severe,7.2,60.4,491.7,0.167,0.387,0.923,Heavy congestion detected - signal timing extended and reroute suggested
EVT414812,2026-03-03 10:12:04,Local Market Day,J020,Malleshwaram Circle,4247,Weekday,False,Clear,False,0.0,True,False,1.0,Severe,8.1,72.9,455.3,0.168,0.388,0.759,Accident detected nearby - reroute and reduced speed advised
EVT414813,2025-07-31 08:09:59,Sports Fixture,J020,Malleshwaram Circle,17471,Weekday,False,Clear,False,0.0,False,False,0.961,Severe,10.4,66.5,417.6,0.163,0.376,0.923,Heavy congestion detected - signal timing extended and reroute suggested
EVT414814,2025-03-30 11:47:01,Cultural Procession,J012,Koramangala Sony World,26149,Weekend,True,Clear,False,0.0,False,True,0.855,High,14.5,83.6,404.4,0.198,0.457,0.863,Road closure for event/procession - full detour recommended for through-traffic
EVT414815,2025-04-25 08:34:41,Local Market Day,J030,MG Road,3066,Weekday,False,Clear,False,0.0,False,False,1.0,Severe,4.8,65.7,461.1,0.116,0.269,0.902,Heavy congestion detected - signal timing extended and reroute suggested
EVT414816,2025-10-06 20:45:13,Political Rally,J011,Indiranagar 100ft Road,17081,Weekday,False,Rain,True,10.6,False,False,0.723,High,18.3,48.3,260.4,0.139,0.32,0.917,Heavy rain reducing visibility and grip - reduced speed and longer buffer advised
EVT414817,2025-07-04 15:50:05,Concert,J030,MG Road,9119,Weekday,False,Fog,False,0.0,False,False,0.449,Moderate,20.9,30.0,330.6,0.222,0.513,0.957,Moderate traffic flow - standard adaptive signal timing in effect
EVT414818,2025-01-18 08:08:49,Local Market Day,J009,Majestic,6839,Weekend,False,Clear,False,0.0,False,False,0.752,Severe,21.1,51.6,128.6,0.096,0.222,0.989,Heavy congestion detected - signal timing extended and reroute suggested
EVT414819,2026-03-07 11:36:23,Political Rally,J009,Majestic,18178,Weekend,False,Clear,False,0.0,False,False,0.481,Moderate,22.5,32.3,268.3,0.176,0.406,0.978,Moderate traffic flow - standard adaptive signal timing in effect
EVT414820,2025-03-02 21:34:32,Political Rally,J031,Cubbon Road,12541,Weekend,False,Clear,False,0.0,False,False,0.458,Moderate,22.4,31.0,226.4,0.168,0.389,0.969,Moderate traffic flow - standard adaptive signal timing in effect
EVT414821,2025-09-30 18:09:51,Local Market Day,J040,City Market,6090,Weekday,False,Clear,False,0.0,False,False,1.0,Severe,8.1,72.2,773.6,0.244,0.565,0.922,Heavy congestion detected - signal timing extended and reroute suggested
EVT414822,2026-05-03 17:10:21,Sports Fixture,J031,Cubbon Road,19882,Weekend,False,Clear,False,0.0,False,False,0.805,Severe,12.3,52.0,432.6,0.195,0.45,0.95,Heavy congestion detected - signal timing extended and reroute suggested
EVT414823,2026-06-14 11:02:33,Local Market Day,J030,MG Road,5743,Weekend,False,Light Rain,True,5.5,False,False,0.528,Moderate,23.1,38.2,211.3,0.141,0.326,0.922,Light rain detected - minor speed reduction advised
EVT414824,2026-03-09 18:23:36,Sports Fixture,J030,MG Road,24455,Weekday,False,Clear,False,0.0,False,False,1.0,Severe,8.2,76.0,406.4,0.132,0.305,0.925,Heavy congestion detected - signal timing extended and reroute suggested
EVT414825,2026-02-20 18:44:31,Trade Fair,J031,Cubbon Road,13642,Weekday,False,Clear,False,0.0,False,False,1.0,Severe,5.1,70.9,896.8,0.21,0.484,0.903,Heavy congestion detected - signal timing extended and reroute suggested
EVT414826,2025-09-21 08:40:03,Concert,J020,Malleshwaram Circle,13549,Weekend,False,Clear,False,0.0,False,False,0.916,Severe,13.0,63.7,732.4,0.323,0.745,0.931,Heavy congestion detected - signal timing extended and reroute suggested
EVT414827,2025-10-16 13:12:49,Sports Fixture,J030,MG Road,15728,Weekday,False,Clear,False,0.0,False,False,0.275,Low,35.1,23.8,172.6,0.151,0.348,0.947,Moderate traffic flow - standard adaptive signal timing in effect
EVT414828,2025-07-23 21:42:41,Concert,J023,Basavanagudi,10608,Weekday,False,Heavy Rain,True,47.2,False,False,0.622,High,18.8,42.3,292.6,0.181,0.419,0.919,Heavy rain reducing visibility and grip - reduced speed and longer buffer advised
EVT414829,2025-12-12 16:44:29,Trade Fair,J023,Basavanagudi,7434,Weekday,False,Clear,False,0.0,False,False,0.638,High,24.4,51.5,131.4,0.1,0.23,0.957,Moderate traffic flow - standard adaptive signal timing in effect
EVT414830,2025-04-08 12:31:29,Sports Fixture,J023,Basavanagudi,26673,Weekday,False,Clear,False,0.0,False,False,0.357,Moderate,23.7,30.2,156.8,0.11,0.255,0.965,Moderate traffic flow - standard adaptive signal timing in effect
EVT414831,2026-02-02 16:17:30,Trade Fair,J040,City Market,19217,Weekday,False,Clear,False,0.0,False,False,0.515,Moderate,25.9,40.6,148.5,0.109,0.251,0.964,Moderate traffic flow - standard adaptive signal timing in effect
EVT414832,2025-03-08 23:10:32,Sports Fixture,J023,Basavanagudi,16313,Weekend,False,Clear,False,0.0,False,False,0.292,Low,32.2,15.2,220.1,0.175,0.405,0.961,Moderate traffic flow - standard adaptive signal timing in effect
EVT414833,2025-11-01 12:00:36,Religious Festival,J031,Cubbon Road,41044,Weekend,True,Clear,False,0.0,False,True,0.832,High,15.6,76.4,348.0,0.199,0.46,0.876,Road closure for event/procession - full detour recommended for through-traffic
EVT414834,2026-03-10 06:57:52,Concert,J009,Majestic,11941,Weekday,False,Clear,False,0.0,False,False,0.418,Moderate,28.1,26.4,98.7,0.072,0.167,0.967,Moderate traffic flow - standard adaptive signal timing in effect
EVT414835,2026-06-05 05:01:37,Local Market Day,J030,MG Road,4180,Weekday,False,Clear,False,0.0,False,False,0.144,Low,37.5,4.0,147.1,0.125,0.288,0.971,Normal free-flow traffic - standard signal timing maintained
EVT414836,2025-10-08 15:31:50,Sports Fixture,J031,Cubbon Road,17025,Weekday,False,Heavy Rain,True,58.5,False,False,0.753,Severe,18.8,51.3,278.6,0.183,0.424,0.917,Heavy rain reducing visibility and grip - reduced speed and longer buffer advised
EVT414837,2025-08-17 10:24:03,Local Market Day,J011,Indiranagar 100ft Road,4207,Weekend,False,Heavy Rain,True,29.5,False,False,0.841,Severe,14.8,60.1,381.3,0.17,0.393,0.903,Heavy rain reducing visibility and grip - reduced speed and longer buffer advised
EVT414838,2026-04-21 09:37:19,Political Rally,J030,MG Road,11301,Weekday,False,Clear,False,0.0,False,False,0.906,Severe,12.1,59.2,569.2,0.25,0.578,0.943,Heavy congestion detected - signal timing extended and reroute suggested
EVT414839,2026-01-04 18:11:45,Concert,J031,Cubbon Road,14476,Weekend,False,Clear,False,0.0,False,False,0.95,Severe,10.2,72.3,431.7,0.169,0.391,0.918,Heavy congestion detected - signal timing extended and reroute suggested
EVT414840,2025-09-30 18:58:09,Local Market Day,J031,Cubbon Road,4203,Weekday,False,Clear,False,0.0,False,False,1.0,Severe,7.7,73.2,824.5,0.249,0.576,0.904,Heavy congestion detected - signal timing extended and reroute suggested
EVT414841,2025-03-15 06:39:45,Cultural Procession,J011,Indiranagar 100ft Road,13654,Weekend,True,Clear,False,0.0,False,True,0.758,High,17.3,73.2,391.1,0.242,0.56,0.909,Road closure for event/procession - full detour recommended for through-traffic
EVT414842,2026-06-20 08:21:53,Trade Fair,J023,Basavanagudi,16384,Weekend,False,Fog,False,0.0,False,False,0.928,Severe,10.1,65.9,540.7,0.213,0.492,0.946,Heavy congestion detected - signal timing extended and reroute suggested
EVT414843,2025-06-17 20:43:32,Concert,J030,MG Road,31460,Weekday,False,Clear,False,0.0,False,False,0.659,High,18.8,52.2,141.3,0.085,0.196,0.964,Moderate traffic flow - standard adaptive signal timing in effect
EVT414844,2025-09-11 08:51:28,Political Rally,J030,MG Road,18829,Weekday,False,Heavy Rain,True,38.6,False,False,1.0,Severe,7.5,74.1,588.9,0.19,0.44,0.892,Heavy rain reducing visibility and grip - reduced speed and longer buffer advised
EVT414845,2025-05-20 18:24:38,Local Market Day,J012,Koramangala Sony World,3917,Weekday,False,Clear,False,0.0,False,False,1.0,Severe,8.8,70.7,615.9,0.219,0.506,0.916,Heavy congestion detected - signal timing extended and reroute suggested
EVT414846,2026-01-26 16:03:52,Religious Festival,J020,Malleshwaram Circle,31180,Weekday,True,Light Rain,True,1.9,False,True,1.0,Severe,6.0,96.8,915.3,0.235,0.543,0.783,Road closure for event/procession - full detour recommended for through-traffic
EVT414847,2026-06-17 11:56:02,Trade Fair,J023,Basavanagudi,14704,Weekday,False,Clear,False,0.0,False,False,0.359,Moderate,25.5,20.5,127.5,0.075,0.173,0.953,Moderate traffic flow - standard adaptive signal timing in effect
EVT414848,2025-12-30 15:59:56,Sports Fixture,J040,City Market,23385,Weekday,False,Clear,False,0.0,False,False,0.532,Moderate,21.4,36.8,323.5,0.214,0.495,0.976,Moderate traffic flow - standard adaptive signal timing in effect
EVT414849,2025-09-02 17:35:35,Local Market Day,J023,Basavanagudi,3503,Weekday,False,Clear,False,0.0,False,False,0.909,Severe,13.8,64.0,447.6,0.205,0.472,0.93,Heavy congestion detected - signal timing extended and reroute suggested
EVT414850,2025-07-22 18:42:47,Concert,J030,MG Road,18826,Weekday,False,Clear,False,0.0,False,False,1.0,Severe,9.8,70.7,480.3,0.177,0.408,0.93,Heavy congestion detected - signal timing extended and reroute suggested
EVT414851,2025-06-22 12:52:00,Local Market Day,J040,City Market,2772,Weekend,False,Clear,False,0.0,False,False,0.241,Low,41.5,20.6,108.6,0.106,0.246,0.975,Normal free-flow traffic - standard signal timing maintained
EVT414852,2025-10-01 07:44:01,Concert,J030,MG Road,10034,Weekday,False,Light Rain,True,4.9,False,False,0.905,Severe,12.5,64.6,393.6,0.173,0.4,0.865,Heavy rain reducing visibility and grip - reduced speed and longer buffer advised
EVT414853,2025-05-30 10:48:32,Trade Fair,J040,City Market,11803,Weekday,False,Clear,False,0.0,False,False,0.552,High,23.4,41.2,150.1,0.086,0.198,0.934,Moderate traffic flow - standard adaptive signal timing in effect
EVT414854,2026-03-07 07:15:00,Sports Fixture,J011,Indiranagar 100ft Road,35087,Weekend,False,Clear,False,0.0,False,False,0.713,High,14.2,53.4,289.8,0.149,0.345,0.983,Moderate traffic flow - standard adaptive signal timing in effect
EVT414855,2026-04-02 17:23:58,Concert,J040,City Market,15425,Weekday,False,Clear,False,0.0,False,False,0.993,Severe,7.9,73.2,475.0,0.166,0.383,0.928,Heavy congestion detected - signal timing extended and reroute suggested
EVT414856,2026-06-17 18:49:14,Local Market Day,J011,Indiranagar 100ft Road,6206,Weekday,False,Clear,False,0.0,False,False,1.0,Severe,7.0,72.2,514.4,0.169,0.391,0.931,Heavy congestion detected - signal timing extended and reroute suggested
EVT414857,2026-03-30 18:54:57,Concert,J031,Cubbon Road,12189,Weekday,False,Clear,False,0.0,False,False,1.0,Severe,7.0,72.0,658.5,0.187,0.432,0.901,Heavy congestion detected - signal timing extended and reroute suggested
EVT414858,2025-12-08 12:14:15,Concert,J012,Koramangala Sony World,10209,Weekday,False,Clear,False,0.0,False,False,0.218,Low,31.4,13.7,106.3,0.072,0.167,0.99,Normal free-flow traffic - standard signal timing maintained
EVT414859,2025-05-27 22:51:33,Sports Fixture,J030,MG Road,20786,Weekday,False,Rain,True,11.2,False,False,0.459,Moderate,29.3,31.3,243.6,0.214,0.495,0.909,Light rain detected - minor speed reduction advised
EVT414860,2025-09-13 07:26:54,Local Market Day,J031,Cubbon Road,3804,Weekend,False,Clear,False,0.0,False,False,0.587,High,21.3,41.5,252.3,0.167,0.386,0.949,Moderate traffic flow - standard adaptive signal timing in effect
EVT414861,2026-04-21 15:02:23,Trade Fair,J040,City Market,6645,Weekday,False,Clear,False,0.0,False,False,0.308,Low,31.8,16.4,142.7,0.119,0.276,0.951,Moderate traffic flow - standard adaptive signal timing in effect
EVT414862,2025-03-14 18:46:51,Religious Festival,J012,Koramangala Sony World,43436,Weekday,True,Clear,False,0.0,False,True,1.0,Severe,8.1,107.7,1066.8,0.353,0.816,0.849,Road closure for event/procession - full detour recommended for through-traffic
EVT414863,2025-02-16 09:14:30,Political Rally,J009,Majestic,10814,Weekend,False,Clear,False,0.0,False,False,0.871,Severe,13.3,63.0,350.5,0.169,0.39,0.942,Heavy congestion detected - signal timing extended and reroute suggested
EVT414864,2026-02-12 06:01:26,Sports Fixture,J030,MG Road,14006,Weekday,False,Clear,False,0.0,False,False,0.286,Low,34.8,20.3,141.3,0.117,0.27,0.93,Moderate traffic flow - standard adaptive signal timing in effect
EVT414865,2025-01-15 18:44:46,Religious Festival,J023,Basavanagudi,99147,Weekday,True,Fog,False,0.0,False,True,1.0,Severe,8.3,94.0,565.7,0.205,0.472,0.858,Road closure for event/procession - full detour recommended for through-traffic
EVT414866,2025-06-28 08:27:47,Sports Fixture,J031,Cubbon Road,15474,Weekend,False,Heavy Rain,True,31.0,False,False,1.0,Severe,7.0,67.6,470.2,0.157,0.362,0.891,Heavy rain reducing visibility and grip - reduced speed and longer buffer advised
EVT414867,2025-05-16 18:56:04,Concert,J040,City Market,11440,Weekday,False,Clear,False,0.0,False,False,1.0,Severe,8.3,73.5,701.9,0.242,0.56,0.899,Heavy congestion detected - signal timing extended and reroute suggested
EVT414868,2025-06-12 12:02:17,Trade Fair,J009,Majestic,4795,Weekday,False,Rain,True,13.5,False,False,0.43,Moderate,27.8,30.9,230.0,0.179,0.413,0.934,Light rain detected - minor speed reduction advised
EVT414869,2026-04-01 09:10:28,Local Market Day,J023,Basavanagudi,5440,Weekday,False,Clear,False,0.0,False,False,0.97,Severe,7.3,66.2,818.7,0.224,0.518,0.91,Heavy congestion detected - signal timing extended and reroute suggested
EVT414870,2026-04-06 19:12:30,Local Market Day,J012,Koramangala Sony World,4087,Weekday,False,Clear,False,0.0,False,False,0.961,Severe,9.8,66.9,348.6,0.152,0.351,0.931,Heavy congestion detected - signal timing extended and reroute suggested
EVT414871,2025-10-27 05:36:17,Political Rally,J009,Majestic,19221,Weekday,False,Heavy Rain,True,30.9,False,False,0.619,High,23.7,42.9,197.6,0.129,0.298,0.898,Heavy rain reducing visibility and grip - reduced speed and longer buffer advised
EVT414872,2025-06-07 16:35:39,Local Market Day,J009,Majestic,8681,Weekend,False,Clear,False,0.0,False,False,0.625,High,17.7,45.3,418.2,0.236,0.545,0.974,Moderate traffic flow - standard adaptive signal timing in effect
EVT414873,2026-01-11 12:15:21,Political Rally,J023,Basavanagudi,19199,Weekend,False,Clear,False,0.0,False,False,0.342,Low,25.7,27.4,186.4,0.13,0.3,0.96,Moderate traffic flow - standard adaptive signal timing in effect
EVT414874,2026-06-11 15:44:46,Local Market Day,J030,MG Road,4587,Weekday,False,Heavy Rain,True,50.3,False,False,0.787,Severe,15.2,61.6,154.0,0.091,0.21,0.912,Heavy rain reducing visibility and grip - reduced speed and longer buffer advised
EVT414875,2025-02-15 06:12:55,Sports Fixture,J040,City Market,43375,Weekend,False,Clear,False,0.0,False,False,0.504,Moderate,29.5,37.2,161.1,0.148,0.343,0.968,Moderate traffic flow - standard adaptive signal timing in effect
EVT414876,2026-03-12 21:40:59,Concert,J009,Majestic,9901,Weekday,False,Clear,False,0.0,False,False,0.238,Low,28.0,15.4,172.2,0.121,0.279,0.99,Normal free-flow traffic - standard signal timing maintained
EVT414877,2025-10-27 18:09:12,Trade Fair,J023,Basavanagudi,15586,Weekday,False,Clear,False,0.0,False,False,1.0,Severe,9.1,73.4,258.7,0.109,0.252,0.898,Heavy congestion detected - signal timing extended and reroute suggested
EVT414878,2025-01-19 17:39:18,Local Market Day,J012,Koramangala Sony World,5788,Weekend,False,Clear,False,0.0,False,False,0.759,Severe,16.3,55.7,281.1,0.153,0.352,0.968,Heavy congestion detected - signal timing extended and reroute suggested
EVT414879,2025-04-05 09:11:01,Concert,J030,MG Road,15235,Weekend,False,Clear,False,0.0,False,False,0.973,Severe,10.7,68.7,433.0,0.19,0.439,0.959,Heavy congestion detected - signal timing extended and reroute suggested
EVT414880,2025-10-20 13:19:26,Cultural Procession,J012,Koramangala Sony World,11476,Weekday,True,Clear,False,0.0,False,True,0.668,Moderate,21.6,67.6,211.6,0.141,0.325,0.91,Road closure for event/procession - full detour recommended for through-traffic
EVT414881,2026-03-09 20:04:15,Local Market Day,J030,MG Road,4301,Weekday,False,Clear,False,0.0,False,False,0.624,High,22.3,44.2,205.1,0.118,0.272,0.938,Moderate traffic flow - standard adaptive signal timing in effect
EVT414882,2025-04-07 19:30:17,Fireworks Display,J023,Basavanagudi,38889,Weekday,True,Clear,False,0.0,False,False,1.0,Severe,8.5,77.1,381.1,0.122,0.282,0.836,Festival crowd surge detected - alternate route and extended cycle recommended
EVT414883,2025-02-07 10:52:14,Political Rally,J009,Majestic,9225,Weekday,False,Clear,False,0.0,False,False,0.494,Moderate,24.0,29.5,172.5,0.133,0.308,0.948,Moderate traffic flow - standard adaptive signal timing in effect
EVT414884,2025-12-11 18:15:05,Political Rally,J030,MG Road,14749,Weekday,False,Clear,False,0.0,False,False,1.0,Severe,8.5,76.5,540.4,0.184,0.424,0.906,Heavy congestion detected - signal timing extended and reroute suggested
EVT414885,2026-06-03 14:44:03,Sports Fixture,J031,Cubbon Road,18775,Weekday,False,Rain,True,12.9,False,False,0.496,Moderate,22.9,30.4,202.0,0.134,0.31,0.909,Light rain detected - minor speed reduction advised
EVT414886,2026-01-09 21:12:30,Local Market Day,J030,MG Road,5869,Weekday,False,Clear,False,0.0,False,False,0.347,Low,30.8,28.2,149.1,0.123,0.284,0.973,Moderate traffic flow - standard adaptive signal timing in effect
EVT414887,2025-07-14 19:21:08,Concert,J040,City Market,15487,Weekday,False,Heavy Rain,True,28.6,False,False,1.0,Severe,7.9,76.6,656.3,0.227,0.525,0.872,Heavy rain reducing visibility and grip - reduced speed and longer buffer advised
EVT414888,2025-05-01 16:55:20,Cultural Procession,J020,Malleshwaram Circle,24075,Weekday,True,Clear,False,0.0,False,True,1.0,Severe,9.3,107.1,431.8,0.159,0.368,0.837,Road closure for event/procession - full detour recommended for through-traffic
EVT414889,2025-04-19 18:43:19,Trade Fair,J012,Koramangala Sony World,11172,Weekend,False,Clear,False,0.0,False,False,0.997,Severe,9.5,69.2,513.8,0.209,0.484,0.901,Heavy congestion detected - signal timing extended and reroute suggested
EVT414890,2025-07-01 22:07:45,Local Market Day,J009,Majestic,4221,Weekday,False,Clear,False,0.0,False,False,0.257,Low,28.7,18.3,147.5,0.132,0.306,0.949,Moderate traffic flow - standard adaptive signal timing in effect
EVT414891,2025-03-05 08:15:40,Local Market Day,J023,Basavanagudi,3235,Weekday,False,Clear,False,0.0,False,False,0.951,Severe,10.0,73.9,386.0,0.142,0.329,0.942,Heavy congestion detected - signal timing extended and reroute suggested
EVT414892,2025-11-18 14:01:31,Local Market Day,J023,Basavanagudi,7954,Weekday,False,Clear,False,0.0,False,False,0.148,Low,40.1,15.6,93.6,0.105,0.241,0.971,Normal free-flow traffic - standard signal timing maintained
EVT414893,2025-01-26 11:00:23,Religious Festival,J040,City Market,54646,Weekend,True,Clear,False,0.0,False,False,0.96,Severe,11.9,75.1,611.4,0.251,0.58,0.865,Festival crowd surge detected - alternate route and extended cycle recommended
EVT414894,2025-06-25 18:24:52,Local Market Day,J012,Koramangala Sony World,7395,Weekday,False,Clear,False,0.0,False,False,1.0,Severe,7.8,73.7,897.1,0.275,0.636,0.921,Heavy congestion detected - signal timing extended and reroute suggested
EVT414895,2025-05-02 15:57:38,Cultural Procession,J011,Indiranagar 100ft Road,8305,Weekday,True,Light Rain,True,4.2,False,True,0.886,High,12.5,93.0,541.0,0.243,0.561,0.811,Road closure for event/procession - full detour recommended for through-traffic
EVT414896,2026-05-04 21:26:29,Sports Fixture,J011,Indiranagar 100ft Road,23754,Weekday,False,Clear,False,0.0,False,False,0.529,Moderate,26.6,37.6,224.6,0.176,0.408,0.956,Moderate traffic flow - standard adaptive signal timing in effect
EVT414897,2026-03-22 06:58:07,Local Market Day,J040,City Market,2093,Weekend,False,Clear,False,0.0,False,False,0.398,Moderate,32.7,23.2,186.3,0.175,0.403,0.985,Moderate traffic flow - standard adaptive signal timing in effect
EVT414898,2026-02-22 11:48:31,Sports Fixture,J011,Indiranagar 100ft Road,18680,Weekend,False,Clear,False,0.0,False,False,0.38,Moderate,24.0,31.4,168.6,0.113,0.26,0.961,Moderate traffic flow - standard adaptive signal timing in effect
EVT414899,2025-05-11 14:26:36,Local Market Day,J009,Majestic,3715,Weekend,False,Clear,False,0.0,False,False,0.275,Low,31.6,19.0,122.6,0.111,0.255,0.983,Moderate traffic flow - standard adaptive signal timing in effect
EVT414900,2026-06-20 12:46:54,Sports Fixture,J040,City Market,30243,Weekend,False,Clear,False,0.0,False,False,0.445,Moderate,24.0,34.8,168.7,0.126,0.292,0.947,Moderate traffic flow - standard adaptive signal timing in effect
EVT414901,2026-04-28 07:17:16,Sports Fixture,J020,Malleshwaram Circle,32646,Weekday,False,Clear,False,0.0,False,False,0.685,High,23.2,49.3,117.7,0.088,0.203,0.954,Moderate traffic flow - standard adaptive signal timing in effect
EVT414902,2026-05-08 16:15:19,Concert,J030,MG Road,9941,Weekday,False,Clear,False,0.0,False,False,0.535,Moderate,21.3,34.5,296.4,0.186,0.43,0.967,Moderate traffic flow - standard adaptive signal timing in effect
EVT414903,2026-04-19 21:10:41,Sports Fixture,J020,Malleshwaram Circle,18871,Weekend,False,Clear,False,0.0,False,False,0.495,Moderate,22.9,32.1,102.9,0.06,0.14,0.982,Moderate traffic flow - standard adaptive signal timing in effect
EVT414904,2026-05-06 10:04:37,Sports Fixture,J011,Indiranagar 100ft Road,24799,Weekday,False,Rain,True,10.0,False,False,1.0,Severe,8.2,67.1,439.6,0.146,0.337,0.865,Heavy rain reducing visibility and grip - reduced speed and longer buffer advised
EVT414905,2025-04-27 12:35:50,Local Market Day,J030,MG Road,4155,Weekend,False,Clear,False,0.0,False,False,0.283,Low,26.7,23.7,122.3,0.095,0.219,0.932,Moderate traffic flow - standard adaptive signal timing in effect
EVT414906,2025-05-14 15:35:34,Sports Fixture,J040,City Market,19434,Weekday,False,Fog,False,0.0,False,False,0.432,Moderate,31.5,36.3,144.4,0.133,0.308,0.975,Moderate traffic flow - standard adaptive signal timing in effect
EVT414907,2025-10-12 17:44:36,Political Rally,J031,Cubbon Road,26725,Weekend,False,Clear,False,0.0,False,False,0.925,Severe,9.4,62.2,606.7,0.218,0.505,0.923,Heavy congestion detected - signal timing extended and reroute suggested
EVT414908,2025-12-22 09:58:33,Sports Fixture,J009,Majestic,28256,Weekday,False,Clear,False,0.0,False,False,0.912,Severe,11.2,61.6,412.0,0.182,0.421,0.916,Heavy congestion detected - signal timing extended and reroute suggested
EVT414909,2025-04-21 14:08:38,Local Market Day,J011,Indiranagar 100ft Road,3661,Weekday,False,Clear,False,0.0,False,False,0.16,Low,32.9,12.4,109.0,0.103,0.238,0.964,Normal free-flow traffic - standard signal timing maintained
EVT414910,2025-05-09 18:02:01,Concert,J020,Malleshwaram Circle,13587,Weekday,False,Clear,False,0.0,False,False,0.948,Severe,10.6,74.0,518.1,0.236,0.546,0.917,Heavy congestion detected - signal timing extended and reroute suggested
EVT414911,2025-10-28 17:59:20,Trade Fair,J040,City Market,13896,Weekday,False,Clear,False,0.0,False,False,1.0,Severe,8.4,70.7,711.9,0.244,0.564,0.897,Heavy congestion detected - signal timing extended and reroute suggested
EVT414912,2025-06-18 07:37:43,Sports Fixture,J012,Koramangala Sony World,24587,Weekday,False,Rain,True,17.2,False,False,0.991,Severe,9.6,67.0,362.6,0.141,0.325,0.85,Heavy rain reducing visibility and grip - reduced speed and longer buffer advised
EVT414913,2025-05-24 20:53:53,Trade Fair,J030,MG Road,9485,Weekend,False,Clear,False,0.0,False,False,0.476,Moderate,31.9,34.6,92.8,0.083,0.192,0.946,Moderate traffic flow - standard adaptive signal timing in effect
EVT414914,2025-04-17 15:08:31,Sports Fixture,J012,Koramangala Sony World,40743,Weekday,False,Clear,False,0.0,False,False,0.515,Moderate,22.1,39.3,268.3,0.171,0.396,0.986,Moderate traffic flow - standard adaptive signal timing in effect
EVT414915,2025-01-07 18:59:00,Concert,J009,Majestic,19957,Weekday,False,Clear,False,0.0,False,False,1.0,Severe,7.9,63.3,858.5,0.261,0.602,0.908,Heavy congestion detected - signal timing extended and reroute suggested
EVT414916,2025-10-08 15:25:51,Concert,J020,Malleshwaram Circle,20002,Weekday,False,Rain,True,15.3,False,False,0.603,High,26.6,38.2,182.3,0.134,0.308,0.929,Heavy rain reducing visibility and grip - reduced speed and longer buffer advised
EVT414917,2025-05-10 12:06:19,Concert,J031,Cubbon Road,11205,Weekend,False,Clear,False,0.0,False,False,0.416,Moderate,25.8,26.2,228.9,0.176,0.407,0.945,Moderate traffic flow - standard adaptive signal timing in effect
EVT414918,2025-01-12 21:48:49,Sports Fixture,J009,Majestic,18352,Weekend,False,Clear,False,0.0,False,False,0.406,Moderate,31.1,26.5,125.5,0.094,0.217,0.971,Moderate traffic flow - standard adaptive signal timing in effect
EVT414919,2026-04-20 08:25:18,Concert,J031,Cubbon Road,7098,Weekday,False,Clear,False,0.0,False,False,0.975,Severe,9.4,64.1,501.3,0.202,0.466,0.925,Heavy congestion detected - signal timing extended and reroute suggested
EVT414920,2025-10-26 17:17:29,Trade Fair,J040,City Market,6557,Weekend,False,Fog,False,0.0,False,False,0.693,High,19.2,54.2,232.2,0.138,0.318,0.954,Moderate traffic flow - standard adaptive signal timing in effect
EVT414921,2026-04-06 17:05:48,Local Market Day,J009,Majestic,4489,Weekday,False,Clear,False,0.0,False,False,0.782,Severe,13.4,55.1,270.9,0.121,0.278,0.941,Heavy congestion detected - signal timing extended and reroute suggested
EVT414922,2025-05-10 13:12:44,Political Rally,J023,Basavanagudi,18656,Weekend,False,Clear,False,0.0,False,False,0.338,Low,30.8,28.0,151.5,0.134,0.31,0.99,Moderate traffic flow - standard adaptive signal timing in effect
EVT414923,2025-04-25 19:56:30,Trade Fair,J011,Indiranagar 100ft Road,10545,Weekday,False,Clear,False,0.0,False,False,0.79,Severe,13.9,60.0,469.9,0.232,0.535,0.959,Heavy congestion detected - signal timing extended and reroute suggested
EVT414924,2025-05-14 17:50:08,Concert,J040,City Market,10945,Weekday,False,Rain,True,17.0,False,False,1.0,Severe,9.4,69.3,374.9,0.146,0.336,0.861,Heavy rain reducing visibility and grip - reduced speed and longer buffer advised
EVT414925,2026-05-29 10:24:47,Sports Fixture,J023,Basavanagudi,31446,Weekday,False,Clear,False,0.0,False,False,0.864,Severe,13.4,54.8,365.1,0.173,0.398,0.962,Heavy congestion detected - signal timing extended and reroute suggested
EVT414926,2026-03-07 05:05:55,Local Market Day,J011,Indiranagar 100ft Road,2415,Weekend,False,Clear,False,0.0,False,False,0.302,Low,30.8,26.8,161.9,0.117,0.27,0.99,Moderate traffic flow - standard adaptive signal timing in effect
EVT414927,2025-12-31 19:23:01,Local Market Day,J030,MG Road,3725,Weekday,False,Clear,False,0.0,False,False,0.895,Severe,11.3,57.4,320.2,0.17,0.392,0.913,Heavy congestion detected - signal timing extended and reroute suggested
EVT414928,2026-04-19 16:12:48,Sports Fixture,J011,Indiranagar 100ft Road,31954,Weekend,False,Clear,False,0.0,False,False,0.598,High,19.5,44.1,370.8,0.205,0.473,0.961,Moderate traffic flow - standard adaptive signal timing in effect
EVT414929,2026-05-29 18:41:58,Local Market Day,J011,Indiranagar 100ft Road,5331,Weekday,False,Clear,False,0.0,False,False,1.0,Severe,7.5,77.7,684.7,0.231,0.535,0.928,Heavy congestion detected - signal timing extended and reroute suggested
EVT414930,2025-04-10 18:13:36,Political Rally,J009,Majestic,12253,Weekday,False,Clear,False,0.0,False,False,1.0,Severe,7.7,72.2,300.7,0.103,0.237,0.929,Heavy congestion detected - signal timing extended and reroute suggested
EVT414931,2025-04-27 10:01:34,Sports Fixture,J009,Majestic,16481,Weekend,False,Clear,False,0.0,False,False,0.754,Severe,15.5,47.4,261.0,0.154,0.356,0.965,Heavy congestion detected - signal timing extended and reroute suggested
EVT414932,2025-01-28 10:24:14,Concert,J023,Basavanagudi,13212,Weekday,False,Clear,False,0.0,False,False,0.643,High,17.7,45.0,207.7,0.107,0.246,0.977,Moderate traffic flow - standard adaptive signal timing in effect
EVT414933,2025-05-11 08:30:59,Concert,J011,Indiranagar 100ft Road,13306,Weekend,False,Clear,False,0.0,False,False,0.822,Severe,15.4,60.0,371.9,0.202,0.467,0.944,Heavy congestion detected - signal timing extended and reroute suggested
EVT414934,2025-09-18 18:36:04,Local Market Day,J030,MG Road,2943,Weekday,False,Clear,False,0.0,False,False,1.0,Severe,7.2,71.8,595.2,0.168,0.388,0.885,Heavy congestion detected - signal timing extended and reroute suggested
EVT414935,2026-06-02 09:50:30,Local Market Day,J020,Malleshwaram Circle,2390,Weekday,False,Clear,False,0.0,False,False,0.824,Severe,16.9,60.5,447.8,0.278,0.641,0.965,Heavy congestion detected - signal timing extended and reroute suggested
EVT414936,2026-02-14 11:23:01,Local Market Day,J009,Majestic,4411,Weekend,False,Clear,False,0.0,False,False,0.37,Moderate,22.2,22.2,304.9,0.194,0.447,0.934,Moderate traffic flow - standard adaptive signal timing in effect
EVT414937,2025-11-08 13:27:50,Local Market Day,J012,Koramangala Sony World,3895,Weekend,False,Clear,False,0.0,False,False,0.256,Low,40.2,16.4,45.3,0.044,0.101,0.962,Moderate traffic flow - standard adaptive signal timing in effect
EVT414938,2026-01-23 12:45:10,Local Market Day,J023,Basavanagudi,3624,Weekday,False,Clear,False,0.0,False,False,0.233,Low,31.9,15.4,260.3,0.222,0.512,0.962,Normal free-flow traffic - standard signal timing maintained
EVT414939,2026-03-01 06:03:15,Sports Fixture,J040,City Market,15110,Weekend,False,Clear,False,0.0,False,False,0.384,Moderate,28.7,23.9,137.0,0.117,0.27,0.941,Moderate traffic flow - standard adaptive signal timing in effect
EVT414940,2026-03-29 16:37:56,Trade Fair,J012,Koramangala Sony World,11950,Weekend,False,Clear,False,0.0,False,False,0.499,Moderate,26.2,29.9,94.8,0.078,0.18,0.961,Moderate traffic flow - standard adaptive signal timing in effect
EVT414941,2025-05-14 21:49:46,Concert,J023,Basavanagudi,14008,Weekday,False,Fog,False,0.0,False,False,0.34,Low,31.6,27.9,130.5,0.111,0.257,0.94,Moderate traffic flow - standard adaptive signal timing in effect
EVT414942,2025-04-04 20:48:01,Local Market Day,J023,Basavanagudi,4149,Weekday,False,Clear,False,0.0,False,False,0.516,Moderate,26.8,38.7,229.9,0.171,0.396,0.97,Moderate traffic flow - standard adaptive signal timing in effect
EVT414943,2026-03-05 17:54:02,Religious Festival,J040,City Market,51056,Weekday,True,Clear,False,0.0,False,True,1.0,Severe,8.8,110.0,681.2,0.268,0.619,0.825,Road closure for event/procession - full detour recommended for through-traffic
EVT414944,2026-01-25 17:57:33,Political Rally,J040,City Market,22761,Weekend,False,Clear,False,0.0,False,False,1.0,Severe,7.5,74.5,574.6,0.193,0.446,0.918,Heavy congestion detected - signal timing extended and reroute suggested
EVT414945,2026-01-28 13:54:42,Local Market Day,J012,Koramangala Sony World,3739,Weekday,False,Clear,False,0.0,False,False,0.119,Low,36.5,4.8,157.7,0.14,0.323,0.98,Normal free-flow traffic - standard signal timing maintained
EVT414946,2026-05-08 00:08:39,Local Market Day,J023,Basavanagudi,7518,Weekday,False,Clear,False,0.0,False,False,0.254,Low,35.4,19.3,65.1,0.074,0.171,0.962,Moderate traffic flow - standard adaptive signal timing in effect
EVT414947,2026-05-02 23:28:14,Religious Festival,J030,MG Road,63079,Weekend,True,Clear,False,0.0,False,True,0.953,Severe,10.0,94.6,349.0,0.164,0.38,0.836,Road closure for event/procession - full detour recommended for through-traffic
EVT414948,2026-02-19 03:19:06,Concert,J031,Cubbon Road,13485,Weekday,False,Clear,False,0.0,False,False,0.164,Low,33.5,13.8,188.6,0.161,0.371,0.976,Normal free-flow traffic - standard signal timing maintained
EVT414949,2025-01-09 08:53:38,Political Rally,J040,City Market,13070,Weekday,False,Clear,False,0.0,False,False,0.984,Severe,10.1,72.6,295.5,0.126,0.29,0.904,Heavy congestion detected - signal timing extended and reroute suggested
EVT414950,2026-04-14 17:49:42,Religious Festival,J031,Cubbon Road,77452,Weekday,True,Rain,True,12.2,False,True,1.0,Severe,10.8,106.7,504.2,0.226,0.521,0.779,Road closure for event/procession - full detour recommended for through-traffic
EVT414951,2025-03-18 17:59:23,Sports Fixture,J012,Koramangala Sony World,30927,Weekday,False,Clear,False,0.0,False,False,1.0,Severe,9.8,70.2,533.6,0.203,0.47,0.915,Heavy congestion detected - signal timing extended and reroute suggested
EVT414952,2025-10-26 15:25:13,Local Market Day,J009,Majestic,4249,Weekend,False,Rain,True,7.7,False,False,0.431,Moderate,31.2,36.2,125.5,0.102,0.235,0.924,Light rain detected - minor speed reduction advised
EVT414953,2026-03-13 19:09:53,Sports Fixture,J031,Cubbon Road,27863,Weekday,False,Clear,False,0.0,False,False,1.0,Severe,8.3,67.6,682.3,0.235,0.544,0.916,Heavy congestion detected - signal timing extended and reroute suggested
EVT414954,2025-08-25 18:22:57,Concert,J020,Malleshwaram Circle,11624,Weekday,False,Clear,False,0.0,False,False,1.0,Severe,9.1,76.7,746.2,0.274,0.632,0.903,Heavy congestion detected - signal timing extended and reroute suggested
EVT414955,2026-02-11 16:58:39,Concert,J030,MG Road,14135,Weekday,False,Clear,False,0.0,False,False,0.809,Severe,12.4,56.3,414.1,0.175,0.404,0.959,Heavy congestion detected - signal timing extended and reroute suggested
EVT414956,2025-12-27 17:39:08,Sports Fixture,J011,Indiranagar 100ft Road,17146,Weekend,False,Clear,False,0.0,False,False,0.91,Severe,12.1,62.6,337.2,0.183,0.423,0.934,Heavy congestion detected - signal timing extended and reroute suggested
EVT414957,2026-02-10 14:24:40,Local Market Day,J031,Cubbon Road,3882,Weekday,False,Clear,False,0.0,False,False,0.154,Low,35.1,13.5,98.6,0.085,0.197,0.984,Normal free-flow traffic - standard signal timing maintained
EVT414958,2025-05-09 06:50:08,Local Market Day,J023,Basavanagudi,4322,Weekday,False,Rain,True,7.9,False,False,0.561,High,20.3,41.1,365.0,0.225,0.52,0.896,Heavy rain reducing visibility and grip - reduced speed and longer buffer advised
EVT414959,2025-10-26 07:29:42,Local Market Day,J009,Majestic,3670,Weekend,False,Rain,True,11.7,False,False,0.646,High,18.5,49.6,216.1,0.152,0.351,0.908,Heavy rain reducing visibility and grip - reduced speed and longer buffer advised
EVT414960,2026-04-04 20:11:45,Concert,J009,Majestic,15455,Weekend,False,Clear,False,0.0,False,False,0.678,High,18.8,46.5,264.6,0.167,0.385,0.951,Moderate traffic flow - standard adaptive signal timing in effect
EVT414961,2026-06-24 17:02:15,Local Market Day,J023,Basavanagudi,4838,Weekday,False,Rain,True,16.1,False,False,0.872,Severe,10.5,65.5,374.6,0.159,0.367,0.89,Heavy rain reducing visibility and grip - reduced speed and longer buffer advised
EVT414962,2026-04-28 07:51:38,Sports Fixture,J009,Majestic,18947,Weekday,False,Clear,False,0.0,False,False,0.783,Severe,15.6,59.8,140.3,0.091,0.21,0.958,Heavy congestion detected - signal timing extended and reroute suggested
EVT414963,2025-06-11 13:51:14,Local Market Day,J030,MG Road,4307,Weekday,False,Clear,False,0.0,False,False,0.137,Low,42.4,9.4,37.0,0.054,0.125,0.978,Normal free-flow traffic - standard signal timing maintained
EVT414964,2026-03-17 18:21:03,Sports Fixture,J020,Malleshwaram Circle,15766,Weekday,False,Clear,False,0.0,False,False,0.994,Severe,8.5,67.4,646.2,0.209,0.484,0.904,Heavy congestion detected - signal timing extended and reroute suggested
EVT414965,2025-08-20 19:39:26,Local Market Day,J020,Malleshwaram Circle,4714,Weekday,False,Heavy Rain,True,25.8,False,False,1.0,Severe,9.1,69.0,550.5,0.18,0.416,0.863,Heavy rain reducing visibility and grip - reduced speed and longer buffer advised
EVT414966,2026-03-08 10:43:47,Sports Fixture,J031,Cubbon Road,18915,Weekend,False,Clear,False,0.0,False,False,0.594,High,18.3,44.0,230.6,0.142,0.328,0.96,Moderate traffic flow - standard adaptive signal timing in effect
EVT414967,2026-01-18 17:07:54,Sports Fixture,J030,MG Road,21788,Weekend,False,Clear,False,0.0,True,False,1.0,Severe,7.7,74.8,583.4,0.182,0.42,0.729,Accident detected nearby - reroute and reduced speed advised
EVT414968,2025-08-24 09:06:39,Local Market Day,J040,City Market,4743,Weekend,False,Light Rain,True,7.3,False,False,0.958,Severe,9.3,64.1,397.2,0.156,0.361,0.873,Heavy rain reducing visibility and grip - reduced speed and longer buffer advised
EVT414969,2026-03-24 12:17:23,Sports Fixture,J040,City Market,19058,Weekday,False,Clear,False,0.0,False,False,0.314,Low,32.0,23.3,203.2,0.168,0.389,0.965,Moderate traffic flow - standard adaptive signal timing in effect
EVT414970,2025-05-16 21:56:24,Local Market Day,J031,Cubbon Road,2727,Weekday,False,Rain,True,9.1,False,False,0.406,Moderate,32.7,25.6,113.1,0.119,0.274,0.916,Light rain detected - minor speed reduction advised
EVT414971,2025-04-25 11:33:30,Local Market Day,J031,Cubbon Road,3766,Weekday,False,Clear,False,0.0,False,False,0.265,Low,38.0,17.9,123.7,0.125,0.288,0.971,Moderate traffic flow - standard adaptive signal timing in effect
EVT414972,2026-05-30 16:07:58,Sports Fixture,J011,Indiranagar 100ft Road,30024,Weekend,False,Fog,False,0.0,False,False,0.667,High,14.7,49.5,469.0,0.227,0.525,0.947,Moderate traffic flow - standard adaptive signal timing in effect
EVT414973,2025-08-29 08:43:05,Local Market Day,J020,Malleshwaram Circle,2803,Weekday,False,Clear,False,0.0,False,False,0.97,Severe,6.2,66.6,736.4,0.215,0.496,0.937,Heavy congestion detected - signal timing extended and reroute suggested
EVT414974,2025-02-25 16:40:13,Sports Fixture,J012,Koramangala Sony World,19220,Weekday,False,Clear,False,0.0,False,False,0.7,High,20.1,45.5,256.1,0.161,0.373,0.971,Moderate traffic flow - standard adaptive signal timing in effect
EVT414975,2025-11-05 16:19:36,Local Market Day,J040,City Market,4335,Weekday,False,Clear,False,0.0,False,False,0.457,Moderate,19.6,29.7,249.2,0.143,0.33,0.99,Moderate traffic flow - standard adaptive signal timing in effect
EVT414976,2025-01-21 20:46:46,Sports Fixture,J040,City Market,22032,Weekday,False,Clear,False,0.0,False,False,0.608,High,15.7,45.8,437.7,0.227,0.525,0.963,Moderate traffic flow - standard adaptive signal timing in effect
EVT414977,2026-06-24 10:26:32,Local Market Day,J040,City Market,5843,Weekday,False,Heavy Rain,True,32.8,False,False,0.914,Severe,8.8,58.1,499.0,0.161,0.371,0.878,Heavy rain reducing visibility and grip - reduced speed and longer buffer advised
EVT414978,2026-05-05 15:10:06,Trade Fair,J009,Majestic,9500,Weekday,False,Clear,False,0.0,False,False,0.309,Low,30.4,22.2,142.3,0.117,0.271,0.942,Moderate traffic flow - standard adaptive signal timing in effect
EVT414979,2025-10-05 18:44:07,Local Market Day,J023,Basavanagudi,3892,Weekend,False,Clear,False,0.0,False,False,0.882,Severe,13.3,68.0,410.2,0.2,0.462,0.942,Heavy congestion detected - signal timing extended and reroute suggested
EVT414980,2026-01-26 10:24:27,Religious Festival,J011,Indiranagar 100ft Road,40638,Weekday,True,Clear,False,0.0,False,False,1.0,Severe,7.7,72.1,720.7,0.211,0.487,0.856,Festival crowd surge detected - alternate route and extended cycle recommended
EVT414981,2025-02-05 20:08:24,Sports Fixture,J009,Majestic,24068,Weekday,False,Clear,False,0.0,False,False,0.776,Severe,14.3,60.0,492.6,0.241,0.556,0.944,Heavy congestion detected - signal timing extended and reroute suggested
EVT414982,2025-09-09 06:34:30,Trade Fair,J011,Indiranagar 100ft Road,8591,Weekday,False,Clear,False,0.0,False,False,0.37,Moderate,27.9,33.6,128.6,0.089,0.206,0.929,Moderate traffic flow - standard adaptive signal timing in effect
EVT414983,2025-04-29 19:13:47,Concert,J011,Indiranagar 100ft Road,17824,Weekday,False,Clear,False,0.0,False,False,1.0,Severe,8.8,67.5,587.1,0.21,0.486,0.889,Heavy congestion detected - signal timing extended and reroute suggested
EVT414984,2026-05-11 18:34:16,Concert,J012,Koramangala Sony World,11833,Weekday,False,Clear,False,0.0,False,False,1.0,Severe,8.0,71.5,575.2,0.179,0.413,0.916,Heavy congestion detected - signal timing extended and reroute suggested
EVT414985,2026-01-16 12:28:11,Local Market Day,J009,Majestic,3055,Weekday,False,Clear,False,0.0,False,False,0.249,Low,32.8,10.0,165.8,0.152,0.35,0.979,Normal free-flow traffic - standard signal timing maintained
EVT414986,2026-03-13 05:50:14,Trade Fair,J031,Cubbon Road,7142,Weekday,False,Clear,False,0.0,False,False,0.272,Low,33.7,15.8,135.2,0.1,0.231,0.964,Moderate traffic flow - standard adaptive signal timing in effect
EVT414987,2025-06-23 07:39:33,Concert,J009,Majestic,7740,Weekday,False,Clear,False,0.0,False,False,0.723,High,18.6,58.3,179.0,0.115,0.265,0.945,Moderate traffic flow - standard adaptive signal timing in effect
EVT414988,2025-06-06 15:45:59,Local Market Day,J011,Indiranagar 100ft Road,2601,Weekday,False,Heavy Rain,True,63.2,False,False,0.669,High,19.3,51.7,371.5,0.226,0.523,0.874,Heavy rain reducing visibility and grip - reduced speed and longer buffer advised
EVT414989,2025-02-07 18:23:21,Political Rally,J031,Cubbon Road,12379,Weekday,False,Light Rain,True,4.3,False,False,1.0,Severe,6.9,68.6,743.2,0.233,0.539,0.871,Heavy rain reducing visibility and grip - reduced speed and longer buffer advised
EVT414990,2025-10-24 08:22:30,Trade Fair,J012,Koramangala Sony World,15298,Weekday,False,Rain,True,21.4,False,False,1.0,Severe,8.0,78.1,366.6,0.138,0.318,0.846,Heavy rain reducing visibility and grip - reduced speed and longer buffer advised
EVT414991,2026-06-27 10:29:23,Trade Fair,J040,City Market,8373,Weekend,False,Heavy Rain,True,28.8,False,False,0.873,Severe,13.3,60.6,663.3,0.302,0.697,0.902,Heavy rain reducing visibility and grip - reduced speed and longer buffer advised
EVT414992,2026-01-27 21:46:18,Religious Festival,J012,Koramangala Sony World,39489,Weekday,True,Clear,False,0.0,False,True,0.801,High,16.8,77.9,419.0,0.228,0.527,0.879,Road closure for event/procession - full detour recommended for through-traffic
EVT414993,2026-05-22 08:03:15,Trade Fair,J012,Koramangala Sony World,16665,Weekday,False,Clear,False,0.0,False,False,0.864,Severe,14.1,63.8,333.0,0.175,0.404,0.94,Heavy congestion detected - signal timing extended and reroute suggested
EVT414994,2025-08-25 13:23:16,Sports Fixture,J023,Basavanagudi,51173,Weekday,False,Fog,False,0.0,False,False,0.527,Moderate,22.3,39.3,182.1,0.122,0.281,0.961,Moderate traffic flow - standard adaptive signal timing in effect
EVT414995,2026-01-21 15:54:55,Concert,J009,Majestic,10572,Weekday,False,Clear,False,0.0,False,False,0.45,Moderate,23.3,35.5,168.4,0.121,0.28,0.946,Moderate traffic flow - standard adaptive signal timing in effect
EVT414996,2025-09-26 23:12:09,Trade Fair,J009,Majestic,4702,Weekday,False,Rain,True,15.0,False,False,0.399,Moderate,19.8,22.3,211.9,0.13,0.299,0.894,Light rain detected - minor speed reduction advised
EVT414997,2026-01-30 18:10:09,Trade Fair,J012,Koramangala Sony World,10292,Weekday,False,Clear,False,0.0,False,False,1.0,Severe,7.5,74.2,590.8,0.175,0.403,0.915,Heavy congestion detected - signal timing extended and reroute suggested
EVT414998,2026-05-14 07:58:39,Concert,J030,MG Road,13424,Weekday,False,Clear,False,0.0,False,False,0.903,Severe,11.7,61.4,396.5,0.173,0.399,0.937,Heavy congestion detected - signal timing extended and reroute suggested
EVT414999,2026-03-11 20:28:41,Local Market Day,J023,Basavanagudi,3416,Weekday,False,Clear,False,0.0,False,False,0.542,Moderate,22.9,40.5,357.2,0.244,0.563,0.948,Moderate traffic flow - standard adaptive signal timing in effect
EVT415000,2026-06-08 12:39:29,Sports Fixture,J011,Indiranagar 100ft Road,17866,Weekday,False,Clear,False,0.0,False,False,0.302,Low,35.3,25.9,121.1,0.121,0.28,0.946,Moderate traffic flow - standard adaptive signal timing in effect
EVT415001,2026-01-13 08:54:17,Concert,J011,Indiranagar 100ft Road,5371,Weekday,False,Clear,False,0.0,False,False,1.0,Severe,9.5,64.9,410.8,0.195,0.45,0.906,Heavy congestion detected - signal timing extended and reroute suggested
EVT415002,2025-08-26 18:40:09,Trade Fair,J012,Koramangala Sony World,11798,Weekday,False,Clear,False,0.0,False,False,1.0,Severe,8.7,74.2,525.7,0.179,0.413,0.904,Heavy congestion detected - signal timing extended and reroute suggested
EVT415003,2025-04-11 20:36:38,Concert,J009,Majestic,16478,Weekday,False,Clear,False,0.0,False,False,0.681,High,18.4,53.5,289.6,0.178,0.412,0.973,Moderate traffic flow - standard adaptive signal timing in effect
EVT415004,2025-09-24 11:10:49,Concert,J011,Indiranagar 100ft Road,10412,Weekday,False,Fog,False,0.0,False,False,0.416,Moderate,29.0,32.0,259.9,0.205,0.473,0.95,Moderate traffic flow - standard adaptive signal timing in effect
EVT415005,2026-06-16 10:29:18,Concert,J031,Cubbon Road,5488,Weekday,False,Rain,True,10.9,False,False,0.847,Severe,12.3,52.8,299.4,0.114,0.263,0.889,Heavy rain reducing visibility and grip - reduced speed and longer buffer advised
EVT415006,2026-01-22 21:12:28,Sports Fixture,J012,Koramangala Sony World,31331,Weekday,False,Clear,False,0.0,False,False,0.551,High,22.1,40.1,213.9,0.146,0.338,0.99,Moderate traffic flow - standard adaptive signal timing in effect
EVT415007,2025-01-18 18:22:32,Trade Fair,J030,MG Road,6248,Weekend,False,Clear,False,0.0,False,False,0.858,Severe,12.2,54.4,305.8,0.124,0.287,0.941,Heavy congestion detected - signal timing extended and reroute suggested
EVT415008,2025-05-01 17:37:00,Religious Festival,J009,Majestic,25861,Weekday,True,Heavy Rain,True,25.7,False,False,1.0,Severe,7.0,71.6,452.0,0.137,0.317,0.787,Festival crowd surge detected - alternate route and extended cycle recommended
EVT415009,2025-04-09 07:09:55,Sports Fixture,J040,City Market,17585,Weekday,False,Clear,False,0.0,False,False,0.561,High,17.7,39.6,353.0,0.199,0.46,0.957,Moderate traffic flow - standard adaptive signal timing in effect
EVT415010,2025-05-23 07:18:25,Sports Fixture,J009,Majestic,20031,Weekday,False,Clear,False,0.0,False,False,0.624,High,20.5,46.4,170.8,0.075,0.174,0.955,Moderate traffic flow - standard adaptive signal timing in effect
EVT415011,2025-09-17 17:07:23,Concert,J009,Majestic,8873,Weekday,False,Rain,True,21.3,False,False,1.0,Severe,7.8,72.5,754.1,0.221,0.511,0.867,Heavy rain reducing visibility and grip - reduced speed and longer buffer advised
EVT415012,2025-02-07 13:25:04,Trade Fair,J030,MG Road,12377,Weekday,False,Clear,False,0.0,False,False,0.206,Low,39.3,17.0,134.6,0.128,0.296,0.966,Normal free-flow traffic - standard signal timing maintained
EVT415013,2025-08-11 15:18:44,Trade Fair,J012,Koramangala Sony World,10129,Weekday,False,Clear,False,0.0,False,False,0.264,Low,32.2,14.2,66.1,0.052,0.121,0.971,Moderate traffic flow - standard adaptive signal timing in effect
EVT415014,2025-09-17 20:40:46,Trade Fair,J040,City Market,8790,Weekday,False,Clear,False,0.0,False,False,0.526,Moderate,29.2,41.7,278.3,0.262,0.606,0.988,Moderate traffic flow - standard adaptive signal timing in effect
EVT415015,2025-10-16 09:55:34,Trade Fair,J030,MG Road,9612,Weekday,False,Heavy Rain,True,25.5,False,False,1.0,Severe,7.2,71.6,981.2,0.262,0.604,0.843,Heavy rain reducing visibility and grip - reduced speed and longer buffer advised
EVT415016,2025-01-15 19:38:22,Cultural Procession,J040,City Market,15617,Weekday,True,Clear,False,0.0,False,True,1.0,Severe,7.4,101.3,506.1,0.162,0.375,0.846,Road closure for event/procession - full detour recommended for through-traffic
EVT415017,2025-06-25 19:16:03,Local Market Day,J030,MG Road,3458,Weekday,False,Clear,False,0.0,False,False,0.96,Severe,10.3,69.5,476.1,0.19,0.438,0.918,Heavy congestion detected - signal timing extended and reroute suggested
EVT415018,2026-02-17 14:32:16,Local Market Day,J040,City Market,3335,Weekday,False,Clear,False,0.0,False,False,0.17,Low,45.7,14.2,68.0,0.076,0.176,0.961,Normal free-flow traffic - standard signal timing maintained
EVT415019,2025-03-17 08:59:11,Sports Fixture,J031,Cubbon Road,37087,Weekday,False,Clear,False,0.0,False,False,1.0,Severe,8.4,70.5,427.5,0.169,0.391,0.922,Heavy congestion detected - signal timing extended and reroute suggested
EVT415020,2026-06-05 11:07:43,Trade Fair,J012,Koramangala Sony World,8757,Weekday,False,Rain,True,24.9,False,False,0.646,High,26.4,39.6,206.2,0.174,0.402,0.92,Heavy rain reducing visibility and grip - reduced speed and longer buffer advised
EVT415021,2026-03-08 05:19:54,Concert,J020,Malleshwaram Circle,15120,Weekend,False,Clear,False,0.0,False,False,0.346,Low,30.7,26.7,172.9,0.152,0.351,0.971,Moderate traffic flow - standard adaptive signal timing in effect
EVT415022,2025-11-11 07:09:42,Political Rally,J011,Indiranagar 100ft Road,22454,Weekday,False,Clear,False,0.0,False,False,0.679,High,16.5,49.1,221.1,0.122,0.282,0.968,Moderate traffic flow - standard adaptive signal timing in effect
EVT415023,2026-02-12 09:00:00,Sports Fixture,J020,Malleshwaram Circle,22147,Weekday,False,Clear,False,0.0,False,False,1.0,Severe,8.7,71.8,547.6,0.19,0.439,0.923,Heavy congestion detected - signal timing extended and reroute suggested
EVT415024,2026-03-05 13:17:07,Religious Festival,J031,Cubbon Road,45002,Weekday,True,Clear,False,0.0,False,False,0.775,Severe,14.8,56.3,290.2,0.153,0.353,0.954,Festival crowd surge detected - alternate route and extended cycle recommended
EVT415025,2025-05-12 17:32:35,Concert,J031,Cubbon Road,9083,Weekday,False,Heavy Rain,True,34.6,False,False,1.0,Severe,9.3,79.7,576.1,0.228,0.526,0.874,Heavy rain reducing visibility and grip - reduced speed and longer buffer advised
EVT415026,2025-10-12 17:32:36,Trade Fair,J011,Indiranagar 100ft Road,13734,Weekend,False,Clear,False,0.0,False,False,0.827,Severe,15.0,64.5,190.5,0.124,0.286,0.945,Heavy congestion detected - signal timing extended and reroute suggested
EVT415027,2025-05-09 22:08:53,Concert,J030,MG Road,20018,Weekday,False,Heavy Rain,True,37.0,True,False,1.0,Severe,9.4,67.9,543.7,0.194,0.447,0.697,Accident detected nearby - reroute and reduced speed advised
EVT415028,2025-01-18 19:48:00,Political Rally,J009,Majestic,20483,Weekend,False,Fog,False,0.0,False,False,0.89,Severe,13.1,70.7,295.7,0.133,0.306,0.946,Heavy congestion detected - signal timing extended and reroute suggested
EVT415029,2025-04-26 09:43:47,Political Rally,J009,Majestic,15380,Weekend,False,Rain,True,14.3,False,False,1.0,Severe,8.0,73.4,597.8,0.195,0.45,0.834,Heavy rain reducing visibility and grip - reduced speed and longer buffer advised
EVT415030,2025-04-10 09:31:23,Sports Fixture,J012,Koramangala Sony World,46576,Weekday,False,Clear,False,0.0,False,False,1.0,Severe,6.7,69.1,948.9,0.26,0.601,0.908,Heavy congestion detected - signal timing extended and reroute suggested
EVT415031,2026-06-08 21:35:18,Local Market Day,J030,MG Road,2601,Weekday,False,Rain,True,21.5,False,False,0.604,High,18.3,44.7,420.4,0.25,0.576,0.944,Heavy rain reducing visibility and grip - reduced speed and longer buffer advised
EVT415032,2026-05-12 09:30:49,Trade Fair,J009,Majestic,5844,Weekday,False,Clear,False,0.0,False,False,0.997,Severe,7.4,73.3,507.8,0.154,0.355,0.916,Heavy congestion detected - signal timing extended and reroute suggested
EVT415033,2026-04-01 05:47:15,Sports Fixture,J040,City Market,20652,Weekday,False,Clear,False,0.0,False,False,0.278,Low,27.9,20.3,233.0,0.171,0.396,0.954,Moderate traffic flow - standard adaptive signal timing in effect
EVT415034,2026-06-14 17:22:39,Political Rally,J023,Basavanagudi,15738,Weekend,False,Rain,True,12.5,False,False,0.974,Severe,8.0,68.7,373.3,0.14,0.324,0.883,Heavy rain reducing visibility and grip - reduced speed and longer buffer advised
EVT415035,2026-04-16 21:52:35,Sports Fixture,J012,Koramangala Sony World,14126,Weekday,False,Clear,False,0.0,False,False,0.275,Low,27.0,11.3,136.3,0.101,0.233,0.964,Moderate traffic flow - standard adaptive signal timing in effect
EVT415036,2026-03-14 08:57:29,Concert,J012,Koramangala Sony World,7264,Weekend,False,Clear,False,0.0,False,False,0.867,Severe,12.5,62.7,437.5,0.187,0.433,0.931,Heavy congestion detected - signal timing extended and reroute suggested
EVT415037,2025-09-17 18:41:59,Local Market Day,J009,Majestic,5920,Weekday,False,Clear,False,0.0,False,False,0.976,Severe,10.2,64.1,498.7,0.187,0.432,0.927,Heavy congestion detected - signal timing extended and reroute suggested
EVT415038,2025-02-18 18:55:46,Concert,J040,City Market,10891,Weekday,False,Clear,False,0.0,False,False,1.0,Severe,9.4,70.7,751.5,0.285,0.658,0.911,Heavy congestion detected - signal timing extended and reroute suggested
EVT415039,2026-06-01 18:02:54,Local Market Day,J009,Majestic,5601,Weekday,False,Rain,True,20.8,False,False,1.0,Severe,7.6,69.6,493.0,0.166,0.383,0.854,Heavy rain reducing visibility and grip - reduced speed and longer buffer advised
EVT415040,2025-12-02 16:40:17,Concert,J040,City Market,9061,Weekday,False,Clear,False,0.0,False,False,0.645,High,22.1,48.9,101.5,0.081,0.188,0.955,Moderate traffic flow - standard adaptive signal timing in effect
EVT415041,2026-02-20 18:12:07,Local Market Day,J011,Indiranagar 100ft Road,3593,Weekday,False,Clear,False,0.0,False,False,1.0,Severe,7.8,74.6,392.1,0.141,0.325,0.911,Heavy congestion detected - signal timing extended and reroute suggested
EVT415042,2025-09-22 09:44:01,Local Market Day,J030,MG Road,4022,Weekday,False,Clear,False,0.0,False,False,0.935,Severe,11.1,68.1,401.1,0.175,0.403,0.936,Heavy congestion detected - signal timing extended and reroute suggested
EVT415043,2025-11-13 15:59:54,Political Rally,J011,Indiranagar 100ft Road,9503,Weekday,False,Clear,False,0.0,False,False,0.467,Moderate,30.6,30.5,216.3,0.179,0.414,0.965,Moderate traffic flow - standard adaptive signal timing in effect
EVT415044,2026-02-06 17:06:36,Local Market Day,J012,Koramangala Sony World,2043,Weekday,False,Clear,False,0.0,False,False,0.732,High,19.0,55.1,278.8,0.183,0.422,0.964,Moderate traffic flow - standard adaptive signal timing in effect
EVT415045,2026-04-04 16:56:06,Trade Fair,J012,Koramangala Sony World,12278,Weekend,False,Clear,False,0.0,False,False,0.719,High,18.5,43.5,188.9,0.126,0.292,0.963,Moderate traffic flow - standard adaptive signal timing in effect
EVT415046,2025-12-03 09:03:01,Local Market Day,J023,Basavanagudi,6054,Weekday,False,Clear,False,0.0,False,False,0.993,Severe,9.2,70.3,545.7,0.193,0.446,0.916,Heavy congestion detected - signal timing extended and reroute suggested
EVT415047,2025-11-20 12:56:12,Sports Fixture,J012,Koramangala Sony World,12306,Weekday,False,Clear,False,0.0,False,False,0.24,Low,27.9,22.9,155.6,0.099,0.229,0.986,Normal free-flow traffic - standard signal timing maintained
EVT415048,2026-01-23 11:32:10,Sports Fixture,J011,Indiranagar 100ft Road,28146,Weekday,False,Clear,False,0.0,False,False,0.395,Moderate,27.0,32.9,113.3,0.075,0.174,0.966,Moderate traffic flow - standard adaptive signal timing in effect
EVT415049,2025-05-31 14:21:36,Local Market Day,J011,Indiranagar 100ft Road,4012,Weekend,False,Clear,False,0.0,False,False,0.292,Low,27.2,19.3,134.3,0.098,0.226,0.97,Moderate traffic flow - standard adaptive signal timing in effect
EVT415050,2025-03-11 15:47:10,Trade Fair,J020,Malleshwaram Circle,17159,Weekday,False,Clear,False,0.0,False,False,0.434,Moderate,28.9,29.7,213.0,0.175,0.405,0.966,Moderate traffic flow - standard adaptive signal timing in effect
EVT415051,2025-04-18 14:39:47,Concert,J020,Malleshwaram Circle,7534,Weekday,False,Clear,False,0.0,False,False,0.194,Low,35.9,16.2,146.6,0.14,0.323,0.965,Normal free-flow traffic - standard signal timing maintained
EVT415052,2025-10-02 18:25:37,Religious Festival,J040,City Market,26594,Weekday,True,Clear,False,0.0,False,False,1.0,Severe,8.3,66.3,563.6,0.183,0.424,0.879,Festival crowd surge detected - alternate route and extended cycle recommended
EVT415053,2025-08-14 14:20:51,Local Market Day,J020,Malleshwaram Circle,3433,Weekday,False,Clear,False,0.0,False,False,0.211,Low,36.2,15.1,147.0,0.129,0.297,0.963,Normal free-flow traffic - standard signal timing maintained
EVT415054,2025-06-13 18:52:15,Trade Fair,J020,Malleshwaram Circle,8224,Weekday,False,Rain,True,20.7,False,False,1.0,Severe,8.7,68.1,560.4,0.189,0.437,0.866,Heavy rain reducing visibility and grip - reduced speed and longer buffer advised
EVT415055,2025-04-28 09:37:06,Local Market Day,J009,Majestic,11882,Weekday,False,Clear,False,0.0,False,False,0.912,Severe,11.3,61.7,208.5,0.09,0.207,0.946,Heavy congestion detected - signal timing extended and reroute suggested
EVT415056,2025-11-10 07:44:03,Political Rally,J031,Cubbon Road,23031,Weekday,False,Clear,False,0.0,False,False,0.806,Severe,16.3,58.0,130.2,0.058,0.135,0.964,Heavy congestion detected - signal timing extended and reroute suggested
EVT415057,2025-05-19 21:11:26,Trade Fair,J012,Koramangala Sony World,9316,Weekday,False,Clear,False,0.0,False,False,0.492,Moderate,22.9,30.7,236.3,0.169,0.39,0.963,Moderate traffic flow - standard adaptive signal timing in effect
EVT415058,2025-01-21 08:43:26,Trade Fair,J012,Koramangala Sony World,6716,Weekday,False,Clear,False,0.0,False,False,1.0,Severe,7.6,70.5,411.1,0.147,0.339,0.924,Heavy congestion detected - signal timing extended and reroute suggested
EVT415059,2025-10-20 14:41:58,Religious Festival,J011,Indiranagar 100ft Road,35361,Weekday,True,Clear,False,0.0,False,True,0.756,High,12.5,77.2,463.4,0.2,0.462,0.87,Road closure for event/procession - full detour recommended for through-traffic
EVT415060,2025-12-13 16:44:18,Local Market Day,J040,City Market,6639,Weekend,False,Clear,False,0.0,False,False,0.587,High,19.9,45.8,279.0,0.172,0.397,0.95,Moderate traffic flow - standard adaptive signal timing in effect
EVT415061,2025-12-16 08:19:16,Sports Fixture,J030,MG Road,22581,Weekday,False,Clear,False,0.0,False,False,0.967,Severe,9.7,70.0,237.6,0.095,0.219,0.877,Heavy congestion detected - signal timing extended and reroute suggested
EVT415062,2025-12-24 17:04:10,Political Rally,J023,Basavanagudi,12738,Weekday,False,Clear,False,0.0,False,False,0.83,Severe,14.1,57.0,325.2,0.179,0.414,0.935,Heavy congestion detected - signal timing extended and reroute suggested
EVT415063,2025-03-24 07:51:20,Local Market Day,J009,Majestic,3224,Weekday,False,Clear,False,0.0,False,False,0.833,Severe,11.4,55.1,397.4,0.162,0.375,0.942,Heavy congestion detected - signal timing extended and reroute suggested
EVT415064,2026-04-08 12:28:48,Political Rally,J011,Indiranagar 100ft Road,15023,Weekday,False,Clear,False,0.0,False,False,0.264,Low,38.6,20.9,145.2,0.159,0.367,0.953,Moderate traffic flow - standard adaptive signal timing in effect
EVT415065,2025-08-05 09:32:23,Sports Fixture,J011,Indiranagar 100ft Road,35411,Weekday,False,Light Rain,True,4.4,False,False,1.0,Severe,8.6,76.0,714.6,0.24,0.555,0.863,Heavy rain reducing visibility and grip - reduced speed and longer buffer advised
EVT415066,2025-08-17 04:07:20,Sports Fixture,J031,Cubbon Road,10019,Weekend,False,Rain,True,12.4,False,False,0.382,Moderate,35.3,20.9,50.5,0.037,0.086,0.893,Light rain detected - minor speed reduction advised
EVT415067,2025-03-03 05:55:22,Trade Fair,J031,Cubbon Road,8373,Weekday,False,Light Rain,True,0.9,False,False,0.308,Low,23.4,17.7,163.1,0.114,0.264,0.917,Light rain detected - minor speed reduction advised
EVT415068,2025-11-02 19:58:21,Religious Festival,J023,Basavanagudi,51153,Weekend,True,Clear,False,0.0,False,True,1.0,Severe,11.2,101.8,235.4,0.111,0.256,0.82,Road closure for event/procession - full detour recommended for through-traffic
EVT415069,2025-11-19 08:54:53,Local Market Day,J030,MG Road,4246,Weekday,False,Clear,False,0.0,False,False,1.0,Severe,7.6,68.4,653.3,0.204,0.472,0.91,Heavy congestion detected - signal timing extended and reroute suggested
EVT415070,2025-08-08 11:26:22,Concert,J040,City Market,11851,Weekday,False,Clear,False,0.0,False,False,0.358,Moderate,30.8,22.4,178.4,0.148,0.342,0.976,Moderate traffic flow - standard adaptive signal timing in effect
EVT415071,2026-05-31 18:09:13,Local Market Day,J020,Malleshwaram Circle,3743,Weekend,False,Rain,True,13.7,False,False,0.953,Severe,11.0,63.8,407.7,0.184,0.424,0.862,Heavy rain reducing visibility and grip - reduced speed and longer buffer advised
EVT415072,2026-05-15 14:57:38,Trade Fair,J020,Malleshwaram Circle,14477,Weekday,False,Clear,False,0.0,False,False,0.287,Low,36.1,20.2,165.0,0.162,0.374,0.951,Moderate traffic flow - standard adaptive signal timing in effect
EVT415073,2025-04-20 10:48:23,Local Market Day,J020,Malleshwaram Circle,3480,Weekend,False,Light Rain,True,7.2,False,False,0.592,High,24.5,44.8,251.6,0.178,0.411,0.93,Heavy rain reducing visibility and grip - reduced speed and longer buffer advised
EVT415074,2026-06-23 13:59:37,Local Market Day,J030,MG Road,2593,Weekday,False,Heavy Rain,True,49.2,False,False,0.509,Moderate,22.4,38.4,223.2,0.144,0.332,0.887,Light rain detected - minor speed reduction advised
EVT415075,2025-04-22 06:46:35,Political Rally,J012,Koramangala Sony World,35907,Weekday,False,Clear,False,0.0,False,False,0.469,Moderate,27.1,36.8,115.5,0.09,0.207,0.961,Moderate traffic flow - standard adaptive signal timing in effect
EVT415076,2026-06-23 18:41:19,Trade Fair,J011,Indiranagar 100ft Road,9659,Weekday,False,Clear,False,0.0,False,False,0.956,Severe,9.8,66.6,699.4,0.26,0.602,0.938,Heavy congestion detected - signal timing extended and reroute suggested
EVT415077,2025-09-06 11:53:47,Religious Festival,J030,MG Road,45806,Weekend,True,Clear,False,0.0,False,True,0.96,Severe,7.2,90.1,433.1,0.138,0.32,0.853,Road closure for event/procession - full detour recommended for through-traffic
EVT415078,2025-05-03 08:20:26,Sports Fixture,J011,Indiranagar 100ft Road,16880,Weekend,False,Clear,False,0.0,False,False,0.927,Severe,10.6,64.4,293.3,0.124,0.286,0.957,Heavy congestion detected - signal timing extended and reroute suggested
EVT415079,2025-03-19 18:21:34,Sports Fixture,J030,MG Road,22338,Weekday,False,Clear,False,0.0,False,False,1.0,Severe,8.1,66.3,639.5,0.229,0.528,0.921,Heavy congestion detected - signal timing extended and reroute suggested
EVT415080,2026-06-12 13:18:08,Local Market Day,J023,Basavanagudi,2143,Weekday,False,Clear,False,0.0,False,False,0.181,Low,28.9,18.7,191.9,0.141,0.325,0.99,Normal free-flow traffic - standard signal timing maintained
EVT415081,2025-05-24 18:09:51,Political Rally,J031,Cubbon Road,26809,Weekend,False,Clear,False,0.0,False,False,1.0,Severe,8.8,74.6,706.2,0.257,0.594,0.922,Heavy congestion detected - signal timing extended and reroute suggested
EVT415082,2025-01-02 08:39:35,Local Market Day,J023,Basavanagudi,4341,Weekday,False,Clear,False,0.0,False,False,0.84,Severe,12.0,61.2,327.7,0.145,0.335,0.93,Heavy congestion detected - signal timing extended and reroute suggested
EVT415083,2025-04-12 08:45:15,Local Market Day,J020,Malleshwaram Circle,2594,Weekend,False,Clear,False,0.0,False,False,0.819,Severe,15.1,56.0,262.0,0.137,0.315,0.95,Heavy congestion detected - signal timing extended and reroute suggested
EVT415084,2026-05-15 08:03:48,Sports Fixture,J020,Malleshwaram Circle,27336,Weekday,False,Light Rain,True,7.2,False,False,1.0,Severe,7.6,64.9,662.6,0.198,0.457,0.88,Heavy rain reducing visibility and grip - reduced speed and longer buffer advised
EVT415085,2025-05-02 10:40:21,Cultural Procession,J030,MG Road,11079,Weekday,True,Rain,True,13.8,False,True,1.0,Severe,7.2,98.7,875.8,0.261,0.603,0.788,Road closure for event/procession - full detour recommended for through-traffic
EVT415086,2025-07-07 16:53:49,Concert,J009,Majestic,29079,Weekday,False,Rain,True,12.7,False,False,0.999,Severe,7.2,72.2,809.2,0.252,0.582,0.886,Heavy rain reducing visibility and grip - reduced speed and longer buffer advised
EVT415087,2025-05-23 15:48:46,Sports Fixture,J030,MG Road,17026,Weekday,False,Rain,True,8.5,False,False,0.643,High,15.2,48.3,406.0,0.212,0.491,0.908,Heavy rain reducing visibility and grip - reduced speed and longer buffer advised
EVT415088,2026-02-21 18:18:47,Local Market Day,J009,Majestic,3080,Weekend,False,Clear,False,0.0,False,False,0.986,Severe,9.7,67.3,787.1,0.256,0.59,0.925,Heavy congestion detected - signal timing extended and reroute suggested
EVT415089,2025-04-23 16:11:24,Local Market Day,J012,Koramangala Sony World,3786,Weekday,False,Clear,False,0.0,False,False,0.483,Moderate,21.1,35.3,254.7,0.167,0.385,0.929,Moderate traffic flow - standard adaptive signal timing in effect
EVT415090,2025-12-13 06:56:42,Sports Fixture,J023,Basavanagudi,34506,Weekend,False,Clear,False,0.0,False,False,0.633,High,18.8,45.7,155.6,0.106,0.244,0.97,Moderate traffic flow - standard adaptive signal timing in effect
EVT415091,2025-06-17 09:37:29,Local Market Day,J030,MG Road,7309,Weekday,False,Heavy Rain,True,40.1,False,False,1.0,Severe,6.7,66.5,966.1,0.252,0.581,0.876,Heavy rain reducing visibility and grip - reduced speed and longer buffer advised
EVT415092,2025-02-21 19:07:51,Local Market Day,J020,Malleshwaram Circle,3499,Weekday,False,Clear,False,0.0,False,False,0.985,Severe,8.2,69.0,563.5,0.193,0.445,0.915,Heavy congestion detected - signal timing extended and reroute suggested
EVT415093,2026-05-16 06:11:01,Sports Fixture,J031,Cubbon Road,20299,Weekend,False,Clear,False,0.0,False,False,0.39,Moderate,23.9,25.1,254.3,0.18,0.415,0.952,Moderate traffic flow - standard adaptive signal timing in effect
EVT415094,2025-06-28 19:27:18,Local Market Day,J030,MG Road,5177,Weekend,False,Clear,False,0.0,False,False,0.828,Severe,19.3,60.5,133.7,0.09,0.209,0.937,Heavy congestion detected - signal timing extended and reroute suggested
EVT415095,2025-06-20 15:12:48,Sports Fixture,J030,MG Road,15737,Weekday,False,Clear,False,0.0,False,False,0.346,Low,25.9,19.5,217.4,0.15,0.346,0.963,Moderate traffic flow - standard adaptive signal timing in effect
EVT415096,2025-04-21 19:08:52,Local Market Day,J040,City Market,2897,Weekday,False,Clear,False,0.0,False,False,0.945,Severe,11.0,75.7,354.6,0.164,0.38,0.918,Heavy congestion detected - signal timing extended and reroute suggested
EVT415097,2025-10-21 09:07:27,Cultural Procession,J011,Indiranagar 100ft Road,12910,Weekday,True,Light Rain,True,3.4,False,True,1.0,Severe,9.2,99.5,376.8,0.141,0.326,0.77,Road closure for event/procession - full detour recommended for through-traffic
EVT415098,2026-03-22 14:35:22,Sports Fixture,J009,Majestic,25958,Weekend,False,Clear,False,0.0,False,False,0.405,Moderate,27.9,29.9,140.0,0.104,0.241,0.958,Moderate traffic flow - standard adaptive signal timing in effect
EVT415099,2025-04-09 10:50:16,Trade Fair,J023,Basavanagudi,8182,Weekday,False,Clear,False,0.0,False,False,0.489,Moderate,27.0,37.3,228.8,0.185,0.428,0.969,Moderate traffic flow - standard adaptive signal timing in effect
EVT415100,2026-06-03 20:01:27,Local Market Day,J031,Cubbon Road,3685,Weekday,False,Heavy Rain,True,28.7,False,False,0.986,Severe,8.7,71.3,186.9,0.084,0.195,0.875,Heavy rain reducing visibility and grip - reduced speed and longer buffer advised
EVT415101,2025-07-15 08:10:49,Local Market Day,J020,Malleshwaram Circle,3809,Weekday,False,Clear,False,0.0,False,False,0.868,Severe,10.9,60.8,556.2,0.238,0.549,0.966,Heavy congestion detected - signal timing extended and reroute suggested
EVT415102,2025-12-07 19:55:13,Concert,J020,Malleshwaram Circle,12636,Weekend,False,Clear,False,0.0,False,False,0.759,Severe,14.3,60.4,362.1,0.176,0.407,0.976,Heavy congestion detected - signal timing extended and reroute suggested
EVT415103,2025-12-17 18:01:21,Local Market Day,J009,Majestic,3530,Weekday,False,Clear,False,0.0,False,False,0.907,Severe,8.1,66.8,405.6,0.122,0.282,0.963,Heavy congestion detected - signal timing extended and reroute suggested
EVT415104,2026-06-16 16:46:35,Local Market Day,J009,Majestic,4920,Weekday,False,Clear,False,0.0,False,False,0.612,High,25.2,42.9,115.1,0.079,0.182,0.97,Moderate traffic flow - standard adaptive signal timing in effect
EVT415105,2026-03-17 07:15:58,Concert,J040,City Market,12203,Weekday,False,Clear,False,0.0,False,False,0.649,High,19.1,46.3,275.3,0.175,0.405,0.959,Moderate traffic flow - standard adaptive signal timing in effect
EVT415106,2025-06-07 07:03:09,Sports Fixture,J030,MG Road,29373,Weekend,False,Clear,False,0.0,False,False,0.67,High,16.2,46.9,302.3,0.167,0.386,0.96,Moderate traffic flow - standard adaptive signal timing in effect
EVT415107,2026-06-23 06:03:39,Political Rally,J009,Majestic,12275,Weekday,False,Heavy Rain,True,29.8,False,False,0.561,High,23.6,41.7,248.8,0.167,0.385,0.921,Heavy rain reducing visibility and grip - reduced speed and longer buffer advised
EVT415108,2025-12-16 19:10:53,Political Rally,J020,Malleshwaram Circle,18369,Weekday,False,Clear,False,0.0,False,False,1.0,Severe,8.0,74.7,509.2,0.172,0.397,0.906,Heavy congestion detected - signal timing extended and reroute suggested
EVT415109,2026-03-12 06:23:32,Local Market Day,J023,Basavanagudi,5325,Weekday,False,Clear,False,0.0,False,False,0.397,Moderate,33.4,32.4,109.1,0.095,0.219,0.971,Moderate traffic flow - standard adaptive signal timing in effect
EVT415110,2025-07-18 15:11:31,Sports Fixture,J030,MG Road,25210,Weekday,False,Clear,False,0.0,False,False,0.403,Moderate,27.1,28.6,234.3,0.181,0.417,0.96,Moderate traffic flow - standard adaptive signal timing in effect
EVT415111,2025-04-22 17:25:44,Trade Fair,J009,Majestic,4832,Weekday,False,Clear,False,0.0,False,False,0.847,Severe,12.2,59.1,364.5,0.154,0.357,0.932,Heavy congestion detected - signal timing extended and reroute suggested
EVT415112,2026-05-31 19:52:01,Sports Fixture,J023,Basavanagudi,26130,Weekend,False,Clear,False,0.0,False,False,0.745,High,19.9,50.1,244.6,0.151,0.348,0.963,Moderate traffic flow - standard adaptive signal timing in effect
EVT415113,2026-06-23 14:36:11,Sports Fixture,J040,City Market,17677,Weekday,False,Rain,True,18.4,False,False,0.51,Moderate,24.3,35.9,146.9,0.09,0.207,0.905,Light rain detected - minor speed reduction advised
EVT415114,2025-01-17 14:15:00,Local Market Day,J012,Koramangala Sony World,3812,Weekday,False,Clear,False,0.0,False,False,0.169,Low,39.2,10.5,94.3,0.111,0.256,0.988,Normal free-flow traffic - standard signal timing maintained
EVT415115,2025-11-02 17:53:28,Cultural Procession,J031,Cubbon Road,17308,Weekend,True,Clear,False,0.0,False,True,1.0,Severe,8.2,105.1,498.7,0.192,0.443,0.823,Road closure for event/procession - full detour recommended for through-traffic
EVT415116,2025-11-13 06:12:26,Sports Fixture,J012,Koramangala Sony World,20920,Weekday,False,Clear,False,0.0,False,False,0.359,Moderate,29.2,30.2,115.8,0.086,0.198,0.99,Moderate traffic flow - standard adaptive signal timing in effect
EVT415117,2025-03-29 07:47:17,Concert,J031,Cubbon Road,9766,Weekend,False,Light Rain,True,1.2,False,False,0.781,Severe,16.6,59.0,224.3,0.118,0.273,0.912,Heavy rain reducing visibility and grip - reduced speed and longer buffer advised
EVT415118,2025-03-02 09:57:10,Local Market Day,J040,City Market,2128,Weekend,False,Clear,False,0.0,False,False,0.706,High,17.5,52.1,239.1,0.14,0.323,0.957,Moderate traffic flow - standard adaptive signal timing in effect
EVT415119,2026-02-24 10:13:44,Political Rally,J030,MG Road,29165,Weekday,False,Clear,False,0.0,False,False,0.761,Severe,14.7,53.9,330.5,0.151,0.348,0.979,Heavy congestion detected - signal timing extended and reroute suggested
EVT415120,2025-08-03 07:15:52,Political Rally,J040,City Market,29523,Weekend,False,Heavy Rain,True,65.9,False,False,1.0,Severe,9.3,72.1,195.7,0.079,0.182,0.863,Heavy rain reducing visibility and grip - reduced speed and longer buffer advised
EVT415121,2025-08-15 06:06:12,Cultural Procession,J023,Basavanagudi,17975,Weekday,True,Clear,False,0.0,False,False,0.505,Moderate,28.0,34.3,183.9,0.144,0.333,0.934,Festival crowd surge detected - alternate route and extended cycle recommended
EVT415122,2025-06-20 15:03:02,Sports Fixture,J011,Indiranagar 100ft Road,25399,Weekday,False,Heavy Rain,True,44.6,False,False,0.794,Severe,15.5,59.7,600.7,0.316,0.729,0.884,Heavy rain reducing visibility and grip - reduced speed and longer buffer advised
EVT415123,2025-09-22 07:14:36,Local Market Day,J009,Majestic,1964,Weekday,False,Heavy Rain,True,33.8,False,False,0.815,Severe,14.8,62.7,372.4,0.202,0.466,0.877,Heavy rain reducing visibility and grip - reduced speed and longer buffer advised
EVT415124,2026-01-27 09:38:01,Religious Festival,J012,Koramangala Sony World,72373,Weekday,True,Clear,False,0.0,False,False,1.0,Severe,6.8,69.6,627.9,0.185,0.427,0.869,Festival crowd surge detected - alternate route and extended cycle recommended
EVT415125,2025-06-06 13:24:44,Local Market Day,J030,MG Road,4244,Weekday,False,Clear,False,0.0,False,False,0.196,Low,34.4,19.1,63.0,0.047,0.109,0.961,Normal free-flow traffic - standard signal timing maintained
EVT415126,2026-01-22 07:44:42,Sports Fixture,J040,City Market,23593,Weekday,False,Clear,False,0.0,False,False,0.821,Severe,14.4,57.8,474.4,0.238,0.549,0.944,Heavy congestion detected - signal timing extended and reroute suggested
EVT415127,2026-02-19 15:26:26,Political Rally,J031,Cubbon Road,8549,Weekday,False,Clear,False,0.0,False,False,0.287,Low,38.7,22.5,125.8,0.133,0.308,0.967,Moderate traffic flow - standard adaptive signal timing in effect
EVT415128,2025-12-18 19:15:35,Local Market Day,J023,Basavanagudi,3614,Weekday,False,Fog,False,0.0,False,False,0.981,Severe,7.6,66.4,533.1,0.185,0.427,0.92,Heavy congestion detected - signal timing extended and reroute suggested
EVT415129,2025-07-21 10:03:51,Sports Fixture,J012,Koramangala Sony World,34511,Weekday,False,Rain,True,14.3,False,False,1.0,Severe,9.7,70.3,518.4,0.199,0.46,0.861,Heavy rain reducing visibility and grip - reduced speed and longer buffer advised
EVT415130,2025-05-24 13:27:10,Trade Fair,J012,Koramangala Sony World,12685,Weekend,False,Clear,False,0.0,False,False,0.259,Low,34.0,25.3,118.0,0.109,0.252,0.978,Moderate traffic flow - standard adaptive signal timing in effect
EVT415131,2025-04-28 16:09:46,Sports Fixture,J012,Koramangala Sony World,10685,Weekday,False,Clear,False,0.0,False,False,0.493,Moderate,22.0,34.1,107.1,0.066,0.152,0.98,Moderate traffic flow - standard adaptive signal timing in effect
EVT415132,2026-02-01 17:22:27,Concert,J020,Malleshwaram Circle,16145,Weekend,False,Clear,False,0.0,False,False,0.797,Severe,16.8,60.8,329.8,0.195,0.451,0.955,Heavy congestion detected - signal timing extended and reroute suggested
EVT415133,2026-01-10 09:39:44,Concert,J020,Malleshwaram Circle,13884,Weekend,False,Light Rain,True,1.6,False,False,0.851,Severe,14.9,65.8,174.9,0.099,0.229,0.911,Heavy rain reducing visibility and grip - reduced speed and longer buffer advised
EVT415134,2026-05-29 06:11:27,Concert,J012,Koramangala Sony World,17639,Weekday,False,Clear,False,0.0,False,False,0.268,Low,26.2,16.4,150.8,0.105,0.242,0.966,Moderate traffic flow - standard adaptive signal timing in effect
EVT415135,2025-12-06 06:04:26,Political Rally,J030,MG Road,19259,Weekend,False,Clear,False,0.0,False,False,0.391,Moderate,29.0,18.3,81.5,0.053,0.123,0.971,Moderate traffic flow - standard adaptive signal timing in effect
EVT415136,2025-02-13 01:36:28,Local Market Day,J031,Cubbon Road,7397,Weekday,False,Clear,False,0.0,False,False,0.144,Low,36.4,20.4,91.2,0.084,0.193,0.947,Normal free-flow traffic - standard signal timing maintained
EVT415137,2025-09-10 14:23:28,Trade Fair,J023,Basavanagudi,9180,Weekday,False,Rain,True,24.1,False,False,0.491,Moderate,22.9,39.4,235.3,0.178,0.411,0.921,Light rain detected - minor speed reduction advised
EVT415138,2025-12-12 18:19:10,Trade Fair,J011,Indiranagar 100ft Road,12646,Weekday,False,Clear,False,0.0,False,False,1.0,Severe,8.6,67.5,551.1,0.206,0.475,0.934,Heavy congestion detected - signal timing extended and reroute suggested
EVT415139,2025-11-13 12:11:58,Trade Fair,J031,Cubbon Road,17058,Weekday,False,Rain,True,20.2,False,False,0.474,Moderate,26.6,33.4,126.5,0.096,0.221,0.931,Light rain detected - minor speed reduction advised
EVT415140,2026-06-15 09:43:55,Sports Fixture,J031,Cubbon Road,23539,Weekday,False,Clear,False,0.0,False,False,1.0,Severe,8.0,69.6,374.0,0.138,0.318,0.901,Heavy congestion detected - signal timing extended and reroute suggested
EVT415141,2026-05-06 17:52:39,Concert,J012,Koramangala Sony World,9400,Weekday,False,Clear,False,0.0,False,False,1.0,Severe,7.4,72.1,470.5,0.148,0.342,0.918,Heavy congestion detected - signal timing extended and reroute suggested
EVT415142,2025-05-02 07:32:15,Fireworks Display,J011,Indiranagar 100ft Road,34454,Weekday,True,Clear,False,0.0,False,False,1.0,Severe,7.2,71.8,744.6,0.226,0.521,0.862,Festival crowd surge detected - alternate route and extended cycle recommended
EVT415143,2025-12-07 11:37:25,Political Rally,J009,Majestic,17914,Weekend,False,Clear,False,0.0,False,False,0.402,Moderate,27.0,27.9,251.8,0.2,0.462,0.96,Moderate traffic flow - standard adaptive signal timing in effect
EVT415144,2025-04-02 21:37:55,Local Market Day,J031,Cubbon Road,5134,Weekday,False,Clear,False,0.0,False,False,0.303,Low,20.1,22.1,115.6,0.064,0.149,0.937,Moderate traffic flow - standard adaptive signal timing in effect
EVT415145,2025-02-10 20:24:43,Political Rally,J031,Cubbon Road,16270,Weekday,False,Clear,False,0.0,False,False,0.698,High,14.6,58.2,246.9,0.114,0.264,0.967,Moderate traffic flow - standard adaptive signal timing in effect
EVT415146,2025-05-06 20:58:53,Sports Fixture,J040,City Market,19125,Weekday,False,Clear,False,0.0,False,False,0.577,High,23.0,41.2,288.5,0.187,0.433,0.977,Moderate traffic flow - standard adaptive signal timing in effect
EVT415147,2026-03-12 16:47:51,Local Market Day,J030,MG Road,3559,Weekday,False,Clear,False,0.0,False,False,0.683,High,19.6,46.3,335.2,0.222,0.512,0.981,Moderate traffic flow - standard adaptive signal timing in effect
EVT415148,2025-10-19 16:31:50,Sports Fixture,J020,Malleshwaram Circle,11610,Weekend,False,Heavy Rain,True,30.5,False,False,0.826,Severe,12.9,56.5,273.5,0.136,0.314,0.919,Heavy rain reducing visibility and grip - reduced speed and longer buffer advised
EVT415149,2025-01-30 10:48:40,Political Rally,J009,Majestic,21221,Weekday,False,Clear,False,0.0,False,False,0.625,High,26.7,44.4,149.8,0.117,0.271,0.968,Moderate traffic flow - standard adaptive signal timing in effect
EVT415150,2026-05-09 14:59:01,Concert,J030,MG Road,12669,Weekend,False,Clear,False,0.0,False,False,0.435,Moderate,24.9,31.4,209.7,0.139,0.321,0.967,Moderate traffic flow - standard adaptive signal timing in effect
EVT415151,2025-01-02 19:00:35,Trade Fair,J023,Basavanagudi,13330,Weekday,False,Clear,False,0.0,False,False,1.0,Severe,7.2,73.4,597.3,0.195,0.451,0.918,Heavy congestion detected - signal timing extended and reroute suggested
EVT415152,2025-10-18 16:41:44,Sports Fixture,J031,Cubbon Road,20749,Weekend,False,Clear,False,0.0,False,False,0.722,High,16.4,53.3,293.8,0.168,0.388,0.94,Moderate traffic flow - standard adaptive signal timing in effect
EVT415153,2025-11-08 17:19:20,Sports Fixture,J023,Basavanagudi,37938,Weekend,False,Clear,False,0.0,False,False,0.996,Severe,9.6,70.8,596.4,0.198,0.458,0.941,Heavy congestion detected - signal timing extended and reroute suggested
EVT415154,2026-04-03 19:36:59,Local Market Day,J040,City Market,2788,Weekday,False,Light Rain,True,4.4,False,False,0.812,Severe,17.2,58.5,313.1,0.186,0.429,0.914,Heavy rain reducing visibility and grip - reduced speed and longer buffer advised
EVT415155,2026-03-02 19:45:29,Concert,J040,City Market,7516,Weekday,False,Clear,False,0.0,False,False,0.855,Severe,14.2,58.2,326.2,0.182,0.42,0.948,Heavy congestion detected - signal timing extended and reroute suggested
EVT415156,2026-06-22 12:24:39,Concert,J020,Malleshwaram Circle,18847,Weekday,False,Heavy Rain,True,48.2,False,False,0.639,High,22.2,49.0,210.5,0.116,0.268,0.911,Heavy rain reducing visibility and grip - reduced speed and longer buffer advised
EVT415157,2026-02-21 08:45:51,Local Market Day,J011,Indiranagar 100ft Road,4236,Weekend,False,Clear,False,0.0,False,False,0.832,Severe,14.6,58.8,460.1,0.24,0.556,0.977,Heavy congestion detected - signal timing extended and reroute suggested
EVT415158,2025-01-02 08:57:41,Concert,J040,City Market,7184,Weekday,False,Clear,False,0.0,False,False,1.0,Severe,7.5,75.9,788.6,0.239,0.551,0.923,Heavy congestion detected - signal timing extended and reroute suggested
EVT415159,2026-03-30 10:49:51,Trade Fair,J040,City Market,7404,Weekday,False,Clear,False,0.0,False,False,0.442,Moderate,26.7,25.7,184.6,0.154,0.357,0.982,Moderate traffic flow - standard adaptive signal timing in effect
EVT415160,2026-01-06 17:19:59,Concert,J011,Indiranagar 100ft Road,11418,Weekday,False,Clear,False,0.0,False,False,0.875,Severe,11.5,62.3,322.8,0.145,0.334,0.927,Heavy congestion detected - signal timing extended and reroute suggested
EVT415161,2025-05-12 12:56:19,Trade Fair,J009,Majestic,7065,Weekday,False,Clear,False,0.0,False,False,0.207,Low,34.1,18.9,131.5,0.113,0.261,0.964,Normal free-flow traffic - standard signal timing maintained
EVT415162,2025-09-21 18:26:53,Trade Fair,J020,Malleshwaram Circle,4930,Weekend,False,Clear,False,0.0,False,False,0.902,Severe,10.6,62.8,533.5,0.208,0.48,0.935,Heavy congestion detected - signal timing extended and reroute suggested
EVT415163,2025-04-08 18:10:42,Political Rally,J012,Koramangala Sony World,16131,Weekday,False,Clear,False,0.0,False,False,1.0,Severe,8.2,67.2,700.9,0.233,0.539,0.923,Heavy congestion detected - signal timing extended and reroute suggested
EVT415164,2025-08-04 04:47:44,Local Market Day,J030,MG Road,4615,Weekday,False,Rain,True,13.8,False,False,0.317,Low,29.1,23.9,171.4,0.129,0.299,0.908,Light rain detected - minor speed reduction advised
EVT415165,2025-12-30 09:16:39,Concert,J023,Basavanagudi,11421,Weekday,False,Light Rain,True,0.3,False,False,1.0,Severe,8.1,66.4,622.9,0.207,0.479,0.874,Heavy rain reducing visibility and grip - reduced speed and longer buffer advised
EVT415166,2025-08-09 21:36:25,Trade Fair,J023,Basavanagudi,6747,Weekend,False,Clear,False,0.0,False,False,0.313,Low,26.9,20.3,211.4,0.165,0.381,0.959,Moderate traffic flow - standard adaptive signal timing in effect
EVT415167,2025-12-18 09:32:22,Political Rally,J020,Malleshwaram Circle,17486,Weekday,False,Clear,False,0.0,False,False,1.0,Severe,7.9,72.4,595.5,0.213,0.491,0.908,Heavy congestion detected - signal timing extended and reroute suggested
EVT415168,2025-02-06 23:02:28,Local Market Day,J012,Koramangala Sony World,4836,Weekday,False,Clear,False,0.0,False,False,0.25,Low,30.2,20.8,182.3,0.143,0.329,0.957,Moderate traffic flow - standard adaptive signal timing in effect
EVT415169,2026-06-18 15:44:35,Local Market Day,J040,City Market,2246,Weekday,False,Clear,False,0.0,False,False,0.387,Moderate,29.2,30.5,168.3,0.116,0.268,0.963,Moderate traffic flow - standard adaptive signal timing in effect
EVT415170,2026-05-12 06:50:36,Trade Fair,J020,Malleshwaram Circle,5843,Weekday,False,Clear,False,0.0,False,False,0.342,Low,28.1,22.2,151.9,0.098,0.226,0.987,Moderate traffic flow - standard adaptive signal timing in effect
EVT415171,2025-01-12 16:59:21,Local Market Day,J009,Majestic,3890,Weekend,False,Clear,False,0.0,False,False,0.674,High,22.6,49.9,247.5,0.178,0.412,0.984,Moderate traffic flow - standard adaptive signal timing in effect
EVT415172,2026-06-06 18:39:07,Sports Fixture,J020,Malleshwaram Circle,20423,Weekend,False,Heavy Rain,True,52.6,False,False,1.0,Severe,8.5,73.3,582.4,0.209,0.482,0.864,Heavy rain reducing visibility and grip - reduced speed and longer buffer advised
EVT415173,2025-07-03 11:53:58,Sports Fixture,J023,Basavanagudi,27107,Weekday,False,Clear,False,0.0,False,False,0.477,Moderate,28.3,35.7,155.5,0.117,0.27,0.96,Moderate traffic flow - standard adaptive signal timing in effect
EVT415174,2025-09-15 19:40:34,Sports Fixture,J031,Cubbon Road,19878,Weekday,False,Heavy Rain,True,65.3,False,False,1.0,Severe,8.5,74.3,778.2,0.277,0.639,0.851,Heavy rain reducing visibility and grip - reduced speed and longer buffer advised
EVT415175,2025-04-01 09:30:18,Trade Fair,J030,MG Road,5711,Weekday,False,Clear,False,0.0,False,False,1.0,Severe,6.6,68.0,593.6,0.161,0.373,0.913,Heavy congestion detected - signal timing extended and reroute suggested
EVT415176,2025-03-22 15:02:41,Trade Fair,J009,Majestic,9034,Weekend,False,Fog,False,0.0,False,False,0.319,Low,30.5,24.8,112.7,0.086,0.198,0.968,Moderate traffic flow - standard adaptive signal timing in effect
EVT415177,2025-05-26 15:20:02,Local Market Day,J023,Basavanagudi,2574,Weekday,False,Rain,True,19.2,False,False,0.535,Moderate,23.6,43.4,174.2,0.122,0.281,0.897,Light rain detected - minor speed reduction advised
EVT415178,2026-06-26 13:18:19,Local Market Day,J040,City Market,3593,Weekday,False,Clear,False,0.0,False,False,0.099,Low,35.3,12.4,116.1,0.095,0.22,0.95,Normal free-flow traffic - standard signal timing maintained
EVT415179,2025-08-29 15:13:04,Sports Fixture,J009,Majestic,53221,Weekday,False,Rain,True,11.5,False,False,0.728,High,18.8,47.4,134.9,0.094,0.217,0.911,Heavy rain reducing visibility and grip - reduced speed and longer buffer advised
EVT415180,2026-02-04 09:18:43,Local Market Day,J030,MG Road,3703,Weekday,False,Clear,False,0.0,False,False,0.939,Severe,9.4,63.3,518.1,0.203,0.468,0.907,Heavy congestion detected - signal timing extended and reroute suggested
EVT415181,2026-06-15 18:59:39,Sports Fixture,J040,City Market,26611,Weekday,False,Rain,True,11.5,False,False,1.0,Severe,8.1,74.0,396.9,0.141,0.325,0.878,Heavy rain reducing visibility and grip - reduced speed and longer buffer advised
EVT415182,2026-03-14 17:54:37,Sports Fixture,J011,Indiranagar 100ft Road,19354,Weekend,False,Clear,False,0.0,False,False,0.923,Severe,12.0,69.3,415.2,0.189,0.435,0.911,Heavy congestion detected - signal timing extended and reroute suggested
EVT415183,2025-11-25 16:51:26,Sports Fixture,J012,Koramangala Sony World,25256,Weekday,False,Clear,False,0.0,False,False,0.792,Severe,14.1,57.9,254.0,0.125,0.29,0.975,Heavy congestion detected - signal timing extended and reroute suggested
EVT415184,2026-04-09 10:13:41,Trade Fair,J009,Majestic,7369,Weekday,False,Clear,False,0.0,False,False,0.78,Severe,16.4,51.1,331.3,0.202,0.466,0.96,Heavy congestion detected - signal timing extended and reroute suggested
EVT415185,2025-01-06 12:25:32,Concert,J012,Koramangala Sony World,12419,Weekday,False,Clear,False,0.0,False,False,0.268,Low,33.2,20.1,163.6,0.162,0.374,0.969,Moderate traffic flow - standard adaptive signal timing in effect
EVT415186,2025-10-17 18:42:32,Sports Fixture,J012,Koramangala Sony World,17713,Weekday,False,Rain,True,15.5,False,False,1.0,Severe,8.6,70.4,325.5,0.119,0.276,0.865,Heavy rain reducing visibility and grip - reduced speed and longer buffer advised
EVT415187,2025-01-22 17:54:00,Local Market Day,J040,City Market,2549,Weekday,False,Clear,False,0.0,False,False,0.976,Severe,6.6,71.1,675.5,0.187,0.431,0.905,Heavy congestion detected - signal timing extended and reroute suggested
EVT415188,2025-12-01 17:11:01,Political Rally,J011,Indiranagar 100ft Road,20817,Weekday,False,Clear,False,0.0,False,False,0.907,Severe,11.7,69.3,366.6,0.179,0.413,0.944,Heavy congestion detected - signal timing extended and reroute suggested
EVT415189,2026-04-04 07:58:43,Concert,J031,Cubbon Road,10897,Weekend,False,Clear,False,0.0,False,False,0.716,High,18.1,48.3,145.8,0.112,0.26,0.961,Moderate traffic flow - standard adaptive signal timing in effect
EVT415190,2026-05-07 11:07:34,Local Market Day,J009,Majestic,3517,Weekday,False,Clear,False,0.0,False,False,0.43,Moderate,27.8,28.0,154.7,0.123,0.285,0.956,Moderate traffic flow - standard adaptive signal timing in effect
EVT415191,2025-02-02 09:11:51,Sports Fixture,J020,Malleshwaram Circle,15779,Weekend,False,Clear,False,0.0,False,False,0.862,Severe,13.0,64.0,146.2,0.079,0.182,0.96,Heavy congestion detected - signal timing extended and reroute suggested
EVT415192,2025-06-21 19:45:44,Concert,J012,Koramangala Sony World,7852,Weekend,False,Rain,True,18.8,False,False,0.935,Severe,8.9,65.4,545.7,0.203,0.47,0.888,Heavy rain reducing visibility and grip - reduced speed and longer buffer advised
EVT415193,2025-02-19 07:01:38,Sports Fixture,J009,Majestic,26365,Weekday,False,Clear,False,0.0,False,False,0.641,High,23.2,42.2,207.2,0.146,0.337,0.957,Moderate traffic flow - standard adaptive signal timing in effect
EVT415194,2026-01-25 11:57:45,Sports Fixture,J012,Koramangala Sony World,32114,Weekend,False,Clear,False,0.0,False,False,0.432,Moderate,27.6,34.5,141.5,0.105,0.242,0.951,Moderate traffic flow - standard adaptive signal timing in effect
EVT415195,2025-07-20 19:09:40,Concert,J031,Cubbon Road,21982,Weekend,False,Heavy Rain,True,36.5,False,False,1.0,Severe,8.4,74.1,653.7,0.221,0.51,0.871,Heavy rain reducing visibility and grip - reduced speed and longer buffer advised
EVT415196,2025-03-10 15:08:11,Sports Fixture,J031,Cubbon Road,20294,Weekday,False,Clear,False,0.0,False,False,0.361,Moderate,31.8,29.1,211.6,0.183,0.422,0.973,Moderate traffic flow - standard adaptive signal timing in effect
EVT415197,2025-03-27 18:20:14,Sports Fixture,J012,Koramangala Sony World,21403,Weekday,False,Clear,False,0.0,False,False,1.0,Severe,8.2,74.8,353.2,0.136,0.315,0.922,Heavy congestion detected - signal timing extended and reroute suggested
EVT415198,2025-05-12 10:48:00,Trade Fair,J020,Malleshwaram Circle,12238,Weekday,False,Clear,False,0.0,False,False,0.673,High,19.3,45.9,315.2,0.206,0.475,0.971,Moderate traffic flow - standard adaptive signal timing in effect
EVT415199,2026-03-26 18:59:42,Religious Festival,J011,Indiranagar 100ft Road,27749,Weekday,True,Light Rain,True,1.2,False,False,1.0,Severe,9.5,75.3,666.7,0.257,0.593,0.807,Festival crowd surge detected - alternate route and extended cycle recommended
EVT415200,2026-02-13 13:38:38,Sports Fixture,J020,Malleshwaram Circle,30200,Weekday,False,Clear,False,0.0,False,False,0.244,Low,37.8,15.8,131.4,0.119,0.274,0.945,Normal free-flow traffic - standard signal timing maintained
EVT415201,2025-12-03 08:14:03,Sports Fixture,J030,MG Road,20175,Weekday,False,Light Rain,True,6.2,False,False,1.0,Severe,8.7,77.0,639.1,0.24,0.555,0.875,Heavy rain reducing visibility and grip - reduced speed and longer buffer advised
EVT415202,2025-07-21 22:11:37,Local Market Day,J031,Cubbon Road,4338,Weekday,False,Clear,False,0.0,False,False,0.299,Low,29.2,18.8,148.6,0.112,0.259,0.982,Moderate traffic flow - standard adaptive signal timing in effect
EVT415203,2025-12-15 15:24:25,Concert,J040,City Market,9943,Weekday,False,Clear,False,0.0,False,False,0.37,Moderate,28.4,28.4,139.4,0.117,0.27,0.947,Moderate traffic flow - standard adaptive signal timing in effect
EVT415204,2025-10-04 21:05:44,Political Rally,J023,Basavanagudi,22002,Weekend,False,Rain,True,16.1,False,False,0.772,Severe,13.1,57.4,384.2,0.199,0.459,0.884,Heavy rain reducing visibility and grip - reduced speed and longer buffer advised
EVT415205,2025-11-12 18:37:41,Concert,J030,MG Road,14082,Weekday,False,Clear,False,0.0,False,False,1.0,Severe,9.2,69.5,299.0,0.119,0.275,0.921,Heavy congestion detected - signal timing extended and reroute suggested
EVT415206,2026-02-27 17:45:47,Trade Fair,J030,MG Road,9561,Weekday,False,Clear,False,0.0,False,False,0.92,Severe,10.8,69.1,593.8,0.25,0.578,0.941,Heavy congestion detected - signal timing extended and reroute suggested
EVT415207,2025-06-04 21:22:24,Sports Fixture,J009,Majestic,22741,Weekday,False,Clear,False,0.0,False,False,0.414,Moderate,26.2,23.7,99.6,0.063,0.145,0.965,Moderate traffic flow - standard adaptive signal timing in effect
EVT415208,2025-07-21 07:57:10,Political Rally,J020,Malleshwaram Circle,14479,Weekday,False,Clear,False,0.0,False,False,0.845,Severe,13.4,66.1,436.7,0.237,0.547,0.936,Heavy congestion detected - signal timing extended and reroute suggested
EVT415209,2026-05-08 08:59:07,Local Market Day,J040,City Market,3612,Weekday,False,Clear,False,0.0,False,False,0.984,Severe,9.2,63.3,482.6,0.169,0.39,0.918,Heavy congestion detected - signal timing extended and reroute suggested
EVT415210,2025-09-18 21:45:04,Trade Fair,J011,Indiranagar 100ft Road,7907,Weekday,False,Clear,False,0.0,False,False,0.277,Low,26.0,20.3,128.8,0.086,0.199,0.972,Moderate traffic flow - standard adaptive signal timing in effect
EVT415211,2026-02-13 07:14:39,Trade Fair,J020,Malleshwaram Circle,7119,Weekday,False,Clear,False,0.0,False,False,0.543,Moderate,25.0,36.7,234.0,0.163,0.377,0.963,Moderate traffic flow - standard adaptive signal timing in effect
EVT415212,2026-01-22 12:12:48,Concert,J030,MG Road,9334,Weekday,False,Clear,False,0.0,False,False,0.233,Low,38.7,14.3,115.1,0.123,0.285,0.967,Normal free-flow traffic - standard signal timing maintained
EVT415213,2025-10-16 13:03:57,Local Market Day,J031,Cubbon Road,5040,Weekday,False,Clear,False,0.0,False,False,0.189,Low,34.1,16.8,78.0,0.067,0.155,0.973,Normal free-flow traffic - standard signal timing maintained
EVT415214,2025-02-09 21:12:29,Sports Fixture,J023,Basavanagudi,11589,Weekend,False,Clear,False,0.0,True,False,0.812,Severe,12.1,56.1,468.1,0.208,0.481,0.785,Accident detected nearby - reroute and reduced speed advised
EVT415215,2025-11-05 04:32:31,Local Market Day,J040,City Market,9236,Weekday,False,Clear,False,0.0,False,False,0.146,Low,31.7,5.1,116.1,0.082,0.189,0.95,Normal free-flow traffic - standard signal timing maintained
EVT415216,2026-01-29 21:00:09,Trade Fair,J040,City Market,10083,Weekday,False,Clear,False,0.0,False,False,0.464,Moderate,30.4,33.4,179.2,0.137,0.315,0.971,Moderate traffic flow - standard adaptive signal timing in effect
EVT415217,2025-09-16 05:42:52,Local Market Day,J009,Majestic,4499,Weekday,False,Clear,False,0.0,False,False,0.229,Low,36.5,17.9,108.1,0.096,0.223,0.942,Normal free-flow traffic - standard signal timing maintained
EVT415218,2026-04-28 17:05:33,Sports Fixture,J031,Cubbon Road,18707,Weekday,False,Clear,False,0.0,True,False,1.0,Severe,8.0,71.3,766.1,0.26,0.601,0.736,Accident detected nearby - reroute and reduced speed advised
EVT415219,2025-10-12 07:33:19,Concert,J030,MG Road,17593,Weekend,False,Clear,False,0.0,False,False,0.598,High,20.5,43.5,183.0,0.127,0.294,0.971,Moderate traffic flow - standard adaptive signal timing in effect
EVT415220,2025-07-04 13:28:58,Local Market Day,J023,Basavanagudi,5099,Weekday,False,Clear,False,0.0,False,False,0.198,Low,37.4,12.9,94.7,0.077,0.177,0.982,Normal free-flow traffic - standard signal timing maintained
EVT415221,2025-02-03 10:00:08,Local Market Day,J031,Cubbon Road,3387,Weekday,False,Clear,False,0.0,False,False,0.864,Severe,13.7,67.5,446.6,0.208,0.481,0.934,Heavy congestion detected - signal timing extended and reroute suggested
EVT415222,2026-02-12 16:15:06,Sports Fixture,J011,Indiranagar 100ft Road,24890,Weekday,False,Clear,False,0.0,False,False,0.536,Moderate,22.0,39.0,330.8,0.242,0.56,0.955,Moderate traffic flow - standard adaptive signal timing in effect
EVT415223,2025-07-02 13:04:11,Sports Fixture,J009,Majestic,15651,Weekday,False,Heavy Rain,True,38.9,False,False,0.569,High,22.4,37.8,179.7,0.126,0.29,0.923,Heavy rain reducing visibility and grip - reduced speed and longer buffer advised
EVT415224,2025-03-13 21:00:11,Political Rally,J009,Majestic,23480,Weekday,False,Clear,False,0.0,False,False,0.511,Moderate,25.4,35.5,253.2,0.18,0.416,0.977,Moderate traffic flow - standard adaptive signal timing in effect
EVT415225,2026-06-14 11:46:59,Local Market Day,J020,Malleshwaram Circle,5652,Weekend,False,Clear,False,0.0,False,False,0.324,Low,27.7,22.0,64.7,0.08,0.184,0.962,Moderate traffic flow - standard adaptive signal timing in effect
EVT415226,2026-04-19 19:18:57,Concert,J012,Koramangala Sony World,8560,Weekend,False,Clear,False,0.0,False,False,0.869,Severe,13.5,61.4,230.3,0.103,0.238,0.939,Heavy congestion detected - signal timing extended and reroute suggested
EVT415227,2025-05-25 07:59:24,Trade Fair,J012,Koramangala Sony World,11878,Weekend,False,Clear,False,0.0,False,False,0.7,High,20.5,49.3,299.5,0.208,0.481,0.953,Moderate traffic flow - standard adaptive signal timing in effect
EVT415228,2026-03-17 19:50:29,Sports Fixture,J030,MG Road,41879,Weekday,False,Clear,False,0.0,False,False,0.989,Severe,7.0,67.0,1062.7,0.298,0.689,0.918,Heavy congestion detected - signal timing extended and reroute suggested
EVT415229,2026-05-16 08:20:45,Concert,J011,Indiranagar 100ft Road,13866,Weekend,False,Clear,False,0.0,False,False,0.873,Severe,15.6,63.5,409.4,0.224,0.518,0.913,Heavy congestion detected - signal timing extended and reroute suggested
EVT415230,2025-07-05 08:57:13,Local Market Day,J012,Koramangala Sony World,4300,Weekend,False,Rain,True,12.6,False,False,1.0,Severe,7.6,71.7,392.6,0.146,0.338,0.865,Heavy rain reducing visibility and grip - reduced speed and longer buffer advised
EVT415231,2026-06-08 12:33:09,Local Market Day,J023,Basavanagudi,3549,Weekday,False,Light Rain,True,6.2,False,False,0.262,Low,32.0,15.9,165.2,0.129,0.298,0.905,Light rain detected - minor speed reduction advised
EVT415232,2025-10-28 07:28:05,Sports Fixture,J030,MG Road,15170,Weekday,False,Rain,True,20.4,False,False,0.967,Severe,9.3,64.6,339.9,0.143,0.33,0.868,Heavy rain reducing visibility and grip - reduced speed and longer buffer advised
EVT415233,2025-11-21 18:40:53,Sports Fixture,J012,Koramangala Sony World,14830,Weekday,False,Clear,False,0.0,False,False,1.0,Severe,8.4,76.8,602.0,0.225,0.52,0.908,Heavy congestion detected - signal timing extended and reroute suggested
EVT415234,2026-04-14 20:11:09,Religious Festival,J020,Malleshwaram Circle,42336,Weekday,True,Clear,False,0.0,False,False,1.0,Severe,6.5,73.6,662.4,0.187,0.431,0.858,Festival crowd surge detected - alternate route and extended cycle recommended
EVT415235,2025-04-21 20:22:38,Local Market Day,J031,Cubbon Road,4853,Weekday,False,Clear,False,0.0,False,False,0.645,High,17.7,50.8,359.6,0.203,0.469,0.955,Moderate traffic flow - standard adaptive signal timing in effect
EVT415236,2025-05-26 11:18:56,Political Rally,J023,Basavanagudi,22189,Weekday,False,Clear,False,0.0,False,False,0.39,Moderate,23.7,21.2,317.4,0.211,0.488,0.934,Moderate traffic flow - standard adaptive signal timing in effect
EVT415237,2026-02-16 14:17:06,Local Market Day,J031,Cubbon Road,4409,Weekday,False,Clear,False,0.0,False,False,0.331,Low,29.7,23.9,138.6,0.11,0.254,0.954,Moderate traffic flow - standard adaptive signal timing in effect
EVT415238,2026-02-15 10:44:17,Sports Fixture,J009,Majestic,23589,Weekend,False,Clear,False,0.0,False,False,0.572,High,19.9,41.2,302.1,0.204,0.471,0.971,Moderate traffic flow - standard adaptive signal timing in effect
EVT415239,2025-08-19 09:28:26,Concert,J023,Basavanagudi,26816,Weekday,False,Clear,False,0.0,False,False,1.0,Severe,7.7,74.8,521.6,0.17,0.393,0.948,Heavy congestion detected - signal timing extended and reroute suggested
EVT415240,2025-05-13 09:43:54,Sports Fixture,J009,Majestic,13947,Weekday,False,Clear,False,0.0,False,False,1.0,Severe,9.6,73.1,506.3,0.19,0.438,0.936,Heavy congestion detected - signal timing extended and reroute suggested
EVT415241,2026-06-20 18:17:53,Sports Fixture,J030,MG Road,34326,Weekend,False,Clear,False,0.0,False,False,1.0,Severe,10.1,68.8,393.4,0.156,0.359,0.904,Heavy congestion detected - signal timing extended and reroute suggested
EVT415242,2025-11-24 07:50:28,Local Market Day,J023,Basavanagudi,2948,Weekday,False,Clear,False,0.0,False,False,0.818,Severe,11.3,59.9,407.8,0.184,0.425,0.956,Heavy congestion detected - signal timing extended and reroute suggested
EVT415243,2026-04-10 12:11:53,Local Market Day,J011,Indiranagar 100ft Road,3789,Weekday,False,Clear,False,0.0,False,False,0.24,Low,23.7,19.4,227.8,0.156,0.361,0.986,Normal free-flow traffic - standard signal timing maintained
EVT415244,2025-11-07 19:05:30,Local Market Day,J031,Cubbon Road,3054,Weekday,False,Fog,False,0.0,False,False,1.0,Severe,7.8,63.3,480.8,0.146,0.338,0.946,Heavy congestion detected - signal timing extended and reroute suggested
EVT415245,2025-08-13 17:23:28,Concert,J023,Basavanagudi,15061,Weekday,False,Heavy Rain,True,53.1,False,False,1.0,Severe,7.7,69.3,682.5,0.222,0.514,0.872,Heavy rain reducing visibility and grip - reduced speed and longer buffer advised
EVT415246,2025-07-20 16:38:57,Trade Fair,J020,Malleshwaram Circle,6829,Weekend,False,Clear,False,0.0,False,False,0.626,High,17.1,46.6,357.9,0.204,0.471,0.969,Moderate traffic flow - standard adaptive signal timing in effect
EVT415247,2026-05-03 09:55:46,Sports Fixture,J012,Koramangala Sony World,33246,Weekend,False,Clear,False,0.0,False,False,0.833,Severe,16.6,60.7,415.5,0.231,0.533,0.946,Heavy congestion detected - signal timing extended and reroute suggested
EVT415248,2026-05-27 18:47:49,Trade Fair,J009,Majestic,13026,Weekday,False,Clear,False,0.0,False,False,1.0,Severe,8.1,71.6,424.4,0.135,0.312,0.914,Heavy congestion detected - signal timing extended and reroute suggested
EVT415249,2025-07-06 07:49:04,Sports Fixture,J012,Koramangala Sony World,28311,Weekend,False,Clear,False,0.0,False,False,0.787,Severe,16.8,59.1,279.3,0.176,0.407,0.951,Heavy congestion detected - signal timing extended and reroute suggested
EVT415250,2025-04-07 15:12:45,Fireworks Display,J030,MG Road,22502,Weekday,True,Light Rain,True,5.6,True,False,1.0,Severe,7.5,68.6,742.8,0.241,0.556,0.617,Accident detected nearby - reroute and reduced speed advised
EVT415251,2025-03-29 13:15:04,Sports Fixture,J012,Koramangala Sony World,31937,Weekend,False,Clear,False,0.0,False,False,0.476,Moderate,25.0,32.2,161.3,0.109,0.253,0.957,Moderate traffic flow - standard adaptive signal timing in effect
EVT415252,2025-04-20 09:38:21,Local Market Day,J040,City Market,5594,Weekend,False,Light Rain,True,5.5,False,False,0.924,Severe,11.6,70.7,470.9,0.211,0.487,0.903,Heavy rain reducing visibility and grip - reduced speed and longer buffer advised
EVT415253,2025-04-02 19:12:25,Trade Fair,J023,Basavanagudi,23629,Weekday,False,Rain,True,13.0,False,False,1.0,Severe,9.7,75.8,179.6,0.059,0.135,0.873,Heavy rain reducing visibility and grip - reduced speed and longer buffer advised
EVT415254,2025-08-22 16:23:55,Local Market Day,J011,Indiranagar 100ft Road,2665,Weekday,False,Clear,False,0.0,False,False,0.562,High,21.6,36.3,217.1,0.15,0.346,0.963,Moderate traffic flow - standard adaptive signal timing in effect
EVT415255,2025-08-16 16:58:10,Fireworks Display,J020,Malleshwaram Circle,15916,Weekend,True,Heavy Rain,True,27.0,False,False,1.0,Severe,9.4,68.7,184.8,0.087,0.201,0.805,Festival crowd surge detected - alternate route and extended cycle recommended
EVT415256,2026-06-07 18:34:18,Concert,J009,Majestic,17107,Weekend,False,Clear,False,0.0,False,False,0.907,Severe,9.9,66.7,599.5,0.253,0.585,0.938,Heavy congestion detected - signal timing extended and reroute suggested
EVT415257,2025-12-24 19:20:13,Sports Fixture,J012,Koramangala Sony World,34279,Weekday,False,Clear,False,0.0,False,False,1.0,Severe,6.6,71.2,487.3,0.143,0.33,0.888,Heavy congestion detected - signal timing extended and reroute suggested
EVT415258,2025-12-18 16:24:50,Sports Fixture,J040,City Market,15624,Weekday,False,Clear,False,0.0,False,False,0.667,High,19.1,46.8,252.7,0.16,0.371,0.967,Moderate traffic flow - standard adaptive signal timing in effect
EVT415259,2025-03-26 08:59:19,Local Market Day,J030,MG Road,2172,Weekday,False,Clear,False,0.0,False,False,0.935,Severe,8.2,63.3,468.4,0.178,0.412,0.927,Heavy congestion detected - signal timing extended and reroute suggested
EVT415260,2026-01-16 13:05:22,Political Rally,J009,Majestic,14802,Weekday,False,Clear,False,0.0,False,False,0.207,Low,28.9,16.7,186.2,0.14,0.323,0.981,Normal free-flow traffic - standard signal timing maintained
EVT415261,2025-03-09 19:50:29,Political Rally,J011,Indiranagar 100ft Road,15724,Weekend,False,Clear,False,0.0,False,False,0.83,Severe,12.9,57.8,423.0,0.197,0.456,0.949,Heavy congestion detected - signal timing extended and reroute suggested
EVT415262,2025-04-25 08:11:52,Sports Fixture,J009,Majestic,16687,Weekday,False,Rain,True,8.0,False,False,1.0,Severe,7.5,67.9,813.5,0.241,0.557,0.856,Heavy rain reducing visibility and grip - reduced speed and longer buffer advised
EVT415263,2025-08-03 18:14:47,Trade Fair,J009,Majestic,12575,Weekend,False,Heavy Rain,True,28.5,False,False,1.0,Severe,7.8,79.0,500.0,0.173,0.399,0.881,Heavy rain reducing visibility and grip - reduced speed and longer buffer advised
EVT415264,2025-08-28 18:42:39,Religious Festival,J020,Malleshwaram Circle,53497,Weekday,True,Heavy Rain,True,25.4,False,True,1.0,Severe,7.3,103.9,569.3,0.203,0.469,0.779,Road closure for event/procession - full detour recommended for through-traffic
EVT415265,2025-05-25 10:01:55,Concert,J031,Cubbon Road,9616,Weekend,False,Clear,False,0.0,False,False,0.771,Severe,16.7,56.1,163.9,0.092,0.213,0.907,Heavy congestion detected - signal timing extended and reroute suggested
EVT415266,2025-02-08 18:28:25,Local Market Day,J030,MG Road,4200,Weekend,False,Clear,False,0.0,False,False,0.868,Severe,9.6,65.5,517.4,0.215,0.497,0.948,Heavy congestion detected - signal timing extended and reroute suggested
EVT415267,2025-01-05 19:05:18,Trade Fair,J012,Koramangala Sony World,7952,Weekend,False,Clear,False,0.0,False,False,0.828,Severe,15.7,51.1,257.8,0.127,0.294,0.933,Heavy congestion detected - signal timing extended and reroute suggested
EVT415268,2026-04-28 13:41:01,Local Market Day,J011,Indiranagar 100ft Road,3152,Weekday,False,Clear,False,0.0,False,False,0.205,Low,32.7,18.7,134.0,0.113,0.261,0.99,Normal free-flow traffic - standard signal timing maintained
EVT415269,2025-06-22 04:45:17,Local Market Day,J009,Majestic,6215,Weekend,False,Clear,False,0.0,False,False,0.363,Moderate,32.9,28.3,105.2,0.084,0.195,0.943,Moderate traffic flow - standard adaptive signal timing in effect
EVT415270,2026-06-03 20:00:49,Sports Fixture,J031,Cubbon Road,13802,Weekday,False,Clear,False,0.0,False,False,0.702,High,20.9,44.7,186.4,0.136,0.313,0.963,Moderate traffic flow - standard adaptive signal timing in effect
EVT415271,2025-04-28 10:52:47,Local Market Day,J030,MG Road,4450,Weekday,False,Clear,False,0.0,False,False,0.466,Moderate,24.0,33.1,178.8,0.126,0.292,0.965,Moderate traffic flow - standard adaptive signal timing in effect
EVT415272,2025-05-29 11:26:07,Trade Fair,J030,MG Road,7857,Weekday,False,Heavy Rain,True,29.9,False,False,0.595,High,19.4,41.4,230.5,0.157,0.363,0.947,Heavy rain reducing visibility and grip - reduced speed and longer buffer advised
EVT415273,2025-12-03 10:03:30,Concert,J012,Koramangala Sony World,17057,Weekday,False,Clear,False,0.0,False,False,0.82,Severe,13.9,60.8,348.5,0.192,0.445,0.947,Heavy congestion detected - signal timing extended and reroute suggested
EVT415274,2025-02-04 08:41:57,Trade Fair,J023,Basavanagudi,11834,Weekday,False,Clear,False,0.0,False,False,1.0,Severe,7.5,76.0,696.5,0.214,0.494,0.915,Heavy congestion detected - signal timing extended and reroute suggested
EVT415275,2025-03-06 13:08:07,Concert,J009,Majestic,10934,Weekday,False,Clear,False,0.0,False,False,0.256,Low,26.7,21.4,115.6,0.076,0.177,0.971,Moderate traffic flow - standard adaptive signal timing in effect
EVT415276,2025-08-10 08:44:22,Political Rally,J031,Cubbon Road,21460,Weekend,False,Clear,False,0.0,False,False,0.967,Severe,9.1,71.1,503.1,0.17,0.392,0.92,Heavy congestion detected - signal timing extended and reroute suggested
EVT415277,2025-11-22 14:41:19,Concert,J011,Indiranagar 100ft Road,22915,Weekend,False,Rain,True,13.8,False,False,0.625,High,22.9,50.3,290.9,0.216,0.499,0.948,Heavy rain reducing visibility and grip - reduced speed and longer buffer advised
EVT415278,2026-06-18 13:07:37,Local Market Day,J012,Koramangala Sony World,4027,Weekday,False,Light Rain,True,5.2,False,False,0.249,Low,32.7,19.9,52.7,0.052,0.12,0.923,Light rain detected - minor speed reduction advised
EVT415279,2025-03-06 18:05:27,Sports Fixture,J030,MG Road,24390,Weekday,False,Clear,False,0.0,False,False,1.0,Severe,9.2,68.5,972.0,0.336,0.776,0.933,Heavy congestion detected - signal timing extended and reroute suggested
EVT415280,2026-04-30 20:31:45,Sports Fixture,J009,Majestic,26388,Weekday,False,Clear,False,0.0,False,False,0.74,High,15.1,58.8,391.4,0.201,0.464,0.964,Moderate traffic flow - standard adaptive signal timing in effect
EVT415281,2025-09-28 16:49:25,Sports Fixture,J011,Indiranagar 100ft Road,21802,Weekend,False,Heavy Rain,True,35.0,False,False,1.0,Severe,8.5,73.2,403.9,0.151,0.349,0.849,Heavy rain reducing visibility and grip - reduced speed and longer buffer advised
EVT415282,2026-02-05 09:27:07,Sports Fixture,J020,Malleshwaram Circle,38353,Weekday,False,Clear,False,0.0,False,False,1.0,Severe,9.0,71.5,402.3,0.164,0.379,0.916,Heavy congestion detected - signal timing extended and reroute suggested
EVT415283,2026-03-04 19:39:56,Religious Festival,J011,Indiranagar 100ft Road,45462,Weekday,True,Clear,False,0.0,False,True,1.0,Severe,8.9,99.6,428.3,0.152,0.35,0.836,Road closure for event/procession - full detour recommended for through-traffic
EVT415284,2025-04-07 16:04:42,Fireworks Display,J023,Basavanagudi,12636,Weekday,True,Clear,False,0.0,False,False,0.737,High,19.5,56.8,336.4,0.233,0.539,0.894,Festival crowd surge detected - alternate route and extended cycle recommended
EVT415285,2025-07-06 13:14:33,Political Rally,J011,Indiranagar 100ft Road,9859,Weekend,False,Clear,False,0.0,False,False,0.326,Low,27.2,26.4,186.6,0.149,0.344,0.954,Moderate traffic flow - standard adaptive signal timing in effect
EVT415286,2025-07-18 07:05:36,Concert,J020,Malleshwaram Circle,9331,Weekday,False,Clear,False,0.0,False,False,0.495,Moderate,28.4,35.9,166.8,0.155,0.357,0.979,Moderate traffic flow - standard adaptive signal timing in effect
EVT415287,2025-06-06 18:29:29,Local Market Day,J040,City Market,2998,Weekday,False,Heavy Rain,True,27.9,False,False,1.0,Severe,7.6,69.4,704.1,0.215,0.498,0.85,Heavy rain reducing visibility and grip - reduced speed and longer buffer advised
EVT415288,2025-06-08 10:57:23,Trade Fair,J040,City Market,5608,Weekend,False,Heavy Rain,True,55.9,False,False,0.725,High,17.2,52.6,292.0,0.175,0.404,0.937,Heavy rain reducing visibility and grip - reduced speed and longer buffer advised
EVT415289,2025-05-09 20:56:53,Trade Fair,J020,Malleshwaram Circle,6557,Weekday,False,Clear,False,0.0,False,False,0.361,Moderate,27.4,19.5,212.2,0.162,0.373,0.948,Moderate traffic flow - standard adaptive signal timing in effect
EVT415290,2026-02-22 13:56:23,Concert,J031,Cubbon Road,14360,Weekend,False,Clear,False,0.0,False,False,0.349,Low,31.4,22.5,101.8,0.073,0.169,0.949,Moderate traffic flow - standard adaptive signal timing in effect
EVT415291,2025-11-10 08:59:35,Local Market Day,J040,City Market,3673,Weekday,False,Fog,False,0.0,False,False,1.0,Severe,6.9,74.3,513.2,0.162,0.375,0.927,Heavy congestion detected - signal timing extended and reroute suggested
EVT415292,2025-05-07 21:26:26,Concert,J009,Majestic,9697,Weekday,False,Clear,False,0.0,False,False,0.354,Moderate,24.9,27.4,235.0,0.167,0.386,0.981,Moderate traffic flow - standard adaptive signal timing in effect
EVT415293,2025-11-20 09:42:00,Sports Fixture,J023,Basavanagudi,10874,Weekday,False,Fog,False,0.0,False,False,1.0,Severe,9.8,68.7,379.1,0.135,0.312,0.947,Heavy congestion detected - signal timing extended and reroute suggested
EVT415294,2025-08-18 18:00:17,Sports Fixture,J011,Indiranagar 100ft Road,18461,Weekday,False,Heavy Rain,True,35.3,False,False,1.0,Severe,9.9,68.3,263.5,0.109,0.251,0.868,Heavy rain reducing visibility and grip - reduced speed and longer buffer advised
EVT415295,2026-04-01 02:39:16,Sports Fixture,J012,Koramangala Sony World,17471,Weekday,False,Clear,False,0.0,False,False,0.23,Low,27.9,14.9,86.7,0.073,0.168,0.981,Normal free-flow traffic - standard signal timing maintained
EVT415296,2026-02-05 09:24:28,Local Market Day,J040,City Market,4427,Weekday,False,Clear,False,0.0,False,False,1.0,Severe,9.7,76.1,592.7,0.225,0.521,0.936,Heavy congestion detected - signal timing extended and reroute suggested
EVT415297,2025-07-25 19:24:53,Sports Fixture,J020,Malleshwaram Circle,25511,Weekday,False,Rain,True,20.7,False,False,1.0,Severe,7.6,68.9,444.4,0.153,0.355,0.853,Heavy rain reducing visibility and grip - reduced speed and longer buffer advised
EVT415298,2026-03-27 18:21:17,Religious Festival,J012,Koramangala Sony World,51111,Weekday,True,Fog,False,0.0,False,True,1.0,Severe,7.2,100.7,715.2,0.223,0.515,0.843,Road closure for event/procession - full detour recommended for through-traffic
EVT415299,2026-03-05 12:35:53,Fireworks Display,J030,MG Road,42380,Weekday,True,Clear,False,0.0,False,False,0.621,High,23.2,44.0,149.6,0.11,0.255,0.918,Festival crowd surge detected - alternate route and extended cycle recommended
EVT415300,2026-04-04 11:22:54,Concert,J020,Malleshwaram Circle,13808,Weekend,False,Clear,False,0.0,False,False,0.393,Moderate,28.1,22.7,151.2,0.105,0.242,0.972,Moderate traffic flow - standard adaptive signal timing in effect
EVT415301,2025-04-19 16:44:39,Concert,J023,Basavanagudi,25590,Weekend,False,Clear,False,0.0,False,False,0.726,High,16.3,53.0,177.1,0.087,0.2,0.93,Moderate traffic flow - standard adaptive signal timing in effect
EVT415302,2025-04-25 20:13:13,Local Market Day,J040,City Market,3402,Weekday,False,Light Rain,True,6.5,False,False,0.781,Severe,15.5,59.8,385.8,0.193,0.447,0.922,Heavy rain reducing visibility and grip - reduced speed and longer buffer advised
EVT415303,2025-03-08 08:01:29,Sports Fixture,J040,City Market,12819,Weekend,False,Clear,False,0.0,False,False,0.772,Severe,17.8,53.4,239.3,0.17,0.393,0.942,Heavy congestion detected - signal timing extended and reroute suggested
EVT415304,2025-01-10 13:25:20,Local Market Day,J011,Indiranagar 100ft Road,4607,Weekday,False,Clear,False,0.0,False,False,0.275,Low,29.0,18.8,169.0,0.126,0.292,0.951,Moderate traffic flow - standard adaptive signal timing in effect
EVT415305,2025-11-01 04:28:49,Cultural Procession,J009,Majestic,13088,Weekend,True,Clear,False,0.0,False,False,0.429,Moderate,27.8,34.8,291.8,0.218,0.503,0.926,Moderate traffic flow - standard adaptive signal timing in effect
EVT415306,2026-03-16 10:17:18,Local Market Day,J030,MG Road,3361,Weekday,False,Clear,False,0.0,False,False,0.569,High,24.5,40.8,129.6,0.1,0.232,0.978,Moderate traffic flow - standard adaptive signal timing in effect
EVT415307,2026-03-25 12:21:13,Sports Fixture,J040,City Market,17757,Weekday,False,Clear,False,0.0,False,False,0.272,Low,27.5,17.4,131.8,0.108,0.25,0.952,Moderate traffic flow - standard adaptive signal timing in effect
EVT415308,2025-06-11 23:18:57,Local Market Day,J009,Majestic,5136,Weekday,False,Clear,False,0.0,False,False,0.159,Low,37.6,10.8,75.4,0.063,0.145,0.961,Normal free-flow traffic - standard signal timing maintained
EVT415309,2025-04-16 16:22:44,Trade Fair,J030,MG Road,12597,Weekday,False,Clear,False,0.0,False,False,0.66,High,22.9,47.7,243.8,0.174,0.401,0.957,Moderate traffic flow - standard adaptive signal timing in effect
EVT415310,2026-01-26 21:31:37,Religious Festival,J031,Cubbon Road,46424,Weekday,True,Clear,False,0.0,False,True,0.894,High,12.5,92.9,426.6,0.196,0.452,0.832,Road closure for event/procession - full detour recommended for through-traffic
EVT415311,2025-12-19 08:14:42,Concert,J020,Malleshwaram Circle,10458,Weekday,False,Rain,True,8.5,False,False,1.0,Severe,9.5,73.4,364.9,0.161,0.371,0.874,Heavy rain reducing visibility and grip - reduced speed and longer buffer advised
EVT415312,2025-09-26 15:45:54,Concert,J023,Basavanagudi,15898,Weekday,False,Clear,False,0.0,False,False,0.416,Moderate,23.0,27.9,127.9,0.066,0.153,0.969,Moderate traffic flow - standard adaptive signal timing in effect
EVT415313,2025-12-16 09:06:15,Local Market Day,J009,Majestic,3519,Weekday,False,Clear,False,0.0,False,False,0.987,Severe,7.7,72.6,373.7,0.126,0.291,0.916,Heavy congestion detected - signal timing extended and reroute suggested
EVT415314,2025-01-29 17:25:28,Sports Fixture,J009,Majestic,23322,Weekday,False,Clear,False,0.0,False,False,0.949,Severe,11.5,64.5,368.5,0.146,0.337,0.91,Heavy congestion detected - signal timing extended and reroute suggested
EVT415315,2025-07-03 12:50:07,Local Market Day,J020,Malleshwaram Circle,5011,Weekday,False,Rain,True,11.1,False,False,0.356,Moderate,30.3,27.1,126.9,0.103,0.237,0.927,Light rain detected - minor speed reduction advised
EVT415316,2026-03-28 16:39:44,Trade Fair,J012,Koramangala Sony World,4077,Weekend,False,Clear,False,0.0,False,False,0.613,High,23.1,42.8,216.2,0.151,0.348,0.951,Moderate traffic flow - standard adaptive signal timing in effect
EVT415317,2026-06-11 16:17:57,Political Rally,J040,City Market,13366,Weekday,False,Clear,False,0.0,False,False,0.566,High,24.9,41.4,310.0,0.229,0.53,0.99,Moderate traffic flow - standard adaptive signal timing in effect
EVT415318,2025-10-20 09:59:40,Cultural Procession,J011,Indiranagar 100ft Road,19506,Weekday,True,Clear,False,0.0,False,True,1.0,Severe,7.5,94.1,530.3,0.161,0.373,0.838,Road closure for event/procession - full detour recommended for through-traffic
EVT415319,2025-05-11 08:43:36,Political Rally,J023,Basavanagudi,16372,Weekend,False,Rain,True,8.5,False,False,1.0,Severe,7.4,72.3,838.7,0.273,0.63,0.866,Heavy rain reducing visibility and grip - reduced speed and longer buffer advised
EVT415320,2025-12-24 17:50:13,Trade Fair,J009,Majestic,12769,Weekday,False,Clear,False,0.0,False,False,1.0,Severe,8.9,69.1,602.0,0.204,0.47,0.914,Heavy congestion detected - signal timing extended and reroute suggested
EVT415321,2025-11-14 20:35:25,Political Rally,J023,Basavanagudi,19837,Weekday,False,Clear,False,0.0,False,False,0.66,High,18.6,43.8,266.6,0.168,0.389,0.963,Moderate traffic flow - standard adaptive signal timing in effect
EVT415322,2025-01-27 08:46:56,Cultural Procession,J011,Indiranagar 100ft Road,22417,Weekday,True,Clear,False,0.0,False,False,1.0,Severe,9.5,70.1,392.6,0.145,0.335,0.892,Festival crowd surge detected - alternate route and extended cycle recommended
EVT415323,2025-10-25 16:18:24,Local Market Day,J030,MG Road,4658,Weekend,False,Clear,False,0.0,False,False,0.499,Moderate,18.2,32.7,284.5,0.145,0.335,0.984,Moderate traffic flow - standard adaptive signal timing in effect
EVT415324,2025-07-11 20:45:24,Local Market Day,J020,Malleshwaram Circle,3451,Weekday,False,Clear,False,0.0,False,False,0.457,Moderate,28.9,34.3,254.8,0.195,0.451,0.961,Moderate traffic flow - standard adaptive signal timing in effect
EVT415325,2025-04-16 09:27:16,Sports Fixture,J009,Majestic,18308,Weekday,False,Clear,False,0.0,False,False,0.995,Severe,6.9,72.6,870.1,0.233,0.539,0.92,Heavy congestion detected - signal timing extended and reroute suggested
EVT415326,2025-04-10 16:28:00,Concert,J040,City Market,9311,Weekday,False,Fog,False,0.0,False,False,0.598,High,25.8,36.1,150.4,0.12,0.276,0.974,Moderate traffic flow - standard adaptive signal timing in effect
EVT415327,2026-01-04 17:58:52,Political Rally,J030,MG Road,19616,Weekend,False,Clear,False,0.0,False,False,0.914,Severe,9.2,65.1,341.7,0.115,0.265,0.942,Heavy congestion detected - signal timing extended and reroute suggested
EVT415328,2025-02-09 19:23:34,Sports Fixture,J020,Malleshwaram Circle,59243,Weekend,False,Clear,False,0.0,False,False,1.0,Severe,9.1,71.1,621.5,0.238,0.549,0.89,Heavy congestion detected - signal timing extended and reroute suggested
EVT415329,2026-04-13 15:35:43,Sports Fixture,J030,MG Road,17969,Weekday,False,Clear,False,0.0,False,False,0.428,Moderate,22.0,26.2,224.4,0.128,0.296,0.95,Moderate traffic flow - standard adaptive signal timing in effect
EVT415330,2026-03-27 15:34:54,Religious Festival,J020,Malleshwaram Circle,33261,Weekday,True,Clear,False,0.0,False,True,0.807,High,17.3,73.8,335.4,0.188,0.434,0.858,Road closure for event/procession - full detour recommended for through-traffic
EVT415331,2025-07-31 15:34:36,Local Market Day,J030,MG Road,5411,Weekday,False,Clear,False,0.0,False,False,0.404,Moderate,28.3,28.1,163.0,0.117,0.27,0.971,Moderate traffic flow - standard adaptive signal timing in effect
EVT415332,2026-06-26 21:17:15,Local Market Day,J023,Basavanagudi,3233,Weekday,False,Rain,True,10.5,False,False,0.515,Moderate,26.2,37.4,240.7,0.188,0.435,0.919,Light rain detected - minor speed reduction advised
EVT415333,2025-09-10 18:29:59,Concert,J009,Majestic,6843,Weekday,False,Clear,False,0.0,False,False,0.974,Severe,8.7,69.8,530.6,0.188,0.434,0.93,Heavy congestion detected - signal timing extended and reroute suggested
EVT415334,2025-02-05 15:45:03,Concert,J020,Malleshwaram Circle,13235,Weekday,False,Clear,False,0.0,False,False,0.406,Moderate,28.8,28.3,164.5,0.143,0.33,0.972,Moderate traffic flow - standard adaptive signal timing in effect
EVT415335,2026-01-02 20:13:24,Religious Festival,J009,Majestic,101252,Weekday,True,Clear,False,0.0,False,True,1.0,Severe,8.3,93.5,268.1,0.125,0.289,0.804,Road closure for event/procession - full detour recommended for through-traffic
EVT415336,2025-07-04 03:42:45,Sports Fixture,J011,Indiranagar 100ft Road,16798,Weekday,False,Rain,True,21.5,False,False,0.459,Moderate,20.8,31.5,231.6,0.133,0.307,0.915,Light rain detected - minor speed reduction advised
EVT415337,2025-08-26 22:14:08,Trade Fair,J040,City Market,6110,Weekday,False,Clear,False,0.0,False,False,0.233,Low,38.1,11.4,106.8,0.101,0.233,0.937,Normal free-flow traffic - standard signal timing maintained
EVT415338,2025-10-18 18:19:54,Political Rally,J023,Basavanagudi,8668,Weekend,False,Clear,False,0.0,False,False,0.894,Severe,9.4,67.4,483.3,0.171,0.396,0.943,Heavy congestion detected - signal timing extended and reroute suggested
EVT415339,2026-05-22 19:34:55,Sports Fixture,J020,Malleshwaram Circle,13149,Weekday,False,Clear,False,0.0,False,False,0.942,Severe,11.8,60.1,241.8,0.116,0.268,0.922,Heavy congestion detected - signal timing extended and reroute suggested
EVT415340,2025-08-13 17:35:22,Local Market Day,J020,Malleshwaram Circle,2929,Weekday,False,Heavy Rain,True,35.7,False,False,1.0,Severe,8.4,72.0,368.0,0.142,0.329,0.859,Heavy rain reducing visibility and grip - reduced speed and longer buffer advised
EVT415341,2025-09-27 12:41:54,Local Market Day,J020,Malleshwaram Circle,6386,Weekend,False,Clear,False,0.0,False,False,0.332,Low,35.1,22.1,120.3,0.093,0.215,0.965,Moderate traffic flow - standard adaptive signal timing in effect
EVT415342,2025-05-31 20:59:21,Trade Fair,J009,Majestic,7713,Weekend,False,Clear,False,0.0,False,False,0.455,Moderate,24.9,38.3,149.6,0.114,0.263,0.972,Moderate traffic flow - standard adaptive signal timing in effect
EVT415343,2026-04-24 16:17:33,Local Market Day,J040,City Market,3368,Weekday,False,Clear,False,0.0,False,False,0.476,Moderate,18.6,31.7,360.4,0.215,0.497,0.94,Moderate traffic flow - standard adaptive signal timing in effect
EVT415344,2025-09-27 19:33:48,Concert,J030,MG Road,21425,Weekend,False,Heavy Rain,True,56.6,False,False,1.0,Severe,9.3,67.5,676.4,0.258,0.596,0.858,Heavy rain reducing visibility and grip - reduced speed and longer buffer advised
EVT415345,2025-12-30 19:16:45,Concert,J020,Malleshwaram Circle,12740,Weekday,False,Clear,False,0.0,False,False,0.984,Severe,10.1,76.9,363.4,0.164,0.379,0.897,Heavy congestion detected - signal timing extended and reroute suggested
EVT415346,2025-09-21 09:28:06,Sports Fixture,J009,Majestic,28007,Weekend,False,Clear,False,0.0,False,False,0.976,Severe,9.6,73.6,527.0,0.211,0.488,0.929,Heavy congestion detected - signal timing extended and reroute suggested
EVT415347,2025-09-14 01:06:38,Trade Fair,J031,Cubbon Road,7761,Weekend,False,Clear,False,0.0,False,False,0.264,Low,26.1,19.4,161.9,0.12,0.277,0.966,Moderate traffic flow - standard adaptive signal timing in effect
EVT415348,2025-02-05 21:24:12,Local Market Day,J009,Majestic,5250,Weekday,False,Clear,False,0.0,False,False,0.428,Moderate,21.5,26.0,211.8,0.132,0.306,0.951,Moderate traffic flow - standard adaptive signal timing in effect
EVT415349,2025-11-19 19:35:18,Concert,J009,Majestic,17324,Weekday,False,Clear,False,0.0,False,False,0.874,Severe,11.9,63.1,243.1,0.136,0.314,0.94,Heavy congestion detected - signal timing extended and reroute suggested
EVT415350,2026-02-01 20:30:44,Trade Fair,J023,Basavanagudi,7579,Weekend,False,Clear,False,0.0,False,False,0.561,High,22.5,42.7,348.9,0.244,0.564,0.967,Moderate traffic flow - standard adaptive signal timing in effect
EVT415351,2025-09-18 09:15:12,Local Market Day,J020,Malleshwaram Circle,3666,Weekday,False,Heavy Rain,True,25.5,False,False,1.0,Severe,8.8,71.9,681.3,0.261,0.603,0.844,Heavy rain reducing visibility and grip - reduced speed and longer buffer advised
EVT415352,2025-08-24 06:12:41,Trade Fair,J011,Indiranagar 100ft Road,11032,Weekend,False,Clear,False,0.0,False,False,0.44,Moderate,24.7,29.2,66.8,0.049,0.114,0.971,Moderate traffic flow - standard adaptive signal timing in effect
EVT415353,2026-05-10 18:59:45,Sports Fixture,J031,Cubbon Road,23038,Weekend,False,Rain,True,8.5,False,False,1.0,Severe,8.5,70.5,368.8,0.15,0.347,0.86,Heavy rain reducing visibility and grip - reduced speed and longer buffer advised
EVT415354,2025-02-11 08:04:57,Sports Fixture,J009,Majestic,12846,Weekday,False,Clear,False,0.0,False,False,0.889,Severe,9.2,65.2,329.0,0.125,0.29,0.927,Heavy congestion detected - signal timing extended and reroute suggested
EVT415355,2026-06-03 12:36:31,Trade Fair,J040,City Market,9363,Weekday,False,Clear,False,0.0,False,False,0.2,Low,27.8,14.9,67.8,0.041,0.095,0.974,Normal free-flow traffic - standard signal timing maintained
EVT415356,2025-07-29 08:23:28,Local Market Day,J040,City Market,4250,Weekday,False,Rain,True,11.3,False,False,1.0,Severe,8.5,78.4,560.1,0.19,0.438,0.854,Heavy rain reducing visibility and grip - reduced speed and longer buffer advised
EVT415357,2025-10-16 16:17:08,Local Market Day,J020,Malleshwaram Circle,3396,Weekday,False,Rain,True,18.2,False,False,0.701,High,15.4,49.3,310.1,0.156,0.361,0.925,Heavy rain reducing visibility and grip - reduced speed and longer buffer advised
EVT415358,2025-10-24 09:05:49,Trade Fair,J012,Koramangala Sony World,8343,Weekday,False,Clear,False,0.0,False,False,1.0,Severe,7.0,73.2,467.8,0.156,0.36,0.922,Heavy congestion detected - signal timing extended and reroute suggested
EVT415359,2025-05-30 10:48:03,Local Market Day,J012,Koramangala Sony World,3570,Weekday,False,Fog,False,0.0,False,False,0.403,Moderate,28.8,28.8,153.4,0.117,0.271,0.972,Moderate traffic flow - standard adaptive signal timing in effect
EVT415360,2025-04-24 16:20:22,Local Market Day,J031,Cubbon Road,3928,Weekday,False,Light Rain,True,2.3,False,False,0.576,High,22.2,40.3,208.8,0.126,0.292,0.905,Heavy rain reducing visibility and grip - reduced speed and longer buffer advised
EVT415361,2025-04-01 15:13:33,Local Market Day,J031,Cubbon Road,2485,Weekday,False,Clear,False,0.0,False,False,0.285,Low,26.2,20.7,183.8,0.131,0.302,0.955,Moderate traffic flow - standard adaptive signal timing in effect
EVT415362,2025-03-07 07:19:53,Political Rally,J020,Malleshwaram Circle,17420,Weekday,False,Clear,False,0.0,False,False,0.637,High,18.7,41.0,232.1,0.147,0.34,0.943,Moderate traffic flow - standard adaptive signal timing in effect
EVT415363,2025-06-26 16:00:03,Sports Fixture,J009,Majestic,30240,Weekday,False,Clear,False,0.0,False,False,0.6,High,23.5,45.7,272.2,0.176,0.407,0.99,Moderate traffic flow - standard adaptive signal timing in effect
EVT415364,2026-02-22 10:30:04,Political Rally,J020,Malleshwaram Circle,6728,Weekend,False,Clear,False,0.0,False,False,0.568,High,23.7,48.9,136.7,0.096,0.221,0.968,Moderate traffic flow - standard adaptive signal timing in effect
EVT415365,2025-06-14 21:48:00,Political Rally,J030,MG Road,8558,Weekend,False,Clear,False,0.0,False,False,0.389,Moderate,28.0,32.9,125.0,0.084,0.194,0.99,Moderate traffic flow - standard adaptive signal timing in effect
EVT415366,2026-02-16 13:14:02,Trade Fair,J009,Majestic,11130,Weekday,False,Clear,False,0.0,False,False,0.257,Low,37.6,19.4,151.6,0.139,0.322,0.982,Moderate traffic flow - standard adaptive signal timing in effect
EVT415367,2025-08-21 15:28:26,Local Market Day,J040,City Market,4928,Weekday,False,Clear,False,0.0,False,False,0.344,Low,34.6,23.6,99.3,0.093,0.215,0.939,Moderate traffic flow - standard adaptive signal timing in effect
EVT415368,2025-04-16 19:01:55,Sports Fixture,J011,Indiranagar 100ft Road,28131,Weekday,False,Rain,True,16.9,False,False,1.0,Severe,11.7,73.9,530.6,0.215,0.496,0.865,Heavy rain reducing visibility and grip - reduced speed and longer buffer advised
EVT415369,2025-05-23 14:24:00,Local Market Day,J020,Malleshwaram Circle,7705,Weekday,False,Clear,False,0.0,False,False,0.161,Low,30.8,12.7,144.5,0.117,0.27,0.976,Normal free-flow traffic - standard signal timing maintained
EVT415370,2026-03-10 14:33:52,Political Rally,J011,Indiranagar 100ft Road,13164,Weekday,False,Clear,False,0.0,False,False,0.183,Low,34.2,10.6,97.0,0.059,0.137,0.958,Normal free-flow traffic - standard signal timing maintained
EVT415371,2025-10-04 17:57:04,Trade Fair,J040,City Market,5422,Weekend,False,Clear,False,0.0,False,False,0.815,Severe,15.2,57.0,350.9,0.178,0.412,0.965,Heavy congestion detected - signal timing extended and reroute suggested
EVT415372,2025-07-24 10:08:19,Concert,J040,City Market,10846,Weekday,False,Clear,False,0.0,False,False,0.76,Severe,16.2,50.7,415.8,0.239,0.551,0.941,Heavy congestion detected - signal timing extended and reroute suggested
EVT415373,2026-02-07 08:08:37,Sports Fixture,J023,Basavanagudi,13077,Weekend,False,Clear,False,0.0,False,False,0.833,Severe,15.0,58.6,125.9,0.065,0.151,0.937,Heavy congestion detected - signal timing extended and reroute suggested
EVT415374,2025-02-18 18:04:51,Trade Fair,J009,Majestic,7393,Weekday,False,Clear,False,0.0,False,False,1.0,Severe,6.4,75.6,775.0,0.192,0.444,0.922,Heavy congestion detected - signal timing extended and reroute suggested
EVT415375,2025-02-23 17:59:41,Concert,J009,Majestic,4700,Weekend,False,Clear,False,0.0,False,False,0.845,Severe,15.0,60.2,257.8,0.146,0.338,0.957,Heavy congestion detected - signal timing extended and reroute suggested
EVT415376,2026-05-19 07:02:33,Local Market Day,J040,City Market,2636,Weekday,False,Clear,False,0.0,False,False,0.368,Moderate,25.9,25.4,242.9,0.164,0.38,0.962,Moderate traffic flow - standard adaptive signal timing in effect
EVT415377,2025-07-24 16:10:41,Trade Fair,J040,City Market,7858,Weekday,False,Clear,False,0.0,False,False,0.44,Moderate,28.8,30.7,207.6,0.161,0.372,0.989,Moderate traffic flow - standard adaptive signal timing in effect
EVT415378,2026-06-01 06:30:29,Local Market Day,J012,Koramangala Sony World,5313,Weekday,False,Rain,True,11.4,False,False,0.498,Moderate,27.2,38.3,246.0,0.175,0.404,0.92,Light rain detected - minor speed reduction advised
EVT415379,2026-03-15 17:28:46,Sports Fixture,J031,Cubbon Road,19835,Weekend,False,Fog,False,0.0,False,False,0.946,Severe,10.1,70.4,431.7,0.16,0.371,0.917,Heavy congestion detected - signal timing extended and reroute suggested
EVT415380,2026-05-11 20:56:53,Concert,J012,Koramangala Sony World,11823,Weekday,False,Clear,False,0.0,False,False,0.51,Moderate,27.8,36.6,252.7,0.21,0.486,0.955,Moderate traffic flow - standard adaptive signal timing in effect
EVT415381,2026-03-24 19:23:42,Local Market Day,J020,Malleshwaram Circle,2124,Weekday,False,Clear,False,0.0,False,False,0.835,Severe,14.8,59.4,378.1,0.195,0.45,0.951,Heavy congestion detected - signal timing extended and reroute suggested
EVT415382,2026-05-09 15:31:05,Local Market Day,J040,City Market,2468,Weekend,False,Clear,False,0.0,False,False,0.368,Moderate,27.8,24.0,154.5,0.127,0.293,0.981,Moderate traffic flow - standard adaptive signal timing in effect
EVT415383,2026-06-17 15:58:45,Trade Fair,J020,Malleshwaram Circle,8504,Weekday,False,Rain,True,15.7,False,False,0.616,High,23.1,47.1,260.9,0.194,0.449,0.923,Heavy rain reducing visibility and grip - reduced speed and longer buffer advised
EVT415384,2026-05-23 08:06:11,Concert,J030,MG Road,10997,Weekend,False,Clear,False,0.0,False,False,0.755,Severe,13.7,54.8,406.1,0.206,0.475,0.971,Heavy congestion detected - signal timing extended and reroute suggested
EVT415385,2025-06-05 15:54:51,Sports Fixture,J011,Indiranagar 100ft Road,11250,Weekday,False,Light Rain,True,6.0,False,False,0.546,Moderate,25.6,38.3,173.9,0.13,0.3,0.908,Light rain detected - minor speed reduction advised
EVT415386,2025-02-03 18:58:10,Concert,J012,Koramangala Sony World,7555,Weekday,False,Clear,False,0.0,False,False,0.996,Severe,8.0,64.5,1015.6,0.316,0.731,0.924,Heavy congestion detected - signal timing extended and reroute suggested
EVT415387,2025-10-05 12:43:53,Local Market Day,J020,Malleshwaram Circle,5928,Weekend,False,Clear,False,0.0,False,False,0.32,Low,22.5,21.6,220.2,0.141,0.326,0.976,Moderate traffic flow - standard adaptive signal timing in effect
EVT415388,2026-01-14 09:39:52,Cultural Procession,J011,Indiranagar 100ft Road,8801,Weekday,True,Clear,False,0.0,False,True,1.0,Severe,7.9,101.7,769.9,0.278,0.642,0.827,Road closure for event/procession - full detour recommended for through-traffic
EVT415389,2026-02-18 10:20:17,Concert,J011,Indiranagar 100ft Road,7157,Weekday,False,Clear,False,0.0,False,False,0.607,High,19.0,46.5,261.0,0.148,0.341,0.982,Moderate traffic flow - standard adaptive signal timing in effect
EVT415390,2025-12-24 20:15:07,Local Market Day,J023,Basavanagudi,3630,Weekday,False,Clear,False,0.0,False,False,0.659,High,16.9,48.2,493.6,0.281,0.649,0.945,Moderate traffic flow - standard adaptive signal timing in effect
EVT415391,2025-11-19 07:46:03,Sports Fixture,J023,Basavanagudi,32997,Weekday,False,Rain,True,19.6,False,False,1.0,Severe,8.4,74.0,613.6,0.212,0.491,0.852,Heavy rain reducing visibility and grip - reduced speed and longer buffer advised
EVT415392,2025-06-23 18:20:19,Trade Fair,J012,Koramangala Sony World,11303,Weekday,False,Clear,False,0.0,False,False,1.0,Severe,9.7,75.4,715.5,0.29,0.671,0.918,Heavy congestion detected - signal timing extended and reroute suggested
EVT415393,2025-05-11 04:14:41,Sports Fixture,J030,MG Road,23093,Weekend,False,Clear,False,0.0,False,False,0.384,Moderate,26.1,30.5,231.9,0.162,0.374,0.971,Moderate traffic flow - standard adaptive signal timing in effect
EVT415394,2026-04-26 17:33:21,Sports Fixture,J009,Majestic,19294,Weekend,False,Clear,False,0.0,False,False,0.867,Severe,12.4,55.5,486.3,0.214,0.493,0.973,Heavy congestion detected - signal timing extended and reroute suggested
EVT415395,2026-04-15 12:48:19,Religious Festival,J009,Majestic,34025,Weekday,True,Clear,False,0.0,False,True,0.744,High,14.5,67.3,470.4,0.238,0.549,0.869,Road closure for event/procession - full detour recommended for through-traffic
EVT415396,2025-02-26 16:36:33,Local Market Day,J011,Indiranagar 100ft Road,3896,Weekday,False,Clear,False,0.0,False,False,0.603,High,20.4,50.0,186.8,0.103,0.237,0.943,Moderate traffic flow - standard adaptive signal timing in effect
EVT415397,2026-01-05 10:24:57,Local Market Day,J011,Indiranagar 100ft Road,2955,Weekday,False,Clear,False,0.0,False,False,0.6,High,19.5,43.5,201.4,0.122,0.282,0.94,Moderate traffic flow - standard adaptive signal timing in effect
EVT415398,2025-08-22 07:27:21,Local Market Day,J023,Basavanagudi,2818,Weekday,False,Heavy Rain,True,32.9,False,False,0.94,Severe,8.4,69.4,678.5,0.254,0.587,0.906,Heavy rain reducing visibility and grip - reduced speed and longer buffer advised
EVT415399,2025-01-18 12:32:59,Concert,J009,Majestic,8574,Weekend,False,Clear,False,0.0,False,False,0.324,Low,34.7,18.9,61.5,0.064,0.147,0.968,Moderate traffic flow - standard adaptive signal timing in effect
EVT415400,2025-10-30 19:40:32,Political Rally,J011,Indiranagar 100ft Road,22270,Weekday,False,Clear,False,0.0,False,False,0.998,Severe,6.0,71.4,934.7,0.232,0.536,0.903,Heavy congestion detected - signal timing extended and reroute suggested
EVT415401,2025-05-19 08:45:43,Local Market Day,J031,Cubbon Road,4868,Weekday,False,Clear,False,0.0,False,False,0.968,Severe,5.7,69.5,777.0,0.181,0.417,0.909,Heavy congestion detected - signal timing extended and reroute suggested
EVT415402,2026-05-22 08:06:04,Trade Fair,J009,Majestic,7256,Weekday,False,Clear,False,0.0,False,False,0.871,Severe,10.3,55.3,167.3,0.067,0.156,0.923,Heavy congestion detected - signal timing extended and reroute suggested
EVT415403,2026-05-23 18:16:55,Sports Fixture,J040,City Market,40346,Weekend,False,Fog,False,0.0,False,False,1.0,Severe,8.4,70.6,550.0,0.188,0.433,0.902,Heavy congestion detected - signal timing extended and reroute suggested
EVT415404,2025-10-11 08:17:36,Local Market Day,J009,Majestic,3908,Weekend,False,Light Rain,True,1.7,False,False,0.859,Severe,13.5,66.3,162.5,0.08,0.184,0.874,Heavy rain reducing visibility and grip - reduced speed and longer buffer advised
EVT415405,2025-07-13 08:55:23,Trade Fair,J009,Majestic,9703,Weekend,False,Heavy Rain,True,52.7,False,False,1.0,Severe,8.2,71.7,558.9,0.192,0.444,0.865,Heavy rain reducing visibility and grip - reduced speed and longer buffer advised
EVT415406,2025-06-30 18:48:13,Trade Fair,J030,MG Road,11722,Weekday,False,Clear,False,0.0,False,False,0.994,Severe,8.8,73.8,432.3,0.142,0.327,0.923,Heavy congestion detected - signal timing extended and reroute suggested
EVT415407,2025-09-16 15:54:06,Concert,J023,Basavanagudi,12925,Weekday,False,Clear,False,0.0,False,False,0.503,Moderate,25.6,29.6,107.5,0.082,0.189,0.969,Moderate traffic flow - standard adaptive signal timing in effect
EVT415408,2025-02-27 13:28:09,Political Rally,J031,Cubbon Road,7046,Weekday,False,Clear,False,0.0,False,False,0.222,Low,29.6,17.7,98.6,0.07,0.161,0.983,Normal free-flow traffic - standard signal timing maintained
EVT415409,2026-02-18 08:37:29,Concert,J020,Malleshwaram Circle,9635,Weekday,False,Clear,False,0.0,False,False,0.966,Severe,10.5,66.6,479.7,0.196,0.452,0.93,Heavy congestion detected - signal timing extended and reroute suggested
EVT415410,2025-12-27 07:21:27,Local Market Day,J023,Basavanagudi,3932,Weekend,False,Fog,False,0.0,False,False,0.544,Moderate,18.9,37.4,176.7,0.12,0.277,0.98,Moderate traffic flow - standard adaptive signal timing in effect
EVT415411,2025-06-25 07:18:51,Sports Fixture,J012,Koramangala Sony World,17197,Weekday,False,Clear,False,0.0,False,False,0.692,High,15.5,49.8,448.8,0.231,0.534,0.953,Moderate traffic flow - standard adaptive signal timing in effect
EVT415412,2025-11-10 19:04:33,Political Rally,J011,Indiranagar 100ft Road,18170,Weekday,False,Clear,False,0.0,False,False,1.0,Severe,6.4,73.9,650.0,0.184,0.425,0.914,Heavy congestion detected - signal timing extended and reroute suggested
EVT415413,2025-03-17 19:39:39,Concert,J011,Indiranagar 100ft Road,5832,Weekday,False,Clear,False,0.0,False,False,0.939,Severe,9.2,69.0,674.0,0.241,0.557,0.931,Heavy congestion detected - signal timing extended and reroute suggested
EVT415414,2025-07-12 10:45:44,Sports Fixture,J009,Majestic,38724,Weekend,False,Clear,False,0.0,False,False,0.705,High,18.4,50.5,113.2,0.069,0.158,0.975,Moderate traffic flow - standard adaptive signal timing in effect
EVT415415,2026-06-16 19:06:59,Local Market Day,J012,Koramangala Sony World,5482,Weekday,False,Fog,False,0.0,False,False,0.975,Severe,7.3,70.1,472.6,0.128,0.297,0.908,Heavy congestion detected - signal timing extended and reroute suggested
EVT415416,2026-02-20 11:27:02,Trade Fair,J012,Koramangala Sony World,9115,Weekday,False,Clear,False,0.0,False,False,0.359,Moderate,31.1,25.8,173.4,0.152,0.35,0.945,Moderate traffic flow - standard adaptive signal timing in effect
EVT415417,2026-06-15 11:41:39,Sports Fixture,J020,Malleshwaram Circle,12265,Weekday,False,Heavy Rain,True,49.3,False,False,0.671,High,21.2,52.4,374.2,0.235,0.543,0.91,Heavy rain reducing visibility and grip - reduced speed and longer buffer advised
EVT415418,2026-01-28 11:29:38,Local Market Day,J011,Indiranagar 100ft Road,5386,Weekday,False,Clear,False,0.0,False,False,0.257,Low,30.7,19.2,213.3,0.176,0.407,0.958,Moderate traffic flow - standard adaptive signal timing in effect
EVT415419,2025-01-05 19:40:10,Political Rally,J023,Basavanagudi,11755,Weekend,False,Clear,False,0.0,False,False,0.717,High,17.5,44.7,233.1,0.142,0.329,0.961,Moderate traffic flow - standard adaptive signal timing in effect
EVT415420,2025-12-04 12:36:04,Concert,J023,Basavanagudi,11751,Weekday,False,Clear,False,0.0,False,False,0.199,Low,35.3,12.2,143.9,0.144,0.333,0.955,Normal free-flow traffic - standard signal timing maintained
EVT415421,2026-01-12 01:05:10,Local Market Day,J040,City Market,3044,Weekday,False,Clear,False,0.0,False,False,0.199,Low,33.2,12.2,128.7,0.111,0.256,0.952,Normal free-flow traffic - standard signal timing maintained
EVT415422,2025-12-13 12:11:34,Political Rally,J023,Basavanagudi,8948,Weekend,False,Clear,False,0.0,False,False,0.352,Moderate,28.5,24.3,198.3,0.154,0.357,0.982,Moderate traffic flow - standard adaptive signal timing in effect
EVT415423,2026-05-30 17:15:30,Concert,J031,Cubbon Road,10222,Weekend,False,Clear,False,0.0,False,False,0.703,High,17.9,52.0,138.9,0.086,0.199,0.97,Moderate traffic flow - standard adaptive signal timing in effect
EVT415424,2025-02-27 19:23:28,Political Rally,J040,City Market,17085,Weekday,False,Clear,False,0.0,False,False,1.0,Severe,8.6,71.0,518.7,0.177,0.409,0.933,Heavy congestion detected - signal timing extended and reroute suggested
EVT415425,2025-02-25 11:24:38,Concert,J031,Cubbon Road,13795,Weekday,False,Clear,False,0.0,False,False,0.337,Low,27.7,24.7,199.1,0.146,0.337,0.919,Moderate traffic flow - standard adaptive signal timing in effect
EVT415426,2025-03-06 20:52:05,Sports Fixture,J009,Majestic,14982,Weekday,False,Clear,False,0.0,False,False,0.527,Moderate,23.5,39.2,171.6,0.117,0.27,0.974,Moderate traffic flow - standard adaptive signal timing in effect
EVT415427,2025-02-14 09:22:00,Local Market Day,J040,City Market,4142,Weekday,False,Clear,False,0.0,False,False,1.0,Severe,8.1,74.2,531.1,0.187,0.432,0.912,Heavy congestion detected - signal timing extended and reroute suggested
EVT415428,2026-03-14 15:23:14,Local Market Day,J012,Koramangala Sony World,2218,Weekend,False,Clear,False,0.0,False,False,0.345,Low,24.4,20.3,203.2,0.12,0.278,0.984,Moderate traffic flow - standard adaptive signal timing in effect
EVT415429,2025-11-25 18:09:40,Political Rally,J011,Indiranagar 100ft Road,18686,Weekday,False,Clear,False,0.0,False,False,1.0,Severe,10.4,70.5,561.9,0.226,0.522,0.925,Heavy congestion detected - signal timing extended and reroute suggested
EVT415430,2025-06-17 19:56:16,Concert,J031,Cubbon Road,13777,Weekday,False,Heavy Rain,True,29.3,False,False,1.0,Severe,7.3,68.7,246.6,0.091,0.209,0.883,Heavy rain reducing visibility and grip - reduced speed and longer buffer advised
EVT415431,2025-04-11 18:06:29,Local Market Day,J031,Cubbon Road,3539,Weekday,False,Clear,False,0.0,False,False,0.993,Severe,8.3,71.2,550.8,0.185,0.427,0.917,Heavy congestion detected - signal timing extended and reroute suggested
EVT415432,2025-10-03 13:19:13,Religious Festival,J011,Indiranagar 100ft Road,44654,Weekday,True,Clear,False,0.0,False,True,0.798,High,17.5,80.0,331.5,0.195,0.451,0.873,Road closure for event/procession - full detour recommended for through-traffic
EVT415433,2026-05-12 19:11:39,Concert,J011,Indiranagar 100ft Road,17290,Weekday,False,Clear,False,0.0,False,False,1.0,Severe,7.7,72.0,812.6,0.252,0.582,0.925,Heavy congestion detected - signal timing extended and reroute suggested
EVT415434,2025-07-12 10:25:18,Concert,J023,Basavanagudi,10704,Weekend,False,Clear,False,0.0,False,False,0.673,High,18.0,43.7,374.6,0.214,0.495,0.932,Moderate traffic flow - standard adaptive signal timing in effect
EVT415435,2025-01-23 06:33:50,Concert,J009,Majestic,17739,Weekday,False,Clear,False,0.0,False,False,0.39,Moderate,23.6,33.4,134.3,0.083,0.192,0.94,Moderate traffic flow - standard adaptive signal timing in effect
EVT415436,2025-01-25 07:37:31,Sports Fixture,J020,Malleshwaram Circle,23927,Weekend,False,Clear,False,0.0,False,False,0.738,High,18.2,52.5,245.3,0.169,0.391,0.953,Moderate traffic flow - standard adaptive signal timing in effect
EVT415437,2025-07-05 16:41:13,Local Market Day,J023,Basavanagudi,3837,Weekend,False,Clear,False,0.0,False,False,0.573,High,24.9,35.9,132.9,0.094,0.218,0.956,Moderate traffic flow - standard adaptive signal timing in effect
EVT415438,2025-05-03 11:09:40,Concert,J030,MG Road,15413,Weekend,False,Clear,False,0.0,False,False,0.393,Moderate,25.9,31.8,223.5,0.155,0.357,0.973,Moderate traffic flow - standard adaptive signal timing in effect
EVT415439,2025-01-02 20:13:24,Political Rally,J009,Majestic,24741,Weekday,False,Clear,False,0.0,False,False,0.724,High,17.4,52.9,217.2,0.127,0.293,0.952,Moderate traffic flow - standard adaptive signal timing in effect
EVT415440,2025-09-13 20:39:47,Trade Fair,J020,Malleshwaram Circle,14547,Weekend,False,Heavy Rain,True,31.6,False,False,0.943,Severe,8.8,67.2,675.9,0.239,0.551,0.87,Heavy rain reducing visibility and grip - reduced speed and longer buffer advised
EVT415441,2025-04-25 09:48:16,Trade Fair,J030,MG Road,9493,Weekday,False,Clear,False,0.0,False,False,0.891,Severe,12.1,62.4,464.7,0.21,0.484,0.959,Heavy congestion detected - signal timing extended and reroute suggested
EVT415442,2025-08-04 17:14:39,Sports Fixture,J020,Malleshwaram Circle,32718,Weekday,False,Light Rain,True,6.1,False,False,1.0,Severe,9.3,69.0,625.6,0.226,0.523,0.862,Heavy rain reducing visibility and grip - reduced speed and longer buffer advised
EVT415443,2026-01-26 08:13:18,Cultural Procession,J011,Indiranagar 100ft Road,29674,Weekday,True,Clear,False,0.0,False,True,1.0,Severe,9.2,94.1,556.4,0.207,0.477,0.853,Road closure for event/procession - full detour recommended for through-traffic
EVT415444,2025-03-13 08:52:21,Concert,J030,MG Road,12294,Weekday,False,Clear,False,0.0,False,False,1.0,Severe,9.1,77.8,504.6,0.209,0.482,0.918,Heavy congestion detected - signal timing extended and reroute suggested
EVT415445,2025-06-16 14:29:42,Concert,J023,Basavanagudi,25127,Weekday,False,Heavy Rain,True,46.5,False,False,0.646,High,16.8,44.1,314.7,0.158,0.365,0.918,Heavy rain reducing visibility and grip - reduced speed and longer buffer advised
EVT415446,2025-06-16 16:01:57,Political Rally,J011,Indiranagar 100ft Road,19404,Weekday,False,Clear,False,0.0,False,False,0.519,Moderate,26.2,34.9,176.3,0.144,0.332,0.961,Moderate traffic flow - standard adaptive signal timing in effect
EVT415447,2025-09-23 16:53:38,Trade Fair,J030,MG Road,6060,Weekday,False,Clear,False,0.0,False,False,0.729,High,16.0,51.8,177.6,0.101,0.234,0.966,Moderate traffic flow - standard adaptive signal timing in effect
EVT415448,2025-08-12 20:27:17,Political Rally,J012,Koramangala Sony World,14909,Weekday,False,Heavy Rain,True,28.1,False,False,0.902,Severe,11.9,65.1,423.7,0.195,0.451,0.883,Heavy rain reducing visibility and grip - reduced speed and longer buffer advised
EVT415449,2025-04-01 14:56:54,Local Market Day,J030,MG Road,3660,Weekday,False,Clear,False,0.0,False,False,0.253,Low,25.6,21.3,100.2,0.051,0.117,0.956,Moderate traffic flow - standard adaptive signal timing in effect
EVT415450,2026-05-22 22:47:01,Local Market Day,J040,City Market,3698,Weekday,False,Clear,False,0.0,True,False,0.607,High,19.5,40.4,325.2,0.217,0.501,0.782,Accident detected nearby - reroute and reduced speed advised
EVT415451,2025-01-31 15:58:34,Sports Fixture,J012,Koramangala Sony World,28481,Weekday,False,Clear,False,0.0,False,False,0.544,Moderate,26.3,39.5,245.0,0.181,0.419,0.951,Moderate traffic flow - standard adaptive signal timing in effect
EVT415452,2025-12-02 18:05:56,Political Rally,J040,City Market,14929,Weekday,False,Clear,False,0.0,False,False,1.0,Severe,7.5,76.0,502.9,0.159,0.366,0.942,Heavy congestion detected - signal timing extended and reroute suggested
EVT415453,2025-01-16 09:04:18,Concert,J012,Koramangala Sony World,9881,Weekday,False,Clear,False,0.0,False,False,1.0,Severe,9.9,67.1,731.6,0.283,0.655,0.903,Heavy congestion detected - signal timing extended and reroute suggested
EVT415454,2025-02-06 17:31:48,Political Rally,J023,Basavanagudi,10095,Weekday,False,Clear,False,0.0,False,False,0.896,Severe,14.0,62.1,221.5,0.094,0.216,0.926,Heavy congestion detected - signal timing extended and reroute suggested
EVT415455,2026-01-28 16:48:51,Local Market Day,J020,Malleshwaram Circle,4559,Weekday,False,Clear,False,0.0,False,False,0.616,High,21.2,44.2,261.0,0.149,0.344,0.986,Moderate traffic flow - standard adaptive signal timing in effect
EVT415456,2025-04-22 13:46:19,Local Market Day,J023,Basavanagudi,4466,Weekday,False,Clear,False,0.0,False,False,0.202,Low,31.0,14.1,149.1,0.118,0.273,0.985,Normal free-flow traffic - standard signal timing maintained
EVT415457,2025-12-20 10:29:40,Sports Fixture,J023,Basavanagudi,15755,Weekend,False,Clear,False,0.0,False,False,0.583,High,22.1,40.0,129.9,0.101,0.234,0.955,Moderate traffic flow - standard adaptive signal timing in effect
EVT415458,2025-10-20 23:47:39,Religious Festival,J040,City Market,82886,Weekday,True,Clear,False,0.0,False,True,0.967,Severe,10.8,90.2,412.5,0.17,0.392,0.822,Road closure for event/procession - full detour recommended for through-traffic
EVT415459,2025-02-15 07:12:37,Local Market Day,J023,Basavanagudi,5057,Weekend,False,Clear,False,0.0,False,False,0.544,Moderate,30.6,40.4,84.2,0.048,0.11,0.957,Moderate traffic flow - standard adaptive signal timing in effect
EVT415460,2025-02-26 20:15:10,Trade Fair,J023,Basavanagudi,7534,Weekday,False,Clear,False,0.0,False,False,0.739,High,18.6,53.0,292.0,0.18,0.417,0.963,Moderate traffic flow - standard adaptive signal timing in effect
EVT415461,2026-06-18 18:14:51,Local Market Day,J011,Indiranagar 100ft Road,6706,Weekday,False,Heavy Rain,True,56.9,False,False,1.0,Severe,9.7,74.6,616.6,0.264,0.61,0.852,Heavy rain reducing visibility and grip - reduced speed and longer buffer advised
EVT415462,2025-01-14 20:47:06,Cultural Procession,J009,Majestic,13545,Weekday,True,Fog,False,0.0,False,False,0.67,High,19.6,48.4,199.6,0.127,0.293,0.934,Festival crowd surge detected - alternate route and extended cycle recommended
EVT415463,2025-01-28 17:03:52,Concert,J020,Malleshwaram Circle,10710,Weekday,False,Clear,False,0.0,False,False,0.865,Severe,14.0,63.1,303.6,0.157,0.363,0.958,Heavy congestion detected - signal timing extended and reroute suggested
EVT415464,2025-04-04 21:11:33,Local Market Day,J031,Cubbon Road,2730,Weekday,False,Clear,False,0.0,False,False,0.331,Low,31.8,27.7,67.2,0.074,0.171,0.978,Moderate traffic flow - standard adaptive signal timing in effect
EVT415465,2025-05-13 15:05:40,Sports Fixture,J023,Basavanagudi,15788,Weekday,False,Clear,False,0.0,False,False,0.36,Moderate,27.5,26.0,145.7,0.097,0.223,0.985,Moderate traffic flow - standard adaptive signal timing in effect
EVT415466,2025-01-25 20:25:03,Local Market Day,J009,Majestic,6596,Weekend,False,Clear,False,0.0,False,False,0.527,Moderate,24.6,33.5,209.5,0.152,0.352,0.934,Moderate traffic flow - standard adaptive signal timing in effect
EVT415467,2026-01-25 07:55:21,Local Market Day,J031,Cubbon Road,10356,Weekend,False,Clear,False,0.0,False,False,0.768,Severe,19.8,59.0,245.2,0.159,0.366,0.978,Heavy congestion detected - signal timing extended and reroute suggested
EVT415468,2025-10-29 21:36:01,Concert,J020,Malleshwaram Circle,17801,Weekday,False,Clear,False,0.0,False,False,0.416,Moderate,28.8,28.0,172.6,0.137,0.316,0.976,Moderate traffic flow - standard adaptive signal timing in effect
EVT415469,2026-02-17 17:41:31,Sports Fixture,J009,Majestic,20625,Weekday,False,Clear,False,0.0,False,False,1.0,Severe,7.3,70.2,875.1,0.293,0.676,0.922,Heavy congestion detected - signal timing extended and reroute suggested
EVT415470,2025-05-29 10:05:50,Local Market Day,J009,Majestic,2396,Weekday,False,Rain,True,11.5,False,False,0.938,Severe,11.5,64.3,443.2,0.193,0.446,0.886,Heavy rain reducing visibility and grip - reduced speed and longer buffer advised
EVT415471,2025-12-12 13:03:00,Concert,J011,Indiranagar 100ft Road,11430,Weekday,False,Clear,False,0.0,False,False,0.181,Low,34.9,9.9,164.6,0.154,0.357,0.968,Normal free-flow traffic - standard signal timing maintained
EVT415472,2025-10-12 06:07:08,Trade Fair,J020,Malleshwaram Circle,11612,Weekend,False,Rain,True,23.9,False,False,0.537,Moderate,20.3,48.5,233.4,0.156,0.361,0.909,Light rain detected - minor speed reduction advised
EVT415473,2025-08-08 09:07:03,Trade Fair,J040,City Market,13510,Weekday,False,Clear,False,0.0,False,False,1.0,Severe,8.8,73.6,580.7,0.216,0.5,0.945,Heavy congestion detected - signal timing extended and reroute suggested
EVT415474,2026-03-05 07:03:25,Religious Festival,J009,Majestic,34204,Weekday,True,Clear,False,0.0,False,False,0.9,Severe,12.4,64.0,294.7,0.16,0.37,0.887,Festival crowd surge detected - alternate route and extended cycle recommended
EVT415475,2025-11-11 23:19:03,Trade Fair,J011,Indiranagar 100ft Road,9632,Weekday,False,Fog,False,0.0,False,False,0.168,Low,29.4,15.2,199.1,0.171,0.395,0.959,Normal free-flow traffic - standard signal timing maintained
EVT415476,2026-01-20 09:00:10,Concert,J009,Majestic,14357,Weekday,False,Fog,False,0.0,False,False,1.0,Severe,8.8,66.0,792.5,0.304,0.703,0.93,Heavy congestion detected - signal timing extended and reroute suggested
EVT415477,2025-10-07 08:06:57,Local Market Day,J012,Koramangala Sony World,3820,Weekday,False,Clear,False,0.0,False,False,0.941,Severe,10.5,76.7,428.9,0.194,0.447,0.93,Heavy congestion detected - signal timing extended and reroute suggested
EVT415478,2025-11-18 09:50:21,Local Market Day,J030,MG Road,5532,Weekday,False,Clear,False,0.0,False,False,0.897,Severe,11.2,61.2,323.5,0.138,0.319,0.919,Heavy congestion detected - signal timing extended and reroute suggested
EVT415479,2025-11-11 13:41:39,Political Rally,J020,Malleshwaram Circle,25769,Weekday,False,Fog,False,0.0,False,False,0.313,Low,29.7,26.6,154.3,0.103,0.238,0.975,Moderate traffic flow - standard adaptive signal timing in effect
EVT415480,2026-01-11 10:07:37,Local Market Day,J031,Cubbon Road,5690,Weekend,False,Clear,False,0.0,False,False,0.666,High,16.3,42.3,293.6,0.151,0.348,0.962,Moderate traffic flow - standard adaptive signal timing in effect
EVT415481,2025-11-14 10:31:23,Local Market Day,J011,Indiranagar 100ft Road,4938,Weekday,False,Light Rain,True,6.1,False,False,0.823,Severe,12.9,58.0,462.7,0.243,0.562,0.854,Heavy rain reducing visibility and grip - reduced speed and longer buffer advised
EVT415482,2025-12-30 09:33:03,Trade Fair,J009,Majestic,4508,Weekday,False,Clear,False,0.0,False,False,0.95,Severe,9.2,68.5,463.9,0.18,0.417,0.937,Heavy congestion detected - signal timing extended and reroute suggested
EVT415483,2025-11-07 10:06:34,Trade Fair,J040,City Market,10654,Weekday,False,Clear,False,0.0,False,False,0.812,Severe,14.6,57.9,129.7,0.075,0.174,0.914,Heavy congestion detected - signal timing extended and reroute suggested
EVT415484,2025-07-07 15:42:07,Local Market Day,J040,City Market,7560,Weekday,False,Clear,False,0.0,False,False,0.373,Moderate,27.4,27.0,63.2,0.046,0.106,0.964,Moderate traffic flow - standard adaptive signal timing in effect
EVT415485,2026-04-01 19:40:44,Trade Fair,J023,Basavanagudi,5966,Weekday,False,Clear,False,0.0,False,False,0.781,Severe,13.8,58.4,284.1,0.158,0.364,0.977,Heavy congestion detected - signal timing extended and reroute suggested
EVT415486,2025-02-24 10:48:51,Trade Fair,J023,Basavanagudi,5400,Weekday,False,Clear,False,0.0,False,False,0.529,Moderate,24.6,32.6,212.5,0.131,0.302,0.937,Moderate traffic flow - standard adaptive signal timing in effect
EVT415487,2025-09-04 19:38:59,Trade Fair,J009,Majestic,9716,Weekday,False,Clear,False,0.0,False,False,0.929,Severe,11.9,67.7,399.9,0.186,0.429,0.913,Heavy congestion detected - signal timing extended and reroute suggested
EVT415488,2025-03-29 19:31:57,Sports Fixture,J031,Cubbon Road,27705,Weekend,False,Fog,False,0.0,False,False,0.946,Severe,11.7,66.2,152.7,0.083,0.192,0.935,Heavy congestion detected - signal timing extended and reroute suggested
EVT415489,2025-11-17 04:19:19,Local Market Day,J020,Malleshwaram Circle,3572,Weekday,False,Fog,False,0.0,False,False,0.123,Low,41.2,12.6,68.9,0.068,0.156,0.974,Normal free-flow traffic - standard signal timing maintained
EVT415490,2025-07-23 08:18:27,Local Market Day,J020,Malleshwaram Circle,3807,Weekday,False,Clear,False,0.0,False,False,0.991,Severe,6.9,77.2,504.3,0.164,0.378,0.926,Heavy congestion detected - signal timing extended and reroute suggested
EVT415491,2026-03-09 19:02:48,Local Market Day,J020,Malleshwaram Circle,4643,Weekday,False,Clear,False,0.0,False,False,1.0,Severe,8.6,69.8,583.7,0.226,0.521,0.916,Heavy congestion detected - signal timing extended and reroute suggested
EVT415492,2025-07-06 07:02:14,Political Rally,J009,Majestic,12315,Weekend,False,Rain,True,21.3,False,False,0.732,High,16.9,50.0,534.3,0.311,0.718,0.91,Heavy rain reducing visibility and grip - reduced speed and longer buffer advised
EVT415493,2025-05-30 07:59:59,Concert,J009,Majestic,10948,Weekday,False,Heavy Rain,True,47.6,False,False,1.0,Severe,8.2,70.2,675.9,0.217,0.502,0.853,Heavy rain reducing visibility and grip - reduced speed and longer buffer advised
EVT415494,2026-05-13 22:48:56,Sports Fixture,J031,Cubbon Road,30090,Weekday,False,Clear,False,0.0,False,False,0.292,Low,31.1,21.6,183.2,0.151,0.349,0.972,Moderate traffic flow - standard adaptive signal timing in effect
EVT415495,2026-04-05 08:10:54,Sports Fixture,J030,MG Road,40603,Weekend,False,Clear,False,0.0,False,False,1.0,Severe,8.0,70.6,494.1,0.171,0.396,0.904,Heavy congestion detected - signal timing extended and reroute suggested
EVT415496,2025-06-17 08:06:48,Trade Fair,J011,Indiranagar 100ft Road,5582,Weekday,False,Rain,True,7.9,False,False,1.0,Severe,9.0,66.5,224.0,0.083,0.193,0.846,Heavy rain reducing visibility and grip - reduced speed and longer buffer advised
EVT415497,2026-03-27 22:43:05,Religious Festival,J031,Cubbon Road,41799,Weekday,True,Clear,False,0.0,True,True,1.0,Severe,8.5,98.6,568.9,0.222,0.514,0.711,Road closure for event/procession - full detour recommended for through-traffic
EVT415498,2025-02-25 19:39:08,Sports Fixture,J009,Majestic,10859,Weekday,False,Clear,False,0.0,False,False,0.845,Severe,11.6,67.0,498.2,0.218,0.503,0.926,Heavy congestion detected - signal timing extended and reroute suggested
EVT415499,2025-05-01 15:53:13,Cultural Procession,J031,Cubbon Road,19234,Weekday,True,Clear,False,0.0,False,True,0.804,High,16.0,76.5,362.4,0.203,0.468,0.868,Road closure for event/procession - full detour recommended for through-traffic
EVT415500,2025-06-03 20:20:44,Concert,J011,Indiranagar 100ft Road,11306,Weekday,False,Clear,False,0.0,False,False,0.701,High,20.8,47.6,209.7,0.145,0.335,0.978,Moderate traffic flow - standard adaptive signal timing in effect
EVT415501,2025-12-22 00:53:33,Sports Fixture,J030,MG Road,30242,Weekday,False,Clear,False,0.0,False,False,0.329,Low,33.5,23.2,127.4,0.121,0.28,0.95,Moderate traffic flow - standard adaptive signal timing in effect
EVT415502,2026-05-01 14:17:39,Fireworks Display,J009,Majestic,26662,Weekday,True,Clear,False,0.0,False,False,0.56,High,32.2,40.6,129.9,0.118,0.274,0.916,Festival crowd surge detected - alternate route and extended cycle recommended
EVT415503,2026-01-31 17:57:59,Political Rally,J030,MG Road,10718,Weekend,False,Clear,False,0.0,False,False,0.867,Severe,11.8,60.5,367.7,0.176,0.408,0.949,Heavy congestion detected - signal timing extended and reroute suggested
EVT415504,2025-08-24 16:12:26,Concert,J040,City Market,10534,Weekend,False,Clear,False,0.0,False,False,0.574,High,28.5,36.4,177.3,0.153,0.353,0.962,Moderate traffic flow - standard adaptive signal timing in effect
EVT415505,2025-07-16 16:18:06,Sports Fixture,J023,Basavanagudi,18092,Weekday,False,Rain,True,13.2,False,False,0.817,Severe,14.4,58.0,450.7,0.218,0.503,0.927,Heavy rain reducing visibility and grip - reduced speed and longer buffer advised
EVT415506,2025-02-25 17:38:17,Political Rally,J030,MG Road,16566,Weekday,False,Clear,False,0.0,False,False,0.967,Severe,8.1,77.8,566.0,0.192,0.443,0.938,Heavy congestion detected - signal timing extended and reroute suggested
EVT415507,2026-05-01 22:35:11,Cultural Procession,J023,Basavanagudi,15232,Weekday,True,Clear,False,0.0,False,True,0.65,Moderate,18.6,63.9,249.9,0.145,0.334,0.871,Road closure for event/procession - full detour recommended for through-traffic
EVT415508,2025-11-21 21:39:44,Local Market Day,J040,City Market,4726,Weekday,False,Clear,False,0.0,False,False,0.303,Low,30.4,17.8,147.6,0.114,0.264,0.988,Moderate traffic flow - standard adaptive signal timing in effect
EVT415509,2026-03-21 18:08:59,Political Rally,J020,Malleshwaram Circle,17285,Weekend,False,Clear,False,0.0,False,False,0.897,Severe,13.3,72.2,464.9,0.236,0.544,0.934,Heavy congestion detected - signal timing extended and reroute suggested
EVT415510,2026-04-29 09:56:32,Local Market Day,J012,Koramangala Sony World,3687,Weekday,False,Rain,True,9.2,False,False,0.969,Severe,9.3,71.8,580.5,0.234,0.54,0.856,Heavy rain reducing visibility and grip - reduced speed and longer buffer advised
EVT415511,2026-02-24 18:52:44,Trade Fair,J040,City Market,8381,Weekday,False,Clear,False,0.0,False,False,1.0,Severe,9.8,74.6,180.0,0.08,0.185,0.89,Heavy congestion detected - signal timing extended and reroute suggested
EVT415512,2025-11-04 10:35:01,Political Rally,J031,Cubbon Road,11815,Weekday,False,Clear,False,0.0,False,False,0.613,High,20.1,46.3,270.8,0.163,0.376,0.97,Moderate traffic flow - standard adaptive signal timing in effect
EVT415513,2026-01-08 12:34:36,Concert,J011,Indiranagar 100ft Road,18670,Weekday,False,Clear,False,0.0,False,False,0.253,Low,38.2,23.8,168.8,0.173,0.399,0.966,Moderate traffic flow - standard adaptive signal timing in effect
EVT415514,2025-04-16 07:00:17,Concert,J023,Basavanagudi,15297,Weekday,False,Clear,False,0.0,False,False,0.457,Moderate,21.9,35.7,172.6,0.104,0.241,0.965,Moderate traffic flow - standard adaptive signal timing in effect
EVT415515,2025-08-28 14:29:25,Religious Festival,J023,Basavanagudi,45367,Weekday,True,Clear,False,0.0,False,True,0.728,High,15.2,79.1,280.2,0.158,0.366,0.862,Road closure for event/procession - full detour recommended for through-traffic
EVT415516,2025-06-17 12:18:34,Concert,J020,Malleshwaram Circle,18819,Weekday,False,Rain,True,23.0,False,False,0.522,Moderate,23.6,30.4,76.0,0.054,0.125,0.897,Light rain detected - minor speed reduction advised
EVT415517,2025-04-14 16:25:23,Religious Festival,J023,Basavanagudi,49252,Weekday,True,Clear,False,0.0,False,True,1.0,Severe,6.9,95.7,757.7,0.226,0.523,0.838,Road closure for event/procession - full detour recommended for through-traffic
EVT415518,2025-05-22 12:34:57,Trade Fair,J023,Basavanagudi,11896,Weekday,False,Clear,False,0.0,False,False,0.282,Low,35.1,18.0,120.2,0.125,0.29,0.955,Moderate traffic flow - standard adaptive signal timing in effect
EVT415519,2025-03-20 13:24:23,Trade Fair,J040,City Market,8755,Weekday,False,Clear,False,0.0,False,False,0.185,Low,41.0,15.3,129.1,0.106,0.245,0.943,Normal free-flow traffic - standard signal timing maintained
EVT415520,2025-04-24 13:40:54,Sports Fixture,J040,City Market,19365,Weekday,False,Clear,False,0.0,False,False,0.281,Low,31.7,23.1,155.2,0.117,0.271,0.976,Moderate traffic flow - standard adaptive signal timing in effect
EVT415521,2025-10-02 17:57:00,Fireworks Display,J023,Basavanagudi,19389,Weekday,True,Clear,False,0.0,False,False,1.0,Severe,5.5,75.5,919.4,0.247,0.571,0.861,Festival crowd surge detected - alternate route and extended cycle recommended
EVT415522,2025-09-20 17:32:47,Trade Fair,J031,Cubbon Road,8006,Weekend,False,Clear,False,0.0,False,False,0.81,Severe,15.5,56.7,334.1,0.181,0.418,0.954,Heavy congestion detected - signal timing extended and reroute suggested
EVT415523,2025-11-29 16:44:53,Concert,J023,Basavanagudi,17268,Weekend,False,Clear,False,0.0,False,False,0.659,High,17.1,48.3,245.2,0.153,0.354,0.962,Moderate traffic flow - standard adaptive signal timing in effect
EVT415524,2026-05-19 16:43:13,Trade Fair,J012,Koramangala Sony World,10282,Weekday,False,Clear,False,0.0,False,False,0.681,High,12.5,50.8,258.5,0.113,0.261,0.981,Moderate traffic flow - standard adaptive signal timing in effect
EVT415525,2026-04-13 21:33:10,Trade Fair,J031,Cubbon Road,15386,Weekday,False,Clear,False,0.0,False,False,0.381,Moderate,31.3,23.9,80.8,0.068,0.157,0.973,Moderate traffic flow - standard adaptive signal timing in effect
EVT415526,2026-03-06 12:22:33,Sports Fixture,J012,Koramangala Sony World,64822,Weekday,False,Clear,False,0.0,False,False,0.49,Moderate,24.4,37.7,189.6,0.124,0.287,0.966,Moderate traffic flow - standard adaptive signal timing in effect
EVT415527,2026-05-23 18:42:22,Concert,J023,Basavanagudi,9702,Weekend,False,Clear,False,0.0,False,False,0.902,Severe,14.0,68.1,375.0,0.22,0.508,0.928,Heavy congestion detected - signal timing extended and reroute suggested
EVT415528,2026-05-22 06:11:07,Sports Fixture,J012,Koramangala Sony World,19184,Weekday,False,Rain,True,10.4,False,False,0.472,Moderate,30.9,39.1,158.6,0.149,0.345,0.907,Light rain detected - minor speed reduction advised
EVT415529,2026-05-04 16:20:54,Sports Fixture,J023,Basavanagudi,16164,Weekday,False,Rain,True,10.4,False,False,0.738,High,24.4,52.4,250.3,0.19,0.438,0.911,Heavy rain reducing visibility and grip - reduced speed and longer buffer advised
EVT415530,2025-01-31 16:16:27,Concert,J020,Malleshwaram Circle,6970,Weekday,False,Clear,False,0.0,False,False,0.482,Moderate,20.4,35.2,235.6,0.134,0.308,0.972,Moderate traffic flow - standard adaptive signal timing in effect
EVT415531,2025-06-27 09:35:27,Political Rally,J012,Koramangala Sony World,25641,Weekday,False,Clear,False,0.0,False,False,1.0,Severe,5.6,71.8,290.9,0.088,0.203,0.908,Heavy congestion detected - signal timing extended and reroute suggested
EVT415532,2025-05-15 08:18:30,Local Market Day,J011,Indiranagar 100ft Road,6261,Weekday,False,Clear,False,0.0,False,False,0.892,Severe,9.0,70.3,256.3,0.107,0.248,0.913,Heavy congestion detected - signal timing extended and reroute suggested
EVT415533,2025-09-01 20:25:37,Political Rally,J012,Koramangala Sony World,26444,Weekday,False,Clear,False,0.0,False,False,0.772,Severe,18.7,55.8,333.7,0.212,0.491,0.963,Heavy congestion detected - signal timing extended and reroute suggested
EVT415534,2026-06-04 09:17:06,Local Market Day,J011,Indiranagar 100ft Road,5084,Weekday,False,Heavy Rain,True,58.9,False,False,1.0,Severe,5.2,69.3,1266.2,0.269,0.622,0.851,Heavy rain reducing visibility and grip - reduced speed and longer buffer advised
EVT415535,2025-10-25 09:03:11,Political Rally,J040,City Market,20897,Weekend,False,Rain,True,14.7,False,False,1.0,Severe,9.9,71.1,688.4,0.259,0.598,0.901,Heavy rain reducing visibility and grip - reduced speed and longer buffer advised
EVT415536,2025-07-04 17:16:24,Local Market Day,J011,Indiranagar 100ft Road,4909,Weekday,False,Clear,False,0.0,False,False,0.865,Severe,12.3,58.0,410.3,0.182,0.42,0.957,Heavy congestion detected - signal timing extended and reroute suggested
EVT415537,2026-02-13 15:31:01,Local Market Day,J012,Koramangala Sony World,2047,Weekday,False,Clear,False,0.0,False,False,0.285,Low,30.4,20.1,236.5,0.2,0.462,0.963,Moderate traffic flow - standard adaptive signal timing in effect
EVT415538,2025-12-08 18:15:21,Sports Fixture,J031,Cubbon Road,19283,Weekday,False,Clear,False,0.0,False,False,1.0,Severe,8.2,77.0,710.0,0.221,0.511,0.911,Heavy congestion detected - signal timing extended and reroute suggested
EVT415539,2026-05-24 15:26:31,Sports Fixture,J023,Basavanagudi,18894,Weekend,False,Rain,True,13.9,False,False,0.692,High,17.0,50.0,289.3,0.167,0.387,0.902,Heavy rain reducing visibility and grip - reduced speed and longer buffer advised
EVT415540,2026-01-08 14:43:40,Local Market Day,J030,MG Road,6741,Weekday,False,Clear,False,0.0,False,False,0.288,Low,30.9,21.3,174.4,0.143,0.329,0.99,Moderate traffic flow - standard adaptive signal timing in effect
EVT415541,2026-01-02 15:04:29,Religious Festival,J009,Majestic,75996,Weekday,True,Clear,False,0.0,False,False,1.0,Severe,7.3,72.8,613.1,0.192,0.444,0.842,Festival crowd surge detected - alternate route and extended cycle recommended
EVT415542,2025-04-21 08:50:04,Sports Fixture,J012,Koramangala Sony World,25859,Weekday,False,Clear,False,0.0,False,False,1.0,Severe,8.4,72.6,359.2,0.136,0.315,0.918,Heavy congestion detected - signal timing extended and reroute suggested
EVT415543,2025-06-08 12:19:11,Political Rally,J040,City Market,6870,Weekend,False,Clear,False,0.0,False,False,0.388,Moderate,27.6,23.7,116.7,0.084,0.193,0.976,Moderate traffic flow - standard adaptive signal timing in effect
EVT415544,2025-04-09 19:06:29,Trade Fair,J012,Koramangala Sony World,4972,Weekday,False,Clear,False,0.0,False,False,0.999,Severe,9.9,71.7,517.4,0.21,0.484,0.909,Heavy congestion detected - signal timing extended and reroute suggested
EVT415545,2025-11-21 09:02:00,Local Market Day,J020,Malleshwaram Circle,3012,Weekday,False,Rain,True,15.0,False,False,1.0,Severe,7.2,78.2,625.3,0.184,0.425,0.856,Heavy rain reducing visibility and grip - reduced speed and longer buffer advised
EVT415546,2026-01-28 22:33:51,Local Market Day,J009,Majestic,2748,Weekday,False,Clear,False,0.0,False,False,0.211,Low,37.5,8.6,93.0,0.096,0.222,0.962,Normal free-flow traffic - standard signal timing maintained
EVT415547,2025-03-18 19:06:38,Sports Fixture,J020,Malleshwaram Circle,31396,Weekday,False,Clear,False,0.0,False,False,1.0,Severe,10.1,73.7,185.9,0.074,0.17,0.906,Heavy congestion detected - signal timing extended and reroute suggested
EVT415548,2025-04-26 20:24:53,Local Market Day,J020,Malleshwaram Circle,4597,Weekend,False,Clear,False,0.0,False,False,0.539,Moderate,28.1,40.2,326.6,0.271,0.625,0.962,Moderate traffic flow - standard adaptive signal timing in effect
EVT415549,2025-08-02 12:25:49,Political Rally,J009,Majestic,17804,Weekend,False,Clear,False,0.0,False,False,0.406,Moderate,19.6,30.8,125.9,0.048,0.111,0.965,Moderate traffic flow - standard adaptive signal timing in effect
EVT415550,2025-01-16 14:59:41,Trade Fair,J011,Indiranagar 100ft Road,5248,Weekday,False,Clear,False,0.0,False,False,0.255,Low,31.2,18.7,68.5,0.051,0.117,0.954,Moderate traffic flow - standard adaptive signal timing in effect
EVT415551,2025-08-26 08:26:47,Trade Fair,J030,MG Road,5518,Weekday,False,Clear,False,0.0,False,False,0.982,Severe,8.5,68.5,449.2,0.159,0.366,0.905,Heavy congestion detected - signal timing extended and reroute suggested
EVT415552,2025-07-20 17:21:15,Sports Fixture,J011,Indiranagar 100ft Road,21944,Weekend,False,Clear,False,0.0,False,False,0.847,Severe,14.9,58.6,411.2,0.206,0.477,0.949,Heavy congestion detected - signal timing extended and reroute suggested
EVT415553,2026-05-15 08:22:38,Concert,J031,Cubbon Road,13653,Weekday,False,Clear,False,0.0,False,False,1.0,Severe,9.2,77.7,493.5,0.193,0.446,0.927,Heavy congestion detected - signal timing extended and reroute suggested
EVT415554,2025-11-08 18:14:27,Concert,J009,Majestic,7593,Weekend,False,Fog,False,0.0,False,False,0.914,Severe,13.4,66.4,184.4,0.065,0.149,0.932,Heavy congestion detected - signal timing extended and reroute suggested
EVT415555,2025-07-08 15:07:25,Concert,J030,MG Road,14282,Weekday,False,Clear,False,0.0,False,False,0.303,Low,27.2,25.9,192.1,0.147,0.339,0.973,Moderate traffic flow - standard adaptive signal timing in effect
EVT415556,2025-12-05 18:49:39,Local Market Day,J011,Indiranagar 100ft Road,2675,Weekday,False,Clear,False,0.0,False,False,1.0,Severe,8.5,73.3,338.6,0.122,0.281,0.932,Heavy congestion detected - signal timing extended and reroute suggested
EVT415557,2025-07-18 07:11:34,Sports Fixture,J031,Cubbon Road,11850,Weekday,False,Rain,True,8.5,False,False,0.658,High,16.1,44.0,173.4,0.113,0.26,0.937,Heavy rain reducing visibility and grip - reduced speed and longer buffer advised
EVT415558,2025-06-24 23:49:16,Sports Fixture,J030,MG Road,16955,Weekday,False,Heavy Rain,True,34.2,False,False,0.491,Moderate,22.5,32.0,164.5,0.108,0.249,0.91,Light rain detected - minor speed reduction advised
EVT415559,2025-01-27 21:45:03,Religious Festival,J009,Majestic,45305,Weekday,True,Clear,False,0.0,False,True,0.888,High,14.6,95.0,460.2,0.245,0.565,0.863,Road closure for event/procession - full detour recommended for through-traffic
EVT415560,2025-10-01 17:13:29,Local Market Day,J040,City Market,4032,Weekday,False,Clear,False,0.0,False,False,0.812,Severe,12.6,57.3,374.1,0.166,0.383,0.927,Heavy congestion detected - signal timing extended and reroute suggested
EVT415561,2025-09-18 18:00:30,Sports Fixture,J020,Malleshwaram Circle,15018,Weekday,False,Rain,True,15.2,False,False,1.0,Severe,8.3,70.2,228.4,0.092,0.212,0.86,Heavy rain reducing visibility and grip - reduced speed and longer buffer advised
EVT415562,2026-04-08 23:06:17,Sports Fixture,J012,Koramangala Sony World,12822,Weekday,False,Clear,False,0.0,False,False,0.255,Low,28.2,16.6,229.4,0.189,0.436,0.987,Moderate traffic flow - standard adaptive signal timing in effect
EVT415563,2025-01-21 05:12:44,Sports Fixture,J020,Malleshwaram Circle,25998,Weekday,False,Clear,False,0.0,False,False,0.319,Low,36.3,24.4,197.6,0.167,0.387,0.975,Moderate traffic flow - standard adaptive signal timing in effect
EVT415564,2025-12-22 11:29:17,Local Market Day,J023,Basavanagudi,3375,Weekday,False,Light Rain,True,4.5,False,False,0.454,Moderate,25.9,30.0,154.7,0.108,0.249,0.905,Light rain detected - minor speed reduction advised
EVT415565,2025-05-02 16:31:20,Fireworks Display,J012,Koramangala Sony World,34948,Weekday,True,Clear,False,0.0,False,False,1.0,Severe,10.1,70.5,502.4,0.212,0.489,0.856,Festival crowd surge detected - alternate route and extended cycle recommended
EVT415566,2025-10-03 07:51:36,Religious Festival,J031,Cubbon Road,60281,Weekday,True,Clear,False,0.0,False,True,1.0,Severe,8.5,101.7,522.5,0.216,0.498,0.865,Road closure for event/procession - full detour recommended for through-traffic
EVT415567,2025-05-01 23:21:54,Cultural Procession,J011,Indiranagar 100ft Road,15116,Weekday,True,Fog,False,0.0,False,True,0.655,Moderate,25.3,67.3,195.6,0.13,0.3,0.891,Road closure for event/procession - full detour recommended for through-traffic
EVT415568,2025-10-08 07:22:59,Concert,J011,Indiranagar 100ft Road,7013,Weekday,False,Clear,False,0.0,False,False,0.528,Moderate,19.6,36.6,154.2,0.082,0.19,0.952,Moderate traffic flow - standard adaptive signal timing in effect
EVT415569,2026-01-12 10:23:16,Local Market Day,J011,Indiranagar 100ft Road,5153,Weekday,False,Clear,False,0.0,False,False,0.615,High,26.5,46.1,98.0,0.084,0.194,0.962,Moderate traffic flow - standard adaptive signal timing in effect
EVT415570,2025-09-25 15:38:33,Sports Fixture,J023,Basavanagudi,19390,Weekday,False,Clear,False,0.0,False,False,0.358,Moderate,30.5,24.9,157.9,0.122,0.281,0.974,Moderate traffic flow - standard adaptive signal timing in effect
EVT415571,2026-02-19 08:41:58,Sports Fixture,J023,Basavanagudi,20525,Weekday,False,Clear,False,0.0,False,False,1.0,Severe,8.6,74.5,461.8,0.143,0.33,0.925,Heavy congestion detected - signal timing extended and reroute suggested
EVT415572,2025-04-16 15:48:42,Sports Fixture,J040,City Market,38128,Weekday,False,Clear,False,0.0,False,False,0.61,High,20.2,45.1,236.0,0.145,0.335,0.953,Moderate traffic flow - standard adaptive signal timing in effect
EVT415573,2025-08-25 08:09:00,Local Market Day,J031,Cubbon Road,3725,Weekday,False,Clear,False,0.0,False,False,0.875,Severe,16.7,62.3,326.0,0.198,0.458,0.929,Heavy congestion detected - signal timing extended and reroute suggested
EVT415574,2025-09-17 17:25:37,Local Market Day,J023,Basavanagudi,7800,Weekday,False,Rain,True,9.0,False,False,0.967,Severe,10.1,63.6,328.6,0.134,0.31,0.877,Heavy rain reducing visibility and grip - reduced speed and longer buffer advised
EVT415575,2026-05-16 14:39:40,Local Market Day,J023,Basavanagudi,5367,Weekend,False,Clear,False,0.0,False,False,0.274,Low,37.6,13.7,178.0,0.177,0.409,0.955,Moderate traffic flow - standard adaptive signal timing in effect
EVT415576,2025-09-06 21:21:05,Religious Festival,J011,Indiranagar 100ft Road,92049,Weekend,True,Fog,False,0.0,False,True,1.0,Severe,6.7,108.0,771.0,0.221,0.51,0.874,Road closure for event/procession - full detour recommended for through-traffic
EVT415577,2026-01-08 07:21:06,Political Rally,J020,Malleshwaram Circle,21026,Weekday,False,Clear,False,0.0,False,False,0.653,High,24.4,55.0,213.5,0.159,0.366,0.984,Moderate traffic flow - standard adaptive signal timing in effect
EVT415578,2025-12-01 13:58:14,Sports Fixture,J012,Koramangala Sony World,17730,Weekday,False,Clear,False,0.0,False,False,0.168,Low,40.5,15.2,95.6,0.103,0.238,0.955,Normal free-flow traffic - standard signal timing maintained
EVT415579,2026-02-19 09:12:00,Local Market Day,J020,Malleshwaram Circle,6036,Weekday,False,Clear,False,0.0,False,False,1.0,Severe,7.6,73.5,693.7,0.223,0.514,0.916,Heavy congestion detected - signal timing extended and reroute suggested
EVT415580,2025-11-27 06:18:02,Local Market Day,J030,MG Road,4163,Weekday,False,Clear,False,0.0,False,False,0.301,Low,34.5,19.0,214.0,0.204,0.471,0.955,Moderate traffic flow - standard adaptive signal timing in effect
EVT415581,2025-03-04 18:54:10,Political Rally,J031,Cubbon Road,17661,Weekday,False,Clear,False,0.0,False,False,1.0,Severe,7.8,72.9,457.5,0.135,0.312,0.946,Heavy congestion detected - signal timing extended and reroute suggested
EVT415582,2026-03-31 12:21:48,Trade Fair,J020,Malleshwaram Circle,13605,Weekday,False,Rain,True,14.4,False,False,0.429,Moderate,27.6,32.2,173.8,0.124,0.285,0.921,Light rain detected - minor speed reduction advised
EVT415583,2025-03-06 11:29:49,Political Rally,J040,City Market,16891,Weekday,False,Clear,False,0.0,False,False,0.429,Moderate,21.0,22.8,168.6,0.112,0.258,0.958,Moderate traffic flow - standard adaptive signal timing in effect
EVT415584,2025-09-22 16:18:56,Trade Fair,J011,Indiranagar 100ft Road,12328,Weekday,False,Clear,False,0.0,False,False,0.543,Moderate,23.4,37.6,108.4,0.062,0.142,0.946,Moderate traffic flow - standard adaptive signal timing in effect
EVT415585,2025-11-26 19:31:34,Sports Fixture,J012,Koramangala Sony World,25268,Weekday,False,Clear,False,0.0,False,False,0.991,Severe,8.1,69.7,414.7,0.142,0.328,0.951,Heavy congestion detected - signal timing extended and reroute suggested
EVT415586,2025-01-17 19:49:59,Sports Fixture,J009,Majestic,19625,Weekday,False,Clear,False,0.0,False,False,0.891,Severe,13.5,63.1,365.3,0.178,0.411,0.937,Heavy congestion detected - signal timing extended and reroute suggested
EVT415587,2026-05-03 08:02:07,Local Market Day,J031,Cubbon Road,5084,Weekend,False,Rain,True,17.4,False,False,0.936,Severe,8.0,68.5,595.7,0.199,0.46,0.885,Heavy rain reducing visibility and grip - reduced speed and longer buffer advised
EVT415588,2025-10-01 14:35:16,Trade Fair,J030,MG Road,11038,Weekday,False,Clear,False,0.0,False,False,0.255,Low,31.6,21.3,162.0,0.134,0.309,0.945,Moderate traffic flow - standard adaptive signal timing in effect
EVT415589,2025-05-28 15:39:27,Sports Fixture,J030,MG Road,27493,Weekday,False,Clear,False,0.0,False,False,0.452,Moderate,22.7,33.1,172.7,0.111,0.257,0.954,Moderate traffic flow - standard adaptive signal timing in effect
EVT415590,2025-08-28 09:04:12,Cultural Procession,J031,Cubbon Road,35623,Weekday,True,Clear,False,0.0,False,False,1.0,Severe,8.5,72.7,517.3,0.188,0.434,0.861,Festival crowd surge detected - alternate route and extended cycle recommended
EVT415591,2025-09-28 16:56:06,Concert,J030,MG Road,13806,Weekend,False,Clear,False,0.0,False,False,0.684,High,12.3,45.1,602.8,0.229,0.529,0.973,Moderate traffic flow - standard adaptive signal timing in effect
EVT415592,2025-01-02 10:03:03,Trade Fair,J030,MG Road,9701,Weekday,False,Fog,False,0.0,False,False,0.846,Severe,15.2,57.1,394.0,0.222,0.514,0.955,Heavy congestion detected - signal timing extended and reroute suggested
EVT415593,2026-04-18 17:34:25,Concert,J023,Basavanagudi,17861,Weekend,False,Clear,False,0.0,False,False,0.937,Severe,12.0,69.4,387.0,0.182,0.42,0.932,Heavy congestion detected - signal timing extended and reroute suggested
EVT415594,2026-06-20 09:34:35,Concert,J012,Koramangala Sony World,16210,Weekend,False,Heavy Rain,True,45.6,False,False,1.0,Severe,7.6,77.3,861.1,0.252,0.582,0.866,Heavy rain reducing visibility and grip - reduced speed and longer buffer advised
EVT415595,2025-05-21 10:34:36,Concert,J031,Cubbon Road,14512,Weekday,False,Clear,False,0.0,False,False,0.638,High,17.8,44.8,225.2,0.135,0.312,0.985,Moderate traffic flow - standard adaptive signal timing in effect
EVT415596,2025-04-15 20:03:28,Cultural Procession,J031,Cubbon Road,20925,Weekday,True,Clear,False,0.0,False,True,1.0,Severe,7.5,98.0,722.8,0.253,0.585,0.862,Road closure for event/procession - full detour recommended for through-traffic
EVT415597,2025-12-13 19:48:08,Local Market Day,J012,Koramangala Sony World,6693,Weekend,False,Clear,False,0.0,False,False,0.719,High,11.6,48.4,380.5,0.141,0.326,0.955,Moderate traffic flow - standard adaptive signal timing in effect
EVT415598,2025-02-09 19:43:20,Sports Fixture,J011,Indiranagar 100ft Road,21967,Weekend,False,Clear,False,0.0,False,False,0.797,Severe,14.2,55.6,358.5,0.193,0.445,0.947,Heavy congestion detected - signal timing extended and reroute suggested
EVT415599,2026-02-23 07:01:13,Political Rally,J023,Basavanagudi,11088,Weekday,False,Clear,False,0.0,False,False,0.566,High,19.8,37.0,139.2,0.083,0.192,0.952,Moderate traffic flow - standard adaptive signal timing in effect
EVT415600,2026-02-12 07:34:46,Sports Fixture,J012,Koramangala Sony World,20994,Weekday,False,Clear,False,0.0,False,False,0.674,High,19.1,49.7,166.4,0.105,0.243,0.966,Moderate traffic flow - standard adaptive signal timing in effect
EVT415601,2026-06-01 13:26:29,Sports Fixture,J011,Indiranagar 100ft Road,30251,Weekday,False,Heavy Rain,True,43.7,False,False,0.692,High,19.9,49.5,388.9,0.252,0.583,0.892,Heavy rain reducing visibility and grip - reduced speed and longer buffer advised
EVT415602,2025-02-05 15:52:50,Trade Fair,J012,Koramangala Sony World,9981,Weekday,False,Clear,False,0.0,False,False,0.421,Moderate,27.1,34.4,203.7,0.149,0.345,0.948,Moderate traffic flow - standard adaptive signal timing in effect
EVT415603,2025-02-16 07:10:58,Sports Fixture,J011,Indiranagar 100ft Road,21747,Weekend,False,Clear,False,0.0,False,False,0.635,High,18.3,41.9,201.4,0.109,0.252,0.968,Moderate traffic flow - standard adaptive signal timing in effect
EVT415604,2025-11-07 19:41:56,Political Rally,J040,City Market,16056,Weekday,False,Heavy Rain,True,26.8,False,False,1.0,Severe,6.6,77.0,921.6,0.259,0.599,0.863,Heavy rain reducing visibility and grip - reduced speed and longer buffer advised
EVT415605,2025-12-26 20:27:20,Cultural Procession,J023,Basavanagudi,24079,Weekday,True,Fog,False,0.0,False,False,0.948,Severe,10.2,67.2,168.6,0.072,0.166,0.865,Festival crowd surge detected - alternate route and extended cycle recommended
EVT415606,2025-06-26 16:17:11,Local Market Day,J020,Malleshwaram Circle,2639,Weekday,False,Clear,False,0.0,False,False,0.625,High,24.4,37.2,251.8,0.208,0.48,0.963,Moderate traffic flow - standard adaptive signal timing in effect
EVT415607,2025-10-31 08:31:56,Local Market Day,J023,Basavanagudi,2088,Weekday,False,Heavy Rain,True,36.7,False,False,1.0,Severe,6.2,63.6,694.9,0.181,0.419,0.868,Heavy rain reducing visibility and grip - reduced speed and longer buffer advised
EVT415608,2025-10-10 13:15:46,Sports Fixture,J023,Basavanagudi,20162,Weekday,False,Heavy Rain,True,68.9,False,False,0.622,High,25.9,40.8,131.9,0.091,0.21,0.903,Heavy rain reducing visibility and grip - reduced speed and longer buffer advised
EVT415609,2025-04-29 14:48:33,Trade Fair,J040,City Market,10050,Weekday,False,Clear,False,0.0,False,False,0.225,Low,32.0,19.5,144.7,0.123,0.285,0.975,Normal free-flow traffic - standard signal timing maintained
EVT415610,2025-04-07 07:27:43,Fireworks Display,J031,Cubbon Road,23775,Weekday,True,Fog,False,0.0,False,False,0.927,Severe,9.3,67.1,469.8,0.19,0.439,0.895,Festival crowd surge detected - alternate route and extended cycle recommended
EVT415611,2025-02-18 18:40:37,Concert,J031,Cubbon Road,19733,Weekday,False,Clear,False,0.0,False,False,1.0,Severe,9.1,64.7,648.4,0.253,0.584,0.893,Heavy congestion detected - signal timing extended and reroute suggested
EVT415612,2025-01-12 10:37:39,Local Market Day,J023,Basavanagudi,4403,Weekend,False,Clear,False,0.0,False,False,0.611,High,22.2,35.6,179.9,0.118,0.272,0.964,Moderate traffic flow - standard adaptive signal timing in effect
EVT415613,2026-02-13 09:19:25,Concert,J011,Indiranagar 100ft Road,11297,Weekday,False,Clear,False,0.0,False,False,1.0,Severe,9.5,70.6,637.0,0.246,0.569,0.926,Heavy congestion detected - signal timing extended and reroute suggested
EVT415614,2025-09-23 08:11:02,Sports Fixture,J012,Koramangala Sony World,18711,Weekday,False,Clear,False,0.0,False,False,0.904,Severe,12.8,66.9,244.1,0.129,0.297,0.957,Heavy congestion detected - signal timing extended and reroute suggested
EVT415615,2026-06-21 13:34:42,Concert,J012,Koramangala Sony World,10622,Weekend,False,Clear,False,0.0,False,False,0.321,Low,24.9,25.0,184.4,0.138,0.32,0.96,Moderate traffic flow - standard adaptive signal timing in effect
EVT415616,2025-06-26 05:53:11,Concert,J030,MG Road,12233,Weekday,False,Clear,False,0.0,False,False,0.224,Low,30.7,18.1,107.7,0.09,0.208,0.951,Normal free-flow traffic - standard signal timing maintained
EVT415617,2026-05-05 21:07:46,Local Market Day,J009,Majestic,3542,Weekday,False,Clear,False,0.0,False,False,0.331,Low,27.4,24.1,111.9,0.064,0.147,0.935,Moderate traffic flow - standard adaptive signal timing in effect
EVT415618,2026-03-03 21:45:12,Concert,J023,Basavanagudi,20479,Weekday,False,Clear,False,0.0,False,False,0.394,Moderate,29.6,21.7,115.8,0.104,0.24,0.979,Moderate traffic flow - standard adaptive signal timing in effect
EVT415619,2025-08-14 21:45:12,Local Market Day,J040,City Market,3180,Weekday,False,Heavy Rain,True,59.9,False,False,0.561,High,22.9,40.9,259.2,0.156,0.361,0.935,Heavy rain reducing visibility and grip - reduced speed and longer buffer advised
EVT415620,2025-04-19 17:25:09,Sports Fixture,J009,Majestic,11164,Weekend,False,Clear,False,0.0,False,False,0.849,Severe,12.1,59.3,408.1,0.205,0.473,0.924,Heavy congestion detected - signal timing extended and reroute suggested
EVT415621,2025-04-20 21:38:07,Local Market Day,J023,Basavanagudi,7009,Weekend,False,Rain,True,7.8,False,False,0.459,Moderate,22.4,39.1,204.8,0.125,0.289,0.9,Light rain detected - minor speed reduction advised
EVT415622,2025-08-07 19:36:25,Concert,J040,City Market,23215,Weekday,False,Clear,False,0.0,False,False,0.949,Severe,9.5,68.8,472.6,0.173,0.399,0.925,Heavy congestion detected - signal timing extended and reroute suggested
EVT415623,2025-12-01 06:43:52,Sports Fixture,J020,Malleshwaram Circle,24942,Weekday,False,Clear,False,0.0,False,False,0.462,Moderate,31.3,33.9,161.4,0.123,0.284,0.958,Moderate traffic flow - standard adaptive signal timing in effect
EVT415624,2025-09-01 21:28:00,Sports Fixture,J023,Basavanagudi,16861,Weekday,False,Clear,False,0.0,False,False,0.494,Moderate,23.4,32.1,147.1,0.094,0.217,0.961,Moderate traffic flow - standard adaptive signal timing in effect
EVT415625,2025-06-04 09:29:07,Local Market Day,J009,Majestic,4422,Weekday,False,Heavy Rain,True,27.1,False,False,1.0,Severe,7.7,70.2,696.2,0.226,0.522,0.881,Heavy rain reducing visibility and grip - reduced speed and longer buffer advised
EVT415626,2026-03-25 14:38:05,Concert,J011,Indiranagar 100ft Road,8534,Weekday,False,Light Rain,True,1.6,False,False,0.284,Low,25.1,21.1,216.0,0.156,0.36,0.911,Light rain detected - minor speed reduction advised
EVT415627,2025-12-25 21:38:25,Religious Festival,J023,Basavanagudi,38744,Weekday,True,Clear,False,0.0,False,False,0.727,High,17.2,48.6,125.2,0.084,0.194,0.949,Festival crowd surge detected - alternate route and extended cycle recommended
EVT415628,2026-04-25 09:53:20,Sports Fixture,J020,Malleshwaram Circle,39935,Weekend,False,Clear,False,0.0,False,False,0.961,Severe,11.3,66.2,328.6,0.131,0.303,0.939,Heavy congestion detected - signal timing extended and reroute suggested
EVT415629,2025-09-10 15:30:09,Concert,J030,MG Road,17910,Weekday,False,Clear,False,0.0,False,False,0.356,Moderate,35.0,25.2,220.9,0.187,0.432,0.945,Moderate traffic flow - standard adaptive signal timing in effect
EVT415630,2025-02-05 07:59:09,Concert,J020,Malleshwaram Circle,15188,Weekday,False,Clear,False,0.0,False,False,0.906,Severe,10.3,70.5,407.5,0.16,0.369,0.95,Heavy congestion detected - signal timing extended and reroute suggested
EVT415631,2026-05-19 07:09:36,Concert,J012,Koramangala Sony World,12729,Weekday,False,Clear,False,0.0,False,False,0.58,High,27.1,41.7,214.1,0.182,0.421,0.951,Moderate traffic flow - standard adaptive signal timing in effect
EVT415632,2025-05-08 09:06:45,Sports Fixture,J031,Cubbon Road,13388,Weekday,False,Clear,False,0.0,False,False,1.0,Severe,7.8,74.5,634.8,0.188,0.434,0.914,Heavy congestion detected - signal timing extended and reroute suggested
EVT415633,2025-06-20 07:48:30,Trade Fair,J031,Cubbon Road,13241,Weekday,False,Light Rain,True,6.7,False,False,0.843,Severe,14.9,52.6,377.0,0.211,0.487,0.902,Heavy rain reducing visibility and grip - reduced speed and longer buffer advised
EVT415634,2026-02-12 13:43:55,Sports Fixture,J030,MG Road,18925,Weekday,False,Clear,False,0.0,False,False,0.194,Low,38.3,14.8,96.8,0.082,0.189,0.959,Normal free-flow traffic - standard signal timing maintained
EVT415635,2025-03-23 05:15:03,Local Market Day,J020,Malleshwaram Circle,4077,Weekend,False,Clear,False,0.0,False,False,0.226,Low,38.2,15.6,143.0,0.138,0.319,0.983,Normal free-flow traffic - standard signal timing maintained
EVT415636,2025-10-13 12:50:39,Trade Fair,J031,Cubbon Road,14620,Weekday,False,Clear,False,0.0,False,False,0.262,Low,28.9,17.9,182.3,0.133,0.306,0.964,Moderate traffic flow - standard adaptive signal timing in effect
EVT415637,2026-06-22 07:28:18,Concert,J009,Majestic,6127,Weekday,False,Heavy Rain,True,34.4,False,False,0.946,Severe,11.9,71.0,242.3,0.118,0.272,0.898,Heavy rain reducing visibility and grip - reduced speed and longer buffer advised
EVT415638,2026-04-10 14:37:07,Local Market Day,J012,Koramangala Sony World,2887,Weekday,False,Fog,False,0.0,False,False,0.235,Low,29.0,12.2,111.6,0.086,0.199,0.964,Normal free-flow traffic - standard signal timing maintained
EVT415639,2026-05-25 08:14:27,Trade Fair,J020,Malleshwaram Circle,5320,Weekday,False,Clear,False,0.0,False,False,0.912,Severe,10.7,71.8,326.6,0.145,0.335,0.943,Heavy congestion detected - signal timing extended and reroute suggested
EVT415640,2025-12-16 07:12:52,Trade Fair,J023,Basavanagudi,19402,Weekday,False,Clear,False,0.0,False,False,0.584,High,19.6,39.3,238.1,0.145,0.334,0.949,Moderate traffic flow - standard adaptive signal timing in effect
EVT415641,2026-01-07 19:47:35,Political Rally,J012,Koramangala Sony World,32924,Weekday,False,Clear,False,0.0,False,False,1.0,Severe,8.4,70.1,259.5,0.085,0.196,0.937,Heavy congestion detected - signal timing extended and reroute suggested
EVT415642,2025-07-15 13:31:41,Sports Fixture,J009,Majestic,23177,Weekday,False,Clear,False,0.0,False,False,0.309,Low,25.6,25.7,369.2,0.23,0.532,0.976,Moderate traffic flow - standard adaptive signal timing in effect
EVT415643,2025-11-12 23:10:36,Concert,J011,Indiranagar 100ft Road,11513,Weekday,False,Fog,False,0.0,False,False,0.244,Low,27.8,14.0,109.5,0.081,0.187,0.99,Normal free-flow traffic - standard signal timing maintained
EVT415644,2025-11-06 15:04:46,Local Market Day,J030,MG Road,3177,Weekday,False,Fog,False,0.0,False,False,0.314,Low,25.4,23.4,256.2,0.149,0.345,0.957,Moderate traffic flow - standard adaptive signal timing in effect
EVT415645,2025-11-24 21:23:43,Trade Fair,J009,Majestic,6000,Weekday,False,Clear,False,0.0,False,False,0.363,Moderate,28.0,24.2,189.4,0.148,0.342,0.959,Moderate traffic flow - standard adaptive signal timing in effect
EVT415646,2025-07-10 19:42:51,Concert,J011,Indiranagar 100ft Road,11986,Weekday,False,Fog,False,0.0,False,False,0.836,Severe,14.9,58.0,371.1,0.225,0.519,0.936,Heavy congestion detected - signal timing extended and reroute suggested
EVT415647,2025-04-07 19:55:13,Fireworks Display,J030,MG Road,29226,Weekday,True,Clear,False,0.0,False,False,1.0,Severe,9.7,76.2,352.4,0.152,0.35,0.897,Festival crowd surge detected - alternate route and extended cycle recommended
EVT415648,2025-04-17 13:27:20,Concert,J009,Majestic,10387,Weekday,False,Clear,False,0.0,False,False,0.229,Low,29.5,13.2,190.5,0.152,0.35,0.957,Normal free-flow traffic - standard signal timing maintained
EVT415649,2025-08-07 13:40:11,Local Market Day,J020,Malleshwaram Circle,3738,Weekday,False,Heavy Rain,True,27.1,False,False,0.414,Moderate,26.1,29.6,208.3,0.146,0.338,0.915,Light rain detected - minor speed reduction advised
EVT415650,2025-03-02 21:21:00,Sports Fixture,J012,Koramangala Sony World,22259,Weekend,False,Clear,False,0.0,False,False,0.528,Moderate,25.7,35.4,77.9,0.053,0.122,0.975,Moderate traffic flow - standard adaptive signal timing in effect
EVT415651,2025-03-29 16:32:08,Local Market Day,J031,Cubbon Road,4128,Weekend,False,Clear,False,0.0,False,False,0.551,High,21.9,35.9,144.2,0.094,0.217,0.951,Moderate traffic flow - standard adaptive signal timing in effect
EVT415652,2026-03-12 06:54:10,Concert,J031,Cubbon Road,9158,Weekday,False,Clear,False,0.0,False,False,0.376,Moderate,31.7,23.2,140.0,0.113,0.262,0.954,Moderate traffic flow - standard adaptive signal timing in effect
EVT415653,2025-09-12 20:18:52,Sports Fixture,J012,Koramangala Sony World,18291,Weekday,False,Rain,True,15.8,False,False,0.97,Severe,7.7,73.4,678.0,0.207,0.479,0.885,Heavy rain reducing visibility and grip - reduced speed and longer buffer advised
EVT415654,2025-02-09 20:57:23,Concert,J023,Basavanagudi,22507,Weekend,False,Clear,False,0.0,False,False,0.588,High,23.9,40.2,256.9,0.187,0.432,0.988,Moderate traffic flow - standard adaptive signal timing in effect
EVT415655,2026-02-09 09:10:03,Sports Fixture,J030,MG Road,14656,Weekday,False,Clear,False,0.0,False,False,1.0,Severe,9.9,66.8,326.7,0.114,0.263,0.898,Heavy congestion detected - signal timing extended and reroute suggested
EVT415656,2026-04-24 17:20:25,Trade Fair,J020,Malleshwaram Circle,7973,Weekday,False,Clear,False,0.0,False,False,0.871,Severe,9.5,59.0,617.0,0.232,0.537,0.938,Heavy congestion detected - signal timing extended and reroute suggested
EVT415657,2026-06-08 11:47:02,Concert,J031,Cubbon Road,19708,Weekday,False,Clear,False,0.0,False,False,0.425,Moderate,26.6,35.1,167.1,0.125,0.288,0.963,Moderate traffic flow - standard adaptive signal timing in effect
EVT415658,2025-07-19 12:15:56,Local Market Day,J023,Basavanagudi,6936,Weekend,False,Clear,False,0.0,False,False,0.289,Low,32.8,18.5,104.0,0.11,0.255,0.945,Moderate traffic flow - standard adaptive signal timing in effect
EVT415659,2025-09-11 13:08:51,Sports Fixture,J023,Basavanagudi,30531,Weekday,False,Clear,False,0.0,False,False,0.334,Low,32.6,22.7,189.8,0.159,0.367,0.96,Moderate traffic flow - standard adaptive signal timing in effect
EVT415660,2025-04-26 18:59:28,Trade Fair,J011,Indiranagar 100ft Road,9911,Weekend,False,Clear,False,0.0,False,False,1.0,Severe,9.8,76.4,317.6,0.124,0.287,0.887,Heavy congestion detected - signal timing extended and reroute suggested
EVT415661,2025-03-23 08:39:47,Concert,J030,MG Road,9243,Weekend,False,Fog,False,0.0,False,False,0.915,Severe,10.7,61.3,225.8,0.096,0.221,0.928,Heavy congestion detected - signal timing extended and reroute suggested
EVT415662,2025-12-27 18:35:56,Trade Fair,J020,Malleshwaram Circle,10368,Weekend,False,Clear,False,0.0,False,False,0.951,Severe,11.5,67.4,293.5,0.134,0.309,0.918,Heavy congestion detected - signal timing extended and reroute suggested
EVT415663,2026-02-20 20:18:20,Sports Fixture,J009,Majestic,30960,Weekday,False,Clear,False,0.0,False,False,0.746,High,13.5,53.0,490.7,0.239,0.553,0.942,Moderate traffic flow - standard adaptive signal timing in effect
EVT415664,2025-08-15 21:07:17,Religious Festival,J009,Majestic,34924,Weekday,True,Heavy Rain,True,48.7,False,False,1.0,Severe,9.5,73.1,279.9,0.093,0.215,0.8,Festival crowd surge detected - alternate route and extended cycle recommended
EVT415665,2025-09-16 09:01:40,Trade Fair,J040,City Market,8214,Weekday,False,Rain,True,23.5,False,False,1.0,Severe,8.9,72.9,403.7,0.17,0.393,0.846,Heavy rain reducing visibility and grip - reduced speed and longer buffer advised
EVT415666,2026-06-24 18:32:05,Concert,J009,Majestic,23619,Weekday,False,Clear,False,0.0,False,False,1.0,Severe,8.9,74.3,500.9,0.19,0.438,0.918,Heavy congestion detected - signal timing extended and reroute suggested
EVT415667,2025-01-03 22:23:33,Trade Fair,J040,City Market,16230,Weekday,False,Clear,False,0.0,False,False,0.277,Low,34.8,21.9,215.3,0.201,0.464,0.959,Moderate traffic flow - standard adaptive signal timing in effect
EVT415668,2025-08-26 14:53:44,Trade Fair,J040,City Market,10991,Weekday,False,Light Rain,True,5.5,False,False,0.398,Moderate,32.5,25.9,230.6,0.215,0.497,0.914,Light rain detected - minor speed reduction advised
EVT415669,2025-04-28 22:47:21,Political Rally,J009,Majestic,13266,Weekday,False,Light Rain,True,5.1,False,False,0.347,Low,32.6,23.9,67.0,0.063,0.145,0.928,Light rain detected - minor speed reduction advised
EVT415670,2025-02-02 14:37:13,Sports Fixture,J012,Koramangala Sony World,50485,Weekend,False,Clear,False,0.0,False,False,0.563,High,21.1,33.8,244.7,0.148,0.342,0.929,Moderate traffic flow - standard adaptive signal timing in effect
EVT415671,2025-04-21 20:18:25,Trade Fair,J009,Majestic,8164,Weekday,False,Fog,False,0.0,False,False,0.626,High,23.4,47.3,187.8,0.132,0.304,0.971,Moderate traffic flow - standard adaptive signal timing in effect
EVT415672,2026-04-19 13:19:38,Local Market Day,J011,Indiranagar 100ft Road,6861,Weekend,False,Clear,False,0.0,False,False,0.253,Low,28.0,16.1,81.4,0.069,0.158,0.974,Moderate traffic flow - standard adaptive signal timing in effect
EVT415673,2025-12-26 17:41:59,Cultural Procession,J020,Malleshwaram Circle,20272,Weekday,True,Clear,False,0.0,False,True,1.0,Severe,8.0,98.9,655.4,0.215,0.496,0.845,Road closure for event/procession - full detour recommended for through-traffic
EVT415674,2025-02-17 19:21:30,Trade Fair,J009,Majestic,4836,Weekday,False,Clear,False,0.0,False,False,0.964,Severe,10.8,72.8,510.4,0.239,0.553,0.932,Heavy congestion detected - signal timing extended and reroute suggested
EVT415675,2025-01-10 19:18:18,Political Rally,J009,Majestic,22187,Weekday,False,Clear,False,0.0,False,False,1.0,Severe,8.8,75.8,641.7,0.247,0.57,0.931,Heavy congestion detected - signal timing extended and reroute suggested
EVT415676,2025-04-08 18:19:02,Sports Fixture,J020,Malleshwaram Circle,34070,Weekday,False,Heavy Rain,True,25.8,False,False,1.0,Severe,7.9,67.7,746.4,0.26,0.602,0.85,Heavy rain reducing visibility and grip - reduced speed and longer buffer advised
EVT415677,2025-08-13 18:53:43,Concert,J030,MG Road,9197,Weekday,False,Rain,True,22.3,False,False,1.0,Severe,7.8,63.3,775.1,0.245,0.567,0.87,Heavy rain reducing visibility and grip - reduced speed and longer buffer advised
EVT415678,2025-12-27 18:35:42,Trade Fair,J023,Basavanagudi,10058,Weekend,False,Clear,False,0.0,False,False,0.951,Severe,8.6,63.5,703.3,0.236,0.545,0.921,Heavy congestion detected - signal timing extended and reroute suggested
EVT415679,2025-09-29 17:03:55,Trade Fair,J009,Majestic,19957,Weekday,False,Clear,False,0.0,False,False,0.851,Severe,13.5,60.7,345.9,0.184,0.425,0.95,Heavy congestion detected - signal timing extended and reroute suggested
EVT415680,2026-02-07 08:18:28,Sports Fixture,J030,MG Road,25722,Weekend,False,Clear,False,0.0,False,False,0.896,Severe,12.5,59.0,262.1,0.127,0.293,0.946,Heavy congestion detected - signal timing extended and reroute suggested
EVT415681,2026-04-11 09:34:54,Sports Fixture,J040,City Market,17659,Weekend,False,Clear,False,0.0,False,False,0.98,Severe,9.3,72.6,350.5,0.134,0.309,0.94,Heavy congestion detected - signal timing extended and reroute suggested
EVT415682,2025-07-25 18:26:02,Concert,J009,Majestic,8413,Weekday,False,Clear,False,0.0,False,False,1.0,Severe,8.9,72.6,779.0,0.282,0.651,0.906,Heavy congestion detected - signal timing extended and reroute suggested
EVT415683,2025-09-09 08:40:53,Trade Fair,J030,MG Road,10972,Weekday,False,Clear,False,0.0,False,False,1.0,Severe,8.0,65.1,575.9,0.19,0.438,0.927,Heavy congestion detected - signal timing extended and reroute suggested
EVT415684,2025-02-26 18:50:20,Local Market Day,J011,Indiranagar 100ft Road,2903,Weekday,False,Clear,False,0.0,False,False,1.0,Severe,7.9,71.4,679.1,0.24,0.554,0.922,Heavy congestion detected - signal timing extended and reroute suggested
EVT415685,2026-05-23 20:56:14,Local Market Day,J020,Malleshwaram Circle,5477,Weekend,False,Clear,False,0.0,False,False,0.428,Moderate,24.5,33.3,89.2,0.062,0.144,0.976,Moderate traffic flow - standard adaptive signal timing in effect
EVT415686,2025-02-08 11:45:07,Local Market Day,J011,Indiranagar 100ft Road,3128,Weekend,False,Clear,False,0.0,False,False,0.322,Low,37.7,25.8,122.5,0.132,0.306,0.982,Moderate traffic flow - standard adaptive signal timing in effect
EVT415687,2025-10-05 20:12:37,Trade Fair,J040,City Market,10204,Weekend,False,Rain,True,15.4,False,False,0.866,Severe,13.4,62.6,405.7,0.201,0.464,0.904,Heavy rain reducing visibility and grip - reduced speed and longer buffer advised
EVT415688,2026-03-30 14:58:30,Local Market Day,J030,MG Road,2977,Weekday,False,Clear,False,0.0,False,False,0.268,Low,28.6,18.6,87.4,0.073,0.169,0.958,Moderate traffic flow - standard adaptive signal timing in effect
EVT415689,2025-04-24 19:38:44,Political Rally,J031,Cubbon Road,24413,Weekday,False,Clear,False,0.0,False,False,1.0,Severe,8.1,68.7,429.6,0.139,0.32,0.921,Heavy congestion detected - signal timing extended and reroute suggested
EVT415690,2025-12-18 17:27:54,Local Market Day,J009,Majestic,5194,Weekday,False,Clear,False,0.0,False,False,0.835,Severe,14.8,64.5,431.6,0.239,0.552,0.955,Heavy congestion detected - signal timing extended and reroute suggested
EVT415691,2025-07-17 15:59:05,Local Market Day,J030,MG Road,3367,Weekday,False,Clear,False,0.0,False,False,0.342,Low,24.3,20.3,224.2,0.169,0.391,0.948,Moderate traffic flow - standard adaptive signal timing in effect
EVT415692,2025-01-10 08:15:04,Sports Fixture,J020,Malleshwaram Circle,18709,Weekday,False,Light Rain,True,3.0,False,False,1.0,Severe,8.5,67.2,565.2,0.22,0.507,0.882,Heavy rain reducing visibility and grip - reduced speed and longer buffer advised
EVT415693,2026-03-06 13:07:50,Local Market Day,J040,City Market,2073,Weekday,False,Clear,False,0.0,False,False,0.107,Low,37.5,4.5,125.6,0.111,0.255,0.974,Normal free-flow traffic - standard signal timing maintained
EVT415694,2025-02-01 22:57:00,Local Market Day,J020,Malleshwaram Circle,3603,Weekend,False,Clear,False,0.0,False,False,0.215,Low,31.6,16.7,234.7,0.194,0.448,0.952,Normal free-flow traffic - standard signal timing maintained
EVT415695,2025-02-06 18:48:32,Local Market Day,J011,Indiranagar 100ft Road,3336,Weekday,False,Clear,False,0.0,False,False,1.0,Severe,7.0,75.7,993.4,0.281,0.649,0.911,Heavy congestion detected - signal timing extended and reroute suggested
EVT415696,2025-02-28 19:18:00,Local Market Day,J011,Indiranagar 100ft Road,5765,Weekday,False,Clear,False,0.0,False,False,1.0,Severe,10.0,78.1,332.2,0.14,0.323,0.922,Heavy congestion detected - signal timing extended and reroute suggested
EVT415697,2025-02-27 09:48:52,Sports Fixture,J031,Cubbon Road,10940,Weekday,False,Clear,False,0.0,False,False,0.973,Severe,9.3,64.5,485.8,0.186,0.429,0.902,Heavy congestion detected - signal timing extended and reroute suggested
EVT415698,2026-02-17 13:09:06,Local Market Day,J040,City Market,5251,Weekday,False,Clear,False,0.0,False,False,0.154,Low,37.4,11.9,159.9,0.181,0.419,0.954,Normal free-flow traffic - standard signal timing maintained
EVT415699,2025-06-18 07:47:59,Local Market Day,J031,Cubbon Road,5334,Weekday,False,Clear,False,0.0,False,False,0.639,High,17.0,43.7,267.6,0.152,0.35,0.989,Moderate traffic flow - standard adaptive signal timing in effect
EVT415700,2026-04-14 20:16:51,Cultural Procession,J012,Koramangala Sony World,17143,Weekday,True,Clear,False,0.0,False,True,1.0,Severe,10.0,96.9,378.7,0.178,0.412,0.835,Road closure for event/procession - full detour recommended for through-traffic
EVT415701,2026-04-26 18:10:46,Sports Fixture,J011,Indiranagar 100ft Road,20093,Weekend,False,Clear,False,0.0,False,False,0.873,Severe,12.0,60.7,337.6,0.173,0.399,0.937,Heavy congestion detected - signal timing extended and reroute suggested
EVT415702,2025-12-05 09:49:22,Trade Fair,J012,Koramangala Sony World,4935,Weekday,False,Clear,False,0.0,False,False,0.901,Severe,14.5,58.4,286.4,0.149,0.345,0.923,Heavy congestion detected - signal timing extended and reroute suggested
EVT415703,2025-03-15 05:58:32,Cultural Procession,J023,Basavanagudi,17222,Weekend,True,Clear,False,0.0,False,True,0.71,High,13.6,66.4,339.1,0.165,0.382,0.879,Road closure for event/procession - full detour recommended for through-traffic
EVT415704,2025-09-16 13:10:13,Trade Fair,J009,Majestic,10406,Weekday,False,Clear,False,0.0,False,False,0.228,Low,25.7,15.0,261.2,0.174,0.402,0.983,Normal free-flow traffic - standard signal timing maintained
EVT415705,2026-01-01 20:03:31,Religious Festival,J012,Koramangala Sony World,35747,Weekday,True,Clear,False,0.0,False,True,1.0,Severe,8.7,100.3,575.7,0.203,0.468,0.814,Road closure for event/procession - full detour recommended for through-traffic
EVT415706,2025-04-26 14:46:46,Local Market Day,J011,Indiranagar 100ft Road,1945,Weekend,False,Clear,False,0.0,False,False,0.326,Low,18.6,25.1,270.1,0.143,0.33,0.943,Moderate traffic flow - standard adaptive signal timing in effect
EVT415707,2025-01-20 16:53:43,Local Market Day,J031,Cubbon Road,5751,Weekday,False,Clear,False,0.0,False,False,0.67,High,18.6,43.0,220.5,0.135,0.313,0.954,Moderate traffic flow - standard adaptive signal timing in effect
EVT415708,2025-01-13 06:56:36,Concert,J012,Koramangala Sony World,11193,Weekday,False,Clear,False,0.0,False,False,0.463,Moderate,25.4,35.2,100.0,0.056,0.129,0.972,Moderate traffic flow - standard adaptive signal timing in effect
EVT415709,2026-02-22 08:20:40,Local Market Day,J020,Malleshwaram Circle,2994,Weekend,False,Clear,False,0.0,False,False,0.797,Severe,15.6,62.3,145.4,0.07,0.162,0.97,Heavy congestion detected - signal timing extended and reroute suggested
EVT415710,2025-04-04 19:38:24,Sports Fixture,J011,Indiranagar 100ft Road,12481,Weekday,False,Clear,False,0.0,False,False,0.792,Severe,18.3,60.1,233.0,0.153,0.353,0.943,Heavy congestion detected - signal timing extended and reroute suggested
EVT415711,2025-10-08 12:56:59,Local Market Day,J030,MG Road,6152,Weekday,False,Clear,False,0.0,False,False,0.186,Low,29.2,11.2,174.1,0.116,0.268,0.961,Normal free-flow traffic - standard signal timing maintained
EVT415712,2026-05-08 14:09:55,Local Market Day,J040,City Market,3528,Weekday,False,Light Rain,True,2.4,False,False,0.273,Low,35.8,16.8,88.5,0.071,0.165,0.922,Light rain detected - minor speed reduction advised
EVT415713,2025-11-15 19:55:15,Local Market Day,J012,Koramangala Sony World,5195,Weekend,False,Clear,False,0.0,False,False,0.701,High,19.5,56.9,254.7,0.17,0.393,0.944,Moderate traffic flow - standard adaptive signal timing in effect
EVT415714,2025-12-15 17:31:15,Trade Fair,J020,Malleshwaram Circle,5033,Weekday,False,Clear,False,0.0,False,False,0.878,Severe,12.4,62.0,448.5,0.201,0.464,0.94,Heavy congestion detected - signal timing extended and reroute suggested
EVT415715,2026-06-11 17:53:15,Trade Fair,J009,Majestic,7588,Weekday,False,Rain,True,20.8,False,False,1.0,Severe,7.2,65.1,739.4,0.228,0.526,0.845,Heavy rain reducing visibility and grip - reduced speed and longer buffer advised
EVT415716,2026-04-16 21:39:42,Trade Fair,J031,Cubbon Road,6770,Weekday,False,Clear,False,0.0,False,False,0.249,Low,31.3,22.5,191.9,0.173,0.4,0.941,Normal free-flow traffic - standard signal timing maintained
EVT415717,2026-02-14 07:08:18,Concert,J030,MG Road,6581,Weekend,False,Clear,False,0.0,False,False,0.538,Moderate,23.0,37.1,241.8,0.177,0.409,0.967,Moderate traffic flow - standard adaptive signal timing in effect
EVT415718,2026-01-23 17:02:00,Local Market Day,J011,Indiranagar 100ft Road,3088,Weekday,False,Clear,False,0.0,False,False,0.651,High,17.7,44.6,374.0,0.199,0.46,0.95,Moderate traffic flow - standard adaptive signal timing in effect
EVT415719,2026-02-25 19:35:55,Political Rally,J023,Basavanagudi,20562,Weekday,False,Clear,False,0.0,False,False,0.898,Severe,13.1,65.9,533.7,0.263,0.607,0.913,Heavy congestion detected - signal timing extended and reroute suggested
EVT415720,2025-08-03 23:23:51,Political Rally,J040,City Market,13594,Weekend,False,Clear,False,0.0,False,False,0.295,Low,25.2,18.3,86.5,0.053,0.122,0.966,Moderate traffic flow - standard adaptive signal timing in effect
EVT415721,2026-05-09 15:09:17,Political Rally,J009,Majestic,12195,Weekend,False,Clear,False,0.0,False,False,0.355,Moderate,23.8,21.4,179.7,0.135,0.311,0.98,Moderate traffic flow - standard adaptive signal timing in effect
EVT415722,2026-04-21 18:43:23,Trade Fair,J020,Malleshwaram Circle,8001,Weekday,False,Clear,False,0.0,False,False,0.99,Severe,7.6,67.5,360.8,0.125,0.289,0.932,Heavy congestion detected - signal timing extended and reroute suggested
EVT415723,2025-03-21 11:32:08,Trade Fair,J023,Basavanagudi,8616,Weekday,False,Clear,False,0.0,False,False,0.293,Low,32.4,23.3,54.3,0.045,0.103,0.99,Moderate traffic flow - standard adaptive signal timing in effect
EVT415724,2025-04-05 18:54:28,Local Market Day,J023,Basavanagudi,3141,Weekend,False,Clear,False,0.0,False,False,0.846,Severe,10.2,64.6,171.2,0.087,0.201,0.943,Heavy congestion detected - signal timing extended and reroute suggested
EVT415725,2025-08-10 07:36:41,Sports Fixture,J023,Basavanagudi,26512,Weekend,False,Fog,False,0.0,False,False,0.755,Severe,14.3,47.6,405.7,0.211,0.487,0.955,Heavy congestion detected - signal timing extended and reroute suggested
EVT415726,2026-02-26 11:24:17,Concert,J009,Majestic,8738,Weekday,False,Clear,False,0.0,False,False,0.4,Moderate,29.8,35.5,95.1,0.084,0.195,0.941,Moderate traffic flow - standard adaptive signal timing in effect
EVT415727,2026-01-09 19:55:00,Local Market Day,J011,Indiranagar 100ft Road,4104,Weekday,False,Clear,False,0.0,False,False,0.749,High,15.7,56.7,403.8,0.204,0.472,0.987,Moderate traffic flow - standard adaptive signal timing in effect
EVT415728,2026-03-04 22:59:19,Cultural Procession,J023,Basavanagudi,15660,Weekday,True,Clear,False,0.0,False,True,0.593,Moderate,18.3,63.7,387.1,0.24,0.555,0.871,Road closure for event/procession - full detour recommended for through-traffic
EVT415729,2025-10-25 17:28:16,Political Rally,J031,Cubbon Road,18665,Weekend,False,Clear,False,0.0,False,False,0.779,Severe,13.6,58.2,373.1,0.16,0.37,0.96,Heavy congestion detected - signal timing extended and reroute suggested
EVT415730,2025-08-21 19:51:07,Political Rally,J030,MG Road,11188,Weekday,False,Rain,True,21.6,True,False,1.0,Severe,8.3,70.8,341.7,0.134,0.311,0.696,Accident detected nearby - reroute and reduced speed advised
EVT415731,2025-07-15 18:25:14,Concert,J009,Majestic,36182,Weekday,False,Rain,True,12.0,False,False,1.0,Severe,8.6,70.2,417.7,0.167,0.385,0.857,Heavy rain reducing visibility and grip - reduced speed and longer buffer advised
EVT415732,2025-09-06 20:45:27,Religious Festival,J009,Majestic,50329,Weekend,True,Clear,False,0.0,False,True,1.0,Severe,8.1,110.2,844.1,0.296,0.684,0.851,Road closure for event/procession - full detour recommended for through-traffic
EVT415733,2026-04-03 12:32:05,Local Market Day,J031,Cubbon Road,2764,Weekday,False,Fog,False,0.0,False,False,0.23,Low,31.0,15.2,132.4,0.112,0.258,0.962,Normal free-flow traffic - standard signal timing maintained
EVT415734,2025-06-29 19:48:12,Political Rally,J031,Cubbon Road,16938,Weekend,False,Clear,False,0.0,False,False,0.705,High,15.6,51.0,216.5,0.127,0.293,0.976,Moderate traffic flow - standard adaptive signal timing in effect
EVT415735,2026-05-31 19:01:37,Local Market Day,J023,Basavanagudi,1632,Weekend,False,Clear,False,0.0,False,False,0.772,Severe,17.8,57.7,168.2,0.115,0.266,0.966,Heavy congestion detected - signal timing extended and reroute suggested
EVT415736,2025-03-10 07:55:08,Concert,J011,Indiranagar 100ft Road,14004,Weekday,False,Clear,False,0.0,False,False,0.846,Severe,11.6,62.2,238.8,0.1,0.232,0.94,Heavy congestion detected - signal timing extended and reroute suggested
EVT415737,2026-01-07 14:19:46,Local Market Day,J009,Majestic,3929,Weekday,False,Clear,False,0.0,False,False,0.199,Low,37.9,12.1,117.3,0.109,0.251,0.981,Normal free-flow traffic - standard signal timing maintained
EVT415738,2025-10-10 10:04:48,Local Market Day,J011,Indiranagar 100ft Road,3970,Weekday,False,Clear,False,0.0,False,False,0.776,Severe,13.4,55.9,219.2,0.115,0.266,0.982,Heavy congestion detected - signal timing extended and reroute suggested
EVT415739,2026-06-25 19:53:19,Concert,J012,Koramangala Sony World,26857,Weekday,False,Light Rain,True,7.3,False,False,1.0,Severe,9.3,73.4,279.0,0.111,0.257,0.864,Heavy rain reducing visibility and grip - reduced speed and longer buffer advised
EVT415740,2025-01-26 14:50:36,Cultural Procession,J023,Basavanagudi,13481,Weekend,True,Clear,False,0.0,False,True,0.697,Moderate,20.5,66.9,377.8,0.25,0.577,0.875,Road closure for event/procession - full detour recommended for through-traffic
EVT415741,2025-08-02 17:18:32,Sports Fixture,J023,Basavanagudi,13363,Weekend,False,Heavy Rain,True,26.5,False,False,1.0,Severe,7.8,72.0,307.3,0.12,0.277,0.861,Heavy rain reducing visibility and grip - reduced speed and longer buffer advised
EVT415742,2025-08-20 17:41:15,Sports Fixture,J023,Basavanagudi,20274,Weekday,False,Rain,True,10.3,False,False,1.0,Severe,9.7,68.9,410.0,0.165,0.38,0.869,Heavy rain reducing visibility and grip - reduced speed and longer buffer advised
EVT415743,2025-09-01 23:43:21,Trade Fair,J023,Basavanagudi,6773,Weekday,False,Light Rain,True,3.8,False,False,0.316,Low,27.0,22.2,166.2,0.141,0.326,0.902,Light rain detected - minor speed reduction advised
EVT415744,2025-12-03 22:02:27,Trade Fair,J030,MG Road,13199,Weekday,False,Clear,False,0.0,False,False,0.35,Moderate,24.6,25.3,157.6,0.084,0.194,0.965,Moderate traffic flow - standard adaptive signal timing in effect
EVT415745,2025-10-15 09:24:18,Local Market Day,J009,Majestic,2826,Weekday,False,Clear,False,0.0,False,False,0.965,Severe,10.2,68.4,254.5,0.143,0.33,0.939,Heavy congestion detected - signal timing extended and reroute suggested
EVT415746,2025-07-13 12:29:51,Sports Fixture,J020,Malleshwaram Circle,23431,Weekend,False,Clear,False,0.0,False,False,0.339,Low,28.3,26.3,188.5,0.147,0.339,0.929,Moderate traffic flow - standard adaptive signal timing in effect
EVT415747,2025-08-30 16:34:12,Local Market Day,J023,Basavanagudi,2569,Weekend,False,Rain,True,10.7,False,False,0.703,High,20.0,48.3,203.2,0.132,0.306,0.888,Heavy rain reducing visibility and grip - reduced speed and longer buffer advised
EVT415748,2025-11-30 06:39:10,Trade Fair,J011,Indiranagar 100ft Road,8357,Weekend,False,Clear,False,0.0,False,False,0.368,Moderate,32.0,25.3,157.8,0.135,0.311,0.954,Moderate traffic flow - standard adaptive signal timing in effect
EVT415749,2025-01-10 22:32:26,Sports Fixture,J009,Majestic,31906,Weekday,False,Clear,False,0.0,True,False,0.769,Severe,14.9,58.0,407.6,0.185,0.427,0.798,Accident detected nearby - reroute and reduced speed advised
EVT415750,2025-12-12 08:03:12,Trade Fair,J009,Majestic,7255,Weekday,False,Clear,False,0.0,False,False,0.899,Severe,11.4,62.2,300.9,0.136,0.313,0.934,Heavy congestion detected - signal timing extended and reroute suggested
EVT415751,2025-01-31 15:58:24,Political Rally,J009,Majestic,11645,Weekday,False,Clear,False,0.0,False,False,0.494,Moderate,28.5,35.6,168.1,0.131,0.303,0.973,Moderate traffic flow - standard adaptive signal timing in effect
EVT415752,2026-02-12 17:28:33,Local Market Day,J030,MG Road,2498,Weekday,False,Clear,False,0.0,False,False,0.821,Severe,14.4,56.1,427.9,0.227,0.524,0.967,Heavy congestion detected - signal timing extended and reroute suggested
EVT415753,2025-10-15 14:43:35,Sports Fixture,J012,Koramangala Sony World,17652,Weekday,False,Clear,False,0.0,False,False,0.263,Low,31.6,14.6,104.5,0.062,0.143,0.966,Moderate traffic flow - standard adaptive signal timing in effect
EVT415754,2025-07-07 07:47:36,Local Market Day,J040,City Market,6982,Weekday,False,Clear,False,0.0,False,False,0.582,High,29.0,36.4,142.1,0.117,0.27,0.95,Moderate traffic flow - standard adaptive signal timing in effect
EVT415755,2025-12-05 05:39:01,Trade Fair,J020,Malleshwaram Circle,5903,Weekday,False,Clear,False,0.0,False,False,0.28,Low,30.8,23.8,126.4,0.102,0.236,0.961,Moderate traffic flow - standard adaptive signal timing in effect
EVT415756,2025-04-21 09:41:36,Sports Fixture,J023,Basavanagudi,17757,Weekday,False,Clear,False,0.0,False,False,0.958,Severe,10.7,65.7,239.2,0.104,0.24,0.938,Heavy congestion detected - signal timing extended and reroute suggested
EVT415757,2026-03-11 11:47:41,Local Market Day,J023,Basavanagudi,4160,Weekday,False,Clear,False,0.0,False,False,0.265,Low,28.2,21.4,243.9,0.155,0.359,0.99,Moderate traffic flow - standard adaptive signal timing in effect
EVT415758,2026-06-20 17:26:45,Local Market Day,J011,Indiranagar 100ft Road,7530,Weekend,False,Clear,False,0.0,False,False,0.712,High,16.4,49.3,119.2,0.069,0.16,0.939,Moderate traffic flow - standard adaptive signal timing in effect
EVT415759,2026-05-11 14:00:20,Political Rally,J023,Basavanagudi,22330,Weekday,False,Clear,False,0.0,False,False,0.315,Low,28.8,13.2,142.1,0.122,0.281,0.968,Moderate traffic flow - standard adaptive signal timing in effect
EVT415760,2025-07-18 19:18:44,Local Market Day,J023,Basavanagudi,2178,Weekday,False,Clear,False,0.0,False,False,0.988,Severe,6.8,67.4,497.6,0.143,0.33,0.889,Heavy congestion detected - signal timing extended and reroute suggested
EVT415761,2025-08-25 12:08:56,Trade Fair,J040,City Market,7787,Weekday,False,Heavy Rain,True,41.3,False,False,0.492,Moderate,24.9,33.5,146.9,0.114,0.264,0.924,Light rain detected - minor speed reduction advised
EVT415762,2026-04-30 08:37:28,Concert,J030,MG Road,9797,Weekday,False,Clear,False,0.0,False,False,1.0,Severe,9.4,66.0,494.4,0.18,0.416,0.902,Heavy congestion detected - signal timing extended and reroute suggested
EVT415763,2025-12-21 12:31:48,Local Market Day,J020,Malleshwaram Circle,3054,Weekend,False,Fog,False,0.0,False,False,0.251,Low,27.1,17.5,139.7,0.098,0.226,0.99,Moderate traffic flow - standard adaptive signal timing in effect
EVT415764,2025-04-01 15:15:37,Sports Fixture,J009,Majestic,28811,Weekday,False,Rain,True,8.8,False,False,0.504,Moderate,25.2,38.6,295.4,0.223,0.516,0.92,Light rain detected - minor speed reduction advised
EVT415765,2026-02-11 10:34:09,Concert,J009,Majestic,4821,Weekday,False,Clear,False,0.0,False,False,0.538,Moderate,26.0,38.6,100.5,0.062,0.144,0.968,Moderate traffic flow - standard adaptive signal timing in effect
EVT415766,2025-02-20 16:07:57,Sports Fixture,J040,City Market,22188,Weekday,False,Clear,False,0.0,False,False,0.54,Moderate,21.5,37.7,309.5,0.216,0.499,0.962,Moderate traffic flow - standard adaptive signal timing in effect
EVT415767,2026-04-05 08:32:11,Concert,J023,Basavanagudi,6335,Weekend,False,Clear,False,0.0,False,False,0.867,Severe,12.7,63.6,423.7,0.202,0.467,0.923,Heavy congestion detected - signal timing extended and reroute suggested
EVT415768,2025-05-01 20:08:56,Fireworks Display,J012,Koramangala Sony World,27960,Weekday,True,Light Rain,True,5.8,False,False,1.0,Severe,7.4,68.0,196.8,0.104,0.241,0.816,Festival crowd surge detected - alternate route and extended cycle recommended
EVT415769,2025-03-15 21:11:55,Cultural Procession,J030,MG Road,17169,Weekend,True,Clear,False,0.0,False,True,0.857,High,13.0,82.4,576.6,0.289,0.666,0.865,Road closure for event/procession - full detour recommended for through-traffic
EVT415770,2025-02-02 18:39:58,Local Market Day,J023,Basavanagudi,4649,Weekend,False,Clear,False,0.0,False,False,0.797,Severe,16.4,57.0,363.7,0.212,0.49,0.925,Heavy congestion detected - signal timing extended and reroute suggested
EVT415771,2026-05-18 14:14:53,Local Market Day,J012,Koramangala Sony World,5271,Weekday,False,Light Rain,True,1.8,False,False,0.306,Low,33.9,16.3,127.6,0.137,0.317,0.932,Light rain detected - minor speed reduction advised
EVT415772,2025-08-21 13:11:58,Local Market Day,J011,Indiranagar 100ft Road,6721,Weekday,False,Heavy Rain,True,62.5,False,False,0.495,Moderate,30.3,38.5,213.3,0.196,0.452,0.934,Light rain detected - minor speed reduction advised
EVT415773,2026-01-29 18:44:27,Sports Fixture,J040,City Market,58701,Weekday,False,Clear,False,0.0,False,False,1.0,Severe,6.6,70.8,617.9,0.19,0.439,0.901,Heavy congestion detected - signal timing extended and reroute suggested
EVT415774,2025-06-18 19:49:53,Sports Fixture,J012,Koramangala Sony World,26394,Weekday,False,Clear,False,0.0,False,False,0.908,Severe,12.2,64.9,558.5,0.256,0.592,0.934,Heavy congestion detected - signal timing extended and reroute suggested
EVT415775,2026-03-14 09:25:56,Local Market Day,J009,Majestic,3444,Weekend,False,Clear,False,0.0,False,False,0.899,Severe,13.8,72.3,298.7,0.16,0.37,0.935,Heavy congestion detected - signal timing extended and reroute suggested
EVT415776,2026-06-10 12:35:20,Local Market Day,J009,Majestic,3369,Weekday,False,Rain,True,18.7,False,False,0.357,Moderate,26.8,23.3,182.7,0.127,0.293,0.921,Light rain detected - minor speed reduction advised
EVT415777,2025-08-29 10:51:25,Concert,J040,City Market,12960,Weekday,False,Heavy Rain,True,71.4,False,False,0.917,Severe,10.9,67.4,516.6,0.246,0.567,0.879,Heavy rain reducing visibility and grip - reduced speed and longer buffer advised
EVT415778,2025-12-16 16:26:57,Sports Fixture,J012,Koramangala Sony World,41045,Weekday,False,Clear,False,0.0,False,False,0.792,Severe,19.1,54.8,115.3,0.077,0.178,0.955,Heavy congestion detected - signal timing extended and reroute suggested
EVT415779,2026-04-16 21:33:47,Concert,J031,Cubbon Road,14831,Weekday,False,Clear,False,0.0,False,False,0.469,Moderate,20.2,35.2,321.9,0.181,0.418,0.968,Moderate traffic flow - standard adaptive signal timing in effect
EVT415780,2025-03-03 09:21:48,Sports Fixture,J031,Cubbon Road,41353,Weekday,False,Clear,False,0.0,False,False,1.0,Severe,6.7,68.0,444.9,0.153,0.353,0.891,Heavy congestion detected - signal timing extended and reroute suggested
EVT415781,2025-05-03 21:24:35,Local Market Day,J040,City Market,6904,Weekend,False,Clear,False,0.0,False,False,0.39,Moderate,32.8,26.2,176.0,0.178,0.412,0.977,Moderate traffic flow - standard adaptive signal timing in effect
EVT415782,2025-03-10 11:14:24,Local Market Day,J030,MG Road,5801,Weekday,False,Clear,False,0.0,False,False,0.415,Moderate,28.6,31.2,118.7,0.066,0.151,0.961,Moderate traffic flow - standard adaptive signal timing in effect
EVT415783,2026-01-02 16:33:02,Religious Festival,J030,MG Road,49915,Weekday,True,Clear,False,0.0,False,True,1.0,Severe,5.5,93.3,743.7,0.194,0.447,0.821,Road closure for event/procession - full detour recommended for through-traffic
EVT415784,2026-04-05 22:30:21,Sports Fixture,J020,Malleshwaram Circle,14600,Weekend,False,Clear,False,0.0,False,False,0.374,Moderate,31.4,28.6,160.4,0.126,0.29,0.968,Moderate traffic flow - standard adaptive signal timing in effect
EVT415785,2025-09-16 05:36:19,Concert,J012,Koramangala Sony World,17034,Weekday,False,Clear,False,0.0,False,False,0.348,Low,27.6,26.6,147.9,0.102,0.236,0.977,Moderate traffic flow - standard adaptive signal timing in effect
EVT415786,2025-12-12 09:17:49,Concert,J040,City Market,12320,Weekday,False,Clear,False,0.0,False,False,1.0,Severe,8.2,78.4,418.5,0.155,0.358,0.91,Heavy congestion detected - signal timing extended and reroute suggested
EVT415787,2026-06-08 09:18:06,Local Market Day,J011,Indiranagar 100ft Road,3924,Weekday,False,Heavy Rain,True,50.7,False,False,1.0,Severe,9.2,71.5,450.8,0.172,0.397,0.855,Heavy rain reducing visibility and grip - reduced speed and longer buffer advised
EVT415788,2025-08-26 16:08:02,Sports Fixture,J009,Majestic,27145,Weekday,False,Rain,True,16.4,False,False,0.734,High,17.8,51.9,332.2,0.178,0.412,0.917,Heavy rain reducing visibility and grip - reduced speed and longer buffer advised
EVT415789,2025-03-01 10:28:48,Local Market Day,J012,Koramangala Sony World,2524,Weekend,False,Clear,False,0.0,False,False,0.551,High,19.3,38.5,245.0,0.142,0.328,0.955,Moderate traffic flow - standard adaptive signal timing in effect
EVT415790,2025-07-19 16:28:34,Political Rally,J040,City Market,16955,Weekend,False,Fog,False,0.0,False,False,0.578,High,25.2,46.8,202.9,0.15,0.346,0.987,Moderate traffic flow - standard adaptive signal timing in effect
EVT415791,2026-03-16 10:51:55,Local Market Day,J011,Indiranagar 100ft Road,4016,Weekday,False,Clear,False,0.0,False,False,0.534,Moderate,26.9,38.2,151.2,0.108,0.249,0.953,Moderate traffic flow - standard adaptive signal timing in effect
EVT415792,2025-05-30 17:10:28,Local Market Day,J020,Malleshwaram Circle,4369,Weekday,False,Rain,True,14.7,False,False,0.956,Severe,9.8,66.2,723.6,0.267,0.616,0.873,Heavy rain reducing visibility and grip - reduced speed and longer buffer advised
EVT415793,2025-08-28 21:52:03,Religious Festival,J031,Cubbon Road,55641,Weekday,True,Clear,False,0.0,False,True,0.993,Severe,9.4,106.6,588.8,0.212,0.489,0.84,Road closure for event/procession - full detour recommended for through-traffic
EVT415794,2026-01-01 09:45:47,Cultural Procession,J011,Indiranagar 100ft Road,16643,Weekday,True,Clear,False,0.0,False,False,1.0,Severe,7.9,67.9,378.3,0.131,0.302,0.854,Festival crowd surge detected - alternate route and extended cycle recommended
EVT415795,2026-01-14 22:57:00,Cultural Procession,J011,Indiranagar 100ft Road,32411,Weekday,True,Clear,False,0.0,False,True,0.787,High,14.0,82.5,431.4,0.209,0.483,0.885,Road closure for event/procession - full detour recommended for through-traffic
EVT415796,2025-04-12 08:57:54,Concert,J020,Malleshwaram Circle,7046,Weekend,False,Clear,False,0.0,False,False,0.919,Severe,11.5,69.2,379.7,0.164,0.378,0.927,Heavy congestion detected - signal timing extended and reroute suggested
EVT415797,2025-08-22 18:13:02,Local Market Day,J023,Basavanagudi,5134,Weekday,False,Clear,False,0.0,False,False,0.987,Severe,9.3,70.9,607.0,0.211,0.489,0.916,Heavy congestion detected - signal timing extended and reroute suggested
EVT415798,2026-05-09 18:50:33,Sports Fixture,J023,Basavanagudi,18750,Weekend,False,Light Rain,True,1.3,False,False,0.953,Severe,10.3,62.9,380.0,0.17,0.392,0.857,Heavy rain reducing visibility and grip - reduced speed and longer buffer advised
EVT415799,2025-04-10 10:21:43,Trade Fair,J020,Malleshwaram Circle,9343,Weekday,False,Clear,False,0.0,False,False,0.758,Severe,17.6,60.6,333.1,0.216,0.498,0.959,Heavy congestion detected - signal timing extended and reroute suggested
EVT415800,2025-02-08 09:15:01,Local Market Day,J023,Basavanagudi,7441,Weekend,False,Clear,False,0.0,False,False,0.88,Severe,11.7,67.9,314.0,0.153,0.354,0.92,Heavy congestion detected - signal timing extended and reroute suggested
EVT415801,2026-05-01 00:52:36,Cultural Procession,J040,City Market,43055,Weekday,True,Clear,False,0.0,False,True,0.847,High,12.9,83.4,533.9,0.262,0.606,0.869,Road closure for event/procession - full detour recommended for through-traffic
EVT415802,2025-05-08 09:15:39,Local Market Day,J020,Malleshwaram Circle,4480,Weekday,False,Clear,False,0.0,False,False,1.0,Severe,7.8,70.4,257.2,0.099,0.228,0.917,Heavy congestion detected - signal timing extended and reroute suggested
EVT415803,2025-04-26 08:25:31,Concert,J031,Cubbon Road,14804,Weekend,False,Clear,False,0.0,False,False,0.879,Severe,11.4,61.4,543.0,0.217,0.502,0.944,Heavy congestion detected - signal timing extended and reroute suggested
EVT415804,2025-12-11 08:29:17,Local Market Day,J031,Cubbon Road,4283,Weekday,False,Clear,False,0.0,False,False,0.917,Severe,9.3,64.9,318.8,0.129,0.299,0.926,Heavy congestion detected - signal timing extended and reroute suggested
EVT415805,2026-03-30 10:22:13,Sports Fixture,J023,Basavanagudi,16003,Weekday,False,Clear,False,0.0,False,False,0.771,Severe,15.3,60.6,472.1,0.248,0.574,0.973,Heavy congestion detected - signal timing extended and reroute suggested
EVT415806,2025-11-11 15:26:48,Local Market Day,J031,Cubbon Road,5280,Weekday,False,Light Rain,True,5.5,False,False,0.485,Moderate,23.6,37.2,288.7,0.216,0.499,0.928,Light rain detected - minor speed reduction advised
EVT415807,2025-04-04 07:26:32,Trade Fair,J023,Basavanagudi,8492,Weekday,False,Clear,False,0.0,False,False,0.57,High,26.9,42.0,197.6,0.177,0.409,0.954,Moderate traffic flow - standard adaptive signal timing in effect
EVT415808,2025-06-01 22:04:17,Local Market Day,J030,MG Road,3867,Weekend,False,Heavy Rain,True,25.9,False,False,0.559,High,23.6,43.8,222.3,0.165,0.38,0.896,Heavy rain reducing visibility and grip - reduced speed and longer buffer advised
EVT415809,2025-10-27 10:53:17,Concert,J009,Majestic,9863,Weekday,False,Clear,False,0.0,False,False,0.511,Moderate,26.9,34.3,121.8,0.082,0.19,0.981,Moderate traffic flow - standard adaptive signal timing in effect
EVT415810,2025-03-11 17:04:55,Trade Fair,J009,Majestic,6879,Weekday,False,Clear,False,0.0,False,False,0.81,Severe,13.8,56.5,253.7,0.11,0.255,0.965,Heavy congestion detected - signal timing extended and reroute suggested
EVT415811,2025-06-13 06:12:10,Concert,J040,City Market,9550,Weekday,False,Clear,False,0.0,False,False,0.327,Low,27.8,24.1,152.8,0.113,0.261,0.954,Moderate traffic flow - standard adaptive signal timing in effect
EVT415812,2025-01-08 19:20:36,Concert,J040,City Market,12815,Weekday,False,Clear,False,0.0,False,False,0.953,Severe,8.9,72.8,558.2,0.188,0.434,0.912,Heavy congestion detected - signal timing extended and reroute suggested
EVT415813,2025-04-26 11:13:04,Local Market Day,J031,Cubbon Road,3973,Weekend,False,Clear,False,0.0,False,False,0.342,Low,40.6,23.5,162.2,0.165,0.382,0.966,Moderate traffic flow - standard adaptive signal timing in effect
EVT415814,2025-02-02 17:21:15,Local Market Day,J040,City Market,3549,Weekend,False,Clear,False,0.0,False,False,0.767,Severe,15.3,51.0,187.7,0.116,0.267,0.954,Heavy congestion detected - signal timing extended and reroute suggested
EVT415815,2026-04-14 20:05:42,Cultural Procession,J030,MG Road,31542,Weekday,True,Clear,False,0.0,False,False,1.0,Severe,7.6,69.4,567.5,0.177,0.408,0.848,Festival crowd surge detected - alternate route and extended cycle recommended
EVT415816,2025-07-10 19:30:30,Sports Fixture,J012,Koramangala Sony World,34885,Weekday,False,Fog,False,0.0,False,False,1.0,Severe,6.5,60.9,407.6,0.122,0.282,0.917,Heavy congestion detected - signal timing extended and reroute suggested
EVT415817,2025-09-02 14:26:04,Trade Fair,J009,Majestic,5314,Weekday,False,Heavy Rain,True,33.5,False,False,0.543,Moderate,15.6,39.4,161.8,0.079,0.182,0.899,Light rain detected - minor speed reduction advised
EVT415818,2025-10-26 20:30:05,Concert,J023,Basavanagudi,11157,Weekend,False,Clear,False,0.0,False,False,0.566,High,19.9,35.1,164.4,0.087,0.202,0.963,Moderate traffic flow - standard adaptive signal timing in effect
EVT415819,2026-05-31 17:42:35,Political Rally,J031,Cubbon Road,28779,Weekend,False,Fog,False,0.0,False,False,0.913,Severe,11.1,62.9,525.2,0.226,0.522,0.966,Heavy congestion detected - signal timing extended and reroute suggested
EVT415820,2026-02-25 06:13:17,Political Rally,J030,MG Road,18855,Weekday,False,Clear,False,0.0,False,False,0.341,Low,31.6,23.4,197.0,0.165,0.381,0.953,Moderate traffic flow - standard adaptive signal timing in effect
EVT415821,2025-09-21 12:53:09,Sports Fixture,J023,Basavanagudi,14554,Weekend,False,Clear,False,0.0,False,False,0.371,Moderate,20.3,28.0,188.2,0.105,0.243,0.971,Moderate traffic flow - standard adaptive signal timing in effect
EVT415822,2025-10-19 19:52:13,Sports Fixture,J031,Cubbon Road,17302,Weekend,False,Clear,False,0.0,False,False,0.792,Severe,12.3,55.1,509.2,0.226,0.522,0.963,Heavy congestion detected - signal timing extended and reroute suggested
EVT415823,2025-10-23 07:39:57,Local Market Day,J020,Malleshwaram Circle,4935,Weekday,False,Clear,False,0.0,False,False,0.698,High,16.3,51.0,126.2,0.07,0.161,0.963,Moderate traffic flow - standard adaptive signal timing in effect
EVT415824,2025-01-04 08:42:03,Concert,J030,MG Road,8565,Weekend,False,Clear,False,0.0,False,False,0.912,Severe,10.0,63.3,168.3,0.07,0.161,0.918,Heavy congestion detected - signal timing extended and reroute suggested
EVT415825,2026-04-01 10:56:02,Political Rally,J031,Cubbon Road,10042,Weekday,False,Clear,False,0.0,False,False,0.528,Moderate,25.4,33.9,277.7,0.179,0.414,0.939,Moderate traffic flow - standard adaptive signal timing in effect
EVT415826,2026-02-07 11:04:37,Local Market Day,J040,City Market,3396,Weekend,False,Clear,False,0.0,False,False,0.432,Moderate,25.5,30.6,135.4,0.105,0.242,0.962,Moderate traffic flow - standard adaptive signal timing in effect
EVT415827,2025-06-02 15:06:20,Sports Fixture,J012,Koramangala Sony World,12418,Weekday,False,Clear,False,0.0,False,False,0.361,Moderate,30.1,22.1,102.2,0.084,0.193,0.99,Moderate traffic flow - standard adaptive signal timing in effect
EVT415828,2025-11-09 08:15:37,Concert,J012,Koramangala Sony World,6593,Weekend,False,Rain,True,12.3,False,False,0.872,Severe,11.4,53.0,504.3,0.226,0.522,0.897,Heavy rain reducing visibility and grip - reduced speed and longer buffer advised
EVT415829,2025-03-11 17:19:01,Sports Fixture,J023,Basavanagudi,27892,Weekday,False,Clear,False,0.0,False,False,1.0,Severe,8.1,63.0,606.3,0.203,0.469,0.897,Heavy congestion detected - signal timing extended and reroute suggested
EVT415830,2025-09-08 16:29:59,Local Market Day,J040,City Market,3849,Weekday,False,Clear,False,0.0,False,False,0.559,High,22.4,45.8,200.4,0.123,0.283,0.935,Moderate traffic flow - standard adaptive signal timing in effect
EVT415831,2025-08-23 13:55:49,Trade Fair,J012,Koramangala Sony World,6959,Weekend,False,Rain,True,7.6,False,False,0.354,Moderate,30.8,21.4,171.4,0.145,0.335,0.923,Light rain detected - minor speed reduction advised
EVT415832,2026-05-12 19:00:19,Local Market Day,J040,City Market,5341,Weekday,False,Clear,False,0.0,False,False,1.0,Severe,7.9,75.2,724.3,0.24,0.553,0.932,Heavy congestion detected - signal timing extended and reroute suggested
EVT415833,2025-12-31 18:53:07,Local Market Day,J009,Majestic,3730,Weekday,False,Fog,False,0.0,False,False,1.0,Severe,7.0,68.1,736.6,0.22,0.508,0.924,Heavy congestion detected - signal timing extended and reroute suggested
EVT415834,2025-01-14 21:57:27,Cultural Procession,J040,City Market,32570,Weekday,True,Fog,False,0.0,False,False,0.684,High,16.8,52.1,236.9,0.139,0.32,0.895,Festival crowd surge detected - alternate route and extended cycle recommended
EVT415835,2025-01-12 20:27:50,Concert,J023,Basavanagudi,19156,Weekend,False,Fog,False,0.0,False,False,0.564,High,22.5,32.6,184.4,0.131,0.303,0.966,Moderate traffic flow - standard adaptive signal timing in effect
EVT415836,2026-05-15 19:46:43,Trade Fair,J040,City Market,16758,Weekday,False,Clear,False,0.0,False,False,0.92,Severe,11.0,61.9,550.9,0.231,0.535,0.929,Heavy congestion detected - signal timing extended and reroute suggested
EVT415837,2025-09-17 09:04:51,Concert,J011,Indiranagar 100ft Road,9362,Weekday,False,Clear,False,0.0,False,False,1.0,Severe,8.9,73.6,552.7,0.184,0.424,0.892,Heavy congestion detected - signal timing extended and reroute suggested
EVT415838,2025-05-22 17:14:56,Local Market Day,J009,Majestic,3179,Weekday,False,Rain,True,10.0,False,False,0.945,Severe,9.9,67.1,372.4,0.152,0.352,0.886,Heavy rain reducing visibility and grip - reduced speed and longer buffer advised
EVT415839,2025-11-18 17:31:23,Local Market Day,J040,City Market,5703,Weekday,False,Clear,False,0.0,False,False,0.852,Severe,15.4,62.9,306.4,0.176,0.407,0.954,Heavy congestion detected - signal timing extended and reroute suggested
EVT415840,2025-09-28 11:58:01,Sports Fixture,J031,Cubbon Road,17601,Weekend,False,Heavy Rain,True,50.0,False,False,0.727,High,20.4,59.9,309.8,0.221,0.511,0.916,Heavy rain reducing visibility and grip - reduced speed and longer buffer advised
EVT415841,2025-01-07 22:01:48,Concert,J009,Majestic,7997,Weekday,False,Clear,False,0.0,False,False,0.209,Low,29.2,12.4,136.3,0.105,0.243,0.951,Normal free-flow traffic - standard signal timing maintained
EVT415842,2025-06-02 23:01:19,Concert,J012,Koramangala Sony World,9352,Weekday,False,Clear,False,0.0,False,False,0.219,Low,27.2,17.3,118.3,0.086,0.199,0.974,Normal free-flow traffic - standard signal timing maintained
EVT415843,2026-01-27 16:22:27,Religious Festival,J009,Majestic,36074,Weekday,True,Clear,False,0.0,False,True,1.0,Severe,8.2,97.3,607.5,0.202,0.466,0.837,Road closure for event/procession - full detour recommended for through-traffic
EVT415844,2026-05-04 19:32:13,Sports Fixture,J012,Koramangala Sony World,27576,Weekday,False,Clear,False,0.0,False,False,1.0,Severe,9.2,68.3,574.4,0.207,0.478,0.895,Heavy congestion detected - signal timing extended and reroute suggested
EVT415845,2026-05-23 17:04:13,Concert,J030,MG Road,14587,Weekend,False,Clear,False,0.0,False,False,0.719,High,14.1,58.2,416.9,0.181,0.418,0.962,Moderate traffic flow - standard adaptive signal timing in effect
EVT415846,2026-01-01 19:55:15,Religious Festival,J023,Basavanagudi,38651,Weekday,True,Clear,False,0.0,False,True,1.0,Severe,7.4,100.0,443.0,0.156,0.361,0.817,Road closure for event/procession - full detour recommended for through-traffic
EVT415847,2025-08-06 19:05:51,Trade Fair,J011,Indiranagar 100ft Road,12353,Weekday,False,Rain,True,17.3,False,False,1.0,Severe,8.0,68.0,1000.2,0.3,0.692,0.88,Heavy rain reducing visibility and grip - reduced speed and longer buffer advised
EVT415848,2025-06-11 00:46:14,Local Market Day,J011,Indiranagar 100ft Road,4711,Weekday,False,Heavy Rain,True,31.7,False,False,0.502,Moderate,26.4,35.2,218.1,0.178,0.411,0.929,Light rain detected - minor speed reduction advised
EVT415849,2025-06-18 20:02:27,Sports Fixture,J040,City Market,28470,Weekday,False,Clear,False,0.0,False,False,0.875,Severe,14.4,62.0,208.8,0.098,0.225,0.927,Heavy congestion detected - signal timing extended and reroute suggested
EVT415850,2026-04-05 21:19:33,Sports Fixture,J023,Basavanagudi,21124,Weekend,False,Rain,True,20.4,False,False,0.642,High,21.6,42.5,250.2,0.158,0.365,0.902,Heavy rain reducing visibility and grip - reduced speed and longer buffer advised
EVT415851,2025-04-09 18:08:44,Concert,J030,MG Road,10936,Weekday,False,Clear,False,0.0,True,False,1.0,Severe,8.1,73.3,559.7,0.191,0.442,0.745,Accident detected nearby - reroute and reduced speed advised
EVT415852,2026-02-05 20:51:35,Sports Fixture,J031,Cubbon Road,15485,Weekday,False,Clear,False,0.0,False,False,0.496,Moderate,22.9,35.5,268.0,0.18,0.416,0.971,Moderate traffic flow - standard adaptive signal timing in effect
EVT415853,2026-06-24 12:23:05,Concert,J011,Indiranagar 100ft Road,7298,Weekday,False,Clear,False,0.0,False,False,0.18,Low,34.3,11.8,54.2,0.039,0.09,0.949,Normal free-flow traffic - standard signal timing maintained
EVT415854,2025-12-21 18:42:12,Concert,J030,MG Road,14121,Weekend,False,Fog,False,0.0,False,False,1.0,Severe,10.1,64.2,210.6,0.092,0.213,0.909,Heavy congestion detected - signal timing extended and reroute suggested
EVT415855,2025-08-15 21:15:01,Religious Festival,J031,Cubbon Road,53178,Weekday,True,Rain,True,8.2,False,False,0.964,Severe,9.9,68.0,527.5,0.216,0.498,0.807,Festival crowd surge detected - alternate route and extended cycle recommended
EVT415856,2025-04-29 18:31:27,Trade Fair,J020,Malleshwaram Circle,15596,Weekday,False,Clear,False,0.0,False,False,1.0,Severe,8.5,68.6,764.8,0.255,0.588,0.924,Heavy congestion detected - signal timing extended and reroute suggested
EVT415857,2025-07-19 17:47:28,Concert,J020,Malleshwaram Circle,9708,Weekend,False,Clear,False,0.0,False,False,0.807,Severe,14.8,55.1,339.2,0.18,0.417,0.977,Heavy congestion detected - signal timing extended and reroute suggested
EVT415858,2025-08-17 09:06:06,Local Market Day,J030,MG Road,2143,Weekend,False,Heavy Rain,True,42.5,False,False,1.0,Severe,9.2,71.4,445.1,0.194,0.447,0.846,Heavy rain reducing visibility and grip - reduced speed and longer buffer advised
EVT415859,2026-03-24 06:54:05,Trade Fair,J012,Koramangala Sony World,22445,Weekday,False,Clear,False,0.0,False,False,0.45,Moderate,27.2,29.7,175.7,0.139,0.32,0.958,Moderate traffic flow - standard adaptive signal timing in effect
EVT415860,2025-07-23 20:41:11,Local Market Day,J009,Majestic,3150,Weekday,False,Clear,False,0.0,False,False,0.49,Moderate,22.5,38.9,221.2,0.163,0.377,0.974,Moderate traffic flow - standard adaptive signal timing in effect
EVT415861,2025-04-06 09:38:29,Religious Festival,J009,Majestic,43579,Weekend,True,Clear,False,0.0,False,True,1.0,Severe,7.9,106.1,271.5,0.097,0.223,0.83,Road closure for event/procession - full detour recommended for through-traffic
EVT415862,2026-06-21 16:58:02,Local Market Day,J011,Indiranagar 100ft Road,5906,Weekend,False,Heavy Rain,True,27.6,False,False,0.892,Severe,12.8,66.5,170.0,0.076,0.175,0.913,Heavy rain reducing visibility and grip - reduced speed and longer buffer advised
EVT415863,2025-06-25 09:10:15,Trade Fair,J009,Majestic,8302,Weekday,False,Clear,False,0.0,False,False,1.0,Severe,8.1,74.4,592.9,0.193,0.445,0.929,Heavy congestion detected - signal timing extended and reroute suggested
EVT415864,2025-12-23 12:54:25,Concert,J031,Cubbon Road,12326,Weekday,False,Clear,False,0.0,False,False,0.225,Low,31.8,16.0,160.6,0.124,0.286,0.958,Normal free-flow traffic - standard signal timing maintained
EVT415865,2025-10-26 14:47:55,Trade Fair,J012,Koramangala Sony World,16347,Weekend,False,Clear,False,0.0,False,False,0.363,Moderate,34.6,29.9,149.3,0.132,0.306,0.986,Moderate traffic flow - standard adaptive signal timing in effect
EVT415866,2025-05-27 09:00:59,Local Market Day,J020,Malleshwaram Circle,3627,Weekday,False,Clear,False,0.0,False,False,1.0,Severe,8.6,67.0,726.9,0.238,0.549,0.93,Heavy congestion detected - signal timing extended and reroute suggested
EVT415867,2025-09-18 10:57:39,Concert,J023,Basavanagudi,24010,Weekday,False,Rain,True,18.4,False,False,0.817,Severe,14.5,54.1,341.5,0.182,0.42,0.917,Heavy rain reducing visibility and grip - reduced speed and longer buffer advised
EVT415868,2025-02-02 09:49:34,Sports Fixture,J030,MG Road,14746,Weekend,False,Clear,False,0.0,False,False,0.919,Severe,11.1,69.4,409.3,0.176,0.407,0.899,Heavy congestion detected - signal timing extended and reroute suggested
EVT415869,2025-02-22 16:42:43,Trade Fair,J020,Malleshwaram Circle,8260,Weekend,False,Clear,False,0.0,False,False,0.59,High,18.8,42.2,466.2,0.272,0.629,0.967,Moderate traffic flow - standard adaptive signal timing in effect
EVT415870,2025-07-13 21:26:26,Local Market Day,J012,Koramangala Sony World,4017,Weekend,False,Heavy Rain,True,45.6,False,False,0.762,Severe,13.7,51.9,213.7,0.111,0.257,0.893,Heavy rain reducing visibility and grip - reduced speed and longer buffer advised
EVT415871,2025-02-13 18:42:41,Sports Fixture,J031,Cubbon Road,22670,Weekday,False,Fog,False,0.0,False,False,1.0,Severe,8.2,68.9,346.4,0.139,0.322,0.938,Heavy congestion detected - signal timing extended and reroute suggested
EVT415872,2025-05-16 18:45:20,Concert,J009,Majestic,11397,Weekday,False,Clear,False,0.0,False,False,1.0,Severe,9.9,67.7,262.0,0.105,0.243,0.91,Heavy congestion detected - signal timing extended and reroute suggested
EVT415873,2025-05-21 17:33:49,Political Rally,J031,Cubbon Road,11823,Weekday,False,Clear,False,0.0,False,False,0.94,Severe,10.6,66.5,355.8,0.13,0.299,0.942,Heavy congestion detected - signal timing extended and reroute suggested
EVT415874,2026-03-11 17:02:23,Concert,J009,Majestic,8828,Weekday,False,Clear,False,0.0,False,False,0.76,Severe,16.4,48.9,285.7,0.16,0.369,0.961,Heavy congestion detected - signal timing extended and reroute suggested
EVT415875,2026-01-07 18:57:00,Sports Fixture,J030,MG Road,27461,Weekday,False,Clear,False,0.0,False,False,1.0,Severe,9.5,69.9,383.2,0.156,0.36,0.907,Heavy congestion detected - signal timing extended and reroute suggested
EVT415876,2026-05-02 11:28:28,Fireworks Display,J030,MG Road,23972,Weekend,True,Clear,False,0.0,False,False,0.688,High,18.8,52.9,261.8,0.149,0.345,0.923,Festival crowd surge detected - alternate route and extended cycle recommended
EVT415877,2025-09-01 09:48:50,Trade Fair,J023,Basavanagudi,12472,Weekday,False,Clear,False,0.0,False,False,0.948,Severe,10.8,65.9,601.6,0.254,0.587,0.958,Heavy congestion detected - signal timing extended and reroute suggested
EVT415878,2025-04-21 08:26:17,Concert,J040,City Market,19259,Weekday,False,Rain,True,12.7,False,False,1.0,Severe,8.6,67.1,539.0,0.188,0.435,0.857,Heavy rain reducing visibility and grip - reduced speed and longer buffer advised
EVT415879,2025-11-21 14:17:33,Local Market Day,J011,Indiranagar 100ft Road,2732,Weekday,False,Clear,False,0.0,False,False,0.12,Low,34.5,7.1,107.3,0.085,0.196,0.976,Normal free-flow traffic - standard signal timing maintained
EVT415880,2025-10-02 15:13:29,Religious Festival,J030,MG Road,22801,Weekday,True,Clear,False,0.0,False,False,0.611,High,23.8,38.3,106.6,0.082,0.19,0.918,Festival crowd surge detected - alternate route and extended cycle recommended
EVT415881,2026-01-07 15:04:20,Concert,J030,MG Road,8210,Weekday,False,Clear,False,0.0,False,False,0.241,Low,29.5,19.0,152.9,0.12,0.277,0.964,Normal free-flow traffic - standard signal timing maintained
EVT415882,2025-11-06 10:24:11,Local Market Day,J011,Indiranagar 100ft Road,4600,Weekday,False,Clear,False,0.0,False,False,0.655,High,18.3,47.8,283.5,0.166,0.384,0.933,Moderate traffic flow - standard adaptive signal timing in effect
EVT415883,2025-07-29 08:38:43,Concert,J009,Majestic,8765,Weekday,False,Rain,True,16.4,False,False,1.0,Severe,6.1,72.0,705.4,0.178,0.412,0.869,Heavy rain reducing visibility and grip - reduced speed and longer buffer advised
EVT415884,2026-06-15 19:24:26,Sports Fixture,J023,Basavanagudi,27996,Weekday,False,Heavy Rain,True,36.9,False,False,1.0,Severe,8.3,75.3,936.5,0.304,0.703,0.87,Heavy rain reducing visibility and grip - reduced speed and longer buffer advised
EVT415885,2025-07-02 12:56:00,Local Market Day,J030,MG Road,2257,Weekday,False,Clear,False,0.0,False,False,0.118,Low,37.4,15.3,146.1,0.151,0.348,0.951,Normal free-flow traffic - standard signal timing maintained
EVT415886,2025-08-19 08:31:17,Political Rally,J012,Koramangala Sony World,20378,Weekday,False,Heavy Rain,True,51.8,False,False,1.0,Severe,10.2,69.9,418.0,0.179,0.413,0.852,Heavy rain reducing visibility and grip - reduced speed and longer buffer advised
EVT415887,2025-08-19 20:18:44,Concert,J011,Indiranagar 100ft Road,9398,Weekday,False,Heavy Rain,True,84.4,False,False,0.986,Severe,8.5,69.6,365.4,0.142,0.327,0.844,Heavy rain reducing visibility and grip - reduced speed and longer buffer advised
EVT415888,2025-01-16 18:21:18,Trade Fair,J031,Cubbon Road,8515,Weekday,False,Clear,False,0.0,False,False,1.0,Severe,8.7,71.3,451.5,0.181,0.418,0.892,Heavy congestion detected - signal timing extended and reroute suggested
EVT415889,2026-04-05 18:01:02,Sports Fixture,J012,Koramangala Sony World,27406,Weekend,False,Rain,True,12.9,False,False,1.0,Severe,9.4,67.9,384.8,0.169,0.391,0.866,Heavy rain reducing visibility and grip - reduced speed and longer buffer advised
EVT415890,2026-05-24 20:53:49,Local Market Day,J012,Koramangala Sony World,4818,Weekend,False,Clear,False,0.0,False,False,0.436,Moderate,24.8,29.8,139.1,0.086,0.198,0.985,Moderate traffic flow - standard adaptive signal timing in effect
EVT415891,2025-12-28 10:48:05,Political Rally,J030,MG Road,16656,Weekend,False,Clear,False,0.0,False,False,0.594,High,25.0,41.8,137.7,0.121,0.28,0.969,Moderate traffic flow - standard adaptive signal timing in effect
EVT415892,2025-01-21 17:10:03,Trade Fair,J040,City Market,9465,Weekday,False,Clear,False,0.0,False,False,0.702,High,16.8,47.2,174.7,0.097,0.224,0.936,Moderate traffic flow - standard adaptive signal timing in effect
EVT415893,2026-03-17 08:52:53,Political Rally,J040,City Market,27488,Weekday,False,Clear,False,0.0,False,False,1.0,Severe,8.2,72.4,395.8,0.139,0.32,0.916,Heavy congestion detected - signal timing extended and reroute suggested
EVT415894,2025-01-27 21:27:08,Cultural Procession,J031,Cubbon Road,31670,Weekday,True,Light Rain,True,2.4,False,True,0.871,High,16.6,92.2,220.2,0.14,0.323,0.805,Road closure for event/procession - full detour recommended for through-traffic
EVT415895,2025-12-19 09:14:11,Sports Fixture,J009,Majestic,19156,Weekday,False,Fog,False,0.0,False,False,1.0,Severe,7.7,69.2,850.3,0.256,0.592,0.889,Heavy congestion detected - signal timing extended and reroute suggested
EVT415896,2025-10-19 10:56:28,Sports Fixture,J031,Cubbon Road,25650,Weekend,False,Clear,False,0.0,False,False,0.621,High,15.5,49.4,334.1,0.164,0.378,0.967,Moderate traffic flow - standard adaptive signal timing in effect
EVT415897,2025-07-17 15:07:02,Concert,J012,Koramangala Sony World,14520,Weekday,False,Clear,False,0.0,False,False,0.323,Low,28.0,20.5,158.0,0.107,0.248,0.975,Moderate traffic flow - standard adaptive signal timing in effect
EVT415898,2025-04-26 13:01:51,Trade Fair,J030,MG Road,6998,Weekend,False,Clear,False,0.0,False,False,0.279,Low,25.7,20.3,116.1,0.09,0.207,0.95,Moderate traffic flow - standard adaptive signal timing in effect
EVT415899,2026-06-15 13:52:16,Sports Fixture,J040,City Market,12627,Weekday,False,Clear,False,0.0,False,False,0.269,Low,30.8,19.8,170.2,0.151,0.349,0.969,Moderate traffic flow - standard adaptive signal timing in effect
EVT415900,2025-12-23 08:20:27,Political Rally,J011,Indiranagar 100ft Road,15940,Weekday,False,Clear,False,0.0,False,False,0.988,Severe,6.2,68.4,894.9,0.203,0.469,0.901,Heavy congestion detected - signal timing extended and reroute suggested
EVT415901,2025-10-20 16:49:26,Religious Festival,J011,Indiranagar 100ft Road,51115,Weekday,True,Clear,False,0.0,False,False,1.0,Severe,7.9,71.2,655.2,0.205,0.474,0.832,Festival crowd surge detected - alternate route and extended cycle recommended
EVT415902,2025-05-08 10:04:40,Local Market Day,J009,Majestic,7546,Weekday,False,Clear,False,0.0,False,False,0.781,Severe,13.9,45.8,334.7,0.167,0.386,0.956,Heavy congestion detected - signal timing extended and reroute suggested
EVT415903,2025-04-14 06:14:13,Religious Festival,J012,Koramangala Sony World,33327,Weekday,True,Clear,False,0.0,False,True,0.81,High,12.0,80.0,332.6,0.154,0.355,0.847,Road closure for event/procession - full detour recommended for through-traffic
EVT415904,2026-06-19 09:02:25,Trade Fair,J011,Indiranagar 100ft Road,11949,Weekday,False,Rain,True,12.2,False,False,1.0,Severe,6.8,71.0,734.0,0.222,0.512,0.859,Heavy rain reducing visibility and grip - reduced speed and longer buffer advised
EVT415905,2026-03-03 09:34:20,Sports Fixture,J031,Cubbon Road,22514,Weekday,False,Clear,False,0.0,False,False,1.0,Severe,6.7,62.3,463.8,0.136,0.313,0.889,Heavy congestion detected - signal timing extended and reroute suggested
EVT415906,2025-01-24 15:03:13,Sports Fixture,J031,Cubbon Road,25096,Weekday,False,Clear,False,0.0,False,False,0.34,Low,29.7,21.4,73.1,0.059,0.137,0.99,Moderate traffic flow - standard adaptive signal timing in effect
EVT415907,2025-04-26 08:19:10,Concert,J031,Cubbon Road,8609,Weekend,False,Clear,False,0.0,False,False,0.865,Severe,11.4,61.7,377.9,0.166,0.383,0.962,Heavy congestion detected - signal timing extended and reroute suggested
EVT415908,2025-07-09 18:10:18,Sports Fixture,J023,Basavanagudi,18413,Weekday,False,Clear,False,0.0,False,False,1.0,Severe,7.2,76.4,621.6,0.178,0.412,0.928,Heavy congestion detected - signal timing extended and reroute suggested
EVT415909,2025-10-09 10:33:56,Political Rally,J011,Indiranagar 100ft Road,7695,Weekday,False,Heavy Rain,True,30.9,False,False,0.993,Severe,9.7,70.1,843.1,0.326,0.752,0.875,Heavy rain reducing visibility and grip - reduced speed and longer buffer advised
EVT415910,2025-02-21 16:08:47,Sports Fixture,J023,Basavanagudi,24840,Weekday,False,Clear,False,0.0,False,False,0.543,Moderate,28.9,41.1,208.0,0.167,0.385,0.972,Moderate traffic flow - standard adaptive signal timing in effect
EVT415911,2025-09-12 08:50:20,Sports Fixture,J012,Koramangala Sony World,24342,Weekday,False,Clear,False,0.0,False,False,1.0,Severe,7.0,69.5,828.7,0.238,0.551,0.936,Heavy congestion detected - signal timing extended and reroute suggested
EVT415912,2026-06-04 19:17:34,Sports Fixture,J009,Majestic,13953,Weekday,False,Rain,True,9.9,False,False,1.0,Severe,8.4,69.6,494.7,0.184,0.424,0.863,Heavy rain reducing visibility and grip - reduced speed and longer buffer advised
EVT415913,2026-05-17 20:28:03,Sports Fixture,J009,Majestic,15935,Weekend,False,Clear,False,0.0,False,False,0.635,High,16.1,45.7,347.1,0.182,0.421,0.937,Moderate traffic flow - standard adaptive signal timing in effect
EVT415914,2025-01-20 06:56:27,Trade Fair,J012,Koramangala Sony World,10806,Weekday,False,Clear,False,0.0,False,False,0.511,Moderate,26.8,33.9,143.6,0.113,0.261,0.958,Moderate traffic flow - standard adaptive signal timing in effect
EVT415915,2025-11-07 09:22:05,Sports Fixture,J023,Basavanagudi,20727,Weekday,False,Light Rain,True,1.7,True,False,1.0,Severe,7.1,73.5,694.6,0.197,0.455,0.712,Accident detected nearby - reroute and reduced speed advised
EVT415916,2025-06-05 08:45:35,Concert,J031,Cubbon Road,17790,Weekday,False,Rain,True,22.3,False,False,1.0,Severe,8.1,77.2,595.2,0.196,0.453,0.868,Heavy rain reducing visibility and grip - reduced speed and longer buffer advised
EVT415917,2025-11-20 20:04:14,Sports Fixture,J011,Indiranagar 100ft Road,8982,Weekday,False,Clear,False,0.0,False,False,0.671,High,22.8,45.6,207.4,0.15,0.347,0.959,Moderate traffic flow - standard adaptive signal timing in effect
EVT415918,2025-06-08 20:02:35,Trade Fair,J012,Koramangala Sony World,14611,Weekend,False,Heavy Rain,True,35.1,False,False,1.0,Severe,10.2,72.1,372.7,0.153,0.354,0.849,Heavy rain reducing visibility and grip - reduced speed and longer buffer advised
EVT415919,2025-03-31 16:22:09,Religious Festival,J031,Cubbon Road,32091,Weekday,True,Clear,False,0.0,False,True,1.0,Severe,8.0,105.2,682.0,0.231,0.533,0.836,Road closure for event/procession - full detour recommended for through-traffic
EVT415920,2025-07-03 19:15:52,Concert,J009,Majestic,8871,Weekday,False,Heavy Rain,True,48.3,False,False,1.0,Severe,10.4,66.0,359.3,0.157,0.364,0.887,Heavy rain reducing visibility and grip - reduced speed and longer buffer advised
EVT415921,2025-05-15 11:22:08,Concert,J020,Malleshwaram Circle,13004,Weekday,False,Clear,False,0.0,True,False,0.687,High,18.4,50.4,322.9,0.184,0.424,0.792,Accident detected nearby - reroute and reduced speed advised
EVT415922,2026-04-19 09:06:09,Local Market Day,J020,Malleshwaram Circle,3752,Weekend,False,Clear,False,0.0,False,False,0.815,Severe,11.8,58.2,304.5,0.115,0.265,0.953,Heavy congestion detected - signal timing extended and reroute suggested
EVT415923,2025-12-25 20:34:29,Religious Festival,J040,City Market,42099,Weekday,True,Clear,False,0.0,False,False,1.0,Severe,9.7,72.5,508.5,0.203,0.47,0.857,Festival crowd surge detected - alternate route and extended cycle recommended
EVT415924,2025-10-16 10:18:57,Sports Fixture,J040,City Market,13475,Weekday,False,Rain,True,15.2,False,False,0.917,Severe,12.9,66.1,381.8,0.196,0.454,0.884,Heavy rain reducing visibility and grip - reduced speed and longer buffer advised
EVT415925,2025-07-10 19:55:51,Concert,J009,Majestic,14265,Weekday,False,Heavy Rain,True,70.8,False,False,1.0,Severe,7.5,68.8,347.7,0.112,0.258,0.879,Heavy rain reducing visibility and grip - reduced speed and longer buffer advised
EVT415926,2025-08-05 06:09:06,Sports Fixture,J012,Koramangala Sony World,38793,Weekday,False,Heavy Rain,True,31.4,False,False,0.81,Severe,14.6,67.8,216.2,0.129,0.298,0.903,Heavy rain reducing visibility and grip - reduced speed and longer buffer advised
EVT415927,2026-06-05 19:20:14,Local Market Day,J011,Indiranagar 100ft Road,5155,Weekday,False,Clear,False,0.0,False,False,0.928,Severe,10.6,68.0,538.2,0.233,0.539,0.933,Heavy congestion detected - signal timing extended and reroute suggested
EVT415928,2025-07-27 06:30:19,Sports Fixture,J031,Cubbon Road,27950,Weekend,False,Clear,False,0.0,False,False,0.549,Moderate,30.2,39.5,199.5,0.193,0.445,0.954,Moderate traffic flow - standard adaptive signal timing in effect
EVT415929,2025-05-18 09:21:20,Sports Fixture,J030,MG Road,28459,Weekend,False,Clear,False,0.0,False,False,1.0,Severe,9.7,72.6,388.6,0.145,0.336,0.934,Heavy congestion detected - signal timing extended and reroute suggested
EVT415930,2026-04-20 17:17:12,Sports Fixture,J040,City Market,23682,Weekday,False,Clear,False,0.0,False,False,0.905,Severe,12.5,60.5,395.2,0.194,0.447,0.924,Heavy congestion detected - signal timing extended and reroute suggested
EVT415931,2025-06-26 19:32:25,Political Rally,J020,Malleshwaram Circle,15211,Weekday,False,Rain,True,19.9,False,False,1.0,Severe,9.9,67.3,427.1,0.163,0.377,0.882,Heavy rain reducing visibility and grip - reduced speed and longer buffer advised
EVT415932,2025-04-10 02:37:16,Concert,J023,Basavanagudi,6708,Weekday,False,Clear,False,0.0,False,False,0.205,Low,35.9,15.9,177.8,0.164,0.379,0.956,Normal free-flow traffic - standard signal timing maintained
EVT415933,2025-11-05 17:17:02,Sports Fixture,J009,Majestic,32473,Weekday,False,Clear,False,0.0,False,False,0.97,Severe,7.8,64.3,511.2,0.174,0.403,0.939,Heavy congestion detected - signal timing extended and reroute suggested
EVT415934,2025-02-21 20:58:27,Trade Fair,J030,MG Road,16463,Weekday,False,Clear,False,0.0,False,False,0.479,Moderate,25.1,40.6,271.3,0.187,0.432,0.965,Moderate traffic flow - standard adaptive signal timing in effect
EVT415935,2025-01-23 07:50:32,Sports Fixture,J009,Majestic,18598,Weekday,False,Clear,False,0.0,False,False,0.809,Severe,15.2,58.9,387.2,0.219,0.505,0.93,Heavy congestion detected - signal timing extended and reroute suggested
EVT415936,2026-06-16 17:47:35,Sports Fixture,J040,City Market,15443,Weekday,False,Clear,False,0.0,False,False,1.0,Severe,7.1,75.2,873.1,0.237,0.546,0.908,Heavy congestion detected - signal timing extended and reroute suggested
EVT415937,2026-05-15 14:27:03,Sports Fixture,J011,Indiranagar 100ft Road,27322,Weekday,False,Rain,True,21.4,False,False,0.57,High,22.4,42.0,191.9,0.122,0.281,0.933,Heavy rain reducing visibility and grip - reduced speed and longer buffer advised
EVT415938,2025-09-16 11:00:00,Trade Fair,J012,Koramangala Sony World,6716,Weekday,False,Clear,False,0.0,False,False,0.441,Moderate,28.3,29.2,154.2,0.119,0.275,0.967,Moderate traffic flow - standard adaptive signal timing in effect
EVT415939,2025-01-30 18:19:59,Sports Fixture,J012,Koramangala Sony World,21361,Weekday,False,Clear,False,0.0,True,False,1.0,Severe,9.3,74.5,451.4,0.175,0.405,0.735,Accident detected nearby - reroute and reduced speed advised
EVT415940,2026-06-21 09:53:19,Sports Fixture,J040,City Market,16311,Weekend,False,Clear,False,0.0,False,False,0.786,Severe,13.1,50.9,532.1,0.231,0.534,0.969,Heavy congestion detected - signal timing extended and reroute suggested
EVT415941,2025-01-29 10:29:23,Concert,J011,Indiranagar 100ft Road,9848,Weekday,False,Clear,False,0.0,False,False,0.737,High,19.0,59.9,402.8,0.288,0.666,0.946,Moderate traffic flow - standard adaptive signal timing in effect
EVT415942,2025-05-18 14:40:35,Sports Fixture,J012,Koramangala Sony World,18994,Weekend,False,Clear,False,0.0,False,False,0.386,Moderate,27.7,29.3,292.0,0.2,0.463,0.982,Moderate traffic flow - standard adaptive signal timing in effect
EVT415943,2025-02-05 19:39:20,Concert,J020,Malleshwaram Circle,8300,Weekday,False,Clear,False,0.0,False,False,0.785,Severe,17.1,54.2,358.3,0.175,0.405,0.953,Heavy congestion detected - signal timing extended and reroute suggested
EVT415944,2025-05-20 07:17:28,Local Market Day,J012,Koramangala Sony World,5716,Weekday,False,Clear,False,0.0,False,False,0.567,High,20.9,39.5,180.8,0.122,0.283,0.99,Moderate traffic flow - standard adaptive signal timing in effect
EVT415945,2025-08-29 13:03:37,Local Market Day,J020,Malleshwaram Circle,3540,Weekday,False,Heavy Rain,True,42.8,False,False,0.54,Moderate,23.6,37.7,140.0,0.094,0.217,0.925,Light rain detected - minor speed reduction advised
EVT415946,2026-03-24 15:04:28,Local Market Day,J040,City Market,3486,Weekday,False,Clear,False,0.0,False,False,0.33,Low,27.9,26.3,165.2,0.119,0.275,0.952,Moderate traffic flow - standard adaptive signal timing in effect
EVT415947,2025-06-09 17:33:32,Political Rally,J031,Cubbon Road,14237,Weekday,False,Rain,True,18.4,False,False,1.0,Severe,6.5,71.2,747.9,0.205,0.473,0.859,Heavy rain reducing visibility and grip - reduced speed and longer buffer advised
EVT415948,2026-03-21 22:15:04,Concert,J009,Majestic,8715,Weekend,False,Clear,False,0.0,False,False,0.294,Low,31.2,23.6,200.1,0.164,0.379,0.951,Moderate traffic flow - standard adaptive signal timing in effect
EVT415949,2025-12-25 12:55:15,Religious Festival,J040,City Market,29564,Weekday,True,Clear,False,0.0,False,False,0.594,High,23.3,43.3,225.4,0.159,0.367,0.906,Festival crowd surge detected - alternate route and extended cycle recommended
EVT415950,2025-02-17 11:41:05,Sports Fixture,J011,Indiranagar 100ft Road,17030,Weekday,False,Clear,False,0.0,False,False,0.369,Moderate,18.9,23.8,194.7,0.117,0.27,0.956,Moderate traffic flow - standard adaptive signal timing in effect
EVT415951,2025-03-03 19:15:17,Local Market Day,J040,City Market,4103,Weekday,False,Clear,False,0.0,False,False,0.997,Severe,7.6,74.2,529.6,0.192,0.444,0.928,Heavy congestion detected - signal timing extended and reroute suggested
EVT415952,2025-03-01 07:46:24,Political Rally,J011,Indiranagar 100ft Road,14505,Weekend,False,Clear,False,0.0,False,False,0.711,High,20.1,54.1,223.9,0.154,0.355,0.968,Moderate traffic flow - standard adaptive signal timing in effect
EVT415953,2025-04-24 19:56:40,Concert,J030,MG Road,11205,Weekday,False,Clear,False,0.0,False,False,0.81,Severe,12.7,55.7,245.0,0.132,0.304,0.98,Heavy congestion detected - signal timing extended and reroute suggested
EVT415954,2025-01-01 18:31:47,Sports Fixture,J009,Majestic,38946,Weekday,False,Clear,False,0.0,False,False,1.0,Severe,8.9,69.9,424.7,0.172,0.397,0.96,Heavy congestion detected - signal timing extended and reroute suggested
EVT415955,2025-12-13 14:44:07,Local Market Day,J040,City Market,2736,Weekend,False,Clear,False,0.0,False,False,0.301,Low,25.5,18.7,163.3,0.126,0.292,0.977,Moderate traffic flow - standard adaptive signal timing in effect
EVT415956,2025-05-28 18:13:33,Local Market Day,J031,Cubbon Road,6104,Weekday,False,Clear,False,0.0,False,False,0.972,Severe,8.9,69.3,604.3,0.203,0.469,0.897,Heavy congestion detected - signal timing extended and reroute suggested
EVT415957,2025-10-02 09:35:32,Religious Festival,J011,Indiranagar 100ft Road,53823,Weekday,True,Clear,False,0.0,False,False,1.0,Severe,8.5,69.7,551.2,0.193,0.445,0.854,Festival crowd surge detected - alternate route and extended cycle recommended
EVT415958,2026-06-16 20:20:45,Local Market Day,J031,Cubbon Road,5477,Weekday,False,Clear,False,0.0,False,False,0.682,High,16.9,51.6,181.8,0.098,0.225,0.989,Moderate traffic flow - standard adaptive signal timing in effect
EVT415959,2025-02-01 17:37:53,Trade Fair,J040,City Market,10136,Weekend,False,Clear,False,0.0,False,False,0.856,Severe,14.8,60.2,353.2,0.197,0.456,0.961,Heavy congestion detected - signal timing extended and reroute suggested
EVT415960,2025-05-12 15:46:43,Sports Fixture,J031,Cubbon Road,23045,Weekday,False,Clear,False,0.0,False,False,0.486,Moderate,28.6,26.7,163.5,0.135,0.312,0.962,Moderate traffic flow - standard adaptive signal timing in effect
EVT415961,2025-09-26 13:18:22,Local Market Day,J020,Malleshwaram Circle,2558,Weekday,False,Rain,True,10.0,False,False,0.298,Low,30.3,16.7,77.5,0.037,0.086,0.896,Light rain detected - minor speed reduction advised
EVT415962,2025-12-07 14:52:35,Sports Fixture,J020,Malleshwaram Circle,17848,Weekend,False,Clear,False,0.0,False,False,0.38,Moderate,31.9,23.2,215.5,0.197,0.456,0.976,Moderate traffic flow - standard adaptive signal timing in effect
EVT415963,2025-06-11 11:27:23,Local Market Day,J012,Koramangala Sony World,2921,Weekday,False,Clear,False,0.0,False,False,0.423,Moderate,21.6,30.2,146.3,0.114,0.263,0.963,Moderate traffic flow - standard adaptive signal timing in effect
EVT415964,2025-01-25 17:48:31,Concert,J030,MG Road,11559,Weekend,False,Clear,False,0.0,False,False,0.79,Severe,14.5,53.5,236.9,0.115,0.265,0.975,Heavy congestion detected - signal timing extended and reroute suggested
EVT415965,2025-10-04 09:17:14,Concert,J011,Indiranagar 100ft Road,10620,Weekend,False,Rain,True,16.9,False,False,1.0,Severe,8.1,71.3,488.9,0.157,0.363,0.866,Heavy rain reducing visibility and grip - reduced speed and longer buffer advised
EVT415966,2025-10-21 05:37:13,Cultural Procession,J011,Indiranagar 100ft Road,13115,Weekday,True,Clear,False,0.0,False,True,0.652,Moderate,20.7,74.2,175.7,0.112,0.258,0.889,Road closure for event/procession - full detour recommended for through-traffic
EVT415967,2025-04-24 11:38:41,Sports Fixture,J031,Cubbon Road,18934,Weekday,False,Light Rain,True,3.3,False,False,0.398,Moderate,29.5,25.6,120.0,0.106,0.245,0.92,Light rain detected - minor speed reduction advised
EVT415968,2025-04-07 06:58:23,Fireworks Display,J023,Basavanagudi,23128,Weekday,True,Heavy Rain,True,33.5,False,False,1.0,Severe,8.7,71.6,333.6,0.126,0.29,0.835,Festival crowd surge detected - alternate route and extended cycle recommended
EVT415969,2026-05-13 17:17:18,Local Market Day,J020,Malleshwaram Circle,3802,Weekday,False,Clear,False,0.0,False,False,0.727,High,17.6,49.8,162.0,0.089,0.205,0.972,Moderate traffic flow - standard adaptive signal timing in effect
EVT415970,2025-05-17 08:02:24,Local Market Day,J020,Malleshwaram Circle,3605,Weekend,False,Light Rain,True,7.3,False,False,0.87,Severe,11.6,66.8,541.4,0.221,0.511,0.885,Heavy rain reducing visibility and grip - reduced speed and longer buffer advised
EVT415971,2025-11-24 07:01:39,Sports Fixture,J009,Majestic,14161,Weekday,False,Rain,True,15.6,False,False,0.701,High,20.1,51.7,167.6,0.114,0.263,0.917,Heavy rain reducing visibility and grip - reduced speed and longer buffer advised
EVT415972,2025-01-19 07:53:48,Political Rally,J011,Indiranagar 100ft Road,20465,Weekend,False,Clear,False,0.0,False,False,0.728,High,17.5,47.6,324.8,0.2,0.463,0.982,Moderate traffic flow - standard adaptive signal timing in effect
EVT415973,2026-03-28 17:05:03,Local Market Day,J030,MG Road,7760,Weekend,False,Clear,False,0.0,False,False,0.715,High,19.2,49.1,326.6,0.21,0.486,0.951,Moderate traffic flow - standard adaptive signal timing in effect
EVT415974,2026-04-30 12:41:25,Sports Fixture,J023,Basavanagudi,23927,Weekday,False,Clear,False,0.0,False,False,0.259,Low,32.0,17.2,153.6,0.129,0.297,0.95,Moderate traffic flow - standard adaptive signal timing in effect
EVT415975,2025-02-28 08:28:30,Sports Fixture,J030,MG Road,23606,Weekday,False,Clear,False,0.0,False,False,1.0,Severe,8.7,67.2,543.0,0.188,0.434,0.893,Heavy congestion detected - signal timing extended and reroute suggested
EVT415976,2025-10-18 23:36:19,Concert,J009,Majestic,20506,Weekend,False,Rain,True,15.0,False,False,0.488,Moderate,24.2,39.7,194.7,0.141,0.327,0.924,Light rain detected - minor speed reduction advised
EVT415977,2026-01-25 11:27:45,Political Rally,J020,Malleshwaram Circle,10423,Weekend,False,Clear,False,0.0,False,False,0.418,Moderate,24.8,32.7,216.3,0.162,0.375,0.97,Moderate traffic flow - standard adaptive signal timing in effect
EVT415978,2026-02-19 17:12:57,Trade Fair,J020,Malleshwaram Circle,13674,Weekday,False,Clear,False,0.0,False,False,0.821,Severe,17.0,62.1,476.1,0.276,0.638,0.925,Heavy congestion detected - signal timing extended and reroute suggested
EVT415979,2025-05-01 18:52:16,Religious Festival,J031,Cubbon Road,73169,Weekday,True,Clear,False,0.0,False,False,1.0,Severe,9.4,67.5,534.5,0.2,0.463,0.85,Festival crowd surge detected - alternate route and extended cycle recommended
EVT415980,2026-04-12 07:31:58,Concert,J030,MG Road,9250,Weekend,False,Clear,False,0.0,False,False,0.609,High,19.9,43.1,170.5,0.101,0.233,0.955,Moderate traffic flow - standard adaptive signal timing in effect
EVT415981,2026-04-12 19:16:03,Sports Fixture,J012,Koramangala Sony World,24274,Weekend,False,Clear,False,0.0,False,False,0.847,Severe,12.7,64.2,277.7,0.133,0.306,0.936,Heavy congestion detected - signal timing extended and reroute suggested
EVT415982,2025-04-03 08:48:03,Concert,J012,Koramangala Sony World,6707,Weekday,False,Clear,False,0.0,False,False,1.0,Severe,7.8,71.0,426.7,0.161,0.371,0.908,Heavy congestion detected - signal timing extended and reroute suggested
EVT415983,2025-12-31 19:33:52,Concert,J031,Cubbon Road,6280,Weekday,False,Clear,False,0.0,False,False,0.939,Severe,9.4,63.9,191.1,0.074,0.17,0.929,Heavy congestion detected - signal timing extended and reroute suggested
EVT415984,2025-05-13 20:57:57,Concert,J040,City Market,14607,Weekday,False,Rain,True,18.5,False,False,0.749,High,20.1,56.2,216.4,0.128,0.295,0.916,Heavy rain reducing visibility and grip - reduced speed and longer buffer advised
EVT415985,2025-09-25 19:15:20,Local Market Day,J011,Indiranagar 100ft Road,2311,Weekday,False,Rain,True,7.7,False,False,0.985,Severe,7.7,70.4,592.8,0.202,0.466,0.871,Heavy rain reducing visibility and grip - reduced speed and longer buffer advised
EVT415986,2026-05-24 09:42:24,Sports Fixture,J012,Koramangala Sony World,27023,Weekend,False,Clear,False,0.0,False,False,0.836,Severe,10.8,59.6,163.1,0.08,0.184,0.968,Heavy congestion detected - signal timing extended and reroute suggested
EVT415987,2025-12-13 18:33:20,Political Rally,J012,Koramangala Sony World,16861,Weekend,False,Clear,False,0.0,False,False,0.867,Severe,12.2,59.3,220.4,0.116,0.269,0.925,Heavy congestion detected - signal timing extended and reroute suggested
EVT415988,2026-06-15 08:20:00,Trade Fair,J011,Indiranagar 100ft Road,12458,Weekday,False,Clear,False,0.0,False,False,0.945,Severe,11.3,65.8,192.8,0.076,0.176,0.932,Heavy congestion detected - signal timing extended and reroute suggested
EVT415989,2025-06-25 21:22:49,Local Market Day,J020,Malleshwaram Circle,2975,Weekday,False,Heavy Rain,True,44.0,False,False,0.741,High,16.8,54.3,305.6,0.145,0.336,0.91,Heavy rain reducing visibility and grip - reduced speed and longer buffer advised
EVT415990,2025-09-09 14:02:51,Local Market Day,J030,MG Road,1851,Weekday,False,Clear,False,0.0,False,False,0.198,Low,27.0,20.0,191.9,0.132,0.305,0.976,Normal free-flow traffic - standard signal timing maintained
EVT415991,2025-07-08 10:11:31,Sports Fixture,J012,Koramangala Sony World,15388,Weekday,False,Clear,False,0.0,False,False,0.867,Severe,13.0,66.3,355.9,0.156,0.361,0.964,Heavy congestion detected - signal timing extended and reroute suggested
EVT415992,2025-12-14 07:11:15,Concert,J020,Malleshwaram Circle,8611,Weekend,False,Clear,False,0.0,True,False,0.881,Severe,11.6,67.5,569.7,0.235,0.543,0.761,Accident detected nearby - reroute and reduced speed advised
EVT415993,2026-02-11 09:36:04,Trade Fair,J011,Indiranagar 100ft Road,12966,Weekday,False,Clear,False,0.0,False,False,1.0,Severe,9.0,76.0,364.2,0.135,0.312,0.903,Heavy congestion detected - signal timing extended and reroute suggested
EVT415994,2025-09-14 16:27:15,Concert,J011,Indiranagar 100ft Road,13924,Weekend,False,Clear,False,0.0,False,False,0.548,Moderate,25.1,42.3,188.7,0.15,0.346,0.959,Moderate traffic flow - standard adaptive signal timing in effect
EVT415995,2026-04-03 22:16:23,Local Market Day,J030,MG Road,4342,Weekday,False,Clear,False,0.0,False,False,0.26,Low,27.7,24.3,141.6,0.11,0.254,0.986,Moderate traffic flow - standard adaptive signal timing in effect
EVT415996,2025-09-03 08:35:50,Trade Fair,J012,Koramangala Sony World,9877,Weekday,False,Clear,False,0.0,False,False,1.0,Severe,8.1,68.3,789.7,0.258,0.596,0.918,Heavy congestion detected - signal timing extended and reroute suggested
EVT415997,2025-10-24 18:32:42,Trade Fair,J012,Koramangala Sony World,8620,Weekday,False,Rain,True,22.0,True,False,1.0,Severe,9.2,69.4,509.9,0.182,0.42,0.699,Accident detected nearby - reroute and reduced speed advised
EVT415998,2026-02-09 19:04:48,Sports Fixture,J031,Cubbon Road,23367,Weekday,False,Clear,False,0.0,False,False,1.0,Severe,8.6,73.9,473.2,0.171,0.396,0.913,Heavy congestion detected - signal timing extended and reroute suggested
EVT415999,2026-01-19 11:23:25,Concert,J031,Cubbon Road,8971,Weekday,False,Clear,False,0.0,False,False,0.375,Moderate,27.1,24.4,179.1,0.129,0.297,0.967,Moderate traffic flow - standard adaptive signal timing in effect
EVT416000,2025-02-23 21:21:44,Concert,J023,Basavanagudi,16201,Weekend,False,Clear,False,0.0,False,False,0.403,Moderate,25.8,26.6,230.7,0.175,0.404,0.963,Moderate traffic flow - standard adaptive signal timing in effect
EVT416001,2025-03-29 08:50:48,Trade Fair,J030,MG Road,4412,Weekend,False,Clear,False,0.0,False,False,0.833,Severe,17.6,64.9,326.0,0.185,0.428,0.952,Heavy congestion detected - signal timing extended and reroute suggested
EVT416002,2026-02-26 22:39:53,Local Market Day,J040,City Market,3683,Weekday,False,Clear,False,0.0,False,False,0.211,Low,41.8,10.0,102.8,0.115,0.265,0.939,Normal free-flow traffic - standard signal timing maintained
EVT416003,2026-02-06 23:59:57,Local Market Day,J031,Cubbon Road,2957,Weekday,False,Clear,False,0.0,False,False,0.06,Low,36.7,6.1,184.2,0.166,0.384,0.971,Normal free-flow traffic - standard signal timing maintained
EVT416004,2025-01-27 18:51:41,Cultural Procession,J031,Cubbon Road,16741,Weekday,True,Clear,False,0.0,False,True,1.0,Severe,9.7,95.7,391.6,0.175,0.404,0.821,Road closure for event/procession - full detour recommended for through-traffic
EVT416005,2025-10-24 11:32:17,Local Market Day,J012,Koramangala Sony World,7409,Weekday,False,Clear,False,0.0,False,False,0.372,Moderate,22.7,24.3,156.6,0.104,0.24,0.982,Moderate traffic flow - standard adaptive signal timing in effect
EVT416006,2025-03-15 07:44:12,Cultural Procession,J031,Cubbon Road,36413,Weekend,True,Clear,False,0.0,False,True,1.0,Severe,7.4,100.2,746.4,0.245,0.565,0.847,Road closure for event/procession - full detour recommended for through-traffic
EVT416007,2025-02-06 12:37:47,Local Market Day,J009,Majestic,4289,Weekday,False,Clear,False,0.0,False,False,0.237,Low,37.9,16.7,127.1,0.111,0.257,0.921,Normal free-flow traffic - standard signal timing maintained
EVT416008,2025-02-27 19:40:34,Concert,J040,City Market,14642,Weekday,False,Clear,False,0.0,False,False,0.864,Severe,12.8,55.2,468.2,0.249,0.574,0.893,Heavy congestion detected - signal timing extended and reroute suggested
EVT416009,2025-02-08 17:51:44,Sports Fixture,J040,City Market,20284,Weekend,False,Clear,False,0.0,False,False,0.863,Severe,13.2,60.2,489.8,0.248,0.574,0.916,Heavy congestion detected - signal timing extended and reroute suggested
EVT416010,2026-03-07 09:16:37,Local Market Day,J020,Malleshwaram Circle,3954,Weekend,False,Clear,False,0.0,False,False,0.793,Severe,15.0,54.5,172.9,0.104,0.241,0.972,Heavy congestion detected - signal timing extended and reroute suggested
EVT416011,2025-08-21 19:26:57,Sports Fixture,J030,MG Road,14825,Weekday,False,Clear,False,0.0,False,False,0.947,Severe,9.7,73.6,605.7,0.241,0.556,0.948,Heavy congestion detected - signal timing extended and reroute suggested
EVT416012,2025-01-24 13:29:53,Local Market Day,J020,Malleshwaram Circle,9932,Weekday,False,Clear,False,0.0,False,False,0.197,Low,33.4,16.9,155.1,0.146,0.336,0.959,Normal free-flow traffic - standard signal timing maintained
EVT416013,2025-02-13 15:08:43,Concert,J011,Indiranagar 100ft Road,8930,Weekday,False,Clear,False,0.0,False,False,0.275,Low,32.3,15.4,93.1,0.096,0.221,0.973,Moderate traffic flow - standard adaptive signal timing in effect
EVT416014,2025-06-17 10:14:13,Trade Fair,J012,Koramangala Sony World,8245,Weekday,False,Clear,False,0.0,False,False,0.726,High,20.8,47.7,273.3,0.176,0.407,0.976,Moderate traffic flow - standard adaptive signal timing in effect
EVT416015,2026-05-12 16:16:10,Concert,J023,Basavanagudi,15133,Weekday,False,Rain,True,7.9,False,False,0.562,High,19.8,42.3,125.3,0.063,0.146,0.918,Heavy rain reducing visibility and grip - reduced speed and longer buffer advised
EVT416016,2025-10-08 15:15:39,Political Rally,J031,Cubbon Road,30545,Weekday,False,Rain,True,11.0,False,False,0.574,High,20.2,43.8,416.2,0.272,0.628,0.907,Heavy rain reducing visibility and grip - reduced speed and longer buffer advised
EVT416017,2026-04-15 15:54:16,Fireworks Display,J040,City Market,23348,Weekday,True,Clear,False,0.0,False,False,0.753,Severe,23.0,58.7,167.8,0.12,0.277,0.933,Festival crowd surge detected - alternate route and extended cycle recommended
EVT416018,2026-06-22 16:37:42,Concert,J030,MG Road,12507,Weekday,False,Rain,True,19.7,False,False,0.848,Severe,13.4,61.0,298.4,0.146,0.337,0.907,Heavy rain reducing visibility and grip - reduced speed and longer buffer advised
EVT416019,2025-12-25 12:14:12,Religious Festival,J020,Malleshwaram Circle,39563,Weekday,True,Clear,False,0.0,False,False,0.603,High,23.6,44.1,163.7,0.099,0.229,0.927,Festival crowd surge detected - alternate route and extended cycle recommended
EVT416020,2026-03-08 13:09:49,Local Market Day,J040,City Market,5787,Weekend,False,Clear,False,0.0,False,False,0.325,Low,29.2,23.5,128.4,0.115,0.266,0.977,Moderate traffic flow - standard adaptive signal timing in effect
EVT416021,2026-02-18 12:47:34,Trade Fair,J031,Cubbon Road,19072,Weekday,False,Clear,False,0.0,False,False,0.314,Low,18.4,20.0,193.9,0.079,0.183,0.983,Moderate traffic flow - standard adaptive signal timing in effect
EVT416022,2026-02-27 15:00:04,Concert,J023,Basavanagudi,13514,Weekday,False,Clear,False,0.0,False,False,0.304,Low,33.0,15.9,140.2,0.119,0.275,0.969,Moderate traffic flow - standard adaptive signal timing in effect
EVT416023,2025-11-21 11:10:54,Concert,J012,Koramangala Sony World,9414,Weekday,False,Clear,False,0.0,False,False,0.342,Low,30.0,31.7,207.5,0.164,0.38,0.972,Moderate traffic flow - standard adaptive signal timing in effect
EVT416024,2025-10-28 12:38:04,Sports Fixture,J031,Cubbon Road,34597,Weekday,False,Clear,False,0.0,False,False,0.387,Moderate,26.4,26.6,239.5,0.164,0.378,0.96,Moderate traffic flow - standard adaptive signal timing in effect
EVT416025,2025-08-05 10:29:09,Local Market Day,J020,Malleshwaram Circle,3781,Weekday,False,Clear,False,0.0,False,False,0.674,High,15.3,50.9,349.1,0.173,0.4,0.971,Moderate traffic flow - standard adaptive signal timing in effect
EVT416026,2026-02-19 07:52:56,Sports Fixture,J020,Malleshwaram Circle,38516,Weekday,False,Clear,False,0.0,False,False,0.899,Severe,12.6,62.4,336.5,0.181,0.419,0.948,Heavy congestion detected - signal timing extended and reroute suggested
EVT416027,2025-01-22 06:49:54,Political Rally,J020,Malleshwaram Circle,10181,Weekday,False,Clear,False,0.0,True,False,0.734,High,20.2,52.7,208.3,0.137,0.316,0.816,Accident detected nearby - reroute and reduced speed advised
EVT416028,2025-07-19 12:51:16,Trade Fair,J011,Indiranagar 100ft Road,14599,Weekend,False,Clear,False,0.0,False,False,0.312,Low,35.3,24.3,118.7,0.114,0.263,0.975,Moderate traffic flow - standard adaptive signal timing in effect
EVT416029,2025-02-15 14:52:22,Local Market Day,J012,Koramangala Sony World,4001,Weekend,False,Clear,False,0.0,False,False,0.221,Low,29.5,18.6,88.0,0.045,0.104,0.962,Normal free-flow traffic - standard signal timing maintained
EVT416030,2026-03-12 09:55:49,Local Market Day,J023,Basavanagudi,6052,Weekday,False,Clear,False,0.0,False,False,0.828,Severe,16.4,55.1,194.5,0.107,0.247,0.954,Heavy congestion detected - signal timing extended and reroute suggested
EVT416031,2026-06-19 19:46:05,Concert,J040,City Market,8232,Weekday,False,Clear,False,0.0,False,False,0.683,High,20.6,44.5,174.1,0.107,0.246,0.977,Moderate traffic flow - standard adaptive signal timing in effect
EVT416032,2025-05-09 13:36:53,Trade Fair,J040,City Market,21048,Weekday,False,Clear,False,0.0,False,False,0.258,Low,34.8,23.8,59.0,0.05,0.115,0.974,Moderate traffic flow - standard adaptive signal timing in effect
EVT416033,2025-03-13 16:34:32,Trade Fair,J023,Basavanagudi,7780,Weekday,False,Clear,False,0.0,False,False,0.698,High,14.5,44.8,302.6,0.143,0.329,0.987,Moderate traffic flow - standard adaptive signal timing in effect
EVT416034,2026-06-13 07:33:41,Sports Fixture,J031,Cubbon Road,35668,Weekend,False,Clear,False,0.0,False,False,0.766,Severe,21.7,59.6,256.2,0.182,0.42,0.96,Heavy congestion detected - signal timing extended and reroute suggested
EVT416035,2025-05-20 18:57:16,Local Market Day,J040,City Market,3475,Weekday,False,Clear,False,0.0,False,False,1.0,Severe,7.7,69.8,261.9,0.082,0.19,0.897,Heavy congestion detected - signal timing extended and reroute suggested
EVT416036,2026-02-15 15:16:30,Political Rally,J009,Majestic,20649,Weekend,False,Clear,False,0.0,False,False,0.432,Moderate,29.0,26.6,65.2,0.066,0.151,0.945,Moderate traffic flow - standard adaptive signal timing in effect
EVT416037,2026-01-27 09:23:30,Religious Festival,J023,Basavanagudi,48866,Weekday,True,Clear,False,0.0,False,True,1.0,Severe,10.6,100.4,307.5,0.156,0.361,0.868,Road closure for event/procession - full detour recommended for through-traffic
EVT416038,2026-03-24 22:30:28,Trade Fair,J011,Indiranagar 100ft Road,11430,Weekday,False,Clear,False,0.0,False,False,0.278,Low,36.1,19.3,122.9,0.108,0.251,0.98,Moderate traffic flow - standard adaptive signal timing in effect
EVT416039,2026-02-02 13:31:10,Concert,J009,Majestic,14035,Weekday,False,Clear,False,0.0,False,False,0.243,Low,33.8,17.0,126.8,0.114,0.264,0.967,Normal free-flow traffic - standard signal timing maintained
EVT416040,2026-06-20 17:48:48,Concert,J031,Cubbon Road,8307,Weekend,False,Clear,False,0.0,False,False,0.814,Severe,12.3,58.4,601.5,0.293,0.677,0.95,Heavy congestion detected - signal timing extended and reroute suggested
EVT416041,2025-05-25 08:11:51,Political Rally,J009,Majestic,25230,Weekend,False,Clear,False,0.0,False,False,0.849,Severe,15.0,61.8,551.8,0.3,0.693,0.954,Heavy congestion detected - signal timing extended and reroute suggested
EVT416042,2025-07-27 09:39:40,Local Market Day,J012,Koramangala Sony World,3647,Weekend,False,Clear,False,0.0,False,False,0.834,Severe,14.7,57.1,406.0,0.224,0.518,0.957,Heavy congestion detected - signal timing extended and reroute suggested
EVT416043,2025-03-04 21:48:29,Sports Fixture,J023,Basavanagudi,12974,Weekday,False,Clear,False,0.0,False,False,0.287,Low,29.7,21.9,225.7,0.172,0.396,0.958,Moderate traffic flow - standard adaptive signal timing in effect
EVT416044,2026-06-15 15:59:28,Concert,J023,Basavanagudi,10754,Weekday,False,Rain,True,12.0,False,False,0.534,Moderate,24.3,37.5,84.4,0.063,0.145,0.921,Light rain detected - minor speed reduction advised
EVT416045,2025-12-18 12:02:45,Local Market Day,J009,Majestic,9753,Weekday,False,Clear,False,0.0,False,False,0.212,Low,31.7,13.8,167.9,0.153,0.353,0.953,Normal free-flow traffic - standard signal timing maintained
EVT416046,2026-04-02 19:09:39,Trade Fair,J030,MG Road,9038,Weekday,False,Clear,False,0.0,False,False,1.0,Severe,7.3,74.4,301.4,0.094,0.218,0.925,Heavy congestion detected - signal timing extended and reroute suggested
EVT416047,2025-01-12 08:43:07,Concert,J011,Indiranagar 100ft Road,7701,Weekend,False,Clear,False,0.0,False,False,0.919,Severe,11.7,63.1,260.8,0.138,0.318,0.973,Heavy congestion detected - signal timing extended and reroute suggested
EVT416048,2026-04-06 21:55:50,Concert,J030,MG Road,7572,Weekday,False,Clear,False,0.0,False,False,0.245,Low,36.2,12.5,184.6,0.173,0.399,0.959,Normal free-flow traffic - standard signal timing maintained
EVT416049,2025-11-01 18:43:02,Religious Festival,J040,City Market,52162,Weekend,True,Clear,False,0.0,False,True,1.0,Severe,7.8,109.3,774.5,0.268,0.618,0.813,Road closure for event/procession - full detour recommended for through-traffic
EVT416050,2026-01-17 18:39:20,Trade Fair,J020,Malleshwaram Circle,11059,Weekend,False,Clear,False,0.0,False,False,0.895,Severe,13.0,67.5,391.8,0.195,0.451,0.946,Heavy congestion detected - signal timing extended and reroute suggested
EVT416051,2025-03-18 19:45:14,Trade Fair,J011,Indiranagar 100ft Road,8296,Weekday,False,Clear,False,0.0,False,False,0.841,Severe,13.8,50.9,425.4,0.207,0.477,0.943,Heavy congestion detected - signal timing extended and reroute suggested
EVT416052,2025-09-04 19:11:22,Trade Fair,J012,Koramangala Sony World,12747,Weekday,False,Clear,False,0.0,False,False,0.982,Severe,11.8,65.0,398.0,0.199,0.46,0.9,Heavy congestion detected - signal timing extended and reroute suggested
EVT416053,2025-09-26 15:53:22,Concert,J023,Basavanagudi,21359,Weekday,False,Rain,True,21.9,False,False,0.785,Severe,15.1,53.0,372.9,0.178,0.41,0.916,Heavy rain reducing visibility and grip - reduced speed and longer buffer advised
EVT416054,2026-02-22 08:24:23,Local Market Day,J030,MG Road,2831,Weekend,False,Clear,False,0.0,False,False,0.7,High,18.6,43.6,234.7,0.154,0.355,0.947,Moderate traffic flow - standard adaptive signal timing in effect
EVT416055,2026-05-06 09:02:38,Sports Fixture,J040,City Market,11213,Weekday,False,Clear,False,0.0,False,False,0.984,Severe,11.2,68.8,308.7,0.131,0.302,0.906,Heavy congestion detected - signal timing extended and reroute suggested
EVT416056,2026-03-05 01:16:18,Fireworks Display,J031,Cubbon Road,14277,Weekday,True,Clear,False,0.0,False,False,0.39,Moderate,26.6,23.3,129.3,0.1,0.231,0.92,Moderate traffic flow - standard adaptive signal timing in effect
EVT416057,2025-12-04 21:47:25,Concert,J030,MG Road,9013,Weekday,False,Clear,False,0.0,False,False,0.343,Low,30.6,21.6,184.5,0.173,0.399,0.958,Moderate traffic flow - standard adaptive signal timing in effect
EVT416058,2025-09-28 19:53:16,Trade Fair,J031,Cubbon Road,14652,Weekend,False,Clear,False,0.0,False,False,0.676,High,21.8,49.6,162.0,0.127,0.292,0.934,Moderate traffic flow - standard adaptive signal timing in effect
EVT416059,2025-04-20 18:16:09,Local Market Day,J030,MG Road,5892,Weekend,False,Clear,False,0.0,False,False,0.893,Severe,12.5,64.6,389.2,0.185,0.427,0.945,Heavy congestion detected - signal timing extended and reroute suggested
EVT416060,2025-01-23 08:03:53,Concert,J023,Basavanagudi,8930,Weekday,False,Clear,False,0.0,False,False,0.795,Severe,14.4,55.0,445.5,0.211,0.487,0.96,Heavy congestion detected - signal timing extended and reroute suggested
EVT416061,2026-03-03 22:38:58,Sports Fixture,J020,Malleshwaram Circle,16277,Weekday,False,Clear,False,0.0,False,False,0.273,Low,29.1,21.8,77.3,0.063,0.145,0.975,Moderate traffic flow - standard adaptive signal timing in effect
EVT416062,2025-09-14 11:30:39,Trade Fair,J023,Basavanagudi,19818,Weekend,False,Clear,False,0.0,False,False,0.449,Moderate,27.9,29.1,291.8,0.22,0.509,0.932,Moderate traffic flow - standard adaptive signal timing in effect
EVT416063,2026-04-27 19:29:59,Concert,J009,Majestic,13040,Weekday,False,Clear,False,0.0,False,False,0.982,Severe,8.1,67.9,527.2,0.195,0.451,0.912,Heavy congestion detected - signal timing extended and reroute suggested
EVT416064,2025-01-29 07:30:51,Concert,J020,Malleshwaram Circle,11995,Weekday,False,Clear,False,0.0,False,False,0.616,High,19.5,51.4,250.0,0.157,0.362,0.968,Moderate traffic flow - standard adaptive signal timing in effect
EVT416065,2025-05-29 22:15:28,Trade Fair,J020,Malleshwaram Circle,8040,Weekday,False,Rain,True,7.6,False,False,0.322,Low,27.4,17.7,131.4,0.086,0.199,0.905,Light rain detected - minor speed reduction advised
EVT416066,2025-12-24 20:31:44,Trade Fair,J012,Koramangala Sony World,7679,Weekday,False,Clear,False,0.0,False,False,0.626,High,21.5,48.3,281.4,0.177,0.408,0.976,Moderate traffic flow - standard adaptive signal timing in effect
EVT416067,2025-11-02 18:05:22,Cultural Procession,J040,City Market,24114,Weekend,True,Rain,True,13.1,False,False,1.0,Severe,10.0,71.4,426.2,0.151,0.349,0.821,Festival crowd surge detected - alternate route and extended cycle recommended
EVT416068,2025-05-14 08:21:08,Local Market Day,J012,Koramangala Sony World,3384,Weekday,False,Clear,False,0.0,False,False,0.86,Severe,16.0,57.8,287.3,0.185,0.426,0.955,Heavy congestion detected - signal timing extended and reroute suggested
EVT416069,2025-08-08 19:46:34,Local Market Day,J040,City Market,5663,Weekday,False,Clear,False,0.0,False,False,0.849,Severe,15.4,62.3,347.6,0.185,0.428,0.918,Heavy congestion detected - signal timing extended and reroute suggested
EVT416070,2025-07-07 12:33:39,Local Market Day,J009,Majestic,2389,Weekday,False,Clear,False,0.0,False,False,0.209,Low,27.6,12.0,167.0,0.123,0.283,0.975,Normal free-flow traffic - standard signal timing maintained
EVT416071,2025-03-09 08:39:26,Local Market Day,J030,MG Road,3678,Weekend,False,Clear,False,0.0,False,False,0.812,Severe,15.1,49.2,253.3,0.144,0.332,0.955,Heavy congestion detected - signal timing extended and reroute suggested
EVT416072,2025-05-26 09:03:07,Concert,J040,City Market,10417,Weekday,False,Clear,False,0.0,False,False,1.0,Severe,7.4,71.7,689.6,0.209,0.482,0.924,Heavy congestion detected - signal timing extended and reroute suggested
EVT416073,2026-03-01 12:24:50,Local Market Day,J011,Indiranagar 100ft Road,4095,Weekend,False,Clear,False,0.0,False,False,0.338,Low,25.6,23.7,88.4,0.062,0.144,0.967,Moderate traffic flow - standard adaptive signal timing in effect
EVT416074,2025-04-09 12:38:25,Concert,J009,Majestic,13150,Weekday,False,Clear,False,0.0,False,False,0.279,Low,35.5,15.4,178.1,0.172,0.396,0.98,Moderate traffic flow - standard adaptive signal timing in effect
EVT416075,2026-02-03 16:00:58,Political Rally,J030,MG Road,9112,Weekday,False,Clear,False,0.0,False,False,0.507,Moderate,26.3,36.6,266.0,0.218,0.503,0.969,Moderate traffic flow - standard adaptive signal timing in effect
EVT416076,2025-03-15 07:51:27,Religious Festival,J012,Koramangala Sony World,26203,Weekend,True,Clear,False,0.0,False,False,1.0,Severe,8.1,72.3,570.3,0.215,0.498,0.883,Festival crowd surge detected - alternate route and extended cycle recommended
EVT416077,2025-12-13 08:24:34,Trade Fair,J020,Malleshwaram Circle,8349,Weekend,False,Light Rain,True,3.4,False,False,0.931,Severe,11.9,68.2,387.0,0.184,0.425,0.875,Heavy rain reducing visibility and grip - reduced speed and longer buffer advised
EVT416078,2026-05-03 06:13:15,Trade Fair,J020,Malleshwaram Circle,8666,Weekend,False,Clear,False,0.0,False,False,0.356,Moderate,18.6,20.3,183.6,0.092,0.213,0.964,Moderate traffic flow - standard adaptive signal timing in effect
EVT416079,2025-07-18 09:23:47,Trade Fair,J011,Indiranagar 100ft Road,13019,Weekday,False,Clear,False,0.0,False,False,1.0,Severe,10.5,65.3,402.9,0.178,0.41,0.904,Heavy congestion detected - signal timing extended and reroute suggested
EVT416080,2025-10-10 15:58:42,Sports Fixture,J009,Majestic,18503,Weekday,False,Clear,False,0.0,False,False,0.498,Moderate,26.2,38.3,241.1,0.182,0.421,0.976,Moderate traffic flow - standard adaptive signal timing in effect
EVT416081,2025-11-11 08:51:44,Political Rally,J031,Cubbon Road,16128,Weekday,False,Clear,False,0.0,False,False,1.0,Severe,8.9,61.5,303.0,0.114,0.263,0.915,Heavy congestion detected - signal timing extended and reroute suggested
EVT416082,2026-03-28 17:59:15,Concert,J009,Majestic,9208,Weekend,False,Light Rain,True,0.8,False,False,0.914,Severe,10.6,69.4,622.1,0.237,0.548,0.891,Heavy rain reducing visibility and grip - reduced speed and longer buffer advised
EVT416083,2026-02-21 16:55:56,Local Market Day,J009,Majestic,3267,Weekend,False,Clear,False,0.0,False,False,0.721,High,17.8,50.2,337.2,0.207,0.478,0.975,Moderate traffic flow - standard adaptive signal timing in effect
EVT416084,2026-06-12 16:07:28,Local Market Day,J023,Basavanagudi,3603,Weekday,False,Clear,False,0.0,False,False,0.423,Moderate,26.4,27.4,136.7,0.114,0.262,0.982,Moderate traffic flow - standard adaptive signal timing in effect
EVT416085,2026-02-14 09:56:40,Trade Fair,J031,Cubbon Road,9960,Weekend,False,Clear,False,0.0,False,False,0.763,Severe,14.5,44.2,434.2,0.217,0.501,0.933,Heavy congestion detected - signal timing extended and reroute suggested
EVT416086,2025-04-24 10:05:32,Sports Fixture,J040,City Market,14900,Weekday,False,Clear,False,0.0,False,False,0.787,Severe,11.0,60.1,391.7,0.148,0.342,0.947,Heavy congestion detected - signal timing extended and reroute suggested
EVT416087,2025-05-25 15:22:08,Sports Fixture,J031,Cubbon Road,16030,Weekend,False,Clear,False,0.0,False,False,0.333,Low,28.6,18.0,198.8,0.166,0.384,0.973,Moderate traffic flow - standard adaptive signal timing in effect
EVT416088,2025-05-28 18:05:31,Political Rally,J023,Basavanagudi,13993,Weekday,False,Rain,True,14.1,False,False,1.0,Severe,9.4,73.6,278.3,0.113,0.26,0.841,Heavy rain reducing visibility and grip - reduced speed and longer buffer advised
EVT416089,2025-01-26 17:25:58,Religious Festival,J031,Cubbon Road,33483,Weekend,True,Clear,False,0.0,False,True,1.0,Severe,9.3,109.6,539.9,0.227,0.525,0.834,Road closure for event/procession - full detour recommended for through-traffic
EVT416090,2025-08-26 13:30:54,Concert,J040,City Market,19998,Weekday,False,Clear,False,0.0,False,False,0.302,Low,33.9,22.2,121.4,0.131,0.302,0.962,Moderate traffic flow - standard adaptive signal timing in effect
EVT416091,2025-07-20 12:01:12,Concert,J011,Indiranagar 100ft Road,12256,Weekend,False,Clear,False,0.0,False,False,0.303,Low,25.2,16.3,203.3,0.133,0.308,0.974,Moderate traffic flow - standard adaptive signal timing in effect
EVT416092,2025-10-29 16:20:35,Local Market Day,J012,Koramangala Sony World,3968,Weekday,False,Clear,False,0.0,False,False,0.559,High,24.1,38.8,219.6,0.162,0.374,0.968,Moderate traffic flow - standard adaptive signal timing in effect
EVT416093,2025-08-03 13:24:57,Local Market Day,J020,Malleshwaram Circle,2811,Weekend,False,Clear,False,0.0,False,False,0.262,Low,30.1,17.1,197.3,0.154,0.355,0.982,Moderate traffic flow - standard adaptive signal timing in effect
EVT416094,2026-06-06 09:26:28,Trade Fair,J020,Malleshwaram Circle,6164,Weekend,False,Clear,False,0.0,False,False,0.879,Severe,12.5,68.8,369.2,0.18,0.416,0.944,Heavy congestion detected - signal timing extended and reroute suggested
EVT416095,2026-02-01 17:20:38,Trade Fair,J031,Cubbon Road,7707,Weekend,False,Clear,False,0.0,False,False,0.759,Severe,21.6,47.4,149.0,0.118,0.272,0.977,Heavy congestion detected - signal timing extended and reroute suggested
EVT416096,2025-04-14 21:38:38,Religious Festival,J040,City Market,58546,Weekday,True,Clear,False,0.0,False,True,1.0,Severe,9.5,109.8,483.2,0.188,0.435,0.835,Road closure for event/procession - full detour recommended for through-traffic
EVT416097,2025-06-30 18:52:01,Local Market Day,J009,Majestic,3876,Weekday,False,Heavy Rain,True,28.3,False,False,1.0,Severe,7.9,70.4,789.7,0.258,0.596,0.861,Heavy rain reducing visibility and grip - reduced speed and longer buffer advised
EVT416098,2025-06-21 21:56:32,Trade Fair,J023,Basavanagudi,10469,Weekend,False,Light Rain,True,5.5,False,False,0.447,Moderate,25.9,31.7,123.3,0.09,0.209,0.923,Light rain detected - minor speed reduction advised
EVT416099,2025-06-06 12:00:48,Political Rally,J031,Cubbon Road,8786,Weekday,False,Heavy Rain,True,30.3,False,False,0.574,High,24.9,41.3,98.9,0.073,0.168,0.922,Heavy rain reducing visibility and grip - reduced speed and longer buffer advised
EVT416100,2025-09-23 08:05:08,Local Market Day,J011,Indiranagar 100ft Road,4651,Weekday,False,Rain,True,20.4,False,False,1.0,Severe,8.9,72.9,569.5,0.204,0.471,0.878,Heavy rain reducing visibility and grip - reduced speed and longer buffer advised
EVT416101,2025-12-20 16:04:00,Political Rally,J023,Basavanagudi,14077,Weekend,False,Clear,False,0.0,False,False,0.501,Moderate,26.0,26.4,245.8,0.182,0.421,0.974,Moderate traffic flow - standard adaptive signal timing in effect
EVT416102,2026-02-22 13:11:25,Sports Fixture,J030,MG Road,19275,Weekend,False,Clear,False,0.0,False,False,0.327,Low,31.2,26.2,142.2,0.136,0.313,0.962,Moderate traffic flow - standard adaptive signal timing in effect
EVT416103,2026-02-11 12:36:33,Concert,J011,Indiranagar 100ft Road,18009,Weekday,False,Clear,False,0.0,False,False,0.259,Low,31.9,20.0,71.2,0.039,0.09,0.973,Moderate traffic flow - standard adaptive signal timing in effect
EVT416104,2026-03-29 10:39:49,Political Rally,J012,Koramangala Sony World,13138,Weekend,False,Clear,False,0.0,False,False,0.579,High,19.4,41.8,251.1,0.165,0.381,0.959,Moderate traffic flow - standard adaptive signal timing in effect
EVT416105,2026-01-30 18:00:12,Concert,J011,Indiranagar 100ft Road,12817,Weekday,False,Clear,False,0.0,False,False,0.973,Severe,9.1,68.8,407.3,0.162,0.373,0.927,Heavy congestion detected - signal timing extended and reroute suggested
EVT416106,2026-04-09 18:45:51,Trade Fair,J040,City Market,8029,Weekday,False,Clear,False,0.0,False,False,1.0,Severe,6.3,75.1,372.5,0.131,0.302,0.904,Heavy congestion detected - signal timing extended and reroute suggested
EVT416107,2025-08-09 09:15:07,Concert,J030,MG Road,30005,Weekend,False,Heavy Rain,True,35.6,False,False,1.0,Severe,7.9,65.6,529.8,0.174,0.403,0.861,Heavy rain reducing visibility and grip - reduced speed and longer buffer advised
EVT416108,2025-11-06 08:46:17,Trade Fair,J023,Basavanagudi,7701,Weekday,False,Clear,False,0.0,False,False,1.0,Severe,6.3,69.8,521.1,0.128,0.295,0.903,Heavy congestion detected - signal timing extended and reroute suggested
EVT416109,2025-10-25 14:18:16,Local Market Day,J020,Malleshwaram Circle,4066,Weekend,False,Clear,False,0.0,False,False,0.274,Low,33.8,26.0,149.4,0.115,0.266,0.942,Moderate traffic flow - standard adaptive signal timing in effect
EVT416110,2026-01-29 09:14:55,Trade Fair,J012,Koramangala Sony World,10161,Weekday,False,Clear,False,0.0,False,False,1.0,Severe,9.2,72.1,586.7,0.205,0.474,0.937,Heavy congestion detected - signal timing extended and reroute suggested
EVT416111,2026-05-30 07:18:16,Local Market Day,J030,MG Road,5881,Weekend,False,Rain,True,8.2,False,False,0.654,High,20.2,48.8,200.4,0.132,0.305,0.913,Heavy rain reducing visibility and grip - reduced speed and longer buffer advised
EVT416112,2026-01-06 19:43:22,Political Rally,J030,MG Road,11248,Weekday,False,Clear,False,0.0,False,False,0.851,Severe,12.7,62.8,453.7,0.22,0.507,0.976,Heavy congestion detected - signal timing extended and reroute suggested
EVT416113,2025-05-18 16:02:49,Sports Fixture,J009,Majestic,27952,Weekend,False,Clear,False,0.0,False,False,0.608,High,20.5,48.0,250.8,0.167,0.387,0.946,Moderate traffic flow - standard adaptive signal timing in effect
EVT416114,2025-01-24 08:56:43,Concert,J011,Indiranagar 100ft Road,18625,Weekday,False,Clear,False,0.0,False,False,1.0,Severe,9.4,75.5,454.7,0.199,0.46,0.935,Heavy congestion detected - signal timing extended and reroute suggested
EVT416115,2026-04-14 20:55:46,Cultural Procession,J031,Cubbon Road,13985,Weekday,True,Clear,False,0.0,False,True,0.883,High,12.6,87.0,582.5,0.27,0.623,0.858,Road closure for event/procession - full detour recommended for through-traffic
EVT416116,2025-03-21 19:28:21,Concert,J031,Cubbon Road,11435,Weekday,False,Clear,False,0.0,False,False,0.903,Severe,9.0,64.1,593.1,0.218,0.505,0.948,Heavy congestion detected - signal timing extended and reroute suggested
EVT416117,2025-05-18 09:52:29,Local Market Day,J012,Koramangala Sony World,3095,Weekend,False,Clear,False,0.0,False,False,0.669,High,16.6,49.1,152.9,0.075,0.174,0.988,Moderate traffic flow - standard adaptive signal timing in effect
EVT416118,2025-12-23 18:44:40,Local Market Day,J020,Malleshwaram Circle,3631,Weekday,False,Clear,False,0.0,False,False,1.0,Severe,9.6,71.8,719.9,0.287,0.663,0.917,Heavy congestion detected - signal timing extended and reroute suggested
EVT416119,2026-04-30 17:39:11,Sports Fixture,J020,Malleshwaram Circle,23723,Weekday,False,Clear,False,0.0,False,False,1.0,Severe,9.2,69.9,526.1,0.198,0.456,0.912,Heavy congestion detected - signal timing extended and reroute suggested
EVT416120,2025-08-21 13:33:28,Local Market Day,J030,MG Road,3777,Weekday,False,Heavy Rain,True,40.6,False,False,0.58,High,22.1,39.2,179.9,0.142,0.327,0.933,Heavy rain reducing visibility and grip - reduced speed and longer buffer advised
EVT416121,2025-01-23 04:26:14,Political Rally,J031,Cubbon Road,13721,Weekday,False,Fog,False,0.0,False,False,0.27,Low,32.3,11.6,187.6,0.149,0.345,0.959,Moderate traffic flow - standard adaptive signal timing in effect
EVT416122,2025-03-06 17:39:14,Local Market Day,J031,Cubbon Road,4047,Weekday,False,Light Rain,True,6.7,False,False,1.0,Severe,8.3,71.1,428.6,0.15,0.346,0.85,Heavy rain reducing visibility and grip - reduced speed and longer buffer advised
EVT416123,2026-04-17 18:12:19,Local Market Day,J031,Cubbon Road,2774,Weekday,False,Clear,False,0.0,False,False,0.995,Severe,9.7,66.3,779.8,0.321,0.742,0.923,Heavy congestion detected - signal timing extended and reroute suggested
EVT416124,2025-11-03 01:31:10,Concert,J030,MG Road,4556,Weekday,False,Clear,False,0.0,True,False,0.572,High,20.6,42.7,176.0,0.124,0.286,0.817,Accident detected nearby - reroute and reduced speed advised
EVT416125,2026-06-02 17:25:39,Local Market Day,J009,Majestic,3122,Weekday,False,Clear,False,0.0,False,False,0.839,Severe,10.6,63.1,784.9,0.276,0.637,0.934,Heavy congestion detected - signal timing extended and reroute suggested
EVT416126,2026-05-01 17:36:53,Fireworks Display,J023,Basavanagudi,20694,Weekday,True,Light Rain,True,6.5,False,False,1.0,Severe,7.4,75.4,666.4,0.214,0.495,0.818,Festival crowd surge detected - alternate route and extended cycle recommended
EVT416127,2026-01-31 18:12:20,Sports Fixture,J020,Malleshwaram Circle,23960,Weekend,False,Clear,False,0.0,False,False,0.989,Severe,8.5,65.3,605.7,0.197,0.455,0.903,Heavy congestion detected - signal timing extended and reroute suggested
EVT416128,2025-02-12 22:42:49,Trade Fair,J031,Cubbon Road,16158,Weekday,False,Clear,False,0.0,False,False,0.303,Low,30.3,11.5,124.1,0.098,0.226,0.99,Moderate traffic flow - standard adaptive signal timing in effect
EVT416129,2025-06-06 18:17:53,Local Market Day,J011,Indiranagar 100ft Road,3908,Weekday,False,Clear,False,0.0,False,False,1.0,Severe,8.5,74.9,341.9,0.118,0.272,0.925,Heavy congestion detected - signal timing extended and reroute suggested
EVT416130,2026-06-09 12:50:45,Trade Fair,J023,Basavanagudi,10253,Weekday,False,Rain,True,18.0,False,False,0.41,Moderate,32.1,24.8,148.9,0.127,0.293,0.908,Light rain detected - minor speed reduction advised
EVT416131,2025-11-10 21:18:42,Local Market Day,J023,Basavanagudi,3935,Weekday,False,Clear,False,0.0,False,False,0.386,Moderate,24.3,26.8,114.8,0.074,0.171,0.98,Moderate traffic flow - standard adaptive signal timing in effect
EVT416132,2026-03-25 10:55:30,Trade Fair,J031,Cubbon Road,6037,Weekday,False,Clear,False,0.0,False,False,0.499,Moderate,22.9,36.8,146.8,0.107,0.246,0.969,Moderate traffic flow - standard adaptive signal timing in effect
EVT416133,2025-03-28 17:15:08,Sports Fixture,J011,Indiranagar 100ft Road,25374,Weekday,False,Clear,False,0.0,False,False,0.92,Severe,11.4,69.0,594.7,0.273,0.63,0.915,Heavy congestion detected - signal timing extended and reroute suggested
EVT416134,2025-01-05 18:03:24,Political Rally,J040,City Market,9868,Weekend,False,Clear,False,0.0,False,False,0.922,Severe,10.4,63.6,474.1,0.188,0.435,0.93,Heavy congestion detected - signal timing extended and reroute suggested
EVT416135,2025-06-30 13:31:39,Concert,J031,Cubbon Road,13535,Weekday,False,Clear,False,0.0,False,False,0.215,Low,34.7,14.7,122.5,0.092,0.212,0.951,Normal free-flow traffic - standard signal timing maintained
EVT416136,2025-06-11 04:31:10,Local Market Day,J012,Koramangala Sony World,3922,Weekday,False,Clear,False,0.0,False,False,0.168,Low,36.9,13.6,49.4,0.039,0.09,0.97,Normal free-flow traffic - standard signal timing maintained
EVT416137,2025-02-02 17:25:59,Trade Fair,J040,City Market,21264,Weekend,False,Clear,False,0.0,False,False,0.857,Severe,11.1,60.4,188.6,0.09,0.209,0.948,Heavy congestion detected - signal timing extended and reroute suggested
EVT416138,2025-05-28 08:29:51,Local Market Day,J023,Basavanagudi,3125,Weekday,False,Clear,False,0.0,False,False,0.9,Severe,10.0,63.3,398.0,0.166,0.383,0.926,Heavy congestion detected - signal timing extended and reroute suggested
EVT416139,2026-03-03 09:48:04,Trade Fair,J040,City Market,9588,Weekday,False,Clear,False,0.0,False,False,0.883,Severe,13.8,64.9,346.0,0.171,0.396,0.915,Heavy congestion detected - signal timing extended and reroute suggested
EVT416140,2025-05-20 15:44:56,Concert,J011,Indiranagar 100ft Road,15181,Weekday,False,Clear,False,0.0,False,False,0.416,Moderate,21.1,30.5,342.5,0.206,0.475,0.968,Moderate traffic flow - standard adaptive signal timing in effect
EVT416141,2026-04-06 07:36:13,Local Market Day,J030,MG Road,4911,Weekday,False,Clear,False,0.0,False,False,0.538,Moderate,25.3,40.8,263.2,0.19,0.438,0.959,Moderate traffic flow - standard adaptive signal timing in effect
EVT416142,2025-03-11 10:38:33,Local Market Day,J030,MG Road,4302,Weekday,False,Clear,False,0.0,False,False,0.533,Moderate,23.8,33.0,215.9,0.158,0.364,0.955,Moderate traffic flow - standard adaptive signal timing in effect
EVT416143,2026-03-05 07:43:13,Cultural Procession,J040,City Market,15467,Weekday,True,Clear,False,0.0,False,True,1.0,Severe,7.7,99.0,942.8,0.312,0.721,0.847,Road closure for event/procession - full detour recommended for through-traffic
EVT416144,2025-07-25 13:50:33,Concert,J012,Koramangala Sony World,10661,Weekday,False,Heavy Rain,True,49.0,False,False,0.552,High,22.9,38.3,194.9,0.132,0.304,0.915,Heavy rain reducing visibility and grip - reduced speed and longer buffer advised
EVT416145,2025-07-19 20:07:10,Sports Fixture,J020,Malleshwaram Circle,8441,Weekend,False,Heavy Rain,True,27.8,False,False,0.941,Severe,10.7,65.2,484.0,0.209,0.484,0.893,Heavy rain reducing visibility and grip - reduced speed and longer buffer advised
EVT416146,2026-03-24 18:08:07,Trade Fair,J031,Cubbon Road,10784,Weekday,False,Fog,False,0.0,False,False,1.0,Severe,8.7,68.3,755.9,0.269,0.622,0.925,Heavy congestion detected - signal timing extended and reroute suggested
EVT416147,2025-08-31 09:51:39,Sports Fixture,J023,Basavanagudi,23443,Weekend,False,Rain,True,12.9,False,False,1.0,Severe,8.9,70.2,457.4,0.169,0.389,0.871,Heavy rain reducing visibility and grip - reduced speed and longer buffer advised
EVT416148,2025-03-07 19:41:24,Trade Fair,J009,Majestic,13867,Weekday,False,Clear,False,0.0,False,False,0.873,Severe,14.3,64.1,291.6,0.163,0.378,0.931,Heavy congestion detected - signal timing extended and reroute suggested
EVT416149,2026-03-21 17:36:52,Concert,J031,Cubbon Road,6209,Weekend,False,Fog,False,0.0,False,False,0.808,Severe,14.0,47.6,424.1,0.213,0.493,0.979,Heavy congestion detected - signal timing extended and reroute suggested
EVT416150,2026-04-08 17:58:05,Sports Fixture,J009,Majestic,16376,Weekday,False,Clear,False,0.0,False,False,0.909,Severe,11.6,68.3,350.2,0.155,0.357,0.929,Heavy congestion detected - signal timing extended and reroute suggested
EVT416151,2025-08-10 14:49:15,Trade Fair,J023,Basavanagudi,7865,Weekend,False,Clear,False,0.0,False,False,0.396,Moderate,23.0,24.3,238.8,0.142,0.328,0.965,Moderate traffic flow - standard adaptive signal timing in effect
EVT416152,2026-01-13 13:33:28,Concert,J009,Majestic,15490,Weekday,False,Clear,False,0.0,False,False,0.28,Low,30.3,20.6,114.9,0.079,0.182,0.984,Moderate traffic flow - standard adaptive signal timing in effect
EVT416153,2026-01-28 06:49:23,Concert,J012,Koramangala Sony World,18656,Weekday,False,Clear,False,0.0,False,False,0.48,Moderate,23.9,32.8,218.4,0.135,0.312,0.961,Moderate traffic flow - standard adaptive signal timing in effect
EVT416154,2026-02-12 17:31:10,Concert,J020,Malleshwaram Circle,8743,Weekday,False,Clear,False,0.0,False,False,0.947,Severe,11.4,60.0,573.7,0.229,0.53,0.923,Heavy congestion detected - signal timing extended and reroute suggested
EVT416155,2025-11-02 07:31:06,Fireworks Display,J020,Malleshwaram Circle,19580,Weekend,True,Clear,False,0.0,False,False,0.93,Severe,10.4,68.2,375.0,0.146,0.337,0.888,Festival crowd surge detected - alternate route and extended cycle recommended
EVT416156,2025-12-23 18:18:34,Local Market Day,J011,Indiranagar 100ft Road,4381,Weekday,False,Clear,False,0.0,False,False,1.0,Severe,9.1,72.0,597.0,0.21,0.485,0.928,Heavy congestion detected - signal timing extended and reroute suggested
EVT416157,2025-09-17 08:39:59,Sports Fixture,J030,MG Road,20345,Weekday,False,Clear,False,0.0,False,False,1.0,Severe,7.2,72.2,956.9,0.297,0.686,0.876,Heavy congestion detected - signal timing extended and reroute suggested
EVT416158,2025-10-26 08:27:01,Trade Fair,J020,Malleshwaram Circle,7629,Weekend,False,Clear,False,0.0,False,False,0.795,Severe,18.5,54.2,149.3,0.086,0.199,0.972,Heavy congestion detected - signal timing extended and reroute suggested
EVT416159,2025-03-06 17:50:12,Concert,J023,Basavanagudi,14153,Weekday,False,Clear,False,0.0,False,False,0.997,Severe,9.1,76.1,550.9,0.216,0.5,0.927,Heavy congestion detected - signal timing extended and reroute suggested
EVT416160,2025-07-24 17:28:51,Local Market Day,J009,Majestic,4543,Weekday,False,Heavy Rain,True,90.8,False,False,1.0,Severe,10.3,68.2,677.0,0.261,0.602,0.885,Heavy rain reducing visibility and grip - reduced speed and longer buffer advised
EVT416161,2025-08-13 08:15:54,Local Market Day,J030,MG Road,6156,Weekday,False,Clear,False,0.0,False,False,0.848,Severe,13.7,61.5,267.5,0.136,0.315,0.965,Heavy congestion detected - signal timing extended and reroute suggested
EVT416162,2025-01-06 18:46:45,Local Market Day,J030,MG Road,8479,Weekday,False,Clear,False,0.0,False,False,1.0,Severe,7.7,74.4,544.2,0.181,0.418,0.92,Heavy congestion detected - signal timing extended and reroute suggested
EVT416163,2025-02-22 11:02:54,Sports Fixture,J011,Indiranagar 100ft Road,24550,Weekend,False,Clear,False,0.0,False,False,0.574,High,18.8,42.5,206.3,0.112,0.258,0.973,Moderate traffic flow - standard adaptive signal timing in effect
EVT416164,2026-02-12 20:20:25,Trade Fair,J023,Basavanagudi,8448,Weekday,False,Clear,False,0.0,False,False,0.666,High,17.9,53.5,231.1,0.126,0.291,0.944,Moderate traffic flow - standard adaptive signal timing in effect
EVT416165,2025-07-11 11:48:11,Political Rally,J020,Malleshwaram Circle,11314,Weekday,False,Clear,False,0.0,False,False,0.272,Low,36.9,16.5,90.8,0.103,0.238,0.966,Moderate traffic flow - standard adaptive signal timing in effect
EVT416166,2025-01-20 17:17:54,Local Market Day,J020,Malleshwaram Circle,4666,Weekday,False,Clear,False,0.0,False,False,0.816,Severe,14.2,59.4,379.5,0.186,0.43,0.938,Heavy congestion detected - signal timing extended and reroute suggested
EVT416167,2025-05-24 09:08:46,Concert,J009,Majestic,8804,Weekend,False,Clear,False,0.0,False,False,0.779,Severe,9.5,55.9,504.2,0.181,0.418,0.965,Heavy congestion detected - signal timing extended and reroute suggested
EVT416168,2025-05-09 09:01:28,Concert,J009,Majestic,11666,Weekday,False,Clear,False,0.0,False,False,1.0,Severe,8.9,69.7,786.4,0.286,0.662,0.888,Heavy congestion detected - signal timing extended and reroute suggested
EVT416169,2025-08-23 07:12:11,Trade Fair,J020,Malleshwaram Circle,11861,Weekend,False,Clear,False,0.0,False,False,0.536,Moderate,22.6,42.3,179.9,0.12,0.277,0.99,Moderate traffic flow - standard adaptive signal timing in effect
EVT416170,2025-05-31 08:24:03,Local Market Day,J023,Basavanagudi,6221,Weekend,False,Rain,True,12.7,False,False,0.978,Severe,8.0,67.2,443.6,0.163,0.376,0.874,Heavy rain reducing visibility and grip - reduced speed and longer buffer advised
EVT416171,2025-01-13 21:58:59,Concert,J030,MG Road,8555,Weekday,False,Clear,False,0.0,False,False,0.299,Low,29.8,18.3,151.6,0.118,0.271,0.979,Moderate traffic flow - standard adaptive signal timing in effect
EVT416172,2025-10-21 17:08:04,Cultural Procession,J020,Malleshwaram Circle,15537,Weekday,True,Clear,False,0.0,False,False,1.0,Severe,7.9,75.3,1121.9,0.363,0.839,0.881,Festival crowd surge detected - alternate route and extended cycle recommended
EVT416173,2025-01-03 08:56:05,Sports Fixture,J020,Malleshwaram Circle,16022,Weekday,False,Clear,False,0.0,False,False,1.0,Severe,8.4,74.5,576.9,0.211,0.487,0.899,Heavy congestion detected - signal timing extended and reroute suggested
EVT416174,2026-04-15 17:48:27,Fireworks Display,J012,Koramangala Sony World,33038,Weekday,True,Clear,False,0.0,False,False,1.0,Severe,8.4,70.9,434.2,0.161,0.372,0.856,Festival crowd surge detected - alternate route and extended cycle recommended
EVT416175,2025-10-12 08:54:09,Local Market Day,J011,Indiranagar 100ft Road,5725,Weekend,False,Heavy Rain,True,25.7,False,False,1.0,Severe,8.2,65.7,432.5,0.149,0.344,0.863,Heavy rain reducing visibility and grip - reduced speed and longer buffer advised
EVT416176,2025-01-27 13:56:14,Religious Festival,J020,Malleshwaram Circle,26401,Weekday,True,Fog,False,0.0,False,False,0.497,Moderate,21.9,39.3,288.3,0.169,0.39,0.881,Moderate traffic flow - standard adaptive signal timing in effect
EVT416177,2025-05-23 16:10:57,Sports Fixture,J020,Malleshwaram Circle,34203,Weekday,False,Heavy Rain,True,26.6,False,False,0.931,Severe,11.2,67.3,506.6,0.227,0.525,0.879,Heavy rain reducing visibility and grip - reduced speed and longer buffer advised
EVT416178,2025-04-11 14:51:01,Local Market Day,J020,Malleshwaram Circle,3109,Weekday,False,Clear,False,0.0,False,False,0.287,Low,29.5,22.5,98.7,0.062,0.142,0.973,Moderate traffic flow - standard adaptive signal timing in effect
EVT416179,2025-11-20 07:22:54,Sports Fixture,J031,Cubbon Road,18133,Weekday,False,Clear,False,0.0,False,False,0.647,High,15.3,39.9,473.7,0.239,0.552,0.965,Moderate traffic flow - standard adaptive signal timing in effect
EVT416180,2025-01-19 17:48:38,Concert,J020,Malleshwaram Circle,11511,Weekend,False,Clear,False,0.0,False,False,0.926,Severe,11.7,63.4,313.7,0.155,0.359,0.901,Heavy congestion detected - signal timing extended and reroute suggested
EVT416181,2026-05-22 17:18:38,Concert,J011,Indiranagar 100ft Road,9572,Weekday,False,Clear,False,0.0,False,False,0.913,Severe,10.7,65.9,243.2,0.114,0.264,0.931,Heavy congestion detected - signal timing extended and reroute suggested
EVT416182,2025-04-17 18:57:23,Trade Fair,J020,Malleshwaram Circle,16567,Weekday,False,Clear,False,0.0,False,False,1.0,Severe,8.2,72.2,830.7,0.267,0.618,0.887,Heavy congestion detected - signal timing extended and reroute suggested
EVT416183,2026-04-04 09:12:50,Political Rally,J030,MG Road,18153,Weekend,False,Clear,False,0.0,False,False,0.922,Severe,8.1,62.7,496.0,0.167,0.387,0.91,Heavy congestion detected - signal timing extended and reroute suggested
EVT416184,2025-05-18 07:16:54,Local Market Day,J012,Koramangala Sony World,5781,Weekend,False,Heavy Rain,True,34.1,False,False,0.805,Severe,12.3,56.4,313.5,0.153,0.353,0.932,Heavy rain reducing visibility and grip - reduced speed and longer buffer advised
EVT416185,2025-07-06 18:52:31,Local Market Day,J030,MG Road,4075,Weekend,False,Clear,False,0.0,False,False,0.799,Severe,16.9,57.4,291.1,0.178,0.411,0.961,Heavy congestion detected - signal timing extended and reroute suggested
EVT416186,2026-05-26 08:34:30,Local Market Day,J031,Cubbon Road,3725,Weekday,False,Clear,False,0.0,False,False,0.967,Severe,9.0,68.8,356.4,0.147,0.341,0.918,Heavy congestion detected - signal timing extended and reroute suggested
EVT416187,2025-07-24 09:43:36,Local Market Day,J009,Majestic,4128,Weekday,False,Clear,False,0.0,False,False,0.868,Severe,13.8,72.8,503.0,0.234,0.541,0.934,Heavy congestion detected - signal timing extended and reroute suggested
EVT416188,2025-01-18 18:41:21,Sports Fixture,J030,MG Road,22294,Weekend,False,Clear,False,0.0,False,False,0.967,Severe,9.2,72.9,581.7,0.211,0.488,0.895,Heavy congestion detected - signal timing extended and reroute suggested
EVT416189,2026-05-13 17:35:55,Local Market Day,J009,Majestic,3787,Weekday,False,Clear,False,0.0,False,False,0.864,Severe,14.6,60.4,357.8,0.197,0.455,0.944,Heavy congestion detected - signal timing extended and reroute suggested
EVT416190,2026-03-17 17:43:29,Concert,J040,City Market,20267,Weekday,False,Clear,False,0.0,False,False,1.0,Severe,8.9,69.4,482.6,0.182,0.421,0.925,Heavy congestion detected - signal timing extended and reroute suggested
EVT416191,2026-03-07 10:49:03,Local Market Day,J011,Indiranagar 100ft Road,4520,Weekend,False,Clear,False,0.0,False,False,0.536,Moderate,25.8,41.9,202.7,0.151,0.349,0.96,Moderate traffic flow - standard adaptive signal timing in effect
EVT416192,2025-06-25 11:06:51,Sports Fixture,J011,Indiranagar 100ft Road,24694,Weekday,False,Clear,False,0.0,False,False,0.557,High,26.0,40.1,297.1,0.22,0.509,0.984,Moderate traffic flow - standard adaptive signal timing in effect
EVT416193,2025-03-30 21:46:54,Religious Festival,J009,Majestic,40457,Weekend,True,Clear,False,0.0,False,False,0.691,High,18.8,47.6,157.3,0.104,0.24,0.904,Festival crowd surge detected - alternate route and extended cycle recommended
EVT416194,2025-02-19 18:38:14,Sports Fixture,J020,Malleshwaram Circle,23974,Weekday,False,Clear,False,0.0,False,False,1.0,Severe,7.0,70.0,883.7,0.26,0.6,0.933,Heavy congestion detected - signal timing extended and reroute suggested
EVT416195,2025-03-27 12:49:36,Trade Fair,J012,Koramangala Sony World,3720,Weekday,False,Clear,False,0.0,False,False,0.222,Low,28.9,21.5,151.4,0.135,0.311,0.978,Normal free-flow traffic - standard signal timing maintained
EVT416196,2025-12-01 11:52:04,Concert,J040,City Market,11645,Weekday,False,Clear,False,0.0,False,False,0.287,Low,25.0,24.4,201.0,0.128,0.296,0.955,Moderate traffic flow - standard adaptive signal timing in effect
EVT416197,2025-04-28 17:34:25,Local Market Day,J009,Majestic,2791,Weekday,False,Clear,False,0.0,False,False,0.837,Severe,12.9,57.3,546.7,0.234,0.541,0.971,Heavy congestion detected - signal timing extended and reroute suggested
EVT416198,2025-11-16 14:55:07,Trade Fair,J040,City Market,9628,Weekend,False,Clear,False,0.0,False,False,0.319,Low,30.3,21.8,144.0,0.107,0.248,0.99,Moderate traffic flow - standard adaptive signal timing in effect
EVT416199,2025-04-14 14:06:06,Religious Festival,J030,MG Road,62189,Weekday,True,Fog,False,0.0,False,True,0.879,High,12.4,87.4,316.2,0.162,0.374,0.857,Road closure for event/procession - full detour recommended for through-traffic
EVT416200,2025-09-15 09:38:54,Political Rally,J030,MG Road,14950,Weekday,False,Clear,False,0.0,False,False,0.95,Severe,11.2,62.6,200.9,0.093,0.214,0.963,Heavy congestion detected - signal timing extended and reroute suggested
EVT416201,2026-04-02 13:54:15,Trade Fair,J012,Koramangala Sony World,12394,Weekday,False,Light Rain,True,4.4,False,False,0.293,Low,23.2,14.6,226.4,0.154,0.357,0.906,Light rain detected - minor speed reduction advised
EVT416202,2025-01-02 10:44:19,Local Market Day,J040,City Market,3171,Weekday,False,Clear,False,0.0,False,False,0.496,Moderate,27.6,32.5,112.6,0.09,0.208,0.98,Moderate traffic flow - standard adaptive signal timing in effect
EVT416203,2025-08-01 12:22:49,Political Rally,J020,Malleshwaram Circle,6160,Weekday,False,Clear,False,0.0,False,False,0.172,Low,25.5,8.7,154.4,0.094,0.216,0.972,Normal free-flow traffic - standard signal timing maintained
EVT416204,2026-06-28 15:22:18,Concert,J012,Koramangala Sony World,9398,Weekend,False,Clear,False,0.0,False,False,0.296,Low,23.4,18.0,206.6,0.126,0.29,0.961,Moderate traffic flow - standard adaptive signal timing in effect
EVT416205,2025-02-11 21:03:09,Trade Fair,J030,MG Road,11758,Weekday,False,Clear,False,0.0,False,False,0.439,Moderate,24.0,27.0,188.2,0.154,0.356,0.963,Moderate traffic flow - standard adaptive signal timing in effect
EVT416206,2025-06-06 20:09:30,Local Market Day,J040,City Market,2955,Weekday,False,Rain,True,7.9,False,False,0.675,High,17.0,38.4,205.8,0.116,0.268,0.901,Heavy rain reducing visibility and grip - reduced speed and longer buffer advised
EVT416207,2026-02-27 09:44:24,Trade Fair,J011,Indiranagar 100ft Road,9685,Weekday,False,Clear,False,0.0,False,False,1.0,Severe,9.3,74.5,286.4,0.115,0.267,0.915,Heavy congestion detected - signal timing extended and reroute suggested
EVT416208,2026-06-23 18:39:53,Local Market Day,J031,Cubbon Road,4810,Weekday,False,Clear,False,0.0,False,False,1.0,Severe,7.1,69.1,389.3,0.112,0.26,0.92,Heavy congestion detected - signal timing extended and reroute suggested
EVT416209,2026-03-29 09:01:55,Local Market Day,J040,City Market,5444,Weekend,False,Clear,False,0.0,False,False,0.858,Severe,11.6,64.3,319.3,0.124,0.286,0.942,Heavy congestion detected - signal timing extended and reroute suggested
EVT416210,2025-04-23 18:55:28,Local Market Day,J009,Majestic,5625,Weekday,False,Clear,False,0.0,False,False,0.951,Severe,11.5,66.7,422.4,0.179,0.414,0.935,Heavy congestion detected - signal timing extended and reroute suggested
EVT416211,2025-05-30 06:59:51,Local Market Day,J009,Majestic,5304,Weekday,False,Clear,False,0.0,False,False,0.465,Moderate,22.1,34.6,300.6,0.178,0.41,0.954,Moderate traffic flow - standard adaptive signal timing in effect
EVT416212,2025-12-09 11:48:02,Concert,J030,MG Road,9608,Weekday,False,Light Rain,True,1.1,False,False,0.358,Moderate,24.4,25.8,223.2,0.148,0.341,0.911,Light rain detected - minor speed reduction advised
EVT416213,2026-02-08 16:50:36,Local Market Day,J011,Indiranagar 100ft Road,2362,Weekend,False,Clear,False,0.0,False,False,0.541,Moderate,21.5,41.1,182.8,0.105,0.243,0.981,Moderate traffic flow - standard adaptive signal timing in effect
EVT416214,2026-01-22 16:32:09,Trade Fair,J023,Basavanagudi,13279,Weekday,False,Clear,False,0.0,False,False,0.589,High,24.8,41.2,263.5,0.221,0.511,0.977,Moderate traffic flow - standard adaptive signal timing in effect
EVT416215,2026-03-05 12:04:56,Cultural Procession,J023,Basavanagudi,17522,Weekday,True,Clear,False,0.0,False,True,0.684,Moderate,20.6,74.4,346.3,0.236,0.544,0.904,Road closure for event/procession - full detour recommended for through-traffic
EVT416216,2025-01-07 08:07:25,Trade Fair,J011,Indiranagar 100ft Road,14545,Weekday,False,Clear,False,0.0,False,False,0.92,Severe,11.7,64.5,518.7,0.249,0.575,0.939,Heavy congestion detected - signal timing extended and reroute suggested
EVT416217,2025-02-06 15:20:51,Local Market Day,J040,City Market,3967,Weekday,False,Clear,False,0.0,False,False,0.301,Low,30.9,20.4,107.0,0.093,0.215,0.943,Moderate traffic flow - standard adaptive signal timing in effect
EVT416218,2025-01-12 18:20:51,Concert,J031,Cubbon Road,10928,Weekend,False,Clear,False,0.0,False,False,0.874,Severe,12.6,62.7,251.6,0.128,0.295,0.93,Heavy congestion detected - signal timing extended and reroute suggested
EVT416219,2025-10-03 14:45:09,Fireworks Display,J009,Majestic,16439,Weekday,True,Rain,True,13.0,False,False,0.675,High,20.0,42.1,258.9,0.159,0.368,0.861,Festival crowd surge detected - alternate route and extended cycle recommended
EVT416220,2026-06-01 17:40:34,Concert,J011,Indiranagar 100ft Road,8286,Weekday,False,Rain,True,12.6,True,False,1.0,Severe,7.6,75.7,329.3,0.113,0.261,0.699,Accident detected nearby - reroute and reduced speed advised
EVT416221,2026-05-07 15:14:18,Concert,J012,Koramangala Sony World,8444,Weekday,False,Light Rain,True,7.1,False,False,0.457,Moderate,29.2,31.6,144.3,0.112,0.259,0.881,Light rain detected - minor speed reduction advised
EVT416222,2025-01-14 18:03:35,Religious Festival,J030,MG Road,84567,Weekday,True,Clear,False,0.0,False,True,1.0,Severe,7.6,95.4,402.0,0.152,0.352,0.83,Road closure for event/procession - full detour recommended for through-traffic
EVT416223,2026-01-10 18:41:09,Trade Fair,J023,Basavanagudi,7754,Weekend,False,Clear,False,0.0,False,False,0.966,Severe,10.5,69.8,515.1,0.215,0.498,0.97,Heavy congestion detected - signal timing extended and reroute suggested
EVT416224,2025-05-28 18:55:36,Trade Fair,J012,Koramangala Sony World,6557,Weekday,False,Clear,False,0.0,False,False,1.0,Severe,6.3,69.1,455.4,0.129,0.298,0.918,Heavy congestion detected - signal timing extended and reroute suggested
EVT416225,2025-11-02 10:46:52,Cultural Procession,J020,Malleshwaram Circle,19153,Weekend,True,Clear,False,0.0,False,True,0.925,Severe,13.3,93.3,405.3,0.199,0.46,0.882,Road closure for event/procession - full detour recommended for through-traffic
EVT416226,2025-09-26 15:43:41,Trade Fair,J030,MG Road,8008,Weekday,False,Clear,False,0.0,False,False,0.267,Low,35.4,17.7,135.0,0.129,0.298,0.977,Moderate traffic flow - standard adaptive signal timing in effect
EVT416227,2025-12-23 08:24:37,Trade Fair,J040,City Market,8893,Weekday,False,Clear,False,0.0,False,False,0.953,Severe,10.4,66.0,385.3,0.168,0.387,0.912,Heavy congestion detected - signal timing extended and reroute suggested
EVT416228,2025-05-22 01:21:52,Sports Fixture,J040,City Market,37811,Weekday,False,Clear,False,0.0,False,False,0.47,Moderate,29.5,33.4,193.0,0.158,0.365,0.977,Moderate traffic flow - standard adaptive signal timing in effect
EVT416229,2025-01-09 18:41:35,Concert,J011,Indiranagar 100ft Road,17485,Weekday,False,Clear,False,0.0,False,False,1.0,Severe,6.3,71.0,499.0,0.131,0.302,0.899,Heavy congestion detected - signal timing extended and reroute suggested
EVT416230,2025-07-08 20:57:57,Concert,J020,Malleshwaram Circle,5037,Weekday,False,Rain,True,21.8,False,False,0.69,High,18.8,54.6,295.6,0.192,0.443,0.911,Heavy rain reducing visibility and grip - reduced speed and longer buffer advised
EVT416231,2026-06-10 21:10:50,Concert,J020,Malleshwaram Circle,9804,Weekday,False,Rain,True,7.5,False,False,0.578,High,25.0,44.4,208.6,0.165,0.381,0.914,Heavy rain reducing visibility and grip - reduced speed and longer buffer advised
EVT416232,2025-03-17 17:02:46,Local Market Day,J020,Malleshwaram Circle,4053,Weekday,False,Clear,False,0.0,False,False,0.727,High,18.7,53.6,316.0,0.203,0.469,0.964,Moderate traffic flow - standard adaptive signal timing in effect
EVT416233,2025-06-15 22:17:13,Trade Fair,J030,MG Road,11907,Weekend,False,Clear,False,0.0,False,False,0.353,Moderate,31.9,28.3,143.9,0.13,0.3,0.937,Moderate traffic flow - standard adaptive signal timing in effect
EVT416234,2025-05-31 15:52:29,Local Market Day,J040,City Market,2165,Weekend,False,Clear,False,0.0,False,False,0.435,Moderate,26.6,32.8,251.4,0.178,0.411,0.971,Moderate traffic flow - standard adaptive signal timing in effect
EVT416235,2026-01-11 06:01:01,Local Market Day,J020,Malleshwaram Circle,4704,Weekend,False,Clear,False,0.0,False,False,0.199,Low,35.0,14.9,122.3,0.098,0.227,0.937,Normal free-flow traffic - standard signal timing maintained
EVT416236,2025-09-04 14:28:32,Local Market Day,J012,Koramangala Sony World,4505,Weekday,False,Rain,True,23.6,False,False,0.49,Moderate,22.9,35.8,277.8,0.194,0.448,0.921,Light rain detected - minor speed reduction advised
EVT416237,2026-03-11 10:34:53,Concert,J009,Majestic,7890,Weekday,False,Clear,False,0.0,False,False,0.627,High,24.9,50.1,270.5,0.201,0.465,0.955,Moderate traffic flow - standard adaptive signal timing in effect
EVT416238,2025-01-07 19:01:28,Local Market Day,J011,Indiranagar 100ft Road,2797,Weekday,False,Clear,False,0.0,False,False,0.962,Severe,8.0,65.1,579.1,0.183,0.423,0.924,Heavy congestion detected - signal timing extended and reroute suggested
EVT416239,2026-02-08 15:23:29,Concert,J011,Indiranagar 100ft Road,11280,Weekend,False,Clear,False,0.0,False,False,0.367,Moderate,26.9,28.3,207.1,0.17,0.393,0.982,Moderate traffic flow - standard adaptive signal timing in effect
EVT416240,2025-11-04 08:13:38,Concert,J009,Majestic,12717,Weekday,False,Clear,False,0.0,False,False,0.898,Severe,12.0,70.4,307.1,0.138,0.32,0.926,Heavy congestion detected - signal timing extended and reroute suggested
EVT416241,2026-01-26 16:15:14,Cultural Procession,J020,Malleshwaram Circle,11190,Weekday,True,Clear,False,0.0,False,False,0.798,Severe,15.2,59.6,342.9,0.165,0.382,0.889,Festival crowd surge detected - alternate route and extended cycle recommended
EVT416242,2025-01-17 20:29:45,Political Rally,J012,Koramangala Sony World,9273,Weekday,False,Clear,False,0.0,False,False,0.548,Moderate,27.6,39.6,232.3,0.194,0.447,0.948,Moderate traffic flow - standard adaptive signal timing in effect
EVT416243,2025-02-20 07:24:45,Concert,J012,Koramangala Sony World,9186,Weekday,False,Clear,False,0.0,False,False,0.604,High,20.2,49.9,135.5,0.083,0.191,0.973,Moderate traffic flow - standard adaptive signal timing in effect
EVT416244,2025-03-13 14:46:45,Trade Fair,J011,Indiranagar 100ft Road,10366,Weekday,False,Clear,False,0.0,False,False,0.183,Low,33.8,10.4,170.5,0.156,0.361,0.964,Normal free-flow traffic - standard signal timing maintained
EVT416245,2025-09-15 21:22:17,Sports Fixture,J031,Cubbon Road,39518,Weekday,False,Rain,True,16.7,False,False,0.708,High,16.7,52.5,280.1,0.153,0.354,0.868,Heavy rain reducing visibility and grip - reduced speed and longer buffer advised
EVT416246,2025-03-25 06:05:49,Sports Fixture,J030,MG Road,33387,Weekday,False,Clear,False,0.0,False,False,0.351,Moderate,18.3,21.4,257.4,0.134,0.309,0.97,Moderate traffic flow - standard adaptive signal timing in effect
EVT416247,2025-01-22 21:55:12,Trade Fair,J012,Koramangala Sony World,6840,Weekday,False,Clear,False,0.0,False,False,0.332,Low,28.7,25.1,175.3,0.144,0.333,0.962,Moderate traffic flow - standard adaptive signal timing in effect
EVT416248,2026-03-20 10:55:54,Religious Festival,J020,Malleshwaram Circle,42550,Weekday,True,Clear,False,0.0,False,True,1.0,Severe,8.2,99.8,876.6,0.305,0.705,0.848,Road closure for event/procession - full detour recommended for through-traffic
EVT416249,2026-03-08 21:59:53,Local Market Day,J011,Indiranagar 100ft Road,2947,Weekend,False,Clear,False,0.0,False,False,0.371,Moderate,25.6,31.8,165.1,0.121,0.28,0.969,Moderate traffic flow - standard adaptive signal timing in effect
EVT416250,2025-03-09 15:53:06,Local Market Day,J031,Cubbon Road,3957,Weekend,False,Clear,False,0.0,False,False,0.356,Moderate,24.6,27.8,168.2,0.096,0.222,0.99,Moderate traffic flow - standard adaptive signal timing in effect
EVT416251,2025-12-07 18:59:53,Trade Fair,J030,MG Road,6902,Weekend,False,Fog,False,0.0,False,False,0.861,Severe,13.7,56.7,225.5,0.098,0.227,0.934,Heavy congestion detected - signal timing extended and reroute suggested
EVT416252,2025-06-10 20:10:14,Local Market Day,J012,Koramangala Sony World,7284,Weekday,False,Clear,False,0.0,False,False,0.731,High,16.7,50.8,165.3,0.1,0.231,0.978,Moderate traffic flow - standard adaptive signal timing in effect
EVT416253,2026-04-15 19:57:54,Fireworks Display,J031,Cubbon Road,19812,Weekday,True,Clear,False,0.0,False,False,1.0,Severe,10.0,72.8,474.4,0.186,0.429,0.862,Festival crowd surge detected - alternate route and extended cycle recommended
EVT416254,2025-01-26 07:17:18,Religious Festival,J040,City Market,24102,Weekend,True,Clear,False,0.0,False,False,0.833,Severe,15.9,54.4,364.1,0.212,0.491,0.89,Festival crowd surge detected - alternate route and extended cycle recommended
EVT416255,2026-02-09 10:10:34,Trade Fair,J020,Malleshwaram Circle,7785,Weekday,False,Clear,False,0.0,False,False,0.799,Severe,13.7,54.6,177.0,0.092,0.212,0.935,Heavy congestion detected - signal timing extended and reroute suggested
EVT416256,2025-08-14 18:33:52,Local Market Day,J030,MG Road,2628,Weekday,False,Heavy Rain,True,25.8,False,False,1.0,Severe,9.0,69.5,431.0,0.146,0.338,0.887,Heavy rain reducing visibility and grip - reduced speed and longer buffer advised
EVT416257,2026-01-03 17:06:55,Sports Fixture,J023,Basavanagudi,17402,Weekend,False,Clear,False,0.0,False,False,0.753,Severe,20.2,59.0,261.6,0.183,0.423,0.977,Heavy congestion detected - signal timing extended and reroute suggested
EVT416258,2025-01-31 09:40:59,Concert,J009,Majestic,9590,Weekday,False,Clear,False,0.0,False,False,1.0,Severe,8.8,72.0,831.8,0.287,0.664,0.909,Heavy congestion detected - signal timing extended and reroute suggested
EVT416259,2025-07-19 20:30:20,Local Market Day,J031,Cubbon Road,6078,Weekend,False,Light Rain,True,5.1,False,False,0.657,High,20.2,48.0,163.0,0.095,0.219,0.915,Heavy rain reducing visibility and grip - reduced speed and longer buffer advised
EVT416260,2025-12-07 15:35:32,Local Market Day,J020,Malleshwaram Circle,4574,Weekend,False,Clear,False,0.0,False,False,0.331,Low,33.6,25.8,107.4,0.078,0.181,0.966,Moderate traffic flow - standard adaptive signal timing in effect
EVT416261,2025-07-25 19:04:12,Trade Fair,J009,Majestic,9481,Weekday,False,Rain,True,17.1,False,False,1.0,Severe,8.6,78.1,713.9,0.266,0.615,0.889,Heavy rain reducing visibility and grip - reduced speed and longer buffer advised
EVT416262,2025-06-09 09:50:22,Trade Fair,J020,Malleshwaram Circle,10967,Weekday,False,Rain,True,23.9,False,False,1.0,Severe,7.6,70.9,360.4,0.107,0.247,0.866,Heavy rain reducing visibility and grip - reduced speed and longer buffer advised
EVT416263,2025-01-22 20:41:30,Local Market Day,J020,Malleshwaram Circle,5581,Weekday,False,Clear,False,0.0,False,False,0.51,Moderate,27.1,36.1,256.8,0.192,0.443,0.99,Moderate traffic flow - standard adaptive signal timing in effect
EVT416264,2025-06-06 05:22:36,Trade Fair,J023,Basavanagudi,12029,Weekday,False,Rain,True,22.8,False,False,0.486,Moderate,21.6,37.8,243.2,0.161,0.371,0.907,Light rain detected - minor speed reduction advised
EVT416265,2025-12-14 18:26:12,Political Rally,J040,City Market,10748,Weekend,False,Clear,False,0.0,False,False,0.913,Severe,10.2,65.5,380.0,0.175,0.404,0.906,Heavy congestion detected - signal timing extended and reroute suggested
EVT416266,2026-02-12 17:38:15,Local Market Day,J030,MG Road,3622,Weekday,False,Clear,False,0.0,False,False,0.959,Severe,9.6,69.2,588.6,0.212,0.49,0.903,Heavy congestion detected - signal timing extended and reroute suggested
EVT416267,2026-04-15 15:12:52,Religious Festival,J023,Basavanagudi,77469,Weekday,True,Clear,False,0.0,False,True,1.0,Severe,8.1,93.2,528.0,0.181,0.417,0.838,Road closure for event/procession - full detour recommended for through-traffic
EVT416268,2025-04-29 16:47:15,Local Market Day,J012,Koramangala Sony World,4085,Weekday,False,Clear,False,0.0,False,False,0.643,High,20.4,39.6,188.2,0.146,0.337,0.953,Moderate traffic flow - standard adaptive signal timing in effect
EVT416269,2026-06-27 18:08:44,Concert,J020,Malleshwaram Circle,12008,Weekend,False,Clear,False,0.0,False,False,0.978,Severe,8.5,72.9,411.8,0.164,0.378,0.951,Heavy congestion detected - signal timing extended and reroute suggested
EVT416270,2025-12-15 13:12:50,Concert,J030,MG Road,8368,Weekday,False,Clear,False,0.0,False,False,0.149,Low,35.9,13.8,98.8,0.089,0.206,0.954,Normal free-flow traffic - standard signal timing maintained
EVT416271,2025-04-13 12:46:44,Local Market Day,J009,Majestic,4861,Weekend,False,Clear,False,0.0,False,False,0.274,Low,30.2,20.1,227.4,0.177,0.409,0.967,Moderate traffic flow - standard adaptive signal timing in effect
EVT416272,2025-05-18 17:32:19,Local Market Day,J040,City Market,3990,Weekend,False,Clear,False,0.0,False,False,0.8,Severe,14.1,56.1,307.8,0.169,0.392,0.969,Heavy congestion detected - signal timing extended and reroute suggested
EVT416273,2026-06-01 09:59:36,Sports Fixture,J040,City Market,14373,Weekday,False,Heavy Rain,True,36.3,False,False,1.0,Severe,8.0,77.7,726.2,0.251,0.58,0.864,Heavy rain reducing visibility and grip - reduced speed and longer buffer advised
EVT416274,2025-12-19 17:02:01,Trade Fair,J011,Indiranagar 100ft Road,7896,Weekday,False,Clear,False,0.0,False,False,0.748,High,17.8,55.7,268.8,0.145,0.336,0.967,Moderate traffic flow - standard adaptive signal timing in effect
EVT416275,2026-06-06 16:56:07,Trade Fair,J031,Cubbon Road,11018,Weekend,False,Clear,False,0.0,False,False,0.657,High,22.3,50.9,177.4,0.101,0.234,0.954,Moderate traffic flow - standard adaptive signal timing in effect
EVT416276,2026-02-09 18:43:52,Concert,J023,Basavanagudi,11379,Weekday,False,Clear,False,0.0,False,False,1.0,Severe,10.2,69.0,178.0,0.101,0.233,0.901,Heavy congestion detected - signal timing extended and reroute suggested
EVT416277,2025-08-11 07:09:56,Concert,J011,Indiranagar 100ft Road,15647,Weekday,False,Clear,False,0.0,False,False,0.519,Moderate,23.7,37.8,257.1,0.176,0.406,0.965,Moderate traffic flow - standard adaptive signal timing in effect
EVT416278,2025-01-06 19:08:41,Sports Fixture,J030,MG Road,16182,Weekday,False,Clear,False,0.0,False,False,1.0,Severe,7.0,74.0,411.3,0.122,0.282,0.917,Heavy congestion detected - signal timing extended and reroute suggested
EVT416279,2026-05-31 08:10:25,Concert,J020,Malleshwaram Circle,9073,Weekend,False,Clear,False,0.0,False,False,0.771,Severe,16.1,59.1,315.5,0.166,0.383,0.98,Heavy congestion detected - signal timing extended and reroute suggested
EVT416280,2026-05-09 08:17:27,Local Market Day,J030,MG Road,3160,Weekend,False,Clear,False,0.0,False,False,0.805,Severe,14.1,58.9,374.2,0.172,0.396,0.99,Heavy congestion detected - signal timing extended and reroute suggested
EVT416281,2026-04-09 19:03:38,Concert,J040,City Market,10176,Weekday,False,Clear,False,0.0,False,False,0.994,Severe,7.6,70.1,532.3,0.17,0.393,0.928,Heavy congestion detected - signal timing extended and reroute suggested
EVT416282,2025-08-05 12:02:05,Local Market Day,J011,Indiranagar 100ft Road,2068,Weekday,False,Heavy Rain,True,41.3,False,False,0.601,High,26.7,38.8,191.0,0.157,0.362,0.898,Heavy rain reducing visibility and grip - reduced speed and longer buffer advised
EVT416283,2025-02-14 11:16:05,Political Rally,J009,Majestic,23360,Weekday,False,Clear,False,0.0,True,False,0.904,Severe,14.1,64.8,274.1,0.145,0.335,0.747,Accident detected nearby - reroute and reduced speed advised
EVT416284,2025-10-17 08:06:38,Concert,J031,Cubbon Road,6407,Weekday,False,Heavy Rain,True,29.4,False,False,1.0,Severe,8.2,72.7,494.3,0.194,0.448,0.881,Heavy rain reducing visibility and grip - reduced speed and longer buffer advised
EVT416285,2025-09-10 12:12:37,Trade Fair,J012,Koramangala Sony World,6081,Weekday,False,Clear,False,0.0,True,False,0.629,High,17.2,52.6,320.5,0.173,0.399,0.835,Accident detected nearby - reroute and reduced speed advised
EVT416286,2026-01-27 07:52:27,Religious Festival,J011,Indiranagar 100ft Road,48370,Weekday,True,Fog,False,0.0,False,True,1.0,Severe,8.2,96.0,236.9,0.097,0.224,0.814,Road closure for event/procession - full detour recommended for through-traffic
EVT416287,2025-07-05 06:42:36,Sports Fixture,J011,Indiranagar 100ft Road,45109,Weekend,False,Clear,False,0.0,False,False,0.704,High,20.0,55.1,259.7,0.183,0.423,0.988,Moderate traffic flow - standard adaptive signal timing in effect
EVT416288,2026-02-20 17:05:24,Local Market Day,J030,MG Road,5080,Weekday,False,Clear,False,0.0,False,False,0.736,High,16.7,56.9,194.9,0.116,0.269,0.954,Moderate traffic flow - standard adaptive signal timing in effect
EVT416289,2025-01-13 10:23:21,Concert,J020,Malleshwaram Circle,7179,Weekday,False,Clear,False,0.0,False,False,0.6,High,24.9,46.8,276.6,0.202,0.467,0.959,Moderate traffic flow - standard adaptive signal timing in effect
EVT416290,2025-02-13 18:23:25,Concert,J030,MG Road,11494,Weekday,False,Fog,False,0.0,False,False,1.0,Severe,10.8,72.4,470.3,0.197,0.454,0.925,Heavy congestion detected - signal timing extended and reroute suggested
EVT416291,2025-02-28 13:40:18,Sports Fixture,J040,City Market,28326,Weekday,False,Clear,False,0.0,False,False,0.3,Low,30.0,20.8,165.2,0.136,0.314,0.963,Moderate traffic flow - standard adaptive signal timing in effect
EVT416292,2025-12-13 18:18:53,Trade Fair,J009,Majestic,15157,Weekend,False,Clear,False,0.0,False,False,0.98,Severe,7.6,65.0,513.6,0.151,0.349,0.948,Heavy congestion detected - signal timing extended and reroute suggested
EVT416293,2026-04-14 17:27:56,Religious Festival,J023,Basavanagudi,34455,Weekday,True,Clear,False,0.0,False,True,1.0,Severe,9.0,102.1,437.5,0.18,0.415,0.817,Road closure for event/procession - full detour recommended for through-traffic
EVT416294,2025-05-21 18:49:57,Sports Fixture,J030,MG Road,22164,Weekday,False,Clear,False,0.0,False,False,1.0,Severe,7.9,75.8,542.5,0.19,0.44,0.925,Heavy congestion detected - signal timing extended and reroute suggested
EVT416295,2025-12-13 14:49:21,Trade Fair,J040,City Market,12204,Weekend,False,Clear,False,0.0,False,False,0.348,Low,37.4,23.6,112.5,0.105,0.243,0.954,Moderate traffic flow - standard adaptive signal timing in effect
EVT416296,2026-04-30 17:02:37,Sports Fixture,J009,Majestic,18596,Weekday,False,Clear,False,0.0,False,False,0.822,Severe,13.5,54.8,423.5,0.227,0.525,0.954,Heavy congestion detected - signal timing extended and reroute suggested
EVT416297,2025-04-30 16:37:51,Sports Fixture,J031,Cubbon Road,52538,Weekday,False,Fog,False,0.0,False,False,0.926,Severe,10.0,65.2,407.4,0.169,0.391,0.944,Heavy congestion detected - signal timing extended and reroute suggested
EVT416298,2025-12-13 15:31:45,Concert,J020,Malleshwaram Circle,9940,Weekend,False,Clear,False,0.0,False,False,0.344,Low,17.7,26.3,166.3,0.082,0.19,0.969,Moderate traffic flow - standard adaptive signal timing in effect
EVT416299,2025-02-25 21:32:11,Political Rally,J020,Malleshwaram Circle,18679,Weekday,False,Clear,False,0.0,False,False,0.471,Moderate,19.6,37.7,113.2,0.063,0.146,0.967,Moderate traffic flow - standard adaptive signal timing in effect
EVT416300,2026-06-19 03:40:29,Sports Fixture,J031,Cubbon Road,16078,Weekday,False,Rain,True,22.6,False,False,0.509,Moderate,23.9,38.6,289.5,0.214,0.495,0.913,Light rain detected - minor speed reduction advised
EVT416301,2026-03-04 17:30:17,Fireworks Display,J023,Basavanagudi,32044,Weekday,True,Clear,False,0.0,False,False,1.0,Severe,7.2,74.7,605.3,0.182,0.42,0.854,Festival crowd surge detected - alternate route and extended cycle recommended
EVT416302,2025-07-26 10:03:16,Trade Fair,J030,MG Road,16599,Weekend,False,Clear,False,0.0,False,False,0.743,High,16.9,51.5,300.0,0.183,0.424,0.961,Moderate traffic flow - standard adaptive signal timing in effect
EVT416303,2025-06-29 17:43:47,Sports Fixture,J023,Basavanagudi,21186,Weekend,False,Clear,False,0.0,False,False,0.958,Severe,8.8,71.4,302.4,0.134,0.309,0.949,Heavy congestion detected - signal timing extended and reroute suggested
EVT416304,2025-08-30 17:44:02,Sports Fixture,J031,Cubbon Road,16947,Weekend,False,Clear,False,0.0,False,False,0.881,Severe,14.4,62.4,402.9,0.191,0.441,0.926,Heavy congestion detected - signal timing extended and reroute suggested
EVT416305,2025-08-10 10:58:30,Local Market Day,J012,Koramangala Sony World,3278,Weekend,False,Rain,True,24.2,False,False,0.723,High,15.4,57.1,586.1,0.315,0.727,0.902,Heavy rain reducing visibility and grip - reduced speed and longer buffer advised
EVT416306,2025-05-03 20:28:40,Sports Fixture,J020,Malleshwaram Circle,12661,Weekend,False,Clear,False,0.0,False,False,0.615,High,27.1,40.8,192.0,0.143,0.331,0.947,Moderate traffic flow - standard adaptive signal timing in effect
EVT416307,2025-03-11 15:19:01,Trade Fair,J040,City Market,10566,Weekday,False,Clear,False,0.0,False,False,0.377,Moderate,27.8,33.3,112.1,0.079,0.182,0.969,Moderate traffic flow - standard adaptive signal timing in effect
EVT416308,2025-01-24 16:48:47,Sports Fixture,J009,Majestic,15496,Weekday,False,Clear,False,0.0,False,False,0.708,High,19.4,47.8,167.7,0.108,0.25,0.979,Moderate traffic flow - standard adaptive signal timing in effect
EVT416309,2025-08-30 10:22:29,Local Market Day,J011,Indiranagar 100ft Road,6110,Weekend,False,Clear,False,0.0,False,False,0.666,High,19.2,46.3,135.2,0.079,0.182,0.966,Moderate traffic flow - standard adaptive signal timing in effect
EVT416310,2025-01-23 21:24:13,Sports Fixture,J020,Malleshwaram Circle,28539,Weekday,False,Clear,False,0.0,False,False,0.452,Moderate,27.2,33.5,83.6,0.058,0.134,0.961,Moderate traffic flow - standard adaptive signal timing in effect
EVT416311,2025-11-28 10:02:49,Local Market Day,J012,Koramangala Sony World,6865,Weekday,False,Clear,False,0.0,False,False,0.728,High,20.8,55.0,108.1,0.065,0.15,0.953,Moderate traffic flow - standard adaptive signal timing in effect
EVT416312,2025-04-01 07:20:57,Sports Fixture,J011,Indiranagar 100ft Road,23724,Weekday,False,Clear,False,0.0,False,False,0.722,High,16.7,51.9,328.1,0.178,0.411,0.968,Moderate traffic flow - standard adaptive signal timing in effect
EVT416313,2025-10-12 08:07:36,Concert,J012,Koramangala Sony World,8674,Weekend,False,Clear,False,0.0,False,False,0.778,Severe,11.6,55.5,382.3,0.157,0.362,0.937,Heavy congestion detected - signal timing extended and reroute suggested
EVT416314,2025-02-04 11:12:37,Concert,J011,Indiranagar 100ft Road,11867,Weekday,False,Clear,False,0.0,False,False,0.457,Moderate,28.6,33.1,213.4,0.183,0.423,0.957,Moderate traffic flow - standard adaptive signal timing in effect
EVT416315,2026-06-04 13:55:44,Trade Fair,J040,City Market,11287,Weekday,False,Fog,False,0.0,False,False,0.218,Low,33.8,16.5,152.4,0.13,0.3,0.958,Normal free-flow traffic - standard signal timing maintained
EVT416316,2026-05-26 10:36:41,Local Market Day,J011,Indiranagar 100ft Road,3947,Weekday,False,Rain,True,14.3,False,False,0.719,High,20.5,52.6,192.6,0.136,0.313,0.927,Heavy rain reducing visibility and grip - reduced speed and longer buffer advised
EVT416317,2025-09-11 12:50:56,Local Market Day,J009,Majestic,6718,Weekday,False,Clear,False,0.0,False,False,0.115,Low,40.0,6.4,214.6,0.203,0.469,0.957,Normal free-flow traffic - standard signal timing maintained
EVT416318,2025-01-12 17:45:34,Trade Fair,J040,City Market,7835,Weekend,False,Clear,False,0.0,False,False,0.879,Severe,12.9,62.3,247.7,0.123,0.285,0.931,Heavy congestion detected - signal timing extended and reroute suggested
EVT416319,2025-08-29 07:36:56,Trade Fair,J040,City Market,6541,Weekday,False,Heavy Rain,True,48.6,False,False,0.984,Severe,8.4,74.4,419.8,0.147,0.339,0.869,Heavy rain reducing visibility and grip - reduced speed and longer buffer advised
EVT416320,2026-03-27 07:46:03,Religious Festival,J012,Koramangala Sony World,62840,Weekday,True,Clear,False,0.0,False,True,1.0,Severe,7.9,99.6,775.7,0.25,0.577,0.859,Road closure for event/procession - full detour recommended for through-traffic
EVT416321,2025-08-08 09:02:31,Local Market Day,J030,MG Road,3117,Weekday,False,Clear,False,0.0,False,False,1.0,Severe,9.1,74.6,492.7,0.186,0.43,0.923,Heavy congestion detected - signal timing extended and reroute suggested
EVT416322,2025-05-24 20:49:18,Concert,J020,Malleshwaram Circle,13981,Weekend,False,Clear,False,0.0,False,False,0.506,Moderate,28.1,37.1,185.2,0.161,0.372,0.948,Moderate traffic flow - standard adaptive signal timing in effect
EVT416323,2025-04-13 19:15:35,Political Rally,J020,Malleshwaram Circle,13693,Weekend,False,Heavy Rain,True,31.4,True,False,1.0,Severe,10.2,68.4,475.7,0.192,0.443,0.721,Accident detected nearby - reroute and reduced speed advised
EVT416324,2025-07-05 01:36:00,Political Rally,J020,Malleshwaram Circle,15218,Weekend,False,Clear,False,0.0,False,False,0.294,Low,32.7,23.5,104.7,0.088,0.203,0.938,Moderate traffic flow - standard adaptive signal timing in effect
EVT416325,2025-10-05 16:37:37,Local Market Day,J040,City Market,2475,Weekend,False,Rain,True,14.8,False,False,0.715,High,19.1,56.1,270.1,0.168,0.389,0.924,Heavy rain reducing visibility and grip - reduced speed and longer buffer advised
EVT416326,2025-09-23 16:25:13,Trade Fair,J023,Basavanagudi,14363,Weekday,False,Clear,False,0.0,False,False,0.544,Moderate,26.0,35.7,145.8,0.113,0.261,0.946,Moderate traffic flow - standard adaptive signal timing in effect
EVT416327,2026-05-25 07:21:10,Concert,J040,City Market,13295,Weekday,False,Clear,False,0.0,False,False,0.609,High,23.8,40.4,232.1,0.172,0.398,0.93,Moderate traffic flow - standard adaptive signal timing in effect
EVT416328,2026-05-11 12:34:19,Concert,J011,Indiranagar 100ft Road,12057,Weekday,False,Clear,False,0.0,False,False,0.271,Low,35.2,18.3,118.5,0.106,0.244,0.963,Moderate traffic flow - standard adaptive signal timing in effect
EVT416329,2025-08-31 18:07:21,Concert,J011,Indiranagar 100ft Road,9183,Weekend,False,Light Rain,True,2.1,False,False,0.959,Severe,9.0,66.4,397.6,0.167,0.385,0.884,Heavy rain reducing visibility and grip - reduced speed and longer buffer advised
EVT416330,2026-04-12 08:51:44,Local Market Day,J031,Cubbon Road,2690,Weekend,False,Light Rain,True,2.4,False,False,0.959,Severe,8.6,64.3,617.2,0.211,0.487,0.859,Heavy rain reducing visibility and grip - reduced speed and longer buffer advised
EVT416331,2026-05-18 13:27:56,Sports Fixture,J012,Koramangala Sony World,24860,Weekday,False,Clear,False,0.0,False,False,0.301,Low,29.0,27.8,191.2,0.166,0.383,0.961,Moderate traffic flow - standard adaptive signal timing in effect
EVT416332,2025-01-01 13:53:39,Trade Fair,J020,Malleshwaram Circle,7696,Weekday,False,Clear,False,0.0,False,False,0.175,Low,38.3,11.1,57.6,0.056,0.129,0.96,Normal free-flow traffic - standard signal timing maintained
EVT416333,2025-02-09 12:38:22,Concert,J040,City Market,5524,Weekend,False,Light Rain,True,2.9,False,False,0.317,Low,39.3,28.3,157.4,0.146,0.337,0.924,Light rain detected - minor speed reduction advised
EVT416334,2026-02-26 13:30:59,Local Market Day,J020,Malleshwaram Circle,2276,Weekday,False,Clear,False,0.0,False,False,0.205,Low,34.9,12.0,104.2,0.09,0.209,0.971,Normal free-flow traffic - standard signal timing maintained
EVT416335,2025-03-01 16:29:26,Local Market Day,J012,Koramangala Sony World,4620,Weekend,False,Light Rain,True,1.7,False,False,0.584,High,15.6,45.7,262.9,0.124,0.287,0.915,Heavy rain reducing visibility and grip - reduced speed and longer buffer advised
EVT416336,2026-01-24 10:15:46,Concert,J030,MG Road,9082,Weekend,False,Clear,False,0.0,False,False,0.634,High,20.6,48.5,174.3,0.139,0.32,0.953,Moderate traffic flow - standard adaptive signal timing in effect
EVT416337,2025-11-30 14:42:42,Trade Fair,J023,Basavanagudi,7484,Weekend,False,Fog,False,0.0,False,False,0.313,Low,33.7,22.8,158.3,0.113,0.26,0.951,Moderate traffic flow - standard adaptive signal timing in effect
EVT416338,2025-02-20 14:51:59,Concert,J040,City Market,7169,Weekday,False,Clear,False,0.0,False,False,0.274,Low,33.5,17.0,114.9,0.088,0.204,0.99,Moderate traffic flow - standard adaptive signal timing in effect
EVT416339,2026-04-14 21:43:34,Cultural Procession,J031,Cubbon Road,25319,Weekday,True,Clear,False,0.0,False,True,0.738,High,20.5,68.7,230.4,0.146,0.338,0.883,Road closure for event/procession - full detour recommended for through-traffic
EVT416340,2025-09-13 08:08:55,Concert,J040,City Market,13454,Weekend,False,Heavy Rain,True,51.1,False,False,1.0,Severe,9.1,79.0,319.5,0.124,0.285,0.863,Heavy rain reducing visibility and grip - reduced speed and longer buffer advised
EVT416341,2026-04-12 15:31:38,Local Market Day,J011,Indiranagar 100ft Road,4005,Weekend,False,Clear,False,0.0,False,False,0.41,Moderate,24.7,33.6,133.3,0.086,0.199,0.959,Moderate traffic flow - standard adaptive signal timing in effect
EVT416342,2026-04-02 15:52:30,Local Market Day,J023,Basavanagudi,4887,Weekday,False,Clear,False,0.0,False,False,0.393,Moderate,29.1,29.0,141.3,0.118,0.272,0.979,Moderate traffic flow - standard adaptive signal timing in effect
EVT416343,2025-10-22 17:02:11,Fireworks Display,J009,Majestic,26896,Weekday,True,Rain,True,10.8,False,False,1.0,Severe,5.5,69.5,726.7,0.158,0.366,0.809,Festival crowd surge detected - alternate route and extended cycle recommended
EVT416344,2026-05-07 13:37:12,Local Market Day,J012,Koramangala Sony World,5921,Weekday,False,Light Rain,True,5.2,False,False,0.212,Low,31.9,13.9,106.5,0.096,0.221,0.917,Light rain detected - minor speed reduction advised
EVT416345,2025-01-05 19:45:31,Concert,J020,Malleshwaram Circle,18991,Weekend,False,Clear,False,0.0,False,False,0.776,Severe,10.4,60.8,443.1,0.15,0.347,0.966,Heavy congestion detected - signal timing extended and reroute suggested
EVT416346,2025-04-06 13:20:37,Cultural Procession,J030,MG Road,22138,Weekend,True,Clear,False,0.0,False,False,0.61,High,26.1,43.4,277.6,0.239,0.552,0.95,Festival crowd surge detected - alternate route and extended cycle recommended
EVT416347,2026-03-28 20:14:22,Political Rally,J030,MG Road,17929,Weekend,False,Clear,False,0.0,False,False,0.707,High,15.9,53.4,190.6,0.1,0.232,0.96,Moderate traffic flow - standard adaptive signal timing in effect
EVT416348,2025-05-11 19:18:52,Trade Fair,J023,Basavanagudi,8375,Weekend,False,Heavy Rain,True,29.5,False,False,1.0,Severe,9.0,71.0,774.8,0.281,0.65,0.894,Heavy rain reducing visibility and grip - reduced speed and longer buffer advised
EVT416349,2026-01-23 17:01:34,Sports Fixture,J011,Indiranagar 100ft Road,21915,Weekday,False,Clear,False,0.0,False,False,0.842,Severe,17.3,58.3,358.1,0.208,0.481,0.945,Heavy congestion detected - signal timing extended and reroute suggested
EVT416350,2025-08-05 06:21:41,Sports Fixture,J011,Indiranagar 100ft Road,38905,Weekday,False,Fog,False,0.0,False,False,0.474,Moderate,25.4,36.8,161.4,0.101,0.234,0.955,Moderate traffic flow - standard adaptive signal timing in effect
EVT416351,2025-05-20 11:56:58,Local Market Day,J012,Koramangala Sony World,5378,Weekday,False,Clear,False,0.0,False,False,0.245,Low,31.1,17.9,115.9,0.091,0.211,0.972,Normal free-flow traffic - standard signal timing maintained
EVT416352,2025-03-01 08:01:18,Local Market Day,J009,Majestic,1999,Weekend,False,Clear,False,0.0,False,False,0.726,High,20.6,56.3,390.9,0.268,0.62,0.951,Moderate traffic flow - standard adaptive signal timing in effect
EVT416353,2026-03-31 18:11:30,Sports Fixture,J023,Basavanagudi,15341,Weekday,False,Clear,False,0.0,False,False,1.0,Severe,7.3,68.4,441.5,0.143,0.33,0.911,Heavy congestion detected - signal timing extended and reroute suggested
EVT416354,2025-05-01 12:48:37,Cultural Procession,J040,City Market,26684,Weekday,True,Clear,False,0.0,False,False,0.572,High,22.7,47.3,189.5,0.127,0.293,0.896,Festival crowd surge detected - alternate route and extended cycle recommended
EVT416355,2025-08-20 11:51:20,Sports Fixture,J020,Malleshwaram Circle,9836,Weekday,False,Rain,True,12.0,False,False,0.375,Moderate,22.8,31.0,198.1,0.124,0.286,0.901,Light rain detected - minor speed reduction advised
EVT416356,2025-02-12 21:43:20,Concert,J012,Koramangala Sony World,9825,Weekday,False,Clear,False,0.0,False,False,0.343,Low,30.1,32.1,198.3,0.135,0.311,0.946,Moderate traffic flow - standard adaptive signal timing in effect
EVT416357,2026-04-21 21:46:57,Concert,J020,Malleshwaram Circle,4294,Weekday,False,Clear,False,0.0,False,False,0.282,Low,22.9,24.7,166.1,0.097,0.223,0.99,Moderate traffic flow - standard adaptive signal timing in effect
EVT416358,2025-07-09 15:25:10,Concert,J040,City Market,7556,Weekday,False,Heavy Rain,True,46.1,False,False,0.69,High,18.4,44.6,199.4,0.112,0.26,0.926,Heavy rain reducing visibility and grip - reduced speed and longer buffer advised
EVT416359,2025-10-10 17:04:47,Local Market Day,J031,Cubbon Road,5040,Weekday,False,Clear,False,0.0,False,False,0.813,Severe,14.8,65.9,572.9,0.289,0.667,0.954,Heavy congestion detected - signal timing extended and reroute suggested
EVT416360,2026-03-22 11:38:05,Local Market Day,J011,Indiranagar 100ft Road,4686,Weekend,False,Clear,False,0.0,False,False,0.326,Low,27.1,21.8,276.7,0.207,0.478,0.967,Moderate traffic flow - standard adaptive signal timing in effect
EVT416361,2025-10-23 18:19:44,Sports Fixture,J011,Indiranagar 100ft Road,13557,Weekday,False,Clear,False,0.0,False,False,1.0,Severe,8.0,67.3,618.9,0.213,0.492,0.904,Heavy congestion detected - signal timing extended and reroute suggested
EVT416362,2025-08-13 19:39:43,Trade Fair,J011,Indiranagar 100ft Road,6680,Weekday,False,Rain,True,24.2,False,False,1.0,Severe,7.9,70.5,208.9,0.089,0.205,0.863,Heavy rain reducing visibility and grip - reduced speed and longer buffer advised
EVT416363,2025-09-11 20:52:30,Local Market Day,J020,Malleshwaram Circle,4787,Weekday,False,Clear,False,0.0,False,False,0.485,Moderate,23.6,36.8,174.2,0.118,0.272,0.977,Moderate traffic flow - standard adaptive signal timing in effect
EVT416364,2025-01-13 14:41:38,Local Market Day,J031,Cubbon Road,4496,Weekday,False,Clear,False,0.0,False,False,0.232,Low,33.3,17.3,170.9,0.146,0.338,0.987,Normal free-flow traffic - standard signal timing maintained
EVT416365,2025-12-24 15:06:13,Local Market Day,J023,Basavanagudi,4678,Weekday,False,Clear,False,0.0,False,False,0.209,Low,29.6,18.8,211.7,0.155,0.359,0.979,Normal free-flow traffic - standard signal timing maintained
EVT416366,2026-05-15 18:37:01,Trade Fair,J040,City Market,6329,Weekday,False,Clear,False,0.0,False,False,1.0,Severe,8.5,70.0,546.5,0.187,0.432,0.936,Heavy congestion detected - signal timing extended and reroute suggested
EVT416367,2026-06-23 13:26:45,Trade Fair,J009,Majestic,9804,Weekday,False,Light Rain,True,3.0,False,False,0.301,Low,32.8,18.8,157.2,0.134,0.308,0.925,Light rain detected - minor speed reduction advised
EVT416368,2025-09-23 19:13:02,Local Market Day,J040,City Market,2507,Weekday,False,Clear,False,0.0,False,False,1.0,Severe,7.4,72.6,394.8,0.13,0.3,0.873,Heavy congestion detected - signal timing extended and reroute suggested
EVT416369,2026-01-25 12:40:30,Local Market Day,J011,Indiranagar 100ft Road,4082,Weekend,False,Clear,False,0.0,False,False,0.269,Low,31.5,21.9,169.5,0.158,0.366,0.975,Moderate traffic flow - standard adaptive signal timing in effect
EVT416370,2025-11-17 12:25:47,Local Market Day,J030,MG Road,2686,Weekday,False,Clear,False,0.0,False,False,0.145,Low,31.9,13.7,144.3,0.099,0.228,0.951,Normal free-flow traffic - standard signal timing maintained
EVT416371,2025-02-26 09:38:23,Sports Fixture,J009,Majestic,21249,Weekday,False,Clear,False,0.0,False,False,1.0,Severe,7.4,69.3,214.7,0.078,0.18,0.895,Heavy congestion detected - signal timing extended and reroute suggested
EVT416372,2025-04-14 09:37:14,Religious Festival,J040,City Market,39631,Weekday,True,Clear,False,0.0,False,True,1.0,Severe,8.2,101.3,752.6,0.252,0.582,0.857,Road closure for event/procession - full detour recommended for through-traffic
EVT416373,2025-09-06 16:16:22,Fireworks Display,J030,MG Road,39119,Weekend,True,Clear,False,0.0,False,False,1.0,Severe,9.0,70.0,401.9,0.143,0.33,0.859,Festival crowd surge detected - alternate route and extended cycle recommended
EVT416374,2025-12-17 11:34:33,Concert,J012,Koramangala Sony World,16829,Weekday,False,Clear,False,0.0,False,False,0.326,Low,25.0,26.4,212.1,0.14,0.325,0.946,Moderate traffic flow - standard adaptive signal timing in effect
EVT416375,2025-01-31 11:55:16,Sports Fixture,J023,Basavanagudi,26521,Weekday,False,Fog,False,0.0,False,False,0.353,Moderate,24.6,20.2,209.2,0.144,0.333,0.958,Moderate traffic flow - standard adaptive signal timing in effect
EVT416376,2025-07-04 02:26:09,Concert,J011,Indiranagar 100ft Road,11144,Weekday,False,Clear,False,0.0,False,False,0.213,Low,37.7,16.9,146.9,0.162,0.374,0.983,Normal free-flow traffic - standard signal timing maintained
EVT416377,2025-01-13 18:12:26,Concert,J023,Basavanagudi,8540,Weekday,False,Clear,False,0.0,False,False,1.0,Severe,5.9,71.9,803.8,0.201,0.463,0.933,Heavy congestion detected - signal timing extended and reroute suggested
EVT416378,2025-06-14 09:45:16,Local Market Day,J030,MG Road,6083,Weekend,False,Clear,False,0.0,False,False,0.768,Severe,16.3,49.8,210.3,0.123,0.284,0.969,Heavy congestion detected - signal timing extended and reroute suggested
EVT416379,2025-07-08 19:06:15,Political Rally,J023,Basavanagudi,14095,Weekday,False,Heavy Rain,True,25.6,False,False,1.0,Severe,9.3,74.7,533.6,0.191,0.441,0.887,Heavy rain reducing visibility and grip - reduced speed and longer buffer advised
EVT416380,2025-09-03 15:59:44,Sports Fixture,J011,Indiranagar 100ft Road,19026,Weekday,False,Light Rain,True,2.9,False,False,0.62,High,20.7,43.9,166.4,0.103,0.239,0.911,Heavy rain reducing visibility and grip - reduced speed and longer buffer advised
EVT416381,2025-12-11 16:22:18,Political Rally,J040,City Market,21619,Weekday,False,Clear,False,0.0,False,False,0.627,High,21.2,46.0,214.6,0.14,0.322,0.951,Moderate traffic flow - standard adaptive signal timing in effect
EVT416382,2025-07-30 19:18:23,Concert,J031,Cubbon Road,6939,Weekday,False,Clear,False,0.0,False,False,0.948,Severe,9.5,64.9,411.9,0.154,0.355,0.933,Heavy congestion detected - signal timing extended and reroute suggested
EVT416383,2025-10-24 13:11:10,Local Market Day,J030,MG Road,4495,Weekday,False,Heavy Rain,True,37.2,False,False,0.534,Moderate,17.4,46.4,274.0,0.159,0.368,0.906,Light rain detected - minor speed reduction advised
EVT416384,2026-05-19 10:31:56,Concert,J023,Basavanagudi,9810,Weekday,False,Clear,False,0.0,False,False,0.766,Severe,15.7,54.9,419.9,0.227,0.524,0.949,Heavy congestion detected - signal timing extended and reroute suggested
EVT416385,2026-03-30 19:40:11,Concert,J030,MG Road,7196,Weekday,False,Clear,False,0.0,False,False,0.794,Severe,15.5,63.1,505.1,0.265,0.613,0.976,Heavy congestion detected - signal timing extended and reroute suggested
EVT416386,2025-03-12 18:50:21,Concert,J012,Koramangala Sony World,15291,Weekday,False,Clear,False,0.0,False,False,1.0,Severe,8.9,68.7,720.8,0.257,0.593,0.892,Heavy congestion detected - signal timing extended and reroute suggested
EVT416387,2025-05-18 16:52:36,Sports Fixture,J009,Majestic,17050,Weekend,False,Clear,False,0.0,False,False,0.725,High,16.0,49.4,369.6,0.216,0.499,0.956,Moderate traffic flow - standard adaptive signal timing in effect
EVT416388,2025-04-14 18:34:09,Religious Festival,J031,Cubbon Road,70853,Weekday,True,Clear,False,0.0,False,False,1.0,Severe,7.8,70.4,564.5,0.194,0.447,0.851,Festival crowd surge detected - alternate route and extended cycle recommended
EVT416389,2026-03-05 19:00:06,Religious Festival,J023,Basavanagudi,113871,Weekday,True,Clear,False,0.0,False,True,1.0,Severe,9.4,100.6,620.7,0.242,0.559,0.826,Road closure for event/procession - full detour recommended for through-traffic
EVT416390,2025-06-12 23:26:56,Sports Fixture,J020,Malleshwaram Circle,20650,Weekday,False,Clear,False,0.0,False,False,0.349,Low,31.0,15.2,117.2,0.099,0.229,0.976,Moderate traffic flow - standard adaptive signal timing in effect
EVT416391,2025-07-22 09:40:30,Concert,J011,Indiranagar 100ft Road,16221,Weekday,False,Clear,False,0.0,False,False,0.922,Severe,8.9,68.2,189.7,0.091,0.21,0.965,Heavy congestion detected - signal timing extended and reroute suggested
EVT416392,2025-10-14 17:58:50,Local Market Day,J012,Koramangala Sony World,3587,Weekday,False,Clear,False,0.0,False,False,0.929,Severe,12.8,62.8,247.0,0.126,0.292,0.929,Heavy congestion detected - signal timing extended and reroute suggested
EVT416393,2025-02-24 15:01:34,Trade Fair,J011,Indiranagar 100ft Road,12554,Weekday,False,Clear,False,0.0,False,False,0.34,Low,32.5,23.6,133.1,0.135,0.312,0.965,Moderate traffic flow - standard adaptive signal timing in effect
EVT416394,2025-06-08 20:38:12,Concert,J012,Koramangala Sony World,10724,Weekend,False,Clear,False,0.0,False,False,0.469,Moderate,25.2,33.8,192.7,0.133,0.308,0.969,Moderate traffic flow - standard adaptive signal timing in effect
EVT416395,2025-08-27 10:09:38,Fireworks Display,J012,Koramangala Sony World,20131,Weekday,True,Clear,False,0.0,False,False,1.0,Severe,7.5,72.3,546.6,0.184,0.425,0.85,Festival crowd surge detected - alternate route and extended cycle recommended
EVT416396,2026-05-10 22:12:35,Sports Fixture,J020,Malleshwaram Circle,30026,Weekend,False,Clear,False,0.0,False,False,0.388,Moderate,27.0,32.2,233.6,0.178,0.411,0.964,Moderate traffic flow - standard adaptive signal timing in effect
EVT416397,2025-11-27 14:47:20,Trade Fair,J012,Koramangala Sony World,8534,Weekday,False,Rain,True,20.2,False,False,0.443,Moderate,27.3,27.6,225.5,0.185,0.427,0.92,Light rain detected - minor speed reduction advised
EVT416398,2025-10-25 17:50:16,Concert,J020,Malleshwaram Circle,12633,Weekend,False,Clear,False,0.0,False,False,0.813,Severe,15.9,58.4,377.4,0.19,0.439,0.965,Heavy congestion detected - signal timing extended and reroute suggested
EVT416399,2026-02-03 18:51:34,Trade Fair,J040,City Market,7720,Weekday,False,Clear,False,0.0,False,False,1.0,Severe,7.3,67.2,411.0,0.126,0.29,0.917,Heavy congestion detected - signal timing extended and reroute suggested
EVT416400,2025-04-30 09:51:27,Sports Fixture,J023,Basavanagudi,17788,Weekday,False,Clear,False,0.0,False,False,0.933,Severe,11.4,62.8,566.1,0.253,0.584,0.955,Heavy congestion detected - signal timing extended and reroute suggested
EVT416401,2026-02-18 18:48:44,Local Market Day,J020,Malleshwaram Circle,3028,Weekday,False,Clear,False,0.0,False,False,1.0,Severe,8.6,71.7,724.0,0.248,0.573,0.902,Heavy congestion detected - signal timing extended and reroute suggested
EVT416402,2025-11-12 13:54:24,Local Market Day,J040,City Market,3092,Weekday,False,Clear,False,0.0,False,False,0.174,Low,32.5,18.4,102.7,0.091,0.211,0.981,Normal free-flow traffic - standard signal timing maintained
EVT416403,2025-09-09 07:19:51,Sports Fixture,J009,Majestic,39407,Weekday,False,Rain,True,20.8,False,False,0.928,Severe,9.7,66.6,539.2,0.212,0.49,0.881,Heavy rain reducing visibility and grip - reduced speed and longer buffer advised
EVT416404,2026-05-11 09:48:18,Sports Fixture,J012,Koramangala Sony World,16093,Weekday,False,Clear,False,0.0,False,False,0.921,Severe,8.9,66.6,358.7,0.149,0.344,0.942,Heavy congestion detected - signal timing extended and reroute suggested
EVT416405,2026-03-10 23:06:32,Sports Fixture,J011,Indiranagar 100ft Road,16352,Weekday,False,Light Rain,True,3.8,False,False,0.357,Moderate,23.8,26.0,232.7,0.168,0.387,0.904,Light rain detected - minor speed reduction advised
EVT416406,2025-11-16 12:10:51,Local Market Day,J030,MG Road,3474,Weekend,False,Clear,False,0.0,False,False,0.231,Low,29.7,23.7,132.7,0.1,0.232,0.953,Normal free-flow traffic - standard signal timing maintained
EVT416407,2025-03-30 18:34:04,Religious Festival,J023,Basavanagudi,38879,Weekend,True,Clear,False,0.0,False,True,1.0,Severe,8.5,102.2,542.8,0.192,0.443,0.835,Road closure for event/procession - full detour recommended for through-traffic
EVT416408,2025-11-15 17:08:39,Local Market Day,J030,MG Road,4817,Weekend,False,Clear,False,0.0,False,False,0.675,High,16.6,45.1,451.8,0.235,0.542,0.949,Moderate traffic flow - standard adaptive signal timing in effect
EVT416409,2026-03-24 08:57:15,Local Market Day,J012,Koramangala Sony World,5233,Weekday,False,Clear,False,0.0,False,False,1.0,Severe,8.1,69.4,895.0,0.286,0.661,0.925,Heavy congestion detected - signal timing extended and reroute suggested
EVT416410,2026-01-19 17:59:01,Local Market Day,J020,Malleshwaram Circle,4523,Weekday,False,Clear,False,0.0,False,False,0.975,Severe,9.3,69.5,602.2,0.216,0.499,0.911,Heavy congestion detected - signal timing extended and reroute suggested
EVT416411,2025-03-24 19:34:53,Local Market Day,J040,City Market,3738,Weekday,False,Clear,False,0.0,False,False,0.783,Severe,15.3,53.8,123.9,0.074,0.172,0.931,Heavy congestion detected - signal timing extended and reroute suggested
EVT416412,2025-06-13 12:58:00,Concert,J011,Indiranagar 100ft Road,9544,Weekday,False,Clear,False,0.0,False,False,0.271,Low,30.0,23.2,121.8,0.116,0.267,0.957,Moderate traffic flow - standard adaptive signal timing in effect
EVT416413,2025-03-30 15:54:32,Fireworks Display,J012,Koramangala Sony World,37340,Weekend,True,Clear,False,0.0,False,False,0.871,Severe,14.1,64.1,323.5,0.176,0.406,0.881,Festival crowd surge detected - alternate route and extended cycle recommended
EVT416414,2025-09-03 18:08:07,Trade Fair,J030,MG Road,3890,Weekday,False,Rain,True,22.7,False,False,1.0,Severe,7.4,70.5,868.8,0.265,0.613,0.884,Heavy rain reducing visibility and grip - reduced speed and longer buffer advised
EVT416415,2025-08-31 11:44:40,Local Market Day,J031,Cubbon Road,5483,Weekend,False,Fog,False,0.0,False,False,0.372,Moderate,25.6,32.4,257.3,0.147,0.34,0.968,Moderate traffic flow - standard adaptive signal timing in effect
EVT416416,2026-01-17 09:24:21,Sports Fixture,J031,Cubbon Road,25767,Weekend,False,Clear,False,0.0,False,False,0.984,Severe,7.4,67.5,495.0,0.156,0.361,0.894,Heavy congestion detected - signal timing extended and reroute suggested
EVT416417,2026-05-08 07:56:28,Local Market Day,J023,Basavanagudi,3507,Weekday,False,Clear,False,0.0,False,False,0.74,High,14.7,50.4,309.2,0.161,0.373,0.952,Moderate traffic flow - standard adaptive signal timing in effect
EVT416418,2025-01-30 06:32:54,Concert,J009,Majestic,17692,Weekday,False,Clear,False,0.0,False,False,0.427,Moderate,27.5,23.8,212.2,0.161,0.373,0.953,Moderate traffic flow - standard adaptive signal timing in effect
EVT416419,2026-04-04 08:54:06,Political Rally,J009,Majestic,13436,Weekend,False,Clear,False,0.0,False,False,0.917,Severe,10.6,69.1,325.5,0.129,0.298,0.949,Heavy congestion detected - signal timing extended and reroute suggested
EVT416420,2026-05-25 15:17:51,Local Market Day,J040,City Market,4914,Weekday,False,Clear,False,0.0,False,False,0.242,Low,43.9,19.4,105.6,0.116,0.269,0.947,Normal free-flow traffic - standard signal timing maintained
EVT416421,2025-04-14 12:32:31,Cultural Procession,J009,Majestic,19680,Weekday,True,Clear,False,0.0,False,True,0.601,Moderate,18.7,69.4,185.2,0.095,0.218,0.872,Road closure for event/procession - full detour recommended for through-traffic
EVT416422,2026-06-24 07:36:10,Concert,J020,Malleshwaram Circle,7569,Weekday,False,Rain,True,20.2,False,False,0.954,Severe,10.8,65.3,438.6,0.186,0.43,0.878,Heavy rain reducing visibility and grip - reduced speed and longer buffer advised
EVT416423,2026-05-28 14:54:18,Local Market Day,J020,Malleshwaram Circle,3199,Weekday,False,Clear,False,0.0,False,False,0.214,Low,27.0,15.6,135.1,0.099,0.228,0.986,Normal free-flow traffic - standard signal timing maintained
EVT416424,2026-05-22 05:14:49,Political Rally,J023,Basavanagudi,11153,Weekday,False,Clear,False,0.0,False,False,0.182,Low,33.3,15.4,164.3,0.137,0.316,0.971,Normal free-flow traffic - standard signal timing maintained
EVT416425,2025-08-13 15:41:20,Trade Fair,J009,Majestic,11341,Weekday,False,Clear,False,0.0,False,False,0.434,Moderate,22.0,32.1,246.1,0.179,0.414,0.964,Moderate traffic flow - standard adaptive signal timing in effect
EVT416426,2025-08-06 07:03:18,Sports Fixture,J009,Majestic,16824,Weekday,False,Clear,False,0.0,False,False,0.543,Moderate,24.3,40.9,278.1,0.215,0.498,0.969,Moderate traffic flow - standard adaptive signal timing in effect
EVT416427,2025-09-11 14:26:52,Local Market Day,J023,Basavanagudi,3785,Weekday,False,Clear,False,0.0,False,False,0.238,Low,32.1,18.9,176.9,0.15,0.347,0.979,Normal free-flow traffic - standard signal timing maintained
EVT416428,2025-10-09 10:42:48,Concert,J020,Malleshwaram Circle,9558,Weekday,False,Rain,True,22.2,False,False,0.76,Severe,15.8,57.0,121.3,0.056,0.13,0.913,Heavy rain reducing visibility and grip - reduced speed and longer buffer advised
EVT416429,2025-11-09 09:45:41,Local Market Day,J031,Cubbon Road,3459,Weekend,False,Clear,False,0.0,False,False,0.726,High,14.3,47.7,451.4,0.212,0.49,0.979,Moderate traffic flow - standard adaptive signal timing in effect
EVT416430,2025-07-18 08:55:04,Trade Fair,J011,Indiranagar 100ft Road,7308,Weekday,False,Rain,True,11.4,False,False,1.0,Severe,7.8,72.3,790.2,0.263,0.608,0.878,Heavy rain reducing visibility and grip - reduced speed and longer buffer advised
EVT416431,2025-04-18 05:39:06,Trade Fair,J011,Indiranagar 100ft Road,8268,Weekday,False,Clear,False,0.0,False,False,0.255,Low,28.8,17.0,114.9,0.094,0.218,0.976,Moderate traffic flow - standard adaptive signal timing in effect
EVT416432,2026-04-27 19:00:21,Local Market Day,J023,Basavanagudi,4754,Weekday,False,Clear,False,0.0,False,False,0.98,Severe,8.1,73.0,520.3,0.191,0.44,0.939,Heavy congestion detected - signal timing extended and reroute suggested
EVT416433,2025-08-15 06:30:24,Religious Festival,J040,City Market,40774,Weekday,True,Clear,False,0.0,False,True,0.911,Severe,14.0,92.9,467.2,0.237,0.548,0.869,Road closure for event/procession - full detour recommended for through-traffic
EVT416434,2026-02-24 07:38:37,Trade Fair,J031,Cubbon Road,14254,Weekday,False,Clear,False,0.0,False,False,0.723,High,20.7,54.2,193.0,0.12,0.277,0.983,Moderate traffic flow - standard adaptive signal timing in effect
EVT416435,2025-12-02 15:05:08,Local Market Day,J009,Majestic,6120,Weekday,False,Clear,False,0.0,False,False,0.173,Low,27.0,11.0,197.1,0.147,0.339,0.975,Normal free-flow traffic - standard signal timing maintained
EVT416436,2025-12-12 10:10:43,Local Market Day,J040,City Market,3039,Weekday,False,Clear,False,0.0,False,False,0.728,High,16.0,56.4,482.2,0.265,0.613,0.97,Moderate traffic flow - standard adaptive signal timing in effect
EVT416437,2026-03-20 06:08:07,Cultural Procession,J030,MG Road,18410,Weekday,True,Clear,False,0.0,False,True,0.71,High,13.2,67.7,360.0,0.173,0.399,0.893,Road closure for event/procession - full detour recommended for through-traffic
EVT416438,2026-02-19 14:19:43,Trade Fair,J023,Basavanagudi,8722,Weekday,False,Clear,False,0.0,False,False,0.203,Low,30.7,9.9,152.4,0.132,0.304,0.955,Normal free-flow traffic - standard signal timing maintained
EVT416439,2025-12-28 12:36:52,Local Market Day,J023,Basavanagudi,6950,Weekend,False,Clear,False,0.0,False,False,0.252,Low,31.6,18.2,183.2,0.159,0.367,0.969,Moderate traffic flow - standard adaptive signal timing in effect
EVT416440,2026-06-07 09:26:23,Trade Fair,J023,Basavanagudi,8269,Weekend,False,Clear,False,0.0,False,False,0.815,Severe,13.5,60.4,228.5,0.107,0.247,0.933,Heavy congestion detected - signal timing extended and reroute suggested
EVT416441,2025-10-18 11:28:10,Local Market Day,J020,Malleshwaram Circle,2443,Weekend,False,Heavy Rain,True,36.4,False,False,0.671,High,15.7,51.7,266.0,0.163,0.376,0.922,Heavy rain reducing visibility and grip - reduced speed and longer buffer advised
EVT416442,2026-03-04 13:19:11,Religious Festival,J012,Koramangala Sony World,82570,Weekday,True,Clear,False,0.0,False,True,0.875,High,12.6,89.3,460.0,0.237,0.547,0.833,Road closure for event/procession - full detour recommended for through-traffic
EVT416443,2025-06-01 06:51:21,Concert,J012,Koramangala Sony World,9445,Weekend,False,Heavy Rain,True,34.5,False,False,0.754,Severe,16.2,55.5,379.0,0.207,0.478,0.936,Heavy rain reducing visibility and grip - reduced speed and longer buffer advised
EVT416444,2026-04-07 20:14:51,Local Market Day,J011,Indiranagar 100ft Road,2727,Weekday,False,Clear,False,0.0,False,False,0.584,High,20.1,38.0,329.3,0.207,0.478,0.963,Moderate traffic flow - standard adaptive signal timing in effect
EVT416445,2026-04-26 10:48:37,Political Rally,J009,Majestic,10293,Weekend,False,Light Rain,True,4.3,False,False,0.608,High,22.4,37.9,183.0,0.127,0.294,0.892,Heavy rain reducing visibility and grip - reduced speed and longer buffer advised
EVT416446,2026-06-22 10:56:42,Local Market Day,J040,City Market,3034,Weekday,False,Rain,True,22.0,False,False,0.706,High,18.9,51.7,277.0,0.2,0.461,0.903,Heavy rain reducing visibility and grip - reduced speed and longer buffer advised
EVT416447,2025-11-21 22:09:59,Trade Fair,J030,MG Road,4160,Weekday,False,Fog,False,0.0,False,False,0.251,Low,36.0,19.1,116.2,0.123,0.285,0.99,Moderate traffic flow - standard adaptive signal timing in effect
EVT416448,2025-09-23 20:28:32,Concert,J023,Basavanagudi,6208,Weekday,False,Rain,True,11.2,False,False,0.72,High,20.0,51.0,198.2,0.132,0.306,0.907,Heavy rain reducing visibility and grip - reduced speed and longer buffer advised
EVT416449,2025-04-27 08:32:30,Local Market Day,J011,Indiranagar 100ft Road,2751,Weekend,False,Clear,False,0.0,False,False,0.827,Severe,15.6,58.6,284.1,0.145,0.336,0.965,Heavy congestion detected - signal timing extended and reroute suggested
EVT416450,2026-03-26 07:53:27,Fireworks Display,J031,Cubbon Road,27278,Weekday,True,Clear,False,0.0,False,False,1.0,Severe,10.9,74.1,283.9,0.128,0.295,0.867,Festival crowd surge detected - alternate route and extended cycle recommended
EVT416451,2025-06-17 10:01:41,Concert,J011,Indiranagar 100ft Road,5891,Weekday,False,Clear,False,0.0,False,False,0.822,Severe,11.8,61.5,542.3,0.234,0.54,0.93,Heavy congestion detected - signal timing extended and reroute suggested
EVT416452,2026-01-17 11:29:40,Concert,J031,Cubbon Road,6943,Weekend,False,Clear,False,0.0,False,False,0.406,Moderate,26.3,27.7,152.4,0.118,0.272,0.951,Moderate traffic flow - standard adaptive signal timing in effect
EVT416453,2026-02-17 09:59:21,Local Market Day,J040,City Market,3781,Weekday,False,Clear,False,0.0,False,False,0.845,Severe,12.8,64.5,397.7,0.162,0.374,0.937,Heavy congestion detected - signal timing extended and reroute suggested
EVT416454,2025-11-07 19:08:32,Political Rally,J031,Cubbon Road,17539,Weekday,False,Clear,False,0.0,False,False,1.0,Severe,8.8,68.6,579.3,0.22,0.508,0.917,Heavy congestion detected - signal timing extended and reroute suggested
EVT416455,2026-03-25 17:01:31,Concert,J023,Basavanagudi,19499,Weekday,False,Clear,False,0.0,False,False,0.789,Severe,12.7,59.0,393.4,0.194,0.449,0.976,Heavy congestion detected - signal timing extended and reroute suggested
EVT416456,2026-03-30 17:09:35,Trade Fair,J009,Majestic,3326,Weekday,False,Clear,False,0.0,False,False,0.825,Severe,14.1,62.9,446.8,0.213,0.492,0.933,Heavy congestion detected - signal timing extended and reroute suggested
EVT416457,2026-06-07 11:35:12,Local Market Day,J030,MG Road,3336,Weekend,False,Rain,True,17.0,False,False,0.473,Moderate,21.3,30.7,165.8,0.093,0.215,0.864,Light rain detected - minor speed reduction advised
EVT416458,2025-03-24 05:49:18,Concert,J012,Koramangala Sony World,10548,Weekday,False,Clear,False,0.0,False,False,0.276,Low,34.0,25.6,110.4,0.103,0.239,0.934,Moderate traffic flow - standard adaptive signal timing in effect
EVT416459,2026-02-20 11:24:28,Concert,J031,Cubbon Road,13602,Weekday,False,Clear,False,0.0,False,False,0.379,Moderate,26.4,24.7,215.5,0.159,0.367,0.978,Moderate traffic flow - standard adaptive signal timing in effect
EVT416460,2025-11-21 14:20:32,Local Market Day,J012,Koramangala Sony World,2017,Weekday,False,Clear,False,0.0,False,False,0.262,Low,32.1,18.6,114.1,0.085,0.196,0.967,Moderate traffic flow - standard adaptive signal timing in effect
EVT416461,2025-06-06 08:11:54,Local Market Day,J012,Koramangala Sony World,2046,Weekday,False,Light Rain,True,2.9,False,False,1.0,Severe,8.6,73.5,290.4,0.123,0.283,0.857,Heavy rain reducing visibility and grip - reduced speed and longer buffer advised
EVT416462,2025-03-10 22:12:43,Trade Fair,J040,City Market,5423,Weekday,False,Clear,False,0.0,False,False,0.236,Low,28.5,6.9,176.9,0.119,0.275,0.963,Normal free-flow traffic - standard signal timing maintained
EVT416463,2025-04-25 11:56:23,Local Market Day,J020,Malleshwaram Circle,3589,Weekday,False,Clear,False,0.0,False,False,0.259,Low,27.1,19.7,165.4,0.126,0.29,0.961,Moderate traffic flow - standard adaptive signal timing in effect
EVT416464,2026-06-28 12:02:02,Local Market Day,J030,MG Road,3356,Weekend,False,Clear,False,0.0,False,False,0.22,Low,27.1,14.7,165.3,0.139,0.321,0.964,Normal free-flow traffic - standard signal timing maintained
EVT416465,2026-06-02 11:41:38,Political Rally,J011,Indiranagar 100ft Road,19189,Weekday,False,Clear,False,0.0,False,False,0.383,Moderate,23.1,28.7,249.3,0.161,0.371,0.985,Moderate traffic flow - standard adaptive signal timing in effect
EVT416466,2025-01-28 12:43:20,Sports Fixture,J012,Koramangala Sony World,38534,Weekday,False,Clear,False,0.0,False,False,0.326,Low,25.4,27.4,264.2,0.167,0.385,0.965,Moderate traffic flow - standard adaptive signal timing in effect
EVT416467,2026-05-29 19:54:30,Local Market Day,J009,Majestic,6235,Weekday,False,Clear,False,0.0,False,False,0.741,High,18.9,55.8,251.0,0.153,0.353,0.968,Moderate traffic flow - standard adaptive signal timing in effect
EVT416468,2025-04-30 10:27:28,Sports Fixture,J011,Indiranagar 100ft Road,22665,Weekday,False,Clear,False,0.0,False,False,0.747,High,16.0,54.4,265.3,0.153,0.354,0.937,Moderate traffic flow - standard adaptive signal timing in effect
EVT416469,2026-04-29 05:22:55,Concert,J023,Basavanagudi,10569,Weekday,False,Clear,False,0.0,False,False,0.225,Low,31.9,23.2,138.4,0.101,0.234,0.984,Normal free-flow traffic - standard signal timing maintained
EVT416470,2026-06-14 05:15:48,Sports Fixture,J009,Majestic,26424,Weekend,False,Fog,False,0.0,False,False,0.374,Moderate,25.8,26.1,300.8,0.232,0.536,0.965,Moderate traffic flow - standard adaptive signal timing in effect
EVT416471,2025-08-27 08:58:30,Religious Festival,J020,Malleshwaram Circle,42452,Weekday,True,Clear,False,0.0,False,True,1.0,Severe,7.1,100.8,716.4,0.227,0.523,0.842,Road closure for event/procession - full detour recommended for through-traffic
EVT416472,2025-09-21 14:18:38,Local Market Day,J030,MG Road,5775,Weekend,False,Clear,False,0.0,False,False,0.263,Low,26.5,15.9,207.2,0.13,0.3,0.951,Moderate traffic flow - standard adaptive signal timing in effect
EVT416473,2026-04-03 17:06:41,Local Market Day,J040,City Market,3734,Weekday,False,Clear,False,0.0,False,False,0.724,High,16.3,49.5,260.3,0.139,0.321,0.961,Moderate traffic flow - standard adaptive signal timing in effect
EVT416474,2026-01-12 20:55:24,Trade Fair,J012,Koramangala Sony World,7265,Weekday,False,Clear,False,0.0,False,False,0.49,Moderate,28.7,34.8,216.2,0.176,0.405,0.954,Moderate traffic flow - standard adaptive signal timing in effect
EVT416475,2026-01-09 17:22:18,Concert,J023,Basavanagudi,9207,Weekday,False,Clear,False,0.0,False,False,0.852,Severe,13.8,58.5,303.5,0.158,0.366,0.965,Heavy congestion detected - signal timing extended and reroute suggested
EVT416476,2026-05-14 00:03:06,Concert,J023,Basavanagudi,17144,Weekday,False,Clear,False,0.0,False,False,0.33,Low,27.9,20.7,185.9,0.15,0.346,0.99,Moderate traffic flow - standard adaptive signal timing in effect
EVT416477,2026-02-10 12:10:57,Sports Fixture,J012,Koramangala Sony World,14720,Weekday,False,Clear,False,0.0,False,False,0.256,Low,31.4,14.7,182.9,0.141,0.326,0.956,Moderate traffic flow - standard adaptive signal timing in effect
EVT416478,2025-09-21 17:12:06,Concert,J012,Koramangala Sony World,9204,Weekend,False,Clear,False,0.0,False,False,0.736,High,20.7,50.0,265.8,0.19,0.438,0.971,Moderate traffic flow - standard adaptive signal timing in effect
EVT416479,2025-08-20 19:12:45,Trade Fair,J030,MG Road,11559,Weekday,False,Clear,False,0.0,False,False,0.942,Severe,7.3,66.9,376.5,0.124,0.287,0.962,Heavy congestion detected - signal timing extended and reroute suggested
EVT416480,2025-04-25 19:27:03,Concert,J023,Basavanagudi,7169,Weekday,False,Clear,False,0.0,False,False,0.87,Severe,13.3,62.4,226.7,0.117,0.27,0.908,Heavy congestion detected - signal timing extended and reroute suggested
EVT416481,2026-06-03 06:39:04,Sports Fixture,J012,Koramangala Sony World,24722,Weekday,False,Clear,False,0.0,False,False,0.408,Moderate,25.9,28.3,288.8,0.229,0.529,0.974,Moderate traffic flow - standard adaptive signal timing in effect
EVT416482,2026-02-15 07:28:01,Concert,J020,Malleshwaram Circle,12371,Weekend,False,Clear,False,0.0,False,False,0.634,High,22.4,48.3,179.2,0.131,0.301,0.97,Moderate traffic flow - standard adaptive signal timing in effect
EVT416483,2026-01-28 18:03:31,Local Market Day,J030,MG Road,3410,Weekday,False,Clear,False,0.0,False,False,1.0,Severe,6.5,74.7,452.4,0.138,0.318,0.926,Heavy congestion detected - signal timing extended and reroute suggested
EVT416484,2026-06-10 06:25:11,Concert,J023,Basavanagudi,6892,Weekday,False,Clear,False,0.0,False,False,0.213,Low,34.9,14.5,221.4,0.199,0.459,0.982,Normal free-flow traffic - standard signal timing maintained
EVT416485,2025-11-17 13:47:49,Trade Fair,J009,Majestic,11877,Weekday,False,Clear,False,0.0,False,False,0.182,Low,31.2,16.6,197.8,0.162,0.373,0.971,Normal free-flow traffic - standard signal timing maintained
EVT416486,2026-03-19 05:51:06,Fireworks Display,J031,Cubbon Road,15367,Weekday,True,Clear,False,0.0,False,False,0.485,Moderate,20.4,31.0,233.8,0.148,0.341,0.945,Moderate traffic flow - standard adaptive signal timing in effect
EVT416487,2025-01-14 12:11:50,Religious Festival,J040,City Market,34297,Weekday,True,Clear,False,0.0,False,False,0.665,High,23.8,47.6,253.3,0.201,0.465,0.913,Festival crowd surge detected - alternate route and extended cycle recommended
EVT416488,2025-06-29 18:58:45,Concert,J023,Basavanagudi,10310,Weekend,False,Clear,False,0.0,False,False,0.853,Severe,15.4,67.2,396.2,0.218,0.504,0.939,Heavy congestion detected - signal timing extended and reroute suggested
EVT416489,2026-05-21 17:33:25,Local Market Day,J020,Malleshwaram Circle,5466,Weekday,False,Clear,False,0.0,False,False,0.967,Severe,9.5,68.5,533.3,0.171,0.395,0.936,Heavy congestion detected - signal timing extended and reroute suggested
EVT416490,2025-10-05 15:39:51,Local Market Day,J011,Indiranagar 100ft Road,3080,Weekend,False,Clear,False,0.0,False,False,0.318,Low,29.1,19.4,159.9,0.105,0.243,0.967,Moderate traffic flow - standard adaptive signal timing in effect
EVT416491,2025-06-05 21:30:57,Trade Fair,J023,Basavanagudi,11592,Weekday,False,Rain,True,13.7,False,False,0.506,Moderate,26.0,42.8,141.3,0.104,0.241,0.94,Light rain detected - minor speed reduction advised
EVT416492,2026-05-08 18:52:02,Sports Fixture,J031,Cubbon Road,27375,Weekday,False,Clear,False,0.0,False,False,1.0,Severe,7.4,75.1,624.5,0.182,0.421,0.931,Heavy congestion detected - signal timing extended and reroute suggested
EVT416493,2025-05-09 09:34:21,Local Market Day,J023,Basavanagudi,1254,Weekday,False,Clear,False,0.0,False,False,0.923,Severe,8.7,61.4,402.3,0.136,0.314,0.939,Heavy congestion detected - signal timing extended and reroute suggested
EVT416494,2025-03-13 12:27:19,Local Market Day,J012,Koramangala Sony World,3817,Weekday,False,Clear,False,0.0,False,False,0.156,Low,29.2,8.4,137.0,0.12,0.277,0.97,Normal free-flow traffic - standard signal timing maintained
EVT416495,2025-02-12 19:24:00,Sports Fixture,J020,Malleshwaram Circle,24190,Weekday,False,Clear,False,0.0,False,False,1.0,Severe,8.6,72.5,637.5,0.229,0.528,0.921,Heavy congestion detected - signal timing extended and reroute suggested
EVT416496,2025-02-19 15:53:34,Concert,J030,MG Road,9138,Weekday,False,Clear,False,0.0,False,False,0.515,Moderate,21.7,35.5,325.9,0.224,0.517,0.972,Moderate traffic flow - standard adaptive signal timing in effect
EVT416497,2025-08-07 07:47:21,Sports Fixture,J020,Malleshwaram Circle,20747,Weekday,False,Rain,True,11.5,False,False,0.977,Severe,8.2,73.8,642.0,0.22,0.508,0.864,Heavy rain reducing visibility and grip - reduced speed and longer buffer advised
EVT416498,2025-06-19 17:25:26,Concert,J031,Cubbon Road,8964,Weekday,False,Rain,True,20.5,False,False,1.0,Severe,6.5,72.1,509.9,0.157,0.362,0.835,Heavy rain reducing visibility and grip - reduced speed and longer buffer advised
EVT416499,2026-02-17 19:19:30,Sports Fixture,J012,Koramangala Sony World,29845,Weekday,False,Fog,False,0.0,False,False,1.0,Severe,7.8,67.8,592.5,0.191,0.442,0.928,Heavy congestion detected - signal timing extended and reroute suggested
EVT416500,2026-03-26 11:27:11,Religious Festival,J009,Majestic,53911,Weekday,True,Clear,False,0.0,False,True,0.966,Severe,10.2,96.3,513.7,0.202,0.466,0.864,Road closure for event/procession - full detour recommended for through-traffic
EVT416501,2026-06-02 10:46:07,Local Market Day,J020,Malleshwaram Circle,3616,Weekday,False,Clear,False,0.0,False,False,0.489,Moderate,25.9,27.2,124.6,0.106,0.245,0.962,Moderate traffic flow - standard adaptive signal timing in effect
EVT416502,2026-03-15 06:51:27,Sports Fixture,J012,Koramangala Sony World,30874,Weekend,False,Fog,False,0.0,False,False,0.512,Moderate,23.7,37.9,283.6,0.199,0.46,0.953,Moderate traffic flow - standard adaptive signal timing in effect
EVT416503,2026-02-25 19:39:54,Concert,J031,Cubbon Road,14326,Weekday,False,Clear,False,0.0,False,False,0.873,Severe,14.2,58.8,476.9,0.258,0.595,0.935,Heavy congestion detected - signal timing extended and reroute suggested
EVT416504,2025-03-23 18:16:15,Trade Fair,J031,Cubbon Road,13785,Weekend,False,Clear,False,0.0,False,False,0.933,Severe,9.1,66.0,742.7,0.237,0.548,0.933,Heavy congestion detected - signal timing extended and reroute suggested
EVT416505,2025-12-31 10:20:15,Local Market Day,J020,Malleshwaram Circle,4348,Weekday,False,Fog,False,0.0,False,False,0.711,High,21.1,51.9,329.7,0.258,0.596,0.964,Moderate traffic flow - standard adaptive signal timing in effect
EVT416506,2025-06-28 15:40:49,Local Market Day,J011,Indiranagar 100ft Road,4339,Weekend,False,Clear,False,0.0,False,False,0.289,Low,32.8,22.0,154.4,0.126,0.292,0.944,Moderate traffic flow - standard adaptive signal timing in effect
EVT416507,2025-01-31 17:45:18,Local Market Day,J023,Basavanagudi,7726,Weekday,False,Clear,False,0.0,False,False,0.985,Severe,11.2,69.7,339.1,0.149,0.345,0.912,Heavy congestion detected - signal timing extended and reroute suggested
EVT416508,2025-07-02 19:40:34,Local Market Day,J009,Majestic,4803,Weekday,False,Clear,False,0.0,False,False,0.875,Severe,12.5,64.4,469.1,0.231,0.533,0.989,Heavy congestion detected - signal timing extended and reroute suggested
EVT416509,2026-02-27 12:00:38,Trade Fair,J011,Indiranagar 100ft Road,8695,Weekday,False,Clear,False,0.0,False,False,0.239,Low,34.1,21.7,186.4,0.141,0.325,0.962,Normal free-flow traffic - standard signal timing maintained
EVT416510,2025-08-10 19:02:05,Local Market Day,J031,Cubbon Road,4332,Weekend,False,Clear,False,0.0,False,False,0.822,Severe,16.8,59.2,365.9,0.219,0.506,0.949,Heavy congestion detected - signal timing extended and reroute suggested
EVT416511,2026-05-03 19:19:03,Concert,J023,Basavanagudi,18333,Weekend,False,Clear,False,0.0,False,False,0.957,Severe,9.3,67.3,616.9,0.243,0.562,0.894,Heavy congestion detected - signal timing extended and reroute suggested
EVT416512,2026-04-21 09:24:19,Local Market Day,J012,Koramangala Sony World,1775,Weekday,False,Clear,False,0.0,False,False,0.973,Severe,10.5,65.4,486.7,0.206,0.475,0.898,Heavy congestion detected - signal timing extended and reroute suggested
EVT416513,2025-08-27 07:18:49,Cultural Procession,J020,Malleshwaram Circle,14815,Weekday,True,Heavy Rain,True,28.7,False,False,1.0,Severe,8.2,76.1,608.4,0.199,0.46,0.813,Festival crowd surge detected - alternate route and extended cycle recommended
EVT416514,2025-11-18 12:41:25,Sports Fixture,J011,Indiranagar 100ft Road,22089,Weekday,False,Clear,False,0.0,False,False,0.218,Low,37.6,14.7,82.6,0.069,0.16,0.95,Normal free-flow traffic - standard signal timing maintained
EVT416515,2026-03-06 00:57:34,Local Market Day,J030,MG Road,3781,Weekday,False,Clear,False,0.0,False,False,0.189,Low,39.1,17.4,136.2,0.12,0.277,0.952,Normal free-flow traffic - standard signal timing maintained
EVT416516,2026-05-19 15:26:44,Local Market Day,J031,Cubbon Road,4035,Weekday,False,Clear,False,0.0,False,False,0.316,Low,29.9,17.3,120.6,0.102,0.235,0.95,Moderate traffic flow - standard adaptive signal timing in effect
EVT416517,2025-03-25 22:56:59,Trade Fair,J012,Koramangala Sony World,10496,Weekday,False,Clear,False,0.0,False,False,0.265,Low,29.0,18.6,136.3,0.107,0.248,0.96,Moderate traffic flow - standard adaptive signal timing in effect
EVT416518,2026-03-06 09:02:28,Local Market Day,J031,Cubbon Road,3997,Weekday,False,Clear,False,0.0,False,False,1.0,Severe,8.0,73.4,727.2,0.249,0.576,0.92,Heavy congestion detected - signal timing extended and reroute suggested
EVT416519,2025-04-21 17:20:45,Local Market Day,J040,City Market,4522,Weekday,False,Clear,False,0.0,False,False,0.943,Severe,10.7,63.5,419.8,0.182,0.42,0.932,Heavy congestion detected - signal timing extended and reroute suggested
EVT416520,2026-04-04 17:33:07,Concert,J012,Koramangala Sony World,7913,Weekend,False,Light Rain,True,1.9,False,False,0.821,Severe,15.7,56.7,182.9,0.12,0.277,0.889,Heavy rain reducing visibility and grip - reduced speed and longer buffer advised
EVT416521,2026-04-01 09:38:40,Trade Fair,J040,City Market,7183,Weekday,False,Light Rain,True,5.0,False,False,1.0,Severe,7.4,69.4,649.7,0.233,0.538,0.871,Heavy rain reducing visibility and grip - reduced speed and longer buffer advised
EVT416522,2026-01-27 13:38:52,Religious Festival,J031,Cubbon Road,54622,Weekday,True,Fog,False,0.0,False,False,0.654,High,16.9,48.8,224.3,0.134,0.309,0.92,Festival crowd surge detected - alternate route and extended cycle recommended
EVT416523,2026-02-12 20:53:35,Trade Fair,J020,Malleshwaram Circle,10003,Weekday,False,Clear,False,0.0,False,False,0.526,Moderate,23.6,38.9,205.9,0.144,0.332,0.99,Moderate traffic flow - standard adaptive signal timing in effect
EVT416524,2025-11-04 10:53:09,Concert,J040,City Market,12739,Weekday,False,Clear,False,0.0,False,False,0.455,Moderate,23.8,35.7,99.5,0.069,0.159,0.964,Moderate traffic flow - standard adaptive signal timing in effect
EVT416525,2025-12-17 09:26:34,Concert,J031,Cubbon Road,21602,Weekday,False,Clear,False,0.0,False,False,1.0,Severe,8.3,64.9,392.9,0.141,0.326,0.888,Heavy congestion detected - signal timing extended and reroute suggested
EVT416526,2025-03-06 13:07:05,Sports Fixture,J020,Malleshwaram Circle,18604,Weekday,False,Clear,False,0.0,False,False,0.257,Low,29.9,21.1,206.7,0.154,0.356,0.955,Moderate traffic flow - standard adaptive signal timing in effect
EVT416527,2025-08-16 16:07:03,Religious Festival,J009,Majestic,39791,Weekend,True,Heavy Rain,True,38.2,False,True,1.0,Severe,7.3,106.3,707.4,0.225,0.519,0.805,Road closure for event/procession - full detour recommended for through-traffic
EVT416528,2025-07-29 19:58:03,Political Rally,J020,Malleshwaram Circle,13398,Weekday,False,Heavy Rain,True,32.3,False,False,1.0,Severe,9.8,72.4,600.4,0.228,0.526,0.883,Heavy rain reducing visibility and grip - reduced speed and longer buffer advised
EVT416529,2025-05-04 23:00:45,Political Rally,J020,Malleshwaram Circle,35706,Weekend,False,Heavy Rain,True,34.7,False,False,0.732,High,16.1,54.1,326.1,0.169,0.39,0.901,Heavy rain reducing visibility and grip - reduced speed and longer buffer advised
EVT416530,2025-03-11 21:04:13,Trade Fair,J031,Cubbon Road,8935,Weekday,False,Clear,False,0.0,False,False,0.427,Moderate,32.1,31.3,142.0,0.137,0.316,0.984,Moderate traffic flow - standard adaptive signal timing in effect
EVT416531,2025-03-11 10:58:15,Trade Fair,J031,Cubbon Road,5828,Weekday,False,Clear,False,0.0,False,False,0.403,Moderate,27.7,27.1,212.3,0.176,0.406,0.954,Moderate traffic flow - standard adaptive signal timing in effect
EVT416532,2026-02-12 07:52:44,Political Rally,J012,Koramangala Sony World,10516,Weekday,False,Clear,False,0.0,False,False,0.801,Severe,16.2,53.5,389.8,0.212,0.489,0.94,Heavy congestion detected - signal timing extended and reroute suggested
EVT416533,2026-02-13 14:33:01,Local Market Day,J040,City Market,3259,Weekday,False,Clear,False,0.0,False,False,0.233,Low,26.5,15.0,84.9,0.057,0.132,0.97,Normal free-flow traffic - standard signal timing maintained
EVT416534,2026-01-19 20:16:01,Local Market Day,J023,Basavanagudi,4267,Weekday,False,Clear,False,0.0,False,False,0.693,High,19.0,53.8,184.6,0.123,0.285,0.956,Moderate traffic flow - standard adaptive signal timing in effect
EVT416535,2025-10-31 20:12:46,Concert,J012,Koramangala Sony World,15242,Weekday,False,Clear,False,0.0,False,False,0.73,High,16.1,48.6,264.7,0.139,0.322,0.966,Moderate traffic flow - standard adaptive signal timing in effect
EVT416536,2025-08-11 08:45:47,Local Market Day,J031,Cubbon Road,3994,Weekday,False,Rain,True,19.6,False,False,1.0,Severe,6.4,69.2,423.3,0.138,0.318,0.846,Heavy rain reducing visibility and grip - reduced speed and longer buffer advised
EVT416537,2025-08-26 11:18:02,Sports Fixture,J012,Koramangala Sony World,27273,Weekday,False,Heavy Rain,True,28.1,False,False,0.786,Severe,10.5,57.5,328.9,0.146,0.336,0.921,Heavy rain reducing visibility and grip - reduced speed and longer buffer advised
EVT416538,2025-05-14 11:22:43,Local Market Day,J011,Indiranagar 100ft Road,3164,Weekday,False,Clear,False,0.0,False,False,0.407,Moderate,26.3,29.6,252.0,0.183,0.423,0.967,Moderate traffic flow - standard adaptive signal timing in effect
EVT416539,2026-04-02 11:25:14,Local Market Day,J031,Cubbon Road,4173,Weekday,False,Clear,False,0.0,False,False,0.274,Low,25.5,24.6,175.1,0.122,0.281,0.946,Moderate traffic flow - standard adaptive signal timing in effect
EVT416540,2025-06-05 10:58:08,Sports Fixture,J020,Malleshwaram Circle,24803,Weekday,False,Clear,False,0.0,False,False,0.628,High,26.2,49.2,90.7,0.066,0.153,0.989,Moderate traffic flow - standard adaptive signal timing in effect
EVT416541,2025-07-16 16:15:48,Political Rally,J012,Koramangala Sony World,14982,Weekday,False,Rain,True,11.8,False,False,0.82,Severe,15.8,60.9,297.4,0.188,0.435,0.936,Heavy rain reducing visibility and grip - reduced speed and longer buffer advised
EVT416542,2025-09-17 21:17:19,Concert,J040,City Market,11978,Weekday,False,Rain,True,17.1,False,False,0.633,High,23.1,55.3,193.7,0.142,0.329,0.906,Heavy rain reducing visibility and grip - reduced speed and longer buffer advised
EVT416543,2025-04-04 18:23:42,Sports Fixture,J040,City Market,20544,Weekday,False,Light Rain,True,0.3,False,False,1.0,Severe,8.7,75.1,315.0,0.127,0.293,0.862,Heavy rain reducing visibility and grip - reduced speed and longer buffer advised
EVT416544,2025-12-07 12:17:02,Sports Fixture,J020,Malleshwaram Circle,22370,Weekend,False,Clear,False,0.0,False,False,0.341,Low,27.7,19.3,161.8,0.143,0.331,0.974,Moderate traffic flow - standard adaptive signal timing in effect
EVT416545,2025-06-25 11:13:55,Trade Fair,J030,MG Road,22721,Weekday,False,Clear,False,0.0,False,False,0.5,Moderate,23.2,39.4,215.0,0.154,0.355,0.987,Moderate traffic flow - standard adaptive signal timing in effect
EVT416546,2026-04-22 13:24:48,Sports Fixture,J030,MG Road,21195,Weekday,False,Light Rain,True,4.3,False,False,0.37,Moderate,26.1,30.0,150.9,0.119,0.275,0.91,Light rain detected - minor speed reduction advised
EVT416547,2025-05-14 12:56:11,Concert,J011,Indiranagar 100ft Road,8580,Weekday,False,Clear,False,0.0,False,False,0.148,Low,37.5,9.8,125.9,0.102,0.236,0.99,Normal free-flow traffic - standard signal timing maintained
EVT416548,2026-02-09 08:02:39,Sports Fixture,J009,Majestic,17955,Weekday,False,Clear,False,0.0,False,False,0.908,Severe,14.3,57.4,328.6,0.17,0.392,0.909,Heavy congestion detected - signal timing extended and reroute suggested
EVT416549,2025-04-03 17:05:53,Local Market Day,J009,Majestic,2730,Weekday,False,Clear,False,0.0,False,False,0.605,High,24.9,39.0,153.7,0.116,0.268,0.946,Moderate traffic flow - standard adaptive signal timing in effect
EVT416550,2026-06-17 08:08:35,Local Market Day,J020,Malleshwaram Circle,6085,Weekday,False,Clear,False,0.0,False,False,0.912,Severe,9.4,61.6,556.8,0.182,0.42,0.918,Heavy congestion detected - signal timing extended and reroute suggested
EVT416551,2025-08-30 17:51:07,Trade Fair,J012,Koramangala Sony World,6722,Weekend,False,Rain,True,17.1,False,False,1.0,Severe,8.8,72.1,414.5,0.152,0.352,0.868,Heavy rain reducing visibility and grip - reduced speed and longer buffer advised
EVT416552,2026-04-12 13:23:02,Concert,J040,City Market,8113,Weekend,False,Fog,False,0.0,False,False,0.298,Low,33.2,23.2,87.2,0.065,0.15,0.976,Moderate traffic flow - standard adaptive signal timing in effect
EVT416553,2025-12-29 18:19:22,Local Market Day,J012,Koramangala Sony World,5568,Weekday,False,Light Rain,True,3.3,False,False,1.0,Severe,8.7,69.8,428.6,0.148,0.341,0.886,Heavy rain reducing visibility and grip - reduced speed and longer buffer advised
EVT416554,2025-02-21 07:04:41,Political Rally,J030,MG Road,12710,Weekday,False,Clear,False,0.0,False,False,0.503,Moderate,20.6,32.2,163.1,0.109,0.251,0.959,Moderate traffic flow - standard adaptive signal timing in effect
EVT416555,2025-06-03 18:08:57,Political Rally,J009,Majestic,9969,Weekday,False,Light Rain,True,5.5,False,False,1.0,Severe,10.1,72.1,506.9,0.198,0.458,0.856,Heavy rain reducing visibility and grip - reduced speed and longer buffer advised
EVT416556,2025-11-13 13:11:09,Concert,J040,City Market,17156,Weekday,False,Clear,False,0.0,False,False,0.193,Low,38.0,11.2,119.2,0.112,0.258,0.969,Normal free-flow traffic - standard signal timing maintained
EVT416557,2025-06-21 19:46:26,Sports Fixture,J012,Koramangala Sony World,17787,Weekend,False,Clear,False,0.0,False,False,0.831,Severe,15.1,57.1,345.8,0.205,0.474,0.94,Heavy congestion detected - signal timing extended and reroute suggested
EVT416558,2025-04-21 09:15:34,Trade Fair,J023,Basavanagudi,9833,Weekday,False,Clear,False,0.0,False,False,1.0,Severe,9.5,70.6,665.1,0.244,0.564,0.913,Heavy congestion detected - signal timing extended and reroute suggested
EVT416559,2025-11-17 20:11:57,Concert,J012,Koramangala Sony World,13394,Weekday,False,Clear,False,0.0,False,False,0.767,Severe,17.9,56.0,315.6,0.186,0.429,0.943,Heavy congestion detected - signal timing extended and reroute suggested
EVT416560,2026-04-21 21:09:35,Trade Fair,J030,MG Road,9891,Weekday,False,Clear,False,0.0,False,False,0.394,Moderate,30.0,27.5,116.2,0.093,0.214,0.973,Moderate traffic flow - standard adaptive signal timing in effect
EVT416561,2026-05-31 19:01:48,Local Market Day,J012,Koramangala Sony World,3906,Weekend,False,Clear,False,0.0,False,False,0.851,Severe,14.7,61.1,249.3,0.126,0.292,0.936,Heavy congestion detected - signal timing extended and reroute suggested
EVT416562,2026-02-19 07:26:04,Sports Fixture,J012,Koramangala Sony World,14934,Weekday,False,Clear,False,0.0,False,False,0.672,High,21.7,48.1,274.5,0.196,0.454,0.949,Moderate traffic flow - standard adaptive signal timing in effect
EVT416563,2025-12-17 07:12:16,Concert,J012,Koramangala Sony World,17931,Weekday,False,Light Rain,True,0.1,False,False,0.627,High,22.6,45.2,242.9,0.172,0.396,0.928,Heavy rain reducing visibility and grip - reduced speed and longer buffer advised
EVT416564,2025-10-18 04:23:59,Concert,J031,Cubbon Road,10459,Weekend,False,Clear,False,0.0,False,False,0.274,Low,23.0,22.6,195.3,0.125,0.289,0.975,Moderate traffic flow - standard adaptive signal timing in effect
EVT416565,2026-04-06 06:22:31,Local Market Day,J023,Basavanagudi,6582,Weekday,False,Clear,False,0.0,False,False,0.291,Low,19.6,22.3,183.1,0.099,0.229,0.973,Moderate traffic flow - standard adaptive signal timing in effect
EVT416566,2025-06-21 11:11:37,Concert,J040,City Market,19670,Weekend,False,Heavy Rain,True,29.4,False,False,0.808,Severe,15.7,65.1,389.2,0.22,0.507,0.935,Heavy rain reducing visibility and grip - reduced speed and longer buffer advised
EVT416567,2025-01-09 08:20:49,Trade Fair,J011,Indiranagar 100ft Road,10246,Weekday,False,Clear,False,0.0,False,False,0.936,Severe,10.5,66.2,602.7,0.262,0.604,0.92,Heavy congestion detected - signal timing extended and reroute suggested
EVT416568,2026-02-28 08:13:20,Sports Fixture,J020,Malleshwaram Circle,30603,Weekend,False,Clear,False,0.0,False,False,0.988,Severe,10.5,72.1,342.4,0.146,0.338,0.887,Heavy congestion detected - signal timing extended and reroute suggested
EVT416569,2025-03-23 09:03:42,Sports Fixture,J030,MG Road,34230,Weekend,False,Clear,False,0.0,False,False,1.0,Severe,10.1,70.8,383.6,0.138,0.318,0.912,Heavy congestion detected - signal timing extended and reroute suggested
EVT416570,2025-06-11 19:28:30,Political Rally,J031,Cubbon Road,16743,Weekday,False,Fog,False,0.0,False,False,0.99,Severe,7.3,69.3,437.2,0.159,0.366,0.932,Heavy congestion detected - signal timing extended and reroute suggested
EVT416571,2025-07-09 16:37:27,Concert,J020,Malleshwaram Circle,20452,Weekday,False,Clear,False,0.0,False,False,0.657,High,13.8,40.6,401.8,0.17,0.393,0.982,Moderate traffic flow - standard adaptive signal timing in effect
EVT416572,2025-08-17 19:32:22,Sports Fixture,J020,Malleshwaram Circle,11460,Weekend,False,Clear,False,0.0,False,False,0.792,Severe,11.2,54.8,494.4,0.193,0.447,0.956,Heavy congestion detected - signal timing extended and reroute suggested
EVT416573,2025-11-17 19:46:47,Sports Fixture,J023,Basavanagudi,12394,Weekday,False,Clear,False,0.0,False,False,0.869,Severe,15.2,61.5,339.7,0.198,0.457,0.927,Heavy congestion detected - signal timing extended and reroute suggested
EVT416574,2026-02-25 11:31:00,Sports Fixture,J040,City Market,15757,Weekday,False,Clear,False,0.0,False,False,0.368,Moderate,28.2,31.5,108.4,0.073,0.169,0.958,Moderate traffic flow - standard adaptive signal timing in effect
EVT416575,2025-06-25 16:01:26,Political Rally,J020,Malleshwaram Circle,13986,Weekday,False,Clear,False,0.0,False,False,0.57,High,19.5,39.8,292.2,0.197,0.455,0.961,Moderate traffic flow - standard adaptive signal timing in effect
EVT416576,2026-01-28 10:30:23,Trade Fair,J012,Koramangala Sony World,6804,Weekday,False,Clear,False,0.0,False,False,0.571,High,22.8,39.2,235.9,0.16,0.37,0.973,Moderate traffic flow - standard adaptive signal timing in effect
EVT416577,2026-03-06 09:21:08,Sports Fixture,J009,Majestic,31504,Weekday,False,Fog,False,0.0,False,False,1.0,Severe,7.4,64.8,428.2,0.127,0.294,0.922,Heavy congestion detected - signal timing extended and reroute suggested
EVT416578,2025-11-21 07:20:34,Local Market Day,J011,Indiranagar 100ft Road,2100,Weekday,False,Light Rain,True,7.4,False,False,0.632,High,19.3,50.3,378.1,0.248,0.572,0.953,Heavy rain reducing visibility and grip - reduced speed and longer buffer advised
EVT416579,2026-06-17 18:55:54,Trade Fair,J009,Majestic,8421,Weekday,False,Clear,False,0.0,False,False,0.984,Severe,9.4,77.4,249.1,0.107,0.247,0.925,Heavy congestion detected - signal timing extended and reroute suggested
EVT416580,2025-03-29 13:33:51,Local Market Day,J020,Malleshwaram Circle,1648,Weekend,False,Clear,False,0.0,False,False,0.199,Low,36.6,11.4,180.2,0.161,0.371,0.971,Normal free-flow traffic - standard signal timing maintained
EVT416581,2026-01-21 15:05:06,Trade Fair,J012,Koramangala Sony World,12778,Weekday,False,Clear,False,0.0,False,False,0.195,Low,36.1,10.6,83.0,0.074,0.172,0.99,Normal free-flow traffic - standard signal timing maintained
EVT416582,2026-06-21 18:19:12,Local Market Day,J023,Basavanagudi,3676,Weekend,False,Clear,False,0.0,False,False,0.887,Severe,12.2,65.4,374.6,0.173,0.401,0.95,Heavy congestion detected - signal timing extended and reroute suggested
EVT416583,2025-11-24 07:58:22,Sports Fixture,J012,Koramangala Sony World,29765,Weekday,False,Clear,False,0.0,False,False,0.863,Severe,13.2,69.3,443.7,0.226,0.523,0.924,Heavy congestion detected - signal timing extended and reroute suggested
EVT416584,2026-04-27 09:13:48,Local Market Day,J009,Majestic,1447,Weekday,False,Clear,False,0.0,False,False,1.0,Severe,8.9,75.2,456.4,0.161,0.373,0.909,Heavy congestion detected - signal timing extended and reroute suggested
EVT416585,2025-11-01 17:12:48,Fireworks Display,J040,City Market,19246,Weekend,True,Clear,False,0.0,False,False,0.99,Severe,7.5,70.1,544.9,0.177,0.409,0.88,Festival crowd surge detected - alternate route and extended cycle recommended
EVT416586,2025-02-16 09:07:06,Concert,J030,MG Road,12072,Weekend,False,Clear,False,0.0,False,False,0.922,Severe,12.3,62.7,401.0,0.188,0.434,0.925,Heavy congestion detected - signal timing extended and reroute suggested
EVT416587,2025-12-12 20:21:33,Local Market Day,J011,Indiranagar 100ft Road,4771,Weekday,False,Fog,False,0.0,False,False,0.664,High,22.3,46.4,230.4,0.158,0.366,0.987,Moderate traffic flow - standard adaptive signal timing in effect
EVT416588,2026-02-14 08:59:47,Concert,J020,Malleshwaram Circle,11916,Weekend,False,Clear,False,0.0,False,False,0.963,Severe,10.4,70.9,320.5,0.139,0.322,0.93,Heavy congestion detected - signal timing extended and reroute suggested
EVT416589,2025-11-25 09:08:42,Local Market Day,J012,Koramangala Sony World,3615,Weekday,False,Clear,False,0.0,False,False,1.0,Severe,8.8,78.4,204.8,0.085,0.196,0.936,Heavy congestion detected - signal timing extended and reroute suggested
EVT416590,2025-07-26 15:19:56,Concert,J011,Indiranagar 100ft Road,11304,Weekend,False,Rain,True,18.1,False,False,0.564,High,23.8,44.5,226.8,0.184,0.424,0.93,Heavy rain reducing visibility and grip - reduced speed and longer buffer advised
EVT416591,2025-09-09 00:45:37,Local Market Day,J030,MG Road,4711,Weekday,False,Heavy Rain,True,40.0,False,False,0.491,Moderate,28.7,34.7,174.4,0.152,0.35,0.916,Light rain detected - minor speed reduction advised
EVT416592,2025-08-17 11:55:35,Sports Fixture,J011,Indiranagar 100ft Road,21527,Weekend,False,Clear,False,0.0,False,False,0.499,Moderate,24.2,31.5,335.6,0.214,0.493,0.988,Moderate traffic flow - standard adaptive signal timing in effect
EVT416593,2026-05-02 08:31:25,Cultural Procession,J012,Koramangala Sony World,22110,Weekend,True,Clear,False,0.0,False,True,1.0,Severe,9.4,93.3,707.7,0.275,0.636,0.851,Road closure for event/procession - full detour recommended for through-traffic
EVT416594,2026-03-22 20:26:10,Local Market Day,J009,Majestic,5161,Weekend,False,Clear,False,0.0,False,False,0.568,High,19.7,42.8,392.1,0.26,0.602,0.962,Moderate traffic flow - standard adaptive signal timing in effect
EVT416595,2025-07-29 16:50:42,Trade Fair,J012,Koramangala Sony World,11343,Weekday,False,Clear,False,0.0,False,False,0.71,High,20.2,48.9,276.1,0.169,0.39,0.974,Moderate traffic flow - standard adaptive signal timing in effect
EVT416596,2026-01-17 11:30:12,Local Market Day,J031,Cubbon Road,5069,Weekend,False,Clear,False,0.0,False,False,0.336,Low,30.3,15.6,156.1,0.131,0.303,0.976,Moderate traffic flow - standard adaptive signal timing in effect
EVT416597,2025-02-13 16:21:49,Trade Fair,J040,City Market,12830,Weekday,False,Clear,False,0.0,False,False,0.63,High,22.3,46.3,109.7,0.082,0.189,0.979,Moderate traffic flow - standard adaptive signal timing in effect
EVT416598,2025-04-12 16:19:48,Concert,J020,Malleshwaram Circle,9187,Weekend,False,Clear,False,0.0,False,False,0.532,Moderate,21.6,38.6,154.7,0.095,0.219,0.937,Moderate traffic flow - standard adaptive signal timing in effect
EVT416599,2025-04-12 08:01:16,Local Market Day,J031,Cubbon Road,1782,Weekend,False,Clear,False,0.0,False,False,0.646,High,20.1,54.0,259.0,0.183,0.422,0.972,Moderate traffic flow - standard adaptive signal timing in effect
EVT416600,2025-09-07 20:43:48,Sports Fixture,J012,Koramangala Sony World,17178,Weekend,False,Clear,False,0.0,False,False,0.603,High,21.5,47.3,233.6,0.164,0.379,0.964,Moderate traffic flow - standard adaptive signal timing in effect
EVT416601,2025-03-08 08:26:41,Local Market Day,J030,MG Road,4158,Weekend,False,Clear,False,0.0,False,False,0.872,Severe,10.9,66.6,496.7,0.197,0.455,0.966,Heavy congestion detected - signal timing extended and reroute suggested
EVT416602,2025-09-01 13:28:20,Sports Fixture,J030,MG Road,25523,Weekday,False,Clear,False,0.0,False,False,0.274,Low,28.1,22.6,134.8,0.08,0.184,0.959,Moderate traffic flow - standard adaptive signal timing in effect
EVT416603,2025-05-06 14:19:08,Concert,J030,MG Road,8361,Weekday,False,Fog,False,0.0,False,False,0.069,Low,47.1,2.0,94.1,0.094,0.217,0.971,Normal free-flow traffic - standard signal timing maintained
EVT416604,2025-11-22 09:00:21,Political Rally,J020,Malleshwaram Circle,13646,Weekend,False,Clear,False,0.0,False,False,0.918,Severe,12.9,62.9,616.0,0.271,0.625,0.922,Heavy congestion detected - signal timing extended and reroute suggested
EVT416605,2025-02-09 18:06:12,Sports Fixture,J020,Malleshwaram Circle,15553,Weekend,False,Clear,False,0.0,False,False,0.907,Severe,12.4,71.7,337.3,0.158,0.364,0.935,Heavy congestion detected - signal timing extended and reroute suggested
EVT416606,2025-09-30 17:04:09,Sports Fixture,J020,Malleshwaram Circle,28628,Weekday,False,Clear,False,0.0,False,False,0.871,Severe,10.1,61.2,333.9,0.116,0.267,0.931,Heavy congestion detected - signal timing extended and reroute suggested
EVT416607,2025-09-08 17:27:10,Local Market Day,J009,Majestic,3884,Weekday,False,Clear,False,0.0,False,False,0.886,Severe,12.1,59.9,322.9,0.169,0.39,0.928,Heavy congestion detected - signal timing extended and reroute suggested
EVT416608,2025-05-23 18:37:58,Concert,J020,Malleshwaram Circle,10626,Weekday,False,Rain,True,19.2,False,False,1.0,Severe,7.4,73.1,346.4,0.119,0.275,0.888,Heavy rain reducing visibility and grip - reduced speed and longer buffer advised
EVT416609,2026-06-28 21:31:30,Local Market Day,J031,Cubbon Road,2943,Weekend,False,Clear,False,0.0,False,False,0.305,Low,32.9,25.2,91.5,0.081,0.186,0.978,Moderate traffic flow - standard adaptive signal timing in effect
EVT416610,2025-05-07 10:47:40,Local Market Day,J011,Indiranagar 100ft Road,3629,Weekday,False,Clear,False,0.0,False,False,0.49,Moderate,24.1,42.6,284.2,0.205,0.473,0.963,Moderate traffic flow - standard adaptive signal timing in effect
EVT416611,2026-04-10 15:41:23,Sports Fixture,J023,Basavanagudi,31411,Weekday,False,Clear,False,0.0,False,False,0.588,High,26.3,35.8,233.9,0.19,0.439,0.956,Moderate traffic flow - standard adaptive signal timing in effect
EVT416612,2025-09-04 10:35:01,Trade Fair,J030,MG Road,14183,Weekday,False,Heavy Rain,True,35.7,False,False,1.0,Severe,9.2,74.2,468.5,0.161,0.372,0.838,Heavy rain reducing visibility and grip - reduced speed and longer buffer advised
EVT416613,2025-12-29 11:01:39,Local Market Day,J040,City Market,3967,Weekday,False,Clear,False,0.0,False,False,0.444,Moderate,28.0,30.4,181.4,0.127,0.294,0.965,Moderate traffic flow - standard adaptive signal timing in effect
EVT416614,2026-01-14 18:21:23,Fireworks Display,J011,Indiranagar 100ft Road,15957,Weekday,True,Clear,False,0.0,False,False,1.0,Severe,5.5,71.0,539.0,0.161,0.371,0.862,Festival crowd surge detected - alternate route and extended cycle recommended
EVT416615,2026-05-15 15:49:23,Concert,J020,Malleshwaram Circle,6258,Weekday,False,Clear,False,0.0,False,False,0.422,Moderate,29.8,28.8,175.2,0.161,0.371,0.953,Moderate traffic flow - standard adaptive signal timing in effect
EVT416616,2025-10-15 18:29:29,Local Market Day,J023,Basavanagudi,3145,Weekday,False,Rain,True,21.6,False,False,1.0,Severe,9.3,69.8,648.2,0.233,0.537,0.875,Heavy rain reducing visibility and grip - reduced speed and longer buffer advised
EVT416617,2026-03-07 08:32:03,Trade Fair,J030,MG Road,15635,Weekend,False,Clear,False,0.0,False,False,0.897,Severe,10.2,66.0,525.2,0.224,0.518,0.941,Heavy congestion detected - signal timing extended and reroute suggested
EVT416618,2026-05-17 23:28:07,Concert,J023,Basavanagudi,8895,Weekend,False,Clear,False,0.0,False,False,0.208,Low,32.0,15.6,193.7,0.142,0.327,0.983,Normal free-flow traffic - standard signal timing maintained
EVT416619,2025-03-15 13:36:08,Religious Festival,J009,Majestic,35624,Weekend,True,Clear,False,0.0,False,True,0.863,High,14.7,86.1,437.5,0.23,0.532,0.854,Road closure for event/procession - full detour recommended for through-traffic
EVT416620,2026-01-11 18:57:28,Sports Fixture,J031,Cubbon Road,18769,Weekend,False,Clear,False,0.0,False,False,0.861,Severe,13.7,64.9,325.8,0.169,0.391,0.928,Heavy congestion detected - signal timing extended and reroute suggested
EVT416621,2025-04-05 15:18:51,Political Rally,J040,City Market,12412,Weekend,False,Clear,False,0.0,False,False,0.345,Low,30.3,20.1,139.5,0.125,0.289,0.978,Moderate traffic flow - standard adaptive signal timing in effect
EVT416622,2025-02-01 10:06:51,Local Market Day,J031,Cubbon Road,5167,Weekend,False,Clear,False,0.0,False,False,0.637,High,20.3,44.9,305.5,0.187,0.433,0.984,Moderate traffic flow - standard adaptive signal timing in effect
EVT416623,2026-04-07 18:48:03,Trade Fair,J040,City Market,10721,Weekday,False,Clear,False,0.0,False,False,1.0,Severe,9.4,70.1,531.9,0.201,0.465,0.923,Heavy congestion detected - signal timing extended and reroute suggested
EVT416624,2025-07-24 11:19:34,Sports Fixture,J040,City Market,23770,Weekday,False,Clear,False,0.0,False,False,0.406,Moderate,25.3,32.0,124.2,0.097,0.224,0.973,Moderate traffic flow - standard adaptive signal timing in effect
EVT416625,2025-10-19 12:21:23,Sports Fixture,J009,Majestic,15247,Weekend,False,Clear,False,0.0,False,False,0.283,Low,27.8,16.3,54.8,0.035,0.08,0.978,Moderate traffic flow - standard adaptive signal timing in effect
EVT416626,2025-01-05 13:56:19,Concert,J009,Majestic,18139,Weekend,False,Clear,False,0.0,False,False,0.368,Moderate,25.2,26.7,122.6,0.104,0.24,0.968,Moderate traffic flow - standard adaptive signal timing in effect
EVT416627,2025-11-19 12:33:30,Local Market Day,J040,City Market,2256,Weekday,False,Clear,False,0.0,False,False,0.128,Low,23.8,6.4,223.5,0.153,0.353,0.958,Normal free-flow traffic - standard signal timing maintained
EVT416628,2025-01-07 14:15:30,Local Market Day,J030,MG Road,2494,Weekday,False,Clear,False,0.0,False,False,0.182,Low,28.9,10.4,248.3,0.183,0.423,0.948,Normal free-flow traffic - standard signal timing maintained
EVT416629,2025-05-26 11:30:02,Local Market Day,J030,MG Road,3184,Weekday,False,Clear,False,0.0,False,False,0.174,Low,29.3,11.7,103.0,0.08,0.185,0.974,Normal free-flow traffic - standard signal timing maintained
EVT416630,2025-11-23 07:21:15,Sports Fixture,J009,Majestic,17383,Weekend,False,Rain,True,13.7,False,False,0.788,Severe,16.7,56.9,123.0,0.075,0.173,0.908,Heavy rain reducing visibility and grip - reduced speed and longer buffer advised
EVT416631,2025-08-28 16:50:06,Cultural Procession,J040,City Market,12610,Weekday,True,Clear,False,0.0,False,True,1.0,Severe,8.8,105.7,405.9,0.153,0.354,0.837,Road closure for event/procession - full detour recommended for through-traffic
EVT416632,2026-01-18 12:34:40,Sports Fixture,J011,Indiranagar 100ft Road,24385,Weekend,False,Clear,False,0.0,False,False,0.39,Moderate,24.5,28.7,256.0,0.151,0.349,0.972,Moderate traffic flow - standard adaptive signal timing in effect
EVT416633,2025-12-19 20:37:48,Local Market Day,J011,Indiranagar 100ft Road,5846,Weekday,False,Clear,False,0.0,False,False,0.584,High,24.6,44.0,188.8,0.131,0.302,0.968,Moderate traffic flow - standard adaptive signal timing in effect
EVT416634,2025-12-05 13:40:52,Sports Fixture,J011,Indiranagar 100ft Road,22353,Weekday,False,Clear,False,0.0,False,False,0.228,Low,32.2,21.2,95.8,0.069,0.16,0.969,Normal free-flow traffic - standard signal timing maintained
EVT416635,2026-04-06 11:36:50,Political Rally,J040,City Market,12426,Weekday,False,Clear,False,0.0,False,False,0.369,Moderate,30.3,24.4,194.5,0.154,0.357,0.971,Moderate traffic flow - standard adaptive signal timing in effect
EVT416636,2025-12-12 19:43:11,Trade Fair,J023,Basavanagudi,9821,Weekday,False,Clear,False,0.0,False,False,0.868,Severe,11.1,64.8,376.0,0.178,0.412,0.93,Heavy congestion detected - signal timing extended and reroute suggested
EVT416637,2026-01-05 18:16:53,Concert,J009,Majestic,10709,Weekday,False,Clear,False,0.0,False,False,0.997,Severe,9.5,70.0,591.9,0.218,0.504,0.916,Heavy congestion detected - signal timing extended and reroute suggested
EVT416638,2025-02-25 21:33:41,Trade Fair,J012,Koramangala Sony World,8497,Weekday,False,Clear,False,0.0,False,False,0.34,Low,29.6,25.1,297.4,0.24,0.553,0.96,Moderate traffic flow - standard adaptive signal timing in effect
EVT416639,2025-02-28 13:02:01,Local Market Day,J012,Koramangala Sony World,3956,Weekday,False,Clear,False,0.0,False,False,0.124,Low,33.6,5.7,155.8,0.129,0.297,0.973,Normal free-flow traffic - standard signal timing maintained
EVT416640,2025-10-09 17:07:51,Sports Fixture,J030,MG Road,30524,Weekday,False,Rain,True,13.1,False,False,1.0,Severe,7.6,73.6,617.0,0.204,0.47,0.826,Heavy rain reducing visibility and grip - reduced speed and longer buffer advised
EVT416641,2025-05-23 09:08:48,Trade Fair,J023,Basavanagudi,11232,Weekday,False,Clear,False,0.0,False,False,1.0,Severe,7.6,75.1,777.7,0.23,0.531,0.9,Heavy congestion detected - signal timing extended and reroute suggested
EVT416642,2026-02-12 20:33:35,Local Market Day,J023,Basavanagudi,6514,Weekday,False,Clear,False,0.0,False,False,0.552,High,21.0,34.6,117.7,0.092,0.212,0.962,Moderate traffic flow - standard adaptive signal timing in effect
EVT416643,2025-08-07 19:11:53,Sports Fixture,J040,City Market,13890,Weekday,False,Heavy Rain,True,33.8,False,False,1.0,Severe,9.0,69.4,547.9,0.218,0.504,0.858,Heavy rain reducing visibility and grip - reduced speed and longer buffer advised
EVT416644,2025-05-07 18:41:51,Concert,J023,Basavanagudi,13539,Weekday,False,Clear,False,0.0,False,False,1.0,Severe,6.4,82.3,626.2,0.186,0.43,0.945,Heavy congestion detected - signal timing extended and reroute suggested
EVT416645,2025-06-20 12:31:22,Local Market Day,J011,Indiranagar 100ft Road,3145,Weekday,False,Clear,False,0.0,False,False,0.213,Low,31.8,18.1,141.6,0.126,0.291,0.945,Normal free-flow traffic - standard signal timing maintained
EVT416646,2025-01-30 09:10:22,Political Rally,J030,MG Road,11295,Weekday,False,Clear,False,0.0,False,False,1.0,Severe,10.2,74.5,302.9,0.131,0.303,0.892,Heavy congestion detected - signal timing extended and reroute suggested
EVT416647,2026-06-22 14:38:06,Sports Fixture,J030,MG Road,20842,Weekday,False,Clear,False,0.0,False,False,0.362,Moderate,30.1,26.6,250.3,0.179,0.413,0.956,Moderate traffic flow - standard adaptive signal timing in effect
EVT416648,2025-01-18 08:46:03,Sports Fixture,J040,City Market,31829,Weekend,False,Clear,False,0.0,False,False,1.0,Severe,9.0,67.2,408.1,0.139,0.322,0.91,Heavy congestion detected - signal timing extended and reroute suggested
EVT416649,2026-05-09 15:04:32,Concert,J031,Cubbon Road,10840,Weekend,False,Clear,False,0.0,False,False,0.386,Moderate,28.1,31.1,92.3,0.076,0.176,0.955,Moderate traffic flow - standard adaptive signal timing in effect
EVT416650,2025-09-14 14:58:04,Local Market Day,J030,MG Road,3775,Weekend,False,Heavy Rain,True,44.6,False,False,0.564,High,21.0,40.0,240.5,0.163,0.377,0.921,Heavy rain reducing visibility and grip - reduced speed and longer buffer advised
EVT416651,2026-02-18 18:09:53,Local Market Day,J009,Majestic,2391,Weekday,False,Clear,False,0.0,False,False,0.926,Severe,9.0,68.4,468.8,0.175,0.405,0.912,Heavy congestion detected - signal timing extended and reroute suggested
EVT416652,2026-02-17 09:19:58,Local Market Day,J031,Cubbon Road,1624,Weekday,False,Clear,False,0.0,False,False,0.945,Severe,9.0,65.4,450.3,0.163,0.377,0.906,Heavy congestion detected - signal timing extended and reroute suggested
EVT416653,2025-12-02 08:33:05,Concert,J020,Malleshwaram Circle,10811,Weekday,False,Clear,False,0.0,False,False,1.0,Severe,8.2,68.4,752.0,0.242,0.559,0.917,Heavy congestion detected - signal timing extended and reroute suggested
EVT416654,2025-01-12 10:41:15,Political Rally,J009,Majestic,12078,Weekend,False,Clear,False,0.0,False,False,0.617,High,19.9,44.6,355.5,0.212,0.49,0.971,Moderate traffic flow - standard adaptive signal timing in effect
EVT416655,2025-08-27 20:37:15,Religious Festival,J030,MG Road,57710,Weekday,True,Clear,False,0.0,False,True,1.0,Severe,7.8,101.3,541.4,0.19,0.439,0.844,Road closure for event/procession - full detour recommended for through-traffic
EVT416656,2025-11-21 18:56:29,Concert,J023,Basavanagudi,4087,Weekday,False,Clear,False,0.0,False,False,1.0,Severe,7.5,74.2,614.0,0.2,0.461,0.913,Heavy congestion detected - signal timing extended and reroute suggested
EVT416657,2026-02-26 18:44:12,Local Market Day,J023,Basavanagudi,2550,Weekday,False,Fog,False,0.0,False,False,1.0,Severe,8.0,66.8,854.7,0.274,0.632,0.909,Heavy congestion detected - signal timing extended and reroute suggested
EVT416658,2025-11-01 16:43:24,Religious Festival,J009,Majestic,47817,Weekend,True,Clear,False,0.0,False,True,1.0,Severe,8.6,99.8,763.9,0.269,0.622,0.843,Road closure for event/procession - full detour recommended for through-traffic
EVT416659,2025-01-14 22:53:04,Fireworks Display,J023,Basavanagudi,21398,Weekday,True,Clear,False,0.0,False,False,0.54,Moderate,20.0,43.4,137.6,0.093,0.215,0.911,Festival crowd surge detected - alternate route and extended cycle recommended
EVT416660,2025-10-05 09:17:02,Concert,J011,Indiranagar 100ft Road,17058,Weekend,False,Clear,False,0.0,False,False,0.978,Severe,8.7,70.4,446.2,0.189,0.436,0.896,Heavy congestion detected - signal timing extended and reroute suggested
EVT416661,2025-06-22 07:22:57,Concert,J020,Malleshwaram Circle,10967,Weekend,False,Rain,True,24.9,False,False,0.882,Severe,11.9,67.2,355.7,0.172,0.397,0.907,Heavy rain reducing visibility and grip - reduced speed and longer buffer advised
EVT416662,2025-11-21 09:17:45,Political Rally,J040,City Market,16979,Weekday,False,Clear,False,0.0,False,False,1.0,Severe,7.9,73.7,856.2,0.278,0.641,0.92,Heavy congestion detected - signal timing extended and reroute suggested
EVT416663,2025-03-10 17:48:02,Local Market Day,J031,Cubbon Road,3039,Weekday,False,Clear,False,0.0,False,False,0.991,Severe,9.5,70.2,280.4,0.114,0.264,0.942,Heavy congestion detected - signal timing extended and reroute suggested
EVT416664,2025-03-29 21:37:53,Local Market Day,J040,City Market,8434,Weekend,False,Clear,False,0.0,False,False,0.342,Low,27.7,26.2,205.8,0.155,0.359,0.926,Moderate traffic flow - standard adaptive signal timing in effect
EVT416665,2025-09-07 20:00:57,Local Market Day,J023,Basavanagudi,4692,Weekend,False,Clear,False,0.0,False,False,0.627,High,17.2,54.7,351.6,0.206,0.476,0.935,Moderate traffic flow - standard adaptive signal timing in effect
EVT416666,2026-05-11 09:05:11,Local Market Day,J009,Majestic,2937,Weekday,False,Clear,False,0.0,False,False,0.935,Severe,10.6,67.1,465.7,0.205,0.472,0.922,Heavy congestion detected - signal timing extended and reroute suggested
EVT416667,2025-01-02 08:02:59,Sports Fixture,J030,MG Road,26377,Weekday,False,Clear,False,0.0,False,False,0.967,Severe,12.0,64.8,443.5,0.205,0.474,0.924,Heavy congestion detected - signal timing extended and reroute suggested
EVT416668,2025-07-17 17:40:22,Trade Fair,J012,Koramangala Sony World,9262,Weekday,False,Heavy Rain,True,28.3,False,False,1.0,Severe,10.5,66.1,330.1,0.156,0.361,0.868,Heavy rain reducing visibility and grip - reduced speed and longer buffer advised
EVT416669,2025-06-22 11:39:41,Local Market Day,J012,Koramangala Sony World,5442,Weekend,False,Heavy Rain,True,34.1,False,False,0.712,High,18.3,53.2,336.8,0.208,0.48,0.944,Heavy rain reducing visibility and grip - reduced speed and longer buffer advised
EVT416670,2026-06-09 09:26:11,Trade Fair,J011,Indiranagar 100ft Road,4301,Weekday,False,Clear,False,0.0,False,False,1.0,Severe,9.2,69.9,528.7,0.202,0.466,0.899,Heavy congestion detected - signal timing extended and reroute suggested
EVT416671,2025-08-17 19:53:12,Political Rally,J009,Majestic,12135,Weekend,False,Rain,True,21.7,False,False,0.91,Severe,10.1,60.1,611.4,0.219,0.505,0.866,Heavy rain reducing visibility and grip - reduced speed and longer buffer advised
EVT416672,2026-04-18 10:39:43,Local Market Day,J009,Majestic,5001,Weekend,False,Clear,False,0.0,False,False,0.503,Moderate,28.8,27.8,180.6,0.14,0.323,0.958,Moderate traffic flow - standard adaptive signal timing in effect
EVT416673,2026-05-19 17:58:18,Local Market Day,J012,Koramangala Sony World,5468,Weekday,False,Rain,True,10.5,False,False,1.0,Severe,9.2,68.6,339.5,0.138,0.318,0.882,Heavy rain reducing visibility and grip - reduced speed and longer buffer advised
EVT416674,2025-07-16 14:46:48,Sports Fixture,J023,Basavanagudi,23474,Weekday,False,Clear,False,0.0,False,False,0.479,Moderate,29.2,32.4,176.3,0.141,0.327,0.97,Moderate traffic flow - standard adaptive signal timing in effect
EVT416675,2025-08-23 10:36:09,Concert,J011,Indiranagar 100ft Road,15192,Weekend,False,Rain,True,16.5,False,False,0.811,Severe,10.0,52.3,416.9,0.149,0.344,0.929,Heavy rain reducing visibility and grip - reduced speed and longer buffer advised
EVT416676,2026-01-17 19:01:36,Political Rally,J012,Koramangala Sony World,17791,Weekend,False,Clear,False,0.0,False,False,0.918,Severe,10.1,62.7,526.6,0.2,0.462,0.942,Heavy congestion detected - signal timing extended and reroute suggested
EVT416677,2025-05-24 20:09:40,Political Rally,J030,MG Road,13123,Weekend,False,Clear,False,0.0,False,False,0.603,High,18.3,44.3,278.3,0.162,0.374,0.964,Moderate traffic flow - standard adaptive signal timing in effect
EVT416678,2026-03-24 18:38:58,Political Rally,J009,Majestic,14913,Weekday,False,Clear,False,0.0,False,False,1.0,Severe,8.9,66.7,904.2,0.282,0.651,0.892,Heavy congestion detected - signal timing extended and reroute suggested
EVT416679,2026-03-02 09:01:52,Sports Fixture,J040,City Market,40793,Weekday,False,Clear,False,0.0,False,False,1.0,Severe,6.8,71.8,367.5,0.12,0.277,0.912,Heavy congestion detected - signal timing extended and reroute suggested
EVT416680,2026-01-28 15:46:32,Trade Fair,J012,Koramangala Sony World,16052,Weekday,False,Clear,False,0.0,False,False,0.455,Moderate,24.9,30.7,167.8,0.115,0.265,0.966,Moderate traffic flow - standard adaptive signal timing in effect
EVT416681,2025-01-20 08:26:48,Local Market Day,J009,Majestic,3595,Weekday,False,Clear,False,0.0,False,False,0.999,Severe,9.1,70.9,881.4,0.301,0.696,0.89,Heavy congestion detected - signal timing extended and reroute suggested
EVT416682,2026-03-20 22:06:50,Cultural Procession,J009,Majestic,16142,Weekday,True,Clear,False,0.0,False,False,0.504,Moderate,20.4,33.2,158.8,0.098,0.226,0.933,Festival crowd surge detected - alternate route and extended cycle recommended
EVT416683,2025-10-07 07:46:54,Local Market Day,J030,MG Road,5643,Weekday,False,Clear,False,0.0,False,False,0.717,High,19.7,50.7,152.1,0.111,0.257,0.98,Moderate traffic flow - standard adaptive signal timing in effect
EVT416684,2026-06-07 09:24:55,Trade Fair,J011,Indiranagar 100ft Road,11217,Weekend,False,Clear,False,0.0,False,False,0.908,Severe,11.2,66.8,381.0,0.132,0.305,0.958,Heavy congestion detected - signal timing extended and reroute suggested
EVT416685,2025-03-02 14:09:17,Concert,J040,City Market,15478,Weekend,False,Rain,True,8.2,False,False,0.486,Moderate,18.6,30.1,156.7,0.09,0.209,0.905,Light rain detected - minor speed reduction advised
EVT416686,2025-09-12 07:42:28,Local Market Day,J009,Majestic,2535,Weekday,False,Rain,True,11.0,False,False,0.861,Severe,12.3,64.0,509.3,0.235,0.542,0.882,Heavy rain reducing visibility and grip - reduced speed and longer buffer advised
EVT416687,2025-08-05 19:55:33,Trade Fair,J011,Indiranagar 100ft Road,9438,Weekday,False,Heavy Rain,True,32.8,False,False,1.0,Severe,8.3,67.3,205.5,0.069,0.158,0.879,Heavy rain reducing visibility and grip - reduced speed and longer buffer advised
EVT416688,2025-08-02 17:31:59,Local Market Day,J009,Majestic,6268,Weekend,False,Rain,True,18.8,False,False,0.942,Severe,12.2,61.9,460.2,0.22,0.508,0.873,Heavy rain reducing visibility and grip - reduced speed and longer buffer advised
EVT416689,2026-03-08 17:00:16,Local Market Day,J020,Malleshwaram Circle,4236,Weekend,False,Clear,False,0.0,False,False,0.711,High,22.0,56.0,294.4,0.201,0.464,0.954,Moderate traffic flow - standard adaptive signal timing in effect
EVT416690,2026-05-18 10:06:49,Local Market Day,J023,Basavanagudi,2982,Weekday,False,Clear,False,0.0,False,False,0.715,High,16.5,49.3,211.1,0.119,0.275,0.979,Moderate traffic flow - standard adaptive signal timing in effect
EVT416691,2025-09-21 20:45:34,Local Market Day,J009,Majestic,6928,Weekend,False,Heavy Rain,True,28.3,False,False,0.787,Severe,14.0,58.2,427.7,0.225,0.52,0.889,Heavy rain reducing visibility and grip - reduced speed and longer buffer advised
EVT416692,2025-09-22 04:43:36,Sports Fixture,J011,Indiranagar 100ft Road,14282,Weekday,False,Clear,False,0.0,True,False,0.569,High,23.6,42.9,212.2,0.13,0.299,0.804,Accident detected nearby - reroute and reduced speed advised
EVT416693,2025-05-05 04:08:49,Local Market Day,J009,Majestic,7759,Weekday,False,Clear,False,0.0,False,False,0.241,Low,25.1,21.3,254.6,0.159,0.368,0.973,Normal free-flow traffic - standard signal timing maintained
EVT416694,2025-03-22 15:21:49,Sports Fixture,J011,Indiranagar 100ft Road,18250,Weekend,False,Clear,False,0.0,False,False,0.365,Moderate,25.2,24.8,202.8,0.135,0.311,0.976,Moderate traffic flow - standard adaptive signal timing in effect
EVT416695,2025-07-25 06:25:42,Sports Fixture,J020,Malleshwaram Circle,17729,Weekday,False,Heavy Rain,True,39.2,False,False,0.78,Severe,14.0,52.6,267.9,0.14,0.323,0.91,Heavy rain reducing visibility and grip - reduced speed and longer buffer advised
EVT416696,2026-02-25 11:53:23,Trade Fair,J009,Majestic,10711,Weekday,False,Fog,False,0.0,False,False,0.216,Low,37.2,17.9,67.3,0.048,0.111,0.964,Normal free-flow traffic - standard signal timing maintained
EVT416697,2026-03-01 17:07:38,Trade Fair,J012,Koramangala Sony World,12484,Weekend,False,Clear,False,0.0,False,False,0.774,Severe,16.9,53.6,298.1,0.172,0.398,0.953,Heavy congestion detected - signal timing extended and reroute suggested
EVT416698,2026-05-12 06:00:04,Sports Fixture,J030,MG Road,21397,Weekday,False,Light Rain,True,5.2,False,False,0.42,Moderate,27.6,32.5,170.1,0.127,0.294,0.921,Light rain detected - minor speed reduction advised
EVT416699,2026-06-21 16:47:28,Trade Fair,J012,Koramangala Sony World,11408,Weekend,False,Rain,True,14.2,False,False,0.796,Severe,16.4,62.4,199.1,0.125,0.289,0.885,Heavy rain reducing visibility and grip - reduced speed and longer buffer advised
EVT416700,2025-03-13 17:00:56,Concert,J012,Koramangala Sony World,22955,Weekday,False,Clear,False,0.0,False,False,0.891,Severe,16.2,60.8,251.2,0.159,0.367,0.929,Heavy congestion detected - signal timing extended and reroute suggested
EVT416701,2025-06-28 17:00:59,Concert,J009,Majestic,10045,Weekend,False,Rain,True,20.9,False,False,0.925,Severe,8.8,61.3,381.5,0.103,0.237,0.866,Heavy rain reducing visibility and grip - reduced speed and longer buffer advised
EVT416702,2025-07-07 17:53:42,Local Market Day,J023,Basavanagudi,2700,Weekday,False,Clear,False,0.0,False,False,0.979,Severe,8.3,68.8,637.0,0.207,0.478,0.903,Heavy congestion detected - signal timing extended and reroute suggested
EVT416703,2025-12-09 15:04:48,Concert,J011,Indiranagar 100ft Road,10533,Weekday,False,Clear,False,0.0,False,False,0.322,Low,34.6,29.8,234.2,0.22,0.508,0.974,Moderate traffic flow - standard adaptive signal timing in effect
EVT416704,2026-06-11 10:30:48,Political Rally,J040,City Market,13375,Weekday,False,Light Rain,True,5.9,False,False,0.781,Severe,18.4,52.0,254.0,0.166,0.383,0.898,Heavy rain reducing visibility and grip - reduced speed and longer buffer advised
EVT416705,2025-08-17 12:37:12,Sports Fixture,J012,Koramangala Sony World,29995,Weekend,False,Clear,False,0.0,False,False,0.411,Moderate,22.7,30.2,201.8,0.147,0.34,0.971,Moderate traffic flow - standard adaptive signal timing in effect
EVT416706,2025-03-13 12:00:49,Concert,J011,Indiranagar 100ft Road,20110,Weekday,False,Clear,False,0.0,False,False,0.328,Low,34.9,27.9,98.9,0.079,0.183,0.962,Moderate traffic flow - standard adaptive signal timing in effect
EVT416707,2025-06-09 17:17:41,Trade Fair,J012,Koramangala Sony World,8021,Weekday,False,Clear,False,0.0,False,False,0.871,Severe,12.9,59.4,314.2,0.153,0.353,0.948,Heavy congestion detected - signal timing extended and reroute suggested
EVT416708,2025-12-23 10:56:44,Sports Fixture,J012,Koramangala Sony World,23171,Weekday,False,Clear,False,0.0,False,False,0.558,High,19.2,39.3,167.6,0.118,0.274,0.969,Moderate traffic flow - standard adaptive signal timing in effect
EVT416709,2025-05-27 07:57:48,Concert,J023,Basavanagudi,9373,Weekday,False,Rain,True,12.1,False,False,1.0,Severe,9.0,72.3,458.8,0.172,0.397,0.892,Heavy rain reducing visibility and grip - reduced speed and longer buffer advised
EVT416710,2026-03-28 22:22:50,Concert,J030,MG Road,13353,Weekend,False,Clear,False,0.0,False,False,0.39,Moderate,29.1,31.6,237.8,0.191,0.442,0.964,Moderate traffic flow - standard adaptive signal timing in effect
EVT416711,2025-09-09 19:09:57,Sports Fixture,J030,MG Road,23465,Weekday,False,Clear,False,0.0,False,False,1.0,Severe,7.9,75.1,385.2,0.135,0.313,0.919,Heavy congestion detected - signal timing extended and reroute suggested
EVT416712,2025-05-31 15:17:51,Trade Fair,J030,MG Road,6988,Weekend,False,Clear,False,0.0,False,False,0.408,Moderate,30.3,23.7,137.5,0.144,0.332,0.985,Moderate traffic flow - standard adaptive signal timing in effect
EVT416713,2025-01-02 13:31:27,Trade Fair,J009,Majestic,9760,Weekday,False,Clear,False,0.0,False,False,0.239,Low,28.5,19.4,167.8,0.11,0.254,0.966,Normal free-flow traffic - standard signal timing maintained
EVT416714,2025-04-05 11:21:10,Trade Fair,J009,Majestic,8342,Weekend,False,Clear,False,0.0,False,False,0.333,Low,30.2,19.5,59.9,0.046,0.107,0.947,Moderate traffic flow - standard adaptive signal timing in effect
EVT416715,2026-02-02 17:32:37,Sports Fixture,J011,Indiranagar 100ft Road,13403,Weekday,False,Clear,False,0.0,False,False,0.976,Severe,9.7,73.5,631.9,0.24,0.555,0.906,Heavy congestion detected - signal timing extended and reroute suggested
EVT416716,2025-01-28 14:32:20,Local Market Day,J009,Majestic,5137,Weekday,False,Clear,False,0.0,False,False,0.265,Low,34.5,18.8,171.7,0.153,0.354,0.961,Moderate traffic flow - standard adaptive signal timing in effect
EVT416717,2026-05-22 07:58:02,Local Market Day,J030,MG Road,4061,Weekday,False,Fog,False,0.0,False,False,0.762,Severe,18.8,53.3,157.3,0.119,0.274,0.977,Heavy congestion detected - signal timing extended and reroute suggested
EVT416718,2025-08-12 09:52:03,Concert,J012,Koramangala Sony World,8661,Weekday,False,Clear,False,0.0,False,False,0.913,Severe,11.9,61.6,495.8,0.222,0.513,0.924,Heavy congestion detected - signal timing extended and reroute suggested
EVT416719,2026-02-11 13:07:08,Political Rally,J023,Basavanagudi,18295,Weekday,False,Clear,False,0.0,False,False,0.29,Low,29.8,24.0,65.1,0.026,0.06,0.976,Moderate traffic flow - standard adaptive signal timing in effect
EVT416720,2026-01-29 08:46:14,Concert,J009,Majestic,8301,Weekday,False,Clear,False,0.0,False,False,1.0,Severe,7.1,69.2,876.6,0.262,0.605,0.914,Heavy congestion detected - signal timing extended and reroute suggested
EVT416721,2026-01-28 13:01:05,Sports Fixture,J031,Cubbon Road,24727,Weekday,False,Clear,False,0.0,False,False,0.382,Moderate,30.8,28.8,217.5,0.186,0.431,0.965,Moderate traffic flow - standard adaptive signal timing in effect
EVT416722,2025-06-28 19:12:52,Sports Fixture,J030,MG Road,32025,Weekend,False,Rain,True,17.4,False,False,1.0,Severe,6.9,68.2,725.4,0.204,0.472,0.832,Heavy rain reducing visibility and grip - reduced speed and longer buffer advised
EVT416723,2025-06-06 07:16:13,Local Market Day,J020,Malleshwaram Circle,3069,Weekday,False,Clear,False,0.0,False,False,0.54,Moderate,23.2,36.5,150.8,0.094,0.217,0.969,Moderate traffic flow - standard adaptive signal timing in effect
EVT416724,2025-06-13 06:19:20,Sports Fixture,J011,Indiranagar 100ft Road,19920,Weekday,False,Clear,False,0.0,False,False,0.354,Moderate,29.4,24.3,162.0,0.135,0.313,0.976,Moderate traffic flow - standard adaptive signal timing in effect
EVT416725,2025-11-12 10:54:40,Concert,J012,Koramangala Sony World,7905,Weekday,False,Clear,False,0.0,False,False,0.435,Moderate,19.8,30.7,177.8,0.119,0.276,0.94,Moderate traffic flow - standard adaptive signal timing in effect
EVT416726,2026-02-02 02:38:24,Concert,J011,Indiranagar 100ft Road,11134,Weekday,False,Clear,False,0.0,False,False,0.186,Low,39.4,17.1,104.8,0.114,0.264,0.952,Normal free-flow traffic - standard signal timing maintained
EVT416727,2025-04-07 12:59:38,Fireworks Display,J011,Indiranagar 100ft Road,19810,Weekday,True,Fog,False,0.0,False,False,0.455,Moderate,27.0,31.6,312.1,0.256,0.592,0.896,Moderate traffic flow - standard adaptive signal timing in effect
EVT416728,2025-12-13 08:24:40,Local Market Day,J020,Malleshwaram Circle,3114,Weekend,False,Clear,False,0.0,False,False,0.796,Severe,15.4,55.4,311.1,0.153,0.354,0.954,Heavy congestion detected - signal timing extended and reroute suggested
EVT416729,2025-11-12 19:41:22,Political Rally,J012,Koramangala Sony World,19798,Weekday,False,Clear,False,0.0,False,False,0.946,Severe,8.3,66.7,827.9,0.276,0.638,0.925,Heavy congestion detected - signal timing extended and reroute suggested
EVT416730,2025-08-17 12:32:36,Local Market Day,J040,City Market,5321,Weekend,False,Clear,False,0.0,False,False,0.194,Low,30.8,18.7,130.9,0.096,0.221,0.941,Normal free-flow traffic - standard signal timing maintained
EVT416731,2025-06-12 20:56:45,Concert,J023,Basavanagudi,14885,Weekday,False,Clear,False,0.0,False,False,0.503,Moderate,29.9,35.7,216.8,0.211,0.487,0.957,Moderate traffic flow - standard adaptive signal timing in effect
EVT416732,2025-03-13 17:50:55,Local Market Day,J012,Koramangala Sony World,3513,Weekday,False,Fog,False,0.0,False,False,0.909,Severe,9.7,64.5,355.4,0.159,0.367,0.943,Heavy congestion detected - signal timing extended and reroute suggested
EVT416733,2026-01-26 14:04:01,Cultural Procession,J031,Cubbon Road,7802,Weekday,True,Clear,False,0.0,False,True,0.557,Moderate,19.3,53.8,328.6,0.221,0.51,0.873,Road closure for event/procession - full detour recommended for through-traffic
EVT416734,2026-03-21 14:25:44,Sports Fixture,J040,City Market,19040,Weekend,False,Clear,False,0.0,False,False,0.375,Moderate,28.8,28.1,171.0,0.152,0.352,0.959,Moderate traffic flow - standard adaptive signal timing in effect
EVT416735,2026-01-25 10:52:33,Sports Fixture,J023,Basavanagudi,19423,Weekend,False,Clear,False,0.0,False,False,0.57,High,26.1,49.8,180.2,0.155,0.357,0.98,Moderate traffic flow - standard adaptive signal timing in effect
EVT416736,2026-01-17 15:03:07,Local Market Day,J020,Malleshwaram Circle,4681,Weekend,False,Clear,False,0.0,False,False,0.318,Low,26.3,18.2,188.5,0.133,0.307,0.98,Moderate traffic flow - standard adaptive signal timing in effect
EVT416737,2025-05-26 07:47:24,Trade Fair,J031,Cubbon Road,17591,Weekday,False,Clear,False,0.0,False,False,0.844,Severe,13.3,63.8,200.6,0.109,0.252,0.959,Heavy congestion detected - signal timing extended and reroute suggested
EVT416738,2026-02-05 15:24:15,Sports Fixture,J040,City Market,15614,Weekday,False,Clear,False,0.0,False,False,0.511,Moderate,25.4,38.5,205.0,0.15,0.346,0.99,Moderate traffic flow - standard adaptive signal timing in effect
EVT416739,2025-08-15 22:47:48,Cultural Procession,J009,Majestic,23135,Weekday,True,Clear,False,0.0,False,True,0.723,High,14.2,71.5,398.3,0.196,0.454,0.891,Road closure for event/procession - full detour recommended for through-traffic
EVT416740,2026-05-04 18:34:14,Local Market Day,J030,MG Road,3810,Weekday,False,Rain,True,22.3,False,False,1.0,Severe,8.8,66.5,399.9,0.146,0.337,0.857,Heavy rain reducing visibility and grip - reduced speed and longer buffer advised
EVT416741,2025-04-11 16:02:46,Sports Fixture,J020,Malleshwaram Circle,12851,Weekday,False,Clear,False,0.0,False,False,0.393,Moderate,31.5,32.7,70.2,0.033,0.075,0.961,Moderate traffic flow - standard adaptive signal timing in effect
EVT416742,2025-10-22 21:00:14,Fireworks Display,J011,Indiranagar 100ft Road,31249,Weekday,True,Clear,False,0.0,False,False,0.776,Severe,14.1,54.0,241.4,0.135,0.311,0.896,Festival crowd surge detected - alternate route and extended cycle recommended
EVT416743,2025-12-16 09:48:59,Concert,J040,City Market,26691,Weekday,False,Clear,False,0.0,False,False,0.966,Severe,8.3,70.9,597.3,0.224,0.518,0.942,Heavy congestion detected - signal timing extended and reroute suggested
EVT416744,2026-03-21 08:58:58,Trade Fair,J009,Majestic,8034,Weekend,False,Clear,False,0.0,False,False,0.856,Severe,14.2,60.4,554.9,0.268,0.618,0.95,Heavy congestion detected - signal timing extended and reroute suggested
EVT416745,2025-08-03 08:53:28,Local Market Day,J011,Indiranagar 100ft Road,2907,Weekend,False,Clear,False,0.0,False,False,0.798,Severe,16.3,55.8,215.2,0.11,0.253,0.969,Heavy congestion detected - signal timing extended and reroute suggested
EVT416746,2025-09-23 17:33:37,Local Market Day,J023,Basavanagudi,3495,Weekday,False,Heavy Rain,True,26.2,False,False,1.0,Severe,7.6,70.7,874.0,0.28,0.646,0.863,Heavy rain reducing visibility and grip - reduced speed and longer buffer advised
EVT416747,2025-05-10 17:34:01,Concert,J031,Cubbon Road,10788,Weekend,False,Clear,False,0.0,False,False,0.751,Severe,23.0,48.5,194.1,0.154,0.356,0.956,Heavy congestion detected - signal timing extended and reroute suggested
EVT416748,2026-04-13 19:50:11,Concert,J011,Indiranagar 100ft Road,14505,Weekday,False,Fog,False,0.0,False,False,0.838,Severe,12.0,61.2,514.7,0.227,0.524,0.934,Heavy congestion detected - signal timing extended and reroute suggested
EVT416749,2026-05-28 19:07:30,Trade Fair,J040,City Market,6408,Weekday,False,Light Rain,True,5.1,False,False,1.0,Severe,7.4,64.6,751.2,0.218,0.503,0.844,Heavy rain reducing visibility and grip - reduced speed and longer buffer advised
EVT416750,2025-08-29 10:06:11,Sports Fixture,J023,Basavanagudi,12607,Weekday,False,Light Rain,True,5.5,False,False,0.937,Severe,9.1,63.0,439.7,0.144,0.333,0.867,Heavy rain reducing visibility and grip - reduced speed and longer buffer advised
EVT416751,2025-09-16 20:42:56,Political Rally,J011,Indiranagar 100ft Road,6438,Weekday,False,Heavy Rain,True,32.0,False,False,0.847,Severe,12.0,56.9,396.6,0.181,0.419,0.908,Heavy rain reducing visibility and grip - reduced speed and longer buffer advised
EVT416752,2025-10-14 11:18:13,Local Market Day,J012,Koramangala Sony World,5286,Weekday,False,Rain,True,12.5,False,False,0.524,Moderate,23.2,38.3,312.3,0.21,0.485,0.914,Light rain detected - minor speed reduction advised
EVT416753,2026-03-01 19:28:06,Trade Fair,J023,Basavanagudi,5667,Weekend,False,Clear,False,0.0,False,False,0.694,High,18.2,52.4,344.3,0.2,0.461,0.966,Moderate traffic flow - standard adaptive signal timing in effect
EVT416754,2025-11-24 19:58:02,Local Market Day,J009,Majestic,4045,Weekday,False,Clear,False,0.0,False,False,0.71,High,17.8,54.0,381.6,0.223,0.515,0.944,Moderate traffic flow - standard adaptive signal timing in effect
EVT416755,2026-03-16 12:17:38,Trade Fair,J009,Majestic,10395,Weekday,False,Clear,False,0.0,False,False,0.28,Low,33.2,25.2,99.2,0.106,0.245,0.974,Moderate traffic flow - standard adaptive signal timing in effect
EVT416756,2025-05-13 16:51:14,Local Market Day,J012,Koramangala Sony World,3865,Weekday,False,Clear,False,0.0,False,False,0.65,High,24.7,44.2,128.8,0.108,0.249,0.968,Moderate traffic flow - standard adaptive signal timing in effect
EVT416757,2025-12-17 21:50:29,Sports Fixture,J020,Malleshwaram Circle,41266,Weekday,False,Clear,False,0.0,False,False,0.505,Moderate,21.3,33.4,142.5,0.105,0.243,0.979,Moderate traffic flow - standard adaptive signal timing in effect
EVT416758,2025-03-20 00:23:36,Trade Fair,J023,Basavanagudi,5053,Weekday,False,Clear,False,0.0,True,False,0.563,High,21.8,40.1,229.4,0.136,0.313,0.797,Accident detected nearby - reroute and reduced speed advised
EVT416759,2025-01-31 08:23:33,Trade Fair,J011,Indiranagar 100ft Road,8327,Weekday,False,Fog,False,0.0,False,False,0.955,Severe,11.4,70.5,578.0,0.252,0.582,0.935,Heavy congestion detected - signal timing extended and reroute suggested
EVT416760,2026-04-05 16:16:39,Local Market Day,J009,Majestic,6232,Weekend,False,Clear,False,0.0,False,False,0.458,Moderate,28.5,32.1,189.6,0.163,0.376,0.966,Moderate traffic flow - standard adaptive signal timing in effect
EVT416761,2025-11-19 12:53:08,Concert,J020,Malleshwaram Circle,13665,Weekday,False,Rain,True,17.3,False,False,0.499,Moderate,21.9,38.4,169.9,0.135,0.313,0.915,Light rain detected - minor speed reduction advised
EVT416762,2025-07-08 07:33:50,Local Market Day,J011,Indiranagar 100ft Road,3615,Weekday,False,Heavy Rain,True,31.6,False,False,0.978,Severe,8.8,67.0,639.3,0.218,0.503,0.878,Heavy rain reducing visibility and grip - reduced speed and longer buffer advised
EVT416763,2025-12-06 06:24:57,Sports Fixture,J020,Malleshwaram Circle,38560,Weekend,False,Clear,False,0.0,False,False,0.438,Moderate,27.1,31.1,94.8,0.069,0.159,0.917,Moderate traffic flow - standard adaptive signal timing in effect
EVT416764,2026-02-27 21:22:03,Concert,J012,Koramangala Sony World,7960,Weekday,False,Clear,False,0.0,False,False,0.306,Low,31.5,24.7,124.2,0.093,0.215,0.978,Moderate traffic flow - standard adaptive signal timing in effect
EVT416765,2026-06-14 08:59:12,Concert,J012,Koramangala Sony World,11219,Weekend,False,Clear,False,0.0,False,False,0.874,Severe,13.5,66.5,300.2,0.163,0.376,0.949,Heavy congestion detected - signal timing extended and reroute suggested
EVT416766,2026-04-20 16:08:10,Trade Fair,J030,MG Road,18062,Weekday,False,Clear,False,0.0,False,False,0.59,High,21.6,43.3,273.3,0.171,0.395,0.946,Moderate traffic flow - standard adaptive signal timing in effect
EVT416767,2025-05-04 16:52:58,Sports Fixture,J012,Koramangala Sony World,16113,Weekend,False,Clear,False,0.0,False,False,0.698,High,17.6,52.7,248.0,0.144,0.332,0.951,Moderate traffic flow - standard adaptive signal timing in effect
EVT416768,2025-04-05 16:56:14,Sports Fixture,J030,MG Road,19707,Weekend,False,Clear,False,0.0,False,False,0.693,High,19.1,46.9,253.5,0.151,0.35,0.956,Moderate traffic flow - standard adaptive signal timing in effect
EVT416769,2026-03-27 16:40:35,Religious Festival,J031,Cubbon Road,56472,Weekday,True,Clear,False,0.0,False,True,1.0,Severe,7.5,99.6,515.7,0.172,0.398,0.83,Road closure for event/procession - full detour recommended for through-traffic
EVT416770,2025-03-17 21:54:20,Sports Fixture,J031,Cubbon Road,24911,Weekday,False,Fog,False,0.0,False,False,0.427,Moderate,28.1,28.5,167.8,0.134,0.31,0.959,Moderate traffic flow - standard adaptive signal timing in effect
EVT416771,2026-03-05 08:44:59,Fireworks Display,J012,Koramangala Sony World,19636,Weekday,True,Clear,False,0.0,False,False,1.0,Severe,9.1,62.8,373.4,0.131,0.303,0.867,Festival crowd surge detected - alternate route and extended cycle recommended
EVT416772,2025-07-01 17:15:35,Political Rally,J009,Majestic,12144,Weekday,False,Clear,False,0.0,False,False,0.905,Severe,13.0,62.7,398.4,0.18,0.416,0.927,Heavy congestion detected - signal timing extended and reroute suggested
EVT416773,2026-03-08 09:28:54,Local Market Day,J011,Indiranagar 100ft Road,2855,Weekend,False,Clear,False,0.0,False,False,0.816,Severe,15.1,59.4,389.9,0.202,0.466,0.928,Heavy congestion detected - signal timing extended and reroute suggested
EVT416774,2026-02-02 07:45:18,Trade Fair,J011,Indiranagar 100ft Road,9782,Weekday,False,Fog,False,0.0,False,False,0.773,Severe,18.1,52.8,169.2,0.09,0.207,0.95,Heavy congestion detected - signal timing extended and reroute suggested
EVT416775,2026-04-06 08:19:52,Local Market Day,J011,Indiranagar 100ft Road,3024,Weekday,False,Light Rain,True,1.0,False,False,0.992,Severe,11.8,74.7,454.2,0.198,0.457,0.87,Heavy rain reducing visibility and grip - reduced speed and longer buffer advised
EVT416776,2026-06-17 21:44:45,Political Rally,J031,Cubbon Road,18135,Weekday,False,Clear,False,0.0,False,False,0.363,Moderate,28.2,28.1,117.2,0.092,0.212,0.972,Moderate traffic flow - standard adaptive signal timing in effect
EVT416777,2026-03-01 10:47:47,Political Rally,J040,City Market,12740,Weekend,False,Clear,False,0.0,False,False,0.493,Moderate,22.4,35.4,274.8,0.2,0.462,0.99,Moderate traffic flow - standard adaptive signal timing in effect
EVT416778,2026-05-14 08:33:58,Sports Fixture,J011,Indiranagar 100ft Road,15084,Weekday,False,Rain,True,12.1,False,False,1.0,Severe,9.2,71.6,520.6,0.208,0.48,0.848,Heavy rain reducing visibility and grip - reduced speed and longer buffer advised
EVT416779,2026-03-25 17:23:08,Local Market Day,J040,City Market,7495,Weekday,False,Clear,False,0.0,False,False,0.759,Severe,15.8,60.1,363.1,0.227,0.524,0.961,Heavy congestion detected - signal timing extended and reroute suggested
EVT416780,2026-05-19 17:59:35,Sports Fixture,J030,MG Road,27108,Weekday,False,Heavy Rain,True,29.9,False,False,1.0,Severe,7.7,71.6,463.6,0.165,0.381,0.876,Heavy rain reducing visibility and grip - reduced speed and longer buffer advised
EVT416781,2026-04-02 17:14:53,Concert,J020,Malleshwaram Circle,8163,Weekday,False,Clear,False,0.0,False,False,0.865,Severe,12.6,64.0,307.4,0.177,0.408,0.949,Heavy congestion detected - signal timing extended and reroute suggested
EVT416782,2025-06-13 16:33:50,Local Market Day,J023,Basavanagudi,2286,Weekday,False,Heavy Rain,True,53.7,False,False,0.914,Severe,9.8,69.2,445.5,0.18,0.417,0.875,Heavy rain reducing visibility and grip - reduced speed and longer buffer advised
EVT416783,2025-11-08 07:33:28,Sports Fixture,J011,Indiranagar 100ft Road,19263,Weekend,False,Clear,False,0.0,False,False,0.603,High,20.1,45.6,269.0,0.17,0.392,0.948,Moderate traffic flow - standard adaptive signal timing in effect
EVT416784,2025-10-19 19:46:46,Trade Fair,J012,Koramangala Sony World,6352,Weekend,False,Clear,False,0.0,False,False,0.781,Severe,13.9,59.3,351.2,0.158,0.365,0.943,Heavy congestion detected - signal timing extended and reroute suggested
EVT416785,2025-08-03 10:29:08,Local Market Day,J012,Koramangala Sony World,3923,Weekend,False,Clear,False,0.0,False,False,0.568,High,24.6,39.5,233.2,0.194,0.449,0.99,Moderate traffic flow - standard adaptive signal timing in effect
EVT416786,2025-10-19 07:09:38,Local Market Day,J030,MG Road,3657,Weekend,False,Rain,True,14.5,False,False,0.571,High,25.1,40.5,225.7,0.177,0.408,0.893,Heavy rain reducing visibility and grip - reduced speed and longer buffer advised
EVT416787,2025-07-08 16:36:15,Local Market Day,J009,Majestic,3453,Weekday,False,Clear,False,0.0,False,False,0.564,High,22.4,37.8,179.6,0.123,0.284,0.951,Moderate traffic flow - standard adaptive signal timing in effect
EVT416788,2025-04-24 15:31:06,Sports Fixture,J040,City Market,19313,Weekday,False,Clear,False,0.0,False,False,0.434,Moderate,20.3,39.4,358.9,0.186,0.429,0.947,Moderate traffic flow - standard adaptive signal timing in effect
EVT416789,2026-06-10 09:48:02,Sports Fixture,J011,Indiranagar 100ft Road,26816,Weekday,False,Clear,False,0.0,False,False,0.996,Severe,7.7,71.5,822.8,0.254,0.587,0.897,Heavy congestion detected - signal timing extended and reroute suggested
EVT416790,2025-02-15 10:51:35,Sports Fixture,J009,Majestic,26054,Weekend,False,Clear,False,0.0,False,False,0.602,High,22.1,40.9,182.6,0.124,0.285,0.947,Moderate traffic flow - standard adaptive signal timing in effect
EVT416791,2026-05-25 08:33:53,Concert,J030,MG Road,15189,Weekday,False,Rain,True,11.8,False,False,1.0,Severe,5.6,68.7,975.8,0.222,0.513,0.87,Heavy rain reducing visibility and grip - reduced speed and longer buffer advised
EVT416792,2025-09-02 15:47:52,Local Market Day,J030,MG Road,2853,Weekday,False,Clear,False,0.0,False,False,0.278,Low,24.4,19.5,164.8,0.116,0.269,0.964,Moderate traffic flow - standard adaptive signal timing in effect
EVT416793,2025-07-05 12:57:55,Local Market Day,J020,Malleshwaram Circle,5124,Weekend,False,Rain,True,7.7,False,False,0.409,Moderate,26.6,34.5,283.6,0.24,0.553,0.925,Light rain detected - minor speed reduction advised
EVT416794,2025-09-01 10:20:07,Concert,J031,Cubbon Road,15623,Weekday,False,Clear,False,0.0,True,False,1.0,Severe,9.1,74.7,507.8,0.185,0.428,0.745,Accident detected nearby - reroute and reduced speed advised
EVT416795,2025-08-20 07:52:29,Local Market Day,J009,Majestic,7972,Weekday,False,Heavy Rain,True,50.3,False,False,1.0,Severe,9.9,73.3,338.8,0.134,0.31,0.868,Heavy rain reducing visibility and grip - reduced speed and longer buffer advised
EVT416796,2025-08-11 17:54:31,Local Market Day,J031,Cubbon Road,2399,Weekday,False,Clear,False,0.0,False,False,1.0,Severe,8.7,73.8,670.8,0.247,0.57,0.906,Heavy congestion detected - signal timing extended and reroute suggested
EVT416797,2026-06-21 14:29:28,Concert,J020,Malleshwaram Circle,7656,Weekend,False,Clear,False,0.0,False,False,0.453,Moderate,25.6,31.8,149.8,0.097,0.223,0.964,Moderate traffic flow - standard adaptive signal timing in effect
EVT416798,2026-06-24 05:07:54,Local Market Day,J012,Koramangala Sony World,3077,Weekday,False,Heavy Rain,True,25.1,False,False,0.551,High,23.7,39.0,84.3,0.053,0.122,0.928,Heavy rain reducing visibility and grip - reduced speed and longer buffer advised
EVT416799,2026-02-11 07:52:34,Local Market Day,J009,Majestic,2204,Weekday,False,Clear,False,0.0,False,False,0.738,High,14.0,50.6,453.9,0.221,0.51,0.929,Moderate traffic flow - standard adaptive signal timing in effect
EVT416800,2025-01-10 18:17:43,Concert,J009,Majestic,20963,Weekday,False,Clear,False,0.0,False,False,1.0,Severe,6.3,74.1,663.0,0.196,0.454,0.873,Heavy congestion detected - signal timing extended and reroute suggested
EVT416801,2025-12-13 12:16:28,Trade Fair,J011,Indiranagar 100ft Road,13142,Weekend,False,Clear,False,0.0,False,False,0.269,Low,32.8,19.0,135.2,0.117,0.271,0.979,Moderate traffic flow - standard adaptive signal timing in effect
EVT416802,2026-02-16 14:15:27,Sports Fixture,J011,Indiranagar 100ft Road,8628,Weekday,False,Clear,False,0.0,False,False,0.251,Low,25.7,23.4,192.5,0.126,0.291,0.985,Moderate traffic flow - standard adaptive signal timing in effect
EVT416803,2026-05-11 17:07:55,Trade Fair,J020,Malleshwaram Circle,10277,Weekday,False,Heavy Rain,True,26.3,False,False,1.0,Severe,7.6,65.2,405.6,0.14,0.322,0.849,Heavy rain reducing visibility and grip - reduced speed and longer buffer advised
EVT416804,2025-01-13 19:20:55,Trade Fair,J023,Basavanagudi,11668,Weekday,False,Clear,False,0.0,False,False,0.979,Severe,8.5,66.7,649.1,0.226,0.522,0.925,Heavy congestion detected - signal timing extended and reroute suggested
EVT416805,2025-11-26 20:32:52,Concert,J012,Koramangala Sony World,7458,Weekday,False,Fog,False,0.0,False,False,0.539,Moderate,27.6,40.2,155.2,0.125,0.288,0.984,Moderate traffic flow - standard adaptive signal timing in effect
EVT416806,2025-01-11 11:23:04,Concert,J040,City Market,18995,Weekend,False,Clear,False,0.0,False,False,0.468,Moderate,26.6,35.7,201.0,0.126,0.29,0.965,Moderate traffic flow - standard adaptive signal timing in effect
EVT416807,2026-01-29 17:25:19,Trade Fair,J031,Cubbon Road,11908,Weekday,False,Clear,False,0.0,False,False,0.92,Severe,10.9,65.5,236.0,0.111,0.255,0.947,Heavy congestion detected - signal timing extended and reroute suggested
EVT416808,2025-06-09 06:29:39,Political Rally,J012,Koramangala Sony World,15656,Weekday,False,Light Rain,True,1.5,False,False,0.387,Moderate,25.6,28.9,175.9,0.135,0.312,0.889,Light rain detected - minor speed reduction advised
EVT416809,2025-04-26 19:53:58,Trade Fair,J020,Malleshwaram Circle,7983,Weekend,False,Clear,False,0.0,False,False,0.665,High,20.6,47.8,172.9,0.113,0.262,0.977,Moderate traffic flow - standard adaptive signal timing in effect
EVT416810,2026-03-28 19:34:06,Concert,J020,Malleshwaram Circle,8877,Weekend,False,Clear,False,0.0,False,False,0.677,High,16.4,50.4,310.2,0.178,0.41,0.951,Moderate traffic flow - standard adaptive signal timing in effect
EVT416811,2025-04-04 17:17:18,Sports Fixture,J009,Majestic,21015,Weekday,False,Clear,False,0.0,False,False,0.895,Severe,12.3,66.7,381.8,0.173,0.399,0.938,Heavy congestion detected - signal timing extended and reroute suggested
EVT416812,2025-07-18 05:36:23,Local Market Day,J040,City Market,4313,Weekday,False,Clear,False,0.0,False,False,0.291,Low,32.2,17.5,172.6,0.162,0.374,0.948,Moderate traffic flow - standard adaptive signal timing in effect
EVT416813,2026-01-08 19:47:50,Trade Fair,J023,Basavanagudi,13737,Weekday,False,Clear,False,0.0,False,False,0.9,Severe,11.6,63.6,705.6,0.296,0.685,0.942,Heavy congestion detected - signal timing extended and reroute suggested
EVT416814,2025-01-21 09:45:49,Sports Fixture,J023,Basavanagudi,28405,Weekday,False,Fog,False,0.0,False,False,1.0,Severe,8.0,72.7,272.6,0.105,0.243,0.898,Heavy congestion detected - signal timing extended and reroute suggested
EVT416815,2025-08-21 09:00:06,Local Market Day,J023,Basavanagudi,3310,Weekday,False,Clear,False,0.0,False,False,1.0,Severe,9.3,71.3,471.4,0.17,0.393,0.918,Heavy congestion detected - signal timing extended and reroute suggested
EVT416816,2025-01-19 16:20:39,Trade Fair,J012,Koramangala Sony World,12106,Weekend,False,Clear,False,0.0,False,False,0.681,High,24.1,46.5,175.4,0.129,0.297,0.976,Moderate traffic flow - standard adaptive signal timing in effect
EVT416817,2025-12-25 18:55:15,Religious Festival,J040,City Market,38581,Weekday,True,Clear,False,0.0,False,True,1.0,Severe,7.0,105.3,273.5,0.118,0.272,0.826,Road closure for event/procession - full detour recommended for through-traffic
EVT416818,2025-10-02 18:35:39,Religious Festival,J040,City Market,35299,Weekday,True,Fog,False,0.0,False,True,1.0,Severe,6.2,104.5,914.8,0.27,0.624,0.816,Road closure for event/procession - full detour recommended for through-traffic
EVT416819,2025-02-20 20:23:30,Local Market Day,J040,City Market,5527,Weekday,False,Clear,False,0.0,False,False,0.608,High,24.9,43.8,240.0,0.178,0.41,0.966,Moderate traffic flow - standard adaptive signal timing in effect
EVT416820,2025-07-20 13:27:54,Sports Fixture,J031,Cubbon Road,12259,Weekend,False,Clear,False,0.0,False,False,0.288,Low,27.7,19.1,201.6,0.127,0.294,0.981,Moderate traffic flow - standard adaptive signal timing in effect
EVT416821,2025-06-24 16:36:14,Trade Fair,J009,Majestic,6444,Weekday,False,Clear,False,0.0,False,False,0.649,High,20.0,45.0,304.0,0.185,0.427,0.955,Moderate traffic flow - standard adaptive signal timing in effect
EVT416822,2025-10-25 09:29:43,Concert,J031,Cubbon Road,18643,Weekend,False,Clear,False,0.0,False,False,0.904,Severe,13.3,68.6,148.4,0.064,0.148,0.947,Heavy congestion detected - signal timing extended and reroute suggested
EVT416823,2025-01-02 10:04:54,Sports Fixture,J040,City Market,16332,Weekday,False,Clear,False,0.0,False,False,0.855,Severe,14.5,65.8,275.8,0.159,0.368,0.939,Heavy congestion detected - signal timing extended and reroute suggested
EVT416824,2025-09-07 19:21:09,Trade Fair,J040,City Market,5079,Weekend,False,Rain,True,23.3,False,False,1.0,Severe,7.6,68.1,651.1,0.182,0.421,0.861,Heavy rain reducing visibility and grip - reduced speed and longer buffer advised
EVT416825,2026-06-21 09:18:32,Trade Fair,J030,MG Road,9800,Weekend,False,Rain,True,10.8,False,False,0.941,Severe,8.9,65.0,317.2,0.119,0.276,0.887,Heavy rain reducing visibility and grip - reduced speed and longer buffer advised
EVT416826,2025-05-27 14:47:10,Sports Fixture,J031,Cubbon Road,18521,Weekday,False,Clear,False,0.0,False,False,0.258,Low,39.4,15.0,132.0,0.14,0.324,0.958,Moderate traffic flow - standard adaptive signal timing in effect
EVT416827,2025-08-09 08:18:55,Sports Fixture,J009,Majestic,23426,Weekend,False,Heavy Rain,True,54.3,False,False,1.0,Severe,8.9,66.3,388.6,0.154,0.355,0.883,Heavy rain reducing visibility and grip - reduced speed and longer buffer advised
EVT416828,2025-07-07 22:21:50,Local Market Day,J012,Koramangala Sony World,5192,Weekday,False,Clear,False,0.0,False,False,0.295,Low,31.9,22.0,106.6,0.071,0.165,0.945,Moderate traffic flow - standard adaptive signal timing in effect
EVT416829,2025-05-06 11:40:45,Concert,J012,Koramangala Sony World,15420,Weekday,False,Clear,False,0.0,False,False,0.323,Low,25.7,24.1,197.5,0.142,0.327,0.973,Moderate traffic flow - standard adaptive signal timing in effect
EVT416830,2026-03-06 09:06:28,Concert,J009,Majestic,15011,Weekday,False,Clear,False,0.0,False,False,1.0,Severe,8.8,69.6,754.6,0.266,0.614,0.943,Heavy congestion detected - signal timing extended and reroute suggested
EVT416831,2026-03-01 21:27:52,Concert,J031,Cubbon Road,12320,Weekend,False,Clear,False,0.0,False,False,0.377,Moderate,28.3,24.3,151.9,0.116,0.267,0.951,Moderate traffic flow - standard adaptive signal timing in effect
EVT416832,2025-12-09 20:30:58,Local Market Day,J040,City Market,2863,Weekday,False,Clear,False,0.0,False,False,0.601,High,23.1,45.1,270.4,0.172,0.398,0.953,Moderate traffic flow - standard adaptive signal timing in effect
EVT416833,2026-01-01 07:19:59,Religious Festival,J030,MG Road,40400,Weekday,True,Clear,False,0.0,False,True,1.0,Severe,8.4,104.6,732.0,0.259,0.599,0.857,Road closure for event/procession - full detour recommended for through-traffic
EVT416834,2025-05-18 07:50:46,Local Market Day,J020,Malleshwaram Circle,2762,Weekend,False,Clear,False,0.0,False,False,0.691,High,21.5,54.3,282.7,0.173,0.399,0.968,Moderate traffic flow - standard adaptive signal timing in effect
EVT416835,2026-02-01 09:12:01,Political Rally,J009,Majestic,20377,Weekend,False,Clear,False,0.0,False,False,0.979,Severe,8.1,71.1,493.5,0.149,0.344,0.923,Heavy congestion detected - signal timing extended and reroute suggested
EVT416836,2025-03-11 12:22:53,Local Market Day,J030,MG Road,4917,Weekday,False,Clear,False,0.0,False,False,0.238,Low,28.4,14.2,232.2,0.191,0.441,0.973,Normal free-flow traffic - standard signal timing maintained
EVT416837,2025-06-02 13:27:36,Sports Fixture,J023,Basavanagudi,14931,Weekday,False,Clear,False,0.0,False,False,0.259,Low,30.1,16.5,160.0,0.132,0.305,0.963,Moderate traffic flow - standard adaptive signal timing in effect
EVT416838,2025-11-20 06:26:12,Concert,J020,Malleshwaram Circle,15405,Weekday,False,Clear,False,0.0,False,False,0.356,Moderate,26.1,23.6,107.6,0.08,0.185,0.966,Moderate traffic flow - standard adaptive signal timing in effect
EVT416839,2025-10-11 04:38:44,Sports Fixture,J031,Cubbon Road,17366,Weekend,False,Light Rain,True,6.5,False,False,0.482,Moderate,25.5,36.5,79.3,0.045,0.104,0.88,Light rain detected - minor speed reduction advised
EVT416840,2026-02-06 09:26:58,Local Market Day,J040,City Market,6474,Weekday,False,Clear,False,0.0,False,False,0.983,Severe,9.4,72.9,660.3,0.292,0.674,0.939,Heavy congestion detected - signal timing extended and reroute suggested
EVT416841,2025-01-05 22:11:14,Concert,J009,Majestic,10498,Weekend,False,Clear,False,0.0,False,False,0.385,Moderate,28.6,28.3,122.2,0.117,0.269,0.962,Moderate traffic flow - standard adaptive signal timing in effect
EVT416842,2026-05-29 15:12:30,Political Rally,J040,City Market,15373,Weekday,False,Clear,False,0.0,False,False,0.268,Low,31.6,14.5,139.6,0.123,0.285,0.99,Moderate traffic flow - standard adaptive signal timing in effect
EVT416843,2025-08-13 17:14:04,Sports Fixture,J030,MG Road,29949,Weekday,False,Rain,True,18.9,False,False,1.0,Severe,8.7,65.6,186.6,0.09,0.207,0.893,Heavy rain reducing visibility and grip - reduced speed and longer buffer advised
EVT416844,2025-06-23 15:40:51,Sports Fixture,J040,City Market,20801,Weekday,False,Clear,False,0.0,False,False,0.456,Moderate,24.1,29.1,186.0,0.127,0.294,0.955,Moderate traffic flow - standard adaptive signal timing in effect
EVT416845,2026-04-14 12:00:15,Fireworks Display,J012,Koramangala Sony World,22204,Weekday,True,Clear,False,0.0,False,False,0.484,Moderate,26.9,33.3,160.3,0.13,0.301,0.923,Moderate traffic flow - standard adaptive signal timing in effect
EVT416846,2025-07-07 18:14:01,Local Market Day,J040,City Market,3529,Weekday,False,Clear,False,0.0,False,False,0.987,Severe,8.6,70.9,481.5,0.158,0.365,0.896,Heavy congestion detected - signal timing extended and reroute suggested
EVT416847,2026-03-08 17:00:02,Local Market Day,J031,Cubbon Road,4208,Weekend,False,Clear,False,0.0,False,False,0.742,High,17.0,57.5,344.5,0.185,0.428,0.958,Moderate traffic flow - standard adaptive signal timing in effect
EVT416848,2025-05-17 07:34:31,Concert,J020,Malleshwaram Circle,7054,Weekend,False,Clear,False,0.0,False,False,0.609,High,21.7,49.3,295.6,0.201,0.465,0.966,Moderate traffic flow - standard adaptive signal timing in effect
EVT416849,2025-01-03 17:39:02,Trade Fair,J020,Malleshwaram Circle,8110,Weekday,False,Clear,False,0.0,False,False,0.916,Severe,9.2,66.2,524.6,0.174,0.401,0.941,Heavy congestion detected - signal timing extended and reroute suggested
EVT416850,2025-06-10 10:04:43,Concert,J020,Malleshwaram Circle,13788,Weekday,False,Rain,True,9.0,False,False,0.954,Severe,10.9,66.8,277.0,0.109,0.251,0.866,Heavy rain reducing visibility and grip - reduced speed and longer buffer advised
EVT416851,2026-02-17 08:17:05,Local Market Day,J009,Majestic,4080,Weekday,False,Clear,False,0.0,False,False,0.911,Severe,11.0,69.1,620.5,0.237,0.548,0.93,Heavy congestion detected - signal timing extended and reroute suggested
EVT416852,2025-11-06 15:12:36,Concert,J031,Cubbon Road,12305,Weekday,False,Clear,False,0.0,False,False,0.334,Low,31.1,17.5,193.3,0.165,0.381,0.954,Moderate traffic flow - standard adaptive signal timing in effect
EVT416853,2026-01-21 08:12:24,Local Market Day,J040,City Market,4507,Weekday,False,Clear,False,0.0,False,False,0.802,Severe,16.3,58.7,247.9,0.15,0.347,0.976,Heavy congestion detected - signal timing extended and reroute suggested
EVT416854,2026-06-21 15:35:45,Concert,J023,Basavanagudi,14197,Weekend,False,Clear,False,0.0,False,False,0.444,Moderate,25.7,32.6,127.3,0.086,0.198,0.964,Moderate traffic flow - standard adaptive signal timing in effect
EVT416855,2026-02-24 07:03:18,Local Market Day,J020,Malleshwaram Circle,2625,Weekday,False,Clear,False,0.0,False,False,0.449,Moderate,25.5,27.6,138.9,0.126,0.292,0.976,Moderate traffic flow - standard adaptive signal timing in effect
EVT416856,2025-08-17 15:29:11,Sports Fixture,J009,Majestic,22920,Weekend,False,Clear,False,0.0,False,False,0.549,Moderate,20.4,40.5,383.4,0.261,0.604,0.948,Moderate traffic flow - standard adaptive signal timing in effect
EVT416857,2026-04-02 10:54:49,Local Market Day,J031,Cubbon Road,3869,Weekday,False,Clear,False,0.0,False,False,0.457,Moderate,29.2,33.4,213.4,0.175,0.405,0.944,Moderate traffic flow - standard adaptive signal timing in effect
EVT416858,2025-11-01 09:13:49,Fireworks Display,J011,Indiranagar 100ft Road,24235,Weekend,True,Clear,False,0.0,False,False,1.0,Severe,8.0,67.8,760.5,0.219,0.506,0.821,Festival crowd surge detected - alternate route and extended cycle recommended
EVT416859,2025-05-12 17:46:51,Local Market Day,J009,Majestic,4335,Weekday,False,Clear,False,0.0,False,False,0.944,Severe,9.1,71.8,372.7,0.139,0.322,0.932,Heavy congestion detected - signal timing extended and reroute suggested
EVT416860,2025-05-12 10:19:24,Sports Fixture,J040,City Market,35833,Weekday,False,Clear,False,0.0,False,False,0.841,Severe,17.1,54.3,279.0,0.165,0.382,0.96,Heavy congestion detected - signal timing extended and reroute suggested
EVT416861,2026-06-19 15:45:23,Concert,J030,MG Road,7957,Weekday,False,Clear,False,0.0,False,False,0.335,Low,27.4,24.5,217.6,0.166,0.384,0.932,Moderate traffic flow - standard adaptive signal timing in effect
EVT416862,2025-08-15 21:39:29,Religious Festival,J012,Koramangala Sony World,31319,Weekday,True,Heavy Rain,True,27.8,False,True,1.0,Severe,8.6,103.9,572.5,0.215,0.497,0.794,Road closure for event/procession - full detour recommended for through-traffic
EVT416863,2025-02-07 18:52:07,Local Market Day,J020,Malleshwaram Circle,4918,Weekday,False,Clear,False,0.0,False,False,0.979,Severe,8.3,68.7,464.8,0.166,0.384,0.905,Heavy congestion detected - signal timing extended and reroute suggested
EVT416864,2026-03-25 13:00:58,Local Market Day,J023,Basavanagudi,6587,Weekday,False,Clear,False,0.0,False,False,0.151,Low,29.8,2.0,122.8,0.091,0.21,0.958,Normal free-flow traffic - standard signal timing maintained
EVT416865,2026-02-10 18:43:22,Sports Fixture,J012,Koramangala Sony World,11540,Weekday,False,Clear,False,0.0,False,False,1.0,Severe,8.5,69.8,319.5,0.133,0.308,0.925,Heavy congestion detected - signal timing extended and reroute suggested
EVT416866,2025-12-11 18:34:26,Sports Fixture,J009,Majestic,24874,Weekday,False,Clear,False,0.0,False,False,1.0,Severe,8.8,74.9,553.1,0.196,0.454,0.891,Heavy congestion detected - signal timing extended and reroute suggested
EVT416867,2025-09-22 15:04:34,Local Market Day,J009,Majestic,5274,Weekday,False,Clear,False,0.0,False,False,0.291,Low,27.6,22.1,115.5,0.086,0.199,0.978,Moderate traffic flow - standard adaptive signal timing in effect
EVT416868,2026-02-04 20:26:48,Concert,J023,Basavanagudi,13433,Weekday,False,Clear,False,0.0,False,False,0.627,High,22.8,49.3,265.9,0.204,0.47,0.971,Moderate traffic flow - standard adaptive signal timing in effect
EVT416869,2025-10-03 14:18:41,Fireworks Display,J031,Cubbon Road,18025,Weekday,True,Heavy Rain,True,29.9,False,False,0.814,Severe,15.9,59.8,246.0,0.149,0.344,0.857,Festival crowd surge detected - alternate route and extended cycle recommended
EVT416870,2025-10-04 19:16:51,Trade Fair,J031,Cubbon Road,5134,Weekend,False,Clear,False,0.0,False,False,0.775,Severe,15.1,56.0,188.6,0.104,0.24,0.985,Heavy congestion detected - signal timing extended and reroute suggested
EVT416871,2025-04-15 17:21:14,Cultural Procession,J012,Koramangala Sony World,18704,Weekday,True,Rain,True,11.1,False,False,1.0,Severe,8.8,75.6,496.6,0.183,0.423,0.824,Festival crowd surge detected - alternate route and extended cycle recommended
EVT416872,2025-07-27 13:08:15,Concert,J020,Malleshwaram Circle,29270,Weekend,False,Heavy Rain,True,28.1,False,False,0.745,High,13.9,49.5,266.3,0.135,0.312,0.921,Heavy rain reducing visibility and grip - reduced speed and longer buffer advised
EVT416873,2025-03-24 10:11:20,Sports Fixture,J040,City Market,20540,Weekday,False,Clear,False,0.0,False,False,0.773,Severe,16.5,54.3,269.9,0.167,0.387,0.969,Heavy congestion detected - signal timing extended and reroute suggested
EVT416874,2025-09-06 07:32:19,Fireworks Display,J009,Majestic,37894,Weekend,True,Clear,False,0.0,False,False,0.991,Severe,9.9,68.2,392.2,0.159,0.366,0.873,Festival crowd surge detected - alternate route and extended cycle recommended
EVT416875,2025-11-19 16:10:44,Sports Fixture,J009,Majestic,36775,Weekday,False,Clear,False,0.0,False,False,0.648,High,14.9,48.0,289.3,0.128,0.296,0.961,Moderate traffic flow - standard adaptive signal timing in effect
EVT416876,2025-03-14 16:32:36,Religious Festival,J011,Indiranagar 100ft Road,50105,Weekday,True,Clear,False,0.0,False,True,1.0,Severe,8.7,93.6,695.9,0.251,0.58,0.856,Road closure for event/procession - full detour recommended for through-traffic
EVT416877,2025-08-14 20:10:24,Trade Fair,J020,Malleshwaram Circle,10421,Weekday,False,Clear,False,0.0,False,False,0.656,High,18.2,47.3,289.2,0.18,0.416,0.958,Moderate traffic flow - standard adaptive signal timing in effect
EVT416878,2025-07-20 18:14:41,Local Market Day,J031,Cubbon Road,3042,Weekend,False,Clear,False,0.0,False,False,0.865,Severe,11.2,64.4,380.8,0.163,0.377,0.933,Heavy congestion detected - signal timing extended and reroute suggested
EVT416879,2025-08-03 14:18:12,Local Market Day,J012,Koramangala Sony World,2833,Weekend,False,Clear,False,0.0,False,False,0.25,Low,29.5,20.3,92.8,0.079,0.183,0.988,Normal free-flow traffic - standard signal timing maintained
EVT416880,2025-01-07 21:03:26,Political Rally,J012,Koramangala Sony World,9344,Weekday,False,Clear,False,0.0,False,False,0.515,Moderate,17.3,36.8,269.7,0.165,0.381,0.942,Moderate traffic flow - standard adaptive signal timing in effect
EVT416881,2025-08-08 16:51:26,Concert,J020,Malleshwaram Circle,15784,Weekday,False,Clear,False,0.0,False,False,0.732,High,15.1,52.0,279.9,0.136,0.313,0.954,Moderate traffic flow - standard adaptive signal timing in effect
EVT416882,2025-11-22 09:55:40,Concert,J011,Indiranagar 100ft Road,12198,Weekend,False,Clear,False,0.0,False,False,0.777,Severe,19.4,57.3,292.6,0.187,0.431,0.963,Heavy congestion detected - signal timing extended and reroute suggested
EVT416883,2026-04-23 18:14:25,Sports Fixture,J012,Koramangala Sony World,20641,Weekday,False,Clear,False,0.0,False,False,1.0,Severe,7.8,75.2,954.4,0.278,0.642,0.921,Heavy congestion detected - signal timing extended and reroute suggested
EVT416884,2026-05-10 17:59:46,Local Market Day,J009,Majestic,5211,Weekend,False,Clear,False,0.0,False,False,0.792,Severe,11.1,57.8,247.3,0.097,0.224,0.964,Heavy congestion detected - signal timing extended and reroute suggested
EVT416885,2025-12-09 13:43:39,Trade Fair,J030,MG Road,8059,Weekday,False,Clear,False,0.0,False,False,0.303,Low,29.7,25.9,115.4,0.091,0.21,0.959,Moderate traffic flow - standard adaptive signal timing in effect
EVT416886,2025-07-31 19:54:46,Sports Fixture,J030,MG Road,33296,Weekday,False,Clear,False,0.0,False,False,0.978,Severe,9.0,72.4,451.0,0.162,0.373,0.925,Heavy congestion detected - signal timing extended and reroute suggested
EVT416887,2026-03-09 15:55:16,Sports Fixture,J023,Basavanagudi,37396,Weekday,False,Clear,False,0.0,False,False,0.699,High,21.5,53.3,243.5,0.168,0.387,0.951,Moderate traffic flow - standard adaptive signal timing in effect
EVT416888,2025-10-08 19:15:50,Sports Fixture,J030,MG Road,13263,Weekday,False,Clear,False,0.0,False,False,1.0,Severe,7.7,70.2,727.0,0.236,0.545,0.917,Heavy congestion detected - signal timing extended and reroute suggested
EVT416889,2025-07-08 14:04:31,Trade Fair,J020,Malleshwaram Circle,8527,Weekday,False,Rain,True,18.6,False,False,0.471,Moderate,23.5,31.5,218.4,0.163,0.377,0.914,Light rain detected - minor speed reduction advised
EVT416890,2025-11-28 14:58:06,Sports Fixture,J009,Majestic,22170,Weekday,False,Clear,False,0.0,False,False,0.337,Low,29.4,26.7,163.4,0.131,0.303,0.975,Moderate traffic flow - standard adaptive signal timing in effect
EVT416891,2025-05-26 11:52:14,Trade Fair,J011,Indiranagar 100ft Road,9849,Weekday,False,Clear,False,0.0,False,False,0.289,Low,32.7,24.2,215.0,0.199,0.46,0.963,Moderate traffic flow - standard adaptive signal timing in effect
EVT416892,2025-01-16 10:06:36,Local Market Day,J011,Indiranagar 100ft Road,3153,Weekday,False,Clear,False,0.0,False,False,0.727,High,15.5,52.1,264.9,0.135,0.313,0.955,Moderate traffic flow - standard adaptive signal timing in effect
EVT416893,2025-03-03 21:26:53,Trade Fair,J023,Basavanagudi,7826,Weekday,False,Clear,False,0.0,False,False,0.358,Moderate,24.1,25.2,133.0,0.099,0.228,0.955,Moderate traffic flow - standard adaptive signal timing in effect
EVT416894,2025-10-01 21:15:09,Local Market Day,J040,City Market,2890,Weekday,False,Rain,True,19.3,False,False,0.599,High,22.0,36.1,262.6,0.194,0.448,0.928,Heavy rain reducing visibility and grip - reduced speed and longer buffer advised
EVT416895,2025-05-02 18:22:32,Fireworks Display,J020,Malleshwaram Circle,12579,Weekday,True,Light Rain,True,5.3,False,False,1.0,Severe,9.0,75.3,197.7,0.088,0.204,0.802,Festival crowd surge detected - alternate route and extended cycle recommended
EVT416896,2026-03-24 13:48:42,Local Market Day,J040,City Market,2633,Weekday,False,Fog,False,0.0,False,False,0.176,Low,37.5,14.8,140.9,0.118,0.272,0.97,Normal free-flow traffic - standard signal timing maintained
EVT416897,2026-06-12 19:38:48,Concert,J009,Majestic,8524,Weekday,False,Heavy Rain,True,69.3,False,False,1.0,Severe,5.3,67.7,919.0,0.22,0.509,0.874,Heavy rain reducing visibility and grip - reduced speed and longer buffer advised
EVT416898,2025-01-08 06:59:59,Local Market Day,J012,Koramangala Sony World,2408,Weekday,False,Clear,False,0.0,False,False,0.369,Moderate,21.7,21.5,175.7,0.105,0.244,0.955,Moderate traffic flow - standard adaptive signal timing in effect
EVT416899,2025-06-19 14:20:39,Sports Fixture,J030,MG Road,28620,Weekday,False,Clear,False,0.0,False,False,0.365,Moderate,29.1,27.0,280.2,0.222,0.512,0.963,Moderate traffic flow - standard adaptive signal timing in effect
EVT416900,2026-02-21 22:07:10,Sports Fixture,J040,City Market,35224,Weekend,False,Clear,False,0.0,False,False,0.461,Moderate,24.9,36.0,190.2,0.151,0.348,0.944,Moderate traffic flow - standard adaptive signal timing in effect
EVT416901,2025-08-29 08:18:34,Trade Fair,J011,Indiranagar 100ft Road,5425,Weekday,False,Clear,False,0.0,False,False,1.0,Severe,9.0,73.4,317.6,0.132,0.305,0.963,Heavy congestion detected - signal timing extended and reroute suggested
EVT416902,2025-02-06 09:11:08,Sports Fixture,J040,City Market,39510,Weekday,False,Clear,False,0.0,False,False,1.0,Severe,10.3,70.2,719.3,0.286,0.661,0.929,Heavy congestion detected - signal timing extended and reroute suggested
EVT416903,2025-11-15 19:24:01,Sports Fixture,J012,Koramangala Sony World,25373,Weekend,False,Light Rain,True,5.5,False,False,1.0,Severe,7.0,74.1,614.9,0.193,0.445,0.839,Heavy rain reducing visibility and grip - reduced speed and longer buffer advised
EVT416904,2025-06-22 00:51:19,Concert,J023,Basavanagudi,17777,Weekend,False,Light Rain,True,5.9,False,False,0.431,Moderate,29.4,26.9,122.2,0.093,0.215,0.891,Light rain detected - minor speed reduction advised
EVT416905,2025-03-02 13:21:41,Sports Fixture,J011,Indiranagar 100ft Road,34554,Weekend,False,Clear,False,0.0,False,False,0.408,Moderate,23.2,30.7,198.8,0.136,0.314,0.947,Moderate traffic flow - standard adaptive signal timing in effect
EVT416906,2025-05-03 09:08:07,Local Market Day,J011,Indiranagar 100ft Road,5623,Weekend,False,Clear,False,0.0,False,False,0.753,Severe,18.6,48.0,108.0,0.083,0.192,0.968,Heavy congestion detected - signal timing extended and reroute suggested
EVT416907,2026-02-08 18:00:51,Trade Fair,J030,MG Road,8626,Weekend,False,Clear,False,0.0,False,False,0.795,Severe,18.2,55.4,458.1,0.277,0.64,0.945,Heavy congestion detected - signal timing extended and reroute suggested
EVT416908,2026-04-17 13:39:09,Sports Fixture,J030,MG Road,29458,Weekday,False,Rain,True,15.9,False,False,0.535,Moderate,20.6,35.0,218.8,0.137,0.316,0.92,Light rain detected - minor speed reduction advised
EVT416909,2025-09-19 11:04:53,Local Market Day,J040,City Market,3753,Weekday,False,Clear,False,0.0,False,False,0.3,Low,40.5,22.4,160.5,0.17,0.392,0.955,Moderate traffic flow - standard adaptive signal timing in effect
EVT416910,2025-07-05 14:26:39,Local Market Day,J040,City Market,6603,Weekend,False,Clear,False,0.0,False,False,0.302,Low,34.4,19.5,84.8,0.079,0.182,0.948,Moderate traffic flow - standard adaptive signal timing in effect
EVT416911,2025-04-20 10:32:42,Trade Fair,J030,MG Road,11142,Weekend,False,Clear,False,0.0,False,False,0.605,High,18.4,43.8,102.3,0.062,0.143,0.966,Moderate traffic flow - standard adaptive signal timing in effect
EVT416912,2026-05-28 20:53:59,Local Market Day,J009,Majestic,3640,Weekday,False,Clear,False,0.0,False,False,0.445,Moderate,27.6,30.8,105.7,0.069,0.159,0.954,Moderate traffic flow - standard adaptive signal timing in effect
EVT416913,2026-01-13 22:34:07,Sports Fixture,J023,Basavanagudi,26500,Weekday,False,Clear,False,0.0,False,False,0.289,Low,34.7,26.5,145.9,0.123,0.284,0.967,Moderate traffic flow - standard adaptive signal timing in effect
EVT416914,2025-09-18 09:55:24,Trade Fair,J011,Indiranagar 100ft Road,16134,Weekday,False,Rain,True,15.5,False,False,1.0,Severe,9.2,71.7,451.2,0.17,0.392,0.869,Heavy rain reducing visibility and grip - reduced speed and longer buffer advised
EVT416915,2026-01-27 00:45:25,Religious Festival,J011,Indiranagar 100ft Road,44950,Weekday,True,Clear,False,0.0,False,True,0.84,High,11.6,94.9,427.7,0.201,0.465,0.871,Road closure for event/procession - full detour recommended for through-traffic
EVT416916,2025-12-10 21:28:07,Sports Fixture,J020,Malleshwaram Circle,12723,Weekday,False,Clear,False,0.0,False,False,0.42,Moderate,28.6,25.2,157.8,0.117,0.271,0.944,Moderate traffic flow - standard adaptive signal timing in effect
EVT416917,2025-06-17 18:24:31,Sports Fixture,J040,City Market,17201,Weekday,False,Rain,True,15.0,False,False,1.0,Severe,8.2,72.0,426.2,0.151,0.348,0.877,Heavy rain reducing visibility and grip - reduced speed and longer buffer advised
EVT416918,2025-02-28 07:03:07,Trade Fair,J030,MG Road,7286,Weekday,False,Clear,False,0.0,False,False,0.478,Moderate,30.0,36.3,177.6,0.166,0.385,0.945,Moderate traffic flow - standard adaptive signal timing in effect
EVT416919,2026-02-12 17:58:02,Concert,J030,MG Road,20225,Weekday,False,Clear,False,0.0,False,False,1.0,Severe,7.9,75.1,806.9,0.243,0.561,0.91,Heavy congestion detected - signal timing extended and reroute suggested
EVT416920,2025-04-07 10:51:24,Fireworks Display,J020,Malleshwaram Circle,31696,Weekday,True,Clear,False,0.0,False,False,0.819,Severe,14.9,58.2,238.1,0.135,0.311,0.903,Festival crowd surge detected - alternate route and extended cycle recommended
EVT416921,2026-06-10 17:54:15,Local Market Day,J040,City Market,4244,Weekday,False,Clear,False,0.0,False,False,1.0,Severe,8.6,71.9,620.9,0.216,0.498,0.932,Heavy congestion detected - signal timing extended and reroute suggested
EVT416922,2025-02-08 20:58:04,Trade Fair,J009,Majestic,8395,Weekend,False,Clear,False,0.0,False,False,0.474,Moderate,27.1,28.5,72.7,0.047,0.108,0.981,Moderate traffic flow - standard adaptive signal timing in effect
EVT416923,2025-08-26 20:35:33,Sports Fixture,J023,Basavanagudi,29876,Weekday,False,Rain,True,17.8,False,False,0.883,Severe,11.2,58.9,414.3,0.17,0.392,0.914,Heavy rain reducing visibility and grip - reduced speed and longer buffer advised
EVT416924,2026-04-22 07:18:10,Local Market Day,J030,MG Road,5201,Weekday,False,Clear,False,0.0,False,False,0.461,Moderate,22.9,36.4,247.7,0.189,0.436,0.983,Moderate traffic flow - standard adaptive signal timing in effect
EVT416925,2026-05-01 08:53:17,Cultural Procession,J023,Basavanagudi,21063,Weekday,True,Clear,False,0.0,False,True,1.0,Severe,6.7,102.4,643.3,0.187,0.433,0.821,Road closure for event/procession - full detour recommended for through-traffic
EVT416926,2025-10-23 15:21:10,Concert,J040,City Market,14641,Weekday,False,Light Rain,True,4.2,False,False,0.412,Moderate,22.9,25.3,157.7,0.096,0.221,0.914,Light rain detected - minor speed reduction advised
EVT416927,2026-02-08 07:45:56,Sports Fixture,J040,City Market,25797,Weekend,False,Clear,False,0.0,False,False,0.786,Severe,17.6,55.2,339.5,0.217,0.501,0.951,Heavy congestion detected - signal timing extended and reroute suggested
EVT416928,2026-04-12 19:32:06,Trade Fair,J009,Majestic,7984,Weekend,False,Clear,False,0.0,False,False,0.749,High,15.3,53.3,494.2,0.245,0.566,0.955,Moderate traffic flow - standard adaptive signal timing in effect
EVT416929,2025-06-03 16:52:21,Sports Fixture,J023,Basavanagudi,14841,Weekday,False,Clear,False,0.0,False,False,0.775,Severe,15.1,55.1,255.7,0.136,0.313,0.905,Heavy congestion detected - signal timing extended and reroute suggested
EVT416930,2025-07-08 15:29:14,Concert,J031,Cubbon Road,10939,Weekday,False,Heavy Rain,True,55.7,False,False,0.653,High,18.9,49.9,235.0,0.149,0.344,0.931,Heavy rain reducing visibility and grip - reduced speed and longer buffer advised
EVT416931,2026-02-05 08:39:07,Sports Fixture,J030,MG Road,14567,Weekday,False,Clear,False,0.0,False,False,0.998,Severe,8.2,70.4,331.5,0.136,0.313,0.887,Heavy congestion detected - signal timing extended and reroute suggested
EVT416932,2025-11-23 18:13:44,Trade Fair,J023,Basavanagudi,6399,Weekend,False,Clear,False,0.0,False,False,0.833,Severe,10.8,56.1,346.0,0.151,0.348,0.931,Heavy congestion detected - signal timing extended and reroute suggested
EVT416933,2025-09-28 09:13:26,Trade Fair,J011,Indiranagar 100ft Road,6511,Weekend,False,Clear,False,0.0,False,False,0.859,Severe,12.5,53.4,194.6,0.094,0.218,0.956,Heavy congestion detected - signal timing extended and reroute suggested
EVT416934,2025-07-23 15:42:33,Local Market Day,J030,MG Road,4418,Weekday,False,Heavy Rain,True,60.1,False,False,0.732,High,23.5,53.2,151.1,0.101,0.233,0.946,Heavy rain reducing visibility and grip - reduced speed and longer buffer advised
EVT416935,2025-04-07 23:19:51,Religious Festival,J030,MG Road,43803,Weekday,True,Clear,False,0.0,False,True,0.756,High,20.4,75.2,382.7,0.247,0.57,0.875,Road closure for event/procession - full detour recommended for through-traffic
EVT416936,2025-08-03 14:09:53,Political Rally,J023,Basavanagudi,13103,Weekend,False,Clear,False,0.0,False,False,0.283,Low,29.7,26.9,169.5,0.121,0.28,0.973,Moderate traffic flow - standard adaptive signal timing in effect
EVT416937,2026-04-04 18:04:13,Local Market Day,J011,Indiranagar 100ft Road,6361,Weekend,False,Clear,False,0.0,False,False,0.843,Severe,14.6,59.2,288.0,0.16,0.37,0.936,Heavy congestion detected - signal timing extended and reroute suggested
EVT416938,2026-03-25 17:17:50,Sports Fixture,J031,Cubbon Road,12361,Weekday,False,Clear,False,0.0,False,False,0.92,Severe,8.5,68.4,696.1,0.253,0.584,0.933,Heavy congestion detected - signal timing extended and reroute suggested
EVT416939,2025-07-07 13:05:55,Concert,J009,Majestic,14335,Weekday,False,Heavy Rain,True,27.9,False,False,0.505,Moderate,24.8,30.9,89.7,0.065,0.15,0.899,Light rain detected - minor speed reduction advised
EVT416940,2025-08-22 19:29:21,Political Rally,J023,Basavanagudi,14052,Weekday,False,Clear,False,0.0,False,False,0.916,Severe,12.8,71.5,524.5,0.258,0.596,0.92,Heavy congestion detected - signal timing extended and reroute suggested
EVT416941,2025-02-06 15:25:58,Local Market Day,J030,MG Road,5336,Weekday,False,Clear,False,0.0,False,False,0.298,Low,32.5,23.0,96.1,0.071,0.163,0.955,Moderate traffic flow - standard adaptive signal timing in effect
EVT416942,2026-05-11 16:41:16,Trade Fair,J012,Koramangala Sony World,7320,Weekday,False,Clear,False,0.0,False,False,0.573,High,23.6,44.8,178.6,0.153,0.353,0.965,Moderate traffic flow - standard adaptive signal timing in effect
EVT416943,2026-06-21 20:00:21,Sports Fixture,J031,Cubbon Road,49591,Weekend,False,Heavy Rain,True,27.2,False,False,1.0,Severe,8.0,72.6,734.3,0.249,0.574,0.876,Heavy rain reducing visibility and grip - reduced speed and longer buffer advised
EVT416944,2025-09-25 17:58:46,Sports Fixture,J012,Koramangala Sony World,15303,Weekday,False,Clear,False,0.0,False,False,1.0,Severe,8.5,72.3,402.0,0.137,0.316,0.889,Heavy congestion detected - signal timing extended and reroute suggested
EVT416945,2025-08-15 14:07:49,Religious Festival,J023,Basavanagudi,24491,Weekday,True,Clear,False,0.0,False,False,0.534,Moderate,22.5,34.7,143.4,0.102,0.237,0.908,Festival crowd surge detected - alternate route and extended cycle recommended
EVT416946,2025-12-25 12:18:14,Religious Festival,J040,City Market,44771,Weekday,True,Clear,False,0.0,False,True,0.805,High,16.6,85.3,230.7,0.112,0.259,0.871,Road closure for event/procession - full detour recommended for through-traffic
EVT416947,2026-04-24 20:19:19,Sports Fixture,J023,Basavanagudi,23378,Weekday,False,Clear,False,0.0,False,False,0.759,Severe,14.0,53.8,393.7,0.19,0.439,0.967,Heavy congestion detected - signal timing extended and reroute suggested
EVT416948,2025-10-13 18:54:49,Concert,J031,Cubbon Road,10819,Weekday,False,Clear,False,0.0,False,False,1.0,Severe,8.3,71.0,447.2,0.151,0.35,0.913,Heavy congestion detected - signal timing extended and reroute suggested
EVT416949,2026-01-06 11:35:26,Local Market Day,J040,City Market,2287,Weekday,False,Fog,False,0.0,False,False,0.245,Low,26.4,18.9,132.7,0.105,0.243,0.982,Normal free-flow traffic - standard signal timing maintained
EVT416950,2026-06-10 18:16:44,Local Market Day,J020,Malleshwaram Circle,4549,Weekday,False,Clear,False,0.0,False,False,0.954,Severe,8.8,65.1,388.3,0.14,0.323,0.924,Heavy congestion detected - signal timing extended and reroute suggested
EVT416951,2025-03-26 14:43:15,Local Market Day,J012,Koramangala Sony World,4503,Weekday,False,Clear,False,0.0,False,False,0.225,Low,34.6,18.3,169.9,0.166,0.384,0.976,Normal free-flow traffic - standard signal timing maintained
EVT416952,2025-08-23 20:57:10,Sports Fixture,J012,Koramangala Sony World,16952,Weekend,False,Heavy Rain,True,36.0,False,False,0.898,Severe,12.0,63.3,346.3,0.173,0.4,0.911,Heavy rain reducing visibility and grip - reduced speed and longer buffer advised
EVT416953,2025-03-06 09:51:05,Local Market Day,J031,Cubbon Road,4293,Weekday,False,Clear,False,0.0,False,False,0.914,Severe,14.8,63.2,294.6,0.168,0.387,0.906,Heavy congestion detected - signal timing extended and reroute suggested
EVT416954,2026-02-17 08:03:21,Concert,J030,MG Road,8244,Weekday,False,Clear,False,0.0,False,False,0.884,Severe,13.7,59.9,478.3,0.245,0.566,0.947,Heavy congestion detected - signal timing extended and reroute suggested
EVT416955,2026-05-04 22:58:16,Concert,J023,Basavanagudi,11203,Weekday,False,Clear,False,0.0,False,False,0.321,Low,29.3,19.2,137.4,0.109,0.252,0.97,Moderate traffic flow - standard adaptive signal timing in effect
EVT416956,2025-02-23 14:26:07,Local Market Day,J023,Basavanagudi,4331,Weekend,False,Clear,False,0.0,False,False,0.197,Low,36.3,13.0,106.1,0.112,0.26,0.982,Normal free-flow traffic - standard signal timing maintained
EVT416957,2025-02-15 08:35:44,Concert,J009,Majestic,15437,Weekend,False,Fog,False,0.0,False,False,0.924,Severe,10.3,69.8,174.3,0.076,0.176,0.936,Heavy congestion detected - signal timing extended and reroute suggested
EVT416958,2026-03-23 09:54:15,Sports Fixture,J009,Majestic,28148,Weekday,False,Light Rain,True,4.6,True,False,1.0,Severe,8.4,78.3,777.9,0.303,0.701,0.706,Accident detected nearby - reroute and reduced speed advised
EVT416959,2025-09-28 13:53:28,Concert,J023,Basavanagudi,9070,Weekend,False,Clear,False,0.0,False,False,0.293,Low,28.3,19.0,180.5,0.151,0.348,0.957,Moderate traffic flow - standard adaptive signal timing in effect
EVT416960,2025-10-15 06:52:55,Sports Fixture,J031,Cubbon Road,20909,Weekday,False,Clear,False,0.0,False,False,0.463,Moderate,23.8,34.9,125.1,0.09,0.208,0.983,Moderate traffic flow - standard adaptive signal timing in effect
EVT416961,2026-06-12 13:27:12,Local Market Day,J009,Majestic,4287,Weekday,False,Light Rain,True,5.4,False,False,0.352,Moderate,30.0,25.5,85.0,0.074,0.171,0.888,Light rain detected - minor speed reduction advised
EVT416962,2026-01-05 15:00:28,Trade Fair,J040,City Market,8616,Weekday,False,Clear,False,0.0,False,False,0.324,Low,36.5,21.6,108.3,0.094,0.217,0.952,Moderate traffic flow - standard adaptive signal timing in effect
EVT416963,2026-05-03 19:53:48,Sports Fixture,J009,Majestic,17249,Weekend,False,Clear,False,0.0,False,False,0.802,Severe,11.2,54.6,477.6,0.199,0.461,0.967,Heavy congestion detected - signal timing extended and reroute suggested
EVT416964,2026-03-19 19:50:05,Cultural Procession,J040,City Market,17873,Weekday,True,Clear,False,0.0,False,True,1.0,Severe,9.3,104.8,598.9,0.222,0.513,0.86,Road closure for event/procession - full detour recommended for through-traffic
EVT416965,2025-07-16 07:35:00,Local Market Day,J009,Majestic,3740,Weekday,False,Heavy Rain,True,36.6,False,False,1.0,Severe,6.7,73.0,495.0,0.157,0.362,0.864,Heavy rain reducing visibility and grip - reduced speed and longer buffer advised
EVT416966,2025-04-11 14:18:39,Sports Fixture,J011,Indiranagar 100ft Road,28357,Weekday,False,Clear,False,0.0,False,False,0.332,Low,20.9,18.4,71.4,0.035,0.081,0.945,Moderate traffic flow - standard adaptive signal timing in effect
EVT416967,2025-04-19 14:56:53,Political Rally,J031,Cubbon Road,13308,Weekend,False,Clear,False,0.0,False,False,0.352,Moderate,27.6,19.7,141.6,0.114,0.264,0.977,Moderate traffic flow - standard adaptive signal timing in effect
EVT416968,2026-01-04 17:34:43,Trade Fair,J040,City Market,8945,Weekend,False,Clear,False,0.0,False,False,0.77,Severe,16.0,59.0,394.2,0.212,0.49,0.946,Heavy congestion detected - signal timing extended and reroute suggested
EVT416969,2026-03-20 11:06:08,Religious Festival,J030,MG Road,68594,Weekday,True,Clear,False,0.0,False,True,1.0,Severe,7.8,104.6,727.7,0.252,0.582,0.85,Road closure for event/procession - full detour recommended for through-traffic
EVT416970,2025-01-30 18:16:58,Trade Fair,J023,Basavanagudi,25681,Weekday,False,Clear,False,0.0,False,False,1.0,Severe,9.1,72.8,331.5,0.114,0.264,0.9,Heavy congestion detected - signal timing extended and reroute suggested
EVT416971,2025-11-27 19:40:23,Local Market Day,J009,Majestic,2419,Weekday,False,Clear,False,0.0,False,False,0.811,Severe,18.7,59.5,335.6,0.216,0.499,0.955,Heavy congestion detected - signal timing extended and reroute suggested
EVT416972,2025-06-10 23:18:55,Trade Fair,J023,Basavanagudi,11428,Weekday,False,Clear,False,0.0,False,False,0.305,Low,33.6,20.7,145.4,0.12,0.277,0.956,Moderate traffic flow - standard adaptive signal timing in effect
EVT416973,2026-04-14 18:57:51,Cultural Procession,J020,Malleshwaram Circle,9663,Weekday,True,Clear,False,0.0,False,False,1.0,Severe,7.4,71.1,363.8,0.149,0.344,0.856,Festival crowd surge detected - alternate route and extended cycle recommended
EVT416974,2025-09-27 17:05:56,Concert,J011,Indiranagar 100ft Road,11522,Weekend,False,Clear,False,0.0,False,False,0.698,High,25.0,51.7,187.9,0.161,0.372,0.927,Moderate traffic flow - standard adaptive signal timing in effect
EVT416975,2025-04-14 20:57:06,Religious Festival,J031,Cubbon Road,54282,Weekday,True,Light Rain,True,4.8,False,False,0.994,Severe,8.3,69.8,395.9,0.134,0.309,0.826,Festival crowd surge detected - alternate route and extended cycle recommended
EVT416976,2025-06-11 08:29:37,Sports Fixture,J030,MG Road,28555,Weekday,False,Heavy Rain,True,43.5,False,False,1.0,Severe,8.8,67.5,650.8,0.227,0.524,0.858,Heavy rain reducing visibility and grip - reduced speed and longer buffer advised
EVT416977,2025-05-25 19:02:30,Sports Fixture,J031,Cubbon Road,23107,Weekend,False,Clear,False,0.0,False,False,0.956,Severe,10.8,71.5,420.5,0.194,0.448,0.906,Heavy congestion detected - signal timing extended and reroute suggested
EVT416978,2025-02-13 09:18:34,Concert,J031,Cubbon Road,17316,Weekday,False,Clear,False,0.0,False,False,1.0,Severe,9.3,65.0,822.2,0.279,0.643,0.922,Heavy congestion detected - signal timing extended and reroute suggested
EVT416979,2026-06-18 12:24:34,Local Market Day,J030,MG Road,1759,Weekday,False,Clear,False,0.0,False,False,0.204,Low,39.1,14.3,178.9,0.183,0.422,0.971,Normal free-flow traffic - standard signal timing maintained
EVT416980,2025-02-24 15:03:47,Trade Fair,J031,Cubbon Road,5432,Weekday,False,Clear,False,0.0,False,False,0.296,Low,30.1,24.8,191.6,0.149,0.345,0.976,Moderate traffic flow - standard adaptive signal timing in effect
EVT416981,2025-05-28 19:43:16,Local Market Day,J023,Basavanagudi,3920,Weekday,False,Clear,False,0.0,False,False,0.828,Severe,16.8,55.7,420.9,0.254,0.586,0.962,Heavy congestion detected - signal timing extended and reroute suggested
EVT416982,2026-03-02 18:43:36,Concert,J040,City Market,27566,Weekday,False,Clear,False,0.0,False,False,1.0,Severe,9.1,73.0,547.9,0.219,0.507,0.925,Heavy congestion detected - signal timing extended and reroute suggested
EVT416983,2026-03-31 17:10:18,Political Rally,J009,Majestic,14413,Weekday,False,Clear,False,0.0,False,False,0.761,Severe,17.8,57.3,300.3,0.192,0.442,0.971,Heavy congestion detected - signal timing extended and reroute suggested
EVT416984,2025-02-07 16:37:57,Concert,J030,MG Road,17403,Weekday,False,Clear,False,0.0,False,False,0.655,High,21.9,45.4,243.1,0.166,0.384,0.99,Moderate traffic flow - standard adaptive signal timing in effect
EVT416985,2025-09-02 18:28:04,Trade Fair,J020,Malleshwaram Circle,14841,Weekday,False,Clear,False,0.0,False,False,1.0,Severe,8.4,69.3,689.6,0.214,0.494,0.912,Heavy congestion detected - signal timing extended and reroute suggested
EVT416986,2025-11-05 06:55:17,Sports Fixture,J040,City Market,20432,Weekday,False,Clear,False,0.0,False,False,0.531,Moderate,27.1,35.3,168.3,0.133,0.308,0.958,Moderate traffic flow - standard adaptive signal timing in effect
EVT416987,2025-02-26 06:53:24,Concert,J031,Cubbon Road,10612,Weekday,False,Clear,False,0.0,False,False,0.429,Moderate,25.3,29.6,159.1,0.123,0.284,0.982,Moderate traffic flow - standard adaptive signal timing in effect
EVT416988,2025-07-08 20:37:00,Concert,J031,Cubbon Road,14182,Weekday,False,Clear,False,0.0,False,False,0.545,Moderate,21.7,37.6,261.5,0.158,0.366,0.96,Moderate traffic flow - standard adaptive signal timing in effect
EVT416989,2025-06-16 09:23:40,Trade Fair,J020,Malleshwaram Circle,11319,Weekday,False,Clear,False,0.0,False,False,1.0,Severe,9.0,72.9,274.8,0.119,0.274,0.894,Heavy congestion detected - signal timing extended and reroute suggested
EVT416990,2025-01-26 18:00:05,Cultural Procession,J012,Koramangala Sony World,13140,Weekend,True,Clear,False,0.0,False,True,1.0,Severe,10.1,96.1,680.2,0.266,0.615,0.816,Road closure for event/procession - full detour recommended for through-traffic
EVT416991,2025-09-25 11:11:29,Political Rally,J030,MG Road,23631,Weekday,False,Clear,False,0.0,False,False,0.511,Moderate,26.5,29.4,205.9,0.185,0.428,0.99,Moderate traffic flow - standard adaptive signal timing in effect
EVT416992,2025-08-18 22:58:28,Local Market Day,J031,Cubbon Road,2825,Weekday,False,Clear,False,0.0,False,False,0.228,Low,30.3,17.1,138.9,0.131,0.303,0.977,Normal free-flow traffic - standard signal timing maintained
EVT416993,2025-11-04 18:56:23,Local Market Day,J040,City Market,3338,Weekday,False,Light Rain,True,3.0,False,False,0.978,Severe,8.9,74.8,402.8,0.155,0.359,0.833,Heavy rain reducing visibility and grip - reduced speed and longer buffer advised
EVT416994,2025-11-17 06:31:56,Sports Fixture,J023,Basavanagudi,17773,Weekday,False,Clear,False,0.0,False,False,0.391,Moderate,25.6,28.4,128.8,0.066,0.152,0.968,Moderate traffic flow - standard adaptive signal timing in effect
EVT416995,2025-02-28 21:10:53,Local Market Day,J009,Majestic,5441,Weekday,False,Clear,False,0.0,False,False,0.393,Moderate,31.2,30.3,181.4,0.139,0.321,0.973,Moderate traffic flow - standard adaptive signal timing in effect
EVT416996,2025-05-05 09:22:02,Local Market Day,J030,MG Road,3613,Weekday,False,Rain,True,8.3,False,False,1.0,Severe,9.1,69.1,820.6,0.303,0.701,0.857,Heavy rain reducing visibility and grip - reduced speed and longer buffer advised
EVT416997,2026-03-26 19:58:53,Religious Festival,J031,Cubbon Road,61060,Weekday,True,Clear,False,0.0,False,True,1.0,Severe,7.9,106.4,263.2,0.104,0.239,0.821,Road closure for event/procession - full detour recommended for through-traffic
EVT416998,2026-02-02 11:38:31,Local Market Day,J012,Koramangala Sony World,2668,Weekday,False,Light Rain,True,5.6,False,False,0.412,Moderate,34.4,33.4,159.0,0.152,0.352,0.898,Light rain detected - minor speed reduction advised
EVT416999,2026-01-01 08:43:10,Religious Festival,J040,City Market,58865,Weekday,True,Clear,False,0.0,False,True,1.0,Severe,10.5,97.8,572.3,0.254,0.588,0.835,Road closure for event/procession - full detour recommended for through-traffic
EVT417000,2026-03-30 07:01:54,Sports Fixture,J023,Basavanagudi,16582,Weekday,False,Clear,False,0.0,False,False,0.523,Moderate,25.9,41.5,110.5,0.069,0.16,0.965,Moderate traffic flow - standard adaptive signal timing in effect
EVT417001,2025-11-04 06:26:19,Trade Fair,J040,City Market,8620,Weekday,False,Clear,False,0.0,False,False,0.358,Moderate,24.2,25.5,265.5,0.172,0.398,0.945,Moderate traffic flow - standard adaptive signal timing in effect
EVT417002,2025-12-16 21:04:31,Sports Fixture,J009,Majestic,37669,Weekday,False,Clear,False,0.0,False,False,0.587,High,22.8,38.6,210.4,0.155,0.358,0.976,Moderate traffic flow - standard adaptive signal timing in effect
EVT417003,2025-11-24 19:41:53,Local Market Day,J023,Basavanagudi,5253,Weekday,False,Rain,True,21.7,False,False,1.0,Severe,8.2,76.2,762.3,0.223,0.515,0.91,Heavy rain reducing visibility and grip - reduced speed and longer buffer advised
EVT417004,2025-09-30 11:43:04,Sports Fixture,J023,Basavanagudi,25283,Weekday,False,Clear,False,0.0,False,False,0.367,Moderate,33.8,27.8,165.3,0.174,0.401,0.979,Moderate traffic flow - standard adaptive signal timing in effect
EVT417005,2025-12-14 16:31:25,Local Market Day,J011,Indiranagar 100ft Road,5468,Weekend,False,Light Rain,True,6.2,False,False,0.694,High,16.5,47.5,240.7,0.137,0.317,0.906,Heavy rain reducing visibility and grip - reduced speed and longer buffer advised
EVT417006,2026-06-27 21:58:59,Local Market Day,J040,City Market,2352,Weekend,False,Heavy Rain,True,56.7,False,False,0.707,High,17.1,50.9,385.7,0.2,0.462,0.899,Heavy rain reducing visibility and grip - reduced speed and longer buffer advised
EVT417007,2025-04-20 17:59:57,Concert,J031,Cubbon Road,13805,Weekend,False,Clear,False,0.0,False,False,0.854,Severe,11.1,62.3,369.7,0.139,0.32,0.936,Heavy congestion detected - signal timing extended and reroute suggested
EVT417008,2025-06-12 18:04:21,Trade Fair,J030,MG Road,14856,Weekday,False,Rain,True,12.0,False,False,1.0,Severe,7.8,72.4,395.8,0.136,0.315,0.834,Heavy rain reducing visibility and grip - reduced speed and longer buffer advised
EVT417009,2025-12-16 21:59:26,Local Market Day,J012,Koramangala Sony World,2879,Weekday,False,Clear,False,0.0,False,False,0.329,Low,31.5,26.3,106.9,0.085,0.196,0.955,Moderate traffic flow - standard adaptive signal timing in effect
EVT417010,2025-01-01 09:42:14,Local Market Day,J023,Basavanagudi,4828,Weekday,False,Clear,False,0.0,False,False,0.859,Severe,15.0,64.6,387.6,0.202,0.467,0.953,Heavy congestion detected - signal timing extended and reroute suggested
EVT417011,2025-11-04 19:24:54,Trade Fair,J040,City Market,7868,Weekday,False,Clear,False,0.0,False,False,0.978,Severe,10.0,73.5,448.5,0.189,0.437,0.916,Heavy congestion detected - signal timing extended and reroute suggested
EVT417012,2025-10-13 18:55:57,Local Market Day,J031,Cubbon Road,5423,Weekday,False,Clear,False,0.0,False,False,1.0,Severe,8.1,76.0,554.8,0.184,0.424,0.914,Heavy congestion detected - signal timing extended and reroute suggested
EVT417013,2026-01-22 17:35:29,Local Market Day,J040,City Market,3513,Weekday,False,Clear,False,0.0,False,False,0.869,Severe,13.3,64.2,656.8,0.317,0.732,0.912,Heavy congestion detected - signal timing extended and reroute suggested
EVT417014,2025-05-19 08:31:42,Trade Fair,J020,Malleshwaram Circle,13658,Weekday,False,Clear,False,0.0,False,False,1.0,Severe,7.5,76.4,951.0,0.27,0.624,0.935,Heavy congestion detected - signal timing extended and reroute suggested
EVT417015,2026-03-01 05:29:08,Sports Fixture,J011,Indiranagar 100ft Road,16484,Weekend,False,Clear,False,0.0,False,False,0.36,Moderate,27.9,23.8,205.5,0.161,0.373,0.935,Moderate traffic flow - standard adaptive signal timing in effect
EVT417016,2025-10-09 17:46:35,Concert,J009,Majestic,13841,Weekday,False,Heavy Rain,True,47.9,True,False,1.0,Severe,7.6,73.9,661.6,0.194,0.447,0.705,Accident detected nearby - reroute and reduced speed advised
EVT417017,2025-06-27 06:21:51,Concert,J030,MG Road,12844,Weekday,False,Heavy Rain,True,53.0,False,False,0.758,Severe,15.4,56.6,293.8,0.157,0.362,0.939,Heavy rain reducing visibility and grip - reduced speed and longer buffer advised
EVT417018,2025-08-09 19:44:46,Local Market Day,J023,Basavanagudi,3091,Weekend,False,Clear,False,0.0,False,False,0.755,Severe,15.7,55.7,312.2,0.18,0.416,0.957,Heavy congestion detected - signal timing extended and reroute suggested
EVT417019,2026-02-25 10:04:11,Local Market Day,J023,Basavanagudi,3269,Weekday,False,Clear,False,0.0,False,False,0.803,Severe,19.0,55.4,277.8,0.185,0.427,0.931,Heavy congestion detected - signal timing extended and reroute suggested
EVT417020,2025-04-11 18:37:31,Sports Fixture,J009,Majestic,21437,Weekday,False,Clear,False,0.0,False,False,1.0,Severe,9.0,71.5,612.6,0.234,0.54,0.921,Heavy congestion detected - signal timing extended and reroute suggested
EVT417021,2025-03-10 15:25:30,Local Market Day,J031,Cubbon Road,5880,Weekday,False,Clear,False,0.0,False,False,0.28,Low,28.1,22.9,163.7,0.136,0.314,0.95,Moderate traffic flow - standard adaptive signal timing in effect
EVT417022,2026-05-30 20:51:58,Sports Fixture,J040,City Market,21575,Weekend,False,Rain,True,18.3,False,False,0.823,Severe,16.5,63.1,257.1,0.144,0.332,0.912,Heavy rain reducing visibility and grip - reduced speed and longer buffer advised
EVT417023,2026-01-13 06:13:59,Concert,J011,Indiranagar 100ft Road,9805,Weekday,False,Clear,False,0.0,False,False,0.33,Low,28.7,21.2,77.0,0.056,0.129,0.969,Moderate traffic flow - standard adaptive signal timing in effect
EVT417024,2026-02-13 19:04:47,Sports Fixture,J031,Cubbon Road,13022,Weekday,False,Clear,False,0.0,False,False,1.0,Severe,6.3,68.1,755.8,0.202,0.466,0.941,Heavy congestion detected - signal timing extended and reroute suggested
EVT417025,2026-05-27 12:33:31,Concert,J020,Malleshwaram Circle,10389,Weekday,False,Clear,False,0.0,False,False,0.232,Low,35.7,13.8,100.0,0.1,0.23,0.947,Normal free-flow traffic - standard signal timing maintained
EVT417026,2025-02-06 16:48:52,Trade Fair,J030,MG Road,5683,Weekday,False,Clear,False,0.0,False,False,0.655,High,19.3,44.6,269.1,0.163,0.378,0.94,Moderate traffic flow - standard adaptive signal timing in effect
EVT417027,2026-01-01 14:53:32,Religious Festival,J040,City Market,50007,Weekday,True,Clear,False,0.0,False,True,0.892,High,10.6,83.8,331.9,0.149,0.344,0.86,Road closure for event/procession - full detour recommended for through-traffic
EVT417028,2025-02-03 10:32:09,Local Market Day,J030,MG Road,5006,Weekday,False,Clear,False,0.0,False,False,0.599,High,18.8,39.6,276.2,0.176,0.406,0.97,Moderate traffic flow - standard adaptive signal timing in effect
EVT417029,2025-09-02 20:07:07,Concert,J009,Majestic,15312,Weekday,False,Rain,True,17.5,False,False,1.0,Severe,7.3,68.4,298.6,0.121,0.28,0.857,Heavy rain reducing visibility and grip - reduced speed and longer buffer advised
EVT417030,2026-02-27 08:02:42,Sports Fixture,J020,Malleshwaram Circle,37529,Weekday,False,Clear,False,0.0,False,False,0.982,Severe,8.1,65.5,701.0,0.231,0.534,0.913,Heavy congestion detected - signal timing extended and reroute suggested
EVT417031,2025-11-20 18:57:56,Local Market Day,J030,MG Road,7222,Weekday,False,Clear,False,0.0,False,False,1.0,Severe,6.5,67.2,664.6,0.186,0.43,0.912,Heavy congestion detected - signal timing extended and reroute suggested
EVT417032,2025-08-22 14:36:19,Concert,J012,Koramangala Sony World,21232,Weekday,False,Rain,True,7.8,False,False,0.481,Moderate,24.9,33.3,242.6,0.205,0.474,0.905,Light rain detected - minor speed reduction advised
EVT417033,2026-02-11 09:39:00,Trade Fair,J023,Basavanagudi,12240,Weekday,False,Clear,False,0.0,False,False,0.953,Severe,10.7,68.4,310.5,0.152,0.352,0.926,Heavy congestion detected - signal timing extended and reroute suggested
EVT417034,2026-05-29 17:06:38,Sports Fixture,J030,MG Road,33298,Weekday,False,Fog,False,0.0,False,False,0.952,Severe,9.9,67.7,505.8,0.193,0.445,0.943,Heavy congestion detected - signal timing extended and reroute suggested
EVT417035,2025-06-12 09:13:46,Sports Fixture,J031,Cubbon Road,20326,Weekday,False,Light Rain,True,5.7,False,False,1.0,Severe,8.6,75.3,478.5,0.154,0.355,0.881,Heavy rain reducing visibility and grip - reduced speed and longer buffer advised
EVT417036,2025-11-22 17:30:47,Concert,J020,Malleshwaram Circle,19029,Weekend,False,Clear,False,0.0,False,False,0.931,Severe,7.7,68.3,831.5,0.25,0.577,0.918,Heavy congestion detected - signal timing extended and reroute suggested
EVT417037,2026-02-08 16:11:43,Trade Fair,J030,MG Road,7269,Weekend,False,Light Rain,True,3.9,False,False,0.579,High,21.6,44.3,260.9,0.165,0.38,0.91,Heavy rain reducing visibility and grip - reduced speed and longer buffer advised
EVT417038,2025-05-25 09:09:47,Local Market Day,J012,Koramangala Sony World,3688,Weekend,False,Clear,False,0.0,False,False,0.815,Severe,14.9,59.6,510.3,0.28,0.646,0.957,Heavy congestion detected - signal timing extended and reroute suggested
EVT417039,2026-02-02 05:19:14,Sports Fixture,J030,MG Road,23646,Weekday,False,Clear,False,0.0,False,False,0.265,Low,31.7,23.2,153.7,0.124,0.286,0.962,Moderate traffic flow - standard adaptive signal timing in effect
EVT417040,2026-04-14 14:48:49,Religious Festival,J030,MG Road,37886,Weekday,True,Clear,False,0.0,False,False,0.709,High,21.5,55.7,270.8,0.185,0.427,0.903,Festival crowd surge detected - alternate route and extended cycle recommended
EVT417041,2025-09-12 17:03:44,Concert,J040,City Market,12544,Weekday,False,Clear,False,0.0,False,False,0.759,Severe,17.2,55.4,229.9,0.145,0.335,0.951,Heavy congestion detected - signal timing extended and reroute suggested
EVT417042,2025-04-01 20:22:03,Trade Fair,J020,Malleshwaram Circle,7887,Weekday,False,Clear,False,0.0,False,False,0.59,High,25.5,36.6,239.4,0.167,0.385,0.953,Moderate traffic flow - standard adaptive signal timing in effect
EVT417043,2025-07-06 09:58:22,Sports Fixture,J011,Indiranagar 100ft Road,36354,Weekend,False,Light Rain,True,7.1,False,False,1.0,Severe,7.9,66.1,728.6,0.225,0.519,0.84,Heavy rain reducing visibility and grip - reduced speed and longer buffer advised
EVT417044,2025-11-24 17:07:59,Local Market Day,J012,Koramangala Sony World,4630,Weekday,False,Clear,False,0.0,False,False,0.701,High,16.3,51.5,300.8,0.197,0.454,0.955,Moderate traffic flow - standard adaptive signal timing in effect
EVT417045,2025-10-21 10:49:26,Religious Festival,J023,Basavanagudi,50297,Weekday,True,Clear,False,0.0,False,False,1.0,Severe,7.7,70.8,732.8,0.231,0.534,0.861,Festival crowd surge detected - alternate route and extended cycle recommended
EVT417046,2025-06-29 23:18:11,Concert,J023,Basavanagudi,6134,Weekend,False,Heavy Rain,True,39.3,False,False,0.527,Moderate,25.1,43.9,153.6,0.108,0.251,0.909,Light rain detected - minor speed reduction advised
EVT417047,2025-04-09 16:46:47,Sports Fixture,J012,Koramangala Sony World,42021,Weekday,False,Clear,False,0.0,False,False,0.883,Severe,12.4,63.7,409.4,0.198,0.458,0.967,Heavy congestion detected - signal timing extended and reroute suggested
EVT417048,2025-05-16 06:59:53,Concert,J012,Koramangala Sony World,11371,Weekday,False,Clear,False,0.0,False,False,0.476,Moderate,26.2,34.2,71.8,0.047,0.108,0.99,Moderate traffic flow - standard adaptive signal timing in effect
EVT417049,2025-08-25 19:26:12,Sports Fixture,J012,Koramangala Sony World,10765,Weekday,False,Heavy Rain,True,53.0,False,False,1.0,Severe,8.6,76.9,456.7,0.15,0.346,0.862,Heavy rain reducing visibility and grip - reduced speed and longer buffer advised
EVT417050,2025-02-05 07:51:48,Local Market Day,J030,MG Road,3787,Weekday,False,Light Rain,True,3.6,False,False,0.771,Severe,15.4,54.0,372.9,0.215,0.497,0.882,Heavy rain reducing visibility and grip - reduced speed and longer buffer advised
EVT417051,2025-06-30 05:54:23,Trade Fair,J023,Basavanagudi,7813,Weekday,False,Heavy Rain,True,48.5,False,False,0.561,High,21.3,39.1,263.3,0.173,0.399,0.902,Heavy rain reducing visibility and grip - reduced speed and longer buffer advised
EVT417052,2025-09-12 07:16:07,Sports Fixture,J023,Basavanagudi,35577,Weekday,False,Rain,True,11.6,False,False,0.821,Severe,16.3,56.0,374.4,0.208,0.479,0.905,Heavy rain reducing visibility and grip - reduced speed and longer buffer advised
EVT417053,2025-12-24 06:27:06,Political Rally,J020,Malleshwaram Circle,16889,Weekday,False,Clear,False,0.0,False,False,0.46,Moderate,24.5,39.1,215.5,0.155,0.359,0.978,Moderate traffic flow - standard adaptive signal timing in effect
EVT417054,2025-03-06 10:00:51,Sports Fixture,J009,Majestic,33306,Weekday,False,Clear,False,0.0,False,False,0.98,Severe,8.9,73.3,512.0,0.191,0.441,0.911,Heavy congestion detected - signal timing extended and reroute suggested
EVT417055,2025-09-09 14:22:08,Sports Fixture,J011,Indiranagar 100ft Road,29477,Weekday,False,Rain,True,11.3,False,False,0.474,Moderate,23.0,30.6,184.4,0.129,0.297,0.899,Light rain detected - minor speed reduction advised
EVT417056,2025-08-10 16:02:45,Sports Fixture,J031,Cubbon Road,20978,Weekend,False,Light Rain,True,3.7,True,False,0.962,Severe,9.9,66.1,176.8,0.08,0.184,0.721,Accident detected nearby - reroute and reduced speed advised
EVT417057,2025-04-22 19:47:15,Sports Fixture,J031,Cubbon Road,32727,Weekday,False,Rain,True,15.9,False,False,1.0,Severe,8.0,70.3,686.6,0.213,0.492,0.84,Heavy rain reducing visibility and grip - reduced speed and longer buffer advised
EVT417058,2025-07-29 09:25:26,Sports Fixture,J012,Koramangala Sony World,29985,Weekday,False,Fog,False,0.0,False,False,1.0,Severe,9.2,68.9,222.0,0.086,0.199,0.932,Heavy congestion detected - signal timing extended and reroute suggested
EVT417059,2025-09-06 10:41:20,Fireworks Display,J040,City Market,18771,Weekend,True,Rain,True,23.8,False,False,1.0,Severe,7.4,69.5,671.3,0.193,0.445,0.799,Festival crowd surge detected - alternate route and extended cycle recommended
EVT417060,2026-01-01 19:16:31,Religious Festival,J040,City Market,25539,Weekday,True,Light Rain,True,1.9,False,False,1.0,Severe,9.0,73.2,565.8,0.21,0.484,0.826,Festival crowd surge detected - alternate route and extended cycle recommended
EVT417061,2026-03-13 13:53:42,Local Market Day,J020,Malleshwaram Circle,6245,Weekday,False,Clear,False,0.0,False,False,0.247,Low,33.9,22.1,140.4,0.12,0.278,0.951,Normal free-flow traffic - standard signal timing maintained
EVT417062,2025-06-21 16:22:04,Local Market Day,J040,City Market,4588,Weekend,False,Clear,False,0.0,False,False,0.463,Moderate,29.0,36.0,116.7,0.085,0.196,0.965,Moderate traffic flow - standard adaptive signal timing in effect
EVT417063,2025-04-24 09:30:25,Local Market Day,J040,City Market,4264,Weekday,False,Fog,False,0.0,False,False,0.958,Severe,10.2,66.9,438.7,0.178,0.41,0.939,Heavy congestion detected - signal timing extended and reroute suggested
EVT417064,2025-03-27 09:51:09,Trade Fair,J009,Majestic,20320,Weekday,False,Clear,False,0.0,False,False,1.0,Severe,7.9,75.8,554.1,0.198,0.458,0.92,Heavy congestion detected - signal timing extended and reroute suggested
EVT417065,2025-07-01 10:48:24,Trade Fair,J012,Koramangala Sony World,5007,Weekday,False,Clear,False,0.0,False,False,0.505,Moderate,26.1,35.8,181.6,0.153,0.352,0.967,Moderate traffic flow - standard adaptive signal timing in effect
EVT417066,2025-09-20 19:29:18,Concert,J040,City Market,10911,Weekend,False,Clear,False,0.0,False,False,0.799,Severe,15.0,57.2,365.4,0.188,0.434,0.985,Heavy congestion detected - signal timing extended and reroute suggested
EVT417067,2026-02-20 10:18:53,Local Market Day,J011,Indiranagar 100ft Road,3988,Weekday,False,Clear,False,0.0,False,False,0.662,High,18.4,50.9,287.7,0.172,0.398,0.988,Moderate traffic flow - standard adaptive signal timing in effect
EVT417068,2026-05-10 17:17:53,Local Market Day,J020,Malleshwaram Circle,4753,Weekend,False,Clear,False,0.0,False,False,0.693,High,19.8,51.9,349.2,0.229,0.53,0.986,Moderate traffic flow - standard adaptive signal timing in effect
EVT417069,2025-01-10 19:51:03,Trade Fair,J009,Majestic,7774,Weekday,False,Clear,False,0.0,False,False,0.752,Severe,18.4,53.8,196.6,0.111,0.256,0.945,Heavy congestion detected - signal timing extended and reroute suggested
EVT417070,2025-01-24 09:16:37,Sports Fixture,J009,Majestic,20137,Weekday,False,Clear,False,0.0,False,False,1.0,Severe,9.3,70.8,587.9,0.213,0.493,0.898,Heavy congestion detected - signal timing extended and reroute suggested
EVT417071,2025-05-02 17:19:09,Religious Festival,J023,Basavanagudi,36464,Weekday,True,Rain,True,8.7,False,True,1.0,Severe,7.7,98.6,650.1,0.218,0.503,0.813,Road closure for event/procession - full detour recommended for through-traffic
EVT417072,2025-07-20 15:52:57,Political Rally,J011,Indiranagar 100ft Road,21032,Weekend,False,Rain,True,20.1,False,False,0.779,Severe,17.5,56.0,239.4,0.145,0.335,0.922,Heavy rain reducing visibility and grip - reduced speed and longer buffer advised
EVT417073,2025-10-25 11:34:41,Local Market Day,J020,Malleshwaram Circle,3840,Weekend,False,Heavy Rain,True,28.1,False,False,0.576,High,15.5,40.4,345.5,0.178,0.411,0.928,Heavy rain reducing visibility and grip - reduced speed and longer buffer advised
EVT417074,2025-08-21 05:37:30,Concert,J040,City Market,11262,Weekday,False,Heavy Rain,True,57.2,False,False,0.575,High,19.8,42.5,197.1,0.12,0.276,0.918,Heavy rain reducing visibility and grip - reduced speed and longer buffer advised
EVT417075,2026-01-03 11:05:55,Local Market Day,J011,Indiranagar 100ft Road,6612,Weekend,False,Light Rain,True,5.5,False,False,0.506,Moderate,29.0,36.9,177.0,0.151,0.349,0.911,Light rain detected - minor speed reduction advised
EVT417076,2025-07-20 14:22:33,Local Market Day,J040,City Market,3335,Weekend,False,Clear,False,0.0,False,False,0.252,Low,31.2,15.9,191.7,0.173,0.398,0.977,Moderate traffic flow - standard adaptive signal timing in effect
EVT417077,2026-05-03 22:34:36,Sports Fixture,J012,Koramangala Sony World,39071,Weekend,False,Clear,False,0.0,False,False,0.544,Moderate,22.7,35.9,165.3,0.119,0.274,0.974,Moderate traffic flow - standard adaptive signal timing in effect
EVT417078,2026-05-25 13:33:57,Concert,J040,City Market,16162,Weekday,False,Clear,False,0.0,False,False,0.197,Low,33.2,16.1,151.0,0.146,0.337,0.973,Normal free-flow traffic - standard signal timing maintained
EVT417079,2025-01-09 17:43:45,Sports Fixture,J023,Basavanagudi,16999,Weekday,False,Clear,False,0.0,False,False,0.986,Severe,9.7,68.7,545.8,0.216,0.5,0.914,Heavy congestion detected - signal timing extended and reroute suggested
EVT417080,2026-06-28 06:26:06,Political Rally,J030,MG Road,12237,Weekend,False,Clear,False,0.0,False,False,0.412,Moderate,30.8,29.7,203.4,0.179,0.414,0.977,Moderate traffic flow - standard adaptive signal timing in effect
EVT417081,2025-01-15 14:35:29,Religious Festival,J012,Koramangala Sony World,47287,Weekday,True,Clear,False,0.0,False,False,0.675,High,20.6,44.6,285.3,0.189,0.438,0.892,Festival crowd surge detected - alternate route and extended cycle recommended
EVT417082,2026-03-18 07:40:00,Sports Fixture,J011,Indiranagar 100ft Road,23994,Weekday,False,Clear,False,0.0,False,False,0.826,Severe,14.9,60.4,302.9,0.158,0.366,0.956,Heavy congestion detected - signal timing extended and reroute suggested
EVT417083,2025-05-16 09:01:48,Local Market Day,J011,Indiranagar 100ft Road,2137,Weekday,False,Clear,False,0.0,False,False,0.991,Severe,7.7,69.5,734.8,0.221,0.51,0.932,Heavy congestion detected - signal timing extended and reroute suggested
EVT417084,2025-12-29 15:57:12,Local Market Day,J030,MG Road,3883,Weekday,False,Clear,False,0.0,False,False,0.472,Moderate,25.1,35.1,143.3,0.098,0.226,0.99,Moderate traffic flow - standard adaptive signal timing in effect
EVT417085,2025-08-01 09:00:26,Political Rally,J012,Koramangala Sony World,15526,Weekday,False,Rain,True,15.8,False,False,1.0,Severe,5.9,70.3,336.6,0.102,0.236,0.878,Heavy rain reducing visibility and grip - reduced speed and longer buffer advised
EVT417086,2026-02-01 20:03:30,Trade Fair,J040,City Market,5914,Weekend,False,Fog,False,0.0,False,False,0.645,High,16.0,45.8,217.0,0.12,0.278,0.97,Moderate traffic flow - standard adaptive signal timing in effect
EVT417087,2025-08-09 22:43:24,Trade Fair,J040,City Market,5724,Weekend,False,Heavy Rain,True,31.6,False,False,0.566,High,28.4,46.2,169.9,0.147,0.34,0.916,Heavy rain reducing visibility and grip - reduced speed and longer buffer advised
EVT417088,2025-05-05 17:35:12,Concert,J031,Cubbon Road,15217,Weekday,False,Clear,False,0.0,False,False,1.0,Severe,10.1,71.3,271.4,0.111,0.257,0.889,Heavy congestion detected - signal timing extended and reroute suggested
EVT417089,2025-08-22 17:26:21,Local Market Day,J040,City Market,2458,Weekday,False,Clear,False,0.0,False,False,0.817,Severe,12.5,51.0,221.5,0.117,0.27,0.981,Heavy congestion detected - signal timing extended and reroute suggested
EVT417090,2026-04-24 09:14:22,Political Rally,J030,MG Road,13873,Weekday,False,Clear,False,0.0,False,False,1.0,Severe,8.0,73.2,454.4,0.159,0.366,0.912,Heavy congestion detected - signal timing extended and reroute suggested
EVT417091,2025-08-03 19:44:37,Local Market Day,J009,Majestic,7352,Weekend,False,Heavy Rain,True,73.5,False,False,1.0,Severe,7.9,71.9,621.2,0.189,0.438,0.853,Heavy rain reducing visibility and grip - reduced speed and longer buffer advised
EVT417092,2025-10-09 09:01:52,Sports Fixture,J020,Malleshwaram Circle,12574,Weekday,False,Clear,False,0.0,False,False,1.0,Severe,7.6,69.6,504.4,0.151,0.348,0.915,Heavy congestion detected - signal timing extended and reroute suggested
EVT417093,2026-01-11 17:10:35,Local Market Day,J012,Koramangala Sony World,4408,Weekend,False,Clear,False,0.0,False,False,0.667,High,18.9,49.3,237.8,0.141,0.325,0.959,Moderate traffic flow - standard adaptive signal timing in effect
EVT417094,2025-06-04 08:20:56,Local Market Day,J023,Basavanagudi,4271,Weekday,False,Clear,False,0.0,False,False,0.905,Severe,12.8,68.6,226.9,0.091,0.21,0.954,Heavy congestion detected - signal timing extended and reroute suggested
EVT417095,2025-08-28 19:20:02,Religious Festival,J009,Majestic,28184,Weekday,True,Clear,False,0.0,False,False,1.0,Severe,8.2,77.4,505.0,0.185,0.428,0.871,Festival crowd surge detected - alternate route and extended cycle recommended
EVT417096,2025-07-01 11:44:01,Local Market Day,J030,MG Road,3039,Weekday,False,Clear,False,0.0,False,False,0.289,Low,34.0,18.2,100.4,0.097,0.225,0.969,Moderate traffic flow - standard adaptive signal timing in effect
EVT417097,2025-02-14 12:40:58,Local Market Day,J030,MG Road,4659,Weekday,False,Clear,False,0.0,False,False,0.188,Low,28.7,12.6,117.4,0.092,0.213,0.956,Normal free-flow traffic - standard signal timing maintained
EVT417098,2025-02-04 13:48:39,Concert,J023,Basavanagudi,13577,Weekday,False,Clear,False,0.0,False,False,0.332,Low,31.8,25.9,156.4,0.122,0.282,0.946,Moderate traffic flow - standard adaptive signal timing in effect
EVT417099,2026-03-18 18:25:19,Political Rally,J009,Majestic,9983,Weekday,False,Clear,False,0.0,False,False,0.988,Severe,6.8,76.4,672.2,0.183,0.422,0.896,Heavy congestion detected - signal timing extended and reroute suggested
EVT417100,2026-01-29 17:45:08,Local Market Day,J023,Basavanagudi,5865,Weekday,False,Clear,False,0.0,False,False,0.976,Severe,6.5,71.4,840.3,0.219,0.506,0.9,Heavy congestion detected - signal timing extended and reroute suggested
EVT417101,2025-04-15 07:36:27,Cultural Procession,J009,Majestic,13625,Weekday,True,Rain,True,7.6,False,True,1.0,Severe,10.5,94.4,732.8,0.294,0.679,0.787,Road closure for event/procession - full detour recommended for through-traffic
EVT417102,2025-06-14 21:06:00,Local Market Day,J040,City Market,3080,Weekend,False,Fog,False,0.0,False,False,0.452,Moderate,28.5,27.3,151.5,0.125,0.29,0.99,Moderate traffic flow - standard adaptive signal timing in effect
EVT417103,2025-12-26 20:27:53,Cultural Procession,J020,Malleshwaram Circle,22098,Weekday,True,Clear,False,0.0,False,False,0.975,Severe,9.2,73.5,462.6,0.185,0.428,0.847,Festival crowd surge detected - alternate route and extended cycle recommended
EVT417104,2025-09-09 16:53:56,Trade Fair,J011,Indiranagar 100ft Road,11663,Weekday,False,Clear,False,0.0,False,False,0.708,High,19.1,53.2,192.3,0.128,0.295,0.942,Moderate traffic flow - standard adaptive signal timing in effect
EVT417105,2026-06-15 08:35:51,Sports Fixture,J040,City Market,28263,Weekday,False,Heavy Rain,True,85.6,False,False,1.0,Severe,9.2,71.2,304.9,0.113,0.262,0.837,Heavy rain reducing visibility and grip - reduced speed and longer buffer advised
EVT417106,2025-10-14 20:53:03,Trade Fair,J040,City Market,10245,Weekday,False,Clear,False,0.0,False,False,0.434,Moderate,31.5,31.1,66.6,0.039,0.091,0.959,Moderate traffic flow - standard adaptive signal timing in effect
EVT417107,2025-11-28 19:09:34,Sports Fixture,J030,MG Road,24500,Weekday,False,Clear,False,0.0,False,False,0.995,Severe,7.8,77.9,520.1,0.177,0.408,0.901,Heavy congestion detected - signal timing extended and reroute suggested
EVT417108,2025-01-24 18:56:42,Concert,J020,Malleshwaram Circle,13668,Weekday,False,Clear,False,0.0,False,False,1.0,Severe,7.7,70.4,660.7,0.214,0.495,0.913,Heavy congestion detected - signal timing extended and reroute suggested
EVT417109,2025-09-20 20:21:06,Sports Fixture,J009,Majestic,30038,Weekend,False,Clear,False,0.0,False,False,0.677,High,19.0,50.4,377.4,0.238,0.55,0.963,Moderate traffic flow - standard adaptive signal timing in effect
EVT417110,2026-01-15 03:37:54,Cultural Procession,J012,Koramangala Sony World,19742,Weekday,True,Clear,False,0.0,False,True,0.677,Moderate,21.2,67.0,229.3,0.159,0.366,0.909,Road closure for event/procession - full detour recommended for through-traffic
EVT417111,2026-02-18 11:46:12,Sports Fixture,J031,Cubbon Road,17783,Weekday,False,Clear,False,0.0,False,False,0.394,Moderate,32.8,32.9,109.9,0.1,0.232,0.968,Moderate traffic flow - standard adaptive signal timing in effect
EVT417112,2025-12-17 19:14:59,Local Market Day,J012,Koramangala Sony World,4548,Weekday,False,Clear,False,0.0,False,False,0.983,Severe,11.4,75.2,479.9,0.229,0.528,0.907,Heavy congestion detected - signal timing extended and reroute suggested
EVT417113,2026-02-04 17:08:57,Concert,J030,MG Road,13444,Weekday,False,Clear,False,0.0,False,False,0.777,Severe,13.9,59.9,312.3,0.167,0.386,0.944,Heavy congestion detected - signal timing extended and reroute suggested
EVT417114,2026-05-16 10:16:47,Concert,J020,Malleshwaram Circle,11257,Weekend,False,Clear,False,0.0,False,False,0.684,High,16.7,50.6,394.3,0.199,0.46,0.989,Moderate traffic flow - standard adaptive signal timing in effect
EVT417115,2026-03-06 19:06:46,Sports Fixture,J011,Indiranagar 100ft Road,22533,Weekday,False,Clear,False,0.0,False,False,1.0,Severe,8.7,75.0,695.2,0.273,0.632,0.878,Heavy congestion detected - signal timing extended and reroute suggested
EVT417116,2025-11-04 14:10:01,Concert,J020,Malleshwaram Circle,10453,Weekday,False,Rain,True,16.6,True,False,0.791,Severe,16.0,60.9,224.5,0.14,0.323,0.721,Accident detected nearby - reroute and reduced speed advised
EVT417117,2026-06-16 23:08:05,Concert,J011,Indiranagar 100ft Road,17110,Weekday,False,Rain,True,18.7,False,False,0.479,Moderate,21.7,34.7,216.6,0.117,0.27,0.939,Light rain detected - minor speed reduction advised
EVT417118,2026-03-26 11:26:31,Fireworks Display,J031,Cubbon Road,16396,Weekday,True,Clear,False,0.0,False,False,0.631,High,23.2,38.5,162.9,0.118,0.274,0.915,Festival crowd surge detected - alternate route and extended cycle recommended
EVT417119,2025-04-19 18:26:12,Local Market Day,J009,Majestic,3579,Weekend,False,Clear,False,0.0,False,False,0.784,Severe,13.2,57.0,461.9,0.193,0.447,0.938,Heavy congestion detected - signal timing extended and reroute suggested
EVT417120,2025-06-29 13:48:04,Trade Fair,J009,Majestic,4626,Weekend,False,Clear,False,0.0,False,False,0.367,Moderate,25.5,23.7,103.0,0.082,0.19,0.981,Moderate traffic flow - standard adaptive signal timing in effect
EVT417121,2026-06-23 23:28:02,Concert,J020,Malleshwaram Circle,9450,Weekday,False,Clear,False,0.0,False,False,0.188,Low,26.9,9.8,148.6,0.123,0.285,0.969,Normal free-flow traffic - standard signal timing maintained
EVT417122,2026-01-14 08:38:21,Religious Festival,J012,Koramangala Sony World,47870,Weekday,True,Clear,False,0.0,False,False,1.0,Severe,7.3,67.0,327.8,0.113,0.26,0.853,Festival crowd surge detected - alternate route and extended cycle recommended
EVT417123,2025-08-19 13:33:30,Sports Fixture,J023,Basavanagudi,18297,Weekday,False,Fog,False,0.0,False,False,0.21,Low,34.0,11.1,224.5,0.194,0.447,0.98,Normal free-flow traffic - standard signal timing maintained
EVT417124,2025-08-27 17:50:41,Religious Festival,J020,Malleshwaram Circle,63479,Weekday,True,Clear,False,0.0,False,True,1.0,Severe,11.1,97.8,427.0,0.194,0.448,0.834,Road closure for event/procession - full detour recommended for through-traffic
EVT417125,2026-05-07 21:04:33,Local Market Day,J020,Malleshwaram Circle,3023,Weekday,False,Rain,True,11.6,False,False,0.527,Moderate,23.2,43.0,168.0,0.114,0.263,0.936,Light rain detected - minor speed reduction advised
EVT417126,2026-06-17 19:36:20,Trade Fair,J009,Majestic,13771,Weekday,False,Heavy Rain,True,43.4,False,False,1.0,Severe,10.4,68.7,358.5,0.167,0.386,0.867,Heavy rain reducing visibility and grip - reduced speed and longer buffer advised
EVT417127,2025-05-29 17:54:50,Sports Fixture,J012,Koramangala Sony World,19352,Weekday,False,Clear,False,0.0,False,False,1.0,Severe,6.3,70.2,822.6,0.217,0.5,0.936,Heavy congestion detected - signal timing extended and reroute suggested
EVT417128,2025-03-16 09:07:27,Local Market Day,J011,Indiranagar 100ft Road,3787,Weekend,False,Fog,False,0.0,False,False,0.878,Severe,12.7,70.0,449.7,0.218,0.503,0.941,Heavy congestion detected - signal timing extended and reroute suggested
EVT417129,2025-10-05 19:56:55,Local Market Day,J020,Malleshwaram Circle,4233,Weekend,False,Heavy Rain,True,60.6,False,False,1.0,Severe,9.3,70.0,496.9,0.168,0.389,0.88,Heavy rain reducing visibility and grip - reduced speed and longer buffer advised
EVT417130,2025-08-22 07:04:07,Local Market Day,J040,City Market,2196,Weekday,False,Clear,False,0.0,False,False,0.426,Moderate,26.8,32.5,262.7,0.217,0.501,0.98,Moderate traffic flow - standard adaptive signal timing in effect
EVT417131,2025-03-25 09:11:00,Trade Fair,J020,Malleshwaram Circle,16747,Weekday,False,Clear,False,0.0,False,False,1.0,Severe,6.7,68.9,722.4,0.194,0.447,0.906,Heavy congestion detected - signal timing extended and reroute suggested
EVT417132,2025-05-18 21:49:18,Concert,J011,Indiranagar 100ft Road,11208,Weekend,False,Clear,False,0.0,False,False,0.392,Moderate,26.6,29.9,196.6,0.142,0.329,0.973,Moderate traffic flow - standard adaptive signal timing in effect
EVT417133,2025-05-04 05:45:36,Concert,J012,Koramangala Sony World,9934,Weekend,False,Clear,False,0.0,False,False,0.299,Low,27.7,24.1,161.3,0.123,0.284,0.955,Moderate traffic flow - standard adaptive signal timing in effect
EVT417134,2026-05-28 18:31:26,Trade Fair,J020,Malleshwaram Circle,10095,Weekday,False,Clear,False,0.0,False,False,1.0,Severe,9.6,75.0,422.8,0.148,0.343,0.93,Heavy congestion detected - signal timing extended and reroute suggested
EVT417135,2025-10-14 16:58:47,Concert,J020,Malleshwaram Circle,10285,Weekday,False,Clear,False,0.0,False,False,0.712,High,18.2,47.6,373.9,0.251,0.579,0.985,Moderate traffic flow - standard adaptive signal timing in effect
EVT417136,2025-11-20 08:25:11,Sports Fixture,J040,City Market,39203,Weekday,False,Light Rain,True,4.9,True,False,1.0,Severe,9.0,68.1,339.5,0.151,0.349,0.707,Accident detected nearby - reroute and reduced speed advised
EVT417137,2026-03-28 13:35:58,Sports Fixture,J023,Basavanagudi,13923,Weekend,False,Clear,False,0.0,False,False,0.354,Moderate,29.3,25.1,250.7,0.215,0.498,0.975,Moderate traffic flow - standard adaptive signal timing in effect
EVT417138,2025-03-31 11:06:16,Cultural Procession,J031,Cubbon Road,22322,Weekday,True,Clear,False,0.0,False,True,0.892,High,10.7,86.4,577.4,0.241,0.557,0.85,Road closure for event/procession - full detour recommended for through-traffic
EVT417139,2025-05-11 17:32:44,Trade Fair,J009,Majestic,6434,Weekend,False,Heavy Rain,True,32.1,False,False,1.0,Severe,7.8,73.0,519.9,0.176,0.407,0.841,Heavy rain reducing visibility and grip - reduced speed and longer buffer advised
EVT417140,2026-05-18 18:34:58,Sports Fixture,J011,Indiranagar 100ft Road,25131,Weekday,False,Clear,False,0.0,False,False,1.0,Severe,8.7,71.8,633.2,0.235,0.543,0.906,Heavy congestion detected - signal timing extended and reroute suggested
EVT417141,2025-12-10 18:19:09,Local Market Day,J031,Cubbon Road,2811,Weekday,False,Clear,False,0.0,False,False,1.0,Severe,8.6,73.6,662.5,0.239,0.552,0.911,Heavy congestion detected - signal timing extended and reroute suggested
EVT417142,2025-07-25 09:15:07,Local Market Day,J011,Indiranagar 100ft Road,2709,Weekday,False,Clear,False,0.0,False,False,0.998,Severe,9.3,73.7,601.1,0.241,0.557,0.889,Heavy congestion detected - signal timing extended and reroute suggested
EVT417143,2026-05-17 07:17:12,Concert,J020,Malleshwaram Circle,12872,Weekend,False,Clear,False,0.0,False,False,0.584,High,28.5,42.7,129.4,0.095,0.218,0.977,Moderate traffic flow - standard adaptive signal timing in effect
EVT417144,2026-01-18 09:54:45,Political Rally,J012,Koramangala Sony World,17902,Weekend,False,Clear,False,0.0,False,False,0.787,Severe,13.6,53.9,432.9,0.21,0.484,0.95,Heavy congestion detected - signal timing extended and reroute suggested
EVT417145,2026-01-19 20:28:14,Concert,J023,Basavanagudi,9549,Weekday,False,Clear,False,0.0,False,False,0.644,High,21.4,44.9,180.5,0.129,0.297,0.953,Moderate traffic flow - standard adaptive signal timing in effect
EVT417146,2025-02-24 15:46:57,Sports Fixture,J023,Basavanagudi,22599,Weekday,False,Clear,False,0.0,False,False,0.535,Moderate,23.4,38.5,252.4,0.167,0.385,0.987,Moderate traffic flow - standard adaptive signal timing in effect
EVT417147,2025-04-20 08:12:05,Concert,J031,Cubbon Road,6137,Weekend,False,Fog,False,0.0,False,False,0.717,High,17.4,49.0,408.6,0.227,0.524,0.969,Moderate traffic flow - standard adaptive signal timing in effect
EVT417148,2025-06-03 10:08:07,Sports Fixture,J031,Cubbon Road,31912,Weekday,False,Heavy Rain,True,41.8,False,False,1.0,Severe,7.8,71.3,751.3,0.242,0.558,0.864,Heavy rain reducing visibility and grip - reduced speed and longer buffer advised
EVT417149,2025-07-15 09:24:12,Local Market Day,J012,Koramangala Sony World,3418,Weekday,False,Heavy Rain,True,53.0,False,False,1.0,Severe,10.0,70.4,607.5,0.246,0.568,0.841,Heavy rain reducing visibility and grip - reduced speed and longer buffer advised
EVT417150,2026-03-21 22:04:29,Sports Fixture,J011,Indiranagar 100ft Road,17606,Weekend,False,Clear,False,0.0,False,False,0.359,Moderate,28.9,30.8,138.2,0.1,0.231,0.973,Moderate traffic flow - standard adaptive signal timing in effect
EVT417151,2025-06-13 02:20:41,Sports Fixture,J012,Koramangala Sony World,26155,Weekday,False,Rain,True,16.0,False,False,0.584,High,24.5,37.5,180.6,0.109,0.253,0.906,Heavy rain reducing visibility and grip - reduced speed and longer buffer advised
EVT417152,2025-11-21 11:18:41,Concert,J031,Cubbon Road,9774,Weekday,False,Clear,False,0.0,False,False,0.459,Moderate,22.4,32.3,194.9,0.115,0.266,0.973,Moderate traffic flow - standard adaptive signal timing in effect
EVT417153,2026-01-24 10:40:27,Trade Fair,J040,City Market,5334,Weekend,False,Clear,False,0.0,False,False,0.51,Moderate,22.4,41.1,115.6,0.069,0.159,0.989,Moderate traffic flow - standard adaptive signal timing in effect
EVT417154,2025-03-02 10:10:46,Sports Fixture,J030,MG Road,18711,Weekend,False,Clear,False,0.0,False,False,0.721,High,17.5,53.8,182.5,0.098,0.226,0.99,Moderate traffic flow - standard adaptive signal timing in effect
EVT417155,2026-03-26 19:55:40,Religious Festival,J030,MG Road,30911,Weekday,True,Clear,False,0.0,False,False,1.0,Severe,6.3,78.5,654.2,0.176,0.406,0.89,Festival crowd surge detected - alternate route and extended cycle recommended
EVT417156,2025-08-15 23:26:40,Religious Festival,J030,MG Road,66760,Weekday,True,Clear,False,0.0,False,False,0.827,Severe,12.8,55.8,475.8,0.223,0.515,0.896,Festival crowd surge detected - alternate route and extended cycle recommended
EVT417157,2026-01-16 14:19:15,Trade Fair,J020,Malleshwaram Circle,8733,Weekday,False,Clear,False,0.0,False,False,0.257,Low,32.2,22.8,164.6,0.14,0.324,0.964,Moderate traffic flow - standard adaptive signal timing in effect
EVT417158,2026-03-02 17:28:33,Concert,J012,Koramangala Sony World,7268,Weekday,False,Clear,False,0.0,False,False,0.916,Severe,10.4,64.1,558.0,0.215,0.497,0.954,Heavy congestion detected - signal timing extended and reroute suggested
EVT417159,2025-09-28 09:13:06,Local Market Day,J009,Majestic,6312,Weekend,False,Clear,False,0.0,False,False,0.821,Severe,15.8,58.7,229.4,0.132,0.305,0.965,Heavy congestion detected - signal timing extended and reroute suggested
EVT417160,2026-04-26 19:25:44,Trade Fair,J009,Majestic,16406,Weekend,False,Clear,False,0.0,False,False,0.822,Severe,15.9,62.6,290.7,0.15,0.346,0.95,Heavy congestion detected - signal timing extended and reroute suggested
EVT417161,2025-11-12 05:45:11,Concert,J011,Indiranagar 100ft Road,17547,Weekday,False,Clear,False,0.0,False,False,0.257,Low,28.4,14.4,194.2,0.136,0.315,0.96,Moderate traffic flow - standard adaptive signal timing in effect
EVT417162,2025-08-04 19:03:55,Local Market Day,J011,Indiranagar 100ft Road,5349,Weekday,False,Clear,False,0.0,False,False,0.923,Severe,10.3,63.0,697.4,0.275,0.634,0.938,Heavy congestion detected - signal timing extended and reroute suggested
EVT417163,2025-12-21 06:34:19,Trade Fair,J012,Koramangala Sony World,3959,Weekend,False,Clear,False,0.0,False,False,0.328,Low,30.2,27.3,236.3,0.212,0.49,0.985,Moderate traffic flow - standard adaptive signal timing in effect
EVT417164,2025-11-26 15:10:42,Political Rally,J023,Basavanagudi,16114,Weekday,False,Fog,False,0.0,False,False,0.331,Low,32.9,22.8,104.1,0.091,0.21,0.976,Moderate traffic flow - standard adaptive signal timing in effect
EVT417165,2025-03-18 15:37:33,Sports Fixture,J030,MG Road,28196,Weekday,False,Clear,False,0.0,False,False,0.49,Moderate,30.7,32.8,181.9,0.17,0.393,0.945,Moderate traffic flow - standard adaptive signal timing in effect
EVT417166,2025-03-01 21:38:37,Local Market Day,J011,Indiranagar 100ft Road,3103,Weekend,False,Clear,False,0.0,False,False,0.369,Moderate,28.3,26.3,127.7,0.106,0.245,0.932,Moderate traffic flow - standard adaptive signal timing in effect
EVT417167,2026-06-26 08:23:04,Trade Fair,J012,Koramangala Sony World,16330,Weekday,False,Clear,False,0.0,False,False,1.0,Severe,7.7,73.3,827.0,0.265,0.611,0.895,Heavy congestion detected - signal timing extended and reroute suggested
EVT417168,2026-05-21 16:49:54,Local Market Day,J031,Cubbon Road,2709,Weekday,False,Clear,False,0.0,False,False,0.699,High,19.9,52.0,224.3,0.143,0.329,0.961,Moderate traffic flow - standard adaptive signal timing in effect
EVT417169,2025-03-11 19:01:40,Trade Fair,J011,Indiranagar 100ft Road,8280,Weekday,False,Clear,False,0.0,False,False,0.993,Severe,10.8,75.4,485.6,0.217,0.502,0.936,Heavy congestion detected - signal timing extended and reroute suggested
EVT417170,2025-04-27 14:25:15,Local Market Day,J030,MG Road,3694,Weekend,False,Clear,False,0.0,False,False,0.29,Low,30.6,17.4,140.2,0.115,0.266,0.98,Moderate traffic flow - standard adaptive signal timing in effect
EVT417171,2025-09-15 16:42:51,Concert,J040,City Market,10881,Weekday,False,Clear,False,0.0,False,False,0.674,High,18.6,47.7,450.2,0.287,0.662,0.99,Moderate traffic flow - standard adaptive signal timing in effect
EVT417172,2025-04-20 19:02:24,Concert,J023,Basavanagudi,16086,Weekend,False,Clear,False,0.0,False,False,0.945,Severe,12.1,70.5,281.1,0.148,0.342,0.923,Heavy congestion detected - signal timing extended and reroute suggested
EVT417173,2025-03-16 10:11:17,Local Market Day,J030,MG Road,2714,Weekend,False,Clear,False,0.0,False,False,0.672,High,18.2,47.8,211.3,0.118,0.273,0.99,Moderate traffic flow - standard adaptive signal timing in effect
EVT417174,2025-07-16 12:43:08,Sports Fixture,J012,Koramangala Sony World,14391,Weekday,False,Clear,False,0.0,False,False,0.192,Low,31.7,9.5,131.0,0.104,0.241,0.983,Normal free-flow traffic - standard signal timing maintained
EVT417175,2025-05-02 19:31:59,Cultural Procession,J020,Malleshwaram Circle,19833,Weekday,True,Clear,False,0.0,False,False,1.0,Severe,7.5,75.3,666.3,0.189,0.436,0.872,Festival crowd surge detected - alternate route and extended cycle recommended
EVT417176,2026-05-15 09:43:02,Political Rally,J023,Basavanagudi,12755,Weekday,False,Heavy Rain,True,25.4,False,False,1.0,Severe,8.0,72.5,558.7,0.193,0.446,0.856,Heavy rain reducing visibility and grip - reduced speed and longer buffer advised
EVT417177,2026-01-22 19:07:33,Concert,J012,Koramangala Sony World,7025,Weekday,False,Clear,False,0.0,False,False,1.0,Severe,9.3,76.0,726.1,0.255,0.589,0.909,Heavy congestion detected - signal timing extended and reroute suggested
EVT417178,2026-06-03 08:29:50,Local Market Day,J030,MG Road,9456,Weekday,False,Clear,False,0.0,False,False,0.979,Severe,8.7,68.0,613.3,0.214,0.494,0.937,Heavy congestion detected - signal timing extended and reroute suggested
EVT417179,2026-03-08 07:51:49,Concert,J009,Majestic,12209,Weekend,False,Clear,False,0.0,False,False,0.718,High,19.6,51.9,315.6,0.218,0.504,0.954,Moderate traffic flow - standard adaptive signal timing in effect
EVT417180,2025-01-12 18:43:54,Trade Fair,J030,MG Road,9072,Weekend,False,Clear,False,0.0,False,False,0.927,Severe,8.2,64.4,379.4,0.142,0.329,0.92,Heavy congestion detected - signal timing extended and reroute suggested
EVT417181,2025-11-06 22:03:00,Sports Fixture,J031,Cubbon Road,25950,Weekday,False,Clear,False,0.0,False,False,0.37,Moderate,25.8,30.7,186.4,0.111,0.257,0.962,Moderate traffic flow - standard adaptive signal timing in effect
EVT417182,2025-06-10 04:44:18,Sports Fixture,J023,Basavanagudi,14319,Weekday,False,Clear,False,0.0,False,False,0.183,Low,32.4,13.7,112.1,0.083,0.192,0.964,Normal free-flow traffic - standard signal timing maintained
EVT417183,2025-04-05 20:24:16,Trade Fair,J011,Indiranagar 100ft Road,5228,Weekend,False,Clear,False,0.0,False,False,0.59,High,24.2,45.4,180.6,0.135,0.311,0.963,Moderate traffic flow - standard adaptive signal timing in effect
EVT417184,2026-04-27 07:32:47,Sports Fixture,J009,Majestic,29081,Weekday,False,Clear,False,0.0,False,False,0.759,Severe,15.1,58.2,229.8,0.114,0.263,0.975,Heavy congestion detected - signal timing extended and reroute suggested
EVT417185,2025-02-02 19:12:48,Sports Fixture,J023,Basavanagudi,25916,Weekend,False,Clear,False,0.0,False,False,0.87,Severe,11.1,68.7,254.5,0.121,0.279,0.939,Heavy congestion detected - signal timing extended and reroute suggested
EVT417186,2025-08-23 11:27:27,Sports Fixture,J009,Majestic,23034,Weekend,False,Clear,False,0.0,False,False,0.533,Moderate,22.5,39.0,290.6,0.211,0.489,0.929,Moderate traffic flow - standard adaptive signal timing in effect
EVT417187,2026-04-21 18:22:55,Local Market Day,J030,MG Road,2937,Weekday,False,Clear,False,0.0,False,False,0.98,Severe,8.3,68.9,828.7,0.267,0.616,0.901,Heavy congestion detected - signal timing extended and reroute suggested
EVT417188,2025-06-03 08:32:20,Local Market Day,J011,Indiranagar 100ft Road,3252,Weekday,False,Clear,False,0.0,False,False,0.933,Severe,11.9,64.1,554.4,0.248,0.572,0.931,Heavy congestion detected - signal timing extended and reroute suggested
EVT417189,2025-02-16 15:34:22,Local Market Day,J040,City Market,3462,Weekend,False,Clear,False,0.0,False,False,0.405,Moderate,25.4,31.9,279.8,0.201,0.465,0.953,Moderate traffic flow - standard adaptive signal timing in effect
EVT417190,2025-12-24 08:01:50,Sports Fixture,J023,Basavanagudi,25158,Weekday,False,Clear,False,0.0,False,False,0.965,Severe,11.1,66.2,410.8,0.193,0.446,0.936,Heavy congestion detected - signal timing extended and reroute suggested
EVT417191,2025-04-06 13:34:52,Religious Festival,J040,City Market,54594,Weekend,True,Clear,False,0.0,False,False,0.795,Severe,13.9,61.7,341.8,0.171,0.396,0.94,Festival crowd surge detected - alternate route and extended cycle recommended
EVT417192,2025-04-08 07:44:45,Trade Fair,J030,MG Road,8425,Weekday,False,Fog,False,0.0,False,False,0.768,Severe,16.4,52.0,120.0,0.072,0.166,0.937,Heavy congestion detected - signal timing extended and reroute suggested
EVT417193,2025-07-02 19:46:52,Trade Fair,J040,City Market,12444,Weekday,False,Clear,False,0.0,False,False,0.826,Severe,11.7,58.1,368.5,0.149,0.344,0.925,Heavy congestion detected - signal timing extended and reroute suggested
EVT417194,2025-03-01 18:41:40,Sports Fixture,J012,Koramangala Sony World,33448,Weekend,False,Clear,False,0.0,False,False,1.0,Severe,7.6,72.6,835.4,0.254,0.587,0.929,Heavy congestion detected - signal timing extended and reroute suggested
EVT417195,2026-03-16 17:16:27,Local Market Day,J040,City Market,2276,Weekday,False,Clear,False,0.0,False,False,0.736,High,18.4,47.0,243.5,0.16,0.37,0.99,Moderate traffic flow - standard adaptive signal timing in effect
EVT417196,2025-10-07 10:23:30,Political Rally,J020,Malleshwaram Circle,22816,Weekday,False,Clear,False,0.0,False,False,0.769,Severe,15.8,51.4,340.4,0.187,0.432,0.976,Heavy congestion detected - signal timing extended and reroute suggested
EVT417197,2025-03-17 18:49:41,Sports Fixture,J031,Cubbon Road,33677,Weekday,False,Clear,False,0.0,False,False,1.0,Severe,8.5,64.2,522.3,0.198,0.458,0.948,Heavy congestion detected - signal timing extended and reroute suggested
EVT417198,2026-01-23 17:10:45,Trade Fair,J011,Indiranagar 100ft Road,11234,Weekday,False,Clear,False,0.0,False,False,0.892,Severe,13.7,60.9,463.4,0.251,0.579,0.915,Heavy congestion detected - signal timing extended and reroute suggested
EVT417199,2025-03-17 11:42:54,Political Rally,J020,Malleshwaram Circle,27997,Weekday,False,Clear,False,0.0,False,False,0.467,Moderate,24.3,35.5,170.1,0.095,0.218,0.983,Moderate traffic flow - standard adaptive signal timing in effect
EVT417200,2025-08-28 11:25:58,Religious Festival,J031,Cubbon Road,59158,Weekday,True,Clear,False,0.0,False,True,1.0,Severe,10.2,102.6,529.1,0.236,0.545,0.844,Road closure for event/procession - full detour recommended for through-traffic
EVT417201,2025-07-14 13:53:33,Trade Fair,J020,Malleshwaram Circle,11578,Weekday,False,Clear,False,0.0,False,False,0.267,Low,27.3,19.8,237.7,0.165,0.38,0.967,Moderate traffic flow - standard adaptive signal timing in effect
EVT417202,2025-01-04 07:34:12,Concert,J040,City Market,18165,Weekend,False,Clear,False,0.0,False,False,0.662,High,21.0,50.2,232.9,0.137,0.316,0.968,Moderate traffic flow - standard adaptive signal timing in effect
EVT417203,2025-08-05 20:14:52,Sports Fixture,J030,MG Road,25273,Weekday,False,Clear,False,0.0,False,False,0.739,High,12.2,50.8,435.5,0.196,0.452,0.959,Moderate traffic flow - standard adaptive signal timing in effect
EVT417204,2025-07-18 11:04:30,Trade Fair,J023,Basavanagudi,10856,Weekday,False,Clear,False,0.0,False,False,0.465,Moderate,31.0,37.6,258.2,0.234,0.541,0.98,Moderate traffic flow - standard adaptive signal timing in effect
EVT417205,2026-06-23 19:29:34,Local Market Day,J020,Malleshwaram Circle,3255,Weekday,False,Heavy Rain,True,34.9,False,False,1.0,Severe,9.9,69.3,349.7,0.153,0.353,0.876,Heavy rain reducing visibility and grip - reduced speed and longer buffer advised
EVT417206,2026-06-07 18:40:36,Sports Fixture,J011,Indiranagar 100ft Road,18149,Weekend,False,Clear,False,0.0,False,False,0.927,Severe,11.5,67.1,636.2,0.282,0.652,0.953,Heavy congestion detected - signal timing extended and reroute suggested
EVT417207,2025-03-24 07:52:56,Local Market Day,J030,MG Road,4322,Weekday,False,Clear,False,0.0,False,False,0.649,High,20.2,44.8,292.6,0.175,0.404,0.951,Moderate traffic flow - standard adaptive signal timing in effect
EVT417208,2026-05-14 10:37:03,Concert,J009,Majestic,14271,Weekday,False,Clear,False,0.0,False,False,0.636,High,24.9,47.2,238.9,0.184,0.424,0.986,Moderate traffic flow - standard adaptive signal timing in effect
EVT417209,2026-05-02 16:22:33,Cultural Procession,J040,City Market,15604,Weekend,True,Clear,False,0.0,False,False,0.797,Severe,16.4,52.3,179.6,0.098,0.227,0.884,Festival crowd surge detected - alternate route and extended cycle recommended
EVT417210,2025-07-17 21:03:12,Concert,J012,Koramangala Sony World,13114,Weekday,False,Clear,False,0.0,False,False,0.501,Moderate,25.1,37.6,157.7,0.127,0.292,0.961,Moderate traffic flow - standard adaptive signal timing in effect
EVT417211,2026-04-09 12:18:16,Trade Fair,J030,MG Road,18714,Weekday,False,Clear,False,0.0,False,False,0.417,Moderate,21.7,30.9,242.6,0.146,0.337,0.934,Moderate traffic flow - standard adaptive signal timing in effect
EVT417212,2025-03-02 06:53:51,Concert,J009,Majestic,17678,Weekend,False,Clear,False,0.0,False,False,0.468,Moderate,28.7,32.9,169.8,0.132,0.304,0.974,Moderate traffic flow - standard adaptive signal timing in effect
EVT417213,2025-07-09 06:08:44,Trade Fair,J031,Cubbon Road,9740,Weekday,False,Rain,True,12.9,False,False,0.448,Moderate,25.5,27.8,153.1,0.114,0.263,0.935,Light rain detected - minor speed reduction advised
EVT417214,2025-01-24 18:40:06,Sports Fixture,J031,Cubbon Road,27039,Weekday,False,Clear,False,0.0,False,False,1.0,Severe,8.2,68.8,527.4,0.186,0.43,0.941,Heavy congestion detected - signal timing extended and reroute suggested
EVT417215,2025-11-26 18:52:54,Concert,J030,MG Road,11325,Weekday,False,Clear,False,0.0,False,False,1.0,Severe,7.7,72.2,491.2,0.175,0.405,0.869,Heavy congestion detected - signal timing extended and reroute suggested
EVT417216,2025-06-11 16:43:41,Trade Fair,J040,City Market,6377,Weekday,False,Clear,False,0.0,False,False,0.602,High,22.8,44.9,251.5,0.189,0.438,0.976,Moderate traffic flow - standard adaptive signal timing in effect
EVT417217,2025-10-05 20:24:23,Sports Fixture,J020,Malleshwaram Circle,55659,Weekend,False,Clear,False,0.0,False,False,0.893,Severe,12.5,59.2,314.5,0.131,0.304,0.94,Heavy congestion detected - signal timing extended and reroute suggested
EVT417218,2026-01-17 10:33:24,Local Market Day,J012,Koramangala Sony World,5014,Weekend,False,Clear,False,0.0,False,False,0.528,Moderate,20.0,38.4,92.5,0.057,0.133,0.964,Moderate traffic flow - standard adaptive signal timing in effect
EVT417219,2026-01-02 18:16:36,Religious Festival,J009,Majestic,61365,Weekday,True,Clear,False,0.0,False,True,1.0,Severe,9.0,102.0,368.5,0.162,0.374,0.827,Road closure for event/procession - full detour recommended for through-traffic
EVT417220,2025-01-03 10:29:52,Sports Fixture,J020,Malleshwaram Circle,15154,Weekday,False,Clear,False,0.0,False,False,0.704,High,18.5,49.1,206.3,0.133,0.307,0.955,Moderate traffic flow - standard adaptive signal timing in effect
EVT417221,2025-03-02 09:16:41,Political Rally,J012,Koramangala Sony World,15046,Weekend,False,Clear,False,0.0,False,False,0.945,Severe,12.6,70.1,470.6,0.237,0.547,0.94,Heavy congestion detected - signal timing extended and reroute suggested
EVT417222,2025-10-22 14:27:46,Religious Festival,J030,MG Road,42517,Weekday,True,Clear,False,0.0,False,False,0.623,High,22.0,44.4,224.2,0.158,0.366,0.917,Festival crowd surge detected - alternate route and extended cycle recommended
EVT417223,2026-04-20 16:18:09,Sports Fixture,J009,Majestic,47895,Weekday,False,Clear,False,0.0,False,False,0.781,Severe,17.5,60.9,272.0,0.173,0.4,0.982,Heavy congestion detected - signal timing extended and reroute suggested
EVT417224,2025-05-29 17:09:02,Local Market Day,J030,MG Road,2397,Weekday,False,Clear,False,0.0,False,False,0.766,Severe,15.9,55.1,247.4,0.129,0.298,0.965,Heavy congestion detected - signal timing extended and reroute suggested
EVT417225,2026-04-18 09:48:34,Trade Fair,J020,Malleshwaram Circle,11247,Weekend,False,Fog,False,0.0,False,False,0.849,Severe,13.0,58.6,502.6,0.233,0.538,0.957,Heavy congestion detected - signal timing extended and reroute suggested
EVT417226,2026-06-01 18:33:24,Local Market Day,J031,Cubbon Road,2348,Weekday,False,Clear,False,0.0,False,False,1.0,Severe,9.4,72.6,518.7,0.187,0.431,0.925,Heavy congestion detected - signal timing extended and reroute suggested
EVT417227,2026-06-14 13:25:00,Political Rally,J012,Koramangala Sony World,11495,Weekend,False,Light Rain,True,7.2,False,False,0.314,Low,32.3,25.4,224.1,0.194,0.447,0.931,Light rain detected - minor speed reduction advised
EVT417228,2025-06-13 09:53:24,Sports Fixture,J011,Indiranagar 100ft Road,22206,Weekday,False,Clear,False,0.0,False,False,1.0,Severe,10.9,71.4,263.4,0.141,0.326,0.919,Heavy congestion detected - signal timing extended and reroute suggested
EVT417229,2025-04-13 07:11:47,Trade Fair,J023,Basavanagudi,7518,Weekend,False,Clear,False,0.0,False,False,0.452,Moderate,23.4,32.5,148.1,0.101,0.233,0.97,Moderate traffic flow - standard adaptive signal timing in effect
EVT417230,2025-05-04 13:26:30,Sports Fixture,J031,Cubbon Road,15041,Weekend,False,Clear,False,0.0,False,False,0.3,Low,29.1,23.6,122.2,0.084,0.194,0.956,Moderate traffic flow - standard adaptive signal timing in effect
EVT417231,2026-02-15 15:41:45,Trade Fair,J020,Malleshwaram Circle,5312,Weekend,False,Clear,False,0.0,False,False,0.379,Moderate,31.6,35.1,129.2,0.09,0.208,0.949,Moderate traffic flow - standard adaptive signal timing in effect
EVT417232,2025-10-17 09:23:04,Trade Fair,J023,Basavanagudi,6925,Weekday,False,Light Rain,True,5.5,False,False,1.0,Severe,9.3,75.0,434.0,0.184,0.425,0.859,Heavy rain reducing visibility and grip - reduced speed and longer buffer advised
EVT417233,2025-08-15 14:01:00,Religious Festival,J023,Basavanagudi,48209,Weekday,True,Rain,True,16.2,False,True,0.953,Severe,9.5,94.2,487.5,0.198,0.457,0.788,Road closure for event/procession - full detour recommended for through-traffic
EVT417234,2025-08-05 09:38:04,Sports Fixture,J023,Basavanagudi,14449,Weekday,False,Rain,True,14.2,False,False,1.0,Severe,7.9,69.2,607.7,0.207,0.478,0.842,Heavy rain reducing visibility and grip - reduced speed and longer buffer advised
EVT417235,2026-05-23 19:54:00,Sports Fixture,J031,Cubbon Road,23671,Weekend,False,Clear,False,0.0,False,False,0.769,Severe,15.7,53.0,346.6,0.212,0.489,0.964,Heavy congestion detected - signal timing extended and reroute suggested
EVT417236,2026-03-25 18:21:58,Trade Fair,J012,Koramangala Sony World,9578,Weekday,False,Clear,False,0.0,False,False,1.0,Severe,9.2,69.1,823.9,0.277,0.639,0.893,Heavy congestion detected - signal timing extended and reroute suggested
EVT417237,2026-06-04 09:19:13,Concert,J030,MG Road,11280,Weekday,False,Heavy Rain,True,30.8,False,False,1.0,Severe,8.7,71.7,450.9,0.177,0.409,0.873,Heavy rain reducing visibility and grip - reduced speed and longer buffer advised
EVT417238,2025-01-14 02:35:50,Cultural Procession,J009,Majestic,34540,Weekday,True,Light Rain,True,3.5,False,True,0.906,Severe,10.0,89.6,570.2,0.227,0.523,0.826,Road closure for event/procession - full detour recommended for through-traffic
EVT417239,2025-01-10 15:04:24,Sports Fixture,J012,Koramangala Sony World,37477,Weekday,False,Clear,False,0.0,True,False,0.803,Severe,13.3,57.2,264.0,0.135,0.311,0.787,Accident detected nearby - reroute and reduced speed advised
EVT417240,2025-04-19 19:24:40,Concert,J030,MG Road,13517,Weekend,False,Clear,False,0.0,False,False,0.872,Severe,13.8,62.6,242.4,0.123,0.285,0.948,Heavy congestion detected - signal timing extended and reroute suggested
EVT417241,2026-04-24 15:21:00,Local Market Day,J012,Koramangala Sony World,3617,Weekday,False,Clear,False,0.0,False,False,0.327,Low,40.1,24.8,132.7,0.147,0.338,0.964,Moderate traffic flow - standard adaptive signal timing in effect
EVT417242,2025-06-09 18:52:04,Sports Fixture,J011,Indiranagar 100ft Road,30826,Weekday,False,Clear,False,0.0,False,False,1.0,Severe,10.6,73.6,478.8,0.197,0.455,0.929,Heavy congestion detected - signal timing extended and reroute suggested
EVT417243,2025-08-21 18:23:08,Trade Fair,J020,Malleshwaram Circle,7698,Weekday,False,Clear,False,0.0,False,False,1.0,Severe,7.8,75.3,650.2,0.242,0.56,0.903,Heavy congestion detected - signal timing extended and reroute suggested
EVT417244,2026-01-08 22:09:45,Trade Fair,J012,Koramangala Sony World,6733,Weekday,False,Clear,False,0.0,True,False,0.615,High,21.7,46.1,389.5,0.261,0.603,0.834,Accident detected nearby - reroute and reduced speed advised
EVT417245,2025-01-19 16:36:18,Local Market Day,J031,Cubbon Road,5008,Weekend,False,Clear,False,0.0,False,False,0.613,High,22.1,44.9,264.4,0.181,0.418,0.988,Moderate traffic flow - standard adaptive signal timing in effect
EVT417246,2025-08-14 17:40:26,Political Rally,J020,Malleshwaram Circle,16600,Weekday,False,Rain,True,20.9,False,False,1.0,Severe,6.5,75.1,1037.4,0.298,0.689,0.844,Heavy rain reducing visibility and grip - reduced speed and longer buffer advised
EVT417247,2026-05-17 11:17:36,Local Market Day,J040,City Market,3550,Weekend,False,Clear,False,0.0,False,False,0.429,Moderate,29.1,33.7,192.7,0.158,0.364,0.959,Moderate traffic flow - standard adaptive signal timing in effect
EVT417248,2026-06-14 19:52:05,Local Market Day,J009,Majestic,1909,Weekend,False,Rain,True,23.3,False,False,0.927,Severe,11.7,66.0,298.6,0.124,0.287,0.874,Heavy rain reducing visibility and grip - reduced speed and longer buffer advised
EVT417249,2026-01-18 07:22:05,Trade Fair,J030,MG Road,10148,Weekend,False,Clear,False,0.0,False,False,0.583,High,25.0,49.1,249.8,0.178,0.411,0.957,Moderate traffic flow - standard adaptive signal timing in effect
EVT417250,2025-07-03 10:52:02,Local Market Day,J009,Majestic,3895,Weekday,False,Heavy Rain,True,29.9,False,False,0.807,Severe,11.9,51.8,269.7,0.117,0.27,0.903,Heavy rain reducing visibility and grip - reduced speed and longer buffer advised
EVT417251,2025-02-26 12:37:31,Local Market Day,J030,MG Road,2877,Weekday,False,Clear,False,0.0,False,False,0.244,Low,31.1,22.0,136.6,0.087,0.202,0.957,Normal free-flow traffic - standard signal timing maintained
EVT417252,2025-11-11 15:13:06,Political Rally,J023,Basavanagudi,17784,Weekday,False,Fog,False,0.0,False,False,0.449,Moderate,21.4,37.9,92.9,0.063,0.146,0.97,Moderate traffic flow - standard adaptive signal timing in effect
EVT417253,2025-07-07 13:47:26,Concert,J040,City Market,18980,Weekday,False,Clear,False,0.0,False,False,0.23,Low,26.6,14.2,52.8,0.03,0.07,0.98,Normal free-flow traffic - standard signal timing maintained
EVT417254,2025-08-30 17:56:34,Local Market Day,J020,Malleshwaram Circle,5117,Weekend,False,Clear,False,0.0,False,False,0.904,Severe,8.5,63.2,399.6,0.149,0.345,0.925,Heavy congestion detected - signal timing extended and reroute suggested
EVT417255,2026-01-22 14:39:54,Concert,J023,Basavanagudi,10702,Weekday,False,Clear,False,0.0,False,False,0.254,Low,28.9,14.4,59.2,0.059,0.137,0.973,Moderate traffic flow - standard adaptive signal timing in effect
EVT417256,2026-03-22 19:32:39,Political Rally,J012,Koramangala Sony World,23987,Weekend,False,Clear,False,0.0,False,False,0.849,Severe,13.2,60.1,197.0,0.094,0.217,0.951,Heavy congestion detected - signal timing extended and reroute suggested
EVT417257,2025-10-05 12:11:04,Concert,J012,Koramangala Sony World,4833,Weekend,False,Light Rain,True,7.0,False,False,0.323,Low,33.7,23.0,171.1,0.148,0.342,0.919,Light rain detected - minor speed reduction advised
EVT417258,2026-03-07 22:14:09,Trade Fair,J011,Indiranagar 100ft Road,5131,Weekend,False,Clear,False,0.0,False,False,0.291,Low,29.1,12.5,197.9,0.153,0.354,0.946,Moderate traffic flow - standard adaptive signal timing in effect
EVT417259,2026-04-30 19:05:16,Trade Fair,J012,Koramangala Sony World,7623,Weekday,False,Clear,False,0.0,False,False,1.0,Severe,8.1,69.3,741.9,0.24,0.555,0.916,Heavy congestion detected - signal timing extended and reroute suggested
EVT417260,2026-01-08 07:47:04,Trade Fair,J040,City Market,8741,Weekday,False,Clear,False,0.0,False,False,0.794,Severe,19.7,54.2,273.6,0.184,0.426,0.972,Heavy congestion detected - signal timing extended and reroute suggested
EVT417261,2026-05-27 13:22:23,Local Market Day,J023,Basavanagudi,4983,Weekday,False,Clear,False,0.0,False,False,0.207,Low,37.3,8.1,109.4,0.116,0.268,0.985,Normal free-flow traffic - standard signal timing maintained
EVT417262,2026-02-23 01:36:22,Trade Fair,J020,Malleshwaram Circle,7823,Weekday,False,Clear,False,0.0,False,False,0.166,Low,36.0,12.0,140.5,0.12,0.278,0.941,Normal free-flow traffic - standard signal timing maintained
EVT417263,2025-11-06 20:55:36,Local Market Day,J031,Cubbon Road,4062,Weekday,False,Fog,False,0.0,False,False,0.424,Moderate,24.9,26.0,270.1,0.199,0.461,0.955,Moderate traffic flow - standard adaptive signal timing in effect
EVT417264,2025-05-05 18:52:46,Local Market Day,J030,MG Road,6065,Weekday,False,Clear,False,0.0,False,False,0.976,Severe,7.7,68.7,657.2,0.193,0.447,0.933,Heavy congestion detected - signal timing extended and reroute suggested
EVT417265,2025-06-25 20:47:01,Concert,J030,MG Road,8638,Weekday,False,Clear,False,0.0,False,False,0.572,High,20.3,38.6,283.8,0.19,0.439,0.99,Moderate traffic flow - standard adaptive signal timing in effect
EVT417266,2025-11-05 20:17:49,Local Market Day,J009,Majestic,4866,Weekday,False,Clear,False,0.0,False,False,0.643,High,18.9,42.3,128.0,0.072,0.165,0.964,Moderate traffic flow - standard adaptive signal timing in effect
EVT417267,2025-01-18 20:47:24,Trade Fair,J040,City Market,5682,Weekend,False,Clear,False,0.0,False,False,0.512,Moderate,24.5,37.3,202.6,0.157,0.364,0.943,Moderate traffic flow - standard adaptive signal timing in effect
EVT417268,2025-11-28 08:57:39,Trade Fair,J023,Basavanagudi,11868,Weekday,False,Clear,False,0.0,False,False,1.0,Severe,7.4,72.4,584.5,0.179,0.414,0.913,Heavy congestion detected - signal timing extended and reroute suggested
EVT417269,2025-05-11 21:31:27,Sports Fixture,J012,Koramangala Sony World,21169,Weekend,False,Clear,False,0.0,False,False,0.377,Moderate,24.3,24.5,198.7,0.123,0.284,0.943,Moderate traffic flow - standard adaptive signal timing in effect
EVT417270,2025-01-20 16:32:04,Sports Fixture,J009,Majestic,18726,Weekday,False,Clear,False,0.0,False,False,0.621,High,23.7,41.5,247.9,0.178,0.41,0.964,Moderate traffic flow - standard adaptive signal timing in effect
EVT417271,2025-12-07 17:54:32,Trade Fair,J020,Malleshwaram Circle,10843,Weekend,False,Clear,False,0.0,False,False,0.827,Severe,15.0,62.4,360.2,0.211,0.488,0.943,Heavy congestion detected - signal timing extended and reroute suggested
EVT417272,2025-06-06 17:09:26,Concert,J031,Cubbon Road,19853,Weekday,False,Clear,False,0.0,False,False,0.835,Severe,13.5,67.3,416.0,0.208,0.48,0.921,Heavy congestion detected - signal timing extended and reroute suggested
EVT417273,2025-06-11 14:47:59,Sports Fixture,J023,Basavanagudi,18319,Weekday,False,Clear,False,0.0,False,False,0.386,Moderate,26.0,30.2,217.3,0.149,0.343,0.949,Moderate traffic flow - standard adaptive signal timing in effect
EVT417274,2025-04-20 18:02:41,Sports Fixture,J040,City Market,16170,Weekend,False,Clear,False,0.0,False,False,0.943,Severe,9.3,66.7,471.2,0.184,0.424,0.936,Heavy congestion detected - signal timing extended and reroute suggested
EVT417275,2026-05-06 17:09:37,Local Market Day,J012,Koramangala Sony World,6721,Weekday,False,Clear,False,0.0,False,False,0.813,Severe,18.5,58.2,216.7,0.126,0.292,0.965,Heavy congestion detected - signal timing extended and reroute suggested
EVT417276,2025-09-22 12:12:44,Trade Fair,J011,Indiranagar 100ft Road,9938,Weekday,False,Clear,False,0.0,False,False,0.243,Low,29.6,25.2,95.3,0.065,0.151,0.983,Normal free-flow traffic - standard signal timing maintained
EVT417277,2026-04-01 17:22:54,Local Market Day,J011,Indiranagar 100ft Road,5029,Weekday,False,Light Rain,True,2.8,False,False,0.829,Severe,14.8,60.0,315.9,0.16,0.37,0.897,Heavy rain reducing visibility and grip - reduced speed and longer buffer advised
EVT417278,2025-10-02 09:47:12,Cultural Procession,J040,City Market,24053,Weekday,True,Clear,False,0.0,False,True,1.0,Severe,7.9,96.8,423.8,0.154,0.355,0.822,Road closure for event/procession - full detour recommended for through-traffic
EVT417279,2026-06-08 17:38:03,Concert,J030,MG Road,15643,Weekday,False,Clear,False,0.0,False,False,0.904,Severe,10.9,67.4,300.3,0.128,0.296,0.949,Heavy congestion detected - signal timing extended and reroute suggested
EVT417280,2026-03-09 12:18:54,Sports Fixture,J040,City Market,29457,Weekday,False,Fog,False,0.0,False,False,0.381,Moderate,26.6,29.6,226.4,0.174,0.402,0.942,Moderate traffic flow - standard adaptive signal timing in effect
EVT417281,2025-07-17 13:35:38,Concert,J012,Koramangala Sony World,14282,Weekday,False,Clear,False,0.0,False,False,0.169,Low,32.6,14.2,156.6,0.138,0.32,0.964,Normal free-flow traffic - standard signal timing maintained
EVT417282,2025-04-06 16:31:04,Religious Festival,J031,Cubbon Road,37443,Weekend,True,Clear,False,0.0,False,False,0.941,Severe,12.5,69.0,365.7,0.201,0.465,0.839,Festival crowd surge detected - alternate route and extended cycle recommended
EVT417283,2025-04-12 12:25:05,Concert,J031,Cubbon Road,12165,Weekend,False,Clear,False,0.0,False,False,0.353,Moderate,27.3,22.4,256.3,0.193,0.445,0.96,Moderate traffic flow - standard adaptive signal timing in effect
EVT417284,2026-03-22 12:33:52,Local Market Day,J009,Majestic,3569,Weekend,False,Clear,False,0.0,False,False,0.254,Low,27.2,17.9,216.9,0.172,0.397,0.963,Moderate traffic flow - standard adaptive signal timing in effect
EVT417285,2026-06-23 17:08:42,Trade Fair,J031,Cubbon Road,9328,Weekday,False,Clear,False,0.0,False,False,0.741,High,21.3,57.5,173.0,0.126,0.292,0.96,Moderate traffic flow - standard adaptive signal timing in effect
EVT417286,2025-03-13 17:55:08,Local Market Day,J040,City Market,2294,Weekday,False,Clear,False,0.0,True,False,1.0,Severe,6.8,72.7,552.8,0.159,0.368,0.761,Accident detected nearby - reroute and reduced speed advised
EVT417287,2026-01-19 18:43:39,Sports Fixture,J012,Koramangala Sony World,20963,Weekday,False,Clear,False,0.0,False,False,1.0,Severe,10.2,70.0,396.2,0.163,0.377,0.95,Heavy congestion detected - signal timing extended and reroute suggested
EVT417288,2026-02-11 15:31:54,Sports Fixture,J011,Indiranagar 100ft Road,28613,Weekday,False,Clear,False,0.0,False,False,0.438,Moderate,22.3,24.6,269.5,0.164,0.378,0.952,Moderate traffic flow - standard adaptive signal timing in effect
EVT417289,2025-03-23 15:09:19,Local Market Day,J030,MG Road,3508,Weekend,False,Clear,False,0.0,False,False,0.364,Moderate,30.6,27.3,136.2,0.099,0.228,0.955,Moderate traffic flow - standard adaptive signal timing in effect
EVT417290,2025-08-11 06:10:38,Local Market Day,J020,Malleshwaram Circle,3072,Weekday,False,Clear,False,0.0,False,False,0.293,Low,40.6,21.7,206.0,0.214,0.494,0.942,Moderate traffic flow - standard adaptive signal timing in effect
EVT417291,2025-10-27 12:49:39,Sports Fixture,J040,City Market,45216,Weekday,False,Clear,False,0.0,False,False,0.52,Moderate,27.0,37.3,130.3,0.111,0.255,0.964,Moderate traffic flow - standard adaptive signal timing in effect
EVT417292,2025-06-16 08:58:53,Political Rally,J020,Malleshwaram Circle,6549,Weekday,False,Clear,False,0.0,False,False,1.0,Severe,8.0,70.6,402.6,0.145,0.335,0.909,Heavy congestion detected - signal timing extended and reroute suggested
EVT417293,2025-11-12 05:48:02,Political Rally,J031,Cubbon Road,20054,Weekday,False,Rain,True,9.7,False,False,0.469,Moderate,24.7,29.7,263.6,0.183,0.424,0.895,Light rain detected - minor speed reduction advised
EVT417294,2025-04-29 10:39:39,Sports Fixture,J009,Majestic,33535,Weekday,False,Clear,False,0.0,False,False,0.738,High,17.0,52.7,322.4,0.194,0.449,0.99,Moderate traffic flow - standard adaptive signal timing in effect
EVT417295,2025-09-28 19:31:47,Concert,J030,MG Road,7213,Weekend,False,Clear,False,0.0,False,False,0.746,High,12.2,56.0,463.4,0.19,0.438,0.979,Moderate traffic flow - standard adaptive signal timing in effect
EVT417296,2025-02-05 21:27:09,Local Market Day,J023,Basavanagudi,11219,Weekday,False,Clear,False,0.0,False,False,0.311,Low,30.1,24.3,69.6,0.044,0.103,0.937,Moderate traffic flow - standard adaptive signal timing in effect
EVT417297,2025-04-28 14:38:08,Concert,J040,City Market,13850,Weekday,False,Clear,False,0.0,False,False,0.218,Low,35.6,17.9,112.6,0.108,0.25,0.961,Normal free-flow traffic - standard signal timing maintained
EVT417298,2026-06-22 19:57:30,Local Market Day,J023,Basavanagudi,4311,Weekday,False,Clear,False,0.0,False,False,0.816,Severe,15.5,52.3,359.5,0.195,0.451,0.946,Heavy congestion detected - signal timing extended and reroute suggested
EVT417299,2025-12-18 07:29:18,Concert,J031,Cubbon Road,10562,Weekday,False,Clear,False,0.0,False,False,0.606,High,22.6,49.1,118.5,0.094,0.218,0.98,Moderate traffic flow - standard adaptive signal timing in effect
EVT417300,2025-09-02 17:04:07,Sports Fixture,J031,Cubbon Road,26262,Weekday,False,Clear,False,0.0,False,False,0.911,Severe,13.3,62.3,423.4,0.212,0.489,0.922,Heavy congestion detected - signal timing extended and reroute suggested
EVT417301,2026-02-24 06:22:19,Sports Fixture,J023,Basavanagudi,34331,Weekday,False,Clear,False,0.0,False,False,0.435,Moderate,23.1,37.7,220.1,0.129,0.299,0.978,Moderate traffic flow - standard adaptive signal timing in effect
EVT417302,2025-01-24 16:48:36,Concert,J020,Malleshwaram Circle,12480,Weekday,False,Clear,False,0.0,False,False,0.725,High,16.2,48.1,377.1,0.199,0.46,0.965,Moderate traffic flow - standard adaptive signal timing in effect
EVT417303,2026-01-31 10:44:42,Concert,J030,MG Road,9620,Weekend,False,Clear,False,0.0,False,False,0.514,Moderate,23.1,40.2,209.1,0.149,0.345,0.977,Moderate traffic flow - standard adaptive signal timing in effect
EVT417304,2026-04-05 07:11:29,Sports Fixture,J023,Basavanagudi,15071,Weekend,False,Clear,False,0.0,False,False,0.575,High,24.3,42.5,155.3,0.108,0.25,0.99,Moderate traffic flow - standard adaptive signal timing in effect
EVT417305,2025-05-08 07:53:57,Political Rally,J040,City Market,14471,Weekday,False,Clear,False,0.0,False,False,0.906,Severe,14.3,67.5,561.1,0.276,0.637,0.97,Heavy congestion detected - signal timing extended and reroute suggested
EVT417306,2025-04-13 06:05:39,Local Market Day,J023,Basavanagudi,4568,Weekend,False,Light Rain,True,6.5,False,False,0.457,Moderate,26.1,28.8,232.9,0.208,0.481,0.898,Light rain detected - minor speed reduction advised
EVT417307,2025-06-02 20:44:58,Concert,J030,MG Road,7583,Weekday,False,Rain,True,23.9,False,False,0.696,High,17.9,52.2,513.8,0.274,0.634,0.915,Heavy rain reducing visibility and grip - reduced speed and longer buffer advised
EVT417308,2025-01-13 07:50:17,Trade Fair,J011,Indiranagar 100ft Road,8333,Weekday,False,Clear,False,0.0,False,False,0.732,High,22.7,50.4,159.1,0.09,0.207,0.956,Moderate traffic flow - standard adaptive signal timing in effect
EVT417309,2025-04-09 18:19:29,Trade Fair,J030,MG Road,12942,Weekday,False,Clear,False,0.0,False,False,1.0,Severe,7.1,71.7,651.5,0.213,0.493,0.906,Heavy congestion detected - signal timing extended and reroute suggested
EVT417310,2026-02-17 08:10:30,Local Market Day,J030,MG Road,5231,Weekday,False,Clear,False,0.0,False,False,0.959,Severe,10.7,62.1,383.2,0.154,0.355,0.921,Heavy congestion detected - signal timing extended and reroute suggested
EVT417311,2025-05-14 15:03:30,Local Market Day,J030,MG Road,6355,Weekday,False,Clear,False,0.0,False,False,0.345,Low,31.1,29.8,226.7,0.182,0.421,0.955,Moderate traffic flow - standard adaptive signal timing in effect
EVT417312,2026-03-25 12:44:42,Sports Fixture,J012,Koramangala Sony World,20134,Weekday,False,Clear,False,0.0,True,False,0.657,High,22.6,45.4,158.4,0.105,0.243,0.802,Accident detected nearby - reroute and reduced speed advised
EVT417313,2026-03-23 10:21:57,Concert,J020,Malleshwaram Circle,12532,Weekday,False,Clear,False,0.0,False,False,0.806,Severe,16.5,51.2,428.9,0.27,0.623,0.968,Heavy congestion detected - signal timing extended and reroute suggested
EVT417314,2025-09-14 14:47:10,Sports Fixture,J020,Malleshwaram Circle,23702,Weekend,False,Heavy Rain,True,38.0,False,False,0.82,Severe,15.0,63.7,252.2,0.141,0.326,0.914,Heavy rain reducing visibility and grip - reduced speed and longer buffer advised
EVT417315,2025-04-23 19:22:33,Local Market Day,J030,MG Road,2343,Weekday,False,Rain,True,7.6,False,False,0.995,Severe,8.3,68.0,647.7,0.209,0.483,0.869,Heavy rain reducing visibility and grip - reduced speed and longer buffer advised
EVT417316,2026-03-06 07:12:49,Local Market Day,J009,Majestic,2202,Weekday,False,Clear,False,0.0,False,False,0.522,Moderate,22.2,40.8,310.4,0.207,0.478,0.967,Moderate traffic flow - standard adaptive signal timing in effect
EVT417317,2026-01-27 16:34:23,Religious Festival,J009,Majestic,26347,Weekday,True,Clear,False,0.0,False,False,0.94,Severe,10.0,74.5,651.8,0.238,0.549,0.861,Festival crowd surge detected - alternate route and extended cycle recommended
EVT417318,2026-04-28 19:20:00,Trade Fair,J012,Koramangala Sony World,10004,Weekday,False,Fog,False,0.0,False,False,0.932,Severe,13.4,62.8,266.2,0.127,0.294,0.928,Heavy congestion detected - signal timing extended and reroute suggested
EVT417319,2026-03-29 17:10:29,Concert,J030,MG Road,10062,Weekend,False,Clear,False,0.0,False,False,0.662,High,17.6,50.0,278.6,0.156,0.361,0.961,Moderate traffic flow - standard adaptive signal timing in effect
EVT417320,2026-03-26 19:41:07,Cultural Procession,J011,Indiranagar 100ft Road,24508,Weekday,True,Clear,False,0.0,False,False,1.0,Severe,10.4,77.1,505.3,0.226,0.522,0.861,Festival crowd surge detected - alternate route and extended cycle recommended
EVT417321,2025-07-24 14:25:32,Sports Fixture,J031,Cubbon Road,17410,Weekday,False,Clear,False,0.0,False,False,0.301,Low,29.2,23.1,99.9,0.075,0.173,0.959,Moderate traffic flow - standard adaptive signal timing in effect
EVT417322,2025-03-31 17:00:31,Cultural Procession,J031,Cubbon Road,16895,Weekday,True,Clear,False,0.0,False,False,1.0,Severe,7.6,70.2,663.9,0.215,0.496,0.877,Festival crowd surge detected - alternate route and extended cycle recommended
EVT417323,2025-01-25 17:09:45,Trade Fair,J012,Koramangala Sony World,11716,Weekend,False,Clear,False,0.0,False,False,0.716,High,18.4,51.8,293.8,0.187,0.432,0.95,Moderate traffic flow - standard adaptive signal timing in effect
EVT417324,2025-04-13 07:34:53,Concert,J009,Majestic,7500,Weekend,False,Clear,False,0.0,False,False,0.558,High,21.2,39.5,316.8,0.217,0.502,0.99,Moderate traffic flow - standard adaptive signal timing in effect
EVT417325,2025-02-18 09:33:02,Local Market Day,J009,Majestic,3362,Weekday,False,Clear,False,0.0,False,False,0.876,Severe,13.2,61.8,317.0,0.171,0.396,0.956,Heavy congestion detected - signal timing extended and reroute suggested
EVT417326,2026-06-09 14:34:31,Local Market Day,J009,Majestic,2140,Weekday,False,Clear,False,0.0,False,False,0.246,Low,31.4,21.4,96.9,0.085,0.197,0.967,Normal free-flow traffic - standard signal timing maintained
EVT417327,2026-02-21 12:18:37,Local Market Day,J020,Malleshwaram Circle,4256,Weekend,False,Clear,False,0.0,False,False,0.251,Low,29.7,19.2,154.7,0.119,0.275,0.99,Moderate traffic flow - standard adaptive signal timing in effect
EVT417328,2025-06-23 19:25:34,Local Market Day,J009,Majestic,4202,Weekday,False,Rain,True,14.0,False,False,1.0,Severe,8.5,70.6,616.4,0.215,0.498,0.832,Heavy rain reducing visibility and grip - reduced speed and longer buffer advised
EVT417329,2025-11-26 08:16:36,Sports Fixture,J012,Koramangala Sony World,21886,Weekday,False,Clear,False,0.0,False,False,1.0,Severe,8.1,68.7,346.9,0.108,0.251,0.931,Heavy congestion detected - signal timing extended and reroute suggested
EVT417330,2025-05-29 19:06:29,Concert,J023,Basavanagudi,10101,Weekday,False,Clear,False,0.0,False,False,0.996,Severe,8.9,70.8,334.4,0.132,0.304,0.897,Heavy congestion detected - signal timing extended and reroute suggested
EVT417331,2025-02-17 11:40:03,Sports Fixture,J012,Koramangala Sony World,28668,Weekday,False,Clear,False,0.0,False,False,0.587,High,21.8,40.8,215.5,0.138,0.32,0.985,Moderate traffic flow - standard adaptive signal timing in effect
EVT417332,2025-12-08 00:32:30,Sports Fixture,J011,Indiranagar 100ft Road,14470,Weekday,False,Clear,False,0.0,False,False,0.211,Low,30.2,15.9,139.6,0.099,0.228,0.945,Normal free-flow traffic - standard signal timing maintained
EVT417333,2026-01-26 13:11:55,Cultural Procession,J031,Cubbon Road,14126,Weekday,True,Clear,False,0.0,False,True,0.629,Moderate,22.2,62.3,300.3,0.212,0.489,0.894,Road closure for event/procession - full detour recommended for through-traffic
EVT417334,2025-05-25 17:47:43,Trade Fair,J031,Cubbon Road,5139,Weekend,False,Fog,False,0.0,False,False,0.779,Severe,17.4,55.6,367.0,0.209,0.483,0.955,Heavy congestion detected - signal timing extended and reroute suggested
EVT417335,2025-09-26 20:44:56,Local Market Day,J012,Koramangala Sony World,3324,Weekday,False,Rain,True,22.7,False,False,0.808,Severe,13.9,56.4,386.3,0.195,0.45,0.917,Heavy rain reducing visibility and grip - reduced speed and longer buffer advised
EVT417336,2025-04-07 17:30:04,Cultural Procession,J009,Majestic,11353,Weekday,True,Fog,False,0.0,False,True,1.0,Severe,8.0,96.6,732.0,0.247,0.57,0.841,Road closure for event/procession - full detour recommended for through-traffic
EVT417337,2026-01-11 17:07:19,Local Market Day,J030,MG Road,3569,Weekend,False,Clear,False,0.0,False,False,0.729,High,15.0,54.1,287.1,0.149,0.344,0.955,Moderate traffic flow - standard adaptive signal timing in effect
EVT417338,2025-10-09 10:08:40,Sports Fixture,J011,Indiranagar 100ft Road,15426,Weekday,False,Heavy Rain,True,26.8,False,False,1.0,Severe,7.1,66.8,647.2,0.181,0.419,0.877,Heavy rain reducing visibility and grip - reduced speed and longer buffer advised
EVT417339,2026-05-03 10:54:14,Sports Fixture,J023,Basavanagudi,17042,Weekend,False,Light Rain,True,5.2,False,False,0.642,High,19.5,44.6,289.8,0.183,0.422,0.914,Heavy rain reducing visibility and grip - reduced speed and longer buffer advised
EVT417340,2025-02-27 12:22:47,Local Market Day,J012,Koramangala Sony World,4141,Weekday,False,Clear,False,0.0,False,False,0.214,Low,30.4,17.4,78.0,0.047,0.108,0.951,Normal free-flow traffic - standard signal timing maintained
EVT417341,2025-10-07 11:34:58,Trade Fair,J030,MG Road,11997,Weekday,False,Clear,False,0.0,False,False,0.373,Moderate,27.0,29.3,277.9,0.19,0.439,0.972,Moderate traffic flow - standard adaptive signal timing in effect
EVT417342,2025-03-26 18:57:01,Concert,J023,Basavanagudi,11062,Weekday,False,Clear,False,0.0,False,False,0.937,Severe,10.1,67.6,406.6,0.163,0.376,0.93,Heavy congestion detected - signal timing extended and reroute suggested
EVT417343,2025-08-14 08:51:06,Local Market Day,J012,Koramangala Sony World,4867,Weekday,False,Heavy Rain,True,61.6,False,False,1.0,Severe,7.8,75.3,676.5,0.223,0.516,0.867,Heavy rain reducing visibility and grip - reduced speed and longer buffer advised
EVT417344,2026-05-22 17:10:21,Sports Fixture,J031,Cubbon Road,19988,Weekday,False,Clear,False,0.0,False,False,0.914,Severe,12.5,64.8,409.3,0.181,0.419,0.969,Heavy congestion detected - signal timing extended and reroute suggested
EVT417345,2025-10-03 13:25:54,Cultural Procession,J011,Indiranagar 100ft Road,16943,Weekday,True,Clear,False,0.0,False,True,0.576,Moderate,25.6,51.7,256.6,0.213,0.493,0.872,Road closure for event/procession - full detour recommended for through-traffic
EVT417346,2026-02-19 16:13:28,Trade Fair,J011,Indiranagar 100ft Road,5197,Weekday,False,Clear,False,0.0,False,False,0.487,Moderate,24.0,31.2,176.6,0.128,0.295,0.984,Moderate traffic flow - standard adaptive signal timing in effect
EVT417347,2025-03-14 13:03:11,Religious Festival,J023,Basavanagudi,36185,Weekday,True,Clear,False,0.0,False,True,0.651,Moderate,21.5,68.6,249.5,0.17,0.392,0.892,Road closure for event/procession - full detour recommended for through-traffic
EVT417348,2025-06-29 07:14:56,Concert,J040,City Market,10802,Weekend,False,Clear,False,0.0,False,False,0.56,High,24.0,40.9,151.8,0.115,0.265,0.955,Moderate traffic flow - standard adaptive signal timing in effect
EVT417349,2025-09-19 19:24:27,Local Market Day,J009,Majestic,4703,Weekday,False,Rain,True,21.4,False,False,1.0,Severe,8.8,76.7,568.5,0.212,0.491,0.852,Heavy rain reducing visibility and grip - reduced speed and longer buffer advised
EVT417350,2025-05-31 21:11:49,Sports Fixture,J031,Cubbon Road,21857,Weekend,False,Clear,False,0.0,False,False,0.528,Moderate,25.0,45.0,111.6,0.078,0.18,0.989,Moderate traffic flow - standard adaptive signal timing in effect
EVT417351,2026-04-09 16:11:04,Local Market Day,J030,MG Road,3875,Weekday,False,Rain,True,12.8,False,False,0.576,High,17.6,40.3,301.0,0.172,0.397,0.924,Heavy rain reducing visibility and grip - reduced speed and longer buffer advised
EVT417352,2026-02-01 10:26:49,Local Market Day,J009,Majestic,3934,Weekend,False,Clear,False,0.0,False,False,0.565,High,26.0,45.8,179.8,0.135,0.313,0.974,Moderate traffic flow - standard adaptive signal timing in effect
EVT417353,2026-03-13 08:38:10,Local Market Day,J012,Koramangala Sony World,4992,Weekday,False,Clear,False,0.0,False,False,1.0,Severe,6.9,67.6,346.9,0.126,0.29,0.935,Heavy congestion detected - signal timing extended and reroute suggested
EVT417354,2026-04-05 08:29:27,Local Market Day,J040,City Market,2740,Weekend,False,Clear,False,0.0,False,False,0.839,Severe,17.1,58.5,380.5,0.239,0.552,0.956,Heavy congestion detected - signal timing extended and reroute suggested
EVT417355,2025-05-18 16:04:06,Concert,J040,City Market,19983,Weekend,False,Clear,False,0.0,False,False,0.496,Moderate,24.0,32.3,256.7,0.178,0.411,0.988,Moderate traffic flow - standard adaptive signal timing in effect
EVT417356,2026-01-20 17:15:53,Trade Fair,J011,Indiranagar 100ft Road,8198,Weekday,False,Clear,False,0.0,False,False,0.793,Severe,16.4,63.6,470.9,0.268,0.618,0.965,Heavy congestion detected - signal timing extended and reroute suggested
EVT417357,2025-07-28 17:22:37,Concert,J012,Koramangala Sony World,15369,Weekday,False,Rain,True,15.9,False,False,1.0,Severe,8.3,70.7,505.3,0.168,0.388,0.858,Heavy rain reducing visibility and grip - reduced speed and longer buffer advised
EVT417358,2026-03-03 20:07:07,Trade Fair,J040,City Market,12383,Weekday,False,Clear,False,0.0,False,False,0.793,Severe,12.1,55.0,315.1,0.135,0.311,0.974,Heavy congestion detected - signal timing extended and reroute suggested
EVT417359,2026-05-09 17:09:43,Concert,J009,Majestic,11247,Weekend,False,Clear,False,0.0,False,False,0.712,High,20.0,52.2,207.4,0.14,0.324,0.972,Moderate traffic flow - standard adaptive signal timing in effect
EVT417360,2026-04-29 18:47:11,Local Market Day,J011,Indiranagar 100ft Road,5896,Weekday,False,Clear,False,0.0,False,False,1.0,Severe,8.2,70.9,364.1,0.125,0.289,0.902,Heavy congestion detected - signal timing extended and reroute suggested
EVT417361,2025-03-31 06:40:18,Religious Festival,J030,MG Road,36139,Weekday,True,Clear,False,0.0,False,True,0.924,Severe,9.6,86.7,435.9,0.163,0.376,0.841,Road closure for event/procession - full detour recommended for through-traffic
EVT417362,2025-06-10 14:17:13,Trade Fair,J020,Malleshwaram Circle,6768,Weekday,False,Heavy Rain,True,37.9,False,False,0.502,Moderate,29.7,30.7,125.6,0.125,0.289,0.911,Light rain detected - minor speed reduction advised
EVT417363,2025-08-13 18:50:56,Trade Fair,J031,Cubbon Road,12632,Weekday,False,Heavy Rain,True,61.8,False,False,1.0,Severe,7.9,72.9,683.0,0.222,0.512,0.9,Heavy rain reducing visibility and grip - reduced speed and longer buffer advised
EVT417364,2026-05-02 08:09:39,Religious Festival,J011,Indiranagar 100ft Road,47968,Weekend,True,Clear,False,0.0,False,False,1.0,Severe,9.2,73.4,607.7,0.22,0.509,0.872,Festival crowd surge detected - alternate route and extended cycle recommended
EVT417365,2026-02-19 14:44:46,Local Market Day,J012,Koramangala Sony World,1968,Weekday,False,Clear,False,0.0,False,False,0.207,Low,33.6,17.2,76.3,0.068,0.157,0.977,Normal free-flow traffic - standard signal timing maintained
EVT417366,2025-09-18 09:01:09,Sports Fixture,J030,MG Road,13980,Weekday,False,Clear,False,0.0,False,False,1.0,Severe,8.5,71.1,624.0,0.19,0.439,0.937,Heavy congestion detected - signal timing extended and reroute suggested
EVT417367,2025-06-06 08:06:40,Local Market Day,J011,Indiranagar 100ft Road,3213,Weekday,False,Clear,False,0.0,False,False,0.835,Severe,13.2,62.8,247.7,0.16,0.369,0.954,Heavy congestion detected - signal timing extended and reroute suggested
EVT417368,2025-05-09 09:17:59,Trade Fair,J020,Malleshwaram Circle,6596,Weekday,False,Rain,True,11.1,False,False,1.0,Severe,7.3,70.1,709.1,0.213,0.492,0.864,Heavy rain reducing visibility and grip - reduced speed and longer buffer advised
EVT417369,2025-11-12 12:14:58,Local Market Day,J030,MG Road,3352,Weekday,False,Fog,False,0.0,False,False,0.199,Low,38.4,13.0,107.7,0.077,0.177,0.933,Normal free-flow traffic - standard signal timing maintained
EVT417370,2025-01-04 11:25:48,Trade Fair,J023,Basavanagudi,9082,Weekend,False,Clear,False,0.0,False,False,0.403,Moderate,28.2,32.0,71.4,0.047,0.108,0.961,Moderate traffic flow - standard adaptive signal timing in effect
EVT417371,2026-05-25 20:42:34,Local Market Day,J020,Malleshwaram Circle,2814,Weekday,False,Heavy Rain,True,34.8,False,False,0.812,Severe,14.7,65.6,417.1,0.205,0.474,0.902,Heavy rain reducing visibility and grip - reduced speed and longer buffer advised
EVT417372,2025-06-18 16:46:03,Trade Fair,J012,Koramangala Sony World,13365,Weekday,False,Clear,False,0.0,False,False,0.665,High,21.7,47.0,266.0,0.177,0.408,0.969,Moderate traffic flow - standard adaptive signal timing in effect
EVT417373,2025-06-22 14:28:27,Local Market Day,J011,Indiranagar 100ft Road,2391,Weekend,False,Heavy Rain,True,33.2,False,False,0.549,Moderate,20.6,40.9,180.5,0.121,0.279,0.909,Light rain detected - minor speed reduction advised
EVT417374,2025-07-19 17:19:07,Local Market Day,J023,Basavanagudi,5795,Weekend,False,Clear,False,0.0,False,False,0.614,High,25.5,38.3,227.4,0.178,0.41,0.925,Moderate traffic flow - standard adaptive signal timing in effect
EVT417375,2025-06-21 18:41:04,Local Market Day,J023,Basavanagudi,5356,Weekend,False,Fog,False,0.0,False,False,0.804,Severe,14.5,59.7,354.4,0.183,0.423,0.928,Heavy congestion detected - signal timing extended and reroute suggested
EVT417376,2026-06-23 13:52:42,Concert,J012,Koramangala Sony World,11802,Weekday,False,Clear,False,0.0,False,False,0.214,Low,40.5,16.9,125.1,0.126,0.291,0.981,Normal free-flow traffic - standard signal timing maintained
EVT417377,2025-10-06 20:44:22,Trade Fair,J023,Basavanagudi,7326,Weekday,False,Clear,False,0.0,False,False,0.48,Moderate,27.1,35.7,148.1,0.14,0.323,0.968,Moderate traffic flow - standard adaptive signal timing in effect
EVT417378,2025-05-31 17:10:13,Sports Fixture,J031,Cubbon Road,20153,Weekend,False,Light Rain,True,4.3,False,False,0.926,Severe,11.4,64.7,378.9,0.187,0.431,0.867,Heavy rain reducing visibility and grip - reduced speed and longer buffer advised
EVT417379,2025-08-08 13:29:17,Trade Fair,J011,Indiranagar 100ft Road,14158,Weekday,False,Clear,False,0.0,False,False,0.239,Low,37.5,20.0,81.9,0.08,0.185,0.958,Normal free-flow traffic - standard signal timing maintained
EVT417380,2025-06-19 12:24:56,Trade Fair,J020,Malleshwaram Circle,7030,Weekday,False,Clear,False,0.0,False,False,0.144,Low,29.7,10.3,215.8,0.148,0.342,0.974,Normal free-flow traffic - standard signal timing maintained
EVT417381,2025-08-17 08:59:42,Local Market Day,J023,Basavanagudi,2993,Weekend,False,Clear,False,0.0,False,False,0.816,Severe,14.9,60.2,383.5,0.197,0.455,0.948,Heavy congestion detected - signal timing extended and reroute suggested
EVT417382,2025-04-13 19:51:08,Sports Fixture,J009,Majestic,34190,Weekend,False,Clear,False,0.0,False,False,0.801,Severe,15.3,60.0,385.8,0.24,0.555,0.952,Heavy congestion detected - signal timing extended and reroute suggested
EVT417383,2026-02-11 08:56:08,Trade Fair,J012,Koramangala Sony World,11771,Weekday,False,Clear,False,0.0,False,False,1.0,Severe,6.9,71.2,789.0,0.224,0.517,0.906,Heavy congestion detected - signal timing extended and reroute suggested
EVT417384,2025-07-22 20:53:56,Concert,J009,Majestic,7167,Weekday,False,Heavy Rain,True,40.5,False,False,0.81,Severe,14.1,56.4,301.1,0.146,0.337,0.917,Heavy rain reducing visibility and grip - reduced speed and longer buffer advised
EVT417385,2026-02-23 08:36:01,Sports Fixture,J020,Malleshwaram Circle,23083,Weekday,False,Clear,False,0.0,False,False,1.0,Severe,9.3,73.9,408.2,0.17,0.393,0.911,Heavy congestion detected - signal timing extended and reroute suggested
EVT417386,2025-06-06 14:48:42,Sports Fixture,J031,Cubbon Road,18710,Weekday,False,Light Rain,True,1.0,False,False,0.325,Low,23.3,25.9,175.4,0.093,0.215,0.888,Light rain detected - minor speed reduction advised
EVT417387,2025-07-02 20:32:30,Sports Fixture,J009,Majestic,23815,Weekday,False,Heavy Rain,True,56.1,False,False,1.0,Severe,9.2,75.7,276.4,0.098,0.226,0.857,Heavy rain reducing visibility and grip - reduced speed and longer buffer advised
EVT417388,2026-01-26 08:03:49,Cultural Procession,J030,MG Road,29462,Weekday,True,Light Rain,True,4.1,False,True,1.0,Severe,8.9,104.8,808.1,0.276,0.638,0.78,Road closure for event/procession - full detour recommended for through-traffic
EVT417389,2026-06-27 20:49:35,Sports Fixture,J031,Cubbon Road,16818,Weekend,False,Heavy Rain,True,35.6,False,False,0.902,Severe,11.8,68.8,158.6,0.084,0.193,0.871,Heavy rain reducing visibility and grip - reduced speed and longer buffer advised
EVT417390,2025-07-08 15:30:24,Concert,J030,MG Road,16246,Weekday,False,Heavy Rain,True,41.7,False,False,0.703,High,21.6,49.3,163.5,0.116,0.267,0.916,Heavy rain reducing visibility and grip - reduced speed and longer buffer advised
EVT417391,2026-05-28 17:45:16,Trade Fair,J023,Basavanagudi,7529,Weekday,False,Clear,False,0.0,False,False,0.994,Severe,6.7,68.1,536.9,0.151,0.349,0.904,Heavy congestion detected - signal timing extended and reroute suggested
EVT417392,2025-01-10 11:54:44,Concert,J011,Indiranagar 100ft Road,12562,Weekday,False,Clear,False,0.0,False,False,0.341,Low,24.0,27.7,130.1,0.093,0.215,0.985,Moderate traffic flow - standard adaptive signal timing in effect
EVT417393,2025-05-12 17:33:11,Local Market Day,J020,Malleshwaram Circle,4562,Weekday,False,Clear,False,0.0,False,False,0.836,Severe,15.6,62.6,266.4,0.164,0.378,0.94,Heavy congestion detected - signal timing extended and reroute suggested
EVT417394,2025-08-20 18:56:11,Local Market Day,J023,Basavanagudi,5145,Weekday,False,Rain,True,10.4,False,False,1.0,Severe,9.1,73.7,845.3,0.328,0.757,0.856,Heavy rain reducing visibility and grip - reduced speed and longer buffer advised
EVT417395,2026-03-10 13:14:31,Local Market Day,J012,Koramangala Sony World,4995,Weekday,False,Clear,False,0.0,False,False,0.267,Low,24.0,16.9,150.0,0.092,0.212,0.986,Moderate traffic flow - standard adaptive signal timing in effect
EVT417396,2025-11-25 16:03:15,Sports Fixture,J030,MG Road,19456,Weekday,False,Clear,False,0.0,False,False,0.488,Moderate,30.3,29.3,121.2,0.085,0.196,0.959,Moderate traffic flow - standard adaptive signal timing in effect
EVT417397,2025-08-14 09:01:12,Trade Fair,J031,Cubbon Road,7298,Weekday,False,Heavy Rain,True,32.9,False,False,1.0,Severe,8.8,74.4,545.9,0.208,0.482,0.853,Heavy rain reducing visibility and grip - reduced speed and longer buffer advised
EVT417398,2025-11-06 20:09:48,Concert,J012,Koramangala Sony World,21354,Weekday,False,Clear,False,0.0,False,False,0.73,High,17.0,49.8,282.2,0.164,0.378,0.952,Moderate traffic flow - standard adaptive signal timing in effect
EVT417399,2026-06-20 09:35:26,Trade Fair,J040,City Market,6834,Weekend,False,Clear,False,0.0,False,False,0.746,High,18.3,49.6,199.4,0.117,0.27,0.954,Moderate traffic flow - standard adaptive signal timing in effect
EVT417400,2026-01-10 10:24:38,Local Market Day,J023,Basavanagudi,3013,Weekend,False,Fog,False,0.0,False,False,0.568,High,22.4,45.5,136.5,0.094,0.218,0.968,Moderate traffic flow - standard adaptive signal timing in effect
EVT417401,2025-08-13 09:15:13,Concert,J012,Koramangala Sony World,18493,Weekday,False,Clear,False,0.0,False,False,1.0,Severe,7.4,69.2,765.7,0.223,0.516,0.923,Heavy congestion detected - signal timing extended and reroute suggested
EVT417402,2025-01-28 10:57:09,Local Market Day,J012,Koramangala Sony World,2858,Weekday,False,Clear,False,0.0,False,False,0.397,Moderate,30.7,31.6,162.8,0.137,0.318,0.945,Moderate traffic flow - standard adaptive signal timing in effect
EVT417403,2025-01-05 09:43:51,Sports Fixture,J020,Malleshwaram Circle,20392,Weekend,False,Clear,False,0.0,False,False,0.931,Severe,11.1,64.3,348.7,0.171,0.395,0.925,Heavy congestion detected - signal timing extended and reroute suggested
EVT417404,2025-07-30 08:14:10,Sports Fixture,J031,Cubbon Road,49326,Weekday,False,Clear,False,0.0,False,False,0.992,Severe,6.3,73.8,984.6,0.24,0.554,0.903,Heavy congestion detected - signal timing extended and reroute suggested
EVT417405,2025-03-14 17:02:04,Cultural Procession,J040,City Market,13088,Weekday,True,Fog,False,0.0,False,True,1.0,Severe,8.5,100.3,630.7,0.242,0.559,0.826,Road closure for event/procession - full detour recommended for through-traffic
EVT417406,2026-05-14 21:34:50,Sports Fixture,J020,Malleshwaram Circle,21263,Weekday,False,Light Rain,True,4.1,False,False,0.55,Moderate,21.3,44.3,149.0,0.09,0.208,0.941,Light rain detected - minor speed reduction advised
EVT417407,2026-02-23 23:34:36,Political Rally,J020,Malleshwaram Circle,16819,Weekday,False,Clear,False,0.0,True,False,0.597,High,22.1,42.0,200.0,0.136,0.313,0.812,Accident detected nearby - reroute and reduced speed advised
EVT417408,2026-06-02 21:03:07,Trade Fair,J040,City Market,10516,Weekday,False,Heavy Rain,True,99.2,False,False,0.872,Severe,12.8,57.2,503.9,0.234,0.541,0.875,Heavy rain reducing visibility and grip - reduced speed and longer buffer advised
EVT417409,2025-05-11 11:58:58,Local Market Day,J011,Indiranagar 100ft Road,3066,Weekend,False,Clear,False,0.0,False,False,0.298,Low,27.4,22.4,107.9,0.065,0.15,0.945,Moderate traffic flow - standard adaptive signal timing in effect
EVT417410,2026-03-03 19:18:11,Trade Fair,J011,Indiranagar 100ft Road,8243,Weekday,False,Clear,False,0.0,False,False,0.939,Severe,8.9,67.9,344.5,0.118,0.272,0.908,Heavy congestion detected - signal timing extended and reroute suggested
EVT417411,2025-02-08 08:46:16,Trade Fair,J031,Cubbon Road,7623,Weekend,False,Clear,False,0.0,False,False,0.853,Severe,12.4,54.4,193.2,0.073,0.169,0.943,Heavy congestion detected - signal timing extended and reroute suggested
EVT417412,2025-12-09 09:35:38,Concert,J031,Cubbon Road,13154,Weekday,False,Clear,False,0.0,False,False,1.0,Severe,9.4,72.9,197.7,0.082,0.189,0.936,Heavy congestion detected - signal timing extended and reroute suggested
EVT417413,2025-11-08 06:24:06,Sports Fixture,J031,Cubbon Road,19395,Weekend,False,Clear,False,0.0,False,False,0.454,Moderate,28.1,28.9,84.6,0.042,0.096,0.98,Moderate traffic flow - standard adaptive signal timing in effect
EVT417414,2025-04-16 17:09:16,Trade Fair,J009,Majestic,9282,Weekday,False,Clear,False,0.0,False,False,0.857,Severe,12.0,58.4,467.6,0.199,0.46,0.967,Heavy congestion detected - signal timing extended and reroute suggested
EVT417415,2026-02-20 14:50:27,Sports Fixture,J030,MG Road,29195,Weekday,False,Clear,False,0.0,False,False,0.363,Moderate,24.9,22.6,161.0,0.108,0.249,0.945,Moderate traffic flow - standard adaptive signal timing in effect
EVT417416,2025-03-31 19:45:29,Religious Festival,J011,Indiranagar 100ft Road,81161,Weekday,True,Clear,False,0.0,False,False,1.0,Severe,7.9,71.5,866.2,0.263,0.607,0.879,Festival crowd surge detected - alternate route and extended cycle recommended
EVT417417,2025-09-17 15:23:32,Local Market Day,J030,MG Road,3148,Weekday,False,Clear,False,0.0,False,False,0.345,Low,27.7,26.6,100.8,0.073,0.168,0.986,Moderate traffic flow - standard adaptive signal timing in effect
EVT417418,2025-10-06 15:06:23,Concert,J040,City Market,8561,Weekday,False,Rain,True,11.9,False,False,0.451,Moderate,26.3,25.3,196.4,0.154,0.355,0.924,Light rain detected - minor speed reduction advised
EVT417419,2025-11-28 05:14:50,Trade Fair,J031,Cubbon Road,9883,Weekday,False,Clear,False,0.0,False,False,0.221,Low,38.0,7.9,64.5,0.058,0.133,0.982,Normal free-flow traffic - standard signal timing maintained
EVT417420,2025-11-09 15:02:11,Political Rally,J009,Majestic,9197,Weekend,False,Clear,False,0.0,False,False,0.381,Moderate,33.0,25.7,109.7,0.107,0.247,0.987,Moderate traffic flow - standard adaptive signal timing in effect
EVT417421,2026-02-09 09:02:38,Local Market Day,J012,Koramangala Sony World,2786,Weekday,False,Clear,False,0.0,False,False,1.0,Severe,9.3,74.7,444.9,0.191,0.441,0.889,Heavy congestion detected - signal timing extended and reroute suggested
EVT417422,2026-05-31 10:04:25,Local Market Day,J011,Indiranagar 100ft Road,3446,Weekend,False,Clear,False,0.0,False,False,0.701,High,17.1,47.2,225.8,0.131,0.303,0.963,Moderate traffic flow - standard adaptive signal timing in effect
EVT417423,2025-08-24 15:58:59,Concert,J020,Malleshwaram Circle,10848,Weekend,False,Clear,False,0.0,False,False,0.562,High,25.5,36.7,194.1,0.149,0.345,0.983,Moderate traffic flow - standard adaptive signal timing in effect
EVT417424,2025-03-23 19:44:56,Trade Fair,J020,Malleshwaram Circle,15371,Weekend,False,Clear,False,0.0,False,False,0.814,Severe,15.3,56.8,161.5,0.093,0.215,0.927,Heavy congestion detected - signal timing extended and reroute suggested
EVT417425,2025-10-04 18:34:21,Local Market Day,J020,Malleshwaram Circle,2722,Weekend,False,Clear,False,0.0,False,False,0.888,Severe,13.5,69.1,497.5,0.24,0.553,0.91,Heavy congestion detected - signal timing extended and reroute suggested
EVT417426,2025-08-08 08:11:38,Trade Fair,J012,Koramangala Sony World,10216,Weekday,False,Rain,True,19.4,False,False,1.0,Severe,8.3,74.4,241.2,0.092,0.212,0.865,Heavy rain reducing visibility and grip - reduced speed and longer buffer advised
EVT417427,2026-03-06 16:05:20,Concert,J020,Malleshwaram Circle,15606,Weekday,False,Clear,False,0.0,False,False,0.488,Moderate,25.3,31.8,244.1,0.181,0.418,0.961,Moderate traffic flow - standard adaptive signal timing in effect
EVT417428,2025-06-23 07:23:13,Sports Fixture,J030,MG Road,12806,Weekday,False,Clear,False,0.0,False,False,0.605,High,21.9,36.8,247.7,0.153,0.353,0.955,Moderate traffic flow - standard adaptive signal timing in effect
EVT417429,2026-05-02 11:55:58,Fireworks Display,J030,MG Road,16263,Weekend,True,Clear,False,0.0,False,False,0.601,High,22.1,43.8,258.8,0.175,0.405,0.925,Festival crowd surge detected - alternate route and extended cycle recommended
EVT417430,2025-06-15 11:10:14,Local Market Day,J030,MG Road,4639,Weekend,False,Clear,False,0.0,False,False,0.404,Moderate,27.7,25.2,151.9,0.137,0.316,0.98,Moderate traffic flow - standard adaptive signal timing in effect
EVT417431,2025-05-21 14:11:09,Local Market Day,J011,Indiranagar 100ft Road,3658,Weekday,False,Clear,False,0.0,False,False,0.218,Low,32.4,13.2,88.8,0.074,0.171,0.932,Normal free-flow traffic - standard signal timing maintained
EVT417432,2025-02-28 17:33:56,Local Market Day,J031,Cubbon Road,4171,Weekday,False,Clear,False,0.0,False,False,0.955,Severe,13.4,65.6,148.0,0.074,0.171,0.909,Heavy congestion detected - signal timing extended and reroute suggested
EVT417433,2025-02-23 11:15:51,Local Market Day,J012,Koramangala Sony World,4589,Weekend,False,Clear,False,0.0,False,False,0.355,Moderate,30.8,24.3,158.4,0.123,0.283,0.963,Moderate traffic flow - standard adaptive signal timing in effect
EVT417434,2025-04-06 12:27:00,Cultural Procession,J030,MG Road,23626,Weekend,True,Clear,False,0.0,False,True,0.702,High,19.2,65.2,324.5,0.217,0.502,0.878,Road closure for event/procession - full detour recommended for through-traffic
EVT417435,2025-04-14 08:29:37,Religious Festival,J031,Cubbon Road,37046,Weekday,True,Light Rain,True,2.6,False,True,1.0,Severe,7.7,107.3,865.6,0.283,0.653,0.79,Road closure for event/procession - full detour recommended for through-traffic
EVT417436,2025-04-09 14:10:57,Sports Fixture,J040,City Market,27782,Weekday,False,Clear,False,0.0,False,False,0.414,Moderate,31.9,31.0,88.5,0.073,0.169,0.959,Moderate traffic flow - standard adaptive signal timing in effect
EVT417437,2025-04-06 21:04:42,Religious Festival,J023,Basavanagudi,65404,Weekend,True,Clear,False,0.0,False,True,1.0,Severe,8.0,95.6,437.8,0.16,0.371,0.833,Road closure for event/procession - full detour recommended for through-traffic
EVT417438,2025-01-02 10:46:45,Sports Fixture,J009,Majestic,16657,Weekday,False,Clear,False,0.0,False,False,0.633,High,20.0,37.7,165.7,0.085,0.196,0.936,Moderate traffic flow - standard adaptive signal timing in effect
EVT417439,2025-07-18 12:36:55,Trade Fair,J012,Koramangala Sony World,8331,Weekday,False,Heavy Rain,True,37.2,False,False,0.575,High,24.7,48.0,158.6,0.11,0.254,0.929,Heavy rain reducing visibility and grip - reduced speed and longer buffer advised
EVT417440,2025-04-01 21:51:15,Local Market Day,J012,Koramangala Sony World,3392,Weekday,False,Clear,False,0.0,False,False,0.281,Low,30.2,18.4,108.1,0.088,0.204,0.953,Moderate traffic flow - standard adaptive signal timing in effect
EVT417441,2025-10-12 17:58:37,Local Market Day,J012,Koramangala Sony World,3222,Weekend,False,Clear,False,0.0,False,False,0.834,Severe,14.3,59.7,383.2,0.185,0.427,0.939,Heavy congestion detected - signal timing extended and reroute suggested
EVT417442,2025-02-23 21:41:08,Local Market Day,J011,Indiranagar 100ft Road,8176,Weekend,False,Clear,False,0.0,False,False,0.363,Moderate,17.4,22.2,104.8,0.043,0.099,0.934,Moderate traffic flow - standard adaptive signal timing in effect
EVT417443,2025-08-30 08:54:13,Concert,J009,Majestic,18963,Weekend,False,Rain,True,15.3,False,False,1.0,Severe,8.6,65.4,664.0,0.235,0.542,0.846,Heavy rain reducing visibility and grip - reduced speed and longer buffer advised
EVT417444,2025-07-21 07:54:46,Sports Fixture,J020,Malleshwaram Circle,24411,Weekday,False,Clear,False,0.0,False,False,0.937,Severe,12.7,60.7,447.3,0.208,0.48,0.946,Heavy congestion detected - signal timing extended and reroute suggested
EVT417445,2025-05-23 20:48:53,Sports Fixture,J011,Indiranagar 100ft Road,21192,Weekday,False,Clear,False,0.0,False,False,0.624,High,18.1,36.8,148.8,0.078,0.18,0.963,Moderate traffic flow - standard adaptive signal timing in effect
EVT417446,2026-01-28 02:35:19,Local Market Day,J023,Basavanagudi,3443,Weekday,False,Clear,False,0.0,False,False,0.22,Low,39.8,19.4,109.5,0.101,0.233,0.963,Normal free-flow traffic - standard signal timing maintained
EVT417447,2025-03-19 18:06:14,Local Market Day,J009,Majestic,5299,Weekday,False,Clear,False,0.0,False,False,0.951,Severe,7.6,72.6,520.9,0.173,0.4,0.947,Heavy congestion detected - signal timing extended and reroute suggested
EVT417448,2025-02-04 09:43:13,Local Market Day,J020,Malleshwaram Circle,5893,Weekday,False,Clear,False,0.0,False,False,0.884,Severe,12.0,63.4,330.0,0.158,0.364,0.948,Heavy congestion detected - signal timing extended and reroute suggested
EVT417449,2025-10-26 19:42:17,Local Market Day,J009,Majestic,2925,Weekend,False,Rain,True,22.8,False,False,0.936,Severe,10.2,72.0,535.4,0.205,0.473,0.872,Heavy rain reducing visibility and grip - reduced speed and longer buffer advised
EVT417450,2025-08-31 19:18:32,Sports Fixture,J023,Basavanagudi,21869,Weekend,False,Fog,False,0.0,False,False,0.87,Severe,13.2,62.1,316.3,0.151,0.349,0.963,Heavy congestion detected - signal timing extended and reroute suggested
EVT417451,2026-01-03 19:30:08,Trade Fair,J030,MG Road,6796,Weekend,False,Clear,False,0.0,False,False,0.717,High,17.4,51.3,368.3,0.23,0.532,0.96,Moderate traffic flow - standard adaptive signal timing in effect
EVT417452,2025-06-22 19:32:39,Concert,J012,Koramangala Sony World,8425,Weekend,False,Clear,False,0.0,False,False,0.724,High,17.4,48.4,276.6,0.16,0.37,0.99,Moderate traffic flow - standard adaptive signal timing in effect
EVT417453,2025-04-01 10:21:42,Trade Fair,J012,Koramangala Sony World,9579,Weekday,False,Clear,False,0.0,False,False,0.675,High,20.8,53.1,194.9,0.144,0.333,0.938,Moderate traffic flow - standard adaptive signal timing in effect
EVT417454,2025-11-20 19:34:33,Local Market Day,J031,Cubbon Road,4800,Weekday,False,Clear,False,0.0,False,False,0.807,Severe,15.3,64.6,365.2,0.214,0.495,0.958,Heavy congestion detected - signal timing extended and reroute suggested
EVT417455,2025-06-01 19:27:17,Local Market Day,J040,City Market,6484,Weekend,False,Clear,False,0.0,False,False,0.799,Severe,12.1,57.9,478.2,0.213,0.493,0.954,Heavy congestion detected - signal timing extended and reroute suggested
EVT417456,2025-01-03 19:31:45,Sports Fixture,J012,Koramangala Sony World,28885,Weekday,False,Clear,False,0.0,False,False,1.0,Severe,8.6,70.8,526.9,0.191,0.442,0.899,Heavy congestion detected - signal timing extended and reroute suggested
EVT417457,2026-06-14 20:04:45,Local Market Day,J040,City Market,5991,Weekend,False,Heavy Rain,True,30.7,False,False,0.994,Severe,10.1,71.1,579.0,0.231,0.534,0.865,Heavy rain reducing visibility and grip - reduced speed and longer buffer advised
EVT417458,2026-05-05 13:36:54,Sports Fixture,J031,Cubbon Road,20902,Weekday,False,Light Rain,True,6.3,False,False,0.422,Moderate,27.3,33.9,253.0,0.19,0.44,0.917,Light rain detected - minor speed reduction advised
EVT417459,2025-12-04 07:57:40,Local Market Day,J011,Indiranagar 100ft Road,9558,Weekday,False,Clear,False,0.0,False,False,0.798,Severe,10.3,57.0,454.7,0.168,0.388,0.94,Heavy congestion detected - signal timing extended and reroute suggested
EVT417460,2025-08-08 08:43:34,Political Rally,J011,Indiranagar 100ft Road,9464,Weekday,False,Heavy Rain,True,32.8,False,False,1.0,Severe,8.2,66.7,379.9,0.125,0.289,0.874,Heavy rain reducing visibility and grip - reduced speed and longer buffer advised
EVT417461,2025-04-26 17:56:41,Trade Fair,J012,Koramangala Sony World,15171,Weekend,False,Clear,False,0.0,False,False,0.921,Severe,11.1,59.9,344.6,0.143,0.331,0.937,Heavy congestion detected - signal timing extended and reroute suggested
EVT417462,2026-05-27 06:45:58,Local Market Day,J023,Basavanagudi,2167,Weekday,False,Clear,False,0.0,False,False,0.327,Low,30.2,22.8,87.6,0.065,0.149,0.957,Moderate traffic flow - standard adaptive signal timing in effect
EVT417463,2025-06-07 14:39:27,Concert,J031,Cubbon Road,12922,Weekend,False,Clear,False,0.0,False,False,0.256,Low,34.5,18.0,109.1,0.101,0.233,0.958,Moderate traffic flow - standard adaptive signal timing in effect
EVT417464,2026-04-26 14:53:43,Sports Fixture,J009,Majestic,8842,Weekend,False,Clear,False,0.0,False,False,0.314,Low,35.6,16.5,147.4,0.117,0.271,0.969,Moderate traffic flow - standard adaptive signal timing in effect
EVT417465,2026-02-19 07:19:18,Local Market Day,J030,MG Road,4387,Weekday,False,Clear,False,0.0,False,False,0.519,Moderate,24.9,35.5,147.5,0.102,0.236,0.983,Moderate traffic flow - standard adaptive signal timing in effect
EVT417466,2026-05-28 08:38:24,Trade Fair,J011,Indiranagar 100ft Road,10821,Weekday,False,Clear,False,0.0,False,False,0.98,Severe,6.9,73.9,1003.4,0.294,0.678,0.923,Heavy congestion detected - signal timing extended and reroute suggested
EVT417467,2025-05-31 00:41:32,Local Market Day,J040,City Market,2649,Weekend,False,Rain,True,7.8,False,False,0.304,Low,27.6,17.2,90.6,0.069,0.159,0.9,Light rain detected - minor speed reduction advised
EVT417468,2026-01-30 08:25:15,Local Market Day,J020,Malleshwaram Circle,5016,Weekday,False,Clear,False,0.0,False,False,0.942,Severe,7.5,68.8,530.4,0.166,0.383,0.925,Heavy congestion detected - signal timing extended and reroute suggested
EVT417469,2025-04-11 16:54:21,Sports Fixture,J009,Majestic,18384,Weekday,False,Light Rain,True,4.2,False,False,0.909,Severe,11.2,60.5,616.0,0.276,0.639,0.875,Heavy rain reducing visibility and grip - reduced speed and longer buffer advised
EVT417470,2025-09-29 16:33:04,Sports Fixture,J012,Koramangala Sony World,15962,Weekday,False,Clear,False,0.0,False,False,0.617,High,18.0,41.7,277.0,0.168,0.389,0.95,Moderate traffic flow - standard adaptive signal timing in effect
EVT417471,2026-02-15 07:30:10,Political Rally,J030,MG Road,13099,Weekend,False,Clear,False,0.0,False,False,0.605,High,26.9,45.2,175.6,0.124,0.287,0.973,Moderate traffic flow - standard adaptive signal timing in effect
EVT417472,2026-01-16 08:51:12,Political Rally,J040,City Market,9784,Weekday,False,Clear,False,0.0,False,False,1.0,Severe,7.7,67.0,770.9,0.249,0.575,0.922,Heavy congestion detected - signal timing extended and reroute suggested
EVT417473,2025-07-17 07:55:27,Sports Fixture,J011,Indiranagar 100ft Road,30883,Weekday,False,Clear,False,0.0,False,False,0.973,Severe,11.0,68.5,481.5,0.202,0.468,0.911,Heavy congestion detected - signal timing extended and reroute suggested
EVT417474,2026-03-17 09:51:39,Local Market Day,J040,City Market,3730,Weekday,False,Clear,False,0.0,False,False,0.87,Severe,12.9,64.8,428.0,0.201,0.463,0.969,Heavy congestion detected - signal timing extended and reroute suggested
EVT417475,2025-04-14 09:27:27,Religious Festival,J040,City Market,34828,Weekday,True,Clear,False,0.0,False,True,1.0,Severe,7.0,98.5,700.0,0.213,0.492,0.823,Road closure for event/procession - full detour recommended for through-traffic
EVT417476,2026-06-02 08:23:56,Political Rally,J031,Cubbon Road,9864,Weekday,False,Clear,False,0.0,False,False,0.879,Severe,10.9,62.4,161.2,0.08,0.184,0.945,Heavy congestion detected - signal timing extended and reroute suggested
EVT417477,2025-11-28 13:32:36,Trade Fair,J009,Majestic,8189,Weekday,False,Rain,True,12.5,False,False,0.289,Low,32.3,20.7,148.3,0.119,0.274,0.93,Light rain detected - minor speed reduction advised
EVT417478,2025-07-05 13:17:16,Local Market Day,J011,Indiranagar 100ft Road,5475,Weekend,False,Heavy Rain,True,34.3,False,False,0.553,High,26.6,42.3,141.2,0.089,0.206,0.897,Heavy rain reducing visibility and grip - reduced speed and longer buffer advised
EVT417479,2025-01-15 21:52:20,Cultural Procession,J023,Basavanagudi,22284,Weekday,True,Clear,False,0.0,False,True,0.778,High,14.5,75.9,305.8,0.144,0.333,0.878,Road closure for event/procession - full detour recommended for through-traffic
EVT417480,2025-07-18 19:38:22,Sports Fixture,J020,Malleshwaram Circle,20095,Weekday,False,Rain,True,13.3,False,False,1.0,Severe,10.7,74.0,367.3,0.149,0.345,0.844,Heavy rain reducing visibility and grip - reduced speed and longer buffer advised
EVT417481,2025-07-04 10:13:24,Sports Fixture,J009,Majestic,20175,Weekday,False,Clear,False,0.0,False,False,0.807,Severe,16.3,52.2,322.7,0.195,0.45,0.973,Heavy congestion detected - signal timing extended and reroute suggested
EVT417482,2025-03-02 19:11:42,Sports Fixture,J023,Basavanagudi,13514,Weekend,False,Clear,False,0.0,False,False,0.882,Severe,8.9,59.0,587.9,0.206,0.476,0.951,Heavy congestion detected - signal timing extended and reroute suggested
EVT417483,2026-04-13 08:56:48,Sports Fixture,J023,Basavanagudi,18707,Weekday,False,Clear,False,0.0,False,False,1.0,Severe,9.1,69.7,665.3,0.277,0.639,0.942,Heavy congestion detected - signal timing extended and reroute suggested
EVT417484,2026-05-12 14:17:25,Concert,J009,Majestic,16219,Weekday,False,Rain,True,13.9,False,False,0.507,Moderate,26.6,40.8,252.4,0.184,0.424,0.948,Light rain detected - minor speed reduction advised
EVT417485,2025-07-08 18:06:19,Sports Fixture,J030,MG Road,36908,Weekday,False,Rain,True,12.5,False,False,1.0,Severe,7.5,72.6,738.1,0.245,0.566,0.874,Heavy rain reducing visibility and grip - reduced speed and longer buffer advised
EVT417486,2026-05-29 13:17:56,Trade Fair,J030,MG Road,13027,Weekday,False,Clear,False,0.0,False,False,0.205,Low,28.6,13.7,51.8,0.041,0.094,0.961,Normal free-flow traffic - standard signal timing maintained
EVT417487,2026-01-21 14:47:45,Local Market Day,J011,Indiranagar 100ft Road,2152,Weekday,False,Clear,False,0.0,False,False,0.205,Low,30.7,13.4,169.3,0.168,0.387,0.947,Normal free-flow traffic - standard signal timing maintained
EVT417488,2025-02-02 14:11:08,Trade Fair,J020,Malleshwaram Circle,6501,Weekend,False,Clear,False,0.0,False,False,0.292,Low,32.0,19.4,130.7,0.105,0.243,0.952,Moderate traffic flow - standard adaptive signal timing in effect
EVT417489,2026-05-01 10:19:46,Cultural Procession,J040,City Market,15332,Weekday,True,Clear,False,0.0,False,False,0.972,Severe,11.1,69.8,491.1,0.187,0.432,0.874,Festival crowd surge detected - alternate route and extended cycle recommended
EVT417490,2025-01-24 17:33:14,Local Market Day,J012,Koramangala Sony World,2995,Weekday,False,Clear,False,0.0,False,False,0.872,Severe,13.6,66.3,333.2,0.189,0.438,0.934,Heavy congestion detected - signal timing extended and reroute suggested
EVT417491,2025-12-24 18:20:49,Sports Fixture,J011,Indiranagar 100ft Road,22438,Weekday,False,Clear,False,0.0,False,False,1.0,Severe,7.7,72.3,602.1,0.192,0.442,0.928,Heavy congestion detected - signal timing extended and reroute suggested
EVT417492,2025-10-15 23:55:27,Political Rally,J030,MG Road,15520,Weekday,False,Light Rain,True,2.8,False,False,0.375,Moderate,32.7,21.0,143.4,0.114,0.263,0.921,Light rain detected - minor speed reduction advised
EVT417493,2025-10-31 00:40:05,Concert,J040,City Market,11509,Weekday,False,Clear,False,0.0,False,False,0.11,Low,34.7,10.8,142.1,0.119,0.275,0.977,Normal free-flow traffic - standard signal timing maintained
EVT417494,2025-12-19 22:11:38,Local Market Day,J012,Koramangala Sony World,3055,Weekday,False,Clear,False,0.0,False,False,0.293,Low,31.9,19.7,105.9,0.08,0.185,0.942,Moderate traffic flow - standard adaptive signal timing in effect
EVT417495,2025-10-16 18:42:00,Local Market Day,J020,Malleshwaram Circle,4720,Weekday,False,Rain,True,14.1,False,False,1.0,Severe,10.5,70.3,619.1,0.278,0.643,0.871,Heavy rain reducing visibility and grip - reduced speed and longer buffer advised
EVT417496,2025-10-13 12:00:47,Local Market Day,J012,Koramangala Sony World,5294,Weekday,False,Rain,True,8.9,False,False,0.359,Moderate,28.3,23.7,201.2,0.174,0.402,0.907,Light rain detected - minor speed reduction advised
EVT417497,2026-05-31 15:04:22,Sports Fixture,J023,Basavanagudi,24622,Weekend,False,Clear,False,0.0,False,False,0.355,Moderate,35.1,28.9,209.8,0.216,0.5,0.952,Moderate traffic flow - standard adaptive signal timing in effect
EVT417498,2025-08-21 17:09:01,Concert,J011,Indiranagar 100ft Road,9299,Weekday,False,Clear,False,0.0,False,False,0.824,Severe,15.7,58.7,321.1,0.192,0.443,0.958,Heavy congestion detected - signal timing extended and reroute suggested
EVT417499,2025-12-05 08:53:03,Local Market Day,J011,Indiranagar 100ft Road,3841,Weekday,False,Clear,False,0.0,False,False,1.0,Severe,6.7,68.5,251.5,0.09,0.208,0.919,Heavy congestion detected - signal timing extended and reroute suggested
EVT417500,2025-01-30 16:56:05,Trade Fair,J030,MG Road,6736,Weekday,False,Clear,False,0.0,False,False,0.756,Severe,18.0,58.8,279.3,0.155,0.357,0.957,Heavy congestion detected - signal timing extended and reroute suggested
EVT417501,2025-08-18 17:47:41,Trade Fair,J011,Indiranagar 100ft Road,8169,Weekday,False,Clear,False,0.0,False,False,1.0,Severe,7.1,68.5,547.2,0.163,0.376,0.927,Heavy congestion detected - signal timing extended and reroute suggested
EVT417502,2025-01-25 14:45:01,Sports Fixture,J031,Cubbon Road,20933,Weekend,False,Clear,False,0.0,False,False,0.41,Moderate,28.6,32.0,82.3,0.062,0.144,0.984,Moderate traffic flow - standard adaptive signal timing in effect
EVT417503,2026-06-01 18:52:34,Concert,J012,Koramangala Sony World,8300,Weekday,False,Light Rain,True,4.4,False,False,1.0,Severe,7.9,67.3,401.6,0.153,0.353,0.84,Heavy rain reducing visibility and grip - reduced speed and longer buffer advised
EVT417504,2025-04-08 14:03:55,Sports Fixture,J009,Majestic,35850,Weekday,False,Fog,False,0.0,False,False,0.295,Low,32.3,20.7,148.6,0.125,0.288,0.972,Moderate traffic flow - standard adaptive signal timing in effect
EVT417505,2026-03-15 07:10:27,Political Rally,J030,MG Road,19945,Weekend,False,Clear,False,0.0,False,False,0.627,High,19.5,49.5,216.4,0.134,0.31,0.969,Moderate traffic flow - standard adaptive signal timing in effect
EVT417506,2026-02-10 11:02:47,Local Market Day,J023,Basavanagudi,5054,Weekday,False,Clear,False,0.0,False,False,0.396,Moderate,26.0,27.3,237.9,0.189,0.436,0.948,Moderate traffic flow - standard adaptive signal timing in effect
EVT417507,2025-10-03 11:47:40,Religious Festival,J011,Indiranagar 100ft Road,46860,Weekday,True,Fog,False,0.0,False,True,0.903,Severe,11.4,86.5,344.4,0.143,0.331,0.824,Road closure for event/procession - full detour recommended for through-traffic
EVT417508,2025-03-24 19:25:21,Local Market Day,J009,Majestic,3705,Weekday,False,Clear,False,0.0,False,False,0.952,Severe,8.9,64.8,555.8,0.191,0.441,0.906,Heavy congestion detected - signal timing extended and reroute suggested
EVT417509,2026-01-19 17:45:22,Concert,J012,Koramangala Sony World,11679,Weekday,False,Clear,False,0.0,False,False,0.989,Severe,8.6,69.7,565.5,0.201,0.464,0.913,Heavy congestion detected - signal timing extended and reroute suggested
EVT417510,2026-01-16 07:04:05,Local Market Day,J011,Indiranagar 100ft Road,6142,Weekday,False,Clear,False,0.0,False,False,0.431,Moderate,28.3,39.9,177.1,0.126,0.291,0.966,Moderate traffic flow - standard adaptive signal timing in effect
EVT417511,2026-02-03 22:59:22,Concert,J011,Indiranagar 100ft Road,11279,Weekday,False,Clear,False,0.0,False,False,0.185,Low,34.8,18.5,153.8,0.132,0.306,0.972,Normal free-flow traffic - standard signal timing maintained
EVT417512,2026-01-15 12:53:09,Cultural Procession,J040,City Market,11570,Weekday,True,Clear,False,0.0,False,True,0.557,Moderate,24.5,53.9,223.6,0.158,0.364,0.907,Road closure for event/procession - full detour recommended for through-traffic
EVT417513,2025-10-08 19:56:19,Local Market Day,J009,Majestic,2663,Weekday,False,Fog,False,0.0,False,False,0.723,High,16.1,52.2,304.9,0.147,0.34,0.967,Moderate traffic flow - standard adaptive signal timing in effect
EVT417514,2026-04-11 19:57:53,Local Market Day,J031,Cubbon Road,4915,Weekend,False,Clear,False,0.0,False,False,0.718,High,18.2,49.8,333.3,0.212,0.49,0.975,Moderate traffic flow - standard adaptive signal timing in effect
EVT417515,2026-02-02 07:36:35,Sports Fixture,J020,Malleshwaram Circle,25915,Weekday,False,Clear,False,0.0,False,False,0.853,Severe,13.1,59.5,239.1,0.115,0.265,0.948,Heavy congestion detected - signal timing extended and reroute suggested
EVT417516,2025-04-09 09:49:58,Local Market Day,J030,MG Road,3259,Weekday,False,Rain,True,14.7,False,False,1.0,Severe,7.1,70.4,755.1,0.224,0.517,0.857,Heavy rain reducing visibility and grip - reduced speed and longer buffer advised
EVT417517,2025-06-09 14:32:06,Sports Fixture,J030,MG Road,30716,Weekday,False,Clear,False,0.0,False,False,0.356,Moderate,37.2,24.9,129.4,0.121,0.279,0.95,Moderate traffic flow - standard adaptive signal timing in effect
EVT417518,2025-06-11 20:50:26,Concert,J040,City Market,9800,Weekday,False,Heavy Rain,True,111.5,False,False,0.913,Severe,10.8,64.7,345.3,0.158,0.364,0.904,Heavy rain reducing visibility and grip - reduced speed and longer buffer advised
EVT417519,2025-02-17 15:55:54,Sports Fixture,J040,City Market,27507,Weekday,False,Clear,False,0.0,False,False,0.602,High,22.6,37.8,107.6,0.056,0.129,0.946,Moderate traffic flow - standard adaptive signal timing in effect
EVT417520,2025-04-21 17:52:01,Local Market Day,J011,Indiranagar 100ft Road,4048,Weekday,False,Clear,False,0.0,False,False,0.985,Severe,9.9,68.0,181.0,0.085,0.197,0.921,Heavy congestion detected - signal timing extended and reroute suggested
EVT417521,2026-06-14 08:43:12,Sports Fixture,J031,Cubbon Road,28752,Weekend,False,Light Rain,True,6.5,False,False,1.0,Severe,7.2,67.3,459.6,0.137,0.317,0.868,Heavy rain reducing visibility and grip - reduced speed and longer buffer advised
EVT417522,2026-02-23 06:30:46,Concert,J012,Koramangala Sony World,11152,Weekday,False,Light Rain,True,1.1,False,False,0.398,Moderate,22.2,31.7,281.9,0.176,0.407,0.922,Light rain detected - minor speed reduction advised
EVT417523,2025-12-05 17:38:05,Sports Fixture,J040,City Market,11286,Weekday,False,Clear,False,0.0,False,False,0.912,Severe,12.1,55.9,313.7,0.136,0.314,0.929,Heavy congestion detected - signal timing extended and reroute suggested
EVT417524,2026-06-01 16:38:59,Political Rally,J040,City Market,18648,Weekday,False,Heavy Rain,True,38.5,False,False,1.0,Severe,11.5,70.8,322.8,0.151,0.348,0.869,Heavy rain reducing visibility and grip - reduced speed and longer buffer advised
EVT417525,2025-01-23 09:05:20,Sports Fixture,J031,Cubbon Road,37420,Weekday,False,Clear,False,0.0,False,False,1.0,Severe,8.0,71.4,338.4,0.117,0.27,0.906,Heavy congestion detected - signal timing extended and reroute suggested
EVT417526,2025-07-19 08:45:42,Local Market Day,J011,Indiranagar 100ft Road,3797,Weekend,False,Clear,False,0.0,False,False,0.829,Severe,10.9,57.0,602.9,0.253,0.584,0.97,Heavy congestion detected - signal timing extended and reroute suggested
EVT417527,2026-06-18 13:42:32,Local Market Day,J031,Cubbon Road,6583,Weekday,False,Clear,False,0.0,False,False,0.263,Low,35.6,17.2,84.8,0.068,0.158,0.973,Moderate traffic flow - standard adaptive signal timing in effect
EVT417528,2025-06-26 11:53:20,Sports Fixture,J009,Majestic,18432,Weekday,False,Light Rain,True,4.9,False,False,0.363,Moderate,30.7,28.7,218.7,0.188,0.433,0.907,Light rain detected - minor speed reduction advised
EVT417529,2025-11-07 19:15:33,Sports Fixture,J031,Cubbon Road,12331,Weekday,False,Clear,False,0.0,False,False,1.0,Severe,8.4,69.8,791.9,0.26,0.6,0.918,Heavy congestion detected - signal timing extended and reroute suggested
EVT417530,2026-04-02 09:28:23,Trade Fair,J031,Cubbon Road,8594,Weekday,False,Clear,False,0.0,False,False,0.921,Severe,10.7,67.7,372.7,0.166,0.383,0.963,Heavy congestion detected - signal timing extended and reroute suggested
EVT417531,2026-06-03 07:12:06,Local Market Day,J030,MG Road,6113,Weekday,False,Heavy Rain,True,85.2,False,False,0.805,Severe,14.5,56.3,428.5,0.216,0.499,0.932,Heavy rain reducing visibility and grip - reduced speed and longer buffer advised
EVT417532,2025-11-21 10:48:23,Concert,J012,Koramangala Sony World,10408,Weekday,False,Clear,False,0.0,False,False,0.561,High,24.6,36.8,171.5,0.153,0.353,0.972,Moderate traffic flow - standard adaptive signal timing in effect
EVT417533,2026-04-26 17:01:46,Sports Fixture,J020,Malleshwaram Circle,17130,Weekend,False,Rain,True,18.8,False,False,0.946,Severe,10.4,68.6,459.3,0.18,0.415,0.853,Heavy rain reducing visibility and grip - reduced speed and longer buffer advised
EVT417534,2026-01-21 16:36:03,Political Rally,J012,Koramangala Sony World,10623,Weekday,False,Clear,False,0.0,False,False,0.51,Moderate,18.0,39.2,227.2,0.136,0.314,0.942,Moderate traffic flow - standard adaptive signal timing in effect
EVT417535,2025-09-08 13:14:34,Local Market Day,J031,Cubbon Road,4174,Weekday,False,Heavy Rain,True,44.2,False,False,0.431,Moderate,24.7,35.8,253.1,0.186,0.431,0.921,Light rain detected - minor speed reduction advised
EVT417536,2026-04-16 20:30:01,Sports Fixture,J030,MG Road,20212,Weekday,False,Clear,False,0.0,False,False,0.809,Severe,14.4,59.8,393.8,0.199,0.46,0.95,Heavy congestion detected - signal timing extended and reroute suggested
EVT417537,2025-08-29 19:02:40,Sports Fixture,J040,City Market,35517,Weekday,False,Clear,False,0.0,False,False,1.0,Severe,8.2,75.2,823.6,0.267,0.616,0.902,Heavy congestion detected - signal timing extended and reroute suggested
EVT417538,2025-11-05 20:23:30,Sports Fixture,J009,Majestic,54262,Weekday,False,Clear,False,0.0,False,False,0.892,Severe,10.8,60.0,285.8,0.113,0.261,0.941,Heavy congestion detected - signal timing extended and reroute suggested
EVT417539,2025-07-22 13:22:06,Sports Fixture,J012,Koramangala Sony World,21750,Weekday,False,Clear,False,0.0,False,False,0.261,Low,32.5,20.5,176.5,0.144,0.332,0.97,Moderate traffic flow - standard adaptive signal timing in effect
EVT417540,2026-04-15 09:50:55,Cultural Procession,J040,City Market,22446,Weekday,True,Clear,False,0.0,False,True,1.0,Severe,9.4,97.9,218.5,0.092,0.213,0.859,Road closure for event/procession - full detour recommended for through-traffic
EVT417541,2025-11-16 17:30:18,Concert,J009,Majestic,14316,Weekend,False,Clear,False,0.0,False,False,0.784,Severe,14.4,56.1,267.0,0.135,0.312,0.975,Heavy congestion detected - signal timing extended and reroute suggested
EVT417542,2026-02-10 09:28:50,Concert,J009,Majestic,5248,Weekday,False,Clear,False,0.0,False,False,0.94,Severe,10.5,66.1,381.3,0.149,0.343,0.948,Heavy congestion detected - signal timing extended and reroute suggested
EVT417543,2026-02-23 14:08:33,Sports Fixture,J011,Indiranagar 100ft Road,34033,Weekday,False,Clear,False,0.0,False,False,0.402,Moderate,28.6,26.1,178.4,0.133,0.307,0.947,Moderate traffic flow - standard adaptive signal timing in effect
EVT417544,2026-02-27 09:11:25,Trade Fair,J031,Cubbon Road,9143,Weekday,False,Clear,False,0.0,False,False,1.0,Severe,7.6,71.5,574.9,0.217,0.502,0.919,Heavy congestion detected - signal timing extended and reroute suggested
EVT417545,2025-12-13 22:58:42,Sports Fixture,J020,Malleshwaram Circle,21593,Weekend,False,Clear,False,0.0,False,False,0.331,Low,27.6,13.9,189.4,0.137,0.317,0.964,Moderate traffic flow - standard adaptive signal timing in effect
EVT417546,2025-01-04 08:44:08,Trade Fair,J009,Majestic,8329,Weekend,False,Clear,False,0.0,False,False,0.886,Severe,11.0,56.8,427.5,0.169,0.39,0.957,Heavy congestion detected - signal timing extended and reroute suggested
EVT417547,2026-04-09 12:58:04,Trade Fair,J040,City Market,11771,Weekday,False,Clear,False,0.0,False,False,0.234,Low,31.2,11.7,57.7,0.063,0.146,0.967,Normal free-flow traffic - standard signal timing maintained
EVT417548,2025-10-21 08:54:17,Religious Festival,J009,Majestic,43868,Weekday,True,Clear,False,0.0,False,True,1.0,Severe,9.2,104.6,664.6,0.255,0.589,0.844,Road closure for event/procession - full detour recommended for through-traffic
EVT417549,2025-12-31 08:42:13,Concert,J009,Majestic,14260,Weekday,False,Clear,False,0.0,False,False,1.0,Severe,6.1,74.6,860.9,0.196,0.452,0.92,Heavy congestion detected - signal timing extended and reroute suggested
EVT417550,2026-05-21 23:08:44,Political Rally,J020,Malleshwaram Circle,21415,Weekday,False,Clear,False,0.0,False,False,0.336,Low,33.6,26.0,74.4,0.061,0.141,0.979,Moderate traffic flow - standard adaptive signal timing in effect
EVT417551,2026-01-15 12:55:12,Religious Festival,J011,Indiranagar 100ft Road,45374,Weekday,True,Clear,False,0.0,False,True,0.809,High,16.0,93.6,255.5,0.147,0.339,0.887,Road closure for event/procession - full detour recommended for through-traffic
EVT417552,2025-05-18 12:03:07,Concert,J012,Koramangala Sony World,10408,Weekend,False,Clear,False,0.0,False,False,0.269,Low,25.1,22.5,221.3,0.158,0.366,0.949,Moderate traffic flow - standard adaptive signal timing in effect
EVT417553,2026-03-16 18:56:42,Local Market Day,J030,MG Road,4424,Weekday,False,Fog,False,0.0,False,False,0.965,Severe,11.7,72.8,461.9,0.211,0.487,0.922,Heavy congestion detected - signal timing extended and reroute suggested
EVT417554,2025-03-22 10:21:47,Trade Fair,J031,Cubbon Road,10308,Weekend,False,Clear,False,0.0,False,False,0.621,High,19.6,44.1,178.4,0.098,0.225,0.949,Moderate traffic flow - standard adaptive signal timing in effect
EVT417555,2025-03-17 19:07:30,Trade Fair,J040,City Market,12436,Weekday,False,Clear,False,0.0,False,False,0.998,Severe,9.6,79.0,489.1,0.195,0.451,0.92,Heavy congestion detected - signal timing extended and reroute suggested
EVT417556,2025-03-29 19:35:40,Political Rally,J023,Basavanagudi,18549,Weekend,False,Clear,False,0.0,False,False,0.806,Severe,13.7,57.1,306.8,0.142,0.328,0.934,Heavy congestion detected - signal timing extended and reroute suggested
EVT417557,2025-10-20 17:49:49,Fireworks Display,J040,City Market,15796,Weekday,True,Rain,True,15.3,False,False,1.0,Severe,9.5,74.7,799.3,0.288,0.666,0.828,Festival crowd surge detected - alternate route and extended cycle recommended
EVT417558,2025-05-12 12:01:34,Local Market Day,J040,City Market,4757,Weekday,False,Heavy Rain,True,37.1,False,False,0.556,High,21.3,39.7,262.4,0.173,0.4,0.926,Heavy rain reducing visibility and grip - reduced speed and longer buffer advised
EVT417559,2026-04-23 18:02:44,Concert,J009,Majestic,15584,Weekday,False,Clear,False,0.0,False,False,0.994,Severe,8.4,76.8,634.4,0.225,0.519,0.951,Heavy congestion detected - signal timing extended and reroute suggested
EVT417560,2025-12-11 17:23:50,Sports Fixture,J030,MG Road,10322,Weekday,False,Fog,False,0.0,False,False,0.856,Severe,12.7,66.4,582.9,0.287,0.663,0.958,Heavy congestion detected - signal timing extended and reroute suggested
EVT417561,2025-01-09 05:48:16,Political Rally,J009,Majestic,18193,Weekday,False,Clear,False,0.0,False,False,0.311,Low,22.0,22.4,329.8,0.196,0.453,0.967,Moderate traffic flow - standard adaptive signal timing in effect
EVT417562,2025-06-21 16:37:30,Sports Fixture,J030,MG Road,33365,Weekend,False,Rain,True,16.8,False,False,0.942,Severe,12.0,72.0,457.6,0.235,0.544,0.879,Heavy rain reducing visibility and grip - reduced speed and longer buffer advised
EVT417563,2025-07-09 09:13:09,Concert,J023,Basavanagudi,9151,Weekday,False,Heavy Rain,True,73.5,False,False,1.0,Severe,7.1,70.7,691.9,0.205,0.474,0.891,Heavy rain reducing visibility and grip - reduced speed and longer buffer advised
EVT417564,2026-05-21 15:45:17,Concert,J031,Cubbon Road,13357,Weekday,False,Fog,False,0.0,False,False,0.459,Moderate,29.1,36.1,311.9,0.255,0.59,0.98,Moderate traffic flow - standard adaptive signal timing in effect
EVT417565,2025-07-27 06:40:15,Trade Fair,J040,City Market,8551,Weekend,False,Clear,False,0.0,False,False,0.362,Moderate,27.7,23.2,179.6,0.133,0.308,0.97,Moderate traffic flow - standard adaptive signal timing in effect
EVT417566,2025-08-12 21:51:10,Local Market Day,J040,City Market,7903,Weekday,False,Rain,True,20.0,False,False,0.53,Moderate,15.9,38.4,192.8,0.106,0.244,0.922,Light rain detected - minor speed reduction advised
EVT417567,2025-12-24 18:46:37,Concert,J031,Cubbon Road,23429,Weekday,False,Clear,False,0.0,False,False,1.0,Severe,7.8,75.1,312.0,0.132,0.305,0.907,Heavy congestion detected - signal timing extended and reroute suggested
EVT417568,2025-01-16 08:16:51,Local Market Day,J020,Malleshwaram Circle,3097,Weekday,False,Clear,False,0.0,False,False,0.898,Severe,14.6,59.6,156.8,0.099,0.228,0.935,Heavy congestion detected - signal timing extended and reroute suggested
EVT417569,2026-06-06 23:34:45,Sports Fixture,J040,City Market,18643,Weekend,False,Rain,True,23.6,False,False,0.596,High,22.1,42.4,184.2,0.105,0.243,0.892,Heavy rain reducing visibility and grip - reduced speed and longer buffer advised
EVT417570,2025-01-26 18:08:54,Cultural Procession,J012,Koramangala Sony World,15102,Weekend,True,Clear,False,0.0,False,True,1.0,Severe,10.2,97.9,429.7,0.191,0.441,0.84,Road closure for event/procession - full detour recommended for through-traffic
EVT417571,2026-03-26 14:40:09,Religious Festival,J040,City Market,69714,Weekday,True,Clear,False,0.0,False,True,0.965,Severe,11.0,92.0,605.7,0.281,0.649,0.863,Road closure for event/procession - full detour recommended for through-traffic
EVT417572,2025-04-10 12:04:08,Local Market Day,J040,City Market,3427,Weekday,False,Rain,True,8.9,False,False,0.284,Low,29.4,22.1,129.8,0.125,0.29,0.907,Light rain detected - minor speed reduction advised
EVT417573,2025-04-20 12:21:16,Sports Fixture,J020,Malleshwaram Circle,21948,Weekend,False,Clear,False,0.0,False,False,0.44,Moderate,22.9,34.8,156.5,0.095,0.22,0.973,Moderate traffic flow - standard adaptive signal timing in effect
EVT417574,2025-01-28 19:58:47,Sports Fixture,J020,Malleshwaram Circle,24869,Weekday,False,Clear,False,0.0,False,False,0.758,Severe,18.8,57.9,235.7,0.153,0.354,0.959,Heavy congestion detected - signal timing extended and reroute suggested
EVT417575,2026-03-23 10:52:18,Local Market Day,J040,City Market,4612,Weekday,False,Clear,False,0.0,False,False,0.432,Moderate,26.7,33.3,194.1,0.133,0.306,0.961,Moderate traffic flow - standard adaptive signal timing in effect
EVT417576,2025-11-30 19:17:57,Local Market Day,J031,Cubbon Road,5231,Weekend,False,Clear,False,0.0,False,False,0.823,Severe,13.0,56.9,511.1,0.251,0.58,0.968,Heavy congestion detected - signal timing extended and reroute suggested
EVT417577,2025-10-11 09:21:09,Sports Fixture,J030,MG Road,20596,Weekend,False,Clear,False,0.0,False,False,0.944,Severe,12.8,69.4,260.2,0.127,0.293,0.926,Heavy congestion detected - signal timing extended and reroute suggested
EVT417578,2026-05-27 22:06:45,Concert,J023,Basavanagudi,12855,Weekday,False,Rain,True,9.8,False,False,0.378,Moderate,26.2,34.3,84.5,0.054,0.124,0.898,Light rain detected - minor speed reduction advised
EVT417579,2025-02-14 07:18:28,Sports Fixture,J011,Indiranagar 100ft Road,20374,Weekday,False,Clear,False,0.0,False,False,0.638,High,20.0,47.4,236.2,0.157,0.363,0.965,Moderate traffic flow - standard adaptive signal timing in effect
EVT417580,2026-03-21 00:07:22,Concert,J020,Malleshwaram Circle,21768,Weekend,False,Clear,False,0.0,False,False,0.348,Low,25.2,29.9,159.3,0.114,0.262,0.967,Moderate traffic flow - standard adaptive signal timing in effect
EVT417581,2026-06-04 15:17:01,Trade Fair,J031,Cubbon Road,14477,Weekday,False,Clear,False,0.0,False,False,0.365,Moderate,32.2,21.5,53.1,0.044,0.103,0.954,Moderate traffic flow - standard adaptive signal timing in effect
EVT417582,2026-05-28 10:49:34,Trade Fair,J023,Basavanagudi,5729,Weekday,False,Clear,False,0.0,False,False,0.49,Moderate,20.1,36.2,346.1,0.22,0.509,0.964,Moderate traffic flow - standard adaptive signal timing in effect
EVT417583,2026-03-28 19:51:20,Trade Fair,J030,MG Road,5461,Weekend,False,Clear,False,0.0,False,False,0.659,High,15.6,49.2,307.0,0.17,0.392,0.933,Moderate traffic flow - standard adaptive signal timing in effect
EVT417584,2025-08-27 13:34:05,Religious Festival,J023,Basavanagudi,54236,Weekday,True,Clear,False,0.0,False,True,0.777,High,14.4,82.9,251.5,0.132,0.305,0.861,Road closure for event/procession - full detour recommended for through-traffic
EVT417585,2025-10-02 10:37:43,Religious Festival,J040,City Market,53058,Weekday,True,Clear,False,0.0,False,False,1.0,Severe,8.9,71.2,598.2,0.227,0.525,0.862,Festival crowd surge detected - alternate route and extended cycle recommended
EVT417586,2025-09-29 08:07:32,Local Market Day,J020,Malleshwaram Circle,3524,Weekday,False,Clear,False,0.0,False,False,0.784,Severe,17.3,60.3,232.7,0.144,0.333,0.965,Heavy congestion detected - signal timing extended and reroute suggested
EVT417587,2025-09-28 15:04:46,Concert,J030,MG Road,9038,Weekend,False,Heavy Rain,True,29.6,False,False,0.583,High,20.5,38.2,204.4,0.12,0.278,0.902,Heavy rain reducing visibility and grip - reduced speed and longer buffer advised
EVT417588,2026-04-28 22:34:39,Local Market Day,J020,Malleshwaram Circle,6501,Weekday,False,Clear,False,0.0,True,False,0.656,High,22.7,45.7,318.3,0.225,0.519,0.846,Accident detected nearby - reroute and reduced speed advised
EVT417589,2026-02-14 20:38:01,Sports Fixture,J031,Cubbon Road,35692,Weekend,False,Clear,False,0.0,False,False,0.698,High,21.1,48.9,103.2,0.058,0.133,0.964,Moderate traffic flow - standard adaptive signal timing in effect
EVT417590,2025-08-30 15:42:20,Sports Fixture,J011,Indiranagar 100ft Road,34442,Weekend,False,Heavy Rain,True,29.9,False,False,0.8,Severe,16.2,56.1,229.0,0.135,0.312,0.92,Heavy rain reducing visibility and grip - reduced speed and longer buffer advised
EVT417591,2025-03-16 17:14:16,Sports Fixture,J012,Koramangala Sony World,28363,Weekend,False,Clear,False,0.0,False,False,0.766,Severe,16.1,58.0,336.3,0.218,0.504,0.96,Heavy congestion detected - signal timing extended and reroute suggested
EVT417592,2026-02-07 22:41:17,Local Market Day,J030,MG Road,2139,Weekend,False,Clear,False,0.0,False,False,0.299,Low,30.1,21.5,190.6,0.146,0.337,0.967,Moderate traffic flow - standard adaptive signal timing in effect
EVT417593,2025-07-26 05:00:59,Political Rally,J009,Majestic,16695,Weekend,False,Clear,False,0.0,True,False,0.826,Severe,9.6,56.4,476.2,0.184,0.425,0.751,Accident detected nearby - reroute and reduced speed advised
EVT417594,2026-04-21 19:20:38,Local Market Day,J012,Koramangala Sony World,4983,Weekday,False,Clear,False,0.0,False,False,0.898,Severe,12.3,63.6,484.2,0.252,0.583,0.921,Heavy congestion detected - signal timing extended and reroute suggested
EVT417595,2026-01-07 09:06:14,Local Market Day,J020,Malleshwaram Circle,2111,Weekday,False,Clear,False,0.0,False,False,1.0,Severe,8.7,75.5,610.1,0.224,0.518,0.9,Heavy congestion detected - signal timing extended and reroute suggested
EVT417596,2026-02-20 09:30:29,Trade Fair,J040,City Market,17075,Weekday,False,Light Rain,True,2.8,False,False,1.0,Severe,6.3,63.5,707.3,0.186,0.43,0.864,Heavy rain reducing visibility and grip - reduced speed and longer buffer advised
EVT417597,2025-03-19 09:18:54,Local Market Day,J040,City Market,2388,Weekday,False,Clear,False,0.0,False,False,0.979,Severe,9.2,74.2,495.2,0.191,0.441,0.923,Heavy congestion detected - signal timing extended and reroute suggested
EVT417598,2025-04-11 19:48:27,Local Market Day,J023,Basavanagudi,4993,Weekday,False,Clear,False,0.0,False,False,0.857,Severe,10.6,62.9,475.9,0.184,0.425,0.937,Heavy congestion detected - signal timing extended and reroute suggested
EVT417599,2025-04-06 17:54:43,Cultural Procession,J030,MG Road,13842,Weekend,True,Clear,False,0.0,False,True,1.0,Severe,7.8,100.1,781.4,0.273,0.631,0.838,Road closure for event/procession - full detour recommended for through-traffic
EVT417600,2026-05-15 17:14:15,Trade Fair,J030,MG Road,11622,Weekday,False,Clear,False,0.0,False,False,0.931,Severe,11.3,70.5,275.7,0.125,0.289,0.918,Heavy congestion detected - signal timing extended and reroute suggested
EVT417601,2025-11-03 09:34:01,Trade Fair,J011,Indiranagar 100ft Road,8432,Weekday,False,Heavy Rain,True,30.3,False,False,1.0,Severe,9.6,73.5,353.7,0.133,0.306,0.865,Heavy rain reducing visibility and grip - reduced speed and longer buffer advised
EVT417602,2025-03-24 10:58:42,Concert,J030,MG Road,9338,Weekday,False,Clear,False,0.0,False,False,0.515,Moderate,24.8,37.7,282.5,0.195,0.45,0.99,Moderate traffic flow - standard adaptive signal timing in effect
EVT417603,2025-01-31 18:34:33,Sports Fixture,J012,Koramangala Sony World,35053,Weekday,False,Clear,False,0.0,False,False,1.0,Severe,8.2,73.9,560.8,0.197,0.454,0.906,Heavy congestion detected - signal timing extended and reroute suggested
EVT417604,2025-05-04 12:17:16,Sports Fixture,J012,Koramangala Sony World,20090,Weekend,False,Clear,False,0.0,False,False,0.334,Low,27.1,19.0,168.3,0.106,0.246,0.961,Moderate traffic flow - standard adaptive signal timing in effect
EVT417605,2025-06-23 06:39:16,Local Market Day,J031,Cubbon Road,2663,Weekday,False,Rain,True,20.9,False,False,0.621,High,22.6,36.4,201.6,0.141,0.326,0.918,Heavy rain reducing visibility and grip - reduced speed and longer buffer advised
EVT417606,2025-12-28 09:29:03,Trade Fair,J023,Basavanagudi,7855,Weekend,False,Clear,False,0.0,False,False,0.797,Severe,13.2,64.0,323.5,0.158,0.364,0.974,Heavy congestion detected - signal timing extended and reroute suggested
EVT417607,2025-02-16 08:42:16,Sports Fixture,J009,Majestic,19283,Weekend,False,Clear,False,0.0,False,False,0.888,Severe,9.6,68.6,281.7,0.101,0.233,0.943,Heavy congestion detected - signal timing extended and reroute suggested
EVT417608,2025-02-05 07:23:26,Political Rally,J031,Cubbon Road,15530,Weekday,False,Clear,False,0.0,False,False,0.633,High,20.9,49.3,235.9,0.164,0.38,0.961,Moderate traffic flow - standard adaptive signal timing in effect
EVT417609,2025-02-16 09:31:22,Local Market Day,J009,Majestic,2842,Weekend,False,Clear,False,0.0,False,False,0.845,Severe,11.9,63.6,268.5,0.116,0.267,0.938,Heavy congestion detected - signal timing extended and reroute suggested
EVT417610,2025-10-22 18:33:11,Cultural Procession,J023,Basavanagudi,10092,Weekday,True,Clear,False,0.0,False,True,1.0,Severe,7.9,93.0,843.2,0.28,0.646,0.832,Road closure for event/procession - full detour recommended for through-traffic
EVT417611,2025-06-29 19:29:20,Sports Fixture,J023,Basavanagudi,22400,Weekend,False,Clear,False,0.0,False,False,0.772,Severe,14.5,56.5,295.9,0.144,0.332,0.957,Heavy congestion detected - signal timing extended and reroute suggested
EVT417612,2026-01-26 19:24:00,Religious Festival,J031,Cubbon Road,88601,Weekday,True,Clear,False,0.0,False,True,1.0,Severe,8.3,110.6,641.2,0.23,0.531,0.878,Road closure for event/procession - full detour recommended for through-traffic
EVT417613,2026-03-19 18:57:32,Religious Festival,J030,MG Road,35854,Weekday,True,Clear,False,0.0,False,True,1.0,Severe,6.7,101.7,1037.6,0.308,0.711,0.827,Road closure for event/procession - full detour recommended for through-traffic
EVT417614,2025-02-21 20:12:12,Trade Fair,J020,Malleshwaram Circle,7680,Weekday,False,Clear,False,0.0,False,False,0.695,High,17.9,48.2,199.2,0.083,0.192,0.957,Moderate traffic flow - standard adaptive signal timing in effect
EVT417615,2026-05-18 06:18:54,Concert,J009,Majestic,12009,Weekday,False,Clear,False,0.0,False,False,0.302,Low,33.2,21.9,105.4,0.098,0.227,0.966,Moderate traffic flow - standard adaptive signal timing in effect
EVT417616,2025-10-20 09:26:58,Religious Festival,J020,Malleshwaram Circle,33457,Weekday,True,Clear,False,0.0,False,True,1.0,Severe,8.2,91.5,422.5,0.164,0.379,0.816,Road closure for event/procession - full detour recommended for through-traffic
EVT417617,2025-09-01 17:08:18,Sports Fixture,J009,Majestic,16557,Weekday,False,Clear,False,0.0,False,False,0.896,Severe,15.0,62.7,401.0,0.229,0.53,0.927,Heavy congestion detected - signal timing extended and reroute suggested
EVT417618,2026-05-10 13:52:20,Political Rally,J031,Cubbon Road,10754,Weekend,False,Light Rain,True,2.6,False,False,0.383,Moderate,22.2,28.0,327.5,0.208,0.481,0.894,Light rain detected - minor speed reduction advised
EVT417619,2026-03-30 11:47:59,Sports Fixture,J023,Basavanagudi,16592,Weekday,False,Clear,False,0.0,False,False,0.253,Low,32.3,15.1,153.8,0.148,0.343,0.978,Moderate traffic flow - standard adaptive signal timing in effect
EVT417620,2025-05-25 21:50:24,Sports Fixture,J031,Cubbon Road,15975,Weekend,False,Clear,False,0.0,False,False,0.512,Moderate,22.4,35.9,211.3,0.136,0.313,0.964,Moderate traffic flow - standard adaptive signal timing in effect
EVT417621,2025-01-04 18:33:49,Trade Fair,J011,Indiranagar 100ft Road,5089,Weekend,False,Clear,False,0.0,False,False,0.908,Severe,14.3,63.2,393.3,0.21,0.484,0.964,Heavy congestion detected - signal timing extended and reroute suggested
EVT417622,2025-02-02 10:35:02,Sports Fixture,J023,Basavanagudi,23764,Weekend,False,Clear,False,0.0,False,False,0.608,High,21.3,47.7,270.0,0.172,0.398,0.947,Moderate traffic flow - standard adaptive signal timing in effect
EVT417623,2025-05-24 17:28:17,Trade Fair,J011,Indiranagar 100ft Road,6855,Weekend,False,Clear,False,0.0,False,False,0.692,High,17.8,49.4,282.8,0.173,0.399,0.961,Moderate traffic flow - standard adaptive signal timing in effect
EVT417624,2025-08-02 08:53:57,Local Market Day,J031,Cubbon Road,2984,Weekend,False,Heavy Rain,True,114.3,False,False,1.0,Severe,6.5,69.6,652.5,0.181,0.419,0.873,Heavy rain reducing visibility and grip - reduced speed and longer buffer advised
EVT417625,2025-09-23 09:12:02,Trade Fair,J020,Malleshwaram Circle,10194,Weekday,False,Clear,False,0.0,False,False,0.964,Severe,9.7,73.0,583.8,0.232,0.535,0.946,Heavy congestion detected - signal timing extended and reroute suggested
EVT417626,2025-09-05 15:13:15,Religious Festival,J023,Basavanagudi,35558,Weekday,True,Clear,False,0.0,False,True,0.819,High,15.1,83.5,417.2,0.214,0.494,0.864,Road closure for event/procession - full detour recommended for through-traffic
EVT417627,2025-09-13 19:05:41,Sports Fixture,J011,Indiranagar 100ft Road,21955,Weekend,False,Clear,False,0.0,False,False,0.962,Severe,9.8,71.0,432.4,0.178,0.41,0.899,Heavy congestion detected - signal timing extended and reroute suggested
EVT417628,2026-06-03 14:00:22,Trade Fair,J031,Cubbon Road,6420,Weekday,False,Heavy Rain,True,26.7,False,False,0.579,High,19.1,47.1,152.4,0.089,0.204,0.882,Heavy rain reducing visibility and grip - reduced speed and longer buffer advised
EVT417629,2025-10-21 06:48:34,Cultural Procession,J011,Indiranagar 100ft Road,24058,Weekday,True,Clear,False,0.0,False,True,0.936,Severe,13.6,91.4,229.4,0.125,0.288,0.853,Road closure for event/procession - full detour recommended for through-traffic
EVT417630,2025-03-24 17:39:30,Sports Fixture,J023,Basavanagudi,38130,Weekday,False,Clear,False,0.0,False,False,1.0,Severe,8.1,67.1,325.5,0.122,0.281,0.939,Heavy congestion detected - signal timing extended and reroute suggested
EVT417631,2025-03-09 18:00:33,Trade Fair,J020,Malleshwaram Circle,5401,Weekend,False,Clear,False,0.0,False,False,0.882,Severe,10.8,60.7,424.5,0.16,0.369,0.911,Heavy congestion detected - signal timing extended and reroute suggested
EVT417632,2026-05-22 16:26:57,Trade Fair,J031,Cubbon Road,6802,Weekday,False,Light Rain,True,5.2,False,False,0.561,High,21.0,39.9,293.9,0.175,0.404,0.895,Heavy rain reducing visibility and grip - reduced speed and longer buffer advised
EVT417633,2025-09-07 14:18:08,Political Rally,J020,Malleshwaram Circle,24472,Weekend,False,Light Rain,True,6.2,False,False,0.465,Moderate,24.2,25.2,93.1,0.057,0.132,0.938,Light rain detected - minor speed reduction advised
EVT417634,2025-08-10 18:38:06,Trade Fair,J040,City Market,6698,Weekend,False,Heavy Rain,True,32.3,False,False,1.0,Severe,8.7,78.2,322.2,0.131,0.302,0.868,Heavy rain reducing visibility and grip - reduced speed and longer buffer advised
EVT417635,2025-08-28 15:51:24,Cultural Procession,J009,Majestic,17637,Weekday,True,Clear,False,0.0,False,True,0.816,High,12.4,82.4,338.6,0.177,0.408,0.868,Road closure for event/procession - full detour recommended for through-traffic
EVT417636,2026-01-30 15:47:05,Trade Fair,J012,Koramangala Sony World,6676,Weekday,False,Clear,False,0.0,False,False,0.41,Moderate,28.7,28.7,155.2,0.133,0.308,0.957,Moderate traffic flow - standard adaptive signal timing in effect
EVT417637,2026-04-28 18:34:59,Sports Fixture,J020,Malleshwaram Circle,20562,Weekday,False,Light Rain,True,4.0,False,False,1.0,Severe,8.4,69.2,754.9,0.251,0.579,0.846,Heavy rain reducing visibility and grip - reduced speed and longer buffer advised
EVT417638,2026-06-17 18:22:15,Concert,J009,Majestic,19846,Weekday,False,Clear,False,0.0,False,False,1.0,Severe,8.0,72.4,810.4,0.254,0.586,0.923,Heavy congestion detected - signal timing extended and reroute suggested
EVT417639,2025-05-18 08:27:21,Trade Fair,J011,Indiranagar 100ft Road,6045,Weekend,False,Rain,True,8.6,True,False,1.0,Severe,8.2,77.2,323.7,0.133,0.306,0.713,Accident detected nearby - reroute and reduced speed advised
EVT417640,2025-05-01 12:21:29,Religious Festival,J009,Majestic,29854,Weekday,True,Clear,False,0.0,False,False,0.573,High,18.4,43.3,388.5,0.23,0.531,0.919,Festival crowd surge detected - alternate route and extended cycle recommended
EVT417641,2026-06-05 15:48:09,Local Market Day,J012,Koramangala Sony World,3680,Weekday,False,Clear,False,0.0,False,False,0.385,Moderate,25.7,22.1,183.6,0.135,0.312,0.962,Moderate traffic flow - standard adaptive signal timing in effect
EVT417642,2025-02-08 08:23:29,Local Market Day,J030,MG Road,3523,Weekend,False,Clear,False,0.0,False,False,0.833,Severe,17.1,60.9,312.6,0.168,0.389,0.928,Heavy congestion detected - signal timing extended and reroute suggested
EVT417643,2026-03-26 22:37:48,Religious Festival,J030,MG Road,48490,Weekday,True,Clear,False,0.0,False,False,0.682,High,20.5,48.4,114.0,0.079,0.181,0.914,Festival crowd surge detected - alternate route and extended cycle recommended
EVT417644,2026-03-07 13:11:50,Sports Fixture,J009,Majestic,27059,Weekend,False,Clear,False,0.0,False,False,0.379,Moderate,29.5,25.5,195.8,0.148,0.341,0.959,Moderate traffic flow - standard adaptive signal timing in effect
EVT417645,2026-04-25 10:19:45,Political Rally,J020,Malleshwaram Circle,12640,Weekend,False,Clear,False,0.0,False,False,0.654,High,19.5,52.7,382.4,0.219,0.505,0.98,Moderate traffic flow - standard adaptive signal timing in effect
EVT417646,2026-03-30 16:30:13,Political Rally,J023,Basavanagudi,25717,Weekday,False,Clear,False,0.0,False,False,0.697,High,19.3,54.2,439.9,0.257,0.595,0.98,Moderate traffic flow - standard adaptive signal timing in effect
EVT417647,2025-02-10 09:16:29,Political Rally,J031,Cubbon Road,12063,Weekday,False,Clear,False,0.0,False,False,1.0,Severe,7.5,71.6,612.9,0.202,0.467,0.942,Heavy congestion detected - signal timing extended and reroute suggested
EVT417648,2026-05-10 16:50:26,Concert,J030,MG Road,12930,Weekend,False,Clear,False,0.0,False,False,0.575,High,24.7,38.5,174.0,0.117,0.27,0.959,Moderate traffic flow - standard adaptive signal timing in effect
EVT417649,2025-07-27 08:10:01,Local Market Day,J031,Cubbon Road,2221,Weekend,False,Clear,False,0.0,False,False,0.827,Severe,12.0,59.5,401.8,0.182,0.42,0.933,Heavy congestion detected - signal timing extended and reroute suggested
EVT417650,2025-08-25 16:21:33,Sports Fixture,J030,MG Road,12616,Weekday,False,Light Rain,True,1.7,False,False,0.641,High,18.9,51.9,353.6,0.232,0.536,0.922,Heavy rain reducing visibility and grip - reduced speed and longer buffer advised
EVT417651,2026-04-21 22:09:27,Local Market Day,J011,Indiranagar 100ft Road,2742,Weekday,False,Clear,False,0.0,False,False,0.2,Low,33.4,12.7,105.8,0.099,0.229,0.952,Normal free-flow traffic - standard signal timing maintained
EVT417652,2025-01-07 11:23:26,Local Market Day,J030,MG Road,7122,Weekday,False,Clear,False,0.0,False,False,0.397,Moderate,24.8,27.3,140.9,0.099,0.23,0.99,Moderate traffic flow - standard adaptive signal timing in effect
EVT417653,2025-09-01 07:36:23,Sports Fixture,J031,Cubbon Road,17160,Weekday,False,Clear,False,0.0,False,False,0.785,Severe,14.4,52.6,251.2,0.133,0.307,0.972,Heavy congestion detected - signal timing extended and reroute suggested
EVT417654,2025-09-19 15:58:26,Political Rally,J040,City Market,10116,Weekday,False,Light Rain,True,6.9,False,False,0.54,Moderate,23.9,31.9,135.5,0.121,0.28,0.896,Light rain detected - minor speed reduction advised
EVT417655,2025-01-01 19:02:31,Concert,J009,Majestic,17137,Weekday,False,Clear,False,0.0,False,False,1.0,Severe,7.0,75.4,656.1,0.195,0.451,0.917,Heavy congestion detected - signal timing extended and reroute suggested
EVT417656,2026-06-07 07:31:32,Local Market Day,J023,Basavanagudi,2508,Weekend,False,Clear,False,0.0,False,False,0.517,Moderate,29.9,36.3,225.2,0.173,0.4,0.957,Moderate traffic flow - standard adaptive signal timing in effect
EVT417657,2025-07-12 18:59:31,Concert,J030,MG Road,19128,Weekend,False,Clear,False,0.0,False,False,0.912,Severe,13.8,66.5,208.6,0.121,0.28,0.907,Heavy congestion detected - signal timing extended and reroute suggested
EVT417658,2026-04-19 13:01:48,Sports Fixture,J030,MG Road,25417,Weekend,False,Clear,False,0.0,False,False,0.353,Moderate,23.9,26.9,267.8,0.198,0.457,0.981,Moderate traffic flow - standard adaptive signal timing in effect
EVT417659,2025-09-12 08:48:42,Concert,J020,Malleshwaram Circle,10051,Weekday,False,Clear,False,0.0,False,False,1.0,Severe,7.4,68.8,715.8,0.212,0.491,0.916,Heavy congestion detected - signal timing extended and reroute suggested
EVT417660,2026-06-22 09:17:53,Sports Fixture,J023,Basavanagudi,29352,Weekday,False,Clear,False,0.0,False,False,1.0,Severe,10.7,65.1,422.4,0.205,0.474,0.902,Heavy congestion detected - signal timing extended and reroute suggested
EVT417661,2025-04-25 18:54:29,Sports Fixture,J012,Koramangala Sony World,34004,Weekday,False,Clear,False,0.0,False,False,1.0,Severe,8.4,68.8,583.3,0.214,0.495,0.901,Heavy congestion detected - signal timing extended and reroute suggested
EVT417662,2025-12-20 05:57:01,Sports Fixture,J020,Malleshwaram Circle,29898,Weekend,False,Clear,False,0.0,False,False,0.428,Moderate,26.4,35.6,206.9,0.151,0.35,0.971,Moderate traffic flow - standard adaptive signal timing in effect
EVT417663,2026-02-17 18:22:02,Concert,J023,Basavanagudi,6006,Weekday,False,Fog,False,0.0,False,False,1.0,Severe,8.5,73.7,336.5,0.123,0.284,0.907,Heavy congestion detected - signal timing extended and reroute suggested
EVT417664,2025-12-20 17:34:01,Political Rally,J031,Cubbon Road,10943,Weekend,False,Clear,False,0.0,False,False,0.864,Severe,12.1,56.0,288.1,0.136,0.314,0.982,Heavy congestion detected - signal timing extended and reroute suggested
EVT417665,2025-07-09 08:33:06,Trade Fair,J020,Malleshwaram Circle,15416,Weekday,False,Rain,True,16.6,False,False,1.0,Severe,9.8,74.2,808.1,0.285,0.658,0.873,Heavy rain reducing visibility and grip - reduced speed and longer buffer advised
EVT417666,2025-02-04 15:35:33,Sports Fixture,J031,Cubbon Road,18122,Weekday,False,Clear,False,0.0,False,False,0.451,Moderate,23.1,35.5,192.0,0.121,0.28,0.924,Moderate traffic flow - standard adaptive signal timing in effect
EVT417667,2026-04-22 15:19:06,Concert,J031,Cubbon Road,17565,Weekday,False,Clear,False,0.0,False,False,0.42,Moderate,29.6,30.7,155.6,0.143,0.33,0.961,Moderate traffic flow - standard adaptive signal timing in effect
EVT417668,2025-03-01 17:36:58,Local Market Day,J020,Malleshwaram Circle,4243,Weekend,False,Clear,False,0.0,False,False,0.818,Severe,15.1,62.9,246.4,0.15,0.346,0.953,Heavy congestion detected - signal timing extended and reroute suggested
EVT417669,2025-09-26 08:31:50,Trade Fair,J020,Malleshwaram Circle,10887,Weekday,False,Clear,False,0.0,False,False,1.0,Severe,7.7,74.0,699.4,0.226,0.523,0.919,Heavy congestion detected - signal timing extended and reroute suggested
EVT417670,2025-09-02 10:16:21,Political Rally,J023,Basavanagudi,8895,Weekday,False,Clear,False,0.0,False,False,0.657,High,22.3,44.1,175.7,0.134,0.309,0.949,Moderate traffic flow - standard adaptive signal timing in effect
EVT417671,2026-03-05 17:36:19,Religious Festival,J012,Koramangala Sony World,48185,Weekday,True,Light Rain,True,4.8,False,True,1.0,Severe,9.0,106.8,567.2,0.204,0.472,0.791,Road closure for event/procession - full detour recommended for through-traffic
EVT417672,2025-06-08 19:23:53,Local Market Day,J020,Malleshwaram Circle,6690,Weekend,False,Clear,False,0.0,False,False,0.87,Severe,13.4,58.4,300.7,0.125,0.289,0.946,Heavy congestion detected - signal timing extended and reroute suggested
EVT417673,2025-01-07 10:45:15,Trade Fair,J030,MG Road,8205,Weekday,False,Clear,False,0.0,False,False,0.575,High,22.9,34.2,199.8,0.136,0.314,0.957,Moderate traffic flow - standard adaptive signal timing in effect
EVT417674,2025-03-09 19:27:10,Trade Fair,J011,Indiranagar 100ft Road,5930,Weekend,False,Clear,False,0.0,False,False,0.765,Severe,11.1,53.9,345.5,0.128,0.296,0.951,Heavy congestion detected - signal timing extended and reroute suggested
EVT417675,2026-01-07 05:23:25,Trade Fair,J011,Indiranagar 100ft Road,7838,Weekday,False,Clear,False,0.0,False,False,0.229,Low,33.9,18.0,173.3,0.154,0.355,0.957,Normal free-flow traffic - standard signal timing maintained
EVT417676,2025-01-08 19:59:20,Local Market Day,J009,Majestic,7539,Weekday,False,Clear,False,0.0,False,False,0.771,Severe,13.4,49.0,431.2,0.207,0.479,0.99,Heavy congestion detected - signal timing extended and reroute suggested
EVT417677,2025-09-03 06:18:03,Local Market Day,J031,Cubbon Road,4927,Weekday,False,Clear,False,0.0,False,False,0.255,Low,35.1,18.9,193.4,0.185,0.427,0.942,Moderate traffic flow - standard adaptive signal timing in effect
EVT417678,2025-10-29 12:33:11,Concert,J031,Cubbon Road,15109,Weekday,False,Heavy Rain,True,25.7,False,False,0.551,High,21.4,38.3,167.7,0.094,0.217,0.887,Heavy rain reducing visibility and grip - reduced speed and longer buffer advised
EVT417679,2025-02-23 20:57:14,Trade Fair,J023,Basavanagudi,9186,Weekend,False,Fog,False,0.0,False,False,0.458,Moderate,21.0,38.2,170.0,0.104,0.241,0.978,Moderate traffic flow - standard adaptive signal timing in effect
EVT417680,2025-02-13 19:47:20,Local Market Day,J030,MG Road,3015,Weekday,False,Clear,False,0.0,False,False,0.775,Severe,19.1,55.5,117.9,0.066,0.153,0.93,Heavy congestion detected - signal timing extended and reroute suggested
EVT417681,2025-04-02 18:13:45,Sports Fixture,J040,City Market,28473,Weekday,False,Clear,False,0.0,False,False,1.0,Severe,7.2,76.0,412.9,0.146,0.337,0.903,Heavy congestion detected - signal timing extended and reroute suggested
EVT417682,2025-01-16 16:00:00,Concert,J020,Malleshwaram Circle,11687,Weekday,False,Light Rain,True,3.2,True,False,1.0,Severe,7.8,73.0,509.9,0.184,0.424,0.699,Accident detected nearby - reroute and reduced speed advised
EVT417683,2025-12-24 17:27:27,Trade Fair,J040,City Market,8814,Weekday,False,Clear,False,0.0,False,False,0.941,Severe,8.6,78.5,718.4,0.273,0.631,0.926,Heavy congestion detected - signal timing extended and reroute suggested
EVT417684,2025-01-04 16:23:37,Concert,J031,Cubbon Road,11412,Weekend,False,Clear,False,0.0,False,False,0.589,High,15.2,41.7,249.1,0.122,0.282,0.964,Moderate traffic flow - standard adaptive signal timing in effect
EVT417685,2025-01-11 12:13:58,Trade Fair,J011,Indiranagar 100ft Road,5673,Weekend,False,Fog,False,0.0,False,False,0.306,Low,35.9,18.8,168.0,0.159,0.368,0.962,Moderate traffic flow - standard adaptive signal timing in effect
EVT417686,2026-05-10 08:52:44,Concert,J031,Cubbon Road,5604,Weekend,False,Clear,False,0.0,False,False,0.789,Severe,15.9,56.1,352.3,0.168,0.387,0.942,Heavy congestion detected - signal timing extended and reroute suggested
EVT417687,2025-06-20 22:27:57,Trade Fair,J030,MG Road,11444,Weekday,False,Heavy Rain,True,60.7,False,False,0.609,High,20.7,44.0,195.1,0.111,0.257,0.907,Heavy rain reducing visibility and grip - reduced speed and longer buffer advised
EVT417688,2025-02-26 09:11:09,Local Market Day,J031,Cubbon Road,3468,Weekday,False,Clear,False,0.0,False,False,1.0,Severe,8.5,69.6,220.9,0.073,0.169,0.958,Heavy congestion detected - signal timing extended and reroute suggested
EVT417689,2025-11-23 20:27:31,Local Market Day,J009,Majestic,3994,Weekend,False,Rain,True,10.6,False,False,0.711,High,18.6,51.2,252.5,0.152,0.352,0.927,Heavy rain reducing visibility and grip - reduced speed and longer buffer advised
EVT417690,2026-03-04 07:11:17,Cultural Procession,J023,Basavanagudi,15618,Weekday,True,Clear,False,0.0,False,True,0.963,Severe,9.9,94.1,375.7,0.148,0.342,0.838,Road closure for event/procession - full detour recommended for through-traffic
EVT417691,2026-05-18 13:22:15,Local Market Day,J020,Malleshwaram Circle,2402,Weekday,False,Clear,False,0.0,False,False,0.239,Low,31.6,19.6,153.3,0.11,0.255,0.977,Normal free-flow traffic - standard signal timing maintained
EVT417692,2026-03-17 21:27:03,Sports Fixture,J040,City Market,23214,Weekday,False,Clear,False,0.0,False,False,0.425,Moderate,23.4,28.9,257.4,0.18,0.415,0.98,Moderate traffic flow - standard adaptive signal timing in effect
EVT417693,2025-05-21 21:14:31,Concert,J030,MG Road,10742,Weekday,False,Clear,False,0.0,False,False,0.425,Moderate,28.3,31.3,231.2,0.175,0.403,0.936,Moderate traffic flow - standard adaptive signal timing in effect
EVT417694,2026-03-31 20:06:38,Sports Fixture,J020,Malleshwaram Circle,19204,Weekday,False,Clear,False,0.0,False,False,0.785,Severe,17.1,61.0,377.8,0.231,0.533,0.978,Heavy congestion detected - signal timing extended and reroute suggested
EVT417695,2026-06-17 08:07:34,Local Market Day,J031,Cubbon Road,5284,Weekday,False,Clear,False,0.0,False,False,0.827,Severe,11.2,65.5,200.8,0.09,0.208,0.954,Heavy congestion detected - signal timing extended and reroute suggested
EVT417696,2026-05-30 12:03:14,Local Market Day,J012,Koramangala Sony World,5896,Weekend,False,Clear,False,0.0,False,False,0.248,Low,28.7,17.8,103.2,0.08,0.186,0.96,Normal free-flow traffic - standard signal timing maintained
EVT417697,2025-10-12 07:52:10,Local Market Day,J011,Indiranagar 100ft Road,3977,Weekend,False,Clear,False,0.0,False,False,0.674,High,17.4,52.0,340.5,0.183,0.424,0.959,Moderate traffic flow - standard adaptive signal timing in effect
EVT417698,2025-06-15 11:35:56,Trade Fair,J020,Malleshwaram Circle,9402,Weekend,False,Rain,True,18.1,False,False,0.532,Moderate,22.4,39.4,274.8,0.163,0.377,0.932,Light rain detected - minor speed reduction advised
EVT417699,2025-10-31 19:51:58,Trade Fair,J009,Majestic,10058,Weekday,False,Clear,False,0.0,False,False,0.763,Severe,20.0,52.4,221.1,0.131,0.302,0.987,Heavy congestion detected - signal timing extended and reroute suggested
EVT417700,2025-12-20 15:43:29,Sports Fixture,J023,Basavanagudi,14308,Weekend,False,Clear,False,0.0,False,False,0.431,Moderate,24.8,30.9,219.4,0.192,0.443,0.982,Moderate traffic flow - standard adaptive signal timing in effect
EVT417701,2025-09-19 20:25:07,Local Market Day,J011,Indiranagar 100ft Road,4959,Weekday,False,Rain,True,8.0,False,False,0.658,High,19.6,48.7,246.1,0.165,0.38,0.904,Heavy rain reducing visibility and grip - reduced speed and longer buffer advised
EVT417702,2025-02-17 16:47:18,Concert,J040,City Market,12346,Weekday,False,Clear,False,0.0,False,False,0.7,High,18.8,48.7,321.2,0.194,0.448,0.962,Moderate traffic flow - standard adaptive signal timing in effect
EVT417703,2025-09-12 17:55:34,Local Market Day,J030,MG Road,9605,Weekday,False,Clear,False,0.0,False,False,0.94,Severe,10.3,63.3,634.9,0.23,0.531,0.928,Heavy congestion detected - signal timing extended and reroute suggested
EVT417704,2025-02-22 12:12:35,Local Market Day,J023,Basavanagudi,3076,Weekend,False,Clear,False,0.0,False,False,0.3,Low,33.6,19.5,138.3,0.133,0.306,0.953,Moderate traffic flow - standard adaptive signal timing in effect
EVT417705,2026-01-18 10:31:33,Sports Fixture,J030,MG Road,11761,Weekend,False,Light Rain,True,7.4,False,False,0.718,High,16.1,45.9,141.8,0.052,0.121,0.888,Heavy rain reducing visibility and grip - reduced speed and longer buffer advised
EVT417706,2025-03-16 09:29:37,Sports Fixture,J009,Majestic,22988,Weekend,False,Clear,False,0.0,False,False,0.951,Severe,10.6,68.0,388.1,0.163,0.377,0.922,Heavy congestion detected - signal timing extended and reroute suggested
EVT417707,2026-05-13 18:40:23,Concert,J011,Indiranagar 100ft Road,12588,Weekday,False,Clear,False,0.0,False,False,1.0,Severe,9.4,71.8,433.0,0.178,0.411,0.905,Heavy congestion detected - signal timing extended and reroute suggested
EVT417708,2026-06-09 04:42:54,Sports Fixture,J031,Cubbon Road,32040,Weekday,False,Rain,True,22.9,False,False,0.599,High,21.6,41.5,261.2,0.167,0.385,0.927,Heavy rain reducing visibility and grip - reduced speed and longer buffer advised
EVT417709,2026-02-05 17:46:28,Trade Fair,J023,Basavanagudi,10303,Weekday,False,Clear,False,0.0,False,False,1.0,Severe,6.7,75.6,335.0,0.099,0.228,0.935,Heavy congestion detected - signal timing extended and reroute suggested
EVT417710,2025-07-15 05:16:54,Concert,J040,City Market,24141,Weekday,False,Clear,False,0.0,False,False,0.291,Low,31.3,20.1,109.3,0.096,0.222,0.982,Moderate traffic flow - standard adaptive signal timing in effect
EVT417711,2026-01-25 11:59:29,Sports Fixture,J020,Malleshwaram Circle,19594,Weekend,False,Clear,False,0.0,False,False,0.371,Moderate,37.7,17.6,120.4,0.127,0.294,0.955,Moderate traffic flow - standard adaptive signal timing in effect
EVT417712,2025-08-31 19:56:02,Sports Fixture,J012,Koramangala Sony World,14021,Weekend,False,Clear,False,0.0,False,False,0.67,High,17.1,47.9,223.4,0.114,0.263,0.982,Moderate traffic flow - standard adaptive signal timing in effect
EVT417713,2025-11-02 13:03:07,Religious Festival,J020,Malleshwaram Circle,49969,Weekend,True,Clear,False,0.0,False,False,0.754,Severe,14.7,55.1,233.0,0.124,0.286,0.908,Festival crowd surge detected - alternate route and extended cycle recommended
EVT417714,2025-08-10 18:52:52,Concert,J012,Koramangala Sony World,19992,Weekend,False,Fog,False,0.0,False,False,0.898,Severe,11.2,62.0,448.0,0.2,0.463,0.956,Heavy congestion detected - signal timing extended and reroute suggested
EVT417715,2025-12-27 13:42:27,Local Market Day,J030,MG Road,10295,Weekend,False,Clear,False,0.0,False,False,0.289,Low,21.7,16.8,161.4,0.111,0.256,0.979,Moderate traffic flow - standard adaptive signal timing in effect
EVT417716,2025-05-03 13:57:56,Trade Fair,J040,City Market,14228,Weekend,False,Clear,False,0.0,False,False,0.354,Moderate,32.8,31.8,193.2,0.186,0.429,0.957,Moderate traffic flow - standard adaptive signal timing in effect
EVT417717,2025-07-23 16:15:57,Sports Fixture,J030,MG Road,15227,Weekday,False,Heavy Rain,True,48.2,False,False,0.86,Severe,15.9,60.1,348.6,0.202,0.466,0.9,Heavy rain reducing visibility and grip - reduced speed and longer buffer advised
EVT417718,2026-03-17 18:30:10,Sports Fixture,J009,Majestic,19359,Weekday,False,Fog,False,0.0,False,False,1.0,Severe,6.4,71.7,958.1,0.251,0.579,0.937,Heavy congestion detected - signal timing extended and reroute suggested
EVT417719,2026-01-18 20:39:52,Local Market Day,J031,Cubbon Road,4076,Weekend,False,Clear,False,0.0,False,False,0.5,Moderate,25.9,33.5,142.9,0.101,0.233,0.927,Moderate traffic flow - standard adaptive signal timing in effect
EVT417720,2026-02-01 19:27:33,Sports Fixture,J023,Basavanagudi,18212,Weekend,False,Clear,False,0.0,False,False,0.899,Severe,9.5,66.2,826.0,0.3,0.692,0.921,Heavy congestion detected - signal timing extended and reroute suggested
EVT417721,2025-07-24 17:34:26,Sports Fixture,J012,Koramangala Sony World,11119,Weekday,False,Clear,False,0.0,False,False,0.986,Severe,10.6,71.2,519.9,0.216,0.499,0.947,Heavy congestion detected - signal timing extended and reroute suggested
EVT417722,2025-03-29 06:54:11,Local Market Day,J011,Indiranagar 100ft Road,4673,Weekend,False,Fog,False,0.0,False,False,0.462,Moderate,28.2,25.6,183.3,0.152,0.351,0.95,Moderate traffic flow - standard adaptive signal timing in effect
EVT417723,2026-03-14 05:32:54,Local Market Day,J023,Basavanagudi,4154,Weekend,False,Clear,False,0.0,False,False,0.275,Low,30.8,20.4,158.8,0.123,0.284,0.97,Moderate traffic flow - standard adaptive signal timing in effect
EVT417724,2025-04-10 21:50:49,Local Market Day,J012,Koramangala Sony World,2553,Weekday,False,Fog,False,0.0,False,False,0.354,Moderate,27.4,22.3,65.1,0.042,0.096,0.95,Moderate traffic flow - standard adaptive signal timing in effect
EVT417725,2025-11-08 18:17:31,Local Market Day,J023,Basavanagudi,8134,Weekend,False,Clear,False,0.0,False,False,0.887,Severe,10.2,62.6,805.7,0.294,0.678,0.961,Heavy congestion detected - signal timing extended and reroute suggested
EVT417726,2026-06-20 09:24:39,Sports Fixture,J040,City Market,17518,Weekend,False,Light Rain,True,1.7,False,False,1.0,Severe,7.6,73.2,726.1,0.222,0.514,0.879,Heavy rain reducing visibility and grip - reduced speed and longer buffer advised
EVT417727,2025-06-19 12:35:11,Local Market Day,J020,Malleshwaram Circle,3274,Weekday,False,Heavy Rain,True,30.1,False,False,0.455,Moderate,28.6,33.7,195.7,0.158,0.364,0.893,Light rain detected - minor speed reduction advised
EVT417728,2026-06-16 14:45:08,Trade Fair,J030,MG Road,14839,Weekday,False,Clear,False,0.0,False,False,0.299,Low,30.4,27.4,160.1,0.131,0.302,0.962,Moderate traffic flow - standard adaptive signal timing in effect
EVT417729,2025-08-26 08:07:48,Concert,J020,Malleshwaram Circle,20120,Weekday,False,Heavy Rain,True,30.4,False,False,1.0,Severe,9.3,71.5,455.2,0.186,0.431,0.874,Heavy rain reducing visibility and grip - reduced speed and longer buffer advised
EVT417730,2025-10-31 15:14:03,Sports Fixture,J012,Koramangala Sony World,31149,Weekday,False,Rain,True,7.9,False,False,0.532,Moderate,22.9,33.5,304.1,0.219,0.505,0.916,Light rain detected - minor speed reduction advised
EVT417731,2025-04-08 16:30:53,Concert,J011,Indiranagar 100ft Road,23364,Weekday,False,Clear,False,0.0,False,False,0.707,High,17.2,51.8,202.5,0.113,0.26,0.955,Moderate traffic flow - standard adaptive signal timing in effect
EVT417732,2026-04-06 18:37:50,Sports Fixture,J009,Majestic,25347,Weekday,False,Clear,False,0.0,False,False,1.0,Severe,8.9,74.7,699.2,0.279,0.644,0.914,Heavy congestion detected - signal timing extended and reroute suggested
EVT417733,2026-02-11 19:35:33,Sports Fixture,J023,Basavanagudi,23626,Weekday,False,Clear,False,0.0,False,False,0.995,Severe,9.3,65.1,457.6,0.189,0.437,0.931,Heavy congestion detected - signal timing extended and reroute suggested
EVT417734,2025-04-13 16:04:21,Concert,J040,City Market,14410,Weekend,False,Clear,False,0.0,False,False,0.505,Moderate,26.9,32.5,183.1,0.136,0.314,0.974,Moderate traffic flow - standard adaptive signal timing in effect
EVT417735,2026-02-07 19:20:13,Trade Fair,J020,Malleshwaram Circle,6734,Weekend,False,Clear,False,0.0,False,False,0.758,Severe,16.6,49.0,307.1,0.164,0.379,0.968,Heavy congestion detected - signal timing extended and reroute suggested
EVT417736,2026-01-12 08:14:48,Sports Fixture,J011,Indiranagar 100ft Road,17986,Weekday,False,Clear,False,0.0,False,False,1.0,Severe,8.8,67.1,665.1,0.248,0.573,0.915,Heavy congestion detected - signal timing extended and reroute suggested
EVT417737,2026-01-08 18:05:12,Trade Fair,J023,Basavanagudi,9664,Weekday,False,Clear,False,0.0,False,False,1.0,Severe,9.1,68.3,335.2,0.114,0.263,0.931,Heavy congestion detected - signal timing extended and reroute suggested
EVT417738,2025-08-27 16:17:33,Cultural Procession,J040,City Market,24896,Weekday,True,Light Rain,True,4.6,False,False,0.866,Severe,12.3,63.8,350.1,0.173,0.4,0.854,Festival crowd surge detected - alternate route and extended cycle recommended
EVT417739,2026-03-04 13:00:01,Cultural Procession,J012,Koramangala Sony World,19348,Weekday,True,Clear,False,0.0,False,True,0.692,Moderate,16.7,71.6,257.3,0.133,0.307,0.895,Road closure for event/procession - full detour recommended for through-traffic
EVT417740,2025-06-17 11:57:42,Trade Fair,J023,Basavanagudi,10161,Weekday,False,Clear,False,0.0,False,False,0.219,Low,34.4,8.8,147.8,0.115,0.265,0.984,Normal free-flow traffic - standard signal timing maintained
EVT417741,2026-06-22 19:24:07,Local Market Day,J031,Cubbon Road,2876,Weekday,False,Clear,False,0.0,False,False,0.898,Severe,12.0,59.8,316.1,0.14,0.323,0.942,Heavy congestion detected - signal timing extended and reroute suggested
EVT417742,2025-02-10 06:25:55,Local Market Day,J011,Indiranagar 100ft Road,3388,Weekday,False,Clear,False,0.0,False,False,0.387,Moderate,30.1,27.0,124.9,0.094,0.217,0.975,Moderate traffic flow - standard adaptive signal timing in effect
EVT417743,2025-06-15 09:42:26,Concert,J031,Cubbon Road,33716,Weekend,False,Clear,False,0.0,False,False,1.0,Severe,7.4,77.5,418.0,0.149,0.344,0.946,Heavy congestion detected - signal timing extended and reroute suggested
EVT417744,2026-01-09 14:45:08,Sports Fixture,J040,City Market,20066,Weekday,False,Clear,False,0.0,False,False,0.337,Low,31.3,23.4,136.9,0.126,0.291,0.96,Moderate traffic flow - standard adaptive signal timing in effect
EVT417745,2025-02-11 13:21:47,Local Market Day,J012,Koramangala Sony World,4554,Weekday,False,Clear,False,0.0,False,False,0.175,Low,35.4,8.0,128.9,0.111,0.256,0.98,Normal free-flow traffic - standard signal timing maintained
EVT417746,2025-12-21 17:35:45,Political Rally,J030,MG Road,13367,Weekend,False,Clear,False,0.0,False,False,0.82,Severe,16.5,61.9,265.5,0.153,0.353,0.982,Heavy congestion detected - signal timing extended and reroute suggested
EVT417747,2025-05-29 18:21:07,Trade Fair,J009,Majestic,9107,Weekday,False,Rain,True,13.4,False,False,1.0,Severe,8.3,70.9,308.6,0.116,0.269,0.874,Heavy rain reducing visibility and grip - reduced speed and longer buffer advised
EVT417748,2025-03-30 23:26:29,Religious Festival,J023,Basavanagudi,31321,Weekend,True,Clear,False,0.0,False,False,0.613,High,15.8,45.3,177.7,0.105,0.242,0.918,Festival crowd surge detected - alternate route and extended cycle recommended
EVT417749,2026-05-02 08:21:11,Religious Festival,J031,Cubbon Road,65099,Weekend,True,Clear,False,0.0,False,True,1.0,Severe,8.5,98.7,582.8,0.216,0.499,0.853,Road closure for event/procession - full detour recommended for through-traffic
EVT417750,2025-11-01 14:31:36,Cultural Procession,J031,Cubbon Road,16387,Weekend,True,Clear,False,0.0,False,True,0.718,High,15.9,78.6,215.2,0.12,0.277,0.909,Road closure for event/procession - full detour recommended for through-traffic
EVT417751,2026-05-21 08:15:32,Local Market Day,J011,Indiranagar 100ft Road,8024,Weekday,False,Clear,False,0.0,False,False,1.0,Severe,8.9,70.1,321.6,0.117,0.271,0.932,Heavy congestion detected - signal timing extended and reroute suggested
EVT417752,2025-09-22 13:41:18,Sports Fixture,J023,Basavanagudi,31785,Weekday,False,Clear,False,0.0,False,False,0.406,Moderate,32.7,24.5,75.5,0.072,0.166,0.983,Moderate traffic flow - standard adaptive signal timing in effect
EVT417753,2025-01-23 12:37:46,Trade Fair,J030,MG Road,10933,Weekday,False,Clear,False,0.0,False,False,0.25,Low,37.1,17.4,123.1,0.1,0.232,0.954,Normal free-flow traffic - standard signal timing maintained
EVT417754,2025-12-05 19:01:53,Local Market Day,J040,City Market,4995,Weekday,False,Clear,False,0.0,False,False,1.0,Severe,8.9,71.7,552.1,0.192,0.443,0.915,Heavy congestion detected - signal timing extended and reroute suggested
EVT417755,2025-11-30 10:30:00,Concert,J031,Cubbon Road,13274,Weekend,False,Clear,False,0.0,False,False,0.633,High,20.7,44.7,294.2,0.195,0.45,0.955,Moderate traffic flow - standard adaptive signal timing in effect
EVT417756,2026-06-26 18:36:07,Political Rally,J040,City Market,16958,Weekday,False,Heavy Rain,True,38.6,False,False,1.0,Severe,8.2,71.1,478.7,0.163,0.377,0.851,Heavy rain reducing visibility and grip - reduced speed and longer buffer advised
EVT417757,2026-05-09 07:29:37,Concert,J030,MG Road,9689,Weekend,False,Clear,False,0.0,False,False,0.615,High,24.4,47.8,265.6,0.19,0.44,0.984,Moderate traffic flow - standard adaptive signal timing in effect
EVT417758,2025-03-26 08:48:53,Trade Fair,J009,Majestic,4623,Weekday,False,Clear,False,0.0,False,False,0.979,Severe,9.2,67.4,404.2,0.169,0.39,0.917,Heavy congestion detected - signal timing extended and reroute suggested
EVT417759,2025-06-03 17:17:52,Concert,J030,MG Road,14137,Weekday,False,Rain,True,16.9,False,False,1.0,Severe,7.6,73.2,215.7,0.091,0.209,0.844,Heavy rain reducing visibility and grip - reduced speed and longer buffer advised
EVT417760,2025-09-11 09:56:10,Concert,J031,Cubbon Road,12864,Weekday,False,Heavy Rain,True,78.6,False,False,1.0,Severe,8.0,72.7,559.7,0.191,0.442,0.869,Heavy rain reducing visibility and grip - reduced speed and longer buffer advised
EVT417761,2025-10-08 06:25:01,Trade Fair,J040,City Market,19417,Weekday,False,Fog,False,0.0,False,False,0.315,Low,31.1,27.1,112.4,0.091,0.211,0.982,Moderate traffic flow - standard adaptive signal timing in effect
EVT417762,2025-09-28 16:10:43,Political Rally,J031,Cubbon Road,16612,Weekend,False,Clear,False,0.0,False,False,0.521,Moderate,19.0,36.1,235.7,0.123,0.284,0.969,Moderate traffic flow - standard adaptive signal timing in effect
EVT417763,2025-08-06 13:35:59,Trade Fair,J031,Cubbon Road,9573,Weekday,False,Clear,False,0.0,False,False,0.161,Low,35.3,6.2,183.5,0.16,0.369,0.979,Normal free-flow traffic - standard signal timing maintained
EVT417764,2025-12-03 09:48:22,Concert,J040,City Market,8063,Weekday,False,Fog,False,0.0,False,False,0.887,Severe,13.2,61.6,296.4,0.15,0.347,0.943,Heavy congestion detected - signal timing extended and reroute suggested
EVT417765,2026-06-01 17:45:05,Concert,J030,MG Road,15468,Weekday,False,Heavy Rain,True,96.9,False,False,1.0,Severe,9.8,69.4,283.3,0.125,0.289,0.871,Heavy rain reducing visibility and grip - reduced speed and longer buffer advised
EVT417766,2025-10-10 18:09:36,Sports Fixture,J012,Koramangala Sony World,37858,Weekday,False,Clear,False,0.0,False,False,1.0,Severe,9.6,71.8,561.1,0.238,0.551,0.904,Heavy congestion detected - signal timing extended and reroute suggested
EVT417767,2025-03-29 08:41:25,Local Market Day,J031,Cubbon Road,3150,Weekend,False,Clear,False,0.0,False,False,0.86,Severe,14.8,63.0,233.5,0.129,0.299,0.95,Heavy congestion detected - signal timing extended and reroute suggested
EVT417768,2025-03-18 13:19:44,Local Market Day,J009,Majestic,6137,Weekday,False,Clear,False,0.0,False,False,0.261,Low,24.8,13.7,226.8,0.153,0.353,0.973,Moderate traffic flow - standard adaptive signal timing in effect
EVT417769,2025-01-15 17:20:44,Cultural Procession,J012,Koramangala Sony World,14298,Weekday,True,Clear,False,0.0,False,True,1.0,Severe,6.6,100.0,755.1,0.209,0.482,0.802,Road closure for event/procession - full detour recommended for through-traffic
EVT417770,2026-05-05 21:35:16,Concert,J040,City Market,24587,Weekday,False,Clear,False,0.0,False,False,0.472,Moderate,28.4,33.8,107.3,0.091,0.21,0.961,Moderate traffic flow - standard adaptive signal timing in effect
EVT417771,2025-05-06 10:59:12,Trade Fair,J040,City Market,12447,Weekday,False,Clear,False,0.0,False,False,0.414,Moderate,26.2,22.9,92.5,0.056,0.13,0.983,Moderate traffic flow - standard adaptive signal timing in effect
EVT417772,2025-07-17 09:37:36,Concert,J040,City Market,22955,Weekday,False,Clear,False,0.0,False,False,1.0,Severe,9.0,70.8,596.2,0.216,0.499,0.921,Heavy congestion detected - signal timing extended and reroute suggested
EVT417773,2025-05-03 14:20:00,Trade Fair,J031,Cubbon Road,4588,Weekend,False,Rain,True,15.2,False,False,0.441,Moderate,25.7,29.8,128.7,0.09,0.209,0.913,Light rain detected - minor speed reduction advised
EVT417774,2026-01-02 05:17:43,Fireworks Display,J040,City Market,18561,Weekday,True,Clear,False,0.0,False,False,0.504,Moderate,23.4,36.0,287.2,0.183,0.423,0.919,Festival crowd surge detected - alternate route and extended cycle recommended
EVT417775,2026-06-13 12:31:59,Local Market Day,J020,Malleshwaram Circle,4841,Weekend,False,Rain,True,20.4,False,False,0.42,Moderate,22.8,36.3,176.7,0.109,0.252,0.901,Light rain detected - minor speed reduction advised
EVT417776,2026-06-24 10:20:07,Local Market Day,J030,MG Road,4591,Weekday,False,Clear,False,0.0,False,False,0.655,High,21.5,46.4,253.7,0.159,0.367,0.952,Moderate traffic flow - standard adaptive signal timing in effect
EVT417777,2025-09-13 20:22:07,Local Market Day,J023,Basavanagudi,2256,Weekend,False,Clear,False,0.0,False,False,0.541,Moderate,27.5,36.9,199.2,0.154,0.357,0.949,Moderate traffic flow - standard adaptive signal timing in effect
EVT417778,2025-10-19 09:56:48,Sports Fixture,J040,City Market,33224,Weekend,False,Heavy Rain,True,54.3,False,False,1.0,Severe,9.6,66.5,396.3,0.136,0.314,0.859,Heavy rain reducing visibility and grip - reduced speed and longer buffer advised
EVT417779,2025-10-21 10:09:42,Religious Festival,J023,Basavanagudi,53038,Weekday,True,Clear,False,0.0,False,True,1.0,Severe,5.0,101.8,970.4,0.215,0.498,0.846,Road closure for event/procession - full detour recommended for through-traffic
EVT417780,2025-01-26 08:15:49,Cultural Procession,J030,MG Road,14019,Weekend,True,Clear,False,0.0,False,False,1.0,Severe,8.8,79.5,807.5,0.273,0.632,0.893,Festival crowd surge detected - alternate route and extended cycle recommended
EVT417781,2025-01-05 20:13:39,Local Market Day,J040,City Market,3429,Weekend,False,Clear,False,0.0,False,False,0.567,High,22.8,45.6,128.9,0.073,0.168,0.973,Moderate traffic flow - standard adaptive signal timing in effect
EVT417782,2026-03-07 08:06:16,Trade Fair,J040,City Market,8251,Weekend,False,Clear,False,0.0,False,False,0.726,High,18.0,51.6,310.1,0.161,0.371,0.966,Moderate traffic flow - standard adaptive signal timing in effect
EVT417783,2025-01-24 19:21:42,Local Market Day,J020,Malleshwaram Circle,3413,Weekday,False,Clear,False,0.0,False,False,0.939,Severe,8.4,64.8,468.3,0.178,0.41,0.929,Heavy congestion detected - signal timing extended and reroute suggested
EVT417784,2026-05-26 08:48:44,Concert,J020,Malleshwaram Circle,12536,Weekday,False,Clear,False,0.0,False,False,1.0,Severe,7.8,68.5,765.7,0.25,0.577,0.908,Heavy congestion detected - signal timing extended and reroute suggested
EVT417785,2025-04-24 15:06:47,Sports Fixture,J023,Basavanagudi,29456,Weekday,False,Clear,False,0.0,False,False,0.404,Moderate,29.6,32.9,177.3,0.135,0.312,0.99,Moderate traffic flow - standard adaptive signal timing in effect
EVT417786,2025-10-08 19:33:10,Local Market Day,J011,Indiranagar 100ft Road,5072,Weekday,False,Clear,False,0.0,False,False,0.823,Severe,13.1,59.8,322.5,0.156,0.359,0.948,Heavy congestion detected - signal timing extended and reroute suggested
EVT417787,2025-12-02 15:24:12,Sports Fixture,J030,MG Road,46697,Weekday,False,Clear,False,0.0,False,False,0.494,Moderate,25.0,33.9,290.3,0.212,0.49,0.942,Moderate traffic flow - standard adaptive signal timing in effect
EVT417788,2025-03-26 08:42:28,Trade Fair,J011,Indiranagar 100ft Road,5572,Weekday,False,Clear,False,0.0,False,False,1.0,Severe,9.0,68.2,425.6,0.162,0.373,0.916,Heavy congestion detected - signal timing extended and reroute suggested
EVT417789,2025-04-09 12:21:02,Trade Fair,J040,City Market,5091,Weekday,False,Clear,False,0.0,False,False,0.319,Low,32.2,27.7,186.6,0.157,0.363,0.957,Moderate traffic flow - standard adaptive signal timing in effect
EVT417790,2026-04-26 08:34:52,Concert,J009,Majestic,9757,Weekend,False,Clear,False,0.0,False,False,0.856,Severe,9.5,57.0,561.5,0.203,0.468,0.943,Heavy congestion detected - signal timing extended and reroute suggested
EVT417791,2025-01-31 12:14:16,Political Rally,J023,Basavanagudi,22378,Weekday,False,Clear,False,0.0,False,False,0.33,Low,33.6,21.2,132.6,0.121,0.28,0.946,Moderate traffic flow - standard adaptive signal timing in effect
EVT417792,2026-01-19 14:34:40,Local Market Day,J031,Cubbon Road,2751,Weekday,False,Clear,False,0.0,False,False,0.293,Low,39.8,22.3,96.1,0.099,0.229,0.937,Moderate traffic flow - standard adaptive signal timing in effect
EVT417793,2025-12-17 18:15:45,Local Market Day,J011,Indiranagar 100ft Road,3322,Weekday,False,Clear,False,0.0,False,False,0.999,Severe,10.3,75.1,406.4,0.183,0.423,0.909,Heavy congestion detected - signal timing extended and reroute suggested
EVT417794,2025-02-13 15:46:24,Local Market Day,J040,City Market,5333,Weekday,False,Clear,False,0.0,False,False,0.389,Moderate,21.1,26.5,200.9,0.121,0.28,0.99,Moderate traffic flow - standard adaptive signal timing in effect
EVT417795,2026-05-13 17:13:53,Concert,J011,Indiranagar 100ft Road,12222,Weekday,False,Clear,False,0.0,False,False,0.794,Severe,17.0,59.8,403.7,0.234,0.541,0.964,Heavy congestion detected - signal timing extended and reroute suggested
EVT417796,2025-04-10 07:38:05,Local Market Day,J009,Majestic,4918,Weekday,False,Light Rain,True,4.1,False,False,0.74,High,13.7,59.2,357.1,0.176,0.406,0.908,Heavy rain reducing visibility and grip - reduced speed and longer buffer advised
EVT417797,2025-07-27 16:02:43,Sports Fixture,J023,Basavanagudi,27510,Weekend,False,Clear,False,0.0,False,False,0.546,Moderate,19.2,39.1,369.3,0.228,0.526,0.978,Moderate traffic flow - standard adaptive signal timing in effect
EVT417798,2025-09-03 07:07:57,Sports Fixture,J030,MG Road,9450,Weekday,False,Light Rain,True,4.5,False,False,0.55,High,22.4,39.0,142.7,0.101,0.232,0.931,Heavy rain reducing visibility and grip - reduced speed and longer buffer advised
EVT417799,2025-09-18 14:17:45,Sports Fixture,J030,MG Road,21484,Weekday,False,Rain,True,14.6,False,False,0.485,Moderate,28.1,36.3,125.1,0.099,0.228,0.908,Light rain detected - minor speed reduction advised
EVT417800,2025-03-12 21:06:30,Political Rally,J020,Malleshwaram Circle,11963,Weekday,False,Clear,False,0.0,False,False,0.444,Moderate,30.5,30.2,203.2,0.175,0.404,0.99,Moderate traffic flow - standard adaptive signal timing in effect
EVT417801,2025-10-28 18:46:53,Trade Fair,J030,MG Road,8999,Weekday,False,Clear,False,0.0,False,False,1.0,Severe,8.8,68.0,468.3,0.17,0.393,0.9,Heavy congestion detected - signal timing extended and reroute suggested
EVT417802,2026-03-27 05:06:03,Religious Festival,J040,City Market,37073,Weekday,True,Clear,False,0.0,False,False,0.577,High,23.5,44.1,247.4,0.171,0.396,0.912,Festival crowd surge detected - alternate route and extended cycle recommended
EVT417803,2025-02-27 13:50:22,Local Market Day,J023,Basavanagudi,7940,Weekday,False,Clear,False,0.0,False,False,0.271,Low,34.8,22.8,100.1,0.097,0.224,0.954,Moderate traffic flow - standard adaptive signal timing in effect
EVT417804,2026-04-07 18:25:53,Sports Fixture,J040,City Market,14112,Weekday,False,Clear,False,0.0,False,False,1.0,Severe,8.2,80.4,413.9,0.133,0.307,0.911,Heavy congestion detected - signal timing extended and reroute suggested
EVT417805,2025-03-13 18:42:37,Political Rally,J030,MG Road,12269,Weekday,False,Clear,False,0.0,False,False,1.0,Severe,9.2,70.1,397.8,0.148,0.343,0.91,Heavy congestion detected - signal timing extended and reroute suggested
EVT417806,2026-05-28 17:03:07,Political Rally,J030,MG Road,12203,Weekday,False,Clear,False,0.0,False,False,0.796,Severe,14.5,60.1,295.5,0.161,0.372,0.949,Heavy congestion detected - signal timing extended and reroute suggested
EVT417807,2025-07-06 11:34:51,Political Rally,J009,Majestic,44468,Weekend,False,Clear,False,0.0,False,False,0.541,Moderate,21.8,35.1,240.1,0.157,0.362,0.969,Moderate traffic flow - standard adaptive signal timing in effect
EVT417808,2026-02-06 07:33:41,Trade Fair,J023,Basavanagudi,11815,Weekday,False,Clear,False,0.0,False,False,0.729,High,20.4,50.9,248.7,0.166,0.383,0.954,Moderate traffic flow - standard adaptive signal timing in effect
EVT417809,2025-11-24 17:08:01,Concert,J020,Malleshwaram Circle,18505,Weekday,False,Rain,True,19.8,False,False,1.0,Severe,7.4,70.4,605.7,0.187,0.431,0.867,Heavy rain reducing visibility and grip - reduced speed and longer buffer advised
EVT417810,2026-05-27 16:12:03,Local Market Day,J011,Indiranagar 100ft Road,2535,Weekday,False,Clear,False,0.0,False,False,0.49,Moderate,21.8,33.9,275.8,0.18,0.417,0.976,Moderate traffic flow - standard adaptive signal timing in effect
EVT417811,2025-03-08 16:49:51,Concert,J012,Koramangala Sony World,9473,Weekend,False,Clear,False,0.0,False,False,0.685,High,18.7,47.1,277.6,0.15,0.346,0.96,Moderate traffic flow - standard adaptive signal timing in effect
EVT417812,2025-05-19 16:27:33,Sports Fixture,J020,Malleshwaram Circle,15076,Weekday,False,Clear,False,0.0,False,False,0.587,High,20.4,43.5,340.5,0.22,0.508,0.969,Moderate traffic flow - standard adaptive signal timing in effect
EVT417813,2025-03-29 07:47:57,Local Market Day,J040,City Market,4722,Weekend,False,Clear,False,0.0,False,False,0.68,High,20.3,55.8,433.3,0.295,0.682,0.974,Moderate traffic flow - standard adaptive signal timing in effect
EVT417814,2025-01-14 12:04:58,Fireworks Display,J020,Malleshwaram Circle,30005,Weekday,True,Clear,False,0.0,False,False,0.563,High,15.9,42.5,298.6,0.167,0.387,0.917,Festival crowd surge detected - alternate route and extended cycle recommended
EVT417815,2025-09-18 15:38:33,Local Market Day,J031,Cubbon Road,5916,Weekday,False,Fog,False,0.0,False,False,0.389,Moderate,21.4,25.6,107.6,0.074,0.172,0.947,Moderate traffic flow - standard adaptive signal timing in effect
EVT417816,2025-08-09 08:06:03,Sports Fixture,J031,Cubbon Road,24726,Weekend,False,Clear,False,0.0,False,False,0.827,Severe,12.8,58.5,254.5,0.122,0.282,0.961,Heavy congestion detected - signal timing extended and reroute suggested
EVT417817,2025-03-18 11:33:07,Concert,J031,Cubbon Road,15517,Weekday,False,Clear,False,0.0,False,False,0.367,Moderate,30.9,25.4,157.8,0.156,0.36,0.975,Moderate traffic flow - standard adaptive signal timing in effect
EVT417818,2026-02-08 18:13:15,Sports Fixture,J040,City Market,15736,Weekend,False,Clear,False,0.0,False,False,0.883,Severe,13.4,66.4,440.7,0.242,0.559,0.942,Heavy congestion detected - signal timing extended and reroute suggested
EVT417819,2025-04-04 22:28:57,Local Market Day,J011,Indiranagar 100ft Road,3204,Weekday,False,Clear,False,0.0,False,False,0.208,Low,25.9,12.5,244.7,0.167,0.386,0.959,Normal free-flow traffic - standard signal timing maintained
EVT417820,2025-04-08 09:33:39,Sports Fixture,J031,Cubbon Road,31566,Weekday,False,Clear,False,0.0,False,False,1.0,Severe,8.7,74.8,472.6,0.175,0.404,0.923,Heavy congestion detected - signal timing extended and reroute suggested
EVT417821,2025-11-06 13:01:52,Trade Fair,J023,Basavanagudi,8196,Weekday,False,Light Rain,True,5.6,False,False,0.344,Low,25.7,21.9,257.0,0.204,0.472,0.917,Light rain detected - minor speed reduction advised
EVT417822,2026-01-09 17:01:59,Sports Fixture,J023,Basavanagudi,30107,Weekday,False,Clear,False,0.0,False,False,0.837,Severe,12.8,55.2,464.6,0.208,0.481,0.962,Heavy congestion detected - signal timing extended and reroute suggested
EVT417823,2025-06-19 11:56:21,Concert,J012,Koramangala Sony World,12281,Weekday,False,Clear,False,0.0,False,False,0.17,Low,37.2,10.7,62.7,0.05,0.116,0.954,Normal free-flow traffic - standard signal timing maintained
EVT417824,2025-07-01 20:24:44,Local Market Day,J020,Malleshwaram Circle,6020,Weekday,False,Clear,False,0.0,False,False,0.56,High,22.9,49.7,319.7,0.21,0.485,0.979,Moderate traffic flow - standard adaptive signal timing in effect
EVT417825,2025-10-25 20:16:21,Sports Fixture,J023,Basavanagudi,38575,Weekend,False,Heavy Rain,True,25.9,False,False,1.0,Severe,9.4,65.2,312.0,0.141,0.327,0.882,Heavy rain reducing visibility and grip - reduced speed and longer buffer advised
EVT417826,2026-01-20 18:11:24,Trade Fair,J040,City Market,7647,Weekday,False,Clear,False,0.0,False,False,0.99,Severe,9.8,66.7,543.1,0.228,0.527,0.912,Heavy congestion detected - signal timing extended and reroute suggested
EVT417827,2026-03-15 12:33:57,Concert,J009,Majestic,24397,Weekend,False,Clear,False,0.0,False,False,0.4,Moderate,30.7,32.2,99.9,0.077,0.178,0.958,Moderate traffic flow - standard adaptive signal timing in effect
EVT417828,2025-08-14 12:18:18,Local Market Day,J030,MG Road,2862,Weekday,False,Clear,False,0.0,False,False,0.244,Low,30.6,15.4,155.0,0.103,0.239,0.97,Normal free-flow traffic - standard signal timing maintained
EVT417829,2026-04-22 06:05:21,Sports Fixture,J030,MG Road,25846,Weekday,False,Clear,False,0.0,False,False,0.358,Moderate,33.8,23.0,194.1,0.197,0.455,0.932,Moderate traffic flow - standard adaptive signal timing in effect
EVT417830,2025-09-06 17:55:48,Religious Festival,J040,City Market,26453,Weekend,True,Rain,True,23.6,True,False,1.0,Severe,9.1,72.3,489.5,0.174,0.403,0.66,Accident detected nearby - reroute and reduced speed advised
EVT417831,2025-04-27 12:47:32,Trade Fair,J012,Koramangala Sony World,7775,Weekend,False,Clear,False,0.0,False,False,0.31,Low,29.0,24.0,218.4,0.154,0.356,0.958,Moderate traffic flow - standard adaptive signal timing in effect
EVT417832,2025-08-29 20:11:30,Local Market Day,J040,City Market,4888,Weekday,False,Heavy Rain,True,87.8,False,False,0.905,Severe,11.4,62.1,374.1,0.159,0.368,0.898,Heavy rain reducing visibility and grip - reduced speed and longer buffer advised
EVT417833,2026-01-06 07:57:23,Trade Fair,J030,MG Road,6475,Weekday,False,Clear,False,0.0,False,False,0.753,Severe,19.3,54.7,231.3,0.16,0.369,0.948,Heavy congestion detected - signal timing extended and reroute suggested
EVT417834,2025-12-21 18:02:53,Concert,J009,Majestic,16438,Weekend,False,Clear,False,0.0,False,False,0.911,Severe,11.3,66.0,551.8,0.231,0.533,0.949,Heavy congestion detected - signal timing extended and reroute suggested
EVT417835,2025-02-20 06:26:30,Local Market Day,J011,Indiranagar 100ft Road,4667,Weekday,False,Clear,False,0.0,False,False,0.316,Low,33.9,26.0,206.4,0.203,0.468,0.973,Moderate traffic flow - standard adaptive signal timing in effect
EVT417836,2025-05-28 15:31:39,Local Market Day,J031,Cubbon Road,4018,Weekday,False,Light Rain,True,1.8,False,False,0.42,Moderate,19.9,27.6,125.3,0.087,0.201,0.932,Light rain detected - minor speed reduction advised
EVT417837,2025-05-26 21:21:18,Trade Fair,J023,Basavanagudi,12500,Weekday,False,Clear,False,0.0,False,False,0.445,Moderate,19.1,30.6,166.3,0.094,0.216,0.944,Moderate traffic flow - standard adaptive signal timing in effect
EVT417838,2026-04-16 08:41:16,Trade Fair,J031,Cubbon Road,6230,Weekday,False,Light Rain,True,6.3,False,False,1.0,Severe,6.4,74.0,1015.6,0.253,0.586,0.865,Heavy rain reducing visibility and grip - reduced speed and longer buffer advised
EVT417839,2025-06-22 09:19:23,Sports Fixture,J012,Koramangala Sony World,20133,Weekend,False,Clear,False,0.0,False,False,0.902,Severe,13.2,58.6,226.7,0.101,0.234,0.935,Heavy congestion detected - signal timing extended and reroute suggested
EVT417840,2025-03-02 20:09:42,Trade Fair,J031,Cubbon Road,10864,Weekend,False,Clear,False,0.0,False,False,0.659,High,21.2,49.3,321.4,0.189,0.437,0.956,Moderate traffic flow - standard adaptive signal timing in effect
EVT417841,2026-04-05 10:34:40,Concert,J030,MG Road,11074,Weekend,False,Rain,True,14.9,False,False,0.842,Severe,16.7,63.6,429.6,0.223,0.516,0.895,Heavy rain reducing visibility and grip - reduced speed and longer buffer advised
EVT417842,2025-02-07 20:11:13,Concert,J020,Malleshwaram Circle,9222,Weekday,False,Clear,False,0.0,False,False,0.658,High,19.8,48.2,318.8,0.204,0.47,0.97,Moderate traffic flow - standard adaptive signal timing in effect
EVT417843,2026-01-20 09:21:53,Sports Fixture,J023,Basavanagudi,19100,Weekday,False,Clear,False,0.0,False,False,0.966,Severe,10.1,67.0,316.3,0.136,0.313,0.882,Heavy congestion detected - signal timing extended and reroute suggested
EVT417844,2025-03-09 21:08:23,Local Market Day,J040,City Market,4557,Weekend,False,Clear,False,0.0,False,False,0.443,Moderate,24.1,30.8,115.1,0.072,0.167,0.925,Moderate traffic flow - standard adaptive signal timing in effect
EVT417845,2025-04-05 18:10:31,Concert,J020,Malleshwaram Circle,11438,Weekend,False,Clear,False,0.0,False,False,0.875,Severe,12.1,59.5,354.5,0.148,0.343,0.915,Heavy congestion detected - signal timing extended and reroute suggested
EVT417846,2025-06-07 09:21:42,Concert,J012,Koramangala Sony World,13095,Weekend,False,Clear,False,0.0,False,False,0.899,Severe,12.2,64.9,364.9,0.175,0.405,0.928,Heavy congestion detected - signal timing extended and reroute suggested
EVT417847,2025-04-22 10:31:53,Sports Fixture,J009,Majestic,22714,Weekday,False,Clear,False,0.0,False,False,0.713,High,19.7,45.9,316.2,0.204,0.472,0.973,Moderate traffic flow - standard adaptive signal timing in effect
EVT417848,2025-06-19 18:09:54,Local Market Day,J009,Majestic,3280,Weekday,False,Rain,True,17.8,False,False,1.0,Severe,8.6,70.6,655.2,0.22,0.509,0.874,Heavy rain reducing visibility and grip - reduced speed and longer buffer advised
EVT417849,2025-08-21 15:07:48,Concert,J012,Koramangala Sony World,20960,Weekday,False,Clear,False,0.0,False,False,0.37,Moderate,25.8,25.4,225.6,0.17,0.392,0.946,Moderate traffic flow - standard adaptive signal timing in effect
EVT417850,2026-04-11 11:36:09,Local Market Day,J009,Majestic,3083,Weekend,False,Clear,False,0.0,False,False,0.362,Moderate,33.6,24.0,174.3,0.15,0.345,0.96,Moderate traffic flow - standard adaptive signal timing in effect
EVT417851,2026-01-31 17:57:40,Sports Fixture,J012,Koramangala Sony World,25453,Weekend,False,Clear,False,0.0,False,False,0.946,Severe,9.9,69.4,247.4,0.098,0.226,0.907,Heavy congestion detected - signal timing extended and reroute suggested
EVT417852,2026-02-18 11:55:17,Sports Fixture,J011,Indiranagar 100ft Road,29553,Weekday,False,Clear,False,0.0,False,False,0.335,Low,23.5,16.3,240.9,0.157,0.362,0.958,Moderate traffic flow - standard adaptive signal timing in effect
EVT417853,2026-02-13 17:42:38,Trade Fair,J020,Malleshwaram Circle,4970,Weekday,False,Clear,False,0.0,False,False,0.933,Severe,8.2,64.8,480.1,0.15,0.347,0.925,Heavy congestion detected - signal timing extended and reroute suggested
EVT417854,2025-11-29 12:44:54,Concert,J030,MG Road,29248,Weekend,False,Fog,False,0.0,False,False,0.419,Moderate,30.9,27.6,173.9,0.132,0.306,0.96,Moderate traffic flow - standard adaptive signal timing in effect
EVT417855,2026-01-23 18:00:57,Local Market Day,J011,Indiranagar 100ft Road,4380,Weekday,False,Clear,False,0.0,False,False,0.919,Severe,10.8,74.5,273.5,0.119,0.274,0.93,Heavy congestion detected - signal timing extended and reroute suggested
EVT417856,2025-02-14 20:24:30,Local Market Day,J023,Basavanagudi,10212,Weekday,False,Clear,False,0.0,False,False,0.647,High,20.1,42.2,229.8,0.158,0.366,0.95,Moderate traffic flow - standard adaptive signal timing in effect
EVT417857,2025-12-11 07:24:27,Sports Fixture,J011,Indiranagar 100ft Road,29969,Weekday,False,Clear,False,0.0,False,False,0.728,High,19.6,53.7,260.6,0.174,0.402,0.957,Moderate traffic flow - standard adaptive signal timing in effect
EVT417858,2025-01-05 09:32:29,Local Market Day,J030,MG Road,2226,Weekend,False,Light Rain,True,5.1,False,False,0.807,Severe,17.3,61.4,404.1,0.24,0.554,0.879,Heavy rain reducing visibility and grip - reduced speed and longer buffer advised
EVT417859,2025-06-10 12:00:43,Political Rally,J023,Basavanagudi,13928,Weekday,False,Clear,False,0.0,False,False,0.29,Low,25.0,18.8,190.1,0.122,0.282,0.97,Moderate traffic flow - standard adaptive signal timing in effect
EVT417860,2025-04-05 11:58:00,Political Rally,J030,MG Road,24952,Weekend,False,Clear,False,0.0,False,False,0.441,Moderate,26.4,30.9,98.6,0.068,0.157,0.954,Moderate traffic flow - standard adaptive signal timing in effect
EVT417861,2026-06-07 11:47:35,Concert,J023,Basavanagudi,10968,Weekend,False,Clear,False,0.0,False,False,0.326,Low,33.7,19.9,197.2,0.162,0.374,0.99,Moderate traffic flow - standard adaptive signal timing in effect
EVT417862,2026-01-18 06:33:23,Local Market Day,J011,Indiranagar 100ft Road,3008,Weekend,False,Clear,False,0.0,False,False,0.356,Moderate,28.3,20.2,239.9,0.193,0.445,0.967,Moderate traffic flow - standard adaptive signal timing in effect
EVT417863,2025-11-08 09:59:58,Trade Fair,J011,Indiranagar 100ft Road,7285,Weekend,False,Clear,False,0.0,False,False,0.7,High,17.4,51.7,313.8,0.182,0.421,0.957,Moderate traffic flow - standard adaptive signal timing in effect
EVT417864,2026-06-13 17:57:54,Sports Fixture,J030,MG Road,19089,Weekend,False,Clear,False,0.0,False,False,0.985,Severe,9.1,66.0,703.3,0.253,0.584,0.921,Heavy congestion detected - signal timing extended and reroute suggested
EVT417865,2025-02-28 20:34:59,Concert,J023,Basavanagudi,13929,Weekday,False,Clear,False,0.0,False,False,0.558,High,25.0,43.1,240.0,0.191,0.44,0.975,Moderate traffic flow - standard adaptive signal timing in effect
EVT417866,2025-08-02 19:20:42,Sports Fixture,J020,Malleshwaram Circle,15389,Weekend,False,Clear,False,0.0,False,False,0.923,Severe,11.2,67.1,605.0,0.252,0.583,0.927,Heavy congestion detected - signal timing extended and reroute suggested
EVT417867,2025-09-19 16:27:33,Local Market Day,J040,City Market,4941,Weekday,False,Clear,False,0.0,False,False,0.641,High,26.0,46.8,250.6,0.184,0.425,0.946,Moderate traffic flow - standard adaptive signal timing in effect
EVT417868,2025-04-15 17:03:06,Fireworks Display,J023,Basavanagudi,13648,Weekday,True,Light Rain,True,5.4,False,False,1.0,Severe,8.0,66.2,499.1,0.176,0.408,0.815,Festival crowd surge detected - alternate route and extended cycle recommended
EVT417869,2025-04-21 21:29:56,Concert,J011,Indiranagar 100ft Road,18385,Weekday,False,Clear,False,0.0,False,False,0.391,Moderate,22.6,30.9,223.9,0.162,0.375,0.979,Moderate traffic flow - standard adaptive signal timing in effect
EVT417870,2025-12-01 11:56:11,Local Market Day,J012,Koramangala Sony World,2062,Weekday,False,Clear,False,0.0,False,False,0.259,Low,27.6,16.5,101.5,0.077,0.177,0.979,Moderate traffic flow - standard adaptive signal timing in effect
EVT417871,2025-05-18 07:44:17,Local Market Day,J009,Majestic,3814,Weekend,False,Clear,False,0.0,False,False,0.653,High,20.4,48.9,182.3,0.125,0.288,0.97,Moderate traffic flow - standard adaptive signal timing in effect
EVT417872,2025-06-14 10:20:24,Local Market Day,J009,Majestic,3450,Weekend,False,Clear,False,0.0,False,False,0.668,High,15.7,51.0,254.9,0.13,0.3,0.962,Moderate traffic flow - standard adaptive signal timing in effect
EVT417873,2025-02-03 12:33:56,Local Market Day,J012,Koramangala Sony World,4011,Weekday,False,Clear,False,0.0,False,False,0.107,Low,36.2,3.6,119.2,0.11,0.253,0.983,Normal free-flow traffic - standard signal timing maintained
EVT417874,2025-09-28 21:42:20,Concert,J030,MG Road,16326,Weekend,False,Clear,False,0.0,False,False,0.364,Moderate,29.4,26.4,234.4,0.192,0.444,0.954,Moderate traffic flow - standard adaptive signal timing in effect
EVT417875,2025-04-09 20:35:41,Political Rally,J040,City Market,13541,Weekday,False,Clear,False,0.0,True,False,0.978,Severe,7.5,67.6,683.2,0.231,0.533,0.739,Accident detected nearby - reroute and reduced speed advised
EVT417876,2025-10-06 11:38:17,Local Market Day,J023,Basavanagudi,5319,Weekday,False,Heavy Rain,True,28.8,True,False,0.984,Severe,7.2,71.8,671.9,0.227,0.524,0.718,Accident detected nearby - reroute and reduced speed advised
EVT417877,2025-11-01 18:46:59,Fireworks Display,J012,Koramangala Sony World,21686,Weekend,True,Clear,False,0.0,False,False,1.0,Severe,7.1,73.7,485.2,0.177,0.408,0.864,Festival crowd surge detected - alternate route and extended cycle recommended
EVT417878,2025-10-30 12:42:54,Sports Fixture,J023,Basavanagudi,34804,Weekday,False,Clear,False,0.0,False,False,0.355,Moderate,31.7,24.1,245.9,0.221,0.51,0.967,Moderate traffic flow - standard adaptive signal timing in effect
EVT417879,2025-01-03 09:58:51,Concert,J009,Majestic,14778,Weekday,False,Clear,False,0.0,False,False,0.9,Severe,9.9,67.5,757.3,0.296,0.683,0.951,Heavy congestion detected - signal timing extended and reroute suggested
EVT417880,2025-08-21 09:47:24,Sports Fixture,J011,Indiranagar 100ft Road,22393,Weekday,False,Clear,False,0.0,False,False,0.985,Severe,9.9,62.6,547.0,0.203,0.47,0.912,Heavy congestion detected - signal timing extended and reroute suggested
EVT417881,2026-06-14 18:15:20,Sports Fixture,J040,City Market,27552,Weekend,False,Light Rain,True,1.9,False,False,1.0,Severe,6.4,72.3,721.3,0.195,0.45,0.868,Heavy rain reducing visibility and grip - reduced speed and longer buffer advised
EVT417882,2025-03-02 17:01:58,Local Market Day,J009,Majestic,4321,Weekend,False,Clear,False,0.0,False,False,0.641,High,17.7,43.6,330.8,0.19,0.439,0.982,Moderate traffic flow - standard adaptive signal timing in effect
EVT417883,2025-07-04 19:42:25,Political Rally,J020,Malleshwaram Circle,13866,Weekday,False,Clear,False,0.0,False,False,0.894,Severe,10.3,62.6,251.0,0.103,0.239,0.951,Heavy congestion detected - signal timing extended and reroute suggested
EVT417884,2025-11-23 08:50:30,Trade Fair,J011,Indiranagar 100ft Road,19302,Weekend,False,Clear,False,0.0,False,False,0.942,Severe,6.4,70.5,894.2,0.251,0.579,0.93,Heavy congestion detected - signal timing extended and reroute suggested
EVT417885,2025-05-03 12:27:44,Sports Fixture,J009,Majestic,36609,Weekend,False,Clear,False,0.0,False,False,0.403,Moderate,29.2,30.7,148.0,0.115,0.266,0.941,Moderate traffic flow - standard adaptive signal timing in effect
EVT417886,2025-02-16 16:59:09,Local Market Day,J030,MG Road,5301,Weekend,False,Clear,False,0.0,False,False,0.714,High,17.3,62.7,382.1,0.214,0.493,0.973,Moderate traffic flow - standard adaptive signal timing in effect
EVT417887,2026-02-18 11:50:20,Trade Fair,J040,City Market,5644,Weekday,False,Clear,False,0.0,False,False,0.233,Low,29.0,19.7,121.6,0.095,0.219,0.99,Normal free-flow traffic - standard signal timing maintained
EVT417888,2026-02-10 18:08:21,Concert,J011,Indiranagar 100ft Road,10385,Weekday,False,Clear,False,0.0,False,False,1.0,Severe,9.1,75.7,561.7,0.208,0.481,0.923,Heavy congestion detected - signal timing extended and reroute suggested
EVT417889,2025-05-10 19:49:26,Local Market Day,J023,Basavanagudi,1430,Weekend,False,Clear,False,0.0,False,False,0.67,High,23.2,47.5,377.5,0.267,0.616,0.99,Moderate traffic flow - standard adaptive signal timing in effect
EVT417890,2026-01-12 20:10:01,Local Market Day,J009,Majestic,5355,Weekday,False,Clear,False,0.0,False,False,0.613,High,18.7,44.4,148.3,0.083,0.192,0.971,Moderate traffic flow - standard adaptive signal timing in effect
EVT417891,2025-01-16 11:17:40,Local Market Day,J020,Malleshwaram Circle,2542,Weekday,False,Clear,False,0.0,False,False,0.31,Low,30.5,25.4,106.6,0.075,0.174,0.973,Moderate traffic flow - standard adaptive signal timing in effect
EVT417892,2026-02-10 06:03:45,Local Market Day,J040,City Market,4278,Weekday,False,Clear,False,0.0,False,False,0.29,Low,30.1,15.9,134.8,0.101,0.234,0.971,Moderate traffic flow - standard adaptive signal timing in effect
EVT417893,2025-09-22 11:19:48,Sports Fixture,J011,Indiranagar 100ft Road,16554,Weekday,False,Rain,True,12.0,False,False,0.586,High,24.6,46.7,157.6,0.12,0.277,0.928,Heavy rain reducing visibility and grip - reduced speed and longer buffer advised
EVT417894,2025-01-12 20:50:26,Sports Fixture,J031,Cubbon Road,15030,Weekend,False,Clear,False,0.0,False,False,0.56,High,22.3,38.0,194.0,0.14,0.323,0.937,Moderate traffic flow - standard adaptive signal timing in effect
EVT417895,2025-08-12 09:30:40,Local Market Day,J023,Basavanagudi,6001,Weekday,False,Clear,False,0.0,False,False,0.929,Severe,12.1,66.7,423.8,0.207,0.479,0.932,Heavy congestion detected - signal timing extended and reroute suggested
EVT417896,2026-05-16 05:40:26,Local Market Day,J031,Cubbon Road,4369,Weekend,False,Rain,True,23.3,False,False,0.5,Moderate,26.0,34.8,249.8,0.184,0.425,0.9,Light rain detected - minor speed reduction advised
EVT417897,2025-12-28 18:18:00,Trade Fair,J011,Indiranagar 100ft Road,7785,Weekend,False,Clear,False,0.0,False,False,0.886,Severe,13.9,69.1,480.7,0.258,0.595,0.958,Heavy congestion detected - signal timing extended and reroute suggested
EVT417898,2025-04-02 09:39:00,Concert,J012,Koramangala Sony World,19947,Weekday,False,Clear,False,0.0,False,False,1.0,Severe,8.6,75.8,389.2,0.159,0.367,0.88,Heavy congestion detected - signal timing extended and reroute suggested
EVT417899,2025-09-15 21:11:52,Trade Fair,J020,Malleshwaram Circle,4169,Weekday,False,Clear,False,0.0,False,False,0.399,Moderate,34.6,29.3,83.6,0.082,0.189,0.962,Moderate traffic flow - standard adaptive signal timing in effect
EVT417900,2025-06-24 15:04:25,Local Market Day,J012,Koramangala Sony World,9454,Weekday,False,Heavy Rain,True,26.4,False,False,0.567,High,18.7,33.0,246.9,0.139,0.32,0.907,Heavy rain reducing visibility and grip - reduced speed and longer buffer advised
EVT417901,2025-08-13 15:52:35,Sports Fixture,J011,Indiranagar 100ft Road,27198,Weekday,False,Rain,True,22.5,False,False,0.775,Severe,16.6,54.6,306.5,0.188,0.435,0.904,Heavy rain reducing visibility and grip - reduced speed and longer buffer advised
EVT417902,2026-02-23 16:02:03,Local Market Day,J040,City Market,3720,Weekday,False,Clear,False,0.0,False,False,0.433,Moderate,27.6,30.5,67.8,0.035,0.081,0.96,Moderate traffic flow - standard adaptive signal timing in effect
EVT417903,2026-02-11 07:39:17,Sports Fixture,J020,Malleshwaram Circle,22843,Weekday,False,Clear,False,0.0,False,False,0.814,Severe,14.1,61.1,377.2,0.208,0.48,0.953,Heavy congestion detected - signal timing extended and reroute suggested
EVT417904,2026-06-08 08:38:24,Sports Fixture,J020,Malleshwaram Circle,27620,Weekday,False,Clear,False,0.0,False,False,1.0,Severe,10.4,76.5,299.7,0.124,0.287,0.924,Heavy congestion detected - signal timing extended and reroute suggested
EVT417905,2025-02-20 14:53:20,Concert,J040,City Market,17025,Weekday,False,Clear,False,0.0,False,False,0.313,Low,34.0,22.1,88.9,0.071,0.164,0.962,Moderate traffic flow - standard adaptive signal timing in effect
EVT417906,2025-09-25 18:31:25,Sports Fixture,J012,Koramangala Sony World,21752,Weekday,False,Clear,False,0.0,False,False,1.0,Severe,7.7,71.2,532.6,0.153,0.354,0.899,Heavy congestion detected - signal timing extended and reroute suggested
EVT417907,2025-04-19 17:18:52,Political Rally,J011,Indiranagar 100ft Road,21228,Weekend,False,Clear,False,0.0,False,False,0.732,High,18.3,50.6,164.3,0.09,0.208,0.956,Moderate traffic flow - standard adaptive signal timing in effect
EVT417908,2026-06-03 17:42:38,Sports Fixture,J040,City Market,25384,Weekday,False,Clear,False,0.0,False,False,1.0,Severe,10.0,69.9,417.7,0.178,0.412,0.928,Heavy congestion detected - signal timing extended and reroute suggested
EVT417909,2025-07-29 19:58:02,Political Rally,J040,City Market,12331,Weekday,False,Light Rain,True,4.7,False,False,0.893,Severe,12.2,66.3,177.9,0.086,0.2,0.906,Heavy rain reducing visibility and grip - reduced speed and longer buffer advised
EVT417910,2025-06-13 06:09:26,Local Market Day,J020,Malleshwaram Circle,3933,Weekday,False,Heavy Rain,True,45.0,False,False,0.617,High,17.9,44.7,240.0,0.152,0.35,0.91,Heavy rain reducing visibility and grip - reduced speed and longer buffer advised
EVT417911,2025-07-16 09:18:47,Trade Fair,J011,Indiranagar 100ft Road,8022,Weekday,False,Clear,False,0.0,False,False,1.0,Severe,6.7,71.4,752.4,0.189,0.436,0.924,Heavy congestion detected - signal timing extended and reroute suggested
EVT417912,2026-06-08 08:23:51,Trade Fair,J011,Indiranagar 100ft Road,15984,Weekday,False,Clear,False,0.0,False,False,0.92,Severe,11.6,61.9,665.6,0.269,0.621,0.932,Heavy congestion detected - signal timing extended and reroute suggested
EVT417913,2025-10-24 11:26:45,Sports Fixture,J009,Majestic,21472,Weekday,False,Clear,False,0.0,False,False,0.448,Moderate,25.0,27.4,92.0,0.071,0.164,0.965,Moderate traffic flow - standard adaptive signal timing in effect
EVT417914,2025-03-15 16:48:44,Religious Festival,J040,City Market,52437,Weekend,True,Clear,False,0.0,True,True,1.0,Severe,12.0,93.1,185.3,0.097,0.224,0.695,Road closure for event/procession - full detour recommended for through-traffic
EVT417915,2026-01-26 11:27:27,Fireworks Display,J009,Majestic,13903,Weekday,True,Clear,False,0.0,False,False,0.622,High,19.4,41.3,215.5,0.123,0.285,0.932,Festival crowd surge detected - alternate route and extended cycle recommended
EVT417916,2025-03-21 08:30:04,Sports Fixture,J012,Koramangala Sony World,24133,Weekday,False,Clear,False,0.0,False,False,1.0,Severe,8.3,70.6,438.4,0.16,0.37,0.919,Heavy congestion detected - signal timing extended and reroute suggested
EVT417917,2025-05-24 14:44:45,Concert,J040,City Market,10867,Weekend,False,Heavy Rain,True,33.9,False,False,0.631,High,20.8,39.8,168.5,0.113,0.262,0.915,Heavy rain reducing visibility and grip - reduced speed and longer buffer advised
EVT417918,2025-01-12 18:17:55,Sports Fixture,J040,City Market,41100,Weekend,False,Clear,False,0.0,False,False,1.0,Severe,7.0,70.3,897.4,0.237,0.548,0.926,Heavy congestion detected - signal timing extended and reroute suggested
EVT417919,2025-04-03 06:30:13,Concert,J020,Malleshwaram Circle,18017,Weekday,False,Clear,False,0.0,False,False,0.384,Moderate,27.0,25.2,229.4,0.188,0.435,0.985,Moderate traffic flow - standard adaptive signal timing in effect
EVT417920,2026-03-22 10:24:02,Trade Fair,J011,Indiranagar 100ft Road,8290,Weekend,False,Clear,False,0.0,False,False,0.517,Moderate,26.8,35.7,168.0,0.145,0.334,0.96,Moderate traffic flow - standard adaptive signal timing in effect
EVT417921,2025-10-04 16:50:00,Sports Fixture,J040,City Market,22357,Weekend,False,Light Rain,True,6.4,False,False,0.84,Severe,12.1,60.9,442.9,0.213,0.492,0.9,Heavy rain reducing visibility and grip - reduced speed and longer buffer advised
EVT417922,2025-02-18 10:34:56,Local Market Day,J031,Cubbon Road,3186,Weekday,False,Clear,False,0.0,False,False,0.567,High,25.2,42.3,160.9,0.126,0.292,0.961,Moderate traffic flow - standard adaptive signal timing in effect
EVT417923,2025-09-09 11:08:26,Local Market Day,J031,Cubbon Road,3949,Weekday,False,Clear,False,0.0,False,False,0.384,Moderate,24.2,26.4,209.5,0.149,0.345,0.976,Moderate traffic flow - standard adaptive signal timing in effect
EVT417924,2026-01-04 17:57:15,Sports Fixture,J011,Indiranagar 100ft Road,29431,Weekend,False,Light Rain,True,1.6,False,False,1.0,Severe,8.8,69.8,192.0,0.08,0.186,0.877,Heavy rain reducing visibility and grip - reduced speed and longer buffer advised
EVT417925,2025-11-28 16:05:34,Sports Fixture,J031,Cubbon Road,10778,Weekday,False,Clear,False,0.0,False,False,0.42,Moderate,22.9,26.7,218.7,0.151,0.348,0.97,Moderate traffic flow - standard adaptive signal timing in effect
EVT417926,2025-06-06 22:15:15,Sports Fixture,J030,MG Road,15282,Weekday,False,Clear,False,0.0,False,False,0.359,Moderate,24.6,18.1,166.1,0.1,0.23,0.967,Moderate traffic flow - standard adaptive signal timing in effect
EVT417927,2025-11-12 14:54:52,Concert,J012,Koramangala Sony World,12793,Weekday,False,Clear,False,0.0,False,False,0.28,Low,31.8,19.2,69.3,0.037,0.086,0.984,Moderate traffic flow - standard adaptive signal timing in effect
EVT417928,2025-07-04 11:39:35,Concert,J031,Cubbon Road,7031,Weekday,False,Clear,False,0.0,False,False,0.295,Low,31.4,19.9,94.2,0.08,0.186,0.985,Moderate traffic flow - standard adaptive signal timing in effect
EVT417929,2025-02-15 22:29:45,Local Market Day,J031,Cubbon Road,3438,Weekend,False,Clear,False,0.0,False,False,0.339,Low,33.6,20.3,110.0,0.108,0.25,0.956,Moderate traffic flow - standard adaptive signal timing in effect
EVT417930,2025-02-11 10:46:12,Political Rally,J031,Cubbon Road,9350,Weekday,False,Clear,False,0.0,False,False,0.524,Moderate,25.3,31.8,112.3,0.071,0.165,0.935,Moderate traffic flow - standard adaptive signal timing in effect
EVT417931,2025-10-11 20:17:31,Sports Fixture,J012,Koramangala Sony World,41648,Weekend,False,Clear,False,0.0,False,False,0.785,Severe,12.0,54.9,332.1,0.161,0.371,0.968,Heavy congestion detected - signal timing extended and reroute suggested
EVT417932,2025-10-02 07:36:16,Religious Festival,J031,Cubbon Road,47415,Weekday,True,Clear,False,0.0,False,False,1.0,Severe,9.3,73.4,576.3,0.211,0.487,0.891,Festival crowd surge detected - alternate route and extended cycle recommended
EVT417933,2026-01-19 08:17:45,Sports Fixture,J011,Indiranagar 100ft Road,18627,Weekday,False,Clear,False,0.0,False,False,0.98,Severe,11.6,70.8,615.3,0.261,0.603,0.913,Heavy congestion detected - signal timing extended and reroute suggested
EVT417934,2025-04-14 08:10:35,Religious Festival,J020,Malleshwaram Circle,26262,Weekday,True,Clear,False,0.0,False,False,1.0,Severe,9.3,72.4,568.7,0.226,0.522,0.894,Festival crowd surge detected - alternate route and extended cycle recommended
EVT417935,2026-01-29 05:15:57,Concert,J040,City Market,6905,Weekday,False,Clear,False,0.0,False,False,0.208,Low,37.9,5.8,59.5,0.043,0.1,0.983,Normal free-flow traffic - standard signal timing maintained
EVT417936,2026-06-07 07:08:37,Political Rally,J031,Cubbon Road,8314,Weekend,False,Clear,False,0.0,False,False,0.535,Moderate,20.6,36.2,258.5,0.162,0.373,0.973,Moderate traffic flow - standard adaptive signal timing in effect
EVT417937,2026-05-23 08:52:29,Local Market Day,J031,Cubbon Road,5309,Weekend,False,Clear,False,0.0,False,False,0.882,Severe,11.6,59.1,513.5,0.234,0.541,0.932,Heavy congestion detected - signal timing extended and reroute suggested
EVT417938,2026-06-22 20:26:40,Local Market Day,J011,Indiranagar 100ft Road,3067,Weekday,False,Light Rain,True,6.0,False,False,0.659,High,19.0,50.2,183.6,0.136,0.313,0.881,Heavy rain reducing visibility and grip - reduced speed and longer buffer advised
EVT417939,2025-11-06 06:25:30,Trade Fair,J011,Indiranagar 100ft Road,17699,Weekday,False,Rain,True,10.3,False,False,0.497,Moderate,21.0,36.6,172.1,0.094,0.218,0.91,Light rain detected - minor speed reduction advised
EVT417940,2025-11-07 19:15:45,Trade Fair,J040,City Market,5593,Weekday,False,Clear,False,0.0,False,False,0.962,Severe,10.4,68.0,491.5,0.22,0.509,0.932,Heavy congestion detected - signal timing extended and reroute suggested
EVT417941,2026-01-12 09:10:47,Local Market Day,J023,Basavanagudi,4146,Weekday,False,Clear,False,0.0,False,False,1.0,Severe,9.7,65.3,403.3,0.16,0.371,0.926,Heavy congestion detected - signal timing extended and reroute suggested
EVT417942,2026-01-08 16:33:27,Local Market Day,J023,Basavanagudi,3083,Weekday,False,Clear,False,0.0,False,False,0.573,High,22.7,40.8,226.2,0.153,0.353,0.972,Moderate traffic flow - standard adaptive signal timing in effect
EVT417943,2025-01-03 16:48:17,Sports Fixture,J009,Majestic,12412,Weekday,False,Clear,False,0.0,False,False,0.635,High,18.8,43.9,260.3,0.171,0.395,0.953,Moderate traffic flow - standard adaptive signal timing in effect
EVT417944,2026-06-29 12:35:28,Political Rally,J011,Indiranagar 100ft Road,12764,Weekday,False,Rain,True,15.9,False,False,0.454,Moderate,27.0,35.2,135.6,0.105,0.244,0.922,Light rain detected - minor speed reduction advised
EVT417945,2025-10-14 07:30:15,Concert,J012,Koramangala Sony World,12570,Weekday,False,Clear,False,0.0,False,False,0.664,High,20.7,50.2,247.8,0.171,0.395,0.967,Moderate traffic flow - standard adaptive signal timing in effect
EVT417946,2026-05-05 20:51:39,Concert,J030,MG Road,9870,Weekday,False,Clear,False,0.0,False,False,0.501,Moderate,20.2,35.4,154.6,0.071,0.163,0.962,Moderate traffic flow - standard adaptive signal timing in effect
EVT417947,2025-09-15 12:43:22,Concert,J020,Malleshwaram Circle,12967,Weekday,False,Rain,True,19.8,False,False,0.452,Moderate,25.4,32.3,133.0,0.123,0.284,0.912,Light rain detected - minor speed reduction advised
EVT417948,2025-12-08 19:45:39,Local Market Day,J031,Cubbon Road,3027,Weekday,False,Clear,False,0.0,False,False,0.822,Severe,17.5,56.8,319.4,0.212,0.489,0.954,Heavy congestion detected - signal timing extended and reroute suggested
EVT417949,2025-12-26 10:23:29,Fireworks Display,J031,Cubbon Road,20986,Weekday,True,Clear,False,0.0,False,False,0.919,Severe,11.9,64.2,215.0,0.107,0.247,0.852,Festival crowd surge detected - alternate route and extended cycle recommended
EVT417950,2026-03-29 09:45:32,Local Market Day,J040,City Market,6448,Weekend,False,Clear,False,0.0,False,False,0.713,High,21.2,52.4,192.1,0.135,0.312,0.988,Moderate traffic flow - standard adaptive signal timing in effect
EVT417951,2025-08-14 23:11:26,Political Rally,J012,Koramangala Sony World,18884,Weekday,False,Clear,False,0.0,False,False,0.241,Low,36.6,18.7,181.0,0.152,0.352,0.949,Normal free-flow traffic - standard signal timing maintained
EVT417952,2025-06-25 18:15:35,Sports Fixture,J031,Cubbon Road,19750,Weekday,False,Clear,False,0.0,False,False,1.0,Severe,6.7,65.0,461.3,0.144,0.333,0.915,Heavy congestion detected - signal timing extended and reroute suggested
EVT417953,2026-03-27 07:53:10,Religious Festival,J020,Malleshwaram Circle,43254,Weekday,True,Clear,False,0.0,False,False,1.0,Severe,10.8,73.8,541.4,0.235,0.544,0.861,Festival crowd surge detected - alternate route and extended cycle recommended
EVT417954,2025-08-14 06:06:19,Local Market Day,J009,Majestic,3287,Weekday,False,Rain,True,22.8,False,False,0.427,Moderate,30.9,28.7,212.0,0.192,0.444,0.928,Light rain detected - minor speed reduction advised
EVT417955,2025-02-22 16:20:18,Concert,J020,Malleshwaram Circle,15949,Weekend,False,Clear,False,0.0,False,False,0.552,High,26.5,39.2,183.1,0.136,0.313,0.959,Moderate traffic flow - standard adaptive signal timing in effect
EVT417956,2026-05-10 15:13:44,Political Rally,J030,MG Road,17082,Weekend,False,Clear,False,0.0,False,False,0.457,Moderate,23.4,33.2,217.2,0.137,0.316,0.957,Moderate traffic flow - standard adaptive signal timing in effect
EVT417957,2025-09-04 17:49:44,Local Market Day,J030,MG Road,3978,Weekday,False,Clear,False,0.0,False,False,0.911,Severe,11.3,65.8,430.2,0.177,0.41,0.91,Heavy congestion detected - signal timing extended and reroute suggested
EVT417958,2025-10-28 12:28:55,Local Market Day,J020,Malleshwaram Circle,2887,Weekday,False,Clear,False,0.0,False,False,0.244,Low,38.1,17.1,165.7,0.176,0.405,0.99,Normal free-flow traffic - standard signal timing maintained
EVT417959,2025-05-14 07:55:33,Trade Fair,J009,Majestic,5018,Weekday,False,Clear,False,0.0,False,False,0.734,High,19.2,59.2,252.1,0.158,0.364,0.968,Moderate traffic flow - standard adaptive signal timing in effect
EVT417960,2025-05-03 08:13:09,Concert,J012,Koramangala Sony World,8554,Weekend,False,Clear,False,0.0,False,False,0.747,High,15.8,55.5,556.2,0.312,0.721,0.956,Moderate traffic flow - standard adaptive signal timing in effect
EVT417961,2025-09-13 08:16:10,Political Rally,J040,City Market,18815,Weekend,False,Clear,False,0.0,False,False,0.907,Severe,10.7,69.2,310.4,0.129,0.299,0.93,Heavy congestion detected - signal timing extended and reroute suggested
EVT417962,2026-02-02 07:11:42,Sports Fixture,J020,Malleshwaram Circle,28680,Weekday,False,Clear,False,0.0,False,False,0.615,High,18.7,42.3,243.1,0.144,0.333,0.976,Moderate traffic flow - standard adaptive signal timing in effect
EVT417963,2025-08-05 17:53:25,Local Market Day,J023,Basavanagudi,3195,Weekday,False,Clear,False,0.0,False,False,1.0,Severe,7.5,73.0,683.7,0.212,0.489,0.927,Heavy congestion detected - signal timing extended and reroute suggested
EVT417964,2025-05-31 12:11:08,Sports Fixture,J030,MG Road,15304,Weekend,False,Clear,False,0.0,False,False,0.408,Moderate,30.0,22.4,142.1,0.122,0.281,0.982,Moderate traffic flow - standard adaptive signal timing in effect
EVT417965,2025-10-06 17:07:57,Political Rally,J040,City Market,10577,Weekday,False,Rain,True,23.8,False,False,1.0,Severe,9.3,70.5,342.3,0.126,0.292,0.901,Heavy rain reducing visibility and grip - reduced speed and longer buffer advised
EVT417966,2025-02-03 12:53:03,Sports Fixture,J009,Majestic,26437,Weekday,False,Clear,False,0.0,False,False,0.341,Low,29.8,21.3,148.5,0.132,0.306,0.953,Moderate traffic flow - standard adaptive signal timing in effect
EVT417967,2026-01-21 08:52:37,Concert,J020,Malleshwaram Circle,13986,Weekday,False,Clear,False,0.0,False,False,1.0,Severe,7.0,66.7,481.7,0.151,0.348,0.919,Heavy congestion detected - signal timing extended and reroute suggested
EVT417968,2025-03-20 19:20:39,Concert,J023,Basavanagudi,7027,Weekday,False,Clear,False,0.0,False,False,0.92,Severe,13.8,62.6,219.4,0.092,0.214,0.927,Heavy congestion detected - signal timing extended and reroute suggested
EVT417969,2026-01-18 19:01:21,Political Rally,J040,City Market,20454,Weekend,False,Clear,False,0.0,False,False,0.944,Severe,9.2,65.6,402.4,0.153,0.353,0.917,Heavy congestion detected - signal timing extended and reroute suggested
EVT417970,2026-02-07 07:29:35,Local Market Day,J031,Cubbon Road,5766,Weekend,False,Clear,False,0.0,False,False,0.547,Moderate,22.1,46.1,212.2,0.132,0.305,0.954,Moderate traffic flow - standard adaptive signal timing in effect
EVT417971,2025-05-22 09:35:22,Sports Fixture,J040,City Market,28307,Weekday,False,Rain,True,19.9,False,False,1.0,Severe,8.5,73.2,640.5,0.219,0.507,0.874,Heavy rain reducing visibility and grip - reduced speed and longer buffer advised
EVT417972,2026-06-17 19:03:14,Sports Fixture,J040,City Market,45615,Weekday,False,Heavy Rain,True,35.5,False,False,1.0,Severe,7.2,67.2,699.9,0.199,0.46,0.857,Heavy rain reducing visibility and grip - reduced speed and longer buffer advised
EVT417973,2025-01-13 09:29:03,Trade Fair,J011,Indiranagar 100ft Road,7851,Weekday,False,Clear,False,0.0,False,False,1.0,Severe,7.8,73.6,374.7,0.14,0.324,0.93,Heavy congestion detected - signal timing extended and reroute suggested
EVT417974,2026-05-25 18:13:23,Sports Fixture,J011,Indiranagar 100ft Road,19300,Weekday,False,Rain,True,10.5,False,False,1.0,Severe,8.4,68.8,501.5,0.164,0.378,0.85,Heavy rain reducing visibility and grip - reduced speed and longer buffer advised
EVT417975,2025-12-08 13:17:57,Sports Fixture,J012,Koramangala Sony World,12967,Weekday,False,Clear,False,0.0,False,False,0.287,Low,32.6,23.0,178.7,0.148,0.343,0.99,Moderate traffic flow - standard adaptive signal timing in effect
EVT417976,2025-11-09 20:23:04,Trade Fair,J009,Majestic,8250,Weekend,False,Clear,False,0.0,False,False,0.599,High,20.4,45.2,356.1,0.243,0.561,0.95,Moderate traffic flow - standard adaptive signal timing in effect
EVT417977,2026-04-07 08:30:56,Sports Fixture,J030,MG Road,14051,Weekday,False,Fog,False,0.0,False,False,0.961,Severe,10.3,73.2,383.7,0.172,0.397,0.921,Heavy congestion detected - signal timing extended and reroute suggested
EVT417978,2026-02-06 18:44:12,Local Market Day,J009,Majestic,3987,Weekday,False,Clear,False,0.0,False,False,0.994,Severe,9.1,69.3,764.5,0.28,0.646,0.91,Heavy congestion detected - signal timing extended and reroute suggested
EVT417979,2025-05-06 06:37:09,Local Market Day,J011,Indiranagar 100ft Road,4822,Weekday,False,Clear,False,0.0,False,False,0.327,Low,28.0,23.1,203.7,0.169,0.39,0.958,Moderate traffic flow - standard adaptive signal timing in effect
EVT417980,2025-06-27 09:16:24,Sports Fixture,J009,Majestic,13192,Weekday,False,Clear,False,0.0,False,False,1.0,Severe,9.3,69.1,499.2,0.196,0.453,0.913,Heavy congestion detected - signal timing extended and reroute suggested
EVT417981,2026-02-18 21:12:11,Local Market Day,J009,Majestic,5847,Weekday,False,Clear,False,0.0,False,False,0.418,Moderate,25.2,20.8,105.9,0.076,0.176,0.954,Moderate traffic flow - standard adaptive signal timing in effect
EVT417982,2025-11-02 08:10:02,Religious Festival,J011,Indiranagar 100ft Road,54598,Weekend,True,Clear,False,0.0,False,True,1.0,Severe,8.8,99.7,346.0,0.146,0.337,0.843,Road closure for event/procession - full detour recommended for through-traffic
EVT417983,2026-03-21 08:41:01,Concert,J020,Malleshwaram Circle,12486,Weekend,False,Clear,False,0.0,False,False,0.917,Severe,9.8,66.1,579.1,0.208,0.48,0.949,Heavy congestion detected - signal timing extended and reroute suggested
EVT417984,2025-12-16 19:49:54,Trade Fair,J012,Koramangala Sony World,10873,Weekday,False,Clear,False,0.0,False,False,0.878,Severe,9.9,64.1,477.2,0.169,0.391,0.939,Heavy congestion detected - signal timing extended and reroute suggested
EVT417985,2025-09-24 17:11:46,Sports Fixture,J023,Basavanagudi,12433,Weekday,False,Clear,False,0.0,False,False,0.88,Severe,9.5,64.1,296.7,0.112,0.258,0.956,Heavy congestion detected - signal timing extended and reroute suggested
EVT417986,2025-01-26 20:37:07,Fireworks Display,J011,Indiranagar 100ft Road,17093,Weekend,True,Clear,False,0.0,False,False,0.795,Severe,14.3,55.5,386.4,0.21,0.484,0.913,Festival crowd surge detected - alternate route and extended cycle recommended
EVT417987,2026-05-28 09:32:45,Political Rally,J012,Koramangala Sony World,14713,Weekday,False,Clear,False,0.0,False,False,0.925,Severe,11.3,66.1,534.7,0.225,0.52,0.933,Heavy congestion detected - signal timing extended and reroute suggested
EVT417988,2026-03-15 15:28:51,Local Market Day,J011,Indiranagar 100ft Road,4436,Weekend,False,Rain,True,11.3,False,False,0.479,Moderate,26.8,37.3,234.2,0.169,0.391,0.922,Light rain detected - minor speed reduction advised
EVT417989,2025-08-29 21:55:28,Trade Fair,J040,City Market,9684,Weekday,False,Clear,False,0.0,False,False,0.275,Low,32.1,16.5,67.6,0.04,0.091,0.968,Moderate traffic flow - standard adaptive signal timing in effect
EVT417990,2026-04-20 06:22:56,Local Market Day,J040,City Market,10243,Weekday,False,Clear,False,0.0,False,False,0.336,Low,35.8,20.2,113.9,0.101,0.234,0.925,Moderate traffic flow - standard adaptive signal timing in effect
EVT417991,2026-05-02 08:34:37,Religious Festival,J012,Koramangala Sony World,33903,Weekend,True,Clear,False,0.0,False,False,1.0,Severe,9.1,73.2,559.4,0.218,0.503,0.847,Festival crowd surge detected - alternate route and extended cycle recommended
EVT417992,2025-06-15 14:54:37,Trade Fair,J040,City Market,8689,Weekend,False,Clear,False,0.0,False,False,0.222,Low,40.3,18.8,94.0,0.086,0.199,0.983,Normal free-flow traffic - standard signal timing maintained
EVT417993,2025-08-01 20:52:58,Sports Fixture,J023,Basavanagudi,15534,Weekday,False,Clear,False,0.0,False,False,0.5,Moderate,25.4,41.8,97.7,0.066,0.153,0.941,Moderate traffic flow - standard adaptive signal timing in effect
EVT417994,2025-09-08 15:21:28,Concert,J031,Cubbon Road,11760,Weekday,False,Clear,False,0.0,False,False,0.323,Low,35.0,23.2,72.1,0.042,0.098,0.972,Moderate traffic flow - standard adaptive signal timing in effect
EVT417995,2025-08-15 08:07:52,Religious Festival,J031,Cubbon Road,45949,Weekday,True,Clear,False,0.0,False,True,1.0,Severe,8.4,97.5,311.5,0.125,0.289,0.818,Road closure for event/procession - full detour recommended for through-traffic
EVT417996,2026-01-20 14:26:19,Trade Fair,J009,Majestic,8251,Weekday,False,Clear,False,0.0,False,False,0.246,Low,30.3,24.1,99.7,0.08,0.184,0.956,Normal free-flow traffic - standard signal timing maintained
EVT417997,2025-08-03 13:56:31,Political Rally,J023,Basavanagudi,12184,Weekend,False,Clear,False,0.0,False,False,0.339,Low,35.2,22.2,80.9,0.065,0.15,0.988,Moderate traffic flow - standard adaptive signal timing in effect
EVT417998,2026-05-26 09:14:23,Sports Fixture,J023,Basavanagudi,32242,Weekday,False,Clear,False,0.0,False,False,1.0,Severe,10.7,71.0,347.4,0.166,0.383,0.903,Heavy congestion detected - signal timing extended and reroute suggested
EVT417999,2026-03-24 18:27:08,Local Market Day,J012,Koramangala Sony World,3218,Weekday,False,Clear,False,0.0,False,False,0.993,Severe,8.6,71.3,420.5,0.155,0.357,0.908,Heavy congestion detected - signal timing extended and reroute suggested
EVT418000,2025-01-21 19:53:25,Concert,J012,Koramangala Sony World,9117,Weekday,False,Clear,False,0.0,False,False,0.842,Severe,12.0,68.3,294.9,0.125,0.289,0.943,Heavy congestion detected - signal timing extended and reroute suggested
EVT418001,2025-05-21 07:37:48,Local Market Day,J011,Indiranagar 100ft Road,3385,Weekday,False,Clear,False,0.0,False,False,0.667,High,20.1,49.2,382.7,0.273,0.631,0.958,Moderate traffic flow - standard adaptive signal timing in effect
EVT418002,2026-02-25 07:15:03,Trade Fair,J009,Majestic,12425,Weekday,False,Clear,False,0.0,False,False,0.568,High,22.3,40.4,188.9,0.137,0.317,0.939,Moderate traffic flow - standard adaptive signal timing in effect
EVT418003,2026-02-05 20:23:44,Concert,J011,Indiranagar 100ft Road,8822,Weekday,False,Clear,False,0.0,False,False,0.632,High,18.8,43.2,267.4,0.175,0.404,0.953,Moderate traffic flow - standard adaptive signal timing in effect
EVT418004,2026-01-26 10:11:17,Cultural Procession,J031,Cubbon Road,13757,Weekday,True,Clear,False,0.0,False,True,1.0,Severe,7.6,102.3,982.4,0.305,0.704,0.84,Road closure for event/procession - full detour recommended for through-traffic
EVT418005,2025-05-15 16:52:05,Local Market Day,J031,Cubbon Road,3460,Weekday,False,Clear,False,0.0,False,False,0.717,High,16.4,55.0,429.2,0.214,0.495,0.966,Moderate traffic flow - standard adaptive signal timing in effect
EVT418006,2025-07-03 15:17:06,Concert,J011,Indiranagar 100ft Road,7966,Weekday,False,Rain,True,10.8,False,False,0.434,Moderate,25.9,32.8,259.8,0.192,0.443,0.909,Light rain detected - minor speed reduction advised
EVT418007,2025-04-14 10:48:20,Religious Festival,J023,Basavanagudi,44283,Weekday,True,Clear,False,0.0,False,False,0.911,Severe,12.5,66.4,457.5,0.244,0.563,0.87,Festival crowd surge detected - alternate route and extended cycle recommended
EVT418008,2025-04-30 12:39:12,Local Market Day,J012,Koramangala Sony World,5539,Weekday,False,Clear,False,0.0,False,False,0.231,Low,24.2,16.0,228.4,0.135,0.312,0.985,Normal free-flow traffic - standard signal timing maintained
EVT418009,2025-03-06 20:58:06,Local Market Day,J030,MG Road,5168,Weekday,False,Clear,False,0.0,False,False,0.437,Moderate,27.2,31.7,131.8,0.099,0.228,0.982,Moderate traffic flow - standard adaptive signal timing in effect
EVT418010,2026-02-13 08:00:20,Trade Fair,J009,Majestic,7997,Weekday,False,Clear,False,0.0,False,False,0.898,Severe,11.1,67.8,456.0,0.196,0.453,0.953,Heavy congestion detected - signal timing extended and reroute suggested
EVT418011,2025-12-21 21:13:34,Trade Fair,J031,Cubbon Road,6408,Weekend,False,Clear,False,0.0,False,False,0.393,Moderate,29.8,26.6,164.5,0.151,0.348,0.972,Moderate traffic flow - standard adaptive signal timing in effect
EVT418012,2025-07-02 18:24:47,Local Market Day,J011,Indiranagar 100ft Road,3698,Weekday,False,Clear,False,0.0,False,False,1.0,Severe,8.5,68.6,706.8,0.235,0.544,0.929,Heavy congestion detected - signal timing extended and reroute suggested
EVT418013,2026-05-07 14:29:18,Sports Fixture,J031,Cubbon Road,19973,Weekday,False,Clear,False,0.0,False,False,0.266,Low,36.4,22.3,88.1,0.082,0.189,0.959,Moderate traffic flow - standard adaptive signal timing in effect
EVT418014,2025-09-04 16:14:08,Sports Fixture,J011,Indiranagar 100ft Road,24782,Weekday,False,Clear,False,0.0,False,False,0.57,High,26.0,48.1,224.3,0.173,0.399,0.952,Moderate traffic flow - standard adaptive signal timing in effect
EVT418015,2026-06-19 12:17:20,Trade Fair,J031,Cubbon Road,7015,Weekday,False,Clear,False,0.0,False,False,0.273,Low,37.3,19.5,92.5,0.077,0.177,0.976,Moderate traffic flow - standard adaptive signal timing in effect
EVT418016,2025-05-24 20:36:33,Sports Fixture,J031,Cubbon Road,15112,Weekend,False,Clear,False,0.0,False,False,0.539,Moderate,18.4,45.1,274.5,0.136,0.314,0.944,Moderate traffic flow - standard adaptive signal timing in effect
EVT418017,2025-07-17 08:22:54,Sports Fixture,J030,MG Road,18553,Weekday,False,Clear,False,0.0,False,False,0.979,Severe,9.0,74.6,414.6,0.151,0.348,0.899,Heavy congestion detected - signal timing extended and reroute suggested
EVT418018,2025-03-25 18:51:33,Sports Fixture,J023,Basavanagudi,20121,Weekday,False,Clear,False,0.0,False,False,1.0,Severe,7.6,75.2,626.0,0.201,0.464,0.917,Heavy congestion detected - signal timing extended and reroute suggested
EVT418019,2026-04-01 17:04:31,Concert,J031,Cubbon Road,14524,Weekday,False,Light Rain,True,5.1,False,False,0.938,Severe,11.4,65.8,565.6,0.252,0.581,0.886,Heavy rain reducing visibility and grip - reduced speed and longer buffer advised
EVT418020,2025-04-22 21:17:05,Political Rally,J030,MG Road,19702,Weekday,False,Clear,False,0.0,False,False,0.507,Moderate,23.6,35.8,241.9,0.18,0.417,0.958,Moderate traffic flow - standard adaptive signal timing in effect
EVT418021,2025-04-12 11:15:29,Sports Fixture,J031,Cubbon Road,20765,Weekend,False,Clear,False,0.0,False,False,0.526,Moderate,21.5,38.7,188.7,0.144,0.333,0.99,Moderate traffic flow - standard adaptive signal timing in effect
EVT418022,2026-04-22 19:11:09,Concert,J030,MG Road,13213,Weekday,False,Clear,False,0.0,False,False,1.0,Severe,8.4,70.6,327.9,0.126,0.291,0.888,Heavy congestion detected - signal timing extended and reroute suggested
EVT418023,2026-03-10 16:02:17,Sports Fixture,J020,Malleshwaram Circle,43488,Weekday,False,Clear,False,0.0,False,False,0.699,High,20.3,50.6,187.7,0.12,0.278,0.959,Moderate traffic flow - standard adaptive signal timing in effect
EVT418024,2025-09-22 06:33:29,Trade Fair,J023,Basavanagudi,12093,Weekday,False,Heavy Rain,True,50.2,False,False,0.776,Severe,16.8,60.1,362.7,0.219,0.506,0.93,Heavy rain reducing visibility and grip - reduced speed and longer buffer advised
EVT418025,2026-03-13 13:53:09,Local Market Day,J011,Indiranagar 100ft Road,3061,Weekday,False,Clear,False,0.0,False,False,0.195,Low,32.4,10.8,142.7,0.124,0.286,0.99,Normal free-flow traffic - standard signal timing maintained
EVT418026,2026-03-12 16:49:35,Local Market Day,J009,Majestic,3879,Weekday,False,Clear,False,0.0,False,False,0.643,High,22.7,48.9,269.8,0.187,0.433,0.972,Moderate traffic flow - standard adaptive signal timing in effect
EVT418027,2025-04-19 12:01:32,Sports Fixture,J030,MG Road,16501,Weekend,False,Clear,False,0.0,False,False,0.321,Low,35.6,24.3,139.9,0.117,0.27,0.951,Moderate traffic flow - standard adaptive signal timing in effect
EVT418028,2025-05-17 16:00:04,Sports Fixture,J011,Indiranagar 100ft Road,18716,Weekend,False,Clear,False,0.0,False,False,0.576,High,26.4,44.9,209.0,0.168,0.389,0.958,Moderate traffic flow - standard adaptive signal timing in effect
EVT418029,2026-03-21 10:58:40,Sports Fixture,J009,Majestic,20520,Weekend,False,Clear,False,0.0,False,False,0.558,High,22.7,37.5,146.8,0.115,0.266,0.974,Moderate traffic flow - standard adaptive signal timing in effect
EVT418030,2025-06-03 08:04:20,Concert,J012,Koramangala Sony World,7632,Weekday,False,Rain,True,16.9,False,False,1.0,Severe,10.3,73.2,409.9,0.175,0.403,0.864,Heavy rain reducing visibility and grip - reduced speed and longer buffer advised
EVT418031,2025-03-29 08:33:49,Concert,J012,Koramangala Sony World,10347,Weekend,False,Clear,False,0.0,False,False,0.866,Severe,14.2,61.1,529.6,0.296,0.684,0.932,Heavy congestion detected - signal timing extended and reroute suggested
EVT418032,2025-07-16 09:28:48,Sports Fixture,J030,MG Road,16634,Weekday,False,Clear,False,0.0,False,False,1.0,Severe,9.4,71.4,530.9,0.224,0.518,0.894,Heavy congestion detected - signal timing extended and reroute suggested
EVT418033,2026-04-02 17:43:16,Concert,J009,Majestic,15634,Weekday,False,Light Rain,True,5.5,False,False,1.0,Severe,8.4,75.6,788.9,0.275,0.635,0.852,Heavy rain reducing visibility and grip - reduced speed and longer buffer advised
EVT418034,2026-02-11 20:59:51,Local Market Day,J011,Indiranagar 100ft Road,3354,Weekday,False,Clear,False,0.0,False,False,0.469,Moderate,26.2,32.6,105.5,0.074,0.172,0.974,Moderate traffic flow - standard adaptive signal timing in effect
EVT418035,2025-08-24 13:34:31,Political Rally,J030,MG Road,21569,Weekend,False,Rain,True,9.3,False,False,0.504,Moderate,28.2,32.3,193.6,0.153,0.352,0.915,Light rain detected - minor speed reduction advised
EVT418036,2025-12-13 16:04:44,Local Market Day,J011,Indiranagar 100ft Road,2228,Weekend,False,Clear,False,0.0,False,False,0.459,Moderate,30.5,31.4,118.6,0.105,0.243,0.97,Moderate traffic flow - standard adaptive signal timing in effect
EVT418037,2025-06-18 20:15:27,Local Market Day,J040,City Market,5431,Weekday,False,Rain,True,18.3,False,False,0.918,Severe,11.7,65.4,266.8,0.125,0.288,0.885,Heavy rain reducing visibility and grip - reduced speed and longer buffer advised
EVT418038,2026-06-28 21:22:18,Sports Fixture,J031,Cubbon Road,19043,Weekend,False,Clear,False,0.0,False,False,0.534,Moderate,22.8,35.1,234.4,0.173,0.4,0.96,Moderate traffic flow - standard adaptive signal timing in effect
EVT418039,2026-01-31 15:37:17,Concert,J023,Basavanagudi,13207,Weekend,False,Clear,False,0.0,False,False,0.404,Moderate,26.7,30.1,219.2,0.155,0.358,0.952,Moderate traffic flow - standard adaptive signal timing in effect
EVT418040,2026-01-22 11:36:32,Local Market Day,J031,Cubbon Road,3486,Weekday,False,Clear,False,0.0,False,False,0.287,Low,30.3,21.5,233.9,0.185,0.428,0.965,Moderate traffic flow - standard adaptive signal timing in effect
EVT418041,2025-11-19 07:49:25,Sports Fixture,J040,City Market,21744,Weekday,False,Clear,False,0.0,False,False,0.785,Severe,17.8,54.5,327.6,0.201,0.465,0.953,Heavy congestion detected - signal timing extended and reroute suggested
EVT418042,2025-09-15 17:15:26,Local Market Day,J011,Indiranagar 100ft Road,3960,Weekday,False,Heavy Rain,True,29.9,False,False,1.0,Severe,10.4,69.0,286.3,0.127,0.294,0.872,Heavy rain reducing visibility and grip - reduced speed and longer buffer advised
EVT418043,2026-06-25 17:36:31,Sports Fixture,J031,Cubbon Road,23605,Weekday,False,Rain,True,15.6,False,False,1.0,Severe,10.5,67.3,420.0,0.191,0.442,0.842,Heavy rain reducing visibility and grip - reduced speed and longer buffer advised
EVT418044,2025-07-19 12:14:52,Trade Fair,J009,Majestic,15954,Weekend,False,Heavy Rain,True,52.5,False,False,0.779,Severe,14.5,53.6,426.5,0.206,0.475,0.934,Heavy rain reducing visibility and grip - reduced speed and longer buffer advised
EVT418045,2026-05-25 11:17:31,Concert,J012,Koramangala Sony World,5906,Weekday,False,Clear,False,0.0,False,False,0.419,Moderate,27.9,28.4,191.6,0.115,0.267,0.969,Moderate traffic flow - standard adaptive signal timing in effect
EVT418046,2025-06-11 15:29:42,Sports Fixture,J020,Malleshwaram Circle,20821,Weekday,False,Rain,True,11.9,False,False,0.535,Moderate,15.9,38.1,204.4,0.117,0.27,0.923,Light rain detected - minor speed reduction advised
EVT418047,2025-12-18 16:15:47,Local Market Day,J031,Cubbon Road,4526,Weekday,False,Light Rain,True,1.9,False,False,0.587,High,22.1,42.1,283.9,0.195,0.451,0.894,Heavy rain reducing visibility and grip - reduced speed and longer buffer advised
EVT418048,2026-06-17 10:10:09,Local Market Day,J030,MG Road,4279,Weekday,False,Heavy Rain,True,34.8,False,False,1.0,Severe,7.4,70.7,560.0,0.172,0.396,0.87,Heavy rain reducing visibility and grip - reduced speed and longer buffer advised
EVT418049,2026-03-01 01:25:03,Sports Fixture,J009,Majestic,17939,Weekend,False,Clear,False,0.0,False,False,0.287,Low,32.8,17.5,119.6,0.126,0.292,0.97,Moderate traffic flow - standard adaptive signal timing in effect
EVT418050,2025-02-16 06:48:39,Trade Fair,J030,MG Road,7738,Weekend,False,Clear,False,0.0,False,False,0.405,Moderate,28.1,29.5,219.2,0.179,0.413,0.96,Moderate traffic flow - standard adaptive signal timing in effect
EVT418051,2026-05-29 17:09:33,Concert,J009,Majestic,14084,Weekday,False,Rain,True,21.7,False,False,1.0,Severe,9.6,72.3,561.4,0.211,0.487,0.881,Heavy rain reducing visibility and grip - reduced speed and longer buffer advised
EVT418052,2025-01-19 08:56:12,Political Rally,J040,City Market,17928,Weekend,False,Clear,False,0.0,False,False,1.0,Severe,8.8,72.5,596.5,0.212,0.491,0.923,Heavy congestion detected - signal timing extended and reroute suggested
EVT418053,2025-12-01 08:00:02,Concert,J023,Basavanagudi,8592,Weekday,False,Clear,False,0.0,False,False,0.82,Severe,16.2,60.5,260.1,0.146,0.336,0.971,Heavy congestion detected - signal timing extended and reroute suggested
EVT418054,2025-09-13 05:36:56,Local Market Day,J009,Majestic,3738,Weekend,False,Heavy Rain,True,29.1,True,False,0.854,Severe,11.9,59.1,590.7,0.266,0.615,0.741,Accident detected nearby - reroute and reduced speed advised
EVT418055,2025-09-26 15:52:31,Sports Fixture,J030,MG Road,14346,Weekday,False,Clear,False,0.0,False,False,0.377,Moderate,35.3,26.5,82.3,0.074,0.17,0.969,Moderate traffic flow - standard adaptive signal timing in effect
EVT418056,2026-02-26 06:10:12,Trade Fair,J023,Basavanagudi,9949,Weekday,False,Clear,False,0.0,False,False,0.276,Low,28.8,12.5,216.4,0.168,0.389,0.979,Moderate traffic flow - standard adaptive signal timing in effect
EVT418057,2025-07-09 22:59:51,Local Market Day,J011,Indiranagar 100ft Road,5463,Weekday,False,Clear,False,0.0,False,False,0.192,Low,33.1,13.8,250.6,0.212,0.489,0.948,Normal free-flow traffic - standard signal timing maintained
EVT418058,2025-11-30 15:49:05,Sports Fixture,J030,MG Road,24927,Weekend,False,Clear,False,0.0,False,False,0.489,Moderate,20.2,34.7,213.7,0.142,0.328,0.987,Moderate traffic flow - standard adaptive signal timing in effect
EVT418059,2025-11-18 23:41:01,Local Market Day,J023,Basavanagudi,2289,Weekday,False,Clear,False,0.0,False,False,0.119,Low,34.3,22.3,111.3,0.091,0.209,0.99,Normal free-flow traffic - standard signal timing maintained
EVT418060,2026-01-21 06:02:09,Trade Fair,J011,Indiranagar 100ft Road,6519,Weekday,False,Clear,False,0.0,True,False,0.572,High,24.2,41.3,222.0,0.169,0.39,0.806,Accident detected nearby - reroute and reduced speed advised
EVT418061,2025-01-31 06:09:38,Local Market Day,J031,Cubbon Road,8044,Weekday,False,Clear,False,0.0,False,False,0.241,Low,32.3,7.2,133.9,0.104,0.239,0.967,Normal free-flow traffic - standard signal timing maintained
EVT418062,2025-10-13 21:04:39,Trade Fair,J012,Koramangala Sony World,12709,Weekday,False,Clear,False,0.0,False,False,0.454,Moderate,29.0,30.5,161.2,0.13,0.299,0.99,Moderate traffic flow - standard adaptive signal timing in effect
EVT418063,2025-07-12 09:29:53,Concert,J012,Koramangala Sony World,11004,Weekend,False,Light Rain,True,5.5,False,False,0.933,Severe,9.3,63.5,358.5,0.137,0.316,0.901,Heavy rain reducing visibility and grip - reduced speed and longer buffer advised
EVT418064,2025-09-15 11:45:05,Local Market Day,J030,MG Road,3276,Weekday,False,Clear,False,0.0,False,False,0.239,Low,28.4,21.2,151.9,0.11,0.254,0.99,Normal free-flow traffic - standard signal timing maintained
EVT418065,2025-03-11 15:59:24,Trade Fair,J011,Indiranagar 100ft Road,5508,Weekday,False,Clear,False,0.0,False,False,0.409,Moderate,26.8,31.0,87.1,0.043,0.099,0.934,Moderate traffic flow - standard adaptive signal timing in effect
EVT418066,2026-03-05 08:09:58,Cultural Procession,J040,City Market,10542,Weekday,True,Clear,False,0.0,False,True,1.0,Severe,9.4,93.2,266.9,0.132,0.304,0.837,Road closure for event/procession - full detour recommended for through-traffic
EVT418067,2025-01-31 18:54:47,Sports Fixture,J031,Cubbon Road,20483,Weekday,False,Clear,False,0.0,False,False,1.0,Severe,9.2,75.2,365.8,0.148,0.341,0.895,Heavy congestion detected - signal timing extended and reroute suggested
EVT418068,2026-01-24 16:06:00,Local Market Day,J023,Basavanagudi,4289,Weekend,False,Clear,False,0.0,False,False,0.503,Moderate,20.2,40.6,252.8,0.15,0.346,0.96,Moderate traffic flow - standard adaptive signal timing in effect
EVT418069,2026-06-02 11:37:26,Local Market Day,J012,Koramangala Sony World,4928,Weekday,False,Clear,False,0.0,False,False,0.235,Low,23.3,16.4,159.4,0.104,0.24,0.99,Normal free-flow traffic - standard signal timing maintained
EVT418070,2025-07-14 21:13:59,Concert,J031,Cubbon Road,9583,Weekday,False,Heavy Rain,True,33.2,False,False,0.728,High,16.0,53.4,396.6,0.202,0.466,0.907,Heavy rain reducing visibility and grip - reduced speed and longer buffer advised
EVT418071,2025-08-20 18:24:09,Local Market Day,J031,Cubbon Road,3817,Weekday,False,Fog,False,0.0,False,False,1.0,Severe,8.7,72.7,427.1,0.17,0.392,0.935,Heavy congestion detected - signal timing extended and reroute suggested
EVT418072,2026-03-13 12:01:45,Local Market Day,J011,Indiranagar 100ft Road,2292,Weekday,False,Light Rain,True,0.4,False,False,0.285,Low,30.0,20.5,84.8,0.074,0.171,0.918,Light rain detected - minor speed reduction advised
EVT418073,2026-01-21 19:14:30,Local Market Day,J012,Koramangala Sony World,2848,Weekday,False,Clear,False,0.0,False,False,0.868,Severe,11.6,61.7,325.8,0.148,0.342,0.946,Heavy congestion detected - signal timing extended and reroute suggested
EVT418074,2025-02-16 08:50:55,Trade Fair,J030,MG Road,9615,Weekend,False,Clear,False,0.0,False,False,0.928,Severe,10.8,61.9,240.5,0.11,0.253,0.93,Heavy congestion detected - signal timing extended and reroute suggested
EVT418075,2026-01-04 08:00:48,Concert,J011,Indiranagar 100ft Road,9956,Weekend,False,Clear,False,0.0,False,False,0.769,Severe,16.6,52.0,384.6,0.22,0.509,0.962,Heavy congestion detected - signal timing extended and reroute suggested
EVT418076,2026-06-18 20:38:35,Concert,J031,Cubbon Road,11693,Weekday,False,Light Rain,True,4.0,False,False,0.616,High,23.5,44.5,180.4,0.134,0.309,0.908,Heavy rain reducing visibility and grip - reduced speed and longer buffer advised
EVT418077,2026-06-14 20:42:05,Local Market Day,J012,Koramangala Sony World,2608,Weekend,False,Heavy Rain,True,33.5,False,False,0.815,Severe,15.5,55.6,302.1,0.171,0.395,0.899,Heavy rain reducing visibility and grip - reduced speed and longer buffer advised
EVT418078,2025-01-05 20:02:35,Political Rally,J020,Malleshwaram Circle,9902,Weekend,False,Clear,False,0.0,False,False,0.638,High,23.9,41.4,172.3,0.134,0.309,0.953,Moderate traffic flow - standard adaptive signal timing in effect
EVT418079,2025-02-12 19:46:47,Sports Fixture,J031,Cubbon Road,40563,Weekday,False,Fog,False,0.0,False,False,1.0,Severe,8.4,71.6,836.5,0.269,0.622,0.92,Heavy congestion detected - signal timing extended and reroute suggested
EVT418080,2026-01-24 13:10:43,Sports Fixture,J040,City Market,27297,Weekend,False,Clear,False,0.0,False,False,0.423,Moderate,26.4,28.5,115.3,0.086,0.198,0.955,Moderate traffic flow - standard adaptive signal timing in effect
EVT418081,2026-04-16 08:35:58,Local Market Day,J030,MG Road,3663,Weekday,False,Clear,False,0.0,False,False,0.913,Severe,11.2,67.5,556.1,0.252,0.581,0.914,Heavy congestion detected - signal timing extended and reroute suggested
EVT418082,2026-06-05 18:39:24,Local Market Day,J023,Basavanagudi,2629,Weekday,False,Clear,False,0.0,False,False,0.967,Severe,9.4,70.2,237.3,0.078,0.18,0.91,Heavy congestion detected - signal timing extended and reroute suggested
EVT418083,2026-04-26 20:48:28,Local Market Day,J011,Indiranagar 100ft Road,4453,Weekend,False,Clear,False,0.0,False,False,0.443,Moderate,25.8,34.4,191.8,0.149,0.344,0.964,Moderate traffic flow - standard adaptive signal timing in effect
EVT418084,2025-02-08 08:07:56,Concert,J020,Malleshwaram Circle,8159,Weekend,False,Clear,False,0.0,False,False,0.838,Severe,17.1,61.2,319.2,0.201,0.465,0.973,Heavy congestion detected - signal timing extended and reroute suggested
EVT418085,2026-06-02 08:58:57,Concert,J030,MG Road,15697,Weekday,False,Heavy Rain,True,68.8,False,False,1.0,Severe,8.7,68.7,433.2,0.157,0.362,0.87,Heavy rain reducing visibility and grip - reduced speed and longer buffer advised
EVT418086,2026-03-31 09:49:52,Trade Fair,J040,City Market,11181,Weekday,False,Clear,False,0.0,False,False,0.915,Severe,9.2,63.3,313.7,0.122,0.282,0.96,Heavy congestion detected - signal timing extended and reroute suggested
EVT418087,2025-09-02 15:56:32,Concert,J031,Cubbon Road,9303,Weekday,False,Clear,False,0.0,False,False,0.399,Moderate,29.3,28.3,180.8,0.14,0.324,0.983,Moderate traffic flow - standard adaptive signal timing in effect
EVT418088,2025-11-30 12:01:23,Local Market Day,J012,Koramangala Sony World,5874,Weekend,False,Clear,False,0.0,False,False,0.382,Moderate,27.3,29.0,116.3,0.083,0.191,0.959,Moderate traffic flow - standard adaptive signal timing in effect
EVT418089,2025-12-20 09:13:33,Sports Fixture,J011,Indiranagar 100ft Road,36019,Weekend,False,Clear,False,0.0,False,False,0.982,Severe,10.0,76.1,662.5,0.253,0.583,0.914,Heavy congestion detected - signal timing extended and reroute suggested
EVT418090,2025-11-18 20:28:06,Sports Fixture,J009,Majestic,17557,Weekday,False,Clear,False,0.0,False,False,0.642,High,20.0,48.1,273.9,0.159,0.368,0.97,Moderate traffic flow - standard adaptive signal timing in effect
EVT418091,2025-10-17 18:31:27,Sports Fixture,J009,Majestic,21704,Weekday,False,Clear,False,0.0,False,False,1.0,Severe,10.0,71.6,760.2,0.31,0.717,0.917,Heavy congestion detected - signal timing extended and reroute suggested
EVT418092,2025-12-18 11:43:34,Trade Fair,J023,Basavanagudi,9948,Weekday,False,Clear,False,0.0,False,False,0.321,Low,30.6,23.4,233.1,0.181,0.418,0.942,Moderate traffic flow - standard adaptive signal timing in effect
EVT418093,2026-02-10 14:44:34,Concert,J020,Malleshwaram Circle,18846,Weekday,False,Clear,False,0.0,False,False,0.337,Low,32.3,28.8,72.8,0.079,0.182,0.97,Moderate traffic flow - standard adaptive signal timing in effect
EVT418094,2025-05-22 14:05:44,Local Market Day,J012,Koramangala Sony World,2980,Weekday,False,Clear,False,0.0,False,False,0.111,Low,30.6,2.6,76.1,0.054,0.125,0.941,Normal free-flow traffic - standard signal timing maintained
EVT418095,2025-01-14 07:07:31,Religious Festival,J023,Basavanagudi,39079,Weekday,True,Clear,False,0.0,False,False,0.958,Severe,11.2,64.8,191.0,0.073,0.169,0.861,Festival crowd surge detected - alternate route and extended cycle recommended
EVT418096,2025-01-02 14:15:16,Local Market Day,J030,MG Road,3546,Weekday,False,Clear,False,0.0,False,False,0.097,Low,40.6,4.8,120.0,0.109,0.252,0.944,Normal free-flow traffic - standard signal timing maintained
EVT418097,2025-04-17 09:01:36,Trade Fair,J020,Malleshwaram Circle,7170,Weekday,False,Clear,False,0.0,False,False,1.0,Severe,8.8,70.9,832.2,0.273,0.631,0.927,Heavy congestion detected - signal timing extended and reroute suggested
EVT418098,2026-06-14 19:51:02,Concert,J012,Koramangala Sony World,24182,Weekend,False,Clear,False,0.0,False,False,0.849,Severe,12.9,61.8,181.5,0.102,0.236,0.948,Heavy congestion detected - signal timing extended and reroute suggested
EVT418099,2025-01-03 21:20:18,Sports Fixture,J030,MG Road,12090,Weekday,False,Clear,False,0.0,False,False,0.377,Moderate,30.3,27.5,174.4,0.146,0.338,0.99,Moderate traffic flow - standard adaptive signal timing in effect
EVT418100,2025-05-21 17:56:12,Trade Fair,J040,City Market,12309,Weekday,False,Clear,False,0.0,False,False,1.0,Severe,7.2,73.7,648.8,0.217,0.5,0.894,Heavy congestion detected - signal timing extended and reroute suggested
EVT418101,2025-05-30 19:59:21,Trade Fair,J040,City Market,8993,Weekday,False,Clear,False,0.0,False,False,0.736,High,18.5,53.6,255.2,0.151,0.348,0.959,Moderate traffic flow - standard adaptive signal timing in effect
EVT418102,2026-03-29 17:27:41,Concert,J030,MG Road,12452,Weekend,False,Clear,False,0.0,False,False,0.759,Severe,19.5,54.8,181.1,0.136,0.314,0.968,Heavy congestion detected - signal timing extended and reroute suggested
EVT418103,2026-04-15 15:26:52,Religious Festival,J020,Malleshwaram Circle,62467,Weekday,True,Clear,False,0.0,False,False,0.853,Severe,10.6,61.5,564.3,0.261,0.603,0.878,Festival crowd surge detected - alternate route and extended cycle recommended
EVT418104,2026-01-29 11:48:53,Sports Fixture,J031,Cubbon Road,22402,Weekday,False,Clear,False,0.0,False,False,0.386,Moderate,28.1,23.9,68.0,0.055,0.127,0.957,Moderate traffic flow - standard adaptive signal timing in effect
EVT418105,2026-02-25 16:40:27,Local Market Day,J020,Malleshwaram Circle,4483,Weekday,False,Clear,False,0.0,False,False,0.626,High,20.1,37.8,210.0,0.119,0.276,0.954,Moderate traffic flow - standard adaptive signal timing in effect
EVT418106,2025-12-27 20:59:07,Sports Fixture,J023,Basavanagudi,24837,Weekend,False,Clear,False,0.0,False,False,0.581,High,19.9,45.4,179.5,0.113,0.26,0.97,Moderate traffic flow - standard adaptive signal timing in effect
EVT418107,2025-05-01 10:13:18,Fireworks Display,J031,Cubbon Road,38774,Weekday,True,Clear,False,0.0,False,False,1.0,Severe,9.4,78.9,340.0,0.142,0.327,0.885,Festival crowd surge detected - alternate route and extended cycle recommended
EVT418108,2025-05-17 08:16:03,Local Market Day,J040,City Market,7069,Weekend,False,Clear,False,0.0,False,False,0.849,Severe,13.8,51.8,367.2,0.172,0.398,0.915,Heavy congestion detected - signal timing extended and reroute suggested
EVT418109,2025-08-30 08:47:08,Sports Fixture,J012,Koramangala Sony World,19605,Weekend,False,Heavy Rain,True,89.3,False,False,1.0,Severe,8.8,75.5,581.6,0.205,0.474,0.893,Heavy rain reducing visibility and grip - reduced speed and longer buffer advised
EVT418110,2025-12-26 17:58:20,Religious Festival,J031,Cubbon Road,46845,Weekday,True,Clear,False,0.0,False,True,1.0,Severe,10.1,93.3,580.1,0.25,0.578,0.852,Road closure for event/procession - full detour recommended for through-traffic
EVT418111,2025-09-30 15:42:49,Local Market Day,J023,Basavanagudi,5269,Weekday,False,Clear,False,0.0,False,False,0.369,Moderate,30.9,21.9,237.1,0.189,0.438,0.949,Moderate traffic flow - standard adaptive signal timing in effect
EVT418112,2025-01-14 13:10:07,Fireworks Display,J030,MG Road,16886,Weekday,True,Clear,False,0.0,False,False,0.488,Moderate,25.4,40.0,189.1,0.128,0.296,0.93,Moderate traffic flow - standard adaptive signal timing in effect
EVT418113,2026-04-30 10:26:11,Sports Fixture,J020,Malleshwaram Circle,25375,Weekday,False,Clear,False,0.0,False,False,0.743,High,14.9,54.4,321.3,0.18,0.415,0.974,Moderate traffic flow - standard adaptive signal timing in effect
EVT418114,2025-03-24 14:16:10,Concert,J040,City Market,9216,Weekday,False,Clear,False,0.0,False,False,0.263,Low,35.3,22.9,172.1,0.149,0.345,0.942,Moderate traffic flow - standard adaptive signal timing in effect
EVT418115,2025-09-27 18:40:57,Sports Fixture,J011,Indiranagar 100ft Road,21462,Weekend,False,Heavy Rain,True,32.2,False,False,1.0,Severe,10.4,70.4,661.6,0.262,0.606,0.854,Heavy rain reducing visibility and grip - reduced speed and longer buffer advised
EVT418116,2026-02-19 09:59:57,Concert,J023,Basavanagudi,7187,Weekday,False,Clear,False,0.0,False,False,0.853,Severe,12.7,60.7,508.5,0.225,0.52,0.941,Heavy congestion detected - signal timing extended and reroute suggested
EVT418117,2026-06-23 14:36:59,Concert,J020,Malleshwaram Circle,9005,Weekday,False,Clear,False,0.0,False,False,0.191,Low,39.9,15.1,144.3,0.133,0.308,0.973,Normal free-flow traffic - standard signal timing maintained
EVT418118,2026-05-17 05:50:33,Local Market Day,J031,Cubbon Road,3114,Weekend,False,Clear,False,0.0,False,False,0.284,Low,31.6,21.9,241.1,0.193,0.446,0.966,Moderate traffic flow - standard adaptive signal timing in effect
EVT418119,2025-12-29 13:27:18,Political Rally,J020,Malleshwaram Circle,13244,Weekday,False,Fog,False,0.0,False,False,0.267,Low,29.0,14.8,175.5,0.131,0.303,0.933,Moderate traffic flow - standard adaptive signal timing in effect
EVT418120,2025-05-30 10:56:05,Political Rally,J030,MG Road,17907,Weekday,False,Light Rain,True,7.2,False,False,0.662,High,20.9,49.9,216.1,0.138,0.319,0.93,Heavy rain reducing visibility and grip - reduced speed and longer buffer advised
EVT418121,2026-06-10 08:37:41,Local Market Day,J011,Indiranagar 100ft Road,3930,Weekday,False,Clear,False,0.0,False,False,0.973,Severe,10.0,67.9,522.5,0.219,0.507,0.93,Heavy congestion detected - signal timing extended and reroute suggested
EVT418122,2025-05-12 22:44:50,Local Market Day,J011,Indiranagar 100ft Road,4246,Weekday,False,Rain,True,20.5,False,False,0.404,Moderate,24.8,29.1,223.8,0.173,0.4,0.891,Light rain detected - minor speed reduction advised
EVT418123,2026-04-23 15:26:21,Concert,J011,Indiranagar 100ft Road,9585,Weekday,False,Clear,False,0.0,False,False,0.346,Low,35.2,30.1,62.2,0.052,0.121,0.985,Moderate traffic flow - standard adaptive signal timing in effect
EVT418124,2026-02-12 05:59:54,Concert,J009,Majestic,6732,Weekday,False,Clear,False,0.0,False,False,0.326,Low,31.9,21.2,129.5,0.122,0.281,0.944,Moderate traffic flow - standard adaptive signal timing in effect
EVT418125,2025-09-06 16:38:31,Religious Festival,J023,Basavanagudi,37235,Weekend,True,Clear,False,0.0,False,True,1.0,Severe,9.4,101.9,579.5,0.228,0.527,0.861,Road closure for event/procession - full detour recommended for through-traffic
EVT418126,2025-11-26 07:46:49,Trade Fair,J020,Malleshwaram Circle,8284,Weekday,False,Clear,False,0.0,False,False,0.762,Severe,19.9,60.1,243.8,0.157,0.362,0.95,Heavy congestion detected - signal timing extended and reroute suggested
EVT418127,2025-06-22 00:18:55,Concert,J023,Basavanagudi,6782,Weekend,False,Heavy Rain,True,47.8,False,False,0.68,High,15.9,49.1,329.4,0.174,0.402,0.903,Heavy rain reducing visibility and grip - reduced speed and longer buffer advised
EVT418128,2025-05-22 09:44:24,Concert,J012,Koramangala Sony World,14014,Weekday,False,Clear,False,0.0,False,False,1.0,Severe,9.1,72.4,518.0,0.193,0.447,0.894,Heavy congestion detected - signal timing extended and reroute suggested
EVT418129,2026-02-20 20:09:58,Trade Fair,J020,Malleshwaram Circle,11211,Weekday,False,Clear,False,0.0,False,False,0.63,High,19.8,41.8,293.7,0.179,0.413,0.952,Moderate traffic flow - standard adaptive signal timing in effect
EVT418130,2026-03-20 20:25:19,Cultural Procession,J031,Cubbon Road,18884,Weekday,True,Clear,False,0.0,False,True,1.0,Severe,7.8,99.7,720.2,0.258,0.595,0.852,Road closure for event/procession - full detour recommended for through-traffic
EVT418131,2025-07-30 11:56:28,Political Rally,J009,Majestic,13816,Weekday,False,Clear,False,0.0,False,False,0.328,Low,31.6,25.0,116.0,0.086,0.199,0.971,Moderate traffic flow - standard adaptive signal timing in effect
EVT418132,2026-04-16 06:42:47,Local Market Day,J030,MG Road,6364,Weekday,False,Clear,False,0.0,False,False,0.424,Moderate,23.8,24.0,116.0,0.091,0.211,0.977,Moderate traffic flow - standard adaptive signal timing in effect
EVT418133,2026-04-16 17:39:45,Local Market Day,J009,Majestic,3507,Weekday,False,Fog,False,0.0,False,False,0.932,Severe,9.7,68.4,436.5,0.181,0.418,0.912,Heavy congestion detected - signal timing extended and reroute suggested
EVT418134,2026-03-19 19:52:32,Religious Festival,J009,Majestic,44994,Weekday,True,Clear,False,0.0,False,True,1.0,Severe,8.1,93.1,593.2,0.189,0.436,0.848,Road closure for event/procession - full detour recommended for through-traffic
EVT418135,2026-04-01 08:12:40,Local Market Day,J023,Basavanagudi,2427,Weekday,False,Clear,False,0.0,False,False,0.939,Severe,11.0,67.9,159.7,0.071,0.163,0.913,Heavy congestion detected - signal timing extended and reroute suggested
EVT418136,2026-04-19 10:01:01,Concert,J011,Indiranagar 100ft Road,8457,Weekend,False,Clear,False,0.0,False,False,0.71,High,17.8,52.3,269.4,0.152,0.352,0.955,Moderate traffic flow - standard adaptive signal timing in effect
EVT418137,2025-07-28 08:44:03,Concert,J030,MG Road,13143,Weekday,False,Rain,True,17.4,False,False,1.0,Severe,8.3,67.6,407.7,0.149,0.345,0.892,Heavy rain reducing visibility and grip - reduced speed and longer buffer advised
EVT418138,2025-01-12 07:41:06,Local Market Day,J030,MG Road,3659,Weekend,False,Clear,False,0.0,False,False,0.632,High,21.3,45.7,195.8,0.137,0.317,0.939,Moderate traffic flow - standard adaptive signal timing in effect
EVT418139,2025-04-03 18:05:15,Sports Fixture,J011,Indiranagar 100ft Road,21919,Weekday,False,Clear,False,0.0,False,False,1.0,Severe,10.0,70.6,420.7,0.182,0.419,0.914,Heavy congestion detected - signal timing extended and reroute suggested
EVT418140,2025-09-20 05:46:19,Sports Fixture,J030,MG Road,43868,Weekend,False,Rain,True,8.9,False,False,0.767,Severe,17.3,49.7,223.5,0.135,0.313,0.91,Heavy rain reducing visibility and grip - reduced speed and longer buffer advised
EVT418141,2025-08-02 19:39:47,Concert,J040,City Market,13122,Weekend,False,Clear,False,0.0,False,False,0.757,Severe,12.7,50.8,528.3,0.257,0.594,0.969,Heavy congestion detected - signal timing extended and reroute suggested
EVT418142,2026-04-20 09:26:41,Local Market Day,J012,Koramangala Sony World,2748,Weekday,False,Clear,False,0.0,False,False,0.969,Severe,10.4,68.9,448.6,0.197,0.454,0.941,Heavy congestion detected - signal timing extended and reroute suggested
EVT418143,2025-06-11 09:44:50,Local Market Day,J031,Cubbon Road,4180,Weekday,False,Clear,False,0.0,False,False,0.951,Severe,10.0,68.4,497.0,0.196,0.454,0.918,Heavy congestion detected - signal timing extended and reroute suggested
EVT418144,2025-05-12 06:51:37,Local Market Day,J040,City Market,5085,Weekday,False,Light Rain,True,6.8,False,False,0.511,Moderate,22.2,36.0,246.9,0.161,0.371,0.924,Light rain detected - minor speed reduction advised
EVT418145,2026-04-12 08:23:44,Concert,J030,MG Road,11980,Weekend,False,Clear,False,0.0,False,False,0.867,Severe,16.9,63.7,300.1,0.168,0.389,0.934,Heavy congestion detected - signal timing extended and reroute suggested
EVT418146,2025-06-04 17:09:43,Local Market Day,J012,Koramangala Sony World,3843,Weekday,False,Heavy Rain,True,38.4,False,False,1.0,Severe,9.3,73.6,580.2,0.244,0.564,0.856,Heavy rain reducing visibility and grip - reduced speed and longer buffer advised
EVT418147,2025-12-25 07:48:53,Religious Festival,J020,Malleshwaram Circle,26529,Weekday,True,Clear,False,0.0,False,False,1.0,Severe,8.2,73.5,510.1,0.185,0.428,0.877,Festival crowd surge detected - alternate route and extended cycle recommended
EVT418148,2025-03-29 19:07:34,Local Market Day,J020,Malleshwaram Circle,3901,Weekend,False,Clear,False,0.0,False,False,0.855,Severe,13.0,63.1,437.6,0.22,0.508,0.924,Heavy congestion detected - signal timing extended and reroute suggested
EVT418149,2025-04-17 10:34:12,Local Market Day,J030,MG Road,3849,Weekday,False,Clear,False,0.0,False,False,0.615,High,20.1,39.0,316.8,0.182,0.42,0.951,Moderate traffic flow - standard adaptive signal timing in effect
EVT418150,2025-06-30 14:13:48,Concert,J040,City Market,9966,Weekday,False,Light Rain,True,4.9,False,False,0.277,Low,24.8,21.4,184.5,0.116,0.269,0.912,Light rain detected - minor speed reduction advised
EVT418151,2025-06-24 08:39:00,Sports Fixture,J040,City Market,26621,Weekday,False,Heavy Rain,True,27.2,False,False,1.0,Severe,8.3,71.9,814.4,0.281,0.648,0.897,Heavy rain reducing visibility and grip - reduced speed and longer buffer advised
EVT418152,2025-10-21 10:33:32,Religious Festival,J030,MG Road,23320,Weekday,True,Rain,True,22.8,False,False,1.0,Severe,7.7,80.9,554.9,0.188,0.434,0.806,Festival crowd surge detected - alternate route and extended cycle recommended
EVT418153,2025-12-07 18:43:18,Political Rally,J031,Cubbon Road,15281,Weekend,False,Clear,False,0.0,False,False,0.976,Severe,9.9,68.8,637.5,0.258,0.595,0.924,Heavy congestion detected - signal timing extended and reroute suggested
EVT418154,2025-12-09 06:52:31,Concert,J031,Cubbon Road,8177,Weekday,False,Clear,False,0.0,False,False,0.468,Moderate,24.1,38.8,114.3,0.081,0.186,0.99,Moderate traffic flow - standard adaptive signal timing in effect
EVT418155,2025-07-10 14:28:27,Local Market Day,J020,Malleshwaram Circle,3007,Weekday,False,Heavy Rain,True,37.7,False,False,0.556,High,20.3,38.3,255.7,0.135,0.312,0.925,Heavy rain reducing visibility and grip - reduced speed and longer buffer advised
EVT418156,2026-03-04 08:35:19,Cultural Procession,J031,Cubbon Road,19960,Weekday,True,Clear,False,0.0,False,True,1.0,Severe,9.9,102.1,609.4,0.227,0.525,0.83,Road closure for event/procession - full detour recommended for through-traffic
EVT418157,2025-10-29 18:04:57,Local Market Day,J040,City Market,4020,Weekday,False,Clear,False,0.0,False,False,1.0,Severe,7.7,67.3,445.2,0.156,0.361,0.928,Heavy congestion detected - signal timing extended and reroute suggested
EVT418158,2025-03-28 14:22:12,Trade Fair,J023,Basavanagudi,7407,Weekday,False,Clear,False,0.0,False,False,0.217,Low,35.0,13.7,118.1,0.108,0.248,0.972,Normal free-flow traffic - standard signal timing maintained
EVT418159,2026-01-26 10:26:19,Religious Festival,J012,Koramangala Sony World,21444,Weekday,True,Clear,False,0.0,False,False,0.995,Severe,6.6,71.1,563.9,0.164,0.379,0.845,Festival crowd surge detected - alternate route and extended cycle recommended
EVT418160,2025-05-12 16:25:57,Local Market Day,J009,Majestic,3503,Weekday,False,Clear,False,0.0,False,False,0.535,Moderate,24.1,38.0,286.5,0.223,0.515,0.96,Moderate traffic flow - standard adaptive signal timing in effect
EVT418161,2025-12-01 19:12:10,Concert,J012,Koramangala Sony World,19204,Weekday,False,Fog,False,0.0,False,False,0.95,Severe,10.1,68.0,499.5,0.207,0.479,0.919,Heavy congestion detected - signal timing extended and reroute suggested
EVT418162,2025-01-31 10:47:08,Sports Fixture,J040,City Market,11386,Weekday,False,Clear,False,0.0,False,False,0.577,High,27.0,43.5,102.4,0.079,0.182,0.99,Moderate traffic flow - standard adaptive signal timing in effect
EVT418163,2025-06-10 09:36:11,Concert,J011,Indiranagar 100ft Road,13245,Weekday,False,Rain,True,9.3,False,False,1.0,Severe,7.6,77.5,628.6,0.204,0.472,0.863,Heavy rain reducing visibility and grip - reduced speed and longer buffer advised
EVT418164,2025-04-23 19:35:36,Trade Fair,J020,Malleshwaram Circle,9449,Weekday,False,Clear,False,0.0,False,False,0.855,Severe,15.3,57.7,156.2,0.092,0.213,0.934,Heavy congestion detected - signal timing extended and reroute suggested
EVT418165,2025-07-30 08:00:48,Concert,J012,Koramangala Sony World,12209,Weekday,False,Heavy Rain,True,30.1,False,False,1.0,Severe,9.3,68.2,336.2,0.139,0.321,0.862,Heavy rain reducing visibility and grip - reduced speed and longer buffer advised
EVT418166,2026-03-14 08:50:30,Sports Fixture,J040,City Market,23144,Weekend,False,Clear,False,0.0,False,False,1.0,Severe,8.4,76.4,420.4,0.149,0.343,0.922,Heavy congestion detected - signal timing extended and reroute suggested
EVT418167,2026-03-25 13:16:59,Local Market Day,J031,Cubbon Road,5901,Weekday,False,Clear,False,0.0,False,False,0.163,Low,39.1,16.9,76.4,0.055,0.127,0.973,Normal free-flow traffic - standard signal timing maintained
EVT418168,2025-10-08 08:14:45,Local Market Day,J023,Basavanagudi,4422,Weekday,False,Clear,False,0.0,False,False,0.932,Severe,10.1,62.0,480.5,0.196,0.453,0.935,Heavy congestion detected - signal timing extended and reroute suggested
EVT418169,2025-08-27 16:28:39,Cultural Procession,J009,Majestic,25770,Weekday,True,Fog,False,0.0,False,True,1.0,Severe,9.3,91.5,631.8,0.216,0.498,0.847,Road closure for event/procession - full detour recommended for through-traffic
EVT418170,2026-01-08 19:22:34,Trade Fair,J031,Cubbon Road,13284,Weekday,False,Clear,False,0.0,False,False,1.0,Severe,8.9,79.0,443.3,0.162,0.375,0.907,Heavy congestion detected - signal timing extended and reroute suggested
EVT418171,2025-04-03 15:45:46,Political Rally,J011,Indiranagar 100ft Road,12111,Weekday,False,Clear,False,0.0,False,False,0.409,Moderate,30.3,33.9,162.0,0.142,0.328,0.964,Moderate traffic flow - standard adaptive signal timing in effect
EVT418172,2025-11-23 18:12:13,Local Market Day,J011,Indiranagar 100ft Road,3352,Weekend,False,Clear,False,0.0,False,False,0.863,Severe,12.1,68.0,393.4,0.165,0.382,0.967,Heavy congestion detected - signal timing extended and reroute suggested
EVT418173,2025-03-29 18:53:34,Political Rally,J023,Basavanagudi,10057,Weekend,False,Clear,False,0.0,False,False,0.839,Severe,14.3,62.1,343.6,0.172,0.398,0.946,Heavy congestion detected - signal timing extended and reroute suggested
EVT418174,2025-12-09 19:46:47,Local Market Day,J031,Cubbon Road,5564,Weekday,False,Clear,False,0.0,False,False,0.773,Severe,18.9,58.8,304.7,0.182,0.42,0.981,Heavy congestion detected - signal timing extended and reroute suggested
EVT418175,2026-01-04 09:17:04,Sports Fixture,J031,Cubbon Road,28390,Weekend,False,Fog,False,0.0,False,False,1.0,Severe,8.1,73.3,351.4,0.138,0.318,0.923,Heavy congestion detected - signal timing extended and reroute suggested
EVT418176,2025-06-10 18:48:23,Local Market Day,J031,Cubbon Road,2797,Weekday,False,Rain,True,9.8,False,False,1.0,Severe,8.5,72.6,590.1,0.205,0.473,0.888,Heavy rain reducing visibility and grip - reduced speed and longer buffer advised
EVT418177,2025-11-25 09:26:44,Trade Fair,J020,Malleshwaram Circle,7396,Weekday,False,Clear,False,0.0,False,False,1.0,Severe,6.9,70.8,507.6,0.142,0.329,0.917,Heavy congestion detected - signal timing extended and reroute suggested
EVT418178,2025-08-21 17:40:43,Concert,J012,Koramangala Sony World,14258,Weekday,False,Fog,False,0.0,False,False,0.949,Severe,12.0,73.0,531.3,0.23,0.531,0.921,Heavy congestion detected - signal timing extended and reroute suggested
EVT418179,2025-12-26 10:26:00,Religious Festival,J020,Malleshwaram Circle,54272,Weekday,True,Clear,False,0.0,False,True,1.0,Severe,10.5,97.6,210.6,0.111,0.256,0.868,Road closure for event/procession - full detour recommended for through-traffic
EVT418180,2025-08-22 19:57:42,Trade Fair,J031,Cubbon Road,8455,Weekday,False,Rain,True,10.5,False,False,0.922,Severe,12.3,66.8,480.1,0.237,0.548,0.87,Heavy rain reducing visibility and grip - reduced speed and longer buffer advised
EVT418181,2025-10-13 09:51:18,Sports Fixture,J030,MG Road,14932,Weekday,False,Clear,False,0.0,False,False,0.896,Severe,10.9,63.6,493.0,0.239,0.552,0.925,Heavy congestion detected - signal timing extended and reroute suggested
EVT418182,2025-03-31 21:40:41,Religious Festival,J023,Basavanagudi,35553,Weekday,True,Clear,False,0.0,False,False,0.733,High,15.1,57.9,237.1,0.125,0.29,0.921,Festival crowd surge detected - alternate route and extended cycle recommended
EVT418183,2025-12-14 19:17:03,Sports Fixture,J009,Majestic,21476,Weekend,False,Clear,False,0.0,False,False,0.953,Severe,9.0,70.1,593.9,0.209,0.482,0.913,Heavy congestion detected - signal timing extended and reroute suggested
EVT418184,2025-07-22 19:34:56,Sports Fixture,J020,Malleshwaram Circle,17361,Weekday,False,Rain,True,10.6,False,False,1.0,Severe,6.7,68.6,311.6,0.097,0.223,0.856,Heavy rain reducing visibility and grip - reduced speed and longer buffer advised
EVT418185,2026-03-31 16:49:42,Trade Fair,J040,City Market,11777,Weekday,False,Clear,False,0.0,False,False,0.738,High,19.6,53.3,208.8,0.13,0.3,0.967,Moderate traffic flow - standard adaptive signal timing in effect
EVT418186,2025-06-04 14:53:58,Sports Fixture,J031,Cubbon Road,16977,Weekday,False,Rain,True,19.4,False,False,0.479,Moderate,19.4,34.4,204.4,0.134,0.311,0.909,Light rain detected - minor speed reduction advised
EVT418187,2025-07-02 00:05:18,Sports Fixture,J011,Indiranagar 100ft Road,18934,Weekday,False,Clear,False,0.0,False,False,0.298,Low,31.5,26.9,134.6,0.125,0.289,0.975,Moderate traffic flow - standard adaptive signal timing in effect
EVT418188,2026-01-20 05:23:36,Sports Fixture,J030,MG Road,11838,Weekday,False,Fog,False,0.0,False,False,0.162,Low,38.4,19.7,146.2,0.154,0.355,0.962,Normal free-flow traffic - standard signal timing maintained
EVT418189,2026-05-12 14:50:14,Sports Fixture,J030,MG Road,21576,Weekday,False,Clear,False,0.0,False,False,0.357,Moderate,32.5,30.5,227.4,0.191,0.44,0.955,Moderate traffic flow - standard adaptive signal timing in effect
EVT418190,2026-04-15 14:30:07,Cultural Procession,J023,Basavanagudi,15737,Weekday,True,Clear,False,0.0,False,False,0.536,Moderate,22.4,40.5,324.0,0.231,0.534,0.921,Festival crowd surge detected - alternate route and extended cycle recommended
EVT418191,2025-08-30 13:16:44,Local Market Day,J012,Koramangala Sony World,4748,Weekend,False,Clear,False,0.0,False,False,0.263,Low,29.4,18.7,231.8,0.184,0.425,0.959,Moderate traffic flow - standard adaptive signal timing in effect
EVT418192,2025-11-29 09:53:43,Political Rally,J011,Indiranagar 100ft Road,9753,Weekend,False,Rain,True,20.8,False,False,1.0,Severe,8.5,69.1,317.3,0.124,0.285,0.853,Heavy rain reducing visibility and grip - reduced speed and longer buffer advised
EVT418193,2025-01-06 20:24:44,Concert,J023,Basavanagudi,13288,Weekday,False,Clear,False,0.0,False,False,0.681,High,16.5,46.2,142.1,0.098,0.226,0.99,Moderate traffic flow - standard adaptive signal timing in effect
EVT418194,2025-07-31 16:06:21,Concert,J031,Cubbon Road,9631,Weekday,False,Heavy Rain,True,28.8,False,False,0.783,Severe,16.2,55.8,432.6,0.24,0.554,0.889,Heavy rain reducing visibility and grip - reduced speed and longer buffer advised
EVT418195,2026-06-20 10:53:31,Trade Fair,J040,City Market,12440,Weekend,False,Clear,False,0.0,False,False,0.495,Moderate,24.1,38.8,275.0,0.202,0.467,0.984,Moderate traffic flow - standard adaptive signal timing in effect
EVT418196,2026-03-19 11:22:34,Religious Festival,J040,City Market,28064,Weekday,True,Clear,False,0.0,False,False,0.644,High,20.0,52.6,300.9,0.19,0.438,0.913,Festival crowd surge detected - alternate route and extended cycle recommended
EVT418197,2025-03-11 09:12:26,Trade Fair,J040,City Market,6749,Weekday,False,Clear,False,0.0,False,False,1.0,Severe,7.9,72.7,842.3,0.285,0.658,0.918,Heavy congestion detected - signal timing extended and reroute suggested
EVT418198,2025-02-08 13:49:46,Sports Fixture,J009,Majestic,41623,Weekend,False,Clear,False,0.0,False,False,0.515,Moderate,24.8,38.5,238.0,0.175,0.405,0.957,Moderate traffic flow - standard adaptive signal timing in effect
EVT418199,2025-05-03 08:26:43,Sports Fixture,J012,Koramangala Sony World,19262,Weekend,False,Clear,False,0.0,False,False,0.864,Severe,10.7,69.4,470.5,0.173,0.399,0.941,Heavy congestion detected - signal timing extended and reroute suggested
EVT418200,2025-07-14 13:14:37,Concert,J030,MG Road,10424,Weekday,False,Clear,False,0.0,False,False,0.122,Low,22.9,9.6,267.9,0.144,0.334,0.976,Normal free-flow traffic - standard signal timing maintained
EVT418201,2025-10-16 09:07:43,Concert,J009,Majestic,13228,Weekday,False,Clear,False,0.0,False,False,1.0,Severe,9.0,66.5,476.9,0.174,0.402,0.897,Heavy congestion detected - signal timing extended and reroute suggested
EVT418202,2026-01-20 13:21:21,Trade Fair,J012,Koramangala Sony World,15918,Weekday,False,Clear,False,0.0,False,False,0.282,Low,32.9,21.3,110.5,0.079,0.181,0.981,Moderate traffic flow - standard adaptive signal timing in effect
EVT418203,2025-10-07 08:58:06,Sports Fixture,J031,Cubbon Road,14812,Weekday,False,Clear,False,0.0,False,False,1.0,Severe,8.2,73.8,684.4,0.228,0.526,0.905,Heavy congestion detected - signal timing extended and reroute suggested
EVT418204,2026-05-01 11:17:17,Cultural Procession,J009,Majestic,8737,Weekday,True,Rain,True,9.9,False,True,0.883,High,12.7,88.2,401.4,0.182,0.421,0.815,Road closure for event/procession - full detour recommended for through-traffic
EVT418205,2025-11-21 22:39:53,Concert,J023,Basavanagudi,17466,Weekday,False,Clear,False,0.0,False,False,0.284,Low,29.3,25.7,230.5,0.167,0.386,0.952,Moderate traffic flow - standard adaptive signal timing in effect
EVT418206,2026-01-31 17:22:25,Trade Fair,J020,Malleshwaram Circle,10081,Weekend,False,Clear,False,0.0,False,False,0.766,Severe,17.3,56.8,354.1,0.218,0.504,0.983,Heavy congestion detected - signal timing extended and reroute suggested
EVT418207,2025-07-15 08:50:27,Political Rally,J012,Koramangala Sony World,20196,Weekday,False,Heavy Rain,True,55.9,False,False,1.0,Severe,7.7,74.4,587.6,0.177,0.409,0.862,Heavy rain reducing visibility and grip - reduced speed and longer buffer advised
EVT418208,2025-01-07 15:38:48,Local Market Day,J011,Indiranagar 100ft Road,5005,Weekday,False,Clear,False,0.0,False,False,0.366,Moderate,26.0,33.1,222.3,0.15,0.346,0.967,Moderate traffic flow - standard adaptive signal timing in effect
EVT418209,2025-12-28 19:16:41,Concert,J023,Basavanagudi,18995,Weekend,False,Clear,False,0.0,False,False,0.874,Severe,11.9,61.5,334.7,0.142,0.329,0.938,Heavy congestion detected - signal timing extended and reroute suggested
EVT418210,2025-09-20 17:09:28,Concert,J040,City Market,15242,Weekend,False,Heavy Rain,True,93.0,False,False,1.0,Severe,8.5,72.5,293.7,0.12,0.277,0.881,Heavy rain reducing visibility and grip - reduced speed and longer buffer advised
EVT418211,2026-02-16 11:00:23,Concert,J011,Indiranagar 100ft Road,26297,Weekday,False,Clear,False,0.0,False,False,0.63,High,26.8,45.9,140.9,0.101,0.232,0.95,Moderate traffic flow - standard adaptive signal timing in effect
EVT418212,2025-05-28 17:12:10,Local Market Day,J009,Majestic,4079,Weekday,False,Clear,False,0.0,False,False,0.851,Severe,15.2,62.0,201.3,0.098,0.227,0.938,Heavy congestion detected - signal timing extended and reroute suggested
EVT418213,2025-09-27 14:31:38,Concert,J020,Malleshwaram Circle,8329,Weekend,False,Rain,True,11.7,False,False,0.412,Moderate,22.4,33.4,184.8,0.122,0.282,0.925,Light rain detected - minor speed reduction advised
EVT418214,2025-12-10 11:13:45,Local Market Day,J012,Koramangala Sony World,5505,Weekday,False,Clear,False,0.0,False,False,0.484,Moderate,25.1,35.6,82.5,0.07,0.163,0.958,Moderate traffic flow - standard adaptive signal timing in effect
EVT418215,2025-06-16 20:05:00,Political Rally,J040,City Market,10361,Weekday,False,Clear,False,0.0,False,False,0.712,High,19.6,47.4,213.5,0.126,0.29,0.978,Moderate traffic flow - standard adaptive signal timing in effect
EVT418216,2026-04-01 13:31:54,Local Market Day,J040,City Market,2390,Weekday,False,Clear,False,0.0,False,False,0.198,Low,34.6,14.0,134.2,0.114,0.264,0.975,Normal free-flow traffic - standard signal timing maintained
EVT418217,2025-04-01 15:00:38,Trade Fair,J040,City Market,7420,Weekday,False,Clear,False,0.0,False,False,0.234,Low,35.4,16.7,115.0,0.128,0.297,0.982,Normal free-flow traffic - standard signal timing maintained
EVT418218,2025-01-19 15:24:42,Local Market Day,J012,Koramangala Sony World,3099,Weekend,False,Clear,False,0.0,False,False,0.362,Moderate,31.6,26.5,107.3,0.084,0.194,0.99,Moderate traffic flow - standard adaptive signal timing in effect
EVT418219,2025-11-18 09:34:58,Sports Fixture,J023,Basavanagudi,40638,Weekday,False,Clear,False,0.0,False,False,1.0,Severe,8.2,74.0,341.7,0.13,0.299,0.927,Heavy congestion detected - signal timing extended and reroute suggested
EVT418220,2026-03-26 11:59:31,Religious Festival,J023,Basavanagudi,35630,Weekday,True,Clear,False,0.0,False,True,0.749,High,18.2,81.3,217.8,0.13,0.301,0.892,Road closure for event/procession - full detour recommended for through-traffic
EVT418221,2025-10-13 09:34:21,Sports Fixture,J040,City Market,32169,Weekday,False,Clear,False,0.0,False,False,1.0,Severe,8.3,70.1,188.3,0.08,0.184,0.915,Heavy congestion detected - signal timing extended and reroute suggested
EVT418222,2025-07-29 18:57:12,Trade Fair,J031,Cubbon Road,13411,Weekday,False,Clear,False,0.0,False,False,1.0,Severe,7.1,69.2,612.3,0.185,0.427,0.91,Heavy congestion detected - signal timing extended and reroute suggested
EVT418223,2025-01-10 18:43:42,Sports Fixture,J012,Koramangala Sony World,28227,Weekday,False,Clear,False,0.0,False,False,1.0,Severe,8.5,72.8,406.3,0.13,0.299,0.945,Heavy congestion detected - signal timing extended and reroute suggested
EVT418224,2026-05-04 16:15:16,Sports Fixture,J040,City Market,13063,Weekday,False,Clear,False,0.0,False,False,0.542,Moderate,24.2,38.7,208.3,0.165,0.382,0.941,Moderate traffic flow - standard adaptive signal timing in effect
EVT418225,2025-02-09 20:24:59,Concert,J009,Majestic,14276,Weekend,False,Clear,False,0.0,False,False,0.52,Moderate,20.9,41.3,252.1,0.16,0.369,0.98,Moderate traffic flow - standard adaptive signal timing in effect
EVT418226,2025-09-22 08:57:38,Concert,J009,Majestic,9807,Weekday,False,Rain,True,8.6,False,False,1.0,Severe,7.8,70.2,650.6,0.235,0.542,0.877,Heavy rain reducing visibility and grip - reduced speed and longer buffer advised
EVT418227,2026-02-21 20:30:33,Local Market Day,J031,Cubbon Road,3260,Weekend,False,Clear,False,0.0,False,False,0.495,Moderate,27.2,39.0,150.9,0.105,0.243,0.968,Moderate traffic flow - standard adaptive signal timing in effect
EVT418228,2025-04-14 16:57:17,Cultural Procession,J009,Majestic,12999,Weekday,True,Clear,False,0.0,False,True,1.0,Severe,7.0,101.0,818.8,0.246,0.569,0.813,Road closure for event/procession - full detour recommended for through-traffic
EVT418229,2025-07-30 10:12:14,Political Rally,J009,Majestic,13697,Weekday,False,Clear,False,0.0,False,False,0.748,High,17.3,52.9,163.4,0.101,0.233,0.972,Moderate traffic flow - standard adaptive signal timing in effect
EVT418230,2026-03-29 18:24:21,Local Market Day,J011,Indiranagar 100ft Road,3118,Weekend,False,Clear,False,0.0,False,False,0.83,Severe,12.1,52.6,423.9,0.19,0.439,0.957,Heavy congestion detected - signal timing extended and reroute suggested
EVT418231,2025-04-26 18:56:56,Concert,J031,Cubbon Road,9755,Weekend,False,Clear,False,0.0,False,False,0.927,Severe,9.9,65.6,378.7,0.145,0.334,0.932,Heavy congestion detected - signal timing extended and reroute suggested
EVT418232,2025-06-13 05:04:30,Sports Fixture,J020,Malleshwaram Circle,19454,Weekday,False,Clear,False,0.0,False,False,0.222,Low,34.0,19.0,106.8,0.099,0.228,0.974,Normal free-flow traffic - standard signal timing maintained
EVT418233,2025-03-30 15:06:39,Religious Festival,J020,Malleshwaram Circle,31456,Weekend,True,Clear,False,0.0,False,False,0.569,High,21.3,40.1,246.7,0.166,0.382,0.91,Festival crowd surge detected - alternate route and extended cycle recommended
EVT418234,2025-11-08 18:55:12,Concert,J009,Majestic,15410,Weekend,False,Clear,False,0.0,False,False,0.96,Severe,9.7,67.1,559.3,0.245,0.565,0.897,Heavy congestion detected - signal timing extended and reroute suggested
EVT418235,2025-02-08 07:09:50,Concert,J020,Malleshwaram Circle,7699,Weekend,False,Clear,False,0.0,False,False,0.559,High,21.3,41.2,204.7,0.14,0.325,0.951,Moderate traffic flow - standard adaptive signal timing in effect
EVT418236,2025-02-06 11:52:15,Trade Fair,J011,Indiranagar 100ft Road,16230,Weekday,False,Clear,False,0.0,False,False,0.297,Low,32.4,19.3,183.8,0.151,0.348,0.966,Moderate traffic flow - standard adaptive signal timing in effect
EVT418237,2025-09-20 21:05:30,Concert,J031,Cubbon Road,7915,Weekend,False,Clear,False,0.0,False,False,0.462,Moderate,23.9,37.6,238.2,0.169,0.391,0.977,Moderate traffic flow - standard adaptive signal timing in effect
EVT418238,2026-06-12 16:23:51,Concert,J023,Basavanagudi,11825,Weekday,False,Clear,False,0.0,False,False,0.505,Moderate,25.6,30.9,182.6,0.141,0.325,0.959,Moderate traffic flow - standard adaptive signal timing in effect
EVT418239,2025-09-04 21:08:43,Local Market Day,J030,MG Road,7794,Weekday,False,Clear,False,0.0,False,False,0.422,Moderate,21.1,37.6,237.4,0.141,0.326,0.966,Moderate traffic flow - standard adaptive signal timing in effect
EVT418240,2025-05-25 17:59:30,Concert,J040,City Market,12873,Weekend,False,Clear,False,0.0,False,False,0.878,Severe,11.3,62.0,378.4,0.164,0.379,0.962,Heavy congestion detected - signal timing extended and reroute suggested
EVT418241,2026-03-14 12:55:57,Concert,J030,MG Road,15371,Weekend,False,Clear,False,0.0,False,False,0.361,Moderate,31.1,25.9,161.6,0.142,0.327,0.965,Moderate traffic flow - standard adaptive signal timing in effect
EVT418242,2025-01-12 18:08:23,Concert,J009,Majestic,11597,Weekend,False,Clear,False,0.0,False,False,0.908,Severe,12.4,59.8,497.9,0.227,0.524,0.93,Heavy congestion detected - signal timing extended and reroute suggested
EVT418243,2025-12-01 06:28:37,Local Market Day,J023,Basavanagudi,7828,Weekday,False,Clear,False,0.0,False,False,0.365,Moderate,32.7,26.0,80.0,0.047,0.108,0.962,Moderate traffic flow - standard adaptive signal timing in effect
EVT418244,2025-11-02 17:50:10,Religious Festival,J020,Malleshwaram Circle,36079,Weekend,True,Clear,False,0.0,False,True,1.0,Severe,9.2,103.9,942.2,0.342,0.791,0.86,Road closure for event/procession - full detour recommended for through-traffic
EVT418245,2025-06-19 07:12:13,Local Market Day,J012,Koramangala Sony World,3358,Weekday,False,Rain,True,15.4,False,False,0.724,High,18.8,52.1,192.9,0.128,0.296,0.927,Heavy rain reducing visibility and grip - reduced speed and longer buffer advised
EVT418246,2025-04-08 18:30:43,Sports Fixture,J012,Koramangala Sony World,24509,Weekday,False,Clear,False,0.0,False,False,1.0,Severe,8.5,71.3,552.8,0.19,0.438,0.914,Heavy congestion detected - signal timing extended and reroute suggested
EVT418247,2025-08-06 10:00:38,Local Market Day,J020,Malleshwaram Circle,2258,Weekday,False,Clear,False,0.0,False,False,0.854,Severe,13.6,60.1,439.7,0.219,0.505,0.94,Heavy congestion detected - signal timing extended and reroute suggested
EVT418248,2025-02-28 22:34:04,Local Market Day,J031,Cubbon Road,3351,Weekday,False,Clear,False,0.0,False,False,0.258,Low,29.5,17.0,120.9,0.108,0.249,0.937,Moderate traffic flow - standard adaptive signal timing in effect
EVT418249,2025-07-21 10:29:47,Local Market Day,J020,Malleshwaram Circle,5377,Weekday,False,Heavy Rain,True,58.2,False,False,0.864,Severe,13.8,63.3,283.3,0.136,0.313,0.888,Heavy rain reducing visibility and grip - reduced speed and longer buffer advised
EVT418250,2026-01-11 16:10:32,Political Rally,J020,Malleshwaram Circle,12553,Weekend,False,Clear,False,0.0,False,False,0.57,High,19.6,44.4,227.0,0.157,0.363,0.937,Moderate traffic flow - standard adaptive signal timing in effect
EVT418251,2025-04-04 16:35:10,Local Market Day,J031,Cubbon Road,5028,Weekday,False,Rain,True,8.9,False,False,0.744,High,14.0,58.7,254.1,0.118,0.273,0.933,Heavy rain reducing visibility and grip - reduced speed and longer buffer advised
EVT418252,2025-04-09 17:09:01,Local Market Day,J023,Basavanagudi,4510,Weekday,False,Clear,False,0.0,False,False,0.732,High,16.5,56.3,525.9,0.282,0.653,0.962,Moderate traffic flow - standard adaptive signal timing in effect
EVT418253,2026-05-15 07:25:14,Political Rally,J020,Malleshwaram Circle,17439,Weekday,False,Clear,False,0.0,False,False,0.649,High,22.8,46.0,283.6,0.189,0.437,0.954,Moderate traffic flow - standard adaptive signal timing in effect
EVT418254,2025-02-14 20:18:02,Local Market Day,J040,City Market,4307,Weekday,False,Clear,False,0.0,False,False,0.546,Moderate,21.1,43.7,174.9,0.115,0.265,0.973,Moderate traffic flow - standard adaptive signal timing in effect
EVT418255,2025-07-15 13:36:22,Trade Fair,J011,Indiranagar 100ft Road,7482,Weekday,False,Clear,False,0.0,False,False,0.265,Low,29.6,21.1,123.8,0.094,0.217,0.963,Moderate traffic flow - standard adaptive signal timing in effect
EVT418256,2026-02-25 12:39:13,Local Market Day,J023,Basavanagudi,5572,Weekday,False,Clear,False,0.0,False,False,0.183,Low,36.0,21.8,154.3,0.113,0.26,0.967,Normal free-flow traffic - standard signal timing maintained
EVT418257,2026-03-30 08:54:39,Concert,J012,Koramangala Sony World,15435,Weekday,False,Clear,False,0.0,False,False,1.0,Severe,8.3,62.3,545.9,0.21,0.485,0.909,Heavy congestion detected - signal timing extended and reroute suggested
EVT418258,2025-02-19 18:39:23,Trade Fair,J023,Basavanagudi,15399,Weekday,False,Clear,False,0.0,False,False,1.0,Severe,8.1,70.3,659.1,0.217,0.501,0.904,Heavy congestion detected - signal timing extended and reroute suggested
EVT418259,2025-11-08 08:35:53,Local Market Day,J040,City Market,5276,Weekend,False,Clear,False,0.0,False,False,0.786,Severe,14.4,51.9,124.2,0.058,0.135,0.977,Heavy congestion detected - signal timing extended and reroute suggested
EVT418260,2025-10-04 20:54:00,Local Market Day,J020,Malleshwaram Circle,3682,Weekend,False,Clear,False,0.0,False,False,0.453,Moderate,29.0,33.0,194.7,0.168,0.389,0.969,Moderate traffic flow - standard adaptive signal timing in effect
EVT418261,2025-05-21 10:07:07,Concert,J020,Malleshwaram Circle,13131,Weekday,False,Clear,False,0.0,False,False,0.715,High,18.1,59.1,194.2,0.114,0.263,0.977,Moderate traffic flow - standard adaptive signal timing in effect
EVT418262,2025-11-05 16:31:31,Trade Fair,J020,Malleshwaram Circle,7536,Weekday,False,Clear,False,0.0,False,False,0.686,High,21.5,53.2,310.7,0.214,0.495,0.99,Moderate traffic flow - standard adaptive signal timing in effect
EVT418263,2025-04-15 09:33:09,Religious Festival,J040,City Market,25300,Weekday,True,Clear,False,0.0,False,False,1.0,Severe,7.5,73.6,435.6,0.149,0.344,0.882,Festival crowd surge detected - alternate route and extended cycle recommended
EVT418264,2025-06-16 07:59:14,Trade Fair,J012,Koramangala Sony World,6479,Weekday,False,Clear,False,0.0,False,False,0.851,Severe,11.2,57.4,324.9,0.152,0.351,0.942,Heavy congestion detected - signal timing extended and reroute suggested
EVT418265,2025-08-04 17:24:35,Local Market Day,J040,City Market,2906,Weekday,False,Heavy Rain,True,27.3,False,False,1.0,Severe,5.6,69.9,1395.4,0.323,0.745,0.877,Heavy rain reducing visibility and grip - reduced speed and longer buffer advised
EVT418266,2026-04-09 17:13:33,Political Rally,J031,Cubbon Road,13018,Weekday,False,Clear,False,0.0,False,False,0.826,Severe,17.0,67.0,141.2,0.076,0.176,0.963,Heavy congestion detected - signal timing extended and reroute suggested
EVT418267,2025-06-23 22:20:43,Political Rally,J040,City Market,12044,Weekday,False,Light Rain,True,5.9,False,False,0.42,Moderate,20.2,30.6,300.1,0.165,0.38,0.9,Light rain detected - minor speed reduction advised
EVT418268,2025-10-25 18:47:05,Concert,J011,Indiranagar 100ft Road,19334,Weekend,False,Clear,False,0.0,False,False,0.903,Severe,11.1,63.9,172.1,0.075,0.173,0.933,Heavy congestion detected - signal timing extended and reroute suggested
EVT418269,2025-09-06 23:24:39,Religious Festival,J012,Koramangala Sony World,47452,Weekend,True,Clear,False,0.0,False,True,0.918,Severe,8.9,95.7,330.4,0.142,0.329,0.85,Road closure for event/procession - full detour recommended for through-traffic
EVT418270,2025-06-22 16:47:55,Sports Fixture,J011,Indiranagar 100ft Road,31035,Weekend,False,Heavy Rain,True,37.5,False,False,1.0,Severe,5.4,68.0,602.0,0.16,0.37,0.83,Heavy rain reducing visibility and grip - reduced speed and longer buffer advised
EVT418271,2025-04-28 10:55:49,Sports Fixture,J009,Majestic,14230,Weekday,False,Clear,False,0.0,False,False,0.558,High,21.6,44.9,230.2,0.122,0.282,0.984,Moderate traffic flow - standard adaptive signal timing in effect
EVT418272,2026-01-08 10:30:59,Concert,J009,Majestic,5685,Weekday,False,Clear,False,0.0,False,False,0.682,High,20.6,44.5,217.3,0.148,0.341,0.957,Moderate traffic flow - standard adaptive signal timing in effect
EVT418273,2026-06-19 18:46:17,Sports Fixture,J023,Basavanagudi,20382,Weekday,False,Clear,False,0.0,False,False,1.0,Severe,10.8,76.8,548.9,0.241,0.557,0.932,Heavy congestion detected - signal timing extended and reroute suggested
EVT418274,2025-05-08 10:40:19,Local Market Day,J011,Indiranagar 100ft Road,2892,Weekday,False,Clear,False,0.0,False,False,0.487,Moderate,27.7,34.8,171.1,0.145,0.335,0.969,Moderate traffic flow - standard adaptive signal timing in effect
EVT418275,2025-07-18 18:38:12,Sports Fixture,J012,Koramangala Sony World,15451,Weekday,False,Clear,False,0.0,False,False,1.0,Severe,7.3,72.7,351.8,0.113,0.261,0.922,Heavy congestion detected - signal timing extended and reroute suggested
EVT418276,2025-10-20 13:40:58,Cultural Procession,J030,MG Road,10769,Weekday,True,Rain,True,21.2,False,True,0.85,High,15.0,88.0,283.6,0.144,0.333,0.803,Road closure for event/procession - full detour recommended for through-traffic
EVT418277,2026-05-26 22:22:02,Political Rally,J030,MG Road,10188,Weekday,False,Clear,False,0.0,False,False,0.304,Low,27.5,20.3,113.2,0.079,0.183,0.967,Moderate traffic flow - standard adaptive signal timing in effect
EVT418278,2025-06-15 15:56:48,Concert,J011,Indiranagar 100ft Road,15013,Weekend,False,Rain,True,12.3,False,False,0.655,High,17.2,51.6,133.5,0.07,0.163,0.929,Heavy rain reducing visibility and grip - reduced speed and longer buffer advised
EVT418279,2025-08-20 16:47:18,Concert,J012,Koramangala Sony World,11616,Weekday,False,Rain,True,22.4,False,False,0.805,Severe,16.1,61.4,316.8,0.181,0.419,0.902,Heavy rain reducing visibility and grip - reduced speed and longer buffer advised
EVT418280,2025-07-04 21:14:47,Sports Fixture,J012,Koramangala Sony World,28894,Weekday,False,Clear,False,0.0,False,False,0.513,Moderate,25.2,36.9,292.0,0.218,0.504,0.981,Moderate traffic flow - standard adaptive signal timing in effect
EVT418281,2025-11-28 16:05:05,Political Rally,J020,Malleshwaram Circle,9927,Weekday,False,Clear,False,0.0,False,False,0.496,Moderate,29.7,31.9,146.4,0.135,0.312,0.975,Moderate traffic flow - standard adaptive signal timing in effect
EVT418282,2025-09-04 03:14:05,Political Rally,J020,Malleshwaram Circle,19394,Weekday,False,Clear,False,0.0,False,False,0.246,Low,39.4,16.7,105.4,0.103,0.238,0.951,Normal free-flow traffic - standard signal timing maintained
EVT418283,2025-09-06 09:33:38,Cultural Procession,J040,City Market,34047,Weekend,True,Clear,False,0.0,False,True,1.0,Severe,7.9,102.6,662.1,0.223,0.516,0.865,Road closure for event/procession - full detour recommended for through-traffic
EVT418284,2025-07-14 13:03:18,Sports Fixture,J031,Cubbon Road,25398,Weekday,False,Rain,True,15.5,False,False,0.539,Moderate,22.4,40.1,263.9,0.169,0.391,0.904,Light rain detected - minor speed reduction advised
EVT418285,2025-09-15 07:37:23,Local Market Day,J012,Koramangala Sony World,4783,Weekday,False,Clear,False,0.0,False,False,0.7,High,19.1,48.9,238.7,0.14,0.323,0.937,Moderate traffic flow - standard adaptive signal timing in effect
EVT418286,2026-06-08 09:21:52,Political Rally,J011,Indiranagar 100ft Road,13388,Weekday,False,Rain,True,12.1,False,False,1.0,Severe,8.6,69.7,441.1,0.16,0.369,0.863,Heavy rain reducing visibility and grip - reduced speed and longer buffer advised
EVT418287,2025-04-12 22:16:47,Sports Fixture,J009,Majestic,26677,Weekend,False,Clear,False,0.0,False,False,0.496,Moderate,25.3,33.8,253.7,0.174,0.403,0.969,Moderate traffic flow - standard adaptive signal timing in effect
EVT418288,2025-09-11 06:52:21,Concert,J040,City Market,12292,Weekday,False,Clear,False,0.0,False,False,0.512,Moderate,24.7,39.5,188.5,0.138,0.318,0.962,Moderate traffic flow - standard adaptive signal timing in effect
EVT418289,2025-03-13 14:30:38,Trade Fair,J011,Indiranagar 100ft Road,7095,Weekday,False,Clear,False,0.0,False,False,0.216,Low,36.5,13.9,95.7,0.114,0.263,0.967,Normal free-flow traffic - standard signal timing maintained
EVT418290,2026-03-11 12:59:39,Local Market Day,J012,Koramangala Sony World,3043,Weekday,False,Rain,True,14.8,True,False,0.825,Severe,16.6,55.4,201.8,0.112,0.258,0.709,Accident detected nearby - reroute and reduced speed advised
EVT418291,2025-06-04 19:46:11,Local Market Day,J009,Majestic,5527,Weekday,False,Clear,False,0.0,False,False,0.836,Severe,12.8,65.7,532.2,0.256,0.59,0.939,Heavy congestion detected - signal timing extended and reroute suggested
EVT418292,2026-04-09 10:01:30,Local Market Day,J040,City Market,2623,Weekday,False,Clear,False,0.0,False,False,0.859,Severe,15.0,64.7,292.3,0.161,0.373,0.953,Heavy congestion detected - signal timing extended and reroute suggested
EVT418293,2025-10-11 20:10:45,Local Market Day,J020,Malleshwaram Circle,4428,Weekend,False,Rain,True,21.8,False,False,0.895,Severe,12.9,62.5,445.6,0.206,0.476,0.886,Heavy rain reducing visibility and grip - reduced speed and longer buffer advised
EVT418294,2025-05-28 12:09:26,Trade Fair,J030,MG Road,11649,Weekday,False,Clear,False,0.0,False,False,0.23,Low,34.0,14.9,109.9,0.103,0.239,0.946,Normal free-flow traffic - standard signal timing maintained
EVT418295,2025-10-29 13:26:28,Local Market Day,J011,Indiranagar 100ft Road,3285,Weekday,False,Rain,True,16.8,False,False,0.401,Moderate,27.4,31.6,138.5,0.112,0.258,0.926,Light rain detected - minor speed reduction advised
EVT418296,2025-07-12 20:37:47,Trade Fair,J009,Majestic,5963,Weekend,False,Clear,False,0.0,False,False,0.572,High,23.3,51.0,164.6,0.112,0.259,0.929,Moderate traffic flow - standard adaptive signal timing in effect
EVT418297,2025-08-01 08:36:10,Trade Fair,J012,Koramangala Sony World,4044,Weekday,False,Light Rain,True,5.7,True,False,1.0,Severe,8.6,75.2,602.2,0.21,0.486,0.694,Accident detected nearby - reroute and reduced speed advised
EVT418298,2025-09-23 10:19:53,Sports Fixture,J020,Malleshwaram Circle,23887,Weekday,False,Fog,False,0.0,False,False,0.857,Severe,11.2,63.0,443.6,0.179,0.414,0.918,Heavy congestion detected - signal timing extended and reroute suggested
EVT418299,2025-01-10 11:40:48,Sports Fixture,J009,Majestic,19804,Weekday,False,Clear,False,0.0,False,False,0.414,Moderate,28.4,27.9,235.3,0.197,0.456,0.938,Moderate traffic flow - standard adaptive signal timing in effect
EVT418300,2025-10-11 07:54:58,Local Market Day,J009,Majestic,5002,Weekend,False,Clear,False,0.0,False,False,0.65,High,21.9,47.2,223.5,0.16,0.37,0.934,Moderate traffic flow - standard adaptive signal timing in effect
EVT418301,2025-10-05 19:07:25,Local Market Day,J031,Cubbon Road,6058,Weekend,False,Rain,True,17.5,False,False,1.0,Severe,8.1,71.2,658.1,0.244,0.564,0.865,Heavy rain reducing visibility and grip - reduced speed and longer buffer advised
EVT418302,2026-05-27 13:28:05,Local Market Day,J031,Cubbon Road,3518,Weekday,False,Clear,False,0.0,False,False,0.094,Low,30.8,4.3,130.6,0.075,0.174,0.953,Normal free-flow traffic - standard signal timing maintained
EVT418303,2025-09-09 11:18:39,Sports Fixture,J040,City Market,17663,Weekday,False,Rain,True,7.8,False,False,0.613,High,23.2,48.0,172.4,0.126,0.291,0.906,Heavy rain reducing visibility and grip - reduced speed and longer buffer advised
EVT418304,2025-05-27 13:57:41,Trade Fair,J040,City Market,6903,Weekday,False,Clear,False,0.0,False,False,0.163,Low,33.2,5.0,63.4,0.062,0.143,0.955,Normal free-flow traffic - standard signal timing maintained
EVT418305,2025-11-23 19:58:24,Trade Fair,J020,Malleshwaram Circle,7300,Weekend,False,Clear,False,0.0,False,False,0.613,High,22.1,41.3,131.8,0.065,0.15,0.961,Moderate traffic flow - standard adaptive signal timing in effect
EVT418306,2025-01-24 13:48:45,Trade Fair,J020,Malleshwaram Circle,13300,Weekday,False,Clear,False,0.0,False,False,0.247,Low,32.9,14.4,62.5,0.06,0.139,0.964,Normal free-flow traffic - standard signal timing maintained
EVT418307,2025-09-29 14:09:00,Local Market Day,J020,Malleshwaram Circle,3232,Weekday,False,Rain,True,10.2,False,False,0.283,Low,26.9,22.0,178.4,0.115,0.266,0.911,Light rain detected - minor speed reduction advised
EVT418308,2025-04-01 07:41:05,Concert,J030,MG Road,11716,Weekday,False,Clear,False,0.0,False,False,0.816,Severe,17.8,63.9,328.0,0.211,0.488,0.946,Heavy congestion detected - signal timing extended and reroute suggested
EVT418309,2026-01-12 05:27:01,Local Market Day,J009,Majestic,4835,Weekday,False,Clear,False,0.0,False,False,0.171,Low,41.7,6.7,132.5,0.143,0.331,0.98,Normal free-flow traffic - standard signal timing maintained
EVT418310,2025-10-20 15:23:38,Religious Festival,J011,Indiranagar 100ft Road,46104,Weekday,True,Light Rain,True,5.1,False,True,1.0,Severe,9.9,101.7,214.1,0.09,0.209,0.81,Road closure for event/procession - full detour recommended for through-traffic
EVT418311,2025-08-21 13:59:02,Concert,J020,Malleshwaram Circle,7889,Weekday,False,Clear,False,0.0,True,False,0.695,High,22.4,52.1,192.9,0.123,0.284,0.781,Accident detected nearby - reroute and reduced speed advised
EVT418312,2026-04-05 15:51:16,Trade Fair,J031,Cubbon Road,7388,Weekend,False,Clear,False,0.0,False,False,0.409,Moderate,27.3,26.6,147.0,0.103,0.238,0.941,Moderate traffic flow - standard adaptive signal timing in effect
EVT418313,2026-05-28 08:45:05,Local Market Day,J040,City Market,5952,Weekday,False,Clear,False,0.0,False,False,0.987,Severe,10.0,70.2,307.3,0.134,0.309,0.941,Heavy congestion detected - signal timing extended and reroute suggested
EVT418314,2026-03-17 07:17:38,Concert,J020,Malleshwaram Circle,5449,Weekday,False,Clear,False,0.0,False,False,0.557,High,22.9,38.5,270.1,0.162,0.374,0.99,Moderate traffic flow - standard adaptive signal timing in effect
EVT418315,2025-10-10 07:55:20,Local Market Day,J011,Indiranagar 100ft Road,2683,Weekday,False,Fog,False,0.0,False,False,0.788,Severe,14.1,50.7,161.5,0.09,0.208,0.945,Heavy congestion detected - signal timing extended and reroute suggested
EVT418316,2026-01-08 17:44:23,Sports Fixture,J023,Basavanagudi,18591,Weekday,False,Clear,False,0.0,False,False,1.0,Severe,8.2,69.9,583.6,0.184,0.426,0.925,Heavy congestion detected - signal timing extended and reroute suggested
EVT418317,2026-02-02 16:34:06,Sports Fixture,J020,Malleshwaram Circle,18315,Weekday,False,Clear,False,0.0,False,False,0.636,High,15.8,42.6,285.7,0.129,0.297,0.956,Moderate traffic flow - standard adaptive signal timing in effect
EVT418318,2025-02-27 17:27:34,Concert,J012,Koramangala Sony World,12120,Weekday,False,Clear,False,0.0,False,False,0.955,Severe,10.4,67.2,431.3,0.163,0.376,0.926,Heavy congestion detected - signal timing extended and reroute suggested
EVT418319,2025-09-19 19:52:44,Political Rally,J011,Indiranagar 100ft Road,14936,Weekday,False,Heavy Rain,True,31.9,False,False,1.0,Severe,8.1,75.8,474.3,0.171,0.395,0.858,Heavy rain reducing visibility and grip - reduced speed and longer buffer advised
EVT418320,2025-09-10 17:41:30,Trade Fair,J023,Basavanagudi,6677,Weekday,False,Clear,False,0.0,False,False,0.855,Severe,13.0,61.7,473.4,0.219,0.506,0.957,Heavy congestion detected - signal timing extended and reroute suggested
EVT418321,2026-03-20 17:57:17,Fireworks Display,J011,Indiranagar 100ft Road,26599,Weekday,True,Clear,False,0.0,False,False,1.0,Severe,9.2,74.8,499.0,0.196,0.453,0.867,Festival crowd surge detected - alternate route and extended cycle recommended
EVT418322,2025-12-20 14:07:52,Concert,J012,Koramangala Sony World,16212,Weekend,False,Clear,False,0.0,False,False,0.332,Low,34.1,22.1,126.8,0.113,0.262,0.985,Moderate traffic flow - standard adaptive signal timing in effect
EVT418323,2026-01-01 08:12:46,Religious Festival,J009,Majestic,30612,Weekday,True,Clear,False,0.0,False,False,1.0,Severe,10.2,67.2,629.1,0.228,0.527,0.871,Festival crowd surge detected - alternate route and extended cycle recommended
EVT418324,2026-04-12 00:52:53,Trade Fair,J031,Cubbon Road,13197,Weekend,False,Clear,False,0.0,False,False,0.307,Low,26.8,21.5,130.6,0.096,0.223,0.965,Moderate traffic flow - standard adaptive signal timing in effect
EVT418325,2025-09-26 20:23:10,Concert,J031,Cubbon Road,7825,Weekday,False,Rain,True,7.6,False,False,0.706,High,23.4,46.6,259.8,0.177,0.408,0.922,Heavy rain reducing visibility and grip - reduced speed and longer buffer advised
EVT418326,2025-04-11 17:22:44,Local Market Day,J030,MG Road,4145,Weekday,False,Clear,False,0.0,False,False,0.85,Severe,17.1,63.2,289.0,0.179,0.412,0.938,Heavy congestion detected - signal timing extended and reroute suggested
EVT418327,2025-10-02 21:17:35,Fireworks Display,J020,Malleshwaram Circle,17060,Weekday,True,Clear,False,0.0,False,False,0.662,High,22.0,41.6,170.8,0.11,0.255,0.911,Festival crowd surge detected - alternate route and extended cycle recommended
EVT418328,2026-06-25 11:54:40,Concert,J023,Basavanagudi,11505,Weekday,False,Clear,False,0.0,False,False,0.295,Low,27.8,20.3,256.9,0.209,0.483,0.968,Moderate traffic flow - standard adaptive signal timing in effect
EVT418329,2025-03-28 17:41:55,Trade Fair,J031,Cubbon Road,7112,Weekday,False,Clear,False,0.0,False,False,0.88,Severe,11.1,64.7,617.4,0.241,0.556,0.949,Heavy congestion detected - signal timing extended and reroute suggested
EVT418330,2025-11-13 05:45:56,Trade Fair,J009,Majestic,9056,Weekday,False,Clear,False,0.0,False,False,0.213,Low,34.2,13.5,116.1,0.081,0.187,0.974,Normal free-flow traffic - standard signal timing maintained
EVT418331,2026-06-03 14:35:02,Political Rally,J011,Indiranagar 100ft Road,14203,Weekday,False,Heavy Rain,True,29.1,False,False,0.643,High,22.0,42.3,95.8,0.046,0.107,0.916,Heavy rain reducing visibility and grip - reduced speed and longer buffer advised
EVT418332,2026-06-06 15:57:28,Sports Fixture,J011,Indiranagar 100ft Road,17481,Weekend,False,Clear,False,0.0,False,False,0.529,Moderate,18.8,36.2,201.1,0.116,0.269,0.953,Moderate traffic flow - standard adaptive signal timing in effect
EVT418333,2025-11-07 08:11:29,Sports Fixture,J012,Koramangala Sony World,18370,Weekday,False,Clear,False,0.0,False,False,0.98,Severe,9.0,76.6,503.8,0.181,0.419,0.931,Heavy congestion detected - signal timing extended and reroute suggested
EVT418334,2026-02-01 11:07:18,Trade Fair,J009,Majestic,9171,Weekend,False,Clear,False,0.0,False,False,0.408,Moderate,26.5,25.0,159.8,0.122,0.282,0.99,Moderate traffic flow - standard adaptive signal timing in effect
EVT418335,2026-03-13 17:32:26,Sports Fixture,J009,Majestic,27224,Weekday,False,Clear,False,0.0,False,False,1.0,Severe,7.5,65.8,871.2,0.241,0.557,0.931,Heavy congestion detected - signal timing extended and reroute suggested
EVT418336,2026-01-13 20:37:26,Political Rally,J011,Indiranagar 100ft Road,13673,Weekday,False,Clear,False,0.0,False,False,0.589,High,21.5,39.3,244.4,0.152,0.351,0.957,Moderate traffic flow - standard adaptive signal timing in effect
EVT418337,2025-07-10 17:28:04,Sports Fixture,J012,Koramangala Sony World,20754,Weekday,False,Rain,True,18.8,False,False,1.0,Severe,8.5,74.5,710.5,0.23,0.53,0.894,Heavy rain reducing visibility and grip - reduced speed and longer buffer advised
EVT418338,2025-09-17 16:24:15,Concert,J030,MG Road,41606,Weekday,False,Heavy Rain,True,27.4,False,False,0.94,Severe,11.3,67.2,415.8,0.175,0.405,0.875,Heavy rain reducing visibility and grip - reduced speed and longer buffer advised
EVT418339,2025-08-26 22:41:25,Concert,J023,Basavanagudi,18982,Weekday,False,Heavy Rain,True,58.9,False,False,0.685,High,18.8,44.1,180.2,0.11,0.254,0.917,Heavy rain reducing visibility and grip - reduced speed and longer buffer advised
EVT418340,2025-01-20 20:34:16,Concert,J040,City Market,9255,Weekday,False,Fog,False,0.0,False,False,0.584,High,15.8,39.6,375.8,0.196,0.453,0.988,Moderate traffic flow - standard adaptive signal timing in effect
EVT418341,2026-03-15 07:45:24,Political Rally,J031,Cubbon Road,8222,Weekend,False,Clear,False,0.0,False,False,0.694,High,20.5,51.8,344.5,0.212,0.491,0.95,Moderate traffic flow - standard adaptive signal timing in effect
EVT418342,2026-01-24 20:12:59,Sports Fixture,J031,Cubbon Road,33221,Weekend,False,Clear,False,0.0,False,False,0.804,Severe,16.3,56.4,232.9,0.143,0.329,0.965,Heavy congestion detected - signal timing extended and reroute suggested
EVT418343,2025-11-24 10:29:41,Local Market Day,J030,MG Road,4019,Weekday,False,Clear,False,0.0,False,False,0.584,High,29.0,42.2,116.1,0.078,0.18,0.981,Moderate traffic flow - standard adaptive signal timing in effect
EVT418344,2025-05-31 10:15:28,Concert,J023,Basavanagudi,13976,Weekend,False,Clear,False,0.0,False,False,0.722,High,16.3,50.5,294.7,0.144,0.333,0.944,Moderate traffic flow - standard adaptive signal timing in effect
EVT418345,2025-05-12 20:55:32,Trade Fair,J030,MG Road,9945,Weekday,False,Rain,True,18.4,False,False,0.689,High,19.4,49.4,165.2,0.101,0.234,0.918,Heavy rain reducing visibility and grip - reduced speed and longer buffer advised
EVT418346,2025-07-09 15:33:14,Trade Fair,J011,Indiranagar 100ft Road,12035,Weekday,False,Clear,False,0.0,False,False,0.408,Moderate,30.8,30.7,155.9,0.108,0.249,0.982,Moderate traffic flow - standard adaptive signal timing in effect
EVT418347,2025-01-21 09:06:28,Political Rally,J031,Cubbon Road,10337,Weekday,False,Clear,False,0.0,False,False,1.0,Severe,7.9,66.2,557.6,0.185,0.428,0.903,Heavy congestion detected - signal timing extended and reroute suggested
EVT418348,2025-07-11 21:24:49,Sports Fixture,J030,MG Road,23300,Weekday,False,Heavy Rain,True,26.3,False,False,0.735,High,19.2,46.6,334.7,0.212,0.489,0.916,Heavy rain reducing visibility and grip - reduced speed and longer buffer advised
EVT418349,2026-05-28 17:35:42,Sports Fixture,J011,Indiranagar 100ft Road,18830,Weekday,False,Clear,False,0.0,False,False,0.974,Severe,9.3,70.3,677.4,0.246,0.568,0.918,Heavy congestion detected - signal timing extended and reroute suggested
EVT418350,2025-07-18 18:13:39,Sports Fixture,J011,Indiranagar 100ft Road,35768,Weekday,False,Fog,False,0.0,False,False,1.0,Severe,8.6,66.1,651.9,0.218,0.504,0.902,Heavy congestion detected - signal timing extended and reroute suggested
EVT418351,2025-07-16 09:32:41,Sports Fixture,J020,Malleshwaram Circle,10957,Weekday,False,Light Rain,True,7.0,False,False,1.0,Severe,7.9,75.5,1070.0,0.367,0.848,0.871,Heavy rain reducing visibility and grip - reduced speed and longer buffer advised
EVT418352,2026-01-02 00:13:53,Cultural Procession,J020,Malleshwaram Circle,17779,Weekday,True,Clear,False,0.0,False,False,0.431,Moderate,23.4,31.9,255.4,0.17,0.393,0.899,Moderate traffic flow - standard adaptive signal timing in effect
EVT418353,2026-06-20 08:31:03,Local Market Day,J012,Koramangala Sony World,4768,Weekend,False,Rain,True,19.6,True,False,1.0,Severe,7.3,66.6,609.6,0.163,0.377,0.725,Accident detected nearby - reroute and reduced speed advised
EVT418354,2026-04-07 14:37:50,Concert,J012,Koramangala Sony World,10126,Weekday,False,Clear,False,0.0,False,False,0.239,Low,31.0,13.0,146.7,0.114,0.264,0.989,Normal free-flow traffic - standard signal timing maintained
EVT418355,2025-01-27 08:18:31,Religious Festival,J020,Malleshwaram Circle,21458,Weekday,True,Fog,False,0.0,False,False,1.0,Severe,9.8,72.6,508.3,0.219,0.505,0.881,Festival crowd surge detected - alternate route and extended cycle recommended
EVT418356,2026-02-14 21:10:33,Local Market Day,J023,Basavanagudi,3437,Weekend,False,Clear,False,0.0,False,False,0.422,Moderate,23.3,30.0,126.6,0.072,0.166,0.967,Moderate traffic flow - standard adaptive signal timing in effect
EVT418357,2025-12-21 18:29:18,Sports Fixture,J012,Koramangala Sony World,23127,Weekend,False,Clear,False,0.0,False,False,1.0,Severe,8.2,71.7,549.5,0.178,0.411,0.886,Heavy congestion detected - signal timing extended and reroute suggested
EVT418358,2025-04-07 09:47:27,Fireworks Display,J011,Indiranagar 100ft Road,18798,Weekday,True,Clear,False,0.0,False,False,1.0,Severe,8.3,70.7,399.9,0.149,0.344,0.874,Festival crowd surge detected - alternate route and extended cycle recommended
EVT418359,2025-04-26 19:08:49,Political Rally,J030,MG Road,17593,Weekend,False,Clear,False,0.0,False,False,0.953,Severe,11.4,73.5,609.8,0.275,0.634,0.903,Heavy congestion detected - signal timing extended and reroute suggested
EVT418360,2026-02-26 13:24:39,Sports Fixture,J031,Cubbon Road,23832,Weekday,False,Clear,False,0.0,False,False,0.36,Moderate,22.4,22.8,247.8,0.149,0.345,0.969,Moderate traffic flow - standard adaptive signal timing in effect
EVT418361,2025-02-06 17:41:36,Concert,J040,City Market,14285,Weekday,False,Light Rain,True,2.3,False,False,1.0,Severe,10.0,70.1,472.4,0.187,0.432,0.847,Heavy rain reducing visibility and grip - reduced speed and longer buffer advised
EVT418362,2025-06-28 08:38:42,Sports Fixture,J011,Indiranagar 100ft Road,39059,Weekend,False,Heavy Rain,True,40.1,False,False,1.0,Severe,8.9,74.5,240.2,0.11,0.255,0.871,Heavy rain reducing visibility and grip - reduced speed and longer buffer advised
EVT418363,2025-01-16 21:25:26,Local Market Day,J040,City Market,2206,Weekday,False,Clear,False,0.0,False,False,0.377,Moderate,25.0,23.7,295.0,0.195,0.449,0.974,Moderate traffic flow - standard adaptive signal timing in effect
EVT418364,2025-09-23 10:00:56,Local Market Day,J040,City Market,2711,Weekday,False,Clear,False,0.0,False,False,0.8,Severe,15.1,55.6,403.1,0.223,0.515,0.95,Heavy congestion detected - signal timing extended and reroute suggested
EVT418365,2025-03-24 17:49:16,Trade Fair,J030,MG Road,6252,Weekday,False,Clear,False,0.0,False,False,0.986,Severe,8.1,70.7,579.9,0.195,0.449,0.888,Heavy congestion detected - signal timing extended and reroute suggested
EVT418366,2025-06-16 11:11:06,Sports Fixture,J030,MG Road,35393,Weekday,False,Clear,False,0.0,False,False,0.577,High,19.1,40.4,296.8,0.19,0.439,0.972,Moderate traffic flow - standard adaptive signal timing in effect
EVT418367,2025-06-16 17:02:16,Trade Fair,J023,Basavanagudi,14103,Weekday,False,Clear,False,0.0,False,False,0.771,Severe,16.8,53.8,229.3,0.133,0.306,0.944,Heavy congestion detected - signal timing extended and reroute suggested
EVT418368,2026-06-18 21:06:07,Local Market Day,J009,Majestic,6849,Weekday,False,Clear,False,0.0,False,False,0.406,Moderate,32.7,31.0,137.9,0.099,0.228,0.968,Moderate traffic flow - standard adaptive signal timing in effect
EVT418369,2025-01-24 14:58:48,Local Market Day,J031,Cubbon Road,2756,Weekday,False,Clear,False,0.0,False,False,0.239,Low,27.9,13.5,159.7,0.107,0.247,0.949,Normal free-flow traffic - standard signal timing maintained
EVT418370,2025-06-06 09:18:39,Concert,J023,Basavanagudi,12223,Weekday,False,Rain,True,15.5,False,False,1.0,Severe,7.6,68.1,569.6,0.194,0.449,0.865,Heavy rain reducing visibility and grip - reduced speed and longer buffer advised
EVT418371,2025-10-29 09:03:57,Local Market Day,J020,Malleshwaram Circle,3240,Weekday,False,Clear,False,0.0,False,False,1.0,Severe,6.5,69.8,453.3,0.114,0.263,0.91,Heavy congestion detected - signal timing extended and reroute suggested
EVT418372,2026-04-27 14:50:10,Sports Fixture,J031,Cubbon Road,31703,Weekday,False,Clear,False,0.0,False,False,0.443,Moderate,28.0,28.1,161.9,0.123,0.283,0.97,Moderate traffic flow - standard adaptive signal timing in effect
EVT418373,2026-01-01 07:12:56,Religious Festival,J011,Indiranagar 100ft Road,62650,Weekday,True,Clear,False,0.0,False,True,1.0,Severe,8.0,98.6,701.8,0.247,0.571,0.874,Road closure for event/procession - full detour recommended for through-traffic
EVT418374,2026-05-31 23:35:01,Concert,J011,Indiranagar 100ft Road,8943,Weekend,False,Fog,False,0.0,False,False,0.245,Low,32.5,19.8,125.2,0.099,0.23,0.937,Normal free-flow traffic - standard signal timing maintained
EVT418375,2026-05-11 18:10:49,Local Market Day,J011,Indiranagar 100ft Road,3645,Weekday,False,Clear,False,0.0,False,False,0.977,Severe,9.0,74.3,645.3,0.233,0.538,0.935,Heavy congestion detected - signal timing extended and reroute suggested
EVT418376,2026-06-04 13:06:14,Sports Fixture,J009,Majestic,27667,Weekday,False,Clear,False,0.0,False,False,0.297,Low,34.6,28.3,135.1,0.111,0.256,0.96,Moderate traffic flow - standard adaptive signal timing in effect
EVT418377,2026-01-30 20:08:43,Trade Fair,J020,Malleshwaram Circle,5618,Weekday,False,Clear,False,0.0,False,False,0.681,High,21.1,49.0,213.0,0.133,0.306,0.962,Moderate traffic flow - standard adaptive signal timing in effect
EVT418378,2026-04-28 07:52:33,Sports Fixture,J023,Basavanagudi,43070,Weekday,False,Clear,False,0.0,False,False,0.974,Severe,9.8,69.0,267.5,0.11,0.255,0.921,Heavy congestion detected - signal timing extended and reroute suggested
EVT418379,2026-05-11 12:51:16,Political Rally,J030,MG Road,13013,Weekday,False,Clear,False,0.0,False,False,0.255,Low,30.4,17.3,160.3,0.116,0.267,0.985,Moderate traffic flow - standard adaptive signal timing in effect
EVT418380,2025-12-06 17:24:31,Sports Fixture,J020,Malleshwaram Circle,16970,Weekend,False,Clear,False,0.0,False,False,0.808,Severe,11.5,64.8,360.8,0.164,0.379,0.941,Heavy congestion detected - signal timing extended and reroute suggested
EVT418381,2026-02-18 07:27:25,Sports Fixture,J030,MG Road,15054,Weekday,False,Clear,False,0.0,False,False,0.703,High,16.3,50.8,513.8,0.276,0.639,0.974,Moderate traffic flow - standard adaptive signal timing in effect
EVT418382,2026-05-01 11:07:04,Cultural Procession,J009,Majestic,13049,Weekday,True,Clear,False,0.0,False,True,0.835,High,13.3,85.3,306.6,0.17,0.393,0.86,Road closure for event/procession - full detour recommended for through-traffic
EVT418383,2025-06-18 19:42:35,Local Market Day,J031,Cubbon Road,3513,Weekday,False,Clear,False,0.0,False,False,0.795,Severe,16.7,52.0,353.8,0.215,0.497,0.959,Heavy congestion detected - signal timing extended and reroute suggested
EVT418384,2025-01-16 21:58:24,Local Market Day,J040,City Market,3573,Weekday,False,Clear,False,0.0,False,False,0.171,Low,35.0,8.3,123.5,0.109,0.251,0.984,Normal free-flow traffic - standard signal timing maintained
EVT418385,2025-12-18 11:33:35,Trade Fair,J009,Majestic,14495,Weekday,False,Clear,False,0.0,False,False,0.34,Low,32.3,25.8,124.9,0.102,0.235,0.974,Moderate traffic flow - standard adaptive signal timing in effect
EVT418386,2025-07-19 19:52:59,Local Market Day,J012,Koramangala Sony World,4286,Weekend,False,Clear,False,0.0,False,False,0.739,High,18.7,53.3,160.0,0.097,0.225,0.977,Moderate traffic flow - standard adaptive signal timing in effect
EVT418387,2025-03-22 18:48:00,Local Market Day,J023,Basavanagudi,4399,Weekend,False,Light Rain,True,1.8,False,False,0.865,Severe,11.6,59.1,188.5,0.089,0.207,0.926,Heavy rain reducing visibility and grip - reduced speed and longer buffer advised
EVT418388,2026-06-03 19:13:32,Sports Fixture,J009,Majestic,33670,Weekday,False,Clear,False,0.0,False,False,1.0,Severe,7.9,74.8,565.0,0.172,0.397,0.942,Heavy congestion detected - signal timing extended and reroute suggested
EVT418389,2025-08-17 19:30:10,Local Market Day,J030,MG Road,3531,Weekend,False,Clear,False,0.0,False,False,0.711,High,16.9,57.3,131.1,0.086,0.199,0.958,Moderate traffic flow - standard adaptive signal timing in effect
EVT418390,2025-03-03 15:11:11,Concert,J023,Basavanagudi,10923,Weekday,False,Clear,False,0.0,False,False,0.315,Low,34.4,25.2,128.9,0.123,0.285,0.973,Moderate traffic flow - standard adaptive signal timing in effect
EVT418391,2025-08-11 17:52:16,Sports Fixture,J030,MG Road,12732,Weekday,False,Clear,False,0.0,False,False,1.0,Severe,8.8,71.5,629.7,0.236,0.546,0.896,Heavy congestion detected - signal timing extended and reroute suggested
EVT418392,2026-04-07 19:35:08,Trade Fair,J040,City Market,14373,Weekday,False,Clear,False,0.0,False,False,0.852,Severe,12.7,57.2,416.9,0.196,0.454,0.945,Heavy congestion detected - signal timing extended and reroute suggested
EVT418393,2025-07-11 19:03:14,Local Market Day,J011,Indiranagar 100ft Road,9349,Weekday,False,Clear,False,0.0,False,False,1.0,Severe,8.4,67.6,301.9,0.114,0.264,0.925,Heavy congestion detected - signal timing extended and reroute suggested
EVT418394,2025-10-04 18:59:03,Political Rally,J012,Koramangala Sony World,14955,Weekend,False,Rain,True,18.8,False,False,1.0,Severe,8.4,70.1,680.1,0.232,0.535,0.85,Heavy rain reducing visibility and grip - reduced speed and longer buffer advised
EVT418395,2025-06-01 21:06:40,Sports Fixture,J020,Malleshwaram Circle,22011,Weekend,False,Fog,False,0.0,False,False,0.495,Moderate,27.4,34.6,179.1,0.146,0.337,0.981,Moderate traffic flow - standard adaptive signal timing in effect
EVT418396,2025-10-22 11:47:10,Fireworks Display,J020,Malleshwaram Circle,25849,Weekday,True,Clear,False,0.0,False,False,0.653,High,19.5,44.4,265.6,0.174,0.402,0.921,Festival crowd surge detected - alternate route and extended cycle recommended
EVT418397,2025-07-05 07:31:50,Trade Fair,J040,City Market,4814,Weekend,False,Heavy Rain,True,87.3,True,False,1.0,Severe,7.9,70.1,286.4,0.114,0.263,0.682,Accident detected nearby - reroute and reduced speed advised
EVT418398,2025-05-11 17:20:01,Local Market Day,J012,Koramangala Sony World,3483,Weekend,False,Clear,False,0.0,False,False,0.669,High,14.6,49.4,394.8,0.2,0.462,0.946,Moderate traffic flow - standard adaptive signal timing in effect
EVT418399,2025-02-21 06:08:48,Sports Fixture,J012,Koramangala Sony World,27838,Weekday,False,Clear,False,0.0,False,False,0.355,Moderate,32.2,23.1,138.2,0.122,0.283,0.965,Moderate traffic flow - standard adaptive signal timing in effect
EVT418400,2025-07-25 19:29:02,Concert,J030,MG Road,15819,Weekday,False,Rain,True,9.0,False,False,1.0,Severe,8.7,70.6,617.6,0.23,0.532,0.875,Heavy rain reducing visibility and grip - reduced speed and longer buffer advised
EVT418401,2025-11-02 00:13:22,Religious Festival,J011,Indiranagar 100ft Road,44619,Weekend,True,Clear,False,0.0,True,True,1.0,Severe,9.3,94.5,565.1,0.232,0.536,0.654,Road closure for event/procession - full detour recommended for through-traffic
EVT418402,2026-02-15 07:02:26,Local Market Day,J020,Malleshwaram Circle,2993,Weekend,False,Clear,False,0.0,False,False,0.369,Moderate,29.8,29.2,153.0,0.115,0.266,0.982,Moderate traffic flow - standard adaptive signal timing in effect
EVT418403,2026-06-24 06:06:09,Sports Fixture,J020,Malleshwaram Circle,33366,Weekday,False,Heavy Rain,True,39.1,False,False,0.867,Severe,12.6,63.9,485.7,0.221,0.511,0.878,Heavy rain reducing visibility and grip - reduced speed and longer buffer advised
EVT418404,2025-06-09 12:41:02,Local Market Day,J020,Malleshwaram Circle,3760,Weekday,False,Clear,False,0.0,False,False,0.226,Low,29.9,14.3,138.3,0.122,0.281,0.974,Normal free-flow traffic - standard signal timing maintained
EVT418405,2026-01-22 18:32:15,Local Market Day,J020,Malleshwaram Circle,3577,Weekday,False,Clear,False,0.0,False,False,1.0,Severe,9.5,77.2,837.6,0.277,0.64,0.957,Heavy congestion detected - signal timing extended and reroute suggested
EVT418406,2025-06-20 05:04:55,Sports Fixture,J012,Koramangala Sony World,15644,Weekday,False,Clear,False,0.0,False,False,0.152,Low,33.4,17.5,98.8,0.073,0.169,0.99,Normal free-flow traffic - standard signal timing maintained
EVT418407,2025-10-12 18:30:39,Trade Fair,J040,City Market,6720,Weekend,False,Heavy Rain,True,26.6,False,False,1.0,Severe,6.8,74.0,580.4,0.19,0.439,0.848,Heavy rain reducing visibility and grip - reduced speed and longer buffer advised
EVT418408,2025-10-23 06:23:28,Concert,J040,City Market,11468,Weekday,False,Clear,False,0.0,False,False,0.386,Moderate,26.6,24.8,150.1,0.104,0.241,0.97,Moderate traffic flow - standard adaptive signal timing in effect
EVT418409,2025-05-15 18:51:55,Local Market Day,J009,Majestic,4219,Weekday,False,Rain,True,8.6,False,False,1.0,Severe,7.7,70.9,643.8,0.214,0.494,0.861,Heavy rain reducing visibility and grip - reduced speed and longer buffer advised
EVT418410,2026-02-03 19:45:11,Local Market Day,J031,Cubbon Road,3864,Weekday,False,Clear,False,0.0,False,False,0.838,Severe,16.1,59.0,237.7,0.142,0.327,0.957,Heavy congestion detected - signal timing extended and reroute suggested
EVT418411,2026-02-06 19:20:16,Concert,J009,Majestic,8280,Weekday,False,Clear,False,0.0,False,False,0.977,Severe,10.0,69.0,707.4,0.283,0.654,0.909,Heavy congestion detected - signal timing extended and reroute suggested
EVT418412,2025-10-22 19:59:41,Fireworks Display,J011,Indiranagar 100ft Road,35637,Weekday,True,Clear,False,0.0,False,False,1.0,Severe,8.8,69.4,537.4,0.2,0.461,0.861,Festival crowd surge detected - alternate route and extended cycle recommended
EVT418413,2026-02-14 09:02:14,Trade Fair,J030,MG Road,6099,Weekend,False,Clear,False,0.0,False,False,0.906,Severe,11.1,62.8,519.4,0.207,0.477,0.928,Heavy congestion detected - signal timing extended and reroute suggested
EVT418414,2026-01-06 12:44:52,Concert,J009,Majestic,20331,Weekday,False,Clear,False,0.0,False,False,0.226,Low,22.4,13.2,216.7,0.089,0.206,0.954,Normal free-flow traffic - standard signal timing maintained
EVT418415,2025-10-23 23:37:15,Sports Fixture,J009,Majestic,23329,Weekday,False,Clear,False,0.0,False,False,0.352,Moderate,24.2,25.8,69.9,0.048,0.112,0.951,Moderate traffic flow - standard adaptive signal timing in effect
EVT418416,2025-10-27 21:02:20,Concert,J040,City Market,10530,Weekday,False,Clear,False,0.0,False,False,0.453,Moderate,24.0,32.5,170.8,0.117,0.27,0.948,Moderate traffic flow - standard adaptive signal timing in effect
EVT418417,2026-01-13 17:19:18,Concert,J031,Cubbon Road,12608,Weekday,False,Clear,False,0.0,False,False,0.849,Severe,14.2,55.8,351.6,0.194,0.448,0.971,Heavy congestion detected - signal timing extended and reroute suggested
EVT418418,2025-06-28 18:53:57,Trade Fair,J031,Cubbon Road,12272,Weekend,False,Rain,True,23.6,False,False,1.0,Severe,9.8,74.0,693.7,0.265,0.613,0.845,Heavy rain reducing visibility and grip - reduced speed and longer buffer advised
EVT418419,2025-01-06 10:51:10,Sports Fixture,J009,Majestic,18438,Weekday,False,Clear,False,0.0,False,False,0.574,High,27.3,45.1,117.6,0.074,0.171,0.973,Moderate traffic flow - standard adaptive signal timing in effect
EVT418420,2025-07-25 08:17:00,Concert,J009,Majestic,10196,Weekday,False,Clear,False,0.0,False,False,0.911,Severe,10.0,64.3,551.2,0.202,0.467,0.888,Heavy congestion detected - signal timing extended and reroute suggested
EVT418421,2025-04-09 10:45:28,Local Market Day,J012,Koramangala Sony World,3127,Weekday,False,Clear,False,0.0,False,False,0.514,Moderate,27.1,36.1,215.7,0.17,0.393,0.953,Moderate traffic flow - standard adaptive signal timing in effect
EVT418422,2025-09-23 15:38:28,Concert,J030,MG Road,17019,Weekday,False,Rain,True,21.0,False,False,0.667,High,20.1,52.3,281.4,0.19,0.439,0.923,Heavy rain reducing visibility and grip - reduced speed and longer buffer advised
EVT418423,2025-11-17 17:19:35,Sports Fixture,J012,Koramangala Sony World,43306,Weekday,False,Light Rain,True,0.9,False,False,1.0,Severe,9.3,74.2,557.7,0.19,0.438,0.882,Heavy rain reducing visibility and grip - reduced speed and longer buffer advised
EVT418424,2025-02-18 06:26:08,Trade Fair,J040,City Market,10844,Weekday,False,Clear,False,0.0,False,False,0.346,Low,33.2,26.4,137.9,0.1,0.232,0.984,Moderate traffic flow - standard adaptive signal timing in effect
EVT418425,2025-10-23 08:10:10,Local Market Day,J020,Malleshwaram Circle,2989,Weekday,False,Clear,False,0.0,False,False,0.869,Severe,15.2,60.1,311.4,0.172,0.398,0.918,Heavy congestion detected - signal timing extended and reroute suggested
EVT418426,2025-01-02 15:08:32,Sports Fixture,J030,MG Road,24207,Weekday,False,Clear,False,0.0,False,False,0.438,Moderate,25.8,33.6,131.1,0.093,0.215,0.959,Moderate traffic flow - standard adaptive signal timing in effect
EVT418427,2025-03-12 10:59:02,Concert,J030,MG Road,12133,Weekday,False,Clear,False,0.0,False,False,0.518,Moderate,26.5,39.7,79.7,0.065,0.15,0.956,Moderate traffic flow - standard adaptive signal timing in effect
EVT418428,2025-02-05 10:43:58,Local Market Day,J011,Indiranagar 100ft Road,2694,Weekday,False,Rain,True,8.5,False,False,0.636,High,20.6,44.3,168.9,0.116,0.267,0.934,Heavy rain reducing visibility and grip - reduced speed and longer buffer advised
EVT418429,2025-03-26 21:56:14,Sports Fixture,J011,Indiranagar 100ft Road,22330,Weekday,False,Clear,False,0.0,False,False,0.24,Low,29.9,14.7,176.0,0.146,0.338,0.96,Normal free-flow traffic - standard signal timing maintained
EVT418430,2025-10-21 17:22:34,Cultural Procession,J009,Majestic,12281,Weekday,True,Rain,True,22.9,False,True,1.0,Severe,10.4,103.6,464.2,0.212,0.49,0.766,Road closure for event/procession - full detour recommended for through-traffic
EVT418431,2025-04-18 16:12:24,Trade Fair,J009,Majestic,9832,Weekday,False,Clear,False,0.0,False,False,0.472,Moderate,23.7,38.2,141.5,0.094,0.217,0.984,Moderate traffic flow - standard adaptive signal timing in effect
EVT418432,2025-07-10 13:19:09,Local Market Day,J040,City Market,4880,Weekday,False,Heavy Rain,True,89.2,False,False,0.58,High,24.9,39.9,263.1,0.21,0.485,0.904,Heavy rain reducing visibility and grip - reduced speed and longer buffer advised
EVT418433,2025-08-07 15:00:30,Trade Fair,J009,Majestic,15282,Weekday,False,Light Rain,True,1.4,False,False,0.404,Moderate,24.3,27.7,160.7,0.108,0.25,0.922,Light rain detected - minor speed reduction advised
EVT418434,2026-01-31 10:16:25,Sports Fixture,J011,Indiranagar 100ft Road,25728,Weekend,False,Clear,False,0.0,False,False,0.754,Severe,17.5,55.8,359.0,0.202,0.466,0.966,Heavy congestion detected - signal timing extended and reroute suggested
EVT418435,2025-07-11 09:08:44,Local Market Day,J031,Cubbon Road,2875,Weekday,False,Rain,True,14.4,False,False,1.0,Severe,7.9,70.8,897.1,0.302,0.698,0.85,Heavy rain reducing visibility and grip - reduced speed and longer buffer advised
EVT418436,2025-02-22 08:16:56,Concert,J009,Majestic,11513,Weekend,False,Fog,False,0.0,False,False,0.797,Severe,14.9,62.2,393.2,0.219,0.505,0.964,Heavy congestion detected - signal timing extended and reroute suggested
EVT418437,2025-11-29 09:56:03,Local Market Day,J020,Malleshwaram Circle,2881,Weekend,False,Clear,False,0.0,False,False,0.713,High,17.1,48.5,265.6,0.148,0.343,0.954,Moderate traffic flow - standard adaptive signal timing in effect
EVT418438,2026-05-27 22:43:48,Local Market Day,J031,Cubbon Road,3284,Weekday,False,Fog,False,0.0,False,False,0.237,Low,32.5,12.9,121.0,0.102,0.235,0.979,Normal free-flow traffic - standard signal timing maintained
EVT418439,2025-11-09 20:40:58,Sports Fixture,J031,Cubbon Road,23487,Weekend,False,Clear,False,0.0,False,False,0.63,High,22.1,44.7,313.6,0.241,0.557,0.969,Moderate traffic flow - standard adaptive signal timing in effect
EVT418440,2026-04-24 12:15:25,Local Market Day,J011,Indiranagar 100ft Road,6823,Weekday,False,Light Rain,True,5.3,False,False,0.371,Moderate,24.7,29.4,197.5,0.141,0.325,0.904,Light rain detected - minor speed reduction advised
EVT418441,2025-01-16 05:50:48,Concert,J012,Koramangala Sony World,8998,Weekday,False,Clear,False,0.0,False,False,0.257,Low,31.9,14.4,83.0,0.061,0.14,0.967,Moderate traffic flow - standard adaptive signal timing in effect
EVT418442,2025-11-03 07:56:59,Concert,J011,Indiranagar 100ft Road,9629,Weekday,False,Clear,False,0.0,False,False,0.84,Severe,17.1,61.1,236.9,0.132,0.304,0.943,Heavy congestion detected - signal timing extended and reroute suggested
EVT418443,2025-03-01 13:42:26,Political Rally,J030,MG Road,29834,Weekend,False,Clear,False,0.0,False,False,0.378,Moderate,25.1,30.3,266.1,0.193,0.447,0.97,Moderate traffic flow - standard adaptive signal timing in effect
EVT418444,2025-06-18 20:37:33,Local Market Day,J031,Cubbon Road,5264,Weekday,False,Clear,False,0.0,False,False,0.543,Moderate,21.0,40.7,98.8,0.077,0.178,0.95,Moderate traffic flow - standard adaptive signal timing in effect
EVT418445,2025-11-17 08:50:50,Local Market Day,J009,Majestic,3700,Weekday,False,Rain,True,11.5,False,False,1.0,Severe,9.2,76.2,445.7,0.155,0.358,0.856,Heavy rain reducing visibility and grip - reduced speed and longer buffer advised
EVT418446,2025-04-06 16:36:15,Cultural Procession,J009,Majestic,23977,Weekend,True,Rain,True,18.1,False,True,1.0,Severe,9.8,103.3,446.8,0.195,0.451,0.79,Road closure for event/procession - full detour recommended for through-traffic
EVT418447,2025-10-25 23:07:37,Sports Fixture,J009,Majestic,30835,Weekend,False,Clear,False,0.0,False,False,0.408,Moderate,25.9,25.3,211.3,0.158,0.364,0.93,Moderate traffic flow - standard adaptive signal timing in effect
EVT418448,2026-05-31 13:25:22,Concert,J023,Basavanagudi,13229,Weekend,False,Clear,False,0.0,False,False,0.397,Moderate,28.2,28.7,66.0,0.053,0.123,0.958,Moderate traffic flow - standard adaptive signal timing in effect
EVT418449,2025-04-12 10:07:18,Sports Fixture,J020,Malleshwaram Circle,35971,Weekend,False,Clear,False,0.0,False,False,0.907,Severe,12.1,66.6,251.6,0.128,0.295,0.926,Heavy congestion detected - signal timing extended and reroute suggested
EVT418450,2026-05-03 12:08:39,Concert,J023,Basavanagudi,17702,Weekend,False,Clear,False,0.0,False,False,0.43,Moderate,29.9,28.3,217.5,0.163,0.376,0.981,Moderate traffic flow - standard adaptive signal timing in effect
EVT418451,2026-02-04 18:42:04,Local Market Day,J009,Majestic,2307,Weekday,False,Clear,False,0.0,False,False,1.0,Severe,7.3,68.2,763.2,0.224,0.516,0.92,Heavy congestion detected - signal timing extended and reroute suggested
EVT418452,2025-05-20 09:20:14,Trade Fair,J020,Malleshwaram Circle,15860,Weekday,False,Rain,True,19.6,False,False,1.0,Severe,7.7,67.4,841.7,0.243,0.562,0.893,Heavy rain reducing visibility and grip - reduced speed and longer buffer advised
EVT418453,2025-09-30 10:23:06,Sports Fixture,J040,City Market,24064,Weekday,False,Clear,False,0.0,False,False,0.68,High,18.1,44.9,477.9,0.279,0.646,0.949,Moderate traffic flow - standard adaptive signal timing in effect
EVT418454,2025-10-26 08:58:29,Local Market Day,J040,City Market,4330,Weekend,False,Fog,False,0.0,False,False,0.903,Severe,11.9,64.0,280.4,0.126,0.291,0.954,Heavy congestion detected - signal timing extended and reroute suggested
EVT418455,2025-10-14 09:36:34,Sports Fixture,J009,Majestic,11886,Weekday,False,Clear,False,0.0,False,False,0.996,Severe,8.3,67.9,662.6,0.227,0.525,0.912,Heavy congestion detected - signal timing extended and reroute suggested
EVT418456,2025-04-13 16:29:44,Concert,J012,Koramangala Sony World,13892,Weekend,False,Clear,False,0.0,False,False,0.596,High,22.0,42.1,282.8,0.19,0.44,0.974,Moderate traffic flow - standard adaptive signal timing in effect
EVT418457,2025-04-03 19:27:06,Concert,J031,Cubbon Road,13512,Weekday,False,Clear,False,0.0,False,False,0.907,Severe,12.8,70.7,409.1,0.208,0.48,0.92,Heavy congestion detected - signal timing extended and reroute suggested
EVT418458,2025-02-23 16:02:36,Trade Fair,J030,MG Road,10448,Weekend,False,Clear,False,0.0,False,False,0.457,Moderate,26.2,39.2,163.8,0.126,0.291,0.949,Moderate traffic flow - standard adaptive signal timing in effect
EVT418459,2025-06-30 17:37:10,Local Market Day,J011,Indiranagar 100ft Road,3456,Weekday,False,Heavy Rain,True,37.9,False,False,1.0,Severe,7.9,68.9,603.7,0.193,0.447,0.872,Heavy rain reducing visibility and grip - reduced speed and longer buffer advised
EVT418460,2026-03-31 07:49:14,Local Market Day,J012,Koramangala Sony World,4316,Weekday,False,Clear,False,0.0,False,False,0.767,Severe,18.4,55.7,266.7,0.166,0.383,0.954,Heavy congestion detected - signal timing extended and reroute suggested
EVT418461,2026-04-21 08:03:50,Political Rally,J031,Cubbon Road,14413,Weekday,False,Fog,False,0.0,False,False,0.882,Severe,11.0,57.0,297.0,0.143,0.329,0.956,Heavy congestion detected - signal timing extended and reroute suggested
EVT418462,2026-04-12 06:48:56,Local Market Day,J009,Majestic,4363,Weekend,False,Clear,False,0.0,False,False,0.379,Moderate,26.3,26.7,211.3,0.136,0.315,0.958,Moderate traffic flow - standard adaptive signal timing in effect
EVT418463,2026-01-24 14:41:51,Concert,J040,City Market,12099,Weekend,False,Clear,False,0.0,False,False,0.265,Low,24.5,17.4,204.1,0.143,0.33,0.97,Moderate traffic flow - standard adaptive signal timing in effect
EVT418464,2026-03-03 05:37:00,Political Rally,J023,Basavanagudi,9187,Weekday,False,Clear,False,0.0,False,False,0.289,Low,29.3,23.4,110.5,0.092,0.212,0.959,Moderate traffic flow - standard adaptive signal timing in effect
EVT418465,2025-07-20 12:13:56,Concert,J023,Basavanagudi,13025,Weekend,False,Clear,False,0.0,False,False,0.283,Low,32.4,25.1,157.1,0.137,0.316,0.982,Moderate traffic flow - standard adaptive signal timing in effect
EVT418466,2025-07-21 18:53:28,Sports Fixture,J009,Majestic,16118,Weekday,False,Heavy Rain,True,26.6,False,False,1.0,Severe,7.9,69.0,740.8,0.232,0.536,0.889,Heavy rain reducing visibility and grip - reduced speed and longer buffer advised
EVT418467,2025-10-16 05:22:38,Sports Fixture,J023,Basavanagudi,32408,Weekday,False,Rain,True,9.5,False,False,0.529,Moderate,27.2,34.1,105.1,0.081,0.188,0.905,Light rain detected - minor speed reduction advised
EVT418468,2025-09-24 09:42:54,Local Market Day,J009,Majestic,3088,Weekday,False,Clear,False,0.0,True,False,1.0,Severe,8.9,72.1,722.6,0.273,0.631,0.74,Accident detected nearby - reroute and reduced speed advised
EVT418469,2026-03-16 18:14:30,Sports Fixture,J009,Majestic,28835,Weekday,False,Clear,False,0.0,False,False,1.0,Severe,9.4,66.6,382.7,0.147,0.339,0.92,Heavy congestion detected - signal timing extended and reroute suggested
EVT418470,2026-01-13 16:01:57,Sports Fixture,J011,Indiranagar 100ft Road,40266,Weekday,False,Clear,False,0.0,False,False,0.601,High,19.7,40.9,295.1,0.168,0.387,0.956,Moderate traffic flow - standard adaptive signal timing in effect
EVT418471,2026-03-15 17:26:09,Trade Fair,J030,MG Road,8870,Weekend,False,Clear,False,0.0,False,False,0.743,High,16.6,48.1,194.8,0.122,0.282,0.958,Moderate traffic flow - standard adaptive signal timing in effect
EVT418472,2025-11-20 19:22:21,Local Market Day,J030,MG Road,5334,Weekday,False,Clear,False,0.0,False,False,0.962,Severe,10.3,66.1,529.7,0.237,0.548,0.919,Heavy congestion detected - signal timing extended and reroute suggested
EVT418473,2025-05-09 13:59:01,Trade Fair,J009,Majestic,8891,Weekday,False,Rain,True,16.1,False,False,0.381,Moderate,25.6,30.3,182.1,0.132,0.305,0.911,Light rain detected - minor speed reduction advised
EVT418474,2025-12-28 17:12:39,Sports Fixture,J031,Cubbon Road,16191,Weekend,False,Clear,False,0.0,False,False,0.781,Severe,16.5,54.5,315.7,0.177,0.41,0.964,Heavy congestion detected - signal timing extended and reroute suggested
EVT418475,2025-09-05 08:36:51,Cultural Procession,J012,Koramangala Sony World,18816,Weekday,True,Clear,False,0.0,False,True,1.0,Severe,8.0,95.7,317.2,0.117,0.271,0.81,Road closure for event/procession - full detour recommended for through-traffic
EVT418476,2025-11-05 18:19:26,Local Market Day,J040,City Market,6030,Weekday,False,Clear,False,0.0,False,False,1.0,Severe,8.7,73.3,579.2,0.213,0.492,0.915,Heavy congestion detected - signal timing extended and reroute suggested
EVT418477,2025-07-06 09:17:22,Local Market Day,J030,MG Road,3941,Weekend,False,Heavy Rain,True,36.9,False,False,1.0,Severe,7.6,62.5,672.4,0.196,0.452,0.846,Heavy rain reducing visibility and grip - reduced speed and longer buffer advised
EVT418478,2025-01-23 12:53:27,Concert,J011,Indiranagar 100ft Road,7794,Weekday,False,Clear,False,0.0,False,False,0.247,Low,35.7,17.1,156.6,0.145,0.335,0.956,Normal free-flow traffic - standard signal timing maintained
EVT418479,2026-04-23 08:37:45,Political Rally,J011,Indiranagar 100ft Road,13167,Weekday,False,Clear,False,0.0,False,False,1.0,Severe,6.9,72.4,263.5,0.081,0.186,0.891,Heavy congestion detected - signal timing extended and reroute suggested
EVT418480,2025-08-14 07:14:39,Trade Fair,J030,MG Road,10812,Weekday,False,Clear,False,0.0,False,False,0.582,High,21.8,45.0,223.3,0.137,0.316,0.967,Moderate traffic flow - standard adaptive signal timing in effect
EVT418481,2025-11-29 19:28:38,Sports Fixture,J011,Indiranagar 100ft Road,25211,Weekend,False,Clear,False,0.0,False,False,0.867,Severe,8.7,62.0,373.5,0.149,0.345,0.94,Heavy congestion detected - signal timing extended and reroute suggested
EVT418482,2025-04-08 14:03:21,Sports Fixture,J012,Koramangala Sony World,16936,Weekday,False,Clear,False,0.0,False,False,0.208,Low,38.5,14.4,81.7,0.083,0.192,0.978,Normal free-flow traffic - standard signal timing maintained
EVT418483,2026-02-11 20:27:14,Trade Fair,J020,Malleshwaram Circle,9490,Weekday,False,Fog,False,0.0,False,False,0.633,High,21.1,42.6,267.4,0.183,0.424,0.943,Moderate traffic flow - standard adaptive signal timing in effect
EVT418484,2026-02-04 15:58:18,Political Rally,J030,MG Road,15591,Weekday,False,Clear,False,0.0,False,False,0.488,Moderate,22.1,44.4,179.0,0.129,0.297,0.957,Moderate traffic flow - standard adaptive signal timing in effect
EVT418485,2025-06-13 10:17:16,Political Rally,J031,Cubbon Road,8087,Weekday,False,Clear,False,0.0,False,False,0.762,Severe,15.2,54.1,432.5,0.24,0.554,0.962,Heavy congestion detected - signal timing extended and reroute suggested
EVT418486,2025-07-24 08:52:08,Political Rally,J009,Majestic,10344,Weekday,False,Heavy Rain,True,25.9,False,False,1.0,Severe,8.8,71.5,564.3,0.198,0.457,0.886,Heavy rain reducing visibility and grip - reduced speed and longer buffer advised
EVT418487,2026-03-08 12:19:54,Trade Fair,J030,MG Road,11612,Weekend,False,Clear,False,0.0,False,False,0.304,Low,27.5,25.3,155.8,0.127,0.294,0.966,Moderate traffic flow - standard adaptive signal timing in effect
EVT418488,2025-03-05 07:23:57,Sports Fixture,J020,Malleshwaram Circle,31066,Weekday,False,Clear,False,0.0,False,False,0.707,High,13.5,53.8,494.5,0.238,0.549,0.958,Moderate traffic flow - standard adaptive signal timing in effect
EVT418489,2026-04-21 12:55:49,Local Market Day,J011,Indiranagar 100ft Road,2781,Weekday,False,Light Rain,True,2.4,False,False,0.231,Low,36.4,19.3,115.7,0.096,0.223,0.9,Light rain detected - minor speed reduction advised
EVT418490,2025-12-28 18:39:36,Trade Fair,J020,Malleshwaram Circle,7030,Weekend,False,Clear,False,0.0,False,False,0.882,Severe,12.7,65.7,318.7,0.162,0.375,0.935,Heavy congestion detected - signal timing extended and reroute suggested
EVT418491,2026-03-28 20:18:58,Local Market Day,J040,City Market,3706,Weekend,False,Clear,False,0.0,False,False,0.586,High,22.9,45.3,238.9,0.157,0.363,0.949,Moderate traffic flow - standard adaptive signal timing in effect
EVT418492,2025-04-15 14:56:44,Cultural Procession,J011,Indiranagar 100ft Road,18224,Weekday,True,Clear,False,0.0,False,True,0.638,Moderate,19.2,54.3,255.4,0.149,0.344,0.865,Road closure for event/procession - full detour recommended for through-traffic
EVT418493,2025-11-16 13:36:04,Political Rally,J012,Koramangala Sony World,9366,Weekend,False,Rain,True,17.1,False,False,0.531,Moderate,26.6,39.9,139.0,0.11,0.255,0.877,Light rain detected - minor speed reduction advised
EVT418494,2026-05-17 18:57:12,Concert,J011,Indiranagar 100ft Road,15765,Weekend,False,Light Rain,True,3.4,False,False,1.0,Severe,7.1,73.0,497.7,0.16,0.37,0.858,Heavy rain reducing visibility and grip - reduced speed and longer buffer advised
EVT418495,2025-11-07 19:57:29,Sports Fixture,J040,City Market,23711,Weekday,False,Clear,False,0.0,False,False,0.827,Severe,16.9,56.2,314.7,0.216,0.499,0.948,Heavy congestion detected - signal timing extended and reroute suggested
EVT418496,2025-01-21 07:55:51,Local Market Day,J031,Cubbon Road,4742,Weekday,False,Clear,False,0.0,False,False,0.778,Severe,16.1,56.4,336.9,0.175,0.405,0.961,Heavy congestion detected - signal timing extended and reroute suggested
EVT418497,2025-06-22 22:17:59,Sports Fixture,J030,MG Road,16509,Weekend,False,Clear,False,0.0,False,False,0.271,Low,25.1,14.1,122.4,0.088,0.202,0.981,Moderate traffic flow - standard adaptive signal timing in effect
EVT418498,2025-09-25 21:40:02,Local Market Day,J009,Majestic,3197,Weekday,False,Rain,True,18.5,False,False,0.54,Moderate,23.7,46.9,179.3,0.137,0.316,0.916,Light rain detected - minor speed reduction advised
EVT418499,2025-08-11 19:49:35,Local Market Day,J030,MG Road,5716,Weekday,False,Light Rain,True,5.6,True,False,1.0,Severe,7.5,74.4,223.2,0.1,0.231,0.681,Accident detected nearby - reroute and reduced speed advised
EVT418500,2025-12-18 08:35:04,Local Market Day,J031,Cubbon Road,3737,Weekday,False,Light Rain,True,1.1,False,False,1.0,Severe,7.6,72.7,426.9,0.141,0.325,0.858,Heavy rain reducing visibility and grip - reduced speed and longer buffer advised
EVT418501,2026-06-23 12:44:52,Trade Fair,J023,Basavanagudi,13749,Weekday,False,Clear,False,0.0,False,False,0.194,Low,40.9,12.7,88.8,0.079,0.182,0.953,Normal free-flow traffic - standard signal timing maintained
EVT418502,2026-05-14 22:36:17,Concert,J030,MG Road,16080,Weekday,False,Clear,False,0.0,False,False,0.231,Low,36.3,17.1,309.6,0.282,0.651,0.965,Normal free-flow traffic - standard signal timing maintained
EVT418503,2026-01-30 10:08:15,Trade Fair,J040,City Market,17800,Weekday,False,Fog,False,0.0,False,False,0.789,Severe,16.7,56.5,367.7,0.196,0.453,0.953,Heavy congestion detected - signal timing extended and reroute suggested
EVT418504,2025-09-08 13:58:37,Local Market Day,J020,Malleshwaram Circle,2888,Weekday,False,Heavy Rain,True,32.6,False,False,0.569,High,25.3,44.8,262.5,0.197,0.456,0.92,Heavy rain reducing visibility and grip - reduced speed and longer buffer advised
EVT418505,2026-04-12 20:07:34,Trade Fair,J012,Koramangala Sony World,12099,Weekend,False,Clear,False,0.0,False,False,0.758,Severe,14.7,51.8,393.7,0.185,0.428,0.963,Heavy congestion detected - signal timing extended and reroute suggested
EVT418506,2025-11-21 14:31:35,Sports Fixture,J012,Koramangala Sony World,20838,Weekday,False,Clear,False,0.0,False,False,0.263,Low,27.5,16.5,96.5,0.08,0.185,0.983,Moderate traffic flow - standard adaptive signal timing in effect
EVT418507,2026-01-30 10:09:12,Political Rally,J040,City Market,9578,Weekday,False,Clear,False,0.0,False,False,0.792,Severe,15.0,59.6,374.7,0.193,0.445,0.959,Heavy congestion detected - signal timing extended and reroute suggested
EVT418508,2026-05-07 20:43:24,Local Market Day,J031,Cubbon Road,3117,Weekday,False,Fog,False,0.0,False,False,0.535,Moderate,25.7,36.7,209.8,0.139,0.321,0.97,Moderate traffic flow - standard adaptive signal timing in effect
EVT418509,2026-01-31 23:20:06,Political Rally,J012,Koramangala Sony World,7865,Weekend,False,Clear,False,0.0,False,False,0.293,Low,30.5,25.4,170.0,0.142,0.328,0.944,Moderate traffic flow - standard adaptive signal timing in effect
EVT418510,2025-07-24 09:56:45,Trade Fair,J011,Indiranagar 100ft Road,13006,Weekday,False,Clear,False,0.0,False,False,0.925,Severe,8.2,67.8,886.1,0.292,0.675,0.952,Heavy congestion detected - signal timing extended and reroute suggested
EVT418511,2025-11-21 10:24:55,Local Market Day,J009,Majestic,3405,Weekday,False,Clear,False,0.0,False,False,0.665,High,19.3,54.1,230.4,0.148,0.343,0.923,Moderate traffic flow - standard adaptive signal timing in effect
EVT418512,2025-11-01 15:26:24,Fireworks Display,J012,Koramangala Sony World,35484,Weekend,True,Clear,False,0.0,False,False,0.754,Severe,18.4,54.8,272.4,0.175,0.404,0.908,Festival crowd surge detected - alternate route and extended cycle recommended
EVT418513,2025-06-18 17:53:43,Trade Fair,J023,Basavanagudi,6291,Weekday,False,Clear,False,0.0,False,False,0.96,Severe,9.3,68.1,655.7,0.215,0.497,0.94,Heavy congestion detected - signal timing extended and reroute suggested
EVT418514,2026-01-13 12:06:24,Trade Fair,J009,Majestic,20607,Weekday,False,Clear,False,0.0,False,False,0.299,Low,31.6,23.6,115.3,0.097,0.225,0.955,Moderate traffic flow - standard adaptive signal timing in effect
EVT418515,2025-05-15 18:56:49,Trade Fair,J031,Cubbon Road,7985,Weekday,False,Clear,False,0.0,False,False,1.0,Severe,7.3,72.3,447.2,0.142,0.329,0.931,Heavy congestion detected - signal timing extended and reroute suggested
EVT418516,2026-02-23 21:41:05,Local Market Day,J023,Basavanagudi,3277,Weekday,False,Clear,False,0.0,False,False,0.301,Low,33.1,18.8,190.8,0.16,0.37,0.981,Moderate traffic flow - standard adaptive signal timing in effect
EVT418517,2025-07-04 16:36:32,Local Market Day,J040,City Market,1877,Weekday,False,Rain,True,18.0,False,False,0.859,Severe,11.7,56.6,322.1,0.161,0.371,0.897,Heavy rain reducing visibility and grip - reduced speed and longer buffer advised
EVT418518,2026-04-04 09:53:37,Trade Fair,J009,Majestic,11176,Weekend,False,Rain,True,8.3,False,False,0.911,Severe,13.3,65.6,253.7,0.121,0.279,0.891,Heavy rain reducing visibility and grip - reduced speed and longer buffer advised
EVT418519,2026-03-15 09:20:43,Local Market Day,J012,Koramangala Sony World,4177,Weekend,False,Clear,False,0.0,False,False,0.852,Severe,11.1,56.9,519.1,0.214,0.494,0.948,Heavy congestion detected - signal timing extended and reroute suggested
EVT418520,2025-07-31 17:35:38,Sports Fixture,J023,Basavanagudi,19800,Weekday,False,Clear,False,0.0,False,False,0.952,Severe,12.2,70.4,264.6,0.138,0.318,0.904,Heavy congestion detected - signal timing extended and reroute suggested
EVT418521,2026-05-28 09:37:12,Concert,J023,Basavanagudi,12357,Weekday,False,Rain,True,8.7,False,False,1.0,Severe,8.4,73.2,259.9,0.101,0.234,0.862,Heavy rain reducing visibility and grip - reduced speed and longer buffer advised
EVT418522,2026-05-17 12:19:14,Sports Fixture,J020,Malleshwaram Circle,26554,Weekend,False,Rain,True,14.1,False,False,0.585,High,23.9,47.2,315.3,0.248,0.572,0.906,Heavy rain reducing visibility and grip - reduced speed and longer buffer advised
EVT418523,2026-06-11 10:23:43,Concert,J012,Koramangala Sony World,10038,Weekday,False,Heavy Rain,True,55.4,True,False,1.0,Severe,9.2,72.7,451.5,0.152,0.352,0.675,Accident detected nearby - reroute and reduced speed advised
EVT418524,2025-07-18 08:57:23,Concert,J031,Cubbon Road,13676,Weekday,False,Heavy Rain,True,28.8,False,False,1.0,Severe,8.4,69.5,617.4,0.189,0.436,0.855,Heavy rain reducing visibility and grip - reduced speed and longer buffer advised
EVT418525,2025-12-08 07:13:42,Sports Fixture,J031,Cubbon Road,23131,Weekday,False,Clear,False,0.0,False,False,0.56,High,28.1,37.7,270.6,0.216,0.499,0.977,Moderate traffic flow - standard adaptive signal timing in effect
EVT418526,2025-11-11 18:59:35,Trade Fair,J031,Cubbon Road,7192,Weekday,False,Clear,False,0.0,False,False,0.918,Severe,11.5,67.6,536.8,0.23,0.53,0.918,Heavy congestion detected - signal timing extended and reroute suggested
EVT418527,2025-03-23 14:14:44,Local Market Day,J031,Cubbon Road,3669,Weekend,False,Clear,False,0.0,False,False,0.253,Low,35.2,22.3,145.3,0.131,0.303,0.963,Moderate traffic flow - standard adaptive signal timing in effect
EVT418528,2026-06-08 18:21:28,Sports Fixture,J040,City Market,35087,Weekday,False,Rain,True,23.2,False,False,1.0,Severe,9.3,72.6,513.4,0.185,0.426,0.896,Heavy rain reducing visibility and grip - reduced speed and longer buffer advised
EVT418529,2026-01-25 14:26:33,Concert,J030,MG Road,14534,Weekend,False,Clear,False,0.0,False,False,0.306,Low,34.3,29.9,173.7,0.16,0.37,0.964,Moderate traffic flow - standard adaptive signal timing in effect
EVT418530,2025-12-17 18:56:18,Sports Fixture,J011,Indiranagar 100ft Road,15113,Weekday,False,Clear,False,0.0,False,False,1.0,Severe,9.1,74.7,448.3,0.187,0.431,0.881,Heavy congestion detected - signal timing extended and reroute suggested
EVT418531,2025-12-25 11:53:02,Religious Festival,J030,MG Road,21472,Weekday,True,Fog,False,0.0,False,False,0.516,Moderate,28.8,36.2,287.4,0.237,0.546,0.914,Festival crowd surge detected - alternate route and extended cycle recommended
EVT418532,2025-08-19 19:48:29,Concert,J031,Cubbon Road,19016,Weekday,False,Clear,False,0.0,False,False,0.848,Severe,16.5,59.4,292.4,0.172,0.396,0.96,Heavy congestion detected - signal timing extended and reroute suggested
EVT418533,2026-02-26 13:11:11,Sports Fixture,J031,Cubbon Road,26163,Weekday,False,Clear,False,0.0,False,False,0.224,Low,21.0,18.2,195.0,0.12,0.278,0.967,Normal free-flow traffic - standard signal timing maintained
EVT418534,2025-06-21 07:28:17,Concert,J040,City Market,15282,Weekend,False,Clear,False,0.0,False,False,0.613,High,19.1,45.5,264.4,0.184,0.425,0.953,Moderate traffic flow - standard adaptive signal timing in effect
EVT418535,2025-02-24 22:26:31,Political Rally,J012,Koramangala Sony World,11242,Weekday,False,Clear,False,0.0,False,False,0.279,Low,23.8,22.6,306.0,0.206,0.476,0.975,Moderate traffic flow - standard adaptive signal timing in effect
EVT418536,2026-06-01 23:35:50,Concert,J030,MG Road,9511,Weekday,False,Rain,True,14.5,False,False,0.416,Moderate,31.3,29.6,177.6,0.151,0.35,0.912,Light rain detected - minor speed reduction advised
EVT418537,2025-10-27 19:45:22,Local Market Day,J011,Indiranagar 100ft Road,5415,Weekday,False,Rain,True,9.9,False,False,0.955,Severe,10.6,64.2,425.4,0.174,0.402,0.862,Heavy rain reducing visibility and grip - reduced speed and longer buffer advised
EVT418538,2025-05-01 20:54:47,Religious Festival,J040,City Market,28947,Weekday,True,Rain,True,20.5,False,False,1.0,Severe,8.7,74.5,648.9,0.24,0.554,0.832,Festival crowd surge detected - alternate route and extended cycle recommended
EVT418539,2025-11-12 16:05:23,Concert,J009,Majestic,17199,Weekday,False,Fog,False,0.0,False,False,0.492,Moderate,27.6,39.1,209.5,0.145,0.335,0.981,Moderate traffic flow - standard adaptive signal timing in effect
EVT418540,2025-08-14 13:02:23,Concert,J040,City Market,7729,Weekday,False,Clear,False,0.0,False,False,0.295,Low,26.0,22.4,135.8,0.102,0.235,0.974,Moderate traffic flow - standard adaptive signal timing in effect
EVT418541,2025-03-14 08:24:30,Fireworks Display,J020,Malleshwaram Circle,26826,Weekday,True,Clear,False,0.0,False,False,1.0,Severe,7.0,71.6,691.5,0.202,0.467,0.885,Festival crowd surge detected - alternate route and extended cycle recommended
EVT418542,2025-01-13 11:15:26,Local Market Day,J040,City Market,4120,Weekday,False,Clear,False,0.0,False,False,0.421,Moderate,27.7,24.9,150.0,0.108,0.249,0.962,Moderate traffic flow - standard adaptive signal timing in effect
EVT418543,2026-05-25 17:28:29,Concert,J030,MG Road,10680,Weekday,False,Clear,False,0.0,False,False,0.849,Severe,13.2,62.2,276.3,0.136,0.314,0.923,Heavy congestion detected - signal timing extended and reroute suggested
EVT418544,2025-03-31 10:50:17,Religious Festival,J011,Indiranagar 100ft Road,46292,Weekday,True,Clear,False,0.0,False,True,1.0,Severe,7.7,98.2,370.1,0.133,0.308,0.831,Road closure for event/procession - full detour recommended for through-traffic
EVT418545,2025-08-21 10:10:19,Concert,J020,Malleshwaram Circle,9737,Weekday,False,Clear,False,0.0,False,False,0.801,Severe,15.9,52.4,369.0,0.184,0.425,0.949,Heavy congestion detected - signal timing extended and reroute suggested
EVT418546,2026-04-29 19:45:00,Sports Fixture,J031,Cubbon Road,23863,Weekday,False,Clear,False,0.0,False,False,0.867,Severe,13.8,59.2,175.4,0.108,0.249,0.957,Heavy congestion detected - signal timing extended and reroute suggested
EVT418547,2026-04-29 15:13:57,Local Market Day,J009,Majestic,7149,Weekday,False,Clear,False,0.0,False,False,0.277,Low,34.8,17.6,82.7,0.072,0.166,0.959,Moderate traffic flow - standard adaptive signal timing in effect
EVT418548,2026-02-13 05:10:42,Political Rally,J012,Koramangala Sony World,14189,Weekday,False,Clear,False,0.0,False,False,0.214,Low,31.9,15.5,119.0,0.107,0.247,0.969,Normal free-flow traffic - standard signal timing maintained
EVT418549,2026-06-02 07:49:38,Concert,J020,Malleshwaram Circle,9576,Weekday,False,Clear,False,0.0,False,False,0.753,Severe,16.5,51.0,371.0,0.238,0.55,0.99,Heavy congestion detected - signal timing extended and reroute suggested
EVT418550,2026-05-15 08:26:22,Local Market Day,J031,Cubbon Road,2868,Weekday,False,Clear,False,0.0,False,False,0.887,Severe,11.8,59.9,596.8,0.265,0.613,0.951,Heavy congestion detected - signal timing extended and reroute suggested
EVT418551,2026-05-03 18:39:53,Trade Fair,J031,Cubbon Road,8924,Weekend,False,Clear,False,0.0,False,False,0.894,Severe,13.3,60.9,247.8,0.131,0.304,0.927,Heavy congestion detected - signal timing extended and reroute suggested
EVT418552,2025-09-16 17:15:20,Sports Fixture,J031,Cubbon Road,41461,Weekday,False,Heavy Rain,True,42.7,False,False,1.0,Severe,8.5,73.6,285.4,0.11,0.253,0.885,Heavy rain reducing visibility and grip - reduced speed and longer buffer advised
EVT418553,2026-02-06 09:25:54,Local Market Day,J040,City Market,3832,Weekday,False,Clear,False,0.0,False,False,1.0,Severe,8.5,69.7,409.6,0.134,0.309,0.907,Heavy congestion detected - signal timing extended and reroute suggested
EVT418554,2025-03-11 04:42:18,Local Market Day,J030,MG Road,5449,Weekday,False,Clear,False,0.0,False,False,0.077,Low,33.8,3.4,70.8,0.084,0.195,0.99,Normal free-flow traffic - standard signal timing maintained
EVT418555,2026-02-16 07:33:56,Local Market Day,J030,MG Road,2942,Weekday,False,Clear,False,0.0,False,False,0.643,High,21.4,46.0,152.0,0.114,0.263,0.965,Moderate traffic flow - standard adaptive signal timing in effect
EVT418556,2025-09-22 06:32:38,Sports Fixture,J040,City Market,17996,Weekday,False,Heavy Rain,True,71.9,False,False,0.776,Severe,16.5,54.1,287.5,0.151,0.35,0.922,Heavy rain reducing visibility and grip - reduced speed and longer buffer advised
EVT418557,2025-04-07 18:56:12,Cultural Procession,J023,Basavanagudi,16440,Weekday,True,Clear,False,0.0,False,True,1.0,Severe,10.8,103.0,580.7,0.269,0.621,0.832,Road closure for event/procession - full detour recommended for through-traffic
EVT418558,2026-05-01 17:32:49,Fireworks Display,J009,Majestic,23207,Weekday,True,Clear,False,0.0,False,False,1.0,Severe,8.2,67.5,463.3,0.176,0.406,0.871,Festival crowd surge detected - alternate route and extended cycle recommended
EVT418559,2025-02-24 20:57:46,Trade Fair,J011,Indiranagar 100ft Road,12961,Weekday,False,Clear,False,0.0,False,False,0.578,High,21.8,42.4,314.3,0.228,0.527,0.99,Moderate traffic flow - standard adaptive signal timing in effect
EVT418560,2025-05-04 17:14:45,Trade Fair,J023,Basavanagudi,5456,Weekend,False,Rain,True,16.3,False,False,0.848,Severe,14.2,57.2,226.7,0.114,0.263,0.883,Heavy rain reducing visibility and grip - reduced speed and longer buffer advised
EVT418561,2026-03-26 10:52:44,Religious Festival,J009,Majestic,56582,Weekday,True,Clear,False,0.0,False,False,0.93,Severe,10.3,67.7,677.7,0.264,0.61,0.876,Festival crowd surge detected - alternate route and extended cycle recommended
EVT418562,2026-03-07 08:39:10,Trade Fair,J011,Indiranagar 100ft Road,6449,Weekend,False,Clear,False,0.0,False,False,0.867,Severe,11.4,61.9,386.7,0.17,0.392,0.944,Heavy congestion detected - signal timing extended and reroute suggested
EVT418563,2025-05-06 06:00:25,Trade Fair,J023,Basavanagudi,8746,Weekday,False,Clear,False,0.0,False,False,0.303,Low,30.1,23.9,172.2,0.137,0.316,0.969,Moderate traffic flow - standard adaptive signal timing in effect
EVT418564,2025-08-21 07:39:50,Trade Fair,J031,Cubbon Road,5564,Weekday,False,Clear,False,0.0,False,False,0.702,High,16.5,51.1,289.2,0.148,0.341,0.976,Moderate traffic flow - standard adaptive signal timing in effect
EVT418565,2025-09-26 08:50:31,Sports Fixture,J011,Indiranagar 100ft Road,36428,Weekday,False,Clear,False,0.0,False,False,1.0,Severe,8.8,64.0,481.3,0.173,0.4,0.914,Heavy congestion detected - signal timing extended and reroute suggested
EVT418566,2025-05-07 09:04:39,Trade Fair,J040,City Market,4163,Weekday,False,Light Rain,True,3.6,True,False,1.0,Severe,9.4,67.9,455.5,0.186,0.429,0.705,Accident detected nearby - reroute and reduced speed advised
EVT418567,2025-06-20 17:32:32,Local Market Day,J020,Malleshwaram Circle,3695,Weekday,False,Rain,True,23.8,False,False,1.0,Severe,8.7,68.5,512.7,0.17,0.393,0.859,Heavy rain reducing visibility and grip - reduced speed and longer buffer advised
EVT418568,2025-08-09 18:21:54,Sports Fixture,J030,MG Road,29360,Weekend,False,Light Rain,True,6.8,False,False,1.0,Severe,7.7,66.5,582.3,0.186,0.429,0.878,Heavy rain reducing visibility and grip - reduced speed and longer buffer advised
EVT418569,2025-10-22 09:19:33,Cultural Procession,J040,City Market,20952,Weekday,True,Light Rain,True,1.9,False,True,1.0,Severe,6.8,101.8,1108.8,0.314,0.725,0.771,Road closure for event/procession - full detour recommended for through-traffic
EVT418570,2025-08-10 21:51:17,Concert,J040,City Market,13061,Weekend,False,Heavy Rain,True,47.8,False,False,0.754,Severe,15.9,54.9,459.7,0.259,0.599,0.896,Heavy rain reducing visibility and grip - reduced speed and longer buffer advised
EVT418571,2025-06-15 07:29:02,Local Market Day,J012,Koramangala Sony World,2701,Weekend,False,Rain,True,14.3,False,False,0.73,High,12.0,47.2,259.1,0.124,0.286,0.896,Heavy rain reducing visibility and grip - reduced speed and longer buffer advised
EVT418572,2025-11-20 21:15:11,Local Market Day,J009,Majestic,5758,Weekday,False,Clear,False,0.0,False,False,0.468,Moderate,24.6,33.1,216.5,0.178,0.412,0.956,Moderate traffic flow - standard adaptive signal timing in effect
EVT418573,2026-06-26 18:13:37,Concert,J012,Koramangala Sony World,9134,Weekday,False,Clear,False,0.0,False,False,1.0,Severe,9.3,74.5,452.2,0.193,0.446,0.922,Heavy congestion detected - signal timing extended and reroute suggested
EVT418574,2025-06-20 07:23:13,Political Rally,J023,Basavanagudi,12810,Weekday,False,Rain,True,18.1,False,False,0.831,Severe,13.2,56.6,363.3,0.194,0.448,0.899,Heavy rain reducing visibility and grip - reduced speed and longer buffer advised
EVT418575,2026-04-30 07:03:47,Political Rally,J023,Basavanagudi,14273,Weekday,False,Light Rain,True,1.8,False,False,0.669,High,17.3,47.0,186.4,0.097,0.223,0.919,Heavy rain reducing visibility and grip - reduced speed and longer buffer advised
EVT418576,2026-06-08 06:05:56,Local Market Day,J020,Malleshwaram Circle,4140,Weekday,False,Heavy Rain,True,56.0,False,False,0.571,High,22.8,35.6,203.4,0.134,0.31,0.919,Heavy rain reducing visibility and grip - reduced speed and longer buffer advised
EVT418577,2025-07-27 19:39:46,Local Market Day,J023,Basavanagudi,5592,Weekend,False,Clear,False,0.0,False,False,0.707,High,16.0,53.0,269.4,0.152,0.352,0.964,Moderate traffic flow - standard adaptive signal timing in effect
EVT418578,2025-06-22 19:14:34,Local Market Day,J012,Koramangala Sony World,7782,Weekend,False,Fog,False,0.0,False,False,0.763,Severe,18.5,54.4,193.9,0.139,0.32,0.961,Heavy congestion detected - signal timing extended and reroute suggested
EVT418579,2026-02-03 12:40:04,Local Market Day,J040,City Market,4454,Weekday,False,Clear,False,0.0,False,False,0.257,Low,31.8,15.5,145.1,0.108,0.25,0.956,Moderate traffic flow - standard adaptive signal timing in effect
EVT418580,2026-02-21 05:44:00,Local Market Day,J009,Majestic,3103,Weekend,False,Clear,False,0.0,False,False,0.258,Low,33.3,17.5,84.2,0.078,0.18,0.982,Moderate traffic flow - standard adaptive signal timing in effect
EVT418581,2025-03-22 06:11:30,Concert,J030,MG Road,16135,Weekend,False,Clear,False,0.0,False,False,0.282,Low,40.4,17.0,127.9,0.137,0.316,0.96,Moderate traffic flow - standard adaptive signal timing in effect
EVT418582,2025-05-27 15:30:08,Sports Fixture,J011,Indiranagar 100ft Road,15747,Weekday,False,Clear,False,0.0,False,False,0.404,Moderate,31.8,22.7,99.6,0.094,0.218,0.977,Moderate traffic flow - standard adaptive signal timing in effect
EVT418583,2025-01-22 16:04:03,Sports Fixture,J030,MG Road,37832,Weekday,False,Clear,False,0.0,False,False,0.621,High,19.5,39.7,217.2,0.144,0.332,0.929,Moderate traffic flow - standard adaptive signal timing in effect
EVT418584,2025-01-31 15:46:20,Political Rally,J020,Malleshwaram Circle,14973,Weekday,False,Clear,False,0.0,False,False,0.509,Moderate,23.8,36.2,289.6,0.217,0.5,0.982,Moderate traffic flow - standard adaptive signal timing in effect
EVT418585,2025-08-02 12:35:01,Local Market Day,J031,Cubbon Road,3963,Weekend,False,Clear,False,0.0,False,False,0.238,Low,34.5,14.8,124.0,0.111,0.257,0.959,Normal free-flow traffic - standard signal timing maintained
EVT418586,2025-05-16 20:41:50,Sports Fixture,J023,Basavanagudi,11150,Weekday,False,Clear,False,0.0,False,False,0.558,High,27.6,38.8,223.1,0.171,0.395,0.951,Moderate traffic flow - standard adaptive signal timing in effect
EVT418587,2025-07-21 15:03:58,Sports Fixture,J012,Koramangala Sony World,32541,Weekday,False,Rain,True,24.6,False,False,0.572,High,19.2,42.7,249.7,0.144,0.332,0.92,Heavy rain reducing visibility and grip - reduced speed and longer buffer advised
EVT418588,2025-06-23 11:24:19,Sports Fixture,J009,Majestic,40479,Weekday,False,Clear,False,0.0,False,False,0.566,High,22.1,41.0,245.1,0.155,0.358,0.984,Moderate traffic flow - standard adaptive signal timing in effect
EVT418589,2025-02-25 08:09:19,Sports Fixture,J009,Majestic,24048,Weekday,False,Clear,False,0.0,False,False,0.953,Severe,9.1,74.8,674.3,0.225,0.52,0.928,Heavy congestion detected - signal timing extended and reroute suggested
EVT418590,2025-12-14 15:38:34,Trade Fair,J020,Malleshwaram Circle,8819,Weekend,False,Clear,False,0.0,False,False,0.324,Low,32.4,23.5,179.4,0.154,0.357,0.966,Moderate traffic flow - standard adaptive signal timing in effect
EVT418591,2025-05-16 21:50:28,Concert,J011,Indiranagar 100ft Road,14109,Weekday,False,Clear,False,0.0,False,False,0.264,Low,31.6,15.8,72.9,0.06,0.138,0.935,Moderate traffic flow - standard adaptive signal timing in effect
EVT418592,2025-11-20 14:40:23,Trade Fair,J009,Majestic,5445,Weekday,False,Clear,False,0.0,False,False,0.099,Low,34.1,5.8,123.4,0.102,0.236,0.979,Normal free-flow traffic - standard signal timing maintained
EVT418593,2025-12-07 08:07:38,Concert,J040,City Market,22765,Weekend,False,Clear,False,0.0,False,False,0.875,Severe,12.7,62.9,208.2,0.083,0.192,0.932,Heavy congestion detected - signal timing extended and reroute suggested
EVT418594,2025-03-25 18:43:39,Concert,J031,Cubbon Road,9502,Weekday,False,Clear,False,0.0,False,False,0.973,Severe,9.7,68.9,389.1,0.153,0.353,0.938,Heavy congestion detected - signal timing extended and reroute suggested
EVT418595,2026-01-08 15:00:06,Sports Fixture,J030,MG Road,30513,Weekday,False,Clear,False,0.0,False,False,0.375,Moderate,31.7,23.4,164.9,0.131,0.303,0.971,Moderate traffic flow - standard adaptive signal timing in effect
EVT418596,2025-08-02 21:51:05,Trade Fair,J030,MG Road,8615,Weekend,False,Heavy Rain,True,33.1,False,False,0.785,Severe,15.5,56.7,386.2,0.204,0.47,0.898,Heavy rain reducing visibility and grip - reduced speed and longer buffer advised
EVT418597,2026-02-04 17:22:19,Trade Fair,J020,Malleshwaram Circle,13415,Weekday,False,Clear,False,0.0,False,False,0.888,Severe,12.8,61.5,436.9,0.208,0.481,0.948,Heavy congestion detected - signal timing extended and reroute suggested
EVT418598,2025-11-08 14:54:00,Sports Fixture,J020,Malleshwaram Circle,25074,Weekend,False,Clear,False,0.0,False,False,0.359,Moderate,29.2,26.4,63.1,0.043,0.099,0.973,Moderate traffic flow - standard adaptive signal timing in effect
EVT418599,2025-02-23 22:13:58,Trade Fair,J012,Koramangala Sony World,15910,Weekend,False,Clear,False,0.0,True,False,0.691,High,18.7,45.9,253.7,0.144,0.332,0.83,Accident detected nearby - reroute and reduced speed advised
EVT418600,2025-05-30 16:19:51,Local Market Day,J040,City Market,5418,Weekday,False,Clear,False,0.0,False,False,0.587,High,25.1,39.3,145.5,0.109,0.251,0.968,Moderate traffic flow - standard adaptive signal timing in effect
EVT418601,2025-10-20 18:32:19,Fireworks Display,J031,Cubbon Road,19645,Weekday,True,Fog,False,0.0,False,False,1.0,Severe,8.1,71.0,715.1,0.242,0.56,0.875,Festival crowd surge detected - alternate route and extended cycle recommended
EVT418602,2025-05-16 10:14:56,Local Market Day,J020,Malleshwaram Circle,3325,Weekday,False,Fog,False,0.0,False,False,0.71,High,19.4,46.4,248.4,0.156,0.359,0.963,Moderate traffic flow - standard adaptive signal timing in effect
EVT418603,2025-06-24 18:42:30,Concert,J020,Malleshwaram Circle,20632,Weekday,False,Light Rain,True,6.1,False,False,1.0,Severe,9.8,75.9,221.4,0.101,0.234,0.871,Heavy rain reducing visibility and grip - reduced speed and longer buffer advised
EVT418604,2025-07-29 08:26:16,Concert,J009,Majestic,21167,Weekday,False,Rain,True,11.5,False,False,1.0,Severe,9.5,71.5,609.0,0.241,0.557,0.842,Heavy rain reducing visibility and grip - reduced speed and longer buffer advised
EVT418605,2025-01-13 19:03:42,Political Rally,J040,City Market,16828,Weekday,False,Clear,False,0.0,False,False,1.0,Severe,6.4,77.4,961.9,0.26,0.601,0.918,Heavy congestion detected - signal timing extended and reroute suggested
EVT418606,2026-02-15 20:57:44,Local Market Day,J011,Indiranagar 100ft Road,7370,Weekend,False,Clear,False,0.0,False,False,0.466,Moderate,21.1,28.2,181.6,0.104,0.239,0.967,Moderate traffic flow - standard adaptive signal timing in effect
EVT418607,2025-12-24 07:06:14,Local Market Day,J031,Cubbon Road,5445,Weekday,False,Clear,False,0.0,False,False,0.472,Moderate,25.7,37.1,138.8,0.088,0.204,0.959,Moderate traffic flow - standard adaptive signal timing in effect
EVT418608,2025-05-02 08:42:08,Religious Festival,J030,MG Road,111319,Weekday,True,Heavy Rain,True,39.1,False,True,1.0,Severe,8.4,102.7,440.6,0.181,0.418,0.791,Road closure for event/procession - full detour recommended for through-traffic
EVT418609,2025-10-22 18:59:05,Religious Festival,J023,Basavanagudi,31732,Weekday,True,Rain,True,19.9,False,False,1.0,Severe,8.6,69.7,611.7,0.249,0.576,0.823,Festival crowd surge detected - alternate route and extended cycle recommended
EVT418610,2026-05-07 14:40:27,Concert,J020,Malleshwaram Circle,9480,Weekday,False,Clear,False,0.0,False,False,0.26,Low,25.2,24.6,184.2,0.116,0.268,0.952,Moderate traffic flow - standard adaptive signal timing in effect
EVT418611,2025-02-26 15:00:58,Political Rally,J023,Basavanagudi,16831,Weekday,False,Clear,False,0.0,False,False,0.32,Low,22.3,28.6,224.3,0.136,0.314,0.949,Moderate traffic flow - standard adaptive signal timing in effect
EVT418612,2025-05-11 21:17:13,Local Market Day,J009,Majestic,3189,Weekend,False,Clear,False,0.0,False,False,0.428,Moderate,28.6,25.0,181.7,0.162,0.373,0.969,Moderate traffic flow - standard adaptive signal timing in effect
EVT418613,2026-06-06 11:27:38,Concert,J023,Basavanagudi,10214,Weekend,False,Clear,False,0.0,False,False,0.469,Moderate,24.6,35.2,254.5,0.192,0.444,0.964,Moderate traffic flow - standard adaptive signal timing in effect
EVT418614,2025-11-06 21:08:31,Political Rally,J020,Malleshwaram Circle,10135,Weekday,False,Clear,False,0.0,False,False,0.377,Moderate,29.9,23.2,195.5,0.186,0.429,0.99,Moderate traffic flow - standard adaptive signal timing in effect
EVT418615,2025-10-28 16:29:28,Concert,J020,Malleshwaram Circle,7453,Weekday,False,Heavy Rain,True,30.6,False,False,0.853,Severe,13.1,63.9,423.4,0.197,0.455,0.889,Heavy rain reducing visibility and grip - reduced speed and longer buffer advised
EVT418616,2025-10-01 23:48:12,Trade Fair,J020,Malleshwaram Circle,23524,Weekday,False,Clear,False,0.0,False,False,0.277,Low,31.4,19.2,128.4,0.106,0.245,0.963,Moderate traffic flow - standard adaptive signal timing in effect
EVT418617,2026-04-12 08:36:23,Concert,J012,Koramangala Sony World,18177,Weekend,False,Clear,False,0.0,False,False,0.945,Severe,9.4,71.6,657.9,0.251,0.58,0.883,Heavy congestion detected - signal timing extended and reroute suggested
EVT418618,2025-09-23 21:00:21,Local Market Day,J009,Majestic,2808,Weekday,False,Clear,False,0.0,False,False,0.444,Moderate,30.6,30.9,180.4,0.14,0.324,0.961,Moderate traffic flow - standard adaptive signal timing in effect
EVT418619,2025-08-10 17:27:10,Concert,J011,Indiranagar 100ft Road,7725,Weekend,False,Clear,False,0.0,False,False,0.72,High,18.6,57.7,217.0,0.123,0.284,0.986,Moderate traffic flow - standard adaptive signal timing in effect
EVT418620,2026-06-04 13:51:08,Trade Fair,J023,Basavanagudi,6371,Weekday,False,Clear,False,0.0,False,False,0.17,Low,28.9,9.7,107.4,0.075,0.173,0.946,Normal free-flow traffic - standard signal timing maintained
EVT418621,2026-03-01 06:45:28,Political Rally,J009,Majestic,23351,Weekend,False,Fog,False,0.0,False,False,0.446,Moderate,27.5,31.6,187.4,0.137,0.316,0.966,Moderate traffic flow - standard adaptive signal timing in effect
EVT418622,2025-01-16 06:40:53,Sports Fixture,J023,Basavanagudi,33836,Weekday,False,Clear,False,0.0,False,False,0.533,Moderate,21.0,27.8,80.3,0.043,0.099,0.978,Moderate traffic flow - standard adaptive signal timing in effect
EVT418623,2025-10-12 11:00:15,Concert,J040,City Market,13911,Weekend,False,Heavy Rain,True,50.5,False,False,0.818,Severe,9.7,59.5,546.4,0.194,0.447,0.906,Heavy rain reducing visibility and grip - reduced speed and longer buffer advised
EVT418624,2025-06-01 18:12:47,Local Market Day,J023,Basavanagudi,4277,Weekend,False,Clear,False,0.0,False,False,0.956,Severe,9.9,64.1,405.4,0.163,0.378,0.958,Heavy congestion detected - signal timing extended and reroute suggested
EVT418625,2025-10-29 18:58:17,Trade Fair,J009,Majestic,6937,Weekday,False,Clear,False,0.0,False,False,1.0,Severe,9.0,75.6,421.7,0.171,0.396,0.926,Heavy congestion detected - signal timing extended and reroute suggested
EVT418626,2026-05-16 12:37:26,Local Market Day,J030,MG Road,4113,Weekend,False,Clear,False,0.0,False,False,0.21,Low,35.8,20.0,171.8,0.139,0.32,0.972,Normal free-flow traffic - standard signal timing maintained
EVT418627,2026-06-05 18:58:41,Trade Fair,J023,Basavanagudi,9713,Weekday,False,Rain,True,17.7,False,False,1.0,Severe,7.4,69.2,315.2,0.103,0.238,0.863,Heavy rain reducing visibility and grip - reduced speed and longer buffer advised
EVT418628,2025-03-28 11:58:01,Sports Fixture,J011,Indiranagar 100ft Road,29321,Weekday,False,Clear,False,0.0,False,False,0.429,Moderate,26.8,32.3,166.0,0.127,0.292,0.972,Moderate traffic flow - standard adaptive signal timing in effect
EVT418629,2025-05-17 18:49:40,Concert,J030,MG Road,11579,Weekend,False,Clear,False,0.0,False,False,0.868,Severe,11.9,56.0,305.0,0.146,0.337,0.961,Heavy congestion detected - signal timing extended and reroute suggested
EVT418630,2025-01-31 08:25:27,Local Market Day,J020,Malleshwaram Circle,4948,Weekday,False,Clear,False,0.0,False,False,1.0,Severe,9.4,80.5,782.2,0.28,0.647,0.925,Heavy congestion detected - signal timing extended and reroute suggested
EVT418631,2026-03-19 18:05:26,Religious Festival,J012,Koramangala Sony World,43009,Weekday,True,Clear,False,0.0,False,False,1.0,Severe,8.6,71.1,346.8,0.129,0.297,0.882,Festival crowd surge detected - alternate route and extended cycle recommended
EVT418632,2025-11-19 07:26:16,Sports Fixture,J020,Malleshwaram Circle,15461,Weekday,False,Clear,False,0.0,False,False,0.735,High,18.4,48.2,102.8,0.072,0.167,0.954,Moderate traffic flow - standard adaptive signal timing in effect
EVT418633,2026-04-19 21:56:40,Concert,J009,Majestic,21992,Weekend,False,Clear,False,0.0,False,False,0.404,Moderate,28.9,28.2,208.9,0.164,0.379,0.953,Moderate traffic flow - standard adaptive signal timing in effect
EVT418634,2026-04-14 17:33:37,Religious Festival,J023,Basavanagudi,65792,Weekday,True,Clear,False,0.0,False,True,1.0,Severe,8.0,108.5,412.9,0.151,0.349,0.834,Road closure for event/procession - full detour recommended for through-traffic
EVT418635,2025-09-25 18:11:17,Local Market Day,J023,Basavanagudi,3613,Weekday,False,Clear,False,0.0,False,False,1.0,Severe,9.1,66.4,439.8,0.164,0.379,0.92,Heavy congestion detected - signal timing extended and reroute suggested
EVT418636,2025-03-03 08:04:39,Local Market Day,J020,Malleshwaram Circle,2928,Weekday,False,Clear,False,0.0,False,False,0.8,Severe,18.7,62.2,324.3,0.217,0.501,0.957,Heavy congestion detected - signal timing extended and reroute suggested
EVT418637,2025-07-09 08:06:54,Sports Fixture,J040,City Market,14200,Weekday,False,Clear,False,0.0,False,False,0.881,Severe,10.5,54.2,347.4,0.115,0.266,0.939,Heavy congestion detected - signal timing extended and reroute suggested
EVT418638,2026-05-27 09:45:02,Trade Fair,J040,City Market,6400,Weekday,False,Rain,True,8.7,False,False,1.0,Severe,6.9,72.6,550.0,0.173,0.399,0.857,Heavy rain reducing visibility and grip - reduced speed and longer buffer advised
EVT418639,2025-12-06 16:58:56,Trade Fair,J020,Malleshwaram Circle,8019,Weekend,False,Clear,False,0.0,False,False,0.666,High,19.7,41.8,175.3,0.119,0.274,0.949,Moderate traffic flow - standard adaptive signal timing in effect
EVT418640,2025-03-29 17:12:14,Political Rally,J011,Indiranagar 100ft Road,21625,Weekend,False,Clear,False,0.0,False,False,0.808,Severe,15.2,55.5,341.3,0.178,0.412,0.935,Heavy congestion detected - signal timing extended and reroute suggested
EVT418641,2026-02-28 19:57:39,Local Market Day,J023,Basavanagudi,3952,Weekend,False,Clear,False,0.0,False,False,0.671,High,24.8,47.5,135.5,0.091,0.21,0.96,Moderate traffic flow - standard adaptive signal timing in effect
EVT418642,2026-01-02 16:18:39,Fireworks Display,J009,Majestic,17090,Weekday,True,Light Rain,True,1.4,True,False,1.0,Severe,9.9,77.2,512.3,0.214,0.495,0.651,Accident detected nearby - reroute and reduced speed advised
EVT418643,2025-02-15 21:26:10,Local Market Day,J030,MG Road,3479,Weekend,False,Clear,False,0.0,False,False,0.332,Low,32.7,18.7,164.9,0.14,0.323,0.966,Moderate traffic flow - standard adaptive signal timing in effect
EVT418644,2026-01-16 06:31:33,Local Market Day,J030,MG Road,3489,Weekday,False,Clear,False,0.0,False,False,0.353,Moderate,26.0,18.4,114.7,0.081,0.187,0.99,Moderate traffic flow - standard adaptive signal timing in effect
EVT418645,2025-09-11 05:11:13,Local Market Day,J012,Koramangala Sony World,5296,Weekday,False,Clear,False,0.0,False,False,0.188,Low,31.5,15.1,151.6,0.136,0.314,0.958,Normal free-flow traffic - standard signal timing maintained
EVT418646,2026-04-30 19:44:36,Political Rally,J040,City Market,13423,Weekday,False,Clear,False,0.0,False,False,0.892,Severe,10.0,60.0,495.9,0.215,0.498,0.929,Heavy congestion detected - signal timing extended and reroute suggested
EVT418647,2025-10-10 16:36:27,Local Market Day,J011,Indiranagar 100ft Road,5852,Weekday,False,Rain,True,23.7,False,False,0.882,Severe,14.0,65.9,289.7,0.134,0.311,0.886,Heavy rain reducing visibility and grip - reduced speed and longer buffer advised
EVT418648,2025-09-10 14:34:52,Local Market Day,J031,Cubbon Road,6838,Weekday,False,Clear,False,0.0,False,False,0.282,Low,33.2,21.6,179.4,0.17,0.392,0.96,Moderate traffic flow - standard adaptive signal timing in effect
EVT418649,2025-11-25 09:33:50,Trade Fair,J040,City Market,11368,Weekday,False,Clear,False,0.0,False,False,1.0,Severe,9.7,75.3,515.5,0.197,0.456,0.928,Heavy congestion detected - signal timing extended and reroute suggested
EVT418650,2025-04-30 17:48:58,Sports Fixture,J012,Koramangala Sony World,21061,Weekday,False,Clear,False,0.0,False,False,1.0,Severe,9.2,77.9,369.3,0.14,0.325,0.926,Heavy congestion detected - signal timing extended and reroute suggested
EVT418651,2025-09-12 17:27:57,Trade Fair,J011,Indiranagar 100ft Road,11316,Weekday,False,Rain,True,22.0,False,False,1.0,Severe,9.2,65.9,174.1,0.064,0.148,0.865,Heavy rain reducing visibility and grip - reduced speed and longer buffer advised
EVT418652,2025-11-04 15:00:42,Political Rally,J009,Majestic,14990,Weekday,False,Rain,True,11.6,False,False,0.414,Moderate,29.5,29.2,206.6,0.179,0.413,0.899,Light rain detected - minor speed reduction advised
EVT418653,2026-01-22 18:26:19,Trade Fair,J012,Koramangala Sony World,8409,Weekday,False,Clear,False,0.0,False,False,1.0,Severe,8.8,73.8,560.5,0.208,0.481,0.927,Heavy congestion detected - signal timing extended and reroute suggested
EVT418654,2025-02-10 06:51:55,Sports Fixture,J030,MG Road,33423,Weekday,False,Clear,False,0.0,False,False,0.579,High,21.6,39.1,257.7,0.177,0.408,0.946,Moderate traffic flow - standard adaptive signal timing in effect
EVT418655,2025-05-28 15:06:34,Concert,J031,Cubbon Road,8585,Weekday,False,Clear,False,0.0,False,False,0.261,Low,33.9,24.6,161.2,0.156,0.361,0.963,Moderate traffic flow - standard adaptive signal timing in effect
EVT418656,2025-05-09 06:05:55,Local Market Day,J009,Majestic,2802,Weekday,False,Clear,False,0.0,False,False,0.266,Low,35.7,16.3,178.1,0.152,0.35,0.944,Moderate traffic flow - standard adaptive signal timing in effect
EVT418657,2025-03-15 21:41:14,Religious Festival,J020,Malleshwaram Circle,65336,Weekend,True,Clear,False,0.0,False,False,0.957,Severe,9.5,72.3,509.4,0.186,0.43,0.858,Festival crowd surge detected - alternate route and extended cycle recommended
EVT418658,2025-12-21 19:12:32,Political Rally,J012,Koramangala Sony World,6684,Weekend,False,Clear,False,0.0,False,False,0.829,Severe,17.9,54.1,241.0,0.136,0.315,0.946,Heavy congestion detected - signal timing extended and reroute suggested
EVT418659,2025-01-07 09:49:00,Local Market Day,J040,City Market,4602,Weekday,False,Clear,False,0.0,False,False,0.788,Severe,14.9,58.2,468.3,0.241,0.557,0.952,Heavy congestion detected - signal timing extended and reroute suggested
EVT418660,2026-01-07 10:29:25,Trade Fair,J012,Koramangala Sony World,10752,Weekday,False,Clear,False,0.0,False,False,0.645,High,19.5,43.4,200.2,0.139,0.322,0.954,Moderate traffic flow - standard adaptive signal timing in effect
EVT418661,2026-01-29 13:36:40,Concert,J030,MG Road,11042,Weekday,False,Light Rain,True,7.1,False,False,0.331,Low,32.4,30.2,171.0,0.151,0.349,0.924,Light rain detected - minor speed reduction advised
EVT418662,2025-02-21 16:59:39,Political Rally,J023,Basavanagudi,12853,Weekday,False,Clear,False,0.0,False,False,0.697,High,14.3,49.4,288.2,0.139,0.321,0.968,Moderate traffic flow - standard adaptive signal timing in effect
EVT418663,2025-03-12 06:12:19,Concert,J011,Indiranagar 100ft Road,12260,Weekday,False,Clear,False,0.0,False,False,0.292,Low,35.2,17.2,160.3,0.146,0.336,0.974,Moderate traffic flow - standard adaptive signal timing in effect
EVT418664,2025-10-30 17:16:50,Local Market Day,J009,Majestic,3184,Weekday,False,Clear,False,0.0,False,False,0.807,Severe,17.0,61.7,409.0,0.234,0.54,0.962,Heavy congestion detected - signal timing extended and reroute suggested
EVT418665,2025-05-15 10:21:12,Sports Fixture,J030,MG Road,25134,Weekday,False,Clear,False,0.0,False,False,0.812,Severe,14.8,61.4,349.6,0.181,0.419,0.945,Heavy congestion detected - signal timing extended and reroute suggested
EVT418666,2026-02-18 11:20:39,Local Market Day,J012,Koramangala Sony World,3020,Weekday,False,Clear,False,0.0,False,False,0.27,Low,24.3,17.2,218.2,0.142,0.327,0.978,Moderate traffic flow - standard adaptive signal timing in effect
EVT418667,2025-07-30 15:50:23,Local Market Day,J020,Malleshwaram Circle,4431,Weekday,False,Heavy Rain,True,39.3,False,False,0.672,High,22.0,50.3,149.1,0.093,0.214,0.903,Heavy rain reducing visibility and grip - reduced speed and longer buffer advised
EVT418668,2025-04-11 16:28:43,Political Rally,J030,MG Road,23287,Weekday,False,Clear,False,0.0,False,False,0.686,High,19.6,45.5,315.1,0.223,0.516,0.977,Moderate traffic flow - standard adaptive signal timing in effect
EVT418669,2026-06-22 19:53:02,Local Market Day,J011,Indiranagar 100ft Road,5542,Weekday,False,Light Rain,True,5.6,False,False,0.83,Severe,13.3,57.6,319.8,0.158,0.366,0.923,Heavy rain reducing visibility and grip - reduced speed and longer buffer advised
EVT418670,2026-04-06 06:16:37,Concert,J009,Majestic,12006,Weekday,False,Clear,False,0.0,False,False,0.32,Low,31.8,26.2,153.1,0.122,0.282,0.959,Moderate traffic flow - standard adaptive signal timing in effect
EVT418671,2025-06-08 15:07:22,Sports Fixture,J012,Koramangala Sony World,20591,Weekend,False,Clear,False,0.0,False,False,0.433,Moderate,32.8,31.8,168.1,0.158,0.365,0.976,Moderate traffic flow - standard adaptive signal timing in effect
EVT418672,2025-06-18 07:55:37,Local Market Day,J023,Basavanagudi,4386,Weekday,False,Clear,False,0.0,False,False,0.748,High,11.6,50.5,334.0,0.122,0.283,0.99,Moderate traffic flow - standard adaptive signal timing in effect
EVT418673,2026-03-30 11:40:43,Local Market Day,J031,Cubbon Road,3532,Weekday,False,Clear,False,0.0,False,False,0.309,Low,27.2,23.0,115.6,0.082,0.189,0.987,Moderate traffic flow - standard adaptive signal timing in effect
EVT418674,2025-08-17 09:49:04,Political Rally,J009,Majestic,13716,Weekend,False,Clear,False,0.0,False,False,0.804,Severe,14.2,56.7,157.9,0.077,0.178,0.956,Heavy congestion detected - signal timing extended and reroute suggested
EVT418675,2026-05-15 16:23:21,Trade Fair,J030,MG Road,7850,Weekday,False,Clear,False,0.0,False,False,0.543,Moderate,24.4,39.2,228.0,0.14,0.323,0.955,Moderate traffic flow - standard adaptive signal timing in effect
EVT418676,2026-06-05 12:33:23,Sports Fixture,J009,Majestic,21109,Weekday,False,Heavy Rain,True,32.4,False,False,0.588,High,22.5,45.7,126.9,0.099,0.228,0.919,Heavy rain reducing visibility and grip - reduced speed and longer buffer advised
EVT418677,2026-01-09 09:09:28,Trade Fair,J040,City Market,14103,Weekday,False,Clear,False,0.0,False,False,1.0,Severe,8.4,67.9,548.8,0.188,0.435,0.908,Heavy congestion detected - signal timing extended and reroute suggested
EVT418678,2025-12-24 14:27:58,Trade Fair,J020,Malleshwaram Circle,9704,Weekday,False,Clear,False,0.0,False,False,0.161,Low,29.5,10.0,142.7,0.088,0.203,0.959,Normal free-flow traffic - standard signal timing maintained
EVT418679,2025-03-26 15:36:43,Concert,J009,Majestic,14430,Weekday,False,Clear,False,0.0,False,False,0.404,Moderate,24.3,24.0,181.9,0.135,0.312,0.973,Moderate traffic flow - standard adaptive signal timing in effect
EVT418680,2026-04-06 07:47:11,Trade Fair,J012,Koramangala Sony World,13827,Weekday,False,Clear,False,0.0,False,False,0.865,Severe,15.1,63.2,341.3,0.19,0.438,0.971,Heavy congestion detected - signal timing extended and reroute suggested
EVT418681,2025-12-08 16:48:10,Local Market Day,J011,Indiranagar 100ft Road,3702,Weekday,False,Clear,False,0.0,False,False,0.652,High,18.9,42.9,239.7,0.139,0.322,0.946,Moderate traffic flow - standard adaptive signal timing in effect
EVT418682,2025-12-05 06:06:17,Political Rally,J030,MG Road,23118,Weekday,False,Clear,False,0.0,False,False,0.42,Moderate,31.9,30.0,65.6,0.036,0.083,0.95,Moderate traffic flow - standard adaptive signal timing in effect
EVT418683,2025-07-18 09:00:00,Political Rally,J020,Malleshwaram Circle,8123,Weekday,False,Heavy Rain,True,32.6,False,False,1.0,Severe,7.6,74.9,502.9,0.164,0.379,0.841,Heavy rain reducing visibility and grip - reduced speed and longer buffer advised
EVT418684,2025-06-07 17:01:11,Sports Fixture,J011,Indiranagar 100ft Road,26606,Weekend,False,Rain,True,24.0,False,False,1.0,Severe,8.4,73.9,683.9,0.241,0.556,0.877,Heavy rain reducing visibility and grip - reduced speed and longer buffer advised
EVT418685,2026-06-04 14:24:38,Local Market Day,J023,Basavanagudi,5103,Weekday,False,Heavy Rain,True,40.8,False,False,0.595,High,24.7,45.3,224.8,0.141,0.326,0.917,Heavy rain reducing visibility and grip - reduced speed and longer buffer advised
EVT418686,2026-03-09 07:13:27,Sports Fixture,J020,Malleshwaram Circle,17549,Weekday,False,Fog,False,0.0,False,False,0.633,High,18.7,35.4,200.4,0.111,0.256,0.947,Moderate traffic flow - standard adaptive signal timing in effect
EVT418687,2025-10-07 20:16:20,Trade Fair,J020,Malleshwaram Circle,9465,Weekday,False,Rain,True,15.0,False,False,0.81,Severe,15.0,56.8,523.8,0.284,0.657,0.928,Heavy rain reducing visibility and grip - reduced speed and longer buffer advised
EVT418688,2026-06-05 08:24:15,Sports Fixture,J030,MG Road,28683,Weekday,False,Clear,False,0.0,False,False,1.0,Severe,8.9,71.2,898.0,0.34,0.784,0.906,Heavy congestion detected - signal timing extended and reroute suggested
EVT418689,2026-03-11 17:41:02,Concert,J040,City Market,13287,Weekday,False,Clear,False,0.0,False,False,1.0,Severe,9.0,69.4,296.2,0.117,0.271,0.916,Heavy congestion detected - signal timing extended and reroute suggested
EVT418690,2025-07-26 17:26:46,Local Market Day,J040,City Market,3557,Weekend,False,Rain,True,22.0,False,False,0.948,Severe,9.3,65.9,360.7,0.122,0.282,0.851,Heavy rain reducing visibility and grip - reduced speed and longer buffer advised
EVT418691,2025-03-27 15:04:27,Trade Fair,J023,Basavanagudi,6789,Weekday,False,Clear,False,0.0,False,False,0.314,Low,27.5,23.9,228.0,0.168,0.389,0.986,Moderate traffic flow - standard adaptive signal timing in effect
EVT418692,2025-08-11 18:57:04,Concert,J020,Malleshwaram Circle,10558,Weekday,False,Heavy Rain,True,58.4,False,False,1.0,Severe,7.4,69.3,607.9,0.192,0.443,0.89,Heavy rain reducing visibility and grip - reduced speed and longer buffer advised
EVT418693,2025-10-16 08:44:12,Concert,J040,City Market,18862,Weekday,False,Clear,False,0.0,False,False,1.0,Severe,7.4,68.9,571.7,0.188,0.435,0.926,Heavy congestion detected - signal timing extended and reroute suggested
EVT418694,2026-05-24 19:42:40,Concert,J030,MG Road,19357,Weekend,False,Clear,False,0.0,False,False,0.742,High,14.1,54.7,434.8,0.204,0.472,0.962,Moderate traffic flow - standard adaptive signal timing in effect
EVT418695,2025-02-05 05:55:44,Trade Fair,J040,City Market,6014,Weekday,False,Clear,False,0.0,False,False,0.158,Low,43.6,16.8,139.4,0.138,0.319,0.973,Normal free-flow traffic - standard signal timing maintained
EVT418696,2026-06-10 13:00:58,Local Market Day,J012,Koramangala Sony World,3918,Weekday,False,Rain,True,11.6,False,False,0.344,Low,27.4,20.4,180.7,0.165,0.382,0.91,Light rain detected - minor speed reduction advised
EVT418697,2025-03-09 11:38:29,Concert,J030,MG Road,8810,Weekend,False,Clear,False,0.0,False,False,0.347,Low,25.8,24.7,294.0,0.197,0.456,0.962,Moderate traffic flow - standard adaptive signal timing in effect
EVT418698,2026-05-15 13:21:35,Local Market Day,J020,Malleshwaram Circle,3613,Weekday,False,Rain,True,10.3,False,False,0.331,Low,33.0,24.6,189.2,0.178,0.411,0.901,Light rain detected - minor speed reduction advised
EVT418699,2026-03-13 17:54:53,Trade Fair,J031,Cubbon Road,12847,Weekday,False,Clear,False,0.0,False,False,1.0,Severe,8.3,67.9,688.7,0.236,0.545,0.893,Heavy congestion detected - signal timing extended and reroute suggested
EVT418700,2025-04-22 19:58:52,Sports Fixture,J012,Koramangala Sony World,18957,Weekday,False,Clear,False,0.0,False,False,0.819,Severe,14.9,61.8,406.6,0.231,0.533,0.958,Heavy congestion detected - signal timing extended and reroute suggested
EVT418701,2025-09-16 14:26:46,Local Market Day,J012,Koramangala Sony World,6911,Weekday,False,Rain,True,17.2,False,False,0.359,Moderate,33.9,26.3,78.0,0.051,0.118,0.901,Light rain detected - minor speed reduction advised
EVT418702,2026-03-13 20:51:44,Local Market Day,J011,Indiranagar 100ft Road,4016,Weekday,False,Clear,False,0.0,False,False,0.453,Moderate,25.4,24.9,183.8,0.124,0.287,0.99,Moderate traffic flow - standard adaptive signal timing in effect
EVT418703,2026-06-06 09:31:38,Trade Fair,J023,Basavanagudi,12208,Weekend,False,Clear,False,0.0,False,False,0.865,Severe,14.2,57.3,404.6,0.199,0.459,0.931,Heavy congestion detected - signal timing extended and reroute suggested
EVT418704,2025-05-15 18:48:20,Concert,J012,Koramangala Sony World,8464,Weekday,False,Clear,False,0.0,False,False,1.0,Severe,9.0,73.2,507.2,0.204,0.471,0.924,Heavy congestion detected - signal timing extended and reroute suggested
EVT418705,2025-10-08 15:32:10,Sports Fixture,J040,City Market,25851,Weekday,False,Clear,False,0.0,False,False,0.39,Moderate,26.1,31.4,192.4,0.148,0.341,0.956,Moderate traffic flow - standard adaptive signal timing in effect
EVT418706,2026-01-16 17:03:50,Sports Fixture,J020,Malleshwaram Circle,19037,Weekday,False,Clear,False,0.0,False,False,0.837,Severe,17.2,57.0,334.6,0.188,0.435,0.935,Heavy congestion detected - signal timing extended and reroute suggested
EVT418707,2025-04-11 15:06:41,Sports Fixture,J040,City Market,20224,Weekday,False,Clear,False,0.0,False,False,0.342,Low,29.5,22.1,89.7,0.082,0.189,0.944,Moderate traffic flow - standard adaptive signal timing in effect
EVT418708,2025-04-25 20:17:32,Local Market Day,J009,Majestic,2243,Weekday,False,Clear,False,0.0,False,False,0.664,High,18.3,54.2,259.8,0.159,0.367,0.983,Moderate traffic flow - standard adaptive signal timing in effect
EVT418709,2025-01-21 08:28:51,Sports Fixture,J020,Malleshwaram Circle,26656,Weekday,False,Clear,False,0.0,False,False,1.0,Severe,8.9,72.8,624.6,0.227,0.525,0.891,Heavy congestion detected - signal timing extended and reroute suggested
EVT418710,2026-06-06 08:40:54,Sports Fixture,J031,Cubbon Road,52379,Weekend,False,Clear,False,0.0,False,False,1.0,Severe,9.6,72.6,239.5,0.112,0.259,0.912,Heavy congestion detected - signal timing extended and reroute suggested
EVT418711,2026-06-25 18:37:55,Local Market Day,J011,Indiranagar 100ft Road,5238,Weekday,False,Heavy Rain,True,38.6,False,False,1.0,Severe,9.8,67.7,421.5,0.172,0.397,0.848,Heavy rain reducing visibility and grip - reduced speed and longer buffer advised
EVT418712,2025-07-04 10:38:22,Local Market Day,J011,Indiranagar 100ft Road,4847,Weekday,False,Clear,False,0.0,False,False,0.596,High,23.8,45.6,115.0,0.068,0.156,0.976,Moderate traffic flow - standard adaptive signal timing in effect
EVT418713,2025-03-11 10:15:29,Local Market Day,J012,Koramangala Sony World,3803,Weekday,False,Clear,False,0.0,False,False,0.707,High,19.4,49.4,249.8,0.166,0.382,0.953,Moderate traffic flow - standard adaptive signal timing in effect
EVT418714,2025-11-23 12:02:53,Concert,J030,MG Road,21759,Weekend,False,Clear,False,0.0,False,False,0.469,Moderate,29.5,28.7,195.1,0.173,0.399,0.987,Moderate traffic flow - standard adaptive signal timing in effect
EVT418715,2025-12-27 21:25:39,Trade Fair,J023,Basavanagudi,9454,Weekend,False,Clear,False,0.0,False,False,0.397,Moderate,31.3,25.9,126.7,0.096,0.223,0.985,Moderate traffic flow - standard adaptive signal timing in effect
EVT418716,2025-04-14 11:25:25,Religious Festival,J030,MG Road,34137,Weekday,True,Clear,False,0.0,False,True,0.875,High,14.2,90.7,289.8,0.166,0.383,0.872,Road closure for event/procession - full detour recommended for through-traffic
EVT418717,2025-07-09 18:58:06,Sports Fixture,J012,Koramangala Sony World,10119,Weekday,False,Rain,True,18.1,False,False,1.0,Severe,8.1,66.7,562.1,0.194,0.448,0.877,Heavy rain reducing visibility and grip - reduced speed and longer buffer advised
EVT418718,2025-07-27 08:05:38,Concert,J009,Majestic,22344,Weekend,False,Clear,False,0.0,False,False,0.869,Severe,11.2,67.8,371.6,0.164,0.38,0.924,Heavy congestion detected - signal timing extended and reroute suggested
EVT418719,2026-02-18 19:49:16,Trade Fair,J009,Majestic,8460,Weekday,False,Clear,False,0.0,False,False,0.817,Severe,13.5,53.5,281.3,0.146,0.337,0.948,Heavy congestion detected - signal timing extended and reroute suggested
EVT418720,2026-05-15 19:49:50,Concert,J009,Majestic,12678,Weekday,False,Clear,False,0.0,False,False,0.856,Severe,12.6,61.4,426.9,0.183,0.423,0.955,Heavy congestion detected - signal timing extended and reroute suggested
EVT418721,2025-12-30 19:31:58,Concert,J023,Basavanagudi,12246,Weekday,False,Clear,False,0.0,False,False,0.927,Severe,11.9,71.1,603.8,0.269,0.62,0.921,Heavy congestion detected - signal timing extended and reroute suggested
EVT418722,2025-10-24 09:20:04,Trade Fair,J040,City Market,13845,Weekday,False,Clear,False,0.0,False,False,1.0,Severe,9.4,71.1,371.0,0.158,0.365,0.902,Heavy congestion detected - signal timing extended and reroute suggested
EVT418723,2025-09-13 17:47:39,Trade Fair,J023,Basavanagudi,16876,Weekend,False,Light Rain,True,0.9,False,False,0.963,Severe,8.5,71.8,937.7,0.323,0.746,0.875,Heavy rain reducing visibility and grip - reduced speed and longer buffer advised
EVT418724,2026-02-02 20:53:39,Trade Fair,J030,MG Road,6788,Weekday,False,Clear,False,0.0,False,False,0.482,Moderate,28.1,32.8,190.5,0.158,0.364,0.979,Moderate traffic flow - standard adaptive signal timing in effect
EVT418725,2025-03-25 11:50:50,Local Market Day,J023,Basavanagudi,2491,Weekday,False,Clear,False,0.0,False,False,0.25,Low,31.4,22.0,151.8,0.122,0.282,0.973,Moderate traffic flow - standard adaptive signal timing in effect
EVT418726,2025-04-28 07:05:59,Political Rally,J040,City Market,9663,Weekday,False,Clear,False,0.0,False,False,0.506,Moderate,23.2,43.0,206.6,0.152,0.351,0.968,Moderate traffic flow - standard adaptive signal timing in effect
EVT418727,2025-08-18 09:17:55,Local Market Day,J040,City Market,1476,Weekday,False,Heavy Rain,True,118.4,False,False,1.0,Severe,9.3,73.7,301.6,0.138,0.318,0.859,Heavy rain reducing visibility and grip - reduced speed and longer buffer advised
EVT418728,2025-04-06 13:08:17,Fireworks Display,J009,Majestic,29408,Weekend,True,Fog,False,0.0,False,False,0.651,High,18.6,47.5,333.7,0.194,0.448,0.897,Festival crowd surge detected - alternate route and extended cycle recommended
EVT418729,2025-08-01 07:54:30,Sports Fixture,J012,Koramangala Sony World,17980,Weekday,False,Clear,False,0.0,False,False,0.851,Severe,15.7,56.4,399.5,0.213,0.491,0.936,Heavy congestion detected - signal timing extended and reroute suggested
EVT418730,2025-04-15 13:55:36,Religious Festival,J040,City Market,36582,Weekday,True,Clear,False,0.0,False,False,0.614,High,22.6,51.2,196.6,0.121,0.279,0.924,Festival crowd surge detected - alternate route and extended cycle recommended
EVT418731,2026-03-15 12:06:03,Concert,J012,Koramangala Sony World,8020,Weekend,False,Clear,False,0.0,False,False,0.288,Low,28.1,22.8,127.7,0.079,0.182,0.961,Moderate traffic flow - standard adaptive signal timing in effect
EVT418732,2026-03-16 16:46:08,Political Rally,J020,Malleshwaram Circle,10596,Weekday,False,Clear,False,0.0,False,False,0.625,High,19.6,42.5,304.4,0.193,0.445,0.958,Moderate traffic flow - standard adaptive signal timing in effect
EVT418733,2025-07-26 12:21:48,Sports Fixture,J031,Cubbon Road,11331,Weekend,False,Rain,True,20.8,False,False,0.484,Moderate,25.0,36.9,251.2,0.18,0.416,0.901,Light rain detected - minor speed reduction advised
EVT418734,2026-03-09 07:42:50,Local Market Day,J023,Basavanagudi,4618,Weekday,False,Clear,False,0.0,False,False,0.67,High,23.8,48.1,181.7,0.167,0.386,0.947,Moderate traffic flow - standard adaptive signal timing in effect
EVT418735,2026-06-17 14:18:31,Trade Fair,J011,Indiranagar 100ft Road,8303,Weekday,False,Fog,False,0.0,False,False,0.174,Low,38.7,14.4,126.9,0.141,0.326,0.984,Normal free-flow traffic - standard signal timing maintained
EVT418736,2026-04-21 06:22:33,Trade Fair,J012,Koramangala Sony World,11374,Weekday,False,Clear,False,0.0,False,False,0.27,Low,27.8,24.4,199.3,0.168,0.389,0.99,Moderate traffic flow - standard adaptive signal timing in effect
EVT418737,2026-06-14 15:09:33,Local Market Day,J023,Basavanagudi,3768,Weekend,False,Clear,False,0.0,False,False,0.32,Low,29.0,26.2,152.1,0.14,0.324,0.959,Moderate traffic flow - standard adaptive signal timing in effect
EVT418738,2025-09-30 22:51:26,Sports Fixture,J009,Majestic,21932,Weekday,False,Clear,False,0.0,False,False,0.309,Low,29.3,15.5,167.5,0.137,0.315,0.99,Moderate traffic flow - standard adaptive signal timing in effect
EVT418739,2026-04-19 21:09:20,Local Market Day,J011,Indiranagar 100ft Road,6251,Weekend,False,Clear,False,0.0,False,False,0.435,Moderate,26.8,40.2,180.8,0.128,0.295,0.949,Moderate traffic flow - standard adaptive signal timing in effect
EVT418740,2025-03-12 23:38:50,Sports Fixture,J023,Basavanagudi,21623,Weekday,False,Clear,False,0.0,False,False,0.316,Low,24.3,22.4,300.9,0.203,0.469,0.99,Moderate traffic flow - standard adaptive signal timing in effect
EVT418741,2025-06-04 12:31:27,Sports Fixture,J011,Indiranagar 100ft Road,19754,Weekday,False,Clear,False,0.0,False,False,0.277,Low,27.1,20.7,226.8,0.172,0.398,0.926,Moderate traffic flow - standard adaptive signal timing in effect
EVT418742,2025-07-29 17:12:13,Concert,J040,City Market,12104,Weekday,False,Clear,False,0.0,False,False,0.846,Severe,13.2,57.8,230.8,0.113,0.26,0.947,Heavy congestion detected - signal timing extended and reroute suggested
EVT418743,2025-04-08 02:11:28,Sports Fixture,J040,City Market,14611,Weekday,False,Clear,False,0.0,False,False,0.232,Low,30.9,16.9,109.1,0.091,0.21,0.965,Normal free-flow traffic - standard signal timing maintained
EVT418744,2025-12-30 07:32:23,Concert,J009,Majestic,12441,Weekday,False,Clear,False,0.0,False,False,0.736,High,19.5,49.1,292.0,0.191,0.44,0.987,Moderate traffic flow - standard adaptive signal timing in effect
EVT418745,2025-01-12 18:53:22,Concert,J030,MG Road,17479,Weekend,False,Clear,False,0.0,False,False,0.998,Severe,5.7,77.7,930.2,0.22,0.508,0.911,Heavy congestion detected - signal timing extended and reroute suggested
EVT418746,2025-01-15 14:41:33,Cultural Procession,J011,Indiranagar 100ft Road,15322,Weekday,True,Clear,False,0.0,False,True,0.573,Moderate,21.1,52.5,282.9,0.184,0.426,0.937,Road closure for event/procession - full detour recommended for through-traffic
EVT418747,2025-06-14 17:18:15,Sports Fixture,J040,City Market,19945,Weekend,False,Clear,False,0.0,False,False,0.872,Severe,9.2,64.2,188.5,0.069,0.16,0.95,Heavy congestion detected - signal timing extended and reroute suggested
EVT418748,2025-04-23 15:09:22,Trade Fair,J023,Basavanagudi,8766,Weekday,False,Clear,False,0.0,False,False,0.249,Low,27.6,18.7,219.0,0.165,0.382,0.984,Normal free-flow traffic - standard signal timing maintained
EVT418749,2025-09-17 09:28:36,Local Market Day,J040,City Market,2539,Weekday,False,Clear,False,0.0,False,False,1.0,Severe,8.1,69.3,355.6,0.126,0.292,0.939,Heavy congestion detected - signal timing extended and reroute suggested
EVT418750,2026-06-27 19:20:18,Local Market Day,J030,MG Road,3044,Weekend,False,Clear,False,0.0,False,False,0.794,Severe,16.6,58.5,225.2,0.133,0.306,0.938,Heavy congestion detected - signal timing extended and reroute suggested
EVT418751,2025-05-18 08:50:10,Sports Fixture,J020,Malleshwaram Circle,35190,Weekend,False,Clear,False,0.0,False,False,1.0,Severe,9.5,73.3,643.7,0.26,0.601,0.904,Heavy congestion detected - signal timing extended and reroute suggested
EVT418752,2025-08-06 08:31:11,Trade Fair,J012,Koramangala Sony World,8092,Weekday,False,Rain,True,10.1,False,False,1.0,Severe,8.9,75.8,303.9,0.116,0.268,0.896,Heavy rain reducing visibility and grip - reduced speed and longer buffer advised
EVT418753,2026-05-28 08:59:10,Political Rally,J031,Cubbon Road,11889,Weekday,False,Clear,False,0.0,False,False,1.0,Severe,7.2,71.9,462.7,0.132,0.305,0.896,Heavy congestion detected - signal timing extended and reroute suggested
EVT418754,2026-02-26 07:20:03,Local Market Day,J020,Malleshwaram Circle,4757,Weekday,False,Clear,False,0.0,False,False,0.573,High,16.7,42.5,332.9,0.168,0.388,0.97,Moderate traffic flow - standard adaptive signal timing in effect
EVT418755,2025-04-11 09:30:30,Sports Fixture,J031,Cubbon Road,15194,Weekday,False,Clear,False,0.0,False,False,1.0,Severe,9.3,67.8,496.6,0.171,0.396,0.899,Heavy congestion detected - signal timing extended and reroute suggested
EVT418756,2025-11-02 14:46:49,Fireworks Display,J020,Malleshwaram Circle,28595,Weekend,True,Clear,False,0.0,False,False,0.727,High,20.3,52.1,177.8,0.13,0.301,0.905,Festival crowd surge detected - alternate route and extended cycle recommended
EVT418757,2026-05-06 16:35:57,Political Rally,J012,Koramangala Sony World,13909,Weekday,False,Clear,False,0.0,False,False,0.625,High,26.5,42.6,158.0,0.138,0.318,0.99,Moderate traffic flow - standard adaptive signal timing in effect
EVT418758,2025-10-20 16:40:11,Religious Festival,J030,MG Road,41823,Weekday,True,Rain,True,12.6,False,True,1.0,Severe,7.9,95.8,503.2,0.179,0.413,0.79,Road closure for event/procession - full detour recommended for through-traffic
EVT418759,2025-04-19 09:36:18,Trade Fair,J030,MG Road,4388,Weekend,False,Clear,False,0.0,False,False,0.768,Severe,17.9,54.2,234.2,0.151,0.349,0.947,Heavy congestion detected - signal timing extended and reroute suggested
EVT418760,2026-01-29 20:24:49,Local Market Day,J030,MG Road,5141,Weekday,False,Clear,False,0.0,False,False,0.645,High,24.7,41.0,181.4,0.138,0.319,0.964,Moderate traffic flow - standard adaptive signal timing in effect
EVT418761,2025-10-27 09:08:29,Concert,J011,Indiranagar 100ft Road,13084,Weekday,False,Rain,True,11.2,False,False,1.0,Severe,7.5,69.0,470.9,0.154,0.356,0.847,Heavy rain reducing visibility and grip - reduced speed and longer buffer advised
EVT418762,2026-06-20 07:58:45,Local Market Day,J030,MG Road,4420,Weekend,False,Rain,True,22.8,False,False,0.923,Severe,9.2,64.1,571.8,0.199,0.459,0.892,Heavy rain reducing visibility and grip - reduced speed and longer buffer advised
EVT418763,2025-04-04 09:34:20,Local Market Day,J030,MG Road,3902,Weekday,False,Clear,False,0.0,False,False,0.944,Severe,11.1,69.9,566.9,0.251,0.58,0.927,Heavy congestion detected - signal timing extended and reroute suggested
EVT418764,2025-01-31 19:55:11,Trade Fair,J023,Basavanagudi,7676,Weekday,False,Clear,False,0.0,False,False,0.71,High,21.0,54.2,256.2,0.181,0.419,0.979,Moderate traffic flow - standard adaptive signal timing in effect
EVT418765,2025-09-03 17:13:48,Trade Fair,J020,Malleshwaram Circle,9111,Weekday,False,Fog,False,0.0,False,False,0.827,Severe,15.8,59.1,240.1,0.137,0.316,0.971,Heavy congestion detected - signal timing extended and reroute suggested
EVT418766,2025-02-26 14:38:44,Local Market Day,J020,Malleshwaram Circle,3150,Weekday,False,Clear,False,0.0,False,False,0.278,Low,23.9,21.2,164.9,0.099,0.229,0.966,Moderate traffic flow - standard adaptive signal timing in effect
EVT418767,2025-07-26 08:21:17,Local Market Day,J040,City Market,3864,Weekend,False,Heavy Rain,True,71.3,False,False,1.0,Severe,9.6,71.9,551.5,0.21,0.484,0.886,Heavy rain reducing visibility and grip - reduced speed and longer buffer advised
EVT418768,2025-11-01 16:07:55,Fireworks Display,J030,MG Road,30703,Weekend,True,Clear,False,0.0,False,False,0.86,Severe,12.2,60.9,362.1,0.172,0.396,0.889,Festival crowd surge detected - alternate route and extended cycle recommended
EVT418769,2025-10-26 16:54:19,Trade Fair,J020,Malleshwaram Circle,8870,Weekend,False,Clear,False,0.0,False,False,0.677,High,19.6,52.0,203.8,0.134,0.309,0.961,Moderate traffic flow - standard adaptive signal timing in effect
EVT418770,2025-10-26 12:19:46,Sports Fixture,J011,Indiranagar 100ft Road,20851,Weekend,False,Heavy Rain,True,36.1,False,False,0.758,Severe,13.8,49.1,354.3,0.165,0.382,0.925,Heavy rain reducing visibility and grip - reduced speed and longer buffer advised
EVT418771,2026-01-19 10:28:43,Sports Fixture,J023,Basavanagudi,13098,Weekday,False,Clear,False,0.0,False,False,0.758,Severe,17.9,49.3,235.4,0.147,0.339,0.963,Heavy congestion detected - signal timing extended and reroute suggested
EVT418772,2025-11-21 20:59:01,Concert,J011,Indiranagar 100ft Road,3373,Weekday,False,Clear,False,0.0,False,False,0.455,Moderate,28.3,28.1,158.1,0.129,0.297,0.97,Moderate traffic flow - standard adaptive signal timing in effect
EVT418773,2025-06-17 17:15:13,Sports Fixture,J020,Malleshwaram Circle,22858,Weekday,False,Rain,True,23.9,False,False,1.0,Severe,7.4,69.8,313.6,0.111,0.256,0.85,Heavy rain reducing visibility and grip - reduced speed and longer buffer advised
EVT418774,2025-03-24 10:22:30,Sports Fixture,J023,Basavanagudi,19926,Weekday,False,Clear,False,0.0,False,False,0.698,High,20.5,51.8,105.6,0.061,0.141,0.98,Moderate traffic flow - standard adaptive signal timing in effect
EVT418775,2025-03-29 09:26:29,Concert,J012,Koramangala Sony World,15148,Weekend,False,Clear,False,0.0,False,False,0.887,Severe,11.1,60.9,612.0,0.248,0.572,0.964,Heavy congestion detected - signal timing extended and reroute suggested
EVT418776,2025-04-30 23:21:17,Local Market Day,J012,Koramangala Sony World,5157,Weekday,False,Clear,False,0.0,False,False,0.21,Low,32.4,14.8,136.0,0.126,0.291,0.962,Normal free-flow traffic - standard signal timing maintained
EVT418777,2026-02-25 18:47:51,Trade Fair,J023,Basavanagudi,15700,Weekday,False,Clear,False,0.0,False,False,1.0,Severe,7.4,69.1,921.1,0.299,0.69,0.903,Heavy congestion detected - signal timing extended and reroute suggested
EVT418778,2025-11-02 20:05:14,Religious Festival,J012,Koramangala Sony World,24070,Weekend,True,Clear,False,0.0,False,False,0.921,Severe,9.3,64.6,501.6,0.182,0.42,0.841,Festival crowd surge detected - alternate route and extended cycle recommended
EVT418779,2025-01-31 16:38:27,Local Market Day,J030,MG Road,7554,Weekday,False,Clear,False,0.0,False,False,0.625,High,21.0,44.5,186.6,0.106,0.245,0.969,Moderate traffic flow - standard adaptive signal timing in effect
EVT418780,2025-03-06 10:10:23,Local Market Day,J011,Indiranagar 100ft Road,4732,Weekday,False,Clear,False,0.0,False,False,0.701,High,21.3,53.2,110.1,0.055,0.126,0.961,Moderate traffic flow - standard adaptive signal timing in effect
EVT418781,2025-03-04 11:12:22,Trade Fair,J020,Malleshwaram Circle,4504,Weekday,False,Fog,False,0.0,False,False,0.37,Moderate,22.9,28.4,273.4,0.17,0.392,0.967,Moderate traffic flow - standard adaptive signal timing in effect
EVT418782,2026-03-08 12:43:03,Trade Fair,J023,Basavanagudi,4956,Weekend,False,Clear,False,0.0,False,False,0.12,Low,41.8,11.2,136.9,0.137,0.317,0.971,Normal free-flow traffic - standard signal timing maintained
EVT418783,2026-01-30 19:04:23,Concert,J012,Koramangala Sony World,13088,Weekday,False,Clear,False,0.0,False,False,1.0,Severe,10.5,68.0,343.3,0.158,0.365,0.927,Heavy congestion detected - signal timing extended and reroute suggested
EVT418784,2025-01-06 17:35:03,Sports Fixture,J040,City Market,36514,Weekday,False,Clear,False,0.0,False,False,1.0,Severe,8.9,72.7,633.5,0.236,0.545,0.932,Heavy congestion detected - signal timing extended and reroute suggested
EVT418785,2026-03-13 18:53:23,Concert,J023,Basavanagudi,20009,Weekday,False,Clear,False,0.0,False,False,1.0,Severe,7.8,73.1,572.1,0.201,0.465,0.913,Heavy congestion detected - signal timing extended and reroute suggested
EVT418786,2025-09-22 18:41:05,Local Market Day,J009,Majestic,4750,Weekday,False,Rain,True,19.7,False,False,1.0,Severe,9.1,76.7,831.4,0.304,0.702,0.867,Heavy rain reducing visibility and grip - reduced speed and longer buffer advised
EVT418787,2025-12-26 13:24:08,Cultural Procession,J020,Malleshwaram Circle,24975,Weekday,True,Clear,False,0.0,False,True,0.765,High,18.0,76.0,305.2,0.185,0.428,0.889,Road closure for event/procession - full detour recommended for through-traffic
EVT418788,2025-03-31 16:50:04,Religious Festival,J020,Malleshwaram Circle,44839,Weekday,True,Clear,False,0.0,False,False,1.0,Severe,9.4,64.0,418.9,0.156,0.36,0.849,Festival crowd surge detected - alternate route and extended cycle recommended
EVT418789,2026-05-15 11:15:25,Trade Fair,J023,Basavanagudi,12306,Weekday,False,Clear,False,0.0,False,False,0.396,Moderate,23.0,23.2,198.4,0.14,0.323,0.975,Moderate traffic flow - standard adaptive signal timing in effect
EVT418790,2026-01-30 06:59:41,Sports Fixture,J020,Malleshwaram Circle,13554,Weekday,False,Clear,False,0.0,False,False,0.482,Moderate,24.1,38.6,215.4,0.135,0.311,0.966,Moderate traffic flow - standard adaptive signal timing in effect
EVT418791,2025-12-14 15:06:44,Political Rally,J031,Cubbon Road,12492,Weekend,False,Clear,False,0.0,False,False,0.385,Moderate,25.8,25.7,213.7,0.174,0.402,0.947,Moderate traffic flow - standard adaptive signal timing in effect
EVT418792,2025-12-18 03:05:44,Sports Fixture,J009,Majestic,21215,Weekday,False,Clear,False,0.0,False,False,0.281,Low,23.2,22.8,118.5,0.059,0.137,0.99,Moderate traffic flow - standard adaptive signal timing in effect
EVT418793,2025-04-29 08:51:20,Trade Fair,J030,MG Road,8546,Weekday,False,Clear,False,0.0,False,False,0.971,Severe,8.7,60.9,214.5,0.096,0.222,0.928,Heavy congestion detected - signal timing extended and reroute suggested
EVT418794,2025-02-24 16:55:57,Concert,J020,Malleshwaram Circle,14351,Weekday,False,Clear,False,0.0,False,False,0.775,Severe,12.2,53.5,266.3,0.124,0.285,0.962,Heavy congestion detected - signal timing extended and reroute suggested
EVT418795,2025-09-18 13:25:51,Sports Fixture,J023,Basavanagudi,27366,Weekday,False,Clear,False,0.0,False,False,0.312,Low,24.4,17.4,192.8,0.131,0.303,0.97,Moderate traffic flow - standard adaptive signal timing in effect
EVT418796,2025-07-22 23:21:33,Local Market Day,J009,Majestic,4313,Weekday,False,Clear,False,0.0,False,False,0.172,Low,36.9,7.9,37.5,0.021,0.047,0.977,Normal free-flow traffic - standard signal timing maintained
EVT418797,2025-12-01 07:30:25,Concert,J023,Basavanagudi,18293,Weekday,False,Clear,False,0.0,False,False,0.751,Severe,18.8,52.3,109.0,0.071,0.164,0.959,Heavy congestion detected - signal timing extended and reroute suggested
EVT418798,2025-04-30 08:32:20,Political Rally,J030,MG Road,12392,Weekday,False,Clear,False,0.0,False,False,1.0,Severe,9.1,67.1,284.0,0.132,0.305,0.904,Heavy congestion detected - signal timing extended and reroute suggested
EVT418799,2025-01-07 13:17:18,Political Rally,J030,MG Road,8307,Weekday,False,Clear,False,0.0,False,False,0.272,Low,29.1,21.2,152.3,0.113,0.262,0.948,Moderate traffic flow - standard adaptive signal timing in effect
EVT418800,2025-06-23 08:09:07,Local Market Day,J020,Malleshwaram Circle,3274,Weekday,False,Heavy Rain,True,32.5,False,False,1.0,Severe,7.3,76.8,614.0,0.186,0.43,0.854,Heavy rain reducing visibility and grip - reduced speed and longer buffer advised
EVT418801,2025-11-19 18:13:49,Sports Fixture,J012,Koramangala Sony World,33566,Weekday,False,Clear,False,0.0,False,False,1.0,Severe,9.1,71.0,333.2,0.125,0.29,0.914,Heavy congestion detected - signal timing extended and reroute suggested
EVT418802,2025-02-20 07:50:05,Concert,J023,Basavanagudi,14577,Weekday,False,Clear,False,0.0,False,False,0.765,Severe,13.4,61.1,299.0,0.135,0.312,0.974,Heavy congestion detected - signal timing extended and reroute suggested
EVT418803,2026-04-26 10:57:06,Trade Fair,J009,Majestic,7051,Weekend,False,Clear,False,0.0,False,False,0.516,Moderate,24.4,39.6,191.2,0.146,0.337,0.968,Moderate traffic flow - standard adaptive signal timing in effect
EVT418804,2025-07-29 08:22:51,Concert,J023,Basavanagudi,20175,Weekday,False,Heavy Rain,True,45.8,False,False,1.0,Severe,7.3,74.9,597.9,0.177,0.409,0.885,Heavy rain reducing visibility and grip - reduced speed and longer buffer advised
EVT418805,2025-11-24 16:49:23,Local Market Day,J031,Cubbon Road,2987,Weekday,False,Clear,False,0.0,False,False,0.676,High,23.2,43.1,269.6,0.2,0.463,0.963,Moderate traffic flow - standard adaptive signal timing in effect
EVT418806,2025-09-15 06:16:00,Trade Fair,J031,Cubbon Road,10806,Weekday,False,Light Rain,True,7.0,False,False,0.472,Moderate,15.0,33.9,169.5,0.073,0.169,0.889,Light rain detected - minor speed reduction advised
EVT418807,2025-07-22 21:22:15,Trade Fair,J009,Majestic,7527,Weekday,False,Clear,False,0.0,False,False,0.454,Moderate,20.4,32.4,236.7,0.146,0.337,0.973,Moderate traffic flow - standard adaptive signal timing in effect
EVT418808,2025-08-31 16:38:34,Sports Fixture,J040,City Market,30017,Weekend,False,Fog,False,0.0,False,False,0.683,High,19.1,46.3,177.5,0.102,0.236,0.99,Moderate traffic flow - standard adaptive signal timing in effect
EVT418809,2026-02-11 08:53:17,Local Market Day,J009,Majestic,6275,Weekday,False,Clear,False,0.0,False,False,1.0,Severe,9.7,69.1,485.5,0.193,0.445,0.915,Heavy congestion detected - signal timing extended and reroute suggested
EVT418810,2025-09-11 12:49:04,Political Rally,J030,MG Road,18767,Weekday,False,Clear,False,0.0,False,False,0.25,Low,35.1,11.6,121.3,0.117,0.271,0.981,Normal free-flow traffic - standard signal timing maintained
EVT418811,2026-05-01 11:23:10,Religious Festival,J030,MG Road,30931,Weekday,True,Clear,False,0.0,True,True,1.0,Severe,8.8,90.3,254.9,0.11,0.254,0.675,Road closure for event/procession - full detour recommended for through-traffic
EVT418812,2026-03-20 16:54:56,Fireworks Display,J040,City Market,27710,Weekday,True,Clear,False,0.0,False,False,1.0,Severe,7.9,68.2,799.8,0.27,0.624,0.854,Festival crowd surge detected - alternate route and extended cycle recommended
EVT418813,2025-12-15 13:01:01,Local Market Day,J009,Majestic,2431,Weekday,False,Clear,False,0.0,False,False,0.142,Low,37.6,5.5,68.1,0.052,0.119,0.982,Normal free-flow traffic - standard signal timing maintained
EVT418814,2026-01-31 05:04:14,Sports Fixture,J011,Indiranagar 100ft Road,37209,Weekend,False,Clear,False,0.0,False,False,0.457,Moderate,31.0,42.1,129.3,0.074,0.17,0.983,Moderate traffic flow - standard adaptive signal timing in effect
EVT418815,2025-05-25 10:33:53,Sports Fixture,J011,Indiranagar 100ft Road,27994,Weekend,False,Rain,True,21.9,False,False,0.895,Severe,13.4,64.8,321.8,0.177,0.409,0.896,Heavy rain reducing visibility and grip - reduced speed and longer buffer advised
EVT418816,2026-05-06 19:06:39,Concert,J040,City Market,7644,Weekday,False,Clear,False,0.0,False,False,0.926,Severe,11.2,67.5,683.8,0.28,0.646,0.943,Heavy congestion detected - signal timing extended and reroute suggested
EVT418817,2026-04-13 14:51:55,Concert,J031,Cubbon Road,10339,Weekday,False,Light Rain,True,2.6,False,False,0.457,Moderate,28.4,29.4,127.8,0.098,0.227,0.938,Light rain detected - minor speed reduction advised
EVT418818,2025-06-05 08:55:38,Local Market Day,J031,Cubbon Road,5991,Weekday,False,Heavy Rain,True,116.2,False,False,1.0,Severe,7.6,64.4,720.5,0.227,0.523,0.898,Heavy rain reducing visibility and grip - reduced speed and longer buffer advised
EVT418819,2026-02-03 09:31:59,Local Market Day,J012,Koramangala Sony World,4350,Weekday,False,Clear,False,0.0,False,False,0.978,Severe,9.2,66.1,539.1,0.219,0.505,0.894,Heavy congestion detected - signal timing extended and reroute suggested
EVT418820,2025-04-26 11:22:12,Political Rally,J020,Malleshwaram Circle,9966,Weekend,False,Light Rain,True,2.3,False,False,0.485,Moderate,28.8,37.4,175.3,0.146,0.338,0.937,Light rain detected - minor speed reduction advised
EVT418821,2026-03-07 15:08:27,Concert,J012,Koramangala Sony World,17919,Weekend,False,Clear,False,0.0,False,False,0.377,Moderate,38.6,31.9,136.5,0.134,0.31,0.971,Moderate traffic flow - standard adaptive signal timing in effect
EVT418822,2026-06-04 22:06:20,Local Market Day,J030,MG Road,2676,Weekday,False,Heavy Rain,True,25.5,False,False,0.541,Moderate,21.3,42.8,93.1,0.045,0.105,0.914,Light rain detected - minor speed reduction advised
EVT418823,2026-05-20 09:33:39,Sports Fixture,J030,MG Road,18684,Weekday,False,Rain,True,18.1,False,False,1.0,Severe,6.9,64.1,929.8,0.256,0.592,0.863,Heavy rain reducing visibility and grip - reduced speed and longer buffer advised
EVT418824,2026-05-16 17:01:43,Local Market Day,J023,Basavanagudi,4043,Weekend,False,Clear,False,0.0,False,False,0.691,High,14.0,46.2,382.3,0.174,0.401,0.957,Moderate traffic flow - standard adaptive signal timing in effect
EVT418825,2025-04-06 19:17:43,Religious Festival,J020,Malleshwaram Circle,39514,Weekend,True,Clear,False,0.0,False,True,1.0,Severe,8.2,101.9,252.8,0.104,0.24,0.797,Road closure for event/procession - full detour recommended for through-traffic
EVT418826,2025-12-01 15:14:58,Political Rally,J030,MG Road,10118,Weekday,False,Clear,False,0.0,False,False,0.327,Low,28.1,30.4,231.4,0.18,0.416,0.961,Moderate traffic flow - standard adaptive signal timing in effect
EVT418827,2025-05-01 09:49:20,Religious Festival,J009,Majestic,55229,Weekday,True,Clear,False,0.0,False,True,1.0,Severe,8.5,100.7,492.5,0.195,0.449,0.814,Road closure for event/procession - full detour recommended for through-traffic
EVT418828,2026-03-30 21:30:32,Trade Fair,J023,Basavanagudi,4521,Weekday,False,Clear,False,0.0,False,False,0.423,Moderate,30.4,30.5,155.1,0.137,0.317,0.972,Moderate traffic flow - standard adaptive signal timing in effect
EVT418829,2025-04-29 18:31:41,Local Market Day,J012,Koramangala Sony World,3781,Weekday,False,Clear,False,0.0,False,False,1.0,Severe,7.4,68.1,523.4,0.157,0.363,0.913,Heavy congestion detected - signal timing extended and reroute suggested
EVT418830,2025-10-05 15:58:39,Sports Fixture,J012,Koramangala Sony World,12788,Weekend,False,Clear,False,0.0,False,False,0.482,Moderate,21.9,32.5,300.0,0.169,0.391,0.989,Moderate traffic flow - standard adaptive signal timing in effect
EVT418831,2025-10-02 20:37:41,Cultural Procession,J012,Koramangala Sony World,14493,Weekday,True,Clear,False,0.0,False,True,0.9,Severe,10.9,88.3,563.8,0.241,0.556,0.849,Road closure for event/procession - full detour recommended for through-traffic
EVT418832,2025-01-30 06:30:33,Concert,J030,MG Road,10373,Weekday,False,Clear,False,0.0,False,False,0.373,Moderate,26.6,28.3,278.9,0.204,0.472,0.967,Moderate traffic flow - standard adaptive signal timing in effect
EVT418833,2025-07-03 19:43:05,Sports Fixture,J040,City Market,13054,Weekday,False,Clear,False,0.0,False,False,0.862,Severe,10.7,62.2,383.4,0.16,0.37,0.949,Heavy congestion detected - signal timing extended and reroute suggested
EVT418834,2025-04-16 19:02:39,Trade Fair,J009,Majestic,7075,Weekday,False,Light Rain,True,5.8,False,False,1.0,Severe,8.5,70.1,508.7,0.189,0.437,0.876,Heavy rain reducing visibility and grip - reduced speed and longer buffer advised
EVT418835,2026-06-11 19:52:41,Local Market Day,J031,Cubbon Road,7927,Weekday,False,Clear,False,0.0,False,False,0.852,Severe,10.8,57.1,460.6,0.18,0.416,0.952,Heavy congestion detected - signal timing extended and reroute suggested
EVT418836,2025-04-08 22:51:58,Political Rally,J031,Cubbon Road,18722,Weekday,False,Clear,False,0.0,False,False,0.278,Low,27.8,18.4,154.1,0.097,0.223,0.959,Moderate traffic flow - standard adaptive signal timing in effect
EVT418837,2025-03-28 17:38:46,Sports Fixture,J011,Indiranagar 100ft Road,15590,Weekday,False,Clear,False,0.0,False,False,0.909,Severe,12.4,65.8,459.7,0.21,0.485,0.934,Heavy congestion detected - signal timing extended and reroute suggested
EVT418838,2025-06-28 08:44:35,Local Market Day,J009,Majestic,5018,Weekend,False,Fog,False,0.0,False,False,0.821,Severe,13.3,57.3,301.0,0.142,0.327,0.946,Heavy congestion detected - signal timing extended and reroute suggested
EVT418839,2025-11-21 21:27:21,Trade Fair,J011,Indiranagar 100ft Road,12520,Weekday,False,Clear,False,0.0,False,False,0.279,Low,27.7,15.4,152.4,0.105,0.242,0.987,Moderate traffic flow - standard adaptive signal timing in effect
EVT418840,2025-03-01 10:10:15,Local Market Day,J011,Indiranagar 100ft Road,3109,Weekend,False,Clear,False,0.0,False,False,0.685,High,18.6,51.5,133.7,0.085,0.197,0.984,Moderate traffic flow - standard adaptive signal timing in effect
EVT418841,2026-01-30 20:34:28,Local Market Day,J011,Indiranagar 100ft Road,1949,Weekday,False,Clear,False,0.0,False,False,0.488,Moderate,31.1,32.9,202.7,0.188,0.435,0.952,Moderate traffic flow - standard adaptive signal timing in effect
EVT418842,2025-05-22 08:52:44,Sports Fixture,J031,Cubbon Road,19072,Weekday,False,Clear,False,0.0,False,False,1.0,Severe,7.0,73.8,472.4,0.161,0.373,0.906,Heavy congestion detected - signal timing extended and reroute suggested
EVT418843,2025-04-14 16:13:55,Cultural Procession,J030,MG Road,15503,Weekday,True,Clear,False,0.0,False,True,0.929,Severe,11.2,94.2,213.6,0.103,0.237,0.837,Road closure for event/procession - full detour recommended for through-traffic
EVT418844,2026-05-13 10:01:17,Political Rally,J031,Cubbon Road,18782,Weekday,False,Clear,False,0.0,False,False,0.918,Severe,11.7,63.8,421.3,0.182,0.42,0.927,Heavy congestion detected - signal timing extended and reroute suggested
EVT418845,2025-10-05 19:57:06,Trade Fair,J009,Majestic,13357,Weekend,False,Clear,False,0.0,False,False,0.731,High,17.3,51.8,455.4,0.254,0.587,0.975,Moderate traffic flow - standard adaptive signal timing in effect
EVT418846,2026-02-21 11:04:25,Concert,J011,Indiranagar 100ft Road,10108,Weekend,False,Clear,False,0.0,False,False,0.455,Moderate,29.1,31.7,246.8,0.204,0.472,0.948,Moderate traffic flow - standard adaptive signal timing in effect
EVT418847,2025-12-25 16:24:25,Religious Festival,J011,Indiranagar 100ft Road,23081,Weekday,True,Clear,False,0.0,False,False,0.794,Severe,13.4,55.1,174.9,0.111,0.255,0.911,Festival crowd surge detected - alternate route and extended cycle recommended
EVT418848,2025-09-23 20:41:05,Local Market Day,J040,City Market,4428,Weekday,False,Heavy Rain,True,33.9,False,False,0.84,Severe,12.8,58.1,156.7,0.076,0.176,0.877,Heavy rain reducing visibility and grip - reduced speed and longer buffer advised
EVT418849,2025-05-12 08:56:04,Concert,J009,Majestic,14735,Weekday,False,Clear,False,0.0,False,False,1.0,Severe,8.5,69.0,416.9,0.146,0.338,0.923,Heavy congestion detected - signal timing extended and reroute suggested
EVT418850,2026-04-11 10:29:46,Concert,J031,Cubbon Road,13446,Weekend,False,Clear,False,0.0,False,False,0.571,High,19.2,34.7,219.1,0.113,0.26,0.955,Moderate traffic flow - standard adaptive signal timing in effect
EVT418851,2025-05-12 15:49:43,Concert,J023,Basavanagudi,8431,Weekday,False,Clear,False,0.0,False,False,0.41,Moderate,22.5,30.5,259.9,0.158,0.364,0.978,Moderate traffic flow - standard adaptive signal timing in effect
EVT418852,2026-01-23 08:30:37,Local Market Day,J023,Basavanagudi,3730,Weekday,False,Clear,False,0.0,False,False,0.992,Severe,10.0,70.4,733.0,0.273,0.631,0.928,Heavy congestion detected - signal timing extended and reroute suggested
EVT418853,2026-05-02 08:38:46,Religious Festival,J031,Cubbon Road,18440,Weekend,True,Clear,False,0.0,False,False,1.0,Severe,7.9,69.4,492.3,0.171,0.395,0.865,Festival crowd surge detected - alternate route and extended cycle recommended
EVT418854,2025-11-21 10:08:10,Trade Fair,J009,Majestic,6736,Weekday,False,Light Rain,True,7.4,False,False,0.87,Severe,13.5,61.5,454.3,0.217,0.502,0.894,Heavy rain reducing visibility and grip - reduced speed and longer buffer advised
EVT418855,2026-05-31 13:04:58,Trade Fair,J020,Malleshwaram Circle,8651,Weekend,False,Clear,False,0.0,False,False,0.264,Low,33.1,11.9,154.3,0.133,0.307,0.951,Moderate traffic flow - standard adaptive signal timing in effect
EVT418856,2025-05-10 18:55:30,Concert,J031,Cubbon Road,13321,Weekend,False,Clear,False,0.0,False,False,0.847,Severe,14.4,61.8,239.8,0.141,0.326,0.98,Heavy congestion detected - signal timing extended and reroute suggested
EVT418857,2025-09-17 14:08:48,Concert,J040,City Market,7242,Weekday,False,Rain,True,19.8,False,False,0.4,Moderate,33.1,29.6,76.5,0.076,0.176,0.892,Light rain detected - minor speed reduction advised
EVT418858,2026-05-09 18:46:07,Local Market Day,J012,Koramangala Sony World,2407,Weekend,False,Clear,False,0.0,False,False,0.906,Severe,9.1,59.7,425.0,0.16,0.371,0.921,Heavy congestion detected - signal timing extended and reroute suggested
EVT418859,2025-12-06 09:00:32,Trade Fair,J011,Indiranagar 100ft Road,13602,Weekend,False,Light Rain,True,5.8,False,False,1.0,Severe,9.1,69.3,414.7,0.171,0.395,0.863,Heavy rain reducing visibility and grip - reduced speed and longer buffer advised
EVT418860,2025-06-04 09:55:33,Political Rally,J031,Cubbon Road,12167,Weekday,False,Fog,False,0.0,False,False,0.889,Severe,11.0,60.1,739.7,0.297,0.687,0.919,Heavy congestion detected - signal timing extended and reroute suggested
EVT418861,2025-12-11 15:49:58,Sports Fixture,J030,MG Road,15433,Weekday,False,Clear,False,0.0,False,False,0.464,Moderate,28.1,35.9,169.5,0.138,0.318,0.932,Moderate traffic flow - standard adaptive signal timing in effect
EVT418862,2025-05-07 18:07:54,Trade Fair,J012,Koramangala Sony World,6544,Weekday,False,Clear,False,0.0,False,False,0.94,Severe,8.1,63.1,551.1,0.189,0.436,0.911,Heavy congestion detected - signal timing extended and reroute suggested
EVT418863,2025-06-06 10:38:57,Sports Fixture,J012,Koramangala Sony World,15278,Weekday,False,Light Rain,True,3.2,False,False,0.612,High,19.3,39.7,165.4,0.105,0.241,0.898,Heavy rain reducing visibility and grip - reduced speed and longer buffer advised
EVT418864,2025-06-07 07:28:15,Trade Fair,J011,Indiranagar 100ft Road,10491,Weekend,False,Clear,False,0.0,False,False,0.584,High,23.0,34.4,204.0,0.118,0.273,0.964,Moderate traffic flow - standard adaptive signal timing in effect
EVT418865,2026-04-04 16:36:48,Trade Fair,J020,Malleshwaram Circle,9511,Weekend,False,Clear,False,0.0,False,False,0.615,High,24.2,46.5,176.8,0.132,0.304,0.947,Moderate traffic flow - standard adaptive signal timing in effect
EVT418866,2025-09-06 00:58:20,Cultural Procession,J011,Indiranagar 100ft Road,10575,Weekend,True,Clear,False,0.0,False,True,0.714,High,20.1,73.4,317.6,0.228,0.527,0.861,Road closure for event/procession - full detour recommended for through-traffic
EVT418867,2026-03-25 01:44:15,Trade Fair,J011,Indiranagar 100ft Road,8249,Weekday,False,Clear,False,0.0,False,False,0.194,Low,33.8,12.2,210.6,0.179,0.414,0.971,Normal free-flow traffic - standard signal timing maintained
EVT418868,2025-01-18 19:38:55,Local Market Day,J023,Basavanagudi,6735,Weekend,False,Clear,False,0.0,False,False,0.724,High,18.0,48.6,326.7,0.204,0.471,0.957,Moderate traffic flow - standard adaptive signal timing in effect
EVT418869,2025-04-20 17:45:23,Trade Fair,J012,Koramangala Sony World,10502,Weekend,False,Clear,False,0.0,False,False,0.856,Severe,13.1,59.7,342.6,0.165,0.381,0.955,Heavy congestion detected - signal timing extended and reroute suggested
EVT418870,2025-10-02 13:56:16,Cultural Procession,J009,Majestic,21279,Weekday,True,Clear,False,0.0,False,True,0.662,Moderate,24.4,68.0,233.7,0.193,0.447,0.906,Road closure for event/procession - full detour recommended for through-traffic
EVT418871,2025-01-15 20:19:33,Cultural Procession,J009,Majestic,18361,Weekday,True,Clear,False,0.0,False,True,1.0,Severe,9.5,102.7,538.9,0.21,0.485,0.816,Road closure for event/procession - full detour recommended for through-traffic
EVT418872,2025-10-14 12:12:53,Local Market Day,J011,Indiranagar 100ft Road,1857,Weekday,False,Clear,False,0.0,False,False,0.253,Low,33.1,17.0,177.3,0.143,0.331,0.958,Moderate traffic flow - standard adaptive signal timing in effect
EVT418873,2026-05-14 15:57:08,Concert,J011,Indiranagar 100ft Road,12944,Weekday,False,Clear,False,0.0,False,False,0.448,Moderate,31.2,34.6,199.2,0.157,0.362,0.968,Moderate traffic flow - standard adaptive signal timing in effect
EVT418874,2025-05-22 18:18:24,Sports Fixture,J011,Indiranagar 100ft Road,16584,Weekday,False,Clear,False,0.0,False,False,1.0,Severe,10.5,68.8,485.9,0.202,0.467,0.926,Heavy congestion detected - signal timing extended and reroute suggested
EVT418875,2025-06-11 06:45:29,Sports Fixture,J023,Basavanagudi,26679,Weekday,False,Clear,False,0.0,False,False,0.585,High,21.9,45.2,272.2,0.186,0.429,0.979,Moderate traffic flow - standard adaptive signal timing in effect
EVT418876,2026-05-26 11:21:41,Trade Fair,J009,Majestic,8202,Weekday,False,Clear,False,0.0,False,False,0.359,Moderate,26.1,29.2,187.7,0.133,0.307,0.941,Moderate traffic flow - standard adaptive signal timing in effect
EVT418877,2026-03-07 14:02:20,Sports Fixture,J020,Malleshwaram Circle,14640,Weekend,False,Clear,False,0.0,False,False,0.335,Low,30.8,25.5,204.5,0.154,0.356,0.98,Moderate traffic flow - standard adaptive signal timing in effect
EVT418878,2025-02-10 17:31:35,Local Market Day,J020,Malleshwaram Circle,2907,Weekday,False,Clear,False,0.0,False,False,0.859,Severe,12.8,60.3,564.5,0.247,0.569,0.965,Heavy congestion detected - signal timing extended and reroute suggested
EVT418879,2025-03-08 16:42:26,Sports Fixture,J030,MG Road,14397,Weekend,False,Clear,False,0.0,False,False,0.687,High,17.0,54.5,416.7,0.222,0.513,0.958,Moderate traffic flow - standard adaptive signal timing in effect
EVT418880,2025-12-28 10:34:51,Trade Fair,J023,Basavanagudi,4622,Weekend,False,Clear,False,0.0,False,False,0.613,High,18.5,37.6,322.2,0.173,0.399,0.972,Moderate traffic flow - standard adaptive signal timing in effect
EVT418881,2025-08-10 16:08:21,Trade Fair,J020,Malleshwaram Circle,8832,Weekend,False,Clear,False,0.0,False,False,0.485,Moderate,22.5,34.1,298.3,0.213,0.493,0.988,Moderate traffic flow - standard adaptive signal timing in effect
EVT418882,2026-04-21 11:28:53,Concert,J031,Cubbon Road,9373,Weekday,False,Clear,False,0.0,False,False,0.224,Low,28.3,11.8,190.3,0.144,0.333,0.955,Normal free-flow traffic - standard signal timing maintained
EVT418883,2025-06-29 15:16:12,Concert,J009,Majestic,15191,Weekend,False,Clear,False,0.0,False,False,0.369,Moderate,32.2,30.2,138.8,0.109,0.253,0.954,Moderate traffic flow - standard adaptive signal timing in effect
EVT418884,2025-04-21 17:30:45,Sports Fixture,J020,Malleshwaram Circle,11901,Weekday,False,Rain,True,19.2,False,False,1.0,Severe,10.2,71.7,278.9,0.118,0.274,0.866,Heavy rain reducing visibility and grip - reduced speed and longer buffer advised
EVT418885,2026-03-29 18:20:18,Local Market Day,J040,City Market,2431,Weekend,False,Clear,False,0.0,False,False,0.884,Severe,11.7,59.7,380.3,0.17,0.393,0.966,Heavy congestion detected - signal timing extended and reroute suggested
EVT418886,2025-06-13 17:02:10,Concert,J031,Cubbon Road,10406,Weekday,False,Light Rain,True,4.1,False,False,0.816,Severe,16.9,64.5,221.8,0.147,0.339,0.902,Heavy rain reducing visibility and grip - reduced speed and longer buffer advised
EVT418887,2025-05-06 20:47:07,Trade Fair,J023,Basavanagudi,9321,Weekday,False,Clear,False,0.0,False,False,0.518,Moderate,22.1,33.4,253.4,0.178,0.411,0.99,Moderate traffic flow - standard adaptive signal timing in effect
EVT418888,2026-03-21 15:31:30,Concert,J012,Koramangala Sony World,24138,Weekend,False,Clear,False,0.0,False,False,0.506,Moderate,26.6,35.1,80.3,0.05,0.115,0.972,Moderate traffic flow - standard adaptive signal timing in effect
EVT418889,2025-12-19 17:17:43,Concert,J012,Koramangala Sony World,11621,Weekday,False,Clear,False,0.0,False,False,0.841,Severe,15.6,57.9,177.5,0.101,0.232,0.933,Heavy congestion detected - signal timing extended and reroute suggested
EVT418890,2026-01-20 17:48:50,Political Rally,J040,City Market,17523,Weekday,False,Clear,False,0.0,False,False,0.975,Severe,8.9,64.9,189.2,0.093,0.214,0.916,Heavy congestion detected - signal timing extended and reroute suggested
EVT418891,2025-04-02 06:07:12,Political Rally,J023,Basavanagudi,10767,Weekday,False,Clear,False,0.0,False,False,0.314,Low,28.9,16.4,168.8,0.13,0.3,0.962,Moderate traffic flow - standard adaptive signal timing in effect
EVT418892,2025-05-22 14:04:43,Concert,J023,Basavanagudi,10626,Weekday,False,Clear,False,0.0,False,False,0.242,Low,38.8,23.1,62.2,0.049,0.113,0.99,Normal free-flow traffic - standard signal timing maintained
EVT418893,2025-06-04 12:44:39,Local Market Day,J012,Koramangala Sony World,3518,Weekday,False,Rain,True,21.0,False,False,0.409,Moderate,23.4,35.1,177.0,0.098,0.226,0.904,Light rain detected - minor speed reduction advised
EVT418894,2025-10-23 00:46:49,Local Market Day,J009,Majestic,3632,Weekday,False,Clear,False,0.0,False,False,0.235,Low,35.6,16.6,152.7,0.156,0.36,0.98,Normal free-flow traffic - standard signal timing maintained
EVT418895,2026-03-11 08:43:03,Sports Fixture,J012,Koramangala Sony World,22582,Weekday,False,Clear,False,0.0,False,False,1.0,Severe,8.0,64.7,854.0,0.28,0.647,0.922,Heavy congestion detected - signal timing extended and reroute suggested
EVT418896,2025-10-23 17:44:03,Sports Fixture,J009,Majestic,17794,Weekday,False,Heavy Rain,True,38.4,False,False,1.0,Severe,8.7,73.4,434.0,0.158,0.366,0.875,Heavy rain reducing visibility and grip - reduced speed and longer buffer advised
EVT418897,2025-02-19 17:43:42,Sports Fixture,J009,Majestic,26859,Weekday,False,Clear,False,0.0,False,False,0.995,Severe,10.8,73.1,521.7,0.211,0.486,0.902,Heavy congestion detected - signal timing extended and reroute suggested
EVT418898,2025-08-15 09:27:28,Religious Festival,J030,MG Road,25946,Weekday,True,Clear,False,0.0,False,False,1.0,Severe,7.3,73.3,732.6,0.232,0.537,0.868,Festival crowd surge detected - alternate route and extended cycle recommended
EVT418899,2025-01-30 02:08:50,Trade Fair,J012,Koramangala Sony World,13432,Weekday,False,Clear,False,0.0,False,False,0.22,Low,34.6,12.2,139.0,0.109,0.251,0.953,Normal free-flow traffic - standard signal timing maintained
EVT418900,2025-01-28 17:11:39,Sports Fixture,J023,Basavanagudi,30141,Weekday,False,Clear,False,0.0,False,False,0.927,Severe,8.7,60.9,536.7,0.162,0.373,0.938,Heavy congestion detected - signal timing extended and reroute suggested
EVT418901,2025-12-04 17:23:35,Concert,J012,Koramangala Sony World,17608,Weekday,False,Clear,False,0.0,False,False,0.893,Severe,11.4,57.9,291.2,0.136,0.314,0.925,Heavy congestion detected - signal timing extended and reroute suggested
EVT418902,2026-06-19 17:31:08,Trade Fair,J030,MG Road,9387,Weekday,False,Rain,True,15.3,False,False,1.0,Severe,9.3,69.7,302.4,0.133,0.307,0.861,Heavy rain reducing visibility and grip - reduced speed and longer buffer advised
EVT418903,2025-10-13 07:23:14,Local Market Day,J031,Cubbon Road,5358,Weekday,False,Clear,False,0.0,False,False,0.614,High,18.8,49.2,224.9,0.126,0.291,0.972,Moderate traffic flow - standard adaptive signal timing in effect
EVT418904,2025-08-24 22:20:02,Sports Fixture,J040,City Market,14983,Weekend,False,Heavy Rain,True,25.3,False,False,0.587,High,20.0,44.0,192.2,0.132,0.304,0.915,Heavy rain reducing visibility and grip - reduced speed and longer buffer advised
EVT418905,2025-03-21 09:21:33,Local Market Day,J009,Majestic,4484,Weekday,False,Clear,False,0.0,False,False,0.977,Severe,9.1,66.3,540.5,0.186,0.429,0.937,Heavy congestion detected - signal timing extended and reroute suggested
EVT418906,2025-08-29 17:44:50,Sports Fixture,J040,City Market,26946,Weekday,False,Clear,False,0.0,False,False,1.0,Severe,9.1,70.3,683.8,0.249,0.575,0.936,Heavy congestion detected - signal timing extended and reroute suggested
EVT418907,2025-10-30 18:55:48,Concert,J031,Cubbon Road,11450,Weekday,False,Light Rain,True,4.6,False,False,1.0,Severe,6.6,70.7,1182.2,0.328,0.758,0.857,Heavy rain reducing visibility and grip - reduced speed and longer buffer advised
EVT418908,2025-02-25 17:41:11,Concert,J023,Basavanagudi,16374,Weekday,False,Clear,False,0.0,False,False,1.0,Severe,11.4,70.0,540.5,0.226,0.523,0.911,Heavy congestion detected - signal timing extended and reroute suggested
EVT418909,2026-01-16 06:41:40,Local Market Day,J011,Indiranagar 100ft Road,5935,Weekday,False,Clear,False,0.0,False,False,0.401,Moderate,27.8,27.8,90.3,0.069,0.158,0.958,Moderate traffic flow - standard adaptive signal timing in effect
EVT418910,2025-05-22 16:20:27,Trade Fair,J031,Cubbon Road,4332,Weekday,False,Clear,False,0.0,False,False,0.533,Moderate,26.9,35.9,226.6,0.162,0.374,0.971,Moderate traffic flow - standard adaptive signal timing in effect
EVT418911,2025-08-21 21:41:34,Local Market Day,J040,City Market,7201,Weekday,False,Clear,False,0.0,False,False,0.41,Moderate,25.3,26.5,154.0,0.104,0.239,0.963,Moderate traffic flow - standard adaptive signal timing in effect
EVT418912,2025-12-16 15:46:52,Sports Fixture,J011,Indiranagar 100ft Road,20480,Weekday,False,Clear,False,0.0,False,False,0.488,Moderate,25.4,33.3,253.3,0.193,0.445,0.97,Moderate traffic flow - standard adaptive signal timing in effect
EVT418913,2026-04-02 08:44:40,Trade Fair,J009,Majestic,8712,Weekday,False,Clear,False,0.0,False,False,1.0,Severe,9.6,73.2,480.8,0.2,0.463,0.906,Heavy congestion detected - signal timing extended and reroute suggested
EVT418914,2025-09-11 10:19:42,Concert,J011,Indiranagar 100ft Road,7935,Weekday,False,Light Rain,True,5.7,False,False,0.731,High,17.0,53.9,344.1,0.173,0.4,0.916,Heavy rain reducing visibility and grip - reduced speed and longer buffer advised
EVT418915,2025-02-19 06:05:46,Trade Fair,J040,City Market,5184,Weekday,False,Clear,False,0.0,False,False,0.28,Low,28.8,17.4,68.5,0.059,0.137,0.975,Moderate traffic flow - standard adaptive signal timing in effect
EVT418916,2025-06-07 06:04:54,Political Rally,J020,Malleshwaram Circle,11121,Weekend,False,Clear,False,0.0,False,False,0.464,Moderate,26.1,27.1,154.8,0.131,0.303,0.946,Moderate traffic flow - standard adaptive signal timing in effect
EVT418917,2025-05-13 05:47:01,Sports Fixture,J031,Cubbon Road,40522,Weekday,False,Clear,False,0.0,True,False,0.783,Severe,10.3,53.7,421.5,0.173,0.399,0.767,Accident detected nearby - reroute and reduced speed advised
EVT418918,2026-02-22 21:37:39,Concert,J030,MG Road,5987,Weekend,False,Clear,False,0.0,False,False,0.442,Moderate,26.4,31.0,273.2,0.19,0.439,0.96,Moderate traffic flow - standard adaptive signal timing in effect
EVT418919,2026-05-28 19:35:23,Concert,J012,Koramangala Sony World,13310,Weekday,False,Clear,False,0.0,False,False,0.906,Severe,12.3,68.0,228.5,0.113,0.261,0.948,Heavy congestion detected - signal timing extended and reroute suggested
EVT418920,2025-03-02 19:11:52,Concert,J040,City Market,15724,Weekend,False,Clear,False,0.0,False,False,0.879,Severe,12.3,65.2,196.3,0.103,0.238,0.934,Heavy congestion detected - signal timing extended and reroute suggested
EVT418921,2025-03-03 18:05:06,Concert,J011,Indiranagar 100ft Road,14171,Weekday,False,Clear,False,0.0,False,False,1.0,Severe,9.9,73.4,485.2,0.196,0.453,0.924,Heavy congestion detected - signal timing extended and reroute suggested
EVT418922,2025-08-28 17:35:23,Religious Festival,J030,MG Road,36322,Weekday,True,Rain,True,10.5,False,True,1.0,Severe,7.4,102.7,257.2,0.106,0.245,0.8,Road closure for event/procession - full detour recommended for through-traffic
EVT418923,2026-06-29 16:34:52,Political Rally,J040,City Market,20405,Weekday,False,Clear,False,0.0,False,False,0.648,High,17.7,44.9,243.6,0.15,0.347,0.963,Moderate traffic flow - standard adaptive signal timing in effect
EVT418924,2025-01-20 20:10:37,Local Market Day,J023,Basavanagudi,3624,Weekday,False,Clear,False,0.0,False,False,0.673,High,23.4,48.4,281.2,0.203,0.469,0.93,Moderate traffic flow - standard adaptive signal timing in effect
EVT418925,2025-03-27 12:47:07,Trade Fair,J012,Koramangala Sony World,14903,Weekday,False,Clear,False,0.0,False,False,0.296,Low,28.2,20.8,138.1,0.102,0.236,0.99,Moderate traffic flow - standard adaptive signal timing in effect
EVT418926,2026-06-20 15:40:41,Sports Fixture,J009,Majestic,41349,Weekend,False,Clear,False,0.0,False,False,0.596,High,29.1,39.5,74.3,0.048,0.112,0.963,Moderate traffic flow - standard adaptive signal timing in effect
EVT418927,2025-06-05 10:19:06,Sports Fixture,J040,City Market,12218,Weekday,False,Clear,False,0.0,False,False,0.679,High,16.7,48.0,256.1,0.145,0.336,0.975,Moderate traffic flow - standard adaptive signal timing in effect
EVT418928,2025-06-16 19:53:14,Local Market Day,J009,Majestic,5509,Weekday,False,Clear,False,0.0,False,False,0.826,Severe,8.6,54.7,377.1,0.145,0.335,0.945,Heavy congestion detected - signal timing extended and reroute suggested
EVT418929,2025-03-09 23:39:16,Concert,J030,MG Road,17033,Weekend,False,Clear,False,0.0,False,False,0.262,Low,21.6,16.4,196.3,0.127,0.294,0.971,Moderate traffic flow - standard adaptive signal timing in effect
EVT418930,2025-10-04 09:33:20,Political Rally,J040,City Market,9437,Weekend,False,Clear,False,0.0,False,False,0.825,Severe,11.5,58.9,290.3,0.147,0.34,0.968,Heavy congestion detected - signal timing extended and reroute suggested
EVT418931,2025-06-06 08:28:04,Local Market Day,J012,Koramangala Sony World,4509,Weekday,False,Clear,False,0.0,False,False,0.979,Severe,10.2,73.4,468.8,0.193,0.446,0.911,Heavy congestion detected - signal timing extended and reroute suggested
EVT418932,2025-04-23 16:45:44,Concert,J030,MG Road,9230,Weekday,False,Clear,False,0.0,False,False,0.637,High,17.4,45.5,214.4,0.127,0.292,0.952,Moderate traffic flow - standard adaptive signal timing in effect
EVT418933,2026-04-12 00:05:45,Sports Fixture,J040,City Market,33353,Weekend,False,Clear,False,0.0,False,False,0.397,Moderate,25.4,26.6,177.8,0.139,0.321,0.985,Moderate traffic flow - standard adaptive signal timing in effect
EVT418934,2025-12-10 20:10:31,Sports Fixture,J012,Koramangala Sony World,13049,Weekday,False,Clear,False,0.0,False,False,0.763,Severe,16.6,52.7,345.4,0.208,0.48,0.975,Heavy congestion detected - signal timing extended and reroute suggested
EVT418935,2026-05-08 18:34:30,Local Market Day,J030,MG Road,3677,Weekday,False,Clear,False,0.0,False,False,1.0,Severe,6.5,68.6,563.7,0.157,0.362,0.889,Heavy congestion detected - signal timing extended and reroute suggested
EVT418936,2025-03-06 14:56:09,Concert,J040,City Market,12857,Weekday,False,Clear,False,0.0,False,False,0.295,Low,33.3,18.4,140.9,0.112,0.258,0.969,Moderate traffic flow - standard adaptive signal timing in effect
EVT418937,2026-03-09 20:17:21,Trade Fair,J030,MG Road,6862,Weekday,False,Clear,False,0.0,False,False,0.643,High,20.6,47.8,252.3,0.17,0.393,0.973,Moderate traffic flow - standard adaptive signal timing in effect
EVT418938,2026-02-07 17:52:54,Sports Fixture,J030,MG Road,33748,Weekend,False,Clear,False,0.0,False,False,0.963,Severe,10.9,68.8,241.9,0.117,0.269,0.934,Heavy congestion detected - signal timing extended and reroute suggested
EVT418939,2025-08-04 07:17:10,Local Market Day,J023,Basavanagudi,6901,Weekday,False,Clear,False,0.0,False,False,0.546,Moderate,29.2,37.9,108.0,0.095,0.22,0.947,Moderate traffic flow - standard adaptive signal timing in effect
EVT418940,2025-01-07 16:01:08,Sports Fixture,J011,Indiranagar 100ft Road,28294,Weekday,False,Clear,False,0.0,False,False,0.586,High,26.5,42.6,168.1,0.131,0.303,0.958,Moderate traffic flow - standard adaptive signal timing in effect
EVT418941,2026-01-07 07:02:01,Local Market Day,J012,Koramangala Sony World,3325,Weekday,False,Clear,False,0.0,False,False,0.463,Moderate,24.8,32.2,153.0,0.109,0.253,0.959,Moderate traffic flow - standard adaptive signal timing in effect
EVT418942,2026-05-09 19:50:41,Local Market Day,J023,Basavanagudi,3535,Weekend,False,Clear,False,0.0,False,False,0.677,High,23.7,46.4,287.1,0.226,0.522,0.942,Moderate traffic flow - standard adaptive signal timing in effect
EVT418943,2025-03-01 08:57:46,Concert,J011,Indiranagar 100ft Road,20251,Weekend,False,Clear,False,0.0,False,False,0.918,Severe,8.8,62.5,571.3,0.206,0.476,0.926,Heavy congestion detected - signal timing extended and reroute suggested
EVT418944,2025-12-20 06:32:18,Sports Fixture,J011,Indiranagar 100ft Road,14593,Weekend,False,Light Rain,True,4.7,False,False,0.547,Moderate,24.0,35.9,334.2,0.224,0.518,0.954,Light rain detected - minor speed reduction advised
EVT418945,2026-05-20 05:18:04,Trade Fair,J020,Malleshwaram Circle,6527,Weekday,False,Clear,False,0.0,False,False,0.206,Low,25.5,20.9,152.6,0.096,0.221,0.956,Normal free-flow traffic - standard signal timing maintained
EVT418946,2026-01-05 14:01:57,Concert,J030,MG Road,22692,Weekday,False,Clear,False,0.0,False,False,0.222,Low,26.7,17.2,224.1,0.151,0.35,0.966,Normal free-flow traffic - standard signal timing maintained
EVT418947,2025-09-01 17:16:57,Trade Fair,J031,Cubbon Road,13033,Weekday,False,Clear,False,0.0,False,False,0.934,Severe,9.5,69.2,386.2,0.142,0.327,0.905,Heavy congestion detected - signal timing extended and reroute suggested
EVT418948,2025-03-10 14:10:03,Local Market Day,J020,Malleshwaram Circle,2113,Weekday,False,Clear,False,0.0,False,False,0.168,Low,33.6,12.3,100.3,0.075,0.174,0.989,Normal free-flow traffic - standard signal timing maintained
EVT418949,2026-05-15 23:57:27,Trade Fair,J020,Malleshwaram Circle,10357,Weekday,False,Clear,False,0.0,False,False,0.15,Low,36.5,10.8,125.0,0.107,0.246,0.985,Normal free-flow traffic - standard signal timing maintained
EVT418950,2025-11-28 19:57:05,Local Market Day,J031,Cubbon Road,2410,Weekday,False,Clear,False,0.0,False,False,0.735,High,19.0,52.6,381.1,0.214,0.495,0.981,Moderate traffic flow - standard adaptive signal timing in effect
EVT418951,2026-01-19 16:04:51,Sports Fixture,J030,MG Road,20652,Weekday,False,Clear,False,0.0,False,False,0.458,Moderate,23.4,36.0,269.6,0.164,0.379,0.973,Moderate traffic flow - standard adaptive signal timing in effect
EVT418952,2026-04-16 20:32:43,Local Market Day,J023,Basavanagudi,5132,Weekday,False,Clear,False,0.0,False,False,0.551,High,18.8,38.8,101.8,0.053,0.122,0.962,Moderate traffic flow - standard adaptive signal timing in effect
EVT418953,2026-03-19 09:24:33,Religious Festival,J030,MG Road,49242,Weekday,True,Clear,False,0.0,False,False,1.0,Severe,9.2,77.4,524.5,0.223,0.515,0.872,Festival crowd surge detected - alternate route and extended cycle recommended
EVT418954,2025-06-18 03:15:41,Local Market Day,J040,City Market,6228,Weekday,False,Rain,True,20.1,False,False,0.427,Moderate,25.2,32.0,147.4,0.099,0.23,0.929,Light rain detected - minor speed reduction advised
EVT418955,2026-04-28 13:07:42,Political Rally,J023,Basavanagudi,13151,Weekday,False,Rain,True,9.0,False,False,0.433,Moderate,25.0,33.8,233.8,0.174,0.402,0.939,Light rain detected - minor speed reduction advised
EVT418956,2025-10-29 14:12:43,Concert,J040,City Market,14071,Weekday,False,Clear,False,0.0,False,False,0.233,Low,32.7,18.7,135.8,0.123,0.284,0.943,Normal free-flow traffic - standard signal timing maintained
EVT418957,2026-03-04 12:32:31,Religious Festival,J031,Cubbon Road,42836,Weekday,True,Clear,False,0.0,False,False,0.608,High,16.8,46.6,241.9,0.145,0.335,0.91,Festival crowd surge detected - alternate route and extended cycle recommended
EVT418958,2026-03-24 21:35:30,Sports Fixture,J023,Basavanagudi,13808,Weekday,False,Clear,False,0.0,False,False,0.334,Low,28.5,19.7,196.5,0.168,0.388,0.96,Moderate traffic flow - standard adaptive signal timing in effect
EVT418959,2025-10-21 19:30:30,Religious Festival,J020,Malleshwaram Circle,64989,Weekday,True,Clear,False,0.0,False,True,1.0,Severe,9.1,97.9,476.9,0.188,0.433,0.832,Road closure for event/procession - full detour recommended for through-traffic
EVT418960,2025-05-06 12:41:51,Local Market Day,J023,Basavanagudi,4188,Weekday,False,Clear,False,0.0,False,False,0.229,Low,36.3,19.6,129.8,0.123,0.284,0.969,Normal free-flow traffic - standard signal timing maintained
EVT418961,2025-10-11 20:45:54,Concert,J023,Basavanagudi,14137,Weekend,False,Clear,False,0.0,False,False,0.564,High,21.1,41.4,307.3,0.187,0.431,0.961,Moderate traffic flow - standard adaptive signal timing in effect
EVT418962,2026-03-16 12:32:12,Concert,J011,Indiranagar 100ft Road,19626,Weekday,False,Clear,False,0.0,False,False,0.337,Low,29.5,22.9,150.9,0.119,0.275,0.96,Moderate traffic flow - standard adaptive signal timing in effect
EVT418963,2026-03-25 13:25:11,Local Market Day,J040,City Market,2227,Weekday,False,Clear,False,0.0,False,False,0.159,Low,32.6,5.2,75.4,0.064,0.147,0.961,Normal free-flow traffic - standard signal timing maintained
EVT418964,2025-09-10 07:28:34,Trade Fair,J012,Koramangala Sony World,5570,Weekday,False,Clear,False,0.0,False,False,0.571,High,24.9,49.0,133.1,0.091,0.209,0.984,Moderate traffic flow - standard adaptive signal timing in effect
EVT418965,2026-05-05 15:24:30,Concert,J011,Indiranagar 100ft Road,9931,Weekday,False,Heavy Rain,True,25.6,False,False,0.619,High,17.3,45.7,315.7,0.157,0.363,0.893,Heavy rain reducing visibility and grip - reduced speed and longer buffer advised
EVT418966,2026-05-11 20:06:28,Sports Fixture,J011,Indiranagar 100ft Road,19492,Weekday,False,Clear,False,0.0,False,False,0.74,High,15.1,55.2,394.6,0.215,0.496,0.964,Moderate traffic flow - standard adaptive signal timing in effect
EVT418967,2025-01-24 08:40:28,Local Market Day,J023,Basavanagudi,5021,Weekday,False,Clear,False,0.0,False,False,1.0,Severe,7.7,69.5,422.9,0.137,0.317,0.91,Heavy congestion detected - signal timing extended and reroute suggested
EVT418968,2026-03-04 17:35:46,Religious Festival,J031,Cubbon Road,34863,Weekday,True,Clear,False,0.0,False,True,1.0,Severe,7.7,100.8,547.2,0.166,0.384,0.803,Road closure for event/procession - full detour recommended for through-traffic
EVT418969,2026-05-22 08:37:13,Local Market Day,J023,Basavanagudi,3146,Weekday,False,Rain,True,15.1,False,False,1.0,Severe,7.7,68.6,672.7,0.222,0.512,0.897,Heavy rain reducing visibility and grip - reduced speed and longer buffer advised
EVT418970,2025-02-07 20:21:14,Concert,J020,Malleshwaram Circle,11209,Weekday,False,Clear,False,0.0,False,False,0.7,High,17.1,52.8,455.2,0.254,0.587,0.973,Moderate traffic flow - standard adaptive signal timing in effect
EVT418971,2025-01-11 12:33:56,Political Rally,J040,City Market,19247,Weekend,False,Clear,False,0.0,False,False,0.453,Moderate,23.1,29.1,168.7,0.096,0.222,0.99,Moderate traffic flow - standard adaptive signal timing in effect
EVT418972,2026-06-04 21:48:02,Trade Fair,J009,Majestic,8897,Weekday,False,Clear,False,0.0,False,False,0.299,Low,33.8,19.5,152.5,0.138,0.318,0.952,Moderate traffic flow - standard adaptive signal timing in effect
EVT418973,2026-02-22 14:27:39,Local Market Day,J040,City Market,2437,Weekend,False,Clear,False,0.0,False,False,0.194,Low,35.6,8.7,41.3,0.043,0.1,0.969,Normal free-flow traffic - standard signal timing maintained
EVT418974,2026-06-15 20:56:32,Political Rally,J020,Malleshwaram Circle,23054,Weekday,False,Rain,True,12.4,False,False,0.709,High,21.1,51.2,349.6,0.256,0.592,0.905,Heavy rain reducing visibility and grip - reduced speed and longer buffer advised
EVT418975,2025-06-22 11:10:17,Local Market Day,J031,Cubbon Road,3876,Weekend,False,Rain,True,15.0,False,False,0.614,High,19.3,38.1,211.6,0.119,0.274,0.919,Heavy rain reducing visibility and grip - reduced speed and longer buffer advised
EVT418976,2025-06-03 17:40:18,Concert,J031,Cubbon Road,11584,Weekday,False,Clear,False,0.0,False,False,0.976,Severe,11.3,72.1,523.4,0.249,0.574,0.92,Heavy congestion detected - signal timing extended and reroute suggested
EVT418977,2025-03-08 17:46:42,Local Market Day,J011,Indiranagar 100ft Road,3160,Weekend,False,Clear,False,0.0,False,False,0.751,Severe,17.1,52.0,228.6,0.137,0.317,0.955,Heavy congestion detected - signal timing extended and reroute suggested
EVT418978,2026-06-06 01:23:02,Local Market Day,J020,Malleshwaram Circle,7326,Weekend,False,Clear,False,0.0,False,False,0.251,Low,32.0,13.5,76.2,0.063,0.146,0.981,Moderate traffic flow - standard adaptive signal timing in effect
EVT418979,2025-08-27 12:43:06,Cultural Procession,J030,MG Road,20466,Weekday,True,Rain,True,20.7,False,True,0.912,Severe,7.8,88.7,326.0,0.12,0.277,0.809,Road closure for event/procession - full detour recommended for through-traffic
EVT418980,2025-02-10 08:50:29,Sports Fixture,J023,Basavanagudi,18326,Weekday,False,Light Rain,True,3.0,False,False,1.0,Severe,10.8,74.1,322.8,0.161,0.373,0.872,Heavy rain reducing visibility and grip - reduced speed and longer buffer advised
EVT418981,2025-12-12 07:27:37,Sports Fixture,J009,Majestic,25357,Weekday,False,Clear,False,0.0,False,False,0.694,High,20.6,50.7,286.6,0.176,0.405,0.949,Moderate traffic flow - standard adaptive signal timing in effect
EVT418982,2025-05-15 17:50:15,Local Market Day,J020,Malleshwaram Circle,6634,Weekday,False,Light Rain,True,5.4,False,False,1.0,Severe,8.0,64.7,206.3,0.079,0.182,0.879,Heavy rain reducing visibility and grip - reduced speed and longer buffer advised
EVT418983,2025-03-15 13:06:28,Religious Festival,J023,Basavanagudi,32070,Weekend,True,Clear,False,0.0,False,True,0.808,High,14.6,80.7,276.6,0.136,0.313,0.884,Road closure for event/procession - full detour recommended for through-traffic
EVT418984,2025-05-01 16:27:03,Cultural Procession,J011,Indiranagar 100ft Road,21454,Weekday,True,Clear,False,0.0,False,True,1.0,Severe,8.2,95.8,749.7,0.246,0.568,0.866,Road closure for event/procession - full detour recommended for through-traffic
EVT418985,2026-01-04 07:26:24,Local Market Day,J020,Malleshwaram Circle,3033,Weekend,False,Clear,False,0.0,False,False,0.614,High,19.7,48.2,101.0,0.063,0.145,0.958,Moderate traffic flow - standard adaptive signal timing in effect
EVT418986,2026-05-03 09:46:46,Sports Fixture,J011,Indiranagar 100ft Road,48944,Weekend,False,Clear,False,0.0,False,False,1.0,Severe,9.7,76.4,614.5,0.224,0.517,0.919,Heavy congestion detected - signal timing extended and reroute suggested
EVT418987,2025-05-31 10:20:49,Trade Fair,J023,Basavanagudi,12805,Weekend,False,Fog,False,0.0,False,False,0.711,High,15.6,60.2,335.1,0.183,0.423,0.974,Moderate traffic flow - standard adaptive signal timing in effect
EVT418988,2026-04-13 16:39:55,Sports Fixture,J031,Cubbon Road,25247,Weekday,False,Clear,False,0.0,False,False,0.727,High,18.5,48.7,256.8,0.159,0.367,0.938,Moderate traffic flow - standard adaptive signal timing in effect
EVT418989,2026-05-04 11:38:28,Political Rally,J040,City Market,20120,Weekday,False,Rain,True,13.1,False,False,0.556,High,26.1,41.4,271.2,0.224,0.518,0.924,Heavy rain reducing visibility and grip - reduced speed and longer buffer advised
EVT418990,2025-04-18 09:18:09,Concert,J030,MG Road,7130,Weekday,False,Clear,False,0.0,False,False,1.0,Severe,7.0,67.3,523.3,0.167,0.386,0.93,Heavy congestion detected - signal timing extended and reroute suggested
EVT418991,2025-10-18 18:25:14,Local Market Day,J011,Indiranagar 100ft Road,3475,Weekend,False,Clear,False,0.0,False,False,0.882,Severe,12.0,65.3,498.1,0.222,0.512,0.939,Heavy congestion detected - signal timing extended and reroute suggested
EVT418992,2026-02-11 09:33:01,Sports Fixture,J023,Basavanagudi,16972,Weekday,False,Clear,False,0.0,False,False,1.0,Severe,9.4,72.2,440.9,0.183,0.422,0.93,Heavy congestion detected - signal timing extended and reroute suggested
EVT418993,2025-12-12 09:13:09,Local Market Day,J031,Cubbon Road,4013,Weekday,False,Clear,False,0.0,False,False,1.0,Severe,7.9,70.0,610.0,0.184,0.424,0.908,Heavy congestion detected - signal timing extended and reroute suggested
EVT418994,2025-09-28 12:32:38,Local Market Day,J030,MG Road,4512,Weekend,False,Clear,False,0.0,False,False,0.221,Low,30.7,20.0,115.7,0.085,0.197,0.99,Normal free-flow traffic - standard signal timing maintained
EVT418995,2025-08-06 01:48:05,Concert,J023,Basavanagudi,8338,Weekday,False,Clear,False,0.0,False,False,0.134,Low,37.3,16.9,77.3,0.072,0.167,0.95,Normal free-flow traffic - standard signal timing maintained
EVT418996,2026-06-18 08:24:11,Trade Fair,J031,Cubbon Road,15841,Weekday,False,Clear,False,0.0,False,False,0.954,Severe,9.8,60.7,487.2,0.207,0.477,0.914,Heavy congestion detected - signal timing extended and reroute suggested
EVT418997,2025-04-04 20:25:09,Local Market Day,J030,MG Road,3860,Weekday,False,Clear,False,0.0,False,False,0.669,High,21.8,46.5,104.7,0.076,0.176,0.971,Moderate traffic flow - standard adaptive signal timing in effect
EVT418998,2026-06-12 18:27:39,Trade Fair,J040,City Market,10062,Weekday,False,Fog,False,0.0,False,False,1.0,Severe,7.8,69.5,729.5,0.228,0.526,0.909,Heavy congestion detected - signal timing extended and reroute suggested
EVT418999,2026-02-16 19:27:45,Local Market Day,J040,City Market,4217,Weekday,False,Clear,False,0.0,False,False,1.0,Severe,7.7,71.6,837.5,0.277,0.641,0.891,Heavy congestion detected - signal timing extended and reroute suggested
EVT419000,2026-04-30 09:24:43,Sports Fixture,J040,City Market,22367,Weekday,False,Rain,True,7.9,False,False,1.0,Severe,8.0,69.1,643.6,0.215,0.497,0.857,Heavy rain reducing visibility and grip - reduced speed and longer buffer advised
EVT419001,2025-10-10 18:46:39,Sports Fixture,J040,City Market,30288,Weekday,False,Rain,True,11.7,False,False,1.0,Severe,8.9,67.5,641.3,0.224,0.518,0.871,Heavy rain reducing visibility and grip - reduced speed and longer buffer advised
EVT419002,2025-02-13 08:01:45,Local Market Day,J011,Indiranagar 100ft Road,3210,Weekday,False,Clear,False,0.0,False,False,0.819,Severe,14.1,55.9,369.6,0.19,0.439,0.931,Heavy congestion detected - signal timing extended and reroute suggested
EVT419003,2026-03-19 12:17:20,Fireworks Display,J030,MG Road,44696,Weekday,True,Clear,False,0.0,False,False,0.673,High,16.8,45.6,349.5,0.198,0.457,0.904,Festival crowd surge detected - alternate route and extended cycle recommended
EVT419004,2025-05-09 17:15:31,Sports Fixture,J011,Indiranagar 100ft Road,20115,Weekday,False,Clear,False,0.0,False,False,0.913,Severe,10.0,67.4,788.8,0.286,0.66,0.931,Heavy congestion detected - signal timing extended and reroute suggested
EVT419005,2025-07-12 20:41:04,Political Rally,J023,Basavanagudi,14273,Weekend,False,Heavy Rain,True,73.9,False,False,0.871,Severe,12.1,58.1,582.5,0.253,0.585,0.909,Heavy rain reducing visibility and grip - reduced speed and longer buffer advised
EVT419006,2026-03-25 18:14:06,Sports Fixture,J020,Malleshwaram Circle,19118,Weekday,False,Light Rain,True,1.9,False,False,1.0,Severe,8.9,71.5,577.3,0.199,0.459,0.853,Heavy rain reducing visibility and grip - reduced speed and longer buffer advised
EVT419007,2025-03-06 17:23:26,Trade Fair,J030,MG Road,11358,Weekday,False,Clear,False,0.0,False,False,0.892,Severe,9.8,69.7,383.0,0.157,0.362,0.929,Heavy congestion detected - signal timing extended and reroute suggested
EVT419008,2025-10-11 17:01:45,Concert,J040,City Market,8805,Weekend,False,Clear,False,0.0,False,False,0.631,High,20.0,46.1,244.9,0.161,0.372,0.972,Moderate traffic flow - standard adaptive signal timing in effect
EVT419009,2026-01-11 02:48:32,Trade Fair,J023,Basavanagudi,7906,Weekend,False,Clear,False,0.0,False,False,0.249,Low,35.7,22.3,94.7,0.108,0.251,0.946,Normal free-flow traffic - standard signal timing maintained
EVT419010,2025-03-31 08:32:34,Religious Festival,J020,Malleshwaram Circle,30778,Weekday,True,Clear,False,0.0,False,False,1.0,Severe,9.7,67.2,781.0,0.292,0.673,0.868,Festival crowd surge detected - alternate route and extended cycle recommended
EVT419011,2025-07-05 18:49:38,Local Market Day,J040,City Market,3655,Weekend,False,Clear,False,0.0,False,False,0.833,Severe,15.1,63.2,238.7,0.135,0.311,0.969,Heavy congestion detected - signal timing extended and reroute suggested
EVT419012,2025-03-01 19:22:11,Sports Fixture,J009,Majestic,28317,Weekend,False,Clear,False,0.0,False,False,0.899,Severe,10.5,64.2,359.2,0.148,0.341,0.946,Heavy congestion detected - signal timing extended and reroute suggested
EVT419013,2025-03-08 21:19:35,Concert,J012,Koramangala Sony World,9267,Weekend,False,Clear,False,0.0,False,False,0.419,Moderate,18.0,32.7,285.7,0.148,0.343,0.97,Moderate traffic flow - standard adaptive signal timing in effect
EVT419014,2025-01-18 21:27:27,Concert,J030,MG Road,15849,Weekend,False,Fog,False,0.0,False,False,0.452,Moderate,30.9,30.9,116.1,0.088,0.203,0.976,Moderate traffic flow - standard adaptive signal timing in effect
EVT419015,2025-02-08 09:44:22,Local Market Day,J012,Koramangala Sony World,2723,Weekend,False,Clear,False,0.0,False,False,0.766,Severe,16.0,56.4,344.6,0.191,0.442,0.978,Heavy congestion detected - signal timing extended and reroute suggested
EVT419016,2026-01-09 06:26:07,Concert,J020,Malleshwaram Circle,11351,Weekday,False,Clear,False,0.0,False,False,0.263,Low,34.9,11.5,97.8,0.105,0.244,0.988,Moderate traffic flow - standard adaptive signal timing in effect
EVT419017,2025-01-02 09:07:23,Local Market Day,J031,Cubbon Road,5559,Weekday,False,Fog,False,0.0,False,False,0.974,Severe,7.9,67.3,791.6,0.252,0.582,0.914,Heavy congestion detected - signal timing extended and reroute suggested
EVT419018,2026-04-09 17:52:08,Trade Fair,J009,Majestic,6186,Weekday,False,Clear,False,0.0,False,False,0.945,Severe,7.7,68.8,602.0,0.184,0.425,0.937,Heavy congestion detected - signal timing extended and reroute suggested
EVT419019,2025-10-04 19:42:08,Concert,J009,Majestic,8992,Weekend,False,Clear,False,0.0,False,False,0.706,High,16.8,43.2,202.2,0.109,0.253,0.955,Moderate traffic flow - standard adaptive signal timing in effect
EVT419020,2026-04-26 21:45:49,Local Market Day,J040,City Market,3030,Weekend,False,Clear,False,0.0,False,False,0.348,Low,24.1,19.8,153.2,0.093,0.216,0.929,Moderate traffic flow - standard adaptive signal timing in effect
EVT419021,2026-04-23 06:52:39,Concert,J009,Majestic,15039,Weekday,False,Rain,True,9.6,False,False,0.656,High,22.6,51.6,181.8,0.129,0.299,0.906,Heavy rain reducing visibility and grip - reduced speed and longer buffer advised
EVT419022,2025-03-16 19:42:53,Concert,J030,MG Road,22292,Weekend,False,Clear,False,0.0,False,False,0.821,Severe,14.6,61.8,345.7,0.185,0.427,0.951,Heavy congestion detected - signal timing extended and reroute suggested
EVT419023,2025-09-28 09:38:05,Sports Fixture,J009,Majestic,17977,Weekend,False,Clear,False,0.0,False,False,0.887,Severe,11.9,67.5,581.8,0.263,0.608,0.922,Heavy congestion detected - signal timing extended and reroute suggested
EVT419024,2026-06-19 19:00:56,Trade Fair,J040,City Market,12608,Weekday,False,Rain,True,13.0,False,False,1.0,Severe,7.8,72.1,205.4,0.089,0.206,0.862,Heavy rain reducing visibility and grip - reduced speed and longer buffer advised
EVT419025,2026-03-05 18:42:11,Cultural Procession,J012,Koramangala Sony World,14337,Weekday,True,Clear,False,0.0,False,True,1.0,Severe,7.5,107.2,852.6,0.267,0.617,0.823,Road closure for event/procession - full detour recommended for through-traffic
EVT419026,2025-10-17 08:21:27,Concert,J011,Indiranagar 100ft Road,15620,Weekday,False,Rain,True,11.1,False,False,1.0,Severe,8.2,74.1,728.7,0.247,0.571,0.891,Heavy rain reducing visibility and grip - reduced speed and longer buffer advised
EVT419027,2025-07-12 07:10:03,Local Market Day,J020,Malleshwaram Circle,1824,Weekend,False,Heavy Rain,True,95.2,False,False,0.787,Severe,13.4,54.1,357.7,0.18,0.416,0.908,Heavy rain reducing visibility and grip - reduced speed and longer buffer advised
EVT419028,2025-04-14 09:54:47,Religious Festival,J040,City Market,76652,Weekday,True,Clear,False,0.0,False,False,1.0,Severe,7.9,67.0,367.8,0.131,0.302,0.887,Festival crowd surge detected - alternate route and extended cycle recommended
EVT419029,2026-06-24 12:05:52,Local Market Day,J012,Koramangala Sony World,4944,Weekday,False,Clear,False,0.0,False,False,0.213,Low,38.2,15.3,134.6,0.13,0.301,0.955,Normal free-flow traffic - standard signal timing maintained
EVT419030,2026-01-07 17:22:50,Concert,J023,Basavanagudi,16129,Weekday,False,Clear,False,0.0,False,False,0.908,Severe,11.1,65.0,489.6,0.211,0.488,0.946,Heavy congestion detected - signal timing extended and reroute suggested
EVT419031,2025-01-26 06:44:49,Religious Festival,J031,Cubbon Road,47220,Weekend,True,Clear,False,0.0,False,True,0.969,Severe,11.0,95.3,565.8,0.242,0.558,0.85,Road closure for event/procession - full detour recommended for through-traffic
EVT419032,2025-04-16 21:04:45,Trade Fair,J031,Cubbon Road,6290,Weekday,False,Clear,False,0.0,False,False,0.458,Moderate,31.0,31.6,182.7,0.17,0.392,0.959,Moderate traffic flow - standard adaptive signal timing in effect
EVT419033,2025-05-29 06:03:39,Sports Fixture,J040,City Market,12909,Weekday,False,Clear,False,0.0,False,False,0.263,Low,26.7,14.4,150.0,0.106,0.245,0.949,Moderate traffic flow - standard adaptive signal timing in effect
EVT419034,2026-02-01 11:23:01,Local Market Day,J030,MG Road,8368,Weekend,False,Light Rain,True,2.9,False,False,0.443,Moderate,22.9,38.8,165.4,0.102,0.235,0.914,Light rain detected - minor speed reduction advised
EVT419035,2026-05-13 18:31:16,Sports Fixture,J031,Cubbon Road,24959,Weekday,False,Clear,False,0.0,False,False,1.0,Severe,8.5,70.9,634.2,0.211,0.488,0.908,Heavy congestion detected - signal timing extended and reroute suggested
EVT419036,2026-04-25 09:00:22,Political Rally,J012,Koramangala Sony World,15530,Weekend,False,Clear,False,0.0,False,False,0.972,Severe,9.3,72.1,263.6,0.108,0.249,0.936,Heavy congestion detected - signal timing extended and reroute suggested
EVT419037,2026-01-10 07:46:52,Local Market Day,J031,Cubbon Road,5105,Weekend,False,Clear,False,0.0,False,False,0.595,High,21.9,42.7,159.8,0.115,0.266,0.967,Moderate traffic flow - standard adaptive signal timing in effect
EVT419038,2026-04-17 09:50:28,Concert,J011,Indiranagar 100ft Road,16687,Weekday,False,Clear,False,0.0,False,False,0.903,Severe,10.6,60.5,314.1,0.119,0.275,0.94,Heavy congestion detected - signal timing extended and reroute suggested
EVT419039,2025-08-02 11:09:30,Sports Fixture,J020,Malleshwaram Circle,20247,Weekend,False,Rain,True,17.3,False,False,0.672,High,15.1,48.2,310.1,0.148,0.341,0.94,Heavy rain reducing visibility and grip - reduced speed and longer buffer advised
EVT419040,2026-05-17 22:34:05,Local Market Day,J020,Malleshwaram Circle,3968,Weekend,False,Clear,False,0.0,False,False,0.294,Low,31.4,20.8,188.8,0.156,0.361,0.965,Moderate traffic flow - standard adaptive signal timing in effect
EVT419041,2026-04-14 09:16:45,Religious Festival,J012,Koramangala Sony World,42278,Weekday,True,Clear,False,0.0,False,True,1.0,Severe,9.3,109.5,563.9,0.235,0.544,0.846,Road closure for event/procession - full detour recommended for through-traffic
EVT419042,2025-12-11 10:36:24,Local Market Day,J031,Cubbon Road,2585,Weekday,False,Clear,False,0.0,False,False,0.566,High,26.8,45.1,83.7,0.039,0.091,0.966,Moderate traffic flow - standard adaptive signal timing in effect
EVT419043,2025-05-01 10:58:59,Cultural Procession,J011,Indiranagar 100ft Road,24534,Weekday,True,Clear,False,0.0,False,True,0.877,High,10.4,82.5,456.4,0.179,0.414,0.862,Road closure for event/procession - full detour recommended for through-traffic
EVT419044,2025-04-14 10:31:06,Religious Festival,J009,Majestic,31411,Weekday,True,Clear,False,0.0,False,True,1.0,Severe,10.0,110.7,560.5,0.232,0.535,0.845,Road closure for event/procession - full detour recommended for through-traffic
EVT419045,2025-07-23 08:58:03,Concert,J009,Majestic,16468,Weekday,False,Clear,False,0.0,False,False,1.0,Severe,8.8,70.9,387.3,0.152,0.351,0.91,Heavy congestion detected - signal timing extended and reroute suggested
EVT419046,2025-11-14 17:04:54,Political Rally,J023,Basavanagudi,16181,Weekday,False,Clear,False,0.0,False,False,0.795,Severe,15.1,58.1,227.5,0.139,0.322,0.974,Heavy congestion detected - signal timing extended and reroute suggested
EVT419047,2026-03-03 11:26:12,Trade Fair,J030,MG Road,6858,Weekday,False,Clear,False,0.0,False,False,0.329,Low,30.9,19.5,139.1,0.125,0.29,0.964,Moderate traffic flow - standard adaptive signal timing in effect
EVT419048,2025-11-14 19:06:07,Trade Fair,J009,Majestic,14089,Weekday,False,Clear,False,0.0,False,False,1.0,Severe,7.4,67.3,975.3,0.281,0.649,0.921,Heavy congestion detected - signal timing extended and reroute suggested
EVT419049,2026-05-11 10:05:25,Local Market Day,J023,Basavanagudi,3192,Weekday,False,Clear,False,0.0,False,False,0.729,High,17.9,51.6,263.4,0.146,0.338,0.971,Moderate traffic flow - standard adaptive signal timing in effect
EVT419050,2025-12-27 15:55:19,Trade Fair,J031,Cubbon Road,8064,Weekend,False,Clear,False,0.0,False,False,0.474,Moderate,31.4,36.1,165.3,0.133,0.308,0.987,Moderate traffic flow - standard adaptive signal timing in effect
EVT419051,2025-02-12 19:18:41,Trade Fair,J030,MG Road,17760,Weekday,False,Clear,False,0.0,False,False,1.0,Severe,8.0,69.7,484.8,0.165,0.381,0.917,Heavy congestion detected - signal timing extended and reroute suggested
EVT419052,2026-02-13 08:25:52,Local Market Day,J012,Koramangala Sony World,3022,Weekday,False,Clear,False,0.0,False,False,0.98,Severe,9.2,63.3,707.9,0.238,0.55,0.935,Heavy congestion detected - signal timing extended and reroute suggested
EVT419053,2025-02-05 08:16:16,Concert,J031,Cubbon Road,13404,Weekday,False,Clear,False,0.0,False,False,1.0,Severe,9.6,67.5,442.0,0.179,0.414,0.934,Heavy congestion detected - signal timing extended and reroute suggested
EVT419054,2025-05-16 20:37:35,Trade Fair,J009,Majestic,9050,Weekday,False,Clear,False,0.0,False,False,0.523,Moderate,22.9,35.7,148.9,0.097,0.224,0.988,Moderate traffic flow - standard adaptive signal timing in effect
EVT419055,2025-06-18 22:25:54,Sports Fixture,J031,Cubbon Road,13257,Weekday,False,Clear,False,0.0,False,False,0.275,Low,28.8,11.6,126.8,0.104,0.241,0.954,Moderate traffic flow - standard adaptive signal timing in effect
EVT419056,2026-06-12 15:59:38,Sports Fixture,J040,City Market,17995,Weekday,False,Clear,False,0.0,False,False,0.549,Moderate,27.1,35.0,181.7,0.156,0.36,0.972,Moderate traffic flow - standard adaptive signal timing in effect
EVT419057,2025-08-30 12:00:23,Local Market Day,J040,City Market,3633,Weekend,False,Clear,False,0.0,False,False,0.308,Low,23.6,15.4,116.7,0.076,0.176,0.959,Moderate traffic flow - standard adaptive signal timing in effect
EVT419058,2025-11-05 16:14:41,Concert,J009,Majestic,13175,Weekday,False,Light Rain,True,5.1,False,False,0.612,High,20.1,52.1,332.2,0.206,0.475,0.911,Heavy rain reducing visibility and grip - reduced speed and longer buffer advised
EVT419059,2025-07-21 19:29:11,Political Rally,J012,Koramangala Sony World,11902,Weekday,False,Clear,False,0.0,False,False,0.974,Severe,10.4,70.7,318.8,0.147,0.34,0.92,Heavy congestion detected - signal timing extended and reroute suggested
EVT419060,2025-01-03 21:54:07,Local Market Day,J031,Cubbon Road,5155,Weekday,False,Clear,False,0.0,False,False,0.207,Low,25.2,11.4,113.5,0.085,0.195,0.98,Normal free-flow traffic - standard signal timing maintained
EVT419061,2025-11-24 13:46:56,Political Rally,J009,Majestic,16769,Weekday,False,Clear,False,0.0,False,False,0.251,Low,19.4,21.9,284.3,0.123,0.284,0.968,Moderate traffic flow - standard adaptive signal timing in effect
EVT419062,2025-12-30 23:28:17,Concert,J023,Basavanagudi,10904,Weekday,False,Clear,False,0.0,False,False,0.229,Low,35.1,17.3,118.0,0.086,0.198,0.965,Normal free-flow traffic - standard signal timing maintained
EVT419063,2026-06-29 14:38:20,Local Market Day,J011,Indiranagar 100ft Road,3148,Weekday,False,Heavy Rain,True,87.3,False,False,0.522,Moderate,22.9,40.8,175.7,0.119,0.275,0.911,Light rain detected - minor speed reduction advised
EVT419064,2025-08-09 08:08:58,Sports Fixture,J031,Cubbon Road,29055,Weekend,False,Heavy Rain,True,36.7,False,False,1.0,Severe,8.2,71.5,907.7,0.296,0.683,0.877,Heavy rain reducing visibility and grip - reduced speed and longer buffer advised
EVT419065,2026-04-19 07:11:41,Political Rally,J009,Majestic,19563,Weekend,False,Clear,False,0.0,False,False,0.665,High,21.8,51.0,246.0,0.189,0.437,0.962,Moderate traffic flow - standard adaptive signal timing in effect
EVT419066,2025-04-11 18:21:40,Local Market Day,J031,Cubbon Road,4340,Weekday,False,Clear,False,0.0,False,False,1.0,Severe,8.3,70.9,781.6,0.245,0.567,0.892,Heavy congestion detected - signal timing extended and reroute suggested
EVT419067,2026-03-08 23:53:49,Local Market Day,J020,Malleshwaram Circle,5190,Weekend,False,Clear,False,0.0,False,False,0.217,Low,36.5,16.8,188.5,0.156,0.361,0.961,Normal free-flow traffic - standard signal timing maintained
EVT419068,2026-06-18 13:55:31,Trade Fair,J031,Cubbon Road,8519,Weekday,False,Clear,False,0.0,False,False,0.208,Low,27.5,15.0,204.5,0.152,0.351,0.966,Normal free-flow traffic - standard signal timing maintained
EVT419069,2025-06-10 15:02:14,Concert,J020,Malleshwaram Circle,6432,Weekday,False,Clear,False,0.0,False,False,0.277,Low,34.6,16.6,101.6,0.099,0.228,0.982,Moderate traffic flow - standard adaptive signal timing in effect
EVT419070,2026-05-07 02:02:42,Local Market Day,J012,Koramangala Sony World,8326,Weekday,False,Clear,False,0.0,False,False,0.168,Low,28.9,14.5,243.7,0.193,0.446,0.953,Normal free-flow traffic - standard signal timing maintained
EVT419071,2025-05-13 22:56:48,Concert,J040,City Market,6612,Weekday,False,Clear,False,0.0,False,False,0.302,Low,31.5,16.0,110.3,0.074,0.171,0.954,Moderate traffic flow - standard adaptive signal timing in effect
EVT419072,2025-07-20 10:49:06,Concert,J009,Majestic,20627,Weekend,False,Clear,False,0.0,False,False,0.628,High,27.1,42.4,154.0,0.127,0.294,0.95,Moderate traffic flow - standard adaptive signal timing in effect
EVT419073,2025-12-21 09:38:06,Political Rally,J009,Majestic,7959,Weekend,False,Clear,False,0.0,False,False,0.872,Severe,13.4,67.6,235.1,0.134,0.31,0.948,Heavy congestion detected - signal timing extended and reroute suggested
EVT419074,2025-10-24 16:03:33,Local Market Day,J009,Majestic,4510,Weekday,False,Clear,False,0.0,False,False,0.397,Moderate,32.8,29.1,132.6,0.117,0.269,0.976,Moderate traffic flow - standard adaptive signal timing in effect
EVT419075,2025-03-05 19:41:04,Concert,J020,Malleshwaram Circle,10894,Weekday,False,Clear,False,0.0,False,False,0.891,Severe,11.3,64.6,626.1,0.269,0.621,0.941,Heavy congestion detected - signal timing extended and reroute suggested
EVT419076,2025-01-04 12:31:57,Sports Fixture,J009,Majestic,20102,Weekend,False,Clear,False,0.0,False,False,0.371,Moderate,32.8,26.8,186.4,0.165,0.381,0.946,Moderate traffic flow - standard adaptive signal timing in effect
EVT419077,2026-04-27 08:50:23,Concert,J031,Cubbon Road,12011,Weekday,False,Clear,False,0.0,False,False,1.0,Severe,9.5,72.2,466.5,0.209,0.483,0.912,Heavy congestion detected - signal timing extended and reroute suggested
EVT419078,2025-07-09 16:15:21,Local Market Day,J031,Cubbon Road,2998,Weekday,False,Light Rain,True,3.8,False,False,0.56,High,23.2,39.2,150.8,0.098,0.225,0.924,Heavy rain reducing visibility and grip - reduced speed and longer buffer advised
EVT419079,2025-04-30 07:47:02,Local Market Day,J020,Malleshwaram Circle,3425,Weekday,False,Clear,False,0.0,False,False,0.636,High,16.9,51.6,205.3,0.126,0.291,0.961,Moderate traffic flow - standard adaptive signal timing in effect
EVT419080,2025-04-20 18:07:30,Sports Fixture,J012,Koramangala Sony World,19478,Weekend,False,Clear,False,0.0,False,False,1.0,Severe,8.3,70.6,626.4,0.209,0.483,0.938,Heavy congestion detected - signal timing extended and reroute suggested
EVT419081,2026-04-17 11:05:27,Trade Fair,J011,Indiranagar 100ft Road,6728,Weekday,False,Rain,True,11.5,False,False,0.508,Moderate,16.3,39.0,273.3,0.126,0.291,0.902,Light rain detected - minor speed reduction advised
EVT419082,2025-04-29 16:18:33,Political Rally,J020,Malleshwaram Circle,17665,Weekday,False,Clear,False,0.0,False,False,0.586,High,19.6,44.4,263.9,0.14,0.324,0.968,Moderate traffic flow - standard adaptive signal timing in effect
EVT419083,2025-06-11 11:24:33,Sports Fixture,J031,Cubbon Road,27997,Weekday,False,Clear,False,0.0,False,False,0.505,Moderate,23.2,38.1,162.6,0.122,0.282,0.98,Moderate traffic flow - standard adaptive signal timing in effect
EVT419084,2025-11-08 10:54:26,Local Market Day,J020,Malleshwaram Circle,3161,Weekend,False,Clear,False,0.0,False,False,0.404,Moderate,33.6,27.9,136.6,0.121,0.28,0.959,Moderate traffic flow - standard adaptive signal timing in effect
EVT419085,2025-01-06 14:35:31,Local Market Day,J030,MG Road,4445,Weekday,False,Fog,False,0.0,False,False,0.119,Low,31.6,12.8,133.0,0.096,0.221,0.99,Normal free-flow traffic - standard signal timing maintained
EVT419086,2025-07-31 17:33:58,Sports Fixture,J030,MG Road,11808,Weekday,False,Clear,False,0.0,False,False,0.918,Severe,11.1,67.5,356.4,0.127,0.292,0.942,Heavy congestion detected - signal timing extended and reroute suggested
EVT419087,2025-10-09 10:40:38,Concert,J030,MG Road,11264,Weekday,False,Rain,True,19.1,False,False,0.843,Severe,13.6,59.6,236.6,0.121,0.28,0.898,Heavy rain reducing visibility and grip - reduced speed and longer buffer advised
EVT419088,2025-12-24 17:22:03,Local Market Day,J023,Basavanagudi,4798,Weekday,False,Clear,False,0.0,False,False,0.816,Severe,18.8,60.1,290.7,0.169,0.391,0.942,Heavy congestion detected - signal timing extended and reroute suggested
EVT419089,2025-06-09 16:56:20,Local Market Day,J023,Basavanagudi,4386,Weekday,False,Clear,False,0.0,False,False,0.646,High,19.9,51.0,242.3,0.123,0.285,0.958,Moderate traffic flow - standard adaptive signal timing in effect
EVT419090,2025-06-24 08:04:26,Trade Fair,J030,MG Road,8869,Weekday,False,Rain,True,24.9,False,False,1.0,Severe,10.4,67.5,540.0,0.225,0.521,0.884,Heavy rain reducing visibility and grip - reduced speed and longer buffer advised
EVT419091,2025-07-13 06:41:34,Local Market Day,J020,Malleshwaram Circle,8679,Weekend,False,Fog,False,0.0,False,False,0.323,Low,27.4,19.9,152.7,0.106,0.244,0.972,Moderate traffic flow - standard adaptive signal timing in effect
EVT419092,2026-02-17 05:40:55,Local Market Day,J009,Majestic,3956,Weekday,False,Clear,False,0.0,True,False,0.589,High,19.6,35.9,166.7,0.111,0.257,0.807,Accident detected nearby - reroute and reduced speed advised
EVT419093,2025-08-20 18:36:02,Local Market Day,J012,Koramangala Sony World,2915,Weekday,False,Rain,True,12.7,False,False,1.0,Severe,8.9,69.6,265.7,0.113,0.26,0.844,Heavy rain reducing visibility and grip - reduced speed and longer buffer advised
EVT419094,2025-05-27 20:43:22,Political Rally,J031,Cubbon Road,34234,Weekday,False,Clear,False,0.0,False,False,0.573,High,26.4,42.3,232.5,0.189,0.436,0.987,Moderate traffic flow - standard adaptive signal timing in effect
EVT419095,2025-12-31 12:51:54,Concert,J011,Indiranagar 100ft Road,8692,Weekday,False,Clear,False,0.0,False,False,0.225,Low,30.5,15.2,160.5,0.132,0.306,0.938,Normal free-flow traffic - standard signal timing maintained
EVT419096,2025-06-20 19:04:03,Trade Fair,J040,City Market,6936,Weekday,False,Clear,False,0.0,False,False,0.98,Severe,10.4,64.7,403.1,0.183,0.423,0.935,Heavy congestion detected - signal timing extended and reroute suggested
EVT419097,2025-08-01 10:35:05,Sports Fixture,J031,Cubbon Road,16652,Weekday,False,Rain,True,12.6,False,False,0.822,Severe,13.0,60.2,416.9,0.166,0.385,0.922,Heavy rain reducing visibility and grip - reduced speed and longer buffer advised
EVT419098,2025-11-21 15:38:08,Sports Fixture,J031,Cubbon Road,26461,Weekday,False,Clear,False,0.0,False,False,0.471,Moderate,23.7,35.5,247.9,0.173,0.4,0.95,Moderate traffic flow - standard adaptive signal timing in effect
EVT419099,2025-09-27 11:55:02,Local Market Day,J011,Indiranagar 100ft Road,3830,Weekend,False,Clear,False,0.0,False,False,0.306,Low,25.3,16.6,192.6,0.158,0.366,0.955,Moderate traffic flow - standard adaptive signal timing in effect
EVT419100,2026-01-22 17:09:40,Concert,J012,Koramangala Sony World,10218,Weekday,False,Clear,False,0.0,False,False,0.831,Severe,16.4,59.0,297.2,0.176,0.406,0.952,Heavy congestion detected - signal timing extended and reroute suggested
EVT419101,2025-12-27 08:06:38,Concert,J031,Cubbon Road,6770,Weekend,False,Clear,False,0.0,False,False,0.688,High,20.8,46.2,181.7,0.116,0.268,0.97,Moderate traffic flow - standard adaptive signal timing in effect
EVT419102,2025-05-04 10:55:34,Local Market Day,J031,Cubbon Road,5145,Weekend,False,Clear,False,0.0,False,False,0.335,Low,28.5,26.1,186.5,0.149,0.343,0.955,Moderate traffic flow - standard adaptive signal timing in effect
EVT419103,2025-05-03 15:39:37,Trade Fair,J009,Majestic,5447,Weekend,False,Clear,False,0.0,False,False,0.473,Moderate,23.9,37.8,183.8,0.124,0.285,0.957,Moderate traffic flow - standard adaptive signal timing in effect
EVT419104,2026-05-06 18:19:29,Local Market Day,J040,City Market,2877,Weekday,False,Clear,False,0.0,False,False,1.0,Severe,8.3,73.3,634.5,0.225,0.519,0.922,Heavy congestion detected - signal timing extended and reroute suggested
EVT419105,2025-10-06 20:34:41,Local Market Day,J031,Cubbon Road,1982,Weekday,False,Clear,False,0.0,False,False,0.486,Moderate,30.6,42.9,187.8,0.165,0.382,0.94,Moderate traffic flow - standard adaptive signal timing in effect
EVT419106,2025-04-15 19:42:10,Religious Festival,J030,MG Road,48067,Weekday,True,Clear,False,0.0,False,True,1.0,Severe,10.2,108.0,711.8,0.292,0.674,0.829,Road closure for event/procession - full detour recommended for through-traffic
EVT419107,2026-01-23 08:48:04,Local Market Day,J011,Indiranagar 100ft Road,2652,Weekday,False,Fog,False,0.0,False,False,0.976,Severe,10.4,67.0,263.8,0.105,0.244,0.916,Heavy congestion detected - signal timing extended and reroute suggested
EVT419108,2026-05-06 11:35:36,Concert,J031,Cubbon Road,8067,Weekday,False,Clear,False,0.0,False,False,0.303,Low,28.8,19.7,114.8,0.084,0.194,0.966,Moderate traffic flow - standard adaptive signal timing in effect
EVT419109,2025-04-02 14:09:43,Trade Fair,J040,City Market,10364,Weekday,False,Clear,False,0.0,False,False,0.276,Low,35.4,26.8,60.5,0.052,0.12,0.956,Moderate traffic flow - standard adaptive signal timing in effect
EVT419110,2026-04-23 21:24:36,Local Market Day,J023,Basavanagudi,3141,Weekday,False,Clear,False,0.0,False,False,0.445,Moderate,34.9,33.7,139.2,0.135,0.311,0.973,Moderate traffic flow - standard adaptive signal timing in effect
EVT419111,2026-05-12 09:35:59,Local Market Day,J040,City Market,3901,Weekday,False,Clear,False,0.0,False,False,0.975,Severe,8.8,76.5,387.7,0.151,0.348,0.92,Heavy congestion detected - signal timing extended and reroute suggested
EVT419112,2026-04-07 15:12:00,Sports Fixture,J031,Cubbon Road,15719,Weekday,False,Fog,False,0.0,False,False,0.35,Low,32.3,18.6,161.1,0.141,0.327,0.953,Moderate traffic flow - standard adaptive signal timing in effect
EVT419113,2026-03-28 20:20:08,Sports Fixture,J009,Majestic,26154,Weekend,False,Clear,False,0.0,False,False,0.748,High,16.7,59.2,401.2,0.237,0.549,0.99,Moderate traffic flow - standard adaptive signal timing in effect
EVT419114,2025-03-07 08:02:23,Local Market Day,J031,Cubbon Road,4982,Weekday,False,Clear,False,0.0,False,False,0.802,Severe,15.2,61.6,366.1,0.202,0.467,0.939,Heavy congestion detected - signal timing extended and reroute suggested
EVT419115,2025-05-12 23:26:43,Local Market Day,J012,Koramangala Sony World,7506,Weekday,False,Clear,False,0.0,False,False,0.207,Low,28.0,17.8,202.5,0.149,0.345,0.933,Normal free-flow traffic - standard signal timing maintained
EVT419116,2026-01-15 10:31:29,Cultural Procession,J009,Majestic,9872,Weekday,True,Clear,False,0.0,False,True,1.0,Severe,9.8,94.8,778.0,0.314,0.724,0.837,Road closure for event/procession - full detour recommended for through-traffic
EVT419117,2025-11-18 17:14:58,Concert,J011,Indiranagar 100ft Road,16412,Weekday,False,Clear,False,0.0,False,False,0.896,Severe,12.1,63.1,303.9,0.159,0.367,0.929,Heavy congestion detected - signal timing extended and reroute suggested
EVT419118,2025-01-19 19:22:10,Concert,J030,MG Road,8399,Weekend,False,Clear,False,0.0,False,False,0.748,High,16.2,51.4,301.4,0.168,0.387,0.972,Moderate traffic flow - standard adaptive signal timing in effect
EVT419119,2025-01-26 14:38:47,Cultural Procession,J023,Basavanagudi,21376,Weekend,True,Clear,False,0.0,False,True,0.732,High,17.9,77.2,157.8,0.08,0.185,0.858,Road closure for event/procession - full detour recommended for through-traffic
EVT419120,2025-12-17 19:58:03,Concert,J040,City Market,24661,Weekday,False,Clear,False,0.0,False,False,0.848,Severe,14.3,62.4,312.9,0.186,0.43,0.962,Heavy congestion detected - signal timing extended and reroute suggested
EVT419121,2025-06-18 09:07:03,Trade Fair,J030,MG Road,6592,Weekday,False,Clear,False,0.0,False,False,1.0,Severe,8.2,73.8,523.5,0.182,0.421,0.903,Heavy congestion detected - signal timing extended and reroute suggested
EVT419122,2026-06-11 19:21:05,Concert,J023,Basavanagudi,12897,Weekday,False,Light Rain,True,5.0,False,False,1.0,Severe,7.5,76.6,773.1,0.235,0.543,0.859,Heavy rain reducing visibility and grip - reduced speed and longer buffer advised
EVT419123,2025-05-03 11:55:32,Concert,J020,Malleshwaram Circle,8295,Weekend,False,Clear,False,0.0,False,False,0.381,Moderate,24.7,25.9,136.1,0.09,0.209,0.953,Moderate traffic flow - standard adaptive signal timing in effect
EVT419124,2025-02-17 12:28:56,Sports Fixture,J023,Basavanagudi,20631,Weekday,False,Clear,False,0.0,False,False,0.33,Low,23.3,20.9,243.3,0.158,0.365,0.962,Moderate traffic flow - standard adaptive signal timing in effect
EVT419125,2025-04-03 08:13:56,Local Market Day,J020,Malleshwaram Circle,6433,Weekday,False,Clear,False,0.0,False,False,0.937,Severe,9.4,66.2,711.6,0.255,0.589,0.926,Heavy congestion detected - signal timing extended and reroute suggested
EVT419126,2025-01-07 12:31:31,Local Market Day,J009,Majestic,6548,Weekday,False,Clear,False,0.0,False,False,0.144,Low,32.6,11.4,166.5,0.136,0.314,0.962,Normal free-flow traffic - standard signal timing maintained
EVT419127,2025-09-14 15:07:28,Concert,J009,Majestic,9797,Weekend,False,Clear,False,0.0,False,False,0.356,Moderate,28.0,24.6,156.1,0.132,0.305,0.963,Moderate traffic flow - standard adaptive signal timing in effect
EVT419128,2026-03-11 02:10:10,Trade Fair,J009,Majestic,8095,Weekday,False,Clear,False,0.0,False,False,0.171,Low,30.6,13.8,194.0,0.178,0.411,0.984,Normal free-flow traffic - standard signal timing maintained
EVT419129,2026-03-24 19:19:11,Local Market Day,J012,Koramangala Sony World,3477,Weekday,False,Clear,False,0.0,False,False,0.938,Severe,9.8,62.7,901.7,0.357,0.825,0.914,Heavy congestion detected - signal timing extended and reroute suggested
EVT419130,2026-05-29 09:29:52,Concert,J030,MG Road,13660,Weekday,False,Clear,False,0.0,False,False,1.0,Severe,8.4,68.0,406.8,0.152,0.351,0.918,Heavy congestion detected - signal timing extended and reroute suggested
EVT419131,2025-08-05 15:18:54,Concert,J011,Indiranagar 100ft Road,16071,Weekday,False,Heavy Rain,True,26.0,False,False,0.609,High,22.4,43.0,219.5,0.138,0.318,0.912,Heavy rain reducing visibility and grip - reduced speed and longer buffer advised
EVT419132,2025-06-06 12:37:41,Local Market Day,J031,Cubbon Road,4792,Weekday,False,Clear,False,0.0,False,False,0.257,Low,33.5,20.6,92.2,0.077,0.179,0.99,Moderate traffic flow - standard adaptive signal timing in effect
EVT419133,2026-06-09 18:35:41,Local Market Day,J009,Majestic,4728,Weekday,False,Rain,True,24.4,True,False,1.0,Severe,7.2,66.3,269.8,0.099,0.228,0.698,Accident detected nearby - reroute and reduced speed advised
EVT419134,2025-05-15 15:04:42,Sports Fixture,J023,Basavanagudi,32734,Weekday,False,Clear,False,0.0,False,False,0.398,Moderate,31.5,33.6,157.5,0.135,0.312,0.955,Moderate traffic flow - standard adaptive signal timing in effect
EVT419135,2025-04-03 21:02:26,Sports Fixture,J009,Majestic,22676,Weekday,False,Clear,False,0.0,False,False,0.541,Moderate,22.0,41.4,167.9,0.103,0.239,0.971,Moderate traffic flow - standard adaptive signal timing in effect
EVT419136,2025-06-19 18:18:35,Concert,J009,Majestic,10566,Weekday,False,Rain,True,23.5,False,False,1.0,Severe,9.3,71.3,791.9,0.28,0.646,0.849,Heavy rain reducing visibility and grip - reduced speed and longer buffer advised
EVT419137,2025-07-18 14:49:12,Concert,J030,MG Road,10603,Weekday,False,Heavy Rain,True,49.8,False,False,0.592,High,22.3,40.8,251.0,0.184,0.425,0.913,Heavy rain reducing visibility and grip - reduced speed and longer buffer advised
EVT419138,2025-06-20 16:19:08,Political Rally,J040,City Market,17172,Weekday,False,Clear,False,0.0,False,False,0.567,High,17.3,38.3,267.7,0.121,0.28,0.947,Moderate traffic flow - standard adaptive signal timing in effect
EVT419139,2025-03-25 19:10:05,Trade Fair,J031,Cubbon Road,11022,Weekday,False,Clear,False,0.0,False,False,0.947,Severe,10.0,61.3,443.4,0.191,0.442,0.919,Heavy congestion detected - signal timing extended and reroute suggested
EVT419140,2026-04-17 21:38:52,Trade Fair,J030,MG Road,14378,Weekday,False,Fog,False,0.0,False,False,0.252,Low,33.1,18.2,214.6,0.17,0.393,0.974,Moderate traffic flow - standard adaptive signal timing in effect
EVT419141,2025-06-08 11:14:53,Trade Fair,J020,Malleshwaram Circle,10242,Weekend,False,Heavy Rain,True,44.2,False,False,0.885,Severe,12.1,66.1,415.2,0.193,0.447,0.891,Heavy rain reducing visibility and grip - reduced speed and longer buffer advised
EVT419142,2026-02-22 11:32:51,Local Market Day,J011,Indiranagar 100ft Road,6050,Weekend,False,Fog,False,0.0,False,False,0.348,Low,33.1,31.1,144.6,0.115,0.265,0.958,Moderate traffic flow - standard adaptive signal timing in effect
EVT419143,2025-03-09 16:17:56,Local Market Day,J040,City Market,5999,Weekend,False,Clear,False,0.0,False,False,0.514,Moderate,25.0,39.1,130.4,0.102,0.235,0.99,Moderate traffic flow - standard adaptive signal timing in effect
EVT419144,2025-11-29 15:04:57,Local Market Day,J020,Malleshwaram Circle,3205,Weekend,False,Clear,False,0.0,False,False,0.282,Low,37.8,14.4,175.0,0.16,0.369,0.982,Moderate traffic flow - standard adaptive signal timing in effect
EVT419145,2026-06-26 20:03:54,Sports Fixture,J023,Basavanagudi,18408,Weekday,False,Light Rain,True,5.3,False,False,0.797,Severe,14.6,60.5,341.4,0.161,0.372,0.903,Heavy rain reducing visibility and grip - reduced speed and longer buffer advised
EVT419146,2025-06-21 15:25:31,Trade Fair,J011,Indiranagar 100ft Road,4249,Weekend,False,Rain,True,12.8,False,False,0.441,Moderate,30.3,29.2,153.1,0.135,0.311,0.907,Light rain detected - minor speed reduction advised
EVT419147,2025-04-26 18:30:57,Trade Fair,J020,Malleshwaram Circle,9083,Weekend,False,Clear,False,0.0,False,False,0.82,Severe,14.2,60.2,242.7,0.142,0.328,0.932,Heavy congestion detected - signal timing extended and reroute suggested
EVT419148,2026-04-01 12:11:16,Sports Fixture,J011,Indiranagar 100ft Road,11580,Weekday,False,Clear,False,0.0,False,False,0.246,Low,36.1,19.5,153.0,0.132,0.304,0.971,Normal free-flow traffic - standard signal timing maintained
EVT419149,2026-01-03 22:41:56,Trade Fair,J012,Koramangala Sony World,11401,Weekend,False,Clear,False,0.0,False,False,0.286,Low,34.4,18.5,155.2,0.14,0.323,0.96,Moderate traffic flow - standard adaptive signal timing in effect
EVT419150,2025-04-12 15:34:31,Concert,J031,Cubbon Road,10946,Weekend,False,Clear,False,0.0,False,False,0.508,Moderate,27.4,38.7,185.0,0.133,0.308,0.956,Moderate traffic flow - standard adaptive signal timing in effect
EVT419151,2025-04-23 17:52:55,Sports Fixture,J011,Indiranagar 100ft Road,31233,Weekday,False,Light Rain,True,3.6,False,False,1.0,Severe,7.2,79.5,1224.2,0.365,0.844,0.848,Heavy rain reducing visibility and grip - reduced speed and longer buffer advised
EVT419152,2025-11-18 19:29:53,Local Market Day,J012,Koramangala Sony World,3874,Weekday,False,Clear,False,0.0,False,False,0.818,Severe,15.3,56.9,455.7,0.245,0.567,0.97,Heavy congestion detected - signal timing extended and reroute suggested
EVT419153,2026-02-11 08:39:09,Sports Fixture,J009,Majestic,51969,Weekday,False,Clear,False,0.0,False,False,1.0,Severe,7.8,70.7,778.2,0.257,0.594,0.905,Heavy congestion detected - signal timing extended and reroute suggested
EVT419154,2025-08-03 19:22:36,Local Market Day,J031,Cubbon Road,2395,Weekend,False,Rain,True,16.7,False,False,1.0,Severe,9.3,71.5,384.2,0.151,0.349,0.871,Heavy rain reducing visibility and grip - reduced speed and longer buffer advised
EVT419155,2025-08-13 10:53:07,Local Market Day,J009,Majestic,2923,Weekday,False,Clear,False,0.0,False,False,0.438,Moderate,26.8,24.0,275.7,0.192,0.444,0.948,Moderate traffic flow - standard adaptive signal timing in effect
EVT419156,2025-01-17 20:05:36,Local Market Day,J009,Majestic,3229,Weekday,False,Clear,False,0.0,False,False,0.627,High,21.9,48.7,304.3,0.222,0.512,0.947,Moderate traffic flow - standard adaptive signal timing in effect
EVT419157,2026-05-16 21:30:35,Local Market Day,J011,Indiranagar 100ft Road,6338,Weekend,False,Clear,False,0.0,False,False,0.353,Moderate,28.0,27.2,155.5,0.097,0.223,0.948,Moderate traffic flow - standard adaptive signal timing in effect
EVT419158,2025-05-17 09:16:05,Sports Fixture,J040,City Market,28195,Weekend,False,Clear,False,0.0,False,False,0.975,Severe,10.5,69.5,166.8,0.082,0.19,0.934,Heavy congestion detected - signal timing extended and reroute suggested
EVT419159,2025-10-17 12:23:09,Trade Fair,J031,Cubbon Road,9962,Weekday,False,Clear,False,0.0,False,False,0.193,Low,28.5,10.6,139.2,0.107,0.248,0.967,Normal free-flow traffic - standard signal timing maintained
EVT419160,2025-06-13 09:52:36,Concert,J023,Basavanagudi,9849,Weekday,False,Rain,True,24.3,False,False,1.0,Severe,8.6,71.7,496.8,0.169,0.391,0.874,Heavy rain reducing visibility and grip - reduced speed and longer buffer advised
EVT419161,2025-05-19 07:21:04,Sports Fixture,J040,City Market,21769,Weekday,False,Clear,False,0.0,False,False,0.733,High,17.6,56.0,239.2,0.143,0.33,0.96,Moderate traffic flow - standard adaptive signal timing in effect
EVT419162,2026-06-15 20:32:03,Political Rally,J023,Basavanagudi,15614,Weekday,False,Clear,False,0.0,False,False,0.731,High,20.7,50.6,243.7,0.17,0.392,0.96,Moderate traffic flow - standard adaptive signal timing in effect
EVT419163,2025-06-20 18:15:45,Sports Fixture,J031,Cubbon Road,37581,Weekday,False,Heavy Rain,True,80.6,False,False,1.0,Severe,9.6,65.0,551.9,0.24,0.555,0.895,Heavy rain reducing visibility and grip - reduced speed and longer buffer advised
EVT419164,2026-04-13 16:32:45,Local Market Day,J012,Koramangala Sony World,2917,Weekday,False,Clear,False,0.0,False,False,0.583,High,19.1,41.9,354.3,0.235,0.543,0.977,Moderate traffic flow - standard adaptive signal timing in effect
EVT419165,2025-03-15 15:12:36,Fireworks Display,J009,Majestic,19064,Weekend,True,Clear,False,0.0,False,False,0.649,High,18.5,42.6,151.1,0.086,0.198,0.895,Festival crowd surge detected - alternate route and extended cycle recommended
EVT419166,2025-02-03 19:38:37,Sports Fixture,J012,Koramangala Sony World,19631,Weekday,False,Light Rain,True,2.8,False,False,1.0,Severe,8.9,70.3,666.5,0.241,0.558,0.86,Heavy rain reducing visibility and grip - reduced speed and longer buffer advised
EVT419167,2025-11-05 18:14:58,Concert,J020,Malleshwaram Circle,9228,Weekday,False,Clear,False,0.0,False,False,1.0,Severe,9.7,71.5,431.5,0.166,0.385,0.921,Heavy congestion detected - signal timing extended and reroute suggested
EVT419168,2025-03-29 18:46:04,Local Market Day,J012,Koramangala Sony World,3477,Weekend,False,Clear,False,0.0,False,False,0.855,Severe,17.1,62.3,393.1,0.214,0.495,0.954,Heavy congestion detected - signal timing extended and reroute suggested
EVT419169,2025-10-10 14:02:59,Concert,J009,Majestic,19990,Weekday,False,Clear,False,0.0,False,False,0.282,Low,32.1,22.2,151.5,0.138,0.32,0.974,Moderate traffic flow - standard adaptive signal timing in effect
EVT419170,2026-05-27 22:58:14,Local Market Day,J012,Koramangala Sony World,3100,Weekday,False,Clear,False,0.0,False,False,0.229,Low,40.4,14.7,158.6,0.152,0.351,0.956,Normal free-flow traffic - standard signal timing maintained
EVT419171,2025-03-10 15:03:56,Sports Fixture,J023,Basavanagudi,16992,Weekday,False,Clear,False,0.0,False,False,0.428,Moderate,28.4,29.6,70.9,0.049,0.114,0.943,Moderate traffic flow - standard adaptive signal timing in effect
EVT419172,2025-06-09 18:09:01,Local Market Day,J031,Cubbon Road,2974,Weekday,False,Clear,False,0.0,False,False,1.0,Severe,9.7,67.7,412.0,0.17,0.392,0.932,Heavy congestion detected - signal timing extended and reroute suggested
EVT419173,2025-09-11 16:40:27,Local Market Day,J031,Cubbon Road,4802,Weekday,False,Clear,False,0.0,False,False,0.593,High,26.6,45.6,87.8,0.054,0.124,0.979,Moderate traffic flow - standard adaptive signal timing in effect
EVT419174,2025-08-28 06:01:46,Religious Festival,J020,Malleshwaram Circle,56531,Weekday,True,Heavy Rain,True,30.1,False,True,1.0,Severe,8.2,97.1,232.0,0.099,0.228,0.805,Road closure for event/procession - full detour recommended for through-traffic
EVT419175,2026-06-19 17:54:31,Concert,J020,Malleshwaram Circle,23106,Weekday,False,Heavy Rain,True,48.3,False,False,1.0,Severe,8.0,69.5,677.0,0.224,0.518,0.874,Heavy rain reducing visibility and grip - reduced speed and longer buffer advised
EVT419176,2025-10-04 18:45:17,Political Rally,J011,Indiranagar 100ft Road,18983,Weekend,False,Clear,False,0.0,False,False,0.914,Severe,10.8,67.5,518.6,0.206,0.475,0.949,Heavy congestion detected - signal timing extended and reroute suggested
EVT419177,2025-07-08 08:57:45,Local Market Day,J031,Cubbon Road,3519,Weekday,False,Heavy Rain,True,71.3,False,False,1.0,Severe,6.5,70.6,779.2,0.21,0.484,0.872,Heavy rain reducing visibility and grip - reduced speed and longer buffer advised
EVT419178,2025-07-21 09:32:23,Local Market Day,J023,Basavanagudi,8461,Weekday,False,Heavy Rain,True,41.7,False,False,1.0,Severe,6.5,68.9,498.7,0.149,0.345,0.872,Heavy rain reducing visibility and grip - reduced speed and longer buffer advised
EVT419179,2026-02-08 15:24:48,Concert,J009,Majestic,17460,Weekend,False,Clear,False,0.0,False,False,0.422,Moderate,34.2,30.8,181.0,0.175,0.405,0.957,Moderate traffic flow - standard adaptive signal timing in effect
EVT419180,2025-03-24 18:11:44,Sports Fixture,J040,City Market,30981,Weekday,False,Clear,False,0.0,False,False,1.0,Severe,8.9,66.3,901.2,0.339,0.782,0.892,Heavy congestion detected - signal timing extended and reroute suggested
EVT419181,2025-12-16 09:39:25,Trade Fair,J009,Majestic,15062,Weekday,False,Clear,False,0.0,False,False,0.937,Severe,9.9,67.5,685.5,0.24,0.554,0.97,Heavy congestion detected - signal timing extended and reroute suggested
EVT419182,2025-07-12 18:47:43,Trade Fair,J031,Cubbon Road,11178,Weekend,False,Heavy Rain,True,29.0,False,False,1.0,Severe,9.8,69.7,181.1,0.077,0.178,0.87,Heavy rain reducing visibility and grip - reduced speed and longer buffer advised
EVT419183,2025-12-14 15:14:05,Sports Fixture,J009,Majestic,20006,Weekend,False,Clear,False,0.0,False,False,0.55,High,20.6,37.8,89.5,0.07,0.162,0.964,Moderate traffic flow - standard adaptive signal timing in effect
EVT419184,2025-02-11 11:56:46,Sports Fixture,J020,Malleshwaram Circle,41364,Weekday,False,Clear,False,0.0,False,False,0.407,Moderate,31.6,26.3,104.0,0.098,0.226,0.964,Moderate traffic flow - standard adaptive signal timing in effect
EVT419185,2025-04-21 07:29:55,Concert,J012,Koramangala Sony World,7499,Weekday,False,Clear,False,0.0,False,False,0.645,High,22.9,53.5,141.6,0.102,0.236,0.956,Moderate traffic flow - standard adaptive signal timing in effect
EVT419186,2025-06-08 17:53:23,Concert,J031,Cubbon Road,8712,Weekend,False,Clear,False,0.0,False,False,0.881,Severe,10.5,65.0,529.0,0.206,0.475,0.974,Heavy congestion detected - signal timing extended and reroute suggested
EVT419187,2025-03-24 20:47:17,Local Market Day,J031,Cubbon Road,3718,Weekday,False,Clear,False,0.0,False,False,0.456,Moderate,29.4,30.2,201.0,0.164,0.378,0.982,Moderate traffic flow - standard adaptive signal timing in effect
EVT419188,2025-11-20 10:06:31,Trade Fair,J040,City Market,13501,Weekday,False,Clear,False,0.0,False,False,0.932,Severe,13.6,64.0,485.1,0.236,0.546,0.916,Heavy congestion detected - signal timing extended and reroute suggested
EVT419189,2025-07-02 18:16:18,Sports Fixture,J011,Indiranagar 100ft Road,38441,Weekday,False,Rain,True,23.4,False,False,1.0,Severe,8.9,75.1,556.2,0.211,0.488,0.868,Heavy rain reducing visibility and grip - reduced speed and longer buffer advised
EVT419190,2025-01-26 13:21:15,Religious Festival,J020,Malleshwaram Circle,38494,Weekend,True,Clear,False,0.0,False,True,0.797,High,15.7,78.9,331.4,0.169,0.39,0.885,Road closure for event/procession - full detour recommended for through-traffic
EVT419191,2025-12-02 08:44:46,Sports Fixture,J040,City Market,21285,Weekday,False,Clear,False,0.0,False,False,1.0,Severe,6.5,72.1,743.7,0.197,0.455,0.927,Heavy congestion detected - signal timing extended and reroute suggested
EVT419192,2025-10-23 18:35:56,Concert,J012,Koramangala Sony World,19310,Weekday,False,Rain,True,23.4,False,False,1.0,Severe,9.6,67.4,461.4,0.174,0.402,0.867,Heavy rain reducing visibility and grip - reduced speed and longer buffer advised
EVT419193,2025-03-19 20:53:34,Sports Fixture,J040,City Market,42270,Weekday,False,Clear,False,0.0,False,False,0.732,High,19.4,49.9,170.2,0.111,0.255,0.982,Moderate traffic flow - standard adaptive signal timing in effect
EVT419194,2026-02-04 08:22:32,Local Market Day,J020,Malleshwaram Circle,5558,Weekday,False,Clear,False,0.0,False,False,1.0,Severe,7.9,69.1,449.4,0.15,0.347,0.921,Heavy congestion detected - signal timing extended and reroute suggested
EVT419195,2025-08-13 08:40:37,Sports Fixture,J012,Koramangala Sony World,38172,Weekday,False,Heavy Rain,True,29.6,False,False,1.0,Severe,7.6,73.4,754.5,0.266,0.615,0.889,Heavy rain reducing visibility and grip - reduced speed and longer buffer advised
EVT419196,2025-08-25 18:02:57,Sports Fixture,J009,Majestic,19220,Weekday,False,Clear,False,0.0,False,False,1.0,Severe,8.4,74.2,522.6,0.178,0.411,0.926,Heavy congestion detected - signal timing extended and reroute suggested
EVT419197,2025-06-30 14:19:32,Local Market Day,J009,Majestic,3648,Weekday,False,Rain,True,13.1,False,False,0.291,Low,29.1,15.6,126.7,0.095,0.22,0.921,Light rain detected - minor speed reduction advised
EVT419198,2026-06-06 11:55:47,Local Market Day,J023,Basavanagudi,4927,Weekend,False,Clear,False,0.0,False,False,0.309,Low,34.8,22.8,101.4,0.101,0.232,0.97,Moderate traffic flow - standard adaptive signal timing in effect
EVT419199,2026-05-07 10:26:32,Local Market Day,J023,Basavanagudi,3204,Weekday,False,Rain,True,14.0,False,False,0.742,High,16.0,55.9,282.2,0.143,0.33,0.906,Heavy rain reducing visibility and grip - reduced speed and longer buffer advised
EVT419200,2025-12-13 06:05:57,Political Rally,J023,Basavanagudi,11272,Weekend,False,Clear,False,0.0,False,False,0.448,Moderate,30.7,30.4,98.0,0.082,0.19,0.958,Moderate traffic flow - standard adaptive signal timing in effect
EVT419201,2025-12-19 12:37:54,Local Market Day,J031,Cubbon Road,6444,Weekday,False,Clear,False,0.0,False,False,0.197,Low,22.4,10.2,213.0,0.136,0.315,0.96,Normal free-flow traffic - standard signal timing maintained
EVT419202,2025-04-16 18:43:16,Local Market Day,J031,Cubbon Road,4662,Weekday,False,Clear,False,0.0,False,False,1.0,Severe,9.9,68.0,667.5,0.298,0.689,0.904,Heavy congestion detected - signal timing extended and reroute suggested
EVT419203,2025-03-22 16:36:08,Political Rally,J011,Indiranagar 100ft Road,17784,Weekend,False,Fog,False,0.0,False,False,0.598,High,17.2,44.5,377.4,0.226,0.523,0.978,Moderate traffic flow - standard adaptive signal timing in effect
EVT419204,2025-07-24 15:54:52,Local Market Day,J011,Indiranagar 100ft Road,5072,Weekday,False,Heavy Rain,True,54.9,False,False,0.732,High,18.4,54.6,318.8,0.194,0.448,0.933,Heavy rain reducing visibility and grip - reduced speed and longer buffer advised
EVT419205,2025-10-14 08:44:51,Sports Fixture,J012,Koramangala Sony World,16206,Weekday,False,Clear,False,0.0,False,False,1.0,Severe,9.3,74.5,566.0,0.226,0.523,0.936,Heavy congestion detected - signal timing extended and reroute suggested
EVT419206,2026-05-23 12:22:03,Trade Fair,J031,Cubbon Road,5662,Weekend,False,Rain,True,12.4,False,False,0.439,Moderate,27.3,34.4,266.8,0.221,0.511,0.927,Light rain detected - minor speed reduction advised
EVT419207,2025-09-01 12:51:53,Sports Fixture,J040,City Market,18200,Weekday,False,Clear,False,0.0,False,False,0.239,Low,28.0,16.0,144.0,0.111,0.256,0.982,Normal free-flow traffic - standard signal timing maintained
EVT419208,2026-01-23 20:58:39,Trade Fair,J030,MG Road,9324,Weekday,False,Light Rain,True,3.0,False,False,0.554,High,27.9,42.1,209.0,0.149,0.344,0.922,Heavy rain reducing visibility and grip - reduced speed and longer buffer advised
EVT419209,2026-02-18 08:05:48,Sports Fixture,J020,Malleshwaram Circle,11094,Weekday,False,Fog,False,0.0,False,False,0.863,Severe,13.7,65.3,285.4,0.146,0.338,0.944,Heavy congestion detected - signal timing extended and reroute suggested
EVT419210,2025-08-01 10:30:32,Political Rally,J040,City Market,15737,Weekday,False,Rain,True,22.8,False,False,0.905,Severe,11.6,70.1,353.4,0.18,0.415,0.888,Heavy rain reducing visibility and grip - reduced speed and longer buffer advised
EVT419211,2026-03-13 18:03:58,Political Rally,J023,Basavanagudi,15727,Weekday,False,Clear,False,0.0,False,False,1.0,Severe,8.3,69.2,558.4,0.213,0.492,0.897,Heavy congestion detected - signal timing extended and reroute suggested
EVT419212,2026-04-16 00:37:17,Local Market Day,J031,Cubbon Road,5792,Weekday,False,Clear,False,0.0,False,False,0.194,Low,35.3,15.3,99.3,0.075,0.174,0.981,Normal free-flow traffic - standard signal timing maintained
EVT419213,2025-11-09 19:00:21,Local Market Day,J030,MG Road,8007,Weekend,False,Rain,True,8.3,False,False,0.983,Severe,7.0,70.9,576.5,0.197,0.455,0.861,Heavy rain reducing visibility and grip - reduced speed and longer buffer advised
EVT419214,2025-02-07 08:43:55,Local Market Day,J020,Malleshwaram Circle,5382,Weekday,False,Clear,False,0.0,False,False,0.986,Severe,8.9,72.0,494.6,0.172,0.398,0.93,Heavy congestion detected - signal timing extended and reroute suggested
EVT419215,2025-08-02 18:51:28,Concert,J011,Indiranagar 100ft Road,20529,Weekend,False,Clear,False,0.0,False,False,0.963,Severe,8.7,72.6,358.7,0.138,0.318,0.924,Heavy congestion detected - signal timing extended and reroute suggested
EVT419216,2025-10-22 13:58:21,Religious Festival,J040,City Market,44954,Weekday,True,Clear,False,0.0,False,True,0.73,High,19.8,78.4,258.1,0.156,0.36,0.896,Road closure for event/procession - full detour recommended for through-traffic
EVT419217,2025-12-18 03:07:07,Trade Fair,J012,Koramangala Sony World,6355,Weekday,False,Clear,False,0.0,False,False,0.235,Low,30.3,18.3,142.9,0.103,0.239,0.988,Normal free-flow traffic - standard signal timing maintained
EVT419218,2025-06-17 13:23:43,Trade Fair,J012,Koramangala Sony World,6529,Weekday,False,Clear,False,0.0,False,False,0.233,Low,27.1,15.6,179.3,0.109,0.251,0.968,Normal free-flow traffic - standard signal timing maintained
EVT419219,2025-12-29 13:37:35,Local Market Day,J012,Koramangala Sony World,3961,Weekday,False,Clear,False,0.0,False,False,0.217,Low,24.7,17.7,130.0,0.078,0.18,0.964,Normal free-flow traffic - standard signal timing maintained
EVT419220,2025-01-17 08:17:49,Trade Fair,J030,MG Road,13180,Weekday,False,Clear,False,0.0,False,False,0.94,Severe,10.7,60.4,318.7,0.127,0.294,0.946,Heavy congestion detected - signal timing extended and reroute suggested
EVT419221,2025-06-25 13:17:10,Sports Fixture,J031,Cubbon Road,13288,Weekday,False,Clear,False,0.0,False,False,0.245,Low,30.9,12.9,133.4,0.126,0.292,0.989,Normal free-flow traffic - standard signal timing maintained
EVT419222,2025-04-10 20:21:19,Local Market Day,J023,Basavanagudi,2616,Weekday,False,Clear,False,0.0,False,False,0.605,High,19.9,44.4,227.4,0.154,0.356,0.986,Moderate traffic flow - standard adaptive signal timing in effect
EVT419223,2025-11-04 21:48:41,Sports Fixture,J020,Malleshwaram Circle,16107,Weekday,False,Heavy Rain,True,55.5,False,False,0.713,High,20.8,51.5,238.8,0.159,0.368,0.926,Heavy rain reducing visibility and grip - reduced speed and longer buffer advised
EVT419224,2025-07-22 10:52:28,Trade Fair,J031,Cubbon Road,12897,Weekday,False,Light Rain,True,1.8,False,False,0.651,High,24.4,43.0,199.8,0.165,0.382,0.89,Heavy rain reducing visibility and grip - reduced speed and longer buffer advised
EVT419225,2025-01-06 22:07:02,Local Market Day,J012,Koramangala Sony World,6364,Weekday,False,Clear,False,0.0,False,False,0.31,Low,40.3,24.6,142.1,0.137,0.316,0.947,Moderate traffic flow - standard adaptive signal timing in effect
EVT419226,2026-02-08 20:37:05,Political Rally,J012,Koramangala Sony World,22288,Weekend,False,Clear,False,0.0,False,False,0.594,High,19.3,46.1,214.0,0.133,0.308,0.973,Moderate traffic flow - standard adaptive signal timing in effect
EVT419227,2026-06-08 17:57:38,Local Market Day,J030,MG Road,4321,Weekday,False,Clear,False,0.0,False,False,0.952,Severe,8.4,67.8,531.4,0.168,0.389,0.949,Heavy congestion detected - signal timing extended and reroute suggested
EVT419228,2025-07-16 18:00:50,Concert,J023,Basavanagudi,19176,Weekday,False,Clear,False,0.0,False,False,1.0,Severe,8.0,70.5,356.3,0.13,0.299,0.914,Heavy congestion detected - signal timing extended and reroute suggested
EVT419229,2025-02-16 19:59:21,Concert,J011,Indiranagar 100ft Road,11389,Weekend,False,Clear,False,0.0,False,False,0.667,High,19.1,44.0,114.7,0.074,0.171,0.99,Moderate traffic flow - standard adaptive signal timing in effect
EVT419230,2025-04-16 15:17:39,Sports Fixture,J020,Malleshwaram Circle,28820,Weekday,False,Clear,False,0.0,False,False,0.549,Moderate,21.2,41.5,275.6,0.175,0.404,0.969,Moderate traffic flow - standard adaptive signal timing in effect
EVT419231,2026-02-02 17:34:28,Sports Fixture,J040,City Market,18926,Weekday,False,Clear,False,0.0,False,False,0.942,Severe,12.2,63.5,239.5,0.123,0.285,0.932,Heavy congestion detected - signal timing extended and reroute suggested
EVT419232,2025-07-28 18:00:27,Concert,J023,Basavanagudi,24385,Weekday,False,Clear,False,0.0,False,False,1.0,Severe,6.6,79.1,687.1,0.191,0.441,0.926,Heavy congestion detected - signal timing extended and reroute suggested
EVT419233,2025-03-06 03:34:08,Trade Fair,J020,Malleshwaram Circle,8289,Weekday,False,Clear,False,0.0,False,False,0.183,Low,35.7,14.3,98.6,0.09,0.208,0.95,Normal free-flow traffic - standard signal timing maintained
EVT419234,2026-05-02 08:35:44,Fireworks Display,J020,Malleshwaram Circle,35394,Weekend,True,Clear,False,0.0,False,False,1.0,Severe,6.8,72.5,649.0,0.197,0.455,0.866,Festival crowd surge detected - alternate route and extended cycle recommended
EVT419235,2026-01-12 18:42:33,Sports Fixture,J011,Indiranagar 100ft Road,13220,Weekday,False,Clear,False,0.0,False,False,1.0,Severe,9.6,74.0,596.5,0.252,0.583,0.902,Heavy congestion detected - signal timing extended and reroute suggested
EVT419236,2025-08-14 22:43:22,Concert,J011,Indiranagar 100ft Road,14479,Weekday,False,Clear,False,0.0,False,False,0.229,Low,28.5,13.6,61.9,0.051,0.117,0.938,Normal free-flow traffic - standard signal timing maintained
EVT419237,2026-03-12 07:59:02,Local Market Day,J030,MG Road,3181,Weekday,False,Clear,False,0.0,False,False,0.833,Severe,14.2,60.9,330.0,0.169,0.391,0.976,Heavy congestion detected - signal timing extended and reroute suggested
EVT419238,2025-06-04 11:15:29,Sports Fixture,J011,Indiranagar 100ft Road,14732,Weekday,False,Clear,False,0.0,False,False,0.47,Moderate,22.5,34.4,287.2,0.205,0.474,0.973,Moderate traffic flow - standard adaptive signal timing in effect
EVT419239,2025-07-18 11:07:16,Local Market Day,J023,Basavanagudi,5505,Weekday,False,Heavy Rain,True,33.9,False,False,0.772,Severe,14.6,55.3,405.7,0.216,0.499,0.878,Heavy rain reducing visibility and grip - reduced speed and longer buffer advised
EVT419240,2025-04-26 12:30:21,Political Rally,J031,Cubbon Road,17547,Weekend,False,Clear,False,0.0,False,False,0.319,Low,30.2,21.9,133.2,0.102,0.234,0.964,Moderate traffic flow - standard adaptive signal timing in effect
EVT419241,2025-02-15 10:08:58,Local Market Day,J020,Malleshwaram Circle,2327,Weekend,False,Clear,False,0.0,False,False,0.638,High,13.4,46.2,288.1,0.134,0.309,0.948,Moderate traffic flow - standard adaptive signal timing in effect
EVT419242,2025-09-18 07:47:53,Political Rally,J012,Koramangala Sony World,16938,Weekday,False,Clear,False,0.0,False,False,0.847,Severe,11.8,62.6,404.8,0.163,0.375,0.923,Heavy congestion detected - signal timing extended and reroute suggested
EVT419243,2025-12-05 16:11:05,Concert,J009,Majestic,12293,Weekday,False,Clear,False,0.0,False,False,0.544,Moderate,18.1,36.2,455.7,0.222,0.512,0.958,Moderate traffic flow - standard adaptive signal timing in effect
EVT419244,2026-05-21 20:18:25,Sports Fixture,J030,MG Road,24055,Weekday,False,Rain,True,22.8,False,False,0.939,Severe,11.2,66.5,170.5,0.067,0.155,0.887,Heavy rain reducing visibility and grip - reduced speed and longer buffer advised
EVT419245,2025-03-31 17:10:17,Cultural Procession,J011,Indiranagar 100ft Road,25216,Weekday,True,Clear,False,0.0,False,True,1.0,Severe,7.1,97.6,665.4,0.197,0.456,0.847,Road closure for event/procession - full detour recommended for through-traffic
EVT419246,2026-04-09 19:56:21,Concert,J011,Indiranagar 100ft Road,7709,Weekday,False,Clear,False,0.0,False,False,0.746,High,14.1,56.1,471.5,0.229,0.529,0.988,Moderate traffic flow - standard adaptive signal timing in effect
EVT419247,2026-05-20 18:03:56,Sports Fixture,J012,Koramangala Sony World,16575,Weekday,False,Rain,True,12.8,False,False,1.0,Severe,5.9,67.3,689.3,0.186,0.43,0.839,Heavy rain reducing visibility and grip - reduced speed and longer buffer advised
EVT419248,2025-04-08 18:29:34,Concert,J009,Majestic,13370,Weekday,False,Light Rain,True,2.1,False,False,1.0,Severe,6.7,68.8,914.3,0.254,0.587,0.864,Heavy rain reducing visibility and grip - reduced speed and longer buffer advised
EVT419249,2026-01-04 19:00:14,Sports Fixture,J020,Malleshwaram Circle,30219,Weekend,False,Clear,False,0.0,False,False,1.0,Severe,8.1,72.7,690.9,0.224,0.518,0.908,Heavy congestion detected - signal timing extended and reroute suggested
EVT419250,2025-01-10 21:32:54,Concert,J031,Cubbon Road,22763,Weekday,False,Clear,False,0.0,False,False,0.417,Moderate,23.6,31.8,205.4,0.129,0.298,0.943,Moderate traffic flow - standard adaptive signal timing in effect
EVT419251,2025-02-01 11:37:10,Sports Fixture,J031,Cubbon Road,15682,Weekend,False,Clear,False,0.0,False,False,0.42,Moderate,28.8,31.8,229.3,0.183,0.423,0.964,Moderate traffic flow - standard adaptive signal timing in effect
EVT419252,2026-01-22 17:36:38,Local Market Day,J023,Basavanagudi,2024,Weekday,False,Clear,False,0.0,False,False,0.862,Severe,13.8,63.6,487.8,0.243,0.562,0.941,Heavy congestion detected - signal timing extended and reroute suggested
EVT419253,2025-12-29 17:54:20,Political Rally,J020,Malleshwaram Circle,21315,Weekday,False,Clear,False,0.0,False,False,1.0,Severe,6.9,70.8,610.4,0.175,0.404,0.928,Heavy congestion detected - signal timing extended and reroute suggested
EVT419254,2026-06-15 13:43:27,Sports Fixture,J040,City Market,11807,Weekday,False,Clear,False,0.0,False,False,0.179,Low,24.0,23.1,187.4,0.121,0.279,0.99,Normal free-flow traffic - standard signal timing maintained
EVT419255,2025-08-24 22:46:03,Trade Fair,J030,MG Road,11494,Weekend,False,Clear,False,0.0,False,False,0.332,Low,28.3,26.8,149.4,0.114,0.263,0.966,Moderate traffic flow - standard adaptive signal timing in effect
EVT419256,2025-10-20 18:41:58,Religious Festival,J011,Indiranagar 100ft Road,44048,Weekday,True,Heavy Rain,True,30.2,False,True,1.0,Severe,8.2,101.0,498.1,0.182,0.42,0.805,Road closure for event/procession - full detour recommended for through-traffic
EVT419257,2025-02-05 18:56:37,Local Market Day,J040,City Market,5109,Weekday,False,Clear,False,0.0,False,False,1.0,Severe,10.9,66.5,459.8,0.188,0.434,0.892,Heavy congestion detected - signal timing extended and reroute suggested
EVT419258,2025-09-27 16:26:47,Local Market Day,J009,Majestic,4438,Weekend,False,Clear,False,0.0,False,False,0.558,High,24.6,44.5,162.7,0.097,0.225,0.954,Moderate traffic flow - standard adaptive signal timing in effect
EVT419259,2025-11-10 15:53:56,Political Rally,J030,MG Road,12592,Weekday,False,Clear,False,0.0,False,False,0.411,Moderate,31.5,32.9,139.6,0.113,0.261,0.972,Moderate traffic flow - standard adaptive signal timing in effect
EVT419260,2025-05-02 21:07:16,Religious Festival,J009,Majestic,68197,Weekday,True,Clear,False,0.0,False,True,1.0,Severe,8.4,105.6,500.9,0.174,0.401,0.852,Road closure for event/procession - full detour recommended for through-traffic
EVT419261,2026-06-05 08:20:22,Sports Fixture,J012,Koramangala Sony World,42461,Weekday,False,Clear,False,0.0,False,False,1.0,Severe,10.1,67.3,350.0,0.156,0.361,0.923,Heavy congestion detected - signal timing extended and reroute suggested
EVT419262,2025-12-23 08:37:22,Sports Fixture,J040,City Market,23495,Weekday,False,Fog,False,0.0,False,False,1.0,Severe,11.5,69.3,552.4,0.265,0.612,0.901,Heavy congestion detected - signal timing extended and reroute suggested
EVT419263,2025-07-31 17:58:45,Political Rally,J023,Basavanagudi,11645,Weekday,False,Rain,True,18.7,False,False,1.0,Severe,8.6,75.7,460.1,0.174,0.401,0.849,Heavy rain reducing visibility and grip - reduced speed and longer buffer advised
EVT419264,2025-12-16 08:33:23,Political Rally,J023,Basavanagudi,13105,Weekday,False,Clear,False,0.0,False,False,0.989,Severe,8.5,69.0,546.4,0.195,0.45,0.927,Heavy congestion detected - signal timing extended and reroute suggested
EVT419265,2025-11-02 04:21:39,Religious Festival,J012,Koramangala Sony World,48331,Weekend,True,Clear,False,0.0,False,False,0.682,High,20.2,49.5,211.8,0.123,0.284,0.916,Festival crowd surge detected - alternate route and extended cycle recommended
EVT419266,2025-07-01 11:37:29,Political Rally,J020,Malleshwaram Circle,14888,Weekday,False,Rain,True,21.6,False,False,0.592,High,16.7,42.9,247.9,0.166,0.384,0.938,Heavy rain reducing visibility and grip - reduced speed and longer buffer advised
EVT419267,2026-01-01 10:15:16,Religious Festival,J031,Cubbon Road,60292,Weekday,True,Clear,False,0.0,False,False,1.0,Severe,8.7,69.1,332.8,0.136,0.314,0.875,Festival crowd surge detected - alternate route and extended cycle recommended
EVT419268,2025-07-14 17:02:27,Local Market Day,J012,Koramangala Sony World,4028,Weekday,False,Clear,False,0.0,False,False,0.76,Severe,13.9,51.0,387.7,0.193,0.446,0.964,Heavy congestion detected - signal timing extended and reroute suggested
EVT419269,2025-02-24 18:55:47,Concert,J031,Cubbon Road,11520,Weekday,False,Clear,False,0.0,False,False,1.0,Severe,10.1,73.4,420.3,0.172,0.398,0.912,Heavy congestion detected - signal timing extended and reroute suggested
EVT419270,2025-08-04 20:25:24,Trade Fair,J012,Koramangala Sony World,12019,Weekday,False,Clear,False,0.0,False,False,0.64,High,20.2,44.8,200.6,0.13,0.301,0.952,Moderate traffic flow - standard adaptive signal timing in effect
EVT419271,2026-06-27 16:53:05,Political Rally,J012,Koramangala Sony World,13412,Weekend,False,Rain,True,9.7,False,False,0.812,Severe,12.4,61.2,350.7,0.168,0.388,0.885,Heavy rain reducing visibility and grip - reduced speed and longer buffer advised
EVT419272,2025-01-31 15:43:03,Local Market Day,J020,Malleshwaram Circle,4803,Weekday,False,Clear,False,0.0,False,False,0.335,Low,31.8,22.6,175.1,0.138,0.319,0.972,Moderate traffic flow - standard adaptive signal timing in effect
EVT419273,2026-05-24 18:25:07,Trade Fair,J009,Majestic,8995,Weekend,False,Rain,True,11.9,False,False,1.0,Severe,7.9,73.7,650.6,0.216,0.499,0.884,Heavy rain reducing visibility and grip - reduced speed and longer buffer advised
EVT419274,2025-08-29 09:58:09,Local Market Day,J009,Majestic,3309,Weekday,False,Fog,False,0.0,False,False,0.842,Severe,11.6,60.6,631.1,0.261,0.604,0.937,Heavy congestion detected - signal timing extended and reroute suggested
EVT419275,2026-04-24 14:29:38,Sports Fixture,J031,Cubbon Road,18320,Weekday,False,Fog,False,0.0,False,False,0.331,Low,22.6,33.3,260.5,0.137,0.316,0.968,Moderate traffic flow - standard adaptive signal timing in effect
EVT419276,2025-05-12 20:23:47,Sports Fixture,J031,Cubbon Road,22125,Weekday,False,Clear,False,0.0,False,False,0.63,High,14.8,41.4,377.7,0.159,0.367,0.934,Moderate traffic flow - standard adaptive signal timing in effect
EVT419277,2026-02-19 14:05:15,Local Market Day,J031,Cubbon Road,9449,Weekday,False,Clear,False,0.0,False,False,0.184,Low,33.9,12.9,177.1,0.174,0.401,0.964,Normal free-flow traffic - standard signal timing maintained
EVT419278,2025-08-20 11:55:14,Concert,J030,MG Road,6041,Weekday,False,Clear,False,0.0,False,False,0.266,Low,27.5,18.7,161.4,0.115,0.266,0.972,Moderate traffic flow - standard adaptive signal timing in effect
EVT419279,2025-09-26 08:20:36,Trade Fair,J031,Cubbon Road,7064,Weekday,False,Clear,False,0.0,False,False,0.997,Severe,9.2,67.7,561.6,0.213,0.492,0.911,Heavy congestion detected - signal timing extended and reroute suggested
EVT419280,2025-05-16 16:05:15,Concert,J031,Cubbon Road,11999,Weekday,False,Clear,False,0.0,False,False,0.52,Moderate,22.7,38.1,124.6,0.067,0.155,0.969,Moderate traffic flow - standard adaptive signal timing in effect
EVT419281,2025-04-26 18:11:14,Local Market Day,J040,City Market,3523,Weekend,False,Clear,False,0.0,False,False,0.923,Severe,11.0,66.8,470.5,0.203,0.469,0.941,Heavy congestion detected - signal timing extended and reroute suggested
EVT419282,2025-08-03 16:32:23,Local Market Day,J023,Basavanagudi,5251,Weekend,False,Rain,True,21.8,False,False,0.807,Severe,13.4,58.9,328.9,0.164,0.379,0.903,Heavy rain reducing visibility and grip - reduced speed and longer buffer advised
EVT419283,2025-07-15 22:19:08,Sports Fixture,J031,Cubbon Road,17803,Weekday,False,Rain,True,23.3,False,False,0.476,Moderate,25.5,42.2,141.5,0.106,0.246,0.888,Light rain detected - minor speed reduction advised
EVT419284,2025-06-12 07:39:33,Trade Fair,J040,City Market,8003,Weekday,False,Rain,True,12.6,False,False,0.896,Severe,11.6,65.1,499.2,0.237,0.548,0.913,Heavy rain reducing visibility and grip - reduced speed and longer buffer advised
EVT419285,2026-04-25 06:50:33,Local Market Day,J023,Basavanagudi,4371,Weekend,False,Clear,False,0.0,False,False,0.396,Moderate,29.4,30.9,76.3,0.047,0.109,0.962,Moderate traffic flow - standard adaptive signal timing in effect
EVT419286,2026-01-06 17:39:54,Sports Fixture,J031,Cubbon Road,23586,Weekday,False,Clear,False,0.0,False,False,1.0,Severe,6.4,69.9,574.2,0.168,0.388,0.929,Heavy congestion detected - signal timing extended and reroute suggested
EVT419287,2025-02-06 16:40:26,Trade Fair,J031,Cubbon Road,9829,Weekday,False,Fog,False,0.0,False,False,0.762,Severe,19.3,50.1,227.5,0.146,0.337,0.945,Heavy congestion detected - signal timing extended and reroute suggested
EVT419288,2025-05-07 12:34:38,Local Market Day,J011,Indiranagar 100ft Road,3604,Weekday,False,Clear,False,0.0,False,False,0.184,Low,36.1,13.4,100.2,0.104,0.24,0.99,Normal free-flow traffic - standard signal timing maintained
EVT419289,2025-10-12 18:09:13,Local Market Day,J009,Majestic,3499,Weekend,False,Clear,False,0.0,False,False,0.919,Severe,9.1,61.1,304.9,0.11,0.254,0.912,Heavy congestion detected - signal timing extended and reroute suggested
EVT419290,2025-12-23 10:23:33,Trade Fair,J011,Indiranagar 100ft Road,6177,Weekday,False,Clear,False,0.0,False,False,0.67,High,16.3,42.1,256.9,0.146,0.338,0.973,Moderate traffic flow - standard adaptive signal timing in effect
EVT419291,2025-07-07 08:47:23,Concert,J031,Cubbon Road,7857,Weekday,False,Light Rain,True,7.3,False,False,1.0,Severe,10.3,76.7,635.1,0.267,0.616,0.879,Heavy rain reducing visibility and grip - reduced speed and longer buffer advised
EVT419292,2026-04-21 08:58:15,Sports Fixture,J023,Basavanagudi,18820,Weekday,False,Fog,False,0.0,False,False,1.0,Severe,8.7,72.0,433.6,0.167,0.386,0.909,Heavy congestion detected - signal timing extended and reroute suggested
EVT419293,2025-12-04 09:26:41,Concert,J009,Majestic,18054,Weekday,False,Clear,False,0.0,False,False,1.0,Severe,9.0,68.7,679.5,0.264,0.611,0.901,Heavy congestion detected - signal timing extended and reroute suggested
EVT419294,2025-11-14 19:06:23,Local Market Day,J040,City Market,3298,Weekday,False,Clear,False,0.0,False,False,0.931,Severe,11.6,66.9,402.8,0.185,0.426,0.914,Heavy congestion detected - signal timing extended and reroute suggested
EVT419295,2025-01-06 13:47:44,Local Market Day,J040,City Market,3404,Weekday,False,Clear,False,0.0,False,False,0.188,Low,36.2,11.8,76.7,0.069,0.159,0.96,Normal free-flow traffic - standard signal timing maintained
EVT419296,2025-01-26 11:36:09,Religious Festival,J023,Basavanagudi,37835,Weekend,True,Clear,False,0.0,False,True,0.916,Severe,11.5,95.4,308.5,0.124,0.287,0.821,Road closure for event/procession - full detour recommended for through-traffic
EVT419297,2025-02-19 19:24:40,Concert,J030,MG Road,7216,Weekday,False,Clear,False,0.0,False,False,0.841,Severe,15.9,57.7,271.2,0.146,0.337,0.964,Heavy congestion detected - signal timing extended and reroute suggested
EVT419298,2025-07-19 18:11:02,Trade Fair,J031,Cubbon Road,10034,Weekend,False,Clear,False,0.0,False,False,0.879,Severe,10.2,61.3,594.4,0.215,0.498,0.952,Heavy congestion detected - signal timing extended and reroute suggested
EVT419299,2025-03-06 07:28:38,Sports Fixture,J040,City Market,23705,Weekday,False,Clear,False,0.0,False,False,0.737,High,16.3,56.2,143.6,0.086,0.198,0.962,Moderate traffic flow - standard adaptive signal timing in effect
EVT419300,2026-02-14 07:03:28,Political Rally,J040,City Market,5432,Weekend,False,Clear,False,0.0,False,False,0.468,Moderate,26.0,41.8,152.3,0.121,0.279,0.968,Moderate traffic flow - standard adaptive signal timing in effect
EVT419301,2025-06-12 09:26:30,Local Market Day,J030,MG Road,4109,Weekday,False,Fog,False,0.0,False,False,1.0,Severe,6.1,66.9,959.6,0.263,0.607,0.934,Heavy congestion detected - signal timing extended and reroute suggested
EVT419302,2025-06-27 09:46:08,Local Market Day,J030,MG Road,4378,Weekday,False,Rain,True,23.2,False,False,1.0,Severe,8.5,64.1,736.1,0.245,0.566,0.863,Heavy rain reducing visibility and grip - reduced speed and longer buffer advised
EVT419303,2026-01-16 14:21:51,Local Market Day,J023,Basavanagudi,1580,Weekday,False,Clear,False,0.0,False,False,0.216,Low,33.4,13.2,88.7,0.073,0.168,0.985,Normal free-flow traffic - standard signal timing maintained
EVT419304,2025-03-09 07:23:30,Sports Fixture,J020,Malleshwaram Circle,27386,Weekend,False,Clear,False,0.0,False,False,0.653,High,23.1,51.5,314.6,0.241,0.556,0.971,Moderate traffic flow - standard adaptive signal timing in effect
EVT419305,2026-05-06 07:11:51,Local Market Day,J009,Majestic,4105,Weekday,False,Clear,False,0.0,False,False,0.487,Moderate,25.2,35.8,245.2,0.182,0.421,0.972,Moderate traffic flow - standard adaptive signal timing in effect
EVT419306,2025-09-29 08:15:55,Trade Fair,J030,MG Road,10963,Weekday,False,Rain,True,17.1,False,False,1.0,Severe,10.1,73.2,359.1,0.156,0.361,0.875,Heavy rain reducing visibility and grip - reduced speed and longer buffer advised
EVT419307,2025-01-24 11:49:22,Trade Fair,J011,Indiranagar 100ft Road,17455,Weekday,False,Clear,False,0.0,False,False,0.327,Low,33.2,23.7,148.0,0.146,0.338,0.975,Moderate traffic flow - standard adaptive signal timing in effect
EVT419308,2026-01-21 11:01:09,Sports Fixture,J009,Majestic,13687,Weekday,False,Clear,False,0.0,False,False,0.387,Moderate,22.0,35.3,171.5,0.108,0.25,0.985,Moderate traffic flow - standard adaptive signal timing in effect
EVT419309,2026-04-20 09:09:19,Local Market Day,J030,MG Road,4127,Weekday,False,Clear,False,0.0,False,False,1.0,Severe,7.0,67.4,936.7,0.264,0.61,0.885,Heavy congestion detected - signal timing extended and reroute suggested
EVT419310,2025-04-27 20:31:55,Sports Fixture,J012,Koramangala Sony World,20338,Weekend,False,Clear,False,0.0,False,False,0.627,High,22.6,43.7,242.1,0.18,0.416,0.97,Moderate traffic flow - standard adaptive signal timing in effect
EVT419311,2025-10-16 08:30:55,Sports Fixture,J020,Malleshwaram Circle,34537,Weekday,False,Rain,True,17.5,False,False,1.0,Severe,9.1,73.2,186.8,0.082,0.189,0.867,Heavy rain reducing visibility and grip - reduced speed and longer buffer advised
EVT419312,2026-02-15 06:40:21,Political Rally,J009,Majestic,28662,Weekend,False,Clear,False,0.0,False,False,0.543,Moderate,20.7,36.5,289.5,0.18,0.415,0.951,Moderate traffic flow - standard adaptive signal timing in effect
EVT419313,2025-09-27 08:38:45,Concert,J030,MG Road,18495,Weekend,False,Clear,False,0.0,False,False,0.925,Severe,9.6,72.7,459.0,0.173,0.399,0.935,Heavy congestion detected - signal timing extended and reroute suggested
EVT419314,2025-11-10 14:47:48,Local Market Day,J012,Koramangala Sony World,2824,Weekday,False,Clear,False,0.0,False,False,0.271,Low,32.2,16.4,181.1,0.166,0.382,0.949,Moderate traffic flow - standard adaptive signal timing in effect
EVT419315,2026-03-26 15:45:02,Religious Festival,J040,City Market,77882,Weekday,True,Clear,False,0.0,False,False,1.0,Severe,8.1,66.9,808.5,0.256,0.591,0.854,Festival crowd surge detected - alternate route and extended cycle recommended
EVT419316,2026-01-09 19:01:57,Political Rally,J009,Majestic,20696,Weekday,False,Clear,False,0.0,False,False,0.975,Severe,10.8,72.9,281.5,0.147,0.341,0.928,Heavy congestion detected - signal timing extended and reroute suggested
EVT419317,2025-04-17 15:32:56,Local Market Day,J040,City Market,2493,Weekday,False,Heavy Rain,True,28.5,True,False,1.0,Severe,9.1,69.4,345.1,0.129,0.299,0.7,Accident detected nearby - reroute and reduced speed advised
EVT419318,2025-06-04 08:18:15,Trade Fair,J011,Indiranagar 100ft Road,11753,Weekday,False,Clear,False,0.0,False,False,1.0,Severe,7.9,72.0,919.2,0.276,0.638,0.915,Heavy congestion detected - signal timing extended and reroute suggested
EVT419319,2025-03-30 17:17:45,Religious Festival,J012,Koramangala Sony World,52071,Weekend,True,Clear,False,0.0,False,False,1.0,Severe,8.1,69.8,821.1,0.258,0.596,0.853,Festival crowd surge detected - alternate route and extended cycle recommended
EVT419320,2025-01-20 07:49:03,Sports Fixture,J009,Majestic,16404,Weekday,False,Clear,False,0.0,False,False,0.733,High,17.1,48.2,105.3,0.072,0.166,0.99,Moderate traffic flow - standard adaptive signal timing in effect
EVT419321,2025-01-25 19:29:10,Local Market Day,J030,MG Road,3160,Weekend,False,Clear,False,0.0,True,False,1.0,Severe,8.0,65.8,434.6,0.133,0.308,0.739,Accident detected nearby - reroute and reduced speed advised
EVT419322,2025-08-18 07:58:34,Sports Fixture,J031,Cubbon Road,13457,Weekday,False,Clear,False,0.0,False,False,0.814,Severe,12.9,61.3,357.8,0.171,0.395,0.946,Heavy congestion detected - signal timing extended and reroute suggested
EVT419323,2025-08-22 17:51:55,Local Market Day,J009,Majestic,5863,Weekday,False,Heavy Rain,True,59.1,False,False,1.0,Severe,8.7,71.0,519.2,0.185,0.428,0.87,Heavy rain reducing visibility and grip - reduced speed and longer buffer advised
EVT419324,2026-05-29 18:12:37,Concert,J012,Koramangala Sony World,15245,Weekday,False,Clear,False,0.0,False,False,1.0,Severe,7.4,68.4,458.2,0.125,0.289,0.914,Heavy congestion detected - signal timing extended and reroute suggested
EVT419325,2026-05-10 19:08:20,Sports Fixture,J023,Basavanagudi,28305,Weekend,False,Fog,False,0.0,False,False,0.934,Severe,11.9,63.0,270.4,0.125,0.29,0.935,Heavy congestion detected - signal timing extended and reroute suggested
EVT419326,2026-01-21 10:57:18,Trade Fair,J040,City Market,15934,Weekday,False,Clear,False,0.0,False,False,0.57,High,22.7,41.2,327.9,0.231,0.533,0.966,Moderate traffic flow - standard adaptive signal timing in effect
EVT419327,2025-09-16 15:12:30,Concert,J030,MG Road,9248,Weekday,False,Rain,True,23.8,False,False,0.631,High,17.4,46.0,174.6,0.097,0.224,0.91,Heavy rain reducing visibility and grip - reduced speed and longer buffer advised
EVT419328,2025-11-01 15:53:46,Religious Festival,J009,Majestic,33231,Weekend,True,Fog,False,0.0,False,True,0.881,High,14.5,90.2,461.1,0.255,0.59,0.838,Road closure for event/procession - full detour recommended for through-traffic
EVT419329,2025-07-22 07:10:54,Trade Fair,J012,Koramangala Sony World,9951,Weekday,False,Clear,False,0.0,False,False,0.512,Moderate,25.9,38.1,217.9,0.157,0.364,0.967,Moderate traffic flow - standard adaptive signal timing in effect
EVT419330,2025-10-17 18:00:14,Concert,J009,Majestic,8754,Weekday,False,Clear,False,0.0,False,False,0.994,Severe,8.5,74.1,851.3,0.286,0.66,0.91,Heavy congestion detected - signal timing extended and reroute suggested
EVT419331,2025-10-21 08:05:48,Religious Festival,J012,Koramangala Sony World,13941,Weekday,True,Clear,False,0.0,False,False,1.0,Severe,8.4,69.2,470.0,0.168,0.389,0.851,Festival crowd surge detected - alternate route and extended cycle recommended
EVT419332,2025-05-03 13:21:58,Local Market Day,J011,Indiranagar 100ft Road,2876,Weekend,False,Clear,False,0.0,False,False,0.239,Low,31.4,22.3,56.4,0.025,0.058,0.962,Normal free-flow traffic - standard signal timing maintained
EVT419333,2025-11-21 20:29:27,Local Market Day,J011,Indiranagar 100ft Road,3750,Weekday,False,Clear,False,0.0,False,False,0.526,Moderate,27.5,36.1,324.9,0.265,0.611,0.988,Moderate traffic flow - standard adaptive signal timing in effect
EVT419334,2025-11-16 19:56:12,Local Market Day,J031,Cubbon Road,6752,Weekend,False,Clear,False,0.0,False,False,0.648,High,15.8,46.9,421.1,0.212,0.489,0.953,Moderate traffic flow - standard adaptive signal timing in effect
EVT419335,2025-11-21 07:09:13,Trade Fair,J011,Indiranagar 100ft Road,6821,Weekday,False,Clear,False,0.0,False,False,0.461,Moderate,25.7,37.6,148.0,0.118,0.272,0.966,Moderate traffic flow - standard adaptive signal timing in effect
EVT419336,2026-03-17 09:55:54,Concert,J023,Basavanagudi,6530,Weekday,False,Clear,False,0.0,False,False,0.815,Severe,16.2,51.6,275.9,0.167,0.385,0.934,Heavy congestion detected - signal timing extended and reroute suggested
EVT419337,2025-10-11 16:00:26,Concert,J030,MG Road,11994,Weekend,False,Clear,False,0.0,False,False,0.424,Moderate,22.1,26.7,259.0,0.161,0.373,0.967,Moderate traffic flow - standard adaptive signal timing in effect
EVT419338,2026-04-15 20:38:35,Religious Festival,J012,Koramangala Sony World,49426,Weekday,True,Clear,False,0.0,False,True,1.0,Severe,10.4,92.1,360.7,0.147,0.339,0.838,Road closure for event/procession - full detour recommended for through-traffic
EVT419339,2025-01-25 16:48:02,Concert,J020,Malleshwaram Circle,11437,Weekend,False,Clear,False,0.0,False,False,0.628,High,22.3,42.0,364.4,0.286,0.661,0.962,Moderate traffic flow - standard adaptive signal timing in effect
EVT419340,2026-06-08 17:48:34,Sports Fixture,J031,Cubbon Road,28840,Weekday,False,Rain,True,21.1,False,False,1.0,Severe,10.1,71.0,605.6,0.266,0.615,0.872,Heavy rain reducing visibility and grip - reduced speed and longer buffer advised
EVT419341,2025-02-19 18:53:01,Political Rally,J020,Malleshwaram Circle,10215,Weekday,False,Clear,False,0.0,False,False,0.983,Severe,10.4,69.7,484.2,0.224,0.518,0.905,Heavy congestion detected - signal timing extended and reroute suggested
EVT419342,2025-07-06 11:20:38,Sports Fixture,J012,Koramangala Sony World,26772,Weekend,False,Clear,False,0.0,False,False,0.466,Moderate,26.0,31.2,168.4,0.115,0.265,0.965,Moderate traffic flow - standard adaptive signal timing in effect
EVT419343,2025-08-04 09:41:53,Sports Fixture,J030,MG Road,11042,Weekday,False,Clear,False,0.0,False,False,0.992,Severe,8.1,67.2,708.6,0.243,0.562,0.906,Heavy congestion detected - signal timing extended and reroute suggested
EVT419344,2026-02-17 20:49:44,Concert,J030,MG Road,9038,Weekday,False,Fog,False,0.0,False,False,0.475,Moderate,24.3,28.0,210.8,0.147,0.34,0.961,Moderate traffic flow - standard adaptive signal timing in effect
EVT419345,2026-02-10 10:31:59,Trade Fair,J030,MG Road,19239,Weekday,False,Clear,False,0.0,False,False,0.673,High,18.2,42.1,232.5,0.122,0.281,0.967,Moderate traffic flow - standard adaptive signal timing in effect
EVT419346,2025-03-10 08:27:40,Local Market Day,J020,Malleshwaram Circle,4242,Weekday,False,Clear,False,0.0,False,False,0.964,Severe,12.4,67.1,440.2,0.204,0.47,0.921,Heavy congestion detected - signal timing extended and reroute suggested
EVT419347,2026-04-25 18:53:13,Trade Fair,J031,Cubbon Road,10702,Weekend,False,Fog,False,0.0,False,False,0.843,Severe,13.9,55.2,481.7,0.245,0.565,0.927,Heavy congestion detected - signal timing extended and reroute suggested
EVT419348,2025-04-25 08:21:14,Concert,J023,Basavanagudi,24542,Weekday,False,Clear,False,0.0,False,False,1.0,Severe,8.6,72.2,722.8,0.247,0.571,0.922,Heavy congestion detected - signal timing extended and reroute suggested
EVT419349,2025-09-28 18:44:11,Sports Fixture,J023,Basavanagudi,23706,Weekend,False,Heavy Rain,True,39.7,False,False,1.0,Severe,7.1,69.9,494.5,0.154,0.357,0.89,Heavy rain reducing visibility and grip - reduced speed and longer buffer advised
EVT419350,2025-03-05 18:44:13,Local Market Day,J023,Basavanagudi,4427,Weekday,False,Clear,False,0.0,False,False,0.999,Severe,7.6,73.6,702.6,0.223,0.515,0.936,Heavy congestion detected - signal timing extended and reroute suggested
EVT419351,2025-06-02 07:45:23,Local Market Day,J012,Koramangala Sony World,4545,Weekday,False,Heavy Rain,True,65.6,False,False,1.0,Severe,7.7,71.2,454.1,0.131,0.303,0.877,Heavy rain reducing visibility and grip - reduced speed and longer buffer advised
EVT419352,2026-03-17 18:43:31,Local Market Day,J020,Malleshwaram Circle,2286,Weekday,False,Clear,False,0.0,False,False,1.0,Severe,8.8,74.3,497.9,0.183,0.423,0.924,Heavy congestion detected - signal timing extended and reroute suggested
EVT419353,2025-06-24 07:58:05,Concert,J031,Cubbon Road,13181,Weekday,False,Heavy Rain,True,35.5,False,False,1.0,Severe,10.2,68.7,528.1,0.227,0.525,0.883,Heavy rain reducing visibility and grip - reduced speed and longer buffer advised
EVT419354,2025-08-10 12:11:15,Concert,J012,Koramangala Sony World,14291,Weekend,False,Rain,True,21.7,False,False,0.618,High,19.2,43.6,218.0,0.111,0.256,0.909,Heavy rain reducing visibility and grip - reduced speed and longer buffer advised
EVT419355,2025-07-27 18:09:37,Concert,J023,Basavanagudi,9451,Weekend,False,Rain,True,18.8,False,False,1.0,Severe,10.1,73.7,628.7,0.256,0.591,0.889,Heavy rain reducing visibility and grip - reduced speed and longer buffer advised
EVT419356,2026-05-10 21:03:04,Local Market Day,J030,MG Road,3437,Weekend,False,Clear,False,0.0,False,False,0.431,Moderate,25.9,30.5,309.4,0.212,0.49,0.99,Moderate traffic flow - standard adaptive signal timing in effect
EVT419357,2025-05-19 10:36:10,Local Market Day,J012,Koramangala Sony World,8459,Weekday,False,Clear,False,0.0,False,False,0.57,High,20.9,49.2,190.1,0.14,0.323,0.979,Moderate traffic flow - standard adaptive signal timing in effect
EVT419358,2025-02-11 10:19:51,Local Market Day,J012,Koramangala Sony World,5252,Weekday,False,Clear,False,0.0,False,False,0.699,High,19.1,49.9,313.5,0.204,0.471,0.958,Moderate traffic flow - standard adaptive signal timing in effect
EVT419359,2025-05-14 14:02:21,Local Market Day,J031,Cubbon Road,6124,Weekday,False,Clear,False,0.0,False,False,0.241,Low,36.9,11.4,85.1,0.078,0.181,0.983,Normal free-flow traffic - standard signal timing maintained
EVT419360,2025-05-18 19:00:24,Local Market Day,J011,Indiranagar 100ft Road,3396,Weekend,False,Clear,False,0.0,False,False,0.775,Severe,15.5,60.8,326.5,0.175,0.405,0.98,Heavy congestion detected - signal timing extended and reroute suggested
EVT419361,2026-06-28 12:23:46,Sports Fixture,J040,City Market,21090,Weekend,False,Rain,True,13.7,False,False,0.598,High,27.3,39.7,124.8,0.084,0.194,0.907,Heavy rain reducing visibility and grip - reduced speed and longer buffer advised
EVT419362,2026-06-24 13:30:54,Concert,J012,Koramangala Sony World,22076,Weekday,False,Clear,False,0.0,False,False,0.215,Low,31.7,14.0,194.6,0.157,0.362,0.958,Normal free-flow traffic - standard signal timing maintained
EVT419363,2025-12-07 07:11:18,Local Market Day,J030,MG Road,9037,Weekend,False,Clear,False,0.0,False,False,0.528,Moderate,23.5,35.2,182.6,0.128,0.295,0.983,Moderate traffic flow - standard adaptive signal timing in effect
EVT419364,2026-01-19 15:21:51,Political Rally,J020,Malleshwaram Circle,9646,Weekday,False,Clear,False,0.0,False,False,0.296,Low,31.7,24.7,114.4,0.085,0.196,0.976,Moderate traffic flow - standard adaptive signal timing in effect
EVT419365,2025-11-10 21:26:59,Concert,J031,Cubbon Road,11862,Weekday,False,Clear,False,0.0,False,False,0.385,Moderate,27.3,18.1,177.6,0.14,0.323,0.981,Moderate traffic flow - standard adaptive signal timing in effect
EVT419366,2025-12-21 10:37:36,Trade Fair,J023,Basavanagudi,11402,Weekend,False,Clear,False,0.0,False,False,0.491,Moderate,25.4,32.4,254.4,0.208,0.481,0.978,Moderate traffic flow - standard adaptive signal timing in effect
EVT419367,2026-01-24 09:24:12,Local Market Day,J031,Cubbon Road,5182,Weekend,False,Clear,False,0.0,False,False,0.819,Severe,13.4,61.4,176.5,0.078,0.18,0.941,Heavy congestion detected - signal timing extended and reroute suggested
EVT419368,2025-11-02 20:17:45,Fireworks Display,J012,Koramangala Sony World,21378,Weekend,True,Clear,False,0.0,False,False,1.0,Severe,7.6,65.7,1107.1,0.339,0.782,0.847,Festival crowd surge detected - alternate route and extended cycle recommended
EVT419369,2026-02-01 14:28:52,Trade Fair,J011,Indiranagar 100ft Road,5279,Weekend,False,Clear,False,0.0,False,False,0.244,Low,33.0,14.1,126.3,0.111,0.256,0.969,Normal free-flow traffic - standard signal timing maintained
EVT419370,2025-04-18 16:50:27,Local Market Day,J023,Basavanagudi,6790,Weekday,False,Clear,False,0.0,False,False,0.729,High,20.5,56.3,338.9,0.209,0.482,0.972,Moderate traffic flow - standard adaptive signal timing in effect
EVT419371,2026-02-11 22:12:29,Local Market Day,J023,Basavanagudi,3893,Weekday,False,Clear,False,0.0,False,False,0.331,Low,30.9,29.7,124.8,0.096,0.221,0.969,Moderate traffic flow - standard adaptive signal timing in effect
EVT419372,2025-01-07 11:14:32,Sports Fixture,J020,Malleshwaram Circle,16803,Weekday,False,Clear,False,0.0,False,False,0.426,Moderate,27.0,26.5,67.7,0.052,0.12,0.958,Moderate traffic flow - standard adaptive signal timing in effect
EVT419373,2025-12-29 09:11:53,Concert,J011,Indiranagar 100ft Road,13616,Weekday,False,Clear,False,0.0,False,False,0.995,Severe,9.3,71.2,727.7,0.274,0.632,0.929,Heavy congestion detected - signal timing extended and reroute suggested
EVT419374,2026-01-29 12:04:24,Trade Fair,J023,Basavanagudi,8304,Weekday,False,Clear,False,0.0,False,False,0.267,Low,36.2,24.2,193.8,0.189,0.437,0.97,Moderate traffic flow - standard adaptive signal timing in effect
EVT419375,2025-09-08 10:22:02,Trade Fair,J020,Malleshwaram Circle,6698,Weekday,False,Clear,False,0.0,False,False,0.627,High,18.3,43.2,292.7,0.192,0.442,0.986,Moderate traffic flow - standard adaptive signal timing in effect
EVT419376,2025-09-03 08:46:25,Concert,J040,City Market,15357,Weekday,False,Clear,False,0.0,False,False,1.0,Severe,8.2,74.4,232.0,0.084,0.194,0.9,Heavy congestion detected - signal timing extended and reroute suggested
EVT419377,2025-09-10 08:13:58,Local Market Day,J020,Malleshwaram Circle,3357,Weekday,False,Fog,False,0.0,False,False,0.879,Severe,12.4,57.7,516.0,0.248,0.574,0.922,Heavy congestion detected - signal timing extended and reroute suggested
EVT419378,2025-12-09 21:14:09,Concert,J020,Malleshwaram Circle,14072,Weekday,False,Clear,False,0.0,False,False,0.455,Moderate,26.3,29.1,249.8,0.199,0.459,0.99,Moderate traffic flow - standard adaptive signal timing in effect
EVT419379,2025-10-30 08:44:55,Trade Fair,J011,Indiranagar 100ft Road,8501,Weekday,False,Clear,False,0.0,False,False,0.996,Severe,6.8,63.2,332.6,0.11,0.254,0.928,Heavy congestion detected - signal timing extended and reroute suggested
EVT419380,2025-04-22 18:02:14,Sports Fixture,J023,Basavanagudi,36851,Weekday,False,Clear,False,0.0,False,False,1.0,Severe,8.4,71.7,460.9,0.168,0.389,0.915,Heavy congestion detected - signal timing extended and reroute suggested
EVT419381,2025-05-01 12:07:05,Religious Festival,J030,MG Road,56787,Weekday,True,Clear,False,0.0,False,False,0.746,High,16.2,50.5,323.1,0.167,0.387,0.903,Festival crowd surge detected - alternate route and extended cycle recommended
EVT419382,2025-04-06 19:05:48,Religious Festival,J012,Koramangala Sony World,44484,Weekend,True,Clear,False,0.0,False,False,1.0,Severe,8.4,69.9,717.4,0.228,0.526,0.861,Festival crowd surge detected - alternate route and extended cycle recommended
EVT419383,2025-10-16 20:00:56,Sports Fixture,J023,Basavanagudi,17149,Weekday,False,Clear,False,0.0,False,False,0.785,Severe,15.5,53.7,282.8,0.167,0.385,0.985,Heavy congestion detected - signal timing extended and reroute suggested
EVT419384,2025-07-01 13:37:19,Concert,J030,MG Road,14559,Weekday,False,Clear,False,0.0,False,False,0.322,Low,25.5,22.2,186.6,0.144,0.332,0.97,Moderate traffic flow - standard adaptive signal timing in effect
EVT419385,2026-05-03 20:06:21,Local Market Day,J009,Majestic,5161,Weekend,False,Rain,True,13.4,False,False,0.72,High,18.1,52.3,197.8,0.124,0.285,0.933,Heavy rain reducing visibility and grip - reduced speed and longer buffer advised
EVT419386,2025-06-20 19:09:59,Concert,J030,MG Road,11805,Weekday,False,Clear,False,0.0,False,False,1.0,Severe,9.4,72.4,283.2,0.141,0.327,0.918,Heavy congestion detected - signal timing extended and reroute suggested
EVT419387,2025-05-05 13:14:30,Political Rally,J031,Cubbon Road,15508,Weekday,False,Clear,False,0.0,False,False,0.189,Low,38.9,14.1,125.4,0.124,0.286,0.972,Normal free-flow traffic - standard signal timing maintained
EVT419388,2025-03-11 14:06:16,Trade Fair,J040,City Market,5430,Weekday,False,Clear,False,0.0,False,False,0.201,Low,33.7,9.8,192.9,0.171,0.394,0.972,Normal free-flow traffic - standard signal timing maintained
EVT419389,2026-05-29 06:07:54,Local Market Day,J009,Majestic,4431,Weekday,False,Rain,True,9.5,False,False,0.384,Moderate,30.0,25.2,196.3,0.166,0.383,0.916,Light rain detected - minor speed reduction advised
EVT419390,2025-10-14 10:52:42,Concert,J011,Indiranagar 100ft Road,10955,Weekday,False,Clear,False,0.0,False,False,0.412,Moderate,32.9,25.8,190.5,0.171,0.395,0.953,Moderate traffic flow - standard adaptive signal timing in effect
EVT419391,2025-05-21 20:55:29,Local Market Day,J011,Indiranagar 100ft Road,4645,Weekday,False,Clear,False,0.0,False,False,0.416,Moderate,22.5,35.4,356.7,0.25,0.578,0.973,Moderate traffic flow - standard adaptive signal timing in effect
EVT419392,2026-06-22 21:17:17,Trade Fair,J009,Majestic,14247,Weekday,False,Clear,False,0.0,False,False,0.406,Moderate,26.1,27.5,228.9,0.166,0.384,0.934,Moderate traffic flow - standard adaptive signal timing in effect
EVT419393,2025-03-20 19:05:11,Local Market Day,J030,MG Road,7083,Weekday,False,Clear,False,0.0,False,False,1.0,Severe,9.1,69.3,450.4,0.172,0.398,0.918,Heavy congestion detected - signal timing extended and reroute suggested
EVT419394,2026-05-07 11:24:50,Concert,J031,Cubbon Road,14624,Weekday,False,Clear,False,0.0,False,False,0.361,Moderate,26.1,31.7,219.0,0.161,0.371,0.97,Moderate traffic flow - standard adaptive signal timing in effect
EVT419395,2026-05-06 09:07:25,Concert,J023,Basavanagudi,27039,Weekday,False,Clear,False,0.0,False,False,1.0,Severe,10.0,65.5,333.9,0.149,0.344,0.915,Heavy congestion detected - signal timing extended and reroute suggested
EVT419396,2025-04-26 07:25:40,Sports Fixture,J030,MG Road,35566,Weekend,False,Fog,False,0.0,False,False,0.742,High,17.2,55.1,322.3,0.176,0.407,0.964,Moderate traffic flow - standard adaptive signal timing in effect
EVT419397,2026-06-12 08:37:36,Concert,J030,MG Road,13780,Weekday,False,Rain,True,9.5,False,False,1.0,Severe,8.2,67.1,936.0,0.314,0.725,0.84,Heavy rain reducing visibility and grip - reduced speed and longer buffer advised
EVT419398,2025-06-21 12:03:22,Political Rally,J011,Indiranagar 100ft Road,19871,Weekend,False,Clear,False,0.0,False,False,0.35,Moderate,23.5,26.7,132.9,0.08,0.184,0.959,Moderate traffic flow - standard adaptive signal timing in effect
EVT419399,2026-06-11 18:58:26,Local Market Day,J023,Basavanagudi,5441,Weekday,False,Clear,False,0.0,False,False,1.0,Severe,9.0,69.0,727.2,0.262,0.605,0.904,Heavy congestion detected - signal timing extended and reroute suggested
EVT419400,2026-04-27 09:31:45,Sports Fixture,J011,Indiranagar 100ft Road,28195,Weekday,False,Clear,False,0.0,False,False,1.0,Severe,9.4,67.5,638.9,0.218,0.504,0.899,Heavy congestion detected - signal timing extended and reroute suggested
EVT419401,2025-07-10 11:52:43,Sports Fixture,J030,MG Road,16701,Weekday,False,Fog,False,0.0,False,False,0.346,Low,37.4,29.7,92.9,0.097,0.224,0.965,Moderate traffic flow - standard adaptive signal timing in effect
EVT419402,2025-05-15 15:43:05,Trade Fair,J023,Basavanagudi,17222,Weekday,False,Clear,False,0.0,False,False,0.466,Moderate,27.8,35.2,219.2,0.179,0.413,0.974,Moderate traffic flow - standard adaptive signal timing in effect
EVT419403,2025-03-25 15:48:23,Sports Fixture,J030,MG Road,31584,Weekday,False,Clear,False,0.0,False,False,0.483,Moderate,16.6,33.6,317.2,0.166,0.383,0.99,Moderate traffic flow - standard adaptive signal timing in effect
EVT419404,2026-05-23 06:51:53,Local Market Day,J009,Majestic,3824,Weekend,False,Light Rain,True,3.9,False,False,0.494,Moderate,23.9,34.3,279.4,0.221,0.511,0.963,Light rain detected - minor speed reduction advised
EVT419405,2025-07-04 13:55:15,Sports Fixture,J023,Basavanagudi,21941,Weekday,False,Heavy Rain,True,26.7,False,False,0.638,High,22.9,49.8,268.7,0.174,0.403,0.923,Heavy rain reducing visibility and grip - reduced speed and longer buffer advised
EVT419406,2026-06-18 08:26:35,Concert,J011,Indiranagar 100ft Road,12717,Weekday,False,Clear,False,0.0,False,False,0.996,Severe,8.4,71.0,688.7,0.241,0.557,0.94,Heavy congestion detected - signal timing extended and reroute suggested
EVT419407,2025-08-06 14:48:02,Concert,J012,Koramangala Sony World,17626,Weekday,False,Rain,True,18.3,False,False,0.523,Moderate,21.8,45.5,298.0,0.19,0.439,0.891,Light rain detected - minor speed reduction advised
EVT419408,2026-04-25 18:10:47,Local Market Day,J031,Cubbon Road,2496,Weekend,False,Clear,False,0.0,False,False,0.776,Severe,15.8,55.5,277.1,0.151,0.35,0.962,Heavy congestion detected - signal timing extended and reroute suggested
EVT419409,2025-08-20 07:36:10,Concert,J030,MG Road,11442,Weekday,False,Clear,False,0.0,False,False,0.732,High,17.6,51.8,244.6,0.144,0.334,0.953,Moderate traffic flow - standard adaptive signal timing in effect
EVT419410,2025-06-18 18:46:56,Trade Fair,J031,Cubbon Road,5610,Weekday,False,Clear,False,0.0,False,False,0.967,Severe,10.7,62.4,221.6,0.087,0.202,0.901,Heavy congestion detected - signal timing extended and reroute suggested
EVT419411,2025-10-19 18:57:09,Concert,J009,Majestic,12713,Weekend,False,Clear,False,0.0,False,False,0.861,Severe,9.1,64.5,507.7,0.201,0.464,0.936,Heavy congestion detected - signal timing extended and reroute suggested
EVT419412,2025-02-03 14:09:16,Concert,J030,MG Road,12940,Weekday,False,Clear,False,0.0,False,False,0.312,Low,33.9,26.2,111.7,0.107,0.246,0.96,Moderate traffic flow - standard adaptive signal timing in effect
EVT419413,2026-04-08 17:14:25,Sports Fixture,J012,Koramangala Sony World,29999,Weekday,False,Clear,False,0.0,False,False,0.984,Severe,8.4,71.7,962.6,0.339,0.784,0.93,Heavy congestion detected - signal timing extended and reroute suggested
EVT419414,2025-09-27 19:20:42,Sports Fixture,J009,Majestic,19393,Weekend,False,Clear,False,0.0,False,False,0.897,Severe,13.1,60.2,225.4,0.108,0.249,0.946,Heavy congestion detected - signal timing extended and reroute suggested
EVT419415,2025-09-17 16:40:59,Local Market Day,J030,MG Road,4877,Weekday,False,Heavy Rain,True,39.5,False,False,0.981,Severe,11.2,69.0,620.3,0.269,0.621,0.862,Heavy rain reducing visibility and grip - reduced speed and longer buffer advised
EVT419416,2025-08-03 10:18:58,Trade Fair,J040,City Market,7985,Weekend,False,Rain,True,11.3,False,False,0.732,High,19.2,51.8,103.3,0.064,0.148,0.905,Heavy rain reducing visibility and grip - reduced speed and longer buffer advised
EVT419417,2025-01-11 18:40:02,Trade Fair,J009,Majestic,8900,Weekend,False,Clear,False,0.0,False,False,0.889,Severe,12.9,58.8,292.9,0.162,0.374,0.921,Heavy congestion detected - signal timing extended and reroute suggested
EVT419418,2026-06-10 12:03:30,Concert,J020,Malleshwaram Circle,6710,Weekday,False,Rain,True,8.7,False,False,0.379,Moderate,26.0,25.3,164.5,0.121,0.28,0.917,Light rain detected - minor speed reduction advised
EVT419419,2026-02-27 14:35:27,Local Market Day,J023,Basavanagudi,4055,Weekday,False,Clear,False,0.0,False,False,0.228,Low,33.5,16.5,131.1,0.15,0.346,0.973,Normal free-flow traffic - standard signal timing maintained
EVT419420,2025-02-05 19:05:33,Sports Fixture,J023,Basavanagudi,31457,Weekday,False,Clear,False,0.0,False,False,1.0,Severe,8.8,71.3,606.2,0.215,0.497,0.932,Heavy congestion detected - signal timing extended and reroute suggested
EVT419421,2025-04-18 18:50:42,Sports Fixture,J040,City Market,30758,Weekday,False,Clear,False,0.0,False,False,1.0,Severe,7.7,80.1,713.8,0.218,0.503,0.906,Heavy congestion detected - signal timing extended and reroute suggested
EVT419422,2026-01-11 15:38:02,Sports Fixture,J012,Koramangala Sony World,10481,Weekend,False,Fog,False,0.0,False,False,0.375,Moderate,21.5,27.8,261.2,0.158,0.365,0.934,Moderate traffic flow - standard adaptive signal timing in effect
EVT419423,2025-01-23 18:50:19,Local Market Day,J023,Basavanagudi,5595,Weekday,False,Clear,False,0.0,False,False,1.0,Severe,7.8,69.1,582.9,0.196,0.452,0.91,Heavy congestion detected - signal timing extended and reroute suggested
EVT419424,2025-06-02 14:28:37,Local Market Day,J040,City Market,3286,Weekday,False,Rain,True,14.4,False,False,0.399,Moderate,27.4,24.1,216.0,0.168,0.387,0.931,Light rain detected - minor speed reduction advised
EVT419425,2026-04-11 20:26:15,Sports Fixture,J030,MG Road,21740,Weekend,False,Clear,False,0.0,False,False,0.577,High,25.3,39.4,174.7,0.132,0.305,0.966,Moderate traffic flow - standard adaptive signal timing in effect
EVT419426,2025-01-04 20:41:58,Concert,J011,Indiranagar 100ft Road,17176,Weekend,False,Clear,False,0.0,False,False,0.612,High,21.9,38.0,185.4,0.143,0.33,0.975,Moderate traffic flow - standard adaptive signal timing in effect
EVT419427,2025-04-13 10:34:02,Political Rally,J030,MG Road,14690,Weekend,False,Clear,False,0.0,False,False,0.633,High,21.8,53.2,117.8,0.093,0.215,0.971,Moderate traffic flow - standard adaptive signal timing in effect
EVT419428,2026-03-18 07:09:45,Local Market Day,J012,Koramangala Sony World,3041,Weekday,False,Light Rain,True,2.9,False,False,0.479,Moderate,31.0,32.9,132.2,0.111,0.258,0.919,Light rain detected - minor speed reduction advised
EVT419429,2026-03-15 11:20:03,Concert,J011,Indiranagar 100ft Road,21186,Weekend,False,Clear,False,0.0,False,False,0.55,Moderate,21.7,38.8,190.4,0.121,0.28,0.966,Moderate traffic flow - standard adaptive signal timing in effect
EVT419430,2026-04-27 20:25:30,Sports Fixture,J040,City Market,23796,Weekday,False,Clear,False,0.0,False,False,0.697,High,20.0,51.7,174.3,0.117,0.271,0.986,Moderate traffic flow - standard adaptive signal timing in effect
EVT419431,2025-05-19 18:06:52,Concert,J011,Indiranagar 100ft Road,11072,Weekday,False,Clear,False,0.0,False,False,1.0,Severe,9.8,65.6,490.5,0.189,0.437,0.929,Heavy congestion detected - signal timing extended and reroute suggested
EVT419432,2026-04-23 09:20:30,Trade Fair,J040,City Market,8896,Weekday,False,Clear,False,0.0,False,False,1.0,Severe,8.8,66.4,541.2,0.196,0.453,0.917,Heavy congestion detected - signal timing extended and reroute suggested
EVT419433,2025-05-29 08:10:48,Local Market Day,J012,Koramangala Sony World,3766,Weekday,False,Light Rain,True,4.5,False,False,0.988,Severe,8.5,69.3,662.0,0.233,0.538,0.856,Heavy rain reducing visibility and grip - reduced speed and longer buffer advised
EVT419434,2026-03-03 08:42:17,Local Market Day,J023,Basavanagudi,3559,Weekday,False,Clear,False,0.0,False,False,0.942,Severe,10.5,61.0,440.9,0.196,0.453,0.905,Heavy congestion detected - signal timing extended and reroute suggested
EVT419435,2026-06-14 19:23:46,Sports Fixture,J040,City Market,24025,Weekend,False,Clear,False,0.0,False,False,0.931,Severe,13.1,65.2,297.7,0.145,0.335,0.931,Heavy congestion detected - signal timing extended and reroute suggested
EVT419436,2026-05-03 20:45:29,Local Market Day,J040,City Market,3681,Weekend,False,Clear,False,0.0,False,False,0.439,Moderate,31.5,32.7,173.6,0.139,0.32,0.972,Moderate traffic flow - standard adaptive signal timing in effect
EVT419437,2025-11-12 18:31:15,Trade Fair,J009,Majestic,14513,Weekday,False,Clear,False,0.0,False,False,1.0,Severe,7.4,74.1,1006.0,0.321,0.742,0.899,Heavy congestion detected - signal timing extended and reroute suggested
EVT419438,2025-09-23 09:14:23,Trade Fair,J009,Majestic,9704,Weekday,False,Clear,False,0.0,False,False,1.0,Severe,8.1,70.3,577.4,0.149,0.345,0.914,Heavy congestion detected - signal timing extended and reroute suggested
EVT419439,2025-11-30 19:04:27,Sports Fixture,J011,Indiranagar 100ft Road,28800,Weekend,False,Clear,False,0.0,False,False,0.991,Severe,6.4,72.0,723.7,0.196,0.452,0.928,Heavy congestion detected - signal timing extended and reroute suggested
EVT419440,2026-03-11 14:29:01,Sports Fixture,J011,Indiranagar 100ft Road,21151,Weekday,False,Clear,False,0.0,False,False,0.383,Moderate,34.4,29.3,147.3,0.128,0.295,0.971,Moderate traffic flow - standard adaptive signal timing in effect
EVT419441,2025-12-12 11:18:44,Concert,J009,Majestic,13302,Weekday,False,Clear,False,0.0,False,False,0.425,Moderate,33.5,24.3,97.4,0.098,0.226,0.96,Moderate traffic flow - standard adaptive signal timing in effect
EVT419442,2026-04-01 18:59:35,Local Market Day,J031,Cubbon Road,3247,Weekday,False,Clear,False,0.0,False,False,0.963,Severe,11.1,71.6,287.4,0.122,0.283,0.919,Heavy congestion detected - signal timing extended and reroute suggested
EVT419443,2025-04-07 09:58:39,Cultural Procession,J030,MG Road,12442,Weekday,True,Clear,False,0.0,False,True,1.0,Severe,9.2,100.3,437.1,0.183,0.423,0.807,Road closure for event/procession - full detour recommended for through-traffic
EVT419444,2025-04-29 09:20:48,Concert,J030,MG Road,11120,Weekday,False,Clear,False,0.0,False,False,1.0,Severe,7.7,76.3,475.0,0.167,0.385,0.894,Heavy congestion detected - signal timing extended and reroute suggested
EVT419445,2025-07-14 10:16:51,Local Market Day,J020,Malleshwaram Circle,3642,Weekday,False,Heavy Rain,True,45.7,True,False,1.0,Severe,7.8,78.2,629.5,0.204,0.472,0.707,Accident detected nearby - reroute and reduced speed advised
EVT419446,2025-09-25 18:23:41,Political Rally,J023,Basavanagudi,22055,Weekday,False,Clear,False,0.0,False,False,1.0,Severe,8.4,71.9,208.9,0.07,0.161,0.898,Heavy congestion detected - signal timing extended and reroute suggested
EVT419447,2025-01-07 14:32:39,Concert,J011,Indiranagar 100ft Road,11437,Weekday,False,Clear,False,0.0,False,False,0.228,Low,35.5,13.7,151.2,0.124,0.287,0.987,Normal free-flow traffic - standard signal timing maintained
EVT419448,2025-06-14 07:51:01,Political Rally,J031,Cubbon Road,9365,Weekend,False,Rain,True,16.7,False,False,0.858,Severe,13.7,60.5,342.2,0.171,0.395,0.907,Heavy rain reducing visibility and grip - reduced speed and longer buffer advised
EVT419449,2026-06-07 18:20:11,Political Rally,J030,MG Road,16287,Weekend,False,Clear,False,0.0,False,False,0.93,Severe,10.7,70.8,393.5,0.17,0.393,0.914,Heavy congestion detected - signal timing extended and reroute suggested
EVT419450,2025-05-22 18:40:57,Concert,J040,City Market,15558,Weekday,False,Clear,False,0.0,False,False,1.0,Severe,7.4,72.2,782.5,0.251,0.581,0.947,Heavy congestion detected - signal timing extended and reroute suggested
EVT419451,2026-04-23 09:01:14,Local Market Day,J040,City Market,3164,Weekday,False,Clear,False,0.0,False,False,1.0,Severe,10.2,71.8,280.2,0.129,0.299,0.901,Heavy congestion detected - signal timing extended and reroute suggested
EVT419452,2026-03-19 21:06:21,Religious Festival,J009,Majestic,69673,Weekday,True,Clear,False,0.0,False,False,0.94,Severe,9.3,70.4,371.0,0.144,0.332,0.881,Festival crowd surge detected - alternate route and extended cycle recommended
EVT419453,2026-01-26 10:50:08,Religious Festival,J030,MG Road,69914,Weekday,True,Clear,False,0.0,False,True,1.0,Severe,9.8,99.5,464.2,0.194,0.447,0.851,Road closure for event/procession - full detour recommended for through-traffic
EVT419454,2025-10-13 00:42:07,Local Market Day,J020,Malleshwaram Circle,6879,Weekday,False,Heavy Rain,True,50.1,False,False,0.513,Moderate,23.3,42.0,199.3,0.133,0.308,0.883,Light rain detected - minor speed reduction advised
EVT419455,2025-03-18 18:09:57,Trade Fair,J011,Indiranagar 100ft Road,7755,Weekday,False,Clear,False,0.0,False,False,0.964,Severe,8.6,70.6,569.0,0.205,0.473,0.899,Heavy congestion detected - signal timing extended and reroute suggested
EVT419456,2025-04-11 16:46:35,Sports Fixture,J030,MG Road,10244,Weekday,False,Clear,False,0.0,False,False,0.72,High,18.7,53.0,283.8,0.184,0.424,0.976,Moderate traffic flow - standard adaptive signal timing in effect
EVT419457,2025-10-29 19:03:46,Trade Fair,J009,Majestic,8345,Weekday,False,Clear,False,0.0,False,False,0.987,Severe,8.7,72.2,876.3,0.279,0.644,0.926,Heavy congestion detected - signal timing extended and reroute suggested
EVT419458,2025-01-24 14:31:34,Trade Fair,J012,Koramangala Sony World,11399,Weekday,False,Clear,False,0.0,True,False,0.62,High,22.8,45.7,152.8,0.128,0.295,0.789,Accident detected nearby - reroute and reduced speed advised
EVT419459,2026-04-13 05:25:20,Political Rally,J009,Majestic,22220,Weekday,False,Rain,True,12.1,False,False,0.457,Moderate,23.9,34.3,233.3,0.161,0.372,0.904,Light rain detected - minor speed reduction advised
EVT419460,2025-04-24 09:07:00,Sports Fixture,J009,Majestic,18487,Weekday,False,Clear,False,0.0,False,False,1.0,Severe,7.8,74.4,423.8,0.137,0.316,0.908,Heavy congestion detected - signal timing extended and reroute suggested
EVT419461,2025-09-01 09:37:56,Concert,J011,Indiranagar 100ft Road,13587,Weekday,False,Clear,False,0.0,False,False,1.0,Severe,9.7,73.3,751.5,0.277,0.639,0.92,Heavy congestion detected - signal timing extended and reroute suggested
EVT419462,2026-02-10 09:50:50,Trade Fair,J012,Koramangala Sony World,7972,Weekday,False,Clear,False,0.0,False,False,0.871,Severe,12.9,62.8,257.7,0.147,0.341,0.945,Heavy congestion detected - signal timing extended and reroute suggested
EVT419463,2025-10-24 16:26:07,Sports Fixture,J040,City Market,18033,Weekday,False,Clear,False,0.0,False,False,0.569,High,22.2,41.4,203.8,0.142,0.328,0.989,Moderate traffic flow - standard adaptive signal timing in effect
EVT419464,2025-09-03 23:28:34,Concert,J009,Majestic,11317,Weekday,False,Rain,True,17.9,False,False,0.464,Moderate,24.3,30.3,76.9,0.061,0.141,0.918,Light rain detected - minor speed reduction advised
EVT419465,2026-01-26 15:11:59,Religious Festival,J030,MG Road,40748,Weekday,True,Fog,False,0.0,False,True,0.832,High,16.2,85.5,292.5,0.191,0.442,0.87,Road closure for event/procession - full detour recommended for through-traffic
EVT419466,2025-02-02 19:31:53,Sports Fixture,J040,City Market,16793,Weekend,False,Clear,False,0.0,False,False,0.831,Severe,11.8,58.5,154.2,0.078,0.18,0.94,Heavy congestion detected - signal timing extended and reroute suggested
EVT419467,2026-05-16 13:20:05,Trade Fair,J040,City Market,11093,Weekend,False,Clear,False,0.0,False,False,0.315,Low,23.0,20.7,170.8,0.099,0.229,0.959,Moderate traffic flow - standard adaptive signal timing in effect
EVT419468,2026-05-07 17:29:30,Sports Fixture,J009,Majestic,22899,Weekday,False,Clear,False,0.0,False,False,0.987,Severe,8.2,69.9,414.6,0.142,0.328,0.938,Heavy congestion detected - signal timing extended and reroute suggested
EVT419469,2025-04-11 17:51:41,Concert,J011,Indiranagar 100ft Road,12200,Weekday,False,Light Rain,True,4.2,False,False,1.0,Severe,8.5,71.3,642.6,0.21,0.486,0.848,Heavy rain reducing visibility and grip - reduced speed and longer buffer advised
EVT419470,2026-06-07 17:41:31,Concert,J031,Cubbon Road,27259,Weekend,False,Heavy Rain,True,73.0,False,False,1.0,Severe,7.6,71.3,475.4,0.157,0.362,0.853,Heavy rain reducing visibility and grip - reduced speed and longer buffer advised
EVT419471,2025-03-06 10:06:50,Local Market Day,J040,City Market,5284,Weekday,False,Clear,False,0.0,False,False,0.784,Severe,14.7,59.1,490.0,0.233,0.539,0.965,Heavy congestion detected - signal timing extended and reroute suggested
EVT419472,2026-02-25 15:27:44,Local Market Day,J009,Majestic,2300,Weekday,False,Clear,False,0.0,False,False,0.257,Low,28.5,23.2,174.1,0.11,0.255,0.962,Moderate traffic flow - standard adaptive signal timing in effect
EVT419473,2025-12-16 18:16:51,Sports Fixture,J011,Indiranagar 100ft Road,22349,Weekday,False,Clear,False,0.0,False,False,1.0,Severe,6.9,68.1,603.4,0.191,0.44,0.921,Heavy congestion detected - signal timing extended and reroute suggested
EVT419474,2026-03-29 17:39:51,Trade Fair,J023,Basavanagudi,7014,Weekend,False,Clear,False,0.0,False,False,0.779,Severe,13.5,54.2,537.3,0.25,0.578,0.955,Heavy congestion detected - signal timing extended and reroute suggested
EVT419475,2025-11-27 06:30:29,Sports Fixture,J023,Basavanagudi,28680,Weekday,False,Clear,False,0.0,False,False,0.47,Moderate,26.4,29.1,196.1,0.15,0.347,0.944,Moderate traffic flow - standard adaptive signal timing in effect
EVT419476,2026-04-12 20:42:31,Concert,J020,Malleshwaram Circle,19413,Weekend,False,Clear,False,0.0,False,False,0.625,High,16.4,48.9,274.6,0.169,0.391,0.952,Moderate traffic flow - standard adaptive signal timing in effect
EVT419477,2025-01-28 13:17:43,Political Rally,J040,City Market,31966,Weekday,False,Light Rain,True,3.1,False,False,0.315,Low,23.3,25.4,217.6,0.141,0.325,0.917,Light rain detected - minor speed reduction advised
EVT419478,2025-03-05 18:59:57,Local Market Day,J012,Koramangala Sony World,5423,Weekday,False,Clear,False,0.0,False,False,0.912,Severe,11.6,63.0,302.8,0.143,0.331,0.956,Heavy congestion detected - signal timing extended and reroute suggested
EVT419479,2025-07-19 16:47:56,Concert,J031,Cubbon Road,12265,Weekend,False,Clear,False,0.0,False,False,0.66,High,18.5,45.8,302.5,0.187,0.431,0.974,Moderate traffic flow - standard adaptive signal timing in effect
EVT419480,2026-02-13 08:34:03,Local Market Day,J011,Indiranagar 100ft Road,6410,Weekday,False,Fog,False,0.0,False,False,0.979,Severe,9.9,71.7,488.2,0.197,0.455,0.903,Heavy congestion detected - signal timing extended and reroute suggested
EVT419481,2025-07-15 19:56:24,Concert,J012,Koramangala Sony World,9362,Weekday,False,Clear,False,0.0,False,False,0.765,Severe,15.5,58.0,278.4,0.156,0.36,0.979,Heavy congestion detected - signal timing extended and reroute suggested
EVT419482,2025-06-19 06:37:03,Local Market Day,J023,Basavanagudi,3746,Weekday,False,Clear,False,0.0,False,False,0.275,Low,27.9,19.1,187.3,0.149,0.343,0.97,Moderate traffic flow - standard adaptive signal timing in effect
EVT419483,2025-07-20 11:55:20,Sports Fixture,J020,Malleshwaram Circle,14447,Weekend,False,Clear,False,0.0,False,False,0.37,Moderate,29.8,28.4,131.1,0.089,0.205,0.989,Moderate traffic flow - standard adaptive signal timing in effect
EVT419484,2025-08-08 17:53:47,Local Market Day,J011,Indiranagar 100ft Road,5752,Weekday,False,Clear,False,0.0,False,False,0.901,Severe,12.6,59.5,449.3,0.211,0.488,0.952,Heavy congestion detected - signal timing extended and reroute suggested
EVT419485,2025-05-30 13:01:12,Local Market Day,J040,City Market,5068,Weekday,False,Clear,False,0.0,False,False,0.217,Low,27.3,18.5,152.6,0.117,0.27,0.964,Normal free-flow traffic - standard signal timing maintained
EVT419486,2025-11-27 18:34:47,Trade Fair,J040,City Market,7542,Weekday,False,Clear,False,0.0,False,False,1.0,Severe,8.3,70.8,546.7,0.206,0.475,0.904,Heavy congestion detected - signal timing extended and reroute suggested
EVT419487,2025-10-12 10:15:03,Sports Fixture,J020,Malleshwaram Circle,17791,Weekend,False,Heavy Rain,True,25.7,False,False,1.0,Severe,8.1,72.9,495.7,0.167,0.386,0.856,Heavy rain reducing visibility and grip - reduced speed and longer buffer advised
EVT419488,2026-05-25 18:50:33,Trade Fair,J020,Malleshwaram Circle,7025,Weekday,False,Clear,False,0.0,False,False,1.0,Severe,8.5,66.4,425.8,0.165,0.381,0.908,Heavy congestion detected - signal timing extended and reroute suggested
EVT419489,2026-02-14 11:52:04,Sports Fixture,J020,Malleshwaram Circle,34186,Weekend,False,Clear,False,0.0,False,False,0.435,Moderate,26.5,28.2,154.6,0.116,0.268,0.99,Moderate traffic flow - standard adaptive signal timing in effect
EVT419490,2025-10-30 19:28:00,Concert,J011,Indiranagar 100ft Road,12494,Weekday,False,Fog,False,0.0,False,False,0.916,Severe,11.8,67.3,275.4,0.122,0.281,0.9,Heavy congestion detected - signal timing extended and reroute suggested
EVT419491,2026-02-23 16:54:18,Sports Fixture,J020,Malleshwaram Circle,15163,Weekday,False,Clear,False,0.0,False,False,0.776,Severe,15.0,56.0,238.6,0.133,0.308,0.971,Heavy congestion detected - signal timing extended and reroute suggested
EVT419492,2025-04-08 10:00:42,Concert,J040,City Market,19372,Weekday,False,Clear,False,0.0,False,False,0.871,Severe,16.1,61.8,273.0,0.164,0.379,0.937,Heavy congestion detected - signal timing extended and reroute suggested
EVT419493,2025-11-22 04:50:02,Political Rally,J040,City Market,15026,Weekend,False,Clear,False,0.0,False,False,0.368,Moderate,30.2,29.4,218.6,0.169,0.389,0.936,Moderate traffic flow - standard adaptive signal timing in effect
EVT419494,2025-09-18 06:40:43,Concert,J031,Cubbon Road,7522,Weekday,False,Rain,True,13.0,False,False,0.504,Moderate,23.9,33.3,162.3,0.103,0.239,0.93,Light rain detected - minor speed reduction advised
EVT419495,2026-04-02 20:42:26,Sports Fixture,J020,Malleshwaram Circle,17662,Weekday,False,Clear,False,0.0,False,False,0.608,High,23.2,42.2,184.8,0.126,0.291,0.972,Moderate traffic flow - standard adaptive signal timing in effect
EVT419496,2025-05-05 18:52:37,Trade Fair,J031,Cubbon Road,11263,Weekday,False,Rain,True,10.5,False,False,1.0,Severe,6.9,75.0,645.5,0.201,0.465,0.873,Heavy rain reducing visibility and grip - reduced speed and longer buffer advised
EVT419497,2025-08-16 19:28:45,Religious Festival,J011,Indiranagar 100ft Road,34766,Weekend,True,Clear,False,0.0,False,False,1.0,Severe,10.9,76.8,325.0,0.137,0.317,0.862,Festival crowd surge detected - alternate route and extended cycle recommended
EVT419498,2025-02-28 17:15:25,Trade Fair,J020,Malleshwaram Circle,10253,Weekday,False,Clear,False,0.0,False,False,0.788,Severe,17.2,53.2,180.5,0.112,0.258,0.959,Heavy congestion detected - signal timing extended and reroute suggested
EVT419499,2025-03-14 12:34:57,Fireworks Display,J012,Koramangala Sony World,23502,Weekday,True,Clear,False,0.0,False,False,0.576,High,27.6,34.8,132.3,0.12,0.277,0.908,Festival crowd surge detected - alternate route and extended cycle recommended
EVT419500,2025-09-05 17:02:15,Fireworks Display,J020,Malleshwaram Circle,35915,Weekday,True,Clear,False,0.0,False,False,1.0,Severe,9.1,73.8,345.3,0.139,0.322,0.906,Festival crowd surge detected - alternate route and extended cycle recommended
EVT419501,2025-11-14 15:23:06,Concert,J020,Malleshwaram Circle,9776,Weekday,False,Clear,False,0.0,False,False,0.316,Low,27.1,16.5,118.7,0.076,0.176,0.99,Moderate traffic flow - standard adaptive signal timing in effect
EVT419502,2025-10-01 11:31:41,Trade Fair,J023,Basavanagudi,12067,Weekday,False,Heavy Rain,True,29.2,False,False,0.645,High,16.9,48.3,224.9,0.109,0.252,0.932,Heavy rain reducing visibility and grip - reduced speed and longer buffer advised
EVT419503,2025-02-14 09:06:40,Political Rally,J040,City Market,13388,Weekday,False,Clear,False,0.0,False,False,1.0,Severe,7.8,66.1,794.7,0.246,0.568,0.9,Heavy congestion detected - signal timing extended and reroute suggested
EVT419504,2025-08-19 10:14:47,Political Rally,J011,Indiranagar 100ft Road,19273,Weekday,False,Clear,False,0.0,False,False,0.847,Severe,13.3,63.1,245.2,0.116,0.269,0.933,Heavy congestion detected - signal timing extended and reroute suggested
EVT419505,2026-05-21 23:42:36,Sports Fixture,J009,Majestic,21825,Weekday,False,Clear,False,0.0,False,False,0.257,Low,30.8,21.3,81.2,0.063,0.146,0.983,Moderate traffic flow - standard adaptive signal timing in effect
EVT419506,2025-08-24 17:14:19,Political Rally,J040,City Market,18035,Weekend,False,Heavy Rain,True,42.2,False,False,1.0,Severe,7.6,68.7,691.9,0.217,0.501,0.861,Heavy rain reducing visibility and grip - reduced speed and longer buffer advised
EVT419507,2026-01-10 10:01:35,Local Market Day,J023,Basavanagudi,4501,Weekend,False,Clear,False,0.0,False,False,0.77,Severe,15.3,58.7,200.9,0.107,0.248,0.957,Heavy congestion detected - signal timing extended and reroute suggested
EVT419508,2025-02-06 10:11:08,Sports Fixture,J031,Cubbon Road,14016,Weekday,False,Clear,False,0.0,False,False,0.796,Severe,13.0,56.5,325.1,0.153,0.353,0.981,Heavy congestion detected - signal timing extended and reroute suggested
EVT419509,2025-02-22 17:02:46,Local Market Day,J011,Indiranagar 100ft Road,4552,Weekend,False,Clear,False,0.0,False,False,0.661,High,17.9,49.1,220.0,0.108,0.249,0.969,Moderate traffic flow - standard adaptive signal timing in effect
EVT419510,2026-04-18 08:12:23,Sports Fixture,J009,Majestic,36419,Weekend,False,Clear,False,0.0,False,False,0.942,Severe,9.5,64.2,428.4,0.179,0.413,0.929,Heavy congestion detected - signal timing extended and reroute suggested
EVT419511,2026-06-08 08:34:55,Political Rally,J011,Indiranagar 100ft Road,15718,Weekday,False,Heavy Rain,True,26.4,False,False,1.0,Severe,7.6,67.7,443.1,0.155,0.358,0.885,Heavy rain reducing visibility and grip - reduced speed and longer buffer advised
EVT419512,2026-03-03 07:40:55,Trade Fair,J031,Cubbon Road,11717,Weekday,False,Clear,False,0.0,False,False,0.728,High,16.9,54.0,354.1,0.196,0.454,0.965,Moderate traffic flow - standard adaptive signal timing in effect
EVT419513,2025-08-02 18:43:48,Sports Fixture,J012,Koramangala Sony World,23810,Weekend,False,Light Rain,True,5.1,False,False,1.0,Severe,8.0,74.9,672.8,0.202,0.466,0.894,Heavy rain reducing visibility and grip - reduced speed and longer buffer advised
EVT419514,2025-12-24 11:17:01,Sports Fixture,J040,City Market,23258,Weekday,False,Clear,False,0.0,False,False,0.408,Moderate,21.8,25.4,145.1,0.098,0.227,0.968,Moderate traffic flow - standard adaptive signal timing in effect
EVT419515,2025-03-27 12:24:20,Local Market Day,J012,Koramangala Sony World,6679,Weekday,False,Clear,False,0.0,False,False,0.265,Low,37.5,22.9,204.8,0.184,0.425,0.97,Moderate traffic flow - standard adaptive signal timing in effect
EVT419516,2025-10-18 19:03:34,Political Rally,J031,Cubbon Road,8897,Weekend,False,Rain,True,16.2,False,False,1.0,Severe,9.3,69.9,294.3,0.101,0.232,0.87,Heavy rain reducing visibility and grip - reduced speed and longer buffer advised
EVT419517,2025-06-09 12:59:00,Local Market Day,J009,Majestic,3443,Weekday,False,Clear,False,0.0,False,False,0.11,Low,37.8,11.9,137.9,0.139,0.322,0.967,Normal free-flow traffic - standard signal timing maintained
EVT419518,2026-05-28 12:48:46,Local Market Day,J009,Majestic,5221,Weekday,False,Light Rain,True,3.0,False,False,0.269,Low,23.5,18.1,217.4,0.12,0.278,0.899,Light rain detected - minor speed reduction advised
EVT419519,2026-04-28 08:48:08,Trade Fair,J023,Basavanagudi,8691,Weekday,False,Clear,False,0.0,False,False,1.0,Severe,9.7,70.9,480.6,0.191,0.442,0.901,Heavy congestion detected - signal timing extended and reroute suggested
EVT419520,2026-04-06 07:28:27,Trade Fair,J040,City Market,7326,Weekday,False,Rain,True,10.4,False,False,0.73,High,17.6,48.8,229.0,0.141,0.326,0.96,Heavy rain reducing visibility and grip - reduced speed and longer buffer advised
EVT419521,2025-03-03 20:04:34,Political Rally,J030,MG Road,10775,Weekday,False,Clear,False,0.0,False,False,0.749,High,19.4,56.2,268.4,0.169,0.389,0.971,Moderate traffic flow - standard adaptive signal timing in effect
EVT419522,2025-02-22 18:07:48,Sports Fixture,J012,Koramangala Sony World,14844,Weekend,False,Clear,False,0.0,False,False,0.968,Severe,10.4,66.9,513.8,0.249,0.574,0.924,Heavy congestion detected - signal timing extended and reroute suggested
EVT419523,2025-01-20 17:27:58,Political Rally,J020,Malleshwaram Circle,15879,Weekday,False,Clear,False,0.0,False,False,0.908,Severe,10.2,60.3,354.8,0.143,0.331,0.938,Heavy congestion detected - signal timing extended and reroute suggested
EVT419524,2025-02-25 09:35:54,Local Market Day,J031,Cubbon Road,6238,Weekday,False,Clear,False,0.0,False,False,1.0,Severe,7.4,73.6,264.2,0.112,0.259,0.939,Heavy congestion detected - signal timing extended and reroute suggested
EVT419525,2025-09-22 12:51:19,Trade Fair,J011,Indiranagar 100ft Road,10130,Weekday,False,Clear,False,0.0,False,False,0.224,Low,30.0,9.2,188.2,0.158,0.365,0.961,Normal free-flow traffic - standard signal timing maintained
EVT419526,2025-12-09 18:25:51,Concert,J031,Cubbon Road,12693,Weekday,False,Clear,False,0.0,False,False,1.0,Severe,8.9,70.3,820.5,0.289,0.667,0.91,Heavy congestion detected - signal timing extended and reroute suggested
EVT419527,2026-04-15 19:14:57,Religious Festival,J012,Koramangala Sony World,24714,Weekday,True,Light Rain,True,2.0,False,False,1.0,Severe,8.8,69.2,348.1,0.114,0.262,0.807,Festival crowd surge detected - alternate route and extended cycle recommended
EVT419528,2026-06-08 23:35:01,Trade Fair,J012,Koramangala Sony World,9030,Weekday,False,Clear,False,0.0,False,False,0.164,Low,34.8,9.1,75.5,0.061,0.142,0.966,Normal free-flow traffic - standard signal timing maintained
EVT419529,2026-03-06 21:00:30,Trade Fair,J023,Basavanagudi,6925,Weekday,False,Clear,False,0.0,False,False,0.419,Moderate,33.5,28.3,175.2,0.179,0.413,0.936,Moderate traffic flow - standard adaptive signal timing in effect
EVT419530,2025-05-03 21:40:57,Political Rally,J020,Malleshwaram Circle,18837,Weekend,False,Clear,False,0.0,False,False,0.36,Moderate,30.2,24.7,242.2,0.199,0.46,0.986,Moderate traffic flow - standard adaptive signal timing in effect
EVT419531,2025-10-17 13:56:02,Local Market Day,J020,Malleshwaram Circle,4847,Weekday,False,Clear,False,0.0,False,False,0.175,Low,36.6,12.3,92.8,0.091,0.21,0.974,Normal free-flow traffic - standard signal timing maintained
EVT419532,2025-08-11 17:37:03,Local Market Day,J011,Indiranagar 100ft Road,6058,Weekday,False,Rain,True,9.2,False,False,1.0,Severe,11.2,68.0,609.8,0.26,0.599,0.862,Heavy rain reducing visibility and grip - reduced speed and longer buffer advised
EVT419533,2025-08-26 12:38:49,Trade Fair,J030,MG Road,9111,Weekday,False,Clear,False,0.0,False,False,0.251,Low,35.2,21.6,142.2,0.158,0.365,0.961,Moderate traffic flow - standard adaptive signal timing in effect
EVT419534,2026-06-14 01:08:35,Local Market Day,J009,Majestic,3199,Weekend,False,Clear,False,0.0,False,False,0.28,Low,31.5,24.4,207.1,0.203,0.468,0.969,Moderate traffic flow - standard adaptive signal timing in effect
EVT419535,2025-08-06 08:24:56,Concert,J020,Malleshwaram Circle,17189,Weekday,False,Light Rain,True,6.4,False,False,1.0,Severe,8.3,72.1,262.2,0.095,0.219,0.855,Heavy rain reducing visibility and grip - reduced speed and longer buffer advised
EVT419536,2025-01-20 05:32:34,Sports Fixture,J040,City Market,36681,Weekday,False,Clear,False,0.0,False,False,0.47,Moderate,22.4,35.1,311.0,0.211,0.487,0.955,Moderate traffic flow - standard adaptive signal timing in effect
EVT419537,2025-06-25 06:22:02,Local Market Day,J012,Koramangala Sony World,3559,Weekday,False,Clear,False,0.0,False,False,0.219,Low,28.1,11.4,173.8,0.137,0.316,0.974,Normal free-flow traffic - standard signal timing maintained
EVT419538,2025-04-06 16:39:25,Religious Festival,J030,MG Road,41736,Weekend,True,Clear,False,0.0,False,True,1.0,Severe,8.6,99.7,463.0,0.176,0.406,0.858,Road closure for event/procession - full detour recommended for through-traffic
EVT419539,2025-10-07 15:50:07,Local Market Day,J012,Koramangala Sony World,3181,Weekday,False,Clear,False,0.0,False,False,0.36,Moderate,25.7,28.4,153.0,0.115,0.265,0.952,Moderate traffic flow - standard adaptive signal timing in effect
EVT419540,2026-02-20 12:27:44,Concert,J031,Cubbon Road,15416,Weekday,False,Clear,False,0.0,False,False,0.223,Low,38.3,24.1,152.6,0.144,0.333,0.96,Normal free-flow traffic - standard signal timing maintained
EVT419541,2026-01-09 08:17:04,Local Market Day,J030,MG Road,5942,Weekday,False,Clear,False,0.0,False,False,0.797,Severe,15.7,56.5,221.7,0.128,0.296,0.957,Heavy congestion detected - signal timing extended and reroute suggested
EVT419542,2025-09-10 20:58:11,Trade Fair,J009,Majestic,5949,Weekday,False,Clear,False,0.0,False,False,0.467,Moderate,29.4,34.8,106.2,0.078,0.18,0.967,Moderate traffic flow - standard adaptive signal timing in effect
EVT419543,2025-03-18 20:50:50,Concert,J031,Cubbon Road,6353,Weekday,False,Clear,False,0.0,False,False,0.392,Moderate,21.4,29.8,190.7,0.113,0.261,0.944,Moderate traffic flow - standard adaptive signal timing in effect
EVT419544,2026-03-08 18:19:00,Local Market Day,J020,Malleshwaram Circle,8073,Weekend,False,Clear,False,0.0,False,False,0.887,Severe,12.5,64.1,178.1,0.079,0.182,0.928,Heavy congestion detected - signal timing extended and reroute suggested
EVT419545,2026-01-08 12:31:23,Trade Fair,J012,Koramangala Sony World,7823,Weekday,False,Clear,False,0.0,False,False,0.199,Low,32.9,12.3,246.2,0.206,0.475,0.958,Normal free-flow traffic - standard signal timing maintained
EVT419546,2026-01-18 05:24:18,Local Market Day,J031,Cubbon Road,7583,Weekend,False,Clear,False,0.0,False,False,0.229,Low,41.0,19.1,143.7,0.162,0.375,0.963,Normal free-flow traffic - standard signal timing maintained
EVT419547,2025-05-22 12:03:25,Local Market Day,J040,City Market,6690,Weekday,False,Heavy Rain,True,31.4,False,False,0.52,Moderate,25.4,35.1,146.6,0.116,0.268,0.925,Light rain detected - minor speed reduction advised
EVT419548,2025-11-04 14:19:56,Political Rally,J030,MG Road,13097,Weekday,False,Clear,False,0.0,False,False,0.319,Low,43.1,19.2,103.0,0.108,0.251,0.976,Moderate traffic flow - standard adaptive signal timing in effect
EVT419549,2026-02-08 17:11:21,Concert,J030,MG Road,17204,Weekend,False,Clear,False,0.0,False,False,0.821,Severe,16.1,62.2,403.3,0.217,0.502,0.99,Heavy congestion detected - signal timing extended and reroute suggested
EVT419550,2025-08-05 20:03:25,Trade Fair,J020,Malleshwaram Circle,3727,Weekday,False,Rain,True,12.7,False,False,0.84,Severe,9.8,56.8,592.4,0.237,0.548,0.873,Heavy rain reducing visibility and grip - reduced speed and longer buffer advised
EVT419551,2025-05-28 17:07:33,Political Rally,J031,Cubbon Road,11797,Weekday,False,Rain,True,20.4,False,False,1.0,Severe,7.9,74.5,494.2,0.191,0.441,0.86,Heavy rain reducing visibility and grip - reduced speed and longer buffer advised
EVT419552,2025-02-10 18:54:55,Sports Fixture,J031,Cubbon Road,15841,Weekday,False,Clear,False,0.0,False,False,1.0,Severe,4.8,72.1,796.5,0.182,0.421,0.893,Heavy congestion detected - signal timing extended and reroute suggested
EVT419553,2026-05-31 10:11:48,Sports Fixture,J011,Indiranagar 100ft Road,16852,Weekend,False,Clear,False,0.0,False,False,0.783,Severe,17.0,61.7,196.2,0.1,0.231,0.944,Heavy congestion detected - signal timing extended and reroute suggested
EVT419554,2025-01-27 19:54:20,Religious Festival,J023,Basavanagudi,45990,Weekday,True,Clear,False,0.0,False,True,1.0,Severe,9.5,103.5,365.4,0.166,0.383,0.839,Road closure for event/procession - full detour recommended for through-traffic
EVT419555,2025-10-06 13:17:52,Local Market Day,J012,Koramangala Sony World,5939,Weekday,False,Clear,False,0.0,False,False,0.239,Low,26.6,14.0,256.9,0.192,0.444,0.975,Normal free-flow traffic - standard signal timing maintained
EVT419556,2025-12-19 18:25:16,Concert,J009,Majestic,31348,Weekday,False,Clear,False,0.0,False,False,1.0,Severe,9.8,69.5,464.3,0.18,0.415,0.902,Heavy congestion detected - signal timing extended and reroute suggested
EVT419557,2025-02-21 17:12:50,Sports Fixture,J012,Koramangala Sony World,20130,Weekday,False,Clear,False,0.0,True,False,1.0,Severe,7.4,77.8,666.0,0.22,0.508,0.729,Accident detected nearby - reroute and reduced speed advised
EVT419558,2026-05-22 18:47:47,Trade Fair,J023,Basavanagudi,8605,Weekday,False,Clear,False,0.0,False,False,1.0,Severe,7.4,75.7,441.5,0.144,0.333,0.935,Heavy congestion detected - signal timing extended and reroute suggested
EVT419559,2026-04-13 11:03:52,Local Market Day,J009,Majestic,2944,Weekday,False,Light Rain,True,3.3,False,False,0.434,Moderate,23.5,34.4,236.5,0.155,0.358,0.905,Light rain detected - minor speed reduction advised
EVT419560,2026-05-28 17:53:26,Local Market Day,J020,Malleshwaram Circle,3175,Weekday,False,Rain,True,20.9,False,False,1.0,Severe,8.4,68.0,499.3,0.153,0.354,0.846,Heavy rain reducing visibility and grip - reduced speed and longer buffer advised
EVT419561,2025-11-10 10:40:32,Local Market Day,J009,Majestic,3042,Weekday,False,Clear,False,0.0,False,False,0.538,Moderate,17.7,39.3,302.9,0.164,0.38,0.97,Moderate traffic flow - standard adaptive signal timing in effect
EVT419562,2026-05-22 09:16:26,Sports Fixture,J023,Basavanagudi,25347,Weekday,False,Clear,False,0.0,False,False,1.0,Severe,7.1,76.4,999.0,0.278,0.643,0.931,Heavy congestion detected - signal timing extended and reroute suggested
EVT419563,2025-06-18 08:46:14,Local Market Day,J030,MG Road,5617,Weekday,False,Heavy Rain,True,25.9,False,False,1.0,Severe,7.9,76.5,486.6,0.163,0.377,0.852,Heavy rain reducing visibility and grip - reduced speed and longer buffer advised
EVT419564,2025-06-11 15:18:22,Trade Fair,J030,MG Road,7968,Weekday,False,Clear,False,0.0,False,False,0.362,Moderate,31.6,21.6,216.9,0.18,0.416,0.979,Moderate traffic flow - standard adaptive signal timing in effect
EVT419565,2026-02-15 17:24:37,Concert,J040,City Market,13333,Weekend,False,Clear,False,0.0,False,False,0.743,High,17.2,52.9,226.0,0.115,0.265,0.984,Moderate traffic flow - standard adaptive signal timing in effect
EVT419566,2025-12-02 10:51:38,Concert,J020,Malleshwaram Circle,12133,Weekday,False,Clear,False,0.0,False,False,0.579,High,19.4,43.5,294.9,0.177,0.409,0.954,Moderate traffic flow - standard adaptive signal timing in effect
EVT419567,2026-06-09 10:04:25,Concert,J009,Majestic,19680,Weekday,False,Heavy Rain,True,84.4,False,False,1.0,Severe,6.0,70.3,796.6,0.211,0.488,0.868,Heavy rain reducing visibility and grip - reduced speed and longer buffer advised
EVT419568,2025-12-13 11:00:00,Trade Fair,J011,Indiranagar 100ft Road,7951,Weekend,False,Clear,False,0.0,False,False,0.476,Moderate,19.1,35.7,281.9,0.178,0.412,0.957,Moderate traffic flow - standard adaptive signal timing in effect
EVT419569,2025-06-19 17:38:08,Local Market Day,J020,Malleshwaram Circle,4694,Weekday,False,Rain,True,17.7,False,False,1.0,Severe,10.3,74.1,205.2,0.11,0.253,0.874,Heavy rain reducing visibility and grip - reduced speed and longer buffer advised
EVT419570,2025-12-06 15:10:16,Concert,J009,Majestic,11930,Weekend,False,Clear,False,0.0,False,False,0.335,Low,30.0,31.4,153.3,0.131,0.303,0.966,Moderate traffic flow - standard adaptive signal timing in effect
EVT419571,2026-02-07 21:32:35,Concert,J012,Koramangala Sony World,20010,Weekend,False,Clear,False,0.0,False,False,0.476,Moderate,22.6,37.3,219.3,0.141,0.325,0.971,Moderate traffic flow - standard adaptive signal timing in effect
EVT419572,2026-03-03 13:54:47,Concert,J012,Koramangala Sony World,11386,Weekday,False,Clear,False,0.0,False,False,0.291,Low,33.8,15.5,83.7,0.079,0.183,0.99,Moderate traffic flow - standard adaptive signal timing in effect
EVT419573,2025-06-09 16:10:59,Local Market Day,J020,Malleshwaram Circle,6763,Weekday,False,Clear,False,0.0,False,False,0.513,Moderate,23.0,26.4,159.2,0.102,0.235,0.99,Moderate traffic flow - standard adaptive signal timing in effect
EVT419574,2026-03-13 18:57:22,Trade Fair,J011,Indiranagar 100ft Road,6339,Weekday,False,Clear,False,0.0,False,False,0.885,Severe,11.9,71.6,356.0,0.16,0.369,0.923,Heavy congestion detected - signal timing extended and reroute suggested
EVT419575,2025-02-27 13:06:18,Local Market Day,J031,Cubbon Road,4024,Weekday,False,Clear,False,0.0,False,False,0.129,Low,34.3,10.7,108.5,0.096,0.221,0.972,Normal free-flow traffic - standard signal timing maintained
EVT419576,2025-06-08 17:45:45,Trade Fair,J020,Malleshwaram Circle,8172,Weekend,False,Fog,False,0.0,False,False,0.817,Severe,14.1,60.4,158.2,0.099,0.229,0.961,Heavy congestion detected - signal timing extended and reroute suggested
EVT419577,2025-12-23 14:00:37,Concert,J023,Basavanagudi,8293,Weekday,False,Clear,False,0.0,False,False,0.239,Low,35.9,23.3,61.2,0.035,0.08,0.982,Normal free-flow traffic - standard signal timing maintained
EVT419578,2026-05-31 11:37:49,Trade Fair,J011,Indiranagar 100ft Road,15126,Weekend,False,Clear,False,0.0,False,False,0.419,Moderate,29.5,37.7,155.1,0.141,0.327,0.973,Moderate traffic flow - standard adaptive signal timing in effect
EVT419579,2026-03-22 18:59:07,Trade Fair,J012,Koramangala Sony World,16810,Weekend,False,Clear,False,0.0,False,False,0.939,Severe,9.7,71.0,352.5,0.127,0.294,0.915,Heavy congestion detected - signal timing extended and reroute suggested
EVT419580,2025-10-28 07:42:40,Sports Fixture,J012,Koramangala Sony World,22225,Weekday,False,Heavy Rain,True,41.0,False,False,1.0,Severe,8.6,68.1,700.4,0.23,0.531,0.883,Heavy rain reducing visibility and grip - reduced speed and longer buffer advised
EVT419581,2026-01-30 11:00:54,Trade Fair,J031,Cubbon Road,11540,Weekday,False,Clear,False,0.0,False,False,0.454,Moderate,29.8,31.1,62.2,0.043,0.1,0.972,Moderate traffic flow - standard adaptive signal timing in effect
EVT419582,2026-04-22 21:01:21,Concert,J030,MG Road,7180,Weekday,False,Rain,True,7.7,False,False,0.598,High,21.1,40.6,250.0,0.161,0.372,0.927,Heavy rain reducing visibility and grip - reduced speed and longer buffer advised
EVT419583,2025-07-26 10:02:50,Sports Fixture,J012,Koramangala Sony World,22002,Weekend,False,Clear,False,0.0,False,False,0.782,Severe,16.0,57.2,280.8,0.158,0.365,0.931,Heavy congestion detected - signal timing extended and reroute suggested
EVT419584,2025-02-15 14:25:19,Concert,J023,Basavanagudi,7172,Weekend,False,Clear,False,0.0,False,False,0.307,Low,32.0,21.1,154.2,0.121,0.28,0.984,Moderate traffic flow - standard adaptive signal timing in effect
EVT419585,2025-07-29 16:43:52,Political Rally,J020,Malleshwaram Circle,30122,Weekday,False,Heavy Rain,True,42.4,False,False,1.0,Severe,7.1,72.3,814.0,0.238,0.551,0.873,Heavy rain reducing visibility and grip - reduced speed and longer buffer advised
EVT419586,2025-11-18 18:13:06,Local Market Day,J023,Basavanagudi,3939,Weekday,False,Clear,False,0.0,False,False,1.0,Severe,8.7,67.5,423.6,0.162,0.373,0.904,Heavy congestion detected - signal timing extended and reroute suggested
EVT419587,2026-02-17 19:13:38,Sports Fixture,J012,Koramangala Sony World,26098,Weekday,False,Fog,False,0.0,False,False,1.0,Severe,8.1,67.7,414.2,0.158,0.365,0.915,Heavy congestion detected - signal timing extended and reroute suggested
EVT419588,2026-03-22 20:47:06,Concert,J031,Cubbon Road,13964,Weekend,False,Clear,False,0.0,False,False,0.639,High,24.5,45.9,222.9,0.162,0.375,0.951,Moderate traffic flow - standard adaptive signal timing in effect
EVT419589,2025-08-04 08:12:05,Trade Fair,J023,Basavanagudi,19358,Weekday,False,Clear,False,0.0,False,False,1.0,Severe,6.7,74.8,549.5,0.163,0.376,0.933,Heavy congestion detected - signal timing extended and reroute suggested
EVT419590,2026-04-15 07:04:21,Cultural Procession,J030,MG Road,35541,Weekday,True,Clear,False,0.0,False,True,1.0,Severe,8.0,95.5,680.3,0.23,0.531,0.811,Road closure for event/procession - full detour recommended for through-traffic
EVT419591,2025-07-01 16:23:15,Political Rally,J012,Koramangala Sony World,19481,Weekday,False,Clear,False,0.0,False,False,0.704,High,20.2,54.5,379.9,0.276,0.637,0.965,Moderate traffic flow - standard adaptive signal timing in effect
EVT419592,2025-08-23 09:53:58,Sports Fixture,J011,Indiranagar 100ft Road,9941,Weekend,False,Clear,False,0.0,False,False,0.861,Severe,11.1,56.7,553.0,0.226,0.522,0.936,Heavy congestion detected - signal timing extended and reroute suggested
EVT419593,2025-08-10 18:52:53,Trade Fair,J030,MG Road,5464,Weekend,False,Rain,True,20.8,False,False,1.0,Severe,7.9,72.1,391.3,0.142,0.327,0.875,Heavy rain reducing visibility and grip - reduced speed and longer buffer advised
EVT419594,2025-12-14 07:12:35,Concert,J040,City Market,12063,Weekend,False,Clear,False,0.0,False,False,0.544,Moderate,24.7,38.2,148.3,0.115,0.265,0.966,Moderate traffic flow - standard adaptive signal timing in effect
EVT419595,2026-04-02 09:51:22,Trade Fair,J031,Cubbon Road,9740,Weekday,False,Rain,True,13.1,False,False,1.0,Severe,8.9,67.0,232.3,0.111,0.257,0.899,Heavy rain reducing visibility and grip - reduced speed and longer buffer advised
EVT419596,2026-01-05 14:17:50,Trade Fair,J020,Malleshwaram Circle,13508,Weekday,False,Clear,False,0.0,False,False,0.236,Low,31.4,17.0,189.3,0.155,0.359,0.93,Normal free-flow traffic - standard signal timing maintained
EVT419597,2025-10-03 23:35:59,Cultural Procession,J020,Malleshwaram Circle,18033,Weekday,True,Clear,False,0.0,False,True,0.569,Moderate,21.4,55.4,272.5,0.181,0.417,0.883,Road closure for event/procession - full detour recommended for through-traffic
EVT419598,2026-01-13 18:52:58,Sports Fixture,J040,City Market,19867,Weekday,False,Clear,False,0.0,False,False,1.0,Severe,6.6,77.0,661.2,0.184,0.425,0.902,Heavy congestion detected - signal timing extended and reroute suggested
EVT419599,2025-01-22 17:18:21,Local Market Day,J011,Indiranagar 100ft Road,5067,Weekday,False,Clear,False,0.0,False,False,0.763,Severe,20.4,63.8,225.2,0.158,0.366,0.951,Heavy congestion detected - signal timing extended and reroute suggested
EVT419600,2026-05-28 18:40:09,Concert,J023,Basavanagudi,6808,Weekday,False,Clear,False,0.0,False,False,1.0,Severe,6.7,74.9,903.2,0.27,0.623,0.905,Heavy congestion detected - signal timing extended and reroute suggested
EVT419601,2026-04-30 22:54:06,Local Market Day,J040,City Market,2875,Weekday,False,Clear,False,0.0,False,False,0.148,Low,38.7,9.5,74.6,0.08,0.185,0.976,Normal free-flow traffic - standard signal timing maintained
EVT419602,2025-06-07 20:49:47,Concert,J009,Majestic,11039,Weekend,False,Heavy Rain,True,50.4,False,False,0.855,Severe,12.4,61.9,162.3,0.074,0.171,0.902,Heavy rain reducing visibility and grip - reduced speed and longer buffer advised
EVT419603,2025-04-02 12:31:00,Sports Fixture,J031,Cubbon Road,27225,Weekday,False,Clear,False,0.0,False,False,0.351,Moderate,37.0,26.6,149.0,0.141,0.326,0.959,Moderate traffic flow - standard adaptive signal timing in effect
EVT419604,2025-06-04 09:01:50,Local Market Day,J023,Basavanagudi,3551,Weekday,False,Heavy Rain,True,36.3,False,False,1.0,Severe,9.9,74.7,471.3,0.171,0.395,0.851,Heavy rain reducing visibility and grip - reduced speed and longer buffer advised
EVT419605,2025-11-07 07:39:19,Sports Fixture,J011,Indiranagar 100ft Road,15078,Weekday,False,Clear,False,0.0,False,False,0.658,High,20.3,50.1,201.4,0.15,0.346,0.987,Moderate traffic flow - standard adaptive signal timing in effect
EVT419606,2025-09-14 19:35:00,Concert,J023,Basavanagudi,7093,Weekend,False,Rain,True,18.9,False,False,0.965,Severe,8.3,70.9,647.5,0.218,0.503,0.85,Heavy rain reducing visibility and grip - reduced speed and longer buffer advised
EVT419607,2025-06-22 16:15:47,Political Rally,J011,Indiranagar 100ft Road,12697,Weekend,False,Light Rain,True,6.8,False,False,0.618,High,22.4,48.5,137.1,0.101,0.233,0.918,Heavy rain reducing visibility and grip - reduced speed and longer buffer advised
EVT419608,2025-08-19 09:20:17,Sports Fixture,J030,MG Road,15853,Weekday,False,Rain,True,24.0,False,False,1.0,Severe,9.5,74.7,353.9,0.161,0.371,0.876,Heavy rain reducing visibility and grip - reduced speed and longer buffer advised
EVT419609,2025-07-18 08:25:52,Sports Fixture,J012,Koramangala Sony World,17315,Weekday,False,Clear,False,0.0,False,False,1.0,Severe,8.9,73.3,758.4,0.282,0.652,0.899,Heavy congestion detected - signal timing extended and reroute suggested
EVT419610,2025-06-22 19:26:41,Concert,J009,Majestic,10925,Weekend,False,Clear,False,0.0,False,False,0.722,High,16.9,51.4,273.7,0.156,0.359,0.946,Moderate traffic flow - standard adaptive signal timing in effect
EVT419611,2025-08-04 15:58:13,Sports Fixture,J009,Majestic,29276,Weekday,False,Heavy Rain,True,32.0,False,False,0.881,Severe,13.4,61.7,150.4,0.079,0.182,0.87,Heavy rain reducing visibility and grip - reduced speed and longer buffer advised
EVT419612,2026-04-27 18:28:29,Local Market Day,J009,Majestic,3634,Weekday,False,Clear,False,0.0,False,False,0.937,Severe,10.4,65.5,240.9,0.114,0.262,0.904,Heavy congestion detected - signal timing extended and reroute suggested
EVT419613,2025-05-14 07:38:10,Trade Fair,J031,Cubbon Road,19235,Weekday,False,Clear,False,0.0,False,False,0.718,High,18.1,46.0,199.5,0.097,0.224,0.96,Moderate traffic flow - standard adaptive signal timing in effect
EVT419614,2025-04-25 16:05:03,Local Market Day,J009,Majestic,3111,Weekday,False,Clear,False,0.0,False,False,0.484,Moderate,22.4,35.0,245.5,0.169,0.389,0.967,Moderate traffic flow - standard adaptive signal timing in effect
EVT419615,2025-07-05 18:03:44,Concert,J030,MG Road,9186,Weekend,False,Rain,True,15.1,False,False,1.0,Severe,8.1,77.1,990.8,0.319,0.737,0.84,Heavy rain reducing visibility and grip - reduced speed and longer buffer advised
EVT419616,2026-04-20 15:18:51,Concert,J012,Koramangala Sony World,8610,Weekday,False,Clear,False,0.0,False,False,0.296,Low,31.8,19.0,174.4,0.132,0.304,0.97,Moderate traffic flow - standard adaptive signal timing in effect
EVT419617,2025-08-02 17:25:36,Trade Fair,J030,MG Road,8614,Weekend,False,Clear,False,0.0,False,False,0.729,High,19.0,52.8,416.6,0.266,0.615,0.985,Moderate traffic flow - standard adaptive signal timing in effect
EVT419618,2025-01-18 13:03:15,Trade Fair,J023,Basavanagudi,12250,Weekend,False,Clear,False,0.0,False,False,0.312,Low,33.0,23.9,167.1,0.158,0.365,0.97,Moderate traffic flow - standard adaptive signal timing in effect
EVT419619,2025-04-25 16:04:10,Political Rally,J023,Basavanagudi,11018,Weekday,False,Clear,False,0.0,False,False,0.476,Moderate,28.5,31.0,149.6,0.113,0.262,0.977,Moderate traffic flow - standard adaptive signal timing in effect
EVT419620,2025-04-03 07:23:40,Local Market Day,J009,Majestic,5331,Weekday,False,Clear,False,0.0,False,False,0.53,Moderate,23.1,39.4,237.1,0.167,0.386,0.942,Moderate traffic flow - standard adaptive signal timing in effect
EVT419621,2026-02-01 10:03:43,Local Market Day,J030,MG Road,3019,Weekend,False,Clear,False,0.0,False,False,0.635,High,23.5,38.9,222.0,0.172,0.398,0.94,Moderate traffic flow - standard adaptive signal timing in effect
EVT419622,2026-04-27 17:33:08,Political Rally,J020,Malleshwaram Circle,18973,Weekday,False,Clear,False,0.0,False,False,1.0,Severe,9.8,70.9,235.2,0.118,0.272,0.938,Heavy congestion detected - signal timing extended and reroute suggested
EVT419623,2025-03-29 21:50:38,Local Market Day,J012,Koramangala Sony World,3910,Weekend,False,Clear,False,0.0,False,False,0.316,Low,27.1,21.4,111.1,0.081,0.187,0.985,Moderate traffic flow - standard adaptive signal timing in effect
EVT419624,2026-05-12 13:50:42,Local Market Day,J012,Koramangala Sony World,3179,Weekday,False,Clear,False,0.0,False,False,0.242,Low,34.2,12.6,125.0,0.128,0.295,0.98,Normal free-flow traffic - standard signal timing maintained
EVT419625,2025-09-01 13:35:05,Local Market Day,J020,Malleshwaram Circle,3530,Weekday,False,Clear,False,0.0,False,False,0.23,Low,34.1,16.1,143.2,0.145,0.335,0.966,Normal free-flow traffic - standard signal timing maintained
EVT419626,2025-01-01 03:13:06,Sports Fixture,J009,Majestic,26447,Weekday,False,Clear,False,0.0,False,False,0.28,Low,30.8,22.4,108.6,0.074,0.172,0.99,Moderate traffic flow - standard adaptive signal timing in effect
EVT419627,2025-12-03 17:16:27,Sports Fixture,J012,Koramangala Sony World,17729,Weekday,False,Clear,False,0.0,False,False,0.937,Severe,13.7,62.2,354.5,0.178,0.412,0.914,Heavy congestion detected - signal timing extended and reroute suggested
EVT419628,2025-01-01 16:28:56,Local Market Day,J031,Cubbon Road,9609,Weekday,False,Clear,False,0.0,False,False,0.655,High,17.7,48.6,290.3,0.184,0.425,0.966,Moderate traffic flow - standard adaptive signal timing in effect
EVT419629,2025-05-29 17:41:53,Concert,J030,MG Road,14394,Weekday,False,Fog,False,0.0,False,False,0.979,Severe,8.2,69.1,598.2,0.207,0.477,0.921,Heavy congestion detected - signal timing extended and reroute suggested
EVT419630,2025-05-21 16:54:40,Local Market Day,J020,Malleshwaram Circle,2345,Weekday,False,Clear,False,0.0,False,False,0.71,High,18.9,51.9,184.9,0.112,0.259,0.966,Moderate traffic flow - standard adaptive signal timing in effect
EVT419631,2025-07-15 12:48:57,Local Market Day,J040,City Market,4220,Weekday,False,Clear,False,0.0,False,False,0.23,Low,24.8,16.1,91.4,0.056,0.13,0.97,Normal free-flow traffic - standard signal timing maintained
EVT419632,2025-02-26 13:28:51,Local Market Day,J009,Majestic,2474,Weekday,False,Clear,False,0.0,False,False,0.182,Low,33.0,15.9,163.5,0.147,0.338,0.963,Normal free-flow traffic - standard signal timing maintained
EVT419633,2025-12-30 19:45:54,Sports Fixture,J009,Majestic,12899,Weekday,False,Clear,False,0.0,False,False,0.842,Severe,13.2,60.5,358.6,0.174,0.402,0.937,Heavy congestion detected - signal timing extended and reroute suggested
EVT419634,2025-07-12 12:40:27,Sports Fixture,J040,City Market,25168,Weekend,False,Clear,False,0.0,False,False,0.436,Moderate,30.4,30.5,129.5,0.122,0.282,0.989,Moderate traffic flow - standard adaptive signal timing in effect
EVT419635,2025-12-15 17:13:53,Sports Fixture,J023,Basavanagudi,21558,Weekday,False,Fog,False,0.0,False,False,0.857,Severe,15.2,60.2,507.3,0.273,0.63,0.942,Heavy congestion detected - signal timing extended and reroute suggested
EVT419636,2026-02-14 09:46:40,Concert,J031,Cubbon Road,19782,Weekend,False,Clear,False,0.0,False,False,0.861,Severe,14.3,63.8,297.8,0.147,0.338,0.916,Heavy congestion detected - signal timing extended and reroute suggested
EVT419637,2026-01-14 14:52:00,Religious Festival,J020,Malleshwaram Circle,55054,Weekday,True,Clear,False,0.0,False,True,0.923,Severe,13.6,85.1,353.4,0.186,0.431,0.867,Road closure for event/procession - full detour recommended for through-traffic
EVT419638,2025-11-26 18:03:30,Sports Fixture,J020,Malleshwaram Circle,21910,Weekday,False,Clear,False,0.0,False,False,1.0,Severe,8.5,66.1,354.1,0.14,0.324,0.917,Heavy congestion detected - signal timing extended and reroute suggested
EVT419639,2025-10-17 08:38:16,Local Market Day,J040,City Market,5406,Weekday,False,Clear,False,0.0,False,False,0.973,Severe,7.1,68.9,695.4,0.183,0.423,0.917,Heavy congestion detected - signal timing extended and reroute suggested
EVT419640,2025-06-21 19:31:52,Political Rally,J040,City Market,6428,Weekend,False,Clear,False,0.0,False,False,0.753,Severe,17.5,49.8,336.7,0.195,0.45,0.973,Heavy congestion detected - signal timing extended and reroute suggested
EVT419641,2026-06-01 22:44:28,Sports Fixture,J020,Malleshwaram Circle,28876,Weekday,False,Clear,False,0.0,False,False,0.238,Low,38.2,18.1,109.3,0.082,0.19,0.96,Normal free-flow traffic - standard signal timing maintained
EVT419642,2025-05-31 13:13:50,Sports Fixture,J012,Koramangala Sony World,28889,Weekend,False,Clear,False,0.0,False,False,0.382,Moderate,29.9,24.6,223.7,0.193,0.445,0.947,Moderate traffic flow - standard adaptive signal timing in effect
EVT419643,2026-04-16 07:23:38,Sports Fixture,J030,MG Road,19124,Weekday,False,Clear,False,0.0,False,False,0.632,High,16.3,51.0,185.6,0.103,0.239,0.975,Moderate traffic flow - standard adaptive signal timing in effect
EVT419644,2026-01-01 15:47:05,Religious Festival,J023,Basavanagudi,32226,Weekday,True,Fog,False,0.0,False,True,0.887,High,12.9,88.1,435.1,0.212,0.49,0.845,Road closure for event/procession - full detour recommended for through-traffic
EVT419645,2025-07-05 10:51:17,Sports Fixture,J030,MG Road,16968,Weekend,False,Clear,False,0.0,False,False,0.538,Moderate,31.3,42.6,213.8,0.168,0.389,0.955,Moderate traffic flow - standard adaptive signal timing in effect
EVT419646,2025-07-26 19:02:43,Trade Fair,J011,Indiranagar 100ft Road,13943,Weekend,False,Clear,False,0.0,False,False,0.84,Severe,14.3,62.5,302.4,0.154,0.356,0.947,Heavy congestion detected - signal timing extended and reroute suggested
EVT419647,2025-02-18 15:52:43,Local Market Day,J011,Indiranagar 100ft Road,3254,Weekday,False,Clear,False,0.0,False,False,0.315,Low,31.5,24.8,185.1,0.169,0.391,0.963,Moderate traffic flow - standard adaptive signal timing in effect
EVT419648,2025-07-28 18:48:27,Political Rally,J030,MG Road,19296,Weekday,False,Clear,False,0.0,False,False,1.0,Severe,7.5,69.8,826.1,0.247,0.57,0.947,Heavy congestion detected - signal timing extended and reroute suggested
EVT419649,2025-01-06 18:47:32,Trade Fair,J031,Cubbon Road,21259,Weekday,False,Clear,False,0.0,False,False,1.0,Severe,7.2,71.6,577.4,0.193,0.446,0.928,Heavy congestion detected - signal timing extended and reroute suggested
EVT419650,2025-08-11 19:58:58,Concert,J009,Majestic,7839,Weekday,False,Heavy Rain,True,53.0,False,False,1.0,Severe,7.6,67.5,796.0,0.236,0.545,0.863,Heavy rain reducing visibility and grip - reduced speed and longer buffer advised
EVT419651,2025-02-11 15:34:09,Sports Fixture,J040,City Market,34774,Weekday,False,Clear,False,0.0,False,False,0.525,Moderate,25.4,36.1,193.3,0.138,0.318,0.972,Moderate traffic flow - standard adaptive signal timing in effect
EVT419652,2025-11-13 18:44:52,Local Market Day,J020,Malleshwaram Circle,2494,Weekday,False,Clear,False,0.0,False,False,0.959,Severe,11.5,66.2,327.3,0.144,0.333,0.933,Heavy congestion detected - signal timing extended and reroute suggested
EVT419653,2026-05-15 07:22:34,Trade Fair,J020,Malleshwaram Circle,5554,Weekday,False,Clear,False,0.0,False,False,0.462,Moderate,26.0,31.4,100.4,0.076,0.176,0.967,Moderate traffic flow - standard adaptive signal timing in effect
EVT419654,2026-02-17 12:25:17,Concert,J020,Malleshwaram Circle,16327,Weekday,False,Clear,False,0.0,False,False,0.314,Low,22.9,18.8,240.1,0.153,0.354,0.99,Moderate traffic flow - standard adaptive signal timing in effect
EVT419655,2025-04-05 08:35:40,Local Market Day,J031,Cubbon Road,4729,Weekend,False,Fog,False,0.0,False,False,0.914,Severe,11.8,67.0,349.7,0.156,0.361,0.942,Heavy congestion detected - signal timing extended and reroute suggested
EVT419656,2025-11-02 18:04:29,Religious Festival,J023,Basavanagudi,46264,Weekend,True,Clear,False,0.0,False,True,1.0,Severe,8.8,101.0,656.8,0.245,0.566,0.877,Road closure for event/procession - full detour recommended for through-traffic
EVT419657,2026-02-26 13:16:32,Concert,J009,Majestic,10355,Weekday,False,Clear,False,0.0,False,False,0.256,Low,30.7,21.8,131.4,0.115,0.265,0.956,Moderate traffic flow - standard adaptive signal timing in effect
EVT419658,2026-06-01 19:41:37,Trade Fair,J023,Basavanagudi,5033,Weekday,False,Fog,False,0.0,False,False,0.848,Severe,13.5,56.3,345.3,0.169,0.391,0.954,Heavy congestion detected - signal timing extended and reroute suggested
EVT419659,2025-07-17 12:59:40,Trade Fair,J030,MG Road,7473,Weekday,False,Clear,False,0.0,False,False,0.205,Low,34.7,18.2,121.9,0.118,0.272,0.96,Normal free-flow traffic - standard signal timing maintained
EVT419660,2026-04-07 17:29:59,Sports Fixture,J040,City Market,26256,Weekday,False,Light Rain,True,2.3,False,False,1.0,Severe,6.1,61.9,377.4,0.116,0.268,0.86,Heavy rain reducing visibility and grip - reduced speed and longer buffer advised
EVT419661,2025-02-01 13:22:13,Local Market Day,J023,Basavanagudi,4448,Weekend,False,Clear,False,0.0,False,False,0.295,Low,23.6,15.0,271.3,0.18,0.417,0.928,Moderate traffic flow - standard adaptive signal timing in effect
EVT419662,2025-02-23 19:18:52,Local Market Day,J023,Basavanagudi,3313,Weekend,False,Clear,False,0.0,True,False,1.0,Severe,8.1,73.8,234.7,0.105,0.242,0.77,Accident detected nearby - reroute and reduced speed advised
EVT419663,2025-09-03 16:25:38,Sports Fixture,J023,Basavanagudi,21947,Weekday,False,Clear,False,0.0,False,False,0.599,High,20.3,35.5,242.2,0.161,0.372,0.939,Moderate traffic flow - standard adaptive signal timing in effect
EVT419664,2025-06-07 14:02:15,Sports Fixture,J023,Basavanagudi,31299,Weekend,False,Clear,False,0.0,False,False,0.392,Moderate,25.3,22.1,82.2,0.059,0.137,0.962,Moderate traffic flow - standard adaptive signal timing in effect
EVT419665,2026-03-17 10:38:59,Concert,J011,Indiranagar 100ft Road,11617,Weekday,False,Clear,False,0.0,False,False,0.568,High,19.9,39.5,249.5,0.155,0.358,0.964,Moderate traffic flow - standard adaptive signal timing in effect
EVT419666,2026-06-10 13:49:35,Sports Fixture,J030,MG Road,14784,Weekday,False,Rain,True,24.4,False,False,0.546,Moderate,25.2,40.9,158.6,0.113,0.261,0.922,Light rain detected - minor speed reduction advised
EVT419667,2026-05-10 08:03:13,Concert,J031,Cubbon Road,29618,Weekend,False,Heavy Rain,True,37.8,False,False,1.0,Severe,7.4,73.3,634.8,0.2,0.462,0.846,Heavy rain reducing visibility and grip - reduced speed and longer buffer advised
EVT419668,2025-10-01 18:43:55,Trade Fair,J030,MG Road,10723,Weekday,False,Heavy Rain,True,27.7,False,False,1.0,Severe,7.9,73.8,614.3,0.208,0.48,0.858,Heavy rain reducing visibility and grip - reduced speed and longer buffer advised
EVT419669,2025-12-06 18:28:11,Sports Fixture,J040,City Market,34996,Weekend,False,Clear,False,0.0,False,False,1.0,Severe,8.2,75.7,505.4,0.172,0.397,0.914,Heavy congestion detected - signal timing extended and reroute suggested
EVT419670,2026-03-10 10:03:45,Sports Fixture,J011,Indiranagar 100ft Road,18307,Weekday,False,Fog,False,0.0,False,False,0.865,Severe,15.0,70.6,191.4,0.092,0.212,0.923,Heavy congestion detected - signal timing extended and reroute suggested
EVT419671,2025-03-24 14:30:28,Concert,J020,Malleshwaram Circle,11161,Weekday,False,Clear,False,0.0,False,False,0.306,Low,29.5,29.3,232.5,0.173,0.401,0.952,Moderate traffic flow - standard adaptive signal timing in effect
EVT419672,2026-06-05 10:17:56,Trade Fair,J020,Malleshwaram Circle,26788,Weekday,False,Clear,False,0.0,False,False,0.852,Severe,9.2,58.7,346.5,0.146,0.336,0.947,Heavy congestion detected - signal timing extended and reroute suggested
EVT419673,2026-03-22 07:54:11,Local Market Day,J020,Malleshwaram Circle,4420,Weekend,False,Clear,False,0.0,False,False,0.667,High,18.1,49.0,418.1,0.217,0.501,0.964,Moderate traffic flow - standard adaptive signal timing in effect
EVT419674,2025-06-28 18:23:14,Trade Fair,J020,Malleshwaram Circle,10123,Weekend,False,Clear,False,0.0,False,False,0.899,Severe,13.4,60.5,384.6,0.2,0.461,0.93,Heavy congestion detected - signal timing extended and reroute suggested
EVT419675,2025-09-02 07:04:11,Local Market Day,J020,Malleshwaram Circle,6398,Weekday,False,Clear,False,0.0,False,False,0.467,Moderate,25.6,39.4,175.6,0.143,0.33,0.95,Moderate traffic flow - standard adaptive signal timing in effect
EVT419676,2026-01-03 12:24:00,Local Market Day,J009,Majestic,2066,Weekend,False,Clear,False,0.0,True,False,0.671,High,17.7,53.7,171.8,0.099,0.228,0.798,Accident detected nearby - reroute and reduced speed advised
EVT419677,2026-03-20 09:16:40,Religious Festival,J011,Indiranagar 100ft Road,35874,Weekday,True,Fog,False,0.0,False,True,1.0,Severe,7.8,109.1,902.0,0.339,0.783,0.835,Road closure for event/procession - full detour recommended for through-traffic
EVT419678,2025-01-25 17:13:47,Trade Fair,J023,Basavanagudi,4561,Weekend,False,Clear,False,0.0,False,False,0.688,High,19.0,47.7,390.4,0.252,0.583,0.945,Moderate traffic flow - standard adaptive signal timing in effect
EVT419679,2025-09-25 06:53:06,Concert,J012,Koramangala Sony World,24225,Weekday,False,Clear,False,0.0,False,False,0.525,Moderate,25.3,36.3,287.3,0.233,0.539,0.966,Moderate traffic flow - standard adaptive signal timing in effect
EVT419680,2025-09-26 09:11:41,Trade Fair,J009,Majestic,5814,Weekday,False,Heavy Rain,True,73.9,False,False,1.0,Severe,8.4,70.1,786.0,0.274,0.634,0.856,Heavy rain reducing visibility and grip - reduced speed and longer buffer advised
EVT419681,2025-11-13 09:27:11,Trade Fair,J023,Basavanagudi,5370,Weekday,False,Rain,True,10.6,False,False,1.0,Severe,8.4,75.5,210.6,0.085,0.196,0.88,Heavy rain reducing visibility and grip - reduced speed and longer buffer advised
EVT419682,2025-09-01 18:08:23,Sports Fixture,J031,Cubbon Road,21997,Weekday,False,Clear,False,0.0,False,False,1.0,Severe,8.9,71.4,536.1,0.211,0.488,0.89,Heavy congestion detected - signal timing extended and reroute suggested
EVT419683,2026-02-16 16:15:02,Concert,J012,Koramangala Sony World,8935,Weekday,False,Clear,False,0.0,False,False,0.441,Moderate,24.6,31.4,232.1,0.168,0.389,0.988,Moderate traffic flow - standard adaptive signal timing in effect
EVT419684,2025-05-19 07:38:28,Concert,J020,Malleshwaram Circle,11739,Weekday,False,Clear,False,0.0,False,False,0.77,Severe,12.3,57.4,147.0,0.072,0.167,0.943,Heavy congestion detected - signal timing extended and reroute suggested
EVT419685,2026-04-04 05:30:00,Concert,J031,Cubbon Road,15391,Weekend,False,Clear,False,0.0,False,False,0.329,Low,35.2,19.0,121.5,0.129,0.297,0.962,Moderate traffic flow - standard adaptive signal timing in effect
EVT419686,2026-01-21 12:04:30,Local Market Day,J023,Basavanagudi,2180,Weekday,False,Clear,False,0.0,False,False,0.2,Low,30.7,11.6,209.4,0.16,0.369,0.988,Normal free-flow traffic - standard signal timing maintained
EVT419687,2025-03-17 19:16:04,Political Rally,J031,Cubbon Road,8916,Weekday,False,Clear,False,0.0,False,False,0.963,Severe,7.1,65.9,471.3,0.132,0.304,0.939,Heavy congestion detected - signal timing extended and reroute suggested
EVT419688,2025-06-30 14:06:01,Local Market Day,J031,Cubbon Road,2764,Weekday,False,Clear,False,0.0,False,False,0.196,Low,36.7,11.4,55.1,0.058,0.135,0.967,Normal free-flow traffic - standard signal timing maintained
EVT419689,2025-04-11 10:26:47,Local Market Day,J011,Indiranagar 100ft Road,3977,Weekday,False,Fog,False,0.0,False,False,0.59,High,19.7,40.1,252.1,0.159,0.368,0.946,Moderate traffic flow - standard adaptive signal timing in effect
EVT419690,2025-01-05 16:24:53,Local Market Day,J009,Majestic,2556,Weekend,False,Clear,False,0.0,False,False,0.479,Moderate,21.9,31.6,296.5,0.182,0.42,0.974,Moderate traffic flow - standard adaptive signal timing in effect
EVT419691,2025-06-03 20:04:13,Sports Fixture,J023,Basavanagudi,20198,Weekday,False,Rain,True,13.5,False,False,0.889,Severe,10.8,62.5,420.2,0.163,0.377,0.894,Heavy rain reducing visibility and grip - reduced speed and longer buffer advised
EVT419692,2026-03-07 09:01:06,Trade Fair,J031,Cubbon Road,11735,Weekend,False,Clear,False,0.0,False,False,0.937,Severe,10.4,68.8,716.9,0.281,0.649,0.909,Heavy congestion detected - signal timing extended and reroute suggested
EVT419693,2025-01-04 08:00:06,Concert,J020,Malleshwaram Circle,10493,Weekend,False,Clear,False,0.0,False,False,0.756,Severe,11.6,56.1,584.8,0.262,0.605,0.967,Heavy congestion detected - signal timing extended and reroute suggested
EVT419694,2025-11-24 18:43:23,Sports Fixture,J011,Indiranagar 100ft Road,29821,Weekday,False,Rain,True,11.5,False,False,1.0,Severe,9.4,71.8,741.5,0.272,0.629,0.864,Heavy rain reducing visibility and grip - reduced speed and longer buffer advised
EVT419695,2025-07-01 17:48:36,Local Market Day,J031,Cubbon Road,3083,Weekday,False,Heavy Rain,True,58.0,False,False,1.0,Severe,8.3,75.7,242.3,0.098,0.226,0.857,Heavy rain reducing visibility and grip - reduced speed and longer buffer advised
EVT419696,2026-03-01 23:30:15,Sports Fixture,J011,Indiranagar 100ft Road,17215,Weekend,False,Clear,False,0.0,False,False,0.374,Moderate,24.2,21.8,137.1,0.092,0.212,0.964,Moderate traffic flow - standard adaptive signal timing in effect
EVT419697,2025-12-14 21:38:04,Trade Fair,J012,Koramangala Sony World,10260,Weekend,False,Clear,False,0.0,False,False,0.376,Moderate,24.2,30.8,246.2,0.169,0.391,0.962,Moderate traffic flow - standard adaptive signal timing in effect
EVT419698,2025-01-08 20:32:43,Local Market Day,J012,Koramangala Sony World,3324,Weekday,False,Clear,False,0.0,False,False,0.572,High,21.2,38.8,239.3,0.161,0.372,0.969,Moderate traffic flow - standard adaptive signal timing in effect
EVT419699,2025-08-04 09:43:21,Concert,J012,Koramangala Sony World,10518,Weekday,False,Clear,False,0.0,False,False,0.955,Severe,14.2,69.4,246.5,0.13,0.301,0.891,Heavy congestion detected - signal timing extended and reroute suggested
EVT419700,2025-06-01 13:19:10,Local Market Day,J011,Indiranagar 100ft Road,4955,Weekend,False,Light Rain,True,7.2,True,False,0.731,High,19.6,46.7,217.6,0.144,0.332,0.734,Accident detected nearby - reroute and reduced speed advised
EVT419701,2025-02-24 17:35:22,Sports Fixture,J023,Basavanagudi,19042,Weekday,False,Clear,False,0.0,False,False,0.977,Severe,10.2,65.3,730.8,0.291,0.672,0.907,Heavy congestion detected - signal timing extended and reroute suggested
EVT419702,2025-05-13 09:46:11,Concert,J012,Koramangala Sony World,10767,Weekday,False,Clear,False,0.0,False,False,0.89,Severe,13.0,66.9,474.8,0.216,0.498,0.938,Heavy congestion detected - signal timing extended and reroute suggested
EVT419703,2025-10-06 15:05:34,Concert,J031,Cubbon Road,6946,Weekday,False,Clear,False,0.0,False,False,0.192,Low,36.3,17.0,69.0,0.06,0.138,0.952,Normal free-flow traffic - standard signal timing maintained
EVT419704,2025-01-23 19:08:25,Local Market Day,J031,Cubbon Road,2912,Weekday,False,Clear,False,0.0,False,False,0.94,Severe,9.9,66.2,437.2,0.171,0.395,0.918,Heavy congestion detected - signal timing extended and reroute suggested
EVT419705,2025-04-07 09:45:10,Religious Festival,J031,Cubbon Road,64384,Weekday,True,Fog,False,0.0,False,False,1.0,Severe,10.2,71.0,260.9,0.129,0.297,0.85,Festival crowd surge detected - alternate route and extended cycle recommended
EVT419706,2026-03-06 09:33:05,Sports Fixture,J009,Majestic,19641,Weekday,False,Clear,False,0.0,False,False,1.0,Severe,7.8,73.4,535.3,0.185,0.428,0.897,Heavy congestion detected - signal timing extended and reroute suggested
EVT419707,2025-04-15 09:39:15,Religious Festival,J023,Basavanagudi,54073,Weekday,True,Clear,False,0.0,False,False,1.0,Severe,8.2,73.2,242.4,0.101,0.234,0.88,Festival crowd surge detected - alternate route and extended cycle recommended
EVT419708,2026-01-27 10:51:48,Religious Festival,J040,City Market,45605,Weekday,True,Clear,False,0.0,False,False,0.896,Severe,11.4,57.7,648.4,0.268,0.62,0.877,Festival crowd surge detected - alternate route and extended cycle recommended
EVT419709,2025-09-14 18:30:42,Political Rally,J030,MG Road,16001,Weekend,False,Clear,False,0.0,False,False,0.995,Severe,8.6,70.3,308.3,0.133,0.306,0.913,Heavy congestion detected - signal timing extended and reroute suggested
EVT419710,2025-02-04 08:26:06,Local Market Day,J009,Majestic,3955,Weekday,False,Clear,False,0.0,False,False,0.918,Severe,11.1,66.6,457.8,0.181,0.419,0.944,Heavy congestion detected - signal timing extended and reroute suggested
EVT419711,2025-02-22 13:27:31,Local Market Day,J030,MG Road,3317,Weekend,False,Clear,False,0.0,False,False,0.145,Low,38.5,9.6,118.6,0.109,0.253,0.954,Normal free-flow traffic - standard signal timing maintained
EVT419712,2026-02-23 12:33:53,Trade Fair,J009,Majestic,6695,Weekday,False,Clear,False,0.0,False,False,0.222,Low,32.7,13.4,67.8,0.058,0.134,0.962,Normal free-flow traffic - standard signal timing maintained
EVT419713,2025-08-31 05:37:44,Local Market Day,J031,Cubbon Road,4734,Weekend,False,Heavy Rain,True,27.4,False,False,0.553,High,23.6,47.2,199.9,0.126,0.292,0.918,Heavy rain reducing visibility and grip - reduced speed and longer buffer advised
EVT419714,2026-04-02 09:19:12,Local Market Day,J020,Malleshwaram Circle,3300,Weekday,False,Clear,False,0.0,False,False,0.964,Severe,10.0,70.3,497.9,0.195,0.451,0.916,Heavy congestion detected - signal timing extended and reroute suggested
EVT419715,2025-12-31 13:39:03,Sports Fixture,J020,Malleshwaram Circle,19331,Weekday,False,Clear,False,0.0,False,False,0.32,Low,27.0,24.3,117.1,0.113,0.261,0.988,Moderate traffic flow - standard adaptive signal timing in effect
EVT419716,2025-12-07 15:26:30,Sports Fixture,J040,City Market,16705,Weekend,False,Clear,False,0.0,False,False,0.427,Moderate,22.2,28.8,267.7,0.169,0.391,0.97,Moderate traffic flow - standard adaptive signal timing in effect
EVT419717,2025-06-28 13:34:23,Trade Fair,J011,Indiranagar 100ft Road,10742,Weekend,False,Heavy Rain,True,60.6,False,False,0.618,High,23.1,44.9,162.0,0.122,0.282,0.887,Heavy rain reducing visibility and grip - reduced speed and longer buffer advised
EVT419718,2025-12-15 19:56:12,Sports Fixture,J011,Indiranagar 100ft Road,31385,Weekday,False,Clear,False,0.0,False,False,0.935,Severe,11.2,72.6,590.9,0.221,0.51,0.932,Heavy congestion detected - signal timing extended and reroute suggested
EVT419719,2026-04-08 12:56:11,Concert,J040,City Market,11240,Weekday,False,Rain,True,10.9,False,False,0.336,Low,30.5,23.7,180.0,0.146,0.338,0.93,Light rain detected - minor speed reduction advised
EVT419720,2025-10-01 17:31:38,Local Market Day,J031,Cubbon Road,4103,Weekday,False,Clear,False,0.0,False,False,0.829,Severe,14.5,59.4,298.2,0.143,0.331,0.943,Heavy congestion detected - signal timing extended and reroute suggested
EVT419721,2025-05-25 19:10:20,Trade Fair,J023,Basavanagudi,11322,Weekend,False,Clear,False,0.0,False,False,0.85,Severe,13.9,54.8,295.2,0.151,0.348,0.972,Heavy congestion detected - signal timing extended and reroute suggested
EVT419722,2025-10-06 14:37:16,Local Market Day,J040,City Market,3470,Weekday,False,Clear,False,0.0,False,False,0.228,Low,37.4,19.8,142.8,0.132,0.305,0.949,Normal free-flow traffic - standard signal timing maintained
EVT419723,2025-07-09 09:35:12,Sports Fixture,J009,Majestic,18500,Weekday,False,Rain,True,18.9,False,False,1.0,Severe,9.2,75.1,542.3,0.215,0.496,0.883,Heavy rain reducing visibility and grip - reduced speed and longer buffer advised
EVT419724,2025-08-18 13:00:01,Sports Fixture,J020,Malleshwaram Circle,15339,Weekday,False,Light Rain,True,3.5,False,False,0.247,Low,38.9,17.6,107.9,0.107,0.248,0.897,Light rain detected - minor speed reduction advised
EVT419725,2025-03-21 13:32:09,Concert,J020,Malleshwaram Circle,22980,Weekday,False,Clear,False,0.0,False,False,0.27,Low,25.0,15.1,233.1,0.135,0.311,0.99,Moderate traffic flow - standard adaptive signal timing in effect
EVT419726,2025-12-01 10:08:19,Local Market Day,J030,MG Road,3543,Weekday,False,Clear,False,0.0,False,False,0.787,Severe,14.7,53.3,277.1,0.138,0.32,0.96,Heavy congestion detected - signal timing extended and reroute suggested
EVT419727,2025-01-03 16:00:26,Sports Fixture,J030,MG Road,24332,Weekday,False,Clear,False,0.0,False,False,0.469,Moderate,29.0,34.2,225.6,0.2,0.462,0.985,Moderate traffic flow - standard adaptive signal timing in effect
EVT419728,2026-06-02 09:27:37,Sports Fixture,J011,Indiranagar 100ft Road,25507,Weekday,False,Clear,False,0.0,False,False,1.0,Severe,8.0,71.2,476.1,0.17,0.392,0.916,Heavy congestion detected - signal timing extended and reroute suggested
EVT419729,2026-05-06 12:00:09,Trade Fair,J020,Malleshwaram Circle,12027,Weekday,False,Rain,True,24.5,False,False,0.598,High,22.8,38.1,188.9,0.117,0.269,0.916,Heavy rain reducing visibility and grip - reduced speed and longer buffer advised
EVT419730,2025-02-20 08:41:28,Local Market Day,J020,Malleshwaram Circle,3115,Weekday,False,Light Rain,True,4.5,False,False,1.0,Severe,8.2,75.8,224.9,0.113,0.261,0.857,Heavy rain reducing visibility and grip - reduced speed and longer buffer advised
EVT419731,2025-11-23 00:23:21,Local Market Day,J012,Koramangala Sony World,4382,Weekend,False,Light Rain,True,1.3,False,False,0.308,Low,22.9,18.3,155.1,0.098,0.226,0.922,Light rain detected - minor speed reduction advised
EVT419732,2025-06-15 01:14:48,Concert,J020,Malleshwaram Circle,18428,Weekend,False,Clear,False,0.0,False,False,0.372,Moderate,32.9,29.7,132.2,0.121,0.278,0.978,Moderate traffic flow - standard adaptive signal timing in effect
EVT419733,2025-02-25 19:07:11,Local Market Day,J009,Majestic,3428,Weekday,False,Clear,False,0.0,False,False,0.993,Severe,7.3,66.0,445.0,0.135,0.312,0.929,Heavy congestion detected - signal timing extended and reroute suggested
EVT419734,2026-04-30 09:14:24,Political Rally,J012,Koramangala Sony World,7820,Weekday,False,Fog,False,0.0,False,False,1.0,Severe,10.6,69.0,261.5,0.111,0.256,0.931,Heavy congestion detected - signal timing extended and reroute suggested
EVT419735,2025-05-22 11:40:37,Political Rally,J030,MG Road,16095,Weekday,False,Clear,False,0.0,False,False,0.374,Moderate,24.8,24.6,233.3,0.168,0.388,0.979,Moderate traffic flow - standard adaptive signal timing in effect
EVT419736,2026-04-20 05:37:49,Local Market Day,J040,City Market,3072,Weekday,False,Clear,False,0.0,False,False,0.212,Low,33.8,18.1,137.2,0.13,0.3,0.967,Normal free-flow traffic - standard signal timing maintained
EVT419737,2026-05-05 20:10:48,Trade Fair,J031,Cubbon Road,7911,Weekday,False,Fog,False,0.0,False,False,0.65,High,22.1,51.1,101.3,0.067,0.154,0.947,Moderate traffic flow - standard adaptive signal timing in effect
EVT419738,2025-04-13 21:40:22,Sports Fixture,J031,Cubbon Road,23459,Weekend,False,Clear,False,0.0,False,False,0.523,Moderate,20.2,33.6,347.8,0.209,0.482,0.954,Moderate traffic flow - standard adaptive signal timing in effect
EVT419739,2026-06-23 19:56:29,Local Market Day,J040,City Market,7779,Weekday,False,Clear,False,0.0,False,False,0.698,High,20.7,49.8,257.1,0.173,0.4,0.979,Moderate traffic flow - standard adaptive signal timing in effect
EVT419740,2025-03-23 11:23:46,Concert,J031,Cubbon Road,10312,Weekend,False,Clear,False,0.0,False,False,0.427,Moderate,25.7,28.4,181.3,0.139,0.32,0.976,Moderate traffic flow - standard adaptive signal timing in effect
EVT419741,2025-10-04 20:15:03,Sports Fixture,J031,Cubbon Road,15150,Weekend,False,Light Rain,True,6.4,False,False,0.787,Severe,14.6,57.9,514.5,0.269,0.621,0.914,Heavy rain reducing visibility and grip - reduced speed and longer buffer advised
EVT419742,2025-07-05 11:09:13,Concert,J011,Indiranagar 100ft Road,9261,Weekend,False,Heavy Rain,True,45.3,False,False,0.778,Severe,19.3,49.8,384.6,0.253,0.585,0.921,Heavy rain reducing visibility and grip - reduced speed and longer buffer advised
EVT419743,2026-05-04 18:12:40,Local Market Day,J009,Majestic,5577,Weekday,False,Clear,False,0.0,False,False,0.971,Severe,10.3,69.7,534.4,0.205,0.473,0.918,Heavy congestion detected - signal timing extended and reroute suggested
EVT419744,2025-08-06 07:06:52,Concert,J012,Koramangala Sony World,16896,Weekday,False,Light Rain,True,6.8,False,False,0.644,High,20.5,43.7,298.6,0.195,0.45,0.9,Heavy rain reducing visibility and grip - reduced speed and longer buffer advised
EVT419745,2026-06-10 16:52:00,Sports Fixture,J011,Indiranagar 100ft Road,11646,Weekday,False,Heavy Rain,True,62.7,False,False,1.0,Severe,10.6,71.6,367.3,0.167,0.387,0.856,Heavy rain reducing visibility and grip - reduced speed and longer buffer advised
EVT419746,2025-09-19 19:43:54,Local Market Day,J020,Malleshwaram Circle,5301,Weekday,False,Rain,True,21.6,False,False,1.0,Severe,8.2,73.2,199.5,0.08,0.184,0.873,Heavy rain reducing visibility and grip - reduced speed and longer buffer advised
EVT419747,2025-02-27 13:01:30,Sports Fixture,J023,Basavanagudi,21859,Weekday,False,Clear,False,0.0,False,False,0.204,Low,31.9,13.7,141.8,0.109,0.251,0.964,Normal free-flow traffic - standard signal timing maintained
EVT419748,2025-03-17 19:43:12,Concert,J040,City Market,8118,Weekday,False,Clear,False,0.0,False,False,0.849,Severe,11.9,57.6,178.4,0.082,0.189,0.923,Heavy congestion detected - signal timing extended and reroute suggested
EVT419749,2026-02-24 12:35:07,Local Market Day,J031,Cubbon Road,2992,Weekday,False,Fog,False,0.0,False,False,0.161,Low,41.2,9.6,122.7,0.11,0.254,0.969,Normal free-flow traffic - standard signal timing maintained
EVT419750,2026-03-01 19:19:14,Sports Fixture,J012,Koramangala Sony World,32820,Weekend,False,Clear,False,0.0,False,False,0.916,Severe,10.7,62.0,170.8,0.081,0.188,0.961,Heavy congestion detected - signal timing extended and reroute suggested
EVT419751,2025-08-07 13:26:42,Sports Fixture,J012,Koramangala Sony World,22965,Weekday,False,Clear,False,0.0,False,False,0.283,Low,26.6,17.3,156.0,0.108,0.25,0.987,Moderate traffic flow - standard adaptive signal timing in effect
EVT419752,2025-01-29 16:42:17,Local Market Day,J031,Cubbon Road,7918,Weekday,False,Clear,False,0.0,False,False,0.653,High,22.5,44.2,251.5,0.176,0.408,0.955,Moderate traffic flow - standard adaptive signal timing in effect
EVT419753,2026-04-03 19:29:33,Political Rally,J020,Malleshwaram Circle,14474,Weekday,False,Clear,False,0.0,False,False,0.847,Severe,10.8,62.5,607.3,0.213,0.492,0.949,Heavy congestion detected - signal timing extended and reroute suggested
EVT419754,2025-05-20 16:05:18,Trade Fair,J011,Indiranagar 100ft Road,7332,Weekday,False,Clear,False,0.0,False,False,0.406,Moderate,28.4,28.2,127.5,0.112,0.259,0.958,Moderate traffic flow - standard adaptive signal timing in effect
EVT419755,2025-11-23 21:12:06,Sports Fixture,J009,Majestic,16786,Weekend,False,Clear,False,0.0,False,False,0.447,Moderate,34.7,29.0,125.3,0.085,0.196,0.957,Moderate traffic flow - standard adaptive signal timing in effect
EVT419756,2025-05-22 14:23:19,Concert,J020,Malleshwaram Circle,13801,Weekday,False,Rain,True,16.4,False,False,0.564,High,25.2,35.8,160.7,0.14,0.323,0.918,Heavy rain reducing visibility and grip - reduced speed and longer buffer advised
EVT419757,2025-07-23 14:53:37,Local Market Day,J011,Indiranagar 100ft Road,2921,Weekday,False,Heavy Rain,True,45.4,False,False,0.603,High,23.6,47.3,174.1,0.115,0.266,0.929,Heavy rain reducing visibility and grip - reduced speed and longer buffer advised
EVT419758,2026-04-09 07:05:49,Local Market Day,J031,Cubbon Road,5320,Weekday,False,Clear,False,0.0,False,False,0.485,Moderate,25.8,35.1,132.8,0.109,0.252,0.956,Moderate traffic flow - standard adaptive signal timing in effect
EVT419759,2025-10-17 08:59:29,Concert,J009,Majestic,8450,Weekday,False,Clear,False,0.0,False,False,1.0,Severe,9.5,72.3,356.1,0.14,0.323,0.91,Heavy congestion detected - signal timing extended and reroute suggested
EVT419760,2025-02-16 18:55:23,Local Market Day,J023,Basavanagudi,4209,Weekend,False,Clear,False,0.0,False,False,0.828,Severe,13.3,58.0,254.6,0.112,0.26,0.966,Heavy congestion detected - signal timing extended and reroute suggested
EVT419761,2025-06-25 10:01:31,Local Market Day,J011,Indiranagar 100ft Road,9370,Weekday,False,Clear,False,0.0,False,False,0.822,Severe,17.7,57.4,309.5,0.19,0.438,0.949,Heavy congestion detected - signal timing extended and reroute suggested
EVT419762,2025-06-17 16:31:44,Trade Fair,J031,Cubbon Road,8941,Weekday,False,Light Rain,True,6.9,False,False,0.662,High,19.6,47.5,378.4,0.261,0.603,0.911,Heavy rain reducing visibility and grip - reduced speed and longer buffer advised
EVT419763,2026-05-29 07:28:15,Local Market Day,J011,Indiranagar 100ft Road,1585,Weekday,False,Clear,False,0.0,False,False,0.57,High,23.9,39.3,295.8,0.216,0.498,0.946,Moderate traffic flow - standard adaptive signal timing in effect
EVT419764,2026-01-04 11:00:25,Trade Fair,J040,City Market,8954,Weekend,False,Clear,False,0.0,False,False,0.428,Moderate,27.1,27.6,101.1,0.068,0.158,0.97,Moderate traffic flow - standard adaptive signal timing in effect
EVT419765,2025-12-13 10:25:04,Concert,J011,Indiranagar 100ft Road,10412,Weekend,False,Clear,False,0.0,False,False,0.644,High,19.4,45.0,105.6,0.049,0.113,0.973,Moderate traffic flow - standard adaptive signal timing in effect
EVT419766,2026-02-01 19:39:36,Local Market Day,J023,Basavanagudi,3545,Weekend,False,Clear,False,0.0,False,False,0.703,High,18.9,50.3,297.4,0.168,0.389,0.957,Moderate traffic flow - standard adaptive signal timing in effect
EVT419767,2025-09-26 09:44:56,Local Market Day,J009,Majestic,6674,Weekday,False,Rain,True,22.8,False,False,1.0,Severe,6.4,71.5,250.7,0.093,0.214,0.844,Heavy rain reducing visibility and grip - reduced speed and longer buffer advised
EVT419768,2026-02-12 17:50:01,Sports Fixture,J023,Basavanagudi,14008,Weekday,False,Clear,False,0.0,False,False,0.998,Severe,8.8,66.6,382.2,0.128,0.296,0.909,Heavy congestion detected - signal timing extended and reroute suggested
EVT419769,2025-02-28 18:02:46,Trade Fair,J031,Cubbon Road,8496,Weekday,False,Clear,False,0.0,False,False,0.945,Severe,9.0,66.8,663.4,0.229,0.529,0.9,Heavy congestion detected - signal timing extended and reroute suggested
EVT419770,2026-04-09 20:53:07,Sports Fixture,J040,City Market,26488,Weekday,False,Clear,False,0.0,False,False,0.571,High,26.6,40.1,252.8,0.197,0.454,0.971,Moderate traffic flow - standard adaptive signal timing in effect
EVT419771,2025-12-14 16:12:09,Trade Fair,J031,Cubbon Road,7654,Weekend,False,Clear,False,0.0,False,False,0.508,Moderate,22.5,39.2,187.5,0.129,0.299,0.98,Moderate traffic flow - standard adaptive signal timing in effect
EVT419772,2026-05-28 14:50:13,Sports Fixture,J009,Majestic,44370,Weekday,False,Clear,False,0.0,False,False,0.377,Moderate,25.1,30.8,207.3,0.137,0.316,0.972,Moderate traffic flow - standard adaptive signal timing in effect
EVT419773,2026-06-05 15:53:29,Concert,J012,Koramangala Sony World,10927,Weekday,False,Clear,False,0.0,False,False,0.42,Moderate,24.7,29.6,174.1,0.116,0.267,0.983,Moderate traffic flow - standard adaptive signal timing in effect
EVT419774,2026-06-21 21:13:26,Concert,J020,Malleshwaram Circle,11540,Weekend,False,Clear,False,0.0,False,False,0.352,Moderate,33.4,22.3,76.5,0.063,0.145,0.965,Moderate traffic flow - standard adaptive signal timing in effect
EVT419775,2025-12-17 08:21:26,Trade Fair,J023,Basavanagudi,7454,Weekday,False,Clear,False,0.0,False,False,0.941,Severe,10.1,65.0,326.0,0.14,0.325,0.927,Heavy congestion detected - signal timing extended and reroute suggested
EVT419776,2025-11-17 19:21:32,Concert,J031,Cubbon Road,15949,Weekday,False,Clear,False,0.0,False,False,0.972,Severe,8.9,67.1,479.9,0.176,0.406,0.909,Heavy congestion detected - signal timing extended and reroute suggested
EVT419777,2025-07-18 09:03:58,Local Market Day,J011,Indiranagar 100ft Road,2674,Weekday,False,Clear,False,0.0,False,False,1.0,Severe,10.2,67.4,295.9,0.123,0.284,0.916,Heavy congestion detected - signal timing extended and reroute suggested
EVT419778,2025-02-16 18:54:04,Concert,J011,Indiranagar 100ft Road,6570,Weekend,False,Clear,False,0.0,False,False,0.914,Severe,11.0,63.2,320.7,0.149,0.344,0.891,Heavy congestion detected - signal timing extended and reroute suggested
EVT419779,2025-04-27 17:53:49,Local Market Day,J020,Malleshwaram Circle,6122,Weekend,False,Rain,True,8.0,False,False,0.927,Severe,10.3,66.5,488.4,0.191,0.44,0.882,Heavy rain reducing visibility and grip - reduced speed and longer buffer advised
EVT419780,2026-04-13 16:15:31,Local Market Day,J030,MG Road,4261,Weekday,False,Clear,False,0.0,False,False,0.449,Moderate,27.0,30.4,77.5,0.052,0.119,0.959,Moderate traffic flow - standard adaptive signal timing in effect
EVT419781,2026-06-04 09:04:30,Sports Fixture,J030,MG Road,26766,Weekday,False,Clear,False,0.0,False,False,1.0,Severe,10.4,69.0,345.1,0.16,0.368,0.905,Heavy congestion detected - signal timing extended and reroute suggested
EVT419782,2025-04-10 12:12:08,Concert,J030,MG Road,11661,Weekday,False,Clear,False,0.0,False,False,0.24,Low,29.0,25.7,220.4,0.163,0.377,0.961,Normal free-flow traffic - standard signal timing maintained
EVT419783,2025-04-23 20:52:32,Sports Fixture,J009,Majestic,19609,Weekday,False,Rain,True,11.8,False,False,0.74,High,19.6,49.7,233.7,0.158,0.364,0.888,Heavy rain reducing visibility and grip - reduced speed and longer buffer advised
EVT419784,2025-11-02 17:29:26,Fireworks Display,J009,Majestic,25275,Weekend,True,Clear,False,0.0,False,False,1.0,Severe,7.8,67.9,581.7,0.209,0.483,0.851,Festival crowd surge detected - alternate route and extended cycle recommended
EVT419785,2026-04-30 18:23:21,Sports Fixture,J012,Koramangala Sony World,17497,Weekday,False,Clear,False,0.0,False,False,1.0,Severe,8.3,66.1,787.7,0.274,0.633,0.922,Heavy congestion detected - signal timing extended and reroute suggested
EVT419786,2026-02-10 13:46:40,Trade Fair,J031,Cubbon Road,11641,Weekday,False,Clear,False,0.0,False,False,0.256,Low,43.5,10.9,139.1,0.152,0.35,0.961,Moderate traffic flow - standard adaptive signal timing in effect
EVT419787,2026-06-03 22:17:40,Trade Fair,J040,City Market,14889,Weekday,False,Heavy Rain,True,77.4,False,False,0.617,High,16.7,48.7,221.6,0.134,0.309,0.926,Heavy rain reducing visibility and grip - reduced speed and longer buffer advised
EVT419788,2026-01-24 22:42:19,Local Market Day,J030,MG Road,2307,Weekend,False,Clear,False,0.0,False,False,0.296,Low,30.3,15.7,110.5,0.097,0.224,0.968,Moderate traffic flow - standard adaptive signal timing in effect
EVT419789,2025-12-07 09:54:53,Trade Fair,J031,Cubbon Road,9892,Weekend,False,Clear,False,0.0,False,False,0.712,High,15.6,49.2,266.5,0.15,0.346,0.981,Moderate traffic flow - standard adaptive signal timing in effect
EVT419790,2025-09-05 20:22:49,Religious Festival,J020,Malleshwaram Circle,49878,Weekday,True,Heavy Rain,True,30.4,False,False,1.0,Severe,9.4,77.6,556.7,0.23,0.532,0.832,Festival crowd surge detected - alternate route and extended cycle recommended
EVT419791,2025-02-02 22:43:16,Local Market Day,J030,MG Road,3672,Weekend,False,Clear,False,0.0,False,False,0.263,Low,32.7,18.2,119.6,0.106,0.246,0.978,Moderate traffic flow - standard adaptive signal timing in effect
EVT419792,2025-01-07 09:28:05,Local Market Day,J012,Koramangala Sony World,3720,Weekday,False,Clear,False,0.0,False,False,1.0,Severe,7.8,67.8,410.6,0.13,0.301,0.915,Heavy congestion detected - signal timing extended and reroute suggested
EVT419793,2025-06-22 17:50:46,Concert,J020,Malleshwaram Circle,9515,Weekend,False,Clear,False,0.0,False,False,0.834,Severe,15.3,58.6,514.0,0.275,0.635,0.965,Heavy congestion detected - signal timing extended and reroute suggested
EVT419794,2026-02-16 08:13:15,Local Market Day,J009,Majestic,6989,Weekday,False,Clear,False,0.0,False,False,0.821,Severe,16.1,52.6,304.3,0.189,0.437,0.948,Heavy congestion detected - signal timing extended and reroute suggested
EVT419795,2026-05-15 11:49:33,Local Market Day,J009,Majestic,3276,Weekday,False,Clear,False,0.0,False,False,0.197,Low,26.9,7.2,260.1,0.165,0.38,0.95,Normal free-flow traffic - standard signal timing maintained
EVT419796,2026-06-06 09:46:39,Concert,J040,City Market,16951,Weekend,False,Light Rain,True,7.3,False,False,1.0,Severe,8.6,64.6,544.0,0.186,0.429,0.857,Heavy rain reducing visibility and grip - reduced speed and longer buffer advised
EVT419797,2026-02-05 15:32:41,Concert,J020,Malleshwaram Circle,17119,Weekday,False,Clear,False,0.0,False,False,0.389,Moderate,33.6,31.5,147.2,0.132,0.305,0.959,Moderate traffic flow - standard adaptive signal timing in effect
EVT419798,2025-10-06 17:51:02,Trade Fair,J020,Malleshwaram Circle,8985,Weekday,False,Clear,False,0.0,False,False,1.0,Severe,7.4,74.9,1062.4,0.328,0.757,0.903,Heavy congestion detected - signal timing extended and reroute suggested
EVT419799,2025-02-08 18:09:28,Concert,J031,Cubbon Road,17124,Weekend,False,Fog,False,0.0,False,False,0.868,Severe,14.7,62.6,267.8,0.171,0.395,0.932,Heavy congestion detected - signal timing extended and reroute suggested
EVT419800,2026-06-26 20:09:16,Sports Fixture,J040,City Market,16675,Weekday,False,Clear,False,0.0,False,False,0.704,High,16.2,52.5,241.5,0.127,0.293,0.975,Moderate traffic flow - standard adaptive signal timing in effect
EVT419801,2025-04-28 07:07:06,Trade Fair,J023,Basavanagudi,14435,Weekday,False,Clear,False,0.0,False,False,0.533,Moderate,22.2,34.4,355.9,0.246,0.569,0.98,Moderate traffic flow - standard adaptive signal timing in effect
EVT419802,2025-01-02 13:38:11,Local Market Day,J040,City Market,3002,Weekday,False,Clear,False,0.0,False,False,0.149,Low,31.6,12.8,60.0,0.039,0.089,0.966,Normal free-flow traffic - standard signal timing maintained
EVT419803,2025-12-01 08:40:41,Sports Fixture,J020,Malleshwaram Circle,23364,Weekday,False,Clear,False,0.0,False,False,1.0,Severe,8.8,71.5,696.7,0.249,0.576,0.896,Heavy congestion detected - signal timing extended and reroute suggested
EVT419804,2026-04-08 07:34:16,Local Market Day,J040,City Market,3071,Weekday,False,Clear,False,0.0,False,False,0.625,High,19.5,46.1,167.4,0.105,0.243,0.987,Moderate traffic flow - standard adaptive signal timing in effect
EVT419805,2025-12-04 13:09:41,Concert,J023,Basavanagudi,13873,Weekday,False,Clear,False,0.0,False,False,0.182,Low,33.1,8.8,208.8,0.165,0.381,0.981,Normal free-flow traffic - standard signal timing maintained
EVT419806,2026-01-18 19:52:47,Concert,J011,Indiranagar 100ft Road,15725,Weekend,False,Clear,False,0.0,False,False,0.757,Severe,17.0,49.7,292.4,0.176,0.406,0.963,Heavy congestion detected - signal timing extended and reroute suggested
EVT419807,2025-11-20 22:53:30,Trade Fair,J012,Koramangala Sony World,7811,Weekday,False,Clear,False,0.0,False,False,0.201,Low,29.0,10.4,172.4,0.144,0.333,0.947,Normal free-flow traffic - standard signal timing maintained
EVT419808,2025-12-18 10:31:56,Sports Fixture,J040,City Market,29701,Weekday,False,Clear,False,0.0,True,False,1.0,Severe,9.4,72.3,621.4,0.242,0.558,0.762,Accident detected nearby - reroute and reduced speed advised
EVT419809,2025-10-28 13:15:20,Sports Fixture,J031,Cubbon Road,14961,Weekday,False,Clear,False,0.0,False,False,0.189,Low,26.2,11.1,199.4,0.142,0.328,0.948,Normal free-flow traffic - standard signal timing maintained
EVT419810,2026-03-02 13:40:46,Trade Fair,J009,Majestic,6394,Weekday,False,Clear,False,0.0,False,False,0.231,Low,30.9,14.1,131.4,0.099,0.228,0.967,Normal free-flow traffic - standard signal timing maintained
EVT419811,2025-12-07 08:40:11,Concert,J020,Malleshwaram Circle,20389,Weekend,False,Clear,False,0.0,False,False,0.844,Severe,13.2,61.3,468.3,0.255,0.588,0.929,Heavy congestion detected - signal timing extended and reroute suggested
EVT419812,2026-06-06 13:23:43,Trade Fair,J011,Indiranagar 100ft Road,6972,Weekend,False,Rain,True,21.0,False,False,0.528,Moderate,23.8,35.1,140.7,0.104,0.239,0.928,Light rain detected - minor speed reduction advised
EVT419813,2025-12-17 11:16:02,Local Market Day,J031,Cubbon Road,6377,Weekday,False,Light Rain,True,3.2,False,False,0.461,Moderate,25.4,33.4,154.8,0.108,0.249,0.907,Light rain detected - minor speed reduction advised
EVT419814,2025-06-07 11:52:35,Sports Fixture,J023,Basavanagudi,22663,Weekend,False,Clear,False,0.0,False,False,0.395,Moderate,29.3,25.0,131.7,0.111,0.256,0.963,Moderate traffic flow - standard adaptive signal timing in effect
EVT419815,2025-05-27 18:20:07,Local Market Day,J020,Malleshwaram Circle,5089,Weekday,False,Light Rain,True,3.2,False,False,1.0,Severe,7.5,74.4,614.3,0.197,0.456,0.861,Heavy rain reducing visibility and grip - reduced speed and longer buffer advised
EVT419816,2025-09-01 05:11:48,Sports Fixture,J023,Basavanagudi,22762,Weekday,False,Clear,False,0.0,False,False,0.3,Low,24.3,22.6,215.3,0.145,0.334,0.983,Moderate traffic flow - standard adaptive signal timing in effect
EVT419817,2025-11-10 10:09:37,Local Market Day,J040,City Market,2092,Weekday,False,Clear,False,0.0,False,False,0.724,High,15.1,53.5,454.7,0.241,0.557,0.988,Moderate traffic flow - standard adaptive signal timing in effect
EVT419818,2025-09-18 16:47:16,Local Market Day,J030,MG Road,4104,Weekday,False,Clear,False,0.0,False,False,0.55,High,22.8,38.3,162.0,0.116,0.267,0.962,Moderate traffic flow - standard adaptive signal timing in effect
EVT419819,2025-01-11 17:37:25,Local Market Day,J031,Cubbon Road,2657,Weekend,False,Clear,False,0.0,False,False,0.793,Severe,18.0,58.2,333.8,0.217,0.502,0.959,Heavy congestion detected - signal timing extended and reroute suggested
EVT419820,2025-01-08 07:51:41,Local Market Day,J040,City Market,5464,Weekday,False,Clear,False,0.0,False,False,0.828,Severe,14.5,62.8,365.2,0.178,0.412,0.945,Heavy congestion detected - signal timing extended and reroute suggested
EVT419821,2026-02-28 18:48:06,Concert,J023,Basavanagudi,11418,Weekend,False,Clear,False,0.0,False,False,0.907,Severe,10.5,65.3,431.5,0.173,0.399,0.958,Heavy congestion detected - signal timing extended and reroute suggested
EVT419822,2025-01-20 20:22:28,Concert,J040,City Market,13118,Weekday,False,Clear,False,0.0,False,False,0.672,High,19.8,50.7,193.9,0.149,0.344,0.961,Moderate traffic flow - standard adaptive signal timing in effect
EVT419823,2025-03-05 15:26:10,Concert,J023,Basavanagudi,19646,Weekday,False,Clear,False,0.0,False,False,0.451,Moderate,26.9,32.8,160.2,0.131,0.303,0.944,Moderate traffic flow - standard adaptive signal timing in effect
EVT419824,2026-04-23 21:12:35,Sports Fixture,J040,City Market,19747,Weekday,False,Rain,True,8.0,False,False,0.516,Moderate,23.9,39.4,214.3,0.149,0.344,0.917,Light rain detected - minor speed reduction advised
EVT419825,2025-08-28 17:11:48,Fireworks Display,J031,Cubbon Road,26180,Weekday,True,Heavy Rain,True,25.0,False,False,1.0,Severe,8.3,69.6,246.0,0.078,0.18,0.823,Festival crowd surge detected - alternate route and extended cycle recommended
EVT419826,2025-08-27 08:07:01,Cultural Procession,J031,Cubbon Road,19450,Weekday,True,Rain,True,12.7,False,True,1.0,Severe,6.0,106.4,774.6,0.19,0.439,0.767,Road closure for event/procession - full detour recommended for through-traffic
EVT419827,2025-03-14 10:23:17,Cultural Procession,J012,Koramangala Sony World,16218,Weekday,True,Clear,False,0.0,False,False,0.946,Severe,12.2,64.8,419.0,0.204,0.472,0.862,Festival crowd surge detected - alternate route and extended cycle recommended
EVT419828,2026-03-08 15:02:25,Trade Fair,J011,Indiranagar 100ft Road,8754,Weekend,False,Clear,False,0.0,False,False,0.321,Low,27.1,15.6,151.8,0.127,0.294,0.958,Moderate traffic flow - standard adaptive signal timing in effect
EVT419829,2025-09-05 09:10:03,Cultural Procession,J011,Indiranagar 100ft Road,14545,Weekday,True,Heavy Rain,True,28.2,False,True,1.0,Severe,9.6,106.0,753.4,0.299,0.69,0.798,Road closure for event/procession - full detour recommended for through-traffic
EVT419830,2025-08-07 10:06:45,Trade Fair,J012,Koramangala Sony World,12395,Weekday,False,Rain,True,9.2,False,False,0.938,Severe,10.4,69.6,393.3,0.16,0.37,0.878,Heavy rain reducing visibility and grip - reduced speed and longer buffer advised
EVT419831,2025-04-01 13:20:28,Political Rally,J012,Koramangala Sony World,15120,Weekday,False,Clear,False,0.0,False,False,0.306,Low,29.1,19.9,76.1,0.065,0.151,0.972,Moderate traffic flow - standard adaptive signal timing in effect
EVT419832,2025-07-05 16:55:14,Local Market Day,J030,MG Road,2818,Weekend,False,Heavy Rain,True,48.4,False,False,0.942,Severe,6.3,65.7,732.1,0.209,0.483,0.875,Heavy rain reducing visibility and grip - reduced speed and longer buffer advised
EVT419833,2025-12-19 20:25:25,Trade Fair,J012,Koramangala Sony World,10061,Weekday,False,Clear,False,0.0,False,False,0.696,High,20.4,51.6,301.9,0.206,0.475,0.974,Moderate traffic flow - standard adaptive signal timing in effect
EVT419834,2025-12-20 20:57:28,Local Market Day,J023,Basavanagudi,3341,Weekend,False,Fog,False,0.0,True,False,0.754,Severe,15.0,49.3,220.8,0.123,0.283,0.802,Accident detected nearby - reroute and reduced speed advised
EVT419835,2025-12-28 17:22:23,Local Market Day,J009,Majestic,5712,Weekend,False,Clear,False,0.0,False,False,0.752,Severe,16.2,50.8,343.4,0.203,0.468,0.966,Heavy congestion detected - signal timing extended and reroute suggested
EVT419836,2026-05-13 23:35:26,Local Market Day,J009,Majestic,4715,Weekday,False,Clear,False,0.0,False,False,0.129,Low,33.0,12.4,144.9,0.126,0.291,0.966,Normal free-flow traffic - standard signal timing maintained
EVT419837,2026-01-03 08:08:43,Concert,J012,Koramangala Sony World,15587,Weekend,False,Light Rain,True,4.1,False,False,0.845,Severe,12.4,57.8,241.5,0.129,0.297,0.909,Heavy rain reducing visibility and grip - reduced speed and longer buffer advised
EVT419838,2026-01-15 13:35:13,Religious Festival,J020,Malleshwaram Circle,50761,Weekday,True,Clear,False,0.0,False,True,0.822,High,12.2,87.5,631.8,0.265,0.612,0.846,Road closure for event/procession - full detour recommended for through-traffic
EVT419839,2025-11-06 18:55:45,Concert,J020,Malleshwaram Circle,22908,Weekday,False,Clear,False,0.0,False,False,1.0,Severe,8.1,74.2,757.8,0.231,0.534,0.93,Heavy congestion detected - signal timing extended and reroute suggested
EVT419840,2025-10-30 20:23:19,Sports Fixture,J009,Majestic,9612,Weekday,False,Heavy Rain,True,38.8,False,False,0.898,Severe,11.1,64.9,445.1,0.19,0.438,0.893,Heavy rain reducing visibility and grip - reduced speed and longer buffer advised
EVT419841,2026-03-12 18:30:32,Trade Fair,J030,MG Road,7730,Weekday,False,Clear,False,0.0,False,False,1.0,Severe,8.1,67.5,715.4,0.223,0.514,0.915,Heavy congestion detected - signal timing extended and reroute suggested
EVT419842,2025-05-19 20:43:41,Trade Fair,J011,Indiranagar 100ft Road,8596,Weekday,False,Rain,True,10.3,False,False,0.676,High,19.4,48.6,286.3,0.176,0.407,0.911,Heavy rain reducing visibility and grip - reduced speed and longer buffer advised
EVT419843,2025-11-23 15:55:51,Trade Fair,J020,Malleshwaram Circle,14665,Weekend,False,Clear,False,0.0,False,False,0.41,Moderate,25.5,34.2,237.4,0.17,0.392,0.984,Moderate traffic flow - standard adaptive signal timing in effect
EVT419844,2025-10-11 09:50:00,Trade Fair,J009,Majestic,9278,Weekend,False,Heavy Rain,True,30.5,False,False,1.0,Severe,8.8,70.3,470.1,0.168,0.388,0.859,Heavy rain reducing visibility and grip - reduced speed and longer buffer advised
EVT419845,2026-05-21 19:41:32,Sports Fixture,J040,City Market,21842,Weekday,False,Clear,False,0.0,False,False,0.914,Severe,11.9,61.2,346.1,0.155,0.358,0.956,Heavy congestion detected - signal timing extended and reroute suggested
EVT419846,2026-06-26 21:49:01,Local Market Day,J040,City Market,4230,Weekday,False,Heavy Rain,True,28.7,False,False,0.583,High,24.3,36.9,259.1,0.184,0.425,0.923,Heavy rain reducing visibility and grip - reduced speed and longer buffer advised
EVT419847,2026-04-22 17:38:59,Sports Fixture,J009,Majestic,29759,Weekday,False,Rain,True,16.8,False,False,1.0,Severe,8.1,67.4,389.1,0.16,0.37,0.881,Heavy rain reducing visibility and grip - reduced speed and longer buffer advised
EVT419848,2025-11-03 17:27:39,Sports Fixture,J020,Malleshwaram Circle,14426,Weekday,False,Clear,False,0.0,False,False,0.99,Severe,9.0,68.3,390.0,0.15,0.346,0.905,Heavy congestion detected - signal timing extended and reroute suggested
EVT419849,2025-05-13 13:44:50,Political Rally,J020,Malleshwaram Circle,19569,Weekday,False,Clear,False,0.0,False,False,0.363,Moderate,30.3,26.6,117.9,0.083,0.191,0.956,Moderate traffic flow - standard adaptive signal timing in effect
EVT419850,2025-01-24 21:34:16,Political Rally,J012,Koramangala Sony World,14176,Weekday,False,Clear,False,0.0,False,False,0.416,Moderate,25.2,30.9,71.4,0.061,0.141,0.968,Moderate traffic flow - standard adaptive signal timing in effect
EVT419851,2026-04-06 11:26:27,Political Rally,J020,Malleshwaram Circle,38280,Weekday,False,Clear,False,0.0,False,False,0.55,Moderate,23.6,41.7,261.0,0.189,0.437,0.981,Moderate traffic flow - standard adaptive signal timing in effect
EVT419852,2025-10-27 18:36:45,Local Market Day,J020,Malleshwaram Circle,2841,Weekday,False,Clear,False,0.0,False,False,1.0,Severe,10.1,63.6,704.2,0.267,0.617,0.905,Heavy congestion detected - signal timing extended and reroute suggested
EVT419853,2025-02-21 22:50:09,Trade Fair,J040,City Market,9019,Weekday,False,Clear,False,0.0,False,False,0.196,Low,32.4,15.2,64.5,0.047,0.108,0.967,Normal free-flow traffic - standard signal timing maintained
EVT419854,2025-09-17 15:56:26,Sports Fixture,J040,City Market,29209,Weekday,False,Heavy Rain,True,32.0,True,False,1.0,Severe,8.7,70.4,567.7,0.214,0.493,0.722,Accident detected nearby - reroute and reduced speed advised
EVT419855,2026-01-12 19:17:33,Sports Fixture,J023,Basavanagudi,30667,Weekday,False,Clear,False,0.0,False,False,1.0,Severe,10.4,68.5,750.5,0.294,0.679,0.92,Heavy congestion detected - signal timing extended and reroute suggested
EVT419856,2025-11-20 05:07:52,Sports Fixture,J040,City Market,16106,Weekday,False,Clear,False,0.0,False,False,0.284,Low,32.0,23.3,118.1,0.087,0.202,0.98,Moderate traffic flow - standard adaptive signal timing in effect
EVT419857,2025-07-19 14:44:48,Concert,J040,City Market,11891,Weekend,False,Clear,False,0.0,False,False,0.28,Low,28.8,20.3,175.3,0.149,0.344,0.968,Moderate traffic flow - standard adaptive signal timing in effect
EVT419858,2026-01-17 12:54:46,Sports Fixture,J020,Malleshwaram Circle,17812,Weekend,False,Clear,False,0.0,False,False,0.408,Moderate,22.2,30.5,230.1,0.161,0.371,0.972,Moderate traffic flow - standard adaptive signal timing in effect
EVT419859,2025-01-31 17:32:37,Sports Fixture,J012,Koramangala Sony World,24629,Weekday,False,Clear,False,0.0,False,False,0.937,Severe,11.5,62.0,459.9,0.201,0.464,0.915,Heavy congestion detected - signal timing extended and reroute suggested
EVT419860,2025-04-30 11:38:10,Political Rally,J031,Cubbon Road,9522,Weekday,False,Clear,False,0.0,False,False,0.313,Low,35.7,26.2,155.3,0.14,0.324,0.952,Moderate traffic flow - standard adaptive signal timing in effect
EVT419861,2025-06-20 04:18:20,Local Market Day,J040,City Market,3293,Weekday,False,Rain,True,19.6,False,False,0.322,Low,26.9,20.6,147.3,0.108,0.249,0.932,Light rain detected - minor speed reduction advised
EVT419862,2025-12-17 09:48:29,Political Rally,J011,Indiranagar 100ft Road,13528,Weekday,False,Clear,False,0.0,False,False,0.957,Severe,10.5,69.0,420.5,0.165,0.382,0.952,Heavy congestion detected - signal timing extended and reroute suggested
EVT419863,2026-02-15 15:54:16,Local Market Day,J009,Majestic,3468,Weekend,False,Clear,False,0.0,False,False,0.474,Moderate,23.6,32.9,175.2,0.124,0.286,0.971,Moderate traffic flow - standard adaptive signal timing in effect
EVT419864,2026-05-12 14:11:37,Local Market Day,J031,Cubbon Road,2878,Weekday,False,Clear,False,0.0,False,False,0.189,Low,35.2,14.0,244.7,0.195,0.451,0.968,Normal free-flow traffic - standard signal timing maintained
EVT419865,2026-01-30 19:30:32,Sports Fixture,J020,Malleshwaram Circle,33149,Weekday,False,Clear,False,0.0,False,False,1.0,Severe,6.9,65.8,498.7,0.137,0.316,0.905,Heavy congestion detected - signal timing extended and reroute suggested
EVT419866,2025-08-24 22:00:16,Local Market Day,J009,Majestic,6767,Weekend,False,Rain,True,7.5,False,False,0.346,Low,28.8,24.7,240.9,0.183,0.424,0.942,Light rain detected - minor speed reduction advised
EVT419867,2025-07-09 15:42:28,Local Market Day,J040,City Market,2859,Weekday,False,Clear,False,0.0,False,False,0.292,Low,29.6,24.1,164.3,0.109,0.251,0.946,Moderate traffic flow - standard adaptive signal timing in effect
EVT419868,2025-07-26 20:23:47,Concert,J009,Majestic,8789,Weekend,False,Clear,False,0.0,False,False,0.569,High,22.1,41.4,284.7,0.174,0.402,0.961,Moderate traffic flow - standard adaptive signal timing in effect
EVT419869,2025-01-04 08:45:43,Local Market Day,J009,Majestic,2362,Weekend,False,Clear,False,0.0,False,False,0.862,Severe,10.3,62.4,415.1,0.165,0.381,0.928,Heavy congestion detected - signal timing extended and reroute suggested
EVT419870,2025-05-15 13:08:22,Concert,J031,Cubbon Road,14014,Weekday,False,Clear,False,0.0,False,False,0.216,Low,35.0,17.5,218.2,0.202,0.467,0.941,Normal free-flow traffic - standard signal timing maintained
EVT419871,2026-04-13 21:49:35,Local Market Day,J009,Majestic,2840,Weekday,False,Clear,False,0.0,False,False,0.215,Low,25.2,9.7,158.9,0.108,0.25,0.961,Normal free-flow traffic - standard signal timing maintained
EVT419872,2025-05-07 20:00:02,Concert,J011,Indiranagar 100ft Road,10505,Weekday,False,Clear,False,0.0,False,False,0.746,High,18.0,49.6,259.5,0.143,0.33,0.958,Moderate traffic flow - standard adaptive signal timing in effect
EVT419873,2025-10-10 13:11:38,Political Rally,J040,City Market,16263,Weekday,False,Clear,False,0.0,False,False,0.266,Low,41.1,18.2,156.9,0.159,0.366,0.933,Moderate traffic flow - standard adaptive signal timing in effect
EVT419874,2025-01-06 08:57:45,Trade Fair,J011,Indiranagar 100ft Road,7550,Weekday,False,Clear,False,0.0,False,False,1.0,Severe,9.2,74.5,484.2,0.213,0.491,0.906,Heavy congestion detected - signal timing extended and reroute suggested
EVT419875,2025-04-29 10:06:49,Sports Fixture,J009,Majestic,29538,Weekday,False,Light Rain,True,5.7,False,False,1.0,Severe,7.7,69.4,796.9,0.258,0.596,0.877,Heavy rain reducing visibility and grip - reduced speed and longer buffer advised
EVT419876,2026-05-09 16:18:34,Sports Fixture,J011,Indiranagar 100ft Road,15945,Weekend,False,Clear,False,0.0,False,False,0.579,High,23.8,38.5,206.4,0.159,0.367,0.989,Moderate traffic flow - standard adaptive signal timing in effect
EVT419877,2025-02-15 12:17:34,Trade Fair,J012,Koramangala Sony World,13831,Weekend,False,Clear,False,0.0,False,False,0.302,Low,34.3,20.3,147.4,0.119,0.276,0.955,Moderate traffic flow - standard adaptive signal timing in effect
EVT419878,2026-04-17 18:33:54,Political Rally,J031,Cubbon Road,19026,Weekday,False,Clear,False,0.0,False,False,1.0,Severe,7.6,71.1,668.9,0.209,0.482,0.899,Heavy congestion detected - signal timing extended and reroute suggested
EVT419879,2026-06-06 17:08:27,Sports Fixture,J020,Malleshwaram Circle,23991,Weekend,False,Heavy Rain,True,69.0,False,False,1.0,Severe,8.7,70.0,455.7,0.166,0.383,0.87,Heavy rain reducing visibility and grip - reduced speed and longer buffer advised
EVT419880,2025-07-25 18:47:11,Local Market Day,J011,Indiranagar 100ft Road,5030,Weekday,False,Clear,False,0.0,False,False,0.965,Severe,9.9,71.4,539.5,0.202,0.467,0.941,Heavy congestion detected - signal timing extended and reroute suggested
EVT419881,2025-01-21 12:21:39,Sports Fixture,J023,Basavanagudi,13710,Weekday,False,Clear,False,0.0,False,False,0.299,Low,28.7,16.5,150.2,0.114,0.263,0.955,Moderate traffic flow - standard adaptive signal timing in effect
EVT419882,2026-05-31 13:58:47,Trade Fair,J009,Majestic,7944,Weekend,False,Clear,False,0.0,False,False,0.285,Low,26.3,18.9,192.0,0.146,0.338,0.988,Moderate traffic flow - standard adaptive signal timing in effect
EVT419883,2025-04-19 11:52:18,Sports Fixture,J023,Basavanagudi,22914,Weekend,False,Clear,False,0.0,False,False,0.369,Moderate,28.5,23.4,170.1,0.116,0.269,0.959,Moderate traffic flow - standard adaptive signal timing in effect
EVT419884,2026-03-21 19:51:29,Trade Fair,J009,Majestic,6159,Weekend,False,Clear,False,0.0,False,False,0.665,High,24.4,46.4,224.1,0.151,0.35,0.934,Moderate traffic flow - standard adaptive signal timing in effect
EVT419885,2025-08-30 19:07:13,Local Market Day,J040,City Market,7910,Weekend,False,Light Rain,True,4.1,False,False,0.875,Severe,11.6,63.6,346.0,0.154,0.355,0.865,Heavy rain reducing visibility and grip - reduced speed and longer buffer advised
EVT419886,2025-04-29 16:10:42,Local Market Day,J040,City Market,2684,Weekday,False,Clear,False,0.0,False,False,0.546,Moderate,22.1,37.5,273.0,0.198,0.458,0.965,Moderate traffic flow - standard adaptive signal timing in effect
EVT419887,2025-02-06 11:28:04,Local Market Day,J011,Indiranagar 100ft Road,3017,Weekday,False,Clear,False,0.0,False,False,0.378,Moderate,32.0,29.5,178.0,0.171,0.395,0.957,Moderate traffic flow - standard adaptive signal timing in effect
EVT419888,2025-05-29 07:26:31,Sports Fixture,J023,Basavanagudi,15686,Weekday,False,Clear,False,0.0,False,False,0.631,High,19.4,47.1,116.0,0.074,0.17,0.958,Moderate traffic flow - standard adaptive signal timing in effect
EVT419889,2026-06-08 20:13:40,Trade Fair,J011,Indiranagar 100ft Road,9159,Weekday,False,Rain,True,24.4,False,False,0.968,Severe,12.0,74.3,282.9,0.137,0.316,0.859,Heavy rain reducing visibility and grip - reduced speed and longer buffer advised
EVT419890,2025-02-04 16:07:36,Sports Fixture,J011,Indiranagar 100ft Road,45648,Weekday,False,Clear,False,0.0,False,False,0.653,High,19.6,46.8,226.1,0.151,0.35,0.941,Moderate traffic flow - standard adaptive signal timing in effect
EVT419891,2025-07-05 20:53:03,Political Rally,J011,Indiranagar 100ft Road,14003,Weekend,False,Rain,True,13.9,False,False,0.74,High,17.5,55.5,257.8,0.168,0.388,0.93,Heavy rain reducing visibility and grip - reduced speed and longer buffer advised
EVT419892,2026-04-23 21:54:08,Political Rally,J040,City Market,23506,Weekday,False,Clear,False,0.0,False,False,0.437,Moderate,23.4,33.6,77.2,0.037,0.085,0.955,Moderate traffic flow - standard adaptive signal timing in effect
EVT419893,2025-07-29 18:02:40,Local Market Day,J009,Majestic,3978,Weekday,False,Heavy Rain,True,49.6,False,False,1.0,Severe,8.0,72.8,835.4,0.275,0.636,0.866,Heavy rain reducing visibility and grip - reduced speed and longer buffer advised
EVT419894,2026-06-06 20:16:21,Local Market Day,J040,City Market,2481,Weekend,False,Heavy Rain,True,52.2,False,False,0.869,Severe,10.5,67.0,301.2,0.146,0.337,0.903,Heavy rain reducing visibility and grip - reduced speed and longer buffer advised
EVT419895,2025-03-09 07:24:02,Local Market Day,J020,Malleshwaram Circle,7689,Weekend,False,Clear,False,0.0,False,False,0.484,Moderate,28.8,34.3,198.0,0.172,0.397,0.988,Moderate traffic flow - standard adaptive signal timing in effect
EVT419896,2025-09-11 19:15:23,Concert,J031,Cubbon Road,22034,Weekday,False,Clear,False,0.0,False,False,1.0,Severe,7.8,71.9,918.4,0.289,0.669,0.91,Heavy congestion detected - signal timing extended and reroute suggested
EVT419897,2026-01-03 12:41:03,Trade Fair,J020,Malleshwaram Circle,6546,Weekend,False,Clear,False,0.0,False,False,0.268,Low,33.2,22.8,118.5,0.118,0.272,0.95,Moderate traffic flow - standard adaptive signal timing in effect
EVT419898,2025-02-21 18:35:21,Concert,J020,Malleshwaram Circle,17029,Weekday,False,Clear,False,0.0,False,False,1.0,Severe,8.3,69.6,437.2,0.149,0.344,0.93,Heavy congestion detected - signal timing extended and reroute suggested
EVT419899,2025-11-12 17:09:41,Political Rally,J009,Majestic,26985,Weekday,False,Clear,False,0.0,False,False,0.895,Severe,11.6,61.3,323.4,0.158,0.366,0.954,Heavy congestion detected - signal timing extended and reroute suggested
EVT419900,2025-06-07 07:31:59,Concert,J030,MG Road,14166,Weekend,False,Heavy Rain,True,47.9,False,False,1.0,Severe,7.4,75.7,432.7,0.129,0.298,0.866,Heavy rain reducing visibility and grip - reduced speed and longer buffer advised
EVT419901,2026-05-19 08:36:20,Sports Fixture,J030,MG Road,22613,Weekday,False,Rain,True,16.8,False,False,1.0,Severe,9.6,62.7,466.4,0.177,0.408,0.878,Heavy rain reducing visibility and grip - reduced speed and longer buffer advised
EVT419902,2026-03-05 07:34:04,Religious Festival,J031,Cubbon Road,33940,Weekday,True,Clear,False,0.0,False,True,1.0,Severe,10.4,92.8,203.1,0.092,0.212,0.852,Road closure for event/procession - full detour recommended for through-traffic
EVT419903,2025-06-26 19:11:57,Political Rally,J020,Malleshwaram Circle,16715,Weekday,False,Rain,True,8.0,False,False,1.0,Severe,9.2,76.0,589.8,0.241,0.556,0.882,Heavy rain reducing visibility and grip - reduced speed and longer buffer advised
EVT419904,2026-02-11 12:46:07,Local Market Day,J023,Basavanagudi,3932,Weekday,False,Fog,False,0.0,False,False,0.137,Low,38.2,14.8,67.2,0.057,0.133,0.982,Normal free-flow traffic - standard signal timing maintained
EVT419905,2025-08-03 12:17:39,Local Market Day,J031,Cubbon Road,3290,Weekend,False,Clear,False,0.0,False,False,0.243,Low,29.8,19.8,181.1,0.131,0.303,0.958,Normal free-flow traffic - standard signal timing maintained
EVT419906,2025-03-29 09:13:20,Concert,J009,Majestic,12090,Weekend,False,Clear,False,0.0,False,False,0.893,Severe,10.7,69.8,354.2,0.142,0.329,0.942,Heavy congestion detected - signal timing extended and reroute suggested
EVT419907,2025-04-01 16:00:00,Political Rally,J012,Koramangala Sony World,18457,Weekday,False,Clear,False,0.0,False,False,0.477,Moderate,21.2,29.8,413.6,0.273,0.63,0.961,Moderate traffic flow - standard adaptive signal timing in effect
EVT419908,2026-04-18 23:15:19,Local Market Day,J031,Cubbon Road,4665,Weekend,False,Clear,False,0.0,False,False,0.28,Low,29.8,26.8,152.6,0.134,0.31,0.974,Moderate traffic flow - standard adaptive signal timing in effect
EVT419909,2025-01-30 06:49:44,Local Market Day,J011,Indiranagar 100ft Road,2402,Weekday,False,Clear,False,0.0,False,False,0.409,Moderate,31.6,33.0,174.9,0.146,0.337,0.971,Moderate traffic flow - standard adaptive signal timing in effect
EVT419910,2025-06-22 13:23:55,Trade Fair,J031,Cubbon Road,11442,Weekend,False,Heavy Rain,True,42.5,False,False,0.665,High,16.0,49.0,311.5,0.16,0.37,0.91,Heavy rain reducing visibility and grip - reduced speed and longer buffer advised
EVT419911,2025-03-12 08:28:21,Trade Fair,J040,City Market,8936,Weekday,False,Fog,False,0.0,False,False,0.909,Severe,14.8,58.8,336.5,0.186,0.43,0.931,Heavy congestion detected - signal timing extended and reroute suggested
EVT419912,2025-08-11 13:58:12,Trade Fair,J009,Majestic,4390,Weekday,False,Clear,False,0.0,False,False,0.221,Low,30.9,12.5,69.6,0.054,0.125,0.942,Normal free-flow traffic - standard signal timing maintained
EVT419913,2025-06-13 07:25:21,Political Rally,J023,Basavanagudi,18704,Weekday,False,Clear,False,0.0,False,False,0.634,High,24.7,45.7,191.7,0.145,0.334,0.947,Moderate traffic flow - standard adaptive signal timing in effect
EVT419914,2025-12-02 15:51:45,Local Market Day,J009,Majestic,4193,Weekday,False,Clear,False,0.0,False,False,0.344,Low,30.5,25.3,248.9,0.208,0.479,0.99,Moderate traffic flow - standard adaptive signal timing in effect
EVT419915,2026-04-17 19:16:17,Local Market Day,J030,MG Road,4459,Weekday,False,Clear,False,0.0,False,False,0.877,Severe,14.9,59.3,288.7,0.163,0.376,0.929,Heavy congestion detected - signal timing extended and reroute suggested
EVT419916,2026-06-17 10:17:24,Trade Fair,J009,Majestic,12023,Weekday,False,Clear,False,0.0,False,False,0.757,Severe,20.0,53.3,228.0,0.147,0.341,0.964,Heavy congestion detected - signal timing extended and reroute suggested
EVT419917,2025-10-01 12:49:55,Sports Fixture,J040,City Market,16473,Weekday,False,Rain,True,16.5,False,False,0.404,Moderate,32.6,27.9,115.7,0.107,0.247,0.891,Light rain detected - minor speed reduction advised
EVT419918,2025-04-25 08:03:46,Local Market Day,J031,Cubbon Road,5910,Weekday,False,Clear,False,0.0,False,False,0.823,Severe,15.4,59.4,296.2,0.166,0.384,0.919,Heavy congestion detected - signal timing extended and reroute suggested
EVT419919,2025-10-24 19:29:42,Local Market Day,J020,Malleshwaram Circle,5480,Weekday,False,Rain,True,16.8,False,False,1.0,Severe,8.1,68.8,616.2,0.199,0.46,0.888,Heavy rain reducing visibility and grip - reduced speed and longer buffer advised
EVT419920,2026-01-28 11:56:27,Trade Fair,J031,Cubbon Road,18384,Weekday,False,Clear,False,0.0,False,False,0.439,Moderate,26.7,30.1,137.5,0.093,0.214,0.989,Moderate traffic flow - standard adaptive signal timing in effect
EVT419921,2025-08-28 15:36:38,Cultural Procession,J031,Cubbon Road,20428,Weekday,True,Clear,False,0.0,False,True,0.801,High,15.2,86.3,342.4,0.182,0.419,0.873,Road closure for event/procession - full detour recommended for through-traffic
EVT419922,2025-04-19 09:08:24,Local Market Day,J020,Malleshwaram Circle,3854,Weekend,False,Clear,False,0.0,False,False,0.978,Severe,9.2,75.5,463.8,0.173,0.4,0.927,Heavy congestion detected - signal timing extended and reroute suggested
EVT419923,2025-05-09 19:03:09,Trade Fair,J030,MG Road,16711,Weekday,False,Clear,False,0.0,False,False,1.0,Severe,9.2,74.7,429.2,0.154,0.356,0.887,Heavy congestion detected - signal timing extended and reroute suggested
EVT419924,2026-05-21 17:14:57,Political Rally,J040,City Market,25703,Weekday,False,Clear,False,0.0,False,False,0.951,Severe,10.2,69.5,653.8,0.239,0.553,0.929,Heavy congestion detected - signal timing extended and reroute suggested
EVT419925,2025-09-22 15:41:13,Concert,J012,Koramangala Sony World,6603,Weekday,False,Heavy Rain,True,28.0,False,False,0.626,High,20.7,47.7,218.5,0.146,0.337,0.938,Heavy rain reducing visibility and grip - reduced speed and longer buffer advised
EVT419926,2025-04-17 08:13:21,Local Market Day,J040,City Market,3030,Weekday,False,Clear,False,0.0,False,False,0.838,Severe,15.1,59.3,221.0,0.114,0.264,0.944,Heavy congestion detected - signal timing extended and reroute suggested
EVT419927,2026-06-22 21:41:02,Concert,J009,Majestic,3178,Weekday,False,Clear,False,0.0,False,False,0.326,Low,31.3,23.2,143.8,0.112,0.258,0.948,Moderate traffic flow - standard adaptive signal timing in effect
EVT419928,2025-08-19 12:11:11,Local Market Day,J040,City Market,8210,Weekday,False,Clear,False,0.0,False,False,0.303,Low,30.7,21.0,159.6,0.138,0.319,0.961,Moderate traffic flow - standard adaptive signal timing in effect
EVT419929,2025-12-28 08:01:23,Political Rally,J011,Indiranagar 100ft Road,18547,Weekend,False,Clear,False,0.0,False,False,0.817,Severe,16.2,62.8,250.1,0.142,0.329,0.968,Heavy congestion detected - signal timing extended and reroute suggested
EVT419930,2025-12-03 21:07:15,Concert,J040,City Market,11765,Weekday,False,Fog,False,0.0,False,False,0.519,Moderate,28.1,30.7,130.4,0.109,0.253,0.959,Moderate traffic flow - standard adaptive signal timing in effect
EVT419931,2026-03-21 08:39:35,Local Market Day,J011,Indiranagar 100ft Road,2388,Weekend,False,Clear,False,0.0,False,False,0.853,Severe,14.7,64.0,430.9,0.239,0.553,0.924,Heavy congestion detected - signal timing extended and reroute suggested
EVT419932,2025-04-19 00:30:50,Local Market Day,J023,Basavanagudi,5172,Weekend,False,Clear,False,0.0,False,False,0.272,Low,32.2,21.0,213.5,0.182,0.422,0.956,Moderate traffic flow - standard adaptive signal timing in effect
EVT419933,2025-11-03 09:17:32,Local Market Day,J020,Malleshwaram Circle,5102,Weekday,False,Clear,False,0.0,False,False,0.984,Severe,8.8,71.3,306.0,0.112,0.259,0.925,Heavy congestion detected - signal timing extended and reroute suggested
EVT419934,2026-02-05 07:36:59,Sports Fixture,J020,Malleshwaram Circle,15647,Weekday,False,Clear,False,0.0,False,False,0.809,Severe,12.7,54.7,461.9,0.201,0.465,0.956,Heavy congestion detected - signal timing extended and reroute suggested
EVT419935,2025-04-16 22:57:33,Trade Fair,J031,Cubbon Road,15499,Weekday,False,Clear,False,0.0,False,False,0.241,Low,28.9,22.0,138.3,0.108,0.249,0.973,Normal free-flow traffic - standard signal timing maintained
EVT419936,2025-05-02 20:54:34,Religious Festival,J009,Majestic,35131,Weekday,True,Clear,False,0.0,False,True,1.0,Severe,9.0,100.7,634.7,0.229,0.528,0.84,Road closure for event/procession - full detour recommended for through-traffic
EVT419937,2026-03-03 11:21:43,Trade Fair,J031,Cubbon Road,8986,Weekday,False,Clear,False,0.0,False,False,0.394,Moderate,29.5,28.6,222.3,0.18,0.416,0.99,Moderate traffic flow - standard adaptive signal timing in effect
EVT419938,2025-08-19 17:26:24,Sports Fixture,J011,Indiranagar 100ft Road,21663,Weekday,False,Clear,False,0.0,False,False,0.968,Severe,10.2,73.9,465.5,0.213,0.492,0.885,Heavy congestion detected - signal timing extended and reroute suggested
EVT419939,2025-03-13 15:47:24,Local Market Day,J011,Indiranagar 100ft Road,4550,Weekday,False,Clear,False,0.0,False,False,0.379,Moderate,25.3,25.2,245.8,0.164,0.38,0.978,Moderate traffic flow - standard adaptive signal timing in effect
EVT419940,2025-05-18 18:32:41,Local Market Day,J012,Koramangala Sony World,3529,Weekend,False,Clear,False,0.0,False,False,0.875,Severe,9.5,65.6,688.1,0.251,0.579,0.933,Heavy congestion detected - signal timing extended and reroute suggested
EVT419941,2025-07-26 12:53:13,Sports Fixture,J012,Koramangala Sony World,27701,Weekend,False,Clear,False,0.0,False,False,0.395,Moderate,30.9,24.1,122.1,0.11,0.253,0.981,Moderate traffic flow - standard adaptive signal timing in effect
EVT419942,2025-11-14 08:10:55,Local Market Day,J040,City Market,4215,Weekday,False,Clear,False,0.0,False,False,0.785,Severe,15.0,58.2,283.9,0.148,0.341,0.938,Heavy congestion detected - signal timing extended and reroute suggested
EVT419943,2025-08-30 18:27:30,Political Rally,J040,City Market,16103,Weekend,False,Clear,False,0.0,False,False,0.94,Severe,10.4,75.8,620.0,0.263,0.608,0.936,Heavy congestion detected - signal timing extended and reroute suggested
EVT419944,2025-10-10 19:47:58,Sports Fixture,J020,Malleshwaram Circle,12095,Weekday,False,Clear,False,0.0,False,False,0.89,Severe,12.3,63.8,401.4,0.188,0.435,0.945,Heavy congestion detected - signal timing extended and reroute suggested
EVT419945,2025-06-06 17:20:55,Sports Fixture,J040,City Market,15895,Weekday,False,Heavy Rain,True,43.0,False,False,1.0,Severe,10.2,72.6,289.7,0.127,0.293,0.862,Heavy rain reducing visibility and grip - reduced speed and longer buffer advised
EVT419946,2026-05-25 16:59:39,Local Market Day,J011,Indiranagar 100ft Road,3350,Weekday,False,Clear,False,0.0,False,False,0.704,High,19.7,50.2,355.7,0.226,0.521,0.953,Moderate traffic flow - standard adaptive signal timing in effect
EVT419947,2026-04-01 11:38:16,Local Market Day,J020,Malleshwaram Circle,2989,Weekday,False,Clear,False,0.0,False,False,0.225,Low,33.1,21.8,166.8,0.154,0.357,0.97,Normal free-flow traffic - standard signal timing maintained
EVT419948,2026-05-19 16:21:32,Political Rally,J040,City Market,17548,Weekday,False,Clear,False,0.0,False,False,0.601,High,24.0,41.1,188.0,0.142,0.328,0.982,Moderate traffic flow - standard adaptive signal timing in effect
EVT419949,2025-03-08 20:39:09,Sports Fixture,J040,City Market,18484,Weekend,False,Clear,False,0.0,False,False,0.596,High,17.5,47.3,394.7,0.227,0.524,0.953,Moderate traffic flow - standard adaptive signal timing in effect
EVT419950,2025-09-23 22:21:49,Local Market Day,J040,City Market,8208,Weekday,False,Heavy Rain,True,40.5,False,False,0.681,High,16.0,54.4,335.4,0.173,0.4,0.909,Heavy rain reducing visibility and grip - reduced speed and longer buffer advised
EVT419951,2025-08-22 09:15:14,Sports Fixture,J023,Basavanagudi,18794,Weekday,False,Heavy Rain,True,82.2,False,False,1.0,Severe,7.6,74.3,687.7,0.228,0.526,0.841,Heavy rain reducing visibility and grip - reduced speed and longer buffer advised
EVT419952,2025-02-11 17:42:39,Local Market Day,J009,Majestic,2638,Weekday,False,Clear,False,0.0,False,False,0.901,Severe,11.4,71.2,449.0,0.194,0.447,0.912,Heavy congestion detected - signal timing extended and reroute suggested
EVT419953,2026-06-17 06:39:33,Local Market Day,J030,MG Road,4007,Weekday,False,Heavy Rain,True,26.6,False,False,0.634,High,16.9,43.0,249.1,0.133,0.306,0.923,Heavy rain reducing visibility and grip - reduced speed and longer buffer advised
EVT419954,2026-03-01 17:20:24,Political Rally,J012,Koramangala Sony World,15096,Weekend,False,Clear,False,0.0,False,False,0.798,Severe,14.1,60.0,487.7,0.249,0.574,0.97,Heavy congestion detected - signal timing extended and reroute suggested
EVT419955,2025-03-10 07:33:57,Local Market Day,J020,Malleshwaram Circle,3888,Weekday,False,Clear,False,0.0,False,False,0.676,High,19.0,50.6,261.9,0.179,0.414,0.952,Moderate traffic flow - standard adaptive signal timing in effect
EVT419956,2026-05-13 18:10:38,Political Rally,J023,Basavanagudi,21215,Weekday,False,Clear,False,0.0,False,False,1.0,Severe,8.0,65.0,699.9,0.211,0.487,0.925,Heavy congestion detected - signal timing extended and reroute suggested
EVT419957,2025-01-04 11:11:39,Trade Fair,J023,Basavanagudi,12670,Weekend,False,Clear,False,0.0,False,False,0.437,Moderate,23.0,36.5,288.3,0.188,0.434,0.974,Moderate traffic flow - standard adaptive signal timing in effect
EVT419958,2025-06-23 23:08:59,Concert,J040,City Market,22728,Weekday,False,Clear,False,0.0,False,False,0.266,Low,31.5,18.3,121.3,0.095,0.219,0.976,Moderate traffic flow - standard adaptive signal timing in effect
EVT419959,2026-03-27 13:33:49,Cultural Procession,J031,Cubbon Road,21425,Weekday,True,Clear,False,0.0,False,True,0.62,Moderate,19.5,56.5,329.1,0.178,0.411,0.901,Road closure for event/procession - full detour recommended for through-traffic
EVT419960,2025-01-03 07:34:42,Local Market Day,J020,Malleshwaram Circle,2352,Weekday,False,Clear,False,0.0,False,False,0.635,High,21.9,48.6,189.6,0.131,0.302,0.95,Moderate traffic flow - standard adaptive signal timing in effect
EVT419961,2025-09-14 15:21:42,Trade Fair,J020,Malleshwaram Circle,14705,Weekend,False,Clear,False,0.0,False,False,0.389,Moderate,24.6,30.5,210.0,0.154,0.356,0.962,Moderate traffic flow - standard adaptive signal timing in effect
EVT419962,2026-05-29 23:25:28,Sports Fixture,J030,MG Road,22123,Weekday,False,Heavy Rain,True,29.8,False,False,0.615,High,19.5,41.6,260.8,0.151,0.348,0.937,Heavy rain reducing visibility and grip - reduced speed and longer buffer advised
EVT419963,2025-12-08 07:20:26,Trade Fair,J030,MG Road,13436,Weekday,False,Clear,False,0.0,False,False,0.671,High,19.1,49.8,314.9,0.206,0.476,0.972,Moderate traffic flow - standard adaptive signal timing in effect
EVT419964,2025-05-20 11:19:58,Trade Fair,J023,Basavanagudi,11557,Weekday,False,Rain,True,10.7,True,False,0.932,Severe,11.3,63.9,372.9,0.183,0.424,0.687,Accident detected nearby - reroute and reduced speed advised
EVT419965,2025-11-24 20:45:24,Trade Fair,J011,Indiranagar 100ft Road,7527,Weekday,False,Clear,False,0.0,False,False,0.466,Moderate,28.0,33.6,252.4,0.2,0.463,0.956,Moderate traffic flow - standard adaptive signal timing in effect
EVT419966,2026-06-11 16:09:13,Local Market Day,J020,Malleshwaram Circle,2067,Weekday,False,Heavy Rain,True,43.7,False,False,0.747,High,17.4,57.6,271.3,0.165,0.381,0.897,Heavy rain reducing visibility and grip - reduced speed and longer buffer advised
EVT419967,2025-12-24 16:34:43,Sports Fixture,J040,City Market,15268,Weekday,False,Rain,True,9.5,False,False,0.806,Severe,15.1,54.6,366.3,0.193,0.446,0.936,Heavy rain reducing visibility and grip - reduced speed and longer buffer advised
EVT419968,2025-09-26 16:17:33,Concert,J012,Koramangala Sony World,8843,Weekday,False,Rain,True,22.6,False,False,0.761,Severe,15.4,57.3,262.7,0.154,0.355,0.925,Heavy rain reducing visibility and grip - reduced speed and longer buffer advised
EVT419969,2025-04-12 21:09:39,Political Rally,J020,Malleshwaram Circle,16768,Weekend,False,Clear,False,0.0,False,False,0.575,High,19.5,46.6,115.1,0.053,0.123,0.963,Moderate traffic flow - standard adaptive signal timing in effect
EVT419970,2026-06-17 19:35:31,Local Market Day,J040,City Market,3918,Weekday,False,Clear,False,0.0,False,False,1.0,Severe,7.6,69.1,261.1,0.102,0.235,0.912,Heavy congestion detected - signal timing extended and reroute suggested
EVT419971,2026-02-13 13:27:24,Sports Fixture,J030,MG Road,15504,Weekday,False,Clear,False,0.0,False,False,0.282,Low,25.3,19.7,137.9,0.093,0.214,0.967,Moderate traffic flow - standard adaptive signal timing in effect
EVT419972,2025-12-18 08:49:02,Sports Fixture,J031,Cubbon Road,36359,Weekday,False,Clear,False,0.0,False,False,1.0,Severe,8.8,70.2,742.8,0.27,0.623,0.909,Heavy congestion detected - signal timing extended and reroute suggested
EVT419973,2025-11-05 10:07:34,Local Market Day,J011,Indiranagar 100ft Road,4630,Weekday,False,Heavy Rain,True,25.2,False,False,1.0,Severe,9.5,73.5,301.2,0.132,0.304,0.857,Heavy rain reducing visibility and grip - reduced speed and longer buffer advised
EVT419974,2026-03-30 19:12:17,Concert,J040,City Market,9520,Weekday,False,Clear,False,0.0,False,False,0.941,Severe,8.4,69.4,485.4,0.174,0.401,0.911,Heavy congestion detected - signal timing extended and reroute suggested
EVT419975,2025-07-18 21:46:06,Political Rally,J020,Malleshwaram Circle,19705,Weekday,False,Rain,True,16.5,False,False,0.528,Moderate,19.8,32.7,279.5,0.157,0.362,0.902,Light rain detected - minor speed reduction advised
EVT419976,2025-08-07 10:37:05,Concert,J031,Cubbon Road,17129,Weekday,False,Heavy Rain,True,28.2,False,False,0.99,Severe,6.5,71.2,739.0,0.231,0.533,0.861,Heavy rain reducing visibility and grip - reduced speed and longer buffer advised
EVT419977,2025-11-12 20:56:32,Sports Fixture,J023,Basavanagudi,17670,Weekday,False,Clear,False,0.0,False,False,0.522,Moderate,23.6,37.7,177.4,0.115,0.265,0.982,Moderate traffic flow - standard adaptive signal timing in effect
EVT419978,2026-02-23 16:56:43,Concert,J011,Indiranagar 100ft Road,7455,Weekday,False,Clear,False,0.0,False,False,0.744,High,19.8,51.1,154.2,0.098,0.227,0.974,Moderate traffic flow - standard adaptive signal timing in effect
EVT419979,2025-09-22 09:37:28,Sports Fixture,J023,Basavanagudi,28397,Weekday,False,Clear,False,0.0,False,False,1.0,Severe,8.6,73.3,635.9,0.23,0.53,0.925,Heavy congestion detected - signal timing extended and reroute suggested
EVT419980,2026-01-16 13:19:51,Local Market Day,J011,Indiranagar 100ft Road,4009,Weekday,False,Clear,False,0.0,False,False,0.137,Low,36.7,11.0,49.6,0.021,0.048,0.955,Normal free-flow traffic - standard signal timing maintained
EVT419981,2025-03-24 15:17:14,Sports Fixture,J020,Malleshwaram Circle,20649,Weekday,False,Clear,False,0.0,False,False,0.356,Moderate,32.0,20.8,228.0,0.193,0.446,0.951,Moderate traffic flow - standard adaptive signal timing in effect
EVT419982,2025-09-26 18:54:04,Local Market Day,J012,Koramangala Sony World,4267,Weekday,False,Heavy Rain,True,60.4,False,False,1.0,Severe,8.1,70.7,437.5,0.154,0.356,0.836,Heavy rain reducing visibility and grip - reduced speed and longer buffer advised
EVT419983,2025-11-29 12:09:16,Local Market Day,J020,Malleshwaram Circle,3830,Weekend,False,Clear,False,0.0,False,False,0.2,Low,29.9,13.8,150.9,0.107,0.248,0.963,Normal free-flow traffic - standard signal timing maintained
EVT419984,2025-07-11 18:06:08,Local Market Day,J023,Basavanagudi,2860,Weekday,False,Clear,False,0.0,False,False,0.947,Severe,10.6,64.1,608.8,0.247,0.571,0.934,Heavy congestion detected - signal timing extended and reroute suggested
EVT419985,2025-06-07 17:25:00,Local Market Day,J011,Indiranagar 100ft Road,2759,Weekend,False,Clear,False,0.0,False,False,0.736,High,17.2,49.1,253.5,0.139,0.321,0.973,Moderate traffic flow - standard adaptive signal timing in effect
EVT419986,2026-06-16 07:36:30,Local Market Day,J040,City Market,7725,Weekday,False,Clear,False,0.0,False,False,0.647,High,18.5,46.6,274.5,0.18,0.417,0.99,Moderate traffic flow - standard adaptive signal timing in effect
EVT419987,2026-04-26 19:34:44,Sports Fixture,J012,Koramangala Sony World,25194,Weekend,False,Clear,False,0.0,False,False,0.9,Severe,13.5,67.2,348.0,0.171,0.395,0.936,Heavy congestion detected - signal timing extended and reroute suggested
EVT419988,2025-01-10 17:08:31,Sports Fixture,J031,Cubbon Road,22480,Weekday,False,Clear,False,0.0,False,False,0.948,Severe,12.9,70.8,221.2,0.143,0.33,0.917,Heavy congestion detected - signal timing extended and reroute suggested
EVT419989,2026-04-18 21:21:06,Local Market Day,J031,Cubbon Road,2780,Weekend,False,Clear,False,0.0,False,False,0.354,Moderate,22.7,28.8,149.6,0.104,0.24,0.933,Moderate traffic flow - standard adaptive signal timing in effect
EVT419990,2026-02-28 09:58:59,Local Market Day,J031,Cubbon Road,4923,Weekend,False,Clear,False,0.0,False,False,0.846,Severe,11.8,64.0,393.3,0.172,0.398,0.925,Heavy congestion detected - signal timing extended and reroute suggested
EVT419991,2026-06-12 06:48:45,Local Market Day,J030,MG Road,6908,Weekday,False,Rain,True,23.9,False,False,0.629,High,17.0,50.6,183.1,0.104,0.241,0.897,Heavy rain reducing visibility and grip - reduced speed and longer buffer advised
EVT419992,2026-04-21 07:02:44,Trade Fair,J009,Majestic,9334,Weekday,False,Clear,False,0.0,False,False,0.55,High,28.5,44.1,172.2,0.114,0.262,0.968,Moderate traffic flow - standard adaptive signal timing in effect
EVT419993,2025-04-15 23:50:07,Religious Festival,J030,MG Road,42105,Weekday,True,Clear,False,0.0,False,True,0.779,High,17.6,78.2,238.0,0.122,0.283,0.865,Road closure for event/procession - full detour recommended for through-traffic
EVT419994,2025-11-20 10:38:07,Sports Fixture,J009,Majestic,24663,Weekday,False,Clear,False,0.0,False,False,0.73,High,18.4,49.5,275.3,0.169,0.391,0.966,Moderate traffic flow - standard adaptive signal timing in effect
EVT419995,2025-07-19 13:44:33,Local Market Day,J009,Majestic,3258,Weekend,False,Clear,False,0.0,False,False,0.242,Low,29.3,19.0,180.1,0.137,0.318,0.945,Normal free-flow traffic - standard signal timing maintained
EVT419996,2025-09-23 09:46:03,Concert,J023,Basavanagudi,10803,Weekday,False,Clear,False,0.0,False,False,0.96,Severe,9.1,66.5,531.8,0.182,0.42,0.948,Heavy congestion detected - signal timing extended and reroute suggested
EVT419997,2025-06-30 20:16:18,Trade Fair,J009,Majestic,11138,Weekday,False,Rain,True,17.3,False,False,0.922,Severe,11.7,65.0,400.7,0.168,0.387,0.885,Heavy rain reducing visibility and grip - reduced speed and longer buffer advised
EVT419998,2025-09-02 08:45:02,Sports Fixture,J009,Majestic,18875,Weekday,False,Clear,False,0.0,False,False,1.0,Severe,8.4,69.5,556.6,0.177,0.409,0.936,Heavy congestion detected - signal timing extended and reroute suggested
EVT419999,2026-02-13 11:07:37,Sports Fixture,J020,Malleshwaram Circle,24577,Weekday,False,Clear,False,0.0,False,False,0.565,High,22.9,38.9,296.5,0.227,0.524,0.966,Moderate traffic flow - standard adaptive signal timing in effect
EVT420000,2025-03-03 18:18:58,Local Market Day,J031,Cubbon Road,2485,Weekday,False,Clear,False,0.0,False,False,0.951,Severe,7.4,69.9,205.6,0.093,0.215,0.92,Heavy congestion detected - signal timing extended and reroute suggested
EVT420001,2025-11-14 08:07:04,Local Market Day,J020,Malleshwaram Circle,2848,Weekday,False,Light Rain,True,6.3,False,False,0.852,Severe,14.2,58.7,220.8,0.124,0.287,0.885,Heavy rain reducing visibility and grip - reduced speed and longer buffer advised
EVT420002,2025-12-15 10:22:51,Trade Fair,J020,Malleshwaram Circle,6576,Weekday,False,Clear,False,0.0,False,False,0.732,High,16.6,59.7,153.6,0.089,0.206,0.938,Moderate traffic flow - standard adaptive signal timing in effect
EVT420003,2026-06-19 14:10:43,Concert,J011,Indiranagar 100ft Road,5824,Weekday,False,Clear,False,0.0,False,False,0.129,Low,38.4,6.5,82.1,0.074,0.171,0.99,Normal free-flow traffic - standard signal timing maintained
EVT420004,2025-12-13 12:29:07,Concert,J030,MG Road,14351,Weekend,False,Clear,False,0.0,False,False,0.37,Moderate,28.3,29.6,197.1,0.128,0.296,0.925,Moderate traffic flow - standard adaptive signal timing in effect
EVT420005,2025-04-27 15:42:19,Political Rally,J011,Indiranagar 100ft Road,21529,Weekend,False,Clear,False,0.0,False,False,0.479,Moderate,25.0,39.1,216.3,0.175,0.405,0.955,Moderate traffic flow - standard adaptive signal timing in effect
EVT420006,2026-01-04 21:08:17,Sports Fixture,J020,Malleshwaram Circle,24818,Weekend,False,Clear,False,0.0,False,False,0.55,High,21.9,42.1,194.6,0.138,0.32,0.977,Moderate traffic flow - standard adaptive signal timing in effect
EVT420007,2025-09-28 18:15:59,Local Market Day,J009,Majestic,2929,Weekend,False,Rain,True,17.1,False,False,0.995,Severe,8.1,75.4,648.1,0.221,0.511,0.859,Heavy rain reducing visibility and grip - reduced speed and longer buffer advised
EVT420008,2026-04-25 08:43:00,Sports Fixture,J031,Cubbon Road,15937,Weekend,False,Clear,False,0.0,False,False,0.973,Severe,7.8,69.0,575.7,0.2,0.462,0.925,Heavy congestion detected - signal timing extended and reroute suggested
EVT420009,2026-03-02 16:00:12,Concert,J040,City Market,9971,Weekday,False,Clear,False,0.0,False,False,0.471,Moderate,26.2,30.0,182.1,0.137,0.317,0.981,Moderate traffic flow - standard adaptive signal timing in effect
EVT420010,2025-12-22 17:25:32,Concert,J012,Koramangala Sony World,14493,Weekday,False,Clear,False,0.0,False,False,0.857,Severe,10.5,49.7,367.5,0.168,0.387,0.947,Heavy congestion detected - signal timing extended and reroute suggested
EVT420011,2025-08-01 20:31:31,Concert,J011,Indiranagar 100ft Road,10849,Weekday,False,Clear,False,0.0,False,False,0.531,Moderate,19.6,34.3,155.8,0.098,0.226,0.952,Moderate traffic flow - standard adaptive signal timing in effect
EVT420012,2025-01-25 19:06:12,Concert,J031,Cubbon Road,7931,Weekend,False,Clear,False,0.0,False,False,0.863,Severe,12.7,64.4,641.8,0.277,0.64,0.943,Heavy congestion detected - signal timing extended and reroute suggested
EVT420013,2026-05-23 06:31:59,Local Market Day,J011,Indiranagar 100ft Road,4577,Weekend,False,Clear,False,0.0,False,False,0.418,Moderate,31.5,27.6,180.8,0.159,0.366,0.958,Moderate traffic flow - standard adaptive signal timing in effect
EVT420014,2025-09-22 09:36:53,Concert,J023,Basavanagudi,7010,Weekday,False,Clear,False,0.0,False,False,0.932,Severe,8.4,69.2,512.5,0.144,0.332,0.938,Heavy congestion detected - signal timing extended and reroute suggested
EVT420015,2026-05-04 16:21:10,Trade Fair,J009,Majestic,8549,Weekday,False,Clear,False,0.0,False,False,0.549,Moderate,24.7,40.0,110.5,0.061,0.14,0.955,Moderate traffic flow - standard adaptive signal timing in effect
EVT420016,2025-12-29 19:33:07,Trade Fair,J011,Indiranagar 100ft Road,8011,Weekday,False,Clear,False,0.0,False,False,0.901,Severe,11.3,66.6,304.9,0.119,0.275,0.927,Heavy congestion detected - signal timing extended and reroute suggested
EVT420017,2026-01-04 09:18:29,Local Market Day,J011,Indiranagar 100ft Road,4108,Weekend,False,Clear,False,0.0,False,False,0.77,Severe,12.6,57.4,385.9,0.156,0.36,0.939,Heavy congestion detected - signal timing extended and reroute suggested
EVT420018,2026-03-27 17:50:32,Cultural Procession,J011,Indiranagar 100ft Road,10391,Weekday,True,Clear,False,0.0,False,False,1.0,Severe,9.1,70.8,375.6,0.148,0.343,0.865,Festival crowd surge detected - alternate route and extended cycle recommended
EVT420019,2025-08-20 16:39:57,Concert,J020,Malleshwaram Circle,6198,Weekday,False,Clear,False,0.0,False,False,0.668,High,17.8,50.4,293.4,0.161,0.373,0.981,Moderate traffic flow - standard adaptive signal timing in effect
EVT420020,2026-03-01 17:13:39,Local Market Day,J009,Majestic,3341,Weekend,False,Clear,False,0.0,False,False,0.612,High,21.0,40.0,195.2,0.12,0.278,0.99,Moderate traffic flow - standard adaptive signal timing in effect
EVT420021,2026-05-13 20:24:39,Sports Fixture,J031,Cubbon Road,23705,Weekday,False,Clear,False,0.0,False,False,0.741,High,17.2,61.3,147.4,0.087,0.201,0.982,Moderate traffic flow - standard adaptive signal timing in effect
EVT420022,2026-01-14 14:28:31,Religious Festival,J020,Malleshwaram Circle,54459,Weekday,True,Clear,False,0.0,False,True,0.821,High,8.3,85.8,792.2,0.256,0.591,0.853,Road closure for event/procession - full detour recommended for through-traffic
EVT420023,2026-03-06 21:05:38,Local Market Day,J011,Indiranagar 100ft Road,3209,Weekday,False,Light Rain,True,3.2,False,False,0.399,Moderate,32.9,31.0,140.3,0.132,0.306,0.912,Light rain detected - minor speed reduction advised
EVT420024,2025-12-19 07:11:13,Local Market Day,J020,Malleshwaram Circle,4905,Weekday,False,Clear,False,0.0,False,False,0.507,Moderate,21.3,35.7,300.8,0.186,0.43,0.961,Moderate traffic flow - standard adaptive signal timing in effect
EVT420025,2025-09-08 04:24:10,Local Market Day,J011,Indiranagar 100ft Road,3300,Weekday,False,Clear,False,0.0,False,False,0.145,Low,37.8,10.6,101.7,0.083,0.193,0.969,Normal free-flow traffic - standard signal timing maintained
EVT420026,2026-03-23 14:53:22,Local Market Day,J040,City Market,4493,Weekday,False,Clear,False,0.0,False,False,0.189,Low,29.3,9.6,132.0,0.105,0.242,0.969,Normal free-flow traffic - standard signal timing maintained
EVT420027,2026-05-26 18:13:49,Concert,J020,Malleshwaram Circle,25826,Weekday,False,Clear,False,0.0,False,False,1.0,Severe,8.5,70.0,772.2,0.279,0.643,0.9,Heavy congestion detected - signal timing extended and reroute suggested
EVT420028,2026-03-17 13:32:47,Trade Fair,J011,Indiranagar 100ft Road,11851,Weekday,False,Clear,False,0.0,False,False,0.329,Low,34.4,20.2,177.4,0.174,0.401,0.986,Moderate traffic flow - standard adaptive signal timing in effect
EVT420029,2026-04-26 13:59:01,Concert,J030,MG Road,13279,Weekend,False,Clear,False,0.0,False,False,0.342,Low,26.6,25.6,239.8,0.171,0.395,0.971,Moderate traffic flow - standard adaptive signal timing in effect
EVT420030,2025-06-06 20:58:16,Trade Fair,J009,Majestic,7919,Weekday,False,Clear,False,0.0,False,False,0.468,Moderate,28.9,33.5,170.2,0.118,0.273,0.981,Moderate traffic flow - standard adaptive signal timing in effect
EVT420031,2025-04-09 06:01:15,Sports Fixture,J031,Cubbon Road,17862,Weekday,False,Fog,False,0.0,False,False,0.3,Low,24.3,21.0,139.2,0.1,0.231,0.972,Moderate traffic flow - standard adaptive signal timing in effect
EVT420032,2026-03-15 08:15:27,Concert,J030,MG Road,7666,Weekend,False,Clear,False,0.0,False,False,0.822,Severe,12.8,58.8,286.5,0.14,0.323,0.971,Heavy congestion detected - signal timing extended and reroute suggested
EVT420033,2026-03-21 08:06:49,Concert,J023,Basavanagudi,10427,Weekend,False,Clear,False,0.0,False,False,0.748,High,14.9,45.7,200.7,0.106,0.244,0.99,Moderate traffic flow - standard adaptive signal timing in effect
EVT420034,2025-06-02 16:49:41,Local Market Day,J009,Majestic,4620,Weekday,False,Heavy Rain,True,27.1,False,False,0.854,Severe,13.3,62.2,526.3,0.264,0.609,0.892,Heavy rain reducing visibility and grip - reduced speed and longer buffer advised
EVT420035,2026-01-12 15:47:55,Local Market Day,J023,Basavanagudi,2833,Weekday,False,Clear,False,0.0,False,False,0.293,Low,25.1,19.6,151.5,0.105,0.244,0.981,Moderate traffic flow - standard adaptive signal timing in effect
EVT420036,2025-09-28 09:00:37,Concert,J030,MG Road,5760,Weekend,False,Clear,False,0.0,False,False,0.934,Severe,8.6,68.8,448.5,0.165,0.38,0.916,Heavy congestion detected - signal timing extended and reroute suggested
EVT420037,2026-05-23 19:38:54,Political Rally,J020,Malleshwaram Circle,16515,Weekend,False,Rain,True,13.8,False,False,1.0,Severe,6.9,77.0,455.9,0.153,0.354,0.888,Heavy rain reducing visibility and grip - reduced speed and longer buffer advised
EVT420038,2026-05-31 05:36:15,Local Market Day,J040,City Market,2632,Weekend,False,Clear,False,0.0,False,False,0.29,Low,30.1,22.2,126.9,0.081,0.186,0.953,Moderate traffic flow - standard adaptive signal timing in effect
EVT420039,2025-04-21 23:23:19,Concert,J031,Cubbon Road,18452,Weekday,False,Clear,False,0.0,False,False,0.286,Low,29.5,25.2,151.8,0.122,0.282,0.962,Moderate traffic flow - standard adaptive signal timing in effect
EVT420040,2025-01-02 16:34:41,Concert,J031,Cubbon Road,8338,Weekday,False,Clear,False,0.0,False,False,0.591,High,19.6,40.3,243.1,0.162,0.375,0.955,Moderate traffic flow - standard adaptive signal timing in effect
EVT420041,2025-09-12 17:15:52,Local Market Day,J011,Indiranagar 100ft Road,3464,Weekday,False,Rain,True,20.2,False,False,1.0,Severe,8.2,66.7,381.9,0.129,0.297,0.863,Heavy rain reducing visibility and grip - reduced speed and longer buffer advised
EVT420042,2025-12-29 15:27:13,Sports Fixture,J012,Koramangala Sony World,25168,Weekday,False,Clear,False,0.0,False,False,0.523,Moderate,22.0,35.1,84.5,0.049,0.113,0.949,Moderate traffic flow - standard adaptive signal timing in effect
EVT420043,2025-11-06 06:37:05,Political Rally,J040,City Market,14936,Weekday,False,Clear,False,0.0,False,False,0.456,Moderate,25.7,31.0,255.7,0.191,0.442,0.984,Moderate traffic flow - standard adaptive signal timing in effect
EVT420044,2025-08-29 16:30:07,Concert,J011,Indiranagar 100ft Road,11002,Weekday,False,Clear,False,0.0,False,False,0.637,High,20.4,45.8,323.6,0.214,0.494,0.974,Moderate traffic flow - standard adaptive signal timing in effect
EVT420045,2025-05-12 12:32:42,Local Market Day,J012,Koramangala Sony World,5163,Weekday,False,Clear,False,0.0,False,False,0.278,Low,35.7,22.8,196.7,0.169,0.39,0.967,Moderate traffic flow - standard adaptive signal timing in effect
EVT420046,2026-02-08 22:03:10,Local Market Day,J040,City Market,4529,Weekend,False,Clear,False,0.0,True,False,0.668,High,20.9,44.7,190.7,0.127,0.293,0.826,Accident detected nearby - reroute and reduced speed advised
EVT420047,2025-04-10 15:48:03,Local Market Day,J020,Malleshwaram Circle,8843,Weekday,False,Clear,False,0.0,False,False,0.434,Moderate,26.8,37.0,189.7,0.152,0.35,0.954,Moderate traffic flow - standard adaptive signal timing in effect
EVT420048,2025-09-10 17:05:13,Concert,J011,Indiranagar 100ft Road,12097,Weekday,False,Clear,False,0.0,False,False,0.763,Severe,15.3,48.9,298.2,0.172,0.396,0.977,Heavy congestion detected - signal timing extended and reroute suggested
EVT420049,2025-11-02 14:42:08,Religious Festival,J011,Indiranagar 100ft Road,69173,Weekend,True,Clear,False,0.0,False,False,0.966,Severe,9.5,75.2,349.4,0.135,0.311,0.872,Festival crowd surge detected - alternate route and extended cycle recommended
EVT420050,2025-03-28 12:15:51,Political Rally,J012,Koramangala Sony World,20278,Weekday,False,Clear,False,0.0,False,False,0.323,Low,31.8,32.5,137.7,0.113,0.26,0.948,Moderate traffic flow - standard adaptive signal timing in effect
EVT420051,2025-10-10 07:32:19,Political Rally,J009,Majestic,18452,Weekday,False,Clear,False,0.0,False,False,0.724,High,17.7,51.1,521.7,0.324,0.747,0.975,Moderate traffic flow - standard adaptive signal timing in effect
EVT420052,2025-06-22 14:13:37,Political Rally,J031,Cubbon Road,15995,Weekend,False,Clear,False,0.0,False,False,0.289,Low,32.3,23.3,203.8,0.161,0.372,0.954,Moderate traffic flow - standard adaptive signal timing in effect
EVT420053,2026-03-14 07:40:31,Local Market Day,J040,City Market,4853,Weekend,False,Clear,False,0.0,False,False,0.674,High,19.2,43.5,333.1,0.216,0.499,0.967,Moderate traffic flow - standard adaptive signal timing in effect
EVT420054,2026-06-24 11:24:54,Political Rally,J031,Cubbon Road,17023,Weekday,False,Clear,False,0.0,False,False,0.479,Moderate,23.7,28.5,141.4,0.113,0.261,0.967,Moderate traffic flow - standard adaptive signal timing in effect
EVT420055,2025-04-30 15:57:17,Concert,J020,Malleshwaram Circle,6909,Weekday,False,Clear,False,0.0,False,False,0.416,Moderate,32.3,27.2,212.7,0.188,0.434,0.984,Moderate traffic flow - standard adaptive signal timing in effect
EVT420056,2025-10-11 07:04:06,Political Rally,J023,Basavanagudi,17655,Weekend,False,Clear,False,0.0,False,False,0.559,High,27.8,36.9,205.8,0.174,0.402,0.964,Moderate traffic flow - standard adaptive signal timing in effect
EVT420057,2025-03-13 06:03:47,Sports Fixture,J040,City Market,37938,Weekday,False,Clear,False,0.0,False,False,0.406,Moderate,32.0,18.2,202.5,0.183,0.423,0.988,Moderate traffic flow - standard adaptive signal timing in effect
EVT420058,2025-08-20 06:49:33,Concert,J023,Basavanagudi,20138,Weekday,False,Light Rain,True,7.4,False,False,0.534,Moderate,23.1,41.9,237.0,0.164,0.379,0.906,Light rain detected - minor speed reduction advised
EVT420059,2025-04-24 08:35:39,Political Rally,J009,Majestic,16816,Weekday,False,Rain,True,9.1,False,False,1.0,Severe,9.0,73.3,553.1,0.214,0.493,0.858,Heavy rain reducing visibility and grip - reduced speed and longer buffer advised
EVT420060,2025-01-29 17:36:08,Sports Fixture,J012,Koramangala Sony World,17992,Weekday,False,Clear,False,0.0,False,False,0.969,Severe,9.0,63.6,452.6,0.165,0.382,0.929,Heavy congestion detected - signal timing extended and reroute suggested
EVT420061,2025-06-01 10:34:49,Sports Fixture,J009,Majestic,23893,Weekend,False,Clear,False,0.0,False,False,0.685,High,20.2,50.9,264.6,0.171,0.394,0.976,Moderate traffic flow - standard adaptive signal timing in effect
EVT420062,2026-06-09 16:21:34,Local Market Day,J031,Cubbon Road,4009,Weekday,False,Light Rain,True,4.5,False,False,0.596,High,20.9,41.2,258.2,0.167,0.386,0.916,Heavy rain reducing visibility and grip - reduced speed and longer buffer advised
EVT420063,2026-04-30 23:33:47,Sports Fixture,J030,MG Road,15984,Weekday,False,Light Rain,True,5.9,False,False,0.282,Low,25.4,22.8,209.4,0.133,0.308,0.909,Light rain detected - minor speed reduction advised
EVT420064,2026-03-29 06:19:44,Concert,J012,Koramangala Sony World,7354,Weekend,False,Clear,False,0.0,False,False,0.313,Low,32.2,18.5,150.1,0.138,0.319,0.952,Moderate traffic flow - standard adaptive signal timing in effect
EVT420065,2025-05-08 18:58:13,Sports Fixture,J040,City Market,33060,Weekday,False,Light Rain,True,2.6,False,False,1.0,Severe,7.9,69.6,990.4,0.319,0.738,0.877,Heavy rain reducing visibility and grip - reduced speed and longer buffer advised
EVT420066,2025-07-07 17:30:52,Sports Fixture,J011,Indiranagar 100ft Road,37320,Weekday,False,Heavy Rain,True,33.7,False,False,1.0,Severe,9.2,66.6,308.6,0.1,0.23,0.86,Heavy rain reducing visibility and grip - reduced speed and longer buffer advised
EVT420067,2026-04-19 07:33:05,Local Market Day,J009,Majestic,4102,Weekend,False,Clear,False,0.0,False,False,0.565,High,23.1,43.8,129.7,0.081,0.186,0.977,Moderate traffic flow - standard adaptive signal timing in effect
EVT420068,2025-09-25 13:33:48,Local Market Day,J040,City Market,4369,Weekday,False,Clear,False,0.0,False,False,0.14,Low,33.8,11.2,78.9,0.056,0.13,0.987,Normal free-flow traffic - standard signal timing maintained
EVT420069,2026-02-09 09:45:16,Political Rally,J040,City Market,14972,Weekday,False,Clear,False,0.0,False,False,0.95,Severe,11.4,70.8,631.2,0.273,0.631,0.943,Heavy congestion detected - signal timing extended and reroute suggested
EVT420070,2025-01-20 10:24:55,Sports Fixture,J030,MG Road,13447,Weekday,False,Clear,False,0.0,False,False,0.603,High,17.9,48.9,241.0,0.146,0.336,0.965,Moderate traffic flow - standard adaptive signal timing in effect
EVT420071,2025-05-30 15:31:13,Sports Fixture,J023,Basavanagudi,40207,Weekday,False,Clear,False,0.0,False,False,0.563,High,24.1,38.9,342.1,0.268,0.62,0.959,Moderate traffic flow - standard adaptive signal timing in effect
EVT420072,2025-12-25 08:34:44,Religious Festival,J023,Basavanagudi,31800,Weekday,True,Light Rain,True,5.7,False,True,1.0,Severe,11.0,104.0,511.6,0.233,0.537,0.792,Road closure for event/procession - full detour recommended for through-traffic
EVT420073,2025-12-17 18:15:55,Concert,J020,Malleshwaram Circle,17867,Weekday,False,Clear,False,0.0,False,False,1.0,Severe,8.7,66.5,594.8,0.206,0.477,0.923,Heavy congestion detected - signal timing extended and reroute suggested
EVT420074,2025-06-17 09:01:43,Trade Fair,J009,Majestic,8970,Weekday,False,Light Rain,True,4.1,False,False,1.0,Severe,11.2,64.4,568.3,0.263,0.607,0.861,Heavy rain reducing visibility and grip - reduced speed and longer buffer advised
EVT420075,2025-01-12 04:25:01,Trade Fair,J020,Malleshwaram Circle,12477,Weekend,False,Clear,False,0.0,False,False,0.35,Low,28.1,22.3,180.5,0.127,0.294,0.975,Moderate traffic flow - standard adaptive signal timing in effect
EVT420076,2025-01-24 23:06:52,Local Market Day,J011,Indiranagar 100ft Road,4141,Weekday,False,Light Rain,True,1.5,False,False,0.254,Low,34.9,22.2,120.8,0.113,0.26,0.937,Light rain detected - minor speed reduction advised
EVT420077,2025-06-17 15:35:15,Local Market Day,J020,Malleshwaram Circle,3210,Weekday,False,Heavy Rain,True,86.0,False,False,0.71,High,18.7,49.2,250.9,0.125,0.288,0.921,Heavy rain reducing visibility and grip - reduced speed and longer buffer advised
EVT420078,2025-11-02 09:31:02,Fireworks Display,J009,Majestic,26512,Weekend,True,Clear,False,0.0,True,False,1.0,Severe,8.6,67.2,576.1,0.207,0.479,0.702,Accident detected nearby - reroute and reduced speed advised
EVT420079,2026-02-02 08:35:34,Local Market Day,J020,Malleshwaram Circle,3150,Weekday,False,Clear,False,0.0,False,False,1.0,Severe,8.5,73.4,680.6,0.26,0.601,0.9,Heavy congestion detected - signal timing extended and reroute suggested
EVT420080,2025-04-11 05:26:18,Political Rally,J023,Basavanagudi,19614,Weekday,False,Clear,False,0.0,False,False,0.255,Low,30.1,24.7,117.2,0.089,0.206,0.974,Moderate traffic flow - standard adaptive signal timing in effect
EVT420081,2026-04-18 10:15:25,Local Market Day,J020,Malleshwaram Circle,4359,Weekend,False,Clear,False,0.0,False,False,0.568,High,23.0,40.2,265.9,0.177,0.408,0.939,Moderate traffic flow - standard adaptive signal timing in effect
EVT420082,2026-01-15 18:42:21,Religious Festival,J030,MG Road,28975,Weekday,True,Clear,False,0.0,False,False,1.0,Severe,8.8,71.1,231.3,0.086,0.199,0.875,Festival crowd surge detected - alternate route and extended cycle recommended
EVT420083,2026-01-29 18:24:11,Trade Fair,J030,MG Road,12706,Weekday,False,Clear,False,0.0,False,False,1.0,Severe,8.4,67.2,318.0,0.109,0.253,0.903,Heavy congestion detected - signal timing extended and reroute suggested
EVT420084,2025-12-26 17:06:21,Religious Festival,J012,Koramangala Sony World,27261,Weekday,True,Clear,False,0.0,False,False,1.0,Severe,7.9,71.6,697.4,0.22,0.507,0.857,Festival crowd surge detected - alternate route and extended cycle recommended
EVT420085,2026-01-05 18:24:02,Concert,J011,Indiranagar 100ft Road,7876,Weekday,False,Clear,False,0.0,False,False,1.0,Severe,7.9,70.5,656.8,0.209,0.482,0.905,Heavy congestion detected - signal timing extended and reroute suggested
EVT420086,2025-12-07 19:06:33,Local Market Day,J020,Malleshwaram Circle,5661,Weekend,False,Clear,False,0.0,False,False,0.841,Severe,16.1,55.3,348.8,0.225,0.521,0.959,Heavy congestion detected - signal timing extended and reroute suggested
EVT420087,2026-02-02 09:55:08,Concert,J011,Indiranagar 100ft Road,8660,Weekday,False,Clear,False,0.0,False,False,0.855,Severe,10.0,65.9,408.0,0.16,0.371,0.943,Heavy congestion detected - signal timing extended and reroute suggested
EVT420088,2025-05-31 06:29:45,Local Market Day,J040,City Market,8086,Weekend,False,Clear,False,0.0,False,False,0.41,Moderate,31.2,28.2,194.7,0.167,0.385,0.96,Moderate traffic flow - standard adaptive signal timing in effect
EVT420089,2025-03-23 08:38:03,Trade Fair,J020,Malleshwaram Circle,8731,Weekend,False,Clear,False,0.0,False,False,0.844,Severe,14.7,52.8,444.2,0.249,0.575,0.945,Heavy congestion detected - signal timing extended and reroute suggested
EVT420090,2025-07-21 10:30:59,Trade Fair,J040,City Market,10188,Weekday,False,Clear,False,0.0,False,False,0.701,High,19.9,55.3,150.2,0.1,0.232,0.941,Moderate traffic flow - standard adaptive signal timing in effect
EVT420091,2025-02-07 08:00:20,Local Market Day,J020,Malleshwaram Circle,4989,Weekday,False,Clear,False,0.0,False,False,0.751,Severe,13.1,60.1,279.0,0.13,0.3,0.99,Heavy congestion detected - signal timing extended and reroute suggested
EVT420092,2025-01-24 17:45:11,Trade Fair,J031,Cubbon Road,15770,Weekday,False,Light Rain,True,3.6,False,False,1.0,Severe,8.3,78.4,847.8,0.315,0.727,0.878,Heavy rain reducing visibility and grip - reduced speed and longer buffer advised
EVT420093,2025-04-13 18:37:02,Concert,J040,City Market,8879,Weekend,False,Clear,False,0.0,False,False,0.891,Severe,9.8,66.0,639.1,0.24,0.555,0.935,Heavy congestion detected - signal timing extended and reroute suggested
EVT420094,2025-03-10 20:25:09,Trade Fair,J030,MG Road,7169,Weekday,False,Clear,False,0.0,False,False,0.633,High,15.8,41.2,435.8,0.233,0.538,0.97,Moderate traffic flow - standard adaptive signal timing in effect
EVT420095,2025-04-17 09:33:10,Local Market Day,J030,MG Road,4499,Weekday,False,Clear,False,0.0,False,False,0.993,Severe,8.8,72.5,425.1,0.149,0.344,0.937,Heavy congestion detected - signal timing extended and reroute suggested
EVT420096,2025-11-01 08:05:27,Fireworks Display,J012,Koramangala Sony World,11089,Weekend,True,Clear,False,0.0,False,False,0.989,Severe,9.0,62.3,552.2,0.202,0.466,0.856,Festival crowd surge detected - alternate route and extended cycle recommended
EVT420097,2025-10-15 15:55:09,Concert,J012,Koramangala Sony World,9839,Weekday,False,Clear,False,0.0,False,False,0.409,Moderate,30.2,30.1,174.8,0.138,0.318,0.977,Moderate traffic flow - standard adaptive signal timing in effect
EVT420098,2025-01-22 09:27:48,Concert,J011,Indiranagar 100ft Road,9948,Weekday,False,Clear,False,0.0,False,False,0.949,Severe,10.9,69.5,584.3,0.245,0.566,0.958,Heavy congestion detected - signal timing extended and reroute suggested
EVT420099,2025-10-18 08:12:34,Local Market Day,J012,Koramangala Sony World,4384,Weekend,False,Clear,False,0.0,False,False,0.777,Severe,14.3,54.2,271.0,0.153,0.352,0.96,Heavy congestion detected - signal timing extended and reroute suggested
EVT420100,2026-03-26 13:11:41,Cultural Procession,J031,Cubbon Road,25041,Weekday,True,Clear,False,0.0,False,True,0.663,Moderate,17.9,69.8,130.5,0.076,0.175,0.891,Road closure for event/procession - full detour recommended for through-traffic
EVT420101,2025-07-12 16:39:08,Sports Fixture,J012,Koramangala Sony World,18236,Weekend,False,Rain,True,18.1,False,False,0.782,Severe,15.1,57.6,344.8,0.164,0.379,0.901,Heavy rain reducing visibility and grip - reduced speed and longer buffer advised
EVT420102,2026-03-20 16:58:09,Religious Festival,J023,Basavanagudi,40495,Weekday,True,Clear,False,0.0,False,True,1.0,Severe,7.2,104.0,851.1,0.237,0.549,0.826,Road closure for event/procession - full detour recommended for through-traffic
EVT420103,2026-05-17 20:08:50,Sports Fixture,J009,Majestic,14424,Weekend,False,Clear,False,0.0,False,False,0.661,High,16.9,46.7,323.7,0.186,0.429,0.964,Moderate traffic flow - standard adaptive signal timing in effect
EVT420104,2026-02-18 08:39:35,Concert,J020,Malleshwaram Circle,18127,Weekday,False,Clear,False,0.0,False,False,1.0,Severe,9.0,69.6,615.0,0.216,0.498,0.92,Heavy congestion detected - signal timing extended and reroute suggested
EVT420105,2025-07-15 08:55:27,Trade Fair,J012,Koramangala Sony World,6146,Weekday,False,Clear,False,0.0,False,False,0.936,Severe,10.0,69.2,483.3,0.207,0.479,0.918,Heavy congestion detected - signal timing extended and reroute suggested
EVT420106,2025-03-22 20:42:08,Concert,J030,MG Road,11348,Weekend,False,Clear,False,0.0,False,False,0.57,High,21.7,41.6,265.0,0.155,0.358,0.935,Moderate traffic flow - standard adaptive signal timing in effect
EVT420107,2026-06-11 07:16:54,Local Market Day,J020,Malleshwaram Circle,4812,Weekday,False,Clear,False,0.0,False,False,0.572,High,21.9,45.7,200.5,0.136,0.313,0.982,Moderate traffic flow - standard adaptive signal timing in effect
EVT420108,2026-02-20 16:24:02,Concert,J030,MG Road,21534,Weekday,False,Clear,False,0.0,False,False,0.699,High,16.9,45.8,246.4,0.148,0.341,0.959,Moderate traffic flow - standard adaptive signal timing in effect
EVT420109,2025-08-23 11:00:36,Local Market Day,J023,Basavanagudi,3892,Weekend,False,Clear,False,0.0,False,False,0.392,Moderate,22.6,33.9,269.3,0.173,0.401,0.988,Moderate traffic flow - standard adaptive signal timing in effect
EVT420110,2025-12-27 16:39:41,Trade Fair,J011,Indiranagar 100ft Road,7489,Weekend,False,Light Rain,True,5.5,False,False,0.648,High,17.8,48.5,230.9,0.129,0.299,0.939,Heavy rain reducing visibility and grip - reduced speed and longer buffer advised
EVT420111,2025-08-03 20:17:48,Sports Fixture,J040,City Market,19315,Weekend,False,Clear,False,0.0,False,False,0.74,High,19.0,53.3,290.6,0.164,0.379,0.964,Moderate traffic flow - standard adaptive signal timing in effect
EVT420112,2026-03-16 13:18:02,Political Rally,J040,City Market,16901,Weekday,False,Clear,False,0.0,False,False,0.258,Low,37.6,14.6,127.1,0.123,0.283,0.952,Moderate traffic flow - standard adaptive signal timing in effect
EVT420113,2025-07-15 19:32:39,Sports Fixture,J009,Majestic,23873,Weekday,False,Clear,False,0.0,False,False,0.996,Severe,8.2,72.2,197.4,0.084,0.194,0.917,Heavy congestion detected - signal timing extended and reroute suggested
EVT420114,2025-09-26 18:17:54,Local Market Day,J020,Malleshwaram Circle,4640,Weekday,False,Rain,True,14.3,False,False,1.0,Severe,8.9,71.2,460.0,0.171,0.395,0.843,Heavy rain reducing visibility and grip - reduced speed and longer buffer advised
EVT420115,2025-08-30 19:28:16,Sports Fixture,J020,Malleshwaram Circle,29547,Weekend,False,Clear,False,0.0,False,False,0.948,Severe,9.5,65.2,589.0,0.228,0.527,0.939,Heavy congestion detected - signal timing extended and reroute suggested
EVT420116,2025-01-13 18:57:35,Sports Fixture,J030,MG Road,23603,Weekday,False,Clear,False,0.0,False,False,1.0,Severe,9.2,76.5,363.0,0.148,0.343,0.955,Heavy congestion detected - signal timing extended and reroute suggested
EVT420117,2026-05-08 21:30:10,Trade Fair,J031,Cubbon Road,13190,Weekday,False,Clear,False,0.0,False,False,0.355,Moderate,32.4,28.6,165.0,0.148,0.343,0.984,Moderate traffic flow - standard adaptive signal timing in effect
EVT420118,2025-06-19 06:10:36,Sports Fixture,J020,Malleshwaram Circle,33561,Weekday,False,Fog,False,0.0,False,False,0.399,Moderate,33.6,29.9,100.7,0.094,0.217,0.95,Moderate traffic flow - standard adaptive signal timing in effect
EVT420119,2025-02-13 08:30:13,Concert,J023,Basavanagudi,15914,Weekday,False,Clear,False,0.0,False,False,1.0,Severe,6.6,69.3,730.6,0.211,0.487,0.899,Heavy congestion detected - signal timing extended and reroute suggested
EVT420120,2025-10-12 15:52:47,Concert,J009,Majestic,6837,Weekend,False,Clear,False,0.0,False,False,0.449,Moderate,29.2,32.6,181.4,0.146,0.337,0.975,Moderate traffic flow - standard adaptive signal timing in effect
EVT420121,2025-06-12 09:59:59,Concert,J040,City Market,11604,Weekday,False,Clear,False,0.0,False,False,0.81,Severe,12.8,54.7,337.2,0.144,0.332,0.949,Heavy congestion detected - signal timing extended and reroute suggested
EVT420122,2026-01-06 09:42:01,Local Market Day,J023,Basavanagudi,7492,Weekday,False,Clear,False,0.0,False,False,0.856,Severe,12.6,60.3,445.9,0.207,0.478,0.964,Heavy congestion detected - signal timing extended and reroute suggested
EVT420123,2025-08-20 18:03:29,Sports Fixture,J020,Malleshwaram Circle,15431,Weekday,False,Clear,False,0.0,False,False,1.0,Severe,7.8,70.9,589.3,0.211,0.487,0.922,Heavy congestion detected - signal timing extended and reroute suggested
EVT420124,2026-01-14 16:37:43,Cultural Procession,J023,Basavanagudi,26103,Weekday,True,Clear,False,0.0,False,True,1.0,Severe,8.1,98.8,710.8,0.233,0.538,0.844,Road closure for event/procession - full detour recommended for through-traffic
EVT420125,2026-01-22 09:07:35,Trade Fair,J011,Indiranagar 100ft Road,9430,Weekday,False,Clear,False,0.0,False,False,1.0,Severe,8.6,68.9,514.1,0.175,0.405,0.917,Heavy congestion detected - signal timing extended and reroute suggested
EVT420126,2025-09-24 05:13:02,Local Market Day,J020,Malleshwaram Circle,3700,Weekday,False,Clear,False,0.0,False,False,0.255,Low,39.9,19.8,133.3,0.124,0.287,0.982,Moderate traffic flow - standard adaptive signal timing in effect
EVT420127,2026-04-01 09:29:06,Sports Fixture,J011,Indiranagar 100ft Road,41543,Weekday,False,Clear,False,0.0,False,False,1.0,Severe,8.5,72.8,630.1,0.214,0.494,0.909,Heavy congestion detected - signal timing extended and reroute suggested
EVT420128,2026-02-19 08:16:25,Local Market Day,J009,Majestic,3446,Weekday,False,Clear,False,0.0,False,False,0.915,Severe,9.5,59.7,533.6,0.195,0.451,0.963,Heavy congestion detected - signal timing extended and reroute suggested
EVT420129,2025-06-23 14:15:38,Sports Fixture,J031,Cubbon Road,20005,Weekday,False,Clear,False,0.0,False,False,0.274,Low,32.6,18.1,179.6,0.141,0.326,0.971,Moderate traffic flow - standard adaptive signal timing in effect
EVT420130,2025-03-10 18:17:03,Local Market Day,J020,Malleshwaram Circle,7019,Weekday,False,Clear,False,0.0,False,False,1.0,Severe,8.5,64.2,517.8,0.169,0.391,0.899,Heavy congestion detected - signal timing extended and reroute suggested
EVT420131,2025-12-28 11:17:09,Political Rally,J011,Indiranagar 100ft Road,16559,Weekend,False,Clear,False,0.0,False,False,0.426,Moderate,26.6,30.4,158.2,0.111,0.256,0.956,Moderate traffic flow - standard adaptive signal timing in effect
EVT420132,2026-04-19 19:14:44,Sports Fixture,J031,Cubbon Road,26809,Weekend,False,Clear,False,0.0,False,False,0.885,Severe,15.5,67.5,315.0,0.178,0.412,0.932,Heavy congestion detected - signal timing extended and reroute suggested
EVT420133,2025-07-10 09:56:53,Political Rally,J011,Indiranagar 100ft Road,10264,Weekday,False,Heavy Rain,True,41.2,False,False,1.0,Severe,9.0,69.8,459.5,0.178,0.41,0.867,Heavy rain reducing visibility and grip - reduced speed and longer buffer advised
EVT420134,2025-03-27 17:24:03,Sports Fixture,J009,Majestic,30610,Weekday,False,Clear,False,0.0,False,False,1.0,Severe,9.0,77.7,768.5,0.27,0.623,0.902,Heavy congestion detected - signal timing extended and reroute suggested
EVT420135,2025-01-25 17:05:25,Trade Fair,J023,Basavanagudi,7335,Weekend,False,Clear,False,0.0,False,False,0.703,High,18.2,50.1,336.3,0.186,0.431,0.958,Moderate traffic flow - standard adaptive signal timing in effect
EVT420136,2026-04-14 18:21:55,Fireworks Display,J012,Koramangala Sony World,25198,Weekday,True,Clear,False,0.0,False,False,1.0,Severe,7.2,69.1,992.5,0.304,0.702,0.875,Festival crowd surge detected - alternate route and extended cycle recommended
EVT420137,2026-04-06 14:13:04,Political Rally,J011,Indiranagar 100ft Road,16728,Weekday,False,Clear,False,0.0,False,False,0.255,Low,37.1,20.0,146.8,0.129,0.297,0.966,Moderate traffic flow - standard adaptive signal timing in effect
EVT420138,2025-07-19 17:10:55,Local Market Day,J030,MG Road,4515,Weekend,False,Clear,False,0.0,False,False,0.7,High,21.6,47.5,278.1,0.178,0.41,0.974,Moderate traffic flow - standard adaptive signal timing in effect
EVT420139,2025-10-28 08:54:30,Sports Fixture,J040,City Market,28644,Weekday,False,Clear,False,0.0,False,False,1.0,Severe,11.1,77.5,496.6,0.218,0.504,0.923,Heavy congestion detected - signal timing extended and reroute suggested
EVT420140,2025-08-28 19:46:25,Cultural Procession,J040,City Market,17177,Weekday,True,Clear,False,0.0,False,True,1.0,Severe,6.9,103.9,699.4,0.226,0.522,0.802,Road closure for event/procession - full detour recommended for through-traffic
EVT420141,2025-09-25 18:35:50,Concert,J040,City Market,17975,Weekday,False,Rain,True,15.4,False,False,1.0,Severe,7.6,78.1,613.9,0.196,0.453,0.841,Heavy rain reducing visibility and grip - reduced speed and longer buffer advised
EVT420142,2026-01-10 09:26:46,Political Rally,J012,Koramangala Sony World,10432,Weekend,False,Clear,False,0.0,False,False,0.818,Severe,14.4,58.0,437.3,0.233,0.539,0.978,Heavy congestion detected - signal timing extended and reroute suggested
EVT420143,2026-04-25 06:15:06,Trade Fair,J009,Majestic,9666,Weekend,False,Clear,False,0.0,False,False,0.28,Low,33.6,16.7,90.0,0.068,0.158,0.955,Moderate traffic flow - standard adaptive signal timing in effect
EVT420144,2025-05-09 19:35:07,Local Market Day,J031,Cubbon Road,2840,Weekday,False,Clear,False,0.0,False,False,0.809,Severe,13.0,57.1,357.0,0.172,0.396,0.988,Heavy congestion detected - signal timing extended and reroute suggested
EVT420145,2025-09-14 20:57:46,Political Rally,J040,City Market,30953,Weekend,False,Fog,False,0.0,False,False,0.573,High,19.5,42.8,274.6,0.162,0.374,0.947,Moderate traffic flow - standard adaptive signal timing in effect
EVT420146,2025-04-29 13:51:17,Sports Fixture,J012,Koramangala Sony World,21006,Weekday,False,Clear,False,0.0,False,False,0.322,Low,33.8,21.1,99.7,0.075,0.174,0.99,Moderate traffic flow - standard adaptive signal timing in effect
EVT420147,2025-11-03 20:13:51,Concert,J020,Malleshwaram Circle,14535,Weekday,False,Rain,True,22.0,False,False,0.917,Severe,11.0,72.3,535.4,0.222,0.512,0.876,Heavy rain reducing visibility and grip - reduced speed and longer buffer advised
EVT420148,2025-01-29 16:55:28,Concert,J011,Indiranagar 100ft Road,13824,Weekday,False,Clear,False,0.0,False,False,0.825,Severe,12.2,58.6,502.2,0.243,0.562,0.964,Heavy congestion detected - signal timing extended and reroute suggested
EVT420149,2026-05-25 10:27:42,Local Market Day,J040,City Market,5081,Weekday,False,Clear,False,0.0,False,False,0.677,High,20.5,47.6,221.4,0.129,0.298,0.975,Moderate traffic flow - standard adaptive signal timing in effect
EVT420150,2025-10-13 10:38:15,Local Market Day,J030,MG Road,6460,Weekday,False,Clear,False,0.0,False,False,0.584,High,19.7,34.4,246.6,0.123,0.284,0.964,Moderate traffic flow - standard adaptive signal timing in effect
EVT420151,2025-01-07 17:53:46,Local Market Day,J009,Majestic,3486,Weekday,False,Clear,False,0.0,False,False,1.0,Severe,11.0,68.1,344.2,0.14,0.323,0.922,Heavy congestion detected - signal timing extended and reroute suggested
EVT420152,2026-05-05 16:18:47,Concert,J040,City Market,10322,Weekday,False,Rain,True,19.5,False,False,0.701,High,18.8,47.5,242.3,0.157,0.364,0.901,Heavy rain reducing visibility and grip - reduced speed and longer buffer advised
EVT420153,2025-07-23 17:04:24,Local Market Day,J023,Basavanagudi,4333,Weekday,False,Rain,True,13.7,False,False,0.88,Severe,11.8,64.1,312.9,0.142,0.328,0.913,Heavy rain reducing visibility and grip - reduced speed and longer buffer advised
EVT420154,2026-02-06 14:03:41,Sports Fixture,J011,Indiranagar 100ft Road,25757,Weekday,False,Light Rain,True,4.2,False,False,0.43,Moderate,30.2,29.9,139.4,0.102,0.234,0.904,Light rain detected - minor speed reduction advised
EVT420155,2025-04-30 09:44:19,Sports Fixture,J012,Koramangala Sony World,27630,Weekday,False,Clear,False,0.0,False,False,1.0,Severe,8.2,69.7,835.8,0.257,0.593,0.907,Heavy congestion detected - signal timing extended and reroute suggested
EVT420156,2025-06-19 19:54:16,Political Rally,J009,Majestic,9268,Weekday,False,Clear,False,0.0,False,False,0.773,Severe,18.9,54.8,268.1,0.165,0.38,0.954,Heavy congestion detected - signal timing extended and reroute suggested
EVT420157,2025-08-28 12:25:58,Religious Festival,J030,MG Road,21213,Weekday,True,Clear,False,0.0,False,False,0.535,Moderate,23.4,39.1,239.4,0.168,0.389,0.868,Festival crowd surge detected - alternate route and extended cycle recommended
EVT420158,2025-12-17 19:22:11,Trade Fair,J011,Indiranagar 100ft Road,7309,Weekday,False,Clear,False,0.0,False,False,0.859,Severe,11.3,60.0,788.3,0.317,0.733,0.947,Heavy congestion detected - signal timing extended and reroute suggested
EVT420159,2025-05-26 19:59:35,Political Rally,J009,Majestic,20157,Weekday,False,Clear,False,0.0,False,False,0.798,Severe,14.6,61.2,436.0,0.231,0.533,0.98,Heavy congestion detected - signal timing extended and reroute suggested
EVT420160,2025-03-24 08:15:08,Sports Fixture,J009,Majestic,15572,Weekday,False,Clear,False,0.0,False,False,0.959,Severe,10.3,70.0,541.4,0.243,0.561,0.96,Heavy congestion detected - signal timing extended and reroute suggested
EVT420161,2025-01-31 08:25:54,Trade Fair,J020,Malleshwaram Circle,6319,Weekday,False,Clear,False,0.0,False,False,0.912,Severe,8.1,65.9,561.5,0.185,0.428,0.952,Heavy congestion detected - signal timing extended and reroute suggested
EVT420162,2025-02-02 07:30:26,Local Market Day,J040,City Market,2517,Weekend,False,Clear,False,0.0,False,False,0.513,Moderate,24.9,34.2,213.6,0.16,0.37,0.975,Moderate traffic flow - standard adaptive signal timing in effect
EVT420163,2026-01-19 06:39:31,Local Market Day,J030,MG Road,5551,Weekday,False,Clear,False,0.0,False,False,0.248,Low,24.6,23.3,239.5,0.168,0.387,0.973,Normal free-flow traffic - standard signal timing maintained
EVT420164,2026-03-19 10:18:23,Religious Festival,J031,Cubbon Road,70487,Weekday,True,Clear,False,0.0,False,True,1.0,Severe,8.6,99.8,643.7,0.242,0.56,0.82,Road closure for event/procession - full detour recommended for through-traffic
EVT420165,2025-05-24 21:34:39,Sports Fixture,J040,City Market,23093,Weekend,False,Rain,True,15.0,False,False,0.632,High,21.3,45.1,209.3,0.155,0.358,0.941,Heavy rain reducing visibility and grip - reduced speed and longer buffer advised
EVT420166,2025-03-01 15:03:04,Trade Fair,J023,Basavanagudi,10693,Weekend,False,Clear,False,0.0,False,False,0.365,Moderate,26.3,31.3,135.4,0.083,0.193,0.99,Moderate traffic flow - standard adaptive signal timing in effect
EVT420167,2026-04-07 19:34:25,Sports Fixture,J011,Indiranagar 100ft Road,37954,Weekday,False,Clear,False,0.0,False,False,1.0,Severe,10.2,73.1,475.1,0.19,0.438,0.916,Heavy congestion detected - signal timing extended and reroute suggested
EVT420168,2025-03-05 14:56:15,Local Market Day,J030,MG Road,5292,Weekday,False,Clear,False,0.0,False,False,0.266,Low,29.0,20.9,241.1,0.176,0.406,0.961,Moderate traffic flow - standard adaptive signal timing in effect
EVT420169,2025-04-10 19:05:28,Sports Fixture,J009,Majestic,25807,Weekday,False,Clear,False,0.0,False,False,1.0,Severe,9.0,66.2,490.2,0.176,0.406,0.897,Heavy congestion detected - signal timing extended and reroute suggested
EVT420170,2025-12-19 19:09:09,Political Rally,J009,Majestic,24348,Weekday,False,Clear,False,0.0,False,False,1.0,Severe,8.1,68.5,665.7,0.231,0.534,0.905,Heavy congestion detected - signal timing extended and reroute suggested
EVT420171,2025-11-30 17:53:52,Political Rally,J011,Indiranagar 100ft Road,8987,Weekend,False,Clear,False,0.0,False,False,0.874,Severe,11.8,63.7,387.6,0.167,0.386,0.945,Heavy congestion detected - signal timing extended and reroute suggested
EVT420172,2026-03-19 08:29:42,Religious Festival,J020,Malleshwaram Circle,56000,Weekday,True,Clear,False,0.0,False,False,1.0,Severe,6.8,71.7,740.0,0.19,0.439,0.832,Festival crowd surge detected - alternate route and extended cycle recommended
EVT420173,2025-05-31 13:08:31,Concert,J031,Cubbon Road,14205,Weekend,False,Clear,False,0.0,False,False,0.226,Low,27.8,10.3,155.2,0.121,0.28,0.963,Normal free-flow traffic - standard signal timing maintained
EVT420174,2026-03-21 14:41:12,Local Market Day,J031,Cubbon Road,2922,Weekend,False,Clear,False,0.0,False,False,0.232,Low,28.4,23.4,117.2,0.063,0.145,0.968,Normal free-flow traffic - standard signal timing maintained
EVT420175,2025-01-20 08:02:00,Political Rally,J040,City Market,7664,Weekday,False,Clear,False,0.0,False,False,0.839,Severe,11.9,53.8,353.7,0.15,0.346,0.962,Heavy congestion detected - signal timing extended and reroute suggested
EVT420176,2025-07-02 11:09:56,Local Market Day,J011,Indiranagar 100ft Road,3935,Weekday,False,Heavy Rain,True,37.1,False,False,0.737,High,15.8,50.4,294.9,0.155,0.357,0.896,Heavy rain reducing visibility and grip - reduced speed and longer buffer advised
EVT420177,2025-04-01 17:33:53,Concert,J030,MG Road,16300,Weekday,False,Clear,False,0.0,False,False,0.919,Severe,10.4,63.8,321.2,0.141,0.326,0.909,Heavy congestion detected - signal timing extended and reroute suggested
EVT420178,2026-03-25 11:57:16,Sports Fixture,J011,Indiranagar 100ft Road,23729,Weekday,False,Clear,False,0.0,False,False,0.349,Low,22.6,20.1,90.6,0.071,0.165,0.984,Moderate traffic flow - standard adaptive signal timing in effect
EVT420179,2025-04-10 11:14:30,Local Market Day,J030,MG Road,4035,Weekday,False,Clear,False,0.0,False,False,0.366,Moderate,28.6,23.9,126.8,0.09,0.208,0.955,Moderate traffic flow - standard adaptive signal timing in effect
EVT420180,2025-03-15 09:49:58,Cultural Procession,J011,Indiranagar 100ft Road,23736,Weekend,True,Fog,False,0.0,False,False,1.0,Severe,8.5,74.5,382.1,0.141,0.325,0.864,Festival crowd surge detected - alternate route and extended cycle recommended
EVT420181,2026-06-03 17:41:11,Trade Fair,J020,Malleshwaram Circle,6530,Weekday,False,Clear,False,0.0,False,False,0.958,Severe,8.2,63.3,950.8,0.312,0.72,0.886,Heavy congestion detected - signal timing extended and reroute suggested
EVT420182,2025-04-06 16:26:19,Cultural Procession,J009,Majestic,14134,Weekend,True,Clear,False,0.0,False,True,0.937,Severe,8.6,88.2,490.1,0.162,0.375,0.856,Road closure for event/procession - full detour recommended for through-traffic
EVT420183,2025-02-15 14:10:52,Concert,J030,MG Road,10257,Weekend,False,Clear,False,0.0,False,False,0.249,Low,32.6,18.4,219.2,0.176,0.407,0.977,Normal free-flow traffic - standard signal timing maintained
EVT420184,2025-03-11 07:18:51,Sports Fixture,J040,City Market,18600,Weekday,False,Clear,False,0.0,False,False,0.572,High,23.8,41.7,216.2,0.157,0.363,0.942,Moderate traffic flow - standard adaptive signal timing in effect
EVT420185,2026-02-01 18:32:21,Sports Fixture,J031,Cubbon Road,22208,Weekend,False,Clear,False,0.0,False,False,0.965,Severe,9.3,69.8,447.0,0.172,0.397,0.942,Heavy congestion detected - signal timing extended and reroute suggested
EVT420186,2026-01-22 11:59:13,Concert,J011,Indiranagar 100ft Road,8697,Weekday,False,Clear,False,0.0,False,False,0.184,Low,27.6,9.8,246.2,0.196,0.453,0.958,Normal free-flow traffic - standard signal timing maintained
EVT420187,2026-03-06 12:09:17,Trade Fair,J031,Cubbon Road,9813,Weekday,False,Clear,False,0.0,False,False,0.277,Low,31.1,14.3,160.0,0.139,0.321,0.956,Moderate traffic flow - standard adaptive signal timing in effect
EVT420188,2025-05-12 10:57:30,Concert,J011,Indiranagar 100ft Road,8704,Weekday,False,Rain,True,24.5,False,False,0.779,Severe,16.8,52.8,241.9,0.16,0.371,0.884,Heavy rain reducing visibility and grip - reduced speed and longer buffer advised
EVT420189,2025-08-21 19:47:45,Local Market Day,J020,Malleshwaram Circle,3384,Weekday,False,Fog,False,0.0,False,False,0.857,Severe,14.6,66.7,235.0,0.12,0.277,0.96,Heavy congestion detected - signal timing extended and reroute suggested
EVT420190,2025-06-01 17:06:41,Concert,J012,Koramangala Sony World,11372,Weekend,False,Clear,False,0.0,False,False,0.671,High,20.4,55.1,138.2,0.093,0.214,0.969,Moderate traffic flow - standard adaptive signal timing in effect
EVT420191,2025-03-06 22:47:34,Sports Fixture,J011,Indiranagar 100ft Road,16719,Weekday,False,Clear,False,0.0,False,False,0.327,Low,30.6,27.7,197.2,0.137,0.317,0.972,Moderate traffic flow - standard adaptive signal timing in effect
EVT420192,2025-11-26 14:31:18,Trade Fair,J020,Malleshwaram Circle,7820,Weekday,False,Clear,False,0.0,False,False,0.293,Low,36.9,20.6,132.6,0.124,0.286,0.974,Moderate traffic flow - standard adaptive signal timing in effect
EVT420193,2026-03-18 10:42:54,Political Rally,J040,City Market,8959,Weekday,False,Clear,False,0.0,False,False,0.633,High,23.2,40.2,142.9,0.112,0.259,0.956,Moderate traffic flow - standard adaptive signal timing in effect
EVT420194,2025-07-18 14:57:43,Sports Fixture,J020,Malleshwaram Circle,11743,Weekday,False,Clear,False,0.0,False,False,0.317,Low,29.6,26.1,168.5,0.139,0.322,0.958,Moderate traffic flow - standard adaptive signal timing in effect
EVT420195,2026-05-15 13:38:00,Sports Fixture,J030,MG Road,19752,Weekday,False,Clear,False,0.0,False,False,0.289,Low,27.7,16.0,240.4,0.162,0.375,0.97,Moderate traffic flow - standard adaptive signal timing in effect
EVT420196,2025-01-02 09:33:43,Trade Fair,J012,Koramangala Sony World,7726,Weekday,False,Clear,False,0.0,False,False,0.915,Severe,9.5,63.6,477.9,0.191,0.441,0.924,Heavy congestion detected - signal timing extended and reroute suggested
EVT420197,2026-06-24 21:59:33,Sports Fixture,J011,Indiranagar 100ft Road,26898,Weekday,False,Light Rain,True,2.9,False,False,0.447,Moderate,30.0,24.3,157.4,0.131,0.302,0.911,Light rain detected - minor speed reduction advised
EVT420198,2025-10-03 14:31:26,Religious Festival,J020,Malleshwaram Circle,86509,Weekday,True,Clear,False,0.0,False,True,1.0,Severe,11.5,98.9,498.4,0.21,0.485,0.826,Road closure for event/procession - full detour recommended for through-traffic
EVT420199,2025-05-08 12:01:35,Political Rally,J031,Cubbon Road,9860,Weekday,False,Clear,False,0.0,False,False,0.231,Low,36.7,13.6,126.4,0.129,0.299,0.946,Normal free-flow traffic - standard signal timing maintained
EVT420200,2025-01-05 14:35:29,Local Market Day,J009,Majestic,3264,Weekend,False,Clear,False,0.0,False,False,0.208,Low,29.2,10.0,56.2,0.061,0.142,0.957,Normal free-flow traffic - standard signal timing maintained
EVT420201,2025-06-14 09:51:59,Local Market Day,J023,Basavanagudi,1865,Weekend,False,Heavy Rain,True,46.1,False,False,1.0,Severe,6.9,74.0,1192.1,0.315,0.728,0.881,Heavy rain reducing visibility and grip - reduced speed and longer buffer advised
EVT420202,2025-11-15 18:15:08,Trade Fair,J011,Indiranagar 100ft Road,7973,Weekend,False,Clear,False,0.0,False,False,0.92,Severe,11.7,69.0,480.1,0.227,0.525,0.922,Heavy congestion detected - signal timing extended and reroute suggested
EVT420203,2025-05-02 17:03:51,Fireworks Display,J020,Malleshwaram Circle,32896,Weekday,True,Rain,True,17.2,False,False,1.0,Severe,8.4,68.9,773.0,0.272,0.628,0.799,Festival crowd surge detected - alternate route and extended cycle recommended
EVT420204,2025-10-08 07:50:26,Local Market Day,J040,City Market,3661,Weekday,False,Clear,False,0.0,False,False,0.799,Severe,14.7,60.2,297.8,0.161,0.371,0.958,Heavy congestion detected - signal timing extended and reroute suggested
EVT420205,2026-01-09 09:24:07,Concert,J012,Koramangala Sony World,26398,Weekday,False,Clear,False,0.0,False,False,1.0,Severe,8.6,74.2,862.4,0.278,0.643,0.922,Heavy congestion detected - signal timing extended and reroute suggested
EVT420206,2026-06-21 16:05:45,Sports Fixture,J040,City Market,13937,Weekend,False,Clear,False,0.0,False,False,0.521,Moderate,27.0,36.1,188.5,0.136,0.315,0.965,Moderate traffic flow - standard adaptive signal timing in effect
EVT420207,2025-10-06 07:01:13,Sports Fixture,J011,Indiranagar 100ft Road,26868,Weekday,False,Heavy Rain,True,30.7,False,False,0.905,Severe,12.6,67.1,468.2,0.203,0.469,0.882,Heavy rain reducing visibility and grip - reduced speed and longer buffer advised
EVT420208,2025-03-28 20:02:27,Trade Fair,J023,Basavanagudi,6718,Weekday,False,Clear,False,0.0,False,False,0.648,High,12.2,44.7,180.3,0.075,0.173,0.962,Moderate traffic flow - standard adaptive signal timing in effect
EVT420209,2026-05-24 14:07:03,Political Rally,J011,Indiranagar 100ft Road,13706,Weekend,False,Clear,False,0.0,False,False,0.255,Low,29.1,19.9,220.5,0.143,0.331,0.966,Moderate traffic flow - standard adaptive signal timing in effect
EVT420210,2026-04-15 15:50:29,Cultural Procession,J011,Indiranagar 100ft Road,27934,Weekday,True,Clear,False,0.0,False,True,0.921,Severe,8.9,95.2,496.8,0.181,0.418,0.848,Road closure for event/procession - full detour recommended for through-traffic
EVT420211,2025-06-08 18:58:07,Local Market Day,J012,Koramangala Sony World,5560,Weekend,False,Clear,False,0.0,False,False,0.836,Severe,17.2,58.6,283.1,0.169,0.391,0.941,Heavy congestion detected - signal timing extended and reroute suggested
EVT420212,2026-03-17 13:36:55,Sports Fixture,J009,Majestic,31217,Weekday,False,Clear,False,0.0,False,False,0.281,Low,27.2,20.5,154.2,0.125,0.288,0.965,Moderate traffic flow - standard adaptive signal timing in effect
EVT420213,2026-04-03 01:43:25,Concert,J009,Majestic,6663,Weekday,False,Clear,False,0.0,False,False,0.193,Low,30.8,11.7,163.5,0.133,0.306,0.99,Normal free-flow traffic - standard signal timing maintained
EVT420214,2026-01-07 18:09:07,Sports Fixture,J011,Indiranagar 100ft Road,29208,Weekday,False,Clear,False,0.0,False,False,1.0,Severe,7.4,67.0,861.7,0.248,0.574,0.926,Heavy congestion detected - signal timing extended and reroute suggested
EVT420215,2026-04-04 20:22:24,Local Market Day,J030,MG Road,2393,Weekend,False,Clear,False,0.0,False,False,0.572,High,26.0,36.3,190.9,0.162,0.374,0.975,Moderate traffic flow - standard adaptive signal timing in effect
EVT420216,2025-11-09 12:23:00,Local Market Day,J031,Cubbon Road,4638,Weekend,False,Clear,False,0.0,False,False,0.269,Low,29.8,21.0,113.8,0.082,0.19,0.977,Moderate traffic flow - standard adaptive signal timing in effect
EVT420217,2025-02-22 21:13:55,Concert,J011,Indiranagar 100ft Road,8507,Weekend,False,Clear,False,0.0,False,False,0.381,Moderate,31.6,29.2,145.7,0.125,0.289,0.978,Moderate traffic flow - standard adaptive signal timing in effect
EVT420218,2025-10-03 10:18:33,Cultural Procession,J023,Basavanagudi,17260,Weekday,True,Clear,False,0.0,False,True,1.0,Severe,9.2,98.3,711.0,0.277,0.639,0.846,Road closure for event/procession - full detour recommended for through-traffic
EVT420219,2025-03-08 13:59:14,Sports Fixture,J040,City Market,17788,Weekend,False,Clear,False,0.0,False,False,0.376,Moderate,34.6,27.5,121.8,0.099,0.229,0.949,Moderate traffic flow - standard adaptive signal timing in effect
EVT420220,2025-02-22 14:39:45,Concert,J030,MG Road,14353,Weekend,False,Clear,False,0.0,False,False,0.324,Low,26.7,20.4,179.5,0.125,0.288,0.983,Moderate traffic flow - standard adaptive signal timing in effect
EVT420221,2025-07-26 15:43:42,Local Market Day,J020,Malleshwaram Circle,4679,Weekend,False,Clear,False,0.0,False,False,0.415,Moderate,24.4,27.0,117.2,0.071,0.165,0.99,Moderate traffic flow - standard adaptive signal timing in effect
EVT420222,2025-06-19 09:16:19,Concert,J040,City Market,12890,Weekday,False,Heavy Rain,True,36.5,False,False,1.0,Severe,10.7,68.2,649.6,0.26,0.601,0.874,Heavy rain reducing visibility and grip - reduced speed and longer buffer advised
EVT420223,2025-04-27 15:52:53,Sports Fixture,J023,Basavanagudi,15755,Weekend,False,Clear,False,0.0,False,False,0.568,High,21.1,41.1,232.8,0.144,0.332,0.952,Moderate traffic flow - standard adaptive signal timing in effect
EVT420224,2025-10-13 08:47:22,Local Market Day,J012,Koramangala Sony World,5692,Weekday,False,Heavy Rain,True,58.9,False,False,1.0,Severe,5.1,74.4,960.4,0.211,0.487,0.86,Heavy rain reducing visibility and grip - reduced speed and longer buffer advised
EVT420225,2025-05-31 17:41:39,Political Rally,J040,City Market,14490,Weekend,False,Clear,False,0.0,False,False,0.953,Severe,9.1,69.6,383.7,0.134,0.309,0.927,Heavy congestion detected - signal timing extended and reroute suggested
EVT420226,2025-01-01 14:53:24,Local Market Day,J012,Koramangala Sony World,5024,Weekday,False,Clear,False,0.0,False,False,0.34,Low,26.4,26.9,145.7,0.082,0.19,0.97,Moderate traffic flow - standard adaptive signal timing in effect
EVT420227,2026-04-29 08:06:08,Sports Fixture,J030,MG Road,19916,Weekday,False,Clear,False,0.0,False,False,0.949,Severe,10.7,68.1,552.6,0.233,0.538,0.934,Heavy congestion detected - signal timing extended and reroute suggested
EVT420228,2025-11-26 00:31:00,Trade Fair,J023,Basavanagudi,5430,Weekday,False,Clear,False,0.0,False,False,0.233,Low,29.9,22.6,100.6,0.073,0.17,0.957,Normal free-flow traffic - standard signal timing maintained
EVT420229,2025-04-03 17:00:23,Concert,J030,MG Road,15073,Weekday,False,Clear,False,0.0,False,False,0.765,Severe,11.3,53.4,331.2,0.143,0.33,0.982,Heavy congestion detected - signal timing extended and reroute suggested
EVT420230,2025-12-18 13:48:45,Local Market Day,J011,Indiranagar 100ft Road,1665,Weekday,False,Clear,False,0.0,False,False,0.105,Low,43.1,8.3,80.9,0.084,0.195,0.944,Normal free-flow traffic - standard signal timing maintained
EVT420231,2025-11-09 09:29:04,Sports Fixture,J030,MG Road,17949,Weekend,False,Clear,False,0.0,False,False,0.958,Severe,11.5,69.0,229.0,0.104,0.24,0.905,Heavy congestion detected - signal timing extended and reroute suggested
EVT420232,2025-05-31 06:16:03,Sports Fixture,J040,City Market,19802,Weekend,False,Heavy Rain,True,32.8,False,False,0.764,Severe,11.8,52.9,461.0,0.219,0.505,0.916,Heavy rain reducing visibility and grip - reduced speed and longer buffer advised
EVT420233,2026-04-04 08:13:06,Trade Fair,J009,Majestic,7564,Weekend,False,Clear,False,0.0,False,False,0.764,Severe,17.2,48.2,324.6,0.184,0.426,0.97,Heavy congestion detected - signal timing extended and reroute suggested
EVT420234,2025-07-08 16:55:47,Concert,J011,Indiranagar 100ft Road,10309,Weekday,False,Clear,False,0.0,False,False,0.773,Severe,12.2,55.4,521.4,0.245,0.566,0.96,Heavy congestion detected - signal timing extended and reroute suggested
EVT420235,2025-10-14 10:11:39,Trade Fair,J030,MG Road,12163,Weekday,False,Clear,False,0.0,False,False,0.751,Severe,19.3,55.5,191.3,0.119,0.275,0.974,Heavy congestion detected - signal timing extended and reroute suggested
EVT420236,2025-09-01 18:34:53,Sports Fixture,J040,City Market,36411,Weekday,False,Light Rain,True,2.4,False,False,1.0,Severe,7.1,70.3,414.4,0.144,0.332,0.842,Heavy rain reducing visibility and grip - reduced speed and longer buffer advised
EVT420237,2025-05-28 21:18:06,Local Market Day,J030,MG Road,4273,Weekday,False,Clear,False,0.0,False,False,0.371,Moderate,27.8,24.0,175.6,0.124,0.287,0.96,Moderate traffic flow - standard adaptive signal timing in effect
EVT420238,2025-06-29 07:31:58,Local Market Day,J011,Indiranagar 100ft Road,2633,Weekend,False,Clear,False,0.0,False,False,0.524,Moderate,23.9,40.7,172.8,0.1,0.231,0.98,Moderate traffic flow - standard adaptive signal timing in effect
EVT420239,2026-01-21 09:27:08,Political Rally,J023,Basavanagudi,26210,Weekday,False,Clear,False,0.0,False,False,1.0,Severe,7.9,68.0,664.9,0.226,0.523,0.934,Heavy congestion detected - signal timing extended and reroute suggested
EVT420240,2026-03-27 10:09:54,Cultural Procession,J031,Cubbon Road,20349,Weekday,True,Clear,False,0.0,False,True,1.0,Severe,8.8,106.3,561.8,0.218,0.503,0.833,Road closure for event/procession - full detour recommended for through-traffic
EVT420241,2026-06-16 06:58:52,Local Market Day,J031,Cubbon Road,5450,Weekday,False,Clear,False,0.0,False,False,0.437,Moderate,30.5,34.2,178.0,0.153,0.353,0.956,Moderate traffic flow - standard adaptive signal timing in effect
EVT420242,2026-05-25 19:39:33,Sports Fixture,J040,City Market,22675,Weekday,False,Clear,False,0.0,False,False,0.958,Severe,11.9,69.5,343.1,0.166,0.382,0.916,Heavy congestion detected - signal timing extended and reroute suggested
EVT420243,2025-12-03 09:45:53,Sports Fixture,J011,Indiranagar 100ft Road,18089,Weekday,False,Clear,False,0.0,False,False,1.0,Severe,7.9,77.6,546.4,0.189,0.438,0.908,Heavy congestion detected - signal timing extended and reroute suggested
EVT420244,2026-01-07 10:16:32,Local Market Day,J030,MG Road,3863,Weekday,False,Clear,False,0.0,False,False,0.649,High,18.0,47.3,251.1,0.141,0.325,0.982,Moderate traffic flow - standard adaptive signal timing in effect
EVT420245,2025-01-23 22:24:19,Concert,J020,Malleshwaram Circle,13816,Weekday,False,Clear,False,0.0,False,False,0.284,Low,29.8,16.2,151.0,0.127,0.293,0.954,Moderate traffic flow - standard adaptive signal timing in effect
EVT420246,2025-01-02 08:48:09,Concert,J030,MG Road,13394,Weekday,False,Clear,False,0.0,False,False,1.0,Severe,7.7,63.0,199.3,0.079,0.181,0.918,Heavy congestion detected - signal timing extended and reroute suggested
EVT420247,2025-05-26 06:17:05,Concert,J030,MG Road,13716,Weekday,False,Light Rain,True,7.0,False,False,0.431,Moderate,20.8,32.6,196.2,0.115,0.265,0.921,Light rain detected - minor speed reduction advised
EVT420248,2025-09-08 14:23:37,Sports Fixture,J009,Majestic,15361,Weekday,False,Clear,False,0.0,False,False,0.255,Low,28.7,17.9,245.0,0.2,0.462,0.961,Moderate traffic flow - standard adaptive signal timing in effect
EVT420249,2025-08-16 06:06:49,Religious Festival,J040,City Market,43925,Weekend,True,Clear,False,0.0,False,True,0.88,High,12.1,77.4,386.5,0.19,0.439,0.871,Road closure for event/procession - full detour recommended for through-traffic
EVT420250,2025-03-29 19:03:29,Trade Fair,J040,City Market,14409,Weekend,False,Clear,False,0.0,False,False,0.848,Severe,12.8,57.0,364.3,0.16,0.369,0.943,Heavy congestion detected - signal timing extended and reroute suggested
EVT420251,2025-11-20 12:31:40,Trade Fair,J023,Basavanagudi,5706,Weekday,False,Rain,True,14.5,False,False,0.421,Moderate,26.4,29.2,114.6,0.085,0.196,0.897,Light rain detected - minor speed reduction advised
EVT420252,2026-06-19 09:38:49,Sports Fixture,J031,Cubbon Road,41965,Weekday,False,Rain,True,9.5,False,False,1.0,Severe,7.6,72.7,699.3,0.239,0.553,0.875,Heavy rain reducing visibility and grip - reduced speed and longer buffer advised
EVT420253,2026-06-24 13:46:44,Sports Fixture,J040,City Market,18728,Weekday,False,Rain,True,21.5,False,False,0.49,Moderate,28.7,30.9,252.7,0.195,0.45,0.9,Light rain detected - minor speed reduction advised
EVT420254,2025-04-30 09:21:29,Sports Fixture,J040,City Market,12260,Weekday,False,Clear,False,0.0,False,False,1.0,Severe,9.6,70.1,560.3,0.222,0.513,0.952,Heavy congestion detected - signal timing extended and reroute suggested
EVT420255,2025-03-06 08:10:34,Trade Fair,J031,Cubbon Road,9995,Weekday,False,Clear,False,0.0,False,False,0.878,Severe,12.1,60.9,369.5,0.168,0.387,0.932,Heavy congestion detected - signal timing extended and reroute suggested
EVT420256,2025-10-18 11:25:46,Political Rally,J030,MG Road,10705,Weekend,False,Clear,False,0.0,False,False,0.369,Moderate,33.1,28.0,143.8,0.135,0.311,0.988,Moderate traffic flow - standard adaptive signal timing in effect
EVT420257,2026-05-02 08:05:01,Religious Festival,J020,Malleshwaram Circle,38451,Weekend,True,Clear,False,0.0,False,True,1.0,Severe,10.6,103.7,382.4,0.178,0.411,0.817,Road closure for event/procession - full detour recommended for through-traffic
EVT420258,2025-10-29 07:33:55,Concert,J012,Koramangala Sony World,16471,Weekday,False,Clear,False,0.0,False,False,0.667,High,16.7,46.9,268.9,0.144,0.332,0.956,Moderate traffic flow - standard adaptive signal timing in effect
EVT420259,2025-02-01 08:30:53,Trade Fair,J011,Indiranagar 100ft Road,8727,Weekend,False,Clear,False,0.0,False,False,0.83,Severe,10.5,56.9,274.9,0.117,0.271,0.952,Heavy congestion detected - signal timing extended and reroute suggested
EVT420260,2026-04-17 12:59:00,Trade Fair,J040,City Market,6906,Weekday,False,Light Rain,True,6.0,False,False,0.404,Moderate,27.8,37.0,135.9,0.103,0.238,0.917,Light rain detected - minor speed reduction advised
EVT420261,2026-01-09 22:04:47,Sports Fixture,J030,MG Road,32007,Weekday,False,Clear,False,0.0,False,False,0.341,Low,31.1,21.9,192.1,0.184,0.425,0.974,Moderate traffic flow - standard adaptive signal timing in effect
EVT420262,2026-04-09 06:51:16,Concert,J031,Cubbon Road,13603,Weekday,False,Rain,True,22.3,False,False,0.687,High,19.9,54.1,199.7,0.113,0.261,0.9,Heavy rain reducing visibility and grip - reduced speed and longer buffer advised
EVT420263,2025-12-28 13:17:00,Concert,J020,Malleshwaram Circle,27835,Weekend,False,Clear,False,0.0,False,False,0.406,Moderate,24.0,24.1,330.6,0.24,0.555,0.969,Moderate traffic flow - standard adaptive signal timing in effect
EVT420264,2026-04-04 18:13:00,Trade Fair,J020,Malleshwaram Circle,7372,Weekend,False,Clear,False,0.0,False,False,0.878,Severe,12.3,56.4,303.6,0.139,0.322,0.939,Heavy congestion detected - signal timing extended and reroute suggested
EVT420265,2025-09-05 11:36:13,Fireworks Display,J023,Basavanagudi,23923,Weekday,True,Fog,False,0.0,False,False,0.633,High,28.0,43.8,213.9,0.171,0.395,0.927,Festival crowd surge detected - alternate route and extended cycle recommended
EVT420266,2026-04-19 12:06:39,Trade Fair,J011,Indiranagar 100ft Road,9684,Weekend,False,Clear,False,0.0,False,False,0.321,Low,25.3,20.5,229.3,0.157,0.363,0.948,Moderate traffic flow - standard adaptive signal timing in effect
EVT420267,2025-01-14 17:57:41,Cultural Procession,J009,Majestic,15847,Weekday,True,Clear,False,0.0,False,True,1.0,Severe,7.2,95.6,315.2,0.128,0.296,0.838,Road closure for event/procession - full detour recommended for through-traffic
EVT420268,2026-03-03 16:50:01,Local Market Day,J012,Koramangala Sony World,5066,Weekday,False,Clear,False,0.0,False,False,0.682,High,18.6,48.3,338.8,0.2,0.462,0.936,Moderate traffic flow - standard adaptive signal timing in effect
EVT420269,2026-03-10 07:42:34,Concert,J009,Majestic,11792,Weekday,False,Fog,False,0.0,False,False,0.719,High,17.5,54.8,326.0,0.182,0.42,0.931,Moderate traffic flow - standard adaptive signal timing in effect
EVT420270,2025-06-14 10:50:14,Sports Fixture,J023,Basavanagudi,33243,Weekend,False,Heavy Rain,True,32.8,False,False,0.92,Severe,9.1,66.0,747.8,0.25,0.577,0.89,Heavy rain reducing visibility and grip - reduced speed and longer buffer advised
EVT420271,2025-11-05 09:46:56,Sports Fixture,J023,Basavanagudi,17172,Weekday,False,Light Rain,True,1.5,False,False,1.0,Severe,7.2,65.3,387.1,0.117,0.271,0.857,Heavy rain reducing visibility and grip - reduced speed and longer buffer advised
EVT420272,2025-09-26 11:08:24,Local Market Day,J020,Malleshwaram Circle,7213,Weekday,False,Clear,False,0.0,False,False,0.355,Moderate,29.7,26.7,162.6,0.125,0.288,0.952,Moderate traffic flow - standard adaptive signal timing in effect
EVT420273,2025-02-13 09:12:50,Local Market Day,J031,Cubbon Road,4693,Weekday,False,Clear,False,0.0,False,False,1.0,Severe,9.8,69.7,630.1,0.231,0.534,0.909,Heavy congestion detected - signal timing extended and reroute suggested
EVT420274,2026-02-17 08:55:04,Concert,J031,Cubbon Road,8293,Weekday,False,Clear,False,0.0,False,False,0.992,Severe,10.5,70.4,393.9,0.17,0.393,0.912,Heavy congestion detected - signal timing extended and reroute suggested
EVT420275,2025-05-05 19:09:04,Sports Fixture,J020,Malleshwaram Circle,40612,Weekday,False,Clear,False,0.0,False,False,1.0,Severe,9.1,68.8,389.9,0.16,0.369,0.925,Heavy congestion detected - signal timing extended and reroute suggested
EVT420276,2026-06-06 13:14:40,Sports Fixture,J011,Indiranagar 100ft Road,10469,Weekend,False,Clear,False,0.0,False,False,0.259,Low,35.6,19.5,155.9,0.155,0.358,0.986,Moderate traffic flow - standard adaptive signal timing in effect
EVT420277,2025-02-09 09:56:15,Political Rally,J009,Majestic,20651,Weekend,False,Clear,False,0.0,False,False,0.95,Severe,9.1,67.7,184.0,0.09,0.208,0.928,Heavy congestion detected - signal timing extended and reroute suggested
EVT420278,2026-04-08 09:35:48,Political Rally,J030,MG Road,14918,Weekday,False,Clear,False,0.0,False,False,0.941,Severe,7.9,63.6,853.2,0.264,0.609,0.908,Heavy congestion detected - signal timing extended and reroute suggested
EVT420279,2026-03-01 18:39:43,Concert,J020,Malleshwaram Circle,17199,Weekend,False,Clear,False,0.0,False,False,0.892,Severe,14.5,68.1,336.0,0.188,0.435,0.95,Heavy congestion detected - signal timing extended and reroute suggested
EVT420280,2026-01-08 12:07:16,Sports Fixture,J020,Malleshwaram Circle,29627,Weekday,False,Clear,False,0.0,False,False,0.356,Moderate,32.7,29.4,177.0,0.155,0.358,0.985,Moderate traffic flow - standard adaptive signal timing in effect
EVT420281,2026-01-01 14:25:14,Religious Festival,J020,Malleshwaram Circle,30157,Weekday,True,Clear,False,0.0,False,True,0.714,High,17.1,77.4,231.2,0.132,0.305,0.88,Road closure for event/procession - full detour recommended for through-traffic
EVT420282,2025-03-23 10:08:21,Sports Fixture,J030,MG Road,12901,Weekend,False,Clear,False,0.0,False,False,0.716,High,15.9,47.0,331.2,0.189,0.436,0.99,Moderate traffic flow - standard adaptive signal timing in effect
EVT420283,2025-03-27 18:52:37,Local Market Day,J040,City Market,3102,Weekday,False,Clear,False,0.0,False,False,0.987,Severe,8.9,67.7,674.2,0.246,0.569,0.906,Heavy congestion detected - signal timing extended and reroute suggested
EVT420284,2025-02-15 10:54:01,Political Rally,J031,Cubbon Road,21985,Weekend,False,Clear,False,0.0,False,False,0.59,High,16.0,43.0,239.6,0.161,0.371,0.953,Moderate traffic flow - standard adaptive signal timing in effect
EVT420285,2025-12-20 15:33:42,Local Market Day,J023,Basavanagudi,2596,Weekend,False,Clear,False,0.0,False,False,0.445,Moderate,23.1,31.4,302.1,0.231,0.533,0.964,Moderate traffic flow - standard adaptive signal timing in effect
EVT420286,2025-01-26 16:05:48,Religious Festival,J011,Indiranagar 100ft Road,66785,Weekend,True,Clear,False,0.0,False,True,1.0,Severe,8.8,103.1,473.2,0.171,0.395,0.847,Road closure for event/procession - full detour recommended for through-traffic
EVT420287,2025-01-15 07:17:09,Cultural Procession,J012,Koramangala Sony World,26079,Weekday,True,Clear,False,0.0,False,True,1.0,Severe,5.7,100.8,977.9,0.242,0.56,0.82,Road closure for event/procession - full detour recommended for through-traffic
EVT420288,2026-01-14 08:03:10,Cultural Procession,J031,Cubbon Road,16489,Weekday,True,Fog,False,0.0,False,True,1.0,Severe,7.9,95.7,792.0,0.247,0.57,0.879,Road closure for event/procession - full detour recommended for through-traffic
EVT420289,2025-02-26 19:33:43,Trade Fair,J011,Indiranagar 100ft Road,16527,Weekday,False,Clear,False,0.0,False,False,0.902,Severe,10.2,62.4,457.0,0.177,0.409,0.937,Heavy congestion detected - signal timing extended and reroute suggested
EVT420290,2025-03-26 11:03:48,Concert,J011,Indiranagar 100ft Road,11400,Weekday,False,Clear,False,0.0,False,False,0.476,Moderate,30.6,40.4,255.5,0.225,0.52,0.962,Moderate traffic flow - standard adaptive signal timing in effect
EVT420291,2025-11-03 17:33:58,Sports Fixture,J009,Majestic,36385,Weekday,False,Clear,False,0.0,False,False,1.0,Severe,7.3,74.7,805.5,0.241,0.557,0.925,Heavy congestion detected - signal timing extended and reroute suggested
EVT420292,2026-05-21 17:17:45,Sports Fixture,J012,Koramangala Sony World,15736,Weekday,False,Clear,False,0.0,False,False,0.824,Severe,14.7,57.3,534.1,0.288,0.665,0.959,Heavy congestion detected - signal timing extended and reroute suggested
EVT420293,2025-10-30 17:13:21,Local Market Day,J040,City Market,3385,Weekday,False,Clear,False,0.0,False,False,0.879,Severe,14.2,63.3,426.5,0.224,0.518,0.93,Heavy congestion detected - signal timing extended and reroute suggested
EVT420294,2025-04-10 18:45:01,Sports Fixture,J020,Malleshwaram Circle,24762,Weekday,False,Clear,False,0.0,False,False,1.0,Severe,7.1,66.9,673.7,0.187,0.431,0.916,Heavy congestion detected - signal timing extended and reroute suggested
EVT420295,2026-01-17 09:35:59,Local Market Day,J009,Majestic,2208,Weekend,False,Clear,False,0.0,False,False,0.802,Severe,14.0,62.8,238.6,0.133,0.306,0.951,Heavy congestion detected - signal timing extended and reroute suggested
EVT420296,2025-08-03 08:18:31,Sports Fixture,J020,Malleshwaram Circle,30400,Weekend,False,Heavy Rain,True,96.8,False,False,1.0,Severe,9.1,72.3,321.6,0.166,0.383,0.843,Heavy rain reducing visibility and grip - reduced speed and longer buffer advised
EVT420297,2025-03-15 19:21:22,Cultural Procession,J023,Basavanagudi,25017,Weekend,True,Clear,False,0.0,False,False,1.0,Severe,8.7,75.9,530.1,0.19,0.44,0.857,Festival crowd surge detected - alternate route and extended cycle recommended
EVT420298,2025-05-25 04:18:27,Sports Fixture,J009,Majestic,14890,Weekend,False,Clear,False,0.0,False,False,0.337,Low,25.8,22.1,117.3,0.065,0.15,0.971,Moderate traffic flow - standard adaptive signal timing in effect
EVT420299,2025-11-09 22:23:21,Local Market Day,J012,Koramangala Sony World,2707,Weekend,False,Clear,False,0.0,False,False,0.227,Low,35.0,15.1,155.5,0.139,0.321,0.975,Normal free-flow traffic - standard signal timing maintained
EVT420300,2026-05-05 13:28:41,Sports Fixture,J012,Koramangala Sony World,32012,Weekday,False,Clear,False,0.0,False,False,0.405,Moderate,25.0,29.5,114.0,0.087,0.2,0.962,Moderate traffic flow - standard adaptive signal timing in effect
EVT420301,2026-06-08 10:06:35,Local Market Day,J012,Koramangala Sony World,5310,Weekday,False,Heavy Rain,True,36.8,False,False,1.0,Severe,7.9,67.7,249.2,0.1,0.231,0.84,Heavy rain reducing visibility and grip - reduced speed and longer buffer advised
EVT420302,2025-06-27 12:44:50,Political Rally,J031,Cubbon Road,13294,Weekday,False,Light Rain,True,2.9,False,False,0.316,Low,33.5,28.4,165.6,0.162,0.374,0.903,Light rain detected - minor speed reduction advised
EVT420303,2025-08-15 07:32:47,Religious Festival,J012,Koramangala Sony World,62023,Weekday,True,Rain,True,17.6,False,False,1.0,Severe,9.7,69.7,435.6,0.17,0.392,0.812,Festival crowd surge detected - alternate route and extended cycle recommended
EVT420304,2026-05-23 18:07:37,Local Market Day,J040,City Market,3394,Weekend,False,Clear,False,0.0,False,False,0.865,Severe,13.3,62.3,442.8,0.217,0.501,0.935,Heavy congestion detected - signal timing extended and reroute suggested
EVT420305,2025-02-10 10:53:38,Sports Fixture,J020,Malleshwaram Circle,23247,Weekday,False,Clear,False,0.0,False,False,0.569,High,28.5,43.5,184.4,0.154,0.356,0.99,Moderate traffic flow - standard adaptive signal timing in effect
EVT420306,2025-10-08 10:35:55,Sports Fixture,J009,Majestic,22420,Weekday,False,Clear,False,0.0,False,False,0.604,High,24.5,45.6,254.1,0.197,0.456,0.979,Moderate traffic flow - standard adaptive signal timing in effect
EVT420307,2025-01-05 12:00:43,Local Market Day,J023,Basavanagudi,3206,Weekend,False,Clear,False,0.0,False,False,0.281,Low,31.5,19.2,153.1,0.135,0.312,0.973,Moderate traffic flow - standard adaptive signal timing in effect
EVT420308,2025-11-01 16:12:26,Fireworks Display,J040,City Market,22845,Weekend,True,Clear,False,0.0,False,False,0.834,Severe,16.1,59.2,295.9,0.163,0.377,0.885,Festival crowd surge detected - alternate route and extended cycle recommended
EVT420309,2025-05-04 12:19:20,Trade Fair,J040,City Market,7725,Weekend,False,Rain,True,8.7,False,False,0.505,Moderate,22.1,34.3,267.8,0.17,0.393,0.936,Light rain detected - minor speed reduction advised
EVT420310,2025-10-31 08:27:53,Sports Fixture,J012,Koramangala Sony World,34039,Weekday,False,Clear,False,0.0,False,False,1.0,Severe,8.5,68.9,614.3,0.236,0.545,0.917,Heavy congestion detected - signal timing extended and reroute suggested
EVT420311,2025-04-20 22:12:31,Concert,J012,Koramangala Sony World,16396,Weekend,False,Clear,False,0.0,False,False,0.383,Moderate,32.5,25.9,95.3,0.068,0.158,0.961,Moderate traffic flow - standard adaptive signal timing in effect
EVT420312,2025-11-15 09:53:24,Political Rally,J031,Cubbon Road,14379,Weekend,False,Clear,False,0.0,False,False,0.804,Severe,15.3,55.1,241.4,0.135,0.312,0.953,Heavy congestion detected - signal timing extended and reroute suggested
EVT420313,2025-09-04 14:42:11,Concert,J023,Basavanagudi,9105,Weekday,False,Heavy Rain,True,32.3,False,False,0.639,High,21.2,46.7,329.7,0.239,0.552,0.92,Heavy rain reducing visibility and grip - reduced speed and longer buffer advised
EVT420314,2025-11-11 19:39:07,Concert,J030,MG Road,13989,Weekday,False,Light Rain,True,7.1,False,False,0.993,Severe,6.1,76.1,885.5,0.213,0.492,0.868,Heavy rain reducing visibility and grip - reduced speed and longer buffer advised
EVT420315,2026-02-05 20:06:06,Concert,J023,Basavanagudi,7300,Weekday,False,Clear,False,0.0,False,False,0.743,High,19.4,53.0,344.1,0.227,0.523,0.971,Moderate traffic flow - standard adaptive signal timing in effect
EVT420316,2026-01-08 11:48:04,Sports Fixture,J023,Basavanagudi,18462,Weekday,False,Clear,False,0.0,False,False,0.378,Moderate,33.7,25.8,132.0,0.128,0.296,0.942,Moderate traffic flow - standard adaptive signal timing in effect
EVT420317,2025-11-22 22:45:25,Sports Fixture,J030,MG Road,19390,Weekend,False,Light Rain,True,7.4,False,False,0.577,High,21.6,36.1,216.3,0.131,0.303,0.935,Heavy rain reducing visibility and grip - reduced speed and longer buffer advised
EVT420318,2026-05-27 08:10:58,Sports Fixture,J023,Basavanagudi,11485,Weekday,False,Clear,False,0.0,False,False,0.936,Severe,10.1,71.5,295.0,0.14,0.323,0.911,Heavy congestion detected - signal timing extended and reroute suggested
EVT420319,2026-02-23 16:19:07,Local Market Day,J031,Cubbon Road,5493,Weekday,False,Clear,False,0.0,False,False,0.607,High,18.0,41.9,334.3,0.2,0.462,0.934,Moderate traffic flow - standard adaptive signal timing in effect
EVT420320,2025-11-30 08:56:52,Sports Fixture,J030,MG Road,36188,Weekend,False,Clear,False,0.0,False,False,1.0,Severe,9.6,72.2,965.7,0.316,0.73,0.903,Heavy congestion detected - signal timing extended and reroute suggested
EVT420321,2026-04-10 12:28:56,Local Market Day,J009,Majestic,7080,Weekday,False,Clear,False,0.0,False,False,0.269,Low,31.1,16.0,62.9,0.05,0.115,0.99,Moderate traffic flow - standard adaptive signal timing in effect
EVT420322,2025-01-26 19:11:50,Religious Festival,J031,Cubbon Road,38283,Weekend,True,Clear,False,0.0,False,False,1.0,Severe,7.5,71.3,353.8,0.116,0.269,0.841,Festival crowd surge detected - alternate route and extended cycle recommended
EVT420323,2025-04-08 21:17:32,Sports Fixture,J031,Cubbon Road,22546,Weekday,False,Clear,False,0.0,False,False,0.405,Moderate,27.6,26.1,183.8,0.145,0.336,0.969,Moderate traffic flow - standard adaptive signal timing in effect
EVT420324,2026-03-22 18:25:09,Concert,J009,Majestic,8510,Weekend,False,Clear,False,0.0,False,False,0.958,Severe,9.9,65.7,514.7,0.217,0.501,0.916,Heavy congestion detected - signal timing extended and reroute suggested
EVT420325,2025-05-20 18:25:34,Concert,J020,Malleshwaram Circle,14761,Weekday,False,Clear,False,0.0,False,False,1.0,Severe,9.6,74.2,516.2,0.19,0.438,0.91,Heavy congestion detected - signal timing extended and reroute suggested
EVT420326,2025-10-26 08:43:28,Local Market Day,J031,Cubbon Road,2852,Weekend,False,Clear,False,0.0,False,False,0.876,Severe,11.6,65.5,234.8,0.108,0.249,0.913,Heavy congestion detected - signal timing extended and reroute suggested
EVT420327,2026-05-19 12:43:38,Sports Fixture,J040,City Market,23363,Weekday,False,Clear,False,0.0,False,False,0.293,Low,27.5,20.4,149.3,0.108,0.25,0.929,Moderate traffic flow - standard adaptive signal timing in effect
EVT420328,2025-06-04 03:36:16,Local Market Day,J023,Basavanagudi,3420,Weekday,False,Rain,True,22.6,False,False,0.476,Moderate,27.1,30.7,239.3,0.212,0.49,0.909,Light rain detected - minor speed reduction advised
EVT420329,2025-04-27 18:10:31,Local Market Day,J030,MG Road,3139,Weekend,False,Clear,False,0.0,False,False,0.824,Severe,12.7,63.2,324.0,0.166,0.383,0.951,Heavy congestion detected - signal timing extended and reroute suggested
EVT420330,2026-03-01 10:43:10,Trade Fair,J023,Basavanagudi,8986,Weekend,False,Clear,False,0.0,False,False,0.613,High,24.5,45.3,278.9,0.224,0.518,0.983,Moderate traffic flow - standard adaptive signal timing in effect
EVT420331,2025-08-01 20:59:19,Sports Fixture,J030,MG Road,35664,Weekday,False,Light Rain,True,4.6,True,False,1.0,Severe,8.7,70.3,522.0,0.175,0.403,0.698,Accident detected nearby - reroute and reduced speed advised
EVT420332,2025-08-29 14:14:14,Local Market Day,J031,Cubbon Road,10417,Weekday,False,Clear,False,0.0,False,False,0.172,Low,36.9,8.6,176.3,0.162,0.373,0.952,Normal free-flow traffic - standard signal timing maintained
EVT420333,2025-02-09 06:05:38,Sports Fixture,J009,Majestic,14680,Weekend,False,Light Rain,True,1.3,False,False,0.4,Moderate,29.0,28.1,134.0,0.101,0.234,0.91,Light rain detected - minor speed reduction advised
EVT420334,2025-07-26 00:27:13,Concert,J012,Koramangala Sony World,23541,Weekend,False,Clear,False,0.0,False,False,0.382,Moderate,28.6,28.7,194.6,0.155,0.358,0.957,Moderate traffic flow - standard adaptive signal timing in effect
EVT420335,2025-08-19 13:32:55,Local Market Day,J009,Majestic,4859,Weekday,False,Rain,True,10.1,False,False,0.268,Low,32.4,18.6,134.4,0.101,0.234,0.945,Light rain detected - minor speed reduction advised
EVT420336,2026-05-26 15:07:28,Local Market Day,J012,Koramangala Sony World,4628,Weekday,False,Clear,False,0.0,False,False,0.261,Low,30.7,17.6,67.9,0.039,0.089,0.949,Moderate traffic flow - standard adaptive signal timing in effect
EVT420337,2026-04-17 17:33:36,Local Market Day,J031,Cubbon Road,4485,Weekday,False,Clear,False,0.0,False,False,0.97,Severe,7.9,76.6,463.9,0.154,0.357,0.925,Heavy congestion detected - signal timing extended and reroute suggested
EVT420338,2026-05-02 20:03:52,Religious Festival,J012,Koramangala Sony World,38398,Weekend,True,Clear,False,0.0,False,False,1.0,Severe,8.1,69.6,612.6,0.214,0.495,0.826,Festival crowd surge detected - alternate route and extended cycle recommended
EVT420339,2025-02-21 20:02:27,Local Market Day,J012,Koramangala Sony World,5214,Weekday,False,Clear,False,0.0,False,False,0.803,Severe,18.1,55.9,354.6,0.218,0.503,0.967,Heavy congestion detected - signal timing extended and reroute suggested
EVT420340,2025-01-21 12:57:03,Local Market Day,J040,City Market,3596,Weekday,False,Clear,False,0.0,False,False,0.19,Low,34.7,13.3,178.6,0.159,0.366,0.96,Normal free-flow traffic - standard signal timing maintained
EVT420341,2026-06-21 18:47:09,Trade Fair,J030,MG Road,9964,Weekend,False,Fog,False,0.0,False,False,0.926,Severe,11.4,67.8,495.4,0.196,0.454,0.947,Heavy congestion detected - signal timing extended and reroute suggested
EVT420342,2025-09-27 17:23:03,Sports Fixture,J031,Cubbon Road,37153,Weekend,False,Clear,False,0.0,False,False,0.873,Severe,11.2,67.4,383.6,0.153,0.354,0.964,Heavy congestion detected - signal timing extended and reroute suggested
EVT420343,2026-04-22 08:42:03,Trade Fair,J011,Indiranagar 100ft Road,7539,Weekday,False,Clear,False,0.0,False,False,0.982,Severe,8.1,75.5,635.6,0.213,0.492,0.91,Heavy congestion detected - signal timing extended and reroute suggested
EVT420344,2025-02-01 09:36:36,Sports Fixture,J011,Indiranagar 100ft Road,23462,Weekend,False,Clear,False,0.0,False,False,0.955,Severe,10.3,70.5,409.7,0.172,0.398,0.941,Heavy congestion detected - signal timing extended and reroute suggested
EVT420345,2026-04-06 10:27:43,Concert,J031,Cubbon Road,11154,Weekday,False,Clear,False,0.0,False,False,0.645,High,23.3,44.9,169.7,0.108,0.25,0.95,Moderate traffic flow - standard adaptive signal timing in effect
EVT420346,2025-04-29 22:34:38,Sports Fixture,J020,Malleshwaram Circle,33861,Weekday,False,Clear,False,0.0,False,False,0.338,Low,26.7,19.6,145.0,0.113,0.26,0.95,Moderate traffic flow - standard adaptive signal timing in effect
EVT420347,2026-06-28 18:13:46,Local Market Day,J023,Basavanagudi,2303,Weekend,False,Clear,False,0.0,False,False,0.926,Severe,10.7,67.7,504.9,0.202,0.467,0.955,Heavy congestion detected - signal timing extended and reroute suggested
EVT420348,2026-05-19 19:13:46,Local Market Day,J030,MG Road,3877,Weekday,False,Clear,False,0.0,False,False,0.822,Severe,10.8,62.9,192.3,0.108,0.249,0.94,Heavy congestion detected - signal timing extended and reroute suggested
EVT420349,2025-04-09 00:43:09,Local Market Day,J030,MG Road,4304,Weekday,False,Clear,False,0.0,False,False,0.136,Low,37.0,6.9,122.0,0.104,0.24,0.982,Normal free-flow traffic - standard signal timing maintained
EVT420350,2025-01-06 10:40:51,Political Rally,J011,Indiranagar 100ft Road,14095,Weekday,False,Clear,False,0.0,False,False,0.599,High,24.2,47.1,365.9,0.25,0.578,0.95,Moderate traffic flow - standard adaptive signal timing in effect
EVT420351,2025-08-25 10:06:59,Local Market Day,J040,City Market,4967,Weekday,False,Heavy Rain,True,36.0,False,False,1.0,Severe,9.0,73.0,451.6,0.178,0.41,0.887,Heavy rain reducing visibility and grip - reduced speed and longer buffer advised
EVT420352,2025-05-18 19:13:59,Political Rally,J020,Malleshwaram Circle,13379,Weekend,False,Clear,False,0.0,False,False,0.89,Severe,12.0,66.3,479.5,0.222,0.512,0.938,Heavy congestion detected - signal timing extended and reroute suggested
EVT420353,2026-04-14 11:59:07,Religious Festival,J009,Majestic,64688,Weekday,True,Clear,False,0.0,False,True,0.969,Severe,10.8,88.1,224.2,0.116,0.268,0.826,Road closure for event/procession - full detour recommended for through-traffic
EVT420354,2025-01-23 20:47:35,Local Market Day,J009,Majestic,7743,Weekday,False,Clear,False,0.0,False,False,0.519,Moderate,24.4,35.0,282.2,0.203,0.47,0.971,Moderate traffic flow - standard adaptive signal timing in effect
EVT420355,2025-09-02 08:38:40,Sports Fixture,J023,Basavanagudi,18266,Weekday,False,Rain,True,24.1,False,False,1.0,Severe,7.5,67.3,588.6,0.181,0.418,0.859,Heavy rain reducing visibility and grip - reduced speed and longer buffer advised
EVT420356,2025-07-23 20:26:03,Concert,J031,Cubbon Road,11250,Weekday,False,Rain,True,18.5,False,False,0.761,Severe,16.0,49.3,247.2,0.138,0.319,0.938,Heavy rain reducing visibility and grip - reduced speed and longer buffer advised
EVT420357,2025-05-06 20:04:50,Local Market Day,J012,Koramangala Sony World,5727,Weekday,False,Rain,True,17.8,False,False,0.931,Severe,11.9,67.9,294.8,0.14,0.323,0.881,Heavy rain reducing visibility and grip - reduced speed and longer buffer advised
EVT420358,2026-04-11 18:26:28,Sports Fixture,J020,Malleshwaram Circle,22332,Weekend,False,Clear,False,0.0,False,False,0.989,Severe,8.2,74.1,570.5,0.195,0.45,0.935,Heavy congestion detected - signal timing extended and reroute suggested
EVT420359,2025-02-16 14:17:39,Political Rally,J011,Indiranagar 100ft Road,12098,Weekend,False,Clear,False,0.0,False,False,0.323,Low,30.2,23.7,173.2,0.144,0.333,0.974,Moderate traffic flow - standard adaptive signal timing in effect
EVT420360,2025-03-01 13:15:33,Concert,J020,Malleshwaram Circle,14099,Weekend,False,Rain,True,12.8,False,False,0.503,Moderate,26.0,31.8,256.2,0.201,0.464,0.919,Light rain detected - minor speed reduction advised
EVT420361,2025-04-13 13:30:36,Political Rally,J012,Koramangala Sony World,11361,Weekend,False,Clear,False,0.0,False,False,0.307,Low,29.9,26.0,135.9,0.112,0.258,0.951,Moderate traffic flow - standard adaptive signal timing in effect
EVT420362,2025-11-08 10:31:46,Concert,J009,Majestic,6415,Weekend,False,Clear,False,0.0,False,False,0.54,Moderate,26.7,40.4,233.7,0.175,0.404,0.99,Moderate traffic flow - standard adaptive signal timing in effect
EVT420363,2025-12-30 17:42:11,Trade Fair,J030,MG Road,7141,Weekday,False,Clear,False,0.0,False,False,0.888,Severe,11.2,67.5,500.1,0.224,0.517,0.94,Heavy congestion detected - signal timing extended and reroute suggested
EVT420364,2025-09-22 18:51:24,Concert,J012,Koramangala Sony World,11316,Weekday,False,Clear,False,0.0,False,False,1.0,Severe,9.3,74.7,344.8,0.144,0.333,0.913,Heavy congestion detected - signal timing extended and reroute suggested
EVT420365,2025-02-25 18:22:17,Sports Fixture,J030,MG Road,10997,Weekday,False,Clear,False,0.0,False,False,1.0,Severe,9.0,71.9,272.4,0.116,0.269,0.916,Heavy congestion detected - signal timing extended and reroute suggested
EVT420366,2026-01-25 08:37:59,Concert,J009,Majestic,13947,Weekend,False,Clear,False,0.0,False,False,0.941,Severe,11.9,66.8,559.0,0.235,0.542,0.952,Heavy congestion detected - signal timing extended and reroute suggested
EVT420367,2025-08-03 07:10:36,Local Market Day,J040,City Market,8083,Weekend,False,Clear,False,0.0,False,False,0.506,Moderate,27.8,40.1,179.6,0.151,0.349,0.968,Moderate traffic flow - standard adaptive signal timing in effect
EVT420368,2026-03-02 09:58:25,Local Market Day,J023,Basavanagudi,3515,Weekday,False,Clear,False,0.0,False,False,0.744,High,20.0,52.2,279.8,0.186,0.429,0.959,Moderate traffic flow - standard adaptive signal timing in effect
EVT420369,2026-06-22 15:19:05,Political Rally,J030,MG Road,27095,Weekday,False,Rain,True,20.5,False,False,0.612,High,21.4,48.8,255.1,0.163,0.376,0.922,Heavy rain reducing visibility and grip - reduced speed and longer buffer advised
EVT420370,2025-02-22 17:40:49,Local Market Day,J011,Indiranagar 100ft Road,4623,Weekend,False,Clear,False,0.0,False,False,0.876,Severe,12.9,66.2,355.4,0.167,0.386,0.935,Heavy congestion detected - signal timing extended and reroute suggested
EVT420371,2026-05-13 18:10:23,Sports Fixture,J009,Majestic,17532,Weekday,False,Clear,False,0.0,False,False,1.0,Severe,8.3,70.2,757.4,0.272,0.627,0.916,Heavy congestion detected - signal timing extended and reroute suggested
EVT420372,2025-09-14 13:14:58,Local Market Day,J012,Koramangala Sony World,2761,Weekend,False,Rain,True,20.8,False,False,0.382,Moderate,29.2,25.7,162.4,0.119,0.275,0.92,Light rain detected - minor speed reduction advised
EVT420373,2025-03-29 07:51:04,Concert,J020,Malleshwaram Circle,9243,Weekend,False,Fog,False,0.0,False,False,0.718,High,14.9,56.6,269.7,0.135,0.312,0.966,Moderate traffic flow - standard adaptive signal timing in effect
EVT420374,2025-02-01 09:20:51,Local Market Day,J023,Basavanagudi,5546,Weekend,False,Clear,False,0.0,False,False,0.809,Severe,14.6,63.0,379.9,0.217,0.502,0.969,Heavy congestion detected - signal timing extended and reroute suggested
EVT420375,2025-06-03 19:08:59,Local Market Day,J011,Indiranagar 100ft Road,3773,Weekday,False,Heavy Rain,True,60.4,False,False,1.0,Severe,8.7,78.2,475.3,0.164,0.379,0.85,Heavy rain reducing visibility and grip - reduced speed and longer buffer advised
EVT420376,2025-10-04 20:29:09,Political Rally,J020,Malleshwaram Circle,31465,Weekend,False,Clear,False,0.0,False,False,0.674,High,20.7,51.5,193.5,0.116,0.267,0.97,Moderate traffic flow - standard adaptive signal timing in effect
EVT420377,2025-07-02 14:24:30,Local Market Day,J011,Indiranagar 100ft Road,3537,Weekday,False,Clear,False,0.0,False,False,0.204,Low,33.2,22.0,175.6,0.144,0.334,0.98,Normal free-flow traffic - standard signal timing maintained
EVT420378,2025-08-16 08:41:45,Religious Festival,J030,MG Road,69826,Weekend,True,Clear,False,0.0,False,True,1.0,Severe,9.9,99.6,560.6,0.24,0.554,0.824,Road closure for event/procession - full detour recommended for through-traffic
EVT420379,2025-04-15 10:28:10,Fireworks Display,J040,City Market,37176,Weekday,True,Clear,False,0.0,True,False,1.0,Severe,8.5,72.8,390.1,0.173,0.399,0.717,Accident detected nearby - reroute and reduced speed advised
EVT420380,2025-03-02 17:54:35,Concert,J023,Basavanagudi,27768,Weekend,False,Clear,False,0.0,False,False,0.979,Severe,9.1,70.8,348.7,0.134,0.309,0.915,Heavy congestion detected - signal timing extended and reroute suggested
EVT420381,2026-05-31 11:13:50,Local Market Day,J040,City Market,3572,Weekend,False,Clear,False,0.0,False,False,0.373,Moderate,27.3,25.4,143.0,0.118,0.272,0.978,Moderate traffic flow - standard adaptive signal timing in effect
EVT420382,2025-06-03 15:41:10,Concert,J012,Koramangala Sony World,11887,Weekday,False,Rain,True,11.2,False,False,0.59,High,16.7,43.9,381.3,0.198,0.457,0.918,Heavy rain reducing visibility and grip - reduced speed and longer buffer advised
EVT420383,2026-04-21 09:13:58,Sports Fixture,J020,Malleshwaram Circle,21094,Weekday,False,Clear,False,0.0,False,False,1.0,Severe,9.1,72.1,290.6,0.118,0.273,0.903,Heavy congestion detected - signal timing extended and reroute suggested
EVT420384,2025-01-14 18:16:46,Cultural Procession,J020,Malleshwaram Circle,22213,Weekday,True,Clear,False,0.0,False,True,1.0,Severe,9.1,99.4,621.1,0.23,0.532,0.82,Road closure for event/procession - full detour recommended for through-traffic
EVT420385,2025-08-08 09:27:45,Trade Fair,J009,Majestic,9289,Weekday,False,Clear,False,0.0,False,False,0.968,Severe,10.0,73.5,467.7,0.179,0.413,0.892,Heavy congestion detected - signal timing extended and reroute suggested
EVT420386,2025-07-26 21:58:00,Trade Fair,J020,Malleshwaram Circle,8569,Weekend,False,Heavy Rain,True,54.0,False,False,0.755,Severe,17.2,50.2,252.2,0.149,0.343,0.933,Heavy rain reducing visibility and grip - reduced speed and longer buffer advised
EVT420387,2025-11-30 15:00:25,Sports Fixture,J012,Koramangala Sony World,27478,Weekend,False,Clear,False,0.0,False,False,0.602,High,18.0,45.3,198.1,0.121,0.28,0.944,Moderate traffic flow - standard adaptive signal timing in effect
EVT420388,2025-03-29 08:25:00,Local Market Day,J040,City Market,3097,Weekend,False,Clear,False,0.0,False,False,0.779,Severe,16.1,56.1,273.4,0.148,0.341,0.946,Heavy congestion detected - signal timing extended and reroute suggested
EVT420389,2025-11-29 19:00:05,Concert,J040,City Market,18454,Weekend,False,Rain,True,21.3,False,False,1.0,Severe,9.8,70.1,685.6,0.245,0.567,0.865,Heavy rain reducing visibility and grip - reduced speed and longer buffer advised
EVT420390,2026-01-09 16:58:53,Sports Fixture,J031,Cubbon Road,18539,Weekday,False,Clear,False,0.0,False,False,0.801,Severe,12.8,56.5,433.2,0.195,0.451,0.945,Heavy congestion detected - signal timing extended and reroute suggested
EVT420391,2025-11-29 15:00:02,Sports Fixture,J023,Basavanagudi,21077,Weekend,False,Rain,True,9.2,False,False,0.512,Moderate,23.2,36.9,142.1,0.086,0.2,0.926,Light rain detected - minor speed reduction advised
EVT420392,2025-09-20 15:07:36,Sports Fixture,J023,Basavanagudi,11348,Weekend,False,Rain,True,15.9,False,False,0.534,Moderate,22.7,38.7,216.7,0.165,0.381,0.914,Light rain detected - minor speed reduction advised
EVT420393,2025-03-08 09:21:44,Trade Fair,J020,Malleshwaram Circle,11669,Weekend,False,Clear,False,0.0,False,False,0.896,Severe,9.2,63.5,523.6,0.174,0.403,0.933,Heavy congestion detected - signal timing extended and reroute suggested
EVT420394,2026-05-14 08:28:18,Trade Fair,J031,Cubbon Road,7555,Weekday,False,Clear,False,0.0,False,False,0.987,Severe,10.8,65.0,503.7,0.215,0.496,0.879,Heavy congestion detected - signal timing extended and reroute suggested
EVT420395,2025-07-28 06:40:06,Local Market Day,J023,Basavanagudi,3812,Weekday,False,Clear,False,0.0,False,False,0.383,Moderate,24.9,31.2,347.2,0.27,0.624,0.969,Moderate traffic flow - standard adaptive signal timing in effect
EVT420396,2025-01-20 17:37:15,Sports Fixture,J009,Majestic,18284,Weekday,False,Fog,False,0.0,False,False,0.956,Severe,10.3,66.0,427.9,0.167,0.386,0.915,Heavy congestion detected - signal timing extended and reroute suggested
EVT420397,2026-01-17 11:02:50,Local Market Day,J023,Basavanagudi,4322,Weekend,False,Clear,False,0.0,False,False,0.39,Moderate,35.9,26.5,96.7,0.076,0.175,0.973,Moderate traffic flow - standard adaptive signal timing in effect
EVT420398,2025-02-16 10:51:56,Trade Fair,J023,Basavanagudi,8431,Weekend,False,Clear,False,0.0,False,False,0.492,Moderate,29.3,35.6,196.4,0.171,0.396,0.975,Moderate traffic flow - standard adaptive signal timing in effect
EVT420399,2026-06-17 09:07:48,Sports Fixture,J040,City Market,28461,Weekday,False,Clear,False,0.0,False,False,1.0,Severe,8.7,70.0,490.1,0.146,0.337,0.928,Heavy congestion detected - signal timing extended and reroute suggested
EVT420400,2026-02-17 19:56:40,Local Market Day,J020,Malleshwaram Circle,6437,Weekday,False,Clear,False,0.0,False,False,0.843,Severe,15.6,59.4,311.4,0.171,0.395,0.931,Heavy congestion detected - signal timing extended and reroute suggested
EVT420401,2025-03-04 07:18:39,Sports Fixture,J031,Cubbon Road,23170,Weekday,False,Clear,False,0.0,False,False,0.639,High,19.0,47.3,375.5,0.238,0.551,0.953,Moderate traffic flow - standard adaptive signal timing in effect
EVT420402,2026-05-14 20:49:15,Political Rally,J012,Koramangala Sony World,12762,Weekday,False,Clear,False,0.0,False,False,0.508,Moderate,20.9,34.4,278.5,0.198,0.458,0.99,Moderate traffic flow - standard adaptive signal timing in effect
EVT420403,2025-06-13 08:51:08,Trade Fair,J020,Malleshwaram Circle,11507,Weekday,False,Rain,True,15.2,False,False,1.0,Severe,8.4,75.3,429.5,0.165,0.382,0.878,Heavy rain reducing visibility and grip - reduced speed and longer buffer advised
EVT420404,2025-11-05 16:37:43,Sports Fixture,J040,City Market,37947,Weekday,False,Light Rain,True,7.2,False,False,0.942,Severe,11.5,64.2,592.4,0.241,0.557,0.877,Heavy rain reducing visibility and grip - reduced speed and longer buffer advised
EVT420405,2025-04-01 20:25:25,Political Rally,J009,Majestic,17626,Weekday,False,Fog,False,0.0,False,False,0.63,High,19.3,50.8,267.6,0.158,0.366,0.972,Moderate traffic flow - standard adaptive signal timing in effect
EVT420406,2026-02-11 19:35:17,Sports Fixture,J020,Malleshwaram Circle,14704,Weekday,False,Clear,False,0.0,False,False,0.802,Severe,11.3,59.0,462.3,0.21,0.484,0.961,Heavy congestion detected - signal timing extended and reroute suggested
EVT420407,2026-06-21 10:51:25,Political Rally,J040,City Market,16965,Weekend,False,Clear,False,0.0,False,False,0.596,High,17.9,41.1,135.7,0.067,0.154,0.962,Moderate traffic flow - standard adaptive signal timing in effect
EVT420408,2025-01-22 21:46:38,Sports Fixture,J031,Cubbon Road,55587,Weekday,False,Clear,False,0.0,False,False,0.596,High,23.6,39.7,182.9,0.138,0.319,0.934,Moderate traffic flow - standard adaptive signal timing in effect
EVT420409,2025-12-19 15:36:03,Sports Fixture,J011,Indiranagar 100ft Road,24799,Weekday,False,Clear,False,0.0,False,False,0.525,Moderate,23.2,43.0,315.1,0.224,0.518,0.969,Moderate traffic flow - standard adaptive signal timing in effect
EVT420410,2025-05-09 14:21:57,Local Market Day,J030,MG Road,3030,Weekday,False,Clear,False,0.0,False,False,0.225,Low,36.2,14.7,114.2,0.1,0.232,0.956,Normal free-flow traffic - standard signal timing maintained
EVT420411,2026-03-13 18:50:24,Trade Fair,J009,Majestic,12311,Weekday,False,Fog,False,0.0,False,False,1.0,Severe,9.3,70.5,406.3,0.147,0.339,0.94,Heavy congestion detected - signal timing extended and reroute suggested
EVT420412,2025-05-16 20:15:40,Trade Fair,J011,Indiranagar 100ft Road,8653,Weekday,False,Clear,False,0.0,False,False,0.717,High,18.5,47.0,337.2,0.231,0.534,0.968,Moderate traffic flow - standard adaptive signal timing in effect
EVT420413,2025-09-23 09:56:42,Local Market Day,J031,Cubbon Road,3234,Weekday,False,Rain,True,18.2,False,False,0.969,Severe,10.6,67.0,466.8,0.189,0.438,0.844,Heavy rain reducing visibility and grip - reduced speed and longer buffer advised
EVT420414,2025-07-04 22:30:01,Political Rally,J020,Malleshwaram Circle,15080,Weekday,False,Heavy Rain,True,25.1,False,False,0.533,Moderate,25.1,38.6,226.0,0.165,0.38,0.893,Light rain detected - minor speed reduction advised
EVT420415,2026-06-20 11:56:54,Trade Fair,J020,Malleshwaram Circle,11741,Weekend,False,Clear,False,0.0,False,False,0.319,Low,28.5,26.4,106.7,0.086,0.199,0.965,Moderate traffic flow - standard adaptive signal timing in effect
EVT420416,2025-02-13 17:06:19,Concert,J020,Malleshwaram Circle,11570,Weekday,False,Fog,False,0.0,False,False,0.773,Severe,13.2,48.8,255.0,0.122,0.281,0.963,Heavy congestion detected - signal timing extended and reroute suggested
EVT420417,2025-02-12 16:08:18,Concert,J031,Cubbon Road,11464,Weekday,False,Clear,False,0.0,False,False,0.523,Moderate,30.1,41.2,135.1,0.102,0.236,0.988,Moderate traffic flow - standard adaptive signal timing in effect
EVT420418,2025-01-16 10:44:02,Concert,J040,City Market,11502,Weekday,False,Clear,False,0.0,False,False,0.611,High,23.1,42.7,197.6,0.13,0.3,0.945,Moderate traffic flow - standard adaptive signal timing in effect
EVT420419,2025-04-18 12:52:04,Local Market Day,J011,Indiranagar 100ft Road,5783,Weekday,False,Clear,False,0.0,False,False,0.269,Low,37.2,18.1,128.5,0.116,0.269,0.95,Moderate traffic flow - standard adaptive signal timing in effect
EVT420420,2025-03-08 08:03:04,Political Rally,J031,Cubbon Road,12930,Weekend,False,Clear,False,0.0,False,False,0.73,High,20.4,50.5,231.3,0.153,0.353,0.951,Moderate traffic flow - standard adaptive signal timing in effect
EVT420421,2026-05-10 17:22:11,Sports Fixture,J023,Basavanagudi,24946,Weekend,False,Clear,False,0.0,False,False,0.88,Severe,9.0,58.5,811.8,0.263,0.608,0.933,Heavy congestion detected - signal timing extended and reroute suggested
EVT420422,2025-03-23 14:22:17,Sports Fixture,J012,Koramangala Sony World,33230,Weekend,False,Clear,False,0.0,False,False,0.467,Moderate,28.1,38.3,168.0,0.127,0.294,0.99,Moderate traffic flow - standard adaptive signal timing in effect
EVT420423,2025-02-09 07:07:42,Trade Fair,J031,Cubbon Road,15379,Weekend,False,Clear,False,0.0,False,False,0.621,High,18.6,41.4,159.9,0.102,0.235,0.977,Moderate traffic flow - standard adaptive signal timing in effect
EVT420424,2025-02-14 23:53:18,Trade Fair,J031,Cubbon Road,10215,Weekday,False,Clear,False,0.0,False,False,0.273,Low,29.4,22.7,185.7,0.15,0.348,0.96,Moderate traffic flow - standard adaptive signal timing in effect
EVT420425,2025-10-22 17:17:30,Religious Festival,J009,Majestic,39502,Weekday,True,Clear,False,0.0,False,True,1.0,Severe,10.0,96.2,468.0,0.193,0.446,0.843,Road closure for event/procession - full detour recommended for through-traffic
EVT420426,2026-02-18 21:30:34,Trade Fair,J030,MG Road,9430,Weekday,False,Clear,False,0.0,False,False,0.347,Low,34.8,23.0,83.1,0.09,0.208,0.972,Moderate traffic flow - standard adaptive signal timing in effect
EVT420427,2025-02-19 18:21:46,Trade Fair,J020,Malleshwaram Circle,10419,Weekday,False,Clear,False,0.0,False,False,1.0,Severe,7.7,69.2,839.3,0.259,0.598,0.926,Heavy congestion detected - signal timing extended and reroute suggested
EVT420428,2025-05-03 15:28:40,Trade Fair,J009,Majestic,7134,Weekend,False,Clear,False,0.0,False,False,0.389,Moderate,26.7,24.8,179.6,0.104,0.24,0.968,Moderate traffic flow - standard adaptive signal timing in effect
EVT420429,2026-03-05 10:12:23,Religious Festival,J031,Cubbon Road,65854,Weekday,True,Clear,False,0.0,False,False,1.0,Severe,9.0,72.8,590.0,0.208,0.48,0.87,Festival crowd surge detected - alternate route and extended cycle recommended
EVT420430,2025-04-05 09:52:53,Trade Fair,J040,City Market,6820,Weekend,False,Clear,False,0.0,False,False,0.753,Severe,14.6,48.2,306.5,0.172,0.397,0.983,Heavy congestion detected - signal timing extended and reroute suggested
EVT420431,2025-07-17 19:38:03,Sports Fixture,J009,Majestic,13659,Weekday,False,Clear,False,0.0,False,False,0.92,Severe,10.6,59.2,160.5,0.084,0.195,0.915,Heavy congestion detected - signal timing extended and reroute suggested
EVT420432,2025-09-11 14:25:00,Concert,J030,MG Road,10814,Weekday,False,Clear,False,0.0,False,False,0.239,Low,39.4,17.6,52.8,0.058,0.133,0.958,Normal free-flow traffic - standard signal timing maintained
EVT420433,2025-10-31 09:39:35,Concert,J023,Basavanagudi,8749,Weekday,False,Clear,False,0.0,False,False,0.943,Severe,10.8,67.8,217.5,0.108,0.251,0.926,Heavy congestion detected - signal timing extended and reroute suggested
EVT420434,2025-12-08 19:33:04,Local Market Day,J040,City Market,5255,Weekday,False,Clear,False,0.0,False,False,0.793,Severe,17.6,56.7,158.2,0.085,0.197,0.952,Heavy congestion detected - signal timing extended and reroute suggested
EVT420435,2025-10-18 07:53:32,Concert,J011,Indiranagar 100ft Road,8359,Weekend,False,Clear,False,0.0,False,False,0.681,High,18.2,47.8,266.3,0.129,0.297,0.978,Moderate traffic flow - standard adaptive signal timing in effect
EVT420436,2026-03-07 09:36:31,Local Market Day,J020,Malleshwaram Circle,3448,Weekend,False,Clear,False,0.0,False,False,0.755,Severe,16.0,52.2,176.8,0.106,0.244,0.95,Heavy congestion detected - signal timing extended and reroute suggested
EVT420437,2025-12-07 17:36:14,Local Market Day,J011,Indiranagar 100ft Road,3891,Weekend,False,Clear,False,0.0,False,False,0.805,Severe,15.6,64.9,385.9,0.191,0.442,0.958,Heavy congestion detected - signal timing extended and reroute suggested
EVT420438,2025-02-12 04:30:37,Trade Fair,J011,Indiranagar 100ft Road,10135,Weekday,False,Clear,False,0.0,False,False,0.262,Low,37.2,20.2,142.0,0.126,0.292,0.958,Moderate traffic flow - standard adaptive signal timing in effect
EVT420439,2025-05-25 19:15:00,Sports Fixture,J031,Cubbon Road,21310,Weekend,False,Clear,False,0.0,False,False,0.914,Severe,12.7,65.3,159.7,0.096,0.221,0.904,Heavy congestion detected - signal timing extended and reroute suggested
EVT420440,2025-10-02 11:38:10,Cultural Procession,J020,Malleshwaram Circle,19935,Weekday,True,Rain,True,19.7,False,True,0.936,Severe,10.9,98.1,256.2,0.103,0.239,0.81,Road closure for event/procession - full detour recommended for through-traffic
EVT420441,2025-08-23 08:04:53,Concert,J009,Majestic,5990,Weekend,False,Light Rain,True,7.4,False,False,0.816,Severe,14.7,66.7,417.2,0.218,0.503,0.91,Heavy rain reducing visibility and grip - reduced speed and longer buffer advised
EVT420442,2025-08-16 18:31:33,Cultural Procession,J020,Malleshwaram Circle,28641,Weekend,True,Heavy Rain,True,56.0,False,False,1.0,Severe,7.5,73.4,361.3,0.122,0.282,0.825,Festival crowd surge detected - alternate route and extended cycle recommended
EVT420443,2025-08-15 09:22:22,Fireworks Display,J040,City Market,20258,Weekday,True,Rain,True,20.2,False,False,1.0,Severe,7.9,76.2,655.4,0.191,0.44,0.801,Festival crowd surge detected - alternate route and extended cycle recommended
EVT420444,2025-02-10 17:49:02,Political Rally,J009,Majestic,14571,Weekday,False,Clear,False,0.0,False,False,1.0,Severe,8.3,71.3,494.0,0.179,0.412,0.883,Heavy congestion detected - signal timing extended and reroute suggested
EVT420445,2025-06-04 15:48:24,Sports Fixture,J031,Cubbon Road,14494,Weekday,False,Clear,False,0.0,False,False,0.488,Moderate,22.4,36.1,177.6,0.12,0.278,0.955,Moderate traffic flow - standard adaptive signal timing in effect
EVT420446,2025-05-14 09:57:30,Sports Fixture,J040,City Market,26699,Weekday,False,Clear,False,0.0,False,False,0.923,Severe,14.1,67.0,517.2,0.285,0.659,0.908,Heavy congestion detected - signal timing extended and reroute suggested
EVT420447,2025-08-22 04:58:54,Sports Fixture,J031,Cubbon Road,23717,Weekday,False,Clear,False,0.0,False,False,0.305,Low,24.0,21.9,165.2,0.12,0.276,0.99,Moderate traffic flow - standard adaptive signal timing in effect
EVT420448,2025-09-03 19:16:10,Sports Fixture,J020,Malleshwaram Circle,18202,Weekday,False,Clear,False,0.0,False,False,1.0,Severe,8.0,76.7,760.5,0.247,0.57,0.93,Heavy congestion detected - signal timing extended and reroute suggested
EVT420449,2025-12-31 16:07:31,Concert,J031,Cubbon Road,20431,Weekday,False,Clear,False,0.0,False,False,0.539,Moderate,24.1,42.3,221.0,0.155,0.358,0.982,Moderate traffic flow - standard adaptive signal timing in effect
EVT420450,2025-01-04 20:30:50,Political Rally,J031,Cubbon Road,24067,Weekend,False,Clear,False,0.0,False,False,0.643,High,19.9,46.8,300.7,0.21,0.485,0.964,Moderate traffic flow - standard adaptive signal timing in effect
EVT420451,2026-01-06 09:06:40,Sports Fixture,J031,Cubbon Road,39534,Weekday,False,Fog,False,0.0,False,False,1.0,Severe,6.4,74.7,866.4,0.231,0.533,0.877,Heavy congestion detected - signal timing extended and reroute suggested
EVT420452,2025-03-15 01:08:07,Religious Festival,J030,MG Road,60477,Weekend,True,Fog,False,0.0,False,False,0.822,Severe,12.6,60.4,606.3,0.267,0.616,0.882,Festival crowd surge detected - alternate route and extended cycle recommended
EVT420453,2026-03-23 11:00:06,Trade Fair,J030,MG Road,7516,Weekday,False,Clear,False,0.0,False,False,0.453,Moderate,26.7,30.2,78.7,0.048,0.112,0.969,Moderate traffic flow - standard adaptive signal timing in effect
EVT420454,2025-02-22 18:44:46,Political Rally,J023,Basavanagudi,10999,Weekend,False,Clear,False,0.0,False,False,0.913,Severe,11.8,72.0,431.2,0.185,0.427,0.938,Heavy congestion detected - signal timing extended and reroute suggested
EVT420455,2025-06-23 16:04:18,Local Market Day,J012,Koramangala Sony World,4722,Weekday,False,Clear,False,0.0,False,False,0.469,Moderate,23.8,38.7,202.4,0.139,0.321,0.952,Moderate traffic flow - standard adaptive signal timing in effect
EVT420456,2025-08-29 08:33:41,Sports Fixture,J023,Basavanagudi,26169,Weekday,False,Clear,False,0.0,False,False,1.0,Severe,7.8,73.3,1027.3,0.321,0.742,0.898,Heavy congestion detected - signal timing extended and reroute suggested
EVT420457,2025-08-03 22:59:58,Sports Fixture,J009,Majestic,14442,Weekend,False,Rain,True,20.5,False,False,0.618,High,21.2,44.3,195.5,0.134,0.308,0.902,Heavy rain reducing visibility and grip - reduced speed and longer buffer advised
EVT420458,2026-02-24 07:56:01,Local Market Day,J011,Indiranagar 100ft Road,3195,Weekday,False,Clear,False,0.0,False,False,0.79,Severe,18.3,54.9,248.9,0.164,0.38,0.959,Heavy congestion detected - signal timing extended and reroute suggested
EVT420459,2025-12-25 09:21:08,Religious Festival,J030,MG Road,58644,Weekday,True,Clear,False,0.0,True,True,1.0,Severe,7.4,101.5,318.2,0.141,0.326,0.671,Road closure for event/procession - full detour recommended for through-traffic
EVT420460,2025-02-25 20:03:15,Sports Fixture,J011,Indiranagar 100ft Road,24920,Weekday,False,Clear,False,0.0,False,False,0.838,Severe,12.8,62.4,268.4,0.152,0.352,0.909,Heavy congestion detected - signal timing extended and reroute suggested
EVT420461,2025-11-19 17:57:49,Sports Fixture,J031,Cubbon Road,12712,Weekday,False,Rain,True,9.7,False,False,1.0,Severe,9.2,73.1,642.7,0.237,0.548,0.857,Heavy rain reducing visibility and grip - reduced speed and longer buffer advised
EVT420462,2025-10-28 19:07:26,Local Market Day,J020,Malleshwaram Circle,4858,Weekday,False,Clear,False,0.0,False,False,0.975,Severe,8.7,65.2,608.8,0.217,0.5,0.903,Heavy congestion detected - signal timing extended and reroute suggested
EVT420463,2026-02-23 07:36:25,Political Rally,J012,Koramangala Sony World,10804,Weekday,False,Clear,False,0.0,False,False,0.779,Severe,14.7,55.2,224.2,0.103,0.239,0.959,Heavy congestion detected - signal timing extended and reroute suggested
EVT420464,2026-01-22 10:36:05,Local Market Day,J020,Malleshwaram Circle,3823,Weekday,False,Clear,False,0.0,False,False,0.64,High,23.1,45.9,218.7,0.172,0.396,0.97,Moderate traffic flow - standard adaptive signal timing in effect
EVT420465,2025-05-22 15:03:55,Local Market Day,J031,Cubbon Road,3608,Weekday,False,Clear,False,0.0,False,False,0.25,Low,35.7,16.9,199.2,0.194,0.449,0.957,Normal free-flow traffic - standard signal timing maintained
EVT420466,2025-07-28 09:27:34,Local Market Day,J012,Koramangala Sony World,2690,Weekday,False,Heavy Rain,True,42.0,False,False,1.0,Severe,8.8,72.3,576.7,0.211,0.487,0.852,Heavy rain reducing visibility and grip - reduced speed and longer buffer advised
EVT420467,2026-01-30 10:14:53,Local Market Day,J030,MG Road,3247,Weekday,False,Clear,False,0.0,False,False,0.618,High,25.1,44.9,117.8,0.072,0.166,0.97,Moderate traffic flow - standard adaptive signal timing in effect
EVT420468,2026-04-09 19:06:15,Trade Fair,J012,Koramangala Sony World,6234,Weekday,False,Clear,False,0.0,False,False,0.885,Severe,10.6,61.3,345.9,0.131,0.302,0.951,Heavy congestion detected - signal timing extended and reroute suggested
EVT420469,2025-04-13 08:56:01,Local Market Day,J040,City Market,4646,Weekend,False,Light Rain,True,5.7,False,False,1.0,Severe,8.0,68.2,430.8,0.156,0.36,0.872,Heavy rain reducing visibility and grip - reduced speed and longer buffer advised
EVT420470,2025-02-08 10:55:11,Local Market Day,J011,Indiranagar 100ft Road,3825,Weekend,False,Clear,False,0.0,False,False,0.422,Moderate,26.7,33.1,76.0,0.037,0.086,0.941,Moderate traffic flow - standard adaptive signal timing in effect
EVT420471,2025-10-11 15:58:39,Trade Fair,J011,Indiranagar 100ft Road,7866,Weekend,False,Rain,True,11.7,False,False,0.555,High,18.9,35.6,222.9,0.13,0.299,0.902,Heavy rain reducing visibility and grip - reduced speed and longer buffer advised
EVT420472,2026-02-13 15:03:34,Trade Fair,J040,City Market,7575,Weekday,False,Clear,False,0.0,False,False,0.339,Low,32.9,27.2,76.6,0.06,0.139,0.96,Moderate traffic flow - standard adaptive signal timing in effect
EVT420473,2025-04-08 21:53:40,Sports Fixture,J009,Majestic,18768,Weekday,False,Clear,False,0.0,False,False,0.468,Moderate,32.0,37.8,71.0,0.064,0.147,0.966,Moderate traffic flow - standard adaptive signal timing in effect
EVT420474,2025-06-02 07:14:01,Political Rally,J012,Koramangala Sony World,14543,Weekday,False,Fog,False,0.0,False,False,0.555,High,29.0,33.4,146.7,0.127,0.294,0.957,Moderate traffic flow - standard adaptive signal timing in effect
EVT420475,2025-06-30 14:08:11,Trade Fair,J040,City Market,16639,Weekday,False,Clear,False,0.0,False,False,0.306,Low,32.5,24.2,161.2,0.133,0.308,0.99,Moderate traffic flow - standard adaptive signal timing in effect
EVT420476,2025-07-26 18:08:04,Political Rally,J020,Malleshwaram Circle,12832,Weekend,False,Heavy Rain,True,50.2,False,False,1.0,Severe,9.9,73.3,376.3,0.151,0.349,0.89,Heavy rain reducing visibility and grip - reduced speed and longer buffer advised
EVT420477,2026-02-25 21:26:32,Sports Fixture,J031,Cubbon Road,18403,Weekday,False,Clear,False,0.0,False,False,0.441,Moderate,24.3,31.6,253.2,0.169,0.389,0.957,Moderate traffic flow - standard adaptive signal timing in effect
EVT420478,2026-04-03 08:24:00,Concert,J031,Cubbon Road,7584,Weekday,False,Clear,False,0.0,False,False,0.954,Severe,8.4,67.9,525.2,0.18,0.416,0.941,Heavy congestion detected - signal timing extended and reroute suggested
EVT420479,2025-10-18 19:19:51,Trade Fair,J031,Cubbon Road,17429,Weekend,False,Rain,True,20.0,False,False,1.0,Severe,9.3,72.5,584.2,0.219,0.506,0.868,Heavy rain reducing visibility and grip - reduced speed and longer buffer advised
EVT420480,2025-11-16 07:46:17,Sports Fixture,J030,MG Road,28827,Weekend,False,Clear,False,0.0,False,False,0.751,Severe,19.1,55.9,267.9,0.172,0.397,0.945,Heavy congestion detected - signal timing extended and reroute suggested
EVT420481,2026-04-08 05:30:28,Trade Fair,J040,City Market,5417,Weekday,False,Clear,False,0.0,False,False,0.175,Low,31.9,14.0,258.2,0.204,0.471,0.963,Normal free-flow traffic - standard signal timing maintained
EVT420482,2025-03-28 09:34:34,Political Rally,J040,City Market,9765,Weekday,False,Rain,True,15.9,False,False,1.0,Severe,9.8,69.1,427.3,0.173,0.4,0.903,Heavy rain reducing visibility and grip - reduced speed and longer buffer advised
EVT420483,2025-05-07 11:20:27,Trade Fair,J011,Indiranagar 100ft Road,8463,Weekday,False,Clear,False,0.0,False,False,0.447,Moderate,25.3,31.2,202.1,0.14,0.324,0.943,Moderate traffic flow - standard adaptive signal timing in effect
EVT420484,2026-05-09 19:06:50,Local Market Day,J030,MG Road,3371,Weekend,False,Clear,False,0.0,False,False,0.824,Severe,13.1,56.3,345.8,0.161,0.372,0.939,Heavy congestion detected - signal timing extended and reroute suggested
EVT420485,2025-03-18 19:56:35,Trade Fair,J020,Malleshwaram Circle,6701,Weekday,False,Clear,False,0.0,False,False,0.797,Severe,14.4,58.0,529.8,0.245,0.565,0.965,Heavy congestion detected - signal timing extended and reroute suggested
EVT420486,2025-12-13 13:02:00,Local Market Day,J031,Cubbon Road,2065,Weekend,False,Clear,False,0.0,False,False,0.227,Low,25.7,16.7,85.3,0.055,0.127,0.974,Normal free-flow traffic - standard signal timing maintained
EVT420487,2025-04-10 13:10:31,Concert,J030,MG Road,5228,Weekday,False,Clear,False,0.0,False,False,0.139,Low,33.7,10.4,63.5,0.063,0.145,0.96,Normal free-flow traffic - standard signal timing maintained
EVT420488,2025-11-23 17:21:36,Trade Fair,J011,Indiranagar 100ft Road,12618,Weekend,False,Fog,False,0.0,False,False,0.784,Severe,15.3,58.8,353.2,0.194,0.448,0.949,Heavy congestion detected - signal timing extended and reroute suggested
EVT420489,2025-01-23 18:41:10,Political Rally,J031,Cubbon Road,9090,Weekday,False,Clear,False,0.0,False,False,1.0,Severe,7.9,73.5,337.4,0.128,0.295,0.918,Heavy congestion detected - signal timing extended and reroute suggested
EVT420490,2025-03-13 16:06:01,Sports Fixture,J023,Basavanagudi,13335,Weekday,False,Clear,False,0.0,False,False,0.526,Moderate,28.0,40.0,129.0,0.12,0.276,0.954,Moderate traffic flow - standard adaptive signal timing in effect
EVT420491,2025-09-11 18:44:23,Local Market Day,J031,Cubbon Road,2595,Weekday,False,Clear,False,0.0,False,False,1.0,Severe,6.0,72.8,972.8,0.242,0.56,0.915,Heavy congestion detected - signal timing extended and reroute suggested
EVT420492,2025-10-30 17:17:28,Local Market Day,J031,Cubbon Road,6231,Weekday,False,Rain,True,11.0,False,False,0.94,Severe,10.1,67.0,560.7,0.232,0.536,0.875,Heavy rain reducing visibility and grip - reduced speed and longer buffer advised
EVT420493,2026-06-07 16:25:35,Concert,J030,MG Road,11030,Weekend,False,Heavy Rain,True,41.1,False,False,0.935,Severe,10.1,70.3,509.7,0.204,0.47,0.897,Heavy rain reducing visibility and grip - reduced speed and longer buffer advised
EVT420494,2025-09-16 23:13:15,Concert,J011,Indiranagar 100ft Road,17186,Weekday,False,Rain,True,16.3,False,False,0.454,Moderate,25.6,31.0,248.3,0.186,0.43,0.927,Light rain detected - minor speed reduction advised
EVT420495,2025-06-15 16:03:02,Trade Fair,J020,Malleshwaram Circle,14489,Weekend,False,Rain,True,8.1,False,False,0.618,High,21.2,52.2,371.9,0.256,0.591,0.914,Heavy rain reducing visibility and grip - reduced speed and longer buffer advised
EVT420496,2026-03-29 18:19:39,Sports Fixture,J030,MG Road,18097,Weekend,False,Clear,False,0.0,False,False,1.0,Severe,9.0,65.3,412.8,0.154,0.356,0.896,Heavy congestion detected - signal timing extended and reroute suggested
EVT420497,2026-02-20 08:11:37,Sports Fixture,J040,City Market,26778,Weekday,False,Clear,False,0.0,False,False,1.0,Severe,7.7,73.7,798.5,0.25,0.577,0.903,Heavy congestion detected - signal timing extended and reroute suggested
EVT420498,2025-03-17 23:25:42,Local Market Day,J020,Malleshwaram Circle,5321,Weekday,False,Clear,False,0.0,False,False,0.168,Low,39.1,9.5,133.7,0.126,0.291,0.96,Normal free-flow traffic - standard signal timing maintained
EVT420499,2025-06-21 18:40:22,Concert,J011,Indiranagar 100ft Road,12475,Weekend,False,Clear,False,0.0,False,False,0.907,Severe,13.2,63.0,505.8,0.234,0.542,0.886,Heavy congestion detected - signal timing extended and reroute suggested
EVT420500,2026-04-16 17:27:55,Concert,J030,MG Road,14017,Weekday,False,Clear,False,0.0,False,False,0.875,Severe,12.9,64.7,530.8,0.247,0.57,0.947,Heavy congestion detected - signal timing extended and reroute suggested
EVT420501,2025-03-29 15:47:54,Local Market Day,J030,MG Road,4227,Weekend,False,Clear,False,0.0,False,False,0.397,Moderate,28.1,25.8,208.6,0.154,0.355,0.963,Moderate traffic flow - standard adaptive signal timing in effect
EVT420502,2026-06-14 10:17:07,Sports Fixture,J023,Basavanagudi,23291,Weekend,False,Clear,False,0.0,False,False,0.781,Severe,17.5,56.2,221.8,0.152,0.352,0.971,Heavy congestion detected - signal timing extended and reroute suggested
EVT420503,2025-10-20 17:42:43,Religious Festival,J040,City Market,39684,Weekday,True,Clear,False,0.0,False,False,1.0,Severe,8.7,73.3,598.6,0.218,0.504,0.869,Festival crowd surge detected - alternate route and extended cycle recommended
EVT420504,2025-11-27 11:41:00,Sports Fixture,J011,Indiranagar 100ft Road,18171,Weekday,False,Clear,False,0.0,False,False,0.45,Moderate,28.8,30.8,180.4,0.14,0.324,0.99,Moderate traffic flow - standard adaptive signal timing in effect
EVT420505,2026-02-12 12:51:25,Political Rally,J031,Cubbon Road,15883,Weekday,False,Clear,False,0.0,False,False,0.254,Low,31.4,11.2,226.1,0.189,0.436,0.981,Moderate traffic flow - standard adaptive signal timing in effect
EVT420506,2026-06-13 20:47:27,Political Rally,J011,Indiranagar 100ft Road,20491,Weekend,False,Rain,True,10.3,False,False,0.695,High,14.3,51.9,367.8,0.175,0.405,0.922,Heavy rain reducing visibility and grip - reduced speed and longer buffer advised
EVT420507,2025-07-18 07:50:29,Political Rally,J009,Majestic,22100,Weekday,False,Clear,False,0.0,False,False,0.854,Severe,11.7,60.4,609.4,0.269,0.62,0.939,Heavy congestion detected - signal timing extended and reroute suggested
EVT420508,2026-01-24 19:31:39,Trade Fair,J009,Majestic,6084,Weekend,False,Clear,False,0.0,True,False,1.0,Severe,8.3,65.9,469.3,0.165,0.38,0.778,Accident detected nearby - reroute and reduced speed advised
EVT420509,2026-04-16 18:25:16,Concert,J011,Indiranagar 100ft Road,22157,Weekday,False,Light Rain,True,5.7,False,False,1.0,Severe,8.4,75.2,848.4,0.284,0.656,0.871,Heavy rain reducing visibility and grip - reduced speed and longer buffer advised
EVT420510,2026-02-28 12:44:11,Local Market Day,J020,Malleshwaram Circle,4014,Weekend,False,Clear,False,0.0,False,False,0.276,Low,34.1,21.7,68.7,0.062,0.144,0.939,Moderate traffic flow - standard adaptive signal timing in effect
EVT420511,2025-08-23 21:57:53,Local Market Day,J020,Malleshwaram Circle,4371,Weekend,False,Clear,False,0.0,False,False,0.303,Low,27.7,7.7,122.1,0.1,0.23,0.99,Moderate traffic flow - standard adaptive signal timing in effect
EVT420512,2025-12-31 07:44:51,Political Rally,J023,Basavanagudi,12075,Weekday,False,Clear,False,0.0,False,False,0.82,Severe,12.9,58.8,493.6,0.263,0.608,0.945,Heavy congestion detected - signal timing extended and reroute suggested
EVT420513,2025-08-14 17:59:59,Sports Fixture,J031,Cubbon Road,39117,Weekday,False,Rain,True,15.3,False,False,1.0,Severe,8.3,72.4,273.6,0.109,0.251,0.839,Heavy rain reducing visibility and grip - reduced speed and longer buffer advised
EVT420514,2025-09-10 17:01:19,Concert,J030,MG Road,13120,Weekday,False,Light Rain,True,6.0,False,False,0.838,Severe,14.4,61.4,305.7,0.154,0.357,0.892,Heavy rain reducing visibility and grip - reduced speed and longer buffer advised
EVT420515,2025-09-04 12:59:03,Local Market Day,J023,Basavanagudi,3355,Weekday,False,Clear,False,0.0,False,False,0.183,Low,31.5,9.5,74.4,0.074,0.17,0.99,Normal free-flow traffic - standard signal timing maintained
EVT420516,2025-12-17 15:00:00,Local Market Day,J031,Cubbon Road,2613,Weekday,False,Clear,False,0.0,False,False,0.242,Low,43.0,16.7,164.4,0.172,0.398,0.961,Normal free-flow traffic - standard signal timing maintained
EVT420517,2025-04-05 08:17:08,Local Market Day,J011,Indiranagar 100ft Road,3861,Weekend,False,Clear,False,0.0,False,False,0.816,Severe,13.4,55.1,289.8,0.128,0.295,0.959,Heavy congestion detected - signal timing extended and reroute suggested
EVT420518,2025-07-07 17:40:43,Trade Fair,J030,MG Road,17561,Weekday,False,Rain,True,7.9,False,False,1.0,Severe,7.1,74.7,1020.9,0.297,0.687,0.878,Heavy rain reducing visibility and grip - reduced speed and longer buffer advised
EVT420519,2025-10-08 19:10:35,Concert,J031,Cubbon Road,13986,Weekday,False,Clear,False,0.0,False,False,1.0,Severe,9.2,70.0,449.5,0.177,0.409,0.914,Heavy congestion detected - signal timing extended and reroute suggested
EVT420520,2026-06-20 09:46:25,Political Rally,J009,Majestic,9376,Weekend,False,Clear,False,0.0,False,False,0.896,Severe,12.8,65.0,341.9,0.151,0.348,0.936,Heavy congestion detected - signal timing extended and reroute suggested
EVT420521,2026-06-04 11:08:27,Concert,J012,Koramangala Sony World,13887,Weekday,False,Clear,False,0.0,False,False,0.566,High,27.4,43.9,150.7,0.121,0.279,0.949,Moderate traffic flow - standard adaptive signal timing in effect
EVT420522,2026-06-11 15:40:51,Concert,J023,Basavanagudi,11974,Weekday,False,Clear,False,0.0,False,False,0.418,Moderate,18.7,30.8,137.8,0.076,0.176,0.951,Moderate traffic flow - standard adaptive signal timing in effect
EVT420523,2025-03-12 21:28:01,Sports Fixture,J031,Cubbon Road,18183,Weekday,False,Clear,False,0.0,False,False,0.389,Moderate,26.8,30.2,173.5,0.124,0.285,0.95,Moderate traffic flow - standard adaptive signal timing in effect
EVT420524,2025-11-22 21:08:04,Sports Fixture,J040,City Market,32793,Weekend,False,Clear,False,0.0,False,False,0.616,High,21.9,39.7,278.7,0.194,0.447,0.978,Moderate traffic flow - standard adaptive signal timing in effect
EVT420525,2025-05-22 08:15:24,Concert,J030,MG Road,9485,Weekday,False,Clear,False,0.0,False,False,0.944,Severe,11.6,66.2,536.9,0.263,0.608,0.942,Heavy congestion detected - signal timing extended and reroute suggested
EVT420526,2025-08-18 16:54:54,Political Rally,J009,Majestic,14980,Weekday,False,Rain,True,13.4,False,False,0.898,Severe,11.2,68.5,535.2,0.241,0.557,0.885,Heavy rain reducing visibility and grip - reduced speed and longer buffer advised
EVT420527,2025-11-17 09:11:10,Local Market Day,J020,Malleshwaram Circle,3816,Weekday,False,Light Rain,True,2.4,False,False,1.0,Severe,8.8,69.7,908.4,0.331,0.764,0.885,Heavy rain reducing visibility and grip - reduced speed and longer buffer advised
EVT420528,2025-02-12 09:30:53,Sports Fixture,J020,Malleshwaram Circle,19248,Weekday,False,Clear,False,0.0,False,False,1.0,Severe,6.5,63.8,695.3,0.191,0.44,0.905,Heavy congestion detected - signal timing extended and reroute suggested
EVT420529,2025-06-27 23:26:32,Local Market Day,J020,Malleshwaram Circle,5592,Weekday,False,Rain,True,14.3,False,False,0.345,Low,30.2,31.7,178.9,0.144,0.333,0.918,Light rain detected - minor speed reduction advised
EVT420530,2025-01-09 08:57:38,Political Rally,J030,MG Road,16352,Weekday,False,Clear,False,0.0,False,False,1.0,Severe,9.2,77.5,494.1,0.194,0.449,0.923,Heavy congestion detected - signal timing extended and reroute suggested
EVT420531,2026-05-08 08:25:38,Concert,J011,Indiranagar 100ft Road,16986,Weekday,False,Clear,False,0.0,False,False,1.0,Severe,9.2,70.1,571.3,0.195,0.45,0.934,Heavy congestion detected - signal timing extended and reroute suggested
EVT420532,2025-05-21 17:32:24,Sports Fixture,J040,City Market,22640,Weekday,False,Clear,False,0.0,False,False,1.0,Severe,10.4,66.2,590.9,0.243,0.562,0.909,Heavy congestion detected - signal timing extended and reroute suggested
EVT420533,2026-02-25 15:27:16,Sports Fixture,J030,MG Road,28774,Weekday,False,Clear,False,0.0,False,False,0.458,Moderate,25.4,28.4,128.7,0.098,0.226,0.968,Moderate traffic flow - standard adaptive signal timing in effect
EVT420534,2025-05-14 08:48:12,Local Market Day,J040,City Market,2610,Weekday,False,Heavy Rain,True,47.5,False,False,1.0,Severe,8.9,66.9,521.1,0.2,0.462,0.864,Heavy rain reducing visibility and grip - reduced speed and longer buffer advised
EVT420535,2025-10-13 20:24:35,Local Market Day,J030,MG Road,4203,Weekday,False,Clear,False,0.0,False,False,0.585,High,22.2,47.2,259.6,0.183,0.424,0.973,Moderate traffic flow - standard adaptive signal timing in effect
EVT420536,2026-06-24 19:05:38,Political Rally,J040,City Market,14715,Weekday,False,Clear,False,0.0,False,False,1.0,Severe,8.0,70.6,439.0,0.152,0.351,0.924,Heavy congestion detected - signal timing extended and reroute suggested
EVT420537,2025-04-19 14:29:27,Local Market Day,J012,Koramangala Sony World,5551,Weekend,False,Clear,False,0.0,False,False,0.262,Low,26.5,15.8,151.1,0.123,0.285,0.959,Moderate traffic flow - standard adaptive signal timing in effect
EVT420538,2025-04-11 17:31:44,Local Market Day,J040,City Market,3783,Weekday,False,Clear,False,0.0,False,False,0.888,Severe,13.2,61.1,316.8,0.139,0.321,0.918,Heavy congestion detected - signal timing extended and reroute suggested
EVT420539,2025-08-23 18:57:57,Political Rally,J012,Koramangala Sony World,29106,Weekend,False,Heavy Rain,True,42.6,False,False,1.0,Severe,9.2,66.2,345.0,0.123,0.284,0.889,Heavy rain reducing visibility and grip - reduced speed and longer buffer advised
EVT420540,2026-05-17 17:16:34,Trade Fair,J030,MG Road,7858,Weekend,False,Clear,False,0.0,False,False,0.717,High,18.4,53.3,318.3,0.189,0.438,0.984,Moderate traffic flow - standard adaptive signal timing in effect
EVT420541,2025-02-22 12:16:19,Political Rally,J012,Koramangala Sony World,13141,Weekend,False,Clear,False,0.0,False,False,0.297,Low,28.4,22.7,239.9,0.169,0.391,0.97,Moderate traffic flow - standard adaptive signal timing in effect
EVT420542,2025-10-29 21:23:51,Trade Fair,J031,Cubbon Road,9470,Weekday,False,Clear,False,0.0,False,False,0.393,Moderate,27.9,28.1,279.5,0.225,0.519,0.971,Moderate traffic flow - standard adaptive signal timing in effect
EVT420543,2025-06-01 07:57:33,Trade Fair,J040,City Market,16388,Weekend,False,Clear,False,0.0,False,False,0.776,Severe,15.7,55.2,129.2,0.067,0.156,0.948,Heavy congestion detected - signal timing extended and reroute suggested
EVT420544,2026-01-19 19:08:08,Sports Fixture,J031,Cubbon Road,20558,Weekday,False,Clear,False,0.0,False,False,1.0,Severe,6.9,72.4,506.2,0.163,0.377,0.908,Heavy congestion detected - signal timing extended and reroute suggested
EVT420545,2025-01-31 10:18:02,Sports Fixture,J011,Indiranagar 100ft Road,26824,Weekday,False,Clear,False,0.0,False,False,0.809,Severe,15.0,59.4,456.5,0.241,0.557,0.963,Heavy congestion detected - signal timing extended and reroute suggested
EVT420546,2025-11-12 10:26:52,Local Market Day,J011,Indiranagar 100ft Road,2869,Weekday,False,Clear,False,0.0,False,False,0.595,High,21.5,42.3,188.0,0.117,0.269,0.944,Moderate traffic flow - standard adaptive signal timing in effect
EVT420547,2025-09-21 17:42:04,Sports Fixture,J040,City Market,28141,Weekend,False,Clear,False,0.0,False,False,0.953,Severe,9.4,68.8,345.6,0.137,0.317,0.945,Heavy congestion detected - signal timing extended and reroute suggested
EVT420548,2026-01-09 13:03:31,Local Market Day,J011,Indiranagar 100ft Road,2334,Weekday,False,Fog,False,0.0,False,False,0.166,Low,31.2,6.5,60.7,0.054,0.125,0.96,Normal free-flow traffic - standard signal timing maintained
EVT420549,2025-10-06 01:51:51,Sports Fixture,J040,City Market,29538,Weekday,False,Clear,False,0.0,False,False,0.39,Moderate,23.8,30.2,192.1,0.141,0.327,0.957,Moderate traffic flow - standard adaptive signal timing in effect
EVT420550,2025-07-12 16:05:11,Local Market Day,J040,City Market,4559,Weekend,False,Clear,False,0.0,False,False,0.349,Low,30.4,24.5,134.5,0.117,0.269,0.959,Moderate traffic flow - standard adaptive signal timing in effect
EVT420551,2025-08-20 13:03:52,Local Market Day,J030,MG Road,5569,Weekday,False,Clear,False,0.0,False,False,0.227,Low,31.4,11.9,133.5,0.128,0.295,0.971,Normal free-flow traffic - standard signal timing maintained
EVT420552,2025-01-22 06:45:58,Local Market Day,J020,Malleshwaram Circle,3226,Weekday,False,Clear,False,0.0,False,False,0.367,Moderate,31.2,31.8,144.8,0.093,0.214,0.978,Moderate traffic flow - standard adaptive signal timing in effect
EVT420553,2025-01-23 15:19:05,Political Rally,J031,Cubbon Road,27899,Weekday,False,Clear,False,0.0,False,False,0.475,Moderate,23.8,40.0,155.6,0.114,0.263,0.935,Moderate traffic flow - standard adaptive signal timing in effect
EVT420554,2025-04-30 15:29:08,Concert,J011,Indiranagar 100ft Road,14104,Weekday,False,Clear,False,0.0,False,False,0.398,Moderate,30.7,30.0,109.8,0.091,0.211,0.953,Moderate traffic flow - standard adaptive signal timing in effect
EVT420555,2025-05-08 17:40:35,Sports Fixture,J023,Basavanagudi,27939,Weekday,False,Rain,True,17.9,False,False,1.0,Severe,6.6,71.7,611.6,0.177,0.408,0.881,Heavy rain reducing visibility and grip - reduced speed and longer buffer advised
EVT420556,2026-01-02 15:50:53,Fireworks Display,J040,City Market,26013,Weekday,True,Clear,False,0.0,False,False,0.72,High,15.5,54.2,277.9,0.147,0.34,0.909,Festival crowd surge detected - alternate route and extended cycle recommended
EVT420557,2026-05-21 18:52:16,Concert,J011,Indiranagar 100ft Road,11440,Weekday,False,Clear,False,0.0,False,False,1.0,Severe,7.1,66.5,414.7,0.123,0.284,0.906,Heavy congestion detected - signal timing extended and reroute suggested
EVT420558,2025-10-18 08:25:30,Concert,J030,MG Road,5153,Weekend,False,Fog,False,0.0,False,False,0.857,Severe,13.9,58.8,381.0,0.221,0.51,0.966,Heavy congestion detected - signal timing extended and reroute suggested
EVT420559,2025-09-15 00:06:21,Political Rally,J011,Indiranagar 100ft Road,6610,Weekday,False,Clear,False,0.0,False,False,0.173,Low,38.2,13.5,76.4,0.08,0.185,0.939,Normal free-flow traffic - standard signal timing maintained
EVT420560,2025-04-01 06:21:05,Trade Fair,J031,Cubbon Road,10028,Weekday,False,Rain,True,18.1,False,False,0.497,Moderate,21.3,36.7,141.1,0.103,0.238,0.92,Light rain detected - minor speed reduction advised
EVT420561,2025-05-17 04:21:38,Concert,J030,MG Road,15285,Weekend,False,Light Rain,True,4.2,False,False,0.474,Moderate,26.7,31.8,211.1,0.179,0.413,0.925,Light rain detected - minor speed reduction advised
EVT420562,2026-06-19 09:22:14,Political Rally,J020,Malleshwaram Circle,9144,Weekday,False,Heavy Rain,True,39.4,False,False,1.0,Severe,7.9,75.9,1005.1,0.309,0.714,0.885,Heavy rain reducing visibility and grip - reduced speed and longer buffer advised
EVT420563,2025-10-03 11:50:09,Religious Festival,J023,Basavanagudi,33317,Weekday,True,Clear,False,0.0,False,False,0.629,High,18.8,51.1,289.3,0.184,0.425,0.931,Festival crowd surge detected - alternate route and extended cycle recommended
EVT420564,2025-08-28 08:11:57,Cultural Procession,J040,City Market,20813,Weekday,True,Rain,True,18.8,False,False,1.0,Severe,8.0,71.8,436.0,0.152,0.351,0.805,Festival crowd surge detected - alternate route and extended cycle recommended
EVT420565,2026-02-10 15:39:21,Concert,J011,Indiranagar 100ft Road,21790,Weekday,False,Clear,False,0.0,False,False,0.498,Moderate,24.7,45.5,322.8,0.225,0.52,0.959,Moderate traffic flow - standard adaptive signal timing in effect
EVT420566,2025-03-17 00:50:28,Local Market Day,J030,MG Road,2962,Weekday,False,Clear,False,0.0,False,False,0.148,Low,28.7,13.5,179.5,0.131,0.303,0.99,Normal free-flow traffic - standard signal timing maintained
EVT420567,2025-10-22 18:10:36,Fireworks Display,J011,Indiranagar 100ft Road,41571,Weekday,True,Clear,False,0.0,False,False,1.0,Severe,9.4,67.5,661.7,0.257,0.593,0.869,Festival crowd surge detected - alternate route and extended cycle recommended
EVT420568,2026-02-11 20:54:45,Sports Fixture,J040,City Market,15333,Weekday,False,Clear,False,0.0,False,False,0.52,Moderate,23.3,26.8,188.8,0.157,0.362,0.989,Moderate traffic flow - standard adaptive signal timing in effect
EVT420569,2025-02-21 16:38:01,Sports Fixture,J009,Majestic,21585,Weekday,False,Clear,False,0.0,False,False,0.764,Severe,13.9,50.0,489.1,0.252,0.581,0.964,Heavy congestion detected - signal timing extended and reroute suggested
EVT420570,2025-01-10 09:52:01,Sports Fixture,J040,City Market,14593,Weekday,False,Clear,False,0.0,False,False,0.949,Severe,9.4,66.7,715.0,0.268,0.618,0.92,Heavy congestion detected - signal timing extended and reroute suggested
EVT420571,2026-01-17 18:11:32,Sports Fixture,J030,MG Road,23642,Weekend,False,Clear,False,0.0,False,False,0.963,Severe,10.0,67.1,473.3,0.193,0.446,0.902,Heavy congestion detected - signal timing extended and reroute suggested
EVT420572,2025-11-21 13:32:58,Trade Fair,J011,Indiranagar 100ft Road,7547,Weekday,False,Clear,False,0.0,False,False,0.225,Low,29.8,13.4,103.2,0.087,0.201,0.964,Normal free-flow traffic - standard signal timing maintained
EVT420573,2025-09-22 16:15:23,Sports Fixture,J011,Indiranagar 100ft Road,16385,Weekday,False,Rain,True,17.4,False,False,0.824,Severe,12.3,63.3,393.8,0.165,0.382,0.925,Heavy rain reducing visibility and grip - reduced speed and longer buffer advised
EVT420574,2026-02-23 17:07:24,Local Market Day,J020,Malleshwaram Circle,4138,Weekday,False,Clear,False,0.0,False,False,0.777,Severe,15.2,58.7,359.6,0.204,0.471,0.958,Heavy congestion detected - signal timing extended and reroute suggested
EVT420575,2025-07-07 11:17:58,Local Market Day,J023,Basavanagudi,4146,Weekday,False,Rain,True,23.1,False,False,0.512,Moderate,22.6,38.8,84.9,0.037,0.085,0.904,Light rain detected - minor speed reduction advised
EVT420576,2026-05-31 08:30:47,Sports Fixture,J030,MG Road,20166,Weekend,False,Clear,False,0.0,False,False,0.909,Severe,11.0,64.6,181.1,0.086,0.199,0.934,Heavy congestion detected - signal timing extended and reroute suggested
EVT420577,2025-04-09 17:44:22,Sports Fixture,J030,MG Road,21531,Weekday,False,Clear,False,0.0,False,False,1.0,Severe,10.0,61.5,202.8,0.092,0.213,0.931,Heavy congestion detected - signal timing extended and reroute suggested
EVT420578,2025-05-03 07:38:17,Trade Fair,J023,Basavanagudi,19541,Weekend,False,Clear,False,0.0,False,False,0.72,High,13.8,50.7,393.6,0.185,0.428,0.976,Moderate traffic flow - standard adaptive signal timing in effect
EVT420579,2025-12-02 08:03:37,Concert,J040,City Market,12776,Weekday,False,Clear,False,0.0,False,False,0.933,Severe,7.4,69.9,538.3,0.177,0.409,0.933,Heavy congestion detected - signal timing extended and reroute suggested
EVT420580,2025-03-14 18:25:47,Religious Festival,J012,Koramangala Sony World,64466,Weekday,True,Clear,False,0.0,False,False,1.0,Severe,8.1,75.5,415.5,0.144,0.333,0.842,Festival crowd surge detected - alternate route and extended cycle recommended
EVT420581,2025-01-28 13:55:08,Local Market Day,J012,Koramangala Sony World,3631,Weekday,False,Clear,False,0.0,False,False,0.283,Low,28.7,25.6,256.7,0.198,0.458,0.955,Moderate traffic flow - standard adaptive signal timing in effect
EVT420582,2026-06-20 16:11:44,Local Market Day,J023,Basavanagudi,4582,Weekend,False,Clear,False,0.0,False,False,0.471,Moderate,28.0,32.3,108.7,0.073,0.17,0.946,Moderate traffic flow - standard adaptive signal timing in effect
EVT420583,2025-08-09 16:55:07,Concert,J011,Indiranagar 100ft Road,8941,Weekend,False,Fog,False,0.0,False,False,0.595,High,19.3,44.4,410.2,0.244,0.565,0.969,Moderate traffic flow - standard adaptive signal timing in effect
EVT420584,2026-06-26 12:11:54,Trade Fair,J030,MG Road,6874,Weekday,False,Heavy Rain,True,29.9,False,False,0.502,Moderate,23.9,33.7,123.2,0.098,0.227,0.904,Light rain detected - minor speed reduction advised
EVT420585,2025-12-09 15:55:21,Sports Fixture,J020,Malleshwaram Circle,46504,Weekday,False,Clear,False,0.0,False,False,0.699,High,21.5,48.8,204.8,0.151,0.348,0.937,Moderate traffic flow - standard adaptive signal timing in effect
EVT420586,2026-02-10 09:50:56,Local Market Day,J011,Indiranagar 100ft Road,3225,Weekday,False,Clear,False,0.0,False,False,0.873,Severe,14.3,56.0,377.9,0.183,0.423,0.949,Heavy congestion detected - signal timing extended and reroute suggested
EVT420587,2025-12-21 07:42:11,Local Market Day,J012,Koramangala Sony World,4503,Weekend,False,Clear,False,0.0,False,False,0.672,High,17.4,50.1,330.9,0.203,0.468,0.967,Moderate traffic flow - standard adaptive signal timing in effect
EVT420588,2025-11-06 17:26:30,Trade Fair,J040,City Market,3893,Weekday,False,Fog,False,0.0,False,False,0.815,Severe,16.6,57.5,379.6,0.224,0.518,0.931,Heavy congestion detected - signal timing extended and reroute suggested
EVT420589,2025-03-09 18:26:04,Local Market Day,J031,Cubbon Road,3511,Weekend,False,Clear,False,0.0,False,False,0.888,Severe,15.1,61.3,370.3,0.21,0.485,0.925,Heavy congestion detected - signal timing extended and reroute suggested
EVT420590,2026-03-16 05:14:33,Concert,J009,Majestic,11635,Weekday,False,Clear,False,0.0,False,False,0.246,Low,37.4,17.6,126.0,0.124,0.286,0.95,Normal free-flow traffic - standard signal timing maintained
EVT420591,2025-06-07 16:59:51,Trade Fair,J012,Koramangala Sony World,10195,Weekend,False,Rain,True,22.6,False,False,0.94,Severe,9.5,63.6,232.4,0.106,0.246,0.869,Heavy rain reducing visibility and grip - reduced speed and longer buffer advised
EVT420592,2026-05-12 14:33:28,Political Rally,J009,Majestic,14805,Weekday,False,Clear,False,0.0,False,False,0.318,Low,29.8,25.0,166.9,0.15,0.347,0.947,Moderate traffic flow - standard adaptive signal timing in effect
EVT420593,2025-05-05 15:00:30,Sports Fixture,J011,Indiranagar 100ft Road,23716,Weekday,False,Clear,False,0.0,False,False,0.343,Low,28.2,22.6,193.5,0.139,0.322,0.979,Moderate traffic flow - standard adaptive signal timing in effect
EVT420594,2025-06-02 16:19:13,Sports Fixture,J031,Cubbon Road,23565,Weekday,False,Clear,False,0.0,False,False,0.663,High,17.4,39.1,364.1,0.197,0.455,0.958,Moderate traffic flow - standard adaptive signal timing in effect
EVT420595,2025-01-18 15:51:10,Political Rally,J009,Majestic,14054,Weekend,False,Clear,False,0.0,False,False,0.503,Moderate,25.9,37.0,145.9,0.106,0.245,0.979,Moderate traffic flow - standard adaptive signal timing in effect
EVT420596,2026-03-19 16:21:48,Religious Festival,J040,City Market,60328,Weekday,True,Clear,False,0.0,False,False,1.0,Severe,7.3,74.7,394.4,0.131,0.303,0.883,Festival crowd surge detected - alternate route and extended cycle recommended
EVT420597,2025-10-29 17:41:24,Concert,J020,Malleshwaram Circle,11480,Weekday,False,Clear,False,0.0,False,False,0.976,Severe,9.3,70.3,591.1,0.219,0.506,0.897,Heavy congestion detected - signal timing extended and reroute suggested
EVT420598,2025-10-06 06:20:44,Concert,J031,Cubbon Road,19069,Weekday,False,Clear,False,0.0,False,False,0.289,Low,33.1,19.7,70.8,0.084,0.194,0.954,Moderate traffic flow - standard adaptive signal timing in effect
EVT420599,2025-09-22 19:59:19,Concert,J040,City Market,10087,Weekday,False,Rain,True,19.7,False,False,0.992,Severe,9.6,65.7,577.3,0.246,0.569,0.88,Heavy rain reducing visibility and grip - reduced speed and longer buffer advised
EVT420600,2025-09-10 20:41:38,Local Market Day,J031,Cubbon Road,3937,Weekday,False,Heavy Rain,True,50.6,False,False,0.844,Severe,13.3,68.1,393.0,0.233,0.539,0.885,Heavy rain reducing visibility and grip - reduced speed and longer buffer advised
EVT420601,2025-11-04 21:36:05,Trade Fair,J030,MG Road,9279,Weekday,False,Clear,False,0.0,False,False,0.377,Moderate,32.6,32.1,92.4,0.078,0.179,0.941,Moderate traffic flow - standard adaptive signal timing in effect
EVT420602,2025-12-31 17:55:29,Trade Fair,J040,City Market,14420,Weekday,False,Clear,False,0.0,False,False,1.0,Severe,7.1,72.0,375.5,0.133,0.307,0.896,Heavy congestion detected - signal timing extended and reroute suggested
EVT420603,2025-09-26 06:39:59,Trade Fair,J009,Majestic,14312,Weekday,False,Clear,False,0.0,False,False,0.415,Moderate,29.1,33.7,100.4,0.081,0.188,0.953,Moderate traffic flow - standard adaptive signal timing in effect
EVT420604,2025-08-12 08:04:16,Sports Fixture,J040,City Market,24691,Weekday,False,Clear,False,0.0,False,False,1.0,Severe,8.4,78.5,658.3,0.233,0.539,0.9,Heavy congestion detected - signal timing extended and reroute suggested
EVT420605,2025-10-28 09:25:44,Political Rally,J012,Koramangala Sony World,12021,Weekday,False,Clear,False,0.0,False,False,1.0,Severe,8.2,73.5,310.5,0.127,0.293,0.916,Heavy congestion detected - signal timing extended and reroute suggested
EVT420606,2025-09-08 12:08:43,Concert,J011,Indiranagar 100ft Road,10061,Weekday,False,Rain,True,22.2,False,False,0.449,Moderate,24.5,32.4,272.6,0.206,0.475,0.939,Light rain detected - minor speed reduction advised
EVT420607,2025-10-28 20:33:02,Sports Fixture,J020,Malleshwaram Circle,12274,Weekday,False,Rain,True,16.6,False,False,0.781,Severe,17.3,57.8,607.7,0.341,0.787,0.888,Heavy rain reducing visibility and grip - reduced speed and longer buffer advised
EVT420608,2025-02-14 09:02:19,Trade Fair,J030,MG Road,8763,Weekday,False,Clear,False,0.0,False,False,1.0,Severe,8.0,73.0,464.8,0.13,0.3,0.902,Heavy congestion detected - signal timing extended and reroute suggested
EVT420609,2026-02-23 08:02:45,Political Rally,J012,Koramangala Sony World,11362,Weekday,False,Clear,False,0.0,False,False,0.885,Severe,14.8,63.7,506.9,0.251,0.58,0.944,Heavy congestion detected - signal timing extended and reroute suggested
EVT420610,2025-07-03 21:46:13,Concert,J040,City Market,11411,Weekday,False,Heavy Rain,True,94.2,False,False,0.658,High,20.4,48.2,256.2,0.165,0.38,0.921,Heavy rain reducing visibility and grip - reduced speed and longer buffer advised
EVT420611,2025-07-09 19:08:33,Sports Fixture,J011,Indiranagar 100ft Road,24873,Weekday,False,Heavy Rain,True,26.1,False,False,1.0,Severe,7.1,75.1,735.7,0.249,0.576,0.859,Heavy rain reducing visibility and grip - reduced speed and longer buffer advised
EVT420612,2025-09-27 16:11:31,Political Rally,J040,City Market,10023,Weekend,False,Clear,False,0.0,False,False,0.526,Moderate,25.0,36.7,137.9,0.097,0.224,0.958,Moderate traffic flow - standard adaptive signal timing in effect
EVT420613,2025-05-25 02:02:14,Concert,J040,City Market,10218,Weekend,False,Clear,False,0.0,False,False,0.279,Low,27.7,21.0,151.6,0.119,0.274,0.964,Moderate traffic flow - standard adaptive signal timing in effect
EVT420614,2025-10-23 07:07:17,Local Market Day,J023,Basavanagudi,3999,Weekday,False,Clear,False,0.0,False,False,0.471,Moderate,22.1,34.7,155.3,0.117,0.27,0.97,Moderate traffic flow - standard adaptive signal timing in effect
EVT420615,2025-12-30 21:14:16,Trade Fair,J040,City Market,6606,Weekday,False,Clear,False,0.0,False,False,0.384,Moderate,28.4,26.9,96.1,0.076,0.175,0.969,Moderate traffic flow - standard adaptive signal timing in effect
EVT420616,2025-02-21 11:32:05,Concert,J009,Majestic,8945,Weekday,False,Clear,False,0.0,False,False,0.377,Moderate,33.6,28.2,133.9,0.1,0.231,0.96,Moderate traffic flow - standard adaptive signal timing in effect
EVT420617,2025-09-18 17:31:50,Sports Fixture,J011,Indiranagar 100ft Road,19772,Weekday,False,Clear,False,0.0,False,False,0.991,Severe,10.0,73.1,481.1,0.167,0.385,0.907,Heavy congestion detected - signal timing extended and reroute suggested
EVT420618,2026-06-12 15:15:42,Trade Fair,J020,Malleshwaram Circle,4879,Weekday,False,Clear,False,0.0,False,False,0.298,Low,30.4,19.3,100.0,0.097,0.225,0.967,Moderate traffic flow - standard adaptive signal timing in effect
EVT420619,2026-03-13 16:22:10,Local Market Day,J011,Indiranagar 100ft Road,4082,Weekday,False,Clear,False,0.0,False,False,0.541,Moderate,25.7,34.7,223.0,0.165,0.382,0.972,Moderate traffic flow - standard adaptive signal timing in effect
EVT420620,2025-02-15 09:19:53,Local Market Day,J009,Majestic,6721,Weekend,False,Clear,False,0.0,False,False,0.876,Severe,12.2,60.4,313.5,0.153,0.353,0.953,Heavy congestion detected - signal timing extended and reroute suggested
EVT420621,2025-06-03 12:01:38,Trade Fair,J030,MG Road,5387,Weekday,False,Clear,False,0.0,False,False,0.246,Low,31.7,14.6,122.6,0.097,0.223,0.952,Normal free-flow traffic - standard signal timing maintained
EVT420622,2025-06-15 14:16:10,Sports Fixture,J040,City Market,20238,Weekend,False,Clear,False,0.0,False,False,0.36,Moderate,33.2,19.5,126.1,0.114,0.263,0.969,Moderate traffic flow - standard adaptive signal timing in effect
EVT420623,2025-03-10 18:45:00,Sports Fixture,J020,Malleshwaram Circle,12509,Weekday,False,Clear,False,0.0,False,False,1.0,Severe,7.0,72.9,1027.4,0.292,0.675,0.901,Heavy congestion detected - signal timing extended and reroute suggested
EVT420624,2025-09-19 19:34:37,Sports Fixture,J011,Indiranagar 100ft Road,16516,Weekday,False,Clear,False,0.0,False,False,0.996,Severe,8.8,69.0,522.4,0.165,0.382,0.912,Heavy congestion detected - signal timing extended and reroute suggested
EVT420625,2026-02-02 17:27:34,Sports Fixture,J020,Malleshwaram Circle,12619,Weekday,False,Clear,False,0.0,False,False,0.873,Severe,13.0,64.3,330.4,0.16,0.371,0.933,Heavy congestion detected - signal timing extended and reroute suggested
EVT420626,2026-05-25 22:52:34,Concert,J030,MG Road,17114,Weekday,False,Light Rain,True,1.4,False,False,0.315,Low,32.1,21.8,184.4,0.174,0.402,0.93,Light rain detected - minor speed reduction advised
EVT420627,2025-09-26 17:14:14,Local Market Day,J031,Cubbon Road,3763,Weekday,False,Clear,False,0.0,False,False,0.747,High,16.5,52.8,275.3,0.158,0.366,0.976,Moderate traffic flow - standard adaptive signal timing in effect
EVT420628,2025-08-03 07:47:27,Local Market Day,J023,Basavanagudi,3909,Weekend,False,Clear,False,0.0,False,False,0.652,High,24.6,46.7,155.9,0.105,0.242,0.985,Moderate traffic flow - standard adaptive signal timing in effect
EVT420629,2026-06-10 15:05:13,Local Market Day,J040,City Market,3646,Weekday,False,Clear,False,0.0,False,False,0.302,Low,39.4,18.6,65.5,0.057,0.132,0.968,Moderate traffic flow - standard adaptive signal timing in effect
EVT420630,2025-02-11 17:29:26,Trade Fair,J030,MG Road,10783,Weekday,False,Clear,False,0.0,False,False,0.809,Severe,15.6,52.6,231.1,0.138,0.318,0.937,Heavy congestion detected - signal timing extended and reroute suggested
EVT420631,2025-01-01 08:19:18,Local Market Day,J023,Basavanagudi,2397,Weekday,False,Clear,False,0.0,False,False,0.9,Severe,9.4,61.7,431.7,0.163,0.376,0.931,Heavy congestion detected - signal timing extended and reroute suggested
EVT420632,2025-10-05 19:46:30,Local Market Day,J011,Indiranagar 100ft Road,4285,Weekend,False,Rain,True,11.8,False,False,0.881,Severe,13.7,63.7,563.7,0.278,0.643,0.854,Heavy rain reducing visibility and grip - reduced speed and longer buffer advised
EVT420633,2025-01-06 09:36:22,Sports Fixture,J020,Malleshwaram Circle,24690,Weekday,False,Clear,False,0.0,False,False,1.0,Severe,9.2,73.9,469.6,0.174,0.402,0.894,Heavy congestion detected - signal timing extended and reroute suggested
EVT420634,2026-06-15 07:06:55,Concert,J020,Malleshwaram Circle,11143,Weekday,False,Rain,True,8.7,False,False,0.661,High,20.6,47.9,258.3,0.159,0.366,0.92,Heavy rain reducing visibility and grip - reduced speed and longer buffer advised
EVT420635,2025-10-13 17:33:56,Concert,J030,MG Road,7352,Weekday,False,Clear,False,0.0,False,False,0.886,Severe,12.9,65.4,271.7,0.138,0.319,0.959,Heavy congestion detected - signal timing extended and reroute suggested
EVT420636,2026-06-03 13:59:39,Sports Fixture,J011,Indiranagar 100ft Road,16351,Weekday,False,Clear,False,0.0,False,False,0.245,Low,33.2,16.1,168.9,0.161,0.371,0.983,Normal free-flow traffic - standard signal timing maintained
EVT420637,2025-04-12 16:19:31,Local Market Day,J009,Majestic,4870,Weekend,False,Clear,False,0.0,False,False,0.481,Moderate,21.2,37.0,274.7,0.175,0.405,0.971,Moderate traffic flow - standard adaptive signal timing in effect
EVT420638,2025-11-14 07:46:32,Trade Fair,J011,Indiranagar 100ft Road,12097,Weekday,False,Clear,False,0.0,False,False,0.732,High,18.2,57.0,261.3,0.145,0.335,0.967,Moderate traffic flow - standard adaptive signal timing in effect
EVT420639,2025-06-23 15:28:03,Sports Fixture,J009,Majestic,20603,Weekday,False,Light Rain,True,4.6,False,False,0.485,Moderate,31.1,34.1,69.6,0.038,0.087,0.92,Light rain detected - minor speed reduction advised
EVT420640,2025-05-28 11:43:59,Sports Fixture,J009,Majestic,28298,Weekday,False,Clear,False,0.0,False,False,0.408,Moderate,28.1,28.2,198.6,0.165,0.38,0.978,Moderate traffic flow - standard adaptive signal timing in effect
EVT420641,2025-03-28 14:46:06,Trade Fair,J040,City Market,8661,Weekday,False,Clear,False,0.0,False,False,0.299,Low,24.5,25.0,183.8,0.141,0.326,0.952,Moderate traffic flow - standard adaptive signal timing in effect
EVT420642,2025-11-19 12:22:17,Sports Fixture,J031,Cubbon Road,17691,Weekday,False,Clear,False,0.0,False,False,0.287,Low,34.2,19.3,196.5,0.183,0.423,0.968,Moderate traffic flow - standard adaptive signal timing in effect
EVT420643,2025-05-31 08:55:36,Sports Fixture,J012,Koramangala Sony World,16014,Weekend,False,Clear,False,0.0,False,False,0.965,Severe,9.7,64.2,662.8,0.224,0.518,0.945,Heavy congestion detected - signal timing extended and reroute suggested
EVT420644,2025-02-13 22:41:47,Local Market Day,J020,Malleshwaram Circle,5138,Weekday,False,Clear,False,0.0,False,False,0.243,Low,27.7,14.6,126.9,0.082,0.19,0.961,Normal free-flow traffic - standard signal timing maintained
EVT420645,2025-09-21 14:52:41,Political Rally,J011,Indiranagar 100ft Road,25605,Weekend,False,Rain,True,19.8,False,False,0.62,High,15.7,42.1,118.5,0.063,0.145,0.905,Heavy rain reducing visibility and grip - reduced speed and longer buffer advised
EVT420646,2025-12-26 11:29:12,Religious Festival,J030,MG Road,65128,Weekday,True,Clear,False,0.0,False,True,1.0,Severe,7.7,85.8,539.3,0.172,0.397,0.838,Road closure for event/procession - full detour recommended for through-traffic
EVT420647,2025-07-19 12:23:08,Local Market Day,J009,Majestic,5571,Weekend,False,Heavy Rain,True,37.6,False,False,0.683,High,20.1,45.6,192.7,0.125,0.289,0.928,Heavy rain reducing visibility and grip - reduced speed and longer buffer advised
EVT420648,2026-05-27 19:40:37,Trade Fair,J011,Indiranagar 100ft Road,7927,Weekday,False,Clear,False,0.0,False,False,0.87,Severe,10.7,61.7,224.4,0.086,0.198,0.93,Heavy congestion detected - signal timing extended and reroute suggested
EVT420649,2025-05-24 17:06:39,Local Market Day,J031,Cubbon Road,3796,Weekend,False,Clear,False,0.0,False,False,0.751,Severe,17.8,55.8,219.7,0.127,0.293,0.958,Heavy congestion detected - signal timing extended and reroute suggested
EVT420650,2025-05-17 17:08:00,Concert,J011,Indiranagar 100ft Road,18523,Weekend,False,Clear,False,0.0,False,False,0.873,Severe,12.3,62.4,363.6,0.194,0.449,0.915,Heavy congestion detected - signal timing extended and reroute suggested
EVT420651,2025-08-27 06:32:28,Cultural Procession,J011,Indiranagar 100ft Road,9863,Weekday,True,Clear,False,0.0,False,False,0.558,High,29.7,40.8,202.6,0.177,0.41,0.907,Festival crowd surge detected - alternate route and extended cycle recommended
EVT420652,2026-01-29 19:32:29,Sports Fixture,J020,Malleshwaram Circle,22058,Weekday,False,Clear,False,0.0,False,False,0.964,Severe,10.2,67.3,249.7,0.101,0.233,0.94,Heavy congestion detected - signal timing extended and reroute suggested
EVT420653,2026-05-14 16:28:25,Local Market Day,J030,MG Road,3685,Weekday,False,Clear,False,0.0,False,False,0.488,Moderate,24.4,39.2,217.8,0.172,0.398,0.963,Moderate traffic flow - standard adaptive signal timing in effect
EVT420654,2025-12-25 08:07:59,Fireworks Display,J009,Majestic,19666,Weekday,True,Clear,False,0.0,False,False,1.0,Severe,8.9,73.0,264.5,0.095,0.219,0.866,Festival crowd surge detected - alternate route and extended cycle recommended
EVT420655,2025-08-01 09:21:07,Local Market Day,J009,Majestic,5947,Weekday,False,Clear,False,0.0,False,False,0.959,Severe,9.9,67.9,783.7,0.298,0.689,0.924,Heavy congestion detected - signal timing extended and reroute suggested
EVT420656,2025-07-06 20:45:46,Local Market Day,J011,Indiranagar 100ft Road,2535,Weekend,False,Heavy Rain,True,49.3,False,False,0.849,Severe,12.1,62.3,368.9,0.147,0.339,0.914,Heavy rain reducing visibility and grip - reduced speed and longer buffer advised
EVT420657,2026-04-20 15:03:13,Trade Fair,J040,City Market,7602,Weekday,False,Clear,False,0.0,False,False,0.275,Low,30.8,19.3,173.6,0.142,0.328,0.974,Moderate traffic flow - standard adaptive signal timing in effect
EVT420658,2025-10-23 14:16:48,Political Rally,J020,Malleshwaram Circle,15556,Weekday,False,Clear,False,0.0,False,False,0.323,Low,18.9,20.4,308.1,0.184,0.425,0.961,Moderate traffic flow - standard adaptive signal timing in effect
EVT420659,2025-07-09 18:24:43,Sports Fixture,J023,Basavanagudi,12909,Weekday,False,Clear,False,0.0,False,False,1.0,Severe,10.7,65.5,651.5,0.249,0.576,0.902,Heavy congestion detected - signal timing extended and reroute suggested
EVT420660,2025-03-12 21:11:00,Local Market Day,J040,City Market,4516,Weekday,False,Clear,False,0.0,False,False,0.339,Low,27.1,24.2,183.5,0.151,0.348,0.955,Moderate traffic flow - standard adaptive signal timing in effect
EVT420661,2026-04-11 21:52:37,Trade Fair,J023,Basavanagudi,10398,Weekend,False,Clear,False,0.0,False,False,0.294,Low,35.9,21.5,103.1,0.1,0.232,0.99,Moderate traffic flow - standard adaptive signal timing in effect
EVT420662,2026-02-13 10:38:02,Local Market Day,J020,Malleshwaram Circle,4124,Weekday,False,Clear,False,0.0,False,False,0.593,High,21.2,41.0,272.7,0.181,0.419,0.961,Moderate traffic flow - standard adaptive signal timing in effect
EVT420663,2025-12-31 07:11:31,Sports Fixture,J040,City Market,17155,Weekday,False,Clear,False,0.0,False,False,0.564,High,26.9,37.8,113.4,0.083,0.191,0.965,Moderate traffic flow - standard adaptive signal timing in effect
EVT420664,2026-04-10 13:36:07,Sports Fixture,J040,City Market,19772,Weekday,False,Rain,True,14.4,False,False,0.474,Moderate,22.2,29.3,217.5,0.15,0.348,0.891,Light rain detected - minor speed reduction advised
EVT420665,2025-05-24 20:11:55,Trade Fair,J009,Majestic,4786,Weekend,False,Light Rain,True,1.5,False,False,0.59,High,22.5,52.4,323.9,0.202,0.466,0.901,Heavy rain reducing visibility and grip - reduced speed and longer buffer advised
EVT420666,2026-01-03 17:36:03,Local Market Day,J023,Basavanagudi,3726,Weekend,False,Clear,False,0.0,False,False,0.753,Severe,15.0,59.7,236.5,0.12,0.277,0.965,Heavy congestion detected - signal timing extended and reroute suggested
EVT420667,2026-03-03 12:58:59,Political Rally,J020,Malleshwaram Circle,10476,Weekday,False,Clear,False,0.0,False,False,0.205,Low,33.9,14.5,70.3,0.083,0.193,0.928,Normal free-flow traffic - standard signal timing maintained
EVT420668,2025-02-21 12:07:57,Trade Fair,J030,MG Road,22584,Weekday,False,Clear,False,0.0,False,False,0.345,Low,35.2,24.1,54.9,0.032,0.074,0.946,Moderate traffic flow - standard adaptive signal timing in effect
EVT420669,2026-03-20 20:55:28,Cultural Procession,J031,Cubbon Road,15408,Weekday,True,Clear,False,0.0,False,True,0.888,High,7.8,86.5,568.8,0.173,0.4,0.875,Road closure for event/procession - full detour recommended for through-traffic
EVT420670,2025-05-03 10:26:38,Local Market Day,J031,Cubbon Road,3733,Weekend,False,Clear,False,0.0,False,False,0.552,High,24.2,38.0,227.0,0.164,0.379,0.963,Moderate traffic flow - standard adaptive signal timing in effect
EVT420671,2026-02-10 11:31:57,Concert,J040,City Market,14274,Weekday,False,Clear,False,0.0,False,False,0.376,Moderate,26.4,27.1,163.8,0.119,0.275,0.957,Moderate traffic flow - standard adaptive signal timing in effect
EVT420672,2026-01-07 16:06:25,Local Market Day,J023,Basavanagudi,4259,Weekday,False,Clear,False,0.0,False,False,0.432,Moderate,33.2,29.2,182.7,0.173,0.399,0.968,Moderate traffic flow - standard adaptive signal timing in effect
EVT420673,2025-12-12 09:29:23,Sports Fixture,J009,Majestic,19295,Weekday,False,Clear,False,0.0,False,False,1.0,Severe,8.7,69.7,677.1,0.238,0.55,0.911,Heavy congestion detected - signal timing extended and reroute suggested
EVT420674,2025-01-26 08:47:22,Cultural Procession,J031,Cubbon Road,25796,Weekend,True,Clear,False,0.0,False,True,1.0,Severe,9.1,102.4,669.8,0.255,0.589,0.824,Road closure for event/procession - full detour recommended for through-traffic
EVT420675,2025-10-19 11:43:30,Local Market Day,J011,Indiranagar 100ft Road,2379,Weekend,False,Rain,True,11.4,False,False,0.411,Moderate,28.0,28.7,126.4,0.103,0.237,0.888,Light rain detected - minor speed reduction advised
EVT420676,2025-03-25 22:23:00,Political Rally,J011,Indiranagar 100ft Road,15025,Weekday,False,Clear,False,0.0,False,False,0.252,Low,31.2,20.0,104.9,0.076,0.176,0.962,Moderate traffic flow - standard adaptive signal timing in effect
EVT420677,2025-12-15 08:58:47,Concert,J031,Cubbon Road,14564,Weekday,False,Clear,False,0.0,False,False,1.0,Severe,8.9,68.9,350.2,0.128,0.296,0.927,Heavy congestion detected - signal timing extended and reroute suggested
EVT420678,2025-12-12 19:43:00,Political Rally,J023,Basavanagudi,9263,Weekday,False,Clear,False,0.0,False,False,0.811,Severe,14.9,55.1,325.4,0.149,0.344,0.926,Heavy congestion detected - signal timing extended and reroute suggested
EVT420679,2025-03-06 18:58:41,Local Market Day,J030,MG Road,5993,Weekday,False,Clear,False,0.0,False,False,1.0,Severe,10.0,77.3,552.4,0.225,0.52,0.91,Heavy congestion detected - signal timing extended and reroute suggested
EVT420680,2025-09-04 11:23:58,Concert,J020,Malleshwaram Circle,8784,Weekday,False,Clear,False,0.0,False,False,0.309,Low,31.3,22.6,198.4,0.151,0.349,0.957,Moderate traffic flow - standard adaptive signal timing in effect
EVT420681,2026-05-28 14:56:52,Political Rally,J009,Majestic,19575,Weekday,False,Rain,True,16.4,False,False,0.521,Moderate,32.5,32.3,174.0,0.162,0.374,0.911,Light rain detected - minor speed reduction advised
EVT420682,2026-01-02 23:46:21,Religious Festival,J012,Koramangala Sony World,27092,Weekday,True,Clear,False,0.0,False,False,0.501,Moderate,25.7,30.3,127.4,0.092,0.213,0.906,Festival crowd surge detected - alternate route and extended cycle recommended
EVT420683,2025-08-22 10:04:41,Local Market Day,J031,Cubbon Road,2747,Weekday,False,Heavy Rain,True,27.6,False,False,1.0,Severe,7.9,76.5,720.3,0.233,0.539,0.878,Heavy rain reducing visibility and grip - reduced speed and longer buffer advised
EVT420684,2026-05-07 09:26:43,Sports Fixture,J011,Indiranagar 100ft Road,20423,Weekday,False,Clear,False,0.0,False,False,1.0,Severe,7.5,69.1,893.0,0.264,0.611,0.928,Heavy congestion detected - signal timing extended and reroute suggested
EVT420685,2025-10-28 12:47:47,Trade Fair,J009,Majestic,9370,Weekday,False,Light Rain,True,7.0,False,False,0.385,Moderate,24.9,25.7,221.8,0.162,0.375,0.914,Light rain detected - minor speed reduction advised
EVT420686,2026-04-20 15:01:16,Trade Fair,J012,Koramangala Sony World,11429,Weekday,False,Clear,False,0.0,False,False,0.266,Low,30.2,19.5,131.6,0.102,0.235,0.976,Moderate traffic flow - standard adaptive signal timing in effect
EVT420687,2025-01-24 10:19:44,Sports Fixture,J012,Koramangala Sony World,23390,Weekday,False,Clear,False,0.0,False,False,0.802,Severe,14.1,55.1,352.4,0.186,0.43,0.945,Heavy congestion detected - signal timing extended and reroute suggested
EVT420688,2025-07-24 15:43:37,Concert,J031,Cubbon Road,10497,Weekday,False,Clear,False,0.0,False,False,0.413,Moderate,27.9,25.4,220.2,0.183,0.424,0.964,Moderate traffic flow - standard adaptive signal timing in effect
EVT420689,2025-10-31 18:25:57,Political Rally,J040,City Market,12900,Weekday,False,Rain,True,13.6,False,False,1.0,Severe,9.3,70.5,251.1,0.119,0.274,0.857,Heavy rain reducing visibility and grip - reduced speed and longer buffer advised
EVT420690,2026-05-07 20:06:29,Sports Fixture,J030,MG Road,37874,Weekday,False,Rain,True,15.1,False,False,1.0,Severe,8.3,68.0,775.6,0.256,0.591,0.874,Heavy rain reducing visibility and grip - reduced speed and longer buffer advised
EVT420691,2025-03-09 15:12:09,Trade Fair,J020,Malleshwaram Circle,8459,Weekend,False,Clear,False,0.0,False,False,0.38,Moderate,27.8,26.8,70.7,0.057,0.131,0.954,Moderate traffic flow - standard adaptive signal timing in effect
EVT420692,2026-04-09 09:20:22,Concert,J023,Basavanagudi,15058,Weekday,False,Clear,False,0.0,False,False,1.0,Severe,8.2,73.7,836.8,0.239,0.553,0.899,Heavy congestion detected - signal timing extended and reroute suggested
EVT420693,2025-03-07 21:38:04,Concert,J031,Cubbon Road,14290,Weekday,False,Clear,False,0.0,False,False,0.441,Moderate,27.0,30.6,140.3,0.109,0.253,0.961,Moderate traffic flow - standard adaptive signal timing in effect
EVT420694,2026-06-08 20:38:26,Sports Fixture,J040,City Market,22525,Weekday,False,Clear,False,0.0,False,False,0.57,High,23.0,45.2,217.4,0.129,0.297,0.953,Moderate traffic flow - standard adaptive signal timing in effect
EVT420695,2025-08-23 07:02:18,Concert,J020,Malleshwaram Circle,7460,Weekend,False,Clear,False,0.0,False,False,0.395,Moderate,31.8,29.2,209.9,0.208,0.48,0.972,Moderate traffic flow - standard adaptive signal timing in effect
EVT420696,2026-04-20 18:23:34,Concert,J011,Indiranagar 100ft Road,7443,Weekday,False,Clear,False,0.0,False,False,1.0,Severe,9.0,73.3,526.6,0.171,0.395,0.932,Heavy congestion detected - signal timing extended and reroute suggested
EVT420697,2026-06-10 18:09:18,Local Market Day,J031,Cubbon Road,2874,Weekday,False,Rain,True,7.9,False,False,1.0,Severe,6.9,73.2,218.7,0.096,0.222,0.872,Heavy rain reducing visibility and grip - reduced speed and longer buffer advised
EVT420698,2025-10-02 16:55:44,Cultural Procession,J009,Majestic,14472,Weekday,True,Clear,False,0.0,False,False,0.951,Severe,12.7,66.4,499.2,0.228,0.526,0.892,Festival crowd surge detected - alternate route and extended cycle recommended
EVT420699,2026-01-16 19:12:59,Concert,J009,Majestic,15269,Weekday,False,Clear,False,0.0,False,False,0.979,Severe,9.5,67.8,401.7,0.161,0.371,0.909,Heavy congestion detected - signal timing extended and reroute suggested
EVT420700,2025-07-22 18:08:01,Concert,J009,Majestic,17575,Weekday,False,Clear,False,0.0,False,False,1.0,Severe,9.3,73.2,659.3,0.216,0.498,0.955,Heavy congestion detected - signal timing extended and reroute suggested
EVT420701,2026-05-27 15:35:26,Local Market Day,J020,Malleshwaram Circle,6631,Weekday,False,Clear,False,0.0,False,False,0.458,Moderate,22.6,35.0,212.3,0.148,0.341,0.972,Moderate traffic flow - standard adaptive signal timing in effect
EVT420702,2026-03-14 19:16:08,Political Rally,J020,Malleshwaram Circle,15824,Weekend,False,Clear,False,0.0,False,False,0.904,Severe,11.7,60.2,483.5,0.217,0.502,0.936,Heavy congestion detected - signal timing extended and reroute suggested
EVT420703,2025-08-21 20:14:51,Local Market Day,J031,Cubbon Road,2385,Weekday,False,Clear,False,0.0,False,False,0.645,High,17.0,42.4,240.6,0.126,0.291,0.985,Moderate traffic flow - standard adaptive signal timing in effect
EVT420704,2026-03-17 13:40:43,Local Market Day,J031,Cubbon Road,5710,Weekday,False,Clear,False,0.0,False,False,0.22,Low,30.2,15.2,188.0,0.156,0.36,0.955,Normal free-flow traffic - standard signal timing maintained
EVT420705,2025-12-14 18:14:45,Political Rally,J011,Indiranagar 100ft Road,15555,Weekend,False,Clear,False,0.0,False,False,0.919,Severe,13.2,65.2,457.3,0.229,0.529,0.913,Heavy congestion detected - signal timing extended and reroute suggested
EVT420706,2026-01-19 19:18:26,Concert,J030,MG Road,10453,Weekday,False,Clear,False,0.0,False,False,1.0,Severe,8.7,67.9,426.1,0.163,0.378,0.903,Heavy congestion detected - signal timing extended and reroute suggested
EVT420707,2025-12-18 06:58:08,Local Market Day,J012,Koramangala Sony World,2445,Weekday,False,Clear,False,0.0,False,False,0.44,Moderate,27.8,34.1,182.9,0.146,0.338,0.988,Moderate traffic flow - standard adaptive signal timing in effect
EVT420708,2026-02-23 07:23:33,Political Rally,J011,Indiranagar 100ft Road,12875,Weekday,False,Clear,False,0.0,False,False,0.574,High,23.1,47.4,187.4,0.114,0.263,0.981,Moderate traffic flow - standard adaptive signal timing in effect
EVT420709,2025-03-27 11:14:18,Local Market Day,J020,Malleshwaram Circle,3329,Weekday,False,Clear,False,0.0,False,False,0.291,Low,25.3,24.4,117.0,0.103,0.237,0.977,Moderate traffic flow - standard adaptive signal timing in effect
EVT420710,2025-02-20 07:47:47,Trade Fair,J012,Koramangala Sony World,6156,Weekday,False,Clear,False,0.0,False,False,0.712,High,17.4,53.6,297.7,0.162,0.374,0.975,Moderate traffic flow - standard adaptive signal timing in effect
EVT420711,2025-11-04 21:10:57,Concert,J011,Indiranagar 100ft Road,21178,Weekday,False,Clear,False,0.0,False,False,0.475,Moderate,23.8,33.6,256.1,0.194,0.448,0.935,Moderate traffic flow - standard adaptive signal timing in effect
EVT420712,2026-04-02 04:56:43,Concert,J020,Malleshwaram Circle,7423,Weekday,False,Clear,False,0.0,False,False,0.218,Low,39.1,20.4,63.2,0.029,0.067,0.989,Normal free-flow traffic - standard signal timing maintained
EVT420713,2025-02-12 18:12:55,Sports Fixture,J031,Cubbon Road,17519,Weekday,False,Clear,False,0.0,False,False,1.0,Severe,9.5,72.0,578.1,0.229,0.529,0.887,Heavy congestion detected - signal timing extended and reroute suggested
EVT420714,2025-12-01 14:36:45,Local Market Day,J023,Basavanagudi,3462,Weekday,False,Clear,False,0.0,False,False,0.231,Low,29.0,23.8,87.9,0.049,0.113,0.942,Normal free-flow traffic - standard signal timing maintained
EVT420715,2025-04-13 06:16:42,Concert,J009,Majestic,13075,Weekend,False,Rain,True,8.2,False,False,0.452,Moderate,27.5,33.4,175.3,0.146,0.338,0.919,Light rain detected - minor speed reduction advised
EVT420716,2025-03-21 08:35:57,Sports Fixture,J040,City Market,14693,Weekday,False,Clear,False,0.0,False,False,1.0,Severe,7.7,75.6,662.1,0.227,0.524,0.924,Heavy congestion detected - signal timing extended and reroute suggested
EVT420717,2025-01-08 15:10:33,Trade Fair,J011,Indiranagar 100ft Road,9096,Weekday,False,Clear,False,0.0,False,False,0.317,Low,37.5,22.4,155.3,0.123,0.285,0.965,Moderate traffic flow - standard adaptive signal timing in effect
EVT420718,2025-08-15 19:30:09,Religious Festival,J031,Cubbon Road,109246,Weekday,True,Light Rain,True,5.7,False,True,1.0,Severe,7.9,101.6,661.3,0.226,0.522,0.781,Road closure for event/procession - full detour recommended for through-traffic
EVT420719,2026-03-22 15:05:49,Local Market Day,J012,Koramangala Sony World,5809,Weekend,False,Clear,False,0.0,False,False,0.242,Low,32.3,17.2,173.9,0.144,0.332,0.964,Normal free-flow traffic - standard signal timing maintained
EVT420720,2026-04-30 15:13:59,Sports Fixture,J020,Malleshwaram Circle,40825,Weekday,False,Light Rain,True,0.8,False,False,0.631,High,15.5,44.6,305.5,0.153,0.353,0.908,Heavy rain reducing visibility and grip - reduced speed and longer buffer advised
EVT420721,2025-04-17 15:19:31,Sports Fixture,J011,Indiranagar 100ft Road,46935,Weekday,False,Clear,False,0.0,False,False,0.552,High,25.4,42.2,205.4,0.158,0.366,0.976,Moderate traffic flow - standard adaptive signal timing in effect
EVT420722,2025-03-30 15:11:21,Religious Festival,J031,Cubbon Road,40921,Weekend,True,Clear,False,0.0,False,True,0.949,Severe,7.4,99.1,240.0,0.091,0.21,0.82,Road closure for event/procession - full detour recommended for through-traffic
EVT420723,2025-01-26 08:11:15,Religious Festival,J023,Basavanagudi,25297,Weekend,True,Clear,False,0.0,False,False,1.0,Severe,9.6,74.1,462.3,0.191,0.442,0.863,Festival crowd surge detected - alternate route and extended cycle recommended
EVT420724,2026-01-15 20:29:53,Cultural Procession,J020,Malleshwaram Circle,19815,Weekday,True,Clear,False,0.0,False,False,0.966,Severe,9.8,67.6,626.2,0.237,0.548,0.875,Festival crowd surge detected - alternate route and extended cycle recommended
EVT420725,2025-12-28 21:43:39,Local Market Day,J009,Majestic,4951,Weekend,False,Clear,False,0.0,False,False,0.359,Moderate,26.2,21.1,171.3,0.141,0.326,0.94,Moderate traffic flow - standard adaptive signal timing in effect
EVT420726,2025-03-16 22:26:48,Local Market Day,J009,Majestic,2348,Weekend,False,Clear,False,0.0,False,False,0.208,Low,34.9,14.9,101.5,0.094,0.218,0.989,Normal free-flow traffic - standard signal timing maintained
EVT420727,2025-08-13 21:58:08,Sports Fixture,J020,Malleshwaram Circle,35062,Weekday,False,Fog,False,0.0,False,False,0.422,Moderate,22.7,28.8,197.7,0.113,0.261,0.972,Moderate traffic flow - standard adaptive signal timing in effect
EVT420728,2026-03-30 20:58:34,Local Market Day,J040,City Market,6193,Weekday,False,Clear,False,0.0,False,False,0.375,Moderate,29.4,22.0,184.0,0.153,0.354,0.948,Moderate traffic flow - standard adaptive signal timing in effect
EVT420729,2026-06-27 01:12:13,Local Market Day,J020,Malleshwaram Circle,6101,Weekend,False,Clear,False,0.0,True,False,0.622,High,27.0,45.2,282.8,0.226,0.522,0.793,Accident detected nearby - reroute and reduced speed advised
EVT420730,2026-03-05 18:31:06,Cultural Procession,J011,Indiranagar 100ft Road,17693,Weekday,True,Clear,False,0.0,False,True,1.0,Severe,10.9,95.4,430.4,0.177,0.409,0.853,Road closure for event/procession - full detour recommended for through-traffic
EVT420731,2025-03-11 12:09:52,Local Market Day,J031,Cubbon Road,3628,Weekday,False,Clear,False,0.0,False,False,0.21,Low,31.3,15.2,60.1,0.032,0.074,0.982,Normal free-flow traffic - standard signal timing maintained
EVT420732,2025-02-06 07:51:19,Concert,J030,MG Road,14264,Weekday,False,Clear,False,0.0,False,False,0.859,Severe,14.1,66.2,301.1,0.15,0.346,0.944,Heavy congestion detected - signal timing extended and reroute suggested
EVT420733,2026-05-17 10:33:44,Local Market Day,J023,Basavanagudi,2606,Weekend,False,Clear,False,0.0,False,False,0.485,Moderate,19.6,37.6,129.6,0.072,0.167,0.978,Moderate traffic flow - standard adaptive signal timing in effect
EVT420734,2026-06-29 06:06:00,Political Rally,J012,Koramangala Sony World,16733,Weekday,False,Fog,False,0.0,False,False,0.327,Low,20.5,24.4,224.7,0.122,0.281,0.948,Moderate traffic flow - standard adaptive signal timing in effect
EVT420735,2025-02-24 16:40:35,Local Market Day,J023,Basavanagudi,9590,Weekday,False,Light Rain,True,2.8,False,False,0.691,High,17.3,54.4,118.7,0.073,0.168,0.894,Heavy rain reducing visibility and grip - reduced speed and longer buffer advised
EVT420736,2025-04-24 07:05:20,Local Market Day,J023,Basavanagudi,7560,Weekday,False,Clear,False,0.0,False,False,0.514,Moderate,24.4,38.1,177.8,0.123,0.285,0.967,Moderate traffic flow - standard adaptive signal timing in effect
EVT420737,2026-02-20 19:02:19,Sports Fixture,J040,City Market,24132,Weekday,False,Clear,False,0.0,False,False,1.0,Severe,8.8,73.8,350.2,0.141,0.326,0.922,Heavy congestion detected - signal timing extended and reroute suggested
EVT420738,2025-04-06 21:49:24,Cultural Procession,J012,Koramangala Sony World,9934,Weekend,True,Clear,False,0.0,False,True,0.803,High,14.7,78.7,261.9,0.139,0.322,0.851,Road closure for event/procession - full detour recommended for through-traffic
EVT420739,2025-03-26 20:29:08,Political Rally,J030,MG Road,14958,Weekday,False,Clear,False,0.0,False,False,0.634,High,17.0,46.6,362.5,0.205,0.475,0.963,Moderate traffic flow - standard adaptive signal timing in effect
EVT420740,2025-08-13 19:53:41,Concert,J040,City Market,15697,Weekday,False,Light Rain,True,3.3,False,False,0.996,Severe,7.4,75.4,891.8,0.277,0.639,0.852,Heavy rain reducing visibility and grip - reduced speed and longer buffer advised
EVT420741,2026-02-05 17:10:36,Local Market Day,J040,City Market,3601,Weekday,False,Clear,False,0.0,False,False,0.745,High,16.8,54.8,317.2,0.181,0.418,0.958,Moderate traffic flow - standard adaptive signal timing in effect
EVT420742,2026-04-05 18:56:09,Concert,J009,Majestic,13935,Weekend,False,Clear,False,0.0,False,False,0.946,Severe,10.0,69.9,520.7,0.2,0.462,0.932,Heavy congestion detected - signal timing extended and reroute suggested
EVT420743,2025-12-13 18:29:02,Local Market Day,J030,MG Road,2330,Weekend,False,Clear,False,0.0,False,False,0.823,Severe,12.2,58.3,412.7,0.194,0.449,0.96,Heavy congestion detected - signal timing extended and reroute suggested
EVT420744,2025-06-03 15:47:52,Concert,J030,MG Road,12070,Weekday,False,Clear,False,0.0,False,False,0.425,Moderate,22.0,26.9,234.9,0.141,0.326,0.964,Moderate traffic flow - standard adaptive signal timing in effect
EVT420745,2025-04-29 08:51:49,Concert,J030,MG Road,7356,Weekday,False,Clear,False,0.0,False,False,0.975,Severe,10.9,73.6,696.3,0.307,0.709,0.905,Heavy congestion detected - signal timing extended and reroute suggested
EVT420746,2025-05-25 20:58:47,Political Rally,J031,Cubbon Road,16684,Weekend,False,Clear,False,0.0,False,False,0.418,Moderate,29.5,31.3,288.7,0.233,0.537,0.965,Moderate traffic flow - standard adaptive signal timing in effect
EVT420747,2025-05-21 19:11:54,Trade Fair,J030,MG Road,12258,Weekday,False,Clear,False,0.0,False,False,1.0,Severe,7.7,69.1,623.4,0.21,0.486,0.904,Heavy congestion detected - signal timing extended and reroute suggested
EVT420748,2025-10-24 10:32:32,Trade Fair,J040,City Market,9935,Weekday,False,Clear,False,0.0,False,False,0.591,High,17.8,41.5,222.5,0.135,0.311,0.962,Moderate traffic flow - standard adaptive signal timing in effect
EVT420749,2025-01-26 17:02:31,Religious Festival,J011,Indiranagar 100ft Road,33668,Weekend,True,Clear,False,0.0,True,True,1.0,Severe,8.4,108.8,727.6,0.262,0.605,0.658,Road closure for event/procession - full detour recommended for through-traffic
EVT420750,2026-04-30 08:43:07,Sports Fixture,J023,Basavanagudi,50473,Weekday,False,Clear,False,0.0,False,False,1.0,Severe,8.6,70.5,623.0,0.223,0.515,0.914,Heavy congestion detected - signal timing extended and reroute suggested
EVT420751,2025-05-08 23:40:25,Local Market Day,J040,City Market,5535,Weekday,False,Rain,True,13.4,False,False,0.377,Moderate,32.5,25.5,116.9,0.109,0.253,0.907,Light rain detected - minor speed reduction advised
EVT420752,2026-06-27 23:36:22,Political Rally,J030,MG Road,24076,Weekend,False,Clear,False,0.0,False,False,0.389,Moderate,26.1,23.6,148.8,0.09,0.207,0.966,Moderate traffic flow - standard adaptive signal timing in effect
EVT420753,2026-02-03 16:50:40,Sports Fixture,J012,Koramangala Sony World,25565,Weekday,False,Light Rain,True,5.0,False,False,0.891,Severe,10.2,58.9,239.4,0.093,0.216,0.903,Heavy rain reducing visibility and grip - reduced speed and longer buffer advised
EVT420754,2025-08-10 09:52:35,Trade Fair,J023,Basavanagudi,12352,Weekend,False,Clear,False,0.0,False,False,0.771,Severe,12.1,53.1,549.8,0.216,0.5,0.948,Heavy congestion detected - signal timing extended and reroute suggested
EVT420755,2025-02-06 07:57:55,Local Market Day,J020,Malleshwaram Circle,8624,Weekday,False,Clear,False,0.0,False,False,0.792,Severe,11.6,57.9,359.4,0.174,0.402,0.952,Heavy congestion detected - signal timing extended and reroute suggested
EVT420756,2025-09-17 18:21:21,Trade Fair,J030,MG Road,4937,Weekday,False,Clear,False,0.0,False,False,1.0,Severe,7.1,70.7,526.8,0.151,0.349,0.918,Heavy congestion detected - signal timing extended and reroute suggested
EVT420757,2026-03-04 11:20:23,Fireworks Display,J023,Basavanagudi,18317,Weekday,True,Clear,False,0.0,False,False,0.661,High,22.0,48.0,172.7,0.119,0.274,0.932,Festival crowd surge detected - alternate route and extended cycle recommended
EVT420758,2025-08-21 17:15:59,Concert,J031,Cubbon Road,8891,Weekday,False,Clear,False,0.0,False,False,0.903,Severe,11.0,65.0,501.1,0.226,0.521,0.952,Heavy congestion detected - signal timing extended and reroute suggested
EVT420759,2025-04-14 12:29:03,Cultural Procession,J040,City Market,16314,Weekday,True,Clear,False,0.0,False,False,0.46,Moderate,25.9,36.0,95.5,0.063,0.145,0.913,Moderate traffic flow - standard adaptive signal timing in effect
EVT420760,2025-10-18 07:32:10,Local Market Day,J030,MG Road,3677,Weekend,False,Clear,False,0.0,False,False,0.587,High,19.1,40.7,215.2,0.118,0.272,0.954,Moderate traffic flow - standard adaptive signal timing in effect
EVT420761,2025-08-02 21:02:07,Trade Fair,J040,City Market,8692,Weekend,False,Rain,True,20.2,False,False,0.659,High,21.7,44.6,135.6,0.061,0.141,0.908,Heavy rain reducing visibility and grip - reduced speed and longer buffer advised
EVT420762,2025-09-12 23:21:41,Sports Fixture,J012,Koramangala Sony World,31848,Weekday,False,Rain,True,20.1,False,False,0.535,Moderate,26.9,40.4,164.7,0.126,0.29,0.942,Light rain detected - minor speed reduction advised
EVT420763,2026-03-21 15:02:51,Sports Fixture,J023,Basavanagudi,42960,Weekend,False,Clear,False,0.0,False,False,0.519,Moderate,30.7,35.4,174.6,0.151,0.35,0.95,Moderate traffic flow - standard adaptive signal timing in effect
EVT420764,2025-06-18 07:41:22,Sports Fixture,J012,Koramangala Sony World,33306,Weekday,False,Heavy Rain,True,36.5,False,False,1.0,Severe,9.6,71.4,572.1,0.211,0.488,0.881,Heavy rain reducing visibility and grip - reduced speed and longer buffer advised
EVT420765,2026-05-06 11:48:03,Local Market Day,J031,Cubbon Road,4522,Weekday,False,Clear,False,0.0,False,False,0.268,Low,29.5,24.2,173.5,0.141,0.326,0.953,Moderate traffic flow - standard adaptive signal timing in effect
EVT420766,2025-06-05 17:17:53,Sports Fixture,J009,Majestic,29535,Weekday,False,Heavy Rain,True,32.6,True,False,1.0,Severe,7.0,73.5,679.1,0.206,0.475,0.711,Accident detected nearby - reroute and reduced speed advised
EVT420767,2026-01-23 10:18:21,Local Market Day,J031,Cubbon Road,5768,Weekday,False,Fog,False,0.0,False,False,0.662,High,19.3,43.2,144.6,0.097,0.224,0.956,Moderate traffic flow - standard adaptive signal timing in effect
EVT420768,2025-03-05 23:27:11,Sports Fixture,J040,City Market,27937,Weekday,False,Light Rain,True,2.3,False,False,0.405,Moderate,30.0,26.2,117.4,0.105,0.242,0.91,Light rain detected - minor speed reduction advised
EVT420769,2025-01-23 12:57:08,Sports Fixture,J011,Indiranagar 100ft Road,22047,Weekday,False,Clear,False,0.0,False,False,0.377,Moderate,25.9,23.5,139.3,0.107,0.247,0.989,Moderate traffic flow - standard adaptive signal timing in effect
EVT420770,2025-12-10 18:54:59,Concert,J031,Cubbon Road,8538,Weekday,False,Clear,False,0.0,False,False,1.0,Severe,11.6,75.3,644.0,0.271,0.626,0.933,Heavy congestion detected - signal timing extended and reroute suggested
EVT420771,2025-05-24 18:54:32,Local Market Day,J040,City Market,3804,Weekend,False,Clear,False,0.0,False,False,0.859,Severe,14.3,55.2,271.1,0.125,0.289,0.932,Heavy congestion detected - signal timing extended and reroute suggested
EVT420772,2025-12-29 07:02:34,Local Market Day,J030,MG Road,3816,Weekday,False,Clear,False,0.0,False,False,0.345,Low,26.1,26.5,184.5,0.155,0.359,0.967,Moderate traffic flow - standard adaptive signal timing in effect
EVT420773,2025-05-01 08:36:51,Religious Festival,J040,City Market,29428,Weekday,True,Clear,False,0.0,False,False,1.0,Severe,9.2,75.4,626.3,0.239,0.552,0.871,Festival crowd surge detected - alternate route and extended cycle recommended
EVT420774,2025-11-09 17:21:41,Trade Fair,J031,Cubbon Road,10790,Weekend,False,Clear,False,0.0,False,False,0.77,Severe,14.1,57.0,559.9,0.257,0.594,0.986,Heavy congestion detected - signal timing extended and reroute suggested
EVT420775,2026-06-26 16:58:26,Sports Fixture,J009,Majestic,18589,Weekday,False,Light Rain,True,4.0,False,False,0.907,Severe,11.8,57.8,219.7,0.114,0.264,0.894,Heavy rain reducing visibility and grip - reduced speed and longer buffer advised
EVT420776,2026-05-18 01:57:10,Trade Fair,J030,MG Road,14262,Weekday,False,Clear,False,0.0,False,False,0.215,Low,36.8,21.7,140.0,0.145,0.334,0.971,Normal free-flow traffic - standard signal timing maintained
EVT420777,2025-09-20 18:24:50,Concert,J040,City Market,14078,Weekend,False,Clear,False,0.0,False,False,0.988,Severe,9.3,71.8,517.9,0.201,0.465,0.919,Heavy congestion detected - signal timing extended and reroute suggested
EVT420778,2025-09-05 07:50:00,Religious Festival,J040,City Market,41168,Weekday,True,Rain,True,24.0,False,False,1.0,Severe,8.0,68.3,350.4,0.144,0.334,0.812,Festival crowd surge detected - alternate route and extended cycle recommended
EVT420779,2026-02-20 10:47:19,Local Market Day,J023,Basavanagudi,4739,Weekday,False,Clear,False,0.0,False,False,0.485,Moderate,30.5,36.7,235.4,0.211,0.486,0.962,Moderate traffic flow - standard adaptive signal timing in effect
EVT420780,2025-02-02 06:36:41,Sports Fixture,J031,Cubbon Road,6908,Weekend,False,Clear,False,0.0,False,False,0.404,Moderate,27.1,35.3,168.8,0.126,0.291,0.968,Moderate traffic flow - standard adaptive signal timing in effect
EVT420781,2025-04-02 07:41:20,Local Market Day,J030,MG Road,2462,Weekday,False,Clear,False,0.0,False,False,0.683,High,20.1,44.8,101.8,0.054,0.124,0.983,Moderate traffic flow - standard adaptive signal timing in effect
EVT420782,2025-10-28 06:23:29,Local Market Day,J020,Malleshwaram Circle,5555,Weekday,False,Clear,False,0.0,False,False,0.292,Low,25.1,17.3,108.2,0.071,0.164,0.961,Moderate traffic flow - standard adaptive signal timing in effect
EVT420783,2026-03-17 11:33:08,Sports Fixture,J009,Majestic,33236,Weekday,False,Clear,False,0.0,False,False,0.453,Moderate,26.1,27.3,202.7,0.148,0.341,0.957,Moderate traffic flow - standard adaptive signal timing in effect
EVT420784,2025-11-22 08:50:00,Sports Fixture,J012,Koramangala Sony World,36106,Weekend,False,Clear,False,0.0,False,False,1.0,Severe,7.7,74.5,690.5,0.202,0.467,0.915,Heavy congestion detected - signal timing extended and reroute suggested
EVT420785,2025-01-04 18:12:54,Concert,J020,Malleshwaram Circle,22697,Weekend,False,Clear,False,0.0,False,False,0.955,Severe,9.1,63.1,486.8,0.17,0.393,0.922,Heavy congestion detected - signal timing extended and reroute suggested
EVT420786,2025-02-07 06:15:40,Trade Fair,J011,Indiranagar 100ft Road,6355,Weekday,False,Clear,False,0.0,False,False,0.286,Low,33.0,21.9,90.9,0.061,0.14,0.952,Moderate traffic flow - standard adaptive signal timing in effect
EVT420787,2026-02-18 16:13:52,Local Market Day,J030,MG Road,3076,Weekday,False,Clear,False,0.0,False,False,0.454,Moderate,23.6,37.7,276.9,0.197,0.456,0.946,Moderate traffic flow - standard adaptive signal timing in effect
EVT420788,2025-04-14 16:25:51,Cultural Procession,J012,Koramangala Sony World,13342,Weekday,True,Rain,True,9.7,False,False,0.875,Severe,14.1,56.5,296.2,0.169,0.391,0.83,Festival crowd surge detected - alternate route and extended cycle recommended
EVT420789,2026-06-14 15:40:47,Local Market Day,J009,Majestic,2765,Weekend,False,Clear,False,0.0,False,False,0.469,Moderate,27.5,37.2,107.9,0.07,0.162,0.957,Moderate traffic flow - standard adaptive signal timing in effect
EVT420790,2026-03-19 07:26:39,Religious Festival,J020,Malleshwaram Circle,41192,Weekday,True,Clear,False,0.0,False,True,1.0,Severe,9.0,105.4,387.9,0.174,0.402,0.849,Road closure for event/procession - full detour recommended for through-traffic
EVT420791,2025-09-01 19:49:07,Concert,J040,City Market,11510,Weekday,False,Clear,False,0.0,False,False,0.882,Severe,8.4,62.5,661.2,0.214,0.495,0.938,Heavy congestion detected - signal timing extended and reroute suggested
EVT420792,2025-04-30 16:21:47,Concert,J011,Indiranagar 100ft Road,11353,Weekday,False,Clear,False,0.0,False,False,0.515,Moderate,26.2,34.0,245.6,0.172,0.397,0.948,Moderate traffic flow - standard adaptive signal timing in effect
EVT420793,2025-08-15 21:23:34,Cultural Procession,J030,MG Road,13679,Weekday,True,Clear,False,0.0,False,False,0.629,High,21.8,41.7,230.8,0.157,0.362,0.91,Festival crowd surge detected - alternate route and extended cycle recommended
EVT420794,2025-12-25 16:09:03,Cultural Procession,J012,Koramangala Sony World,13253,Weekday,True,Clear,False,0.0,False,True,0.899,High,11.2,90.7,436.8,0.197,0.456,0.842,Road closure for event/procession - full detour recommended for through-traffic
EVT420795,2025-04-10 10:23:33,Local Market Day,J023,Basavanagudi,7418,Weekday,False,Fog,False,0.0,False,False,0.723,High,18.3,51.3,241.9,0.151,0.35,0.963,Moderate traffic flow - standard adaptive signal timing in effect
EVT420796,2025-10-04 11:12:27,Political Rally,J030,MG Road,11538,Weekend,False,Clear,False,0.0,False,False,0.443,Moderate,25.6,31.2,160.7,0.116,0.267,0.96,Moderate traffic flow - standard adaptive signal timing in effect
EVT420797,2026-01-19 18:53:11,Sports Fixture,J023,Basavanagudi,13964,Weekday,False,Clear,False,0.0,False,False,1.0,Severe,8.8,70.1,617.6,0.223,0.514,0.931,Heavy congestion detected - signal timing extended and reroute suggested
EVT420798,2025-01-23 01:30:54,Local Market Day,J012,Koramangala Sony World,4573,Weekday,False,Clear,False,0.0,False,False,0.141,Low,31.4,7.0,115.2,0.103,0.239,0.99,Normal free-flow traffic - standard signal timing maintained
EVT420799,2026-06-18 15:14:35,Sports Fixture,J009,Majestic,11778,Weekday,False,Rain,True,16.2,False,False,0.504,Moderate,26.8,33.8,145.2,0.104,0.24,0.922,Light rain detected - minor speed reduction advised
EVT420800,2025-03-17 19:20:26,Local Market Day,J030,MG Road,6434,Weekday,False,Clear,False,0.0,False,False,0.893,Severe,9.4,63.1,548.5,0.21,0.485,0.962,Heavy congestion detected - signal timing extended and reroute suggested
EVT420801,2026-05-09 12:55:17,Sports Fixture,J020,Malleshwaram Circle,15312,Weekend,False,Clear,False,0.0,False,False,0.244,Low,32.5,24.5,70.7,0.059,0.137,0.986,Normal free-flow traffic - standard signal timing maintained
EVT420802,2025-07-08 08:01:06,Concert,J030,MG Road,7938,Weekday,False,Heavy Rain,True,34.5,False,False,1.0,Severe,8.5,68.0,443.0,0.172,0.398,0.86,Heavy rain reducing visibility and grip - reduced speed and longer buffer advised
EVT420803,2026-03-02 13:45:41,Sports Fixture,J012,Koramangala Sony World,16967,Weekday,False,Clear,False,0.0,False,False,0.268,Low,32.4,26.3,136.7,0.101,0.233,0.968,Moderate traffic flow - standard adaptive signal timing in effect
EVT420804,2026-03-29 01:30:13,Trade Fair,J012,Koramangala Sony World,14066,Weekend,False,Clear,False,0.0,False,False,0.353,Moderate,29.7,24.5,174.2,0.134,0.31,0.956,Moderate traffic flow - standard adaptive signal timing in effect
EVT420805,2025-07-20 11:43:19,Trade Fair,J030,MG Road,4162,Weekend,False,Heavy Rain,True,28.6,False,False,0.534,Moderate,28.9,33.3,235.9,0.203,0.468,0.888,Light rain detected - minor speed reduction advised
EVT420806,2025-04-01 13:17:13,Local Market Day,J020,Malleshwaram Circle,4726,Weekday,False,Fog,False,0.0,False,False,0.149,Low,33.9,14.6,205.3,0.168,0.388,0.981,Normal free-flow traffic - standard signal timing maintained
EVT420807,2025-08-28 05:56:19,Religious Festival,J031,Cubbon Road,42327,Weekday,True,Heavy Rain,True,49.4,False,True,1.0,Severe,9.0,96.2,493.1,0.201,0.465,0.784,Road closure for event/procession - full detour recommended for through-traffic
EVT420808,2025-06-17 20:20:33,Local Market Day,J023,Basavanagudi,2915,Weekday,False,Heavy Rain,True,26.5,False,False,0.89,Severe,13.8,61.3,323.2,0.181,0.417,0.903,Heavy rain reducing visibility and grip - reduced speed and longer buffer advised
EVT420809,2025-10-25 20:58:37,Concert,J009,Majestic,16233,Weekend,False,Clear,False,0.0,False,False,0.543,Moderate,23.4,39.0,253.6,0.198,0.458,0.972,Moderate traffic flow - standard adaptive signal timing in effect
EVT420810,2025-03-18 18:49:06,Sports Fixture,J011,Indiranagar 100ft Road,24851,Weekday,False,Clear,False,0.0,False,False,1.0,Severe,9.2,73.4,532.7,0.22,0.508,0.921,Heavy congestion detected - signal timing extended and reroute suggested
EVT420811,2025-07-31 09:46:51,Sports Fixture,J040,City Market,19059,Weekday,False,Heavy Rain,True,29.0,False,False,1.0,Severe,10.5,71.9,537.1,0.22,0.508,0.876,Heavy rain reducing visibility and grip - reduced speed and longer buffer advised
EVT420812,2025-03-09 20:16:24,Political Rally,J030,MG Road,20789,Weekend,False,Clear,False,0.0,False,False,0.664,High,20.5,47.7,328.4,0.213,0.491,0.955,Moderate traffic flow - standard adaptive signal timing in effect
EVT420813,2025-12-23 16:56:01,Sports Fixture,J012,Koramangala Sony World,24111,Weekday,False,Clear,False,0.0,False,False,0.803,Severe,10.7,58.8,222.6,0.119,0.276,0.973,Heavy congestion detected - signal timing extended and reroute suggested
EVT420814,2025-04-08 18:32:50,Sports Fixture,J023,Basavanagudi,26480,Weekday,False,Light Rain,True,7.3,False,False,1.0,Severe,9.1,72.5,499.5,0.196,0.452,0.861,Heavy rain reducing visibility and grip - reduced speed and longer buffer advised
EVT420815,2025-01-29 12:00:36,Sports Fixture,J009,Majestic,18184,Weekday,False,Clear,False,0.0,False,False,0.339,Low,29.8,21.5,92.2,0.085,0.196,0.958,Moderate traffic flow - standard adaptive signal timing in effect
EVT420816,2025-02-12 16:33:54,Sports Fixture,J040,City Market,17107,Weekday,False,Clear,False,0.0,False,False,0.689,High,22.9,52.0,167.2,0.121,0.28,0.969,Moderate traffic flow - standard adaptive signal timing in effect
EVT420817,2025-05-27 15:42:24,Trade Fair,J031,Cubbon Road,5892,Weekday,False,Fog,False,0.0,False,False,0.304,Low,30.8,22.8,173.8,0.143,0.331,0.939,Moderate traffic flow - standard adaptive signal timing in effect
EVT420818,2025-11-18 10:14:29,Local Market Day,J023,Basavanagudi,3253,Weekday,False,Rain,True,11.9,False,False,0.906,Severe,10.6,70.9,440.9,0.171,0.394,0.871,Heavy rain reducing visibility and grip - reduced speed and longer buffer advised
EVT420819,2025-02-18 12:54:04,Local Market Day,J023,Basavanagudi,6240,Weekday,False,Clear,False,0.0,False,False,0.212,Low,36.0,16.3,61.9,0.05,0.115,0.985,Normal free-flow traffic - standard signal timing maintained
EVT420820,2026-02-20 19:49:57,Local Market Day,J009,Majestic,4229,Weekday,False,Clear,False,0.0,False,False,0.794,Severe,14.8,53.5,125.9,0.077,0.177,0.951,Heavy congestion detected - signal timing extended and reroute suggested
EVT420821,2025-09-26 06:08:23,Trade Fair,J009,Majestic,14213,Weekday,False,Clear,False,0.0,False,False,0.321,Low,28.0,24.2,170.9,0.143,0.329,0.974,Moderate traffic flow - standard adaptive signal timing in effect
EVT420822,2026-04-27 12:23:52,Sports Fixture,J031,Cubbon Road,21563,Weekday,False,Clear,False,0.0,False,False,0.252,Low,36.6,14.5,157.6,0.141,0.326,0.952,Moderate traffic flow - standard adaptive signal timing in effect
EVT420823,2026-05-22 20:02:52,Local Market Day,J031,Cubbon Road,1777,Weekday,False,Rain,True,12.5,False,False,0.87,Severe,11.0,66.1,258.7,0.117,0.269,0.859,Heavy rain reducing visibility and grip - reduced speed and longer buffer advised
EVT420824,2025-11-23 17:01:58,Concert,J040,City Market,29747,Weekend,False,Clear,False,0.0,False,False,0.751,Severe,17.2,54.0,251.5,0.14,0.322,0.958,Heavy congestion detected - signal timing extended and reroute suggested
EVT420825,2026-06-28 18:39:19,Local Market Day,J030,MG Road,3332,Weekend,False,Clear,False,0.0,False,False,0.842,Severe,16.2,56.6,235.8,0.124,0.286,0.925,Heavy congestion detected - signal timing extended and reroute suggested
EVT420826,2025-07-11 19:57:29,Local Market Day,J012,Koramangala Sony World,2536,Weekday,False,Heavy Rain,True,43.6,False,False,1.0,Severe,8.6,73.2,261.7,0.093,0.214,0.86,Heavy rain reducing visibility and grip - reduced speed and longer buffer advised
EVT420827,2025-05-28 11:47:10,Local Market Day,J020,Malleshwaram Circle,6317,Weekday,False,Clear,False,0.0,False,False,0.3,Low,26.6,20.7,83.2,0.048,0.111,0.974,Moderate traffic flow - standard adaptive signal timing in effect
EVT420828,2026-01-08 13:35:02,Concert,J040,City Market,12921,Weekday,False,Clear,False,0.0,False,False,0.231,Low,34.2,14.0,188.6,0.157,0.363,0.941,Normal free-flow traffic - standard signal timing maintained
EVT420829,2026-05-30 08:43:53,Concert,J020,Malleshwaram Circle,27173,Weekend,False,Light Rain,True,6.6,False,False,1.0,Severe,8.3,68.8,594.0,0.192,0.444,0.868,Heavy rain reducing visibility and grip - reduced speed and longer buffer advised
EVT420830,2025-02-19 15:40:45,Trade Fair,J023,Basavanagudi,7979,Weekday,False,Clear,False,0.0,False,False,0.338,Low,34.2,29.8,112.8,0.095,0.219,0.959,Moderate traffic flow - standard adaptive signal timing in effect
EVT420831,2025-02-22 21:13:34,Concert,J012,Koramangala Sony World,15882,Weekend,False,Clear,False,0.0,False,False,0.458,Moderate,26.5,33.0,79.5,0.045,0.103,0.97,Moderate traffic flow - standard adaptive signal timing in effect
EVT420832,2025-11-10 16:59:27,Concert,J023,Basavanagudi,18581,Weekday,False,Clear,False,0.0,False,False,0.751,Severe,16.1,49.7,179.8,0.107,0.248,0.976,Heavy congestion detected - signal timing extended and reroute suggested
EVT420833,2025-02-05 18:15:11,Concert,J040,City Market,8475,Weekday,False,Clear,False,0.0,False,False,1.0,Severe,9.4,73.5,567.6,0.22,0.509,0.924,Heavy congestion detected - signal timing extended and reroute suggested
EVT420834,2025-07-11 16:17:29,Concert,J011,Indiranagar 100ft Road,11201,Weekday,False,Clear,False,0.0,False,False,0.534,Moderate,22.6,39.9,187.1,0.104,0.24,0.954,Moderate traffic flow - standard adaptive signal timing in effect
EVT420835,2026-01-09 16:18:17,Trade Fair,J023,Basavanagudi,6929,Weekday,False,Clear,False,0.0,False,False,0.578,High,21.1,40.0,209.5,0.142,0.329,0.974,Moderate traffic flow - standard adaptive signal timing in effect
EVT420836,2025-04-02 17:05:12,Local Market Day,J031,Cubbon Road,3632,Weekday,False,Clear,False,0.0,False,False,0.688,High,18.1,47.0,236.0,0.144,0.332,0.965,Moderate traffic flow - standard adaptive signal timing in effect
EVT420837,2025-05-23 19:57:49,Trade Fair,J031,Cubbon Road,9634,Weekday,False,Clear,False,0.0,False,False,0.791,Severe,10.8,56.6,316.6,0.118,0.273,0.943,Heavy congestion detected - signal timing extended and reroute suggested
EVT420838,2026-03-05 09:55:30,Fireworks Display,J023,Basavanagudi,18969,Weekday,True,Clear,False,0.0,False,False,1.0,Severe,7.9,71.4,266.2,0.088,0.204,0.881,Festival crowd surge detected - alternate route and extended cycle recommended
EVT420839,2025-07-16 08:23:49,Local Market Day,J020,Malleshwaram Circle,4468,Weekday,False,Heavy Rain,True,113.4,False,False,1.0,Severe,8.3,68.4,453.2,0.163,0.377,0.869,Heavy rain reducing visibility and grip - reduced speed and longer buffer advised
EVT420840,2025-02-18 14:12:52,Political Rally,J020,Malleshwaram Circle,16794,Weekday,False,Clear,False,0.0,False,False,0.218,Low,36.2,13.8,163.5,0.155,0.357,0.966,Normal free-flow traffic - standard signal timing maintained
EVT420841,2025-12-17 07:32:49,Local Market Day,J012,Koramangala Sony World,4199,Weekday,False,Clear,False,0.0,False,False,0.579,High,20.9,36.6,191.3,0.131,0.303,0.966,Moderate traffic flow - standard adaptive signal timing in effect
EVT420842,2025-03-17 10:45:29,Local Market Day,J020,Malleshwaram Circle,5336,Weekday,False,Clear,False,0.0,False,False,0.463,Moderate,24.1,27.9,127.8,0.092,0.212,0.972,Moderate traffic flow - standard adaptive signal timing in effect
EVT420843,2025-12-11 18:29:58,Sports Fixture,J040,City Market,18687,Weekday,False,Clear,False,0.0,False,False,1.0,Severe,5.4,73.6,629.7,0.151,0.349,0.91,Heavy congestion detected - signal timing extended and reroute suggested
EVT420844,2026-06-04 17:21:09,Local Market Day,J020,Malleshwaram Circle,3523,Weekday,False,Clear,False,0.0,False,False,0.825,Severe,15.1,60.8,404.6,0.215,0.497,0.952,Heavy congestion detected - signal timing extended and reroute suggested
EVT420845,2025-08-18 08:42:00,Local Market Day,J009,Majestic,5054,Weekday,False,Fog,False,0.0,False,False,0.984,Severe,11.0,77.0,578.9,0.251,0.58,0.9,Heavy congestion detected - signal timing extended and reroute suggested
EVT420846,2025-11-05 12:37:35,Concert,J011,Indiranagar 100ft Road,12361,Weekday,False,Clear,False,0.0,False,False,0.283,Low,24.8,20.4,190.1,0.13,0.3,0.928,Moderate traffic flow - standard adaptive signal timing in effect
EVT420847,2025-07-15 17:40:40,Concert,J023,Basavanagudi,16532,Weekday,False,Clear,False,0.0,False,False,0.951,Severe,9.4,68.1,360.8,0.151,0.35,0.94,Heavy congestion detected - signal timing extended and reroute suggested
EVT420848,2025-02-13 16:14:18,Local Market Day,J012,Koramangala Sony World,4660,Weekday,False,Clear,False,0.0,False,False,0.495,Moderate,23.0,31.9,96.3,0.062,0.144,0.967,Moderate traffic flow - standard adaptive signal timing in effect
EVT420849,2026-05-08 12:21:16,Concert,J023,Basavanagudi,12059,Weekday,False,Fog,False,0.0,False,False,0.269,Low,37.7,19.9,140.7,0.151,0.349,0.956,Moderate traffic flow - standard adaptive signal timing in effect
EVT420850,2026-04-07 09:04:31,Political Rally,J031,Cubbon Road,10537,Weekday,False,Clear,False,0.0,False,False,1.0,Severe,8.7,74.1,629.1,0.206,0.476,0.897,Heavy congestion detected - signal timing extended and reroute suggested
EVT420851,2026-04-13 10:55:01,Political Rally,J009,Majestic,18620,Weekday,False,Clear,False,0.0,False,False,0.475,Moderate,19.6,36.8,244.4,0.129,0.298,0.952,Moderate traffic flow - standard adaptive signal timing in effect
EVT420852,2025-08-26 07:19:56,Trade Fair,J040,City Market,8080,Weekday,False,Heavy Rain,True,33.6,False,False,0.915,Severe,10.5,66.2,339.3,0.154,0.355,0.857,Heavy rain reducing visibility and grip - reduced speed and longer buffer advised
EVT420853,2025-09-13 21:28:59,Local Market Day,J011,Indiranagar 100ft Road,3420,Weekend,False,Clear,False,0.0,False,False,0.365,Moderate,32.3,22.7,119.8,0.114,0.263,0.97,Moderate traffic flow - standard adaptive signal timing in effect
EVT420854,2026-02-14 13:18:15,Trade Fair,J040,City Market,12695,Weekend,False,Clear,False,0.0,False,False,0.346,Low,24.5,28.7,121.7,0.089,0.207,0.96,Moderate traffic flow - standard adaptive signal timing in effect
EVT420855,2026-03-09 08:02:06,Political Rally,J031,Cubbon Road,20691,Weekday,False,Clear,False,0.0,False,False,0.918,Severe,12.0,66.8,437.8,0.197,0.455,0.913,Heavy congestion detected - signal timing extended and reroute suggested
EVT420856,2025-08-25 13:47:17,Local Market Day,J011,Indiranagar 100ft Road,5713,Weekday,False,Heavy Rain,True,26.6,False,False,0.454,Moderate,23.1,32.4,258.0,0.16,0.369,0.921,Light rain detected - minor speed reduction advised
EVT420857,2025-12-21 19:01:54,Sports Fixture,J020,Malleshwaram Circle,27279,Weekend,False,Clear,False,0.0,False,False,0.942,Severe,10.9,67.9,498.1,0.191,0.442,0.92,Heavy congestion detected - signal timing extended and reroute suggested
EVT420858,2026-04-09 16:44:42,Political Rally,J020,Malleshwaram Circle,9758,Weekday,False,Light Rain,True,2.8,False,False,0.728,High,17.4,53.3,270.6,0.175,0.405,0.913,Heavy rain reducing visibility and grip - reduced speed and longer buffer advised
EVT420859,2025-05-26 00:52:53,Trade Fair,J030,MG Road,8314,Weekday,False,Light Rain,True,6.5,False,False,0.254,Low,30.0,19.4,150.5,0.114,0.263,0.903,Light rain detected - minor speed reduction advised
EVT420860,2026-03-16 16:01:28,Local Market Day,J031,Cubbon Road,1911,Weekday,False,Clear,False,0.0,False,False,0.401,Moderate,24.1,28.5,235.3,0.179,0.413,0.968,Moderate traffic flow - standard adaptive signal timing in effect
EVT420861,2026-01-07 23:10:57,Sports Fixture,J009,Majestic,22418,Weekday,False,Clear,False,0.0,False,False,0.288,Low,30.4,17.2,117.9,0.109,0.252,0.965,Moderate traffic flow - standard adaptive signal timing in effect
EVT420862,2026-03-09 20:36:37,Sports Fixture,J020,Malleshwaram Circle,35768,Weekday,False,Clear,False,0.0,False,False,0.716,High,20.3,48.2,218.4,0.15,0.346,0.97,Moderate traffic flow - standard adaptive signal timing in effect
EVT420863,2025-04-28 10:08:01,Local Market Day,J009,Majestic,3206,Weekday,False,Clear,False,0.0,False,False,0.782,Severe,13.2,61.6,518.8,0.235,0.542,0.97,Heavy congestion detected - signal timing extended and reroute suggested
EVT420864,2026-02-25 08:33:11,Sports Fixture,J031,Cubbon Road,13990,Weekday,False,Clear,False,0.0,False,False,1.0,Severe,8.4,69.8,555.2,0.201,0.465,0.892,Heavy congestion detected - signal timing extended and reroute suggested
EVT420865,2025-09-12 08:08:48,Local Market Day,J011,Indiranagar 100ft Road,2346,Weekday,False,Clear,False,0.0,False,False,0.754,Severe,16.1,49.2,318.2,0.173,0.401,0.963,Heavy congestion detected - signal timing extended and reroute suggested
EVT420866,2025-02-19 08:13:28,Concert,J011,Indiranagar 100ft Road,11669,Weekday,False,Clear,False,0.0,False,False,1.0,Severe,8.1,77.0,593.4,0.215,0.498,0.901,Heavy congestion detected - signal timing extended and reroute suggested
EVT420867,2025-08-22 09:06:53,Concert,J009,Majestic,13652,Weekday,False,Clear,False,0.0,False,False,1.0,Severe,7.8,71.9,843.4,0.248,0.572,0.935,Heavy congestion detected - signal timing extended and reroute suggested
EVT420868,2026-05-20 10:35:08,Sports Fixture,J012,Koramangala Sony World,26230,Weekday,False,Heavy Rain,True,32.5,False,False,1.0,Severe,10.5,72.9,390.9,0.167,0.385,0.884,Heavy rain reducing visibility and grip - reduced speed and longer buffer advised
EVT420869,2026-03-08 19:45:41,Local Market Day,J020,Malleshwaram Circle,3260,Weekend,False,Clear,False,0.0,False,False,0.701,High,14.5,48.7,143.5,0.091,0.21,0.955,Moderate traffic flow - standard adaptive signal timing in effect
EVT420870,2025-04-28 16:59:08,Local Market Day,J011,Indiranagar 100ft Road,4298,Weekday,False,Clear,False,0.0,False,False,0.735,High,20.0,50.0,451.1,0.293,0.676,0.963,Moderate traffic flow - standard adaptive signal timing in effect
EVT420871,2025-12-13 07:56:13,Sports Fixture,J040,City Market,26079,Weekend,False,Clear,False,0.0,False,False,0.811,Severe,14.2,56.0,451.0,0.205,0.474,0.958,Heavy congestion detected - signal timing extended and reroute suggested
EVT420872,2025-07-18 19:27:34,Local Market Day,J031,Cubbon Road,1995,Weekday,False,Heavy Rain,True,37.8,False,False,1.0,Severe,7.3,72.3,696.9,0.218,0.502,0.852,Heavy rain reducing visibility and grip - reduced speed and longer buffer advised
EVT420873,2026-05-23 19:36:53,Trade Fair,J011,Indiranagar 100ft Road,8611,Weekend,False,Clear,False,0.0,False,False,0.676,High,17.0,42.6,341.9,0.21,0.485,0.937,Moderate traffic flow - standard adaptive signal timing in effect
EVT420874,2025-10-08 19:49:57,Local Market Day,J020,Malleshwaram Circle,4052,Weekday,False,Clear,False,0.0,False,False,0.783,Severe,15.6,57.4,283.0,0.171,0.394,0.954,Heavy congestion detected - signal timing extended and reroute suggested
EVT420875,2025-04-03 21:30:58,Local Market Day,J020,Malleshwaram Circle,4546,Weekday,False,Clear,False,0.0,False,False,0.41,Moderate,32.3,26.0,204.3,0.19,0.438,0.961,Moderate traffic flow - standard adaptive signal timing in effect
EVT420876,2025-07-31 14:16:21,Local Market Day,J031,Cubbon Road,6394,Weekday,False,Heavy Rain,True,35.4,False,False,0.544,Moderate,23.4,40.0,227.9,0.168,0.389,0.906,Light rain detected - minor speed reduction advised
EVT420877,2025-02-04 12:23:29,Trade Fair,J020,Malleshwaram Circle,11917,Weekday,False,Clear,False,0.0,False,False,0.3,Low,31.5,20.4,54.3,0.044,0.102,0.933,Moderate traffic flow - standard adaptive signal timing in effect
EVT420878,2025-09-02 09:27:07,Local Market Day,J031,Cubbon Road,3334,Weekday,False,Clear,False,0.0,False,False,1.0,Severe,8.3,75.8,625.0,0.206,0.475,0.921,Heavy congestion detected - signal timing extended and reroute suggested
EVT420879,2025-07-18 05:23:16,Political Rally,J031,Cubbon Road,11693,Weekday,False,Clear,False,0.0,False,False,0.186,Low,31.6,16.3,151.8,0.126,0.292,0.935,Normal free-flow traffic - standard signal timing maintained
EVT420880,2025-10-26 17:17:38,Sports Fixture,J040,City Market,37438,Weekend,False,Clear,False,0.0,False,False,0.851,Severe,17.5,56.5,326.2,0.207,0.479,0.915,Heavy congestion detected - signal timing extended and reroute suggested
EVT420881,2026-05-12 16:45:27,Sports Fixture,J009,Majestic,20451,Weekday,False,Clear,False,0.0,False,False,0.727,High,20.0,50.8,155.4,0.1,0.231,0.96,Moderate traffic flow - standard adaptive signal timing in effect
EVT420882,2025-01-01 07:49:30,Trade Fair,J040,City Market,4791,Weekday,False,Clear,False,0.0,False,False,0.796,Severe,14.6,57.7,401.9,0.206,0.476,0.944,Heavy congestion detected - signal timing extended and reroute suggested
EVT420883,2025-09-27 21:36:54,Concert,J020,Malleshwaram Circle,13142,Weekend,False,Clear,False,0.0,False,False,0.358,Moderate,26.5,23.9,176.2,0.128,0.297,0.958,Moderate traffic flow - standard adaptive signal timing in effect
EVT420884,2026-02-14 08:45:31,Sports Fixture,J030,MG Road,24487,Weekend,False,Clear,False,0.0,False,False,0.983,Severe,9.5,64.5,709.1,0.275,0.635,0.942,Heavy congestion detected - signal timing extended and reroute suggested
EVT420885,2025-02-24 10:08:47,Trade Fair,J020,Malleshwaram Circle,12885,Weekday,False,Clear,False,0.0,False,False,0.808,Severe,14.4,54.5,358.3,0.203,0.47,0.99,Heavy congestion detected - signal timing extended and reroute suggested
EVT420886,2025-09-16 18:43:57,Local Market Day,J040,City Market,3899,Weekday,False,Clear,False,0.0,False,False,1.0,Severe,8.5,79.4,479.0,0.16,0.369,0.905,Heavy congestion detected - signal timing extended and reroute suggested
EVT420887,2026-03-10 12:34:44,Local Market Day,J030,MG Road,2975,Weekday,False,Clear,False,0.0,False,False,0.19,Low,24.4,12.8,194.2,0.113,0.262,0.957,Normal free-flow traffic - standard signal timing maintained
EVT420888,2025-04-03 13:05:35,Sports Fixture,J040,City Market,24567,Weekday,False,Clear,False,0.0,False,False,0.362,Moderate,30.6,23.5,131.7,0.127,0.294,0.964,Moderate traffic flow - standard adaptive signal timing in effect
EVT420889,2025-07-18 10:23:12,Concert,J012,Koramangala Sony World,12636,Weekday,False,Clear,False,0.0,False,False,0.762,Severe,12.9,53.0,492.8,0.194,0.448,0.97,Heavy congestion detected - signal timing extended and reroute suggested
EVT420890,2025-02-16 15:34:06,Local Market Day,J023,Basavanagudi,2713,Weekend,False,Clear,False,0.0,False,False,0.298,Low,23.8,20.2,66.3,0.033,0.076,0.965,Moderate traffic flow - standard adaptive signal timing in effect
EVT420891,2025-09-25 18:53:47,Trade Fair,J020,Malleshwaram Circle,10236,Weekday,False,Fog,False,0.0,False,False,1.0,Severe,8.4,77.8,633.0,0.195,0.451,0.91,Heavy congestion detected - signal timing extended and reroute suggested
EVT420892,2026-01-16 19:06:48,Trade Fair,J012,Koramangala Sony World,18408,Weekday,False,Clear,False,0.0,False,False,1.0,Severe,7.5,63.2,715.6,0.189,0.438,0.888,Heavy congestion detected - signal timing extended and reroute suggested
EVT420893,2025-04-24 08:46:00,Trade Fair,J011,Indiranagar 100ft Road,7422,Weekday,False,Clear,False,0.0,False,False,1.0,Severe,8.7,63.9,421.2,0.168,0.389,0.92,Heavy congestion detected - signal timing extended and reroute suggested
EVT420894,2025-05-10 10:08:36,Concert,J031,Cubbon Road,11131,Weekend,False,Clear,False,0.0,False,False,0.72,High,15.0,47.7,334.1,0.163,0.376,0.957,Moderate traffic flow - standard adaptive signal timing in effect
EVT420895,2026-03-08 07:21:14,Trade Fair,J040,City Market,6622,Weekend,False,Clear,False,0.0,False,False,0.591,High,20.6,42.7,202.6,0.145,0.336,0.96,Moderate traffic flow - standard adaptive signal timing in effect
EVT420896,2025-09-12 18:45:14,Concert,J031,Cubbon Road,11681,Weekday,False,Rain,True,14.3,False,False,1.0,Severe,8.8,69.3,613.5,0.218,0.504,0.87,Heavy rain reducing visibility and grip - reduced speed and longer buffer advised
EVT420897,2026-03-06 19:53:30,Political Rally,J011,Indiranagar 100ft Road,29394,Weekday,False,Clear,False,0.0,False,False,0.819,Severe,14.9,59.9,306.4,0.153,0.353,0.947,Heavy congestion detected - signal timing extended and reroute suggested
EVT420898,2025-08-08 16:47:55,Trade Fair,J012,Koramangala Sony World,10827,Weekday,False,Clear,False,0.0,False,False,0.718,High,18.8,46.7,278.0,0.175,0.403,0.961,Moderate traffic flow - standard adaptive signal timing in effect
EVT420899,2026-05-29 18:30:15,Local Market Day,J009,Majestic,5915,Weekday,False,Rain,True,16.9,False,False,1.0,Severe,10.5,74.6,390.5,0.162,0.374,0.855,Heavy rain reducing visibility and grip - reduced speed and longer buffer advised
EVT420900,2026-06-28 05:00:35,Political Rally,J012,Koramangala Sony World,13721,Weekend,False,Rain,True,24.1,False,False,0.646,High,16.9,43.3,299.7,0.172,0.396,0.924,Heavy rain reducing visibility and grip - reduced speed and longer buffer advised
EVT420901,2026-05-22 18:36:42,Sports Fixture,J030,MG Road,24720,Weekday,False,Clear,False,0.0,False,False,1.0,Severe,9.0,75.4,794.8,0.29,0.671,0.946,Heavy congestion detected - signal timing extended and reroute suggested
EVT420902,2025-09-03 14:58:31,Concert,J020,Malleshwaram Circle,11517,Weekday,False,Clear,False,0.0,False,False,0.313,Low,26.1,17.2,121.1,0.088,0.203,0.985,Moderate traffic flow - standard adaptive signal timing in effect
EVT420903,2025-12-10 16:53:42,Sports Fixture,J023,Basavanagudi,14606,Weekday,False,Clear,False,0.0,False,False,0.694,High,21.4,51.0,257.8,0.178,0.411,0.944,Moderate traffic flow - standard adaptive signal timing in effect
EVT420904,2025-07-03 22:14:15,Concert,J030,MG Road,14873,Weekday,False,Rain,True,9.2,False,False,0.451,Moderate,26.3,25.5,264.9,0.183,0.422,0.904,Light rain detected - minor speed reduction advised
EVT420905,2026-04-28 09:51:02,Concert,J030,MG Road,18015,Weekday,False,Rain,True,8.2,False,False,1.0,Severe,7.2,68.1,534.7,0.162,0.374,0.861,Heavy rain reducing visibility and grip - reduced speed and longer buffer advised
EVT420906,2025-08-18 20:16:43,Local Market Day,J030,MG Road,2133,Weekday,False,Clear,False,0.0,False,False,0.662,High,19.3,46.2,331.3,0.204,0.472,0.958,Moderate traffic flow - standard adaptive signal timing in effect
EVT420907,2026-02-01 19:47:55,Political Rally,J023,Basavanagudi,21839,Weekend,False,Clear,False,0.0,False,False,0.817,Severe,13.1,58.3,426.7,0.186,0.43,0.959,Heavy congestion detected - signal timing extended and reroute suggested
EVT420908,2025-12-03 19:26:59,Local Market Day,J020,Malleshwaram Circle,7150,Weekday,False,Clear,False,0.0,False,False,0.919,Severe,12.9,64.3,377.6,0.192,0.443,0.92,Heavy congestion detected - signal timing extended and reroute suggested
EVT420909,2026-02-04 17:14:25,Sports Fixture,J020,Malleshwaram Circle,11459,Weekday,False,Clear,False,0.0,False,False,0.788,Severe,17.3,49.7,134.7,0.08,0.184,0.976,Heavy congestion detected - signal timing extended and reroute suggested
EVT420910,2025-05-09 09:15:08,Political Rally,J020,Malleshwaram Circle,11530,Weekday,False,Clear,False,0.0,True,False,1.0,Severe,7.8,73.3,615.2,0.19,0.439,0.773,Accident detected nearby - reroute and reduced speed advised
EVT420911,2026-06-05 17:37:05,Sports Fixture,J011,Indiranagar 100ft Road,21999,Weekday,False,Heavy Rain,True,44.5,False,False,1.0,Severe,9.2,61.5,502.0,0.179,0.414,0.866,Heavy rain reducing visibility and grip - reduced speed and longer buffer advised
EVT420912,2025-12-11 11:41:49,Sports Fixture,J012,Koramangala Sony World,15687,Weekday,False,Clear,False,0.0,False,False,0.297,Low,35.6,16.1,155.8,0.152,0.351,0.973,Moderate traffic flow - standard adaptive signal timing in effect
EVT420913,2026-04-03 09:53:37,Local Market Day,J023,Basavanagudi,3083,Weekday,False,Clear,False,0.0,False,False,0.896,Severe,10.9,65.9,396.8,0.178,0.411,0.939,Heavy congestion detected - signal timing extended and reroute suggested
EVT420914,2026-01-20 21:55:06,Trade Fair,J009,Majestic,6227,Weekday,False,Clear,False,0.0,False,False,0.304,Low,33.4,22.2,128.7,0.106,0.244,0.955,Moderate traffic flow - standard adaptive signal timing in effect
EVT420915,2025-01-16 20:08:50,Local Market Day,J009,Majestic,2408,Weekday,False,Clear,False,0.0,False,False,0.678,High,18.6,48.6,196.8,0.148,0.342,0.99,Moderate traffic flow - standard adaptive signal timing in effect
EVT420916,2026-04-17 18:49:09,Trade Fair,J011,Indiranagar 100ft Road,7294,Weekday,False,Clear,False,0.0,False,False,0.96,Severe,10.0,67.4,340.5,0.148,0.342,0.908,Heavy congestion detected - signal timing extended and reroute suggested
EVT420917,2026-01-07 21:08:12,Political Rally,J012,Koramangala Sony World,10989,Weekday,False,Clear,False,0.0,False,False,0.461,Moderate,31.3,36.9,166.7,0.12,0.276,0.972,Moderate traffic flow - standard adaptive signal timing in effect
EVT420918,2025-05-16 09:03:47,Trade Fair,J011,Indiranagar 100ft Road,6326,Weekday,False,Rain,True,10.9,False,False,1.0,Severe,8.7,79.6,586.8,0.207,0.478,0.854,Heavy rain reducing visibility and grip - reduced speed and longer buffer advised
EVT420919,2025-04-02 14:36:15,Concert,J009,Majestic,17070,Weekday,False,Clear,False,0.0,False,False,0.301,Low,31.1,18.9,53.8,0.041,0.096,0.97,Moderate traffic flow - standard adaptive signal timing in effect
EVT420920,2025-01-07 06:44:24,Political Rally,J009,Majestic,10409,Weekday,False,Clear,False,0.0,False,False,0.312,Low,32.7,20.0,219.4,0.233,0.539,0.972,Moderate traffic flow - standard adaptive signal timing in effect
EVT420921,2025-09-10 12:53:40,Local Market Day,J040,City Market,3505,Weekday,False,Clear,False,0.0,False,False,0.227,Low,36.7,8.8,100.1,0.097,0.223,0.971,Normal free-flow traffic - standard signal timing maintained
EVT420922,2025-05-10 08:14:05,Local Market Day,J009,Majestic,8180,Weekend,False,Clear,False,0.0,False,False,0.867,Severe,16.6,58.3,127.7,0.075,0.173,0.915,Heavy congestion detected - signal timing extended and reroute suggested
EVT420923,2025-08-16 11:13:40,Cultural Procession,J040,City Market,17601,Weekend,True,Fog,False,0.0,False,True,0.828,High,13.5,82.2,313.4,0.163,0.376,0.857,Road closure for event/procession - full detour recommended for through-traffic
EVT420924,2025-06-11 08:54:55,Concert,J020,Malleshwaram Circle,10617,Weekday,False,Heavy Rain,True,46.3,False,False,1.0,Severe,9.4,68.9,524.4,0.212,0.489,0.873,Heavy rain reducing visibility and grip - reduced speed and longer buffer advised
EVT420925,2025-05-02 08:38:01,Religious Festival,J031,Cubbon Road,41470,Weekday,True,Clear,False,0.0,False,True,1.0,Severe,8.4,101.8,508.5,0.179,0.414,0.821,Road closure for event/procession - full detour recommended for through-traffic
EVT420926,2025-04-14 13:43:46,Religious Festival,J031,Cubbon Road,52528,Weekday,True,Clear,False,0.0,False,True,0.868,High,12.1,93.8,422.5,0.213,0.492,0.851,Road closure for event/procession - full detour recommended for through-traffic
EVT420927,2025-12-04 13:00:44,Concert,J040,City Market,11228,Weekday,False,Clear,False,0.0,False,False,0.284,Low,28.2,22.4,199.6,0.145,0.335,0.972,Moderate traffic flow - standard adaptive signal timing in effect
EVT420928,2025-02-28 06:04:15,Sports Fixture,J023,Basavanagudi,22992,Weekday,False,Clear,False,0.0,False,False,0.354,Moderate,30.1,27.0,210.1,0.186,0.43,0.989,Moderate traffic flow - standard adaptive signal timing in effect
EVT420929,2026-03-29 13:43:51,Local Market Day,J012,Koramangala Sony World,5089,Weekend,False,Clear,False,0.0,False,False,0.226,Low,30.6,14.5,89.2,0.07,0.163,0.949,Normal free-flow traffic - standard signal timing maintained
EVT420930,2025-02-16 13:40:50,Local Market Day,J011,Indiranagar 100ft Road,3295,Weekend,False,Clear,False,0.0,False,False,0.273,Low,24.3,15.5,244.6,0.149,0.345,0.965,Moderate traffic flow - standard adaptive signal timing in effect
EVT420931,2025-09-27 19:28:04,Trade Fair,J023,Basavanagudi,12670,Weekend,False,Clear,False,0.0,False,False,0.781,Severe,15.0,60.9,444.4,0.247,0.571,0.971,Heavy congestion detected - signal timing extended and reroute suggested
EVT420932,2025-12-21 05:56:26,Trade Fair,J040,City Market,10828,Weekend,False,Clear,False,0.0,False,False,0.337,Low,30.8,27.2,98.9,0.062,0.143,0.968,Moderate traffic flow - standard adaptive signal timing in effect
EVT420933,2025-08-09 15:24:24,Concert,J020,Malleshwaram Circle,9059,Weekend,False,Heavy Rain,True,26.3,False,False,0.746,High,18.0,53.4,265.8,0.163,0.377,0.904,Heavy rain reducing visibility and grip - reduced speed and longer buffer advised
EVT420934,2026-04-29 16:50:13,Local Market Day,J009,Majestic,2511,Weekday,False,Clear,False,0.0,True,False,1.0,Severe,8.6,74.2,592.2,0.183,0.422,0.759,Accident detected nearby - reroute and reduced speed advised
EVT420935,2025-05-26 03:01:48,Sports Fixture,J012,Koramangala Sony World,20189,Weekday,False,Light Rain,True,2.3,False,False,0.328,Low,32.8,23.0,225.0,0.206,0.475,0.903,Light rain detected - minor speed reduction advised
EVT420936,2025-08-21 19:25:26,Local Market Day,J009,Majestic,2337,Weekday,False,Clear,False,0.0,False,False,0.808,Severe,17.6,58.8,255.2,0.188,0.435,0.953,Heavy congestion detected - signal timing extended and reroute suggested
EVT420937,2026-05-08 13:56:29,Trade Fair,J023,Basavanagudi,6609,Weekday,False,Clear,False,0.0,False,False,0.096,Low,40.9,4.4,127.5,0.155,0.358,0.957,Normal free-flow traffic - standard signal timing maintained
EVT420938,2025-10-03 15:17:36,Religious Festival,J009,Majestic,43945,Weekday,True,Heavy Rain,True,33.5,False,True,1.0,Severe,8.9,104.0,447.0,0.188,0.434,0.783,Road closure for event/procession - full detour recommended for through-traffic
EVT420939,2026-06-04 18:29:49,Local Market Day,J012,Koramangala Sony World,2767,Weekday,False,Rain,True,21.1,False,False,1.0,Severe,7.8,68.5,604.7,0.211,0.487,0.874,Heavy rain reducing visibility and grip - reduced speed and longer buffer advised
EVT420940,2026-06-17 10:00:53,Local Market Day,J012,Koramangala Sony World,4433,Weekday,False,Clear,False,0.0,False,False,0.765,Severe,16.8,52.4,362.1,0.196,0.453,0.965,Heavy congestion detected - signal timing extended and reroute suggested
EVT420941,2025-04-27 21:38:58,Concert,J023,Basavanagudi,16993,Weekend,False,Clear,False,0.0,False,False,0.49,Moderate,25.4,33.4,217.4,0.157,0.362,0.989,Moderate traffic flow - standard adaptive signal timing in effect
EVT420942,2026-01-02 20:01:33,Fireworks Display,J030,MG Road,23776,Weekday,True,Fog,False,0.0,False,False,1.0,Severe,7.1,70.0,288.8,0.091,0.211,0.877,Festival crowd surge detected - alternate route and extended cycle recommended
EVT420943,2025-06-04 17:12:33,Sports Fixture,J031,Cubbon Road,26363,Weekday,False,Clear,False,0.0,False,False,0.9,Severe,10.5,62.2,388.5,0.154,0.357,0.949,Heavy congestion detected - signal timing extended and reroute suggested
EVT420944,2025-12-26 17:31:31,Fireworks Display,J012,Koramangala Sony World,13494,Weekday,True,Clear,False,0.0,False,False,1.0,Severe,8.0,70.6,249.7,0.086,0.199,0.87,Festival crowd surge detected - alternate route and extended cycle recommended
EVT420945,2025-05-30 10:54:03,Sports Fixture,J023,Basavanagudi,11712,Weekday,False,Clear,False,0.0,False,False,0.603,High,20.8,40.1,156.9,0.104,0.24,0.962,Moderate traffic flow - standard adaptive signal timing in effect
EVT420946,2026-01-31 08:53:46,Concert,J009,Majestic,7697,Weekend,False,Clear,False,0.0,False,False,0.921,Severe,11.8,69.6,244.9,0.119,0.276,0.928,Heavy congestion detected - signal timing extended and reroute suggested
EVT420947,2025-09-20 12:58:36,Trade Fair,J040,City Market,8309,Weekend,False,Clear,False,0.0,False,False,0.27,Low,29.8,23.6,158.6,0.129,0.299,0.944,Moderate traffic flow - standard adaptive signal timing in effect
EVT420948,2025-07-03 19:40:28,Concert,J030,MG Road,24644,Weekday,False,Clear,False,0.0,False,False,1.0,Severe,7.1,74.5,686.2,0.202,0.466,0.916,Heavy congestion detected - signal timing extended and reroute suggested
EVT420949,2025-03-17 19:50:48,Concert,J031,Cubbon Road,10234,Weekday,False,Fog,False,0.0,False,False,0.865,Severe,12.1,64.1,409.2,0.18,0.416,0.935,Heavy congestion detected - signal timing extended and reroute suggested
EVT420950,2025-11-10 09:21:14,Local Market Day,J031,Cubbon Road,3758,Weekday,False,Clear,False,0.0,False,False,1.0,Severe,6.0,68.5,588.7,0.157,0.363,0.885,Heavy congestion detected - signal timing extended and reroute suggested
EVT420951,2025-11-08 12:53:54,Local Market Day,J011,Indiranagar 100ft Road,2850,Weekend,False,Clear,False,0.0,False,False,0.274,Low,33.0,13.0,143.4,0.118,0.272,0.962,Moderate traffic flow - standard adaptive signal timing in effect
EVT420952,2026-05-28 20:40:43,Trade Fair,J030,MG Road,12218,Weekday,False,Light Rain,True,2.5,False,False,0.63,High,21.2,46.9,185.6,0.133,0.306,0.941,Heavy rain reducing visibility and grip - reduced speed and longer buffer advised
EVT420953,2025-04-15 08:25:26,Cultural Procession,J012,Koramangala Sony World,31214,Weekday,True,Clear,False,0.0,False,True,1.0,Severe,7.3,91.8,566.5,0.179,0.412,0.848,Road closure for event/procession - full detour recommended for through-traffic
EVT420954,2025-01-22 07:25:53,Trade Fair,J012,Koramangala Sony World,7033,Weekday,False,Clear,False,0.0,False,False,0.617,High,23.8,45.9,269.4,0.206,0.477,0.961,Moderate traffic flow - standard adaptive signal timing in effect
EVT420955,2025-03-08 08:37:46,Local Market Day,J020,Malleshwaram Circle,4264,Weekend,False,Clear,False,0.0,False,False,0.859,Severe,12.6,65.7,280.0,0.121,0.279,0.938,Heavy congestion detected - signal timing extended and reroute suggested
EVT420956,2025-07-23 21:02:29,Local Market Day,J031,Cubbon Road,4603,Weekday,False,Heavy Rain,True,25.3,False,False,0.6,High,19.2,43.4,301.8,0.184,0.426,0.929,Heavy rain reducing visibility and grip - reduced speed and longer buffer advised
EVT420957,2026-04-10 17:19:27,Local Market Day,J030,MG Road,6050,Weekday,False,Clear,False,0.0,False,False,0.84,Severe,14.6,55.2,388.6,0.209,0.482,0.92,Heavy congestion detected - signal timing extended and reroute suggested
EVT420958,2025-08-29 10:36:20,Local Market Day,J023,Basavanagudi,6658,Weekday,False,Clear,False,0.0,False,False,0.639,High,14.1,48.3,387.4,0.174,0.403,0.958,Moderate traffic flow - standard adaptive signal timing in effect
EVT420959,2025-03-08 12:47:14,Local Market Day,J023,Basavanagudi,5420,Weekend,False,Clear,False,0.0,False,False,0.32,Low,32.1,22.5,159.4,0.136,0.315,0.947,Moderate traffic flow - standard adaptive signal timing in effect
EVT420960,2025-06-19 15:53:45,Local Market Day,J031,Cubbon Road,4560,Weekday,False,Rain,True,15.6,False,False,0.583,High,29.4,39.5,175.2,0.146,0.337,0.901,Heavy rain reducing visibility and grip - reduced speed and longer buffer advised
EVT420961,2025-04-09 13:21:33,Concert,J009,Majestic,14122,Weekday,False,Clear,False,0.0,False,False,0.214,Low,29.7,13.1,103.6,0.098,0.226,0.971,Normal free-flow traffic - standard signal timing maintained
EVT420962,2026-03-21 08:29:13,Trade Fair,J011,Indiranagar 100ft Road,12178,Weekend,False,Fog,False,0.0,False,False,0.871,Severe,12.0,63.0,493.7,0.233,0.539,0.948,Heavy congestion detected - signal timing extended and reroute suggested
EVT420963,2025-08-23 10:28:19,Trade Fair,J011,Indiranagar 100ft Road,11094,Weekend,False,Rain,True,9.7,False,False,0.718,High,17.8,48.7,106.8,0.077,0.177,0.901,Heavy rain reducing visibility and grip - reduced speed and longer buffer advised
EVT420964,2025-08-24 20:57:13,Trade Fair,J023,Basavanagudi,8200,Weekend,False,Clear,False,0.0,False,False,0.362,Moderate,35.9,25.7,111.3,0.095,0.219,0.977,Moderate traffic flow - standard adaptive signal timing in effect
EVT420965,2025-11-10 12:29:58,Sports Fixture,J012,Koramangala Sony World,26202,Weekday,False,Rain,True,12.0,False,False,0.574,High,20.5,39.2,103.9,0.076,0.175,0.88,Heavy rain reducing visibility and grip - reduced speed and longer buffer advised
EVT420966,2025-08-10 18:15:01,Concert,J011,Indiranagar 100ft Road,12500,Weekend,False,Clear,False,0.0,False,False,0.898,Severe,11.4,64.3,453.9,0.217,0.501,0.944,Heavy congestion detected - signal timing extended and reroute suggested
EVT420967,2025-07-10 14:43:13,Concert,J011,Indiranagar 100ft Road,13354,Weekday,False,Clear,False,0.0,False,False,0.306,Low,30.6,22.6,98.9,0.077,0.178,0.958,Moderate traffic flow - standard adaptive signal timing in effect
EVT420968,2026-02-20 20:34:02,Sports Fixture,J011,Indiranagar 100ft Road,18583,Weekday,False,Clear,False,0.0,False,False,0.6,High,22.2,39.1,180.1,0.123,0.285,0.975,Moderate traffic flow - standard adaptive signal timing in effect
EVT420969,2025-03-24 21:23:35,Concert,J023,Basavanagudi,12146,Weekday,False,Clear,False,0.0,False,False,0.39,Moderate,32.7,23.4,159.1,0.139,0.321,0.959,Moderate traffic flow - standard adaptive signal timing in effect
EVT420970,2025-07-06 10:03:20,Local Market Day,J020,Malleshwaram Circle,5262,Weekend,False,Heavy Rain,True,51.0,False,False,1.0,Severe,6.7,68.4,774.0,0.235,0.543,0.879,Heavy rain reducing visibility and grip - reduced speed and longer buffer advised
EVT420971,2025-12-07 15:26:46,Sports Fixture,J030,MG Road,33401,Weekend,False,Clear,False,0.0,False,False,0.556,High,23.3,35.8,109.5,0.069,0.16,0.971,Moderate traffic flow - standard adaptive signal timing in effect
EVT420972,2025-07-21 20:56:43,Trade Fair,J023,Basavanagudi,7190,Weekday,False,Heavy Rain,True,31.6,False,False,0.778,Severe,16.8,53.9,304.8,0.183,0.424,0.916,Heavy rain reducing visibility and grip - reduced speed and longer buffer advised
EVT420973,2025-11-09 13:51:15,Local Market Day,J040,City Market,3248,Weekend,False,Clear,False,0.0,False,False,0.307,Low,34.6,18.8,110.7,0.093,0.214,0.951,Moderate traffic flow - standard adaptive signal timing in effect
EVT420974,2025-05-17 14:36:17,Trade Fair,J040,City Market,7141,Weekend,False,Clear,False,0.0,False,False,0.298,Low,27.7,21.5,171.2,0.133,0.306,0.984,Moderate traffic flow - standard adaptive signal timing in effect
EVT420975,2026-01-20 23:40:23,Political Rally,J040,City Market,11177,Weekday,False,Clear,False,0.0,False,False,0.251,Low,28.1,12.3,235.6,0.18,0.416,0.963,Moderate traffic flow - standard adaptive signal timing in effect
EVT420976,2025-02-22 11:59:06,Local Market Day,J031,Cubbon Road,2160,Weekend,False,Clear,False,0.0,False,False,0.294,Low,35.8,18.0,111.5,0.117,0.27,0.966,Moderate traffic flow - standard adaptive signal timing in effect
EVT420977,2026-02-19 16:25:55,Local Market Day,J011,Indiranagar 100ft Road,3413,Weekday,False,Fog,False,0.0,False,False,0.604,High,21.8,40.2,166.3,0.083,0.193,0.948,Moderate traffic flow - standard adaptive signal timing in effect
EVT420978,2025-01-29 15:07:52,Sports Fixture,J023,Basavanagudi,16367,Weekday,False,Clear,False,0.0,False,False,0.295,Low,26.6,27.3,104.1,0.078,0.179,0.96,Moderate traffic flow - standard adaptive signal timing in effect
EVT420979,2025-04-24 11:36:51,Local Market Day,J031,Cubbon Road,5993,Weekday,False,Clear,False,0.0,False,False,0.305,Low,38.0,25.6,160.4,0.154,0.355,0.97,Moderate traffic flow - standard adaptive signal timing in effect
EVT420980,2025-03-24 13:58:46,Trade Fair,J023,Basavanagudi,7130,Weekday,False,Clear,False,0.0,False,False,0.162,Low,32.8,13.7,162.6,0.136,0.314,0.989,Normal free-flow traffic - standard signal timing maintained
EVT420981,2025-09-19 12:56:00,Trade Fair,J020,Malleshwaram Circle,10309,Weekday,False,Rain,True,21.2,False,False,0.459,Moderate,23.2,32.9,233.7,0.134,0.31,0.929,Light rain detected - minor speed reduction advised
EVT420982,2025-03-05 07:59:59,Local Market Day,J040,City Market,3686,Weekday,False,Clear,False,0.0,False,False,0.809,Severe,14.7,65.1,291.6,0.136,0.314,0.945,Heavy congestion detected - signal timing extended and reroute suggested
EVT420983,2026-05-19 14:57:33,Local Market Day,J023,Basavanagudi,3204,Weekday,False,Clear,False,0.0,False,False,0.219,Low,27.3,14.0,196.0,0.123,0.284,0.974,Normal free-flow traffic - standard signal timing maintained
EVT420984,2025-10-02 10:32:41,Religious Festival,J011,Indiranagar 100ft Road,24824,Weekday,True,Clear,False,0.0,False,False,0.93,Severe,10.7,75.7,433.9,0.18,0.416,0.883,Festival crowd surge detected - alternate route and extended cycle recommended
EVT420985,2025-06-18 07:32:38,Concert,J031,Cubbon Road,15777,Weekday,False,Clear,False,0.0,False,False,0.6,High,22.5,44.8,248.5,0.169,0.39,0.98,Moderate traffic flow - standard adaptive signal timing in effect
EVT420986,2025-12-06 19:09:09,Local Market Day,J012,Koramangala Sony World,4660,Weekend,False,Clear,False,0.0,False,False,0.797,Severe,16.0,54.5,233.3,0.131,0.302,0.955,Heavy congestion detected - signal timing extended and reroute suggested
EVT420987,2026-03-30 21:01:15,Sports Fixture,J031,Cubbon Road,19926,Weekday,False,Clear,False,0.0,False,False,0.506,Moderate,16.4,36.9,102.1,0.054,0.125,0.965,Moderate traffic flow - standard adaptive signal timing in effect
EVT420988,2026-06-12 20:13:32,Concert,J040,City Market,12275,Weekday,False,Rain,True,12.1,False,False,0.76,Severe,15.7,53.6,232.4,0.127,0.293,0.914,Heavy rain reducing visibility and grip - reduced speed and longer buffer advised
EVT420989,2025-04-27 11:51:46,Concert,J031,Cubbon Road,12469,Weekend,False,Clear,False,0.0,False,False,0.39,Moderate,30.5,27.7,223.1,0.191,0.441,0.99,Moderate traffic flow - standard adaptive signal timing in effect
EVT420990,2025-01-22 05:52:16,Sports Fixture,J009,Majestic,19206,Weekday,False,Clear,False,0.0,False,False,0.263,Low,33.4,19.4,214.4,0.18,0.416,0.984,Moderate traffic flow - standard adaptive signal timing in effect
EVT420991,2025-04-10 06:25:46,Local Market Day,J011,Indiranagar 100ft Road,5858,Weekday,False,Clear,False,0.0,False,False,0.274,Low,33.6,20.1,90.7,0.078,0.181,0.957,Moderate traffic flow - standard adaptive signal timing in effect
EVT420992,2025-12-05 10:34:49,Trade Fair,J023,Basavanagudi,7316,Weekday,False,Clear,False,0.0,False,False,0.552,High,19.7,39.0,292.9,0.2,0.463,0.947,Moderate traffic flow - standard adaptive signal timing in effect
EVT420993,2025-08-24 11:26:00,Concert,J020,Malleshwaram Circle,12956,Weekend,False,Heavy Rain,True,48.5,False,False,0.742,High,15.7,55.9,228.9,0.132,0.306,0.912,Heavy rain reducing visibility and grip - reduced speed and longer buffer advised
EVT420994,2025-02-15 17:13:48,Local Market Day,J030,MG Road,6656,Weekend,False,Clear,False,0.0,False,False,0.665,High,17.6,48.6,461.6,0.254,0.586,0.954,Moderate traffic flow - standard adaptive signal timing in effect
EVT420995,2025-11-16 11:49:39,Local Market Day,J011,Indiranagar 100ft Road,2411,Weekend,False,Clear,False,0.0,False,False,0.3,Low,25.3,26.8,68.1,0.04,0.093,0.974,Moderate traffic flow - standard adaptive signal timing in effect
EVT420996,2025-12-04 19:57:58,Concert,J011,Indiranagar 100ft Road,13945,Weekday,False,Clear,False,0.0,False,False,0.832,Severe,14.4,60.4,394.6,0.211,0.488,0.943,Heavy congestion detected - signal timing extended and reroute suggested
EVT420997,2025-12-12 15:54:19,Sports Fixture,J030,MG Road,20086,Weekday,False,Clear,False,0.0,False,False,0.472,Moderate,21.4,41.7,216.7,0.166,0.383,0.964,Moderate traffic flow - standard adaptive signal timing in effect
EVT420998,2025-01-06 16:23:50,Concert,J031,Cubbon Road,12247,Weekday,False,Clear,False,0.0,False,False,0.578,High,23.7,42.3,213.3,0.153,0.352,0.969,Moderate traffic flow - standard adaptive signal timing in effect
EVT420999,2025-12-24 19:06:50,Trade Fair,J009,Majestic,12961,Weekday,False,Clear,False,0.0,False,False,0.947,Severe,11.8,76.0,558.5,0.249,0.576,0.92,Heavy congestion detected - signal timing extended and reroute suggested
EVT421000,2025-07-29 10:34:01,Sports Fixture,J020,Malleshwaram Circle,13387,Weekday,False,Clear,False,0.0,False,False,0.645,High,18.8,44.8,235.3,0.15,0.347,0.957,Moderate traffic flow - standard adaptive signal timing in effect
EVT421001,2025-03-31 15:36:41,Religious Festival,J040,City Market,33792,Weekday,True,Clear,False,0.0,False,False,0.798,Severe,16.1,61.3,438.9,0.225,0.52,0.901,Festival crowd surge detected - alternate route and extended cycle recommended
EVT421002,2025-02-17 12:30:51,Local Market Day,J023,Basavanagudi,2542,Weekday,False,Clear,False,0.0,False,False,0.255,Low,35.1,29.0,160.3,0.123,0.284,0.969,Moderate traffic flow - standard adaptive signal timing in effect
EVT421003,2026-03-24 10:35:49,Political Rally,J012,Koramangala Sony World,21936,Weekday,False,Clear,False,0.0,False,False,0.722,High,20.9,51.3,104.1,0.059,0.137,0.953,Moderate traffic flow - standard adaptive signal timing in effect
EVT421004,2025-04-19 20:01:36,Trade Fair,J030,MG Road,9112,Weekend,False,Clear,False,0.0,False,False,0.704,High,19.3,51.2,257.5,0.166,0.383,0.976,Moderate traffic flow - standard adaptive signal timing in effect
EVT421005,2026-03-15 15:47:42,Sports Fixture,J012,Koramangala Sony World,21197,Weekend,False,Clear,False,0.0,False,False,0.568,High,21.9,39.4,242.4,0.173,0.399,0.963,Moderate traffic flow - standard adaptive signal timing in effect
EVT421006,2025-04-29 19:54:33,Concert,J023,Basavanagudi,18346,Weekday,False,Clear,False,0.0,False,False,0.858,Severe,11.1,62.4,371.2,0.156,0.361,0.964,Heavy congestion detected - signal timing extended and reroute suggested
EVT421007,2025-12-23 09:52:12,Local Market Day,J012,Koramangala Sony World,4356,Weekday,False,Clear,False,0.0,False,False,0.799,Severe,16.7,59.4,341.3,0.183,0.422,0.949,Heavy congestion detected - signal timing extended and reroute suggested
EVT421008,2025-11-20 19:30:31,Concert,J012,Koramangala Sony World,10708,Weekday,False,Clear,False,0.0,False,False,0.873,Severe,12.6,68.3,206.3,0.12,0.277,0.934,Heavy congestion detected - signal timing extended and reroute suggested
EVT421009,2025-05-04 17:48:41,Concert,J040,City Market,9131,Weekend,False,Clear,False,0.0,False,False,0.836,Severe,17.6,61.9,292.4,0.17,0.393,0.947,Heavy congestion detected - signal timing extended and reroute suggested
EVT421010,2026-02-17 16:20:28,Sports Fixture,J012,Koramangala Sony World,28438,Weekday,False,Light Rain,True,4.1,False,False,0.792,Severe,14.8,54.6,417.3,0.219,0.506,0.902,Heavy rain reducing visibility and grip - reduced speed and longer buffer advised
EVT421011,2026-04-09 13:39:40,Local Market Day,J031,Cubbon Road,3227,Weekday,False,Clear,False,0.0,False,False,0.276,Low,29.7,6.6,159.8,0.139,0.322,0.934,Moderate traffic flow - standard adaptive signal timing in effect
EVT421012,2025-02-09 15:10:45,Local Market Day,J040,City Market,5937,Weekend,False,Clear,False,0.0,False,False,0.357,Moderate,32.1,23.3,93.0,0.097,0.225,0.98,Moderate traffic flow - standard adaptive signal timing in effect
EVT421013,2025-12-31 07:29:58,Trade Fair,J023,Basavanagudi,8539,Weekday,False,Clear,False,0.0,False,False,0.76,Severe,15.2,56.6,203.5,0.099,0.229,0.937,Heavy congestion detected - signal timing extended and reroute suggested
EVT421014,2025-06-19 10:05:22,Concert,J031,Cubbon Road,19393,Weekday,False,Clear,False,0.0,False,False,0.761,Severe,16.4,53.9,431.6,0.255,0.59,0.953,Heavy congestion detected - signal timing extended and reroute suggested
EVT421015,2025-11-02 08:01:19,Cultural Procession,J031,Cubbon Road,14815,Weekend,True,Clear,False,0.0,False,True,1.0,Severe,8.1,95.7,877.6,0.291,0.673,0.831,Road closure for event/procession - full detour recommended for through-traffic
EVT421016,2025-07-22 10:56:35,Sports Fixture,J040,City Market,22806,Weekday,False,Heavy Rain,True,47.9,False,False,0.981,Severe,8.5,68.1,452.1,0.17,0.393,0.869,Heavy rain reducing visibility and grip - reduced speed and longer buffer advised
EVT421017,2026-05-25 21:25:42,Sports Fixture,J009,Majestic,30039,Weekday,False,Clear,False,0.0,False,False,0.502,Moderate,32.3,37.9,153.7,0.136,0.315,0.963,Moderate traffic flow - standard adaptive signal timing in effect
EVT421018,2025-02-27 17:06:37,Local Market Day,J011,Indiranagar 100ft Road,3049,Weekday,False,Clear,False,0.0,False,False,0.781,Severe,19.5,52.1,210.7,0.147,0.339,0.955,Heavy congestion detected - signal timing extended and reroute suggested
EVT421019,2025-12-19 14:06:10,Concert,J030,MG Road,8026,Weekday,False,Light Rain,True,1.8,False,False,0.192,Low,36.5,17.1,248.0,0.211,0.486,0.892,Light rain detected - minor speed reduction advised
EVT421020,2026-01-06 20:55:43,Political Rally,J030,MG Road,21458,Weekday,False,Clear,False,0.0,False,False,0.598,High,22.0,37.7,223.2,0.159,0.367,0.99,Moderate traffic flow - standard adaptive signal timing in effect
EVT421021,2025-08-31 16:20:25,Trade Fair,J031,Cubbon Road,9219,Weekend,False,Heavy Rain,True,34.5,False,False,0.778,Severe,17.9,55.5,220.7,0.138,0.319,0.905,Heavy rain reducing visibility and grip - reduced speed and longer buffer advised
EVT421022,2025-02-04 13:18:22,Sports Fixture,J040,City Market,26847,Weekday,False,Clear,False,0.0,False,False,0.349,Low,27.0,28.1,281.3,0.184,0.426,0.952,Moderate traffic flow - standard adaptive signal timing in effect
EVT421023,2026-04-18 07:47:00,Sports Fixture,J031,Cubbon Road,24075,Weekend,False,Clear,False,0.0,False,False,0.763,Severe,19.2,57.9,214.6,0.134,0.309,0.943,Heavy congestion detected - signal timing extended and reroute suggested
EVT421024,2025-07-19 21:06:44,Sports Fixture,J030,MG Road,29872,Weekend,False,Clear,False,0.0,False,False,0.608,High,21.6,44.7,185.2,0.113,0.26,0.956,Moderate traffic flow - standard adaptive signal timing in effect
EVT421025,2025-08-18 19:47:40,Local Market Day,J031,Cubbon Road,4755,Weekday,False,Clear,False,0.0,False,False,0.867,Severe,13.2,65.2,396.0,0.167,0.387,0.927,Heavy congestion detected - signal timing extended and reroute suggested
EVT421026,2026-04-18 09:05:56,Local Market Day,J030,MG Road,2563,Weekend,False,Fog,False,0.0,False,False,0.879,Severe,11.5,65.0,256.1,0.119,0.274,0.941,Heavy congestion detected - signal timing extended and reroute suggested
EVT421027,2025-04-11 15:17:28,Sports Fixture,J020,Malleshwaram Circle,25610,Weekday,False,Rain,True,8.7,False,False,0.571,High,27.9,37.5,200.6,0.152,0.351,0.897,Heavy rain reducing visibility and grip - reduced speed and longer buffer advised
EVT421028,2025-02-23 08:20:33,Sports Fixture,J012,Koramangala Sony World,16807,Weekend,False,Clear,False,0.0,False,False,0.907,Severe,12.6,69.4,158.3,0.076,0.175,0.931,Heavy congestion detected - signal timing extended and reroute suggested
EVT421029,2025-01-14 07:49:47,Cultural Procession,J020,Malleshwaram Circle,14635,Weekday,True,Clear,False,0.0,False,True,1.0,Severe,9.3,95.5,633.4,0.245,0.567,0.845,Road closure for event/procession - full detour recommended for through-traffic
EVT421030,2025-02-18 10:59:28,Local Market Day,J023,Basavanagudi,3373,Weekday,False,Clear,False,0.0,False,False,0.425,Moderate,31.7,32.6,140.4,0.111,0.257,0.989,Moderate traffic flow - standard adaptive signal timing in effect
EVT421031,2026-06-27 18:21:09,Sports Fixture,J031,Cubbon Road,18815,Weekend,False,Clear,False,0.0,False,False,0.931,Severe,11.8,65.7,517.9,0.23,0.531,0.933,Heavy congestion detected - signal timing extended and reroute suggested
EVT421032,2025-01-20 19:33:49,Local Market Day,J011,Indiranagar 100ft Road,5246,Weekday,False,Light Rain,True,4.0,False,False,0.94,Severe,10.4,61.3,361.4,0.152,0.352,0.869,Heavy rain reducing visibility and grip - reduced speed and longer buffer advised
EVT421033,2025-04-11 09:41:40,Local Market Day,J040,City Market,3357,Weekday,False,Clear,False,0.0,False,False,0.938,Severe,12.1,68.1,278.3,0.122,0.281,0.952,Heavy congestion detected - signal timing extended and reroute suggested
EVT421034,2025-04-09 17:07:42,Trade Fair,J023,Basavanagudi,6586,Weekday,False,Clear,False,0.0,False,False,0.654,High,20.7,40.2,229.5,0.149,0.344,0.965,Moderate traffic flow - standard adaptive signal timing in effect
EVT421035,2025-04-15 17:45:34,Fireworks Display,J012,Koramangala Sony World,37438,Weekday,True,Clear,False,0.0,False,False,1.0,Severe,10.3,66.4,574.8,0.228,0.527,0.875,Festival crowd surge detected - alternate route and extended cycle recommended
EVT421036,2026-05-03 11:26:18,Sports Fixture,J023,Basavanagudi,32473,Weekend,False,Clear,False,0.0,False,False,0.578,High,17.5,46.3,207.6,0.15,0.347,0.96,Moderate traffic flow - standard adaptive signal timing in effect
EVT421037,2026-02-23 11:42:29,Sports Fixture,J030,MG Road,22415,Weekday,False,Clear,False,0.0,False,False,0.431,Moderate,24.1,32.2,245.9,0.178,0.411,0.977,Moderate traffic flow - standard adaptive signal timing in effect
EVT421038,2025-05-29 23:20:13,Local Market Day,J031,Cubbon Road,3164,Weekday,False,Clear,False,0.0,False,False,0.15,Low,28.9,7.7,115.1,0.104,0.24,0.974,Normal free-flow traffic - standard signal timing maintained
EVT421039,2025-11-23 10:58:31,Trade Fair,J009,Majestic,15109,Weekend,False,Clear,False,0.0,False,False,0.585,High,25.4,38.2,285.5,0.208,0.481,0.957,Moderate traffic flow - standard adaptive signal timing in effect
EVT421040,2026-05-22 08:20:16,Sports Fixture,J030,MG Road,30932,Weekday,False,Clear,False,0.0,False,False,1.0,Severe,6.8,69.1,760.5,0.204,0.471,0.923,Heavy congestion detected - signal timing extended and reroute suggested
EVT421041,2026-03-17 16:57:34,Local Market Day,J020,Malleshwaram Circle,5001,Weekday,False,Clear,False,0.0,False,False,0.743,High,15.4,56.5,262.7,0.135,0.311,0.968,Moderate traffic flow - standard adaptive signal timing in effect
EVT421042,2026-02-06 18:25:31,Local Market Day,J030,MG Road,4321,Weekday,False,Clear,False,0.0,False,False,1.0,Severe,6.9,72.2,865.8,0.24,0.554,0.908,Heavy congestion detected - signal timing extended and reroute suggested
EVT421043,2025-08-24 20:39:24,Political Rally,J012,Koramangala Sony World,10865,Weekend,False,Heavy Rain,True,43.3,False,False,0.858,Severe,10.9,61.8,328.4,0.125,0.289,0.891,Heavy rain reducing visibility and grip - reduced speed and longer buffer advised
EVT421044,2026-06-22 06:43:07,Concert,J020,Malleshwaram Circle,9644,Weekday,False,Light Rain,True,4.4,False,False,0.374,Moderate,27.5,24.8,228.1,0.169,0.39,0.915,Light rain detected - minor speed reduction advised
EVT421045,2025-03-06 17:02:40,Concert,J009,Majestic,8839,Weekday,False,Clear,False,0.0,False,False,0.827,Severe,16.6,58.1,344.1,0.214,0.494,0.934,Heavy congestion detected - signal timing extended and reroute suggested
EVT421046,2026-01-13 18:22:02,Sports Fixture,J031,Cubbon Road,27360,Weekday,False,Clear,False,0.0,False,False,1.0,Severe,6.8,73.1,1201.2,0.32,0.739,0.925,Heavy congestion detected - signal timing extended and reroute suggested
EVT421047,2026-02-18 08:42:42,Concert,J009,Majestic,10376,Weekday,False,Clear,False,0.0,False,False,1.0,Severe,9.8,72.2,567.7,0.249,0.574,0.931,Heavy congestion detected - signal timing extended and reroute suggested
EVT421048,2025-03-04 04:01:05,Local Market Day,J011,Indiranagar 100ft Road,3574,Weekday,False,Clear,False,0.0,False,False,0.281,Low,27.7,26.8,106.0,0.095,0.22,0.969,Moderate traffic flow - standard adaptive signal timing in effect
EVT421049,2025-08-23 10:19:45,Concert,J009,Majestic,13209,Weekend,False,Clear,False,0.0,False,False,0.757,Severe,16.6,59.9,397.0,0.209,0.483,0.936,Heavy congestion detected - signal timing extended and reroute suggested
EVT421050,2026-03-15 16:15:51,Sports Fixture,J011,Indiranagar 100ft Road,37047,Weekend,False,Clear,False,0.0,False,False,0.707,High,15.9,44.1,249.3,0.133,0.308,0.983,Moderate traffic flow - standard adaptive signal timing in effect
EVT421051,2025-05-22 08:54:19,Trade Fair,J023,Basavanagudi,5357,Weekday,False,Light Rain,True,4.8,False,False,1.0,Severe,6.2,71.3,738.8,0.191,0.44,0.885,Heavy rain reducing visibility and grip - reduced speed and longer buffer advised
EVT421052,2025-08-04 21:59:43,Local Market Day,J040,City Market,7629,Weekday,False,Clear,False,0.0,False,False,0.243,Low,31.6,21.0,137.9,0.104,0.239,0.966,Normal free-flow traffic - standard signal timing maintained
EVT421053,2026-03-16 00:32:59,Sports Fixture,J031,Cubbon Road,11226,Weekday,False,Light Rain,True,2.1,False,False,0.239,Low,29.1,13.9,163.9,0.112,0.259,0.915,Light rain detected - minor speed reduction advised
EVT421054,2025-07-02 13:40:44,Local Market Day,J040,City Market,3269,Weekday,False,Clear,False,0.0,False,False,0.257,Low,30.8,19.4,183.4,0.16,0.37,0.99,Moderate traffic flow - standard adaptive signal timing in effect
EVT421055,2025-06-01 20:20:55,Political Rally,J040,City Market,15904,Weekend,False,Heavy Rain,True,33.2,False,False,0.895,Severe,10.2,67.0,318.9,0.137,0.317,0.903,Heavy rain reducing visibility and grip - reduced speed and longer buffer advised
EVT421056,2026-02-25 11:55:54,Local Market Day,J012,Koramangala Sony World,3247,Weekday,False,Clear,False,0.0,False,False,0.153,Low,35.7,14.3,164.0,0.149,0.343,0.984,Normal free-flow traffic - standard signal timing maintained
EVT421057,2026-06-29 19:08:19,Sports Fixture,J031,Cubbon Road,27063,Weekday,False,Clear,False,0.0,False,False,1.0,Severe,8.6,72.2,631.9,0.215,0.496,0.942,Heavy congestion detected - signal timing extended and reroute suggested
EVT421058,2025-06-22 19:10:45,Trade Fair,J023,Basavanagudi,15972,Weekend,False,Clear,False,0.0,False,False,0.898,Severe,12.2,65.1,512.0,0.248,0.574,0.953,Heavy congestion detected - signal timing extended and reroute suggested
EVT421059,2026-06-19 05:14:05,Trade Fair,J031,Cubbon Road,3493,Weekday,False,Clear,False,0.0,False,False,0.192,Low,26.2,17.0,230.8,0.139,0.322,0.94,Normal free-flow traffic - standard signal timing maintained
EVT421060,2025-08-18 21:34:49,Political Rally,J030,MG Road,14196,Weekday,False,Heavy Rain,True,32.8,False,False,0.641,High,17.1,42.9,281.3,0.152,0.352,0.926,Heavy rain reducing visibility and grip - reduced speed and longer buffer advised
EVT421061,2025-10-12 13:48:03,Concert,J011,Indiranagar 100ft Road,16929,Weekend,False,Heavy Rain,True,27.0,False,False,0.615,High,18.9,45.5,227.7,0.13,0.3,0.904,Heavy rain reducing visibility and grip - reduced speed and longer buffer advised
EVT421062,2025-12-19 06:53:10,Trade Fair,J009,Majestic,7520,Weekday,False,Clear,False,0.0,False,False,0.497,Moderate,21.7,37.2,161.3,0.106,0.244,0.976,Moderate traffic flow - standard adaptive signal timing in effect
EVT421063,2025-10-10 19:21:08,Concert,J040,City Market,12356,Weekday,False,Clear,False,0.0,False,False,0.976,Severe,7.6,76.5,961.7,0.29,0.669,0.92,Heavy congestion detected - signal timing extended and reroute suggested
EVT421064,2025-09-23 17:13:25,Trade Fair,J011,Indiranagar 100ft Road,11735,Weekday,False,Clear,False,0.0,False,False,0.802,Severe,17.8,56.4,270.4,0.165,0.381,0.943,Heavy congestion detected - signal timing extended and reroute suggested
EVT421065,2025-11-21 11:16:36,Local Market Day,J030,MG Road,6699,Weekday,False,Rain,True,23.6,False,False,0.645,High,22.0,45.5,216.8,0.165,0.38,0.922,Heavy rain reducing visibility and grip - reduced speed and longer buffer advised
EVT421066,2025-01-18 14:34:21,Sports Fixture,J020,Malleshwaram Circle,16127,Weekend,False,Clear,False,0.0,False,False,0.334,Low,25.8,30.6,171.0,0.127,0.293,0.952,Moderate traffic flow - standard adaptive signal timing in effect
EVT421067,2025-07-02 12:41:15,Political Rally,J011,Indiranagar 100ft Road,12922,Weekday,False,Clear,False,0.0,False,False,0.257,Low,36.3,24.7,134.8,0.123,0.285,0.984,Moderate traffic flow - standard adaptive signal timing in effect
EVT421068,2025-04-04 20:04:49,Concert,J011,Indiranagar 100ft Road,15303,Weekday,False,Clear,False,0.0,False,False,0.763,Severe,18.7,55.2,321.3,0.201,0.464,0.989,Heavy congestion detected - signal timing extended and reroute suggested
EVT421069,2025-04-19 10:30:44,Sports Fixture,J011,Indiranagar 100ft Road,15052,Weekend,False,Clear,False,0.0,False,False,0.675,High,22.2,49.0,283.7,0.233,0.539,0.986,Moderate traffic flow - standard adaptive signal timing in effect
EVT421070,2025-03-06 09:26:53,Local Market Day,J020,Malleshwaram Circle,4026,Weekday,False,Clear,False,0.0,False,False,0.93,Severe,8.8,73.8,845.4,0.276,0.637,0.937,Heavy congestion detected - signal timing extended and reroute suggested
EVT421071,2025-05-23 19:51:06,Local Market Day,J040,City Market,3061,Weekday,False,Clear,False,0.0,False,False,0.803,Severe,13.3,63.2,650.9,0.312,0.721,0.945,Heavy congestion detected - signal timing extended and reroute suggested
EVT421072,2026-01-24 17:06:37,Political Rally,J031,Cubbon Road,16078,Weekend,False,Clear,False,0.0,False,False,0.746,High,13.3,52.5,492.6,0.233,0.539,0.965,Moderate traffic flow - standard adaptive signal timing in effect
EVT421073,2025-11-28 18:41:13,Local Market Day,J040,City Market,3189,Weekday,False,Clear,False,0.0,False,False,1.0,Severe,8.2,71.7,655.8,0.238,0.549,0.934,Heavy congestion detected - signal timing extended and reroute suggested
EVT421074,2025-07-30 13:30:29,Political Rally,J031,Cubbon Road,20955,Weekday,False,Rain,True,16.6,False,False,0.497,Moderate,25.2,34.5,121.0,0.099,0.228,0.91,Light rain detected - minor speed reduction advised
EVT421075,2026-01-22 12:24:34,Local Market Day,J011,Indiranagar 100ft Road,4395,Weekday,False,Clear,False,0.0,False,False,0.156,Low,34.4,9.3,143.6,0.128,0.296,0.99,Normal free-flow traffic - standard signal timing maintained
EVT421076,2025-01-03 17:02:07,Concert,J009,Majestic,13891,Weekday,False,Clear,False,0.0,False,False,0.803,Severe,14.3,57.9,402.5,0.218,0.503,0.968,Heavy congestion detected - signal timing extended and reroute suggested
EVT421077,2025-10-17 11:08:51,Sports Fixture,J031,Cubbon Road,21662,Weekday,False,Clear,False,0.0,False,False,0.452,Moderate,25.5,30.8,237.9,0.169,0.39,0.95,Moderate traffic flow - standard adaptive signal timing in effect
EVT421078,2025-05-15 15:18:18,Local Market Day,J040,City Market,6266,Weekday,False,Clear,False,0.0,False,False,0.247,Low,30.5,11.5,81.0,0.075,0.174,0.953,Normal free-flow traffic - standard signal timing maintained
EVT421079,2025-10-04 17:50:38,Sports Fixture,J012,Koramangala Sony World,50103,Weekend,False,Clear,False,0.0,False,False,1.0,Severe,9.4,71.6,572.1,0.214,0.494,0.908,Heavy congestion detected - signal timing extended and reroute suggested
EVT421080,2025-08-25 07:45:18,Sports Fixture,J023,Basavanagudi,18591,Weekday,False,Clear,False,0.0,False,False,0.845,Severe,14.9,60.6,279.4,0.144,0.332,0.939,Heavy congestion detected - signal timing extended and reroute suggested
EVT421081,2026-03-20 08:01:29,Cultural Procession,J030,MG Road,21654,Weekday,True,Clear,False,0.0,False,True,1.0,Severe,11.8,89.0,420.5,0.198,0.457,0.835,Road closure for event/procession - full detour recommended for through-traffic
EVT421082,2025-07-03 07:28:28,Local Market Day,J040,City Market,3173,Weekday,False,Clear,False,0.0,False,False,0.652,High,22.2,48.9,265.9,0.183,0.423,0.96,Moderate traffic flow - standard adaptive signal timing in effect
EVT421083,2025-11-16 14:55:32,Local Market Day,J031,Cubbon Road,3221,Weekend,False,Clear,False,0.0,False,False,0.293,Low,26.1,22.7,190.9,0.11,0.253,0.988,Moderate traffic flow - standard adaptive signal timing in effect
EVT421084,2025-12-09 18:06:42,Concert,J040,City Market,13875,Weekday,False,Clear,False,0.0,False,False,1.0,Severe,7.8,76.5,634.6,0.19,0.439,0.916,Heavy congestion detected - signal timing extended and reroute suggested
EVT421085,2025-11-08 19:20:20,Trade Fair,J030,MG Road,4891,Weekend,False,Rain,True,8.9,False,False,0.874,Severe,13.7,65.2,438.1,0.217,0.501,0.901,Heavy rain reducing visibility and grip - reduced speed and longer buffer advised
EVT421086,2025-05-07 08:14:59,Concert,J011,Indiranagar 100ft Road,10724,Weekday,False,Clear,False,0.0,False,False,0.942,Severe,11.5,69.5,618.2,0.256,0.592,0.934,Heavy congestion detected - signal timing extended and reroute suggested
EVT421087,2026-01-10 20:25:53,Local Market Day,J020,Malleshwaram Circle,6476,Weekend,False,Clear,False,0.0,False,False,0.584,High,17.8,39.9,134.5,0.086,0.198,0.967,Moderate traffic flow - standard adaptive signal timing in effect
EVT421088,2025-12-14 08:56:09,Concert,J031,Cubbon Road,13151,Weekend,False,Clear,False,0.0,False,False,0.916,Severe,9.7,64.2,186.4,0.082,0.188,0.936,Heavy congestion detected - signal timing extended and reroute suggested
EVT421089,2025-09-10 08:55:59,Political Rally,J031,Cubbon Road,8808,Weekday,False,Clear,False,0.0,False,False,1.0,Severe,8.9,70.8,536.9,0.187,0.431,0.879,Heavy congestion detected - signal timing extended and reroute suggested
EVT421090,2025-10-14 17:25:07,Concert,J030,MG Road,13456,Weekday,False,Rain,True,11.9,False,False,1.0,Severe,9.7,70.5,496.2,0.174,0.403,0.859,Heavy rain reducing visibility and grip - reduced speed and longer buffer advised
EVT421091,2025-11-29 07:27:55,Concert,J031,Cubbon Road,15573,Weekend,False,Clear,False,0.0,False,False,0.646,High,22.2,48.2,452.1,0.315,0.729,0.963,Moderate traffic flow - standard adaptive signal timing in effect
EVT421092,2025-11-22 10:06:09,Local Market Day,J020,Malleshwaram Circle,4467,Weekend,False,Clear,False,0.0,False,False,0.66,High,21.8,47.2,174.5,0.095,0.22,0.962,Moderate traffic flow - standard adaptive signal timing in effect
EVT421093,2025-04-11 09:05:35,Concert,J011,Indiranagar 100ft Road,18015,Weekday,False,Fog,False,0.0,False,False,1.0,Severe,8.9,67.9,539.1,0.206,0.475,0.912,Heavy congestion detected - signal timing extended and reroute suggested
EVT421094,2025-10-31 15:20:04,Trade Fair,J031,Cubbon Road,12373,Weekday,False,Clear,False,0.0,False,False,0.388,Moderate,31.1,21.4,158.6,0.132,0.306,0.979,Moderate traffic flow - standard adaptive signal timing in effect
EVT421095,2025-08-03 15:18:07,Local Market Day,J012,Koramangala Sony World,4539,Weekend,False,Clear,False,0.0,False,False,0.329,Low,37.7,22.8,108.2,0.115,0.267,0.956,Moderate traffic flow - standard adaptive signal timing in effect
EVT421096,2025-08-06 12:50:19,Political Rally,J009,Majestic,17887,Weekday,False,Clear,False,0.0,False,False,0.327,Low,29.8,27.0,163.8,0.14,0.323,0.975,Moderate traffic flow - standard adaptive signal timing in effect
EVT421097,2025-10-23 08:22:09,Local Market Day,J020,Malleshwaram Circle,3671,Weekday,False,Clear,False,0.0,False,False,0.949,Severe,10.6,66.0,568.1,0.243,0.56,0.92,Heavy congestion detected - signal timing extended and reroute suggested
EVT421098,2025-03-04 19:26:05,Political Rally,J009,Majestic,10814,Weekday,False,Clear,False,0.0,False,False,0.915,Severe,13.3,68.0,403.3,0.208,0.479,0.944,Heavy congestion detected - signal timing extended and reroute suggested
EVT421099,2025-05-26 09:19:26,Concert,J009,Majestic,16985,Weekday,False,Clear,False,0.0,False,False,1.0,Severe,9.1,64.8,411.4,0.149,0.345,0.926,Heavy congestion detected - signal timing extended and reroute suggested
EVT421100,2025-11-18 19:20:52,Concert,J030,MG Road,12194,Weekday,False,Fog,False,0.0,False,False,0.945,Severe,8.2,67.7,630.6,0.216,0.498,0.95,Heavy congestion detected - signal timing extended and reroute suggested
EVT421101,2025-05-24 18:36:51,Local Market Day,J020,Malleshwaram Circle,8107,Weekend,False,Clear,False,0.0,False,False,0.906,Severe,10.5,66.8,445.4,0.183,0.423,0.919,Heavy congestion detected - signal timing extended and reroute suggested
EVT421102,2025-05-21 08:12:53,Trade Fair,J012,Koramangala Sony World,8957,Weekday,False,Clear,False,0.0,False,False,0.879,Severe,11.9,61.5,227.5,0.12,0.277,0.917,Heavy congestion detected - signal timing extended and reroute suggested
EVT421103,2025-05-08 17:25:33,Sports Fixture,J011,Indiranagar 100ft Road,32698,Weekday,False,Clear,False,0.0,False,False,1.0,Severe,7.3,72.8,536.1,0.184,0.426,0.914,Heavy congestion detected - signal timing extended and reroute suggested
EVT421104,2026-02-09 20:10:16,Political Rally,J040,City Market,12031,Weekday,False,Fog,False,0.0,False,False,0.692,High,14.9,48.7,368.4,0.182,0.421,0.99,Moderate traffic flow - standard adaptive signal timing in effect
EVT421105,2025-05-25 08:20:24,Political Rally,J011,Indiranagar 100ft Road,16168,Weekend,False,Clear,False,0.0,False,False,0.89,Severe,12.3,64.6,398.9,0.167,0.385,0.956,Heavy congestion detected - signal timing extended and reroute suggested
EVT421106,2026-03-14 16:08:27,Sports Fixture,J023,Basavanagudi,47936,Weekend,False,Clear,False,0.0,False,False,0.742,High,16.7,50.9,283.8,0.154,0.356,0.953,Moderate traffic flow - standard adaptive signal timing in effect
EVT421107,2025-06-10 20:45:31,Concert,J031,Cubbon Road,12715,Weekday,False,Rain,True,9.6,True,False,1.0,Severe,9.7,68.2,431.9,0.173,0.399,0.696,Accident detected nearby - reroute and reduced speed advised
EVT421108,2025-07-25 16:36:57,Concert,J030,MG Road,26803,Weekday,False,Heavy Rain,True,32.2,False,False,0.992,Severe,8.8,75.2,707.7,0.249,0.575,0.873,Heavy rain reducing visibility and grip - reduced speed and longer buffer advised
EVT421109,2025-02-04 18:17:16,Trade Fair,J030,MG Road,7939,Weekday,False,Clear,False,0.0,False,False,1.0,Severe,7.4,71.9,729.9,0.24,0.555,0.925,Heavy congestion detected - signal timing extended and reroute suggested
EVT421110,2025-08-26 07:20:49,Concert,J011,Indiranagar 100ft Road,11974,Weekday,False,Light Rain,True,5.7,False,False,0.748,High,18.2,58.0,299.7,0.199,0.46,0.898,Heavy rain reducing visibility and grip - reduced speed and longer buffer advised
EVT421111,2025-05-29 17:03:23,Concert,J020,Malleshwaram Circle,9142,Weekday,False,Clear,False,0.0,False,False,0.751,Severe,15.7,50.9,308.6,0.151,0.349,0.953,Heavy congestion detected - signal timing extended and reroute suggested
EVT421112,2025-03-11 06:22:43,Concert,J012,Koramangala Sony World,12733,Weekday,False,Clear,False,0.0,False,False,0.342,Low,31.3,19.2,148.6,0.115,0.265,0.953,Moderate traffic flow - standard adaptive signal timing in effect
EVT421113,2026-03-27 20:36:05,Religious Festival,J040,City Market,30048,Weekday,True,Clear,False,0.0,False,True,1.0,Severe,8.0,100.1,642.9,0.228,0.526,0.816,Road closure for event/procession - full detour recommended for through-traffic
EVT421114,2026-03-31 08:03:08,Sports Fixture,J009,Majestic,29825,Weekday,False,Clear,False,0.0,False,False,1.0,Severe,7.7,73.3,753.9,0.236,0.546,0.922,Heavy congestion detected - signal timing extended and reroute suggested
EVT421115,2026-04-01 16:40:16,Sports Fixture,J009,Majestic,25911,Weekday,False,Clear,False,0.0,False,False,0.799,Severe,16.1,54.2,312.1,0.167,0.386,0.953,Heavy congestion detected - signal timing extended and reroute suggested
EVT421116,2025-12-31 14:49:39,Concert,J031,Cubbon Road,9009,Weekday,False,Clear,False,0.0,False,False,0.251,Low,44.3,13.3,100.5,0.089,0.205,0.967,Moderate traffic flow - standard adaptive signal timing in effect
EVT421117,2025-01-25 08:49:59,Trade Fair,J040,City Market,16649,Weekend,False,Clear,False,0.0,False,False,0.886,Severe,14.8,61.1,282.5,0.161,0.372,0.914,Heavy congestion detected - signal timing extended and reroute suggested
EVT421118,2025-08-02 19:43:59,Sports Fixture,J011,Indiranagar 100ft Road,26977,Weekend,False,Heavy Rain,True,54.9,False,False,1.0,Severe,8.0,70.5,681.4,0.225,0.519,0.877,Heavy rain reducing visibility and grip - reduced speed and longer buffer advised
EVT421119,2026-01-14 09:54:05,Religious Festival,J040,City Market,93948,Weekday,True,Clear,False,0.0,False,True,1.0,Severe,9.2,104.1,482.2,0.19,0.439,0.822,Road closure for event/procession - full detour recommended for through-traffic
EVT421120,2025-02-08 17:56:18,Sports Fixture,J040,City Market,19723,Weekend,False,Clear,False,0.0,False,False,0.943,Severe,10.0,72.9,878.0,0.311,0.719,0.92,Heavy congestion detected - signal timing extended and reroute suggested
EVT421121,2025-08-14 19:14:14,Local Market Day,J011,Indiranagar 100ft Road,3054,Weekday,False,Clear,False,0.0,False,False,0.941,Severe,11.2,69.2,594.0,0.224,0.517,0.938,Heavy congestion detected - signal timing extended and reroute suggested
EVT421122,2025-10-27 08:12:45,Local Market Day,J009,Majestic,3027,Weekday,False,Rain,True,15.6,False,False,1.0,Severe,7.7,73.7,636.5,0.199,0.46,0.87,Heavy rain reducing visibility and grip - reduced speed and longer buffer advised
EVT421123,2025-02-19 13:37:50,Concert,J011,Indiranagar 100ft Road,6575,Weekday,False,Clear,False,0.0,False,False,0.241,Low,32.8,18.6,110.8,0.089,0.206,0.963,Normal free-flow traffic - standard signal timing maintained
EVT421124,2025-12-27 10:54:17,Concert,J040,City Market,6642,Weekend,False,Clear,False,0.0,False,False,0.397,Moderate,22.7,24.4,177.4,0.128,0.296,0.986,Moderate traffic flow - standard adaptive signal timing in effect
EVT421125,2025-10-01 17:02:54,Sports Fixture,J012,Koramangala Sony World,19210,Weekday,False,Clear,False,0.0,False,False,0.837,Severe,11.9,57.3,256.1,0.125,0.289,0.957,Heavy congestion detected - signal timing extended and reroute suggested
EVT421126,2026-03-04 09:00:16,Cultural Procession,J011,Indiranagar 100ft Road,21757,Weekday,True,Clear,False,0.0,False,False,1.0,Severe,8.4,68.9,403.0,0.149,0.345,0.856,Festival crowd surge detected - alternate route and extended cycle recommended
EVT421127,2025-06-23 19:58:43,Sports Fixture,J031,Cubbon Road,25894,Weekday,False,Clear,False,0.0,False,False,0.916,Severe,10.3,64.5,779.2,0.278,0.643,0.932,Heavy congestion detected - signal timing extended and reroute suggested
EVT421128,2025-10-25 18:04:22,Sports Fixture,J030,MG Road,16141,Weekend,False,Clear,False,0.0,False,False,0.892,Severe,11.7,64.7,339.9,0.144,0.333,0.937,Heavy congestion detected - signal timing extended and reroute suggested
EVT421129,2025-03-17 06:52:19,Political Rally,J031,Cubbon Road,13005,Weekday,False,Fog,False,0.0,False,False,0.429,Moderate,31.2,37.3,173.8,0.137,0.316,0.961,Moderate traffic flow - standard adaptive signal timing in effect
EVT421130,2026-06-11 19:35:00,Trade Fair,J012,Koramangala Sony World,6221,Weekday,False,Heavy Rain,True,27.1,False,False,1.0,Severe,8.7,76.3,672.4,0.239,0.552,0.871,Heavy rain reducing visibility and grip - reduced speed and longer buffer advised
EVT421131,2025-12-26 16:49:29,Religious Festival,J031,Cubbon Road,35786,Weekday,True,Clear,False,0.0,True,True,1.0,Severe,7.8,112.7,547.4,0.195,0.45,0.677,Road closure for event/procession - full detour recommended for through-traffic
EVT421132,2026-03-14 18:31:38,Political Rally,J040,City Market,13077,Weekend,False,Clear,False,0.0,False,False,0.952,Severe,8.0,71.1,529.9,0.175,0.404,0.917,Heavy congestion detected - signal timing extended and reroute suggested
EVT421133,2025-05-16 19:51:24,Local Market Day,J020,Malleshwaram Circle,3441,Weekday,False,Heavy Rain,True,34.0,False,False,1.0,Severe,10.5,71.8,670.7,0.275,0.636,0.859,Heavy rain reducing visibility and grip - reduced speed and longer buffer advised
EVT421134,2025-11-17 18:29:42,Trade Fair,J012,Koramangala Sony World,10903,Weekday,False,Clear,False,0.0,False,False,1.0,Severe,9.6,66.2,502.6,0.19,0.439,0.897,Heavy congestion detected - signal timing extended and reroute suggested
EVT421135,2026-05-10 10:01:31,Local Market Day,J030,MG Road,4202,Weekend,False,Clear,False,0.0,False,False,0.755,Severe,14.6,56.9,383.8,0.197,0.455,0.947,Heavy congestion detected - signal timing extended and reroute suggested
EVT421136,2026-03-23 14:27:40,Concert,J012,Koramangala Sony World,7734,Weekday,False,Clear,False,0.0,False,False,0.191,Low,37.2,6.8,123.6,0.123,0.284,0.969,Normal free-flow traffic - standard signal timing maintained
EVT421137,2026-01-13 09:30:47,Local Market Day,J020,Malleshwaram Circle,5003,Weekday,False,Clear,False,0.0,False,False,0.936,Severe,11.3,68.6,576.1,0.225,0.521,0.917,Heavy congestion detected - signal timing extended and reroute suggested
EVT421138,2025-01-06 08:29:58,Sports Fixture,J040,City Market,13635,Weekday,False,Clear,False,0.0,False,False,1.0,Severe,8.0,73.6,511.0,0.176,0.406,0.913,Heavy congestion detected - signal timing extended and reroute suggested
EVT421139,2025-05-06 16:24:42,Concert,J012,Koramangala Sony World,7948,Weekday,False,Clear,False,0.0,False,False,0.609,High,18.7,45.3,377.8,0.22,0.507,0.939,Moderate traffic flow - standard adaptive signal timing in effect
EVT421140,2026-04-25 18:11:13,Trade Fair,J040,City Market,6776,Weekend,False,Clear,False,0.0,False,False,0.802,Severe,14.7,55.1,298.9,0.158,0.364,0.96,Heavy congestion detected - signal timing extended and reroute suggested
EVT421141,2025-10-21 11:52:58,Religious Festival,J023,Basavanagudi,27234,Weekday,True,Clear,False,0.0,False,False,0.571,High,26.8,42.5,160.2,0.099,0.229,0.898,Festival crowd surge detected - alternate route and extended cycle recommended
EVT421142,2025-03-24 08:22:31,Trade Fair,J040,City Market,6341,Weekday,False,Clear,False,0.0,False,False,0.919,Severe,9.2,59.6,208.4,0.091,0.21,0.913,Heavy congestion detected - signal timing extended and reroute suggested
EVT421143,2026-03-28 17:44:44,Sports Fixture,J023,Basavanagudi,28034,Weekend,False,Clear,False,0.0,False,False,0.889,Severe,13.7,62.2,468.3,0.235,0.542,0.955,Heavy congestion detected - signal timing extended and reroute suggested
EVT421144,2025-10-23 15:08:53,Concert,J012,Koramangala Sony World,12980,Weekday,False,Clear,False,0.0,False,False,0.334,Low,32.7,22.7,152.8,0.133,0.308,0.978,Moderate traffic flow - standard adaptive signal timing in effect
EVT421145,2025-12-04 17:23:32,Concert,J040,City Market,6831,Weekday,False,Clear,False,0.0,False,False,0.766,Severe,18.0,51.3,366.2,0.21,0.485,0.943,Heavy congestion detected - signal timing extended and reroute suggested
EVT421146,2026-05-18 19:07:23,Local Market Day,J011,Indiranagar 100ft Road,6592,Weekday,False,Clear,False,0.0,False,False,0.992,Severe,9.9,72.7,631.9,0.264,0.609,0.939,Heavy congestion detected - signal timing extended and reroute suggested
EVT421147,2025-04-04 10:47:28,Local Market Day,J040,City Market,7661,Weekday,False,Clear,False,0.0,False,False,0.522,Moderate,22.0,43.5,210.6,0.138,0.319,0.948,Moderate traffic flow - standard adaptive signal timing in effect
EVT421148,2025-01-24 13:40:18,Trade Fair,J009,Majestic,17728,Weekday,False,Clear,False,0.0,False,False,0.34,Low,29.7,30.7,182.3,0.151,0.35,0.957,Moderate traffic flow - standard adaptive signal timing in effect
EVT421149,2025-01-21 13:42:03,Concert,J040,City Market,11919,Weekday,False,Clear,False,0.0,False,False,0.255,Low,35.7,17.3,215.6,0.21,0.485,0.974,Moderate traffic flow - standard adaptive signal timing in effect
EVT421150,2025-06-08 06:12:32,Concert,J020,Malleshwaram Circle,11069,Weekend,False,Heavy Rain,True,114.6,False,False,0.607,High,23.2,44.9,188.5,0.131,0.302,0.914,Heavy rain reducing visibility and grip - reduced speed and longer buffer advised
EVT421151,2026-01-04 06:14:44,Political Rally,J023,Basavanagudi,16761,Weekend,False,Fog,False,0.0,False,False,0.463,Moderate,30.5,36.2,114.0,0.071,0.164,0.957,Moderate traffic flow - standard adaptive signal timing in effect
EVT421152,2026-02-15 08:00:51,Local Market Day,J030,MG Road,5912,Weekend,False,Clear,False,0.0,False,False,0.756,Severe,15.4,52.8,331.5,0.159,0.368,0.964,Heavy congestion detected - signal timing extended and reroute suggested
EVT421153,2026-05-17 06:18:05,Political Rally,J023,Basavanagudi,16651,Weekend,False,Clear,False,0.0,False,False,0.401,Moderate,30.9,22.6,180.1,0.158,0.365,0.936,Moderate traffic flow - standard adaptive signal timing in effect
EVT421154,2025-05-21 15:52:42,Concert,J012,Koramangala Sony World,8839,Weekday,False,Clear,False,0.0,False,False,0.37,Moderate,31.9,26.3,63.3,0.048,0.111,0.94,Moderate traffic flow - standard adaptive signal timing in effect
EVT421155,2025-07-19 16:36:16,Political Rally,J009,Majestic,7885,Weekend,False,Clear,False,0.0,False,False,0.571,High,22.5,46.5,150.2,0.108,0.25,0.975,Moderate traffic flow - standard adaptive signal timing in effect
EVT421156,2025-09-01 12:54:10,Concert,J031,Cubbon Road,14631,Weekday,False,Clear,False,0.0,False,False,0.265,Low,31.8,18.1,99.3,0.087,0.201,0.976,Moderate traffic flow - standard adaptive signal timing in effect
EVT421157,2026-06-12 05:42:38,Concert,J020,Malleshwaram Circle,16232,Weekday,False,Clear,False,0.0,False,False,0.276,Low,33.3,18.2,61.4,0.051,0.118,0.974,Moderate traffic flow - standard adaptive signal timing in effect
EVT421158,2025-05-19 09:35:20,Sports Fixture,J030,MG Road,23657,Weekday,False,Clear,False,0.0,False,False,0.999,Severe,6.3,69.4,817.6,0.23,0.531,0.96,Heavy congestion detected - signal timing extended and reroute suggested
EVT421159,2025-11-25 11:51:18,Local Market Day,J012,Koramangala Sony World,2885,Weekday,False,Clear,False,0.0,False,False,0.243,Low,25.8,22.8,81.4,0.041,0.095,0.964,Normal free-flow traffic - standard signal timing maintained
EVT421160,2025-08-16 15:12:10,Cultural Procession,J031,Cubbon Road,13907,Weekend,True,Clear,False,0.0,False,False,0.589,High,22.1,44.1,93.6,0.061,0.142,0.902,Festival crowd surge detected - alternate route and extended cycle recommended
EVT421161,2025-06-03 18:44:25,Sports Fixture,J020,Malleshwaram Circle,25942,Weekday,False,Clear,False,0.0,False,False,1.0,Severe,8.5,71.9,718.1,0.241,0.556,0.925,Heavy congestion detected - signal timing extended and reroute suggested
EVT421162,2026-03-27 11:49:28,Religious Festival,J011,Indiranagar 100ft Road,40956,Weekday,True,Clear,False,0.0,False,False,0.722,High,13.5,55.2,439.0,0.217,0.501,0.884,Festival crowd surge detected - alternate route and extended cycle recommended
EVT421163,2025-02-28 15:13:49,Sports Fixture,J023,Basavanagudi,18621,Weekday,False,Clear,False,0.0,False,False,0.338,Low,27.4,23.7,116.7,0.106,0.245,0.943,Moderate traffic flow - standard adaptive signal timing in effect
EVT421164,2025-09-21 10:05:10,Concert,J030,MG Road,8491,Weekend,False,Rain,True,10.5,False,False,0.776,Severe,15.9,60.0,420.9,0.231,0.533,0.892,Heavy rain reducing visibility and grip - reduced speed and longer buffer advised
EVT421165,2025-01-20 20:21:39,Local Market Day,J011,Indiranagar 100ft Road,3886,Weekday,False,Clear,False,0.0,False,False,0.581,High,23.7,41.3,84.1,0.053,0.122,0.99,Moderate traffic flow - standard adaptive signal timing in effect
EVT421166,2025-06-14 19:38:18,Sports Fixture,J012,Koramangala Sony World,14504,Weekend,False,Fog,False,0.0,False,False,0.725,High,18.0,51.4,355.3,0.224,0.516,0.987,Moderate traffic flow - standard adaptive signal timing in effect
EVT421167,2025-10-07 16:36:34,Local Market Day,J031,Cubbon Road,4621,Weekday,False,Heavy Rain,True,45.9,False,False,0.919,Severe,12.6,64.3,291.8,0.134,0.309,0.878,Heavy rain reducing visibility and grip - reduced speed and longer buffer advised
EVT421168,2026-02-04 08:56:55,Sports Fixture,J023,Basavanagudi,24239,Weekday,False,Clear,False,0.0,False,False,1.0,Severe,6.3,74.3,369.1,0.123,0.285,0.932,Heavy congestion detected - signal timing extended and reroute suggested
EVT421169,2025-04-26 18:53:52,Concert,J031,Cubbon Road,12077,Weekend,False,Fog,False,0.0,False,False,0.9,Severe,11.7,64.1,507.9,0.25,0.578,0.938,Heavy congestion detected - signal timing extended and reroute suggested
EVT421170,2026-04-14 06:57:00,Fireworks Display,J030,MG Road,22848,Weekday,True,Clear,False,0.0,False,False,0.783,Severe,13.0,54.9,617.1,0.282,0.652,0.903,Festival crowd surge detected - alternate route and extended cycle recommended
EVT421171,2026-03-09 12:17:41,Local Market Day,J030,MG Road,2306,Weekday,False,Clear,False,0.0,False,False,0.15,Low,32.2,10.5,140.7,0.11,0.254,0.952,Normal free-flow traffic - standard signal timing maintained
EVT421172,2026-03-04 07:54:06,Cultural Procession,J031,Cubbon Road,28808,Weekday,True,Clear,False,0.0,False,True,1.0,Severe,9.1,91.3,477.3,0.182,0.421,0.83,Road closure for event/procession - full detour recommended for through-traffic
EVT421173,2025-01-06 11:04:03,Sports Fixture,J020,Malleshwaram Circle,39917,Weekday,False,Clear,False,0.0,False,False,0.628,High,17.6,42.9,214.5,0.137,0.317,0.958,Moderate traffic flow - standard adaptive signal timing in effect
EVT421174,2025-08-06 13:34:03,Trade Fair,J012,Koramangala Sony World,7815,Weekday,False,Rain,True,22.0,False,False,0.46,Moderate,28.7,34.1,234.5,0.178,0.412,0.921,Light rain detected - minor speed reduction advised
EVT421175,2025-09-12 15:27:37,Trade Fair,J011,Indiranagar 100ft Road,10704,Weekday,False,Clear,False,0.0,False,False,0.421,Moderate,27.4,31.3,152.0,0.127,0.294,0.968,Moderate traffic flow - standard adaptive signal timing in effect
EVT421176,2026-06-26 20:05:32,Political Rally,J031,Cubbon Road,17975,Weekday,False,Clear,False,0.0,False,False,0.741,High,19.1,53.3,142.7,0.072,0.166,0.99,Moderate traffic flow - standard adaptive signal timing in effect
EVT421177,2025-11-15 19:38:17,Sports Fixture,J040,City Market,10949,Weekend,False,Clear,False,0.0,False,False,0.777,Severe,15.0,55.1,199.6,0.11,0.255,0.947,Heavy congestion detected - signal timing extended and reroute suggested
EVT421178,2025-02-08 19:41:30,Sports Fixture,J031,Cubbon Road,12328,Weekend,False,Clear,False,0.0,False,False,0.726,High,14.3,54.0,306.0,0.159,0.367,0.99,Moderate traffic flow - standard adaptive signal timing in effect
EVT421179,2025-03-04 08:24:05,Sports Fixture,J040,City Market,23061,Weekday,False,Clear,False,0.0,False,False,1.0,Severe,10.4,73.9,327.2,0.14,0.324,0.921,Heavy congestion detected - signal timing extended and reroute suggested
EVT421180,2025-02-14 20:12:26,Local Market Day,J009,Majestic,1798,Weekday,False,Clear,False,0.0,False,False,0.639,High,18.4,41.7,220.6,0.122,0.282,0.978,Moderate traffic flow - standard adaptive signal timing in effect
EVT421181,2026-05-24 09:58:24,Sports Fixture,J011,Indiranagar 100ft Road,19644,Weekend,False,Clear,False,0.0,False,False,0.81,Severe,16.8,56.1,356.2,0.2,0.461,0.96,Heavy congestion detected - signal timing extended and reroute suggested
EVT421182,2025-08-25 14:11:44,Trade Fair,J040,City Market,12696,Weekday,False,Clear,False,0.0,False,False,0.237,Low,37.9,20.8,104.3,0.091,0.211,0.945,Normal free-flow traffic - standard signal timing maintained
EVT421183,2025-06-05 21:18:40,Sports Fixture,J012,Koramangala Sony World,36750,Weekday,False,Clear,False,0.0,False,False,0.525,Moderate,29.5,44.4,292.7,0.261,0.602,0.944,Moderate traffic flow - standard adaptive signal timing in effect
EVT421184,2025-11-24 17:10:44,Concert,J031,Cubbon Road,18364,Weekday,False,Clear,False,0.0,False,False,0.824,Severe,10.1,56.6,780.3,0.269,0.62,0.965,Heavy congestion detected - signal timing extended and reroute suggested
EVT421185,2025-07-27 17:18:11,Local Market Day,J012,Koramangala Sony World,2228,Weekend,False,Clear,False,0.0,False,False,0.722,High,18.3,54.1,357.0,0.207,0.477,0.963,Moderate traffic flow - standard adaptive signal timing in effect
EVT421186,2025-11-06 14:59:39,Local Market Day,J023,Basavanagudi,5753,Weekday,False,Clear,False,0.0,False,False,0.215,Low,28.4,15.3,103.7,0.08,0.186,0.98,Normal free-flow traffic - standard signal timing maintained
EVT421187,2026-03-09 17:02:00,Sports Fixture,J040,City Market,31753,Weekday,False,Clear,False,0.0,False,False,0.873,Severe,13.0,66.0,290.1,0.152,0.352,0.939,Heavy congestion detected - signal timing extended and reroute suggested
EVT421188,2026-05-06 16:40:26,Concert,J011,Indiranagar 100ft Road,11582,Weekday,False,Heavy Rain,True,34.0,True,False,1.0,Severe,7.8,69.7,575.3,0.226,0.523,0.704,Accident detected nearby - reroute and reduced speed advised
EVT421189,2025-12-26 20:08:13,Cultural Procession,J031,Cubbon Road,17745,Weekday,True,Clear,False,0.0,False,False,1.0,Severe,11.1,73.2,273.8,0.118,0.272,0.846,Festival crowd surge detected - alternate route and extended cycle recommended
EVT421190,2025-01-29 08:50:08,Concert,J009,Majestic,10124,Weekday,False,Clear,False,0.0,False,False,0.999,Severe,7.1,70.3,650.1,0.188,0.433,0.927,Heavy congestion detected - signal timing extended and reroute suggested
EVT421191,2025-06-22 02:15:34,Trade Fair,J011,Indiranagar 100ft Road,4912,Weekend,False,Heavy Rain,True,28.9,False,False,0.608,High,21.9,41.2,243.0,0.153,0.354,0.936,Heavy rain reducing visibility and grip - reduced speed and longer buffer advised
EVT421192,2025-01-03 01:07:07,Concert,J023,Basavanagudi,9284,Weekday,False,Clear,False,0.0,False,False,0.225,Low,35.2,18.2,117.6,0.09,0.207,0.964,Normal free-flow traffic - standard signal timing maintained
EVT421193,2025-06-03 17:49:35,Concert,J012,Koramangala Sony World,9142,Weekday,False,Light Rain,True,6.5,False,False,1.0,Severe,7.8,72.7,580.3,0.212,0.49,0.879,Heavy rain reducing visibility and grip - reduced speed and longer buffer advised
EVT421194,2025-06-10 18:47:14,Concert,J030,MG Road,15225,Weekday,False,Clear,False,0.0,False,False,1.0,Severe,7.9,74.3,549.2,0.171,0.395,0.943,Heavy congestion detected - signal timing extended and reroute suggested
EVT421195,2025-09-01 14:01:06,Concert,J023,Basavanagudi,21166,Weekday,False,Clear,False,0.0,False,False,0.314,Low,25.6,19.9,285.1,0.196,0.454,0.976,Moderate traffic flow - standard adaptive signal timing in effect
EVT421196,2026-05-25 10:48:32,Local Market Day,J030,MG Road,3944,Weekday,False,Clear,False,0.0,False,False,0.519,Moderate,22.0,33.9,311.6,0.192,0.442,0.946,Moderate traffic flow - standard adaptive signal timing in effect
EVT421197,2025-08-08 08:40:44,Concert,J040,City Market,8914,Weekday,False,Heavy Rain,True,35.1,False,False,1.0,Severe,8.2,66.8,557.2,0.199,0.46,0.865,Heavy rain reducing visibility and grip - reduced speed and longer buffer advised
EVT421198,2026-05-20 11:57:29,Trade Fair,J040,City Market,8867,Weekday,False,Rain,True,7.8,False,False,0.319,Low,32.0,22.3,133.5,0.122,0.283,0.9,Light rain detected - minor speed reduction advised
EVT421199,2025-05-02 13:39:49,Religious Festival,J020,Malleshwaram Circle,34316,Weekday,True,Clear,False,0.0,False,True,0.849,High,12.0,90.5,387.2,0.204,0.472,0.873,Road closure for event/procession - full detour recommended for through-traffic
EVT421200,2026-06-18 08:13:13,Local Market Day,J020,Malleshwaram Circle,3606,Weekday,False,Clear,False,0.0,False,False,0.889,Severe,14.1,66.1,366.9,0.18,0.416,0.954,Heavy congestion detected - signal timing extended and reroute suggested
EVT421201,2025-05-25 06:40:25,Local Market Day,J011,Indiranagar 100ft Road,3324,Weekend,False,Clear,False,0.0,False,False,0.394,Moderate,23.8,25.7,277.8,0.188,0.433,0.949,Moderate traffic flow - standard adaptive signal timing in effect
EVT421202,2026-03-10 18:58:40,Local Market Day,J040,City Market,7495,Weekday,False,Fog,False,0.0,False,False,0.944,Severe,8.5,66.1,772.3,0.267,0.617,0.932,Heavy congestion detected - signal timing extended and reroute suggested
EVT421203,2025-06-27 17:52:41,Local Market Day,J012,Koramangala Sony World,3753,Weekday,False,Clear,False,0.0,False,False,0.973,Severe,9.3,72.7,446.6,0.171,0.394,0.917,Heavy congestion detected - signal timing extended and reroute suggested
EVT421204,2025-07-02 13:19:09,Trade Fair,J040,City Market,7119,Weekday,False,Clear,False,0.0,False,False,0.13,Low,32.9,5.3,126.7,0.115,0.265,0.953,Normal free-flow traffic - standard signal timing maintained
EVT421205,2025-05-24 12:34:52,Concert,J030,MG Road,9346,Weekend,False,Clear,False,0.0,False,False,0.285,Low,31.5,18.2,163.7,0.128,0.296,0.968,Moderate traffic flow - standard adaptive signal timing in effect
EVT421206,2025-10-23 15:31:05,Local Market Day,J009,Majestic,4947,Weekday,False,Light Rain,True,2.9,False,False,0.366,Moderate,35.6,31.3,154.3,0.145,0.336,0.953,Light rain detected - minor speed reduction advised
EVT421207,2025-04-16 18:26:35,Sports Fixture,J030,MG Road,26007,Weekday,False,Clear,False,0.0,False,False,1.0,Severe,7.2,71.3,428.4,0.139,0.322,0.912,Heavy congestion detected - signal timing extended and reroute suggested
EVT421208,2025-10-28 20:14:18,Sports Fixture,J031,Cubbon Road,13728,Weekday,False,Rain,True,14.0,False,False,0.888,Severe,14.0,64.5,587.6,0.298,0.689,0.885,Heavy rain reducing visibility and grip - reduced speed and longer buffer advised
EVT421209,2026-06-10 08:43:39,Sports Fixture,J023,Basavanagudi,20417,Weekday,False,Rain,True,13.3,False,False,1.0,Severe,8.5,66.7,502.8,0.173,0.399,0.863,Heavy rain reducing visibility and grip - reduced speed and longer buffer advised
EVT421210,2026-06-07 11:36:59,Sports Fixture,J011,Indiranagar 100ft Road,22897,Weekend,False,Light Rain,True,4.8,False,False,0.525,Moderate,21.4,39.5,233.3,0.137,0.317,0.913,Light rain detected - minor speed reduction advised
EVT421211,2025-09-15 09:18:18,Sports Fixture,J023,Basavanagudi,23809,Weekday,False,Rain,True,12.9,False,False,1.0,Severe,8.2,68.3,466.7,0.162,0.374,0.872,Heavy rain reducing visibility and grip - reduced speed and longer buffer advised
EVT421212,2025-08-11 17:25:17,Concert,J011,Indiranagar 100ft Road,18562,Weekday,False,Clear,False,0.0,False,False,0.964,Severe,7.9,68.8,482.2,0.173,0.4,0.894,Heavy congestion detected - signal timing extended and reroute suggested
EVT421213,2026-01-25 21:33:05,Local Market Day,J040,City Market,6844,Weekend,False,Fog,False,0.0,False,False,0.324,Low,30.8,24.3,143.6,0.129,0.299,0.944,Moderate traffic flow - standard adaptive signal timing in effect
EVT421214,2025-07-07 17:09:45,Local Market Day,J023,Basavanagudi,5322,Weekday,False,Rain,True,18.2,False,False,1.0,Severe,9.2,65.6,704.0,0.278,0.643,0.875,Heavy rain reducing visibility and grip - reduced speed and longer buffer advised
EVT421215,2025-11-25 17:17:44,Sports Fixture,J012,Koramangala Sony World,19554,Weekday,False,Clear,False,0.0,False,False,0.949,Severe,9.4,63.1,477.8,0.179,0.415,0.932,Heavy congestion detected - signal timing extended and reroute suggested
EVT421216,2026-01-09 12:52:41,Sports Fixture,J009,Majestic,26512,Weekday,False,Clear,False,0.0,False,False,0.25,Low,32.7,22.2,192.8,0.17,0.393,0.989,Moderate traffic flow - standard adaptive signal timing in effect
EVT421217,2026-01-31 17:22:26,Concert,J011,Indiranagar 100ft Road,8812,Weekend,False,Clear,False,0.0,False,False,0.739,High,19.2,52.1,168.3,0.106,0.245,0.973,Moderate traffic flow - standard adaptive signal timing in effect
EVT421218,2025-06-22 18:30:59,Sports Fixture,J030,MG Road,43303,Weekend,False,Clear,False,0.0,False,False,1.0,Severe,8.8,69.3,371.2,0.149,0.345,0.92,Heavy congestion detected - signal timing extended and reroute suggested
EVT421219,2025-05-23 18:33:32,Local Market Day,J023,Basavanagudi,3097,Weekday,False,Rain,True,23.5,False,False,1.0,Severe,9.4,66.5,339.1,0.147,0.34,0.887,Heavy rain reducing visibility and grip - reduced speed and longer buffer advised
EVT421220,2026-05-28 16:53:46,Sports Fixture,J020,Malleshwaram Circle,20958,Weekday,False,Clear,False,0.0,False,False,0.76,Severe,15.8,57.4,277.3,0.146,0.338,0.981,Heavy congestion detected - signal timing extended and reroute suggested
EVT421221,2026-05-12 17:32:51,Sports Fixture,J011,Indiranagar 100ft Road,15815,Weekday,False,Clear,False,0.0,False,False,0.944,Severe,10.3,62.5,463.9,0.202,0.467,0.941,Heavy congestion detected - signal timing extended and reroute suggested
EVT421222,2025-05-02 07:49:07,Religious Festival,J031,Cubbon Road,38595,Weekday,True,Light Rain,True,2.4,False,False,1.0,Severe,10.3,70.4,571.0,0.24,0.554,0.827,Festival crowd surge detected - alternate route and extended cycle recommended
EVT421223,2025-08-24 10:11:43,Trade Fair,J023,Basavanagudi,12797,Weekend,False,Clear,False,0.0,False,False,0.654,High,16.6,46.0,231.0,0.12,0.278,0.973,Moderate traffic flow - standard adaptive signal timing in effect
EVT421224,2025-01-20 15:31:38,Local Market Day,J031,Cubbon Road,1620,Weekday,False,Clear,False,0.0,False,False,0.346,Low,35.8,22.1,100.7,0.086,0.199,0.971,Moderate traffic flow - standard adaptive signal timing in effect
EVT421225,2025-07-05 19:57:01,Local Market Day,J011,Indiranagar 100ft Road,2563,Weekend,False,Rain,True,11.2,False,False,0.749,High,18.6,55.4,270.3,0.183,0.423,0.922,Heavy rain reducing visibility and grip - reduced speed and longer buffer advised
EVT421226,2026-05-07 18:44:24,Sports Fixture,J011,Indiranagar 100ft Road,16401,Weekday,False,Clear,False,0.0,False,False,1.0,Severe,11.2,72.0,449.9,0.204,0.47,0.879,Heavy congestion detected - signal timing extended and reroute suggested
EVT421227,2026-06-08 17:06:26,Local Market Day,J040,City Market,5768,Weekday,False,Fog,False,0.0,False,False,0.702,High,13.4,52.9,330.8,0.161,0.372,0.974,Moderate traffic flow - standard adaptive signal timing in effect
EVT421228,2025-11-30 08:43:36,Local Market Day,J030,MG Road,5495,Weekend,False,Clear,False,0.0,False,False,0.747,High,18.5,59.9,117.8,0.086,0.199,0.983,Moderate traffic flow - standard adaptive signal timing in effect
EVT421229,2025-06-29 14:19:55,Trade Fair,J023,Basavanagudi,7090,Weekend,False,Rain,True,16.5,False,False,0.436,Moderate,24.6,31.4,274.4,0.199,0.459,0.906,Light rain detected - minor speed reduction advised
EVT421230,2026-02-02 12:13:09,Local Market Day,J030,MG Road,3276,Weekday,False,Clear,False,0.0,False,False,0.279,Low,28.8,20.6,193.9,0.132,0.306,0.962,Moderate traffic flow - standard adaptive signal timing in effect
EVT421231,2026-06-27 07:49:13,Concert,J031,Cubbon Road,9573,Weekend,False,Clear,False,0.0,False,False,0.687,High,17.1,43.6,457.1,0.254,0.586,0.973,Moderate traffic flow - standard adaptive signal timing in effect
EVT421232,2026-01-31 07:51:16,Sports Fixture,J030,MG Road,20894,Weekend,False,Clear,False,0.0,False,False,0.807,Severe,15.3,61.9,217.8,0.104,0.241,0.963,Heavy congestion detected - signal timing extended and reroute suggested
EVT421233,2025-12-24 11:04:55,Local Market Day,J009,Majestic,4860,Weekday,False,Clear,False,0.0,False,False,0.439,Moderate,29.5,34.6,123.8,0.098,0.226,0.976,Moderate traffic flow - standard adaptive signal timing in effect
EVT421234,2026-03-04 18:08:18,Cultural Procession,J011,Indiranagar 100ft Road,14739,Weekday,True,Clear,False,0.0,False,True,1.0,Severe,9.9,94.4,403.2,0.174,0.401,0.858,Road closure for event/procession - full detour recommended for through-traffic
EVT421235,2026-01-09 17:56:57,Sports Fixture,J020,Malleshwaram Circle,45274,Weekday,False,Clear,False,0.0,False,False,1.0,Severe,7.7,65.8,782.1,0.249,0.574,0.911,Heavy congestion detected - signal timing extended and reroute suggested
EVT421236,2026-06-23 19:02:51,Sports Fixture,J031,Cubbon Road,15072,Weekday,False,Heavy Rain,True,27.4,False,False,1.0,Severe,5.2,71.9,882.9,0.19,0.438,0.856,Heavy rain reducing visibility and grip - reduced speed and longer buffer advised
EVT421237,2025-02-12 18:56:11,Political Rally,J020,Malleshwaram Circle,12125,Weekday,False,Clear,False,0.0,False,False,1.0,Severe,6.1,72.9,784.0,0.185,0.427,0.894,Heavy congestion detected - signal timing extended and reroute suggested
EVT421238,2025-08-11 22:40:32,Sports Fixture,J023,Basavanagudi,30478,Weekday,False,Light Rain,True,7.2,False,False,0.512,Moderate,23.4,30.7,260.5,0.195,0.45,0.936,Light rain detected - minor speed reduction advised
EVT421239,2025-09-24 04:13:18,Concert,J030,MG Road,9857,Weekday,False,Clear,False,0.0,False,False,0.318,Low,40.0,27.4,113.1,0.124,0.287,0.964,Moderate traffic flow - standard adaptive signal timing in effect
EVT421240,2025-10-15 16:48:02,Trade Fair,J030,MG Road,8520,Weekday,False,Clear,False,0.0,False,False,0.674,High,20.7,52.7,194.2,0.132,0.304,0.967,Moderate traffic flow - standard adaptive signal timing in effect
EVT421241,2026-03-03 08:11:43,Political Rally,J011,Indiranagar 100ft Road,13444,Weekday,False,Clear,False,0.0,False,False,0.839,Severe,10.3,58.6,544.5,0.214,0.495,0.935,Heavy congestion detected - signal timing extended and reroute suggested
EVT421242,2025-03-03 16:28:03,Trade Fair,J030,MG Road,8490,Weekday,False,Clear,False,0.0,False,False,0.59,High,23.1,45.0,200.2,0.146,0.337,0.96,Moderate traffic flow - standard adaptive signal timing in effect
EVT421243,2025-06-21 14:54:52,Sports Fixture,J020,Malleshwaram Circle,23659,Weekend,False,Clear,False,0.0,False,False,0.366,Moderate,32.4,29.8,99.9,0.094,0.216,0.971,Moderate traffic flow - standard adaptive signal timing in effect
EVT421244,2026-04-01 17:43:45,Political Rally,J030,MG Road,14560,Weekday,False,Rain,True,11.8,False,False,1.0,Severe,9.0,70.4,482.9,0.188,0.434,0.859,Heavy rain reducing visibility and grip - reduced speed and longer buffer advised
EVT421245,2026-02-21 20:51:42,Trade Fair,J031,Cubbon Road,4611,Weekend,False,Clear,False,0.0,False,False,0.443,Moderate,29.0,27.0,141.9,0.114,0.264,0.96,Moderate traffic flow - standard adaptive signal timing in effect
EVT421246,2025-05-04 16:25:37,Sports Fixture,J030,MG Road,19874,Weekend,False,Rain,True,10.7,False,False,0.747,High,14.3,50.8,261.9,0.134,0.309,0.929,Heavy rain reducing visibility and grip - reduced speed and longer buffer advised
EVT421247,2026-05-23 18:31:50,Political Rally,J012,Koramangala Sony World,13570,Weekend,False,Clear,False,0.0,False,False,0.932,Severe,9.7,73.8,329.0,0.129,0.297,0.9,Heavy congestion detected - signal timing extended and reroute suggested
EVT421248,2025-08-05 19:14:36,Trade Fair,J040,City Market,4776,Weekday,False,Rain,True,14.0,False,False,1.0,Severe,7.1,74.2,467.2,0.142,0.329,0.883,Heavy rain reducing visibility and grip - reduced speed and longer buffer advised
EVT421249,2025-03-31 18:19:11,Religious Festival,J030,MG Road,63764,Weekday,True,Clear,False,0.0,True,False,1.0,Severe,8.3,67.6,579.7,0.218,0.503,0.711,Accident detected nearby - reroute and reduced speed advised
EVT421250,2025-08-28 15:54:10,Religious Festival,J040,City Market,32608,Weekday,True,Rain,True,12.6,False,True,1.0,Severe,9.0,96.0,486.8,0.184,0.426,0.804,Road closure for event/procession - full detour recommended for through-traffic
EVT421251,2025-02-25 17:18:59,Local Market Day,J030,MG Road,4419,Weekday,False,Clear,False,0.0,False,False,0.848,Severe,13.1,57.6,354.1,0.173,0.4,0.938,Heavy congestion detected - signal timing extended and reroute suggested
EVT421252,2025-07-25 18:18:37,Sports Fixture,J030,MG Road,16545,Weekday,False,Rain,True,16.3,False,False,1.0,Severe,8.4,74.7,699.9,0.253,0.584,0.878,Heavy rain reducing visibility and grip - reduced speed and longer buffer advised
EVT421253,2025-09-04 00:56:18,Local Market Day,J031,Cubbon Road,3270,Weekday,False,Clear,False,0.0,False,False,0.188,Low,27.6,9.6,197.8,0.147,0.339,0.933,Normal free-flow traffic - standard signal timing maintained
EVT421254,2026-04-02 18:19:05,Local Market Day,J020,Malleshwaram Circle,3150,Weekday,False,Rain,True,19.9,False,False,1.0,Severe,6.9,68.5,699.8,0.186,0.429,0.853,Heavy rain reducing visibility and grip - reduced speed and longer buffer advised
EVT421255,2025-09-21 20:27:17,Sports Fixture,J023,Basavanagudi,23377,Weekend,False,Clear,False,0.0,False,False,0.544,Moderate,20.1,36.2,224.8,0.153,0.354,0.968,Moderate traffic flow - standard adaptive signal timing in effect
EVT421256,2025-12-10 07:30:05,Concert,J009,Majestic,14052,Weekday,False,Clear,False,0.0,False,False,0.733,High,21.2,51.4,222.0,0.149,0.343,0.99,Moderate traffic flow - standard adaptive signal timing in effect
EVT421257,2025-01-23 14:21:21,Local Market Day,J030,MG Road,3258,Weekday,False,Clear,False,0.0,False,False,0.238,Low,29.3,20.5,138.2,0.112,0.259,0.959,Normal free-flow traffic - standard signal timing maintained
EVT421258,2026-04-28 13:16:14,Trade Fair,J020,Malleshwaram Circle,6775,Weekday,False,Clear,False,0.0,False,False,0.217,Low,27.9,19.1,176.8,0.129,0.299,0.949,Normal free-flow traffic - standard signal timing maintained
EVT421259,2025-02-25 19:51:22,Sports Fixture,J023,Basavanagudi,26413,Weekday,False,Clear,False,0.0,False,False,0.931,Severe,12.5,66.6,527.5,0.247,0.57,0.939,Heavy congestion detected - signal timing extended and reroute suggested
EVT421260,2025-05-04 10:37:08,Local Market Day,J012,Koramangala Sony World,6590,Weekend,False,Clear,False,0.0,False,False,0.548,Moderate,21.7,37.8,378.4,0.232,0.537,0.963,Moderate traffic flow - standard adaptive signal timing in effect
EVT421261,2025-09-24 17:30:46,Local Market Day,J009,Majestic,4490,Weekday,False,Clear,False,0.0,False,False,0.845,Severe,12.5,60.1,591.3,0.281,0.648,0.979,Heavy congestion detected - signal timing extended and reroute suggested
EVT421262,2025-08-04 18:09:41,Sports Fixture,J020,Malleshwaram Circle,27940,Weekday,False,Rain,True,24.4,False,False,1.0,Severe,8.4,73.6,288.9,0.122,0.281,0.875,Heavy rain reducing visibility and grip - reduced speed and longer buffer advised
EVT421263,2026-06-14 20:04:16,Sports Fixture,J023,Basavanagudi,43250,Weekend,False,Light Rain,True,3.2,False,False,1.0,Severe,8.1,70.1,441.6,0.156,0.36,0.87,Heavy rain reducing visibility and grip - reduced speed and longer buffer advised
EVT421264,2026-01-11 00:18:37,Local Market Day,J009,Majestic,3945,Weekend,False,Clear,False,0.0,False,False,0.209,Low,29.7,16.8,266.8,0.22,0.507,0.956,Normal free-flow traffic - standard signal timing maintained
EVT421265,2025-08-14 12:19:48,Concert,J020,Malleshwaram Circle,6294,Weekday,False,Heavy Rain,True,52.6,False,False,0.518,Moderate,22.7,34.2,251.3,0.198,0.458,0.906,Light rain detected - minor speed reduction advised
EVT421266,2025-11-26 07:26:10,Concert,J030,MG Road,11275,Weekday,False,Clear,False,0.0,False,False,0.567,High,20.4,38.2,240.9,0.139,0.321,0.96,Moderate traffic flow - standard adaptive signal timing in effect
EVT421267,2025-01-29 15:49:44,Sports Fixture,J012,Koramangala Sony World,25557,Weekday,False,Clear,False,0.0,False,False,0.503,Moderate,24.9,34.1,186.2,0.119,0.274,0.972,Moderate traffic flow - standard adaptive signal timing in effect
EVT421268,2026-06-28 11:15:48,Concert,J030,MG Road,19158,Weekend,False,Heavy Rain,True,41.6,False,False,0.853,Severe,14.1,59.8,448.9,0.222,0.512,0.907,Heavy rain reducing visibility and grip - reduced speed and longer buffer advised
EVT421269,2026-06-13 15:50:29,Trade Fair,J040,City Market,4069,Weekend,False,Heavy Rain,True,26.2,False,False,0.671,High,19.5,48.9,197.5,0.135,0.311,0.886,Heavy rain reducing visibility and grip - reduced speed and longer buffer advised
EVT421270,2026-01-07 11:54:04,Local Market Day,J030,MG Road,3740,Weekday,False,Clear,False,0.0,False,False,0.303,Low,30.0,21.6,157.2,0.138,0.319,0.952,Moderate traffic flow - standard adaptive signal timing in effect
EVT421271,2025-05-18 19:46:54,Concert,J009,Majestic,7874,Weekend,False,Clear,False,0.0,False,False,0.734,High,15.7,50.3,120.5,0.064,0.148,0.923,Moderate traffic flow - standard adaptive signal timing in effect
EVT421272,2025-04-22 16:50:33,Sports Fixture,J011,Indiranagar 100ft Road,27146,Weekday,False,Clear,False,0.0,False,False,0.83,Severe,16.1,53.6,246.2,0.153,0.354,0.952,Heavy congestion detected - signal timing extended and reroute suggested
EVT421273,2026-02-16 08:12:22,Concert,J020,Malleshwaram Circle,22344,Weekday,False,Clear,False,0.0,False,False,1.0,Severe,7.1,71.0,866.2,0.253,0.585,0.902,Heavy congestion detected - signal timing extended and reroute suggested
EVT421274,2025-08-18 16:29:42,Local Market Day,J012,Koramangala Sony World,4777,Weekday,False,Clear,False,0.0,False,False,0.59,High,26.2,43.1,197.0,0.147,0.339,0.948,Moderate traffic flow - standard adaptive signal timing in effect
EVT421275,2025-05-19 00:23:44,Political Rally,J020,Malleshwaram Circle,11359,Weekday,False,Clear,False,0.0,False,False,0.19,Low,34.7,12.3,117.9,0.105,0.243,0.975,Normal free-flow traffic - standard signal timing maintained
EVT421276,2025-12-16 09:06:16,Sports Fixture,J031,Cubbon Road,17996,Weekday,False,Clear,False,0.0,False,False,1.0,Severe,8.8,71.5,691.0,0.244,0.564,0.906,Heavy congestion detected - signal timing extended and reroute suggested
EVT421277,2026-06-08 10:34:01,Local Market Day,J023,Basavanagudi,4428,Weekday,False,Clear,False,0.0,False,False,0.618,High,19.7,40.6,218.9,0.157,0.362,0.989,Moderate traffic flow - standard adaptive signal timing in effect
EVT421278,2026-01-22 18:10:10,Trade Fair,J009,Majestic,14590,Weekday,False,Clear,False,0.0,False,False,1.0,Severe,7.3,69.2,1070.1,0.312,0.721,0.903,Heavy congestion detected - signal timing extended and reroute suggested
EVT421279,2025-03-11 19:31:32,Sports Fixture,J040,City Market,29318,Weekday,False,Clear,False,0.0,False,False,1.0,Severe,8.3,71.9,351.6,0.131,0.304,0.921,Heavy congestion detected - signal timing extended and reroute suggested
EVT421280,2025-04-09 21:55:08,Sports Fixture,J020,Malleshwaram Circle,17229,Weekday,False,Clear,False,0.0,False,False,0.312,Low,33.2,23.7,114.7,0.104,0.241,0.984,Moderate traffic flow - standard adaptive signal timing in effect
EVT421281,2025-06-10 18:57:41,Concert,J009,Majestic,11840,Weekday,False,Rain,True,9.3,False,False,1.0,Severe,7.5,67.5,570.5,0.19,0.438,0.851,Heavy rain reducing visibility and grip - reduced speed and longer buffer advised
EVT421282,2025-06-06 19:14:54,Sports Fixture,J023,Basavanagudi,25259,Weekday,False,Clear,False,0.0,False,False,1.0,Severe,8.3,76.3,659.0,0.252,0.581,0.922,Heavy congestion detected - signal timing extended and reroute suggested
EVT421283,2025-06-18 00:58:26,Trade Fair,J031,Cubbon Road,6444,Weekday,False,Rain,True,14.2,False,False,0.314,Low,23.7,17.8,262.6,0.173,0.4,0.925,Light rain detected - minor speed reduction advised
EVT421284,2025-09-23 14:53:18,Concert,J009,Majestic,7958,Weekday,False,Clear,False,0.0,False,False,0.2,Low,35.7,12.1,154.7,0.128,0.296,0.969,Normal free-flow traffic - standard signal timing maintained
EVT421285,2025-06-29 23:11:40,Political Rally,J031,Cubbon Road,22574,Weekend,False,Clear,False,0.0,False,False,0.365,Moderate,28.9,32.5,193.2,0.169,0.391,0.99,Moderate traffic flow - standard adaptive signal timing in effect
EVT421286,2026-01-24 11:10:31,Concert,J040,City Market,10959,Weekend,False,Clear,False,0.0,False,False,0.478,Moderate,30.6,26.9,166.0,0.133,0.308,0.968,Moderate traffic flow - standard adaptive signal timing in effect
EVT421287,2025-03-12 03:38:03,Political Rally,J031,Cubbon Road,15764,Weekday,False,Clear,False,0.0,False,False,0.248,Low,31.1,20.2,132.1,0.11,0.254,0.963,Normal free-flow traffic - standard signal timing maintained
EVT421288,2025-06-29 18:16:13,Concert,J020,Malleshwaram Circle,10947,Weekend,False,Fog,False,0.0,False,False,0.919,Severe,9.3,69.4,583.2,0.196,0.453,0.928,Heavy congestion detected - signal timing extended and reroute suggested
EVT421289,2025-08-02 18:29:50,Sports Fixture,J023,Basavanagudi,24687,Weekend,False,Clear,False,0.0,False,False,0.895,Severe,11.4,62.7,267.8,0.136,0.315,0.961,Heavy congestion detected - signal timing extended and reroute suggested
EVT421290,2026-01-18 17:15:15,Trade Fair,J009,Majestic,6331,Weekend,False,Clear,False,0.0,False,False,0.77,Severe,16.8,55.1,380.6,0.224,0.517,0.986,Heavy congestion detected - signal timing extended and reroute suggested
EVT421291,2025-08-12 05:34:53,Trade Fair,J030,MG Road,11547,Weekday,False,Clear,False,0.0,False,False,0.205,Low,30.3,17.3,158.8,0.131,0.303,0.984,Normal free-flow traffic - standard signal timing maintained
EVT421292,2025-04-22 09:51:07,Sports Fixture,J012,Koramangala Sony World,22128,Weekday,False,Clear,False,0.0,False,False,0.936,Severe,8.9,71.2,393.9,0.133,0.307,0.923,Heavy congestion detected - signal timing extended and reroute suggested
EVT421293,2025-04-08 12:06:56,Trade Fair,J030,MG Road,10142,Weekday,False,Light Rain,True,0.9,False,False,0.442,Moderate,25.9,32.9,234.5,0.156,0.361,0.914,Light rain detected - minor speed reduction advised
EVT421294,2025-01-16 09:14:41,Trade Fair,J012,Koramangala Sony World,9057,Weekday,False,Clear,False,0.0,False,False,1.0,Severe,10.2,73.2,376.8,0.15,0.346,0.901,Heavy congestion detected - signal timing extended and reroute suggested
EVT421295,2026-04-12 11:13:55,Concert,J040,City Market,11492,Weekend,False,Clear,False,0.0,False,False,0.421,Moderate,25.9,27.8,248.0,0.207,0.478,0.972,Moderate traffic flow - standard adaptive signal timing in effect
EVT421296,2025-06-26 08:08:18,Local Market Day,J023,Basavanagudi,5624,Weekday,False,Clear,False,0.0,False,False,0.831,Severe,14.4,57.8,387.8,0.195,0.451,0.936,Heavy congestion detected - signal timing extended and reroute suggested
EVT421297,2026-04-12 13:39:32,Sports Fixture,J020,Malleshwaram Circle,27886,Weekend,False,Clear,False,0.0,False,False,0.434,Moderate,30.1,25.2,138.4,0.097,0.224,0.977,Moderate traffic flow - standard adaptive signal timing in effect
EVT421298,2026-04-07 22:09:56,Sports Fixture,J040,City Market,28060,Weekday,False,Fog,False,0.0,False,False,0.375,Moderate,31.0,35.7,187.2,0.143,0.331,0.981,Moderate traffic flow - standard adaptive signal timing in effect
EVT421299,2026-03-15 10:23:20,Local Market Day,J030,MG Road,4208,Weekend,False,Fog,False,0.0,False,False,0.631,High,22.6,47.7,227.7,0.169,0.39,0.97,Moderate traffic flow - standard adaptive signal timing in effect
EVT421300,2026-02-27 20:17:58,Sports Fixture,J023,Basavanagudi,9699,Weekday,False,Clear,False,0.0,False,False,0.674,High,21.1,50.8,175.3,0.109,0.251,0.951,Moderate traffic flow - standard adaptive signal timing in effect
EVT421301,2025-01-30 15:18:15,Sports Fixture,J012,Koramangala Sony World,31982,Weekday,False,Clear,False,0.0,False,False,0.365,Moderate,28.7,28.7,112.9,0.08,0.184,0.99,Moderate traffic flow - standard adaptive signal timing in effect
EVT421302,2025-12-30 07:23:07,Local Market Day,J011,Indiranagar 100ft Road,4150,Weekday,False,Clear,False,0.0,False,False,0.559,High,19.0,39.2,192.4,0.108,0.25,0.987,Moderate traffic flow - standard adaptive signal timing in effect
EVT421303,2025-01-01 17:02:02,Trade Fair,J030,MG Road,5958,Weekday,False,Clear,False,0.0,False,False,0.758,Severe,18.5,52.2,216.7,0.122,0.283,0.981,Heavy congestion detected - signal timing extended and reroute suggested
EVT421304,2025-08-28 18:32:33,Religious Festival,J031,Cubbon Road,82176,Weekday,True,Heavy Rain,True,43.1,True,True,1.0,Severe,7.4,92.3,501.7,0.174,0.403,0.593,Road closure for event/procession - full detour recommended for through-traffic
EVT421305,2025-07-25 21:10:16,Sports Fixture,J040,City Market,24761,Weekday,False,Clear,False,0.0,False,False,0.533,Moderate,22.7,36.5,262.6,0.172,0.398,0.96,Moderate traffic flow - standard adaptive signal timing in effect
EVT421306,2025-10-08 06:50:55,Local Market Day,J011,Indiranagar 100ft Road,4723,Weekday,False,Clear,False,0.0,False,False,0.402,Moderate,33.5,23.6,173.9,0.161,0.372,0.953,Moderate traffic flow - standard adaptive signal timing in effect
EVT421307,2025-08-27 14:42:01,Religious Festival,J012,Koramangala Sony World,46112,Weekday,True,Heavy Rain,True,28.8,False,True,1.0,Severe,7.1,97.8,603.5,0.196,0.452,0.761,Road closure for event/procession - full detour recommended for through-traffic
EVT421308,2025-03-03 13:44:00,Political Rally,J030,MG Road,9731,Weekday,False,Clear,False,0.0,False,False,0.302,Low,35.1,25.8,128.1,0.105,0.243,0.967,Moderate traffic flow - standard adaptive signal timing in effect
EVT421309,2025-12-31 18:40:17,Local Market Day,J040,City Market,4130,Weekday,False,Clear,False,0.0,False,False,1.0,Severe,9.5,68.8,416.7,0.156,0.36,0.91,Heavy congestion detected - signal timing extended and reroute suggested
EVT421310,2025-06-07 18:43:00,Concert,J040,City Market,8353,Weekend,False,Heavy Rain,True,36.8,False,False,1.0,Severe,9.2,72.6,515.1,0.169,0.389,0.866,Heavy rain reducing visibility and grip - reduced speed and longer buffer advised
EVT421311,2026-05-31 06:06:22,Local Market Day,J023,Basavanagudi,1613,Weekend,False,Rain,True,21.7,False,False,0.559,High,24.0,36.3,282.9,0.214,0.494,0.911,Heavy rain reducing visibility and grip - reduced speed and longer buffer advised
EVT421312,2025-02-13 06:31:43,Political Rally,J020,Malleshwaram Circle,14578,Weekday,False,Clear,False,0.0,False,False,0.348,Low,32.6,27.1,173.3,0.13,0.3,0.973,Moderate traffic flow - standard adaptive signal timing in effect
EVT421313,2025-04-06 08:41:09,Cultural Procession,J012,Koramangala Sony World,18398,Weekend,True,Rain,True,8.0,False,False,1.0,Severe,9.4,79.7,511.4,0.187,0.432,0.804,Festival crowd surge detected - alternate route and extended cycle recommended
EVT421314,2026-03-17 17:43:59,Sports Fixture,J031,Cubbon Road,13582,Weekday,False,Clear,False,0.0,False,False,0.957,Severe,10.5,61.0,287.9,0.121,0.28,0.931,Heavy congestion detected - signal timing extended and reroute suggested
EVT421315,2025-10-04 18:57:21,Trade Fair,J031,Cubbon Road,7749,Weekend,False,Clear,False,0.0,False,False,0.869,Severe,14.1,62.7,352.2,0.181,0.417,0.949,Heavy congestion detected - signal timing extended and reroute suggested
EVT421316,2025-06-09 19:42:49,Concert,J009,Majestic,7588,Weekday,False,Clear,False,0.0,False,False,0.875,Severe,12.3,63.1,312.4,0.158,0.364,0.946,Heavy congestion detected - signal timing extended and reroute suggested
EVT421317,2026-02-04 22:24:37,Sports Fixture,J031,Cubbon Road,15435,Weekday,False,Clear,False,0.0,False,False,0.194,Low,29.9,13.2,215.6,0.176,0.405,0.952,Normal free-flow traffic - standard signal timing maintained
EVT421318,2025-02-15 18:17:38,Concert,J020,Malleshwaram Circle,12655,Weekend,False,Clear,False,0.0,False,False,0.909,Severe,10.6,59.4,450.7,0.187,0.432,0.937,Heavy congestion detected - signal timing extended and reroute suggested
EVT421319,2025-03-23 18:39:47,Trade Fair,J040,City Market,4339,Weekend,False,Clear,False,0.0,False,False,0.818,Severe,17.5,62.6,303.1,0.18,0.415,0.949,Heavy congestion detected - signal timing extended and reroute suggested
EVT421320,2025-02-16 08:46:22,Trade Fair,J031,Cubbon Road,14655,Weekend,False,Clear,False,0.0,False,False,0.909,Severe,12.4,65.9,152.9,0.058,0.133,0.937,Heavy congestion detected - signal timing extended and reroute suggested
EVT421321,2025-10-25 17:36:24,Local Market Day,J023,Basavanagudi,4274,Weekend,False,Rain,True,22.6,False,False,1.0,Severe,7.1,72.2,563.8,0.173,0.399,0.866,Heavy rain reducing visibility and grip - reduced speed and longer buffer advised
EVT421322,2025-01-31 22:25:25,Local Market Day,J011,Indiranagar 100ft Road,4750,Weekday,False,Clear,False,0.0,False,False,0.117,Low,32.1,8.7,104.0,0.08,0.184,0.962,Normal free-flow traffic - standard signal timing maintained
EVT421323,2025-09-28 08:01:19,Trade Fair,J020,Malleshwaram Circle,12500,Weekend,False,Clear,False,0.0,False,False,0.801,Severe,13.7,60.0,588.0,0.288,0.666,0.947,Heavy congestion detected - signal timing extended and reroute suggested
EVT421324,2026-03-12 20:45:31,Concert,J009,Majestic,18172,Weekday,False,Clear,False,0.0,False,False,0.621,High,25.1,44.0,104.4,0.067,0.156,0.955,Moderate traffic flow - standard adaptive signal timing in effect
EVT421325,2025-04-23 07:19:23,Concert,J040,City Market,13035,Weekday,False,Clear,False,0.0,False,False,0.564,High,20.5,41.4,234.3,0.143,0.329,0.969,Moderate traffic flow - standard adaptive signal timing in effect
EVT421326,2026-05-18 14:43:17,Political Rally,J012,Koramangala Sony World,24753,Weekday,False,Clear,False,0.0,False,False,0.31,Low,33.9,13.3,164.4,0.154,0.355,0.971,Moderate traffic flow - standard adaptive signal timing in effect
EVT421327,2025-02-03 12:44:13,Sports Fixture,J040,City Market,12906,Weekday,False,Clear,False,0.0,False,False,0.224,Low,37.6,15.8,76.4,0.081,0.187,0.956,Normal free-flow traffic - standard signal timing maintained
EVT421328,2025-09-27 20:11:21,Sports Fixture,J011,Indiranagar 100ft Road,12994,Weekend,False,Clear,False,0.0,False,False,0.681,High,14.8,48.6,186.3,0.087,0.201,0.956,Moderate traffic flow - standard adaptive signal timing in effect
EVT421329,2026-04-01 08:13:58,Local Market Day,J023,Basavanagudi,3778,Weekday,False,Clear,False,0.0,False,False,0.855,Severe,13.4,60.8,413.5,0.189,0.437,0.95,Heavy congestion detected - signal timing extended and reroute suggested
EVT421330,2026-06-25 16:17:09,Sports Fixture,J011,Indiranagar 100ft Road,11375,Weekday,False,Clear,False,0.0,False,False,0.533,Moderate,25.6,40.4,193.3,0.145,0.335,0.97,Moderate traffic flow - standard adaptive signal timing in effect
EVT421331,2025-12-08 20:15:59,Political Rally,J011,Indiranagar 100ft Road,12119,Weekday,False,Clear,False,0.0,False,False,0.608,High,20.2,43.0,266.6,0.161,0.372,0.981,Moderate traffic flow - standard adaptive signal timing in effect
EVT421332,2025-12-10 03:17:39,Trade Fair,J023,Basavanagudi,6869,Weekday,False,Clear,False,0.0,False,False,0.14,Low,40.5,6.5,100.9,0.098,0.227,0.954,Normal free-flow traffic - standard signal timing maintained
EVT421333,2026-02-14 20:20:03,Concert,J020,Malleshwaram Circle,11442,Weekend,False,Clear,False,0.0,False,False,0.623,High,24.2,42.3,308.3,0.235,0.542,0.972,Moderate traffic flow - standard adaptive signal timing in effect
EVT421334,2026-02-14 08:54:31,Trade Fair,J040,City Market,14551,Weekend,False,Clear,False,0.0,False,False,0.959,Severe,8.5,65.6,417.8,0.147,0.339,0.942,Heavy congestion detected - signal timing extended and reroute suggested
EVT421335,2025-12-20 20:51:29,Sports Fixture,J030,MG Road,25235,Weekend,False,Clear,False,0.0,False,False,0.549,Moderate,24.5,45.6,230.7,0.187,0.433,0.96,Moderate traffic flow - standard adaptive signal timing in effect
EVT421336,2025-04-01 05:19:17,Local Market Day,J011,Indiranagar 100ft Road,3491,Weekday,False,Clear,False,0.0,False,False,0.217,Low,30.1,14.2,182.3,0.146,0.336,0.935,Normal free-flow traffic - standard signal timing maintained
EVT421337,2025-09-24 17:33:40,Concert,J009,Majestic,11666,Weekday,False,Clear,False,0.0,False,False,0.935,Severe,13.6,63.7,564.5,0.301,0.694,0.929,Heavy congestion detected - signal timing extended and reroute suggested
EVT421338,2025-05-21 09:42:40,Sports Fixture,J012,Koramangala Sony World,18245,Weekday,False,Rain,True,12.1,False,False,1.0,Severe,7.5,77.4,356.9,0.101,0.233,0.85,Heavy rain reducing visibility and grip - reduced speed and longer buffer advised
EVT421339,2025-06-04 08:50:40,Concert,J011,Indiranagar 100ft Road,13258,Weekday,False,Clear,False,0.0,False,False,1.0,Severe,8.9,71.9,482.7,0.166,0.383,0.913,Heavy congestion detected - signal timing extended and reroute suggested
EVT421340,2026-01-06 09:53:33,Trade Fair,J011,Indiranagar 100ft Road,14915,Weekday,False,Clear,False,0.0,False,False,0.92,Severe,10.4,66.6,432.9,0.186,0.429,0.956,Heavy congestion detected - signal timing extended and reroute suggested
EVT421341,2026-06-13 11:48:47,Political Rally,J040,City Market,16381,Weekend,False,Heavy Rain,True,27.9,False,False,0.608,High,28.6,45.7,176.0,0.137,0.317,0.914,Heavy rain reducing visibility and grip - reduced speed and longer buffer advised
EVT421342,2025-06-17 07:56:48,Trade Fair,J009,Majestic,6516,Weekday,False,Clear,False,0.0,False,False,0.794,Severe,11.8,62.6,400.0,0.177,0.409,0.963,Heavy congestion detected - signal timing extended and reroute suggested
EVT421343,2025-10-10 07:08:20,Local Market Day,J040,City Market,4105,Weekday,False,Clear,False,0.0,False,False,0.49,Moderate,28.4,37.8,150.0,0.13,0.301,0.98,Moderate traffic flow - standard adaptive signal timing in effect
EVT421344,2025-12-08 08:29:46,Concert,J009,Majestic,10545,Weekday,False,Clear,False,0.0,False,False,0.994,Severe,9.0,72.8,530.7,0.18,0.415,0.918,Heavy congestion detected - signal timing extended and reroute suggested
EVT421345,2025-01-30 18:45:58,Concert,J031,Cubbon Road,13479,Weekday,False,Clear,False,0.0,False,False,1.0,Severe,8.1,75.7,485.0,0.159,0.368,0.92,Heavy congestion detected - signal timing extended and reroute suggested
EVT421346,2025-12-04 12:13:00,Local Market Day,J023,Basavanagudi,3797,Weekday,False,Clear,False,0.0,False,False,0.245,Low,24.5,15.7,103.1,0.071,0.163,0.978,Normal free-flow traffic - standard signal timing maintained
EVT421347,2025-04-02 19:40:02,Concert,J020,Malleshwaram Circle,6911,Weekday,False,Clear,False,0.0,False,False,0.842,Severe,16.8,56.4,342.0,0.195,0.45,0.923,Heavy congestion detected - signal timing extended and reroute suggested
EVT421348,2026-02-05 14:28:34,Local Market Day,J040,City Market,5060,Weekday,False,Clear,False,0.0,False,False,0.147,Low,35.0,13.2,105.1,0.086,0.198,0.958,Normal free-flow traffic - standard signal timing maintained
EVT421349,2025-04-01 19:02:29,Trade Fair,J020,Malleshwaram Circle,10856,Weekday,False,Clear,False,0.0,False,False,0.999,Severe,8.8,66.3,904.9,0.328,0.757,0.936,Heavy congestion detected - signal timing extended and reroute suggested
EVT421350,2025-10-28 07:15:22,Trade Fair,J020,Malleshwaram Circle,10869,Weekday,False,Rain,True,14.9,False,False,0.746,High,18.0,55.7,277.1,0.176,0.406,0.919,Heavy rain reducing visibility and grip - reduced speed and longer buffer advised
EVT421351,2025-06-07 16:39:10,Concert,J023,Basavanagudi,13035,Weekend,False,Clear,False,0.0,False,False,0.672,High,15.1,45.5,218.5,0.121,0.279,0.958,Moderate traffic flow - standard adaptive signal timing in effect
EVT421352,2026-03-21 12:52:01,Trade Fair,J030,MG Road,7506,Weekend,False,Clear,False,0.0,False,False,0.313,Low,38.1,25.5,96.9,0.087,0.201,0.965,Moderate traffic flow - standard adaptive signal timing in effect
EVT421353,2025-04-06 00:58:16,Religious Festival,J030,MG Road,39396,Weekend,True,Fog,False,0.0,False,True,0.822,High,13.7,80.5,287.3,0.14,0.324,0.902,Road closure for event/procession - full detour recommended for through-traffic
EVT421354,2026-01-08 16:38:18,Local Market Day,J020,Malleshwaram Circle,4060,Weekday,False,Clear,False,0.0,False,False,0.577,High,19.5,38.2,228.8,0.137,0.317,0.933,Moderate traffic flow - standard adaptive signal timing in effect
EVT421355,2026-03-06 08:01:44,Local Market Day,J031,Cubbon Road,2133,Weekday,False,Clear,False,0.0,False,False,0.863,Severe,13.4,63.3,245.4,0.104,0.24,0.955,Heavy congestion detected - signal timing extended and reroute suggested
EVT421356,2026-01-25 13:13:31,Sports Fixture,J031,Cubbon Road,26277,Weekend,False,Clear,False,0.0,False,False,0.334,Low,20.6,26.7,231.7,0.146,0.337,0.98,Moderate traffic flow - standard adaptive signal timing in effect
EVT421357,2026-03-10 13:16:04,Concert,J030,MG Road,25806,Weekday,False,Clear,False,0.0,False,False,0.205,Low,34.1,15.0,137.8,0.117,0.27,0.955,Normal free-flow traffic - standard signal timing maintained
EVT421358,2025-07-28 13:24:54,Local Market Day,J031,Cubbon Road,2385,Weekday,False,Heavy Rain,True,88.2,False,False,0.498,Moderate,24.8,27.7,322.5,0.254,0.587,0.9,Light rain detected - minor speed reduction advised
EVT421359,2025-10-15 17:57:48,Local Market Day,J011,Indiranagar 100ft Road,4438,Weekday,False,Clear,False,0.0,False,False,1.0,Severe,9.2,66.1,548.8,0.209,0.483,0.911,Heavy congestion detected - signal timing extended and reroute suggested
EVT421360,2026-01-02 16:55:23,Religious Festival,J011,Indiranagar 100ft Road,72430,Weekday,True,Clear,False,0.0,False,True,1.0,Severe,8.5,93.9,552.0,0.208,0.48,0.845,Road closure for event/procession - full detour recommended for through-traffic
EVT421361,2025-09-18 07:01:46,Sports Fixture,J020,Malleshwaram Circle,20376,Weekday,False,Heavy Rain,True,39.1,False,False,0.866,Severe,11.1,64.3,499.4,0.224,0.518,0.905,Heavy rain reducing visibility and grip - reduced speed and longer buffer advised
EVT421362,2025-03-09 06:41:26,Trade Fair,J012,Koramangala Sony World,10857,Weekend,False,Clear,False,0.0,False,False,0.396,Moderate,25.8,30.1,67.2,0.035,0.08,0.934,Moderate traffic flow - standard adaptive signal timing in effect
EVT421363,2025-04-23 13:15:07,Sports Fixture,J011,Indiranagar 100ft Road,36087,Weekday,False,Clear,False,0.0,False,False,0.286,Low,30.9,18.6,169.2,0.139,0.322,0.971,Moderate traffic flow - standard adaptive signal timing in effect
EVT421364,2026-03-15 08:35:40,Concert,J030,MG Road,22173,Weekend,False,Clear,False,0.0,False,False,1.0,Severe,7.3,68.9,667.9,0.208,0.481,0.925,Heavy congestion detected - signal timing extended and reroute suggested
EVT421365,2025-06-11 18:30:38,Local Market Day,J030,MG Road,4804,Weekday,False,Clear,False,0.0,False,False,1.0,Severe,8.0,66.2,699.7,0.226,0.522,0.924,Heavy congestion detected - signal timing extended and reroute suggested
EVT421366,2025-04-10 19:23:06,Concert,J023,Basavanagudi,9880,Weekday,False,Clear,False,0.0,False,False,0.911,Severe,8.5,65.7,473.7,0.171,0.394,0.94,Heavy congestion detected - signal timing extended and reroute suggested
EVT421367,2025-05-10 07:29:32,Political Rally,J011,Indiranagar 100ft Road,10130,Weekend,False,Rain,True,18.1,False,False,0.804,Severe,14.5,56.8,338.9,0.169,0.389,0.902,Heavy rain reducing visibility and grip - reduced speed and longer buffer advised
EVT421368,2025-08-31 12:08:16,Concert,J030,MG Road,14923,Weekend,False,Clear,False,0.0,False,False,0.512,Moderate,24.8,32.2,246.5,0.203,0.469,0.99,Moderate traffic flow - standard adaptive signal timing in effect
EVT421369,2026-06-07 12:13:59,Concert,J011,Indiranagar 100ft Road,7816,Weekend,False,Rain,True,11.6,False,False,0.432,Moderate,31.9,32.5,105.8,0.093,0.215,0.902,Light rain detected - minor speed reduction advised
EVT421370,2026-02-01 07:53:45,Local Market Day,J009,Majestic,4368,Weekend,False,Clear,False,0.0,False,False,0.66,High,21.8,39.2,242.7,0.156,0.36,0.957,Moderate traffic flow - standard adaptive signal timing in effect
EVT421371,2026-05-12 10:55:17,Concert,J023,Basavanagudi,19502,Weekday,False,Clear,False,0.0,False,False,0.591,High,24.5,38.6,114.3,0.077,0.178,0.953,Moderate traffic flow - standard adaptive signal timing in effect
EVT421372,2025-08-29 10:09:15,Local Market Day,J020,Malleshwaram Circle,2363,Weekday,False,Clear,False,0.0,False,False,0.704,High,16.7,50.9,358.9,0.204,0.47,0.97,Moderate traffic flow - standard adaptive signal timing in effect
EVT421373,2025-01-03 08:23:02,Local Market Day,J020,Malleshwaram Circle,3925,Weekday,False,Clear,False,0.0,False,False,0.97,Severe,8.4,70.0,501.8,0.178,0.411,0.924,Heavy congestion detected - signal timing extended and reroute suggested
EVT421374,2025-03-17 20:40:11,Trade Fair,J020,Malleshwaram Circle,11888,Weekday,False,Clear,False,0.0,False,False,0.634,High,23.8,42.1,109.6,0.076,0.175,0.964,Moderate traffic flow - standard adaptive signal timing in effect
EVT421375,2025-10-05 07:19:38,Sports Fixture,J040,City Market,23052,Weekend,False,Light Rain,True,6.5,False,False,0.802,Severe,14.6,59.2,247.2,0.129,0.298,0.907,Heavy rain reducing visibility and grip - reduced speed and longer buffer advised
EVT421376,2025-01-04 17:58:52,Concert,J009,Majestic,8412,Weekend,False,Clear,False,0.0,False,False,0.804,Severe,15.5,61.6,482.9,0.237,0.548,0.985,Heavy congestion detected - signal timing extended and reroute suggested
EVT421377,2025-02-02 09:58:22,Trade Fair,J030,MG Road,5715,Weekend,False,Clear,False,0.0,False,False,0.749,High,21.2,51.3,300.6,0.207,0.477,0.98,Moderate traffic flow - standard adaptive signal timing in effect
EVT421378,2025-05-05 18:26:49,Political Rally,J031,Cubbon Road,13557,Weekday,False,Clear,False,0.0,False,False,1.0,Severe,7.8,76.4,773.6,0.222,0.514,0.905,Heavy congestion detected - signal timing extended and reroute suggested
EVT421379,2025-05-10 09:28:27,Local Market Day,J020,Malleshwaram Circle,3769,Weekend,False,Clear,False,0.0,False,False,0.811,Severe,16.3,62.2,270.8,0.151,0.349,0.94,Heavy congestion detected - signal timing extended and reroute suggested
EVT421380,2026-04-18 18:26:49,Local Market Day,J012,Koramangala Sony World,4305,Weekend,False,Light Rain,True,3.1,False,False,0.836,Severe,14.9,61.3,394.9,0.207,0.477,0.885,Heavy rain reducing visibility and grip - reduced speed and longer buffer advised
EVT421381,2025-04-22 16:34:47,Trade Fair,J031,Cubbon Road,15765,Weekday,False,Clear,False,0.0,False,False,0.679,High,18.0,48.9,444.7,0.269,0.622,0.949,Moderate traffic flow - standard adaptive signal timing in effect
EVT421382,2026-03-10 08:16:18,Concert,J011,Indiranagar 100ft Road,14378,Weekday,False,Clear,False,0.0,False,False,0.909,Severe,11.2,62.3,523.1,0.239,0.552,0.948,Heavy congestion detected - signal timing extended and reroute suggested
EVT421383,2026-01-11 10:35:46,Sports Fixture,J020,Malleshwaram Circle,23963,Weekend,False,Clear,False,0.0,False,False,0.704,High,15.0,45.7,195.7,0.114,0.263,0.969,Moderate traffic flow - standard adaptive signal timing in effect
EVT421384,2026-01-06 14:29:35,Political Rally,J020,Malleshwaram Circle,16071,Weekday,False,Clear,False,0.0,False,False,0.321,Low,22.0,23.6,175.7,0.114,0.262,0.967,Moderate traffic flow - standard adaptive signal timing in effect
EVT421385,2025-01-17 21:00:55,Concert,J012,Koramangala Sony World,9767,Weekday,False,Clear,False,0.0,False,False,0.541,Moderate,21.6,36.8,289.7,0.191,0.442,0.958,Moderate traffic flow - standard adaptive signal timing in effect
EVT421386,2025-05-28 08:48:41,Concert,J011,Indiranagar 100ft Road,9659,Weekday,False,Clear,False,0.0,False,False,1.0,Severe,7.4,69.6,713.9,0.216,0.499,0.89,Heavy congestion detected - signal timing extended and reroute suggested
EVT421387,2025-08-28 23:25:02,Religious Festival,J011,Indiranagar 100ft Road,69108,Weekday,True,Light Rain,True,3.6,False,True,0.987,Severe,8.4,93.5,803.7,0.305,0.705,0.805,Road closure for event/procession - full detour recommended for through-traffic
EVT421388,2026-05-13 19:34:32,Local Market Day,J012,Koramangala Sony World,5926,Weekday,False,Clear,False,0.0,False,False,0.83,Severe,15.2,62.0,362.1,0.189,0.436,0.954,Heavy congestion detected - signal timing extended and reroute suggested
EVT421389,2025-11-28 08:41:57,Local Market Day,J009,Majestic,2275,Weekday,False,Rain,True,17.8,False,False,1.0,Severe,7.4,72.6,648.3,0.206,0.476,0.868,Heavy rain reducing visibility and grip - reduced speed and longer buffer advised
EVT421390,2026-06-22 11:45:49,Political Rally,J040,City Market,14506,Weekday,False,Rain,True,10.1,False,False,0.447,Moderate,28.9,33.7,146.4,0.112,0.258,0.92,Light rain detected - minor speed reduction advised
EVT421391,2026-02-17 15:12:57,Political Rally,J012,Koramangala Sony World,16914,Weekday,False,Clear,False,0.0,False,False,0.346,Low,28.9,29.0,141.8,0.111,0.256,0.957,Moderate traffic flow - standard adaptive signal timing in effect
EVT421392,2025-01-27 16:30:37,Fireworks Display,J012,Koramangala Sony World,23532,Weekday,True,Clear,False,0.0,False,False,0.941,Severe,9.6,70.3,845.6,0.295,0.683,0.89,Festival crowd surge detected - alternate route and extended cycle recommended
EVT421393,2025-09-30 16:34:19,Concert,J011,Indiranagar 100ft Road,11098,Weekday,False,Heavy Rain,True,109.9,False,False,1.0,Severe,6.7,66.6,464.2,0.155,0.359,0.877,Heavy rain reducing visibility and grip - reduced speed and longer buffer advised
EVT421394,2025-11-03 19:28:31,Sports Fixture,J023,Basavanagudi,39076,Weekday,False,Clear,False,0.0,False,False,1.0,Severe,6.3,74.9,848.6,0.21,0.486,0.92,Heavy congestion detected - signal timing extended and reroute suggested
EVT421395,2026-06-22 20:46:31,Political Rally,J040,City Market,13671,Weekday,False,Rain,True,10.7,False,False,0.763,Severe,16.6,51.4,338.8,0.208,0.48,0.909,Heavy rain reducing visibility and grip - reduced speed and longer buffer advised
EVT421396,2025-10-25 18:21:28,Trade Fair,J031,Cubbon Road,8956,Weekend,False,Clear,False,0.0,False,False,0.905,Severe,9.9,66.3,480.7,0.184,0.426,0.937,Heavy congestion detected - signal timing extended and reroute suggested
EVT421397,2026-03-21 20:43:52,Concert,J009,Majestic,11341,Weekend,False,Clear,False,0.0,False,False,0.603,High,20.5,42.8,157.8,0.113,0.262,0.959,Moderate traffic flow - standard adaptive signal timing in effect
EVT421398,2025-08-23 06:21:24,Sports Fixture,J009,Majestic,13174,Weekend,False,Heavy Rain,True,34.5,False,False,0.665,High,19.8,47.2,193.1,0.13,0.301,0.932,Heavy rain reducing visibility and grip - reduced speed and longer buffer advised
EVT421399,2025-02-19 22:13:34,Concert,J031,Cubbon Road,11421,Weekday,False,Clear,False,0.0,False,False,0.22,Low,29.7,18.2,135.9,0.102,0.235,0.977,Normal free-flow traffic - standard signal timing maintained
EVT421400,2025-01-07 18:48:41,Trade Fair,J023,Basavanagudi,11955,Weekday,False,Clear,False,0.0,False,False,1.0,Severe,8.3,70.7,1006.8,0.33,0.761,0.924,Heavy congestion detected - signal timing extended and reroute suggested
EVT421401,2026-05-16 19:16:27,Local Market Day,J030,MG Road,3573,Weekend,False,Rain,True,8.3,False,False,0.89,Severe,12.4,62.5,496.7,0.227,0.525,0.85,Heavy rain reducing visibility and grip - reduced speed and longer buffer advised
EVT421402,2025-11-01 19:11:26,Cultural Procession,J031,Cubbon Road,20923,Weekend,True,Clear,False,0.0,False,False,1.0,Severe,7.2,65.9,771.0,0.24,0.553,0.849,Festival crowd surge detected - alternate route and extended cycle recommended
EVT421403,2025-09-10 19:20:46,Local Market Day,J031,Cubbon Road,2472,Weekday,False,Rain,True,23.1,False,False,1.0,Severe,8.0,67.4,591.9,0.195,0.45,0.85,Heavy rain reducing visibility and grip - reduced speed and longer buffer advised
EVT421404,2026-04-01 16:54:29,Local Market Day,J012,Koramangala Sony World,4051,Weekday,False,Clear,False,0.0,False,False,0.717,High,18.6,48.0,210.5,0.124,0.287,0.955,Moderate traffic flow - standard adaptive signal timing in effect
EVT421405,2025-01-04 18:16:06,Sports Fixture,J023,Basavanagudi,14379,Weekend,False,Clear,False,0.0,False,False,0.892,Severe,10.9,58.0,470.9,0.209,0.483,0.947,Heavy congestion detected - signal timing extended and reroute suggested
EVT421406,2025-11-25 13:02:13,Trade Fair,J031,Cubbon Road,12024,Weekday,False,Clear,False,0.0,False,False,0.313,Low,26.9,22.5,164.8,0.134,0.31,0.986,Moderate traffic flow - standard adaptive signal timing in effect
EVT421407,2025-02-05 09:04:48,Concert,J040,City Market,8433,Weekday,False,Clear,False,0.0,False,False,1.0,Severe,10.9,72.4,496.1,0.224,0.517,0.905,Heavy congestion detected - signal timing extended and reroute suggested
EVT421408,2025-06-05 22:28:04,Sports Fixture,J023,Basavanagudi,31416,Weekday,False,Clear,False,0.0,False,False,0.438,Moderate,25.1,32.5,197.6,0.143,0.331,0.978,Moderate traffic flow - standard adaptive signal timing in effect
EVT421409,2025-04-09 18:06:07,Political Rally,J023,Basavanagudi,11586,Weekday,False,Clear,False,0.0,False,False,0.989,Severe,6.3,72.5,1304.6,0.312,0.721,0.916,Heavy congestion detected - signal timing extended and reroute suggested
EVT421410,2026-02-25 10:14:55,Sports Fixture,J030,MG Road,21375,Weekday,False,Light Rain,True,1.7,False,False,0.852,Severe,11.5,61.2,302.5,0.13,0.3,0.898,Heavy rain reducing visibility and grip - reduced speed and longer buffer advised
EVT421411,2025-12-02 17:38:23,Local Market Day,J012,Koramangala Sony World,4184,Weekday,False,Clear,False,0.0,False,False,0.874,Severe,15.4,65.1,214.2,0.109,0.251,0.943,Heavy congestion detected - signal timing extended and reroute suggested
EVT421412,2026-01-15 18:29:42,Cultural Procession,J023,Basavanagudi,19975,Weekday,True,Clear,False,0.0,False,True,1.0,Severe,7.7,102.1,695.6,0.224,0.517,0.829,Road closure for event/procession - full detour recommended for through-traffic
EVT421413,2026-04-11 16:25:59,Concert,J031,Cubbon Road,15199,Weekend,False,Clear,False,0.0,False,False,0.544,Moderate,25.4,35.2,159.5,0.124,0.287,0.949,Moderate traffic flow - standard adaptive signal timing in effect
EVT421414,2025-07-23 09:30:35,Trade Fair,J031,Cubbon Road,7709,Weekday,False,Clear,False,0.0,False,False,0.945,Severe,10.4,70.0,231.7,0.117,0.27,0.904,Heavy congestion detected - signal timing extended and reroute suggested
EVT421415,2025-08-21 19:34:12,Local Market Day,J023,Basavanagudi,5612,Weekday,False,Rain,True,16.8,False,False,1.0,Severe,9.4,70.0,607.0,0.241,0.558,0.834,Heavy rain reducing visibility and grip - reduced speed and longer buffer advised
EVT421416,2025-08-07 11:20:55,Local Market Day,J040,City Market,1712,Weekday,False,Rain,True,15.3,False,False,0.54,Moderate,22.2,38.6,186.6,0.124,0.286,0.926,Light rain detected - minor speed reduction advised
EVT421417,2025-11-07 08:39:25,Local Market Day,J023,Basavanagudi,4872,Weekday,False,Clear,False,0.0,False,False,1.0,Severe,8.3,72.8,694.3,0.23,0.532,0.92,Heavy congestion detected - signal timing extended and reroute suggested
EVT421418,2025-01-03 19:58:02,Sports Fixture,J012,Koramangala Sony World,26987,Weekday,False,Clear,False,0.0,False,False,0.901,Severe,12.4,62.8,336.8,0.168,0.387,0.929,Heavy congestion detected - signal timing extended and reroute suggested
EVT421419,2025-04-12 23:13:36,Local Market Day,J012,Koramangala Sony World,7472,Weekend,False,Clear,False,0.0,False,False,0.272,Low,26.2,12.0,178.7,0.127,0.292,0.942,Moderate traffic flow - standard adaptive signal timing in effect
EVT421420,2025-12-10 17:27:50,Political Rally,J030,MG Road,23973,Weekday,False,Clear,False,0.0,False,False,0.952,Severe,8.1,72.9,743.5,0.217,0.5,0.925,Heavy congestion detected - signal timing extended and reroute suggested
EVT421421,2025-02-24 18:54:16,Trade Fair,J009,Majestic,10644,Weekday,False,Clear,False,0.0,False,False,1.0,Severe,6.8,69.3,723.6,0.195,0.451,0.908,Heavy congestion detected - signal timing extended and reroute suggested
EVT421422,2026-05-15 07:47:14,Sports Fixture,J031,Cubbon Road,31909,Weekday,False,Clear,False,0.0,False,False,0.933,Severe,10.5,68.4,392.2,0.148,0.342,0.926,Heavy congestion detected - signal timing extended and reroute suggested
EVT421423,2026-05-29 13:51:42,Local Market Day,J030,MG Road,2382,Weekday,False,Clear,False,0.0,False,False,0.054,Low,35.5,2.0,143.0,0.094,0.216,0.965,Normal free-flow traffic - standard signal timing maintained
EVT421424,2025-02-11 11:52:39,Political Rally,J012,Koramangala Sony World,22955,Weekday,False,Clear,False,0.0,False,False,0.378,Moderate,28.4,19.5,81.2,0.076,0.175,0.99,Moderate traffic flow - standard adaptive signal timing in effect
EVT421425,2025-01-29 12:03:41,Local Market Day,J040,City Market,3276,Weekday,False,Clear,False,0.0,False,False,0.278,Low,35.3,20.2,137.4,0.114,0.263,0.965,Moderate traffic flow - standard adaptive signal timing in effect
EVT421426,2026-02-02 19:32:25,Sports Fixture,J023,Basavanagudi,26372,Weekday,False,Clear,False,0.0,False,False,0.906,Severe,11.6,66.9,512.5,0.214,0.495,0.941,Heavy congestion detected - signal timing extended and reroute suggested
EVT421427,2026-05-18 19:52:08,Local Market Day,J031,Cubbon Road,2666,Weekday,False,Clear,False,0.0,False,False,0.747,High,19.1,51.8,260.7,0.177,0.41,0.973,Moderate traffic flow - standard adaptive signal timing in effect
EVT421428,2025-02-23 20:30:01,Concert,J023,Basavanagudi,13586,Weekend,False,Clear,False,0.0,False,False,0.537,Moderate,23.3,38.6,230.0,0.165,0.381,0.966,Moderate traffic flow - standard adaptive signal timing in effect
EVT421429,2026-01-19 16:32:31,Concert,J020,Malleshwaram Circle,9995,Weekday,False,Clear,False,0.0,False,False,0.563,High,24.6,36.4,220.0,0.164,0.379,0.96,Moderate traffic flow - standard adaptive signal timing in effect
EVT421430,2025-04-05 23:27:18,Local Market Day,J030,MG Road,2589,Weekend,False,Clear,False,0.0,False,False,0.268,Low,24.5,22.9,157.5,0.106,0.244,0.971,Moderate traffic flow - standard adaptive signal timing in effect
EVT421431,2025-09-01 12:31:49,Concert,J023,Basavanagudi,15012,Weekday,False,Clear,False,0.0,False,False,0.276,Low,33.1,21.3,205.0,0.181,0.419,0.979,Moderate traffic flow - standard adaptive signal timing in effect
EVT421432,2025-08-05 22:08:53,Local Market Day,J012,Koramangala Sony World,3045,Weekday,False,Heavy Rain,True,69.2,False,False,0.477,Moderate,26.5,34.3,244.3,0.198,0.456,0.909,Light rain detected - minor speed reduction advised
EVT421433,2025-10-09 15:45:29,Concert,J009,Majestic,8504,Weekday,False,Clear,False,0.0,False,False,0.467,Moderate,27.9,32.7,155.3,0.109,0.252,0.963,Moderate traffic flow - standard adaptive signal timing in effect
EVT421434,2025-09-22 17:15:43,Political Rally,J023,Basavanagudi,29737,Weekday,False,Clear,False,0.0,False,False,0.978,Severe,8.8,70.1,568.4,0.204,0.472,0.905,Heavy congestion detected - signal timing extended and reroute suggested
EVT421435,2025-07-20 06:11:51,Sports Fixture,J040,City Market,13383,Weekend,False,Clear,False,0.0,False,False,0.3,Low,30.6,28.1,139.3,0.104,0.24,0.965,Moderate traffic flow - standard adaptive signal timing in effect
EVT421436,2026-02-08 07:48:41,Trade Fair,J023,Basavanagudi,6060,Weekend,False,Clear,False,0.0,False,False,0.641,High,18.6,44.3,209.4,0.12,0.277,0.954,Moderate traffic flow - standard adaptive signal timing in effect
EVT421437,2026-01-28 10:28:47,Concert,J023,Basavanagudi,13381,Weekday,False,Clear,False,0.0,False,False,0.686,High,15.3,47.5,397.4,0.214,0.494,0.987,Moderate traffic flow - standard adaptive signal timing in effect
EVT421438,2025-03-31 07:46:44,Fireworks Display,J011,Indiranagar 100ft Road,26670,Weekday,True,Clear,False,0.0,False,False,1.0,Severe,7.4,68.8,347.8,0.12,0.277,0.852,Festival crowd surge detected - alternate route and extended cycle recommended
EVT421439,2025-03-13 18:54:21,Trade Fair,J030,MG Road,16674,Weekday,False,Light Rain,True,6.3,False,False,1.0,Severe,6.3,77.1,868.3,0.207,0.479,0.879,Heavy rain reducing visibility and grip - reduced speed and longer buffer advised
EVT421440,2025-07-27 07:54:09,Sports Fixture,J031,Cubbon Road,9876,Weekend,False,Clear,False,0.0,False,False,0.683,High,19.8,49.0,218.8,0.15,0.347,0.968,Moderate traffic flow - standard adaptive signal timing in effect
EVT421441,2025-08-26 15:07:48,Local Market Day,J020,Malleshwaram Circle,4301,Weekday,False,Rain,True,12.9,False,False,0.469,Moderate,20.6,33.0,137.3,0.076,0.175,0.911,Light rain detected - minor speed reduction advised
EVT421442,2026-02-14 09:23:24,Sports Fixture,J011,Indiranagar 100ft Road,26427,Weekend,False,Clear,False,0.0,False,False,1.0,Severe,8.8,70.0,641.6,0.228,0.527,0.916,Heavy congestion detected - signal timing extended and reroute suggested
EVT421443,2025-01-12 07:53:04,Sports Fixture,J020,Malleshwaram Circle,17960,Weekend,False,Clear,False,0.0,False,False,0.756,Severe,21.1,53.7,201.3,0.135,0.313,0.969,Heavy congestion detected - signal timing extended and reroute suggested
EVT421444,2025-04-24 13:04:07,Trade Fair,J020,Malleshwaram Circle,7295,Weekday,False,Clear,False,0.0,False,False,0.214,Low,33.2,13.3,186.2,0.166,0.383,0.965,Normal free-flow traffic - standard signal timing maintained
EVT421445,2025-12-12 09:33:36,Concert,J011,Indiranagar 100ft Road,12407,Weekday,False,Clear,False,0.0,False,False,1.0,Severe,10.7,65.1,317.6,0.144,0.334,0.91,Heavy congestion detected - signal timing extended and reroute suggested
EVT421446,2025-08-19 18:07:05,Sports Fixture,J031,Cubbon Road,18124,Weekday,False,Fog,False,0.0,False,False,1.0,Severe,6.4,76.4,783.6,0.185,0.427,0.912,Heavy congestion detected - signal timing extended and reroute suggested
EVT421447,2025-05-24 23:48:53,Local Market Day,J023,Basavanagudi,4982,Weekend,False,Clear,False,0.0,False,False,0.28,Low,31.4,26.3,166.4,0.136,0.313,0.969,Moderate traffic flow - standard adaptive signal timing in effect
EVT421448,2025-05-19 08:43:04,Local Market Day,J023,Basavanagudi,3328,Weekday,False,Clear,False,0.0,False,False,0.967,Severe,9.0,71.5,389.1,0.14,0.324,0.912,Heavy congestion detected - signal timing extended and reroute suggested
EVT421449,2026-05-03 08:12:48,Sports Fixture,J009,Majestic,36872,Weekend,False,Clear,False,0.0,False,False,1.0,Severe,9.7,70.8,535.2,0.219,0.506,0.891,Heavy congestion detected - signal timing extended and reroute suggested
EVT421450,2026-05-27 17:51:48,Local Market Day,J009,Majestic,4165,Weekday,False,Light Rain,True,0.9,False,False,1.0,Severe,10.1,74.2,668.8,0.257,0.595,0.841,Heavy rain reducing visibility and grip - reduced speed and longer buffer advised
EVT421451,2025-10-09 23:28:33,Political Rally,J030,MG Road,27532,Weekday,False,Clear,False,0.0,False,False,0.274,Low,32.1,21.7,131.7,0.109,0.252,0.983,Moderate traffic flow - standard adaptive signal timing in effect
EVT421452,2025-04-21 07:09:18,Sports Fixture,J031,Cubbon Road,19901,Weekday,False,Clear,False,0.0,False,False,0.618,High,22.5,44.0,295.4,0.234,0.541,0.969,Moderate traffic flow - standard adaptive signal timing in effect
EVT421453,2026-01-31 15:53:50,Trade Fair,J023,Basavanagudi,11318,Weekend,False,Clear,False,0.0,False,False,0.432,Moderate,23.3,29.1,202.5,0.123,0.284,0.99,Moderate traffic flow - standard adaptive signal timing in effect
EVT421454,2025-01-07 19:52:59,Trade Fair,J023,Basavanagudi,6476,Weekday,False,Clear,False,0.0,False,False,0.819,Severe,15.5,57.2,246.1,0.114,0.262,0.936,Heavy congestion detected - signal timing extended and reroute suggested
EVT421455,2025-02-01 15:16:56,Sports Fixture,J009,Majestic,30341,Weekend,False,Clear,False,0.0,False,False,0.477,Moderate,31.6,31.7,192.5,0.188,0.435,0.945,Moderate traffic flow - standard adaptive signal timing in effect
EVT421456,2025-09-07 21:45:40,Local Market Day,J031,Cubbon Road,5458,Weekend,False,Clear,False,0.0,False,False,0.294,Low,32.4,26.4,141.0,0.125,0.289,0.946,Moderate traffic flow - standard adaptive signal timing in effect
EVT421457,2025-05-28 08:37:06,Sports Fixture,J030,MG Road,7470,Weekday,False,Light Rain,True,2.6,False,False,1.0,Severe,9.1,68.8,536.5,0.226,0.522,0.869,Heavy rain reducing visibility and grip - reduced speed and longer buffer advised
EVT421458,2025-05-05 09:39:07,Trade Fair,J009,Majestic,12971,Weekday,False,Clear,False,0.0,False,False,1.0,Severe,10.5,76.3,380.0,0.164,0.378,0.911,Heavy congestion detected - signal timing extended and reroute suggested
EVT421459,2026-05-03 23:06:36,Sports Fixture,J020,Malleshwaram Circle,22793,Weekend,False,Clear,False,0.0,False,False,0.299,Low,32.2,22.0,218.9,0.196,0.454,0.952,Moderate traffic flow - standard adaptive signal timing in effect
EVT421460,2025-10-07 10:01:01,Trade Fair,J030,MG Road,9794,Weekday,False,Clear,False,0.0,False,False,0.833,Severe,17.6,57.7,392.5,0.235,0.543,0.944,Heavy congestion detected - signal timing extended and reroute suggested
EVT421461,2025-06-23 17:24:43,Concert,J012,Koramangala Sony World,8480,Weekday,False,Clear,False,0.0,False,False,0.886,Severe,13.8,65.8,437.6,0.209,0.482,0.944,Heavy congestion detected - signal timing extended and reroute suggested
EVT421462,2026-03-29 08:51:44,Local Market Day,J030,MG Road,2308,Weekend,False,Clear,False,0.0,False,False,0.875,Severe,14.8,64.5,260.1,0.143,0.329,0.941,Heavy congestion detected - signal timing extended and reroute suggested
EVT421463,2026-05-08 14:45:12,Political Rally,J009,Majestic,17106,Weekday,False,Rain,True,23.6,False,False,0.546,Moderate,29.1,36.9,255.6,0.216,0.5,0.921,Light rain detected - minor speed reduction advised
EVT421464,2025-11-27 10:49:47,Trade Fair,J011,Indiranagar 100ft Road,12307,Weekday,False,Clear,False,0.0,False,False,0.519,Moderate,24.0,39.1,191.9,0.141,0.325,0.956,Moderate traffic flow - standard adaptive signal timing in effect
EVT421465,2025-03-29 13:35:58,Local Market Day,J020,Malleshwaram Circle,4624,Weekend,False,Clear,False,0.0,False,False,0.278,Low,32.1,18.2,105.2,0.089,0.205,0.981,Moderate traffic flow - standard adaptive signal timing in effect
EVT421466,2025-12-17 09:20:00,Trade Fair,J023,Basavanagudi,12984,Weekday,False,Clear,False,0.0,False,False,1.0,Severe,9.1,65.9,644.0,0.226,0.521,0.902,Heavy congestion detected - signal timing extended and reroute suggested
EVT421467,2026-02-28 02:27:00,Trade Fair,J009,Majestic,6085,Weekend,False,Clear,False,0.0,False,False,0.243,Low,29.3,25.3,182.2,0.155,0.358,0.97,Normal free-flow traffic - standard signal timing maintained
EVT421468,2025-09-06 09:18:46,Fireworks Display,J031,Cubbon Road,26319,Weekend,True,Heavy Rain,True,27.6,False,False,1.0,Severe,7.4,69.7,434.0,0.125,0.289,0.839,Festival crowd surge detected - alternate route and extended cycle recommended
EVT421469,2025-07-18 14:42:31,Local Market Day,J009,Majestic,5280,Weekday,False,Heavy Rain,True,39.2,True,False,1.0,Severe,10.6,69.1,376.0,0.146,0.337,0.721,Accident detected nearby - reroute and reduced speed advised
EVT421470,2025-12-13 13:17:27,Concert,J012,Koramangala Sony World,12463,Weekend,False,Clear,False,0.0,False,False,0.328,Low,31.1,22.8,218.5,0.194,0.447,0.953,Moderate traffic flow - standard adaptive signal timing in effect
EVT421471,2025-03-04 07:16:55,Political Rally,J020,Malleshwaram Circle,7664,Weekday,False,Clear,False,0.0,False,False,0.583,High,20.2,38.7,163.6,0.099,0.228,0.963,Moderate traffic flow - standard adaptive signal timing in effect
EVT421472,2026-04-04 19:35:23,Sports Fixture,J020,Malleshwaram Circle,20114,Weekend,False,Clear,False,0.0,False,False,0.807,Severe,15.5,57.2,315.5,0.177,0.408,0.961,Heavy congestion detected - signal timing extended and reroute suggested
EVT421473,2025-08-27 14:19:06,Religious Festival,J020,Malleshwaram Circle,20855,Weekday,True,Heavy Rain,True,30.6,False,False,0.889,Severe,12.3,65.1,416.8,0.191,0.441,0.833,Festival crowd surge detected - alternate route and extended cycle recommended
EVT421474,2025-04-17 18:28:12,Local Market Day,J011,Indiranagar 100ft Road,4216,Weekday,False,Clear,False,0.0,False,False,1.0,Severe,7.8,71.4,422.5,0.141,0.325,0.892,Heavy congestion detected - signal timing extended and reroute suggested
EVT421475,2026-01-25 09:12:42,Trade Fair,J020,Malleshwaram Circle,19705,Weekend,False,Clear,False,0.0,False,False,0.92,Severe,10.5,61.6,464.0,0.198,0.456,0.902,Heavy congestion detected - signal timing extended and reroute suggested
EVT421476,2025-04-06 13:34:59,Religious Festival,J009,Majestic,59602,Weekend,True,Clear,False,0.0,False,True,0.944,Severe,12.3,96.3,341.3,0.158,0.365,0.836,Road closure for event/procession - full detour recommended for through-traffic
EVT421477,2025-11-22 17:35:37,Sports Fixture,J020,Malleshwaram Circle,20920,Weekend,False,Clear,False,0.0,False,False,0.914,Severe,12.2,64.7,452.2,0.218,0.503,0.944,Heavy congestion detected - signal timing extended and reroute suggested
EVT421478,2025-06-20 13:24:29,Trade Fair,J040,City Market,6082,Weekday,False,Clear,False,0.0,False,False,0.207,Low,34.5,15.5,165.7,0.15,0.347,0.963,Normal free-flow traffic - standard signal timing maintained
EVT421479,2025-01-20 10:14:05,Local Market Day,J031,Cubbon Road,4396,Weekday,False,Clear,False,0.0,False,False,0.782,Severe,15.6,49.0,409.1,0.229,0.529,0.943,Heavy congestion detected - signal timing extended and reroute suggested
EVT421480,2025-04-15 08:58:34,Religious Festival,J009,Majestic,35345,Weekday,True,Clear,False,0.0,False,False,1.0,Severe,8.2,75.6,565.8,0.184,0.424,0.875,Festival crowd surge detected - alternate route and extended cycle recommended
EVT421481,2025-11-27 16:59:14,Trade Fair,J030,MG Road,10604,Weekday,False,Clear,False,0.0,False,False,0.709,High,15.9,54.4,323.6,0.181,0.418,0.961,Moderate traffic flow - standard adaptive signal timing in effect
EVT421482,2025-05-13 13:20:11,Political Rally,J040,City Market,15784,Weekday,False,Clear,False,0.0,False,False,0.274,Low,41.5,19.7,116.8,0.119,0.275,0.947,Moderate traffic flow - standard adaptive signal timing in effect
EVT421483,2026-02-18 22:03:00,Local Market Day,J011,Indiranagar 100ft Road,3381,Weekday,False,Fog,False,0.0,False,False,0.259,Low,34.2,21.8,54.9,0.038,0.088,0.971,Moderate traffic flow - standard adaptive signal timing in effect
EVT421484,2025-02-10 10:29:48,Local Market Day,J040,City Market,5121,Weekday,False,Clear,False,0.0,False,False,0.618,High,25.5,42.5,243.6,0.194,0.447,0.971,Moderate traffic flow - standard adaptive signal timing in effect
EVT421485,2025-11-16 18:47:45,Concert,J023,Basavanagudi,12910,Weekend,False,Clear,False,0.0,False,False,0.998,Severe,7.8,73.3,601.1,0.213,0.492,0.912,Heavy congestion detected - signal timing extended and reroute suggested
EVT421486,2026-06-19 10:13:50,Local Market Day,J020,Malleshwaram Circle,7904,Weekday,False,Rain,True,7.9,False,False,0.916,Severe,10.5,68.5,465.2,0.198,0.458,0.856,Heavy rain reducing visibility and grip - reduced speed and longer buffer advised
EVT421487,2025-10-10 10:19:12,Local Market Day,J011,Indiranagar 100ft Road,4786,Weekday,False,Clear,False,0.0,False,False,0.629,High,18.3,45.1,122.4,0.068,0.157,0.979,Moderate traffic flow - standard adaptive signal timing in effect
EVT421488,2026-03-25 07:32:16,Sports Fixture,J009,Majestic,16033,Weekday,False,Clear,False,0.0,False,False,0.646,High,20.3,45.3,305.1,0.231,0.534,0.97,Moderate traffic flow - standard adaptive signal timing in effect
EVT421489,2025-11-25 21:22:47,Trade Fair,J031,Cubbon Road,7468,Weekday,False,Clear,False,0.0,False,False,0.391,Moderate,34.3,31.4,145.0,0.139,0.321,0.963,Moderate traffic flow - standard adaptive signal timing in effect
EVT421490,2026-04-07 08:54:32,Local Market Day,J040,City Market,5205,Weekday,False,Clear,False,0.0,False,False,1.0,Severe,9.4,73.9,596.0,0.243,0.562,0.899,Heavy congestion detected - signal timing extended and reroute suggested
EVT421491,2026-05-01 14:34:07,Cultural Procession,J023,Basavanagudi,18105,Weekday,True,Clear,False,0.0,False,True,0.677,Moderate,19.5,67.2,221.9,0.127,0.294,0.877,Road closure for event/procession - full detour recommended for through-traffic
EVT421492,2025-06-09 18:46:34,Sports Fixture,J012,Koramangala Sony World,26432,Weekday,False,Clear,False,0.0,False,False,1.0,Severe,9.3,76.9,458.4,0.168,0.389,0.916,Heavy congestion detected - signal timing extended and reroute suggested
EVT421493,2025-02-09 21:20:29,Local Market Day,J031,Cubbon Road,2399,Weekend,False,Clear,False,0.0,False,False,0.408,Moderate,19.1,30.9,114.7,0.069,0.159,0.978,Moderate traffic flow - standard adaptive signal timing in effect
EVT421494,2025-06-22 20:15:06,Political Rally,J020,Malleshwaram Circle,10810,Weekend,False,Clear,False,0.0,False,False,0.645,High,20.5,44.4,374.4,0.237,0.549,0.99,Moderate traffic flow - standard adaptive signal timing in effect
EVT421495,2025-10-27 20:14:52,Sports Fixture,J023,Basavanagudi,19618,Weekday,False,Light Rain,True,6.2,False,False,0.809,Severe,18.3,61.0,271.8,0.183,0.424,0.914,Heavy rain reducing visibility and grip - reduced speed and longer buffer advised
EVT421496,2025-10-10 04:11:34,Trade Fair,J020,Malleshwaram Circle,8227,Weekday,False,Clear,False,0.0,False,False,0.27,Low,30.0,12.3,147.8,0.136,0.314,0.969,Moderate traffic flow - standard adaptive signal timing in effect
EVT421497,2025-02-01 06:43:56,Trade Fair,J031,Cubbon Road,8064,Weekend,False,Clear,False,0.0,False,False,0.41,Moderate,24.3,29.3,252.1,0.179,0.414,0.986,Moderate traffic flow - standard adaptive signal timing in effect
EVT421498,2026-02-02 09:28:45,Political Rally,J023,Basavanagudi,17295,Weekday,False,Clear,False,0.0,False,False,1.0,Severe,8.4,75.6,409.9,0.15,0.347,0.927,Heavy congestion detected - signal timing extended and reroute suggested
EVT421499,2026-05-20 17:47:33,Political Rally,J031,Cubbon Road,13933,Weekday,False,Rain,True,12.4,False,False,1.0,Severe,7.8,76.1,736.3,0.253,0.585,0.871,Heavy rain reducing visibility and grip - reduced speed and longer buffer advised
EVT421500,2025-02-14 18:56:56,Trade Fair,J040,City Market,11103,Weekday,False,Fog,False,0.0,False,False,1.0,Severe,7.8,70.7,486.4,0.17,0.394,0.922,Heavy congestion detected - signal timing extended and reroute suggested
EVT421501,2026-04-11 17:36:07,Trade Fair,J011,Indiranagar 100ft Road,8920,Weekend,False,Clear,False,0.0,False,False,0.79,Severe,17.0,56.4,265.2,0.159,0.368,0.97,Heavy congestion detected - signal timing extended and reroute suggested
EVT421502,2025-08-27 14:47:24,Fireworks Display,J011,Indiranagar 100ft Road,37505,Weekday,True,Clear,False,0.0,False,False,0.635,High,22.5,47.1,228.3,0.178,0.41,0.905,Festival crowd surge detected - alternate route and extended cycle recommended
EVT421503,2025-01-26 11:02:00,Cultural Procession,J040,City Market,15990,Weekend,True,Clear,False,0.0,False,True,0.896,High,10.6,84.7,461.8,0.205,0.473,0.878,Road closure for event/procession - full detour recommended for through-traffic
EVT421504,2025-05-08 18:47:10,Local Market Day,J031,Cubbon Road,3179,Weekday,False,Clear,False,0.0,False,False,1.0,Severe,7.9,65.8,510.2,0.186,0.43,0.909,Heavy congestion detected - signal timing extended and reroute suggested
EVT421505,2025-11-06 13:52:39,Local Market Day,J031,Cubbon Road,8237,Weekday,False,Clear,False,0.0,False,False,0.184,Low,35.4,5.2,107.6,0.106,0.246,0.961,Normal free-flow traffic - standard signal timing maintained
EVT421506,2025-06-05 11:45:20,Local Market Day,J023,Basavanagudi,5383,Weekday,False,Rain,True,17.8,False,False,0.475,Moderate,22.3,33.8,132.8,0.077,0.177,0.903,Light rain detected - minor speed reduction advised
EVT421507,2025-01-14 21:07:51,Religious Festival,J031,Cubbon Road,63877,Weekday,True,Clear,False,0.0,False,False,0.967,Severe,11.0,66.8,569.1,0.241,0.557,0.856,Festival crowd surge detected - alternate route and extended cycle recommended
EVT421508,2025-10-16 08:32:59,Local Market Day,J030,MG Road,3628,Weekday,False,Clear,False,0.0,False,False,0.98,Severe,10.1,73.3,434.7,0.179,0.413,0.919,Heavy congestion detected - signal timing extended and reroute suggested
EVT421509,2025-09-11 08:10:53,Local Market Day,J030,MG Road,4545,Weekday,False,Heavy Rain,True,36.4,False,False,1.0,Severe,8.4,67.5,439.5,0.16,0.37,0.863,Heavy rain reducing visibility and grip - reduced speed and longer buffer advised
EVT421510,2026-01-31 16:31:10,Concert,J011,Indiranagar 100ft Road,13999,Weekend,False,Clear,False,0.0,False,False,0.674,High,18.2,50.2,281.0,0.15,0.347,0.969,Moderate traffic flow - standard adaptive signal timing in effect
EVT421511,2025-03-29 08:55:13,Sports Fixture,J030,MG Road,24224,Weekend,False,Clear,False,0.0,False,False,1.0,Severe,9.1,67.2,622.9,0.23,0.531,0.875,Heavy congestion detected - signal timing extended and reroute suggested
EVT421512,2026-03-14 07:11:16,Concert,J023,Basavanagudi,14438,Weekend,False,Clear,False,0.0,False,False,0.548,Moderate,26.2,33.2,216.3,0.167,0.387,0.97,Moderate traffic flow - standard adaptive signal timing in effect
EVT421513,2026-02-22 07:33:15,Concert,J012,Koramangala Sony World,12818,Weekend,False,Clear,False,0.0,False,False,0.639,High,20.7,46.7,119.6,0.073,0.169,0.954,Moderate traffic flow - standard adaptive signal timing in effect
EVT421514,2025-02-01 14:28:54,Political Rally,J023,Basavanagudi,16623,Weekend,False,Clear,False,0.0,False,False,0.387,Moderate,28.8,33.8,248.0,0.19,0.438,0.952,Moderate traffic flow - standard adaptive signal timing in effect
EVT421515,2026-05-14 11:04:04,Local Market Day,J020,Malleshwaram Circle,5991,Weekday,False,Rain,True,10.9,False,False,0.531,Moderate,22.2,35.3,154.7,0.093,0.216,0.932,Light rain detected - minor speed reduction advised
EVT421516,2026-06-13 18:10:44,Local Market Day,J009,Majestic,7643,Weekend,False,Clear,False,0.0,False,False,0.859,Severe,13.8,58.5,410.9,0.219,0.507,0.945,Heavy congestion detected - signal timing extended and reroute suggested
EVT421517,2026-06-17 14:56:52,Local Market Day,J020,Malleshwaram Circle,2962,Weekday,False,Clear,False,0.0,False,False,0.327,Low,32.2,21.3,161.9,0.138,0.32,0.964,Moderate traffic flow - standard adaptive signal timing in effect
EVT421518,2025-02-06 17:49:54,Sports Fixture,J012,Koramangala Sony World,20881,Weekday,False,Fog,False,0.0,False,False,1.0,Severe,8.7,69.3,642.0,0.209,0.483,0.946,Heavy congestion detected - signal timing extended and reroute suggested
EVT421519,2025-11-17 20:51:00,Local Market Day,J040,City Market,5946,Weekday,False,Clear,False,0.0,False,False,0.511,Moderate,18.3,34.2,153.4,0.089,0.205,0.963,Moderate traffic flow - standard adaptive signal timing in effect
EVT421520,2026-01-10 09:25:59,Local Market Day,J020,Malleshwaram Circle,4829,Weekend,False,Clear,False,0.0,False,False,0.828,Severe,14.0,58.8,270.3,0.152,0.352,0.948,Heavy congestion detected - signal timing extended and reroute suggested
EVT421521,2025-10-07 17:59:30,Concert,J023,Basavanagudi,12938,Weekday,False,Rain,True,15.2,False,False,1.0,Severe,8.9,75.6,460.8,0.179,0.413,0.862,Heavy rain reducing visibility and grip - reduced speed and longer buffer advised
EVT421522,2025-05-10 16:09:24,Political Rally,J023,Basavanagudi,7704,Weekend,False,Clear,False,0.0,False,False,0.51,Moderate,26.1,28.0,206.0,0.143,0.331,0.964,Moderate traffic flow - standard adaptive signal timing in effect
EVT421523,2025-09-11 22:16:14,Sports Fixture,J012,Koramangala Sony World,34881,Weekday,False,Clear,False,0.0,False,False,0.437,Moderate,28.6,29.1,209.8,0.174,0.401,0.948,Moderate traffic flow - standard adaptive signal timing in effect
EVT421524,2025-12-04 06:17:00,Local Market Day,J012,Koramangala Sony World,6045,Weekday,False,Clear,False,0.0,False,False,0.263,Low,31.9,23.5,222.7,0.186,0.429,0.971,Moderate traffic flow - standard adaptive signal timing in effect
EVT421525,2026-01-19 09:19:59,Trade Fair,J023,Basavanagudi,6053,Weekday,False,Clear,False,0.0,False,False,1.0,Severe,10.0,70.0,390.8,0.151,0.349,0.923,Heavy congestion detected - signal timing extended and reroute suggested
EVT421526,2025-09-22 18:04:18,Sports Fixture,J040,City Market,16975,Weekday,False,Clear,False,0.0,False,False,1.0,Severe,8.5,72.5,562.5,0.195,0.449,0.898,Heavy congestion detected - signal timing extended and reroute suggested
EVT421527,2025-04-07 17:27:02,Cultural Procession,J040,City Market,35799,Weekday,True,Clear,False,0.0,False,True,1.0,Severe,8.1,103.0,785.7,0.287,0.662,0.853,Road closure for event/procession - full detour recommended for through-traffic
EVT421528,2026-05-09 18:34:37,Local Market Day,J012,Koramangala Sony World,3187,Weekend,False,Clear,False,0.0,False,False,0.919,Severe,11.4,62.4,244.3,0.133,0.306,0.917,Heavy congestion detected - signal timing extended and reroute suggested
EVT421529,2026-05-21 22:04:05,Sports Fixture,J012,Koramangala Sony World,28195,Weekday,False,Rain,True,11.3,False,False,0.554,High,20.9,36.7,155.4,0.102,0.237,0.921,Heavy rain reducing visibility and grip - reduced speed and longer buffer advised
EVT421530,2026-03-22 22:09:02,Local Market Day,J040,City Market,3023,Weekend,False,Clear,False,0.0,False,False,0.345,Low,28.8,22.7,181.0,0.142,0.327,0.962,Moderate traffic flow - standard adaptive signal timing in effect
EVT421531,2025-03-06 19:55:09,Political Rally,J011,Indiranagar 100ft Road,9953,Weekday,False,Clear,False,0.0,False,False,0.775,Severe,20.9,55.5,229.2,0.16,0.369,0.947,Heavy congestion detected - signal timing extended and reroute suggested
EVT421532,2025-07-24 15:52:19,Concert,J031,Cubbon Road,17778,Weekday,False,Clear,False,0.0,False,False,0.453,Moderate,19.3,30.0,172.0,0.092,0.212,0.946,Moderate traffic flow - standard adaptive signal timing in effect
EVT421533,2026-02-09 10:06:15,Trade Fair,J012,Koramangala Sony World,8975,Weekday,False,Clear,False,0.0,False,False,0.824,Severe,12.8,56.6,321.2,0.165,0.381,0.96,Heavy congestion detected - signal timing extended and reroute suggested
EVT421534,2026-06-16 09:57:57,Concert,J012,Koramangala Sony World,16623,Weekday,False,Rain,True,9.5,False,False,1.0,Severe,6.3,80.2,569.3,0.165,0.381,0.879,Heavy rain reducing visibility and grip - reduced speed and longer buffer advised
EVT421535,2026-05-19 10:54:41,Concert,J011,Indiranagar 100ft Road,10549,Weekday,False,Clear,False,0.0,False,False,0.436,Moderate,25.7,30.3,170.9,0.131,0.302,0.953,Moderate traffic flow - standard adaptive signal timing in effect
EVT421536,2026-03-20 17:50:50,Religious Festival,J020,Malleshwaram Circle,79352,Weekday,True,Clear,False,0.0,False,True,1.0,Severe,8.5,100.2,458.3,0.174,0.401,0.834,Road closure for event/procession - full detour recommended for through-traffic
EVT421537,2025-12-14 22:33:02,Local Market Day,J012,Koramangala Sony World,4540,Weekend,False,Clear,False,0.0,False,False,0.247,Low,35.7,16.5,121.4,0.133,0.307,0.967,Normal free-flow traffic - standard signal timing maintained
EVT421538,2025-06-27 08:14:50,Trade Fair,J023,Basavanagudi,9081,Weekday,False,Clear,False,0.0,False,False,0.884,Severe,10.0,67.6,504.5,0.204,0.471,0.953,Heavy congestion detected - signal timing extended and reroute suggested
EVT421539,2025-02-23 10:15:56,Concert,J040,City Market,12723,Weekend,False,Clear,False,0.0,False,False,0.664,High,24.2,50.0,226.3,0.156,0.361,0.954,Moderate traffic flow - standard adaptive signal timing in effect
EVT421540,2025-08-09 22:16:01,Sports Fixture,J023,Basavanagudi,27465,Weekend,False,Clear,False,0.0,False,False,0.418,Moderate,24.1,29.7,73.2,0.048,0.11,0.977,Moderate traffic flow - standard adaptive signal timing in effect
EVT421541,2025-09-05 19:45:28,Cultural Procession,J009,Majestic,14858,Weekday,True,Clear,False,0.0,False,True,1.0,Severe,9.4,102.1,720.4,0.268,0.619,0.806,Road closure for event/procession - full detour recommended for through-traffic
EVT421542,2025-09-15 13:07:13,Sports Fixture,J030,MG Road,19862,Weekday,False,Light Rain,True,7.1,False,False,0.383,Moderate,29.9,37.2,125.0,0.102,0.237,0.929,Light rain detected - minor speed reduction advised
EVT421543,2025-02-02 18:23:10,Concert,J011,Indiranagar 100ft Road,14698,Weekend,False,Clear,False,0.0,False,False,1.0,Severe,8.5,69.9,494.2,0.184,0.426,0.891,Heavy congestion detected - signal timing extended and reroute suggested
EVT421544,2025-04-21 21:58:52,Trade Fair,J012,Koramangala Sony World,8912,Weekday,False,Clear,False,0.0,False,False,0.274,Low,31.5,17.9,102.9,0.075,0.173,0.966,Moderate traffic flow - standard adaptive signal timing in effect
EVT421545,2026-03-20 18:49:22,Cultural Procession,J012,Koramangala Sony World,17264,Weekday,True,Clear,False,0.0,False,False,1.0,Severe,9.4,69.2,608.3,0.227,0.525,0.865,Festival crowd surge detected - alternate route and extended cycle recommended
EVT421546,2026-02-20 18:08:52,Local Market Day,J030,MG Road,2648,Weekday,False,Clear,False,0.0,False,False,1.0,Severe,7.2,70.2,397.9,0.121,0.28,0.906,Heavy congestion detected - signal timing extended and reroute suggested
EVT421547,2026-05-21 07:25:30,Local Market Day,J031,Cubbon Road,5101,Weekday,False,Clear,False,0.0,False,False,0.69,High,19.9,51.0,380.9,0.255,0.589,0.958,Moderate traffic flow - standard adaptive signal timing in effect
EVT421548,2025-07-20 07:37:08,Local Market Day,J031,Cubbon Road,6192,Weekend,False,Clear,False,0.0,False,False,0.608,High,17.8,44.9,371.6,0.205,0.473,0.978,Moderate traffic flow - standard adaptive signal timing in effect
EVT421549,2025-05-13 10:10:41,Political Rally,J040,City Market,12460,Weekday,False,Clear,False,0.0,False,False,0.715,High,20.7,49.8,185.6,0.145,0.336,0.959,Moderate traffic flow - standard adaptive signal timing in effect
EVT421550,2025-06-22 19:14:07,Trade Fair,J040,City Market,12563,Weekend,False,Rain,True,8.3,False,False,0.994,Severe,7.3,67.9,499.0,0.159,0.368,0.841,Heavy rain reducing visibility and grip - reduced speed and longer buffer advised
EVT421551,2026-01-11 07:16:06,Concert,J040,City Market,9633,Weekend,False,Light Rain,True,4.1,False,False,0.656,High,24.4,48.4,152.3,0.113,0.26,0.91,Heavy rain reducing visibility and grip - reduced speed and longer buffer advised
EVT421552,2025-10-01 17:20:48,Concert,J020,Malleshwaram Circle,9775,Weekday,False,Heavy Rain,True,38.0,False,False,1.0,Severe,9.3,73.7,335.3,0.135,0.312,0.861,Heavy rain reducing visibility and grip - reduced speed and longer buffer advised
EVT421553,2026-05-13 19:01:50,Trade Fair,J030,MG Road,10134,Weekday,False,Clear,False,0.0,False,False,0.88,Severe,12.7,67.6,452.0,0.215,0.496,0.93,Heavy congestion detected - signal timing extended and reroute suggested
EVT421554,2025-05-28 16:23:20,Local Market Day,J012,Koramangala Sony World,4746,Weekday,False,Clear,False,0.0,False,False,0.642,High,18.5,47.0,222.4,0.137,0.317,0.951,Moderate traffic flow - standard adaptive signal timing in effect
EVT421555,2025-05-21 19:54:21,Local Market Day,J023,Basavanagudi,3929,Weekday,False,Clear,False,0.0,False,False,0.787,Severe,14.5,56.8,138.1,0.095,0.22,0.947,Heavy congestion detected - signal timing extended and reroute suggested
EVT421556,2025-12-10 16:06:56,Concert,J040,City Market,14017,Weekday,False,Clear,False,0.0,False,False,0.427,Moderate,25.8,34.1,116.5,0.112,0.26,0.989,Moderate traffic flow - standard adaptive signal timing in effect
EVT421557,2025-09-17 08:26:03,Local Market Day,J009,Majestic,4957,Weekday,False,Heavy Rain,True,51.4,False,False,1.0,Severe,6.0,69.6,641.4,0.18,0.415,0.869,Heavy rain reducing visibility and grip - reduced speed and longer buffer advised
EVT421558,2026-03-08 17:02:56,Sports Fixture,J031,Cubbon Road,13300,Weekend,False,Clear,False,0.0,False,False,0.761,Severe,18.7,51.0,277.5,0.179,0.413,0.975,Heavy congestion detected - signal timing extended and reroute suggested
EVT421559,2025-12-14 10:25:21,Local Market Day,J020,Malleshwaram Circle,3073,Weekend,False,Clear,False,0.0,False,False,0.649,High,22.1,46.7,98.5,0.069,0.159,0.987,Moderate traffic flow - standard adaptive signal timing in effect
EVT421560,2025-11-03 17:23:28,Local Market Day,J020,Malleshwaram Circle,4356,Weekday,False,Clear,False,0.0,False,False,0.905,Severe,12.5,63.7,350.1,0.175,0.403,0.917,Heavy congestion detected - signal timing extended and reroute suggested
EVT421561,2026-06-20 13:33:05,Trade Fair,J012,Koramangala Sony World,15831,Weekend,False,Rain,True,22.3,False,False,0.591,High,15.9,48.2,272.1,0.129,0.297,0.907,Heavy rain reducing visibility and grip - reduced speed and longer buffer advised
EVT421562,2026-06-23 06:47:49,Local Market Day,J040,City Market,3579,Weekday,False,Clear,False,0.0,False,False,0.351,Moderate,35.9,27.9,248.3,0.252,0.583,0.959,Moderate traffic flow - standard adaptive signal timing in effect
EVT421563,2026-03-26 17:33:38,Cultural Procession,J011,Indiranagar 100ft Road,33259,Weekday,True,Clear,False,0.0,False,False,1.0,Severe,8.7,78.0,459.4,0.171,0.395,0.863,Festival crowd surge detected - alternate route and extended cycle recommended
EVT421564,2025-11-01 10:53:58,Religious Festival,J012,Koramangala Sony World,36118,Weekend,True,Clear,False,0.0,False,True,1.0,Severe,7.3,92.1,478.2,0.16,0.369,0.813,Road closure for event/procession - full detour recommended for through-traffic
EVT421565,2025-09-15 17:48:45,Local Market Day,J012,Koramangala Sony World,3721,Weekday,False,Clear,False,0.0,False,False,0.946,Severe,11.6,69.4,527.6,0.247,0.571,0.905,Heavy congestion detected - signal timing extended and reroute suggested
EVT421566,2026-03-22 09:37:02,Trade Fair,J009,Majestic,5119,Weekend,False,Clear,False,0.0,False,False,0.806,Severe,15.7,57.3,190.9,0.11,0.253,0.941,Heavy congestion detected - signal timing extended and reroute suggested
EVT421567,2026-04-30 15:04:29,Local Market Day,J030,MG Road,8165,Weekday,False,Clear,False,0.0,False,False,0.304,Low,26.7,24.4,180.5,0.143,0.33,0.98,Moderate traffic flow - standard adaptive signal timing in effect
EVT421568,2025-04-08 20:39:34,Trade Fair,J030,MG Road,6122,Weekday,False,Clear,False,0.0,False,False,0.522,Moderate,22.7,39.9,164.0,0.112,0.258,0.983,Moderate traffic flow - standard adaptive signal timing in effect
EVT421569,2025-04-18 09:48:08,Local Market Day,J009,Majestic,2285,Weekday,False,Rain,True,9.8,False,False,0.984,Severe,9.9,74.3,251.8,0.105,0.242,0.879,Heavy rain reducing visibility and grip - reduced speed and longer buffer advised
EVT421570,2025-03-10 20:53:41,Sports Fixture,J011,Indiranagar 100ft Road,43445,Weekday,False,Clear,False,0.0,False,False,0.722,High,16.5,52.5,280.6,0.152,0.351,0.958,Moderate traffic flow - standard adaptive signal timing in effect
EVT421571,2025-09-20 12:57:16,Local Market Day,J040,City Market,3182,Weekend,False,Heavy Rain,True,30.6,False,False,0.617,High,22.8,33.7,161.3,0.114,0.264,0.918,Heavy rain reducing visibility and grip - reduced speed and longer buffer advised
EVT421572,2026-06-26 16:36:54,Sports Fixture,J031,Cubbon Road,49277,Weekday,False,Clear,False,0.0,False,False,0.858,Severe,11.4,60.6,542.2,0.223,0.516,0.933,Heavy congestion detected - signal timing extended and reroute suggested
EVT421573,2026-05-18 12:53:06,Local Market Day,J023,Basavanagudi,5132,Weekday,False,Light Rain,True,7.4,False,False,0.249,Low,33.5,19.6,84.8,0.066,0.154,0.91,Light rain detected - minor speed reduction advised
EVT421574,2026-02-22 05:19:45,Local Market Day,J031,Cubbon Road,3024,Weekend,False,Clear,False,0.0,False,False,0.264,Low,27.7,22.3,152.9,0.11,0.254,0.969,Moderate traffic flow - standard adaptive signal timing in effect
EVT421575,2025-05-17 08:11:28,Local Market Day,J031,Cubbon Road,3977,Weekend,False,Clear,False,0.0,False,False,0.741,High,14.5,50.3,404.5,0.218,0.504,0.961,Moderate traffic flow - standard adaptive signal timing in effect
EVT421576,2025-01-21 18:39:33,Sports Fixture,J030,MG Road,33834,Weekday,False,Clear,False,0.0,False,False,1.0,Severe,7.1,77.1,773.5,0.233,0.539,0.903,Heavy congestion detected - signal timing extended and reroute suggested
EVT421577,2026-05-05 19:18:32,Local Market Day,J031,Cubbon Road,4084,Weekday,False,Clear,False,0.0,False,False,0.941,Severe,9.9,69.1,500.6,0.215,0.496,0.914,Heavy congestion detected - signal timing extended and reroute suggested
EVT421578,2026-06-03 04:01:40,Sports Fixture,J012,Koramangala Sony World,11597,Weekday,False,Clear,False,0.0,False,False,0.248,Low,35.8,16.7,98.3,0.083,0.192,0.977,Normal free-flow traffic - standard signal timing maintained
EVT421579,2025-03-27 18:58:05,Political Rally,J011,Indiranagar 100ft Road,20617,Weekday,False,Clear,False,0.0,False,False,1.0,Severe,9.5,77.9,608.4,0.237,0.547,0.918,Heavy congestion detected - signal timing extended and reroute suggested
EVT421580,2025-11-12 08:58:35,Trade Fair,J009,Majestic,7885,Weekday,False,Light Rain,True,7.0,False,False,1.0,Severe,7.2,73.4,766.5,0.228,0.526,0.878,Heavy rain reducing visibility and grip - reduced speed and longer buffer advised
EVT421581,2026-03-06 22:14:34,Concert,J020,Malleshwaram Circle,15664,Weekday,False,Clear,False,0.0,False,False,0.308,Low,29.1,23.3,258.5,0.219,0.506,0.964,Moderate traffic flow - standard adaptive signal timing in effect
EVT421582,2026-03-10 14:22:33,Trade Fair,J011,Indiranagar 100ft Road,8261,Weekday,False,Clear,False,0.0,False,False,0.219,Low,33.5,22.8,125.7,0.102,0.235,0.972,Normal free-flow traffic - standard signal timing maintained
EVT421583,2026-01-06 18:00:44,Political Rally,J009,Majestic,13022,Weekday,False,Clear,False,0.0,False,False,1.0,Severe,8.5,69.1,362.9,0.139,0.322,0.926,Heavy congestion detected - signal timing extended and reroute suggested
EVT421584,2025-07-26 09:21:12,Concert,J011,Indiranagar 100ft Road,13152,Weekend,False,Rain,True,22.3,False,False,1.0,Severe,6.7,70.7,651.8,0.202,0.467,0.892,Heavy rain reducing visibility and grip - reduced speed and longer buffer advised
EVT421585,2025-01-06 22:09:52,Trade Fair,J011,Indiranagar 100ft Road,19275,Weekday,False,Clear,False,0.0,False,False,0.331,Low,30.5,20.6,119.5,0.099,0.228,0.965,Moderate traffic flow - standard adaptive signal timing in effect
EVT421586,2025-06-08 12:10:21,Sports Fixture,J040,City Market,44618,Weekend,False,Clear,False,0.0,False,False,0.546,Moderate,23.5,32.9,242.8,0.148,0.342,0.975,Moderate traffic flow - standard adaptive signal timing in effect
EVT421587,2026-03-14 00:38:36,Trade Fair,J009,Majestic,5654,Weekend,False,Clear,False,0.0,False,False,0.24,Low,36.1,12.4,38.6,0.038,0.088,0.968,Normal free-flow traffic - standard signal timing maintained
EVT421588,2026-01-18 20:56:45,Local Market Day,J023,Basavanagudi,3087,Weekend,False,Clear,False,0.0,False,False,0.503,Moderate,21.9,33.6,154.1,0.117,0.27,0.962,Moderate traffic flow - standard adaptive signal timing in effect
EVT421589,2025-08-07 14:36:57,Trade Fair,J011,Indiranagar 100ft Road,7384,Weekday,False,Rain,True,17.4,False,False,0.462,Moderate,18.3,37.9,293.6,0.165,0.382,0.925,Light rain detected - minor speed reduction advised
EVT421590,2025-04-14 20:58:12,Religious Festival,J009,Majestic,55241,Weekday,True,Clear,False,0.0,False,True,1.0,Severe,10.2,96.6,296.3,0.12,0.276,0.803,Road closure for event/procession - full detour recommended for through-traffic
EVT421591,2025-10-16 17:07:34,Sports Fixture,J031,Cubbon Road,18165,Weekday,False,Clear,False,0.0,False,False,0.825,Severe,16.2,51.3,404.6,0.194,0.447,0.958,Heavy congestion detected - signal timing extended and reroute suggested
EVT421592,2025-09-29 10:19:21,Local Market Day,J011,Indiranagar 100ft Road,3461,Weekday,False,Heavy Rain,True,67.7,False,False,0.995,Severe,9.7,72.8,417.1,0.165,0.381,0.855,Heavy rain reducing visibility and grip - reduced speed and longer buffer advised
EVT421593,2026-06-05 17:19:23,Political Rally,J040,City Market,15517,Weekday,False,Clear,False,0.0,False,False,0.976,Severe,8.7,71.1,459.6,0.163,0.376,0.913,Heavy congestion detected - signal timing extended and reroute suggested
EVT421594,2025-03-18 20:58:17,Concert,J031,Cubbon Road,8152,Weekday,False,Clear,False,0.0,False,False,0.438,Moderate,32.9,27.5,72.9,0.071,0.164,0.965,Moderate traffic flow - standard adaptive signal timing in effect
EVT421595,2026-06-01 13:53:47,Local Market Day,J023,Basavanagudi,2049,Weekday,False,Clear,False,0.0,False,False,0.198,Low,31.1,18.8,121.4,0.097,0.225,0.956,Normal free-flow traffic - standard signal timing maintained
EVT421596,2025-04-29 13:29:30,Local Market Day,J030,MG Road,3886,Weekday,False,Clear,False,0.0,False,False,0.176,Low,31.7,12.3,78.0,0.056,0.129,0.963,Normal free-flow traffic - standard signal timing maintained
EVT421597,2026-06-05 18:01:14,Trade Fair,J011,Indiranagar 100ft Road,8491,Weekday,False,Clear,False,0.0,False,False,1.0,Severe,8.3,72.8,731.5,0.243,0.562,0.917,Heavy congestion detected - signal timing extended and reroute suggested
EVT421598,2025-11-26 20:27:46,Sports Fixture,J012,Koramangala Sony World,13751,Weekday,False,Clear,False,0.0,False,False,0.657,High,18.4,42.3,266.6,0.17,0.392,0.965,Moderate traffic flow - standard adaptive signal timing in effect
EVT421599,2026-03-05 11:27:55,Religious Festival,J030,MG Road,49924,Weekday,True,Clear,False,0.0,False,True,1.0,Severe,7.0,98.7,524.4,0.176,0.406,0.85,Road closure for event/procession - full detour recommended for through-traffic
EVT421600,2025-02-23 13:34:20,Trade Fair,J012,Koramangala Sony World,10373,Weekend,False,Clear,False,0.0,False,False,0.326,Low,25.7,28.4,209.9,0.159,0.367,0.968,Moderate traffic flow - standard adaptive signal timing in effect
EVT421601,2025-04-28 17:55:46,Concert,J009,Majestic,10342,Weekday,False,Clear,False,0.0,False,False,0.992,Severe,8.6,72.3,265.4,0.115,0.266,0.938,Heavy congestion detected - signal timing extended and reroute suggested
EVT421602,2025-12-24 10:34:46,Political Rally,J020,Malleshwaram Circle,20372,Weekday,False,Clear,False,0.0,False,False,0.661,High,16.9,53.0,337.2,0.168,0.389,0.984,Moderate traffic flow - standard adaptive signal timing in effect
EVT421603,2025-11-20 10:05:15,Local Market Day,J020,Malleshwaram Circle,2758,Weekday,False,Clear,False,0.0,False,False,0.798,Severe,15.1,57.6,411.0,0.215,0.497,0.988,Heavy congestion detected - signal timing extended and reroute suggested
EVT421604,2025-08-18 19:57:09,Local Market Day,J012,Koramangala Sony World,2979,Weekday,False,Clear,False,0.0,False,False,0.657,High,19.4,52.1,289.3,0.18,0.415,0.971,Moderate traffic flow - standard adaptive signal timing in effect
EVT421605,2025-06-12 11:49:27,Concert,J030,MG Road,9093,Weekday,False,Clear,False,0.0,False,False,0.276,Low,35.1,20.2,109.0,0.101,0.234,0.942,Moderate traffic flow - standard adaptive signal timing in effect
EVT421606,2026-01-17 21:13:26,Concert,J012,Koramangala Sony World,10355,Weekend,False,Clear,False,0.0,False,False,0.399,Moderate,28.0,26.7,212.4,0.151,0.348,0.969,Moderate traffic flow - standard adaptive signal timing in effect
EVT421607,2026-02-19 14:12:55,Political Rally,J011,Indiranagar 100ft Road,14746,Weekday,False,Clear,False,0.0,False,False,0.333,Low,29.6,21.6,130.5,0.106,0.245,0.945,Moderate traffic flow - standard adaptive signal timing in effect
EVT421608,2026-05-08 08:31:41,Concert,J020,Malleshwaram Circle,15323,Weekday,False,Clear,False,0.0,False,False,1.0,Severe,7.5,74.6,731.9,0.247,0.569,0.937,Heavy congestion detected - signal timing extended and reroute suggested
EVT421609,2025-10-22 10:06:32,Religious Festival,J031,Cubbon Road,43186,Weekday,True,Clear,False,0.0,False,False,1.0,Severe,8.4,71.1,518.6,0.212,0.49,0.896,Festival crowd surge detected - alternate route and extended cycle recommended
EVT421610,2026-05-07 08:17:46,Sports Fixture,J020,Malleshwaram Circle,31094,Weekday,False,Clear,False,0.0,False,False,1.0,Severe,8.6,72.4,632.8,0.222,0.512,0.912,Heavy congestion detected - signal timing extended and reroute suggested
EVT421611,2025-12-29 11:18:17,Local Market Day,J040,City Market,3295,Weekday,False,Clear,False,0.0,False,False,0.361,Moderate,25.8,23.8,180.6,0.115,0.266,0.982,Moderate traffic flow - standard adaptive signal timing in effect
EVT421612,2025-08-04 10:27:56,Trade Fair,J030,MG Road,13334,Weekday,False,Clear,False,0.0,False,False,0.632,High,23.4,47.1,127.1,0.092,0.212,0.973,Moderate traffic flow - standard adaptive signal timing in effect
EVT421613,2025-01-04 14:02:31,Sports Fixture,J040,City Market,18809,Weekend,False,Clear,False,0.0,False,False,0.411,Moderate,23.9,25.1,276.1,0.171,0.394,0.965,Moderate traffic flow - standard adaptive signal timing in effect
EVT421614,2025-09-18 17:20:38,Trade Fair,J040,City Market,7128,Weekday,False,Clear,False,0.0,False,False,0.896,Severe,12.0,70.2,316.8,0.136,0.315,0.977,Heavy congestion detected - signal timing extended and reroute suggested
EVT421615,2026-03-27 08:50:44,Cultural Procession,J031,Cubbon Road,37242,Weekday,True,Clear,False,0.0,False,False,1.0,Severe,7.8,67.1,735.1,0.227,0.524,0.885,Festival crowd surge detected - alternate route and extended cycle recommended
EVT421616,2025-01-06 19:00:26,Local Market Day,J031,Cubbon Road,2503,Weekday,False,Clear,False,0.0,False,False,0.954,Severe,8.7,69.7,439.0,0.163,0.377,0.938,Heavy congestion detected - signal timing extended and reroute suggested
EVT421617,2025-06-07 17:23:58,Sports Fixture,J011,Indiranagar 100ft Road,14645,Weekend,False,Heavy Rain,True,50.1,False,False,1.0,Severe,9.4,71.1,358.8,0.148,0.342,0.867,Heavy rain reducing visibility and grip - reduced speed and longer buffer advised
EVT421618,2025-05-25 11:21:06,Concert,J009,Majestic,14564,Weekend,False,Clear,False,0.0,False,False,0.42,Moderate,20.9,32.4,330.2,0.205,0.474,0.967,Moderate traffic flow - standard adaptive signal timing in effect
EVT421619,2026-04-04 16:52:45,Local Market Day,J012,Koramangala Sony World,5135,Weekend,False,Clear,False,0.0,False,False,0.699,High,20.3,49.2,262.9,0.179,0.414,0.947,Moderate traffic flow - standard adaptive signal timing in effect
EVT421620,2025-08-20 06:10:08,Sports Fixture,J023,Basavanagudi,20560,Weekday,False,Light Rain,True,2.5,False,False,0.382,Moderate,34.9,24.3,128.2,0.105,0.243,0.922,Light rain detected - minor speed reduction advised
EVT421621,2025-03-27 07:50:09,Sports Fixture,J031,Cubbon Road,11014,Weekday,False,Clear,False,0.0,False,False,0.851,Severe,14.3,62.5,267.9,0.143,0.331,0.952,Heavy congestion detected - signal timing extended and reroute suggested
EVT421622,2025-11-09 09:00:03,Local Market Day,J031,Cubbon Road,2417,Weekend,False,Clear,False,0.0,False,False,0.803,Severe,16.0,52.8,290.2,0.168,0.388,0.939,Heavy congestion detected - signal timing extended and reroute suggested
EVT421623,2025-07-21 08:32:25,Concert,J023,Basavanagudi,8789,Weekday,False,Rain,True,9.5,False,False,1.0,Severe,7.8,70.3,529.4,0.178,0.411,0.891,Heavy rain reducing visibility and grip - reduced speed and longer buffer advised
EVT421624,2025-04-30 09:47:47,Trade Fair,J040,City Market,7274,Weekday,False,Clear,False,0.0,False,False,0.954,Severe,7.2,63.8,554.2,0.158,0.365,0.937,Heavy congestion detected - signal timing extended and reroute suggested
EVT421625,2025-02-22 12:25:21,Concert,J031,Cubbon Road,11714,Weekend,False,Clear,False,0.0,False,False,0.379,Moderate,36.7,27.9,135.1,0.116,0.268,0.96,Moderate traffic flow - standard adaptive signal timing in effect
EVT421626,2025-11-03 21:38:13,Local Market Day,J031,Cubbon Road,4804,Weekday,False,Clear,False,0.0,False,False,0.302,Low,30.0,17.2,88.2,0.072,0.166,0.967,Moderate traffic flow - standard adaptive signal timing in effect
EVT421627,2026-04-03 05:28:25,Local Market Day,J040,City Market,5638,Weekday,False,Clear,False,0.0,False,False,0.203,Low,38.6,11.8,60.5,0.066,0.153,0.972,Normal free-flow traffic - standard signal timing maintained
EVT421628,2025-03-03 17:43:16,Sports Fixture,J023,Basavanagudi,28231,Weekday,False,Clear,False,0.0,False,False,1.0,Severe,7.6,71.1,658.1,0.186,0.429,0.933,Heavy congestion detected - signal timing extended and reroute suggested
EVT421629,2026-04-22 14:20:21,Local Market Day,J011,Indiranagar 100ft Road,4042,Weekday,False,Fog,False,0.0,False,False,0.205,Low,39.7,10.0,92.4,0.072,0.167,0.965,Normal free-flow traffic - standard signal timing maintained
EVT421630,2025-06-22 23:37:37,Political Rally,J031,Cubbon Road,12832,Weekend,False,Rain,True,22.8,False,False,0.572,High,24.5,38.3,245.7,0.156,0.361,0.921,Heavy rain reducing visibility and grip - reduced speed and longer buffer advised
EVT421631,2026-05-21 10:48:25,Local Market Day,J030,MG Road,3919,Weekday,False,Fog,False,0.0,False,False,0.512,Moderate,23.5,37.5,224.7,0.154,0.356,0.956,Moderate traffic flow - standard adaptive signal timing in effect
EVT421632,2026-03-06 19:15:26,Local Market Day,J030,MG Road,3425,Weekday,False,Clear,False,0.0,False,False,0.944,Severe,9.7,60.4,370.2,0.132,0.304,0.929,Heavy congestion detected - signal timing extended and reroute suggested
EVT421633,2026-05-14 19:45:58,Concert,J031,Cubbon Road,14300,Weekday,False,Clear,False,0.0,False,False,0.833,Severe,16.4,61.7,233.9,0.16,0.37,0.924,Heavy congestion detected - signal timing extended and reroute suggested
EVT421634,2026-02-23 21:55:41,Sports Fixture,J020,Malleshwaram Circle,21728,Weekday,False,Clear,False,0.0,False,False,0.376,Moderate,30.3,28.9,226.8,0.178,0.411,0.973,Moderate traffic flow - standard adaptive signal timing in effect
EVT421635,2025-09-04 12:33:54,Concert,J020,Malleshwaram Circle,12514,Weekday,False,Rain,True,12.3,False,False,0.493,Moderate,21.5,39.0,245.4,0.141,0.325,0.94,Light rain detected - minor speed reduction advised
EVT421636,2025-05-23 13:57:19,Sports Fixture,J040,City Market,42281,Weekday,False,Clear,False,0.0,False,False,0.394,Moderate,30.5,25.4,196.5,0.18,0.415,0.982,Moderate traffic flow - standard adaptive signal timing in effect
EVT421637,2025-04-05 09:14:27,Sports Fixture,J023,Basavanagudi,28466,Weekend,False,Clear,False,0.0,False,False,0.982,Severe,9.5,69.0,624.7,0.249,0.575,0.912,Heavy congestion detected - signal timing extended and reroute suggested
EVT421638,2025-05-22 19:13:38,Local Market Day,J009,Majestic,6367,Weekday,False,Clear,False,0.0,False,False,0.958,Severe,8.5,64.7,503.0,0.195,0.451,0.897,Heavy congestion detected - signal timing extended and reroute suggested
EVT421639,2025-04-19 20:09:31,Sports Fixture,J012,Koramangala Sony World,20708,Weekend,False,Clear,False,0.0,False,False,0.743,High,15.0,44.0,297.9,0.15,0.347,0.959,Moderate traffic flow - standard adaptive signal timing in effect
EVT421640,2025-01-15 09:45:39,Cultural Procession,J020,Malleshwaram Circle,16471,Weekday,True,Clear,False,0.0,False,False,1.0,Severe,9.8,68.7,530.9,0.206,0.475,0.871,Festival crowd surge detected - alternate route and extended cycle recommended
EVT421641,2025-04-12 20:09:03,Local Market Day,J009,Majestic,3074,Weekend,False,Clear,False,0.0,False,False,0.66,High,20.2,46.7,359.3,0.232,0.535,0.958,Moderate traffic flow - standard adaptive signal timing in effect
EVT421642,2026-03-30 08:43:55,Trade Fair,J040,City Market,10041,Weekday,False,Clear,False,0.0,False,False,0.999,Severe,9.6,73.8,188.0,0.064,0.148,0.917,Heavy congestion detected - signal timing extended and reroute suggested
EVT421643,2025-10-10 07:04:29,Local Market Day,J031,Cubbon Road,6347,Weekday,False,Clear,False,0.0,False,False,0.478,Moderate,24.4,29.5,201.8,0.148,0.342,0.959,Moderate traffic flow - standard adaptive signal timing in effect
EVT421644,2026-04-22 08:05:24,Trade Fair,J023,Basavanagudi,9986,Weekday,False,Fog,False,0.0,False,False,0.918,Severe,11.5,62.4,671.1,0.286,0.662,0.921,Heavy congestion detected - signal timing extended and reroute suggested
EVT421645,2025-03-08 08:58:06,Concert,J012,Koramangala Sony World,16704,Weekend,False,Clear,False,0.0,False,False,0.894,Severe,13.1,61.8,471.3,0.22,0.507,0.925,Heavy congestion detected - signal timing extended and reroute suggested
EVT421646,2026-04-03 17:37:10,Trade Fair,J012,Koramangala Sony World,10963,Weekday,False,Clear,False,0.0,False,False,0.894,Severe,9.6,61.4,404.7,0.159,0.368,0.937,Heavy congestion detected - signal timing extended and reroute suggested
EVT421647,2026-01-06 07:22:41,Concert,J023,Basavanagudi,16196,Weekday,False,Clear,False,0.0,False,False,0.608,High,24.4,34.5,219.6,0.167,0.385,0.965,Moderate traffic flow - standard adaptive signal timing in effect
EVT421648,2025-05-29 10:22:45,Local Market Day,J030,MG Road,5151,Weekday,False,Clear,False,0.0,False,False,0.665,High,20.0,52.1,183.7,0.103,0.237,0.99,Moderate traffic flow - standard adaptive signal timing in effect
EVT421649,2025-11-13 08:46:18,Trade Fair,J009,Majestic,6501,Weekday,False,Clear,False,0.0,False,False,1.0,Severe,9.1,79.5,453.0,0.15,0.347,0.877,Heavy congestion detected - signal timing extended and reroute suggested
EVT421650,2025-07-09 10:23:36,Concert,J023,Basavanagudi,6902,Weekday,False,Heavy Rain,True,48.4,False,False,1.0,Severe,9.7,73.1,601.9,0.233,0.539,0.878,Heavy rain reducing visibility and grip - reduced speed and longer buffer advised
EVT421651,2025-07-06 17:33:37,Local Market Day,J040,City Market,3749,Weekend,False,Fog,False,0.0,False,False,0.779,Severe,16.5,56.9,275.9,0.145,0.335,0.959,Heavy congestion detected - signal timing extended and reroute suggested
EVT421652,2026-05-30 19:28:58,Concert,J031,Cubbon Road,14085,Weekend,False,Rain,True,20.6,False,False,1.0,Severe,8.3,65.0,407.6,0.139,0.321,0.885,Heavy rain reducing visibility and grip - reduced speed and longer buffer advised
EVT421653,2025-05-16 16:23:02,Concert,J011,Indiranagar 100ft Road,9703,Weekday,False,Heavy Rain,True,25.8,False,False,0.822,Severe,12.7,59.7,148.6,0.068,0.157,0.898,Heavy rain reducing visibility and grip - reduced speed and longer buffer advised
EVT421654,2025-03-16 19:36:36,Trade Fair,J012,Koramangala Sony World,23172,Weekend,False,Clear,False,0.0,False,False,0.758,Severe,14.4,51.5,219.8,0.117,0.27,0.971,Heavy congestion detected - signal timing extended and reroute suggested
EVT421655,2025-02-12 17:02:09,Sports Fixture,J011,Indiranagar 100ft Road,25654,Weekday,False,Fog,False,0.0,False,False,0.85,Severe,12.2,59.6,560.6,0.271,0.625,0.973,Heavy congestion detected - signal timing extended and reroute suggested
EVT421656,2025-08-17 11:20:20,Sports Fixture,J023,Basavanagudi,20940,Weekend,False,Rain,True,17.1,False,False,0.676,High,20.2,46.4,206.1,0.132,0.306,0.893,Heavy rain reducing visibility and grip - reduced speed and longer buffer advised
EVT421657,2025-05-11 11:39:21,Trade Fair,J011,Indiranagar 100ft Road,6050,Weekend,False,Clear,False,0.0,False,False,0.317,Low,37.0,23.6,166.0,0.173,0.4,0.942,Moderate traffic flow - standard adaptive signal timing in effect
EVT421658,2026-06-15 17:00:04,Local Market Day,J011,Indiranagar 100ft Road,6121,Weekday,False,Clear,False,0.0,False,False,0.74,High,17.3,51.7,364.6,0.213,0.492,0.97,Moderate traffic flow - standard adaptive signal timing in effect
EVT421659,2026-01-15 07:15:25,Cultural Procession,J020,Malleshwaram Circle,8828,Weekday,True,Clear,False,0.0,False,True,0.968,Severe,11.5,104.1,301.8,0.136,0.315,0.86,Road closure for event/procession - full detour recommended for through-traffic
EVT421660,2025-01-28 19:26:06,Trade Fair,J011,Indiranagar 100ft Road,9513,Weekday,False,Light Rain,True,2.8,False,False,0.993,Severe,6.6,71.2,878.3,0.223,0.516,0.87,Heavy rain reducing visibility and grip - reduced speed and longer buffer advised
EVT421661,2025-02-23 06:43:37,Concert,J030,MG Road,8931,Weekend,False,Fog,False,0.0,False,False,0.441,Moderate,27.2,33.3,108.2,0.073,0.169,0.971,Moderate traffic flow - standard adaptive signal timing in effect
EVT421662,2025-09-28 13:37:57,Political Rally,J023,Basavanagudi,25720,Weekend,False,Rain,True,18.1,False,False,0.607,High,18.7,47.2,246.8,0.153,0.354,0.917,Heavy rain reducing visibility and grip - reduced speed and longer buffer advised
EVT421663,2025-12-19 16:22:20,Trade Fair,J012,Koramangala Sony World,9663,Weekday,False,Clear,False,0.0,False,False,0.492,Moderate,28.0,37.0,201.0,0.166,0.384,0.969,Moderate traffic flow - standard adaptive signal timing in effect
EVT421664,2025-02-17 09:12:51,Concert,J011,Indiranagar 100ft Road,13435,Weekday,False,Clear,False,0.0,False,False,0.994,Severe,9.5,68.2,187.3,0.082,0.189,0.919,Heavy congestion detected - signal timing extended and reroute suggested
EVT421665,2025-03-18 22:07:50,Trade Fair,J023,Basavanagudi,12251,Weekday,False,Rain,True,9.2,False,False,0.474,Moderate,26.3,32.7,306.9,0.244,0.564,0.879,Light rain detected - minor speed reduction advised
EVT421666,2026-02-15 12:49:17,Sports Fixture,J023,Basavanagudi,26542,Weekend,False,Clear,False,0.0,False,False,0.311,Low,31.5,17.9,128.2,0.107,0.246,0.979,Moderate traffic flow - standard adaptive signal timing in effect
EVT421667,2025-01-04 18:35:30,Local Market Day,J020,Malleshwaram Circle,3031,Weekend,False,Clear,False,0.0,False,False,0.896,Severe,12.3,58.3,186.6,0.109,0.252,0.943,Heavy congestion detected - signal timing extended and reroute suggested
EVT421668,2026-02-13 11:57:07,Local Market Day,J030,MG Road,5075,Weekday,False,Clear,False,0.0,False,False,0.235,Low,38.5,15.6,109.5,0.111,0.257,0.956,Normal free-flow traffic - standard signal timing maintained
EVT421669,2025-11-07 16:30:39,Concert,J011,Indiranagar 100ft Road,13615,Weekday,False,Clear,False,0.0,False,False,0.625,High,23.5,43.8,217.5,0.145,0.336,0.977,Moderate traffic flow - standard adaptive signal timing in effect
EVT421670,2026-04-11 21:24:26,Trade Fair,J012,Koramangala Sony World,6375,Weekend,False,Clear,False,0.0,False,False,0.449,Moderate,24.8,34.8,172.8,0.128,0.296,0.945,Moderate traffic flow - standard adaptive signal timing in effect
EVT421671,2025-07-30 18:27:34,Local Market Day,J020,Malleshwaram Circle,3671,Weekday,False,Clear,False,0.0,False,False,1.0,Severe,9.2,72.8,573.5,0.235,0.543,0.912,Heavy congestion detected - signal timing extended and reroute suggested
EVT421672,2025-09-03 13:16:50,Political Rally,J020,Malleshwaram Circle,11101,Weekday,False,Clear,False,0.0,False,False,0.12,Low,27.4,10.5,228.0,0.15,0.346,0.965,Normal free-flow traffic - standard signal timing maintained
EVT421673,2026-06-16 11:40:47,Sports Fixture,J009,Majestic,31047,Weekday,False,Clear,False,0.0,False,False,0.438,Moderate,33.5,32.4,139.5,0.149,0.344,0.952,Moderate traffic flow - standard adaptive signal timing in effect
EVT421674,2025-04-12 16:14:24,Sports Fixture,J012,Koramangala Sony World,22273,Weekend,False,Clear,False,0.0,False,False,0.659,High,19.9,49.9,245.9,0.149,0.343,0.95,Moderate traffic flow - standard adaptive signal timing in effect
EVT421675,2025-06-07 14:32:23,Local Market Day,J040,City Market,5365,Weekend,False,Heavy Rain,True,31.6,False,False,0.672,High,17.6,41.9,374.0,0.22,0.508,0.889,Heavy rain reducing visibility and grip - reduced speed and longer buffer advised
EVT421676,2025-09-07 12:21:50,Political Rally,J012,Koramangala Sony World,14204,Weekend,False,Clear,False,0.0,False,False,0.322,Low,31.0,15.9,169.7,0.141,0.327,0.956,Moderate traffic flow - standard adaptive signal timing in effect
EVT421677,2026-05-06 16:53:33,Sports Fixture,J031,Cubbon Road,23136,Weekday,False,Clear,False,0.0,False,False,0.859,Severe,16.5,55.7,380.9,0.239,0.551,0.969,Heavy congestion detected - signal timing extended and reroute suggested
EVT421678,2025-10-24 17:52:14,Trade Fair,J031,Cubbon Road,7639,Weekday,False,Heavy Rain,True,27.8,False,False,1.0,Severe,7.5,69.8,598.9,0.167,0.386,0.859,Heavy rain reducing visibility and grip - reduced speed and longer buffer advised
EVT421679,2026-06-07 12:42:09,Sports Fixture,J009,Majestic,13759,Weekend,False,Heavy Rain,True,51.8,False,False,0.712,High,17.3,52.4,116.3,0.055,0.128,0.933,Heavy rain reducing visibility and grip - reduced speed and longer buffer advised
EVT421680,2025-02-20 19:29:03,Trade Fair,J020,Malleshwaram Circle,17762,Weekday,False,Clear,False,0.0,False,False,0.939,Severe,10.8,65.6,450.0,0.203,0.468,0.923,Heavy congestion detected - signal timing extended and reroute suggested
EVT421681,2025-01-18 13:13:16,Trade Fair,J030,MG Road,10991,Weekend,False,Clear,False,0.0,False,False,0.285,Low,38.4,22.9,157.2,0.154,0.356,0.975,Moderate traffic flow - standard adaptive signal timing in effect
EVT421682,2025-02-22 17:03:22,Local Market Day,J031,Cubbon Road,6364,Weekend,False,Clear,False,0.0,False,False,0.584,High,19.3,43.8,266.7,0.16,0.371,0.957,Moderate traffic flow - standard adaptive signal timing in effect
EVT421683,2025-06-11 05:22:07,Concert,J020,Malleshwaram Circle,19488,Weekday,False,Clear,False,0.0,False,False,0.293,Low,32.9,22.5,135.7,0.124,0.287,0.964,Moderate traffic flow - standard adaptive signal timing in effect
EVT421684,2025-04-22 18:18:26,Trade Fair,J023,Basavanagudi,10391,Weekday,False,Clear,False,0.0,False,False,1.0,Severe,8.1,69.1,649.3,0.22,0.507,0.903,Heavy congestion detected - signal timing extended and reroute suggested
EVT421685,2026-06-08 22:57:14,Trade Fair,J040,City Market,7373,Weekday,False,Clear,False,0.0,False,False,0.184,Low,41.7,10.2,99.4,0.103,0.238,0.967,Normal free-flow traffic - standard signal timing maintained
EVT421686,2025-08-16 08:57:03,Fireworks Display,J030,MG Road,44826,Weekend,True,Clear,False,0.0,False,False,1.0,Severe,8.4,76.4,606.0,0.206,0.477,0.857,Festival crowd surge detected - alternate route and extended cycle recommended
EVT421687,2026-04-26 18:21:17,Trade Fair,J012,Koramangala Sony World,8244,Weekend,False,Clear,False,0.0,False,False,0.858,Severe,14.6,67.4,235.9,0.109,0.252,0.952,Heavy congestion detected - signal timing extended and reroute suggested
EVT421688,2025-05-13 11:39:31,Trade Fair,J020,Malleshwaram Circle,9140,Weekday,False,Rain,True,22.7,False,False,0.58,High,20.8,36.9,224.3,0.145,0.336,0.946,Heavy rain reducing visibility and grip - reduced speed and longer buffer advised
EVT421689,2025-02-14 16:52:16,Local Market Day,J031,Cubbon Road,4091,Weekday,False,Clear,False,0.0,False,False,0.637,High,20.1,46.4,94.3,0.046,0.107,0.98,Moderate traffic flow - standard adaptive signal timing in effect
EVT421690,2025-08-10 08:20:33,Concert,J012,Koramangala Sony World,17328,Weekend,False,Clear,False,0.0,False,False,0.879,Severe,12.9,66.5,538.4,0.235,0.542,0.947,Heavy congestion detected - signal timing extended and reroute suggested
EVT421691,2026-03-05 21:27:44,Religious Festival,J023,Basavanagudi,66745,Weekday,True,Clear,False,0.0,False,False,0.95,Severe,11.0,67.5,634.7,0.269,0.621,0.878,Festival crowd surge detected - alternate route and extended cycle recommended
EVT421692,2025-05-15 21:00:13,Local Market Day,J009,Majestic,5809,Weekday,False,Clear,False,0.0,False,False,0.412,Moderate,28.2,24.1,133.7,0.125,0.288,0.953,Moderate traffic flow - standard adaptive signal timing in effect
EVT421693,2025-02-02 10:25:53,Sports Fixture,J023,Basavanagudi,19412,Weekend,False,Clear,False,0.0,False,False,0.713,High,15.6,48.4,400.0,0.196,0.453,0.96,Moderate traffic flow - standard adaptive signal timing in effect
EVT421694,2026-06-07 09:52:18,Concert,J020,Malleshwaram Circle,17140,Weekend,False,Clear,False,0.0,False,False,0.787,Severe,14.5,59.2,209.9,0.106,0.246,0.978,Heavy congestion detected - signal timing extended and reroute suggested
EVT421695,2025-08-21 16:02:31,Concert,J011,Indiranagar 100ft Road,9545,Weekday,False,Fog,False,0.0,False,False,0.44,Moderate,26.7,30.9,111.9,0.086,0.198,0.982,Moderate traffic flow - standard adaptive signal timing in effect
EVT421696,2026-04-11 19:57:54,Concert,J031,Cubbon Road,9045,Weekend,False,Clear,False,0.0,False,False,0.728,High,17.2,54.2,221.3,0.131,0.302,0.968,Moderate traffic flow - standard adaptive signal timing in effect
EVT421697,2026-02-12 13:43:42,Political Rally,J031,Cubbon Road,12618,Weekday,False,Clear,False,0.0,False,False,0.342,Low,29.6,28.4,214.6,0.182,0.421,0.971,Moderate traffic flow - standard adaptive signal timing in effect
EVT421698,2025-07-28 19:24:06,Sports Fixture,J011,Indiranagar 100ft Road,20722,Weekday,False,Clear,False,0.0,False,False,0.986,Severe,8.1,70.6,226.8,0.085,0.196,0.892,Heavy congestion detected - signal timing extended and reroute suggested
EVT421699,2025-01-31 12:39:23,Local Market Day,J030,MG Road,3305,Weekday,False,Clear,False,0.0,False,False,0.269,Low,30.2,11.2,59.0,0.041,0.094,0.982,Moderate traffic flow - standard adaptive signal timing in effect
EVT421700,2026-05-23 06:32:15,Sports Fixture,J009,Majestic,16832,Weekend,False,Clear,False,0.0,False,False,0.425,Moderate,28.8,30.7,157.0,0.127,0.294,0.959,Moderate traffic flow - standard adaptive signal timing in effect
EVT421701,2025-05-12 07:08:26,Local Market Day,J012,Koramangala Sony World,4226,Weekday,False,Clear,False,0.0,False,False,0.469,Moderate,19.9,34.7,173.5,0.096,0.221,0.949,Moderate traffic flow - standard adaptive signal timing in effect
EVT421702,2025-11-08 17:55:00,Trade Fair,J009,Majestic,12020,Weekend,False,Clear,False,0.0,False,False,0.847,Severe,11.7,63.9,637.9,0.267,0.617,0.927,Heavy congestion detected - signal timing extended and reroute suggested
EVT421703,2026-06-19 07:12:51,Local Market Day,J031,Cubbon Road,3851,Weekday,False,Clear,False,0.0,False,False,0.467,Moderate,22.3,29.9,114.7,0.079,0.182,0.974,Moderate traffic flow - standard adaptive signal timing in effect
EVT421704,2026-04-28 21:07:42,Local Market Day,J031,Cubbon Road,5463,Weekday,False,Light Rain,True,7.0,False,False,0.534,Moderate,23.4,38.6,171.9,0.097,0.223,0.93,Light rain detected - minor speed reduction advised
EVT421705,2025-03-15 16:37:24,Religious Festival,J011,Indiranagar 100ft Road,72057,Weekend,True,Clear,False,0.0,False,True,1.0,Severe,7.4,107.2,685.8,0.234,0.54,0.826,Road closure for event/procession - full detour recommended for through-traffic
EVT421706,2025-10-15 19:28:15,Sports Fixture,J030,MG Road,13415,Weekday,False,Clear,False,0.0,False,False,0.926,Severe,6.8,67.5,888.9,0.258,0.595,0.943,Heavy congestion detected - signal timing extended and reroute suggested
EVT421707,2025-05-16 04:06:10,Sports Fixture,J009,Majestic,20574,Weekday,False,Rain,True,13.2,False,False,0.421,Moderate,27.0,36.6,226.0,0.162,0.374,0.91,Light rain detected - minor speed reduction advised
EVT421708,2025-07-26 11:21:48,Political Rally,J009,Majestic,17845,Weekend,False,Clear,False,0.0,False,False,0.49,Moderate,26.5,36.1,198.1,0.142,0.327,0.99,Moderate traffic flow - standard adaptive signal timing in effect
EVT421709,2026-01-18 17:20:56,Trade Fair,J040,City Market,42128,Weekend,False,Clear,False,0.0,False,False,0.929,Severe,6.8,66.6,1011.3,0.28,0.647,0.942,Heavy congestion detected - signal timing extended and reroute suggested
EVT421710,2025-01-02 07:16:19,Concert,J009,Majestic,15393,Weekday,False,Clear,False,0.0,False,False,0.604,High,18.1,41.3,283.2,0.153,0.354,0.941,Moderate traffic flow - standard adaptive signal timing in effect
EVT421711,2025-04-11 12:55:49,Local Market Day,J011,Indiranagar 100ft Road,5479,Weekday,False,Clear,False,0.0,True,False,0.636,High,19.1,48.3,203.6,0.129,0.298,0.799,Accident detected nearby - reroute and reduced speed advised
EVT421712,2026-02-02 17:23:14,Concert,J040,City Market,12785,Weekday,False,Clear,False,0.0,False,False,0.984,Severe,8.6,68.1,504.1,0.176,0.408,0.926,Heavy congestion detected - signal timing extended and reroute suggested
EVT421713,2026-04-02 08:44:00,Sports Fixture,J023,Basavanagudi,32777,Weekday,False,Clear,False,0.0,False,False,1.0,Severe,8.6,69.4,705.0,0.273,0.631,0.951,Heavy congestion detected - signal timing extended and reroute suggested
EVT421714,2025-05-11 06:37:29,Sports Fixture,J030,MG Road,27771,Weekend,False,Clear,False,0.0,False,False,0.454,Moderate,26.8,31.3,286.9,0.231,0.533,0.965,Moderate traffic flow - standard adaptive signal timing in effect
EVT421715,2025-11-14 08:28:04,Sports Fixture,J031,Cubbon Road,25178,Weekday,False,Light Rain,True,6.5,False,False,1.0,Severe,7.2,71.6,816.7,0.221,0.51,0.885,Heavy rain reducing visibility and grip - reduced speed and longer buffer advised
EVT421716,2025-02-01 06:55:28,Trade Fair,J023,Basavanagudi,16681,Weekend,False,Clear,False,0.0,False,False,0.492,Moderate,25.6,33.1,84.0,0.052,0.119,0.956,Moderate traffic flow - standard adaptive signal timing in effect
EVT421717,2026-01-30 17:16:22,Trade Fair,J011,Indiranagar 100ft Road,9812,Weekday,False,Clear,False,0.0,False,False,0.841,Severe,13.0,66.5,295.2,0.158,0.366,0.949,Heavy congestion detected - signal timing extended and reroute suggested
EVT421718,2026-02-11 09:06:01,Concert,J040,City Market,14399,Weekday,False,Clear,False,0.0,False,False,1.0,Severe,6.8,74.8,584.1,0.183,0.423,0.917,Heavy congestion detected - signal timing extended and reroute suggested
EVT421719,2026-02-27 18:17:57,Sports Fixture,J023,Basavanagudi,21306,Weekday,False,Clear,False,0.0,False,False,1.0,Severe,7.9,69.7,610.6,0.21,0.485,0.901,Heavy congestion detected - signal timing extended and reroute suggested
EVT421720,2026-03-07 08:18:21,Trade Fair,J031,Cubbon Road,8076,Weekend,False,Clear,False,0.0,False,False,0.761,Severe,15.7,52.4,301.7,0.162,0.373,0.949,Heavy congestion detected - signal timing extended and reroute suggested
EVT421721,2026-06-10 10:27:53,Local Market Day,J009,Majestic,3352,Weekday,False,Light Rain,True,6.6,False,False,0.696,High,20.7,51.8,182.1,0.113,0.261,0.93,Heavy rain reducing visibility and grip - reduced speed and longer buffer advised
EVT421722,2025-07-27 13:47:11,Sports Fixture,J030,MG Road,13795,Weekend,False,Fog,False,0.0,False,False,0.377,Moderate,30.5,27.3,237.6,0.197,0.454,0.966,Moderate traffic flow - standard adaptive signal timing in effect
EVT421723,2025-06-17 10:38:06,Concert,J040,City Market,19995,Weekday,False,Clear,False,0.0,False,False,0.674,High,15.4,47.2,222.7,0.119,0.274,0.982,Moderate traffic flow - standard adaptive signal timing in effect
EVT421724,2026-05-18 13:07:58,Sports Fixture,J012,Koramangala Sony World,29803,Weekday,False,Clear,False,0.0,False,False,0.264,Low,39.8,13.1,70.9,0.068,0.156,0.939,Moderate traffic flow - standard adaptive signal timing in effect
EVT421725,2026-02-26 07:32:03,Local Market Day,J020,Malleshwaram Circle,4552,Weekday,False,Clear,False,0.0,False,False,0.708,High,16.9,46.4,454.6,0.239,0.552,0.964,Moderate traffic flow - standard adaptive signal timing in effect
EVT421726,2026-01-08 10:29:26,Local Market Day,J012,Koramangala Sony World,3852,Weekday,False,Clear,False,0.0,False,False,0.585,High,20.1,46.5,208.1,0.129,0.298,0.96,Moderate traffic flow - standard adaptive signal timing in effect
EVT421727,2025-06-21 22:16:18,Political Rally,J011,Indiranagar 100ft Road,30202,Weekend,False,Heavy Rain,True,44.5,False,False,0.75,High,13.8,61.2,407.2,0.186,0.43,0.947,Heavy rain reducing visibility and grip - reduced speed and longer buffer advised
EVT421728,2026-02-15 16:08:22,Local Market Day,J023,Basavanagudi,4159,Weekend,False,Clear,False,0.0,False,False,0.446,Moderate,24.4,31.6,195.3,0.141,0.327,0.95,Moderate traffic flow - standard adaptive signal timing in effect
EVT421729,2025-10-28 16:50:13,Political Rally,J023,Basavanagudi,15160,Weekday,False,Clear,False,0.0,False,False,0.725,High,18.3,44.5,256.8,0.14,0.324,0.985,Moderate traffic flow - standard adaptive signal timing in effect
EVT421730,2026-05-25 16:41:00,Trade Fair,J011,Indiranagar 100ft Road,6601,Weekday,False,Clear,False,0.0,False,False,0.585,High,24.6,44.2,148.8,0.109,0.251,0.96,Moderate traffic flow - standard adaptive signal timing in effect
EVT421731,2025-07-02 09:31:47,Local Market Day,J009,Majestic,4927,Weekday,False,Heavy Rain,True,38.1,False,False,1.0,Severe,9.9,73.5,385.0,0.165,0.382,0.875,Heavy rain reducing visibility and grip - reduced speed and longer buffer advised
EVT421732,2025-09-16 14:51:09,Local Market Day,J023,Basavanagudi,4823,Weekday,False,Rain,True,21.1,False,False,0.38,Moderate,26.1,24.7,226.0,0.164,0.378,0.937,Light rain detected - minor speed reduction advised
EVT421733,2025-02-05 14:13:11,Local Market Day,J011,Indiranagar 100ft Road,2814,Weekday,False,Clear,False,0.0,False,False,0.098,Low,25.6,6.9,119.7,0.063,0.146,0.933,Normal free-flow traffic - standard signal timing maintained
EVT421734,2026-03-18 07:10:01,Concert,J023,Basavanagudi,9862,Weekday,False,Clear,False,0.0,False,False,0.555,High,23.3,37.8,184.0,0.112,0.26,0.981,Moderate traffic flow - standard adaptive signal timing in effect
EVT421735,2025-04-29 15:29:47,Local Market Day,J040,City Market,4176,Weekday,False,Clear,False,0.0,False,False,0.387,Moderate,20.6,29.9,175.4,0.113,0.262,0.987,Moderate traffic flow - standard adaptive signal timing in effect
EVT421736,2025-02-09 06:08:43,Local Market Day,J011,Indiranagar 100ft Road,4333,Weekend,False,Clear,False,0.0,False,False,0.394,Moderate,23.8,34.7,189.4,0.154,0.356,0.966,Moderate traffic flow - standard adaptive signal timing in effect
EVT421737,2026-03-01 06:59:57,Trade Fair,J031,Cubbon Road,8851,Weekend,False,Clear,False,0.0,False,False,0.398,Moderate,26.5,31.8,133.7,0.067,0.154,0.963,Moderate traffic flow - standard adaptive signal timing in effect
EVT421738,2025-12-16 06:33:02,Trade Fair,J023,Basavanagudi,5553,Weekday,False,Clear,False,0.0,False,False,0.318,Low,29.1,25.5,188.2,0.105,0.242,0.962,Moderate traffic flow - standard adaptive signal timing in effect
EVT421739,2026-06-09 17:37:39,Local Market Day,J009,Majestic,4721,Weekday,False,Clear,False,0.0,False,False,0.919,Severe,11.5,65.6,310.6,0.142,0.329,0.934,Heavy congestion detected - signal timing extended and reroute suggested
EVT421740,2025-11-05 08:45:16,Local Market Day,J031,Cubbon Road,4136,Weekday,False,Rain,True,17.4,False,False,1.0,Severe,7.9,69.7,812.1,0.263,0.607,0.845,Heavy rain reducing visibility and grip - reduced speed and longer buffer advised
EVT421741,2025-05-09 07:01:43,Sports Fixture,J031,Cubbon Road,17617,Weekday,False,Clear,False,0.0,False,False,0.512,Moderate,21.3,38.2,240.4,0.162,0.374,0.973,Moderate traffic flow - standard adaptive signal timing in effect
EVT421742,2025-05-09 22:56:01,Concert,J012,Koramangala Sony World,8876,Weekday,False,Clear,False,0.0,False,False,0.303,Low,30.7,28.3,115.6,0.095,0.218,0.959,Moderate traffic flow - standard adaptive signal timing in effect
EVT421743,2025-05-28 11:39:58,Local Market Day,J031,Cubbon Road,4660,Weekday,False,Clear,False,0.0,False,False,0.292,Low,28.8,16.9,106.1,0.076,0.176,0.964,Moderate traffic flow - standard adaptive signal timing in effect
EVT421744,2026-04-08 19:29:45,Local Market Day,J031,Cubbon Road,2942,Weekday,False,Clear,False,0.0,False,False,0.878,Severe,14.7,60.1,357.3,0.183,0.422,0.942,Heavy congestion detected - signal timing extended and reroute suggested
EVT421745,2025-06-12 04:19:52,Local Market Day,J030,MG Road,4524,Weekday,False,Heavy Rain,True,43.1,False,False,0.469,Moderate,26.6,35.1,74.0,0.047,0.108,0.922,Light rain detected - minor speed reduction advised
EVT421746,2026-06-25 11:17:23,Local Market Day,J009,Majestic,7152,Weekday,False,Rain,True,21.5,False,False,0.602,High,21.5,46.7,266.0,0.191,0.442,0.906,Heavy rain reducing visibility and grip - reduced speed and longer buffer advised
EVT421747,2025-01-14 17:40:42,Religious Festival,J012,Koramangala Sony World,32502,Weekday,True,Clear,False,0.0,False,False,1.0,Severe,8.2,72.3,337.0,0.116,0.268,0.888,Festival crowd surge detected - alternate route and extended cycle recommended
EVT421748,2025-11-23 09:02:40,Trade Fair,J011,Indiranagar 100ft Road,8835,Weekend,False,Clear,False,0.0,False,False,0.938,Severe,9.3,67.5,531.9,0.195,0.451,0.944,Heavy congestion detected - signal timing extended and reroute suggested
EVT421749,2025-08-16 17:56:33,Fireworks Display,J011,Indiranagar 100ft Road,20093,Weekend,True,Clear,False,0.0,False,False,1.0,Severe,6.7,75.2,798.7,0.244,0.564,0.862,Festival crowd surge detected - alternate route and extended cycle recommended
EVT421750,2025-09-06 19:34:36,Cultural Procession,J020,Malleshwaram Circle,24808,Weekend,True,Clear,False,0.0,False,True,1.0,Severe,9.1,96.7,492.2,0.195,0.45,0.847,Road closure for event/procession - full detour recommended for through-traffic
EVT421751,2025-05-12 14:03:09,Concert,J012,Koramangala Sony World,19175,Weekday,False,Clear,False,0.0,False,False,0.266,Low,27.3,19.3,239.9,0.187,0.431,0.962,Moderate traffic flow - standard adaptive signal timing in effect
EVT421752,2025-05-29 10:14:54,Trade Fair,J023,Basavanagudi,9755,Weekday,False,Clear,False,0.0,False,False,0.707,High,23.0,47.4,179.1,0.123,0.283,0.968,Moderate traffic flow - standard adaptive signal timing in effect
EVT421753,2026-04-02 17:51:00,Trade Fair,J040,City Market,8527,Weekday,False,Clear,False,0.0,False,False,0.965,Severe,9.1,69.9,655.8,0.229,0.529,0.91,Heavy congestion detected - signal timing extended and reroute suggested
EVT421754,2025-07-31 17:30:12,Local Market Day,J012,Koramangala Sony World,5080,Weekday,False,Fog,False,0.0,False,False,0.854,Severe,12.8,54.9,316.3,0.13,0.3,0.945,Heavy congestion detected - signal timing extended and reroute suggested
EVT421755,2025-08-03 09:24:31,Political Rally,J040,City Market,20880,Weekend,False,Clear,False,0.0,False,False,0.904,Severe,13.9,66.6,503.5,0.262,0.605,0.949,Heavy congestion detected - signal timing extended and reroute suggested
EVT421756,2025-04-23 11:02:07,Trade Fair,J031,Cubbon Road,7241,Weekday,False,Clear,False,0.0,False,False,0.551,High,24.7,41.0,201.4,0.144,0.333,0.956,Moderate traffic flow - standard adaptive signal timing in effect
EVT421757,2026-02-05 13:31:10,Political Rally,J030,MG Road,16575,Weekday,False,Clear,False,0.0,False,False,0.337,Low,29.4,23.8,121.0,0.083,0.191,0.96,Moderate traffic flow - standard adaptive signal timing in effect
EVT421758,2026-04-19 19:57:18,Trade Fair,J011,Indiranagar 100ft Road,9115,Weekend,False,Clear,False,0.0,False,False,0.735,High,17.2,54.3,293.8,0.156,0.36,0.962,Moderate traffic flow - standard adaptive signal timing in effect
EVT421759,2025-11-25 12:57:10,Sports Fixture,J023,Basavanagudi,15895,Weekday,False,Clear,False,0.0,False,False,0.227,Low,34.1,14.7,153.1,0.129,0.298,0.963,Normal free-flow traffic - standard signal timing maintained
EVT421760,2025-01-13 08:57:34,Trade Fair,J020,Malleshwaram Circle,12083,Weekday,False,Clear,False,0.0,False,False,1.0,Severe,7.8,65.8,675.1,0.202,0.466,0.897,Heavy congestion detected - signal timing extended and reroute suggested
EVT421761,2025-10-03 01:47:10,Cultural Procession,J012,Koramangala Sony World,17354,Weekday,True,Clear,False,0.0,False,False,0.474,Moderate,28.8,35.2,220.8,0.182,0.42,0.916,Moderate traffic flow - standard adaptive signal timing in effect
EVT421762,2025-06-05 22:40:21,Sports Fixture,J030,MG Road,21783,Weekday,False,Clear,False,0.0,False,False,0.307,Low,22.3,23.6,210.9,0.129,0.298,0.968,Moderate traffic flow - standard adaptive signal timing in effect
EVT421763,2025-04-23 17:20:39,Concert,J011,Indiranagar 100ft Road,7066,Weekday,False,Clear,False,0.0,False,False,0.909,Severe,10.5,59.9,382.3,0.149,0.343,0.965,Heavy congestion detected - signal timing extended and reroute suggested
EVT421764,2025-10-15 14:41:53,Local Market Day,J012,Koramangala Sony World,2536,Weekday,False,Light Rain,True,2.8,False,False,0.284,Low,33.5,17.2,134.5,0.122,0.281,0.921,Light rain detected - minor speed reduction advised
EVT421765,2025-06-03 09:09:31,Concert,J031,Cubbon Road,10167,Weekday,False,Clear,False,0.0,False,False,1.0,Severe,10.7,69.5,494.1,0.183,0.422,0.906,Heavy congestion detected - signal timing extended and reroute suggested
EVT421766,2026-02-15 21:33:11,Local Market Day,J020,Malleshwaram Circle,5673,Weekend,False,Clear,False,0.0,False,False,0.329,Low,24.9,33.1,153.9,0.134,0.311,0.952,Moderate traffic flow - standard adaptive signal timing in effect
EVT421767,2025-08-02 10:20:20,Political Rally,J020,Malleshwaram Circle,17267,Weekend,False,Light Rain,True,3.8,False,False,0.805,Severe,17.1,53.9,267.7,0.152,0.35,0.902,Heavy rain reducing visibility and grip - reduced speed and longer buffer advised
EVT421768,2025-02-28 20:02:17,Local Market Day,J020,Malleshwaram Circle,3025,Weekday,False,Clear,False,0.0,False,False,0.677,High,15.0,43.4,308.3,0.17,0.392,0.953,Moderate traffic flow - standard adaptive signal timing in effect
EVT421769,2025-02-18 07:13:29,Local Market Day,J011,Indiranagar 100ft Road,4328,Weekday,False,Clear,False,0.0,False,False,0.462,Moderate,23.8,29.4,130.3,0.079,0.182,0.978,Moderate traffic flow - standard adaptive signal timing in effect
EVT421770,2025-11-28 19:58:23,Sports Fixture,J031,Cubbon Road,13869,Weekday,False,Clear,False,0.0,False,False,0.746,High,16.0,48.0,316.6,0.191,0.441,0.99,Moderate traffic flow - standard adaptive signal timing in effect
EVT421771,2025-11-16 12:11:40,Trade Fair,J009,Majestic,10939,Weekend,False,Clear,False,0.0,False,False,0.305,Low,28.4,20.8,242.3,0.161,0.373,0.975,Moderate traffic flow - standard adaptive signal timing in effect
EVT421772,2025-01-30 14:45:08,Concert,J012,Koramangala Sony World,7266,Weekday,False,Clear,False,0.0,False,False,0.24,Low,30.8,18.5,122.0,0.107,0.248,0.965,Normal free-flow traffic - standard signal timing maintained
EVT421773,2026-01-31 16:09:42,Political Rally,J023,Basavanagudi,12494,Weekend,False,Clear,False,0.0,False,False,0.551,High,26.6,48.9,241.1,0.178,0.41,0.958,Moderate traffic flow - standard adaptive signal timing in effect
EVT421774,2026-03-11 20:01:26,Concert,J040,City Market,16358,Weekday,False,Clear,False,0.0,False,False,0.788,Severe,15.4,61.1,177.8,0.102,0.236,0.96,Heavy congestion detected - signal timing extended and reroute suggested
EVT421775,2025-12-07 08:08:21,Local Market Day,J040,City Market,3393,Weekend,False,Fog,False,0.0,False,False,0.718,High,17.1,52.7,169.9,0.1,0.231,0.978,Moderate traffic flow - standard adaptive signal timing in effect
EVT421776,2026-02-16 08:50:02,Sports Fixture,J012,Koramangala Sony World,22583,Weekday,False,Clear,False,0.0,False,False,1.0,Severe,7.1,69.9,379.3,0.114,0.263,0.896,Heavy congestion detected - signal timing extended and reroute suggested
EVT421777,2026-06-23 17:54:34,Local Market Day,J023,Basavanagudi,5371,Weekday,False,Clear,False,0.0,False,False,0.982,Severe,9.2,69.8,468.1,0.171,0.395,0.92,Heavy congestion detected - signal timing extended and reroute suggested
EVT421778,2025-04-19 01:27:01,Concert,J009,Majestic,9090,Weekend,False,Clear,False,0.0,False,False,0.351,Moderate,31.1,29.6,209.4,0.17,0.392,0.954,Moderate traffic flow - standard adaptive signal timing in effect
EVT421779,2026-06-16 19:57:09,Trade Fair,J031,Cubbon Road,5830,Weekday,False,Rain,True,8.9,False,False,0.902,Severe,9.7,69.4,500.9,0.2,0.461,0.878,Heavy rain reducing visibility and grip - reduced speed and longer buffer advised
EVT421780,2025-07-11 08:35:55,Local Market Day,J020,Malleshwaram Circle,6087,Weekday,False,Clear,False,0.0,False,False,1.0,Severe,9.5,72.1,402.8,0.154,0.357,0.91,Heavy congestion detected - signal timing extended and reroute suggested
EVT421781,2025-01-21 12:08:40,Local Market Day,J023,Basavanagudi,5414,Weekday,False,Clear,False,0.0,False,False,0.224,Low,38.4,14.7,170.5,0.16,0.37,0.976,Normal free-flow traffic - standard signal timing maintained
EVT421782,2026-04-13 11:35:45,Local Market Day,J040,City Market,2594,Weekday,False,Clear,False,0.0,True,False,0.595,High,20.8,45.3,182.6,0.133,0.307,0.785,Accident detected nearby - reroute and reduced speed advised
EVT421783,2025-08-21 20:15:07,Trade Fair,J020,Malleshwaram Circle,10958,Weekday,False,Heavy Rain,True,54.2,False,False,1.0,Severe,6.7,70.1,403.1,0.118,0.273,0.868,Heavy rain reducing visibility and grip - reduced speed and longer buffer advised
EVT421784,2026-01-14 17:42:11,Cultural Procession,J040,City Market,12481,Weekday,True,Clear,False,0.0,False,True,1.0,Severe,8.4,99.0,234.1,0.095,0.22,0.835,Road closure for event/procession - full detour recommended for through-traffic
EVT421785,2025-04-24 12:05:46,Sports Fixture,J011,Indiranagar 100ft Road,22089,Weekday,False,Clear,False,0.0,False,False,0.355,Moderate,26.3,29.0,144.9,0.104,0.241,0.963,Moderate traffic flow - standard adaptive signal timing in effect
EVT421786,2025-04-12 13:12:09,Political Rally,J012,Koramangala Sony World,18631,Weekend,False,Clear,False,0.0,False,False,0.337,Low,28.0,23.8,163.5,0.119,0.275,0.957,Moderate traffic flow - standard adaptive signal timing in effect
EVT421787,2025-05-25 17:19:36,Trade Fair,J009,Majestic,9750,Weekend,False,Light Rain,True,5.8,False,False,0.83,Severe,14.0,62.7,308.7,0.151,0.35,0.915,Heavy rain reducing visibility and grip - reduced speed and longer buffer advised
EVT421788,2025-05-17 11:28:02,Concert,J023,Basavanagudi,15751,Weekend,False,Heavy Rain,True,34.6,False,False,0.738,High,14.4,52.4,274.6,0.133,0.306,0.884,Heavy rain reducing visibility and grip - reduced speed and longer buffer advised
EVT421789,2025-05-13 18:59:38,Political Rally,J030,MG Road,14117,Weekday,False,Clear,False,0.0,False,False,0.964,Severe,12.2,70.1,447.6,0.201,0.465,0.894,Heavy congestion detected - signal timing extended and reroute suggested
EVT421790,2026-02-12 08:45:11,Concert,J012,Koramangala Sony World,18900,Weekday,False,Light Rain,True,4.1,False,False,1.0,Severe,6.8,71.1,617.5,0.161,0.373,0.883,Heavy rain reducing visibility and grip - reduced speed and longer buffer advised
EVT421791,2026-06-11 19:10:28,Local Market Day,J040,City Market,2832,Weekday,False,Clear,False,0.0,False,False,0.932,Severe,12.0,67.5,363.9,0.142,0.328,0.947,Heavy congestion detected - signal timing extended and reroute suggested
EVT421792,2025-10-15 18:45:38,Concert,J023,Basavanagudi,10500,Weekday,False,Clear,False,0.0,False,False,1.0,Severe,9.3,74.9,614.1,0.221,0.51,0.918,Heavy congestion detected - signal timing extended and reroute suggested
EVT421793,2025-02-14 14:40:00,Sports Fixture,J012,Koramangala Sony World,14696,Weekday,False,Clear,False,0.0,False,False,0.342,Low,29.6,26.9,143.6,0.111,0.257,0.937,Moderate traffic flow - standard adaptive signal timing in effect
EVT421794,2026-01-16 19:16:04,Sports Fixture,J012,Koramangala Sony World,15498,Weekday,False,Clear,False,0.0,False,False,0.914,Severe,12.1,64.8,291.6,0.135,0.312,0.931,Heavy congestion detected - signal timing extended and reroute suggested
EVT421795,2026-05-23 08:18:48,Local Market Day,J020,Malleshwaram Circle,5211,Weekend,False,Rain,True,11.1,False,False,0.927,Severe,10.9,69.4,651.9,0.273,0.632,0.87,Heavy rain reducing visibility and grip - reduced speed and longer buffer advised
EVT421796,2025-06-05 10:02:41,Sports Fixture,J030,MG Road,51894,Weekday,False,Clear,False,0.0,False,False,1.0,Severe,9.7,71.3,584.1,0.228,0.526,0.908,Heavy congestion detected - signal timing extended and reroute suggested
EVT421797,2026-06-13 16:24:07,Concert,J023,Basavanagudi,15155,Weekend,False,Clear,False,0.0,False,False,0.547,Moderate,25.6,38.5,185.1,0.127,0.293,0.932,Moderate traffic flow - standard adaptive signal timing in effect
EVT421798,2025-03-03 18:32:01,Sports Fixture,J023,Basavanagudi,22472,Weekday,False,Clear,False,0.0,False,False,1.0,Severe,7.1,73.8,574.1,0.167,0.386,0.912,Heavy congestion detected - signal timing extended and reroute suggested
EVT421799,2025-07-11 11:07:06,Local Market Day,J009,Majestic,4685,Weekday,False,Clear,False,0.0,False,False,0.368,Moderate,27.0,30.0,69.4,0.064,0.148,0.982,Moderate traffic flow - standard adaptive signal timing in effect
EVT421800,2025-08-11 08:34:30,Concert,J011,Indiranagar 100ft Road,9561,Weekday,False,Heavy Rain,True,31.1,False,False,1.0,Severe,9.3,70.8,317.6,0.123,0.285,0.88,Heavy rain reducing visibility and grip - reduced speed and longer buffer advised
EVT421801,2026-04-15 14:50:59,Religious Festival,J030,MG Road,37846,Weekday,True,Clear,False,0.0,False,True,0.835,High,12.4,84.9,180.1,0.09,0.208,0.859,Road closure for event/procession - full detour recommended for through-traffic
EVT421802,2026-02-12 17:34:06,Trade Fair,J012,Koramangala Sony World,18548,Weekday,False,Clear,False,0.0,False,False,0.972,Severe,7.8,71.0,402.6,0.141,0.326,0.873,Heavy congestion detected - signal timing extended and reroute suggested
EVT421803,2025-06-15 09:45:01,Political Rally,J040,City Market,28688,Weekend,False,Clear,False,0.0,False,False,1.0,Severe,8.8,82.1,484.2,0.208,0.481,0.911,Heavy congestion detected - signal timing extended and reroute suggested
EVT421804,2025-07-16 08:38:45,Trade Fair,J023,Basavanagudi,8807,Weekday,False,Clear,False,0.0,False,False,0.98,Severe,11.1,68.4,384.0,0.16,0.369,0.895,Heavy congestion detected - signal timing extended and reroute suggested
EVT421805,2025-09-08 17:13:47,Political Rally,J040,City Market,12903,Weekday,False,Clear,False,0.0,False,False,0.801,Severe,16.7,54.4,334.6,0.184,0.424,0.967,Heavy congestion detected - signal timing extended and reroute suggested
EVT421806,2025-03-20 14:47:49,Concert,J031,Cubbon Road,18476,Weekday,False,Clear,False,0.0,False,False,0.355,Moderate,29.0,25.7,192.6,0.16,0.37,0.984,Moderate traffic flow - standard adaptive signal timing in effect
EVT421807,2026-05-04 21:18:21,Sports Fixture,J023,Basavanagudi,21417,Weekday,False,Clear,False,0.0,False,False,0.486,Moderate,29.3,35.4,130.3,0.101,0.234,0.959,Moderate traffic flow - standard adaptive signal timing in effect
EVT421808,2025-09-03 09:42:45,Local Market Day,J011,Indiranagar 100ft Road,4420,Weekday,False,Clear,False,0.0,False,False,0.87,Severe,13.9,66.0,294.2,0.14,0.324,0.923,Heavy congestion detected - signal timing extended and reroute suggested
EVT421809,2026-03-10 07:15:41,Concert,J009,Majestic,15818,Weekday,False,Clear,False,0.0,False,False,0.549,Moderate,24.0,41.3,187.6,0.129,0.299,0.971,Moderate traffic flow - standard adaptive signal timing in effect
EVT421810,2025-02-26 15:04:55,Concert,J011,Indiranagar 100ft Road,13593,Weekday,False,Clear,False,0.0,False,False,0.375,Moderate,29.6,37.8,162.8,0.133,0.307,0.976,Moderate traffic flow - standard adaptive signal timing in effect
EVT421811,2025-07-24 19:16:33,Local Market Day,J009,Majestic,5283,Weekday,False,Clear,False,0.0,False,False,0.987,Severe,7.2,68.8,654.1,0.19,0.44,0.916,Heavy congestion detected - signal timing extended and reroute suggested
EVT421812,2025-09-12 18:17:29,Sports Fixture,J030,MG Road,29627,Weekday,False,Clear,False,0.0,False,False,1.0,Severe,6.1,78.5,947.7,0.253,0.584,0.92,Heavy congestion detected - signal timing extended and reroute suggested
EVT421813,2025-04-05 20:05:04,Trade Fair,J030,MG Road,7175,Weekend,False,Clear,False,0.0,False,False,0.683,High,15.8,45.3,303.6,0.189,0.436,0.977,Moderate traffic flow - standard adaptive signal timing in effect
EVT421814,2026-05-10 07:12:40,Concert,J030,MG Road,14038,Weekend,False,Light Rain,True,2.7,False,False,0.604,High,22.4,39.6,245.6,0.169,0.391,0.904,Heavy rain reducing visibility and grip - reduced speed and longer buffer advised
EVT421815,2025-11-04 18:42:45,Trade Fair,J031,Cubbon Road,8948,Weekday,False,Light Rain,True,2.5,False,False,1.0,Severe,5.8,67.1,1242.5,0.279,0.644,0.864,Heavy rain reducing visibility and grip - reduced speed and longer buffer advised
EVT421816,2026-03-02 19:18:31,Political Rally,J023,Basavanagudi,14016,Weekday,False,Clear,False,0.0,False,False,0.988,Severe,7.7,71.3,428.8,0.141,0.325,0.927,Heavy congestion detected - signal timing extended and reroute suggested
EVT421817,2025-02-05 08:18:13,Local Market Day,J012,Koramangala Sony World,3773,Weekday,False,Clear,False,0.0,False,False,0.862,Severe,12.4,63.4,522.6,0.232,0.536,0.933,Heavy congestion detected - signal timing extended and reroute suggested
EVT421818,2025-06-10 12:06:11,Political Rally,J011,Indiranagar 100ft Road,6826,Weekday,False,Heavy Rain,True,31.4,False,False,0.546,Moderate,20.8,36.7,142.4,0.1,0.231,0.911,Light rain detected - minor speed reduction advised
EVT421819,2026-01-07 23:10:15,Local Market Day,J023,Basavanagudi,8640,Weekday,False,Clear,False,0.0,False,False,0.195,Low,36.1,14.3,154.9,0.131,0.302,0.969,Normal free-flow traffic - standard signal timing maintained
EVT421820,2025-02-07 15:01:20,Sports Fixture,J012,Koramangala Sony World,13260,Weekday,False,Clear,False,0.0,False,False,0.335,Low,28.1,26.3,195.9,0.152,0.352,0.975,Moderate traffic flow - standard adaptive signal timing in effect
EVT421821,2026-03-01 19:12:11,Sports Fixture,J012,Koramangala Sony World,18694,Weekend,False,Clear,False,0.0,False,False,0.84,Severe,11.6,65.1,419.7,0.187,0.432,0.911,Heavy congestion detected - signal timing extended and reroute suggested
EVT421822,2025-04-09 09:28:33,Trade Fair,J011,Indiranagar 100ft Road,14487,Weekday,False,Rain,True,22.7,False,False,1.0,Severe,9.1,70.8,371.6,0.155,0.358,0.858,Heavy rain reducing visibility and grip - reduced speed and longer buffer advised
EVT421823,2025-04-09 08:16:00,Concert,J023,Basavanagudi,17083,Weekday,False,Fog,False,0.0,False,False,0.989,Severe,7.6,73.0,703.7,0.217,0.5,0.911,Heavy congestion detected - signal timing extended and reroute suggested
EVT421824,2025-06-20 08:26:54,Political Rally,J020,Malleshwaram Circle,19486,Weekday,False,Heavy Rain,True,28.9,False,False,1.0,Severe,9.5,70.5,401.7,0.178,0.411,0.862,Heavy rain reducing visibility and grip - reduced speed and longer buffer advised
EVT421825,2025-12-12 06:16:20,Local Market Day,J011,Indiranagar 100ft Road,6135,Weekday,False,Clear,False,0.0,False,False,0.316,Low,24.9,21.5,302.3,0.211,0.487,0.966,Moderate traffic flow - standard adaptive signal timing in effect
EVT421826,2025-07-01 18:50:49,Sports Fixture,J040,City Market,17825,Weekday,False,Clear,False,0.0,False,False,1.0,Severe,7.3,72.2,600.0,0.182,0.421,0.906,Heavy congestion detected - signal timing extended and reroute suggested
EVT421827,2025-07-02 07:12:32,Local Market Day,J023,Basavanagudi,3752,Weekday,False,Heavy Rain,True,38.3,False,False,0.94,Severe,10.4,70.3,660.4,0.259,0.599,0.874,Heavy rain reducing visibility and grip - reduced speed and longer buffer advised
EVT421828,2025-06-26 16:01:20,Sports Fixture,J040,City Market,37637,Weekday,False,Clear,False,0.0,False,False,0.659,High,17.6,50.9,301.6,0.186,0.429,0.951,Moderate traffic flow - standard adaptive signal timing in effect
EVT421829,2026-04-25 17:12:07,Local Market Day,J011,Indiranagar 100ft Road,3267,Weekend,False,Fog,False,0.0,False,False,0.595,High,22.7,42.7,363.1,0.261,0.603,0.949,Moderate traffic flow - standard adaptive signal timing in effect
EVT421830,2026-01-11 20:33:20,Sports Fixture,J031,Cubbon Road,28022,Weekend,False,Clear,False,0.0,False,False,0.656,High,20.1,48.1,333.3,0.213,0.492,0.949,Moderate traffic flow - standard adaptive signal timing in effect
EVT421831,2025-01-26 06:28:52,Religious Festival,J030,MG Road,75113,Weekend,True,Clear,False,0.0,False,True,1.0,Severe,8.2,102.7,251.4,0.108,0.25,0.814,Road closure for event/procession - full detour recommended for through-traffic
EVT421832,2025-01-10 11:54:43,Local Market Day,J031,Cubbon Road,3872,Weekday,False,Clear,False,0.0,False,False,0.248,Low,29.1,20.8,61.0,0.048,0.112,0.973,Normal free-flow traffic - standard signal timing maintained
EVT421833,2025-02-14 06:54:30,Local Market Day,J040,City Market,3082,Weekday,False,Clear,False,0.0,False,False,0.439,Moderate,22.9,32.3,161.0,0.097,0.224,0.973,Moderate traffic flow - standard adaptive signal timing in effect
EVT421834,2025-05-30 17:41:47,Trade Fair,J023,Basavanagudi,7964,Weekday,False,Rain,True,20.7,False,False,1.0,Severe,9.3,76.1,827.2,0.293,0.677,0.87,Heavy rain reducing visibility and grip - reduced speed and longer buffer advised
EVT421835,2025-10-16 05:18:54,Local Market Day,J020,Malleshwaram Circle,3532,Weekday,False,Clear,False,0.0,False,False,0.137,Low,26.1,14.5,101.5,0.063,0.146,0.955,Normal free-flow traffic - standard signal timing maintained
EVT421836,2025-08-25 08:05:27,Trade Fair,J030,MG Road,5779,Weekday,False,Clear,False,0.0,False,False,0.894,Severe,10.1,64.6,575.2,0.213,0.492,0.951,Heavy congestion detected - signal timing extended and reroute suggested
EVT421837,2026-04-21 17:56:12,Local Market Day,J020,Malleshwaram Circle,3891,Weekday,False,Clear,False,0.0,False,False,1.0,Severe,8.5,65.6,634.2,0.21,0.484,0.906,Heavy congestion detected - signal timing extended and reroute suggested
EVT421838,2025-06-28 15:54:52,Political Rally,J040,City Market,16898,Weekend,False,Heavy Rain,True,33.6,False,False,0.82,Severe,11.8,59.3,335.3,0.153,0.354,0.898,Heavy rain reducing visibility and grip - reduced speed and longer buffer advised
EVT421839,2026-04-23 16:28:35,Political Rally,J020,Malleshwaram Circle,28334,Weekday,False,Rain,True,14.6,False,False,0.846,Severe,10.9,58.4,514.4,0.201,0.465,0.92,Heavy rain reducing visibility and grip - reduced speed and longer buffer advised
EVT421840,2026-01-01 05:29:19,Cultural Procession,J009,Majestic,17776,Weekday,True,Clear,False,0.0,False,True,0.619,Moderate,20.6,54.7,311.8,0.2,0.463,0.88,Road closure for event/procession - full detour recommended for through-traffic
EVT421841,2026-02-08 12:46:00,Sports Fixture,J040,City Market,13246,Weekend,False,Clear,False,0.0,False,False,0.361,Moderate,32.5,24.3,181.7,0.176,0.407,0.932,Moderate traffic flow - standard adaptive signal timing in effect
EVT421842,2025-05-13 22:21:17,Sports Fixture,J040,City Market,15870,Weekday,False,Clear,False,0.0,False,False,0.262,Low,34.4,22.8,117.8,0.117,0.271,0.963,Moderate traffic flow - standard adaptive signal timing in effect
EVT421843,2025-07-31 18:27:30,Local Market Day,J030,MG Road,3061,Weekday,False,Clear,False,0.0,False,False,1.0,Severe,8.9,67.8,438.6,0.142,0.328,0.921,Heavy congestion detected - signal timing extended and reroute suggested
EVT421844,2025-04-12 18:31:16,Sports Fixture,J020,Malleshwaram Circle,12388,Weekend,False,Clear,False,0.0,False,False,0.933,Severe,12.2,71.0,371.5,0.178,0.41,0.948,Heavy congestion detected - signal timing extended and reroute suggested
EVT421845,2025-09-17 17:41:43,Local Market Day,J011,Indiranagar 100ft Road,4592,Weekday,False,Rain,True,7.5,False,False,0.92,Severe,8.6,63.8,508.9,0.172,0.396,0.861,Heavy rain reducing visibility and grip - reduced speed and longer buffer advised
EVT421846,2026-02-17 16:47:59,Local Market Day,J020,Malleshwaram Circle,3323,Weekday,False,Clear,False,0.0,False,False,0.655,High,20.3,44.2,102.8,0.049,0.113,0.984,Moderate traffic flow - standard adaptive signal timing in effect
EVT421847,2025-01-08 15:59:53,Sports Fixture,J023,Basavanagudi,20451,Weekday,False,Fog,False,0.0,False,False,0.542,Moderate,26.3,40.0,217.5,0.162,0.373,0.963,Moderate traffic flow - standard adaptive signal timing in effect
EVT421848,2026-04-01 08:00:05,Sports Fixture,J030,MG Road,24417,Weekday,False,Clear,False,0.0,False,False,0.904,Severe,9.1,61.1,572.0,0.197,0.455,0.938,Heavy congestion detected - signal timing extended and reroute suggested
EVT421849,2025-04-07 07:31:08,Religious Festival,J040,City Market,36157,Weekday,True,Clear,False,0.0,False,False,1.0,Severe,8.6,70.5,392.0,0.16,0.369,0.855,Festival crowd surge detected - alternate route and extended cycle recommended
EVT421850,2026-02-11 13:09:32,Concert,J009,Majestic,7618,Weekday,False,Clear,False,0.0,False,False,0.208,Low,28.8,19.6,182.4,0.121,0.279,0.957,Normal free-flow traffic - standard signal timing maintained
EVT421851,2025-09-22 15:17:22,Concert,J012,Koramangala Sony World,16264,Weekday,False,Heavy Rain,True,27.5,False,False,0.611,High,21.5,39.1,92.4,0.057,0.132,0.928,Heavy rain reducing visibility and grip - reduced speed and longer buffer advised
EVT421852,2025-03-18 09:12:19,Concert,J023,Basavanagudi,15373,Weekday,False,Fog,False,0.0,False,False,1.0,Severe,7.9,66.8,785.1,0.236,0.544,0.896,Heavy congestion detected - signal timing extended and reroute suggested
EVT421853,2025-03-11 19:59:37,Local Market Day,J009,Majestic,5197,Weekday,False,Clear,False,0.0,False,False,0.76,Severe,14.5,57.8,317.0,0.171,0.395,0.965,Heavy congestion detected - signal timing extended and reroute suggested
EVT421854,2025-07-26 17:24:02,Trade Fair,J020,Malleshwaram Circle,7002,Weekend,False,Clear,False,0.0,False,False,0.711,High,18.7,46.4,329.4,0.185,0.428,0.966,Moderate traffic flow - standard adaptive signal timing in effect
EVT421855,2026-05-11 21:48:26,Sports Fixture,J012,Koramangala Sony World,16192,Weekday,False,Clear,False,0.0,False,False,0.354,Moderate,28.4,21.6,152.7,0.113,0.261,0.971,Moderate traffic flow - standard adaptive signal timing in effect
EVT421856,2025-08-04 09:29:10,Concert,J020,Malleshwaram Circle,11352,Weekday,False,Clear,False,0.0,False,False,1.0,Severe,6.6,68.3,727.7,0.206,0.475,0.923,Heavy congestion detected - signal timing extended and reroute suggested
EVT421857,2025-06-06 19:59:00,Sports Fixture,J023,Basavanagudi,31526,Weekday,False,Clear,False,0.0,False,False,0.819,Severe,17.2,51.6,148.5,0.096,0.223,0.972,Heavy congestion detected - signal timing extended and reroute suggested
EVT421858,2025-04-10 18:03:38,Sports Fixture,J023,Basavanagudi,24973,Weekday,False,Clear,False,0.0,False,False,1.0,Severe,8.0,79.8,565.8,0.193,0.445,0.902,Heavy congestion detected - signal timing extended and reroute suggested
EVT421859,2025-05-25 06:58:32,Trade Fair,J009,Majestic,9563,Weekend,False,Rain,True,14.9,False,False,0.707,High,19.5,46.3,214.1,0.141,0.325,0.886,Heavy rain reducing visibility and grip - reduced speed and longer buffer advised
EVT421860,2026-04-03 19:13:06,Concert,J031,Cubbon Road,17679,Weekday,False,Clear,False,0.0,False,False,1.0,Severe,8.1,66.4,283.5,0.113,0.26,0.905,Heavy congestion detected - signal timing extended and reroute suggested
EVT421861,2025-06-11 17:12:22,Sports Fixture,J030,MG Road,16195,Weekday,False,Clear,False,0.0,False,False,0.932,Severe,10.7,66.1,582.3,0.235,0.544,0.94,Heavy congestion detected - signal timing extended and reroute suggested
EVT421862,2025-11-14 10:11:55,Local Market Day,J011,Indiranagar 100ft Road,4446,Weekday,False,Clear,False,0.0,False,False,0.7,High,21.4,48.6,297.5,0.216,0.498,0.967,Moderate traffic flow - standard adaptive signal timing in effect
EVT421863,2025-05-13 10:00:54,Concert,J023,Basavanagudi,7869,Weekday,False,Clear,False,0.0,False,False,0.775,Severe,15.6,60.6,379.0,0.215,0.497,0.953,Heavy congestion detected - signal timing extended and reroute suggested
EVT421864,2026-02-05 06:23:35,Local Market Day,J020,Malleshwaram Circle,5252,Weekday,False,Clear,False,0.0,False,False,0.297,Low,30.7,24.0,177.7,0.144,0.333,0.976,Moderate traffic flow - standard adaptive signal timing in effect
EVT421865,2026-04-21 21:42:24,Trade Fair,J009,Majestic,22699,Weekday,False,Clear,False,0.0,False,False,0.436,Moderate,23.5,36.9,231.0,0.159,0.367,0.967,Moderate traffic flow - standard adaptive signal timing in effect
EVT421866,2025-09-26 09:27:52,Local Market Day,J023,Basavanagudi,4981,Weekday,False,Light Rain,True,6.2,False,False,1.0,Severe,9.2,76.3,396.4,0.149,0.344,0.856,Heavy rain reducing visibility and grip - reduced speed and longer buffer advised
EVT421867,2025-10-29 20:06:15,Concert,J023,Basavanagudi,17331,Weekday,False,Clear,False,0.0,False,False,0.828,Severe,10.9,56.2,250.0,0.108,0.248,0.972,Heavy congestion detected - signal timing extended and reroute suggested
EVT421868,2025-03-03 18:22:34,Sports Fixture,J040,City Market,33730,Weekday,False,Clear,False,0.0,False,False,1.0,Severe,7.9,72.2,256.7,0.085,0.196,0.935,Heavy congestion detected - signal timing extended and reroute suggested
EVT421869,2025-08-12 13:57:29,Trade Fair,J040,City Market,5505,Weekday,False,Rain,True,24.2,False,False,0.403,Moderate,26.6,30.7,186.4,0.121,0.28,0.921,Light rain detected - minor speed reduction advised
EVT421870,2026-01-19 14:09:28,Local Market Day,J040,City Market,2734,Weekday,False,Clear,False,0.0,False,False,0.175,Low,36.3,12.2,107.8,0.084,0.194,0.99,Normal free-flow traffic - standard signal timing maintained
EVT421871,2026-04-25 18:35:16,Concert,J012,Koramangala Sony World,9237,Weekend,False,Clear,False,0.0,False,False,0.848,Severe,10.7,54.6,229.7,0.093,0.216,0.935,Heavy congestion detected - signal timing extended and reroute suggested
EVT421872,2026-02-13 12:31:08,Concert,J031,Cubbon Road,7566,Weekday,False,Clear,False,0.0,False,False,0.246,Low,21.5,15.7,204.9,0.128,0.296,0.963,Normal free-flow traffic - standard signal timing maintained
EVT421873,2026-06-03 19:26:46,Sports Fixture,J023,Basavanagudi,25831,Weekday,False,Clear,False,0.0,False,False,1.0,Severe,9.2,72.7,715.5,0.247,0.57,0.925,Heavy congestion detected - signal timing extended and reroute suggested
EVT421874,2026-04-21 10:40:08,Local Market Day,J031,Cubbon Road,3370,Weekday,False,Clear,False,0.0,False,False,0.605,High,22.7,38.2,164.5,0.098,0.227,0.966,Moderate traffic flow - standard adaptive signal timing in effect
EVT421875,2026-03-29 21:24:16,Sports Fixture,J020,Malleshwaram Circle,25039,Weekend,False,Clear,False,0.0,False,False,0.477,Moderate,31.8,37.7,171.0,0.157,0.362,0.956,Moderate traffic flow - standard adaptive signal timing in effect
EVT421876,2026-05-16 21:04:57,Trade Fair,J030,MG Road,5800,Weekend,False,Rain,True,10.2,False,False,0.6,High,17.7,41.9,243.9,0.149,0.345,0.923,Heavy rain reducing visibility and grip - reduced speed and longer buffer advised
EVT421877,2025-09-03 12:41:05,Trade Fair,J011,Indiranagar 100ft Road,5369,Weekday,False,Rain,True,15.4,False,False,0.369,Moderate,26.7,29.3,194.0,0.16,0.369,0.927,Light rain detected - minor speed reduction advised
EVT421878,2025-05-29 20:32:07,Local Market Day,J040,City Market,5054,Weekday,False,Clear,False,0.0,False,False,0.535,Moderate,23.9,36.9,275.8,0.212,0.49,0.941,Moderate traffic flow - standard adaptive signal timing in effect
EVT421879,2025-02-15 19:57:30,Sports Fixture,J020,Malleshwaram Circle,20005,Weekend,False,Clear,False,0.0,False,False,0.748,High,16.2,53.1,380.8,0.194,0.449,0.974,Moderate traffic flow - standard adaptive signal timing in effect
EVT421880,2026-01-30 11:25:12,Political Rally,J023,Basavanagudi,9048,Weekday,False,Clear,False,0.0,False,False,0.242,Low,30.6,15.6,123.3,0.09,0.209,0.922,Normal free-flow traffic - standard signal timing maintained
EVT421881,2025-03-05 12:10:55,Trade Fair,J012,Koramangala Sony World,5390,Weekday,False,Clear,False,0.0,False,False,0.24,Low,35.0,17.4,61.3,0.045,0.104,0.982,Normal free-flow traffic - standard signal timing maintained
EVT421882,2025-07-21 08:18:47,Local Market Day,J012,Koramangala Sony World,4082,Weekday,False,Heavy Rain,True,43.4,False,False,1.0,Severe,9.4,73.4,507.4,0.182,0.419,0.843,Heavy rain reducing visibility and grip - reduced speed and longer buffer advised
EVT421883,2025-07-17 03:30:13,Local Market Day,J040,City Market,4655,Weekday,False,Fog,False,0.0,False,False,0.143,Low,27.5,8.7,172.0,0.107,0.248,0.982,Normal free-flow traffic - standard signal timing maintained
EVT421884,2025-02-03 13:55:19,Local Market Day,J020,Malleshwaram Circle,3592,Weekday,False,Clear,False,0.0,False,False,0.219,Low,35.5,19.3,202.7,0.202,0.467,0.943,Normal free-flow traffic - standard signal timing maintained
EVT421885,2025-05-27 16:08:17,Political Rally,J012,Koramangala Sony World,10690,Weekday,False,Clear,False,0.0,False,False,0.478,Moderate,26.5,30.4,304.9,0.243,0.562,0.969,Moderate traffic flow - standard adaptive signal timing in effect
EVT421886,2025-04-21 17:07:17,Sports Fixture,J040,City Market,35537,Weekday,False,Rain,True,14.6,False,False,1.0,Severe,9.5,70.1,194.2,0.091,0.211,0.844,Heavy rain reducing visibility and grip - reduced speed and longer buffer advised
EVT421887,2025-07-07 14:46:24,Political Rally,J040,City Market,14258,Weekday,False,Rain,True,16.2,False,False,0.48,Moderate,25.1,22.6,116.5,0.07,0.162,0.919,Light rain detected - minor speed reduction advised
EVT421888,2025-12-27 17:53:48,Concert,J023,Basavanagudi,7539,Weekend,False,Clear,False,0.0,False,False,0.827,Severe,12.9,56.5,179.5,0.077,0.177,0.972,Heavy congestion detected - signal timing extended and reroute suggested
EVT421889,2025-05-01 16:33:35,Religious Festival,J009,Majestic,28442,Weekday,True,Clear,False,0.0,False,False,0.942,Severe,10.3,67.9,503.8,0.194,0.448,0.861,Festival crowd surge detected - alternate route and extended cycle recommended
EVT421890,2025-01-21 19:14:46,Trade Fair,J040,City Market,12736,Weekday,False,Clear,False,0.0,False,False,1.0,Severe,9.3,72.0,509.0,0.204,0.471,0.922,Heavy congestion detected - signal timing extended and reroute suggested
EVT421891,2025-05-03 12:21:55,Local Market Day,J023,Basavanagudi,3767,Weekend,False,Clear,False,0.0,False,False,0.25,Low,31.0,19.4,104.7,0.071,0.165,0.956,Normal free-flow traffic - standard signal timing maintained
EVT421892,2026-04-25 09:23:03,Political Rally,J023,Basavanagudi,12138,Weekend,False,Clear,False,0.0,False,False,0.901,Severe,13.6,67.5,381.2,0.193,0.447,0.961,Heavy congestion detected - signal timing extended and reroute suggested
EVT421893,2025-04-28 16:26:21,Local Market Day,J023,Basavanagudi,8333,Weekday,False,Clear,False,0.0,False,False,0.63,High,21.6,43.2,277.2,0.188,0.433,0.988,Moderate traffic flow - standard adaptive signal timing in effect
EVT421894,2025-05-21 19:28:49,Concert,J040,City Market,12395,Weekday,False,Clear,False,0.0,False,False,0.938,Severe,8.2,70.8,471.0,0.162,0.374,0.917,Heavy congestion detected - signal timing extended and reroute suggested
EVT421895,2026-05-20 18:26:06,Local Market Day,J011,Indiranagar 100ft Road,4146,Weekday,False,Rain,True,21.7,False,False,1.0,Severe,7.1,69.8,605.2,0.18,0.416,0.878,Heavy rain reducing visibility and grip - reduced speed and longer buffer advised
EVT421896,2025-04-26 18:51:40,Sports Fixture,J011,Indiranagar 100ft Road,13346,Weekend,False,Clear,False,0.0,False,False,0.862,Severe,12.1,63.1,491.8,0.227,0.523,0.929,Heavy congestion detected - signal timing extended and reroute suggested
EVT421897,2025-07-24 07:32:50,Local Market Day,J020,Malleshwaram Circle,2875,Weekday,False,Clear,False,0.0,False,False,0.55,High,22.5,40.7,133.3,0.087,0.202,0.984,Moderate traffic flow - standard adaptive signal timing in effect
EVT421898,2026-06-17 09:22:06,Sports Fixture,J030,MG Road,25720,Weekday,False,Clear,False,0.0,False,False,1.0,Severe,7.8,69.9,368.7,0.139,0.322,0.901,Heavy congestion detected - signal timing extended and reroute suggested
EVT421899,2025-08-04 07:46:22,Concert,J030,MG Road,18288,Weekday,False,Fog,False,0.0,False,False,0.779,Severe,14.2,56.0,411.5,0.2,0.462,0.94,Heavy congestion detected - signal timing extended and reroute suggested
EVT421900,2026-03-30 15:44:02,Trade Fair,J031,Cubbon Road,11706,Weekday,False,Clear,False,0.0,False,False,0.389,Moderate,22.4,31.5,319.9,0.222,0.512,0.929,Moderate traffic flow - standard adaptive signal timing in effect
EVT421901,2025-12-07 14:02:18,Concert,J011,Indiranagar 100ft Road,8395,Weekend,False,Clear,False,0.0,False,False,0.29,Low,34.4,19.5,122.4,0.123,0.284,0.982,Moderate traffic flow - standard adaptive signal timing in effect
EVT421902,2026-03-13 09:36:25,Concert,J023,Basavanagudi,22937,Weekday,False,Clear,False,0.0,False,False,1.0,Severe,6.8,73.4,321.1,0.116,0.268,0.925,Heavy congestion detected - signal timing extended and reroute suggested
EVT421903,2025-02-14 09:02:09,Sports Fixture,J012,Koramangala Sony World,46545,Weekday,False,Clear,False,0.0,False,False,1.0,Severe,11.0,69.2,523.2,0.213,0.491,0.916,Heavy congestion detected - signal timing extended and reroute suggested
EVT421904,2026-01-04 13:14:42,Sports Fixture,J040,City Market,29922,Weekend,False,Clear,False,0.0,False,False,0.431,Moderate,28.3,32.0,92.5,0.072,0.167,0.969,Moderate traffic flow - standard adaptive signal timing in effect
EVT421905,2025-12-12 06:00:55,Local Market Day,J020,Malleshwaram Circle,4674,Weekday,False,Clear,False,0.0,False,False,0.328,Low,33.7,21.6,141.3,0.128,0.297,0.962,Moderate traffic flow - standard adaptive signal timing in effect
EVT421906,2025-09-25 10:11:33,Sports Fixture,J040,City Market,16823,Weekday,False,Clear,False,0.0,False,False,0.759,Severe,14.9,48.7,308.0,0.167,0.386,0.965,Heavy congestion detected - signal timing extended and reroute suggested
EVT421907,2025-04-15 17:26:45,Fireworks Display,J030,MG Road,20399,Weekday,True,Clear,False,0.0,False,False,1.0,Severe,9.0,81.2,322.0,0.141,0.326,0.86,Festival crowd surge detected - alternate route and extended cycle recommended
EVT421908,2025-07-08 10:01:19,Local Market Day,J023,Basavanagudi,5642,Weekday,False,Clear,False,0.0,False,False,0.787,Severe,12.1,56.7,275.1,0.104,0.24,0.934,Heavy congestion detected - signal timing extended and reroute suggested
EVT421909,2026-04-04 18:55:50,Local Market Day,J020,Malleshwaram Circle,2010,Weekend,False,Clear,False,0.0,False,False,0.848,Severe,12.4,57.7,332.3,0.144,0.333,0.94,Heavy congestion detected - signal timing extended and reroute suggested
EVT421910,2025-04-03 19:50:38,Local Market Day,J020,Malleshwaram Circle,4076,Weekday,False,Light Rain,True,3.2,False,False,0.82,Severe,11.9,62.8,338.3,0.171,0.396,0.928,Heavy rain reducing visibility and grip - reduced speed and longer buffer advised
EVT421911,2026-04-16 12:45:10,Sports Fixture,J040,City Market,50457,Weekday,False,Clear,False,0.0,False,False,0.417,Moderate,37.4,35.7,128.8,0.106,0.245,0.981,Moderate traffic flow - standard adaptive signal timing in effect
EVT421912,2025-01-28 12:18:03,Trade Fair,J040,City Market,5072,Weekday,False,Clear,False,0.0,False,False,0.21,Low,35.6,18.5,156.4,0.157,0.364,0.954,Normal free-flow traffic - standard signal timing maintained
EVT421913,2025-12-19 09:27:30,Sports Fixture,J009,Majestic,20797,Weekday,False,Clear,False,0.0,False,False,1.0,Severe,8.5,67.6,361.5,0.115,0.266,0.908,Heavy congestion detected - signal timing extended and reroute suggested
EVT421914,2025-03-09 09:59:22,Concert,J020,Malleshwaram Circle,14927,Weekend,False,Clear,False,0.0,False,False,0.768,Severe,16.3,60.6,343.2,0.189,0.437,0.944,Heavy congestion detected - signal timing extended and reroute suggested
EVT421915,2025-05-31 19:27:59,Concert,J023,Basavanagudi,10627,Weekend,False,Clear,False,0.0,False,False,0.868,Severe,13.4,64.0,383.7,0.184,0.425,0.941,Heavy congestion detected - signal timing extended and reroute suggested
EVT421916,2025-08-20 18:38:25,Concert,J030,MG Road,13621,Weekday,False,Fog,False,0.0,False,False,1.0,Severe,7.2,73.7,873.9,0.268,0.619,0.914,Heavy congestion detected - signal timing extended and reroute suggested
EVT421917,2026-04-07 06:01:13,Local Market Day,J011,Indiranagar 100ft Road,2659,Weekday,False,Clear,False,0.0,False,False,0.327,Low,32.4,24.8,166.0,0.164,0.379,0.943,Moderate traffic flow - standard adaptive signal timing in effect
EVT421918,2025-01-10 09:56:44,Local Market Day,J030,MG Road,5293,Weekday,False,Fog,False,0.0,False,False,0.839,Severe,15.2,58.7,349.1,0.182,0.42,0.968,Heavy congestion detected - signal timing extended and reroute suggested
EVT421919,2026-02-24 18:59:38,Trade Fair,J023,Basavanagudi,6530,Weekday,False,Clear,False,0.0,False,False,1.0,Severe,7.7,69.0,546.6,0.184,0.424,0.903,Heavy congestion detected - signal timing extended and reroute suggested
EVT421920,2026-01-18 16:03:36,Trade Fair,J030,MG Road,7141,Weekend,False,Light Rain,True,2.7,False,False,0.52,Moderate,24.5,39.0,152.4,0.108,0.25,0.923,Light rain detected - minor speed reduction advised
EVT421921,2026-06-02 18:49:19,Sports Fixture,J012,Koramangala Sony World,39254,Weekday,False,Clear,False,0.0,False,False,1.0,Severe,8.1,66.0,704.6,0.228,0.528,0.939,Heavy congestion detected - signal timing extended and reroute suggested
EVT421922,2026-02-09 16:25:12,Trade Fair,J040,City Market,7625,Weekday,False,Fog,False,0.0,False,False,0.542,Moderate,24.7,34.5,149.6,0.126,0.291,0.976,Moderate traffic flow - standard adaptive signal timing in effect
EVT421923,2025-03-21 17:11:20,Sports Fixture,J031,Cubbon Road,18106,Weekday,False,Clear,False,0.0,False,False,0.908,Severe,10.6,64.6,576.1,0.239,0.551,0.93,Heavy congestion detected - signal timing extended and reroute suggested
EVT421924,2025-07-11 18:44:34,Political Rally,J031,Cubbon Road,30508,Weekday,False,Clear,False,0.0,False,False,1.0,Severe,9.3,71.2,649.7,0.253,0.584,0.909,Heavy congestion detected - signal timing extended and reroute suggested
EVT421925,2025-01-30 19:08:36,Concert,J009,Majestic,8207,Weekday,False,Clear,False,0.0,False,False,0.974,Severe,7.3,71.5,512.9,0.169,0.389,0.901,Heavy congestion detected - signal timing extended and reroute suggested
EVT421926,2025-06-30 09:21:34,Local Market Day,J031,Cubbon Road,2589,Weekday,False,Heavy Rain,True,35.7,False,False,1.0,Severe,6.3,62.7,981.0,0.235,0.543,0.852,Heavy rain reducing visibility and grip - reduced speed and longer buffer advised
EVT421927,2025-01-14 20:20:30,Cultural Procession,J009,Majestic,10604,Weekday,True,Fog,False,0.0,False,False,0.944,Severe,9.6,63.5,507.9,0.198,0.457,0.858,Festival crowd surge detected - alternate route and extended cycle recommended
EVT421928,2025-05-05 16:58:35,Local Market Day,J020,Malleshwaram Circle,5116,Weekday,False,Light Rain,True,3.2,False,False,0.77,Severe,16.4,51.6,120.3,0.068,0.156,0.918,Heavy rain reducing visibility and grip - reduced speed and longer buffer advised
EVT421929,2025-01-28 15:40:24,Local Market Day,J011,Indiranagar 100ft Road,4191,Weekday,False,Clear,False,0.0,False,False,0.372,Moderate,30.3,28.5,133.1,0.116,0.268,0.958,Moderate traffic flow - standard adaptive signal timing in effect
EVT421930,2025-08-01 10:51:51,Political Rally,J012,Koramangala Sony World,14299,Weekday,False,Clear,False,0.0,False,False,0.502,Moderate,19.3,33.3,286.8,0.177,0.409,0.99,Moderate traffic flow - standard adaptive signal timing in effect
EVT421931,2025-01-14 09:34:58,Religious Festival,J012,Koramangala Sony World,34057,Weekday,True,Light Rain,True,4.2,False,False,1.0,Severe,5.2,65.0,727.0,0.183,0.424,0.827,Festival crowd surge detected - alternate route and extended cycle recommended
EVT421932,2025-05-04 16:43:07,Local Market Day,J040,City Market,4421,Weekend,False,Clear,False,0.0,False,False,0.663,High,20.1,50.9,280.8,0.175,0.405,0.982,Moderate traffic flow - standard adaptive signal timing in effect
EVT421933,2025-05-15 07:29:23,Sports Fixture,J030,MG Road,13947,Weekday,False,Fog,False,0.0,False,False,0.625,High,21.8,40.6,391.4,0.287,0.664,0.96,Moderate traffic flow - standard adaptive signal timing in effect
EVT421934,2025-03-23 09:58:15,Local Market Day,J009,Majestic,4786,Weekend,False,Clear,False,0.0,False,False,0.725,High,20.6,55.5,139.4,0.076,0.176,0.942,Moderate traffic flow - standard adaptive signal timing in effect
EVT421935,2025-10-19 10:21:40,Trade Fair,J012,Koramangala Sony World,9199,Weekend,False,Clear,False,0.0,False,False,0.664,High,20.0,50.8,153.7,0.093,0.215,0.97,Moderate traffic flow - standard adaptive signal timing in effect
EVT421936,2026-05-02 09:36:33,Religious Festival,J011,Indiranagar 100ft Road,31955,Weekend,True,Heavy Rain,True,26.2,False,True,1.0,Severe,11.1,104.0,583.6,0.26,0.6,0.791,Road closure for event/procession - full detour recommended for through-traffic
EVT421937,2025-08-30 08:53:06,Local Market Day,J031,Cubbon Road,3170,Weekend,False,Rain,True,21.8,False,False,1.0,Severe,9.7,71.4,613.9,0.236,0.545,0.856,Heavy rain reducing visibility and grip - reduced speed and longer buffer advised
EVT421938,2025-10-13 15:46:50,Concert,J009,Majestic,17597,Weekday,False,Rain,True,7.8,False,False,0.62,High,17.8,43.5,195.8,0.121,0.279,0.925,Heavy rain reducing visibility and grip - reduced speed and longer buffer advised
EVT421939,2025-04-21 20:24:24,Concert,J012,Koramangala Sony World,18239,Weekday,False,Clear,False,0.0,False,False,0.626,High,20.8,43.1,196.8,0.118,0.272,0.987,Moderate traffic flow - standard adaptive signal timing in effect
EVT421940,2025-04-23 08:42:30,Concert,J011,Indiranagar 100ft Road,24087,Weekday,False,Clear,False,0.0,False,False,1.0,Severe,8.7,62.9,526.1,0.185,0.428,0.892,Heavy congestion detected - signal timing extended and reroute suggested
EVT421941,2025-05-08 18:28:21,Concert,J009,Majestic,14327,Weekday,False,Clear,False,0.0,False,False,1.0,Severe,8.8,72.0,579.1,0.196,0.452,0.923,Heavy congestion detected - signal timing extended and reroute suggested
EVT421942,2025-09-06 18:09:58,Religious Festival,J012,Koramangala Sony World,110231,Weekend,True,Rain,True,10.9,False,False,1.0,Severe,6.5,69.7,503.9,0.161,0.371,0.824,Festival crowd surge detected - alternate route and extended cycle recommended
EVT421943,2025-02-27 18:50:17,Sports Fixture,J023,Basavanagudi,36033,Weekday,False,Clear,False,0.0,False,False,1.0,Severe,7.9,72.7,378.9,0.143,0.331,0.919,Heavy congestion detected - signal timing extended and reroute suggested
EVT421944,2025-01-18 07:33:01,Local Market Day,J020,Malleshwaram Circle,3371,Weekend,False,Clear,False,0.0,False,False,0.577,High,16.7,40.4,377.0,0.218,0.503,0.965,Moderate traffic flow - standard adaptive signal timing in effect
EVT421945,2025-01-24 16:14:11,Local Market Day,J031,Cubbon Road,3296,Weekday,False,Clear,False,0.0,False,False,0.448,Moderate,28.5,29.4,178.2,0.156,0.361,0.99,Moderate traffic flow - standard adaptive signal timing in effect
EVT421946,2025-05-03 17:12:33,Concert,J031,Cubbon Road,11779,Weekend,False,Rain,True,19.0,False,False,0.977,Severe,10.9,68.9,396.1,0.185,0.426,0.864,Heavy rain reducing visibility and grip - reduced speed and longer buffer advised
EVT421947,2026-03-24 09:19:22,Concert,J040,City Market,15692,Weekday,False,Clear,False,0.0,False,False,1.0,Severe,9.0,67.2,721.4,0.28,0.646,0.951,Heavy congestion detected - signal timing extended and reroute suggested
EVT421948,2026-03-13 16:09:27,Sports Fixture,J020,Malleshwaram Circle,21999,Weekday,False,Clear,False,0.0,False,False,0.583,High,23.7,42.6,252.6,0.164,0.379,0.955,Moderate traffic flow - standard adaptive signal timing in effect
EVT421949,2025-10-08 11:34:33,Local Market Day,J030,MG Road,4292,Weekday,False,Clear,False,0.0,False,False,0.277,Low,27.2,13.7,120.1,0.085,0.195,0.99,Moderate traffic flow - standard adaptive signal timing in effect
EVT421950,2025-06-08 16:12:57,Local Market Day,J040,City Market,1151,Weekend,False,Rain,True,21.7,False,False,0.711,High,20.5,45.6,346.0,0.223,0.515,0.915,Heavy rain reducing visibility and grip - reduced speed and longer buffer advised
EVT421951,2025-07-13 06:24:35,Sports Fixture,J020,Malleshwaram Circle,26208,Weekend,False,Light Rain,True,7.1,False,False,0.647,High,22.8,49.5,209.1,0.144,0.332,0.932,Heavy rain reducing visibility and grip - reduced speed and longer buffer advised
EVT421952,2026-06-10 16:19:11,Concert,J030,MG Road,14600,Weekday,False,Heavy Rain,True,27.4,False,False,0.839,Severe,13.9,60.7,486.4,0.248,0.573,0.879,Heavy rain reducing visibility and grip - reduced speed and longer buffer advised
EVT421953,2025-07-24 21:44:27,Local Market Day,J031,Cubbon Road,3928,Weekday,False,Rain,True,8.9,False,False,0.407,Moderate,28.0,28.8,98.0,0.069,0.16,0.93,Light rain detected - minor speed reduction advised
EVT421954,2025-06-01 20:58:04,Political Rally,J031,Cubbon Road,14126,Weekend,False,Clear,False,0.0,False,False,0.446,Moderate,23.4,38.8,200.5,0.127,0.293,0.965,Moderate traffic flow - standard adaptive signal timing in effect
EVT421955,2026-04-25 16:29:45,Local Market Day,J012,Koramangala Sony World,2488,Weekend,False,Clear,False,0.0,False,False,0.517,Moderate,27.8,41.2,278.9,0.225,0.519,0.972,Moderate traffic flow - standard adaptive signal timing in effect
EVT421956,2026-01-23 16:51:46,Local Market Day,J030,MG Road,5130,Weekday,False,Clear,False,0.0,False,False,0.672,High,14.0,39.4,450.5,0.21,0.484,0.975,Moderate traffic flow - standard adaptive signal timing in effect
EVT421957,2025-04-05 08:37:18,Sports Fixture,J009,Majestic,25040,Weekend,False,Clear,False,0.0,False,False,0.892,Severe,12.1,60.4,245.9,0.111,0.257,0.938,Heavy congestion detected - signal timing extended and reroute suggested
EVT421958,2025-10-03 19:02:27,Religious Festival,J012,Koramangala Sony World,48700,Weekday,True,Rain,True,21.7,False,False,1.0,Severe,9.7,73.5,686.5,0.235,0.543,0.821,Festival crowd surge detected - alternate route and extended cycle recommended
EVT421959,2025-10-12 10:03:39,Trade Fair,J040,City Market,7049,Weekend,False,Clear,False,0.0,False,False,0.706,High,20.3,50.9,166.6,0.13,0.3,0.972,Moderate traffic flow - standard adaptive signal timing in effect
EVT421960,2025-07-18 20:49:49,Sports Fixture,J031,Cubbon Road,19367,Weekday,False,Heavy Rain,True,55.1,False,False,0.868,Severe,15.4,57.3,248.5,0.148,0.341,0.896,Heavy rain reducing visibility and grip - reduced speed and longer buffer advised
EVT421961,2026-01-31 19:23:46,Sports Fixture,J030,MG Road,24124,Weekend,False,Clear,False,0.0,False,False,0.866,Severe,13.1,57.4,381.8,0.193,0.446,0.941,Heavy congestion detected - signal timing extended and reroute suggested
EVT421962,2025-02-02 12:11:51,Sports Fixture,J023,Basavanagudi,29176,Weekend,False,Clear,False,0.0,False,False,0.441,Moderate,29.5,25.9,172.9,0.135,0.311,0.99,Moderate traffic flow - standard adaptive signal timing in effect
EVT421963,2026-06-09 09:09:40,Concert,J020,Malleshwaram Circle,16679,Weekday,False,Heavy Rain,True,38.0,False,False,1.0,Severe,8.4,69.6,337.6,0.109,0.251,0.855,Heavy rain reducing visibility and grip - reduced speed and longer buffer advised
EVT421964,2025-04-16 12:28:12,Local Market Day,J011,Indiranagar 100ft Road,3868,Weekday,False,Clear,False,0.0,False,False,0.213,Low,31.8,13.9,155.4,0.134,0.311,0.949,Normal free-flow traffic - standard signal timing maintained
EVT421965,2025-07-27 07:13:51,Sports Fixture,J012,Koramangala Sony World,18271,Weekend,False,Clear,False,0.0,False,False,0.605,High,27.0,40.1,162.2,0.128,0.295,0.955,Moderate traffic flow - standard adaptive signal timing in effect
EVT421966,2025-08-23 20:54:04,Concert,J020,Malleshwaram Circle,11956,Weekend,False,Rain,True,20.3,False,False,0.732,High,17.2,52.0,329.4,0.185,0.426,0.897,Heavy rain reducing visibility and grip - reduced speed and longer buffer advised
EVT421967,2026-04-11 08:47:00,Local Market Day,J030,MG Road,2359,Weekend,False,Clear,False,0.0,False,False,0.853,Severe,15.9,61.9,314.9,0.189,0.437,0.943,Heavy congestion detected - signal timing extended and reroute suggested
EVT421968,2025-09-22 10:07:22,Concert,J030,MG Road,6188,Weekday,False,Clear,False,0.0,False,False,0.735,High,14.0,53.2,252.2,0.127,0.293,0.95,Moderate traffic flow - standard adaptive signal timing in effect
EVT421969,2025-09-09 19:17:32,Local Market Day,J011,Indiranagar 100ft Road,5486,Weekday,False,Clear,False,0.0,False,False,0.957,Severe,9.5,67.1,643.3,0.255,0.59,0.913,Heavy congestion detected - signal timing extended and reroute suggested
EVT421970,2025-02-13 22:38:32,Local Market Day,J011,Indiranagar 100ft Road,8196,Weekday,False,Clear,False,0.0,False,False,0.228,Low,32.0,18.8,185.4,0.138,0.32,0.99,Normal free-flow traffic - standard signal timing maintained
EVT421971,2025-11-26 17:00:25,Sports Fixture,J040,City Market,16300,Weekday,False,Clear,False,0.0,False,False,0.828,Severe,14.8,56.0,278.8,0.143,0.329,0.986,Heavy congestion detected - signal timing extended and reroute suggested
EVT421972,2025-08-21 16:04:56,Local Market Day,J009,Majestic,2600,Weekday,False,Light Rain,True,4.5,False,False,0.53,Moderate,20.7,42.4,287.1,0.18,0.415,0.937,Light rain detected - minor speed reduction advised
EVT421973,2025-08-09 09:30:50,Concert,J040,City Market,10502,Weekend,False,Clear,False,0.0,False,False,0.861,Severe,15.7,60.9,315.9,0.187,0.432,0.912,Heavy congestion detected - signal timing extended and reroute suggested
EVT421974,2025-11-09 16:51:42,Concert,J023,Basavanagudi,12526,Weekend,False,Clear,False,0.0,False,False,0.645,High,20.5,47.1,273.2,0.18,0.417,0.971,Moderate traffic flow - standard adaptive signal timing in effect
EVT421975,2025-06-07 16:04:00,Sports Fixture,J020,Malleshwaram Circle,24326,Weekend,False,Heavy Rain,True,31.7,False,False,0.952,Severe,10.6,66.3,374.1,0.16,0.37,0.886,Heavy rain reducing visibility and grip - reduced speed and longer buffer advised
EVT421976,2026-04-14 16:00:31,Cultural Procession,J030,MG Road,20465,Weekday,True,Rain,True,15.6,False,False,0.935,Severe,10.7,69.7,334.4,0.14,0.323,0.836,Festival crowd surge detected - alternate route and extended cycle recommended
EVT421977,2026-04-03 07:52:33,Trade Fair,J020,Malleshwaram Circle,10829,Weekday,False,Clear,False,0.0,False,False,0.822,Severe,14.8,56.2,284.1,0.126,0.29,0.97,Heavy congestion detected - signal timing extended and reroute suggested
EVT421978,2025-02-13 14:08:37,Sports Fixture,J040,City Market,36758,Weekday,False,Clear,False,0.0,False,False,0.361,Moderate,28.6,23.9,100.1,0.069,0.16,0.962,Moderate traffic flow - standard adaptive signal timing in effect
EVT421979,2025-12-31 08:17:08,Sports Fixture,J012,Koramangala Sony World,18656,Weekday,False,Clear,False,0.0,False,False,0.931,Severe,12.9,63.7,553.6,0.271,0.625,0.92,Heavy congestion detected - signal timing extended and reroute suggested
EVT421980,2025-04-06 06:02:28,Religious Festival,J012,Koramangala Sony World,62847,Weekend,True,Clear,False,0.0,False,True,1.0,Severe,10.0,101.9,666.0,0.266,0.614,0.859,Road closure for event/procession - full detour recommended for through-traffic
EVT421981,2025-12-23 12:47:31,Sports Fixture,J030,MG Road,18077,Weekday,False,Clear,False,0.0,False,False,0.198,Low,31.1,20.8,100.1,0.06,0.139,0.96,Normal free-flow traffic - standard signal timing maintained
EVT421982,2025-07-20 19:50:45,Concert,J040,City Market,9868,Weekend,False,Clear,False,0.0,False,False,0.713,High,17.6,53.0,211.5,0.122,0.281,0.974,Moderate traffic flow - standard adaptive signal timing in effect
EVT421983,2025-12-14 17:21:59,Sports Fixture,J011,Indiranagar 100ft Road,36635,Weekend,False,Clear,False,0.0,False,False,0.879,Severe,8.0,69.3,600.3,0.194,0.449,0.939,Heavy congestion detected - signal timing extended and reroute suggested
EVT421984,2025-10-11 18:04:43,Sports Fixture,J040,City Market,17020,Weekend,False,Fog,False,0.0,False,False,1.0,Severe,7.8,70.0,279.5,0.091,0.21,0.909,Heavy congestion detected - signal timing extended and reroute suggested
EVT421985,2026-06-11 22:39:07,Concert,J009,Majestic,6787,Weekday,False,Rain,True,14.9,False,False,0.426,Moderate,25.1,29.2,202.8,0.136,0.314,0.934,Light rain detected - minor speed reduction advised
EVT421986,2026-01-04 17:01:04,Concert,J031,Cubbon Road,14649,Weekend,False,Clear,False,0.0,False,False,0.661,High,21.3,41.4,241.4,0.154,0.356,0.95,Moderate traffic flow - standard adaptive signal timing in effect
EVT421987,2026-06-13 07:27:34,Local Market Day,J011,Indiranagar 100ft Road,6736,Weekend,False,Clear,False,0.0,False,False,0.582,High,17.7,40.4,425.8,0.225,0.52,0.948,Moderate traffic flow - standard adaptive signal timing in effect
EVT421988,2026-04-16 07:06:38,Political Rally,J031,Cubbon Road,9873,Weekday,False,Clear,False,0.0,False,False,0.495,Moderate,26.1,29.3,81.0,0.075,0.173,0.96,Moderate traffic flow - standard adaptive signal timing in effect
EVT421989,2025-06-16 14:25:28,Sports Fixture,J012,Koramangala Sony World,28381,Weekday,False,Rain,True,19.0,False,False,0.569,High,21.2,40.8,117.9,0.074,0.172,0.924,Heavy rain reducing visibility and grip - reduced speed and longer buffer advised
EVT421990,2026-04-15 12:34:20,Religious Festival,J020,Malleshwaram Circle,65736,Weekday,True,Clear,False,0.0,False,True,0.974,Severe,10.0,94.1,325.6,0.153,0.354,0.829,Road closure for event/procession - full detour recommended for through-traffic
EVT421991,2025-06-26 10:23:08,Trade Fair,J031,Cubbon Road,11738,Weekday,False,Heavy Rain,True,26.5,False,False,0.972,Severe,8.1,72.7,583.9,0.193,0.445,0.863,Heavy rain reducing visibility and grip - reduced speed and longer buffer advised
EVT421992,2025-04-26 21:01:41,Political Rally,J030,MG Road,16919,Weekend,False,Clear,False,0.0,False,False,0.506,Moderate,21.4,31.7,157.9,0.115,0.266,0.978,Moderate traffic flow - standard adaptive signal timing in effect
EVT421993,2026-02-05 10:18:42,Sports Fixture,J031,Cubbon Road,30977,Weekday,False,Light Rain,True,3.5,False,False,0.962,Severe,8.9,68.0,694.6,0.248,0.573,0.855,Heavy rain reducing visibility and grip - reduced speed and longer buffer advised
EVT421994,2025-06-19 19:14:48,Local Market Day,J009,Majestic,3593,Weekday,False,Clear,False,0.0,False,False,0.926,Severe,13.7,61.2,157.4,0.068,0.157,0.93,Heavy congestion detected - signal timing extended and reroute suggested
EVT421995,2025-04-16 09:02:14,Concert,J023,Basavanagudi,9348,Weekday,False,Fog,False,0.0,False,False,0.984,Severe,7.0,68.0,309.7,0.103,0.237,0.938,Heavy congestion detected - signal timing extended and reroute suggested
EVT421996,2025-09-26 19:36:40,Sports Fixture,J020,Malleshwaram Circle,28086,Weekday,False,Clear,False,0.0,False,False,0.931,Severe,11.0,62.3,338.0,0.146,0.338,0.926,Heavy congestion detected - signal timing extended and reroute suggested
EVT421997,2025-04-19 00:20:35,Local Market Day,J040,City Market,6329,Weekend,False,Clear,False,0.0,False,False,0.239,Low,28.6,18.2,89.0,0.057,0.132,0.969,Normal free-flow traffic - standard signal timing maintained
EVT421998,2025-01-09 20:59:32,Local Market Day,J031,Cubbon Road,3634,Weekday,False,Clear,False,0.0,False,False,0.437,Moderate,26.6,30.7,132.6,0.086,0.199,0.932,Moderate traffic flow - standard adaptive signal timing in effect
EVT421999,2026-03-04 16:55:55,Religious Festival,J009,Majestic,31134,Weekday,True,Clear,False,0.0,False,True,1.0,Severe,9.1,92.0,643.1,0.227,0.525,0.862,Road closure for event/procession - full detour recommended for through-traffic
EVT422000,2025-03-19 20:05:00,Sports Fixture,J030,MG Road,35757,Weekday,False,Clear,False,0.0,False,False,0.887,Severe,14.8,61.1,215.8,0.108,0.249,0.95,Heavy congestion detected - signal timing extended and reroute suggested
EVT422001,2026-02-23 10:54:44,Sports Fixture,J023,Basavanagudi,12808,Weekday,False,Clear,False,0.0,False,False,0.503,Moderate,27.7,31.7,122.0,0.105,0.242,0.977,Moderate traffic flow - standard adaptive signal timing in effect
EVT422002,2025-12-16 07:39:15,Concert,J009,Majestic,12293,Weekday,False,Clear,False,0.0,False,False,0.692,High,17.7,50.9,349.9,0.235,0.543,0.949,Moderate traffic flow - standard adaptive signal timing in effect
EVT422003,2025-01-14 07:53:30,Religious Festival,J020,Malleshwaram Circle,52505,Weekday,True,Clear,False,0.0,False,False,1.0,Severe,8.9,71.9,545.6,0.192,0.444,0.856,Festival crowd surge detected - alternate route and extended cycle recommended
EVT422004,2025-07-12 18:55:13,Trade Fair,J030,MG Road,7508,Weekend,False,Clear,False,0.0,False,False,0.848,Severe,14.2,65.4,282.3,0.137,0.316,0.961,Heavy congestion detected - signal timing extended and reroute suggested
EVT422005,2025-09-14 13:00:45,Trade Fair,J023,Basavanagudi,7611,Weekend,False,Clear,False,0.0,False,False,0.283,Low,31.5,22.8,174.8,0.141,0.326,0.967,Moderate traffic flow - standard adaptive signal timing in effect
EVT422006,2025-11-30 15:14:02,Local Market Day,J020,Malleshwaram Circle,2366,Weekend,False,Rain,True,23.7,False,False,0.541,Moderate,25.9,35.2,243.0,0.173,0.399,0.91,Light rain detected - minor speed reduction advised
EVT422007,2025-07-16 16:48:27,Sports Fixture,J011,Indiranagar 100ft Road,24993,Weekday,False,Fog,False,0.0,False,False,0.808,Severe,19.3,57.6,264.2,0.166,0.384,0.945,Heavy congestion detected - signal timing extended and reroute suggested
EVT422008,2025-07-21 13:35:25,Local Market Day,J012,Koramangala Sony World,5016,Weekday,False,Clear,False,0.0,False,False,0.255,Low,36.9,16.0,178.7,0.156,0.36,0.968,Moderate traffic flow - standard adaptive signal timing in effect
EVT422009,2025-04-30 17:49:21,Local Market Day,J030,MG Road,5087,Weekday,False,Clear,False,0.0,False,False,0.969,Severe,11.1,71.4,567.2,0.253,0.585,0.907,Heavy congestion detected - signal timing extended and reroute suggested
EVT422010,2025-10-22 19:50:43,Cultural Procession,J020,Malleshwaram Circle,15853,Weekday,True,Light Rain,True,5.7,False,False,1.0,Severe,7.7,72.9,1048.6,0.336,0.775,0.806,Festival crowd surge detected - alternate route and extended cycle recommended
EVT422011,2025-08-29 20:44:12,Trade Fair,J040,City Market,13552,Weekday,False,Heavy Rain,True,80.4,False,False,0.917,Severe,11.3,64.9,439.5,0.211,0.488,0.889,Heavy rain reducing visibility and grip - reduced speed and longer buffer advised
EVT422012,2025-02-09 13:15:21,Local Market Day,J040,City Market,4200,Weekend,False,Clear,False,0.0,False,False,0.211,Low,31.7,18.2,166.4,0.147,0.34,0.966,Normal free-flow traffic - standard signal timing maintained
EVT422013,2025-09-14 13:34:29,Local Market Day,J009,Majestic,2950,Weekend,False,Clear,False,0.0,False,False,0.259,Low,33.6,14.9,150.7,0.124,0.287,0.977,Moderate traffic flow - standard adaptive signal timing in effect
EVT422014,2026-02-22 16:35:36,Local Market Day,J040,City Market,3516,Weekend,False,Clear,False,0.0,False,False,0.527,Moderate,30.9,38.5,202.9,0.196,0.452,0.957,Moderate traffic flow - standard adaptive signal timing in effect
EVT422015,2026-01-08 16:06:03,Sports Fixture,J011,Indiranagar 100ft Road,18798,Weekday,False,Clear,False,0.0,False,False,0.54,Moderate,22.1,39.9,227.0,0.169,0.39,0.976,Moderate traffic flow - standard adaptive signal timing in effect
EVT422016,2026-02-07 13:16:48,Concert,J011,Indiranagar 100ft Road,7288,Weekend,False,Clear,False,0.0,False,False,0.254,Low,37.3,17.9,140.7,0.138,0.318,0.948,Moderate traffic flow - standard adaptive signal timing in effect
EVT422017,2025-09-02 11:46:07,Sports Fixture,J031,Cubbon Road,15900,Weekday,False,Rain,True,14.3,False,False,0.4,Moderate,30.1,26.9,202.5,0.192,0.444,0.913,Light rain detected - minor speed reduction advised
EVT422018,2025-11-14 18:00:28,Local Market Day,J040,City Market,7703,Weekday,False,Light Rain,True,2.6,False,False,1.0,Severe,7.3,76.4,745.4,0.228,0.526,0.872,Heavy rain reducing visibility and grip - reduced speed and longer buffer advised
EVT422019,2026-04-22 17:56:39,Political Rally,J030,MG Road,26731,Weekday,False,Clear,False,0.0,False,False,1.0,Severe,8.5,73.4,644.8,0.252,0.581,0.936,Heavy congestion detected - signal timing extended and reroute suggested
EVT422020,2026-05-07 07:51:55,Concert,J030,MG Road,13524,Weekday,False,Clear,False,0.0,False,False,0.852,Severe,11.4,59.1,453.1,0.217,0.502,0.954,Heavy congestion detected - signal timing extended and reroute suggested
EVT422021,2026-06-05 21:46:41,Local Market Day,J040,City Market,3942,Weekday,False,Rain,True,11.9,False,False,0.38,Moderate,28.2,26.2,137.9,0.103,0.239,0.901,Light rain detected - minor speed reduction advised
EVT422022,2025-11-14 13:33:43,Sports Fixture,J011,Indiranagar 100ft Road,36154,Weekday,False,Clear,False,0.0,False,False,0.408,Moderate,30.8,33.2,83.4,0.067,0.154,0.973,Moderate traffic flow - standard adaptive signal timing in effect
EVT422023,2025-06-21 07:44:50,Local Market Day,J020,Malleshwaram Circle,2861,Weekend,False,Heavy Rain,True,27.4,False,False,0.886,Severe,10.8,62.5,328.4,0.133,0.308,0.894,Heavy rain reducing visibility and grip - reduced speed and longer buffer advised
EVT422024,2026-02-24 19:45:25,Trade Fair,J011,Indiranagar 100ft Road,10879,Weekday,False,Clear,False,0.0,False,False,0.87,Severe,12.8,64.8,315.9,0.142,0.328,0.934,Heavy congestion detected - signal timing extended and reroute suggested
EVT422025,2025-09-13 13:35:39,Sports Fixture,J009,Majestic,17716,Weekend,False,Clear,False,0.0,False,False,0.308,Low,29.1,22.6,170.8,0.114,0.263,0.969,Moderate traffic flow - standard adaptive signal timing in effect
EVT422026,2025-02-26 00:29:11,Political Rally,J012,Koramangala Sony World,13466,Weekday,False,Clear,False,0.0,False,False,0.24,Low,27.5,16.8,130.8,0.092,0.212,0.979,Normal free-flow traffic - standard signal timing maintained
EVT422027,2025-05-17 10:39:59,Local Market Day,J023,Basavanagudi,3625,Weekend,False,Clear,False,0.0,False,False,0.494,Moderate,25.6,34.2,217.8,0.176,0.406,0.977,Moderate traffic flow - standard adaptive signal timing in effect
EVT422028,2026-02-27 09:28:44,Sports Fixture,J040,City Market,22542,Weekday,False,Clear,False,0.0,False,False,1.0,Severe,7.8,75.3,865.9,0.257,0.593,0.934,Heavy congestion detected - signal timing extended and reroute suggested
EVT422029,2026-06-05 21:04:57,Local Market Day,J031,Cubbon Road,4219,Weekday,False,Clear,False,0.0,False,False,0.447,Moderate,27.3,34.6,165.9,0.133,0.307,0.964,Moderate traffic flow - standard adaptive signal timing in effect
EVT422030,2026-01-14 09:15:45,Religious Festival,J031,Cubbon Road,32039,Weekday,True,Clear,False,0.0,False,True,1.0,Severe,9.2,98.3,409.8,0.169,0.39,0.828,Road closure for event/procession - full detour recommended for through-traffic
EVT422031,2026-04-03 09:21:19,Trade Fair,J023,Basavanagudi,11000,Weekday,False,Clear,False,0.0,False,False,1.0,Severe,8.5,78.8,485.0,0.167,0.385,0.931,Heavy congestion detected - signal timing extended and reroute suggested
EVT422032,2025-09-28 17:45:29,Trade Fair,J040,City Market,4127,Weekend,False,Light Rain,True,3.2,False,False,0.906,Severe,11.8,60.7,413.8,0.179,0.414,0.881,Heavy rain reducing visibility and grip - reduced speed and longer buffer advised
EVT422033,2025-01-31 17:38:12,Trade Fair,J009,Majestic,9545,Weekday,False,Clear,False,0.0,False,False,0.867,Severe,12.7,68.9,457.1,0.231,0.533,0.947,Heavy congestion detected - signal timing extended and reroute suggested
EVT422034,2026-04-27 17:20:39,Political Rally,J023,Basavanagudi,21413,Weekday,False,Clear,False,0.0,False,False,0.958,Severe,8.0,68.1,846.4,0.258,0.595,0.912,Heavy congestion detected - signal timing extended and reroute suggested
EVT422035,2025-12-08 19:24:31,Local Market Day,J012,Koramangala Sony World,6041,Weekday,False,Clear,False,0.0,False,False,0.862,Severe,15.1,60.9,194.9,0.099,0.228,0.932,Heavy congestion detected - signal timing extended and reroute suggested
EVT422036,2025-11-14 18:59:25,Local Market Day,J009,Majestic,6382,Weekday,False,Clear,False,0.0,False,False,0.99,Severe,9.6,74.4,450.0,0.184,0.426,0.91,Heavy congestion detected - signal timing extended and reroute suggested
EVT422037,2025-01-06 12:40:51,Local Market Day,J023,Basavanagudi,4353,Weekday,False,Clear,False,0.0,False,False,0.166,Low,31.8,15.4,107.8,0.124,0.285,0.976,Normal free-flow traffic - standard signal timing maintained
EVT422038,2025-07-25 19:02:46,Concert,J011,Indiranagar 100ft Road,11340,Weekday,False,Rain,True,22.1,True,False,1.0,Severe,7.5,77.2,463.9,0.166,0.384,0.727,Accident detected nearby - reroute and reduced speed advised
EVT422039,2025-10-25 16:22:53,Trade Fair,J009,Majestic,7826,Weekend,False,Clear,False,0.0,False,False,0.453,Moderate,28.8,36.4,277.1,0.222,0.514,0.97,Moderate traffic flow - standard adaptive signal timing in effect
EVT422040,2026-05-04 17:41:13,Sports Fixture,J020,Malleshwaram Circle,26204,Weekday,False,Clear,False,0.0,False,False,1.0,Severe,9.2,69.1,692.8,0.224,0.517,0.93,Heavy congestion detected - signal timing extended and reroute suggested
EVT422041,2025-06-01 11:04:07,Local Market Day,J023,Basavanagudi,5460,Weekend,False,Clear,False,0.0,False,False,0.417,Moderate,22.6,40.7,231.9,0.14,0.323,0.968,Moderate traffic flow - standard adaptive signal timing in effect
EVT422042,2025-01-06 00:28:56,Concert,J031,Cubbon Road,15745,Weekday,False,Clear,False,0.0,False,False,0.194,Low,31.4,11.7,97.5,0.093,0.215,0.958,Normal free-flow traffic - standard signal timing maintained
EVT422043,2025-11-02 23:00:06,Religious Festival,J031,Cubbon Road,49935,Weekend,True,Clear,False,0.0,False,False,0.784,Severe,12.8,53.8,559.3,0.245,0.566,0.884,Festival crowd surge detected - alternate route and extended cycle recommended
EVT422044,2025-09-14 15:46:57,Political Rally,J040,City Market,12547,Weekend,False,Clear,False,0.0,False,False,0.495,Moderate,26.2,30.7,252.4,0.212,0.489,0.963,Moderate traffic flow - standard adaptive signal timing in effect
EVT422045,2025-03-15 15:52:37,Religious Festival,J020,Malleshwaram Circle,40211,Weekend,True,Clear,False,0.0,False,True,1.0,Severe,9.9,106.2,782.2,0.31,0.717,0.805,Road closure for event/procession - full detour recommended for through-traffic
EVT422046,2025-01-28 13:48:47,Trade Fair,J031,Cubbon Road,11244,Weekday,False,Clear,False,0.0,False,False,0.216,Low,34.5,18.4,124.5,0.121,0.281,0.982,Normal free-flow traffic - standard signal timing maintained
EVT422047,2025-12-01 07:20:11,Concert,J030,MG Road,13814,Weekday,False,Clear,False,0.0,False,False,0.66,High,19.2,49.0,302.4,0.172,0.397,0.966,Moderate traffic flow - standard adaptive signal timing in effect
EVT422048,2025-04-28 08:25:29,Concert,J030,MG Road,11198,Weekday,False,Clear,False,0.0,False,False,1.0,Severe,9.3,69.0,353.1,0.151,0.349,0.907,Heavy congestion detected - signal timing extended and reroute suggested
EVT422049,2026-05-07 08:25:44,Local Market Day,J040,City Market,3059,Weekday,False,Clear,False,0.0,False,False,0.955,Severe,11.0,69.0,173.7,0.08,0.185,0.903,Heavy congestion detected - signal timing extended and reroute suggested
EVT422050,2025-11-30 15:44:20,Sports Fixture,J012,Koramangala Sony World,20652,Weekend,False,Clear,False,0.0,False,False,0.445,Moderate,24.2,33.4,267.8,0.174,0.402,0.983,Moderate traffic flow - standard adaptive signal timing in effect
EVT422051,2025-01-28 08:49:50,Concert,J040,City Market,20707,Weekday,False,Clear,False,0.0,False,False,1.0,Severe,6.9,71.2,787.7,0.229,0.528,0.917,Heavy congestion detected - signal timing extended and reroute suggested
EVT422052,2025-12-08 10:33:36,Sports Fixture,J012,Koramangala Sony World,19582,Weekday,False,Clear,False,0.0,False,False,0.686,High,17.4,49.3,344.6,0.186,0.43,0.967,Moderate traffic flow - standard adaptive signal timing in effect
EVT422053,2026-06-28 12:47:01,Local Market Day,J030,MG Road,6724,Weekend,False,Clear,False,0.0,False,False,0.338,Low,29.0,19.2,185.5,0.145,0.336,0.967,Moderate traffic flow - standard adaptive signal timing in effect
EVT422054,2026-03-07 17:11:48,Trade Fair,J020,Malleshwaram Circle,5231,Weekend,False,Light Rain,True,3.9,False,False,0.756,Severe,16.2,52.8,166.9,0.091,0.211,0.941,Heavy rain reducing visibility and grip - reduced speed and longer buffer advised
EVT422055,2026-03-16 21:56:45,Sports Fixture,J020,Malleshwaram Circle,18947,Weekday,False,Clear,False,0.0,False,False,0.407,Moderate,26.3,29.5,193.3,0.158,0.365,0.951,Moderate traffic flow - standard adaptive signal timing in effect
EVT422056,2025-03-21 08:17:41,Trade Fair,J020,Malleshwaram Circle,7871,Weekday,False,Clear,False,0.0,False,False,1.0,Severe,9.8,73.8,565.0,0.228,0.527,0.913,Heavy congestion detected - signal timing extended and reroute suggested
EVT422057,2025-11-15 07:46:08,Local Market Day,J031,Cubbon Road,3713,Weekend,False,Clear,False,0.0,False,False,0.766,Severe,14.7,57.5,317.9,0.173,0.401,0.953,Heavy congestion detected - signal timing extended and reroute suggested
EVT422058,2026-06-14 12:33:47,Concert,J031,Cubbon Road,12546,Weekend,False,Rain,True,18.3,False,False,0.479,Moderate,28.5,31.9,196.5,0.16,0.37,0.899,Light rain detected - minor speed reduction advised
EVT422059,2026-02-12 21:43:44,Concert,J030,MG Road,23018,Weekday,False,Light Rain,True,0.8,False,False,0.504,Moderate,22.3,33.5,223.4,0.154,0.356,0.893,Light rain detected - minor speed reduction advised
EVT422060,2026-02-12 09:21:24,Concert,J012,Koramangala Sony World,17719,Weekday,False,Clear,False,0.0,False,False,1.0,Severe,6.6,69.9,674.3,0.179,0.414,0.936,Heavy congestion detected - signal timing extended and reroute suggested
EVT422061,2025-11-12 08:05:24,Local Market Day,J023,Basavanagudi,3166,Weekday,False,Clear,False,0.0,False,False,0.827,Severe,15.7,59.4,295.6,0.167,0.386,0.941,Heavy congestion detected - signal timing extended and reroute suggested
EVT422062,2026-02-13 20:04:33,Sports Fixture,J031,Cubbon Road,15797,Weekday,False,Clear,False,0.0,False,False,0.785,Severe,13.6,55.1,278.4,0.124,0.287,0.946,Heavy congestion detected - signal timing extended and reroute suggested
EVT422063,2026-04-30 21:05:16,Local Market Day,J031,Cubbon Road,2708,Weekday,False,Clear,False,0.0,False,False,0.417,Moderate,25.0,23.0,159.1,0.111,0.257,0.939,Moderate traffic flow - standard adaptive signal timing in effect
EVT422064,2025-07-09 17:57:56,Local Market Day,J031,Cubbon Road,2522,Weekday,False,Heavy Rain,True,28.7,False,False,1.0,Severe,7.4,72.1,250.2,0.078,0.181,0.837,Heavy rain reducing visibility and grip - reduced speed and longer buffer advised
EVT422065,2025-09-05 13:04:48,Religious Festival,J031,Cubbon Road,43608,Weekday,True,Heavy Rain,True,32.3,False,True,1.0,Severe,9.8,102.9,455.5,0.205,0.473,0.789,Road closure for event/procession - full detour recommended for through-traffic
EVT422066,2025-12-04 00:57:28,Concert,J023,Basavanagudi,12670,Weekday,False,Clear,False,0.0,False,False,0.219,Low,27.4,12.5,180.4,0.13,0.301,0.961,Normal free-flow traffic - standard signal timing maintained
EVT422067,2025-10-04 07:30:58,Sports Fixture,J020,Malleshwaram Circle,22108,Weekend,False,Clear,False,0.0,False,False,0.725,High,15.8,51.1,345.9,0.169,0.39,0.967,Moderate traffic flow - standard adaptive signal timing in effect
EVT422068,2025-03-23 11:40:52,Political Rally,J031,Cubbon Road,15402,Weekend,False,Clear,False,0.0,False,False,0.41,Moderate,25.6,22.6,181.2,0.164,0.38,0.972,Moderate traffic flow - standard adaptive signal timing in effect
EVT422069,2025-07-26 14:41:40,Sports Fixture,J040,City Market,15131,Weekend,False,Heavy Rain,True,95.0,False,False,0.714,High,19.8,53.4,292.1,0.178,0.411,0.873,Heavy rain reducing visibility and grip - reduced speed and longer buffer advised
EVT422070,2025-05-21 08:00:30,Sports Fixture,J020,Malleshwaram Circle,26113,Weekday,False,Heavy Rain,True,28.5,False,False,1.0,Severe,8.4,72.2,434.4,0.161,0.371,0.838,Heavy rain reducing visibility and grip - reduced speed and longer buffer advised
EVT422071,2025-09-14 08:09:13,Local Market Day,J031,Cubbon Road,3463,Weekend,False,Clear,False,0.0,False,False,0.805,Severe,13.1,60.6,352.9,0.16,0.37,0.957,Heavy congestion detected - signal timing extended and reroute suggested
EVT422072,2025-08-09 19:52:59,Local Market Day,J030,MG Road,4129,Weekend,False,Rain,True,15.1,False,False,0.846,Severe,13.3,66.6,315.5,0.154,0.355,0.902,Heavy rain reducing visibility and grip - reduced speed and longer buffer advised
EVT422073,2026-03-20 18:16:58,Cultural Procession,J011,Indiranagar 100ft Road,14051,Weekday,True,Clear,False,0.0,False,True,1.0,Severe,9.4,104.5,486.6,0.204,0.471,0.84,Road closure for event/procession - full detour recommended for through-traffic
EVT422074,2026-01-31 11:27:05,Sports Fixture,J030,MG Road,17329,Weekend,False,Clear,False,0.0,False,False,0.53,Moderate,23.2,36.8,217.2,0.16,0.37,0.963,Moderate traffic flow - standard adaptive signal timing in effect
EVT422075,2025-09-17 16:43:27,Local Market Day,J011,Indiranagar 100ft Road,2481,Weekday,False,Rain,True,21.3,False,False,0.83,Severe,14.9,58.7,383.3,0.221,0.509,0.892,Heavy rain reducing visibility and grip - reduced speed and longer buffer advised
EVT422076,2025-08-03 09:00:19,Concert,J012,Koramangala Sony World,8576,Weekend,False,Clear,False,0.0,False,False,0.874,Severe,9.1,64.5,406.5,0.141,0.327,0.928,Heavy congestion detected - signal timing extended and reroute suggested
EVT422077,2026-05-26 08:04:22,Sports Fixture,J023,Basavanagudi,12330,Weekday,False,Light Rain,True,2.6,False,False,1.0,Severe,9.3,65.5,250.7,0.096,0.221,0.874,Heavy rain reducing visibility and grip - reduced speed and longer buffer advised
EVT422078,2026-02-20 21:32:38,Local Market Day,J011,Indiranagar 100ft Road,7392,Weekday,False,Clear,False,0.0,False,False,0.361,Moderate,34.7,22.7,201.9,0.201,0.464,0.973,Moderate traffic flow - standard adaptive signal timing in effect
EVT422079,2025-01-01 09:05:51,Sports Fixture,J040,City Market,20333,Weekday,False,Clear,False,0.0,False,False,1.0,Severe,9.7,73.6,616.8,0.234,0.54,0.903,Heavy congestion detected - signal timing extended and reroute suggested
EVT422080,2025-03-17 09:55:19,Local Market Day,J012,Koramangala Sony World,2033,Weekday,False,Clear,False,0.0,False,False,0.696,High,16.9,47.8,362.1,0.219,0.506,0.971,Moderate traffic flow - standard adaptive signal timing in effect
EVT422081,2025-05-14 17:09:56,Political Rally,J031,Cubbon Road,10014,Weekday,False,Clear,False,0.0,False,False,0.812,Severe,13.8,55.5,245.6,0.114,0.264,0.955,Heavy congestion detected - signal timing extended and reroute suggested
EVT422082,2025-12-09 13:48:33,Local Market Day,J009,Majestic,5376,Weekday,False,Clear,False,0.0,False,False,0.188,Low,33.8,11.5,160.6,0.152,0.351,0.964,Normal free-flow traffic - standard signal timing maintained
EVT422083,2025-01-18 15:40:58,Sports Fixture,J030,MG Road,13186,Weekend,False,Clear,False,0.0,False,False,0.512,Moderate,21.4,39.7,199.0,0.11,0.255,0.952,Moderate traffic flow - standard adaptive signal timing in effect
EVT422084,2025-10-03 20:32:05,Religious Festival,J009,Majestic,61819,Weekday,True,Heavy Rain,True,28.9,False,True,1.0,Severe,7.4,96.8,709.9,0.243,0.561,0.789,Road closure for event/procession - full detour recommended for through-traffic
EVT422085,2025-10-13 06:48:44,Concert,J031,Cubbon Road,6516,Weekday,False,Clear,False,0.0,False,False,0.373,Moderate,26.0,26.7,207.7,0.15,0.346,0.961,Moderate traffic flow - standard adaptive signal timing in effect
EVT422086,2025-08-10 19:02:26,Concert,J011,Indiranagar 100ft Road,17273,Weekend,False,Heavy Rain,True,32.9,False,False,1.0,Severe,7.4,70.0,562.1,0.175,0.405,0.849,Heavy rain reducing visibility and grip - reduced speed and longer buffer advised
EVT422087,2025-09-25 07:47:11,Concert,J040,City Market,18617,Weekday,False,Clear,False,0.0,False,False,0.838,Severe,12.2,59.2,521.9,0.235,0.543,0.922,Heavy congestion detected - signal timing extended and reroute suggested
EVT422088,2026-05-03 14:22:27,Sports Fixture,J012,Koramangala Sony World,13751,Weekend,False,Clear,False,0.0,False,False,0.291,Low,30.6,23.1,55.5,0.037,0.086,0.978,Moderate traffic flow - standard adaptive signal timing in effect
EVT422089,2025-11-13 12:13:35,Concert,J031,Cubbon Road,12159,Weekday,False,Clear,False,0.0,False,False,0.268,Low,28.6,11.4,193.9,0.144,0.333,0.958,Moderate traffic flow - standard adaptive signal timing in effect
EVT422090,2026-01-17 12:03:12,Sports Fixture,J040,City Market,43817,Weekend,False,Clear,False,0.0,False,False,0.586,High,23.5,41.7,175.0,0.152,0.351,0.979,Moderate traffic flow - standard adaptive signal timing in effect
EVT422091,2025-10-04 13:53:31,Sports Fixture,J012,Koramangala Sony World,30477,Weekend,False,Fog,False,0.0,False,False,0.46,Moderate,27.5,31.5,197.4,0.146,0.337,0.979,Moderate traffic flow - standard adaptive signal timing in effect
EVT422092,2025-06-12 06:10:38,Concert,J023,Basavanagudi,10539,Weekday,False,Clear,False,0.0,False,False,0.315,Low,28.7,19.5,87.1,0.061,0.142,0.976,Moderate traffic flow - standard adaptive signal timing in effect
EVT422093,2025-03-16 16:15:16,Concert,J012,Koramangala Sony World,6162,Weekend,False,Clear,False,0.0,False,False,0.536,Moderate,23.5,40.6,156.7,0.085,0.197,0.929,Moderate traffic flow - standard adaptive signal timing in effect
EVT422094,2026-04-27 01:08:13,Concert,J011,Indiranagar 100ft Road,11525,Weekday,False,Clear,False,0.0,False,False,0.122,Low,31.2,4.3,154.8,0.115,0.265,0.969,Normal free-flow traffic - standard signal timing maintained
EVT422095,2025-02-11 19:21:39,Local Market Day,J040,City Market,3828,Weekday,False,Clear,False,0.0,False,False,0.937,Severe,11.2,73.8,433.1,0.193,0.446,0.919,Heavy congestion detected - signal timing extended and reroute suggested
EVT422096,2025-09-16 09:04:16,Local Market Day,J040,City Market,3923,Weekday,False,Clear,False,0.0,False,False,1.0,Severe,7.5,73.3,599.0,0.211,0.488,0.931,Heavy congestion detected - signal timing extended and reroute suggested
EVT422097,2026-05-08 20:56:46,Political Rally,J040,City Market,14129,Weekday,False,Clear,False,0.0,False,False,0.501,Moderate,24.0,39.3,185.9,0.129,0.299,0.94,Moderate traffic flow - standard adaptive signal timing in effect
EVT422098,2026-05-31 09:41:37,Trade Fair,J012,Koramangala Sony World,11305,Weekend,False,Clear,False,0.0,False,False,0.846,Severe,16.6,57.2,456.6,0.238,0.55,0.948,Heavy congestion detected - signal timing extended and reroute suggested
EVT422099,2026-06-26 19:26:08,Political Rally,J040,City Market,23117,Weekday,False,Rain,True,21.6,False,False,1.0,Severe,8.5,65.0,683.2,0.23,0.531,0.846,Heavy rain reducing visibility and grip - reduced speed and longer buffer advised
EVT422100,2025-09-18 09:03:35,Concert,J020,Malleshwaram Circle,25287,Weekday,False,Heavy Rain,True,59.0,False,False,1.0,Severe,6.7,69.6,1029.5,0.28,0.647,0.866,Heavy rain reducing visibility and grip - reduced speed and longer buffer advised
EVT422101,2025-12-01 19:03:20,Political Rally,J011,Indiranagar 100ft Road,22444,Weekday,False,Clear,False,0.0,False,False,1.0,Severe,8.1,75.5,709.0,0.247,0.572,0.903,Heavy congestion detected - signal timing extended and reroute suggested
EVT422102,2026-02-06 19:36:09,Political Rally,J040,City Market,10059,Weekday,False,Clear,False,0.0,False,False,0.918,Severe,11.8,68.9,621.4,0.265,0.612,0.925,Heavy congestion detected - signal timing extended and reroute suggested
EVT422103,2025-07-06 09:13:07,Local Market Day,J031,Cubbon Road,2744,Weekend,False,Heavy Rain,True,38.8,False,False,1.0,Severe,8.1,70.2,830.3,0.277,0.64,0.881,Heavy rain reducing visibility and grip - reduced speed and longer buffer advised
EVT422104,2025-01-28 08:51:31,Sports Fixture,J040,City Market,23199,Weekday,False,Clear,False,0.0,False,False,1.0,Severe,8.1,69.9,212.4,0.067,0.155,0.935,Heavy congestion detected - signal timing extended and reroute suggested
EVT422105,2026-05-02 11:47:09,Cultural Procession,J009,Majestic,10304,Weekend,True,Rain,True,23.9,False,False,0.757,Severe,17.8,59.0,312.6,0.194,0.449,0.886,Festival crowd surge detected - alternate route and extended cycle recommended
EVT422106,2025-05-05 17:04:00,Trade Fair,J011,Indiranagar 100ft Road,12260,Weekday,False,Fog,False,0.0,False,False,0.813,Severe,14.3,59.0,357.3,0.204,0.47,0.954,Heavy congestion detected - signal timing extended and reroute suggested
EVT422107,2026-03-20 19:11:43,Fireworks Display,J023,Basavanagudi,31131,Weekday,True,Fog,False,0.0,False,False,1.0,Severe,8.7,73.2,629.3,0.239,0.551,0.865,Festival crowd surge detected - alternate route and extended cycle recommended
EVT422108,2025-08-29 06:38:30,Local Market Day,J020,Malleshwaram Circle,3201,Weekday,False,Rain,True,19.7,False,False,0.464,Moderate,24.9,34.2,269.8,0.21,0.484,0.92,Light rain detected - minor speed reduction advised
EVT422109,2026-01-14 21:35:16,Religious Festival,J023,Basavanagudi,45488,Weekday,True,Clear,False,0.0,False,False,0.807,Severe,12.3,56.4,295.5,0.141,0.327,0.904,Festival crowd surge detected - alternate route and extended cycle recommended
EVT422110,2025-03-21 20:28:52,Trade Fair,J031,Cubbon Road,5592,Weekday,False,Light Rain,True,4.7,False,False,0.676,High,16.4,48.8,310.6,0.164,0.379,0.91,Heavy rain reducing visibility and grip - reduced speed and longer buffer advised
EVT422111,2025-06-28 18:46:20,Concert,J011,Indiranagar 100ft Road,15690,Weekend,False,Clear,False,0.0,False,False,0.897,Severe,15.1,60.4,264.9,0.149,0.345,0.947,Heavy congestion detected - signal timing extended and reroute suggested
EVT422112,2025-12-26 12:48:49,Religious Festival,J020,Malleshwaram Circle,41031,Weekday,True,Clear,False,0.0,False,True,0.731,High,16.7,72.0,318.3,0.173,0.399,0.911,Road closure for event/procession - full detour recommended for through-traffic
EVT422113,2026-04-07 09:04:44,Local Market Day,J031,Cubbon Road,4385,Weekday,False,Clear,False,0.0,False,False,1.0,Severe,8.2,71.8,690.3,0.22,0.508,0.913,Heavy congestion detected - signal timing extended and reroute suggested
EVT422114,2025-11-30 15:04:57,Concert,J012,Koramangala Sony World,18085,Weekend,False,Clear,False,0.0,False,False,0.442,Moderate,27.5,35.7,151.9,0.11,0.255,0.962,Moderate traffic flow - standard adaptive signal timing in effect
EVT422115,2025-04-29 12:23:37,Political Rally,J009,Majestic,14917,Weekday,False,Clear,False,0.0,False,False,0.226,Low,32.9,15.5,116.2,0.104,0.241,0.977,Normal free-flow traffic - standard signal timing maintained
EVT422116,2025-11-21 12:07:44,Sports Fixture,J020,Malleshwaram Circle,15089,Weekday,False,Fog,False,0.0,False,False,0.253,Low,32.3,14.4,74.9,0.059,0.135,0.933,Moderate traffic flow - standard adaptive signal timing in effect
EVT422117,2025-01-19 09:18:45,Concert,J009,Majestic,13596,Weekend,False,Clear,False,0.0,False,False,0.95,Severe,10.4,63.1,389.7,0.163,0.377,0.941,Heavy congestion detected - signal timing extended and reroute suggested
EVT422118,2025-07-11 17:42:59,Trade Fair,J011,Indiranagar 100ft Road,6706,Weekday,False,Clear,False,0.0,False,False,0.909,Severe,11.9,64.9,367.1,0.159,0.367,0.942,Heavy congestion detected - signal timing extended and reroute suggested
EVT422119,2026-03-01 20:19:33,Sports Fixture,J020,Malleshwaram Circle,16602,Weekend,False,Clear,False,0.0,False,False,0.57,High,17.8,40.0,304.2,0.166,0.384,0.956,Moderate traffic flow - standard adaptive signal timing in effect
EVT422120,2026-05-27 08:00:12,Concert,J009,Majestic,12120,Weekday,False,Clear,False,0.0,False,False,0.875,Severe,10.4,62.8,397.4,0.168,0.387,0.904,Heavy congestion detected - signal timing extended and reroute suggested
EVT422121,2025-04-06 08:52:20,Cultural Procession,J023,Basavanagudi,38105,Weekend,True,Clear,False,0.0,False,True,1.0,Severe,6.5,107.8,903.4,0.25,0.577,0.817,Road closure for event/procession - full detour recommended for through-traffic
EVT422122,2025-09-02 09:48:37,Local Market Day,J040,City Market,2501,Weekday,False,Clear,False,0.0,False,False,0.862,Severe,13.6,61.5,144.5,0.079,0.182,0.964,Heavy congestion detected - signal timing extended and reroute suggested
EVT422123,2026-03-02 07:45:43,Local Market Day,J030,MG Road,2934,Weekday,False,Clear,False,0.0,False,False,0.704,High,19.4,54.4,300.8,0.197,0.455,0.946,Moderate traffic flow - standard adaptive signal timing in effect
EVT422124,2025-01-28 11:22:29,Concert,J020,Malleshwaram Circle,11501,Weekday,False,Clear,False,0.0,False,False,0.401,Moderate,22.8,23.5,245.9,0.149,0.345,0.953,Moderate traffic flow - standard adaptive signal timing in effect
EVT422125,2025-10-26 17:59:02,Concert,J040,City Market,11764,Weekend,False,Clear,False,0.0,False,False,0.874,Severe,12.7,64.4,370.1,0.176,0.406,0.938,Heavy congestion detected - signal timing extended and reroute suggested
EVT422126,2025-09-12 09:59:11,Sports Fixture,J012,Koramangala Sony World,30811,Weekday,False,Heavy Rain,True,36.7,False,False,1.0,Severe,8.7,73.2,611.1,0.216,0.499,0.881,Heavy rain reducing visibility and grip - reduced speed and longer buffer advised
EVT422127,2025-01-30 15:37:20,Sports Fixture,J020,Malleshwaram Circle,16101,Weekday,False,Clear,False,0.0,False,False,0.371,Moderate,27.4,24.4,158.2,0.132,0.305,0.988,Moderate traffic flow - standard adaptive signal timing in effect
EVT422128,2025-10-04 17:58:39,Concert,J011,Indiranagar 100ft Road,14912,Weekend,False,Clear,False,0.0,False,False,0.94,Severe,12.8,69.8,300.5,0.145,0.336,0.941,Heavy congestion detected - signal timing extended and reroute suggested
EVT422129,2025-06-29 08:04:04,Local Market Day,J040,City Market,5449,Weekend,False,Clear,False,0.0,False,False,0.691,High,20.5,48.7,255.5,0.181,0.418,0.97,Moderate traffic flow - standard adaptive signal timing in effect
EVT422130,2026-06-04 14:44:46,Sports Fixture,J030,MG Road,15932,Weekday,False,Clear,False,0.0,False,False,0.357,Moderate,25.3,27.8,212.6,0.153,0.353,0.954,Moderate traffic flow - standard adaptive signal timing in effect
EVT422131,2026-02-01 19:39:05,Local Market Day,J009,Majestic,2829,Weekend,False,Clear,False,0.0,False,False,0.759,Severe,17.2,52.6,258.9,0.14,0.325,0.955,Heavy congestion detected - signal timing extended and reroute suggested
EVT422132,2025-09-20 11:45:29,Trade Fair,J012,Koramangala Sony World,4368,Weekend,False,Clear,False,0.0,False,False,0.346,Low,27.4,22.3,170.8,0.139,0.321,0.961,Moderate traffic flow - standard adaptive signal timing in effect
EVT422133,2025-02-04 18:13:48,Sports Fixture,J011,Indiranagar 100ft Road,17953,Weekday,False,Clear,False,0.0,False,False,1.0,Severe,6.1,66.9,730.4,0.209,0.482,0.923,Heavy congestion detected - signal timing extended and reroute suggested
EVT422134,2026-01-19 19:52:03,Trade Fair,J009,Majestic,11595,Weekday,False,Clear,False,0.0,False,False,0.744,High,19.5,52.3,284.6,0.202,0.466,0.979,Moderate traffic flow - standard adaptive signal timing in effect
EVT422135,2025-04-26 07:19:25,Trade Fair,J040,City Market,7610,Weekend,False,Clear,False,0.0,False,False,0.583,High,24.7,46.4,185.5,0.143,0.331,0.987,Moderate traffic flow - standard adaptive signal timing in effect
EVT422136,2025-04-18 09:02:34,Political Rally,J020,Malleshwaram Circle,21627,Weekday,False,Clear,False,0.0,False,False,1.0,Severe,9.3,73.9,680.2,0.259,0.599,0.909,Heavy congestion detected - signal timing extended and reroute suggested
EVT422137,2025-10-10 10:04:00,Local Market Day,J009,Majestic,6552,Weekday,False,Clear,False,0.0,False,False,0.751,Severe,15.5,58.7,179.4,0.1,0.23,0.936,Heavy congestion detected - signal timing extended and reroute suggested
EVT422138,2025-10-17 18:40:22,Trade Fair,J009,Majestic,6554,Weekday,False,Clear,False,0.0,False,False,0.998,Severe,8.3,73.8,504.3,0.174,0.402,0.908,Heavy congestion detected - signal timing extended and reroute suggested
EVT422139,2026-04-27 20:10:10,Trade Fair,J012,Koramangala Sony World,6835,Weekday,False,Clear,False,0.0,False,False,0.584,High,24.7,45.2,187.8,0.131,0.304,0.99,Moderate traffic flow - standard adaptive signal timing in effect
EVT422140,2025-08-13 19:53:05,Sports Fixture,J023,Basavanagudi,21668,Weekday,False,Clear,False,0.0,False,False,0.922,Severe,11.4,67.1,522.6,0.247,0.572,0.923,Heavy congestion detected - signal timing extended and reroute suggested
EVT422141,2025-08-10 08:12:12,Local Market Day,J040,City Market,2020,Weekend,False,Heavy Rain,True,47.2,False,False,1.0,Severe,7.7,75.0,682.9,0.234,0.54,0.851,Heavy rain reducing visibility and grip - reduced speed and longer buffer advised
EVT422142,2025-01-21 07:48:06,Political Rally,J023,Basavanagudi,14846,Weekday,False,Clear,False,0.0,False,False,0.837,Severe,10.6,53.7,411.1,0.17,0.393,0.954,Heavy congestion detected - signal timing extended and reroute suggested
EVT422143,2025-10-30 15:58:28,Political Rally,J031,Cubbon Road,12369,Weekday,False,Clear,False,0.0,False,False,0.394,Moderate,23.0,33.4,243.3,0.16,0.371,0.99,Moderate traffic flow - standard adaptive signal timing in effect
EVT422144,2025-06-28 20:15:53,Trade Fair,J012,Koramangala Sony World,9209,Weekend,False,Heavy Rain,True,26.9,False,False,0.889,Severe,11.4,63.8,330.0,0.157,0.363,0.896,Heavy rain reducing visibility and grip - reduced speed and longer buffer advised
EVT422145,2025-09-14 17:23:36,Sports Fixture,J012,Koramangala Sony World,21045,Weekend,False,Rain,True,12.1,False,False,0.889,Severe,12.5,60.1,345.8,0.16,0.369,0.867,Heavy rain reducing visibility and grip - reduced speed and longer buffer advised
EVT422146,2026-03-13 12:15:20,Trade Fair,J030,MG Road,6733,Weekday,False,Clear,False,0.0,False,False,0.231,Low,31.2,19.6,195.6,0.167,0.386,0.952,Normal free-flow traffic - standard signal timing maintained
EVT422147,2025-07-01 09:48:17,Trade Fair,J011,Indiranagar 100ft Road,5443,Weekday,False,Clear,False,0.0,False,False,0.793,Severe,15.5,56.6,354.3,0.178,0.41,0.926,Heavy congestion detected - signal timing extended and reroute suggested
EVT422148,2026-05-27 08:35:33,Local Market Day,J020,Malleshwaram Circle,4665,Weekday,False,Clear,False,0.0,False,False,0.966,Severe,7.6,67.9,645.5,0.223,0.515,0.933,Heavy congestion detected - signal timing extended and reroute suggested
EVT422149,2026-03-20 16:19:06,Religious Festival,J012,Koramangala Sony World,48421,Weekday,True,Clear,False,0.0,False,False,0.994,Severe,8.9,73.3,383.4,0.143,0.33,0.848,Festival crowd surge detected - alternate route and extended cycle recommended
EVT422150,2025-08-13 10:04:17,Concert,J030,MG Road,5689,Weekday,False,Heavy Rain,True,25.0,False,False,1.0,Severe,9.0,67.5,527.4,0.19,0.44,0.845,Heavy rain reducing visibility and grip - reduced speed and longer buffer advised
EVT422151,2025-01-07 17:43:30,Concert,J020,Malleshwaram Circle,15959,Weekday,False,Clear,False,0.0,False,False,1.0,Severe,8.3,70.1,271.7,0.11,0.253,0.922,Heavy congestion detected - signal timing extended and reroute suggested
EVT422152,2025-12-19 18:10:43,Sports Fixture,J011,Indiranagar 100ft Road,17095,Weekday,False,Clear,False,0.0,False,False,0.999,Severe,7.8,66.2,929.4,0.284,0.657,0.904,Heavy congestion detected - signal timing extended and reroute suggested
EVT422153,2025-08-08 19:03:42,Sports Fixture,J031,Cubbon Road,22209,Weekday,False,Rain,True,21.6,False,False,1.0,Severe,8.4,69.7,609.8,0.205,0.474,0.849,Heavy rain reducing visibility and grip - reduced speed and longer buffer advised
EVT422154,2026-06-11 08:27:08,Local Market Day,J023,Basavanagudi,3212,Weekday,False,Clear,False,0.0,False,False,0.97,Severe,10.5,67.7,176.3,0.067,0.155,0.926,Heavy congestion detected - signal timing extended and reroute suggested
EVT422155,2026-01-11 21:03:07,Local Market Day,J012,Koramangala Sony World,3234,Weekend,False,Clear,False,0.0,False,False,0.387,Moderate,29.7,27.8,178.3,0.145,0.334,0.921,Moderate traffic flow - standard adaptive signal timing in effect
EVT422156,2026-02-21 16:01:35,Concert,J020,Malleshwaram Circle,7824,Weekend,False,Clear,False,0.0,False,False,0.409,Moderate,34.9,26.6,158.9,0.137,0.315,0.962,Moderate traffic flow - standard adaptive signal timing in effect
EVT422157,2025-01-24 08:19:38,Concert,J009,Majestic,13483,Weekday,False,Clear,False,0.0,False,False,1.0,Severe,8.7,68.8,618.8,0.241,0.556,0.895,Heavy congestion detected - signal timing extended and reroute suggested
EVT422158,2026-01-06 20:57:56,Sports Fixture,J030,MG Road,37373,Weekday,False,Clear,False,0.0,False,False,0.646,High,15.5,45.2,423.6,0.207,0.478,0.955,Moderate traffic flow - standard adaptive signal timing in effect
EVT422159,2025-05-28 17:17:03,Local Market Day,J023,Basavanagudi,3615,Weekday,False,Clear,False,0.0,False,False,0.803,Severe,14.3,54.9,242.5,0.125,0.29,0.944,Heavy congestion detected - signal timing extended and reroute suggested
EVT422160,2025-07-15 17:27:42,Political Rally,J020,Malleshwaram Circle,16150,Weekday,False,Rain,True,16.6,False,False,1.0,Severe,9.1,75.4,522.1,0.184,0.425,0.859,Heavy rain reducing visibility and grip - reduced speed and longer buffer advised
EVT422161,2025-12-28 07:18:16,Sports Fixture,J020,Malleshwaram Circle,26312,Weekend,False,Clear,False,0.0,False,False,0.671,High,18.2,47.7,403.1,0.265,0.613,0.945,Moderate traffic flow - standard adaptive signal timing in effect
EVT422162,2026-03-14 21:03:03,Concert,J011,Indiranagar 100ft Road,14458,Weekend,False,Clear,False,0.0,False,False,0.462,Moderate,21.5,38.3,197.6,0.122,0.283,0.954,Moderate traffic flow - standard adaptive signal timing in effect
EVT422163,2026-04-22 18:29:10,Sports Fixture,J011,Indiranagar 100ft Road,18716,Weekday,False,Clear,False,0.0,False,False,1.0,Severe,6.7,72.1,648.9,0.191,0.441,0.903,Heavy congestion detected - signal timing extended and reroute suggested
EVT422164,2026-05-26 09:01:05,Concert,J040,City Market,9203,Weekday,False,Clear,False,0.0,False,False,1.0,Severe,10.5,69.2,408.1,0.186,0.43,0.904,Heavy congestion detected - signal timing extended and reroute suggested
EVT422165,2026-06-16 06:00:37,Local Market Day,J023,Basavanagudi,3882,Weekday,False,Rain,True,15.8,False,False,0.353,Moderate,27.5,21.5,177.7,0.119,0.274,0.918,Light rain detected - minor speed reduction advised
EVT422166,2025-06-08 16:51:42,Sports Fixture,J031,Cubbon Road,27908,Weekend,False,Clear,False,0.0,False,False,0.824,Severe,14.1,62.1,522.6,0.27,0.623,0.934,Heavy congestion detected - signal timing extended and reroute suggested
EVT422167,2026-05-07 18:14:29,Sports Fixture,J031,Cubbon Road,12134,Weekday,False,Heavy Rain,True,46.0,False,False,1.0,Severe,7.8,71.3,203.7,0.075,0.174,0.874,Heavy rain reducing visibility and grip - reduced speed and longer buffer advised
EVT422168,2025-01-31 16:44:05,Trade Fair,J023,Basavanagudi,6632,Weekday,False,Clear,False,0.0,False,False,0.592,High,20.8,43.6,271.9,0.2,0.462,0.97,Moderate traffic flow - standard adaptive signal timing in effect
EVT422169,2026-03-02 18:34:56,Trade Fair,J020,Malleshwaram Circle,11555,Weekday,False,Clear,False,0.0,False,False,1.0,Severe,9.4,68.0,908.3,0.322,0.743,0.907,Heavy congestion detected - signal timing extended and reroute suggested
EVT422170,2026-04-01 08:03:49,Local Market Day,J012,Koramangala Sony World,6433,Weekday,False,Clear,False,0.0,False,False,0.822,Severe,11.1,52.0,567.7,0.239,0.551,0.95,Heavy congestion detected - signal timing extended and reroute suggested
EVT422171,2025-07-07 22:18:16,Sports Fixture,J020,Malleshwaram Circle,30567,Weekday,False,Clear,False,0.0,False,False,0.4,Moderate,28.8,31.1,113.5,0.08,0.185,0.963,Moderate traffic flow - standard adaptive signal timing in effect
EVT422172,2025-05-01 18:35:30,Fireworks Display,J012,Koramangala Sony World,34033,Weekday,True,Rain,True,15.5,False,False,1.0,Severe,7.9,69.6,572.8,0.194,0.449,0.826,Festival crowd surge detected - alternate route and extended cycle recommended
EVT422173,2026-01-11 10:21:53,Sports Fixture,J031,Cubbon Road,22863,Weekend,False,Clear,False,0.0,False,False,0.759,Severe,20.1,59.3,344.4,0.201,0.463,0.936,Heavy congestion detected - signal timing extended and reroute suggested
EVT422174,2025-04-22 21:30:08,Concert,J009,Majestic,4346,Weekday,False,Clear,False,0.0,False,False,0.308,Low,30.9,23.8,187.7,0.147,0.34,0.97,Moderate traffic flow - standard adaptive signal timing in effect
EVT422175,2026-05-03 17:36:33,Political Rally,J040,City Market,9073,Weekend,False,Clear,False,0.0,False,False,0.814,Severe,18.1,62.9,323.2,0.19,0.439,0.954,Heavy congestion detected - signal timing extended and reroute suggested
EVT422176,2026-04-09 07:04:38,Local Market Day,J031,Cubbon Road,5870,Weekday,False,Clear,False,0.0,False,False,0.485,Moderate,23.2,33.2,182.4,0.121,0.279,0.944,Moderate traffic flow - standard adaptive signal timing in effect
EVT422177,2025-09-22 13:09:35,Trade Fair,J012,Koramangala Sony World,6042,Weekday,False,Rain,True,17.3,False,False,0.479,Moderate,22.9,35.5,183.9,0.115,0.265,0.92,Light rain detected - minor speed reduction advised
EVT422178,2025-10-07 08:06:10,Trade Fair,J011,Indiranagar 100ft Road,10186,Weekday,False,Heavy Rain,True,32.2,False,False,1.0,Severe,8.7,72.8,788.5,0.265,0.613,0.831,Heavy rain reducing visibility and grip - reduced speed and longer buffer advised
EVT422179,2025-07-17 10:01:23,Local Market Day,J009,Majestic,2780,Weekday,False,Heavy Rain,True,25.0,False,False,1.0,Severe,9.8,74.2,605.2,0.225,0.521,0.846,Heavy rain reducing visibility and grip - reduced speed and longer buffer advised
EVT422180,2025-02-27 18:10:06,Concert,J020,Malleshwaram Circle,15599,Weekday,False,Clear,False,0.0,False,False,1.0,Severe,9.7,71.5,279.3,0.134,0.31,0.932,Heavy congestion detected - signal timing extended and reroute suggested
EVT422181,2025-09-18 10:04:44,Trade Fair,J031,Cubbon Road,7835,Weekday,False,Rain,True,16.3,True,False,1.0,Severe,8.4,67.9,563.7,0.201,0.464,0.721,Accident detected nearby - reroute and reduced speed advised
EVT422182,2026-03-04 09:57:13,Cultural Procession,J023,Basavanagudi,32006,Weekday,True,Clear,False,0.0,False,True,1.0,Severe,8.1,101.9,528.1,0.177,0.408,0.837,Road closure for event/procession - full detour recommended for through-traffic
EVT422183,2025-11-04 20:50:17,Trade Fair,J023,Basavanagudi,18036,Weekday,False,Clear,False,0.0,False,False,0.577,High,21.9,47.1,183.8,0.123,0.284,0.977,Moderate traffic flow - standard adaptive signal timing in effect
EVT422184,2025-05-12 15:40:01,Local Market Day,J020,Malleshwaram Circle,3264,Weekday,False,Heavy Rain,True,32.1,True,False,0.961,Severe,9.1,70.7,541.4,0.188,0.435,0.664,Accident detected nearby - reroute and reduced speed advised
EVT422185,2025-04-09 06:04:41,Local Market Day,J031,Cubbon Road,2420,Weekday,False,Clear,False,0.0,False,False,0.191,Low,30.1,12.1,208.3,0.158,0.366,0.962,Normal free-flow traffic - standard signal timing maintained
EVT422186,2025-08-06 15:27:25,Sports Fixture,J012,Koramangala Sony World,23110,Weekday,False,Clear,False,0.0,False,False,0.493,Moderate,23.3,33.1,239.2,0.174,0.403,0.971,Moderate traffic flow - standard adaptive signal timing in effect
EVT422187,2025-09-19 05:50:26,Local Market Day,J012,Koramangala Sony World,3036,Weekday,False,Clear,False,0.0,False,False,0.205,Low,32.9,19.5,147.6,0.129,0.299,0.986,Normal free-flow traffic - standard signal timing maintained
EVT422188,2025-10-18 12:30:39,Concert,J011,Indiranagar 100ft Road,7975,Weekend,False,Clear,False,0.0,False,False,0.315,Low,25.7,16.2,143.5,0.111,0.256,0.937,Moderate traffic flow - standard adaptive signal timing in effect
EVT422189,2025-11-24 13:25:19,Local Market Day,J012,Koramangala Sony World,4052,Weekday,False,Clear,False,0.0,False,False,0.073,Low,36.9,4.6,136.5,0.119,0.276,0.982,Normal free-flow traffic - standard signal timing maintained
EVT422190,2025-12-14 08:27:03,Local Market Day,J009,Majestic,5368,Weekend,False,Clear,False,0.0,False,False,0.845,Severe,12.5,59.5,397.9,0.185,0.426,0.939,Heavy congestion detected - signal timing extended and reroute suggested
EVT422191,2026-03-08 15:47:16,Sports Fixture,J040,City Market,23265,Weekend,False,Clear,False,0.0,False,False,0.546,Moderate,25.5,39.5,278.9,0.214,0.494,0.945,Moderate traffic flow - standard adaptive signal timing in effect
EVT422192,2025-02-23 11:34:09,Trade Fair,J020,Malleshwaram Circle,11527,Weekend,False,Clear,False,0.0,False,False,0.464,Moderate,27.3,30.6,192.2,0.158,0.364,0.962,Moderate traffic flow - standard adaptive signal timing in effect
EVT422193,2026-01-09 08:59:46,Political Rally,J011,Indiranagar 100ft Road,14578,Weekday,False,Fog,False,0.0,False,False,1.0,Severe,9.4,73.2,443.9,0.187,0.432,0.931,Heavy congestion detected - signal timing extended and reroute suggested
EVT422194,2025-05-25 19:24:18,Concert,J023,Basavanagudi,11604,Weekend,False,Rain,True,9.4,False,False,0.854,Severe,10.8,62.7,424.8,0.182,0.419,0.879,Heavy rain reducing visibility and grip - reduced speed and longer buffer advised
EVT422195,2025-08-05 16:26:44,Trade Fair,J040,City Market,7514,Weekday,False,Clear,False,0.0,False,False,0.568,High,22.0,44.4,275.6,0.161,0.371,0.988,Moderate traffic flow - standard adaptive signal timing in effect
EVT422196,2025-11-26 13:58:37,Trade Fair,J012,Koramangala Sony World,9356,Weekday,False,Clear,False,0.0,False,False,0.254,Low,30.5,12.1,203.8,0.152,0.35,0.95,Moderate traffic flow - standard adaptive signal timing in effect
EVT422197,2025-02-23 12:21:57,Concert,J040,City Market,18233,Weekend,False,Clear,False,0.0,False,False,0.385,Moderate,31.0,25.6,158.2,0.147,0.34,0.965,Moderate traffic flow - standard adaptive signal timing in effect
EVT422198,2025-01-10 13:10:56,Sports Fixture,J031,Cubbon Road,33604,Weekday,False,Clear,False,0.0,False,False,0.36,Moderate,34.5,25.9,148.1,0.145,0.336,0.963,Moderate traffic flow - standard adaptive signal timing in effect
EVT422199,2025-11-04 19:17:28,Local Market Day,J030,MG Road,4317,Weekday,False,Clear,False,0.0,False,False,0.99,Severe,7.8,69.1,579.5,0.179,0.412,0.911,Heavy congestion detected - signal timing extended and reroute suggested
EVT422200,2026-04-04 21:24:12,Trade Fair,J011,Indiranagar 100ft Road,12161,Weekend,False,Rain,True,8.9,False,False,0.585,High,20.5,45.5,132.6,0.09,0.207,0.917,Heavy rain reducing visibility and grip - reduced speed and longer buffer advised
EVT422201,2025-07-30 10:25:17,Concert,J040,City Market,12463,Weekday,False,Clear,False,0.0,False,False,0.686,High,19.3,45.5,199.7,0.104,0.24,0.931,Moderate traffic flow - standard adaptive signal timing in effect
EVT422202,2025-02-22 14:14:19,Trade Fair,J011,Indiranagar 100ft Road,12456,Weekend,False,Clear,False,0.0,False,False,0.357,Moderate,35.2,29.9,100.3,0.082,0.19,0.984,Moderate traffic flow - standard adaptive signal timing in effect
EVT422203,2025-01-20 07:10:54,Sports Fixture,J030,MG Road,35665,Weekday,False,Clear,False,0.0,False,False,0.665,High,21.2,46.9,493.7,0.312,0.722,0.968,Moderate traffic flow - standard adaptive signal timing in effect
EVT422204,2025-05-20 06:05:22,Political Rally,J023,Basavanagudi,14083,Weekday,False,Clear,False,0.0,False,False,0.297,Low,29.4,18.3,144.0,0.111,0.255,0.969,Moderate traffic flow - standard adaptive signal timing in effect
EVT422205,2025-08-31 08:37:44,Local Market Day,J020,Malleshwaram Circle,5000,Weekend,False,Rain,True,24.0,False,False,1.0,Severe,8.0,70.1,957.8,0.275,0.635,0.859,Heavy rain reducing visibility and grip - reduced speed and longer buffer advised
EVT422206,2026-01-05 09:26:27,Political Rally,J011,Indiranagar 100ft Road,22673,Weekday,False,Clear,False,0.0,False,False,1.0,Severe,8.4,71.2,339.4,0.143,0.33,0.924,Heavy congestion detected - signal timing extended and reroute suggested
EVT422207,2026-05-26 19:30:41,Sports Fixture,J009,Majestic,38059,Weekday,False,Clear,False,0.0,False,False,1.0,Severe,7.4,69.8,686.4,0.228,0.528,0.902,Heavy congestion detected - signal timing extended and reroute suggested
EVT422208,2025-03-01 18:17:58,Local Market Day,J023,Basavanagudi,2449,Weekend,False,Clear,False,0.0,False,False,0.868,Severe,11.0,55.3,238.8,0.095,0.22,0.934,Heavy congestion detected - signal timing extended and reroute suggested
EVT422209,2025-06-10 15:50:11,Local Market Day,J020,Malleshwaram Circle,4893,Weekday,False,Clear,False,0.0,False,False,0.333,Low,32.2,28.2,143.1,0.089,0.205,0.952,Moderate traffic flow - standard adaptive signal timing in effect
EVT422210,2026-02-02 15:17:44,Local Market Day,J040,City Market,5545,Weekday,False,Clear,False,0.0,False,False,0.244,Low,32.6,19.5,114.1,0.101,0.234,0.966,Normal free-flow traffic - standard signal timing maintained
EVT422211,2026-06-01 15:49:04,Trade Fair,J020,Malleshwaram Circle,6003,Weekday,False,Clear,False,0.0,False,False,0.392,Moderate,30.4,28.3,195.3,0.173,0.401,0.972,Moderate traffic flow - standard adaptive signal timing in effect
EVT422212,2025-09-11 00:59:23,Local Market Day,J031,Cubbon Road,4447,Weekday,False,Clear,False,0.0,False,False,0.194,Low,30.7,11.1,80.1,0.063,0.145,0.95,Normal free-flow traffic - standard signal timing maintained
EVT422213,2025-04-22 15:50:43,Local Market Day,J031,Cubbon Road,6021,Weekday,False,Clear,False,0.0,False,False,0.38,Moderate,27.4,27.7,164.0,0.131,0.303,0.945,Moderate traffic flow - standard adaptive signal timing in effect
EVT422214,2025-03-31 18:09:10,Cultural Procession,J012,Koramangala Sony World,23174,Weekday,True,Clear,False,0.0,False,True,1.0,Severe,8.1,99.2,374.9,0.148,0.343,0.838,Road closure for event/procession - full detour recommended for through-traffic
EVT422215,2026-06-03 20:35:48,Trade Fair,J023,Basavanagudi,8588,Weekday,False,Clear,False,0.0,False,False,0.654,High,20.5,42.2,302.3,0.21,0.486,0.957,Moderate traffic flow - standard adaptive signal timing in effect
EVT422216,2025-11-16 19:51:02,Concert,J031,Cubbon Road,12438,Weekend,False,Rain,True,8.3,True,False,1.0,Severe,7.4,71.2,668.0,0.222,0.513,0.703,Accident detected nearby - reroute and reduced speed advised
EVT422217,2025-02-19 16:07:47,Political Rally,J009,Majestic,13670,Weekday,False,Clear,False,0.0,False,False,0.535,Moderate,21.6,34.0,328.3,0.219,0.506,0.947,Moderate traffic flow - standard adaptive signal timing in effect
EVT422218,2025-12-20 09:08:43,Local Market Day,J023,Basavanagudi,6514,Weekend,False,Clear,False,0.0,False,False,0.834,Severe,13.5,53.9,363.5,0.182,0.421,0.97,Heavy congestion detected - signal timing extended and reroute suggested
EVT422219,2025-02-16 14:09:10,Local Market Day,J023,Basavanagudi,3367,Weekend,False,Clear,False,0.0,False,False,0.204,Low,23.3,16.1,243.1,0.129,0.297,0.972,Normal free-flow traffic - standard signal timing maintained
EVT422220,2025-10-21 18:24:23,Fireworks Display,J023,Basavanagudi,28780,Weekday,True,Heavy Rain,True,27.5,False,False,1.0,Severe,8.0,69.7,509.6,0.172,0.396,0.808,Festival crowd surge detected - alternate route and extended cycle recommended
EVT422221,2025-06-10 07:59:43,Sports Fixture,J040,City Market,17707,Weekday,False,Rain,True,11.4,False,False,1.0,Severe,8.3,74.9,519.9,0.18,0.415,0.87,Heavy rain reducing visibility and grip - reduced speed and longer buffer advised
EVT422222,2025-11-10 08:24:51,Trade Fair,J031,Cubbon Road,9730,Weekday,False,Clear,False,0.0,False,False,0.943,Severe,8.2,62.8,379.9,0.124,0.285,0.925,Heavy congestion detected - signal timing extended and reroute suggested
EVT422223,2026-03-18 16:47:16,Trade Fair,J040,City Market,19351,Weekday,False,Clear,False,0.0,False,False,0.755,Severe,19.6,54.2,282.7,0.187,0.433,0.99,Heavy congestion detected - signal timing extended and reroute suggested
EVT422224,2025-12-20 05:52:06,Trade Fair,J020,Malleshwaram Circle,10928,Weekend,False,Fog,False,0.0,False,False,0.365,Moderate,18.7,31.1,219.4,0.122,0.281,0.953,Moderate traffic flow - standard adaptive signal timing in effect
EVT422225,2025-04-24 07:26:06,Local Market Day,J031,Cubbon Road,5681,Weekday,False,Rain,True,24.5,False,False,0.806,Severe,17.0,53.9,225.8,0.134,0.31,0.894,Heavy rain reducing visibility and grip - reduced speed and longer buffer advised
EVT422226,2025-04-07 19:26:37,Religious Festival,J030,MG Road,48707,Weekday,True,Clear,False,0.0,False,True,1.0,Severe,8.7,100.3,710.7,0.254,0.586,0.832,Road closure for event/procession - full detour recommended for through-traffic
EVT422227,2025-08-26 17:21:58,Concert,J030,MG Road,10505,Weekday,False,Clear,False,0.0,False,False,0.828,Severe,12.3,51.8,379.6,0.179,0.413,0.954,Heavy congestion detected - signal timing extended and reroute suggested
EVT422228,2025-12-04 00:43:34,Trade Fair,J040,City Market,7828,Weekday,False,Clear,False,0.0,False,False,0.212,Low,32.3,18.4,54.4,0.04,0.092,0.982,Normal free-flow traffic - standard signal timing maintained
EVT422229,2025-06-10 16:31:48,Sports Fixture,J023,Basavanagudi,23727,Weekday,False,Light Rain,True,3.8,False,False,0.749,High,18.1,55.0,212.5,0.133,0.308,0.934,Heavy rain reducing visibility and grip - reduced speed and longer buffer advised
EVT422230,2026-05-31 17:28:22,Local Market Day,J020,Malleshwaram Circle,5750,Weekend,False,Clear,False,0.0,False,False,0.728,High,20.3,55.1,267.4,0.188,0.434,0.95,Moderate traffic flow - standard adaptive signal timing in effect
EVT422231,2026-01-07 16:05:19,Concert,J031,Cubbon Road,12079,Weekday,False,Clear,False,0.0,False,False,0.518,Moderate,22.9,43.5,227.5,0.142,0.328,0.956,Moderate traffic flow - standard adaptive signal timing in effect
EVT422232,2025-05-20 17:11:41,Local Market Day,J012,Koramangala Sony World,3740,Weekday,False,Rain,True,20.8,False,False,1.0,Severe,8.3,68.9,518.2,0.173,0.401,0.884,Heavy rain reducing visibility and grip - reduced speed and longer buffer advised
EVT422233,2025-05-18 07:47:06,Sports Fixture,J040,City Market,22208,Weekend,False,Light Rain,True,7.4,False,False,0.82,Severe,11.9,54.2,249.9,0.11,0.254,0.924,Heavy rain reducing visibility and grip - reduced speed and longer buffer advised
EVT422234,2025-12-16 17:15:59,Sports Fixture,J030,MG Road,14874,Weekday,False,Clear,False,0.0,False,False,0.908,Severe,9.6,62.6,594.9,0.21,0.486,0.938,Heavy congestion detected - signal timing extended and reroute suggested
EVT422235,2025-04-10 05:26:29,Local Market Day,J020,Malleshwaram Circle,7954,Weekday,False,Clear,False,0.0,False,False,0.171,Low,40.1,14.7,133.6,0.123,0.285,0.949,Normal free-flow traffic - standard signal timing maintained
EVT422236,2025-04-08 14:18:41,Concert,J011,Indiranagar 100ft Road,9823,Weekday,False,Clear,False,0.0,False,False,0.274,Low,41.2,23.2,188.9,0.174,0.402,0.955,Moderate traffic flow - standard adaptive signal timing in effect
EVT422237,2026-03-25 10:13:23,Trade Fair,J020,Malleshwaram Circle,18935,Weekday,False,Clear,False,0.0,False,False,0.886,Severe,12.1,59.9,388.0,0.16,0.37,0.915,Heavy congestion detected - signal timing extended and reroute suggested
EVT422238,2025-11-15 22:42:10,Local Market Day,J012,Koramangala Sony World,10839,Weekend,False,Clear,False,0.0,False,False,0.301,Low,24.2,27.2,104.2,0.07,0.161,0.932,Moderate traffic flow - standard adaptive signal timing in effect
EVT422239,2026-03-25 15:44:05,Trade Fair,J011,Indiranagar 100ft Road,14952,Weekday,False,Clear,False,0.0,False,False,0.404,Moderate,27.4,33.1,210.0,0.179,0.413,0.941,Moderate traffic flow - standard adaptive signal timing in effect
EVT422240,2025-11-27 13:44:14,Sports Fixture,J023,Basavanagudi,27819,Weekday,False,Clear,False,0.0,False,False,0.394,Moderate,28.9,36.2,175.9,0.131,0.302,0.99,Moderate traffic flow - standard adaptive signal timing in effect
EVT422241,2025-08-08 05:41:41,Sports Fixture,J012,Koramangala Sony World,9520,Weekday,False,Clear,False,0.0,False,False,0.236,Low,40.4,21.5,155.5,0.165,0.38,0.962,Normal free-flow traffic - standard signal timing maintained
EVT422242,2026-06-08 08:19:20,Concert,J012,Koramangala Sony World,9175,Weekday,False,Clear,False,0.0,False,False,0.958,Severe,9.9,72.1,376.3,0.164,0.379,0.932,Heavy congestion detected - signal timing extended and reroute suggested
EVT422243,2025-11-09 09:23:00,Political Rally,J030,MG Road,15433,Weekend,False,Rain,True,18.2,False,False,1.0,Severe,8.7,77.8,507.2,0.187,0.431,0.849,Heavy rain reducing visibility and grip - reduced speed and longer buffer advised
EVT422244,2025-09-20 15:50:28,Local Market Day,J009,Majestic,2539,Weekend,False,Fog,False,0.0,False,False,0.371,Moderate,30.0,26.1,228.6,0.188,0.433,0.956,Moderate traffic flow - standard adaptive signal timing in effect
EVT422245,2025-12-29 18:58:51,Trade Fair,J023,Basavanagudi,9385,Weekday,False,Clear,False,0.0,False,False,1.0,Severe,8.3,72.7,469.4,0.167,0.386,0.932,Heavy congestion detected - signal timing extended and reroute suggested
EVT422246,2026-01-03 18:24:20,Concert,J040,City Market,6986,Weekend,False,Clear,False,0.0,False,False,1.0,Severe,8.6,76.8,462.7,0.182,0.419,0.921,Heavy congestion detected - signal timing extended and reroute suggested
EVT422247,2026-04-03 18:50:55,Concert,J020,Malleshwaram Circle,9310,Weekday,False,Clear,False,0.0,False,False,1.0,Severe,8.0,70.5,602.9,0.209,0.483,0.912,Heavy congestion detected - signal timing extended and reroute suggested
EVT422248,2025-07-09 07:34:09,Concert,J009,Majestic,11541,Weekday,False,Heavy Rain,True,42.4,False,False,1.0,Severe,8.3,67.8,435.0,0.148,0.341,0.86,Heavy rain reducing visibility and grip - reduced speed and longer buffer advised
EVT422249,2025-10-23 09:12:23,Local Market Day,J011,Indiranagar 100ft Road,4485,Weekday,False,Clear,False,0.0,False,False,1.0,Severe,7.7,74.7,610.3,0.217,0.5,0.901,Heavy congestion detected - signal timing extended and reroute suggested
EVT422250,2026-03-23 11:58:32,Local Market Day,J031,Cubbon Road,3991,Weekday,False,Light Rain,True,5.9,False,False,0.319,Low,26.4,19.3,80.3,0.056,0.129,0.925,Light rain detected - minor speed reduction advised
EVT422251,2026-03-03 10:48:29,Political Rally,J012,Koramangala Sony World,9546,Weekday,False,Clear,False,0.0,False,False,0.657,High,19.0,50.4,209.9,0.124,0.286,0.957,Moderate traffic flow - standard adaptive signal timing in effect
EVT422252,2026-06-22 19:32:46,Local Market Day,J040,City Market,5756,Weekday,False,Clear,False,0.0,False,False,0.84,Severe,10.8,59.4,480.0,0.223,0.515,0.949,Heavy congestion detected - signal timing extended and reroute suggested
EVT422253,2025-09-27 14:05:22,Sports Fixture,J011,Indiranagar 100ft Road,16581,Weekend,False,Fog,False,0.0,False,False,0.475,Moderate,25.4,35.6,211.7,0.162,0.374,0.957,Moderate traffic flow - standard adaptive signal timing in effect
EVT422254,2025-05-01 18:37:36,Religious Festival,J011,Indiranagar 100ft Road,45359,Weekday,True,Clear,False,0.0,False,False,1.0,Severe,10.1,73.8,697.0,0.292,0.675,0.875,Festival crowd surge detected - alternate route and extended cycle recommended
EVT422255,2025-11-09 17:48:17,Sports Fixture,J012,Koramangala Sony World,19617,Weekend,False,Light Rain,True,1.0,False,False,0.958,Severe,9.6,65.8,403.2,0.156,0.361,0.88,Heavy rain reducing visibility and grip - reduced speed and longer buffer advised
EVT422256,2025-11-11 21:49:50,Local Market Day,J031,Cubbon Road,4253,Weekday,False,Rain,True,14.5,False,False,0.498,Moderate,25.9,37.6,240.2,0.171,0.396,0.9,Light rain detected - minor speed reduction advised
EVT422257,2025-10-10 07:56:16,Sports Fixture,J023,Basavanagudi,18937,Weekday,False,Clear,False,0.0,False,False,0.913,Severe,11.0,65.0,338.8,0.142,0.329,0.958,Heavy congestion detected - signal timing extended and reroute suggested
EVT422258,2025-11-07 09:24:14,Local Market Day,J040,City Market,3710,Weekday,False,Rain,True,9.2,True,False,1.0,Severe,8.6,67.1,478.1,0.168,0.387,0.75,Accident detected nearby - reroute and reduced speed advised
EVT422259,2025-05-22 07:34:18,Sports Fixture,J009,Majestic,33893,Weekday,False,Clear,False,0.0,False,False,0.804,Severe,18.3,60.3,189.7,0.123,0.284,0.967,Heavy congestion detected - signal timing extended and reroute suggested
EVT422260,2026-02-22 21:59:55,Concert,J012,Koramangala Sony World,12328,Weekend,False,Clear,False,0.0,False,False,0.444,Moderate,28.3,33.5,184.8,0.157,0.363,0.936,Moderate traffic flow - standard adaptive signal timing in effect
EVT422261,2026-06-12 16:29:53,Sports Fixture,J040,City Market,22107,Weekday,False,Clear,False,0.0,False,False,0.675,High,18.0,47.8,244.4,0.141,0.325,0.955,Moderate traffic flow - standard adaptive signal timing in effect
EVT422262,2025-06-25 20:23:14,Political Rally,J020,Malleshwaram Circle,10872,Weekday,False,Heavy Rain,True,36.8,False,False,1.0,Severe,7.9,68.4,474.9,0.172,0.397,0.892,Heavy rain reducing visibility and grip - reduced speed and longer buffer advised
EVT422263,2026-02-04 22:40:58,Sports Fixture,J009,Majestic,14553,Weekday,False,Clear,False,0.0,False,False,0.18,Low,33.5,16.5,112.1,0.094,0.217,0.969,Normal free-flow traffic - standard signal timing maintained
EVT422264,2025-07-04 18:06:29,Concert,J040,City Market,9558,Weekday,False,Light Rain,True,3.6,False,False,1.0,Severe,7.2,71.8,801.5,0.253,0.585,0.873,Heavy rain reducing visibility and grip - reduced speed and longer buffer advised
EVT422265,2026-03-27 20:51:55,Fireworks Display,J011,Indiranagar 100ft Road,20947,Weekday,True,Clear,False,0.0,False,False,0.749,High,16.4,54.9,292.6,0.16,0.37,0.909,Festival crowd surge detected - alternate route and extended cycle recommended
EVT422266,2025-06-17 09:37:26,Political Rally,J012,Koramangala Sony World,7824,Weekday,False,Clear,False,0.0,False,False,0.923,Severe,9.0,59.5,499.5,0.181,0.417,0.923,Heavy congestion detected - signal timing extended and reroute suggested
EVT422267,2026-02-21 15:16:13,Trade Fair,J023,Basavanagudi,14058,Weekend,False,Clear,False,0.0,False,False,0.41,Moderate,25.9,26.8,189.5,0.14,0.324,0.952,Moderate traffic flow - standard adaptive signal timing in effect
EVT422268,2025-09-29 06:15:41,Concert,J009,Majestic,20134,Weekday,False,Clear,False,0.0,False,False,0.369,Moderate,31.2,21.1,164.5,0.157,0.363,0.967,Moderate traffic flow - standard adaptive signal timing in effect
EVT422269,2026-05-03 12:06:24,Local Market Day,J020,Malleshwaram Circle,7641,Weekend,False,Clear,False,0.0,False,False,0.308,Low,32.8,27.0,128.5,0.115,0.265,0.967,Moderate traffic flow - standard adaptive signal timing in effect
EVT422270,2025-12-19 20:03:28,Concert,J012,Koramangala Sony World,13651,Weekday,False,Clear,False,0.0,False,False,0.684,High,15.6,51.5,191.1,0.101,0.232,0.971,Moderate traffic flow - standard adaptive signal timing in effect
EVT422271,2025-06-08 19:45:36,Local Market Day,J040,City Market,5969,Weekend,False,Clear,False,0.0,False,False,0.811,Severe,14.4,58.5,344.9,0.167,0.386,0.96,Heavy congestion detected - signal timing extended and reroute suggested
EVT422272,2025-12-04 17:55:06,Concert,J020,Malleshwaram Circle,7638,Weekday,False,Clear,False,0.0,False,False,0.915,Severe,13.1,68.6,315.6,0.156,0.361,0.958,Heavy congestion detected - signal timing extended and reroute suggested
EVT422273,2026-01-19 14:16:40,Sports Fixture,J012,Koramangala Sony World,20792,Weekday,False,Clear,False,0.0,False,False,0.292,Low,32.1,17.7,179.4,0.15,0.347,0.959,Moderate traffic flow - standard adaptive signal timing in effect
EVT422274,2025-11-18 20:07:46,Local Market Day,J011,Indiranagar 100ft Road,3439,Weekday,False,Clear,False,0.0,False,False,0.786,Severe,15.7,53.9,258.1,0.144,0.332,0.987,Heavy congestion detected - signal timing extended and reroute suggested
EVT422275,2026-06-11 01:57:29,Political Rally,J012,Koramangala Sony World,10848,Weekday,False,Fog,False,0.0,False,False,0.239,Low,29.8,13.9,201.2,0.137,0.316,0.96,Normal free-flow traffic - standard signal timing maintained
EVT422276,2026-05-19 16:17:50,Political Rally,J011,Indiranagar 100ft Road,14176,Weekday,False,Clear,False,0.0,False,False,0.614,High,18.6,38.9,246.4,0.141,0.327,0.957,Moderate traffic flow - standard adaptive signal timing in effect
EVT422277,2025-11-07 09:04:25,Political Rally,J023,Basavanagudi,8886,Weekday,False,Rain,True,20.2,False,False,1.0,Severe,9.0,68.8,510.8,0.157,0.362,0.867,Heavy rain reducing visibility and grip - reduced speed and longer buffer advised
EVT422278,2026-05-11 17:41:33,Political Rally,J012,Koramangala Sony World,12451,Weekday,False,Clear,False,0.0,False,False,0.893,Severe,11.6,70.3,379.0,0.151,0.35,0.927,Heavy congestion detected - signal timing extended and reroute suggested
EVT422279,2025-02-15 20:53:54,Concert,J009,Majestic,7617,Weekend,False,Clear,False,0.0,False,False,0.417,Moderate,24.6,30.7,150.3,0.1,0.231,0.944,Moderate traffic flow - standard adaptive signal timing in effect
EVT422280,2025-07-19 14:18:09,Local Market Day,J009,Majestic,2081,Weekend,False,Light Rain,True,3.6,True,False,0.675,High,20.1,51.6,259.6,0.146,0.338,0.779,Accident detected nearby - reroute and reduced speed advised
EVT422281,2025-10-24 18:20:48,Sports Fixture,J020,Malleshwaram Circle,26613,Weekday,False,Fog,False,0.0,False,False,1.0,Severe,8.0,69.2,526.5,0.184,0.424,0.933,Heavy congestion detected - signal timing extended and reroute suggested
EVT422282,2026-03-25 19:12:02,Sports Fixture,J030,MG Road,16304,Weekday,False,Clear,False,0.0,False,False,1.0,Severe,8.7,75.1,584.2,0.218,0.505,0.896,Heavy congestion detected - signal timing extended and reroute suggested
EVT422283,2025-09-21 11:30:11,Sports Fixture,J023,Basavanagudi,25595,Weekend,False,Heavy Rain,True,34.4,False,False,0.831,Severe,15.8,64.2,338.4,0.187,0.433,0.9,Heavy rain reducing visibility and grip - reduced speed and longer buffer advised
EVT422284,2025-07-14 08:08:19,Sports Fixture,J012,Koramangala Sony World,27258,Weekday,False,Rain,True,10.9,False,False,1.0,Severe,8.2,73.8,730.0,0.235,0.543,0.897,Heavy rain reducing visibility and grip - reduced speed and longer buffer advised
EVT422285,2026-04-15 14:35:50,Cultural Procession,J040,City Market,20472,Weekday,True,Light Rain,True,3.2,False,True,0.721,High,14.3,77.8,491.2,0.221,0.511,0.819,Road closure for event/procession - full detour recommended for through-traffic
EVT422286,2025-02-20 20:23:43,Concert,J023,Basavanagudi,12367,Weekday,False,Clear,False,0.0,False,False,0.59,High,21.4,44.7,122.9,0.069,0.159,0.984,Moderate traffic flow - standard adaptive signal timing in effect
EVT422287,2026-05-05 22:06:51,Concert,J023,Basavanagudi,14045,Weekday,False,Rain,True,16.6,False,False,0.61,High,17.0,43.3,409.6,0.203,0.468,0.928,Heavy rain reducing visibility and grip - reduced speed and longer buffer advised
EVT422288,2025-10-03 09:10:15,Religious Festival,J012,Koramangala Sony World,31237,Weekday,True,Clear,False,0.0,False,True,1.0,Severe,7.5,100.6,299.3,0.1,0.23,0.815,Road closure for event/procession - full detour recommended for through-traffic
EVT422289,2025-07-28 09:06:46,Sports Fixture,J020,Malleshwaram Circle,25410,Weekday,False,Heavy Rain,True,39.3,False,False,1.0,Severe,6.9,65.8,525.3,0.157,0.364,0.878,Heavy rain reducing visibility and grip - reduced speed and longer buffer advised
EVT422290,2025-02-11 07:15:35,Political Rally,J023,Basavanagudi,18457,Weekday,False,Clear,False,0.0,False,False,0.634,High,21.8,42.0,155.8,0.101,0.232,0.985,Moderate traffic flow - standard adaptive signal timing in effect
EVT422291,2025-04-23 09:37:51,Sports Fixture,J030,MG Road,27869,Weekday,False,Clear,False,0.0,False,False,1.0,Severe,8.7,70.7,371.8,0.156,0.36,0.928,Heavy congestion detected - signal timing extended and reroute suggested
EVT422292,2026-02-21 17:40:56,Sports Fixture,J031,Cubbon Road,19630,Weekend,False,Clear,False,0.0,False,False,0.954,Severe,9.5,65.6,415.0,0.183,0.424,0.935,Heavy congestion detected - signal timing extended and reroute suggested
EVT422293,2025-10-15 21:22:58,Trade Fair,J030,MG Road,7514,Weekday,False,Rain,True,20.3,False,False,0.535,Moderate,26.2,42.1,131.6,0.105,0.242,0.933,Light rain detected - minor speed reduction advised
EVT422294,2025-05-07 18:55:54,Sports Fixture,J030,MG Road,44704,Weekday,False,Clear,False,0.0,False,False,1.0,Severe,9.2,78.3,682.2,0.247,0.57,0.93,Heavy congestion detected - signal timing extended and reroute suggested
EVT422295,2026-02-13 09:44:28,Local Market Day,J023,Basavanagudi,10951,Weekday,False,Clear,False,0.0,False,False,0.984,Severe,9.5,71.8,535.7,0.222,0.514,0.915,Heavy congestion detected - signal timing extended and reroute suggested
EVT422296,2025-12-24 21:31:45,Sports Fixture,J030,MG Road,28670,Weekday,False,Clear,False,0.0,False,False,0.422,Moderate,26.3,38.1,162.8,0.115,0.265,0.961,Moderate traffic flow - standard adaptive signal timing in effect
EVT422297,2025-07-07 22:56:01,Political Rally,J030,MG Road,18148,Weekday,False,Rain,True,10.1,False,False,0.324,Low,28.1,19.5,140.2,0.116,0.268,0.914,Light rain detected - minor speed reduction advised
EVT422298,2026-03-17 11:38:16,Local Market Day,J031,Cubbon Road,6211,Weekday,False,Clear,False,0.0,False,False,0.28,Low,30.0,19.4,93.9,0.061,0.141,0.942,Moderate traffic flow - standard adaptive signal timing in effect
EVT422299,2025-05-10 08:06:40,Local Market Day,J020,Malleshwaram Circle,5345,Weekend,False,Rain,True,13.1,False,False,0.914,Severe,12.4,71.3,420.7,0.199,0.459,0.892,Heavy rain reducing visibility and grip - reduced speed and longer buffer advised
EVT422300,2025-11-24 08:56:57,Local Market Day,J030,MG Road,3222,Weekday,False,Rain,True,20.4,False,False,1.0,Severe,7.1,72.6,753.8,0.227,0.524,0.864,Heavy rain reducing visibility and grip - reduced speed and longer buffer advised
EVT422301,2026-03-04 21:12:21,Cultural Procession,J023,Basavanagudi,22017,Weekday,True,Clear,False,0.0,False,True,0.882,High,12.8,91.5,611.3,0.277,0.64,0.862,Road closure for event/procession - full detour recommended for through-traffic
EVT422302,2026-04-04 21:27:36,Local Market Day,J011,Indiranagar 100ft Road,6532,Weekend,False,Light Rain,True,6.5,False,False,0.504,Moderate,20.4,36.0,99.6,0.077,0.177,0.917,Light rain detected - minor speed reduction advised
EVT422303,2025-05-07 15:39:35,Local Market Day,J031,Cubbon Road,3080,Weekday,False,Clear,False,0.0,False,False,0.355,Moderate,30.0,28.2,138.2,0.125,0.289,0.948,Moderate traffic flow - standard adaptive signal timing in effect
EVT422304,2025-09-20 08:49:24,Local Market Day,J031,Cubbon Road,3389,Weekend,False,Clear,False,0.0,False,False,0.761,Severe,17.0,50.1,396.6,0.224,0.516,0.976,Heavy congestion detected - signal timing extended and reroute suggested
EVT422305,2025-01-14 18:33:46,Religious Festival,J023,Basavanagudi,30242,Weekday,True,Clear,False,0.0,False,True,1.0,Severe,8.8,100.2,437.5,0.177,0.408,0.846,Road closure for event/procession - full detour recommended for through-traffic
EVT422306,2025-10-13 17:51:57,Sports Fixture,J011,Indiranagar 100ft Road,21766,Weekday,False,Clear,False,0.0,False,False,0.981,Severe,8.8,68.1,412.4,0.163,0.377,0.919,Heavy congestion detected - signal timing extended and reroute suggested
EVT422307,2025-11-20 17:10:09,Concert,J020,Malleshwaram Circle,11336,Weekday,False,Rain,True,14.1,True,False,1.0,Severe,8.3,68.8,620.5,0.221,0.51,0.684,Accident detected nearby - reroute and reduced speed advised
EVT422308,2026-04-18 08:34:56,Sports Fixture,J023,Basavanagudi,24509,Weekend,False,Light Rain,True,5.6,False,False,1.0,Severe,7.2,70.3,643.0,0.192,0.444,0.861,Heavy rain reducing visibility and grip - reduced speed and longer buffer advised
EVT422309,2026-03-06 09:31:27,Political Rally,J012,Koramangala Sony World,18355,Weekday,False,Clear,False,0.0,False,False,1.0,Severe,8.0,71.8,498.8,0.158,0.366,0.906,Heavy congestion detected - signal timing extended and reroute suggested
EVT422310,2025-05-14 18:29:55,Local Market Day,J031,Cubbon Road,6021,Weekday,False,Clear,False,0.0,False,False,0.978,Severe,9.7,70.7,570.3,0.259,0.598,0.909,Heavy congestion detected - signal timing extended and reroute suggested
EVT422311,2025-01-21 10:51:34,Local Market Day,J040,City Market,2752,Weekday,False,Clear,False,0.0,False,False,0.515,Moderate,29.1,41.1,105.7,0.074,0.172,0.969,Moderate traffic flow - standard adaptive signal timing in effect
EVT422312,2026-04-14 19:58:48,Religious Festival,J012,Koramangala Sony World,29461,Weekday,True,Clear,False,0.0,False,False,1.0,Severe,7.7,76.0,341.5,0.129,0.297,0.845,Festival crowd surge detected - alternate route and extended cycle recommended
EVT422313,2025-04-02 14:30:53,Concert,J012,Koramangala Sony World,19524,Weekday,False,Clear,False,0.0,False,False,0.329,Low,30.6,24.1,214.0,0.18,0.416,0.981,Moderate traffic flow - standard adaptive signal timing in effect
EVT422314,2026-03-04 14:36:16,Religious Festival,J011,Indiranagar 100ft Road,44509,Weekday,True,Clear,False,0.0,False,True,0.838,High,11.3,82.1,449.9,0.194,0.449,0.865,Road closure for event/procession - full detour recommended for through-traffic
EVT422315,2026-06-12 18:01:24,Local Market Day,J009,Majestic,4366,Weekday,False,Clear,False,0.0,False,False,1.0,Severe,7.6,75.6,428.2,0.149,0.343,0.9,Heavy congestion detected - signal timing extended and reroute suggested
EVT422316,2025-02-23 20:22:00,Trade Fair,J012,Koramangala Sony World,8965,Weekend,False,Clear,False,0.0,False,False,0.622,High,20.7,49.3,289.0,0.182,0.421,0.984,Moderate traffic flow - standard adaptive signal timing in effect
EVT422317,2025-11-13 10:20:06,Local Market Day,J023,Basavanagudi,5316,Weekday,False,Rain,True,13.0,False,False,0.935,Severe,9.6,70.8,330.5,0.128,0.297,0.882,Heavy rain reducing visibility and grip - reduced speed and longer buffer advised
EVT422318,2026-02-28 16:36:56,Sports Fixture,J012,Koramangala Sony World,32372,Weekend,False,Clear,False,0.0,False,False,0.746,High,13.1,53.7,352.7,0.17,0.393,0.946,Moderate traffic flow - standard adaptive signal timing in effect
EVT422319,2025-02-09 19:06:55,Local Market Day,J011,Indiranagar 100ft Road,4412,Weekend,False,Clear,False,0.0,False,False,0.78,Severe,17.4,55.7,355.4,0.205,0.473,0.929,Heavy congestion detected - signal timing extended and reroute suggested
EVT422320,2025-06-16 11:04:36,Local Market Day,J012,Koramangala Sony World,5473,Weekday,False,Clear,False,0.0,False,False,0.367,Moderate,23.0,26.6,192.1,0.146,0.336,0.953,Moderate traffic flow - standard adaptive signal timing in effect
EVT422321,2025-03-01 17:18:33,Trade Fair,J040,City Market,5232,Weekend,False,Clear,False,0.0,False,False,0.73,High,17.0,49.8,263.6,0.141,0.326,0.964,Moderate traffic flow - standard adaptive signal timing in effect
EVT422322,2025-06-14 20:05:51,Sports Fixture,J012,Koramangala Sony World,15000,Weekend,False,Clear,False,0.0,False,False,0.641,High,19.1,48.8,330.2,0.223,0.515,0.953,Moderate traffic flow - standard adaptive signal timing in effect
EVT422323,2026-04-19 09:17:52,Political Rally,J030,MG Road,14747,Weekend,False,Clear,False,0.0,False,False,0.87,Severe,16.0,61.3,373.8,0.213,0.493,0.968,Heavy congestion detected - signal timing extended and reroute suggested
EVT422324,2025-04-16 18:36:06,Concert,J020,Malleshwaram Circle,9576,Weekday,False,Light Rain,True,6.9,False,False,1.0,Severe,7.0,71.7,822.6,0.241,0.557,0.871,Heavy rain reducing visibility and grip - reduced speed and longer buffer advised
EVT422325,2025-10-27 12:36:50,Concert,J011,Indiranagar 100ft Road,14336,Weekday,False,Clear,False,0.0,False,False,0.253,Low,26.1,21.4,149.7,0.098,0.226,0.977,Moderate traffic flow - standard adaptive signal timing in effect
EVT422326,2025-04-23 13:32:10,Political Rally,J011,Indiranagar 100ft Road,10495,Weekday,False,Clear,False,0.0,False,False,0.236,Low,25.0,19.0,133.7,0.076,0.177,0.972,Normal free-flow traffic - standard signal timing maintained
EVT422327,2025-01-21 16:15:01,Trade Fair,J031,Cubbon Road,12153,Weekday,False,Clear,False,0.0,False,False,0.502,Moderate,33.2,34.4,161.3,0.158,0.365,0.972,Moderate traffic flow - standard adaptive signal timing in effect
EVT422328,2025-07-29 20:11:56,Trade Fair,J030,MG Road,6833,Weekday,False,Clear,False,0.0,False,False,0.714,High,19.0,47.0,214.2,0.135,0.312,0.96,Moderate traffic flow - standard adaptive signal timing in effect
EVT422329,2026-03-04 18:45:53,Cultural Procession,J030,MG Road,24006,Weekday,True,Clear,False,0.0,False,True,1.0,Severe,9.5,91.9,340.4,0.155,0.359,0.832,Road closure for event/procession - full detour recommended for through-traffic
EVT422330,2025-01-30 10:44:14,Concert,J009,Majestic,20586,Weekday,False,Clear,False,0.0,False,False,0.653,High,18.5,49.3,289.9,0.174,0.402,0.962,Moderate traffic flow - standard adaptive signal timing in effect
EVT422331,2025-07-14 10:37:39,Local Market Day,J040,City Market,4692,Weekday,False,Clear,False,0.0,False,False,0.623,High,21.6,49.0,305.6,0.208,0.481,0.95,Moderate traffic flow - standard adaptive signal timing in effect
EVT422332,2025-04-15 22:27:29,Religious Festival,J020,Malleshwaram Circle,43158,Weekday,True,Fog,False,0.0,True,True,1.0,Severe,8.0,100.2,622.4,0.213,0.492,0.664,Road closure for event/procession - full detour recommended for through-traffic
EVT422333,2026-02-23 18:46:56,Sports Fixture,J012,Koramangala Sony World,35759,Weekday,False,Clear,False,0.0,False,False,1.0,Severe,8.0,72.6,615.7,0.209,0.483,0.915,Heavy congestion detected - signal timing extended and reroute suggested
EVT422334,2025-08-17 10:16:55,Local Market Day,J012,Koramangala Sony World,12697,Weekend,False,Clear,False,0.0,False,False,0.739,High,17.6,54.8,129.6,0.065,0.149,0.961,Moderate traffic flow - standard adaptive signal timing in effect
EVT422335,2026-05-27 16:52:58,Sports Fixture,J020,Malleshwaram Circle,28570,Weekday,False,Clear,False,0.0,False,False,0.868,Severe,16.3,55.6,309.2,0.17,0.393,0.939,Heavy congestion detected - signal timing extended and reroute suggested
EVT422336,2026-05-30 06:45:20,Sports Fixture,J040,City Market,29871,Weekend,False,Heavy Rain,True,36.4,False,False,0.821,Severe,13.3,63.0,403.8,0.202,0.466,0.921,Heavy rain reducing visibility and grip - reduced speed and longer buffer advised
EVT422337,2026-02-26 08:13:06,Concert,J031,Cubbon Road,17709,Weekday,False,Clear,False,0.0,False,False,0.896,Severe,10.7,57.1,478.1,0.21,0.485,0.911,Heavy congestion detected - signal timing extended and reroute suggested
EVT422338,2025-12-28 08:53:56,Local Market Day,J011,Indiranagar 100ft Road,3196,Weekend,False,Clear,False,0.0,False,False,0.904,Severe,11.1,73.5,404.3,0.175,0.404,0.96,Heavy congestion detected - signal timing extended and reroute suggested
EVT422339,2025-03-23 10:36:45,Local Market Day,J012,Koramangala Sony World,4645,Weekend,False,Clear,False,0.0,False,False,0.535,Moderate,20.5,36.2,267.4,0.175,0.403,0.974,Moderate traffic flow - standard adaptive signal timing in effect
EVT422340,2026-05-10 07:14:13,Trade Fair,J009,Majestic,9732,Weekend,False,Clear,False,0.0,False,False,0.511,Moderate,30.7,40.6,135.2,0.116,0.267,0.99,Moderate traffic flow - standard adaptive signal timing in effect
EVT422341,2025-07-01 07:16:32,Trade Fair,J020,Malleshwaram Circle,6577,Weekday,False,Heavy Rain,True,81.8,False,False,0.971,Severe,6.8,66.0,960.8,0.267,0.617,0.851,Heavy rain reducing visibility and grip - reduced speed and longer buffer advised
EVT422342,2025-08-24 15:21:05,Sports Fixture,J012,Koramangala Sony World,49113,Weekend,False,Light Rain,True,7.2,False,False,0.721,High,15.5,59.3,418.9,0.218,0.504,0.927,Heavy rain reducing visibility and grip - reduced speed and longer buffer advised
EVT422343,2025-03-10 14:47:30,Concert,J030,MG Road,6604,Weekday,False,Clear,False,0.0,False,False,0.306,Low,27.9,22.5,215.8,0.162,0.374,0.951,Moderate traffic flow - standard adaptive signal timing in effect
EVT422344,2026-03-22 09:12:12,Political Rally,J020,Malleshwaram Circle,23369,Weekend,False,Light Rain,True,5.0,False,False,1.0,Severe,7.9,67.4,341.4,0.105,0.243,0.865,Heavy rain reducing visibility and grip - reduced speed and longer buffer advised
EVT422345,2026-02-12 12:53:40,Political Rally,J012,Koramangala Sony World,6142,Weekday,False,Clear,False,0.0,False,False,0.204,Low,29.2,9.9,75.2,0.062,0.144,0.957,Normal free-flow traffic - standard signal timing maintained
EVT422346,2025-01-10 17:52:33,Concert,J009,Majestic,13559,Weekday,False,Fog,False,0.0,False,False,1.0,Severe,9.7,73.6,239.7,0.1,0.231,0.917,Heavy congestion detected - signal timing extended and reroute suggested
EVT422347,2025-11-10 18:29:08,Sports Fixture,J031,Cubbon Road,13797,Weekday,False,Clear,False,0.0,False,False,1.0,Severe,7.6,69.4,527.2,0.161,0.373,0.91,Heavy congestion detected - signal timing extended and reroute suggested
EVT422348,2026-05-16 18:02:18,Local Market Day,J031,Cubbon Road,2636,Weekend,False,Clear,False,0.0,False,False,0.798,Severe,16.0,55.3,410.6,0.215,0.496,0.953,Heavy congestion detected - signal timing extended and reroute suggested
EVT422349,2025-07-10 19:08:17,Concert,J020,Malleshwaram Circle,11050,Weekday,False,Light Rain,True,2.2,False,False,1.0,Severe,6.6,68.7,755.6,0.212,0.489,0.872,Heavy rain reducing visibility and grip - reduced speed and longer buffer advised
EVT422350,2025-11-29 10:29:53,Political Rally,J020,Malleshwaram Circle,14825,Weekend,False,Clear,False,0.0,False,False,0.702,High,14.5,46.8,324.0,0.154,0.355,0.944,Moderate traffic flow - standard adaptive signal timing in effect
EVT422351,2025-09-02 18:19:55,Concert,J040,City Market,13987,Weekday,False,Light Rain,True,6.4,False,False,1.0,Severe,6.1,77.9,879.1,0.235,0.543,0.862,Heavy rain reducing visibility and grip - reduced speed and longer buffer advised
EVT422352,2025-10-31 07:54:58,Local Market Day,J031,Cubbon Road,2047,Weekday,False,Clear,False,0.0,False,False,0.75,Severe,20.2,50.8,287.0,0.186,0.429,0.944,Heavy congestion detected - signal timing extended and reroute suggested
EVT422353,2025-02-23 09:49:50,Concert,J030,MG Road,13605,Weekend,False,Clear,False,0.0,False,False,0.83,Severe,14.5,64.3,343.3,0.195,0.45,0.946,Heavy congestion detected - signal timing extended and reroute suggested
EVT422354,2025-10-15 12:11:10,Trade Fair,J040,City Market,10041,Weekday,False,Clear,False,0.0,False,False,0.238,Low,36.8,15.9,168.3,0.162,0.374,0.988,Normal free-flow traffic - standard signal timing maintained
EVT422355,2026-03-03 08:29:13,Trade Fair,J031,Cubbon Road,12040,Weekday,False,Clear,False,0.0,False,False,0.994,Severe,8.1,68.5,537.0,0.168,0.389,0.91,Heavy congestion detected - signal timing extended and reroute suggested
EVT422356,2025-12-15 15:02:10,Trade Fair,J023,Basavanagudi,4992,Weekday,False,Clear,False,0.0,False,False,0.248,Low,40.8,17.3,101.6,0.108,0.249,0.975,Normal free-flow traffic - standard signal timing maintained
EVT422357,2026-05-17 18:17:24,Local Market Day,J020,Malleshwaram Circle,6456,Weekend,False,Clear,False,0.0,False,False,0.86,Severe,15.0,59.6,233.4,0.146,0.338,0.977,Heavy congestion detected - signal timing extended and reroute suggested
EVT422358,2025-12-08 10:46:23,Trade Fair,J020,Malleshwaram Circle,8948,Weekday,False,Fog,False,0.0,False,False,0.51,Moderate,25.7,40.2,84.0,0.055,0.126,0.94,Moderate traffic flow - standard adaptive signal timing in effect
EVT422359,2025-08-18 15:23:42,Concert,J031,Cubbon Road,9440,Weekday,False,Clear,False,0.0,False,False,0.322,Low,29.1,19.7,59.2,0.036,0.083,0.978,Moderate traffic flow - standard adaptive signal timing in effect
EVT422360,2026-05-23 15:03:36,Local Market Day,J031,Cubbon Road,2669,Weekend,False,Clear,False,0.0,False,False,0.382,Moderate,20.7,25.9,245.3,0.127,0.292,0.979,Moderate traffic flow - standard adaptive signal timing in effect
EVT422361,2025-11-15 15:19:59,Local Market Day,J011,Indiranagar 100ft Road,4957,Weekend,False,Clear,False,0.0,False,False,0.303,Low,32.3,22.6,223.1,0.174,0.401,0.97,Moderate traffic flow - standard adaptive signal timing in effect
EVT422362,2025-04-08 08:43:21,Concert,J011,Indiranagar 100ft Road,10951,Weekday,False,Clear,False,0.0,False,False,1.0,Severe,9.9,74.0,559.8,0.223,0.515,0.899,Heavy congestion detected - signal timing extended and reroute suggested
EVT422363,2025-04-06 20:57:39,Religious Festival,J023,Basavanagudi,51836,Weekend,True,Clear,False,0.0,True,True,1.0,Severe,9.8,100.6,594.4,0.229,0.529,0.671,Road closure for event/procession - full detour recommended for through-traffic
EVT422364,2025-11-27 12:36:01,Concert,J023,Basavanagudi,9186,Weekday,False,Rain,True,11.8,False,False,0.385,Moderate,27.2,23.2,168.8,0.145,0.335,0.91,Light rain detected - minor speed reduction advised
EVT422365,2026-06-29 11:05:56,Sports Fixture,J030,MG Road,12395,Weekday,False,Heavy Rain,True,25.6,False,False,0.768,Severe,15.8,57.1,500.0,0.259,0.599,0.894,Heavy rain reducing visibility and grip - reduced speed and longer buffer advised
EVT422366,2025-01-13 16:35:02,Concert,J012,Koramangala Sony World,10266,Weekday,False,Clear,False,0.0,False,False,0.615,High,19.9,40.5,270.1,0.17,0.394,0.97,Moderate traffic flow - standard adaptive signal timing in effect
EVT422367,2025-05-15 21:36:02,Local Market Day,J040,City Market,3413,Weekday,False,Clear,False,0.0,False,False,0.367,Moderate,25.7,22.7,270.5,0.165,0.382,0.951,Moderate traffic flow - standard adaptive signal timing in effect
EVT422368,2025-12-23 09:09:08,Sports Fixture,J023,Basavanagudi,23853,Weekday,False,Clear,False,0.0,False,False,1.0,Severe,8.0,71.8,735.3,0.224,0.516,0.904,Heavy congestion detected - signal timing extended and reroute suggested
EVT422369,2026-02-27 08:13:22,Sports Fixture,J020,Malleshwaram Circle,23939,Weekday,False,Clear,False,0.0,False,False,0.996,Severe,10.2,67.7,366.7,0.131,0.303,0.934,Heavy congestion detected - signal timing extended and reroute suggested
EVT422370,2025-07-28 13:15:27,Trade Fair,J030,MG Road,13304,Weekday,False,Clear,False,0.0,False,False,0.263,Low,29.4,20.6,203.9,0.166,0.384,0.975,Moderate traffic flow - standard adaptive signal timing in effect
EVT422371,2026-01-03 17:26:20,Local Market Day,J011,Indiranagar 100ft Road,1558,Weekend,False,Clear,False,0.0,False,False,0.695,High,16.2,44.4,320.5,0.162,0.373,0.961,Moderate traffic flow - standard adaptive signal timing in effect
EVT422372,2025-07-27 12:11:32,Concert,J012,Koramangala Sony World,11136,Weekend,False,Rain,True,10.4,False,False,0.497,Moderate,25.8,34.1,178.0,0.136,0.314,0.928,Light rain detected - minor speed reduction advised
EVT422373,2025-07-21 11:02:02,Sports Fixture,J023,Basavanagudi,10402,Weekday,False,Clear,False,0.0,False,False,0.425,Moderate,30.1,30.6,200.6,0.172,0.398,0.948,Moderate traffic flow - standard adaptive signal timing in effect
EVT422374,2025-06-01 15:05:24,Local Market Day,J030,MG Road,2089,Weekend,False,Clear,False,0.0,False,False,0.28,Low,27.2,13.9,143.8,0.138,0.319,0.958,Moderate traffic flow - standard adaptive signal timing in effect
EVT422375,2025-05-11 13:11:17,Local Market Day,J030,MG Road,5757,Weekend,False,Clear,False,0.0,False,False,0.261,Low,26.9,21.2,93.5,0.069,0.159,0.988,Moderate traffic flow - standard adaptive signal timing in effect
EVT422376,2026-06-07 11:06:53,Local Market Day,J011,Indiranagar 100ft Road,5943,Weekend,False,Clear,False,0.0,False,False,0.458,Moderate,17.9,28.9,396.6,0.184,0.425,0.975,Moderate traffic flow - standard adaptive signal timing in effect
EVT422377,2025-04-02 16:31:11,Trade Fair,J023,Basavanagudi,14316,Weekday,False,Clear,False,0.0,False,False,0.702,High,16.5,49.7,436.9,0.231,0.534,0.979,Moderate traffic flow - standard adaptive signal timing in effect
EVT422378,2025-08-01 19:28:57,Political Rally,J040,City Market,12240,Weekday,False,Clear,False,0.0,False,False,0.927,Severe,9.7,69.2,454.2,0.185,0.427,0.937,Heavy congestion detected - signal timing extended and reroute suggested
EVT422379,2025-02-07 08:28:40,Local Market Day,J023,Basavanagudi,5960,Weekday,False,Clear,False,0.0,False,False,0.916,Severe,10.0,64.0,568.4,0.217,0.502,0.935,Heavy congestion detected - signal timing extended and reroute suggested
EVT422380,2026-03-26 11:49:03,Religious Festival,J023,Basavanagudi,68423,Weekday,True,Clear,False,0.0,False,False,0.902,Severe,10.8,64.0,172.5,0.078,0.181,0.892,Festival crowd surge detected - alternate route and extended cycle recommended
EVT422381,2026-04-03 16:41:21,Local Market Day,J012,Koramangala Sony World,5703,Weekday,False,Clear,False,0.0,False,False,0.642,High,18.7,45.2,249.6,0.151,0.35,0.979,Moderate traffic flow - standard adaptive signal timing in effect
EVT422382,2026-06-24 10:08:05,Concert,J023,Basavanagudi,11294,Weekday,False,Heavy Rain,True,74.7,False,False,1.0,Severe,6.4,71.7,341.7,0.106,0.245,0.871,Heavy rain reducing visibility and grip - reduced speed and longer buffer advised
EVT422383,2025-06-14 18:24:49,Sports Fixture,J009,Majestic,18397,Weekend,False,Clear,False,0.0,False,False,1.0,Severe,10.0,70.1,591.4,0.244,0.564,0.928,Heavy congestion detected - signal timing extended and reroute suggested
EVT422384,2025-12-10 23:35:59,Local Market Day,J023,Basavanagudi,5844,Weekday,False,Clear,False,0.0,False,False,0.248,Low,39.9,16.1,126.0,0.145,0.335,0.954,Normal free-flow traffic - standard signal timing maintained
EVT422385,2025-10-17 14:11:43,Local Market Day,J031,Cubbon Road,5465,Weekday,False,Rain,True,9.9,False,False,0.372,Moderate,28.4,29.3,221.3,0.199,0.46,0.931,Light rain detected - minor speed reduction advised
EVT422386,2026-04-30 18:47:34,Local Market Day,J011,Indiranagar 100ft Road,5100,Weekday,False,Light Rain,True,6.4,False,False,1.0,Severe,9.5,75.5,424.4,0.178,0.411,0.858,Heavy rain reducing visibility and grip - reduced speed and longer buffer advised
EVT422387,2025-10-18 15:00:16,Local Market Day,J030,MG Road,4061,Weekend,False,Clear,False,0.0,False,False,0.323,Low,36.2,25.8,136.5,0.145,0.336,0.965,Moderate traffic flow - standard adaptive signal timing in effect
EVT422388,2025-07-28 14:02:49,Concert,J020,Malleshwaram Circle,5771,Weekday,False,Clear,False,0.0,False,False,0.165,Low,36.2,13.7,140.7,0.127,0.292,0.936,Normal free-flow traffic - standard signal timing maintained
EVT422389,2025-01-03 08:53:53,Local Market Day,J011,Indiranagar 100ft Road,4687,Weekday,False,Light Rain,True,2.2,False,False,1.0,Severe,5.8,72.5,929.1,0.221,0.511,0.865,Heavy rain reducing visibility and grip - reduced speed and longer buffer advised
EVT422390,2026-01-31 16:05:50,Concert,J020,Malleshwaram Circle,14415,Weekend,False,Clear,False,0.0,False,False,0.514,Moderate,24.1,33.8,169.2,0.142,0.328,0.955,Moderate traffic flow - standard adaptive signal timing in effect
EVT422391,2025-09-21 07:12:29,Concert,J020,Malleshwaram Circle,13075,Weekend,False,Clear,False,0.0,False,False,0.597,High,17.9,43.9,301.6,0.168,0.388,0.958,Moderate traffic flow - standard adaptive signal timing in effect
EVT422392,2025-05-02 17:02:06,Religious Festival,J009,Majestic,57791,Weekday,True,Clear,False,0.0,False,True,1.0,Severe,7.3,99.6,377.9,0.136,0.314,0.821,Road closure for event/procession - full detour recommended for through-traffic
EVT422393,2026-02-05 09:21:54,Political Rally,J011,Indiranagar 100ft Road,16802,Weekday,False,Clear,False,0.0,False,False,1.0,Severe,8.3,82.0,596.1,0.188,0.433,0.884,Heavy congestion detected - signal timing extended and reroute suggested
EVT422394,2026-05-22 09:30:25,Sports Fixture,J011,Indiranagar 100ft Road,13720,Weekday,False,Clear,False,0.0,False,False,1.0,Severe,9.3,75.3,384.8,0.148,0.342,0.939,Heavy congestion detected - signal timing extended and reroute suggested
EVT422395,2025-06-24 11:58:05,Concert,J040,City Market,12603,Weekday,False,Clear,False,0.0,False,False,0.284,Low,33.9,20.1,112.2,0.095,0.22,0.99,Moderate traffic flow - standard adaptive signal timing in effect
EVT422396,2026-03-29 17:46:22,Local Market Day,J012,Koramangala Sony World,4804,Weekend,False,Clear,False,0.0,False,False,0.906,Severe,12.3,67.3,246.7,0.112,0.26,0.931,Heavy congestion detected - signal timing extended and reroute suggested
EVT422397,2026-06-08 19:14:58,Concert,J011,Indiranagar 100ft Road,19121,Weekday,False,Heavy Rain,True,36.2,False,False,1.0,Severe,9.5,69.7,518.1,0.188,0.434,0.863,Heavy rain reducing visibility and grip - reduced speed and longer buffer advised
EVT422398,2025-07-22 07:06:11,Local Market Day,J030,MG Road,4705,Weekday,False,Clear,False,0.0,False,False,0.454,Moderate,25.7,30.4,112.8,0.071,0.163,0.96,Moderate traffic flow - standard adaptive signal timing in effect
EVT422399,2025-05-17 03:08:27,Trade Fair,J023,Basavanagudi,7400,Weekend,False,Rain,True,13.2,False,False,0.486,Moderate,26.6,31.0,189.1,0.14,0.324,0.922,Light rain detected - minor speed reduction advised
EVT422400,2025-01-06 15:13:24,Sports Fixture,J009,Majestic,27168,Weekday,False,Clear,False,0.0,False,False,0.453,Moderate,25.6,36.2,208.3,0.144,0.334,0.967,Moderate traffic flow - standard adaptive signal timing in effect
EVT422401,2025-04-23 11:10:40,Concert,J011,Indiranagar 100ft Road,7863,Weekday,False,Fog,False,0.0,False,False,0.471,Moderate,22.7,31.9,258.3,0.164,0.378,0.96,Moderate traffic flow - standard adaptive signal timing in effect
EVT422402,2026-03-25 06:41:36,Trade Fair,J012,Koramangala Sony World,12471,Weekday,False,Clear,False,0.0,False,False,0.357,Moderate,36.6,23.3,109.5,0.106,0.245,0.938,Moderate traffic flow - standard adaptive signal timing in effect
EVT422403,2025-01-28 21:09:53,Local Market Day,J009,Majestic,11866,Weekday,False,Clear,False,0.0,False,False,0.421,Moderate,27.2,30.4,143.0,0.105,0.244,0.989,Moderate traffic flow - standard adaptive signal timing in effect
EVT422404,2025-04-03 00:55:09,Political Rally,J023,Basavanagudi,6506,Weekday,False,Clear,False,0.0,False,False,0.18,Low,35.0,12.6,76.7,0.046,0.106,0.973,Normal free-flow traffic - standard signal timing maintained
EVT422405,2026-01-06 13:19:27,Trade Fair,J040,City Market,10291,Weekday,False,Clear,False,0.0,False,False,0.161,Low,25.8,13.4,133.7,0.098,0.227,0.97,Normal free-flow traffic - standard signal timing maintained
EVT422406,2026-03-03 03:17:58,Political Rally,J030,MG Road,28343,Weekday,False,Clear,False,0.0,False,False,0.242,Low,37.0,16.5,238.3,0.233,0.538,0.946,Normal free-flow traffic - standard signal timing maintained
EVT422407,2025-09-20 11:44:38,Local Market Day,J020,Malleshwaram Circle,2709,Weekend,False,Light Rain,True,2.3,False,False,0.464,Moderate,22.8,23.1,250.8,0.17,0.393,0.9,Light rain detected - minor speed reduction advised
EVT422408,2025-08-11 09:46:16,Local Market Day,J009,Majestic,3092,Weekday,False,Rain,True,11.2,False,False,1.0,Severe,7.3,68.3,260.2,0.1,0.231,0.831,Heavy rain reducing visibility and grip - reduced speed and longer buffer advised
EVT422409,2025-10-02 06:17:00,Fireworks Display,J011,Indiranagar 100ft Road,18282,Weekday,True,Clear,False,0.0,False,False,0.605,High,23.3,44.4,243.7,0.175,0.405,0.936,Festival crowd surge detected - alternate route and extended cycle recommended
EVT422410,2025-08-13 20:37:51,Concert,J020,Malleshwaram Circle,11649,Weekday,False,Fog,False,0.0,False,False,0.543,Moderate,22.2,39.1,262.2,0.168,0.388,0.982,Moderate traffic flow - standard adaptive signal timing in effect
EVT422411,2025-01-03 15:32:49,Sports Fixture,J031,Cubbon Road,20617,Weekday,False,Clear,False,0.0,False,False,0.371,Moderate,25.9,24.6,136.4,0.118,0.272,0.961,Moderate traffic flow - standard adaptive signal timing in effect
EVT422412,2025-09-17 18:49:02,Concert,J023,Basavanagudi,7657,Weekday,False,Clear,False,0.0,False,False,1.0,Severe,6.3,67.1,810.5,0.207,0.479,0.931,Heavy congestion detected - signal timing extended and reroute suggested
EVT422413,2025-05-23 18:29:04,Sports Fixture,J023,Basavanagudi,30403,Weekday,False,Clear,False,0.0,False,False,1.0,Severe,8.6,69.8,616.7,0.21,0.486,0.913,Heavy congestion detected - signal timing extended and reroute suggested
EVT422414,2025-08-11 11:50:24,Concert,J020,Malleshwaram Circle,13779,Weekday,False,Heavy Rain,True,71.2,False,False,0.681,High,19.2,52.1,220.2,0.14,0.323,0.927,Heavy rain reducing visibility and grip - reduced speed and longer buffer advised
EVT422415,2025-07-16 18:58:38,Local Market Day,J030,MG Road,7267,Weekday,False,Heavy Rain,True,52.8,False,False,1.0,Severe,9.3,69.8,539.1,0.202,0.466,0.866,Heavy rain reducing visibility and grip - reduced speed and longer buffer advised
EVT422416,2025-05-12 08:19:05,Local Market Day,J011,Indiranagar 100ft Road,3632,Weekday,False,Clear,False,0.0,False,False,0.857,Severe,14.4,56.9,422.6,0.219,0.506,0.925,Heavy congestion detected - signal timing extended and reroute suggested
EVT422417,2025-04-13 18:46:18,Local Market Day,J011,Indiranagar 100ft Road,5807,Weekend,False,Clear,False,0.0,False,False,0.87,Severe,11.9,54.0,275.3,0.118,0.272,0.918,Heavy congestion detected - signal timing extended and reroute suggested
EVT422418,2026-02-09 19:02:05,Local Market Day,J031,Cubbon Road,1955,Weekday,False,Clear,False,0.0,False,False,0.952,Severe,11.3,63.9,312.0,0.158,0.364,0.881,Heavy congestion detected - signal timing extended and reroute suggested
EVT422419,2026-04-11 14:04:23,Local Market Day,J031,Cubbon Road,5411,Weekend,False,Clear,False,0.0,False,False,0.302,Low,41.9,22.8,111.6,0.134,0.309,0.954,Moderate traffic flow - standard adaptive signal timing in effect
EVT422420,2025-08-02 07:59:01,Sports Fixture,J009,Majestic,32449,Weekend,False,Light Rain,True,6.4,False,False,0.937,Severe,10.7,64.1,458.9,0.183,0.423,0.883,Heavy rain reducing visibility and grip - reduced speed and longer buffer advised
EVT422421,2026-06-13 14:12:06,Concert,J031,Cubbon Road,25821,Weekend,False,Clear,False,0.0,False,False,0.369,Moderate,27.8,27.9,227.0,0.181,0.417,0.97,Moderate traffic flow - standard adaptive signal timing in effect
EVT422422,2025-05-03 17:12:47,Sports Fixture,J023,Basavanagudi,34284,Weekend,False,Heavy Rain,True,33.7,False,False,1.0,Severe,10.1,67.3,428.5,0.187,0.431,0.866,Heavy rain reducing visibility and grip - reduced speed and longer buffer advised
EVT422423,2026-05-03 19:17:46,Concert,J040,City Market,7763,Weekend,False,Rain,True,7.8,False,False,0.938,Severe,10.6,67.1,435.6,0.178,0.411,0.88,Heavy rain reducing visibility and grip - reduced speed and longer buffer advised
EVT422424,2026-04-15 12:54:11,Religious Festival,J040,City Market,54368,Weekday,True,Clear,False,0.0,False,False,0.72,High,20.6,48.9,257.3,0.177,0.409,0.903,Festival crowd surge detected - alternate route and extended cycle recommended
EVT422425,2025-04-06 17:59:11,Cultural Procession,J011,Indiranagar 100ft Road,18626,Weekend,True,Clear,False,0.0,False,True,1.0,Severe,6.7,94.4,881.5,0.245,0.567,0.852,Road closure for event/procession - full detour recommended for through-traffic
EVT422426,2026-04-17 15:50:49,Local Market Day,J011,Indiranagar 100ft Road,9562,Weekday,False,Clear,False,0.0,False,False,0.383,Moderate,30.9,31.8,174.5,0.135,0.313,0.969,Moderate traffic flow - standard adaptive signal timing in effect
EVT422427,2025-03-27 07:10:45,Sports Fixture,J020,Malleshwaram Circle,19018,Weekday,False,Clear,False,0.0,False,False,0.525,Moderate,20.9,43.1,273.2,0.178,0.411,0.967,Moderate traffic flow - standard adaptive signal timing in effect
EVT422428,2026-02-19 19:17:03,Sports Fixture,J023,Basavanagudi,17848,Weekday,False,Clear,False,0.0,False,False,0.975,Severe,10.5,68.1,546.0,0.225,0.52,0.92,Heavy congestion detected - signal timing extended and reroute suggested
EVT422429,2025-07-09 10:03:39,Concert,J020,Malleshwaram Circle,23446,Weekday,False,Heavy Rain,True,61.2,False,False,1.0,Severe,8.6,66.5,447.2,0.146,0.336,0.855,Heavy rain reducing visibility and grip - reduced speed and longer buffer advised
EVT422430,2025-05-31 18:21:43,Concert,J031,Cubbon Road,15692,Weekend,False,Clear,False,0.0,False,False,0.941,Severe,11.6,74.4,479.8,0.217,0.501,0.946,Heavy congestion detected - signal timing extended and reroute suggested
EVT422431,2025-07-02 08:53:12,Local Market Day,J030,MG Road,5155,Weekday,False,Heavy Rain,True,29.1,True,False,1.0,Severe,6.5,73.3,801.6,0.23,0.532,0.714,Accident detected nearby - reroute and reduced speed advised
EVT422432,2025-09-27 21:06:47,Sports Fixture,J011,Indiranagar 100ft Road,25142,Weekend,False,Clear,False,0.0,False,False,0.56,High,24.1,40.1,168.1,0.125,0.29,0.938,Moderate traffic flow - standard adaptive signal timing in effect
EVT422433,2025-06-29 05:52:17,Concert,J040,City Market,5844,Weekend,False,Heavy Rain,True,30.8,False,False,0.603,High,27.0,42.0,113.2,0.088,0.202,0.917,Heavy rain reducing visibility and grip - reduced speed and longer buffer advised
EVT422434,2025-12-12 23:15:29,Trade Fair,J011,Indiranagar 100ft Road,11587,Weekday,False,Clear,False,0.0,False,False,0.2,Low,33.7,15.9,137.7,0.109,0.252,0.948,Normal free-flow traffic - standard signal timing maintained
EVT422435,2026-01-03 14:12:32,Concert,J030,MG Road,20444,Weekend,False,Clear,False,0.0,False,False,0.423,Moderate,27.4,29.4,145.4,0.123,0.285,0.985,Moderate traffic flow - standard adaptive signal timing in effect
EVT422436,2025-02-19 19:35:44,Local Market Day,J020,Malleshwaram Circle,4756,Weekday,False,Clear,False,0.0,False,False,0.879,Severe,14.0,63.8,499.7,0.258,0.595,0.936,Heavy congestion detected - signal timing extended and reroute suggested
EVT422437,2025-01-03 20:48:13,Trade Fair,J040,City Market,9795,Weekday,False,Clear,False,0.0,False,False,0.529,Moderate,22.8,42.8,171.1,0.127,0.293,0.99,Moderate traffic flow - standard adaptive signal timing in effect
EVT422438,2026-02-22 18:39:20,Local Market Day,J040,City Market,2899,Weekend,False,Clear,False,0.0,False,False,0.866,Severe,12.5,60.5,170.2,0.097,0.225,0.954,Heavy congestion detected - signal timing extended and reroute suggested
EVT422439,2026-01-01 14:51:33,Religious Festival,J031,Cubbon Road,23811,Weekday,True,Clear,False,0.0,False,False,0.627,High,19.0,49.6,310.1,0.196,0.454,0.889,Festival crowd surge detected - alternate route and extended cycle recommended
EVT422440,2025-09-16 14:10:49,Sports Fixture,J023,Basavanagudi,29628,Weekday,False,Clear,False,0.0,False,False,0.321,Low,28.4,26.0,182.7,0.131,0.302,0.967,Moderate traffic flow - standard adaptive signal timing in effect
EVT422441,2025-07-15 15:18:38,Local Market Day,J030,MG Road,2814,Weekday,False,Clear,False,0.0,False,False,0.313,Low,28.2,22.7,156.8,0.111,0.257,0.982,Moderate traffic flow - standard adaptive signal timing in effect
EVT422442,2026-05-17 07:25:13,Sports Fixture,J031,Cubbon Road,17568,Weekend,False,Clear,False,0.0,False,False,0.619,High,23.2,45.0,148.2,0.107,0.248,0.948,Moderate traffic flow - standard adaptive signal timing in effect
EVT422443,2025-08-11 20:11:50,Sports Fixture,J030,MG Road,18169,Weekday,False,Heavy Rain,True,38.2,False,False,1.0,Severe,10.6,70.0,682.2,0.284,0.657,0.869,Heavy rain reducing visibility and grip - reduced speed and longer buffer advised
EVT422444,2026-05-18 15:22:01,Sports Fixture,J030,MG Road,25060,Weekday,False,Clear,False,0.0,False,False,0.434,Moderate,26.3,28.3,78.7,0.039,0.09,0.965,Moderate traffic flow - standard adaptive signal timing in effect
EVT422445,2025-08-05 10:39:16,Local Market Day,J030,MG Road,2945,Weekday,False,Clear,False,0.0,False,False,0.476,Moderate,25.0,28.8,206.9,0.155,0.357,0.965,Moderate traffic flow - standard adaptive signal timing in effect
EVT422446,2025-10-01 06:54:10,Local Market Day,J011,Indiranagar 100ft Road,2650,Weekday,False,Clear,False,0.0,False,False,0.441,Moderate,19.9,30.7,183.9,0.106,0.245,0.941,Moderate traffic flow - standard adaptive signal timing in effect
EVT422447,2025-06-02 17:42:37,Local Market Day,J040,City Market,2960,Weekday,False,Rain,True,14.5,False,False,1.0,Severe,9.1,67.6,637.4,0.239,0.552,0.856,Heavy rain reducing visibility and grip - reduced speed and longer buffer advised
EVT422448,2026-02-03 09:08:48,Sports Fixture,J020,Malleshwaram Circle,37269,Weekday,False,Clear,False,0.0,False,False,1.0,Severe,9.8,72.7,481.0,0.177,0.409,0.921,Heavy congestion detected - signal timing extended and reroute suggested
EVT422449,2026-05-06 09:13:17,Concert,J040,City Market,10643,Weekday,False,Rain,True,15.1,False,False,1.0,Severe,7.9,68.8,552.0,0.179,0.415,0.87,Heavy rain reducing visibility and grip - reduced speed and longer buffer advised
EVT422450,2025-02-17 21:38:16,Trade Fair,J030,MG Road,13073,Weekday,False,Clear,False,0.0,False,False,0.404,Moderate,26.4,28.5,167.5,0.115,0.267,0.965,Moderate traffic flow - standard adaptive signal timing in effect
EVT422451,2026-04-06 13:51:49,Concert,J020,Malleshwaram Circle,15717,Weekday,False,Clear,False,0.0,False,False,0.208,Low,37.5,12.9,99.1,0.107,0.246,0.984,Normal free-flow traffic - standard signal timing maintained
EVT422452,2025-12-28 21:08:36,Concert,J020,Malleshwaram Circle,16616,Weekend,False,Clear,False,0.0,False,False,0.472,Moderate,31.2,34.8,71.1,0.05,0.114,0.971,Moderate traffic flow - standard adaptive signal timing in effect
EVT422453,2026-01-11 19:03:45,Sports Fixture,J023,Basavanagudi,13090,Weekend,False,Clear,False,0.0,False,False,0.875,Severe,13.2,60.0,548.3,0.285,0.658,0.955,Heavy congestion detected - signal timing extended and reroute suggested
EVT422454,2026-06-27 08:37:15,Local Market Day,J012,Koramangala Sony World,4091,Weekend,False,Clear,False,0.0,False,False,0.854,Severe,15.1,54.8,282.4,0.147,0.339,0.927,Heavy congestion detected - signal timing extended and reroute suggested
EVT422455,2025-04-11 09:42:20,Sports Fixture,J030,MG Road,20753,Weekday,False,Clear,False,0.0,False,False,1.0,Severe,9.5,76.0,858.5,0.301,0.695,0.919,Heavy congestion detected - signal timing extended and reroute suggested
EVT422456,2025-08-15 19:30:59,Religious Festival,J009,Majestic,31699,Weekday,True,Clear,False,0.0,False,False,1.0,Severe,7.8,71.0,562.4,0.179,0.412,0.856,Festival crowd surge detected - alternate route and extended cycle recommended
EVT422457,2025-07-15 14:47:36,Trade Fair,J020,Malleshwaram Circle,7065,Weekday,False,Clear,False,0.0,False,False,0.296,Low,24.6,25.3,160.3,0.109,0.251,0.954,Moderate traffic flow - standard adaptive signal timing in effect
EVT422458,2025-02-20 19:42:49,Local Market Day,J040,City Market,3457,Weekday,False,Clear,False,0.0,False,False,0.819,Severe,13.5,55.8,375.5,0.196,0.452,0.963,Heavy congestion detected - signal timing extended and reroute suggested
EVT422459,2025-04-09 10:20:30,Sports Fixture,J011,Indiranagar 100ft Road,13608,Weekday,False,Fog,False,0.0,False,False,0.747,High,14.7,57.2,192.1,0.124,0.286,0.967,Moderate traffic flow - standard adaptive signal timing in effect
EVT422460,2025-09-08 20:32:08,Trade Fair,J009,Majestic,6440,Weekday,False,Clear,False,0.0,False,False,0.58,High,18.5,42.7,186.0,0.1,0.23,0.959,Moderate traffic flow - standard adaptive signal timing in effect
EVT422461,2026-03-07 08:57:49,Concert,J009,Majestic,12201,Weekend,False,Clear,False,0.0,False,False,0.966,Severe,9.6,68.5,339.2,0.149,0.344,0.929,Heavy congestion detected - signal timing extended and reroute suggested
EVT422462,2025-09-06 14:59:48,Cultural Procession,J012,Koramangala Sony World,12685,Weekend,True,Clear,False,0.0,False,True,0.735,High,19.1,74.5,351.7,0.216,0.498,0.873,Road closure for event/procession - full detour recommended for through-traffic
EVT422463,2026-02-26 07:55:02,Trade Fair,J009,Majestic,8778,Weekday,False,Clear,False,0.0,False,False,0.857,Severe,12.7,62.4,504.8,0.212,0.49,0.963,Heavy congestion detected - signal timing extended and reroute suggested
EVT422464,2025-12-02 17:23:15,Trade Fair,J023,Basavanagudi,12554,Weekday,False,Clear,False,0.0,False,False,0.932,Severe,11.1,71.3,276.9,0.109,0.251,0.926,Heavy congestion detected - signal timing extended and reroute suggested
EVT422465,2025-02-10 09:32:08,Political Rally,J009,Majestic,14719,Weekday,False,Clear,False,0.0,False,False,1.0,Severe,7.2,65.8,628.4,0.18,0.416,0.887,Heavy congestion detected - signal timing extended and reroute suggested
EVT422466,2026-06-04 10:33:40,Local Market Day,J009,Majestic,5315,Weekday,False,Clear,False,0.0,False,False,0.681,High,20.7,46.6,218.1,0.143,0.329,0.963,Moderate traffic flow - standard adaptive signal timing in effect
EVT422467,2025-04-05 08:28:53,Local Market Day,J023,Basavanagudi,4489,Weekend,False,Clear,False,0.0,False,False,0.776,Severe,16.4,49.2,273.7,0.153,0.353,0.954,Heavy congestion detected - signal timing extended and reroute suggested
EVT422468,2026-02-28 07:16:52,Trade Fair,J031,Cubbon Road,11634,Weekend,False,Clear,False,0.0,False,False,0.462,Moderate,26.6,33.8,225.3,0.175,0.405,0.977,Moderate traffic flow - standard adaptive signal timing in effect
EVT422469,2025-10-03 12:12:01,Religious Festival,J011,Indiranagar 100ft Road,64143,Weekday,True,Heavy Rain,True,33.8,False,False,1.0,Severe,10.2,67.8,239.7,0.098,0.226,0.816,Festival crowd surge detected - alternate route and extended cycle recommended
EVT422470,2026-02-09 18:58:12,Local Market Day,J012,Koramangala Sony World,2839,Weekday,False,Clear,False,0.0,False,False,0.961,Severe,10.0,68.3,454.9,0.195,0.452,0.908,Heavy congestion detected - signal timing extended and reroute suggested
EVT422471,2025-12-31 16:45:31,Concert,J012,Koramangala Sony World,11408,Weekday,False,Clear,False,0.0,False,False,0.737,High,15.3,47.3,485.1,0.252,0.582,0.973,Moderate traffic flow - standard adaptive signal timing in effect
EVT422472,2026-02-04 08:26:58,Concert,J011,Indiranagar 100ft Road,11086,Weekday,False,Clear,False,0.0,False,False,1.0,Severe,9.3,69.2,267.0,0.116,0.268,0.908,Heavy congestion detected - signal timing extended and reroute suggested
EVT422473,2026-03-22 22:49:52,Concert,J030,MG Road,13053,Weekend,False,Clear,False,0.0,False,False,0.348,Low,31.1,21.2,254.7,0.211,0.488,0.955,Moderate traffic flow - standard adaptive signal timing in effect
EVT422474,2025-05-06 13:07:55,Trade Fair,J023,Basavanagudi,7254,Weekday,False,Clear,False,0.0,False,False,0.245,Low,30.0,24.7,213.9,0.155,0.359,0.968,Normal free-flow traffic - standard signal timing maintained
EVT422475,2025-11-12 20:42:38,Trade Fair,J020,Malleshwaram Circle,8096,Weekday,False,Clear,False,0.0,False,False,0.562,High,21.2,43.2,219.9,0.132,0.305,0.963,Moderate traffic flow - standard adaptive signal timing in effect
EVT422476,2026-05-30 15:27:54,Sports Fixture,J031,Cubbon Road,20460,Weekend,False,Clear,False,0.0,False,False,0.45,Moderate,29.2,32.1,200.7,0.159,0.367,0.983,Moderate traffic flow - standard adaptive signal timing in effect
EVT422477,2025-12-14 06:57:09,Sports Fixture,J020,Malleshwaram Circle,17150,Weekend,False,Clear,False,0.0,False,False,0.551,High,22.2,41.6,233.9,0.173,0.4,0.952,Moderate traffic flow - standard adaptive signal timing in effect
EVT422478,2026-01-29 15:41:05,Trade Fair,J009,Majestic,10773,Weekday,False,Clear,False,0.0,False,False,0.434,Moderate,21.5,28.5,250.6,0.157,0.363,0.954,Moderate traffic flow - standard adaptive signal timing in effect
EVT422479,2026-04-28 18:49:06,Sports Fixture,J011,Indiranagar 100ft Road,24919,Weekday,False,Clear,False,0.0,False,False,1.0,Severe,9.6,69.3,644.8,0.256,0.592,0.924,Heavy congestion detected - signal timing extended and reroute suggested
EVT422480,2025-02-21 04:00:22,Concert,J023,Basavanagudi,12381,Weekday,False,Clear,False,0.0,False,False,0.173,Low,34.4,13.2,98.3,0.091,0.21,0.954,Normal free-flow traffic - standard signal timing maintained
EVT422481,2025-09-22 20:42:25,Sports Fixture,J031,Cubbon Road,26297,Weekday,False,Clear,False,0.0,False,False,0.621,High,21.5,45.1,235.0,0.153,0.353,0.981,Moderate traffic flow - standard adaptive signal timing in effect
EVT422482,2026-04-16 19:12:28,Political Rally,J031,Cubbon Road,17757,Weekday,False,Clear,False,0.0,False,False,1.0,Severe,8.9,74.8,397.5,0.157,0.362,0.898,Heavy congestion detected - signal timing extended and reroute suggested
EVT422483,2026-05-03 07:58:01,Sports Fixture,J011,Indiranagar 100ft Road,36595,Weekend,False,Clear,False,0.0,False,False,0.865,Severe,12.6,62.1,188.8,0.09,0.208,0.955,Heavy congestion detected - signal timing extended and reroute suggested
EVT422484,2025-04-12 11:28:26,Local Market Day,J023,Basavanagudi,2098,Weekend,False,Clear,False,0.0,False,False,0.299,Low,30.1,21.6,210.1,0.171,0.395,0.944,Moderate traffic flow - standard adaptive signal timing in effect
EVT422485,2025-03-14 06:00:25,Cultural Procession,J020,Malleshwaram Circle,17812,Weekday,True,Clear,False,0.0,False,True,0.612,Moderate,19.3,64.6,297.5,0.17,0.393,0.91,Road closure for event/procession - full detour recommended for through-traffic
EVT422486,2025-03-15 19:48:43,Cultural Procession,J020,Malleshwaram Circle,28351,Weekend,True,Clear,False,0.0,False,True,1.0,Severe,7.8,92.2,573.3,0.2,0.463,0.824,Road closure for event/procession - full detour recommended for through-traffic
EVT422487,2026-01-18 15:18:22,Local Market Day,J012,Koramangala Sony World,3388,Weekend,False,Clear,False,0.0,False,False,0.325,Low,31.8,20.8,85.7,0.069,0.16,0.96,Moderate traffic flow - standard adaptive signal timing in effect
EVT422488,2025-10-10 18:18:01,Concert,J023,Basavanagudi,10496,Weekday,False,Clear,False,0.0,False,False,1.0,Severe,8.3,73.6,644.9,0.243,0.561,0.916,Heavy congestion detected - signal timing extended and reroute suggested
EVT422489,2025-06-16 08:35:10,Concert,J009,Majestic,24259,Weekday,False,Fog,False,0.0,False,False,1.0,Severe,8.5,75.1,532.8,0.181,0.418,0.891,Heavy congestion detected - signal timing extended and reroute suggested
EVT422490,2025-03-26 07:14:32,Political Rally,J040,City Market,24296,Weekday,False,Clear,False,0.0,False,False,0.637,High,18.9,48.4,281.7,0.175,0.405,0.976,Moderate traffic flow - standard adaptive signal timing in effect
EVT422491,2026-03-13 17:01:30,Trade Fair,J009,Majestic,14404,Weekday,False,Clear,False,0.0,False,False,0.74,High,15.8,54.9,314.5,0.16,0.37,0.969,Moderate traffic flow - standard adaptive signal timing in effect
EVT422492,2026-03-11 07:27:16,Trade Fair,J011,Indiranagar 100ft Road,9013,Weekday,False,Clear,False,0.0,False,False,0.608,High,27.7,44.0,188.8,0.163,0.377,0.984,Moderate traffic flow - standard adaptive signal timing in effect
EVT422493,2026-05-28 18:57:21,Concert,J031,Cubbon Road,8851,Weekday,False,Clear,False,0.0,False,False,1.0,Severe,7.6,73.1,620.5,0.183,0.423,0.926,Heavy congestion detected - signal timing extended and reroute suggested
EVT422494,2025-06-01 21:31:12,Local Market Day,J012,Koramangala Sony World,10047,Weekend,False,Clear,False,0.0,False,False,0.399,Moderate,27.1,28.9,155.4,0.124,0.286,0.94,Moderate traffic flow - standard adaptive signal timing in effect
EVT422495,2025-04-04 17:35:03,Local Market Day,J011,Indiranagar 100ft Road,3067,Weekday,False,Clear,False,0.0,False,False,0.882,Severe,15.1,64.6,278.9,0.149,0.345,0.94,Heavy congestion detected - signal timing extended and reroute suggested
EVT422496,2025-05-21 05:42:42,Sports Fixture,J020,Malleshwaram Circle,19050,Weekday,False,Clear,False,0.0,True,False,0.653,High,26.2,50.3,255.2,0.199,0.46,0.808,Accident detected nearby - reroute and reduced speed advised
EVT422497,2025-01-11 17:37:59,Trade Fair,J040,City Market,7225,Weekend,False,Clear,False,0.0,False,False,0.828,Severe,13.9,72.4,315.1,0.159,0.367,0.945,Heavy congestion detected - signal timing extended and reroute suggested
EVT422498,2026-02-08 14:36:26,Local Market Day,J011,Indiranagar 100ft Road,4198,Weekend,False,Clear,False,0.0,False,False,0.271,Low,27.0,19.9,164.8,0.097,0.224,0.956,Moderate traffic flow - standard adaptive signal timing in effect
EVT422499,2025-10-12 12:14:24,Trade Fair,J011,Indiranagar 100ft Road,6442,Weekend,False,Clear,False,0.0,False,False,0.414,Moderate,24.9,33.2,152.0,0.1,0.231,0.95,Moderate traffic flow - standard adaptive signal timing in effect
EVT422500,2026-04-18 18:12:27,Trade Fair,J011,Indiranagar 100ft Road,9543,Weekend,False,Clear,False,0.0,False,False,0.967,Severe,8.0,70.6,441.1,0.155,0.358,0.909,Heavy congestion detected - signal timing extended and reroute suggested
EVT422501,2025-02-05 09:09:09,Local Market Day,J009,Majestic,2334,Weekday,False,Fog,False,0.0,False,False,1.0,Severe,10.0,74.9,608.4,0.219,0.506,0.924,Heavy congestion detected - signal timing extended and reroute suggested
EVT422502,2025-09-06 04:48:47,Religious Festival,J020,Malleshwaram Circle,43353,Weekend,True,Clear,False,0.0,False,False,0.691,High,20.4,50.5,189.5,0.13,0.3,0.913,Festival crowd surge detected - alternate route and extended cycle recommended
EVT422503,2025-07-04 08:08:37,Local Market Day,J009,Majestic,4999,Weekday,False,Heavy Rain,True,34.5,False,False,1.0,Severe,7.9,69.4,778.7,0.236,0.545,0.856,Heavy rain reducing visibility and grip - reduced speed and longer buffer advised
EVT422504,2025-12-14 08:44:17,Sports Fixture,J030,MG Road,8327,Weekend,False,Clear,False,0.0,False,False,0.893,Severe,13.1,70.6,210.1,0.112,0.258,0.94,Heavy congestion detected - signal timing extended and reroute suggested
EVT422505,2025-10-23 20:17:16,Local Market Day,J012,Koramangala Sony World,2421,Weekday,False,Clear,False,0.0,False,False,0.605,High,26.0,44.9,180.8,0.127,0.294,0.94,Moderate traffic flow - standard adaptive signal timing in effect
EVT422506,2025-11-09 19:48:55,Sports Fixture,J020,Malleshwaram Circle,27969,Weekend,False,Clear,False,0.0,False,False,0.812,Severe,14.1,55.3,233.2,0.123,0.285,0.985,Heavy congestion detected - signal timing extended and reroute suggested
EVT422507,2026-03-06 22:38:37,Local Market Day,J020,Malleshwaram Circle,5005,Weekday,False,Clear,False,0.0,False,False,0.233,Low,37.4,19.6,106.7,0.1,0.232,0.97,Normal free-flow traffic - standard signal timing maintained
EVT422508,2025-03-22 11:54:59,Local Market Day,J031,Cubbon Road,2237,Weekend,False,Clear,False,0.0,False,False,0.357,Moderate,28.5,24.1,279.8,0.216,0.499,0.97,Moderate traffic flow - standard adaptive signal timing in effect
EVT422509,2025-08-24 16:01:09,Sports Fixture,J023,Basavanagudi,19375,Weekend,False,Rain,True,16.1,False,False,0.687,High,19.3,45.1,313.9,0.184,0.426,0.914,Heavy rain reducing visibility and grip - reduced speed and longer buffer advised
EVT422510,2025-06-04 18:11:49,Concert,J040,City Market,9547,Weekday,False,Clear,False,0.0,False,False,1.0,Severe,8.2,71.1,200.7,0.069,0.158,0.894,Heavy congestion detected - signal timing extended and reroute suggested
EVT422511,2026-04-11 20:36:13,Political Rally,J031,Cubbon Road,16623,Weekend,False,Clear,False,0.0,False,False,0.571,High,20.8,39.3,317.3,0.212,0.49,0.967,Moderate traffic flow - standard adaptive signal timing in effect
EVT422512,2025-11-05 10:41:45,Political Rally,J030,MG Road,10764,Weekday,False,Fog,False,0.0,False,False,0.652,High,19.4,38.2,291.0,0.183,0.422,0.968,Moderate traffic flow - standard adaptive signal timing in effect
EVT422513,2025-01-10 13:35:02,Sports Fixture,J023,Basavanagudi,23615,Weekday,False,Clear,False,0.0,False,False,0.253,Low,37.7,18.6,48.0,0.047,0.108,0.984,Moderate traffic flow - standard adaptive signal timing in effect
EVT422514,2025-10-21 21:27:12,Cultural Procession,J020,Malleshwaram Circle,19810,Weekday,True,Clear,False,0.0,False,True,0.769,High,17.7,83.7,284.6,0.172,0.398,0.873,Road closure for event/procession - full detour recommended for through-traffic
EVT422515,2026-05-30 09:04:27,Concert,J012,Koramangala Sony World,13610,Weekend,False,Clear,False,0.0,False,False,0.898,Severe,12.4,63.6,344.3,0.182,0.42,0.923,Heavy congestion detected - signal timing extended and reroute suggested
EVT422516,2025-09-27 17:54:37,Concert,J040,City Market,10166,Weekend,False,Heavy Rain,True,29.3,False,False,1.0,Severe,9.3,69.3,458.2,0.173,0.4,0.886,Heavy rain reducing visibility and grip - reduced speed and longer buffer advised
EVT422517,2025-09-20 01:19:14,Concert,J023,Basavanagudi,9534,Weekend,False,Clear,False,0.0,False,False,0.189,Low,36.2,10.0,123.8,0.106,0.244,0.963,Normal free-flow traffic - standard signal timing maintained
EVT422518,2026-05-28 12:39:26,Concert,J009,Majestic,10238,Weekday,False,Clear,False,0.0,False,False,0.141,Low,38.9,11.8,153.6,0.146,0.337,0.944,Normal free-flow traffic - standard signal timing maintained
EVT422519,2025-04-13 16:26:45,Sports Fixture,J009,Majestic,39059,Weekend,False,Clear,False,0.0,False,False,0.734,High,17.1,49.6,293.9,0.173,0.4,0.963,Moderate traffic flow - standard adaptive signal timing in effect
EVT422520,2026-02-11 08:47:28,Sports Fixture,J011,Indiranagar 100ft Road,15749,Weekday,False,Clear,False,0.0,False,False,1.0,Severe,7.7,71.3,334.6,0.099,0.228,0.934,Heavy congestion detected - signal timing extended and reroute suggested
EVT422521,2025-05-10 22:49:51,Trade Fair,J009,Majestic,12600,Weekend,False,Light Rain,True,1.9,False,False,0.394,Moderate,34.0,35.4,157.6,0.158,0.365,0.905,Light rain detected - minor speed reduction advised
EVT422522,2026-02-04 17:56:30,Concert,J011,Indiranagar 100ft Road,12750,Weekday,False,Fog,False,0.0,False,False,1.0,Severe,6.8,74.9,823.5,0.225,0.519,0.928,Heavy congestion detected - signal timing extended and reroute suggested
EVT422523,2025-06-08 20:45:08,Concert,J030,MG Road,5745,Weekend,False,Clear,False,0.0,False,False,0.51,Moderate,26.2,37.5,198.8,0.167,0.386,0.941,Moderate traffic flow - standard adaptive signal timing in effect
EVT422524,2025-06-05 09:24:49,Trade Fair,J031,Cubbon Road,8290,Weekday,False,Heavy Rain,True,32.9,False,False,1.0,Severe,7.7,72.4,782.6,0.221,0.51,0.865,Heavy rain reducing visibility and grip - reduced speed and longer buffer advised
EVT422525,2026-05-27 18:35:24,Local Market Day,J031,Cubbon Road,3614,Weekday,False,Light Rain,True,5.6,False,False,1.0,Severe,7.1,77.2,729.8,0.228,0.526,0.855,Heavy rain reducing visibility and grip - reduced speed and longer buffer advised
EVT422526,2025-01-29 09:15:37,Sports Fixture,J023,Basavanagudi,24869,Weekday,False,Clear,False,0.0,False,False,1.0,Severe,7.5,67.8,574.3,0.159,0.368,0.9,Heavy congestion detected - signal timing extended and reroute suggested
EVT422527,2025-11-11 13:34:50,Trade Fair,J023,Basavanagudi,6431,Weekday,False,Rain,True,14.1,False,False,0.404,Moderate,25.8,23.8,116.5,0.085,0.196,0.895,Light rain detected - minor speed reduction advised
EVT422528,2026-01-14 08:32:40,Religious Festival,J011,Indiranagar 100ft Road,37208,Weekday,True,Clear,False,0.0,False,False,1.0,Severe,8.2,66.8,753.8,0.247,0.571,0.865,Festival crowd surge detected - alternate route and extended cycle recommended
EVT422529,2025-05-30 18:14:19,Sports Fixture,J030,MG Road,18629,Weekday,False,Clear,False,0.0,False,False,1.0,Severe,10.5,72.0,631.7,0.275,0.634,0.914,Heavy congestion detected - signal timing extended and reroute suggested
EVT422530,2025-04-19 21:17:07,Concert,J020,Malleshwaram Circle,14150,Weekend,False,Clear,False,0.0,False,False,0.387,Moderate,23.9,28.8,123.6,0.084,0.195,0.968,Moderate traffic flow - standard adaptive signal timing in effect
EVT422531,2025-12-02 15:04:14,Sports Fixture,J009,Majestic,15869,Weekday,False,Clear,False,0.0,False,False,0.472,Moderate,29.0,37.5,144.7,0.114,0.262,0.967,Moderate traffic flow - standard adaptive signal timing in effect
EVT422532,2025-08-29 19:58:58,Sports Fixture,J040,City Market,25641,Weekday,False,Rain,True,16.2,False,False,1.0,Severe,10.0,70.9,295.8,0.123,0.284,0.867,Heavy rain reducing visibility and grip - reduced speed and longer buffer advised
EVT422533,2026-05-08 06:31:57,Trade Fair,J040,City Market,8099,Weekday,False,Clear,False,0.0,False,False,0.311,Low,26.8,22.9,129.0,0.092,0.213,0.958,Moderate traffic flow - standard adaptive signal timing in effect
EVT422534,2026-01-31 18:33:56,Sports Fixture,J040,City Market,26945,Weekend,False,Fog,False,0.0,False,False,1.0,Severe,9.8,69.6,495.5,0.2,0.461,0.935,Heavy congestion detected - signal timing extended and reroute suggested
EVT422535,2025-11-18 13:48:29,Local Market Day,J009,Majestic,1575,Weekday,False,Clear,False,0.0,False,False,0.232,Low,36.0,16.3,99.8,0.084,0.194,0.986,Normal free-flow traffic - standard signal timing maintained
EVT422536,2025-03-10 20:18:58,Political Rally,J011,Indiranagar 100ft Road,13487,Weekday,False,Light Rain,True,5.4,False,False,0.771,Severe,15.6,59.8,334.6,0.174,0.401,0.893,Heavy rain reducing visibility and grip - reduced speed and longer buffer advised
EVT422537,2026-05-10 22:38:08,Concert,J023,Basavanagudi,6942,Weekend,False,Clear,False,0.0,False,False,0.35,Low,31.1,24.1,233.9,0.196,0.453,0.957,Moderate traffic flow - standard adaptive signal timing in effect
EVT422538,2025-12-21 17:45:04,Local Market Day,J040,City Market,4988,Weekend,False,Clear,False,0.0,False,False,0.802,Severe,16.7,60.3,227.0,0.134,0.308,0.974,Heavy congestion detected - signal timing extended and reroute suggested
EVT422539,2025-02-18 18:21:52,Local Market Day,J011,Indiranagar 100ft Road,5112,Weekday,False,Clear,False,0.0,False,False,1.0,Severe,7.7,70.7,628.3,0.22,0.508,0.941,Heavy congestion detected - signal timing extended and reroute suggested
EVT422540,2025-06-14 20:58:42,Sports Fixture,J031,Cubbon Road,26396,Weekend,False,Clear,False,0.0,False,False,0.571,High,27.8,43.7,180.3,0.146,0.338,0.97,Moderate traffic flow - standard adaptive signal timing in effect
EVT422541,2026-06-04 19:45:22,Local Market Day,J031,Cubbon Road,3149,Weekday,False,Clear,False,0.0,False,False,0.814,Severe,16.2,56.2,286.3,0.159,0.366,0.943,Heavy congestion detected - signal timing extended and reroute suggested
EVT422542,2025-05-21 18:39:15,Sports Fixture,J009,Majestic,25841,Weekday,False,Rain,True,11.3,False,False,1.0,Severe,7.7,67.0,735.9,0.245,0.566,0.844,Heavy rain reducing visibility and grip - reduced speed and longer buffer advised
EVT422543,2025-11-19 08:28:39,Trade Fair,J012,Koramangala Sony World,6955,Weekday,False,Clear,False,0.0,False,False,0.963,Severe,9.1,70.8,439.5,0.172,0.396,0.92,Heavy congestion detected - signal timing extended and reroute suggested
EVT422544,2025-06-12 21:14:03,Local Market Day,J009,Majestic,3675,Weekday,False,Rain,True,7.8,False,False,0.475,Moderate,24.8,38.2,165.1,0.108,0.251,0.919,Light rain detected - minor speed reduction advised
EVT422545,2026-05-02 18:33:49,Cultural Procession,J009,Majestic,17388,Weekend,True,Clear,False,0.0,False,True,1.0,Severe,7.1,97.5,360.1,0.122,0.283,0.849,Road closure for event/procession - full detour recommended for through-traffic
EVT422546,2025-07-31 13:32:01,Concert,J012,Koramangala Sony World,9454,Weekday,False,Clear,False,0.0,False,False,0.248,Low,27.9,21.2,200.5,0.17,0.393,0.971,Normal free-flow traffic - standard signal timing maintained
EVT422547,2025-07-30 22:03:03,Local Market Day,J040,City Market,4240,Weekday,False,Clear,False,0.0,False,False,0.274,Low,31.1,16.7,116.2,0.096,0.222,0.976,Moderate traffic flow - standard adaptive signal timing in effect
EVT422548,2026-05-29 12:22:05,Local Market Day,J020,Malleshwaram Circle,2495,Weekday,False,Light Rain,True,2.9,False,False,0.327,Low,25.7,25.5,152.6,0.103,0.239,0.91,Light rain detected - minor speed reduction advised
EVT422549,2025-06-16 09:02:50,Sports Fixture,J020,Malleshwaram Circle,37431,Weekday,False,Heavy Rain,True,37.6,False,False,1.0,Severe,8.8,69.9,729.5,0.249,0.576,0.837,Heavy rain reducing visibility and grip - reduced speed and longer buffer advised
EVT422550,2026-06-06 18:56:15,Local Market Day,J031,Cubbon Road,4990,Weekend,False,Heavy Rain,True,38.2,False,False,1.0,Severe,8.3,71.8,450.2,0.152,0.352,0.845,Heavy rain reducing visibility and grip - reduced speed and longer buffer advised
EVT422551,2025-03-16 11:46:29,Concert,J009,Majestic,10983,Weekend,False,Clear,False,0.0,False,False,0.395,Moderate,30.8,26.6,245.9,0.186,0.429,0.99,Moderate traffic flow - standard adaptive signal timing in effect
EVT422552,2025-05-06 17:34:47,Concert,J030,MG Road,14418,Weekday,False,Rain,True,14.0,False,False,1.0,Severe,7.4,72.3,472.4,0.141,0.326,0.867,Heavy rain reducing visibility and grip - reduced speed and longer buffer advised
EVT422553,2026-03-24 17:34:11,Political Rally,J030,MG Road,9833,Weekday,False,Clear,False,0.0,False,False,0.966,Severe,11.2,74.7,537.0,0.217,0.502,0.925,Heavy congestion detected - signal timing extended and reroute suggested
EVT422554,2025-06-24 08:29:11,Local Market Day,J030,MG Road,3032,Weekday,False,Clear,False,0.0,False,False,0.93,Severe,10.4,67.6,367.6,0.171,0.395,0.913,Heavy congestion detected - signal timing extended and reroute suggested
EVT422555,2025-08-14 06:58:26,Sports Fixture,J023,Basavanagudi,21404,Weekday,False,Light Rain,True,4.1,False,False,0.563,High,19.4,39.3,267.3,0.156,0.36,0.912,Heavy rain reducing visibility and grip - reduced speed and longer buffer advised
EVT422556,2025-12-25 07:34:46,Religious Festival,J011,Indiranagar 100ft Road,68566,Weekday,True,Clear,False,0.0,False,True,1.0,Severe,10.5,98.6,447.4,0.195,0.449,0.842,Road closure for event/procession - full detour recommended for through-traffic
EVT422557,2025-04-28 13:29:33,Concert,J011,Indiranagar 100ft Road,15297,Weekday,False,Clear,False,0.0,False,False,0.302,Low,28.6,27.8,161.9,0.12,0.278,0.971,Moderate traffic flow - standard adaptive signal timing in effect
EVT422558,2026-03-06 17:25:02,Concert,J031,Cubbon Road,10740,Weekday,False,Clear,False,0.0,False,False,0.913,Severe,12.6,60.4,333.4,0.146,0.338,0.932,Heavy congestion detected - signal timing extended and reroute suggested
EVT422559,2025-04-17 08:30:41,Sports Fixture,J009,Majestic,29458,Weekday,False,Clear,False,0.0,False,False,1.0,Severe,8.9,65.7,357.1,0.123,0.285,0.926,Heavy congestion detected - signal timing extended and reroute suggested
EVT422560,2025-08-29 07:45:40,Political Rally,J009,Majestic,10425,Weekday,False,Heavy Rain,True,46.6,False,False,1.0,Severe,9.2,70.5,548.6,0.183,0.424,0.863,Heavy rain reducing visibility and grip - reduced speed and longer buffer advised
EVT422561,2026-05-04 09:06:07,Concert,J011,Indiranagar 100ft Road,7671,Weekday,False,Clear,False,0.0,False,False,1.0,Severe,9.4,72.4,186.1,0.067,0.154,0.93,Heavy congestion detected - signal timing extended and reroute suggested
EVT422562,2025-01-26 16:48:28,Religious Festival,J030,MG Road,84912,Weekend,True,Clear,False,0.0,False,True,1.0,Severe,9.7,102.6,440.0,0.17,0.394,0.796,Road closure for event/procession - full detour recommended for through-traffic
EVT422563,2026-03-15 07:50:55,Concert,J012,Koramangala Sony World,8696,Weekend,False,Clear,False,0.0,False,False,0.697,High,15.1,54.3,441.3,0.217,0.501,0.964,Moderate traffic flow - standard adaptive signal timing in effect
EVT422564,2025-12-20 10:01:42,Concert,J023,Basavanagudi,8674,Weekend,False,Clear,False,0.0,False,False,0.784,Severe,16.3,55.7,298.1,0.149,0.345,0.976,Heavy congestion detected - signal timing extended and reroute suggested
EVT422565,2025-06-26 09:07:14,Political Rally,J040,City Market,14229,Weekday,False,Rain,True,16.2,False,False,1.0,Severe,9.5,69.3,335.7,0.14,0.322,0.862,Heavy rain reducing visibility and grip - reduced speed and longer buffer advised
EVT422566,2026-05-10 14:11:22,Local Market Day,J040,City Market,4388,Weekend,False,Clear,False,0.0,False,False,0.334,Low,31.9,25.1,232.5,0.207,0.478,0.975,Moderate traffic flow - standard adaptive signal timing in effect
EVT422567,2025-02-03 13:04:14,Sports Fixture,J012,Koramangala Sony World,22703,Weekday,False,Clear,False,0.0,False,False,0.256,Low,31.9,18.2,214.5,0.176,0.407,0.978,Moderate traffic flow - standard adaptive signal timing in effect
EVT422568,2025-09-07 15:45:28,Sports Fixture,J012,Koramangala Sony World,21193,Weekend,False,Clear,False,0.0,False,False,0.539,Moderate,23.1,37.3,224.4,0.147,0.339,0.95,Moderate traffic flow - standard adaptive signal timing in effect
EVT422569,2025-04-15 08:44:29,Cultural Procession,J011,Indiranagar 100ft Road,14854,Weekday,True,Clear,False,0.0,False,False,1.0,Severe,7.9,68.3,470.2,0.161,0.372,0.873,Festival crowd surge detected - alternate route and extended cycle recommended
EVT422570,2026-06-11 08:39:42,Trade Fair,J009,Majestic,7996,Weekday,False,Clear,False,0.0,False,False,1.0,Severe,9.5,72.4,506.7,0.177,0.41,0.915,Heavy congestion detected - signal timing extended and reroute suggested
EVT422571,2025-05-03 19:24:22,Local Market Day,J009,Majestic,5044,Weekend,False,Rain,True,14.4,False,False,0.959,Severe,10.9,72.5,532.7,0.226,0.522,0.846,Heavy rain reducing visibility and grip - reduced speed and longer buffer advised
EVT422572,2025-11-29 06:58:40,Trade Fair,J031,Cubbon Road,14406,Weekend,False,Clear,False,0.0,False,False,0.456,Moderate,23.8,31.3,238.7,0.175,0.403,0.99,Moderate traffic flow - standard adaptive signal timing in effect
EVT422573,2026-01-23 16:44:03,Trade Fair,J040,City Market,10447,Weekday,False,Clear,False,0.0,False,False,0.668,High,16.7,45.2,337.1,0.171,0.395,0.989,Moderate traffic flow - standard adaptive signal timing in effect
EVT422574,2025-08-11 21:08:07,Local Market Day,J040,City Market,4398,Weekday,False,Light Rain,True,5.2,False,False,0.492,Moderate,29.2,29.4,162.5,0.145,0.334,0.927,Light rain detected - minor speed reduction advised
EVT422575,2026-06-18 19:37:42,Political Rally,J012,Koramangala Sony World,33654,Weekday,False,Clear,False,0.0,False,False,1.0,Severe,7.3,70.4,605.8,0.197,0.455,0.932,Heavy congestion detected - signal timing extended and reroute suggested
EVT422576,2026-03-26 14:10:10,Religious Festival,J020,Malleshwaram Circle,50722,Weekday,True,Clear,False,0.0,False,False,0.643,High,18.4,50.4,234.2,0.155,0.359,0.88,Festival crowd surge detected - alternate route and extended cycle recommended
EVT422577,2025-06-20 20:00:07,Sports Fixture,J040,City Market,22868,Weekday,False,Light Rain,True,4.1,False,False,0.939,Severe,10.5,66.6,345.0,0.154,0.355,0.861,Heavy rain reducing visibility and grip - reduced speed and longer buffer advised
EVT422578,2025-05-09 16:01:18,Local Market Day,J040,City Market,4102,Weekday,False,Light Rain,True,6.9,False,False,0.532,Moderate,31.0,34.0,89.8,0.104,0.239,0.943,Light rain detected - minor speed reduction advised
EVT422579,2025-11-16 08:56:27,Concert,J040,City Market,11509,Weekend,False,Rain,True,14.7,False,False,1.0,Severe,9.3,68.9,774.1,0.292,0.675,0.855,Heavy rain reducing visibility and grip - reduced speed and longer buffer advised
EVT422580,2025-09-08 07:22:11,Concert,J040,City Market,17778,Weekday,False,Clear,False,0.0,False,False,0.6,High,20.8,40.7,341.9,0.226,0.523,0.97,Moderate traffic flow - standard adaptive signal timing in effect
EVT422581,2025-12-07 14:42:40,Concert,J020,Malleshwaram Circle,19361,Weekend,False,Clear,False,0.0,False,False,0.361,Moderate,30.9,28.3,156.9,0.141,0.325,0.979,Moderate traffic flow - standard adaptive signal timing in effect
EVT422582,2025-10-23 19:05:46,Concert,J009,Majestic,15605,Weekday,False,Rain,True,21.9,False,False,1.0,Severe,9.3,69.3,544.8,0.204,0.471,0.86,Heavy rain reducing visibility and grip - reduced speed and longer buffer advised
EVT422583,2026-03-09 12:01:13,Political Rally,J030,MG Road,11451,Weekday,False,Clear,False,0.0,False,False,0.25,Low,23.2,21.3,115.7,0.065,0.151,0.964,Moderate traffic flow - standard adaptive signal timing in effect
EVT422584,2025-01-18 09:54:13,Local Market Day,J023,Basavanagudi,5287,Weekend,False,Clear,False,0.0,False,False,0.734,High,12.9,50.9,475.8,0.221,0.51,0.917,Moderate traffic flow - standard adaptive signal timing in effect
EVT422585,2025-10-26 17:51:21,Local Market Day,J031,Cubbon Road,3987,Weekend,False,Rain,True,11.5,False,False,0.918,Severe,10.2,63.9,363.7,0.143,0.329,0.89,Heavy rain reducing visibility and grip - reduced speed and longer buffer advised
EVT422586,2025-06-28 19:54:40,Local Market Day,J011,Indiranagar 100ft Road,4122,Weekend,False,Heavy Rain,True,72.0,False,False,1.0,Severe,8.1,71.2,723.1,0.228,0.526,0.863,Heavy rain reducing visibility and grip - reduced speed and longer buffer advised
EVT422587,2026-03-10 19:17:07,Sports Fixture,J012,Koramangala Sony World,24331,Weekday,False,Clear,False,0.0,False,False,1.0,Severe,8.2,65.2,426.5,0.162,0.374,0.925,Heavy congestion detected - signal timing extended and reroute suggested
EVT422588,2025-04-04 20:24:11,Local Market Day,J012,Koramangala Sony World,4486,Weekday,False,Clear,False,0.0,False,False,0.582,High,18.8,43.7,295.7,0.175,0.404,0.964,Moderate traffic flow - standard adaptive signal timing in effect
EVT422589,2026-04-28 08:02:18,Trade Fair,J031,Cubbon Road,7522,Weekday,False,Clear,False,0.0,False,False,0.819,Severe,14.9,54.8,395.4,0.206,0.476,0.958,Heavy congestion detected - signal timing extended and reroute suggested
EVT422590,2025-08-29 19:23:16,Political Rally,J040,City Market,26212,Weekday,False,Clear,False,0.0,False,False,0.995,Severe,6.3,67.2,940.6,0.24,0.555,0.926,Heavy congestion detected - signal timing extended and reroute suggested
EVT422591,2026-01-30 16:38:23,Trade Fair,J020,Malleshwaram Circle,15005,Weekday,False,Clear,False,0.0,False,False,0.687,High,17.8,53.0,309.8,0.173,0.399,0.959,Moderate traffic flow - standard adaptive signal timing in effect
EVT422592,2025-04-04 08:29:19,Trade Fair,J031,Cubbon Road,9253,Weekday,False,Clear,False,0.0,False,False,1.0,Severe,6.7,65.6,450.1,0.127,0.294,0.911,Heavy congestion detected - signal timing extended and reroute suggested
EVT422593,2025-04-24 20:38:14,Sports Fixture,J040,City Market,19634,Weekday,False,Clear,False,0.0,False,False,0.579,High,20.0,41.4,151.7,0.087,0.202,0.959,Moderate traffic flow - standard adaptive signal timing in effect
EVT422594,2025-07-19 06:06:40,Concert,J011,Indiranagar 100ft Road,9981,Weekend,False,Rain,True,10.4,False,False,0.537,Moderate,19.4,45.5,202.1,0.097,0.224,0.897,Light rain detected - minor speed reduction advised
EVT422595,2025-10-20 14:47:21,Cultural Procession,J012,Koramangala Sony World,11161,Weekday,True,Clear,False,0.0,False,True,0.674,Moderate,19.4,67.4,353.8,0.217,0.501,0.894,Road closure for event/procession - full detour recommended for through-traffic
EVT422596,2025-09-05 11:49:42,Religious Festival,J023,Basavanagudi,46272,Weekday,True,Heavy Rain,True,53.3,False,False,1.0,Severe,7.9,69.4,508.0,0.152,0.352,0.83,Festival crowd surge detected - alternate route and extended cycle recommended
EVT422597,2026-06-17 12:51:01,Trade Fair,J009,Majestic,6691,Weekday,False,Light Rain,True,6.5,False,False,0.271,Low,23.9,17.6,132.5,0.079,0.184,0.945,Light rain detected - minor speed reduction advised
EVT422598,2026-01-25 20:15:19,Concert,J031,Cubbon Road,8307,Weekend,False,Clear,False,0.0,False,False,0.676,High,17.5,54.5,116.2,0.06,0.139,0.986,Moderate traffic flow - standard adaptive signal timing in effect
EVT422599,2025-11-02 16:47:15,Cultural Procession,J023,Basavanagudi,31574,Weekend,True,Clear,False,0.0,False,True,1.0,Severe,9.4,94.8,501.8,0.19,0.44,0.829,Road closure for event/procession - full detour recommended for through-traffic
EVT422600,2026-04-02 20:39:50,Local Market Day,J012,Koramangala Sony World,2677,Weekday,False,Clear,False,0.0,False,False,0.531,Moderate,25.6,41.8,152.8,0.126,0.29,0.97,Moderate traffic flow - standard adaptive signal timing in effect
EVT422601,2025-12-06 20:10:24,Trade Fair,J020,Malleshwaram Circle,7282,Weekend,False,Clear,False,0.0,False,False,0.633,High,21.2,41.1,259.1,0.192,0.444,0.989,Moderate traffic flow - standard adaptive signal timing in effect
EVT422602,2026-02-24 08:49:18,Local Market Day,J031,Cubbon Road,4193,Weekday,False,Clear,False,0.0,False,False,0.987,Severe,8.7,66.0,389.8,0.135,0.312,0.935,Heavy congestion detected - signal timing extended and reroute suggested
EVT422603,2025-12-30 18:33:56,Sports Fixture,J030,MG Road,13902,Weekday,False,Clear,False,0.0,False,False,1.0,Severe,7.8,67.9,643.3,0.206,0.476,0.932,Heavy congestion detected - signal timing extended and reroute suggested
EVT422604,2026-05-21 09:47:43,Trade Fair,J023,Basavanagudi,6649,Weekday,False,Clear,False,0.0,False,False,0.856,Severe,13.4,56.4,360.4,0.188,0.434,0.931,Heavy congestion detected - signal timing extended and reroute suggested
EVT422605,2025-06-22 17:43:39,Political Rally,J011,Indiranagar 100ft Road,19664,Weekend,False,Rain,True,24.3,False,False,1.0,Severe,7.4,75.6,662.5,0.215,0.498,0.866,Heavy rain reducing visibility and grip - reduced speed and longer buffer advised
EVT422606,2025-11-27 20:18:15,Sports Fixture,J012,Koramangala Sony World,24874,Weekday,False,Clear,False,0.0,False,False,0.768,Severe,13.4,57.5,367.7,0.156,0.359,0.983,Heavy congestion detected - signal timing extended and reroute suggested
EVT422607,2026-02-24 08:47:36,Sports Fixture,J009,Majestic,28167,Weekday,False,Clear,False,0.0,False,False,1.0,Severe,6.8,70.2,547.4,0.17,0.392,0.912,Heavy congestion detected - signal timing extended and reroute suggested
EVT422608,2025-06-24 08:00:42,Local Market Day,J009,Majestic,5101,Weekday,False,Rain,True,23.7,False,False,1.0,Severe,8.6,70.1,465.6,0.137,0.316,0.873,Heavy rain reducing visibility and grip - reduced speed and longer buffer advised
EVT422609,2025-12-09 18:46:13,Local Market Day,J040,City Market,6941,Weekday,False,Clear,False,0.0,False,False,1.0,Severe,7.9,73.2,695.0,0.252,0.583,0.913,Heavy congestion detected - signal timing extended and reroute suggested
EVT422610,2025-01-16 17:44:14,Sports Fixture,J012,Koramangala Sony World,25602,Weekday,False,Clear,False,0.0,False,False,1.0,Severe,8.0,78.8,544.1,0.195,0.45,0.945,Heavy congestion detected - signal timing extended and reroute suggested
EVT422611,2025-12-25 14:07:39,Religious Festival,J023,Basavanagudi,32666,Weekday,True,Clear,False,0.0,False,False,0.45,Moderate,26.9,26.4,207.6,0.156,0.36,0.934,Moderate traffic flow - standard adaptive signal timing in effect
EVT422612,2025-12-08 21:34:28,Concert,J023,Basavanagudi,8486,Weekday,False,Clear,False,0.0,False,False,0.394,Moderate,29.8,26.9,108.7,0.076,0.177,0.976,Moderate traffic flow - standard adaptive signal timing in effect
EVT422613,2026-01-21 09:10:52,Local Market Day,J020,Malleshwaram Circle,1253,Weekday,False,Fog,False,0.0,False,False,0.977,Severe,9.9,68.5,662.5,0.244,0.565,0.91,Heavy congestion detected - signal timing extended and reroute suggested
EVT422614,2026-01-13 10:02:05,Local Market Day,J011,Indiranagar 100ft Road,3754,Weekday,False,Clear,False,0.0,False,False,0.806,Severe,13.5,61.2,313.3,0.169,0.39,0.962,Heavy congestion detected - signal timing extended and reroute suggested
EVT422615,2025-02-10 12:25:30,Concert,J020,Malleshwaram Circle,22489,Weekday,False,Clear,False,0.0,False,False,0.377,Moderate,31.8,18.6,114.2,0.112,0.26,0.947,Moderate traffic flow - standard adaptive signal timing in effect
EVT422616,2025-12-19 19:37:30,Local Market Day,J030,MG Road,5025,Weekday,False,Clear,False,0.0,False,False,0.842,Severe,14.0,56.5,321.4,0.145,0.334,0.94,Heavy congestion detected - signal timing extended and reroute suggested
EVT422617,2026-01-15 19:44:57,Fireworks Display,J030,MG Road,32418,Weekday,True,Clear,False,0.0,False,False,1.0,Severe,7.8,72.1,667.5,0.213,0.493,0.87,Festival crowd surge detected - alternate route and extended cycle recommended
EVT422618,2025-07-02 10:35:29,Sports Fixture,J020,Malleshwaram Circle,14854,Weekday,False,Clear,False,0.0,False,False,0.65,High,19.3,48.9,332.3,0.219,0.505,0.961,Moderate traffic flow - standard adaptive signal timing in effect
EVT422619,2026-05-14 20:38:44,Trade Fair,J009,Majestic,6918,Weekday,False,Clear,False,0.0,False,False,0.448,Moderate,27.0,36.0,167.9,0.135,0.313,0.94,Moderate traffic flow - standard adaptive signal timing in effect
EVT422620,2026-02-21 15:54:36,Political Rally,J012,Koramangala Sony World,15032,Weekend,False,Clear,False,0.0,False,False,0.518,Moderate,25.9,38.5,136.0,0.116,0.267,0.963,Moderate traffic flow - standard adaptive signal timing in effect
EVT422621,2025-11-08 11:10:35,Local Market Day,J020,Malleshwaram Circle,3567,Weekend,False,Rain,True,14.7,True,False,0.93,Severe,12.1,67.1,181.3,0.076,0.176,0.712,Accident detected nearby - reroute and reduced speed advised
EVT422622,2025-02-06 19:59:57,Political Rally,J023,Basavanagudi,14079,Weekday,False,Clear,False,0.0,False,False,0.803,Severe,13.3,64.9,262.1,0.11,0.254,0.953,Heavy congestion detected - signal timing extended and reroute suggested
EVT422623,2025-08-28 16:22:37,Religious Festival,J020,Malleshwaram Circle,25826,Weekday,True,Clear,False,0.0,False,False,0.844,Severe,12.9,65.0,331.3,0.161,0.373,0.873,Festival crowd surge detected - alternate route and extended cycle recommended
EVT422624,2026-06-17 19:21:53,Concert,J020,Malleshwaram Circle,24387,Weekday,False,Clear,False,0.0,False,False,0.998,Severe,8.0,67.0,960.8,0.299,0.691,0.929,Heavy congestion detected - signal timing extended and reroute suggested
EVT422625,2025-11-22 15:15:48,Local Market Day,J023,Basavanagudi,3894,Weekend,False,Fog,False,0.0,False,False,0.315,Low,28.3,21.8,187.4,0.161,0.372,0.955,Moderate traffic flow - standard adaptive signal timing in effect
EVT422626,2025-09-25 17:24:25,Sports Fixture,J031,Cubbon Road,13188,Weekday,False,Clear,False,0.0,False,False,0.902,Severe,9.1,72.4,766.5,0.27,0.624,0.964,Heavy congestion detected - signal timing extended and reroute suggested
EVT422627,2026-03-21 20:21:13,Trade Fair,J040,City Market,7309,Weekend,False,Rain,True,12.3,False,False,0.74,High,16.8,51.3,263.9,0.151,0.349,0.897,Heavy rain reducing visibility and grip - reduced speed and longer buffer advised
EVT422628,2026-06-26 00:36:09,Trade Fair,J009,Majestic,5194,Weekday,False,Clear,False,0.0,False,False,0.265,Low,32.4,18.9,121.5,0.13,0.301,0.952,Moderate traffic flow - standard adaptive signal timing in effect
EVT422629,2026-03-27 11:41:42,Religious Festival,J023,Basavanagudi,26523,Weekday,True,Clear,False,0.0,False,False,0.597,High,16.7,47.3,383.8,0.2,0.462,0.893,Festival crowd surge detected - alternate route and extended cycle recommended
EVT422630,2025-09-13 15:51:19,Trade Fair,J009,Majestic,11660,Weekend,False,Heavy Rain,True,41.7,False,False,0.828,Severe,13.5,60.0,239.8,0.1,0.23,0.902,Heavy rain reducing visibility and grip - reduced speed and longer buffer advised
EVT422631,2026-04-15 14:54:46,Fireworks Display,J009,Majestic,21069,Weekday,True,Clear,False,0.0,False,False,0.585,High,19.7,43.7,160.1,0.095,0.22,0.941,Festival crowd surge detected - alternate route and extended cycle recommended
EVT422632,2025-06-24 17:02:42,Local Market Day,J023,Basavanagudi,2804,Weekday,False,Heavy Rain,True,38.0,False,False,1.0,Severe,5.7,70.1,840.9,0.198,0.457,0.865,Heavy rain reducing visibility and grip - reduced speed and longer buffer advised
EVT422633,2026-06-25 08:43:41,Concert,J031,Cubbon Road,10605,Weekday,False,Fog,False,0.0,False,False,0.973,Severe,10.2,72.3,421.4,0.172,0.396,0.931,Heavy congestion detected - signal timing extended and reroute suggested
EVT422634,2025-02-27 23:50:56,Local Market Day,J023,Basavanagudi,2947,Weekday,False,Light Rain,True,3.7,False,False,0.327,Low,37.5,24.5,166.9,0.17,0.392,0.946,Light rain detected - minor speed reduction advised
EVT422635,2025-12-01 16:00:24,Sports Fixture,J011,Indiranagar 100ft Road,17496,Weekday,False,Clear,False,0.0,False,False,0.578,High,19.1,40.1,266.1,0.146,0.337,0.98,Moderate traffic flow - standard adaptive signal timing in effect
EVT422636,2025-02-05 09:24:23,Trade Fair,J030,MG Road,5815,Weekday,False,Fog,False,0.0,False,False,0.999,Severe,7.4,69.9,462.8,0.159,0.368,0.939,Heavy congestion detected - signal timing extended and reroute suggested
EVT422637,2025-08-02 17:06:48,Sports Fixture,J023,Basavanagudi,26719,Weekend,False,Clear,False,0.0,False,False,0.767,Severe,15.9,54.3,423.7,0.214,0.495,0.963,Heavy congestion detected - signal timing extended and reroute suggested
EVT422638,2025-09-21 07:13:44,Concert,J011,Indiranagar 100ft Road,10163,Weekend,False,Light Rain,True,3.5,False,False,0.555,High,28.3,46.0,274.6,0.192,0.442,0.913,Heavy rain reducing visibility and grip - reduced speed and longer buffer advised
EVT422639,2025-10-31 13:15:01,Local Market Day,J020,Malleshwaram Circle,5042,Weekday,False,Clear,False,0.0,False,False,0.18,Low,37.5,9.2,102.8,0.092,0.212,0.977,Normal free-flow traffic - standard signal timing maintained
EVT422640,2026-03-15 08:36:24,Sports Fixture,J009,Majestic,32391,Weekend,False,Clear,False,0.0,False,False,1.0,Severe,10.1,72.2,185.7,0.077,0.178,0.904,Heavy congestion detected - signal timing extended and reroute suggested
EVT422641,2026-02-22 09:11:42,Sports Fixture,J012,Koramangala Sony World,20783,Weekend,False,Clear,False,0.0,False,False,1.0,Severe,8.3,74.2,605.5,0.223,0.515,0.902,Heavy congestion detected - signal timing extended and reroute suggested
EVT422642,2026-02-21 12:34:12,Trade Fair,J030,MG Road,6560,Weekend,False,Clear,False,0.0,False,False,0.292,Low,28.2,21.8,179.9,0.138,0.318,0.946,Moderate traffic flow - standard adaptive signal timing in effect
EVT422643,2025-05-27 23:59:54,Local Market Day,J031,Cubbon Road,6938,Weekday,False,Clear,False,0.0,False,False,0.138,Low,40.1,11.4,145.7,0.13,0.301,0.962,Normal free-flow traffic - standard signal timing maintained
EVT422644,2025-12-12 11:20:58,Political Rally,J020,Malleshwaram Circle,16265,Weekday,False,Clear,False,0.0,False,False,0.405,Moderate,23.1,28.7,175.4,0.102,0.235,0.984,Moderate traffic flow - standard adaptive signal timing in effect
EVT422645,2025-02-25 11:59:19,Political Rally,J023,Basavanagudi,17974,Weekday,False,Clear,False,0.0,False,False,0.221,Low,26.7,12.9,155.6,0.104,0.24,0.984,Normal free-flow traffic - standard signal timing maintained
EVT422646,2026-03-21 23:54:29,Trade Fair,J011,Indiranagar 100ft Road,5723,Weekend,False,Fog,False,0.0,False,False,0.222,Low,36.3,17.1,93.4,0.085,0.196,0.975,Normal free-flow traffic - standard signal timing maintained
EVT422647,2025-12-08 10:28:08,Sports Fixture,J030,MG Road,19973,Weekday,False,Clear,False,0.0,False,False,0.691,High,18.1,45.6,238.4,0.133,0.307,0.978,Moderate traffic flow - standard adaptive signal timing in effect
EVT422648,2025-05-11 19:30:00,Sports Fixture,J011,Indiranagar 100ft Road,23379,Weekend,False,Clear,False,0.0,False,False,0.91,Severe,14.1,65.4,333.1,0.179,0.412,0.923,Heavy congestion detected - signal timing extended and reroute suggested
EVT422649,2025-02-12 18:00:43,Sports Fixture,J040,City Market,9184,Weekday,False,Clear,False,0.0,False,False,0.956,Severe,10.2,67.2,595.3,0.265,0.612,0.928,Heavy congestion detected - signal timing extended and reroute suggested
EVT422650,2026-04-04 17:32:54,Local Market Day,J009,Majestic,3539,Weekend,False,Fog,False,0.0,False,False,0.765,Severe,11.1,61.7,362.6,0.146,0.338,0.964,Heavy congestion detected - signal timing extended and reroute suggested
EVT422651,2026-02-04 13:37:59,Trade Fair,J030,MG Road,10392,Weekday,False,Clear,False,0.0,False,False,0.201,Low,30.0,20.0,126.3,0.093,0.215,0.959,Normal free-flow traffic - standard signal timing maintained
EVT422652,2025-09-30 18:43:55,Sports Fixture,J011,Indiranagar 100ft Road,24389,Weekday,False,Rain,True,23.6,False,False,1.0,Severe,6.4,75.2,733.6,0.203,0.468,0.85,Heavy rain reducing visibility and grip - reduced speed and longer buffer advised
EVT422653,2026-06-09 16:37:01,Local Market Day,J009,Majestic,4764,Weekday,False,Clear,False,0.0,False,False,0.64,High,22.7,49.2,247.8,0.179,0.413,0.968,Moderate traffic flow - standard adaptive signal timing in effect
EVT422654,2025-06-20 16:53:04,Political Rally,J020,Malleshwaram Circle,18922,Weekday,False,Heavy Rain,True,44.0,False,False,1.0,Severe,7.7,69.5,841.0,0.269,0.622,0.873,Heavy rain reducing visibility and grip - reduced speed and longer buffer advised
EVT422655,2026-04-11 08:57:21,Sports Fixture,J020,Malleshwaram Circle,21294,Weekend,False,Clear,False,0.0,False,False,0.963,Severe,11.7,64.2,448.9,0.19,0.439,0.942,Heavy congestion detected - signal timing extended and reroute suggested
EVT422656,2025-05-23 18:26:46,Concert,J011,Indiranagar 100ft Road,10068,Weekday,False,Fog,False,0.0,False,False,1.0,Severe,8.9,72.5,844.2,0.298,0.689,0.926,Heavy congestion detected - signal timing extended and reroute suggested
EVT422657,2025-10-07 08:46:17,Local Market Day,J040,City Market,4275,Weekday,False,Heavy Rain,True,37.0,False,False,1.0,Severe,8.8,73.0,407.9,0.143,0.331,0.879,Heavy rain reducing visibility and grip - reduced speed and longer buffer advised
EVT422658,2025-01-31 20:52:00,Local Market Day,J020,Malleshwaram Circle,5180,Weekday,False,Clear,False,0.0,False,False,0.42,Moderate,28.5,29.0,114.2,0.098,0.227,0.962,Moderate traffic flow - standard adaptive signal timing in effect
EVT422659,2025-07-26 06:15:28,Concert,J012,Koramangala Sony World,12687,Weekend,False,Heavy Rain,True,76.4,False,False,0.715,High,15.2,47.1,250.2,0.127,0.294,0.883,Heavy rain reducing visibility and grip - reduced speed and longer buffer advised
EVT422660,2025-04-17 19:12:42,Trade Fair,J011,Indiranagar 100ft Road,4185,Weekday,False,Fog,False,0.0,False,False,0.937,Severe,8.7,66.0,563.3,0.182,0.42,0.935,Heavy congestion detected - signal timing extended and reroute suggested
EVT422661,2026-01-17 18:39:38,Local Market Day,J040,City Market,2335,Weekend,False,Clear,False,0.0,False,False,0.827,Severe,13.1,61.4,296.1,0.146,0.336,0.944,Heavy congestion detected - signal timing extended and reroute suggested
EVT422662,2025-09-14 14:42:25,Concert,J030,MG Road,10481,Weekend,False,Clear,False,0.0,False,False,0.263,Low,30.4,20.4,90.3,0.062,0.143,0.985,Moderate traffic flow - standard adaptive signal timing in effect
EVT422663,2025-04-03 10:02:14,Local Market Day,J020,Malleshwaram Circle,3844,Weekday,False,Clear,False,0.0,False,False,0.767,Severe,16.8,59.5,396.7,0.218,0.503,0.986,Heavy congestion detected - signal timing extended and reroute suggested
EVT422664,2025-04-28 21:30:33,Sports Fixture,J020,Malleshwaram Circle,23496,Weekday,False,Clear,False,0.0,False,False,0.496,Moderate,24.8,36.5,289.0,0.224,0.517,0.956,Moderate traffic flow - standard adaptive signal timing in effect
EVT422665,2025-09-22 18:01:25,Local Market Day,J012,Koramangala Sony World,6687,Weekday,False,Clear,False,0.0,False,False,1.0,Severe,9.2,70.5,571.2,0.224,0.516,0.927,Heavy congestion detected - signal timing extended and reroute suggested
EVT422666,2025-04-07 10:08:39,Religious Festival,J030,MG Road,37472,Weekday,True,Clear,False,0.0,False,False,1.0,Severe,7.9,66.5,544.8,0.19,0.439,0.868,Festival crowd surge detected - alternate route and extended cycle recommended
EVT422667,2026-01-28 09:19:50,Trade Fair,J011,Indiranagar 100ft Road,8279,Weekday,False,Clear,False,0.0,False,False,1.0,Severe,7.8,64.5,923.2,0.272,0.629,0.906,Heavy congestion detected - signal timing extended and reroute suggested
EVT422668,2025-02-26 22:09:20,Concert,J009,Majestic,13376,Weekday,False,Clear,False,0.0,False,False,0.352,Moderate,26.3,31.5,193.8,0.131,0.302,0.951,Moderate traffic flow - standard adaptive signal timing in effect
EVT422669,2025-03-17 09:29:28,Sports Fixture,J012,Koramangala Sony World,33438,Weekday,False,Clear,False,0.0,False,False,1.0,Severe,9.0,72.0,559.4,0.202,0.466,0.918,Heavy congestion detected - signal timing extended and reroute suggested
EVT422670,2026-02-17 07:23:41,Local Market Day,J040,City Market,7618,Weekday,False,Light Rain,True,3.8,False,False,0.71,High,19.9,47.1,200.8,0.134,0.309,0.907,Heavy rain reducing visibility and grip - reduced speed and longer buffer advised
EVT422671,2025-04-13 15:22:34,Concert,J012,Koramangala Sony World,13883,Weekend,False,Clear,False,0.0,False,False,0.43,Moderate,25.2,26.4,193.9,0.123,0.284,0.965,Moderate traffic flow - standard adaptive signal timing in effect
EVT422672,2025-07-23 10:39:58,Concert,J011,Indiranagar 100ft Road,7737,Weekday,False,Clear,False,0.0,False,False,0.566,High,23.1,38.9,225.9,0.152,0.351,0.977,Moderate traffic flow - standard adaptive signal timing in effect
EVT422673,2025-02-20 05:47:10,Trade Fair,J012,Koramangala Sony World,9420,Weekday,False,Clear,False,0.0,False,False,0.282,Low,31.5,19.2,159.7,0.128,0.296,0.962,Moderate traffic flow - standard adaptive signal timing in effect
EVT422674,2025-07-12 15:51:34,Concert,J012,Koramangala Sony World,12652,Weekend,False,Clear,False,0.0,False,False,0.382,Moderate,27.0,24.7,234.7,0.168,0.388,0.978,Moderate traffic flow - standard adaptive signal timing in effect
EVT422675,2025-06-09 14:38:13,Concert,J020,Malleshwaram Circle,11119,Weekday,False,Clear,False,0.0,False,False,0.313,Low,34.0,19.6,180.2,0.158,0.366,0.963,Moderate traffic flow - standard adaptive signal timing in effect
EVT422676,2025-11-19 18:30:31,Local Market Day,J012,Koramangala Sony World,4716,Weekday,False,Clear,False,0.0,False,False,1.0,Severe,8.6,67.8,632.8,0.231,0.534,0.923,Heavy congestion detected - signal timing extended and reroute suggested
EVT422677,2026-04-22 20:39:17,Concert,J031,Cubbon Road,7706,Weekday,False,Clear,False,0.0,False,False,0.627,High,23.0,47.5,278.1,0.188,0.434,0.976,Moderate traffic flow - standard adaptive signal timing in effect
EVT422678,2025-11-09 12:33:00,Sports Fixture,J031,Cubbon Road,23511,Weekend,False,Heavy Rain,True,32.4,False,False,0.766,Severe,12.6,55.0,320.2,0.164,0.378,0.916,Heavy rain reducing visibility and grip - reduced speed and longer buffer advised
EVT422679,2025-02-09 10:34:54,Sports Fixture,J012,Koramangala Sony World,11703,Weekend,False,Clear,False,0.0,False,False,0.644,High,22.4,42.5,137.1,0.113,0.261,0.99,Moderate traffic flow - standard adaptive signal timing in effect
EVT422680,2025-05-23 16:24:12,Concert,J009,Majestic,17928,Weekday,False,Rain,True,20.5,False,False,0.852,Severe,12.5,59.0,282.6,0.131,0.302,0.898,Heavy rain reducing visibility and grip - reduced speed and longer buffer advised
EVT422681,2025-06-06 12:24:19,Local Market Day,J011,Indiranagar 100ft Road,7364,Weekday,False,Clear,False,0.0,False,False,0.189,Low,29.7,10.5,80.8,0.052,0.121,0.945,Normal free-flow traffic - standard signal timing maintained
EVT422682,2026-04-05 15:46:02,Trade Fair,J020,Malleshwaram Circle,13522,Weekend,False,Clear,False,0.0,False,False,0.475,Moderate,25.4,36.6,197.3,0.172,0.397,0.957,Moderate traffic flow - standard adaptive signal timing in effect
EVT422683,2025-10-21 12:31:29,Cultural Procession,J031,Cubbon Road,22237,Weekday,True,Heavy Rain,True,47.6,False,True,1.0,Severe,8.8,99.0,218.8,0.102,0.235,0.796,Road closure for event/procession - full detour recommended for through-traffic
EVT422684,2026-02-24 15:36:13,Trade Fair,J009,Majestic,8851,Weekday,False,Clear,False,0.0,False,False,0.368,Moderate,28.9,31.9,221.0,0.168,0.387,0.963,Moderate traffic flow - standard adaptive signal timing in effect
EVT422685,2025-04-13 20:12:03,Local Market Day,J030,MG Road,4198,Weekend,False,Clear,False,0.0,False,False,0.632,High,19.1,53.9,199.9,0.124,0.285,0.946,Moderate traffic flow - standard adaptive signal timing in effect
EVT422686,2025-07-08 17:34:29,Local Market Day,J030,MG Road,5155,Weekday,False,Clear,False,0.0,False,False,0.843,Severe,12.0,60.3,480.8,0.231,0.534,0.94,Heavy congestion detected - signal timing extended and reroute suggested
EVT422687,2026-01-18 16:16:28,Sports Fixture,J012,Koramangala Sony World,30034,Weekend,False,Clear,False,0.0,False,False,0.68,High,18.7,49.8,323.0,0.174,0.402,0.968,Moderate traffic flow - standard adaptive signal timing in effect
EVT422688,2025-10-07 18:19:17,Local Market Day,J023,Basavanagudi,5521,Weekday,False,Light Rain,True,6.3,False,False,1.0,Severe,9.2,68.2,465.1,0.174,0.401,0.852,Heavy rain reducing visibility and grip - reduced speed and longer buffer advised
EVT422689,2025-03-24 09:12:56,Trade Fair,J031,Cubbon Road,8428,Weekday,False,Clear,False,0.0,False,False,1.0,Severe,7.5,73.4,515.7,0.17,0.392,0.913,Heavy congestion detected - signal timing extended and reroute suggested
EVT422690,2025-07-28 12:29:59,Political Rally,J009,Majestic,11460,Weekday,False,Rain,True,15.8,False,False,0.379,Moderate,28.1,24.8,186.3,0.155,0.358,0.922,Light rain detected - minor speed reduction advised
EVT422691,2025-06-26 08:07:39,Local Market Day,J012,Koramangala Sony World,3223,Weekday,False,Clear,False,0.0,False,False,0.86,Severe,13.2,67.3,350.9,0.169,0.391,0.944,Heavy congestion detected - signal timing extended and reroute suggested
EVT422692,2025-02-17 12:47:35,Trade Fair,J020,Malleshwaram Circle,6854,Weekday,False,Clear,False,0.0,False,False,0.153,Low,33.7,3.5,123.4,0.1,0.232,0.962,Normal free-flow traffic - standard signal timing maintained
EVT422693,2026-05-09 14:32:56,Local Market Day,J009,Majestic,4918,Weekend,False,Clear,False,0.0,False,False,0.318,Low,28.8,22.0,91.4,0.069,0.16,0.961,Moderate traffic flow - standard adaptive signal timing in effect
EVT422694,2025-05-26 20:32:36,Concert,J030,MG Road,12162,Weekday,False,Clear,False,0.0,False,False,0.6,High,20.7,41.2,274.7,0.165,0.381,0.99,Moderate traffic flow - standard adaptive signal timing in effect
EVT422695,2025-05-19 11:50:32,Local Market Day,J030,MG Road,2495,Weekday,False,Clear,False,0.0,False,False,0.241,Low,33.7,18.5,171.7,0.153,0.354,0.963,Normal free-flow traffic - standard signal timing maintained
EVT422696,2025-07-21 11:34:49,Sports Fixture,J011,Indiranagar 100ft Road,15505,Weekday,False,Clear,False,0.0,False,False,0.391,Moderate,36.9,28.8,81.1,0.068,0.157,0.949,Moderate traffic flow - standard adaptive signal timing in effect
EVT422697,2025-06-23 09:54:16,Trade Fair,J011,Indiranagar 100ft Road,11521,Weekday,False,Rain,True,12.2,False,False,1.0,Severe,8.7,67.9,441.3,0.145,0.335,0.866,Heavy rain reducing visibility and grip - reduced speed and longer buffer advised
EVT422698,2026-05-13 18:45:27,Sports Fixture,J031,Cubbon Road,29063,Weekday,False,Clear,False,0.0,False,False,1.0,Severe,8.8,76.4,711.0,0.254,0.588,0.896,Heavy congestion detected - signal timing extended and reroute suggested
EVT422699,2025-04-30 08:46:46,Trade Fair,J023,Basavanagudi,10822,Weekday,False,Clear,False,0.0,False,False,1.0,Severe,8.2,71.8,578.3,0.215,0.497,0.921,Heavy congestion detected - signal timing extended and reroute suggested
EVT422700,2025-05-08 11:16:54,Concert,J031,Cubbon Road,13559,Weekday,False,Clear,False,0.0,False,False,0.485,Moderate,14.5,33.9,251.1,0.119,0.274,0.977,Moderate traffic flow - standard adaptive signal timing in effect
EVT422701,2025-09-14 16:54:34,Concert,J009,Majestic,9261,Weekend,False,Clear,False,0.0,False,False,0.629,High,23.0,41.0,199.9,0.142,0.328,0.968,Moderate traffic flow - standard adaptive signal timing in effect
EVT422702,2026-04-21 23:35:54,Sports Fixture,J009,Majestic,13732,Weekday,False,Clear,False,0.0,False,False,0.205,Low,42.9,17.7,141.7,0.137,0.316,0.98,Normal free-flow traffic - standard signal timing maintained
EVT422703,2025-08-01 18:27:46,Political Rally,J031,Cubbon Road,17204,Weekday,False,Heavy Rain,True,73.5,False,False,1.0,Severe,7.9,68.0,769.3,0.255,0.588,0.885,Heavy rain reducing visibility and grip - reduced speed and longer buffer advised
EVT422704,2026-03-15 19:02:03,Concert,J011,Indiranagar 100ft Road,17757,Weekend,False,Clear,False,0.0,False,False,0.956,Severe,8.7,76.3,560.9,0.217,0.502,0.938,Heavy congestion detected - signal timing extended and reroute suggested
EVT422705,2025-05-29 15:06:05,Sports Fixture,J012,Koramangala Sony World,26953,Weekday,False,Clear,False,0.0,False,False,0.459,Moderate,27.0,33.0,179.8,0.14,0.324,0.973,Moderate traffic flow - standard adaptive signal timing in effect
EVT422706,2025-07-13 07:48:49,Political Rally,J031,Cubbon Road,19960,Weekend,False,Clear,False,0.0,False,False,0.784,Severe,15.5,50.2,215.9,0.129,0.298,0.956,Heavy congestion detected - signal timing extended and reroute suggested
EVT422707,2025-10-14 11:15:25,Sports Fixture,J023,Basavanagudi,14906,Weekday,False,Clear,False,0.0,False,False,0.426,Moderate,25.8,32.1,127.0,0.092,0.212,0.96,Moderate traffic flow - standard adaptive signal timing in effect
EVT422708,2025-05-07 18:58:36,Political Rally,J030,MG Road,15949,Weekday,False,Light Rain,True,6.3,False,False,1.0,Severe,8.0,74.0,271.9,0.099,0.229,0.882,Heavy rain reducing visibility and grip - reduced speed and longer buffer advised
EVT422709,2025-11-14 19:44:02,Concert,J031,Cubbon Road,9918,Weekday,False,Clear,False,0.0,False,False,0.75,Severe,16.7,58.0,142.1,0.071,0.164,0.963,Heavy congestion detected - signal timing extended and reroute suggested
EVT422710,2025-06-14 19:36:55,Trade Fair,J030,MG Road,9286,Weekend,False,Heavy Rain,True,56.6,False,False,1.0,Severe,7.2,65.2,572.0,0.191,0.441,0.882,Heavy rain reducing visibility and grip - reduced speed and longer buffer advised
EVT422711,2026-02-08 14:13:22,Sports Fixture,J030,MG Road,19332,Weekend,False,Clear,False,0.0,False,False,0.41,Moderate,27.9,30.3,184.5,0.134,0.31,0.963,Moderate traffic flow - standard adaptive signal timing in effect
EVT422712,2025-06-27 08:37:13,Local Market Day,J030,MG Road,4012,Weekday,False,Clear,False,0.0,False,False,0.988,Severe,10.5,71.0,465.3,0.188,0.434,0.928,Heavy congestion detected - signal timing extended and reroute suggested
EVT422713,2026-02-11 06:19:30,Political Rally,J031,Cubbon Road,17348,Weekday,False,Clear,False,0.0,False,False,0.319,Low,28.8,25.6,150.6,0.114,0.263,0.954,Moderate traffic flow - standard adaptive signal timing in effect
EVT422714,2026-06-21 08:13:51,Concert,J031,Cubbon Road,14848,Weekend,False,Heavy Rain,True,39.0,False,False,1.0,Severe,8.6,71.9,186.3,0.084,0.194,0.867,Heavy rain reducing visibility and grip - reduced speed and longer buffer advised
EVT422715,2025-09-10 19:04:47,Political Rally,J012,Koramangala Sony World,18546,Weekday,False,Heavy Rain,True,61.6,False,False,1.0,Severe,8.6,66.0,315.3,0.123,0.284,0.849,Heavy rain reducing visibility and grip - reduced speed and longer buffer advised
EVT422716,2025-12-10 07:43:09,Sports Fixture,J031,Cubbon Road,12255,Weekday,False,Clear,False,0.0,False,False,0.713,High,18.7,49.9,284.5,0.178,0.41,0.969,Moderate traffic flow - standard adaptive signal timing in effect
EVT422717,2025-02-13 12:16:44,Trade Fair,J012,Koramangala Sony World,7019,Weekday,False,Clear,False,0.0,False,False,0.289,Low,34.4,21.9,138.1,0.11,0.253,0.975,Moderate traffic flow - standard adaptive signal timing in effect
EVT422718,2025-03-13 16:44:49,Sports Fixture,J011,Indiranagar 100ft Road,14916,Weekday,False,Clear,False,0.0,False,False,0.721,High,18.2,57.6,400.0,0.254,0.586,0.958,Moderate traffic flow - standard adaptive signal timing in effect
EVT422719,2026-06-12 16:34:14,Local Market Day,J030,MG Road,9032,Weekday,False,Light Rain,True,3.0,False,False,0.655,High,17.8,42.8,326.1,0.196,0.453,0.891,Heavy rain reducing visibility and grip - reduced speed and longer buffer advised
EVT422720,2026-01-13 17:12:01,Sports Fixture,J030,MG Road,27598,Weekday,False,Clear,False,0.0,False,False,0.952,Severe,12.2,68.6,553.4,0.254,0.587,0.914,Heavy congestion detected - signal timing extended and reroute suggested
EVT422721,2026-06-26 21:15:18,Local Market Day,J009,Majestic,4173,Weekday,False,Clear,False,0.0,False,False,0.417,Moderate,28.4,30.2,140.8,0.112,0.258,0.931,Moderate traffic flow - standard adaptive signal timing in effect
EVT422722,2026-04-20 12:06:58,Trade Fair,J009,Majestic,4877,Weekday,False,Clear,False,0.0,False,False,0.289,Low,26.4,23.3,201.8,0.119,0.275,0.968,Moderate traffic flow - standard adaptive signal timing in effect
EVT422723,2026-02-22 18:33:29,Sports Fixture,J031,Cubbon Road,24461,Weekend,False,Clear,False,0.0,False,False,0.999,Severe,8.4,68.8,591.2,0.212,0.489,0.891,Heavy congestion detected - signal timing extended and reroute suggested
EVT422724,2025-07-25 15:30:24,Local Market Day,J012,Koramangala Sony World,4002,Weekday,False,Clear,False,0.0,False,False,0.335,Low,30.1,19.4,130.6,0.117,0.27,0.957,Moderate traffic flow - standard adaptive signal timing in effect
EVT422725,2025-03-17 13:48:53,Political Rally,J012,Koramangala Sony World,48443,Weekday,False,Clear,False,0.0,False,False,0.499,Moderate,26.8,32.7,189.9,0.138,0.32,0.955,Moderate traffic flow - standard adaptive signal timing in effect
EVT422726,2026-04-17 08:03:03,Sports Fixture,J011,Indiranagar 100ft Road,9164,Weekday,False,Clear,False,0.0,False,False,0.807,Severe,12.9,59.2,329.2,0.159,0.368,0.963,Heavy congestion detected - signal timing extended and reroute suggested
EVT422727,2025-12-12 10:18:18,Local Market Day,J031,Cubbon Road,3632,Weekday,False,Clear,False,0.0,False,False,0.755,Severe,16.7,57.2,374.8,0.217,0.501,0.958,Heavy congestion detected - signal timing extended and reroute suggested
EVT422728,2025-09-08 16:54:16,Concert,J040,City Market,9613,Weekday,False,Heavy Rain,True,33.2,False,False,1.0,Severe,9.3,70.8,510.4,0.2,0.462,0.896,Heavy rain reducing visibility and grip - reduced speed and longer buffer advised
EVT422729,2025-08-07 13:33:20,Local Market Day,J012,Koramangala Sony World,3644,Weekday,False,Clear,False,0.0,False,False,0.153,Low,30.1,14.8,203.7,0.183,0.423,0.97,Normal free-flow traffic - standard signal timing maintained
EVT422730,2025-09-01 18:15:19,Trade Fair,J030,MG Road,6985,Weekday,False,Heavy Rain,True,63.7,False,False,1.0,Severe,7.3,67.7,801.6,0.248,0.574,0.881,Heavy rain reducing visibility and grip - reduced speed and longer buffer advised
EVT422731,2025-07-07 09:10:37,Trade Fair,J023,Basavanagudi,4520,Weekday,False,Heavy Rain,True,40.0,False,False,1.0,Severe,8.1,66.5,385.0,0.148,0.343,0.86,Heavy rain reducing visibility and grip - reduced speed and longer buffer advised
EVT422732,2025-11-28 18:22:11,Sports Fixture,J020,Malleshwaram Circle,21758,Weekday,False,Clear,False,0.0,False,False,1.0,Severe,7.5,77.4,776.4,0.224,0.517,0.937,Heavy congestion detected - signal timing extended and reroute suggested
EVT422733,2025-12-04 08:59:10,Trade Fair,J012,Koramangala Sony World,5460,Weekday,False,Clear,False,0.0,False,False,1.0,Severe,8.1,68.2,436.8,0.157,0.362,0.923,Heavy congestion detected - signal timing extended and reroute suggested
EVT422734,2025-04-11 21:31:42,Political Rally,J031,Cubbon Road,22726,Weekday,False,Light Rain,True,5.9,False,False,0.539,Moderate,27.0,39.6,204.4,0.168,0.387,0.916,Light rain detected - minor speed reduction advised
EVT422735,2025-06-15 18:04:13,Political Rally,J031,Cubbon Road,7983,Weekend,False,Clear,False,0.0,False,False,0.877,Severe,10.5,61.7,304.2,0.131,0.302,0.938,Heavy congestion detected - signal timing extended and reroute suggested
EVT422736,2025-06-04 15:47:35,Sports Fixture,J030,MG Road,36008,Weekday,False,Heavy Rain,True,25.4,False,False,0.796,Severe,18.8,54.0,386.7,0.25,0.577,0.908,Heavy rain reducing visibility and grip - reduced speed and longer buffer advised
EVT422737,2025-10-16 21:52:35,Trade Fair,J023,Basavanagudi,6687,Weekday,False,Clear,False,0.0,False,False,0.307,Low,38.6,23.9,223.4,0.212,0.491,0.97,Moderate traffic flow - standard adaptive signal timing in effect
EVT422738,2026-04-20 07:21:28,Local Market Day,J031,Cubbon Road,3741,Weekday,False,Clear,False,0.0,False,False,0.399,Moderate,29.3,33.5,69.7,0.062,0.144,0.99,Moderate traffic flow - standard adaptive signal timing in effect
EVT422739,2025-10-23 15:54:22,Local Market Day,J012,Koramangala Sony World,4640,Weekday,False,Clear,False,0.0,False,False,0.364,Moderate,26.5,28.4,68.9,0.04,0.092,0.965,Moderate traffic flow - standard adaptive signal timing in effect
EVT422740,2026-03-07 08:11:48,Concert,J020,Malleshwaram Circle,18749,Weekend,False,Clear,False,0.0,False,False,0.882,Severe,15.7,63.6,400.0,0.256,0.591,0.934,Heavy congestion detected - signal timing extended and reroute suggested
EVT422741,2025-09-02 12:53:33,Political Rally,J020,Malleshwaram Circle,21558,Weekday,False,Rain,True,23.8,False,False,0.513,Moderate,23.4,37.4,189.3,0.125,0.288,0.928,Light rain detected - minor speed reduction advised
EVT422742,2025-07-13 20:37:37,Trade Fair,J023,Basavanagudi,12976,Weekend,False,Clear,False,0.0,False,False,0.527,Moderate,26.2,38.4,271.3,0.219,0.507,0.973,Moderate traffic flow - standard adaptive signal timing in effect
EVT422743,2025-05-16 18:30:44,Concert,J040,City Market,7507,Weekday,False,Clear,False,0.0,False,False,1.0,Severe,9.2,67.6,657.0,0.252,0.581,0.906,Heavy congestion detected - signal timing extended and reroute suggested
EVT422744,2025-07-03 19:36:18,Sports Fixture,J009,Majestic,29611,Weekday,False,Clear,False,0.0,False,False,0.976,Severe,8.8,64.9,391.0,0.142,0.328,0.905,Heavy congestion detected - signal timing extended and reroute suggested
EVT422745,2025-06-30 14:33:33,Sports Fixture,J031,Cubbon Road,13726,Weekday,False,Clear,False,0.0,False,False,0.277,Low,38.8,22.6,73.1,0.066,0.152,0.979,Moderate traffic flow - standard adaptive signal timing in effect
EVT422746,2026-01-01 07:08:51,Religious Festival,J030,MG Road,60881,Weekday,True,Clear,False,0.0,False,True,1.0,Severe,9.0,97.4,549.8,0.2,0.463,0.799,Road closure for event/procession - full detour recommended for through-traffic
EVT422747,2025-06-24 21:54:38,Local Market Day,J031,Cubbon Road,4000,Weekday,False,Clear,False,0.0,False,False,0.274,Low,31.6,21.1,217.4,0.178,0.412,0.949,Moderate traffic flow - standard adaptive signal timing in effect
EVT422748,2025-08-27 16:40:18,Cultural Procession,J031,Cubbon Road,13548,Weekday,True,Clear,False,0.0,False,False,0.931,Severe,10.8,60.6,553.2,0.221,0.511,0.893,Festival crowd surge detected - alternate route and extended cycle recommended
EVT422749,2025-10-19 07:36:51,Sports Fixture,J020,Malleshwaram Circle,35713,Weekend,False,Light Rain,True,4.5,False,False,0.856,Severe,14.1,53.2,511.3,0.253,0.585,0.889,Heavy rain reducing visibility and grip - reduced speed and longer buffer advised
EVT422750,2025-10-09 13:49:33,Sports Fixture,J040,City Market,26369,Weekday,False,Clear,False,0.0,False,False,0.3,Low,30.2,23.9,170.6,0.142,0.329,0.99,Moderate traffic flow - standard adaptive signal timing in effect
EVT422751,2025-10-24 01:05:15,Local Market Day,J020,Malleshwaram Circle,6490,Weekday,False,Clear,False,0.0,False,False,0.155,Low,32.9,14.5,91.0,0.099,0.229,0.986,Normal free-flow traffic - standard signal timing maintained
EVT422752,2025-09-06 22:22:43,Fireworks Display,J023,Basavanagudi,17203,Weekend,True,Clear,False,0.0,False,False,0.627,High,22.0,43.1,319.4,0.208,0.481,0.941,Festival crowd surge detected - alternate route and extended cycle recommended
EVT422753,2025-05-04 13:21:58,Trade Fair,J023,Basavanagudi,13103,Weekend,False,Fog,False,0.0,False,False,0.327,Low,31.0,28.5,125.1,0.114,0.263,0.941,Moderate traffic flow - standard adaptive signal timing in effect
EVT422754,2026-01-29 10:51:26,Local Market Day,J009,Majestic,4913,Weekday,False,Rain,True,8.2,False,False,0.629,High,17.5,39.0,185.9,0.099,0.228,0.907,Heavy rain reducing visibility and grip - reduced speed and longer buffer advised
EVT422755,2025-06-29 16:17:27,Trade Fair,J011,Indiranagar 100ft Road,8143,Weekend,False,Clear,False,0.0,False,False,0.412,Moderate,24.9,33.2,247.6,0.174,0.401,0.952,Moderate traffic flow - standard adaptive signal timing in effect
EVT422756,2025-10-12 16:30:20,Trade Fair,J031,Cubbon Road,4954,Weekend,False,Clear,False,0.0,False,False,0.606,High,19.4,48.2,237.2,0.157,0.362,0.983,Moderate traffic flow - standard adaptive signal timing in effect
EVT422757,2026-02-16 08:33:24,Trade Fair,J011,Indiranagar 100ft Road,4486,Weekday,False,Fog,False,0.0,False,False,0.977,Severe,8.2,71.2,519.3,0.185,0.427,0.943,Heavy congestion detected - signal timing extended and reroute suggested
EVT422758,2025-07-04 19:01:32,Local Market Day,J030,MG Road,7137,Weekday,False,Heavy Rain,True,36.2,False,False,1.0,Severe,9.2,71.4,814.0,0.295,0.681,0.879,Heavy rain reducing visibility and grip - reduced speed and longer buffer advised
EVT422759,2026-04-12 17:50:05,Local Market Day,J040,City Market,6091,Weekend,False,Clear,False,0.0,False,False,0.851,Severe,13.5,62.3,405.1,0.225,0.521,0.924,Heavy congestion detected - signal timing extended and reroute suggested
EVT422760,2026-02-15 17:42:35,Sports Fixture,J011,Indiranagar 100ft Road,20503,Weekend,False,Clear,False,0.0,False,False,0.808,Severe,15.5,59.3,420.1,0.237,0.548,0.975,Heavy congestion detected - signal timing extended and reroute suggested
EVT422761,2026-05-11 20:21:51,Local Market Day,J011,Indiranagar 100ft Road,3363,Weekday,False,Clear,False,0.0,False,False,0.614,High,16.6,41.7,304.7,0.167,0.386,0.948,Moderate traffic flow - standard adaptive signal timing in effect
EVT422762,2025-05-17 20:35:43,Concert,J011,Indiranagar 100ft Road,11741,Weekend,False,Clear,False,0.0,False,False,0.614,High,23.4,49.3,275.3,0.207,0.478,0.968,Moderate traffic flow - standard adaptive signal timing in effect
EVT422763,2025-03-07 10:34:36,Sports Fixture,J011,Indiranagar 100ft Road,14850,Weekday,False,Clear,False,0.0,False,False,0.621,High,21.8,39.3,195.2,0.114,0.264,0.99,Moderate traffic flow - standard adaptive signal timing in effect
EVT422764,2026-05-12 15:21:13,Sports Fixture,J040,City Market,21014,Weekday,False,Light Rain,True,5.8,False,False,0.48,Moderate,27.8,34.2,153.9,0.104,0.24,0.893,Light rain detected - minor speed reduction advised
EVT422765,2025-02-18 10:56:39,Sports Fixture,J020,Malleshwaram Circle,22131,Weekday,False,Clear,False,0.0,False,False,0.594,High,22.6,42.6,208.8,0.167,0.386,0.953,Moderate traffic flow - standard adaptive signal timing in effect
EVT422766,2026-03-18 21:53:37,Sports Fixture,J031,Cubbon Road,37990,Weekday,False,Clear,False,0.0,False,False,0.45,Moderate,25.3,41.9,187.6,0.125,0.29,0.962,Moderate traffic flow - standard adaptive signal timing in effect
EVT422767,2025-05-08 09:17:09,Sports Fixture,J011,Indiranagar 100ft Road,24153,Weekday,False,Clear,False,0.0,False,False,1.0,Severe,6.7,71.4,714.6,0.197,0.454,0.914,Heavy congestion detected - signal timing extended and reroute suggested
EVT422768,2025-01-11 21:12:07,Concert,J011,Indiranagar 100ft Road,7848,Weekend,False,Clear,False,0.0,False,False,0.376,Moderate,27.3,25.8,108.6,0.085,0.196,0.963,Moderate traffic flow - standard adaptive signal timing in effect
EVT422769,2025-12-02 06:37:57,Concert,J023,Basavanagudi,9732,Weekday,False,Clear,False,0.0,False,False,0.377,Moderate,28.1,28.1,176.5,0.146,0.338,0.979,Moderate traffic flow - standard adaptive signal timing in effect
EVT422770,2025-03-18 22:09:33,Sports Fixture,J023,Basavanagudi,15894,Weekday,False,Clear,False,0.0,False,False,0.347,Low,25.0,22.1,102.3,0.088,0.204,0.968,Moderate traffic flow - standard adaptive signal timing in effect
EVT422771,2025-01-08 18:56:06,Concert,J012,Koramangala Sony World,15595,Weekday,False,Clear,False,0.0,False,False,0.993,Severe,8.1,71.2,418.5,0.121,0.279,0.928,Heavy congestion detected - signal timing extended and reroute suggested
EVT422772,2025-06-02 10:01:11,Sports Fixture,J023,Basavanagudi,25735,Weekday,False,Rain,True,14.5,False,False,1.0,Severe,8.3,69.7,394.5,0.15,0.347,0.883,Heavy rain reducing visibility and grip - reduced speed and longer buffer advised
EVT422773,2025-01-16 12:31:24,Sports Fixture,J030,MG Road,19596,Weekday,False,Clear,False,0.0,False,False,0.22,Low,28.6,14.8,52.3,0.038,0.088,0.956,Normal free-flow traffic - standard signal timing maintained
EVT422774,2025-01-05 16:34:33,Concert,J040,City Market,13254,Weekend,False,Clear,False,0.0,False,False,0.666,High,17.8,45.2,202.2,0.123,0.284,0.952,Moderate traffic flow - standard adaptive signal timing in effect
EVT422775,2025-12-13 09:59:12,Sports Fixture,J023,Basavanagudi,28051,Weekend,False,Clear,False,0.0,False,False,0.85,Severe,13.4,62.5,264.7,0.128,0.295,0.93,Heavy congestion detected - signal timing extended and reroute suggested
EVT422776,2026-01-11 19:34:56,Concert,J009,Majestic,10583,Weekend,False,Clear,False,0.0,False,False,0.79,Severe,14.3,56.5,159.4,0.086,0.2,0.957,Heavy congestion detected - signal timing extended and reroute suggested
EVT422777,2026-05-17 16:09:46,Concert,J009,Majestic,6747,Weekend,False,Rain,True,24.2,False,False,0.838,Severe,18.0,55.8,259.0,0.17,0.393,0.883,Heavy rain reducing visibility and grip - reduced speed and longer buffer advised
EVT422778,2025-11-20 13:10:39,Trade Fair,J011,Indiranagar 100ft Road,7752,Weekday,False,Clear,False,0.0,False,False,0.189,Low,37.4,8.8,168.8,0.149,0.344,0.976,Normal free-flow traffic - standard signal timing maintained
EVT422779,2025-07-24 11:21:45,Local Market Day,J020,Malleshwaram Circle,3411,Weekday,False,Fog,False,0.0,False,False,0.348,Low,27.0,22.0,207.1,0.154,0.357,0.947,Moderate traffic flow - standard adaptive signal timing in effect
EVT422780,2026-04-16 10:18:17,Political Rally,J020,Malleshwaram Circle,14327,Weekday,False,Clear,False,0.0,False,False,0.772,Severe,18.0,51.4,194.2,0.111,0.257,0.957,Heavy congestion detected - signal timing extended and reroute suggested
EVT422781,2025-10-04 15:06:26,Trade Fair,J011,Indiranagar 100ft Road,5736,Weekend,False,Heavy Rain,True,31.5,False,False,0.689,High,16.7,43.5,350.0,0.186,0.429,0.945,Heavy rain reducing visibility and grip - reduced speed and longer buffer advised
EVT422782,2025-07-27 05:57:53,Concert,J031,Cubbon Road,9363,Weekend,False,Clear,False,0.0,False,False,0.315,Low,35.0,26.1,110.1,0.112,0.259,0.947,Moderate traffic flow - standard adaptive signal timing in effect
EVT422783,2026-05-31 13:04:33,Concert,J023,Basavanagudi,21323,Weekend,False,Fog,False,0.0,False,False,0.401,Moderate,25.6,25.5,264.9,0.195,0.45,0.963,Moderate traffic flow - standard adaptive signal timing in effect
EVT422784,2026-01-19 11:26:11,Sports Fixture,J040,City Market,13441,Weekday,False,Fog,False,0.0,False,False,0.355,Moderate,30.3,22.9,242.0,0.204,0.472,0.954,Moderate traffic flow - standard adaptive signal timing in effect
EVT422785,2025-12-15 10:00:46,Sports Fixture,J040,City Market,32261,Weekday,False,Clear,False,0.0,False,False,0.963,Severe,10.2,70.0,280.9,0.129,0.298,0.937,Heavy congestion detected - signal timing extended and reroute suggested
EVT422786,2025-06-17 13:47:47,Concert,J023,Basavanagudi,8132,Weekday,False,Clear,False,0.0,False,False,0.262,Low,34.5,15.8,137.4,0.132,0.304,0.935,Moderate traffic flow - standard adaptive signal timing in effect
EVT422787,2025-02-06 09:41:04,Concert,J012,Koramangala Sony World,13711,Weekday,False,Clear,False,0.0,False,False,0.936,Severe,11.4,63.1,567.8,0.246,0.567,0.916,Heavy congestion detected - signal timing extended and reroute suggested
EVT422788,2025-03-04 22:55:18,Political Rally,J012,Koramangala Sony World,12330,Weekday,False,Clear,False,0.0,False,False,0.268,Low,42.9,14.4,143.9,0.164,0.38,0.983,Moderate traffic flow - standard adaptive signal timing in effect
EVT422789,2025-05-24 16:37:04,Local Market Day,J020,Malleshwaram Circle,3269,Weekend,False,Fog,False,0.0,False,False,0.527,Moderate,23.5,39.3,181.6,0.132,0.305,0.969,Moderate traffic flow - standard adaptive signal timing in effect
EVT422790,2026-04-18 17:44:11,Political Rally,J030,MG Road,7645,Weekend,False,Clear,False,0.0,False,False,0.808,Severe,13.2,64.2,247.6,0.135,0.313,0.931,Heavy congestion detected - signal timing extended and reroute suggested
EVT422791,2025-08-22 10:53:57,Sports Fixture,J012,Koramangala Sony World,33195,Weekday,False,Clear,False,0.0,False,False,0.702,High,15.6,48.8,399.0,0.207,0.477,0.99,Moderate traffic flow - standard adaptive signal timing in effect
EVT422792,2026-05-16 20:24:00,Sports Fixture,J031,Cubbon Road,31069,Weekend,False,Clear,False,0.0,False,False,0.642,High,21.5,47.9,261.2,0.166,0.384,0.974,Moderate traffic flow - standard adaptive signal timing in effect
EVT422793,2025-12-06 17:38:45,Sports Fixture,J023,Basavanagudi,25023,Weekend,False,Clear,False,0.0,False,False,0.961,Severe,9.5,66.7,403.1,0.156,0.361,0.925,Heavy congestion detected - signal timing extended and reroute suggested
EVT422794,2025-06-04 11:49:11,Sports Fixture,J020,Malleshwaram Circle,23812,Weekday,False,Rain,True,13.9,False,False,0.556,High,20.1,40.5,337.1,0.195,0.452,0.935,Heavy rain reducing visibility and grip - reduced speed and longer buffer advised
EVT422795,2025-09-24 18:58:13,Trade Fair,J009,Majestic,17335,Weekday,False,Clear,False,0.0,False,False,1.0,Severe,6.4,74.7,855.9,0.241,0.556,0.918,Heavy congestion detected - signal timing extended and reroute suggested
EVT422796,2025-07-09 15:03:56,Concert,J023,Basavanagudi,10654,Weekday,False,Rain,True,21.0,False,False,0.573,High,26.3,41.9,211.7,0.162,0.375,0.924,Heavy rain reducing visibility and grip - reduced speed and longer buffer advised
EVT422797,2025-05-14 19:46:05,Local Market Day,J011,Indiranagar 100ft Road,4820,Weekday,False,Rain,True,16.7,False,False,0.982,Severe,9.4,70.0,444.7,0.18,0.416,0.895,Heavy rain reducing visibility and grip - reduced speed and longer buffer advised
EVT422798,2026-02-15 09:44:36,Trade Fair,J020,Malleshwaram Circle,7849,Weekend,False,Clear,False,0.0,False,False,0.811,Severe,16.2,57.4,231.2,0.13,0.3,0.955,Heavy congestion detected - signal timing extended and reroute suggested
EVT422799,2026-03-13 07:07:10,Sports Fixture,J020,Malleshwaram Circle,15283,Weekday,False,Clear,False,0.0,False,False,0.565,High,21.1,39.3,201.3,0.113,0.261,0.971,Moderate traffic flow - standard adaptive signal timing in effect
EVT422800,2026-01-01 07:53:14,Religious Festival,J040,City Market,57842,Weekday,True,Light Rain,True,2.2,False,False,1.0,Severe,9.4,64.6,649.4,0.231,0.534,0.833,Festival crowd surge detected - alternate route and extended cycle recommended
EVT422801,2026-02-15 18:23:50,Trade Fair,J023,Basavanagudi,9897,Weekend,False,Clear,False,0.0,False,False,0.863,Severe,13.7,65.5,326.1,0.163,0.377,0.926,Heavy congestion detected - signal timing extended and reroute suggested
EVT422802,2026-05-26 09:01:07,Trade Fair,J020,Malleshwaram Circle,8756,Weekday,False,Clear,False,0.0,False,False,1.0,Severe,8.8,71.8,196.7,0.079,0.183,0.931,Heavy congestion detected - signal timing extended and reroute suggested
EVT422803,2025-07-27 19:53:31,Local Market Day,J012,Koramangala Sony World,5984,Weekend,False,Clear,False,0.0,False,False,0.723,High,19.0,53.0,214.5,0.141,0.327,0.959,Moderate traffic flow - standard adaptive signal timing in effect
EVT422804,2026-05-03 06:12:40,Local Market Day,J012,Koramangala Sony World,3601,Weekend,False,Clear,False,0.0,False,False,0.259,Low,28.8,13.8,133.0,0.115,0.265,0.967,Moderate traffic flow - standard adaptive signal timing in effect
EVT422805,2025-01-31 17:53:04,Concert,J030,MG Road,8170,Weekday,False,Clear,False,0.0,False,False,0.937,Severe,11.7,66.3,392.9,0.176,0.407,0.936,Heavy congestion detected - signal timing extended and reroute suggested
EVT422806,2025-02-07 08:27:49,Local Market Day,J011,Indiranagar 100ft Road,4689,Weekday,False,Clear,False,0.0,False,False,0.963,Severe,10.1,74.8,339.7,0.114,0.263,0.934,Heavy congestion detected - signal timing extended and reroute suggested
EVT422807,2026-06-18 08:51:14,Local Market Day,J031,Cubbon Road,5919,Weekday,False,Rain,True,16.3,False,False,1.0,Severe,7.9,71.6,515.3,0.157,0.364,0.876,Heavy rain reducing visibility and grip - reduced speed and longer buffer advised
EVT422808,2025-06-29 06:32:03,Concert,J040,City Market,19164,Weekend,False,Heavy Rain,True,31.0,False,False,0.711,High,20.4,54.0,333.4,0.204,0.472,0.922,Heavy rain reducing visibility and grip - reduced speed and longer buffer advised
EVT422809,2026-01-08 07:52:28,Local Market Day,J030,MG Road,4736,Weekday,False,Clear,False,0.0,False,False,0.711,High,18.9,46.9,259.2,0.162,0.374,0.96,Moderate traffic flow - standard adaptive signal timing in effect
EVT422810,2026-01-04 07:13:10,Political Rally,J023,Basavanagudi,14101,Weekend,False,Clear,False,0.0,False,False,0.625,High,23.7,38.7,327.7,0.245,0.565,0.962,Moderate traffic flow - standard adaptive signal timing in effect
EVT422811,2025-12-24 15:16:20,Concert,J012,Koramangala Sony World,10647,Weekday,False,Clear,False,0.0,False,False,0.387,Moderate,23.5,28.4,190.1,0.132,0.304,0.963,Moderate traffic flow - standard adaptive signal timing in effect
EVT422812,2026-01-28 19:52:52,Sports Fixture,J040,City Market,12519,Weekday,False,Clear,False,0.0,False,False,0.739,High,16.5,52.0,216.8,0.123,0.284,0.988,Moderate traffic flow - standard adaptive signal timing in effect
EVT422813,2026-01-30 19:52:26,Local Market Day,J009,Majestic,4122,Weekday,False,Clear,False,0.0,False,False,0.883,Severe,9.4,62.3,548.7,0.202,0.466,0.937,Heavy congestion detected - signal timing extended and reroute suggested
EVT422814,2025-07-03 15:04:17,Sports Fixture,J020,Malleshwaram Circle,39687,Weekday,False,Clear,False,0.0,False,False,0.535,Moderate,20.6,34.9,345.9,0.206,0.475,0.943,Moderate traffic flow - standard adaptive signal timing in effect
EVT422815,2025-03-11 17:02:31,Sports Fixture,J040,City Market,25984,Weekday,False,Light Rain,True,3.2,False,False,0.9,Severe,12.1,70.6,438.3,0.216,0.499,0.903,Heavy rain reducing visibility and grip - reduced speed and longer buffer advised
EVT422816,2025-04-04 06:41:56,Local Market Day,J040,City Market,3045,Weekday,False,Clear,False,0.0,False,False,0.37,Moderate,36.2,33.0,128.6,0.115,0.266,0.953,Moderate traffic flow - standard adaptive signal timing in effect
EVT422817,2025-09-04 17:12:28,Concert,J023,Basavanagudi,10970,Weekday,False,Clear,False,0.0,False,False,0.806,Severe,13.0,59.2,381.5,0.178,0.412,0.95,Heavy congestion detected - signal timing extended and reroute suggested
EVT422818,2026-02-21 15:55:55,Concert,J009,Majestic,10453,Weekend,False,Clear,False,0.0,False,False,0.444,Moderate,24.6,30.9,207.2,0.162,0.375,0.96,Moderate traffic flow - standard adaptive signal timing in effect
EVT422819,2025-07-01 20:33:25,Trade Fair,J020,Malleshwaram Circle,6174,Weekday,False,Clear,False,0.0,False,False,0.605,High,21.0,42.3,188.5,0.139,0.321,0.971,Moderate traffic flow - standard adaptive signal timing in effect
EVT422820,2025-05-03 21:50:06,Local Market Day,J009,Majestic,3564,Weekend,False,Clear,False,0.0,False,False,0.344,Low,33.4,25.5,119.3,0.094,0.217,0.985,Moderate traffic flow - standard adaptive signal timing in effect
EVT422821,2025-07-05 09:50:27,Political Rally,J011,Indiranagar 100ft Road,18152,Weekend,False,Clear,False,0.0,False,False,0.876,Severe,14.5,57.2,393.7,0.208,0.479,0.94,Heavy congestion detected - signal timing extended and reroute suggested
EVT422822,2025-05-03 13:18:42,Trade Fair,J012,Koramangala Sony World,10923,Weekend,False,Clear,False,0.0,False,False,0.372,Moderate,29.2,27.4,86.7,0.052,0.12,0.968,Moderate traffic flow - standard adaptive signal timing in effect
EVT422823,2026-04-28 12:07:03,Political Rally,J011,Indiranagar 100ft Road,10019,Weekday,False,Clear,False,0.0,False,False,0.217,Low,33.8,19.0,192.6,0.179,0.414,0.952,Normal free-flow traffic - standard signal timing maintained
EVT422824,2025-05-07 17:33:16,Trade Fair,J023,Basavanagudi,10456,Weekday,False,Clear,False,0.0,False,False,0.862,Severe,15.1,55.1,226.6,0.142,0.327,0.958,Heavy congestion detected - signal timing extended and reroute suggested
EVT422825,2026-04-11 17:24:32,Concert,J012,Koramangala Sony World,12766,Weekend,False,Clear,False,0.0,False,False,0.796,Severe,14.9,60.6,260.9,0.148,0.342,0.962,Heavy congestion detected - signal timing extended and reroute suggested
EVT422826,2025-12-20 09:25:07,Local Market Day,J023,Basavanagudi,1622,Weekend,False,Clear,False,0.0,False,False,0.842,Severe,12.9,54.1,423.6,0.209,0.483,0.927,Heavy congestion detected - signal timing extended and reroute suggested
EVT422827,2025-08-04 12:25:44,Local Market Day,J030,MG Road,3347,Weekday,False,Clear,False,0.0,False,False,0.139,Low,37.9,7.4,77.5,0.059,0.136,0.971,Normal free-flow traffic - standard signal timing maintained
EVT422828,2025-01-21 14:08:48,Trade Fair,J012,Koramangala Sony World,11644,Weekday,False,Clear,False,0.0,False,False,0.149,Low,40.9,7.8,91.6,0.093,0.214,0.967,Normal free-flow traffic - standard signal timing maintained
EVT422829,2025-05-25 12:08:18,Concert,J040,City Market,17109,Weekend,False,Fog,False,0.0,False,False,0.303,Low,30.5,25.5,145.3,0.117,0.27,0.974,Moderate traffic flow - standard adaptive signal timing in effect
EVT422830,2026-05-19 17:35:05,Sports Fixture,J030,MG Road,61419,Weekday,False,Clear,False,0.0,False,False,1.0,Severe,11.5,74.6,608.6,0.27,0.624,0.911,Heavy congestion detected - signal timing extended and reroute suggested
EVT422831,2025-10-23 08:39:55,Local Market Day,J011,Indiranagar 100ft Road,5256,Weekday,False,Fog,False,0.0,False,False,0.983,Severe,11.2,75.1,448.7,0.212,0.49,0.906,Heavy congestion detected - signal timing extended and reroute suggested
EVT422832,2025-08-23 10:59:26,Concert,J020,Malleshwaram Circle,8393,Weekend,False,Clear,False,0.0,False,False,0.437,Moderate,18.6,32.8,258.4,0.144,0.332,0.952,Moderate traffic flow - standard adaptive signal timing in effect
EVT422833,2026-01-18 18:04:04,Local Market Day,J011,Indiranagar 100ft Road,3080,Weekend,False,Clear,False,0.0,False,False,0.853,Severe,12.1,61.7,618.8,0.244,0.563,0.908,Heavy congestion detected - signal timing extended and reroute suggested
EVT422834,2025-06-02 14:50:51,Trade Fair,J012,Koramangala Sony World,6947,Weekday,False,Clear,False,0.0,False,False,0.309,Low,27.5,25.1,153.5,0.129,0.297,0.963,Moderate traffic flow - standard adaptive signal timing in effect
EVT422835,2025-03-04 12:09:49,Local Market Day,J023,Basavanagudi,3206,Weekday,False,Clear,False,0.0,False,False,0.214,Low,36.2,15.0,180.9,0.136,0.314,0.959,Normal free-flow traffic - standard signal timing maintained
EVT422836,2025-11-12 13:25:55,Local Market Day,J030,MG Road,2732,Weekday,False,Clear,False,0.0,True,False,0.586,High,22.5,42.1,330.6,0.223,0.516,0.807,Accident detected nearby - reroute and reduced speed advised
EVT422837,2025-07-03 14:19:18,Concert,J020,Malleshwaram Circle,8426,Weekday,False,Clear,False,0.0,False,False,0.262,Low,33.7,14.1,94.6,0.073,0.168,0.99,Moderate traffic flow - standard adaptive signal timing in effect
EVT422838,2025-07-27 12:26:34,Concert,J012,Koramangala Sony World,15437,Weekend,False,Rain,True,11.2,False,False,0.422,Moderate,24.7,32.2,111.4,0.078,0.18,0.912,Light rain detected - minor speed reduction advised
EVT422839,2026-03-22 00:55:06,Trade Fair,J030,MG Road,14559,Weekend,False,Fog,False,0.0,False,False,0.344,Low,30.4,26.0,192.4,0.151,0.35,0.959,Moderate traffic flow - standard adaptive signal timing in effect
EVT422840,2025-05-12 08:25:55,Concert,J030,MG Road,9378,Weekday,False,Clear,False,0.0,False,False,0.818,Severe,11.6,59.1,486.5,0.2,0.462,0.945,Heavy congestion detected - signal timing extended and reroute suggested
EVT422841,2025-03-13 07:15:49,Trade Fair,J011,Indiranagar 100ft Road,5267,Weekday,False,Clear,False,0.0,False,False,0.533,Moderate,25.7,36.4,130.4,0.1,0.23,0.972,Moderate traffic flow - standard adaptive signal timing in effect
EVT422842,2025-02-20 18:32:57,Concert,J020,Malleshwaram Circle,9557,Weekday,False,Clear,False,0.0,False,False,0.988,Severe,8.5,72.5,639.3,0.229,0.53,0.928,Heavy congestion detected - signal timing extended and reroute suggested
EVT422843,2026-01-08 21:29:24,Concert,J030,MG Road,10458,Weekday,False,Clear,False,0.0,False,False,0.418,Moderate,22.5,34.4,233.7,0.159,0.367,0.933,Moderate traffic flow - standard adaptive signal timing in effect
EVT422844,2025-11-21 05:43:30,Trade Fair,J012,Koramangala Sony World,9947,Weekday,False,Rain,True,15.6,False,False,0.503,Moderate,21.7,40.7,289.2,0.202,0.468,0.915,Light rain detected - minor speed reduction advised
EVT422845,2026-01-26 09:21:17,Cultural Procession,J031,Cubbon Road,14091,Weekday,True,Clear,False,0.0,False,False,1.0,Severe,9.8,73.4,663.1,0.268,0.619,0.859,Festival crowd surge detected - alternate route and extended cycle recommended
EVT422846,2026-02-16 17:35:28,Sports Fixture,J011,Indiranagar 100ft Road,19001,Weekday,False,Light Rain,True,1.9,False,False,1.0,Severe,8.5,77.7,535.0,0.187,0.432,0.866,Heavy rain reducing visibility and grip - reduced speed and longer buffer advised
EVT422847,2026-06-21 22:05:14,Concert,J031,Cubbon Road,13150,Weekend,False,Rain,True,7.8,False,False,0.451,Moderate,25.2,31.4,130.1,0.101,0.234,0.969,Light rain detected - minor speed reduction advised
EVT422848,2025-04-24 17:25:06,Local Market Day,J012,Koramangala Sony World,2365,Weekday,False,Clear,False,0.0,False,False,0.75,High,20.7,52.9,136.0,0.093,0.215,0.944,Moderate traffic flow - standard adaptive signal timing in effect
EVT422849,2025-05-30 07:05:41,Local Market Day,J031,Cubbon Road,5123,Weekday,False,Clear,False,0.0,False,False,0.5,Moderate,25.8,36.3,208.2,0.172,0.397,0.933,Moderate traffic flow - standard adaptive signal timing in effect
EVT422850,2026-02-19 08:54:38,Sports Fixture,J012,Koramangala Sony World,18356,Weekday,False,Clear,False,0.0,False,False,1.0,Severe,9.6,68.1,421.1,0.156,0.361,0.884,Heavy congestion detected - signal timing extended and reroute suggested
EVT422851,2025-06-28 02:11:05,Trade Fair,J030,MG Road,10559,Weekend,False,Heavy Rain,True,34.6,False,False,0.591,High,20.8,40.5,271.8,0.179,0.414,0.932,Heavy rain reducing visibility and grip - reduced speed and longer buffer advised
EVT422852,2025-12-16 17:53:19,Local Market Day,J030,MG Road,6286,Weekday,False,Clear,False,0.0,False,False,0.917,Severe,10.9,67.0,276.3,0.137,0.316,0.912,Heavy congestion detected - signal timing extended and reroute suggested
EVT422853,2025-04-15 19:42:38,Religious Festival,J030,MG Road,56490,Weekday,True,Rain,True,11.0,False,False,1.0,Severe,7.1,72.9,896.6,0.253,0.584,0.798,Festival crowd surge detected - alternate route and extended cycle recommended
EVT422854,2025-04-15 10:11:44,Religious Festival,J030,MG Road,62236,Weekday,True,Clear,False,0.0,False,True,1.0,Severe,7.2,97.6,561.8,0.183,0.423,0.83,Road closure for event/procession - full detour recommended for through-traffic
EVT422855,2025-10-11 20:14:18,Concert,J012,Koramangala Sony World,13910,Weekend,False,Rain,True,11.5,False,False,0.762,Severe,17.8,58.1,332.6,0.215,0.496,0.927,Heavy rain reducing visibility and grip - reduced speed and longer buffer advised
EVT422856,2025-02-03 13:19:06,Political Rally,J023,Basavanagudi,19976,Weekday,False,Clear,False,0.0,False,False,0.224,Low,36.0,12.8,185.8,0.178,0.412,0.943,Normal free-flow traffic - standard signal timing maintained
EVT422857,2025-05-25 18:47:33,Trade Fair,J009,Majestic,9879,Weekend,False,Clear,False,0.0,False,False,0.968,Severe,10.0,72.7,290.4,0.135,0.313,0.909,Heavy congestion detected - signal timing extended and reroute suggested
EVT422858,2025-01-21 12:43:33,Sports Fixture,J023,Basavanagudi,20183,Weekday,False,Clear,False,0.0,False,False,0.34,Low,31.7,20.7,145.4,0.141,0.325,0.967,Moderate traffic flow - standard adaptive signal timing in effect
EVT422859,2026-03-01 21:23:27,Concert,J011,Indiranagar 100ft Road,17628,Weekend,False,Clear,False,0.0,False,False,0.438,Moderate,29.5,30.6,244.5,0.184,0.424,0.968,Moderate traffic flow - standard adaptive signal timing in effect
EVT422860,2025-12-29 11:26:02,Sports Fixture,J040,City Market,37919,Weekday,False,Fog,False,0.0,False,False,0.588,High,26.5,32.6,238.2,0.193,0.446,0.99,Moderate traffic flow - standard adaptive signal timing in effect
EVT422861,2025-01-01 17:15:03,Concert,J020,Malleshwaram Circle,9732,Weekday,False,Clear,False,0.0,False,False,0.895,Severe,15.7,64.8,292.2,0.185,0.427,0.921,Heavy congestion detected - signal timing extended and reroute suggested
EVT422862,2025-03-11 09:28:54,Political Rally,J023,Basavanagudi,7559,Weekday,False,Clear,False,0.0,False,False,0.971,Severe,8.9,63.5,654.1,0.254,0.587,0.928,Heavy congestion detected - signal timing extended and reroute suggested
EVT422863,2025-07-18 13:59:01,Concert,J040,City Market,16134,Weekday,False,Clear,False,0.0,False,False,0.218,Low,35.0,10.5,124.9,0.104,0.241,0.945,Normal free-flow traffic - standard signal timing maintained
EVT422864,2026-03-10 12:06:22,Sports Fixture,J009,Majestic,33926,Weekday,False,Clear,False,0.0,False,False,0.405,Moderate,30.5,39.6,181.8,0.157,0.363,0.957,Moderate traffic flow - standard adaptive signal timing in effect
EVT422865,2025-04-03 13:14:18,Trade Fair,J030,MG Road,7671,Weekday,False,Clear,False,0.0,False,False,0.201,Low,35.5,12.9,55.6,0.034,0.078,0.96,Normal free-flow traffic - standard signal timing maintained
EVT422866,2026-06-04 07:09:07,Sports Fixture,J040,City Market,13088,Weekday,False,Heavy Rain,True,34.2,False,False,0.882,Severe,10.3,59.9,523.4,0.211,0.488,0.885,Heavy rain reducing visibility and grip - reduced speed and longer buffer advised
EVT422867,2025-01-05 22:03:52,Local Market Day,J011,Indiranagar 100ft Road,2758,Weekend,False,Clear,False,0.0,False,False,0.234,Low,20.1,15.4,166.5,0.06,0.14,0.979,Normal free-flow traffic - standard signal timing maintained
EVT422868,2025-03-15 10:28:54,Religious Festival,J020,Malleshwaram Circle,57925,Weekend,True,Clear,False,0.0,False,True,1.0,Severe,8.1,100.9,840.7,0.298,0.688,0.851,Road closure for event/procession - full detour recommended for through-traffic
EVT422869,2025-07-20 20:59:54,Concert,J031,Cubbon Road,20951,Weekend,False,Clear,False,0.0,False,False,0.474,Moderate,23.3,30.6,266.2,0.198,0.458,0.956,Moderate traffic flow - standard adaptive signal timing in effect
EVT422870,2025-07-08 10:23:58,Political Rally,J009,Majestic,7047,Weekday,False,Rain,True,16.9,False,False,0.882,Severe,11.3,57.5,357.5,0.168,0.389,0.871,Heavy rain reducing visibility and grip - reduced speed and longer buffer advised
EVT422871,2026-06-18 14:33:31,Concert,J030,MG Road,11245,Weekday,False,Light Rain,True,4.2,False,False,0.312,Low,35.6,26.7,141.9,0.15,0.345,0.944,Light rain detected - minor speed reduction advised
EVT422872,2025-07-10 14:23:35,Local Market Day,J012,Koramangala Sony World,3818,Weekday,False,Clear,False,0.0,False,False,0.137,Low,30.9,4.4,220.8,0.159,0.368,0.98,Normal free-flow traffic - standard signal timing maintained
EVT422873,2025-12-30 11:11:50,Sports Fixture,J012,Koramangala Sony World,35030,Weekday,False,Clear,False,0.0,False,False,0.564,High,23.6,38.1,206.9,0.153,0.355,0.967,Moderate traffic flow - standard adaptive signal timing in effect
EVT422874,2026-01-12 09:24:55,Trade Fair,J011,Indiranagar 100ft Road,7689,Weekday,False,Clear,False,0.0,False,False,1.0,Severe,8.5,65.6,661.4,0.205,0.473,0.913,Heavy congestion detected - signal timing extended and reroute suggested
EVT422875,2025-10-04 08:35:33,Sports Fixture,J009,Majestic,24522,Weekend,False,Clear,False,0.0,False,False,0.95,Severe,8.2,63.9,500.6,0.164,0.378,0.908,Heavy congestion detected - signal timing extended and reroute suggested
EVT422876,2026-05-09 09:58:39,Local Market Day,J040,City Market,3545,Weekend,False,Clear,False,0.0,False,False,0.692,High,17.7,46.0,343.2,0.198,0.458,0.97,Moderate traffic flow - standard adaptive signal timing in effect
EVT422877,2025-10-12 19:15:26,Sports Fixture,J031,Cubbon Road,14915,Weekend,False,Clear,False,0.0,False,False,0.877,Severe,11.1,62.2,285.1,0.129,0.298,0.967,Heavy congestion detected - signal timing extended and reroute suggested
EVT422878,2026-02-12 17:21:53,Local Market Day,J020,Malleshwaram Circle,2207,Weekday,False,Clear,False,0.0,False,False,0.794,Severe,17.8,58.0,350.3,0.237,0.547,0.932,Heavy congestion detected - signal timing extended and reroute suggested
EVT422879,2025-06-16 16:04:02,Sports Fixture,J020,Malleshwaram Circle,25785,Weekday,False,Heavy Rain,True,33.9,False,False,0.895,Severe,12.6,63.1,290.8,0.158,0.364,0.869,Heavy rain reducing visibility and grip - reduced speed and longer buffer advised
EVT422880,2025-03-20 07:21:02,Sports Fixture,J030,MG Road,36853,Weekday,False,Clear,False,0.0,False,False,0.781,Severe,15.2,60.0,344.2,0.208,0.481,0.963,Heavy congestion detected - signal timing extended and reroute suggested
EVT422881,2025-01-12 14:54:58,Concert,J031,Cubbon Road,13512,Weekend,False,Clear,False,0.0,False,False,0.364,Moderate,41.4,28.8,83.5,0.089,0.206,0.941,Moderate traffic flow - standard adaptive signal timing in effect
EVT422882,2025-08-18 17:53:30,Political Rally,J031,Cubbon Road,8395,Weekday,False,Clear,False,0.0,False,False,1.0,Severe,8.2,67.3,568.2,0.205,0.474,0.915,Heavy congestion detected - signal timing extended and reroute suggested
EVT422883,2025-06-18 09:12:17,Political Rally,J011,Indiranagar 100ft Road,17657,Weekday,False,Clear,False,0.0,False,False,1.0,Severe,7.5,71.2,649.6,0.206,0.476,0.938,Heavy congestion detected - signal timing extended and reroute suggested
EVT422884,2025-03-17 19:42:07,Political Rally,J040,City Market,21699,Weekday,False,Clear,False,0.0,False,False,0.909,Severe,13.7,60.8,212.3,0.106,0.245,0.943,Heavy congestion detected - signal timing extended and reroute suggested
EVT422885,2026-01-16 08:09:10,Sports Fixture,J011,Indiranagar 100ft Road,18148,Weekday,False,Clear,False,0.0,False,False,0.993,Severe,8.8,65.8,472.3,0.178,0.412,0.905,Heavy congestion detected - signal timing extended and reroute suggested
EVT422886,2025-09-12 20:26:35,Sports Fixture,J030,MG Road,25672,Weekday,False,Clear,False,0.0,False,False,0.726,High,19.4,52.3,191.6,0.123,0.283,0.948,Moderate traffic flow - standard adaptive signal timing in effect
EVT422887,2025-07-15 08:53:49,Local Market Day,J040,City Market,3383,Weekday,False,Clear,False,0.0,False,False,0.996,Severe,8.3,70.4,503.3,0.186,0.429,0.913,Heavy congestion detected - signal timing extended and reroute suggested
EVT422888,2026-02-16 17:14:00,Trade Fair,J009,Majestic,5299,Weekday,False,Clear,False,0.0,False,False,0.92,Severe,12.0,67.2,441.5,0.185,0.427,0.937,Heavy congestion detected - signal timing extended and reroute suggested
EVT422889,2025-01-14 09:51:37,Religious Festival,J030,MG Road,59923,Weekday,True,Clear,False,0.0,False,False,1.0,Severe,7.9,75.5,741.9,0.244,0.564,0.861,Festival crowd surge detected - alternate route and extended cycle recommended
EVT422890,2026-06-16 08:34:47,Concert,J023,Basavanagudi,13420,Weekday,False,Clear,False,0.0,False,False,0.923,Severe,10.5,69.7,399.7,0.157,0.362,0.943,Heavy congestion detected - signal timing extended and reroute suggested
EVT422891,2025-06-13 17:07:01,Local Market Day,J031,Cubbon Road,3289,Weekday,False,Heavy Rain,True,32.7,False,False,0.937,Severe,9.5,70.5,293.0,0.137,0.316,0.891,Heavy rain reducing visibility and grip - reduced speed and longer buffer advised
EVT422892,2025-01-06 14:29:22,Local Market Day,J011,Indiranagar 100ft Road,3152,Weekday,False,Clear,False,0.0,False,False,0.096,Low,32.4,8.1,81.6,0.073,0.169,0.963,Normal free-flow traffic - standard signal timing maintained
EVT422893,2025-12-07 07:46:56,Trade Fair,J009,Majestic,15634,Weekend,False,Light Rain,True,2.5,False,False,0.774,Severe,18.5,60.1,307.5,0.187,0.432,0.925,Heavy rain reducing visibility and grip - reduced speed and longer buffer advised
EVT422894,2025-03-16 17:17:39,Local Market Day,J012,Koramangala Sony World,6232,Weekend,False,Clear,False,0.0,False,False,0.737,High,17.2,53.2,228.1,0.119,0.274,0.949,Moderate traffic flow - standard adaptive signal timing in effect
EVT422895,2026-04-17 11:29:00,Trade Fair,J009,Majestic,9421,Weekday,False,Clear,False,0.0,False,False,0.345,Low,33.7,26.0,109.5,0.116,0.269,0.97,Moderate traffic flow - standard adaptive signal timing in effect
EVT422896,2025-05-04 16:42:56,Local Market Day,J012,Koramangala Sony World,4776,Weekend,False,Light Rain,True,6.1,False,False,0.713,High,18.0,48.8,271.1,0.18,0.416,0.916,Heavy rain reducing visibility and grip - reduced speed and longer buffer advised
EVT422897,2026-06-04 15:06:26,Concert,J020,Malleshwaram Circle,10976,Weekday,False,Clear,False,0.0,False,False,0.271,Low,36.1,23.2,111.0,0.091,0.209,0.95,Moderate traffic flow - standard adaptive signal timing in effect
EVT422898,2026-03-28 07:23:31,Trade Fair,J012,Koramangala Sony World,6293,Weekend,False,Rain,True,13.1,False,False,0.736,High,14.5,53.6,307.8,0.16,0.369,0.931,Heavy rain reducing visibility and grip - reduced speed and longer buffer advised
EVT422899,2026-03-13 21:36:06,Political Rally,J011,Indiranagar 100ft Road,15034,Weekday,False,Clear,False,0.0,False,False,0.344,Low,28.4,23.9,89.8,0.067,0.154,0.944,Moderate traffic flow - standard adaptive signal timing in effect
EVT422900,2025-10-23 06:27:20,Concert,J020,Malleshwaram Circle,17308,Weekday,False,Rain,True,13.0,False,False,0.546,Moderate,26.6,35.3,179.5,0.139,0.32,0.912,Light rain detected - minor speed reduction advised
EVT422901,2025-02-14 13:13:28,Trade Fair,J020,Malleshwaram Circle,6195,Weekday,False,Rain,True,16.7,False,False,0.348,Low,29.7,21.1,75.0,0.061,0.142,0.939,Light rain detected - minor speed reduction advised
EVT422902,2025-05-29 07:35:40,Trade Fair,J030,MG Road,9041,Weekday,False,Clear,False,0.0,False,False,0.62,High,19.1,45.1,266.5,0.18,0.416,0.96,Moderate traffic flow - standard adaptive signal timing in effect
EVT422903,2025-12-04 07:49:24,Political Rally,J009,Majestic,15711,Weekday,False,Clear,False,0.0,False,False,0.791,Severe,16.7,60.0,259.3,0.141,0.325,0.951,Heavy congestion detected - signal timing extended and reroute suggested
EVT422904,2025-02-18 08:56:08,Concert,J023,Basavanagudi,17626,Weekday,False,Clear,False,0.0,False,False,1.0,Severe,8.0,72.3,333.6,0.123,0.284,0.961,Heavy congestion detected - signal timing extended and reroute suggested
EVT422905,2025-07-25 12:28:53,Local Market Day,J040,City Market,3302,Weekday,False,Clear,False,0.0,False,False,0.169,Low,44.4,11.4,115.7,0.119,0.275,0.973,Normal free-flow traffic - standard signal timing maintained
EVT422906,2026-04-07 08:08:13,Local Market Day,J012,Koramangala Sony World,5719,Weekday,False,Clear,False,0.0,False,False,0.863,Severe,11.9,63.6,432.8,0.218,0.503,0.936,Heavy congestion detected - signal timing extended and reroute suggested
EVT422907,2026-04-30 18:25:32,Trade Fair,J012,Koramangala Sony World,10350,Weekday,False,Clear,False,0.0,False,False,1.0,Severe,11.5,65.8,469.2,0.229,0.528,0.911,Heavy congestion detected - signal timing extended and reroute suggested
EVT422908,2025-02-07 17:29:58,Trade Fair,J009,Majestic,10856,Weekday,False,Clear,False,0.0,False,False,0.919,Severe,10.2,66.0,471.1,0.185,0.427,0.946,Heavy congestion detected - signal timing extended and reroute suggested
EVT422909,2025-08-31 12:41:04,Local Market Day,J023,Basavanagudi,5534,Weekend,False,Clear,False,0.0,False,False,0.244,Low,22.9,23.5,174.4,0.1,0.232,0.966,Normal free-flow traffic - standard signal timing maintained
EVT422910,2026-03-14 08:41:21,Sports Fixture,J011,Indiranagar 100ft Road,26060,Weekend,False,Clear,False,0.0,False,False,0.925,Severe,11.6,67.5,625.2,0.256,0.592,0.926,Heavy congestion detected - signal timing extended and reroute suggested
EVT422911,2025-09-27 17:21:04,Concert,J011,Indiranagar 100ft Road,24355,Weekend,False,Heavy Rain,True,26.6,False,False,1.0,Severe,8.6,71.2,439.2,0.169,0.391,0.882,Heavy rain reducing visibility and grip - reduced speed and longer buffer advised
EVT422912,2025-09-15 08:01:45,Sports Fixture,J020,Malleshwaram Circle,18194,Weekday,False,Clear,False,0.0,False,False,0.891,Severe,10.2,62.9,496.4,0.207,0.478,0.92,Heavy congestion detected - signal timing extended and reroute suggested
EVT422913,2025-01-14 21:27:37,Religious Festival,J023,Basavanagudi,33229,Weekday,True,Clear,False,0.0,False,True,0.884,High,10.1,88.7,639.3,0.256,0.592,0.863,Road closure for event/procession - full detour recommended for through-traffic
EVT422914,2026-01-24 16:27:43,Local Market Day,J031,Cubbon Road,4852,Weekend,False,Clear,False,0.0,False,False,0.569,High,22.1,43.4,247.5,0.165,0.382,0.952,Moderate traffic flow - standard adaptive signal timing in effect
EVT422915,2025-05-25 17:11:51,Local Market Day,J009,Majestic,3073,Weekend,False,Light Rain,True,6.3,False,False,0.747,High,18.4,49.1,242.6,0.161,0.373,0.943,Heavy rain reducing visibility and grip - reduced speed and longer buffer advised
EVT422916,2025-09-11 10:03:05,Local Market Day,J031,Cubbon Road,2123,Weekday,False,Clear,False,0.0,False,False,0.738,High,17.7,51.0,458.4,0.247,0.571,0.958,Moderate traffic flow - standard adaptive signal timing in effect
EVT422917,2026-04-21 09:22:18,Concert,J012,Koramangala Sony World,8733,Weekday,False,Clear,False,0.0,False,False,0.951,Severe,11.6,68.4,564.0,0.259,0.599,0.888,Heavy congestion detected - signal timing extended and reroute suggested
EVT422918,2026-01-24 16:22:46,Concert,J030,MG Road,9647,Weekend,False,Clear,False,0.0,False,False,0.54,Moderate,22.7,35.9,338.6,0.25,0.578,0.973,Moderate traffic flow - standard adaptive signal timing in effect
EVT422919,2025-04-28 22:50:45,Local Market Day,J012,Koramangala Sony World,2886,Weekday,False,Clear,False,0.0,False,False,0.129,Low,31.8,11.1,104.4,0.09,0.209,0.949,Normal free-flow traffic - standard signal timing maintained
EVT422920,2026-06-26 15:54:07,Trade Fair,J011,Indiranagar 100ft Road,3448,Weekday,False,Clear,False,0.0,False,False,0.34,Low,31.6,22.7,100.6,0.085,0.197,0.96,Moderate traffic flow - standard adaptive signal timing in effect
EVT422921,2026-06-16 21:20:30,Sports Fixture,J012,Koramangala Sony World,14944,Weekday,False,Clear,False,0.0,False,False,0.407,Moderate,25.6,32.0,306.7,0.216,0.498,0.94,Moderate traffic flow - standard adaptive signal timing in effect
EVT422922,2025-06-16 09:28:32,Local Market Day,J012,Koramangala Sony World,5977,Weekday,False,Clear,False,0.0,False,False,0.997,Severe,8.4,71.7,606.1,0.188,0.435,0.903,Heavy congestion detected - signal timing extended and reroute suggested
EVT422923,2025-11-18 19:14:36,Concert,J023,Basavanagudi,10600,Weekday,False,Clear,False,0.0,False,False,0.9,Severe,10.8,64.9,450.4,0.186,0.429,0.936,Heavy congestion detected - signal timing extended and reroute suggested
EVT422924,2025-02-24 17:34:48,Concert,J040,City Market,18999,Weekday,False,Clear,False,0.0,False,False,0.958,Severe,9.4,69.8,437.2,0.165,0.382,0.91,Heavy congestion detected - signal timing extended and reroute suggested
EVT422925,2025-02-24 20:50:17,Sports Fixture,J023,Basavanagudi,20249,Weekday,False,Clear,False,0.0,False,False,0.532,Moderate,22.3,38.5,339.0,0.223,0.514,0.953,Moderate traffic flow - standard adaptive signal timing in effect
EVT422926,2026-02-13 08:49:53,Political Rally,J011,Indiranagar 100ft Road,17453,Weekday,False,Clear,False,0.0,False,False,1.0,Severe,10.6,73.9,695.1,0.301,0.694,0.937,Heavy congestion detected - signal timing extended and reroute suggested
EVT422927,2025-09-10 14:40:37,Political Rally,J009,Majestic,14023,Weekday,False,Clear,False,0.0,False,False,0.254,Low,27.8,16.6,148.8,0.097,0.225,0.982,Moderate traffic flow - standard adaptive signal timing in effect
EVT422928,2025-10-25 08:33:31,Trade Fair,J009,Majestic,8993,Weekend,False,Clear,False,0.0,False,False,0.881,Severe,13.8,67.5,178.2,0.078,0.181,0.923,Heavy congestion detected - signal timing extended and reroute suggested
EVT422929,2025-01-05 15:20:18,Trade Fair,J040,City Market,8888,Weekend,False,Clear,False,0.0,False,False,0.367,Moderate,24.8,22.3,164.8,0.109,0.251,0.966,Moderate traffic flow - standard adaptive signal timing in effect
EVT422930,2025-06-08 06:10:01,Local Market Day,J011,Indiranagar 100ft Road,7466,Weekend,False,Rain,True,20.0,False,False,0.531,Moderate,26.9,34.0,190.5,0.143,0.33,0.911,Light rain detected - minor speed reduction advised
EVT422931,2025-02-23 16:42:42,Local Market Day,J009,Majestic,3529,Weekend,False,Light Rain,True,7.3,False,False,0.677,High,20.4,52.2,233.9,0.153,0.354,0.923,Heavy rain reducing visibility and grip - reduced speed and longer buffer advised
EVT422932,2025-03-29 19:20:56,Local Market Day,J023,Basavanagudi,4248,Weekend,False,Clear,False,0.0,False,False,0.709,High,22.4,55.0,276.9,0.206,0.475,0.962,Moderate traffic flow - standard adaptive signal timing in effect
EVT422933,2025-05-01 13:15:40,Religious Festival,J009,Majestic,43956,Weekday,True,Clear,False,0.0,False,False,0.625,High,21.9,43.8,175.8,0.115,0.265,0.913,Festival crowd surge detected - alternate route and extended cycle recommended
EVT422934,2026-05-29 01:45:51,Concert,J020,Malleshwaram Circle,12531,Weekday,False,Clear,False,0.0,False,False,0.261,Low,33.1,22.5,237.6,0.189,0.437,0.944,Moderate traffic flow - standard adaptive signal timing in effect
EVT422935,2025-11-14 18:24:36,Trade Fair,J009,Majestic,10264,Weekday,False,Clear,False,0.0,False,False,1.0,Severe,8.0,73.0,666.3,0.232,0.536,0.918,Heavy congestion detected - signal timing extended and reroute suggested
EVT422936,2025-05-30 09:44:34,Local Market Day,J020,Malleshwaram Circle,2364,Weekday,False,Rain,True,8.3,False,False,0.937,Severe,11.9,60.5,395.5,0.199,0.46,0.856,Heavy rain reducing visibility and grip - reduced speed and longer buffer advised
EVT422937,2025-11-19 22:02:13,Local Market Day,J040,City Market,2748,Weekday,False,Light Rain,True,7.0,False,False,0.321,Low,34.4,22.5,101.5,0.091,0.21,0.928,Light rain detected - minor speed reduction advised
EVT422938,2026-05-28 20:08:35,Local Market Day,J030,MG Road,3326,Weekday,False,Rain,True,21.0,False,False,0.887,Severe,10.3,69.4,530.0,0.217,0.502,0.901,Heavy rain reducing visibility and grip - reduced speed and longer buffer advised
EVT422939,2025-01-13 12:55:38,Local Market Day,J040,City Market,4118,Weekday,False,Fog,False,0.0,False,False,0.197,Low,38.1,21.2,76.1,0.063,0.145,0.976,Normal free-flow traffic - standard signal timing maintained
EVT422940,2026-03-10 10:18:00,Sports Fixture,J023,Basavanagudi,26588,Weekday,False,Clear,False,0.0,False,False,0.747,High,18.1,52.3,271.9,0.183,0.422,0.978,Moderate traffic flow - standard adaptive signal timing in effect
EVT422941,2026-04-15 10:11:22,Religious Festival,J020,Malleshwaram Circle,28304,Weekday,True,Clear,False,0.0,False,False,1.0,Severe,9.9,72.1,346.4,0.156,0.359,0.88,Festival crowd surge detected - alternate route and extended cycle recommended
EVT422942,2025-04-06 18:17:55,Religious Festival,J030,MG Road,36789,Weekend,True,Clear,False,0.0,False,False,1.0,Severe,8.2,72.4,704.1,0.226,0.521,0.856,Festival crowd surge detected - alternate route and extended cycle recommended
EVT422943,2025-04-19 15:56:44,Concert,J030,MG Road,12662,Weekend,False,Clear,False,0.0,False,False,0.379,Moderate,23.1,22.8,175.0,0.113,0.262,0.966,Moderate traffic flow - standard adaptive signal timing in effect
EVT422944,2025-06-08 12:55:05,Concert,J031,Cubbon Road,11404,Weekend,False,Clear,False,0.0,False,False,0.277,Low,28.6,18.8,314.8,0.237,0.548,0.96,Moderate traffic flow - standard adaptive signal timing in effect
EVT422945,2025-05-26 10:15:29,Trade Fair,J030,MG Road,12490,Weekday,False,Clear,False,0.0,False,False,0.779,Severe,16.2,56.2,314.2,0.173,0.399,0.981,Heavy congestion detected - signal timing extended and reroute suggested
EVT422946,2025-06-03 17:38:48,Trade Fair,J040,City Market,9841,Weekday,False,Clear,False,0.0,False,False,0.941,Severe,11.7,67.6,492.3,0.227,0.525,0.927,Heavy congestion detected - signal timing extended and reroute suggested
EVT422947,2025-08-13 12:07:19,Sports Fixture,J030,MG Road,14252,Weekday,False,Clear,False,0.0,False,False,0.252,Low,25.8,11.9,142.8,0.088,0.203,0.978,Moderate traffic flow - standard adaptive signal timing in effect
EVT422948,2025-12-22 09:04:54,Sports Fixture,J030,MG Road,18989,Weekday,False,Clear,False,0.0,False,False,1.0,Severe,8.2,73.7,653.6,0.229,0.528,0.929,Heavy congestion detected - signal timing extended and reroute suggested
EVT422949,2026-06-10 22:08:49,Local Market Day,J040,City Market,5868,Weekday,False,Rain,True,24.8,False,False,0.486,Moderate,21.3,31.2,118.5,0.064,0.147,0.924,Light rain detected - minor speed reduction advised
EVT422950,2025-10-06 16:37:07,Local Market Day,J030,MG Road,3931,Weekday,False,Clear,False,0.0,False,False,0.553,High,26.3,38.2,156.6,0.101,0.233,0.977,Moderate traffic flow - standard adaptive signal timing in effect
EVT422951,2026-02-09 09:51:02,Trade Fair,J023,Basavanagudi,7466,Weekday,False,Clear,False,0.0,False,False,0.891,Severe,10.1,62.5,634.2,0.226,0.522,0.952,Heavy congestion detected - signal timing extended and reroute suggested
EVT422952,2025-11-23 08:43:24,Concert,J023,Basavanagudi,14830,Weekend,False,Clear,False,0.0,False,False,0.912,Severe,10.9,61.9,526.5,0.215,0.497,0.907,Heavy congestion detected - signal timing extended and reroute suggested
EVT422953,2026-03-20 14:43:50,Religious Festival,J030,MG Road,44593,Weekday,True,Clear,False,0.0,False,False,0.683,High,17.9,43.7,223.9,0.128,0.297,0.922,Festival crowd surge detected - alternate route and extended cycle recommended
EVT422954,2025-08-18 14:13:57,Concert,J020,Malleshwaram Circle,12902,Weekday,False,Clear,False,0.0,False,False,0.176,Low,35.2,16.6,204.7,0.166,0.383,0.937,Normal free-flow traffic - standard signal timing maintained
EVT422955,2025-07-29 09:41:55,Sports Fixture,J012,Koramangala Sony World,33057,Weekday,False,Clear,False,0.0,False,False,1.0,Severe,8.3,73.7,500.7,0.165,0.381,0.93,Heavy congestion detected - signal timing extended and reroute suggested
EVT422956,2026-02-12 14:11:20,Trade Fair,J030,MG Road,9118,Weekday,False,Clear,False,0.0,False,False,0.256,Low,32.3,18.6,94.7,0.075,0.174,0.95,Moderate traffic flow - standard adaptive signal timing in effect
EVT422957,2025-03-28 18:17:13,Local Market Day,J031,Cubbon Road,3175,Weekday,False,Clear,False,0.0,False,False,1.0,Severe,8.0,70.4,905.5,0.316,0.73,0.924,Heavy congestion detected - signal timing extended and reroute suggested
EVT422958,2026-01-30 15:19:28,Local Market Day,J023,Basavanagudi,3312,Weekday,False,Clear,False,0.0,False,False,0.251,Low,36.8,20.4,94.7,0.097,0.225,0.962,Moderate traffic flow - standard adaptive signal timing in effect
EVT422959,2026-05-24 14:05:09,Sports Fixture,J030,MG Road,26670,Weekend,False,Clear,False,0.0,False,False,0.392,Moderate,30.0,25.5,95.4,0.085,0.195,0.983,Moderate traffic flow - standard adaptive signal timing in effect
EVT422960,2025-06-12 21:33:22,Sports Fixture,J009,Majestic,35475,Weekday,False,Clear,False,0.0,False,False,0.49,Moderate,18.8,30.6,235.8,0.123,0.285,0.962,Moderate traffic flow - standard adaptive signal timing in effect
EVT422961,2026-04-12 06:03:49,Sports Fixture,J009,Majestic,15584,Weekend,False,Clear,False,0.0,False,False,0.428,Moderate,32.0,27.7,196.7,0.187,0.432,0.972,Moderate traffic flow - standard adaptive signal timing in effect
EVT422962,2025-03-12 17:09:18,Trade Fair,J030,MG Road,5043,Weekday,False,Fog,False,0.0,False,False,0.761,Severe,17.9,52.3,244.7,0.138,0.319,0.976,Heavy congestion detected - signal timing extended and reroute suggested
EVT422963,2025-02-23 17:18:40,Local Market Day,J020,Malleshwaram Circle,2908,Weekend,False,Clear,False,0.0,False,False,0.744,High,18.6,47.0,308.6,0.198,0.458,0.949,Moderate traffic flow - standard adaptive signal timing in effect
EVT422964,2025-02-02 14:59:16,Local Market Day,J012,Koramangala Sony World,3059,Weekend,False,Clear,False,0.0,False,False,0.257,Low,34.3,25.3,237.5,0.223,0.515,0.963,Moderate traffic flow - standard adaptive signal timing in effect
EVT422965,2025-11-18 14:42:01,Concert,J011,Indiranagar 100ft Road,13432,Weekday,False,Clear,False,0.0,False,False,0.191,Low,38.1,12.8,153.2,0.165,0.381,0.967,Normal free-flow traffic - standard signal timing maintained
EVT422966,2025-01-17 09:14:29,Political Rally,J030,MG Road,24062,Weekday,False,Clear,False,0.0,False,False,1.0,Severe,7.6,74.4,399.7,0.135,0.312,0.88,Heavy congestion detected - signal timing extended and reroute suggested
EVT422967,2025-09-18 18:35:46,Sports Fixture,J040,City Market,19484,Weekday,False,Clear,False,0.0,False,False,1.0,Severe,7.3,70.9,778.9,0.237,0.546,0.926,Heavy congestion detected - signal timing extended and reroute suggested
EVT422968,2025-09-18 16:44:54,Political Rally,J023,Basavanagudi,14206,Weekday,False,Clear,False,0.0,False,False,0.642,High,19.6,43.9,281.8,0.18,0.415,0.99,Moderate traffic flow - standard adaptive signal timing in effect
EVT422969,2025-01-14 16:58:24,Religious Festival,J030,MG Road,79864,Weekday,True,Light Rain,True,2.2,False,True,1.0,Severe,8.1,100.2,663.1,0.232,0.536,0.772,Road closure for event/procession - full detour recommended for through-traffic
EVT422970,2026-06-03 07:46:23,Political Rally,J020,Malleshwaram Circle,17843,Weekday,False,Clear,False,0.0,False,False,0.771,Severe,16.3,55.0,392.3,0.234,0.541,0.982,Heavy congestion detected - signal timing extended and reroute suggested
EVT422971,2026-01-10 19:37:39,Local Market Day,J040,City Market,4814,Weekend,False,Clear,False,0.0,False,False,0.712,High,15.8,48.1,285.1,0.14,0.324,0.952,Moderate traffic flow - standard adaptive signal timing in effect
EVT422972,2025-04-07 17:08:48,Religious Festival,J012,Koramangala Sony World,22048,Weekday,True,Clear,False,0.0,False,False,1.0,Severe,8.4,70.8,664.5,0.233,0.537,0.872,Festival crowd surge detected - alternate route and extended cycle recommended
EVT422973,2026-03-08 18:20:06,Sports Fixture,J031,Cubbon Road,20158,Weekend,False,Fog,False,0.0,False,False,0.989,Severe,6.8,70.7,884.4,0.256,0.592,0.926,Heavy congestion detected - signal timing extended and reroute suggested
EVT422974,2025-08-24 08:31:34,Sports Fixture,J031,Cubbon Road,29785,Weekend,False,Clear,False,0.0,False,False,0.984,Severe,8.8,72.1,524.1,0.182,0.421,0.894,Heavy congestion detected - signal timing extended and reroute suggested
EVT422975,2026-06-12 18:16:41,Political Rally,J009,Majestic,14087,Weekday,False,Clear,False,0.0,False,False,1.0,Severe,8.0,72.9,833.2,0.265,0.613,0.913,Heavy congestion detected - signal timing extended and reroute suggested
EVT422976,2026-02-26 10:50:48,Concert,J020,Malleshwaram Circle,8480,Weekday,False,Clear,False,0.0,False,False,0.602,High,22.2,42.3,98.1,0.079,0.183,0.955,Moderate traffic flow - standard adaptive signal timing in effect
EVT422977,2025-09-19 16:05:03,Sports Fixture,J012,Koramangala Sony World,28069,Weekday,False,Fog,False,0.0,False,False,0.587,High,16.4,37.9,295.9,0.154,0.356,0.955,Moderate traffic flow - standard adaptive signal timing in effect
EVT422978,2026-03-19 08:05:20,Religious Festival,J040,City Market,58248,Weekday,True,Clear,False,0.0,False,True,1.0,Severe,5.8,94.8,910.6,0.224,0.517,0.829,Road closure for event/procession - full detour recommended for through-traffic
EVT422979,2025-09-14 12:47:54,Local Market Day,J009,Majestic,4209,Weekend,False,Clear,False,0.0,False,False,0.34,Low,31.6,24.6,165.9,0.153,0.354,0.98,Moderate traffic flow - standard adaptive signal timing in effect
EVT422980,2025-07-31 07:27:09,Local Market Day,J023,Basavanagudi,5153,Weekday,False,Clear,False,0.0,False,False,0.577,High,25.3,45.5,253.2,0.171,0.394,0.973,Moderate traffic flow - standard adaptive signal timing in effect
EVT422981,2025-08-03 17:23:20,Trade Fair,J040,City Market,7941,Weekend,False,Rain,True,9.8,False,False,0.918,Severe,11.4,65.7,488.6,0.208,0.48,0.892,Heavy rain reducing visibility and grip - reduced speed and longer buffer advised
EVT422982,2026-01-26 15:13:19,Cultural Procession,J040,City Market,11771,Weekday,True,Clear,False,0.0,False,True,0.706,High,16.6,67.5,270.9,0.14,0.323,0.925,Road closure for event/procession - full detour recommended for through-traffic
EVT422983,2025-09-23 10:07:00,Concert,J031,Cubbon Road,9942,Weekday,False,Clear,False,0.0,False,False,0.861,Severe,11.2,58.8,511.9,0.215,0.496,0.937,Heavy congestion detected - signal timing extended and reroute suggested
EVT422984,2026-01-16 18:09:41,Concert,J011,Indiranagar 100ft Road,22957,Weekday,False,Clear,False,0.0,False,False,1.0,Severe,6.9,65.9,285.0,0.103,0.237,0.913,Heavy congestion detected - signal timing extended and reroute suggested
EVT422985,2025-09-23 18:13:26,Local Market Day,J023,Basavanagudi,2868,Weekday,False,Heavy Rain,True,61.2,False,False,1.0,Severe,7.1,76.8,1285.7,0.389,0.898,0.872,Heavy rain reducing visibility and grip - reduced speed and longer buffer advised
EVT422986,2026-06-01 19:15:49,Local Market Day,J009,Majestic,2850,Weekday,False,Clear,False,0.0,False,False,1.0,Severe,9.2,73.6,198.6,0.094,0.218,0.904,Heavy congestion detected - signal timing extended and reroute suggested
EVT422987,2025-04-29 07:39:20,Concert,J023,Basavanagudi,15415,Weekday,False,Clear,False,0.0,False,False,0.699,High,21.9,50.9,248.1,0.175,0.405,0.951,Moderate traffic flow - standard adaptive signal timing in effect
EVT422988,2026-05-13 15:02:57,Local Market Day,J040,City Market,3789,Weekday,False,Clear,False,0.0,False,False,0.284,Low,31.9,28.7,144.5,0.125,0.288,0.942,Moderate traffic flow - standard adaptive signal timing in effect
EVT422989,2025-07-17 15:34:15,Sports Fixture,J011,Indiranagar 100ft Road,18368,Weekday,False,Light Rain,True,7.4,False,False,0.436,Moderate,25.4,28.3,202.1,0.158,0.365,0.924,Light rain detected - minor speed reduction advised
EVT422990,2025-12-15 20:25:22,Local Market Day,J023,Basavanagudi,1793,Weekday,False,Clear,False,0.0,False,False,0.643,High,21.4,44.9,257.0,0.168,0.388,0.971,Moderate traffic flow - standard adaptive signal timing in effect
EVT422991,2025-07-09 16:41:58,Local Market Day,J011,Indiranagar 100ft Road,5462,Weekday,False,Clear,False,0.0,False,False,0.64,High,24.6,46.3,204.6,0.157,0.362,0.981,Moderate traffic flow - standard adaptive signal timing in effect
EVT422992,2025-06-16 17:08:49,Trade Fair,J031,Cubbon Road,7802,Weekday,False,Heavy Rain,True,30.5,False,False,1.0,Severe,6.7,73.5,698.3,0.201,0.465,0.871,Heavy rain reducing visibility and grip - reduced speed and longer buffer advised
EVT422993,2025-02-12 11:29:38,Trade Fair,J031,Cubbon Road,8199,Weekday,False,Clear,False,0.0,False,False,0.28,Low,39.7,22.1,152.1,0.168,0.388,0.966,Moderate traffic flow - standard adaptive signal timing in effect
EVT422994,2026-02-16 17:59:40,Local Market Day,J020,Malleshwaram Circle,3433,Weekday,False,Clear,False,0.0,False,False,0.944,Severe,9.3,66.1,383.5,0.147,0.34,0.948,Heavy congestion detected - signal timing extended and reroute suggested
EVT422995,2026-06-20 10:29:35,Sports Fixture,J020,Malleshwaram Circle,18070,Weekend,False,Rain,True,15.1,False,False,0.728,High,20.0,48.7,253.1,0.162,0.375,0.942,Heavy rain reducing visibility and grip - reduced speed and longer buffer advised
EVT422996,2025-11-09 05:52:33,Trade Fair,J011,Indiranagar 100ft Road,10504,Weekend,False,Clear,False,0.0,False,False,0.299,Low,38.7,20.3,152.1,0.18,0.415,0.948,Moderate traffic flow - standard adaptive signal timing in effect
EVT422997,2026-06-16 06:43:24,Trade Fair,J009,Majestic,12184,Weekday,False,Rain,True,13.1,False,False,0.57,High,27.5,41.4,113.2,0.106,0.245,0.927,Heavy rain reducing visibility and grip - reduced speed and longer buffer advised
EVT422998,2026-01-19 08:25:21,Sports Fixture,J012,Koramangala Sony World,44869,Weekday,False,Clear,False,0.0,False,False,1.0,Severe,9.1,72.7,514.8,0.204,0.471,0.906,Heavy congestion detected - signal timing extended and reroute suggested
EVT422999,2025-06-05 12:47:12,Sports Fixture,J031,Cubbon Road,14144,Weekday,False,Clear,False,0.0,False,False,0.247,Low,30.8,13.8,45.3,0.057,0.132,0.959,Normal free-flow traffic - standard signal timing maintained
EVT423000,2025-01-09 14:25:42,Sports Fixture,J031,Cubbon Road,26304,Weekday,False,Clear,False,0.0,False,False,0.302,Low,27.5,25.9,131.8,0.094,0.217,0.966,Moderate traffic flow - standard adaptive signal timing in effect
EVT423001,2025-08-04 19:52:11,Concert,J023,Basavanagudi,15021,Weekday,False,Heavy Rain,True,61.7,True,False,1.0,Severe,8.2,71.7,863.4,0.296,0.685,0.69,Accident detected nearby - reroute and reduced speed advised
EVT423002,2025-08-18 20:08:08,Sports Fixture,J020,Malleshwaram Circle,28370,Weekday,False,Clear,False,0.0,False,False,0.779,Severe,16.4,63.1,190.5,0.103,0.237,0.952,Heavy congestion detected - signal timing extended and reroute suggested
EVT423003,2025-12-08 09:53:43,Local Market Day,J009,Majestic,3491,Weekday,False,Clear,False,0.0,False,False,0.847,Severe,14.9,60.9,260.5,0.14,0.323,0.957,Heavy congestion detected - signal timing extended and reroute suggested
EVT423004,2025-11-26 07:33:11,Local Market Day,J020,Malleshwaram Circle,3526,Weekday,False,Clear,False,0.0,False,False,0.637,High,17.2,40.8,286.6,0.157,0.363,0.978,Moderate traffic flow - standard adaptive signal timing in effect
EVT423005,2025-10-18 20:55:19,Sports Fixture,J040,City Market,17800,Weekend,False,Clear,False,0.0,False,False,0.526,Moderate,23.6,37.6,305.5,0.197,0.454,0.977,Moderate traffic flow - standard adaptive signal timing in effect
EVT423006,2026-01-12 08:01:43,Concert,J031,Cubbon Road,11386,Weekday,False,Clear,False,0.0,False,False,0.861,Severe,10.7,61.5,595.7,0.256,0.592,0.92,Heavy congestion detected - signal timing extended and reroute suggested
EVT423007,2025-11-23 18:33:53,Trade Fair,J040,City Market,12014,Weekend,False,Clear,False,0.0,False,False,0.868,Severe,10.8,66.1,529.2,0.225,0.521,0.965,Heavy congestion detected - signal timing extended and reroute suggested
EVT423008,2025-12-22 13:11:14,Political Rally,J023,Basavanagudi,14286,Weekday,False,Clear,False,0.0,False,False,0.25,Low,33.7,19.6,205.6,0.177,0.409,0.974,Moderate traffic flow - standard adaptive signal timing in effect
EVT423009,2025-05-16 18:05:39,Concert,J009,Majestic,10183,Weekday,False,Clear,False,0.0,False,False,1.0,Severe,7.7,73.1,1136.3,0.344,0.795,0.9,Heavy congestion detected - signal timing extended and reroute suggested
EVT423010,2026-06-10 19:49:01,Trade Fair,J011,Indiranagar 100ft Road,7260,Weekday,False,Clear,False,0.0,False,False,0.734,High,16.1,54.8,296.9,0.155,0.359,0.962,Moderate traffic flow - standard adaptive signal timing in effect
EVT423011,2025-11-24 20:15:38,Local Market Day,J020,Malleshwaram Circle,4511,Weekday,False,Clear,False,0.0,False,False,0.621,High,19.1,48.0,263.1,0.156,0.362,0.967,Moderate traffic flow - standard adaptive signal timing in effect
EVT423012,2026-03-31 21:35:16,Political Rally,J009,Majestic,29725,Weekday,False,Clear,False,0.0,False,False,0.472,Moderate,27.3,35.6,190.1,0.151,0.348,0.967,Moderate traffic flow - standard adaptive signal timing in effect
EVT423013,2025-03-23 09:12:00,Concert,J009,Majestic,15107,Weekend,False,Fog,False,0.0,False,False,0.926,Severe,13.1,65.3,258.2,0.152,0.352,0.919,Heavy congestion detected - signal timing extended and reroute suggested
EVT423014,2025-04-21 11:36:22,Local Market Day,J040,City Market,3706,Weekday,False,Clear,False,0.0,False,False,0.232,Low,29.1,20.7,91.3,0.078,0.181,0.981,Normal free-flow traffic - standard signal timing maintained
EVT423015,2025-08-15 13:53:32,Cultural Procession,J040,City Market,19542,Weekday,True,Clear,False,0.0,False,False,0.535,Moderate,25.3,37.5,278.0,0.197,0.454,0.909,Festival crowd surge detected - alternate route and extended cycle recommended
EVT423016,2025-03-26 07:32:06,Sports Fixture,J009,Majestic,30187,Weekday,False,Clear,False,0.0,False,False,0.851,Severe,9.5,58.9,721.0,0.234,0.54,0.942,Heavy congestion detected - signal timing extended and reroute suggested
EVT423017,2025-03-16 17:20:57,Concert,J040,City Market,13175,Weekend,False,Clear,False,0.0,False,False,0.795,Severe,15.1,50.2,372.5,0.208,0.48,0.955,Heavy congestion detected - signal timing extended and reroute suggested
EVT423018,2025-07-12 21:18:31,Trade Fair,J009,Majestic,10838,Weekend,False,Rain,True,10.9,False,False,0.619,High,19.2,38.9,158.0,0.078,0.181,0.957,Heavy rain reducing visibility and grip - reduced speed and longer buffer advised
EVT423019,2025-07-24 19:45:50,Local Market Day,J030,MG Road,2984,Weekday,False,Clear,False,0.0,False,False,0.841,Severe,14.3,63.9,386.6,0.201,0.465,0.976,Heavy congestion detected - signal timing extended and reroute suggested
EVT423020,2025-04-24 07:11:52,Concert,J009,Majestic,13894,Weekday,False,Clear,False,0.0,False,False,0.559,High,20.2,38.7,149.7,0.104,0.24,0.941,Moderate traffic flow - standard adaptive signal timing in effect
EVT423021,2025-02-19 18:23:30,Political Rally,J020,Malleshwaram Circle,8618,Weekday,False,Clear,False,0.0,False,False,1.0,Severe,6.4,72.7,381.8,0.122,0.283,0.923,Heavy congestion detected - signal timing extended and reroute suggested
EVT423022,2025-10-31 14:29:13,Sports Fixture,J012,Koramangala Sony World,15530,Weekday,False,Clear,False,0.0,False,False,0.3,Low,34.7,24.5,130.8,0.121,0.279,0.958,Moderate traffic flow - standard adaptive signal timing in effect
EVT423023,2025-09-13 19:04:06,Concert,J009,Majestic,8781,Weekend,False,Clear,False,0.0,False,False,0.872,Severe,10.4,67.0,637.1,0.236,0.544,0.959,Heavy congestion detected - signal timing extended and reroute suggested
EVT423024,2026-04-07 08:15:55,Sports Fixture,J040,City Market,17691,Weekday,False,Clear,False,0.0,False,False,1.0,Severe,7.9,75.5,791.8,0.28,0.647,0.922,Heavy congestion detected - signal timing extended and reroute suggested
EVT423025,2026-03-24 20:03:43,Political Rally,J030,MG Road,19831,Weekday,False,Clear,False,0.0,False,False,0.813,Severe,13.7,53.8,320.2,0.153,0.354,0.947,Heavy congestion detected - signal timing extended and reroute suggested
EVT423026,2026-01-17 14:26:14,Political Rally,J011,Indiranagar 100ft Road,23825,Weekend,False,Clear,False,0.0,False,False,0.35,Moderate,30.8,16.6,210.3,0.197,0.455,0.96,Moderate traffic flow - standard adaptive signal timing in effect
EVT423027,2026-05-04 16:28:31,Political Rally,J031,Cubbon Road,12697,Weekday,False,Clear,False,0.0,False,False,0.606,High,18.5,48.8,198.1,0.125,0.288,0.99,Moderate traffic flow - standard adaptive signal timing in effect
EVT423028,2025-03-08 02:38:54,Concert,J040,City Market,8925,Weekend,False,Light Rain,True,1.3,False,False,0.339,Low,29.5,23.4,69.9,0.05,0.115,0.908,Light rain detected - minor speed reduction advised
EVT423029,2025-03-05 09:31:44,Concert,J020,Malleshwaram Circle,14102,Weekday,False,Clear,False,0.0,False,False,1.0,Severe,11.1,69.1,552.1,0.23,0.53,0.905,Heavy congestion detected - signal timing extended and reroute suggested
EVT423030,2026-02-02 17:46:15,Sports Fixture,J031,Cubbon Road,25268,Weekday,False,Clear,False,0.0,False,False,1.0,Severe,7.8,72.4,476.2,0.176,0.406,0.938,Heavy congestion detected - signal timing extended and reroute suggested
EVT423031,2025-12-29 12:07:03,Local Market Day,J040,City Market,2960,Weekday,False,Clear,False,0.0,False,False,0.252,Low,31.0,17.8,194.9,0.156,0.36,0.962,Moderate traffic flow - standard adaptive signal timing in effect
EVT423032,2025-07-24 08:55:02,Trade Fair,J023,Basavanagudi,13460,Weekday,False,Clear,False,0.0,False,False,1.0,Severe,9.2,76.0,489.0,0.195,0.451,0.921,Heavy congestion detected - signal timing extended and reroute suggested
EVT423033,2025-12-06 08:48:32,Concert,J012,Koramangala Sony World,15723,Weekend,False,Clear,False,0.0,False,False,0.918,Severe,11.2,69.3,214.8,0.083,0.191,0.928,Heavy congestion detected - signal timing extended and reroute suggested
EVT423034,2025-12-16 11:06:28,Local Market Day,J012,Koramangala Sony World,4090,Weekday,False,Clear,False,0.0,False,False,0.318,Low,25.7,19.5,207.7,0.139,0.322,0.955,Moderate traffic flow - standard adaptive signal timing in effect
EVT423035,2025-05-06 17:14:32,Sports Fixture,J031,Cubbon Road,22885,Weekday,False,Rain,True,7.6,False,False,1.0,Severe,7.2,73.4,624.1,0.191,0.44,0.871,Heavy rain reducing visibility and grip - reduced speed and longer buffer advised
EVT423036,2025-09-21 06:59:01,Concert,J031,Cubbon Road,17914,Weekend,False,Rain,True,22.5,False,False,0.819,Severe,13.7,54.3,319.0,0.145,0.336,0.914,Heavy rain reducing visibility and grip - reduced speed and longer buffer advised
EVT423037,2025-07-11 14:25:01,Trade Fair,J023,Basavanagudi,14685,Weekday,False,Heavy Rain,True,106.8,False,False,0.656,High,18.9,47.3,140.8,0.076,0.177,0.911,Heavy rain reducing visibility and grip - reduced speed and longer buffer advised
EVT423038,2025-10-26 18:51:31,Concert,J009,Majestic,8602,Weekend,False,Clear,False,0.0,False,False,0.836,Severe,14.5,62.7,373.8,0.188,0.434,0.957,Heavy congestion detected - signal timing extended and reroute suggested
EVT423039,2025-09-08 15:59:29,Concert,J012,Koramangala Sony World,7195,Weekday,False,Rain,True,24.2,False,False,0.689,High,18.8,47.9,348.8,0.235,0.544,0.924,Heavy rain reducing visibility and grip - reduced speed and longer buffer advised
EVT423040,2025-09-02 17:29:19,Local Market Day,J009,Majestic,6023,Weekday,False,Clear,False,0.0,False,False,0.939,Severe,8.5,65.8,512.8,0.182,0.42,0.905,Heavy congestion detected - signal timing extended and reroute suggested
EVT423041,2026-06-01 19:47:17,Concert,J040,City Market,18112,Weekday,False,Rain,True,21.3,False,False,1.0,Severe,7.0,71.2,293.7,0.101,0.234,0.854,Heavy rain reducing visibility and grip - reduced speed and longer buffer advised
EVT423042,2025-04-10 19:18:12,Sports Fixture,J040,City Market,44137,Weekday,False,Clear,False,0.0,False,False,1.0,Severe,8.9,75.5,354.6,0.137,0.317,0.913,Heavy congestion detected - signal timing extended and reroute suggested
EVT423043,2025-03-14 07:55:00,Religious Festival,J023,Basavanagudi,88197,Weekday,True,Clear,False,0.0,False,True,1.0,Severe,8.9,91.9,707.7,0.254,0.586,0.813,Road closure for event/procession - full detour recommended for through-traffic
EVT423044,2026-03-17 19:35:29,Sports Fixture,J020,Malleshwaram Circle,17990,Weekday,False,Clear,False,0.0,False,False,0.879,Severe,14.5,60.6,447.0,0.231,0.533,0.929,Heavy congestion detected - signal timing extended and reroute suggested
EVT423045,2026-03-09 20:59:26,Sports Fixture,J023,Basavanagudi,34172,Weekday,False,Clear,False,0.0,False,False,0.62,High,21.2,43.8,266.6,0.168,0.389,0.96,Moderate traffic flow - standard adaptive signal timing in effect
EVT423046,2026-06-12 19:56:15,Sports Fixture,J012,Koramangala Sony World,23377,Weekday,False,Rain,True,22.4,False,False,1.0,Severe,6.9,67.4,497.8,0.14,0.323,0.854,Heavy rain reducing visibility and grip - reduced speed and longer buffer advised
EVT423047,2026-01-26 09:31:52,Religious Festival,J040,City Market,52644,Weekday,True,Clear,False,0.0,False,True,1.0,Severe,8.5,97.9,332.4,0.129,0.299,0.844,Road closure for event/procession - full detour recommended for through-traffic
EVT423048,2026-01-17 12:39:01,Local Market Day,J031,Cubbon Road,6503,Weekend,False,Clear,False,0.0,False,False,0.268,Low,32.2,24.5,179.4,0.164,0.379,0.99,Moderate traffic flow - standard adaptive signal timing in effect
EVT423049,2026-04-08 10:28:19,Local Market Day,J012,Koramangala Sony World,4585,Weekday,False,Clear,False,0.0,False,False,0.543,Moderate,26.5,37.7,114.3,0.092,0.212,0.966,Moderate traffic flow - standard adaptive signal timing in effect
EVT423050,2025-03-14 14:43:50,Religious Festival,J030,MG Road,59289,Weekday,True,Fog,False,0.0,False,True,0.906,Severe,11.7,88.7,474.2,0.205,0.473,0.821,Road closure for event/procession - full detour recommended for through-traffic
EVT423051,2025-11-17 20:58:31,Political Rally,J031,Cubbon Road,22728,Weekday,False,Clear,False,0.0,False,False,0.476,Moderate,22.0,39.5,216.1,0.153,0.354,0.965,Moderate traffic flow - standard adaptive signal timing in effect
EVT423052,2025-09-25 16:44:07,Sports Fixture,J040,City Market,30374,Weekday,False,Clear,False,0.0,False,False,0.814,Severe,17.2,60.5,232.2,0.155,0.358,0.955,Heavy congestion detected - signal timing extended and reroute suggested
EVT423053,2025-03-05 10:57:15,Concert,J023,Basavanagudi,9955,Weekday,False,Clear,False,0.0,False,False,0.558,High,26.3,35.6,210.7,0.145,0.334,0.943,Moderate traffic flow - standard adaptive signal timing in effect
EVT423054,2026-01-24 09:18:57,Local Market Day,J030,MG Road,2553,Weekend,False,Clear,False,0.0,False,False,0.914,Severe,12.2,57.8,232.8,0.119,0.275,0.93,Heavy congestion detected - signal timing extended and reroute suggested
EVT423055,2026-01-16 17:41:53,Sports Fixture,J040,City Market,20918,Weekday,False,Clear,False,0.0,False,False,1.0,Severe,8.2,68.3,474.7,0.162,0.374,0.934,Heavy congestion detected - signal timing extended and reroute suggested
EVT423056,2025-08-22 17:12:11,Local Market Day,J023,Basavanagudi,6345,Weekday,False,Light Rain,True,4.2,False,False,0.871,Severe,14.4,61.0,314.7,0.158,0.366,0.912,Heavy rain reducing visibility and grip - reduced speed and longer buffer advised
EVT423057,2025-04-29 09:44:00,Trade Fair,J023,Basavanagudi,13395,Weekday,False,Clear,False,0.0,False,False,0.987,Severe,6.5,71.3,527.3,0.142,0.328,0.913,Heavy congestion detected - signal timing extended and reroute suggested
EVT423058,2025-01-04 08:31:17,Trade Fair,J030,MG Road,11268,Weekend,False,Light Rain,True,4.8,False,False,0.975,Severe,9.1,66.9,723.4,0.282,0.652,0.845,Heavy rain reducing visibility and grip - reduced speed and longer buffer advised
EVT423059,2025-04-29 16:22:20,Trade Fair,J030,MG Road,15292,Weekday,False,Clear,False,0.0,False,False,0.574,High,25.2,41.5,187.5,0.135,0.311,0.972,Moderate traffic flow - standard adaptive signal timing in effect
EVT423060,2025-10-23 20:03:47,Concert,J023,Basavanagudi,5244,Weekday,False,Clear,False,0.0,False,False,0.769,Severe,15.8,46.0,249.0,0.14,0.324,0.951,Heavy congestion detected - signal timing extended and reroute suggested
EVT423061,2025-02-05 11:51:04,Local Market Day,J040,City Market,3393,Weekday,False,Clear,False,0.0,False,False,0.163,Low,39.6,8.9,168.9,0.174,0.402,0.99,Normal free-flow traffic - standard signal timing maintained
EVT423062,2026-02-24 21:51:57,Local Market Day,J040,City Market,2964,Weekday,False,Clear,False,0.0,False,False,0.276,Low,38.3,15.2,90.6,0.065,0.15,0.956,Moderate traffic flow - standard adaptive signal timing in effect
EVT423063,2025-02-06 10:58:02,Local Market Day,J023,Basavanagudi,7236,Weekday,False,Clear,False,0.0,False,False,0.5,Moderate,27.6,34.3,80.0,0.06,0.139,0.936,Moderate traffic flow - standard adaptive signal timing in effect
EVT423064,2025-11-25 16:08:19,Trade Fair,J023,Basavanagudi,9652,Weekday,False,Clear,False,0.0,False,False,0.522,Moderate,23.9,40.7,161.1,0.122,0.281,0.958,Moderate traffic flow - standard adaptive signal timing in effect
EVT423065,2025-09-05 11:41:42,Religious Festival,J040,City Market,64136,Weekday,True,Clear,False,0.0,False,True,0.955,Severe,10.5,93.2,770.1,0.342,0.791,0.82,Road closure for event/procession - full detour recommended for through-traffic
EVT423066,2026-02-08 19:24:19,Trade Fair,J009,Majestic,11140,Weekend,False,Clear,False,0.0,False,False,0.836,Severe,15.6,63.9,219.3,0.113,0.261,0.93,Heavy congestion detected - signal timing extended and reroute suggested
EVT423067,2025-05-08 17:10:12,Local Market Day,J040,City Market,4618,Weekday,False,Clear,False,0.0,False,False,0.798,Severe,18.1,60.5,300.2,0.185,0.427,0.933,Heavy congestion detected - signal timing extended and reroute suggested
EVT423068,2025-01-22 15:36:23,Local Market Day,J040,City Market,6037,Weekday,False,Clear,False,0.0,False,False,0.355,Moderate,26.9,27.2,227.1,0.186,0.43,0.939,Moderate traffic flow - standard adaptive signal timing in effect
EVT423069,2025-07-24 23:11:18,Sports Fixture,J011,Indiranagar 100ft Road,45623,Weekday,False,Heavy Rain,True,60.1,False,False,0.775,Severe,16.2,52.7,365.7,0.175,0.403,0.917,Heavy rain reducing visibility and grip - reduced speed and longer buffer advised
EVT423070,2026-04-27 16:30:47,Concert,J009,Majestic,17672,Weekday,False,Clear,False,0.0,False,False,0.614,High,18.8,45.3,429.4,0.261,0.603,0.974,Moderate traffic flow - standard adaptive signal timing in effect
EVT423071,2025-12-02 15:15:27,Political Rally,J040,City Market,16975,Weekday,False,Clear,False,0.0,False,False,0.321,Low,28.9,26.1,172.1,0.132,0.306,0.968,Moderate traffic flow - standard adaptive signal timing in effect
EVT423072,2026-04-16 10:01:03,Political Rally,J012,Koramangala Sony World,14489,Weekday,False,Fog,False,0.0,False,False,0.881,Severe,14.8,65.6,407.3,0.223,0.515,0.954,Heavy congestion detected - signal timing extended and reroute suggested
EVT423073,2026-06-03 15:54:58,Trade Fair,J011,Indiranagar 100ft Road,11035,Weekday,False,Clear,False,0.0,False,False,0.415,Moderate,19.0,28.8,197.1,0.084,0.193,0.963,Moderate traffic flow - standard adaptive signal timing in effect
EVT423074,2026-01-30 09:16:37,Sports Fixture,J011,Indiranagar 100ft Road,25972,Weekday,False,Clear,False,0.0,False,False,1.0,Severe,7.6,72.6,828.0,0.262,0.605,0.921,Heavy congestion detected - signal timing extended and reroute suggested
EVT423075,2026-01-04 07:14:07,Political Rally,J023,Basavanagudi,8608,Weekend,False,Clear,False,0.0,False,False,0.473,Moderate,24.7,34.3,76.4,0.049,0.113,0.976,Moderate traffic flow - standard adaptive signal timing in effect
EVT423076,2025-11-08 21:21:07,Concert,J009,Majestic,10472,Weekend,False,Fog,False,0.0,False,False,0.379,Moderate,25.0,23.2,169.0,0.137,0.316,0.974,Moderate traffic flow - standard adaptive signal timing in effect
EVT423077,2025-08-22 14:45:05,Local Market Day,J020,Malleshwaram Circle,2690,Weekday,False,Clear,False,0.0,False,False,0.321,Low,31.0,12.5,109.4,0.107,0.248,0.961,Moderate traffic flow - standard adaptive signal timing in effect
EVT423078,2025-04-12 17:45:17,Concert,J030,MG Road,21122,Weekend,False,Clear,False,0.0,False,False,0.916,Severe,10.6,69.9,415.2,0.18,0.415,0.932,Heavy congestion detected - signal timing extended and reroute suggested
EVT423079,2025-01-16 08:51:55,Local Market Day,J020,Malleshwaram Circle,4363,Weekday,False,Clear,False,0.0,False,False,0.991,Severe,7.7,66.1,728.5,0.243,0.562,0.922,Heavy congestion detected - signal timing extended and reroute suggested
EVT423080,2026-01-15 21:56:02,Religious Festival,J023,Basavanagudi,58536,Weekday,True,Fog,False,0.0,False,True,0.969,Severe,8.9,101.2,860.4,0.3,0.693,0.839,Road closure for event/procession - full detour recommended for through-traffic
EVT423081,2025-02-16 15:48:22,Local Market Day,J012,Koramangala Sony World,3496,Weekend,False,Clear,False,0.0,False,False,0.358,Moderate,25.6,23.9,171.6,0.119,0.276,0.956,Moderate traffic flow - standard adaptive signal timing in effect
EVT423082,2025-08-11 09:12:22,Sports Fixture,J040,City Market,23935,Weekday,False,Heavy Rain,True,28.2,False,False,1.0,Severe,7.9,71.3,695.8,0.224,0.517,0.897,Heavy rain reducing visibility and grip - reduced speed and longer buffer advised
EVT423083,2026-02-22 07:33:52,Concert,J040,City Market,13201,Weekend,False,Clear,False,0.0,False,False,0.619,High,24.3,46.1,241.9,0.188,0.435,0.968,Moderate traffic flow - standard adaptive signal timing in effect
EVT423084,2025-08-12 16:13:20,Local Market Day,J031,Cubbon Road,4533,Weekday,False,Clear,False,0.0,False,False,0.497,Moderate,24.1,33.2,112.1,0.059,0.136,0.946,Moderate traffic flow - standard adaptive signal timing in effect
EVT423085,2026-05-20 19:20:15,Local Market Day,J012,Koramangala Sony World,2494,Weekday,False,Clear,False,0.0,False,False,0.828,Severe,16.3,55.6,291.3,0.153,0.354,0.938,Heavy congestion detected - signal timing extended and reroute suggested
EVT423086,2025-01-19 19:35:49,Political Rally,J009,Majestic,13469,Weekend,False,Clear,False,0.0,False,False,0.786,Severe,17.9,51.6,285.8,0.166,0.383,0.951,Heavy congestion detected - signal timing extended and reroute suggested
EVT423087,2025-02-03 12:52:00,Concert,J012,Koramangala Sony World,16229,Weekday,False,Clear,False,0.0,False,False,0.314,Low,30.5,26.2,135.5,0.113,0.26,0.951,Moderate traffic flow - standard adaptive signal timing in effect
EVT423088,2025-04-10 13:18:46,Sports Fixture,J020,Malleshwaram Circle,11071,Weekday,False,Clear,False,0.0,False,False,0.196,Low,30.4,15.5,214.2,0.17,0.393,0.956,Normal free-flow traffic - standard signal timing maintained
EVT423089,2025-05-07 23:59:58,Political Rally,J009,Majestic,10803,Weekday,False,Fog,False,0.0,False,False,0.209,Low,31.9,15.9,169.5,0.137,0.316,0.951,Normal free-flow traffic - standard signal timing maintained
EVT423090,2026-04-30 19:51:22,Sports Fixture,J009,Majestic,31968,Weekday,False,Clear,False,0.0,False,False,0.988,Severe,12.1,70.4,409.3,0.208,0.48,0.924,Heavy congestion detected - signal timing extended and reroute suggested
EVT423091,2026-02-04 15:30:27,Sports Fixture,J030,MG Road,32049,Weekday,False,Clear,False,0.0,False,False,0.561,High,21.3,39.0,182.6,0.135,0.311,0.956,Moderate traffic flow - standard adaptive signal timing in effect
EVT423092,2026-04-18 16:52:05,Local Market Day,J011,Indiranagar 100ft Road,5227,Weekend,False,Light Rain,True,2.1,False,False,0.781,Severe,15.0,58.8,297.4,0.17,0.393,0.887,Heavy rain reducing visibility and grip - reduced speed and longer buffer advised
EVT423093,2025-12-27 12:30:26,Sports Fixture,J040,City Market,29194,Weekend,False,Clear,False,0.0,False,False,0.421,Moderate,32.1,24.7,214.1,0.182,0.419,0.99,Moderate traffic flow - standard adaptive signal timing in effect
EVT423094,2025-01-26 19:50:01,Religious Festival,J012,Koramangala Sony World,71141,Weekend,True,Clear,False,0.0,False,True,1.0,Severe,7.8,94.5,717.9,0.243,0.561,0.837,Road closure for event/procession - full detour recommended for through-traffic
EVT423095,2026-02-12 20:28:45,Sports Fixture,J023,Basavanagudi,21351,Weekday,False,Clear,False,0.0,False,False,0.704,High,16.6,47.5,272.4,0.147,0.341,0.954,Moderate traffic flow - standard adaptive signal timing in effect
EVT423096,2025-08-08 19:36:30,Trade Fair,J031,Cubbon Road,8416,Weekday,False,Clear,False,0.0,False,False,0.853,Severe,14.2,57.3,257.6,0.139,0.322,0.939,Heavy congestion detected - signal timing extended and reroute suggested
EVT423097,2025-10-01 20:00:00,Local Market Day,J009,Majestic,2180,Weekday,False,Clear,False,0.0,False,False,0.662,High,23.9,46.2,121.2,0.083,0.191,0.946,Moderate traffic flow - standard adaptive signal timing in effect
EVT423098,2025-07-12 21:49:22,Local Market Day,J023,Basavanagudi,3791,Weekend,False,Clear,False,0.0,False,False,0.287,Low,31.7,18.1,96.7,0.063,0.145,0.971,Moderate traffic flow - standard adaptive signal timing in effect
EVT423099,2026-01-05 21:52:51,Concert,J012,Koramangala Sony World,19505,Weekday,False,Clear,False,0.0,False,False,0.287,Low,31.9,21.2,147.9,0.125,0.289,0.978,Moderate traffic flow - standard adaptive signal timing in effect
EVT423100,2025-01-18 18:44:06,Political Rally,J012,Koramangala Sony World,26416,Weekend,False,Clear,False,0.0,False,False,1.0,Severe,8.5,82.6,544.8,0.197,0.455,0.905,Heavy congestion detected - signal timing extended and reroute suggested
EVT423101,2026-04-03 19:28:20,Local Market Day,J009,Majestic,3600,Weekday,False,Clear,False,0.0,False,False,0.848,Severe,11.5,62.8,361.9,0.168,0.388,0.963,Heavy congestion detected - signal timing extended and reroute suggested
EVT423102,2026-01-23 11:05:13,Local Market Day,J009,Majestic,2692,Weekday,False,Clear,False,0.0,False,False,0.496,Moderate,23.6,40.7,164.9,0.117,0.271,0.966,Moderate traffic flow - standard adaptive signal timing in effect
EVT423103,2025-07-15 08:07:32,Political Rally,J009,Majestic,10012,Weekday,False,Clear,False,0.0,False,False,1.0,Severe,7.1,79.0,709.8,0.209,0.482,0.913,Heavy congestion detected - signal timing extended and reroute suggested
EVT423104,2025-09-20 16:40:33,Trade Fair,J030,MG Road,9814,Weekend,False,Fog,False,0.0,False,False,0.643,High,21.4,46.3,99.5,0.056,0.129,0.966,Moderate traffic flow - standard adaptive signal timing in effect
EVT423105,2025-08-19 08:26:39,Sports Fixture,J040,City Market,27262,Weekday,False,Rain,True,23.6,False,False,1.0,Severe,9.4,72.3,604.0,0.223,0.516,0.871,Heavy rain reducing visibility and grip - reduced speed and longer buffer advised
EVT423106,2025-11-15 19:22:07,Local Market Day,J011,Indiranagar 100ft Road,5746,Weekend,False,Clear,False,0.0,False,False,0.721,High,17.9,52.3,336.2,0.211,0.488,0.981,Moderate traffic flow - standard adaptive signal timing in effect
EVT423107,2025-09-23 06:41:55,Trade Fair,J020,Malleshwaram Circle,8054,Weekday,False,Clear,False,0.0,False,False,0.386,Moderate,32.1,28.5,176.1,0.164,0.38,0.988,Moderate traffic flow - standard adaptive signal timing in effect
EVT423108,2025-07-12 22:25:36,Sports Fixture,J030,MG Road,34469,Weekend,False,Heavy Rain,True,37.9,False,False,0.732,High,16.4,52.9,202.7,0.12,0.277,0.914,Heavy rain reducing visibility and grip - reduced speed and longer buffer advised
EVT423109,2025-09-27 13:43:32,Trade Fair,J011,Indiranagar 100ft Road,6386,Weekend,False,Clear,False,0.0,False,False,0.264,Low,35.4,15.5,164.7,0.156,0.361,0.968,Moderate traffic flow - standard adaptive signal timing in effect
EVT423110,2026-04-05 13:57:25,Concert,J009,Majestic,12430,Weekend,False,Clear,False,0.0,False,False,0.288,Low,32.0,20.6,141.4,0.149,0.345,0.945,Moderate traffic flow - standard adaptive signal timing in effect
EVT423111,2025-02-14 20:23:25,Local Market Day,J020,Malleshwaram Circle,3132,Weekday,False,Fog,False,0.0,False,False,0.638,High,19.8,41.8,261.9,0.151,0.348,0.938,Moderate traffic flow - standard adaptive signal timing in effect
EVT423112,2026-03-15 18:29:53,Sports Fixture,J009,Majestic,26605,Weekend,False,Clear,False,0.0,False,False,1.0,Severe,7.4,72.0,547.2,0.188,0.434,0.938,Heavy congestion detected - signal timing extended and reroute suggested
EVT423113,2026-01-23 15:46:15,Sports Fixture,J031,Cubbon Road,27546,Weekday,False,Clear,False,0.0,False,False,0.505,Moderate,23.9,35.1,145.3,0.08,0.184,0.978,Moderate traffic flow - standard adaptive signal timing in effect
EVT423114,2025-03-26 14:32:50,Concert,J023,Basavanagudi,8353,Weekday,False,Fog,False,0.0,False,False,0.18,Low,22.2,10.1,267.2,0.14,0.322,0.98,Normal free-flow traffic - standard signal timing maintained
EVT423115,2025-07-21 17:41:44,Trade Fair,J011,Indiranagar 100ft Road,9008,Weekday,False,Heavy Rain,True,33.2,False,False,1.0,Severe,9.1,76.6,722.4,0.268,0.62,0.868,Heavy rain reducing visibility and grip - reduced speed and longer buffer advised
EVT423116,2026-05-05 15:03:01,Local Market Day,J009,Majestic,2443,Weekday,False,Light Rain,True,0.5,False,False,0.34,Low,27.2,26.8,89.0,0.068,0.156,0.916,Light rain detected - minor speed reduction advised
EVT423117,2025-11-04 07:02:08,Sports Fixture,J011,Indiranagar 100ft Road,34125,Weekday,False,Clear,False,0.0,True,False,0.964,Severe,7.2,67.9,667.4,0.191,0.442,0.764,Accident detected nearby - reroute and reduced speed advised
EVT423118,2025-07-24 12:54:41,Local Market Day,J020,Malleshwaram Circle,3464,Weekday,False,Clear,False,0.0,False,False,0.221,Low,35.3,20.1,95.4,0.078,0.179,0.963,Normal free-flow traffic - standard signal timing maintained
EVT423119,2025-03-05 21:22:52,Concert,J040,City Market,9147,Weekday,False,Clear,False,0.0,False,False,0.385,Moderate,32.4,24.6,235.7,0.224,0.517,0.988,Moderate traffic flow - standard adaptive signal timing in effect
EVT423120,2025-09-15 15:13:14,Trade Fair,J030,MG Road,9039,Weekday,False,Clear,False,0.0,False,False,0.314,Low,29.3,28.6,129.9,0.092,0.212,0.979,Moderate traffic flow - standard adaptive signal timing in effect
EVT423121,2026-04-01 07:01:12,Concert,J031,Cubbon Road,10194,Weekday,False,Clear,False,0.0,False,False,0.474,Moderate,32.2,30.3,92.3,0.079,0.181,0.978,Moderate traffic flow - standard adaptive signal timing in effect
EVT423122,2025-12-18 18:23:45,Political Rally,J030,MG Road,30404,Weekday,False,Fog,False,0.0,False,False,1.0,Severe,9.2,74.2,631.6,0.242,0.559,0.911,Heavy congestion detected - signal timing extended and reroute suggested
EVT423123,2025-04-03 16:08:47,Local Market Day,J040,City Market,3149,Weekday,False,Clear,False,0.0,False,False,0.402,Moderate,37.8,34.6,166.1,0.198,0.457,0.974,Moderate traffic flow - standard adaptive signal timing in effect
EVT423124,2026-02-25 17:41:45,Concert,J020,Malleshwaram Circle,16221,Weekday,False,Clear,False,0.0,False,False,1.0,Severe,8.3,70.5,352.0,0.141,0.325,0.927,Heavy congestion detected - signal timing extended and reroute suggested
EVT423125,2025-12-16 11:09:36,Local Market Day,J011,Indiranagar 100ft Road,5988,Weekday,False,Clear,False,0.0,False,False,0.354,Moderate,29.9,26.8,190.8,0.148,0.342,0.953,Moderate traffic flow - standard adaptive signal timing in effect
EVT423126,2026-03-10 11:36:38,Trade Fair,J011,Indiranagar 100ft Road,5902,Weekday,False,Clear,False,0.0,False,False,0.298,Low,31.7,20.9,196.4,0.167,0.386,0.954,Moderate traffic flow - standard adaptive signal timing in effect
EVT423127,2025-01-24 20:24:49,Local Market Day,J020,Malleshwaram Circle,3315,Weekday,False,Clear,False,0.0,False,False,0.567,High,21.9,38.0,224.3,0.148,0.341,0.99,Moderate traffic flow - standard adaptive signal timing in effect
EVT423128,2025-07-18 22:14:00,Sports Fixture,J031,Cubbon Road,18824,Weekday,False,Rain,True,11.5,False,False,0.509,Moderate,26.0,35.9,197.4,0.137,0.317,0.93,Light rain detected - minor speed reduction advised
EVT423129,2025-03-28 10:21:34,Concert,J031,Cubbon Road,17796,Weekday,False,Clear,False,0.0,False,False,0.771,Severe,13.9,59.3,383.3,0.213,0.492,0.968,Heavy congestion detected - signal timing extended and reroute suggested
EVT423130,2025-02-19 08:50:09,Local Market Day,J020,Malleshwaram Circle,4834,Weekday,False,Clear,False,0.0,False,False,1.0,Severe,9.2,71.3,620.0,0.236,0.546,0.908,Heavy congestion detected - signal timing extended and reroute suggested
EVT423131,2025-05-08 08:09:20,Sports Fixture,J009,Majestic,27125,Weekday,False,Clear,False,0.0,False,False,1.0,Severe,7.3,69.8,598.9,0.195,0.451,0.883,Heavy congestion detected - signal timing extended and reroute suggested
EVT423132,2026-01-17 06:32:05,Sports Fixture,J023,Basavanagudi,14355,Weekend,False,Clear,False,0.0,False,False,0.395,Moderate,30.8,26.9,199.8,0.169,0.39,0.961,Moderate traffic flow - standard adaptive signal timing in effect
EVT423133,2025-08-14 15:49:40,Concert,J031,Cubbon Road,13556,Weekday,False,Heavy Rain,True,38.9,False,False,0.735,High,18.5,54.4,252.6,0.153,0.353,0.941,Heavy rain reducing visibility and grip - reduced speed and longer buffer advised
EVT423134,2025-01-16 05:11:05,Local Market Day,J030,MG Road,3516,Weekday,False,Clear,False,0.0,False,False,0.161,Low,36.0,9.3,79.9,0.072,0.166,0.959,Normal free-flow traffic - standard signal timing maintained
EVT423135,2025-02-04 18:18:45,Trade Fair,J011,Indiranagar 100ft Road,15404,Weekday,False,Clear,False,0.0,False,False,1.0,Severe,8.4,66.8,671.4,0.229,0.53,0.914,Heavy congestion detected - signal timing extended and reroute suggested
EVT423136,2025-04-11 12:50:35,Concert,J009,Majestic,9695,Weekday,False,Clear,False,0.0,False,False,0.228,Low,29.8,24.5,249.8,0.192,0.445,0.952,Normal free-flow traffic - standard signal timing maintained
EVT423137,2025-08-08 21:50:29,Concert,J030,MG Road,9979,Weekday,False,Clear,False,0.0,False,False,0.307,Low,25.4,24.0,243.9,0.203,0.468,0.971,Moderate traffic flow - standard adaptive signal timing in effect
EVT423138,2026-02-07 06:43:09,Political Rally,J011,Indiranagar 100ft Road,22144,Weekend,False,Clear,False,0.0,False,False,0.519,Moderate,27.7,38.0,165.2,0.143,0.33,0.961,Moderate traffic flow - standard adaptive signal timing in effect
EVT423139,2025-04-22 09:42:06,Local Market Day,J030,MG Road,2642,Weekday,False,Clear,False,0.0,False,False,0.928,Severe,11.5,61.4,565.5,0.249,0.576,0.924,Heavy congestion detected - signal timing extended and reroute suggested
EVT423140,2025-03-01 12:45:39,Trade Fair,J011,Indiranagar 100ft Road,9197,Weekend,False,Clear,False,0.0,False,False,0.246,Low,25.7,23.8,167.0,0.122,0.282,0.968,Normal free-flow traffic - standard signal timing maintained
EVT423141,2026-05-13 10:43:09,Sports Fixture,J011,Indiranagar 100ft Road,36121,Weekday,False,Heavy Rain,True,35.3,False,False,1.0,Severe,8.0,76.4,577.5,0.184,0.426,0.891,Heavy rain reducing visibility and grip - reduced speed and longer buffer advised
EVT423142,2025-02-09 10:58:20,Trade Fair,J011,Indiranagar 100ft Road,15249,Weekend,False,Clear,False,0.0,False,False,0.491,Moderate,16.2,37.1,324.6,0.17,0.393,0.969,Moderate traffic flow - standard adaptive signal timing in effect
EVT423143,2026-03-29 11:01:36,Sports Fixture,J023,Basavanagudi,12253,Weekend,False,Clear,False,0.0,False,False,0.427,Moderate,30.5,28.0,223.5,0.187,0.431,0.969,Moderate traffic flow - standard adaptive signal timing in effect
EVT423144,2025-12-20 15:09:25,Sports Fixture,J040,City Market,32040,Weekend,False,Clear,False,0.0,False,False,0.503,Moderate,26.5,32.5,175.1,0.115,0.266,0.963,Moderate traffic flow - standard adaptive signal timing in effect
EVT423145,2025-07-27 08:17:31,Concert,J020,Malleshwaram Circle,16476,Weekend,False,Heavy Rain,True,33.0,False,False,1.0,Severe,6.7,71.6,531.6,0.159,0.367,0.85,Heavy rain reducing visibility and grip - reduced speed and longer buffer advised
EVT423146,2026-06-07 15:50:42,Local Market Day,J031,Cubbon Road,3516,Weekend,False,Clear,False,0.0,False,False,0.443,Moderate,23.6,29.0,168.4,0.145,0.334,0.963,Moderate traffic flow - standard adaptive signal timing in effect
EVT423147,2025-07-08 09:14:13,Concert,J040,City Market,10431,Weekday,False,Fog,False,0.0,False,False,1.0,Severe,8.4,67.4,499.5,0.153,0.353,0.923,Heavy congestion detected - signal timing extended and reroute suggested
EVT423148,2026-06-07 12:40:32,Local Market Day,J031,Cubbon Road,5017,Weekend,False,Rain,True,15.9,False,False,0.365,Moderate,28.8,27.9,188.6,0.144,0.332,0.893,Light rain detected - minor speed reduction advised
EVT423149,2025-03-13 11:27:33,Concert,J012,Koramangala Sony World,8920,Weekday,False,Clear,False,0.0,False,False,0.363,Moderate,32.1,27.9,152.5,0.122,0.283,0.925,Moderate traffic flow - standard adaptive signal timing in effect
EVT423150,2025-06-22 14:26:57,Local Market Day,J031,Cubbon Road,3585,Weekend,False,Rain,True,11.1,False,False,0.404,Moderate,26.8,26.4,185.3,0.165,0.382,0.94,Light rain detected - minor speed reduction advised
EVT423151,2026-02-19 14:28:20,Local Market Day,J011,Indiranagar 100ft Road,2142,Weekday,False,Clear,False,0.0,False,False,0.174,Low,31.9,15.2,106.4,0.076,0.175,0.978,Normal free-flow traffic - standard signal timing maintained
EVT423152,2025-10-28 19:35:45,Local Market Day,J030,MG Road,4288,Weekday,False,Heavy Rain,True,37.3,False,False,1.0,Severe,10.1,72.8,575.0,0.227,0.524,0.86,Heavy rain reducing visibility and grip - reduced speed and longer buffer advised
EVT423153,2026-05-13 09:44:31,Political Rally,J030,MG Road,13783,Weekday,False,Rain,True,13.4,False,False,1.0,Severe,7.1,70.2,627.2,0.181,0.418,0.883,Heavy rain reducing visibility and grip - reduced speed and longer buffer advised
EVT423154,2026-01-13 13:15:49,Concert,J023,Basavanagudi,12156,Weekday,False,Clear,False,0.0,False,False,0.221,Low,30.5,19.1,197.0,0.151,0.349,0.984,Normal free-flow traffic - standard signal timing maintained
EVT423155,2025-02-18 15:09:50,Local Market Day,J040,City Market,5371,Weekday,False,Clear,False,0.0,False,False,0.314,Low,28.3,20.9,179.3,0.118,0.273,0.961,Moderate traffic flow - standard adaptive signal timing in effect
EVT423156,2026-02-19 12:51:07,Trade Fair,J030,MG Road,16739,Weekday,False,Clear,False,0.0,False,False,0.233,Low,36.7,10.8,158.8,0.149,0.344,0.979,Normal free-flow traffic - standard signal timing maintained
EVT423157,2025-06-14 22:13:46,Sports Fixture,J009,Majestic,7221,Weekend,False,Rain,True,14.6,False,False,0.475,Moderate,26.5,38.0,176.7,0.15,0.346,0.904,Light rain detected - minor speed reduction advised
EVT423158,2026-06-02 09:54:34,Trade Fair,J040,City Market,8743,Weekday,False,Clear,False,0.0,False,False,0.882,Severe,10.6,62.3,172.0,0.069,0.158,0.936,Heavy congestion detected - signal timing extended and reroute suggested
EVT423159,2026-04-29 10:21:13,Local Market Day,J040,City Market,4941,Weekday,False,Clear,False,0.0,False,False,0.63,High,15.9,45.1,486.6,0.227,0.525,0.958,Moderate traffic flow - standard adaptive signal timing in effect
EVT423160,2025-10-21 18:34:43,Religious Festival,J040,City Market,64701,Weekday,True,Clear,False,0.0,False,True,1.0,Severe,8.1,96.4,650.2,0.221,0.511,0.84,Road closure for event/procession - full detour recommended for through-traffic
EVT423161,2026-06-08 18:02:13,Political Rally,J011,Indiranagar 100ft Road,14661,Weekday,False,Clear,False,0.0,False,False,1.0,Severe,9.1,75.9,738.8,0.272,0.629,0.904,Heavy congestion detected - signal timing extended and reroute suggested
EVT423162,2025-11-12 13:01:43,Local Market Day,J009,Majestic,3627,Weekday,False,Fog,False,0.0,False,False,0.165,Low,37.2,12.3,177.0,0.148,0.342,0.974,Normal free-flow traffic - standard signal timing maintained
EVT423163,2025-11-15 15:15:29,Concert,J040,City Market,16267,Weekend,False,Rain,True,15.5,False,False,0.548,Moderate,26.7,37.3,244.4,0.191,0.441,0.91,Light rain detected - minor speed reduction advised
EVT423164,2025-11-10 09:52:26,Sports Fixture,J030,MG Road,30768,Weekday,False,Clear,False,0.0,False,False,1.0,Severe,9.7,72.9,645.7,0.263,0.606,0.907,Heavy congestion detected - signal timing extended and reroute suggested
EVT423165,2025-12-29 01:37:17,Concert,J031,Cubbon Road,12388,Weekday,False,Clear,False,0.0,False,False,0.238,Low,30.2,14.1,154.5,0.138,0.318,0.983,Normal free-flow traffic - standard signal timing maintained
EVT423166,2026-01-18 14:57:16,Trade Fair,J040,City Market,11812,Weekend,False,Clear,False,0.0,False,False,0.337,Low,25.0,17.6,83.0,0.056,0.13,0.943,Moderate traffic flow - standard adaptive signal timing in effect
EVT423167,2025-12-12 09:47:57,Trade Fair,J040,City Market,18233,Weekday,False,Clear,False,0.0,False,False,0.929,Severe,10.8,62.8,685.4,0.295,0.682,0.917,Heavy congestion detected - signal timing extended and reroute suggested
EVT423168,2026-03-21 14:10:50,Political Rally,J012,Koramangala Sony World,16449,Weekend,False,Clear,False,0.0,False,False,0.397,Moderate,26.5,28.1,195.6,0.138,0.318,0.963,Moderate traffic flow - standard adaptive signal timing in effect
EVT423169,2025-06-28 14:14:59,Sports Fixture,J040,City Market,21752,Weekend,False,Clear,False,0.0,False,False,0.273,Low,35.3,15.8,83.7,0.062,0.144,0.956,Moderate traffic flow - standard adaptive signal timing in effect
EVT423170,2025-04-02 08:34:45,Sports Fixture,J031,Cubbon Road,18104,Weekday,False,Clear,False,0.0,False,False,1.0,Severe,8.6,71.5,740.5,0.23,0.531,0.949,Heavy congestion detected - signal timing extended and reroute suggested
EVT423171,2025-02-09 20:13:43,Sports Fixture,J031,Cubbon Road,22100,Weekend,False,Clear,False,0.0,False,False,0.66,High,21.4,42.5,238.5,0.157,0.363,0.961,Moderate traffic flow - standard adaptive signal timing in effect
EVT423172,2025-08-07 13:20:30,Concert,J040,City Market,17685,Weekday,False,Clear,False,0.0,False,False,0.207,Low,27.0,7.2,271.2,0.176,0.406,0.972,Normal free-flow traffic - standard signal timing maintained
EVT423173,2025-11-19 21:47:56,Local Market Day,J012,Koramangala Sony World,3744,Weekday,False,Clear,False,0.0,False,False,0.273,Low,28.4,21.4,92.2,0.064,0.148,0.949,Moderate traffic flow - standard adaptive signal timing in effect
EVT423174,2026-06-02 20:32:12,Concert,J009,Majestic,6875,Weekday,False,Clear,False,0.0,False,False,0.565,High,21.6,38.9,220.5,0.143,0.331,0.953,Moderate traffic flow - standard adaptive signal timing in effect
EVT423175,2025-01-21 14:18:42,Concert,J040,City Market,10624,Weekday,False,Clear,False,0.0,False,False,0.215,Low,34.0,13.6,137.7,0.11,0.253,0.972,Normal free-flow traffic - standard signal timing maintained
EVT423176,2026-02-24 16:02:24,Trade Fair,J012,Koramangala Sony World,4453,Weekday,False,Clear,False,0.0,False,False,0.528,Moderate,29.5,40.8,178.3,0.141,0.327,0.959,Moderate traffic flow - standard adaptive signal timing in effect
EVT423177,2026-05-16 08:32:31,Political Rally,J031,Cubbon Road,14283,Weekend,False,Clear,False,0.0,False,False,0.826,Severe,15.5,53.9,459.0,0.251,0.581,0.96,Heavy congestion detected - signal timing extended and reroute suggested
EVT423178,2026-03-15 22:08:15,Sports Fixture,J012,Koramangala Sony World,36235,Weekend,False,Clear,False,0.0,False,False,0.478,Moderate,25.4,35.7,152.5,0.109,0.251,0.966,Moderate traffic flow - standard adaptive signal timing in effect
EVT423179,2026-06-03 08:07:51,Sports Fixture,J009,Majestic,23488,Weekday,False,Clear,False,0.0,False,False,0.944,Severe,10.6,71.1,465.8,0.195,0.45,0.947,Heavy congestion detected - signal timing extended and reroute suggested
EVT423180,2026-03-07 16:50:36,Trade Fair,J012,Koramangala Sony World,4421,Weekend,False,Rain,True,9.7,False,False,0.77,Severe,15.9,58.5,280.1,0.16,0.37,0.901,Heavy rain reducing visibility and grip - reduced speed and longer buffer advised
EVT423181,2026-03-09 13:18:55,Concert,J031,Cubbon Road,12419,Weekday,False,Clear,False,0.0,False,False,0.184,Low,38.7,12.5,135.2,0.127,0.293,0.981,Normal free-flow traffic - standard signal timing maintained
EVT423182,2026-05-11 17:23:50,Sports Fixture,J023,Basavanagudi,17497,Weekday,False,Clear,False,0.0,False,False,0.912,Severe,11.8,66.3,153.9,0.085,0.196,0.925,Heavy congestion detected - signal timing extended and reroute suggested
EVT423183,2026-02-15 09:51:12,Local Market Day,J031,Cubbon Road,3355,Weekend,False,Clear,False,0.0,False,False,0.785,Severe,18.5,55.2,305.7,0.212,0.489,0.95,Heavy congestion detected - signal timing extended and reroute suggested
EVT423184,2026-05-08 18:05:57,Local Market Day,J031,Cubbon Road,3783,Weekday,False,Light Rain,True,4.7,False,False,1.0,Severe,7.0,74.3,707.6,0.202,0.467,0.83,Heavy rain reducing visibility and grip - reduced speed and longer buffer advised
EVT423185,2026-05-09 13:58:22,Sports Fixture,J030,MG Road,18466,Weekend,False,Clear,False,0.0,False,False,0.251,Low,31.2,20.3,93.4,0.073,0.168,0.95,Moderate traffic flow - standard adaptive signal timing in effect
EVT423186,2025-08-04 21:24:21,Sports Fixture,J009,Majestic,16172,Weekday,False,Heavy Rain,True,34.1,False,False,0.749,High,16.2,56.2,313.7,0.193,0.446,0.916,Heavy rain reducing visibility and grip - reduced speed and longer buffer advised
EVT423187,2025-10-17 12:38:30,Local Market Day,J012,Koramangala Sony World,5655,Weekday,False,Clear,False,0.0,False,False,0.139,Low,36.1,10.4,120.5,0.103,0.239,0.974,Normal free-flow traffic - standard signal timing maintained
EVT423188,2025-03-18 13:37:43,Concert,J011,Indiranagar 100ft Road,13617,Weekday,False,Clear,False,0.0,False,False,0.214,Low,36.5,13.1,131.2,0.131,0.304,0.962,Normal free-flow traffic - standard signal timing maintained
EVT423189,2025-11-11 13:29:48,Local Market Day,J031,Cubbon Road,4043,Weekday,False,Light Rain,True,6.1,False,False,0.31,Low,27.0,22.2,181.9,0.125,0.289,0.911,Light rain detected - minor speed reduction advised
EVT423190,2026-03-12 09:22:23,Local Market Day,J020,Malleshwaram Circle,2691,Weekday,False,Clear,False,0.0,False,False,0.991,Severe,9.1,76.2,434.8,0.179,0.413,0.912,Heavy congestion detected - signal timing extended and reroute suggested
EVT423191,2025-09-01 18:21:03,Sports Fixture,J020,Malleshwaram Circle,37010,Weekday,False,Clear,False,0.0,False,False,1.0,Severe,8.7,71.0,764.8,0.254,0.586,0.922,Heavy congestion detected - signal timing extended and reroute suggested
EVT423192,2025-01-23 08:58:14,Sports Fixture,J009,Majestic,24338,Weekday,False,Clear,False,0.0,False,False,1.0,Severe,8.9,76.4,279.9,0.11,0.254,0.911,Heavy congestion detected - signal timing extended and reroute suggested
EVT423193,2025-04-02 17:53:27,Local Market Day,J009,Majestic,6607,Weekday,False,Clear,False,0.0,False,False,1.0,Severe,7.7,63.9,731.8,0.199,0.459,0.886,Heavy congestion detected - signal timing extended and reroute suggested
EVT423194,2025-09-15 20:21:02,Local Market Day,J030,MG Road,3787,Weekday,False,Clear,False,0.0,False,False,0.627,High,18.2,40.1,238.4,0.158,0.365,0.966,Moderate traffic flow - standard adaptive signal timing in effect
EVT423195,2026-04-04 19:05:56,Sports Fixture,J012,Koramangala Sony World,9136,Weekend,False,Clear,False,0.0,False,False,0.898,Severe,12.6,66.4,401.1,0.188,0.434,0.934,Heavy congestion detected - signal timing extended and reroute suggested
EVT423196,2025-06-29 17:28:48,Concert,J031,Cubbon Road,15007,Weekend,False,Heavy Rain,True,42.0,False,False,1.0,Severe,10.8,67.1,527.0,0.231,0.534,0.861,Heavy rain reducing visibility and grip - reduced speed and longer buffer advised
EVT423197,2025-12-05 23:35:28,Sports Fixture,J031,Cubbon Road,22564,Weekday,False,Clear,False,0.0,False,False,0.3,Low,25.1,18.9,244.6,0.151,0.349,0.953,Moderate traffic flow - standard adaptive signal timing in effect
EVT423198,2026-04-29 13:45:20,Trade Fair,J012,Koramangala Sony World,11652,Weekday,False,Clear,False,0.0,False,False,0.246,Low,33.0,13.6,163.7,0.135,0.312,0.988,Normal free-flow traffic - standard signal timing maintained
EVT423199,2025-02-09 17:57:35,Political Rally,J040,City Market,23931,Weekend,False,Clear,False,0.0,False,False,0.978,Severe,10.3,60.3,423.4,0.183,0.422,0.912,Heavy congestion detected - signal timing extended and reroute suggested
EVT423200,2026-04-13 19:12:18,Local Market Day,J012,Koramangala Sony World,2333,Weekday,False,Clear,False,0.0,False,False,0.949,Severe,9.8,65.4,349.7,0.145,0.334,0.916,Heavy congestion detected - signal timing extended and reroute suggested
EVT423201,2026-06-23 12:01:47,Sports Fixture,J031,Cubbon Road,37442,Weekday,False,Clear,False,0.0,False,False,0.38,Moderate,27.8,24.8,209.0,0.172,0.397,0.971,Moderate traffic flow - standard adaptive signal timing in effect
EVT423202,2026-03-17 20:45:36,Sports Fixture,J012,Koramangala Sony World,14709,Weekday,False,Clear,False,0.0,False,False,0.476,Moderate,27.4,32.9,246.5,0.172,0.397,0.953,Moderate traffic flow - standard adaptive signal timing in effect
EVT423203,2025-05-14 09:55:39,Concert,J011,Indiranagar 100ft Road,11800,Weekday,False,Clear,False,0.0,False,False,0.942,Severe,9.0,68.5,577.2,0.183,0.424,0.941,Heavy congestion detected - signal timing extended and reroute suggested
EVT423204,2025-01-31 09:22:13,Local Market Day,J012,Koramangala Sony World,3973,Weekday,False,Clear,False,0.0,False,False,0.985,Severe,10.2,65.0,567.5,0.22,0.509,0.918,Heavy congestion detected - signal timing extended and reroute suggested
EVT423205,2025-04-06 07:54:47,Cultural Procession,J023,Basavanagudi,23450,Weekend,True,Clear,False,0.0,False,True,1.0,Severe,6.8,86.6,960.5,0.261,0.602,0.83,Road closure for event/procession - full detour recommended for through-traffic
EVT423206,2025-05-11 10:32:19,Concert,J030,MG Road,17439,Weekend,False,Clear,False,0.0,False,False,0.706,High,21.5,54.1,149.1,0.089,0.205,0.971,Moderate traffic flow - standard adaptive signal timing in effect
EVT423207,2026-06-02 18:38:52,Concert,J040,City Market,9862,Weekday,False,Light Rain,True,6.7,False,False,1.0,Severe,9.2,67.1,550.4,0.206,0.477,0.874,Heavy rain reducing visibility and grip - reduced speed and longer buffer advised
EVT423208,2025-11-06 21:07:29,Local Market Day,J012,Koramangala Sony World,6574,Weekday,False,Light Rain,True,6.8,False,False,0.444,Moderate,27.1,29.2,144.6,0.11,0.253,0.899,Light rain detected - minor speed reduction advised
EVT423209,2026-02-14 21:37:33,Trade Fair,J030,MG Road,6440,Weekend,False,Clear,False,0.0,False,False,0.35,Low,25.9,27.4,68.6,0.048,0.111,0.972,Moderate traffic flow - standard adaptive signal timing in effect
EVT423210,2026-02-27 22:24:03,Local Market Day,J031,Cubbon Road,2239,Weekday,False,Clear,False,0.0,False,False,0.152,Low,33.2,11.1,99.7,0.075,0.172,0.976,Normal free-flow traffic - standard signal timing maintained
EVT423211,2026-05-28 10:57:13,Sports Fixture,J020,Malleshwaram Circle,18285,Weekday,False,Clear,False,0.0,False,False,0.504,Moderate,26.5,36.1,205.1,0.163,0.377,0.953,Moderate traffic flow - standard adaptive signal timing in effect
EVT423212,2025-04-14 17:24:57,Religious Festival,J040,City Market,39878,Weekday,True,Clear,False,0.0,False,False,1.0,Severe,10.1,67.3,757.9,0.299,0.691,0.856,Festival crowd surge detected - alternate route and extended cycle recommended
EVT423213,2026-01-16 18:16:50,Local Market Day,J031,Cubbon Road,3830,Weekday,False,Clear,False,0.0,False,False,0.999,Severe,8.1,68.4,644.9,0.233,0.538,0.891,Heavy congestion detected - signal timing extended and reroute suggested
EVT423214,2026-03-05 11:42:57,Fireworks Display,J023,Basavanagudi,35246,Weekday,True,Clear,False,0.0,False,False,0.697,High,16.2,44.9,358.1,0.184,0.425,0.909,Festival crowd surge detected - alternate route and extended cycle recommended
EVT423215,2026-01-06 12:56:09,Trade Fair,J030,MG Road,7979,Weekday,False,Clear,False,0.0,False,False,0.221,Low,28.6,14.8,64.0,0.048,0.111,0.953,Normal free-flow traffic - standard signal timing maintained
EVT423216,2026-02-28 08:06:12,Local Market Day,J031,Cubbon Road,4766,Weekend,False,Clear,False,0.0,False,False,0.82,Severe,13.0,58.7,476.0,0.209,0.483,0.954,Heavy congestion detected - signal timing extended and reroute suggested
EVT423217,2025-05-16 19:33:47,Local Market Day,J040,City Market,3595,Weekday,False,Clear,False,0.0,False,False,0.826,Severe,12.2,61.0,282.1,0.148,0.342,0.948,Heavy congestion detected - signal timing extended and reroute suggested
EVT423218,2026-06-01 06:34:16,Concert,J011,Indiranagar 100ft Road,8396,Weekday,False,Light Rain,True,7.1,False,False,0.445,Moderate,22.5,37.4,294.1,0.22,0.508,0.906,Light rain detected - minor speed reduction advised
EVT423219,2025-07-02 08:15:59,Local Market Day,J031,Cubbon Road,4463,Weekday,False,Rain,True,22.0,False,False,1.0,Severe,6.0,71.8,248.3,0.068,0.157,0.848,Heavy rain reducing visibility and grip - reduced speed and longer buffer advised
EVT423220,2026-03-22 11:54:56,Local Market Day,J011,Indiranagar 100ft Road,4018,Weekend,False,Clear,False,0.0,False,False,0.346,Low,26.6,27.5,231.0,0.185,0.428,0.986,Moderate traffic flow - standard adaptive signal timing in effect
EVT423221,2025-06-10 11:43:50,Political Rally,J030,MG Road,19462,Weekday,False,Fog,False,0.0,False,False,0.316,Low,30.3,21.7,136.3,0.103,0.239,0.949,Moderate traffic flow - standard adaptive signal timing in effect
EVT423222,2025-01-21 09:26:35,Local Market Day,J012,Koramangala Sony World,3032,Weekday,False,Fog,False,0.0,False,False,0.933,Severe,12.1,66.9,159.6,0.081,0.186,0.931,Heavy congestion detected - signal timing extended and reroute suggested
EVT423223,2025-10-20 10:45:41,Religious Festival,J009,Majestic,24063,Weekday,True,Clear,False,0.0,False,False,0.847,Severe,13.6,69.2,187.0,0.092,0.212,0.91,Festival crowd surge detected - alternate route and extended cycle recommended
EVT423224,2025-01-20 08:05:39,Sports Fixture,J009,Majestic,34814,Weekday,False,Clear,False,0.0,False,False,1.0,Severe,7.4,67.5,666.2,0.204,0.471,0.899,Heavy congestion detected - signal timing extended and reroute suggested
EVT423225,2025-08-06 19:29:40,Local Market Day,J031,Cubbon Road,4055,Weekday,False,Heavy Rain,True,33.3,False,False,1.0,Severe,9.6,68.6,579.1,0.221,0.512,0.88,Heavy rain reducing visibility and grip - reduced speed and longer buffer advised
EVT423226,2026-05-27 12:50:54,Political Rally,J023,Basavanagudi,13065,Weekday,False,Clear,False,0.0,False,False,0.254,Low,37.5,15.3,165.8,0.181,0.419,0.976,Moderate traffic flow - standard adaptive signal timing in effect
EVT423227,2026-03-15 17:03:19,Local Market Day,J031,Cubbon Road,3766,Weekend,False,Clear,False,0.0,False,False,0.62,High,22.8,45.2,279.4,0.175,0.405,0.966,Moderate traffic flow - standard adaptive signal timing in effect
EVT423228,2025-06-27 21:21:55,Sports Fixture,J031,Cubbon Road,13093,Weekday,False,Rain,True,12.5,False,False,0.554,High,23.4,42.2,229.5,0.168,0.388,0.922,Heavy rain reducing visibility and grip - reduced speed and longer buffer advised
EVT423229,2025-01-06 12:15:45,Local Market Day,J040,City Market,3230,Weekday,False,Clear,False,0.0,False,False,0.23,Low,36.0,19.7,136.7,0.128,0.296,0.959,Normal free-flow traffic - standard signal timing maintained
EVT423230,2026-05-13 09:23:26,Local Market Day,J023,Basavanagudi,3452,Weekday,False,Clear,False,0.0,False,False,1.0,Severe,9.4,78.0,478.7,0.194,0.447,0.906,Heavy congestion detected - signal timing extended and reroute suggested
EVT423231,2026-05-25 08:45:34,Local Market Day,J009,Majestic,3266,Weekday,False,Clear,False,0.0,False,False,0.965,Severe,8.3,69.0,493.8,0.157,0.364,0.94,Heavy congestion detected - signal timing extended and reroute suggested
EVT423232,2025-09-05 08:40:20,Cultural Procession,J012,Koramangala Sony World,15359,Weekday,True,Clear,False,0.0,False,True,1.0,Severe,9.1,102.4,535.9,0.184,0.425,0.846,Road closure for event/procession - full detour recommended for through-traffic
EVT423233,2025-08-09 08:31:16,Local Market Day,J023,Basavanagudi,2549,Weekend,False,Rain,True,19.7,False,False,1.0,Severe,8.7,68.0,224.2,0.094,0.216,0.874,Heavy rain reducing visibility and grip - reduced speed and longer buffer advised
EVT423234,2025-12-15 16:30:35,Local Market Day,J012,Koramangala Sony World,2406,Weekday,False,Clear,False,0.0,False,False,0.522,Moderate,25.1,35.0,138.0,0.083,0.192,0.944,Moderate traffic flow - standard adaptive signal timing in effect
EVT423235,2026-03-04 13:58:22,Fireworks Display,J011,Indiranagar 100ft Road,27558,Weekday,True,Clear,False,0.0,False,False,0.546,Moderate,21.0,45.5,195.1,0.125,0.289,0.913,Festival crowd surge detected - alternate route and extended cycle recommended
EVT423236,2026-05-26 06:54:34,Political Rally,J009,Majestic,11384,Weekday,False,Clear,False,0.0,False,False,0.498,Moderate,24.6,46.1,217.1,0.138,0.318,0.969,Moderate traffic flow - standard adaptive signal timing in effect
EVT423237,2025-06-28 10:11:05,Sports Fixture,J009,Majestic,14735,Weekend,False,Heavy Rain,True,26.9,False,False,1.0,Severe,7.4,77.0,672.4,0.201,0.463,0.855,Heavy rain reducing visibility and grip - reduced speed and longer buffer advised
EVT423238,2025-10-26 01:14:35,Local Market Day,J009,Majestic,6888,Weekend,False,Clear,False,0.0,False,False,0.288,Low,34.3,19.7,177.4,0.157,0.363,0.963,Moderate traffic flow - standard adaptive signal timing in effect
EVT423239,2026-01-12 06:09:04,Trade Fair,J020,Malleshwaram Circle,8020,Weekday,False,Clear,False,0.0,False,False,0.212,Low,35.4,14.5,221.1,0.19,0.438,0.975,Normal free-flow traffic - standard signal timing maintained
EVT423240,2026-02-11 16:48:42,Sports Fixture,J009,Majestic,86129,Weekday,False,Clear,False,0.0,False,False,1.0,Severe,8.2,68.4,569.1,0.183,0.422,0.912,Heavy congestion detected - signal timing extended and reroute suggested
EVT423241,2025-02-20 11:49:12,Local Market Day,J031,Cubbon Road,4274,Weekday,False,Clear,False,0.0,False,False,0.296,Low,30.5,16.1,55.7,0.035,0.082,0.946,Moderate traffic flow - standard adaptive signal timing in effect
EVT423242,2025-08-11 14:53:09,Trade Fair,J011,Indiranagar 100ft Road,8611,Weekday,False,Clear,False,0.0,False,False,0.257,Low,36.5,17.5,120.6,0.137,0.316,0.959,Moderate traffic flow - standard adaptive signal timing in effect
EVT423243,2025-08-29 07:26:23,Trade Fair,J030,MG Road,14157,Weekday,False,Clear,False,0.0,False,False,0.696,High,16.2,49.9,184.3,0.1,0.232,0.979,Moderate traffic flow - standard adaptive signal timing in effect
EVT423244,2026-04-27 17:54:34,Local Market Day,J009,Majestic,3192,Weekday,False,Clear,False,0.0,False,False,0.972,Severe,9.1,73.1,192.0,0.085,0.196,0.914,Heavy congestion detected - signal timing extended and reroute suggested
EVT423245,2025-08-24 17:35:26,Political Rally,J030,MG Road,15268,Weekend,False,Clear,False,0.0,False,False,0.784,Severe,15.2,55.9,268.2,0.137,0.317,0.967,Heavy congestion detected - signal timing extended and reroute suggested
EVT423246,2025-11-30 10:33:46,Local Market Day,J012,Koramangala Sony World,2720,Weekend,False,Clear,False,0.0,False,False,0.569,High,19.7,42.8,210.9,0.126,0.292,0.93,Moderate traffic flow - standard adaptive signal timing in effect
EVT423247,2025-01-26 09:28:49,Cultural Procession,J011,Indiranagar 100ft Road,10675,Weekend,True,Clear,False,0.0,False,False,1.0,Severe,8.7,75.4,362.7,0.135,0.312,0.856,Festival crowd surge detected - alternate route and extended cycle recommended
EVT423248,2025-12-21 06:07:12,Concert,J011,Indiranagar 100ft Road,12026,Weekend,False,Clear,False,0.0,False,False,0.353,Moderate,26.6,30.1,114.6,0.083,0.191,0.938,Moderate traffic flow - standard adaptive signal timing in effect
EVT423249,2026-04-11 18:36:56,Trade Fair,J023,Basavanagudi,7844,Weekend,False,Clear,False,0.0,False,False,0.821,Severe,13.1,59.6,303.5,0.159,0.367,0.926,Heavy congestion detected - signal timing extended and reroute suggested
EVT423250,2026-03-09 17:41:58,Trade Fair,J030,MG Road,11896,Weekday,False,Clear,False,0.0,False,False,0.949,Severe,12.8,70.1,289.2,0.138,0.318,0.92,Heavy congestion detected - signal timing extended and reroute suggested
EVT423251,2025-01-14 13:01:17,Cultural Procession,J011,Indiranagar 100ft Road,28268,Weekday,True,Clear,False,0.0,False,False,0.511,Moderate,22.3,29.7,245.9,0.166,0.384,0.933,Festival crowd surge detected - alternate route and extended cycle recommended
EVT423252,2026-04-06 16:08:11,Local Market Day,J040,City Market,3782,Weekday,False,Clear,False,0.0,False,False,0.468,Moderate,22.0,30.8,172.2,0.104,0.241,0.958,Moderate traffic flow - standard adaptive signal timing in effect
EVT423253,2025-06-05 12:26:59,Local Market Day,J020,Malleshwaram Circle,2643,Weekday,False,Heavy Rain,True,35.6,False,False,0.55,High,24.1,33.4,160.3,0.093,0.215,0.917,Heavy rain reducing visibility and grip - reduced speed and longer buffer advised
EVT423254,2025-10-23 18:39:17,Concert,J020,Malleshwaram Circle,5995,Weekday,False,Clear,False,0.0,False,False,1.0,Severe,8.1,63.8,710.3,0.253,0.584,0.913,Heavy congestion detected - signal timing extended and reroute suggested
EVT423255,2025-08-17 09:13:55,Political Rally,J009,Majestic,20275,Weekend,False,Fog,False,0.0,False,False,0.934,Severe,8.3,63.8,513.9,0.173,0.4,0.931,Heavy congestion detected - signal timing extended and reroute suggested
EVT423256,2026-05-10 18:11:38,Local Market Day,J031,Cubbon Road,2168,Weekend,False,Clear,False,0.0,False,False,0.773,Severe,18.3,56.3,373.5,0.23,0.532,0.959,Heavy congestion detected - signal timing extended and reroute suggested
EVT423257,2025-07-24 19:48:24,Trade Fair,J012,Koramangala Sony World,7895,Weekday,False,Clear,False,0.0,False,False,0.828,Severe,15.1,58.6,222.3,0.118,0.273,0.942,Heavy congestion detected - signal timing extended and reroute suggested
EVT423258,2025-07-22 20:01:42,Sports Fixture,J009,Majestic,24123,Weekday,False,Clear,False,0.0,False,False,0.854,Severe,15.7,63.8,330.3,0.186,0.43,0.97,Heavy congestion detected - signal timing extended and reroute suggested
EVT423259,2026-06-16 18:11:11,Concert,J020,Malleshwaram Circle,12728,Weekday,False,Light Rain,True,6.7,False,False,1.0,Severe,8.2,70.3,816.2,0.252,0.583,0.853,Heavy rain reducing visibility and grip - reduced speed and longer buffer advised
EVT423260,2026-01-30 16:08:54,Political Rally,J012,Koramangala Sony World,20826,Weekday,False,Fog,False,0.0,False,False,0.631,High,22.8,46.8,295.6,0.208,0.48,0.974,Moderate traffic flow - standard adaptive signal timing in effect
EVT423261,2025-03-05 19:38:52,Concert,J012,Koramangala Sony World,8083,Weekday,False,Clear,False,0.0,False,False,0.876,Severe,13.7,62.2,325.1,0.179,0.414,0.929,Heavy congestion detected - signal timing extended and reroute suggested
EVT423262,2025-02-17 13:37:34,Local Market Day,J012,Koramangala Sony World,3111,Weekday,False,Clear,False,0.0,False,False,0.121,Low,41.1,13.2,114.3,0.109,0.251,0.961,Normal free-flow traffic - standard signal timing maintained
EVT423263,2026-02-05 20:31:58,Sports Fixture,J020,Malleshwaram Circle,15787,Weekday,False,Clear,False,0.0,False,False,0.544,Moderate,19.8,37.9,183.1,0.113,0.261,0.99,Moderate traffic flow - standard adaptive signal timing in effect
EVT423264,2025-12-19 20:44:13,Local Market Day,J030,MG Road,2159,Weekday,False,Clear,False,0.0,False,False,0.482,Moderate,27.8,35.2,151.5,0.107,0.247,0.958,Moderate traffic flow - standard adaptive signal timing in effect
EVT423265,2025-08-06 05:06:14,Concert,J030,MG Road,30774,Weekday,False,Clear,False,0.0,False,False,0.301,Low,28.1,18.6,216.4,0.149,0.345,0.943,Moderate traffic flow - standard adaptive signal timing in effect
EVT423266,2025-07-21 18:17:49,Concert,J040,City Market,14513,Weekday,False,Clear,False,0.0,False,False,1.0,Severe,7.0,73.5,596.6,0.163,0.377,0.915,Heavy congestion detected - signal timing extended and reroute suggested
EVT423267,2026-05-04 20:36:23,Sports Fixture,J020,Malleshwaram Circle,26765,Weekday,False,Clear,False,0.0,False,False,0.667,High,16.6,48.8,184.7,0.101,0.234,0.967,Moderate traffic flow - standard adaptive signal timing in effect
EVT423268,2025-08-25 10:02:32,Sports Fixture,J031,Cubbon Road,23753,Weekday,False,Clear,False,0.0,False,False,1.0,Severe,8.7,76.0,544.2,0.213,0.492,0.917,Heavy congestion detected - signal timing extended and reroute suggested
EVT423269,2025-05-02 23:10:29,Religious Festival,J009,Majestic,73245,Weekday,True,Clear,False,0.0,False,False,0.818,Severe,16.7,61.7,454.8,0.235,0.543,0.905,Festival crowd surge detected - alternate route and extended cycle recommended
EVT423270,2026-06-18 12:00:36,Sports Fixture,J009,Majestic,10279,Weekday,False,Light Rain,True,5.9,False,False,0.323,Low,35.4,24.2,129.7,0.13,0.3,0.905,Light rain detected - minor speed reduction advised
EVT423271,2025-11-17 10:08:58,Concert,J023,Basavanagudi,14212,Weekday,False,Clear,False,0.0,False,False,0.764,Severe,17.4,55.3,261.5,0.15,0.348,0.963,Heavy congestion detected - signal timing extended and reroute suggested
EVT423272,2025-07-15 11:07:13,Concert,J020,Malleshwaram Circle,12113,Weekday,False,Clear,False,0.0,False,False,0.57,High,25.6,44.9,254.9,0.189,0.438,0.976,Moderate traffic flow - standard adaptive signal timing in effect
EVT423273,2025-01-14 11:21:47,Religious Festival,J040,City Market,45301,Weekday,True,Clear,False,0.0,False,False,0.772,Severe,15.4,60.2,423.2,0.212,0.49,0.915,Festival crowd surge detected - alternate route and extended cycle recommended
EVT423274,2025-02-24 10:31:00,Concert,J009,Majestic,20743,Weekday,False,Clear,False,0.0,False,False,0.658,High,18.9,45.9,312.7,0.206,0.475,0.946,Moderate traffic flow - standard adaptive signal timing in effect
EVT423275,2025-04-08 15:17:03,Local Market Day,J009,Majestic,4618,Weekday,False,Clear,False,0.0,False,False,0.334,Low,31.0,28.3,161.1,0.126,0.292,0.978,Moderate traffic flow - standard adaptive signal timing in effect
EVT423276,2026-02-03 21:08:04,Sports Fixture,J009,Majestic,31377,Weekday,False,Clear,False,0.0,False,False,0.592,High,24.1,44.5,188.4,0.123,0.285,0.947,Moderate traffic flow - standard adaptive signal timing in effect
EVT423277,2026-06-08 13:06:06,Sports Fixture,J020,Malleshwaram Circle,17632,Weekday,False,Rain,True,8.0,False,False,0.392,Moderate,34.8,31.7,133.4,0.134,0.308,0.907,Light rain detected - minor speed reduction advised
EVT423278,2025-05-04 18:09:40,Sports Fixture,J011,Indiranagar 100ft Road,11669,Weekend,False,Rain,True,10.9,False,False,1.0,Severe,8.4,67.0,628.9,0.228,0.526,0.863,Heavy rain reducing visibility and grip - reduced speed and longer buffer advised
EVT423279,2026-05-30 12:23:26,Trade Fair,J020,Malleshwaram Circle,9681,Weekend,False,Rain,True,8.2,False,False,0.441,Moderate,27.5,28.0,64.7,0.057,0.131,0.925,Light rain detected - minor speed reduction advised
EVT423280,2026-01-10 14:40:40,Political Rally,J011,Indiranagar 100ft Road,18070,Weekend,False,Clear,False,0.0,False,False,0.342,Low,30.8,24.0,107.4,0.08,0.185,0.987,Moderate traffic flow - standard adaptive signal timing in effect
EVT423281,2026-05-05 17:27:01,Trade Fair,J023,Basavanagudi,7154,Weekday,False,Clear,False,0.0,False,False,0.819,Severe,11.5,61.3,268.8,0.12,0.278,0.97,Heavy congestion detected - signal timing extended and reroute suggested
EVT423282,2025-05-06 17:37:01,Trade Fair,J011,Indiranagar 100ft Road,10932,Weekday,False,Clear,False,0.0,False,False,0.947,Severe,10.2,61.9,587.0,0.231,0.535,0.947,Heavy congestion detected - signal timing extended and reroute suggested
EVT423283,2026-01-16 18:30:17,Local Market Day,J020,Malleshwaram Circle,5414,Weekday,False,Clear,False,0.0,False,False,1.0,Severe,8.8,66.0,318.4,0.108,0.25,0.932,Heavy congestion detected - signal timing extended and reroute suggested
EVT423284,2026-01-25 23:31:16,Concert,J030,MG Road,9237,Weekend,False,Clear,False,0.0,False,False,0.276,Low,29.2,19.8,144.0,0.122,0.282,0.99,Moderate traffic flow - standard adaptive signal timing in effect
EVT423285,2026-06-19 14:53:40,Concert,J023,Basavanagudi,12091,Weekday,False,Rain,True,9.4,False,False,0.403,Moderate,25.3,31.2,212.2,0.14,0.322,0.912,Light rain detected - minor speed reduction advised
EVT423286,2025-07-08 13:01:58,Trade Fair,J030,MG Road,9013,Weekday,False,Rain,True,14.0,True,False,0.8,Severe,14.6,51.1,317.6,0.166,0.383,0.759,Accident detected nearby - reroute and reduced speed advised
EVT423287,2025-10-14 14:14:24,Sports Fixture,J012,Koramangala Sony World,27334,Weekday,False,Rain,True,12.5,False,False,0.484,Moderate,25.5,31.8,263.3,0.166,0.383,0.931,Light rain detected - minor speed reduction advised
EVT423288,2025-05-31 11:25:05,Political Rally,J030,MG Road,10676,Weekend,False,Rain,True,14.7,False,False,0.684,High,18.8,56.9,316.4,0.195,0.451,0.908,Heavy rain reducing visibility and grip - reduced speed and longer buffer advised
EVT423289,2025-11-30 14:08:33,Trade Fair,J031,Cubbon Road,8828,Weekend,False,Clear,False,0.0,False,False,0.242,Low,26.7,9.8,144.4,0.122,0.281,0.936,Normal free-flow traffic - standard signal timing maintained
EVT423290,2025-03-19 06:16:46,Sports Fixture,J030,MG Road,12997,Weekday,False,Clear,False,0.0,False,False,0.358,Moderate,26.2,24.4,114.6,0.061,0.14,0.976,Moderate traffic flow - standard adaptive signal timing in effect
EVT423291,2026-01-13 18:00:27,Local Market Day,J011,Indiranagar 100ft Road,3125,Weekday,False,Light Rain,True,2.5,False,False,1.0,Severe,9.0,74.4,294.7,0.126,0.291,0.869,Heavy rain reducing visibility and grip - reduced speed and longer buffer advised
EVT423292,2025-09-01 12:48:30,Local Market Day,J012,Koramangala Sony World,3929,Weekday,False,Clear,False,0.0,False,False,0.226,Low,29.0,15.2,151.8,0.095,0.219,0.955,Normal free-flow traffic - standard signal timing maintained
EVT423293,2026-05-15 19:01:41,Concert,J011,Indiranagar 100ft Road,17686,Weekday,False,Clear,False,0.0,False,False,1.0,Severe,7.8,71.6,769.2,0.25,0.577,0.91,Heavy congestion detected - signal timing extended and reroute suggested
EVT423294,2026-03-17 20:15:01,Political Rally,J009,Majestic,20499,Weekday,False,Clear,False,0.0,False,False,0.683,High,22.1,50.2,329.2,0.246,0.568,0.962,Moderate traffic flow - standard adaptive signal timing in effect
EVT423295,2026-06-11 11:11:45,Political Rally,J011,Indiranagar 100ft Road,14635,Weekday,False,Clear,False,0.0,False,False,0.477,Moderate,25.7,36.7,205.5,0.157,0.362,0.985,Moderate traffic flow - standard adaptive signal timing in effect
EVT423296,2025-12-27 12:50:53,Political Rally,J030,MG Road,12470,Weekend,False,Clear,False,0.0,False,False,0.331,Low,26.9,25.9,207.1,0.161,0.372,0.945,Moderate traffic flow - standard adaptive signal timing in effect
EVT423297,2026-01-25 08:12:40,Local Market Day,J009,Majestic,4687,Weekend,False,Clear,False,0.0,False,False,0.779,Severe,15.0,55.8,374.8,0.202,0.466,0.97,Heavy congestion detected - signal timing extended and reroute suggested
EVT423298,2026-05-12 06:19:48,Local Market Day,J012,Koramangala Sony World,3310,Weekday,False,Rain,True,8.4,False,False,0.413,Moderate,29.6,31.1,160.8,0.124,0.287,0.93,Light rain detected - minor speed reduction advised
EVT423299,2025-10-27 18:11:12,Concert,J012,Koramangala Sony World,14192,Weekday,False,Clear,False,0.0,False,False,1.0,Severe,8.7,69.4,428.0,0.148,0.342,0.898,Heavy congestion detected - signal timing extended and reroute suggested
EVT423300,2025-07-25 14:54:51,Sports Fixture,J020,Malleshwaram Circle,16139,Weekday,False,Clear,False,0.0,False,False,0.293,Low,27.8,18.9,200.3,0.143,0.33,0.969,Moderate traffic flow - standard adaptive signal timing in effect
EVT423301,2025-01-16 11:49:52,Concert,J009,Majestic,13325,Weekday,False,Clear,False,0.0,False,False,0.371,Moderate,27.3,27.5,243.5,0.187,0.432,0.955,Moderate traffic flow - standard adaptive signal timing in effect
EVT423302,2025-01-12 17:08:29,Concert,J040,City Market,11721,Weekend,False,Clear,False,0.0,False,False,0.681,High,19.3,48.0,414.7,0.271,0.625,0.946,Moderate traffic flow - standard adaptive signal timing in effect
EVT423303,2025-10-09 10:57:59,Sports Fixture,J040,City Market,23490,Weekday,False,Clear,False,0.0,False,False,0.592,High,23.1,38.8,166.4,0.108,0.249,0.969,Moderate traffic flow - standard adaptive signal timing in effect
EVT423304,2025-02-24 15:39:44,Trade Fair,J009,Majestic,18991,Weekday,False,Clear,False,0.0,False,False,0.384,Moderate,30.1,31.1,144.8,0.123,0.285,0.933,Moderate traffic flow - standard adaptive signal timing in effect
EVT423305,2025-08-10 13:19:15,Local Market Day,J023,Basavanagudi,2653,Weekend,False,Heavy Rain,True,41.9,False,False,0.674,High,18.6,48.0,139.8,0.085,0.196,0.902,Heavy rain reducing visibility and grip - reduced speed and longer buffer advised
EVT423306,2026-04-23 09:35:11,Trade Fair,J009,Majestic,6397,Weekday,False,Clear,False,0.0,False,False,0.937,Severe,9.7,63.8,611.1,0.248,0.572,0.945,Heavy congestion detected - signal timing extended and reroute suggested
EVT423307,2025-11-05 11:30:53,Local Market Day,J012,Koramangala Sony World,3903,Weekday,False,Clear,False,0.0,False,False,0.293,Low,32.0,24.5,160.3,0.119,0.275,0.972,Moderate traffic flow - standard adaptive signal timing in effect
EVT423308,2025-12-05 18:39:41,Local Market Day,J040,City Market,3449,Weekday,False,Clear,False,0.0,False,False,1.0,Severe,9.4,74.3,357.4,0.164,0.38,0.922,Heavy congestion detected - signal timing extended and reroute suggested
EVT423309,2026-04-18 09:38:45,Local Market Day,J012,Koramangala Sony World,2962,Weekend,False,Clear,False,0.0,False,False,0.713,High,18.5,50.2,185.6,0.127,0.293,0.952,Moderate traffic flow - standard adaptive signal timing in effect
EVT423310,2025-03-20 11:38:42,Local Market Day,J009,Majestic,3208,Weekday,False,Clear,False,0.0,False,False,0.276,Low,26.8,18.0,163.5,0.127,0.293,0.958,Moderate traffic flow - standard adaptive signal timing in effect
EVT423311,2025-02-18 08:06:27,Concert,J011,Indiranagar 100ft Road,8099,Weekday,False,Clear,False,0.0,False,False,0.859,Severe,15.4,61.1,368.5,0.203,0.469,0.904,Heavy congestion detected - signal timing extended and reroute suggested
EVT423312,2026-05-01 10:43:01,Cultural Procession,J030,MG Road,34794,Weekday,True,Rain,True,18.3,False,False,1.0,Severe,9.6,75.0,463.0,0.183,0.422,0.818,Festival crowd surge detected - alternate route and extended cycle recommended
EVT423313,2026-01-29 09:30:56,Political Rally,J031,Cubbon Road,8013,Weekday,False,Clear,False,0.0,False,False,0.937,Severe,9.5,73.1,443.1,0.174,0.401,0.928,Heavy congestion detected - signal timing extended and reroute suggested
EVT423314,2025-01-30 22:09:54,Sports Fixture,J011,Indiranagar 100ft Road,21974,Weekday,False,Clear,False,0.0,False,False,0.28,Low,33.4,17.1,111.7,0.066,0.152,0.965,Moderate traffic flow - standard adaptive signal timing in effect
EVT423315,2026-06-21 18:14:01,Trade Fair,J011,Indiranagar 100ft Road,7212,Weekend,False,Rain,True,8.2,False,False,0.918,Severe,10.6,68.8,400.2,0.166,0.383,0.882,Heavy rain reducing visibility and grip - reduced speed and longer buffer advised
EVT423316,2025-01-21 23:09:10,Concert,J030,MG Road,8155,Weekday,False,Clear,False,0.0,False,False,0.239,Low,33.6,18.8,95.6,0.081,0.186,0.957,Normal free-flow traffic - standard signal timing maintained
EVT423317,2025-01-15 16:29:55,Fireworks Display,J012,Koramangala Sony World,16937,Weekday,True,Clear,False,0.0,False,False,0.948,Severe,11.3,71.5,510.3,0.216,0.499,0.895,Festival crowd surge detected - alternate route and extended cycle recommended
EVT423318,2026-06-14 16:37:20,Local Market Day,J023,Basavanagudi,4871,Weekend,False,Clear,False,0.0,False,False,0.642,High,21.3,45.8,253.1,0.162,0.374,0.94,Moderate traffic flow - standard adaptive signal timing in effect
EVT423319,2026-03-17 06:22:11,Sports Fixture,J009,Majestic,14959,Weekday,False,Clear,False,0.0,False,False,0.428,Moderate,19.5,29.0,299.7,0.151,0.348,0.99,Moderate traffic flow - standard adaptive signal timing in effect
EVT423320,2026-06-20 17:49:54,Trade Fair,J011,Indiranagar 100ft Road,12534,Weekend,False,Rain,True,18.4,False,False,0.995,Severe,9.8,67.8,596.1,0.235,0.543,0.848,Heavy rain reducing visibility and grip - reduced speed and longer buffer advised
EVT423321,2025-12-15 07:04:40,Local Market Day,J011,Indiranagar 100ft Road,2841,Weekday,False,Clear,False,0.0,False,False,0.437,Moderate,28.0,28.3,164.5,0.133,0.307,0.979,Moderate traffic flow - standard adaptive signal timing in effect
EVT423322,2025-06-27 18:49:46,Sports Fixture,J031,Cubbon Road,15964,Weekday,False,Clear,False,0.0,False,False,1.0,Severe,7.9,73.5,251.8,0.093,0.215,0.885,Heavy congestion detected - signal timing extended and reroute suggested
EVT423323,2025-09-17 18:13:56,Trade Fair,J020,Malleshwaram Circle,6379,Weekday,False,Rain,True,10.5,False,False,1.0,Severe,7.1,75.6,487.6,0.169,0.391,0.853,Heavy rain reducing visibility and grip - reduced speed and longer buffer advised
EVT423324,2025-05-03 12:07:53,Local Market Day,J009,Majestic,5621,Weekend,False,Clear,False,0.0,False,False,0.328,Low,25.4,20.5,221.8,0.148,0.341,0.978,Moderate traffic flow - standard adaptive signal timing in effect
EVT423325,2025-02-13 06:24:35,Trade Fair,J011,Indiranagar 100ft Road,7581,Weekday,False,Clear,False,0.0,False,False,0.317,Low,37.6,14.7,125.6,0.128,0.296,0.966,Moderate traffic flow - standard adaptive signal timing in effect
EVT423326,2026-02-18 18:46:11,Local Market Day,J030,MG Road,6520,Weekday,False,Clear,False,0.0,False,False,1.0,Severe,9.2,74.3,518.0,0.196,0.453,0.901,Heavy congestion detected - signal timing extended and reroute suggested
EVT423327,2026-06-12 08:52:06,Local Market Day,J020,Malleshwaram Circle,4421,Weekday,False,Clear,False,0.0,False,False,0.955,Severe,11.0,66.2,211.4,0.1,0.232,0.929,Heavy congestion detected - signal timing extended and reroute suggested
EVT423328,2025-02-07 16:54:43,Sports Fixture,J023,Basavanagudi,11896,Weekday,False,Clear,False,0.0,False,False,0.691,High,16.5,43.6,245.9,0.139,0.321,0.964,Moderate traffic flow - standard adaptive signal timing in effect
EVT423329,2026-04-25 07:08:24,Concert,J020,Malleshwaram Circle,14772,Weekend,False,Rain,True,11.0,False,False,0.733,High,17.0,50.1,253.7,0.151,0.349,0.903,Heavy rain reducing visibility and grip - reduced speed and longer buffer advised
EVT423330,2026-04-08 12:25:06,Sports Fixture,J012,Koramangala Sony World,23424,Weekday,False,Clear,False,0.0,False,False,0.201,Low,32.4,14.9,83.3,0.074,0.171,0.957,Normal free-flow traffic - standard signal timing maintained
EVT423331,2025-05-18 17:14:30,Concert,J009,Majestic,27895,Weekend,False,Clear,False,0.0,False,False,0.82,Severe,14.3,60.9,384.4,0.198,0.458,0.945,Heavy congestion detected - signal timing extended and reroute suggested
EVT423332,2025-02-11 22:43:02,Concert,J011,Indiranagar 100ft Road,16648,Weekday,False,Clear,False,0.0,False,False,0.294,Low,30.0,19.4,176.5,0.139,0.32,0.932,Moderate traffic flow - standard adaptive signal timing in effect
EVT423333,2025-01-30 15:02:46,Local Market Day,J020,Malleshwaram Circle,3076,Weekday,False,Fog,False,0.0,False,False,0.287,Low,27.5,20.8,204.1,0.147,0.339,0.962,Moderate traffic flow - standard adaptive signal timing in effect
EVT423334,2026-02-21 13:23:33,Concert,J012,Koramangala Sony World,14048,Weekend,False,Light Rain,True,0.6,False,False,0.332,Low,35.9,23.8,157.8,0.159,0.368,0.928,Light rain detected - minor speed reduction advised
EVT423335,2026-03-24 21:25:55,Concert,J040,City Market,7386,Weekday,False,Clear,False,0.0,False,False,0.361,Moderate,27.6,30.3,147.4,0.115,0.265,0.988,Moderate traffic flow - standard adaptive signal timing in effect
EVT423336,2025-09-04 15:53:57,Concert,J009,Majestic,18678,Weekday,False,Rain,True,16.3,False,False,0.666,High,12.6,43.3,391.9,0.163,0.376,0.92,Heavy rain reducing visibility and grip - reduced speed and longer buffer advised
EVT423337,2025-02-19 18:49:06,Local Market Day,J023,Basavanagudi,4041,Weekday,False,Clear,False,0.0,False,False,1.0,Severe,9.2,73.6,369.6,0.142,0.329,0.916,Heavy congestion detected - signal timing extended and reroute suggested
EVT423338,2026-04-22 09:12:44,Sports Fixture,J040,City Market,24374,Weekday,False,Clear,False,0.0,False,False,1.0,Severe,8.9,70.9,396.3,0.151,0.35,0.91,Heavy congestion detected - signal timing extended and reroute suggested
EVT423339,2026-03-16 08:11:50,Local Market Day,J023,Basavanagudi,5346,Weekday,False,Clear,False,0.0,False,False,0.832,Severe,12.2,58.1,323.3,0.15,0.346,0.96,Heavy congestion detected - signal timing extended and reroute suggested
EVT423340,2025-05-09 20:47:04,Concert,J030,MG Road,6755,Weekday,False,Clear,False,0.0,False,False,0.49,Moderate,23.4,32.8,167.0,0.128,0.295,0.965,Moderate traffic flow - standard adaptive signal timing in effect
EVT423341,2025-04-01 21:24:38,Local Market Day,J030,MG Road,3801,Weekday,False,Clear,False,0.0,False,False,0.288,Low,25.8,23.1,270.3,0.182,0.42,0.949,Moderate traffic flow - standard adaptive signal timing in effect
EVT423342,2025-02-04 08:07:16,Sports Fixture,J011,Indiranagar 100ft Road,14792,Weekday,False,Clear,False,0.0,False,False,0.951,Severe,11.6,68.8,318.0,0.158,0.365,0.937,Heavy congestion detected - signal timing extended and reroute suggested
EVT423343,2026-05-21 23:44:27,Concert,J023,Basavanagudi,9318,Weekday,False,Clear,False,0.0,False,False,0.266,Low,27.7,19.7,231.3,0.16,0.37,0.962,Moderate traffic flow - standard adaptive signal timing in effect
EVT423344,2025-06-29 20:57:03,Concert,J012,Koramangala Sony World,12001,Weekend,False,Clear,False,0.0,False,False,0.52,Moderate,30.9,38.7,137.6,0.127,0.294,0.97,Moderate traffic flow - standard adaptive signal timing in effect
EVT423345,2025-09-06 19:22:01,Cultural Procession,J020,Malleshwaram Circle,46546,Weekend,True,Clear,False,0.0,False,True,1.0,Severe,8.8,101.8,718.3,0.26,0.6,0.824,Road closure for event/procession - full detour recommended for through-traffic
EVT423346,2026-02-17 22:45:25,Political Rally,J012,Koramangala Sony World,22683,Weekday,False,Fog,False,0.0,False,False,0.377,Moderate,21.4,23.8,227.3,0.129,0.297,0.982,Moderate traffic flow - standard adaptive signal timing in effect
EVT423347,2025-11-12 14:17:18,Concert,J020,Malleshwaram Circle,21715,Weekday,False,Clear,False,0.0,False,False,0.259,Low,34.4,19.7,132.7,0.137,0.317,0.986,Moderate traffic flow - standard adaptive signal timing in effect
EVT423348,2025-08-05 09:30:52,Concert,J009,Majestic,13783,Weekday,False,Clear,False,0.0,False,False,0.96,Severe,9.5,60.4,393.2,0.151,0.349,0.93,Heavy congestion detected - signal timing extended and reroute suggested
EVT423349,2025-05-20 19:42:11,Trade Fair,J040,City Market,11830,Weekday,False,Clear,False,0.0,False,False,0.917,Severe,9.3,66.8,316.7,0.133,0.306,0.943,Heavy congestion detected - signal timing extended and reroute suggested
EVT423350,2025-05-20 17:44:45,Sports Fixture,J009,Majestic,17171,Weekday,False,Clear,False,0.0,False,False,1.0,Severe,9.1,71.2,720.0,0.266,0.615,0.926,Heavy congestion detected - signal timing extended and reroute suggested
EVT423351,2025-06-26 18:19:39,Concert,J031,Cubbon Road,12925,Weekday,False,Heavy Rain,True,31.8,False,False,1.0,Severe,10.1,71.1,385.0,0.172,0.398,0.876,Heavy rain reducing visibility and grip - reduced speed and longer buffer advised
EVT423352,2026-04-23 11:49:28,Local Market Day,J009,Majestic,5816,Weekday,False,Clear,False,0.0,False,False,0.268,Low,28.1,12.7,49.7,0.032,0.073,0.987,Moderate traffic flow - standard adaptive signal timing in effect
EVT423353,2026-06-19 19:54:52,Local Market Day,J023,Basavanagudi,4498,Weekday,False,Clear,False,0.0,False,False,0.784,Severe,14.9,57.9,248.8,0.124,0.286,0.945,Heavy congestion detected - signal timing extended and reroute suggested
EVT423354,2025-12-24 14:15:46,Local Market Day,J012,Koramangala Sony World,4038,Weekday,False,Clear,False,0.0,False,False,0.239,Low,21.8,10.7,165.3,0.084,0.195,0.96,Normal free-flow traffic - standard signal timing maintained
EVT423355,2025-05-11 16:13:23,Local Market Day,J031,Cubbon Road,2647,Weekend,False,Clear,False,0.0,False,False,0.448,Moderate,27.6,30.9,126.3,0.106,0.245,0.961,Moderate traffic flow - standard adaptive signal timing in effect
EVT423356,2025-12-26 10:17:25,Religious Festival,J020,Malleshwaram Circle,24277,Weekday,True,Clear,False,0.0,False,False,0.994,Severe,7.9,74.0,672.3,0.219,0.505,0.874,Festival crowd surge detected - alternate route and extended cycle recommended
EVT423357,2025-05-04 23:37:51,Trade Fair,J040,City Market,6968,Weekend,False,Clear,False,0.0,False,False,0.358,Moderate,28.7,26.3,64.6,0.06,0.139,0.99,Moderate traffic flow - standard adaptive signal timing in effect
EVT423358,2025-07-01 21:22:22,Concert,J020,Malleshwaram Circle,12356,Weekday,False,Clear,False,0.0,False,False,0.318,Low,32.6,27.2,87.1,0.082,0.189,0.977,Moderate traffic flow - standard adaptive signal timing in effect
EVT423359,2025-12-12 22:23:03,Local Market Day,J023,Basavanagudi,1923,Weekday,False,Clear,False,0.0,False,False,0.242,Low,29.6,16.0,168.0,0.118,0.273,0.958,Normal free-flow traffic - standard signal timing maintained
EVT423360,2026-03-29 08:24:12,Political Rally,J012,Koramangala Sony World,7454,Weekend,False,Clear,False,0.0,False,False,0.75,High,15.8,51.9,376.6,0.214,0.493,0.96,Moderate traffic flow - standard adaptive signal timing in effect
EVT423361,2026-04-28 19:05:13,Local Market Day,J030,MG Road,4945,Weekday,False,Clear,False,0.0,False,False,0.934,Severe,11.1,67.9,472.1,0.21,0.485,0.948,Heavy congestion detected - signal timing extended and reroute suggested
EVT423362,2025-12-05 20:40:52,Trade Fair,J011,Indiranagar 100ft Road,6301,Weekday,False,Rain,True,14.4,False,False,0.703,High,16.0,47.6,248.1,0.154,0.355,0.883,Heavy rain reducing visibility and grip - reduced speed and longer buffer advised
EVT423363,2026-02-22 17:00:41,Sports Fixture,J031,Cubbon Road,16376,Weekend,False,Clear,False,0.0,False,False,0.817,Severe,14.3,57.0,538.9,0.288,0.665,0.95,Heavy congestion detected - signal timing extended and reroute suggested
EVT423364,2025-12-07 22:31:08,Local Market Day,J012,Koramangala Sony World,3462,Weekend,False,Clear,False,0.0,False,False,0.301,Low,33.2,28.0,165.8,0.13,0.3,0.939,Moderate traffic flow - standard adaptive signal timing in effect
EVT423365,2025-05-02 09:37:38,Cultural Procession,J011,Indiranagar 100ft Road,11034,Weekday,True,Clear,False,0.0,False,True,1.0,Severe,9.5,103.0,591.4,0.245,0.566,0.824,Road closure for event/procession - full detour recommended for through-traffic
EVT423366,2025-12-30 10:39:53,Concert,J011,Indiranagar 100ft Road,13119,Weekday,False,Clear,False,0.0,False,False,0.605,High,26.3,40.7,146.9,0.096,0.221,0.988,Moderate traffic flow - standard adaptive signal timing in effect
EVT423367,2025-02-05 21:55:24,Local Market Day,J011,Indiranagar 100ft Road,1995,Weekday,False,Clear,False,0.0,False,False,0.305,Low,35.0,18.1,191.1,0.165,0.381,0.99,Moderate traffic flow - standard adaptive signal timing in effect
EVT423368,2025-03-03 14:59:44,Local Market Day,J020,Malleshwaram Circle,3930,Weekday,False,Clear,False,0.0,False,False,0.254,Low,29.6,16.3,150.6,0.129,0.297,0.948,Moderate traffic flow - standard adaptive signal timing in effect
EVT423369,2025-07-13 07:19:15,Concert,J009,Majestic,18216,Weekend,False,Clear,False,0.0,False,False,0.562,High,22.0,40.9,180.7,0.121,0.28,0.965,Moderate traffic flow - standard adaptive signal timing in effect
EVT423370,2025-06-02 06:23:07,Local Market Day,J011,Indiranagar 100ft Road,6111,Weekday,False,Heavy Rain,True,65.0,False,False,0.631,High,21.6,49.6,186.1,0.11,0.253,0.932,Heavy rain reducing visibility and grip - reduced speed and longer buffer advised
EVT423371,2025-11-30 22:59:43,Local Market Day,J031,Cubbon Road,4893,Weekend,False,Clear,False,0.0,False,False,0.272,Low,38.1,22.2,114.3,0.114,0.264,0.984,Moderate traffic flow - standard adaptive signal timing in effect
EVT423372,2025-01-24 20:00:56,Trade Fair,J031,Cubbon Road,12457,Weekday,False,Clear,False,0.0,False,False,0.766,Severe,20.0,55.3,102.3,0.072,0.166,0.96,Heavy congestion detected - signal timing extended and reroute suggested
EVT423373,2026-05-02 15:46:36,Religious Festival,J011,Indiranagar 100ft Road,44642,Weekend,True,Rain,True,24.6,False,True,1.0,Severe,8.7,102.5,474.3,0.181,0.418,0.821,Road closure for event/procession - full detour recommended for through-traffic
EVT423374,2025-02-22 15:33:55,Local Market Day,J031,Cubbon Road,2993,Weekend,False,Clear,False,0.0,False,False,0.341,Low,28.1,24.9,198.1,0.147,0.339,0.972,Moderate traffic flow - standard adaptive signal timing in effect
EVT423375,2025-02-23 08:59:41,Local Market Day,J020,Malleshwaram Circle,2941,Weekend,False,Clear,False,0.0,False,False,0.879,Severe,14.5,61.4,523.0,0.278,0.643,0.948,Heavy congestion detected - signal timing extended and reroute suggested
EVT423376,2026-01-01 13:36:32,Cultural Procession,J011,Indiranagar 100ft Road,14248,Weekday,True,Clear,False,0.0,False,True,0.711,High,17.2,74.4,192.2,0.113,0.261,0.856,Road closure for event/procession - full detour recommended for through-traffic
EVT423377,2025-11-03 10:11:21,Sports Fixture,J009,Majestic,17666,Weekday,False,Rain,True,14.1,False,False,0.947,Severe,9.5,65.1,510.0,0.192,0.444,0.881,Heavy rain reducing visibility and grip - reduced speed and longer buffer advised
EVT423378,2026-03-12 16:23:52,Sports Fixture,J011,Indiranagar 100ft Road,32913,Weekday,False,Clear,False,0.0,False,False,0.611,High,22.9,46.1,140.1,0.105,0.242,0.94,Moderate traffic flow - standard adaptive signal timing in effect
EVT423379,2026-03-10 07:21:04,Local Market Day,J012,Koramangala Sony World,5423,Weekday,False,Clear,False,0.0,False,False,0.574,High,25.4,39.2,175.7,0.139,0.321,0.985,Moderate traffic flow - standard adaptive signal timing in effect
EVT423380,2025-06-07 09:47:35,Concert,J012,Koramangala Sony World,7812,Weekend,False,Fog,False,0.0,False,False,0.782,Severe,16.4,57.6,121.3,0.059,0.136,0.946,Heavy congestion detected - signal timing extended and reroute suggested
EVT423381,2025-11-07 17:51:49,Sports Fixture,J030,MG Road,12780,Weekday,False,Clear,False,0.0,False,False,0.983,Severe,10.1,76.8,365.7,0.155,0.358,0.942,Heavy congestion detected - signal timing extended and reroute suggested
EVT423382,2026-03-05 13:00:56,Religious Festival,J012,Koramangala Sony World,54210,Weekday,True,Clear,False,0.0,False,False,0.685,High,17.9,53.6,124.4,0.074,0.171,0.916,Festival crowd surge detected - alternate route and extended cycle recommended
EVT423383,2025-04-15 16:05:41,Fireworks Display,J023,Basavanagudi,21476,Weekday,True,Clear,False,0.0,False,False,0.733,High,16.4,55.6,322.5,0.163,0.377,0.902,Festival crowd surge detected - alternate route and extended cycle recommended
EVT423384,2026-03-19 15:21:59,Fireworks Display,J011,Indiranagar 100ft Road,35601,Weekday,True,Clear,False,0.0,False,False,0.617,High,27.5,45.8,137.0,0.12,0.277,0.925,Festival crowd surge detected - alternate route and extended cycle recommended
EVT423385,2025-09-29 21:37:01,Sports Fixture,J012,Koramangala Sony World,20563,Weekday,False,Clear,False,0.0,False,False,0.35,Low,27.1,26.7,158.4,0.143,0.331,0.989,Moderate traffic flow - standard adaptive signal timing in effect
EVT423386,2025-12-18 09:06:10,Concert,J040,City Market,9158,Weekday,False,Clear,False,0.0,False,False,1.0,Severe,9.0,68.1,311.8,0.127,0.293,0.91,Heavy congestion detected - signal timing extended and reroute suggested
EVT423387,2025-10-04 17:43:40,Trade Fair,J009,Majestic,12137,Weekend,False,Clear,False,0.0,False,False,0.855,Severe,10.8,62.0,544.5,0.229,0.528,0.957,Heavy congestion detected - signal timing extended and reroute suggested
EVT423388,2025-06-01 08:06:13,Sports Fixture,J040,City Market,21587,Weekend,False,Heavy Rain,True,26.0,False,False,1.0,Severe,8.5,71.5,662.9,0.228,0.526,0.849,Heavy rain reducing visibility and grip - reduced speed and longer buffer advised
EVT423389,2026-06-19 13:37:06,Local Market Day,J009,Majestic,4204,Weekday,False,Clear,False,0.0,False,False,0.173,Low,30.1,9.4,158.8,0.097,0.224,0.973,Normal free-flow traffic - standard signal timing maintained
EVT423390,2025-06-02 18:01:47,Trade Fair,J011,Indiranagar 100ft Road,9029,Weekday,False,Clear,False,0.0,False,False,0.971,Severe,7.6,75.6,512.3,0.159,0.368,0.944,Heavy congestion detected - signal timing extended and reroute suggested
EVT423391,2025-05-28 15:59:59,Trade Fair,J020,Malleshwaram Circle,17106,Weekday,False,Clear,False,0.0,False,False,0.513,Moderate,25.1,32.3,151.1,0.099,0.229,0.962,Moderate traffic flow - standard adaptive signal timing in effect
EVT423392,2025-08-07 08:49:05,Concert,J040,City Market,9998,Weekday,False,Clear,False,0.0,False,False,1.0,Severe,7.4,67.1,415.1,0.127,0.292,0.925,Heavy congestion detected - signal timing extended and reroute suggested
EVT423393,2026-04-21 20:45:44,Trade Fair,J023,Basavanagudi,6197,Weekday,False,Clear,False,0.0,False,False,0.496,Moderate,22.9,30.7,264.6,0.172,0.398,0.961,Moderate traffic flow - standard adaptive signal timing in effect
EVT423394,2025-02-17 19:38:01,Concert,J011,Indiranagar 100ft Road,13945,Weekday,False,Clear,False,0.0,False,False,0.802,Severe,15.7,57.0,360.0,0.198,0.457,0.964,Heavy congestion detected - signal timing extended and reroute suggested
EVT423395,2025-12-15 05:29:24,Political Rally,J031,Cubbon Road,17304,Weekday,False,Clear,False,0.0,False,False,0.331,Low,31.8,30.7,131.5,0.116,0.267,0.935,Moderate traffic flow - standard adaptive signal timing in effect
EVT423396,2026-03-05 18:59:53,Religious Festival,J031,Cubbon Road,38275,Weekday,True,Clear,False,0.0,False,True,1.0,Severe,8.1,109.2,315.7,0.139,0.32,0.839,Road closure for event/procession - full detour recommended for through-traffic
EVT423397,2025-11-07 14:34:06,Sports Fixture,J012,Koramangala Sony World,11818,Weekday,False,Clear,False,0.0,False,False,0.343,Low,29.8,28.5,230.4,0.191,0.441,0.974,Moderate traffic flow - standard adaptive signal timing in effect
EVT423398,2025-03-19 08:55:09,Local Market Day,J040,City Market,3817,Weekday,False,Clear,False,0.0,False,False,1.0,Severe,7.4,72.5,995.5,0.308,0.711,0.896,Heavy congestion detected - signal timing extended and reroute suggested
EVT423399,2025-06-18 18:38:59,Local Market Day,J009,Majestic,2223,Weekday,False,Clear,False,0.0,False,False,1.0,Severe,7.6,75.6,533.8,0.169,0.39,0.918,Heavy congestion detected - signal timing extended and reroute suggested
EVT423400,2026-06-13 16:40:09,Sports Fixture,J023,Basavanagudi,54131,Weekend,False,Clear,False,0.0,False,False,0.927,Severe,13.8,66.8,158.1,0.088,0.202,0.914,Heavy congestion detected - signal timing extended and reroute suggested
EVT423401,2025-01-21 08:04:12,Local Market Day,J011,Indiranagar 100ft Road,3221,Weekday,False,Clear,False,0.0,False,False,0.841,Severe,15.6,53.2,119.2,0.069,0.16,0.962,Heavy congestion detected - signal timing extended and reroute suggested
EVT423402,2026-04-03 08:09:09,Concert,J011,Indiranagar 100ft Road,6442,Weekday,False,Clear,False,0.0,False,False,0.809,Severe,12.1,55.6,391.7,0.174,0.402,0.946,Heavy congestion detected - signal timing extended and reroute suggested
EVT423403,2025-11-09 13:52:55,Sports Fixture,J040,City Market,17153,Weekend,False,Clear,False,0.0,False,False,0.342,Low,32.3,23.8,174.9,0.152,0.352,0.966,Moderate traffic flow - standard adaptive signal timing in effect
EVT423404,2026-05-26 17:00:19,Local Market Day,J031,Cubbon Road,4443,Weekday,False,Clear,False,0.0,False,False,0.834,Severe,15.2,57.2,202.4,0.11,0.254,0.944,Heavy congestion detected - signal timing extended and reroute suggested
EVT423405,2026-02-11 14:48:59,Trade Fair,J030,MG Road,5449,Weekday,False,Clear,False,0.0,False,False,0.251,Low,25.2,16.1,211.5,0.135,0.312,0.966,Moderate traffic flow - standard adaptive signal timing in effect
EVT423406,2025-02-08 06:01:56,Concert,J020,Malleshwaram Circle,5707,Weekend,False,Clear,False,0.0,False,False,0.362,Moderate,26.4,16.0,120.0,0.1,0.231,0.978,Moderate traffic flow - standard adaptive signal timing in effect
EVT423407,2026-03-07 08:59:28,Sports Fixture,J031,Cubbon Road,22716,Weekend,False,Clear,False,0.0,False,False,1.0,Severe,8.9,70.7,520.3,0.186,0.43,0.926,Heavy congestion detected - signal timing extended and reroute suggested
EVT423408,2025-06-10 15:19:42,Sports Fixture,J012,Koramangala Sony World,26800,Weekday,False,Rain,True,18.0,False,False,0.668,High,22.6,45.2,239.8,0.17,0.393,0.886,Heavy rain reducing visibility and grip - reduced speed and longer buffer advised
EVT423409,2026-04-30 12:10:23,Sports Fixture,J040,City Market,18050,Weekday,False,Clear,False,0.0,False,False,0.366,Moderate,35.6,29.5,97.7,0.1,0.231,0.964,Moderate traffic flow - standard adaptive signal timing in effect
EVT423410,2025-06-17 16:55:49,Concert,J011,Indiranagar 100ft Road,11182,Weekday,False,Rain,True,8.5,False,False,0.843,Severe,14.1,55.4,326.6,0.171,0.396,0.89,Heavy rain reducing visibility and grip - reduced speed and longer buffer advised
EVT423411,2025-08-28 15:10:28,Cultural Procession,J011,Indiranagar 100ft Road,9173,Weekday,True,Clear,False,0.0,False,True,0.714,High,17.1,69.5,273.1,0.157,0.362,0.908,Road closure for event/procession - full detour recommended for through-traffic
EVT423412,2025-06-15 09:55:09,Local Market Day,J012,Koramangala Sony World,6465,Weekend,False,Clear,False,0.0,False,False,0.732,High,16.2,49.4,480.0,0.246,0.569,0.954,Moderate traffic flow - standard adaptive signal timing in effect
EVT423413,2025-11-16 17:13:27,Trade Fair,J011,Indiranagar 100ft Road,9581,Weekend,False,Rain,True,8.8,False,False,0.8,Severe,18.8,56.4,253.7,0.167,0.385,0.87,Heavy rain reducing visibility and grip - reduced speed and longer buffer advised
EVT423414,2025-06-13 19:24:08,Trade Fair,J020,Malleshwaram Circle,10521,Weekday,False,Heavy Rain,True,68.9,False,False,1.0,Severe,9.7,75.7,555.2,0.225,0.52,0.869,Heavy rain reducing visibility and grip - reduced speed and longer buffer advised
EVT423415,2025-08-08 20:08:20,Local Market Day,J030,MG Road,4550,Weekday,False,Clear,False,0.0,False,False,0.666,High,20.7,47.8,251.3,0.153,0.353,0.956,Moderate traffic flow - standard adaptive signal timing in effect
EVT423416,2025-08-23 17:41:45,Local Market Day,J020,Malleshwaram Circle,2837,Weekend,False,Rain,True,14.4,False,False,0.945,Severe,9.4,66.7,182.8,0.077,0.178,0.838,Heavy rain reducing visibility and grip - reduced speed and longer buffer advised
EVT423417,2025-05-03 12:20:46,Political Rally,J009,Majestic,8797,Weekend,False,Clear,False,0.0,False,False,0.334,Low,36.5,21.5,78.9,0.076,0.177,0.959,Moderate traffic flow - standard adaptive signal timing in effect
EVT423418,2025-09-01 09:24:16,Sports Fixture,J011,Indiranagar 100ft Road,40117,Weekday,False,Rain,True,21.1,False,False,1.0,Severe,8.9,70.7,568.7,0.21,0.486,0.857,Heavy rain reducing visibility and grip - reduced speed and longer buffer advised
EVT423419,2026-06-28 09:16:45,Sports Fixture,J023,Basavanagudi,28521,Weekend,False,Clear,False,0.0,False,False,0.965,Severe,8.6,67.9,545.3,0.206,0.476,0.928,Heavy congestion detected - signal timing extended and reroute suggested
EVT423420,2025-03-16 20:05:12,Trade Fair,J040,City Market,10506,Weekend,False,Clear,False,0.0,False,False,0.675,High,20.0,44.9,300.7,0.18,0.416,0.983,Moderate traffic flow - standard adaptive signal timing in effect
EVT423421,2025-01-26 14:55:16,Fireworks Display,J030,MG Road,17738,Weekend,True,Clear,False,0.0,False,False,0.575,High,24.7,39.0,214.0,0.169,0.391,0.892,Festival crowd surge detected - alternate route and extended cycle recommended
EVT423422,2026-02-18 15:11:06,Local Market Day,J030,MG Road,4176,Weekday,False,Fog,False,0.0,False,False,0.296,Low,26.5,22.0,192.9,0.142,0.328,0.98,Moderate traffic flow - standard adaptive signal timing in effect
EVT423423,2025-07-22 12:45:25,Sports Fixture,J031,Cubbon Road,39841,Weekday,False,Clear,False,0.0,False,False,0.456,Moderate,27.9,34.0,164.2,0.122,0.282,0.955,Moderate traffic flow - standard adaptive signal timing in effect
EVT423424,2025-01-17 09:20:43,Trade Fair,J031,Cubbon Road,9220,Weekday,False,Clear,False,0.0,False,False,1.0,Severe,7.3,72.8,899.4,0.265,0.612,0.912,Heavy congestion detected - signal timing extended and reroute suggested
EVT423425,2025-04-14 11:01:44,Religious Festival,J020,Malleshwaram Circle,61359,Weekday,True,Clear,False,0.0,False,True,1.0,Severe,8.2,101.1,307.3,0.12,0.278,0.845,Road closure for event/procession - full detour recommended for through-traffic
EVT423426,2025-03-20 15:06:47,Sports Fixture,J040,City Market,26457,Weekday,False,Clear,False,0.0,False,False,0.373,Moderate,31.1,26.0,210.1,0.168,0.387,0.965,Moderate traffic flow - standard adaptive signal timing in effect
EVT423427,2025-01-01 14:18:08,Local Market Day,J020,Malleshwaram Circle,2028,Weekday,False,Clear,False,0.0,False,False,0.214,Low,36.7,19.1,110.8,0.074,0.172,0.961,Normal free-flow traffic - standard signal timing maintained
EVT423428,2025-09-27 18:41:14,Trade Fair,J040,City Market,5557,Weekend,False,Heavy Rain,True,43.5,False,False,1.0,Severe,8.6,69.3,487.0,0.167,0.386,0.879,Heavy rain reducing visibility and grip - reduced speed and longer buffer advised
EVT423429,2025-06-13 20:43:42,Trade Fair,J009,Majestic,5404,Weekday,False,Clear,False,0.0,False,False,0.475,Moderate,31.5,31.4,148.5,0.133,0.308,0.945,Moderate traffic flow - standard adaptive signal timing in effect
EVT423430,2025-12-07 08:24:05,Concert,J020,Malleshwaram Circle,10318,Weekend,False,Clear,False,0.0,False,False,0.828,Severe,13.0,59.2,624.7,0.302,0.698,0.99,Heavy congestion detected - signal timing extended and reroute suggested
EVT423431,2025-10-23 13:12:11,Trade Fair,J023,Basavanagudi,16399,Weekday,False,Rain,True,20.6,False,False,0.516,Moderate,26.2,31.7,72.6,0.055,0.127,0.92,Light rain detected - minor speed reduction advised
EVT423432,2025-04-09 13:50:37,Local Market Day,J011,Indiranagar 100ft Road,2466,Weekday,False,Clear,False,0.0,False,False,0.138,Low,34.7,11.6,66.6,0.054,0.124,0.981,Normal free-flow traffic - standard signal timing maintained
EVT423433,2026-04-19 21:22:26,Local Market Day,J011,Indiranagar 100ft Road,4448,Weekend,False,Clear,False,0.0,False,False,0.341,Low,22.8,30.1,160.2,0.114,0.263,0.961,Moderate traffic flow - standard adaptive signal timing in effect
EVT423434,2026-01-14 16:37:09,Religious Festival,J030,MG Road,37382,Weekday,True,Clear,False,0.0,False,True,1.0,Severe,9.3,89.6,785.8,0.274,0.632,0.821,Road closure for event/procession - full detour recommended for through-traffic
EVT423435,2026-01-22 18:40:07,Concert,J023,Basavanagudi,11263,Weekday,False,Clear,False,0.0,False,False,1.0,Severe,9.8,76.3,479.1,0.206,0.475,0.907,Heavy congestion detected - signal timing extended and reroute suggested
EVT423436,2026-05-01 08:26:33,Cultural Procession,J040,City Market,13729,Weekday,True,Clear,False,0.0,False,True,1.0,Severe,8.9,102.2,569.1,0.232,0.536,0.821,Road closure for event/procession - full detour recommended for through-traffic
EVT423437,2025-01-23 10:24:20,Local Market Day,J012,Koramangala Sony World,3321,Weekday,False,Clear,False,0.0,False,False,0.657,High,15.0,48.3,120.2,0.058,0.134,0.989,Moderate traffic flow - standard adaptive signal timing in effect
EVT423438,2025-01-20 07:48:02,Local Market Day,J012,Koramangala Sony World,5570,Weekday,False,Clear,False,0.0,False,False,0.691,High,23.4,45.8,289.3,0.223,0.515,0.982,Moderate traffic flow - standard adaptive signal timing in effect
EVT423439,2025-05-05 11:14:46,Sports Fixture,J023,Basavanagudi,23793,Weekday,False,Clear,False,0.0,False,False,0.456,Moderate,23.5,30.2,358.2,0.247,0.571,0.968,Moderate traffic flow - standard adaptive signal timing in effect
EVT423440,2025-08-17 15:13:48,Concert,J040,City Market,12759,Weekend,False,Clear,False,0.0,False,False,0.38,Moderate,28.8,31.0,214.9,0.163,0.377,0.963,Moderate traffic flow - standard adaptive signal timing in effect
EVT423441,2025-08-17 17:38:41,Trade Fair,J023,Basavanagudi,10445,Weekend,False,Rain,True,20.1,True,False,1.0,Severe,7.9,77.0,337.7,0.128,0.295,0.723,Accident detected nearby - reroute and reduced speed advised
EVT423442,2025-05-27 21:30:17,Trade Fair,J012,Koramangala Sony World,9326,Weekday,False,Clear,False,0.0,False,False,0.305,Low,22.5,20.5,197.1,0.133,0.308,0.937,Moderate traffic flow - standard adaptive signal timing in effect
EVT423443,2025-02-10 07:00:37,Local Market Day,J020,Malleshwaram Circle,3577,Weekday,False,Clear,False,0.0,False,False,0.415,Moderate,29.9,26.9,190.4,0.159,0.367,0.974,Moderate traffic flow - standard adaptive signal timing in effect
EVT423444,2025-01-20 19:50:11,Local Market Day,J020,Malleshwaram Circle,4477,Weekday,False,Clear,False,0.0,False,False,0.801,Severe,11.6,54.4,670.1,0.267,0.618,0.963,Heavy congestion detected - signal timing extended and reroute suggested
EVT423445,2026-06-12 13:07:08,Political Rally,J031,Cubbon Road,9692,Weekday,False,Clear,False,0.0,False,False,0.209,Low,24.1,17.9,165.8,0.104,0.239,0.935,Normal free-flow traffic - standard signal timing maintained
EVT423446,2025-02-03 21:10:42,Concert,J020,Malleshwaram Circle,9837,Weekday,False,Clear,False,0.0,False,False,0.363,Moderate,26.5,28.2,199.5,0.142,0.328,0.969,Moderate traffic flow - standard adaptive signal timing in effect
EVT423447,2025-02-27 16:43:46,Local Market Day,J009,Majestic,4941,Weekday,False,Clear,False,0.0,False,False,0.637,High,23.5,52.1,155.2,0.107,0.248,0.947,Moderate traffic flow - standard adaptive signal timing in effect
EVT423448,2025-05-16 12:31:45,Sports Fixture,J009,Majestic,9766,Weekday,False,Clear,False,0.0,False,False,0.277,Low,29.0,22.9,210.9,0.169,0.39,0.977,Moderate traffic flow - standard adaptive signal timing in effect
EVT423449,2025-12-14 22:17:56,Sports Fixture,J030,MG Road,52397,Weekend,False,Clear,False,0.0,False,False,0.582,High,20.4,47.4,219.8,0.161,0.372,0.983,Moderate traffic flow - standard adaptive signal timing in effect
EVT423450,2026-01-10 10:51:22,Concert,J031,Cubbon Road,10052,Weekend,False,Clear,False,0.0,False,False,0.495,Moderate,23.7,31.6,175.1,0.124,0.287,0.966,Moderate traffic flow - standard adaptive signal timing in effect
EVT423451,2025-08-20 18:42:02,Local Market Day,J011,Indiranagar 100ft Road,3788,Weekday,False,Clear,False,0.0,False,False,1.0,Severe,8.4,68.8,283.7,0.098,0.226,0.919,Heavy congestion detected - signal timing extended and reroute suggested
EVT423452,2026-04-27 09:10:21,Trade Fair,J030,MG Road,12478,Weekday,False,Rain,True,13.0,False,False,1.0,Severe,9.3,69.8,503.1,0.219,0.507,0.845,Heavy rain reducing visibility and grip - reduced speed and longer buffer advised
EVT423453,2026-01-13 13:58:39,Trade Fair,J031,Cubbon Road,9385,Weekday,False,Clear,False,0.0,False,False,0.168,Low,34.7,10.6,154.9,0.151,0.348,0.99,Normal free-flow traffic - standard signal timing maintained
EVT423454,2025-05-28 11:15:47,Local Market Day,J030,MG Road,3832,Weekday,False,Heavy Rain,True,44.2,False,False,0.747,High,14.4,54.6,395.9,0.178,0.411,0.912,Heavy rain reducing visibility and grip - reduced speed and longer buffer advised
EVT423455,2025-10-13 16:20:19,Sports Fixture,J020,Malleshwaram Circle,43253,Weekday,False,Clear,False,0.0,False,False,0.748,High,17.0,52.8,326.1,0.174,0.402,0.966,Moderate traffic flow - standard adaptive signal timing in effect
EVT423456,2025-12-05 20:04:31,Sports Fixture,J011,Indiranagar 100ft Road,25196,Weekday,False,Clear,False,0.0,False,False,0.786,Severe,14.1,52.6,289.5,0.144,0.333,0.958,Heavy congestion detected - signal timing extended and reroute suggested
EVT423457,2025-08-25 10:51:15,Trade Fair,J012,Koramangala Sony World,11017,Weekday,False,Clear,False,0.0,False,False,0.531,Moderate,20.5,37.5,208.1,0.134,0.31,0.973,Moderate traffic flow - standard adaptive signal timing in effect
EVT423458,2025-04-17 07:40:49,Local Market Day,J030,MG Road,4256,Weekday,False,Clear,False,0.0,False,False,0.705,High,17.7,47.5,161.5,0.086,0.198,0.99,Moderate traffic flow - standard adaptive signal timing in effect
EVT423459,2025-03-28 09:07:46,Sports Fixture,J012,Koramangala Sony World,10846,Weekday,False,Clear,False,0.0,False,False,0.969,Severe,6.8,76.6,704.8,0.213,0.492,0.921,Heavy congestion detected - signal timing extended and reroute suggested
EVT423460,2025-11-12 08:32:29,Sports Fixture,J020,Malleshwaram Circle,31491,Weekday,False,Clear,False,0.0,False,False,1.0,Severe,9.6,75.3,660.5,0.259,0.599,0.924,Heavy congestion detected - signal timing extended and reroute suggested
EVT423461,2025-12-08 17:40:05,Sports Fixture,J023,Basavanagudi,22246,Weekday,False,Clear,False,0.0,False,False,0.991,Severe,9.9,73.0,471.1,0.179,0.412,0.925,Heavy congestion detected - signal timing extended and reroute suggested
EVT423462,2025-06-25 11:27:58,Sports Fixture,J020,Malleshwaram Circle,50342,Weekday,False,Heavy Rain,True,72.9,False,False,0.953,Severe,9.9,67.9,857.9,0.304,0.702,0.898,Heavy rain reducing visibility and grip - reduced speed and longer buffer advised
EVT423463,2025-04-03 06:42:16,Local Market Day,J020,Malleshwaram Circle,4705,Weekday,False,Clear,False,0.0,False,False,0.323,Low,32.5,22.6,100.1,0.073,0.168,0.961,Moderate traffic flow - standard adaptive signal timing in effect
EVT423464,2025-08-12 08:26:32,Sports Fixture,J030,MG Road,35217,Weekday,False,Heavy Rain,True,65.3,False,False,1.0,Severe,10.0,75.8,369.6,0.162,0.373,0.855,Heavy rain reducing visibility and grip - reduced speed and longer buffer advised
EVT423465,2026-05-26 18:33:28,Political Rally,J020,Malleshwaram Circle,9938,Weekday,False,Clear,False,0.0,False,False,1.0,Severe,7.5,74.8,652.6,0.195,0.451,0.9,Heavy congestion detected - signal timing extended and reroute suggested
EVT423466,2026-01-03 18:20:49,Local Market Day,J012,Koramangala Sony World,3927,Weekend,False,Clear,False,0.0,False,False,0.929,Severe,11.0,66.2,251.4,0.11,0.253,0.914,Heavy congestion detected - signal timing extended and reroute suggested
EVT423467,2026-05-26 09:50:31,Sports Fixture,J012,Koramangala Sony World,20847,Weekday,False,Clear,False,0.0,False,False,0.994,Severe,10.3,67.1,482.8,0.189,0.436,0.906,Heavy congestion detected - signal timing extended and reroute suggested
EVT423468,2026-01-07 10:45:44,Concert,J030,MG Road,9334,Weekday,False,Clear,False,0.0,True,False,0.947,Severe,12.6,72.5,382.2,0.197,0.455,0.82,Accident detected nearby - reroute and reduced speed advised
EVT423469,2025-04-09 15:57:57,Political Rally,J023,Basavanagudi,18847,Weekday,False,Light Rain,True,4.5,False,False,0.633,High,22.4,40.7,244.1,0.164,0.38,0.933,Heavy rain reducing visibility and grip - reduced speed and longer buffer advised
EVT423470,2025-07-19 22:22:24,Local Market Day,J012,Koramangala Sony World,5835,Weekend,False,Clear,False,0.0,False,False,0.282,Low,26.6,13.0,135.8,0.094,0.216,0.954,Moderate traffic flow - standard adaptive signal timing in effect
EVT423471,2026-01-31 17:54:34,Local Market Day,J009,Majestic,2952,Weekend,False,Clear,False,0.0,False,False,0.772,Severe,13.1,56.7,349.3,0.139,0.321,0.957,Heavy congestion detected - signal timing extended and reroute suggested
EVT423472,2026-06-08 13:20:43,Trade Fair,J012,Koramangala Sony World,10788,Weekday,False,Clear,False,0.0,False,False,0.266,Low,29.6,16.6,126.7,0.098,0.226,0.971,Moderate traffic flow - standard adaptive signal timing in effect
EVT423473,2025-05-22 18:28:00,Sports Fixture,J009,Majestic,17453,Weekday,False,Clear,False,0.0,False,False,1.0,Severe,7.0,71.0,376.0,0.121,0.28,0.913,Heavy congestion detected - signal timing extended and reroute suggested
EVT423474,2025-01-10 02:55:37,Concert,J011,Indiranagar 100ft Road,16647,Weekday,False,Clear,False,0.0,False,False,0.259,Low,37.2,14.0,163.4,0.135,0.312,0.953,Moderate traffic flow - standard adaptive signal timing in effect
EVT423475,2026-06-02 19:13:33,Local Market Day,J023,Basavanagudi,3610,Weekday,False,Clear,False,0.0,False,False,0.864,Severe,7.5,64.3,750.3,0.232,0.536,0.941,Heavy congestion detected - signal timing extended and reroute suggested
EVT423476,2026-05-15 09:16:09,Sports Fixture,J040,City Market,18613,Weekday,False,Rain,True,20.0,False,False,1.0,Severe,7.4,67.3,439.8,0.15,0.347,0.866,Heavy rain reducing visibility and grip - reduced speed and longer buffer advised
EVT423477,2025-09-08 19:32:28,Concert,J030,MG Road,10450,Weekday,False,Rain,True,24.1,False,False,1.0,Severe,7.6,74.3,722.9,0.222,0.512,0.846,Heavy rain reducing visibility and grip - reduced speed and longer buffer advised
EVT423478,2025-08-05 09:53:33,Local Market Day,J030,MG Road,2956,Weekday,False,Rain,True,18.2,False,False,1.0,Severe,10.6,73.6,430.4,0.187,0.432,0.842,Heavy rain reducing visibility and grip - reduced speed and longer buffer advised
EVT423479,2025-04-27 10:55:02,Sports Fixture,J020,Malleshwaram Circle,22592,Weekend,False,Clear,False,0.0,False,False,0.579,High,22.3,39.7,204.7,0.142,0.329,0.933,Moderate traffic flow - standard adaptive signal timing in effect
EVT423480,2025-04-27 14:23:16,Political Rally,J031,Cubbon Road,16900,Weekend,False,Clear,False,0.0,False,False,0.398,Moderate,25.4,39.3,167.2,0.103,0.237,0.932,Moderate traffic flow - standard adaptive signal timing in effect
EVT423481,2026-05-13 19:36:26,Sports Fixture,J011,Indiranagar 100ft Road,18417,Weekday,False,Clear,False,0.0,False,False,0.898,Severe,11.1,66.7,260.1,0.102,0.235,0.92,Heavy congestion detected - signal timing extended and reroute suggested
EVT423482,2025-11-20 21:10:55,Sports Fixture,J030,MG Road,18325,Weekday,False,Clear,False,0.0,False,False,0.406,Moderate,27.5,26.7,149.0,0.108,0.25,0.96,Moderate traffic flow - standard adaptive signal timing in effect
EVT423483,2025-11-21 15:18:06,Local Market Day,J011,Indiranagar 100ft Road,6348,Weekday,False,Clear,False,0.0,False,False,0.259,Low,34.7,16.5,71.0,0.078,0.181,0.96,Moderate traffic flow - standard adaptive signal timing in effect
EVT423484,2026-04-29 14:45:40,Sports Fixture,J020,Malleshwaram Circle,28634,Weekday,False,Clear,False,0.0,False,False,0.362,Moderate,27.3,33.6,216.7,0.152,0.35,0.948,Moderate traffic flow - standard adaptive signal timing in effect
EVT423485,2025-10-25 06:09:52,Political Rally,J040,City Market,8631,Weekend,False,Heavy Rain,True,27.5,False,False,0.657,High,15.9,49.8,324.2,0.178,0.411,0.927,Heavy rain reducing visibility and grip - reduced speed and longer buffer advised
EVT423486,2025-12-04 18:45:05,Sports Fixture,J011,Indiranagar 100ft Road,31918,Weekday,False,Clear,False,0.0,False,False,1.0,Severe,9.2,68.4,361.5,0.122,0.281,0.935,Heavy congestion detected - signal timing extended and reroute suggested
EVT423487,2025-06-06 18:02:57,Local Market Day,J023,Basavanagudi,3875,Weekday,False,Clear,False,0.0,False,False,1.0,Severe,9.0,71.1,276.3,0.115,0.266,0.879,Heavy congestion detected - signal timing extended and reroute suggested
EVT423488,2025-08-19 16:22:12,Concert,J023,Basavanagudi,8125,Weekday,False,Clear,False,0.0,False,False,0.516,Moderate,24.6,42.7,243.1,0.189,0.437,0.974,Moderate traffic flow - standard adaptive signal timing in effect
EVT423489,2025-10-08 09:14:17,Local Market Day,J011,Indiranagar 100ft Road,3749,Weekday,False,Clear,False,0.0,False,False,0.95,Severe,10.1,64.2,205.9,0.097,0.223,0.915,Heavy congestion detected - signal timing extended and reroute suggested
EVT423490,2026-06-05 17:23:15,Sports Fixture,J011,Indiranagar 100ft Road,18427,Weekday,False,Clear,False,0.0,False,False,0.91,Severe,10.7,67.3,652.8,0.249,0.576,0.929,Heavy congestion detected - signal timing extended and reroute suggested
EVT423491,2026-03-11 18:11:40,Trade Fair,J011,Indiranagar 100ft Road,6917,Weekday,False,Clear,False,0.0,False,False,1.0,Severe,8.8,76.3,565.5,0.203,0.47,0.924,Heavy congestion detected - signal timing extended and reroute suggested
EVT423492,2025-04-05 06:46:21,Sports Fixture,J031,Cubbon Road,27477,Weekend,False,Fog,False,0.0,False,False,0.513,Moderate,21.8,38.1,157.4,0.093,0.216,0.959,Moderate traffic flow - standard adaptive signal timing in effect
EVT423493,2026-05-31 10:03:23,Local Market Day,J040,City Market,4846,Weekend,False,Clear,False,0.0,False,False,0.693,High,16.6,47.5,260.3,0.138,0.319,0.957,Moderate traffic flow - standard adaptive signal timing in effect
EVT423494,2026-02-01 07:05:49,Political Rally,J011,Indiranagar 100ft Road,9588,Weekend,False,Rain,True,8.3,False,False,0.625,High,23.1,46.1,193.9,0.143,0.329,0.95,Heavy rain reducing visibility and grip - reduced speed and longer buffer advised
EVT423495,2025-01-07 07:17:49,Trade Fair,J012,Koramangala Sony World,9071,Weekday,False,Clear,False,0.0,False,False,0.612,High,22.9,40.7,153.8,0.112,0.259,0.941,Moderate traffic flow - standard adaptive signal timing in effect
EVT423496,2026-04-27 16:28:00,Local Market Day,J011,Indiranagar 100ft Road,3593,Weekday,False,Clear,False,0.0,False,False,0.602,High,25.1,44.7,181.5,0.139,0.32,0.958,Moderate traffic flow - standard adaptive signal timing in effect
EVT423497,2026-06-25 08:14:39,Local Market Day,J012,Koramangala Sony World,4069,Weekday,False,Clear,False,0.0,False,False,0.912,Severe,7.4,70.0,415.5,0.116,0.268,0.924,Heavy congestion detected - signal timing extended and reroute suggested
EVT423498,2026-04-26 16:00:35,Trade Fair,J030,MG Road,6885,Weekend,False,Clear,False,0.0,False,False,0.415,Moderate,28.6,31.1,204.7,0.169,0.389,0.959,Moderate traffic flow - standard adaptive signal timing in effect
EVT423499,2025-04-08 17:43:48,Sports Fixture,J011,Indiranagar 100ft Road,24396,Weekday,False,Clear,False,0.0,False,False,1.0,Severe,8.6,74.1,460.8,0.183,0.422,0.897,Heavy congestion detected - signal timing extended and reroute suggested
EVT423500,2025-05-03 09:11:23,Concert,J040,City Market,14528,Weekend,False,Clear,False,0.0,False,False,0.873,Severe,13.5,68.1,311.1,0.164,0.379,0.934,Heavy congestion detected - signal timing extended and reroute suggested
EVT423501,2025-09-12 09:45:30,Sports Fixture,J040,City Market,17845,Weekday,False,Clear,False,0.0,False,False,0.941,Severe,8.5,61.0,195.1,0.084,0.195,0.93,Heavy congestion detected - signal timing extended and reroute suggested
EVT423502,2026-01-26 18:45:23,Cultural Procession,J012,Koramangala Sony World,29533,Weekday,True,Clear,False,0.0,False,True,1.0,Severe,8.3,108.1,602.9,0.221,0.511,0.829,Road closure for event/procession - full detour recommended for through-traffic
EVT423503,2026-05-03 08:32:57,Local Market Day,J011,Indiranagar 100ft Road,3061,Weekend,False,Heavy Rain,True,27.2,False,False,1.0,Severe,7.2,72.5,668.1,0.191,0.441,0.878,Heavy rain reducing visibility and grip - reduced speed and longer buffer advised
EVT423504,2026-04-01 15:29:19,Trade Fair,J011,Indiranagar 100ft Road,7791,Weekday,False,Rain,True,11.1,False,False,0.518,Moderate,24.4,41.1,223.3,0.149,0.345,0.888,Light rain detected - minor speed reduction advised
EVT423505,2025-10-11 09:19:25,Local Market Day,J009,Majestic,6031,Weekend,False,Clear,False,0.0,False,False,0.801,Severe,13.0,56.3,226.4,0.098,0.227,0.949,Heavy congestion detected - signal timing extended and reroute suggested
EVT423506,2026-06-04 18:40:01,Local Market Day,J023,Basavanagudi,2759,Weekday,False,Clear,False,0.0,False,False,1.0,Severe,8.2,66.0,651.7,0.207,0.478,0.935,Heavy congestion detected - signal timing extended and reroute suggested
EVT423507,2025-10-09 13:39:17,Sports Fixture,J030,MG Road,26095,Weekday,False,Clear,False,0.0,False,False,0.339,Low,27.7,28.3,202.5,0.164,0.379,0.968,Moderate traffic flow - standard adaptive signal timing in effect
EVT423508,2026-03-06 09:21:13,Concert,J009,Majestic,9667,Weekday,False,Clear,False,0.0,False,False,0.963,Severe,9.4,66.1,477.4,0.176,0.405,0.927,Heavy congestion detected - signal timing extended and reroute suggested
EVT423509,2025-01-03 09:22:11,Sports Fixture,J031,Cubbon Road,23380,Weekday,False,Clear,False,0.0,False,False,0.993,Severe,8.5,72.1,568.1,0.211,0.487,0.928,Heavy congestion detected - signal timing extended and reroute suggested
EVT423510,2025-10-30 14:49:36,Trade Fair,J012,Koramangala Sony World,14962,Weekday,False,Clear,False,0.0,False,False,0.279,Low,32.1,19.3,200.3,0.17,0.392,0.969,Moderate traffic flow - standard adaptive signal timing in effect
EVT423511,2025-06-02 07:02:08,Sports Fixture,J023,Basavanagudi,41409,Weekday,False,Clear,False,0.0,False,False,0.63,High,19.8,44.3,251.1,0.145,0.336,0.973,Moderate traffic flow - standard adaptive signal timing in effect
EVT423512,2026-03-30 08:17:31,Sports Fixture,J011,Indiranagar 100ft Road,17611,Weekday,False,Clear,False,0.0,False,False,0.895,Severe,14.0,68.3,359.0,0.175,0.405,0.978,Heavy congestion detected - signal timing extended and reroute suggested
EVT423513,2025-07-13 11:46:39,Local Market Day,J009,Majestic,3482,Weekend,False,Rain,True,21.0,False,False,0.496,Moderate,25.2,36.7,104.2,0.062,0.143,0.926,Light rain detected - minor speed reduction advised
EVT423514,2025-08-28 22:54:19,Religious Festival,J020,Malleshwaram Circle,60418,Weekday,True,Fog,False,0.0,False,True,0.881,High,13.3,83.4,394.3,0.192,0.442,0.874,Road closure for event/procession - full detour recommended for through-traffic
EVT423515,2025-11-03 09:23:42,Local Market Day,J009,Majestic,6918,Weekday,False,Clear,False,0.0,False,False,0.967,Severe,10.0,70.7,406.8,0.17,0.393,0.935,Heavy congestion detected - signal timing extended and reroute suggested
EVT423516,2025-06-20 09:12:53,Sports Fixture,J031,Cubbon Road,18134,Weekday,False,Clear,False,0.0,False,False,1.0,Severe,7.4,61.4,882.2,0.253,0.584,0.928,Heavy congestion detected - signal timing extended and reroute suggested
EVT423517,2025-03-09 06:19:20,Concert,J011,Indiranagar 100ft Road,11211,Weekend,False,Clear,False,0.0,False,False,0.392,Moderate,28.6,28.8,201.0,0.164,0.378,0.955,Moderate traffic flow - standard adaptive signal timing in effect
EVT423518,2026-04-21 09:54:21,Sports Fixture,J011,Indiranagar 100ft Road,18245,Weekday,False,Clear,False,0.0,False,False,0.941,Severe,10.5,69.2,419.7,0.186,0.43,0.91,Heavy congestion detected - signal timing extended and reroute suggested
EVT423519,2025-01-16 19:59:07,Local Market Day,J040,City Market,2804,Weekday,False,Clear,False,0.0,False,False,0.758,Severe,16.5,50.4,223.0,0.136,0.314,0.99,Heavy congestion detected - signal timing extended and reroute suggested
EVT423520,2025-03-21 07:59:56,Concert,J020,Malleshwaram Circle,15265,Weekday,False,Clear,False,0.0,False,False,0.853,Severe,12.2,59.4,475.2,0.23,0.53,0.931,Heavy congestion detected - signal timing extended and reroute suggested
EVT423521,2026-04-22 18:50:39,Trade Fair,J030,MG Road,9819,Weekday,False,Clear,False,0.0,False,False,0.976,Severe,8.0,71.2,555.3,0.173,0.399,0.936,Heavy congestion detected - signal timing extended and reroute suggested
EVT423522,2025-06-15 18:04:08,Sports Fixture,J012,Koramangala Sony World,14051,Weekend,False,Heavy Rain,True,31.4,False,False,1.0,Severe,8.5,80.3,510.1,0.183,0.422,0.845,Heavy rain reducing visibility and grip - reduced speed and longer buffer advised
EVT423523,2025-02-01 18:47:55,Concert,J030,MG Road,19416,Weekend,False,Clear,False,0.0,False,False,0.954,Severe,8.6,71.0,320.1,0.121,0.279,0.912,Heavy congestion detected - signal timing extended and reroute suggested
EVT423524,2025-07-14 17:38:59,Sports Fixture,J040,City Market,19974,Weekday,False,Rain,True,18.8,False,False,1.0,Severe,7.1,73.7,359.7,0.139,0.32,0.895,Heavy rain reducing visibility and grip - reduced speed and longer buffer advised
EVT423525,2026-03-02 06:48:18,Local Market Day,J023,Basavanagudi,3510,Weekday,False,Clear,False,0.0,False,False,0.403,Moderate,30.0,31.1,157.2,0.141,0.326,0.969,Moderate traffic flow - standard adaptive signal timing in effect
EVT423526,2026-01-01 08:31:11,Religious Festival,J040,City Market,17510,Weekday,True,Clear,False,0.0,False,False,1.0,Severe,8.5,73.2,427.5,0.173,0.401,0.869,Festival crowd surge detected - alternate route and extended cycle recommended
EVT423527,2025-04-19 00:00:46,Sports Fixture,J023,Basavanagudi,33728,Weekend,False,Clear,False,0.0,False,False,0.427,Moderate,29.1,31.4,218.3,0.176,0.406,0.965,Moderate traffic flow - standard adaptive signal timing in effect
EVT423528,2026-03-30 09:58:24,Trade Fair,J012,Koramangala Sony World,12497,Weekday,False,Clear,False,0.0,False,False,0.91,Severe,10.4,57.3,279.9,0.112,0.258,0.93,Heavy congestion detected - signal timing extended and reroute suggested
EVT423529,2025-01-04 07:21:56,Local Market Day,J009,Majestic,2973,Weekend,False,Clear,False,0.0,False,False,0.506,Moderate,22.4,37.2,169.4,0.097,0.225,0.949,Moderate traffic flow - standard adaptive signal timing in effect
EVT423530,2026-01-23 16:28:48,Sports Fixture,J020,Malleshwaram Circle,43390,Weekday,False,Clear,False,0.0,False,False,0.768,Severe,17.6,57.9,129.5,0.09,0.208,0.983,Heavy congestion detected - signal timing extended and reroute suggested
EVT423531,2025-10-05 07:44:38,Trade Fair,J009,Majestic,9105,Weekend,False,Fog,False,0.0,False,False,0.683,High,23.6,52.6,292.1,0.213,0.492,0.945,Moderate traffic flow - standard adaptive signal timing in effect
EVT423532,2025-05-05 21:29:17,Local Market Day,J030,MG Road,6261,Weekday,False,Clear,False,0.0,False,False,0.222,Low,23.4,17.9,177.5,0.101,0.232,0.965,Normal free-flow traffic - standard signal timing maintained
EVT423533,2025-08-01 14:37:33,Local Market Day,J011,Indiranagar 100ft Road,4063,Weekday,False,Clear,False,0.0,False,False,0.184,Low,38.6,19.6,88.4,0.106,0.245,0.965,Normal free-flow traffic - standard signal timing maintained
EVT423534,2025-06-03 17:06:16,Political Rally,J030,MG Road,26886,Weekday,False,Clear,False,0.0,False,False,0.938,Severe,11.3,69.5,288.4,0.132,0.305,0.941,Heavy congestion detected - signal timing extended and reroute suggested
EVT423535,2026-02-27 05:04:01,Concert,J023,Basavanagudi,16074,Weekday,False,Clear,False,0.0,False,False,0.187,Low,35.7,19.9,105.0,0.067,0.154,0.96,Normal free-flow traffic - standard signal timing maintained
EVT423536,2026-02-11 18:35:46,Political Rally,J031,Cubbon Road,8948,Weekday,False,Clear,False,0.0,False,False,1.0,Severe,8.0,70.4,638.8,0.203,0.469,0.883,Heavy congestion detected - signal timing extended and reroute suggested
EVT423537,2025-09-08 10:17:19,Trade Fair,J031,Cubbon Road,11066,Weekday,False,Heavy Rain,True,29.0,False,False,1.0,Severe,8.2,74.4,596.0,0.202,0.466,0.845,Heavy rain reducing visibility and grip - reduced speed and longer buffer advised
EVT423538,2025-11-21 10:09:45,Trade Fair,J031,Cubbon Road,14980,Weekday,False,Clear,False,0.0,False,False,0.773,Severe,17.2,60.5,245.7,0.14,0.323,0.931,Heavy congestion detected - signal timing extended and reroute suggested
EVT423539,2026-03-07 17:07:12,Local Market Day,J012,Koramangala Sony World,5563,Weekend,False,Fog,False,0.0,False,False,0.704,High,18.7,46.5,105.1,0.064,0.148,0.958,Moderate traffic flow - standard adaptive signal timing in effect
EVT423540,2026-04-11 16:03:24,Concert,J020,Malleshwaram Circle,6965,Weekend,False,Clear,False,0.0,False,False,0.495,Moderate,21.5,39.1,125.1,0.077,0.179,0.959,Moderate traffic flow - standard adaptive signal timing in effect
EVT423541,2026-02-22 08:58:04,Concert,J020,Malleshwaram Circle,11749,Weekend,False,Clear,False,0.0,False,False,0.96,Severe,10.7,66.1,329.8,0.149,0.343,0.919,Heavy congestion detected - signal timing extended and reroute suggested
EVT423542,2025-03-10 17:15:06,Trade Fair,J009,Majestic,7850,Weekday,False,Clear,False,0.0,False,False,0.804,Severe,19.3,56.5,229.5,0.144,0.333,0.961,Heavy congestion detected - signal timing extended and reroute suggested
EVT423543,2026-02-19 14:04:20,Local Market Day,J020,Malleshwaram Circle,3059,Weekday,False,Clear,False,0.0,False,False,0.164,Low,40.5,11.1,124.7,0.126,0.292,0.983,Normal free-flow traffic - standard signal timing maintained
EVT423544,2025-07-08 15:37:50,Local Market Day,J012,Koramangala Sony World,2608,Weekday,False,Heavy Rain,True,41.1,False,False,0.648,High,19.8,49.0,309.7,0.205,0.474,0.925,Heavy rain reducing visibility and grip - reduced speed and longer buffer advised
EVT423545,2025-12-11 18:56:59,Political Rally,J023,Basavanagudi,11916,Weekday,False,Clear,False,0.0,False,False,1.0,Severe,8.5,68.1,500.1,0.201,0.465,0.926,Heavy congestion detected - signal timing extended and reroute suggested
EVT423546,2026-01-19 13:51:21,Local Market Day,J030,MG Road,2986,Weekday,False,Clear,False,0.0,False,False,0.158,Low,33.2,12.8,202.3,0.182,0.42,0.958,Normal free-flow traffic - standard signal timing maintained
EVT423547,2025-10-25 06:51:51,Trade Fair,J030,MG Road,15368,Weekend,False,Heavy Rain,True,47.0,False,False,0.796,Severe,14.2,57.4,315.7,0.156,0.361,0.931,Heavy rain reducing visibility and grip - reduced speed and longer buffer advised
EVT423548,2025-06-03 10:29:33,Concert,J009,Majestic,7551,Weekday,False,Rain,True,12.1,False,False,0.896,Severe,11.9,63.4,429.3,0.196,0.454,0.877,Heavy rain reducing visibility and grip - reduced speed and longer buffer advised
EVT423549,2025-10-05 09:52:19,Political Rally,J030,MG Road,16676,Weekend,False,Rain,True,10.8,False,False,0.945,Severe,11.0,68.6,358.8,0.136,0.315,0.86,Heavy rain reducing visibility and grip - reduced speed and longer buffer advised
EVT423550,2025-05-02 11:58:29,Religious Festival,J020,Malleshwaram Circle,34358,Weekday,True,Clear,False,0.0,False,False,0.689,High,18.8,48.6,194.3,0.125,0.288,0.932,Festival crowd surge detected - alternate route and extended cycle recommended
EVT423551,2025-06-15 17:04:50,Local Market Day,J040,City Market,5220,Weekend,False,Heavy Rain,True,37.8,False,False,0.96,Severe,10.9,70.4,326.2,0.146,0.337,0.894,Heavy rain reducing visibility and grip - reduced speed and longer buffer advised
EVT423552,2025-01-14 18:55:28,Religious Festival,J020,Malleshwaram Circle,18950,Weekday,True,Clear,False,0.0,False,False,1.0,Severe,7.6,69.1,365.3,0.145,0.335,0.852,Festival crowd surge detected - alternate route and extended cycle recommended
EVT423553,2025-09-05 17:01:07,Cultural Procession,J031,Cubbon Road,20165,Weekday,True,Clear,False,0.0,False,True,1.0,Severe,7.6,108.7,853.8,0.292,0.673,0.855,Road closure for event/procession - full detour recommended for through-traffic
EVT423554,2025-08-25 15:08:57,Trade Fair,J023,Basavanagudi,13902,Weekday,False,Clear,False,0.0,False,False,0.296,Low,32.2,22.8,204.6,0.189,0.437,0.974,Moderate traffic flow - standard adaptive signal timing in effect
EVT423555,2026-01-17 14:52:14,Political Rally,J031,Cubbon Road,22299,Weekend,False,Clear,False,0.0,False,False,0.406,Moderate,28.6,25.8,146.4,0.115,0.265,0.964,Moderate traffic flow - standard adaptive signal timing in effect
EVT423556,2025-03-18 15:37:27,Trade Fair,J040,City Market,14297,Weekday,False,Light Rain,True,1.5,False,False,0.454,Moderate,26.3,34.2,188.4,0.157,0.363,0.92,Light rain detected - minor speed reduction advised
EVT423557,2025-09-06 11:15:33,Religious Festival,J023,Basavanagudi,37090,Weekend,True,Rain,True,16.3,False,True,1.0,Severe,7.8,103.1,637.9,0.232,0.536,0.794,Road closure for event/procession - full detour recommended for through-traffic
EVT423558,2025-08-22 10:00:30,Concert,J031,Cubbon Road,10187,Weekday,False,Heavy Rain,True,42.1,False,False,1.0,Severe,9.2,70.4,393.9,0.168,0.388,0.883,Heavy rain reducing visibility and grip - reduced speed and longer buffer advised
EVT423559,2025-03-05 07:32:21,Local Market Day,J040,City Market,2494,Weekday,False,Light Rain,True,5.0,False,False,0.709,High,16.0,53.0,255.8,0.141,0.326,0.892,Heavy rain reducing visibility and grip - reduced speed and longer buffer advised
EVT423560,2025-05-12 15:30:14,Local Market Day,J011,Indiranagar 100ft Road,5091,Weekday,False,Rain,True,8.5,False,False,0.441,Moderate,28.6,33.1,171.0,0.141,0.325,0.9,Light rain detected - minor speed reduction advised
EVT423561,2025-09-25 16:35:23,Sports Fixture,J020,Malleshwaram Circle,17087,Weekday,False,Clear,False,0.0,False,False,0.754,Severe,16.5,53.1,304.5,0.173,0.401,0.979,Heavy congestion detected - signal timing extended and reroute suggested
EVT423562,2026-01-15 06:01:58,Cultural Procession,J009,Majestic,30282,Weekday,True,Fog,False,0.0,False,False,0.682,High,17.9,48.1,347.6,0.227,0.523,0.897,Festival crowd surge detected - alternate route and extended cycle recommended
EVT423563,2025-01-15 11:31:35,Religious Festival,J012,Koramangala Sony World,47097,Weekday,True,Clear,False,0.0,False,True,0.882,High,13.2,84.9,229.4,0.085,0.195,0.88,Road closure for event/procession - full detour recommended for through-traffic
EVT423564,2025-12-29 04:38:45,Sports Fixture,J031,Cubbon Road,17651,Weekday,False,Clear,False,0.0,False,False,0.23,Low,23.6,12.7,203.0,0.125,0.29,0.918,Normal free-flow traffic - standard signal timing maintained
EVT423565,2025-11-02 21:07:56,Cultural Procession,J040,City Market,16151,Weekend,True,Clear,False,0.0,False,True,0.885,High,10.8,94.4,592.4,0.253,0.585,0.849,Road closure for event/procession - full detour recommended for through-traffic
EVT423566,2025-09-10 08:49:32,Trade Fair,J023,Basavanagudi,6327,Weekday,False,Heavy Rain,True,26.8,False,False,1.0,Severe,9.1,71.9,385.9,0.144,0.333,0.874,Heavy rain reducing visibility and grip - reduced speed and longer buffer advised
EVT423567,2025-05-21 21:28:13,Local Market Day,J031,Cubbon Road,3433,Weekday,False,Clear,False,0.0,False,False,0.334,Low,25.6,25.6,165.1,0.108,0.249,0.965,Moderate traffic flow - standard adaptive signal timing in effect
EVT423568,2025-06-04 18:36:26,Local Market Day,J040,City Market,6488,Weekday,False,Heavy Rain,True,28.2,False,False,1.0,Severe,8.2,70.8,306.6,0.121,0.28,0.844,Heavy rain reducing visibility and grip - reduced speed and longer buffer advised
EVT423569,2025-08-16 11:19:17,Cultural Procession,J031,Cubbon Road,10344,Weekend,True,Rain,True,17.5,False,False,0.859,Severe,15.7,61.0,250.1,0.154,0.356,0.849,Festival crowd surge detected - alternate route and extended cycle recommended
EVT423570,2026-04-18 11:41:19,Sports Fixture,J009,Majestic,17480,Weekend,False,Light Rain,True,3.9,False,False,0.484,Moderate,22.7,41.9,150.2,0.101,0.234,0.92,Light rain detected - minor speed reduction advised
EVT423571,2026-03-16 17:14:20,Local Market Day,J011,Indiranagar 100ft Road,6206,Weekday,False,Clear,False,0.0,False,False,0.834,Severe,13.8,59.2,363.7,0.175,0.404,0.947,Heavy congestion detected - signal timing extended and reroute suggested
EVT423572,2026-02-21 18:56:49,Sports Fixture,J009,Majestic,19083,Weekend,False,Clear,False,0.0,False,False,0.879,Severe,11.7,62.7,676.4,0.282,0.652,0.958,Heavy congestion detected - signal timing extended and reroute suggested
EVT423573,2025-05-29 08:34:13,Sports Fixture,J023,Basavanagudi,50608,Weekday,False,Clear,False,0.0,False,False,1.0,Severe,6.3,75.6,839.1,0.226,0.521,0.929,Heavy congestion detected - signal timing extended and reroute suggested
EVT423574,2026-05-17 15:31:59,Local Market Day,J031,Cubbon Road,4414,Weekend,False,Clear,False,0.0,False,False,0.371,Moderate,23.2,28.0,264.3,0.183,0.423,0.947,Moderate traffic flow - standard adaptive signal timing in effect
EVT423575,2025-03-13 17:46:35,Political Rally,J023,Basavanagudi,28699,Weekday,False,Clear,False,0.0,False,False,1.0,Severe,9.0,72.7,185.3,0.083,0.192,0.928,Heavy congestion detected - signal timing extended and reroute suggested
EVT423576,2025-07-01 17:28:17,Trade Fair,J009,Majestic,5153,Weekday,False,Heavy Rain,True,28.0,False,False,1.0,Severe,7.7,74.3,541.8,0.16,0.37,0.892,Heavy rain reducing visibility and grip - reduced speed and longer buffer advised
EVT423577,2025-04-29 18:49:47,Trade Fair,J012,Koramangala Sony World,8717,Weekday,False,Clear,False,0.0,False,False,1.0,Severe,8.0,71.3,212.1,0.078,0.18,0.946,Heavy congestion detected - signal timing extended and reroute suggested
EVT423578,2025-07-08 10:34:40,Local Market Day,J009,Majestic,3830,Weekday,False,Clear,False,0.0,False,False,0.581,High,20.9,38.0,261.9,0.185,0.426,0.965,Moderate traffic flow - standard adaptive signal timing in effect
EVT423579,2025-06-15 06:18:58,Local Market Day,J011,Indiranagar 100ft Road,3587,Weekend,False,Light Rain,True,1.7,False,False,0.34,Low,27.2,29.8,177.8,0.115,0.266,0.916,Light rain detected - minor speed reduction advised
EVT423580,2025-09-24 17:33:29,Trade Fair,J023,Basavanagudi,11386,Weekday,False,Fog,False,0.0,False,False,0.874,Severe,16.8,63.1,383.1,0.228,0.526,0.934,Heavy congestion detected - signal timing extended and reroute suggested
EVT423581,2026-02-07 14:59:04,Concert,J012,Koramangala Sony World,15529,Weekend,False,Clear,False,0.0,False,False,0.351,Moderate,32.2,29.0,89.6,0.088,0.204,0.963,Moderate traffic flow - standard adaptive signal timing in effect
EVT423582,2026-05-05 06:47:16,Trade Fair,J011,Indiranagar 100ft Road,12522,Weekday,False,Light Rain,True,2.9,False,False,0.553,High,27.9,44.1,142.7,0.097,0.223,0.905,Heavy rain reducing visibility and grip - reduced speed and longer buffer advised
EVT423583,2026-04-18 16:57:33,Local Market Day,J031,Cubbon Road,6283,Weekend,False,Clear,False,0.0,False,False,0.614,High,18.6,43.6,235.3,0.158,0.365,0.979,Moderate traffic flow - standard adaptive signal timing in effect
EVT423584,2026-04-28 11:50:12,Trade Fair,J031,Cubbon Road,5910,Weekday,False,Clear,False,0.0,False,False,0.229,Low,26.4,20.3,221.4,0.156,0.361,0.935,Normal free-flow traffic - standard signal timing maintained
EVT423585,2026-01-23 13:19:31,Sports Fixture,J011,Indiranagar 100ft Road,23952,Weekday,False,Clear,False,0.0,False,False,0.295,Low,33.1,26.6,59.2,0.048,0.111,0.938,Moderate traffic flow - standard adaptive signal timing in effect
EVT423586,2025-05-05 21:45:14,Local Market Day,J031,Cubbon Road,3820,Weekday,False,Clear,False,0.0,False,False,0.279,Low,29.0,16.8,167.0,0.127,0.292,0.989,Moderate traffic flow - standard adaptive signal timing in effect
EVT423587,2026-05-04 11:54:18,Sports Fixture,J030,MG Road,33246,Weekday,False,Clear,False,0.0,False,False,0.414,Moderate,24.4,24.1,75.2,0.05,0.116,0.962,Moderate traffic flow - standard adaptive signal timing in effect
EVT423588,2025-11-04 13:54:23,Concert,J009,Majestic,9668,Weekday,False,Clear,False,0.0,False,False,0.279,Low,23.5,18.0,223.9,0.154,0.357,0.956,Moderate traffic flow - standard adaptive signal timing in effect
EVT423589,2026-03-29 08:36:03,Concert,J011,Indiranagar 100ft Road,10355,Weekend,False,Clear,False,0.0,False,False,0.926,Severe,9.0,67.7,459.9,0.158,0.366,0.961,Heavy congestion detected - signal timing extended and reroute suggested
EVT423590,2026-05-02 09:36:22,Cultural Procession,J020,Malleshwaram Circle,14498,Weekend,True,Clear,False,0.0,False,True,1.0,Severe,5.6,102.1,337.1,0.102,0.235,0.831,Road closure for event/procession - full detour recommended for through-traffic
EVT423591,2026-05-19 11:02:18,Political Rally,J020,Malleshwaram Circle,9866,Weekday,False,Clear,False,0.0,False,False,0.5,Moderate,25.2,38.4,156.0,0.11,0.255,0.95,Moderate traffic flow - standard adaptive signal timing in effect
EVT423592,2025-06-02 14:54:41,Local Market Day,J030,MG Road,5882,Weekday,False,Clear,False,0.0,False,False,0.251,Low,29.8,20.9,87.7,0.058,0.133,0.982,Moderate traffic flow - standard adaptive signal timing in effect
EVT423593,2025-01-02 13:19:24,Trade Fair,J012,Koramangala Sony World,4460,Weekday,False,Clear,False,0.0,False,False,0.151,Low,33.6,13.7,113.3,0.078,0.18,0.975,Normal free-flow traffic - standard signal timing maintained
EVT423594,2026-06-16 09:50:21,Concert,J009,Majestic,11665,Weekday,False,Clear,False,0.0,False,False,0.909,Severe,12.6,64.7,550.0,0.274,0.632,0.947,Heavy congestion detected - signal timing extended and reroute suggested
EVT423595,2026-03-22 15:18:58,Political Rally,J040,City Market,13687,Weekend,False,Clear,False,0.0,False,False,0.369,Moderate,32.4,29.0,179.9,0.147,0.339,0.958,Moderate traffic flow - standard adaptive signal timing in effect
EVT423596,2025-07-17 19:33:23,Concert,J023,Basavanagudi,14702,Weekday,False,Clear,False,0.0,False,False,0.963,Severe,11.0,71.1,487.6,0.222,0.512,0.934,Heavy congestion detected - signal timing extended and reroute suggested
EVT423597,2026-02-05 15:39:08,Local Market Day,J009,Majestic,3487,Weekday,False,Clear,False,0.0,False,False,0.333,Low,29.2,18.5,150.0,0.116,0.268,0.949,Moderate traffic flow - standard adaptive signal timing in effect
EVT423598,2025-11-05 20:00:24,Trade Fair,J012,Koramangala Sony World,7222,Weekday,False,Light Rain,True,4.9,False,False,0.765,Severe,12.6,54.5,132.2,0.066,0.152,0.934,Heavy rain reducing visibility and grip - reduced speed and longer buffer advised
EVT423599,2026-05-23 11:12:21,Sports Fixture,J040,City Market,14139,Weekend,False,Clear,False,0.0,False,False,0.335,Low,32.6,22.5,156.3,0.13,0.301,0.965,Moderate traffic flow - standard adaptive signal timing in effect
EVT423600,2025-11-26 18:50:55,Local Market Day,J012,Koramangala Sony World,3032,Weekday,False,Clear,False,0.0,False,False,0.928,Severe,11.2,66.2,487.3,0.191,0.441,0.924,Heavy congestion detected - signal timing extended and reroute suggested
EVT423601,2026-06-12 13:59:49,Trade Fair,J011,Indiranagar 100ft Road,14433,Weekday,False,Clear,False,0.0,False,False,0.216,Low,31.6,19.4,160.8,0.131,0.303,0.948,Normal free-flow traffic - standard signal timing maintained
EVT423602,2025-06-16 07:44:52,Political Rally,J020,Malleshwaram Circle,28215,Weekday,False,Clear,False,0.0,False,False,0.865,Severe,14.3,60.3,286.9,0.161,0.372,0.949,Heavy congestion detected - signal timing extended and reroute suggested
EVT423603,2025-12-03 18:00:22,Concert,J031,Cubbon Road,17143,Weekday,False,Light Rain,True,5.9,False,False,1.0,Severe,7.5,71.6,620.0,0.193,0.446,0.873,Heavy rain reducing visibility and grip - reduced speed and longer buffer advised
EVT423604,2026-03-17 10:04:15,Concert,J030,MG Road,12478,Weekday,False,Clear,False,0.0,False,False,0.806,Severe,12.0,61.3,400.7,0.176,0.406,0.971,Heavy congestion detected - signal timing extended and reroute suggested
EVT423605,2025-04-29 12:10:55,Local Market Day,J011,Indiranagar 100ft Road,4961,Weekday,False,Clear,False,0.0,False,False,0.231,Low,26.6,15.0,180.1,0.113,0.26,0.952,Normal free-flow traffic - standard signal timing maintained
EVT423606,2026-04-01 12:14:33,Concert,J009,Majestic,6922,Weekday,False,Clear,False,0.0,False,False,0.268,Low,38.1,21.1,179.8,0.166,0.384,0.964,Moderate traffic flow - standard adaptive signal timing in effect
EVT423607,2025-02-28 07:14:37,Trade Fair,J030,MG Road,4724,Weekday,False,Fog,False,0.0,False,False,0.467,Moderate,22.9,30.5,131.3,0.085,0.197,0.962,Moderate traffic flow - standard adaptive signal timing in effect
EVT423608,2025-09-23 13:13:14,Local Market Day,J012,Koramangala Sony World,2864,Weekday,False,Clear,False,0.0,False,False,0.191,Low,30.5,14.1,172.3,0.126,0.291,0.948,Normal free-flow traffic - standard signal timing maintained
EVT423609,2025-11-22 16:45:06,Local Market Day,J011,Indiranagar 100ft Road,5273,Weekend,False,Light Rain,True,2.4,False,False,0.624,High,24.1,45.4,233.9,0.169,0.391,0.907,Heavy rain reducing visibility and grip - reduced speed and longer buffer advised
EVT423610,2026-02-05 18:49:36,Trade Fair,J031,Cubbon Road,9093,Weekday,False,Clear,False,0.0,True,False,1.0,Severe,7.6,71.8,423.6,0.129,0.298,0.741,Accident detected nearby - reroute and reduced speed advised
EVT423611,2025-04-09 07:05:09,Local Market Day,J012,Koramangala Sony World,2218,Weekday,False,Clear,False,0.0,False,False,0.487,Moderate,19.9,36.1,178.8,0.119,0.275,0.977,Moderate traffic flow - standard adaptive signal timing in effect
EVT423612,2025-05-16 06:21:23,Sports Fixture,J009,Majestic,19903,Weekday,False,Clear,False,0.0,False,False,0.352,Moderate,25.6,24.2,156.4,0.129,0.299,0.988,Moderate traffic flow - standard adaptive signal timing in effect
EVT423613,2026-04-02 08:47:24,Local Market Day,J040,City Market,4247,Weekday,False,Fog,False,0.0,False,False,1.0,Severe,6.7,74.1,287.2,0.089,0.206,0.896,Heavy congestion detected - signal timing extended and reroute suggested
EVT423614,2025-08-20 07:24:04,Trade Fair,J009,Majestic,15182,Weekday,False,Clear,False,0.0,True,False,1.0,Severe,10.8,71.1,363.9,0.166,0.385,0.796,Accident detected nearby - reroute and reduced speed advised
EVT423615,2025-08-10 11:59:16,Concert,J012,Koramangala Sony World,15542,Weekend,False,Clear,False,0.0,False,False,0.336,Low,21.2,26.7,156.2,0.1,0.23,0.96,Moderate traffic flow - standard adaptive signal timing in effect
EVT423616,2025-05-15 10:56:41,Concert,J012,Koramangala Sony World,13451,Weekday,False,Clear,False,0.0,False,False,0.511,Moderate,26.4,44.6,152.4,0.111,0.256,0.982,Moderate traffic flow - standard adaptive signal timing in effect
EVT423617,2025-12-29 11:02:39,Local Market Day,J012,Koramangala Sony World,7078,Weekday,False,Clear,False,0.0,False,False,0.424,Moderate,31.2,31.1,132.6,0.111,0.256,0.981,Moderate traffic flow - standard adaptive signal timing in effect
EVT423618,2026-01-14 15:49:32,Fireworks Display,J040,City Market,27571,Weekday,True,Clear,False,0.0,False,False,0.809,Severe,14.4,57.6,412.6,0.224,0.518,0.892,Festival crowd surge detected - alternate route and extended cycle recommended
EVT423619,2025-08-26 13:43:48,Sports Fixture,J030,MG Road,16805,Weekday,False,Clear,False,0.0,False,False,0.339,Low,38.4,29.9,162.0,0.162,0.374,0.958,Moderate traffic flow - standard adaptive signal timing in effect
EVT423620,2026-06-07 18:33:55,Local Market Day,J020,Malleshwaram Circle,1983,Weekend,False,Rain,True,20.2,False,False,1.0,Severe,8.6,68.3,349.9,0.155,0.358,0.862,Heavy rain reducing visibility and grip - reduced speed and longer buffer advised
EVT423621,2026-06-24 11:06:46,Local Market Day,J011,Indiranagar 100ft Road,2647,Weekday,False,Clear,False,0.0,False,False,0.496,Moderate,25.9,40.5,209.3,0.155,0.357,0.961,Moderate traffic flow - standard adaptive signal timing in effect
EVT423622,2025-12-12 09:41:25,Sports Fixture,J009,Majestic,33930,Weekday,False,Clear,False,0.0,False,False,1.0,Severe,7.8,69.6,497.3,0.178,0.412,0.933,Heavy congestion detected - signal timing extended and reroute suggested
EVT423623,2026-01-29 08:20:21,Local Market Day,J011,Indiranagar 100ft Road,4421,Weekday,False,Clear,False,0.0,False,False,0.907,Severe,11.4,60.3,416.8,0.197,0.455,0.962,Heavy congestion detected - signal timing extended and reroute suggested
EVT423624,2025-03-20 13:46:08,Local Market Day,J040,City Market,4832,Weekday,False,Clear,False,0.0,False,False,0.289,Low,29.3,18.4,177.1,0.138,0.319,0.963,Moderate traffic flow - standard adaptive signal timing in effect
EVT423625,2025-10-23 12:33:07,Concert,J031,Cubbon Road,7482,Weekday,False,Clear,False,0.0,False,False,0.169,Low,28.2,5.7,57.0,0.041,0.094,0.952,Normal free-flow traffic - standard signal timing maintained
EVT423626,2026-03-11 13:42:54,Political Rally,J009,Majestic,15216,Weekday,False,Clear,False,0.0,False,False,0.232,Low,28.8,16.4,156.2,0.121,0.28,0.984,Normal free-flow traffic - standard signal timing maintained
EVT423627,2026-06-07 18:17:15,Local Market Day,J009,Majestic,2895,Weekend,False,Fog,False,0.0,False,False,0.886,Severe,12.0,61.8,320.6,0.149,0.345,0.947,Heavy congestion detected - signal timing extended and reroute suggested
EVT423628,2025-11-30 18:25:00,Sports Fixture,J009,Majestic,21530,Weekend,False,Clear,False,0.0,False,False,0.996,Severe,8.4,68.9,767.2,0.262,0.605,0.895,Heavy congestion detected - signal timing extended and reroute suggested
EVT423629,2025-10-28 20:03:21,Concert,J011,Indiranagar 100ft Road,12498,Weekday,False,Clear,False,0.0,False,False,0.742,High,17.0,54.8,151.6,0.078,0.179,0.954,Moderate traffic flow - standard adaptive signal timing in effect
EVT423630,2026-06-28 18:47:29,Sports Fixture,J031,Cubbon Road,24526,Weekend,False,Clear,False,0.0,False,False,0.97,Severe,8.8,66.6,598.8,0.233,0.538,0.932,Heavy congestion detected - signal timing extended and reroute suggested
EVT423631,2025-08-10 13:17:48,Local Market Day,J030,MG Road,2411,Weekend,False,Clear,False,0.0,False,False,0.263,Low,29.5,21.4,178.2,0.137,0.316,0.976,Moderate traffic flow - standard adaptive signal timing in effect
EVT423632,2026-02-02 08:55:34,Sports Fixture,J012,Koramangala Sony World,17032,Weekday,False,Clear,False,0.0,False,False,1.0,Severe,10.4,69.2,604.6,0.233,0.537,0.914,Heavy congestion detected - signal timing extended and reroute suggested
EVT423633,2026-01-31 19:57:54,Sports Fixture,J012,Koramangala Sony World,23946,Weekend,False,Clear,False,0.0,False,False,0.802,Severe,15.5,56.6,184.0,0.111,0.257,0.954,Heavy congestion detected - signal timing extended and reroute suggested
EVT423634,2026-06-09 21:18:28,Local Market Day,J023,Basavanagudi,3602,Weekday,False,Clear,False,0.0,False,False,0.359,Moderate,30.3,26.5,139.6,0.127,0.293,0.946,Moderate traffic flow - standard adaptive signal timing in effect
EVT423635,2026-05-31 05:06:43,Concert,J009,Majestic,5680,Weekend,False,Clear,False,0.0,False,False,0.323,Low,34.0,20.2,117.2,0.114,0.264,0.969,Moderate traffic flow - standard adaptive signal timing in effect
EVT423636,2025-10-26 19:41:51,Sports Fixture,J031,Cubbon Road,21082,Weekend,False,Clear,False,0.0,False,False,0.795,Severe,15.7,58.9,127.1,0.091,0.209,0.947,Heavy congestion detected - signal timing extended and reroute suggested
EVT423637,2025-05-23 11:24:30,Trade Fair,J011,Indiranagar 100ft Road,6492,Weekday,False,Clear,False,0.0,False,False,0.407,Moderate,22.0,35.4,234.1,0.149,0.343,0.955,Moderate traffic flow - standard adaptive signal timing in effect
EVT423638,2025-11-27 19:00:55,Political Rally,J020,Malleshwaram Circle,17482,Weekday,False,Clear,False,0.0,False,False,1.0,Severe,9.0,70.6,572.0,0.224,0.517,0.907,Heavy congestion detected - signal timing extended and reroute suggested
EVT423639,2025-06-19 16:53:54,Local Market Day,J012,Koramangala Sony World,6246,Weekday,False,Clear,False,0.0,False,False,0.702,High,19.3,46.4,147.6,0.105,0.243,0.981,Moderate traffic flow - standard adaptive signal timing in effect
EVT423640,2025-06-15 13:09:18,Sports Fixture,J023,Basavanagudi,9009,Weekend,False,Clear,False,0.0,False,False,0.284,Low,32.6,29.6,105.2,0.085,0.197,0.964,Moderate traffic flow - standard adaptive signal timing in effect
EVT423641,2025-09-10 13:11:35,Local Market Day,J031,Cubbon Road,5048,Weekday,False,Clear,False,0.0,False,False,0.153,Low,36.4,11.9,170.8,0.151,0.35,0.95,Normal free-flow traffic - standard signal timing maintained
EVT423642,2025-06-26 09:14:00,Sports Fixture,J040,City Market,27779,Weekday,False,Clear,False,0.0,False,False,1.0,Severe,8.0,72.7,464.2,0.144,0.334,0.92,Heavy congestion detected - signal timing extended and reroute suggested
EVT423643,2025-08-25 16:51:25,Sports Fixture,J023,Basavanagudi,29393,Weekday,False,Clear,False,0.0,False,False,0.874,Severe,14.4,65.7,391.7,0.221,0.511,0.958,Heavy congestion detected - signal timing extended and reroute suggested
EVT423644,2025-11-06 09:28:40,Local Market Day,J040,City Market,5714,Weekday,False,Clear,False,0.0,False,False,0.919,Severe,11.1,58.8,437.9,0.179,0.413,0.921,Heavy congestion detected - signal timing extended and reroute suggested
EVT423645,2026-03-22 13:16:32,Trade Fair,J012,Koramangala Sony World,8075,Weekend,False,Clear,False,0.0,False,False,0.309,Low,30.5,23.0,133.5,0.119,0.275,0.932,Moderate traffic flow - standard adaptive signal timing in effect
EVT423646,2026-03-29 09:16:57,Local Market Day,J031,Cubbon Road,2663,Weekend,False,Clear,False,0.0,False,False,0.815,Severe,15.6,66.8,370.4,0.21,0.486,0.962,Heavy congestion detected - signal timing extended and reroute suggested
EVT423647,2025-01-27 12:52:42,Fireworks Display,J020,Malleshwaram Circle,30008,Weekday,True,Clear,False,0.0,False,False,0.618,High,28.9,47.8,158.6,0.109,0.252,0.928,Festival crowd surge detected - alternate route and extended cycle recommended
EVT423648,2025-11-20 21:20:08,Local Market Day,J020,Malleshwaram Circle,5782,Weekday,False,Clear,False,0.0,False,False,0.306,Low,26.7,19.2,201.0,0.136,0.314,0.97,Moderate traffic flow - standard adaptive signal timing in effect
EVT423649,2025-10-10 11:54:15,Concert,J012,Koramangala Sony World,11176,Weekday,False,Light Rain,True,4.8,False,False,0.392,Moderate,33.2,25.0,150.9,0.155,0.357,0.902,Light rain detected - minor speed reduction advised
EVT423650,2026-06-13 13:05:43,Local Market Day,J031,Cubbon Road,4735,Weekend,False,Rain,True,23.4,False,False,0.475,Moderate,32.4,31.2,130.7,0.12,0.278,0.932,Light rain detected - minor speed reduction advised
EVT423651,2026-02-20 14:26:35,Trade Fair,J020,Malleshwaram Circle,9508,Weekday,False,Clear,False,0.0,False,False,0.2,Low,41.4,18.4,139.5,0.119,0.274,0.974,Normal free-flow traffic - standard signal timing maintained
EVT423652,2025-08-12 12:23:12,Political Rally,J020,Malleshwaram Circle,12750,Weekday,False,Clear,False,0.0,False,False,0.277,Low,32.2,15.4,185.3,0.168,0.388,0.973,Moderate traffic flow - standard adaptive signal timing in effect
EVT423653,2026-01-02 12:24:19,Religious Festival,J030,MG Road,69303,Weekday,True,Clear,False,0.0,False,True,0.982,Severe,8.7,93.8,562.2,0.226,0.523,0.848,Road closure for event/procession - full detour recommended for through-traffic
EVT423654,2025-01-29 11:43:55,Trade Fair,J031,Cubbon Road,7672,Weekday,False,Clear,False,0.0,False,False,0.28,Low,25.4,20.7,187.6,0.151,0.349,0.938,Moderate traffic flow - standard adaptive signal timing in effect
EVT423655,2025-07-23 09:32:57,Local Market Day,J011,Indiranagar 100ft Road,3285,Weekday,False,Clear,False,0.0,False,False,0.86,Severe,12.9,59.5,319.9,0.126,0.292,0.932,Heavy congestion detected - signal timing extended and reroute suggested
EVT423656,2025-05-12 08:09:52,Local Market Day,J009,Majestic,3906,Weekday,False,Fog,False,0.0,False,False,0.954,Severe,9.4,68.1,525.6,0.226,0.522,0.896,Heavy congestion detected - signal timing extended and reroute suggested
EVT423657,2026-03-08 18:43:45,Trade Fair,J030,MG Road,8628,Weekend,False,Clear,False,0.0,False,False,0.896,Severe,12.1,63.5,410.3,0.192,0.444,0.933,Heavy congestion detected - signal timing extended and reroute suggested
EVT423658,2025-05-06 19:47:07,Local Market Day,J023,Basavanagudi,4960,Weekday,False,Clear,False,0.0,False,False,0.79,Severe,13.4,57.6,425.4,0.203,0.469,0.946,Heavy congestion detected - signal timing extended and reroute suggested
EVT423659,2025-11-19 16:06:44,Sports Fixture,J040,City Market,25173,Weekday,False,Clear,False,0.0,False,False,0.554,High,25.2,34.4,200.0,0.135,0.312,0.946,Moderate traffic flow - standard adaptive signal timing in effect
EVT423660,2025-03-08 07:30:55,Trade Fair,J011,Indiranagar 100ft Road,15338,Weekend,False,Clear,False,0.0,False,False,0.649,High,18.5,47.5,250.6,0.143,0.331,0.953,Moderate traffic flow - standard adaptive signal timing in effect
EVT423661,2025-11-02 07:35:06,Religious Festival,J030,MG Road,38366,Weekend,True,Clear,False,0.0,False,False,1.0,Severe,8.9,69.3,717.0,0.254,0.586,0.852,Festival crowd surge detected - alternate route and extended cycle recommended
EVT423662,2025-10-20 10:35:48,Religious Festival,J012,Koramangala Sony World,21559,Weekday,True,Clear,False,0.0,False,False,0.888,Severe,13.3,60.4,276.0,0.131,0.303,0.929,Festival crowd surge detected - alternate route and extended cycle recommended
EVT423663,2025-05-08 13:07:16,Local Market Day,J012,Koramangala Sony World,4335,Weekday,False,Rain,True,8.2,False,False,0.326,Low,36.5,21.9,149.7,0.138,0.319,0.919,Light rain detected - minor speed reduction advised
EVT423664,2026-05-23 10:41:48,Concert,J030,MG Road,11063,Weekend,False,Clear,False,0.0,False,False,0.555,High,25.1,35.7,232.5,0.174,0.403,0.968,Moderate traffic flow - standard adaptive signal timing in effect
EVT423665,2026-04-24 14:57:01,Trade Fair,J031,Cubbon Road,8060,Weekday,False,Clear,False,0.0,False,False,0.316,Low,25.2,22.9,207.4,0.14,0.323,0.972,Moderate traffic flow - standard adaptive signal timing in effect
EVT423666,2025-12-03 18:40:52,Trade Fair,J009,Majestic,4014,Weekday,False,Clear,False,0.0,False,False,1.0,Severe,6.8,70.9,662.1,0.198,0.456,0.907,Heavy congestion detected - signal timing extended and reroute suggested
EVT423667,2025-08-05 20:35:25,Political Rally,J012,Koramangala Sony World,13646,Weekday,False,Clear,False,0.0,False,False,0.666,High,17.2,46.8,307.9,0.187,0.432,0.986,Moderate traffic flow - standard adaptive signal timing in effect
EVT423668,2025-12-28 14:20:36,Trade Fair,J012,Koramangala Sony World,9641,Weekend,False,Clear,False,0.0,False,False,0.304,Low,31.6,22.2,199.9,0.165,0.382,0.95,Moderate traffic flow - standard adaptive signal timing in effect
EVT423669,2025-02-14 17:15:30,Political Rally,J011,Indiranagar 100ft Road,8792,Weekday,False,Clear,False,0.0,False,False,0.864,Severe,13.7,62.6,291.7,0.154,0.356,0.94,Heavy congestion detected - signal timing extended and reroute suggested
EVT423670,2026-04-29 08:44:57,Trade Fair,J011,Indiranagar 100ft Road,11445,Weekday,False,Clear,False,0.0,False,False,0.991,Severe,10.4,74.3,363.9,0.155,0.358,0.907,Heavy congestion detected - signal timing extended and reroute suggested
EVT423671,2025-03-06 18:27:11,Trade Fair,J030,MG Road,12035,Weekday,False,Clear,False,0.0,False,False,0.993,Severe,10.5,71.8,671.5,0.268,0.62,0.918,Heavy congestion detected - signal timing extended and reroute suggested
EVT423672,2026-06-03 08:52:42,Trade Fair,J011,Indiranagar 100ft Road,4615,Weekday,False,Rain,True,15.0,False,False,1.0,Severe,7.3,69.5,794.9,0.234,0.539,0.873,Heavy rain reducing visibility and grip - reduced speed and longer buffer advised
EVT423673,2026-01-10 21:33:00,Trade Fair,J030,MG Road,14300,Weekend,False,Clear,False,0.0,False,False,0.424,Moderate,25.5,32.7,171.5,0.146,0.337,0.963,Moderate traffic flow - standard adaptive signal timing in effect
EVT423674,2025-12-03 09:05:12,Concert,J020,Malleshwaram Circle,14774,Weekday,False,Clear,False,0.0,False,False,1.0,Severe,9.6,70.8,307.2,0.126,0.29,0.92,Heavy congestion detected - signal timing extended and reroute suggested
EVT423675,2026-06-24 17:32:26,Sports Fixture,J009,Majestic,20388,Weekday,False,Rain,True,19.3,False,False,1.0,Severe,11.0,70.9,325.7,0.171,0.395,0.876,Heavy rain reducing visibility and grip - reduced speed and longer buffer advised
EVT423676,2025-07-10 16:02:45,Sports Fixture,J030,MG Road,35583,Weekday,False,Rain,True,15.4,False,False,0.83,Severe,14.3,62.3,475.2,0.235,0.543,0.903,Heavy rain reducing visibility and grip - reduced speed and longer buffer advised
EVT423677,2026-04-01 07:37:45,Political Rally,J009,Majestic,11426,Weekday,False,Clear,False,0.0,False,False,0.694,High,17.8,48.3,276.4,0.155,0.358,0.979,Moderate traffic flow - standard adaptive signal timing in effect
EVT423678,2025-12-10 04:42:38,Trade Fair,J031,Cubbon Road,5878,Weekday,False,Clear,False,0.0,False,False,0.098,Low,31.8,6.4,59.0,0.042,0.098,0.968,Normal free-flow traffic - standard signal timing maintained
EVT423679,2026-03-09 21:15:03,Sports Fixture,J031,Cubbon Road,19937,Weekday,False,Fog,False,0.0,False,False,0.467,Moderate,27.5,31.5,205.0,0.169,0.39,0.951,Moderate traffic flow - standard adaptive signal timing in effect
EVT423680,2025-09-20 12:54:47,Sports Fixture,J012,Koramangala Sony World,10906,Weekend,False,Rain,True,9.6,False,False,0.46,Moderate,23.2,31.1,205.7,0.143,0.33,0.907,Light rain detected - minor speed reduction advised
EVT423681,2025-10-17 10:41:24,Concert,J011,Indiranagar 100ft Road,16761,Weekday,False,Fog,False,0.0,False,False,0.57,High,23.9,38.2,97.4,0.061,0.142,0.968,Moderate traffic flow - standard adaptive signal timing in effect
EVT423682,2026-06-10 23:32:55,Local Market Day,J009,Majestic,3774,Weekday,False,Clear,False,0.0,False,False,0.216,Low,30.9,19.0,183.1,0.15,0.347,0.956,Normal free-flow traffic - standard signal timing maintained
EVT423683,2025-02-11 11:23:24,Sports Fixture,J030,MG Road,14050,Weekday,False,Clear,False,0.0,False,False,0.363,Moderate,25.6,25.6,157.2,0.097,0.225,0.933,Moderate traffic flow - standard adaptive signal timing in effect
EVT423684,2025-12-12 15:46:56,Concert,J030,MG Road,17465,Weekday,False,Clear,False,0.0,False,False,0.472,Moderate,30.0,28.0,161.1,0.142,0.329,0.975,Moderate traffic flow - standard adaptive signal timing in effect
EVT423685,2025-08-11 18:42:23,Local Market Day,J020,Malleshwaram Circle,4472,Weekday,False,Light Rain,True,4.8,False,False,1.0,Severe,6.6,69.7,515.2,0.168,0.389,0.864,Heavy rain reducing visibility and grip - reduced speed and longer buffer advised
EVT423686,2025-08-01 07:42:42,Concert,J023,Basavanagudi,9306,Weekday,False,Clear,False,0.0,False,False,0.771,Severe,18.4,60.6,253.0,0.135,0.312,0.977,Heavy congestion detected - signal timing extended and reroute suggested
EVT423687,2025-02-23 14:27:16,Trade Fair,J040,City Market,10732,Weekend,False,Clear,False,0.0,False,False,0.343,Low,30.1,22.2,98.1,0.069,0.16,0.97,Moderate traffic flow - standard adaptive signal timing in effect
EVT423688,2025-04-23 12:57:24,Sports Fixture,J023,Basavanagudi,17802,Weekday,False,Clear,False,0.0,False,False,0.365,Moderate,34.3,26.2,150.0,0.136,0.314,0.955,Moderate traffic flow - standard adaptive signal timing in effect
EVT423689,2026-01-03 07:59:50,Local Market Day,J030,MG Road,2884,Weekend,False,Clear,False,0.0,False,False,0.723,High,14.3,53.9,346.3,0.157,0.362,0.977,Moderate traffic flow - standard adaptive signal timing in effect
EVT423690,2025-12-07 07:37:44,Concert,J011,Indiranagar 100ft Road,9449,Weekend,False,Clear,False,0.0,False,False,0.657,High,20.4,43.0,281.3,0.175,0.404,0.951,Moderate traffic flow - standard adaptive signal timing in effect
EVT423691,2025-11-10 08:05:39,Sports Fixture,J031,Cubbon Road,23901,Weekday,False,Clear,False,0.0,False,False,0.939,Severe,8.2,68.3,621.0,0.206,0.475,0.911,Heavy congestion detected - signal timing extended and reroute suggested
EVT423692,2025-06-22 07:49:22,Trade Fair,J023,Basavanagudi,13639,Weekend,False,Light Rain,True,7.2,False,False,0.822,Severe,17.0,60.4,236.7,0.125,0.289,0.884,Heavy rain reducing visibility and grip - reduced speed and longer buffer advised
EVT423693,2025-03-13 08:57:50,Trade Fair,J030,MG Road,7797,Weekday,False,Clear,False,0.0,False,False,1.0,Severe,6.3,67.9,572.5,0.154,0.355,0.92,Heavy congestion detected - signal timing extended and reroute suggested
EVT423694,2026-03-24 08:47:08,Local Market Day,J040,City Market,4274,Weekday,False,Clear,False,0.0,False,False,0.985,Severe,9.7,67.2,583.1,0.223,0.515,0.958,Heavy congestion detected - signal timing extended and reroute suggested
EVT423695,2025-07-09 06:43:23,Political Rally,J023,Basavanagudi,14456,Weekday,False,Heavy Rain,True,32.7,False,False,0.748,High,17.4,50.5,329.3,0.182,0.421,0.897,Heavy rain reducing visibility and grip - reduced speed and longer buffer advised
EVT423696,2025-12-08 17:34:06,Trade Fair,J023,Basavanagudi,11106,Weekday,False,Clear,False,0.0,False,False,1.0,Severe,6.3,69.7,714.0,0.181,0.417,0.912,Heavy congestion detected - signal timing extended and reroute suggested
EVT423697,2025-06-03 15:20:04,Trade Fair,J012,Koramangala Sony World,6766,Weekday,False,Clear,False,0.0,False,False,0.332,Low,34.6,23.3,160.9,0.166,0.383,0.97,Moderate traffic flow - standard adaptive signal timing in effect
EVT423698,2026-01-19 18:47:14,Trade Fair,J031,Cubbon Road,10518,Weekday,False,Clear,False,0.0,False,False,1.0,Severe,8.7,71.9,581.6,0.219,0.505,0.914,Heavy congestion detected - signal timing extended and reroute suggested
EVT423699,2025-06-27 17:33:22,Local Market Day,J009,Majestic,4801,Weekday,False,Clear,False,0.0,False,False,0.974,Severe,10.1,63.4,343.9,0.128,0.295,0.917,Heavy congestion detected - signal timing extended and reroute suggested
EVT423700,2026-02-18 08:31:10,Local Market Day,J030,MG Road,2592,Weekday,False,Clear,False,0.0,False,False,0.942,Severe,11.1,69.4,497.3,0.229,0.529,0.936,Heavy congestion detected - signal timing extended and reroute suggested
EVT423701,2025-07-17 19:31:07,Local Market Day,J009,Majestic,2990,Weekday,False,Clear,False,0.0,False,False,0.847,Severe,14.8,57.4,230.7,0.125,0.288,0.97,Heavy congestion detected - signal timing extended and reroute suggested
EVT423702,2025-08-09 11:40:42,Political Rally,J009,Majestic,15972,Weekend,False,Clear,False,0.0,False,False,0.366,Moderate,33.6,24.9,113.5,0.095,0.219,0.97,Moderate traffic flow - standard adaptive signal timing in effect
EVT423703,2026-05-25 12:25:20,Concert,J040,City Market,14977,Weekday,False,Clear,False,0.0,False,False,0.267,Low,30.1,10.3,187.9,0.152,0.352,0.949,Moderate traffic flow - standard adaptive signal timing in effect
EVT423704,2026-02-12 10:43:21,Local Market Day,J030,MG Road,2974,Weekday,False,Clear,False,0.0,False,False,0.557,High,30.5,39.6,156.2,0.152,0.352,0.971,Moderate traffic flow - standard adaptive signal timing in effect
EVT423705,2025-05-29 19:24:07,Trade Fair,J011,Indiranagar 100ft Road,7528,Weekday,False,Clear,False,0.0,False,False,0.919,Severe,11.0,70.1,469.4,0.201,0.464,0.916,Heavy congestion detected - signal timing extended and reroute suggested
EVT423706,2026-03-16 11:05:30,Trade Fair,J030,MG Road,3625,Weekday,False,Clear,False,0.0,False,False,0.484,Moderate,19.2,26.4,150.9,0.091,0.209,0.99,Moderate traffic flow - standard adaptive signal timing in effect
EVT423707,2025-12-29 06:56:59,Sports Fixture,J031,Cubbon Road,23466,Weekday,False,Clear,False,0.0,False,False,0.567,High,24.2,39.9,191.0,0.143,0.331,0.959,Moderate traffic flow - standard adaptive signal timing in effect
EVT423708,2025-04-21 07:23:59,Local Market Day,J040,City Market,6412,Weekday,False,Clear,False,0.0,False,False,0.614,High,22.6,42.7,146.6,0.1,0.231,0.959,Moderate traffic flow - standard adaptive signal timing in effect
EVT423709,2026-06-05 08:35:54,Sports Fixture,J009,Majestic,10496,Weekday,False,Fog,False,0.0,False,False,1.0,Severe,9.1,65.5,394.0,0.142,0.329,0.93,Heavy congestion detected - signal timing extended and reroute suggested
EVT423710,2026-04-23 10:02:29,Trade Fair,J012,Koramangala Sony World,8415,Weekday,False,Clear,False,0.0,False,False,0.795,Severe,18.4,55.5,248.7,0.166,0.383,0.944,Heavy congestion detected - signal timing extended and reroute suggested
EVT423711,2025-02-14 07:46:57,Concert,J030,MG Road,7363,Weekday,False,Clear,False,0.0,False,False,0.677,High,13.3,44.4,341.7,0.15,0.345,0.961,Moderate traffic flow - standard adaptive signal timing in effect
EVT423712,2025-01-15 09:29:54,Cultural Procession,J023,Basavanagudi,22266,Weekday,True,Light Rain,True,2.3,False,True,1.0,Severe,9.2,100.3,585.0,0.222,0.512,0.768,Road closure for event/procession - full detour recommended for through-traffic
EVT423713,2025-08-24 19:14:05,Local Market Day,J020,Malleshwaram Circle,3927,Weekend,False,Light Rain,True,5.3,False,False,0.894,Severe,13.1,63.6,583.3,0.262,0.605,0.879,Heavy rain reducing visibility and grip - reduced speed and longer buffer advised
EVT423714,2026-03-09 10:37:14,Concert,J023,Basavanagudi,8276,Weekday,False,Clear,False,0.0,False,False,0.592,High,16.1,44.6,338.6,0.167,0.386,0.985,Moderate traffic flow - standard adaptive signal timing in effect
EVT423715,2025-12-20 17:50:59,Trade Fair,J020,Malleshwaram Circle,6783,Weekend,False,Fog,False,0.0,False,False,0.81,Severe,13.0,57.2,430.9,0.207,0.479,0.963,Heavy congestion detected - signal timing extended and reroute suggested
EVT423716,2026-03-15 08:25:16,Sports Fixture,J031,Cubbon Road,19342,Weekend,False,Clear,False,0.0,False,False,0.91,Severe,10.6,60.6,388.6,0.178,0.412,0.953,Heavy congestion detected - signal timing extended and reroute suggested
EVT423717,2026-01-10 10:29:17,Trade Fair,J023,Basavanagudi,10048,Weekend,False,Clear,False,0.0,False,False,0.683,High,20.6,50.5,234.3,0.149,0.345,0.932,Moderate traffic flow - standard adaptive signal timing in effect
EVT423718,2026-06-19 14:37:58,Concert,J011,Indiranagar 100ft Road,14293,Weekday,False,Light Rain,True,1.3,False,False,0.289,Low,37.8,22.8,64.2,0.071,0.165,0.915,Light rain detected - minor speed reduction advised
EVT423719,2026-02-16 08:10:02,Concert,J030,MG Road,15886,Weekday,False,Clear,False,0.0,False,False,0.952,Severe,11.0,74.4,271.0,0.115,0.265,0.924,Heavy congestion detected - signal timing extended and reroute suggested
EVT423720,2026-06-16 09:36:51,Local Market Day,J031,Cubbon Road,4320,Weekday,False,Clear,False,0.0,False,False,0.912,Severe,12.0,62.6,460.9,0.225,0.519,0.921,Heavy congestion detected - signal timing extended and reroute suggested
EVT423721,2025-10-25 21:15:40,Trade Fair,J012,Koramangala Sony World,8266,Weekend,False,Clear,False,0.0,False,False,0.413,Moderate,33.1,25.8,98.1,0.084,0.195,0.965,Moderate traffic flow - standard adaptive signal timing in effect
EVT423722,2025-07-25 20:03:44,Trade Fair,J040,City Market,10280,Weekday,False,Clear,False,0.0,False,False,0.752,Severe,14.8,52.1,250.7,0.124,0.287,0.959,Heavy congestion detected - signal timing extended and reroute suggested
EVT423723,2025-06-20 08:10:00,Trade Fair,J023,Basavanagudi,6135,Weekday,False,Clear,False,0.0,False,False,0.933,Severe,10.8,71.1,223.0,0.1,0.231,0.901,Heavy congestion detected - signal timing extended and reroute suggested
EVT423724,2025-05-23 15:37:14,Local Market Day,J040,City Market,5322,Weekday,False,Light Rain,True,4.3,False,False,0.505,Moderate,26.9,36.9,86.1,0.055,0.128,0.908,Light rain detected - minor speed reduction advised
EVT423725,2025-12-13 04:21:11,Concert,J012,Koramangala Sony World,12070,Weekend,False,Clear,False,0.0,False,False,0.311,Low,29.2,25.2,154.6,0.138,0.318,0.95,Moderate traffic flow - standard adaptive signal timing in effect
EVT423726,2025-12-08 13:48:38,Sports Fixture,J031,Cubbon Road,25357,Weekday,False,Clear,False,0.0,False,False,0.35,Low,28.2,24.7,194.3,0.153,0.354,0.967,Moderate traffic flow - standard adaptive signal timing in effect
EVT423727,2025-10-03 20:15:01,Cultural Procession,J030,MG Road,40341,Weekday,True,Rain,True,15.6,False,True,1.0,Severe,7.5,107.4,674.8,0.217,0.5,0.791,Road closure for event/procession - full detour recommended for through-traffic
EVT423728,2026-01-13 09:40:18,Concert,J030,MG Road,13854,Weekday,False,Clear,False,0.0,False,False,0.977,Severe,8.8,69.0,535.8,0.194,0.448,0.915,Heavy congestion detected - signal timing extended and reroute suggested
EVT423729,2025-08-21 20:59:11,Trade Fair,J023,Basavanagudi,10096,Weekday,False,Clear,False,0.0,False,False,0.512,Moderate,29.7,40.1,253.2,0.221,0.509,0.967,Moderate traffic flow - standard adaptive signal timing in effect
EVT423730,2025-08-30 08:38:39,Local Market Day,J030,MG Road,3668,Weekend,False,Clear,False,0.0,False,False,0.829,Severe,15.4,55.7,155.1,0.092,0.212,0.933,Heavy congestion detected - signal timing extended and reroute suggested
EVT423731,2025-08-27 14:21:28,Cultural Procession,J030,MG Road,11592,Weekday,True,Clear,False,0.0,False,False,0.457,Moderate,27.1,33.9,117.1,0.08,0.185,0.895,Moderate traffic flow - standard adaptive signal timing in effect
EVT423732,2026-02-17 18:17:35,Concert,J020,Malleshwaram Circle,11148,Weekday,False,Clear,False,0.0,False,False,1.0,Severe,7.7,68.4,371.7,0.132,0.304,0.929,Heavy congestion detected - signal timing extended and reroute suggested
EVT423733,2026-06-22 12:47:56,Trade Fair,J031,Cubbon Road,8886,Weekday,False,Heavy Rain,True,25.8,False,False,0.461,Moderate,21.2,37.2,114.1,0.057,0.132,0.927,Light rain detected - minor speed reduction advised
EVT423734,2026-03-30 13:15:16,Trade Fair,J020,Malleshwaram Circle,7789,Weekday,False,Fog,False,0.0,False,False,0.223,Low,35.3,16.8,133.6,0.12,0.278,0.962,Normal free-flow traffic - standard signal timing maintained
EVT423735,2025-02-15 12:01:26,Trade Fair,J011,Indiranagar 100ft Road,11371,Weekend,False,Clear,False,0.0,False,False,0.344,Low,25.2,21.1,172.6,0.119,0.276,0.967,Moderate traffic flow - standard adaptive signal timing in effect
EVT423736,2026-02-16 07:43:25,Trade Fair,J040,City Market,6128,Weekday,False,Clear,False,0.0,False,False,0.716,High,17.4,49.4,241.1,0.143,0.33,0.99,Moderate traffic flow - standard adaptive signal timing in effect
EVT423737,2025-12-16 20:04:40,Trade Fair,J030,MG Road,5056,Weekday,False,Clear,False,0.0,False,False,0.658,High,21.3,48.7,211.7,0.156,0.359,0.968,Moderate traffic flow - standard adaptive signal timing in effect
EVT423738,2025-08-26 17:07:44,Local Market Day,J011,Indiranagar 100ft Road,3758,Weekday,False,Clear,False,0.0,False,False,0.757,Severe,16.2,54.3,199.0,0.096,0.221,0.959,Heavy congestion detected - signal timing extended and reroute suggested
EVT423739,2025-08-20 18:48:51,Concert,J030,MG Road,8553,Weekday,False,Heavy Rain,True,53.6,False,False,1.0,Severe,9.8,67.6,421.1,0.19,0.439,0.857,Heavy rain reducing visibility and grip - reduced speed and longer buffer advised
EVT423740,2025-02-28 20:21:15,Sports Fixture,J020,Malleshwaram Circle,20473,Weekday,False,Clear,False,0.0,False,False,0.702,High,16.7,55.6,166.2,0.093,0.214,0.939,Moderate traffic flow - standard adaptive signal timing in effect
EVT423741,2025-06-27 19:16:36,Political Rally,J030,MG Road,15725,Weekday,False,Heavy Rain,True,50.3,False,False,1.0,Severe,9.8,73.6,467.5,0.171,0.394,0.864,Heavy rain reducing visibility and grip - reduced speed and longer buffer advised
EVT423742,2025-02-13 08:36:11,Sports Fixture,J030,MG Road,25737,Weekday,False,Clear,False,0.0,False,False,1.0,Severe,9.6,68.1,647.3,0.239,0.552,0.912,Heavy congestion detected - signal timing extended and reroute suggested
EVT423743,2026-01-26 03:39:19,Religious Festival,J040,City Market,74094,Weekday,True,Clear,False,0.0,False,True,0.958,Severe,12.9,92.8,527.0,0.234,0.54,0.818,Road closure for event/procession - full detour recommended for through-traffic
EVT423744,2025-07-30 22:34:52,Political Rally,J020,Malleshwaram Circle,12893,Weekday,False,Clear,False,0.0,False,False,0.225,Low,32.6,17.4,69.7,0.071,0.164,0.972,Normal free-flow traffic - standard signal timing maintained
EVT423745,2025-11-25 19:15:50,Sports Fixture,J009,Majestic,26758,Weekday,False,Clear,False,0.0,False,False,1.0,Severe,9.3,69.1,349.5,0.143,0.331,0.917,Heavy congestion detected - signal timing extended and reroute suggested
EVT423746,2025-10-29 19:57:30,Trade Fair,J009,Majestic,11508,Weekday,False,Clear,False,0.0,False,False,0.771,Severe,15.4,50.3,409.3,0.238,0.55,0.958,Heavy congestion detected - signal timing extended and reroute suggested
EVT423747,2025-06-13 11:22:32,Local Market Day,J031,Cubbon Road,3553,Weekday,False,Clear,False,0.0,False,False,0.363,Moderate,33.5,19.4,209.0,0.178,0.411,0.981,Moderate traffic flow - standard adaptive signal timing in effect
EVT423748,2026-02-20 08:13:00,Local Market Day,J023,Basavanagudi,3320,Weekday,False,Clear,False,0.0,False,False,0.841,Severe,13.8,60.9,278.1,0.163,0.377,0.978,Heavy congestion detected - signal timing extended and reroute suggested
EVT423749,2026-05-09 12:03:14,Trade Fair,J030,MG Road,9730,Weekend,False,Clear,False,0.0,False,False,0.206,Low,30.8,21.5,181.5,0.165,0.381,0.978,Normal free-flow traffic - standard signal timing maintained
EVT423750,2025-07-19 07:27:26,Local Market Day,J011,Indiranagar 100ft Road,4547,Weekend,False,Clear,False,0.0,False,False,0.553,High,24.4,43.0,124.2,0.087,0.201,0.944,Moderate traffic flow - standard adaptive signal timing in effect
EVT423751,2025-08-08 19:59:35,Sports Fixture,J031,Cubbon Road,18527,Weekday,False,Rain,True,22.7,False,False,1.0,Severe,6.3,71.3,745.4,0.197,0.455,0.88,Heavy rain reducing visibility and grip - reduced speed and longer buffer advised
EVT423752,2025-07-11 15:32:45,Trade Fair,J040,City Market,5374,Weekday,False,Fog,False,0.0,False,False,0.309,Low,25.7,24.9,286.0,0.194,0.449,0.973,Moderate traffic flow - standard adaptive signal timing in effect
EVT423753,2025-09-22 15:15:29,Sports Fixture,J009,Majestic,17178,Weekday,False,Clear,False,0.0,False,False,0.357,Moderate,27.6,22.9,182.3,0.143,0.33,0.968,Moderate traffic flow - standard adaptive signal timing in effect
EVT423754,2025-02-21 16:56:20,Trade Fair,J030,MG Road,10916,Weekday,False,Clear,False,0.0,False,False,0.818,Severe,13.1,55.4,350.7,0.164,0.38,0.959,Heavy congestion detected - signal timing extended and reroute suggested
EVT423755,2025-08-14 09:04:07,Concert,J031,Cubbon Road,12122,Weekday,False,Rain,True,21.4,False,False,1.0,Severe,8.8,67.8,405.1,0.156,0.361,0.85,Heavy rain reducing visibility and grip - reduced speed and longer buffer advised
EVT423756,2025-03-26 09:24:04,Sports Fixture,J009,Majestic,21093,Weekday,False,Clear,False,0.0,False,False,1.0,Severe,9.3,77.5,430.2,0.168,0.387,0.904,Heavy congestion detected - signal timing extended and reroute suggested
EVT423757,2025-03-31 17:14:26,Cultural Procession,J023,Basavanagudi,14655,Weekday,True,Clear,False,0.0,False,True,1.0,Severe,8.7,100.3,374.1,0.15,0.346,0.831,Road closure for event/procession - full detour recommended for through-traffic
EVT423758,2025-06-08 14:55:44,Sports Fixture,J011,Indiranagar 100ft Road,34315,Weekend,False,Rain,True,10.6,False,False,0.584,High,21.0,43.6,244.5,0.15,0.347,0.942,Heavy rain reducing visibility and grip - reduced speed and longer buffer advised
EVT423759,2026-01-31 10:15:36,Concert,J009,Majestic,12035,Weekend,False,Clear,False,0.0,False,False,0.74,High,16.5,50.6,236.6,0.129,0.298,0.96,Moderate traffic flow - standard adaptive signal timing in effect
EVT423760,2025-01-06 22:58:41,Local Market Day,J040,City Market,3178,Weekday,False,Clear,False,0.0,False,False,0.16,Low,28.4,11.2,170.4,0.13,0.3,0.964,Normal free-flow traffic - standard signal timing maintained
EVT423761,2026-04-30 07:08:48,Sports Fixture,J031,Cubbon Road,14728,Weekday,False,Clear,False,0.0,False,False,0.552,High,29.8,39.6,220.1,0.181,0.418,0.964,Moderate traffic flow - standard adaptive signal timing in effect
EVT423762,2025-02-03 11:59:32,Sports Fixture,J011,Indiranagar 100ft Road,28623,Weekday,False,Clear,False,0.0,False,False,0.429,Moderate,26.6,27.3,170.7,0.132,0.306,0.974,Moderate traffic flow - standard adaptive signal timing in effect
EVT423763,2025-01-06 06:13:00,Trade Fair,J023,Basavanagudi,13644,Weekday,False,Clear,False,0.0,False,False,0.271,Low,28.5,17.7,255.4,0.188,0.434,0.968,Moderate traffic flow - standard adaptive signal timing in effect
EVT423764,2025-06-02 20:52:45,Political Rally,J020,Malleshwaram Circle,10858,Weekday,False,Clear,False,0.0,False,False,0.423,Moderate,25.7,26.9,237.1,0.166,0.384,0.96,Moderate traffic flow - standard adaptive signal timing in effect
EVT423765,2025-06-30 18:06:04,Trade Fair,J009,Majestic,14745,Weekday,False,Clear,False,0.0,False,False,1.0,Severe,8.3,78.1,479.9,0.15,0.347,0.932,Heavy congestion detected - signal timing extended and reroute suggested
EVT423766,2026-06-09 18:55:08,Political Rally,J012,Koramangala Sony World,11552,Weekday,False,Clear,False,0.0,False,False,0.939,Severe,11.6,70.4,414.0,0.17,0.392,0.901,Heavy congestion detected - signal timing extended and reroute suggested
EVT423767,2025-10-01 13:51:01,Local Market Day,J020,Malleshwaram Circle,2724,Weekday,False,Clear,False,0.0,False,False,0.154,Low,39.4,13.3,80.3,0.062,0.142,0.966,Normal free-flow traffic - standard signal timing maintained
EVT423768,2025-07-12 10:42:01,Local Market Day,J020,Malleshwaram Circle,3208,Weekend,False,Rain,True,18.6,False,False,0.735,High,16.3,53.2,286.3,0.173,0.4,0.924,Heavy rain reducing visibility and grip - reduced speed and longer buffer advised
EVT423769,2025-10-15 21:17:48,Local Market Day,J009,Majestic,2012,Weekday,False,Clear,False,0.0,False,False,0.298,Low,28.8,20.7,189.4,0.138,0.32,0.986,Moderate traffic flow - standard adaptive signal timing in effect
EVT423770,2026-01-06 09:59:45,Sports Fixture,J040,City Market,15652,Weekday,False,Clear,False,0.0,False,False,0.848,Severe,9.6,65.7,733.5,0.247,0.57,0.945,Heavy congestion detected - signal timing extended and reroute suggested
EVT423771,2026-05-16 15:58:34,Local Market Day,J031,Cubbon Road,7391,Weekend,False,Clear,False,0.0,False,False,0.447,Moderate,38.2,29.1,105.7,0.117,0.269,0.983,Moderate traffic flow - standard adaptive signal timing in effect
EVT423772,2025-12-14 18:44:40,Local Market Day,J030,MG Road,3310,Weekend,False,Clear,False,0.0,False,False,0.811,Severe,13.7,59.1,456.3,0.223,0.515,0.954,Heavy congestion detected - signal timing extended and reroute suggested
EVT423773,2025-05-06 15:09:54,Concert,J009,Majestic,16602,Weekday,False,Clear,False,0.0,False,False,0.366,Moderate,27.2,27.9,176.3,0.123,0.285,0.954,Moderate traffic flow - standard adaptive signal timing in effect
EVT423774,2025-09-16 17:04:59,Local Market Day,J040,City Market,7730,Weekday,False,Clear,False,0.0,False,False,0.729,High,16.3,47.3,290.5,0.164,0.379,0.988,Moderate traffic flow - standard adaptive signal timing in effect
EVT423775,2025-09-29 14:24:47,Trade Fair,J023,Basavanagudi,11314,Weekday,False,Clear,False,0.0,False,False,0.239,Low,35.0,18.2,47.7,0.033,0.077,0.944,Normal free-flow traffic - standard signal timing maintained
EVT423776,2026-02-20 18:16:29,Concert,J011,Indiranagar 100ft Road,14852,Weekday,False,Clear,False,0.0,False,False,0.987,Severe,8.4,71.6,878.9,0.314,0.726,0.913,Heavy congestion detected - signal timing extended and reroute suggested
EVT423777,2025-08-02 16:30:53,Local Market Day,J011,Indiranagar 100ft Road,3562,Weekend,False,Clear,False,0.0,False,False,0.528,Moderate,20.8,40.6,299.1,0.201,0.464,0.975,Moderate traffic flow - standard adaptive signal timing in effect
EVT423778,2025-09-11 17:43:19,Concert,J040,City Market,9422,Weekday,False,Rain,True,16.2,False,False,1.0,Severe,8.9,74.4,398.7,0.146,0.337,0.857,Heavy rain reducing visibility and grip - reduced speed and longer buffer advised
EVT423779,2025-05-01 08:29:26,Religious Festival,J030,MG Road,43498,Weekday,True,Clear,False,0.0,False,True,1.0,Severe,8.2,103.0,476.5,0.168,0.388,0.83,Road closure for event/procession - full detour recommended for through-traffic
EVT423780,2025-05-08 01:20:06,Political Rally,J020,Malleshwaram Circle,14604,Weekday,False,Clear,False,0.0,False,False,0.279,Low,25.9,19.2,204.1,0.159,0.367,0.979,Moderate traffic flow - standard adaptive signal timing in effect
EVT423781,2025-02-11 21:46:50,Sports Fixture,J012,Koramangala Sony World,27925,Weekday,False,Clear,False,0.0,False,False,0.489,Moderate,24.0,35.7,264.9,0.199,0.46,0.943,Moderate traffic flow - standard adaptive signal timing in effect
EVT423782,2026-04-15 08:18:18,Fireworks Display,J009,Majestic,33920,Weekday,True,Clear,False,0.0,False,False,1.0,Severe,8.9,78.0,652.3,0.247,0.571,0.855,Festival crowd surge detected - alternate route and extended cycle recommended
EVT423783,2025-06-10 13:21:23,Concert,J009,Majestic,6449,Weekday,False,Clear,False,0.0,False,False,0.238,Low,28.5,20.2,169.3,0.127,0.293,0.982,Normal free-flow traffic - standard signal timing maintained
EVT423784,2025-01-12 22:35:13,Sports Fixture,J011,Indiranagar 100ft Road,10657,Weekend,False,Clear,False,0.0,False,False,0.337,Low,40.1,24.4,151.3,0.182,0.419,0.985,Moderate traffic flow - standard adaptive signal timing in effect
EVT423785,2025-06-25 18:06:51,Sports Fixture,J012,Koramangala Sony World,10213,Weekday,False,Rain,True,21.3,False,False,1.0,Severe,8.0,69.5,528.4,0.197,0.456,0.853,Heavy rain reducing visibility and grip - reduced speed and longer buffer advised
EVT423786,2026-03-01 08:04:38,Concert,J040,City Market,10513,Weekend,False,Clear,False,0.0,False,False,0.891,Severe,8.7,61.2,274.4,0.107,0.248,0.929,Heavy congestion detected - signal timing extended and reroute suggested
EVT423787,2025-05-04 07:27:24,Concert,J023,Basavanagudi,14166,Weekend,False,Clear,False,0.0,False,False,0.577,High,25.0,40.1,141.0,0.096,0.223,0.953,Moderate traffic flow - standard adaptive signal timing in effect
EVT423788,2026-02-03 07:32:45,Concert,J030,MG Road,12779,Weekday,False,Fog,False,0.0,False,False,0.705,High,18.0,49.4,253.4,0.146,0.337,0.954,Moderate traffic flow - standard adaptive signal timing in effect
EVT423789,2025-07-09 11:50:22,Trade Fair,J040,City Market,7114,Weekday,False,Clear,False,0.0,True,False,0.666,High,20.4,50.5,254.7,0.186,0.429,0.791,Accident detected nearby - reroute and reduced speed advised
EVT423790,2026-04-29 16:37:32,Local Market Day,J031,Cubbon Road,4324,Weekday,False,Clear,False,0.0,False,False,0.61,High,21.0,43.0,375.1,0.238,0.551,0.97,Moderate traffic flow - standard adaptive signal timing in effect
EVT423791,2026-02-01 09:39:11,Local Market Day,J012,Koramangala Sony World,6550,Weekend,False,Clear,False,0.0,False,False,0.786,Severe,16.0,55.2,132.1,0.083,0.191,0.939,Heavy congestion detected - signal timing extended and reroute suggested
EVT423792,2025-01-12 19:55:59,Local Market Day,J023,Basavanagudi,6729,Weekend,False,Clear,False,0.0,False,False,0.657,High,16.9,52.9,192.6,0.125,0.289,0.96,Moderate traffic flow - standard adaptive signal timing in effect
EVT423793,2025-03-24 22:20:10,Local Market Day,J030,MG Road,6060,Weekday,False,Clear,False,0.0,False,False,0.193,Low,33.9,9.9,162.0,0.144,0.332,0.982,Normal free-flow traffic - standard signal timing maintained
EVT423794,2025-04-20 11:57:15,Local Market Day,J040,City Market,4483,Weekend,False,Clear,False,0.0,False,False,0.288,Low,33.1,22.1,158.0,0.13,0.301,0.962,Moderate traffic flow - standard adaptive signal timing in effect
EVT423795,2025-04-28 06:02:13,Local Market Day,J040,City Market,2627,Weekday,False,Clear,False,0.0,False,False,0.226,Low,37.4,12.5,180.7,0.184,0.426,0.981,Normal free-flow traffic - standard signal timing maintained
EVT423796,2026-06-24 21:49:57,Local Market Day,J030,MG Road,4646,Weekday,False,Clear,False,0.0,False,False,0.267,Low,29.6,14.5,145.2,0.115,0.265,0.969,Moderate traffic flow - standard adaptive signal timing in effect
EVT423797,2025-08-11 17:56:11,Local Market Day,J031,Cubbon Road,2584,Weekday,False,Clear,False,0.0,False,False,0.96,Severe,8.2,74.8,1065.5,0.345,0.798,0.937,Heavy congestion detected - signal timing extended and reroute suggested
EVT423798,2025-03-01 12:51:04,Local Market Day,J011,Indiranagar 100ft Road,5551,Weekend,False,Clear,False,0.0,False,False,0.273,Low,31.2,16.6,138.5,0.105,0.243,0.978,Moderate traffic flow - standard adaptive signal timing in effect
EVT423799,2025-04-24 11:49:44,Trade Fair,J031,Cubbon Road,5358,Weekday,False,Clear,False,0.0,False,False,0.278,Low,34.0,19.2,155.8,0.132,0.306,0.98,Moderate traffic flow - standard adaptive signal timing in effect
EVT423800,2026-01-08 10:06:39,Trade Fair,J012,Koramangala Sony World,17358,Weekday,False,Clear,False,0.0,False,False,0.92,Severe,10.5,67.5,318.0,0.148,0.341,0.937,Heavy congestion detected - signal timing extended and reroute suggested
EVT423801,2026-06-10 16:27:10,Local Market Day,J020,Malleshwaram Circle,5324,Weekday,False,Rain,True,7.6,False,False,0.716,High,15.3,50.3,485.3,0.273,0.63,0.893,Heavy rain reducing visibility and grip - reduced speed and longer buffer advised
EVT423802,2025-08-20 12:00:03,Local Market Day,J031,Cubbon Road,4018,Weekday,False,Clear,False,0.0,False,False,0.155,Low,27.2,14.7,116.8,0.08,0.184,0.976,Normal free-flow traffic - standard signal timing maintained
EVT423803,2025-09-27 20:13:22,Concert,J023,Basavanagudi,23281,Weekend,False,Clear,False,0.0,False,False,0.75,High,17.8,59.1,292.9,0.177,0.41,0.944,Moderate traffic flow - standard adaptive signal timing in effect
EVT423804,2025-12-10 16:12:23,Concert,J031,Cubbon Road,9262,Weekday,False,Clear,False,0.0,False,False,0.46,Moderate,22.9,30.9,229.1,0.14,0.324,0.967,Moderate traffic flow - standard adaptive signal timing in effect
EVT423805,2025-02-03 12:40:04,Concert,J009,Majestic,12710,Weekday,False,Clear,False,0.0,False,False,0.229,Low,31.7,19.9,133.1,0.109,0.252,0.952,Normal free-flow traffic - standard signal timing maintained
EVT423806,2025-07-02 16:01:25,Local Market Day,J030,MG Road,4995,Weekday,False,Heavy Rain,True,34.0,False,False,0.764,Severe,14.4,53.0,318.2,0.147,0.34,0.912,Heavy rain reducing visibility and grip - reduced speed and longer buffer advised
EVT423807,2025-01-05 10:58:33,Concert,J012,Koramangala Sony World,14733,Weekend,False,Clear,False,0.0,False,False,0.533,Moderate,23.1,33.0,159.2,0.122,0.281,0.987,Moderate traffic flow - standard adaptive signal timing in effect
EVT423808,2025-04-26 12:17:16,Sports Fixture,J023,Basavanagudi,44698,Weekend,False,Fog,False,0.0,False,False,0.485,Moderate,22.2,39.5,272.5,0.171,0.395,0.961,Moderate traffic flow - standard adaptive signal timing in effect
EVT423809,2025-02-27 18:13:26,Local Market Day,J011,Indiranagar 100ft Road,6035,Weekday,False,Clear,False,0.0,False,False,1.0,Severe,9.0,69.0,703.3,0.255,0.589,0.912,Heavy congestion detected - signal timing extended and reroute suggested
EVT423810,2026-01-10 19:15:04,Political Rally,J009,Majestic,19694,Weekend,False,Clear,False,0.0,False,False,0.861,Severe,15.5,58.8,455.1,0.238,0.55,0.945,Heavy congestion detected - signal timing extended and reroute suggested
EVT423811,2025-06-04 15:23:18,Concert,J031,Cubbon Road,15323,Weekday,False,Clear,False,0.0,False,False,0.385,Moderate,27.3,40.8,272.1,0.204,0.472,0.955,Moderate traffic flow - standard adaptive signal timing in effect
EVT423812,2025-04-22 18:18:19,Local Market Day,J023,Basavanagudi,2033,Weekday,False,Clear,False,0.0,False,False,0.923,Severe,10.4,63.3,508.8,0.195,0.45,0.939,Heavy congestion detected - signal timing extended and reroute suggested
EVT423813,2026-03-18 13:43:46,Trade Fair,J011,Indiranagar 100ft Road,15217,Weekday,False,Clear,False,0.0,False,False,0.162,Low,37.4,12.1,87.3,0.078,0.18,0.981,Normal free-flow traffic - standard signal timing maintained
EVT423814,2025-07-02 10:37:38,Sports Fixture,J012,Koramangala Sony World,15899,Weekday,False,Heavy Rain,True,60.5,False,False,0.945,Severe,10.2,69.9,323.5,0.155,0.357,0.896,Heavy rain reducing visibility and grip - reduced speed and longer buffer advised
EVT423815,2025-05-11 20:18:04,Sports Fixture,J040,City Market,12068,Weekend,False,Clear,False,0.0,False,False,0.521,Moderate,20.9,35.2,107.7,0.063,0.144,0.947,Moderate traffic flow - standard adaptive signal timing in effect
EVT423816,2025-04-27 11:13:45,Concert,J011,Indiranagar 100ft Road,18706,Weekend,False,Clear,False,0.0,False,False,0.433,Moderate,26.6,30.0,81.3,0.067,0.155,0.966,Moderate traffic flow - standard adaptive signal timing in effect
EVT423817,2026-05-23 12:26:01,Local Market Day,J030,MG Road,3072,Weekend,False,Clear,False,0.0,False,False,0.244,Low,30.3,20.0,183.3,0.166,0.384,0.948,Normal free-flow traffic - standard signal timing maintained
EVT423818,2025-01-02 14:15:49,Sports Fixture,J011,Indiranagar 100ft Road,7958,Weekday,False,Clear,False,0.0,False,False,0.256,Low,39.4,21.5,116.9,0.115,0.265,0.985,Moderate traffic flow - standard adaptive signal timing in effect
EVT423819,2025-10-02 18:36:40,Religious Festival,J011,Indiranagar 100ft Road,40795,Weekday,True,Heavy Rain,True,43.3,False,True,1.0,Severe,9.6,108.2,570.2,0.229,0.529,0.78,Road closure for event/procession - full detour recommended for through-traffic
EVT423820,2025-07-23 04:31:48,Sports Fixture,J023,Basavanagudi,11005,Weekday,False,Clear,False,0.0,False,False,0.256,Low,27.6,15.9,131.3,0.118,0.272,0.944,Moderate traffic flow - standard adaptive signal timing in effect
EVT423821,2026-05-16 07:59:51,Sports Fixture,J030,MG Road,41076,Weekend,False,Clear,False,0.0,False,False,0.973,Severe,10.1,67.5,444.2,0.183,0.423,0.932,Heavy congestion detected - signal timing extended and reroute suggested
EVT423822,2025-08-03 18:25:45,Local Market Day,J023,Basavanagudi,5947,Weekend,False,Heavy Rain,True,33.1,False,False,1.0,Severe,10.8,74.2,450.9,0.192,0.442,0.873,Heavy rain reducing visibility and grip - reduced speed and longer buffer advised
EVT423823,2025-08-06 18:39:42,Local Market Day,J040,City Market,4175,Weekday,False,Clear,False,0.0,False,False,1.0,Severe,9.6,68.0,345.2,0.141,0.326,0.897,Heavy congestion detected - signal timing extended and reroute suggested
EVT423824,2025-01-10 14:33:57,Local Market Day,J020,Malleshwaram Circle,5987,Weekday,False,Clear,False,0.0,False,False,0.252,Low,31.1,9.7,129.9,0.125,0.289,0.963,Moderate traffic flow - standard adaptive signal timing in effect
EVT423825,2025-02-11 06:01:01,Concert,J023,Basavanagudi,10938,Weekday,False,Clear,False,0.0,False,False,0.26,Low,29.6,18.2,121.8,0.098,0.226,0.97,Moderate traffic flow - standard adaptive signal timing in effect
EVT423826,2025-07-30 19:51:26,Local Market Day,J030,MG Road,3719,Weekday,False,Clear,False,0.0,False,False,0.728,High,18.8,53.8,198.6,0.126,0.291,0.965,Moderate traffic flow - standard adaptive signal timing in effect
EVT423827,2025-04-22 10:36:30,Political Rally,J031,Cubbon Road,17850,Weekday,False,Clear,False,0.0,False,False,0.688,High,19.7,48.0,303.4,0.191,0.441,0.963,Moderate traffic flow - standard adaptive signal timing in effect
EVT423828,2026-05-15 16:10:55,Sports Fixture,J031,Cubbon Road,17030,Weekday,False,Clear,False,0.0,False,False,0.516,Moderate,20.7,36.1,196.9,0.133,0.307,0.972,Moderate traffic flow - standard adaptive signal timing in effect
EVT423829,2025-02-22 17:29:11,Concert,J009,Majestic,12063,Weekend,False,Clear,False,0.0,False,False,0.777,Severe,11.3,57.1,426.4,0.175,0.405,0.959,Heavy congestion detected - signal timing extended and reroute suggested
EVT423830,2026-02-18 14:50:58,Sports Fixture,J040,City Market,19261,Weekday,False,Clear,False,0.0,False,False,0.4,Moderate,35.6,31.9,66.8,0.053,0.123,0.956,Moderate traffic flow - standard adaptive signal timing in effect
EVT423831,2026-02-05 13:53:16,Sports Fixture,J011,Indiranagar 100ft Road,18192,Weekday,False,Clear,False,0.0,False,False,0.328,Low,33.7,27.5,134.9,0.132,0.306,0.973,Moderate traffic flow - standard adaptive signal timing in effect
EVT423832,2025-12-24 21:52:44,Sports Fixture,J040,City Market,25952,Weekday,False,Clear,False,0.0,False,False,0.423,Moderate,26.3,27.5,265.3,0.2,0.462,0.944,Moderate traffic flow - standard adaptive signal timing in effect
EVT423833,2025-01-17 10:39:34,Sports Fixture,J020,Malleshwaram Circle,23824,Weekday,False,Clear,False,0.0,False,False,0.654,High,21.5,45.7,227.1,0.167,0.385,0.967,Moderate traffic flow - standard adaptive signal timing in effect
EVT423834,2025-07-13 17:40:42,Sports Fixture,J023,Basavanagudi,25947,Weekend,False,Clear,False,0.0,False,False,0.936,Severe,11.0,69.2,540.1,0.231,0.534,0.92,Heavy congestion detected - signal timing extended and reroute suggested
EVT423835,2025-08-08 17:48:54,Concert,J030,MG Road,13229,Weekday,False,Heavy Rain,True,51.7,False,False,1.0,Severe,8.5,66.4,597.4,0.208,0.48,0.868,Heavy rain reducing visibility and grip - reduced speed and longer buffer advised
EVT423836,2025-04-20 21:55:19,Sports Fixture,J012,Koramangala Sony World,22822,Weekend,False,Clear,False,0.0,False,False,0.418,Moderate,29.0,31.9,196.1,0.143,0.329,0.955,Moderate traffic flow - standard adaptive signal timing in effect
EVT423837,2026-06-15 17:31:03,Concert,J011,Indiranagar 100ft Road,13549,Weekday,False,Rain,True,21.4,False,False,1.0,Severe,9.1,68.9,742.6,0.282,0.651,0.868,Heavy rain reducing visibility and grip - reduced speed and longer buffer advised
EVT423838,2026-05-06 16:54:11,Concert,J031,Cubbon Road,13349,Weekday,False,Light Rain,True,3.9,False,False,0.855,Severe,13.8,59.3,215.5,0.093,0.214,0.894,Heavy rain reducing visibility and grip - reduced speed and longer buffer advised
EVT423839,2025-04-07 08:39:26,Fireworks Display,J030,MG Road,26792,Weekday,True,Light Rain,True,0.8,False,False,1.0,Severe,7.8,71.8,958.9,0.298,0.688,0.821,Festival crowd surge detected - alternate route and extended cycle recommended
EVT423840,2026-04-15 17:00:31,Religious Festival,J020,Malleshwaram Circle,94706,Weekday,True,Clear,False,0.0,False,True,1.0,Severe,8.0,95.8,1056.6,0.335,0.774,0.831,Road closure for event/procession - full detour recommended for through-traffic
EVT423841,2025-05-28 09:05:18,Trade Fair,J023,Basavanagudi,16052,Weekday,False,Clear,False,0.0,False,False,1.0,Severe,8.4,70.2,548.6,0.201,0.465,0.943,Heavy congestion detected - signal timing extended and reroute suggested
EVT423842,2026-05-11 16:55:56,Local Market Day,J009,Majestic,4065,Weekday,False,Clear,False,0.0,False,False,0.67,High,15.7,44.1,390.3,0.212,0.49,0.969,Moderate traffic flow - standard adaptive signal timing in effect
EVT423843,2025-02-20 15:05:04,Political Rally,J031,Cubbon Road,18239,Weekday,False,Clear,False,0.0,False,False,0.248,Low,32.5,22.0,200.7,0.171,0.396,0.973,Normal free-flow traffic - standard signal timing maintained
EVT423844,2025-05-03 09:05:15,Local Market Day,J031,Cubbon Road,3706,Weekend,False,Rain,True,14.4,False,False,0.999,Severe,8.1,69.9,815.1,0.273,0.63,0.877,Heavy rain reducing visibility and grip - reduced speed and longer buffer advised
EVT423845,2025-02-03 08:47:30,Political Rally,J023,Basavanagudi,15400,Weekday,False,Clear,False,0.0,False,False,1.0,Severe,9.4,73.5,189.9,0.089,0.206,0.926,Heavy congestion detected - signal timing extended and reroute suggested
EVT423846,2026-06-16 16:54:25,Concert,J012,Koramangala Sony World,16070,Weekday,False,Clear,False,0.0,False,False,0.701,High,20.2,48.7,198.5,0.115,0.266,0.976,Moderate traffic flow - standard adaptive signal timing in effect
EVT423847,2025-11-24 08:23:00,Local Market Day,J012,Koramangala Sony World,3335,Weekday,False,Clear,False,0.0,False,False,0.906,Severe,10.6,69.1,479.1,0.194,0.447,0.927,Heavy congestion detected - signal timing extended and reroute suggested
EVT423848,2025-07-31 17:50:23,Concert,J020,Malleshwaram Circle,18494,Weekday,False,Rain,True,12.4,False,False,1.0,Severe,6.8,73.3,621.2,0.19,0.44,0.857,Heavy rain reducing visibility and grip - reduced speed and longer buffer advised
EVT423849,2026-06-06 09:40:23,Sports Fixture,J011,Indiranagar 100ft Road,34932,Weekend,False,Rain,True,18.1,False,False,1.0,Severe,8.7,74.7,419.6,0.159,0.368,0.866,Heavy rain reducing visibility and grip - reduced speed and longer buffer advised
EVT423850,2026-04-08 17:55:26,Trade Fair,J030,MG Road,10163,Weekday,False,Clear,False,0.0,False,False,1.0,Severe,8.9,71.8,484.0,0.17,0.392,0.926,Heavy congestion detected - signal timing extended and reroute suggested
EVT423851,2025-11-04 13:36:19,Trade Fair,J031,Cubbon Road,12179,Weekday,False,Fog,False,0.0,False,False,0.274,Low,28.5,19.6,151.2,0.138,0.319,0.961,Moderate traffic flow - standard adaptive signal timing in effect
EVT423852,2025-01-05 20:22:36,Concert,J020,Malleshwaram Circle,17495,Weekend,False,Clear,False,0.0,False,False,0.617,High,16.7,47.9,301.6,0.164,0.38,0.943,Moderate traffic flow - standard adaptive signal timing in effect
EVT423853,2026-01-05 22:40:04,Concert,J020,Malleshwaram Circle,17711,Weekday,False,Clear,False,0.0,False,False,0.358,Moderate,35.7,27.6,108.5,0.089,0.205,0.975,Moderate traffic flow - standard adaptive signal timing in effect
EVT423854,2025-06-29 11:23:44,Concert,J023,Basavanagudi,10651,Weekend,False,Rain,True,10.6,False,False,0.497,Moderate,29.1,34.1,216.2,0.155,0.359,0.907,Light rain detected - minor speed reduction advised
EVT423855,2026-02-15 09:49:23,Sports Fixture,J030,MG Road,22459,Weekend,False,Clear,False,0.0,False,False,0.848,Severe,14.0,62.6,444.9,0.205,0.474,0.921,Heavy congestion detected - signal timing extended and reroute suggested
EVT423856,2025-05-16 08:16:50,Trade Fair,J009,Majestic,6053,Weekday,False,Rain,True,16.4,True,False,1.0,Severe,8.3,72.3,379.7,0.128,0.295,0.726,Accident detected nearby - reroute and reduced speed advised
EVT423857,2025-01-03 10:29:42,Local Market Day,J009,Majestic,4609,Weekday,False,Clear,False,0.0,False,False,0.652,High,17.9,44.2,242.5,0.133,0.306,0.974,Moderate traffic flow - standard adaptive signal timing in effect
EVT423858,2026-02-24 14:21:12,Sports Fixture,J023,Basavanagudi,25304,Weekday,False,Clear,False,0.0,False,False,0.32,Low,33.5,24.0,103.9,0.092,0.212,0.974,Moderate traffic flow - standard adaptive signal timing in effect
EVT423859,2025-02-08 17:34:30,Local Market Day,J031,Cubbon Road,3242,Weekend,False,Clear,False,0.0,False,False,0.746,High,16.0,59.6,246.8,0.146,0.338,0.99,Moderate traffic flow - standard adaptive signal timing in effect
EVT423860,2025-12-24 08:53:42,Local Market Day,J011,Indiranagar 100ft Road,2645,Weekday,False,Clear,False,0.0,False,False,0.922,Severe,10.3,63.5,358.0,0.157,0.363,0.949,Heavy congestion detected - signal timing extended and reroute suggested
EVT423861,2026-05-13 09:57:51,Trade Fair,J030,MG Road,14886,Weekday,False,Clear,False,0.0,False,False,0.907,Severe,11.9,59.9,325.7,0.135,0.312,0.952,Heavy congestion detected - signal timing extended and reroute suggested
EVT423862,2025-06-18 09:13:39,Sports Fixture,J023,Basavanagudi,18368,Weekday,False,Rain,True,17.1,False,False,1.0,Severe,9.8,62.1,665.6,0.278,0.641,0.88,Heavy rain reducing visibility and grip - reduced speed and longer buffer advised
EVT423863,2025-07-24 14:21:36,Concert,J011,Indiranagar 100ft Road,8495,Weekday,False,Rain,True,11.9,False,False,0.312,Low,33.4,20.0,77.2,0.096,0.223,0.914,Light rain detected - minor speed reduction advised
EVT423864,2025-02-11 10:11:01,Sports Fixture,J012,Koramangala Sony World,23781,Weekday,False,Clear,False,0.0,False,False,0.886,Severe,10.9,60.8,359.0,0.133,0.307,0.949,Heavy congestion detected - signal timing extended and reroute suggested
EVT423865,2025-09-14 16:33:05,Local Market Day,J040,City Market,3410,Weekend,False,Clear,False,0.0,False,False,0.529,Moderate,24.6,34.0,171.2,0.122,0.282,0.938,Moderate traffic flow - standard adaptive signal timing in effect
EVT423866,2026-01-20 20:47:27,Sports Fixture,J020,Malleshwaram Circle,15537,Weekday,False,Clear,False,0.0,False,False,0.638,High,17.4,45.9,326.8,0.171,0.395,0.965,Moderate traffic flow - standard adaptive signal timing in effect
EVT423867,2026-03-15 11:09:54,Local Market Day,J009,Majestic,3639,Weekend,False,Clear,False,0.0,False,False,0.365,Moderate,31.5,25.4,163.0,0.125,0.289,0.932,Moderate traffic flow - standard adaptive signal timing in effect
EVT423868,2025-09-22 11:25:56,Concert,J012,Koramangala Sony World,8075,Weekday,False,Clear,False,0.0,False,False,0.344,Low,33.5,24.6,195.6,0.195,0.45,0.95,Moderate traffic flow - standard adaptive signal timing in effect
EVT423869,2025-11-21 11:46:19,Sports Fixture,J023,Basavanagudi,19599,Weekday,False,Fog,False,0.0,False,False,0.453,Moderate,29.7,36.1,135.0,0.1,0.231,0.971,Moderate traffic flow - standard adaptive signal timing in effect
EVT423870,2025-08-17 17:36:08,Trade Fair,J030,MG Road,7272,Weekend,False,Clear,False,0.0,False,False,0.838,Severe,14.8,62.9,394.9,0.217,0.502,0.956,Heavy congestion detected - signal timing extended and reroute suggested
EVT423871,2025-10-22 11:36:20,Religious Festival,J011,Indiranagar 100ft Road,73973,Weekday,True,Rain,True,23.2,False,True,1.0,Severe,8.1,97.2,636.6,0.215,0.496,0.773,Road closure for event/procession - full detour recommended for through-traffic
EVT423872,2026-05-13 17:43:26,Local Market Day,J030,MG Road,4716,Weekday,False,Clear,False,0.0,False,False,0.956,Severe,7.9,76.1,652.5,0.207,0.477,0.951,Heavy congestion detected - signal timing extended and reroute suggested
EVT423873,2025-01-06 16:47:29,Political Rally,J030,MG Road,26786,Weekday,False,Clear,False,0.0,False,False,0.756,Severe,16.4,49.4,415.4,0.228,0.527,0.967,Heavy congestion detected - signal timing extended and reroute suggested
EVT423874,2025-06-05 06:11:00,Sports Fixture,J031,Cubbon Road,20429,Weekday,False,Clear,False,0.0,False,False,0.352,Moderate,27.0,29.7,179.4,0.139,0.322,0.979,Moderate traffic flow - standard adaptive signal timing in effect
EVT423875,2025-01-23 16:48:42,Local Market Day,J023,Basavanagudi,5381,Weekday,False,Clear,False,0.0,False,False,0.66,High,21.2,46.9,299.3,0.199,0.461,0.99,Moderate traffic flow - standard adaptive signal timing in effect
EVT423876,2025-12-26 17:38:28,Religious Festival,J020,Malleshwaram Circle,31891,Weekday,True,Clear,False,0.0,False,True,1.0,Severe,6.7,104.1,465.1,0.146,0.337,0.835,Road closure for event/procession - full detour recommended for through-traffic
EVT423877,2026-06-19 10:18:32,Local Market Day,J009,Majestic,4947,Weekday,False,Clear,False,0.0,False,False,0.656,High,21.4,50.0,228.2,0.132,0.305,0.966,Moderate traffic flow - standard adaptive signal timing in effect
EVT423878,2025-02-09 16:13:47,Sports Fixture,J030,MG Road,29326,Weekend,False,Clear,False,0.0,False,False,0.592,High,21.2,41.0,293.4,0.195,0.45,0.96,Moderate traffic flow - standard adaptive signal timing in effect
EVT423879,2025-06-22 17:35:13,Sports Fixture,J030,MG Road,21686,Weekend,False,Heavy Rain,True,46.6,False,False,1.0,Severe,8.5,69.5,648.9,0.219,0.507,0.874,Heavy rain reducing visibility and grip - reduced speed and longer buffer advised
EVT423880,2025-01-28 09:47:49,Local Market Day,J020,Malleshwaram Circle,2960,Weekday,False,Clear,False,0.0,False,False,0.93,Severe,10.6,68.1,260.7,0.111,0.256,0.899,Heavy congestion detected - signal timing extended and reroute suggested
EVT423881,2026-05-13 12:39:27,Political Rally,J009,Majestic,13482,Weekday,False,Clear,False,0.0,False,False,0.273,Low,26.4,18.8,160.3,0.123,0.285,0.964,Moderate traffic flow - standard adaptive signal timing in effect
EVT423882,2025-05-06 20:15:58,Local Market Day,J020,Malleshwaram Circle,10148,Weekday,False,Clear,False,0.0,False,False,0.702,High,16.0,44.0,253.3,0.135,0.313,0.964,Moderate traffic flow - standard adaptive signal timing in effect
EVT423883,2025-01-07 14:47:59,Local Market Day,J011,Indiranagar 100ft Road,4031,Weekday,False,Clear,False,0.0,False,False,0.289,Low,35.0,21.9,127.3,0.099,0.23,0.985,Moderate traffic flow - standard adaptive signal timing in effect
EVT423884,2025-06-05 19:37:45,Concert,J011,Indiranagar 100ft Road,16196,Weekday,False,Heavy Rain,True,26.9,False,False,1.0,Severe,10.0,67.5,395.2,0.156,0.359,0.879,Heavy rain reducing visibility and grip - reduced speed and longer buffer advised
EVT423885,2025-06-27 20:30:06,Trade Fair,J020,Malleshwaram Circle,6798,Weekday,False,Rain,True,9.9,False,False,0.708,High,18.0,48.4,244.4,0.127,0.294,0.903,Heavy rain reducing visibility and grip - reduced speed and longer buffer advised
EVT423886,2025-08-03 18:09:05,Local Market Day,J012,Koramangala Sony World,7261,Weekend,False,Clear,False,0.0,False,False,0.859,Severe,10.7,59.7,350.6,0.163,0.376,0.951,Heavy congestion detected - signal timing extended and reroute suggested
EVT423887,2026-01-24 08:27:29,Local Market Day,J009,Majestic,4726,Weekend,False,Clear,False,0.0,False,False,0.825,Severe,14.8,56.2,301.4,0.172,0.397,0.979,Heavy congestion detected - signal timing extended and reroute suggested
EVT423888,2026-01-04 18:01:09,Political Rally,J023,Basavanagudi,10043,Weekend,False,Clear,False,0.0,False,False,0.863,Severe,12.2,61.2,574.2,0.248,0.572,0.937,Heavy congestion detected - signal timing extended and reroute suggested
EVT423889,2025-04-24 16:07:18,Local Market Day,J011,Indiranagar 100ft Road,3498,Weekday,False,Clear,False,0.0,False,False,0.459,Moderate,26.0,32.4,172.2,0.116,0.267,0.933,Moderate traffic flow - standard adaptive signal timing in effect
EVT423890,2025-02-14 20:13:13,Political Rally,J040,City Market,15295,Weekday,False,Clear,False,0.0,False,False,0.746,High,17.2,46.0,220.6,0.132,0.304,0.962,Moderate traffic flow - standard adaptive signal timing in effect
EVT423891,2025-02-17 19:56:13,Local Market Day,J040,City Market,3916,Weekday,False,Clear,False,0.0,False,False,0.718,High,19.6,50.1,136.1,0.077,0.177,0.989,Moderate traffic flow - standard adaptive signal timing in effect
EVT423892,2025-05-14 10:29:43,Local Market Day,J023,Basavanagudi,3421,Weekday,False,Clear,False,0.0,False,False,0.6,High,24.0,45.8,163.8,0.123,0.284,0.972,Moderate traffic flow - standard adaptive signal timing in effect
EVT423893,2025-09-28 23:33:18,Trade Fair,J030,MG Road,5736,Weekend,False,Clear,False,0.0,False,False,0.348,Low,27.9,24.4,224.7,0.152,0.352,0.968,Moderate traffic flow - standard adaptive signal timing in effect
EVT423894,2025-03-28 02:50:25,Concert,J031,Cubbon Road,12958,Weekday,False,Clear,False,0.0,False,False,0.216,Low,31.3,12.0,84.3,0.074,0.17,0.959,Normal free-flow traffic - standard signal timing maintained
EVT423895,2025-08-01 07:31:13,Political Rally,J011,Indiranagar 100ft Road,14634,Weekday,False,Rain,True,21.8,False,False,0.873,Severe,15.0,58.1,255.6,0.148,0.343,0.887,Heavy rain reducing visibility and grip - reduced speed and longer buffer advised
EVT423896,2026-06-02 02:10:34,Sports Fixture,J030,MG Road,17553,Weekday,False,Rain,True,10.1,False,False,0.427,Moderate,25.5,37.8,183.5,0.129,0.298,0.932,Light rain detected - minor speed reduction advised
EVT423897,2026-02-16 23:19:16,Sports Fixture,J023,Basavanagudi,18620,Weekday,False,Clear,False,0.0,False,False,0.299,Low,27.1,20.3,212.7,0.163,0.376,0.98,Moderate traffic flow - standard adaptive signal timing in effect
EVT423898,2025-11-11 16:45:06,Concert,J040,City Market,20866,Weekday,False,Clear,False,0.0,False,False,0.692,High,18.8,52.2,179.1,0.108,0.249,0.926,Moderate traffic flow - standard adaptive signal timing in effect
EVT423899,2026-01-03 17:06:37,Concert,J009,Majestic,7883,Weekend,False,Clear,False,0.0,False,False,0.703,High,16.0,48.3,302.1,0.162,0.373,0.955,Moderate traffic flow - standard adaptive signal timing in effect
EVT423900,2025-05-15 08:11:05,Trade Fair,J023,Basavanagudi,6381,Weekday,False,Clear,False,0.0,False,False,0.884,Severe,13.8,66.4,160.8,0.076,0.176,0.966,Heavy congestion detected - signal timing extended and reroute suggested
EVT423901,2025-10-31 15:43:46,Trade Fair,J040,City Market,7421,Weekday,False,Clear,False,0.0,True,False,0.782,Severe,13.7,59.6,266.6,0.129,0.298,0.811,Accident detected nearby - reroute and reduced speed advised
EVT423902,2025-01-24 19:21:40,Sports Fixture,J012,Koramangala Sony World,18679,Weekday,False,Clear,False,0.0,False,False,1.0,Severe,9.8,77.8,508.4,0.215,0.497,0.914,Heavy congestion detected - signal timing extended and reroute suggested
EVT423903,2025-10-26 18:06:49,Local Market Day,J030,MG Road,3551,Weekend,False,Clear,False,0.0,False,False,0.864,Severe,11.4,66.8,403.3,0.162,0.374,0.951,Heavy congestion detected - signal timing extended and reroute suggested
EVT423904,2025-10-08 20:56:02,Concert,J023,Basavanagudi,11978,Weekday,False,Clear,False,0.0,False,False,0.375,Moderate,32.2,32.8,158.0,0.137,0.316,0.961,Moderate traffic flow - standard adaptive signal timing in effect
EVT423905,2026-02-12 09:12:47,Sports Fixture,J031,Cubbon Road,28017,Weekday,False,Clear,False,0.0,False,False,1.0,Severe,8.1,67.0,515.1,0.169,0.391,0.937,Heavy congestion detected - signal timing extended and reroute suggested
EVT423906,2026-04-04 08:24:17,Concert,J012,Koramangala Sony World,23064,Weekend,False,Clear,False,0.0,False,False,0.934,Severe,9.3,74.6,808.5,0.316,0.73,0.915,Heavy congestion detected - signal timing extended and reroute suggested
EVT423907,2026-03-18 22:33:22,Sports Fixture,J009,Majestic,37011,Weekday,False,Clear,False,0.0,False,False,0.382,Moderate,30.4,22.5,91.0,0.071,0.165,0.962,Moderate traffic flow - standard adaptive signal timing in effect
EVT423908,2025-04-14 15:36:10,Religious Festival,J009,Majestic,41730,Weekday,True,Clear,False,0.0,False,False,0.751,Severe,18.4,48.9,210.9,0.136,0.314,0.903,Festival crowd surge detected - alternate route and extended cycle recommended
EVT423909,2026-06-11 19:30:35,Sports Fixture,J011,Indiranagar 100ft Road,13084,Weekday,False,Clear,False,0.0,False,False,0.939,Severe,10.0,69.9,571.9,0.225,0.52,0.95,Heavy congestion detected - signal timing extended and reroute suggested
EVT423910,2025-10-07 19:53:53,Political Rally,J040,City Market,21848,Weekday,False,Clear,False,0.0,False,False,0.862,Severe,12.6,65.7,609.6,0.29,0.67,0.934,Heavy congestion detected - signal timing extended and reroute suggested
EVT423911,2025-04-13 09:48:29,Local Market Day,J012,Koramangala Sony World,4283,Weekend,False,Clear,False,0.0,False,False,0.834,Severe,15.8,65.4,333.5,0.215,0.497,0.967,Heavy congestion detected - signal timing extended and reroute suggested
EVT423912,2026-03-10 16:58:35,Sports Fixture,J040,City Market,18109,Weekday,False,Clear,False,0.0,False,False,0.828,Severe,15.8,56.1,328.6,0.188,0.435,0.941,Heavy congestion detected - signal timing extended and reroute suggested
EVT423913,2025-01-30 18:45:49,Political Rally,J023,Basavanagudi,22601,Weekday,False,Clear,False,0.0,False,False,1.0,Severe,7.0,72.6,422.5,0.123,0.285,0.915,Heavy congestion detected - signal timing extended and reroute suggested
EVT423914,2025-05-26 19:50:12,Trade Fair,J030,MG Road,10590,Weekday,False,Clear,False,0.0,False,False,0.775,Severe,12.9,63.8,518.4,0.246,0.568,0.959,Heavy congestion detected - signal timing extended and reroute suggested
EVT423915,2026-04-05 13:22:54,Local Market Day,J011,Indiranagar 100ft Road,5558,Weekend,False,Clear,False,0.0,False,False,0.316,Low,30.7,25.5,208.4,0.187,0.433,0.983,Moderate traffic flow - standard adaptive signal timing in effect
EVT423916,2026-01-17 17:28:03,Sports Fixture,J023,Basavanagudi,31030,Weekend,False,Clear,False,0.0,False,False,0.924,Severe,12.7,70.2,352.8,0.188,0.435,0.929,Heavy congestion detected - signal timing extended and reroute suggested
EVT423917,2026-03-23 07:37:03,Local Market Day,J011,Indiranagar 100ft Road,5272,Weekday,False,Clear,False,0.0,False,False,0.662,High,18.3,47.5,99.0,0.053,0.123,0.957,Moderate traffic flow - standard adaptive signal timing in effect
EVT423918,2025-10-09 18:51:30,Sports Fixture,J023,Basavanagudi,15359,Weekday,False,Heavy Rain,True,31.5,False,False,1.0,Severe,8.8,65.1,552.1,0.204,0.472,0.854,Heavy rain reducing visibility and grip - reduced speed and longer buffer advised
EVT423919,2025-07-03 19:47:05,Concert,J031,Cubbon Road,6462,Weekday,False,Heavy Rain,True,27.4,False,False,1.0,Severe,8.9,70.8,608.6,0.235,0.542,0.873,Heavy rain reducing visibility and grip - reduced speed and longer buffer advised
EVT423920,2025-03-24 20:12:39,Sports Fixture,J031,Cubbon Road,16783,Weekday,False,Clear,False,0.0,False,False,0.733,High,20.1,53.2,285.3,0.187,0.432,0.955,Moderate traffic flow - standard adaptive signal timing in effect
EVT423921,2026-04-23 19:22:38,Trade Fair,J020,Malleshwaram Circle,8368,Weekday,False,Clear,False,0.0,False,False,0.95,Severe,10.5,71.4,533.1,0.215,0.496,0.908,Heavy congestion detected - signal timing extended and reroute suggested
EVT423922,2026-04-11 20:42:15,Local Market Day,J023,Basavanagudi,4042,Weekend,False,Clear,False,0.0,False,False,0.423,Moderate,29.0,25.8,141.0,0.108,0.249,0.965,Moderate traffic flow - standard adaptive signal timing in effect
EVT423923,2025-04-28 01:45:40,Political Rally,J023,Basavanagudi,14974,Weekday,False,Clear,False,0.0,False,False,0.253,Low,32.1,21.1,231.3,0.185,0.428,0.981,Moderate traffic flow - standard adaptive signal timing in effect
EVT423924,2025-11-11 14:11:10,Concert,J020,Malleshwaram Circle,15149,Weekday,False,Fog,False,0.0,False,False,0.208,Low,38.9,18.1,51.4,0.061,0.14,0.961,Normal free-flow traffic - standard signal timing maintained
EVT423925,2025-07-25 18:48:02,Political Rally,J030,MG Road,9079,Weekday,False,Clear,False,0.0,False,False,1.0,Severe,6.2,71.2,421.2,0.114,0.264,0.895,Heavy congestion detected - signal timing extended and reroute suggested
EVT423926,2025-11-22 15:51:00,Sports Fixture,J009,Majestic,22873,Weekend,False,Clear,False,0.0,False,False,0.513,Moderate,24.5,35.3,165.2,0.121,0.28,0.959,Moderate traffic flow - standard adaptive signal timing in effect
EVT423927,2026-01-29 10:37:22,Local Market Day,J030,MG Road,2807,Weekday,False,Clear,False,0.0,False,False,0.56,High,20.4,37.6,233.3,0.138,0.319,0.965,Moderate traffic flow - standard adaptive signal timing in effect
EVT423928,2025-05-06 11:43:54,Political Rally,J030,MG Road,13921,Weekday,False,Clear,False,0.0,False,False,0.335,Low,31.8,19.4,132.9,0.116,0.267,0.971,Moderate traffic flow - standard adaptive signal timing in effect
EVT423929,2026-02-19 17:19:49,Concert,J009,Majestic,8830,Weekday,False,Clear,False,0.0,False,False,0.836,Severe,15.6,59.6,425.3,0.235,0.544,0.955,Heavy congestion detected - signal timing extended and reroute suggested
EVT423930,2026-06-11 13:41:58,Trade Fair,J020,Malleshwaram Circle,6808,Weekday,False,Clear,False,0.0,False,False,0.241,Low,33.6,14.9,89.8,0.077,0.179,0.962,Normal free-flow traffic - standard signal timing maintained
EVT423931,2025-07-21 20:19:39,Concert,J011,Indiranagar 100ft Road,16717,Weekday,False,Rain,True,18.1,False,False,0.914,Severe,13.2,62.1,515.3,0.254,0.587,0.868,Heavy rain reducing visibility and grip - reduced speed and longer buffer advised
EVT423932,2026-03-22 18:40:57,Concert,J020,Malleshwaram Circle,14860,Weekend,False,Clear,False,0.0,False,False,0.897,Severe,12.6,66.0,374.6,0.162,0.374,0.941,Heavy congestion detected - signal timing extended and reroute suggested
EVT423933,2025-06-27 16:12:03,Local Market Day,J023,Basavanagudi,3224,Weekday,False,Clear,False,0.0,False,False,0.522,Moderate,25.6,40.1,245.6,0.198,0.457,0.976,Moderate traffic flow - standard adaptive signal timing in effect
EVT423934,2026-06-07 15:00:39,Concert,J012,Koramangala Sony World,8218,Weekend,False,Heavy Rain,True,29.3,False,False,0.653,High,20.9,44.7,263.0,0.171,0.394,0.914,Heavy rain reducing visibility and grip - reduced speed and longer buffer advised
EVT423935,2025-08-04 19:55:26,Sports Fixture,J040,City Market,14240,Weekday,False,Clear,False,0.0,False,False,0.743,High,18.2,55.5,271.7,0.181,0.419,0.983,Moderate traffic flow - standard adaptive signal timing in effect
EVT423936,2025-09-20 16:20:10,Concert,J011,Indiranagar 100ft Road,11221,Weekend,False,Rain,True,15.9,False,False,0.743,High,16.4,52.0,401.0,0.235,0.543,0.902,Heavy rain reducing visibility and grip - reduced speed and longer buffer advised
EVT423937,2025-03-17 08:10:11,Concert,J040,City Market,10650,Weekday,False,Clear,False,0.0,False,False,0.846,Severe,14.2,64.5,305.2,0.154,0.356,0.931,Heavy congestion detected - signal timing extended and reroute suggested
EVT423938,2026-03-05 11:26:45,Religious Festival,J030,MG Road,31952,Weekday,True,Clear,False,0.0,False,True,0.838,High,10.4,84.2,706.3,0.285,0.658,0.859,Road closure for event/procession - full detour recommended for through-traffic
EVT423939,2025-09-21 10:55:19,Sports Fixture,J023,Basavanagudi,16627,Weekend,False,Heavy Rain,True,30.3,False,False,0.784,Severe,17.0,52.2,301.4,0.18,0.417,0.918,Heavy rain reducing visibility and grip - reduced speed and longer buffer advised
EVT423940,2025-12-23 07:55:56,Local Market Day,J009,Majestic,5282,Weekday,False,Clear,False,0.0,False,False,0.769,Severe,14.5,50.9,297.5,0.172,0.397,0.958,Heavy congestion detected - signal timing extended and reroute suggested
EVT423941,2025-12-04 11:08:16,Sports Fixture,J040,City Market,32905,Weekday,False,Clear,False,0.0,False,False,0.514,Moderate,23.1,36.6,224.5,0.155,0.358,0.951,Moderate traffic flow - standard adaptive signal timing in effect
EVT423942,2025-02-07 18:16:30,Sports Fixture,J020,Malleshwaram Circle,24233,Weekday,False,Clear,False,0.0,False,False,1.0,Severe,8.0,65.4,406.7,0.16,0.369,0.886,Heavy congestion detected - signal timing extended and reroute suggested
EVT423943,2025-11-14 13:28:44,Sports Fixture,J040,City Market,15411,Weekday,False,Clear,False,0.0,False,False,0.22,Low,30.1,18.3,98.3,0.064,0.147,0.983,Normal free-flow traffic - standard signal timing maintained
EVT423944,2025-08-17 15:24:39,Local Market Day,J012,Koramangala Sony World,5351,Weekend,False,Clear,False,0.0,False,False,0.43,Moderate,26.8,27.1,128.2,0.096,0.223,0.957,Moderate traffic flow - standard adaptive signal timing in effect
EVT423945,2025-02-01 17:00:08,Local Market Day,J030,MG Road,8056,Weekend,False,Light Rain,True,3.2,False,False,0.725,High,18.3,51.6,285.7,0.171,0.396,0.954,Heavy rain reducing visibility and grip - reduced speed and longer buffer advised
EVT423946,2025-12-16 19:37:00,Trade Fair,J009,Majestic,16292,Weekday,False,Clear,False,0.0,False,False,0.912,Severe,6.6,70.6,731.3,0.224,0.517,0.93,Heavy congestion detected - signal timing extended and reroute suggested
EVT423947,2025-12-19 04:00:48,Political Rally,J020,Malleshwaram Circle,11746,Weekday,False,Clear,False,0.0,False,False,0.174,Low,30.2,17.8,211.5,0.173,0.399,0.958,Normal free-flow traffic - standard signal timing maintained
EVT423948,2026-01-03 19:01:11,Political Rally,J011,Indiranagar 100ft Road,16960,Weekend,False,Clear,False,0.0,False,False,0.834,Severe,13.9,56.4,289.1,0.145,0.336,0.952,Heavy congestion detected - signal timing extended and reroute suggested
EVT423949,2025-10-15 17:01:52,Concert,J040,City Market,10320,Weekday,False,Clear,False,0.0,False,False,0.795,Severe,14.0,54.2,384.2,0.175,0.405,0.949,Heavy congestion detected - signal timing extended and reroute suggested
EVT423950,2026-06-22 12:27:59,Local Market Day,J009,Majestic,4489,Weekday,False,Rain,True,23.9,False,False,0.495,Moderate,29.6,35.4,91.7,0.06,0.14,0.916,Light rain detected - minor speed reduction advised
EVT423951,2025-07-26 08:52:58,Trade Fair,J011,Indiranagar 100ft Road,4375,Weekend,False,Rain,True,24.2,False,False,1.0,Severe,8.3,61.4,871.3,0.27,0.624,0.875,Heavy rain reducing visibility and grip - reduced speed and longer buffer advised
EVT423952,2025-11-08 12:52:10,Trade Fair,J030,MG Road,13318,Weekend,False,Clear,False,0.0,False,False,0.343,Low,27.7,17.2,77.2,0.058,0.135,0.945,Moderate traffic flow - standard adaptive signal timing in effect
EVT423953,2025-03-31 09:06:11,Religious Festival,J011,Indiranagar 100ft Road,67965,Weekday,True,Clear,False,0.0,False,True,1.0,Severe,9.4,96.2,301.7,0.127,0.293,0.823,Road closure for event/procession - full detour recommended for through-traffic
EVT423954,2025-05-31 18:44:06,Sports Fixture,J009,Majestic,32685,Weekend,False,Clear,False,0.0,False,False,1.0,Severe,8.4,65.0,613.4,0.21,0.486,0.892,Heavy congestion detected - signal timing extended and reroute suggested
EVT423955,2025-02-06 07:19:17,Trade Fair,J012,Koramangala Sony World,10158,Weekday,False,Clear,False,0.0,False,False,0.56,High,21.2,38.2,109.2,0.06,0.14,0.973,Moderate traffic flow - standard adaptive signal timing in effect
EVT423956,2025-01-15 18:47:01,Religious Festival,J012,Koramangala Sony World,44336,Weekday,True,Clear,False,0.0,False,True,1.0,Severe,9.5,100.4,554.2,0.232,0.535,0.861,Road closure for event/procession - full detour recommended for through-traffic
EVT423957,2026-03-10 19:17:49,Local Market Day,J031,Cubbon Road,6424,Weekday,False,Clear,False,0.0,False,False,0.876,Severe,11.9,67.0,367.6,0.158,0.365,0.952,Heavy congestion detected - signal timing extended and reroute suggested
EVT423958,2026-01-04 16:52:54,Sports Fixture,J020,Malleshwaram Circle,17345,Weekend,False,Clear,False,0.0,False,False,0.728,High,16.9,52.1,241.1,0.118,0.272,0.952,Moderate traffic flow - standard adaptive signal timing in effect
EVT423959,2025-07-07 14:29:29,Concert,J031,Cubbon Road,6853,Weekday,False,Heavy Rain,True,68.9,False,False,0.648,High,25.5,46.0,323.5,0.258,0.596,0.917,Heavy rain reducing visibility and grip - reduced speed and longer buffer advised
EVT423960,2025-12-03 07:12:49,Trade Fair,J011,Indiranagar 100ft Road,14045,Weekday,False,Clear,False,0.0,False,False,0.577,High,23.2,42.9,135.7,0.076,0.175,0.979,Moderate traffic flow - standard adaptive signal timing in effect
EVT423961,2025-10-15 11:39:06,Local Market Day,J009,Majestic,3406,Weekday,False,Clear,False,0.0,False,False,0.305,Low,30.5,21.8,153.3,0.133,0.307,0.953,Moderate traffic flow - standard adaptive signal timing in effect
EVT423962,2026-01-26 11:15:23,Religious Festival,J012,Koramangala Sony World,40786,Weekday,True,Clear,False,0.0,False,True,0.974,Severe,10.2,101.5,359.1,0.161,0.371,0.812,Road closure for event/procession - full detour recommended for through-traffic
EVT423963,2025-10-24 08:43:28,Trade Fair,J040,City Market,23088,Weekday,False,Clear,False,0.0,False,False,1.0,Severe,7.5,69.5,927.5,0.308,0.711,0.917,Heavy congestion detected - signal timing extended and reroute suggested
EVT423964,2026-04-24 11:39:18,Trade Fair,J040,City Market,7008,Weekday,False,Clear,False,0.0,False,False,0.195,Low,37.1,11.2,108.4,0.092,0.213,0.968,Normal free-flow traffic - standard signal timing maintained
EVT423965,2025-06-17 13:44:28,Concert,J012,Koramangala Sony World,17151,Weekday,False,Clear,False,0.0,False,False,0.273,Low,29.7,14.7,202.1,0.175,0.404,0.974,Moderate traffic flow - standard adaptive signal timing in effect
EVT423966,2026-06-04 14:32:42,Political Rally,J023,Basavanagudi,13572,Weekday,False,Rain,True,24.9,False,False,0.606,High,21.3,43.0,114.0,0.069,0.159,0.912,Heavy rain reducing visibility and grip - reduced speed and longer buffer advised
EVT423967,2025-09-11 18:50:33,Trade Fair,J020,Malleshwaram Circle,11238,Weekday,False,Fog,False,0.0,False,False,1.0,Severe,10.6,72.6,587.6,0.263,0.609,0.91,Heavy congestion detected - signal timing extended and reroute suggested
EVT423968,2025-06-25 16:04:01,Trade Fair,J009,Majestic,9427,Weekday,False,Fog,False,0.0,False,False,0.521,Moderate,26.6,36.9,171.4,0.139,0.322,0.956,Moderate traffic flow - standard adaptive signal timing in effect
EVT423969,2025-04-28 19:30:44,Local Market Day,J040,City Market,3560,Weekday,False,Rain,True,21.1,False,False,1.0,Severe,7.6,67.9,904.4,0.292,0.675,0.883,Heavy rain reducing visibility and grip - reduced speed and longer buffer advised
EVT423970,2025-11-03 10:29:38,Political Rally,J012,Koramangala Sony World,10110,Weekday,False,Clear,False,0.0,False,False,0.627,High,21.4,44.5,333.0,0.23,0.531,0.935,Moderate traffic flow - standard adaptive signal timing in effect
EVT423971,2025-11-20 18:17:21,Sports Fixture,J020,Malleshwaram Circle,24859,Weekday,False,Clear,False,0.0,False,False,1.0,Severe,6.5,66.7,730.4,0.193,0.446,0.914,Heavy congestion detected - signal timing extended and reroute suggested
EVT423972,2025-06-02 15:50:41,Concert,J031,Cubbon Road,8802,Weekday,False,Rain,True,8.5,False,False,0.545,Moderate,19.8,34.3,362.9,0.222,0.513,0.918,Light rain detected - minor speed reduction advised
EVT423973,2026-03-13 19:05:49,Trade Fair,J020,Malleshwaram Circle,8058,Weekday,False,Clear,False,0.0,False,False,0.95,Severe,9.8,70.6,562.5,0.224,0.518,0.903,Heavy congestion detected - signal timing extended and reroute suggested
EVT423974,2026-05-08 12:52:24,Local Market Day,J011,Indiranagar 100ft Road,5903,Weekday,False,Clear,False,0.0,False,False,0.155,Low,42.1,14.9,104.0,0.113,0.262,0.981,Normal free-flow traffic - standard signal timing maintained
EVT423975,2025-08-15 15:25:10,Religious Festival,J012,Koramangala Sony World,32535,Weekday,True,Clear,False,0.0,False,True,0.911,Severe,10.6,101.9,528.2,0.222,0.514,0.85,Road closure for event/procession - full detour recommended for through-traffic
EVT423976,2025-05-12 09:36:13,Concert,J040,City Market,13893,Weekday,False,Clear,False,0.0,False,False,1.0,Severe,8.5,67.7,947.7,0.321,0.742,0.906,Heavy congestion detected - signal timing extended and reroute suggested
EVT423977,2025-01-13 09:57:59,Political Rally,J011,Indiranagar 100ft Road,18148,Weekday,False,Clear,False,0.0,False,False,0.903,Severe,10.4,65.7,466.4,0.179,0.413,0.943,Heavy congestion detected - signal timing extended and reroute suggested
EVT423978,2025-12-26 06:40:48,Religious Festival,J040,City Market,45542,Weekday,True,Clear,False,0.0,False,False,0.839,Severe,14.8,58.6,277.5,0.157,0.362,0.908,Festival crowd surge detected - alternate route and extended cycle recommended
EVT423979,2025-12-12 06:01:58,Sports Fixture,J023,Basavanagudi,34111,Weekday,False,Clear,False,0.0,False,False,0.347,Low,28.5,22.5,159.9,0.136,0.314,0.958,Moderate traffic flow - standard adaptive signal timing in effect
EVT423980,2025-07-31 14:50:02,Local Market Day,J009,Majestic,2235,Weekday,False,Clear,False,0.0,False,False,0.22,Low,34.2,18.3,99.8,0.09,0.207,0.963,Normal free-flow traffic - standard signal timing maintained
EVT423981,2026-04-25 17:04:19,Sports Fixture,J012,Koramangala Sony World,17734,Weekend,False,Clear,False,0.0,False,False,0.714,High,14.9,51.5,360.7,0.186,0.43,0.99,Moderate traffic flow - standard adaptive signal timing in effect
EVT423982,2025-11-12 13:18:59,Trade Fair,J040,City Market,7546,Weekday,False,Clear,False,0.0,False,False,0.164,Low,36.6,10.0,146.0,0.122,0.282,0.946,Normal free-flow traffic - standard signal timing maintained
EVT423983,2026-01-23 20:07:15,Political Rally,J031,Cubbon Road,11225,Weekday,False,Clear,False,0.0,False,False,0.762,Severe,17.0,58.2,312.5,0.188,0.435,0.953,Heavy congestion detected - signal timing extended and reroute suggested
EVT423984,2025-04-29 18:23:50,Trade Fair,J011,Indiranagar 100ft Road,14147,Weekday,False,Clear,False,0.0,False,False,1.0,Severe,8.8,74.7,491.5,0.168,0.389,0.908,Heavy congestion detected - signal timing extended and reroute suggested
EVT423985,2025-06-18 17:23:19,Political Rally,J030,MG Road,15313,Weekday,False,Clear,False,0.0,False,False,0.922,Severe,9.5,66.9,418.2,0.165,0.381,0.945,Heavy congestion detected - signal timing extended and reroute suggested
EVT423986,2026-04-29 12:04:41,Sports Fixture,J031,Cubbon Road,25976,Weekday,False,Clear,False,0.0,False,False,0.476,Moderate,25.7,36.3,197.8,0.167,0.387,0.952,Moderate traffic flow - standard adaptive signal timing in effect
EVT423987,2025-08-21 17:05:27,Concert,J023,Basavanagudi,13407,Weekday,False,Clear,False,0.0,False,False,0.812,Severe,15.7,58.2,260.7,0.152,0.351,0.955,Heavy congestion detected - signal timing extended and reroute suggested
EVT423988,2025-12-08 19:33:12,Sports Fixture,J023,Basavanagudi,28763,Weekday,False,Clear,False,0.0,False,False,1.0,Severe,9.1,74.9,299.0,0.125,0.288,0.908,Heavy congestion detected - signal timing extended and reroute suggested
EVT423989,2026-06-15 10:11:25,Trade Fair,J023,Basavanagudi,16761,Weekday,False,Clear,False,0.0,False,False,0.867,Severe,12.2,61.9,477.4,0.21,0.486,0.942,Heavy congestion detected - signal timing extended and reroute suggested
EVT423990,2026-03-25 14:55:49,Sports Fixture,J012,Koramangala Sony World,20013,Weekday,False,Clear,False,0.0,False,False,0.309,Low,28.1,19.2,82.7,0.048,0.111,0.963,Moderate traffic flow - standard adaptive signal timing in effect
EVT423991,2025-02-07 19:22:30,Trade Fair,J030,MG Road,5729,Weekday,False,Clear,False,0.0,False,False,0.943,Severe,10.1,71.1,502.7,0.209,0.483,0.942,Heavy congestion detected - signal timing extended and reroute suggested
EVT423992,2025-12-28 05:53:17,Sports Fixture,J030,MG Road,13240,Weekend,False,Clear,False,0.0,False,False,0.277,Low,32.4,19.9,92.4,0.08,0.185,0.949,Moderate traffic flow - standard adaptive signal timing in effect
EVT423993,2026-01-08 19:55:04,Sports Fixture,J020,Malleshwaram Circle,25655,Weekday,False,Clear,False,0.0,False,False,0.929,Severe,12.9,64.5,548.4,0.279,0.644,0.947,Heavy congestion detected - signal timing extended and reroute suggested
EVT423994,2025-09-02 10:47:04,Local Market Day,J023,Basavanagudi,4528,Weekday,False,Rain,True,24.6,False,False,0.803,Severe,14.3,54.0,247.8,0.14,0.324,0.92,Heavy rain reducing visibility and grip - reduced speed and longer buffer advised
EVT423995,2026-04-30 17:34:34,Concert,J030,MG Road,15081,Weekday,False,Clear,False,0.0,False,False,0.982,Severe,11.7,69.9,342.7,0.16,0.37,0.901,Heavy congestion detected - signal timing extended and reroute suggested
EVT423996,2025-10-27 22:02:11,Sports Fixture,J009,Majestic,18945,Weekday,False,Rain,True,23.9,False,False,0.632,High,24.6,42.9,148.0,0.104,0.24,0.908,Heavy rain reducing visibility and grip - reduced speed and longer buffer advised
EVT423997,2026-04-15 19:40:39,Religious Festival,J020,Malleshwaram Circle,28890,Weekday,True,Light Rain,True,1.6,False,False,1.0,Severe,7.2,73.4,547.5,0.169,0.391,0.796,Festival crowd surge detected - alternate route and extended cycle recommended
EVT423998,2025-06-21 14:16:22,Local Market Day,J023,Basavanagudi,5708,Weekend,False,Heavy Rain,True,78.8,False,False,0.649,High,19.7,46.4,233.2,0.148,0.342,0.893,Heavy rain reducing visibility and grip - reduced speed and longer buffer advised
EVT423999,2026-02-07 20:05:25,Local Market Day,J011,Indiranagar 100ft Road,4428,Weekend,False,Clear,False,0.0,False,False,0.696,High,16.3,52.9,147.6,0.09,0.207,0.969,Moderate traffic flow - standard adaptive signal timing in effect
EVT424000,2025-10-22 18:15:12,Cultural Procession,J012,Koramangala Sony World,22406,Weekday,True,Clear,False,0.0,False,False,1.0,Severe,8.2,75.2,438.2,0.175,0.404,0.86,Festival crowd surge detected - alternate route and extended cycle recommended
EVT424001,2025-09-29 19:09:59,Local Market Day,J020,Malleshwaram Circle,9365,Weekday,False,Heavy Rain,True,30.8,False,False,1.0,Severe,7.6,70.4,629.4,0.191,0.442,0.838,Heavy rain reducing visibility and grip - reduced speed and longer buffer advised
EVT424002,2025-06-30 10:30:16,Local Market Day,J009,Majestic,5618,Weekday,False,Rain,True,7.9,False,False,0.721,High,14.7,52.1,291.7,0.163,0.377,0.903,Heavy rain reducing visibility and grip - reduced speed and longer buffer advised
EVT424003,2026-04-13 17:19:33,Trade Fair,J030,MG Road,13488,Weekday,False,Clear,False,0.0,False,False,0.892,Severe,14.5,63.7,356.0,0.19,0.44,0.918,Heavy congestion detected - signal timing extended and reroute suggested
EVT424004,2026-06-16 12:38:20,Sports Fixture,J009,Majestic,13722,Weekday,False,Clear,False,0.0,False,False,0.261,Low,34.5,12.3,108.8,0.092,0.213,0.969,Moderate traffic flow - standard adaptive signal timing in effect
EVT424005,2026-01-24 15:13:21,Concert,J020,Malleshwaram Circle,7653,Weekend,False,Clear,False,0.0,False,False,0.295,Low,28.4,17.7,141.0,0.109,0.252,0.983,Moderate traffic flow - standard adaptive signal timing in effect
EVT424006,2025-07-16 07:42:20,Concert,J012,Koramangala Sony World,15127,Weekday,False,Heavy Rain,True,42.6,False,False,1.0,Severe,7.0,72.0,604.7,0.188,0.434,0.869,Heavy rain reducing visibility and grip - reduced speed and longer buffer advised
EVT424007,2025-10-19 14:08:33,Sports Fixture,J030,MG Road,16776,Weekend,False,Clear,False,0.0,False,False,0.364,Moderate,26.8,28.9,229.3,0.178,0.412,0.951,Moderate traffic flow - standard adaptive signal timing in effect
EVT424008,2025-10-28 11:34:33,Sports Fixture,J009,Majestic,21506,Weekday,False,Clear,False,0.0,False,False,0.424,Moderate,24.7,29.2,228.5,0.151,0.35,0.95,Moderate traffic flow - standard adaptive signal timing in effect
EVT424009,2025-05-03 10:11:46,Concert,J040,City Market,14573,Weekend,False,Clear,False,0.0,False,False,0.779,Severe,16.3,59.0,356.5,0.197,0.455,0.959,Heavy congestion detected - signal timing extended and reroute suggested
EVT424010,2026-04-27 19:56:07,Local Market Day,J040,City Market,1628,Weekday,False,Clear,False,0.0,False,False,0.711,High,19.9,48.1,225.3,0.14,0.324,0.983,Moderate traffic flow - standard adaptive signal timing in effect
EVT424011,2025-11-20 21:28:50,Concert,J011,Indiranagar 100ft Road,16899,Weekday,False,Clear,False,0.0,False,False,0.469,Moderate,30.4,34.6,187.1,0.152,0.351,0.977,Moderate traffic flow - standard adaptive signal timing in effect
EVT424012,2025-10-07 16:08:31,Political Rally,J011,Indiranagar 100ft Road,10243,Weekday,False,Rain,True,14.1,False,False,0.529,Moderate,26.0,34.0,168.7,0.12,0.277,0.929,Light rain detected - minor speed reduction advised
EVT424013,2025-09-07 21:57:40,Sports Fixture,J012,Koramangala Sony World,15129,Weekend,False,Rain,True,17.0,False,False,0.471,Moderate,24.2,33.8,170.5,0.104,0.239,0.914,Light rain detected - minor speed reduction advised
EVT424014,2025-02-09 07:03:34,Political Rally,J023,Basavanagudi,32951,Weekend,False,Clear,False,0.0,False,False,0.613,High,21.2,44.5,214.2,0.128,0.295,0.967,Moderate traffic flow - standard adaptive signal timing in effect
EVT424015,2026-04-16 15:29:41,Concert,J009,Majestic,8655,Weekday,False,Clear,False,0.0,False,False,0.323,Low,31.2,23.3,211.2,0.153,0.354,0.951,Moderate traffic flow - standard adaptive signal timing in effect
EVT424016,2025-08-02 16:55:33,Local Market Day,J030,MG Road,5768,Weekend,False,Clear,False,0.0,False,False,0.62,High,17.5,47.0,362.3,0.179,0.414,0.966,Moderate traffic flow - standard adaptive signal timing in effect
EVT424017,2025-04-28 18:46:41,Trade Fair,J011,Indiranagar 100ft Road,9147,Weekday,False,Clear,False,0.0,False,False,1.0,Severe,10.7,69.4,605.6,0.247,0.571,0.948,Heavy congestion detected - signal timing extended and reroute suggested
EVT424018,2026-03-09 20:53:17,Local Market Day,J012,Koramangala Sony World,2358,Weekday,False,Clear,False,0.0,True,False,0.898,Severe,11.1,60.4,336.7,0.162,0.375,0.784,Accident detected nearby - reroute and reduced speed advised
EVT424019,2025-09-22 09:42:35,Trade Fair,J030,MG Road,4719,Weekday,False,Clear,False,0.0,False,False,0.871,Severe,11.0,63.2,475.6,0.206,0.475,0.94,Heavy congestion detected - signal timing extended and reroute suggested
EVT424020,2026-02-15 11:08:12,Local Market Day,J009,Majestic,2658,Weekend,False,Clear,False,0.0,False,False,0.382,Moderate,28.3,35.7,186.7,0.138,0.32,0.954,Moderate traffic flow - standard adaptive signal timing in effect
EVT424021,2025-02-20 13:27:19,Sports Fixture,J031,Cubbon Road,13784,Weekday,False,Clear,False,0.0,False,False,0.205,Low,29.5,10.6,147.3,0.11,0.254,0.984,Normal free-flow traffic - standard signal timing maintained
EVT424022,2026-04-03 15:38:48,Local Market Day,J031,Cubbon Road,5024,Weekday,False,Clear,False,0.0,False,False,0.312,Low,26.2,23.8,252.9,0.174,0.401,0.965,Moderate traffic flow - standard adaptive signal timing in effect
EVT424023,2025-07-16 19:09:07,Concert,J030,MG Road,14187,Weekday,False,Heavy Rain,True,36.6,False,False,1.0,Severe,9.6,62.8,523.1,0.205,0.474,0.878,Heavy rain reducing visibility and grip - reduced speed and longer buffer advised
EVT424024,2025-08-27 17:01:41,Religious Festival,J031,Cubbon Road,53856,Weekday,True,Clear,False,0.0,False,False,1.0,Severe,5.8,70.6,741.8,0.182,0.42,0.866,Festival crowd surge detected - alternate route and extended cycle recommended
EVT424025,2025-09-14 07:47:37,Concert,J011,Indiranagar 100ft Road,8323,Weekend,False,Clear,False,0.0,False,False,0.583,High,21.3,40.5,111.7,0.076,0.176,0.958,Moderate traffic flow - standard adaptive signal timing in effect
EVT424026,2025-09-04 11:48:39,Local Market Day,J020,Malleshwaram Circle,5603,Weekday,False,Clear,False,0.0,False,False,0.202,Low,36.2,11.6,165.5,0.171,0.395,0.957,Normal free-flow traffic - standard signal timing maintained
EVT424027,2026-04-17 10:06:10,Local Market Day,J023,Basavanagudi,3333,Weekday,False,Clear,False,0.0,False,False,0.727,High,17.7,56.6,267.9,0.162,0.375,0.975,Moderate traffic flow - standard adaptive signal timing in effect
EVT424028,2025-07-26 22:24:09,Concert,J009,Majestic,26200,Weekend,False,Rain,True,16.5,False,False,0.595,High,29.3,36.4,226.8,0.215,0.497,0.882,Heavy rain reducing visibility and grip - reduced speed and longer buffer advised
EVT424029,2025-01-13 13:44:41,Concert,J023,Basavanagudi,7973,Weekday,False,Clear,False,0.0,False,False,0.278,Low,35.8,22.5,169.4,0.171,0.395,0.947,Moderate traffic flow - standard adaptive signal timing in effect
EVT424030,2026-03-21 15:13:31,Concert,J020,Malleshwaram Circle,13439,Weekend,False,Light Rain,True,3.1,False,False,0.39,Moderate,22.6,25.8,154.2,0.107,0.247,0.935,Light rain detected - minor speed reduction advised
EVT424031,2026-06-29 17:22:38,Local Market Day,J030,MG Road,5331,Weekday,False,Rain,True,22.4,False,False,1.0,Severe,8.2,62.5,573.3,0.18,0.416,0.858,Heavy rain reducing visibility and grip - reduced speed and longer buffer advised
EVT424032,2025-04-26 09:19:16,Concert,J012,Koramangala Sony World,19961,Weekend,False,Clear,False,0.0,False,False,0.968,Severe,8.6,68.9,405.2,0.154,0.356,0.897,Heavy congestion detected - signal timing extended and reroute suggested
EVT424033,2025-09-01 08:18:16,Sports Fixture,J030,MG Road,28442,Weekday,False,Clear,False,0.0,False,False,1.0,Severe,9.7,69.4,395.6,0.148,0.342,0.924,Heavy congestion detected - signal timing extended and reroute suggested
EVT424034,2025-05-13 03:08:06,Sports Fixture,J023,Basavanagudi,38584,Weekday,False,Clear,False,0.0,False,False,0.324,Low,37.2,22.6,99.0,0.086,0.198,0.943,Moderate traffic flow - standard adaptive signal timing in effect
EVT424035,2025-12-30 09:10:01,Political Rally,J023,Basavanagudi,16469,Weekday,False,Clear,False,0.0,False,False,1.0,Severe,7.3,70.1,382.2,0.124,0.286,0.919,Heavy congestion detected - signal timing extended and reroute suggested
EVT424036,2025-10-29 19:29:40,Local Market Day,J020,Malleshwaram Circle,2861,Weekday,False,Rain,True,9.5,False,False,0.99,Severe,5.3,69.4,281.0,0.078,0.181,0.87,Heavy rain reducing visibility and grip - reduced speed and longer buffer advised
EVT424037,2026-06-01 13:12:03,Sports Fixture,J009,Majestic,11325,Weekday,False,Heavy Rain,True,38.4,False,False,0.58,High,23.8,45.8,262.6,0.174,0.403,0.92,Heavy rain reducing visibility and grip - reduced speed and longer buffer advised
EVT424038,2025-05-21 09:26:12,Trade Fair,J031,Cubbon Road,11580,Weekday,False,Clear,False,0.0,False,False,0.965,Severe,10.5,72.9,467.7,0.202,0.467,0.938,Heavy congestion detected - signal timing extended and reroute suggested
EVT424039,2026-02-07 18:39:59,Sports Fixture,J031,Cubbon Road,19717,Weekend,False,Clear,False,0.0,False,False,0.948,Severe,9.5,73.6,359.6,0.157,0.363,0.94,Heavy congestion detected - signal timing extended and reroute suggested
EVT424040,2025-07-25 09:23:38,Trade Fair,J023,Basavanagudi,14572,Weekday,False,Clear,False,0.0,False,False,1.0,Severe,8.7,67.5,321.9,0.12,0.278,0.919,Heavy congestion detected - signal timing extended and reroute suggested
EVT424041,2025-11-08 18:39:23,Sports Fixture,J031,Cubbon Road,25651,Weekend,False,Clear,False,0.0,False,False,1.0,Severe,9.1,76.0,610.9,0.231,0.533,0.907,Heavy congestion detected - signal timing extended and reroute suggested
EVT424042,2026-02-14 17:28:14,Trade Fair,J030,MG Road,18492,Weekend,False,Clear,False,0.0,False,False,0.711,High,17.6,51.8,295.9,0.17,0.393,0.965,Moderate traffic flow - standard adaptive signal timing in effect
EVT424043,2025-04-08 20:03:46,Concert,J040,City Market,11596,Weekday,False,Clear,False,0.0,False,False,0.776,Severe,17.6,58.9,234.0,0.146,0.338,0.963,Heavy congestion detected - signal timing extended and reroute suggested
EVT424044,2026-04-17 18:40:38,Local Market Day,J040,City Market,4254,Weekday,False,Clear,False,0.0,False,False,0.965,Severe,10.2,72.5,456.1,0.183,0.424,0.932,Heavy congestion detected - signal timing extended and reroute suggested
EVT424045,2026-02-12 11:52:50,Local Market Day,J023,Basavanagudi,2510,Weekday,False,Clear,False,0.0,False,False,0.219,Low,34.4,18.6,124.5,0.115,0.266,0.964,Normal free-flow traffic - standard signal timing maintained
EVT424046,2026-06-14 14:55:59,Local Market Day,J030,MG Road,4268,Weekend,False,Clear,False,0.0,False,False,0.23,Low,39.2,16.1,197.2,0.18,0.417,0.933,Normal free-flow traffic - standard signal timing maintained
EVT424047,2025-11-28 10:15:10,Local Market Day,J020,Malleshwaram Circle,2699,Weekday,False,Clear,False,0.0,False,False,0.714,High,17.9,53.3,352.5,0.208,0.481,0.99,Moderate traffic flow - standard adaptive signal timing in effect
EVT424048,2025-01-04 15:41:27,Sports Fixture,J040,City Market,31800,Weekend,False,Fog,False,0.0,False,False,0.536,Moderate,22.1,34.2,247.3,0.181,0.418,0.977,Moderate traffic flow - standard adaptive signal timing in effect
EVT424049,2025-03-25 20:03:02,Concert,J023,Basavanagudi,11042,Weekday,False,Clear,False,0.0,False,False,0.749,High,19.7,53.2,180.6,0.109,0.251,0.971,Moderate traffic flow - standard adaptive signal timing in effect
EVT424050,2025-06-28 13:10:45,Political Rally,J009,Majestic,16538,Weekend,False,Rain,True,10.8,False,False,0.494,Moderate,24.9,39.4,143.2,0.102,0.236,0.919,Light rain detected - minor speed reduction advised
EVT424051,2025-04-08 18:42:28,Political Rally,J030,MG Road,17521,Weekday,False,Clear,False,0.0,False,False,1.0,Severe,8.7,68.2,784.8,0.269,0.621,0.902,Heavy congestion detected - signal timing extended and reroute suggested
EVT424052,2025-04-05 19:32:44,Concert,J023,Basavanagudi,26663,Weekend,False,Clear,False,0.0,False,False,0.956,Severe,10.9,71.4,176.3,0.078,0.18,0.908,Heavy congestion detected - signal timing extended and reroute suggested
EVT424053,2026-05-13 19:25:00,Concert,J020,Malleshwaram Circle,8483,Weekday,False,Rain,True,24.9,False,False,1.0,Severe,7.7,68.6,539.3,0.175,0.403,0.865,Heavy rain reducing visibility and grip - reduced speed and longer buffer advised
EVT424054,2025-08-04 23:00:03,Trade Fair,J009,Majestic,14623,Weekday,False,Rain,True,11.8,False,False,0.458,Moderate,21.5,31.3,253.7,0.163,0.377,0.918,Light rain detected - minor speed reduction advised
EVT424055,2025-07-21 13:47:35,Trade Fair,J009,Majestic,8170,Weekday,False,Clear,False,0.0,False,False,0.272,Low,30.2,18.4,142.3,0.116,0.269,0.945,Moderate traffic flow - standard adaptive signal timing in effect
EVT424056,2025-03-10 18:37:36,Local Market Day,J040,City Market,7236,Weekday,False,Clear,False,0.0,False,False,1.0,Severe,10.4,71.8,470.1,0.22,0.509,0.906,Heavy congestion detected - signal timing extended and reroute suggested
EVT424057,2025-05-15 19:03:52,Concert,J030,MG Road,11059,Weekday,False,Rain,True,17.6,False,False,1.0,Severe,10.2,65.1,595.5,0.226,0.521,0.864,Heavy rain reducing visibility and grip - reduced speed and longer buffer advised
EVT424058,2026-01-26 06:35:47,Fireworks Display,J031,Cubbon Road,26603,Weekday,True,Clear,False,0.0,False,False,0.652,High,22.1,47.9,245.4,0.16,0.369,0.913,Festival crowd surge detected - alternate route and extended cycle recommended
EVT424059,2025-08-04 19:57:18,Concert,J023,Basavanagudi,11937,Weekday,False,Fog,False,0.0,False,False,0.824,Severe,12.0,60.5,214.9,0.097,0.224,0.95,Heavy congestion detected - signal timing extended and reroute suggested
EVT424060,2026-03-21 06:30:24,Concert,J031,Cubbon Road,19473,Weekend,False,Clear,False,0.0,False,False,0.468,Moderate,28.1,37.3,174.1,0.135,0.311,0.943,Moderate traffic flow - standard adaptive signal timing in effect
EVT424061,2025-05-08 18:42:22,Concert,J009,Majestic,14848,Weekday,False,Clear,False,0.0,False,False,1.0,Severe,9.0,74.4,651.6,0.24,0.555,0.928,Heavy congestion detected - signal timing extended and reroute suggested
EVT424062,2025-01-24 16:29:13,Political Rally,J011,Indiranagar 100ft Road,12942,Weekday,False,Clear,False,0.0,False,False,0.539,Moderate,19.6,37.5,153.3,0.088,0.202,0.961,Moderate traffic flow - standard adaptive signal timing in effect
EVT424063,2025-05-22 16:06:57,Trade Fair,J031,Cubbon Road,5497,Weekday,False,Clear,False,0.0,False,False,0.463,Moderate,30.3,37.7,168.0,0.147,0.338,0.973,Moderate traffic flow - standard adaptive signal timing in effect
EVT424064,2025-06-18 16:44:32,Trade Fair,J040,City Market,10899,Weekday,False,Heavy Rain,True,27.0,False,False,0.944,Severe,12.6,72.2,414.0,0.188,0.435,0.874,Heavy rain reducing visibility and grip - reduced speed and longer buffer advised
EVT424065,2025-04-07 18:25:44,Cultural Procession,J031,Cubbon Road,8426,Weekday,True,Clear,False,0.0,False,True,1.0,Severe,8.4,100.0,608.6,0.218,0.503,0.839,Road closure for event/procession - full detour recommended for through-traffic
EVT424066,2025-06-21 14:30:53,Local Market Day,J023,Basavanagudi,4215,Weekend,False,Rain,True,24.8,False,False,0.521,Moderate,27.6,42.2,240.3,0.202,0.467,0.941,Light rain detected - minor speed reduction advised
EVT424067,2025-06-02 20:13:33,Sports Fixture,J030,MG Road,29877,Weekday,False,Rain,True,22.4,False,False,1.0,Severe,9.4,69.5,547.6,0.227,0.524,0.867,Heavy rain reducing visibility and grip - reduced speed and longer buffer advised
EVT424068,2025-10-04 12:40:02,Sports Fixture,J011,Indiranagar 100ft Road,18279,Weekend,False,Clear,False,0.0,False,False,0.409,Moderate,28.9,30.6,213.3,0.163,0.376,0.958,Moderate traffic flow - standard adaptive signal timing in effect
EVT424069,2026-05-22 08:04:32,Local Market Day,J030,MG Road,3722,Weekday,False,Clear,False,0.0,False,False,0.84,Severe,13.2,55.7,266.7,0.148,0.342,0.96,Heavy congestion detected - signal timing extended and reroute suggested
EVT424070,2025-07-31 16:52:10,Local Market Day,J040,City Market,1959,Weekday,False,Clear,False,0.0,False,False,0.697,High,16.7,47.6,401.4,0.241,0.558,0.99,Moderate traffic flow - standard adaptive signal timing in effect
EVT424071,2025-03-12 08:51:39,Local Market Day,J020,Malleshwaram Circle,3796,Weekday,False,Clear,False,0.0,False,False,0.967,Severe,9.9,68.0,178.2,0.082,0.189,0.915,Heavy congestion detected - signal timing extended and reroute suggested
EVT424072,2026-01-30 20:27:07,Sports Fixture,J023,Basavanagudi,19214,Weekday,False,Fog,False,0.0,False,False,0.611,High,22.2,45.3,230.5,0.153,0.353,0.965,Moderate traffic flow - standard adaptive signal timing in effect
EVT424073,2025-07-11 06:19:13,Concert,J031,Cubbon Road,8675,Weekday,False,Heavy Rain,True,29.9,False,False,0.575,High,23.5,41.5,206.3,0.143,0.331,0.919,Heavy rain reducing visibility and grip - reduced speed and longer buffer advised
EVT424074,2025-02-06 07:08:58,Concert,J012,Koramangala Sony World,5770,Weekday,False,Clear,False,0.0,False,False,0.52,Moderate,21.7,34.6,145.7,0.098,0.226,0.982,Moderate traffic flow - standard adaptive signal timing in effect
EVT424075,2026-04-26 14:54:37,Sports Fixture,J031,Cubbon Road,27535,Weekend,False,Clear,False,0.0,False,False,0.486,Moderate,26.7,38.3,77.9,0.045,0.104,0.99,Moderate traffic flow - standard adaptive signal timing in effect
EVT424076,2025-06-11 12:21:58,Sports Fixture,J030,MG Road,33777,Weekday,False,Clear,False,0.0,False,False,0.408,Moderate,34.1,23.9,98.1,0.106,0.246,0.969,Moderate traffic flow - standard adaptive signal timing in effect
EVT424077,2025-10-16 08:15:09,Local Market Day,J040,City Market,2414,Weekday,False,Clear,False,0.0,False,False,0.922,Severe,13.5,64.9,384.9,0.193,0.447,0.948,Heavy congestion detected - signal timing extended and reroute suggested
EVT424078,2026-01-10 07:30:36,Trade Fair,J012,Koramangala Sony World,11484,Weekend,False,Clear,False,0.0,False,False,0.616,High,21.4,47.6,164.3,0.111,0.256,0.956,Moderate traffic flow - standard adaptive signal timing in effect
EVT424079,2025-05-13 14:00:42,Trade Fair,J011,Indiranagar 100ft Road,9226,Weekday,False,Clear,False,0.0,False,False,0.176,Low,27.7,16.8,150.1,0.111,0.256,0.955,Normal free-flow traffic - standard signal timing maintained
EVT424080,2025-10-18 18:52:24,Sports Fixture,J031,Cubbon Road,31746,Weekend,False,Fog,False,0.0,False,False,1.0,Severe,10.9,76.0,462.6,0.202,0.467,0.906,Heavy congestion detected - signal timing extended and reroute suggested
EVT424081,2025-03-11 21:14:29,Concert,J023,Basavanagudi,8575,Weekday,False,Light Rain,True,3.0,False,False,0.435,Moderate,24.7,32.8,170.9,0.119,0.275,0.911,Light rain detected - minor speed reduction advised
EVT424082,2025-12-17 20:19:03,Concert,J031,Cubbon Road,12751,Weekday,False,Clear,False,0.0,False,False,0.695,High,16.9,53.1,252.6,0.135,0.312,0.982,Moderate traffic flow - standard adaptive signal timing in effect
EVT424083,2025-01-25 19:07:50,Trade Fair,J030,MG Road,9473,Weekend,False,Clear,False,0.0,False,False,0.863,Severe,11.6,63.9,657.2,0.262,0.605,0.942,Heavy congestion detected - signal timing extended and reroute suggested
EVT424084,2026-03-24 20:09:57,Local Market Day,J009,Majestic,4587,Weekday,False,Clear,False,0.0,False,False,0.582,High,26.1,41.5,270.0,0.202,0.466,0.964,Moderate traffic flow - standard adaptive signal timing in effect
EVT424085,2025-10-08 15:00:02,Trade Fair,J031,Cubbon Road,10091,Weekday,False,Clear,False,0.0,False,False,0.297,Low,29.5,18.3,157.0,0.121,0.28,0.958,Moderate traffic flow - standard adaptive signal timing in effect
EVT424086,2025-05-25 09:54:43,Sports Fixture,J031,Cubbon Road,13316,Weekend,False,Clear,False,0.0,False,False,0.808,Severe,13.8,62.3,261.8,0.125,0.29,0.95,Heavy congestion detected - signal timing extended and reroute suggested
EVT424087,2025-09-07 19:08:43,Sports Fixture,J040,City Market,22487,Weekend,False,Heavy Rain,True,103.7,False,False,1.0,Severe,7.1,70.2,816.9,0.25,0.577,0.836,Heavy rain reducing visibility and grip - reduced speed and longer buffer advised
EVT424088,2025-01-05 21:49:34,Trade Fair,J023,Basavanagudi,13549,Weekend,False,Clear,False,0.0,False,False,0.369,Moderate,30.4,27.1,169.8,0.138,0.318,0.949,Moderate traffic flow - standard adaptive signal timing in effect
EVT424089,2025-08-06 14:36:11,Concert,J031,Cubbon Road,12033,Weekday,False,Clear,False,0.0,False,False,0.164,Low,34.1,11.3,175.9,0.156,0.361,0.945,Normal free-flow traffic - standard signal timing maintained
EVT424090,2025-06-20 20:48:51,Political Rally,J012,Koramangala Sony World,8721,Weekday,False,Heavy Rain,True,41.6,False,False,0.858,Severe,15.9,55.3,130.0,0.098,0.227,0.905,Heavy rain reducing visibility and grip - reduced speed and longer buffer advised
EVT424091,2025-03-08 15:44:07,Political Rally,J012,Koramangala Sony World,22273,Weekend,False,Clear,False,0.0,False,False,0.484,Moderate,21.4,41.7,213.1,0.116,0.267,0.971,Moderate traffic flow - standard adaptive signal timing in effect
EVT424092,2025-03-09 10:38:28,Local Market Day,J011,Indiranagar 100ft Road,3753,Weekend,False,Clear,False,0.0,False,False,0.548,Moderate,23.1,36.8,193.2,0.15,0.346,0.965,Moderate traffic flow - standard adaptive signal timing in effect
EVT424093,2025-10-15 18:47:14,Local Market Day,J040,City Market,3460,Weekday,False,Clear,False,0.0,False,False,0.917,Severe,10.0,68.5,522.1,0.185,0.427,0.94,Heavy congestion detected - signal timing extended and reroute suggested
EVT424094,2026-01-30 16:41:14,Concert,J031,Cubbon Road,7643,Weekday,False,Clear,False,0.0,False,False,0.656,High,19.4,44.5,382.8,0.234,0.54,0.961,Moderate traffic flow - standard adaptive signal timing in effect
EVT424095,2025-07-29 18:53:09,Local Market Day,J023,Basavanagudi,3679,Weekday,False,Rain,True,12.6,False,False,1.0,Severe,7.7,70.0,902.1,0.297,0.685,0.843,Heavy rain reducing visibility and grip - reduced speed and longer buffer advised
EVT424096,2025-02-07 08:32:51,Local Market Day,J012,Koramangala Sony World,7775,Weekday,False,Clear,False,0.0,False,False,1.0,Severe,8.1,71.3,367.0,0.135,0.311,0.902,Heavy congestion detected - signal timing extended and reroute suggested
EVT424097,2025-02-25 11:38:48,Trade Fair,J020,Malleshwaram Circle,14234,Weekday,False,Clear,False,0.0,False,False,0.332,Low,28.0,20.9,158.8,0.104,0.24,0.965,Moderate traffic flow - standard adaptive signal timing in effect
EVT424098,2026-01-07 19:23:23,Trade Fair,J020,Malleshwaram Circle,4987,Weekday,False,Clear,False,0.0,False,False,0.922,Severe,11.3,65.6,255.8,0.104,0.239,0.921,Heavy congestion detected - signal timing extended and reroute suggested
EVT424099,2025-08-04 18:12:54,Local Market Day,J020,Malleshwaram Circle,2726,Weekday,False,Clear,False,0.0,False,False,1.0,Severe,9.9,69.3,539.8,0.235,0.542,0.923,Heavy congestion detected - signal timing extended and reroute suggested
EVT424100,2025-04-18 19:02:03,Trade Fair,J009,Majestic,14603,Weekday,False,Clear,False,0.0,False,False,1.0,Severe,9.3,72.4,455.8,0.188,0.434,0.919,Heavy congestion detected - signal timing extended and reroute suggested
EVT424101,2025-02-20 06:43:36,Concert,J012,Koramangala Sony World,15598,Weekday,False,Clear,False,0.0,False,False,0.429,Moderate,28.5,32.7,138.8,0.123,0.284,0.966,Moderate traffic flow - standard adaptive signal timing in effect
EVT424102,2025-12-29 19:05:06,Local Market Day,J009,Majestic,2621,Weekday,False,Fog,False,0.0,False,False,1.0,Severe,7.4,71.3,404.4,0.123,0.283,0.912,Heavy congestion detected - signal timing extended and reroute suggested
EVT424103,2025-06-27 12:31:17,Sports Fixture,J030,MG Road,18306,Weekday,False,Heavy Rain,True,29.2,False,False,0.53,Moderate,28.9,32.0,187.0,0.17,0.393,0.934,Light rain detected - minor speed reduction advised
EVT424104,2025-08-01 20:54:39,Local Market Day,J020,Malleshwaram Circle,2457,Weekday,False,Clear,False,0.0,False,False,0.395,Moderate,31.6,33.4,123.5,0.098,0.225,0.926,Moderate traffic flow - standard adaptive signal timing in effect
EVT424105,2026-03-16 18:34:41,Sports Fixture,J009,Majestic,24163,Weekday,False,Fog,False,0.0,False,False,1.0,Severe,9.3,69.4,197.5,0.089,0.206,0.902,Heavy congestion detected - signal timing extended and reroute suggested
EVT424106,2025-02-06 11:47:18,Trade Fair,J023,Basavanagudi,5769,Weekday,False,Clear,False,0.0,False,False,0.229,Low,33.3,11.4,121.8,0.107,0.247,0.961,Normal free-flow traffic - standard signal timing maintained
EVT424107,2025-09-25 08:01:52,Sports Fixture,J012,Koramangala Sony World,33982,Weekday,False,Clear,False,0.0,False,False,1.0,Severe,8.9,74.4,312.8,0.146,0.338,0.903,Heavy congestion detected - signal timing extended and reroute suggested
EVT424108,2025-10-02 20:06:44,Religious Festival,J031,Cubbon Road,30591,Weekday,True,Heavy Rain,True,46.9,False,False,1.0,Severe,9.4,77.5,487.8,0.174,0.403,0.812,Festival crowd surge detected - alternate route and extended cycle recommended
EVT424109,2025-12-11 08:14:53,Sports Fixture,J031,Cubbon Road,17895,Weekday,False,Clear,False,0.0,False,False,0.931,Severe,12.7,65.2,548.0,0.266,0.615,0.939,Heavy congestion detected - signal timing extended and reroute suggested
EVT424110,2025-11-07 11:36:03,Political Rally,J009,Majestic,10598,Weekday,False,Clear,False,0.0,False,False,0.377,Moderate,27.6,28.2,100.8,0.081,0.187,0.94,Moderate traffic flow - standard adaptive signal timing in effect
EVT424111,2026-05-17 08:56:41,Concert,J023,Basavanagudi,4955,Weekend,False,Clear,False,0.0,False,False,0.814,Severe,12.8,61.8,334.6,0.165,0.382,0.921,Heavy congestion detected - signal timing extended and reroute suggested
EVT424112,2026-06-28 12:45:32,Trade Fair,J009,Majestic,7591,Weekend,False,Rain,True,21.3,False,False,0.593,High,19.2,45.0,252.5,0.164,0.378,0.951,Heavy rain reducing visibility and grip - reduced speed and longer buffer advised
EVT424113,2025-03-11 01:52:16,Political Rally,J020,Malleshwaram Circle,13913,Weekday,False,Clear,False,0.0,False,False,0.246,Low,32.3,18.1,178.6,0.143,0.331,0.971,Normal free-flow traffic - standard signal timing maintained
EVT424114,2026-05-22 20:38:15,Local Market Day,J020,Malleshwaram Circle,7432,Weekday,False,Clear,False,0.0,False,False,0.598,High,19.8,45.0,344.1,0.222,0.512,0.978,Moderate traffic flow - standard adaptive signal timing in effect
EVT424115,2025-07-24 19:52:15,Trade Fair,J011,Indiranagar 100ft Road,15784,Weekday,False,Clear,False,0.0,False,False,0.83,Severe,11.5,56.3,237.6,0.123,0.285,0.95,Heavy congestion detected - signal timing extended and reroute suggested
EVT424116,2025-06-13 20:48:02,Sports Fixture,J040,City Market,21597,Weekday,False,Clear,False,0.0,False,False,0.518,Moderate,22.5,37.7,247.4,0.158,0.366,0.96,Moderate traffic flow - standard adaptive signal timing in effect
EVT424117,2026-01-01 01:19:55,Religious Festival,J020,Malleshwaram Circle,40247,Weekday,True,Clear,False,0.0,False,False,0.57,High,24.7,44.3,304.4,0.204,0.472,0.917,Festival crowd surge detected - alternate route and extended cycle recommended
EVT424118,2025-11-15 11:29:18,Local Market Day,J031,Cubbon Road,7065,Weekend,False,Fog,False,0.0,False,False,0.387,Moderate,31.2,31.1,153.7,0.116,0.268,0.951,Moderate traffic flow - standard adaptive signal timing in effect
EVT424119,2025-06-29 21:17:46,Local Market Day,J030,MG Road,3786,Weekend,False,Clear,False,0.0,False,False,0.458,Moderate,25.6,40.5,91.6,0.076,0.176,0.946,Moderate traffic flow - standard adaptive signal timing in effect
EVT424120,2025-02-21 13:42:22,Sports Fixture,J009,Majestic,20753,Weekday,False,Clear,False,0.0,False,False,0.319,Low,32.4,20.5,164.2,0.149,0.345,0.963,Moderate traffic flow - standard adaptive signal timing in effect
EVT424121,2025-12-11 10:33:04,Trade Fair,J031,Cubbon Road,5400,Weekday,False,Clear,False,0.0,False,False,0.706,High,20.3,51.5,226.7,0.142,0.329,0.981,Moderate traffic flow - standard adaptive signal timing in effect
EVT424122,2026-02-03 17:18:59,Trade Fair,J040,City Market,11231,Weekday,False,Clear,False,0.0,False,False,0.801,Severe,16.9,53.5,360.5,0.212,0.49,0.976,Heavy congestion detected - signal timing extended and reroute suggested
EVT424123,2025-05-07 15:38:40,Political Rally,J011,Indiranagar 100ft Road,15513,Weekday,False,Clear,False,0.0,False,False,0.405,Moderate,27.1,29.3,109.2,0.09,0.207,0.966,Moderate traffic flow - standard adaptive signal timing in effect
EVT424124,2026-02-28 20:57:15,Local Market Day,J020,Malleshwaram Circle,1946,Weekend,False,Clear,False,0.0,False,False,0.414,Moderate,25.7,28.4,252.4,0.187,0.431,0.96,Moderate traffic flow - standard adaptive signal timing in effect
EVT424125,2025-11-15 08:45:59,Local Market Day,J031,Cubbon Road,3064,Weekend,False,Clear,False,0.0,False,False,0.809,Severe,14.2,59.6,213.3,0.123,0.284,0.944,Heavy congestion detected - signal timing extended and reroute suggested
EVT424126,2026-04-17 18:33:07,Local Market Day,J020,Malleshwaram Circle,3694,Weekday,False,Clear,False,0.0,False,False,0.95,Severe,11.8,70.0,386.9,0.177,0.408,0.952,Heavy congestion detected - signal timing extended and reroute suggested
EVT424127,2026-06-10 18:40:43,Sports Fixture,J030,MG Road,25424,Weekday,False,Clear,False,0.0,False,False,1.0,Severe,8.4,75.9,427.2,0.168,0.387,0.932,Heavy congestion detected - signal timing extended and reroute suggested
EVT424128,2025-11-07 15:11:03,Local Market Day,J012,Koramangala Sony World,1722,Weekday,False,Clear,False,0.0,False,False,0.306,Low,30.2,20.7,114.5,0.105,0.243,0.948,Moderate traffic flow - standard adaptive signal timing in effect
EVT424129,2026-05-13 19:55:33,Local Market Day,J011,Indiranagar 100ft Road,5492,Weekday,False,Rain,True,9.0,False,False,0.822,Severe,13.6,65.8,297.3,0.152,0.351,0.905,Heavy rain reducing visibility and grip - reduced speed and longer buffer advised
EVT424130,2025-10-27 19:37:56,Political Rally,J040,City Market,21289,Weekday,False,Clear,False,0.0,False,False,0.899,Severe,11.3,64.6,439.6,0.197,0.454,0.95,Heavy congestion detected - signal timing extended and reroute suggested
EVT424131,2025-11-06 19:58:09,Trade Fair,J012,Koramangala Sony World,8421,Weekday,False,Rain,True,10.1,False,False,0.867,Severe,13.9,62.2,524.8,0.255,0.588,0.857,Heavy rain reducing visibility and grip - reduced speed and longer buffer advised
EVT424132,2025-02-17 09:15:18,Sports Fixture,J040,City Market,35903,Weekday,False,Clear,False,0.0,False,False,1.0,Severe,8.8,67.8,325.8,0.112,0.26,0.94,Heavy congestion detected - signal timing extended and reroute suggested
EVT424133,2026-01-04 11:15:12,Trade Fair,J020,Malleshwaram Circle,8425,Weekend,False,Clear,False,0.0,False,False,0.48,Moderate,24.6,35.8,257.8,0.208,0.481,0.956,Moderate traffic flow - standard adaptive signal timing in effect
EVT424134,2025-10-24 18:21:31,Concert,J030,MG Road,11753,Weekday,False,Clear,False,0.0,False,False,1.0,Severe,8.1,75.8,960.2,0.344,0.794,0.902,Heavy congestion detected - signal timing extended and reroute suggested
EVT424135,2025-10-19 07:35:14,Local Market Day,J011,Indiranagar 100ft Road,2655,Weekend,False,Heavy Rain,True,28.2,False,False,0.937,Severe,10.5,69.3,343.6,0.139,0.321,0.857,Heavy rain reducing visibility and grip - reduced speed and longer buffer advised
EVT424136,2025-12-15 18:18:30,Trade Fair,J011,Indiranagar 100ft Road,7873,Weekday,False,Rain,True,7.5,False,False,1.0,Severe,7.7,73.1,420.1,0.153,0.354,0.873,Heavy rain reducing visibility and grip - reduced speed and longer buffer advised
EVT424137,2025-07-02 19:45:16,Local Market Day,J030,MG Road,5845,Weekday,False,Clear,False,0.0,False,False,0.773,Severe,17.0,60.3,327.7,0.187,0.431,0.953,Heavy congestion detected - signal timing extended and reroute suggested
EVT424138,2026-06-22 02:00:33,Trade Fair,J023,Basavanagudi,6779,Weekday,False,Clear,False,0.0,False,False,0.261,Low,30.7,21.0,281.7,0.214,0.495,0.956,Moderate traffic flow - standard adaptive signal timing in effect
EVT424139,2025-06-25 08:15:55,Concert,J030,MG Road,13440,Weekday,False,Clear,False,0.0,False,False,0.949,Severe,9.9,72.6,352.8,0.156,0.36,0.929,Heavy congestion detected - signal timing extended and reroute suggested
EVT424140,2025-02-20 17:54:04,Local Market Day,J023,Basavanagudi,5557,Weekday,False,Clear,False,0.0,False,False,0.926,Severe,9.2,63.9,234.6,0.1,0.23,0.945,Heavy congestion detected - signal timing extended and reroute suggested
EVT424141,2025-06-18 19:02:32,Sports Fixture,J030,MG Road,25746,Weekday,False,Clear,False,0.0,False,False,1.0,Severe,9.8,75.9,548.1,0.218,0.504,0.926,Heavy congestion detected - signal timing extended and reroute suggested
EVT424142,2025-01-05 19:22:28,Local Market Day,J030,MG Road,2773,Weekend,False,Clear,False,0.0,False,False,0.706,High,19.3,55.4,315.6,0.211,0.487,0.957,Moderate traffic flow - standard adaptive signal timing in effect
EVT424143,2025-10-29 06:17:29,Local Market Day,J030,MG Road,4587,Weekday,False,Clear,False,0.0,False,False,0.279,Low,32.5,21.8,187.8,0.155,0.357,0.952,Moderate traffic flow - standard adaptive signal timing in effect
EVT424144,2026-03-25 08:10:18,Trade Fair,J030,MG Road,9108,Weekday,False,Clear,False,0.0,False,False,0.925,Severe,9.4,66.4,481.4,0.179,0.413,0.95,Heavy congestion detected - signal timing extended and reroute suggested
EVT424145,2026-02-13 18:25:39,Concert,J012,Koramangala Sony World,8334,Weekday,False,Clear,False,0.0,False,False,1.0,Severe,8.0,69.9,582.3,0.199,0.459,0.908,Heavy congestion detected - signal timing extended and reroute suggested
EVT424146,2026-01-08 14:14:39,Trade Fair,J040,City Market,8873,Weekday,False,Fog,False,0.0,False,False,0.169,Low,32.2,18.2,72.9,0.055,0.127,0.951,Normal free-flow traffic - standard signal timing maintained
EVT424147,2025-05-24 15:40:44,Political Rally,J040,City Market,14737,Weekend,False,Clear,False,0.0,False,False,0.416,Moderate,24.7,36.2,192.4,0.124,0.285,0.963,Moderate traffic flow - standard adaptive signal timing in effect
EVT424148,2025-05-03 14:42:28,Sports Fixture,J009,Majestic,15231,Weekend,False,Clear,False,0.0,False,False,0.383,Moderate,27.0,30.6,112.0,0.08,0.186,0.983,Moderate traffic flow - standard adaptive signal timing in effect
EVT424149,2025-10-05 07:58:02,Local Market Day,J031,Cubbon Road,4616,Weekend,False,Clear,False,0.0,False,False,0.788,Severe,16.4,56.8,204.5,0.124,0.286,0.945,Heavy congestion detected - signal timing extended and reroute suggested
EVT424150,2026-02-26 20:54:42,Concert,J040,City Market,12835,Weekday,False,Clear,False,0.0,False,False,0.529,Moderate,26.9,36.5,178.3,0.135,0.312,0.964,Moderate traffic flow - standard adaptive signal timing in effect
EVT424151,2026-01-16 09:20:39,Concert,J009,Majestic,6799,Weekday,False,Clear,False,0.0,False,False,1.0,Severe,7.7,71.5,379.7,0.143,0.33,0.898,Heavy congestion detected - signal timing extended and reroute suggested
EVT424152,2025-07-15 12:35:46,Trade Fair,J020,Malleshwaram Circle,13861,Weekday,False,Heavy Rain,True,51.6,False,False,0.57,High,25.1,36.0,134.4,0.094,0.216,0.932,Heavy rain reducing visibility and grip - reduced speed and longer buffer advised
EVT424153,2026-01-04 04:51:20,Local Market Day,J040,City Market,2996,Weekend,False,Clear,False,0.0,False,False,0.243,Low,34.2,18.4,77.3,0.068,0.157,0.959,Normal free-flow traffic - standard signal timing maintained
EVT424154,2025-12-08 12:56:28,Sports Fixture,J012,Koramangala Sony World,16053,Weekday,False,Clear,False,0.0,False,False,0.206,Low,34.4,10.3,149.3,0.128,0.295,0.979,Normal free-flow traffic - standard signal timing maintained
EVT424155,2025-03-28 17:42:51,Local Market Day,J040,City Market,5809,Weekday,False,Clear,False,0.0,False,False,0.843,Severe,11.8,62.2,266.8,0.108,0.249,0.961,Heavy congestion detected - signal timing extended and reroute suggested
EVT424156,2026-03-20 15:59:48,Religious Festival,J030,MG Road,62197,Weekday,True,Clear,False,0.0,False,False,1.0,Severe,7.9,67.7,706.8,0.238,0.551,0.874,Festival crowd surge detected - alternate route and extended cycle recommended
EVT424157,2025-04-25 19:54:13,Sports Fixture,J020,Malleshwaram Circle,37677,Weekday,False,Clear,False,0.0,False,False,0.951,Severe,11.2,74.3,407.9,0.165,0.381,0.92,Heavy congestion detected - signal timing extended and reroute suggested
EVT424158,2025-09-26 06:07:12,Local Market Day,J023,Basavanagudi,3462,Weekday,False,Clear,False,0.0,False,False,0.25,Low,33.8,19.1,153.2,0.127,0.293,0.978,Normal free-flow traffic - standard signal timing maintained
EVT424159,2025-01-07 16:32:39,Concert,J030,MG Road,11790,Weekday,False,Clear,False,0.0,False,False,0.626,High,19.3,44.1,235.6,0.143,0.33,0.974,Moderate traffic flow - standard adaptive signal timing in effect
EVT424160,2026-06-03 14:59:59,Local Market Day,J011,Indiranagar 100ft Road,8253,Weekday,False,Clear,False,0.0,False,False,0.287,Low,29.5,20.3,172.3,0.131,0.304,0.956,Moderate traffic flow - standard adaptive signal timing in effect
EVT424161,2025-12-09 13:37:48,Sports Fixture,J030,MG Road,44403,Weekday,False,Clear,False,0.0,False,False,0.441,Moderate,27.0,30.4,234.5,0.169,0.391,0.956,Moderate traffic flow - standard adaptive signal timing in effect
EVT424162,2025-02-11 18:09:55,Local Market Day,J011,Indiranagar 100ft Road,5698,Weekday,False,Clear,False,0.0,False,False,0.996,Severe,9.4,68.6,189.3,0.086,0.2,0.906,Heavy congestion detected - signal timing extended and reroute suggested
EVT424163,2025-02-04 16:50:58,Political Rally,J040,City Market,27422,Weekday,False,Clear,False,0.0,False,False,0.789,Severe,15.5,57.1,315.4,0.172,0.397,0.952,Heavy congestion detected - signal timing extended and reroute suggested
EVT424164,2025-09-25 07:24:45,Concert,J011,Indiranagar 100ft Road,4603,Weekday,False,Clear,False,0.0,False,False,0.539,Moderate,16.7,40.0,352.7,0.189,0.436,0.971,Moderate traffic flow - standard adaptive signal timing in effect
EVT424165,2026-03-14 13:36:39,Sports Fixture,J012,Koramangala Sony World,17119,Weekend,False,Clear,False,0.0,False,False,0.366,Moderate,32.8,33.9,169.7,0.163,0.377,0.979,Moderate traffic flow - standard adaptive signal timing in effect
EVT424166,2025-04-26 14:14:11,Concert,J011,Indiranagar 100ft Road,11577,Weekend,False,Clear,False,0.0,False,False,0.371,Moderate,22.8,26.5,123.4,0.078,0.181,0.965,Moderate traffic flow - standard adaptive signal timing in effect
EVT424167,2026-01-31 08:52:55,Political Rally,J031,Cubbon Road,18246,Weekend,False,Clear,False,0.0,False,False,0.972,Severe,8.4,71.3,547.0,0.187,0.432,0.943,Heavy congestion detected - signal timing extended and reroute suggested
EVT424168,2025-11-16 14:09:24,Trade Fair,J012,Koramangala Sony World,8662,Weekend,False,Rain,True,14.9,False,False,0.418,Moderate,29.0,32.5,142.5,0.121,0.28,0.941,Light rain detected - minor speed reduction advised
EVT424169,2026-05-01 11:18:41,Fireworks Display,J009,Majestic,23567,Weekday,True,Clear,False,0.0,False,False,0.661,High,21.0,51.0,240.4,0.157,0.364,0.916,Festival crowd surge detected - alternate route and extended cycle recommended
EVT424170,2025-04-04 09:48:31,Political Rally,J040,City Market,10086,Weekday,False,Clear,False,0.0,False,False,0.979,Severe,10.3,69.6,614.5,0.247,0.571,0.886,Heavy congestion detected - signal timing extended and reroute suggested
EVT424171,2026-05-03 18:57:49,Concert,J031,Cubbon Road,13051,Weekend,False,Clear,False,0.0,False,False,0.933,Severe,11.8,69.3,273.9,0.115,0.267,0.915,Heavy congestion detected - signal timing extended and reroute suggested
EVT424172,2025-01-08 11:09:06,Local Market Day,J009,Majestic,3001,Weekday,False,Clear,False,0.0,False,False,0.305,Low,34.3,19.8,186.5,0.185,0.427,0.968,Moderate traffic flow - standard adaptive signal timing in effect
EVT424173,2025-03-27 10:12:08,Local Market Day,J011,Indiranagar 100ft Road,7094,Weekday,False,Clear,False,0.0,False,False,0.803,Severe,11.0,58.7,371.1,0.172,0.398,0.968,Heavy congestion detected - signal timing extended and reroute suggested
EVT424174,2025-06-24 06:34:27,Concert,J031,Cubbon Road,22205,Weekday,False,Clear,False,0.0,False,False,0.505,Moderate,31.9,41.4,247.2,0.24,0.555,0.955,Moderate traffic flow - standard adaptive signal timing in effect
EVT424175,2025-12-09 09:26:51,Political Rally,J030,MG Road,20374,Weekday,False,Clear,False,0.0,False,False,1.0,Severe,8.4,71.2,789.8,0.28,0.647,0.904,Heavy congestion detected - signal timing extended and reroute suggested
EVT424176,2025-01-29 18:20:59,Sports Fixture,J030,MG Road,26182,Weekday,False,Clear,False,0.0,False,False,1.0,Severe,8.1,73.2,655.3,0.222,0.513,0.897,Heavy congestion detected - signal timing extended and reroute suggested
EVT424177,2025-03-08 21:18:09,Trade Fair,J023,Basavanagudi,9959,Weekend,False,Clear,False,0.0,False,False,0.362,Moderate,33.0,27.7,127.5,0.11,0.255,0.972,Moderate traffic flow - standard adaptive signal timing in effect
EVT424178,2026-01-19 15:41:04,Sports Fixture,J012,Koramangala Sony World,24795,Weekday,False,Clear,False,0.0,False,False,0.456,Moderate,23.7,35.3,259.1,0.205,0.473,0.95,Moderate traffic flow - standard adaptive signal timing in effect
EVT424179,2025-10-04 08:24:08,Local Market Day,J009,Majestic,3546,Weekend,False,Clear,False,0.0,False,False,0.81,Severe,17.2,54.3,325.9,0.176,0.407,0.949,Heavy congestion detected - signal timing extended and reroute suggested
EVT424180,2025-02-09 21:31:31,Sports Fixture,J020,Malleshwaram Circle,24349,Weekend,False,Clear,False,0.0,False,False,0.468,Moderate,25.8,36.2,73.3,0.046,0.107,0.967,Moderate traffic flow - standard adaptive signal timing in effect
EVT424181,2026-03-07 09:56:55,Sports Fixture,J020,Malleshwaram Circle,25295,Weekend,False,Clear,False,0.0,False,False,0.866,Severe,12.1,64.5,305.3,0.132,0.304,0.932,Heavy congestion detected - signal timing extended and reroute suggested
EVT424182,2025-03-12 13:57:59,Sports Fixture,J030,MG Road,41920,Weekday,False,Clear,False,0.0,False,False,0.452,Moderate,26.5,37.9,197.9,0.151,0.349,0.979,Moderate traffic flow - standard adaptive signal timing in effect
EVT424183,2026-02-20 17:54:40,Sports Fixture,J020,Malleshwaram Circle,18294,Weekday,False,Clear,False,0.0,False,False,1.0,Severe,7.9,72.9,495.0,0.16,0.37,0.912,Heavy congestion detected - signal timing extended and reroute suggested
EVT424184,2026-04-03 06:10:54,Sports Fixture,J030,MG Road,23196,Weekday,False,Light Rain,True,3.8,False,False,0.438,Moderate,25.8,27.2,178.1,0.143,0.331,0.918,Light rain detected - minor speed reduction advised
EVT424185,2026-05-15 08:58:53,Sports Fixture,J012,Koramangala Sony World,17295,Weekday,False,Rain,True,14.2,False,False,1.0,Severe,6.6,75.3,899.8,0.253,0.584,0.858,Heavy rain reducing visibility and grip - reduced speed and longer buffer advised
EVT424186,2025-09-07 18:54:07,Trade Fair,J012,Koramangala Sony World,10286,Weekend,False,Clear,False,0.0,False,False,0.902,Severe,11.9,58.6,424.5,0.186,0.43,0.932,Heavy congestion detected - signal timing extended and reroute suggested
EVT424187,2026-04-12 09:10:18,Local Market Day,J012,Koramangala Sony World,3649,Weekend,False,Clear,False,0.0,False,False,0.889,Severe,14.0,58.2,383.6,0.218,0.503,0.907,Heavy congestion detected - signal timing extended and reroute suggested
EVT424188,2026-03-28 08:56:40,Political Rally,J011,Indiranagar 100ft Road,14778,Weekend,False,Clear,False,0.0,False,False,0.978,Severe,9.7,71.5,434.7,0.202,0.467,0.909,Heavy congestion detected - signal timing extended and reroute suggested
EVT424189,2025-02-06 11:40:21,Political Rally,J009,Majestic,12173,Weekday,False,Clear,False,0.0,False,False,0.3,Low,29.2,25.5,132.2,0.101,0.232,0.934,Moderate traffic flow - standard adaptive signal timing in effect
EVT424190,2025-04-14 13:31:20,Religious Festival,J011,Indiranagar 100ft Road,82114,Weekday,True,Clear,False,0.0,False,True,1.0,Severe,9.2,94.1,429.6,0.175,0.405,0.856,Road closure for event/procession - full detour recommended for through-traffic
EVT424191,2025-05-23 22:42:57,Local Market Day,J020,Malleshwaram Circle,7846,Weekday,False,Clear,False,0.0,False,False,0.194,Low,34.3,9.7,77.0,0.069,0.16,0.99,Normal free-flow traffic - standard signal timing maintained
EVT424192,2025-03-28 08:29:51,Trade Fair,J012,Koramangala Sony World,11820,Weekday,False,Clear,False,0.0,False,False,0.961,Severe,10.6,69.0,392.2,0.161,0.372,0.932,Heavy congestion detected - signal timing extended and reroute suggested
EVT424193,2025-11-21 17:43:55,Local Market Day,J009,Majestic,4502,Weekday,False,Clear,False,0.0,False,False,0.911,Severe,9.6,66.0,325.3,0.131,0.302,0.914,Heavy congestion detected - signal timing extended and reroute suggested
EVT424194,2025-05-19 07:37:33,Sports Fixture,J023,Basavanagudi,17473,Weekday,False,Clear,False,0.0,False,False,0.789,Severe,13.3,52.6,326.1,0.178,0.411,0.968,Heavy congestion detected - signal timing extended and reroute suggested
EVT424195,2025-11-24 17:49:09,Sports Fixture,J023,Basavanagudi,17651,Weekday,False,Clear,False,0.0,False,False,1.0,Severe,10.4,71.2,549.4,0.23,0.53,0.904,Heavy congestion detected - signal timing extended and reroute suggested
EVT424196,2025-01-26 17:48:48,Religious Festival,J009,Majestic,67585,Weekend,True,Clear,False,0.0,False,False,1.0,Severe,9.5,67.6,263.2,0.08,0.184,0.867,Festival crowd surge detected - alternate route and extended cycle recommended
EVT424197,2025-01-25 19:18:26,Sports Fixture,J011,Indiranagar 100ft Road,10891,Weekend,False,Clear,False,0.0,False,False,0.857,Severe,12.4,58.9,454.6,0.208,0.481,0.949,Heavy congestion detected - signal timing extended and reroute suggested
EVT424198,2025-11-02 09:57:58,Religious Festival,J020,Malleshwaram Circle,21106,Weekend,True,Clear,False,0.0,False,False,1.0,Severe,7.9,80.2,471.8,0.159,0.368,0.854,Festival crowd surge detected - alternate route and extended cycle recommended
EVT424199,2026-03-03 17:44:52,Concert,J023,Basavanagudi,10648,Weekday,False,Clear,False,0.0,False,False,0.988,Severe,8.0,70.6,406.4,0.138,0.318,0.927,Heavy congestion detected - signal timing extended and reroute suggested
EVT424200,2025-02-26 08:29:41,Trade Fair,J011,Indiranagar 100ft Road,7187,Weekday,False,Light Rain,True,0.9,False,False,1.0,Severe,8.5,72.5,200.8,0.075,0.173,0.856,Heavy rain reducing visibility and grip - reduced speed and longer buffer advised
EVT424201,2025-08-17 11:27:22,Local Market Day,J009,Majestic,3684,Weekend,False,Clear,False,0.0,False,False,0.396,Moderate,28.7,27.9,111.6,0.084,0.194,0.966,Moderate traffic flow - standard adaptive signal timing in effect
EVT424202,2026-04-29 11:04:58,Trade Fair,J012,Koramangala Sony World,11188,Weekday,False,Rain,True,12.8,False,False,0.629,High,20.5,40.2,224.4,0.147,0.338,0.886,Heavy rain reducing visibility and grip - reduced speed and longer buffer advised
EVT424203,2025-01-24 10:56:39,Trade Fair,J040,City Market,8080,Weekday,False,Clear,False,0.0,False,False,0.517,Moderate,25.5,37.2,190.9,0.123,0.285,0.99,Moderate traffic flow - standard adaptive signal timing in effect
EVT424204,2025-09-25 08:28:55,Local Market Day,J011,Indiranagar 100ft Road,3413,Weekday,False,Clear,False,0.0,False,False,1.0,Severe,8.1,72.5,651.6,0.214,0.495,0.897,Heavy congestion detected - signal timing extended and reroute suggested
EVT424205,2026-03-16 18:30:32,Sports Fixture,J040,City Market,12305,Weekday,False,Fog,False,0.0,False,False,1.0,Severe,9.6,76.8,521.5,0.21,0.484,0.897,Heavy congestion detected - signal timing extended and reroute suggested
EVT424206,2026-06-28 17:03:02,Sports Fixture,J023,Basavanagudi,12463,Weekend,False,Clear,False,0.0,False,False,0.737,High,19.7,50.4,327.2,0.208,0.48,0.973,Moderate traffic flow - standard adaptive signal timing in effect
EVT424207,2025-06-08 09:00:34,Local Market Day,J040,City Market,2696,Weekend,False,Clear,False,0.0,False,False,0.809,Severe,15.8,59.9,452.7,0.265,0.612,0.952,Heavy congestion detected - signal timing extended and reroute suggested
EVT424208,2026-03-09 00:40:16,Local Market Day,J011,Indiranagar 100ft Road,4184,Weekday,False,Clear,False,0.0,False,False,0.144,Low,35.0,13.1,149.4,0.146,0.337,0.974,Normal free-flow traffic - standard signal timing maintained
EVT424209,2025-02-09 15:13:51,Concert,J030,MG Road,7257,Weekend,False,Clear,False,0.0,False,False,0.4,Moderate,32.7,29.5,139.9,0.144,0.332,0.963,Moderate traffic flow - standard adaptive signal timing in effect
EVT424210,2025-02-26 18:20:48,Trade Fair,J020,Malleshwaram Circle,8633,Weekday,False,Clear,False,0.0,False,False,1.0,Severe,9.4,71.8,218.4,0.096,0.221,0.891,Heavy congestion detected - signal timing extended and reroute suggested
EVT424211,2026-06-01 17:27:06,Local Market Day,J011,Indiranagar 100ft Road,4960,Weekday,False,Heavy Rain,True,26.7,False,False,1.0,Severe,7.2,71.6,682.1,0.207,0.479,0.87,Heavy rain reducing visibility and grip - reduced speed and longer buffer advised
EVT424212,2025-06-02 19:41:22,Trade Fair,J009,Majestic,12839,Weekday,False,Heavy Rain,True,68.0,False,False,1.0,Severe,8.5,75.4,812.2,0.284,0.656,0.877,Heavy rain reducing visibility and grip - reduced speed and longer buffer advised
EVT424213,2026-02-06 07:05:37,Sports Fixture,J020,Malleshwaram Circle,31753,Weekday,False,Clear,False,0.0,False,False,0.691,High,20.6,51.7,325.3,0.228,0.526,0.966,Moderate traffic flow - standard adaptive signal timing in effect
EVT424214,2026-03-29 21:41:08,Sports Fixture,J030,MG Road,15760,Weekend,False,Clear,False,0.0,False,False,0.422,Moderate,26.7,28.4,176.3,0.121,0.281,0.959,Moderate traffic flow - standard adaptive signal timing in effect
EVT424215,2025-11-15 17:11:07,Sports Fixture,J030,MG Road,17384,Weekend,False,Clear,False,0.0,False,False,0.818,Severe,15.6,53.9,334.8,0.168,0.388,0.938,Heavy congestion detected - signal timing extended and reroute suggested
EVT424216,2025-01-11 17:41:52,Sports Fixture,J020,Malleshwaram Circle,26065,Weekend,False,Clear,False,0.0,False,False,0.871,Severe,11.7,59.5,415.3,0.168,0.388,0.942,Heavy congestion detected - signal timing extended and reroute suggested
EVT424217,2025-06-25 21:15:39,Local Market Day,J031,Cubbon Road,5351,Weekday,False,Clear,False,0.0,False,False,0.392,Moderate,26.6,25.9,170.4,0.111,0.256,0.954,Moderate traffic flow - standard adaptive signal timing in effect
EVT424218,2025-05-21 19:52:19,Trade Fair,J031,Cubbon Road,14236,Weekday,False,Clear,False,0.0,False,False,0.897,Severe,11.4,66.5,609.5,0.264,0.61,0.927,Heavy congestion detected - signal timing extended and reroute suggested
EVT424219,2025-10-07 16:01:33,Local Market Day,J011,Indiranagar 100ft Road,4217,Weekday,False,Clear,False,0.0,False,False,0.399,Moderate,31.1,23.7,197.9,0.144,0.334,0.99,Moderate traffic flow - standard adaptive signal timing in effect
EVT424220,2026-03-19 19:51:04,Cultural Procession,J023,Basavanagudi,18635,Weekday,True,Clear,False,0.0,False,False,1.0,Severe,7.5,66.8,577.6,0.181,0.419,0.863,Festival crowd surge detected - alternate route and extended cycle recommended
EVT424221,2026-06-18 06:12:36,Sports Fixture,J030,MG Road,25039,Weekday,False,Clear,False,0.0,False,False,0.372,Moderate,29.2,25.0,224.2,0.169,0.39,0.964,Moderate traffic flow - standard adaptive signal timing in effect
EVT424222,2026-05-09 15:22:26,Political Rally,J011,Indiranagar 100ft Road,21255,Weekend,False,Clear,False,0.0,False,False,0.448,Moderate,26.6,31.8,260.5,0.188,0.434,0.957,Moderate traffic flow - standard adaptive signal timing in effect
EVT424223,2025-04-18 07:57:11,Local Market Day,J011,Indiranagar 100ft Road,3276,Weekday,False,Clear,False,0.0,False,False,0.763,Severe,14.0,57.9,382.0,0.154,0.356,0.953,Heavy congestion detected - signal timing extended and reroute suggested
EVT424224,2025-06-03 18:54:11,Concert,J012,Koramangala Sony World,6102,Weekday,False,Clear,False,0.0,False,False,0.978,Severe,10.8,65.7,246.6,0.113,0.261,0.922,Heavy congestion detected - signal timing extended and reroute suggested
EVT424225,2026-01-05 16:11:56,Trade Fair,J023,Basavanagudi,9274,Weekday,False,Clear,False,0.0,False,False,0.544,Moderate,27.7,41.3,80.2,0.065,0.151,0.94,Moderate traffic flow - standard adaptive signal timing in effect
EVT424226,2025-02-13 12:32:56,Concert,J023,Basavanagudi,7721,Weekday,False,Clear,False,0.0,False,False,0.224,Low,34.0,15.9,164.3,0.146,0.337,0.973,Normal free-flow traffic - standard signal timing maintained
EVT424227,2026-02-19 07:31:49,Trade Fair,J012,Koramangala Sony World,10396,Weekday,False,Clear,False,0.0,False,False,0.688,High,17.3,50.1,336.9,0.185,0.427,0.965,Moderate traffic flow - standard adaptive signal timing in effect
EVT424228,2025-06-05 15:08:12,Local Market Day,J012,Koramangala Sony World,2497,Weekday,False,Clear,False,0.0,False,False,0.262,Low,34.5,13.7,165.0,0.133,0.308,0.99,Moderate traffic flow - standard adaptive signal timing in effect
EVT424229,2025-12-04 08:41:50,Political Rally,J011,Indiranagar 100ft Road,19875,Weekday,False,Clear,False,0.0,False,False,1.0,Severe,9.1,72.0,591.8,0.229,0.529,0.9,Heavy congestion detected - signal timing extended and reroute suggested
EVT424230,2026-03-11 22:14:59,Local Market Day,J011,Indiranagar 100ft Road,3914,Weekday,False,Clear,False,0.0,False,False,0.255,Low,29.0,18.0,193.0,0.148,0.341,0.971,Moderate traffic flow - standard adaptive signal timing in effect
EVT424231,2025-05-07 18:08:24,Sports Fixture,J009,Majestic,18767,Weekday,False,Clear,False,0.0,False,False,1.0,Severe,7.9,71.5,446.9,0.163,0.376,0.894,Heavy congestion detected - signal timing extended and reroute suggested
EVT424232,2026-01-23 08:22:10,Trade Fair,J011,Indiranagar 100ft Road,7175,Weekday,False,Clear,False,0.0,False,False,0.892,Severe,10.6,60.4,413.3,0.152,0.352,0.923,Heavy congestion detected - signal timing extended and reroute suggested
EVT424233,2025-10-03 12:11:29,Religious Festival,J031,Cubbon Road,34319,Weekday,True,Rain,True,24.1,False,True,0.968,Severe,10.6,96.2,409.6,0.17,0.392,0.8,Road closure for event/procession - full detour recommended for through-traffic
EVT424234,2025-04-06 06:07:41,Religious Festival,J011,Indiranagar 100ft Road,56437,Weekend,True,Clear,False,0.0,False,True,0.911,Severe,11.4,98.3,397.2,0.195,0.451,0.866,Road closure for event/procession - full detour recommended for through-traffic
EVT424235,2025-07-11 08:30:53,Trade Fair,J012,Koramangala Sony World,5709,Weekday,False,Light Rain,True,5.9,True,False,1.0,Severe,7.4,64.0,633.8,0.195,0.451,0.694,Accident detected nearby - reroute and reduced speed advised
EVT424236,2025-10-26 15:15:26,Concert,J020,Malleshwaram Circle,12109,Weekend,False,Heavy Rain,True,25.1,False,False,0.648,High,19.7,40.9,209.9,0.125,0.288,0.928,Heavy rain reducing visibility and grip - reduced speed and longer buffer advised
EVT424237,2025-08-30 22:11:58,Sports Fixture,J040,City Market,34800,Weekend,False,Heavy Rain,True,62.3,False,False,0.72,High,21.7,47.5,197.3,0.126,0.291,0.915,Heavy rain reducing visibility and grip - reduced speed and longer buffer advised
EVT424238,2025-12-31 13:26:20,Political Rally,J011,Indiranagar 100ft Road,10156,Weekday,False,Clear,False,0.0,False,False,0.148,Low,36.1,13.8,162.1,0.153,0.355,0.965,Normal free-flow traffic - standard signal timing maintained
EVT424239,2025-12-02 18:09:13,Sports Fixture,J011,Indiranagar 100ft Road,19114,Weekday,False,Clear,False,0.0,False,False,1.0,Severe,8.4,72.9,362.9,0.135,0.312,0.931,Heavy congestion detected - signal timing extended and reroute suggested
EVT424240,2025-01-07 19:29:59,Political Rally,J009,Majestic,8178,Weekday,False,Clear,False,0.0,False,False,0.944,Severe,12.9,72.3,325.1,0.168,0.387,0.932,Heavy congestion detected - signal timing extended and reroute suggested
EVT424241,2025-10-21 14:44:01,Religious Festival,J031,Cubbon Road,42427,Weekday,True,Rain,True,9.2,False,False,0.731,High,17.6,55.1,312.4,0.17,0.393,0.872,Festival crowd surge detected - alternate route and extended cycle recommended
EVT424242,2026-03-04 20:59:23,Religious Festival,J031,Cubbon Road,25713,Weekday,True,Clear,False,0.0,False,False,0.74,High,18.9,51.7,424.4,0.303,0.701,0.888,Festival crowd surge detected - alternate route and extended cycle recommended
EVT424243,2026-02-05 17:08:52,Sports Fixture,J023,Basavanagudi,15639,Weekday,False,Clear,False,0.0,False,False,0.861,Severe,13.5,61.3,599.0,0.307,0.709,0.935,Heavy congestion detected - signal timing extended and reroute suggested
EVT424244,2025-10-29 09:05:49,Trade Fair,J031,Cubbon Road,8517,Weekday,False,Clear,False,0.0,False,False,1.0,Severe,7.3,74.5,544.6,0.171,0.394,0.898,Heavy congestion detected - signal timing extended and reroute suggested
EVT424245,2026-05-09 09:12:17,Concert,J020,Malleshwaram Circle,17570,Weekend,False,Clear,False,0.0,False,False,0.951,Severe,10.3,69.2,387.3,0.17,0.393,0.91,Heavy congestion detected - signal timing extended and reroute suggested
EVT424246,2026-02-11 20:14:29,Political Rally,J011,Indiranagar 100ft Road,16373,Weekday,False,Clear,False,0.0,False,False,0.687,High,22.4,51.2,271.4,0.19,0.439,0.977,Moderate traffic flow - standard adaptive signal timing in effect
EVT424247,2025-01-19 11:24:53,Political Rally,J012,Koramangala Sony World,8152,Weekend,False,Clear,False,0.0,False,False,0.437,Moderate,29.3,31.2,175.7,0.139,0.322,0.956,Moderate traffic flow - standard adaptive signal timing in effect
EVT424248,2025-08-31 16:30:05,Trade Fair,J020,Malleshwaram Circle,6781,Weekend,False,Clear,False,0.0,False,False,0.596,High,20.2,41.6,216.2,0.131,0.302,0.972,Moderate traffic flow - standard adaptive signal timing in effect
EVT424249,2025-07-07 07:30:52,Sports Fixture,J040,City Market,23956,Weekday,False,Clear,False,0.0,False,False,0.742,High,16.3,52.9,388.5,0.192,0.443,0.958,Moderate traffic flow - standard adaptive signal timing in effect
EVT424250,2025-05-18 17:02:36,Local Market Day,J020,Malleshwaram Circle,4726,Weekend,False,Clear,False,0.0,False,False,0.678,High,21.0,40.5,242.8,0.162,0.374,0.979,Moderate traffic flow - standard adaptive signal timing in effect
EVT424251,2025-08-29 16:31:05,Local Market Day,J011,Indiranagar 100ft Road,4800,Weekday,False,Clear,False,0.0,False,False,0.541,Moderate,22.0,37.7,218.6,0.145,0.334,0.988,Moderate traffic flow - standard adaptive signal timing in effect
EVT424252,2025-12-11 11:58:09,Local Market Day,J009,Majestic,4873,Weekday,False,Clear,False,0.0,False,False,0.203,Low,30.7,15.2,178.9,0.136,0.315,0.951,Normal free-flow traffic - standard signal timing maintained
EVT424253,2026-04-24 17:45:45,Sports Fixture,J040,City Market,20589,Weekday,False,Clear,False,0.0,False,False,1.0,Severe,8.2,74.7,686.2,0.246,0.568,0.906,Heavy congestion detected - signal timing extended and reroute suggested
EVT424254,2025-12-01 07:26:29,Trade Fair,J031,Cubbon Road,8284,Weekday,False,Clear,False,0.0,False,False,0.516,Moderate,30.6,42.0,147.1,0.128,0.296,0.968,Moderate traffic flow - standard adaptive signal timing in effect
EVT424255,2025-07-18 00:35:21,Sports Fixture,J012,Koramangala Sony World,21153,Weekday,False,Heavy Rain,True,25.9,False,False,0.54,Moderate,23.6,32.0,169.1,0.105,0.243,0.924,Light rain detected - minor speed reduction advised
EVT424256,2026-05-19 09:56:17,Local Market Day,J031,Cubbon Road,7536,Weekday,False,Clear,False,0.0,False,False,0.917,Severe,11.1,64.5,350.8,0.146,0.338,0.937,Heavy congestion detected - signal timing extended and reroute suggested
EVT424257,2026-02-10 15:01:09,Local Market Day,J030,MG Road,4053,Weekday,False,Clear,False,0.0,False,False,0.266,Low,31.0,20.0,188.3,0.155,0.357,0.958,Moderate traffic flow - standard adaptive signal timing in effect
EVT424258,2026-03-15 15:36:28,Local Market Day,J040,City Market,2911,Weekend,False,Clear,False,0.0,False,False,0.313,Low,29.8,29.0,229.2,0.169,0.39,0.967,Moderate traffic flow - standard adaptive signal timing in effect
EVT424259,2026-02-06 09:53:23,Sports Fixture,J012,Koramangala Sony World,28194,Weekday,False,Clear,False,0.0,False,False,1.0,Severe,7.5,67.6,892.6,0.264,0.611,0.928,Heavy congestion detected - signal timing extended and reroute suggested
EVT424260,2026-02-02 19:26:29,Trade Fair,J031,Cubbon Road,12525,Weekday,False,Clear,False,0.0,False,False,0.884,Severe,13.0,59.3,208.2,0.116,0.268,0.933,Heavy congestion detected - signal timing extended and reroute suggested
EVT424261,2025-01-29 06:31:31,Political Rally,J023,Basavanagudi,13793,Weekday,False,Clear,False,0.0,False,False,0.34,Low,19.4,19.2,203.8,0.123,0.285,0.94,Moderate traffic flow - standard adaptive signal timing in effect
EVT424262,2025-11-06 09:59:33,Sports Fixture,J023,Basavanagudi,27177,Weekday,False,Light Rain,True,3.5,False,False,1.0,Severe,4.8,68.3,507.1,0.144,0.333,0.866,Heavy rain reducing visibility and grip - reduced speed and longer buffer advised
EVT424263,2025-03-27 11:03:28,Political Rally,J031,Cubbon Road,15051,Weekday,False,Clear,False,0.0,False,False,0.452,Moderate,30.9,36.4,210.5,0.173,0.399,0.962,Moderate traffic flow - standard adaptive signal timing in effect
EVT424264,2026-02-06 17:44:11,Sports Fixture,J030,MG Road,15531,Weekday,False,Clear,False,0.0,False,False,1.0,Severe,8.9,71.6,681.1,0.241,0.556,0.942,Heavy congestion detected - signal timing extended and reroute suggested
EVT424265,2025-02-18 08:29:39,Trade Fair,J023,Basavanagudi,6765,Weekday,False,Fog,False,0.0,False,False,1.0,Severe,9.2,76.2,674.7,0.252,0.582,0.928,Heavy congestion detected - signal timing extended and reroute suggested
EVT424266,2026-03-20 15:46:09,Cultural Procession,J031,Cubbon Road,28463,Weekday,True,Clear,False,0.0,False,False,0.726,High,16.5,44.5,239.9,0.132,0.305,0.912,Festival crowd surge detected - alternate route and extended cycle recommended
EVT424267,2025-05-10 05:26:15,Trade Fair,J011,Indiranagar 100ft Road,9891,Weekend,False,Clear,False,0.0,False,False,0.269,Low,38.6,22.5,122.3,0.103,0.237,0.983,Moderate traffic flow - standard adaptive signal timing in effect
EVT424268,2025-01-28 07:10:52,Local Market Day,J012,Koramangala Sony World,5071,Weekday,False,Clear,False,0.0,False,False,0.464,Moderate,26.7,31.5,148.9,0.105,0.242,0.943,Moderate traffic flow - standard adaptive signal timing in effect
EVT424269,2025-01-20 10:23:38,Local Market Day,J011,Indiranagar 100ft Road,4230,Weekday,False,Clear,False,0.0,False,False,0.713,High,18.6,46.9,406.7,0.257,0.593,0.981,Moderate traffic flow - standard adaptive signal timing in effect
EVT424270,2026-02-23 23:15:51,Local Market Day,J012,Koramangala Sony World,3698,Weekday,False,Clear,False,0.0,False,False,0.226,Low,33.6,16.9,77.8,0.072,0.167,0.953,Normal free-flow traffic - standard signal timing maintained
EVT424271,2025-10-28 17:17:39,Concert,J011,Indiranagar 100ft Road,14383,Weekday,False,Clear,False,0.0,False,False,0.841,Severe,13.4,58.7,291.4,0.114,0.263,0.929,Heavy congestion detected - signal timing extended and reroute suggested
EVT424272,2025-08-22 07:34:01,Sports Fixture,J012,Koramangala Sony World,16519,Weekday,False,Clear,False,0.0,False,False,0.713,High,16.7,49.4,318.2,0.153,0.353,0.96,Moderate traffic flow - standard adaptive signal timing in effect
EVT424273,2025-09-15 20:33:30,Concert,J009,Majestic,14445,Weekday,False,Clear,False,0.0,False,False,0.644,High,20.3,45.4,160.3,0.105,0.242,0.956,Moderate traffic flow - standard adaptive signal timing in effect
EVT424274,2026-01-20 09:59:44,Sports Fixture,J023,Basavanagudi,32650,Weekday,False,Clear,False,0.0,False,False,1.0,Severe,9.4,66.9,511.2,0.201,0.465,0.89,Heavy congestion detected - signal timing extended and reroute suggested
EVT424275,2025-04-03 19:16:15,Trade Fair,J012,Koramangala Sony World,11278,Weekday,False,Clear,False,0.0,False,False,1.0,Severe,7.8,75.2,342.7,0.126,0.291,0.912,Heavy congestion detected - signal timing extended and reroute suggested
EVT424276,2025-07-14 10:53:00,Concert,J012,Koramangala Sony World,8071,Weekday,False,Clear,False,0.0,True,False,0.781,Severe,14.8,50.9,294.5,0.156,0.36,0.81,Accident detected nearby - reroute and reduced speed advised
EVT424277,2025-04-29 10:47:22,Sports Fixture,J009,Majestic,24844,Weekday,False,Clear,False,0.0,False,False,0.652,High,16.8,46.8,245.7,0.124,0.287,0.967,Moderate traffic flow - standard adaptive signal timing in effect
EVT424278,2026-05-09 19:15:31,Trade Fair,J009,Majestic,5494,Weekend,False,Clear,False,0.0,False,False,0.78,Severe,13.6,51.8,263.7,0.134,0.309,0.928,Heavy congestion detected - signal timing extended and reroute suggested
EVT424279,2025-12-22 11:32:39,Local Market Day,J040,City Market,2347,Weekday,False,Clear,False,0.0,False,False,0.329,Low,28.1,25.2,98.8,0.07,0.161,0.931,Moderate traffic flow - standard adaptive signal timing in effect
EVT424280,2026-03-31 20:22:07,Trade Fair,J011,Indiranagar 100ft Road,9312,Weekday,False,Clear,False,0.0,False,False,0.675,High,18.3,51.0,331.1,0.207,0.478,0.97,Moderate traffic flow - standard adaptive signal timing in effect
EVT424281,2026-01-25 05:11:40,Trade Fair,J040,City Market,12508,Weekend,False,Clear,False,0.0,False,False,0.342,Low,29.2,23.4,116.9,0.093,0.215,0.944,Moderate traffic flow - standard adaptive signal timing in effect
EVT424282,2026-06-29 17:53:49,Sports Fixture,J020,Malleshwaram Circle,13229,Weekday,False,Rain,True,11.3,False,False,1.0,Severe,7.7,67.6,440.0,0.155,0.358,0.861,Heavy rain reducing visibility and grip - reduced speed and longer buffer advised
EVT424283,2025-04-12 17:59:47,Local Market Day,J023,Basavanagudi,4401,Weekend,False,Clear,False,0.0,False,False,0.827,Severe,16.2,53.4,432.8,0.245,0.566,0.959,Heavy congestion detected - signal timing extended and reroute suggested
EVT424284,2025-05-19 11:44:13,Local Market Day,J031,Cubbon Road,4381,Weekday,False,Clear,False,0.0,False,False,0.268,Low,37.3,24.1,92.2,0.062,0.144,0.939,Moderate traffic flow - standard adaptive signal timing in effect
EVT424285,2026-02-21 19:10:12,Local Market Day,J031,Cubbon Road,8162,Weekend,False,Clear,False,0.0,False,False,0.724,High,14.5,49.6,118.1,0.058,0.134,0.961,Moderate traffic flow - standard adaptive signal timing in effect
EVT424286,2026-01-20 14:59:30,Local Market Day,J009,Majestic,3633,Weekday,False,Clear,False,0.0,False,False,0.299,Low,32.6,21.6,113.9,0.104,0.241,0.956,Moderate traffic flow - standard adaptive signal timing in effect
EVT424287,2025-03-21 18:02:31,Local Market Day,J009,Majestic,2404,Weekday,False,Clear,False,0.0,False,False,0.939,Severe,9.6,68.8,474.7,0.183,0.422,0.944,Heavy congestion detected - signal timing extended and reroute suggested
EVT424288,2025-06-04 14:24:35,Trade Fair,J011,Indiranagar 100ft Road,11693,Weekday,False,Clear,False,0.0,False,False,0.364,Moderate,28.4,22.4,74.9,0.043,0.099,0.976,Moderate traffic flow - standard adaptive signal timing in effect
EVT424289,2025-06-21 08:01:02,Concert,J020,Malleshwaram Circle,10090,Weekend,False,Heavy Rain,True,27.7,False,False,0.968,Severe,11.2,70.3,459.5,0.21,0.485,0.858,Heavy rain reducing visibility and grip - reduced speed and longer buffer advised
EVT424290,2026-05-09 15:51:35,Concert,J011,Indiranagar 100ft Road,12166,Weekend,False,Clear,False,0.0,False,False,0.428,Moderate,32.3,32.7,162.2,0.155,0.359,0.973,Moderate traffic flow - standard adaptive signal timing in effect
EVT424291,2025-04-13 09:19:28,Trade Fair,J040,City Market,9661,Weekend,False,Clear,False,0.0,False,False,0.911,Severe,12.8,63.3,494.4,0.227,0.526,0.941,Heavy congestion detected - signal timing extended and reroute suggested
EVT424292,2026-04-18 22:48:44,Political Rally,J020,Malleshwaram Circle,9688,Weekend,False,Clear,False,0.0,False,False,0.363,Moderate,28.6,28.7,190.3,0.142,0.329,0.951,Moderate traffic flow - standard adaptive signal timing in effect
EVT424293,2025-02-01 06:44:59,Concert,J030,MG Road,16145,Weekend,False,Clear,False,0.0,False,False,0.449,Moderate,24.8,31.6,247.4,0.174,0.402,0.982,Moderate traffic flow - standard adaptive signal timing in effect
EVT424294,2025-03-12 23:52:03,Sports Fixture,J020,Malleshwaram Circle,17985,Weekday,False,Clear,False,0.0,False,False,0.223,Low,32.6,23.7,90.1,0.078,0.181,0.938,Normal free-flow traffic - standard signal timing maintained
EVT424295,2025-03-17 17:20:09,Local Market Day,J012,Koramangala Sony World,3283,Weekday,False,Clear,False,0.0,False,False,0.852,Severe,15.7,57.7,304.5,0.17,0.393,0.942,Heavy congestion detected - signal timing extended and reroute suggested
EVT424296,2026-01-25 13:38:35,Concert,J031,Cubbon Road,10531,Weekend,False,Fog,False,0.0,False,False,0.264,Low,37.4,14.4,123.7,0.112,0.259,0.96,Moderate traffic flow - standard adaptive signal timing in effect
EVT424297,2025-10-07 19:00:09,Concert,J023,Basavanagudi,12192,Weekday,False,Clear,False,0.0,False,False,1.0,Severe,8.4,77.1,695.4,0.234,0.539,0.939,Heavy congestion detected - signal timing extended and reroute suggested
EVT424298,2026-03-11 19:20:26,Local Market Day,J040,City Market,2959,Weekday,False,Clear,False,0.0,False,False,0.893,Severe,11.7,69.0,440.1,0.189,0.435,0.91,Heavy congestion detected - signal timing extended and reroute suggested
EVT424299,2026-06-11 13:22:06,Local Market Day,J040,City Market,6290,Weekday,False,Heavy Rain,True,27.2,False,False,0.534,Moderate,20.3,32.5,182.3,0.088,0.202,0.917,Light rain detected - minor speed reduction advised
EVT424300,2026-05-09 06:33:16,Sports Fixture,J030,MG Road,16021,Weekend,False,Clear,False,0.0,False,False,0.512,Moderate,29.9,44.8,180.9,0.146,0.338,0.976,Moderate traffic flow - standard adaptive signal timing in effect
EVT424301,2025-02-01 08:42:57,Trade Fair,J020,Malleshwaram Circle,5779,Weekend,False,Clear,False,0.0,False,False,0.882,Severe,14.4,64.5,376.4,0.204,0.472,0.915,Heavy congestion detected - signal timing extended and reroute suggested
EVT424302,2026-04-24 16:50:43,Trade Fair,J023,Basavanagudi,6280,Weekday,False,Rain,True,12.0,False,False,0.75,High,15.3,54.6,424.3,0.204,0.472,0.911,Heavy rain reducing visibility and grip - reduced speed and longer buffer advised
EVT424303,2025-08-12 17:00:17,Trade Fair,J030,MG Road,9350,Weekday,False,Rain,True,16.2,False,False,0.895,Severe,12.6,62.1,501.1,0.241,0.556,0.892,Heavy rain reducing visibility and grip - reduced speed and longer buffer advised
EVT424304,2025-10-06 07:20:46,Local Market Day,J012,Koramangala Sony World,4423,Weekday,False,Clear,False,0.0,False,False,0.567,High,27.2,40.7,263.4,0.198,0.458,0.949,Moderate traffic flow - standard adaptive signal timing in effect
EVT424305,2025-12-24 09:50:26,Local Market Day,J040,City Market,4922,Weekday,False,Clear,False,0.0,False,False,0.922,Severe,10.6,66.2,556.9,0.216,0.5,0.92,Heavy congestion detected - signal timing extended and reroute suggested
EVT424306,2025-04-22 23:56:31,Local Market Day,J009,Majestic,3191,Weekday,False,Clear,False,0.0,False,False,0.143,Low,29.4,3.7,99.5,0.069,0.16,0.962,Normal free-flow traffic - standard signal timing maintained
EVT424307,2025-06-27 10:51:29,Sports Fixture,J030,MG Road,22211,Weekday,False,Rain,True,11.7,False,False,0.785,Severe,18.3,52.0,198.7,0.112,0.258,0.927,Heavy rain reducing visibility and grip - reduced speed and longer buffer advised
EVT424308,2025-02-24 19:16:09,Political Rally,J009,Majestic,12519,Weekday,False,Clear,False,0.0,False,False,1.0,Severe,9.6,74.1,326.9,0.144,0.333,0.919,Heavy congestion detected - signal timing extended and reroute suggested
EVT424309,2025-04-13 18:58:35,Local Market Day,J040,City Market,3021,Weekend,False,Clear,False,0.0,False,False,0.737,High,19.4,48.5,227.8,0.114,0.262,0.972,Moderate traffic flow - standard adaptive signal timing in effect
EVT424310,2025-08-07 19:31:37,Sports Fixture,J031,Cubbon Road,24478,Weekday,False,Clear,False,0.0,False,False,0.951,Severe,9.0,72.4,514.0,0.207,0.478,0.933,Heavy congestion detected - signal timing extended and reroute suggested
EVT424311,2025-05-19 09:24:44,Concert,J012,Koramangala Sony World,8893,Weekday,False,Clear,False,0.0,False,False,1.0,Severe,9.9,65.1,616.5,0.261,0.602,0.902,Heavy congestion detected - signal timing extended and reroute suggested
EVT424312,2026-05-03 08:02:34,Local Market Day,J012,Koramangala Sony World,2820,Weekend,False,Clear,False,0.0,False,False,0.671,High,18.4,41.7,434.4,0.264,0.609,0.99,Moderate traffic flow - standard adaptive signal timing in effect
EVT424313,2025-12-18 14:49:52,Local Market Day,J012,Koramangala Sony World,2756,Weekday,False,Clear,False,0.0,False,False,0.206,Low,37.6,15.5,57.1,0.061,0.141,0.97,Normal free-flow traffic - standard signal timing maintained
EVT424314,2025-06-18 18:03:01,Political Rally,J040,City Market,7575,Weekday,False,Heavy Rain,True,46.1,False,False,1.0,Severe,7.5,70.6,204.5,0.085,0.197,0.881,Heavy rain reducing visibility and grip - reduced speed and longer buffer advised
EVT424315,2025-02-25 22:47:59,Sports Fixture,J040,City Market,28222,Weekday,False,Clear,False,0.0,False,False,0.288,Low,42.1,29.8,106.0,0.085,0.197,0.954,Moderate traffic flow - standard adaptive signal timing in effect
EVT424316,2025-03-02 18:56:33,Sports Fixture,J023,Basavanagudi,18159,Weekend,False,Clear,False,0.0,False,False,0.868,Severe,12.8,57.1,470.5,0.232,0.536,0.936,Heavy congestion detected - signal timing extended and reroute suggested
EVT424317,2026-06-23 11:18:52,Concert,J030,MG Road,8059,Weekday,False,Heavy Rain,True,50.7,False,False,0.668,High,19.5,43.9,299.6,0.184,0.425,0.92,Heavy rain reducing visibility and grip - reduced speed and longer buffer advised
EVT424318,2025-12-01 14:53:26,Sports Fixture,J023,Basavanagudi,15297,Weekday,False,Clear,False,0.0,False,False,0.287,Low,33.5,17.5,148.5,0.122,0.282,0.936,Moderate traffic flow - standard adaptive signal timing in effect
EVT424319,2025-12-27 17:04:22,Local Market Day,J011,Indiranagar 100ft Road,5294,Weekend,False,Fog,False,0.0,False,False,0.687,High,18.4,49.5,345.8,0.21,0.486,0.949,Moderate traffic flow - standard adaptive signal timing in effect
EVT424320,2025-07-04 10:56:50,Political Rally,J040,City Market,15149,Weekday,False,Rain,True,10.1,False,False,0.64,High,21.6,43.1,313.8,0.223,0.516,0.921,Heavy rain reducing visibility and grip - reduced speed and longer buffer advised
EVT424321,2025-09-21 18:36:59,Local Market Day,J030,MG Road,4824,Weekend,False,Clear,False,0.0,False,False,0.818,Severe,16.1,63.5,308.1,0.172,0.396,0.925,Heavy congestion detected - signal timing extended and reroute suggested
EVT424322,2026-01-10 10:03:10,Sports Fixture,J040,City Market,17729,Weekend,False,Clear,False,0.0,False,False,0.743,High,18.8,56.8,160.2,0.101,0.233,0.966,Moderate traffic flow - standard adaptive signal timing in effect
EVT424323,2025-12-05 12:29:49,Trade Fair,J040,City Market,8535,Weekday,False,Clear,False,0.0,False,False,0.237,Low,37.5,16.6,156.8,0.167,0.387,0.95,Normal free-flow traffic - standard signal timing maintained
EVT424324,2026-05-15 07:43:24,Local Market Day,J011,Indiranagar 100ft Road,4398,Weekday,False,Clear,False,0.0,False,False,0.712,High,16.1,52.2,219.6,0.109,0.252,0.956,Moderate traffic flow - standard adaptive signal timing in effect
EVT424325,2025-10-01 08:01:08,Concert,J012,Koramangala Sony World,17021,Weekday,False,Clear,False,0.0,False,False,0.901,Severe,15.4,62.3,444.9,0.222,0.513,0.956,Heavy congestion detected - signal timing extended and reroute suggested
EVT424326,2025-06-17 18:08:27,Local Market Day,J011,Indiranagar 100ft Road,2748,Weekday,False,Heavy Rain,True,60.4,False,False,1.0,Severe,10.2,70.6,459.1,0.201,0.464,0.881,Heavy rain reducing visibility and grip - reduced speed and longer buffer advised
EVT424327,2025-08-18 16:43:28,Local Market Day,J030,MG Road,2809,Weekday,False,Clear,False,0.0,False,False,0.63,High,16.7,42.6,281.3,0.161,0.371,0.967,Moderate traffic flow - standard adaptive signal timing in effect
EVT424328,2026-02-22 15:31:48,Sports Fixture,J009,Majestic,34063,Weekend,False,Clear,False,0.0,False,False,0.631,High,19.4,48.4,205.4,0.112,0.259,0.972,Moderate traffic flow - standard adaptive signal timing in effect
EVT424329,2025-08-11 14:57:03,Trade Fair,J030,MG Road,17933,Weekday,False,Clear,False,0.0,False,False,0.373,Moderate,27.4,30.4,188.4,0.153,0.354,0.942,Moderate traffic flow - standard adaptive signal timing in effect
EVT424330,2025-04-24 10:56:03,Local Market Day,J031,Cubbon Road,4191,Weekday,False,Clear,False,0.0,False,False,0.403,Moderate,30.5,31.8,211.2,0.174,0.403,0.965,Moderate traffic flow - standard adaptive signal timing in effect
EVT424331,2025-04-02 09:24:21,Local Market Day,J011,Indiranagar 100ft Road,4672,Weekday,False,Clear,False,0.0,False,False,1.0,Severe,9.9,71.7,563.2,0.223,0.514,0.928,Heavy congestion detected - signal timing extended and reroute suggested
EVT424332,2025-11-15 20:32:41,Political Rally,J020,Malleshwaram Circle,23367,Weekend,False,Clear,False,0.0,False,False,0.615,High,23.5,43.3,226.0,0.17,0.392,0.974,Moderate traffic flow - standard adaptive signal timing in effect
EVT424333,2025-07-15 13:47:57,Sports Fixture,J030,MG Road,15570,Weekday,False,Clear,False,0.0,False,False,0.258,Low,40.2,22.5,124.1,0.122,0.282,0.95,Moderate traffic flow - standard adaptive signal timing in effect
EVT424334,2025-09-01 11:30:23,Trade Fair,J012,Koramangala Sony World,11631,Weekday,False,Clear,False,0.0,False,False,0.376,Moderate,34.1,26.0,205.4,0.18,0.415,0.956,Moderate traffic flow - standard adaptive signal timing in effect
EVT424335,2026-02-26 13:50:03,Local Market Day,J012,Koramangala Sony World,5972,Weekday,False,Clear,False,0.0,False,False,0.215,Low,34.7,14.3,47.9,0.063,0.146,0.972,Normal free-flow traffic - standard signal timing maintained
EVT424336,2025-11-23 06:21:26,Trade Fair,J030,MG Road,7246,Weekend,False,Clear,False,0.0,False,False,0.43,Moderate,25.0,31.6,192.3,0.142,0.327,0.956,Moderate traffic flow - standard adaptive signal timing in effect
EVT424337,2025-11-01 17:10:35,Cultural Procession,J030,MG Road,18646,Weekend,True,Clear,False,0.0,False,True,1.0,Severe,8.6,99.9,798.7,0.299,0.69,0.864,Road closure for event/procession - full detour recommended for through-traffic
EVT424338,2025-04-29 16:22:51,Sports Fixture,J020,Malleshwaram Circle,17602,Weekday,False,Clear,False,0.0,False,False,0.623,High,20.4,43.3,261.9,0.184,0.425,0.954,Moderate traffic flow - standard adaptive signal timing in effect
EVT424339,2026-06-12 19:02:52,Local Market Day,J031,Cubbon Road,3853,Weekday,False,Clear,False,0.0,False,False,0.993,Severe,8.4,66.3,566.6,0.207,0.479,0.901,Heavy congestion detected - signal timing extended and reroute suggested
EVT424340,2025-11-06 19:55:05,Trade Fair,J011,Indiranagar 100ft Road,14360,Weekday,False,Clear,False,0.0,False,False,0.837,Severe,14.5,65.7,382.0,0.178,0.41,0.965,Heavy congestion detected - signal timing extended and reroute suggested
EVT424341,2025-03-22 21:06:48,Sports Fixture,J011,Indiranagar 100ft Road,23358,Weekend,False,Clear,False,0.0,False,False,0.476,Moderate,27.1,34.7,261.3,0.236,0.546,0.94,Moderate traffic flow - standard adaptive signal timing in effect
EVT424342,2025-03-10 01:09:20,Political Rally,J011,Indiranagar 100ft Road,9816,Weekday,False,Clear,False,0.0,False,False,0.194,Low,35.4,14.7,180.0,0.184,0.424,0.986,Normal free-flow traffic - standard signal timing maintained
EVT424343,2026-01-06 21:16:21,Sports Fixture,J023,Basavanagudi,22219,Weekday,False,Clear,False,0.0,False,False,0.526,Moderate,24.3,42.1,274.9,0.206,0.476,0.963,Moderate traffic flow - standard adaptive signal timing in effect
EVT424344,2025-05-08 06:49:50,Sports Fixture,J009,Majestic,38721,Weekday,False,Clear,False,0.0,False,False,0.587,High,24.9,42.1,204.8,0.188,0.434,0.964,Moderate traffic flow - standard adaptive signal timing in effect
EVT424345,2026-06-13 18:51:13,Sports Fixture,J030,MG Road,23009,Weekend,False,Clear,False,0.0,False,False,0.943,Severe,10.1,67.8,678.9,0.279,0.643,0.933,Heavy congestion detected - signal timing extended and reroute suggested
EVT424346,2026-01-12 14:06:30,Concert,J023,Basavanagudi,9988,Weekday,False,Clear,False,0.0,False,False,0.164,Low,31.6,13.2,157.1,0.129,0.298,0.979,Normal free-flow traffic - standard signal timing maintained
EVT424347,2025-03-19 19:58:40,Political Rally,J020,Malleshwaram Circle,10060,Weekday,False,Clear,False,0.0,False,False,0.747,High,20.9,55.1,411.9,0.284,0.656,0.965,Moderate traffic flow - standard adaptive signal timing in effect
EVT424348,2025-06-20 10:33:26,Trade Fair,J031,Cubbon Road,13576,Weekday,False,Clear,False,0.0,False,False,0.64,High,21.7,47.4,260.6,0.175,0.405,0.99,Moderate traffic flow - standard adaptive signal timing in effect
EVT424349,2025-12-09 19:24:47,Concert,J023,Basavanagudi,14440,Weekday,False,Clear,False,0.0,False,False,0.917,Severe,12.2,71.2,442.2,0.21,0.485,0.921,Heavy congestion detected - signal timing extended and reroute suggested
EVT424350,2026-05-21 10:48:50,Local Market Day,J009,Majestic,3583,Weekday,False,Clear,False,0.0,False,False,0.48,Moderate,27.2,27.0,143.9,0.114,0.262,0.975,Moderate traffic flow - standard adaptive signal timing in effect
EVT424351,2026-02-16 15:32:46,Trade Fair,J011,Indiranagar 100ft Road,10078,Weekday,False,Clear,False,0.0,False,False,0.395,Moderate,24.6,27.2,327.3,0.209,0.483,0.976,Moderate traffic flow - standard adaptive signal timing in effect
EVT424352,2025-01-17 18:07:34,Local Market Day,J030,MG Road,4045,Weekday,False,Clear,False,0.0,False,False,0.983,Severe,7.2,70.4,585.8,0.197,0.456,0.919,Heavy congestion detected - signal timing extended and reroute suggested
EVT424353,2025-05-06 17:09:47,Concert,J020,Malleshwaram Circle,13790,Weekday,False,Clear,False,0.0,False,False,0.746,High,13.7,47.2,321.3,0.15,0.346,0.943,Moderate traffic flow - standard adaptive signal timing in effect
EVT424354,2025-11-27 09:47:37,Political Rally,J030,MG Road,13847,Weekday,False,Clear,False,0.0,False,False,0.893,Severe,14.4,62.9,237.2,0.117,0.271,0.939,Heavy congestion detected - signal timing extended and reroute suggested
EVT424355,2025-04-30 08:54:42,Local Market Day,J020,Malleshwaram Circle,1899,Weekday,False,Clear,False,0.0,False,False,1.0,Severe,10.0,72.0,367.9,0.149,0.343,0.945,Heavy congestion detected - signal timing extended and reroute suggested
EVT424356,2026-01-15 18:30:40,Fireworks Display,J040,City Market,33482,Weekday,True,Light Rain,True,3.0,False,False,1.0,Severe,7.1,80.3,681.5,0.206,0.475,0.8,Festival crowd surge detected - alternate route and extended cycle recommended
EVT424357,2025-04-24 10:16:33,Trade Fair,J012,Koramangala Sony World,7213,Weekday,False,Clear,False,0.0,False,False,0.75,High,18.5,54.1,287.5,0.182,0.42,0.943,Moderate traffic flow - standard adaptive signal timing in effect
EVT424358,2025-11-06 22:56:03,Local Market Day,J023,Basavanagudi,5931,Weekday,False,Clear,False,0.0,False,False,0.168,Low,33.5,7.6,121.2,0.109,0.251,0.964,Normal free-flow traffic - standard signal timing maintained
EVT424359,2025-06-11 07:28:59,Local Market Day,J031,Cubbon Road,2877,Weekday,False,Clear,False,0.0,False,False,0.649,High,21.8,45.4,205.4,0.141,0.325,0.936,Moderate traffic flow - standard adaptive signal timing in effect
EVT424360,2025-12-02 23:54:14,Trade Fair,J040,City Market,7088,Weekday,False,Clear,False,0.0,False,False,0.103,Low,29.4,9.0,226.1,0.156,0.359,0.98,Normal free-flow traffic - standard signal timing maintained
EVT424361,2025-12-19 08:44:55,Trade Fair,J040,City Market,7557,Weekday,False,Clear,False,0.0,False,False,1.0,Severe,7.1,68.5,680.4,0.188,0.433,0.925,Heavy congestion detected - signal timing extended and reroute suggested
EVT424362,2025-05-05 09:17:54,Political Rally,J031,Cubbon Road,20999,Weekday,False,Rain,True,24.3,False,False,1.0,Severe,9.2,70.7,282.9,0.108,0.25,0.834,Heavy rain reducing visibility and grip - reduced speed and longer buffer advised
EVT424363,2025-12-13 15:05:15,Sports Fixture,J009,Majestic,16825,Weekend,False,Clear,False,0.0,False,False,0.424,Moderate,34.8,30.9,147.8,0.139,0.322,0.966,Moderate traffic flow - standard adaptive signal timing in effect
EVT424364,2025-11-24 16:06:57,Political Rally,J040,City Market,10670,Weekday,False,Fog,False,0.0,False,False,0.53,Moderate,30.5,40.5,208.5,0.191,0.442,0.967,Moderate traffic flow - standard adaptive signal timing in effect
EVT424365,2026-02-14 12:11:19,Local Market Day,J030,MG Road,2813,Weekend,False,Clear,False,0.0,False,False,0.28,Low,31.9,20.4,60.4,0.054,0.124,0.944,Moderate traffic flow - standard adaptive signal timing in effect
EVT424366,2026-06-09 09:29:19,Trade Fair,J012,Koramangala Sony World,11943,Weekday,False,Clear,False,0.0,False,False,1.0,Severe,7.7,67.8,988.4,0.293,0.676,0.939,Heavy congestion detected - signal timing extended and reroute suggested
EVT424367,2026-01-04 09:37:48,Political Rally,J012,Koramangala Sony World,29805,Weekend,False,Clear,False,0.0,False,False,0.894,Severe,13.7,68.7,477.4,0.23,0.532,0.931,Heavy congestion detected - signal timing extended and reroute suggested
EVT424368,2025-03-02 19:43:55,Sports Fixture,J009,Majestic,27281,Weekend,False,Clear,False,0.0,False,False,0.858,Severe,14.1,59.2,242.2,0.14,0.322,0.969,Heavy congestion detected - signal timing extended and reroute suggested
EVT424369,2026-05-16 19:05:19,Trade Fair,J030,MG Road,10231,Weekend,False,Rain,True,21.6,False,False,1.0,Severe,10.0,71.7,578.1,0.26,0.6,0.862,Heavy rain reducing visibility and grip - reduced speed and longer buffer advised
EVT424370,2025-03-08 12:56:36,Trade Fair,J012,Koramangala Sony World,9241,Weekend,False,Clear,False,0.0,False,False,0.337,Low,21.9,26.3,335.1,0.21,0.485,0.959,Moderate traffic flow - standard adaptive signal timing in effect
EVT424371,2025-10-07 13:22:58,Sports Fixture,J011,Indiranagar 100ft Road,14098,Weekday,False,Clear,False,0.0,False,False,0.243,Low,41.4,14.8,118.0,0.132,0.305,0.987,Normal free-flow traffic - standard signal timing maintained
EVT424372,2026-03-12 18:21:47,Concert,J020,Malleshwaram Circle,8897,Weekday,False,Clear,False,0.0,False,False,0.975,Severe,10.8,67.9,361.5,0.161,0.372,0.898,Heavy congestion detected - signal timing extended and reroute suggested
EVT424373,2025-09-03 21:15:39,Trade Fair,J012,Koramangala Sony World,15308,Weekday,False,Clear,False,0.0,False,False,0.472,Moderate,24.9,33.1,191.6,0.127,0.293,0.944,Moderate traffic flow - standard adaptive signal timing in effect
EVT424374,2026-04-26 18:07:41,Concert,J012,Koramangala Sony World,10825,Weekend,False,Clear,False,0.0,False,False,0.86,Severe,10.6,62.5,547.1,0.221,0.51,0.919,Heavy congestion detected - signal timing extended and reroute suggested
EVT424375,2025-09-02 20:21:40,Trade Fair,J020,Malleshwaram Circle,15006,Weekday,False,Clear,False,0.0,False,False,0.76,Severe,16.8,50.6,330.5,0.175,0.405,0.964,Heavy congestion detected - signal timing extended and reroute suggested
EVT424376,2025-09-27 05:07:37,Local Market Day,J031,Cubbon Road,3943,Weekend,False,Heavy Rain,True,27.9,False,False,0.505,Moderate,26.7,28.0,218.6,0.157,0.362,0.903,Light rain detected - minor speed reduction advised
EVT424377,2025-12-23 13:56:18,Trade Fair,J011,Indiranagar 100ft Road,14055,Weekday,False,Clear,False,0.0,False,False,0.248,Low,28.2,14.0,109.3,0.081,0.187,0.975,Normal free-flow traffic - standard signal timing maintained
EVT424378,2026-05-29 09:13:47,Concert,J020,Malleshwaram Circle,16991,Weekday,False,Clear,False,0.0,False,False,1.0,Severe,8.7,68.9,675.4,0.226,0.522,0.917,Heavy congestion detected - signal timing extended and reroute suggested
EVT424379,2025-04-18 08:13:36,Local Market Day,J012,Koramangala Sony World,3911,Weekday,False,Clear,False,0.0,False,False,0.86,Severe,13.0,62.0,626.9,0.29,0.67,0.95,Heavy congestion detected - signal timing extended and reroute suggested
EVT424380,2026-01-28 09:14:53,Sports Fixture,J040,City Market,30504,Weekday,False,Clear,False,0.0,False,False,1.0,Severe,7.7,74.0,599.0,0.198,0.456,0.899,Heavy congestion detected - signal timing extended and reroute suggested
EVT424381,2026-03-23 07:48:55,Sports Fixture,J009,Majestic,21005,Weekday,False,Clear,False,0.0,False,False,0.842,Severe,13.4,57.5,408.1,0.204,0.471,0.94,Heavy congestion detected - signal timing extended and reroute suggested
EVT424382,2025-04-12 11:53:58,Concert,J031,Cubbon Road,11624,Weekend,False,Clear,False,0.0,False,False,0.333,Low,34.4,27.1,171.9,0.178,0.411,0.956,Moderate traffic flow - standard adaptive signal timing in effect
EVT424383,2026-04-29 10:39:42,Political Rally,J011,Indiranagar 100ft Road,21733,Weekday,False,Clear,False,0.0,False,False,0.649,High,20.4,45.1,115.6,0.084,0.193,0.978,Moderate traffic flow - standard adaptive signal timing in effect
EVT424384,2025-09-22 07:19:34,Political Rally,J020,Malleshwaram Circle,21036,Weekday,False,Clear,False,0.0,False,False,0.696,High,16.6,54.0,405.6,0.227,0.525,0.96,Moderate traffic flow - standard adaptive signal timing in effect
EVT424385,2025-03-13 19:49:40,Sports Fixture,J020,Malleshwaram Circle,10986,Weekday,False,Clear,False,0.0,False,False,0.811,Severe,14.5,58.3,229.9,0.119,0.275,0.946,Heavy congestion detected - signal timing extended and reroute suggested
EVT424386,2025-10-17 12:02:40,Trade Fair,J020,Malleshwaram Circle,7467,Weekday,False,Clear,False,0.0,False,False,0.267,Low,32.7,20.6,106.8,0.099,0.229,0.972,Moderate traffic flow - standard adaptive signal timing in effect
EVT424387,2025-11-06 07:13:48,Local Market Day,J020,Malleshwaram Circle,3589,Weekday,False,Rain,True,10.8,False,False,0.695,High,18.7,49.0,266.4,0.161,0.371,0.945,Heavy rain reducing visibility and grip - reduced speed and longer buffer advised
EVT424388,2025-11-01 09:34:05,Cultural Procession,J009,Majestic,12234,Weekend,True,Clear,False,0.0,False,True,1.0,Severe,8.7,101.1,431.0,0.163,0.378,0.832,Road closure for event/procession - full detour recommended for through-traffic
EVT424389,2025-05-25 10:54:34,Concert,J023,Basavanagudi,12703,Weekend,False,Clear,False,0.0,False,False,0.458,Moderate,24.9,32.9,235.9,0.146,0.338,0.979,Moderate traffic flow - standard adaptive signal timing in effect
EVT424390,2025-12-16 10:20:09,Concert,J011,Indiranagar 100ft Road,8470,Weekday,False,Fog,False,0.0,False,False,0.814,Severe,12.7,53.2,257.0,0.123,0.284,0.934,Heavy congestion detected - signal timing extended and reroute suggested
EVT424391,2025-10-14 20:06:43,Political Rally,J011,Indiranagar 100ft Road,16467,Weekday,False,Clear,False,0.0,False,False,0.769,Severe,14.8,53.2,346.7,0.183,0.424,0.956,Heavy congestion detected - signal timing extended and reroute suggested
EVT424392,2025-03-10 15:12:22,Political Rally,J012,Koramangala Sony World,12936,Weekday,False,Fog,False,0.0,False,False,0.239,Low,36.8,15.7,160.5,0.163,0.377,0.972,Normal free-flow traffic - standard signal timing maintained
EVT424393,2025-07-04 14:31:17,Local Market Day,J020,Malleshwaram Circle,3763,Weekday,False,Clear,False,0.0,False,False,0.212,Low,31.6,13.0,75.2,0.059,0.137,0.934,Normal free-flow traffic - standard signal timing maintained
EVT424394,2025-02-02 17:18:17,Trade Fair,J020,Malleshwaram Circle,12663,Weekend,False,Clear,False,0.0,False,False,0.746,High,18.7,50.1,251.5,0.134,0.31,0.943,Moderate traffic flow - standard adaptive signal timing in effect
EVT424395,2026-02-25 09:58:54,Trade Fair,J031,Cubbon Road,9565,Weekday,False,Fog,False,0.0,False,False,0.804,Severe,16.7,61.0,210.7,0.129,0.299,0.99,Heavy congestion detected - signal timing extended and reroute suggested
EVT424396,2026-04-21 10:00:01,Political Rally,J023,Basavanagudi,14521,Weekday,False,Fog,False,0.0,False,False,0.822,Severe,12.6,60.4,255.4,0.131,0.301,0.935,Heavy congestion detected - signal timing extended and reroute suggested
EVT424397,2025-11-27 19:31:33,Local Market Day,J040,City Market,4636,Weekday,False,Clear,False,0.0,False,False,0.939,Severe,10.2,66.9,576.2,0.236,0.546,0.954,Heavy congestion detected - signal timing extended and reroute suggested
EVT424398,2025-11-26 10:19:20,Trade Fair,J023,Basavanagudi,6410,Weekday,False,Clear,False,0.0,False,False,0.688,High,18.7,56.6,147.1,0.096,0.221,0.969,Moderate traffic flow - standard adaptive signal timing in effect
EVT424399,2025-05-09 19:00:38,Local Market Day,J040,City Market,6482,Weekday,False,Rain,True,12.2,False,False,1.0,Severe,6.4,70.5,769.7,0.203,0.469,0.855,Heavy rain reducing visibility and grip - reduced speed and longer buffer advised
EVT424400,2025-06-04 12:24:31,Local Market Day,J031,Cubbon Road,2881,Weekday,False,Clear,False,0.0,False,False,0.237,Low,29.0,14.3,134.2,0.122,0.281,0.98,Normal free-flow traffic - standard signal timing maintained
EVT424401,2025-12-23 08:56:27,Local Market Day,J011,Indiranagar 100ft Road,3842,Weekday,False,Clear,False,0.0,False,False,0.967,Severe,9.3,69.1,483.2,0.178,0.412,0.898,Heavy congestion detected - signal timing extended and reroute suggested
EVT424402,2025-02-24 15:43:17,Trade Fair,J030,MG Road,6932,Weekday,False,Clear,False,0.0,False,False,0.363,Moderate,25.2,26.4,203.0,0.147,0.339,0.957,Moderate traffic flow - standard adaptive signal timing in effect
EVT424403,2026-05-20 07:54:02,Concert,J023,Basavanagudi,17545,Weekday,False,Clear,False,0.0,False,False,0.896,Severe,10.8,64.8,328.0,0.144,0.334,0.969,Heavy congestion detected - signal timing extended and reroute suggested
EVT424404,2026-02-01 18:57:55,Sports Fixture,J040,City Market,42323,Weekend,False,Clear,False,0.0,False,False,1.0,Severe,9.5,66.4,589.6,0.228,0.526,0.912,Heavy congestion detected - signal timing extended and reroute suggested
EVT424405,2026-06-25 10:25:27,Concert,J009,Majestic,8230,Weekday,False,Clear,False,0.0,False,False,0.596,High,22.7,43.6,262.8,0.178,0.412,0.962,Moderate traffic flow - standard adaptive signal timing in effect
EVT424406,2025-10-02 17:22:40,Religious Festival,J012,Koramangala Sony World,28570,Weekday,True,Clear,False,0.0,False,False,1.0,Severe,9.2,68.0,432.3,0.17,0.393,0.861,Festival crowd surge detected - alternate route and extended cycle recommended
EVT424407,2025-09-07 13:52:59,Local Market Day,J023,Basavanagudi,4053,Weekend,False,Clear,False,0.0,False,False,0.309,Low,35.2,20.6,119.6,0.113,0.262,0.972,Moderate traffic flow - standard adaptive signal timing in effect
EVT424408,2026-05-06 17:42:47,Concert,J023,Basavanagudi,10473,Weekday,False,Fog,False,0.0,False,False,1.0,Severe,8.5,77.2,518.3,0.19,0.438,0.905,Heavy congestion detected - signal timing extended and reroute suggested
EVT424409,2026-06-20 16:20:56,Local Market Day,J012,Koramangala Sony World,3201,Weekend,False,Heavy Rain,True,25.7,False,False,0.763,Severe,12.3,54.9,267.9,0.129,0.299,0.896,Heavy rain reducing visibility and grip - reduced speed and longer buffer advised
EVT424410,2025-04-23 19:02:42,Local Market Day,J030,MG Road,2919,Weekday,False,Clear,False,0.0,False,False,0.889,Severe,11.6,61.4,398.6,0.177,0.408,0.931,Heavy congestion detected - signal timing extended and reroute suggested
EVT424411,2025-01-02 14:18:32,Concert,J009,Majestic,12770,Weekday,False,Fog,False,0.0,False,False,0.202,Low,30.3,12.9,155.5,0.116,0.268,0.965,Normal free-flow traffic - standard signal timing maintained
EVT424412,2025-08-14 17:15:29,Sports Fixture,J040,City Market,20489,Weekday,False,Heavy Rain,True,29.6,False,False,1.0,Severe,6.1,70.0,562.9,0.154,0.357,0.869,Heavy rain reducing visibility and grip - reduced speed and longer buffer advised
EVT424413,2025-02-17 20:05:15,Political Rally,J040,City Market,27128,Weekday,False,Clear,False,0.0,False,False,0.871,Severe,13.4,67.5,368.6,0.176,0.407,0.919,Heavy congestion detected - signal timing extended and reroute suggested
EVT424414,2026-01-08 09:56:07,Local Market Day,J030,MG Road,3642,Weekday,False,Clear,False,0.0,False,False,0.717,High,14.9,53.4,285.0,0.172,0.398,0.965,Moderate traffic flow - standard adaptive signal timing in effect
EVT424415,2026-05-01 17:53:26,Cultural Procession,J020,Malleshwaram Circle,26818,Weekday,True,Clear,False,0.0,False,False,1.0,Severe,8.1,72.6,789.8,0.267,0.616,0.838,Festival crowd surge detected - alternate route and extended cycle recommended
EVT424416,2026-03-18 17:27:05,Concert,J011,Indiranagar 100ft Road,14843,Weekday,False,Clear,False,0.0,False,False,0.931,Severe,9.0,72.0,671.8,0.235,0.543,0.955,Heavy congestion detected - signal timing extended and reroute suggested
EVT424417,2025-01-09 16:46:10,Local Market Day,J020,Malleshwaram Circle,4466,Weekday,False,Clear,False,0.0,False,False,0.636,High,16.8,42.2,337.3,0.179,0.413,0.978,Moderate traffic flow - standard adaptive signal timing in effect
EVT424418,2025-08-20 08:17:28,Political Rally,J031,Cubbon Road,16403,Weekday,False,Clear,False,0.0,False,False,0.923,Severe,10.0,69.4,435.4,0.187,0.433,0.941,Heavy congestion detected - signal timing extended and reroute suggested
EVT424419,2025-07-18 19:42:51,Local Market Day,J031,Cubbon Road,3953,Weekday,False,Clear,False,0.0,False,False,0.823,Severe,14.1,58.5,313.6,0.177,0.408,0.919,Heavy congestion detected - signal timing extended and reroute suggested
EVT424420,2025-03-30 19:50:55,Religious Festival,J012,Koramangala Sony World,56864,Weekend,True,Light Rain,True,6.4,False,True,1.0,Severe,8.5,94.0,559.0,0.181,0.418,0.775,Road closure for event/procession - full detour recommended for through-traffic
EVT424421,2025-03-20 18:53:03,Concert,J011,Indiranagar 100ft Road,4218,Weekday,False,Clear,False,0.0,False,False,0.924,Severe,11.9,64.1,515.2,0.231,0.535,0.931,Heavy congestion detected - signal timing extended and reroute suggested
EVT424422,2025-01-10 10:14:42,Local Market Day,J040,City Market,5291,Weekday,False,Clear,False,0.0,False,False,0.708,High,17.5,54.2,280.0,0.168,0.387,0.99,Moderate traffic flow - standard adaptive signal timing in effect
EVT424423,2026-06-29 11:19:36,Trade Fair,J023,Basavanagudi,8813,Weekday,False,Clear,False,0.0,False,False,0.368,Moderate,32.8,27.2,114.2,0.095,0.22,0.955,Moderate traffic flow - standard adaptive signal timing in effect
EVT424424,2025-04-14 16:17:24,Religious Festival,J030,MG Road,44046,Weekday,True,Clear,False,0.0,False,True,1.0,Severe,8.7,94.6,585.0,0.23,0.531,0.84,Road closure for event/procession - full detour recommended for through-traffic
EVT424425,2025-07-30 07:24:27,Sports Fixture,J031,Cubbon Road,22471,Weekday,False,Heavy Rain,True,29.8,False,False,0.912,Severe,11.3,65.5,405.1,0.193,0.447,0.885,Heavy rain reducing visibility and grip - reduced speed and longer buffer advised
EVT424426,2026-02-06 08:54:06,Concert,J020,Malleshwaram Circle,15736,Weekday,False,Clear,False,0.0,False,False,1.0,Severe,8.9,69.5,359.2,0.14,0.324,0.905,Heavy congestion detected - signal timing extended and reroute suggested
EVT424427,2025-10-15 16:19:56,Local Market Day,J030,MG Road,5480,Weekday,False,Clear,False,0.0,False,False,0.516,Moderate,22.9,34.8,132.1,0.082,0.189,0.981,Moderate traffic flow - standard adaptive signal timing in effect
EVT424428,2025-01-05 06:06:04,Local Market Day,J012,Koramangala Sony World,4826,Weekend,False,Clear,False,0.0,False,False,0.348,Low,28.8,30.9,216.4,0.195,0.452,0.981,Moderate traffic flow - standard adaptive signal timing in effect
EVT424429,2025-07-14 18:12:21,Local Market Day,J012,Koramangala Sony World,6375,Weekday,False,Rain,True,15.5,False,False,1.0,Severe,7.6,70.7,786.3,0.263,0.606,0.854,Heavy rain reducing visibility and grip - reduced speed and longer buffer advised
EVT424430,2025-10-16 18:28:25,Concert,J040,City Market,11803,Weekday,False,Clear,False,0.0,False,False,1.0,Severe,5.5,71.8,570.9,0.134,0.309,0.96,Heavy congestion detected - signal timing extended and reroute suggested
EVT424431,2025-11-12 18:52:24,Local Market Day,J011,Indiranagar 100ft Road,5108,Weekday,False,Clear,False,0.0,False,False,1.0,Severe,7.8,77.9,250.7,0.106,0.245,0.916,Heavy congestion detected - signal timing extended and reroute suggested
EVT424432,2026-01-08 19:14:48,Local Market Day,J011,Indiranagar 100ft Road,2329,Weekday,False,Clear,False,0.0,False,False,0.954,Severe,9.2,71.2,514.6,0.194,0.449,0.92,Heavy congestion detected - signal timing extended and reroute suggested
EVT424433,2026-03-19 07:54:19,Religious Festival,J011,Indiranagar 100ft Road,42862,Weekday,True,Clear,False,0.0,False,False,1.0,Severe,8.4,70.1,662.7,0.224,0.518,0.864,Festival crowd surge detected - alternate route and extended cycle recommended
EVT424434,2026-02-13 15:40:10,Local Market Day,J030,MG Road,3743,Weekday,False,Clear,False,0.0,False,False,0.335,Low,28.1,19.4,139.7,0.109,0.252,0.976,Moderate traffic flow - standard adaptive signal timing in effect
EVT424435,2026-03-22 14:59:01,Political Rally,J030,MG Road,12208,Weekend,False,Clear,False,0.0,False,False,0.355,Moderate,29.4,25.8,170.0,0.135,0.312,0.952,Moderate traffic flow - standard adaptive signal timing in effect
EVT424436,2025-05-04 01:07:03,Trade Fair,J031,Cubbon Road,9671,Weekend,False,Light Rain,True,1.2,False,False,0.246,Low,33.6,17.4,141.2,0.133,0.306,0.905,Light rain detected - minor speed reduction advised
EVT424437,2025-08-09 17:53:55,Concert,J011,Indiranagar 100ft Road,11594,Weekend,False,Clear,False,0.0,False,False,0.777,Severe,16.8,55.0,458.2,0.273,0.63,0.981,Heavy congestion detected - signal timing extended and reroute suggested
EVT424438,2026-04-18 15:57:33,Concert,J011,Indiranagar 100ft Road,9871,Weekend,False,Rain,True,20.3,False,False,0.65,High,22.8,49.9,237.0,0.179,0.414,0.919,Heavy rain reducing visibility and grip - reduced speed and longer buffer advised
EVT424439,2025-03-24 09:28:54,Sports Fixture,J009,Majestic,17756,Weekday,False,Clear,False,0.0,False,False,1.0,Severe,9.5,73.7,433.5,0.177,0.409,0.906,Heavy congestion detected - signal timing extended and reroute suggested
EVT424440,2025-02-16 18:02:28,Local Market Day,J031,Cubbon Road,4304,Weekend,False,Clear,False,0.0,False,False,0.853,Severe,13.8,61.3,375.2,0.192,0.444,0.945,Heavy congestion detected - signal timing extended and reroute suggested
EVT424441,2025-05-02 18:06:44,Religious Festival,J020,Malleshwaram Circle,28615,Weekday,True,Clear,False,0.0,False,False,1.0,Severe,11.0,71.6,176.3,0.075,0.173,0.86,Festival crowd surge detected - alternate route and extended cycle recommended
EVT424442,2026-05-02 19:19:14,Religious Festival,J031,Cubbon Road,36135,Weekend,True,Clear,False,0.0,False,True,1.0,Severe,8.5,100.1,896.1,0.337,0.779,0.838,Road closure for event/procession - full detour recommended for through-traffic
EVT424443,2026-02-24 14:20:03,Trade Fair,J009,Majestic,12443,Weekday,False,Fog,False,0.0,False,False,0.358,Moderate,36.6,23.4,93.0,0.086,0.198,0.969,Moderate traffic flow - standard adaptive signal timing in effect
EVT424444,2025-12-23 19:16:53,Sports Fixture,J020,Malleshwaram Circle,20351,Weekday,False,Clear,False,0.0,False,False,1.0,Severe,7.9,71.6,629.1,0.19,0.438,0.952,Heavy congestion detected - signal timing extended and reroute suggested
EVT424445,2026-05-25 09:36:19,Local Market Day,J030,MG Road,2698,Weekday,False,Clear,False,0.0,False,False,0.906,Severe,11.6,56.0,326.4,0.161,0.371,0.935,Heavy congestion detected - signal timing extended and reroute suggested
EVT424446,2025-01-16 09:29:04,Trade Fair,J012,Koramangala Sony World,5957,Weekday,False,Fog,False,0.0,False,False,0.971,Severe,9.1,74.8,354.9,0.149,0.344,0.906,Heavy congestion detected - signal timing extended and reroute suggested
EVT424447,2025-06-26 15:00:43,Political Rally,J031,Cubbon Road,23151,Weekday,False,Heavy Rain,True,27.2,False,False,0.583,High,20.9,39.8,194.6,0.146,0.337,0.921,Heavy rain reducing visibility and grip - reduced speed and longer buffer advised
EVT424448,2025-10-07 07:52:29,Sports Fixture,J012,Koramangala Sony World,26768,Weekday,False,Heavy Rain,True,43.7,False,False,1.0,Severe,7.5,71.1,305.7,0.096,0.222,0.862,Heavy rain reducing visibility and grip - reduced speed and longer buffer advised
EVT424449,2025-05-10 16:39:22,Local Market Day,J011,Indiranagar 100ft Road,4983,Weekend,False,Rain,True,15.5,False,False,0.794,Severe,16.1,56.6,161.5,0.095,0.22,0.896,Heavy rain reducing visibility and grip - reduced speed and longer buffer advised
EVT424450,2025-12-26 20:51:21,Religious Festival,J023,Basavanagudi,56534,Weekday,True,Clear,False,0.0,False,True,1.0,Severe,7.7,97.5,660.3,0.209,0.484,0.824,Road closure for event/procession - full detour recommended for through-traffic
EVT424451,2025-08-23 20:05:33,Trade Fair,J030,MG Road,3932,Weekend,False,Clear,False,0.0,False,False,0.702,High,18.1,51.1,180.1,0.127,0.294,0.957,Moderate traffic flow - standard adaptive signal timing in effect
EVT424452,2026-03-23 16:46:05,Trade Fair,J012,Koramangala Sony World,14767,Weekday,False,Clear,False,0.0,False,False,0.639,High,19.7,51.0,238.3,0.154,0.357,0.962,Moderate traffic flow - standard adaptive signal timing in effect
EVT424453,2026-01-06 13:35:02,Trade Fair,J009,Majestic,9193,Weekday,False,Clear,False,0.0,False,False,0.042,Low,35.6,2.0,102.0,0.089,0.205,0.965,Normal free-flow traffic - standard signal timing maintained
EVT424454,2025-07-18 09:23:33,Concert,J012,Koramangala Sony World,6622,Weekday,False,Clear,False,0.0,False,False,1.0,Severe,8.4,73.0,268.2,0.13,0.301,0.942,Heavy congestion detected - signal timing extended and reroute suggested
EVT424455,2025-05-15 15:59:56,Concert,J012,Koramangala Sony World,10196,Weekday,False,Clear,False,0.0,False,False,0.482,Moderate,19.2,31.6,205.3,0.117,0.271,0.959,Moderate traffic flow - standard adaptive signal timing in effect
EVT424456,2026-03-07 17:37:07,Political Rally,J012,Koramangala Sony World,17059,Weekend,False,Clear,False,0.0,False,False,0.863,Severe,11.7,64.3,527.0,0.239,0.551,0.935,Heavy congestion detected - signal timing extended and reroute suggested
EVT424457,2025-03-10 06:24:42,Concert,J020,Malleshwaram Circle,12232,Weekday,False,Clear,False,0.0,False,False,0.383,Moderate,26.7,26.1,210.3,0.168,0.388,0.976,Moderate traffic flow - standard adaptive signal timing in effect
EVT424458,2026-06-21 14:30:18,Local Market Day,J031,Cubbon Road,1688,Weekend,False,Clear,False,0.0,False,False,0.272,Low,30.0,22.1,265.9,0.193,0.446,0.97,Moderate traffic flow - standard adaptive signal timing in effect
EVT424459,2026-02-05 19:41:05,Local Market Day,J009,Majestic,3145,Weekday,False,Clear,False,0.0,False,False,0.763,Severe,14.0,51.5,364.1,0.176,0.407,0.953,Heavy congestion detected - signal timing extended and reroute suggested
EVT424460,2025-02-08 12:51:16,Concert,J012,Koramangala Sony World,20630,Weekend,False,Clear,False,0.0,False,False,0.381,Moderate,31.6,30.4,215.7,0.184,0.426,0.957,Moderate traffic flow - standard adaptive signal timing in effect
EVT424461,2025-08-04 09:07:17,Trade Fair,J009,Majestic,7394,Weekday,False,Clear,False,0.0,False,False,1.0,Severe,10.4,74.2,607.0,0.245,0.567,0.92,Heavy congestion detected - signal timing extended and reroute suggested
EVT424462,2025-03-30 19:56:09,Fireworks Display,J031,Cubbon Road,29032,Weekend,True,Clear,False,0.0,False,False,1.0,Severe,7.7,69.0,482.4,0.173,0.399,0.891,Festival crowd surge detected - alternate route and extended cycle recommended
EVT424463,2026-06-08 20:44:00,Sports Fixture,J023,Basavanagudi,15517,Weekday,False,Heavy Rain,True,31.0,False,False,0.96,Severe,8.6,66.7,350.5,0.137,0.315,0.855,Heavy rain reducing visibility and grip - reduced speed and longer buffer advised
EVT424464,2025-03-15 15:52:53,Religious Festival,J040,City Market,56220,Weekend,True,Clear,False,0.0,False,True,1.0,Severe,9.2,99.8,427.3,0.172,0.398,0.829,Road closure for event/procession - full detour recommended for through-traffic
EVT424465,2025-01-24 20:28:53,Local Market Day,J009,Majestic,1979,Weekday,False,Clear,False,0.0,False,False,0.544,Moderate,23.6,43.2,214.1,0.148,0.342,0.961,Moderate traffic flow - standard adaptive signal timing in effect
EVT424466,2026-06-09 16:11:24,Local Market Day,J020,Malleshwaram Circle,2055,Weekday,False,Rain,True,17.1,False,False,0.686,High,15.8,47.0,441.7,0.239,0.552,0.886,Heavy rain reducing visibility and grip - reduced speed and longer buffer advised
EVT424467,2025-06-29 18:09:42,Local Market Day,J040,City Market,3784,Weekend,False,Clear,False,0.0,False,False,0.86,Severe,10.2,58.4,317.4,0.129,0.299,0.933,Heavy congestion detected - signal timing extended and reroute suggested
EVT424468,2025-08-29 05:02:07,Political Rally,J023,Basavanagudi,14035,Weekday,False,Clear,False,0.0,False,False,0.26,Low,35.8,19.5,191.8,0.197,0.455,0.976,Moderate traffic flow - standard adaptive signal timing in effect
EVT424469,2025-02-11 18:46:14,Trade Fair,J011,Indiranagar 100ft Road,9203,Weekday,False,Clear,False,0.0,False,False,0.966,Severe,10.9,71.3,273.6,0.109,0.253,0.92,Heavy congestion detected - signal timing extended and reroute suggested
EVT424470,2026-01-06 18:39:21,Sports Fixture,J011,Indiranagar 100ft Road,24361,Weekday,False,Clear,False,0.0,False,False,1.0,Severe,8.6,71.0,433.5,0.183,0.424,0.92,Heavy congestion detected - signal timing extended and reroute suggested
EVT424471,2025-06-20 08:28:34,Concert,J030,MG Road,7548,Weekday,False,Clear,False,0.0,False,False,0.969,Severe,9.2,66.0,444.1,0.145,0.335,0.927,Heavy congestion detected - signal timing extended and reroute suggested
EVT424472,2026-01-26 06:27:56,Cultural Procession,J012,Koramangala Sony World,10293,Weekday,True,Clear,False,0.0,False,True,0.694,Moderate,18.6,69.2,313.7,0.186,0.429,0.861,Road closure for event/procession - full detour recommended for through-traffic
EVT424473,2025-06-07 15:51:04,Political Rally,J040,City Market,10337,Weekend,False,Rain,True,17.2,False,False,0.655,High,25.4,51.1,214.8,0.181,0.419,0.918,Heavy rain reducing visibility and grip - reduced speed and longer buffer advised
EVT424474,2025-04-06 11:50:04,Religious Festival,J040,City Market,36878,Weekend,True,Clear,False,0.0,False,True,0.802,High,14.0,85.4,362.7,0.182,0.422,0.859,Road closure for event/procession - full detour recommended for through-traffic
EVT424475,2025-12-28 10:15:16,Local Market Day,J020,Malleshwaram Circle,3271,Weekend,False,Clear,False,0.0,False,False,0.638,High,25.0,47.5,233.2,0.167,0.387,0.973,Moderate traffic flow - standard adaptive signal timing in effect
EVT424476,2025-12-27 09:16:17,Sports Fixture,J009,Majestic,16227,Weekend,False,Clear,False,0.0,False,False,0.91,Severe,9.5,70.7,646.7,0.269,0.622,0.915,Heavy congestion detected - signal timing extended and reroute suggested
EVT424477,2025-06-10 06:11:06,Trade Fair,J011,Indiranagar 100ft Road,13436,Weekday,False,Clear,False,0.0,False,False,0.339,Low,34.2,27.1,120.1,0.094,0.217,0.973,Moderate traffic flow - standard adaptive signal timing in effect
EVT424478,2025-05-16 14:07:04,Concert,J040,City Market,12250,Weekday,False,Clear,False,0.0,False,False,0.293,Low,34.4,22.2,184.9,0.17,0.392,0.989,Moderate traffic flow - standard adaptive signal timing in effect
EVT424479,2026-02-01 20:22:31,Local Market Day,J020,Malleshwaram Circle,4999,Weekend,False,Clear,False,0.0,False,False,0.554,High,22.4,44.4,250.9,0.167,0.385,0.99,Moderate traffic flow - standard adaptive signal timing in effect
EVT424480,2025-07-12 09:00:19,Local Market Day,J020,Malleshwaram Circle,9665,Weekend,False,Clear,False,0.0,False,False,0.88,Severe,14.3,61.6,309.4,0.146,0.338,0.92,Heavy congestion detected - signal timing extended and reroute suggested
EVT424481,2025-08-03 08:51:09,Local Market Day,J020,Malleshwaram Circle,2594,Weekend,False,Clear,False,0.0,False,False,0.879,Severe,14.4,62.6,328.4,0.186,0.43,0.945,Heavy congestion detected - signal timing extended and reroute suggested
EVT424482,2026-01-05 09:19:28,Sports Fixture,J030,MG Road,13251,Weekday,False,Clear,False,0.0,False,False,1.0,Severe,8.0,74.0,947.8,0.3,0.692,0.96,Heavy congestion detected - signal timing extended and reroute suggested
EVT424483,2026-04-04 15:14:24,Trade Fair,J031,Cubbon Road,13454,Weekend,False,Rain,True,22.5,False,False,0.605,High,24.8,41.0,247.4,0.204,0.472,0.897,Heavy rain reducing visibility and grip - reduced speed and longer buffer advised
EVT424484,2025-11-13 17:29:47,Local Market Day,J020,Malleshwaram Circle,4443,Weekday,False,Light Rain,True,1.9,False,False,0.961,Severe,8.4,67.9,485.6,0.165,0.38,0.902,Heavy rain reducing visibility and grip - reduced speed and longer buffer advised
EVT424485,2025-02-18 14:46:49,Sports Fixture,J031,Cubbon Road,25696,Weekday,False,Clear,False,0.0,False,False,0.395,Moderate,24.9,29.5,149.6,0.119,0.275,0.949,Moderate traffic flow - standard adaptive signal timing in effect
EVT424486,2026-06-19 16:28:53,Sports Fixture,J012,Koramangala Sony World,20038,Weekday,False,Clear,False,0.0,False,False,0.606,High,16.7,41.9,356.9,0.203,0.468,0.964,Moderate traffic flow - standard adaptive signal timing in effect
EVT424487,2025-09-30 07:09:54,Local Market Day,J031,Cubbon Road,4562,Weekday,False,Light Rain,True,6.6,False,False,0.58,High,22.8,43.3,220.2,0.144,0.333,0.92,Heavy rain reducing visibility and grip - reduced speed and longer buffer advised
EVT424488,2026-02-04 20:54:46,Concert,J023,Basavanagudi,6400,Weekday,False,Clear,False,0.0,False,False,0.371,Moderate,26.6,30.5,193.2,0.151,0.349,0.96,Moderate traffic flow - standard adaptive signal timing in effect
EVT424489,2025-02-05 13:29:47,Local Market Day,J030,MG Road,6280,Weekday,False,Fog,False,0.0,False,False,0.125,Low,30.8,12.8,111.5,0.081,0.188,0.979,Normal free-flow traffic - standard signal timing maintained
EVT424490,2025-03-27 18:11:00,Local Market Day,J012,Koramangala Sony World,2444,Weekday,False,Rain,True,8.0,False,False,1.0,Severe,9.2,69.0,746.3,0.266,0.614,0.879,Heavy rain reducing visibility and grip - reduced speed and longer buffer advised
EVT424491,2025-07-03 18:56:48,Trade Fair,J009,Majestic,6782,Weekday,False,Heavy Rain,True,27.7,False,False,1.0,Severe,9.2,70.9,438.5,0.187,0.432,0.879,Heavy rain reducing visibility and grip - reduced speed and longer buffer advised
EVT424492,2026-03-20 16:08:20,Religious Festival,J012,Koramangala Sony World,49038,Weekday,True,Clear,False,0.0,False,True,1.0,Severe,7.9,105.0,454.6,0.147,0.34,0.823,Road closure for event/procession - full detour recommended for through-traffic
EVT424493,2025-08-08 12:04:35,Local Market Day,J011,Indiranagar 100ft Road,3504,Weekday,False,Clear,False,0.0,False,False,0.167,Low,35.7,11.0,89.0,0.081,0.187,0.957,Normal free-flow traffic - standard signal timing maintained
EVT424494,2026-03-02 16:57:59,Local Market Day,J012,Koramangala Sony World,3147,Weekday,False,Clear,False,0.0,False,False,0.724,High,15.8,51.8,437.9,0.243,0.56,0.99,Moderate traffic flow - standard adaptive signal timing in effect
EVT424495,2026-02-06 09:54:51,Political Rally,J011,Indiranagar 100ft Road,9865,Weekday,False,Clear,False,0.0,False,False,0.834,Severe,14.4,58.0,395.2,0.215,0.497,0.974,Heavy congestion detected - signal timing extended and reroute suggested
EVT424496,2026-04-07 08:48:07,Concert,J009,Majestic,12446,Weekday,False,Light Rain,True,1.9,False,False,1.0,Severe,9.5,74.4,678.1,0.275,0.635,0.875,Heavy rain reducing visibility and grip - reduced speed and longer buffer advised
EVT424497,2025-07-17 20:45:29,Local Market Day,J031,Cubbon Road,3417,Weekday,False,Rain,True,22.7,False,False,0.712,High,14.8,57.0,128.7,0.061,0.141,0.926,Heavy rain reducing visibility and grip - reduced speed and longer buffer advised
EVT424498,2026-01-05 22:54:01,Local Market Day,J040,City Market,5302,Weekday,False,Clear,False,0.0,False,False,0.259,Low,34.0,23.9,220.1,0.181,0.418,0.973,Moderate traffic flow - standard adaptive signal timing in effect
EVT424499,2026-01-16 13:25:41,Sports Fixture,J009,Majestic,26118,Weekday,False,Clear,False,0.0,False,False,0.354,Moderate,28.8,24.2,67.3,0.049,0.113,0.956,Moderate traffic flow - standard adaptive signal timing in effect
EVT424500,2025-02-04 12:45:07,Local Market Day,J009,Majestic,3463,Weekday,False,Clear,False,0.0,False,False,0.192,Low,41.3,21.8,86.7,0.082,0.189,0.978,Normal free-flow traffic - standard signal timing maintained
EVT424501,2026-05-01 12:32:19,Religious Festival,J023,Basavanagudi,49094,Weekday,True,Clear,False,0.0,False,True,0.854,High,11.4,93.6,189.6,0.091,0.211,0.841,Road closure for event/procession - full detour recommended for through-traffic
EVT424502,2025-08-29 10:26:39,Political Rally,J012,Koramangala Sony World,23074,Weekday,False,Heavy Rain,True,53.6,False,False,0.996,Severe,8.3,73.4,548.2,0.214,0.494,0.886,Heavy rain reducing visibility and grip - reduced speed and longer buffer advised
EVT424503,2026-01-25 19:18:08,Trade Fair,J031,Cubbon Road,12400,Weekend,False,Clear,False,0.0,False,False,0.91,Severe,15.9,67.5,359.2,0.217,0.502,0.942,Heavy congestion detected - signal timing extended and reroute suggested
EVT424504,2025-02-16 05:33:10,Local Market Day,J012,Koramangala Sony World,4358,Weekend,False,Clear,False,0.0,False,False,0.238,Low,34.7,18.3,155.5,0.139,0.321,0.99,Normal free-flow traffic - standard signal timing maintained
EVT424505,2026-01-10 06:16:30,Concert,J012,Koramangala Sony World,9181,Weekend,False,Clear,False,0.0,False,False,0.315,Low,25.5,20.3,253.0,0.176,0.406,0.97,Moderate traffic flow - standard adaptive signal timing in effect
EVT424506,2026-02-17 21:27:55,Trade Fair,J009,Majestic,7306,Weekday,False,Clear,False,0.0,False,False,0.357,Moderate,27.2,26.5,119.2,0.085,0.197,0.956,Moderate traffic flow - standard adaptive signal timing in effect
EVT424507,2025-11-28 22:36:20,Concert,J030,MG Road,13106,Weekday,False,Clear,False,0.0,False,False,0.267,Low,34.3,18.6,136.3,0.122,0.281,0.962,Moderate traffic flow - standard adaptive signal timing in effect
EVT424508,2025-12-08 14:46:35,Sports Fixture,J009,Majestic,14665,Weekday,False,Clear,False,0.0,False,False,0.252,Low,30.5,17.4,226.0,0.181,0.419,0.961,Moderate traffic flow - standard adaptive signal timing in effect
EVT424509,2025-08-21 18:19:05,Local Market Day,J011,Indiranagar 100ft Road,5466,Weekday,False,Heavy Rain,True,89.0,False,False,1.0,Severe,7.5,72.2,575.4,0.201,0.465,0.855,Heavy rain reducing visibility and grip - reduced speed and longer buffer advised
EVT424510,2026-03-22 07:10:39,Local Market Day,J009,Majestic,3808,Weekend,False,Light Rain,True,4.2,False,False,0.546,Moderate,26.4,29.1,165.5,0.122,0.281,0.932,Light rain detected - minor speed reduction advised
EVT424511,2026-06-01 19:01:31,Local Market Day,J040,City Market,8976,Weekday,False,Clear,False,0.0,False,False,1.0,Severe,9.1,72.2,352.0,0.13,0.3,0.896,Heavy congestion detected - signal timing extended and reroute suggested
EVT424512,2025-09-29 22:36:01,Political Rally,J012,Koramangala Sony World,20898,Weekday,False,Heavy Rain,True,43.5,False,False,0.641,High,21.0,47.4,176.0,0.111,0.256,0.914,Heavy rain reducing visibility and grip - reduced speed and longer buffer advised
EVT424513,2025-04-24 08:00:54,Concert,J009,Majestic,19686,Weekday,False,Clear,False,0.0,False,False,0.946,Severe,9.1,64.0,550.7,0.223,0.514,0.925,Heavy congestion detected - signal timing extended and reroute suggested
EVT424514,2026-03-23 19:14:53,Local Market Day,J011,Indiranagar 100ft Road,5322,Weekday,False,Clear,False,0.0,False,False,0.991,Severe,8.5,66.3,488.3,0.181,0.419,0.909,Heavy congestion detected - signal timing extended and reroute suggested
EVT424515,2025-07-22 16:29:05,Concert,J023,Basavanagudi,14574,Weekday,False,Heavy Rain,True,43.0,False,False,0.905,Severe,10.8,66.2,550.0,0.241,0.556,0.862,Heavy rain reducing visibility and grip - reduced speed and longer buffer advised
EVT424516,2026-01-27 13:50:10,Cultural Procession,J023,Basavanagudi,17519,Weekday,True,Clear,False,0.0,False,False,0.477,Moderate,26.2,37.4,156.2,0.143,0.33,0.898,Moderate traffic flow - standard adaptive signal timing in effect
EVT424517,2025-10-06 09:04:11,Local Market Day,J009,Majestic,4143,Weekday,False,Heavy Rain,True,36.7,False,False,1.0,Severe,9.0,74.8,696.0,0.24,0.555,0.85,Heavy rain reducing visibility and grip - reduced speed and longer buffer advised
EVT424518,2026-04-09 10:49:59,Trade Fair,J011,Indiranagar 100ft Road,6764,Weekday,False,Clear,False,0.0,False,False,0.509,Moderate,23.2,32.8,198.6,0.134,0.309,0.948,Moderate traffic flow - standard adaptive signal timing in effect
EVT424519,2025-09-21 14:21:54,Sports Fixture,J020,Malleshwaram Circle,22633,Weekend,False,Heavy Rain,True,63.6,False,False,0.701,High,17.2,42.2,451.1,0.238,0.55,0.914,Heavy rain reducing visibility and grip - reduced speed and longer buffer advised
EVT424520,2025-06-19 16:43:40,Local Market Day,J009,Majestic,2607,Weekday,False,Clear,False,0.0,False,False,0.665,High,18.1,50.3,157.9,0.083,0.192,0.986,Moderate traffic flow - standard adaptive signal timing in effect
EVT424521,2025-08-13 13:21:48,Sports Fixture,J040,City Market,17782,Weekday,False,Clear,False,0.0,False,False,0.25,Low,29.6,17.1,199.0,0.159,0.367,0.963,Moderate traffic flow - standard adaptive signal timing in effect
EVT424522,2025-01-13 20:32:02,Political Rally,J012,Koramangala Sony World,12839,Weekday,False,Clear,False,0.0,False,False,0.643,High,21.3,42.9,247.6,0.163,0.376,0.983,Moderate traffic flow - standard adaptive signal timing in effect
EVT424523,2025-12-22 09:02:34,Local Market Day,J009,Majestic,6411,Weekday,False,Clear,False,0.0,False,False,0.967,Severe,10.7,68.9,539.0,0.218,0.504,0.912,Heavy congestion detected - signal timing extended and reroute suggested
EVT424524,2025-10-04 17:47:41,Concert,J023,Basavanagudi,7485,Weekend,False,Heavy Rain,True,47.2,False,False,1.0,Severe,7.2,76.6,392.2,0.146,0.337,0.865,Heavy rain reducing visibility and grip - reduced speed and longer buffer advised
EVT424525,2025-10-01 20:26:32,Local Market Day,J011,Indiranagar 100ft Road,3091,Weekday,False,Fog,False,0.0,False,False,0.57,High,26.1,46.6,97.6,0.083,0.193,0.975,Moderate traffic flow - standard adaptive signal timing in effect
EVT424526,2025-08-11 10:16:53,Political Rally,J040,City Market,8933,Weekday,False,Clear,False,0.0,False,False,0.767,Severe,16.3,57.5,189.0,0.107,0.248,0.954,Heavy congestion detected - signal timing extended and reroute suggested
EVT424527,2025-02-12 08:11:38,Concert,J009,Majestic,9329,Weekday,False,Clear,False,0.0,False,False,0.933,Severe,12.8,64.1,305.4,0.153,0.354,0.91,Heavy congestion detected - signal timing extended and reroute suggested
EVT424528,2026-04-25 10:27:51,Local Market Day,J012,Koramangala Sony World,2506,Weekend,False,Rain,True,13.6,False,False,0.752,Severe,18.7,49.3,239.8,0.156,0.361,0.922,Heavy rain reducing visibility and grip - reduced speed and longer buffer advised
EVT424529,2025-07-11 09:30:22,Sports Fixture,J009,Majestic,24210,Weekday,False,Light Rain,True,6.7,False,False,1.0,Severe,10.7,73.5,578.0,0.241,0.556,0.87,Heavy rain reducing visibility and grip - reduced speed and longer buffer advised
EVT424530,2026-02-03 08:54:12,Local Market Day,J030,MG Road,6735,Weekday,False,Clear,False,0.0,False,False,1.0,Severe,9.2,75.9,636.8,0.256,0.59,0.922,Heavy congestion detected - signal timing extended and reroute suggested
EVT424531,2025-08-29 13:20:12,Concert,J023,Basavanagudi,16502,Weekday,False,Clear,False,0.0,True,False,0.589,High,23.1,41.7,150.1,0.134,0.31,0.805,Accident detected nearby - reroute and reduced speed advised
EVT424532,2025-08-16 17:24:18,Cultural Procession,J031,Cubbon Road,15167,Weekend,True,Clear,False,0.0,False,True,1.0,Severe,8.6,108.1,500.3,0.197,0.455,0.838,Road closure for event/procession - full detour recommended for through-traffic
EVT424533,2026-01-01 08:04:47,Religious Festival,J011,Indiranagar 100ft Road,35767,Weekday,True,Clear,False,0.0,False,True,1.0,Severe,8.2,101.5,505.3,0.155,0.357,0.822,Road closure for event/procession - full detour recommended for through-traffic
EVT424534,2025-06-06 13:41:02,Local Market Day,J030,MG Road,3672,Weekday,False,Rain,True,10.5,False,False,0.237,Low,27.5,15.3,139.4,0.088,0.203,0.915,Light rain detected - minor speed reduction advised
EVT424535,2025-11-11 08:30:13,Local Market Day,J023,Basavanagudi,5950,Weekday,False,Clear,False,0.0,False,False,1.0,Severe,6.3,68.8,584.7,0.171,0.394,0.928,Heavy congestion detected - signal timing extended and reroute suggested
EVT424536,2025-05-08 18:02:22,Local Market Day,J031,Cubbon Road,3740,Weekday,False,Clear,False,0.0,False,False,0.929,Severe,6.8,66.4,689.1,0.16,0.37,0.913,Heavy congestion detected - signal timing extended and reroute suggested
EVT424537,2026-05-13 12:46:47,Local Market Day,J009,Majestic,5529,Weekday,False,Clear,False,0.0,False,False,0.231,Low,29.7,15.4,56.0,0.029,0.067,0.981,Normal free-flow traffic - standard signal timing maintained
EVT424538,2025-06-24 13:53:40,Local Market Day,J020,Malleshwaram Circle,6428,Weekday,False,Clear,False,0.0,False,False,0.214,Low,26.1,18.8,153.5,0.102,0.235,0.955,Normal free-flow traffic - standard signal timing maintained
EVT424539,2026-03-20 08:55:41,Religious Festival,J011,Indiranagar 100ft Road,43093,Weekday,True,Clear,False,0.0,False,True,1.0,Severe,6.6,98.3,1133.5,0.286,0.66,0.825,Road closure for event/procession - full detour recommended for through-traffic
EVT424540,2025-04-10 15:36:28,Local Market Day,J040,City Market,4282,Weekday,False,Rain,True,13.3,False,False,0.545,Moderate,24.7,36.3,221.3,0.184,0.426,0.893,Light rain detected - minor speed reduction advised
EVT424541,2025-12-20 09:44:29,Political Rally,J009,Majestic,18898,Weekend,False,Clear,False,0.0,False,False,0.832,Severe,11.9,52.6,462.9,0.188,0.435,0.982,Heavy congestion detected - signal timing extended and reroute suggested
EVT424542,2026-02-08 07:10:47,Local Market Day,J011,Indiranagar 100ft Road,2024,Weekend,False,Clear,False,0.0,False,False,0.47,Moderate,25.5,31.2,195.4,0.143,0.331,0.974,Moderate traffic flow - standard adaptive signal timing in effect
EVT424543,2025-12-17 21:21:39,Local Market Day,J012,Koramangala Sony World,3840,Weekday,False,Clear,False,0.0,False,False,0.341,Low,32.8,22.9,129.0,0.116,0.267,0.964,Moderate traffic flow - standard adaptive signal timing in effect
EVT424544,2026-03-04 07:22:43,Religious Festival,J011,Indiranagar 100ft Road,44335,Weekday,True,Clear,False,0.0,False,True,1.0,Severe,8.7,96.6,360.6,0.149,0.345,0.84,Road closure for event/procession - full detour recommended for through-traffic
EVT424545,2025-04-13 19:58:00,Local Market Day,J011,Indiranagar 100ft Road,3143,Weekend,False,Clear,False,0.0,False,False,0.638,High,22.3,45.4,198.4,0.139,0.322,0.973,Moderate traffic flow - standard adaptive signal timing in effect
EVT424546,2025-03-09 07:25:32,Local Market Day,J031,Cubbon Road,1935,Weekend,False,Clear,False,0.0,False,False,0.528,Moderate,25.8,35.2,120.6,0.087,0.202,0.972,Moderate traffic flow - standard adaptive signal timing in effect
EVT424547,2025-08-28 15:31:23,Cultural Procession,J030,MG Road,27487,Weekday,True,Heavy Rain,True,42.9,False,True,1.0,Severe,9.0,97.6,476.6,0.19,0.438,0.799,Road closure for event/procession - full detour recommended for through-traffic
EVT424548,2026-05-21 13:17:41,Local Market Day,J011,Indiranagar 100ft Road,4276,Weekday,False,Clear,False,0.0,False,False,0.131,Low,33.6,11.7,117.8,0.073,0.168,0.966,Normal free-flow traffic - standard signal timing maintained
EVT424549,2026-04-04 19:34:24,Sports Fixture,J011,Indiranagar 100ft Road,19909,Weekend,False,Light Rain,True,2.4,False,False,0.917,Severe,13.1,61.5,284.7,0.131,0.304,0.872,Heavy rain reducing visibility and grip - reduced speed and longer buffer advised
EVT424550,2026-03-14 11:44:35,Sports Fixture,J030,MG Road,23750,Weekend,False,Clear,False,0.0,False,False,0.378,Moderate,30.6,28.4,247.0,0.187,0.433,0.938,Moderate traffic flow - standard adaptive signal timing in effect
EVT424551,2026-06-16 08:19:19,Sports Fixture,J020,Malleshwaram Circle,16487,Weekday,False,Clear,False,0.0,False,False,0.998,Severe,8.8,67.2,494.9,0.165,0.381,0.914,Heavy congestion detected - signal timing extended and reroute suggested
EVT424552,2025-10-03 19:45:31,Cultural Procession,J040,City Market,30249,Weekday,True,Clear,False,0.0,False,False,1.0,Severe,8.8,78.6,481.9,0.185,0.428,0.859,Festival crowd surge detected - alternate route and extended cycle recommended
EVT424553,2025-08-12 06:02:15,Local Market Day,J031,Cubbon Road,5016,Weekday,False,Rain,True,21.0,False,False,0.53,Moderate,23.8,36.0,169.8,0.103,0.237,0.92,Light rain detected - minor speed reduction advised
EVT424554,2025-01-06 05:58:09,Local Market Day,J011,Indiranagar 100ft Road,2602,Weekday,False,Clear,False,0.0,False,False,0.249,Low,35.2,15.7,189.8,0.187,0.432,0.984,Normal free-flow traffic - standard signal timing maintained
EVT424555,2025-03-22 08:56:18,Sports Fixture,J020,Malleshwaram Circle,23407,Weekend,False,Clear,False,0.0,False,False,1.0,Severe,9.4,74.0,660.7,0.232,0.537,0.919,Heavy congestion detected - signal timing extended and reroute suggested
EVT424556,2025-06-01 21:00:11,Local Market Day,J012,Koramangala Sony World,4269,Weekend,False,Clear,False,0.0,False,False,0.433,Moderate,25.6,38.6,82.1,0.038,0.088,0.97,Moderate traffic flow - standard adaptive signal timing in effect
EVT424557,2025-10-09 13:27:37,Concert,J040,City Market,10755,Weekday,False,Clear,False,0.0,False,False,0.217,Low,38.2,21.1,170.7,0.152,0.352,0.971,Normal free-flow traffic - standard signal timing maintained
EVT424558,2026-03-23 09:07:19,Trade Fair,J030,MG Road,13582,Weekday,False,Clear,False,0.0,False,False,1.0,Severe,8.3,72.2,682.9,0.229,0.528,0.921,Heavy congestion detected - signal timing extended and reroute suggested
EVT424559,2026-01-05 18:32:45,Trade Fair,J023,Basavanagudi,9171,Weekday,False,Clear,False,0.0,False,False,1.0,Severe,7.7,77.9,858.1,0.285,0.659,0.889,Heavy congestion detected - signal timing extended and reroute suggested
EVT424560,2025-04-22 17:35:15,Sports Fixture,J030,MG Road,15973,Weekday,False,Clear,False,0.0,False,False,0.933,Severe,12.5,67.2,574.4,0.252,0.582,0.903,Heavy congestion detected - signal timing extended and reroute suggested
EVT424561,2025-10-15 15:47:59,Sports Fixture,J012,Koramangala Sony World,29030,Weekday,False,Clear,False,0.0,False,False,0.564,High,21.4,38.7,264.5,0.176,0.406,0.953,Moderate traffic flow - standard adaptive signal timing in effect
EVT424562,2026-05-23 13:37:26,Concert,J040,City Market,9671,Weekend,False,Clear,False,0.0,False,False,0.252,Low,21.1,19.6,231.1,0.128,0.296,0.983,Moderate traffic flow - standard adaptive signal timing in effect
EVT424563,2025-10-20 08:41:49,Religious Festival,J023,Basavanagudi,36543,Weekday,True,Rain,True,17.1,False,False,1.0,Severe,9.2,67.9,534.0,0.21,0.486,0.788,Festival crowd surge detected - alternate route and extended cycle recommended
EVT424564,2025-09-05 06:34:39,Religious Festival,J009,Majestic,43216,Weekday,True,Clear,False,0.0,False,False,0.807,Severe,17.0,49.5,111.1,0.082,0.188,0.855,Festival crowd surge detected - alternate route and extended cycle recommended
EVT424565,2025-05-11 10:47:57,Trade Fair,J040,City Market,11433,Weekend,False,Rain,True,10.8,False,False,0.681,High,19.8,53.7,204.0,0.12,0.277,0.921,Heavy rain reducing visibility and grip - reduced speed and longer buffer advised
EVT424566,2025-11-04 10:01:44,Sports Fixture,J011,Indiranagar 100ft Road,9111,Weekday,False,Clear,False,0.0,False,False,0.916,Severe,12.6,71.2,416.1,0.19,0.438,0.952,Heavy congestion detected - signal timing extended and reroute suggested
EVT424567,2026-03-10 14:40:27,Local Market Day,J012,Koramangala Sony World,5711,Weekday,False,Clear,False,0.0,False,False,0.206,Low,31.8,15.6,148.9,0.151,0.348,0.972,Normal free-flow traffic - standard signal timing maintained
EVT424568,2025-08-27 10:03:38,Cultural Procession,J009,Majestic,9448,Weekday,True,Heavy Rain,True,78.4,True,True,1.0,Severe,7.8,94.0,733.1,0.243,0.561,0.626,Road closure for event/procession - full detour recommended for through-traffic
EVT424569,2026-04-13 09:56:10,Concert,J031,Cubbon Road,10866,Weekday,False,Clear,False,0.0,False,False,0.886,Severe,13.5,70.6,426.0,0.214,0.494,0.961,Heavy congestion detected - signal timing extended and reroute suggested
EVT424570,2025-04-09 18:54:05,Sports Fixture,J023,Basavanagudi,30472,Weekday,False,Clear,False,0.0,False,False,1.0,Severe,8.7,70.7,815.9,0.279,0.645,0.938,Heavy congestion detected - signal timing extended and reroute suggested
EVT424571,2025-10-28 17:47:35,Sports Fixture,J040,City Market,26924,Weekday,False,Clear,False,0.0,False,False,1.0,Severe,6.9,70.2,840.5,0.237,0.548,0.918,Heavy congestion detected - signal timing extended and reroute suggested
EVT424572,2025-04-13 13:33:24,Sports Fixture,J030,MG Road,23691,Weekend,False,Clear,False,0.0,False,False,0.385,Moderate,33.2,20.3,207.0,0.191,0.442,0.965,Moderate traffic flow - standard adaptive signal timing in effect
EVT424573,2025-02-03 16:45:02,Political Rally,J040,City Market,24391,Weekday,False,Clear,False,0.0,False,False,0.757,Severe,18.0,58.7,356.1,0.227,0.524,0.99,Heavy congestion detected - signal timing extended and reroute suggested
EVT424574,2026-05-22 16:20:34,Concert,J012,Koramangala Sony World,12640,Weekday,False,Rain,True,8.5,False,False,0.685,High,21.8,53.0,156.1,0.104,0.241,0.904,Heavy rain reducing visibility and grip - reduced speed and longer buffer advised
EVT424575,2025-12-09 17:57:41,Trade Fair,J040,City Market,3607,Weekday,False,Clear,False,0.0,False,False,0.998,Severe,9.2,71.6,480.8,0.179,0.414,0.909,Heavy congestion detected - signal timing extended and reroute suggested
EVT424576,2025-02-26 03:25:52,Trade Fair,J011,Indiranagar 100ft Road,21354,Weekday,False,Clear,False,0.0,False,False,0.23,Low,36.1,21.2,170.4,0.156,0.361,0.948,Normal free-flow traffic - standard signal timing maintained
EVT424577,2025-02-27 09:30:31,Sports Fixture,J030,MG Road,11259,Weekday,False,Clear,False,0.0,False,False,0.958,Severe,12.3,68.4,582.0,0.268,0.618,0.903,Heavy congestion detected - signal timing extended and reroute suggested
EVT424578,2025-01-24 12:36:29,Trade Fair,J031,Cubbon Road,9365,Weekday,False,Clear,False,0.0,False,False,0.26,Low,32.9,19.9,172.0,0.131,0.302,0.976,Moderate traffic flow - standard adaptive signal timing in effect
EVT424579,2025-05-09 16:28:08,Local Market Day,J011,Indiranagar 100ft Road,5467,Weekday,False,Clear,False,0.0,False,False,0.515,Moderate,24.6,34.9,139.8,0.11,0.255,0.966,Moderate traffic flow - standard adaptive signal timing in effect
EVT424580,2025-12-11 16:51:13,Concert,J012,Koramangala Sony World,6466,Weekday,False,Clear,False,0.0,False,False,0.694,High,17.1,46.3,370.8,0.204,0.471,0.973,Moderate traffic flow - standard adaptive signal timing in effect
EVT424581,2026-06-18 19:19:33,Local Market Day,J031,Cubbon Road,4774,Weekday,False,Clear,False,0.0,False,False,0.953,Severe,10.4,67.6,631.6,0.251,0.58,0.918,Heavy congestion detected - signal timing extended and reroute suggested
EVT424582,2026-03-22 18:17:10,Sports Fixture,J011,Indiranagar 100ft Road,43503,Weekend,False,Clear,False,0.0,False,False,1.0,Severe,8.1,78.4,207.9,0.088,0.203,0.958,Heavy congestion detected - signal timing extended and reroute suggested
EVT424583,2025-09-24 19:44:49,Trade Fair,J030,MG Road,12501,Weekday,False,Heavy Rain,True,29.6,False,False,1.0,Severe,7.1,75.4,437.1,0.149,0.345,0.874,Heavy rain reducing visibility and grip - reduced speed and longer buffer advised
EVT424584,2025-04-11 07:01:19,Local Market Day,J020,Malleshwaram Circle,2349,Weekday,False,Clear,False,0.0,False,False,0.519,Moderate,25.8,38.9,174.3,0.157,0.363,0.96,Moderate traffic flow - standard adaptive signal timing in effect
EVT424585,2025-11-07 22:24:38,Sports Fixture,J009,Majestic,25669,Weekday,False,Clear,False,0.0,False,False,0.36,Moderate,31.6,22.7,114.3,0.111,0.257,0.955,Moderate traffic flow - standard adaptive signal timing in effect
EVT424586,2025-02-22 17:37:14,Concert,J030,MG Road,16285,Weekend,False,Clear,False,0.0,False,False,0.78,Severe,13.1,58.3,518.8,0.223,0.515,0.939,Heavy congestion detected - signal timing extended and reroute suggested
EVT424587,2026-06-29 16:38:58,Concert,J030,MG Road,7895,Weekday,False,Clear,False,0.0,True,False,0.967,Severe,8.9,64.7,629.3,0.22,0.508,0.769,Accident detected nearby - reroute and reduced speed advised
EVT424588,2025-12-10 08:57:46,Local Market Day,J012,Koramangala Sony World,3533,Weekday,False,Clear,False,0.0,False,False,0.985,Severe,8.2,67.9,495.4,0.171,0.395,0.911,Heavy congestion detected - signal timing extended and reroute suggested
EVT424589,2026-05-04 06:18:06,Political Rally,J040,City Market,25517,Weekday,False,Rain,True,14.2,False,False,0.541,Moderate,23.3,40.0,165.1,0.123,0.284,0.932,Light rain detected - minor speed reduction advised
EVT424590,2025-02-13 13:57:05,Sports Fixture,J031,Cubbon Road,17324,Weekday,False,Clear,False,0.0,False,False,0.278,Low,26.6,20.4,159.3,0.117,0.269,0.946,Moderate traffic flow - standard adaptive signal timing in effect
EVT424591,2025-01-14 08:12:19,Cultural Procession,J009,Majestic,12410,Weekday,True,Light Rain,True,1.7,True,False,1.0,Severe,9.4,69.2,356.5,0.144,0.332,0.65,Accident detected nearby - reroute and reduced speed advised
EVT424592,2025-08-01 11:05:45,Concert,J030,MG Road,15126,Weekday,False,Rain,True,12.4,False,False,0.553,High,19.2,40.8,134.6,0.068,0.157,0.913,Heavy rain reducing visibility and grip - reduced speed and longer buffer advised
EVT424593,2026-01-10 15:58:19,Sports Fixture,J012,Koramangala Sony World,14944,Weekend,False,Clear,False,0.0,False,False,0.501,Moderate,24.8,34.6,262.3,0.181,0.417,0.948,Moderate traffic flow - standard adaptive signal timing in effect
EVT424594,2026-03-04 19:06:38,Cultural Procession,J020,Malleshwaram Circle,25312,Weekday,True,Clear,False,0.0,False,False,1.0,Severe,9.4,69.4,347.4,0.144,0.332,0.846,Festival crowd surge detected - alternate route and extended cycle recommended
EVT424595,2025-05-13 16:13:32,Sports Fixture,J020,Malleshwaram Circle,42319,Weekday,False,Clear,False,0.0,False,False,0.727,High,19.1,46.1,243.7,0.155,0.359,0.961,Moderate traffic flow - standard adaptive signal timing in effect
EVT424596,2026-01-12 09:53:02,Political Rally,J009,Majestic,19316,Weekday,False,Clear,False,0.0,False,False,1.0,Severe,9.7,78.0,479.4,0.203,0.47,0.921,Heavy congestion detected - signal timing extended and reroute suggested
EVT424597,2026-01-15 05:41:53,Cultural Procession,J009,Majestic,32824,Weekday,True,Clear,False,0.0,False,True,0.684,Moderate,14.6,70.5,400.6,0.205,0.473,0.907,Road closure for event/procession - full detour recommended for through-traffic
EVT424598,2026-04-29 14:43:41,Local Market Day,J031,Cubbon Road,3011,Weekday,False,Clear,False,0.0,False,False,0.201,Low,34.1,16.7,145.0,0.1,0.231,0.936,Normal free-flow traffic - standard signal timing maintained
EVT424599,2026-02-25 19:50:41,Local Market Day,J011,Indiranagar 100ft Road,3875,Weekday,False,Clear,False,0.0,False,False,0.805,Severe,16.6,52.1,344.4,0.202,0.466,0.975,Heavy congestion detected - signal timing extended and reroute suggested
EVT424600,2025-05-11 17:44:58,Political Rally,J012,Koramangala Sony World,11391,Weekend,False,Clear,False,0.0,False,False,0.814,Severe,13.2,57.6,288.0,0.156,0.359,0.949,Heavy congestion detected - signal timing extended and reroute suggested
EVT424601,2026-04-22 16:30:51,Political Rally,J020,Malleshwaram Circle,6217,Weekday,False,Clear,False,0.0,False,False,0.622,High,19.2,43.5,230.6,0.152,0.352,0.959,Moderate traffic flow - standard adaptive signal timing in effect
EVT424602,2025-05-11 13:31:48,Concert,J012,Koramangala Sony World,12273,Weekend,False,Clear,False,0.0,False,False,0.294,Low,31.8,21.1,139.4,0.093,0.215,0.943,Moderate traffic flow - standard adaptive signal timing in effect
EVT424603,2026-03-21 02:58:18,Trade Fair,J009,Majestic,14033,Weekend,False,Clear,False,0.0,False,False,0.271,Low,40.6,23.2,137.9,0.135,0.313,0.942,Moderate traffic flow - standard adaptive signal timing in effect
EVT424604,2026-06-09 21:07:32,Local Market Day,J023,Basavanagudi,3898,Weekday,False,Heavy Rain,True,42.6,False,False,0.725,High,17.8,49.6,253.2,0.162,0.374,0.925,Heavy rain reducing visibility and grip - reduced speed and longer buffer advised
EVT424605,2026-05-31 06:25:59,Trade Fair,J023,Basavanagudi,15451,Weekend,False,Clear,False,0.0,False,False,0.536,Moderate,18.6,38.8,212.2,0.116,0.267,0.963,Moderate traffic flow - standard adaptive signal timing in effect
EVT424606,2026-05-10 17:10:10,Trade Fair,J009,Majestic,17854,Weekend,False,Clear,False,0.0,False,False,0.763,Severe,16.1,56.7,424.3,0.232,0.536,0.967,Heavy congestion detected - signal timing extended and reroute suggested
EVT424607,2025-12-14 15:27:28,Local Market Day,J009,Majestic,3388,Weekend,False,Clear,False,0.0,False,False,0.295,Low,29.2,16.9,137.8,0.115,0.266,0.943,Moderate traffic flow - standard adaptive signal timing in effect
EVT424608,2026-04-20 08:30:56,Political Rally,J040,City Market,10829,Weekday,False,Clear,False,0.0,False,False,1.0,Severe,10.2,73.6,470.4,0.206,0.476,0.906,Heavy congestion detected - signal timing extended and reroute suggested
EVT424609,2026-04-26 17:47:52,Local Market Day,J011,Indiranagar 100ft Road,4747,Weekend,False,Light Rain,True,1.3,False,False,0.915,Severe,11.5,72.2,241.0,0.116,0.268,0.87,Heavy rain reducing visibility and grip - reduced speed and longer buffer advised
EVT424610,2025-01-03 06:10:30,Concert,J012,Koramangala Sony World,13979,Weekday,False,Clear,False,0.0,False,False,0.372,Moderate,25.2,28.7,264.3,0.177,0.409,0.95,Moderate traffic flow - standard adaptive signal timing in effect
EVT424611,2026-02-26 19:18:46,Local Market Day,J012,Koramangala Sony World,4297,Weekday,False,Clear,False,0.0,False,False,0.86,Severe,16.1,61.9,218.6,0.131,0.303,0.946,Heavy congestion detected - signal timing extended and reroute suggested
EVT424612,2025-01-28 09:32:42,Local Market Day,J040,City Market,5639,Weekday,False,Clear,False,0.0,False,False,0.954,Severe,11.0,66.0,323.5,0.137,0.316,0.94,Heavy congestion detected - signal timing extended and reroute suggested
EVT424613,2026-01-19 19:45:31,Local Market Day,J011,Indiranagar 100ft Road,1880,Weekday,False,Clear,False,0.0,False,False,0.798,Severe,16.1,62.9,389.6,0.231,0.534,0.955,Heavy congestion detected - signal timing extended and reroute suggested
EVT424614,2026-06-25 16:56:53,Local Market Day,J031,Cubbon Road,3381,Weekday,False,Rain,True,20.9,False,False,1.0,Severe,7.0,67.4,507.2,0.155,0.357,0.861,Heavy rain reducing visibility and grip - reduced speed and longer buffer advised
EVT424615,2025-08-02 17:29:00,Sports Fixture,J011,Indiranagar 100ft Road,46493,Weekend,False,Clear,False,0.0,False,False,0.955,Severe,10.2,70.2,349.5,0.141,0.325,0.947,Heavy congestion detected - signal timing extended and reroute suggested
EVT424616,2025-06-04 17:39:14,Sports Fixture,J012,Koramangala Sony World,34936,Weekday,False,Heavy Rain,True,46.8,False,False,1.0,Severe,6.0,71.6,649.6,0.148,0.341,0.867,Heavy rain reducing visibility and grip - reduced speed and longer buffer advised
EVT424617,2025-12-28 10:08:58,Concert,J009,Majestic,21218,Weekend,False,Clear,False,0.0,False,False,0.649,High,17.2,47.6,159.1,0.087,0.2,0.954,Moderate traffic flow - standard adaptive signal timing in effect
EVT424618,2026-02-19 16:33:06,Trade Fair,J011,Indiranagar 100ft Road,8664,Weekday,False,Fog,False,0.0,False,False,0.538,Moderate,22.9,34.1,138.1,0.113,0.261,0.967,Moderate traffic flow - standard adaptive signal timing in effect
EVT424619,2025-06-14 21:00:31,Local Market Day,J011,Indiranagar 100ft Road,6696,Weekend,False,Rain,True,20.5,False,False,0.645,High,20.7,47.1,245.4,0.152,0.35,0.921,Heavy rain reducing visibility and grip - reduced speed and longer buffer advised
EVT424620,2025-09-04 17:47:12,Concert,J031,Cubbon Road,12314,Weekday,False,Clear,False,0.0,False,False,0.99,Severe,8.2,71.9,531.1,0.168,0.387,0.917,Heavy congestion detected - signal timing extended and reroute suggested
EVT424621,2026-06-28 21:23:13,Trade Fair,J040,City Market,8036,Weekend,False,Clear,False,0.0,False,False,0.352,Moderate,25.8,23.8,275.3,0.176,0.406,0.966,Moderate traffic flow - standard adaptive signal timing in effect
EVT424622,2025-11-28 14:57:27,Concert,J012,Koramangala Sony World,12701,Weekday,False,Clear,False,0.0,False,False,0.313,Low,21.6,25.9,229.8,0.131,0.303,0.974,Moderate traffic flow - standard adaptive signal timing in effect
EVT424623,2026-02-11 21:14:03,Concert,J023,Basavanagudi,7543,Weekday,False,Clear,False,0.0,False,False,0.33,Low,29.2,18.6,154.2,0.115,0.265,0.965,Moderate traffic flow - standard adaptive signal timing in effect
EVT424624,2025-11-16 17:19:45,Trade Fair,J031,Cubbon Road,12355,Weekend,False,Clear,False,0.0,False,False,0.768,Severe,15.8,56.0,335.6,0.178,0.41,0.965,Heavy congestion detected - signal timing extended and reroute suggested
EVT424625,2026-05-30 17:41:25,Sports Fixture,J040,City Market,31472,Weekend,False,Fog,False,0.0,False,False,0.959,Severe,10.9,66.6,456.2,0.183,0.423,0.933,Heavy congestion detected - signal timing extended and reroute suggested
EVT424626,2026-03-20 20:03:35,Religious Festival,J011,Indiranagar 100ft Road,38501,Weekday,True,Fog,False,0.0,False,True,1.0,Severe,8.3,101.2,531.7,0.204,0.472,0.827,Road closure for event/procession - full detour recommended for through-traffic
EVT424627,2025-11-27 21:19:20,Sports Fixture,J030,MG Road,21558,Weekday,False,Clear,False,0.0,False,False,0.453,Moderate,31.4,37.3,112.9,0.089,0.205,0.938,Moderate traffic flow - standard adaptive signal timing in effect
EVT424628,2025-04-05 21:09:03,Local Market Day,J040,City Market,8004,Weekend,False,Clear,False,0.0,False,False,0.38,Moderate,39.5,22.5,145.8,0.141,0.326,0.963,Moderate traffic flow - standard adaptive signal timing in effect
EVT424629,2026-05-06 00:19:46,Political Rally,J040,City Market,12846,Weekday,False,Clear,False,0.0,False,False,0.203,Low,32.3,14.2,138.0,0.136,0.313,0.944,Normal free-flow traffic - standard signal timing maintained
EVT424630,2026-04-21 08:20:02,Political Rally,J031,Cubbon Road,16228,Weekday,False,Rain,True,15.2,False,False,1.0,Severe,7.3,69.2,692.0,0.205,0.474,0.859,Heavy rain reducing visibility and grip - reduced speed and longer buffer advised
EVT424631,2025-05-08 11:50:38,Sports Fixture,J031,Cubbon Road,36598,Weekday,False,Clear,False,0.0,False,False,0.384,Moderate,22.2,26.4,221.7,0.134,0.31,0.979,Moderate traffic flow - standard adaptive signal timing in effect
EVT424632,2025-02-09 13:04:36,Trade Fair,J011,Indiranagar 100ft Road,13627,Weekend,False,Clear,False,0.0,False,False,0.294,Low,34.2,19.9,154.4,0.139,0.32,0.962,Moderate traffic flow - standard adaptive signal timing in effect
EVT424633,2026-01-23 12:50:39,Local Market Day,J031,Cubbon Road,2918,Weekday,False,Clear,False,0.0,False,False,0.2,Low,39.2,14.3,176.7,0.176,0.406,0.959,Normal free-flow traffic - standard signal timing maintained
EVT424634,2025-12-28 07:51:36,Local Market Day,J030,MG Road,2513,Weekend,False,Clear,False,0.0,False,False,0.71,High,19.7,56.2,285.8,0.172,0.397,0.967,Moderate traffic flow - standard adaptive signal timing in effect
EVT424635,2025-05-08 09:51:04,Concert,J040,City Market,13411,Weekday,False,Light Rain,True,5.0,False,False,1.0,Severe,7.6,70.4,669.1,0.2,0.462,0.888,Heavy rain reducing visibility and grip - reduced speed and longer buffer advised
EVT424636,2025-03-09 17:29:35,Concert,J040,City Market,11775,Weekend,False,Clear,False,0.0,False,False,0.807,Severe,13.9,57.4,500.3,0.242,0.559,0.936,Heavy congestion detected - signal timing extended and reroute suggested
EVT424637,2026-05-19 07:08:44,Sports Fixture,J040,City Market,13529,Weekday,False,Clear,False,0.0,False,False,0.499,Moderate,26.7,37.0,243.2,0.182,0.42,0.964,Moderate traffic flow - standard adaptive signal timing in effect
EVT424638,2025-02-28 21:04:11,Political Rally,J031,Cubbon Road,6160,Weekday,False,Clear,False,0.0,False,False,0.385,Moderate,22.5,21.2,211.6,0.143,0.331,0.954,Moderate traffic flow - standard adaptive signal timing in effect
EVT424639,2025-12-29 19:37:10,Concert,J012,Koramangala Sony World,12404,Weekday,False,Clear,False,0.0,False,False,0.861,Severe,14.2,58.7,467.7,0.235,0.542,0.943,Heavy congestion detected - signal timing extended and reroute suggested
EVT424640,2026-05-14 17:49:51,Political Rally,J011,Indiranagar 100ft Road,18879,Weekday,False,Clear,False,0.0,False,False,1.0,Severe,11.2,71.6,208.9,0.089,0.206,0.917,Heavy congestion detected - signal timing extended and reroute suggested
EVT424641,2026-06-06 22:50:50,Concert,J020,Malleshwaram Circle,9470,Weekend,False,Fog,False,0.0,False,False,0.329,Low,20.3,25.9,298.0,0.174,0.401,0.976,Moderate traffic flow - standard adaptive signal timing in effect
EVT424642,2025-03-04 12:25:48,Sports Fixture,J020,Malleshwaram Circle,20753,Weekday,False,Clear,False,0.0,False,False,0.28,Low,32.6,24.2,97.3,0.094,0.217,0.972,Moderate traffic flow - standard adaptive signal timing in effect
EVT424643,2025-10-28 05:43:32,Local Market Day,J012,Koramangala Sony World,6548,Weekday,False,Rain,True,15.1,False,False,0.417,Moderate,24.1,28.6,209.9,0.153,0.355,0.907,Light rain detected - minor speed reduction advised
EVT424644,2026-01-28 16:33:49,Political Rally,J020,Malleshwaram Circle,12803,Weekday,False,Clear,False,0.0,False,False,0.65,High,25.9,48.4,154.0,0.113,0.261,0.949,Moderate traffic flow - standard adaptive signal timing in effect
EVT424645,2026-06-10 11:29:44,Sports Fixture,J009,Majestic,20406,Weekday,False,Rain,True,15.2,False,False,0.663,High,18.4,46.0,289.5,0.178,0.41,0.919,Heavy rain reducing visibility and grip - reduced speed and longer buffer advised
EVT424646,2025-02-28 09:18:48,Trade Fair,J040,City Market,5488,Weekday,False,Clear,False,0.0,False,False,0.991,Severe,9.1,71.1,507.9,0.191,0.441,0.926,Heavy congestion detected - signal timing extended and reroute suggested
EVT424647,2025-04-10 05:17:32,Local Market Day,J030,MG Road,3960,Weekday,False,Clear,False,0.0,False,False,0.097,Low,32.4,2.0,169.6,0.132,0.305,0.963,Normal free-flow traffic - standard signal timing maintained
EVT424648,2025-04-19 14:29:47,Sports Fixture,J009,Majestic,21077,Weekend,False,Clear,False,0.0,False,False,0.3,Low,37.5,26.4,108.1,0.113,0.261,0.946,Moderate traffic flow - standard adaptive signal timing in effect
EVT424649,2025-07-16 21:35:50,Trade Fair,J009,Majestic,8408,Weekday,False,Clear,False,0.0,False,False,0.409,Moderate,28.3,25.6,115.6,0.09,0.208,0.951,Moderate traffic flow - standard adaptive signal timing in effect
EVT424650,2025-12-16 17:52:24,Sports Fixture,J030,MG Road,18542,Weekday,False,Light Rain,True,2.8,False,False,1.0,Severe,7.2,70.4,398.3,0.117,0.27,0.868,Heavy rain reducing visibility and grip - reduced speed and longer buffer advised
EVT424651,2025-10-21 08:22:53,Religious Festival,J009,Majestic,31173,Weekday,True,Clear,False,0.0,False,True,1.0,Severe,8.6,101.9,287.2,0.122,0.282,0.817,Road closure for event/procession - full detour recommended for through-traffic
EVT424652,2025-12-13 13:00:58,Political Rally,J012,Koramangala Sony World,25103,Weekend,False,Clear,False,0.0,False,False,0.337,Low,29.4,25.1,154.4,0.124,0.288,0.99,Moderate traffic flow - standard adaptive signal timing in effect
EVT424653,2026-04-15 18:12:04,Fireworks Display,J031,Cubbon Road,35443,Weekday,True,Clear,False,0.0,False,False,1.0,Severe,9.4,71.5,440.8,0.155,0.357,0.892,Festival crowd surge detected - alternate route and extended cycle recommended
EVT424654,2025-12-24 15:50:46,Local Market Day,J040,City Market,2289,Weekday,False,Clear,False,0.0,False,False,0.408,Moderate,28.2,31.1,126.3,0.109,0.252,0.952,Moderate traffic flow - standard adaptive signal timing in effect
EVT424655,2026-01-11 11:35:34,Concert,J031,Cubbon Road,7557,Weekend,False,Clear,False,0.0,False,False,0.395,Moderate,25.7,29.5,231.5,0.167,0.385,0.985,Moderate traffic flow - standard adaptive signal timing in effect
EVT424656,2025-09-24 11:37:43,Trade Fair,J011,Indiranagar 100ft Road,10410,Weekday,False,Clear,False,0.0,False,False,0.358,Moderate,23.5,29.5,287.0,0.208,0.48,0.962,Moderate traffic flow - standard adaptive signal timing in effect
EVT424657,2025-07-27 12:54:51,Local Market Day,J020,Malleshwaram Circle,2063,Weekend,False,Rain,True,16.4,False,False,0.48,Moderate,27.8,33.7,263.6,0.204,0.47,0.931,Light rain detected - minor speed reduction advised
EVT424658,2026-03-04 17:46:28,Cultural Procession,J009,Majestic,19519,Weekday,True,Clear,False,0.0,False,True,1.0,Severe,10.5,96.8,456.0,0.182,0.421,0.861,Road closure for event/procession - full detour recommended for through-traffic
EVT424659,2025-04-02 13:42:53,Concert,J011,Indiranagar 100ft Road,9578,Weekday,False,Clear,False,0.0,False,False,0.181,Low,32.6,10.6,142.0,0.135,0.311,0.959,Normal free-flow traffic - standard signal timing maintained
EVT424660,2026-01-23 11:28:02,Sports Fixture,J011,Indiranagar 100ft Road,10920,Weekday,False,Clear,False,0.0,False,False,0.418,Moderate,25.1,30.7,188.9,0.133,0.307,0.983,Moderate traffic flow - standard adaptive signal timing in effect
EVT424661,2026-01-02 16:12:24,Religious Festival,J040,City Market,74431,Weekday,True,Clear,False,0.0,False,True,1.0,Severe,8.4,98.5,269.7,0.116,0.268,0.843,Road closure for event/procession - full detour recommended for through-traffic
EVT424662,2026-03-14 09:40:10,Local Market Day,J023,Basavanagudi,2774,Weekend,False,Clear,False,0.0,False,False,0.728,High,16.8,53.2,137.0,0.103,0.237,0.96,Moderate traffic flow - standard adaptive signal timing in effect
EVT424663,2026-04-16 16:20:46,Trade Fair,J031,Cubbon Road,5460,Weekday,False,Light Rain,True,6.5,False,False,0.651,High,22.0,45.5,237.6,0.158,0.364,0.916,Heavy rain reducing visibility and grip - reduced speed and longer buffer advised
EVT424664,2025-07-12 19:17:09,Trade Fair,J040,City Market,15935,Weekend,False,Light Rain,True,3.9,False,False,0.913,Severe,10.2,61.2,178.0,0.089,0.205,0.877,Heavy rain reducing visibility and grip - reduced speed and longer buffer advised
EVT424665,2025-02-26 22:11:36,Local Market Day,J040,City Market,7079,Weekday,False,Clear,False,0.0,False,False,0.278,Low,35.3,17.4,196.9,0.192,0.443,0.981,Moderate traffic flow - standard adaptive signal timing in effect
EVT424666,2025-11-26 15:48:36,Local Market Day,J040,City Market,4264,Weekday,False,Light Rain,True,2.1,False,False,0.376,Moderate,31.8,23.3,57.7,0.051,0.119,0.911,Light rain detected - minor speed reduction advised
EVT424667,2025-02-02 16:32:14,Political Rally,J020,Malleshwaram Circle,6870,Weekend,False,Clear,False,0.0,False,False,0.638,High,21.4,48.7,163.1,0.092,0.213,0.986,Moderate traffic flow - standard adaptive signal timing in effect
EVT424668,2025-11-23 08:06:22,Concert,J031,Cubbon Road,14453,Weekend,False,Clear,False,0.0,False,False,0.823,Severe,15.5,57.2,172.3,0.084,0.193,0.945,Heavy congestion detected - signal timing extended and reroute suggested
EVT424669,2025-03-15 00:03:02,Religious Festival,J011,Indiranagar 100ft Road,44308,Weekend,True,Clear,False,0.0,False,False,0.692,High,20.4,45.7,244.8,0.141,0.326,0.922,Festival crowd surge detected - alternate route and extended cycle recommended
EVT424670,2026-03-13 16:58:13,Local Market Day,J023,Basavanagudi,3815,Weekday,False,Clear,False,0.0,False,False,0.697,High,14.2,52.0,147.7,0.085,0.197,0.961,Moderate traffic flow - standard adaptive signal timing in effect
EVT424671,2025-04-30 08:43:50,Sports Fixture,J020,Malleshwaram Circle,17546,Weekday,False,Clear,False,0.0,False,False,1.0,Severe,9.3,73.3,410.3,0.161,0.372,0.919,Heavy congestion detected - signal timing extended and reroute suggested
EVT424672,2025-11-13 09:06:54,Trade Fair,J040,City Market,4705,Weekday,False,Clear,False,0.0,False,False,1.0,Severe,10.6,65.0,497.9,0.22,0.509,0.918,Heavy congestion detected - signal timing extended and reroute suggested
EVT424673,2026-05-23 18:30:28,Sports Fixture,J023,Basavanagudi,17674,Weekend,False,Clear,False,0.0,False,False,0.933,Severe,12.5,66.5,254.6,0.132,0.306,0.916,Heavy congestion detected - signal timing extended and reroute suggested
EVT424674,2025-11-20 18:59:18,Concert,J012,Koramangala Sony World,12354,Weekday,False,Clear,False,0.0,False,False,1.0,Severe,9.9,73.0,182.6,0.101,0.234,0.908,Heavy congestion detected - signal timing extended and reroute suggested
EVT424675,2025-07-01 13:45:33,Local Market Day,J012,Koramangala Sony World,3480,Weekday,False,Clear,False,0.0,False,False,0.245,Low,28.1,16.1,139.0,0.111,0.255,0.99,Normal free-flow traffic - standard signal timing maintained
EVT424676,2025-04-05 08:38:24,Local Market Day,J030,MG Road,3567,Weekend,False,Rain,True,9.9,False,False,0.997,Severe,8.1,72.2,435.4,0.138,0.319,0.881,Heavy rain reducing visibility and grip - reduced speed and longer buffer advised
EVT424677,2025-10-17 08:47:39,Concert,J030,MG Road,8295,Weekday,False,Rain,True,20.8,False,False,1.0,Severe,7.0,70.9,422.3,0.122,0.282,0.875,Heavy rain reducing visibility and grip - reduced speed and longer buffer advised
EVT424678,2025-05-20 19:52:19,Local Market Day,J012,Koramangala Sony World,5551,Weekday,False,Clear,False,0.0,False,False,0.778,Severe,14.8,52.6,249.9,0.134,0.309,0.975,Heavy congestion detected - signal timing extended and reroute suggested
EVT424679,2025-05-17 08:24:33,Local Market Day,J011,Indiranagar 100ft Road,5150,Weekend,False,Clear,False,0.0,False,False,0.812,Severe,14.6,56.2,393.6,0.209,0.482,0.962,Heavy congestion detected - signal timing extended and reroute suggested
EVT424680,2026-03-13 12:39:53,Sports Fixture,J040,City Market,17684,Weekday,False,Clear,False,0.0,False,False,0.359,Moderate,30.6,28.4,75.4,0.068,0.157,0.96,Moderate traffic flow - standard adaptive signal timing in effect
EVT424681,2026-01-28 10:18:36,Local Market Day,J009,Majestic,6550,Weekday,False,Clear,False,0.0,False,False,0.699,High,19.9,52.3,207.3,0.121,0.28,0.955,Moderate traffic flow - standard adaptive signal timing in effect
EVT424682,2025-12-07 15:26:07,Sports Fixture,J030,MG Road,9200,Weekend,False,Clear,False,0.0,False,False,0.386,Moderate,22.0,33.0,236.2,0.133,0.307,0.959,Moderate traffic flow - standard adaptive signal timing in effect
EVT424683,2026-02-27 07:29:55,Trade Fair,J012,Koramangala Sony World,11348,Weekday,False,Clear,False,0.0,False,False,0.702,High,21.4,51.1,128.6,0.088,0.203,0.952,Moderate traffic flow - standard adaptive signal timing in effect
EVT424684,2025-12-15 13:50:42,Concert,J030,MG Road,27463,Weekday,False,Clear,False,0.0,False,False,0.317,Low,31.3,25.1,187.1,0.146,0.338,0.944,Moderate traffic flow - standard adaptive signal timing in effect
EVT424685,2025-09-24 19:31:10,Sports Fixture,J030,MG Road,31199,Weekday,False,Clear,False,0.0,False,False,1.0,Severe,8.0,75.7,244.2,0.087,0.202,0.914,Heavy congestion detected - signal timing extended and reroute suggested
EVT424686,2025-09-27 18:50:25,Sports Fixture,J040,City Market,40479,Weekend,False,Clear,False,0.0,False,False,1.0,Severe,8.6,67.4,414.3,0.165,0.381,0.94,Heavy congestion detected - signal timing extended and reroute suggested
EVT424687,2025-09-30 08:53:34,Local Market Day,J020,Malleshwaram Circle,3569,Weekday,False,Heavy Rain,True,39.3,False,False,1.0,Severe,10.9,76.9,380.4,0.16,0.37,0.859,Heavy rain reducing visibility and grip - reduced speed and longer buffer advised
EVT424688,2025-09-07 15:20:38,Concert,J023,Basavanagudi,9408,Weekend,False,Clear,False,0.0,False,False,0.41,Moderate,24.5,28.7,153.5,0.116,0.267,0.95,Moderate traffic flow - standard adaptive signal timing in effect
EVT424689,2025-12-18 10:44:00,Local Market Day,J012,Koramangala Sony World,3149,Weekday,False,Clear,False,0.0,False,False,0.477,Moderate,24.8,40.1,203.2,0.146,0.338,0.977,Moderate traffic flow - standard adaptive signal timing in effect
EVT424690,2025-06-22 03:57:45,Political Rally,J040,City Market,32776,Weekend,False,Clear,False,0.0,False,False,0.383,Moderate,28.8,22.3,171.4,0.146,0.337,0.971,Moderate traffic flow - standard adaptive signal timing in effect
EVT424691,2026-02-11 09:39:53,Trade Fair,J012,Koramangala Sony World,10593,Weekday,False,Clear,False,0.0,False,False,0.957,Severe,12.8,67.3,385.6,0.217,0.502,0.923,Heavy congestion detected - signal timing extended and reroute suggested
EVT424692,2026-05-12 17:34:32,Sports Fixture,J040,City Market,26046,Weekday,False,Rain,True,13.3,False,False,1.0,Severe,9.4,71.0,325.7,0.158,0.366,0.843,Heavy rain reducing visibility and grip - reduced speed and longer buffer advised
EVT424693,2026-05-24 09:56:56,Trade Fair,J040,City Market,19531,Weekend,False,Clear,False,0.0,False,False,0.859,Severe,16.7,69.6,331.4,0.192,0.444,0.972,Heavy congestion detected - signal timing extended and reroute suggested
EVT424694,2026-04-04 12:24:19,Local Market Day,J020,Malleshwaram Circle,4186,Weekend,False,Clear,False,0.0,False,False,0.269,Low,35.7,13.2,51.2,0.047,0.109,0.946,Moderate traffic flow - standard adaptive signal timing in effect
EVT424695,2025-02-20 11:59:30,Trade Fair,J011,Indiranagar 100ft Road,8195,Weekday,False,Clear,False,0.0,False,False,0.219,Low,34.5,18.9,137.0,0.128,0.296,0.958,Normal free-flow traffic - standard signal timing maintained
EVT424696,2026-03-02 08:28:57,Concert,J031,Cubbon Road,7133,Weekday,False,Clear,False,0.0,False,False,0.998,Severe,7.7,63.2,337.4,0.118,0.273,0.945,Heavy congestion detected - signal timing extended and reroute suggested
EVT424697,2026-05-20 11:15:35,Local Market Day,J031,Cubbon Road,7134,Weekday,False,Clear,False,0.0,False,False,0.395,Moderate,26.7,29.7,304.6,0.259,0.599,0.977,Moderate traffic flow - standard adaptive signal timing in effect
EVT424698,2026-01-11 19:42:11,Concert,J023,Basavanagudi,14091,Weekend,False,Clear,False,0.0,False,False,0.725,High,17.3,55.0,127.8,0.092,0.213,0.976,Moderate traffic flow - standard adaptive signal timing in effect
EVT424699,2025-10-02 04:31:44,Cultural Procession,J030,MG Road,33294,Weekday,True,Rain,True,14.5,False,True,0.901,Severe,14.7,88.8,386.2,0.229,0.528,0.809,Road closure for event/procession - full detour recommended for through-traffic
EVT424700,2025-02-05 09:08:42,Political Rally,J020,Malleshwaram Circle,14520,Weekday,False,Clear,False,0.0,False,False,1.0,Severe,7.9,70.4,881.0,0.293,0.676,0.927,Heavy congestion detected - signal timing extended and reroute suggested
EVT424701,2026-03-19 16:41:07,Religious Festival,J020,Malleshwaram Circle,20489,Weekday,True,Clear,False,0.0,False,False,0.934,Severe,10.3,68.7,341.6,0.148,0.342,0.9,Festival crowd surge detected - alternate route and extended cycle recommended
EVT424702,2025-12-19 20:01:03,Concert,J011,Indiranagar 100ft Road,11587,Weekday,False,Clear,False,0.0,False,False,0.755,Severe,19.0,51.9,147.0,0.109,0.252,0.974,Heavy congestion detected - signal timing extended and reroute suggested
EVT424703,2025-10-07 06:46:48,Sports Fixture,J030,MG Road,26481,Weekday,False,Clear,False,0.0,False,False,0.523,Moderate,23.5,39.0,146.4,0.111,0.256,0.975,Moderate traffic flow - standard adaptive signal timing in effect
EVT424704,2025-05-27 09:51:32,Local Market Day,J031,Cubbon Road,3782,Weekday,False,Clear,False,0.0,False,False,0.832,Severe,12.5,57.0,419.2,0.185,0.428,0.964,Heavy congestion detected - signal timing extended and reroute suggested
EVT424705,2026-02-16 08:14:46,Sports Fixture,J011,Indiranagar 100ft Road,16464,Weekday,False,Clear,False,0.0,False,False,1.0,Severe,10.1,69.9,577.4,0.233,0.538,0.924,Heavy congestion detected - signal timing extended and reroute suggested
EVT424706,2025-01-01 20:56:50,Sports Fixture,J023,Basavanagudi,11820,Weekday,False,Clear,False,0.0,False,False,0.533,Moderate,22.2,43.8,221.2,0.151,0.348,0.946,Moderate traffic flow - standard adaptive signal timing in effect
EVT424707,2025-01-23 09:11:03,Concert,J009,Majestic,12175,Weekday,False,Clear,False,0.0,False,False,1.0,Severe,8.1,77.2,649.0,0.222,0.512,0.885,Heavy congestion detected - signal timing extended and reroute suggested
EVT424708,2025-07-02 17:42:43,Sports Fixture,J040,City Market,10332,Weekday,False,Heavy Rain,True,65.5,False,False,1.0,Severe,11.3,74.1,241.3,0.101,0.233,0.871,Heavy rain reducing visibility and grip - reduced speed and longer buffer advised
EVT424709,2025-05-08 01:40:16,Concert,J020,Malleshwaram Circle,15288,Weekday,False,Light Rain,True,7.4,False,False,0.404,Moderate,23.3,13.6,228.7,0.142,0.327,0.915,Light rain detected - minor speed reduction advised
EVT424710,2025-10-01 07:59:53,Political Rally,J009,Majestic,13458,Weekday,False,Clear,False,0.0,False,False,0.814,Severe,17.8,55.3,316.0,0.188,0.434,0.931,Heavy congestion detected - signal timing extended and reroute suggested
EVT424711,2025-08-22 19:50:42,Political Rally,J020,Malleshwaram Circle,7954,Weekday,False,Light Rain,True,5.2,False,False,0.904,Severe,12.4,65.0,412.4,0.192,0.444,0.886,Heavy rain reducing visibility and grip - reduced speed and longer buffer advised
EVT424712,2026-05-08 12:06:51,Political Rally,J020,Malleshwaram Circle,25948,Weekday,False,Clear,False,0.0,False,False,0.235,Low,31.6,18.7,157.6,0.131,0.303,0.941,Normal free-flow traffic - standard signal timing maintained
EVT424713,2026-02-06 18:56:24,Concert,J009,Majestic,11613,Weekday,False,Clear,False,0.0,False,False,1.0,Severe,6.7,75.0,766.2,0.22,0.509,0.895,Heavy congestion detected - signal timing extended and reroute suggested
EVT424714,2025-05-03 17:07:56,Concert,J009,Majestic,9554,Weekend,False,Clear,False,0.0,False,False,0.748,High,18.8,50.2,367.9,0.223,0.515,0.941,Moderate traffic flow - standard adaptive signal timing in effect
EVT424715,2025-11-22 17:16:05,Sports Fixture,J011,Indiranagar 100ft Road,21890,Weekend,False,Clear,False,0.0,False,False,0.832,Severe,16.8,63.4,356.9,0.191,0.442,0.954,Heavy congestion detected - signal timing extended and reroute suggested
EVT424716,2025-11-08 16:56:03,Concert,J011,Indiranagar 100ft Road,8275,Weekend,False,Clear,False,0.0,False,False,0.632,High,17.9,46.3,325.7,0.183,0.422,0.973,Moderate traffic flow - standard adaptive signal timing in effect
EVT424717,2025-05-24 17:32:40,Concert,J009,Majestic,13469,Weekend,False,Clear,False,0.0,False,False,0.768,Severe,17.3,53.2,325.6,0.174,0.403,0.986,Heavy congestion detected - signal timing extended and reroute suggested
EVT424718,2025-09-04 20:23:29,Political Rally,J012,Koramangala Sony World,26570,Weekday,False,Clear,False,0.0,False,False,0.74,High,18.3,47.6,331.4,0.19,0.439,0.983,Moderate traffic flow - standard adaptive signal timing in effect
EVT424719,2025-09-24 17:28:15,Local Market Day,J031,Cubbon Road,2828,Weekday,False,Clear,False,0.0,False,False,0.881,Severe,12.2,61.5,501.2,0.25,0.577,0.924,Heavy congestion detected - signal timing extended and reroute suggested
EVT424720,2025-06-29 18:57:55,Trade Fair,J030,MG Road,12932,Weekend,False,Heavy Rain,True,59.8,False,False,1.0,Severe,8.2,74.5,644.8,0.213,0.491,0.864,Heavy rain reducing visibility and grip - reduced speed and longer buffer advised
EVT424721,2025-03-05 15:00:04,Concert,J020,Malleshwaram Circle,14383,Weekday,False,Clear,False,0.0,False,False,0.283,Low,31.9,16.5,116.1,0.081,0.187,0.972,Moderate traffic flow - standard adaptive signal timing in effect
EVT424722,2025-11-07 19:57:21,Concert,J040,City Market,14774,Weekday,False,Clear,False,0.0,False,False,0.812,Severe,16.0,55.9,341.5,0.166,0.383,0.952,Heavy congestion detected - signal timing extended and reroute suggested
EVT424723,2025-06-03 17:33:11,Concert,J030,MG Road,9821,Weekday,False,Clear,False,0.0,False,False,1.0,Severe,9.6,67.6,647.7,0.228,0.527,0.916,Heavy congestion detected - signal timing extended and reroute suggested
EVT424724,2025-08-06 11:04:16,Local Market Day,J020,Malleshwaram Circle,3868,Weekday,False,Clear,False,0.0,False,False,0.462,Moderate,25.2,30.4,258.8,0.181,0.417,0.99,Moderate traffic flow - standard adaptive signal timing in effect
EVT424725,2025-05-20 14:27:51,Local Market Day,J011,Indiranagar 100ft Road,2005,Weekday,False,Clear,False,0.0,False,False,0.208,Low,34.9,17.0,157.7,0.116,0.269,0.966,Normal free-flow traffic - standard signal timing maintained
EVT424726,2025-07-19 21:04:18,Trade Fair,J023,Basavanagudi,14033,Weekend,False,Heavy Rain,True,29.6,False,False,0.852,Severe,10.8,59.9,439.6,0.199,0.46,0.901,Heavy rain reducing visibility and grip - reduced speed and longer buffer advised
EVT424727,2025-12-15 09:15:10,Local Market Day,J030,MG Road,5811,Weekday,False,Clear,False,0.0,False,False,0.952,Severe,11.1,65.7,486.0,0.214,0.494,0.929,Heavy congestion detected - signal timing extended and reroute suggested
EVT424728,2025-05-06 20:43:42,Trade Fair,J009,Majestic,7439,Weekday,False,Clear,False,0.0,False,False,0.531,Moderate,23.1,37.7,134.5,0.087,0.201,0.96,Moderate traffic flow - standard adaptive signal timing in effect
EVT424729,2025-01-25 17:48:56,Trade Fair,J040,City Market,10237,Weekend,False,Clear,False,0.0,False,False,0.806,Severe,14.9,55.0,303.1,0.163,0.377,0.952,Heavy congestion detected - signal timing extended and reroute suggested
EVT424730,2025-09-23 23:22:09,Political Rally,J023,Basavanagudi,13137,Weekday,False,Clear,False,0.0,False,False,0.19,Low,39.9,13.0,123.2,0.162,0.374,0.927,Normal free-flow traffic - standard signal timing maintained
EVT424731,2025-05-20 19:13:03,Local Market Day,J023,Basavanagudi,3411,Weekday,False,Clear,False,0.0,False,False,0.955,Severe,9.1,78.7,360.2,0.148,0.342,0.915,Heavy congestion detected - signal timing extended and reroute suggested
EVT424732,2026-06-09 15:42:15,Political Rally,J031,Cubbon Road,24304,Weekday,False,Clear,False,0.0,False,False,0.48,Moderate,22.8,34.9,199.7,0.136,0.315,0.98,Moderate traffic flow - standard adaptive signal timing in effect
EVT424733,2025-04-16 09:01:01,Sports Fixture,J040,City Market,31050,Weekday,False,Clear,False,0.0,False,False,1.0,Severe,7.5,68.3,434.8,0.146,0.337,0.9,Heavy congestion detected - signal timing extended and reroute suggested
EVT424734,2026-03-01 21:41:01,Local Market Day,J023,Basavanagudi,5304,Weekend,False,Clear,False,0.0,False,False,0.325,Low,29.1,27.9,190.5,0.152,0.352,0.986,Moderate traffic flow - standard adaptive signal timing in effect
EVT424735,2026-01-22 07:06:16,Local Market Day,J040,City Market,6255,Weekday,False,Fog,False,0.0,False,False,0.43,Moderate,28.3,32.6,74.3,0.06,0.138,0.981,Moderate traffic flow - standard adaptive signal timing in effect
EVT424736,2026-05-27 06:57:06,Trade Fair,J023,Basavanagudi,10486,Weekday,False,Clear,False,0.0,False,False,0.51,Moderate,26.5,38.3,138.6,0.121,0.279,0.99,Moderate traffic flow - standard adaptive signal timing in effect
EVT424737,2025-07-04 20:02:45,Local Market Day,J009,Majestic,4752,Weekday,False,Rain,True,15.1,False,False,0.911,Severe,12.6,64.9,359.6,0.167,0.387,0.867,Heavy rain reducing visibility and grip - reduced speed and longer buffer advised
EVT424738,2025-02-14 15:22:18,Trade Fair,J011,Indiranagar 100ft Road,9645,Weekday,False,Clear,False,0.0,False,False,0.332,Low,30.5,30.8,117.2,0.07,0.162,0.962,Moderate traffic flow - standard adaptive signal timing in effect
EVT424739,2025-09-23 15:27:14,Sports Fixture,J023,Basavanagudi,13006,Weekday,False,Clear,False,0.0,False,False,0.335,Low,26.0,25.0,82.7,0.05,0.115,0.953,Moderate traffic flow - standard adaptive signal timing in effect
EVT424740,2025-01-08 15:16:19,Local Market Day,J009,Majestic,4041,Weekday,False,Clear,False,0.0,False,False,0.293,Low,30.7,17.9,103.9,0.093,0.215,0.964,Moderate traffic flow - standard adaptive signal timing in effect
EVT424741,2026-04-22 07:25:22,Local Market Day,J012,Koramangala Sony World,4913,Weekday,False,Clear,False,0.0,False,False,0.581,High,19.7,43.5,294.1,0.184,0.425,0.954,Moderate traffic flow - standard adaptive signal timing in effect
EVT424742,2026-05-16 11:39:22,Concert,J009,Majestic,11004,Weekend,False,Clear,False,0.0,False,False,0.404,Moderate,33.3,24.3,104.8,0.073,0.168,0.975,Moderate traffic flow - standard adaptive signal timing in effect
EVT424743,2025-08-10 22:47:01,Concert,J020,Malleshwaram Circle,5944,Weekend,False,Clear,False,0.0,False,False,0.329,Low,26.0,23.2,211.6,0.154,0.356,0.968,Moderate traffic flow - standard adaptive signal timing in effect
EVT424744,2025-03-18 09:50:05,Sports Fixture,J011,Indiranagar 100ft Road,21599,Weekday,False,Clear,False,0.0,False,False,1.0,Severe,8.5,75.2,669.5,0.254,0.587,0.927,Heavy congestion detected - signal timing extended and reroute suggested
EVT424745,2026-03-21 16:55:38,Concert,J031,Cubbon Road,19262,Weekend,False,Clear,False,0.0,False,False,0.773,Severe,16.0,56.3,407.9,0.22,0.509,0.954,Heavy congestion detected - signal timing extended and reroute suggested
EVT424746,2026-01-04 20:10:31,Concert,J031,Cubbon Road,15169,Weekend,False,Clear,False,0.0,False,False,0.603,High,24.8,41.0,270.3,0.219,0.506,0.965,Moderate traffic flow - standard adaptive signal timing in effect
EVT424747,2026-06-21 08:31:01,Local Market Day,J040,City Market,6759,Weekend,False,Clear,False,0.0,False,False,0.773,Severe,19.5,55.1,205.9,0.12,0.277,0.975,Heavy congestion detected - signal timing extended and reroute suggested
EVT424748,2025-06-12 11:31:06,Sports Fixture,J031,Cubbon Road,16023,Weekday,False,Clear,False,0.0,False,False,0.404,Moderate,29.5,32.1,124.4,0.1,0.232,0.986,Moderate traffic flow - standard adaptive signal timing in effect
EVT424749,2025-11-22 19:41:02,Political Rally,J031,Cubbon Road,17626,Weekend,False,Clear,False,0.0,False,False,0.729,High,21.4,52.1,255.5,0.204,0.471,0.962,Moderate traffic flow - standard adaptive signal timing in effect
EVT424750,2026-02-13 04:02:10,Concert,J030,MG Road,12520,Weekday,False,Clear,False,0.0,False,False,0.189,Low,37.8,10.0,56.6,0.043,0.1,0.959,Normal free-flow traffic - standard signal timing maintained
EVT424751,2026-03-05 22:54:30,Religious Festival,J012,Koramangala Sony World,31561,Weekday,True,Clear,False,0.0,False,True,0.717,High,19.3,74.1,450.6,0.298,0.69,0.89,Road closure for event/procession - full detour recommended for through-traffic
EVT424752,2026-02-05 12:28:06,Trade Fair,J020,Malleshwaram Circle,5470,Weekday,False,Fog,False,0.0,False,False,0.207,Low,34.3,8.3,76.2,0.057,0.132,0.961,Normal free-flow traffic - standard signal timing maintained
EVT424753,2026-01-05 07:32:56,Trade Fair,J030,MG Road,15358,Weekday,False,Clear,False,0.0,False,False,0.713,High,24.3,52.1,231.3,0.166,0.384,0.946,Moderate traffic flow - standard adaptive signal timing in effect
EVT424754,2025-01-06 19:51:22,Local Market Day,J030,MG Road,5203,Weekday,False,Clear,False,0.0,False,False,0.827,Severe,13.6,54.3,264.0,0.141,0.325,0.947,Heavy congestion detected - signal timing extended and reroute suggested
EVT424755,2025-09-24 08:23:45,Local Market Day,J012,Koramangala Sony World,6995,Weekday,False,Clear,False,0.0,False,False,0.991,Severe,8.1,71.1,651.8,0.227,0.523,0.935,Heavy congestion detected - signal timing extended and reroute suggested
EVT424756,2025-05-11 11:31:20,Trade Fair,J040,City Market,6135,Weekend,False,Rain,True,14.9,False,False,0.479,Moderate,19.8,43.6,173.2,0.105,0.243,0.929,Light rain detected - minor speed reduction advised
EVT424757,2025-03-17 22:10:00,Political Rally,J012,Koramangala Sony World,15320,Weekday,False,Light Rain,True,2.1,False,False,0.415,Moderate,31.6,28.2,138.6,0.113,0.262,0.927,Light rain detected - minor speed reduction advised
EVT424758,2025-12-06 15:41:33,Political Rally,J009,Majestic,12016,Weekend,False,Fog,False,0.0,False,False,0.444,Moderate,26.6,29.1,253.8,0.18,0.416,0.973,Moderate traffic flow - standard adaptive signal timing in effect
EVT424759,2026-06-28 06:38:51,Trade Fair,J030,MG Road,8719,Weekend,False,Clear,False,0.0,False,False,0.432,Moderate,27.5,29.5,197.6,0.143,0.33,0.969,Moderate traffic flow - standard adaptive signal timing in effect
EVT424760,2025-08-26 13:24:30,Local Market Day,J040,City Market,2346,Weekday,False,Clear,False,0.0,False,False,0.201,Low,37.3,18.6,116.5,0.108,0.25,0.971,Normal free-flow traffic - standard signal timing maintained
EVT424761,2025-02-28 12:53:59,Local Market Day,J031,Cubbon Road,4137,Weekday,False,Clear,False,0.0,False,False,0.193,Low,30.4,15.0,173.8,0.161,0.372,0.952,Normal free-flow traffic - standard signal timing maintained
EVT424762,2026-05-12 10:35:46,Local Market Day,J012,Koramangala Sony World,4529,Weekday,False,Light Rain,True,3.4,False,False,0.589,High,19.9,39.1,301.5,0.165,0.38,0.914,Heavy rain reducing visibility and grip - reduced speed and longer buffer advised
EVT424763,2025-01-11 12:33:54,Concert,J020,Malleshwaram Circle,5310,Weekend,False,Clear,False,0.0,False,False,0.333,Low,24.8,27.8,168.0,0.09,0.208,0.947,Moderate traffic flow - standard adaptive signal timing in effect
EVT424764,2025-03-06 14:57:45,Trade Fair,J009,Majestic,11397,Weekday,False,Clear,False,0.0,False,False,0.332,Low,31.1,23.1,144.1,0.128,0.296,0.967,Moderate traffic flow - standard adaptive signal timing in effect
EVT424765,2026-01-26 18:08:24,Religious Festival,J020,Malleshwaram Circle,28711,Weekday,True,Clear,False,0.0,False,False,1.0,Severe,8.0,69.0,268.7,0.105,0.242,0.892,Festival crowd surge detected - alternate route and extended cycle recommended
EVT424766,2026-04-29 19:39:59,Sports Fixture,J009,Majestic,28336,Weekday,False,Clear,False,0.0,False,False,0.979,Severe,8.3,75.0,787.9,0.241,0.556,0.923,Heavy congestion detected - signal timing extended and reroute suggested
EVT424767,2026-04-24 08:42:18,Concert,J012,Koramangala Sony World,15353,Weekday,False,Clear,False,0.0,False,False,1.0,Severe,9.2,73.0,405.8,0.158,0.364,0.88,Heavy congestion detected - signal timing extended and reroute suggested
EVT424768,2025-02-12 17:49:56,Local Market Day,J011,Indiranagar 100ft Road,4006,Weekday,False,Clear,False,0.0,True,False,1.0,Severe,7.3,75.7,345.2,0.102,0.235,0.759,Accident detected nearby - reroute and reduced speed advised
EVT424769,2025-09-29 10:56:43,Local Market Day,J009,Majestic,2954,Weekday,False,Heavy Rain,True,31.0,False,False,0.72,High,18.1,52.9,217.1,0.132,0.306,0.925,Heavy rain reducing visibility and grip - reduced speed and longer buffer advised
EVT424770,2025-06-22 18:24:45,Concert,J020,Malleshwaram Circle,8847,Weekend,False,Clear,False,0.0,False,False,0.845,Severe,15.3,66.2,274.3,0.148,0.341,0.931,Heavy congestion detected - signal timing extended and reroute suggested
EVT424771,2025-01-04 09:06:57,Local Market Day,J040,City Market,4425,Weekend,False,Clear,False,0.0,False,False,0.888,Severe,8.8,60.7,516.2,0.191,0.441,0.959,Heavy congestion detected - signal timing extended and reroute suggested
EVT424772,2025-11-18 21:52:25,Political Rally,J030,MG Road,14924,Weekday,False,Clear,False,0.0,False,False,0.306,Low,31.4,15.8,213.4,0.154,0.355,0.966,Moderate traffic flow - standard adaptive signal timing in effect
EVT424773,2026-06-07 14:23:26,Local Market Day,J030,MG Road,5362,Weekend,False,Clear,False,0.0,False,False,0.29,Low,34.5,18.2,133.2,0.118,0.273,0.954,Moderate traffic flow - standard adaptive signal timing in effect
EVT424774,2026-05-12 07:56:58,Concert,J023,Basavanagudi,12611,Weekday,False,Rain,True,8.3,False,False,0.918,Severe,11.1,62.1,439.0,0.206,0.475,0.872,Heavy rain reducing visibility and grip - reduced speed and longer buffer advised
EVT424775,2025-01-05 08:11:25,Political Rally,J030,MG Road,12887,Weekend,False,Fog,False,0.0,False,False,0.864,Severe,11.9,59.1,297.7,0.142,0.327,0.911,Heavy congestion detected - signal timing extended and reroute suggested
EVT424776,2025-08-21 18:44:34,Sports Fixture,J031,Cubbon Road,24123,Weekday,False,Clear,False,0.0,False,False,1.0,Severe,10.9,69.4,403.1,0.179,0.413,0.89,Heavy congestion detected - signal timing extended and reroute suggested
EVT424777,2026-01-21 16:15:26,Concert,J031,Cubbon Road,11693,Weekday,False,Clear,False,0.0,False,False,0.457,Moderate,26.3,29.3,133.1,0.101,0.234,0.967,Moderate traffic flow - standard adaptive signal timing in effect
EVT424778,2026-05-05 19:43:36,Local Market Day,J040,City Market,4770,Weekday,False,Clear,False,0.0,False,False,0.761,Severe,16.2,54.8,363.0,0.202,0.467,0.99,Heavy congestion detected - signal timing extended and reroute suggested
EVT424779,2026-02-08 05:19:56,Concert,J012,Koramangala Sony World,14657,Weekend,False,Clear,False,0.0,False,False,0.346,Low,29.6,31.2,197.9,0.176,0.407,0.964,Moderate traffic flow - standard adaptive signal timing in effect
EVT424780,2025-08-15 12:43:40,Religious Festival,J023,Basavanagudi,22290,Weekday,True,Light Rain,True,5.3,False,False,0.616,High,20.2,44.7,307.9,0.191,0.441,0.843,Festival crowd surge detected - alternate route and extended cycle recommended
EVT424781,2026-01-27 17:12:19,Cultural Procession,J030,MG Road,23340,Weekday,True,Clear,False,0.0,False,True,1.0,Severe,7.9,99.1,407.8,0.146,0.338,0.821,Road closure for event/procession - full detour recommended for through-traffic
EVT424782,2026-06-22 13:31:05,Trade Fair,J011,Indiranagar 100ft Road,7578,Weekday,False,Fog,False,0.0,False,False,0.181,Low,39.4,16.0,85.9,0.074,0.17,0.955,Normal free-flow traffic - standard signal timing maintained
EVT424783,2025-08-04 18:43:54,Trade Fair,J030,MG Road,6916,Weekday,False,Clear,False,0.0,False,False,0.952,Severe,8.8,66.6,650.8,0.222,0.514,0.926,Heavy congestion detected - signal timing extended and reroute suggested
EVT424784,2026-02-06 20:42:56,Local Market Day,J012,Koramangala Sony World,6071,Weekday,False,Clear,False,0.0,False,False,0.468,Moderate,28.1,38.7,219.9,0.175,0.403,0.937,Moderate traffic flow - standard adaptive signal timing in effect
EVT424785,2025-09-05 09:28:17,Religious Festival,J012,Koramangala Sony World,31776,Weekday,True,Clear,False,0.0,False,True,1.0,Severe,9.0,100.0,428.5,0.137,0.315,0.837,Road closure for event/procession - full detour recommended for through-traffic
EVT424786,2026-05-08 07:28:08,Local Market Day,J011,Indiranagar 100ft Road,4286,Weekday,False,Clear,False,0.0,False,False,0.549,Moderate,22.7,40.0,289.1,0.209,0.483,0.975,Moderate traffic flow - standard adaptive signal timing in effect
EVT424787,2025-11-26 07:17:30,Sports Fixture,J011,Indiranagar 100ft Road,22331,Weekday,False,Rain,True,8.9,False,False,0.752,Severe,15.4,62.4,372.4,0.2,0.463,0.917,Heavy rain reducing visibility and grip - reduced speed and longer buffer advised
EVT424788,2025-11-01 06:14:01,Religious Festival,J012,Koramangala Sony World,24450,Weekend,True,Clear,False,0.0,False,False,0.736,High,18.1,51.6,379.6,0.236,0.545,0.893,Festival crowd surge detected - alternate route and extended cycle recommended
EVT424789,2026-03-24 19:34:19,Trade Fair,J020,Malleshwaram Circle,12652,Weekday,False,Light Rain,True,4.7,False,False,0.964,Severe,10.8,69.6,372.8,0.16,0.369,0.875,Heavy rain reducing visibility and grip - reduced speed and longer buffer advised
EVT424790,2025-03-26 09:50:25,Sports Fixture,J012,Koramangala Sony World,29469,Weekday,False,Clear,False,0.0,False,False,1.0,Severe,9.4,75.9,419.0,0.151,0.349,0.882,Heavy congestion detected - signal timing extended and reroute suggested
EVT424791,2025-06-25 13:06:43,Concert,J011,Indiranagar 100ft Road,6930,Weekday,False,Light Rain,True,3.0,False,False,0.241,Low,40.7,21.9,193.4,0.215,0.496,0.913,Light rain detected - minor speed reduction advised
EVT424792,2025-07-02 14:03:14,Sports Fixture,J040,City Market,23170,Weekday,False,Heavy Rain,True,64.0,False,False,0.577,High,23.9,40.4,133.6,0.098,0.227,0.897,Heavy rain reducing visibility and grip - reduced speed and longer buffer advised
EVT424793,2025-12-05 14:21:27,Trade Fair,J009,Majestic,6670,Weekday,False,Fog,False,0.0,False,False,0.268,Low,37.4,16.3,128.0,0.132,0.305,0.964,Moderate traffic flow - standard adaptive signal timing in effect
EVT424794,2025-12-25 20:58:48,Religious Festival,J030,MG Road,59817,Weekday,True,Clear,False,0.0,False,False,0.898,Severe,10.5,65.3,573.1,0.228,0.526,0.882,Festival crowd surge detected - alternate route and extended cycle recommended
EVT424795,2025-03-28 16:23:55,Sports Fixture,J030,MG Road,23214,Weekday,False,Clear,False,0.0,False,False,0.516,Moderate,19.9,36.5,185.0,0.117,0.27,0.955,Moderate traffic flow - standard adaptive signal timing in effect
EVT424796,2026-02-14 15:24:02,Trade Fair,J011,Indiranagar 100ft Road,15755,Weekend,False,Clear,False,0.0,False,False,0.402,Moderate,27.9,31.8,151.7,0.114,0.264,0.958,Moderate traffic flow - standard adaptive signal timing in effect
EVT424797,2025-05-15 04:49:16,Sports Fixture,J023,Basavanagudi,21405,Weekday,False,Clear,False,0.0,False,False,0.222,Low,32.1,12.8,137.4,0.124,0.286,0.948,Normal free-flow traffic - standard signal timing maintained
EVT424798,2025-10-03 19:12:34,Cultural Procession,J011,Indiranagar 100ft Road,24066,Weekday,True,Rain,True,21.2,False,False,1.0,Severe,9.5,77.9,342.4,0.139,0.321,0.788,Festival crowd surge detected - alternate route and extended cycle recommended
EVT424799,2025-10-31 14:25:23,Sports Fixture,J040,City Market,11398,Weekday,False,Clear,False,0.0,False,False,0.257,Low,27.7,22.2,176.8,0.118,0.271,0.955,Moderate traffic flow - standard adaptive signal timing in effect
EVT424800,2025-08-13 21:23:48,Concert,J020,Malleshwaram Circle,16279,Weekday,False,Clear,False,0.0,False,False,0.431,Moderate,24.5,27.5,186.2,0.123,0.285,0.949,Moderate traffic flow - standard adaptive signal timing in effect
EVT424801,2025-11-29 06:24:42,Trade Fair,J023,Basavanagudi,13783,Weekend,False,Clear,False,0.0,False,False,0.44,Moderate,20.6,33.9,337.4,0.208,0.481,0.99,Moderate traffic flow - standard adaptive signal timing in effect
EVT424802,2026-02-01 12:14:59,Local Market Day,J012,Koramangala Sony World,6274,Weekend,False,Clear,False,0.0,False,False,0.226,Low,33.3,18.6,107.5,0.071,0.164,0.977,Normal free-flow traffic - standard signal timing maintained
EVT424803,2025-05-27 20:06:01,Concert,J011,Indiranagar 100ft Road,10951,Weekday,False,Heavy Rain,True,26.0,False,False,0.977,Severe,7.7,69.6,552.0,0.172,0.398,0.869,Heavy rain reducing visibility and grip - reduced speed and longer buffer advised
EVT424804,2025-07-17 16:43:16,Political Rally,J011,Indiranagar 100ft Road,13426,Weekday,False,Clear,False,0.0,False,False,0.619,High,23.8,42.5,172.7,0.098,0.227,0.985,Moderate traffic flow - standard adaptive signal timing in effect
EVT424805,2025-05-03 13:25:12,Political Rally,J040,City Market,15149,Weekend,False,Clear,False,0.0,False,False,0.244,Low,31.3,23.2,192.3,0.153,0.354,0.949,Normal free-flow traffic - standard signal timing maintained
EVT424806,2025-07-03 06:47:11,Trade Fair,J031,Cubbon Road,7197,Weekday,False,Clear,False,0.0,False,False,0.435,Moderate,28.5,35.9,244.7,0.182,0.421,0.975,Moderate traffic flow - standard adaptive signal timing in effect
EVT424807,2025-02-07 15:03:27,Concert,J031,Cubbon Road,16237,Weekday,False,Clear,False,0.0,False,False,0.325,Low,29.3,19.0,80.6,0.059,0.136,0.954,Moderate traffic flow - standard adaptive signal timing in effect
EVT424808,2025-03-02 16:53:43,Trade Fair,J031,Cubbon Road,13419,Weekend,False,Clear,False,0.0,False,False,0.669,High,19.1,42.1,236.0,0.137,0.316,0.958,Moderate traffic flow - standard adaptive signal timing in effect
EVT424809,2026-02-01 16:47:02,Trade Fair,J011,Indiranagar 100ft Road,10895,Weekend,False,Clear,False,0.0,False,False,0.628,High,16.2,46.5,336.1,0.181,0.418,0.963,Moderate traffic flow - standard adaptive signal timing in effect
EVT424810,2025-04-13 16:04:26,Political Rally,J011,Indiranagar 100ft Road,20533,Weekend,False,Clear,False,0.0,False,False,0.551,High,23.4,35.8,155.3,0.108,0.251,0.936,Moderate traffic flow - standard adaptive signal timing in effect
EVT424811,2026-03-31 18:26:10,Local Market Day,J011,Indiranagar 100ft Road,4313,Weekday,False,Clear,False,0.0,False,False,0.931,Severe,11.1,70.1,504.2,0.199,0.46,0.94,Heavy congestion detected - signal timing extended and reroute suggested
EVT424812,2025-02-22 19:07:29,Local Market Day,J023,Basavanagudi,4203,Weekend,False,Clear,False,0.0,False,False,0.8,Severe,15.2,50.8,403.6,0.218,0.504,0.979,Heavy congestion detected - signal timing extended and reroute suggested
EVT424813,2025-08-16 07:13:49,Religious Festival,J031,Cubbon Road,92341,Weekend,True,Rain,True,22.6,False,True,1.0,Severe,9.0,105.9,492.6,0.194,0.448,0.779,Road closure for event/procession - full detour recommended for through-traffic
EVT424814,2026-03-15 10:26:41,Concert,J031,Cubbon Road,16784,Weekend,False,Light Rain,True,1.0,False,False,0.774,Severe,14.6,52.3,246.5,0.145,0.334,0.904,Heavy rain reducing visibility and grip - reduced speed and longer buffer advised
EVT424815,2026-01-09 19:41:31,Local Market Day,J030,MG Road,4539,Weekday,False,Clear,False,0.0,False,False,0.837,Severe,16.5,60.3,351.3,0.221,0.51,0.937,Heavy congestion detected - signal timing extended and reroute suggested
EVT424816,2025-11-06 15:32:49,Political Rally,J012,Koramangala Sony World,20336,Weekday,False,Clear,False,0.0,False,False,0.452,Moderate,29.8,27.9,188.9,0.157,0.363,0.961,Moderate traffic flow - standard adaptive signal timing in effect
EVT424817,2025-04-05 07:12:55,Trade Fair,J020,Malleshwaram Circle,7402,Weekend,False,Clear,False,0.0,False,False,0.499,Moderate,25.9,37.4,217.4,0.133,0.307,0.99,Moderate traffic flow - standard adaptive signal timing in effect
EVT424818,2025-04-04 07:22:00,Local Market Day,J023,Basavanagudi,3696,Weekday,False,Clear,False,0.0,True,False,0.889,Severe,10.6,62.1,364.5,0.153,0.354,0.773,Accident detected nearby - reroute and reduced speed advised
EVT424819,2025-06-07 14:25:39,Local Market Day,J020,Malleshwaram Circle,4079,Weekend,False,Clear,False,0.0,False,False,0.314,Low,31.7,28.8,216.9,0.185,0.428,0.968,Moderate traffic flow - standard adaptive signal timing in effect
EVT424820,2025-02-25 21:00:53,Sports Fixture,J031,Cubbon Road,28815,Weekday,False,Clear,False,0.0,False,False,0.575,High,26.8,34.1,182.9,0.138,0.32,0.984,Moderate traffic flow - standard adaptive signal timing in effect
EVT424821,2025-05-13 12:11:25,Local Market Day,J011,Indiranagar 100ft Road,4877,Weekday,False,Clear,False,0.0,False,False,0.17,Low,37.6,19.1,205.1,0.179,0.414,0.947,Normal free-flow traffic - standard signal timing maintained
EVT424822,2025-10-13 18:31:59,Local Market Day,J012,Koramangala Sony World,3673,Weekday,False,Rain,True,18.7,False,False,1.0,Severe,9.2,69.4,525.3,0.198,0.457,0.863,Heavy rain reducing visibility and grip - reduced speed and longer buffer advised
EVT424823,2026-06-07 20:41:24,Trade Fair,J009,Majestic,11733,Weekend,False,Clear,False,0.0,False,False,0.506,Moderate,25.9,31.8,190.7,0.128,0.295,0.966,Moderate traffic flow - standard adaptive signal timing in effect
EVT424824,2026-04-28 07:42:07,Local Market Day,J012,Koramangala Sony World,2493,Weekday,False,Rain,True,14.4,False,False,0.878,Severe,13.5,62.0,449.2,0.201,0.464,0.912,Heavy rain reducing visibility and grip - reduced speed and longer buffer advised
EVT424825,2025-12-20 12:51:31,Sports Fixture,J020,Malleshwaram Circle,18647,Weekend,False,Clear,False,0.0,True,False,0.72,High,20.7,51.7,180.4,0.121,0.279,0.814,Accident detected nearby - reroute and reduced speed advised
EVT424826,2025-10-03 19:56:25,Cultural Procession,J012,Koramangala Sony World,12931,Weekday,True,Clear,False,0.0,False,True,1.0,Severe,6.5,105.1,648.0,0.185,0.428,0.853,Road closure for event/procession - full detour recommended for through-traffic
EVT424827,2025-01-18 17:37:33,Trade Fair,J040,City Market,10525,Weekend,False,Clear,False,0.0,False,False,0.819,Severe,13.9,55.3,166.9,0.087,0.2,0.95,Heavy congestion detected - signal timing extended and reroute suggested
EVT424828,2025-01-04 11:01:19,Trade Fair,J023,Basavanagudi,9902,Weekend,False,Clear,False,0.0,False,False,0.424,Moderate,29.1,27.7,214.0,0.183,0.422,0.948,Moderate traffic flow - standard adaptive signal timing in effect
EVT424829,2025-07-09 11:56:41,Trade Fair,J009,Majestic,7116,Weekday,False,Clear,False,0.0,False,False,0.262,Low,36.3,19.0,83.1,0.073,0.168,0.965,Moderate traffic flow - standard adaptive signal timing in effect
EVT424830,2025-10-26 12:32:45,Concert,J030,MG Road,13722,Weekend,False,Clear,False,0.0,False,False,0.373,Moderate,25.0,26.1,290.4,0.206,0.476,0.973,Moderate traffic flow - standard adaptive signal timing in effect
EVT424831,2025-03-11 16:18:46,Concert,J040,City Market,8786,Weekday,False,Clear,False,0.0,False,False,0.492,Moderate,23.0,32.2,215.3,0.151,0.349,0.965,Moderate traffic flow - standard adaptive signal timing in effect
EVT424832,2026-01-08 11:21:14,Local Market Day,J030,MG Road,7537,Weekday,False,Clear,False,0.0,False,False,0.396,Moderate,32.0,26.1,193.8,0.171,0.395,0.969,Moderate traffic flow - standard adaptive signal timing in effect
EVT424833,2025-01-04 09:19:56,Local Market Day,J009,Majestic,4509,Weekend,False,Clear,False,0.0,False,False,0.887,Severe,11.4,60.7,292.4,0.133,0.308,0.939,Heavy congestion detected - signal timing extended and reroute suggested
EVT424834,2025-05-17 16:57:48,Concert,J030,MG Road,20929,Weekend,False,Clear,False,0.0,False,False,0.747,High,19.3,49.7,366.3,0.235,0.542,0.979,Moderate traffic flow - standard adaptive signal timing in effect
EVT424835,2025-06-14 17:06:56,Concert,J040,City Market,13617,Weekend,False,Clear,False,0.0,False,False,0.738,High,18.8,49.6,254.3,0.167,0.386,0.956,Moderate traffic flow - standard adaptive signal timing in effect
EVT424836,2025-08-09 18:56:57,Trade Fair,J031,Cubbon Road,4601,Weekend,False,Clear,False,0.0,False,False,0.864,Severe,10.1,55.2,490.2,0.17,0.393,0.944,Heavy congestion detected - signal timing extended and reroute suggested
EVT424837,2026-05-01 14:12:36,Religious Festival,J031,Cubbon Road,40577,Weekday,True,Clear,False,0.0,False,False,0.598,High,19.1,41.0,317.7,0.198,0.458,0.929,Festival crowd surge detected - alternate route and extended cycle recommended
EVT424838,2025-11-28 14:07:53,Political Rally,J011,Indiranagar 100ft Road,13769,Weekday,False,Clear,False,0.0,False,False,0.18,Low,28.8,10.6,180.0,0.14,0.324,0.934,Normal free-flow traffic - standard signal timing maintained
EVT424839,2025-06-18 11:06:09,Sports Fixture,J009,Majestic,19908,Weekday,False,Clear,False,0.0,True,False,0.919,Severe,8.4,64.7,781.9,0.244,0.563,0.753,Accident detected nearby - reroute and reduced speed advised
EVT424840,2026-05-21 06:06:08,Political Rally,J023,Basavanagudi,17776,Weekday,False,Rain,True,20.4,False,False,0.533,Moderate,25.8,34.6,182.9,0.123,0.285,0.904,Light rain detected - minor speed reduction advised
EVT424841,2025-01-15 18:19:47,Religious Festival,J040,City Market,37104,Weekday,True,Clear,False,0.0,False,True,1.0,Severe,11.3,99.5,730.2,0.316,0.729,0.841,Road closure for event/procession - full detour recommended for through-traffic
EVT424842,2025-05-15 21:42:18,Local Market Day,J011,Indiranagar 100ft Road,3425,Weekday,False,Clear,False,0.0,False,False,0.304,Low,36.6,22.6,163.2,0.152,0.351,0.962,Moderate traffic flow - standard adaptive signal timing in effect
EVT424843,2025-09-02 13:18:15,Sports Fixture,J031,Cubbon Road,13366,Weekday,False,Clear,False,0.0,False,False,0.253,Low,34.4,18.3,105.4,0.096,0.221,0.986,Moderate traffic flow - standard adaptive signal timing in effect
EVT424844,2025-09-26 18:03:57,Local Market Day,J023,Basavanagudi,7096,Weekday,False,Heavy Rain,True,39.7,False,False,1.0,Severe,7.9,71.9,612.4,0.194,0.449,0.858,Heavy rain reducing visibility and grip - reduced speed and longer buffer advised
EVT424845,2025-03-01 11:24:27,Political Rally,J011,Indiranagar 100ft Road,25463,Weekend,False,Clear,False,0.0,False,False,0.513,Moderate,27.7,38.2,317.8,0.277,0.639,0.958,Moderate traffic flow - standard adaptive signal timing in effect
EVT424846,2025-02-25 16:02:51,Concert,J040,City Market,10681,Weekday,False,Clear,False,0.0,False,False,0.536,Moderate,24.8,39.4,250.7,0.2,0.462,0.978,Moderate traffic flow - standard adaptive signal timing in effect
EVT424847,2026-03-28 19:34:45,Local Market Day,J009,Majestic,6153,Weekend,False,Clear,False,0.0,False,False,0.754,Severe,16.0,55.4,236.0,0.125,0.289,0.971,Heavy congestion detected - signal timing extended and reroute suggested
EVT424848,2025-10-03 16:39:39,Cultural Procession,J012,Koramangala Sony World,16407,Weekday,True,Heavy Rain,True,28.8,False,True,1.0,Severe,9.9,98.6,483.7,0.223,0.515,0.818,Road closure for event/procession - full detour recommended for through-traffic
EVT424849,2026-01-13 23:44:52,Concert,J009,Majestic,9811,Weekday,False,Clear,False,0.0,False,False,0.15,Low,23.2,3.6,215.3,0.131,0.302,0.953,Normal free-flow traffic - standard signal timing maintained
EVT424850,2026-02-24 18:19:46,Trade Fair,J020,Malleshwaram Circle,7271,Weekday,False,Clear,False,0.0,False,False,1.0,Severe,9.5,69.5,565.6,0.226,0.522,0.956,Heavy congestion detected - signal timing extended and reroute suggested
EVT424851,2026-03-03 08:38:07,Political Rally,J023,Basavanagudi,14119,Weekday,False,Clear,False,0.0,False,False,1.0,Severe,6.9,69.0,529.0,0.147,0.339,0.928,Heavy congestion detected - signal timing extended and reroute suggested
EVT424852,2025-04-17 16:14:49,Concert,J020,Malleshwaram Circle,19231,Weekday,False,Clear,False,0.0,False,False,0.663,High,20.5,38.9,222.1,0.145,0.335,0.96,Moderate traffic flow - standard adaptive signal timing in effect
EVT424853,2025-07-12 09:48:53,Sports Fixture,J009,Majestic,19847,Weekend,False,Heavy Rain,True,30.9,False,False,1.0,Severe,8.1,69.6,750.2,0.233,0.537,0.879,Heavy rain reducing visibility and grip - reduced speed and longer buffer advised
EVT424854,2025-07-12 19:25:06,Concert,J011,Indiranagar 100ft Road,17237,Weekend,False,Clear,False,0.0,False,False,0.873,Severe,15.5,63.4,414.8,0.24,0.553,0.955,Heavy congestion detected - signal timing extended and reroute suggested
EVT424855,2025-09-29 18:02:08,Local Market Day,J023,Basavanagudi,4783,Weekday,False,Clear,False,0.0,False,False,0.997,Severe,9.6,77.3,479.3,0.193,0.446,0.893,Heavy congestion detected - signal timing extended and reroute suggested
EVT424856,2025-04-21 16:50:50,Local Market Day,J023,Basavanagudi,6029,Weekday,False,Fog,False,0.0,False,False,0.66,High,20.8,45.6,253.4,0.186,0.429,0.971,Moderate traffic flow - standard adaptive signal timing in effect
EVT424857,2026-01-16 10:55:14,Concert,J023,Basavanagudi,12553,Weekday,False,Clear,False,0.0,False,False,0.554,High,25.9,29.6,265.2,0.221,0.511,0.944,Moderate traffic flow - standard adaptive signal timing in effect
EVT424858,2026-04-06 17:23:26,Concert,J023,Basavanagudi,12081,Weekday,False,Clear,False,0.0,False,False,0.933,Severe,9.8,66.4,375.1,0.156,0.361,0.935,Heavy congestion detected - signal timing extended and reroute suggested
EVT424859,2025-01-11 16:14:30,Trade Fair,J012,Koramangala Sony World,9842,Weekend,False,Clear,False,0.0,False,False,0.603,High,20.4,42.5,130.6,0.086,0.198,0.961,Moderate traffic flow - standard adaptive signal timing in effect
EVT424860,2025-04-03 17:34:29,Sports Fixture,J020,Malleshwaram Circle,15080,Weekday,False,Clear,False,0.0,False,False,0.917,Severe,9.7,65.4,441.7,0.179,0.413,0.957,Heavy congestion detected - signal timing extended and reroute suggested
EVT424861,2025-02-01 17:47:15,Concert,J031,Cubbon Road,16729,Weekend,False,Clear,False,0.0,False,False,0.913,Severe,12.1,62.5,339.3,0.16,0.37,0.93,Heavy congestion detected - signal timing extended and reroute suggested
EVT424862,2026-04-01 04:39:22,Local Market Day,J009,Majestic,4980,Weekday,False,Clear,False,0.0,False,False,0.142,Low,36.9,14.0,133.0,0.127,0.294,0.94,Normal free-flow traffic - standard signal timing maintained
EVT424863,2025-09-16 08:01:57,Trade Fair,J012,Koramangala Sony World,5647,Weekday,False,Clear,False,0.0,False,False,0.804,Severe,15.9,56.3,390.4,0.22,0.508,0.914,Heavy congestion detected - signal timing extended and reroute suggested
EVT424864,2026-05-03 19:43:25,Sports Fixture,J009,Majestic,33094,Weekend,False,Clear,False,0.0,False,False,0.9,Severe,15.5,59.4,265.1,0.136,0.314,0.945,Heavy congestion detected - signal timing extended and reroute suggested
EVT424865,2025-07-24 08:17:51,Sports Fixture,J030,MG Road,14798,Weekday,False,Clear,False,0.0,False,False,1.0,Severe,9.6,71.3,389.1,0.175,0.405,0.924,Heavy congestion detected - signal timing extended and reroute suggested
EVT424866,2025-07-02 19:34:10,Local Market Day,J040,City Market,2173,Weekday,False,Heavy Rain,True,34.5,False,False,1.0,Severe,8.3,72.4,643.1,0.228,0.528,0.864,Heavy rain reducing visibility and grip - reduced speed and longer buffer advised
EVT424867,2026-04-24 06:36:30,Local Market Day,J040,City Market,2382,Weekday,False,Clear,False,0.0,False,False,0.318,Low,29.7,25.9,167.6,0.133,0.308,0.977,Moderate traffic flow - standard adaptive signal timing in effect
EVT424868,2026-06-29 12:16:30,Local Market Day,J030,MG Road,3463,Weekday,False,Heavy Rain,True,31.8,True,False,0.898,Severe,9.5,61.2,580.3,0.233,0.537,0.741,Accident detected nearby - reroute and reduced speed advised
EVT424869,2025-04-25 07:29:13,Concert,J020,Malleshwaram Circle,9084,Weekday,False,Fog,False,0.0,False,False,0.666,High,22.0,51.9,232.9,0.17,0.392,0.978,Moderate traffic flow - standard adaptive signal timing in effect
EVT424870,2025-02-08 18:17:44,Trade Fair,J023,Basavanagudi,13814,Weekend,False,Clear,False,0.0,False,False,0.931,Severe,9.9,66.2,467.9,0.197,0.456,0.929,Heavy congestion detected - signal timing extended and reroute suggested
EVT424871,2025-10-09 11:59:45,Local Market Day,J031,Cubbon Road,5915,Weekday,False,Clear,False,0.0,False,False,0.292,Low,32.0,19.4,146.7,0.126,0.292,0.95,Moderate traffic flow - standard adaptive signal timing in effect
EVT424872,2025-10-09 17:29:34,Local Market Day,J023,Basavanagudi,4917,Weekday,False,Light Rain,True,6.3,False,False,0.986,Severe,10.2,72.0,609.5,0.255,0.588,0.864,Heavy rain reducing visibility and grip - reduced speed and longer buffer advised
EVT424873,2025-09-04 19:24:56,Local Market Day,J011,Indiranagar 100ft Road,3299,Weekday,False,Clear,False,0.0,False,False,0.929,Severe,12.0,63.3,359.4,0.171,0.394,0.922,Heavy congestion detected - signal timing extended and reroute suggested
EVT424874,2025-01-26 07:25:03,Fireworks Display,J009,Majestic,26153,Weekend,True,Clear,False,0.0,False,False,0.858,Severe,15.0,54.9,423.5,0.226,0.523,0.9,Festival crowd surge detected - alternate route and extended cycle recommended
EVT424875,2025-12-25 20:08:57,Cultural Procession,J012,Koramangala Sony World,42854,Weekday,True,Clear,False,0.0,False,True,1.0,Severe,7.7,100.3,900.8,0.276,0.638,0.832,Road closure for event/procession - full detour recommended for through-traffic
EVT424876,2025-12-16 06:54:54,Local Market Day,J012,Koramangala Sony World,6668,Weekday,False,Clear,False,0.0,False,False,0.439,Moderate,23.5,26.6,202.3,0.149,0.344,0.977,Moderate traffic flow - standard adaptive signal timing in effect
EVT424877,2026-02-19 07:08:41,Local Market Day,J031,Cubbon Road,2554,Weekday,False,Clear,False,0.0,False,False,0.434,Moderate,23.4,28.5,113.6,0.062,0.144,0.971,Moderate traffic flow - standard adaptive signal timing in effect
EVT424878,2025-12-16 20:00:21,Local Market Day,J030,MG Road,5575,Weekday,False,Clear,False,0.0,False,False,0.728,High,19.6,53.6,156.7,0.093,0.214,0.962,Moderate traffic flow - standard adaptive signal timing in effect
EVT424879,2026-06-21 18:43:25,Concert,J030,MG Road,8507,Weekend,False,Clear,False,0.0,False,False,0.912,Severe,11.5,62.1,466.0,0.189,0.436,0.978,Heavy congestion detected - signal timing extended and reroute suggested
EVT424880,2025-11-17 14:02:06,Sports Fixture,J009,Majestic,30272,Weekday,False,Clear,False,0.0,False,False,0.344,Low,32.7,25.9,163.9,0.16,0.371,0.973,Moderate traffic flow - standard adaptive signal timing in effect
EVT424881,2026-01-22 05:33:05,Local Market Day,J031,Cubbon Road,5562,Weekday,False,Clear,False,0.0,False,False,0.196,Low,34.3,15.7,126.8,0.102,0.237,0.973,Normal free-flow traffic - standard signal timing maintained
EVT424882,2025-11-23 13:23:55,Sports Fixture,J011,Indiranagar 100ft Road,15258,Weekend,False,Clear,False,0.0,False,False,0.304,Low,25.6,15.6,128.1,0.086,0.199,0.963,Moderate traffic flow - standard adaptive signal timing in effect
EVT424883,2026-02-26 21:54:25,Concert,J011,Indiranagar 100ft Road,13866,Weekday,False,Clear,False,0.0,False,False,0.328,Low,29.6,18.1,107.8,0.096,0.223,0.989,Moderate traffic flow - standard adaptive signal timing in effect
EVT424884,2025-11-17 10:54:45,Local Market Day,J040,City Market,5942,Weekday,False,Clear,False,0.0,False,False,0.471,Moderate,27.6,30.7,213.7,0.17,0.392,0.954,Moderate traffic flow - standard adaptive signal timing in effect
EVT424885,2025-08-17 12:30:43,Local Market Day,J011,Indiranagar 100ft Road,5097,Weekend,False,Clear,False,0.0,False,False,0.212,Low,36.4,20.8,111.7,0.118,0.274,0.968,Normal free-flow traffic - standard signal timing maintained
EVT424886,2025-10-07 15:29:48,Sports Fixture,J012,Koramangala Sony World,50776,Weekday,False,Clear,False,0.0,False,False,0.613,High,19.6,44.5,240.1,0.158,0.364,0.974,Moderate traffic flow - standard adaptive signal timing in effect
EVT424887,2025-06-06 10:25:03,Trade Fair,J023,Basavanagudi,15708,Weekday,False,Heavy Rain,True,27.9,False,False,1.0,Severe,7.1,74.3,402.2,0.12,0.277,0.872,Heavy rain reducing visibility and grip - reduced speed and longer buffer advised
EVT424888,2025-02-01 14:05:45,Concert,J031,Cubbon Road,15056,Weekend,False,Clear,False,0.0,False,False,0.322,Low,25.2,17.3,197.0,0.136,0.315,0.979,Moderate traffic flow - standard adaptive signal timing in effect
EVT424889,2026-01-27 22:30:34,Religious Festival,J023,Basavanagudi,29609,Weekday,True,Clear,False,0.0,False,False,0.65,High,19.9,47.8,209.7,0.153,0.354,0.921,Festival crowd surge detected - alternate route and extended cycle recommended
EVT424890,2025-02-25 17:01:33,Trade Fair,J012,Koramangala Sony World,5771,Weekday,False,Clear,False,0.0,False,False,0.696,High,17.0,45.9,440.6,0.264,0.61,0.949,Moderate traffic flow - standard adaptive signal timing in effect
EVT424891,2025-02-19 09:56:22,Concert,J009,Majestic,15225,Weekday,False,Fog,False,0.0,False,False,0.927,Severe,11.5,66.9,445.8,0.185,0.428,0.946,Heavy congestion detected - signal timing extended and reroute suggested
EVT424892,2025-11-17 22:44:19,Local Market Day,J023,Basavanagudi,2508,Weekday,False,Clear,False,0.0,False,False,0.229,Low,32.2,12.4,144.3,0.118,0.274,0.948,Normal free-flow traffic - standard signal timing maintained
EVT424893,2025-03-09 12:20:33,Local Market Day,J012,Koramangala Sony World,4837,Weekend,False,Clear,False,0.0,False,False,0.246,Low,39.3,22.9,87.8,0.081,0.188,0.933,Normal free-flow traffic - standard signal timing maintained
EVT424894,2025-08-21 08:08:35,Political Rally,J012,Koramangala Sony World,15024,Weekday,False,Clear,False,0.0,False,False,0.945,Severe,8.5,65.4,500.7,0.175,0.405,0.919,Heavy congestion detected - signal timing extended and reroute suggested
EVT424895,2025-08-15 11:07:59,Cultural Procession,J020,Malleshwaram Circle,22629,Weekday,True,Heavy Rain,True,31.7,False,True,1.0,Severe,8.8,102.2,516.2,0.206,0.475,0.804,Road closure for event/procession - full detour recommended for through-traffic
EVT424896,2025-06-01 08:32:03,Sports Fixture,J031,Cubbon Road,31490,Weekend,False,Heavy Rain,True,38.5,False,False,1.0,Severe,7.0,71.3,973.5,0.293,0.677,0.85,Heavy rain reducing visibility and grip - reduced speed and longer buffer advised
EVT424897,2026-05-08 09:36:23,Sports Fixture,J011,Indiranagar 100ft Road,39798,Weekday,False,Clear,False,0.0,False,False,1.0,Severe,10.4,70.3,289.2,0.111,0.256,0.889,Heavy congestion detected - signal timing extended and reroute suggested
EVT424898,2025-10-22 11:06:36,Cultural Procession,J020,Malleshwaram Circle,28861,Weekday,True,Rain,True,23.7,False,False,0.996,Severe,7.9,67.6,320.9,0.118,0.273,0.794,Festival crowd surge detected - alternate route and extended cycle recommended
EVT424899,2026-01-04 12:35:49,Sports Fixture,J011,Indiranagar 100ft Road,18180,Weekend,False,Clear,False,0.0,False,False,0.379,Moderate,32.3,24.5,152.2,0.162,0.374,0.981,Moderate traffic flow - standard adaptive signal timing in effect
EVT424900,2025-05-15 06:45:45,Local Market Day,J020,Malleshwaram Circle,4377,Weekday,False,Clear,False,0.0,False,False,0.404,Moderate,35.7,32.7,127.1,0.115,0.265,0.967,Moderate traffic flow - standard adaptive signal timing in effect
EVT424901,2025-12-04 20:33:29,Sports Fixture,J011,Indiranagar 100ft Road,25711,Weekday,False,Clear,False,0.0,False,False,0.635,High,22.0,46.9,344.4,0.236,0.545,0.958,Moderate traffic flow - standard adaptive signal timing in effect
EVT424902,2026-03-11 08:51:39,Local Market Day,J030,MG Road,6711,Weekday,False,Clear,False,0.0,False,False,1.0,Severe,8.8,73.4,461.0,0.177,0.409,0.929,Heavy congestion detected - signal timing extended and reroute suggested
EVT424903,2025-09-29 05:08:41,Trade Fair,J009,Majestic,7879,Weekday,False,Clear,False,0.0,False,False,0.242,Low,29.5,17.8,159.3,0.118,0.273,0.963,Normal free-flow traffic - standard signal timing maintained
EVT424904,2025-09-20 08:06:23,Local Market Day,J011,Indiranagar 100ft Road,5098,Weekend,False,Light Rain,True,6.1,False,False,0.963,Severe,7.3,67.3,1039.0,0.31,0.715,0.852,Heavy rain reducing visibility and grip - reduced speed and longer buffer advised
EVT424905,2025-04-01 14:07:14,Trade Fair,J011,Indiranagar 100ft Road,5763,Weekday,False,Clear,False,0.0,False,False,0.182,Low,28.9,11.5,160.2,0.11,0.254,0.977,Normal free-flow traffic - standard signal timing maintained
EVT424906,2025-05-31 15:56:09,Concert,J020,Malleshwaram Circle,8429,Weekend,False,Clear,False,0.0,False,False,0.464,Moderate,28.7,28.6,146.5,0.115,0.265,0.985,Moderate traffic flow - standard adaptive signal timing in effect
EVT424907,2025-12-05 17:06:45,Trade Fair,J031,Cubbon Road,9455,Weekday,False,Clear,False,0.0,False,False,0.709,High,14.7,50.1,215.3,0.095,0.219,0.99,Moderate traffic flow - standard adaptive signal timing in effect
EVT424908,2025-01-03 08:52:35,Local Market Day,J030,MG Road,4244,Weekday,False,Clear,False,0.0,False,False,0.999,Severe,9.2,72.3,334.7,0.115,0.266,0.926,Heavy congestion detected - signal timing extended and reroute suggested
EVT424909,2025-04-08 17:12:27,Political Rally,J031,Cubbon Road,21449,Weekday,False,Fog,False,0.0,False,False,0.921,Severe,12.2,64.3,228.1,0.095,0.219,0.912,Heavy congestion detected - signal timing extended and reroute suggested
EVT424910,2026-06-23 12:48:10,Sports Fixture,J031,Cubbon Road,25609,Weekday,False,Clear,False,0.0,False,False,0.321,Low,31.2,22.0,189.8,0.155,0.358,0.977,Moderate traffic flow - standard adaptive signal timing in effect
EVT424911,2025-12-17 06:37:42,Local Market Day,J040,City Market,2658,Weekday,False,Clear,False,0.0,False,False,0.32,Low,34.6,20.6,154.9,0.135,0.311,0.93,Moderate traffic flow - standard adaptive signal timing in effect
EVT424912,2026-04-13 14:38:05,Sports Fixture,J031,Cubbon Road,23601,Weekday,False,Clear,False,0.0,False,False,0.408,Moderate,28.2,33.8,110.6,0.09,0.207,0.961,Moderate traffic flow - standard adaptive signal timing in effect
EVT424913,2026-04-18 13:57:57,Local Market Day,J020,Malleshwaram Circle,7978,Weekend,False,Clear,False,0.0,False,False,0.31,Low,22.5,15.5,228.2,0.13,0.3,0.957,Moderate traffic flow - standard adaptive signal timing in effect
EVT424914,2026-05-22 20:41:55,Local Market Day,J030,MG Road,3276,Weekday,False,Fog,False,0.0,False,False,0.498,Moderate,24.4,29.5,339.3,0.237,0.547,0.963,Moderate traffic flow - standard adaptive signal timing in effect
EVT424915,2025-08-18 10:48:10,Local Market Day,J030,MG Road,3264,Weekday,False,Heavy Rain,True,40.4,False,False,0.8,Severe,15.2,58.1,212.1,0.108,0.251,0.882,Heavy rain reducing visibility and grip - reduced speed and longer buffer advised
EVT424916,2025-08-25 09:18:03,Local Market Day,J031,Cubbon Road,6677,Weekday,False,Heavy Rain,True,29.3,False,False,1.0,Severe,7.8,80.0,795.6,0.267,0.617,0.869,Heavy rain reducing visibility and grip - reduced speed and longer buffer advised
EVT424917,2025-02-05 09:57:56,Local Market Day,J009,Majestic,6692,Weekday,False,Clear,False,0.0,False,False,0.831,Severe,14.7,55.8,524.8,0.265,0.611,0.953,Heavy congestion detected - signal timing extended and reroute suggested
EVT424918,2025-12-15 17:11:18,Local Market Day,J009,Majestic,3260,Weekday,False,Clear,False,0.0,False,False,0.751,Severe,16.7,51.6,251.1,0.164,0.379,0.944,Heavy congestion detected - signal timing extended and reroute suggested
EVT424919,2025-03-26 09:43:33,Local Market Day,J009,Majestic,3493,Weekday,False,Clear,False,0.0,False,False,0.944,Severe,9.5,68.8,494.2,0.216,0.499,0.938,Heavy congestion detected - signal timing extended and reroute suggested
EVT424920,2025-09-11 10:59:59,Local Market Day,J009,Majestic,3969,Weekday,False,Clear,False,0.0,False,False,0.448,Moderate,25.9,35.4,165.5,0.122,0.283,0.975,Moderate traffic flow - standard adaptive signal timing in effect
EVT424921,2026-03-23 10:25:35,Political Rally,J040,City Market,16929,Weekday,False,Clear,False,0.0,False,False,0.683,High,18.0,45.9,376.2,0.235,0.542,0.98,Moderate traffic flow - standard adaptive signal timing in effect
EVT424922,2026-04-18 16:01:18,Local Market Day,J011,Indiranagar 100ft Road,3922,Weekend,False,Clear,False,0.0,False,False,0.382,Moderate,34.4,30.9,186.6,0.173,0.399,0.977,Moderate traffic flow - standard adaptive signal timing in effect
EVT424923,2026-05-13 09:17:47,Concert,J012,Koramangala Sony World,11448,Weekday,False,Clear,False,0.0,False,False,1.0,Severe,7.7,75.3,502.1,0.161,0.371,0.904,Heavy congestion detected - signal timing extended and reroute suggested
EVT424924,2025-06-29 13:39:06,Sports Fixture,J030,MG Road,18702,Weekend,False,Rain,True,8.0,False,False,0.44,Moderate,25.7,28.6,201.5,0.14,0.324,0.916,Light rain detected - minor speed reduction advised
EVT424925,2025-04-23 12:53:01,Local Market Day,J023,Basavanagudi,4171,Weekday,False,Clear,False,0.0,False,False,0.195,Low,29.1,14.0,174.0,0.133,0.306,0.956,Normal free-flow traffic - standard signal timing maintained
EVT424926,2025-02-28 08:15:31,Local Market Day,J020,Malleshwaram Circle,2345,Weekday,False,Clear,False,0.0,False,False,0.895,Severe,10.6,57.7,350.2,0.167,0.386,0.913,Heavy congestion detected - signal timing extended and reroute suggested
EVT424927,2026-04-12 22:44:43,Concert,J009,Majestic,8892,Weekend,False,Fog,False,0.0,False,False,0.288,Low,30.5,24.7,241.8,0.189,0.437,0.962,Moderate traffic flow - standard adaptive signal timing in effect
EVT424928,2025-10-09 10:15:28,Local Market Day,J012,Koramangala Sony World,3946,Weekday,False,Clear,False,0.0,False,False,0.696,High,17.7,51.4,326.8,0.21,0.485,0.985,Moderate traffic flow - standard adaptive signal timing in effect
EVT424929,2025-11-13 19:53:46,Concert,J040,City Market,13860,Weekday,False,Clear,False,0.0,False,False,0.833,Severe,12.2,53.4,330.6,0.124,0.286,0.928,Heavy congestion detected - signal timing extended and reroute suggested
EVT424930,2025-04-19 18:44:06,Political Rally,J009,Majestic,10114,Weekend,False,Clear,False,0.0,False,False,0.839,Severe,13.7,67.4,558.8,0.261,0.603,0.946,Heavy congestion detected - signal timing extended and reroute suggested
EVT424931,2025-01-07 14:56:47,Trade Fair,J040,City Market,6761,Weekday,False,Clear,False,0.0,False,False,0.23,Low,21.0,16.9,154.1,0.091,0.211,0.926,Normal free-flow traffic - standard signal timing maintained
EVT424932,2026-03-07 09:22:40,Concert,J009,Majestic,11164,Weekend,False,Clear,False,0.0,False,False,0.904,Severe,12.5,69.7,467.1,0.225,0.52,0.932,Heavy congestion detected - signal timing extended and reroute suggested
EVT424933,2025-03-13 00:18:21,Political Rally,J009,Majestic,12762,Weekday,False,Clear,False,0.0,False,False,0.225,Low,30.1,19.9,137.9,0.113,0.262,0.976,Normal free-flow traffic - standard signal timing maintained
EVT424934,2025-03-23 07:31:15,Local Market Day,J012,Koramangala Sony World,2992,Weekend,False,Clear,False,0.0,False,False,0.515,Moderate,20.0,42.1,251.3,0.151,0.35,0.953,Moderate traffic flow - standard adaptive signal timing in effect
EVT424935,2026-03-22 16:02:37,Sports Fixture,J009,Majestic,17694,Weekend,False,Clear,False,0.0,False,False,0.513,Moderate,21.3,36.2,217.6,0.148,0.342,0.975,Moderate traffic flow - standard adaptive signal timing in effect
EVT424936,2026-03-28 12:07:09,Trade Fair,J009,Majestic,9501,Weekend,False,Fog,False,0.0,False,False,0.283,Low,27.1,22.2,184.1,0.111,0.256,0.979,Moderate traffic flow - standard adaptive signal timing in effect
EVT424937,2026-02-06 13:13:43,Concert,J023,Basavanagudi,10265,Weekday,False,Clear,False,0.0,False,False,0.199,Low,29.7,10.8,143.3,0.115,0.266,0.966,Normal free-flow traffic - standard signal timing maintained
EVT424938,2025-11-25 19:26:47,Local Market Day,J012,Koramangala Sony World,8301,Weekday,False,Rain,True,19.8,False,False,1.0,Severe,9.5,72.6,239.7,0.108,0.251,0.855,Heavy rain reducing visibility and grip - reduced speed and longer buffer advised
EVT424939,2025-01-03 19:21:50,Local Market Day,J011,Indiranagar 100ft Road,3203,Weekday,False,Clear,False,0.0,False,False,0.926,Severe,11.7,63.3,454.0,0.212,0.491,0.931,Heavy congestion detected - signal timing extended and reroute suggested
EVT424940,2026-04-29 08:37:43,Local Market Day,J023,Basavanagudi,2757,Weekday,False,Clear,False,0.0,False,False,0.989,Severe,9.6,72.7,914.2,0.313,0.722,0.927,Heavy congestion detected - signal timing extended and reroute suggested
EVT424941,2025-10-13 16:36:45,Sports Fixture,J023,Basavanagudi,17399,Weekday,False,Light Rain,True,5.4,False,False,0.818,Severe,15.9,55.4,178.7,0.101,0.234,0.895,Heavy rain reducing visibility and grip - reduced speed and longer buffer advised
EVT424942,2025-12-31 18:06:33,Concert,J020,Malleshwaram Circle,11898,Weekday,False,Clear,False,0.0,False,False,0.974,Severe,9.5,68.0,542.1,0.193,0.445,0.916,Heavy congestion detected - signal timing extended and reroute suggested
EVT424943,2025-07-12 18:40:09,Sports Fixture,J009,Majestic,18633,Weekend,False,Heavy Rain,True,58.8,False,False,1.0,Severe,8.8,75.1,587.3,0.203,0.469,0.862,Heavy rain reducing visibility and grip - reduced speed and longer buffer advised
EVT424944,2025-10-24 20:37:56,Concert,J023,Basavanagudi,15374,Weekday,False,Clear,False,0.0,False,False,0.587,High,21.4,39.0,245.2,0.17,0.392,0.944,Moderate traffic flow - standard adaptive signal timing in effect
EVT424945,2025-09-07 13:00:04,Trade Fair,J011,Indiranagar 100ft Road,10854,Weekend,False,Heavy Rain,True,29.7,False,False,0.571,High,23.3,36.6,280.9,0.186,0.429,0.915,Heavy rain reducing visibility and grip - reduced speed and longer buffer advised
EVT424946,2025-02-25 12:46:01,Local Market Day,J012,Koramangala Sony World,3605,Weekday,False,Clear,False,0.0,False,False,0.241,Low,32.4,17.4,124.9,0.109,0.251,0.986,Normal free-flow traffic - standard signal timing maintained
EVT424947,2025-12-30 20:47:03,Local Market Day,J009,Majestic,2863,Weekday,False,Clear,False,0.0,False,False,0.465,Moderate,20.8,33.3,142.2,0.067,0.155,0.959,Moderate traffic flow - standard adaptive signal timing in effect
EVT424948,2025-02-20 22:24:51,Local Market Day,J009,Majestic,5964,Weekday,False,Clear,False,0.0,False,False,0.23,Low,34.4,17.1,96.9,0.078,0.179,0.941,Normal free-flow traffic - standard signal timing maintained
EVT424949,2025-03-09 15:55:32,Local Market Day,J011,Indiranagar 100ft Road,4561,Weekend,False,Clear,False,0.0,False,False,0.402,Moderate,27.7,24.1,157.3,0.135,0.313,0.957,Moderate traffic flow - standard adaptive signal timing in effect
EVT424950,2026-04-07 08:00:42,Local Market Day,J040,City Market,4728,Weekday,False,Clear,False,0.0,False,False,0.81,Severe,14.1,60.6,334.1,0.141,0.326,0.962,Heavy congestion detected - signal timing extended and reroute suggested
EVT424951,2026-02-03 10:14:55,Local Market Day,J023,Basavanagudi,5297,Weekday,False,Clear,False,0.0,False,False,0.715,High,16.9,55.5,241.3,0.118,0.273,0.967,Moderate traffic flow - standard adaptive signal timing in effect
EVT424952,2025-08-03 15:11:42,Local Market Day,J023,Basavanagudi,4203,Weekend,False,Rain,True,20.2,False,False,0.569,High,23.8,43.8,249.7,0.166,0.384,0.935,Heavy rain reducing visibility and grip - reduced speed and longer buffer advised
EVT424953,2026-05-21 10:30:24,Trade Fair,J023,Basavanagudi,7619,Weekday,False,Clear,False,0.0,False,False,0.623,High,22.9,44.5,222.1,0.156,0.36,0.943,Moderate traffic flow - standard adaptive signal timing in effect
EVT424954,2025-08-17 16:56:43,Local Market Day,J023,Basavanagudi,5634,Weekend,False,Clear,False,0.0,False,False,0.676,High,15.7,50.3,298.4,0.159,0.367,0.973,Moderate traffic flow - standard adaptive signal timing in effect
EVT424955,2026-05-23 14:31:24,Sports Fixture,J012,Koramangala Sony World,36323,Weekend,False,Fog,False,0.0,False,False,0.55,Moderate,23.7,38.9,201.9,0.132,0.306,0.955,Moderate traffic flow - standard adaptive signal timing in effect
EVT424956,2026-02-11 07:32:24,Sports Fixture,J020,Malleshwaram Circle,19471,Weekday,False,Clear,False,0.0,False,False,0.673,High,18.2,49.0,349.1,0.207,0.478,0.986,Moderate traffic flow - standard adaptive signal timing in effect
EVT424957,2026-01-16 14:04:58,Local Market Day,J023,Basavanagudi,1803,Weekday,False,Clear,False,0.0,False,False,0.214,Low,30.8,17.0,104.2,0.089,0.205,0.941,Normal free-flow traffic - standard signal timing maintained
EVT424958,2026-02-18 18:37:35,Local Market Day,J030,MG Road,5349,Weekday,False,Clear,False,0.0,False,False,1.0,Severe,9.5,72.7,701.7,0.292,0.675,0.891,Heavy congestion detected - signal timing extended and reroute suggested
EVT424959,2025-11-11 12:18:27,Local Market Day,J030,MG Road,2713,Weekday,False,Clear,False,0.0,False,False,0.114,Low,42.4,16.8,133.7,0.136,0.315,0.95,Normal free-flow traffic - standard signal timing maintained
EVT424960,2025-07-23 06:15:58,Local Market Day,J030,MG Road,3819,Weekday,False,Rain,True,13.1,False,False,0.457,Moderate,25.7,31.0,282.6,0.215,0.496,0.94,Light rain detected - minor speed reduction advised
EVT424961,2025-12-04 23:02:48,Trade Fair,J009,Majestic,17309,Weekday,False,Clear,False,0.0,False,False,0.348,Low,38.3,29.0,106.5,0.101,0.233,0.975,Moderate traffic flow - standard adaptive signal timing in effect
EVT424962,2025-09-06 17:51:42,Fireworks Display,J023,Basavanagudi,50523,Weekend,True,Rain,True,13.0,False,False,1.0,Severe,9.2,73.4,459.0,0.173,0.399,0.805,Festival crowd surge detected - alternate route and extended cycle recommended
EVT424963,2026-06-29 09:10:36,Political Rally,J011,Indiranagar 100ft Road,14734,Weekday,False,Clear,False,0.0,False,False,1.0,Severe,9.4,72.5,653.8,0.265,0.612,0.915,Heavy congestion detected - signal timing extended and reroute suggested
EVT424964,2025-09-07 06:46:36,Political Rally,J030,MG Road,14185,Weekend,False,Rain,True,21.2,False,False,0.707,High,18.8,52.2,240.9,0.137,0.316,0.933,Heavy rain reducing visibility and grip - reduced speed and longer buffer advised
EVT424965,2026-05-02 22:28:05,Religious Festival,J011,Indiranagar 100ft Road,39773,Weekend,True,Clear,False,0.0,False,True,0.785,High,16.1,72.5,400.8,0.205,0.473,0.885,Road closure for event/procession - full detour recommended for through-traffic
EVT424966,2026-04-11 18:23:32,Trade Fair,J031,Cubbon Road,12755,Weekend,False,Clear,False,0.0,False,False,0.809,Severe,12.4,51.9,386.6,0.188,0.435,0.969,Heavy congestion detected - signal timing extended and reroute suggested
EVT424967,2025-12-10 09:51:36,Trade Fair,J031,Cubbon Road,10166,Weekday,False,Clear,False,0.0,False,False,0.806,Severe,15.5,52.7,384.9,0.197,0.456,0.973,Heavy congestion detected - signal timing extended and reroute suggested
EVT424968,2026-03-15 14:56:53,Local Market Day,J012,Koramangala Sony World,3643,Weekend,False,Clear,False,0.0,False,False,0.33,Low,30.9,14.5,134.8,0.1,0.23,0.964,Moderate traffic flow - standard adaptive signal timing in effect
EVT424969,2025-10-28 18:04:24,Local Market Day,J030,MG Road,4280,Weekday,False,Clear,False,0.0,False,False,1.0,Severe,10.1,76.5,687.5,0.251,0.58,0.911,Heavy congestion detected - signal timing extended and reroute suggested
EVT424970,2025-03-24 13:04:34,Concert,J023,Basavanagudi,19810,Weekday,False,Clear,False,0.0,False,False,0.325,Low,35.1,22.4,136.2,0.103,0.239,0.963,Moderate traffic flow - standard adaptive signal timing in effect
EVT424971,2025-08-08 05:36:19,Sports Fixture,J012,Koramangala Sony World,27156,Weekday,False,Rain,True,13.0,True,False,0.978,Severe,11.4,66.8,403.5,0.182,0.42,0.697,Accident detected nearby - reroute and reduced speed advised
EVT424972,2025-12-09 17:31:13,Local Market Day,J020,Malleshwaram Circle,4560,Weekday,False,Clear,False,0.0,False,False,0.858,Severe,13.5,61.2,512.1,0.258,0.597,0.935,Heavy congestion detected - signal timing extended and reroute suggested
EVT424973,2026-05-18 11:37:45,Local Market Day,J040,City Market,8152,Weekday,False,Clear,False,0.0,False,False,0.343,Low,31.3,25.5,191.9,0.145,0.334,0.966,Moderate traffic flow - standard adaptive signal timing in effect
EVT424974,2026-06-02 09:11:49,Sports Fixture,J031,Cubbon Road,20143,Weekday,False,Rain,True,14.7,False,False,1.0,Severe,7.9,74.2,211.5,0.082,0.19,0.851,Heavy rain reducing visibility and grip - reduced speed and longer buffer advised
EVT424975,2026-02-16 10:19:19,Political Rally,J020,Malleshwaram Circle,13990,Weekday,False,Clear,False,0.0,False,False,0.718,High,18.0,51.4,187.7,0.126,0.291,0.947,Moderate traffic flow - standard adaptive signal timing in effect
EVT424976,2025-02-16 20:06:00,Local Market Day,J012,Koramangala Sony World,4164,Weekend,False,Clear,False,0.0,False,False,0.626,High,20.5,52.0,314.9,0.214,0.495,0.988,Moderate traffic flow - standard adaptive signal timing in effect
EVT424977,2025-06-11 18:35:13,Trade Fair,J023,Basavanagudi,6650,Weekday,False,Rain,True,13.3,False,False,1.0,Severe,8.7,68.0,660.4,0.246,0.568,0.885,Heavy rain reducing visibility and grip - reduced speed and longer buffer advised
EVT424978,2025-09-04 09:45:20,Trade Fair,J020,Malleshwaram Circle,6305,Weekday,False,Clear,False,0.0,False,False,0.937,Severe,10.7,64.1,414.4,0.159,0.367,0.945,Heavy congestion detected - signal timing extended and reroute suggested
EVT424979,2025-08-08 19:02:34,Trade Fair,J012,Koramangala Sony World,14556,Weekday,False,Clear,False,0.0,False,False,1.0,Severe,9.7,70.7,626.7,0.244,0.564,0.906,Heavy congestion detected - signal timing extended and reroute suggested
EVT424980,2025-10-14 08:50:42,Sports Fixture,J031,Cubbon Road,33187,Weekday,False,Clear,False,0.0,False,False,1.0,Severe,8.8,68.9,658.7,0.255,0.59,0.899,Heavy congestion detected - signal timing extended and reroute suggested
EVT424981,2026-05-13 20:58:36,Concert,J030,MG Road,5808,Weekday,False,Rain,True,10.0,False,False,0.514,Moderate,20.8,35.6,289.2,0.181,0.417,0.937,Light rain detected - minor speed reduction advised
EVT424982,2025-12-25 17:26:54,Religious Festival,J023,Basavanagudi,21762,Weekday,True,Clear,False,0.0,False,False,1.0,Severe,10.5,68.2,168.6,0.076,0.175,0.874,Festival crowd surge detected - alternate route and extended cycle recommended
EVT424983,2025-12-23 13:42:01,Local Market Day,J040,City Market,3090,Weekday,False,Clear,False,0.0,False,False,0.227,Low,26.4,18.1,155.9,0.097,0.225,0.979,Normal free-flow traffic - standard signal timing maintained
EVT424984,2026-02-01 19:55:22,Trade Fair,J012,Koramangala Sony World,7889,Weekend,False,Clear,False,0.0,False,False,0.705,High,18.3,54.7,303.1,0.176,0.407,0.96,Moderate traffic flow - standard adaptive signal timing in effect
EVT424985,2026-02-12 10:52:53,Sports Fixture,J020,Malleshwaram Circle,29416,Weekday,False,Clear,False,0.0,False,False,0.641,High,17.4,49.8,226.9,0.139,0.321,0.931,Moderate traffic flow - standard adaptive signal timing in effect
EVT424986,2025-03-20 17:11:37,Local Market Day,J031,Cubbon Road,6303,Weekday,False,Clear,False,0.0,False,False,0.856,Severe,14.9,60.8,222.6,0.118,0.273,0.956,Heavy congestion detected - signal timing extended and reroute suggested
EVT424987,2025-04-11 20:42:22,Sports Fixture,J040,City Market,13299,Weekday,False,Rain,True,10.7,False,False,0.729,High,17.2,57.1,319.0,0.162,0.373,0.911,Heavy rain reducing visibility and grip - reduced speed and longer buffer advised
EVT424988,2026-05-15 19:06:10,Sports Fixture,J040,City Market,14637,Weekday,False,Clear,False,0.0,False,False,0.983,Severe,7.5,69.0,369.7,0.133,0.307,0.906,Heavy congestion detected - signal timing extended and reroute suggested
EVT424989,2025-05-13 19:12:38,Trade Fair,J012,Koramangala Sony World,4875,Weekday,False,Rain,True,14.9,False,False,1.0,Severe,8.8,74.2,766.5,0.284,0.656,0.824,Heavy rain reducing visibility and grip - reduced speed and longer buffer advised
EVT424990,2025-02-07 14:01:49,Sports Fixture,J011,Indiranagar 100ft Road,30498,Weekday,False,Fog,False,0.0,False,False,0.358,Moderate,30.3,24.8,144.7,0.109,0.253,0.967,Moderate traffic flow - standard adaptive signal timing in effect
EVT424991,2025-08-09 13:08:02,Local Market Day,J020,Malleshwaram Circle,5435,Weekend,False,Rain,True,12.9,False,False,0.367,Moderate,26.7,27.2,228.7,0.17,0.393,0.912,Light rain detected - minor speed reduction advised
EVT424992,2025-09-29 20:25:36,Trade Fair,J020,Malleshwaram Circle,6816,Weekday,False,Rain,True,14.1,False,False,0.757,Severe,15.1,54.0,390.1,0.197,0.456,0.925,Heavy rain reducing visibility and grip - reduced speed and longer buffer advised
EVT424993,2025-09-01 09:14:23,Trade Fair,J040,City Market,6589,Weekday,False,Clear,False,0.0,False,False,0.975,Severe,10.1,74.8,173.8,0.071,0.164,0.944,Heavy congestion detected - signal timing extended and reroute suggested
EVT424994,2026-05-05 09:53:07,Sports Fixture,J012,Koramangala Sony World,28251,Weekday,False,Clear,False,0.0,False,False,0.961,Severe,10.2,69.2,381.7,0.157,0.363,0.902,Heavy congestion detected - signal timing extended and reroute suggested
EVT424995,2025-07-24 14:31:32,Trade Fair,J023,Basavanagudi,11337,Weekday,False,Clear,False,0.0,False,False,0.286,Low,27.4,21.1,140.6,0.104,0.241,0.979,Moderate traffic flow - standard adaptive signal timing in effect
EVT424996,2025-03-13 10:02:54,Political Rally,J009,Majestic,15065,Weekday,False,Clear,False,0.0,False,False,0.847,Severe,15.6,59.2,177.4,0.1,0.231,0.9,Heavy congestion detected - signal timing extended and reroute suggested
EVT424997,2025-02-27 21:47:02,Sports Fixture,J009,Majestic,31995,Weekday,False,Clear,False,0.0,False,False,0.477,Moderate,23.5,38.3,220.1,0.14,0.324,0.971,Moderate traffic flow - standard adaptive signal timing in effect
EVT424998,2025-04-30 18:15:47,Sports Fixture,J011,Indiranagar 100ft Road,11275,Weekday,False,Clear,False,0.0,False,False,1.0,Severe,7.8,70.8,591.1,0.186,0.43,0.936,Heavy congestion detected - signal timing extended and reroute suggested
EVT424999,2025-09-23 06:03:09,Political Rally,J040,City Market,8414,Weekday,False,Clear,False,0.0,False,False,0.197,Low,35.7,10.7,145.5,0.13,0.3,0.974,Normal free-flow traffic - standard signal timing maintained
EVT425000,2025-10-09 17:43:25,Political Rally,J023,Basavanagudi,20812,Weekday,False,Clear,False,0.0,False,False,1.0,Severe,9.3,66.8,525.6,0.176,0.406,0.914,Heavy congestion detected - signal timing extended and reroute suggested
EVT425001,2025-11-09 08:31:46,Sports Fixture,J009,Majestic,24339,Weekend,False,Clear,False,0.0,False,False,0.928,Severe,11.5,58.5,230.0,0.113,0.261,0.907,Heavy congestion detected - signal timing extended and reroute suggested
EVT425002,2026-03-10 06:47:26,Trade Fair,J020,Malleshwaram Circle,7634,Weekday,False,Clear,False,0.0,False,False,0.408,Moderate,25.4,27.7,214.0,0.166,0.383,0.983,Moderate traffic flow - standard adaptive signal timing in effect
EVT425003,2025-05-03 18:08:52,Local Market Day,J030,MG Road,6006,Weekend,False,Clear,False,0.0,False,False,0.861,Severe,12.4,57.8,344.4,0.149,0.344,0.946,Heavy congestion detected - signal timing extended and reroute suggested
EVT425004,2025-04-13 12:09:07,Local Market Day,J011,Indiranagar 100ft Road,4840,Weekend,False,Light Rain,True,5.1,False,False,0.318,Low,27.9,25.2,205.3,0.17,0.392,0.91,Light rain detected - minor speed reduction advised
EVT425005,2026-06-27 17:51:27,Concert,J020,Malleshwaram Circle,15271,Weekend,False,Clear,False,0.0,False,False,0.931,Severe,11.4,66.6,293.7,0.135,0.311,0.916,Heavy congestion detected - signal timing extended and reroute suggested
EVT425006,2026-01-06 07:03:20,Political Rally,J020,Malleshwaram Circle,17606,Weekday,False,Clear,False,0.0,False,False,0.547,Moderate,19.5,44.7,297.0,0.167,0.387,0.965,Moderate traffic flow - standard adaptive signal timing in effect
EVT425007,2025-11-30 18:00:48,Sports Fixture,J012,Koramangala Sony World,29645,Weekend,False,Rain,True,11.7,False,False,1.0,Severe,10.0,69.4,531.9,0.207,0.479,0.869,Heavy rain reducing visibility and grip - reduced speed and longer buffer advised
EVT425008,2025-06-28 04:15:51,Local Market Day,J030,MG Road,5016,Weekend,False,Clear,False,0.0,False,False,0.232,Low,30.3,17.6,151.2,0.122,0.282,0.987,Normal free-flow traffic - standard signal timing maintained
EVT425009,2025-08-15 07:17:53,Cultural Procession,J031,Cubbon Road,8622,Weekday,True,Light Rain,True,6.3,False,True,1.0,Severe,7.2,90.0,540.7,0.179,0.414,0.783,Road closure for event/procession - full detour recommended for through-traffic
EVT425010,2025-10-06 12:10:01,Sports Fixture,J040,City Market,54459,Weekday,False,Clear,False,0.0,False,False,0.494,Moderate,27.6,35.0,159.4,0.118,0.273,0.952,Moderate traffic flow - standard adaptive signal timing in effect
EVT425011,2025-01-26 08:39:35,Religious Festival,J012,Koramangala Sony World,57876,Weekend,True,Clear,False,0.0,False,True,1.0,Severe,9.0,98.2,682.2,0.234,0.541,0.841,Road closure for event/procession - full detour recommended for through-traffic
EVT425012,2025-03-11 18:03:29,Concert,J012,Koramangala Sony World,8926,Weekday,False,Clear,False,0.0,False,False,1.0,Severe,7.3,70.2,543.2,0.181,0.418,0.947,Heavy congestion detected - signal timing extended and reroute suggested
EVT425013,2026-06-18 16:16:53,Concert,J023,Basavanagudi,10015,Weekday,False,Heavy Rain,True,69.3,False,False,0.884,Severe,14.0,66.1,401.3,0.19,0.44,0.888,Heavy rain reducing visibility and grip - reduced speed and longer buffer advised
EVT425014,2026-01-27 18:06:01,Religious Festival,J012,Koramangala Sony World,18493,Weekday,True,Clear,False,0.0,False,False,1.0,Severe,8.2,66.9,292.0,0.097,0.225,0.86,Festival crowd surge detected - alternate route and extended cycle recommended
EVT425015,2025-06-27 07:20:18,Trade Fair,J023,Basavanagudi,10030,Weekday,False,Rain,True,9.1,False,False,0.692,High,16.6,52.6,391.3,0.202,0.466,0.922,Heavy rain reducing visibility and grip - reduced speed and longer buffer advised
EVT425016,2025-11-30 16:51:40,Political Rally,J012,Koramangala Sony World,18456,Weekend,False,Clear,False,0.0,False,False,0.669,High,12.2,53.1,350.7,0.175,0.405,0.99,Moderate traffic flow - standard adaptive signal timing in effect
EVT425017,2025-05-15 13:01:52,Local Market Day,J040,City Market,3618,Weekday,False,Clear,False,0.0,False,False,0.187,Low,42.0,8.5,83.3,0.087,0.202,0.979,Normal free-flow traffic - standard signal timing maintained
EVT425018,2025-11-25 13:34:54,Local Market Day,J009,Majestic,3313,Weekday,False,Clear,False,0.0,False,False,0.174,Low,34.9,11.2,167.4,0.136,0.314,0.962,Normal free-flow traffic - standard signal timing maintained
EVT425019,2026-04-03 16:50:49,Sports Fixture,J023,Basavanagudi,21299,Weekday,False,Clear,False,0.0,False,False,0.707,High,13.7,43.7,174.2,0.097,0.225,0.957,Moderate traffic flow - standard adaptive signal timing in effect
EVT425020,2025-06-10 09:44:51,Trade Fair,J030,MG Road,11382,Weekday,False,Heavy Rain,True,43.0,False,False,1.0,Severe,7.8,76.5,496.4,0.185,0.428,0.879,Heavy rain reducing visibility and grip - reduced speed and longer buffer advised
EVT425021,2025-03-15 22:36:56,Religious Festival,J030,MG Road,50804,Weekend,True,Clear,False,0.0,False,True,0.888,High,11.9,86.1,284.8,0.144,0.334,0.837,Road closure for event/procession - full detour recommended for through-traffic
EVT425022,2026-02-11 10:07:49,Concert,J023,Basavanagudi,16715,Weekday,False,Clear,False,0.0,False,False,0.903,Severe,11.3,65.3,261.5,0.12,0.278,0.923,Heavy congestion detected - signal timing extended and reroute suggested
EVT425023,2025-01-27 07:18:05,Cultural Procession,J011,Indiranagar 100ft Road,18100,Weekday,True,Fog,False,0.0,False,False,0.903,Severe,11.2,67.9,489.6,0.196,0.452,0.881,Festival crowd surge detected - alternate route and extended cycle recommended
EVT425024,2025-10-07 18:36:58,Political Rally,J030,MG Road,16731,Weekday,False,Clear,False,0.0,False,False,1.0,Severe,8.0,71.4,647.3,0.224,0.518,0.927,Heavy congestion detected - signal timing extended and reroute suggested
EVT425025,2026-01-20 16:14:26,Sports Fixture,J020,Malleshwaram Circle,18853,Weekday,False,Clear,False,0.0,False,False,0.57,High,24.0,42.3,273.1,0.176,0.406,0.935,Moderate traffic flow - standard adaptive signal timing in effect
EVT425026,2025-06-01 08:18:20,Sports Fixture,J023,Basavanagudi,27471,Weekend,False,Heavy Rain,True,26.9,False,False,1.0,Severe,7.5,71.4,709.9,0.224,0.518,0.861,Heavy rain reducing visibility and grip - reduced speed and longer buffer advised
EVT425027,2026-03-15 08:03:10,Sports Fixture,J031,Cubbon Road,9505,Weekend,False,Clear,False,0.0,False,False,0.769,Severe,19.1,53.9,226.6,0.123,0.284,0.978,Heavy congestion detected - signal timing extended and reroute suggested
EVT425028,2025-06-12 06:59:24,Concert,J009,Majestic,14760,Weekday,False,Clear,False,0.0,False,False,0.519,Moderate,27.8,34.6,165.3,0.141,0.326,0.967,Moderate traffic flow - standard adaptive signal timing in effect
EVT425029,2026-03-10 10:10:08,Local Market Day,J031,Cubbon Road,3175,Weekday,False,Clear,False,0.0,False,False,0.696,High,18.4,54.2,240.2,0.154,0.356,0.975,Moderate traffic flow - standard adaptive signal timing in effect
EVT425030,2025-04-11 08:35:57,Local Market Day,J020,Malleshwaram Circle,3218,Weekday,False,Clear,False,0.0,False,False,1.0,Severe,10.0,68.0,477.5,0.201,0.465,0.898,Heavy congestion detected - signal timing extended and reroute suggested
EVT425031,2025-11-01 09:13:58,Cultural Procession,J023,Basavanagudi,8550,Weekend,True,Fog,False,0.0,False,True,1.0,Severe,7.8,90.7,468.6,0.151,0.35,0.843,Road closure for event/procession - full detour recommended for through-traffic
EVT425032,2026-02-16 05:20:22,Concert,J023,Basavanagudi,7560,Weekday,False,Clear,False,0.0,False,False,0.258,Low,30.8,18.1,151.7,0.138,0.319,0.951,Moderate traffic flow - standard adaptive signal timing in effect
EVT425033,2026-05-19 10:27:30,Sports Fixture,J020,Malleshwaram Circle,18277,Weekday,False,Clear,False,0.0,False,False,0.764,Severe,16.3,56.3,259.2,0.178,0.411,0.96,Heavy congestion detected - signal timing extended and reroute suggested
EVT425034,2025-10-17 15:26:43,Local Market Day,J020,Malleshwaram Circle,4457,Weekday,False,Heavy Rain,True,32.3,False,False,0.595,High,19.6,43.8,151.5,0.095,0.219,0.922,Heavy rain reducing visibility and grip - reduced speed and longer buffer advised
EVT425035,2025-09-22 07:19:07,Sports Fixture,J031,Cubbon Road,18156,Weekday,False,Heavy Rain,True,28.7,False,False,0.849,Severe,15.4,61.8,339.0,0.196,0.453,0.883,Heavy rain reducing visibility and grip - reduced speed and longer buffer advised
EVT425036,2026-06-29 19:05:33,Trade Fair,J012,Koramangala Sony World,10148,Weekday,False,Heavy Rain,True,25.7,False,False,1.0,Severe,7.7,67.4,610.5,0.214,0.495,0.863,Heavy rain reducing visibility and grip - reduced speed and longer buffer advised
EVT425037,2025-12-24 19:55:35,Sports Fixture,J009,Majestic,18564,Weekday,False,Clear,False,0.0,False,False,0.86,Severe,13.7,58.9,363.6,0.177,0.408,0.939,Heavy congestion detected - signal timing extended and reroute suggested
EVT425038,2026-02-27 14:46:15,Local Market Day,J020,Malleshwaram Circle,2656,Weekday,False,Clear,False,0.0,False,False,0.263,Low,33.5,29.6,197.9,0.165,0.382,0.979,Moderate traffic flow - standard adaptive signal timing in effect
EVT425039,2025-12-28 16:20:11,Trade Fair,J023,Basavanagudi,9706,Weekend,False,Clear,False,0.0,False,False,0.544,Moderate,22.2,36.9,309.9,0.221,0.511,0.974,Moderate traffic flow - standard adaptive signal timing in effect
EVT425040,2025-09-01 12:31:04,Sports Fixture,J012,Koramangala Sony World,17638,Weekday,False,Clear,False,0.0,False,False,0.283,Low,27.2,26.4,214.1,0.146,0.337,0.96,Moderate traffic flow - standard adaptive signal timing in effect
EVT425041,2025-09-19 11:39:12,Local Market Day,J030,MG Road,4129,Weekday,False,Clear,False,0.0,False,False,0.206,Low,35.5,11.0,143.5,0.149,0.344,0.979,Normal free-flow traffic - standard signal timing maintained
EVT425042,2025-09-13 14:10:19,Sports Fixture,J020,Malleshwaram Circle,18393,Weekend,False,Heavy Rain,True,31.2,False,False,0.596,High,21.1,44.1,373.1,0.251,0.581,0.925,Heavy rain reducing visibility and grip - reduced speed and longer buffer advised
EVT425043,2026-06-14 08:41:38,Local Market Day,J030,MG Road,4766,Weekend,False,Heavy Rain,True,37.6,False,False,1.0,Severe,6.8,73.1,867.3,0.228,0.527,0.862,Heavy rain reducing visibility and grip - reduced speed and longer buffer advised
EVT425044,2025-10-12 01:15:46,Local Market Day,J009,Majestic,4261,Weekend,False,Clear,False,0.0,False,False,0.264,Low,36.6,10.7,117.0,0.119,0.276,0.965,Moderate traffic flow - standard adaptive signal timing in effect
EVT425045,2026-02-17 05:12:20,Political Rally,J012,Koramangala Sony World,19186,Weekday,False,Clear,False,0.0,False,False,0.313,Low,24.2,26.7,247.6,0.155,0.359,0.951,Moderate traffic flow - standard adaptive signal timing in effect
EVT425046,2026-06-10 08:52:56,Political Rally,J040,City Market,11478,Weekday,False,Rain,True,21.8,False,False,1.0,Severe,8.0,67.6,377.5,0.142,0.328,0.847,Heavy rain reducing visibility and grip - reduced speed and longer buffer advised
EVT425047,2025-10-11 14:16:01,Trade Fair,J040,City Market,6570,Weekend,False,Clear,False,0.0,False,False,0.301,Low,33.7,24.2,137.6,0.134,0.309,0.98,Moderate traffic flow - standard adaptive signal timing in effect
EVT425048,2026-03-06 16:22:01,Concert,J030,MG Road,14565,Weekday,False,Fog,False,0.0,False,False,0.596,High,20.6,35.3,279.8,0.187,0.431,0.973,Moderate traffic flow - standard adaptive signal timing in effect
EVT425049,2025-02-28 16:42:56,Local Market Day,J020,Malleshwaram Circle,5617,Weekday,False,Clear,False,0.0,False,False,0.579,High,19.7,36.7,283.2,0.191,0.441,0.966,Moderate traffic flow - standard adaptive signal timing in effect
EVT425050,2025-12-01 18:44:36,Political Rally,J040,City Market,18292,Weekday,False,Clear,False,0.0,False,False,1.0,Severe,9.2,65.9,581.2,0.213,0.491,0.92,Heavy congestion detected - signal timing extended and reroute suggested
EVT425051,2026-04-05 12:19:58,Trade Fair,J012,Koramangala Sony World,9564,Weekend,False,Fog,False,0.0,False,False,0.276,Low,26.5,16.3,186.7,0.15,0.346,0.96,Moderate traffic flow - standard adaptive signal timing in effect
EVT425052,2025-10-20 22:01:43,Religious Festival,J020,Malleshwaram Circle,32668,Weekday,True,Heavy Rain,True,31.0,False,True,1.0,Severe,7.9,88.9,723.3,0.268,0.619,0.798,Road closure for event/procession - full detour recommended for through-traffic
EVT425053,2025-06-28 18:15:19,Concert,J009,Majestic,9275,Weekend,False,Rain,True,23.6,False,False,1.0,Severe,5.7,71.8,1034.0,0.237,0.547,0.885,Heavy rain reducing visibility and grip - reduced speed and longer buffer advised
EVT425054,2025-08-03 09:56:11,Concert,J031,Cubbon Road,5754,Weekend,False,Heavy Rain,True,54.6,False,False,1.0,Severe,8.7,70.4,888.3,0.283,0.654,0.871,Heavy rain reducing visibility and grip - reduced speed and longer buffer advised
EVT425055,2025-02-20 21:00:56,Sports Fixture,J009,Majestic,21745,Weekday,False,Clear,False,0.0,False,False,0.518,Moderate,26.3,31.2,225.1,0.18,0.416,0.973,Moderate traffic flow - standard adaptive signal timing in effect
EVT425056,2025-07-04 21:13:06,Sports Fixture,J020,Malleshwaram Circle,18688,Weekday,False,Fog,False,0.0,False,False,0.446,Moderate,27.9,31.3,160.5,0.121,0.281,0.969,Moderate traffic flow - standard adaptive signal timing in effect
EVT425057,2026-04-07 13:29:57,Sports Fixture,J040,City Market,19250,Weekday,False,Fog,False,0.0,False,False,0.127,Low,38.6,15.2,63.4,0.057,0.132,0.971,Normal free-flow traffic - standard signal timing maintained
EVT425058,2025-08-24 10:01:51,Local Market Day,J009,Majestic,3398,Weekend,False,Clear,False,0.0,False,False,0.728,High,20.1,52.3,306.9,0.213,0.493,0.957,Moderate traffic flow - standard adaptive signal timing in effect
EVT425059,2025-07-25 08:30:46,Trade Fair,J040,City Market,9903,Weekday,False,Rain,True,21.9,False,False,1.0,Severe,8.8,71.1,465.3,0.166,0.385,0.862,Heavy rain reducing visibility and grip - reduced speed and longer buffer advised
EVT425060,2025-01-17 18:25:13,Concert,J040,City Market,10388,Weekday,False,Clear,False,0.0,False,False,1.0,Severe,9.3,74.7,605.7,0.23,0.532,0.884,Heavy congestion detected - signal timing extended and reroute suggested
EVT425061,2025-07-04 19:31:27,Local Market Day,J030,MG Road,3279,Weekday,False,Clear,False,0.0,False,False,0.753,Severe,14.4,54.4,413.8,0.204,0.471,0.952,Heavy congestion detected - signal timing extended and reroute suggested
EVT425062,2025-03-28 21:50:42,Sports Fixture,J031,Cubbon Road,23145,Weekday,False,Clear,False,0.0,False,False,0.428,Moderate,28.7,26.8,188.3,0.162,0.375,0.973,Moderate traffic flow - standard adaptive signal timing in effect
EVT425063,2025-10-12 17:29:01,Political Rally,J030,MG Road,15592,Weekend,False,Clear,False,0.0,False,False,0.828,Severe,17.3,55.1,323.3,0.201,0.464,0.947,Heavy congestion detected - signal timing extended and reroute suggested
EVT425064,2026-06-19 19:52:56,Concert,J011,Indiranagar 100ft Road,24949,Weekday,False,Clear,False,0.0,False,False,0.899,Severe,12.0,54.2,380.2,0.184,0.425,0.925,Heavy congestion detected - signal timing extended and reroute suggested
EVT425065,2026-04-16 15:33:45,Local Market Day,J030,MG Road,4369,Weekday,False,Clear,False,0.0,False,False,0.3,Low,31.5,17.7,110.7,0.103,0.237,0.965,Moderate traffic flow - standard adaptive signal timing in effect
EVT425066,2025-04-15 15:25:41,Religious Festival,J030,MG Road,17607,Weekday,True,Clear,False,0.0,False,False,0.724,High,15.9,57.6,200.0,0.111,0.256,0.931,Festival crowd surge detected - alternate route and extended cycle recommended
EVT425067,2025-09-15 16:28:29,Sports Fixture,J023,Basavanagudi,21771,Weekday,False,Clear,False,0.0,False,False,0.654,High,20.4,47.2,198.8,0.113,0.261,0.975,Moderate traffic flow - standard adaptive signal timing in effect
EVT425068,2026-06-10 18:03:26,Sports Fixture,J030,MG Road,14813,Weekday,False,Clear,False,0.0,False,False,1.0,Severe,9.1,75.8,532.0,0.211,0.488,0.901,Heavy congestion detected - signal timing extended and reroute suggested
EVT425069,2026-05-13 16:48:50,Concert,J031,Cubbon Road,9868,Weekday,False,Clear,False,0.0,False,False,0.644,High,18.0,47.6,247.0,0.138,0.32,0.973,Moderate traffic flow - standard adaptive signal timing in effect
EVT425070,2026-06-21 07:52:53,Political Rally,J030,MG Road,13640,Weekend,False,Heavy Rain,True,28.9,False,False,1.0,Severe,9.0,73.9,575.9,0.218,0.504,0.859,Heavy rain reducing visibility and grip - reduced speed and longer buffer advised
EVT425071,2025-11-12 18:19:23,Trade Fair,J012,Koramangala Sony World,7821,Weekday,False,Clear,False,0.0,False,False,1.0,Severe,9.2,74.7,543.0,0.204,0.472,0.916,Heavy congestion detected - signal timing extended and reroute suggested
EVT425072,2026-03-15 18:50:09,Local Market Day,J030,MG Road,3599,Weekend,False,Clear,False,0.0,False,False,0.884,Severe,11.5,63.9,554.5,0.234,0.54,0.933,Heavy congestion detected - signal timing extended and reroute suggested
EVT425073,2026-06-10 18:43:28,Concert,J009,Majestic,16368,Weekday,False,Light Rain,True,4.9,False,False,1.0,Severe,9.7,68.2,598.4,0.237,0.548,0.904,Heavy rain reducing visibility and grip - reduced speed and longer buffer advised
EVT425074,2025-01-03 09:49:58,Trade Fair,J031,Cubbon Road,15199,Weekday,False,Clear,False,0.0,False,False,0.875,Severe,11.5,61.1,447.1,0.199,0.459,0.97,Heavy congestion detected - signal timing extended and reroute suggested
EVT425075,2026-02-10 09:19:51,Local Market Day,J011,Indiranagar 100ft Road,2046,Weekday,False,Clear,False,0.0,False,False,0.939,Severe,7.4,64.2,562.5,0.157,0.363,0.918,Heavy congestion detected - signal timing extended and reroute suggested
EVT425076,2026-03-07 10:07:19,Trade Fair,J023,Basavanagudi,7364,Weekend,False,Clear,False,0.0,False,False,0.666,High,22.2,48.7,240.2,0.165,0.381,0.95,Moderate traffic flow - standard adaptive signal timing in effect
EVT425077,2026-01-29 15:03:38,Sports Fixture,J023,Basavanagudi,16118,Weekday,False,Fog,False,0.0,False,False,0.378,Moderate,28.1,27.8,139.9,0.108,0.248,0.953,Moderate traffic flow - standard adaptive signal timing in effect
EVT425078,2026-05-20 16:10:43,Trade Fair,J012,Koramangala Sony World,11057,Weekday,False,Clear,False,0.0,False,False,0.535,Moderate,20.0,43.5,349.7,0.213,0.493,0.973,Moderate traffic flow - standard adaptive signal timing in effect
EVT425079,2026-01-18 11:05:53,Concert,J020,Malleshwaram Circle,10815,Weekend,False,Clear,False,0.0,False,False,0.474,Moderate,22.2,34.9,192.4,0.142,0.327,0.967,Moderate traffic flow - standard adaptive signal timing in effect
EVT425080,2026-06-10 15:40:54,Political Rally,J030,MG Road,13568,Weekday,False,Heavy Rain,True,89.9,False,False,0.725,High,19.4,55.7,352.3,0.209,0.483,0.902,Heavy rain reducing visibility and grip - reduced speed and longer buffer advised
EVT425081,2026-01-01 16:27:36,Religious Festival,J023,Basavanagudi,65313,Weekday,True,Clear,False,0.0,False,False,1.0,Severe,8.1,69.8,563.8,0.198,0.458,0.865,Festival crowd surge detected - alternate route and extended cycle recommended
EVT425082,2026-03-22 23:46:45,Trade Fair,J020,Malleshwaram Circle,10950,Weekend,False,Light Rain,True,3.8,False,False,0.398,Moderate,28.2,26.5,151.4,0.135,0.313,0.893,Light rain detected - minor speed reduction advised
EVT425083,2026-03-12 07:57:03,Sports Fixture,J011,Indiranagar 100ft Road,17258,Weekday,False,Clear,False,0.0,False,False,0.841,Severe,14.9,54.7,327.1,0.173,0.4,0.937,Heavy congestion detected - signal timing extended and reroute suggested
EVT425084,2026-04-28 08:39:00,Local Market Day,J012,Koramangala Sony World,4756,Weekday,False,Clear,False,0.0,False,False,0.994,Severe,8.8,68.6,409.1,0.154,0.355,0.923,Heavy congestion detected - signal timing extended and reroute suggested
EVT425085,2025-09-22 17:23:28,Local Market Day,J011,Indiranagar 100ft Road,3754,Weekday,False,Clear,False,0.0,False,False,0.887,Severe,11.5,60.9,479.2,0.232,0.535,0.954,Heavy congestion detected - signal timing extended and reroute suggested
EVT425086,2025-08-15 06:56:37,Religious Festival,J012,Koramangala Sony World,37153,Weekday,True,Rain,True,9.2,False,True,1.0,Severe,6.2,100.2,697.6,0.196,0.453,0.795,Road closure for event/procession - full detour recommended for through-traffic
EVT425087,2026-06-06 13:21:50,Local Market Day,J030,MG Road,4770,Weekend,False,Light Rain,True,4.8,False,False,0.372,Moderate,27.4,27.7,199.8,0.17,0.393,0.942,Light rain detected - minor speed reduction advised
EVT425088,2025-04-20 19:38:37,Concert,J023,Basavanagudi,7740,Weekend,False,Clear,False,0.0,False,False,0.786,Severe,15.0,49.8,295.4,0.164,0.379,0.959,Heavy congestion detected - signal timing extended and reroute suggested
EVT425089,2026-05-30 12:46:05,Trade Fair,J020,Malleshwaram Circle,7634,Weekend,False,Clear,False,0.0,False,False,0.298,Low,24.8,22.7,158.3,0.127,0.294,0.978,Moderate traffic flow - standard adaptive signal timing in effect
EVT425090,2025-08-07 12:34:42,Local Market Day,J030,MG Road,2880,Weekday,False,Clear,False,0.0,False,False,0.086,Low,36.4,5.4,41.3,0.046,0.107,0.952,Normal free-flow traffic - standard signal timing maintained
EVT425091,2025-01-21 10:44:58,Local Market Day,J020,Malleshwaram Circle,3704,Weekday,False,Clear,False,0.0,False,False,0.557,High,18.8,37.1,146.2,0.079,0.183,0.958,Moderate traffic flow - standard adaptive signal timing in effect
EVT425092,2026-06-19 07:34:50,Trade Fair,J030,MG Road,17655,Weekday,False,Fog,False,0.0,False,False,0.73,High,18.4,55.4,217.6,0.127,0.292,0.968,Moderate traffic flow - standard adaptive signal timing in effect
EVT425093,2026-01-05 18:30:09,Local Market Day,J030,MG Road,3408,Weekday,False,Rain,True,9.9,False,False,1.0,Severe,8.2,71.9,964.9,0.306,0.706,0.858,Heavy rain reducing visibility and grip - reduced speed and longer buffer advised
EVT425094,2025-07-21 19:40:38,Concert,J023,Basavanagudi,15881,Weekday,False,Heavy Rain,True,32.8,False,False,1.0,Severe,8.1,67.6,403.1,0.129,0.298,0.851,Heavy rain reducing visibility and grip - reduced speed and longer buffer advised
EVT425095,2026-06-24 07:09:38,Sports Fixture,J031,Cubbon Road,14500,Weekday,False,Clear,False,0.0,False,False,0.574,High,24.1,44.8,256.8,0.205,0.474,0.96,Moderate traffic flow - standard adaptive signal timing in effect
EVT425096,2025-11-08 18:54:12,Local Market Day,J023,Basavanagudi,4995,Weekend,False,Clear,False,0.0,False,False,0.848,Severe,11.9,64.0,525.2,0.232,0.536,0.971,Heavy congestion detected - signal timing extended and reroute suggested
EVT425097,2025-11-04 15:39:30,Local Market Day,J031,Cubbon Road,3936,Weekday,False,Clear,False,0.0,False,False,0.33,Low,34.7,20.1,162.5,0.151,0.35,0.99,Moderate traffic flow - standard adaptive signal timing in effect
EVT425098,2026-06-26 11:15:23,Political Rally,J040,City Market,8016,Weekday,False,Heavy Rain,True,40.3,False,False,0.708,High,19.9,51.4,283.7,0.192,0.444,0.925,Heavy rain reducing visibility and grip - reduced speed and longer buffer advised
EVT425099,2026-02-22 14:58:11,Trade Fair,J031,Cubbon Road,10345,Weekend,False,Fog,False,0.0,False,False,0.363,Moderate,27.4,23.7,156.0,0.124,0.287,0.943,Moderate traffic flow - standard adaptive signal timing in effect
EVT425100,2026-04-05 11:57:55,Local Market Day,J012,Koramangala Sony World,6746,Weekend,False,Clear,False,0.0,False,False,0.313,Low,27.6,23.9,202.6,0.163,0.377,0.953,Moderate traffic flow - standard adaptive signal timing in effect
EVT425101,2025-10-16 08:55:46,Local Market Day,J011,Indiranagar 100ft Road,4319,Weekday,False,Clear,False,0.0,False,False,0.981,Severe,11.1,74.5,512.2,0.22,0.507,0.923,Heavy congestion detected - signal timing extended and reroute suggested
EVT425102,2025-05-01 12:22:29,Fireworks Display,J040,City Market,24874,Weekday,True,Clear,False,0.0,False,False,0.536,Moderate,21.5,48.5,283.0,0.184,0.424,0.935,Festival crowd surge detected - alternate route and extended cycle recommended
EVT425103,2025-12-31 23:57:19,Local Market Day,J012,Koramangala Sony World,4423,Weekday,False,Clear,False,0.0,False,False,0.165,Low,41.3,14.4,83.6,0.082,0.189,0.971,Normal free-flow traffic - standard signal timing maintained
EVT425104,2026-06-04 01:32:48,Political Rally,J040,City Market,34010,Weekday,False,Clear,False,0.0,False,False,0.332,Low,33.4,27.5,168.0,0.149,0.345,0.954,Moderate traffic flow - standard adaptive signal timing in effect
EVT425105,2025-06-14 16:37:30,Sports Fixture,J011,Indiranagar 100ft Road,33646,Weekend,False,Clear,False,0.0,False,False,0.784,Severe,13.7,59.3,292.9,0.147,0.34,0.962,Heavy congestion detected - signal timing extended and reroute suggested
EVT425106,2025-01-23 09:43:58,Political Rally,J012,Koramangala Sony World,19078,Weekday,False,Clear,False,0.0,False,False,0.956,Severe,11.5,67.1,171.0,0.073,0.169,0.895,Heavy congestion detected - signal timing extended and reroute suggested
EVT425107,2026-04-23 17:16:27,Trade Fair,J031,Cubbon Road,8829,Weekday,False,Clear,False,0.0,False,False,0.808,Severe,14.8,57.5,301.6,0.152,0.35,0.949,Heavy congestion detected - signal timing extended and reroute suggested
EVT425108,2025-03-22 08:48:42,Local Market Day,J030,MG Road,3383,Weekend,False,Clear,False,0.0,False,False,0.834,Severe,14.6,56.5,468.8,0.239,0.552,0.944,Heavy congestion detected - signal timing extended and reroute suggested
EVT425109,2025-06-29 07:37:47,Political Rally,J020,Malleshwaram Circle,11638,Weekend,False,Heavy Rain,True,39.9,False,False,1.0,Severe,8.6,77.3,448.9,0.176,0.406,0.882,Heavy rain reducing visibility and grip - reduced speed and longer buffer advised
EVT425110,2025-08-07 13:51:25,Concert,J012,Koramangala Sony World,18087,Weekday,False,Heavy Rain,True,34.0,False,False,0.589,High,22.8,42.6,208.9,0.133,0.306,0.903,Heavy rain reducing visibility and grip - reduced speed and longer buffer advised
EVT425111,2026-04-29 06:34:15,Political Rally,J040,City Market,16039,Weekday,False,Clear,False,0.0,False,False,0.378,Moderate,21.7,25.8,166.8,0.093,0.214,0.951,Moderate traffic flow - standard adaptive signal timing in effect
EVT425112,2026-01-04 17:46:10,Concert,J031,Cubbon Road,16659,Weekend,False,Clear,False,0.0,False,False,0.892,Severe,12.4,63.2,449.7,0.209,0.482,0.923,Heavy congestion detected - signal timing extended and reroute suggested
EVT425113,2025-11-23 13:23:20,Trade Fair,J012,Koramangala Sony World,6851,Weekend,False,Clear,False,0.0,False,False,0.293,Low,34.4,21.6,105.6,0.09,0.207,0.967,Moderate traffic flow - standard adaptive signal timing in effect
EVT425114,2025-11-20 19:02:52,Trade Fair,J031,Cubbon Road,11824,Weekday,False,Light Rain,True,6.7,False,False,1.0,Severe,8.9,69.6,666.1,0.268,0.62,0.88,Heavy rain reducing visibility and grip - reduced speed and longer buffer advised
EVT425115,2026-06-24 06:42:02,Concert,J031,Cubbon Road,10273,Weekday,False,Rain,True,9.1,False,False,0.59,High,20.0,45.4,222.5,0.132,0.305,0.876,Heavy rain reducing visibility and grip - reduced speed and longer buffer advised
EVT425116,2025-06-08 19:17:21,Sports Fixture,J011,Indiranagar 100ft Road,28726,Weekend,False,Clear,False,0.0,False,False,0.948,Severe,8.7,69.0,433.5,0.156,0.36,0.908,Heavy congestion detected - signal timing extended and reroute suggested
EVT425117,2025-03-16 19:14:39,Local Market Day,J040,City Market,4705,Weekend,False,Clear,False,0.0,False,False,0.839,Severe,15.6,56.7,362.4,0.195,0.451,0.95,Heavy congestion detected - signal timing extended and reroute suggested
EVT425118,2025-09-02 19:52:22,Political Rally,J020,Malleshwaram Circle,14978,Weekday,False,Clear,False,0.0,False,False,0.798,Severe,14.2,57.4,391.5,0.198,0.457,0.958,Heavy congestion detected - signal timing extended and reroute suggested
EVT425119,2026-02-25 11:43:50,Sports Fixture,J040,City Market,18050,Weekday,False,Clear,False,0.0,False,False,0.377,Moderate,30.0,28.4,95.4,0.069,0.16,0.961,Moderate traffic flow - standard adaptive signal timing in effect
EVT425120,2026-06-27 16:08:52,Local Market Day,J031,Cubbon Road,1565,Weekend,False,Rain,True,12.7,False,False,0.609,High,20.2,43.5,257.9,0.164,0.379,0.938,Heavy rain reducing visibility and grip - reduced speed and longer buffer advised
EVT425121,2026-06-28 18:00:15,Sports Fixture,J012,Koramangala Sony World,20065,Weekend,False,Clear,False,0.0,False,False,0.934,Severe,11.9,60.9,353.4,0.176,0.407,0.921,Heavy congestion detected - signal timing extended and reroute suggested
EVT425122,2025-10-04 13:49:35,Concert,J011,Indiranagar 100ft Road,8470,Weekend,False,Clear,False,0.0,False,False,0.251,Low,24.9,14.7,67.5,0.051,0.117,0.965,Moderate traffic flow - standard adaptive signal timing in effect
EVT425123,2025-11-20 21:52:54,Local Market Day,J040,City Market,1747,Weekday,False,Clear,False,0.0,False,False,0.219,Low,34.9,15.0,111.7,0.088,0.203,0.961,Normal free-flow traffic - standard signal timing maintained
EVT425124,2026-03-10 16:58:41,Trade Fair,J012,Koramangala Sony World,10933,Weekday,False,Clear,False,0.0,False,False,0.821,Severe,16.2,55.1,296.4,0.174,0.402,0.939,Heavy congestion detected - signal timing extended and reroute suggested
EVT425125,2025-04-27 19:14:29,Concert,J009,Majestic,8084,Weekend,False,Light Rain,True,2.1,False,False,0.85,Severe,12.5,59.6,299.4,0.145,0.334,0.923,Heavy rain reducing visibility and grip - reduced speed and longer buffer advised
EVT425126,2025-01-10 14:52:10,Sports Fixture,J009,Majestic,37122,Weekday,False,Clear,False,0.0,False,False,0.468,Moderate,22.5,31.0,173.7,0.115,0.266,0.956,Moderate traffic flow - standard adaptive signal timing in effect
EVT425127,2026-04-11 08:29:00,Political Rally,J011,Indiranagar 100ft Road,22834,Weekend,False,Clear,False,0.0,False,False,0.944,Severe,10.5,70.4,374.5,0.162,0.373,0.932,Heavy congestion detected - signal timing extended and reroute suggested
EVT425128,2025-05-15 10:17:12,Concert,J031,Cubbon Road,10593,Weekday,False,Clear,False,0.0,False,False,0.779,Severe,17.0,50.6,262.8,0.159,0.368,0.964,Heavy congestion detected - signal timing extended and reroute suggested
EVT425129,2025-07-22 11:54:24,Local Market Day,J020,Malleshwaram Circle,3194,Weekday,False,Clear,False,0.0,False,False,0.213,Low,37.0,13.4,149.3,0.136,0.314,0.975,Normal free-flow traffic - standard signal timing maintained
EVT425130,2025-09-08 10:01:50,Concert,J020,Malleshwaram Circle,20041,Weekday,False,Rain,True,8.0,False,False,1.0,Severe,8.8,64.9,317.2,0.113,0.262,0.864,Heavy rain reducing visibility and grip - reduced speed and longer buffer advised
EVT425131,2025-04-27 16:40:08,Concert,J031,Cubbon Road,12376,Weekend,False,Fog,False,0.0,False,False,0.545,Moderate,27.5,43.2,201.0,0.161,0.373,0.972,Moderate traffic flow - standard adaptive signal timing in effect
EVT425132,2025-04-24 17:17:25,Trade Fair,J030,MG Road,7687,Weekday,False,Clear,False,0.0,False,False,0.825,Severe,13.2,63.6,224.4,0.113,0.26,0.953,Heavy congestion detected - signal timing extended and reroute suggested
EVT425133,2026-02-08 06:35:58,Concert,J011,Indiranagar 100ft Road,6949,Weekend,False,Clear,False,0.0,False,False,0.326,Low,35.9,22.5,53.7,0.018,0.04,0.959,Moderate traffic flow - standard adaptive signal timing in effect
EVT425134,2025-06-06 13:42:07,Local Market Day,J020,Malleshwaram Circle,3890,Weekday,False,Rain,True,17.4,False,False,0.374,Moderate,36.7,30.4,126.7,0.105,0.243,0.968,Light rain detected - minor speed reduction advised
EVT425135,2026-03-06 12:58:45,Political Rally,J023,Basavanagudi,21976,Weekday,False,Clear,False,0.0,False,False,0.328,Low,28.8,25.0,177.5,0.104,0.241,0.954,Moderate traffic flow - standard adaptive signal timing in effect
EVT425136,2026-06-27 12:14:29,Trade Fair,J030,MG Road,14853,Weekend,False,Clear,False,0.0,False,False,0.348,Low,25.6,29.7,114.6,0.071,0.163,0.966,Moderate traffic flow - standard adaptive signal timing in effect
EVT425137,2025-07-01 05:43:39,Political Rally,J040,City Market,9228,Weekday,False,Clear,False,0.0,False,False,0.275,Low,35.3,22.3,118.6,0.087,0.201,0.988,Moderate traffic flow - standard adaptive signal timing in effect
EVT425138,2026-03-30 09:02:11,Political Rally,J040,City Market,12780,Weekday,False,Clear,False,0.0,False,False,1.0,Severe,9.2,67.9,357.9,0.14,0.325,0.924,Heavy congestion detected - signal timing extended and reroute suggested
EVT425139,2025-04-21 20:24:17,Trade Fair,J011,Indiranagar 100ft Road,11105,Weekday,False,Light Rain,True,2.5,False,False,0.777,Severe,20.6,51.3,300.8,0.186,0.429,0.953,Heavy rain reducing visibility and grip - reduced speed and longer buffer advised
EVT425140,2026-02-10 07:03:01,Political Rally,J031,Cubbon Road,18735,Weekday,False,Clear,False,0.0,False,False,0.499,Moderate,25.0,45.4,210.3,0.145,0.335,0.977,Moderate traffic flow - standard adaptive signal timing in effect
EVT425141,2026-03-03 16:27:50,Political Rally,J031,Cubbon Road,18475,Weekday,False,Clear,False,0.0,False,False,0.709,High,17.1,55.1,366.6,0.214,0.494,0.959,Moderate traffic flow - standard adaptive signal timing in effect
EVT425142,2026-03-17 20:57:20,Political Rally,J011,Indiranagar 100ft Road,9603,Weekday,False,Clear,False,0.0,False,False,0.506,Moderate,24.9,32.6,236.6,0.177,0.408,0.981,Moderate traffic flow - standard adaptive signal timing in effect
EVT425143,2025-06-27 10:39:02,Local Market Day,J031,Cubbon Road,9572,Weekday,False,Clear,False,0.0,False,False,0.528,Moderate,25.3,36.0,163.8,0.111,0.256,0.962,Moderate traffic flow - standard adaptive signal timing in effect
EVT425144,2025-04-13 07:03:14,Sports Fixture,J020,Malleshwaram Circle,32449,Weekend,False,Rain,True,12.5,False,False,0.772,Severe,16.5,53.2,365.8,0.213,0.492,0.91,Heavy rain reducing visibility and grip - reduced speed and longer buffer advised
EVT425145,2025-12-02 09:14:29,Local Market Day,J030,MG Road,4268,Weekday,False,Clear,False,0.0,False,False,1.0,Severe,9.0,71.9,403.0,0.154,0.355,0.925,Heavy congestion detected - signal timing extended and reroute suggested
EVT425146,2025-11-24 17:17:04,Sports Fixture,J040,City Market,22680,Weekday,False,Clear,False,0.0,False,False,0.975,Severe,9.0,71.2,716.3,0.253,0.585,0.924,Heavy congestion detected - signal timing extended and reroute suggested
EVT425147,2025-09-19 10:09:12,Trade Fair,J009,Majestic,6825,Weekday,False,Clear,False,0.0,False,False,0.771,Severe,14.7,58.8,320.3,0.171,0.394,0.975,Heavy congestion detected - signal timing extended and reroute suggested
EVT425148,2025-02-14 13:30:13,Concert,J012,Koramangala Sony World,15792,Weekday,False,Clear,False,0.0,False,False,0.223,Low,28.8,20.9,165.3,0.112,0.259,0.965,Normal free-flow traffic - standard signal timing maintained
EVT425149,2025-04-01 18:03:55,Local Market Day,J020,Malleshwaram Circle,3922,Weekday,False,Rain,True,11.5,False,False,1.0,Severe,7.8,75.7,584.4,0.199,0.459,0.821,Heavy rain reducing visibility and grip - reduced speed and longer buffer advised
EVT425150,2025-09-01 15:53:27,Local Market Day,J009,Majestic,4246,Weekday,False,Clear,False,0.0,False,False,0.336,Low,29.9,23.5,228.5,0.185,0.428,0.973,Moderate traffic flow - standard adaptive signal timing in effect
EVT425151,2025-10-29 09:10:26,Concert,J011,Indiranagar 100ft Road,15566,Weekday,False,Clear,False,0.0,False,False,1.0,Severe,7.3,69.9,680.0,0.211,0.487,0.889,Heavy congestion detected - signal timing extended and reroute suggested
EVT425152,2025-12-20 13:05:27,Local Market Day,J023,Basavanagudi,4426,Weekend,False,Clear,False,0.0,False,False,0.257,Low,22.6,16.3,246.8,0.12,0.276,0.965,Moderate traffic flow - standard adaptive signal timing in effect
EVT425153,2025-11-21 11:23:53,Sports Fixture,J031,Cubbon Road,18977,Weekday,False,Rain,True,12.8,False,False,0.527,Moderate,23.7,38.6,296.3,0.197,0.454,0.92,Light rain detected - minor speed reduction advised
EVT425154,2025-05-26 21:48:21,Trade Fair,J040,City Market,12083,Weekday,False,Clear,False,0.0,False,False,0.302,Low,33.7,22.9,238.2,0.231,0.533,0.967,Moderate traffic flow - standard adaptive signal timing in effect
EVT425155,2026-04-10 22:37:23,Political Rally,J030,MG Road,13615,Weekday,False,Fog,False,0.0,False,False,0.195,Low,32.7,14.8,100.0,0.074,0.171,0.958,Normal free-flow traffic - standard signal timing maintained
EVT425156,2025-01-02 10:20:46,Trade Fair,J011,Indiranagar 100ft Road,8289,Weekday,False,Clear,False,0.0,False,False,0.643,High,20.8,44.0,243.5,0.153,0.354,0.99,Moderate traffic flow - standard adaptive signal timing in effect
EVT425157,2026-02-21 06:02:08,Concert,J023,Basavanagudi,12454,Weekend,False,Clear,False,0.0,False,False,0.341,Low,32.4,26.4,78.0,0.06,0.14,0.946,Moderate traffic flow - standard adaptive signal timing in effect
EVT425158,2026-01-12 13:35:50,Local Market Day,J011,Indiranagar 100ft Road,2474,Weekday,False,Clear,False,0.0,False,False,0.183,Low,36.2,12.8,62.0,0.053,0.122,0.957,Normal free-flow traffic - standard signal timing maintained
EVT425159,2025-07-30 21:03:39,Local Market Day,J030,MG Road,2519,Weekday,False,Heavy Rain,True,60.3,False,False,0.854,Severe,12.2,60.8,320.0,0.164,0.379,0.894,Heavy rain reducing visibility and grip - reduced speed and longer buffer advised
EVT425160,2025-10-14 14:34:28,Political Rally,J040,City Market,23495,Weekday,False,Heavy Rain,True,28.5,False,False,0.57,High,25.4,38.5,231.0,0.18,0.416,0.903,Heavy rain reducing visibility and grip - reduced speed and longer buffer advised
EVT425161,2026-02-19 19:24:49,Local Market Day,J009,Majestic,5422,Weekday,False,Clear,False,0.0,False,False,0.952,Severe,11.3,68.8,231.2,0.116,0.269,0.907,Heavy congestion detected - signal timing extended and reroute suggested
EVT425162,2025-11-15 07:01:05,Concert,J030,MG Road,10688,Weekend,False,Clear,False,0.0,False,False,0.455,Moderate,28.0,36.4,127.5,0.083,0.192,0.939,Moderate traffic flow - standard adaptive signal timing in effect
EVT425163,2025-09-15 08:52:41,Concert,J009,Majestic,10642,Weekday,False,Clear,False,0.0,False,False,0.985,Severe,10.1,73.8,587.0,0.251,0.579,0.906,Heavy congestion detected - signal timing extended and reroute suggested
EVT425164,2026-05-15 07:53:18,Sports Fixture,J012,Koramangala Sony World,28410,Weekday,False,Rain,True,23.9,False,False,1.0,Severe,7.1,65.5,534.5,0.17,0.393,0.88,Heavy rain reducing visibility and grip - reduced speed and longer buffer advised
EVT425165,2025-09-28 11:46:22,Trade Fair,J031,Cubbon Road,17357,Weekend,False,Clear,False,0.0,False,False,0.391,Moderate,32.9,24.2,126.8,0.11,0.255,0.986,Moderate traffic flow - standard adaptive signal timing in effect
EVT425166,2025-08-21 15:34:27,Political Rally,J011,Indiranagar 100ft Road,19807,Weekday,False,Clear,False,0.0,False,False,0.426,Moderate,38.5,30.5,55.5,0.052,0.12,0.96,Moderate traffic flow - standard adaptive signal timing in effect
EVT425167,2025-04-01 21:56:35,Local Market Day,J031,Cubbon Road,2906,Weekday,False,Clear,False,0.0,False,False,0.283,Low,30.9,19.7,187.5,0.136,0.315,0.974,Moderate traffic flow - standard adaptive signal timing in effect
EVT425168,2026-01-28 08:40:08,Sports Fixture,J012,Koramangala Sony World,21561,Weekday,False,Clear,False,0.0,False,False,1.0,Severe,7.3,74.9,701.6,0.212,0.489,0.898,Heavy congestion detected - signal timing extended and reroute suggested
EVT425169,2025-09-14 11:54:51,Local Market Day,J040,City Market,3202,Weekend,False,Clear,False,0.0,False,False,0.282,Low,27.5,18.1,207.7,0.162,0.374,0.969,Moderate traffic flow - standard adaptive signal timing in effect
EVT425170,2026-01-08 20:36:29,Local Market Day,J040,City Market,2604,Weekday,False,Clear,False,0.0,False,False,0.514,Moderate,24.0,39.7,203.9,0.159,0.367,0.949,Moderate traffic flow - standard adaptive signal timing in effect
EVT425171,2026-06-17 14:22:41,Local Market Day,J031,Cubbon Road,4751,Weekday,False,Clear,False,0.0,False,False,0.142,Low,37.2,8.9,118.2,0.11,0.253,0.94,Normal free-flow traffic - standard signal timing maintained
EVT425172,2026-04-06 16:44:14,Sports Fixture,J011,Indiranagar 100ft Road,12992,Weekday,False,Clear,False,0.0,False,False,0.749,High,17.4,51.5,246.1,0.152,0.351,0.96,Moderate traffic flow - standard adaptive signal timing in effect
EVT425173,2025-01-25 12:49:44,Concert,J031,Cubbon Road,10183,Weekend,False,Clear,False,0.0,False,False,0.243,Low,32.2,11.9,170.0,0.147,0.339,0.965,Normal free-flow traffic - standard signal timing maintained
EVT425174,2025-03-25 21:35:44,Concert,J030,MG Road,14259,Weekday,False,Clear,False,0.0,False,False,0.405,Moderate,30.4,35.0,157.5,0.108,0.248,0.949,Moderate traffic flow - standard adaptive signal timing in effect
EVT425175,2025-07-31 17:47:48,Trade Fair,J031,Cubbon Road,9185,Weekday,False,Clear,False,0.0,False,False,0.993,Severe,9.2,70.4,627.1,0.231,0.534,0.948,Heavy congestion detected - signal timing extended and reroute suggested
EVT425176,2025-09-29 23:24:11,Concert,J031,Cubbon Road,15397,Weekday,False,Light Rain,True,5.3,False,False,0.377,Moderate,30.4,24.7,150.3,0.128,0.295,0.903,Light rain detected - minor speed reduction advised
EVT425177,2025-09-26 11:08:17,Concert,J040,City Market,10711,Weekday,False,Clear,False,0.0,False,False,0.438,Moderate,24.2,37.6,104.9,0.08,0.186,0.947,Moderate traffic flow - standard adaptive signal timing in effect
EVT425178,2026-03-31 08:51:26,Local Market Day,J040,City Market,3278,Weekday,False,Light Rain,True,5.3,False,False,1.0,Severe,10.1,71.7,698.9,0.275,0.636,0.845,Heavy rain reducing visibility and grip - reduced speed and longer buffer advised
EVT425179,2025-07-04 19:05:44,Trade Fair,J012,Koramangala Sony World,8249,Weekday,False,Clear,False,0.0,False,False,1.0,Severe,7.6,76.5,631.2,0.204,0.472,0.891,Heavy congestion detected - signal timing extended and reroute suggested
EVT425180,2025-07-06 09:14:39,Concert,J020,Malleshwaram Circle,14000,Weekend,False,Clear,False,0.0,False,False,0.879,Severe,11.1,63.8,561.6,0.224,0.518,0.938,Heavy congestion detected - signal timing extended and reroute suggested
EVT425181,2025-08-07 13:58:37,Local Market Day,J030,MG Road,6039,Weekday,False,Rain,True,15.0,False,False,0.35,Low,25.4,29.8,135.1,0.111,0.257,0.92,Light rain detected - minor speed reduction advised
EVT425182,2026-02-02 00:21:54,Sports Fixture,J030,MG Road,20644,Weekday,False,Clear,False,0.0,False,False,0.286,Low,26.9,21.9,148.8,0.104,0.241,0.969,Moderate traffic flow - standard adaptive signal timing in effect
EVT425183,2025-08-05 21:54:07,Trade Fair,J031,Cubbon Road,9042,Weekday,False,Heavy Rain,True,25.6,False,False,0.624,High,19.9,44.6,267.4,0.173,0.401,0.936,Heavy rain reducing visibility and grip - reduced speed and longer buffer advised
EVT425184,2025-05-09 16:31:16,Political Rally,J040,City Market,24951,Weekday,False,Clear,False,0.0,False,False,0.685,High,17.1,47.3,353.1,0.2,0.461,0.965,Moderate traffic flow - standard adaptive signal timing in effect
EVT425185,2026-04-08 17:42:31,Trade Fair,J023,Basavanagudi,10349,Weekday,False,Clear,False,0.0,False,False,1.0,Severe,8.7,69.5,346.5,0.123,0.284,0.916,Heavy congestion detected - signal timing extended and reroute suggested
EVT425186,2025-02-03 22:03:44,Local Market Day,J040,City Market,4867,Weekday,False,Fog,False,0.0,False,False,0.247,Low,32.2,21.1,143.5,0.128,0.296,0.971,Normal free-flow traffic - standard signal timing maintained
EVT425187,2025-03-27 07:38:32,Sports Fixture,J031,Cubbon Road,18785,Weekday,False,Clear,False,0.0,False,False,0.722,High,21.5,50.8,98.1,0.053,0.123,0.948,Moderate traffic flow - standard adaptive signal timing in effect
EVT425188,2025-01-02 01:08:03,Concert,J031,Cubbon Road,13280,Weekday,False,Clear,False,0.0,False,False,0.212,Low,38.1,17.9,65.5,0.058,0.135,0.99,Normal free-flow traffic - standard signal timing maintained
EVT425189,2025-04-05 17:04:10,Local Market Day,J031,Cubbon Road,4736,Weekend,False,Clear,False,0.0,False,False,0.622,High,19.0,37.5,314.4,0.176,0.406,0.96,Moderate traffic flow - standard adaptive signal timing in effect
EVT425190,2026-04-24 16:27:40,Local Market Day,J031,Cubbon Road,3171,Weekday,False,Clear,False,0.0,False,False,0.578,High,28.3,39.6,203.4,0.169,0.391,0.986,Moderate traffic flow - standard adaptive signal timing in effect
EVT425191,2025-04-13 17:05:39,Local Market Day,J011,Indiranagar 100ft Road,4014,Weekend,False,Clear,False,0.0,False,False,0.622,High,20.3,49.8,159.4,0.101,0.234,0.968,Moderate traffic flow - standard adaptive signal timing in effect
EVT425192,2025-01-19 07:43:37,Trade Fair,J011,Indiranagar 100ft Road,9592,Weekend,False,Clear,False,0.0,False,False,0.697,High,19.5,42.8,254.2,0.155,0.358,0.969,Moderate traffic flow - standard adaptive signal timing in effect
EVT425193,2026-02-10 09:55:44,Local Market Day,J009,Majestic,7436,Weekday,False,Clear,False,0.0,False,False,0.866,Severe,10.9,66.3,445.0,0.198,0.457,0.919,Heavy congestion detected - signal timing extended and reroute suggested
EVT425194,2025-09-04 21:51:16,Political Rally,J023,Basavanagudi,7523,Weekday,False,Fog,False,0.0,False,False,0.272,Low,32.7,20.8,188.5,0.156,0.361,0.962,Moderate traffic flow - standard adaptive signal timing in effect
EVT425195,2025-10-26 07:12:45,Local Market Day,J030,MG Road,9591,Weekend,False,Clear,False,0.0,False,False,0.579,High,22.3,41.8,196.4,0.138,0.319,0.98,Moderate traffic flow - standard adaptive signal timing in effect
EVT425196,2025-06-20 07:33:40,Local Market Day,J012,Koramangala Sony World,5514,Weekday,False,Heavy Rain,True,25.0,False,False,0.929,Severe,12.6,66.4,551.0,0.281,0.648,0.884,Heavy rain reducing visibility and grip - reduced speed and longer buffer advised
EVT425197,2025-07-12 14:19:19,Sports Fixture,J031,Cubbon Road,14371,Weekend,False,Rain,True,17.3,False,False,0.51,Moderate,25.4,33.8,248.7,0.166,0.383,0.922,Light rain detected - minor speed reduction advised
EVT425198,2026-03-06 09:59:30,Trade Fair,J040,City Market,8614,Weekday,False,Fog,False,0.0,False,False,0.827,Severe,13.5,54.7,373.1,0.172,0.398,0.945,Heavy congestion detected - signal timing extended and reroute suggested
EVT425199,2025-05-08 15:42:56,Concert,J020,Malleshwaram Circle,9933,Weekday,False,Clear,False,0.0,False,False,0.373,Moderate,21.4,22.8,224.1,0.133,0.308,0.977,Moderate traffic flow - standard adaptive signal timing in effect
EVT425200,2025-10-20 04:57:31,Religious Festival,J020,Malleshwaram Circle,46997,Weekday,True,Rain,True,11.4,False,True,0.966,Severe,7.9,94.6,595.7,0.223,0.514,0.793,Road closure for event/procession - full detour recommended for through-traffic
EVT425201,2026-02-27 17:42:47,Sports Fixture,J023,Basavanagudi,20044,Weekday,False,Clear,False,0.0,False,False,0.967,Severe,7.4,67.1,505.3,0.16,0.369,0.933,Heavy congestion detected - signal timing extended and reroute suggested
EVT425202,2025-10-20 05:02:00,Religious Festival,J040,City Market,45236,Weekday,True,Clear,False,0.0,False,True,0.785,High,16.0,80.1,155.7,0.11,0.255,0.869,Road closure for event/procession - full detour recommended for through-traffic
EVT425203,2026-03-13 17:07:29,Local Market Day,J012,Koramangala Sony World,3602,Weekday,False,Clear,False,0.0,False,False,0.794,Severe,19.8,57.8,175.5,0.108,0.249,0.973,Heavy congestion detected - signal timing extended and reroute suggested
EVT425204,2026-01-27 09:56:03,Cultural Procession,J040,City Market,41241,Weekday,True,Clear,False,0.0,False,True,1.0,Severe,8.4,101.7,468.9,0.163,0.377,0.85,Road closure for event/procession - full detour recommended for through-traffic
EVT425205,2025-12-09 16:04:37,Local Market Day,J020,Malleshwaram Circle,3888,Weekday,False,Light Rain,True,5.4,False,False,0.551,High,26.5,42.9,244.3,0.187,0.431,0.927,Heavy rain reducing visibility and grip - reduced speed and longer buffer advised
EVT425206,2026-03-01 16:33:17,Sports Fixture,J031,Cubbon Road,29012,Weekend,False,Clear,False,0.0,False,False,0.711,High,15.6,46.6,363.8,0.187,0.431,0.959,Moderate traffic flow - standard adaptive signal timing in effect
EVT425207,2025-11-11 08:05:18,Local Market Day,J012,Koramangala Sony World,8762,Weekday,False,Clear,False,0.0,False,False,0.872,Severe,11.2,61.3,390.8,0.192,0.443,0.938,Heavy congestion detected - signal timing extended and reroute suggested
EVT425208,2025-10-10 14:10:30,Sports Fixture,J030,MG Road,22875,Weekday,False,Clear,False,0.0,False,False,0.307,Low,29.5,25.5,155.8,0.125,0.288,0.945,Moderate traffic flow - standard adaptive signal timing in effect
EVT425209,2025-06-13 18:40:47,Sports Fixture,J009,Majestic,17564,Weekday,False,Heavy Rain,True,28.9,False,False,1.0,Severe,9.7,84.4,516.2,0.195,0.45,0.869,Heavy rain reducing visibility and grip - reduced speed and longer buffer advised
EVT425210,2025-06-17 09:44:18,Political Rally,J009,Majestic,19406,Weekday,False,Clear,False,0.0,False,False,1.0,Severe,9.0,74.5,508.2,0.188,0.434,0.909,Heavy congestion detected - signal timing extended and reroute suggested
EVT425211,2025-06-18 12:12:19,Political Rally,J012,Koramangala Sony World,24920,Weekday,False,Clear,False,0.0,False,False,0.389,Moderate,32.2,29.6,185.8,0.143,0.331,0.954,Moderate traffic flow - standard adaptive signal timing in effect
EVT425212,2025-02-10 09:59:04,Local Market Day,J020,Malleshwaram Circle,4404,Weekday,False,Clear,False,0.0,False,False,0.818,Severe,13.5,57.6,442.7,0.227,0.523,0.967,Heavy congestion detected - signal timing extended and reroute suggested
EVT425213,2025-06-29 17:06:00,Sports Fixture,J023,Basavanagudi,21169,Weekend,False,Clear,False,0.0,False,False,0.783,Severe,14.4,54.9,384.6,0.198,0.458,0.99,Heavy congestion detected - signal timing extended and reroute suggested
EVT425214,2025-07-19 12:33:00,Sports Fixture,J023,Basavanagudi,32369,Weekend,False,Clear,False,0.0,False,False,0.459,Moderate,18.2,36.4,328.0,0.176,0.406,0.972,Moderate traffic flow - standard adaptive signal timing in effect
EVT425215,2026-02-15 06:52:19,Sports Fixture,J040,City Market,20860,Weekend,False,Clear,False,0.0,False,False,0.478,Moderate,22.7,34.2,140.1,0.098,0.226,0.948,Moderate traffic flow - standard adaptive signal timing in effect
EVT425216,2025-09-21 12:15:10,Trade Fair,J020,Malleshwaram Circle,8230,Weekend,False,Heavy Rain,True,93.7,False,False,0.655,High,20.6,45.3,120.9,0.071,0.165,0.913,Heavy rain reducing visibility and grip - reduced speed and longer buffer advised
EVT425217,2025-06-07 11:44:50,Local Market Day,J031,Cubbon Road,4125,Weekend,False,Rain,True,15.5,False,False,0.461,Moderate,25.7,35.2,212.5,0.162,0.374,0.9,Light rain detected - minor speed reduction advised
EVT425218,2025-11-03 12:13:15,Trade Fair,J009,Majestic,7902,Weekday,False,Clear,False,0.0,False,False,0.234,Low,32.8,13.1,95.5,0.076,0.175,0.959,Normal free-flow traffic - standard signal timing maintained
EVT425219,2025-09-30 21:26:36,Sports Fixture,J031,Cubbon Road,14954,Weekday,False,Clear,False,0.0,False,False,0.49,Moderate,17.2,35.1,299.5,0.174,0.403,0.955,Moderate traffic flow - standard adaptive signal timing in effect
EVT425220,2026-06-01 12:15:32,Concert,J011,Indiranagar 100ft Road,9607,Weekday,False,Heavy Rain,True,78.0,False,False,0.549,Moderate,20.2,32.8,203.5,0.123,0.283,0.895,Light rain detected - minor speed reduction advised
EVT425221,2025-03-01 22:43:19,Local Market Day,J031,Cubbon Road,3551,Weekend,False,Clear,False,0.0,False,False,0.285,Low,25.9,21.4,193.6,0.142,0.327,0.957,Moderate traffic flow - standard adaptive signal timing in effect
EVT425222,2026-02-01 17:53:30,Sports Fixture,J030,MG Road,33654,Weekend,False,Clear,False,0.0,False,False,1.0,Severe,8.5,71.3,399.8,0.159,0.367,0.913,Heavy congestion detected - signal timing extended and reroute suggested
EVT425223,2026-01-27 18:48:14,Fireworks Display,J030,MG Road,18056,Weekday,True,Clear,False,0.0,False,False,1.0,Severe,8.5,70.0,441.7,0.168,0.387,0.849,Festival crowd surge detected - alternate route and extended cycle recommended
EVT425224,2026-01-10 19:40:08,Concert,J030,MG Road,14615,Weekend,False,Clear,False,0.0,False,False,0.74,High,15.0,53.8,248.9,0.126,0.29,0.94,Moderate traffic flow - standard adaptive signal timing in effect
EVT425225,2026-05-31 09:46:00,Trade Fair,J040,City Market,16721,Weekend,False,Clear,False,0.0,False,False,0.836,Severe,9.7,58.8,638.8,0.24,0.554,0.919,Heavy congestion detected - signal timing extended and reroute suggested
EVT425226,2025-06-16 18:36:23,Concert,J012,Koramangala Sony World,8684,Weekday,False,Heavy Rain,True,29.4,False,False,1.0,Severe,8.7,72.1,232.1,0.104,0.24,0.88,Heavy rain reducing visibility and grip - reduced speed and longer buffer advised
EVT425227,2026-06-24 08:48:07,Local Market Day,J023,Basavanagudi,2973,Weekday,False,Rain,True,8.4,False,False,1.0,Severe,9.2,76.6,470.8,0.175,0.405,0.881,Heavy rain reducing visibility and grip - reduced speed and longer buffer advised
EVT425228,2026-06-07 16:23:35,Sports Fixture,J009,Majestic,25481,Weekend,False,Clear,False,0.0,False,False,0.624,High,19.5,47.8,209.4,0.128,0.296,0.938,Moderate traffic flow - standard adaptive signal timing in effect
EVT425229,2026-04-25 11:34:19,Sports Fixture,J012,Koramangala Sony World,16961,Weekend,False,Clear,False,0.0,False,False,0.395,Moderate,26.7,21.1,157.1,0.134,0.308,0.95,Moderate traffic flow - standard adaptive signal timing in effect
EVT425230,2025-08-04 18:37:02,Concert,J023,Basavanagudi,20868,Weekday,False,Clear,False,0.0,False,False,1.0,Severe,7.5,69.8,763.7,0.234,0.541,0.909,Heavy congestion detected - signal timing extended and reroute suggested
EVT425231,2026-02-10 14:28:55,Concert,J031,Cubbon Road,14701,Weekday,False,Clear,False,0.0,False,False,0.265,Low,33.3,21.9,89.9,0.069,0.16,0.965,Moderate traffic flow - standard adaptive signal timing in effect
EVT425232,2026-03-08 08:44:40,Political Rally,J020,Malleshwaram Circle,17181,Weekend,False,Clear,False,0.0,False,False,0.966,Severe,8.5,70.6,522.3,0.182,0.421,0.936,Heavy congestion detected - signal timing extended and reroute suggested
EVT425233,2025-08-20 17:36:54,Concert,J012,Koramangala Sony World,14675,Weekday,False,Clear,False,0.0,False,False,0.926,Severe,10.3,68.5,671.3,0.251,0.581,0.913,Heavy congestion detected - signal timing extended and reroute suggested
EVT425234,2025-01-05 21:43:02,Sports Fixture,J009,Majestic,26248,Weekend,False,Fog,False,0.0,False,False,0.411,Moderate,23.5,31.8,198.5,0.134,0.309,0.967,Moderate traffic flow - standard adaptive signal timing in effect
EVT425235,2026-02-14 09:33:48,Concert,J009,Majestic,11187,Weekend,False,Clear,False,0.0,False,False,0.921,Severe,11.7,63.4,540.5,0.208,0.48,0.934,Heavy congestion detected - signal timing extended and reroute suggested
EVT425236,2026-04-01 14:25:57,Local Market Day,J020,Malleshwaram Circle,5940,Weekday,False,Rain,True,20.7,True,False,0.789,Severe,16.5,51.5,231.3,0.155,0.358,0.75,Accident detected nearby - reroute and reduced speed advised
EVT425237,2025-08-22 14:45:02,Sports Fixture,J030,MG Road,31347,Weekday,False,Rain,True,24.3,False,False,0.631,High,17.6,47.9,309.5,0.161,0.372,0.912,Heavy rain reducing visibility and grip - reduced speed and longer buffer advised
EVT425238,2025-04-23 08:20:36,Local Market Day,J009,Majestic,5012,Weekday,False,Clear,False,0.0,False,False,0.911,Severe,10.8,66.7,407.3,0.176,0.406,0.927,Heavy congestion detected - signal timing extended and reroute suggested
EVT425239,2025-01-28 07:31:17,Local Market Day,J023,Basavanagudi,4051,Weekday,False,Clear,False,0.0,False,False,0.656,High,16.4,45.2,285.9,0.179,0.412,0.966,Moderate traffic flow - standard adaptive signal timing in effect
EVT425240,2025-07-17 19:24:11,Concert,J031,Cubbon Road,29032,Weekday,False,Clear,False,0.0,False,False,1.0,Severe,7.4,70.1,534.8,0.17,0.392,0.941,Heavy congestion detected - signal timing extended and reroute suggested
EVT425241,2025-06-10 07:43:21,Political Rally,J009,Majestic,11198,Weekday,False,Heavy Rain,True,36.6,False,False,1.0,Severe,8.0,74.3,701.1,0.247,0.57,0.872,Heavy rain reducing visibility and grip - reduced speed and longer buffer advised
EVT425242,2025-06-23 12:20:33,Local Market Day,J023,Basavanagudi,4521,Weekday,False,Clear,False,0.0,False,False,0.224,Low,33.1,12.5,199.7,0.178,0.411,0.956,Normal free-flow traffic - standard signal timing maintained
EVT425243,2026-04-25 10:45:11,Concert,J040,City Market,9148,Weekend,False,Clear,False,0.0,False,False,0.483,Moderate,24.5,32.8,242.8,0.187,0.432,0.977,Moderate traffic flow - standard adaptive signal timing in effect
EVT425244,2025-08-12 06:16:56,Trade Fair,J023,Basavanagudi,7988,Weekday,False,Clear,False,0.0,False,False,0.284,Low,31.2,22.0,100.2,0.078,0.181,0.94,Moderate traffic flow - standard adaptive signal timing in effect
EVT425245,2025-11-09 18:14:55,Local Market Day,J012,Koramangala Sony World,1906,Weekend,False,Clear,False,0.0,False,False,0.872,Severe,12.6,62.9,162.7,0.091,0.211,0.942,Heavy congestion detected - signal timing extended and reroute suggested
EVT425246,2025-07-11 19:41:51,Local Market Day,J040,City Market,3148,Weekday,False,Rain,True,9.7,False,False,0.86,Severe,10.4,56.4,530.9,0.18,0.416,0.913,Heavy rain reducing visibility and grip - reduced speed and longer buffer advised
EVT425247,2026-04-07 09:13:01,Local Market Day,J012,Koramangala Sony World,4751,Weekday,False,Light Rain,True,5.8,False,False,1.0,Severe,6.7,77.5,544.8,0.169,0.39,0.855,Heavy rain reducing visibility and grip - reduced speed and longer buffer advised
EVT425248,2026-05-09 21:23:52,Trade Fair,J012,Koramangala Sony World,6808,Weekend,False,Rain,True,24.2,False,False,0.65,High,22.4,40.9,276.8,0.208,0.48,0.921,Heavy rain reducing visibility and grip - reduced speed and longer buffer advised
EVT425249,2026-02-09 22:26:37,Concert,J020,Malleshwaram Circle,14255,Weekday,False,Clear,False,0.0,False,False,0.235,Low,34.7,16.4,152.8,0.142,0.327,0.951,Normal free-flow traffic - standard signal timing maintained
EVT425250,2026-02-27 22:42:48,Trade Fair,J030,MG Road,13851,Weekday,False,Clear,False,0.0,False,False,0.326,Low,32.3,23.4,191.0,0.168,0.387,0.962,Moderate traffic flow - standard adaptive signal timing in effect
EVT425251,2025-03-01 19:51:52,Local Market Day,J040,City Market,5095,Weekend,False,Clear,False,0.0,False,False,0.68,High,16.2,51.5,256.0,0.146,0.338,0.953,Moderate traffic flow - standard adaptive signal timing in effect
EVT425252,2026-05-25 10:36:07,Sports Fixture,J012,Koramangala Sony World,17993,Weekday,False,Clear,False,0.0,False,False,0.697,High,17.4,48.4,203.1,0.117,0.27,0.956,Moderate traffic flow - standard adaptive signal timing in effect
EVT425253,2025-12-20 21:00:14,Trade Fair,J011,Indiranagar 100ft Road,8451,Weekend,False,Clear,False,0.0,False,False,0.364,Moderate,34.2,28.4,153.8,0.112,0.258,0.949,Moderate traffic flow - standard adaptive signal timing in effect
EVT425254,2026-01-21 21:46:23,Concert,J031,Cubbon Road,12962,Weekday,False,Clear,False,0.0,False,False,0.259,Low,29.1,21.2,126.7,0.106,0.244,0.972,Moderate traffic flow - standard adaptive signal timing in effect
EVT425255,2026-04-24 18:56:34,Trade Fair,J023,Basavanagudi,8549,Weekday,False,Rain,True,7.5,False,False,1.0,Severe,10.5,70.0,277.4,0.116,0.268,0.869,Heavy rain reducing visibility and grip - reduced speed and longer buffer advised
EVT425256,2026-05-06 20:51:45,Sports Fixture,J011,Indiranagar 100ft Road,7134,Weekday,False,Heavy Rain,True,43.0,False,False,0.854,Severe,15.8,56.3,179.7,0.117,0.271,0.904,Heavy rain reducing visibility and grip - reduced speed and longer buffer advised
EVT425257,2026-03-13 14:28:55,Political Rally,J011,Indiranagar 100ft Road,15411,Weekday,False,Clear,False,0.0,False,False,0.275,Low,28.7,17.5,115.0,0.089,0.207,0.934,Moderate traffic flow - standard adaptive signal timing in effect
EVT425258,2025-07-26 08:07:47,Sports Fixture,J030,MG Road,10616,Weekend,False,Rain,True,18.6,False,False,0.983,Severe,10.4,69.2,414.6,0.179,0.415,0.865,Heavy rain reducing visibility and grip - reduced speed and longer buffer advised
EVT425259,2026-04-08 11:14:39,Concert,J009,Majestic,12651,Weekday,False,Clear,False,0.0,False,False,0.376,Moderate,23.2,26.4,257.3,0.171,0.394,0.956,Moderate traffic flow - standard adaptive signal timing in effect
EVT425260,2025-07-26 20:03:14,Sports Fixture,J030,MG Road,18621,Weekend,False,Heavy Rain,True,39.9,False,False,1.0,Severe,8.2,71.7,410.4,0.145,0.334,0.871,Heavy rain reducing visibility and grip - reduced speed and longer buffer advised
EVT425261,2026-02-04 09:05:52,Sports Fixture,J009,Majestic,13751,Weekday,False,Clear,False,0.0,False,False,1.0,Severe,6.4,67.5,802.0,0.215,0.496,0.908,Heavy congestion detected - signal timing extended and reroute suggested
EVT425262,2025-05-19 18:57:01,Local Market Day,J031,Cubbon Road,2741,Weekday,False,Clear,False,0.0,False,False,0.971,Severe,11.3,70.9,311.8,0.139,0.322,0.933,Heavy congestion detected - signal timing extended and reroute suggested
EVT425263,2026-02-01 17:23:04,Sports Fixture,J011,Indiranagar 100ft Road,20081,Weekend,False,Clear,False,0.0,False,False,0.794,Severe,12.7,57.9,435.8,0.215,0.496,0.947,Heavy congestion detected - signal timing extended and reroute suggested
EVT425264,2025-03-07 12:37:25,Political Rally,J011,Indiranagar 100ft Road,15871,Weekday,False,Clear,False,0.0,False,False,0.253,Low,27.0,13.0,113.3,0.073,0.17,0.983,Moderate traffic flow - standard adaptive signal timing in effect
EVT425265,2026-02-16 16:59:41,Local Market Day,J009,Majestic,5584,Weekday,False,Clear,False,0.0,False,False,0.738,High,16.4,50.9,226.4,0.138,0.319,0.989,Moderate traffic flow - standard adaptive signal timing in effect
EVT425266,2025-05-24 14:33:45,Sports Fixture,J031,Cubbon Road,17585,Weekend,False,Clear,False,0.0,False,False,0.354,Moderate,30.6,26.1,135.3,0.114,0.263,0.952,Moderate traffic flow - standard adaptive signal timing in effect
EVT425267,2025-08-30 10:10:46,Concert,J030,MG Road,16216,Weekend,False,Clear,False,0.0,False,False,0.739,High,18.7,55.6,168.5,0.108,0.249,0.958,Moderate traffic flow - standard adaptive signal timing in effect
EVT425268,2025-05-20 10:59:28,Sports Fixture,J023,Basavanagudi,13647,Weekday,False,Clear,False,0.0,False,False,0.473,Moderate,23.6,30.6,160.3,0.119,0.275,0.964,Moderate traffic flow - standard adaptive signal timing in effect
EVT425269,2025-07-13 02:00:12,Concert,J012,Koramangala Sony World,8688,Weekend,False,Heavy Rain,True,46.8,False,False,0.633,High,23.0,40.8,248.6,0.183,0.422,0.887,Heavy rain reducing visibility and grip - reduced speed and longer buffer advised
EVT425270,2025-01-26 23:39:54,Religious Festival,J011,Indiranagar 100ft Road,35964,Weekend,True,Clear,False,0.0,False,True,0.816,High,11.0,87.0,262.6,0.102,0.235,0.858,Road closure for event/procession - full detour recommended for through-traffic
EVT425271,2026-03-08 18:38:10,Local Market Day,J012,Koramangala Sony World,5430,Weekend,False,Clear,False,0.0,False,False,0.895,Severe,12.2,67.7,769.1,0.334,0.771,0.953,Heavy congestion detected - signal timing extended and reroute suggested
EVT425272,2025-07-30 10:02:12,Sports Fixture,J040,City Market,19491,Weekday,False,Clear,False,0.0,False,False,0.913,Severe,11.0,62.0,565.9,0.251,0.579,0.91,Heavy congestion detected - signal timing extended and reroute suggested
EVT425273,2025-07-01 18:34:33,Concert,J040,City Market,12754,Weekday,False,Heavy Rain,True,25.7,False,False,1.0,Severe,9.3,74.3,730.5,0.26,0.601,0.868,Heavy rain reducing visibility and grip - reduced speed and longer buffer advised
EVT425274,2025-04-19 08:13:05,Local Market Day,J020,Malleshwaram Circle,4527,Weekend,False,Clear,False,0.0,False,False,0.747,High,17.0,47.4,210.1,0.123,0.284,0.957,Moderate traffic flow - standard adaptive signal timing in effect
EVT425275,2025-01-29 12:38:15,Sports Fixture,J009,Majestic,25150,Weekday,False,Clear,False,0.0,False,False,0.415,Moderate,24.3,32.8,184.4,0.141,0.326,0.967,Moderate traffic flow - standard adaptive signal timing in effect
EVT425276,2026-06-18 10:34:13,Sports Fixture,J031,Cubbon Road,30041,Weekday,False,Clear,False,0.0,False,False,0.739,High,18.1,51.0,169.9,0.103,0.238,0.959,Moderate traffic flow - standard adaptive signal timing in effect
EVT425277,2025-06-04 08:12:19,Trade Fair,J031,Cubbon Road,8913,Weekday,False,Heavy Rain,True,39.3,False,False,1.0,Severe,8.3,66.0,673.5,0.229,0.528,0.842,Heavy rain reducing visibility and grip - reduced speed and longer buffer advised
EVT425278,2025-01-30 09:07:17,Concert,J040,City Market,15120,Weekday,False,Clear,False,0.0,False,False,1.0,Severe,5.7,72.1,673.6,0.162,0.375,0.901,Heavy congestion detected - signal timing extended and reroute suggested
EVT425279,2025-02-16 19:55:08,Sports Fixture,J012,Koramangala Sony World,33796,Weekend,False,Clear,False,0.0,False,False,0.833,Severe,14.0,60.2,441.3,0.208,0.48,0.981,Heavy congestion detected - signal timing extended and reroute suggested
EVT425280,2025-06-30 12:50:28,Local Market Day,J009,Majestic,2322,Weekday,False,Clear,False,0.0,False,False,0.278,Low,31.6,18.8,164.4,0.15,0.346,0.955,Moderate traffic flow - standard adaptive signal timing in effect
EVT425281,2025-07-04 21:45:40,Local Market Day,J031,Cubbon Road,7052,Weekday,False,Clear,False,0.0,False,False,0.253,Low,34.6,10.1,107.3,0.106,0.244,0.953,Moderate traffic flow - standard adaptive signal timing in effect
EVT425282,2025-05-14 19:41:06,Sports Fixture,J011,Indiranagar 100ft Road,37514,Weekday,False,Rain,True,10.3,False,False,1.0,Severe,8.8,70.7,657.1,0.246,0.569,0.903,Heavy rain reducing visibility and grip - reduced speed and longer buffer advised
EVT425283,2025-02-22 08:19:19,Sports Fixture,J012,Koramangala Sony World,14067,Weekend,False,Clear,False,0.0,False,False,0.838,Severe,11.8,51.7,330.7,0.147,0.339,0.948,Heavy congestion detected - signal timing extended and reroute suggested
EVT425284,2025-06-17 21:25:30,Concert,J011,Indiranagar 100ft Road,11341,Weekday,False,Heavy Rain,True,52.2,False,False,0.711,High,19.8,50.4,184.2,0.125,0.288,0.912,Heavy rain reducing visibility and grip - reduced speed and longer buffer advised
EVT425285,2025-01-28 16:03:37,Sports Fixture,J012,Koramangala Sony World,11511,Weekday,False,Clear,False,0.0,False,False,0.459,Moderate,28.7,36.0,163.1,0.141,0.327,0.965,Moderate traffic flow - standard adaptive signal timing in effect
EVT425286,2025-06-30 19:45:24,Trade Fair,J009,Majestic,9009,Weekday,False,Clear,False,0.0,False,False,0.933,Severe,9.4,68.9,258.6,0.111,0.257,0.938,Heavy congestion detected - signal timing extended and reroute suggested
EVT425287,2025-01-24 13:33:27,Sports Fixture,J040,City Market,15291,Weekday,False,Clear,False,0.0,False,False,0.293,Low,29.4,24.7,76.1,0.07,0.162,0.99,Moderate traffic flow - standard adaptive signal timing in effect
EVT425288,2025-03-11 07:35:35,Concert,J023,Basavanagudi,11754,Weekday,False,Clear,False,0.0,False,False,0.653,High,22.2,54.1,225.0,0.167,0.385,0.977,Moderate traffic flow - standard adaptive signal timing in effect
EVT425289,2025-10-28 10:10:25,Trade Fair,J030,MG Road,11479,Weekday,False,Clear,False,0.0,False,False,0.762,Severe,15.1,54.6,469.8,0.261,0.604,0.935,Heavy congestion detected - signal timing extended and reroute suggested
EVT425290,2026-04-28 07:45:34,Political Rally,J012,Koramangala Sony World,10698,Weekday,False,Clear,False,0.0,False,False,0.723,High,16.1,50.8,384.3,0.223,0.514,0.964,Moderate traffic flow - standard adaptive signal timing in effect
EVT425291,2025-06-12 02:40:01,Trade Fair,J030,MG Road,15993,Weekday,False,Heavy Rain,True,25.6,False,False,0.518,Moderate,22.5,35.2,104.3,0.088,0.203,0.929,Light rain detected - minor speed reduction advised
EVT425292,2025-12-19 17:14:05,Local Market Day,J030,MG Road,3965,Weekday,False,Clear,False,0.0,False,False,0.777,Severe,14.6,53.6,245.2,0.129,0.298,0.982,Heavy congestion detected - signal timing extended and reroute suggested
EVT425293,2025-09-27 11:03:07,Trade Fair,J009,Majestic,9759,Weekend,False,Clear,False,0.0,False,False,0.51,Moderate,20.9,35.8,222.3,0.168,0.387,0.953,Moderate traffic flow - standard adaptive signal timing in effect
EVT425294,2026-01-02 19:12:28,Religious Festival,J030,MG Road,37294,Weekday,True,Clear,False,0.0,False,False,1.0,Severe,9.4,75.5,420.7,0.171,0.394,0.85,Festival crowd surge detected - alternate route and extended cycle recommended
EVT425295,2026-01-08 07:31:28,Political Rally,J011,Indiranagar 100ft Road,26981,Weekday,False,Clear,False,0.0,False,False,0.83,Severe,12.8,53.4,693.2,0.301,0.695,0.938,Heavy congestion detected - signal timing extended and reroute suggested
EVT425296,2025-01-05 16:54:02,Sports Fixture,J020,Malleshwaram Circle,25616,Weekend,False,Clear,False,0.0,False,False,0.805,Severe,12.1,62.7,557.0,0.222,0.513,0.944,Heavy congestion detected - signal timing extended and reroute suggested
EVT425297,2025-09-11 08:07:03,Sports Fixture,J031,Cubbon Road,18314,Weekday,False,Rain,True,19.4,False,False,1.0,Severe,8.4,72.1,548.5,0.201,0.465,0.871,Heavy rain reducing visibility and grip - reduced speed and longer buffer advised
EVT425298,2025-01-23 10:49:01,Sports Fixture,J012,Koramangala Sony World,32023,Weekday,False,Clear,False,0.0,False,False,0.679,High,19.4,45.4,306.5,0.205,0.473,0.957,Moderate traffic flow - standard adaptive signal timing in effect
EVT425299,2026-02-20 14:07:26,Sports Fixture,J030,MG Road,35629,Weekday,False,Fog,False,0.0,False,False,0.396,Moderate,25.6,32.4,212.0,0.162,0.374,0.953,Moderate traffic flow - standard adaptive signal timing in effect
EVT425300,2025-11-06 23:55:12,Trade Fair,J031,Cubbon Road,14516,Weekday,False,Clear,False,0.0,False,False,0.188,Low,29.3,12.4,188.5,0.148,0.343,0.961,Normal free-flow traffic - standard signal timing maintained
EVT425301,2025-04-05 05:16:13,Concert,J009,Majestic,13443,Weekend,False,Clear,False,0.0,False,False,0.359,Moderate,30.4,20.8,176.2,0.161,0.373,0.963,Moderate traffic flow - standard adaptive signal timing in effect
EVT425302,2026-04-02 16:31:37,Trade Fair,J040,City Market,7930,Weekday,False,Clear,False,0.0,False,False,0.644,High,15.0,47.0,268.0,0.139,0.322,0.956,Moderate traffic flow - standard adaptive signal timing in effect
EVT425303,2026-01-14 10:36:25,Cultural Procession,J012,Koramangala Sony World,17682,Weekday,True,Clear,False,0.0,False,False,0.86,Severe,11.6,61.3,442.0,0.19,0.44,0.892,Festival crowd surge detected - alternate route and extended cycle recommended
EVT425304,2025-05-20 17:14:23,Concert,J011,Indiranagar 100ft Road,10097,Weekday,False,Fog,False,0.0,False,False,0.81,Severe,13.4,60.9,274.6,0.124,0.287,0.963,Heavy congestion detected - signal timing extended and reroute suggested
EVT425305,2025-10-06 09:15:02,Local Market Day,J031,Cubbon Road,2994,Weekday,False,Clear,False,0.0,False,False,0.966,Severe,9.1,69.9,412.1,0.157,0.364,0.93,Heavy congestion detected - signal timing extended and reroute suggested
EVT425306,2026-05-19 08:14:15,Trade Fair,J012,Koramangala Sony World,6319,Weekday,False,Clear,False,0.0,False,False,0.897,Severe,10.9,65.2,526.4,0.212,0.491,0.953,Heavy congestion detected - signal timing extended and reroute suggested
EVT425307,2026-03-05 17:06:35,Religious Festival,J031,Cubbon Road,44524,Weekday,True,Clear,False,0.0,False,True,1.0,Severe,7.4,95.7,881.6,0.276,0.637,0.845,Road closure for event/procession - full detour recommended for through-traffic
EVT425308,2025-02-06 08:01:51,Political Rally,J031,Cubbon Road,11015,Weekday,False,Clear,False,0.0,False,False,0.863,Severe,12.1,68.8,316.4,0.149,0.345,0.95,Heavy congestion detected - signal timing extended and reroute suggested
EVT425309,2025-05-26 08:51:52,Trade Fair,J023,Basavanagudi,3793,Weekday,False,Clear,False,0.0,False,False,0.918,Severe,12.0,65.3,366.2,0.17,0.394,0.956,Heavy congestion detected - signal timing extended and reroute suggested
EVT425310,2025-02-02 12:07:21,Trade Fair,J020,Malleshwaram Circle,9142,Weekend,False,Clear,False,0.0,False,False,0.261,Low,34.5,18.4,154.2,0.132,0.306,0.958,Moderate traffic flow - standard adaptive signal timing in effect
EVT425311,2025-05-18 22:22:56,Local Market Day,J011,Indiranagar 100ft Road,3261,Weekend,False,Clear,False,0.0,False,False,0.271,Low,29.3,22.1,116.8,0.078,0.18,0.99,Moderate traffic flow - standard adaptive signal timing in effect
EVT425312,2025-08-20 15:53:25,Local Market Day,J012,Koramangala Sony World,3816,Weekday,False,Fog,False,0.0,False,False,0.47,Moderate,28.5,29.1,175.9,0.155,0.357,0.971,Moderate traffic flow - standard adaptive signal timing in effect
EVT425313,2025-03-23 08:51:45,Local Market Day,J020,Malleshwaram Circle,4903,Weekend,False,Clear,False,0.0,False,False,0.868,Severe,10.2,56.1,456.2,0.169,0.39,0.949,Heavy congestion detected - signal timing extended and reroute suggested
EVT425314,2025-05-18 22:52:57,Local Market Day,J040,City Market,2577,Weekend,False,Light Rain,True,3.0,False,False,0.379,Moderate,30.8,27.8,200.6,0.19,0.439,0.917,Light rain detected - minor speed reduction advised
EVT425315,2026-01-25 19:00:49,Sports Fixture,J012,Koramangala Sony World,39322,Weekend,False,Clear,False,0.0,False,False,1.0,Severe,9.8,71.8,183.8,0.087,0.2,0.899,Heavy congestion detected - signal timing extended and reroute suggested
EVT425316,2026-02-02 08:49:13,Sports Fixture,J023,Basavanagudi,28466,Weekday,False,Clear,False,0.0,False,False,1.0,Severe,9.3,68.2,268.6,0.123,0.284,0.923,Heavy congestion detected - signal timing extended and reroute suggested
EVT425317,2025-03-28 18:37:15,Local Market Day,J023,Basavanagudi,7723,Weekday,False,Clear,False,0.0,False,False,1.0,Severe,8.8,70.3,573.5,0.202,0.467,0.908,Heavy congestion detected - signal timing extended and reroute suggested
EVT425318,2025-10-24 17:05:26,Sports Fixture,J040,City Market,15758,Weekday,False,Clear,False,0.0,False,False,0.874,Severe,13.3,64.9,386.1,0.189,0.437,0.928,Heavy congestion detected - signal timing extended and reroute suggested
EVT425319,2026-06-23 22:07:57,Political Rally,J012,Koramangala Sony World,12035,Weekday,False,Rain,True,17.4,False,False,0.534,Moderate,23.4,46.0,263.5,0.199,0.46,0.905,Light rain detected - minor speed reduction advised
EVT425320,2025-04-29 19:19:22,Sports Fixture,J009,Majestic,25883,Weekday,False,Clear,False,0.0,True,False,1.0,Severe,8.8,71.8,481.2,0.194,0.449,0.746,Accident detected nearby - reroute and reduced speed advised
EVT425321,2025-04-17 07:28:19,Local Market Day,J023,Basavanagudi,3522,Weekday,False,Clear,False,0.0,False,False,0.701,High,18.8,56.3,279.9,0.161,0.371,0.96,Moderate traffic flow - standard adaptive signal timing in effect
EVT425322,2025-06-08 18:05:41,Local Market Day,J031,Cubbon Road,3472,Weekend,False,Clear,False,0.0,False,False,0.736,High,13.1,47.8,386.4,0.175,0.405,0.957,Moderate traffic flow - standard adaptive signal timing in effect
EVT425323,2025-07-28 18:58:12,Local Market Day,J030,MG Road,3085,Weekday,False,Clear,False,0.0,False,False,0.979,Severe,7.2,76.6,917.0,0.25,0.578,0.9,Heavy congestion detected - signal timing extended and reroute suggested
EVT425324,2025-11-24 13:05:57,Concert,J020,Malleshwaram Circle,15052,Weekday,False,Clear,False,0.0,False,False,0.244,Low,34.0,13.4,124.5,0.127,0.292,0.977,Normal free-flow traffic - standard signal timing maintained
EVT425325,2025-09-24 08:47:22,Local Market Day,J030,MG Road,4044,Weekday,False,Clear,False,0.0,False,False,0.956,Severe,12.2,71.3,239.0,0.102,0.237,0.923,Heavy congestion detected - signal timing extended and reroute suggested
EVT425326,2025-04-05 15:06:48,Local Market Day,J040,City Market,3322,Weekend,False,Fog,False,0.0,False,False,0.297,Low,32.0,23.3,138.7,0.126,0.291,0.99,Moderate traffic flow - standard adaptive signal timing in effect
EVT425327,2026-01-17 06:15:52,Trade Fair,J031,Cubbon Road,7375,Weekend,False,Clear,False,0.0,False,False,0.345,Low,28.5,20.8,209.5,0.165,0.382,0.976,Moderate traffic flow - standard adaptive signal timing in effect
EVT425328,2025-01-09 08:24:22,Concert,J009,Majestic,16502,Weekday,False,Clear,False,0.0,False,False,1.0,Severe,6.7,75.1,686.0,0.197,0.456,0.935,Heavy congestion detected - signal timing extended and reroute suggested
EVT425329,2025-06-13 09:04:42,Local Market Day,J020,Malleshwaram Circle,3471,Weekday,False,Heavy Rain,True,33.4,False,False,1.0,Severe,7.8,70.3,408.8,0.136,0.315,0.89,Heavy rain reducing visibility and grip - reduced speed and longer buffer advised
EVT425330,2025-02-26 22:52:34,Local Market Day,J020,Malleshwaram Circle,6235,Weekday,False,Clear,False,0.0,False,False,0.19,Low,35.5,17.2,53.5,0.045,0.104,0.961,Normal free-flow traffic - standard signal timing maintained
EVT425331,2025-01-13 15:00:17,Local Market Day,J023,Basavanagudi,4744,Weekday,False,Clear,False,0.0,False,False,0.207,Low,23.5,11.2,159.8,0.092,0.212,0.944,Normal free-flow traffic - standard signal timing maintained
EVT425332,2025-11-03 23:11:30,Sports Fixture,J030,MG Road,28715,Weekday,False,Clear,False,0.0,False,False,0.284,Low,33.8,22.4,156.7,0.133,0.308,0.969,Moderate traffic flow - standard adaptive signal timing in effect
EVT425333,2025-05-13 10:13:42,Local Market Day,J012,Koramangala Sony World,2859,Weekday,False,Clear,False,0.0,False,False,0.812,Severe,14.4,57.6,206.3,0.129,0.298,0.949,Heavy congestion detected - signal timing extended and reroute suggested
EVT425334,2026-03-17 15:27:06,Political Rally,J040,City Market,18905,Weekday,False,Clear,False,0.0,False,False,0.483,Moderate,27.1,36.8,106.4,0.072,0.166,0.986,Moderate traffic flow - standard adaptive signal timing in effect
EVT425335,2025-05-12 17:29:59,Concert,J012,Koramangala Sony World,9703,Weekday,False,Fog,False,0.0,False,False,0.985,Severe,8.9,69.5,540.6,0.174,0.402,0.925,Heavy congestion detected - signal timing extended and reroute suggested
EVT425336,2025-07-01 19:11:42,Local Market Day,J012,Koramangala Sony World,5377,Weekday,False,Clear,False,0.0,False,False,1.0,Severe,8.4,72.8,659.3,0.233,0.537,0.903,Heavy congestion detected - signal timing extended and reroute suggested
EVT425337,2026-02-16 11:43:30,Local Market Day,J012,Koramangala Sony World,4155,Weekday,False,Clear,False,0.0,False,False,0.277,Low,28.7,13.7,172.7,0.13,0.301,0.987,Moderate traffic flow - standard adaptive signal timing in effect
EVT425338,2025-09-15 13:27:01,Local Market Day,J031,Cubbon Road,4888,Weekday,False,Clear,False,0.0,False,False,0.209,Low,30.1,20.6,168.2,0.131,0.302,0.951,Normal free-flow traffic - standard signal timing maintained
EVT425339,2026-04-05 16:48:02,Trade Fair,J020,Malleshwaram Circle,9588,Weekend,False,Clear,False,0.0,False,False,0.565,High,22.7,40.9,83.0,0.046,0.106,0.949,Moderate traffic flow - standard adaptive signal timing in effect
EVT425340,2026-04-02 20:53:24,Local Market Day,J031,Cubbon Road,3290,Weekday,False,Rain,True,11.7,False,False,0.601,High,22.3,46.2,248.0,0.176,0.407,0.918,Heavy rain reducing visibility and grip - reduced speed and longer buffer advised
EVT425341,2026-05-19 10:33:06,Trade Fair,J023,Basavanagudi,7617,Weekday,False,Rain,True,12.5,False,False,0.824,Severe,14.4,58.1,138.6,0.069,0.159,0.911,Heavy rain reducing visibility and grip - reduced speed and longer buffer advised
EVT425342,2026-06-05 12:45:37,Political Rally,J030,MG Road,12354,Weekday,False,Clear,False,0.0,False,False,0.224,Low,35.3,18.1,172.8,0.138,0.318,0.976,Normal free-flow traffic - standard signal timing maintained
EVT425343,2025-02-03 15:39:03,Trade Fair,J020,Malleshwaram Circle,8124,Weekday,False,Light Rain,True,3.3,False,False,0.436,Moderate,33.0,26.0,82.0,0.089,0.206,0.903,Light rain detected - minor speed reduction advised
EVT425344,2026-02-02 10:38:44,Concert,J031,Cubbon Road,20970,Weekday,False,Clear,False,0.0,False,False,0.665,High,18.2,44.1,274.8,0.166,0.384,0.966,Moderate traffic flow - standard adaptive signal timing in effect
EVT425345,2026-02-23 11:03:51,Local Market Day,J011,Indiranagar 100ft Road,8833,Weekday,False,Clear,False,0.0,False,False,0.474,Moderate,29.5,28.3,101.3,0.101,0.234,0.967,Moderate traffic flow - standard adaptive signal timing in effect
EVT425346,2026-03-26 09:13:13,Fireworks Display,J009,Majestic,33853,Weekday,True,Clear,False,0.0,False,False,1.0,Severe,7.1,75.6,739.3,0.225,0.52,0.87,Festival crowd surge detected - alternate route and extended cycle recommended
EVT425347,2025-09-22 13:34:30,Political Rally,J009,Majestic,30299,Weekday,False,Heavy Rain,True,57.8,False,False,0.652,High,18.8,43.0,209.5,0.132,0.304,0.913,Heavy rain reducing visibility and grip - reduced speed and longer buffer advised
EVT425348,2025-05-24 12:22:40,Trade Fair,J020,Malleshwaram Circle,5580,Weekend,False,Clear,False,0.0,False,False,0.279,Low,31.3,25.2,133.7,0.124,0.287,0.97,Moderate traffic flow - standard adaptive signal timing in effect
EVT425349,2026-04-01 14:00:50,Concert,J030,MG Road,15650,Weekday,False,Clear,False,0.0,False,False,0.244,Low,36.0,12.0,124.9,0.115,0.266,0.956,Normal free-flow traffic - standard signal timing maintained
EVT425350,2025-12-21 09:00:56,Sports Fixture,J031,Cubbon Road,22657,Weekend,False,Clear,False,0.0,False,False,1.0,Severe,8.0,78.4,567.4,0.2,0.461,0.9,Heavy congestion detected - signal timing extended and reroute suggested
EVT425351,2025-08-06 14:06:37,Trade Fair,J020,Malleshwaram Circle,4503,Weekday,False,Heavy Rain,True,26.9,False,False,0.463,Moderate,25.8,33.4,112.6,0.106,0.245,0.924,Light rain detected - minor speed reduction advised
EVT425352,2025-09-25 08:42:55,Local Market Day,J020,Malleshwaram Circle,3898,Weekday,False,Rain,True,8.6,False,False,1.0,Severe,8.8,73.0,832.4,0.3,0.692,0.857,Heavy rain reducing visibility and grip - reduced speed and longer buffer advised
EVT425353,2025-05-20 18:27:26,Trade Fair,J009,Majestic,12114,Weekday,False,Rain,True,24.8,False,False,1.0,Severe,7.3,72.2,559.9,0.171,0.396,0.872,Heavy rain reducing visibility and grip - reduced speed and longer buffer advised
EVT425354,2025-12-27 13:38:25,Sports Fixture,J012,Koramangala Sony World,14638,Weekend,False,Clear,False,0.0,False,False,0.356,Moderate,18.7,26.6,85.2,0.032,0.074,0.964,Moderate traffic flow - standard adaptive signal timing in effect
EVT425355,2025-06-21 17:24:43,Local Market Day,J012,Koramangala Sony World,3304,Weekend,False,Clear,False,0.0,False,False,0.838,Severe,16.0,59.6,321.6,0.19,0.438,0.94,Heavy congestion detected - signal timing extended and reroute suggested
EVT425356,2025-09-03 16:39:42,Political Rally,J040,City Market,16838,Weekday,False,Clear,False,0.0,False,False,0.683,High,18.3,47.0,143.2,0.082,0.189,0.96,Moderate traffic flow - standard adaptive signal timing in effect
EVT425357,2025-05-17 19:55:25,Local Market Day,J031,Cubbon Road,4270,Weekend,False,Rain,True,10.8,False,False,0.761,Severe,12.0,57.8,399.8,0.152,0.351,0.906,Heavy rain reducing visibility and grip - reduced speed and longer buffer advised
EVT425358,2025-07-03 08:00:11,Local Market Day,J023,Basavanagudi,3301,Weekday,False,Rain,True,11.5,False,False,0.916,Severe,12.1,63.7,648.0,0.309,0.715,0.887,Heavy rain reducing visibility and grip - reduced speed and longer buffer advised
EVT425359,2025-08-04 15:44:57,Political Rally,J012,Koramangala Sony World,17075,Weekday,False,Clear,False,0.0,False,False,0.424,Moderate,27.2,29.3,127.3,0.094,0.216,0.965,Moderate traffic flow - standard adaptive signal timing in effect
EVT425360,2025-03-14 07:53:43,Cultural Procession,J030,MG Road,27051,Weekday,True,Clear,False,0.0,False,True,1.0,Severe,8.0,101.3,684.5,0.228,0.528,0.813,Road closure for event/procession - full detour recommended for through-traffic
EVT425361,2025-10-15 07:50:28,Concert,J040,City Market,12769,Weekday,False,Heavy Rain,True,69.6,False,False,1.0,Severe,6.1,76.2,679.8,0.171,0.394,0.858,Heavy rain reducing visibility and grip - reduced speed and longer buffer advised
EVT425362,2025-01-24 07:35:45,Sports Fixture,J023,Basavanagudi,46674,Weekday,False,Light Rain,True,4.3,False,False,1.0,Severe,8.5,77.0,625.5,0.207,0.478,0.879,Heavy rain reducing visibility and grip - reduced speed and longer buffer advised
EVT425363,2025-03-23 19:38:49,Sports Fixture,J011,Indiranagar 100ft Road,10824,Weekend,False,Clear,False,0.0,False,False,0.771,Severe,14.7,53.9,502.3,0.305,0.705,0.981,Heavy congestion detected - signal timing extended and reroute suggested
EVT425364,2025-12-08 10:17:37,Concert,J020,Malleshwaram Circle,13098,Weekday,False,Clear,False,0.0,False,False,0.772,Severe,13.9,54.6,384.3,0.183,0.422,0.985,Heavy congestion detected - signal timing extended and reroute suggested
EVT425365,2025-09-25 13:37:39,Trade Fair,J030,MG Road,7961,Weekday,False,Heavy Rain,True,44.8,False,False,0.52,Moderate,25.7,32.2,190.7,0.134,0.309,0.896,Light rain detected - minor speed reduction advised
EVT425366,2026-01-01 16:06:36,Religious Festival,J012,Koramangala Sony World,42763,Weekday,True,Clear,False,0.0,False,True,1.0,Severe,6.6,102.8,1049.4,0.299,0.691,0.837,Road closure for event/procession - full detour recommended for through-traffic
EVT425367,2026-05-04 18:29:02,Trade Fair,J012,Koramangala Sony World,6048,Weekday,False,Clear,False,0.0,False,False,1.0,Severe,8.9,71.0,510.1,0.196,0.453,0.907,Heavy congestion detected - signal timing extended and reroute suggested
EVT425368,2026-03-28 08:38:00,Local Market Day,J030,MG Road,4373,Weekend,False,Clear,False,0.0,False,False,0.874,Severe,9.6,61.5,696.3,0.277,0.639,0.916,Heavy congestion detected - signal timing extended and reroute suggested
EVT425369,2025-07-04 08:44:35,Trade Fair,J011,Indiranagar 100ft Road,7244,Weekday,False,Heavy Rain,True,34.9,False,False,1.0,Severe,8.1,67.6,691.9,0.227,0.524,0.873,Heavy rain reducing visibility and grip - reduced speed and longer buffer advised
EVT425370,2025-04-19 07:51:05,Sports Fixture,J023,Basavanagudi,21979,Weekend,False,Clear,False,0.0,False,False,0.838,Severe,14.2,61.3,525.5,0.25,0.578,0.931,Heavy congestion detected - signal timing extended and reroute suggested
EVT425371,2025-08-15 18:30:36,Religious Festival,J009,Majestic,61560,Weekday,True,Clear,False,0.0,False,True,1.0,Severe,8.6,95.8,569.8,0.189,0.438,0.845,Road closure for event/procession - full detour recommended for through-traffic
EVT425372,2025-12-19 10:15:39,Sports Fixture,J020,Malleshwaram Circle,25833,Weekday,False,Fog,False,0.0,False,False,0.847,Severe,15.3,58.8,258.7,0.167,0.385,0.937,Heavy congestion detected - signal timing extended and reroute suggested
EVT425373,2026-01-17 10:33:28,Concert,J023,Basavanagudi,18475,Weekend,False,Clear,False,0.0,False,False,0.645,High,20.2,48.9,223.0,0.148,0.342,0.99,Moderate traffic flow - standard adaptive signal timing in effect
EVT425374,2025-02-28 13:19:34,Local Market Day,J012,Koramangala Sony World,2068,Weekday,False,Clear,False,0.0,False,False,0.16,Low,25.6,10.5,226.8,0.161,0.372,0.938,Normal free-flow traffic - standard signal timing maintained
EVT425375,2025-08-22 15:59:07,Sports Fixture,J009,Majestic,31563,Weekday,False,Clear,False,0.0,False,False,0.562,High,23.1,38.8,199.1,0.119,0.276,0.961,Moderate traffic flow - standard adaptive signal timing in effect
EVT425376,2026-01-31 10:45:12,Sports Fixture,J011,Indiranagar 100ft Road,25132,Weekend,False,Fog,False,0.0,False,False,0.599,High,18.6,44.4,293.3,0.177,0.41,0.956,Moderate traffic flow - standard adaptive signal timing in effect
EVT425377,2026-02-23 09:41:41,Sports Fixture,J012,Koramangala Sony World,19324,Weekday,False,Clear,False,0.0,False,False,1.0,Severe,7.6,70.7,456.1,0.149,0.345,0.942,Heavy congestion detected - signal timing extended and reroute suggested
EVT425378,2026-06-13 19:14:18,Local Market Day,J040,City Market,4107,Weekend,False,Heavy Rain,True,35.7,False,False,1.0,Severe,7.4,69.3,1161.4,0.355,0.821,0.878,Heavy rain reducing visibility and grip - reduced speed and longer buffer advised
EVT425379,2026-06-17 21:28:35,Concert,J040,City Market,15637,Weekday,False,Heavy Rain,True,78.4,False,False,0.629,High,21.1,45.9,218.6,0.156,0.359,0.893,Heavy rain reducing visibility and grip - reduced speed and longer buffer advised
EVT425380,2025-10-26 21:43:05,Trade Fair,J031,Cubbon Road,13274,Weekend,False,Clear,False,0.0,False,False,0.328,Low,32.3,29.9,144.0,0.14,0.324,0.975,Moderate traffic flow - standard adaptive signal timing in effect
EVT425381,2025-07-31 15:54:24,Political Rally,J031,Cubbon Road,11689,Weekday,False,Clear,False,0.0,False,False,0.445,Moderate,26.6,30.9,344.9,0.251,0.579,0.983,Moderate traffic flow - standard adaptive signal timing in effect
EVT425382,2025-03-06 08:03:46,Trade Fair,J030,MG Road,13641,Weekday,False,Clear,False,0.0,False,False,0.887,Severe,8.8,59.6,657.0,0.206,0.476,0.957,Heavy congestion detected - signal timing extended and reroute suggested
EVT425383,2025-04-25 18:00:17,Local Market Day,J012,Koramangala Sony World,5060,Weekday,False,Fog,False,0.0,False,False,0.972,Severe,9.8,74.3,329.0,0.116,0.269,0.949,Heavy congestion detected - signal timing extended and reroute suggested
EVT425384,2026-03-23 17:48:12,Political Rally,J011,Indiranagar 100ft Road,10313,Weekday,False,Light Rain,True,0.4,False,False,1.0,Severe,8.5,69.8,719.1,0.25,0.577,0.891,Heavy rain reducing visibility and grip - reduced speed and longer buffer advised
EVT425385,2025-12-21 15:30:01,Trade Fair,J031,Cubbon Road,10568,Weekend,False,Clear,False,0.0,False,False,0.514,Moderate,28.6,42.6,266.5,0.224,0.517,0.964,Moderate traffic flow - standard adaptive signal timing in effect
EVT425386,2025-03-13 18:25:08,Local Market Day,J023,Basavanagudi,3697,Weekday,False,Clear,False,0.0,False,False,1.0,Severe,7.4,69.0,378.9,0.138,0.318,0.925,Heavy congestion detected - signal timing extended and reroute suggested
EVT425387,2025-08-21 10:06:46,Trade Fair,J030,MG Road,8372,Weekday,False,Clear,False,0.0,False,False,0.742,High,14.9,53.4,233.4,0.107,0.246,0.958,Moderate traffic flow - standard adaptive signal timing in effect
EVT425388,2025-08-28 20:37:31,Religious Festival,J023,Basavanagudi,27134,Weekday,True,Heavy Rain,True,28.1,False,False,1.0,Severe,6.9,76.1,755.6,0.23,0.531,0.816,Festival crowd surge detected - alternate route and extended cycle recommended
EVT425389,2026-05-16 13:08:31,Trade Fair,J012,Koramangala Sony World,6420,Weekend,False,Clear,False,0.0,False,False,0.285,Low,34.0,22.6,171.0,0.137,0.317,0.975,Moderate traffic flow - standard adaptive signal timing in effect
EVT425390,2026-06-10 13:19:47,Sports Fixture,J030,MG Road,21840,Weekday,False,Light Rain,True,4.6,False,False,0.366,Moderate,21.9,25.3,215.0,0.131,0.304,0.915,Light rain detected - minor speed reduction advised
EVT425391,2025-06-19 12:20:41,Local Market Day,J011,Indiranagar 100ft Road,4290,Weekday,False,Rain,True,14.0,False,False,0.335,Low,33.4,21.8,152.2,0.123,0.284,0.889,Light rain detected - minor speed reduction advised
EVT425392,2025-02-07 11:48:34,Sports Fixture,J031,Cubbon Road,17442,Weekday,False,Clear,False,0.0,False,False,0.313,Low,35.4,25.0,72.7,0.055,0.128,0.953,Moderate traffic flow - standard adaptive signal timing in effect
EVT425393,2025-05-26 20:52:27,Local Market Day,J012,Koramangala Sony World,4676,Weekday,False,Heavy Rain,True,63.8,False,False,0.8,Severe,15.0,54.2,444.4,0.233,0.538,0.89,Heavy rain reducing visibility and grip - reduced speed and longer buffer advised
EVT425394,2026-04-29 14:16:29,Local Market Day,J031,Cubbon Road,5000,Weekday,False,Light Rain,True,1.8,False,False,0.311,Low,34.5,18.3,149.1,0.147,0.34,0.889,Light rain detected - minor speed reduction advised
EVT425395,2025-05-07 18:12:26,Concert,J031,Cubbon Road,12130,Weekday,False,Light Rain,True,4.6,False,False,1.0,Severe,9.2,77.7,567.0,0.221,0.511,0.868,Heavy rain reducing visibility and grip - reduced speed and longer buffer advised
EVT425396,2025-02-15 06:25:15,Concert,J031,Cubbon Road,14292,Weekend,False,Clear,False,0.0,False,False,0.404,Moderate,31.4,16.8,106.4,0.09,0.208,0.987,Moderate traffic flow - standard adaptive signal timing in effect
EVT425397,2025-03-07 04:57:27,Political Rally,J020,Malleshwaram Circle,6164,Weekday,False,Clear,False,0.0,False,False,0.21,Low,36.6,2.7,155.4,0.155,0.357,0.952,Normal free-flow traffic - standard signal timing maintained
EVT425398,2025-09-13 18:21:54,Concert,J023,Basavanagudi,14513,Weekend,False,Clear,False,0.0,False,False,0.965,Severe,10.0,66.1,366.0,0.161,0.371,0.916,Heavy congestion detected - signal timing extended and reroute suggested
EVT425399,2025-12-07 15:38:19,Sports Fixture,J031,Cubbon Road,27196,Weekend,False,Light Rain,True,1.7,False,False,0.647,High,17.6,47.2,172.4,0.115,0.265,0.897,Heavy rain reducing visibility and grip - reduced speed and longer buffer advised
EVT425400,2025-02-21 08:36:36,Concert,J012,Koramangala Sony World,12544,Weekday,False,Clear,False,0.0,False,False,1.0,Severe,7.1,75.1,767.1,0.217,0.502,0.917,Heavy congestion detected - signal timing extended and reroute suggested
EVT425401,2026-01-20 17:37:10,Sports Fixture,J020,Malleshwaram Circle,24435,Weekday,False,Clear,False,0.0,False,False,0.987,Severe,9.0,67.4,806.4,0.293,0.678,0.909,Heavy congestion detected - signal timing extended and reroute suggested
EVT425402,2026-01-25 16:01:01,Local Market Day,J040,City Market,2398,Weekend,False,Clear,False,0.0,False,False,0.411,Moderate,32.2,32.0,190.8,0.167,0.385,0.979,Moderate traffic flow - standard adaptive signal timing in effect
EVT425403,2025-05-09 18:32:44,Local Market Day,J031,Cubbon Road,5038,Weekday,False,Clear,False,0.0,False,False,1.0,Severe,7.5,73.1,695.8,0.217,0.502,0.921,Heavy congestion detected - signal timing extended and reroute suggested
EVT425404,2025-12-08 19:51:10,Concert,J009,Majestic,11699,Weekday,False,Clear,False,0.0,False,False,0.804,Severe,12.6,58.2,302.0,0.145,0.334,0.948,Heavy congestion detected - signal timing extended and reroute suggested
EVT425405,2025-01-02 19:27:27,Concert,J009,Majestic,13891,Weekday,False,Clear,False,0.0,False,False,1.0,Severe,9.4,73.3,314.2,0.113,0.261,0.932,Heavy congestion detected - signal timing extended and reroute suggested
EVT425406,2025-07-05 18:40:35,Local Market Day,J012,Koramangala Sony World,4916,Weekend,False,Rain,True,18.8,False,False,1.0,Severe,8.8,69.1,509.5,0.199,0.461,0.858,Heavy rain reducing visibility and grip - reduced speed and longer buffer advised
EVT425407,2025-09-24 06:54:47,Trade Fair,J012,Koramangala Sony World,11919,Weekday,False,Heavy Rain,True,35.7,False,False,0.766,Severe,15.1,53.9,162.0,0.099,0.23,0.904,Heavy rain reducing visibility and grip - reduced speed and longer buffer advised
EVT425408,2025-04-10 09:26:54,Trade Fair,J012,Koramangala Sony World,6433,Weekday,False,Clear,False,0.0,False,False,1.0,Severe,7.5,72.1,755.0,0.237,0.548,0.934,Heavy congestion detected - signal timing extended and reroute suggested
EVT425409,2026-06-08 18:19:41,Local Market Day,J012,Koramangala Sony World,3789,Weekday,False,Clear,False,0.0,False,False,1.0,Severe,6.2,76.0,537.7,0.132,0.305,0.921,Heavy congestion detected - signal timing extended and reroute suggested
EVT425410,2025-08-04 09:33:15,Concert,J031,Cubbon Road,17571,Weekday,False,Clear,False,0.0,False,False,1.0,Severe,7.5,72.9,421.1,0.143,0.33,0.914,Heavy congestion detected - signal timing extended and reroute suggested
EVT425411,2025-11-20 19:39:40,Concert,J040,City Market,20464,Weekday,False,Clear,False,0.0,False,False,0.928,Severe,10.7,67.7,648.0,0.296,0.685,0.925,Heavy congestion detected - signal timing extended and reroute suggested
EVT425412,2025-04-21 18:56:00,Sports Fixture,J023,Basavanagudi,19542,Weekday,False,Rain,True,17.4,False,False,1.0,Severe,7.3,76.4,540.4,0.151,0.348,0.886,Heavy rain reducing visibility and grip - reduced speed and longer buffer advised
EVT425413,2026-03-06 04:49:29,Local Market Day,J040,City Market,4917,Weekday,False,Fog,False,0.0,False,False,0.134,Low,35.1,8.7,115.6,0.103,0.237,0.966,Normal free-flow traffic - standard signal timing maintained
EVT425414,2026-04-18 16:29:25,Local Market Day,J009,Majestic,3312,Weekend,False,Fog,False,0.0,False,False,0.463,Moderate,27.7,36.8,164.6,0.119,0.274,0.972,Moderate traffic flow - standard adaptive signal timing in effect
EVT425415,2025-05-02 09:58:46,Cultural Procession,J023,Basavanagudi,18988,Weekday,True,Clear,False,0.0,False,True,1.0,Severe,6.4,111.0,1055.1,0.29,0.671,0.86,Road closure for event/procession - full detour recommended for through-traffic
EVT425416,2025-02-11 17:39:23,Concert,J040,City Market,17467,Weekday,False,Clear,False,0.0,False,False,1.0,Severe,7.3,74.0,730.7,0.216,0.5,0.919,Heavy congestion detected - signal timing extended and reroute suggested
EVT425417,2025-06-28 10:44:02,Trade Fair,J031,Cubbon Road,11817,Weekend,False,Clear,False,0.0,False,False,0.566,High,25.0,40.6,154.1,0.113,0.262,0.956,Moderate traffic flow - standard adaptive signal timing in effect
EVT425418,2025-06-12 12:22:32,Concert,J030,MG Road,14581,Weekday,False,Clear,False,0.0,False,False,0.254,Low,28.8,21.2,146.0,0.101,0.234,0.98,Moderate traffic flow - standard adaptive signal timing in effect
EVT425419,2025-08-24 18:58:19,Local Market Day,J020,Malleshwaram Circle,2820,Weekend,False,Rain,True,11.9,False,False,0.943,Severe,7.4,67.2,933.4,0.268,0.619,0.862,Heavy rain reducing visibility and grip - reduced speed and longer buffer advised
EVT425420,2025-02-28 11:20:11,Trade Fair,J012,Koramangala Sony World,7432,Weekday,False,Light Rain,True,0.7,False,False,0.407,Moderate,29.3,22.3,216.3,0.184,0.425,0.91,Light rain detected - minor speed reduction advised
EVT425421,2025-12-10 09:37:54,Concert,J040,City Market,9125,Weekday,False,Clear,False,0.0,False,False,1.0,Severe,6.7,72.9,934.1,0.261,0.603,0.912,Heavy congestion detected - signal timing extended and reroute suggested
EVT425422,2025-12-08 08:48:20,Political Rally,J023,Basavanagudi,15443,Weekday,False,Clear,False,0.0,False,False,1.0,Severe,7.9,68.3,312.6,0.1,0.232,0.925,Heavy congestion detected - signal timing extended and reroute suggested
EVT425423,2025-07-09 19:51:12,Local Market Day,J040,City Market,3807,Weekday,False,Clear,False,0.0,False,False,0.701,High,19.5,41.2,139.4,0.077,0.178,0.962,Moderate traffic flow - standard adaptive signal timing in effect
EVT425424,2025-01-30 19:40:20,Local Market Day,J040,City Market,3271,Weekday,False,Clear,False,0.0,False,False,0.837,Severe,14.8,66.0,271.0,0.137,0.316,0.947,Heavy congestion detected - signal timing extended and reroute suggested
EVT425425,2026-04-01 08:57:27,Concert,J030,MG Road,16949,Weekday,False,Clear,False,0.0,False,False,1.0,Severe,8.5,75.8,529.3,0.194,0.449,0.909,Heavy congestion detected - signal timing extended and reroute suggested
EVT425426,2025-01-19 07:49:42,Local Market Day,J031,Cubbon Road,5397,Weekend,False,Clear,False,0.0,False,False,0.598,High,24.1,35.6,207.0,0.147,0.339,0.981,Moderate traffic flow - standard adaptive signal timing in effect
EVT425427,2026-03-01 19:26:49,Local Market Day,J020,Malleshwaram Circle,4266,Weekend,False,Clear,False,0.0,False,False,0.753,Severe,18.1,55.2,371.2,0.228,0.528,0.98,Heavy congestion detected - signal timing extended and reroute suggested
EVT425428,2026-06-06 19:00:38,Local Market Day,J031,Cubbon Road,4753,Weekend,False,Clear,False,0.0,False,False,0.839,Severe,15.6,54.6,246.8,0.157,0.362,0.954,Heavy congestion detected - signal timing extended and reroute suggested
EVT425429,2025-07-18 18:22:20,Local Market Day,J030,MG Road,3940,Weekday,False,Rain,True,21.8,False,False,1.0,Severe,9.0,75.3,349.8,0.11,0.254,0.858,Heavy rain reducing visibility and grip - reduced speed and longer buffer advised
EVT425430,2025-03-08 18:59:54,Concert,J012,Koramangala Sony World,7605,Weekend,False,Fog,False,0.0,False,False,0.838,Severe,11.5,61.7,477.5,0.223,0.516,0.952,Heavy congestion detected - signal timing extended and reroute suggested
EVT425431,2026-04-27 09:43:53,Local Market Day,J023,Basavanagudi,3629,Weekday,False,Clear,False,0.0,False,False,0.866,Severe,12.0,64.1,315.6,0.153,0.353,0.952,Heavy congestion detected - signal timing extended and reroute suggested
EVT425432,2025-03-11 16:26:41,Political Rally,J012,Koramangala Sony World,8777,Weekday,False,Clear,False,0.0,False,False,0.602,High,21.7,47.0,102.7,0.064,0.149,0.975,Moderate traffic flow - standard adaptive signal timing in effect
EVT425433,2025-04-19 15:49:13,Sports Fixture,J011,Indiranagar 100ft Road,19262,Weekend,False,Clear,False,0.0,False,False,0.543,Moderate,20.2,38.7,170.1,0.078,0.18,0.968,Moderate traffic flow - standard adaptive signal timing in effect
EVT425434,2025-05-19 06:45:37,Trade Fair,J020,Malleshwaram Circle,5055,Weekday,False,Clear,False,0.0,False,False,0.402,Moderate,23.6,22.8,193.3,0.139,0.321,0.966,Moderate traffic flow - standard adaptive signal timing in effect
EVT425435,2026-05-27 19:11:07,Local Market Day,J040,City Market,8839,Weekday,False,Light Rain,True,4.1,False,False,1.0,Severe,9.8,74.6,387.7,0.147,0.34,0.872,Heavy rain reducing visibility and grip - reduced speed and longer buffer advised
EVT425436,2025-05-20 13:07:28,Trade Fair,J030,MG Road,8858,Weekday,False,Fog,False,0.0,False,False,0.305,Low,25.0,25.2,162.4,0.104,0.24,0.99,Moderate traffic flow - standard adaptive signal timing in effect
EVT425437,2025-07-03 16:21:22,Local Market Day,J011,Indiranagar 100ft Road,3262,Weekday,False,Rain,True,19.8,False,False,0.738,High,17.1,50.5,183.7,0.111,0.256,0.912,Heavy rain reducing visibility and grip - reduced speed and longer buffer advised
EVT425438,2026-04-12 11:21:54,Sports Fixture,J030,MG Road,31254,Weekend,False,Clear,False,0.0,False,False,0.473,Moderate,21.1,23.8,265.5,0.186,0.429,0.958,Moderate traffic flow - standard adaptive signal timing in effect
EVT425439,2026-01-08 15:23:33,Trade Fair,J020,Malleshwaram Circle,9125,Weekday,False,Clear,False,0.0,False,False,0.367,Moderate,22.1,26.1,231.4,0.16,0.37,0.939,Moderate traffic flow - standard adaptive signal timing in effect
EVT425440,2026-03-27 19:37:52,Fireworks Display,J012,Koramangala Sony World,30990,Weekday,True,Clear,False,0.0,False,False,1.0,Severe,10.5,70.8,409.6,0.175,0.405,0.836,Festival crowd surge detected - alternate route and extended cycle recommended
EVT425441,2026-04-17 09:30:33,Local Market Day,J009,Majestic,4098,Weekday,False,Clear,False,0.0,False,False,0.974,Severe,12.1,67.7,303.4,0.126,0.292,0.931,Heavy congestion detected - signal timing extended and reroute suggested
EVT425442,2026-04-15 21:54:39,Religious Festival,J031,Cubbon Road,69868,Weekday,True,Clear,False,0.0,False,True,1.0,Severe,8.5,110.9,582.8,0.229,0.53,0.861,Road closure for event/procession - full detour recommended for through-traffic
EVT425443,2026-03-27 19:32:18,Cultural Procession,J009,Majestic,25942,Weekday,True,Light Rain,True,4.0,False,True,1.0,Severe,9.0,102.1,459.9,0.18,0.415,0.779,Road closure for event/procession - full detour recommended for through-traffic
EVT425444,2025-04-13 17:53:36,Trade Fair,J020,Malleshwaram Circle,6618,Weekend,False,Clear,False,0.0,False,False,0.856,Severe,12.3,55.3,259.5,0.121,0.28,0.926,Heavy congestion detected - signal timing extended and reroute suggested
EVT425445,2025-08-21 16:43:04,Concert,J040,City Market,10346,Weekday,False,Heavy Rain,True,30.4,False,False,0.885,Severe,11.3,61.2,202.8,0.081,0.187,0.858,Heavy rain reducing visibility and grip - reduced speed and longer buffer advised
EVT425446,2025-02-04 19:09:12,Trade Fair,J012,Koramangala Sony World,6541,Weekday,False,Clear,False,0.0,False,False,0.979,Severe,9.6,68.2,581.0,0.233,0.538,0.945,Heavy congestion detected - signal timing extended and reroute suggested
EVT425447,2025-01-07 14:06:32,Concert,J020,Malleshwaram Circle,20151,Weekday,False,Clear,False,0.0,False,False,0.378,Moderate,31.3,28.7,143.0,0.14,0.324,0.966,Moderate traffic flow - standard adaptive signal timing in effect
EVT425448,2025-01-22 09:31:23,Local Market Day,J040,City Market,4312,Weekday,False,Clear,False,0.0,False,False,0.984,Severe,6.8,66.6,859.5,0.254,0.587,0.912,Heavy congestion detected - signal timing extended and reroute suggested
EVT425449,2026-02-20 19:43:40,Trade Fair,J040,City Market,8226,Weekday,False,Fog,False,0.0,False,False,0.751,Severe,14.2,50.9,592.7,0.282,0.651,0.97,Heavy congestion detected - signal timing extended and reroute suggested
EVT425450,2025-01-03 16:03:59,Sports Fixture,J011,Indiranagar 100ft Road,16497,Weekday,False,Clear,False,0.0,False,False,0.516,Moderate,24.1,39.2,222.0,0.149,0.345,0.965,Moderate traffic flow - standard adaptive signal timing in effect
EVT425451,2025-05-11 16:20:14,Local Market Day,J020,Malleshwaram Circle,4100,Weekend,False,Clear,False,0.0,False,False,0.456,Moderate,22.8,33.0,150.5,0.109,0.252,0.955,Moderate traffic flow - standard adaptive signal timing in effect
EVT425452,2026-01-03 00:05:46,Local Market Day,J012,Koramangala Sony World,3204,Weekend,False,Light Rain,True,4.1,False,False,0.285,Low,31.3,24.2,175.0,0.15,0.346,0.925,Light rain detected - minor speed reduction advised
EVT425453,2026-05-20 15:27:08,Local Market Day,J009,Majestic,3994,Weekday,False,Light Rain,True,4.9,False,False,0.407,Moderate,28.2,28.9,182.7,0.128,0.296,0.911,Light rain detected - minor speed reduction advised
EVT425454,2025-06-05 21:45:54,Local Market Day,J012,Koramangala Sony World,4207,Weekday,False,Heavy Rain,True,34.7,False,False,0.664,High,18.5,47.2,175.3,0.107,0.246,0.926,Heavy rain reducing visibility and grip - reduced speed and longer buffer advised
EVT425455,2025-08-18 19:53:45,Local Market Day,J030,MG Road,3838,Weekday,False,Clear,False,0.0,False,False,0.785,Severe,16.5,53.2,402.6,0.232,0.537,0.911,Heavy congestion detected - signal timing extended and reroute suggested
EVT425456,2026-04-30 19:50:07,Political Rally,J012,Koramangala Sony World,21431,Weekday,False,Clear,False,0.0,False,False,0.878,Severe,14.7,61.1,289.6,0.169,0.391,0.944,Heavy congestion detected - signal timing extended and reroute suggested
EVT425457,2025-10-16 13:52:41,Sports Fixture,J023,Basavanagudi,18099,Weekday,False,Clear,False,0.0,False,False,0.284,Low,28.4,16.0,194.5,0.161,0.372,0.971,Moderate traffic flow - standard adaptive signal timing in effect
EVT425458,2025-07-26 08:17:37,Local Market Day,J031,Cubbon Road,4418,Weekend,False,Clear,False,0.0,False,False,0.722,High,21.9,49.5,211.6,0.138,0.32,0.971,Moderate traffic flow - standard adaptive signal timing in effect
EVT425459,2025-10-30 09:10:52,Local Market Day,J020,Malleshwaram Circle,4251,Weekday,False,Clear,False,0.0,False,False,1.0,Severe,10.4,74.0,529.3,0.201,0.464,0.875,Heavy congestion detected - signal timing extended and reroute suggested
EVT425460,2026-05-08 11:09:59,Sports Fixture,J040,City Market,28181,Weekday,False,Clear,False,0.0,False,False,0.492,Moderate,25.2,37.2,168.9,0.13,0.3,0.963,Moderate traffic flow - standard adaptive signal timing in effect
EVT425461,2025-03-24 21:20:01,Local Market Day,J011,Indiranagar 100ft Road,7790,Weekday,False,Clear,False,0.0,False,False,0.395,Moderate,30.8,28.0,188.4,0.164,0.379,0.978,Moderate traffic flow - standard adaptive signal timing in effect
EVT425462,2026-01-17 16:21:06,Trade Fair,J023,Basavanagudi,5284,Weekend,False,Clear,False,0.0,False,False,0.503,Moderate,22.4,33.8,267.7,0.196,0.453,0.987,Moderate traffic flow - standard adaptive signal timing in effect
EVT425463,2026-02-28 18:48:54,Trade Fair,J011,Indiranagar 100ft Road,8619,Weekend,False,Clear,False,0.0,False,False,0.881,Severe,11.6,58.5,369.5,0.172,0.396,0.956,Heavy congestion detected - signal timing extended and reroute suggested
EVT425464,2025-06-11 16:08:29,Concert,J030,MG Road,8025,Weekday,False,Clear,False,0.0,False,False,0.593,High,20.9,38.0,193.3,0.127,0.293,0.975,Moderate traffic flow - standard adaptive signal timing in effect
EVT425465,2025-11-19 16:52:39,Trade Fair,J030,MG Road,10049,Weekday,False,Clear,False,0.0,False,False,0.725,High,18.8,52.2,112.5,0.062,0.143,0.971,Moderate traffic flow - standard adaptive signal timing in effect
EVT425466,2026-02-20 15:27:34,Concert,J009,Majestic,9754,Weekday,False,Clear,False,0.0,False,False,0.348,Low,31.0,27.0,197.8,0.166,0.383,0.957,Moderate traffic flow - standard adaptive signal timing in effect
EVT425467,2025-06-26 10:37:55,Trade Fair,J012,Koramangala Sony World,8233,Weekday,False,Clear,False,0.0,False,False,0.667,High,17.3,53.8,244.5,0.124,0.286,0.98,Moderate traffic flow - standard adaptive signal timing in effect
EVT425468,2026-02-10 13:43:17,Trade Fair,J023,Basavanagudi,13359,Weekday,False,Clear,False,0.0,False,False,0.196,Low,30.6,11.7,160.7,0.128,0.297,0.984,Normal free-flow traffic - standard signal timing maintained
EVT425469,2026-05-22 19:19:16,Concert,J030,MG Road,8681,Weekday,False,Clear,False,0.0,False,False,0.838,Severe,15.3,57.8,457.4,0.245,0.566,0.92,Heavy congestion detected - signal timing extended and reroute suggested
EVT425470,2025-12-24 08:28:35,Concert,J040,City Market,5413,Weekday,False,Clear,False,0.0,False,False,0.973,Severe,11.1,63.8,421.3,0.184,0.426,0.939,Heavy congestion detected - signal timing extended and reroute suggested
EVT425471,2025-04-08 17:18:31,Local Market Day,J023,Basavanagudi,3641,Weekday,False,Clear,False,0.0,False,False,0.839,Severe,12.0,57.5,513.6,0.226,0.522,0.956,Heavy congestion detected - signal timing extended and reroute suggested
EVT425472,2025-04-22 11:19:19,Local Market Day,J030,MG Road,2762,Weekday,False,Clear,False,0.0,False,False,0.316,Low,34.7,21.5,51.8,0.032,0.074,0.932,Moderate traffic flow - standard adaptive signal timing in effect
EVT425473,2025-01-08 09:19:16,Trade Fair,J030,MG Road,11181,Weekday,False,Clear,False,0.0,False,False,1.0,Severe,8.3,68.8,502.7,0.187,0.432,0.905,Heavy congestion detected - signal timing extended and reroute suggested
EVT425474,2026-01-23 10:03:11,Local Market Day,J011,Indiranagar 100ft Road,3367,Weekday,False,Clear,False,0.0,False,False,0.71,High,17.5,49.2,343.8,0.201,0.465,0.964,Moderate traffic flow - standard adaptive signal timing in effect
EVT425475,2025-10-16 20:44:29,Concert,J023,Basavanagudi,16028,Weekday,False,Rain,True,21.2,False,False,0.764,Severe,18.8,55.8,286.3,0.192,0.443,0.917,Heavy rain reducing visibility and grip - reduced speed and longer buffer advised
EVT425476,2025-08-15 17:22:01,Religious Festival,J040,City Market,49272,Weekday,True,Clear,False,0.0,False,True,1.0,Severe,9.9,102.6,375.3,0.166,0.384,0.848,Road closure for event/procession - full detour recommended for through-traffic
EVT425477,2025-05-01 07:00:30,Religious Festival,J011,Indiranagar 100ft Road,39210,Weekday,True,Clear,False,0.0,False,False,0.854,Severe,16.0,64.8,535.0,0.313,0.724,0.907,Festival crowd surge detected - alternate route and extended cycle recommended
EVT425478,2025-01-01 12:26:29,Local Market Day,J040,City Market,4184,Weekday,False,Clear,False,0.0,False,False,0.246,Low,37.6,16.8,98.9,0.088,0.203,0.981,Normal free-flow traffic - standard signal timing maintained
EVT425479,2025-01-16 19:25:16,Local Market Day,J011,Indiranagar 100ft Road,5977,Weekday,False,Clear,False,0.0,False,False,0.898,Severe,14.7,60.7,306.6,0.169,0.39,0.943,Heavy congestion detected - signal timing extended and reroute suggested
EVT425480,2025-10-21 15:55:08,Cultural Procession,J011,Indiranagar 100ft Road,16070,Weekday,True,Clear,False,0.0,False,False,0.681,High,19.4,45.9,257.8,0.154,0.357,0.927,Festival crowd surge detected - alternate route and extended cycle recommended
EVT425481,2026-05-05 13:31:27,Sports Fixture,J012,Koramangala Sony World,19002,Weekday,False,Clear,False,0.0,False,False,0.269,Low,34.0,15.1,117.6,0.091,0.211,0.99,Moderate traffic flow - standard adaptive signal timing in effect
EVT425482,2025-03-17 08:15:56,Sports Fixture,J023,Basavanagudi,25531,Weekday,False,Clear,False,0.0,False,False,0.936,Severe,10.3,64.8,743.9,0.301,0.696,0.938,Heavy congestion detected - signal timing extended and reroute suggested
EVT425483,2026-01-25 15:52:20,Sports Fixture,J011,Indiranagar 100ft Road,19535,Weekend,False,Clear,False,0.0,False,False,0.475,Moderate,26.1,24.2,205.3,0.16,0.37,0.965,Moderate traffic flow - standard adaptive signal timing in effect
EVT425484,2026-04-25 06:22:17,Trade Fair,J040,City Market,9850,Weekend,False,Clear,False,0.0,False,False,0.372,Moderate,32.1,26.9,113.7,0.101,0.234,0.955,Moderate traffic flow - standard adaptive signal timing in effect
EVT425485,2026-02-28 19:45:02,Sports Fixture,J012,Koramangala Sony World,33479,Weekend,False,Clear,False,0.0,False,False,0.947,Severe,9.3,70.1,469.5,0.178,0.411,0.905,Heavy congestion detected - signal timing extended and reroute suggested
EVT425486,2026-05-07 15:28:06,Sports Fixture,J030,MG Road,19045,Weekday,False,Clear,False,0.0,False,False,0.38,Moderate,29.5,27.9,163.6,0.153,0.354,0.945,Moderate traffic flow - standard adaptive signal timing in effect
EVT425487,2025-11-12 14:04:09,Local Market Day,J012,Koramangala Sony World,3686,Weekday,False,Clear,False,0.0,False,False,0.189,Low,43.7,12.6,67.7,0.086,0.198,0.955,Normal free-flow traffic - standard signal timing maintained
EVT425488,2025-09-23 07:05:23,Sports Fixture,J011,Indiranagar 100ft Road,37281,Weekday,False,Light Rain,True,4.6,False,False,0.719,High,22.8,54.1,160.0,0.116,0.267,0.92,Heavy rain reducing visibility and grip - reduced speed and longer buffer advised
EVT425489,2025-06-18 09:14:30,Local Market Day,J011,Indiranagar 100ft Road,2270,Weekday,False,Heavy Rain,True,43.9,False,False,1.0,Severe,8.4,75.1,412.2,0.156,0.361,0.878,Heavy rain reducing visibility and grip - reduced speed and longer buffer advised
EVT425490,2025-06-07 11:00:14,Trade Fair,J040,City Market,8980,Weekend,False,Clear,False,0.0,False,False,0.452,Moderate,30.2,32.2,182.1,0.136,0.314,0.945,Moderate traffic flow - standard adaptive signal timing in effect
EVT425491,2025-01-18 08:13:38,Sports Fixture,J023,Basavanagudi,12277,Weekend,False,Clear,False,0.0,False,False,0.792,Severe,18.7,54.9,281.3,0.173,0.399,0.952,Heavy congestion detected - signal timing extended and reroute suggested
EVT425492,2025-02-20 09:34:26,Sports Fixture,J031,Cubbon Road,44863,Weekday,False,Clear,False,0.0,False,False,1.0,Severe,9.2,70.9,388.3,0.139,0.322,0.906,Heavy congestion detected - signal timing extended and reroute suggested
EVT425493,2026-01-05 10:17:27,Trade Fair,J023,Basavanagudi,8977,Weekday,False,Clear,False,0.0,False,False,0.772,Severe,21.9,51.1,233.0,0.194,0.448,0.954,Heavy congestion detected - signal timing extended and reroute suggested
EVT425494,2025-04-09 08:32:30,Sports Fixture,J020,Malleshwaram Circle,17996,Weekday,False,Clear,False,0.0,False,False,1.0,Severe,9.5,72.1,810.7,0.305,0.704,0.927,Heavy congestion detected - signal timing extended and reroute suggested
EVT425495,2025-06-19 09:52:46,Political Rally,J009,Majestic,28798,Weekday,False,Heavy Rain,True,41.3,False,False,1.0,Severe,7.4,61.2,788.8,0.232,0.537,0.85,Heavy rain reducing visibility and grip - reduced speed and longer buffer advised
EVT425496,2026-01-18 11:27:51,Sports Fixture,J011,Indiranagar 100ft Road,19731,Weekend,False,Clear,False,0.0,False,False,0.46,Moderate,25.7,35.8,156.1,0.135,0.312,0.941,Moderate traffic flow - standard adaptive signal timing in effect
EVT425497,2026-01-13 07:23:38,Sports Fixture,J020,Malleshwaram Circle,20790,Weekday,False,Clear,False,0.0,False,False,0.63,High,24.0,48.7,225.7,0.172,0.398,0.961,Moderate traffic flow - standard adaptive signal timing in effect
EVT425498,2025-07-23 06:11:22,Sports Fixture,J009,Majestic,22979,Weekday,False,Clear,False,0.0,False,False,0.363,Moderate,34.5,27.2,103.6,0.081,0.187,0.977,Moderate traffic flow - standard adaptive signal timing in effect
EVT425499,2025-09-11 11:49:58,Concert,J031,Cubbon Road,16694,Weekday,False,Light Rain,True,5.1,False,False,0.373,Moderate,28.2,21.3,200.6,0.161,0.372,0.917,Light rain detected - minor speed reduction advised
EVT425500,2025-03-15 07:52:08,Fireworks Display,J009,Majestic,37072,Weekend,True,Clear,False,0.0,False,False,1.0,Severe,7.9,78.9,691.5,0.238,0.549,0.839,Festival crowd surge detected - alternate route and extended cycle recommended
EVT425501,2025-04-12 08:29:50,Concert,J030,MG Road,13905,Weekend,False,Clear,False,0.0,False,False,0.905,Severe,9.4,58.2,444.7,0.184,0.425,0.945,Heavy congestion detected - signal timing extended and reroute suggested
EVT425502,2025-06-26 10:54:31,Concert,J040,City Market,9385,Weekday,False,Clear,False,0.0,False,False,0.487,Moderate,24.5,33.2,231.2,0.177,0.408,0.963,Moderate traffic flow - standard adaptive signal timing in effect
EVT425503,2025-02-25 18:12:22,Concert,J023,Basavanagudi,10839,Weekday,False,Clear,False,0.0,False,False,1.0,Severe,7.5,75.3,703.4,0.234,0.539,0.926,Heavy congestion detected - signal timing extended and reroute suggested
EVT425504,2025-10-31 23:19:04,Trade Fair,J031,Cubbon Road,9544,Weekday,False,Clear,False,0.0,False,False,0.212,Low,27.1,14.2,109.6,0.065,0.151,0.971,Normal free-flow traffic - standard signal timing maintained
EVT425505,2025-10-11 18:10:10,Political Rally,J012,Koramangala Sony World,15358,Weekend,False,Clear,False,0.0,False,False,0.949,Severe,12.1,70.4,634.4,0.296,0.684,0.899,Heavy congestion detected - signal timing extended and reroute suggested
EVT425506,2026-06-06 14:48:27,Trade Fair,J020,Malleshwaram Circle,5338,Weekend,False,Clear,False,0.0,False,False,0.263,Low,41.2,12.2,166.9,0.169,0.39,0.961,Moderate traffic flow - standard adaptive signal timing in effect
EVT425507,2025-12-12 19:50:46,Local Market Day,J030,MG Road,3391,Weekday,False,Light Rain,True,3.5,False,False,0.873,Severe,14.7,54.6,362.0,0.178,0.411,0.898,Heavy rain reducing visibility and grip - reduced speed and longer buffer advised
EVT425508,2026-02-04 06:02:39,Local Market Day,J012,Koramangala Sony World,5497,Weekday,False,Fog,False,0.0,False,False,0.317,Low,35.0,30.3,104.8,0.094,0.218,0.948,Moderate traffic flow - standard adaptive signal timing in effect
EVT425509,2025-12-31 19:39:09,Sports Fixture,J040,City Market,12530,Weekday,False,Clear,False,0.0,False,False,0.879,Severe,13.8,59.9,248.2,0.149,0.343,0.958,Heavy congestion detected - signal timing extended and reroute suggested
EVT425510,2026-05-20 14:52:32,Trade Fair,J030,MG Road,3914,Weekday,False,Clear,False,0.0,False,False,0.251,Low,30.0,19.6,150.5,0.121,0.28,0.975,Moderate traffic flow - standard adaptive signal timing in effect
EVT425511,2026-03-29 10:24:01,Trade Fair,J011,Indiranagar 100ft Road,7113,Weekend,False,Clear,False,0.0,False,False,0.712,High,19.4,50.1,234.2,0.163,0.376,0.948,Moderate traffic flow - standard adaptive signal timing in effect
EVT425512,2025-10-29 09:36:45,Political Rally,J040,City Market,17401,Weekday,False,Rain,True,14.1,False,False,1.0,Severe,6.4,67.6,394.4,0.113,0.262,0.871,Heavy rain reducing visibility and grip - reduced speed and longer buffer advised
EVT425513,2026-04-20 16:56:40,Concert,J009,Majestic,12121,Weekday,False,Fog,False,0.0,False,False,0.769,Severe,17.8,52.7,367.2,0.217,0.501,0.92,Heavy congestion detected - signal timing extended and reroute suggested
EVT425514,2026-01-23 18:51:38,Sports Fixture,J020,Malleshwaram Circle,14946,Weekday,False,Clear,False,0.0,False,False,1.0,Severe,8.4,69.0,725.0,0.254,0.588,0.905,Heavy congestion detected - signal timing extended and reroute suggested
EVT425515,2025-07-13 17:49:48,Local Market Day,J040,City Market,7299,Weekend,False,Clear,False,0.0,False,False,0.844,Severe,12.2,67.5,280.0,0.128,0.295,0.94,Heavy congestion detected - signal timing extended and reroute suggested
EVT425516,2025-10-22 16:06:17,Religious Festival,J040,City Market,55856,Weekday,True,Clear,False,0.0,False,True,1.0,Severe,7.8,90.9,599.7,0.206,0.476,0.844,Road closure for event/procession - full detour recommended for through-traffic
EVT425517,2025-04-16 18:36:57,Local Market Day,J011,Indiranagar 100ft Road,5073,Weekday,False,Clear,False,0.0,False,False,1.0,Severe,7.8,74.7,500.6,0.176,0.407,0.904,Heavy congestion detected - signal timing extended and reroute suggested
EVT425518,2025-07-23 02:29:53,Local Market Day,J011,Indiranagar 100ft Road,3629,Weekday,False,Clear,False,0.0,False,False,0.093,Low,39.3,7.2,63.3,0.056,0.129,0.965,Normal free-flow traffic - standard signal timing maintained
EVT425519,2025-10-10 08:13:59,Trade Fair,J011,Indiranagar 100ft Road,14441,Weekday,False,Clear,False,0.0,False,False,0.973,Severe,10.1,70.8,527.3,0.219,0.505,0.912,Heavy congestion detected - signal timing extended and reroute suggested
EVT425520,2025-08-22 18:23:31,Trade Fair,J031,Cubbon Road,11592,Weekday,False,Clear,False,0.0,False,False,1.0,Severe,9.9,71.7,516.8,0.211,0.487,0.902,Heavy congestion detected - signal timing extended and reroute suggested
EVT425521,2025-12-27 16:33:07,Local Market Day,J012,Koramangala Sony World,3332,Weekend,False,Clear,False,0.0,False,False,0.608,High,25.2,41.2,187.3,0.167,0.387,0.99,Moderate traffic flow - standard adaptive signal timing in effect
EVT425522,2026-03-08 17:08:29,Local Market Day,J031,Cubbon Road,5746,Weekend,False,Clear,False,0.0,False,False,0.709,High,19.3,46.7,258.3,0.169,0.392,0.99,Moderate traffic flow - standard adaptive signal timing in effect
EVT425523,2025-05-20 09:41:10,Local Market Day,J020,Malleshwaram Circle,4592,Weekday,False,Clear,False,0.0,False,False,0.867,Severe,9.2,62.7,394.3,0.135,0.312,0.912,Heavy congestion detected - signal timing extended and reroute suggested
EVT425524,2025-11-19 14:16:35,Sports Fixture,J011,Indiranagar 100ft Road,34934,Weekday,False,Clear,False,0.0,False,False,0.4,Moderate,27.1,29.6,149.9,0.1,0.232,0.958,Moderate traffic flow - standard adaptive signal timing in effect
EVT425525,2025-03-13 22:14:15,Sports Fixture,J031,Cubbon Road,28606,Weekday,False,Clear,False,0.0,False,False,0.418,Moderate,33.2,27.4,134.0,0.12,0.277,0.967,Moderate traffic flow - standard adaptive signal timing in effect
EVT425526,2025-07-29 17:34:40,Concert,J009,Majestic,17733,Weekday,False,Heavy Rain,True,48.6,False,False,1.0,Severe,8.1,76.2,588.9,0.201,0.465,0.878,Heavy rain reducing visibility and grip - reduced speed and longer buffer advised
EVT425527,2025-02-11 08:21:03,Concert,J009,Majestic,13640,Weekday,False,Clear,False,0.0,False,False,0.976,Severe,10.6,70.4,547.7,0.229,0.529,0.923,Heavy congestion detected - signal timing extended and reroute suggested
EVT425528,2026-01-16 07:59:40,Sports Fixture,J020,Malleshwaram Circle,24332,Weekday,False,Clear,False,0.0,False,False,0.933,Severe,10.2,64.3,509.6,0.207,0.478,0.969,Heavy congestion detected - signal timing extended and reroute suggested
EVT425529,2025-09-06 09:25:45,Cultural Procession,J031,Cubbon Road,13312,Weekend,True,Clear,False,0.0,False,True,1.0,Severe,7.1,99.4,556.8,0.172,0.398,0.825,Road closure for event/procession - full detour recommended for through-traffic
EVT425530,2026-04-29 08:00:20,Concert,J020,Malleshwaram Circle,9101,Weekday,False,Clear,False,0.0,False,False,0.892,Severe,11.3,63.0,314.9,0.154,0.355,0.915,Heavy congestion detected - signal timing extended and reroute suggested
EVT425531,2025-11-01 12:32:36,Religious Festival,J012,Koramangala Sony World,47692,Weekend,True,Clear,False,0.0,False,True,0.886,High,11.2,90.0,364.2,0.149,0.344,0.848,Road closure for event/procession - full detour recommended for through-traffic
EVT425532,2025-11-17 10:31:52,Trade Fair,J040,City Market,9819,Weekday,False,Clear,False,0.0,False,False,0.697,High,17.2,47.9,203.9,0.113,0.261,0.983,Moderate traffic flow - standard adaptive signal timing in effect
EVT425533,2025-08-15 21:00:00,Fireworks Display,J031,Cubbon Road,24018,Weekday,True,Clear,False,0.0,False,False,0.765,Severe,14.5,58.4,457.8,0.25,0.576,0.916,Festival crowd surge detected - alternate route and extended cycle recommended
EVT425534,2026-06-26 18:05:49,Trade Fair,J020,Malleshwaram Circle,9925,Weekday,False,Clear,False,0.0,True,False,1.0,Severe,8.7,72.1,342.8,0.139,0.321,0.772,Accident detected nearby - reroute and reduced speed advised
EVT425535,2025-08-31 20:40:25,Local Market Day,J012,Koramangala Sony World,4454,Weekend,False,Clear,False,0.0,False,False,0.583,High,23.2,45.2,142.2,0.101,0.234,0.98,Moderate traffic flow - standard adaptive signal timing in effect
EVT425536,2025-09-09 16:30:10,Sports Fixture,J030,MG Road,15175,Weekday,False,Clear,False,0.0,False,False,0.563,High,22.6,38.4,106.6,0.07,0.161,0.932,Moderate traffic flow - standard adaptive signal timing in effect
EVT425537,2025-03-05 13:47:03,Sports Fixture,J040,City Market,11948,Weekday,False,Clear,False,0.0,False,False,0.331,Low,28.1,20.5,217.5,0.145,0.335,0.972,Moderate traffic flow - standard adaptive signal timing in effect
EVT425538,2026-06-23 18:27:07,Concert,J031,Cubbon Road,10121,Weekday,False,Heavy Rain,True,38.4,False,False,1.0,Severe,4.8,67.7,560.8,0.128,0.295,0.884,Heavy rain reducing visibility and grip - reduced speed and longer buffer advised
EVT425539,2025-10-27 20:12:37,Trade Fair,J023,Basavanagudi,10239,Weekday,False,Rain,True,13.0,False,False,0.859,Severe,11.2,59.2,696.4,0.283,0.653,0.886,Heavy rain reducing visibility and grip - reduced speed and longer buffer advised
EVT425540,2025-01-14 16:42:08,Religious Festival,J023,Basavanagudi,20816,Weekday,True,Clear,False,0.0,False,False,0.994,Severe,9.9,73.4,178.6,0.07,0.161,0.863,Festival crowd surge detected - alternate route and extended cycle recommended
EVT425541,2026-01-12 09:30:37,Sports Fixture,J020,Malleshwaram Circle,13018,Weekday,False,Clear,False,0.0,False,False,0.934,Severe,10.7,66.3,328.0,0.148,0.343,0.907,Heavy congestion detected - signal timing extended and reroute suggested
EVT425542,2025-03-18 06:57:27,Local Market Day,J030,MG Road,6588,Weekday,False,Clear,False,0.0,False,False,0.38,Moderate,17.6,24.0,276.3,0.128,0.296,0.962,Moderate traffic flow - standard adaptive signal timing in effect
EVT425543,2025-10-20 19:08:48,Cultural Procession,J012,Koramangala Sony World,25805,Weekday,True,Heavy Rain,True,27.4,False,False,1.0,Severe,10.5,75.2,437.0,0.175,0.404,0.813,Festival crowd surge detected - alternate route and extended cycle recommended
EVT425544,2025-06-07 08:44:50,Political Rally,J030,MG Road,19630,Weekend,False,Fog,False,0.0,False,False,0.922,Severe,9.6,68.3,561.2,0.203,0.47,0.955,Heavy congestion detected - signal timing extended and reroute suggested
EVT425545,2025-03-02 13:52:41,Trade Fair,J031,Cubbon Road,9015,Weekend,False,Clear,False,0.0,False,False,0.307,Low,31.0,24.5,183.9,0.131,0.302,0.985,Moderate traffic flow - standard adaptive signal timing in effect
EVT425546,2025-01-05 08:36:39,Trade Fair,J009,Majestic,9690,Weekend,False,Clear,False,0.0,False,False,0.866,Severe,14.0,57.9,313.3,0.151,0.349,0.953,Heavy congestion detected - signal timing extended and reroute suggested
EVT425547,2026-01-09 13:37:37,Local Market Day,J020,Malleshwaram Circle,5511,Weekday,False,Fog,False,0.0,False,False,0.195,Low,37.4,9.0,158.0,0.155,0.357,0.946,Normal free-flow traffic - standard signal timing maintained
EVT425548,2025-08-08 17:59:44,Local Market Day,J009,Majestic,2570,Weekday,False,Heavy Rain,True,94.9,False,False,1.0,Severe,9.4,69.5,522.1,0.188,0.434,0.854,Heavy rain reducing visibility and grip - reduced speed and longer buffer advised
EVT425549,2025-10-18 22:46:30,Concert,J030,MG Road,16483,Weekend,False,Clear,False,0.0,False,False,0.329,Low,28.3,28.1,137.0,0.088,0.203,0.986,Moderate traffic flow - standard adaptive signal timing in effect
EVT425550,2026-05-09 12:19:08,Concert,J020,Malleshwaram Circle,7584,Weekend,False,Heavy Rain,True,30.1,False,False,0.581,High,26.1,40.3,120.4,0.092,0.213,0.92,Heavy rain reducing visibility and grip - reduced speed and longer buffer advised
EVT425551,2026-01-29 16:08:26,Trade Fair,J040,City Market,18970,Weekday,False,Clear,False,0.0,False,False,0.517,Moderate,24.4,37.8,162.7,0.106,0.246,0.967,Moderate traffic flow - standard adaptive signal timing in effect
EVT425552,2026-01-10 14:43:33,Local Market Day,J012,Koramangala Sony World,3296,Weekend,False,Clear,False,0.0,False,False,0.236,Low,35.0,14.0,137.2,0.136,0.315,0.966,Normal free-flow traffic - standard signal timing maintained
EVT425553,2026-06-27 09:54:38,Sports Fixture,J009,Majestic,14480,Weekend,False,Heavy Rain,True,26.1,False,False,1.0,Severe,9.6,67.8,397.4,0.16,0.37,0.861,Heavy rain reducing visibility and grip - reduced speed and longer buffer advised
EVT425554,2025-07-28 20:20:22,Concert,J023,Basavanagudi,7352,Weekday,False,Heavy Rain,True,43.9,False,False,1.0,Severe,8.8,68.8,453.0,0.162,0.375,0.872,Heavy rain reducing visibility and grip - reduced speed and longer buffer advised
EVT425555,2025-03-01 13:12:45,Sports Fixture,J031,Cubbon Road,14658,Weekend,False,Clear,False,0.0,False,False,0.315,Low,28.2,24.7,254.1,0.19,0.438,0.942,Moderate traffic flow - standard adaptive signal timing in effect
EVT425556,2026-02-20 17:58:50,Concert,J009,Majestic,14205,Weekday,False,Clear,False,0.0,False,False,1.0,Severe,8.3,72.7,744.8,0.264,0.609,0.903,Heavy congestion detected - signal timing extended and reroute suggested
EVT425557,2025-12-24 17:41:13,Local Market Day,J009,Majestic,5380,Weekday,False,Clear,False,0.0,False,False,0.917,Severe,12.4,73.1,474.4,0.236,0.546,0.964,Heavy congestion detected - signal timing extended and reroute suggested
EVT425558,2025-03-02 10:39:22,Concert,J012,Koramangala Sony World,8897,Weekend,False,Clear,False,0.0,False,False,0.566,High,21.5,44.3,269.2,0.19,0.439,0.964,Moderate traffic flow - standard adaptive signal timing in effect
EVT425559,2026-05-28 18:31:06,Trade Fair,J020,Malleshwaram Circle,4982,Weekday,False,Clear,False,0.0,False,False,1.0,Severe,9.3,63.1,455.4,0.193,0.446,0.924,Heavy congestion detected - signal timing extended and reroute suggested
EVT425560,2025-12-16 16:22:28,Sports Fixture,J011,Indiranagar 100ft Road,15634,Weekday,False,Light Rain,True,7.2,False,False,0.755,Severe,17.4,52.3,111.3,0.04,0.093,0.898,Heavy rain reducing visibility and grip - reduced speed and longer buffer advised
EVT425561,2025-05-22 07:09:23,Sports Fixture,J030,MG Road,11021,Weekday,False,Light Rain,True,1.9,False,False,0.538,Moderate,21.0,37.7,81.9,0.074,0.17,0.901,Light rain detected - minor speed reduction advised
EVT425562,2025-04-16 16:46:17,Political Rally,J031,Cubbon Road,17349,Weekday,False,Clear,False,0.0,False,False,0.722,High,17.0,59.0,210.8,0.158,0.365,0.953,Moderate traffic flow - standard adaptive signal timing in effect
EVT425563,2025-08-20 08:01:07,Local Market Day,J040,City Market,4841,Weekday,False,Clear,False,0.0,False,False,0.783,Severe,16.4,60.7,244.3,0.153,0.354,0.95,Heavy congestion detected - signal timing extended and reroute suggested
EVT425564,2025-07-15 18:00:27,Sports Fixture,J009,Majestic,26780,Weekday,False,Clear,False,0.0,False,False,1.0,Severe,8.8,70.2,901.6,0.328,0.757,0.927,Heavy congestion detected - signal timing extended and reroute suggested
EVT425565,2026-01-03 20:32:42,Political Rally,J030,MG Road,16950,Weekend,False,Clear,False,0.0,False,False,0.62,High,23.1,47.0,283.4,0.234,0.541,0.962,Moderate traffic flow - standard adaptive signal timing in effect
EVT425566,2025-08-17 18:07:29,Local Market Day,J020,Malleshwaram Circle,5245,Weekend,False,Clear,False,0.0,False,False,0.882,Severe,13.9,57.9,273.7,0.142,0.327,0.943,Heavy congestion detected - signal timing extended and reroute suggested
EVT425567,2026-03-24 09:58:32,Sports Fixture,J031,Cubbon Road,23492,Weekday,False,Clear,False,0.0,False,False,0.903,Severe,11.4,67.1,153.8,0.086,0.198,0.947,Heavy congestion detected - signal timing extended and reroute suggested
EVT425568,2026-01-12 19:52:17,Sports Fixture,J040,City Market,12226,Weekday,False,Clear,False,0.0,False,False,0.806,Severe,13.8,61.6,138.1,0.077,0.179,0.934,Heavy congestion detected - signal timing extended and reroute suggested
EVT425569,2025-07-25 18:58:32,Political Rally,J012,Koramangala Sony World,14968,Weekday,False,Rain,True,9.5,False,False,1.0,Severe,7.8,70.5,561.9,0.207,0.478,0.887,Heavy rain reducing visibility and grip - reduced speed and longer buffer advised
EVT425570,2026-01-08 16:08:20,Sports Fixture,J031,Cubbon Road,16471,Weekday,False,Clear,False,0.0,False,False,0.516,Moderate,23.8,39.2,215.5,0.156,0.361,0.949,Moderate traffic flow - standard adaptive signal timing in effect
EVT425571,2026-02-04 09:40:22,Local Market Day,J020,Malleshwaram Circle,2603,Weekday,False,Clear,False,0.0,False,False,0.835,Severe,13.3,59.0,546.3,0.253,0.585,0.969,Heavy congestion detected - signal timing extended and reroute suggested
EVT425572,2026-05-20 11:40:14,Trade Fair,J040,City Market,10675,Weekday,False,Clear,False,0.0,False,False,0.352,Moderate,29.3,24.9,229.8,0.186,0.43,0.966,Moderate traffic flow - standard adaptive signal timing in effect
EVT425573,2025-03-19 09:22:20,Trade Fair,J031,Cubbon Road,14600,Weekday,False,Clear,False,0.0,False,False,1.0,Severe,8.8,65.5,381.6,0.139,0.322,0.935,Heavy congestion detected - signal timing extended and reroute suggested
EVT425574,2025-05-02 09:19:30,Fireworks Display,J020,Malleshwaram Circle,51631,Weekday,True,Clear,False,0.0,False,False,1.0,Severe,7.0,73.5,597.2,0.18,0.416,0.885,Festival crowd surge detected - alternate route and extended cycle recommended
EVT425575,2025-10-18 08:14:07,Local Market Day,J031,Cubbon Road,5052,Weekend,False,Clear,False,0.0,False,False,0.808,Severe,12.7,54.6,374.6,0.161,0.371,0.973,Heavy congestion detected - signal timing extended and reroute suggested
EVT425576,2025-08-22 10:31:03,Local Market Day,J031,Cubbon Road,3995,Weekday,False,Clear,False,0.0,False,False,0.582,High,24.5,43.3,267.1,0.183,0.422,0.952,Moderate traffic flow - standard adaptive signal timing in effect
EVT425577,2026-05-12 07:06:24,Sports Fixture,J011,Indiranagar 100ft Road,28989,Weekday,False,Rain,True,10.2,False,False,0.685,High,17.4,39.7,309.0,0.203,0.468,0.912,Heavy rain reducing visibility and grip - reduced speed and longer buffer advised
EVT425578,2025-07-12 01:37:13,Trade Fair,J020,Malleshwaram Circle,8456,Weekend,False,Heavy Rain,True,31.0,False,False,0.519,Moderate,22.0,34.4,167.3,0.122,0.281,0.929,Light rain detected - minor speed reduction advised
EVT425579,2026-01-14 19:34:48,Fireworks Display,J031,Cubbon Road,31320,Weekday,True,Clear,False,0.0,False,False,1.0,Severe,8.2,73.4,272.7,0.096,0.221,0.852,Festival crowd surge detected - alternate route and extended cycle recommended
EVT425580,2026-06-01 07:32:09,Sports Fixture,J009,Majestic,11191,Weekday,False,Heavy Rain,True,35.6,False,False,0.981,Severe,7.7,70.5,630.7,0.215,0.497,0.852,Heavy rain reducing visibility and grip - reduced speed and longer buffer advised
EVT425581,2025-06-23 10:49:48,Local Market Day,J020,Malleshwaram Circle,2763,Weekday,False,Clear,False,0.0,False,False,0.498,Moderate,26.3,39.0,141.4,0.101,0.234,0.978,Moderate traffic flow - standard adaptive signal timing in effect
EVT425582,2025-10-06 07:48:54,Concert,J030,MG Road,9413,Weekday,False,Clear,False,0.0,False,False,0.721,High,18.4,43.7,320.2,0.21,0.484,0.963,Moderate traffic flow - standard adaptive signal timing in effect
EVT425583,2025-03-26 06:44:09,Local Market Day,J009,Majestic,3251,Weekday,False,Clear,False,0.0,False,False,0.355,Moderate,32.4,20.2,158.5,0.132,0.306,0.941,Moderate traffic flow - standard adaptive signal timing in effect
EVT425584,2025-06-23 20:23:25,Local Market Day,J020,Malleshwaram Circle,3654,Weekday,False,Fog,False,0.0,False,False,0.574,High,24.3,40.1,145.4,0.108,0.249,0.98,Moderate traffic flow - standard adaptive signal timing in effect
EVT425585,2026-06-13 16:21:02,Concert,J020,Malleshwaram Circle,9695,Weekend,False,Rain,True,21.9,False,False,0.776,Severe,13.1,55.6,372.1,0.178,0.41,0.913,Heavy rain reducing visibility and grip - reduced speed and longer buffer advised
EVT425586,2026-01-18 15:48:16,Sports Fixture,J023,Basavanagudi,23234,Weekend,False,Clear,False,0.0,False,False,0.535,Moderate,23.9,29.0,221.6,0.142,0.329,0.975,Moderate traffic flow - standard adaptive signal timing in effect
EVT425587,2025-07-31 12:55:34,Sports Fixture,J009,Majestic,17338,Weekday,False,Clear,False,0.0,False,False,0.278,Low,28.4,21.8,81.4,0.039,0.091,0.974,Moderate traffic flow - standard adaptive signal timing in effect
EVT425588,2025-08-21 15:56:50,Local Market Day,J040,City Market,5802,Weekday,False,Heavy Rain,True,28.8,False,False,0.682,High,17.0,46.9,347.5,0.174,0.403,0.921,Heavy rain reducing visibility and grip - reduced speed and longer buffer advised
EVT425589,2025-03-19 12:26:25,Concert,J012,Koramangala Sony World,17082,Weekday,False,Clear,False,0.0,False,False,0.192,Low,40.3,13.7,64.8,0.057,0.131,0.949,Normal free-flow traffic - standard signal timing maintained
EVT425590,2025-12-24 11:32:47,Local Market Day,J040,City Market,3606,Weekday,False,Clear,False,0.0,False,False,0.339,Low,37.3,31.5,140.4,0.161,0.371,0.973,Moderate traffic flow - standard adaptive signal timing in effect
EVT425591,2025-06-30 06:51:57,Sports Fixture,J030,MG Road,18273,Weekday,False,Clear,False,0.0,False,False,0.522,Moderate,22.4,36.7,189.9,0.129,0.297,0.959,Moderate traffic flow - standard adaptive signal timing in effect
EVT425592,2025-08-17 18:31:57,Trade Fair,J009,Majestic,13125,Weekend,False,Clear,False,0.0,False,False,1.0,Severe,6.9,74.9,664.8,0.198,0.457,0.892,Heavy congestion detected - signal timing extended and reroute suggested
EVT425593,2026-02-18 10:27:56,Sports Fixture,J009,Majestic,17347,Weekday,False,Light Rain,True,3.0,False,False,0.812,Severe,14.3,58.2,626.8,0.28,0.647,0.896,Heavy rain reducing visibility and grip - reduced speed and longer buffer advised
EVT425594,2026-06-04 15:39:07,Sports Fixture,J031,Cubbon Road,20336,Weekday,False,Fog,False,0.0,False,False,0.493,Moderate,24.0,38.5,180.4,0.115,0.266,0.959,Moderate traffic flow - standard adaptive signal timing in effect
EVT425595,2025-01-23 20:02:37,Local Market Day,J030,MG Road,2345,Weekday,False,Clear,False,0.0,False,False,0.679,High,20.6,38.8,378.7,0.238,0.55,0.942,Moderate traffic flow - standard adaptive signal timing in effect
EVT425596,2026-02-26 12:37:25,Sports Fixture,J011,Indiranagar 100ft Road,21217,Weekday,False,Clear,False,0.0,False,False,0.321,Low,33.3,19.8,175.3,0.17,0.392,0.953,Moderate traffic flow - standard adaptive signal timing in effect
EVT425597,2026-02-20 01:00:27,Sports Fixture,J012,Koramangala Sony World,17091,Weekday,False,Clear,False,0.0,False,False,0.238,Low,34.8,19.9,130.2,0.106,0.245,0.984,Normal free-flow traffic - standard signal timing maintained
EVT425598,2025-12-21 13:08:57,Trade Fair,J040,City Market,12514,Weekend,False,Clear,False,0.0,False,False,0.278,Low,34.8,21.1,173.4,0.135,0.312,0.973,Moderate traffic flow - standard adaptive signal timing in effect
EVT425599,2025-12-05 17:30:15,Local Market Day,J023,Basavanagudi,3180,Weekday,False,Clear,False,0.0,False,False,0.851,Severe,12.9,64.6,483.2,0.219,0.507,0.963,Heavy congestion detected - signal timing extended and reroute suggested
EVT425600,2026-02-23 14:42:11,Local Market Day,J009,Majestic,2393,Weekday,False,Clear,False,0.0,False,False,0.16,Low,34.1,9.4,96.8,0.09,0.207,0.99,Normal free-flow traffic - standard signal timing maintained
EVT425601,2025-01-24 09:15:32,Concert,J020,Malleshwaram Circle,15685,Weekday,False,Light Rain,True,1.2,False,False,1.0,Severe,7.8,77.0,425.6,0.149,0.344,0.884,Heavy rain reducing visibility and grip - reduced speed and longer buffer advised
EVT425602,2025-11-01 11:29:54,Fireworks Display,J009,Majestic,14412,Weekend,True,Clear,False,0.0,False,False,0.675,High,21.5,47.3,220.0,0.148,0.341,0.941,Festival crowd surge detected - alternate route and extended cycle recommended
EVT425603,2026-02-13 18:22:55,Political Rally,J020,Malleshwaram Circle,14015,Weekday,False,Clear,False,0.0,False,False,1.0,Severe,8.4,66.3,384.1,0.148,0.341,0.908,Heavy congestion detected - signal timing extended and reroute suggested
EVT425604,2025-10-28 17:26:10,Trade Fair,J020,Malleshwaram Circle,8047,Weekday,False,Clear,False,0.0,False,False,0.933,Severe,10.5,64.1,433.5,0.172,0.398,0.948,Heavy congestion detected - signal timing extended and reroute suggested
EVT425605,2026-03-12 09:05:21,Political Rally,J031,Cubbon Road,10265,Weekday,False,Clear,False,0.0,False,False,1.0,Severe,11.0,65.9,645.3,0.274,0.632,0.921,Heavy congestion detected - signal timing extended and reroute suggested
EVT425606,2025-06-20 16:08:56,Concert,J020,Malleshwaram Circle,11932,Weekday,False,Clear,False,0.0,False,False,0.539,Moderate,28.6,44.5,169.1,0.13,0.301,0.957,Moderate traffic flow - standard adaptive signal timing in effect
EVT425607,2026-02-14 19:34:31,Sports Fixture,J040,City Market,16445,Weekend,False,Clear,False,0.0,False,False,0.782,Severe,17.2,57.7,276.2,0.146,0.338,0.962,Heavy congestion detected - signal timing extended and reroute suggested
EVT425608,2025-06-03 19:17:07,Local Market Day,J031,Cubbon Road,4217,Weekday,False,Heavy Rain,True,26.6,False,False,1.0,Severe,8.8,74.5,478.7,0.181,0.418,0.882,Heavy rain reducing visibility and grip - reduced speed and longer buffer advised
EVT425609,2025-10-15 08:55:54,Concert,J023,Basavanagudi,16736,Weekday,False,Clear,False,0.0,False,False,1.0,Severe,8.2,76.3,366.6,0.15,0.347,0.906,Heavy congestion detected - signal timing extended and reroute suggested
EVT425610,2025-08-11 16:43:18,Concert,J023,Basavanagudi,15400,Weekday,False,Light Rain,True,5.4,False,False,0.838,Severe,18.1,59.7,310.9,0.195,0.451,0.911,Heavy rain reducing visibility and grip - reduced speed and longer buffer advised
EVT425611,2026-02-01 16:43:12,Local Market Day,J012,Koramangala Sony World,5606,Weekend,False,Fog,False,0.0,False,False,0.632,High,20.5,44.4,284.2,0.168,0.389,0.975,Moderate traffic flow - standard adaptive signal timing in effect
EVT425612,2025-10-17 16:52:55,Trade Fair,J009,Majestic,12129,Weekday,False,Clear,False,0.0,False,False,0.733,High,15.1,48.1,507.0,0.289,0.667,0.949,Moderate traffic flow - standard adaptive signal timing in effect
EVT425613,2025-07-30 09:46:23,Concert,J011,Indiranagar 100ft Road,8643,Weekday,False,Rain,True,19.1,False,False,1.0,Severe,7.6,69.9,749.4,0.262,0.605,0.882,Heavy rain reducing visibility and grip - reduced speed and longer buffer advised
EVT425614,2025-01-29 09:02:00,Local Market Day,J023,Basavanagudi,5441,Weekday,False,Light Rain,True,3.1,False,False,1.0,Severe,8.1,67.7,547.4,0.162,0.375,0.87,Heavy rain reducing visibility and grip - reduced speed and longer buffer advised
EVT425615,2025-11-25 08:32:37,Local Market Day,J030,MG Road,4141,Weekday,False,Clear,False,0.0,False,False,0.923,Severe,12.7,64.5,342.5,0.142,0.327,0.932,Heavy congestion detected - signal timing extended and reroute suggested
EVT425616,2025-04-14 10:36:13,Cultural Procession,J020,Malleshwaram Circle,11940,Weekday,True,Clear,False,0.0,False,True,1.0,Severe,7.3,95.0,406.5,0.144,0.333,0.829,Road closure for event/procession - full detour recommended for through-traffic
EVT425617,2026-02-07 08:52:38,Sports Fixture,J030,MG Road,27942,Weekend,False,Clear,False,0.0,False,False,1.0,Severe,8.2,68.7,681.9,0.22,0.509,0.924,Heavy congestion detected - signal timing extended and reroute suggested
EVT425618,2025-11-01 08:08:07,Religious Festival,J011,Indiranagar 100ft Road,32053,Weekend,True,Clear,False,0.0,False,False,1.0,Severe,8.0,70.6,710.9,0.225,0.52,0.893,Festival crowd surge detected - alternate route and extended cycle recommended
EVT425619,2025-08-11 10:46:07,Trade Fair,J012,Koramangala Sony World,11098,Weekday,False,Clear,False,0.0,False,False,0.584,High,23.1,42.1,225.1,0.165,0.38,0.963,Moderate traffic flow - standard adaptive signal timing in effect
EVT425620,2025-06-20 13:46:06,Local Market Day,J020,Malleshwaram Circle,3601,Weekday,False,Clear,False,0.0,False,False,0.227,Low,31.5,18.8,175.9,0.134,0.31,0.94,Normal free-flow traffic - standard signal timing maintained
EVT425621,2025-10-07 17:25:44,Sports Fixture,J040,City Market,21896,Weekday,False,Clear,False,0.0,False,False,0.947,Severe,10.3,73.2,579.6,0.24,0.554,0.919,Heavy congestion detected - signal timing extended and reroute suggested
EVT425622,2025-11-18 08:17:12,Sports Fixture,J009,Majestic,21854,Weekday,False,Clear,False,0.0,False,False,1.0,Severe,7.6,74.8,480.0,0.137,0.316,0.91,Heavy congestion detected - signal timing extended and reroute suggested
EVT425623,2025-05-14 10:02:40,Sports Fixture,J012,Koramangala Sony World,27061,Weekday,False,Clear,False,0.0,False,False,0.89,Severe,16.4,62.2,316.5,0.188,0.434,0.947,Heavy congestion detected - signal timing extended and reroute suggested
EVT425624,2025-07-09 20:00:55,Trade Fair,J031,Cubbon Road,12751,Weekday,False,Clear,False,0.0,False,False,0.803,Severe,15.0,68.4,349.3,0.187,0.433,0.958,Heavy congestion detected - signal timing extended and reroute suggested
EVT425625,2025-10-19 10:05:39,Local Market Day,J012,Koramangala Sony World,4559,Weekend,False,Clear,False,0.0,False,False,0.669,High,16.4,51.6,344.2,0.197,0.454,0.961,Moderate traffic flow - standard adaptive signal timing in effect
EVT425626,2025-03-09 09:03:59,Concert,J020,Malleshwaram Circle,13242,Weekend,False,Clear,False,0.0,False,False,0.916,Severe,9.9,68.9,243.2,0.095,0.219,0.922,Heavy congestion detected - signal timing extended and reroute suggested
EVT425627,2026-04-19 09:35:11,Political Rally,J030,MG Road,12615,Weekend,False,Clear,False,0.0,False,False,0.865,Severe,12.6,55.9,426.7,0.201,0.465,0.962,Heavy congestion detected - signal timing extended and reroute suggested
EVT425628,2025-02-28 18:19:28,Local Market Day,J020,Malleshwaram Circle,5244,Weekday,False,Clear,False,0.0,False,False,0.996,Severe,9.1,74.7,732.2,0.245,0.566,0.917,Heavy congestion detected - signal timing extended and reroute suggested
EVT425629,2025-02-23 18:20:23,Political Rally,J030,MG Road,13491,Weekend,False,Clear,False,0.0,False,False,0.95,Severe,12.0,69.1,394.1,0.179,0.412,0.924,Heavy congestion detected - signal timing extended and reroute suggested
EVT425630,2026-04-28 12:28:34,Trade Fair,J030,MG Road,10345,Weekday,False,Clear,False,0.0,False,False,0.267,Low,34.0,20.0,165.5,0.142,0.329,0.972,Moderate traffic flow - standard adaptive signal timing in effect
EVT425631,2025-11-23 18:35:10,Local Market Day,J023,Basavanagudi,2869,Weekend,False,Light Rain,True,2.8,False,False,0.877,Severe,9.8,61.8,481.1,0.189,0.436,0.886,Heavy rain reducing visibility and grip - reduced speed and longer buffer advised
EVT425632,2025-12-07 18:34:41,Political Rally,J009,Majestic,13276,Weekend,False,Light Rain,True,6.6,True,False,1.0,Severe,7.1,72.0,648.3,0.201,0.464,0.721,Accident detected nearby - reroute and reduced speed advised
EVT425633,2025-12-30 10:19:15,Political Rally,J030,MG Road,18532,Weekday,False,Clear,False,0.0,False,False,0.684,High,15.5,47.3,387.2,0.191,0.44,0.965,Moderate traffic flow - standard adaptive signal timing in effect
EVT425634,2026-04-08 15:33:14,Political Rally,J031,Cubbon Road,15311,Weekday,False,Clear,False,0.0,False,False,0.472,Moderate,28.1,29.9,199.7,0.159,0.367,0.99,Moderate traffic flow - standard adaptive signal timing in effect
EVT425635,2025-09-23 10:32:10,Local Market Day,J020,Malleshwaram Circle,4084,Weekday,False,Rain,True,23.7,False,False,0.863,Severe,12.0,67.8,400.6,0.166,0.384,0.895,Heavy rain reducing visibility and grip - reduced speed and longer buffer advised
EVT425636,2025-07-20 13:08:16,Concert,J030,MG Road,14956,Weekend,False,Rain,True,9.3,False,False,0.582,High,18.8,46.1,160.3,0.115,0.265,0.903,Heavy rain reducing visibility and grip - reduced speed and longer buffer advised
EVT425637,2026-03-17 19:36:28,Trade Fair,J031,Cubbon Road,7516,Weekday,False,Clear,False,0.0,False,False,0.895,Severe,12.2,67.8,187.2,0.109,0.251,0.959,Heavy congestion detected - signal timing extended and reroute suggested
EVT425638,2025-05-06 23:15:23,Political Rally,J023,Basavanagudi,11464,Weekday,False,Clear,False,0.0,False,False,0.302,Low,34.2,23.8,85.3,0.073,0.169,0.988,Moderate traffic flow - standard adaptive signal timing in effect
EVT425639,2025-04-22 22:13:04,Political Rally,J011,Indiranagar 100ft Road,8287,Weekday,False,Clear,False,0.0,False,False,0.283,Low,37.6,22.7,86.6,0.072,0.166,0.984,Moderate traffic flow - standard adaptive signal timing in effect
EVT425640,2025-03-12 17:14:22,Concert,J009,Majestic,8952,Weekday,False,Clear,False,0.0,False,False,0.869,Severe,12.5,61.7,260.7,0.121,0.279,0.929,Heavy congestion detected - signal timing extended and reroute suggested
EVT425641,2025-09-22 15:08:37,Sports Fixture,J009,Majestic,18227,Weekday,False,Heavy Rain,True,29.7,False,False,0.622,High,16.8,47.2,309.5,0.152,0.35,0.902,Heavy rain reducing visibility and grip - reduced speed and longer buffer advised
EVT425642,2025-05-17 16:32:34,Sports Fixture,J023,Basavanagudi,25887,Weekend,False,Clear,False,0.0,False,False,0.591,High,20.2,43.2,141.4,0.099,0.228,0.97,Moderate traffic flow - standard adaptive signal timing in effect
EVT425643,2025-05-31 23:22:28,Sports Fixture,J040,City Market,22367,Weekend,False,Clear,False,0.0,False,False,0.329,Low,26.1,20.1,245.0,0.181,0.417,0.953,Moderate traffic flow - standard adaptive signal timing in effect
EVT425644,2025-06-28 10:54:05,Trade Fair,J031,Cubbon Road,9540,Weekend,False,Rain,True,24.9,False,False,0.757,Severe,18.7,50.0,162.3,0.105,0.242,0.936,Heavy rain reducing visibility and grip - reduced speed and longer buffer advised
EVT425645,2026-06-29 11:08:38,Trade Fair,J023,Basavanagudi,9430,Weekday,False,Clear,False,0.0,False,False,0.436,Moderate,26.6,26.2,124.2,0.075,0.174,0.962,Moderate traffic flow - standard adaptive signal timing in effect
EVT425646,2026-05-01 06:42:15,Cultural Procession,J020,Malleshwaram Circle,18379,Weekday,True,Light Rain,True,1.4,False,True,0.923,Severe,11.6,91.1,346.1,0.151,0.348,0.813,Road closure for event/procession - full detour recommended for through-traffic
EVT425647,2026-02-11 09:46:12,Sports Fixture,J012,Koramangala Sony World,13089,Weekday,False,Clear,False,0.0,False,False,0.972,Severe,8.8,72.7,592.9,0.2,0.462,0.923,Heavy congestion detected - signal timing extended and reroute suggested
EVT425648,2025-11-29 08:56:54,Local Market Day,J011,Indiranagar 100ft Road,3359,Weekend,False,Clear,False,0.0,False,False,0.827,Severe,14.3,60.7,327.6,0.17,0.393,0.931,Heavy congestion detected - signal timing extended and reroute suggested
EVT425649,2025-10-17 09:24:33,Sports Fixture,J020,Malleshwaram Circle,13887,Weekday,False,Clear,False,0.0,False,False,1.0,Severe,7.5,68.6,519.9,0.168,0.388,0.924,Heavy congestion detected - signal timing extended and reroute suggested
EVT425650,2026-06-23 09:31:39,Sports Fixture,J009,Majestic,39849,Weekday,False,Clear,False,0.0,False,False,1.0,Severe,8.7,71.7,466.4,0.183,0.423,0.941,Heavy congestion detected - signal timing extended and reroute suggested
EVT425651,2025-05-29 07:41:29,Trade Fair,J009,Majestic,8366,Weekday,False,Clear,False,0.0,False,False,0.671,High,20.7,52.2,299.0,0.196,0.452,0.928,Moderate traffic flow - standard adaptive signal timing in effect
EVT425652,2026-06-18 16:36:35,Sports Fixture,J030,MG Road,27782,Weekday,False,Clear,False,0.0,False,False,0.762,Severe,17.2,57.8,234.1,0.154,0.355,0.969,Heavy congestion detected - signal timing extended and reroute suggested
EVT425653,2025-09-29 10:32:27,Sports Fixture,J012,Koramangala Sony World,25718,Weekday,False,Fog,False,0.0,False,False,0.699,High,16.5,57.1,360.4,0.208,0.48,0.96,Moderate traffic flow - standard adaptive signal timing in effect
EVT425654,2025-06-24 10:20:40,Concert,J012,Koramangala Sony World,11431,Weekday,False,Clear,False,0.0,False,False,0.687,High,17.5,51.8,493.7,0.282,0.65,0.968,Moderate traffic flow - standard adaptive signal timing in effect
EVT425655,2025-02-25 15:59:47,Local Market Day,J011,Indiranagar 100ft Road,3298,Weekday,False,Clear,False,0.0,False,False,0.456,Moderate,24.3,41.2,220.7,0.153,0.353,0.984,Moderate traffic flow - standard adaptive signal timing in effect
EVT425656,2025-11-21 09:46:31,Concert,J023,Basavanagudi,14288,Weekday,False,Clear,False,0.0,False,False,0.94,Severe,11.5,66.3,480.3,0.227,0.525,0.939,Heavy congestion detected - signal timing extended and reroute suggested
EVT425657,2025-08-23 16:49:59,Concert,J012,Koramangala Sony World,18270,Weekend,False,Rain,True,12.4,False,False,0.774,Severe,15.3,53.7,341.8,0.176,0.408,0.908,Heavy rain reducing visibility and grip - reduced speed and longer buffer advised
EVT425658,2025-09-24 14:20:31,Local Market Day,J040,City Market,3738,Weekday,False,Heavy Rain,True,27.5,False,False,0.454,Moderate,34.0,31.9,134.5,0.123,0.284,0.912,Light rain detected - minor speed reduction advised
EVT425659,2025-01-21 13:10:50,Trade Fair,J023,Basavanagudi,8796,Weekday,False,Clear,False,0.0,False,False,0.189,Low,28.6,15.2,155.7,0.155,0.357,0.943,Normal free-flow traffic - standard signal timing maintained
EVT425660,2025-10-21 11:10:35,Religious Festival,J009,Majestic,67700,Weekday,True,Clear,False,0.0,False,True,1.0,Severe,8.0,101.3,633.7,0.206,0.475,0.831,Road closure for event/procession - full detour recommended for through-traffic
EVT425661,2025-02-17 08:33:28,Sports Fixture,J031,Cubbon Road,26307,Weekday,False,Clear,False,0.0,False,False,1.0,Severe,7.4,66.2,647.1,0.206,0.477,0.902,Heavy congestion detected - signal timing extended and reroute suggested
EVT425662,2025-02-26 19:42:37,Local Market Day,J009,Majestic,2149,Weekday,False,Clear,False,0.0,False,False,0.75,High,15.0,53.6,282.3,0.157,0.362,0.989,Moderate traffic flow - standard adaptive signal timing in effect
EVT425663,2025-05-02 14:46:51,Religious Festival,J031,Cubbon Road,58765,Weekday,True,Clear,False,0.0,False,True,0.987,Severe,8.6,106.8,337.7,0.139,0.321,0.843,Road closure for event/procession - full detour recommended for through-traffic
EVT425664,2026-05-14 18:47:24,Local Market Day,J030,MG Road,5501,Weekday,False,Clear,False,0.0,False,False,0.986,Severe,6.8,66.5,534.8,0.154,0.356,0.916,Heavy congestion detected - signal timing extended and reroute suggested
EVT425665,2025-04-17 21:07:00,Local Market Day,J012,Koramangala Sony World,3477,Weekday,False,Clear,False,0.0,False,False,0.366,Moderate,31.4,21.8,83.1,0.077,0.179,0.952,Moderate traffic flow - standard adaptive signal timing in effect
EVT425666,2026-06-26 18:54:22,Sports Fixture,J011,Indiranagar 100ft Road,21311,Weekday,False,Clear,False,0.0,False,False,1.0,Severe,8.7,67.6,728.6,0.245,0.566,0.908,Heavy congestion detected - signal timing extended and reroute suggested
EVT425667,2026-03-14 01:58:03,Trade Fair,J040,City Market,11970,Weekend,False,Clear,False,0.0,False,False,0.238,Low,31.9,15.3,113.7,0.105,0.243,0.981,Normal free-flow traffic - standard signal timing maintained
EVT425668,2025-01-28 17:11:19,Trade Fair,J009,Majestic,10012,Weekday,False,Clear,False,0.0,False,False,0.821,Severe,14.7,60.4,409.5,0.217,0.502,0.952,Heavy congestion detected - signal timing extended and reroute suggested
EVT425669,2025-12-09 15:48:06,Local Market Day,J031,Cubbon Road,4048,Weekday,False,Clear,False,0.0,False,False,0.28,Low,39.0,24.5,80.8,0.065,0.149,0.959,Moderate traffic flow - standard adaptive signal timing in effect
EVT425670,2026-04-25 13:09:07,Local Market Day,J012,Koramangala Sony World,4664,Weekend,False,Clear,False,0.0,False,False,0.269,Low,33.5,14.6,111.9,0.081,0.186,0.969,Moderate traffic flow - standard adaptive signal timing in effect
EVT425671,2026-06-15 16:06:10,Local Market Day,J020,Malleshwaram Circle,1787,Weekday,False,Heavy Rain,True,25.4,False,False,0.669,High,18.8,47.0,241.3,0.14,0.324,0.931,Heavy rain reducing visibility and grip - reduced speed and longer buffer advised
EVT425672,2025-12-29 18:14:24,Concert,J011,Indiranagar 100ft Road,16573,Weekday,False,Clear,False,0.0,False,False,1.0,Severe,7.4,74.7,224.6,0.062,0.143,0.916,Heavy congestion detected - signal timing extended and reroute suggested
EVT425673,2025-05-09 09:10:53,Local Market Day,J012,Koramangala Sony World,4767,Weekday,False,Clear,False,0.0,False,False,0.985,Severe,7.5,71.0,521.5,0.17,0.392,0.924,Heavy congestion detected - signal timing extended and reroute suggested
EVT425674,2026-06-09 18:58:44,Sports Fixture,J012,Koramangala Sony World,16517,Weekday,False,Clear,False,0.0,False,False,1.0,Severe,8.6,73.6,573.6,0.193,0.447,0.899,Heavy congestion detected - signal timing extended and reroute suggested
EVT425675,2026-05-21 17:19:28,Concert,J030,MG Road,11555,Weekday,False,Clear,False,0.0,False,False,0.84,Severe,12.8,57.9,482.3,0.235,0.544,0.944,Heavy congestion detected - signal timing extended and reroute suggested
EVT425676,2026-01-28 21:22:33,Local Market Day,J031,Cubbon Road,3004,Weekday,False,Clear,False,0.0,False,False,0.288,Low,33.5,20.2,191.6,0.166,0.384,0.967,Moderate traffic flow - standard adaptive signal timing in effect
EVT425677,2026-03-04 07:45:46,Religious Festival,J040,City Market,74449,Weekday,True,Clear,False,0.0,False,False,1.0,Severe,8.9,67.9,437.3,0.202,0.467,0.859,Festival crowd surge detected - alternate route and extended cycle recommended
EVT425678,2026-05-23 08:51:13,Sports Fixture,J030,MG Road,22787,Weekend,False,Rain,True,7.8,False,False,1.0,Severe,10.3,70.9,545.4,0.236,0.546,0.853,Heavy rain reducing visibility and grip - reduced speed and longer buffer advised
EVT425679,2025-08-25 16:02:31,Sports Fixture,J030,MG Road,10168,Weekday,False,Clear,False,0.0,False,False,0.458,Moderate,28.8,39.8,92.7,0.085,0.195,0.966,Moderate traffic flow - standard adaptive signal timing in effect
EVT425680,2026-04-18 07:12:56,Local Market Day,J009,Majestic,7330,Weekend,False,Clear,False,0.0,False,False,0.495,Moderate,26.4,36.3,308.7,0.228,0.527,0.98,Moderate traffic flow - standard adaptive signal timing in effect
EVT425681,2025-12-28 08:11:20,Local Market Day,J011,Indiranagar 100ft Road,2673,Weekend,False,Clear,False,0.0,False,False,0.768,Severe,17.1,53.8,362.3,0.216,0.5,0.959,Heavy congestion detected - signal timing extended and reroute suggested
EVT425682,2025-02-02 16:55:35,Sports Fixture,J031,Cubbon Road,21802,Weekend,False,Clear,False,0.0,False,False,0.756,Severe,16.2,50.7,423.3,0.217,0.502,0.968,Heavy congestion detected - signal timing extended and reroute suggested
EVT425683,2025-12-10 13:29:46,Sports Fixture,J020,Malleshwaram Circle,15739,Weekday,False,Clear,False,0.0,False,False,0.244,Low,38.6,13.9,52.2,0.041,0.096,0.96,Normal free-flow traffic - standard signal timing maintained
EVT425684,2025-02-17 13:43:51,Sports Fixture,J023,Basavanagudi,24943,Weekday,False,Clear,False,0.0,False,False,0.381,Moderate,30.2,20.8,109.7,0.063,0.146,0.958,Moderate traffic flow - standard adaptive signal timing in effect
EVT425685,2025-06-08 11:17:42,Trade Fair,J031,Cubbon Road,7400,Weekend,False,Clear,False,0.0,False,False,0.439,Moderate,26.7,35.9,182.4,0.119,0.276,0.981,Moderate traffic flow - standard adaptive signal timing in effect
EVT425686,2026-06-13 14:21:29,Local Market Day,J023,Basavanagudi,4616,Weekend,False,Rain,True,12.8,False,False,0.449,Moderate,21.5,38.2,255.8,0.166,0.384,0.924,Light rain detected - minor speed reduction advised
EVT425687,2025-12-18 10:10:10,Trade Fair,J011,Indiranagar 100ft Road,6028,Weekday,False,Clear,False,0.0,False,False,0.793,Severe,15.5,44.7,240.0,0.144,0.332,0.943,Heavy congestion detected - signal timing extended and reroute suggested
EVT425688,2025-06-27 08:55:21,Concert,J023,Basavanagudi,11490,Weekday,False,Clear,False,0.0,False,False,1.0,Severe,7.7,73.0,863.0,0.266,0.615,0.889,Heavy congestion detected - signal timing extended and reroute suggested
EVT425689,2025-06-10 10:45:27,Local Market Day,J011,Indiranagar 100ft Road,3202,Weekday,False,Clear,False,0.0,False,False,0.509,Moderate,24.1,37.4,128.5,0.098,0.227,0.967,Moderate traffic flow - standard adaptive signal timing in effect
EVT425690,2025-06-08 13:57:01,Local Market Day,J009,Majestic,4455,Weekend,False,Rain,True,14.5,False,False,0.416,Moderate,25.6,31.1,273.0,0.195,0.45,0.893,Light rain detected - minor speed reduction advised
EVT425691,2026-04-17 07:44:10,Local Market Day,J040,City Market,4872,Weekday,False,Clear,False,0.0,False,False,0.699,High,18.7,46.5,369.2,0.238,0.549,0.967,Moderate traffic flow - standard adaptive signal timing in effect
EVT425692,2025-06-26 22:18:40,Political Rally,J031,Cubbon Road,12820,Weekday,False,Rain,True,12.7,False,False,0.362,Moderate,25.9,23.5,204.8,0.143,0.33,0.913,Light rain detected - minor speed reduction advised
EVT425693,2026-04-10 06:54:33,Trade Fair,J020,Malleshwaram Circle,4472,Weekday,False,Clear,False,0.0,False,False,0.414,Moderate,31.4,31.2,208.4,0.174,0.402,0.963,Moderate traffic flow - standard adaptive signal timing in effect
EVT425694,2025-03-16 07:26:59,Sports Fixture,J023,Basavanagudi,34896,Weekend,False,Clear,False,0.0,False,False,0.743,High,14.8,47.5,270.2,0.152,0.351,0.971,Moderate traffic flow - standard adaptive signal timing in effect
EVT425695,2025-11-12 13:48:57,Trade Fair,J040,City Market,7466,Weekday,False,Rain,True,19.2,False,False,0.432,Moderate,30.7,34.5,129.5,0.09,0.207,0.926,Light rain detected - minor speed reduction advised
EVT425696,2025-09-11 13:59:41,Concert,J020,Malleshwaram Circle,12362,Weekday,False,Clear,False,0.0,False,False,0.237,Low,37.3,14.1,168.1,0.153,0.352,0.99,Normal free-flow traffic - standard signal timing maintained
EVT425697,2025-11-02 10:09:26,Religious Festival,J020,Malleshwaram Circle,41512,Weekend,True,Clear,False,0.0,False,False,1.0,Severe,8.9,66.4,946.4,0.3,0.692,0.871,Festival crowd surge detected - alternate route and extended cycle recommended
EVT425698,2025-06-22 08:57:16,Local Market Day,J011,Indiranagar 100ft Road,3263,Weekend,False,Clear,False,0.0,False,False,0.769,Severe,15.7,51.9,400.2,0.236,0.545,0.954,Heavy congestion detected - signal timing extended and reroute suggested
EVT425699,2025-10-21 19:49:42,Fireworks Display,J031,Cubbon Road,30832,Weekday,True,Rain,True,19.7,False,False,1.0,Severe,10.8,75.4,441.8,0.194,0.449,0.804,Festival crowd surge detected - alternate route and extended cycle recommended
EVT425700,2025-10-23 12:13:35,Trade Fair,J040,City Market,10973,Weekday,False,Rain,True,22.0,False,False,0.517,Moderate,26.4,40.6,163.0,0.13,0.299,0.915,Light rain detected - minor speed reduction advised
EVT425701,2026-05-07 20:42:38,Political Rally,J009,Majestic,13760,Weekday,False,Clear,False,0.0,False,False,0.464,Moderate,24.8,32.3,222.5,0.161,0.372,0.977,Moderate traffic flow - standard adaptive signal timing in effect
EVT425702,2025-08-31 17:46:08,Local Market Day,J009,Majestic,7535,Weekend,False,Clear,False,0.0,True,False,1.0,Severe,8.7,78.1,460.6,0.184,0.426,0.76,Accident detected nearby - reroute and reduced speed advised
EVT425703,2025-03-27 09:31:00,Concert,J030,MG Road,11686,Weekday,False,Clear,False,0.0,False,False,1.0,Severe,7.7,72.9,1001.2,0.349,0.807,0.906,Heavy congestion detected - signal timing extended and reroute suggested
EVT425704,2025-04-06 17:35:45,Religious Festival,J011,Indiranagar 100ft Road,28254,Weekend,True,Clear,False,0.0,False,False,1.0,Severe,9.1,72.3,502.0,0.173,0.4,0.87,Festival crowd surge detected - alternate route and extended cycle recommended
EVT425705,2025-07-28 13:17:15,Sports Fixture,J023,Basavanagudi,38553,Weekday,False,Heavy Rain,True,30.7,False,False,0.597,High,22.4,45.2,135.0,0.088,0.203,0.897,Heavy rain reducing visibility and grip - reduced speed and longer buffer advised
EVT425706,2025-04-07 09:27:06,Fireworks Display,J031,Cubbon Road,22724,Weekday,True,Clear,False,0.0,False,False,1.0,Severe,7.8,69.6,504.4,0.15,0.346,0.863,Festival crowd surge detected - alternate route and extended cycle recommended
EVT425707,2025-10-22 10:49:39,Cultural Procession,J012,Koramangala Sony World,14831,Weekday,True,Clear,False,0.0,False,True,0.939,Severe,11.1,92.0,475.6,0.209,0.484,0.863,Road closure for event/procession - full detour recommended for through-traffic
EVT425708,2025-10-06 21:18:02,Sports Fixture,J030,MG Road,20192,Weekday,False,Heavy Rain,True,53.0,False,False,0.844,Severe,14.9,56.6,495.7,0.248,0.572,0.91,Heavy rain reducing visibility and grip - reduced speed and longer buffer advised
EVT425709,2025-05-02 08:05:19,Religious Festival,J023,Basavanagudi,59431,Weekday,True,Clear,False,0.0,False,True,1.0,Severe,7.6,95.8,748.3,0.211,0.488,0.811,Road closure for event/procession - full detour recommended for through-traffic
EVT425710,2025-05-16 01:51:11,Trade Fair,J023,Basavanagudi,21626,Weekday,False,Rain,True,8.3,False,False,0.32,Low,28.6,21.4,62.1,0.041,0.094,0.91,Light rain detected - minor speed reduction advised
EVT425711,2026-03-30 09:45:50,Sports Fixture,J011,Indiranagar 100ft Road,27383,Weekday,False,Clear,False,0.0,False,False,1.0,Severe,10.7,69.8,299.3,0.147,0.338,0.938,Heavy congestion detected - signal timing extended and reroute suggested
EVT425712,2025-05-25 07:14:42,Political Rally,J020,Malleshwaram Circle,35123,Weekend,False,Clear,False,0.0,False,False,0.647,High,20.4,47.6,361.9,0.243,0.561,0.959,Moderate traffic flow - standard adaptive signal timing in effect
EVT425713,2025-04-26 17:03:04,Concert,J012,Koramangala Sony World,15988,Weekend,False,Clear,False,0.0,False,False,0.758,Severe,18.7,51.3,225.9,0.144,0.334,0.985,Heavy congestion detected - signal timing extended and reroute suggested
EVT425714,2025-06-06 11:39:10,Sports Fixture,J020,Malleshwaram Circle,40723,Weekday,False,Heavy Rain,True,44.5,False,False,0.904,Severe,12.5,62.9,398.0,0.183,0.422,0.863,Heavy rain reducing visibility and grip - reduced speed and longer buffer advised
EVT425715,2025-02-15 12:13:07,Local Market Day,J011,Indiranagar 100ft Road,7373,Weekend,False,Clear,False,0.0,False,False,0.292,Low,29.8,19.9,116.1,0.099,0.23,0.981,Moderate traffic flow - standard adaptive signal timing in effect
EVT425716,2026-02-05 18:08:40,Trade Fair,J012,Koramangala Sony World,4818,Weekday,False,Clear,False,0.0,False,False,1.0,Severe,8.6,65.5,502.2,0.182,0.421,0.92,Heavy congestion detected - signal timing extended and reroute suggested
EVT425717,2026-03-19 07:05:52,Fireworks Display,J009,Majestic,20037,Weekday,True,Clear,False,0.0,False,False,0.732,High,18.1,58.5,373.8,0.234,0.54,0.907,Festival crowd surge detected - alternate route and extended cycle recommended
EVT425718,2025-09-13 06:45:06,Local Market Day,J011,Indiranagar 100ft Road,3282,Weekend,False,Heavy Rain,True,46.3,False,False,0.752,Severe,16.9,55.7,303.5,0.181,0.419,0.934,Heavy rain reducing visibility and grip - reduced speed and longer buffer advised
EVT425719,2026-02-17 13:24:50,Local Market Day,J011,Indiranagar 100ft Road,2587,Weekday,False,Clear,False,0.0,False,False,0.14,Low,43.3,9.9,177.9,0.196,0.453,0.961,Normal free-flow traffic - standard signal timing maintained
EVT425720,2025-03-08 13:15:43,Trade Fair,J020,Malleshwaram Circle,7048,Weekend,False,Clear,False,0.0,False,False,0.322,Low,29.5,27.3,155.5,0.121,0.28,0.954,Moderate traffic flow - standard adaptive signal timing in effect
EVT425721,2025-04-27 18:25:12,Trade Fair,J012,Koramangala Sony World,8304,Weekend,False,Clear,False,0.0,False,False,0.872,Severe,12.9,59.1,430.1,0.208,0.48,0.953,Heavy congestion detected - signal timing extended and reroute suggested
EVT425722,2026-05-12 13:11:05,Local Market Day,J012,Koramangala Sony World,3879,Weekday,False,Clear,False,0.0,False,False,0.119,Low,35.4,10.2,111.5,0.087,0.202,0.94,Normal free-flow traffic - standard signal timing maintained
EVT425723,2025-12-15 18:11:01,Sports Fixture,J040,City Market,22498,Weekday,False,Clear,False,0.0,False,False,1.0,Severe,7.0,72.0,469.7,0.158,0.364,0.886,Heavy congestion detected - signal timing extended and reroute suggested
EVT425724,2025-09-27 11:00:31,Local Market Day,J020,Malleshwaram Circle,5251,Weekend,False,Clear,False,0.0,False,False,0.458,Moderate,33.4,37.6,146.4,0.142,0.327,0.97,Moderate traffic flow - standard adaptive signal timing in effect
EVT425725,2025-03-06 21:04:54,Local Market Day,J040,City Market,2863,Weekday,False,Clear,False,0.0,False,False,0.435,Moderate,20.8,36.9,88.8,0.054,0.124,0.972,Moderate traffic flow - standard adaptive signal timing in effect
EVT425726,2025-04-15 18:27:48,Religious Festival,J030,MG Road,34462,Weekday,True,Clear,False,0.0,False,True,1.0,Severe,9.1,95.3,377.6,0.163,0.376,0.839,Road closure for event/procession - full detour recommended for through-traffic
EVT425727,2025-01-24 07:43:03,Sports Fixture,J011,Indiranagar 100ft Road,20691,Weekday,False,Clear,False,0.0,False,False,0.815,Severe,15.5,54.8,264.6,0.167,0.385,0.977,Heavy congestion detected - signal timing extended and reroute suggested
EVT425728,2025-03-10 17:42:48,Local Market Day,J012,Koramangala Sony World,4429,Weekday,False,Clear,False,0.0,False,False,0.9,Severe,10.1,66.1,699.1,0.275,0.635,0.937,Heavy congestion detected - signal timing extended and reroute suggested
EVT425729,2025-12-26 15:55:29,Cultural Procession,J040,City Market,34913,Weekday,True,Clear,False,0.0,False,True,0.891,High,15.1,103.0,205.8,0.113,0.26,0.834,Road closure for event/procession - full detour recommended for through-traffic
EVT425730,2025-11-21 18:56:54,Trade Fair,J023,Basavanagudi,17610,Weekday,False,Clear,False,0.0,False,False,1.0,Severe,7.4,65.9,529.0,0.15,0.347,0.902,Heavy congestion detected - signal timing extended and reroute suggested
EVT425731,2025-08-09 08:35:36,Local Market Day,J023,Basavanagudi,5834,Weekend,False,Heavy Rain,True,41.0,True,False,1.0,Severe,8.4,70.9,552.7,0.184,0.426,0.694,Accident detected nearby - reroute and reduced speed advised
EVT425732,2026-02-11 06:14:40,Sports Fixture,J040,City Market,27206,Weekday,False,Fog,False,0.0,False,False,0.413,Moderate,28.3,27.6,78.5,0.063,0.146,0.98,Moderate traffic flow - standard adaptive signal timing in effect
EVT425733,2025-02-17 09:40:50,Concert,J023,Basavanagudi,7574,Weekday,False,Clear,False,0.0,False,False,0.891,Severe,11.4,71.7,662.9,0.281,0.65,0.933,Heavy congestion detected - signal timing extended and reroute suggested
EVT425734,2025-11-03 17:38:51,Local Market Day,J012,Koramangala Sony World,5879,Weekday,False,Clear,False,0.0,False,False,0.983,Severe,9.0,73.1,596.2,0.214,0.494,0.927,Heavy congestion detected - signal timing extended and reroute suggested
EVT425735,2026-04-24 16:55:18,Local Market Day,J040,City Market,3628,Weekday,False,Clear,False,0.0,False,False,0.662,High,16.7,48.0,196.4,0.097,0.223,0.96,Moderate traffic flow - standard adaptive signal timing in effect
EVT425736,2025-01-20 06:18:11,Local Market Day,J012,Koramangala Sony World,4451,Weekday,False,Clear,False,0.0,False,False,0.215,Low,28.2,12.2,136.4,0.093,0.214,0.955,Normal free-flow traffic - standard signal timing maintained
EVT425737,2026-01-23 11:00:28,Political Rally,J040,City Market,20266,Weekday,False,Clear,False,0.0,False,False,0.59,High,21.5,37.8,208.5,0.151,0.35,0.979,Moderate traffic flow - standard adaptive signal timing in effect
EVT425738,2026-01-02 12:54:18,Religious Festival,J011,Indiranagar 100ft Road,54074,Weekday,True,Clear,False,0.0,False,True,0.852,High,11.1,79.9,458.0,0.18,0.417,0.855,Road closure for event/procession - full detour recommended for through-traffic
EVT425739,2025-07-10 11:37:19,Concert,J023,Basavanagudi,5721,Weekday,False,Heavy Rain,True,34.1,False,False,0.662,High,19.5,56.3,115.0,0.06,0.139,0.902,Heavy rain reducing visibility and grip - reduced speed and longer buffer advised
EVT425740,2026-03-27 08:57:44,Religious Festival,J031,Cubbon Road,75910,Weekday,True,Clear,False,0.0,False,False,1.0,Severe,9.0,66.7,668.3,0.236,0.546,0.844,Festival crowd surge detected - alternate route and extended cycle recommended
EVT425741,2025-05-30 17:09:51,Political Rally,J012,Koramangala Sony World,12018,Weekday,False,Light Rain,True,6.7,False,False,0.932,Severe,11.3,70.6,456.4,0.203,0.47,0.867,Heavy rain reducing visibility and grip - reduced speed and longer buffer advised
EVT425742,2025-01-28 15:38:09,Local Market Day,J023,Basavanagudi,3651,Weekday,False,Clear,False,0.0,False,False,0.35,Moderate,28.3,19.7,161.3,0.125,0.289,0.974,Moderate traffic flow - standard adaptive signal timing in effect
EVT425743,2025-01-17 10:34:38,Political Rally,J030,MG Road,12046,Weekday,False,Clear,False,0.0,False,False,0.635,High,23.6,42.8,261.0,0.188,0.433,0.983,Moderate traffic flow - standard adaptive signal timing in effect
EVT425744,2025-07-23 19:15:31,Sports Fixture,J023,Basavanagudi,20783,Weekday,False,Clear,False,0.0,False,False,1.0,Severe,8.5,67.9,498.0,0.162,0.375,0.931,Heavy congestion detected - signal timing extended and reroute suggested
EVT425745,2025-08-08 11:33:50,Political Rally,J040,City Market,9363,Weekday,False,Heavy Rain,True,57.1,False,False,0.654,High,18.7,47.7,291.5,0.178,0.412,0.907,Heavy rain reducing visibility and grip - reduced speed and longer buffer advised
EVT425746,2026-01-12 16:35:56,Sports Fixture,J023,Basavanagudi,19904,Weekday,False,Clear,False,0.0,False,False,0.753,Severe,18.0,54.3,250.1,0.157,0.363,0.941,Heavy congestion detected - signal timing extended and reroute suggested
EVT425747,2026-03-01 10:06:15,Sports Fixture,J030,MG Road,27240,Weekend,False,Clear,False,0.0,False,False,0.818,Severe,13.9,52.2,412.1,0.183,0.424,0.95,Heavy congestion detected - signal timing extended and reroute suggested
EVT425748,2026-06-11 11:27:12,Concert,J012,Koramangala Sony World,14963,Weekday,False,Heavy Rain,True,28.1,False,False,0.735,High,17.8,54.2,346.7,0.2,0.462,0.9,Heavy rain reducing visibility and grip - reduced speed and longer buffer advised
EVT425749,2025-11-20 19:23:28,Local Market Day,J011,Indiranagar 100ft Road,2594,Weekday,False,Clear,False,0.0,False,False,0.842,Severe,14.2,60.2,394.5,0.214,0.495,0.941,Heavy congestion detected - signal timing extended and reroute suggested
EVT425750,2025-02-23 20:33:40,Local Market Day,J009,Majestic,3570,Weekend,False,Clear,False,0.0,False,False,0.403,Moderate,25.6,30.4,181.9,0.134,0.309,0.976,Moderate traffic flow - standard adaptive signal timing in effect
EVT425751,2026-06-27 16:56:50,Concert,J020,Malleshwaram Circle,13165,Weekend,False,Clear,False,0.0,False,False,0.605,High,20.6,43.7,215.0,0.147,0.338,0.964,Moderate traffic flow - standard adaptive signal timing in effect
EVT425752,2025-03-24 10:03:52,Local Market Day,J020,Malleshwaram Circle,3257,Weekday,False,Clear,False,0.0,False,False,0.739,High,19.1,45.8,411.2,0.273,0.632,0.96,Moderate traffic flow - standard adaptive signal timing in effect
EVT425753,2025-08-03 11:46:33,Local Market Day,J040,City Market,3469,Weekend,False,Light Rain,True,6.8,False,False,0.409,Moderate,19.8,30.1,226.8,0.138,0.318,0.911,Light rain detected - minor speed reduction advised
EVT425754,2026-05-02 18:15:11,Religious Festival,J031,Cubbon Road,35017,Weekend,True,Clear,False,0.0,False,True,1.0,Severe,8.9,103.2,759.6,0.269,0.622,0.83,Road closure for event/procession - full detour recommended for through-traffic
EVT425755,2025-06-14 01:31:30,Local Market Day,J031,Cubbon Road,4132,Weekend,False,Clear,False,0.0,False,False,0.286,Low,30.1,22.8,171.9,0.109,0.251,0.956,Moderate traffic flow - standard adaptive signal timing in effect
EVT425756,2025-10-05 19:57:38,Local Market Day,J031,Cubbon Road,8450,Weekend,False,Clear,False,0.0,False,False,0.732,High,19.9,52.2,216.9,0.148,0.341,0.948,Moderate traffic flow - standard adaptive signal timing in effect
EVT425757,2026-05-12 08:00:27,Local Market Day,J020,Malleshwaram Circle,5864,Weekday,False,Clear,False,0.0,False,False,0.816,Severe,15.1,55.8,205.5,0.128,0.295,0.986,Heavy congestion detected - signal timing extended and reroute suggested
EVT425758,2026-02-07 16:12:01,Sports Fixture,J031,Cubbon Road,22752,Weekend,False,Clear,False,0.0,False,False,0.585,High,20.3,44.4,214.9,0.14,0.324,0.969,Moderate traffic flow - standard adaptive signal timing in effect
EVT425759,2026-02-08 09:08:09,Concert,J012,Koramangala Sony World,7835,Weekend,False,Light Rain,True,1.6,False,False,0.977,Severe,9.8,68.0,457.0,0.182,0.42,0.869,Heavy rain reducing visibility and grip - reduced speed and longer buffer advised
EVT425760,2025-05-06 18:41:26,Local Market Day,J009,Majestic,1986,Weekday,False,Clear,False,0.0,False,False,1.0,Severe,10.1,72.6,570.7,0.223,0.515,0.886,Heavy congestion detected - signal timing extended and reroute suggested
EVT425761,2026-01-11 10:24:28,Local Market Day,J030,MG Road,2616,Weekend,False,Clear,False,0.0,False,False,0.522,Moderate,19.0,35.6,182.4,0.104,0.239,0.96,Moderate traffic flow - standard adaptive signal timing in effect
EVT425762,2025-11-17 10:54:56,Trade Fair,J020,Malleshwaram Circle,12994,Weekday,False,Clear,False,0.0,False,False,0.533,Moderate,23.8,35.6,199.6,0.149,0.344,0.961,Moderate traffic flow - standard adaptive signal timing in effect
EVT425763,2025-07-31 09:17:54,Sports Fixture,J012,Koramangala Sony World,13490,Weekday,False,Clear,False,0.0,False,False,1.0,Severe,8.8,75.4,305.0,0.12,0.278,0.915,Heavy congestion detected - signal timing extended and reroute suggested
EVT425764,2025-08-27 09:28:53,Cultural Procession,J012,Koramangala Sony World,16019,Weekday,True,Clear,False,0.0,False,False,1.0,Severe,10.1,69.9,447.7,0.172,0.397,0.864,Festival crowd surge detected - alternate route and extended cycle recommended
EVT425765,2026-05-16 21:52:50,Local Market Day,J040,City Market,3459,Weekend,False,Clear,False,0.0,False,False,0.371,Moderate,32.8,26.2,164.7,0.142,0.328,0.977,Moderate traffic flow - standard adaptive signal timing in effect
EVT425766,2025-02-12 19:13:07,Local Market Day,J020,Malleshwaram Circle,4708,Weekday,False,Clear,False,0.0,False,False,0.923,Severe,9.6,65.7,557.8,0.207,0.477,0.935,Heavy congestion detected - signal timing extended and reroute suggested
EVT425767,2025-01-18 09:57:03,Local Market Day,J009,Majestic,2511,Weekend,False,Clear,False,0.0,False,False,0.73,High,17.6,54.0,262.8,0.155,0.358,0.971,Moderate traffic flow - standard adaptive signal timing in effect
EVT425768,2025-11-06 09:33:09,Local Market Day,J020,Malleshwaram Circle,3745,Weekday,False,Light Rain,True,4.5,False,False,0.972,Severe,9.6,78.9,384.7,0.136,0.315,0.884,Heavy rain reducing visibility and grip - reduced speed and longer buffer advised
EVT425769,2026-03-16 12:49:10,Sports Fixture,J030,MG Road,16926,Weekday,False,Clear,False,0.0,False,False,0.205,Low,28.9,14.5,132.3,0.096,0.221,0.976,Normal free-flow traffic - standard signal timing maintained
EVT425770,2025-05-16 12:22:28,Local Market Day,J009,Majestic,3005,Weekday,False,Clear,False,0.0,False,False,0.206,Low,32.9,13.9,160.5,0.144,0.332,0.978,Normal free-flow traffic - standard signal timing maintained
EVT425771,2026-06-15 23:57:38,Political Rally,J030,MG Road,18409,Weekday,False,Heavy Rain,True,25.3,False,False,0.442,Moderate,28.5,31.6,195.9,0.171,0.395,0.928,Light rain detected - minor speed reduction advised
EVT425772,2025-08-20 05:23:39,Concert,J023,Basavanagudi,13396,Weekday,False,Light Rain,True,3.2,False,False,0.361,Moderate,21.5,25.1,312.5,0.199,0.46,0.898,Light rain detected - minor speed reduction advised
EVT425773,2025-02-03 08:19:59,Trade Fair,J040,City Market,8778,Weekday,False,Clear,False,0.0,False,False,0.926,Severe,10.5,66.3,338.2,0.146,0.338,0.924,Heavy congestion detected - signal timing extended and reroute suggested
EVT425774,2026-02-08 16:14:46,Concert,J011,Indiranagar 100ft Road,9788,Weekend,False,Clear,False,0.0,False,False,0.553,High,19.1,40.8,214.1,0.117,0.271,0.959,Moderate traffic flow - standard adaptive signal timing in effect
EVT425775,2025-10-25 18:54:08,Local Market Day,J040,City Market,9650,Weekend,False,Clear,False,0.0,False,False,0.868,Severe,8.7,59.8,234.6,0.091,0.211,0.958,Heavy congestion detected - signal timing extended and reroute suggested
EVT425776,2025-02-18 09:21:13,Concert,J009,Majestic,20693,Weekday,False,Fog,False,0.0,False,False,1.0,Severe,8.2,72.9,747.8,0.245,0.567,0.919,Heavy congestion detected - signal timing extended and reroute suggested
EVT425777,2026-03-27 12:35:26,Religious Festival,J009,Majestic,57738,Weekday,True,Clear,False,0.0,False,False,0.728,High,17.1,54.4,252.0,0.153,0.354,0.901,Festival crowd surge detected - alternate route and extended cycle recommended
EVT425778,2025-08-25 23:42:05,Concert,J011,Indiranagar 100ft Road,30528,Weekday,False,Clear,False,0.0,False,False,0.381,Moderate,29.6,30.0,173.5,0.122,0.281,0.967,Moderate traffic flow - standard adaptive signal timing in effect
EVT425779,2026-05-05 17:27:18,Local Market Day,J030,MG Road,5097,Weekday,False,Clear,False,0.0,False,False,0.909,Severe,11.5,65.9,301.8,0.139,0.32,0.92,Heavy congestion detected - signal timing extended and reroute suggested
EVT425780,2026-02-15 19:35:22,Sports Fixture,J009,Majestic,11663,Weekend,False,Light Rain,True,1.4,False,False,0.918,Severe,13.9,64.3,362.1,0.201,0.465,0.879,Heavy rain reducing visibility and grip - reduced speed and longer buffer advised
EVT425781,2025-03-17 10:19:58,Trade Fair,J020,Malleshwaram Circle,10647,Weekday,False,Clear,False,0.0,False,False,0.729,High,20.4,50.3,213.8,0.133,0.307,0.94,Moderate traffic flow - standard adaptive signal timing in effect
EVT425782,2026-03-01 16:25:46,Local Market Day,J011,Indiranagar 100ft Road,1946,Weekend,False,Clear,False,0.0,False,False,0.559,High,27.4,44.5,197.7,0.159,0.367,0.942,Moderate traffic flow - standard adaptive signal timing in effect
EVT425783,2025-02-11 15:58:32,Sports Fixture,J023,Basavanagudi,17379,Weekday,False,Clear,False,0.0,False,False,0.524,Moderate,25.8,40.1,259.8,0.173,0.399,0.982,Moderate traffic flow - standard adaptive signal timing in effect
EVT425784,2025-05-23 17:57:41,Concert,J030,MG Road,9307,Weekday,False,Fog,False,0.0,False,False,1.0,Severe,8.3,73.1,499.8,0.186,0.431,0.926,Heavy congestion detected - signal timing extended and reroute suggested
EVT425785,2025-01-12 17:47:43,Local Market Day,J030,MG Road,2733,Weekend,False,Clear,False,0.0,False,False,0.789,Severe,17.7,56.8,158.5,0.097,0.223,0.958,Heavy congestion detected - signal timing extended and reroute suggested
EVT425786,2025-02-21 19:33:06,Concert,J012,Koramangala Sony World,12351,Weekday,False,Clear,False,0.0,False,False,0.951,Severe,8.5,68.9,582.7,0.201,0.464,0.907,Heavy congestion detected - signal timing extended and reroute suggested
EVT425787,2025-04-24 16:12:56,Local Market Day,J011,Indiranagar 100ft Road,6916,Weekday,False,Clear,False,0.0,False,False,0.542,Moderate,22.2,36.1,173.2,0.119,0.276,0.948,Moderate traffic flow - standard adaptive signal timing in effect
EVT425788,2025-01-04 08:24:37,Concert,J023,Basavanagudi,12370,Weekend,False,Clear,False,0.0,False,False,0.833,Severe,12.5,55.4,302.9,0.145,0.335,0.943,Heavy congestion detected - signal timing extended and reroute suggested
EVT425789,2025-10-09 09:50:45,Trade Fair,J023,Basavanagudi,20581,Weekday,False,Clear,False,0.0,False,False,0.941,Severe,9.2,69.1,684.1,0.241,0.557,0.917,Heavy congestion detected - signal timing extended and reroute suggested
EVT425790,2026-01-02 16:02:32,Cultural Procession,J011,Indiranagar 100ft Road,33104,Weekday,True,Fog,False,0.0,False,False,0.874,Severe,10.0,61.0,338.7,0.143,0.33,0.854,Festival crowd surge detected - alternate route and extended cycle recommended
EVT425791,2025-02-27 18:26:02,Local Market Day,J031,Cubbon Road,4993,Weekday,False,Clear,False,0.0,False,False,1.0,Severe,6.6,72.4,430.0,0.14,0.322,0.938,Heavy congestion detected - signal timing extended and reroute suggested
EVT425792,2025-12-14 09:01:16,Local Market Day,J012,Koramangala Sony World,2432,Weekend,False,Clear,False,0.0,False,False,0.846,Severe,12.7,57.2,323.8,0.171,0.395,0.968,Heavy congestion detected - signal timing extended and reroute suggested
EVT425793,2025-05-05 11:36:11,Trade Fair,J012,Koramangala Sony World,10455,Weekday,False,Clear,False,0.0,False,False,0.34,Low,27.4,22.3,237.8,0.164,0.379,0.952,Moderate traffic flow - standard adaptive signal timing in effect
EVT425794,2025-11-12 18:20:32,Concert,J031,Cubbon Road,8069,Weekday,False,Rain,True,17.0,False,False,1.0,Severe,7.5,73.3,391.0,0.134,0.31,0.868,Heavy rain reducing visibility and grip - reduced speed and longer buffer advised
EVT425795,2026-03-18 18:05:22,Concert,J030,MG Road,7707,Weekday,False,Clear,False,0.0,False,False,1.0,Severe,6.4,70.4,789.3,0.213,0.492,0.911,Heavy congestion detected - signal timing extended and reroute suggested
EVT425796,2025-12-22 20:11:27,Trade Fair,J031,Cubbon Road,11885,Weekday,False,Clear,False,0.0,False,False,0.658,High,17.2,48.9,367.8,0.215,0.496,0.982,Moderate traffic flow - standard adaptive signal timing in effect
EVT425797,2025-05-20 09:45:31,Local Market Day,J009,Majestic,4412,Weekday,False,Clear,False,0.0,False,False,0.926,Severe,11.5,69.4,155.9,0.076,0.175,0.934,Heavy congestion detected - signal timing extended and reroute suggested
EVT425798,2025-11-24 20:10:07,Trade Fair,J040,City Market,8662,Weekday,False,Clear,False,0.0,False,False,0.744,High,18.1,51.2,265.1,0.172,0.397,0.96,Moderate traffic flow - standard adaptive signal timing in effect
EVT425799,2025-12-13 16:36:02,Concert,J009,Majestic,11809,Weekend,False,Light Rain,True,1.5,False,False,0.659,High,24.0,46.9,258.5,0.221,0.51,0.919,Heavy rain reducing visibility and grip - reduced speed and longer buffer advised
EVT425800,2026-03-05 16:33:15,Fireworks Display,J009,Majestic,29761,Weekday,True,Clear,False,0.0,False,False,0.867,Severe,11.9,61.9,345.1,0.142,0.328,0.919,Festival crowd surge detected - alternate route and extended cycle recommended
EVT425801,2026-01-12 16:28:55,Sports Fixture,J009,Majestic,14425,Weekday,False,Clear,False,0.0,False,False,0.573,High,19.4,40.1,139.5,0.081,0.188,0.957,Moderate traffic flow - standard adaptive signal timing in effect
EVT425802,2025-04-03 17:02:15,Sports Fixture,J040,City Market,20826,Weekday,False,Clear,False,0.0,False,False,0.898,Severe,12.5,65.0,190.2,0.107,0.248,0.936,Heavy congestion detected - signal timing extended and reroute suggested
EVT425803,2025-06-30 13:01:00,Local Market Day,J030,MG Road,6570,Weekday,False,Heavy Rain,True,70.7,False,False,0.52,Moderate,29.5,35.4,122.9,0.119,0.274,0.904,Light rain detected - minor speed reduction advised
EVT425804,2025-09-24 07:15:08,Local Market Day,J031,Cubbon Road,5271,Weekday,False,Clear,False,0.0,False,False,0.588,High,21.3,44.2,92.7,0.065,0.15,0.988,Moderate traffic flow - standard adaptive signal timing in effect
EVT425805,2025-10-15 09:59:28,Sports Fixture,J040,City Market,18323,Weekday,False,Rain,True,18.0,True,False,1.0,Severe,8.9,66.3,460.2,0.161,0.371,0.723,Accident detected nearby - reroute and reduced speed advised
EVT425806,2025-03-12 21:56:20,Concert,J031,Cubbon Road,11767,Weekday,False,Clear,False,0.0,False,False,0.284,Low,34.5,16.7,48.0,0.046,0.106,0.983,Moderate traffic flow - standard adaptive signal timing in effect
EVT425807,2026-01-02 06:59:16,Cultural Procession,J030,MG Road,15153,Weekday,True,Clear,False,0.0,False,True,0.871,High,14.2,91.2,492.9,0.254,0.586,0.86,Road closure for event/procession - full detour recommended for through-traffic
EVT425808,2026-06-05 09:22:56,Political Rally,J030,MG Road,11061,Weekday,False,Clear,False,0.0,False,False,1.0,Severe,10.3,73.5,708.0,0.284,0.656,0.897,Heavy congestion detected - signal timing extended and reroute suggested
EVT425809,2026-02-08 13:59:06,Concert,J009,Majestic,8157,Weekend,False,Clear,False,0.0,False,False,0.252,Low,33.5,18.9,117.4,0.109,0.251,0.977,Moderate traffic flow - standard adaptive signal timing in effect
EVT425810,2025-08-22 21:27:08,Sports Fixture,J009,Majestic,19290,Weekday,False,Clear,False,0.0,False,False,0.342,Low,29.9,23.0,158.4,0.123,0.283,0.963,Moderate traffic flow - standard adaptive signal timing in effect
EVT425811,2025-11-15 06:18:50,Sports Fixture,J009,Majestic,25990,Weekend,False,Clear,False,0.0,False,False,0.449,Moderate,25.9,29.0,302.8,0.232,0.537,0.965,Moderate traffic flow - standard adaptive signal timing in effect
EVT425812,2025-08-31 06:04:49,Sports Fixture,J023,Basavanagudi,14876,Weekend,False,Clear,False,0.0,False,False,0.392,Moderate,29.6,26.6,191.4,0.151,0.35,0.941,Moderate traffic flow - standard adaptive signal timing in effect
EVT425813,2025-05-30 17:15:13,Local Market Day,J031,Cubbon Road,3119,Weekday,False,Clear,False,0.0,False,False,0.801,Severe,18.1,53.5,170.9,0.132,0.306,0.938,Heavy congestion detected - signal timing extended and reroute suggested
EVT425814,2026-03-04 15:36:36,Religious Festival,J031,Cubbon Road,39463,Weekday,True,Clear,False,0.0,False,True,0.868,High,14.3,83.7,430.0,0.234,0.541,0.853,Road closure for event/procession - full detour recommended for through-traffic
EVT425815,2025-12-23 12:14:18,Concert,J031,Cubbon Road,18298,Weekday,False,Clear,False,0.0,False,False,0.358,Moderate,38.1,24.3,138.4,0.128,0.296,0.979,Moderate traffic flow - standard adaptive signal timing in effect
EVT425816,2025-09-25 23:02:07,Political Rally,J031,Cubbon Road,13919,Weekday,False,Clear,False,0.0,False,False,0.245,Low,33.8,17.6,114.2,0.091,0.211,0.964,Normal free-flow traffic - standard signal timing maintained
EVT425817,2026-02-26 13:48:42,Local Market Day,J040,City Market,6827,Weekday,False,Clear,False,0.0,False,False,0.193,Low,41.7,15.6,77.8,0.084,0.195,0.985,Normal free-flow traffic - standard signal timing maintained
EVT425818,2026-02-12 15:09:52,Local Market Day,J023,Basavanagudi,2439,Weekday,False,Clear,False,0.0,False,False,0.25,Low,39.3,18.1,123.7,0.104,0.239,0.957,Normal free-flow traffic - standard signal timing maintained
EVT425819,2025-05-30 17:44:34,Local Market Day,J009,Majestic,3973,Weekday,False,Rain,True,16.2,False,False,1.0,Severe,9.6,75.5,601.1,0.23,0.531,0.882,Heavy rain reducing visibility and grip - reduced speed and longer buffer advised
EVT425820,2025-09-10 18:38:13,Trade Fair,J040,City Market,13522,Weekday,False,Heavy Rain,True,35.1,False,False,1.0,Severe,7.1,66.1,688.6,0.218,0.504,0.881,Heavy rain reducing visibility and grip - reduced speed and longer buffer advised
EVT425821,2025-03-03 16:49:38,Concert,J040,City Market,7741,Weekday,False,Clear,False,0.0,False,False,0.661,High,20.5,43.4,345.3,0.227,0.523,0.935,Moderate traffic flow - standard adaptive signal timing in effect
EVT425822,2025-05-12 14:06:37,Trade Fair,J030,MG Road,9241,Weekday,False,Fog,False,0.0,False,False,0.259,Low,27.4,15.7,143.3,0.122,0.282,0.967,Moderate traffic flow - standard adaptive signal timing in effect
EVT425823,2026-03-27 16:03:29,Fireworks Display,J011,Indiranagar 100ft Road,41796,Weekday,True,Clear,False,0.0,False,False,0.908,Severe,12.6,66.2,379.3,0.182,0.421,0.894,Festival crowd surge detected - alternate route and extended cycle recommended
EVT425824,2025-07-02 18:52:28,Local Market Day,J011,Indiranagar 100ft Road,6541,Weekday,False,Clear,False,0.0,False,False,0.962,Severe,10.9,62.7,283.1,0.132,0.304,0.936,Heavy congestion detected - signal timing extended and reroute suggested
EVT425825,2026-06-09 11:05:20,Political Rally,J020,Malleshwaram Circle,17463,Weekday,False,Clear,False,0.0,False,False,0.416,Moderate,34.4,29.4,146.2,0.132,0.306,0.978,Moderate traffic flow - standard adaptive signal timing in effect
EVT425826,2026-05-05 15:30:45,Trade Fair,J040,City Market,8920,Weekday,False,Clear,False,0.0,False,False,0.422,Moderate,25.8,24.9,214.3,0.144,0.333,0.99,Moderate traffic flow - standard adaptive signal timing in effect
EVT425827,2025-06-23 18:56:37,Concert,J020,Malleshwaram Circle,14945,Weekday,False,Rain,True,20.7,False,False,1.0,Severe,8.6,70.6,581.8,0.208,0.48,0.857,Heavy rain reducing visibility and grip - reduced speed and longer buffer advised
EVT425828,2025-12-19 05:57:13,Political Rally,J011,Indiranagar 100ft Road,10602,Weekday,False,Clear,False,0.0,False,False,0.25,Low,35.4,10.4,157.3,0.152,0.351,0.941,Moderate traffic flow - standard adaptive signal timing in effect
EVT425829,2025-05-06 09:54:18,Local Market Day,J020,Malleshwaram Circle,2684,Weekday,False,Clear,False,0.0,False,False,0.795,Severe,9.9,56.1,613.0,0.214,0.494,0.946,Heavy congestion detected - signal timing extended and reroute suggested
EVT425830,2025-05-19 18:53:38,Local Market Day,J011,Indiranagar 100ft Road,1811,Weekday,False,Clear,False,0.0,False,False,0.998,Severe,7.5,69.3,700.3,0.228,0.526,0.945,Heavy congestion detected - signal timing extended and reroute suggested
EVT425831,2026-04-14 17:41:17,Religious Festival,J012,Koramangala Sony World,45656,Weekday,True,Clear,False,0.0,False,True,1.0,Severe,8.3,102.5,625.8,0.213,0.492,0.829,Road closure for event/procession - full detour recommended for through-traffic
EVT425832,2025-02-02 17:19:04,Sports Fixture,J040,City Market,16605,Weekend,False,Clear,False,0.0,False,False,0.794,Severe,15.1,58.6,400.6,0.208,0.481,0.961,Heavy congestion detected - signal timing extended and reroute suggested
EVT425833,2026-02-28 18:57:24,Local Market Day,J020,Malleshwaram Circle,5219,Weekend,False,Fog,False,0.0,False,False,0.877,Severe,12.8,61.2,494.3,0.233,0.538,0.95,Heavy congestion detected - signal timing extended and reroute suggested
EVT425834,2025-11-16 18:38:17,Political Rally,J031,Cubbon Road,12034,Weekend,False,Clear,False,0.0,False,False,0.888,Severe,11.5,62.9,398.0,0.177,0.409,0.906,Heavy congestion detected - signal timing extended and reroute suggested
EVT425835,2025-06-16 08:53:19,Trade Fair,J011,Indiranagar 100ft Road,10844,Weekday,False,Heavy Rain,True,48.7,False,False,1.0,Severe,10.3,76.7,443.3,0.184,0.426,0.842,Heavy rain reducing visibility and grip - reduced speed and longer buffer advised
EVT425836,2025-08-21 19:39:50,Local Market Day,J020,Malleshwaram Circle,2804,Weekday,False,Clear,False,0.0,False,False,0.893,Severe,12.1,66.5,409.5,0.191,0.442,0.948,Heavy congestion detected - signal timing extended and reroute suggested
EVT425837,2025-02-18 22:23:56,Sports Fixture,J012,Koramangala Sony World,20222,Weekday,False,Clear,False,0.0,False,False,0.389,Moderate,25.1,30.9,258.1,0.194,0.447,0.983,Moderate traffic flow - standard adaptive signal timing in effect
EVT425838,2025-06-08 15:26:53,Concert,J030,MG Road,14938,Weekend,False,Heavy Rain,True,25.6,False,False,0.708,High,16.9,52.1,340.2,0.222,0.512,0.905,Heavy rain reducing visibility and grip - reduced speed and longer buffer advised
EVT425839,2026-04-06 09:26:29,Sports Fixture,J023,Basavanagudi,14050,Weekday,False,Clear,False,0.0,False,False,1.0,Severe,9.5,72.0,668.0,0.266,0.614,0.897,Heavy congestion detected - signal timing extended and reroute suggested
EVT425840,2025-12-23 17:45:45,Concert,J031,Cubbon Road,8557,Weekday,False,Clear,False,0.0,False,False,1.0,Severe,9.2,68.0,625.1,0.236,0.546,0.925,Heavy congestion detected - signal timing extended and reroute suggested
EVT425841,2026-05-09 08:37:06,Sports Fixture,J020,Malleshwaram Circle,21855,Weekend,False,Rain,True,8.2,False,False,1.0,Severe,10.0,75.8,701.3,0.28,0.646,0.854,Heavy rain reducing visibility and grip - reduced speed and longer buffer advised
EVT425842,2025-12-14 16:20:24,Trade Fair,J020,Malleshwaram Circle,6126,Weekend,False,Clear,False,0.0,False,False,0.492,Moderate,22.3,36.5,209.0,0.134,0.31,0.964,Moderate traffic flow - standard adaptive signal timing in effect
EVT425843,2026-02-18 13:49:34,Local Market Day,J040,City Market,1862,Weekday,False,Clear,False,0.0,False,False,0.188,Low,37.4,14.9,181.7,0.176,0.406,0.959,Normal free-flow traffic - standard signal timing maintained
EVT425844,2025-05-11 19:22:57,Local Market Day,J023,Basavanagudi,5649,Weekend,False,Clear,False,0.0,False,False,0.791,Severe,17.9,57.7,411.3,0.267,0.616,0.964,Heavy congestion detected - signal timing extended and reroute suggested
EVT425845,2026-06-17 08:18:03,Concert,J030,MG Road,13039,Weekday,False,Clear,False,0.0,False,False,1.0,Severe,8.0,73.1,317.6,0.123,0.284,0.911,Heavy congestion detected - signal timing extended and reroute suggested
EVT425846,2025-11-17 18:05:28,Local Market Day,J023,Basavanagudi,5233,Weekday,False,Clear,False,0.0,False,False,1.0,Severe,7.8,69.0,249.2,0.092,0.212,0.903,Heavy congestion detected - signal timing extended and reroute suggested
EVT425847,2026-01-20 13:14:45,Political Rally,J020,Malleshwaram Circle,14928,Weekday,False,Clear,False,0.0,False,False,0.309,Low,29.9,20.1,176.3,0.131,0.303,0.98,Moderate traffic flow - standard adaptive signal timing in effect
EVT425848,2025-09-28 19:01:25,Concert,J011,Indiranagar 100ft Road,5723,Weekend,False,Clear,False,0.0,False,False,0.857,Severe,12.1,65.5,445.5,0.21,0.484,0.934,Heavy congestion detected - signal timing extended and reroute suggested
EVT425849,2025-06-02 15:57:07,Local Market Day,J030,MG Road,2607,Weekday,False,Clear,False,0.0,False,False,0.463,Moderate,32.6,35.5,227.6,0.226,0.521,0.969,Moderate traffic flow - standard adaptive signal timing in effect
EVT425850,2026-04-02 18:24:54,Sports Fixture,J023,Basavanagudi,14667,Weekday,False,Clear,False,0.0,False,False,1.0,Severe,8.5,67.0,753.3,0.263,0.608,0.932,Heavy congestion detected - signal timing extended and reroute suggested
EVT425851,2025-06-04 22:31:17,Trade Fair,J040,City Market,9542,Weekday,False,Rain,True,13.1,False,False,0.397,Moderate,26.6,32.3,289.9,0.207,0.477,0.907,Light rain detected - minor speed reduction advised
EVT425852,2025-06-12 10:58:14,Concert,J031,Cubbon Road,12958,Weekday,False,Rain,True,19.6,False,False,0.614,High,23.0,42.4,167.9,0.124,0.287,0.881,Heavy rain reducing visibility and grip - reduced speed and longer buffer advised
EVT425853,2026-04-16 18:01:41,Local Market Day,J009,Majestic,1966,Weekday,False,Clear,False,0.0,False,False,0.956,Severe,8.8,69.4,730.3,0.253,0.584,0.937,Heavy congestion detected - signal timing extended and reroute suggested
EVT425854,2025-05-16 16:28:41,Local Market Day,J012,Koramangala Sony World,4142,Weekday,False,Clear,False,0.0,False,False,0.566,High,21.9,39.2,246.3,0.143,0.329,0.947,Moderate traffic flow - standard adaptive signal timing in effect
EVT425855,2025-04-11 05:42:39,Local Market Day,J023,Basavanagudi,4213,Weekday,False,Clear,False,0.0,False,False,0.197,Low,40.4,9.2,102.9,0.112,0.258,0.99,Normal free-flow traffic - standard signal timing maintained
EVT425856,2025-11-18 18:08:00,Trade Fair,J030,MG Road,11199,Weekday,False,Clear,False,0.0,False,False,1.0,Severe,7.9,79.3,760.9,0.261,0.602,0.884,Heavy congestion detected - signal timing extended and reroute suggested
EVT425857,2025-01-02 12:35:45,Sports Fixture,J030,MG Road,39627,Weekday,False,Clear,False,0.0,False,False,0.438,Moderate,25.6,28.8,225.1,0.157,0.363,0.982,Moderate traffic flow - standard adaptive signal timing in effect
EVT425858,2025-05-22 13:59:31,Trade Fair,J023,Basavanagudi,22971,Weekday,False,Clear,False,0.0,False,False,0.333,Low,28.8,23.1,165.4,0.142,0.329,0.965,Moderate traffic flow - standard adaptive signal timing in effect
EVT425859,2026-03-02 09:29:52,Sports Fixture,J030,MG Road,22428,Weekday,False,Clear,False,0.0,False,False,1.0,Severe,8.1,73.4,648.6,0.209,0.482,0.938,Heavy congestion detected - signal timing extended and reroute suggested
EVT425860,2025-09-09 10:55:00,Concert,J009,Majestic,8131,Weekday,False,Clear,False,0.0,False,False,0.451,Moderate,27.5,36.0,181.9,0.165,0.381,0.976,Moderate traffic flow - standard adaptive signal timing in effect
EVT425861,2025-12-27 13:54:12,Sports Fixture,J011,Indiranagar 100ft Road,23142,Weekend,False,Light Rain,True,7.0,False,False,0.482,Moderate,24.9,37.2,219.2,0.153,0.353,0.931,Light rain detected - minor speed reduction advised
EVT425862,2026-06-09 18:06:47,Sports Fixture,J031,Cubbon Road,22185,Weekday,False,Clear,False,0.0,False,False,1.0,Severe,9.4,68.5,549.0,0.224,0.518,0.907,Heavy congestion detected - signal timing extended and reroute suggested
EVT425863,2026-03-13 19:54:33,Political Rally,J023,Basavanagudi,10159,Weekday,False,Clear,False,0.0,False,False,0.778,Severe,13.6,58.9,274.9,0.127,0.294,0.96,Heavy congestion detected - signal timing extended and reroute suggested
EVT425864,2025-01-08 12:01:55,Local Market Day,J030,MG Road,5565,Weekday,False,Clear,False,0.0,False,False,0.216,Low,33.8,18.8,182.2,0.148,0.343,0.98,Normal free-flow traffic - standard signal timing maintained
EVT425865,2025-02-16 09:03:25,Concert,J012,Koramangala Sony World,14302,Weekend,False,Clear,False,0.0,False,False,0.958,Severe,9.2,76.1,394.3,0.166,0.384,0.928,Heavy congestion detected - signal timing extended and reroute suggested
EVT425866,2026-04-26 19:29:23,Local Market Day,J040,City Market,5850,Weekend,False,Clear,False,0.0,False,False,0.807,Severe,16.1,56.1,317.4,0.185,0.428,0.949,Heavy congestion detected - signal timing extended and reroute suggested
EVT425867,2026-03-01 19:52:52,Concert,J040,City Market,9878,Weekend,False,Clear,False,0.0,False,False,0.717,High,16.3,52.5,216.4,0.093,0.214,0.99,Moderate traffic flow - standard adaptive signal timing in effect
EVT425868,2026-04-07 06:47:16,Concert,J011,Indiranagar 100ft Road,8409,Weekday,False,Clear,False,0.0,True,False,0.812,Severe,15.8,51.0,381.5,0.217,0.502,0.782,Accident detected nearby - reroute and reduced speed advised
EVT425869,2025-03-08 19:37:12,Local Market Day,J012,Koramangala Sony World,3730,Weekend,False,Clear,False,0.0,False,False,0.784,Severe,13.8,51.1,405.5,0.209,0.483,0.954,Heavy congestion detected - signal timing extended and reroute suggested
EVT425870,2025-07-28 05:33:55,Political Rally,J031,Cubbon Road,12990,Weekday,False,Rain,True,15.4,False,False,0.429,Moderate,29.6,27.1,210.9,0.194,0.447,0.915,Light rain detected - minor speed reduction advised
EVT425871,2025-02-21 07:59:51,Trade Fair,J030,MG Road,7343,Weekday,False,Light Rain,True,4.1,False,False,1.0,Severe,8.4,70.9,323.1,0.13,0.301,0.879,Heavy rain reducing visibility and grip - reduced speed and longer buffer advised
EVT425872,2025-03-23 18:52:17,Sports Fixture,J023,Basavanagudi,32529,Weekend,False,Clear,False,0.0,False,False,1.0,Severe,7.5,74.3,447.3,0.139,0.322,0.898,Heavy congestion detected - signal timing extended and reroute suggested
EVT425873,2025-07-07 18:00:00,Concert,J030,MG Road,19828,Weekday,False,Clear,False,0.0,False,False,1.0,Severe,6.5,70.5,504.4,0.153,0.354,0.929,Heavy congestion detected - signal timing extended and reroute suggested
EVT425874,2025-09-12 09:45:58,Concert,J011,Indiranagar 100ft Road,14477,Weekday,False,Heavy Rain,True,29.9,False,False,1.0,Severe,7.5,75.6,672.6,0.222,0.512,0.862,Heavy rain reducing visibility and grip - reduced speed and longer buffer advised
EVT425875,2025-12-30 16:30:24,Local Market Day,J012,Koramangala Sony World,4559,Weekday,False,Fog,False,0.0,False,False,0.57,High,24.6,40.3,158.5,0.108,0.25,0.973,Moderate traffic flow - standard adaptive signal timing in effect
EVT425876,2025-09-27 10:01:10,Sports Fixture,J023,Basavanagudi,11545,Weekend,False,Heavy Rain,True,26.9,False,False,1.0,Severe,7.2,72.4,628.9,0.192,0.442,0.854,Heavy rain reducing visibility and grip - reduced speed and longer buffer advised
EVT425877,2026-01-18 19:54:01,Political Rally,J023,Basavanagudi,11893,Weekend,False,Clear,False,0.0,False,False,0.717,High,20.0,51.9,263.2,0.16,0.37,0.943,Moderate traffic flow - standard adaptive signal timing in effect
EVT425878,2026-05-23 13:49:37,Local Market Day,J011,Indiranagar 100ft Road,4566,Weekend,False,Clear,False,0.0,False,False,0.269,Low,33.9,21.1,103.0,0.098,0.226,0.969,Moderate traffic flow - standard adaptive signal timing in effect
EVT425879,2026-06-05 10:45:56,Trade Fair,J023,Basavanagudi,8818,Weekday,False,Clear,False,0.0,False,False,0.62,High,19.5,42.1,165.4,0.117,0.271,0.944,Moderate traffic flow - standard adaptive signal timing in effect
EVT425880,2025-05-11 16:53:16,Political Rally,J011,Indiranagar 100ft Road,33305,Weekend,False,Clear,False,0.0,False,False,0.871,Severe,10.8,60.5,365.7,0.139,0.32,0.934,Heavy congestion detected - signal timing extended and reroute suggested
EVT425881,2025-03-20 15:24:37,Political Rally,J011,Indiranagar 100ft Road,16965,Weekday,False,Clear,False,0.0,False,False,0.319,Low,29.3,21.5,142.8,0.103,0.237,0.958,Moderate traffic flow - standard adaptive signal timing in effect
EVT425882,2025-05-31 19:37:37,Political Rally,J009,Majestic,15149,Weekend,False,Light Rain,True,6.8,False,False,0.893,Severe,11.9,67.7,423.8,0.186,0.431,0.868,Heavy rain reducing visibility and grip - reduced speed and longer buffer advised
EVT425883,2025-08-19 23:44:30,Concert,J011,Indiranagar 100ft Road,7700,Weekday,False,Clear,False,0.0,False,False,0.161,Low,34.1,10.4,81.3,0.073,0.167,0.961,Normal free-flow traffic - standard signal timing maintained
EVT425884,2026-03-19 13:25:54,Cultural Procession,J040,City Market,9024,Weekday,True,Clear,False,0.0,False,True,0.595,Moderate,15.9,56.3,317.6,0.18,0.415,0.873,Road closure for event/procession - full detour recommended for through-traffic
EVT425885,2025-12-26 17:36:45,Religious Festival,J030,MG Road,37730,Weekday,True,Clear,False,0.0,False,False,1.0,Severe,7.1,72.1,604.3,0.186,0.43,0.853,Festival crowd surge detected - alternate route and extended cycle recommended
EVT425886,2025-05-02 07:13:34,Religious Festival,J012,Koramangala Sony World,69579,Weekday,True,Clear,False,0.0,False,True,1.0,Severe,8.3,97.0,493.8,0.176,0.406,0.839,Road closure for event/procession - full detour recommended for through-traffic
EVT425887,2025-01-11 00:49:49,Local Market Day,J023,Basavanagudi,3121,Weekend,False,Clear,False,0.0,False,False,0.246,Low,27.3,17.3,133.7,0.091,0.209,0.969,Normal free-flow traffic - standard signal timing maintained
EVT425888,2025-08-30 15:58:51,Concert,J031,Cubbon Road,15171,Weekend,False,Heavy Rain,True,32.9,False,False,0.823,Severe,16.3,66.0,259.6,0.144,0.333,0.886,Heavy rain reducing visibility and grip - reduced speed and longer buffer advised
EVT425889,2026-03-09 08:44:40,Sports Fixture,J031,Cubbon Road,27499,Weekday,False,Clear,False,0.0,False,False,1.0,Severe,8.5,67.6,607.4,0.216,0.5,0.933,Heavy congestion detected - signal timing extended and reroute suggested
EVT425890,2025-05-19 19:20:48,Political Rally,J009,Majestic,17866,Weekday,False,Light Rain,True,3.1,False,False,1.0,Severe,9.3,71.6,565.5,0.2,0.463,0.845,Heavy rain reducing visibility and grip - reduced speed and longer buffer advised
EVT425891,2025-01-09 21:51:09,Trade Fair,J009,Majestic,12333,Weekday,False,Clear,False,0.0,False,False,0.258,Low,27.4,16.6,210.4,0.157,0.362,0.97,Moderate traffic flow - standard adaptive signal timing in effect
EVT425892,2026-05-22 08:51:19,Local Market Day,J031,Cubbon Road,4903,Weekday,False,Clear,False,0.0,False,False,1.0,Severe,7.4,68.5,691.3,0.215,0.497,0.941,Heavy congestion detected - signal timing extended and reroute suggested
EVT425893,2026-04-15 18:33:37,Religious Festival,J009,Majestic,53749,Weekday,True,Rain,True,10.1,False,False,1.0,Severe,8.2,69.4,694.0,0.22,0.507,0.821,Festival crowd surge detected - alternate route and extended cycle recommended
EVT425894,2025-04-10 21:49:13,Trade Fair,J009,Majestic,10935,Weekday,False,Clear,False,0.0,False,False,0.376,Moderate,28.5,27.5,203.4,0.142,0.327,0.978,Moderate traffic flow - standard adaptive signal timing in effect
EVT425895,2026-02-07 15:16:57,Trade Fair,J011,Indiranagar 100ft Road,7155,Weekend,False,Clear,False,0.0,False,False,0.423,Moderate,23.1,28.5,119.1,0.078,0.18,0.982,Moderate traffic flow - standard adaptive signal timing in effect
EVT425896,2025-03-25 16:08:03,Concert,J031,Cubbon Road,9650,Weekday,False,Clear,False,0.0,False,False,0.426,Moderate,28.4,28.5,201.3,0.166,0.384,0.965,Moderate traffic flow - standard adaptive signal timing in effect
EVT425897,2025-09-30 16:18:00,Sports Fixture,J031,Cubbon Road,19908,Weekday,False,Clear,False,0.0,False,False,0.557,High,20.4,37.2,213.5,0.132,0.304,0.977,Moderate traffic flow - standard adaptive signal timing in effect
EVT425898,2025-10-07 17:09:17,Sports Fixture,J011,Indiranagar 100ft Road,28301,Weekday,False,Clear,False,0.0,False,False,0.858,Severe,13.0,56.8,222.8,0.089,0.205,0.962,Heavy congestion detected - signal timing extended and reroute suggested
EVT425899,2026-04-24 07:57:43,Local Market Day,J020,Malleshwaram Circle,3258,Weekday,False,Rain,True,17.9,False,False,1.0,Severe,9.8,75.7,392.1,0.141,0.326,0.868,Heavy rain reducing visibility and grip - reduced speed and longer buffer advised
EVT425900,2026-01-19 10:13:02,Sports Fixture,J011,Indiranagar 100ft Road,39130,Weekday,False,Clear,False,0.0,False,False,0.916,Severe,12.3,64.4,516.3,0.228,0.527,0.947,Heavy congestion detected - signal timing extended and reroute suggested
EVT425901,2025-08-13 11:25:26,Sports Fixture,J020,Malleshwaram Circle,24021,Weekday,False,Light Rain,True,4.4,False,False,0.512,Moderate,22.4,34.7,317.9,0.211,0.488,0.93,Light rain detected - minor speed reduction advised
EVT425902,2026-01-05 08:43:48,Trade Fair,J040,City Market,14005,Weekday,False,Clear,False,0.0,False,False,1.0,Severe,8.0,73.0,197.4,0.073,0.17,0.918,Heavy congestion detected - signal timing extended and reroute suggested
EVT425903,2025-04-05 16:48:40,Political Rally,J009,Majestic,9856,Weekend,False,Clear,False,0.0,False,False,0.721,High,15.7,59.8,382.1,0.18,0.416,0.973,Moderate traffic flow - standard adaptive signal timing in effect
EVT425904,2026-04-15 15:13:22,Religious Festival,J030,MG Road,47989,Weekday,True,Clear,False,0.0,False,True,0.933,Severe,11.1,88.9,667.9,0.288,0.665,0.843,Road closure for event/procession - full detour recommended for through-traffic
EVT425905,2025-02-24 15:18:28,Local Market Day,J011,Indiranagar 100ft Road,4582,Weekday,False,Clear,False,0.0,False,False,0.228,Low,39.3,19.4,185.3,0.196,0.452,0.958,Normal free-flow traffic - standard signal timing maintained
EVT425906,2026-03-29 17:55:34,Sports Fixture,J040,City Market,26506,Weekend,False,Clear,False,0.0,False,False,0.953,Severe,9.1,64.0,248.6,0.095,0.218,0.932,Heavy congestion detected - signal timing extended and reroute suggested
EVT425907,2026-05-30 09:24:20,Trade Fair,J023,Basavanagudi,11973,Weekend,False,Clear,False,0.0,False,False,0.913,Severe,14.0,63.7,356.8,0.206,0.476,0.924,Heavy congestion detected - signal timing extended and reroute suggested
EVT425908,2026-01-01 15:07:06,Cultural Procession,J020,Malleshwaram Circle,17775,Weekday,True,Clear,False,0.0,False,True,0.733,High,14.4,71.8,432.7,0.216,0.5,0.887,Road closure for event/procession - full detour recommended for through-traffic
EVT425909,2026-06-02 17:21:08,Trade Fair,J011,Indiranagar 100ft Road,7056,Weekday,False,Clear,False,0.0,False,False,0.868,Severe,11.5,64.8,462.8,0.228,0.527,0.934,Heavy congestion detected - signal timing extended and reroute suggested
EVT425910,2026-05-09 09:39:55,Local Market Day,J023,Basavanagudi,3578,Weekend,False,Rain,True,12.9,False,False,0.956,Severe,8.7,73.6,761.4,0.25,0.578,0.904,Heavy rain reducing visibility and grip - reduced speed and longer buffer advised
EVT425911,2025-08-17 23:44:01,Trade Fair,J020,Malleshwaram Circle,6158,Weekend,False,Heavy Rain,True,28.8,False,False,0.551,High,26.6,37.0,114.5,0.111,0.257,0.91,Heavy rain reducing visibility and grip - reduced speed and longer buffer advised
EVT425912,2025-06-30 07:31:57,Concert,J040,City Market,9803,Weekday,False,Heavy Rain,True,63.9,False,False,1.0,Severe,8.7,67.8,879.3,0.272,0.628,0.844,Heavy rain reducing visibility and grip - reduced speed and longer buffer advised
EVT425913,2025-05-16 19:32:53,Trade Fair,J009,Majestic,10496,Weekday,False,Clear,False,0.0,False,False,0.908,Severe,9.0,65.8,175.9,0.069,0.16,0.926,Heavy congestion detected - signal timing extended and reroute suggested
EVT425914,2026-04-17 14:25:42,Local Market Day,J023,Basavanagudi,2833,Weekday,False,Rain,True,9.8,False,False,0.325,Low,21.4,25.5,261.9,0.139,0.321,0.9,Light rain detected - minor speed reduction advised
EVT425915,2026-01-28 15:16:15,Local Market Day,J031,Cubbon Road,3648,Weekday,False,Clear,False,0.0,False,False,0.263,Low,28.9,20.0,133.6,0.095,0.22,0.952,Moderate traffic flow - standard adaptive signal timing in effect
EVT425916,2025-04-29 22:07:27,Concert,J020,Malleshwaram Circle,11728,Weekday,False,Clear,False,0.0,False,False,0.345,Low,26.0,20.2,116.5,0.073,0.17,0.985,Moderate traffic flow - standard adaptive signal timing in effect
EVT425917,2025-03-13 10:32:30,Trade Fair,J012,Koramangala Sony World,16103,Weekday,False,Clear,False,0.0,False,False,0.581,High,23.5,38.1,251.8,0.182,0.42,0.952,Moderate traffic flow - standard adaptive signal timing in effect
EVT425918,2025-09-21 11:39:18,Trade Fair,J020,Malleshwaram Circle,6087,Weekend,False,Clear,False,0.0,False,False,0.337,Low,27.2,25.6,133.2,0.089,0.206,0.99,Moderate traffic flow - standard adaptive signal timing in effect
EVT425919,2026-06-14 13:12:39,Political Rally,J031,Cubbon Road,13736,Weekend,False,Clear,False,0.0,False,False,0.214,Low,39.8,12.5,107.7,0.126,0.292,0.99,Normal free-flow traffic - standard signal timing maintained
EVT425920,2025-09-18 18:37:44,Political Rally,J031,Cubbon Road,14800,Weekday,False,Rain,True,13.8,False,False,1.0,Severe,8.8,74.5,841.9,0.303,0.701,0.866,Heavy rain reducing visibility and grip - reduced speed and longer buffer advised
EVT425921,2025-02-22 16:31:11,Concert,J040,City Market,11985,Weekend,False,Clear,False,0.0,False,False,0.596,High,20.7,40.8,272.5,0.188,0.435,0.957,Moderate traffic flow - standard adaptive signal timing in effect
EVT425922,2026-06-26 15:29:56,Local Market Day,J040,City Market,5082,Weekday,False,Clear,False,0.0,False,False,0.359,Moderate,26.5,26.3,140.6,0.107,0.248,0.947,Moderate traffic flow - standard adaptive signal timing in effect
EVT425923,2025-12-07 03:41:36,Trade Fair,J030,MG Road,10189,Weekend,False,Clear,False,0.0,False,False,0.265,Low,32.4,21.8,126.2,0.116,0.268,0.949,Moderate traffic flow - standard adaptive signal timing in effect
EVT425924,2025-03-26 09:40:58,Concert,J023,Basavanagudi,9545,Weekday,False,Clear,False,0.0,False,False,0.979,Severe,8.0,71.4,680.8,0.2,0.463,0.95,Heavy congestion detected - signal timing extended and reroute suggested
EVT425925,2025-12-10 19:32:30,Concert,J030,MG Road,12243,Weekday,False,Clear,False,0.0,False,False,1.0,Severe,6.5,71.4,609.2,0.159,0.367,0.918,Heavy congestion detected - signal timing extended and reroute suggested
EVT425926,2026-03-25 09:36:59,Trade Fair,J009,Majestic,10381,Weekday,False,Clear,False,0.0,False,False,0.955,Severe,9.3,68.1,496.1,0.198,0.458,0.943,Heavy congestion detected - signal timing extended and reroute suggested
EVT425927,2025-11-01 14:38:23,Cultural Procession,J040,City Market,9410,Weekend,True,Clear,False,0.0,False,False,0.514,Moderate,21.1,35.2,316.9,0.2,0.461,0.927,Festival crowd surge detected - alternate route and extended cycle recommended
EVT425928,2025-09-20 08:55:00,Local Market Day,J030,MG Road,3242,Weekend,False,Clear,False,0.0,False,False,0.792,Severe,19.2,60.6,305.4,0.181,0.418,0.947,Heavy congestion detected - signal timing extended and reroute suggested
EVT425929,2025-09-17 16:23:22,Sports Fixture,J009,Majestic,17862,Weekday,False,Clear,False,0.0,False,False,0.612,High,23.7,48.7,268.3,0.175,0.404,0.99,Moderate traffic flow - standard adaptive signal timing in effect
EVT425930,2026-01-04 18:30:01,Sports Fixture,J020,Malleshwaram Circle,21140,Weekend,False,Clear,False,0.0,False,False,0.926,Severe,10.9,65.7,570.4,0.224,0.517,0.915,Heavy congestion detected - signal timing extended and reroute suggested
EVT425931,2025-03-23 08:01:35,Trade Fair,J040,City Market,8450,Weekend,False,Clear,False,0.0,False,False,0.724,High,15.5,47.6,405.1,0.207,0.478,0.96,Moderate traffic flow - standard adaptive signal timing in effect
EVT425932,2026-06-01 04:12:18,Local Market Day,J009,Majestic,5137,Weekday,False,Clear,False,0.0,False,False,0.144,Low,36.9,15.0,149.3,0.119,0.274,0.96,Normal free-flow traffic - standard signal timing maintained
EVT425933,2025-07-26 18:12:04,Political Rally,J009,Majestic,21047,Weekend,False,Light Rain,True,6.7,False,False,0.973,Severe,8.1,72.8,672.7,0.235,0.543,0.86,Heavy rain reducing visibility and grip - reduced speed and longer buffer advised
EVT425934,2025-11-15 16:05:31,Local Market Day,J030,MG Road,8079,Weekend,False,Clear,False,0.0,False,False,0.487,Moderate,22.8,29.2,174.4,0.115,0.267,0.973,Moderate traffic flow - standard adaptive signal timing in effect
EVT425935,2026-05-06 11:21:08,Local Market Day,J030,MG Road,2492,Weekday,False,Clear,False,0.0,False,False,0.3,Low,33.1,21.0,139.9,0.127,0.293,0.941,Moderate traffic flow - standard adaptive signal timing in effect
EVT425936,2025-01-30 11:07:40,Sports Fixture,J023,Basavanagudi,18894,Weekday,False,Clear,False,0.0,False,False,0.531,Moderate,22.3,33.3,254.0,0.162,0.374,0.953,Moderate traffic flow - standard adaptive signal timing in effect
EVT425937,2025-03-01 08:45:55,Concert,J030,MG Road,10433,Weekend,False,Clear,False,0.0,False,False,0.901,Severe,9.0,61.4,536.7,0.194,0.449,0.936,Heavy congestion detected - signal timing extended and reroute suggested
EVT425938,2026-04-07 05:06:12,Sports Fixture,J030,MG Road,20619,Weekday,False,Clear,False,0.0,False,False,0.231,Low,31.5,19.5,165.5,0.137,0.316,0.987,Normal free-flow traffic - standard signal timing maintained
EVT425939,2025-09-02 11:34:02,Local Market Day,J031,Cubbon Road,2880,Weekday,False,Heavy Rain,True,26.7,False,False,0.62,High,18.8,43.6,331.2,0.197,0.456,0.916,Heavy rain reducing visibility and grip - reduced speed and longer buffer advised
EVT425940,2025-01-05 19:02:36,Local Market Day,J040,City Market,3943,Weekend,False,Light Rain,True,1.8,False,False,0.84,Severe,15.0,55.5,397.9,0.217,0.5,0.899,Heavy rain reducing visibility and grip - reduced speed and longer buffer advised
EVT425941,2026-03-12 20:20:25,Local Market Day,J030,MG Road,3676,Weekday,False,Clear,False,0.0,False,False,0.646,High,16.2,52.2,388.7,0.2,0.462,0.942,Moderate traffic flow - standard adaptive signal timing in effect
EVT425942,2026-03-13 20:33:31,Sports Fixture,J040,City Market,22267,Weekday,False,Clear,False,0.0,False,False,0.69,High,21.5,46.2,328.2,0.25,0.577,0.958,Moderate traffic flow - standard adaptive signal timing in effect
EVT425943,2026-03-19 10:44:10,Religious Festival,J031,Cubbon Road,43201,Weekday,True,Clear,False,0.0,False,False,1.0,Severe,8.9,76.3,297.2,0.108,0.25,0.856,Festival crowd surge detected - alternate route and extended cycle recommended
EVT425944,2026-02-11 14:24:37,Trade Fair,J011,Indiranagar 100ft Road,13925,Weekday,False,Clear,False,0.0,False,False,0.28,Low,29.0,19.8,77.2,0.055,0.127,0.955,Moderate traffic flow - standard adaptive signal timing in effect
EVT425945,2026-02-12 17:30:47,Concert,J009,Majestic,17779,Weekday,False,Clear,False,0.0,False,False,0.976,Severe,7.6,65.8,294.8,0.12,0.277,0.929,Heavy congestion detected - signal timing extended and reroute suggested
EVT425946,2025-07-25 16:14:39,Sports Fixture,J020,Malleshwaram Circle,11291,Weekday,False,Heavy Rain,True,29.8,False,False,0.771,Severe,13.3,57.3,523.5,0.233,0.538,0.913,Heavy rain reducing visibility and grip - reduced speed and longer buffer advised
EVT425947,2026-01-29 21:50:40,Political Rally,J031,Cubbon Road,19770,Weekday,False,Clear,False,0.0,False,False,0.442,Moderate,24.1,34.1,160.9,0.099,0.229,0.978,Moderate traffic flow - standard adaptive signal timing in effect
EVT425948,2025-05-27 09:25:09,Sports Fixture,J040,City Market,15373,Weekday,False,Clear,False,0.0,False,False,1.0,Severe,6.6,75.5,1020.8,0.267,0.617,0.924,Heavy congestion detected - signal timing extended and reroute suggested
EVT425949,2025-02-15 16:59:09,Concert,J030,MG Road,11987,Weekend,False,Clear,False,0.0,False,False,0.703,High,21.3,51.6,334.5,0.208,0.48,0.968,Moderate traffic flow - standard adaptive signal timing in effect
EVT425950,2026-06-09 19:15:26,Political Rally,J012,Koramangala Sony World,13625,Weekday,False,Clear,False,0.0,False,False,1.0,Severe,6.4,71.3,423.1,0.125,0.288,0.905,Heavy congestion detected - signal timing extended and reroute suggested
EVT425951,2026-03-07 15:10:52,Concert,J012,Koramangala Sony World,9052,Weekend,False,Clear,False,0.0,False,False,0.387,Moderate,34.4,25.9,148.1,0.165,0.382,0.986,Moderate traffic flow - standard adaptive signal timing in effect
EVT425952,2025-01-30 08:24:54,Sports Fixture,J020,Malleshwaram Circle,28433,Weekday,False,Clear,False,0.0,False,False,1.0,Severe,8.2,65.5,382.3,0.151,0.349,0.924,Heavy congestion detected - signal timing extended and reroute suggested
EVT425953,2025-01-01 17:02:07,Sports Fixture,J031,Cubbon Road,14716,Weekday,False,Clear,False,0.0,False,False,0.834,Severe,12.2,59.1,224.2,0.101,0.234,0.942,Heavy congestion detected - signal timing extended and reroute suggested
EVT425954,2025-05-04 11:24:18,Concert,J012,Koramangala Sony World,8912,Weekend,False,Clear,False,0.0,False,False,0.422,Moderate,27.4,26.0,122.2,0.101,0.234,0.985,Moderate traffic flow - standard adaptive signal timing in effect
EVT425955,2025-07-01 08:18:05,Local Market Day,J012,Koramangala Sony World,7257,Weekday,False,Light Rain,True,5.2,False,False,1.0,Severe,8.3,73.5,612.7,0.215,0.497,0.848,Heavy rain reducing visibility and grip - reduced speed and longer buffer advised
EVT425956,2026-05-13 12:46:22,Local Market Day,J012,Koramangala Sony World,6639,Weekday,False,Clear,False,0.0,False,False,0.185,Low,43.0,14.9,96.5,0.103,0.239,0.978,Normal free-flow traffic - standard signal timing maintained
EVT425957,2025-03-15 08:36:00,Religious Festival,J011,Indiranagar 100ft Road,64974,Weekend,True,Clear,False,0.0,False,True,1.0,Severe,5.9,100.6,574.8,0.181,0.418,0.824,Road closure for event/procession - full detour recommended for through-traffic
EVT425958,2025-01-11 19:11:46,Local Market Day,J011,Indiranagar 100ft Road,3670,Weekend,False,Clear,False,0.0,False,False,0.749,High,13.7,50.5,177.0,0.084,0.193,0.951,Moderate traffic flow - standard adaptive signal timing in effect
EVT425959,2025-10-16 08:52:47,Concert,J030,MG Road,12162,Weekday,False,Clear,False,0.0,False,False,1.0,Severe,10.7,72.5,428.2,0.196,0.452,0.926,Heavy congestion detected - signal timing extended and reroute suggested
EVT425960,2025-04-05 08:18:21,Political Rally,J040,City Market,16751,Weekend,False,Clear,False,0.0,False,False,0.877,Severe,8.3,61.4,491.5,0.18,0.416,0.947,Heavy congestion detected - signal timing extended and reroute suggested
EVT425961,2025-05-09 16:49:00,Concert,J011,Indiranagar 100ft Road,9582,Weekday,False,Clear,False,0.0,False,False,0.657,High,19.6,47.9,197.5,0.12,0.277,0.97,Moderate traffic flow - standard adaptive signal timing in effect
EVT425962,2026-05-18 16:55:34,Sports Fixture,J011,Indiranagar 100ft Road,27307,Weekday,False,Clear,False,0.0,False,False,0.81,Severe,13.4,59.5,291.2,0.143,0.33,0.964,Heavy congestion detected - signal timing extended and reroute suggested
EVT425963,2026-02-13 18:28:20,Concert,J031,Cubbon Road,11211,Weekday,False,Fog,False,0.0,False,False,1.0,Severe,8.6,71.3,195.6,0.088,0.202,0.899,Heavy congestion detected - signal timing extended and reroute suggested
EVT425964,2025-02-07 21:06:54,Sports Fixture,J012,Koramangala Sony World,9197,Weekday,False,Clear,False,0.0,False,False,0.397,Moderate,28.2,22.5,129.2,0.098,0.226,0.975,Moderate traffic flow - standard adaptive signal timing in effect
EVT425965,2025-06-09 10:03:39,Concert,J011,Indiranagar 100ft Road,14244,Weekday,False,Fog,False,0.0,False,False,0.836,Severe,13.3,59.1,319.2,0.164,0.378,0.962,Heavy congestion detected - signal timing extended and reroute suggested
EVT425966,2025-06-07 15:08:02,Political Rally,J020,Malleshwaram Circle,16637,Weekend,False,Clear,False,0.0,False,False,0.382,Moderate,33.8,27.9,85.0,0.073,0.169,0.985,Moderate traffic flow - standard adaptive signal timing in effect
EVT425967,2026-01-11 10:14:00,Local Market Day,J009,Majestic,2537,Weekend,False,Clear,False,0.0,False,False,0.706,High,15.5,53.7,263.9,0.13,0.3,0.985,Moderate traffic flow - standard adaptive signal timing in effect
EVT425968,2025-02-19 06:15:57,Trade Fair,J031,Cubbon Road,9208,Weekday,False,Clear,False,0.0,False,False,0.35,Moderate,32.5,27.8,187.4,0.16,0.37,0.952,Moderate traffic flow - standard adaptive signal timing in effect
EVT425969,2026-03-15 17:47:30,Local Market Day,J009,Majestic,5289,Weekend,False,Clear,False,0.0,False,False,0.817,Severe,14.0,55.1,375.8,0.181,0.417,0.951,Heavy congestion detected - signal timing extended and reroute suggested
EVT425970,2025-10-14 13:16:05,Local Market Day,J012,Koramangala Sony World,6009,Weekday,False,Heavy Rain,True,59.5,False,False,0.483,Moderate,26.5,30.8,171.7,0.132,0.306,0.913,Light rain detected - minor speed reduction advised
EVT425971,2025-11-04 07:59:31,Sports Fixture,J020,Malleshwaram Circle,13031,Weekday,False,Clear,False,0.0,False,False,0.801,Severe,15.1,53.0,319.8,0.152,0.351,0.937,Heavy congestion detected - signal timing extended and reroute suggested
EVT425972,2025-10-20 07:20:27,Religious Festival,J011,Indiranagar 100ft Road,60444,Weekday,True,Clear,False,0.0,False,True,1.0,Severe,9.2,101.4,406.8,0.169,0.391,0.838,Road closure for event/procession - full detour recommended for through-traffic
EVT425973,2025-07-07 06:50:00,Concert,J040,City Market,10372,Weekday,False,Clear,False,0.0,False,False,0.39,Moderate,37.5,31.1,121.6,0.118,0.273,0.968,Moderate traffic flow - standard adaptive signal timing in effect
EVT425974,2026-06-15 18:56:21,Concert,J011,Indiranagar 100ft Road,14085,Weekday,False,Fog,False,0.0,False,False,1.0,Severe,10.0,73.9,403.1,0.164,0.379,0.939,Heavy congestion detected - signal timing extended and reroute suggested
EVT425975,2026-01-08 14:07:48,Local Market Day,J011,Indiranagar 100ft Road,3358,Weekday,False,Clear,False,0.0,False,False,0.17,Low,31.3,17.8,145.9,0.12,0.277,0.982,Normal free-flow traffic - standard signal timing maintained
EVT425976,2025-02-20 19:13:00,Local Market Day,J009,Majestic,4920,Weekday,False,Clear,False,0.0,False,False,0.973,Severe,9.4,67.9,449.7,0.178,0.412,0.925,Heavy congestion detected - signal timing extended and reroute suggested
EVT425977,2025-07-02 21:20:11,Concert,J020,Malleshwaram Circle,14682,Weekday,False,Clear,False,0.0,False,False,0.399,Moderate,28.6,27.2,188.2,0.144,0.333,0.972,Moderate traffic flow - standard adaptive signal timing in effect
EVT425978,2025-01-13 06:28:51,Local Market Day,J011,Indiranagar 100ft Road,3489,Weekday,False,Clear,False,0.0,False,False,0.305,Low,24.4,19.4,150.8,0.106,0.245,0.979,Moderate traffic flow - standard adaptive signal timing in effect
EVT425979,2025-01-03 18:39:12,Local Market Day,J009,Majestic,2772,Weekday,False,Clear,False,0.0,False,False,0.97,Severe,7.6,71.8,545.9,0.16,0.371,0.918,Heavy congestion detected - signal timing extended and reroute suggested
EVT425980,2025-10-22 13:20:25,Cultural Procession,J011,Indiranagar 100ft Road,32819,Weekday,True,Clear,False,0.0,False,True,0.687,Moderate,18.1,74.0,229.4,0.121,0.28,0.879,Road closure for event/procession - full detour recommended for through-traffic
EVT425981,2025-09-04 21:23:15,Concert,J031,Cubbon Road,9060,Weekday,False,Clear,False,0.0,False,False,0.365,Moderate,29.8,27.3,127.8,0.104,0.239,0.931,Moderate traffic flow - standard adaptive signal timing in effect
EVT425982,2025-10-04 10:53:26,Sports Fixture,J031,Cubbon Road,38485,Weekend,False,Clear,False,0.0,False,False,0.625,High,19.6,44.6,293.8,0.195,0.45,0.975,Moderate traffic flow - standard adaptive signal timing in effect
EVT425983,2025-01-12 14:27:26,Sports Fixture,J031,Cubbon Road,17651,Weekend,False,Clear,False,0.0,False,False,0.272,Low,25.0,18.5,190.3,0.134,0.31,0.984,Moderate traffic flow - standard adaptive signal timing in effect
EVT425984,2026-04-19 15:21:48,Sports Fixture,J031,Cubbon Road,30501,Weekend,False,Clear,False,0.0,False,False,0.429,Moderate,24.2,33.2,210.0,0.15,0.348,0.981,Moderate traffic flow - standard adaptive signal timing in effect
EVT425985,2026-01-03 07:51:57,Trade Fair,J023,Basavanagudi,9202,Weekend,False,Clear,False,0.0,False,False,0.687,High,17.0,62.1,349.3,0.187,0.431,0.963,Moderate traffic flow - standard adaptive signal timing in effect
EVT425986,2025-02-06 20:05:55,Sports Fixture,J011,Indiranagar 100ft Road,18705,Weekday,False,Clear,False,0.0,False,False,0.757,Severe,17.0,55.8,281.3,0.147,0.339,0.958,Heavy congestion detected - signal timing extended and reroute suggested
EVT425987,2026-03-19 17:12:22,Religious Festival,J031,Cubbon Road,41070,Weekday,True,Clear,False,0.0,False,True,1.0,Severe,6.8,97.5,635.8,0.206,0.475,0.847,Road closure for event/procession - full detour recommended for through-traffic
EVT425988,2026-03-27 13:52:33,Religious Festival,J023,Basavanagudi,23854,Weekday,True,Clear,False,0.0,False,False,0.503,Moderate,19.5,36.8,146.4,0.107,0.246,0.902,Festival crowd surge detected - alternate route and extended cycle recommended
EVT425989,2025-03-22 17:40:44,Political Rally,J040,City Market,9490,Weekend,False,Light Rain,True,6.3,False,False,0.92,Severe,12.9,64.7,242.5,0.125,0.289,0.854,Heavy rain reducing visibility and grip - reduced speed and longer buffer advised
EVT425990,2026-06-11 13:31:55,Local Market Day,J009,Majestic,3861,Weekday,False,Clear,False,0.0,False,False,0.172,Low,34.5,5.3,182.1,0.155,0.358,0.984,Normal free-flow traffic - standard signal timing maintained
EVT425991,2025-10-12 04:21:07,Sports Fixture,J009,Majestic,38156,Weekend,False,Clear,False,0.0,False,False,0.417,Moderate,23.8,32.8,246.2,0.163,0.376,0.958,Moderate traffic flow - standard adaptive signal timing in effect
EVT425992,2026-03-21 08:58:13,Local Market Day,J011,Indiranagar 100ft Road,6243,Weekend,False,Clear,False,0.0,False,False,0.854,Severe,11.8,60.8,149.6,0.078,0.181,0.928,Heavy congestion detected - signal timing extended and reroute suggested
EVT425993,2026-01-26 08:06:18,Cultural Procession,J009,Majestic,11608,Weekday,True,Clear,False,0.0,False,True,1.0,Severe,9.1,99.2,757.6,0.263,0.608,0.844,Road closure for event/procession - full detour recommended for through-traffic
EVT425994,2025-10-05 23:44:14,Sports Fixture,J030,MG Road,13822,Weekend,False,Rain,True,13.4,False,False,0.482,Moderate,22.6,33.5,191.3,0.114,0.264,0.931,Light rain detected - minor speed reduction advised
EVT425995,2025-02-10 06:08:53,Sports Fixture,J040,City Market,21233,Weekday,False,Clear,False,0.0,False,False,0.345,Low,32.0,21.5,142.4,0.124,0.287,0.97,Moderate traffic flow - standard adaptive signal timing in effect
EVT425996,2025-08-15 13:47:44,Religious Festival,J012,Koramangala Sony World,100628,Weekday,True,Heavy Rain,True,83.9,False,True,1.0,Severe,8.4,103.6,458.4,0.188,0.434,0.763,Road closure for event/procession - full detour recommended for through-traffic
EVT425997,2026-03-21 17:14:53,Sports Fixture,J012,Koramangala Sony World,30929,Weekend,False,Clear,False,0.0,False,False,0.804,Severe,12.2,56.7,389.8,0.18,0.416,0.953,Heavy congestion detected - signal timing extended and reroute suggested
EVT425998,2025-05-11 08:28:54,Trade Fair,J030,MG Road,5954,Weekend,False,Clear,False,0.0,False,False,0.773,Severe,14.5,57.6,296.8,0.162,0.375,0.978,Heavy congestion detected - signal timing extended and reroute suggested
EVT425999,2025-04-25 21:59:15,Sports Fixture,J031,Cubbon Road,54759,Weekday,False,Clear,False,0.0,False,False,0.513,Moderate,20.6,29.9,246.7,0.159,0.367,0.964,Moderate traffic flow - standard adaptive signal timing in effect
EVT426000,2025-02-20 06:07:08,Sports Fixture,J030,MG Road,39772,Weekday,False,Clear,False,0.0,False,False,0.426,Moderate,24.6,35.8,202.6,0.136,0.315,0.978,Moderate traffic flow - standard adaptive signal timing in effect
EVT426001,2026-01-03 14:11:36,Sports Fixture,J011,Indiranagar 100ft Road,15905,Weekend,False,Clear,False,0.0,False,False,0.352,Moderate,33.7,24.3,179.6,0.164,0.379,0.99,Moderate traffic flow - standard adaptive signal timing in effect
EVT426002,2026-01-19 15:12:07,Trade Fair,J040,City Market,7250,Weekday,False,Clear,False,0.0,False,False,0.346,Low,32.6,23.3,151.4,0.146,0.338,0.961,Moderate traffic flow - standard adaptive signal timing in effect
EVT426003,2025-09-11 20:52:27,Political Rally,J012,Koramangala Sony World,11513,Weekday,False,Light Rain,True,6.9,False,False,0.615,High,21.7,44.1,283.0,0.197,0.454,0.904,Heavy rain reducing visibility and grip - reduced speed and longer buffer advised
EVT426004,2025-11-26 17:45:56,Trade Fair,J030,MG Road,5323,Weekday,False,Rain,True,22.0,False,False,1.0,Severe,7.8,66.2,768.6,0.256,0.592,0.851,Heavy rain reducing visibility and grip - reduced speed and longer buffer advised
EVT426005,2026-01-04 19:15:22,Local Market Day,J009,Majestic,4276,Weekend,False,Clear,False,0.0,False,False,0.83,Severe,16.6,58.9,444.2,0.249,0.575,0.976,Heavy congestion detected - signal timing extended and reroute suggested
EVT426006,2025-09-17 08:36:29,Concert,J012,Koramangala Sony World,15239,Weekday,False,Light Rain,True,4.5,False,False,1.0,Severe,7.4,71.2,523.9,0.17,0.393,0.888,Heavy rain reducing visibility and grip - reduced speed and longer buffer advised
EVT426007,2026-04-15 08:07:35,Fireworks Display,J012,Koramangala Sony World,18304,Weekday,True,Rain,True,9.3,False,False,1.0,Severe,8.9,67.8,723.2,0.262,0.606,0.823,Festival crowd surge detected - alternate route and extended cycle recommended
EVT426008,2025-12-03 10:41:45,Local Market Day,J031,Cubbon Road,8400,Weekday,False,Clear,False,0.0,False,False,0.628,High,22.0,47.5,250.1,0.174,0.403,0.989,Moderate traffic flow - standard adaptive signal timing in effect
EVT426009,2025-05-21 10:18:05,Political Rally,J040,City Market,16339,Weekday,False,Light Rain,True,1.2,True,False,1.0,Severe,8.9,76.9,472.9,0.184,0.426,0.706,Accident detected nearby - reroute and reduced speed advised
EVT426010,2026-05-28 15:10:28,Sports Fixture,J030,MG Road,21288,Weekday,False,Clear,False,0.0,False,False,0.459,Moderate,28.8,31.6,155.7,0.138,0.318,0.968,Moderate traffic flow - standard adaptive signal timing in effect
EVT426011,2026-05-13 17:33:51,Local Market Day,J020,Malleshwaram Circle,3080,Weekday,False,Clear,False,0.0,False,False,0.885,Severe,14.0,61.7,238.7,0.126,0.29,0.95,Heavy congestion detected - signal timing extended and reroute suggested
EVT426012,2025-08-30 12:03:32,Trade Fair,J011,Indiranagar 100ft Road,9418,Weekend,False,Clear,False,0.0,False,False,0.287,Low,25.7,19.1,131.7,0.112,0.26,0.99,Moderate traffic flow - standard adaptive signal timing in effect
EVT426013,2025-05-06 18:47:52,Local Market Day,J011,Indiranagar 100ft Road,3392,Weekday,False,Clear,False,0.0,False,False,1.0,Severe,7.4,75.1,977.3,0.258,0.596,0.899,Heavy congestion detected - signal timing extended and reroute suggested
EVT426014,2026-04-12 14:05:59,Local Market Day,J030,MG Road,4775,Weekend,False,Clear,False,0.0,False,False,0.289,Low,26.3,20.5,212.1,0.138,0.318,0.946,Moderate traffic flow - standard adaptive signal timing in effect
EVT426015,2025-01-20 16:22:35,Local Market Day,J012,Koramangala Sony World,4998,Weekday,False,Clear,False,0.0,False,False,0.522,Moderate,29.3,39.4,207.5,0.188,0.434,0.978,Moderate traffic flow - standard adaptive signal timing in effect
EVT426016,2025-02-05 09:01:11,Political Rally,J031,Cubbon Road,16252,Weekday,False,Clear,False,0.0,False,False,1.0,Severe,8.2,73.8,638.1,0.239,0.551,0.899,Heavy congestion detected - signal timing extended and reroute suggested
EVT426017,2025-12-12 06:44:25,Trade Fair,J031,Cubbon Road,10245,Weekday,False,Clear,False,0.0,False,False,0.389,Moderate,34.0,18.4,129.3,0.13,0.301,0.966,Moderate traffic flow - standard adaptive signal timing in effect
EVT426018,2025-01-04 16:00:03,Trade Fair,J011,Indiranagar 100ft Road,10762,Weekend,False,Clear,False,0.0,False,False,0.472,Moderate,25.1,25.9,218.3,0.173,0.4,0.953,Moderate traffic flow - standard adaptive signal timing in effect
EVT426019,2025-10-25 17:56:24,Sports Fixture,J023,Basavanagudi,19551,Weekend,False,Clear,False,0.0,False,False,0.932,Severe,10.2,65.8,750.3,0.291,0.671,0.939,Heavy congestion detected - signal timing extended and reroute suggested
EVT426020,2025-12-10 21:38:12,Local Market Day,J031,Cubbon Road,3047,Weekday,False,Clear,False,0.0,False,False,0.236,Low,30.9,23.8,134.2,0.081,0.186,0.964,Normal free-flow traffic - standard signal timing maintained
EVT426021,2025-04-01 09:10:04,Trade Fair,J023,Basavanagudi,8422,Weekday,False,Clear,False,0.0,False,False,1.0,Severe,10.8,68.5,453.9,0.217,0.5,0.951,Heavy congestion detected - signal timing extended and reroute suggested
EVT426022,2026-01-16 12:25:17,Political Rally,J031,Cubbon Road,17314,Weekday,False,Clear,False,0.0,False,False,0.37,Moderate,28.1,26.4,224.1,0.19,0.44,0.943,Moderate traffic flow - standard adaptive signal timing in effect
EVT426023,2025-03-21 11:21:28,Local Market Day,J040,City Market,7596,Weekday,False,Clear,False,0.0,False,False,0.343,Low,28.8,24.5,209.9,0.139,0.321,0.986,Moderate traffic flow - standard adaptive signal timing in effect
EVT426024,2025-08-22 08:52:49,Local Market Day,J011,Indiranagar 100ft Road,4739,Weekday,False,Clear,False,0.0,False,False,1.0,Severe,9.6,70.3,367.2,0.148,0.342,0.9,Heavy congestion detected - signal timing extended and reroute suggested
EVT426025,2026-04-16 08:10:19,Concert,J020,Malleshwaram Circle,10743,Weekday,False,Clear,False,0.0,False,False,0.889,Severe,13.4,67.8,335.2,0.158,0.364,0.956,Heavy congestion detected - signal timing extended and reroute suggested
EVT426026,2025-01-20 20:01:15,Concert,J009,Majestic,14260,Weekday,False,Clear,False,0.0,False,False,0.791,Severe,13.5,54.7,557.6,0.259,0.598,0.973,Heavy congestion detected - signal timing extended and reroute suggested
EVT426027,2026-05-02 15:44:49,Cultural Procession,J020,Malleshwaram Circle,17365,Weekend,True,Clear,False,0.0,False,False,0.587,High,22.0,46.5,346.5,0.259,0.598,0.939,Festival crowd surge detected - alternate route and extended cycle recommended
EVT426028,2025-05-04 17:28:05,Sports Fixture,J023,Basavanagudi,20455,Weekend,False,Clear,False,0.0,False,False,0.821,Severe,12.6,62.1,491.4,0.214,0.493,0.943,Heavy congestion detected - signal timing extended and reroute suggested
EVT426029,2026-06-28 10:20:53,Trade Fair,J012,Koramangala Sony World,6665,Weekend,False,Heavy Rain,True,30.2,False,False,0.897,Severe,12.2,65.8,166.4,0.105,0.242,0.872,Heavy rain reducing visibility and grip - reduced speed and longer buffer advised
EVT426030,2025-08-25 13:19:52,Local Market Day,J023,Basavanagudi,4581,Weekday,False,Clear,False,0.0,False,False,0.197,Low,38.4,16.4,108.8,0.106,0.244,0.955,Normal free-flow traffic - standard signal timing maintained
EVT426031,2026-01-20 20:31:57,Local Market Day,J020,Malleshwaram Circle,1783,Weekday,False,Clear,False,0.0,False,False,0.54,Moderate,18.8,34.3,290.5,0.166,0.383,0.972,Moderate traffic flow - standard adaptive signal timing in effect
EVT426032,2025-11-07 08:15:01,Concert,J020,Malleshwaram Circle,13846,Weekday,False,Clear,False,0.0,False,False,0.922,Severe,11.2,65.0,379.1,0.177,0.408,0.95,Heavy congestion detected - signal timing extended and reroute suggested
EVT426033,2026-01-12 18:06:15,Concert,J012,Koramangala Sony World,11336,Weekday,False,Clear,False,0.0,False,False,1.0,Severe,9.7,74.9,556.7,0.206,0.476,0.899,Heavy congestion detected - signal timing extended and reroute suggested
EVT426034,2025-07-04 14:24:03,Sports Fixture,J040,City Market,19240,Weekday,False,Rain,True,9.1,False,False,0.448,Moderate,23.8,36.9,180.0,0.124,0.287,0.923,Light rain detected - minor speed reduction advised
EVT426035,2025-08-04 07:57:22,Local Market Day,J031,Cubbon Road,3913,Weekday,False,Heavy Rain,True,91.8,False,False,1.0,Severe,8.3,70.4,836.0,0.282,0.652,0.893,Heavy rain reducing visibility and grip - reduced speed and longer buffer advised
EVT426036,2025-09-21 12:07:37,Political Rally,J011,Indiranagar 100ft Road,14483,Weekend,False,Heavy Rain,True,94.5,False,False,0.756,Severe,16.9,53.5,450.1,0.245,0.566,0.94,Heavy rain reducing visibility and grip - reduced speed and longer buffer advised
EVT426037,2026-02-13 23:43:56,Local Market Day,J030,MG Road,7653,Weekday,False,Clear,False,0.0,False,False,0.121,Low,34.4,5.3,103.1,0.102,0.236,0.956,Normal free-flow traffic - standard signal timing maintained
EVT426038,2026-02-23 08:57:10,Local Market Day,J031,Cubbon Road,3798,Weekday,False,Clear,False,0.0,False,False,1.0,Severe,6.3,71.0,539.4,0.151,0.349,0.913,Heavy congestion detected - signal timing extended and reroute suggested
EVT426039,2026-06-02 05:17:45,Concert,J031,Cubbon Road,11715,Weekday,False,Clear,False,0.0,False,False,0.226,Low,35.9,20.1,46.7,0.052,0.12,0.965,Normal free-flow traffic - standard signal timing maintained
EVT426040,2025-05-24 17:09:15,Local Market Day,J023,Basavanagudi,3474,Weekend,False,Clear,False,0.0,False,False,0.677,High,20.6,46.1,194.8,0.138,0.32,0.971,Moderate traffic flow - standard adaptive signal timing in effect
EVT426041,2026-03-02 17:41:55,Trade Fair,J031,Cubbon Road,8446,Weekday,False,Clear,False,0.0,False,False,0.911,Severe,10.1,66.7,491.5,0.184,0.426,0.926,Heavy congestion detected - signal timing extended and reroute suggested
EVT426042,2025-04-07 08:59:01,Religious Festival,J040,City Market,70570,Weekday,True,Clear,False,0.0,False,False,1.0,Severe,8.0,73.8,652.4,0.213,0.491,0.87,Festival crowd surge detected - alternate route and extended cycle recommended
EVT426043,2025-09-05 07:28:05,Religious Festival,J031,Cubbon Road,58488,Weekday,True,Heavy Rain,True,25.9,False,True,1.0,Severe,8.5,95.4,471.4,0.178,0.41,0.787,Road closure for event/procession - full detour recommended for through-traffic
EVT426044,2025-02-13 16:57:55,Concert,J020,Malleshwaram Circle,7629,Weekday,False,Clear,False,0.0,False,False,0.658,High,18.9,44.7,255.3,0.159,0.366,0.933,Moderate traffic flow - standard adaptive signal timing in effect
EVT426045,2026-03-06 10:23:20,Local Market Day,J023,Basavanagudi,4391,Weekday,False,Clear,False,0.0,False,False,0.671,High,17.7,50.0,323.1,0.183,0.422,0.933,Moderate traffic flow - standard adaptive signal timing in effect
EVT426046,2025-06-10 08:11:09,Local Market Day,J020,Malleshwaram Circle,4013,Weekday,False,Clear,False,0.0,False,False,0.852,Severe,14.7,57.5,259.9,0.159,0.366,0.946,Heavy congestion detected - signal timing extended and reroute suggested
EVT426047,2025-11-24 16:58:56,Concert,J023,Basavanagudi,7157,Weekday,False,Light Rain,True,5.4,False,False,0.821,Severe,18.8,57.3,329.4,0.216,0.5,0.913,Heavy rain reducing visibility and grip - reduced speed and longer buffer advised
EVT426048,2025-10-10 21:07:56,Sports Fixture,J031,Cubbon Road,18308,Weekday,False,Clear,False,0.0,False,False,0.48,Moderate,24.5,32.4,186.3,0.134,0.308,0.965,Moderate traffic flow - standard adaptive signal timing in effect
EVT426049,2025-08-02 08:44:58,Sports Fixture,J031,Cubbon Road,15658,Weekend,False,Heavy Rain,True,51.1,False,False,1.0,Severe,10.2,78.6,366.1,0.158,0.364,0.855,Heavy rain reducing visibility and grip - reduced speed and longer buffer advised
EVT426050,2025-01-12 05:04:56,Local Market Day,J012,Koramangala Sony World,5300,Weekend,False,Clear,False,0.0,False,False,0.225,Low,34.0,17.3,131.7,0.109,0.251,0.984,Normal free-flow traffic - standard signal timing maintained
EVT426051,2025-08-13 09:07:56,Concert,J023,Basavanagudi,13084,Weekday,False,Rain,True,23.2,False,False,1.0,Severe,8.4,70.4,333.0,0.125,0.289,0.875,Heavy rain reducing visibility and grip - reduced speed and longer buffer advised
EVT426052,2025-07-03 17:35:41,Local Market Day,J040,City Market,2721,Weekday,False,Clear,False,0.0,False,False,0.88,Severe,12.2,58.2,541.7,0.239,0.553,0.899,Heavy congestion detected - signal timing extended and reroute suggested
EVT426053,2026-01-20 19:50:28,Sports Fixture,J040,City Market,30309,Weekday,False,Clear,False,0.0,False,False,0.922,Severe,9.7,67.1,621.8,0.239,0.553,0.952,Heavy congestion detected - signal timing extended and reroute suggested
EVT426054,2025-07-25 15:08:50,Local Market Day,J023,Basavanagudi,4019,Weekday,False,Rain,True,15.8,False,False,0.419,Moderate,26.2,26.1,151.3,0.124,0.286,0.921,Light rain detected - minor speed reduction advised
EVT426055,2026-01-11 18:01:30,Sports Fixture,J020,Malleshwaram Circle,54335,Weekend,False,Clear,False,0.0,False,False,1.0,Severe,8.4,64.5,511.2,0.196,0.453,0.933,Heavy congestion detected - signal timing extended and reroute suggested
EVT426056,2025-02-06 22:17:30,Political Rally,J030,MG Road,11636,Weekday,False,Clear,False,0.0,False,False,0.347,Low,36.7,25.9,178.8,0.158,0.364,0.982,Moderate traffic flow - standard adaptive signal timing in effect
EVT426057,2026-01-13 16:11:26,Trade Fair,J011,Indiranagar 100ft Road,14089,Weekday,False,Light Rain,True,3.6,False,False,0.578,High,24.7,36.7,258.6,0.192,0.443,0.924,Heavy rain reducing visibility and grip - reduced speed and longer buffer advised
EVT426058,2025-12-27 13:00:45,Local Market Day,J020,Malleshwaram Circle,3119,Weekend,False,Clear,False,0.0,False,False,0.165,Low,36.6,8.0,68.4,0.076,0.176,0.957,Normal free-flow traffic - standard signal timing maintained
EVT426059,2025-09-05 16:31:49,Religious Festival,J011,Indiranagar 100ft Road,32611,Weekday,True,Clear,False,0.0,False,True,1.0,Severe,9.5,104.9,557.0,0.221,0.511,0.84,Road closure for event/procession - full detour recommended for through-traffic
EVT426060,2025-04-23 19:16:07,Local Market Day,J031,Cubbon Road,3902,Weekday,False,Clear,False,0.0,False,False,0.885,Severe,10.7,62.6,705.7,0.279,0.645,0.943,Heavy congestion detected - signal timing extended and reroute suggested
EVT426061,2026-06-17 14:52:33,Trade Fair,J031,Cubbon Road,6208,Weekday,False,Heavy Rain,True,51.0,False,False,0.626,High,21.2,44.4,343.7,0.24,0.554,0.918,Heavy rain reducing visibility and grip - reduced speed and longer buffer advised
EVT426062,2025-10-18 12:56:57,Concert,J030,MG Road,8573,Weekend,False,Rain,True,19.8,False,False,0.517,Moderate,23.4,41.2,207.2,0.133,0.308,0.915,Light rain detected - minor speed reduction advised
EVT426063,2025-11-23 13:04:35,Sports Fixture,J040,City Market,13524,Weekend,False,Clear,False,0.0,False,False,0.306,Low,28.3,19.2,80.7,0.07,0.161,0.966,Moderate traffic flow - standard adaptive signal timing in effect
EVT426064,2025-04-16 14:21:36,Political Rally,J023,Basavanagudi,17923,Weekday,False,Fog,False,0.0,False,False,0.259,Low,36.1,17.5,106.6,0.09,0.209,0.965,Moderate traffic flow - standard adaptive signal timing in effect
EVT426065,2025-10-01 16:35:11,Concert,J020,Malleshwaram Circle,14816,Weekday,False,Clear,False,0.0,False,False,0.677,High,20.6,48.5,240.0,0.153,0.353,0.981,Moderate traffic flow - standard adaptive signal timing in effect
EVT426066,2026-03-10 04:05:54,Political Rally,J031,Cubbon Road,12768,Weekday,False,Clear,False,0.0,False,False,0.298,Low,27.3,16.0,283.4,0.197,0.454,0.99,Moderate traffic flow - standard adaptive signal timing in effect
EVT426067,2025-03-03 14:19:09,Local Market Day,J031,Cubbon Road,3657,Weekday,False,Clear,False,0.0,False,False,0.231,Low,23.1,24.5,204.0,0.117,0.271,0.948,Normal free-flow traffic - standard signal timing maintained
EVT426068,2026-04-21 18:51:46,Local Market Day,J011,Indiranagar 100ft Road,6992,Weekday,False,Clear,False,0.0,False,False,1.0,Severe,9.3,73.0,399.9,0.168,0.388,0.908,Heavy congestion detected - signal timing extended and reroute suggested
EVT426069,2025-11-20 17:29:45,Local Market Day,J009,Majestic,6035,Weekday,False,Clear,False,0.0,False,False,0.838,Severe,13.5,58.8,401.6,0.195,0.451,0.919,Heavy congestion detected - signal timing extended and reroute suggested
EVT426070,2026-06-08 09:32:52,Trade Fair,J009,Majestic,10748,Weekday,False,Clear,False,0.0,False,False,0.9,Severe,14.1,61.4,334.9,0.16,0.37,0.927,Heavy congestion detected - signal timing extended and reroute suggested
EVT426071,2025-07-24 19:41:36,Sports Fixture,J011,Indiranagar 100ft Road,20730,Weekday,False,Clear,False,0.0,False,False,0.956,Severe,10.2,67.9,500.4,0.198,0.458,0.925,Heavy congestion detected - signal timing extended and reroute suggested
EVT426072,2025-10-02 10:45:37,Cultural Procession,J031,Cubbon Road,10280,Weekday,True,Clear,False,0.0,False,True,0.935,Severe,8.8,97.5,607.2,0.216,0.498,0.859,Road closure for event/procession - full detour recommended for through-traffic
EVT426073,2025-12-14 16:53:06,Political Rally,J020,Malleshwaram Circle,15566,Weekend,False,Fog,False,0.0,False,False,0.713,High,14.7,53.0,200.4,0.101,0.234,0.961,Moderate traffic flow - standard adaptive signal timing in effect
EVT426074,2025-08-30 14:48:08,Trade Fair,J040,City Market,18003,Weekend,False,Clear,False,0.0,False,False,0.346,Low,28.5,24.2,135.0,0.099,0.228,0.957,Moderate traffic flow - standard adaptive signal timing in effect
EVT426075,2025-07-31 16:48:03,Trade Fair,J009,Majestic,9772,Weekday,False,Heavy Rain,True,31.0,False,False,1.0,Severe,8.2,69.0,546.8,0.185,0.426,0.849,Heavy rain reducing visibility and grip - reduced speed and longer buffer advised
EVT426076,2025-08-04 17:30:42,Local Market Day,J011,Indiranagar 100ft Road,4894,Weekday,False,Clear,False,0.0,False,False,0.919,Severe,11.0,64.9,404.8,0.181,0.418,0.948,Heavy congestion detected - signal timing extended and reroute suggested
EVT426077,2026-02-13 06:55:29,Local Market Day,J030,MG Road,3358,Weekday,False,Clear,False,0.0,False,False,0.423,Moderate,32.7,27.9,185.0,0.185,0.426,0.965,Moderate traffic flow - standard adaptive signal timing in effect
EVT426078,2025-01-05 16:10:41,Local Market Day,J040,City Market,5085,Weekend,False,Clear,False,0.0,False,False,0.503,Moderate,21.9,30.9,133.5,0.099,0.229,0.962,Moderate traffic flow - standard adaptive signal timing in effect
EVT426079,2025-08-19 10:57:46,Sports Fixture,J040,City Market,32651,Weekday,False,Clear,False,0.0,False,False,0.648,High,22.8,48.7,138.2,0.097,0.223,0.968,Moderate traffic flow - standard adaptive signal timing in effect
EVT426080,2025-01-06 04:53:23,Trade Fair,J030,MG Road,12525,Weekday,False,Clear,False,0.0,False,False,0.23,Low,33.4,13.4,137.8,0.124,0.286,0.956,Normal free-flow traffic - standard signal timing maintained
EVT426081,2026-04-07 17:36:44,Political Rally,J023,Basavanagudi,7842,Weekday,False,Light Rain,True,1.5,False,False,0.939,Severe,11.6,64.8,490.0,0.226,0.522,0.873,Heavy rain reducing visibility and grip - reduced speed and longer buffer advised
EVT426082,2025-10-29 15:49:46,Local Market Day,J030,MG Road,5755,Weekday,False,Clear,False,0.0,False,False,0.382,Moderate,28.3,24.8,101.8,0.075,0.172,0.952,Moderate traffic flow - standard adaptive signal timing in effect
EVT426083,2025-03-10 16:24:57,Trade Fair,J031,Cubbon Road,6039,Weekday,False,Clear,False,0.0,False,False,0.532,Moderate,28.1,40.0,183.2,0.155,0.358,0.962,Moderate traffic flow - standard adaptive signal timing in effect
EVT426084,2025-08-24 19:58:18,Trade Fair,J023,Basavanagudi,7588,Weekend,False,Clear,False,0.0,False,False,0.731,High,15.9,50.8,172.0,0.079,0.183,0.934,Moderate traffic flow - standard adaptive signal timing in effect
EVT426085,2026-05-10 18:09:32,Sports Fixture,J011,Indiranagar 100ft Road,21563,Weekend,False,Clear,False,0.0,False,False,1.0,Severe,7.9,69.8,702.2,0.23,0.532,0.91,Heavy congestion detected - signal timing extended and reroute suggested
EVT426086,2025-04-05 12:30:58,Political Rally,J040,City Market,18193,Weekend,False,Clear,False,0.0,False,False,0.472,Moderate,25.4,29.2,200.7,0.162,0.374,0.956,Moderate traffic flow - standard adaptive signal timing in effect
EVT426087,2025-12-12 19:09:39,Trade Fair,J031,Cubbon Road,14326,Weekday,False,Clear,False,0.0,False,False,0.991,Severe,10.9,67.5,344.9,0.148,0.343,0.91,Heavy congestion detected - signal timing extended and reroute suggested
EVT426088,2025-06-18 15:20:05,Trade Fair,J011,Indiranagar 100ft Road,10878,Weekday,False,Rain,True,19.1,False,False,0.536,Moderate,21.6,38.0,316.5,0.21,0.485,0.917,Light rain detected - minor speed reduction advised
EVT426089,2025-10-22 13:29:08,Cultural Procession,J031,Cubbon Road,10552,Weekday,True,Light Rain,True,6.9,False,True,0.663,Moderate,19.3,68.4,340.6,0.204,0.472,0.827,Road closure for event/procession - full detour recommended for through-traffic
EVT426090,2026-03-29 15:05:15,Concert,J031,Cubbon Road,9442,Weekend,False,Clear,False,0.0,False,False,0.353,Moderate,30.0,32.0,166.2,0.134,0.311,0.965,Moderate traffic flow - standard adaptive signal timing in effect
EVT426091,2025-03-01 18:29:07,Sports Fixture,J009,Majestic,20033,Weekend,False,Clear,False,0.0,False,False,1.0,Severe,9.3,74.2,226.9,0.098,0.226,0.926,Heavy congestion detected - signal timing extended and reroute suggested
EVT426092,2025-06-03 09:00:02,Concert,J011,Indiranagar 100ft Road,15553,Weekday,False,Clear,False,0.0,False,False,1.0,Severe,9.6,74.0,527.9,0.199,0.461,0.918,Heavy congestion detected - signal timing extended and reroute suggested
EVT426093,2025-09-06 09:32:41,Religious Festival,J012,Koramangala Sony World,63952,Weekend,True,Clear,False,0.0,False,True,1.0,Severe,7.7,103.3,369.3,0.134,0.309,0.847,Road closure for event/procession - full detour recommended for through-traffic
EVT426094,2025-10-29 17:19:50,Concert,J009,Majestic,13230,Weekday,False,Heavy Rain,True,25.4,False,False,1.0,Severe,9.4,67.6,613.4,0.245,0.566,0.893,Heavy rain reducing visibility and grip - reduced speed and longer buffer advised
EVT426095,2026-04-18 09:40:04,Local Market Day,J020,Malleshwaram Circle,6113,Weekend,False,Clear,False,0.0,False,False,0.857,Severe,13.9,61.8,534.9,0.279,0.644,0.913,Heavy congestion detected - signal timing extended and reroute suggested
EVT426096,2026-02-01 16:04:10,Concert,J020,Malleshwaram Circle,9092,Weekend,False,Clear,False,0.0,False,False,0.481,Moderate,25.4,36.0,278.5,0.2,0.462,0.99,Moderate traffic flow - standard adaptive signal timing in effect
EVT426097,2025-08-15 13:10:32,Cultural Procession,J030,MG Road,21873,Weekday,True,Rain,True,17.0,False,True,0.866,High,15.2,91.0,469.8,0.233,0.538,0.819,Road closure for event/procession - full detour recommended for through-traffic
EVT426098,2025-12-25 09:32:35,Religious Festival,J031,Cubbon Road,46060,Weekday,True,Clear,False,0.0,False,True,1.0,Severe,9.2,92.9,280.3,0.105,0.243,0.838,Road closure for event/procession - full detour recommended for through-traffic
EVT426099,2025-09-13 06:58:01,Local Market Day,J009,Majestic,3153,Weekend,False,Rain,True,14.6,False,False,0.546,Moderate,29.1,39.9,170.0,0.14,0.323,0.897,Light rain detected - minor speed reduction advised
EVT426100,2025-12-27 07:57:57,Sports Fixture,J020,Malleshwaram Circle,21494,Weekend,False,Clear,False,0.0,False,False,0.826,Severe,12.1,61.0,464.4,0.185,0.428,0.99,Heavy congestion detected - signal timing extended and reroute suggested
EVT426101,2025-01-03 18:56:57,Trade Fair,J020,Malleshwaram Circle,19249,Weekday,False,Clear,False,0.0,False,False,1.0,Severe,9.7,68.2,279.8,0.121,0.279,0.924,Heavy congestion detected - signal timing extended and reroute suggested
EVT426102,2026-06-12 07:04:11,Sports Fixture,J009,Majestic,33003,Weekday,False,Clear,False,0.0,False,False,0.676,High,22.7,48.8,250.4,0.171,0.394,0.974,Moderate traffic flow - standard adaptive signal timing in effect
EVT426103,2025-09-13 16:08:45,Concert,J012,Koramangala Sony World,9672,Weekend,False,Rain,True,19.9,False,False,0.571,High,24.3,44.4,132.4,0.089,0.206,0.917,Heavy rain reducing visibility and grip - reduced speed and longer buffer advised
EVT426104,2025-01-15 16:46:44,Cultural Procession,J009,Majestic,20630,Weekday,True,Clear,False,0.0,False,True,1.0,Severe,10.0,100.0,432.5,0.181,0.418,0.825,Road closure for event/procession - full detour recommended for through-traffic
EVT426105,2025-11-23 13:46:11,Political Rally,J023,Basavanagudi,10361,Weekend,False,Clear,False,0.0,False,False,0.328,Low,31.3,22.6,218.0,0.177,0.409,0.962,Moderate traffic flow - standard adaptive signal timing in effect
EVT426106,2025-02-25 19:02:37,Trade Fair,J020,Malleshwaram Circle,10302,Weekday,False,Light Rain,True,0.8,False,False,1.0,Severe,10.5,71.0,463.9,0.2,0.462,0.848,Heavy rain reducing visibility and grip - reduced speed and longer buffer advised
EVT426107,2025-12-08 15:37:37,Local Market Day,J030,MG Road,5497,Weekday,False,Clear,False,0.0,False,False,0.301,Low,27.1,18.6,139.6,0.107,0.247,0.965,Moderate traffic flow - standard adaptive signal timing in effect
EVT426108,2026-03-26 18:18:52,Religious Festival,J020,Malleshwaram Circle,24085,Weekday,True,Clear,False,0.0,False,False,1.0,Severe,7.9,73.0,453.8,0.179,0.414,0.881,Festival crowd surge detected - alternate route and extended cycle recommended
EVT426109,2025-08-14 13:44:47,Local Market Day,J031,Cubbon Road,3416,Weekday,False,Clear,False,0.0,False,False,0.191,Low,32.2,14.5,99.1,0.093,0.215,0.938,Normal free-flow traffic - standard signal timing maintained
EVT426110,2025-02-20 14:18:42,Local Market Day,J020,Malleshwaram Circle,5925,Weekday,False,Clear,False,0.0,False,False,0.31,Low,30.3,24.0,192.2,0.151,0.348,0.972,Moderate traffic flow - standard adaptive signal timing in effect
EVT426111,2026-02-21 11:37:04,Trade Fair,J012,Koramangala Sony World,8956,Weekend,False,Light Rain,True,2.8,False,False,0.454,Moderate,24.9,28.6,119.5,0.071,0.163,0.926,Light rain detected - minor speed reduction advised
EVT426112,2026-04-02 08:08:10,Trade Fair,J012,Koramangala Sony World,5177,Weekday,False,Clear,False,0.0,False,False,0.851,Severe,12.1,67.8,370.0,0.164,0.378,0.946,Heavy congestion detected - signal timing extended and reroute suggested
EVT426113,2025-11-12 08:21:37,Political Rally,J040,City Market,14881,Weekday,False,Clear,False,0.0,False,False,0.974,Severe,10.5,65.7,354.2,0.159,0.366,0.925,Heavy congestion detected - signal timing extended and reroute suggested
EVT426114,2025-05-19 16:47:54,Local Market Day,J009,Majestic,3748,Weekday,False,Light Rain,True,2.3,False,False,0.683,High,13.9,48.4,351.6,0.166,0.385,0.921,Heavy rain reducing visibility and grip - reduced speed and longer buffer advised
EVT426115,2025-10-17 14:16:32,Local Market Day,J031,Cubbon Road,4165,Weekday,False,Clear,False,0.0,False,False,0.188,Low,27.4,12.8,165.5,0.126,0.291,0.975,Normal free-flow traffic - standard signal timing maintained
EVT426116,2026-06-20 14:54:05,Local Market Day,J009,Majestic,6750,Weekend,False,Rain,True,24.1,False,False,0.569,High,20.7,39.3,257.0,0.149,0.345,0.939,Heavy rain reducing visibility and grip - reduced speed and longer buffer advised
EVT426117,2025-07-16 09:18:15,Local Market Day,J009,Majestic,3444,Weekday,False,Rain,True,20.3,False,False,1.0,Severe,9.9,73.7,448.1,0.188,0.434,0.848,Heavy rain reducing visibility and grip - reduced speed and longer buffer advised
EVT426118,2025-11-26 09:37:10,Trade Fair,J031,Cubbon Road,7428,Weekday,False,Clear,False,0.0,False,False,0.875,Severe,12.5,60.3,586.6,0.267,0.618,0.92,Heavy congestion detected - signal timing extended and reroute suggested
EVT426119,2025-05-27 18:43:55,Concert,J030,MG Road,8951,Weekday,False,Clear,False,0.0,False,False,1.0,Severe,9.6,78.4,459.1,0.18,0.416,0.879,Heavy congestion detected - signal timing extended and reroute suggested
EVT426120,2026-05-31 09:36:55,Sports Fixture,J020,Malleshwaram Circle,29852,Weekend,False,Clear,False,0.0,False,False,0.895,Severe,13.7,59.7,218.4,0.105,0.243,0.953,Heavy congestion detected - signal timing extended and reroute suggested
EVT426121,2026-05-25 08:58:50,Trade Fair,J012,Koramangala Sony World,5386,Weekday,False,Clear,False,0.0,False,False,1.0,Severe,8.2,73.8,320.0,0.112,0.259,0.931,Heavy congestion detected - signal timing extended and reroute suggested
EVT426122,2026-03-29 19:36:32,Local Market Day,J011,Indiranagar 100ft Road,5423,Weekend,False,Clear,False,0.0,False,False,0.761,Severe,16.4,57.7,179.9,0.107,0.248,0.958,Heavy congestion detected - signal timing extended and reroute suggested
EVT426123,2025-06-28 23:58:32,Local Market Day,J031,Cubbon Road,2312,Weekend,False,Clear,False,0.0,False,False,0.219,Low,31.3,15.9,171.3,0.125,0.289,0.954,Normal free-flow traffic - standard signal timing maintained
EVT426124,2026-01-17 17:14:27,Sports Fixture,J040,City Market,39828,Weekend,False,Clear,False,0.0,False,False,0.898,Severe,9.4,62.2,735.1,0.266,0.615,0.947,Heavy congestion detected - signal timing extended and reroute suggested
EVT426125,2025-08-14 08:38:16,Political Rally,J023,Basavanagudi,17605,Weekday,False,Clear,False,0.0,False,False,1.0,Severe,9.9,67.2,355.2,0.147,0.339,0.948,Heavy congestion detected - signal timing extended and reroute suggested
EVT426126,2025-02-01 22:13:10,Local Market Day,J031,Cubbon Road,3331,Weekend,False,Clear,False,0.0,False,False,0.298,Low,35.1,19.5,174.9,0.154,0.355,0.99,Moderate traffic flow - standard adaptive signal timing in effect
EVT426127,2025-10-14 10:52:34,Concert,J023,Basavanagudi,14006,Weekday,False,Heavy Rain,True,40.1,False,False,0.94,Severe,12.2,65.3,474.4,0.238,0.551,0.886,Heavy rain reducing visibility and grip - reduced speed and longer buffer advised
EVT426128,2025-09-11 20:01:42,Trade Fair,J011,Indiranagar 100ft Road,10528,Weekday,False,Heavy Rain,True,51.7,False,False,1.0,Severe,8.9,74.9,523.8,0.2,0.463,0.883,Heavy rain reducing visibility and grip - reduced speed and longer buffer advised
EVT426129,2025-08-10 15:14:20,Concert,J023,Basavanagudi,15802,Weekend,False,Clear,False,0.0,False,False,0.435,Moderate,27.9,26.9,199.4,0.169,0.391,0.939,Moderate traffic flow - standard adaptive signal timing in effect
EVT426130,2026-01-28 20:04:09,Local Market Day,J030,MG Road,4055,Weekday,False,Fog,False,0.0,False,False,0.75,High,18.3,51.6,155.5,0.103,0.237,0.947,Moderate traffic flow - standard adaptive signal timing in effect
EVT426131,2025-01-08 18:48:42,Sports Fixture,J009,Majestic,26067,Weekday,False,Clear,False,0.0,False,False,1.0,Severe,7.3,72.3,980.1,0.282,0.652,0.94,Heavy congestion detected - signal timing extended and reroute suggested
EVT426132,2026-01-02 06:16:45,Religious Festival,J023,Basavanagudi,58974,Weekday,True,Clear,False,0.0,False,False,0.827,Severe,15.3,62.9,270.6,0.157,0.364,0.891,Festival crowd surge detected - alternate route and extended cycle recommended
EVT426133,2025-01-05 14:07:52,Sports Fixture,J020,Malleshwaram Circle,18635,Weekend,False,Clear,False,0.0,False,False,0.393,Moderate,29.7,30.8,243.8,0.221,0.511,0.975,Moderate traffic flow - standard adaptive signal timing in effect
EVT426134,2025-05-04 10:48:26,Trade Fair,J040,City Market,7110,Weekend,False,Rain,True,12.8,False,False,0.688,High,19.4,44.1,283.9,0.201,0.464,0.926,Heavy rain reducing visibility and grip - reduced speed and longer buffer advised
EVT426135,2025-12-12 18:26:21,Sports Fixture,J011,Indiranagar 100ft Road,20103,Weekday,False,Clear,False,0.0,False,False,1.0,Severe,8.0,73.7,844.5,0.282,0.651,0.918,Heavy congestion detected - signal timing extended and reroute suggested
EVT426136,2025-10-06 06:58:13,Trade Fair,J009,Majestic,7696,Weekday,False,Clear,False,0.0,False,False,0.379,Moderate,29.5,23.5,168.2,0.137,0.316,0.974,Moderate traffic flow - standard adaptive signal timing in effect
EVT426137,2025-09-12 09:07:50,Sports Fixture,J040,City Market,16175,Weekday,False,Clear,False,0.0,False,False,1.0,Severe,8.2,71.9,811.9,0.237,0.548,0.914,Heavy congestion detected - signal timing extended and reroute suggested
EVT426138,2026-06-06 17:51:33,Sports Fixture,J011,Indiranagar 100ft Road,41377,Weekend,False,Heavy Rain,True,54.1,False,False,1.0,Severe,8.8,71.5,538.1,0.199,0.46,0.832,Heavy rain reducing visibility and grip - reduced speed and longer buffer advised
EVT426139,2025-01-31 13:37:57,Concert,J012,Koramangala Sony World,20286,Weekday,False,Clear,False,0.0,False,False,0.269,Low,37.1,23.3,135.5,0.125,0.289,0.961,Moderate traffic flow - standard adaptive signal timing in effect
EVT426140,2026-04-06 19:47:55,Local Market Day,J040,City Market,7492,Weekday,False,Clear,False,0.0,False,False,0.812,Severe,13.7,60.7,444.3,0.228,0.528,0.946,Heavy congestion detected - signal timing extended and reroute suggested
EVT426141,2025-01-12 07:25:55,Trade Fair,J020,Malleshwaram Circle,8232,Weekend,False,Clear,False,0.0,False,False,0.531,Moderate,29.1,40.9,154.4,0.121,0.28,0.956,Moderate traffic flow - standard adaptive signal timing in effect
EVT426142,2026-06-13 03:50:36,Sports Fixture,J011,Indiranagar 100ft Road,25909,Weekend,False,Clear,False,0.0,False,False,0.379,Moderate,29.4,27.5,188.7,0.163,0.376,0.97,Moderate traffic flow - standard adaptive signal timing in effect
EVT426143,2025-04-02 20:33:13,Local Market Day,J031,Cubbon Road,4857,Weekday,False,Rain,True,9.8,False,False,0.639,High,16.0,43.2,225.7,0.139,0.321,0.881,Heavy rain reducing visibility and grip - reduced speed and longer buffer advised
EVT426144,2025-12-31 09:16:51,Concert,J031,Cubbon Road,7115,Weekday,False,Clear,False,0.0,False,False,1.0,Severe,6.9,70.9,820.0,0.254,0.587,0.926,Heavy congestion detected - signal timing extended and reroute suggested
EVT426145,2025-06-20 13:28:39,Local Market Day,J031,Cubbon Road,2301,Weekday,False,Light Rain,True,4.4,False,False,0.238,Low,22.4,16.5,187.9,0.128,0.295,0.915,Light rain detected - minor speed reduction advised
EVT426146,2025-01-23 07:47:25,Local Market Day,J020,Malleshwaram Circle,5914,Weekday,False,Clear,False,0.0,False,False,0.793,Severe,17.5,58.4,289.9,0.178,0.411,0.966,Heavy congestion detected - signal timing extended and reroute suggested
EVT426147,2025-09-12 17:18:36,Concert,J023,Basavanagudi,7544,Weekday,False,Clear,False,0.0,False,False,0.893,Severe,11.1,63.4,202.4,0.083,0.192,0.956,Heavy congestion detected - signal timing extended and reroute suggested
EVT426148,2026-02-26 13:57:18,Concert,J012,Koramangala Sony World,12525,Weekday,False,Clear,False,0.0,False,False,0.215,Low,39.0,18.9,148.5,0.149,0.344,0.973,Normal free-flow traffic - standard signal timing maintained
EVT426149,2026-03-29 15:02:38,Concert,J031,Cubbon Road,10165,Weekend,False,Clear,False,0.0,False,False,0.336,Low,27.7,21.3,150.0,0.104,0.241,0.976,Moderate traffic flow - standard adaptive signal timing in effect
EVT426150,2026-05-29 03:54:18,Political Rally,J012,Koramangala Sony World,11138,Weekday,False,Clear,False,0.0,False,False,0.172,Low,36.8,11.4,188.0,0.177,0.408,0.982,Normal free-flow traffic - standard signal timing maintained
EVT426151,2026-06-19 11:15:57,Local Market Day,J011,Indiranagar 100ft Road,3672,Weekday,False,Rain,True,16.2,False,False,0.548,Moderate,26.6,43.4,237.8,0.198,0.457,0.924,Light rain detected - minor speed reduction advised
EVT426152,2025-12-15 16:11:07,Local Market Day,J023,Basavanagudi,3217,Weekday,False,Clear,False,0.0,False,False,0.483,Moderate,28.4,34.1,166.4,0.125,0.288,0.972,Moderate traffic flow - standard adaptive signal timing in effect
EVT426153,2025-05-31 10:07:41,Sports Fixture,J030,MG Road,15182,Weekend,False,Clear,False,0.0,False,False,0.753,Severe,18.6,60.4,302.7,0.173,0.4,0.983,Heavy congestion detected - signal timing extended and reroute suggested
EVT426154,2026-01-15 16:08:54,Cultural Procession,J009,Majestic,13388,Weekday,True,Clear,False,0.0,False,True,0.829,High,14.8,88.1,340.9,0.181,0.417,0.881,Road closure for event/procession - full detour recommended for through-traffic
EVT426155,2025-12-30 19:15:12,Concert,J023,Basavanagudi,9637,Weekday,False,Clear,False,0.0,False,False,0.939,Severe,11.2,63.4,682.4,0.316,0.73,0.931,Heavy congestion detected - signal timing extended and reroute suggested
EVT426156,2025-11-10 10:59:58,Local Market Day,J020,Malleshwaram Circle,4057,Weekday,False,Clear,False,0.0,False,False,0.532,Moderate,25.2,34.8,202.1,0.16,0.369,0.969,Moderate traffic flow - standard adaptive signal timing in effect
EVT426157,2025-05-01 07:02:18,Religious Festival,J011,Indiranagar 100ft Road,53421,Weekday,True,Clear,False,0.0,False,True,1.0,Severe,8.3,97.8,705.7,0.24,0.554,0.815,Road closure for event/procession - full detour recommended for through-traffic
EVT426158,2026-03-07 18:04:36,Sports Fixture,J040,City Market,22720,Weekend,False,Clear,False,0.0,False,False,1.0,Severe,9.2,68.2,677.9,0.238,0.55,0.941,Heavy congestion detected - signal timing extended and reroute suggested
EVT426159,2025-01-23 18:24:38,Trade Fair,J020,Malleshwaram Circle,6258,Weekday,False,Clear,False,0.0,False,False,0.98,Severe,10.6,69.6,607.1,0.251,0.579,0.939,Heavy congestion detected - signal timing extended and reroute suggested
EVT426160,2025-04-24 13:55:42,Local Market Day,J031,Cubbon Road,4053,Weekday,False,Clear,False,0.0,False,False,0.089,Low,42.0,2.0,122.7,0.144,0.333,0.947,Normal free-flow traffic - standard signal timing maintained
EVT426161,2025-10-12 06:11:52,Local Market Day,J030,MG Road,6406,Weekend,False,Clear,False,0.0,False,False,0.364,Moderate,27.2,24.6,155.9,0.084,0.194,0.979,Moderate traffic flow - standard adaptive signal timing in effect
EVT426162,2026-03-20 21:22:58,Religious Festival,J030,MG Road,51202,Weekday,True,Clear,False,0.0,False,True,0.934,Severe,9.9,100.1,521.2,0.201,0.465,0.875,Road closure for event/procession - full detour recommended for through-traffic
EVT426163,2025-11-21 11:50:07,Concert,J020,Malleshwaram Circle,10394,Weekday,False,Clear,False,0.0,False,False,0.3,Low,27.4,21.6,184.4,0.15,0.346,0.965,Moderate traffic flow - standard adaptive signal timing in effect
EVT426164,2025-11-03 16:10:50,Local Market Day,J009,Majestic,4538,Weekday,False,Light Rain,True,2.7,False,False,0.61,High,22.5,44.2,230.5,0.151,0.35,0.932,Heavy rain reducing visibility and grip - reduced speed and longer buffer advised
EVT426165,2025-09-24 18:21:44,Concert,J020,Malleshwaram Circle,12964,Weekday,False,Clear,False,0.0,False,False,0.993,Severe,9.2,69.8,522.1,0.198,0.458,0.913,Heavy congestion detected - signal timing extended and reroute suggested
EVT426166,2025-07-21 07:45:50,Local Market Day,J020,Malleshwaram Circle,2369,Weekday,False,Clear,False,0.0,False,False,0.739,High,18.4,54.6,244.6,0.168,0.389,0.967,Moderate traffic flow - standard adaptive signal timing in effect
EVT426167,2025-05-07 11:46:29,Sports Fixture,J031,Cubbon Road,34560,Weekday,False,Clear,False,0.0,False,False,0.379,Moderate,23.3,23.2,241.2,0.145,0.336,0.956,Moderate traffic flow - standard adaptive signal timing in effect
EVT426168,2025-11-11 07:41:32,Sports Fixture,J012,Koramangala Sony World,14688,Weekday,False,Clear,False,0.0,False,False,0.763,Severe,16.1,59.2,446.2,0.253,0.584,0.953,Heavy congestion detected - signal timing extended and reroute suggested
EVT426169,2025-04-11 10:09:52,Political Rally,J031,Cubbon Road,20987,Weekday,False,Clear,False,0.0,False,False,0.871,Severe,11.0,67.2,421.8,0.188,0.434,0.926,Heavy congestion detected - signal timing extended and reroute suggested
EVT426170,2025-05-31 16:02:46,Trade Fair,J030,MG Road,6902,Weekend,False,Light Rain,True,4.9,False,False,0.547,Moderate,24.0,38.5,161.5,0.129,0.298,0.911,Light rain detected - minor speed reduction advised
EVT426171,2025-09-02 13:38:15,Local Market Day,J011,Indiranagar 100ft Road,6212,Weekday,False,Clear,False,0.0,False,False,0.208,Low,32.9,19.2,187.8,0.16,0.37,0.987,Normal free-flow traffic - standard signal timing maintained
EVT426172,2026-03-13 10:48:29,Trade Fair,J030,MG Road,5556,Weekday,False,Clear,False,0.0,False,False,0.564,High,24.6,43.2,275.4,0.213,0.492,0.971,Moderate traffic flow - standard adaptive signal timing in effect
EVT426173,2026-04-24 16:14:55,Trade Fair,J011,Indiranagar 100ft Road,5769,Weekday,False,Clear,False,0.0,False,False,0.499,Moderate,25.5,40.9,233.5,0.159,0.368,0.982,Moderate traffic flow - standard adaptive signal timing in effect
EVT426174,2025-12-26 15:08:20,Fireworks Display,J011,Indiranagar 100ft Road,13731,Weekday,True,Light Rain,True,5.9,False,False,0.678,High,16.2,50.7,380.3,0.206,0.475,0.874,Festival crowd surge detected - alternate route and extended cycle recommended
EVT426175,2025-10-12 20:10:04,Trade Fair,J020,Malleshwaram Circle,4797,Weekend,False,Clear,False,0.0,False,False,0.641,High,22.2,41.0,249.5,0.172,0.398,0.94,Moderate traffic flow - standard adaptive signal timing in effect
EVT426176,2025-12-17 21:38:24,Sports Fixture,J040,City Market,20737,Weekday,False,Clear,False,0.0,False,False,0.452,Moderate,23.0,36.0,201.6,0.14,0.323,0.968,Moderate traffic flow - standard adaptive signal timing in effect
EVT426177,2025-08-23 19:38:24,Local Market Day,J020,Malleshwaram Circle,1498,Weekend,False,Clear,False,0.0,False,False,0.716,High,15.9,54.1,173.4,0.107,0.248,0.972,Moderate traffic flow - standard adaptive signal timing in effect
EVT426178,2025-09-18 13:05:27,Sports Fixture,J030,MG Road,21255,Weekday,False,Heavy Rain,True,35.0,False,False,0.637,High,21.7,42.2,109.7,0.078,0.181,0.875,Heavy rain reducing visibility and grip - reduced speed and longer buffer advised
EVT426179,2026-04-05 10:14:58,Local Market Day,J009,Majestic,1762,Weekend,False,Clear,False,0.0,False,False,0.633,High,22.4,39.3,288.0,0.21,0.484,0.948,Moderate traffic flow - standard adaptive signal timing in effect
EVT426180,2025-12-08 21:12:14,Trade Fair,J040,City Market,12741,Weekday,False,Clear,False,0.0,False,False,0.405,Moderate,24.5,27.7,186.0,0.138,0.32,0.933,Moderate traffic flow - standard adaptive signal timing in effect
EVT426181,2026-04-17 20:55:42,Concert,J040,City Market,16674,Weekday,False,Clear,False,0.0,False,False,0.509,Moderate,25.0,41.2,177.8,0.129,0.297,0.968,Moderate traffic flow - standard adaptive signal timing in effect
EVT426182,2025-05-27 07:38:38,Local Market Day,J011,Indiranagar 100ft Road,4704,Weekday,False,Clear,False,0.0,False,False,0.753,Severe,17.2,53.4,267.5,0.138,0.32,0.99,Heavy congestion detected - signal timing extended and reroute suggested
EVT426183,2025-03-18 15:53:41,Trade Fair,J011,Indiranagar 100ft Road,9127,Weekday,False,Clear,False,0.0,False,False,0.455,Moderate,35.4,29.4,209.3,0.206,0.475,0.951,Moderate traffic flow - standard adaptive signal timing in effect
EVT426184,2025-12-13 21:04:26,Sports Fixture,J040,City Market,35399,Weekend,False,Clear,False,0.0,False,False,0.558,High,22.3,33.8,221.9,0.134,0.311,0.947,Moderate traffic flow - standard adaptive signal timing in effect
EVT426185,2026-04-09 13:08:54,Local Market Day,J031,Cubbon Road,4658,Weekday,False,Clear,False,0.0,False,False,0.18,Low,28.9,10.1,234.8,0.172,0.398,0.981,Normal free-flow traffic - standard signal timing maintained
EVT426186,2025-01-31 17:31:42,Concert,J030,MG Road,7683,Weekday,False,Clear,False,0.0,False,False,0.988,Severe,5.9,65.1,1085.5,0.265,0.612,0.922,Heavy congestion detected - signal timing extended and reroute suggested
EVT426187,2025-08-30 19:20:51,Concert,J023,Basavanagudi,17845,Weekend,False,Rain,True,20.8,True,False,1.0,Severe,7.0,74.2,830.0,0.239,0.552,0.698,Accident detected nearby - reroute and reduced speed advised
EVT426188,2026-04-03 12:34:33,Sports Fixture,J020,Malleshwaram Circle,13422,Weekday,False,Clear,False,0.0,False,False,0.221,Low,37.1,15.8,140.6,0.123,0.285,0.955,Normal free-flow traffic - standard signal timing maintained
EVT426189,2025-01-12 09:51:06,Local Market Day,J030,MG Road,4691,Weekend,False,Clear,False,0.0,False,False,0.727,High,18.4,48.0,245.9,0.147,0.339,0.951,Moderate traffic flow - standard adaptive signal timing in effect
EVT426190,2025-02-15 15:37:00,Local Market Day,J023,Basavanagudi,3299,Weekend,False,Clear,False,0.0,False,False,0.25,Low,31.0,23.8,173.0,0.148,0.343,0.968,Normal free-flow traffic - standard signal timing maintained
EVT426191,2025-05-27 14:34:57,Local Market Day,J031,Cubbon Road,3184,Weekday,False,Clear,False,0.0,False,False,0.183,Low,32.8,9.5,125.3,0.124,0.286,0.961,Normal free-flow traffic - standard signal timing maintained
EVT426192,2025-05-27 18:02:31,Sports Fixture,J012,Koramangala Sony World,20714,Weekday,False,Clear,False,0.0,False,False,1.0,Severe,6.3,67.3,545.7,0.138,0.318,0.925,Heavy congestion detected - signal timing extended and reroute suggested
EVT426193,2025-10-16 19:17:51,Sports Fixture,J040,City Market,23905,Weekday,False,Clear,False,0.0,False,False,1.0,Severe,8.0,69.7,554.0,0.181,0.418,0.911,Heavy congestion detected - signal timing extended and reroute suggested
EVT426194,2025-11-30 10:21:07,Local Market Day,J012,Koramangala Sony World,2918,Weekend,False,Clear,False,0.0,False,False,0.673,High,18.0,51.2,227.1,0.12,0.278,0.94,Moderate traffic flow - standard adaptive signal timing in effect
EVT426195,2025-02-06 15:05:17,Sports Fixture,J040,City Market,16329,Weekday,False,Clear,False,0.0,False,False,0.323,Low,28.9,18.9,183.4,0.162,0.375,0.945,Moderate traffic flow - standard adaptive signal timing in effect
EVT426196,2025-05-02 05:18:08,Cultural Procession,J020,Malleshwaram Circle,27260,Weekday,True,Clear,False,0.0,True,True,1.0,Severe,6.4,104.3,505.9,0.15,0.346,0.687,Road closure for event/procession - full detour recommended for through-traffic
EVT426197,2026-04-01 08:46:19,Local Market Day,J009,Majestic,2362,Weekday,False,Clear,False,0.0,False,False,0.982,Severe,11.6,70.6,458.5,0.23,0.532,0.899,Heavy congestion detected - signal timing extended and reroute suggested
EVT426198,2025-04-05 19:06:14,Sports Fixture,J012,Koramangala Sony World,21416,Weekend,False,Light Rain,True,1.4,False,False,1.0,Severe,8.6,71.2,243.8,0.099,0.229,0.866,Heavy rain reducing visibility and grip - reduced speed and longer buffer advised
EVT426199,2025-03-08 20:33:51,Political Rally,J031,Cubbon Road,20727,Weekend,False,Fog,False,0.0,False,False,0.609,High,22.1,46.0,139.1,0.078,0.179,0.953,Moderate traffic flow - standard adaptive signal timing in effect
EVT426200,2025-11-03 14:42:08,Concert,J012,Koramangala Sony World,5422,Weekday,False,Clear,False,0.0,False,False,0.21,Low,45.9,16.7,91.5,0.082,0.19,0.96,Normal free-flow traffic - standard signal timing maintained
EVT426201,2026-05-19 15:05:59,Political Rally,J012,Koramangala Sony World,12670,Weekday,False,Clear,False,0.0,False,False,0.284,Low,28.4,17.1,240.6,0.194,0.449,0.963,Moderate traffic flow - standard adaptive signal timing in effect
EVT426202,2025-12-03 13:36:36,Sports Fixture,J031,Cubbon Road,18485,Weekday,False,Clear,False,0.0,False,False,0.357,Moderate,26.6,25.1,260.7,0.202,0.467,0.949,Moderate traffic flow - standard adaptive signal timing in effect
EVT426203,2025-06-28 09:37:23,Trade Fair,J030,MG Road,8919,Weekend,False,Clear,False,0.0,False,False,0.8,Severe,12.8,54.1,650.9,0.268,0.62,0.98,Heavy congestion detected - signal timing extended and reroute suggested
EVT426204,2025-08-04 09:54:18,Political Rally,J020,Malleshwaram Circle,17316,Weekday,False,Clear,False,0.0,False,False,0.933,Severe,11.1,71.5,467.4,0.184,0.426,0.951,Heavy congestion detected - signal timing extended and reroute suggested
EVT426205,2026-02-22 23:50:21,Trade Fair,J030,MG Road,5798,Weekend,False,Clear,False,0.0,False,False,0.274,Low,28.8,21.2,142.8,0.096,0.221,0.967,Moderate traffic flow - standard adaptive signal timing in effect
EVT426206,2026-03-05 00:31:37,Cultural Procession,J011,Indiranagar 100ft Road,18377,Weekday,True,Clear,False,0.0,False,True,0.626,Moderate,18.7,57.4,221.8,0.109,0.252,0.856,Road closure for event/procession - full detour recommended for through-traffic
EVT426207,2025-09-04 12:11:00,Sports Fixture,J012,Koramangala Sony World,12984,Weekday,False,Clear,False,0.0,False,False,0.333,Low,34.1,23.2,79.9,0.063,0.146,0.971,Moderate traffic flow - standard adaptive signal timing in effect
EVT426208,2025-02-25 18:15:16,Sports Fixture,J031,Cubbon Road,47051,Weekday,False,Clear,False,0.0,False,False,1.0,Severe,8.3,68.1,705.0,0.237,0.547,0.924,Heavy congestion detected - signal timing extended and reroute suggested
EVT426209,2025-01-03 06:43:04,Concert,J023,Basavanagudi,9125,Weekday,False,Clear,False,0.0,False,False,0.377,Moderate,28.8,24.0,320.7,0.268,0.619,0.976,Moderate traffic flow - standard adaptive signal timing in effect
EVT426210,2026-04-11 18:59:15,Local Market Day,J031,Cubbon Road,2635,Weekend,False,Clear,False,0.0,False,False,0.832,Severe,14.5,63.0,401.2,0.217,0.501,0.926,Heavy congestion detected - signal timing extended and reroute suggested
EVT426211,2025-07-21 15:09:25,Trade Fair,J012,Koramangala Sony World,8236,Weekday,False,Heavy Rain,True,34.0,False,False,0.69,High,17.8,51.5,246.5,0.151,0.349,0.913,Heavy rain reducing visibility and grip - reduced speed and longer buffer advised
EVT426212,2025-09-29 12:10:46,Concert,J009,Majestic,17855,Weekday,False,Heavy Rain,True,42.9,False,False,0.706,High,15.1,42.8,281.9,0.153,0.354,0.92,Heavy rain reducing visibility and grip - reduced speed and longer buffer advised
EVT426213,2025-12-17 07:30:06,Sports Fixture,J040,City Market,11845,Weekday,False,Clear,False,0.0,False,False,0.7,High,19.0,54.5,241.7,0.143,0.331,0.968,Moderate traffic flow - standard adaptive signal timing in effect
EVT426214,2026-01-31 18:52:49,Local Market Day,J020,Malleshwaram Circle,4352,Weekend,False,Clear,False,0.0,False,False,0.854,Severe,11.0,52.3,294.3,0.121,0.28,0.939,Heavy congestion detected - signal timing extended and reroute suggested
EVT426215,2025-12-12 07:52:31,Political Rally,J009,Majestic,15097,Weekday,False,Clear,False,0.0,False,False,0.854,Severe,10.8,57.3,590.2,0.239,0.552,0.946,Heavy congestion detected - signal timing extended and reroute suggested
EVT426216,2026-06-09 10:42:47,Trade Fair,J023,Basavanagudi,8305,Weekday,False,Clear,False,0.0,False,False,0.494,Moderate,24.8,37.2,218.3,0.167,0.386,0.967,Moderate traffic flow - standard adaptive signal timing in effect
EVT426217,2025-10-08 09:13:48,Sports Fixture,J020,Malleshwaram Circle,22863,Weekday,False,Clear,False,0.0,False,False,1.0,Severe,7.8,79.1,492.8,0.17,0.393,0.908,Heavy congestion detected - signal timing extended and reroute suggested
EVT426218,2025-06-10 09:25:36,Sports Fixture,J012,Koramangala Sony World,14939,Weekday,False,Clear,False,0.0,False,False,1.0,Severe,6.4,68.5,927.6,0.257,0.593,0.935,Heavy congestion detected - signal timing extended and reroute suggested
EVT426219,2025-12-14 16:03:07,Concert,J009,Majestic,11793,Weekend,False,Clear,False,0.0,False,False,0.419,Moderate,22.5,31.7,260.9,0.145,0.336,0.975,Moderate traffic flow - standard adaptive signal timing in effect
EVT426220,2025-11-02 13:39:12,Fireworks Display,J011,Indiranagar 100ft Road,38897,Weekend,True,Clear,False,0.0,False,False,0.685,High,17.7,49.0,191.6,0.113,0.26,0.909,Festival crowd surge detected - alternate route and extended cycle recommended
EVT426221,2025-12-08 08:59:30,Trade Fair,J020,Malleshwaram Circle,11281,Weekday,False,Clear,False,0.0,False,False,1.0,Severe,7.1,69.9,831.6,0.241,0.556,0.908,Heavy congestion detected - signal timing extended and reroute suggested
EVT426222,2025-04-03 16:37:32,Concert,J020,Malleshwaram Circle,17175,Weekday,False,Clear,False,0.0,False,False,0.705,High,21.0,46.1,278.2,0.215,0.497,0.98,Moderate traffic flow - standard adaptive signal timing in effect
EVT426223,2025-10-02 13:47:40,Religious Festival,J031,Cubbon Road,52528,Weekday,True,Rain,True,16.8,False,True,0.973,Severe,8.5,100.6,661.1,0.234,0.54,0.795,Road closure for event/procession - full detour recommended for through-traffic
EVT426224,2025-03-21 17:34:49,Concert,J031,Cubbon Road,22631,Weekday,False,Clear,False,0.0,False,False,1.0,Severe,9.0,74.9,661.6,0.232,0.536,0.909,Heavy congestion detected - signal timing extended and reroute suggested
EVT426225,2026-05-18 06:09:24,Concert,J030,MG Road,11808,Weekday,False,Clear,False,0.0,False,False,0.294,Low,36.3,21.5,50.7,0.047,0.108,0.96,Moderate traffic flow - standard adaptive signal timing in effect
EVT426226,2026-03-12 16:51:42,Sports Fixture,J040,City Market,30485,Weekday,False,Clear,False,0.0,False,False,0.811,Severe,14.1,57.7,211.5,0.12,0.277,0.92,Heavy congestion detected - signal timing extended and reroute suggested
EVT426227,2025-07-08 20:39:25,Trade Fair,J023,Basavanagudi,16221,Weekday,False,Clear,False,0.0,False,False,0.614,High,19.2,43.8,185.0,0.116,0.267,0.971,Moderate traffic flow - standard adaptive signal timing in effect
EVT426228,2025-11-10 09:04:07,Political Rally,J012,Koramangala Sony World,10768,Weekday,False,Clear,False,0.0,False,False,1.0,Severe,7.0,64.4,471.1,0.142,0.328,0.907,Heavy congestion detected - signal timing extended and reroute suggested
EVT426229,2025-04-13 22:46:22,Local Market Day,J012,Koramangala Sony World,3937,Weekend,False,Clear,False,0.0,False,False,0.34,Low,29.4,30.9,189.7,0.144,0.332,0.957,Moderate traffic flow - standard adaptive signal timing in effect
EVT426230,2025-09-13 20:02:38,Local Market Day,J030,MG Road,1670,Weekend,False,Heavy Rain,True,56.9,False,False,0.964,Severe,7.7,71.8,421.0,0.135,0.311,0.897,Heavy rain reducing visibility and grip - reduced speed and longer buffer advised
EVT426231,2026-04-25 17:09:35,Sports Fixture,J030,MG Road,42992,Weekend,False,Clear,False,0.0,False,False,0.995,Severe,8.6,71.4,582.1,0.201,0.464,0.911,Heavy congestion detected - signal timing extended and reroute suggested
EVT426232,2025-12-25 11:25:57,Religious Festival,J040,City Market,37062,Weekday,True,Clear,False,0.0,False,False,0.735,High,14.6,50.7,565.3,0.277,0.639,0.91,Festival crowd surge detected - alternate route and extended cycle recommended
EVT426233,2025-03-30 14:23:26,Religious Festival,J011,Indiranagar 100ft Road,32197,Weekend,True,Clear,False,0.0,False,True,0.781,High,14.6,86.1,390.4,0.181,0.417,0.884,Road closure for event/procession - full detour recommended for through-traffic
EVT426234,2025-04-17 11:01:30,Concert,J012,Koramangala Sony World,5586,Weekday,False,Clear,False,0.0,False,False,0.397,Moderate,23.5,31.0,165.9,0.129,0.299,0.94,Moderate traffic flow - standard adaptive signal timing in effect
EVT426235,2025-01-16 14:39:59,Trade Fair,J011,Indiranagar 100ft Road,7702,Weekday,False,Clear,False,0.0,False,False,0.215,Low,31.1,12.5,147.2,0.123,0.284,0.967,Normal free-flow traffic - standard signal timing maintained
EVT426236,2026-06-07 14:47:21,Trade Fair,J030,MG Road,15585,Weekend,False,Clear,False,0.0,False,False,0.296,Low,32.9,22.9,192.5,0.169,0.391,0.941,Moderate traffic flow - standard adaptive signal timing in effect
EVT426237,2026-01-24 11:06:49,Political Rally,J031,Cubbon Road,16569,Weekend,False,Clear,False,0.0,False,False,0.517,Moderate,25.0,35.7,196.1,0.143,0.33,0.947,Moderate traffic flow - standard adaptive signal timing in effect
EVT426238,2026-03-31 15:28:51,Concert,J023,Basavanagudi,8211,Weekday,False,Clear,False,0.0,False,False,0.381,Moderate,24.4,24.0,200.1,0.142,0.328,0.968,Moderate traffic flow - standard adaptive signal timing in effect
EVT426239,2025-11-03 08:09:32,Concert,J031,Cubbon Road,13578,Weekday,False,Fog,False,0.0,False,False,0.837,Severe,11.3,55.5,307.7,0.144,0.333,0.953,Heavy congestion detected - signal timing extended and reroute suggested
EVT426240,2025-01-11 17:51:44,Trade Fair,J023,Basavanagudi,12321,Weekend,False,Clear,False,0.0,False,False,0.809,Severe,14.7,61.8,277.6,0.148,0.343,0.963,Heavy congestion detected - signal timing extended and reroute suggested
EVT426241,2025-04-02 19:24:44,Political Rally,J030,MG Road,16948,Weekday,False,Clear,False,0.0,False,False,0.921,Severe,14.5,66.6,281.2,0.172,0.397,0.956,Heavy congestion detected - signal timing extended and reroute suggested
EVT426242,2026-03-09 10:50:33,Trade Fair,J012,Koramangala Sony World,5920,Weekday,False,Clear,False,0.0,False,False,0.442,Moderate,26.2,34.6,168.5,0.11,0.253,0.99,Moderate traffic flow - standard adaptive signal timing in effect
EVT426243,2026-02-05 17:54:55,Sports Fixture,J009,Majestic,17833,Weekday,False,Clear,False,0.0,False,False,1.0,Severe,7.5,72.7,638.0,0.207,0.477,0.885,Heavy congestion detected - signal timing extended and reroute suggested
EVT426244,2025-04-27 16:31:58,Concert,J009,Majestic,10880,Weekend,False,Light Rain,True,6.1,False,False,0.732,High,18.8,57.3,224.7,0.142,0.328,0.936,Heavy rain reducing visibility and grip - reduced speed and longer buffer advised
EVT426245,2025-12-09 14:01:12,Political Rally,J023,Basavanagudi,20306,Weekday,False,Clear,False,0.0,False,False,0.195,Low,33.0,8.9,112.8,0.093,0.215,0.978,Normal free-flow traffic - standard signal timing maintained
EVT426246,2025-06-16 20:48:01,Sports Fixture,J030,MG Road,37289,Weekday,False,Fog,False,0.0,False,False,0.664,High,20.1,50.5,214.4,0.146,0.337,0.949,Moderate traffic flow - standard adaptive signal timing in effect
EVT426247,2025-11-01 18:43:50,Cultural Procession,J030,MG Road,17762,Weekend,True,Clear,False,0.0,False,True,1.0,Severe,7.2,103.5,640.2,0.207,0.477,0.828,Road closure for event/procession - full detour recommended for through-traffic
EVT426248,2026-04-05 20:40:10,Local Market Day,J031,Cubbon Road,4696,Weekend,False,Clear,False,0.0,False,False,0.457,Moderate,22.8,29.0,163.6,0.105,0.243,0.967,Moderate traffic flow - standard adaptive signal timing in effect
EVT426249,2025-02-28 19:31:08,Local Market Day,J009,Majestic,2468,Weekday,False,Clear,False,0.0,False,False,0.881,Severe,13.4,61.8,171.1,0.085,0.197,0.938,Heavy congestion detected - signal timing extended and reroute suggested
EVT426250,2026-03-19 17:01:55,Religious Festival,J009,Majestic,25730,Weekday,True,Clear,False,0.0,False,False,1.0,Severe,8.0,74.5,654.0,0.206,0.477,0.839,Festival crowd surge detected - alternate route and extended cycle recommended
EVT426251,2025-07-06 10:20:51,Political Rally,J020,Malleshwaram Circle,18278,Weekend,False,Clear,False,0.0,False,False,0.707,High,14.2,49.8,122.3,0.055,0.127,0.967,Moderate traffic flow - standard adaptive signal timing in effect
EVT426252,2025-07-21 23:14:03,Concert,J012,Koramangala Sony World,11510,Weekday,False,Light Rain,True,3.5,False,False,0.357,Moderate,27.2,27.3,238.1,0.178,0.411,0.911,Light rain detected - minor speed reduction advised
EVT426253,2025-12-19 11:30:08,Political Rally,J020,Malleshwaram Circle,30619,Weekday,False,Clear,False,0.0,False,False,0.472,Moderate,23.7,34.1,144.3,0.092,0.212,0.976,Moderate traffic flow - standard adaptive signal timing in effect
EVT426254,2025-07-04 19:36:28,Trade Fair,J040,City Market,10511,Weekday,False,Fog,False,0.0,False,False,0.73,High,14.9,56.3,172.3,0.094,0.217,0.955,Moderate traffic flow - standard adaptive signal timing in effect
EVT426255,2025-11-27 09:43:28,Sports Fixture,J011,Indiranagar 100ft Road,21318,Weekday,False,Fog,False,0.0,False,False,0.991,Severe,8.1,71.0,716.4,0.232,0.537,0.89,Heavy congestion detected - signal timing extended and reroute suggested
EVT426256,2026-06-22 22:35:24,Concert,J031,Cubbon Road,12007,Weekday,False,Heavy Rain,True,36.3,False,False,0.549,Moderate,25.3,36.9,189.6,0.122,0.282,0.911,Light rain detected - minor speed reduction advised
EVT426257,2026-04-19 22:42:48,Political Rally,J011,Indiranagar 100ft Road,11523,Weekend,False,Clear,False,0.0,False,False,0.246,Low,33.0,18.1,129.3,0.128,0.297,0.977,Normal free-flow traffic - standard signal timing maintained
EVT426258,2025-10-27 18:32:49,Sports Fixture,J040,City Market,25510,Weekday,False,Heavy Rain,True,31.6,False,False,1.0,Severe,9.1,68.6,732.4,0.269,0.622,0.849,Heavy rain reducing visibility and grip - reduced speed and longer buffer advised
EVT426259,2025-12-30 17:08:44,Concert,J023,Basavanagudi,12765,Weekday,False,Clear,False,0.0,False,False,0.805,Severe,13.9,55.8,349.3,0.182,0.419,0.975,Heavy congestion detected - signal timing extended and reroute suggested
EVT426260,2026-03-09 14:10:19,Sports Fixture,J020,Malleshwaram Circle,18095,Weekday,False,Clear,False,0.0,False,False,0.319,Low,29.1,15.6,153.8,0.129,0.299,0.971,Moderate traffic flow - standard adaptive signal timing in effect
EVT426261,2025-11-05 17:10:10,Local Market Day,J009,Majestic,5939,Weekday,False,Rain,True,10.2,False,False,0.971,Severe,10.7,71.0,475.5,0.183,0.422,0.871,Heavy rain reducing visibility and grip - reduced speed and longer buffer advised
EVT426262,2025-04-10 08:22:20,Political Rally,J040,City Market,18529,Weekday,False,Fog,False,0.0,False,False,0.953,Severe,11.4,62.3,364.1,0.176,0.408,0.906,Heavy congestion detected - signal timing extended and reroute suggested
EVT426263,2025-06-11 20:36:57,Sports Fixture,J020,Malleshwaram Circle,22282,Weekday,False,Rain,True,11.6,True,False,1.0,Severe,10.1,74.2,403.6,0.187,0.433,0.7,Accident detected nearby - reroute and reduced speed advised
EVT426264,2026-02-01 18:04:55,Concert,J040,City Market,12372,Weekend,False,Clear,False,0.0,False,False,0.894,Severe,11.0,67.5,314.1,0.13,0.3,0.906,Heavy congestion detected - signal timing extended and reroute suggested
EVT426265,2025-04-21 19:37:53,Political Rally,J031,Cubbon Road,15447,Weekday,False,Fog,False,0.0,False,False,0.911,Severe,6.6,63.5,879.2,0.21,0.486,0.933,Heavy congestion detected - signal timing extended and reroute suggested
EVT426266,2026-01-06 18:49:54,Trade Fair,J011,Indiranagar 100ft Road,8820,Weekday,False,Clear,False,0.0,False,False,1.0,Severe,6.2,64.9,608.2,0.16,0.369,0.9,Heavy congestion detected - signal timing extended and reroute suggested
EVT426267,2025-03-14 17:38:17,Fireworks Display,J031,Cubbon Road,29856,Weekday,True,Clear,False,0.0,False,False,1.0,Severe,7.7,72.6,697.2,0.221,0.511,0.843,Festival crowd surge detected - alternate route and extended cycle recommended
EVT426268,2025-01-21 17:08:57,Concert,J012,Koramangala Sony World,15976,Weekday,False,Clear,False,0.0,False,False,0.837,Severe,14.8,59.7,386.0,0.198,0.458,0.957,Heavy congestion detected - signal timing extended and reroute suggested
EVT426269,2026-06-28 18:12:30,Trade Fair,J030,MG Road,9344,Weekend,False,Fog,False,0.0,False,False,0.853,Severe,13.9,62.3,568.7,0.276,0.638,0.945,Heavy congestion detected - signal timing extended and reroute suggested
EVT426270,2026-01-13 17:44:01,Sports Fixture,J012,Koramangala Sony World,24998,Weekday,False,Clear,False,0.0,False,False,0.997,Severe,5.9,68.9,760.7,0.195,0.45,0.921,Heavy congestion detected - signal timing extended and reroute suggested
EVT426271,2025-03-06 12:06:27,Local Market Day,J031,Cubbon Road,6901,Weekday,False,Clear,False,0.0,False,False,0.27,Low,34.1,20.8,198.5,0.186,0.43,0.977,Moderate traffic flow - standard adaptive signal timing in effect
EVT426272,2025-07-26 11:04:11,Trade Fair,J030,MG Road,16660,Weekend,False,Clear,False,0.0,False,False,0.534,Moderate,25.6,38.4,145.3,0.115,0.265,0.954,Moderate traffic flow - standard adaptive signal timing in effect
EVT426273,2025-04-28 20:16:36,Sports Fixture,J011,Indiranagar 100ft Road,32453,Weekday,False,Clear,False,0.0,False,False,0.787,Severe,12.7,51.6,293.1,0.108,0.25,0.947,Heavy congestion detected - signal timing extended and reroute suggested
EVT426274,2025-06-10 18:22:48,Concert,J031,Cubbon Road,13432,Weekday,False,Rain,True,8.9,False,False,1.0,Severe,5.9,69.0,598.8,0.176,0.406,0.876,Heavy rain reducing visibility and grip - reduced speed and longer buffer advised
EVT426275,2025-06-07 11:55:31,Local Market Day,J009,Majestic,3619,Weekend,False,Rain,True,19.2,False,False,0.496,Moderate,21.9,36.5,186.1,0.133,0.307,0.926,Light rain detected - minor speed reduction advised
EVT426276,2025-02-16 16:52:12,Trade Fair,J030,MG Road,18231,Weekend,False,Clear,False,0.0,False,False,0.735,High,15.7,53.3,169.3,0.119,0.274,0.936,Moderate traffic flow - standard adaptive signal timing in effect
EVT426277,2025-12-29 07:26:17,Trade Fair,J030,MG Road,14362,Weekday,False,Clear,False,0.0,False,False,0.625,High,23.4,49.6,264.9,0.201,0.465,0.976,Moderate traffic flow - standard adaptive signal timing in effect
EVT426278,2025-12-31 19:22:11,Trade Fair,J020,Malleshwaram Circle,6542,Weekday,False,Clear,False,0.0,False,False,0.974,Severe,7.7,69.7,746.9,0.247,0.57,0.907,Heavy congestion detected - signal timing extended and reroute suggested
EVT426279,2025-10-30 12:13:39,Concert,J009,Majestic,6253,Weekday,False,Clear,False,0.0,False,False,0.24,Low,33.1,10.7,173.0,0.151,0.349,0.973,Normal free-flow traffic - standard signal timing maintained
EVT426280,2025-01-17 10:55:19,Concert,J009,Majestic,22725,Weekday,False,Clear,False,0.0,False,False,0.617,High,18.9,50.3,278.4,0.151,0.348,0.974,Moderate traffic flow - standard adaptive signal timing in effect
EVT426281,2025-03-05 21:55:24,Concert,J020,Malleshwaram Circle,10794,Weekday,False,Fog,False,0.0,False,False,0.318,Low,29.3,20.7,91.6,0.073,0.168,0.966,Moderate traffic flow - standard adaptive signal timing in effect
EVT426282,2026-06-11 11:26:27,Trade Fair,J020,Malleshwaram Circle,10540,Weekday,False,Heavy Rain,True,37.9,False,False,0.721,High,17.6,54.3,396.0,0.227,0.525,0.925,Heavy rain reducing visibility and grip - reduced speed and longer buffer advised
EVT426283,2026-04-06 18:17:40,Concert,J009,Majestic,32457,Weekday,False,Clear,False,0.0,False,False,1.0,Severe,8.9,68.5,518.2,0.187,0.432,0.909,Heavy congestion detected - signal timing extended and reroute suggested
EVT426284,2025-02-03 09:14:11,Trade Fair,J040,City Market,10257,Weekday,False,Clear,False,0.0,False,False,1.0,Severe,5.9,64.8,734.6,0.188,0.434,0.904,Heavy congestion detected - signal timing extended and reroute suggested
EVT426285,2025-01-06 18:19:38,Local Market Day,J012,Koramangala Sony World,4663,Weekday,False,Clear,False,0.0,False,False,1.0,Severe,8.9,71.3,489.3,0.186,0.43,0.883,Heavy congestion detected - signal timing extended and reroute suggested
EVT426286,2026-04-24 06:51:35,Sports Fixture,J031,Cubbon Road,35242,Weekday,False,Clear,False,0.0,False,False,0.617,High,25.1,46.7,210.3,0.164,0.38,0.99,Moderate traffic flow - standard adaptive signal timing in effect
EVT426287,2025-05-26 11:54:16,Local Market Day,J023,Basavanagudi,3445,Weekday,False,Clear,False,0.0,False,False,0.304,Low,22.6,15.9,130.8,0.086,0.2,0.979,Moderate traffic flow - standard adaptive signal timing in effect
EVT426288,2025-05-23 07:21:17,Political Rally,J012,Koramangala Sony World,14446,Weekday,False,Fog,False,0.0,False,False,0.597,High,22.3,42.5,202.1,0.16,0.369,0.947,Moderate traffic flow - standard adaptive signal timing in effect
EVT426289,2025-08-28 07:34:34,Fireworks Display,J020,Malleshwaram Circle,26631,Weekday,True,Rain,True,14.4,False,False,1.0,Severe,8.0,77.8,557.3,0.182,0.421,0.798,Festival crowd surge detected - alternate route and extended cycle recommended
EVT426290,2026-03-04 23:05:27,Religious Festival,J040,City Market,36427,Weekday,True,Clear,False,0.0,False,False,0.686,High,19.3,50.3,268.9,0.172,0.398,0.907,Festival crowd surge detected - alternate route and extended cycle recommended
EVT426291,2025-07-12 09:04:47,Concert,J012,Koramangala Sony World,21158,Weekend,False,Clear,False,0.0,False,False,0.923,Severe,12.4,70.2,396.1,0.186,0.429,0.921,Heavy congestion detected - signal timing extended and reroute suggested
EVT426292,2026-06-16 11:34:52,Sports Fixture,J009,Majestic,28507,Weekday,False,Fog,False,0.0,False,False,0.429,Moderate,25.4,35.2,194.7,0.143,0.33,0.922,Moderate traffic flow - standard adaptive signal timing in effect
EVT426293,2026-06-12 16:02:06,Trade Fair,J040,City Market,6798,Weekday,False,Rain,True,13.1,False,False,0.608,High,23.8,47.9,297.3,0.21,0.486,0.914,Heavy rain reducing visibility and grip - reduced speed and longer buffer advised
EVT426294,2026-03-30 17:56:10,Concert,J011,Indiranagar 100ft Road,12070,Weekday,False,Clear,False,0.0,False,False,0.984,Severe,8.4,71.9,520.9,0.185,0.428,0.919,Heavy congestion detected - signal timing extended and reroute suggested
EVT426295,2025-02-28 12:20:44,Sports Fixture,J012,Koramangala Sony World,27008,Weekday,False,Fog,False,0.0,False,False,0.411,Moderate,23.3,33.8,253.6,0.166,0.383,0.963,Moderate traffic flow - standard adaptive signal timing in effect
EVT426296,2025-09-08 13:21:07,Trade Fair,J009,Majestic,6129,Weekday,False,Clear,False,0.0,False,False,0.177,Low,38.0,11.1,98.9,0.093,0.215,0.986,Normal free-flow traffic - standard signal timing maintained
EVT426297,2025-01-19 13:33:54,Concert,J011,Indiranagar 100ft Road,11896,Weekend,False,Clear,False,0.0,False,False,0.215,Low,33.2,18.4,101.9,0.079,0.183,0.974,Normal free-flow traffic - standard signal timing maintained
EVT426298,2025-09-21 10:41:30,Local Market Day,J012,Koramangala Sony World,2116,Weekend,False,Clear,False,0.0,False,False,0.45,Moderate,20.4,28.4,211.6,0.115,0.266,0.966,Moderate traffic flow - standard adaptive signal timing in effect
EVT426299,2026-06-04 10:47:17,Local Market Day,J023,Basavanagudi,5952,Weekday,False,Clear,False,0.0,False,False,0.557,High,20.4,41.9,218.2,0.136,0.315,0.946,Moderate traffic flow - standard adaptive signal timing in effect
EVT426300,2025-10-27 20:14:19,Trade Fair,J012,Koramangala Sony World,13166,Weekday,False,Rain,True,12.3,True,False,1.0,Severe,6.4,70.6,639.4,0.195,0.452,0.692,Accident detected nearby - reroute and reduced speed advised
EVT426301,2026-06-24 18:53:12,Sports Fixture,J030,MG Road,30409,Weekday,False,Fog,False,0.0,False,False,1.0,Severe,8.7,72.7,454.3,0.17,0.392,0.898,Heavy congestion detected - signal timing extended and reroute suggested
EVT426302,2026-03-02 09:09:26,Concert,J020,Malleshwaram Circle,16170,Weekday,False,Clear,False,0.0,False,False,1.0,Severe,6.9,74.4,683.3,0.183,0.424,0.923,Heavy congestion detected - signal timing extended and reroute suggested
EVT426303,2026-05-04 07:05:14,Trade Fair,J012,Koramangala Sony World,14191,Weekday,False,Clear,False,0.0,False,False,0.518,Moderate,27.6,37.1,198.1,0.149,0.344,0.962,Moderate traffic flow - standard adaptive signal timing in effect
EVT426304,2026-05-25 09:03:14,Concert,J012,Koramangala Sony World,6651,Weekday,False,Clear,False,0.0,False,False,1.0,Severe,7.1,71.7,632.3,0.201,0.464,0.9,Heavy congestion detected - signal timing extended and reroute suggested
EVT426305,2025-12-14 15:24:21,Trade Fair,J009,Majestic,9276,Weekend,False,Clear,False,0.0,False,False,0.343,Low,28.9,23.3,96.1,0.081,0.186,0.968,Moderate traffic flow - standard adaptive signal timing in effect
EVT426306,2026-06-13 19:12:47,Concert,J040,City Market,10100,Weekend,False,Heavy Rain,True,38.4,False,False,1.0,Severe,8.1,74.3,613.7,0.199,0.46,0.868,Heavy rain reducing visibility and grip - reduced speed and longer buffer advised
EVT426307,2025-02-17 10:23:34,Concert,J009,Majestic,12548,Weekday,False,Clear,False,0.0,False,False,0.771,Severe,17.1,56.7,422.7,0.254,0.587,0.966,Heavy congestion detected - signal timing extended and reroute suggested
EVT426308,2025-10-18 08:41:39,Trade Fair,J020,Malleshwaram Circle,13650,Weekend,False,Light Rain,True,6.5,True,False,1.0,Severe,8.7,75.2,715.4,0.269,0.622,0.677,Accident detected nearby - reroute and reduced speed advised
EVT426309,2026-05-06 00:40:55,Concert,J009,Majestic,16177,Weekday,False,Rain,True,11.7,False,False,0.388,Moderate,21.9,23.5,341.8,0.217,0.501,0.944,Light rain detected - minor speed reduction advised
EVT426310,2025-03-17 15:10:31,Concert,J030,MG Road,10725,Weekday,False,Clear,False,0.0,False,False,0.344,Low,25.6,24.7,205.5,0.162,0.374,0.945,Moderate traffic flow - standard adaptive signal timing in effect
EVT426311,2025-03-07 20:49:58,Concert,J040,City Market,18350,Weekday,False,Fog,False,0.0,False,False,0.557,High,20.2,42.6,284.0,0.174,0.401,0.981,Moderate traffic flow - standard adaptive signal timing in effect
EVT426312,2025-09-27 14:44:37,Concert,J031,Cubbon Road,7638,Weekend,False,Heavy Rain,True,51.2,False,False,0.626,High,18.8,44.6,269.5,0.179,0.414,0.899,Heavy rain reducing visibility and grip - reduced speed and longer buffer advised
EVT426313,2025-07-05 13:49:12,Sports Fixture,J020,Malleshwaram Circle,26353,Weekend,False,Fog,False,0.0,False,False,0.363,Moderate,22.9,24.0,101.9,0.076,0.176,0.955,Moderate traffic flow - standard adaptive signal timing in effect
EVT426314,2025-12-15 14:33:27,Trade Fair,J011,Indiranagar 100ft Road,9037,Weekday,False,Clear,False,0.0,False,False,0.217,Low,42.9,10.0,155.2,0.178,0.411,0.957,Normal free-flow traffic - standard signal timing maintained
EVT426315,2025-09-22 10:38:35,Trade Fair,J030,MG Road,13931,Weekday,False,Clear,False,0.0,False,False,0.692,High,20.1,42.4,254.3,0.143,0.331,0.99,Moderate traffic flow - standard adaptive signal timing in effect
EVT426316,2025-06-13 18:49:12,Trade Fair,J030,MG Road,4071,Weekday,False,Clear,False,0.0,False,False,1.0,Severe,6.8,74.8,717.8,0.189,0.437,0.921,Heavy congestion detected - signal timing extended and reroute suggested
EVT426317,2025-04-20 19:04:07,Concert,J040,City Market,7434,Weekend,False,Clear,False,0.0,False,False,0.835,Severe,12.5,62.4,311.5,0.142,0.328,0.937,Heavy congestion detected - signal timing extended and reroute suggested
EVT426318,2025-11-12 10:35:07,Sports Fixture,J011,Indiranagar 100ft Road,31099,Weekday,False,Clear,False,0.0,False,False,0.808,Severe,16.0,61.2,299.2,0.154,0.355,0.937,Heavy congestion detected - signal timing extended and reroute suggested
EVT426319,2025-11-29 15:06:18,Sports Fixture,J031,Cubbon Road,28138,Weekend,False,Clear,False,0.0,False,False,0.468,Moderate,21.4,30.0,232.6,0.143,0.331,0.947,Moderate traffic flow - standard adaptive signal timing in effect
EVT426320,2025-08-03 14:57:30,Sports Fixture,J030,MG Road,14840,Weekend,False,Heavy Rain,True,25.5,False,False,0.604,High,23.8,48.0,159.3,0.119,0.276,0.893,Heavy rain reducing visibility and grip - reduced speed and longer buffer advised
EVT426321,2026-02-15 20:28:16,Trade Fair,J011,Indiranagar 100ft Road,7162,Weekend,False,Clear,False,0.0,False,False,0.56,High,21.2,47.3,403.9,0.245,0.567,0.951,Moderate traffic flow - standard adaptive signal timing in effect
EVT426322,2025-02-06 13:43:50,Concert,J031,Cubbon Road,5199,Weekday,False,Clear,False,0.0,False,False,0.195,Low,33.4,10.0,160.7,0.141,0.325,0.955,Normal free-flow traffic - standard signal timing maintained
EVT426323,2025-04-05 15:21:27,Local Market Day,J023,Basavanagudi,6755,Weekend,False,Clear,False,0.0,False,False,0.425,Moderate,23.1,29.7,230.5,0.16,0.37,0.962,Moderate traffic flow - standard adaptive signal timing in effect
EVT426324,2025-01-10 06:12:10,Concert,J040,City Market,14545,Weekday,False,Clear,False,0.0,False,False,0.299,Low,29.6,19.6,191.3,0.144,0.332,0.965,Moderate traffic flow - standard adaptive signal timing in effect
EVT426325,2025-06-01 07:16:33,Trade Fair,J011,Indiranagar 100ft Road,9105,Weekend,False,Clear,False,0.0,False,False,0.462,Moderate,29.5,35.1,229.8,0.179,0.414,0.959,Moderate traffic flow - standard adaptive signal timing in effect
EVT426326,2025-04-14 22:01:53,Religious Festival,J020,Malleshwaram Circle,57873,Weekday,True,Clear,False,0.0,False,True,0.966,Severe,6.0,103.9,619.1,0.161,0.371,0.838,Road closure for event/procession - full detour recommended for through-traffic
EVT426327,2026-06-02 22:02:06,Trade Fair,J020,Malleshwaram Circle,8933,Weekday,False,Clear,False,0.0,False,False,0.224,Low,35.6,11.9,129.7,0.101,0.234,0.969,Normal free-flow traffic - standard signal timing maintained
EVT426328,2026-01-15 13:32:10,Cultural Procession,J040,City Market,33577,Weekday,True,Clear,False,0.0,False,False,0.625,High,13.2,39.3,319.0,0.145,0.336,0.916,Festival crowd surge detected - alternate route and extended cycle recommended
EVT426329,2025-09-05 17:22:29,Cultural Procession,J031,Cubbon Road,8589,Weekday,True,Heavy Rain,True,27.1,False,False,1.0,Severe,7.9,67.8,582.7,0.186,0.43,0.836,Festival crowd surge detected - alternate route and extended cycle recommended
EVT426330,2025-12-28 13:28:32,Political Rally,J030,MG Road,17173,Weekend,False,Clear,False,0.0,False,False,0.222,Low,30.2,17.6,117.1,0.097,0.224,0.972,Normal free-flow traffic - standard signal timing maintained
EVT426331,2025-01-11 17:05:08,Trade Fair,J011,Indiranagar 100ft Road,11152,Weekend,False,Clear,False,0.0,False,False,0.743,High,18.2,46.7,234.8,0.167,0.385,0.967,Moderate traffic flow - standard adaptive signal timing in effect
EVT426332,2025-06-22 18:35:07,Sports Fixture,J031,Cubbon Road,17925,Weekend,False,Clear,False,0.0,False,False,0.992,Severe,9.7,72.2,407.1,0.154,0.356,0.915,Heavy congestion detected - signal timing extended and reroute suggested
EVT426333,2026-04-29 08:24:50,Local Market Day,J040,City Market,5338,Weekday,False,Clear,False,0.0,False,False,0.919,Severe,11.6,62.6,415.8,0.185,0.428,0.905,Heavy congestion detected - signal timing extended and reroute suggested
EVT426334,2025-07-13 09:53:55,Concert,J009,Majestic,9089,Weekend,False,Clear,False,0.0,False,False,0.714,High,14.9,51.7,267.3,0.14,0.324,0.99,Moderate traffic flow - standard adaptive signal timing in effect
EVT426335,2025-04-25 12:26:51,Local Market Day,J012,Koramangala Sony World,2373,Weekday,False,Clear,False,0.0,False,False,0.158,Low,29.4,13.6,222.5,0.151,0.35,0.961,Normal free-flow traffic - standard signal timing maintained
EVT426336,2025-04-07 17:20:11,Religious Festival,J009,Majestic,76676,Weekday,True,Clear,False,0.0,False,True,1.0,Severe,9.0,88.0,639.2,0.223,0.514,0.839,Road closure for event/procession - full detour recommended for through-traffic
EVT426337,2026-02-03 07:52:51,Local Market Day,J011,Indiranagar 100ft Road,4818,Weekday,False,Clear,False,0.0,False,False,0.678,High,14.3,45.5,200.9,0.109,0.251,0.971,Moderate traffic flow - standard adaptive signal timing in effect
EVT426338,2025-12-29 14:43:11,Concert,J020,Malleshwaram Circle,13072,Weekday,False,Fog,False,0.0,False,False,0.278,Low,29.8,20.7,137.5,0.095,0.219,0.99,Moderate traffic flow - standard adaptive signal timing in effect
EVT426339,2026-03-02 05:27:30,Local Market Day,J040,City Market,7410,Weekday,False,Clear,False,0.0,False,False,0.224,Low,36.8,9.9,106.2,0.097,0.224,0.962,Normal free-flow traffic - standard signal timing maintained
EVT426340,2025-10-09 10:30:24,Trade Fair,J012,Koramangala Sony World,11527,Weekday,False,Clear,False,0.0,False,False,0.668,High,18.4,47.6,382.5,0.236,0.545,0.961,Moderate traffic flow - standard adaptive signal timing in effect
EVT426341,2025-03-05 10:21:12,Concert,J030,MG Road,21977,Weekday,False,Clear,False,0.0,False,False,0.822,Severe,12.3,58.7,551.9,0.242,0.559,0.974,Heavy congestion detected - signal timing extended and reroute suggested
EVT426342,2025-07-21 18:57:21,Political Rally,J031,Cubbon Road,11267,Weekday,False,Fog,False,0.0,False,False,1.0,Severe,8.0,72.8,552.4,0.205,0.474,0.923,Heavy congestion detected - signal timing extended and reroute suggested
EVT426343,2026-05-24 19:11:29,Local Market Day,J020,Malleshwaram Circle,5415,Weekend,False,Clear,False,0.0,False,False,0.779,Severe,17.8,53.7,320.9,0.196,0.453,0.99,Heavy congestion detected - signal timing extended and reroute suggested
EVT426344,2025-06-30 09:27:32,Trade Fair,J011,Indiranagar 100ft Road,10521,Weekday,False,Rain,True,13.0,False,False,1.0,Severe,9.2,73.0,473.7,0.174,0.403,0.867,Heavy rain reducing visibility and grip - reduced speed and longer buffer advised
EVT426345,2026-02-02 09:50:46,Local Market Day,J012,Koramangala Sony World,3900,Weekday,False,Clear,False,0.0,False,False,0.87,Severe,16.1,58.3,191.8,0.113,0.261,0.937,Heavy congestion detected - signal timing extended and reroute suggested
EVT426346,2025-04-30 10:22:00,Political Rally,J020,Malleshwaram Circle,14755,Weekday,False,Fog,False,0.0,False,False,0.73,High,16.8,43.3,155.1,0.101,0.233,0.964,Moderate traffic flow - standard adaptive signal timing in effect
EVT426347,2025-12-17 14:25:16,Concert,J012,Koramangala Sony World,14262,Weekday,False,Clear,False,0.0,False,False,0.302,Low,34.3,25.6,87.6,0.077,0.177,0.956,Moderate traffic flow - standard adaptive signal timing in effect
EVT426348,2025-07-29 05:42:53,Concert,J009,Majestic,8880,Weekday,False,Heavy Rain,True,36.5,False,False,0.576,High,20.7,34.5,315.0,0.198,0.456,0.928,Heavy rain reducing visibility and grip - reduced speed and longer buffer advised
EVT426349,2025-10-29 15:39:08,Trade Fair,J023,Basavanagudi,5088,Weekday,False,Clear,False,0.0,False,False,0.385,Moderate,23.7,24.8,233.0,0.159,0.368,0.98,Moderate traffic flow - standard adaptive signal timing in effect
EVT426350,2026-06-07 08:12:02,Concert,J030,MG Road,16062,Weekend,False,Heavy Rain,True,27.0,False,False,1.0,Severe,8.7,72.5,671.5,0.235,0.543,0.853,Heavy rain reducing visibility and grip - reduced speed and longer buffer advised
EVT426351,2025-10-08 20:41:49,Concert,J031,Cubbon Road,10242,Weekday,False,Clear,False,0.0,False,False,0.606,High,22.6,43.2,102.4,0.076,0.176,0.945,Moderate traffic flow - standard adaptive signal timing in effect
EVT426352,2025-05-21 08:16:08,Sports Fixture,J011,Indiranagar 100ft Road,37360,Weekday,False,Rain,True,11.8,False,False,1.0,Severe,7.7,70.9,573.9,0.184,0.426,0.893,Heavy rain reducing visibility and grip - reduced speed and longer buffer advised
EVT426353,2025-07-01 12:14:57,Sports Fixture,J023,Basavanagudi,24253,Weekday,False,Heavy Rain,True,40.4,False,False,0.716,High,20.0,44.1,175.8,0.12,0.278,0.925,Heavy rain reducing visibility and grip - reduced speed and longer buffer advised
EVT426354,2026-04-21 12:41:58,Concert,J011,Indiranagar 100ft Road,19626,Weekday,False,Clear,False,0.0,False,False,0.269,Low,20.2,19.8,332.3,0.175,0.404,0.96,Moderate traffic flow - standard adaptive signal timing in effect
EVT426355,2025-08-19 08:25:04,Local Market Day,J020,Malleshwaram Circle,5365,Weekday,False,Clear,False,0.0,False,False,0.956,Severe,12.0,67.7,561.5,0.259,0.597,0.918,Heavy congestion detected - signal timing extended and reroute suggested
EVT426356,2025-09-20 19:12:55,Trade Fair,J012,Koramangala Sony World,15527,Weekend,False,Clear,False,0.0,False,False,0.867,Severe,12.0,59.5,446.3,0.214,0.495,0.906,Heavy congestion detected - signal timing extended and reroute suggested
EVT426357,2026-05-17 16:47:19,Local Market Day,J031,Cubbon Road,4196,Weekend,False,Rain,True,10.0,False,False,0.803,Severe,17.0,61.9,379.1,0.222,0.512,0.902,Heavy rain reducing visibility and grip - reduced speed and longer buffer advised
EVT426358,2025-08-14 07:59:43,Trade Fair,J030,MG Road,13435,Weekday,False,Rain,True,16.5,False,False,1.0,Severe,6.9,78.5,980.3,0.242,0.559,0.854,Heavy rain reducing visibility and grip - reduced speed and longer buffer advised
EVT426359,2026-03-11 19:33:14,Trade Fair,J030,MG Road,8591,Weekday,False,Clear,False,0.0,False,False,0.964,Severe,10.2,71.0,498.6,0.22,0.508,0.932,Heavy congestion detected - signal timing extended and reroute suggested
EVT426360,2025-05-21 15:05:47,Political Rally,J020,Malleshwaram Circle,15033,Weekday,False,Clear,False,0.0,False,False,0.377,Moderate,32.1,26.8,93.6,0.075,0.173,0.944,Moderate traffic flow - standard adaptive signal timing in effect
EVT426361,2026-05-09 22:30:11,Sports Fixture,J009,Majestic,17477,Weekend,False,Clear,False,0.0,False,False,0.344,Low,29.0,28.0,175.0,0.161,0.372,0.975,Moderate traffic flow - standard adaptive signal timing in effect
EVT426362,2025-12-23 18:52:19,Political Rally,J020,Malleshwaram Circle,8892,Weekday,False,Clear,False,0.0,False,False,0.954,Severe,10.2,69.3,508.8,0.207,0.477,0.923,Heavy congestion detected - signal timing extended and reroute suggested
EVT426363,2025-10-18 14:33:26,Sports Fixture,J012,Koramangala Sony World,16551,Weekend,False,Clear,False,0.0,False,False,0.278,Low,31.1,18.2,146.8,0.106,0.245,0.957,Moderate traffic flow - standard adaptive signal timing in effect
EVT426364,2025-05-01 09:51:28,Religious Festival,J031,Cubbon Road,47352,Weekday,True,Clear,False,0.0,False,True,1.0,Severe,8.4,103.0,596.6,0.179,0.414,0.827,Road closure for event/procession - full detour recommended for through-traffic
EVT426365,2025-12-16 10:38:52,Trade Fair,J009,Majestic,8292,Weekday,False,Clear,False,0.0,False,False,0.551,High,29.6,37.3,179.7,0.135,0.312,0.954,Moderate traffic flow - standard adaptive signal timing in effect
EVT426366,2026-03-27 16:28:37,Religious Festival,J020,Malleshwaram Circle,51006,Weekday,True,Clear,False,0.0,False,False,1.0,Severe,7.1,73.9,539.2,0.155,0.358,0.879,Festival crowd surge detected - alternate route and extended cycle recommended
EVT426367,2025-11-24 14:51:35,Concert,J020,Malleshwaram Circle,17232,Weekday,False,Clear,False,0.0,False,False,0.347,Low,34.5,30.5,88.6,0.063,0.146,0.937,Moderate traffic flow - standard adaptive signal timing in effect
EVT426368,2025-04-29 18:45:54,Local Market Day,J011,Indiranagar 100ft Road,3084,Weekday,False,Clear,False,0.0,False,False,0.903,Severe,10.7,70.2,375.0,0.134,0.309,0.924,Heavy congestion detected - signal timing extended and reroute suggested
EVT426369,2025-09-03 20:17:45,Concert,J011,Indiranagar 100ft Road,16938,Weekday,False,Heavy Rain,True,31.6,False,False,1.0,Severe,6.2,77.8,592.4,0.171,0.395,0.877,Heavy rain reducing visibility and grip - reduced speed and longer buffer advised
EVT426370,2026-01-11 12:17:22,Local Market Day,J020,Malleshwaram Circle,1986,Weekend,False,Clear,False,0.0,False,False,0.217,Low,32.2,11.8,142.6,0.107,0.247,0.982,Normal free-flow traffic - standard signal timing maintained
EVT426371,2025-03-09 18:00:49,Concert,J020,Malleshwaram Circle,16746,Weekend,False,Clear,False,0.0,False,False,0.888,Severe,12.7,68.3,159.9,0.07,0.161,0.914,Heavy congestion detected - signal timing extended and reroute suggested
EVT426372,2025-12-16 18:35:16,Concert,J023,Basavanagudi,7486,Weekday,False,Clear,False,0.0,False,False,0.966,Severe,9.6,67.1,442.2,0.176,0.406,0.924,Heavy congestion detected - signal timing extended and reroute suggested
EVT426373,2026-03-04 19:14:53,Cultural Procession,J012,Koramangala Sony World,12754,Weekday,True,Clear,False,0.0,False,True,1.0,Severe,8.4,106.1,726.3,0.271,0.625,0.843,Road closure for event/procession - full detour recommended for through-traffic
EVT426374,2025-04-26 20:01:02,Sports Fixture,J009,Majestic,26756,Weekend,False,Clear,False,0.0,False,False,0.778,Severe,16.1,55.6,142.5,0.07,0.161,0.922,Heavy congestion detected - signal timing extended and reroute suggested
EVT426375,2026-05-09 07:05:12,Local Market Day,J030,MG Road,5105,Weekend,False,Clear,False,0.0,False,False,0.413,Moderate,33.6,29.3,166.1,0.162,0.373,0.965,Moderate traffic flow - standard adaptive signal timing in effect
EVT426376,2026-01-01 10:56:44,Fireworks Display,J012,Koramangala Sony World,24092,Weekday,True,Clear,False,0.0,False,False,0.687,High,18.2,45.2,301.9,0.165,0.38,0.926,Festival crowd surge detected - alternate route and extended cycle recommended
EVT426377,2025-09-29 16:45:23,Sports Fixture,J031,Cubbon Road,18712,Weekday,False,Clear,False,0.0,False,False,0.684,High,15.4,54.4,158.1,0.09,0.207,0.954,Moderate traffic flow - standard adaptive signal timing in effect
EVT426378,2025-08-23 20:13:56,Concert,J040,City Market,18325,Weekend,False,Clear,False,0.0,False,False,0.728,High,20.2,52.9,291.5,0.194,0.448,0.974,Moderate traffic flow - standard adaptive signal timing in effect
EVT426379,2026-03-31 18:27:05,Concert,J031,Cubbon Road,7749,Weekday,False,Clear,False,0.0,False,False,0.99,Severe,7.6,70.6,750.4,0.245,0.566,0.893,Heavy congestion detected - signal timing extended and reroute suggested
EVT426380,2025-02-28 09:43:54,Local Market Day,J020,Malleshwaram Circle,3540,Weekday,False,Clear,False,0.0,False,False,0.879,Severe,14.1,68.1,544.9,0.244,0.563,0.903,Heavy congestion detected - signal timing extended and reroute suggested
EVT426381,2026-05-25 17:31:28,Local Market Day,J012,Koramangala Sony World,7472,Weekday,False,Light Rain,True,5.8,False,False,1.0,Severe,9.7,66.7,454.9,0.189,0.437,0.864,Heavy rain reducing visibility and grip - reduced speed and longer buffer advised
EVT426382,2025-08-30 11:05:47,Concert,J031,Cubbon Road,5478,Weekend,False,Heavy Rain,True,26.9,False,False,0.748,High,16.5,53.9,174.9,0.113,0.26,0.93,Heavy rain reducing visibility and grip - reduced speed and longer buffer advised
EVT426383,2025-08-04 08:31:18,Sports Fixture,J023,Basavanagudi,35658,Weekday,False,Clear,False,0.0,False,False,1.0,Severe,6.9,76.3,697.6,0.163,0.377,0.945,Heavy congestion detected - signal timing extended and reroute suggested
EVT426384,2025-05-20 04:31:59,Sports Fixture,J012,Koramangala Sony World,25626,Weekday,False,Fog,False,0.0,False,False,0.325,Low,28.5,28.1,200.3,0.159,0.368,0.962,Moderate traffic flow - standard adaptive signal timing in effect
EVT426385,2025-04-13 21:35:21,Trade Fair,J031,Cubbon Road,7881,Weekend,False,Clear,False,0.0,False,False,0.442,Moderate,25.0,30.9,156.7,0.097,0.224,0.987,Moderate traffic flow - standard adaptive signal timing in effect
EVT426386,2025-03-09 21:04:13,Political Rally,J023,Basavanagudi,8504,Weekend,False,Clear,False,0.0,False,False,0.46,Moderate,21.5,31.4,253.7,0.177,0.408,0.953,Moderate traffic flow - standard adaptive signal timing in effect
EVT426387,2026-04-10 10:10:27,Trade Fair,J030,MG Road,12309,Weekday,False,Clear,False,0.0,False,False,0.783,Severe,11.8,52.0,146.2,0.076,0.176,0.945,Heavy congestion detected - signal timing extended and reroute suggested
EVT426388,2025-07-20 16:27:11,Sports Fixture,J040,City Market,20397,Weekend,False,Heavy Rain,True,48.3,False,False,1.0,Severe,8.4,69.1,676.8,0.229,0.529,0.881,Heavy rain reducing visibility and grip - reduced speed and longer buffer advised
EVT426389,2026-01-08 20:53:49,Concert,J012,Koramangala Sony World,18981,Weekday,False,Clear,False,0.0,False,False,0.523,Moderate,20.7,36.3,197.4,0.127,0.293,0.986,Moderate traffic flow - standard adaptive signal timing in effect
EVT426390,2025-08-05 18:19:32,Concert,J020,Malleshwaram Circle,12102,Weekday,False,Heavy Rain,True,51.3,False,False,1.0,Severe,8.3,72.8,567.1,0.188,0.435,0.834,Heavy rain reducing visibility and grip - reduced speed and longer buffer advised
EVT426391,2025-08-06 20:48:57,Local Market Day,J011,Indiranagar 100ft Road,7481,Weekday,False,Clear,False,0.0,False,False,0.44,Moderate,23.4,36.7,141.9,0.105,0.242,0.961,Moderate traffic flow - standard adaptive signal timing in effect
EVT426392,2026-03-20 14:20:46,Religious Festival,J009,Majestic,61111,Weekday,True,Clear,False,0.0,False,True,0.912,Severe,12.7,95.7,175.3,0.085,0.196,0.852,Road closure for event/procession - full detour recommended for through-traffic
EVT426393,2026-01-01 17:12:04,Cultural Procession,J030,MG Road,13158,Weekday,True,Clear,False,0.0,False,True,1.0,Severe,9.7,97.0,208.5,0.099,0.228,0.833,Road closure for event/procession - full detour recommended for through-traffic
EVT426394,2026-06-05 18:48:13,Trade Fair,J040,City Market,14141,Weekday,False,Heavy Rain,True,31.3,True,False,1.0,Severe,7.8,75.0,402.9,0.134,0.311,0.725,Accident detected nearby - reroute and reduced speed advised
EVT426395,2025-01-08 06:07:08,Trade Fair,J023,Basavanagudi,8792,Weekday,False,Clear,False,0.0,False,False,0.182,Low,19.6,7.8,208.6,0.093,0.214,0.923,Normal free-flow traffic - standard signal timing maintained
EVT426396,2025-03-18 08:10:54,Sports Fixture,J009,Majestic,17617,Weekday,False,Clear,False,0.0,False,False,0.931,Severe,10.9,63.2,406.1,0.175,0.405,0.933,Heavy congestion detected - signal timing extended and reroute suggested
EVT426397,2026-04-07 11:09:43,Political Rally,J020,Malleshwaram Circle,16068,Weekday,False,Clear,False,0.0,False,False,0.342,Low,29.6,24.2,145.8,0.109,0.251,0.984,Moderate traffic flow - standard adaptive signal timing in effect
EVT426398,2025-05-16 08:18:40,Sports Fixture,J009,Majestic,13790,Weekday,False,Clear,False,0.0,False,False,0.91,Severe,13.5,62.4,407.8,0.198,0.458,0.952,Heavy congestion detected - signal timing extended and reroute suggested
EVT426399,2025-05-19 14:20:43,Concert,J009,Majestic,8773,Weekday,False,Clear,False,0.0,False,False,0.255,Low,34.8,15.9,49.3,0.051,0.119,0.99,Moderate traffic flow - standard adaptive signal timing in effect
EVT426400,2025-07-15 12:35:57,Sports Fixture,J030,MG Road,42043,Weekday,False,Heavy Rain,True,60.8,False,False,0.802,Severe,17.2,58.3,282.0,0.166,0.383,0.906,Heavy rain reducing visibility and grip - reduced speed and longer buffer advised
EVT426401,2026-05-19 11:58:05,Sports Fixture,J020,Malleshwaram Circle,26723,Weekday,False,Clear,False,0.0,False,False,0.374,Moderate,26.1,27.5,211.3,0.163,0.376,0.99,Moderate traffic flow - standard adaptive signal timing in effect
EVT426402,2025-04-09 19:13:17,Political Rally,J031,Cubbon Road,15264,Weekday,False,Light Rain,True,4.4,False,False,1.0,Severe,6.5,71.5,515.8,0.148,0.341,0.868,Heavy rain reducing visibility and grip - reduced speed and longer buffer advised
EVT426403,2026-04-24 07:34:01,Concert,J011,Indiranagar 100ft Road,6439,Weekday,False,Clear,False,0.0,False,False,0.636,High,17.8,46.0,241.6,0.132,0.305,0.975,Moderate traffic flow - standard adaptive signal timing in effect
EVT426404,2026-05-08 08:12:54,Trade Fair,J012,Koramangala Sony World,8503,Weekday,False,Clear,False,0.0,False,False,0.896,Severe,11.2,64.7,395.5,0.203,0.469,0.94,Heavy congestion detected - signal timing extended and reroute suggested
EVT426405,2025-12-12 11:40:48,Trade Fair,J020,Malleshwaram Circle,7150,Weekday,False,Clear,False,0.0,False,False,0.308,Low,27.3,19.0,208.0,0.177,0.408,0.963,Moderate traffic flow - standard adaptive signal timing in effect
EVT426406,2025-03-22 19:55:45,Concert,J009,Majestic,10449,Weekend,False,Clear,False,0.0,False,False,0.748,High,19.4,55.5,142.3,0.09,0.208,0.971,Moderate traffic flow - standard adaptive signal timing in effect
EVT426407,2025-10-28 17:59:23,Local Market Day,J011,Indiranagar 100ft Road,3868,Weekday,False,Clear,False,0.0,False,False,1.0,Severe,8.1,72.9,874.1,0.284,0.656,0.899,Heavy congestion detected - signal timing extended and reroute suggested
EVT426408,2025-06-27 10:26:00,Trade Fair,J030,MG Road,8525,Weekday,False,Clear,False,0.0,False,False,0.707,High,17.0,53.6,216.4,0.119,0.275,0.945,Moderate traffic flow - standard adaptive signal timing in effect
EVT426409,2025-11-05 09:25:45,Trade Fair,J011,Indiranagar 100ft Road,12891,Weekday,False,Clear,False,0.0,False,False,0.925,Severe,10.7,63.4,313.2,0.12,0.277,0.903,Heavy congestion detected - signal timing extended and reroute suggested
EVT426410,2025-09-14 18:51:26,Political Rally,J020,Malleshwaram Circle,8483,Weekend,False,Clear,False,0.0,False,False,0.869,Severe,12.7,64.0,346.6,0.155,0.358,0.947,Heavy congestion detected - signal timing extended and reroute suggested
EVT426411,2025-02-04 07:58:37,Local Market Day,J030,MG Road,4293,Weekday,False,Clear,False,0.0,False,False,0.766,Severe,13.8,54.3,326.7,0.162,0.374,0.93,Heavy congestion detected - signal timing extended and reroute suggested
EVT426412,2025-05-25 11:28:17,Local Market Day,J012,Koramangala Sony World,7409,Weekend,False,Clear,False,0.0,False,False,0.407,Moderate,33.0,26.5,151.6,0.138,0.319,0.945,Moderate traffic flow - standard adaptive signal timing in effect
EVT426413,2026-03-24 16:44:30,Local Market Day,J031,Cubbon Road,3268,Weekday,False,Clear,False,0.0,False,False,0.635,High,21.5,43.8,148.1,0.108,0.249,0.96,Moderate traffic flow - standard adaptive signal timing in effect
EVT426414,2025-12-03 07:09:23,Sports Fixture,J023,Basavanagudi,21518,Weekday,False,Clear,False,0.0,False,False,0.553,High,19.4,37.7,288.1,0.173,0.4,0.966,Moderate traffic flow - standard adaptive signal timing in effect
EVT426415,2026-01-27 11:21:24,Religious Festival,J012,Koramangala Sony World,35967,Weekday,True,Clear,False,0.0,False,True,0.827,High,13.3,70.6,386.9,0.19,0.439,0.882,Road closure for event/procession - full detour recommended for through-traffic
EVT426416,2025-06-11 20:20:09,Sports Fixture,J009,Majestic,24135,Weekday,False,Heavy Rain,True,30.5,False,False,0.995,Severe,7.4,69.3,886.9,0.246,0.568,0.857,Heavy rain reducing visibility and grip - reduced speed and longer buffer advised
EVT426417,2025-11-28 19:22:46,Political Rally,J023,Basavanagudi,15110,Weekday,False,Clear,False,0.0,False,False,0.984,Severe,9.7,72.2,240.9,0.097,0.223,0.887,Heavy congestion detected - signal timing extended and reroute suggested
EVT426418,2025-04-05 19:19:08,Political Rally,J012,Koramangala Sony World,12670,Weekend,False,Light Rain,True,6.0,False,False,0.965,Severe,10.5,66.5,302.2,0.116,0.268,0.856,Heavy rain reducing visibility and grip - reduced speed and longer buffer advised
EVT426419,2025-02-01 17:14:43,Sports Fixture,J011,Indiranagar 100ft Road,22910,Weekend,False,Clear,False,0.0,False,False,0.807,Severe,15.2,55.3,416.5,0.224,0.517,0.962,Heavy congestion detected - signal timing extended and reroute suggested
EVT426420,2025-08-08 20:12:00,Sports Fixture,J030,MG Road,15395,Weekday,False,Clear,False,0.0,False,False,0.806,Severe,15.6,60.0,263.5,0.126,0.291,0.948,Heavy congestion detected - signal timing extended and reroute suggested
EVT426421,2026-06-22 07:46:51,Concert,J020,Malleshwaram Circle,12925,Weekday,False,Clear,False,0.0,False,False,0.762,Severe,15.8,52.0,318.0,0.174,0.403,0.938,Heavy congestion detected - signal timing extended and reroute suggested
EVT426422,2025-09-17 23:53:51,Concert,J040,City Market,9987,Weekday,False,Rain,True,17.3,False,False,0.394,Moderate,34.1,31.3,165.7,0.149,0.344,0.9,Light rain detected - minor speed reduction advised
EVT426423,2025-08-30 09:29:49,Sports Fixture,J020,Malleshwaram Circle,25081,Weekend,False,Clear,False,0.0,False,False,1.0,Severe,10.0,73.7,648.7,0.277,0.639,0.93,Heavy congestion detected - signal timing extended and reroute suggested
EVT426424,2025-12-06 09:16:38,Sports Fixture,J020,Malleshwaram Circle,14650,Weekend,False,Clear,False,0.0,False,False,0.823,Severe,14.6,62.8,315.2,0.165,0.381,0.963,Heavy congestion detected - signal timing extended and reroute suggested
EVT426425,2026-06-01 09:19:39,Local Market Day,J011,Indiranagar 100ft Road,8251,Weekday,False,Clear,False,0.0,False,False,1.0,Severe,9.1,70.7,703.8,0.245,0.565,0.902,Heavy congestion detected - signal timing extended and reroute suggested
EVT426426,2026-03-16 16:36:37,Local Market Day,J030,MG Road,3893,Weekday,False,Clear,False,0.0,False,False,0.625,High,21.4,43.6,255.2,0.166,0.383,0.979,Moderate traffic flow - standard adaptive signal timing in effect
EVT426427,2026-01-09 07:56:00,Local Market Day,J012,Koramangala Sony World,3437,Weekday,False,Clear,False,0.0,False,False,0.843,Severe,9.5,59.6,383.8,0.15,0.346,0.937,Heavy congestion detected - signal timing extended and reroute suggested
EVT426428,2025-01-23 07:45:22,Trade Fair,J012,Koramangala Sony World,4586,Weekday,False,Clear,False,0.0,False,False,0.673,High,21.2,49.7,321.4,0.211,0.488,0.976,Moderate traffic flow - standard adaptive signal timing in effect
EVT426429,2026-06-06 04:24:16,Sports Fixture,J040,City Market,20724,Weekend,False,Clear,False,0.0,False,False,0.348,Low,36.0,30.9,133.5,0.137,0.316,0.966,Moderate traffic flow - standard adaptive signal timing in effect
EVT426430,2025-05-29 15:07:59,Local Market Day,J009,Majestic,2668,Weekday,False,Clear,False,0.0,False,False,0.305,Low,27.9,27.6,95.0,0.07,0.161,0.945,Moderate traffic flow - standard adaptive signal timing in effect
EVT426431,2025-03-06 08:36:29,Concert,J011,Indiranagar 100ft Road,15586,Weekday,False,Clear,False,0.0,False,False,1.0,Severe,8.6,67.2,535.7,0.199,0.459,0.916,Heavy congestion detected - signal timing extended and reroute suggested
EVT426432,2025-11-08 18:46:30,Concert,J009,Majestic,14080,Weekend,False,Clear,False,0.0,False,False,0.847,Severe,16.6,59.7,317.0,0.184,0.425,0.934,Heavy congestion detected - signal timing extended and reroute suggested
EVT426433,2025-12-15 06:34:07,Sports Fixture,J009,Majestic,29346,Weekday,False,Fog,False,0.0,False,False,0.528,Moderate,22.5,38.1,133.3,0.08,0.185,0.978,Moderate traffic flow - standard adaptive signal timing in effect
EVT426434,2026-05-11 16:10:49,Sports Fixture,J011,Indiranagar 100ft Road,17804,Weekday,False,Clear,False,0.0,False,False,0.561,High,21.9,38.9,314.4,0.202,0.467,0.951,Moderate traffic flow - standard adaptive signal timing in effect
EVT426435,2025-11-11 06:32:25,Local Market Day,J020,Malleshwaram Circle,2940,Weekday,False,Clear,False,0.0,False,False,0.284,Low,38.7,23.8,68.7,0.055,0.127,0.96,Moderate traffic flow - standard adaptive signal timing in effect
EVT426436,2025-05-14 12:57:34,Local Market Day,J023,Basavanagudi,3573,Weekday,False,Clear,False,0.0,False,False,0.164,Low,41.5,14.6,173.0,0.205,0.473,0.958,Normal free-flow traffic - standard signal timing maintained
EVT426437,2026-01-19 07:11:51,Trade Fair,J023,Basavanagudi,12085,Weekday,False,Clear,False,0.0,False,False,0.548,Moderate,24.3,38.6,138.0,0.107,0.246,0.953,Moderate traffic flow - standard adaptive signal timing in effect
EVT426438,2025-04-24 12:13:23,Trade Fair,J009,Majestic,7087,Weekday,False,Clear,False,0.0,False,False,0.188,Low,31.9,15.6,140.0,0.108,0.25,0.99,Normal free-flow traffic - standard signal timing maintained
EVT426439,2026-03-01 06:00:05,Political Rally,J020,Malleshwaram Circle,7279,Weekend,False,Clear,False,0.0,False,False,0.311,Low,29.2,23.0,202.4,0.162,0.374,0.965,Moderate traffic flow - standard adaptive signal timing in effect
EVT426440,2025-08-28 16:01:17,Religious Festival,J023,Basavanagudi,55452,Weekday,True,Rain,True,16.7,False,True,1.0,Severe,7.9,101.0,580.5,0.209,0.483,0.793,Road closure for event/procession - full detour recommended for through-traffic
EVT426441,2025-05-13 16:50:31,Trade Fair,J012,Koramangala Sony World,7536,Weekday,False,Clear,False,0.0,False,False,0.67,High,20.7,52.2,226.5,0.129,0.299,0.942,Moderate traffic flow - standard adaptive signal timing in effect
EVT426442,2026-02-07 12:24:46,Sports Fixture,J023,Basavanagudi,19642,Weekend,False,Clear,False,0.0,False,False,0.306,Low,38.6,29.5,95.7,0.1,0.231,0.978,Moderate traffic flow - standard adaptive signal timing in effect
EVT426443,2025-08-08 07:51:20,Local Market Day,J011,Indiranagar 100ft Road,5663,Weekday,False,Clear,False,0.0,False,False,0.794,Severe,18.5,58.2,345.3,0.237,0.547,0.978,Heavy congestion detected - signal timing extended and reroute suggested
EVT426444,2025-06-27 06:51:35,Trade Fair,J009,Majestic,11012,Weekday,False,Heavy Rain,True,79.6,False,False,0.743,High,18.5,45.8,331.9,0.199,0.459,0.902,Heavy rain reducing visibility and grip - reduced speed and longer buffer advised
EVT426445,2025-07-26 12:53:10,Trade Fair,J020,Malleshwaram Circle,8103,Weekend,False,Clear,False,0.0,False,False,0.265,Low,25.6,18.3,132.9,0.095,0.219,0.957,Moderate traffic flow - standard adaptive signal timing in effect
EVT426446,2026-03-22 11:32:40,Sports Fixture,J011,Indiranagar 100ft Road,23323,Weekend,False,Clear,False,0.0,False,False,0.339,Low,30.9,30.2,151.3,0.124,0.286,0.962,Moderate traffic flow - standard adaptive signal timing in effect
EVT426447,2025-01-02 13:12:32,Concert,J023,Basavanagudi,11010,Weekday,False,Clear,False,0.0,False,False,0.21,Low,31.7,9.8,169.2,0.141,0.327,0.96,Normal free-flow traffic - standard signal timing maintained
EVT426448,2025-01-13 18:05:03,Sports Fixture,J040,City Market,23625,Weekday,False,Clear,False,0.0,False,False,1.0,Severe,9.2,66.3,598.3,0.226,0.521,0.919,Heavy congestion detected - signal timing extended and reroute suggested
EVT426449,2026-06-04 16:49:04,Local Market Day,J031,Cubbon Road,2784,Weekday,False,Clear,False,0.0,False,False,0.609,High,26.4,47.1,285.5,0.231,0.534,0.967,Moderate traffic flow - standard adaptive signal timing in effect
EVT426450,2025-10-22 18:45:01,Religious Festival,J020,Malleshwaram Circle,35194,Weekday,True,Clear,False,0.0,False,True,1.0,Severe,8.7,100.3,604.0,0.249,0.576,0.825,Road closure for event/procession - full detour recommended for through-traffic
EVT426451,2025-10-16 18:11:34,Trade Fair,J011,Indiranagar 100ft Road,10648,Weekday,False,Rain,True,14.8,False,False,1.0,Severe,7.0,73.9,691.3,0.224,0.518,0.83,Heavy rain reducing visibility and grip - reduced speed and longer buffer advised
EVT426452,2025-04-23 20:42:28,Concert,J009,Majestic,13718,Weekday,False,Clear,False,0.0,False,False,0.567,High,25.0,30.3,194.6,0.144,0.332,0.983,Moderate traffic flow - standard adaptive signal timing in effect
EVT426453,2025-10-11 20:15:37,Concert,J011,Indiranagar 100ft Road,16921,Weekend,False,Clear,False,0.0,False,False,0.678,High,19.2,51.3,233.8,0.147,0.339,0.985,Moderate traffic flow - standard adaptive signal timing in effect
EVT426454,2025-01-07 20:31:50,Local Market Day,J040,City Market,2753,Weekday,False,Clear,False,0.0,False,False,0.541,Moderate,23.5,42.1,91.7,0.052,0.119,0.965,Moderate traffic flow - standard adaptive signal timing in effect
EVT426455,2025-04-13 10:24:12,Political Rally,J030,MG Road,14942,Weekend,False,Clear,False,0.0,False,False,0.654,High,19.7,46.2,206.2,0.131,0.302,0.934,Moderate traffic flow - standard adaptive signal timing in effect
EVT426456,2026-01-06 16:18:22,Local Market Day,J009,Majestic,4601,Weekday,False,Clear,False,0.0,False,False,0.539,Moderate,25.6,36.1,177.8,0.143,0.33,0.97,Moderate traffic flow - standard adaptive signal timing in effect
EVT426457,2025-10-22 20:33:05,Religious Festival,J030,MG Road,19730,Weekday,True,Clear,False,0.0,False,False,0.903,Severe,9.3,66.4,479.4,0.188,0.434,0.864,Festival crowd surge detected - alternate route and extended cycle recommended
EVT426458,2025-10-20 17:11:56,Cultural Procession,J040,City Market,21855,Weekday,True,Heavy Rain,True,25.6,False,True,1.0,Severe,9.3,94.3,383.2,0.136,0.314,0.79,Road closure for event/procession - full detour recommended for through-traffic
EVT426459,2025-10-22 09:33:35,Religious Festival,J011,Indiranagar 100ft Road,49498,Weekday,True,Clear,False,0.0,False,False,1.0,Severe,8.3,76.1,568.3,0.194,0.449,0.834,Festival crowd surge detected - alternate route and extended cycle recommended
EVT426460,2026-06-28 19:09:37,Local Market Day,J031,Cubbon Road,5937,Weekend,False,Clear,False,0.0,False,False,0.885,Severe,12.3,65.5,516.7,0.26,0.601,0.922,Heavy congestion detected - signal timing extended and reroute suggested
EVT426461,2026-01-21 08:54:50,Sports Fixture,J031,Cubbon Road,18353,Weekday,False,Clear,False,0.0,False,False,1.0,Severe,8.5,75.6,605.9,0.232,0.536,0.912,Heavy congestion detected - signal timing extended and reroute suggested
EVT426462,2026-02-16 22:45:59,Local Market Day,J040,City Market,4380,Weekday,False,Clear,False,0.0,False,False,0.184,Low,29.8,10.3,166.0,0.116,0.269,0.989,Normal free-flow traffic - standard signal timing maintained
EVT426463,2025-10-15 07:37:49,Trade Fair,J031,Cubbon Road,8041,Weekday,False,Rain,True,17.5,False,False,0.908,Severe,14.5,60.1,238.3,0.133,0.308,0.893,Heavy rain reducing visibility and grip - reduced speed and longer buffer advised
EVT426464,2025-09-21 06:59:12,Concert,J009,Majestic,16046,Weekend,False,Clear,False,0.0,False,False,0.518,Moderate,25.9,40.0,140.4,0.108,0.25,0.957,Moderate traffic flow - standard adaptive signal timing in effect
EVT426465,2026-06-26 17:53:18,Political Rally,J023,Basavanagudi,11276,Weekday,False,Clear,False,0.0,False,False,0.934,Severe,10.0,64.3,430.2,0.165,0.382,0.909,Heavy congestion detected - signal timing extended and reroute suggested
EVT426466,2025-11-25 19:52:39,Local Market Day,J040,City Market,4109,Weekday,False,Rain,True,9.3,False,False,0.849,Severe,14.0,58.1,321.3,0.159,0.367,0.901,Heavy rain reducing visibility and grip - reduced speed and longer buffer advised
EVT426467,2025-08-15 15:56:59,Religious Festival,J011,Indiranagar 100ft Road,73188,Weekday,True,Fog,False,0.0,False,True,1.0,Severe,8.3,101.5,293.1,0.111,0.257,0.836,Road closure for event/procession - full detour recommended for through-traffic
EVT426468,2025-07-09 10:35:15,Local Market Day,J023,Basavanagudi,3985,Weekday,False,Heavy Rain,True,112.5,False,False,0.879,Severe,9.4,63.7,519.2,0.216,0.499,0.887,Heavy rain reducing visibility and grip - reduced speed and longer buffer advised
EVT426469,2025-06-23 11:43:45,Sports Fixture,J030,MG Road,21141,Weekday,False,Clear,False,0.0,False,False,0.397,Moderate,24.7,25.5,256.6,0.171,0.395,0.977,Moderate traffic flow - standard adaptive signal timing in effect
EVT426470,2026-01-09 06:28:57,Sports Fixture,J020,Malleshwaram Circle,27856,Weekday,False,Clear,False,0.0,False,False,0.467,Moderate,23.1,32.0,120.9,0.099,0.229,0.951,Moderate traffic flow - standard adaptive signal timing in effect
EVT426471,2026-03-29 17:56:59,Sports Fixture,J040,City Market,21579,Weekend,False,Clear,False,0.0,False,False,0.881,Severe,8.4,60.9,494.9,0.151,0.348,0.936,Heavy congestion detected - signal timing extended and reroute suggested
EVT426472,2025-04-18 08:05:27,Concert,J030,MG Road,7337,Weekday,False,Clear,False,0.0,False,False,0.869,Severe,12.8,52.9,332.4,0.168,0.389,0.956,Heavy congestion detected - signal timing extended and reroute suggested
EVT426473,2025-05-21 05:19:03,Concert,J012,Koramangala Sony World,11682,Weekday,False,Clear,False,0.0,False,False,0.193,Low,28.4,15.7,134.1,0.085,0.197,0.949,Normal free-flow traffic - standard signal timing maintained
EVT426474,2025-03-25 16:13:25,Sports Fixture,J012,Koramangala Sony World,27067,Weekday,False,Clear,False,0.0,False,False,0.592,High,24.0,37.4,198.0,0.122,0.282,0.966,Moderate traffic flow - standard adaptive signal timing in effect
EVT426475,2025-09-08 03:20:11,Sports Fixture,J031,Cubbon Road,21624,Weekday,False,Rain,True,23.6,False,False,0.588,High,18.1,41.2,330.5,0.19,0.438,0.924,Heavy rain reducing visibility and grip - reduced speed and longer buffer advised
EVT426476,2026-02-24 03:44:25,Local Market Day,J012,Koramangala Sony World,4549,Weekday,False,Clear,False,0.0,False,False,0.144,Low,29.4,11.3,162.5,0.121,0.28,0.957,Normal free-flow traffic - standard signal timing maintained
EVT426477,2025-05-23 18:23:50,Trade Fair,J023,Basavanagudi,6855,Weekday,False,Heavy Rain,True,30.5,False,False,1.0,Severe,9.0,74.7,400.8,0.148,0.341,0.862,Heavy rain reducing visibility and grip - reduced speed and longer buffer advised
EVT426478,2025-09-14 10:23:09,Political Rally,J012,Koramangala Sony World,19756,Weekend,False,Clear,False,0.0,False,False,0.678,High,21.0,50.6,275.7,0.192,0.443,0.965,Moderate traffic flow - standard adaptive signal timing in effect
EVT426479,2025-09-30 03:21:00,Sports Fixture,J040,City Market,15032,Weekday,False,Rain,True,21.5,True,False,0.843,Severe,12.7,60.4,273.6,0.133,0.308,0.74,Accident detected nearby - reroute and reduced speed advised
EVT426480,2025-09-01 16:27:46,Trade Fair,J011,Indiranagar 100ft Road,10113,Weekday,False,Heavy Rain,True,75.8,False,False,0.969,Severe,8.7,69.0,273.1,0.094,0.217,0.873,Heavy rain reducing visibility and grip - reduced speed and longer buffer advised
EVT426481,2025-09-27 21:35:06,Political Rally,J011,Indiranagar 100ft Road,15990,Weekend,False,Rain,True,16.9,False,False,0.693,High,19.2,50.6,400.7,0.238,0.55,0.914,Heavy rain reducing visibility and grip - reduced speed and longer buffer advised
EVT426482,2026-03-06 07:16:51,Local Market Day,J020,Malleshwaram Circle,4641,Weekday,False,Clear,False,0.0,False,False,0.565,High,27.0,38.7,177.0,0.147,0.338,0.931,Moderate traffic flow - standard adaptive signal timing in effect
EVT426483,2025-03-29 17:24:06,Local Market Day,J040,City Market,3658,Weekend,False,Clear,False,0.0,False,False,0.873,Severe,10.9,66.8,442.0,0.189,0.436,0.956,Heavy congestion detected - signal timing extended and reroute suggested
EVT426484,2025-01-01 15:04:20,Local Market Day,J040,City Market,3926,Weekday,False,Clear,False,0.0,False,False,0.271,Low,28.4,18.5,217.1,0.183,0.422,0.957,Moderate traffic flow - standard adaptive signal timing in effect
EVT426485,2026-04-04 17:51:50,Political Rally,J023,Basavanagudi,12112,Weekend,False,Light Rain,True,0.7,False,False,0.942,Severe,10.1,64.0,703.2,0.278,0.641,0.885,Heavy rain reducing visibility and grip - reduced speed and longer buffer advised
EVT426486,2026-02-18 17:13:54,Trade Fair,J011,Indiranagar 100ft Road,10759,Weekday,False,Clear,False,0.0,False,False,0.805,Severe,13.1,52.7,480.2,0.232,0.536,0.953,Heavy congestion detected - signal timing extended and reroute suggested
EVT426487,2026-06-05 10:44:30,Local Market Day,J020,Malleshwaram Circle,3923,Weekday,False,Clear,False,0.0,False,False,0.461,Moderate,24.0,34.7,212.7,0.146,0.337,0.978,Moderate traffic flow - standard adaptive signal timing in effect
EVT426488,2025-02-14 21:22:43,Trade Fair,J030,MG Road,6492,Weekday,False,Clear,False,0.0,False,False,0.379,Moderate,25.9,27.1,263.3,0.184,0.425,0.984,Moderate traffic flow - standard adaptive signal timing in effect
EVT426489,2026-01-18 11:05:37,Local Market Day,J009,Majestic,4006,Weekend,False,Clear,False,0.0,False,False,0.391,Moderate,33.3,29.8,164.2,0.145,0.334,0.975,Moderate traffic flow - standard adaptive signal timing in effect
EVT426490,2026-01-09 08:07:21,Trade Fair,J030,MG Road,13858,Weekday,False,Clear,False,0.0,False,False,1.0,Severe,8.6,73.9,198.1,0.065,0.151,0.921,Heavy congestion detected - signal timing extended and reroute suggested
EVT426491,2026-06-28 09:46:44,Concert,J023,Basavanagudi,8055,Weekend,False,Rain,True,19.9,False,False,0.957,Severe,6.4,66.2,568.7,0.139,0.321,0.878,Heavy rain reducing visibility and grip - reduced speed and longer buffer advised
EVT426492,2026-02-23 06:23:19,Concert,J030,MG Road,14182,Weekday,False,Clear,False,0.0,False,False,0.377,Moderate,23.4,23.7,174.6,0.108,0.249,0.945,Moderate traffic flow - standard adaptive signal timing in effect
EVT426493,2025-06-16 17:02:43,Local Market Day,J040,City Market,8389,Weekday,False,Clear,False,0.0,False,False,0.799,Severe,13.2,55.7,291.3,0.15,0.345,0.946,Heavy congestion detected - signal timing extended and reroute suggested
EVT426494,2025-03-03 06:13:37,Local Market Day,J012,Koramangala Sony World,6052,Weekday,False,Light Rain,True,4.9,False,False,0.329,Low,29.1,20.2,176.9,0.121,0.279,0.9,Light rain detected - minor speed reduction advised
EVT426495,2026-02-16 13:47:53,Local Market Day,J030,MG Road,2620,Weekday,False,Clear,False,0.0,False,False,0.159,Low,34.9,10.9,38.8,0.043,0.099,0.957,Normal free-flow traffic - standard signal timing maintained
EVT426496,2026-03-14 17:55:22,Political Rally,J023,Basavanagudi,19493,Weekend,False,Clear,False,0.0,False,False,0.893,Severe,10.5,60.5,515.9,0.19,0.438,0.953,Heavy congestion detected - signal timing extended and reroute suggested
EVT426497,2025-05-28 16:18:39,Concert,J009,Majestic,26028,Weekday,False,Clear,False,0.0,False,False,0.559,High,20.9,39.1,258.7,0.151,0.349,0.961,Moderate traffic flow - standard adaptive signal timing in effect
EVT426498,2025-03-04 14:05:58,Local Market Day,J020,Malleshwaram Circle,4651,Weekday,False,Clear,False,0.0,False,False,0.231,Low,25.4,18.8,204.6,0.109,0.252,0.95,Normal free-flow traffic - standard signal timing maintained
EVT426499,2025-02-01 17:41:35,Concert,J011,Indiranagar 100ft Road,11962,Weekend,False,Clear,False,0.0,False,False,0.785,Severe,14.8,51.8,202.3,0.11,0.254,0.94,Heavy congestion detected - signal timing extended and reroute suggested
EVT426500,2026-04-21 10:39:28,Local Market Day,J009,Majestic,3460,Weekday,False,Clear,False,0.0,False,False,0.588,High,19.8,37.8,172.6,0.11,0.253,0.979,Moderate traffic flow - standard adaptive signal timing in effect
EVT426501,2025-04-05 10:49:29,Political Rally,J012,Koramangala Sony World,7152,Weekend,False,Clear,False,0.0,False,False,0.453,Moderate,24.5,32.8,185.6,0.128,0.296,0.961,Moderate traffic flow - standard adaptive signal timing in effect
EVT426502,2026-05-25 16:36:47,Concert,J023,Basavanagudi,8391,Weekday,False,Heavy Rain,True,33.5,False,False,0.979,Severe,9.6,76.7,419.6,0.189,0.437,0.907,Heavy rain reducing visibility and grip - reduced speed and longer buffer advised
EVT426503,2025-07-16 18:41:48,Local Market Day,J020,Malleshwaram Circle,5113,Weekday,False,Clear,False,0.0,False,False,1.0,Severe,8.9,69.4,229.0,0.089,0.206,0.91,Heavy congestion detected - signal timing extended and reroute suggested
EVT426504,2026-02-02 18:49:39,Political Rally,J012,Koramangala Sony World,12926,Weekday,False,Clear,False,0.0,False,False,1.0,Severe,7.5,76.1,283.0,0.1,0.23,0.91,Heavy congestion detected - signal timing extended and reroute suggested
EVT426505,2025-11-29 09:24:20,Local Market Day,J012,Koramangala Sony World,3405,Weekend,False,Clear,False,0.0,False,False,0.815,Severe,16.1,59.2,188.3,0.107,0.247,0.946,Heavy congestion detected - signal timing extended and reroute suggested
EVT426506,2025-08-24 14:53:01,Political Rally,J012,Koramangala Sony World,13616,Weekend,False,Clear,False,0.0,False,False,0.344,Low,31.5,23.2,141.8,0.085,0.197,0.969,Moderate traffic flow - standard adaptive signal timing in effect
EVT426507,2025-02-26 18:20:01,Sports Fixture,J012,Koramangala Sony World,13167,Weekday,False,Clear,False,0.0,False,False,1.0,Severe,8.9,76.7,460.9,0.158,0.365,0.908,Heavy congestion detected - signal timing extended and reroute suggested
EVT426508,2025-12-09 16:56:00,Concert,J031,Cubbon Road,13690,Weekday,False,Clear,False,0.0,False,False,0.691,High,17.5,53.6,227.9,0.148,0.341,0.956,Moderate traffic flow - standard adaptive signal timing in effect
EVT426509,2026-01-10 18:25:42,Trade Fair,J030,MG Road,10797,Weekend,False,Clear,False,0.0,False,False,0.758,Severe,13.9,54.8,368.9,0.194,0.449,0.92,Heavy congestion detected - signal timing extended and reroute suggested
EVT426510,2025-05-23 02:51:18,Political Rally,J023,Basavanagudi,15790,Weekday,False,Clear,False,0.0,False,False,0.309,Low,28.2,25.4,171.8,0.135,0.312,0.951,Moderate traffic flow - standard adaptive signal timing in effect
EVT426511,2025-03-30 14:50:40,Religious Festival,J011,Indiranagar 100ft Road,40574,Weekend,True,Light Rain,True,1.4,False,False,0.814,Severe,16.3,56.8,229.3,0.131,0.303,0.85,Festival crowd surge detected - alternate route and extended cycle recommended
EVT426512,2026-02-04 17:49:30,Trade Fair,J009,Majestic,7958,Weekday,False,Clear,False,0.0,False,False,0.982,Severe,7.9,63.8,785.7,0.248,0.574,0.929,Heavy congestion detected - signal timing extended and reroute suggested
EVT426513,2025-09-15 16:43:56,Sports Fixture,J011,Indiranagar 100ft Road,11691,Weekday,False,Clear,False,0.0,False,False,0.726,High,18.5,48.0,179.0,0.099,0.228,0.989,Moderate traffic flow - standard adaptive signal timing in effect
EVT426514,2025-12-29 19:05:38,Concert,J023,Basavanagudi,15303,Weekday,False,Clear,False,0.0,False,False,0.907,Severe,11.3,63.8,493.4,0.215,0.496,0.934,Heavy congestion detected - signal timing extended and reroute suggested
EVT426515,2026-05-16 08:42:00,Political Rally,J009,Majestic,26486,Weekend,False,Heavy Rain,True,34.8,False,False,1.0,Severe,9.3,68.3,648.2,0.237,0.547,0.853,Heavy rain reducing visibility and grip - reduced speed and longer buffer advised
EVT426516,2025-03-26 16:17:00,Trade Fair,J011,Indiranagar 100ft Road,7570,Weekday,False,Clear,False,0.0,False,False,0.555,High,19.9,38.5,277.2,0.161,0.372,0.982,Moderate traffic flow - standard adaptive signal timing in effect
EVT426517,2025-05-19 19:50:19,Sports Fixture,J030,MG Road,26044,Weekday,False,Clear,False,0.0,False,False,0.916,Severe,14.1,67.7,522.1,0.252,0.581,0.93,Heavy congestion detected - signal timing extended and reroute suggested
EVT426518,2026-02-28 08:44:46,Concert,J030,MG Road,13268,Weekend,False,Clear,False,0.0,False,False,0.911,Severe,12.8,63.6,225.3,0.113,0.262,0.92,Heavy congestion detected - signal timing extended and reroute suggested
EVT426519,2025-10-27 19:38:36,Concert,J023,Basavanagudi,8996,Weekday,False,Clear,False,0.0,False,False,0.869,Severe,14.7,61.2,436.2,0.24,0.555,0.976,Heavy congestion detected - signal timing extended and reroute suggested
EVT426520,2025-09-26 08:54:07,Trade Fair,J020,Malleshwaram Circle,5690,Weekday,False,Heavy Rain,True,34.2,False,False,1.0,Severe,9.6,70.9,588.4,0.236,0.546,0.836,Heavy rain reducing visibility and grip - reduced speed and longer buffer advised
EVT426521,2026-03-24 15:47:36,Sports Fixture,J012,Koramangala Sony World,22274,Weekday,False,Clear,False,0.0,False,False,0.429,Moderate,29.2,30.2,204.0,0.18,0.415,0.978,Moderate traffic flow - standard adaptive signal timing in effect
EVT426522,2026-01-03 16:44:53,Trade Fair,J020,Malleshwaram Circle,7599,Weekend,False,Clear,False,0.0,False,False,0.635,High,16.5,39.6,169.9,0.101,0.234,0.965,Moderate traffic flow - standard adaptive signal timing in effect
EVT426523,2025-01-07 22:01:37,Local Market Day,J020,Malleshwaram Circle,5220,Weekday,False,Clear,False,0.0,False,False,0.175,Low,36.3,8.7,153.7,0.145,0.335,0.945,Normal free-flow traffic - standard signal timing maintained
EVT426524,2025-04-01 07:23:11,Local Market Day,J012,Koramangala Sony World,3082,Weekday,False,Clear,False,0.0,False,False,0.593,High,21.2,37.1,288.4,0.178,0.412,0.984,Moderate traffic flow - standard adaptive signal timing in effect
EVT426525,2025-03-09 18:51:08,Trade Fair,J020,Malleshwaram Circle,8222,Weekend,False,Clear,False,0.0,False,False,0.825,Severe,16.9,59.9,467.6,0.272,0.628,0.936,Heavy congestion detected - signal timing extended and reroute suggested
EVT426526,2025-05-20 14:38:20,Sports Fixture,J023,Basavanagudi,25386,Weekday,False,Light Rain,True,1.6,False,False,0.45,Moderate,25.9,31.1,146.9,0.125,0.288,0.914,Light rain detected - minor speed reduction advised
EVT426527,2026-06-02 22:38:58,Local Market Day,J023,Basavanagudi,5046,Weekday,False,Clear,False,0.0,False,False,0.266,Low,30.8,20.3,171.0,0.143,0.33,0.939,Moderate traffic flow - standard adaptive signal timing in effect
EVT426528,2026-06-16 08:24:03,Sports Fixture,J040,City Market,30772,Weekday,False,Heavy Rain,True,79.5,False,False,1.0,Severe,8.5,73.1,390.3,0.153,0.352,0.855,Heavy rain reducing visibility and grip - reduced speed and longer buffer advised
EVT426529,2025-12-22 17:11:19,Trade Fair,J040,City Market,17812,Weekday,False,Clear,False,0.0,False,False,0.878,Severe,14.1,65.9,344.7,0.164,0.38,0.955,Heavy congestion detected - signal timing extended and reroute suggested
EVT426530,2026-03-15 16:56:16,Concert,J030,MG Road,10574,Weekend,False,Clear,False,0.0,False,False,0.62,High,21.6,46.5,252.9,0.18,0.416,0.957,Moderate traffic flow - standard adaptive signal timing in effect
EVT426531,2025-11-12 10:39:37,Concert,J040,City Market,9710,Weekday,False,Clear,False,0.0,False,False,0.579,High,23.6,41.3,106.3,0.081,0.187,0.968,Moderate traffic flow - standard adaptive signal timing in effect
EVT426532,2025-07-08 20:43:49,Local Market Day,J031,Cubbon Road,5110,Weekday,False,Heavy Rain,True,26.1,False,False,0.886,Severe,11.0,63.3,815.1,0.344,0.795,0.896,Heavy rain reducing visibility and grip - reduced speed and longer buffer advised
EVT426533,2025-12-24 07:46:37,Local Market Day,J020,Malleshwaram Circle,6772,Weekday,False,Clear,False,0.0,False,False,0.717,High,14.8,51.9,188.0,0.099,0.229,0.975,Moderate traffic flow - standard adaptive signal timing in effect
EVT426534,2026-06-26 10:32:06,Concert,J020,Malleshwaram Circle,6695,Weekday,False,Light Rain,True,5.8,False,False,0.683,High,21.2,44.9,256.4,0.173,0.399,0.932,Heavy rain reducing visibility and grip - reduced speed and longer buffer advised
EVT426535,2025-01-14 16:27:48,Religious Festival,J023,Basavanagudi,25127,Weekday,True,Clear,False,0.0,False,False,0.882,Severe,11.3,59.5,602.9,0.263,0.608,0.879,Festival crowd surge detected - alternate route and extended cycle recommended
EVT426536,2025-03-05 13:51:49,Trade Fair,J030,MG Road,6441,Weekday,False,Clear,False,0.0,False,False,0.246,Low,29.6,21.5,182.6,0.149,0.345,0.943,Normal free-flow traffic - standard signal timing maintained
EVT426537,2026-02-27 12:13:40,Local Market Day,J023,Basavanagudi,3779,Weekday,False,Clear,False,0.0,False,False,0.209,Low,26.7,13.5,192.0,0.143,0.331,0.979,Normal free-flow traffic - standard signal timing maintained
EVT426538,2025-05-25 10:37:22,Local Market Day,J012,Koramangala Sony World,3478,Weekend,False,Clear,False,0.0,False,False,0.557,High,23.2,44.1,235.8,0.19,0.439,0.976,Moderate traffic flow - standard adaptive signal timing in effect
EVT426539,2026-06-26 09:19:44,Political Rally,J012,Koramangala Sony World,22947,Weekday,False,Clear,False,0.0,False,False,1.0,Severe,10.6,71.8,335.6,0.157,0.363,0.904,Heavy congestion detected - signal timing extended and reroute suggested
EVT426540,2026-06-23 08:46:29,Local Market Day,J020,Malleshwaram Circle,3301,Weekday,False,Rain,True,20.0,False,False,1.0,Severe,5.6,67.1,931.4,0.223,0.515,0.881,Heavy rain reducing visibility and grip - reduced speed and longer buffer advised
EVT426541,2025-07-08 09:38:22,Sports Fixture,J031,Cubbon Road,25959,Weekday,False,Clear,False,0.0,False,False,1.0,Severe,9.2,72.9,561.7,0.206,0.476,0.897,Heavy congestion detected - signal timing extended and reroute suggested
EVT426542,2026-05-07 23:12:17,Sports Fixture,J009,Majestic,33006,Weekday,False,Clear,False,0.0,False,False,0.449,Moderate,28.4,32.5,230.1,0.194,0.449,0.954,Moderate traffic flow - standard adaptive signal timing in effect
EVT426543,2026-03-30 00:10:56,Trade Fair,J030,MG Road,7096,Weekday,False,Clear,False,0.0,False,False,0.13,Low,28.5,8.7,110.3,0.07,0.161,0.956,Normal free-flow traffic - standard signal timing maintained
EVT426544,2025-07-09 08:45:49,Sports Fixture,J020,Malleshwaram Circle,16564,Weekday,False,Clear,False,0.0,False,False,1.0,Severe,7.4,68.5,586.4,0.175,0.405,0.916,Heavy congestion detected - signal timing extended and reroute suggested
EVT426545,2025-02-11 07:56:25,Local Market Day,J040,City Market,5951,Weekday,False,Clear,False,0.0,False,False,0.815,Severe,13.0,57.4,526.5,0.253,0.584,0.947,Heavy congestion detected - signal timing extended and reroute suggested
EVT426546,2025-03-10 19:33:10,Sports Fixture,J020,Malleshwaram Circle,20889,Weekday,False,Clear,False,0.0,False,False,0.998,Severe,6.7,71.3,908.4,0.263,0.608,0.916,Heavy congestion detected - signal timing extended and reroute suggested
EVT426547,2026-03-19 20:54:27,Religious Festival,J012,Koramangala Sony World,43586,Weekday,True,Clear,False,0.0,False,True,1.0,Severe,9.1,102.0,556.4,0.236,0.546,0.838,Road closure for event/procession - full detour recommended for through-traffic
EVT426548,2025-07-09 12:11:39,Trade Fair,J031,Cubbon Road,13340,Weekday,False,Heavy Rain,True,46.6,False,False,0.685,High,17.6,49.7,364.8,0.189,0.436,0.924,Heavy rain reducing visibility and grip - reduced speed and longer buffer advised
EVT426549,2025-05-05 11:08:42,Sports Fixture,J023,Basavanagudi,18812,Weekday,False,Clear,False,0.0,False,False,0.466,Moderate,27.8,30.3,169.7,0.155,0.359,0.959,Moderate traffic flow - standard adaptive signal timing in effect
EVT426550,2026-04-19 10:40:39,Local Market Day,J030,MG Road,4090,Weekend,False,Rain,True,9.6,False,False,0.646,High,25.2,51.0,228.8,0.18,0.416,0.903,Heavy rain reducing visibility and grip - reduced speed and longer buffer advised
EVT426551,2026-03-10 16:20:59,Concert,J040,City Market,10078,Weekday,False,Clear,False,0.0,False,False,0.588,High,20.2,46.3,95.8,0.07,0.162,0.976,Moderate traffic flow - standard adaptive signal timing in effect
EVT426552,2025-01-05 22:39:17,Sports Fixture,J030,MG Road,13361,Weekend,False,Clear,False,0.0,False,False,0.315,Low,34.5,20.2,190.5,0.177,0.41,0.942,Moderate traffic flow - standard adaptive signal timing in effect
EVT426553,2025-08-10 18:39:36,Trade Fair,J040,City Market,13512,Weekend,False,Clear,False,0.0,False,False,0.89,Severe,12.2,57.6,290.1,0.137,0.316,0.949,Heavy congestion detected - signal timing extended and reroute suggested
EVT426554,2026-05-31 07:14:32,Concert,J009,Majestic,14670,Weekend,False,Clear,False,0.0,False,False,0.664,High,17.2,43.0,242.9,0.137,0.317,0.94,Moderate traffic flow - standard adaptive signal timing in effect
EVT426555,2025-10-06 21:36:28,Local Market Day,J012,Koramangala Sony World,3700,Weekday,False,Fog,False,0.0,False,False,0.388,Moderate,24.9,33.3,151.9,0.104,0.239,0.955,Moderate traffic flow - standard adaptive signal timing in effect
EVT426556,2025-08-09 08:09:22,Political Rally,J011,Indiranagar 100ft Road,13703,Weekend,False,Clear,False,0.0,False,False,0.847,Severe,15.3,57.8,134.5,0.074,0.171,0.936,Heavy congestion detected - signal timing extended and reroute suggested
EVT426557,2026-06-07 14:53:37,Local Market Day,J012,Koramangala Sony World,2928,Weekend,False,Rain,True,19.6,False,False,0.43,Moderate,28.9,32.0,135.2,0.108,0.25,0.918,Light rain detected - minor speed reduction advised
EVT426558,2025-08-06 19:04:19,Sports Fixture,J023,Basavanagudi,15383,Weekday,False,Clear,False,0.0,False,False,1.0,Severe,8.8,66.2,189.2,0.069,0.16,0.926,Heavy congestion detected - signal timing extended and reroute suggested
EVT426559,2025-07-04 17:21:13,Local Market Day,J012,Koramangala Sony World,3556,Weekday,False,Clear,False,0.0,False,False,0.8,Severe,13.7,58.5,235.8,0.107,0.247,0.914,Heavy congestion detected - signal timing extended and reroute suggested
EVT426560,2025-01-06 19:33:16,Local Market Day,J023,Basavanagudi,4038,Weekday,False,Clear,False,0.0,False,False,0.878,Severe,11.8,62.2,335.5,0.167,0.386,0.939,Heavy congestion detected - signal timing extended and reroute suggested
EVT426561,2025-10-31 09:09:48,Political Rally,J011,Indiranagar 100ft Road,15575,Weekday,False,Clear,False,0.0,False,False,1.0,Severe,6.8,66.1,535.4,0.155,0.359,0.927,Heavy congestion detected - signal timing extended and reroute suggested
EVT426562,2026-04-28 08:23:05,Concert,J023,Basavanagudi,29229,Weekday,False,Clear,False,0.0,False,False,1.0,Severe,8.6,69.9,527.7,0.178,0.411,0.941,Heavy congestion detected - signal timing extended and reroute suggested
EVT426563,2026-04-13 18:30:43,Local Market Day,J031,Cubbon Road,4315,Weekday,False,Clear,False,0.0,False,False,1.0,Severe,8.7,71.9,245.0,0.107,0.247,0.927,Heavy congestion detected - signal timing extended and reroute suggested
EVT426564,2025-12-03 18:52:43,Political Rally,J030,MG Road,21848,Weekday,False,Clear,False,0.0,False,False,1.0,Severe,7.8,74.7,419.2,0.152,0.352,0.886,Heavy congestion detected - signal timing extended and reroute suggested
EVT426565,2026-05-23 19:37:12,Trade Fair,J012,Koramangala Sony World,7757,Weekend,False,Fog,False,0.0,False,False,0.66,High,19.7,51.7,218.8,0.181,0.419,0.969,Moderate traffic flow - standard adaptive signal timing in effect
EVT426566,2025-04-20 13:02:19,Local Market Day,J031,Cubbon Road,4712,Weekend,False,Clear,False,0.0,False,False,0.212,Low,29.1,15.4,97.6,0.072,0.167,0.99,Normal free-flow traffic - standard signal timing maintained
EVT426567,2025-02-18 19:59:51,Sports Fixture,J011,Indiranagar 100ft Road,27618,Weekday,False,Clear,False,0.0,False,False,0.895,Severe,10.3,65.2,403.2,0.152,0.351,0.959,Heavy congestion detected - signal timing extended and reroute suggested
EVT426568,2025-02-27 08:30:10,Concert,J040,City Market,8950,Weekday,False,Clear,False,0.0,False,False,1.0,Severe,9.1,67.7,640.9,0.221,0.511,0.914,Heavy congestion detected - signal timing extended and reroute suggested
EVT426569,2025-09-28 18:47:03,Local Market Day,J031,Cubbon Road,4392,Weekend,False,Light Rain,True,0.7,False,False,0.829,Severe,14.7,58.7,310.6,0.185,0.426,0.894,Heavy rain reducing visibility and grip - reduced speed and longer buffer advised
EVT426570,2025-08-15 09:49:16,Cultural Procession,J009,Majestic,19951,Weekday,True,Rain,True,16.2,False,True,1.0,Severe,7.2,99.8,618.0,0.216,0.499,0.79,Road closure for event/procession - full detour recommended for through-traffic
EVT426571,2025-12-19 08:31:48,Sports Fixture,J009,Majestic,15390,Weekday,False,Clear,False,0.0,False,False,1.0,Severe,7.7,67.7,938.0,0.293,0.677,0.928,Heavy congestion detected - signal timing extended and reroute suggested
EVT426572,2025-02-26 09:40:32,Sports Fixture,J020,Malleshwaram Circle,19260,Weekday,False,Fog,False,0.0,False,False,0.996,Severe,7.9,76.0,786.8,0.258,0.595,0.947,Heavy congestion detected - signal timing extended and reroute suggested
EVT426573,2025-04-23 18:47:23,Sports Fixture,J023,Basavanagudi,28132,Weekday,False,Clear,False,0.0,False,False,1.0,Severe,8.5,70.7,309.8,0.142,0.329,0.896,Heavy congestion detected - signal timing extended and reroute suggested
EVT426574,2025-04-17 10:52:19,Local Market Day,J020,Malleshwaram Circle,2125,Weekday,False,Clear,False,0.0,False,False,0.433,Moderate,26.5,27.3,138.0,0.09,0.209,0.968,Moderate traffic flow - standard adaptive signal timing in effect
EVT426575,2025-01-29 06:30:38,Sports Fixture,J011,Indiranagar 100ft Road,25100,Weekday,False,Clear,False,0.0,False,False,0.414,Moderate,26.0,36.9,190.8,0.137,0.316,0.987,Moderate traffic flow - standard adaptive signal timing in effect
EVT426576,2025-05-27 11:53:24,Sports Fixture,J023,Basavanagudi,18176,Weekday,False,Clear,False,0.0,False,False,0.337,Low,34.5,15.5,86.3,0.088,0.202,0.978,Moderate traffic flow - standard adaptive signal timing in effect
EVT426577,2026-02-20 09:28:16,Concert,J011,Indiranagar 100ft Road,7177,Weekday,False,Clear,False,0.0,False,False,1.0,Severe,9.0,76.1,439.4,0.183,0.423,0.932,Heavy congestion detected - signal timing extended and reroute suggested
EVT426578,2026-03-26 10:34:07,Religious Festival,J031,Cubbon Road,55053,Weekday,True,Clear,False,0.0,False,True,1.0,Severe,7.6,100.2,720.4,0.243,0.562,0.814,Road closure for event/procession - full detour recommended for through-traffic
EVT426579,2025-01-08 10:50:32,Local Market Day,J030,MG Road,3743,Weekday,False,Clear,False,0.0,False,False,0.539,Moderate,23.7,32.7,231.5,0.165,0.381,0.955,Moderate traffic flow - standard adaptive signal timing in effect
EVT426580,2026-04-11 18:51:34,Trade Fair,J023,Basavanagudi,6400,Weekend,False,Clear,False,0.0,False,False,0.878,Severe,14.8,62.4,344.2,0.183,0.423,0.946,Heavy congestion detected - signal timing extended and reroute suggested
EVT426581,2025-04-17 18:31:23,Concert,J012,Koramangala Sony World,20806,Weekday,False,Clear,False,0.0,False,False,1.0,Severe,7.9,66.8,228.6,0.078,0.18,0.909,Heavy congestion detected - signal timing extended and reroute suggested
EVT426582,2025-07-10 17:16:45,Concert,J009,Majestic,13211,Weekday,False,Rain,True,16.7,False,False,1.0,Severe,9.9,66.2,512.7,0.197,0.455,0.873,Heavy rain reducing visibility and grip - reduced speed and longer buffer advised
EVT426583,2025-12-20 14:13:45,Political Rally,J040,City Market,14266,Weekend,False,Clear,False,0.0,False,False,0.363,Moderate,32.7,23.2,117.7,0.099,0.228,0.978,Moderate traffic flow - standard adaptive signal timing in effect
EVT426584,2025-07-04 19:05:45,Trade Fair,J020,Malleshwaram Circle,7990,Weekday,False,Clear,False,0.0,False,False,1.0,Severe,10.4,70.3,633.6,0.264,0.611,0.921,Heavy congestion detected - signal timing extended and reroute suggested
EVT426585,2025-03-15 16:57:27,Cultural Procession,J012,Koramangala Sony World,13942,Weekend,True,Clear,False,0.0,False,True,1.0,Severe,8.7,101.2,740.9,0.278,0.641,0.803,Road closure for event/procession - full detour recommended for through-traffic
EVT426586,2025-10-11 20:19:07,Political Rally,J040,City Market,17650,Weekend,False,Clear,False,0.0,False,False,0.602,High,16.1,43.7,278.7,0.123,0.284,0.988,Moderate traffic flow - standard adaptive signal timing in effect
EVT426587,2026-01-31 18:20:54,Trade Fair,J011,Indiranagar 100ft Road,7023,Weekend,False,Fog,False,0.0,False,False,0.897,Severe,10.7,68.6,272.3,0.134,0.31,0.956,Heavy congestion detected - signal timing extended and reroute suggested
EVT426588,2025-03-14 11:28:24,Religious Festival,J031,Cubbon Road,111307,Weekday,True,Light Rain,True,2.9,False,True,1.0,Severe,6.7,95.5,883.0,0.247,0.57,0.76,Road closure for event/procession - full detour recommended for through-traffic
EVT426589,2025-01-23 15:29:08,Concert,J009,Majestic,8964,Weekday,False,Clear,False,0.0,False,False,0.284,Low,29.2,21.9,128.7,0.109,0.251,0.946,Moderate traffic flow - standard adaptive signal timing in effect
EVT426590,2025-12-05 06:55:40,Sports Fixture,J020,Malleshwaram Circle,18896,Weekday,False,Clear,False,0.0,False,False,0.534,Moderate,29.1,44.0,92.0,0.061,0.14,0.971,Moderate traffic flow - standard adaptive signal timing in effect
EVT426591,2025-07-06 12:45:47,Sports Fixture,J030,MG Road,33803,Weekend,False,Heavy Rain,True,72.8,False,False,0.741,High,19.1,59.1,263.3,0.146,0.337,0.933,Heavy rain reducing visibility and grip - reduced speed and longer buffer advised
EVT426592,2025-10-21 10:41:00,Religious Festival,J031,Cubbon Road,40235,Weekday,True,Clear,False,0.0,False,False,0.963,Severe,7.5,74.5,585.7,0.186,0.43,0.879,Festival crowd surge detected - alternate route and extended cycle recommended
EVT426593,2025-08-18 01:48:11,Sports Fixture,J023,Basavanagudi,16555,Weekday,False,Clear,False,0.0,False,False,0.334,Low,33.0,25.3,146.7,0.125,0.288,0.951,Moderate traffic flow - standard adaptive signal timing in effect
EVT426594,2025-05-25 16:22:03,Local Market Day,J031,Cubbon Road,3311,Weekend,False,Rain,True,21.6,False,False,0.757,Severe,18.7,63.5,426.4,0.258,0.597,0.929,Heavy rain reducing visibility and grip - reduced speed and longer buffer advised
EVT426595,2025-12-15 13:43:39,Political Rally,J030,MG Road,17568,Weekday,False,Clear,False,0.0,False,False,0.255,Low,27.5,19.3,204.2,0.156,0.359,0.966,Moderate traffic flow - standard adaptive signal timing in effect
EVT426596,2025-11-30 05:56:44,Sports Fixture,J009,Majestic,35517,Weekend,False,Clear,False,0.0,False,False,0.481,Moderate,24.4,28.9,128.2,0.096,0.221,0.952,Moderate traffic flow - standard adaptive signal timing in effect
EVT426597,2025-09-17 19:46:09,Sports Fixture,J011,Indiranagar 100ft Road,41424,Weekday,False,Heavy Rain,True,50.5,False,False,1.0,Severe,8.6,69.9,547.5,0.209,0.482,0.867,Heavy rain reducing visibility and grip - reduced speed and longer buffer advised
EVT426598,2026-04-10 18:21:43,Political Rally,J030,MG Road,22424,Weekday,False,Clear,False,0.0,False,False,1.0,Severe,8.3,64.4,432.4,0.174,0.402,0.915,Heavy congestion detected - signal timing extended and reroute suggested
EVT426599,2026-03-07 19:47:57,Local Market Day,J012,Koramangala Sony World,4294,Weekend,False,Clear,False,0.0,False,False,0.754,Severe,17.9,54.0,315.6,0.189,0.437,0.959,Heavy congestion detected - signal timing extended and reroute suggested
EVT426600,2025-06-09 09:42:20,Local Market Day,J012,Koramangala Sony World,4560,Weekday,False,Clear,False,0.0,False,False,0.927,Severe,10.3,61.8,586.7,0.238,0.55,0.894,Heavy congestion detected - signal timing extended and reroute suggested
EVT426601,2025-12-25 08:03:24,Religious Festival,J031,Cubbon Road,92416,Weekday,True,Clear,False,0.0,False,False,1.0,Severe,9.3,74.3,322.0,0.13,0.3,0.88,Festival crowd surge detected - alternate route and extended cycle recommended
EVT426602,2025-03-09 15:21:47,Trade Fair,J012,Koramangala Sony World,8628,Weekend,False,Clear,False,0.0,False,False,0.404,Moderate,26.4,27.8,212.4,0.166,0.383,0.966,Moderate traffic flow - standard adaptive signal timing in effect
EVT426603,2025-05-04 16:08:02,Sports Fixture,J020,Malleshwaram Circle,23204,Weekend,False,Clear,False,0.0,False,False,0.554,High,22.9,38.9,86.1,0.067,0.155,0.936,Moderate traffic flow - standard adaptive signal timing in effect
EVT426604,2025-11-08 15:56:00,Trade Fair,J031,Cubbon Road,9481,Weekend,False,Rain,True,20.1,False,False,0.764,Severe,15.3,54.0,332.9,0.179,0.412,0.874,Heavy rain reducing visibility and grip - reduced speed and longer buffer advised
EVT426605,2025-08-03 12:13:39,Sports Fixture,J031,Cubbon Road,22380,Weekend,False,Clear,False,0.0,False,False,0.393,Moderate,24.5,27.5,204.3,0.143,0.331,0.952,Moderate traffic flow - standard adaptive signal timing in effect
EVT426606,2025-09-28 14:41:21,Sports Fixture,J040,City Market,22271,Weekend,False,Clear,False,0.0,False,False,0.371,Moderate,30.4,25.0,180.8,0.16,0.369,0.958,Moderate traffic flow - standard adaptive signal timing in effect
EVT426607,2025-09-15 09:25:30,Local Market Day,J031,Cubbon Road,3313,Weekday,False,Rain,True,16.9,False,False,1.0,Severe,5.3,73.0,1101.5,0.24,0.553,0.878,Heavy rain reducing visibility and grip - reduced speed and longer buffer advised
EVT426608,2026-04-15 17:28:36,Religious Festival,J012,Koramangala Sony World,38029,Weekday,True,Clear,False,0.0,False,False,1.0,Severe,9.4,70.5,437.3,0.19,0.438,0.871,Festival crowd surge detected - alternate route and extended cycle recommended
EVT426609,2026-04-13 16:12:03,Local Market Day,J020,Malleshwaram Circle,3742,Weekday,False,Clear,False,0.0,False,False,0.546,Moderate,22.9,41.1,143.9,0.095,0.22,0.947,Moderate traffic flow - standard adaptive signal timing in effect
EVT426610,2026-01-25 17:51:20,Local Market Day,J020,Malleshwaram Circle,4780,Weekend,False,Clear,False,0.0,False,False,0.815,Severe,16.0,59.4,279.3,0.146,0.336,0.972,Heavy congestion detected - signal timing extended and reroute suggested
EVT426611,2025-12-04 10:34:22,Sports Fixture,J012,Koramangala Sony World,12107,Weekday,False,Clear,False,0.0,False,False,0.686,High,16.9,51.1,332.1,0.199,0.46,0.954,Moderate traffic flow - standard adaptive signal timing in effect
EVT426612,2026-04-04 10:56:01,Local Market Day,J011,Indiranagar 100ft Road,4776,Weekend,False,Clear,False,0.0,False,False,0.419,Moderate,29.9,35.5,111.7,0.089,0.204,0.974,Moderate traffic flow - standard adaptive signal timing in effect
EVT426613,2025-06-04 18:55:51,Sports Fixture,J020,Malleshwaram Circle,41811,Weekday,False,Clear,False,0.0,False,False,1.0,Severe,7.6,76.0,709.6,0.238,0.549,0.917,Heavy congestion detected - signal timing extended and reroute suggested
EVT426614,2025-05-15 10:39:08,Political Rally,J023,Basavanagudi,11762,Weekday,False,Clear,False,0.0,False,False,0.67,High,16.0,50.6,363.8,0.188,0.435,0.944,Moderate traffic flow - standard adaptive signal timing in effect
EVT426615,2026-05-24 13:12:56,Trade Fair,J030,MG Road,4517,Weekend,False,Clear,False,0.0,False,False,0.26,Low,30.6,14.2,161.8,0.131,0.304,0.979,Moderate traffic flow - standard adaptive signal timing in effect
EVT426616,2025-07-09 20:32:31,Local Market Day,J023,Basavanagudi,2916,Weekday,False,Rain,True,20.5,True,False,1.0,Severe,8.4,74.3,577.6,0.211,0.486,0.695,Accident detected nearby - reroute and reduced speed advised
EVT426617,2025-11-28 17:21:16,Local Market Day,J011,Indiranagar 100ft Road,4630,Weekday,False,Light Rain,True,4.3,False,False,0.908,Severe,10.1,60.4,526.6,0.199,0.461,0.889,Heavy rain reducing visibility and grip - reduced speed and longer buffer advised
EVT426618,2026-01-08 19:43:26,Concert,J009,Majestic,15378,Weekday,False,Clear,False,0.0,False,False,0.828,Severe,14.6,56.8,356.5,0.194,0.449,0.938,Heavy congestion detected - signal timing extended and reroute suggested
EVT426619,2026-05-25 14:18:40,Sports Fixture,J023,Basavanagudi,29413,Weekday,False,Clear,False,0.0,False,False,0.253,Low,38.2,25.7,84.9,0.07,0.161,0.973,Moderate traffic flow - standard adaptive signal timing in effect
EVT426620,2025-11-21 16:24:44,Sports Fixture,J020,Malleshwaram Circle,19078,Weekday,False,Clear,False,0.0,False,False,0.586,High,21.2,41.4,174.3,0.117,0.271,0.976,Moderate traffic flow - standard adaptive signal timing in effect
EVT426621,2025-10-12 05:26:06,Local Market Day,J030,MG Road,3699,Weekend,False,Heavy Rain,True,25.3,False,False,0.557,High,27.1,38.7,227.5,0.172,0.397,0.936,Heavy rain reducing visibility and grip - reduced speed and longer buffer advised
EVT426622,2025-07-30 17:41:45,Sports Fixture,J012,Koramangala Sony World,25644,Weekday,False,Clear,False,0.0,False,False,1.0,Severe,8.2,76.3,612.9,0.215,0.496,0.924,Heavy congestion detected - signal timing extended and reroute suggested
EVT426623,2026-06-03 18:12:37,Sports Fixture,J011,Indiranagar 100ft Road,11455,Weekday,False,Clear,False,0.0,False,False,1.0,Severe,8.0,65.3,393.5,0.116,0.269,0.939,Heavy congestion detected - signal timing extended and reroute suggested
EVT426624,2025-07-07 13:16:16,Local Market Day,J009,Majestic,4675,Weekday,False,Clear,False,0.0,True,False,0.592,High,23.0,47.4,279.9,0.198,0.457,0.807,Accident detected nearby - reroute and reduced speed advised
EVT426625,2025-03-07 20:10:44,Political Rally,J030,MG Road,14349,Weekday,False,Clear,False,0.0,False,False,0.739,High,15.6,54.1,400.0,0.219,0.506,0.973,Moderate traffic flow - standard adaptive signal timing in effect
EVT426626,2025-01-25 18:32:40,Trade Fair,J012,Koramangala Sony World,15665,Weekend,False,Clear,False,0.0,False,False,0.904,Severe,13.2,66.2,254.9,0.129,0.299,0.952,Heavy congestion detected - signal timing extended and reroute suggested
EVT426627,2026-02-18 21:32:08,Concert,J030,MG Road,5972,Weekday,False,Clear,False,0.0,False,False,0.303,Low,33.5,26.5,223.3,0.22,0.509,0.933,Moderate traffic flow - standard adaptive signal timing in effect
EVT426628,2025-08-14 00:06:43,Trade Fair,J012,Koramangala Sony World,5427,Weekday,False,Clear,False,0.0,False,False,0.187,Low,33.6,13.1,157.5,0.138,0.318,0.965,Normal free-flow traffic - standard signal timing maintained
EVT426629,2026-02-24 17:14:59,Sports Fixture,J009,Majestic,20914,Weekday,False,Clear,False,0.0,False,False,0.921,Severe,13.0,70.1,374.5,0.173,0.4,0.954,Heavy congestion detected - signal timing extended and reroute suggested
EVT426630,2025-01-04 09:19:10,Local Market Day,J031,Cubbon Road,5457,Weekend,False,Fog,False,0.0,False,False,0.852,Severe,15.3,63.6,402.3,0.232,0.537,0.962,Heavy congestion detected - signal timing extended and reroute suggested
EVT426631,2025-01-18 21:29:43,Trade Fair,J012,Koramangala Sony World,6701,Weekend,False,Clear,False,0.0,False,False,0.392,Moderate,24.2,24.9,85.7,0.051,0.119,0.985,Moderate traffic flow - standard adaptive signal timing in effect
EVT426632,2025-08-07 19:33:50,Trade Fair,J012,Koramangala Sony World,10391,Weekday,False,Heavy Rain,True,48.4,False,False,1.0,Severe,8.5,78.7,506.0,0.172,0.397,0.85,Heavy rain reducing visibility and grip - reduced speed and longer buffer advised
EVT426633,2025-12-02 07:04:06,Trade Fair,J009,Majestic,13069,Weekday,False,Clear,False,0.0,False,False,0.518,Moderate,19.2,35.7,307.3,0.165,0.381,0.947,Moderate traffic flow - standard adaptive signal timing in effect
EVT426634,2026-05-29 09:32:55,Local Market Day,J011,Indiranagar 100ft Road,3682,Weekday,False,Clear,False,0.0,False,False,1.0,Severe,8.2,70.5,470.3,0.16,0.369,0.917,Heavy congestion detected - signal timing extended and reroute suggested
EVT426635,2025-12-20 08:02:54,Concert,J009,Majestic,10534,Weekend,False,Clear,False,0.0,False,False,0.639,High,18.0,44.4,378.8,0.233,0.537,0.975,Moderate traffic flow - standard adaptive signal timing in effect
EVT426636,2026-04-11 12:23:57,Sports Fixture,J023,Basavanagudi,16294,Weekend,False,Clear,False,0.0,False,False,0.307,Low,41.3,22.5,91.5,0.076,0.175,0.965,Moderate traffic flow - standard adaptive signal timing in effect
EVT426637,2025-02-02 08:44:28,Concert,J030,MG Road,22640,Weekend,False,Clear,False,0.0,False,False,1.0,Severe,6.9,74.6,876.1,0.26,0.601,0.934,Heavy congestion detected - signal timing extended and reroute suggested
EVT426638,2025-08-11 17:19:10,Political Rally,J023,Basavanagudi,15942,Weekday,False,Clear,False,0.0,False,False,0.85,Severe,13.7,61.9,236.4,0.127,0.293,0.947,Heavy congestion detected - signal timing extended and reroute suggested
EVT426639,2025-12-09 14:56:56,Sports Fixture,J031,Cubbon Road,22197,Weekday,False,Clear,False,0.0,False,False,0.395,Moderate,28.7,29.0,231.9,0.198,0.457,0.966,Moderate traffic flow - standard adaptive signal timing in effect
EVT426640,2025-05-24 10:26:12,Local Market Day,J031,Cubbon Road,1994,Weekend,False,Light Rain,True,4.5,False,False,0.698,High,18.2,54.5,283.2,0.164,0.379,0.927,Heavy rain reducing visibility and grip - reduced speed and longer buffer advised
EVT426641,2026-05-26 10:26:32,Trade Fair,J030,MG Road,8279,Weekday,False,Clear,False,0.0,False,False,0.684,High,22.5,49.0,143.7,0.101,0.233,0.951,Moderate traffic flow - standard adaptive signal timing in effect
EVT426642,2025-06-14 18:19:11,Concert,J012,Koramangala Sony World,13048,Weekend,False,Clear,False,0.0,False,False,0.868,Severe,11.7,59.5,410.7,0.189,0.436,0.917,Heavy congestion detected - signal timing extended and reroute suggested
EVT426643,2025-02-11 18:15:28,Local Market Day,J011,Indiranagar 100ft Road,5532,Weekday,False,Clear,False,0.0,False,False,0.982,Severe,8.6,68.8,200.9,0.085,0.197,0.904,Heavy congestion detected - signal timing extended and reroute suggested
EVT426644,2025-08-17 15:53:57,Sports Fixture,J012,Koramangala Sony World,28206,Weekend,False,Rain,True,19.2,False,False,0.825,Severe,13.0,57.5,470.5,0.221,0.51,0.929,Heavy rain reducing visibility and grip - reduced speed and longer buffer advised
EVT426645,2025-08-09 05:47:58,Political Rally,J012,Koramangala Sony World,11012,Weekend,False,Heavy Rain,True,55.8,False,False,0.657,High,22.4,46.8,96.4,0.053,0.121,0.928,Heavy rain reducing visibility and grip - reduced speed and longer buffer advised
EVT426646,2026-04-14 09:45:27,Religious Festival,J009,Majestic,43482,Weekday,True,Clear,False,0.0,False,True,1.0,Severe,8.9,98.3,712.7,0.251,0.579,0.84,Road closure for event/procession - full detour recommended for through-traffic
EVT426647,2025-01-17 14:59:44,Local Market Day,J040,City Market,3853,Weekday,False,Clear,False,0.0,False,False,0.248,Low,36.7,17.2,103.2,0.105,0.241,0.936,Normal free-flow traffic - standard signal timing maintained
EVT426648,2025-09-01 08:21:38,Local Market Day,J020,Malleshwaram Circle,4095,Weekday,False,Clear,False,0.0,False,False,0.914,Severe,9.7,63.6,401.9,0.147,0.341,0.91,Heavy congestion detected - signal timing extended and reroute suggested
EVT426649,2026-05-02 08:33:06,Religious Festival,J023,Basavanagudi,41748,Weekend,True,Clear,False,0.0,False,True,1.0,Severe,10.7,101.5,618.5,0.284,0.656,0.853,Road closure for event/procession - full detour recommended for through-traffic
EVT426650,2025-06-08 07:52:50,Local Market Day,J023,Basavanagudi,5509,Weekend,False,Light Rain,True,4.8,False,False,0.712,High,20.2,57.9,175.5,0.115,0.267,0.904,Heavy rain reducing visibility and grip - reduced speed and longer buffer advised
EVT426651,2025-05-21 10:56:16,Trade Fair,J012,Koramangala Sony World,7679,Weekday,False,Clear,False,0.0,False,False,0.441,Moderate,24.1,33.8,114.9,0.069,0.159,0.977,Moderate traffic flow - standard adaptive signal timing in effect
EVT426652,2025-05-24 18:47:34,Local Market Day,J011,Indiranagar 100ft Road,4235,Weekend,False,Clear,False,0.0,False,False,0.842,Severe,11.5,58.8,433.7,0.191,0.442,0.945,Heavy congestion detected - signal timing extended and reroute suggested
EVT426653,2025-01-21 07:15:25,Local Market Day,J009,Majestic,3039,Weekday,False,Clear,False,0.0,False,False,0.482,Moderate,21.7,40.7,235.5,0.16,0.369,0.945,Moderate traffic flow - standard adaptive signal timing in effect
EVT426654,2025-02-15 19:32:41,Sports Fixture,J009,Majestic,21817,Weekend,False,Clear,False,0.0,False,False,0.801,Severe,14.4,56.6,412.7,0.196,0.452,0.923,Heavy congestion detected - signal timing extended and reroute suggested
EVT426655,2025-02-26 12:06:07,Concert,J040,City Market,16518,Weekday,False,Clear,False,0.0,False,False,0.349,Low,26.9,30.2,192.1,0.155,0.359,0.957,Moderate traffic flow - standard adaptive signal timing in effect
EVT426656,2025-11-07 00:38:50,Trade Fair,J040,City Market,5820,Weekday,False,Clear,False,0.0,False,False,0.183,Low,34.8,12.3,165.5,0.15,0.347,0.971,Normal free-flow traffic - standard signal timing maintained
EVT426657,2026-02-05 18:37:32,Local Market Day,J009,Majestic,5094,Weekday,False,Clear,False,0.0,False,False,1.0,Severe,8.5,63.5,474.6,0.184,0.426,0.91,Heavy congestion detected - signal timing extended and reroute suggested
EVT426658,2026-05-11 05:41:54,Concert,J023,Basavanagudi,16344,Weekday,False,Clear,False,0.0,False,False,0.322,Low,28.8,19.9,167.0,0.124,0.286,0.953,Moderate traffic flow - standard adaptive signal timing in effect
EVT426659,2025-05-13 06:06:35,Political Rally,J009,Majestic,13924,Weekday,False,Fog,False,0.0,False,False,0.266,Low,34.4,19.0,180.6,0.152,0.351,0.989,Moderate traffic flow - standard adaptive signal timing in effect
EVT426660,2025-07-22 07:12:18,Sports Fixture,J009,Majestic,15799,Weekday,False,Rain,True,15.9,False,False,0.759,Severe,15.0,59.1,247.0,0.125,0.289,0.91,Heavy rain reducing visibility and grip - reduced speed and longer buffer advised
EVT426661,2025-08-18 09:25:51,Local Market Day,J020,Malleshwaram Circle,4602,Weekday,False,Fog,False,0.0,False,False,1.0,Severe,6.8,62.3,323.7,0.104,0.241,0.933,Heavy congestion detected - signal timing extended and reroute suggested
EVT426662,2025-12-30 12:46:25,Concert,J040,City Market,6157,Weekday,False,Fog,False,0.0,False,False,0.116,Low,32.1,7.0,128.1,0.09,0.207,0.959,Normal free-flow traffic - standard signal timing maintained
EVT426663,2025-02-15 07:03:07,Concert,J009,Majestic,16553,Weekend,False,Clear,False,0.0,False,False,0.55,High,27.4,38.6,154.7,0.126,0.29,0.983,Moderate traffic flow - standard adaptive signal timing in effect
EVT426664,2026-03-29 18:00:41,Concert,J023,Basavanagudi,10440,Weekend,False,Clear,False,0.0,False,False,0.816,Severe,16.8,58.1,304.6,0.188,0.434,0.968,Heavy congestion detected - signal timing extended and reroute suggested
EVT426665,2025-04-11 15:08:42,Trade Fair,J030,MG Road,3055,Weekday,False,Clear,False,0.0,False,False,0.252,Low,29.7,22.2,82.2,0.059,0.136,0.967,Moderate traffic flow - standard adaptive signal timing in effect
EVT426666,2025-01-04 18:53:11,Local Market Day,J040,City Market,7342,Weekend,False,Light Rain,True,2.5,False,False,1.0,Severe,10.4,68.9,320.8,0.133,0.306,0.87,Heavy rain reducing visibility and grip - reduced speed and longer buffer advised
EVT426667,2025-09-24 18:54:06,Local Market Day,J012,Koramangala Sony World,2844,Weekday,False,Clear,False,0.0,False,False,0.94,Severe,8.6,67.3,693.1,0.249,0.574,0.929,Heavy congestion detected - signal timing extended and reroute suggested
EVT426668,2026-04-19 08:33:17,Sports Fixture,J020,Malleshwaram Circle,34664,Weekend,False,Clear,False,0.0,False,False,0.99,Severe,10.0,73.3,544.9,0.234,0.542,0.94,Heavy congestion detected - signal timing extended and reroute suggested
EVT426669,2026-02-13 08:16:11,Political Rally,J030,MG Road,24423,Weekday,False,Clear,False,0.0,False,False,1.0,Severe,7.4,75.5,642.6,0.199,0.459,0.926,Heavy congestion detected - signal timing extended and reroute suggested
EVT426670,2025-05-12 18:08:00,Trade Fair,J031,Cubbon Road,8865,Weekday,False,Clear,False,0.0,False,False,1.0,Severe,8.5,72.6,711.4,0.255,0.59,0.883,Heavy congestion detected - signal timing extended and reroute suggested
EVT426671,2025-05-31 08:24:05,Trade Fair,J030,MG Road,6724,Weekend,False,Rain,True,11.6,False,False,0.975,Severe,8.3,70.8,327.8,0.133,0.308,0.863,Heavy rain reducing visibility and grip - reduced speed and longer buffer advised
EVT426672,2025-03-28 06:55:37,Local Market Day,J020,Malleshwaram Circle,5327,Weekday,False,Clear,False,0.0,False,False,0.468,Moderate,26.5,35.5,194.0,0.13,0.3,0.978,Moderate traffic flow - standard adaptive signal timing in effect
EVT426673,2025-06-26 13:45:38,Local Market Day,J012,Koramangala Sony World,3296,Weekday,False,Clear,False,0.0,False,False,0.128,Low,35.5,10.5,150.6,0.131,0.303,0.983,Normal free-flow traffic - standard signal timing maintained
EVT426674,2025-02-15 18:35:29,Political Rally,J011,Indiranagar 100ft Road,10589,Weekend,False,Clear,False,0.0,False,False,0.908,Severe,13.5,67.9,531.9,0.261,0.604,0.94,Heavy congestion detected - signal timing extended and reroute suggested
EVT426675,2026-05-18 10:41:17,Concert,J030,MG Road,12479,Weekday,False,Clear,False,0.0,False,False,0.633,High,25.0,43.2,149.5,0.121,0.281,0.971,Moderate traffic flow - standard adaptive signal timing in effect
EVT426676,2026-03-23 18:25:06,Concert,J011,Indiranagar 100ft Road,6523,Weekday,False,Clear,False,0.0,False,False,1.0,Severe,8.5,71.4,573.0,0.205,0.473,0.9,Heavy congestion detected - signal timing extended and reroute suggested
EVT426677,2026-01-05 15:22:41,Local Market Day,J040,City Market,5914,Weekday,False,Clear,False,0.0,False,False,0.355,Moderate,29.8,28.0,117.5,0.104,0.239,0.987,Moderate traffic flow - standard adaptive signal timing in effect
EVT426678,2025-07-28 06:50:05,Local Market Day,J023,Basavanagudi,2757,Weekday,False,Rain,True,22.3,False,False,0.582,High,16.6,44.4,270.1,0.144,0.332,0.901,Heavy rain reducing visibility and grip - reduced speed and longer buffer advised
EVT426679,2026-04-24 20:49:47,Concert,J012,Koramangala Sony World,11184,Weekday,False,Clear,False,0.0,False,False,0.537,Moderate,25.0,36.4,80.8,0.052,0.12,0.971,Moderate traffic flow - standard adaptive signal timing in effect
EVT426680,2025-06-13 15:33:57,Trade Fair,J030,MG Road,7875,Weekday,False,Clear,False,0.0,False,False,0.339,Low,30.1,27.1,132.6,0.099,0.229,0.974,Moderate traffic flow - standard adaptive signal timing in effect
EVT426681,2026-01-26 20:47:18,Religious Festival,J011,Indiranagar 100ft Road,69901,Weekday,True,Clear,False,0.0,False,True,1.0,Severe,7.6,101.8,587.2,0.188,0.435,0.846,Road closure for event/procession - full detour recommended for through-traffic
EVT426682,2025-02-07 18:11:07,Trade Fair,J009,Majestic,11476,Weekday,False,Clear,False,0.0,False,False,1.0,Severe,6.7,69.6,900.6,0.228,0.527,0.93,Heavy congestion detected - signal timing extended and reroute suggested
EVT426683,2025-05-05 13:04:33,Local Market Day,J023,Basavanagudi,4768,Weekday,False,Rain,True,22.2,False,False,0.388,Moderate,36.3,25.2,186.3,0.161,0.372,0.917,Light rain detected - minor speed reduction advised
EVT426684,2025-04-14 11:12:12,Religious Festival,J040,City Market,63343,Weekday,True,Clear,False,0.0,False,True,1.0,Severe,10.8,101.8,393.8,0.204,0.471,0.849,Road closure for event/procession - full detour recommended for through-traffic
EVT426685,2026-06-10 13:22:58,Trade Fair,J020,Malleshwaram Circle,9954,Weekday,False,Rain,True,17.2,False,False,0.429,Moderate,24.0,30.3,78.0,0.047,0.109,0.918,Light rain detected - minor speed reduction advised
EVT426686,2025-11-11 12:27:10,Concert,J030,MG Road,12371,Weekday,False,Clear,False,0.0,False,False,0.234,Low,35.0,14.8,131.2,0.11,0.253,0.989,Normal free-flow traffic - standard signal timing maintained
EVT426687,2026-01-25 08:34:50,Concert,J009,Majestic,11693,Weekend,False,Clear,False,0.0,False,False,0.866,Severe,11.9,64.2,433.8,0.221,0.51,0.93,Heavy congestion detected - signal timing extended and reroute suggested
EVT426688,2026-01-31 19:00:11,Concert,J040,City Market,11644,Weekend,False,Clear,False,0.0,False,False,0.818,Severe,12.2,54.5,253.6,0.126,0.292,0.967,Heavy congestion detected - signal timing extended and reroute suggested
EVT426689,2025-03-08 15:30:20,Political Rally,J023,Basavanagudi,11571,Weekend,False,Clear,False,0.0,False,False,0.325,Low,32.8,21.4,135.5,0.104,0.241,0.951,Moderate traffic flow - standard adaptive signal timing in effect
EVT426690,2025-03-03 13:48:01,Sports Fixture,J009,Majestic,28773,Weekday,False,Clear,False,0.0,False,False,0.294,Low,28.2,20.8,104.9,0.08,0.184,0.981,Moderate traffic flow - standard adaptive signal timing in effect
EVT426691,2026-04-19 21:16:44,Local Market Day,J031,Cubbon Road,4006,Weekend,False,Clear,False,0.0,False,False,0.447,Moderate,22.0,30.5,197.1,0.12,0.278,0.985,Moderate traffic flow - standard adaptive signal timing in effect
EVT426692,2025-08-05 21:43:33,Concert,J023,Basavanagudi,7510,Weekday,False,Rain,True,17.6,False,False,0.52,Moderate,27.3,39.0,211.4,0.191,0.441,0.933,Light rain detected - minor speed reduction advised
EVT426693,2025-10-09 16:57:02,Concert,J023,Basavanagudi,12851,Weekday,False,Clear,False,0.0,False,False,0.707,High,18.3,53.1,236.6,0.149,0.344,0.948,Moderate traffic flow - standard adaptive signal timing in effect
EVT426694,2026-03-28 14:37:07,Local Market Day,J012,Koramangala Sony World,3140,Weekend,False,Clear,False,0.0,False,False,0.269,Low,38.2,19.2,117.6,0.129,0.299,0.966,Moderate traffic flow - standard adaptive signal timing in effect
EVT426695,2025-12-12 13:32:43,Local Market Day,J009,Majestic,2569,Weekday,False,Clear,False,0.0,False,False,0.25,Low,35.2,16.8,138.9,0.118,0.273,0.972,Moderate traffic flow - standard adaptive signal timing in effect
EVT426696,2026-01-05 15:43:31,Concert,J020,Malleshwaram Circle,12787,Weekday,False,Clear,False,0.0,False,False,0.442,Moderate,30.1,36.2,182.4,0.138,0.318,0.933,Moderate traffic flow - standard adaptive signal timing in effect
EVT426697,2025-06-26 12:16:10,Sports Fixture,J040,City Market,26698,Weekday,False,Rain,True,8.3,False,False,0.459,Moderate,29.0,39.7,242.6,0.198,0.458,0.895,Light rain detected - minor speed reduction advised
EVT426698,2025-07-08 09:53:06,Political Rally,J020,Malleshwaram Circle,46828,Weekday,False,Clear,False,0.0,False,False,1.0,Severe,8.6,77.7,488.7,0.181,0.417,0.908,Heavy congestion detected - signal timing extended and reroute suggested
EVT426699,2025-03-14 07:58:32,Cultural Procession,J012,Koramangala Sony World,18561,Weekday,True,Clear,False,0.0,False,True,1.0,Severe,8.3,103.1,231.1,0.106,0.246,0.85,Road closure for event/procession - full detour recommended for through-traffic
EVT426700,2025-09-16 17:14:40,Local Market Day,J040,City Market,2115,Weekday,False,Light Rain,True,4.6,False,False,0.895,Severe,10.6,67.0,503.5,0.222,0.513,0.9,Heavy rain reducing visibility and grip - reduced speed and longer buffer advised
EVT426701,2025-09-20 15:45:22,Concert,J030,MG Road,7503,Weekend,False,Clear,False,0.0,False,False,0.392,Moderate,25.1,24.3,190.7,0.124,0.285,0.974,Moderate traffic flow - standard adaptive signal timing in effect
EVT426702,2025-11-07 07:15:04,Local Market Day,J020,Malleshwaram Circle,6700,Weekday,False,Clear,False,0.0,False,False,0.548,Moderate,20.4,36.0,263.2,0.172,0.398,0.99,Moderate traffic flow - standard adaptive signal timing in effect
EVT426703,2025-08-16 19:24:41,Religious Festival,J040,City Market,42224,Weekend,True,Clear,False,0.0,False,True,1.0,Severe,6.3,102.8,844.4,0.243,0.561,0.844,Road closure for event/procession - full detour recommended for through-traffic
EVT426704,2025-05-17 07:41:41,Political Rally,J030,MG Road,14127,Weekend,False,Rain,True,9.5,False,False,0.835,Severe,17.1,60.8,483.1,0.293,0.676,0.885,Heavy rain reducing visibility and grip - reduced speed and longer buffer advised
EVT426705,2025-12-17 11:24:57,Local Market Day,J040,City Market,1927,Weekday,False,Clear,False,0.0,False,False,0.347,Low,31.4,26.7,192.3,0.154,0.355,0.97,Moderate traffic flow - standard adaptive signal timing in effect
EVT426706,2025-10-04 20:54:43,Concert,J011,Indiranagar 100ft Road,13473,Weekend,False,Rain,True,17.3,False,False,0.708,High,15.8,49.9,296.8,0.163,0.376,0.896,Heavy rain reducing visibility and grip - reduced speed and longer buffer advised
EVT426707,2025-03-05 09:39:07,Trade Fair,J040,City Market,10237,Weekday,False,Clear,False,0.0,False,False,0.934,Severe,11.1,74.6,385.6,0.177,0.41,0.909,Heavy congestion detected - signal timing extended and reroute suggested
EVT426708,2025-07-27 03:13:41,Local Market Day,J030,MG Road,4163,Weekend,False,Heavy Rain,True,54.9,False,False,0.601,High,21.7,37.8,256.7,0.173,0.4,0.901,Heavy rain reducing visibility and grip - reduced speed and longer buffer advised
EVT426709,2026-01-12 07:24:01,Local Market Day,J011,Indiranagar 100ft Road,2170,Weekday,False,Clear,False,0.0,False,False,0.523,Moderate,27.3,37.5,218.3,0.173,0.4,0.981,Moderate traffic flow - standard adaptive signal timing in effect
EVT426710,2026-02-08 15:10:39,Concert,J030,MG Road,15185,Weekend,False,Clear,False,0.0,False,False,0.278,Low,31.1,25.6,160.5,0.127,0.294,0.966,Moderate traffic flow - standard adaptive signal timing in effect
EVT426711,2025-10-08 11:21:18,Concert,J030,MG Road,14371,Weekday,False,Clear,False,0.0,False,False,0.376,Moderate,30.9,28.0,198.2,0.152,0.35,0.951,Moderate traffic flow - standard adaptive signal timing in effect
EVT426712,2025-04-14 14:18:03,Fireworks Display,J011,Indiranagar 100ft Road,17574,Weekday,True,Clear,False,0.0,False,False,0.49,Moderate,14.4,34.1,490.2,0.214,0.494,0.924,Moderate traffic flow - standard adaptive signal timing in effect
EVT426713,2026-03-29 13:45:17,Local Market Day,J012,Koramangala Sony World,6234,Weekend,False,Clear,False,0.0,False,False,0.279,Low,28.2,15.5,114.4,0.103,0.238,0.972,Moderate traffic flow - standard adaptive signal timing in effect
EVT426714,2026-03-23 17:42:24,Sports Fixture,J020,Malleshwaram Circle,25153,Weekday,False,Fog,False,0.0,False,False,1.0,Severe,6.6,76.4,669.6,0.181,0.418,0.912,Heavy congestion detected - signal timing extended and reroute suggested
EVT426715,2025-05-24 11:46:33,Concert,J012,Koramangala Sony World,13774,Weekend,False,Clear,False,0.0,False,False,0.404,Moderate,32.9,25.8,156.1,0.15,0.347,0.948,Moderate traffic flow - standard adaptive signal timing in effect
EVT426716,2025-09-15 17:04:21,Trade Fair,J023,Basavanagudi,10940,Weekday,False,Clear,False,0.0,False,False,0.75,Severe,13.6,49.9,455.6,0.215,0.496,0.981,Heavy congestion detected - signal timing extended and reroute suggested
EVT426717,2025-09-08 04:25:26,Trade Fair,J040,City Market,14015,Weekday,False,Clear,False,0.0,False,False,0.231,Low,35.3,12.3,125.2,0.116,0.268,0.989,Normal free-flow traffic - standard signal timing maintained
EVT426718,2025-07-28 09:51:18,Local Market Day,J009,Majestic,6715,Weekday,False,Clear,False,0.0,False,False,0.847,Severe,15.3,62.1,467.1,0.262,0.605,0.939,Heavy congestion detected - signal timing extended and reroute suggested
EVT426719,2025-06-30 09:03:49,Sports Fixture,J020,Malleshwaram Circle,16576,Weekday,False,Clear,False,0.0,False,False,1.0,Severe,7.6,78.8,446.1,0.148,0.342,0.898,Heavy congestion detected - signal timing extended and reroute suggested
EVT426720,2025-04-21 11:40:39,Sports Fixture,J030,MG Road,35878,Weekday,False,Clear,False,0.0,False,False,0.486,Moderate,29.6,36.3,131.2,0.104,0.241,0.988,Moderate traffic flow - standard adaptive signal timing in effect
EVT426721,2025-11-30 17:07:21,Local Market Day,J020,Malleshwaram Circle,5219,Weekend,False,Clear,False,0.0,False,False,0.736,High,20.2,53.1,169.4,0.11,0.254,0.952,Moderate traffic flow - standard adaptive signal timing in effect
EVT426722,2025-11-11 07:41:29,Concert,J040,City Market,12155,Weekday,False,Clear,False,0.0,False,False,0.689,High,18.2,50.9,258.6,0.138,0.318,0.973,Moderate traffic flow - standard adaptive signal timing in effect
EVT426723,2025-10-08 10:44:31,Sports Fixture,J012,Koramangala Sony World,15291,Weekday,False,Clear,False,0.0,False,False,0.589,High,15.8,42.6,248.7,0.148,0.342,0.936,Moderate traffic flow - standard adaptive signal timing in effect
EVT426724,2025-01-11 06:02:03,Local Market Day,J031,Cubbon Road,4397,Weekend,False,Clear,False,0.0,False,False,0.346,Low,32.1,24.7,150.9,0.124,0.288,0.951,Moderate traffic flow - standard adaptive signal timing in effect
EVT426725,2025-11-11 19:35:23,Sports Fixture,J031,Cubbon Road,19663,Weekday,False,Clear,False,0.0,False,False,0.951,Severe,10.6,60.1,653.4,0.262,0.606,0.924,Heavy congestion detected - signal timing extended and reroute suggested
EVT426726,2025-02-19 16:09:41,Trade Fair,J040,City Market,7484,Weekday,False,Clear,False,0.0,False,False,0.475,Moderate,18.7,37.8,169.1,0.097,0.224,0.948,Moderate traffic flow - standard adaptive signal timing in effect
EVT426727,2025-03-30 06:33:04,Cultural Procession,J031,Cubbon Road,15478,Weekend,True,Clear,False,0.0,False,False,0.617,High,18.9,41.9,276.9,0.156,0.361,0.94,Festival crowd surge detected - alternate route and extended cycle recommended
EVT426728,2025-08-06 09:32:49,Sports Fixture,J020,Malleshwaram Circle,27651,Weekday,False,Clear,False,0.0,False,False,1.0,Severe,8.9,69.0,755.8,0.253,0.585,0.908,Heavy congestion detected - signal timing extended and reroute suggested
EVT426729,2025-07-31 08:55:04,Local Market Day,J009,Majestic,4666,Weekday,False,Clear,False,0.0,False,False,1.0,Severe,6.5,78.2,554.9,0.168,0.389,0.922,Heavy congestion detected - signal timing extended and reroute suggested
EVT426730,2025-10-31 06:06:51,Sports Fixture,J030,MG Road,14657,Weekday,False,Clear,False,0.0,False,False,0.291,Low,26.3,22.0,152.6,0.115,0.266,0.92,Moderate traffic flow - standard adaptive signal timing in effect
EVT426731,2025-02-23 00:28:00,Sports Fixture,J020,Malleshwaram Circle,12444,Weekend,False,Clear,False,0.0,False,False,0.325,Low,24.0,24.1,139.9,0.083,0.193,0.952,Moderate traffic flow - standard adaptive signal timing in effect
EVT426732,2026-02-19 10:13:42,Local Market Day,J031,Cubbon Road,5173,Weekday,False,Light Rain,True,1.5,False,False,0.836,Severe,14.7,55.5,459.6,0.253,0.585,0.884,Heavy rain reducing visibility and grip - reduced speed and longer buffer advised
EVT426733,2026-06-27 10:34:02,Sports Fixture,J040,City Market,22739,Weekend,False,Clear,False,0.0,False,False,0.641,High,18.8,42.8,299.0,0.18,0.415,0.956,Moderate traffic flow - standard adaptive signal timing in effect
EVT426734,2026-01-11 06:19:01,Trade Fair,J031,Cubbon Road,4844,Weekend,False,Clear,False,0.0,False,False,0.369,Moderate,34.0,26.1,128.3,0.123,0.283,0.971,Moderate traffic flow - standard adaptive signal timing in effect
EVT426735,2025-06-18 08:36:37,Political Rally,J040,City Market,13831,Weekday,False,Clear,False,0.0,False,False,0.961,Severe,8.2,68.6,461.4,0.146,0.337,0.896,Heavy congestion detected - signal timing extended and reroute suggested
EVT426736,2026-04-22 08:02:42,Local Market Day,J009,Majestic,4297,Weekday,False,Clear,False,0.0,False,False,0.758,Severe,16.5,58.2,245.2,0.13,0.299,0.955,Heavy congestion detected - signal timing extended and reroute suggested
EVT426737,2026-03-10 10:59:23,Local Market Day,J011,Indiranagar 100ft Road,5269,Weekday,False,Clear,False,0.0,False,False,0.416,Moderate,25.2,35.7,172.9,0.1,0.231,0.963,Moderate traffic flow - standard adaptive signal timing in effect
EVT426738,2026-06-23 18:13:35,Concert,J031,Cubbon Road,18778,Weekday,False,Clear,False,0.0,False,False,1.0,Severe,6.3,77.2,878.4,0.224,0.518,0.899,Heavy congestion detected - signal timing extended and reroute suggested
EVT426739,2026-03-15 09:41:49,Concert,J023,Basavanagudi,17698,Weekend,False,Clear,False,0.0,False,False,0.859,Severe,13.1,62.7,401.5,0.193,0.445,0.932,Heavy congestion detected - signal timing extended and reroute suggested
EVT426740,2025-08-11 16:14:08,Trade Fair,J020,Malleshwaram Circle,9082,Weekday,False,Clear,False,0.0,False,False,0.546,Moderate,27.3,41.9,200.4,0.163,0.377,0.931,Moderate traffic flow - standard adaptive signal timing in effect
EVT426741,2026-02-02 10:26:01,Local Market Day,J031,Cubbon Road,3480,Weekday,False,Clear,False,0.0,False,False,0.611,High,23.5,48.3,295.0,0.224,0.518,0.974,Moderate traffic flow - standard adaptive signal timing in effect
EVT426742,2026-04-07 07:41:37,Sports Fixture,J009,Majestic,22917,Weekday,False,Clear,False,0.0,False,False,0.696,High,16.8,49.3,467.1,0.255,0.589,0.969,Moderate traffic flow - standard adaptive signal timing in effect
EVT426743,2025-01-11 18:13:26,Local Market Day,J023,Basavanagudi,4177,Weekend,False,Fog,False,0.0,False,False,0.843,Severe,11.2,59.4,272.3,0.131,0.302,0.93,Heavy congestion detected - signal timing extended and reroute suggested
EVT426744,2025-07-01 21:10:49,Trade Fair,J023,Basavanagudi,5309,Weekday,False,Clear,False,0.0,False,False,0.461,Moderate,29.6,24.8,165.0,0.131,0.302,0.962,Moderate traffic flow - standard adaptive signal timing in effect
EVT426745,2026-05-12 15:48:37,Trade Fair,J030,MG Road,4239,Weekday,False,Clear,False,0.0,False,False,0.435,Moderate,24.8,29.6,247.6,0.174,0.401,0.973,Moderate traffic flow - standard adaptive signal timing in effect
EVT426746,2026-02-13 08:21:29,Trade Fair,J012,Koramangala Sony World,4478,Weekday,False,Clear,False,0.0,False,False,0.954,Severe,10.0,68.3,484.9,0.187,0.431,0.909,Heavy congestion detected - signal timing extended and reroute suggested
EVT426747,2025-12-28 15:56:30,Local Market Day,J011,Indiranagar 100ft Road,4899,Weekend,False,Clear,False,0.0,False,False,0.478,Moderate,25.4,33.1,279.8,0.224,0.517,0.984,Moderate traffic flow - standard adaptive signal timing in effect
EVT426748,2025-12-31 14:15:48,Sports Fixture,J023,Basavanagudi,16009,Weekday,False,Clear,False,0.0,False,False,0.221,Low,25.2,11.2,211.4,0.165,0.381,0.977,Normal free-flow traffic - standard signal timing maintained
EVT426749,2025-07-21 08:50:43,Local Market Day,J020,Malleshwaram Circle,2741,Weekday,False,Clear,False,0.0,False,False,1.0,Severe,9.1,72.6,896.1,0.309,0.714,0.916,Heavy congestion detected - signal timing extended and reroute suggested
EVT426750,2025-12-22 16:13:52,Trade Fair,J011,Indiranagar 100ft Road,7287,Weekday,False,Clear,False,0.0,False,False,0.385,Moderate,23.0,28.7,138.1,0.11,0.254,0.98,Moderate traffic flow - standard adaptive signal timing in effect
EVT426751,2025-12-20 17:36:44,Sports Fixture,J031,Cubbon Road,31336,Weekend,False,Clear,False,0.0,False,False,0.918,Severe,11.3,68.1,396.5,0.182,0.419,0.919,Heavy congestion detected - signal timing extended and reroute suggested
EVT426752,2026-06-12 16:08:14,Concert,J012,Koramangala Sony World,9716,Weekday,False,Fog,False,0.0,False,False,0.505,Moderate,30.7,36.4,252.9,0.233,0.538,0.966,Moderate traffic flow - standard adaptive signal timing in effect
EVT426753,2026-02-24 04:11:41,Local Market Day,J040,City Market,5186,Weekday,False,Clear,False,0.0,False,False,0.185,Low,39.3,9.0,90.4,0.097,0.225,0.94,Normal free-flow traffic - standard signal timing maintained
EVT426754,2025-05-16 12:12:16,Local Market Day,J011,Indiranagar 100ft Road,5233,Weekday,False,Fog,False,0.0,False,False,0.214,Low,32.8,17.6,70.0,0.064,0.147,0.951,Normal free-flow traffic - standard signal timing maintained
EVT426755,2025-04-28 12:23:08,Concert,J031,Cubbon Road,10685,Weekday,False,Clear,False,0.0,False,False,0.296,Low,28.6,19.1,255.4,0.221,0.511,0.988,Moderate traffic flow - standard adaptive signal timing in effect
EVT426756,2026-03-20 19:08:00,Religious Festival,J023,Basavanagudi,32998,Weekday,True,Clear,False,0.0,False,True,1.0,Severe,8.0,97.8,322.3,0.122,0.281,0.84,Road closure for event/procession - full detour recommended for through-traffic
EVT426757,2025-04-02 14:47:48,Concert,J023,Basavanagudi,19749,Weekday,False,Clear,False,0.0,False,False,0.293,Low,23.7,20.9,196.0,0.115,0.266,0.972,Moderate traffic flow - standard adaptive signal timing in effect
EVT426758,2025-08-15 07:27:42,Religious Festival,J020,Malleshwaram Circle,23374,Weekday,True,Heavy Rain,True,26.6,False,False,1.0,Severe,9.5,72.2,430.8,0.151,0.35,0.833,Festival crowd surge detected - alternate route and extended cycle recommended
EVT426759,2025-05-07 14:17:49,Sports Fixture,J011,Indiranagar 100ft Road,26772,Weekday,False,Clear,False,0.0,False,False,0.319,Low,29.6,25.3,127.4,0.086,0.199,0.966,Moderate traffic flow - standard adaptive signal timing in effect
EVT426760,2026-04-22 10:54:32,Local Market Day,J020,Malleshwaram Circle,3975,Weekday,False,Clear,False,0.0,False,False,0.429,Moderate,29.0,27.0,141.1,0.1,0.232,0.973,Moderate traffic flow - standard adaptive signal timing in effect
EVT426761,2025-10-04 17:53:31,Concert,J020,Malleshwaram Circle,15185,Weekend,False,Clear,False,0.0,False,False,0.826,Severe,14.9,62.1,211.0,0.107,0.247,0.951,Heavy congestion detected - signal timing extended and reroute suggested
EVT426762,2026-03-02 16:56:00,Concert,J031,Cubbon Road,8635,Weekday,False,Clear,False,0.0,False,False,0.681,High,22.4,49.0,207.4,0.131,0.303,0.978,Moderate traffic flow - standard adaptive signal timing in effect
EVT426763,2026-05-13 09:20:11,Sports Fixture,J040,City Market,24798,Weekday,False,Clear,False,0.0,False,False,1.0,Severe,7.6,69.4,897.0,0.26,0.602,0.895,Heavy congestion detected - signal timing extended and reroute suggested
EVT426764,2025-08-25 18:00:00,Trade Fair,J030,MG Road,8324,Weekday,False,Clear,False,0.0,False,False,1.0,Severe,9.7,74.1,720.3,0.275,0.636,0.919,Heavy congestion detected - signal timing extended and reroute suggested
EVT426765,2026-06-14 18:16:42,Sports Fixture,J031,Cubbon Road,18401,Weekend,False,Light Rain,True,4.8,False,False,1.0,Severe,6.4,67.0,620.8,0.181,0.418,0.886,Heavy rain reducing visibility and grip - reduced speed and longer buffer advised
EVT426766,2025-10-27 08:27:08,Concert,J023,Basavanagudi,11216,Weekday,False,Clear,False,0.0,False,False,0.955,Severe,11.1,70.3,306.2,0.149,0.343,0.906,Heavy congestion detected - signal timing extended and reroute suggested
EVT426767,2025-04-15 19:17:59,Cultural Procession,J040,City Market,11982,Weekday,True,Rain,True,20.4,False,True,1.0,Severe,8.5,98.8,757.2,0.269,0.621,0.783,Road closure for event/procession - full detour recommended for through-traffic
EVT426768,2025-11-30 10:45:43,Concert,J012,Koramangala Sony World,9030,Weekend,False,Clear,False,0.0,False,False,0.563,High,23.5,36.8,102.7,0.067,0.154,0.962,Moderate traffic flow - standard adaptive signal timing in effect
EVT426769,2025-06-12 17:59:50,Local Market Day,J011,Indiranagar 100ft Road,4678,Weekday,False,Rain,True,8.1,False,False,1.0,Severe,6.0,74.6,789.8,0.217,0.5,0.881,Heavy rain reducing visibility and grip - reduced speed and longer buffer advised
EVT426770,2025-11-02 15:51:53,Religious Festival,J011,Indiranagar 100ft Road,38522,Weekend,True,Clear,False,0.0,False,True,0.963,Severe,10.5,85.5,563.2,0.241,0.557,0.831,Road closure for event/procession - full detour recommended for through-traffic
EVT426771,2025-10-27 15:17:22,Local Market Day,J011,Indiranagar 100ft Road,3890,Weekday,False,Clear,False,0.0,False,False,0.339,Low,31.1,22.2,138.0,0.125,0.288,0.969,Moderate traffic flow - standard adaptive signal timing in effect
EVT426772,2025-02-05 06:36:31,Concert,J012,Koramangala Sony World,8412,Weekday,False,Clear,False,0.0,False,False,0.439,Moderate,30.1,34.8,187.6,0.18,0.416,0.966,Moderate traffic flow - standard adaptive signal timing in effect
EVT426773,2026-05-17 08:08:33,Local Market Day,J012,Koramangala Sony World,5918,Weekend,False,Rain,True,18.7,False,False,0.953,Severe,8.9,64.9,431.9,0.164,0.379,0.866,Heavy rain reducing visibility and grip - reduced speed and longer buffer advised
EVT426774,2025-01-25 09:44:20,Political Rally,J030,MG Road,25272,Weekend,False,Clear,False,0.0,False,False,0.944,Severe,8.3,64.9,447.4,0.163,0.377,0.906,Heavy congestion detected - signal timing extended and reroute suggested
EVT426775,2025-09-02 17:28:51,Trade Fair,J020,Malleshwaram Circle,13956,Weekday,False,Fog,False,0.0,False,False,0.983,Severe,8.1,69.0,859.5,0.25,0.577,0.91,Heavy congestion detected - signal timing extended and reroute suggested
EVT426776,2025-06-18 15:36:40,Concert,J012,Koramangala Sony World,20893,Weekday,False,Clear,False,0.0,False,False,0.518,Moderate,22.5,42.5,230.3,0.154,0.356,0.962,Moderate traffic flow - standard adaptive signal timing in effect
EVT426777,2025-04-03 07:41:49,Trade Fair,J011,Indiranagar 100ft Road,12419,Weekday,False,Clear,False,0.0,False,False,0.698,High,17.9,45.7,315.1,0.183,0.423,0.968,Moderate traffic flow - standard adaptive signal timing in effect
EVT426778,2026-01-29 09:35:34,Concert,J030,MG Road,14139,Weekday,False,Clear,False,0.0,False,False,0.938,Severe,11.7,59.4,399.5,0.172,0.398,0.924,Heavy congestion detected - signal timing extended and reroute suggested
EVT426779,2026-03-13 09:57:08,Sports Fixture,J040,City Market,23629,Weekday,False,Clear,False,0.0,False,False,0.959,Severe,10.2,71.0,218.4,0.089,0.205,0.917,Heavy congestion detected - signal timing extended and reroute suggested
EVT426780,2025-08-15 12:12:09,Religious Festival,J012,Koramangala Sony World,40748,Weekday,True,Clear,False,0.0,False,True,0.833,High,15.4,75.1,487.6,0.25,0.577,0.865,Road closure for event/procession - full detour recommended for through-traffic
EVT426781,2025-11-21 20:25:39,Trade Fair,J020,Malleshwaram Circle,11121,Weekday,False,Clear,False,0.0,False,False,0.63,High,25.2,44.9,229.5,0.164,0.378,0.971,Moderate traffic flow - standard adaptive signal timing in effect
EVT426782,2026-01-20 15:14:38,Local Market Day,J023,Basavanagudi,3353,Weekday,False,Clear,False,0.0,False,False,0.298,Low,34.7,21.0,149.3,0.144,0.333,0.954,Moderate traffic flow - standard adaptive signal timing in effect
EVT426783,2025-10-31 16:53:12,Political Rally,J011,Indiranagar 100ft Road,15074,Weekday,False,Clear,False,0.0,False,False,0.85,Severe,11.3,60.8,426.4,0.171,0.394,0.956,Heavy congestion detected - signal timing extended and reroute suggested
EVT426784,2026-02-06 21:20:32,Trade Fair,J023,Basavanagudi,7434,Weekday,False,Clear,False,0.0,False,False,0.327,Low,31.1,18.4,185.2,0.144,0.333,0.975,Moderate traffic flow - standard adaptive signal timing in effect
EVT426785,2025-07-29 16:30:07,Trade Fair,J009,Majestic,6355,Weekday,False,Clear,False,0.0,False,False,0.512,Moderate,23.5,33.0,253.5,0.164,0.378,0.936,Moderate traffic flow - standard adaptive signal timing in effect
EVT426786,2025-01-27 06:42:43,Religious Festival,J011,Indiranagar 100ft Road,38916,Weekday,True,Clear,False,0.0,False,True,0.841,High,10.3,90.8,577.3,0.235,0.544,0.845,Road closure for event/procession - full detour recommended for through-traffic
EVT426787,2025-04-15 11:27:34,Religious Festival,J040,City Market,39797,Weekday,True,Clear,False,0.0,False,True,1.0,Severe,9.5,108.8,672.4,0.241,0.557,0.844,Road closure for event/procession - full detour recommended for through-traffic
EVT426788,2025-01-30 11:02:20,Sports Fixture,J023,Basavanagudi,15387,Weekday,False,Clear,False,0.0,False,False,0.509,Moderate,25.1,32.8,305.5,0.224,0.517,0.972,Moderate traffic flow - standard adaptive signal timing in effect
EVT426789,2025-06-25 10:20:28,Concert,J012,Koramangala Sony World,14434,Weekday,False,Heavy Rain,True,26.7,False,False,0.969,Severe,10.5,68.2,268.3,0.109,0.252,0.865,Heavy rain reducing visibility and grip - reduced speed and longer buffer advised
EVT426790,2025-12-23 20:01:59,Sports Fixture,J031,Cubbon Road,25827,Weekday,False,Clear,False,0.0,False,False,0.857,Severe,13.1,63.5,451.3,0.236,0.546,0.96,Heavy congestion detected - signal timing extended and reroute suggested
EVT426791,2025-03-29 17:50:50,Concert,J009,Majestic,12176,Weekend,False,Clear,False,0.0,False,False,0.883,Severe,10.3,66.4,802.9,0.308,0.712,0.935,Heavy congestion detected - signal timing extended and reroute suggested
EVT426792,2026-06-27 17:16:41,Trade Fair,J009,Majestic,5718,Weekend,False,Clear,False,0.0,False,False,0.671,High,20.3,51.1,336.0,0.215,0.497,0.965,Moderate traffic flow - standard adaptive signal timing in effect
EVT426793,2025-07-24 17:39:02,Trade Fair,J023,Basavanagudi,11607,Weekday,False,Clear,False,0.0,False,False,0.884,Severe,13.4,63.5,343.1,0.176,0.407,0.937,Heavy congestion detected - signal timing extended and reroute suggested
EVT426794,2026-02-07 04:44:57,Trade Fair,J012,Koramangala Sony World,14561,Weekend,False,Clear,False,0.0,False,False,0.293,Low,21.1,25.6,311.2,0.174,0.402,0.961,Moderate traffic flow - standard adaptive signal timing in effect
EVT426795,2025-10-21 18:54:08,Religious Festival,J030,MG Road,45357,Weekday,True,Clear,False,0.0,False,False,1.0,Severe,10.1,72.2,530.3,0.228,0.526,0.88,Festival crowd surge detected - alternate route and extended cycle recommended
EVT426796,2025-06-02 17:56:17,Political Rally,J040,City Market,22407,Weekday,False,Heavy Rain,True,25.5,False,False,1.0,Severe,7.3,70.0,219.5,0.077,0.177,0.854,Heavy rain reducing visibility and grip - reduced speed and longer buffer advised
EVT426797,2025-10-26 18:02:58,Local Market Day,J011,Indiranagar 100ft Road,3549,Weekend,False,Heavy Rain,True,29.7,False,False,1.0,Severe,7.4,73.9,513.8,0.163,0.376,0.868,Heavy rain reducing visibility and grip - reduced speed and longer buffer advised
EVT426798,2025-05-28 20:32:02,Sports Fixture,J030,MG Road,17441,Weekday,False,Light Rain,True,3.5,False,False,0.776,Severe,19.5,56.0,382.4,0.233,0.537,0.926,Heavy rain reducing visibility and grip - reduced speed and longer buffer advised
EVT426799,2025-10-22 16:48:05,Religious Festival,J023,Basavanagudi,39352,Weekday,True,Clear,False,0.0,True,False,1.0,Severe,8.1,66.7,225.9,0.082,0.19,0.699,Accident detected nearby - reroute and reduced speed advised
EVT426800,2026-01-31 20:46:59,Local Market Day,J011,Indiranagar 100ft Road,6842,Weekend,False,Clear,False,0.0,False,False,0.513,Moderate,23.7,39.4,174.0,0.124,0.287,0.99,Moderate traffic flow - standard adaptive signal timing in effect
EVT426801,2025-07-08 07:36:20,Sports Fixture,J031,Cubbon Road,14260,Weekday,False,Clear,False,0.0,False,False,0.702,High,20.8,52.9,267.3,0.185,0.427,0.952,Moderate traffic flow - standard adaptive signal timing in effect
EVT426802,2026-01-07 20:18:14,Sports Fixture,J023,Basavanagudi,15412,Weekday,False,Clear,False,0.0,False,False,0.623,High,19.7,42.0,134.2,0.097,0.225,0.985,Moderate traffic flow - standard adaptive signal timing in effect
EVT426803,2025-07-31 11:54:38,Trade Fair,J009,Majestic,13193,Weekday,False,Clear,False,0.0,False,False,0.289,Low,34.5,20.3,102.8,0.076,0.176,0.967,Moderate traffic flow - standard adaptive signal timing in effect
EVT426804,2026-05-27 17:48:57,Local Market Day,J009,Majestic,1755,Weekday,False,Clear,False,0.0,False,False,0.947,Severe,12.0,69.9,423.5,0.153,0.355,0.939,Heavy congestion detected - signal timing extended and reroute suggested
EVT426805,2026-03-29 08:45:57,Local Market Day,J040,City Market,3022,Weekend,False,Clear,False,0.0,False,False,0.812,Severe,15.3,61.6,284.6,0.144,0.332,0.938,Heavy congestion detected - signal timing extended and reroute suggested
EVT426806,2025-12-27 08:31:56,Political Rally,J020,Malleshwaram Circle,11442,Weekend,False,Clear,False,0.0,False,False,0.926,Severe,9.4,66.2,633.7,0.215,0.498,0.906,Heavy congestion detected - signal timing extended and reroute suggested
EVT426807,2026-06-22 18:25:05,Concert,J030,MG Road,7541,Weekday,False,Light Rain,True,3.5,False,False,1.0,Severe,8.9,66.4,453.0,0.148,0.342,0.842,Heavy rain reducing visibility and grip - reduced speed and longer buffer advised
EVT426808,2026-06-06 08:04:32,Local Market Day,J020,Malleshwaram Circle,6114,Weekend,False,Clear,False,0.0,False,False,0.748,High,18.6,54.1,235.1,0.124,0.287,0.971,Moderate traffic flow - standard adaptive signal timing in effect
EVT426809,2025-06-17 12:13:42,Sports Fixture,J040,City Market,21935,Weekday,False,Clear,False,0.0,False,False,0.226,Low,39.5,17.4,77.6,0.059,0.136,0.961,Normal free-flow traffic - standard signal timing maintained
EVT426810,2026-01-24 12:04:53,Political Rally,J023,Basavanagudi,19771,Weekend,False,Clear,False,0.0,False,False,0.402,Moderate,35.9,31.0,88.9,0.071,0.163,0.961,Moderate traffic flow - standard adaptive signal timing in effect
EVT426811,2025-03-19 10:52:29,Sports Fixture,J020,Malleshwaram Circle,24078,Weekday,False,Fog,False,0.0,False,False,0.592,High,20.6,41.7,249.9,0.167,0.387,0.975,Moderate traffic flow - standard adaptive signal timing in effect
EVT426812,2026-01-13 22:08:20,Local Market Day,J023,Basavanagudi,3119,Weekday,False,Clear,False,0.0,False,False,0.227,Low,36.7,18.2,148.9,0.137,0.317,0.976,Normal free-flow traffic - standard signal timing maintained
EVT426813,2025-09-30 06:59:22,Trade Fair,J031,Cubbon Road,7527,Weekday,False,Clear,False,0.0,False,False,0.456,Moderate,28.6,29.8,239.0,0.206,0.475,0.95,Moderate traffic flow - standard adaptive signal timing in effect
EVT426814,2025-11-11 19:41:47,Sports Fixture,J030,MG Road,22872,Weekday,False,Clear,False,0.0,False,False,0.907,Severe,11.4,65.9,362.3,0.162,0.375,0.927,Heavy congestion detected - signal timing extended and reroute suggested
EVT426815,2025-12-10 17:37:22,Sports Fixture,J009,Majestic,17735,Weekday,False,Clear,False,0.0,False,False,0.962,Severe,11.1,71.0,755.0,0.3,0.693,0.93,Heavy congestion detected - signal timing extended and reroute suggested
EVT426816,2026-03-20 14:41:39,Fireworks Display,J012,Koramangala Sony World,17936,Weekday,True,Clear,False,0.0,False,False,0.579,High,21.7,37.1,197.6,0.154,0.356,0.921,Festival crowd surge detected - alternate route and extended cycle recommended
EVT426817,2026-01-17 11:18:19,Concert,J030,MG Road,6673,Weekend,False,Clear,False,0.0,False,False,0.381,Moderate,31.5,28.2,120.5,0.092,0.212,0.963,Moderate traffic flow - standard adaptive signal timing in effect
EVT426818,2025-01-28 20:36:03,Concert,J030,MG Road,14994,Weekday,False,Clear,False,0.0,False,False,0.504,Moderate,26.3,36.1,101.7,0.064,0.148,0.976,Moderate traffic flow - standard adaptive signal timing in effect
EVT426819,2025-03-10 19:17:13,Concert,J012,Koramangala Sony World,12610,Weekday,False,Clear,False,0.0,False,False,1.0,Severe,8.3,65.1,610.7,0.209,0.482,0.887,Heavy congestion detected - signal timing extended and reroute suggested
EVT426820,2025-06-29 08:44:26,Sports Fixture,J011,Indiranagar 100ft Road,29625,Weekend,False,Heavy Rain,True,64.8,False,False,1.0,Severe,8.6,64.3,328.1,0.122,0.282,0.851,Heavy rain reducing visibility and grip - reduced speed and longer buffer advised
EVT426821,2026-06-22 09:55:13,Local Market Day,J023,Basavanagudi,10180,Weekday,False,Light Rain,True,6.5,False,False,0.989,Severe,9.1,65.9,649.5,0.232,0.537,0.875,Heavy rain reducing visibility and grip - reduced speed and longer buffer advised
EVT426822,2025-07-17 19:26:52,Local Market Day,J030,MG Road,4300,Weekday,False,Clear,False,0.0,False,False,0.958,Severe,9.7,70.0,187.0,0.082,0.189,0.946,Heavy congestion detected - signal timing extended and reroute suggested
EVT426823,2025-06-30 23:03:29,Concert,J020,Malleshwaram Circle,18409,Weekday,False,Heavy Rain,True,29.5,False,False,0.623,High,21.7,44.9,125.3,0.104,0.24,0.934,Heavy rain reducing visibility and grip - reduced speed and longer buffer advised
EVT426824,2026-06-24 15:32:01,Local Market Day,J011,Indiranagar 100ft Road,7002,Weekday,False,Rain,True,8.2,False,False,0.524,Moderate,23.2,41.1,289.2,0.208,0.48,0.901,Light rain detected - minor speed reduction advised
EVT426825,2026-02-12 20:55:07,Trade Fair,J009,Majestic,11637,Weekday,False,Clear,False,0.0,False,False,0.504,Moderate,22.6,32.2,105.3,0.066,0.154,0.976,Moderate traffic flow - standard adaptive signal timing in effect
EVT426826,2025-09-28 15:24:42,Political Rally,J031,Cubbon Road,14807,Weekend,False,Rain,True,8.6,False,False,0.515,Moderate,20.9,34.2,112.2,0.067,0.154,0.922,Light rain detected - minor speed reduction advised
EVT426827,2025-02-24 10:52:02,Local Market Day,J030,MG Road,2008,Weekday,False,Clear,False,0.0,False,False,0.438,Moderate,24.0,32.5,186.6,0.138,0.318,0.98,Moderate traffic flow - standard adaptive signal timing in effect
EVT426828,2025-01-17 18:08:51,Concert,J031,Cubbon Road,21892,Weekday,False,Clear,False,0.0,False,False,1.0,Severe,7.6,69.9,365.8,0.128,0.296,0.925,Heavy congestion detected - signal timing extended and reroute suggested
EVT426829,2026-05-13 21:17:39,Local Market Day,J020,Malleshwaram Circle,6763,Weekday,False,Clear,False,0.0,False,False,0.446,Moderate,27.7,34.6,140.9,0.094,0.217,0.955,Moderate traffic flow - standard adaptive signal timing in effect
EVT426830,2025-05-11 12:52:34,Sports Fixture,J040,City Market,27768,Weekend,False,Rain,True,16.9,False,False,0.612,High,20.6,48.7,256.2,0.174,0.401,0.927,Heavy rain reducing visibility and grip - reduced speed and longer buffer advised
EVT426831,2026-02-04 18:57:35,Trade Fair,J012,Koramangala Sony World,12498,Weekday,False,Clear,False,0.0,False,False,1.0,Severe,8.2,71.2,519.5,0.19,0.439,0.895,Heavy congestion detected - signal timing extended and reroute suggested
EVT426832,2025-05-06 18:46:14,Trade Fair,J030,MG Road,7025,Weekday,False,Heavy Rain,True,42.9,True,False,1.0,Severe,7.7,67.5,582.1,0.178,0.411,0.694,Accident detected nearby - reroute and reduced speed advised
EVT426833,2026-06-18 22:41:40,Local Market Day,J009,Majestic,3930,Weekday,False,Clear,False,0.0,False,False,0.206,Low,33.8,18.8,133.0,0.116,0.268,0.955,Normal free-flow traffic - standard signal timing maintained
EVT426834,2025-05-31 11:15:30,Concert,J009,Majestic,10957,Weekend,False,Clear,False,0.0,False,False,0.357,Moderate,24.2,21.4,169.3,0.106,0.245,0.979,Moderate traffic flow - standard adaptive signal timing in effect
EVT426835,2025-09-19 07:37:05,Local Market Day,J030,MG Road,5248,Weekday,False,Clear,False,0.0,False,False,0.62,High,21.9,41.5,152.1,0.115,0.266,0.974,Moderate traffic flow - standard adaptive signal timing in effect
EVT426836,2025-09-03 22:22:03,Sports Fixture,J040,City Market,34589,Weekday,False,Clear,False,0.0,False,False,0.38,Moderate,28.0,23.3,184.0,0.147,0.339,0.979,Moderate traffic flow - standard adaptive signal timing in effect
EVT426837,2025-01-20 16:16:32,Trade Fair,J020,Malleshwaram Circle,8578,Weekday,False,Clear,False,0.0,False,False,0.482,Moderate,25.1,26.0,257.2,0.183,0.423,0.95,Moderate traffic flow - standard adaptive signal timing in effect
EVT426838,2025-02-25 15:49:21,Sports Fixture,J009,Majestic,27557,Weekday,False,Clear,False,0.0,False,False,0.524,Moderate,22.9,35.1,291.1,0.197,0.455,0.978,Moderate traffic flow - standard adaptive signal timing in effect
EVT426839,2025-06-25 09:50:37,Sports Fixture,J023,Basavanagudi,31012,Weekday,False,Heavy Rain,True,45.0,False,False,1.0,Severe,5.8,68.6,1069.9,0.26,0.601,0.878,Heavy rain reducing visibility and grip - reduced speed and longer buffer advised
EVT426840,2026-01-12 12:41:59,Concert,J031,Cubbon Road,11749,Weekday,False,Clear,False,0.0,False,False,0.236,Low,32.8,13.0,248.0,0.204,0.472,0.958,Normal free-flow traffic - standard signal timing maintained
EVT426841,2025-10-16 09:03:45,Political Rally,J023,Basavanagudi,16606,Weekday,False,Clear,False,0.0,False,False,1.0,Severe,7.6,69.0,405.6,0.124,0.287,0.92,Heavy congestion detected - signal timing extended and reroute suggested
EVT426842,2025-04-19 09:40:10,Political Rally,J031,Cubbon Road,17186,Weekend,False,Clear,False,0.0,False,False,0.839,Severe,15.5,58.0,325.7,0.18,0.417,0.928,Heavy congestion detected - signal timing extended and reroute suggested
EVT426843,2026-04-25 13:05:34,Trade Fair,J040,City Market,13779,Weekend,False,Clear,False,0.0,False,False,0.319,Low,33.2,20.7,150.7,0.137,0.317,0.964,Moderate traffic flow - standard adaptive signal timing in effect
EVT426844,2025-03-10 08:41:50,Concert,J020,Malleshwaram Circle,11249,Weekday,False,Clear,False,0.0,False,False,1.0,Severe,9.2,71.4,690.1,0.262,0.606,0.874,Heavy congestion detected - signal timing extended and reroute suggested
EVT426845,2026-01-17 18:19:24,Sports Fixture,J020,Malleshwaram Circle,16787,Weekend,False,Clear,False,0.0,False,False,0.953,Severe,10.6,63.4,454.3,0.2,0.461,0.917,Heavy congestion detected - signal timing extended and reroute suggested
EVT426846,2025-07-30 19:43:12,Sports Fixture,J011,Indiranagar 100ft Road,30369,Weekday,False,Clear,False,0.0,False,False,1.0,Severe,8.2,74.3,707.0,0.222,0.512,0.9,Heavy congestion detected - signal timing extended and reroute suggested
EVT426847,2025-02-08 14:05:13,Local Market Day,J030,MG Road,4839,Weekend,False,Clear,False,0.0,False,False,0.219,Low,36.5,16.1,110.9,0.094,0.216,0.977,Normal free-flow traffic - standard signal timing maintained
EVT426848,2025-10-16 11:41:19,Political Rally,J023,Basavanagudi,13130,Weekday,False,Rain,True,21.2,False,False,0.631,High,23.3,39.1,200.4,0.163,0.377,0.93,Heavy rain reducing visibility and grip - reduced speed and longer buffer advised
EVT426849,2025-06-26 20:04:10,Local Market Day,J020,Malleshwaram Circle,4015,Weekday,False,Clear,False,0.0,False,False,0.665,High,18.2,49.5,271.8,0.174,0.402,0.969,Moderate traffic flow - standard adaptive signal timing in effect
EVT426850,2025-03-09 17:09:35,Trade Fair,J012,Koramangala Sony World,5829,Weekend,False,Clear,False,0.0,False,False,0.726,High,17.8,46.7,382.5,0.23,0.531,0.975,Moderate traffic flow - standard adaptive signal timing in effect
EVT426851,2026-06-12 16:54:09,Local Market Day,J030,MG Road,6078,Weekday,False,Rain,True,16.9,False,False,0.916,Severe,10.3,68.0,417.5,0.16,0.371,0.871,Heavy rain reducing visibility and grip - reduced speed and longer buffer advised
EVT426852,2025-10-29 06:02:31,Concert,J009,Majestic,13712,Weekday,False,Clear,False,0.0,False,False,0.316,Low,31.5,16.3,187.3,0.168,0.388,0.972,Moderate traffic flow - standard adaptive signal timing in effect
EVT426853,2025-07-24 16:53:47,Local Market Day,J040,City Market,3999,Weekday,False,Clear,False,0.0,False,False,0.71,High,17.6,49.5,343.3,0.21,0.485,0.967,Moderate traffic flow - standard adaptive signal timing in effect
EVT426854,2025-01-11 14:11:47,Trade Fair,J031,Cubbon Road,10305,Weekend,False,Clear,False,0.0,False,False,0.295,Low,30.9,21.0,97.1,0.079,0.182,0.952,Moderate traffic flow - standard adaptive signal timing in effect
EVT426855,2025-02-22 21:55:56,Trade Fair,J023,Basavanagudi,7978,Weekend,False,Clear,False,0.0,False,False,0.335,Low,29.3,17.4,116.5,0.076,0.175,0.977,Moderate traffic flow - standard adaptive signal timing in effect
EVT426856,2025-10-14 01:09:57,Sports Fixture,J023,Basavanagudi,39627,Weekday,False,Clear,False,0.0,False,False,0.367,Moderate,27.3,28.3,178.8,0.141,0.325,0.99,Moderate traffic flow - standard adaptive signal timing in effect
EVT426857,2026-02-15 09:26:43,Concert,J030,MG Road,18743,Weekend,False,Clear,False,0.0,False,False,0.939,Severe,9.9,74.3,892.4,0.338,0.78,0.936,Heavy congestion detected - signal timing extended and reroute suggested
EVT426858,2025-09-07 09:59:38,Sports Fixture,J030,MG Road,23336,Weekend,False,Clear,False,0.0,False,False,0.814,Severe,13.3,53.9,136.6,0.063,0.145,0.951,Heavy congestion detected - signal timing extended and reroute suggested
EVT426859,2026-04-21 09:25:10,Local Market Day,J009,Majestic,6161,Weekday,False,Clear,False,0.0,False,False,0.958,Severe,10.9,67.2,498.4,0.221,0.509,0.908,Heavy congestion detected - signal timing extended and reroute suggested
EVT426860,2025-08-18 15:00:14,Local Market Day,J012,Koramangala Sony World,5090,Weekday,False,Heavy Rain,True,27.6,False,False,0.51,Moderate,23.6,32.5,241.1,0.165,0.381,0.914,Light rain detected - minor speed reduction advised
EVT426861,2025-11-22 15:12:56,Local Market Day,J030,MG Road,3023,Weekend,False,Clear,False,0.0,False,False,0.298,Low,29.7,26.3,180.0,0.143,0.33,0.972,Moderate traffic flow - standard adaptive signal timing in effect
EVT426862,2025-01-19 18:00:45,Concert,J023,Basavanagudi,8533,Weekend,False,Clear,False,0.0,False,False,0.834,Severe,14.2,60.2,327.0,0.166,0.384,0.96,Heavy congestion detected - signal timing extended and reroute suggested
EVT426863,2026-03-25 22:22:51,Local Market Day,J012,Koramangala Sony World,4145,Weekday,False,Clear,False,0.0,False,False,0.196,Low,38.0,12.2,120.1,0.096,0.222,0.982,Normal free-flow traffic - standard signal timing maintained
EVT426864,2026-05-31 18:25:56,Trade Fair,J009,Majestic,6422,Weekend,False,Clear,False,0.0,False,False,0.888,Severe,11.1,64.6,318.7,0.135,0.311,0.939,Heavy congestion detected - signal timing extended and reroute suggested
EVT426865,2025-05-30 08:07:48,Trade Fair,J030,MG Road,10103,Weekday,False,Clear,False,0.0,False,False,0.81,Severe,13.9,57.8,195.4,0.1,0.23,0.959,Heavy congestion detected - signal timing extended and reroute suggested
EVT426866,2025-05-30 13:18:19,Local Market Day,J012,Koramangala Sony World,6092,Weekday,False,Clear,False,0.0,False,False,0.26,Low,29.4,17.2,228.0,0.168,0.389,0.946,Moderate traffic flow - standard adaptive signal timing in effect
EVT426867,2025-07-25 16:56:27,Local Market Day,J020,Malleshwaram Circle,3992,Weekday,False,Fog,False,0.0,False,False,0.677,High,21.2,46.6,292.2,0.194,0.447,0.985,Moderate traffic flow - standard adaptive signal timing in effect
EVT426868,2026-01-27 18:30:42,Religious Festival,J011,Indiranagar 100ft Road,76654,Weekday,True,Clear,False,0.0,False,True,1.0,Severe,8.5,93.2,510.7,0.192,0.445,0.845,Road closure for event/procession - full detour recommended for through-traffic
EVT426869,2025-02-04 07:56:15,Local Market Day,J040,City Market,3877,Weekday,False,Clear,False,0.0,False,False,0.762,Severe,19.6,56.4,289.4,0.199,0.459,0.953,Heavy congestion detected - signal timing extended and reroute suggested
EVT426870,2025-05-22 13:10:52,Sports Fixture,J031,Cubbon Road,18090,Weekday,False,Clear,False,0.0,False,False,0.278,Low,34.3,20.2,142.4,0.112,0.259,0.981,Moderate traffic flow - standard adaptive signal timing in effect
EVT426871,2025-01-26 13:03:17,Fireworks Display,J023,Basavanagudi,11361,Weekend,True,Clear,False,0.0,False,False,0.53,Moderate,19.8,30.5,109.6,0.072,0.167,0.9,Festival crowd surge detected - alternate route and extended cycle recommended
EVT426872,2025-03-29 07:41:47,Sports Fixture,J031,Cubbon Road,36632,Weekend,False,Clear,False,0.0,False,False,0.776,Severe,14.7,58.2,261.6,0.152,0.351,0.97,Heavy congestion detected - signal timing extended and reroute suggested
EVT426873,2026-01-19 08:01:14,Local Market Day,J012,Koramangala Sony World,8803,Weekday,False,Clear,False,0.0,False,False,0.926,Severe,10.3,64.5,385.0,0.162,0.375,0.919,Heavy congestion detected - signal timing extended and reroute suggested
EVT426874,2025-04-04 08:48:26,Local Market Day,J040,City Market,2623,Weekday,False,Clear,False,0.0,False,False,1.0,Severe,6.2,65.1,799.9,0.223,0.516,0.903,Heavy congestion detected - signal timing extended and reroute suggested
EVT426875,2025-10-14 19:20:31,Local Market Day,J030,MG Road,2574,Weekday,False,Clear,False,0.0,False,False,0.855,Severe,12.5,60.5,398.5,0.177,0.41,0.93,Heavy congestion detected - signal timing extended and reroute suggested
EVT426876,2025-07-12 06:18:18,Local Market Day,J020,Malleshwaram Circle,2629,Weekend,False,Heavy Rain,True,68.9,False,False,0.678,High,21.1,51.0,140.9,0.092,0.212,0.889,Heavy rain reducing visibility and grip - reduced speed and longer buffer advised
EVT426877,2025-11-19 13:13:37,Concert,J020,Malleshwaram Circle,13582,Weekday,False,Clear,False,0.0,False,False,0.226,Low,26.2,13.5,211.3,0.138,0.319,0.945,Normal free-flow traffic - standard signal timing maintained
EVT426878,2025-11-05 21:50:47,Local Market Day,J011,Indiranagar 100ft Road,2833,Weekday,False,Clear,False,0.0,False,False,0.263,Low,27.1,13.5,85.5,0.076,0.176,0.941,Moderate traffic flow - standard adaptive signal timing in effect
EVT426879,2026-04-17 16:16:10,Local Market Day,J030,MG Road,5558,Weekday,False,Clear,False,0.0,False,False,0.493,Moderate,23.0,34.1,142.8,0.111,0.256,0.969,Moderate traffic flow - standard adaptive signal timing in effect
EVT426880,2026-05-28 08:23:56,Local Market Day,J023,Basavanagudi,3809,Weekday,False,Clear,False,0.0,False,False,1.0,Severe,9.9,59.7,586.1,0.234,0.54,0.932,Heavy congestion detected - signal timing extended and reroute suggested
EVT426881,2025-07-17 20:05:25,Concert,J030,MG Road,13775,Weekday,False,Clear,False,0.0,False,False,0.757,Severe,13.8,56.0,527.0,0.25,0.577,0.958,Heavy congestion detected - signal timing extended and reroute suggested
EVT426882,2026-06-20 08:57:36,Concert,J023,Basavanagudi,9915,Weekend,False,Clear,False,0.0,False,False,0.938,Severe,12.4,69.8,243.8,0.115,0.267,0.936,Heavy congestion detected - signal timing extended and reroute suggested
EVT426883,2025-01-27 09:23:06,Cultural Procession,J012,Koramangala Sony World,14526,Weekday,True,Clear,False,0.0,False,False,1.0,Severe,8.0,67.9,606.8,0.2,0.461,0.83,Festival crowd surge detected - alternate route and extended cycle recommended
EVT426884,2025-12-19 10:34:19,Local Market Day,J040,City Market,3833,Weekday,False,Clear,False,0.0,False,False,0.588,High,23.6,38.9,215.9,0.14,0.324,0.964,Moderate traffic flow - standard adaptive signal timing in effect
EVT426885,2025-07-07 17:07:23,Concert,J030,MG Road,17982,Weekday,False,Rain,True,14.5,False,False,1.0,Severe,7.7,70.7,567.7,0.176,0.407,0.872,Heavy rain reducing visibility and grip - reduced speed and longer buffer advised
EVT426886,2025-09-08 08:41:12,Local Market Day,J023,Basavanagudi,7510,Weekday,False,Clear,False,0.0,False,False,1.0,Severe,7.0,82.5,387.3,0.115,0.266,0.918,Heavy congestion detected - signal timing extended and reroute suggested
EVT426887,2025-11-20 23:07:25,Local Market Day,J011,Indiranagar 100ft Road,1966,Weekday,False,Clear,False,0.0,False,False,0.186,Low,42.2,16.6,72.8,0.073,0.17,0.976,Normal free-flow traffic - standard signal timing maintained
EVT426888,2025-09-28 11:22:29,Concert,J009,Majestic,11045,Weekend,False,Clear,False,0.0,False,False,0.387,Moderate,29.5,26.1,97.7,0.079,0.183,0.944,Moderate traffic flow - standard adaptive signal timing in effect
EVT426889,2025-08-12 16:30:36,Sports Fixture,J031,Cubbon Road,27128,Weekday,False,Rain,True,9.9,False,False,0.819,Severe,14.2,54.0,126.5,0.078,0.179,0.91,Heavy rain reducing visibility and grip - reduced speed and longer buffer advised
EVT426890,2026-04-12 12:37:50,Trade Fair,J031,Cubbon Road,7817,Weekend,False,Clear,False,0.0,False,False,0.312,Low,21.6,24.8,278.4,0.161,0.371,0.973,Moderate traffic flow - standard adaptive signal timing in effect
EVT426891,2026-03-13 12:12:04,Concert,J012,Koramangala Sony World,24158,Weekday,False,Fog,False,0.0,False,False,0.364,Moderate,18.5,27.7,169.1,0.092,0.211,0.99,Moderate traffic flow - standard adaptive signal timing in effect
EVT426892,2025-05-30 18:32:05,Local Market Day,J030,MG Road,3193,Weekday,False,Rain,True,7.5,False,False,1.0,Severe,7.4,71.6,834.7,0.238,0.549,0.834,Heavy rain reducing visibility and grip - reduced speed and longer buffer advised
EVT426893,2025-11-05 18:22:28,Concert,J009,Majestic,11670,Weekday,False,Clear,False,0.0,False,False,1.0,Severe,7.9,72.9,340.2,0.127,0.294,0.941,Heavy congestion detected - signal timing extended and reroute suggested
EVT426894,2025-08-29 10:49:43,Local Market Day,J040,City Market,2278,Weekday,False,Clear,False,0.0,False,False,0.465,Moderate,26.3,32.9,147.3,0.114,0.264,0.963,Moderate traffic flow - standard adaptive signal timing in effect
EVT426895,2025-06-12 09:44:45,Sports Fixture,J023,Basavanagudi,13462,Weekday,False,Clear,False,0.0,False,False,0.957,Severe,9.9,62.6,717.1,0.259,0.597,0.943,Heavy congestion detected - signal timing extended and reroute suggested
EVT426896,2025-12-02 07:01:25,Political Rally,J009,Majestic,12009,Weekday,False,Clear,False,0.0,False,False,0.467,Moderate,27.4,33.0,165.2,0.145,0.334,0.949,Moderate traffic flow - standard adaptive signal timing in effect
EVT426897,2025-08-18 16:46:06,Concert,J023,Basavanagudi,18950,Weekday,False,Clear,False,0.0,False,False,0.707,High,18.3,55.4,295.7,0.184,0.425,0.976,Moderate traffic flow - standard adaptive signal timing in effect
EVT426898,2026-02-07 13:01:20,Trade Fair,J030,MG Road,7582,Weekend,False,Clear,False,0.0,False,False,0.294,Low,36.2,19.1,93.1,0.099,0.228,0.975,Moderate traffic flow - standard adaptive signal timing in effect
EVT426899,2025-04-18 11:43:36,Concert,J011,Indiranagar 100ft Road,7096,Weekday,False,Clear,False,0.0,False,False,0.233,Low,34.0,22.1,50.6,0.034,0.079,0.954,Normal free-flow traffic - standard signal timing maintained
EVT426900,2025-02-24 08:53:14,Trade Fair,J023,Basavanagudi,6786,Weekday,False,Fog,False,0.0,False,False,1.0,Severe,10.0,68.4,388.6,0.151,0.349,0.903,Heavy congestion detected - signal timing extended and reroute suggested
EVT426901,2025-12-30 20:43:22,Local Market Day,J020,Malleshwaram Circle,3399,Weekday,False,Clear,False,0.0,False,False,0.477,Moderate,25.6,40.4,174.0,0.109,0.252,0.925,Moderate traffic flow - standard adaptive signal timing in effect
EVT426902,2025-12-22 09:36:08,Local Market Day,J030,MG Road,8501,Weekday,False,Clear,False,0.0,False,False,0.96,Severe,10.5,73.7,336.9,0.143,0.331,0.906,Heavy congestion detected - signal timing extended and reroute suggested
EVT426903,2026-05-11 11:04:30,Local Market Day,J011,Indiranagar 100ft Road,6238,Weekday,False,Clear,False,0.0,False,False,0.371,Moderate,31.8,22.0,153.4,0.129,0.298,0.99,Moderate traffic flow - standard adaptive signal timing in effect
EVT426904,2025-03-25 13:38:17,Trade Fair,J009,Majestic,9641,Weekday,False,Clear,False,0.0,False,False,0.272,Low,28.6,22.9,199.8,0.133,0.308,0.954,Moderate traffic flow - standard adaptive signal timing in effect
EVT426905,2025-04-21 11:43:33,Concert,J009,Majestic,9336,Weekday,False,Clear,False,0.0,False,False,0.302,Low,29.3,18.4,157.7,0.141,0.325,0.955,Moderate traffic flow - standard adaptive signal timing in effect
EVT426906,2025-06-20 08:30:43,Political Rally,J020,Malleshwaram Circle,14869,Weekday,False,Clear,False,0.0,False,False,1.0,Severe,7.1,77.7,1101.5,0.316,0.731,0.922,Heavy congestion detected - signal timing extended and reroute suggested
EVT426907,2025-09-23 21:33:28,Local Market Day,J009,Majestic,3744,Weekday,False,Heavy Rain,True,27.6,False,False,0.564,High,22.6,36.6,252.9,0.183,0.423,0.917,Heavy rain reducing visibility and grip - reduced speed and longer buffer advised
EVT426908,2025-04-25 19:28:16,Local Market Day,J040,City Market,3931,Weekday,False,Clear,False,0.0,False,False,0.885,Severe,11.8,55.8,331.1,0.138,0.319,0.956,Heavy congestion detected - signal timing extended and reroute suggested
EVT426909,2026-04-05 20:51:01,Local Market Day,J040,City Market,5072,Weekend,False,Clear,False,0.0,False,False,0.502,Moderate,24.6,28.4,181.0,0.136,0.315,0.964,Moderate traffic flow - standard adaptive signal timing in effect
EVT426910,2025-03-27 13:58:34,Trade Fair,J030,MG Road,4723,Weekday,False,Clear,False,0.0,False,False,0.25,Low,27.7,13.5,165.3,0.115,0.265,0.944,Normal free-flow traffic - standard signal timing maintained
EVT426911,2025-04-10 19:26:35,Local Market Day,J009,Majestic,9391,Weekday,False,Clear,False,0.0,False,False,0.875,Severe,11.8,63.8,481.2,0.235,0.542,0.93,Heavy congestion detected - signal timing extended and reroute suggested
EVT426912,2026-02-19 15:00:50,Concert,J020,Malleshwaram Circle,6089,Weekday,False,Clear,False,0.0,False,False,0.357,Moderate,22.9,23.6,219.7,0.119,0.275,0.99,Moderate traffic flow - standard adaptive signal timing in effect
EVT426913,2025-10-25 21:51:17,Concert,J040,City Market,18925,Weekend,False,Clear,False,0.0,False,False,0.359,Moderate,30.8,27.4,231.1,0.2,0.463,0.942,Moderate traffic flow - standard adaptive signal timing in effect
EVT426914,2025-05-24 14:41:55,Sports Fixture,J023,Basavanagudi,28828,Weekend,False,Rain,True,14.0,False,False,0.476,Moderate,24.0,33.5,158.6,0.109,0.252,0.917,Light rain detected - minor speed reduction advised
EVT426915,2026-04-08 05:07:44,Political Rally,J009,Majestic,11602,Weekday,False,Clear,False,0.0,False,False,0.235,Low,26.7,17.9,163.5,0.108,0.251,0.974,Normal free-flow traffic - standard signal timing maintained
EVT426916,2025-10-07 09:46:14,Sports Fixture,J020,Malleshwaram Circle,15831,Weekday,False,Clear,False,0.0,False,False,1.0,Severe,7.2,74.5,534.4,0.172,0.398,0.89,Heavy congestion detected - signal timing extended and reroute suggested
EVT426917,2025-01-24 13:20:54,Sports Fixture,J020,Malleshwaram Circle,38955,Weekday,False,Clear,False,0.0,False,False,0.407,Moderate,32.8,27.1,124.4,0.101,0.232,0.955,Moderate traffic flow - standard adaptive signal timing in effect
EVT426918,2026-06-29 06:23:41,Local Market Day,J023,Basavanagudi,3838,Weekday,False,Heavy Rain,True,29.9,False,False,0.579,High,22.3,35.2,254.2,0.173,0.399,0.908,Heavy rain reducing visibility and grip - reduced speed and longer buffer advised
EVT426919,2025-05-15 11:07:15,Sports Fixture,J023,Basavanagudi,25568,Weekday,False,Heavy Rain,True,27.3,False,False,0.793,Severe,14.2,63.4,333.0,0.161,0.372,0.907,Heavy rain reducing visibility and grip - reduced speed and longer buffer advised
EVT426920,2026-03-28 17:29:04,Local Market Day,J011,Indiranagar 100ft Road,3007,Weekend,False,Clear,False,0.0,False,False,0.696,High,18.1,50.4,399.4,0.244,0.563,0.956,Moderate traffic flow - standard adaptive signal timing in effect
EVT426921,2025-03-31 21:08:42,Cultural Procession,J030,MG Road,16424,Weekday,True,Clear,False,0.0,False,True,0.888,High,12.0,92.5,497.8,0.218,0.504,0.863,Road closure for event/procession - full detour recommended for through-traffic
EVT426922,2025-03-11 15:12:41,Trade Fair,J031,Cubbon Road,5920,Weekday,False,Clear,False,0.0,False,False,0.289,Low,35.7,23.1,99.2,0.084,0.194,0.976,Moderate traffic flow - standard adaptive signal timing in effect
EVT426923,2025-06-16 09:59:03,Concert,J009,Majestic,13684,Weekday,False,Rain,True,21.6,False,False,1.0,Severe,7.2,70.1,466.2,0.139,0.321,0.855,Heavy rain reducing visibility and grip - reduced speed and longer buffer advised
EVT426924,2025-04-14 08:11:31,Religious Festival,J012,Koramangala Sony World,40594,Weekday,True,Clear,False,0.0,False,True,1.0,Severe,8.9,97.4,752.7,0.261,0.603,0.811,Road closure for event/procession - full detour recommended for through-traffic
EVT426925,2026-03-25 21:58:45,Trade Fair,J023,Basavanagudi,15037,Weekday,False,Clear,False,0.0,False,False,0.227,Low,25.9,17.3,206.4,0.141,0.326,0.969,Normal free-flow traffic - standard signal timing maintained
EVT426926,2025-06-04 08:40:24,Sports Fixture,J009,Majestic,29681,Weekday,False,Light Rain,True,4.7,False,False,1.0,Severe,7.7,63.6,833.7,0.266,0.614,0.878,Heavy rain reducing visibility and grip - reduced speed and longer buffer advised
EVT426927,2026-05-30 16:59:24,Sports Fixture,J011,Indiranagar 100ft Road,28701,Weekend,False,Clear,False,0.0,False,False,0.756,Severe,18.2,54.1,286.3,0.175,0.404,0.948,Heavy congestion detected - signal timing extended and reroute suggested
EVT426928,2026-06-12 16:48:44,Local Market Day,J012,Koramangala Sony World,5502,Weekday,False,Light Rain,True,4.0,False,False,0.761,Severe,16.7,63.8,432.7,0.243,0.561,0.911,Heavy rain reducing visibility and grip - reduced speed and longer buffer advised
EVT426929,2025-05-05 16:07:44,Political Rally,J023,Basavanagudi,10377,Weekday,False,Clear,False,0.0,False,False,0.466,Moderate,25.6,29.8,271.5,0.218,0.503,0.95,Moderate traffic flow - standard adaptive signal timing in effect
EVT426930,2026-05-04 13:45:40,Political Rally,J009,Majestic,14180,Weekday,False,Clear,False,0.0,False,False,0.233,Low,34.8,12.2,174.2,0.154,0.355,0.958,Normal free-flow traffic - standard signal timing maintained
EVT426931,2025-01-08 15:12:48,Local Market Day,J011,Indiranagar 100ft Road,3230,Weekday,False,Clear,False,0.0,False,False,0.2,Low,38.2,15.8,117.6,0.109,0.252,0.977,Normal free-flow traffic - standard signal timing maintained
EVT426932,2025-06-18 18:22:19,Concert,J030,MG Road,7286,Weekday,False,Clear,False,0.0,False,False,1.0,Severe,9.4,66.1,710.3,0.251,0.58,0.941,Heavy congestion detected - signal timing extended and reroute suggested
EVT426933,2026-05-01 13:08:09,Cultural Procession,J040,City Market,33223,Weekday,True,Heavy Rain,True,26.9,False,True,1.0,Severe,7.9,107.8,462.6,0.144,0.332,0.788,Road closure for event/procession - full detour recommended for through-traffic
EVT426934,2025-01-06 18:26:30,Local Market Day,J011,Indiranagar 100ft Road,2862,Weekday,False,Clear,False,0.0,False,False,0.965,Severe,11.0,64.0,447.3,0.186,0.43,0.934,Heavy congestion detected - signal timing extended and reroute suggested
EVT426935,2025-02-28 19:10:04,Local Market Day,J030,MG Road,8562,Weekday,False,Clear,False,0.0,False,False,0.956,Severe,7.7,67.0,371.3,0.12,0.278,0.907,Heavy congestion detected - signal timing extended and reroute suggested
EVT426936,2025-02-17 16:48:47,Local Market Day,J023,Basavanagudi,4799,Weekday,False,Clear,False,0.0,False,False,0.651,High,24.3,50.2,251.6,0.178,0.411,0.961,Moderate traffic flow - standard adaptive signal timing in effect
EVT426937,2025-09-22 20:19:31,Local Market Day,J011,Indiranagar 100ft Road,2434,Weekday,False,Clear,False,0.0,False,False,0.64,High,20.8,45.5,238.3,0.17,0.392,0.983,Moderate traffic flow - standard adaptive signal timing in effect
EVT426938,2026-03-18 14:30:12,Political Rally,J040,City Market,15614,Weekday,False,Clear,False,0.0,False,False,0.273,Low,29.0,23.2,149.8,0.099,0.228,0.971,Moderate traffic flow - standard adaptive signal timing in effect
EVT426939,2026-01-21 20:32:13,Local Market Day,J009,Majestic,7687,Weekday,False,Clear,False,0.0,False,False,0.57,High,25.0,43.4,352.8,0.256,0.591,0.965,Moderate traffic flow - standard adaptive signal timing in effect
EVT426940,2025-02-07 12:23:42,Trade Fair,J031,Cubbon Road,9642,Weekday,False,Clear,False,0.0,False,False,0.187,Low,25.6,14.7,200.3,0.148,0.343,0.966,Normal free-flow traffic - standard signal timing maintained
EVT426941,2026-04-02 20:22:43,Political Rally,J009,Majestic,9971,Weekday,False,Rain,True,17.6,False,False,0.877,Severe,11.6,66.9,466.0,0.196,0.452,0.882,Heavy rain reducing visibility and grip - reduced speed and longer buffer advised
EVT426942,2026-06-01 09:46:31,Sports Fixture,J023,Basavanagudi,13663,Weekday,False,Clear,False,0.0,False,False,0.979,Severe,9.4,74.9,621.8,0.25,0.577,0.937,Heavy congestion detected - signal timing extended and reroute suggested
EVT426943,2025-01-11 06:28:54,Sports Fixture,J030,MG Road,18442,Weekend,False,Clear,False,0.0,False,False,0.457,Moderate,24.6,30.3,214.9,0.152,0.352,0.945,Moderate traffic flow - standard adaptive signal timing in effect
EVT426944,2026-06-07 00:19:19,Concert,J023,Basavanagudi,8241,Weekend,False,Rain,True,22.8,False,False,0.535,Moderate,26.0,37.0,205.4,0.158,0.365,0.912,Light rain detected - minor speed reduction advised
EVT426945,2025-04-10 17:58:45,Concert,J040,City Market,9902,Weekday,False,Clear,False,0.0,False,False,1.0,Severe,8.7,71.2,612.2,0.223,0.516,0.918,Heavy congestion detected - signal timing extended and reroute suggested
EVT426946,2025-05-24 12:23:48,Sports Fixture,J020,Malleshwaram Circle,22646,Weekend,False,Clear,False,0.0,False,False,0.362,Moderate,26.9,27.9,135.3,0.106,0.245,0.975,Moderate traffic flow - standard adaptive signal timing in effect
EVT426947,2025-04-24 16:10:04,Concert,J020,Malleshwaram Circle,13454,Weekday,False,Clear,False,0.0,False,False,0.528,Moderate,16.0,34.2,302.0,0.161,0.371,0.958,Moderate traffic flow - standard adaptive signal timing in effect
EVT426948,2025-08-17 10:22:45,Political Rally,J011,Indiranagar 100ft Road,12592,Weekend,False,Clear,False,0.0,False,False,0.683,High,13.8,50.6,321.1,0.152,0.35,0.961,Moderate traffic flow - standard adaptive signal timing in effect
EVT426949,2025-04-20 18:20:19,Trade Fair,J031,Cubbon Road,6194,Weekend,False,Clear,False,0.0,False,False,0.878,Severe,11.7,61.6,202.0,0.086,0.2,0.974,Heavy congestion detected - signal timing extended and reroute suggested
EVT426950,2025-03-17 21:22:45,Concert,J023,Basavanagudi,11185,Weekday,False,Clear,False,0.0,False,False,0.325,Low,29.3,30.5,188.1,0.141,0.327,0.97,Moderate traffic flow - standard adaptive signal timing in effect
EVT426951,2025-11-01 20:07:14,Cultural Procession,J023,Basavanagudi,26469,Weekend,True,Clear,False,0.0,False,True,1.0,Severe,7.7,99.0,913.7,0.306,0.707,0.843,Road closure for event/procession - full detour recommended for through-traffic
EVT426952,2026-05-10 10:58:23,Local Market Day,J040,City Market,3492,Weekend,False,Clear,False,0.0,False,False,0.452,Moderate,27.1,36.8,166.1,0.127,0.293,0.957,Moderate traffic flow - standard adaptive signal timing in effect
EVT426953,2025-01-07 19:56:10,Sports Fixture,J012,Koramangala Sony World,15393,Weekday,False,Clear,False,0.0,False,False,0.809,Severe,15.5,58.9,270.0,0.16,0.369,0.959,Heavy congestion detected - signal timing extended and reroute suggested
EVT426954,2025-08-29 17:42:02,Trade Fair,J020,Malleshwaram Circle,9802,Weekday,False,Clear,False,0.0,False,False,0.979,Severe,8.0,65.4,924.7,0.265,0.612,0.905,Heavy congestion detected - signal timing extended and reroute suggested
EVT426955,2026-01-25 12:01:04,Sports Fixture,J011,Indiranagar 100ft Road,38703,Weekend,False,Clear,False,0.0,False,False,0.534,Moderate,17.6,34.0,455.1,0.225,0.519,0.97,Moderate traffic flow - standard adaptive signal timing in effect
EVT426956,2025-04-30 18:27:23,Concert,J020,Malleshwaram Circle,9958,Weekday,False,Clear,False,0.0,False,False,0.938,Severe,9.6,70.4,326.7,0.147,0.34,0.917,Heavy congestion detected - signal timing extended and reroute suggested
EVT426957,2026-04-20 11:02:34,Local Market Day,J023,Basavanagudi,3298,Weekday,False,Clear,False,0.0,False,False,0.431,Moderate,25.7,28.0,170.5,0.127,0.292,0.948,Moderate traffic flow - standard adaptive signal timing in effect
EVT426958,2025-10-17 08:09:55,Local Market Day,J012,Koramangala Sony World,3336,Weekday,False,Clear,False,0.0,False,False,0.862,Severe,12.6,65.7,323.2,0.162,0.375,0.934,Heavy congestion detected - signal timing extended and reroute suggested
EVT426959,2025-04-17 06:01:16,Trade Fair,J030,MG Road,7840,Weekday,False,Clear,False,0.0,False,False,0.231,Low,30.0,14.4,172.4,0.122,0.283,0.96,Normal free-flow traffic - standard signal timing maintained
EVT426960,2026-04-24 09:35:28,Sports Fixture,J012,Koramangala Sony World,17087,Weekday,False,Clear,False,0.0,False,False,1.0,Severe,7.4,77.1,684.5,0.225,0.52,0.913,Heavy congestion detected - signal timing extended and reroute suggested
EVT426961,2025-12-19 17:16:06,Concert,J031,Cubbon Road,6823,Weekday,False,Clear,False,0.0,False,False,0.889,Severe,12.8,64.1,481.5,0.233,0.537,0.942,Heavy congestion detected - signal timing extended and reroute suggested
EVT426962,2025-12-22 18:49:34,Sports Fixture,J020,Malleshwaram Circle,19013,Weekday,False,Clear,False,0.0,False,False,1.0,Severe,8.5,69.6,778.0,0.263,0.608,0.917,Heavy congestion detected - signal timing extended and reroute suggested
EVT426963,2025-04-02 08:44:16,Sports Fixture,J020,Malleshwaram Circle,20028,Weekday,False,Clear,False,0.0,False,False,1.0,Severe,7.6,67.4,382.5,0.135,0.311,0.923,Heavy congestion detected - signal timing extended and reroute suggested
EVT426964,2026-04-06 15:14:01,Sports Fixture,J012,Koramangala Sony World,16848,Weekday,False,Clear,False,0.0,False,False,0.463,Moderate,32.1,36.0,225.5,0.206,0.475,0.971,Moderate traffic flow - standard adaptive signal timing in effect
EVT426965,2025-11-30 20:10:57,Concert,J011,Indiranagar 100ft Road,14400,Weekend,False,Clear,False,0.0,False,False,0.697,High,23.0,47.9,183.4,0.116,0.267,0.94,Moderate traffic flow - standard adaptive signal timing in effect
EVT426966,2026-01-13 11:39:50,Concert,J011,Indiranagar 100ft Road,21266,Weekday,False,Clear,False,0.0,False,False,0.444,Moderate,27.8,29.5,160.9,0.128,0.295,0.956,Moderate traffic flow - standard adaptive signal timing in effect
EVT426967,2025-12-25 16:29:35,Fireworks Display,J011,Indiranagar 100ft Road,38134,Weekday,True,Clear,False,0.0,False,False,1.0,Severe,7.6,77.5,727.2,0.231,0.534,0.871,Festival crowd surge detected - alternate route and extended cycle recommended
EVT426968,2025-10-30 21:29:21,Sports Fixture,J030,MG Road,28552,Weekday,False,Fog,False,0.0,False,False,0.435,Moderate,25.1,31.6,287.8,0.206,0.476,0.933,Moderate traffic flow - standard adaptive signal timing in effect
EVT426969,2025-08-21 21:03:31,Trade Fair,J031,Cubbon Road,7109,Weekday,False,Clear,False,0.0,False,False,0.468,Moderate,16.2,35.3,229.5,0.115,0.265,0.99,Moderate traffic flow - standard adaptive signal timing in effect
EVT426970,2025-11-14 09:17:01,Sports Fixture,J031,Cubbon Road,23712,Weekday,False,Clear,False,0.0,False,False,1.0,Severe,9.2,68.2,264.9,0.115,0.265,0.907,Heavy congestion detected - signal timing extended and reroute suggested
EVT426971,2025-10-11 05:03:31,Local Market Day,J020,Malleshwaram Circle,3743,Weekend,False,Clear,False,0.0,False,False,0.321,Low,28.9,23.0,238.0,0.188,0.434,0.951,Moderate traffic flow - standard adaptive signal timing in effect
EVT426972,2025-11-06 17:22:28,Local Market Day,J023,Basavanagudi,4561,Weekday,False,Clear,False,0.0,False,False,0.818,Severe,9.0,61.9,367.4,0.134,0.309,0.96,Heavy congestion detected - signal timing extended and reroute suggested
EVT426973,2025-07-02 09:04:26,Local Market Day,J020,Malleshwaram Circle,6656,Weekday,False,Light Rain,True,5.3,False,False,1.0,Severe,6.2,71.0,669.3,0.186,0.431,0.86,Heavy rain reducing visibility and grip - reduced speed and longer buffer advised
EVT426974,2026-02-04 20:17:20,Concert,J011,Indiranagar 100ft Road,8196,Weekday,False,Clear,False,0.0,False,False,0.702,High,24.6,56.8,115.0,0.08,0.185,0.99,Moderate traffic flow - standard adaptive signal timing in effect
EVT426975,2026-01-07 17:50:50,Political Rally,J023,Basavanagudi,28805,Weekday,False,Clear,False,0.0,False,False,1.0,Severe,8.6,69.7,415.3,0.182,0.421,0.913,Heavy congestion detected - signal timing extended and reroute suggested
EVT426976,2026-01-10 19:08:31,Concert,J020,Malleshwaram Circle,5567,Weekend,False,Clear,False,0.0,False,False,0.828,Severe,14.5,61.8,264.2,0.154,0.355,0.923,Heavy congestion detected - signal timing extended and reroute suggested
EVT426977,2026-01-29 14:32:06,Concert,J023,Basavanagudi,14465,Weekday,False,Fog,False,0.0,False,False,0.315,Low,30.9,22.8,124.1,0.106,0.245,0.967,Moderate traffic flow - standard adaptive signal timing in effect
EVT426978,2025-03-17 22:02:40,Political Rally,J011,Indiranagar 100ft Road,18711,Weekday,False,Clear,False,0.0,False,False,0.354,Moderate,28.8,20.8,147.5,0.143,0.331,0.965,Moderate traffic flow - standard adaptive signal timing in effect
EVT426979,2025-02-26 07:32:26,Local Market Day,J023,Basavanagudi,2994,Weekday,False,Clear,False,0.0,False,False,0.599,High,19.6,35.9,200.4,0.13,0.3,0.952,Moderate traffic flow - standard adaptive signal timing in effect
EVT426980,2025-08-13 19:06:25,Concert,J020,Malleshwaram Circle,12982,Weekday,False,Rain,True,9.6,False,False,1.0,Severe,6.8,70.9,629.0,0.17,0.393,0.876,Heavy rain reducing visibility and grip - reduced speed and longer buffer advised
EVT426981,2025-06-17 09:30:38,Sports Fixture,J009,Majestic,17187,Weekday,False,Heavy Rain,True,38.0,False,False,1.0,Severe,7.5,71.6,518.7,0.16,0.37,0.854,Heavy rain reducing visibility and grip - reduced speed and longer buffer advised
EVT426982,2026-02-14 16:03:58,Concert,J020,Malleshwaram Circle,22092,Weekend,False,Clear,False,0.0,False,False,0.432,Moderate,25.2,34.1,214.6,0.175,0.404,0.964,Moderate traffic flow - standard adaptive signal timing in effect
EVT426983,2025-09-30 16:46:14,Sports Fixture,J009,Majestic,14454,Weekday,False,Heavy Rain,True,57.5,False,False,1.0,Severe,9.5,76.8,393.4,0.152,0.351,0.861,Heavy rain reducing visibility and grip - reduced speed and longer buffer advised
EVT426984,2026-02-16 16:04:32,Trade Fair,J020,Malleshwaram Circle,5892,Weekday,False,Clear,False,0.0,False,False,0.446,Moderate,23.0,29.5,213.4,0.132,0.304,0.957,Moderate traffic flow - standard adaptive signal timing in effect
EVT426985,2025-04-25 08:00:47,Trade Fair,J023,Basavanagudi,9020,Weekday,False,Fog,False,0.0,False,False,0.864,Severe,14.8,51.9,286.0,0.154,0.356,0.963,Heavy congestion detected - signal timing extended and reroute suggested
EVT426986,2026-03-28 11:38:57,Local Market Day,J009,Majestic,3476,Weekend,False,Clear,False,0.0,False,False,0.311,Low,27.5,21.9,157.1,0.099,0.229,0.972,Moderate traffic flow - standard adaptive signal timing in effect
EVT426987,2026-06-25 22:34:06,Trade Fair,J020,Malleshwaram Circle,4632,Weekday,False,Clear,False,0.0,False,False,0.212,Low,36.0,15.7,155.4,0.116,0.268,0.946,Normal free-flow traffic - standard signal timing maintained
EVT426988,2025-01-29 09:33:02,Local Market Day,J031,Cubbon Road,2724,Weekday,False,Clear,False,0.0,False,False,0.995,Severe,7.3,74.6,816.9,0.235,0.544,0.903,Heavy congestion detected - signal timing extended and reroute suggested
EVT426989,2025-08-05 20:04:15,Local Market Day,J040,City Market,4344,Weekday,False,Clear,False,0.0,False,False,0.64,High,14.2,39.8,342.6,0.16,0.37,0.958,Moderate traffic flow - standard adaptive signal timing in effect
EVT426990,2025-02-02 07:18:49,Concert,J040,City Market,15072,Weekend,False,Clear,False,0.0,False,False,0.635,High,20.8,46.6,239.4,0.153,0.354,0.962,Moderate traffic flow - standard adaptive signal timing in effect
EVT426991,2025-05-05 09:30:07,Sports Fixture,J020,Malleshwaram Circle,15629,Weekday,False,Rain,True,13.4,True,False,1.0,Severe,8.0,77.9,664.4,0.212,0.49,0.729,Accident detected nearby - reroute and reduced speed advised
EVT426992,2025-09-27 10:09:42,Local Market Day,J030,MG Road,4382,Weekend,False,Clear,False,0.0,False,False,0.686,High,19.6,51.7,124.2,0.074,0.172,0.969,Moderate traffic flow - standard adaptive signal timing in effect
EVT426993,2025-08-14 06:04:58,Political Rally,J023,Basavanagudi,10804,Weekday,False,Clear,False,0.0,False,False,0.313,Low,25.4,20.7,210.1,0.13,0.3,0.979,Moderate traffic flow - standard adaptive signal timing in effect
EVT426994,2025-12-15 00:47:55,Local Market Day,J020,Malleshwaram Circle,2890,Weekday,False,Clear,False,0.0,True,False,0.477,Moderate,22.1,27.0,192.7,0.111,0.257,0.808,Accident detected nearby - reroute and reduced speed advised
EVT426995,2025-11-29 16:56:12,Political Rally,J023,Basavanagudi,12365,Weekend,False,Clear,False,0.0,False,False,0.708,High,15.7,48.8,133.6,0.074,0.172,0.943,Moderate traffic flow - standard adaptive signal timing in effect
EVT426996,2025-10-04 20:52:38,Trade Fair,J011,Indiranagar 100ft Road,6044,Weekend,False,Clear,False,0.0,False,False,0.481,Moderate,22.1,31.9,102.6,0.065,0.15,0.98,Moderate traffic flow - standard adaptive signal timing in effect
EVT426997,2025-04-13 08:11:18,Sports Fixture,J040,City Market,15825,Weekend,False,Clear,False,0.0,False,False,0.891,Severe,13.3,63.1,280.0,0.14,0.323,0.943,Heavy congestion detected - signal timing extended and reroute suggested
EVT426998,2026-02-25 12:55:30,Sports Fixture,J020,Malleshwaram Circle,21428,Weekday,False,Clear,False,0.0,False,False,0.279,Low,32.3,18.4,123.6,0.086,0.199,0.958,Moderate traffic flow - standard adaptive signal timing in effect
EVT426999,2025-08-10 18:28:01,Local Market Day,J009,Majestic,3913,Weekend,False,Clear,False,0.0,False,False,0.917,Severe,11.4,65.3,408.8,0.188,0.433,0.943,Heavy congestion detected - signal timing extended and reroute suggested
EVT427000,2026-02-03 21:38:37,Concert,J031,Cubbon Road,11292,Weekday,False,Clear,False,0.0,False,False,0.383,Moderate,28.8,34.9,136.1,0.11,0.253,0.978,Moderate traffic flow - standard adaptive signal timing in effect
EVT427001,2025-12-04 12:58:23,Sports Fixture,J040,City Market,26289,Weekday,False,Clear,False,0.0,False,False,0.33,Low,28.5,25.1,134.6,0.124,0.287,0.948,Moderate traffic flow - standard adaptive signal timing in effect
EVT427002,2025-10-27 12:57:37,Local Market Day,J020,Malleshwaram Circle,5765,Weekday,False,Clear,False,0.0,False,False,0.119,Low,34.6,8.0,116.0,0.098,0.227,0.964,Normal free-flow traffic - standard signal timing maintained
EVT427003,2026-03-25 23:57:07,Sports Fixture,J012,Koramangala Sony World,31341,Weekday,False,Clear,False,0.0,False,False,0.333,Low,27.9,23.6,214.0,0.15,0.347,0.979,Moderate traffic flow - standard adaptive signal timing in effect
EVT427004,2025-08-16 18:41:04,Fireworks Display,J031,Cubbon Road,19556,Weekend,True,Clear,False,0.0,False,False,1.0,Severe,9.6,71.4,513.9,0.185,0.428,0.874,Festival crowd surge detected - alternate route and extended cycle recommended
EVT427005,2026-03-16 08:09:45,Concert,J020,Malleshwaram Circle,7451,Weekday,False,Clear,False,0.0,False,False,0.903,Severe,12.6,66.4,207.0,0.098,0.226,0.914,Heavy congestion detected - signal timing extended and reroute suggested
EVT427006,2025-12-11 19:57:21,Trade Fair,J020,Malleshwaram Circle,11251,Weekday,False,Clear,False,0.0,False,False,0.767,Severe,16.6,54.4,268.2,0.16,0.368,0.984,Heavy congestion detected - signal timing extended and reroute suggested
EVT427007,2026-02-20 16:58:35,Concert,J009,Majestic,11877,Weekday,False,Clear,False,0.0,False,False,0.74,High,18.2,52.8,250.4,0.163,0.376,0.96,Moderate traffic flow - standard adaptive signal timing in effect
EVT427008,2026-02-22 12:57:10,Local Market Day,J023,Basavanagudi,4423,Weekend,False,Clear,False,0.0,False,False,0.263,Low,38.4,17.2,85.1,0.056,0.129,0.973,Moderate traffic flow - standard adaptive signal timing in effect
EVT427009,2025-10-13 16:35:08,Trade Fair,J030,MG Road,9784,Weekday,False,Clear,False,0.0,False,False,0.579,High,22.7,38.6,149.4,0.106,0.244,0.968,Moderate traffic flow - standard adaptive signal timing in effect
EVT427010,2025-04-01 22:02:15,Local Market Day,J030,MG Road,5547,Weekday,False,Clear,False,0.0,False,False,0.244,Low,28.2,20.1,213.4,0.159,0.367,0.984,Normal free-flow traffic - standard signal timing maintained
EVT427011,2025-06-12 12:02:36,Sports Fixture,J030,MG Road,14698,Weekday,False,Rain,True,14.5,False,False,0.516,Moderate,26.9,32.5,174.7,0.149,0.343,0.911,Light rain detected - minor speed reduction advised
EVT427012,2025-05-24 18:29:18,Trade Fair,J040,City Market,8651,Weekend,False,Clear,False,0.0,False,False,0.879,Severe,12.6,59.9,268.2,0.117,0.269,0.951,Heavy congestion detected - signal timing extended and reroute suggested
EVT427013,2026-06-21 08:43:18,Trade Fair,J023,Basavanagudi,7895,Weekend,False,Clear,False,0.0,False,False,0.846,Severe,11.3,62.4,355.1,0.156,0.361,0.944,Heavy congestion detected - signal timing extended and reroute suggested
EVT427014,2025-03-06 16:49:59,Local Market Day,J020,Malleshwaram Circle,4991,Weekday,False,Clear,False,0.0,False,False,0.701,High,19.3,53.5,272.1,0.187,0.433,0.95,Moderate traffic flow - standard adaptive signal timing in effect
EVT427015,2026-05-07 15:26:28,Concert,J031,Cubbon Road,17726,Weekday,False,Fog,False,0.0,False,False,0.387,Moderate,29.0,22.4,175.4,0.163,0.375,0.975,Moderate traffic flow - standard adaptive signal timing in effect
EVT427016,2025-12-04 08:59:51,Concert,J030,MG Road,13091,Weekday,False,Clear,False,0.0,False,False,1.0,Severe,8.2,72.4,588.6,0.203,0.47,0.921,Heavy congestion detected - signal timing extended and reroute suggested
EVT427017,2026-04-05 16:56:34,Concert,J040,City Market,13907,Weekend,False,Clear,False,0.0,False,False,0.697,High,19.7,48.5,103.9,0.076,0.177,0.951,Moderate traffic flow - standard adaptive signal timing in effect
EVT427018,2025-10-06 12:30:50,Concert,J012,Koramangala Sony World,11456,Weekday,False,Clear,False,0.0,False,False,0.239,Low,29.5,19.3,213.5,0.169,0.39,0.987,Normal free-flow traffic - standard signal timing maintained
EVT427019,2026-05-11 16:11:44,Local Market Day,J030,MG Road,5586,Weekday,False,Clear,False,0.0,False,False,0.549,Moderate,29.4,33.0,304.0,0.263,0.608,0.948,Moderate traffic flow - standard adaptive signal timing in effect
EVT427020,2025-10-10 20:58:51,Local Market Day,J031,Cubbon Road,8836,Weekday,False,Clear,False,0.0,False,False,0.475,Moderate,19.5,37.3,233.2,0.137,0.316,0.954,Moderate traffic flow - standard adaptive signal timing in effect
EVT427021,2025-12-10 09:28:00,Trade Fair,J040,City Market,9229,Weekday,False,Clear,False,0.0,False,False,1.0,Severe,7.0,74.2,574.9,0.173,0.4,0.914,Heavy congestion detected - signal timing extended and reroute suggested
EVT427022,2025-12-03 10:12:06,Local Market Day,J023,Basavanagudi,3547,Weekday,False,Clear,False,0.0,False,False,0.718,High,17.5,48.7,391.2,0.206,0.476,0.94,Moderate traffic flow - standard adaptive signal timing in effect
EVT427023,2025-12-23 17:54:17,Sports Fixture,J023,Basavanagudi,19302,Weekday,False,Clear,False,0.0,False,False,1.0,Severe,8.5,70.9,460.4,0.182,0.42,0.91,Heavy congestion detected - signal timing extended and reroute suggested
EVT427024,2025-04-30 16:22:34,Local Market Day,J030,MG Road,5127,Weekday,False,Clear,False,0.0,False,False,0.463,Moderate,24.7,31.2,191.4,0.128,0.296,0.965,Moderate traffic flow - standard adaptive signal timing in effect
EVT427025,2025-07-01 18:17:49,Concert,J012,Koramangala Sony World,9961,Weekday,False,Clear,False,0.0,False,False,1.0,Severe,7.9,69.4,767.1,0.235,0.542,0.902,Heavy congestion detected - signal timing extended and reroute suggested
EVT427026,2026-06-22 16:46:25,Political Rally,J012,Koramangala Sony World,33989,Weekday,False,Clear,False,0.0,False,False,0.851,Severe,15.6,60.5,214.4,0.109,0.252,0.937,Heavy congestion detected - signal timing extended and reroute suggested
EVT427027,2025-05-31 07:05:34,Sports Fixture,J040,City Market,40783,Weekend,False,Rain,True,16.9,False,False,0.921,Severe,10.0,66.1,545.0,0.201,0.464,0.878,Heavy rain reducing visibility and grip - reduced speed and longer buffer advised
EVT427028,2025-06-12 05:14:59,Local Market Day,J031,Cubbon Road,2772,Weekday,False,Heavy Rain,True,58.4,True,False,0.963,Severe,10.1,71.2,766.3,0.27,0.625,0.678,Accident detected nearby - reroute and reduced speed advised
EVT427029,2026-06-11 21:27:18,Trade Fair,J040,City Market,12045,Weekday,False,Heavy Rain,True,66.8,False,False,0.746,High,17.4,55.2,287.0,0.152,0.351,0.931,Heavy rain reducing visibility and grip - reduced speed and longer buffer advised
EVT427030,2026-01-13 09:29:18,Local Market Day,J009,Majestic,8206,Weekday,False,Clear,False,0.0,False,False,0.896,Severe,11.8,67.4,308.2,0.145,0.335,0.954,Heavy congestion detected - signal timing extended and reroute suggested
EVT427031,2025-03-16 17:29:49,Trade Fair,J031,Cubbon Road,7140,Weekend,False,Clear,False,0.0,False,False,0.712,High,15.8,51.1,362.5,0.2,0.462,0.957,Moderate traffic flow - standard adaptive signal timing in effect
EVT427032,2025-08-15 15:03:39,Religious Festival,J020,Malleshwaram Circle,61181,Weekday,True,Rain,True,9.6,False,True,1.0,Severe,8.4,99.7,578.5,0.219,0.507,0.793,Road closure for event/procession - full detour recommended for through-traffic
EVT427033,2025-01-07 17:06:55,Sports Fixture,J020,Malleshwaram Circle,15533,Weekday,False,Clear,False,0.0,False,False,0.807,Severe,19.1,52.5,240.7,0.163,0.377,0.962,Heavy congestion detected - signal timing extended and reroute suggested
EVT427034,2025-11-05 19:42:28,Sports Fixture,J020,Malleshwaram Circle,24724,Weekday,False,Fog,False,0.0,False,False,0.905,Severe,10.3,62.8,496.6,0.208,0.481,0.961,Heavy congestion detected - signal timing extended and reroute suggested
EVT427035,2025-12-22 10:07:23,Trade Fair,J031,Cubbon Road,9971,Weekday,False,Fog,False,0.0,False,False,0.722,High,19.1,52.3,280.3,0.19,0.44,0.982,Moderate traffic flow - standard adaptive signal timing in effect
EVT427036,2025-05-23 14:51:26,Concert,J023,Basavanagudi,6604,Weekday,False,Clear,False,0.0,False,False,0.252,Low,30.9,13.4,167.4,0.133,0.307,0.931,Moderate traffic flow - standard adaptive signal timing in effect
EVT427037,2025-12-06 14:19:14,Trade Fair,J040,City Market,11175,Weekend,False,Clear,False,0.0,False,False,0.319,Low,30.5,22.8,221.0,0.168,0.388,0.968,Moderate traffic flow - standard adaptive signal timing in effect
EVT427038,2025-10-18 18:40:38,Sports Fixture,J009,Majestic,23065,Weekend,False,Clear,False,0.0,False,False,0.887,Severe,9.9,65.2,452.3,0.177,0.41,0.953,Heavy congestion detected - signal timing extended and reroute suggested
EVT427039,2025-01-22 12:34:46,Local Market Day,J030,MG Road,3884,Weekday,False,Clear,False,0.0,False,False,0.159,Low,34.4,9.6,75.0,0.074,0.171,0.963,Normal free-flow traffic - standard signal timing maintained
EVT427040,2025-01-04 19:39:12,Sports Fixture,J030,MG Road,13101,Weekend,False,Clear,False,0.0,False,False,0.923,Severe,10.7,69.0,492.8,0.194,0.448,0.94,Heavy congestion detected - signal timing extended and reroute suggested
EVT427041,2025-09-29 19:57:23,Concert,J009,Majestic,14278,Weekday,False,Light Rain,True,6.0,False,False,0.828,Severe,13.9,62.0,263.1,0.141,0.326,0.899,Heavy rain reducing visibility and grip - reduced speed and longer buffer advised
EVT427042,2026-04-30 18:38:31,Local Market Day,J009,Majestic,4975,Weekday,False,Clear,False,0.0,False,False,0.994,Severe,10.0,76.8,241.0,0.121,0.28,0.902,Heavy congestion detected - signal timing extended and reroute suggested
EVT427043,2025-06-23 05:12:59,Sports Fixture,J030,MG Road,31631,Weekday,False,Heavy Rain,True,35.1,False,False,0.717,High,17.3,56.1,202.9,0.124,0.287,0.911,Heavy rain reducing visibility and grip - reduced speed and longer buffer advised
EVT427044,2025-10-31 17:25:22,Sports Fixture,J011,Indiranagar 100ft Road,19938,Weekday,False,Rain,True,13.0,False,False,1.0,Severe,8.8,72.4,647.2,0.232,0.536,0.875,Heavy rain reducing visibility and grip - reduced speed and longer buffer advised
EVT427045,2025-05-25 22:46:37,Political Rally,J020,Malleshwaram Circle,20710,Weekend,False,Rain,True,16.1,False,False,0.6,High,20.8,45.6,320.8,0.197,0.455,0.911,Heavy rain reducing visibility and grip - reduced speed and longer buffer advised
EVT427046,2025-09-14 07:11:03,Sports Fixture,J023,Basavanagudi,22203,Weekend,False,Clear,False,0.0,False,False,0.671,High,18.8,43.3,297.4,0.182,0.42,0.946,Moderate traffic flow - standard adaptive signal timing in effect
EVT427047,2025-03-22 06:22:47,Trade Fair,J031,Cubbon Road,7083,Weekend,False,Clear,False,0.0,False,False,0.379,Moderate,29.6,26.7,161.5,0.138,0.318,0.979,Moderate traffic flow - standard adaptive signal timing in effect
EVT427048,2025-05-11 13:09:58,Local Market Day,J011,Indiranagar 100ft Road,4859,Weekend,False,Clear,False,0.0,False,False,0.268,Low,32.0,14.3,160.4,0.134,0.309,0.946,Moderate traffic flow - standard adaptive signal timing in effect
EVT427049,2025-03-29 20:43:53,Sports Fixture,J012,Koramangala Sony World,28197,Weekend,False,Clear,False,0.0,False,False,0.582,High,25.0,42.1,244.4,0.203,0.47,0.964,Moderate traffic flow - standard adaptive signal timing in effect
EVT427050,2025-07-04 19:33:38,Concert,J031,Cubbon Road,11923,Weekday,False,Heavy Rain,True,39.6,False,False,1.0,Severe,10.0,71.2,578.3,0.232,0.537,0.878,Heavy rain reducing visibility and grip - reduced speed and longer buffer advised
EVT427051,2025-03-28 17:04:48,Trade Fair,J031,Cubbon Road,8071,Weekday,False,Clear,False,0.0,False,False,0.717,High,20.4,51.5,219.9,0.155,0.359,0.963,Moderate traffic flow - standard adaptive signal timing in effect
EVT427052,2025-08-17 07:03:38,Concert,J040,City Market,9956,Weekend,False,Heavy Rain,True,99.6,False,False,0.839,Severe,15.7,54.3,420.3,0.236,0.546,0.889,Heavy rain reducing visibility and grip - reduced speed and longer buffer advised
EVT427053,2025-11-20 13:27:37,Concert,J040,City Market,14965,Weekday,False,Fog,False,0.0,False,False,0.201,Low,30.2,17.1,127.9,0.096,0.222,0.977,Normal free-flow traffic - standard signal timing maintained
EVT427054,2025-05-11 18:29:42,Local Market Day,J011,Indiranagar 100ft Road,3301,Weekend,False,Clear,False,0.0,False,False,0.802,Severe,18.6,55.3,276.7,0.189,0.437,0.966,Heavy congestion detected - signal timing extended and reroute suggested
EVT427055,2025-12-03 18:39:57,Sports Fixture,J030,MG Road,14673,Weekday,False,Clear,False,0.0,False,False,1.0,Severe,8.5,71.6,576.9,0.191,0.441,0.909,Heavy congestion detected - signal timing extended and reroute suggested
EVT427056,2026-04-30 17:38:20,Sports Fixture,J020,Malleshwaram Circle,27157,Weekday,False,Clear,False,0.0,False,False,1.0,Severe,7.7,72.8,517.8,0.164,0.379,0.924,Heavy congestion detected - signal timing extended and reroute suggested
EVT427057,2025-11-13 16:13:48,Concert,J020,Malleshwaram Circle,13065,Weekday,False,Clear,False,0.0,False,False,0.644,High,20.0,47.8,224.9,0.146,0.338,0.964,Moderate traffic flow - standard adaptive signal timing in effect
EVT427058,2026-02-07 15:35:31,Sports Fixture,J012,Koramangala Sony World,26858,Weekend,False,Clear,False,0.0,False,False,0.57,High,22.9,43.2,225.0,0.13,0.299,0.979,Moderate traffic flow - standard adaptive signal timing in effect
EVT427059,2026-04-16 15:02:45,Sports Fixture,J011,Indiranagar 100ft Road,28635,Weekday,False,Clear,False,0.0,False,False,0.407,Moderate,29.8,26.0,233.6,0.166,0.384,0.978,Moderate traffic flow - standard adaptive signal timing in effect
EVT427060,2026-02-10 20:40:52,Local Market Day,J009,Majestic,4560,Weekday,False,Clear,False,0.0,False,False,0.545,Moderate,23.8,38.8,215.8,0.18,0.416,0.966,Moderate traffic flow - standard adaptive signal timing in effect
EVT427061,2025-04-17 08:17:50,Local Market Day,J023,Basavanagudi,6070,Weekday,False,Clear,False,0.0,False,False,0.887,Severe,11.5,65.3,341.2,0.148,0.342,0.936,Heavy congestion detected - signal timing extended and reroute suggested
EVT427062,2025-06-14 12:59:58,Local Market Day,J009,Majestic,4087,Weekend,False,Light Rain,True,5.8,False,False,0.413,Moderate,19.6,30.8,258.0,0.146,0.337,0.929,Light rain detected - minor speed reduction advised
EVT427063,2025-07-28 16:11:37,Trade Fair,J009,Majestic,12460,Weekday,False,Clear,False,0.0,False,False,0.48,Moderate,26.6,33.6,122.9,0.094,0.216,0.975,Moderate traffic flow - standard adaptive signal timing in effect
EVT427064,2026-06-04 08:40:51,Sports Fixture,J012,Koramangala Sony World,18973,Weekday,False,Clear,False,0.0,False,False,1.0,Severe,6.5,75.3,745.5,0.218,0.504,0.902,Heavy congestion detected - signal timing extended and reroute suggested
EVT427065,2025-01-21 15:11:42,Sports Fixture,J040,City Market,35394,Weekday,False,Clear,False,0.0,False,False,0.466,Moderate,26.1,33.0,139.6,0.117,0.269,0.964,Moderate traffic flow - standard adaptive signal timing in effect
EVT427066,2025-06-23 15:33:04,Local Market Day,J020,Malleshwaram Circle,3241,Weekday,False,Clear,False,0.0,False,False,0.34,Low,30.6,23.5,165.4,0.13,0.301,0.966,Moderate traffic flow - standard adaptive signal timing in effect
EVT427067,2026-04-21 17:25:42,Sports Fixture,J030,MG Road,21770,Weekday,False,Clear,False,0.0,False,False,0.943,Severe,8.6,67.0,437.4,0.162,0.375,0.929,Heavy congestion detected - signal timing extended and reroute suggested
EVT427068,2026-06-26 20:20:58,Local Market Day,J023,Basavanagudi,5514,Weekday,False,Clear,False,0.0,False,False,0.585,High,18.1,43.3,292.6,0.185,0.426,0.953,Moderate traffic flow - standard adaptive signal timing in effect
EVT427069,2026-01-02 17:07:25,Religious Festival,J030,MG Road,38831,Weekday,True,Clear,False,0.0,False,False,1.0,Severe,8.2,73.1,755.3,0.255,0.59,0.889,Festival crowd surge detected - alternate route and extended cycle recommended
EVT427070,2026-04-18 15:54:33,Local Market Day,J031,Cubbon Road,2902,Weekend,False,Clear,False,0.0,False,False,0.433,Moderate,30.6,28.7,186.0,0.15,0.348,0.975,Moderate traffic flow - standard adaptive signal timing in effect
EVT427071,2025-06-10 05:13:37,Sports Fixture,J011,Indiranagar 100ft Road,26720,Weekday,False,Clear,False,0.0,False,False,0.341,Low,27.0,30.2,94.1,0.071,0.164,0.955,Moderate traffic flow - standard adaptive signal timing in effect
EVT427072,2025-03-30 21:24:02,Cultural Procession,J030,MG Road,14954,Weekend,True,Fog,False,0.0,False,False,0.656,High,18.9,44.9,223.5,0.14,0.324,0.895,Festival crowd surge detected - alternate route and extended cycle recommended
EVT427073,2026-01-29 17:20:49,Concert,J030,MG Road,15552,Weekday,False,Clear,False,0.0,False,False,0.859,Severe,14.2,66.1,259.7,0.131,0.302,0.952,Heavy congestion detected - signal timing extended and reroute suggested
EVT427074,2025-06-18 04:21:25,Concert,J030,MG Road,13541,Weekday,False,Rain,True,18.1,False,False,0.449,Moderate,30.8,27.0,175.2,0.151,0.348,0.934,Light rain detected - minor speed reduction advised
EVT427075,2026-02-27 18:34:55,Local Market Day,J040,City Market,5050,Weekday,False,Clear,False,0.0,False,False,1.0,Severe,7.6,68.4,436.7,0.148,0.342,0.912,Heavy congestion detected - signal timing extended and reroute suggested
EVT427076,2025-07-08 12:27:15,Sports Fixture,J011,Indiranagar 100ft Road,22875,Weekday,False,Clear,False,0.0,False,False,0.332,Low,29.9,24.1,116.9,0.096,0.221,0.969,Moderate traffic flow - standard adaptive signal timing in effect
EVT427077,2025-10-08 07:04:04,Sports Fixture,J030,MG Road,18545,Weekday,False,Rain,True,10.0,False,False,0.686,High,19.9,48.2,96.9,0.064,0.147,0.886,Heavy rain reducing visibility and grip - reduced speed and longer buffer advised
EVT427078,2025-08-16 08:30:10,Religious Festival,J011,Indiranagar 100ft Road,34864,Weekend,True,Clear,False,0.0,False,False,1.0,Severe,7.6,75.5,513.7,0.149,0.344,0.834,Festival crowd surge detected - alternate route and extended cycle recommended
EVT427079,2025-06-26 14:11:23,Concert,J009,Majestic,27850,Weekday,False,Rain,True,16.1,False,False,0.468,Moderate,18.9,34.1,271.6,0.159,0.367,0.933,Light rain detected - minor speed reduction advised
EVT427080,2025-01-09 09:46:24,Sports Fixture,J009,Majestic,37322,Weekday,False,Clear,False,0.0,False,False,1.0,Severe,8.0,70.3,748.4,0.274,0.633,0.916,Heavy congestion detected - signal timing extended and reroute suggested
EVT427081,2026-04-14 15:54:47,Cultural Procession,J009,Majestic,14505,Weekday,True,Clear,False,0.0,False,True,0.961,Severe,11.3,90.8,222.1,0.11,0.253,0.842,Road closure for event/procession - full detour recommended for through-traffic
EVT427082,2026-06-11 09:15:07,Concert,J020,Malleshwaram Circle,13500,Weekday,False,Clear,False,0.0,False,False,1.0,Severe,8.3,76.1,739.6,0.263,0.609,0.905,Heavy congestion detected - signal timing extended and reroute suggested
EVT427083,2026-03-10 11:08:20,Sports Fixture,J031,Cubbon Road,30527,Weekday,False,Light Rain,True,3.2,False,False,0.617,High,19.0,43.0,209.8,0.099,0.23,0.903,Heavy rain reducing visibility and grip - reduced speed and longer buffer advised
EVT427084,2025-02-15 19:11:32,Local Market Day,J009,Majestic,4706,Weekend,False,Clear,False,0.0,False,False,0.835,Severe,15.6,56.4,328.7,0.186,0.429,0.969,Heavy congestion detected - signal timing extended and reroute suggested
EVT427085,2025-03-31 09:41:26,Religious Festival,J011,Indiranagar 100ft Road,54330,Weekday,True,Fog,False,0.0,False,True,1.0,Severe,6.9,98.7,487.8,0.162,0.375,0.854,Road closure for event/procession - full detour recommended for through-traffic
EVT427086,2025-08-21 11:51:23,Concert,J009,Majestic,12001,Weekday,False,Rain,True,11.8,False,False,0.492,Moderate,21.3,36.2,131.0,0.077,0.178,0.925,Light rain detected - minor speed reduction advised
EVT427087,2025-09-13 19:59:10,Concert,J040,City Market,10877,Weekend,False,Clear,False,0.0,False,False,0.723,High,21.9,49.1,272.2,0.206,0.477,0.964,Moderate traffic flow - standard adaptive signal timing in effect
EVT427088,2025-05-13 06:20:07,Trade Fair,J023,Basavanagudi,14702,Weekday,False,Clear,False,0.0,False,False,0.25,Low,34.3,19.7,185.1,0.176,0.408,0.982,Normal free-flow traffic - standard signal timing maintained
EVT427089,2026-05-30 20:28:24,Sports Fixture,J023,Basavanagudi,44823,Weekend,False,Clear,False,0.0,False,False,0.804,Severe,15.6,55.6,357.8,0.201,0.465,0.953,Heavy congestion detected - signal timing extended and reroute suggested
EVT427090,2025-08-14 17:49:14,Trade Fair,J020,Malleshwaram Circle,8596,Weekday,False,Rain,True,14.4,False,False,1.0,Severe,11.3,74.9,194.4,0.091,0.209,0.841,Heavy rain reducing visibility and grip - reduced speed and longer buffer advised
EVT427091,2026-03-01 11:22:14,Local Market Day,J020,Malleshwaram Circle,3414,Weekend,False,Clear,False,0.0,False,False,0.355,Moderate,30.3,24.1,177.0,0.149,0.344,0.957,Moderate traffic flow - standard adaptive signal timing in effect
EVT427092,2026-02-27 12:01:29,Local Market Day,J031,Cubbon Road,3295,Weekday,False,Clear,False,0.0,False,False,0.206,Low,27.9,13.6,185.5,0.144,0.333,0.974,Normal free-flow traffic - standard signal timing maintained
EVT427093,2025-02-02 11:20:08,Local Market Day,J012,Koramangala Sony World,2459,Weekend,False,Light Rain,True,1.7,False,False,0.409,Moderate,30.2,23.7,60.7,0.043,0.1,0.928,Light rain detected - minor speed reduction advised
EVT427094,2025-10-19 17:38:18,Trade Fair,J031,Cubbon Road,6543,Weekend,False,Clear,False,0.0,True,False,1.0,Severe,8.3,75.4,277.0,0.091,0.209,0.758,Accident detected nearby - reroute and reduced speed advised
EVT427095,2025-11-29 19:54:49,Concert,J023,Basavanagudi,9775,Weekend,False,Clear,False,0.0,False,False,0.701,High,19.1,51.2,379.9,0.242,0.559,0.977,Moderate traffic flow - standard adaptive signal timing in effect
EVT427096,2025-08-02 10:54:31,Political Rally,J040,City Market,13703,Weekend,False,Clear,False,0.0,False,False,0.539,Moderate,26.8,34.1,178.0,0.142,0.328,0.971,Moderate traffic flow - standard adaptive signal timing in effect
EVT427097,2026-04-17 11:06:33,Trade Fair,J020,Malleshwaram Circle,8523,Weekday,False,Clear,False,0.0,False,False,0.422,Moderate,27.5,27.3,171.2,0.122,0.282,0.964,Moderate traffic flow - standard adaptive signal timing in effect
EVT427098,2026-01-09 23:39:16,Trade Fair,J040,City Market,9962,Weekday,False,Clear,False,0.0,False,False,0.159,Low,38.1,11.7,104.0,0.093,0.214,0.98,Normal free-flow traffic - standard signal timing maintained
EVT427099,2025-07-06 18:16:50,Sports Fixture,J040,City Market,33133,Weekend,False,Clear,False,0.0,False,False,0.961,Severe,11.6,70.4,446.4,0.203,0.469,0.922,Heavy congestion detected - signal timing extended and reroute suggested
EVT427100,2025-12-24 18:52:06,Local Market Day,J031,Cubbon Road,5312,Weekday,False,Light Rain,True,4.4,False,False,1.0,Severe,7.9,66.5,859.0,0.271,0.625,0.882,Heavy rain reducing visibility and grip - reduced speed and longer buffer advised
EVT427101,2026-02-02 06:31:08,Sports Fixture,J009,Majestic,29333,Weekday,False,Clear,False,0.0,False,False,0.481,Moderate,30.4,35.7,150.2,0.126,0.291,0.984,Moderate traffic flow - standard adaptive signal timing in effect
EVT427102,2026-03-27 12:36:04,Religious Festival,J012,Koramangala Sony World,34114,Weekday,True,Clear,False,0.0,False,True,0.722,High,19.9,74.4,273.1,0.174,0.402,0.894,Road closure for event/procession - full detour recommended for through-traffic
EVT427103,2025-11-29 19:41:54,Local Market Day,J040,City Market,3851,Weekend,False,Clear,False,0.0,False,False,0.644,High,19.0,47.8,368.0,0.225,0.521,0.964,Moderate traffic flow - standard adaptive signal timing in effect
EVT427104,2025-05-22 10:23:45,Sports Fixture,J030,MG Road,21741,Weekday,False,Clear,False,0.0,False,False,0.691,High,17.8,44.7,253.5,0.135,0.312,0.959,Moderate traffic flow - standard adaptive signal timing in effect
EVT427105,2025-06-16 16:46:23,Political Rally,J012,Koramangala Sony World,18299,Weekday,False,Clear,False,0.0,False,False,0.772,Severe,11.6,52.4,343.2,0.162,0.375,0.95,Heavy congestion detected - signal timing extended and reroute suggested
EVT427106,2025-02-11 07:53:43,Sports Fixture,J009,Majestic,9233,Weekday,False,Clear,False,0.0,False,False,0.808,Severe,19.2,58.6,325.4,0.236,0.545,0.967,Heavy congestion detected - signal timing extended and reroute suggested
EVT427107,2026-03-13 18:02:44,Local Market Day,J023,Basavanagudi,3174,Weekday,False,Clear,False,0.0,False,False,0.95,Severe,10.1,69.7,356.6,0.158,0.365,0.96,Heavy congestion detected - signal timing extended and reroute suggested
EVT427108,2026-05-29 16:20:12,Sports Fixture,J012,Koramangala Sony World,20150,Weekday,False,Clear,False,0.0,False,False,0.656,High,18.5,46.8,249.5,0.155,0.358,0.982,Moderate traffic flow - standard adaptive signal timing in effect
EVT427109,2026-05-28 17:49:02,Trade Fair,J030,MG Road,7185,Weekday,False,Clear,False,0.0,False,False,1.0,Severe,7.4,75.3,348.6,0.118,0.274,0.91,Heavy congestion detected - signal timing extended and reroute suggested
EVT427110,2025-01-31 19:06:42,Local Market Day,J012,Koramangala Sony World,2979,Weekday,False,Clear,False,0.0,False,False,0.998,Severe,7.6,70.4,509.4,0.19,0.438,0.917,Heavy congestion detected - signal timing extended and reroute suggested
EVT427111,2026-02-22 13:19:43,Concert,J030,MG Road,4796,Weekend,False,Clear,False,0.0,False,False,0.261,Low,39.5,23.2,111.8,0.104,0.241,0.974,Moderate traffic flow - standard adaptive signal timing in effect
EVT427112,2025-04-04 09:33:56,Sports Fixture,J011,Indiranagar 100ft Road,26217,Weekday,False,Rain,True,10.3,False,False,1.0,Severe,8.6,67.9,591.0,0.193,0.445,0.849,Heavy rain reducing visibility and grip - reduced speed and longer buffer advised
EVT427113,2025-05-22 21:18:54,Sports Fixture,J040,City Market,15760,Weekday,False,Clear,False,0.0,False,False,0.499,Moderate,26.6,34.9,182.6,0.16,0.37,0.956,Moderate traffic flow - standard adaptive signal timing in effect
EVT427114,2025-01-21 12:53:06,Local Market Day,J023,Basavanagudi,2781,Weekday,False,Clear,False,0.0,False,False,0.112,Low,42.7,11.5,65.8,0.078,0.179,0.972,Normal free-flow traffic - standard signal timing maintained
EVT427115,2026-04-18 09:29:06,Trade Fair,J023,Basavanagudi,4607,Weekend,False,Clear,False,0.0,False,False,0.835,Severe,13.1,60.2,417.4,0.187,0.433,0.956,Heavy congestion detected - signal timing extended and reroute suggested
EVT427116,2025-01-12 13:21:38,Local Market Day,J012,Koramangala Sony World,3873,Weekend,False,Clear,False,0.0,False,False,0.242,Low,32.0,16.2,50.8,0.041,0.095,0.962,Normal free-flow traffic - standard signal timing maintained
EVT427117,2025-08-31 09:35:04,Sports Fixture,J031,Cubbon Road,17405,Weekend,False,Clear,False,0.0,False,False,0.885,Severe,11.6,62.4,196.1,0.063,0.145,0.929,Heavy congestion detected - signal timing extended and reroute suggested
EVT427118,2025-07-03 22:14:01,Concert,J030,MG Road,10861,Weekday,False,Heavy Rain,True,42.7,False,False,0.634,High,19.1,40.8,334.2,0.192,0.443,0.913,Heavy rain reducing visibility and grip - reduced speed and longer buffer advised
EVT427119,2025-03-03 14:28:38,Political Rally,J031,Cubbon Road,20364,Weekday,False,Fog,False,0.0,False,False,0.315,Low,22.2,16.0,68.3,0.047,0.108,0.963,Moderate traffic flow - standard adaptive signal timing in effect
EVT427120,2025-04-24 14:02:22,Sports Fixture,J031,Cubbon Road,19848,Weekday,False,Clear,False,0.0,False,False,0.353,Moderate,30.4,22.7,160.3,0.134,0.31,0.971,Moderate traffic flow - standard adaptive signal timing in effect
EVT427121,2026-05-06 17:18:43,Sports Fixture,J023,Basavanagudi,27126,Weekday,False,Clear,False,0.0,False,False,0.939,Severe,8.1,68.9,653.8,0.224,0.518,0.934,Heavy congestion detected - signal timing extended and reroute suggested
EVT427122,2025-03-31 09:18:13,Religious Festival,J023,Basavanagudi,84918,Weekday,True,Clear,False,0.0,False,True,1.0,Severe,8.2,98.6,628.6,0.208,0.481,0.825,Road closure for event/procession - full detour recommended for through-traffic
EVT427123,2025-12-06 08:42:40,Local Market Day,J009,Majestic,3990,Weekend,False,Clear,False,0.0,False,False,0.757,Severe,18.7,57.0,341.9,0.246,0.567,0.965,Heavy congestion detected - signal timing extended and reroute suggested
EVT427124,2025-03-11 08:32:09,Political Rally,J012,Koramangala Sony World,15523,Weekday,False,Clear,False,0.0,False,False,1.0,Severe,9.4,68.3,584.0,0.222,0.512,0.933,Heavy congestion detected - signal timing extended and reroute suggested
EVT427125,2025-03-27 17:34:52,Trade Fair,J030,MG Road,10626,Weekday,False,Clear,False,0.0,False,False,0.949,Severe,7.9,62.7,455.5,0.152,0.351,0.916,Heavy congestion detected - signal timing extended and reroute suggested
EVT427126,2025-11-13 08:58:30,Concert,J020,Malleshwaram Circle,16809,Weekday,False,Clear,False,0.0,False,False,1.0,Severe,7.2,71.5,632.6,0.191,0.441,0.894,Heavy congestion detected - signal timing extended and reroute suggested
EVT427127,2026-05-17 14:13:14,Concert,J009,Majestic,9912,Weekend,False,Heavy Rain,True,29.0,False,False,0.583,High,25.7,40.7,177.1,0.133,0.307,0.919,Heavy rain reducing visibility and grip - reduced speed and longer buffer advised
EVT427128,2025-04-18 17:17:52,Local Market Day,J040,City Market,5097,Weekday,False,Clear,False,0.0,False,False,0.793,Severe,13.3,58.9,198.3,0.09,0.207,0.941,Heavy congestion detected - signal timing extended and reroute suggested
EVT427129,2025-08-28 19:54:41,Cultural Procession,J011,Indiranagar 100ft Road,13281,Weekday,True,Clear,False,0.0,False,True,1.0,Severe,10.5,98.1,345.9,0.147,0.339,0.822,Road closure for event/procession - full detour recommended for through-traffic
EVT427130,2025-06-30 20:17:31,Local Market Day,J030,MG Road,2831,Weekday,False,Clear,False,0.0,False,False,0.646,High,21.7,49.6,255.3,0.167,0.387,0.988,Moderate traffic flow - standard adaptive signal timing in effect
EVT427131,2025-03-01 14:18:42,Concert,J031,Cubbon Road,17635,Weekend,False,Clear,False,0.0,False,False,0.26,Low,30.5,12.8,177.7,0.142,0.327,0.985,Moderate traffic flow - standard adaptive signal timing in effect
EVT427132,2026-06-16 15:45:21,Concert,J011,Indiranagar 100ft Road,7608,Weekday,False,Rain,True,10.1,False,False,0.539,Moderate,23.8,36.8,208.3,0.135,0.313,0.887,Light rain detected - minor speed reduction advised
EVT427133,2026-01-10 11:47:11,Concert,J012,Koramangala Sony World,13589,Weekend,False,Clear,False,0.0,False,False,0.357,Moderate,27.1,22.0,222.4,0.164,0.378,0.984,Moderate traffic flow - standard adaptive signal timing in effect
EVT427134,2025-12-30 11:07:32,Political Rally,J012,Koramangala Sony World,16377,Weekday,False,Light Rain,True,4.5,False,False,0.544,Moderate,22.5,46.9,325.8,0.222,0.512,0.94,Light rain detected - minor speed reduction advised
EVT427135,2025-08-01 08:45:52,Sports Fixture,J012,Koramangala Sony World,18610,Weekday,False,Clear,False,0.0,False,False,1.0,Severe,9.2,68.9,485.6,0.18,0.416,0.929,Heavy congestion detected - signal timing extended and reroute suggested
EVT427136,2025-04-28 09:57:48,Trade Fair,J011,Indiranagar 100ft Road,15868,Weekday,False,Rain,True,14.7,False,False,0.936,Severe,9.3,63.0,418.2,0.159,0.366,0.881,Heavy rain reducing visibility and grip - reduced speed and longer buffer advised
EVT427137,2026-06-26 17:44:41,Concert,J011,Indiranagar 100ft Road,9095,Weekday,False,Heavy Rain,True,35.6,False,False,1.0,Severe,6.9,63.9,483.2,0.139,0.321,0.874,Heavy rain reducing visibility and grip - reduced speed and longer buffer advised
EVT427138,2026-03-16 17:13:56,Local Market Day,J023,Basavanagudi,4693,Weekday,False,Clear,False,0.0,False,False,0.79,Severe,16.8,51.4,221.4,0.132,0.306,0.961,Heavy congestion detected - signal timing extended and reroute suggested
EVT427139,2026-04-01 16:24:48,Concert,J031,Cubbon Road,12587,Weekday,False,Clear,False,0.0,False,False,0.632,High,18.8,43.3,252.0,0.15,0.346,0.954,Moderate traffic flow - standard adaptive signal timing in effect
EVT427140,2025-03-10 19:24:39,Local Market Day,J012,Koramangala Sony World,4274,Weekday,False,Clear,False,0.0,False,False,0.934,Severe,10.0,67.0,664.0,0.239,0.551,0.894,Heavy congestion detected - signal timing extended and reroute suggested
EVT427141,2025-01-09 09:34:24,Sports Fixture,J011,Indiranagar 100ft Road,45426,Weekday,False,Clear,False,0.0,False,False,1.0,Severe,7.3,67.0,578.1,0.211,0.488,0.913,Heavy congestion detected - signal timing extended and reroute suggested
EVT427142,2025-12-15 12:33:31,Sports Fixture,J011,Indiranagar 100ft Road,27932,Weekday,False,Clear,False,0.0,False,False,0.251,Low,39.1,20.4,173.5,0.166,0.383,0.967,Moderate traffic flow - standard adaptive signal timing in effect
EVT427143,2025-12-18 18:41:34,Political Rally,J012,Koramangala Sony World,12122,Weekday,False,Clear,False,0.0,False,False,1.0,Severe,8.4,71.4,512.1,0.169,0.39,0.906,Heavy congestion detected - signal timing extended and reroute suggested
EVT427144,2025-09-01 10:24:09,Trade Fair,J030,MG Road,6509,Weekday,False,Heavy Rain,True,48.8,False,False,0.958,Severe,11.1,73.2,521.8,0.223,0.514,0.862,Heavy rain reducing visibility and grip - reduced speed and longer buffer advised
EVT427145,2025-09-18 18:58:28,Trade Fair,J009,Majestic,10107,Weekday,False,Clear,False,0.0,False,False,1.0,Severe,7.0,75.6,867.6,0.264,0.609,0.899,Heavy congestion detected - signal timing extended and reroute suggested
EVT427146,2026-04-27 08:26:53,Local Market Day,J009,Majestic,4183,Weekday,False,Clear,False,0.0,False,False,0.969,Severe,9.7,65.7,628.6,0.236,0.546,0.938,Heavy congestion detected - signal timing extended and reroute suggested
EVT427147,2025-11-24 23:04:50,Political Rally,J040,City Market,14613,Weekday,False,Clear,False,0.0,False,False,0.352,Moderate,28.1,19.7,150.2,0.111,0.256,0.977,Moderate traffic flow - standard adaptive signal timing in effect
EVT427148,2025-09-23 18:55:36,Local Market Day,J011,Indiranagar 100ft Road,5196,Weekday,False,Clear,False,0.0,False,False,1.0,Severe,9.3,66.9,686.1,0.252,0.581,0.914,Heavy congestion detected - signal timing extended and reroute suggested
EVT427149,2025-08-20 14:02:11,Trade Fair,J011,Indiranagar 100ft Road,6785,Weekday,False,Heavy Rain,True,29.3,False,False,0.413,Moderate,30.0,24.2,66.4,0.052,0.119,0.924,Light rain detected - minor speed reduction advised
EVT427150,2026-04-29 15:18:09,Local Market Day,J031,Cubbon Road,4853,Weekday,False,Clear,False,0.0,False,False,0.311,Low,31.0,16.4,149.8,0.134,0.31,0.968,Moderate traffic flow - standard adaptive signal timing in effect
EVT427151,2025-06-11 09:57:26,Political Rally,J012,Koramangala Sony World,25082,Weekday,False,Rain,True,22.5,False,False,1.0,Severe,7.6,73.0,395.6,0.14,0.324,0.89,Heavy rain reducing visibility and grip - reduced speed and longer buffer advised
EVT427152,2025-02-12 19:23:05,Sports Fixture,J012,Koramangala Sony World,21862,Weekday,False,Clear,False,0.0,False,False,0.931,Severe,12.5,67.9,306.9,0.149,0.343,0.896,Heavy congestion detected - signal timing extended and reroute suggested
EVT427153,2025-07-23 07:03:49,Sports Fixture,J040,City Market,26582,Weekday,False,Clear,False,0.0,False,False,0.621,High,20.2,38.6,173.8,0.105,0.242,0.945,Moderate traffic flow - standard adaptive signal timing in effect
EVT427154,2025-01-30 17:55:29,Sports Fixture,J011,Indiranagar 100ft Road,24561,Weekday,False,Clear,False,0.0,False,False,1.0,Severe,8.2,71.8,507.5,0.173,0.4,0.916,Heavy congestion detected - signal timing extended and reroute suggested
EVT427155,2026-01-21 07:42:07,Local Market Day,J030,MG Road,3683,Weekday,False,Clear,False,0.0,False,False,0.608,High,21.9,44.6,265.6,0.186,0.43,0.946,Moderate traffic flow - standard adaptive signal timing in effect
EVT427156,2025-02-02 08:20:23,Sports Fixture,J030,MG Road,32395,Weekend,False,Clear,False,0.0,False,False,0.981,Severe,9.3,71.7,398.3,0.166,0.384,0.895,Heavy congestion detected - signal timing extended and reroute suggested
EVT427157,2026-04-27 20:31:58,Local Market Day,J031,Cubbon Road,6388,Weekday,False,Clear,False,0.0,False,False,0.592,High,16.3,41.7,208.9,0.115,0.265,0.988,Moderate traffic flow - standard adaptive signal timing in effect
EVT427158,2025-07-01 09:00:07,Political Rally,J031,Cubbon Road,9196,Weekday,False,Clear,False,0.0,False,False,1.0,Severe,5.9,72.0,834.2,0.2,0.463,0.904,Heavy congestion detected - signal timing extended and reroute suggested
EVT427159,2025-01-26 08:10:51,Religious Festival,J030,MG Road,39011,Weekend,True,Clear,False,0.0,False,True,1.0,Severe,9.0,107.0,699.5,0.251,0.58,0.832,Road closure for event/procession - full detour recommended for through-traffic
EVT427160,2026-03-04 15:22:36,Cultural Procession,J009,Majestic,19284,Weekday,True,Clear,False,0.0,False,True,0.762,High,13.9,71.6,465.4,0.259,0.597,0.854,Road closure for event/procession - full detour recommended for through-traffic
EVT427161,2025-06-06 06:32:17,Sports Fixture,J011,Indiranagar 100ft Road,15252,Weekday,False,Clear,False,0.0,False,False,0.349,Low,29.2,21.5,162.6,0.165,0.38,0.974,Moderate traffic flow - standard adaptive signal timing in effect
EVT427162,2025-05-03 14:05:19,Sports Fixture,J011,Indiranagar 100ft Road,26495,Weekend,False,Heavy Rain,True,32.6,False,False,0.753,Severe,16.5,48.7,402.7,0.239,0.552,0.902,Heavy rain reducing visibility and grip - reduced speed and longer buffer advised
EVT427163,2025-04-12 22:25:05,Sports Fixture,J011,Indiranagar 100ft Road,24655,Weekend,False,Clear,False,0.0,False,False,0.311,Low,31.6,18.0,93.9,0.085,0.197,0.963,Moderate traffic flow - standard adaptive signal timing in effect
EVT427164,2026-02-27 19:14:30,Local Market Day,J040,City Market,3945,Weekday,False,Fog,False,0.0,False,False,0.857,Severe,12.2,59.2,357.7,0.173,0.401,0.954,Heavy congestion detected - signal timing extended and reroute suggested
EVT427165,2025-01-31 11:32:38,Sports Fixture,J011,Indiranagar 100ft Road,14494,Weekday,False,Clear,False,0.0,False,False,0.376,Moderate,23.1,29.9,106.7,0.08,0.185,0.959,Moderate traffic flow - standard adaptive signal timing in effect
EVT427166,2025-11-29 15:59:47,Local Market Day,J012,Koramangala Sony World,6306,Weekend,False,Clear,False,0.0,False,False,0.497,Moderate,24.8,33.9,214.5,0.141,0.326,0.959,Moderate traffic flow - standard adaptive signal timing in effect
EVT427167,2026-04-08 20:27:04,Local Market Day,J011,Indiranagar 100ft Road,4504,Weekday,False,Clear,False,0.0,False,False,0.547,Moderate,23.5,40.4,182.1,0.121,0.279,0.922,Moderate traffic flow - standard adaptive signal timing in effect
EVT427168,2026-03-07 21:26:07,Sports Fixture,J040,City Market,39775,Weekend,False,Clear,False,0.0,False,False,0.555,High,23.7,40.9,239.0,0.186,0.429,0.959,Moderate traffic flow - standard adaptive signal timing in effect
EVT427169,2025-05-03 21:34:10,Sports Fixture,J023,Basavanagudi,23215,Weekend,False,Clear,False,0.0,False,False,0.363,Moderate,33.6,30.2,181.9,0.176,0.407,0.957,Moderate traffic flow - standard adaptive signal timing in effect
EVT427170,2025-08-23 16:01:36,Sports Fixture,J040,City Market,37773,Weekend,False,Clear,False,0.0,False,False,0.628,High,22.3,39.1,194.4,0.127,0.293,0.989,Moderate traffic flow - standard adaptive signal timing in effect
EVT427171,2026-01-10 10:26:21,Trade Fair,J020,Malleshwaram Circle,11226,Weekend,False,Clear,False,0.0,False,False,0.611,High,23.5,41.2,152.3,0.096,0.221,0.962,Moderate traffic flow - standard adaptive signal timing in effect
EVT427172,2026-05-10 09:19:18,Concert,J011,Indiranagar 100ft Road,12514,Weekend,False,Clear,False,0.0,False,False,0.841,Severe,14.9,57.5,213.3,0.114,0.264,0.971,Heavy congestion detected - signal timing extended and reroute suggested
EVT427173,2025-02-02 09:27:44,Trade Fair,J023,Basavanagudi,7340,Weekend,False,Clear,False,0.0,False,False,0.824,Severe,17.9,50.5,304.0,0.205,0.473,0.957,Heavy congestion detected - signal timing extended and reroute suggested
EVT427174,2025-05-14 09:22:50,Concert,J031,Cubbon Road,11990,Weekday,False,Clear,False,0.0,False,False,1.0,Severe,8.2,69.2,199.4,0.075,0.174,0.912,Heavy congestion detected - signal timing extended and reroute suggested
EVT427175,2025-02-23 10:08:51,Concert,J009,Majestic,9018,Weekend,False,Light Rain,True,4.2,False,False,0.786,Severe,13.2,60.2,415.8,0.193,0.447,0.895,Heavy rain reducing visibility and grip - reduced speed and longer buffer advised
EVT427176,2025-08-25 17:46:27,Trade Fair,J040,City Market,8769,Weekday,False,Clear,False,0.0,False,False,0.92,Severe,12.8,68.5,441.6,0.217,0.501,0.921,Heavy congestion detected - signal timing extended and reroute suggested
EVT427177,2025-02-17 17:51:58,Trade Fair,J011,Indiranagar 100ft Road,8337,Weekday,False,Clear,False,0.0,False,False,1.0,Severe,10.0,78.7,201.3,0.073,0.169,0.922,Heavy congestion detected - signal timing extended and reroute suggested
EVT427178,2026-06-01 06:11:44,Sports Fixture,J023,Basavanagudi,15389,Weekday,False,Clear,False,0.0,False,False,0.321,Low,25.9,23.3,204.4,0.151,0.348,0.929,Moderate traffic flow - standard adaptive signal timing in effect
EVT427179,2025-03-27 10:18:55,Local Market Day,J012,Koramangala Sony World,4490,Weekday,False,Clear,False,0.0,False,False,0.64,High,21.8,43.2,197.4,0.144,0.332,0.964,Moderate traffic flow - standard adaptive signal timing in effect
EVT427180,2026-04-29 17:02:08,Local Market Day,J011,Indiranagar 100ft Road,2860,Weekday,False,Clear,False,0.0,False,False,0.709,High,18.5,46.8,345.4,0.202,0.467,0.939,Moderate traffic flow - standard adaptive signal timing in effect
EVT427181,2026-06-13 17:02:46,Sports Fixture,J030,MG Road,20697,Weekend,False,Clear,False,0.0,False,False,0.711,High,22.5,44.7,199.6,0.141,0.325,0.964,Moderate traffic flow - standard adaptive signal timing in effect
EVT427182,2026-02-15 21:03:58,Concert,J030,MG Road,13137,Weekend,False,Clear,False,0.0,False,False,0.5,Moderate,25.1,35.3,250.9,0.186,0.43,0.973,Moderate traffic flow - standard adaptive signal timing in effect
EVT427183,2025-06-08 19:15:29,Trade Fair,J020,Malleshwaram Circle,6789,Weekend,False,Rain,True,16.5,False,False,1.0,Severe,7.6,76.1,791.6,0.252,0.582,0.866,Heavy rain reducing visibility and grip - reduced speed and longer buffer advised
EVT427184,2025-04-01 08:21:52,Concert,J040,City Market,20018,Weekday,False,Clear,False,0.0,False,False,1.0,Severe,8.4,79.4,522.2,0.176,0.406,0.918,Heavy congestion detected - signal timing extended and reroute suggested
EVT427185,2025-11-15 16:02:14,Concert,J009,Majestic,12247,Weekend,False,Clear,False,0.0,False,False,0.492,Moderate,26.1,35.2,177.4,0.124,0.287,0.964,Moderate traffic flow - standard adaptive signal timing in effect
EVT427186,2026-05-29 17:31:49,Local Market Day,J012,Koramangala Sony World,4337,Weekday,False,Clear,False,0.0,False,False,0.877,Severe,11.2,63.7,454.7,0.189,0.436,0.94,Heavy congestion detected - signal timing extended and reroute suggested
EVT427187,2026-02-18 07:14:09,Concert,J031,Cubbon Road,12527,Weekday,False,Clear,False,0.0,False,False,0.542,Moderate,24.4,36.5,142.5,0.094,0.217,0.956,Moderate traffic flow - standard adaptive signal timing in effect
EVT427188,2026-02-14 07:33:17,Sports Fixture,J030,MG Road,25073,Weekend,False,Clear,False,0.0,False,False,0.677,High,16.2,39.7,498.0,0.284,0.657,0.96,Moderate traffic flow - standard adaptive signal timing in effect
EVT427189,2026-01-24 17:26:49,Local Market Day,J011,Indiranagar 100ft Road,5712,Weekend,False,Clear,False,0.0,False,False,0.744,High,19.3,58.5,278.3,0.172,0.396,0.987,Moderate traffic flow - standard adaptive signal timing in effect
EVT427190,2025-10-08 16:32:17,Local Market Day,J023,Basavanagudi,3647,Weekday,False,Clear,False,0.0,False,False,0.53,Moderate,27.2,43.1,222.1,0.203,0.468,0.947,Moderate traffic flow - standard adaptive signal timing in effect
EVT427191,2026-01-02 17:25:51,Cultural Procession,J031,Cubbon Road,11206,Weekday,True,Clear,False,0.0,False,True,1.0,Severe,9.5,98.1,581.9,0.236,0.546,0.798,Road closure for event/procession - full detour recommended for through-traffic
EVT427192,2025-10-12 08:56:52,Sports Fixture,J012,Koramangala Sony World,16378,Weekend,False,Fog,False,0.0,False,False,0.966,Severe,12.0,65.7,450.6,0.214,0.495,0.908,Heavy congestion detected - signal timing extended and reroute suggested
EVT427193,2026-06-17 23:48:04,Political Rally,J020,Malleshwaram Circle,18177,Weekday,False,Clear,False,0.0,False,False,0.26,Low,28.2,18.0,222.7,0.184,0.426,0.973,Moderate traffic flow - standard adaptive signal timing in effect
EVT427194,2025-04-13 14:25:57,Political Rally,J020,Malleshwaram Circle,11189,Weekend,False,Clear,False,0.0,False,False,0.386,Moderate,27.3,30.2,169.4,0.132,0.305,0.981,Moderate traffic flow - standard adaptive signal timing in effect
EVT427195,2025-02-11 07:08:44,Local Market Day,J030,MG Road,4698,Weekday,False,Clear,False,0.0,False,False,0.451,Moderate,18.6,38.0,177.7,0.1,0.232,0.955,Moderate traffic flow - standard adaptive signal timing in effect
EVT427196,2025-09-22 19:21:18,Sports Fixture,J023,Basavanagudi,12557,Weekday,False,Clear,False,0.0,False,False,0.958,Severe,10.9,64.9,428.8,0.205,0.474,0.91,Heavy congestion detected - signal timing extended and reroute suggested
EVT427197,2025-07-21 18:43:53,Local Market Day,J040,City Market,5883,Weekday,False,Clear,False,0.0,False,False,1.0,Severe,8.4,68.0,485.9,0.168,0.387,0.908,Heavy congestion detected - signal timing extended and reroute suggested
EVT427198,2025-11-30 15:36:52,Sports Fixture,J023,Basavanagudi,24673,Weekend,False,Clear,False,0.0,False,False,0.488,Moderate,26.8,41.3,286.1,0.217,0.502,0.97,Moderate traffic flow - standard adaptive signal timing in effect
EVT427199,2025-05-03 19:37:27,Local Market Day,J031,Cubbon Road,2006,Weekend,False,Clear,False,0.0,False,False,0.8,Severe,13.8,52.1,358.4,0.168,0.389,0.973,Heavy congestion detected - signal timing extended and reroute suggested
EVT427200,2025-04-28 09:29:55,Local Market Day,J031,Cubbon Road,9741,Weekday,False,Clear,False,0.0,False,False,0.99,Severe,9.3,67.2,388.1,0.153,0.353,0.913,Heavy congestion detected - signal timing extended and reroute suggested
EVT427201,2026-01-13 19:00:29,Local Market Day,J023,Basavanagudi,6542,Weekday,False,Clear,False,0.0,False,False,0.951,Severe,9.7,70.4,253.1,0.104,0.24,0.925,Heavy congestion detected - signal timing extended and reroute suggested
EVT427202,2025-10-18 13:58:59,Trade Fair,J031,Cubbon Road,11116,Weekend,False,Clear,False,0.0,False,False,0.314,Low,27.9,23.2,62.5,0.05,0.115,0.97,Moderate traffic flow - standard adaptive signal timing in effect
EVT427203,2026-01-25 20:29:01,Local Market Day,J020,Malleshwaram Circle,5093,Weekend,False,Clear,False,0.0,False,False,0.532,Moderate,22.6,34.0,139.6,0.086,0.199,0.966,Moderate traffic flow - standard adaptive signal timing in effect
EVT427204,2025-03-12 06:27:07,Local Market Day,J009,Majestic,5704,Weekday,False,Clear,False,0.0,False,False,0.269,Low,31.9,15.3,99.8,0.083,0.191,0.954,Moderate traffic flow - standard adaptive signal timing in effect
EVT427205,2025-08-19 19:40:33,Concert,J011,Indiranagar 100ft Road,15711,Weekday,False,Clear,False,0.0,False,False,0.914,Severe,9.5,67.1,447.6,0.163,0.377,0.93,Heavy congestion detected - signal timing extended and reroute suggested
EVT427206,2025-09-10 23:06:58,Political Rally,J040,City Market,17261,Weekday,False,Clear,False,0.0,False,False,0.244,Low,28.2,19.7,170.1,0.12,0.278,0.95,Normal free-flow traffic - standard signal timing maintained
EVT427207,2026-01-21 16:37:57,Political Rally,J040,City Market,16494,Weekday,False,Clear,False,0.0,False,False,0.647,High,14.7,42.3,238.0,0.127,0.294,0.99,Moderate traffic flow - standard adaptive signal timing in effect
EVT427208,2025-11-23 19:00:16,Local Market Day,J011,Indiranagar 100ft Road,5311,Weekend,False,Clear,False,0.0,False,False,0.817,Severe,16.2,55.2,308.9,0.164,0.379,0.955,Heavy congestion detected - signal timing extended and reroute suggested
EVT427209,2025-04-27 09:45:12,Local Market Day,J011,Indiranagar 100ft Road,6151,Weekend,False,Clear,False,0.0,False,False,0.803,Severe,15.8,57.6,299.2,0.167,0.387,0.968,Heavy congestion detected - signal timing extended and reroute suggested
EVT427210,2025-03-26 11:40:07,Concert,J023,Basavanagudi,6712,Weekday,False,Clear,False,0.0,False,False,0.25,Low,34.3,18.2,218.9,0.183,0.422,0.961,Moderate traffic flow - standard adaptive signal timing in effect
EVT427211,2025-07-12 17:44:26,Trade Fair,J011,Indiranagar 100ft Road,10386,Weekend,False,Clear,False,0.0,False,False,0.806,Severe,14.3,62.2,374.9,0.186,0.43,0.95,Heavy congestion detected - signal timing extended and reroute suggested
EVT427212,2025-04-12 18:35:38,Political Rally,J040,City Market,13188,Weekend,False,Clear,False,0.0,False,False,0.92,Severe,12.0,59.1,519.4,0.224,0.517,0.948,Heavy congestion detected - signal timing extended and reroute suggested
EVT427213,2026-05-14 13:28:22,Local Market Day,J009,Majestic,5126,Weekday,False,Clear,False,0.0,False,False,0.194,Low,32.9,10.9,117.7,0.093,0.214,0.944,Normal free-flow traffic - standard signal timing maintained
EVT427214,2025-07-19 08:57:12,Sports Fixture,J031,Cubbon Road,37016,Weekend,False,Heavy Rain,True,35.8,False,False,1.0,Severe,5.8,71.4,336.8,0.09,0.207,0.873,Heavy rain reducing visibility and grip - reduced speed and longer buffer advised
EVT427215,2025-07-30 07:41:22,Local Market Day,J031,Cubbon Road,4338,Weekday,False,Rain,True,19.7,False,False,0.948,Severe,9.2,69.6,677.8,0.246,0.568,0.884,Heavy rain reducing visibility and grip - reduced speed and longer buffer advised
EVT427216,2025-09-17 22:28:28,Trade Fair,J020,Malleshwaram Circle,11655,Weekday,False,Heavy Rain,True,30.7,False,False,0.6,High,22.1,41.8,254.1,0.163,0.376,0.916,Heavy rain reducing visibility and grip - reduced speed and longer buffer advised
EVT427217,2026-02-04 20:39:15,Local Market Day,J040,City Market,4408,Weekday,False,Clear,False,0.0,False,False,0.547,Moderate,27.2,33.2,105.6,0.07,0.161,0.976,Moderate traffic flow - standard adaptive signal timing in effect
EVT427218,2025-10-26 11:31:14,Sports Fixture,J020,Malleshwaram Circle,16784,Weekend,False,Clear,False,0.0,False,False,0.492,Moderate,24.1,33.2,303.5,0.201,0.463,0.984,Moderate traffic flow - standard adaptive signal timing in effect
EVT427219,2026-01-07 18:58:16,Sports Fixture,J031,Cubbon Road,23747,Weekday,False,Clear,False,0.0,False,False,1.0,Severe,9.4,71.8,698.5,0.255,0.588,0.904,Heavy congestion detected - signal timing extended and reroute suggested
EVT427220,2025-12-31 09:03:56,Political Rally,J040,City Market,13183,Weekday,False,Clear,False,0.0,False,False,1.0,Severe,7.6,74.7,706.1,0.223,0.516,0.908,Heavy congestion detected - signal timing extended and reroute suggested
EVT427221,2025-12-10 09:39:20,Political Rally,J020,Malleshwaram Circle,13112,Weekday,False,Clear,False,0.0,False,False,0.989,Severe,12.1,69.0,329.9,0.154,0.356,0.892,Heavy congestion detected - signal timing extended and reroute suggested
EVT427222,2026-01-16 20:57:48,Local Market Day,J011,Indiranagar 100ft Road,3417,Weekday,False,Clear,False,0.0,False,False,0.421,Moderate,29.4,28.3,176.5,0.139,0.322,0.962,Moderate traffic flow - standard adaptive signal timing in effect
EVT427223,2026-04-14 06:51:21,Religious Festival,J012,Koramangala Sony World,50568,Weekday,True,Clear,False,0.0,False,False,0.904,Severe,9.9,70.2,418.7,0.183,0.422,0.898,Festival crowd surge detected - alternate route and extended cycle recommended
EVT427224,2025-07-11 08:51:38,Sports Fixture,J030,MG Road,16448,Weekday,False,Heavy Rain,True,37.4,False,False,1.0,Severe,8.2,67.5,549.1,0.193,0.446,0.865,Heavy rain reducing visibility and grip - reduced speed and longer buffer advised
EVT427225,2025-03-11 19:59:25,Political Rally,J023,Basavanagudi,12566,Weekday,False,Clear,False,0.0,False,False,0.77,Severe,14.4,55.4,167.8,0.08,0.184,0.959,Heavy congestion detected - signal timing extended and reroute suggested
EVT427226,2026-02-28 06:40:05,Local Market Day,J040,City Market,4707,Weekend,False,Clear,False,0.0,False,False,0.394,Moderate,28.5,20.9,145.2,0.134,0.309,0.974,Moderate traffic flow - standard adaptive signal timing in effect
EVT427227,2026-04-12 08:39:08,Local Market Day,J020,Malleshwaram Circle,4471,Weekend,False,Clear,False,0.0,False,False,0.806,Severe,17.5,61.7,192.5,0.118,0.272,0.947,Heavy congestion detected - signal timing extended and reroute suggested
EVT427228,2025-12-07 07:45:22,Trade Fair,J012,Koramangala Sony World,7823,Weekend,False,Clear,False,0.0,False,False,0.627,High,24.9,50.4,188.8,0.156,0.361,0.98,Moderate traffic flow - standard adaptive signal timing in effect
EVT427229,2025-05-29 14:12:02,Concert,J023,Basavanagudi,17630,Weekday,False,Light Rain,True,2.8,False,False,0.346,Low,33.7,20.6,137.0,0.147,0.339,0.931,Light rain detected - minor speed reduction advised
EVT427230,2026-03-16 07:03:09,Local Market Day,J020,Malleshwaram Circle,2152,Weekday,False,Clear,False,0.0,False,False,0.407,Moderate,25.0,24.5,244.7,0.171,0.394,0.967,Moderate traffic flow - standard adaptive signal timing in effect
EVT427231,2025-10-31 13:02:34,Trade Fair,J009,Majestic,5984,Weekday,False,Clear,False,0.0,False,False,0.205,Low,35.3,17.6,169.4,0.171,0.395,0.97,Normal free-flow traffic - standard signal timing maintained
EVT427232,2026-01-14 12:21:15,Religious Festival,J009,Majestic,78846,Weekday,True,Clear,False,0.0,False,True,0.952,Severe,9.3,98.2,561.1,0.208,0.481,0.873,Road closure for event/procession - full detour recommended for through-traffic
EVT427233,2025-02-17 15:42:11,Local Market Day,J023,Basavanagudi,2283,Weekday,False,Clear,False,0.0,False,False,0.356,Moderate,32.5,28.6,160.8,0.133,0.307,0.958,Moderate traffic flow - standard adaptive signal timing in effect
EVT427234,2026-02-23 12:05:05,Sports Fixture,J011,Indiranagar 100ft Road,32500,Weekday,False,Clear,False,0.0,False,False,0.431,Moderate,21.7,27.6,177.7,0.104,0.24,0.95,Moderate traffic flow - standard adaptive signal timing in effect
EVT427235,2026-01-24 22:46:50,Local Market Day,J020,Malleshwaram Circle,4118,Weekend,False,Clear,False,0.0,False,False,0.24,Low,29.5,17.7,209.7,0.184,0.424,0.96,Normal free-flow traffic - standard signal timing maintained
EVT427236,2025-05-22 19:54:48,Trade Fair,J011,Indiranagar 100ft Road,6174,Weekday,False,Light Rain,True,5.8,False,False,0.885,Severe,13.0,64.0,227.6,0.095,0.219,0.891,Heavy rain reducing visibility and grip - reduced speed and longer buffer advised
EVT427237,2025-05-06 05:00:31,Trade Fair,J011,Indiranagar 100ft Road,7302,Weekday,False,Clear,False,0.0,False,False,0.229,Low,31.5,16.0,123.3,0.102,0.236,0.961,Normal free-flow traffic - standard signal timing maintained
EVT427238,2025-04-29 06:06:02,Local Market Day,J009,Majestic,2166,Weekday,False,Clear,False,0.0,False,False,0.183,Low,30.7,11.1,102.2,0.086,0.199,0.972,Normal free-flow traffic - standard signal timing maintained
EVT427239,2025-12-26 23:15:00,Religious Festival,J009,Majestic,89612,Weekday,True,Clear,False,0.0,False,True,0.934,Severe,13.8,97.8,536.5,0.291,0.673,0.832,Road closure for event/procession - full detour recommended for through-traffic
EVT427240,2026-01-04 17:11:21,Trade Fair,J009,Majestic,6486,Weekend,False,Clear,False,0.0,False,False,0.652,High,18.7,48.3,348.5,0.22,0.507,0.99,Moderate traffic flow - standard adaptive signal timing in effect
EVT427241,2025-01-03 19:20:43,Concert,J040,City Market,18406,Weekday,False,Clear,False,0.0,False,False,1.0,Severe,6.7,76.6,505.1,0.152,0.352,0.922,Heavy congestion detected - signal timing extended and reroute suggested
EVT427242,2025-05-16 11:02:31,Sports Fixture,J011,Indiranagar 100ft Road,15999,Weekday,False,Clear,False,0.0,False,False,0.494,Moderate,25.8,34.0,241.0,0.195,0.452,0.936,Moderate traffic flow - standard adaptive signal timing in effect
EVT427243,2026-01-25 09:19:37,Sports Fixture,J031,Cubbon Road,27040,Weekend,False,Clear,False,0.0,False,False,1.0,Severe,9.1,72.3,563.0,0.223,0.515,0.924,Heavy congestion detected - signal timing extended and reroute suggested
EVT427244,2025-03-03 14:15:48,Local Market Day,J009,Majestic,3506,Weekday,False,Clear,False,0.0,False,False,0.291,Low,30.8,17.5,207.7,0.167,0.385,0.966,Moderate traffic flow - standard adaptive signal timing in effect
EVT427245,2025-02-28 09:10:05,Sports Fixture,J011,Indiranagar 100ft Road,25449,Weekday,False,Clear,False,0.0,False,False,1.0,Severe,9.2,74.5,742.0,0.273,0.632,0.925,Heavy congestion detected - signal timing extended and reroute suggested
EVT427246,2025-11-25 06:09:59,Concert,J030,MG Road,14891,Weekday,False,Clear,False,0.0,False,False,0.312,Low,27.1,18.8,85.9,0.06,0.139,0.978,Moderate traffic flow - standard adaptive signal timing in effect
EVT427247,2025-03-07 10:52:19,Local Market Day,J009,Majestic,2743,Weekday,False,Clear,False,0.0,False,False,0.469,Moderate,23.4,35.2,250.6,0.159,0.367,0.982,Moderate traffic flow - standard adaptive signal timing in effect
EVT427248,2025-09-06 17:03:46,Cultural Procession,J030,MG Road,22926,Weekend,True,Fog,False,0.0,False,True,1.0,Severe,9.2,98.0,224.6,0.089,0.206,0.83,Road closure for event/procession - full detour recommended for through-traffic
EVT427249,2025-01-07 08:13:22,Trade Fair,J031,Cubbon Road,9339,Weekday,False,Clear,False,0.0,False,False,0.881,Severe,13.5,59.9,395.0,0.181,0.418,0.97,Heavy congestion detected - signal timing extended and reroute suggested
EVT427250,2025-06-30 09:39:04,Sports Fixture,J009,Majestic,24850,Weekday,False,Clear,False,0.0,False,False,1.0,Severe,8.8,73.7,728.6,0.247,0.571,0.927,Heavy congestion detected - signal timing extended and reroute suggested
EVT427251,2026-06-16 18:43:05,Concert,J031,Cubbon Road,10931,Weekday,False,Clear,False,0.0,False,False,0.961,Severe,8.7,66.7,939.1,0.324,0.748,0.899,Heavy congestion detected - signal timing extended and reroute suggested
EVT427252,2026-03-06 15:57:12,Trade Fair,J023,Basavanagudi,8015,Weekday,False,Clear,False,0.0,False,False,0.444,Moderate,23.7,35.9,235.0,0.167,0.385,0.951,Moderate traffic flow - standard adaptive signal timing in effect
EVT427253,2026-01-26 18:09:13,Cultural Procession,J009,Majestic,17683,Weekday,True,Clear,False,0.0,False,False,1.0,Severe,6.6,74.8,596.6,0.166,0.385,0.853,Festival crowd surge detected - alternate route and extended cycle recommended
EVT427254,2025-12-31 17:04:11,Local Market Day,J040,City Market,7055,Weekday,False,Clear,False,0.0,False,False,0.803,Severe,15.3,61.7,232.2,0.11,0.254,0.977,Heavy congestion detected - signal timing extended and reroute suggested
EVT427255,2025-02-25 14:02:21,Trade Fair,J023,Basavanagudi,8154,Weekday,False,Clear,False,0.0,False,False,0.17,Low,29.1,11.6,189.3,0.161,0.371,0.953,Normal free-flow traffic - standard signal timing maintained
EVT427256,2025-11-15 16:49:58,Sports Fixture,J009,Majestic,22785,Weekend,False,Clear,False,0.0,False,False,0.802,Severe,20.5,59.0,134.2,0.101,0.233,0.969,Heavy congestion detected - signal timing extended and reroute suggested
EVT427257,2026-04-24 19:19:46,Sports Fixture,J009,Majestic,21199,Weekday,False,Fog,False,0.0,False,False,0.994,Severe,9.2,72.4,708.5,0.284,0.655,0.946,Heavy congestion detected - signal timing extended and reroute suggested
EVT427258,2026-04-01 23:49:06,Concert,J040,City Market,6717,Weekday,False,Clear,False,0.0,False,False,0.154,Low,35.0,5.7,85.8,0.094,0.218,0.966,Normal free-flow traffic - standard signal timing maintained
EVT427259,2025-08-05 16:08:13,Concert,J012,Koramangala Sony World,14437,Weekday,False,Clear,False,0.0,False,False,0.459,Moderate,27.5,34.7,175.2,0.108,0.25,0.987,Moderate traffic flow - standard adaptive signal timing in effect
EVT427260,2026-05-31 08:13:52,Concert,J031,Cubbon Road,5536,Weekend,False,Light Rain,True,5.7,False,False,0.856,Severe,13.1,61.8,333.3,0.167,0.387,0.891,Heavy rain reducing visibility and grip - reduced speed and longer buffer advised
EVT427261,2026-03-06 15:46:50,Concert,J040,City Market,10733,Weekday,False,Clear,False,0.0,False,False,0.408,Moderate,28.0,24.8,196.3,0.16,0.37,0.963,Moderate traffic flow - standard adaptive signal timing in effect
EVT427262,2026-06-16 08:50:58,Sports Fixture,J009,Majestic,20892,Weekday,False,Clear,False,0.0,False,False,1.0,Severe,8.1,71.1,632.6,0.209,0.482,0.911,Heavy congestion detected - signal timing extended and reroute suggested
EVT427263,2026-02-10 14:08:41,Sports Fixture,J012,Koramangala Sony World,15681,Weekday,False,Clear,False,0.0,False,False,0.272,Low,28.0,20.2,142.0,0.119,0.275,0.957,Moderate traffic flow - standard adaptive signal timing in effect
EVT427264,2026-03-29 18:29:24,Sports Fixture,J031,Cubbon Road,15996,Weekend,False,Clear,False,0.0,False,False,0.974,Severe,10.9,76.9,337.0,0.132,0.306,0.928,Heavy congestion detected - signal timing extended and reroute suggested
EVT427265,2026-03-14 09:25:24,Concert,J009,Majestic,19173,Weekend,False,Clear,False,0.0,False,False,0.895,Severe,11.8,65.7,522.4,0.246,0.568,0.942,Heavy congestion detected - signal timing extended and reroute suggested
EVT427266,2025-07-02 08:09:12,Trade Fair,J031,Cubbon Road,12184,Weekday,False,Clear,False,0.0,False,False,0.962,Severe,8.8,68.4,415.7,0.153,0.353,0.935,Heavy congestion detected - signal timing extended and reroute suggested
EVT427267,2025-04-10 11:17:24,Sports Fixture,J040,City Market,18298,Weekday,False,Clear,False,0.0,False,False,0.498,Moderate,30.3,42.0,255.6,0.249,0.574,0.98,Moderate traffic flow - standard adaptive signal timing in effect
EVT427268,2025-07-26 19:30:23,Political Rally,J030,MG Road,23390,Weekend,False,Heavy Rain,True,60.9,False,False,1.0,Severe,6.9,62.5,804.8,0.242,0.559,0.855,Heavy rain reducing visibility and grip - reduced speed and longer buffer advised
EVT427269,2025-11-01 18:04:43,Religious Festival,J011,Indiranagar 100ft Road,33687,Weekend,True,Clear,False,0.0,False,True,1.0,Severe,8.4,102.6,346.2,0.122,0.282,0.847,Road closure for event/procession - full detour recommended for through-traffic
EVT427270,2025-01-15 22:33:08,Cultural Procession,J020,Malleshwaram Circle,16934,Weekday,True,Clear,False,0.0,False,False,0.622,High,21.9,48.3,235.1,0.151,0.348,0.925,Festival crowd surge detected - alternate route and extended cycle recommended
EVT427271,2025-11-11 08:34:09,Sports Fixture,J020,Malleshwaram Circle,19131,Weekday,False,Light Rain,True,3.3,False,False,1.0,Severe,9.7,74.8,378.5,0.168,0.389,0.818,Heavy rain reducing visibility and grip - reduced speed and longer buffer advised
EVT427272,2025-06-28 18:55:26,Sports Fixture,J020,Malleshwaram Circle,23237,Weekend,False,Heavy Rain,True,26.7,False,False,1.0,Severe,8.0,71.2,630.0,0.225,0.519,0.849,Heavy rain reducing visibility and grip - reduced speed and longer buffer advised
EVT427273,2025-06-07 09:03:04,Local Market Day,J030,MG Road,4076,Weekend,False,Clear,False,0.0,False,False,0.859,Severe,14.2,63.7,181.4,0.093,0.214,0.941,Heavy congestion detected - signal timing extended and reroute suggested
EVT427274,2025-04-30 09:27:57,Local Market Day,J031,Cubbon Road,6955,Weekday,False,Clear,False,0.0,False,False,1.0,Severe,7.3,68.4,859.8,0.227,0.524,0.923,Heavy congestion detected - signal timing extended and reroute suggested
EVT427275,2026-02-12 11:20:41,Political Rally,J030,MG Road,9969,Weekday,False,Clear,False,0.0,False,False,0.38,Moderate,23.2,23.8,164.6,0.091,0.21,0.956,Moderate traffic flow - standard adaptive signal timing in effect
EVT427276,2026-03-17 07:48:43,Sports Fixture,J011,Indiranagar 100ft Road,26293,Weekday,False,Clear,False,0.0,False,False,0.832,Severe,13.1,54.4,367.2,0.157,0.362,0.926,Heavy congestion detected - signal timing extended and reroute suggested
EVT427277,2025-02-24 19:29:40,Sports Fixture,J009,Majestic,27849,Weekday,False,Clear,False,0.0,False,False,0.989,Severe,6.1,70.2,936.4,0.261,0.602,0.917,Heavy congestion detected - signal timing extended and reroute suggested
EVT427278,2026-05-16 16:07:36,Concert,J023,Basavanagudi,11445,Weekend,False,Clear,False,0.0,False,False,0.519,Moderate,19.5,37.2,206.0,0.117,0.27,0.984,Moderate traffic flow - standard adaptive signal timing in effect
EVT427279,2025-10-03 18:33:27,Religious Festival,J030,MG Road,43918,Weekday,True,Clear,False,0.0,False,True,1.0,Severe,7.4,96.0,356.4,0.14,0.323,0.835,Road closure for event/procession - full detour recommended for through-traffic
EVT427280,2025-07-28 18:15:00,Political Rally,J020,Malleshwaram Circle,21802,Weekday,False,Rain,True,17.1,False,False,1.0,Severe,8.9,68.0,311.8,0.125,0.288,0.857,Heavy rain reducing visibility and grip - reduced speed and longer buffer advised
EVT427281,2025-05-25 10:47:02,Sports Fixture,J012,Koramangala Sony World,14913,Weekend,False,Rain,True,18.8,False,False,0.828,Severe,14.0,58.2,353.2,0.184,0.425,0.896,Heavy rain reducing visibility and grip - reduced speed and longer buffer advised
EVT427282,2026-06-05 18:23:51,Trade Fair,J030,MG Road,5057,Weekday,False,Heavy Rain,True,27.4,False,False,1.0,Severe,8.7,68.9,681.9,0.255,0.59,0.862,Heavy rain reducing visibility and grip - reduced speed and longer buffer advised
EVT427283,2026-03-12 21:12:51,Trade Fair,J031,Cubbon Road,8312,Weekday,False,Clear,False,0.0,False,False,0.369,Moderate,31.2,25.1,132.0,0.106,0.246,0.981,Moderate traffic flow - standard adaptive signal timing in effect
EVT427284,2026-01-18 08:40:21,Local Market Day,J023,Basavanagudi,4910,Weekend,False,Clear,False,0.0,False,False,0.889,Severe,13.2,61.6,430.8,0.2,0.462,0.954,Heavy congestion detected - signal timing extended and reroute suggested
EVT427285,2025-01-29 17:52:48,Sports Fixture,J012,Koramangala Sony World,17319,Weekday,False,Clear,False,0.0,False,False,0.982,Severe,8.5,67.2,567.4,0.212,0.489,0.922,Heavy congestion detected - signal timing extended and reroute suggested
EVT427286,2025-08-18 17:51:52,Concert,J012,Koramangala Sony World,9598,Weekday,False,Clear,False,0.0,False,False,1.0,Severe,6.7,70.2,448.6,0.135,0.311,0.916,Heavy congestion detected - signal timing extended and reroute suggested
EVT427287,2025-12-22 07:51:03,Local Market Day,J012,Koramangala Sony World,3944,Weekday,False,Clear,False,0.0,False,False,0.737,High,20.0,56.5,442.2,0.295,0.683,0.974,Moderate traffic flow - standard adaptive signal timing in effect
EVT427288,2025-07-11 18:07:05,Concert,J023,Basavanagudi,13775,Weekday,False,Clear,False,0.0,False,False,1.0,Severe,10.5,71.8,260.5,0.116,0.267,0.895,Heavy congestion detected - signal timing extended and reroute suggested
EVT427289,2025-05-16 12:05:51,Concert,J030,MG Road,6468,Weekday,False,Clear,False,0.0,False,False,0.213,Low,34.7,7.3,106.1,0.089,0.206,0.964,Normal free-flow traffic - standard signal timing maintained
EVT427290,2026-05-26 22:17:26,Concert,J030,MG Road,13148,Weekday,False,Rain,True,9.0,False,False,0.433,Moderate,30.5,31.0,232.1,0.173,0.4,0.928,Light rain detected - minor speed reduction advised
EVT427291,2026-03-18 21:58:41,Local Market Day,J023,Basavanagudi,5258,Weekday,False,Clear,False,0.0,False,False,0.303,Low,33.8,22.9,201.1,0.191,0.44,0.968,Moderate traffic flow - standard adaptive signal timing in effect
EVT427292,2026-04-28 16:49:05,Local Market Day,J030,MG Road,5684,Weekday,False,Clear,False,0.0,False,False,0.681,High,23.2,49.3,290.9,0.198,0.458,0.99,Moderate traffic flow - standard adaptive signal timing in effect
EVT427293,2025-03-09 08:09:11,Political Rally,J020,Malleshwaram Circle,10396,Weekend,False,Clear,False,0.0,False,False,0.779,Severe,14.7,51.0,263.8,0.144,0.333,0.926,Heavy congestion detected - signal timing extended and reroute suggested
EVT427294,2025-05-06 12:07:15,Trade Fair,J011,Indiranagar 100ft Road,13881,Weekday,False,Clear,False,0.0,False,False,0.312,Low,29.2,28.7,212.7,0.174,0.402,0.966,Moderate traffic flow - standard adaptive signal timing in effect
EVT427295,2025-08-18 17:25:11,Trade Fair,J011,Indiranagar 100ft Road,5462,Weekday,False,Clear,False,0.0,False,False,0.904,Severe,12.7,63.3,219.0,0.102,0.236,0.913,Heavy congestion detected - signal timing extended and reroute suggested
EVT427296,2025-03-14 21:28:02,Cultural Procession,J030,MG Road,21065,Weekday,True,Clear,False,0.0,False,True,0.797,High,11.2,83.4,436.9,0.172,0.397,0.861,Road closure for event/procession - full detour recommended for through-traffic
EVT427297,2025-03-23 17:46:29,Concert,J012,Koramangala Sony World,12840,Weekend,False,Clear,False,0.0,False,False,0.826,Severe,10.5,59.0,471.0,0.186,0.43,0.952,Heavy congestion detected - signal timing extended and reroute suggested
EVT427298,2025-11-16 21:21:49,Sports Fixture,J030,MG Road,18661,Weekend,False,Clear,False,0.0,False,False,0.47,Moderate,22.3,29.2,282.1,0.201,0.464,0.967,Moderate traffic flow - standard adaptive signal timing in effect
EVT427299,2025-11-02 19:14:17,Religious Festival,J011,Indiranagar 100ft Road,27083,Weekend,True,Clear,False,0.0,False,False,1.0,Severe,9.1,72.2,354.3,0.153,0.353,0.865,Festival crowd surge detected - alternate route and extended cycle recommended
EVT427300,2025-09-02 18:24:20,Political Rally,J040,City Market,19448,Weekday,False,Clear,False,0.0,False,False,1.0,Severe,8.7,76.3,284.7,0.097,0.224,0.919,Heavy congestion detected - signal timing extended and reroute suggested
EVT427301,2025-08-25 08:37:31,Political Rally,J012,Koramangala Sony World,11520,Weekday,False,Rain,True,11.0,False,False,1.0,Severe,8.9,69.3,768.5,0.26,0.6,0.877,Heavy rain reducing visibility and grip - reduced speed and longer buffer advised
EVT427302,2026-03-19 17:49:20,Religious Festival,J012,Koramangala Sony World,36865,Weekday,True,Clear,False,0.0,False,True,1.0,Severe,10.9,107.4,426.8,0.194,0.448,0.849,Road closure for event/procession - full detour recommended for through-traffic
EVT427303,2025-07-03 18:49:40,Local Market Day,J030,MG Road,5723,Weekday,False,Rain,True,23.3,False,False,1.0,Severe,7.8,74.2,588.5,0.219,0.506,0.859,Heavy rain reducing visibility and grip - reduced speed and longer buffer advised
EVT427304,2025-11-28 11:30:15,Concert,J030,MG Road,16852,Weekday,False,Clear,False,0.0,False,False,0.438,Moderate,29.8,34.3,179.3,0.144,0.332,0.982,Moderate traffic flow - standard adaptive signal timing in effect
EVT427305,2026-01-07 08:24:09,Sports Fixture,J040,City Market,17828,Weekday,False,Clear,False,0.0,False,False,0.987,Severe,8.8,68.2,480.0,0.18,0.417,0.901,Heavy congestion detected - signal timing extended and reroute suggested
EVT427306,2025-08-06 15:23:46,Trade Fair,J040,City Market,7736,Weekday,False,Clear,False,0.0,False,False,0.267,Low,23.5,23.1,235.6,0.158,0.365,0.972,Moderate traffic flow - standard adaptive signal timing in effect
EVT427307,2025-05-03 20:57:59,Concert,J040,City Market,18365,Weekend,False,Clear,False,0.0,False,False,0.52,Moderate,20.8,33.1,210.9,0.128,0.295,0.969,Moderate traffic flow - standard adaptive signal timing in effect
EVT427308,2026-01-20 16:37:38,Sports Fixture,J031,Cubbon Road,24975,Weekday,False,Clear,False,0.0,False,False,0.707,High,15.2,49.1,273.9,0.158,0.365,0.965,Moderate traffic flow - standard adaptive signal timing in effect
EVT427309,2025-03-25 08:51:05,Sports Fixture,J040,City Market,33554,Weekday,False,Clear,False,0.0,False,False,1.0,Severe,6.4,68.6,1203.1,0.305,0.705,0.934,Heavy congestion detected - signal timing extended and reroute suggested
EVT427310,2025-05-07 13:53:20,Sports Fixture,J023,Basavanagudi,13267,Weekday,False,Clear,False,0.0,False,False,0.351,Moderate,21.7,27.3,196.6,0.127,0.293,0.926,Moderate traffic flow - standard adaptive signal timing in effect
EVT427311,2025-05-27 07:59:14,Concert,J023,Basavanagudi,19325,Weekday,False,Clear,False,0.0,False,False,0.965,Severe,10.5,73.3,543.2,0.238,0.55,0.933,Heavy congestion detected - signal timing extended and reroute suggested
EVT427312,2025-10-11 16:00:50,Local Market Day,J020,Malleshwaram Circle,2483,Weekend,False,Rain,True,15.8,True,False,1.0,Severe,5.9,69.7,319.7,0.088,0.203,0.718,Accident detected nearby - reroute and reduced speed advised
EVT427313,2026-01-23 09:48:11,Local Market Day,J023,Basavanagudi,2528,Weekday,False,Clear,False,0.0,False,False,0.886,Severe,15.1,61.1,331.0,0.182,0.42,0.946,Heavy congestion detected - signal timing extended and reroute suggested
EVT427314,2025-02-15 07:59:11,Concert,J012,Koramangala Sony World,17551,Weekend,False,Clear,False,0.0,False,False,0.76,Severe,19.2,52.3,368.3,0.237,0.548,0.96,Heavy congestion detected - signal timing extended and reroute suggested
EVT427315,2025-11-07 06:26:08,Sports Fixture,J040,City Market,21373,Weekday,False,Light Rain,True,2.7,False,False,0.531,Moderate,19.2,40.4,197.9,0.088,0.204,0.921,Light rain detected - minor speed reduction advised
EVT427316,2025-10-25 16:04:43,Sports Fixture,J040,City Market,38442,Weekend,False,Rain,True,17.5,False,False,0.817,Severe,15.8,56.9,325.7,0.193,0.445,0.921,Heavy rain reducing visibility and grip - reduced speed and longer buffer advised
EVT427317,2026-06-23 07:47:44,Local Market Day,J023,Basavanagudi,5314,Weekday,False,Clear,False,0.0,False,False,0.765,Severe,17.3,56.0,180.0,0.106,0.246,0.962,Heavy congestion detected - signal timing extended and reroute suggested
EVT427318,2025-09-20 16:12:49,Trade Fair,J030,MG Road,4022,Weekend,False,Clear,False,0.0,False,False,0.512,Moderate,26.9,38.5,98.7,0.051,0.118,0.961,Moderate traffic flow - standard adaptive signal timing in effect
EVT427319,2025-02-23 15:35:19,Concert,J023,Basavanagudi,16207,Weekend,False,Clear,False,0.0,False,False,0.416,Moderate,27.2,26.0,135.6,0.1,0.231,0.982,Moderate traffic flow - standard adaptive signal timing in effect
EVT427320,2025-07-08 16:08:23,Concert,J030,MG Road,15599,Weekday,False,Clear,False,0.0,False,False,0.532,Moderate,23.7,35.8,224.1,0.168,0.388,0.968,Moderate traffic flow - standard adaptive signal timing in effect
EVT427321,2025-11-11 13:42:56,Political Rally,J012,Koramangala Sony World,11499,Weekday,False,Clear,False,0.0,False,False,0.252,Low,34.5,18.9,114.3,0.103,0.239,0.961,Moderate traffic flow - standard adaptive signal timing in effect
EVT427322,2025-10-30 08:18:37,Trade Fair,J012,Koramangala Sony World,8544,Weekday,False,Clear,False,0.0,False,False,0.905,Severe,9.2,74.1,203.8,0.099,0.23,0.932,Heavy congestion detected - signal timing extended and reroute suggested
EVT427323,2026-01-08 00:31:26,Local Market Day,J030,MG Road,2241,Weekday,False,Clear,False,0.0,False,False,0.16,Low,28.1,16.6,247.4,0.184,0.425,0.972,Normal free-flow traffic - standard signal timing maintained
EVT427324,2025-06-06 18:23:21,Sports Fixture,J023,Basavanagudi,17778,Weekday,False,Rain,True,12.1,False,False,1.0,Severe,8.3,72.2,599.7,0.235,0.543,0.862,Heavy rain reducing visibility and grip - reduced speed and longer buffer advised
EVT427325,2026-05-17 18:47:02,Trade Fair,J031,Cubbon Road,7340,Weekend,False,Clear,False,0.0,False,False,0.858,Severe,11.6,57.2,341.9,0.164,0.379,0.948,Heavy congestion detected - signal timing extended and reroute suggested
EVT427326,2025-04-23 17:05:51,Concert,J040,City Market,8823,Weekday,False,Clear,False,0.0,False,False,0.809,Severe,16.9,53.4,331.2,0.184,0.426,0.965,Heavy congestion detected - signal timing extended and reroute suggested
EVT427327,2025-08-14 15:52:38,Trade Fair,J031,Cubbon Road,13423,Weekday,False,Clear,False,0.0,False,False,0.451,Moderate,25.3,32.2,195.9,0.122,0.283,0.989,Moderate traffic flow - standard adaptive signal timing in effect
EVT427328,2026-01-10 18:17:15,Trade Fair,J012,Koramangala Sony World,7294,Weekend,False,Clear,False,0.0,False,False,0.858,Severe,13.4,59.6,213.9,0.115,0.265,0.942,Heavy congestion detected - signal timing extended and reroute suggested
EVT427329,2025-05-12 15:37:39,Sports Fixture,J011,Indiranagar 100ft Road,19436,Weekday,False,Clear,False,0.0,False,False,0.448,Moderate,23.0,27.7,298.2,0.191,0.441,0.931,Moderate traffic flow - standard adaptive signal timing in effect
EVT427330,2025-11-10 19:16:02,Local Market Day,J011,Indiranagar 100ft Road,2806,Weekday,False,Clear,False,0.0,False,False,0.915,Severe,10.8,67.9,581.4,0.235,0.543,0.957,Heavy congestion detected - signal timing extended and reroute suggested
EVT427331,2025-05-02 10:37:24,Cultural Procession,J031,Cubbon Road,13603,Weekday,True,Clear,False,0.0,False,True,0.921,Severe,9.6,90.1,491.5,0.196,0.452,0.861,Road closure for event/procession - full detour recommended for through-traffic
EVT427332,2025-07-28 17:39:09,Local Market Day,J031,Cubbon Road,4982,Weekday,False,Clear,False,0.0,False,False,0.907,Severe,14.0,63.3,378.6,0.19,0.439,0.948,Heavy congestion detected - signal timing extended and reroute suggested
EVT427333,2026-02-10 20:48:50,Concert,J012,Koramangala Sony World,15248,Weekday,False,Clear,False,0.0,False,False,0.618,High,20.1,43.8,239.9,0.159,0.367,0.958,Moderate traffic flow - standard adaptive signal timing in effect
EVT427334,2026-04-04 19:53:43,Local Market Day,J023,Basavanagudi,5057,Weekend,False,Clear,False,0.0,False,False,0.649,High,20.9,43.2,176.5,0.12,0.277,0.973,Moderate traffic flow - standard adaptive signal timing in effect
EVT427335,2025-08-21 17:16:24,Concert,J040,City Market,11925,Weekday,False,Clear,False,0.0,False,False,0.836,Severe,13.2,57.9,378.3,0.18,0.416,0.933,Heavy congestion detected - signal timing extended and reroute suggested
EVT427336,2025-10-18 21:24:09,Local Market Day,J009,Majestic,6383,Weekend,False,Light Rain,True,7.3,False,False,0.557,High,24.7,33.9,111.7,0.084,0.193,0.896,Heavy rain reducing visibility and grip - reduced speed and longer buffer advised
EVT427337,2025-04-04 09:08:11,Local Market Day,J009,Majestic,4630,Weekday,False,Fog,False,0.0,False,False,0.954,Severe,10.3,68.3,961.5,0.344,0.794,0.961,Heavy congestion detected - signal timing extended and reroute suggested
EVT427338,2026-05-17 13:06:12,Trade Fair,J030,MG Road,7171,Weekend,False,Clear,False,0.0,False,False,0.334,Low,31.1,24.1,153.4,0.129,0.299,0.981,Moderate traffic flow - standard adaptive signal timing in effect
EVT427339,2026-02-21 19:57:01,Sports Fixture,J040,City Market,31871,Weekend,False,Clear,False,0.0,False,False,0.824,Severe,16.7,56.9,455.5,0.238,0.55,0.928,Heavy congestion detected - signal timing extended and reroute suggested
EVT427340,2025-09-18 09:31:59,Trade Fair,J009,Majestic,7902,Weekday,False,Clear,False,0.0,False,False,0.972,Severe,10.3,67.5,774.2,0.303,0.7,0.911,Heavy congestion detected - signal timing extended and reroute suggested
EVT427341,2025-05-12 11:58:14,Concert,J040,City Market,14910,Weekday,False,Clear,False,0.0,False,False,0.331,Low,28.7,21.8,145.8,0.111,0.257,0.963,Moderate traffic flow - standard adaptive signal timing in effect
EVT427342,2026-06-21 17:50:12,Trade Fair,J023,Basavanagudi,11167,Weekend,False,Rain,True,12.5,False,False,1.0,Severe,8.1,75.3,567.3,0.197,0.455,0.882,Heavy rain reducing visibility and grip - reduced speed and longer buffer advised
EVT427343,2025-11-22 06:15:01,Sports Fixture,J031,Cubbon Road,21710,Weekend,False,Clear,False,0.0,False,False,0.384,Moderate,29.9,25.2,144.3,0.14,0.323,0.962,Moderate traffic flow - standard adaptive signal timing in effect
EVT427344,2025-02-27 13:43:51,Concert,J030,MG Road,7827,Weekday,False,Clear,False,0.0,False,False,0.235,Low,37.1,16.7,115.1,0.109,0.253,0.954,Normal free-flow traffic - standard signal timing maintained
EVT427345,2025-05-08 21:47:49,Local Market Day,J009,Majestic,4271,Weekday,False,Clear,False,0.0,False,False,0.267,Low,34.7,21.8,108.9,0.098,0.227,0.962,Moderate traffic flow - standard adaptive signal timing in effect
EVT427346,2025-04-20 13:02:53,Local Market Day,J020,Malleshwaram Circle,2347,Weekend,False,Clear,False,0.0,False,False,0.263,Low,25.9,17.5,165.5,0.098,0.227,0.981,Moderate traffic flow - standard adaptive signal timing in effect
EVT427347,2025-05-22 19:33:12,Local Market Day,J023,Basavanagudi,3361,Weekday,False,Clear,False,0.0,False,False,0.813,Severe,17.0,56.7,235.5,0.127,0.294,0.957,Heavy congestion detected - signal timing extended and reroute suggested
EVT427348,2025-11-30 09:09:20,Concert,J031,Cubbon Road,19138,Weekend,False,Clear,False,0.0,False,False,0.962,Severe,9.3,72.3,225.4,0.089,0.206,0.897,Heavy congestion detected - signal timing extended and reroute suggested
EVT427349,2025-10-06 17:26:39,Trade Fair,J012,Koramangala Sony World,9998,Weekday,False,Clear,False,0.0,False,False,0.903,Severe,12.4,65.7,347.0,0.147,0.34,0.938,Heavy congestion detected - signal timing extended and reroute suggested
EVT427350,2026-05-12 20:30:11,Concert,J040,City Market,13080,Weekday,False,Clear,False,0.0,False,False,0.539,Moderate,19.5,37.3,91.1,0.047,0.108,0.953,Moderate traffic flow - standard adaptive signal timing in effect
EVT427351,2026-06-18 19:28:25,Sports Fixture,J040,City Market,17156,Weekday,False,Light Rain,True,3.7,False,False,1.0,Severe,9.5,70.8,212.9,0.074,0.171,0.87,Heavy rain reducing visibility and grip - reduced speed and longer buffer advised
EVT427352,2025-09-04 21:54:03,Concert,J009,Majestic,10778,Weekday,False,Fog,False,0.0,False,False,0.346,Low,32.0,25.3,127.9,0.107,0.248,0.972,Moderate traffic flow - standard adaptive signal timing in effect
EVT427353,2026-01-30 09:59:02,Local Market Day,J020,Malleshwaram Circle,4942,Weekday,False,Clear,False,0.0,False,False,0.806,Severe,16.2,60.0,123.8,0.064,0.148,0.96,Heavy congestion detected - signal timing extended and reroute suggested
EVT427354,2025-02-09 18:09:22,Trade Fair,J011,Indiranagar 100ft Road,9455,Weekend,False,Light Rain,True,2.8,False,False,0.975,Severe,10.9,63.4,303.7,0.144,0.332,0.867,Heavy rain reducing visibility and grip - reduced speed and longer buffer advised
EVT427355,2026-04-20 10:40:46,Concert,J030,MG Road,14575,Weekday,False,Clear,False,0.0,False,False,0.617,High,19.2,41.5,277.9,0.173,0.399,0.961,Moderate traffic flow - standard adaptive signal timing in effect
EVT427356,2026-03-31 08:05:19,Trade Fair,J040,City Market,3095,Weekday,False,Clear,False,0.0,False,False,0.74,High,14.7,44.0,253.4,0.129,0.299,0.964,Moderate traffic flow - standard adaptive signal timing in effect
EVT427357,2026-01-20 18:35:06,Sports Fixture,J031,Cubbon Road,11457,Weekday,False,Clear,False,0.0,False,False,1.0,Severe,6.4,71.3,654.4,0.179,0.414,0.916,Heavy congestion detected - signal timing extended and reroute suggested
EVT427358,2026-06-21 12:02:15,Trade Fair,J040,City Market,12953,Weekend,False,Rain,True,14.8,False,False,0.565,High,26.0,45.3,184.9,0.13,0.3,0.889,Heavy rain reducing visibility and grip - reduced speed and longer buffer advised
EVT427359,2025-08-21 07:21:54,Sports Fixture,J009,Majestic,21130,Weekday,False,Clear,False,0.0,False,False,0.629,High,22.4,42.3,233.7,0.155,0.358,0.943,Moderate traffic flow - standard adaptive signal timing in effect
EVT427360,2025-01-01 11:18:50,Local Market Day,J040,City Market,4104,Weekday,False,Clear,False,0.0,False,False,0.296,Low,31.9,14.0,109.3,0.094,0.216,0.963,Moderate traffic flow - standard adaptive signal timing in effect
EVT427361,2025-07-16 14:05:23,Local Market Day,J011,Indiranagar 100ft Road,4650,Weekday,False,Light Rain,True,4.1,False,False,0.256,Low,37.4,19.9,77.7,0.07,0.162,0.916,Light rain detected - minor speed reduction advised
EVT427362,2025-02-21 09:22:18,Trade Fair,J012,Koramangala Sony World,8222,Weekday,False,Clear,False,0.0,False,False,1.0,Severe,8.2,75.0,435.3,0.157,0.363,0.907,Heavy congestion detected - signal timing extended and reroute suggested
EVT427363,2025-08-16 12:50:00,Religious Festival,J011,Indiranagar 100ft Road,40349,Weekend,True,Clear,False,0.0,False,False,0.728,High,20.7,50.2,224.3,0.155,0.358,0.947,Festival crowd surge detected - alternate route and extended cycle recommended
EVT427364,2026-06-25 14:24:53,Political Rally,J009,Majestic,14347,Weekday,False,Heavy Rain,True,37.4,False,False,0.627,High,17.5,43.5,170.2,0.105,0.243,0.892,Heavy rain reducing visibility and grip - reduced speed and longer buffer advised
EVT427365,2025-10-26 13:26:57,Local Market Day,J020,Malleshwaram Circle,3803,Weekend,False,Clear,False,0.0,False,False,0.236,Low,33.4,15.5,129.3,0.102,0.235,0.987,Normal free-flow traffic - standard signal timing maintained
EVT427366,2026-05-28 21:10:52,Political Rally,J040,City Market,12966,Weekday,False,Clear,False,0.0,False,False,0.468,Moderate,30.4,33.3,106.8,0.078,0.181,0.969,Moderate traffic flow - standard adaptive signal timing in effect
EVT427367,2025-11-26 11:05:07,Sports Fixture,J009,Majestic,28686,Weekday,False,Clear,False,0.0,False,False,0.612,High,17.0,42.3,231.9,0.12,0.278,0.952,Moderate traffic flow - standard adaptive signal timing in effect
EVT427368,2025-07-14 09:52:37,Trade Fair,J031,Cubbon Road,6656,Weekday,False,Rain,True,13.4,False,False,1.0,Severe,7.5,65.9,729.7,0.226,0.522,0.869,Heavy rain reducing visibility and grip - reduced speed and longer buffer advised
EVT427369,2025-11-02 16:28:00,Religious Festival,J030,MG Road,22937,Weekend,True,Heavy Rain,True,26.3,False,False,1.0,Severe,8.5,71.2,312.7,0.115,0.267,0.805,Festival crowd surge detected - alternate route and extended cycle recommended
EVT427370,2026-01-16 14:47:29,Sports Fixture,J020,Malleshwaram Circle,18434,Weekday,False,Clear,False,0.0,False,False,0.244,Low,30.5,11.6,242.4,0.159,0.367,0.956,Normal free-flow traffic - standard signal timing maintained
EVT427371,2026-02-25 21:30:22,Sports Fixture,J012,Koramangala Sony World,42620,Weekday,False,Clear,False,0.0,False,False,0.533,Moderate,22.1,41.7,318.8,0.218,0.504,0.965,Moderate traffic flow - standard adaptive signal timing in effect
EVT427372,2025-01-14 16:53:00,Religious Festival,J011,Indiranagar 100ft Road,30695,Weekday,True,Clear,False,0.0,False,False,1.0,Severe,7.1,77.1,541.7,0.194,0.448,0.869,Festival crowd surge detected - alternate route and extended cycle recommended
EVT427373,2025-10-09 10:20:00,Political Rally,J011,Indiranagar 100ft Road,14377,Weekday,False,Clear,False,0.0,False,False,0.712,High,17.6,52.3,341.5,0.193,0.446,0.966,Moderate traffic flow - standard adaptive signal timing in effect
EVT427374,2025-01-04 23:28:59,Trade Fair,J040,City Market,12776,Weekend,False,Clear,False,0.0,False,False,0.301,Low,29.3,18.2,137.4,0.094,0.216,0.983,Moderate traffic flow - standard adaptive signal timing in effect
EVT427375,2025-05-28 15:34:57,Concert,J031,Cubbon Road,12468,Weekday,False,Clear,False,0.0,False,False,0.293,Low,36.1,22.7,136.4,0.128,0.295,0.958,Moderate traffic flow - standard adaptive signal timing in effect
EVT427376,2025-06-21 18:21:16,Local Market Day,J030,MG Road,4438,Weekend,False,Clear,False,0.0,False,False,0.779,Severe,12.8,61.5,320.3,0.152,0.351,0.952,Heavy congestion detected - signal timing extended and reroute suggested
EVT427377,2026-06-14 19:20:37,Concert,J031,Cubbon Road,6974,Weekend,False,Heavy Rain,True,27.0,False,False,1.0,Severe,9.1,70.1,485.9,0.189,0.437,0.875,Heavy rain reducing visibility and grip - reduced speed and longer buffer advised
EVT427378,2026-04-14 13:57:06,Religious Festival,J040,City Market,50315,Weekday,True,Clear,False,0.0,False,True,0.805,High,12.4,88.7,479.3,0.206,0.476,0.883,Road closure for event/procession - full detour recommended for through-traffic
EVT427379,2025-02-25 18:04:41,Local Market Day,J012,Koramangala Sony World,4819,Weekday,False,Clear,False,0.0,False,False,1.0,Severe,7.9,70.2,486.0,0.166,0.383,0.93,Heavy congestion detected - signal timing extended and reroute suggested
EVT427380,2026-02-03 17:44:22,Concert,J031,Cubbon Road,12368,Weekday,False,Clear,False,0.0,False,False,1.0,Severe,8.7,74.9,262.0,0.097,0.224,0.892,Heavy congestion detected - signal timing extended and reroute suggested
EVT427381,2025-02-02 19:11:20,Trade Fair,J023,Basavanagudi,9869,Weekend,False,Clear,False,0.0,False,False,0.813,Severe,16.7,54.6,234.5,0.157,0.362,0.936,Heavy congestion detected - signal timing extended and reroute suggested
EVT427382,2025-05-11 08:07:03,Political Rally,J023,Basavanagudi,21117,Weekend,False,Fog,False,0.0,False,False,0.831,Severe,11.5,59.4,546.0,0.235,0.543,0.969,Heavy congestion detected - signal timing extended and reroute suggested
EVT427383,2025-02-26 21:57:01,Political Rally,J020,Malleshwaram Circle,18211,Weekday,False,Clear,False,0.0,False,False,0.401,Moderate,26.5,27.9,247.6,0.208,0.48,0.971,Moderate traffic flow - standard adaptive signal timing in effect
EVT427384,2025-10-02 17:24:47,Cultural Procession,J009,Majestic,17356,Weekday,True,Clear,False,0.0,False,False,1.0,Severe,8.6,65.8,586.8,0.209,0.482,0.846,Festival crowd surge detected - alternate route and extended cycle recommended
EVT427385,2025-04-26 10:13:56,Concert,J011,Indiranagar 100ft Road,11458,Weekend,False,Clear,False,0.0,False,False,0.648,High,20.5,43.2,198.9,0.136,0.314,0.959,Moderate traffic flow - standard adaptive signal timing in effect
EVT427386,2026-03-01 07:44:06,Trade Fair,J040,City Market,5215,Weekend,False,Clear,False,0.0,False,False,0.624,High,21.7,45.7,206.0,0.131,0.303,0.961,Moderate traffic flow - standard adaptive signal timing in effect
EVT427387,2025-03-03 11:23:25,Local Market Day,J031,Cubbon Road,3176,Weekday,False,Clear,False,0.0,False,False,0.333,Low,25.9,20.2,197.4,0.13,0.301,0.95,Moderate traffic flow - standard adaptive signal timing in effect
EVT427388,2026-02-08 20:06:45,Local Market Day,J020,Malleshwaram Circle,4850,Weekend,False,Clear,False,0.0,False,False,0.612,High,18.3,40.5,204.1,0.131,0.303,0.977,Moderate traffic flow - standard adaptive signal timing in effect
EVT427389,2026-05-03 15:53:49,Trade Fair,J031,Cubbon Road,12382,Weekend,False,Rain,True,20.1,False,False,0.652,High,23.8,39.6,283.8,0.22,0.508,0.91,Heavy rain reducing visibility and grip - reduced speed and longer buffer advised
EVT427390,2026-03-12 12:59:20,Concert,J023,Basavanagudi,13750,Weekday,False,Clear,False,0.0,False,False,0.254,Low,32.8,18.8,144.3,0.123,0.284,0.952,Moderate traffic flow - standard adaptive signal timing in effect
EVT427391,2025-05-18 11:00:10,Local Market Day,J023,Basavanagudi,5063,Weekend,False,Clear,False,0.0,False,False,0.503,Moderate,29.1,36.5,208.8,0.187,0.433,0.952,Moderate traffic flow - standard adaptive signal timing in effect
EVT427392,2026-02-25 12:09:48,Concert,J020,Malleshwaram Circle,9479,Weekday,False,Clear,False,0.0,False,False,0.288,Low,28.0,21.2,199.9,0.167,0.387,0.949,Moderate traffic flow - standard adaptive signal timing in effect
EVT427393,2025-12-03 12:36:14,Sports Fixture,J030,MG Road,42656,Weekday,False,Clear,False,0.0,False,False,0.403,Moderate,30.0,37.9,186.6,0.146,0.338,0.937,Moderate traffic flow - standard adaptive signal timing in effect
EVT427394,2026-06-03 14:41:41,Local Market Day,J009,Majestic,4728,Weekday,False,Clear,False,0.0,False,False,0.149,Low,36.0,13.8,132.6,0.135,0.313,0.986,Normal free-flow traffic - standard signal timing maintained
EVT427395,2025-07-19 18:10:12,Sports Fixture,J012,Koramangala Sony World,29990,Weekend,False,Clear,False,0.0,False,False,1.0,Severe,8.3,72.1,704.6,0.233,0.538,0.914,Heavy congestion detected - signal timing extended and reroute suggested
EVT427396,2025-03-18 19:08:09,Local Market Day,J020,Malleshwaram Circle,3495,Weekday,False,Clear,False,0.0,False,False,1.0,Severe,6.5,72.3,1193.0,0.317,0.731,0.893,Heavy congestion detected - signal timing extended and reroute suggested
EVT427397,2026-03-19 11:20:06,Cultural Procession,J040,City Market,18033,Weekday,True,Clear,False,0.0,False,True,0.761,High,15.8,74.8,374.9,0.221,0.511,0.892,Road closure for event/procession - full detour recommended for through-traffic
EVT427398,2025-01-06 11:59:45,Concert,J011,Indiranagar 100ft Road,15414,Weekday,False,Clear,False,0.0,False,False,0.294,Low,30.5,22.8,180.4,0.148,0.343,0.99,Moderate traffic flow - standard adaptive signal timing in effect
EVT427399,2026-05-21 23:27:16,Concert,J031,Cubbon Road,12813,Weekday,False,Fog,False,0.0,False,False,0.21,Low,30.3,12.8,196.8,0.146,0.336,0.973,Normal free-flow traffic - standard signal timing maintained
EVT427400,2025-07-24 17:30:50,Local Market Day,J040,City Market,4923,Weekday,False,Clear,False,0.0,False,False,0.845,Severe,12.8,61.5,564.7,0.27,0.623,0.943,Heavy congestion detected - signal timing extended and reroute suggested
EVT427401,2025-06-25 09:36:50,Local Market Day,J030,MG Road,3267,Weekday,False,Clear,False,0.0,False,False,0.985,Severe,8.6,71.8,837.8,0.283,0.655,0.899,Heavy congestion detected - signal timing extended and reroute suggested
EVT427402,2026-01-09 08:30:58,Trade Fair,J009,Majestic,12646,Weekday,False,Fog,False,0.0,False,False,0.989,Severe,10.8,73.4,376.1,0.177,0.409,0.934,Heavy congestion detected - signal timing extended and reroute suggested
EVT427403,2025-08-23 16:49:17,Political Rally,J023,Basavanagudi,14110,Weekend,False,Clear,False,0.0,False,False,0.721,High,15.5,50.9,370.3,0.194,0.448,0.93,Moderate traffic flow - standard adaptive signal timing in effect
EVT427404,2025-07-07 14:04:07,Political Rally,J012,Koramangala Sony World,20376,Weekday,False,Clear,False,0.0,False,False,0.275,Low,31.6,20.0,217.0,0.171,0.395,0.977,Moderate traffic flow - standard adaptive signal timing in effect
EVT427405,2025-02-27 21:51:13,Local Market Day,J011,Indiranagar 100ft Road,6384,Weekday,False,Light Rain,True,3.1,False,False,0.345,Low,28.2,29.5,99.8,0.072,0.166,0.935,Light rain detected - minor speed reduction advised
EVT427406,2025-09-24 15:35:01,Concert,J031,Cubbon Road,21464,Weekday,False,Rain,True,10.1,False,False,0.534,Moderate,24.5,39.4,219.4,0.154,0.357,0.92,Light rain detected - minor speed reduction advised
EVT427407,2026-01-27 22:07:53,Cultural Procession,J023,Basavanagudi,20665,Weekday,True,Clear,False,0.0,False,True,0.702,High,15.6,68.4,426.1,0.237,0.548,0.875,Road closure for event/procession - full detour recommended for through-traffic
EVT427408,2026-03-13 22:03:04,Sports Fixture,J040,City Market,20653,Weekday,False,Clear,False,0.0,False,False,0.423,Moderate,27.6,29.0,146.6,0.125,0.289,0.939,Moderate traffic flow - standard adaptive signal timing in effect
EVT427409,2025-05-26 12:02:15,Sports Fixture,J009,Majestic,14026,Weekday,False,Clear,False,0.0,False,False,0.239,Low,28.4,14.6,194.6,0.15,0.346,0.966,Normal free-flow traffic - standard signal timing maintained
EVT427410,2025-07-18 02:34:43,Sports Fixture,J012,Koramangala Sony World,22085,Weekday,False,Rain,True,16.5,True,False,0.822,Severe,13.1,55.7,248.9,0.132,0.304,0.716,Accident detected nearby - reroute and reduced speed advised
EVT427411,2025-09-29 06:58:14,Local Market Day,J012,Koramangala Sony World,4415,Weekday,False,Clear,False,0.0,False,False,0.465,Moderate,28.2,26.3,230.9,0.186,0.43,0.917,Moderate traffic flow - standard adaptive signal timing in effect
EVT427412,2025-05-10 19:03:04,Local Market Day,J023,Basavanagudi,4303,Weekend,False,Rain,True,20.2,False,False,1.0,Severe,5.9,77.1,922.0,0.237,0.548,0.85,Heavy rain reducing visibility and grip - reduced speed and longer buffer advised
EVT427413,2025-02-06 14:59:09,Local Market Day,J031,Cubbon Road,8034,Weekday,False,Clear,False,0.0,False,False,0.34,Low,22.9,21.8,205.4,0.148,0.341,0.971,Moderate traffic flow - standard adaptive signal timing in effect
EVT427414,2026-06-20 19:19:04,Political Rally,J020,Malleshwaram Circle,16669,Weekend,False,Clear,False,0.0,False,False,0.868,Severe,13.9,64.3,319.3,0.167,0.385,0.949,Heavy congestion detected - signal timing extended and reroute suggested
EVT427415,2025-11-11 17:56:33,Sports Fixture,J011,Indiranagar 100ft Road,40687,Weekday,False,Clear,False,0.0,False,False,1.0,Severe,7.3,65.4,834.9,0.245,0.566,0.906,Heavy congestion detected - signal timing extended and reroute suggested
EVT427416,2025-07-02 07:55:02,Trade Fair,J009,Majestic,6090,Weekday,False,Clear,False,0.0,False,False,0.83,Severe,15.0,61.7,398.9,0.221,0.51,0.954,Heavy congestion detected - signal timing extended and reroute suggested
EVT427417,2025-11-03 07:59:16,Sports Fixture,J020,Malleshwaram Circle,22534,Weekday,False,Clear,False,0.0,False,False,0.891,Severe,12.3,67.4,454.1,0.212,0.491,0.921,Heavy congestion detected - signal timing extended and reroute suggested
EVT427418,2025-06-08 19:55:15,Sports Fixture,J040,City Market,26134,Weekend,False,Clear,False,0.0,False,False,0.811,Severe,16.3,63.4,235.6,0.131,0.303,0.95,Heavy congestion detected - signal timing extended and reroute suggested
EVT427419,2026-05-12 13:57:25,Political Rally,J031,Cubbon Road,9819,Weekday,False,Clear,False,0.0,False,False,0.2,Low,33.9,14.1,91.6,0.092,0.213,0.99,Normal free-flow traffic - standard signal timing maintained
EVT427420,2026-06-09 19:17:26,Sports Fixture,J031,Cubbon Road,27254,Weekday,False,Clear,False,0.0,False,False,1.0,Severe,11.2,65.7,170.3,0.087,0.2,0.908,Heavy congestion detected - signal timing extended and reroute suggested
EVT427421,2025-04-18 04:55:11,Trade Fair,J011,Indiranagar 100ft Road,10696,Weekday,False,Fog,False,0.0,False,False,0.165,Low,36.4,9.1,156.3,0.151,0.348,0.954,Normal free-flow traffic - standard signal timing maintained
EVT427422,2025-03-29 12:59:53,Trade Fair,J011,Indiranagar 100ft Road,13221,Weekend,False,Clear,False,0.0,False,False,0.313,Low,23.2,29.0,182.0,0.113,0.261,0.949,Moderate traffic flow - standard adaptive signal timing in effect
EVT427423,2025-06-10 10:30:34,Sports Fixture,J020,Malleshwaram Circle,11700,Weekday,False,Heavy Rain,True,37.3,False,False,0.978,Severe,9.6,72.3,643.6,0.25,0.577,0.881,Heavy rain reducing visibility and grip - reduced speed and longer buffer advised
EVT427424,2025-09-09 11:14:43,Sports Fixture,J009,Majestic,37630,Weekday,False,Clear,False,0.0,False,False,0.521,Moderate,28.1,32.2,161.3,0.144,0.333,0.98,Moderate traffic flow - standard adaptive signal timing in effect
EVT427425,2025-12-17 05:17:18,Local Market Day,J012,Koramangala Sony World,4048,Weekday,False,Clear,False,0.0,False,False,0.225,Low,31.0,13.2,108.0,0.102,0.236,0.985,Normal free-flow traffic - standard signal timing maintained
EVT427426,2025-02-21 21:54:26,Sports Fixture,J020,Malleshwaram Circle,13771,Weekday,False,Clear,False,0.0,False,False,0.281,Low,34.1,16.3,80.5,0.074,0.17,0.952,Moderate traffic flow - standard adaptive signal timing in effect
EVT427427,2025-05-16 09:32:55,Political Rally,J020,Malleshwaram Circle,27916,Weekday,False,Heavy Rain,True,26.0,False,False,1.0,Severe,6.7,73.8,231.7,0.086,0.199,0.854,Heavy rain reducing visibility and grip - reduced speed and longer buffer advised
EVT427428,2025-11-20 13:52:33,Local Market Day,J012,Koramangala Sony World,3588,Weekday,False,Clear,False,0.0,False,False,0.162,Low,30.7,6.6,117.2,0.118,0.272,0.986,Normal free-flow traffic - standard signal timing maintained
EVT427429,2025-06-08 11:32:12,Trade Fair,J020,Malleshwaram Circle,12916,Weekend,False,Clear,False,0.0,False,False,0.348,Low,32.3,31.0,170.5,0.141,0.325,0.971,Moderate traffic flow - standard adaptive signal timing in effect
EVT427430,2025-06-28 14:25:51,Sports Fixture,J023,Basavanagudi,20139,Weekend,False,Rain,True,11.2,False,False,0.52,Moderate,16.9,35.9,327.6,0.173,0.4,0.897,Light rain detected - minor speed reduction advised
EVT427431,2025-02-12 15:04:10,Local Market Day,J011,Indiranagar 100ft Road,3668,Weekday,False,Clear,False,0.0,False,False,0.337,Low,30.8,21.7,151.9,0.13,0.301,0.957,Moderate traffic flow - standard adaptive signal timing in effect
EVT427432,2025-07-27 08:51:46,Concert,J012,Koramangala Sony World,17488,Weekend,False,Clear,False,0.0,False,False,0.944,Severe,10.2,67.7,280.5,0.106,0.245,0.945,Heavy congestion detected - signal timing extended and reroute suggested
EVT427433,2025-04-13 21:05:59,Local Market Day,J012,Koramangala Sony World,4045,Weekend,False,Clear,False,0.0,False,False,0.394,Moderate,26.3,27.1,184.3,0.15,0.346,0.99,Moderate traffic flow - standard adaptive signal timing in effect
EVT427434,2026-04-27 16:09:32,Trade Fair,J031,Cubbon Road,11171,Weekday,False,Clear,False,0.0,False,False,0.483,Moderate,24.9,36.2,191.3,0.151,0.349,0.969,Moderate traffic flow - standard adaptive signal timing in effect
EVT427435,2025-02-07 19:26:02,Political Rally,J040,City Market,16976,Weekday,False,Clear,False,0.0,False,False,1.0,Severe,10.3,76.2,470.2,0.191,0.441,0.9,Heavy congestion detected - signal timing extended and reroute suggested
EVT427436,2026-05-04 12:46:27,Local Market Day,J040,City Market,5266,Weekday,False,Clear,False,0.0,False,False,0.169,Low,30.8,13.7,103.3,0.089,0.207,0.975,Normal free-flow traffic - standard signal timing maintained
EVT427437,2025-04-23 09:25:37,Sports Fixture,J011,Indiranagar 100ft Road,18785,Weekday,False,Clear,False,0.0,False,False,1.0,Severe,7.8,69.7,921.5,0.283,0.655,0.918,Heavy congestion detected - signal timing extended and reroute suggested
EVT427438,2025-04-21 23:14:12,Local Market Day,J020,Malleshwaram Circle,2626,Weekday,False,Light Rain,True,2.4,False,False,0.25,Low,29.6,18.9,208.9,0.176,0.407,0.923,Light rain detected - minor speed reduction advised
EVT427439,2026-06-28 00:16:54,Trade Fair,J040,City Market,7227,Weekend,False,Light Rain,True,5.4,False,False,0.474,Moderate,29.6,35.8,152.2,0.126,0.291,0.915,Light rain detected - minor speed reduction advised
EVT427440,2026-01-10 17:23:26,Trade Fair,J012,Koramangala Sony World,7478,Weekend,False,Clear,False,0.0,False,False,0.727,High,18.6,51.8,321.1,0.196,0.453,0.917,Moderate traffic flow - standard adaptive signal timing in effect
EVT427441,2025-10-18 07:54:55,Sports Fixture,J023,Basavanagudi,25841,Weekend,False,Rain,True,16.7,False,False,1.0,Severe,6.8,71.3,843.8,0.253,0.585,0.889,Heavy rain reducing visibility and grip - reduced speed and longer buffer advised
EVT427442,2026-05-24 20:22:13,Concert,J031,Cubbon Road,24254,Weekend,False,Clear,False,0.0,False,False,0.669,High,19.3,53.2,307.3,0.185,0.428,0.963,Moderate traffic flow - standard adaptive signal timing in effect
EVT427443,2026-05-11 11:08:24,Trade Fair,J011,Indiranagar 100ft Road,9103,Weekday,False,Rain,True,10.2,False,False,0.564,High,27.5,38.6,132.9,0.107,0.247,0.938,Heavy rain reducing visibility and grip - reduced speed and longer buffer advised
EVT427444,2026-04-13 11:41:13,Political Rally,J011,Indiranagar 100ft Road,13011,Weekday,False,Clear,False,0.0,False,False,0.342,Low,32.8,17.3,154.8,0.134,0.309,0.959,Moderate traffic flow - standard adaptive signal timing in effect
EVT427445,2025-06-18 17:51:28,Trade Fair,J040,City Market,4804,Weekday,False,Clear,False,0.0,False,False,0.987,Severe,7.9,74.0,440.8,0.157,0.362,0.911,Heavy congestion detected - signal timing extended and reroute suggested
EVT427446,2025-08-21 14:04:45,Local Market Day,J030,MG Road,3115,Weekday,False,Rain,True,23.0,False,False,0.444,Moderate,30.2,33.0,270.7,0.249,0.576,0.911,Light rain detected - minor speed reduction advised
EVT427447,2025-01-28 18:56:50,Local Market Day,J012,Koramangala Sony World,2921,Weekday,False,Clear,False,0.0,False,False,0.945,Severe,9.0,69.1,691.3,0.249,0.574,0.888,Heavy congestion detected - signal timing extended and reroute suggested
EVT427448,2025-08-14 10:29:18,Trade Fair,J030,MG Road,17695,Weekday,False,Light Rain,True,5.6,False,False,0.785,Severe,14.3,59.0,210.8,0.121,0.281,0.916,Heavy rain reducing visibility and grip - reduced speed and longer buffer advised
EVT427449,2026-04-07 15:43:05,Sports Fixture,J009,Majestic,20342,Weekday,False,Clear,False,0.0,False,False,0.397,Moderate,27.9,19.8,99.7,0.058,0.133,0.965,Moderate traffic flow - standard adaptive signal timing in effect
EVT427450,2025-02-15 07:30:40,Local Market Day,J023,Basavanagudi,1474,Weekend,False,Clear,False,0.0,False,False,0.505,Moderate,26.9,42.1,155.7,0.101,0.233,0.955,Moderate traffic flow - standard adaptive signal timing in effect
EVT427451,2025-09-05 21:02:31,Cultural Procession,J031,Cubbon Road,12217,Weekday,True,Clear,False,0.0,False,False,0.672,High,21.0,45.0,236.4,0.149,0.344,0.888,Festival crowd surge detected - alternate route and extended cycle recommended
EVT427452,2025-04-11 00:08:50,Concert,J023,Basavanagudi,11499,Weekday,False,Clear,False,0.0,False,False,0.272,Low,33.4,23.3,216.9,0.197,0.456,0.971,Moderate traffic flow - standard adaptive signal timing in effect
EVT427453,2025-03-13 07:11:12,Local Market Day,J040,City Market,2854,Weekday,False,Clear,False,0.0,False,False,0.367,Moderate,29.7,23.2,170.4,0.128,0.295,0.971,Moderate traffic flow - standard adaptive signal timing in effect
EVT427454,2025-06-23 08:12:42,Concert,J040,City Market,12344,Weekday,False,Clear,False,0.0,False,False,0.954,Severe,12.9,66.0,482.3,0.234,0.541,0.951,Heavy congestion detected - signal timing extended and reroute suggested
EVT427455,2025-03-26 19:34:22,Sports Fixture,J011,Indiranagar 100ft Road,25354,Weekday,False,Clear,False,0.0,False,False,1.0,Severe,7.5,80.9,413.8,0.164,0.379,0.888,Heavy congestion detected - signal timing extended and reroute suggested
EVT427456,2026-06-23 16:18:40,Local Market Day,J023,Basavanagudi,5083,Weekday,False,Rain,True,14.2,True,False,1.0,Severe,9.0,70.3,612.4,0.245,0.567,0.701,Accident detected nearby - reroute and reduced speed advised
EVT427457,2025-11-14 16:18:52,Local Market Day,J020,Malleshwaram Circle,4343,Weekday,False,Clear,False,0.0,False,False,0.461,Moderate,30.7,35.0,243.9,0.228,0.526,0.972,Moderate traffic flow - standard adaptive signal timing in effect
EVT427458,2026-01-08 23:24:36,Sports Fixture,J040,City Market,21594,Weekday,False,Clear,False,0.0,False,False,0.193,Low,24.7,11.9,121.3,0.078,0.179,0.969,Normal free-flow traffic - standard signal timing maintained
EVT427459,2025-07-14 11:12:29,Local Market Day,J040,City Market,2519,Weekday,False,Heavy Rain,True,40.8,False,False,0.658,High,22.4,48.3,221.0,0.151,0.349,0.899,Heavy rain reducing visibility and grip - reduced speed and longer buffer advised
EVT427460,2025-06-06 08:47:02,Political Rally,J012,Koramangala Sony World,18221,Weekday,False,Rain,True,10.2,False,False,1.0,Severe,8.1,78.9,236.1,0.09,0.207,0.873,Heavy rain reducing visibility and grip - reduced speed and longer buffer advised
EVT427461,2025-06-11 09:11:51,Sports Fixture,J009,Majestic,14670,Weekday,False,Clear,False,0.0,False,False,1.0,Severe,9.1,67.4,504.6,0.202,0.467,0.974,Heavy congestion detected - signal timing extended and reroute suggested
EVT427462,2026-03-15 07:43:54,Sports Fixture,J040,City Market,54399,Weekend,False,Clear,False,0.0,False,False,0.934,Severe,10.2,61.0,557.6,0.235,0.543,0.931,Heavy congestion detected - signal timing extended and reroute suggested
EVT427463,2025-05-17 21:57:38,Local Market Day,J031,Cubbon Road,3972,Weekend,False,Fog,False,0.0,False,False,0.179,Low,34.6,10.3,169.3,0.165,0.381,0.955,Normal free-flow traffic - standard signal timing maintained
EVT427464,2026-01-07 14:32:48,Sports Fixture,J030,MG Road,19074,Weekday,False,Clear,False,0.0,False,False,0.337,Low,36.3,26.0,159.0,0.135,0.311,0.984,Moderate traffic flow - standard adaptive signal timing in effect
EVT427465,2026-02-04 08:01:18,Trade Fair,J020,Malleshwaram Circle,6957,Weekday,False,Clear,False,0.0,False,False,0.842,Severe,11.4,61.1,479.3,0.22,0.507,0.919,Heavy congestion detected - signal timing extended and reroute suggested
EVT427466,2025-08-05 10:48:30,Concert,J011,Indiranagar 100ft Road,13184,Weekday,False,Clear,False,0.0,False,False,0.584,High,22.6,40.8,297.8,0.182,0.42,0.956,Moderate traffic flow - standard adaptive signal timing in effect
EVT427467,2026-02-12 09:42:30,Concert,J020,Malleshwaram Circle,16562,Weekday,False,Clear,False,0.0,False,False,0.991,Severe,8.3,68.6,610.6,0.193,0.446,0.913,Heavy congestion detected - signal timing extended and reroute suggested
EVT427468,2025-12-12 21:01:20,Concert,J009,Majestic,15870,Weekday,False,Clear,False,0.0,False,False,0.493,Moderate,25.7,37.1,295.6,0.208,0.48,0.989,Moderate traffic flow - standard adaptive signal timing in effect
EVT427469,2025-04-02 19:32:26,Political Rally,J030,MG Road,33717,Weekday,False,Clear,False,0.0,False,False,1.0,Severe,7.6,71.3,510.7,0.15,0.347,0.919,Heavy congestion detected - signal timing extended and reroute suggested
EVT427470,2025-07-07 19:31:37,Trade Fair,J012,Koramangala Sony World,12480,Weekday,False,Clear,False,0.0,False,False,0.869,Severe,11.3,59.6,371.1,0.151,0.35,0.927,Heavy congestion detected - signal timing extended and reroute suggested
EVT427471,2025-01-06 11:53:54,Trade Fair,J040,City Market,10815,Weekday,False,Clear,False,0.0,False,False,0.271,Low,32.2,22.9,162.0,0.131,0.302,0.975,Moderate traffic flow - standard adaptive signal timing in effect
EVT427472,2025-09-24 20:36:40,Concert,J020,Malleshwaram Circle,8594,Weekday,False,Clear,False,0.0,False,False,0.497,Moderate,20.3,37.2,244.2,0.169,0.389,0.96,Moderate traffic flow - standard adaptive signal timing in effect
EVT427473,2025-01-14 16:19:04,Religious Festival,J020,Malleshwaram Circle,43215,Weekday,True,Clear,False,0.0,False,True,1.0,Severe,9.6,97.3,505.6,0.212,0.49,0.867,Road closure for event/procession - full detour recommended for through-traffic
EVT427474,2026-03-08 19:43:49,Concert,J009,Majestic,9797,Weekend,False,Clear,False,0.0,False,False,0.804,Severe,14.9,51.4,295.4,0.17,0.394,0.952,Heavy congestion detected - signal timing extended and reroute suggested
EVT427475,2025-04-09 17:37:49,Concert,J012,Koramangala Sony World,12108,Weekday,False,Clear,False,0.0,False,False,0.928,Severe,10.2,68.5,625.6,0.237,0.546,0.935,Heavy congestion detected - signal timing extended and reroute suggested
EVT427476,2025-01-01 03:45:24,Political Rally,J012,Koramangala Sony World,22894,Weekday,False,Light Rain,True,4.4,False,False,0.353,Moderate,33.0,22.7,160.4,0.148,0.341,0.932,Light rain detected - minor speed reduction advised
EVT427477,2025-01-14 20:39:43,Religious Festival,J020,Malleshwaram Circle,35625,Weekday,True,Clear,False,0.0,False,True,1.0,Severe,9.0,95.6,762.0,0.275,0.635,0.826,Road closure for event/procession - full detour recommended for through-traffic
EVT427478,2026-03-03 17:22:10,Sports Fixture,J023,Basavanagudi,23557,Weekday,False,Clear,False,0.0,False,False,0.904,Severe,10.4,64.3,248.8,0.098,0.228,0.926,Heavy congestion detected - signal timing extended and reroute suggested
EVT427479,2025-07-25 10:48:14,Concert,J031,Cubbon Road,11853,Weekday,False,Clear,False,0.0,False,False,0.557,High,22.3,42.2,311.8,0.214,0.494,0.957,Moderate traffic flow - standard adaptive signal timing in effect
EVT427480,2025-05-23 21:41:26,Concert,J012,Koramangala Sony World,18512,Weekday,False,Clear,False,0.0,False,False,0.44,Moderate,23.6,25.4,320.3,0.208,0.481,0.977,Moderate traffic flow - standard adaptive signal timing in effect
EVT427481,2026-03-18 17:18:38,Sports Fixture,J040,City Market,42832,Weekday,False,Clear,False,0.0,False,False,1.0,Severe,7.9,74.2,544.0,0.177,0.409,0.926,Heavy congestion detected - signal timing extended and reroute suggested
EVT427482,2025-04-18 19:24:37,Trade Fair,J011,Indiranagar 100ft Road,6962,Weekday,False,Clear,False,0.0,False,False,0.969,Severe,10.3,68.5,702.5,0.283,0.654,0.893,Heavy congestion detected - signal timing extended and reroute suggested
EVT427483,2025-02-05 17:34:08,Local Market Day,J040,City Market,3150,Weekday,False,Clear,False,0.0,False,False,0.9,Severe,11.0,59.5,478.0,0.207,0.478,0.972,Heavy congestion detected - signal timing extended and reroute suggested
EVT427484,2026-05-28 18:26:44,Political Rally,J020,Malleshwaram Circle,21441,Weekday,False,Rain,True,16.8,False,False,1.0,Severe,9.0,74.6,432.4,0.148,0.342,0.873,Heavy rain reducing visibility and grip - reduced speed and longer buffer advised
EVT427485,2025-03-17 15:02:42,Political Rally,J012,Koramangala Sony World,17634,Weekday,False,Clear,False,0.0,False,False,0.364,Moderate,36.1,24.1,79.0,0.07,0.162,0.938,Moderate traffic flow - standard adaptive signal timing in effect
EVT427486,2025-10-28 08:21:04,Concert,J009,Majestic,15495,Weekday,False,Rain,True,15.1,False,False,1.0,Severe,7.9,67.9,433.0,0.158,0.365,0.865,Heavy rain reducing visibility and grip - reduced speed and longer buffer advised
EVT427487,2025-06-08 11:26:48,Sports Fixture,J030,MG Road,19208,Weekend,False,Rain,True,19.7,False,False,0.677,High,13.2,46.2,417.3,0.182,0.421,0.92,Heavy rain reducing visibility and grip - reduced speed and longer buffer advised
EVT427488,2026-05-29 10:23:51,Trade Fair,J011,Indiranagar 100ft Road,15114,Weekday,False,Clear,False,0.0,False,False,0.662,High,20.8,45.5,297.3,0.196,0.452,0.956,Moderate traffic flow - standard adaptive signal timing in effect
EVT427489,2026-02-16 17:11:22,Local Market Day,J020,Malleshwaram Circle,3915,Weekday,False,Clear,False,0.0,False,False,0.763,Severe,14.0,49.8,368.1,0.176,0.407,0.979,Heavy congestion detected - signal timing extended and reroute suggested
EVT427490,2025-12-01 17:06:48,Local Market Day,J020,Malleshwaram Circle,5712,Weekday,False,Clear,False,0.0,False,False,0.752,Severe,13.4,54.5,288.4,0.151,0.35,0.975,Heavy congestion detected - signal timing extended and reroute suggested
EVT427491,2026-02-28 18:57:02,Sports Fixture,J020,Malleshwaram Circle,33035,Weekend,False,Fog,False,0.0,False,False,0.972,Severe,8.6,62.7,715.2,0.259,0.597,0.928,Heavy congestion detected - signal timing extended and reroute suggested
EVT427492,2025-08-03 09:15:40,Local Market Day,J023,Basavanagudi,5080,Weekend,False,Clear,False,0.0,False,False,0.816,Severe,18.9,61.1,177.0,0.103,0.237,0.974,Heavy congestion detected - signal timing extended and reroute suggested
EVT427493,2025-12-11 04:00:33,Sports Fixture,J023,Basavanagudi,25298,Weekday,False,Clear,False,0.0,False,False,0.315,Low,31.0,22.2,180.0,0.152,0.351,0.988,Moderate traffic flow - standard adaptive signal timing in effect
EVT427494,2026-02-22 13:07:37,Concert,J009,Majestic,9359,Weekend,False,Clear,False,0.0,False,False,0.322,Low,33.0,25.0,115.7,0.096,0.222,0.937,Moderate traffic flow - standard adaptive signal timing in effect
EVT427495,2025-03-23 11:22:12,Concert,J011,Indiranagar 100ft Road,11558,Weekend,False,Clear,False,0.0,False,False,0.376,Moderate,33.3,27.6,140.9,0.121,0.279,0.97,Moderate traffic flow - standard adaptive signal timing in effect
EVT427496,2025-06-25 22:54:55,Local Market Day,J011,Indiranagar 100ft Road,3185,Weekday,False,Clear,False,0.0,False,False,0.224,Low,38.4,17.2,83.1,0.073,0.168,0.947,Normal free-flow traffic - standard signal timing maintained
EVT427497,2026-02-21 10:23:43,Concert,J023,Basavanagudi,6142,Weekend,False,Clear,False,0.0,False,False,0.694,High,16.6,49.7,393.3,0.211,0.487,0.955,Moderate traffic flow - standard adaptive signal timing in effect
EVT427498,2025-07-27 12:16:51,Concert,J020,Malleshwaram Circle,13813,Weekend,False,Heavy Rain,True,65.7,False,False,0.71,High,18.5,56.9,265.6,0.153,0.354,0.877,Heavy rain reducing visibility and grip - reduced speed and longer buffer advised
EVT427499,2025-04-08 22:59:07,Sports Fixture,J011,Indiranagar 100ft Road,20694,Weekday,False,Clear,False,0.0,False,False,0.377,Moderate,25.5,27.3,198.6,0.14,0.323,0.979,Moderate traffic flow - standard adaptive signal timing in effect
EVT427500,2025-06-27 16:48:55,Concert,J030,MG Road,8895,Weekday,False,Clear,False,0.0,False,False,0.608,High,18.5,44.9,205.3,0.142,0.328,0.935,Moderate traffic flow - standard adaptive signal timing in effect
EVT427501,2025-07-21 17:49:02,Local Market Day,J030,MG Road,5219,Weekday,False,Heavy Rain,True,29.2,False,False,1.0,Severe,8.9,74.1,689.3,0.239,0.553,0.843,Heavy rain reducing visibility and grip - reduced speed and longer buffer advised
EVT427502,2025-11-17 21:55:41,Concert,J030,MG Road,11584,Weekday,False,Clear,False,0.0,False,False,0.374,Moderate,30.4,29.7,193.4,0.156,0.361,0.957,Moderate traffic flow - standard adaptive signal timing in effect
EVT427503,2025-04-30 20:20:31,Trade Fair,J009,Majestic,8608,Weekday,False,Clear,False,0.0,False,False,0.709,High,16.2,49.9,170.8,0.092,0.213,0.952,Moderate traffic flow - standard adaptive signal timing in effect
EVT427504,2026-03-10 20:38:44,Local Market Day,J023,Basavanagudi,4112,Weekday,False,Clear,False,0.0,False,False,0.493,Moderate,22.6,37.6,203.5,0.135,0.312,0.987,Moderate traffic flow - standard adaptive signal timing in effect
EVT427505,2025-11-02 18:46:03,Fireworks Display,J023,Basavanagudi,17831,Weekend,True,Clear,False,0.0,False,False,1.0,Severe,7.3,75.3,879.6,0.25,0.578,0.847,Festival crowd surge detected - alternate route and extended cycle recommended
EVT427506,2025-08-23 18:47:03,Sports Fixture,J011,Indiranagar 100ft Road,13867,Weekend,False,Rain,True,15.1,False,False,1.0,Severe,9.4,68.9,474.7,0.169,0.391,0.859,Heavy rain reducing visibility and grip - reduced speed and longer buffer advised
EVT427507,2025-03-05 06:08:08,Concert,J030,MG Road,11470,Weekday,False,Clear,False,0.0,False,False,0.251,Low,28.4,17.6,150.5,0.118,0.273,0.958,Moderate traffic flow - standard adaptive signal timing in effect
EVT427508,2025-10-18 12:15:12,Local Market Day,J030,MG Road,4666,Weekend,False,Fog,False,0.0,False,False,0.274,Low,26.1,16.4,199.9,0.117,0.27,0.976,Moderate traffic flow - standard adaptive signal timing in effect
EVT427509,2026-01-20 20:22:53,Sports Fixture,J011,Indiranagar 100ft Road,19068,Weekday,False,Clear,False,0.0,False,False,0.626,High,22.3,47.0,161.7,0.108,0.249,0.948,Moderate traffic flow - standard adaptive signal timing in effect
EVT427510,2026-03-15 09:35:04,Trade Fair,J012,Koramangala Sony World,10547,Weekend,False,Clear,False,0.0,False,False,0.796,Severe,19.7,55.5,316.2,0.208,0.479,0.951,Heavy congestion detected - signal timing extended and reroute suggested
EVT427511,2025-01-31 16:21:25,Local Market Day,J040,City Market,3385,Weekday,False,Clear,False,0.0,False,False,0.5,Moderate,26.7,35.1,187.7,0.162,0.374,0.961,Moderate traffic flow - standard adaptive signal timing in effect
EVT427512,2025-01-17 19:50:17,Concert,J011,Indiranagar 100ft Road,12276,Weekday,False,Fog,False,0.0,False,False,0.84,Severe,14.0,57.5,478.6,0.241,0.557,0.949,Heavy congestion detected - signal timing extended and reroute suggested
EVT427513,2025-05-04 19:32:06,Sports Fixture,J040,City Market,24153,Weekend,False,Clear,False,0.0,False,False,0.85,Severe,16.0,56.3,265.5,0.159,0.368,0.934,Heavy congestion detected - signal timing extended and reroute suggested
EVT427514,2025-08-19 13:57:20,Political Rally,J030,MG Road,20882,Weekday,False,Heavy Rain,True,76.1,False,False,0.659,High,21.0,55.7,217.6,0.128,0.296,0.912,Heavy rain reducing visibility and grip - reduced speed and longer buffer advised
EVT427515,2025-07-09 08:14:37,Local Market Day,J030,MG Road,4334,Weekday,False,Clear,False,0.0,False,False,0.883,Severe,13.1,73.1,498.8,0.253,0.585,0.926,Heavy congestion detected - signal timing extended and reroute suggested
EVT427516,2025-04-05 12:31:22,Concert,J030,MG Road,26826,Weekend,False,Clear,False,0.0,False,False,0.367,Moderate,27.7,23.2,157.4,0.123,0.285,0.956,Moderate traffic flow - standard adaptive signal timing in effect
EVT427517,2026-05-14 16:18:54,Sports Fixture,J020,Malleshwaram Circle,34406,Weekday,False,Clear,False,0.0,False,False,0.633,High,19.3,43.8,371.9,0.226,0.521,0.967,Moderate traffic flow - standard adaptive signal timing in effect
EVT427518,2025-06-10 22:41:29,Trade Fair,J031,Cubbon Road,8785,Weekday,False,Heavy Rain,True,32.4,False,False,0.568,High,20.4,40.9,173.5,0.106,0.245,0.902,Heavy rain reducing visibility and grip - reduced speed and longer buffer advised
EVT427519,2025-04-15 22:50:37,Fireworks Display,J020,Malleshwaram Circle,23389,Weekday,True,Clear,False,0.0,False,False,0.482,Moderate,23.4,43.1,180.8,0.108,0.249,0.927,Moderate traffic flow - standard adaptive signal timing in effect
EVT427520,2025-11-07 16:02:08,Trade Fair,J020,Malleshwaram Circle,4263,Weekday,False,Clear,False,0.0,False,False,0.47,Moderate,23.5,40.7,230.6,0.159,0.367,0.966,Moderate traffic flow - standard adaptive signal timing in effect
EVT427521,2025-06-07 18:17:48,Concert,J020,Malleshwaram Circle,9949,Weekend,False,Heavy Rain,True,45.1,False,False,1.0,Severe,7.6,69.8,542.5,0.167,0.385,0.871,Heavy rain reducing visibility and grip - reduced speed and longer buffer advised
EVT427522,2025-10-09 17:09:00,Local Market Day,J020,Malleshwaram Circle,2995,Weekday,False,Heavy Rain,True,26.9,False,False,0.996,Severe,7.5,68.1,510.7,0.174,0.403,0.866,Heavy rain reducing visibility and grip - reduced speed and longer buffer advised
EVT427523,2025-07-09 08:51:21,Concert,J030,MG Road,6333,Weekday,False,Clear,False,0.0,False,False,1.0,Severe,8.5,70.7,415.3,0.177,0.41,0.933,Heavy congestion detected - signal timing extended and reroute suggested
EVT427524,2025-09-30 15:27:11,Local Market Day,J023,Basavanagudi,3949,Weekday,False,Heavy Rain,True,35.7,False,False,0.667,High,20.3,50.0,244.5,0.155,0.358,0.931,Heavy rain reducing visibility and grip - reduced speed and longer buffer advised
EVT427525,2026-01-10 15:13:35,Sports Fixture,J030,MG Road,14183,Weekend,False,Fog,False,0.0,False,False,0.458,Moderate,33.9,32.4,170.0,0.146,0.337,0.983,Moderate traffic flow - standard adaptive signal timing in effect
EVT427526,2025-03-31 21:22:39,Religious Festival,J009,Majestic,42909,Weekday,True,Clear,False,0.0,False,True,0.965,Severe,9.9,106.0,446.8,0.187,0.433,0.855,Road closure for event/procession - full detour recommended for through-traffic
EVT427527,2025-07-13 15:00:52,Trade Fair,J023,Basavanagudi,16061,Weekend,False,Rain,True,15.5,False,False,0.54,Moderate,27.2,35.2,226.9,0.191,0.442,0.92,Light rain detected - minor speed reduction advised
EVT427528,2025-06-07 10:36:49,Sports Fixture,J031,Cubbon Road,34872,Weekend,False,Clear,False,0.0,False,False,0.737,High,14.6,53.8,243.5,0.138,0.319,0.975,Moderate traffic flow - standard adaptive signal timing in effect
EVT427529,2026-01-24 07:59:55,Local Market Day,J031,Cubbon Road,5168,Weekend,False,Clear,False,0.0,False,False,0.782,Severe,13.4,61.9,352.3,0.189,0.435,0.938,Heavy congestion detected - signal timing extended and reroute suggested
EVT427530,2026-02-16 14:33:20,Sports Fixture,J020,Malleshwaram Circle,50842,Weekday,False,Clear,False,0.0,False,False,0.463,Moderate,25.5,33.6,118.2,0.099,0.229,0.967,Moderate traffic flow - standard adaptive signal timing in effect
EVT427531,2025-01-02 22:00:23,Concert,J011,Indiranagar 100ft Road,7061,Weekday,False,Clear,False,0.0,False,False,0.269,Low,23.1,21.0,186.0,0.14,0.323,0.95,Moderate traffic flow - standard adaptive signal timing in effect
EVT427532,2025-10-21 20:44:28,Religious Festival,J009,Majestic,32026,Weekday,True,Clear,False,0.0,False,True,1.0,Severe,8.8,107.5,596.7,0.199,0.46,0.826,Road closure for event/procession - full detour recommended for through-traffic
EVT427533,2026-02-08 21:59:56,Concert,J031,Cubbon Road,8846,Weekend,False,Clear,False,0.0,False,False,0.32,Low,34.9,18.2,111.2,0.105,0.243,0.942,Moderate traffic flow - standard adaptive signal timing in effect
EVT427534,2026-02-15 15:34:19,Sports Fixture,J011,Indiranagar 100ft Road,25917,Weekend,False,Clear,False,0.0,False,False,0.522,Moderate,27.2,38.5,120.5,0.076,0.175,0.967,Moderate traffic flow - standard adaptive signal timing in effect
EVT427535,2025-11-16 18:07:02,Concert,J011,Indiranagar 100ft Road,8793,Weekend,False,Light Rain,True,1.2,False,False,0.955,Severe,9.4,63.0,536.5,0.201,0.464,0.861,Heavy rain reducing visibility and grip - reduced speed and longer buffer advised
EVT427536,2025-02-08 20:08:56,Sports Fixture,J011,Indiranagar 100ft Road,16818,Weekend,False,Clear,False,0.0,False,False,0.758,Severe,13.9,50.4,433.8,0.213,0.493,0.984,Heavy congestion detected - signal timing extended and reroute suggested
EVT427537,2025-12-11 15:24:22,Trade Fair,J012,Koramangala Sony World,14048,Weekday,False,Clear,False,0.0,False,False,0.317,Low,30.8,18.9,133.6,0.114,0.263,0.969,Moderate traffic flow - standard adaptive signal timing in effect
EVT427538,2025-03-24 22:45:44,Local Market Day,J009,Majestic,4791,Weekday,False,Fog,False,0.0,False,False,0.169,Low,29.7,11.0,149.6,0.103,0.238,0.969,Normal free-flow traffic - standard signal timing maintained
EVT427539,2026-02-21 22:24:51,Concert,J023,Basavanagudi,12063,Weekend,False,Clear,False,0.0,False,False,0.289,Low,28.1,22.0,168.6,0.14,0.324,0.94,Moderate traffic flow - standard adaptive signal timing in effect
EVT427540,2026-01-09 20:08:38,Sports Fixture,J011,Indiranagar 100ft Road,49047,Weekday,False,Clear,False,0.0,False,False,1.0,Severe,10.6,74.4,379.5,0.166,0.383,0.924,Heavy congestion detected - signal timing extended and reroute suggested
EVT427541,2025-12-05 05:58:51,Sports Fixture,J023,Basavanagudi,11238,Weekday,False,Clear,False,0.0,False,False,0.272,Low,29.5,24.1,178.7,0.136,0.314,0.952,Moderate traffic flow - standard adaptive signal timing in effect
EVT427542,2026-01-10 12:05:17,Local Market Day,J030,MG Road,7146,Weekend,False,Clear,False,0.0,False,False,0.297,Low,21.1,18.9,229.9,0.152,0.35,0.97,Moderate traffic flow - standard adaptive signal timing in effect
EVT427543,2025-01-04 17:57:39,Sports Fixture,J012,Koramangala Sony World,24489,Weekend,False,Clear,False,0.0,False,False,0.913,Severe,12.2,66.0,341.0,0.167,0.387,0.92,Heavy congestion detected - signal timing extended and reroute suggested
EVT427544,2025-04-26 00:18:05,Political Rally,J030,MG Road,9484,Weekend,False,Rain,True,14.7,False,False,0.482,Moderate,19.8,32.9,200.8,0.118,0.273,0.929,Light rain detected - minor speed reduction advised
EVT427545,2025-01-16 21:26:13,Local Market Day,J012,Koramangala Sony World,4054,Weekday,False,Clear,False,0.0,False,False,0.353,Moderate,34.2,22.6,128.4,0.115,0.265,0.983,Moderate traffic flow - standard adaptive signal timing in effect
EVT427546,2026-04-25 20:00:01,Concert,J031,Cubbon Road,20381,Weekend,False,Clear,False,0.0,False,False,0.694,High,16.3,45.4,288.8,0.161,0.371,0.978,Moderate traffic flow - standard adaptive signal timing in effect
EVT427547,2025-09-09 09:40:46,Sports Fixture,J031,Cubbon Road,31127,Weekday,False,Light Rain,True,5.2,False,False,1.0,Severe,8.4,75.5,505.7,0.197,0.454,0.86,Heavy rain reducing visibility and grip - reduced speed and longer buffer advised
EVT427548,2026-01-20 18:38:51,Sports Fixture,J009,Majestic,18334,Weekday,False,Clear,False,0.0,False,False,1.0,Severe,6.7,70.6,641.9,0.192,0.444,0.929,Heavy congestion detected - signal timing extended and reroute suggested
EVT427549,2026-04-27 14:13:44,Local Market Day,J040,City Market,3541,Weekday,False,Light Rain,True,1.6,False,False,0.187,Low,32.0,15.8,78.3,0.075,0.174,0.942,Light rain detected - minor speed reduction advised
EVT427550,2025-04-30 20:54:46,Sports Fixture,J020,Malleshwaram Circle,28041,Weekday,False,Clear,False,0.0,False,False,0.588,High,27.1,39.5,271.3,0.23,0.531,0.975,Moderate traffic flow - standard adaptive signal timing in effect
EVT427551,2025-04-05 13:56:35,Concert,J009,Majestic,15260,Weekend,False,Clear,False,0.0,False,False,0.339,Low,26.8,26.6,128.6,0.099,0.229,0.982,Moderate traffic flow - standard adaptive signal timing in effect
EVT427552,2025-03-31 17:34:30,Religious Festival,J012,Koramangala Sony World,44694,Weekday,True,Clear,False,0.0,False,False,1.0,Severe,8.9,69.7,692.3,0.232,0.536,0.89,Festival crowd surge detected - alternate route and extended cycle recommended
EVT427553,2025-08-15 08:24:31,Cultural Procession,J011,Indiranagar 100ft Road,11961,Weekday,True,Rain,True,19.2,False,True,1.0,Severe,8.1,101.5,646.4,0.227,0.523,0.775,Road closure for event/procession - full detour recommended for through-traffic
EVT427554,2026-05-26 11:49:32,Sports Fixture,J011,Indiranagar 100ft Road,22083,Weekday,False,Rain,True,11.0,False,False,0.504,Moderate,24.3,38.8,83.6,0.046,0.106,0.914,Light rain detected - minor speed reduction advised
EVT427555,2025-06-18 13:26:51,Trade Fair,J023,Basavanagudi,10111,Weekday,False,Heavy Rain,True,33.8,False,False,0.653,High,19.3,46.4,164.3,0.1,0.231,0.905,Heavy rain reducing visibility and grip - reduced speed and longer buffer advised
EVT427556,2026-03-23 06:59:23,Concert,J040,City Market,15213,Weekday,False,Clear,False,0.0,False,False,0.513,Moderate,25.0,39.9,256.0,0.187,0.432,0.967,Moderate traffic flow - standard adaptive signal timing in effect
EVT427557,2025-05-29 07:01:31,Concert,J011,Indiranagar 100ft Road,7047,Weekday,False,Clear,False,0.0,False,False,0.455,Moderate,28.1,34.4,184.6,0.139,0.321,0.948,Moderate traffic flow - standard adaptive signal timing in effect
EVT427558,2025-09-13 08:02:06,Political Rally,J030,MG Road,28173,Weekend,False,Fog,False,0.0,False,False,0.952,Severe,9.3,63.8,283.2,0.105,0.243,0.96,Heavy congestion detected - signal timing extended and reroute suggested
EVT427559,2025-03-29 14:02:15,Local Market Day,J040,City Market,4326,Weekend,False,Clear,False,0.0,False,False,0.191,Low,30.2,15.6,53.9,0.046,0.106,0.969,Normal free-flow traffic - standard signal timing maintained
EVT427560,2025-12-13 08:37:48,Local Market Day,J040,City Market,4382,Weekend,False,Clear,False,0.0,False,False,0.831,Severe,14.4,58.2,373.8,0.206,0.475,0.949,Heavy congestion detected - signal timing extended and reroute suggested
EVT427561,2026-01-08 12:16:29,Local Market Day,J023,Basavanagudi,2000,Weekday,False,Clear,False,0.0,False,False,0.236,Low,34.9,16.3,80.1,0.059,0.136,0.957,Normal free-flow traffic - standard signal timing maintained
EVT427562,2026-03-23 19:27:18,Concert,J023,Basavanagudi,16746,Weekday,False,Fog,False,0.0,False,False,0.922,Severe,11.4,62.9,265.4,0.09,0.207,0.934,Heavy congestion detected - signal timing extended and reroute suggested
EVT427563,2025-11-02 20:05:29,Cultural Procession,J012,Koramangala Sony World,16049,Weekend,True,Rain,True,9.0,False,True,1.0,Severe,8.1,105.3,363.6,0.137,0.316,0.815,Road closure for event/procession - full detour recommended for through-traffic
EVT427564,2026-04-13 21:51:32,Political Rally,J030,MG Road,20574,Weekday,False,Clear,False,0.0,False,False,0.371,Moderate,26.1,27.2,232.7,0.16,0.369,0.968,Moderate traffic flow - standard adaptive signal timing in effect
EVT427565,2025-12-11 21:45:30,Concert,J030,MG Road,11659,Weekday,False,Fog,False,0.0,False,False,0.266,Low,32.1,20.7,165.3,0.124,0.287,0.952,Moderate traffic flow - standard adaptive signal timing in effect
EVT427566,2026-04-27 21:12:27,Political Rally,J031,Cubbon Road,29001,Weekday,False,Clear,False,0.0,False,False,0.555,High,22.0,39.6,180.2,0.133,0.307,0.964,Moderate traffic flow - standard adaptive signal timing in effect
EVT427567,2026-05-15 06:01:57,Local Market Day,J012,Koramangala Sony World,5791,Weekday,False,Clear,False,0.0,False,False,0.222,Low,43.9,16.3,102.1,0.104,0.241,0.984,Normal free-flow traffic - standard signal timing maintained
EVT427568,2025-12-12 20:32:43,Sports Fixture,J012,Koramangala Sony World,21246,Weekday,False,Light Rain,True,0.9,False,False,0.699,High,17.5,49.1,296.1,0.165,0.381,0.931,Heavy rain reducing visibility and grip - reduced speed and longer buffer advised
EVT427569,2026-06-10 15:02:15,Local Market Day,J012,Koramangala Sony World,3604,Weekday,False,Clear,False,0.0,False,False,0.214,Low,42.6,15.7,87.8,0.111,0.257,0.963,Normal free-flow traffic - standard signal timing maintained
EVT427570,2025-11-18 14:26:08,Local Market Day,J009,Majestic,7998,Weekday,False,Rain,True,19.5,False,False,0.43,Moderate,25.8,30.7,121.9,0.08,0.185,0.943,Light rain detected - minor speed reduction advised
EVT427571,2025-12-01 19:41:49,Local Market Day,J040,City Market,6465,Weekday,False,Clear,False,0.0,False,False,0.956,Severe,9.9,66.9,696.1,0.282,0.652,0.921,Heavy congestion detected - signal timing extended and reroute suggested
EVT427572,2026-05-25 13:13:24,Sports Fixture,J020,Malleshwaram Circle,24454,Weekday,False,Rain,True,18.7,False,False,0.592,High,23.0,40.3,192.8,0.128,0.295,0.92,Heavy rain reducing visibility and grip - reduced speed and longer buffer advised
EVT427573,2025-03-11 06:54:52,Concert,J031,Cubbon Road,12047,Weekday,False,Clear,False,0.0,False,False,0.439,Moderate,27.4,37.2,292.0,0.221,0.512,0.99,Moderate traffic flow - standard adaptive signal timing in effect
EVT427574,2025-03-11 10:40:56,Trade Fair,J012,Koramangala Sony World,12215,Weekday,False,Clear,False,0.0,False,False,0.64,High,21.0,45.5,351.9,0.214,0.494,0.966,Moderate traffic flow - standard adaptive signal timing in effect
EVT427575,2025-05-10 14:41:22,Sports Fixture,J009,Majestic,17822,Weekend,False,Light Rain,True,4.6,False,False,0.501,Moderate,25.3,37.2,168.8,0.119,0.274,0.927,Light rain detected - minor speed reduction advised
EVT427576,2025-10-22 09:05:41,Fireworks Display,J012,Koramangala Sony World,25402,Weekday,True,Clear,False,0.0,False,False,1.0,Severe,6.8,73.7,750.2,0.211,0.488,0.877,Festival crowd surge detected - alternate route and extended cycle recommended
EVT427577,2025-11-26 22:16:21,Sports Fixture,J011,Indiranagar 100ft Road,19515,Weekday,False,Clear,False,0.0,False,False,0.327,Low,23.9,24.2,186.8,0.144,0.332,0.98,Moderate traffic flow - standard adaptive signal timing in effect
EVT427578,2025-05-28 19:28:17,Local Market Day,J031,Cubbon Road,6332,Weekday,False,Clear,False,0.0,False,False,0.898,Severe,11.0,58.3,690.2,0.292,0.673,0.931,Heavy congestion detected - signal timing extended and reroute suggested
EVT427579,2025-11-28 09:50:49,Local Market Day,J040,City Market,4979,Weekday,False,Light Rain,True,6.2,True,False,1.0,Severe,9.4,63.9,737.8,0.286,0.66,0.725,Accident detected nearby - reroute and reduced speed advised
EVT427580,2026-03-18 08:08:31,Concert,J030,MG Road,15840,Weekday,False,Clear,False,0.0,False,False,0.849,Severe,15.4,59.9,324.5,0.18,0.416,0.965,Heavy congestion detected - signal timing extended and reroute suggested
EVT427581,2025-01-09 18:27:44,Sports Fixture,J030,MG Road,14496,Weekday,False,Clear,False,0.0,False,False,1.0,Severe,7.3,71.8,416.0,0.146,0.337,0.92,Heavy congestion detected - signal timing extended and reroute suggested
EVT427582,2026-06-29 09:59:11,Concert,J020,Malleshwaram Circle,14694,Weekday,False,Light Rain,True,6.5,False,False,1.0,Severe,9.9,65.3,707.6,0.264,0.61,0.869,Heavy rain reducing visibility and grip - reduced speed and longer buffer advised
EVT427583,2025-09-07 14:22:21,Local Market Day,J012,Koramangala Sony World,2575,Weekend,False,Clear,False,0.0,False,False,0.233,Low,30.5,21.4,154.2,0.124,0.287,0.969,Normal free-flow traffic - standard signal timing maintained
EVT427584,2026-04-01 17:10:24,Sports Fixture,J012,Koramangala Sony World,24740,Weekday,False,Clear,False,0.0,False,False,0.896,Severe,12.2,67.1,376.5,0.145,0.335,0.957,Heavy congestion detected - signal timing extended and reroute suggested
EVT427585,2025-09-07 08:45:51,Political Rally,J012,Koramangala Sony World,10984,Weekend,False,Clear,False,0.0,False,False,0.851,Severe,12.3,62.1,247.0,0.113,0.261,0.956,Heavy congestion detected - signal timing extended and reroute suggested
EVT427586,2025-06-14 10:28:47,Local Market Day,J012,Koramangala Sony World,4111,Weekend,False,Clear,False,0.0,False,False,0.57,High,22.9,39.4,166.8,0.121,0.28,0.936,Moderate traffic flow - standard adaptive signal timing in effect
EVT427587,2025-09-14 12:14:30,Trade Fair,J031,Cubbon Road,7639,Weekend,False,Clear,False,0.0,False,False,0.304,Low,32.1,22.6,143.1,0.126,0.292,0.939,Moderate traffic flow - standard adaptive signal timing in effect
EVT427588,2026-05-25 17:13:12,Political Rally,J012,Koramangala Sony World,17710,Weekday,False,Clear,False,0.0,False,False,0.835,Severe,15.6,59.5,415.1,0.224,0.518,0.94,Heavy congestion detected - signal timing extended and reroute suggested
EVT427589,2025-05-23 17:40:24,Local Market Day,J020,Malleshwaram Circle,4378,Weekday,False,Clear,False,0.0,False,False,0.963,Severe,9.5,63.4,344.3,0.145,0.336,0.933,Heavy congestion detected - signal timing extended and reroute suggested
EVT427590,2026-06-07 11:00:00,Local Market Day,J023,Basavanagudi,2401,Weekend,False,Clear,False,0.0,False,False,0.48,Moderate,22.9,35.4,173.7,0.112,0.259,0.99,Moderate traffic flow - standard adaptive signal timing in effect
EVT427591,2025-08-28 08:35:46,Cultural Procession,J040,City Market,16805,Weekday,True,Clear,False,0.0,False,True,1.0,Severe,8.0,102.1,561.1,0.192,0.443,0.839,Road closure for event/procession - full detour recommended for through-traffic
EVT427592,2025-08-28 15:46:39,Cultural Procession,J009,Majestic,13241,Weekday,True,Rain,True,10.0,False,True,0.843,High,12.8,78.2,300.7,0.142,0.327,0.813,Road closure for event/procession - full detour recommended for through-traffic
EVT427593,2026-05-18 07:03:06,Local Market Day,J023,Basavanagudi,3979,Weekday,False,Rain,True,9.9,False,False,0.605,High,23.1,46.2,205.4,0.165,0.381,0.933,Heavy rain reducing visibility and grip - reduced speed and longer buffer advised
EVT427594,2025-02-27 21:58:15,Concert,J031,Cubbon Road,15184,Weekday,False,Clear,False,0.0,False,False,0.387,Moderate,26.9,27.1,188.8,0.125,0.289,0.978,Moderate traffic flow - standard adaptive signal timing in effect
EVT427595,2025-10-06 08:40:04,Local Market Day,J012,Koramangala Sony World,4000,Weekday,False,Clear,False,0.0,False,False,1.0,Severe,7.1,71.8,842.0,0.252,0.582,0.927,Heavy congestion detected - signal timing extended and reroute suggested
EVT427596,2025-05-14 06:07:39,Local Market Day,J040,City Market,4261,Weekday,False,Clear,False,0.0,False,False,0.27,Low,30.5,16.3,113.8,0.079,0.183,0.972,Moderate traffic flow - standard adaptive signal timing in effect
EVT427597,2025-12-31 06:51:26,Sports Fixture,J040,City Market,30307,Weekday,False,Clear,False,0.0,False,False,0.564,High,25.3,38.3,131.3,0.094,0.218,0.968,Moderate traffic flow - standard adaptive signal timing in effect
EVT427598,2026-01-14 06:57:32,Religious Festival,J009,Majestic,46853,Weekday,True,Clear,False,0.0,False,True,1.0,Severe,6.3,100.0,797.0,0.201,0.463,0.836,Road closure for event/procession - full detour recommended for through-traffic
EVT427599,2025-01-03 06:06:03,Trade Fair,J023,Basavanagudi,9628,Weekday,False,Clear,False,0.0,False,False,0.323,Low,26.2,28.9,97.3,0.07,0.161,0.965,Moderate traffic flow - standard adaptive signal timing in effect
EVT427600,2025-01-03 11:27:04,Trade Fair,J012,Koramangala Sony World,7196,Weekday,False,Clear,False,0.0,False,False,0.363,Moderate,30.6,29.2,242.3,0.213,0.492,0.988,Moderate traffic flow - standard adaptive signal timing in effect
EVT427601,2025-10-08 18:05:56,Sports Fixture,J023,Basavanagudi,11391,Weekday,False,Clear,False,0.0,False,False,1.0,Severe,9.1,72.6,440.6,0.173,0.401,0.916,Heavy congestion detected - signal timing extended and reroute suggested
EVT427602,2026-03-13 17:50:08,Sports Fixture,J030,MG Road,20041,Weekday,False,Clear,False,0.0,False,False,1.0,Severe,8.7,69.7,623.8,0.23,0.531,0.905,Heavy congestion detected - signal timing extended and reroute suggested
EVT427603,2026-03-07 16:14:10,Local Market Day,J012,Koramangala Sony World,4178,Weekend,False,Fog,False,0.0,False,False,0.444,Moderate,29.3,37.7,197.3,0.161,0.372,0.96,Moderate traffic flow - standard adaptive signal timing in effect
EVT427604,2025-06-15 03:12:09,Concert,J030,MG Road,16638,Weekend,False,Clear,False,0.0,False,False,0.202,Low,39.1,17.7,63.5,0.048,0.112,0.963,Normal free-flow traffic - standard signal timing maintained
EVT427605,2026-06-21 11:11:11,Political Rally,J009,Majestic,19253,Weekend,False,Clear,False,0.0,False,False,0.511,Moderate,26.7,36.3,119.3,0.081,0.188,0.981,Moderate traffic flow - standard adaptive signal timing in effect
EVT427606,2026-04-23 20:28:54,Concert,J031,Cubbon Road,12223,Weekday,False,Rain,True,9.6,False,False,0.729,High,21.2,53.3,355.3,0.261,0.604,0.909,Heavy rain reducing visibility and grip - reduced speed and longer buffer advised
EVT427607,2025-07-26 18:48:41,Local Market Day,J023,Basavanagudi,4542,Weekend,False,Clear,False,0.0,False,False,0.847,Severe,13.6,64.5,326.7,0.159,0.366,0.954,Heavy congestion detected - signal timing extended and reroute suggested
EVT427608,2025-04-27 08:14:23,Concert,J011,Indiranagar 100ft Road,10010,Weekend,False,Clear,False,0.0,False,False,0.793,Severe,19.6,55.1,237.0,0.164,0.379,0.952,Heavy congestion detected - signal timing extended and reroute suggested
EVT427609,2025-08-14 19:49:30,Concert,J031,Cubbon Road,12464,Weekday,False,Rain,True,24.6,False,False,1.0,Severe,8.1,70.5,681.5,0.241,0.557,0.862,Heavy rain reducing visibility and grip - reduced speed and longer buffer advised
EVT427610,2025-01-18 07:59:30,Trade Fair,J023,Basavanagudi,13447,Weekend,False,Clear,False,0.0,False,False,0.762,Severe,15.9,52.3,232.4,0.116,0.267,0.963,Heavy congestion detected - signal timing extended and reroute suggested
EVT427611,2026-06-10 15:21:53,Trade Fair,J023,Basavanagudi,5506,Weekday,False,Heavy Rain,True,52.0,False,False,0.693,High,17.6,56.3,267.0,0.165,0.38,0.9,Heavy rain reducing visibility and grip - reduced speed and longer buffer advised
EVT427612,2026-02-20 21:41:38,Local Market Day,J040,City Market,4828,Weekday,False,Clear,False,0.0,False,False,0.32,Low,29.4,20.6,114.2,0.087,0.201,0.975,Moderate traffic flow - standard adaptive signal timing in effect
EVT427613,2025-10-13 19:30:19,Trade Fair,J030,MG Road,7286,Weekday,False,Rain,True,16.3,False,False,1.0,Severe,8.6,73.6,465.3,0.16,0.37,0.847,Heavy rain reducing visibility and grip - reduced speed and longer buffer advised
EVT427614,2025-01-04 14:45:20,Political Rally,J020,Malleshwaram Circle,16174,Weekend,False,Clear,False,0.0,False,False,0.34,Low,30.8,25.8,227.1,0.183,0.424,0.955,Moderate traffic flow - standard adaptive signal timing in effect
EVT427615,2026-05-04 05:50:16,Local Market Day,J009,Majestic,3721,Weekday,False,Clear,False,0.0,False,False,0.238,Low,27.7,21.4,190.0,0.127,0.293,0.979,Normal free-flow traffic - standard signal timing maintained
EVT427616,2025-04-21 15:36:10,Concert,J040,City Market,9829,Weekday,False,Clear,False,0.0,False,False,0.332,Low,30.6,18.7,128.3,0.102,0.235,0.98,Moderate traffic flow - standard adaptive signal timing in effect
EVT427617,2025-08-15 13:11:23,Religious Festival,J009,Majestic,66892,Weekday,True,Heavy Rain,True,128.7,False,True,1.0,Severe,8.0,101.7,540.2,0.194,0.447,0.82,Road closure for event/procession - full detour recommended for through-traffic
EVT427618,2026-05-26 19:52:24,Political Rally,J023,Basavanagudi,11114,Weekday,False,Clear,False,0.0,False,False,0.782,Severe,13.5,54.8,315.7,0.142,0.328,0.971,Heavy congestion detected - signal timing extended and reroute suggested
EVT427619,2026-04-07 20:16:31,Concert,J023,Basavanagudi,16484,Weekday,False,Clear,False,0.0,False,False,0.774,Severe,14.9,52.5,336.4,0.165,0.381,0.97,Heavy congestion detected - signal timing extended and reroute suggested
EVT427620,2026-06-07 20:53:05,Political Rally,J009,Majestic,35790,Weekend,False,Heavy Rain,True,39.5,False,False,1.0,Severe,9.4,68.2,360.8,0.151,0.348,0.854,Heavy rain reducing visibility and grip - reduced speed and longer buffer advised
EVT427621,2026-04-14 19:58:27,Religious Festival,J020,Malleshwaram Circle,35268,Weekday,True,Clear,False,0.0,False,False,1.0,Severe,8.4,71.7,828.2,0.263,0.607,0.877,Festival crowd surge detected - alternate route and extended cycle recommended
EVT427622,2025-12-12 06:54:53,Concert,J012,Koramangala Sony World,9628,Weekday,False,Clear,False,0.0,False,False,0.476,Moderate,30.0,34.6,187.4,0.151,0.35,0.952,Moderate traffic flow - standard adaptive signal timing in effect
EVT427623,2025-07-06 18:58:09,Concert,J031,Cubbon Road,13951,Weekend,False,Clear,False,0.0,False,False,0.904,Severe,14.1,66.3,452.2,0.219,0.506,0.916,Heavy congestion detected - signal timing extended and reroute suggested
EVT427624,2025-09-07 16:22:23,Local Market Day,J011,Indiranagar 100ft Road,5378,Weekend,False,Clear,False,0.0,False,False,0.546,Moderate,20.3,36.2,280.9,0.168,0.387,0.96,Moderate traffic flow - standard adaptive signal timing in effect
EVT427625,2025-01-19 15:13:20,Political Rally,J020,Malleshwaram Circle,28583,Weekend,False,Clear,False,0.0,False,False,0.54,Moderate,23.4,37.2,195.4,0.144,0.332,0.962,Moderate traffic flow - standard adaptive signal timing in effect
EVT427626,2025-10-27 16:57:11,Trade Fair,J040,City Market,6348,Weekday,False,Rain,True,11.0,False,False,0.931,Severe,11.0,64.1,251.3,0.118,0.273,0.885,Heavy rain reducing visibility and grip - reduced speed and longer buffer advised
EVT427627,2025-08-17 08:09:41,Sports Fixture,J030,MG Road,19318,Weekend,False,Rain,True,21.8,False,False,1.0,Severe,9.2,71.1,327.6,0.119,0.275,0.851,Heavy rain reducing visibility and grip - reduced speed and longer buffer advised
EVT427628,2025-07-19 19:02:03,Sports Fixture,J023,Basavanagudi,47190,Weekend,False,Clear,False,0.0,False,False,1.0,Severe,8.9,71.0,494.1,0.183,0.422,0.92,Heavy congestion detected - signal timing extended and reroute suggested
EVT427629,2026-01-31 09:32:32,Local Market Day,J031,Cubbon Road,4012,Weekend,False,Clear,False,0.0,False,False,0.849,Severe,13.1,60.6,364.0,0.176,0.407,0.982,Heavy congestion detected - signal timing extended and reroute suggested
EVT427630,2025-03-03 11:17:42,Concert,J009,Majestic,14876,Weekday,False,Clear,False,0.0,False,False,0.428,Moderate,26.3,36.0,147.6,0.127,0.293,0.941,Moderate traffic flow - standard adaptive signal timing in effect
EVT427631,2025-09-30 15:33:46,Sports Fixture,J031,Cubbon Road,28786,Weekday,False,Clear,False,0.0,False,False,0.475,Moderate,31.5,29.2,161.0,0.158,0.366,0.981,Moderate traffic flow - standard adaptive signal timing in effect
EVT427632,2026-06-13 18:19:22,Trade Fair,J020,Malleshwaram Circle,12374,Weekend,False,Heavy Rain,True,56.2,False,False,1.0,Severe,8.8,65.5,652.0,0.201,0.465,0.885,Heavy rain reducing visibility and grip - reduced speed and longer buffer advised
EVT427633,2026-01-03 18:20:48,Trade Fair,J040,City Market,7856,Weekend,False,Clear,False,0.0,False,False,0.886,Severe,10.6,63.2,656.7,0.262,0.605,0.944,Heavy congestion detected - signal timing extended and reroute suggested
EVT427634,2026-06-05 19:34:07,Trade Fair,J040,City Market,9711,Weekday,False,Heavy Rain,True,37.4,False,False,1.0,Severe,8.5,70.4,347.4,0.132,0.304,0.86,Heavy rain reducing visibility and grip - reduced speed and longer buffer advised
EVT427635,2025-12-13 12:32:51,Local Market Day,J023,Basavanagudi,8588,Weekend,False,Fog,False,0.0,False,False,0.324,Low,35.4,24.3,213.4,0.192,0.444,0.964,Moderate traffic flow - standard adaptive signal timing in effect
EVT427636,2025-06-30 18:10:05,Concert,J011,Indiranagar 100ft Road,11007,Weekday,False,Clear,False,0.0,False,False,1.0,Severe,7.3,68.2,542.5,0.166,0.384,0.921,Heavy congestion detected - signal timing extended and reroute suggested
EVT427637,2025-11-22 11:44:50,Sports Fixture,J011,Indiranagar 100ft Road,24176,Weekend,False,Clear,False,0.0,False,False,0.419,Moderate,29.6,33.2,203.8,0.183,0.423,0.99,Moderate traffic flow - standard adaptive signal timing in effect
EVT427638,2025-07-07 08:25:42,Concert,J009,Majestic,10410,Weekday,False,Clear,False,0.0,False,False,1.0,Severe,11.2,71.4,527.9,0.232,0.536,0.915,Heavy congestion detected - signal timing extended and reroute suggested
EVT427639,2026-02-04 12:12:36,Local Market Day,J023,Basavanagudi,3694,Weekday,False,Clear,False,0.0,False,False,0.238,Low,26.5,13.9,260.4,0.172,0.397,0.969,Normal free-flow traffic - standard signal timing maintained
EVT427640,2025-02-02 11:03:17,Local Market Day,J023,Basavanagudi,10923,Weekend,False,Clear,False,0.0,False,False,0.454,Moderate,28.6,32.8,136.8,0.115,0.266,0.964,Moderate traffic flow - standard adaptive signal timing in effect
EVT427641,2026-06-17 17:16:31,Sports Fixture,J009,Majestic,23285,Weekday,False,Clear,False,0.0,False,False,0.97,Severe,11.1,66.9,166.8,0.086,0.198,0.901,Heavy congestion detected - signal timing extended and reroute suggested
EVT427642,2026-03-24 03:21:22,Local Market Day,J023,Basavanagudi,12876,Weekday,False,Clear,False,0.0,False,False,0.308,Low,29.4,25.9,112.6,0.086,0.199,0.975,Moderate traffic flow - standard adaptive signal timing in effect
EVT427643,2025-06-19 14:44:22,Sports Fixture,J031,Cubbon Road,13512,Weekday,False,Heavy Rain,True,62.4,False,False,0.652,High,18.5,44.8,349.1,0.223,0.516,0.927,Heavy rain reducing visibility and grip - reduced speed and longer buffer advised
EVT427644,2025-08-13 11:24:09,Local Market Day,J020,Malleshwaram Circle,3306,Weekday,False,Clear,False,0.0,False,False,0.295,Low,26.3,27.1,213.5,0.154,0.356,0.925,Moderate traffic flow - standard adaptive signal timing in effect
EVT427645,2025-04-13 18:14:53,Local Market Day,J030,MG Road,4970,Weekend,False,Clear,False,0.0,False,False,0.88,Severe,13.6,61.3,299.8,0.158,0.366,0.943,Heavy congestion detected - signal timing extended and reroute suggested
EVT427646,2026-03-26 09:15:22,Cultural Procession,J023,Basavanagudi,27765,Weekday,True,Clear,False,0.0,False,True,1.0,Severe,7.8,93.1,618.3,0.223,0.516,0.862,Road closure for event/procession - full detour recommended for through-traffic
EVT427647,2025-08-01 14:46:11,Sports Fixture,J012,Koramangala Sony World,20810,Weekday,False,Clear,False,0.0,False,False,0.326,Low,30.3,19.6,215.9,0.19,0.438,0.99,Moderate traffic flow - standard adaptive signal timing in effect
EVT427648,2025-01-17 09:37:42,Local Market Day,J009,Majestic,4358,Weekday,False,Clear,False,0.0,False,False,0.917,Severe,11.5,61.2,281.5,0.125,0.288,0.945,Heavy congestion detected - signal timing extended and reroute suggested
EVT427649,2025-04-01 21:17:55,Political Rally,J040,City Market,16997,Weekday,False,Light Rain,True,4.3,False,False,0.508,Moderate,27.6,33.7,109.9,0.111,0.257,0.932,Light rain detected - minor speed reduction advised
EVT427650,2026-06-10 15:01:27,Sports Fixture,J030,MG Road,32270,Weekday,False,Clear,False,0.0,False,False,0.46,Moderate,23.3,26.7,218.9,0.16,0.37,0.957,Moderate traffic flow - standard adaptive signal timing in effect
EVT427651,2025-02-13 10:42:14,Sports Fixture,J009,Majestic,29533,Weekday,False,Fog,False,0.0,False,False,0.688,High,18.8,47.5,123.8,0.079,0.182,0.963,Moderate traffic flow - standard adaptive signal timing in effect
EVT427652,2025-11-23 16:17:20,Concert,J020,Malleshwaram Circle,13211,Weekend,False,Clear,False,0.0,False,False,0.561,High,23.7,38.8,281.8,0.2,0.461,0.972,Moderate traffic flow - standard adaptive signal timing in effect
EVT427653,2026-02-16 12:05:51,Sports Fixture,J009,Majestic,24119,Weekday,False,Clear,False,0.0,False,False,0.332,Low,31.4,18.5,186.1,0.158,0.366,0.974,Moderate traffic flow - standard adaptive signal timing in effect
EVT427654,2026-02-26 06:22:21,Concert,J023,Basavanagudi,15803,Weekday,False,Clear,False,0.0,False,False,0.313,Low,36.1,20.4,53.0,0.039,0.09,0.941,Moderate traffic flow - standard adaptive signal timing in effect
EVT427655,2026-01-21 16:01:53,Local Market Day,J040,City Market,4700,Weekday,False,Clear,False,0.0,False,False,0.503,Moderate,28.6,37.5,203.7,0.172,0.397,0.957,Moderate traffic flow - standard adaptive signal timing in effect
EVT427656,2026-01-24 17:31:49,Trade Fair,J030,MG Road,6668,Weekend,False,Clear,False,0.0,False,False,0.775,Severe,17.9,58.3,365.2,0.201,0.464,0.939,Heavy congestion detected - signal timing extended and reroute suggested
EVT427657,2026-02-03 20:01:47,Sports Fixture,J040,City Market,23876,Weekday,False,Fog,False,0.0,False,False,0.909,Severe,12.4,60.1,530.9,0.244,0.564,0.929,Heavy congestion detected - signal timing extended and reroute suggested
EVT427658,2026-01-24 07:33:54,Political Rally,J040,City Market,15519,Weekend,False,Clear,False,0.0,False,False,0.715,High,20.5,51.4,341.7,0.239,0.552,0.973,Moderate traffic flow - standard adaptive signal timing in effect
EVT427659,2025-01-18 17:05:53,Sports Fixture,J040,City Market,28677,Weekend,False,Clear,False,0.0,False,False,0.787,Severe,19.2,62.2,335.9,0.224,0.517,0.97,Heavy congestion detected - signal timing extended and reroute suggested
EVT427660,2025-04-25 22:23:09,Political Rally,J011,Indiranagar 100ft Road,12136,Weekday,False,Clear,False,0.0,False,False,0.228,Low,34.0,20.2,134.9,0.12,0.278,0.958,Normal free-flow traffic - standard signal timing maintained
EVT427661,2026-06-17 12:31:51,Sports Fixture,J031,Cubbon Road,13159,Weekday,False,Heavy Rain,True,35.0,False,False,0.563,High,22.4,36.5,300.5,0.24,0.556,0.901,Heavy rain reducing visibility and grip - reduced speed and longer buffer advised
EVT427662,2025-06-11 14:46:17,Sports Fixture,J023,Basavanagudi,17103,Weekday,False,Rain,True,16.7,False,False,0.413,Moderate,27.5,34.7,169.0,0.126,0.29,0.912,Light rain detected - minor speed reduction advised
EVT427663,2025-09-06 09:00:20,Fireworks Display,J011,Indiranagar 100ft Road,17876,Weekend,True,Heavy Rain,True,30.3,False,False,1.0,Severe,6.9,68.4,516.9,0.148,0.342,0.81,Festival crowd surge detected - alternate route and extended cycle recommended
EVT427664,2025-04-26 19:31:14,Concert,J031,Cubbon Road,17159,Weekend,False,Clear,False,0.0,False,False,0.871,Severe,15.4,70.1,411.6,0.227,0.525,0.95,Heavy congestion detected - signal timing extended and reroute suggested
EVT427665,2025-04-26 18:15:43,Trade Fair,J023,Basavanagudi,5312,Weekend,False,Clear,False,0.0,False,False,0.893,Severe,13.8,69.5,300.5,0.162,0.375,0.943,Heavy congestion detected - signal timing extended and reroute suggested
EVT427666,2025-04-03 15:17:42,Sports Fixture,J011,Indiranagar 100ft Road,29360,Weekday,False,Clear,False,0.0,False,False,0.447,Moderate,29.9,27.4,133.3,0.121,0.279,0.976,Moderate traffic flow - standard adaptive signal timing in effect
EVT427667,2025-02-14 14:15:58,Political Rally,J030,MG Road,21030,Weekday,False,Clear,False,0.0,False,False,0.321,Low,32.5,16.1,129.0,0.125,0.288,0.971,Moderate traffic flow - standard adaptive signal timing in effect
EVT427668,2025-07-12 07:42:37,Local Market Day,J009,Majestic,4815,Weekend,False,Rain,True,10.5,False,False,0.781,Severe,18.5,58.8,206.1,0.137,0.317,0.935,Heavy rain reducing visibility and grip - reduced speed and longer buffer advised
EVT427669,2025-10-04 15:32:07,Local Market Day,J012,Koramangala Sony World,9213,Weekend,False,Clear,False,0.0,False,False,0.39,Moderate,16.2,21.4,264.9,0.131,0.302,0.971,Moderate traffic flow - standard adaptive signal timing in effect
EVT427670,2025-08-29 20:05:41,Concert,J031,Cubbon Road,10511,Weekday,False,Clear,False,0.0,False,False,0.715,High,17.6,53.8,234.2,0.142,0.329,0.982,Moderate traffic flow - standard adaptive signal timing in effect
EVT427671,2026-04-01 19:12:07,Concert,J040,City Market,10591,Weekday,False,Fog,False,0.0,False,False,0.872,Severe,12.4,59.0,375.1,0.186,0.43,0.968,Heavy congestion detected - signal timing extended and reroute suggested
EVT427672,2026-04-27 18:00:41,Local Market Day,J023,Basavanagudi,2127,Weekday,False,Clear,False,0.0,False,False,0.985,Severe,8.6,72.7,578.8,0.205,0.474,0.916,Heavy congestion detected - signal timing extended and reroute suggested
EVT427673,2025-10-25 16:25:35,Trade Fair,J040,City Market,11630,Weekend,False,Rain,True,18.5,False,False,0.76,Severe,19.8,58.4,199.5,0.131,0.303,0.893,Heavy rain reducing visibility and grip - reduced speed and longer buffer advised
EVT427674,2026-03-03 09:33:45,Trade Fair,J009,Majestic,7619,Weekday,False,Clear,False,0.0,False,False,0.967,Severe,9.3,65.8,517.1,0.194,0.447,0.911,Heavy congestion detected - signal timing extended and reroute suggested
EVT427675,2026-01-29 17:09:32,Sports Fixture,J031,Cubbon Road,22830,Weekday,False,Clear,False,0.0,False,False,0.925,Severe,11.0,62.0,424.7,0.182,0.42,0.94,Heavy congestion detected - signal timing extended and reroute suggested
EVT427676,2025-08-16 06:06:09,Religious Festival,J020,Malleshwaram Circle,41533,Weekend,True,Clear,False,0.0,False,False,0.794,Severe,13.1,58.1,313.4,0.164,0.379,0.926,Festival crowd surge detected - alternate route and extended cycle recommended
EVT427677,2025-05-14 17:33:17,Sports Fixture,J030,MG Road,29363,Weekday,False,Clear,False,0.0,False,False,1.0,Severe,8.6,66.4,678.4,0.242,0.56,0.926,Heavy congestion detected - signal timing extended and reroute suggested
EVT427678,2025-12-24 18:00:36,Concert,J009,Majestic,18183,Weekday,False,Clear,False,0.0,False,False,1.0,Severe,7.4,68.3,949.5,0.296,0.683,0.92,Heavy congestion detected - signal timing extended and reroute suggested
EVT427679,2026-02-11 12:57:49,Local Market Day,J031,Cubbon Road,5992,Weekday,False,Clear,False,0.0,False,False,0.191,Low,28.6,11.0,117.3,0.083,0.192,0.954,Normal free-flow traffic - standard signal timing maintained
EVT427680,2025-03-23 00:50:53,Local Market Day,J012,Koramangala Sony World,4212,Weekend,False,Clear,False,0.0,False,False,0.178,Low,37.4,13.9,169.3,0.182,0.421,0.973,Normal free-flow traffic - standard signal timing maintained
EVT427681,2025-11-08 10:55:33,Local Market Day,J040,City Market,3327,Weekend,False,Fog,False,0.0,False,False,0.506,Moderate,24.7,42.5,233.1,0.181,0.419,0.967,Moderate traffic flow - standard adaptive signal timing in effect
EVT427682,2025-05-28 20:21:55,Concert,J031,Cubbon Road,14959,Weekday,False,Clear,False,0.0,False,False,0.723,High,17.5,56.0,365.0,0.221,0.51,0.99,Moderate traffic flow - standard adaptive signal timing in effect
EVT427683,2025-11-30 09:52:22,Sports Fixture,J030,MG Road,14746,Weekend,False,Light Rain,True,5.7,False,False,0.889,Severe,10.6,66.5,392.1,0.145,0.334,0.872,Heavy rain reducing visibility and grip - reduced speed and longer buffer advised
EVT427684,2025-03-11 16:00:14,Sports Fixture,J012,Koramangala Sony World,13971,Weekday,False,Clear,False,0.0,False,False,0.493,Moderate,21.2,42.6,348.7,0.214,0.495,0.974,Moderate traffic flow - standard adaptive signal timing in effect
EVT427685,2025-01-13 10:43:03,Sports Fixture,J040,City Market,11845,Weekday,False,Clear,False,0.0,False,False,0.616,High,23.6,47.0,292.3,0.197,0.454,0.98,Moderate traffic flow - standard adaptive signal timing in effect
EVT427686,2025-03-11 09:46:16,Trade Fair,J040,City Market,10523,Weekday,False,Clear,False,0.0,False,False,0.875,Severe,10.9,59.5,421.6,0.175,0.404,0.911,Heavy congestion detected - signal timing extended and reroute suggested
EVT427687,2025-12-09 20:29:01,Trade Fair,J020,Malleshwaram Circle,10109,Weekday,False,Clear,False,0.0,False,False,0.617,High,22.4,40.5,280.5,0.192,0.443,0.963,Moderate traffic flow - standard adaptive signal timing in effect
EVT427688,2025-03-24 09:06:24,Local Market Day,J023,Basavanagudi,2685,Weekday,False,Clear,False,0.0,False,False,1.0,Severe,10.0,68.1,494.6,0.208,0.481,0.919,Heavy congestion detected - signal timing extended and reroute suggested
EVT427689,2025-01-12 17:01:37,Trade Fair,J012,Koramangala Sony World,11032,Weekend,False,Clear,False,0.0,False,False,0.8,Severe,11.2,54.5,324.0,0.152,0.352,0.931,Heavy congestion detected - signal timing extended and reroute suggested
EVT427690,2025-03-04 17:56:18,Sports Fixture,J012,Koramangala Sony World,22882,Weekday,False,Clear,False,0.0,False,False,1.0,Severe,8.4,76.0,588.7,0.215,0.498,0.912,Heavy congestion detected - signal timing extended and reroute suggested
EVT427691,2025-03-04 13:49:53,Local Market Day,J012,Koramangala Sony World,3107,Weekday,False,Clear,False,0.0,False,False,0.227,Low,34.2,18.6,163.5,0.145,0.334,0.943,Normal free-flow traffic - standard signal timing maintained
EVT427692,2025-04-04 14:46:01,Local Market Day,J023,Basavanagudi,3158,Weekday,False,Clear,False,0.0,False,False,0.256,Low,33.7,22.5,172.2,0.151,0.35,0.949,Moderate traffic flow - standard adaptive signal timing in effect
EVT427693,2025-09-27 08:15:33,Sports Fixture,J009,Majestic,18663,Weekend,False,Heavy Rain,True,51.7,False,False,1.0,Severe,8.1,66.2,463.9,0.141,0.327,0.837,Heavy rain reducing visibility and grip - reduced speed and longer buffer advised
EVT427694,2025-06-06 13:11:07,Concert,J011,Indiranagar 100ft Road,14104,Weekday,False,Clear,False,0.0,False,False,0.308,Low,23.9,24.8,178.5,0.117,0.271,0.957,Moderate traffic flow - standard adaptive signal timing in effect
EVT427695,2026-05-26 12:49:03,Concert,J011,Indiranagar 100ft Road,8488,Weekday,False,Clear,False,0.0,False,False,0.322,Low,32.8,23.1,90.4,0.086,0.199,0.963,Moderate traffic flow - standard adaptive signal timing in effect
EVT427696,2026-02-12 19:30:06,Trade Fair,J031,Cubbon Road,8599,Weekday,False,Clear,False,0.0,False,False,0.818,Severe,16.1,55.9,508.7,0.267,0.616,0.977,Heavy congestion detected - signal timing extended and reroute suggested
EVT427697,2026-02-10 09:28:42,Sports Fixture,J012,Koramangala Sony World,32520,Weekday,False,Fog,False,0.0,False,False,1.0,Severe,8.8,74.1,512.5,0.185,0.428,0.933,Heavy congestion detected - signal timing extended and reroute suggested
EVT427698,2025-08-11 16:37:45,Concert,J031,Cubbon Road,12053,Weekday,False,Clear,False,0.0,False,False,0.663,High,18.3,46.1,214.0,0.131,0.302,0.968,Moderate traffic flow - standard adaptive signal timing in effect
EVT427699,2025-06-19 16:17:49,Local Market Day,J020,Malleshwaram Circle,4039,Weekday,False,Clear,False,0.0,False,False,0.571,High,18.9,45.6,306.0,0.184,0.426,0.966,Moderate traffic flow - standard adaptive signal timing in effect
EVT427700,2025-10-25 14:56:59,Political Rally,J020,Malleshwaram Circle,14605,Weekend,False,Heavy Rain,True,29.0,False,False,0.724,High,15.8,59.8,318.3,0.159,0.368,0.922,Heavy rain reducing visibility and grip - reduced speed and longer buffer advised
EVT427701,2025-02-03 20:30:57,Local Market Day,J031,Cubbon Road,5518,Weekday,False,Clear,False,0.0,False,False,0.482,Moderate,28.3,36.4,326.4,0.257,0.593,0.99,Moderate traffic flow - standard adaptive signal timing in effect
EVT427702,2025-10-23 21:10:39,Trade Fair,J030,MG Road,8669,Weekday,False,Clear,False,0.0,False,False,0.405,Moderate,25.1,33.7,255.6,0.175,0.404,0.974,Moderate traffic flow - standard adaptive signal timing in effect
EVT427703,2026-04-04 19:30:41,Local Market Day,J023,Basavanagudi,4860,Weekend,False,Clear,False,0.0,False,False,0.782,Severe,15.6,58.1,494.5,0.263,0.607,0.943,Heavy congestion detected - signal timing extended and reroute suggested
EVT427704,2026-04-28 21:39:34,Concert,J011,Indiranagar 100ft Road,8710,Weekday,False,Clear,False,0.0,False,False,0.256,Low,28.9,20.9,158.1,0.147,0.34,0.959,Moderate traffic flow - standard adaptive signal timing in effect
EVT427705,2025-10-14 09:34:49,Sports Fixture,J012,Koramangala Sony World,29645,Weekday,False,Rain,True,21.6,False,False,1.0,Severe,9.0,71.2,677.0,0.264,0.611,0.874,Heavy rain reducing visibility and grip - reduced speed and longer buffer advised
EVT427706,2026-05-31 05:34:23,Concert,J009,Majestic,25537,Weekend,False,Clear,False,0.0,True,False,0.751,Severe,18.9,50.9,258.5,0.153,0.354,0.812,Accident detected nearby - reroute and reduced speed advised
EVT427707,2026-05-04 06:08:37,Concert,J031,Cubbon Road,11033,Weekday,False,Clear,False,0.0,False,False,0.252,Low,39.6,10.8,81.3,0.093,0.215,0.958,Moderate traffic flow - standard adaptive signal timing in effect
EVT427708,2026-04-22 07:34:12,Concert,J023,Basavanagudi,14794,Weekday,False,Clear,False,0.0,False,False,0.655,High,20.4,50.3,218.7,0.143,0.329,0.975,Moderate traffic flow - standard adaptive signal timing in effect
EVT427709,2026-03-02 17:47:59,Sports Fixture,J012,Koramangala Sony World,19534,Weekday,False,Clear,False,0.0,False,False,1.0,Severe,9.6,71.5,361.8,0.143,0.331,0.908,Heavy congestion detected - signal timing extended and reroute suggested
EVT427710,2025-05-08 19:33:02,Trade Fair,J023,Basavanagudi,5175,Weekday,False,Clear,False,0.0,False,False,0.814,Severe,16.5,55.6,261.5,0.158,0.366,0.961,Heavy congestion detected - signal timing extended and reroute suggested
EVT427711,2026-04-20 16:16:16,Trade Fair,J040,City Market,7269,Weekday,False,Clear,False,0.0,False,False,0.508,Moderate,22.9,34.6,233.9,0.14,0.323,0.939,Moderate traffic flow - standard adaptive signal timing in effect
EVT427712,2025-05-23 11:51:35,Local Market Day,J040,City Market,8761,Weekday,False,Rain,True,23.1,False,False,0.528,Moderate,19.3,37.8,335.1,0.209,0.484,0.911,Light rain detected - minor speed reduction advised
EVT427713,2026-05-09 20:51:29,Local Market Day,J040,City Market,5018,Weekend,False,Fog,False,0.0,False,False,0.482,Moderate,24.2,38.4,158.8,0.127,0.294,0.97,Moderate traffic flow - standard adaptive signal timing in effect
EVT427714,2026-02-08 11:11:41,Concert,J031,Cubbon Road,7975,Weekend,False,Clear,False,0.0,False,False,0.399,Moderate,26.5,30.6,217.0,0.182,0.42,0.961,Moderate traffic flow - standard adaptive signal timing in effect
EVT427715,2025-07-07 08:10:51,Trade Fair,J011,Indiranagar 100ft Road,7380,Weekday,False,Clear,False,0.0,False,False,0.826,Severe,14.2,58.3,305.8,0.159,0.368,0.942,Heavy congestion detected - signal timing extended and reroute suggested
EVT427716,2026-03-20 05:27:52,Fireworks Display,J031,Cubbon Road,11874,Weekday,True,Clear,False,0.0,False,False,0.466,Moderate,27.5,40.2,144.2,0.12,0.277,0.915,Moderate traffic flow - standard adaptive signal timing in effect
EVT427717,2026-01-14 15:36:50,Religious Festival,J030,MG Road,41424,Weekday,True,Fog,False,0.0,False,True,0.95,Severe,10.8,94.5,337.1,0.162,0.374,0.854,Road closure for event/procession - full detour recommended for through-traffic
EVT427718,2025-12-31 08:41:10,Concert,J031,Cubbon Road,13471,Weekday,False,Clear,False,0.0,False,False,1.0,Severe,8.2,73.4,454.7,0.135,0.311,0.932,Heavy congestion detected - signal timing extended and reroute suggested
EVT427719,2025-09-07 13:20:17,Trade Fair,J031,Cubbon Road,14023,Weekend,False,Clear,False,0.0,False,False,0.336,Low,28.3,24.6,104.1,0.082,0.19,0.969,Moderate traffic flow - standard adaptive signal timing in effect
EVT427720,2025-07-06 17:08:19,Local Market Day,J009,Majestic,5858,Weekend,False,Clear,False,0.0,False,False,0.765,Severe,16.3,60.4,308.6,0.183,0.423,0.982,Heavy congestion detected - signal timing extended and reroute suggested
EVT427721,2026-04-10 17:00:44,Trade Fair,J031,Cubbon Road,10170,Weekday,False,Clear,False,0.0,False,False,0.768,Severe,17.4,55.3,297.0,0.194,0.448,0.955,Heavy congestion detected - signal timing extended and reroute suggested
EVT427722,2026-04-13 18:04:26,Concert,J020,Malleshwaram Circle,10653,Weekday,False,Clear,False,0.0,False,False,1.0,Severe,9.2,73.0,390.4,0.129,0.298,0.937,Heavy congestion detected - signal timing extended and reroute suggested
EVT427723,2025-06-28 09:48:12,Local Market Day,J040,City Market,2227,Weekend,False,Clear,False,0.0,False,False,0.731,High,19.3,47.9,244.6,0.158,0.366,0.969,Moderate traffic flow - standard adaptive signal timing in effect
EVT427724,2025-08-09 19:40:42,Concert,J020,Malleshwaram Circle,8127,Weekend,False,Heavy Rain,True,71.1,False,False,1.0,Severe,8.9,70.5,244.9,0.116,0.268,0.842,Heavy rain reducing visibility and grip - reduced speed and longer buffer advised
EVT427725,2025-08-11 18:07:42,Trade Fair,J030,MG Road,7302,Weekday,False,Heavy Rain,True,39.2,False,False,1.0,Severe,7.6,70.0,534.9,0.17,0.393,0.859,Heavy rain reducing visibility and grip - reduced speed and longer buffer advised
EVT427726,2025-03-07 14:10:46,Local Market Day,J020,Malleshwaram Circle,5070,Weekday,False,Clear,False,0.0,False,False,0.232,Low,40.7,26.8,75.3,0.055,0.128,0.948,Normal free-flow traffic - standard signal timing maintained
EVT427727,2025-02-02 08:47:37,Local Market Day,J031,Cubbon Road,3180,Weekend,False,Clear,False,0.0,False,False,0.862,Severe,13.3,64.3,559.5,0.247,0.572,0.921,Heavy congestion detected - signal timing extended and reroute suggested
EVT427728,2025-12-03 10:11:26,Sports Fixture,J040,City Market,17093,Weekday,False,Clear,False,0.0,False,False,0.8,Severe,18.5,57.0,232.2,0.149,0.344,0.94,Heavy congestion detected - signal timing extended and reroute suggested
EVT427729,2026-02-18 13:59:53,Local Market Day,J031,Cubbon Road,7804,Weekday,False,Clear,False,0.0,False,False,0.221,Low,32.4,21.1,123.3,0.102,0.236,0.961,Normal free-flow traffic - standard signal timing maintained
EVT427730,2026-06-21 17:46:51,Concert,J009,Majestic,12894,Weekend,False,Clear,False,0.0,False,False,0.867,Severe,15.0,64.3,239.1,0.13,0.301,0.936,Heavy congestion detected - signal timing extended and reroute suggested
EVT427731,2025-06-22 18:17:19,Local Market Day,J020,Malleshwaram Circle,3515,Weekend,False,Light Rain,True,3.1,False,False,0.915,Severe,9.8,64.1,325.0,0.125,0.29,0.846,Heavy rain reducing visibility and grip - reduced speed and longer buffer advised
EVT427732,2025-02-07 20:09:54,Trade Fair,J030,MG Road,7154,Weekday,False,Clear,False,0.0,False,False,0.627,High,25.0,51.3,111.2,0.062,0.143,0.979,Moderate traffic flow - standard adaptive signal timing in effect
EVT427733,2026-03-06 01:21:29,Local Market Day,J023,Basavanagudi,4035,Weekday,False,Clear,False,0.0,False,False,0.103,Low,33.7,4.9,135.3,0.088,0.204,0.972,Normal free-flow traffic - standard signal timing maintained
EVT427734,2025-11-17 15:42:39,Concert,J023,Basavanagudi,6453,Weekday,False,Clear,False,0.0,False,False,0.318,Low,32.9,19.7,127.3,0.093,0.214,0.963,Moderate traffic flow - standard adaptive signal timing in effect
EVT427735,2025-11-14 08:43:39,Local Market Day,J040,City Market,5659,Weekday,False,Clear,False,0.0,False,False,1.0,Severe,8.9,67.3,722.9,0.243,0.562,0.925,Heavy congestion detected - signal timing extended and reroute suggested
EVT427736,2025-06-14 09:36:47,Sports Fixture,J011,Indiranagar 100ft Road,18058,Weekend,False,Clear,False,0.0,False,False,0.839,Severe,15.0,57.7,351.9,0.184,0.425,0.939,Heavy congestion detected - signal timing extended and reroute suggested
EVT427737,2026-06-14 15:18:32,Local Market Day,J031,Cubbon Road,2527,Weekend,False,Rain,True,9.8,False,False,0.484,Moderate,26.3,29.9,129.2,0.106,0.244,0.913,Light rain detected - minor speed reduction advised
EVT427738,2025-09-10 13:08:17,Concert,J020,Malleshwaram Circle,17990,Weekday,False,Heavy Rain,True,26.8,False,False,0.593,High,24.6,40.7,265.6,0.206,0.475,0.917,Heavy rain reducing visibility and grip - reduced speed and longer buffer advised
EVT427739,2025-02-07 09:46:27,Local Market Day,J023,Basavanagudi,5319,Weekday,False,Clear,False,0.0,False,False,1.0,Severe,10.0,77.6,458.7,0.192,0.443,0.909,Heavy congestion detected - signal timing extended and reroute suggested
EVT427740,2025-07-05 08:08:48,Concert,J031,Cubbon Road,10130,Weekend,False,Clear,False,0.0,False,False,0.746,High,15.9,52.0,313.2,0.173,0.401,0.982,Moderate traffic flow - standard adaptive signal timing in effect
EVT427741,2026-04-25 15:20:48,Concert,J009,Majestic,7681,Weekend,False,Clear,False,0.0,False,False,0.346,Low,29.5,19.4,134.7,0.094,0.217,0.97,Moderate traffic flow - standard adaptive signal timing in effect
EVT427742,2025-05-16 19:09:35,Political Rally,J031,Cubbon Road,10449,Weekday,False,Heavy Rain,True,30.1,False,False,1.0,Severe,7.9,71.1,533.2,0.156,0.36,0.847,Heavy rain reducing visibility and grip - reduced speed and longer buffer advised
EVT427743,2025-02-17 17:59:53,Political Rally,J031,Cubbon Road,12914,Weekday,False,Clear,False,0.0,False,False,1.0,Severe,9.3,68.1,214.9,0.081,0.186,0.909,Heavy congestion detected - signal timing extended and reroute suggested
EVT427744,2025-06-08 20:22:58,Political Rally,J040,City Market,26976,Weekend,False,Clear,False,0.0,False,False,0.752,Severe,17.7,55.5,124.7,0.077,0.177,0.952,Heavy congestion detected - signal timing extended and reroute suggested
EVT427745,2025-07-03 10:32:34,Local Market Day,J030,MG Road,4984,Weekday,False,Heavy Rain,True,36.2,False,False,1.0,Severe,8.0,73.2,519.7,0.167,0.386,0.862,Heavy rain reducing visibility and grip - reduced speed and longer buffer advised
EVT427746,2025-02-22 09:33:32,Political Rally,J023,Basavanagudi,17296,Weekend,False,Clear,False,0.0,False,False,0.859,Severe,12.0,64.9,363.6,0.159,0.367,0.943,Heavy congestion detected - signal timing extended and reroute suggested
EVT427747,2025-04-09 14:19:14,Concert,J023,Basavanagudi,16233,Weekday,False,Clear,False,0.0,False,False,0.231,Low,31.9,12.9,78.6,0.065,0.15,0.956,Normal free-flow traffic - standard signal timing maintained
EVT427748,2025-10-17 17:32:39,Trade Fair,J040,City Market,4825,Weekday,False,Clear,False,0.0,False,False,0.877,Severe,12.2,62.6,398.3,0.178,0.412,0.913,Heavy congestion detected - signal timing extended and reroute suggested
EVT427749,2025-06-19 18:27:05,Local Market Day,J040,City Market,5249,Weekday,False,Fog,False,0.0,False,False,0.981,Severe,8.9,72.5,553.7,0.21,0.485,0.909,Heavy congestion detected - signal timing extended and reroute suggested
EVT427750,2025-09-28 12:33:36,Concert,J011,Indiranagar 100ft Road,13620,Weekend,False,Rain,True,11.2,False,False,0.504,Moderate,25.8,38.7,245.1,0.176,0.407,0.896,Light rain detected - minor speed reduction advised
EVT427751,2025-11-14 10:59:53,Concert,J020,Malleshwaram Circle,14602,Weekday,False,Rain,True,15.1,False,False,0.662,High,21.4,53.6,201.5,0.135,0.312,0.924,Heavy rain reducing visibility and grip - reduced speed and longer buffer advised
EVT427752,2026-04-17 16:09:09,Sports Fixture,J011,Indiranagar 100ft Road,13970,Weekday,False,Clear,False,0.0,False,False,0.59,High,20.9,41.9,386.2,0.249,0.576,0.965,Moderate traffic flow - standard adaptive signal timing in effect
EVT427753,2026-06-24 08:00:20,Local Market Day,J011,Indiranagar 100ft Road,8126,Weekday,False,Light Rain,True,6.3,False,False,0.934,Severe,11.7,63.8,357.8,0.184,0.425,0.875,Heavy rain reducing visibility and grip - reduced speed and longer buffer advised
EVT427754,2025-05-12 07:12:35,Local Market Day,J030,MG Road,5966,Weekday,False,Rain,True,10.3,False,False,0.621,High,22.3,38.7,248.8,0.2,0.461,0.917,Heavy rain reducing visibility and grip - reduced speed and longer buffer advised
EVT427755,2025-05-11 13:07:07,Political Rally,J020,Malleshwaram Circle,25625,Weekend,False,Clear,False,0.0,False,False,0.421,Moderate,34.0,31.7,217.2,0.219,0.507,0.964,Moderate traffic flow - standard adaptive signal timing in effect
EVT427756,2025-06-10 18:41:10,Sports Fixture,J011,Indiranagar 100ft Road,20379,Weekday,False,Heavy Rain,True,27.0,False,False,1.0,Severe,8.2,69.1,435.4,0.143,0.33,0.858,Heavy rain reducing visibility and grip - reduced speed and longer buffer advised
EVT427757,2025-08-21 09:11:29,Sports Fixture,J012,Koramangala Sony World,32981,Weekday,False,Clear,False,0.0,False,False,1.0,Severe,10.8,72.2,467.2,0.189,0.437,0.904,Heavy congestion detected - signal timing extended and reroute suggested
EVT427758,2025-08-02 07:52:22,Local Market Day,J040,City Market,3551,Weekend,False,Clear,False,0.0,False,False,0.704,High,18.6,49.6,284.4,0.191,0.441,0.975,Moderate traffic flow - standard adaptive signal timing in effect
EVT427759,2026-03-23 17:31:37,Local Market Day,J020,Malleshwaram Circle,3998,Weekday,False,Fog,False,0.0,False,False,0.89,Severe,13.2,62.8,298.4,0.166,0.382,0.929,Heavy congestion detected - signal timing extended and reroute suggested
EVT427760,2025-09-06 11:14:11,Religious Festival,J011,Indiranagar 100ft Road,34587,Weekend,True,Fog,False,0.0,False,True,0.897,High,13.1,96.1,476.0,0.258,0.596,0.848,Road closure for event/procession - full detour recommended for through-traffic
EVT427761,2025-11-12 09:35:19,Concert,J009,Majestic,14553,Weekday,False,Clear,False,0.0,False,False,0.972,Severe,9.6,68.9,363.3,0.156,0.359,0.939,Heavy congestion detected - signal timing extended and reroute suggested
EVT427762,2026-03-10 07:33:04,Sports Fixture,J040,City Market,34681,Weekday,False,Clear,False,0.0,False,False,0.854,Severe,14.3,55.7,399.9,0.189,0.436,0.931,Heavy congestion detected - signal timing extended and reroute suggested
EVT427763,2025-05-29 18:41:20,Trade Fair,J009,Majestic,9783,Weekday,False,Clear,False,0.0,False,False,1.0,Severe,10.3,76.8,523.8,0.221,0.51,0.906,Heavy congestion detected - signal timing extended and reroute suggested
EVT427764,2026-02-23 09:53:36,Concert,J031,Cubbon Road,9616,Weekday,False,Clear,False,0.0,False,False,0.859,Severe,13.3,59.7,313.4,0.153,0.354,0.926,Heavy congestion detected - signal timing extended and reroute suggested
EVT427765,2025-08-13 18:07:46,Political Rally,J012,Koramangala Sony World,18839,Weekday,False,Heavy Rain,True,55.9,False,False,1.0,Severe,6.9,70.2,993.3,0.302,0.697,0.859,Heavy rain reducing visibility and grip - reduced speed and longer buffer advised
EVT427766,2025-03-29 08:06:15,Sports Fixture,J011,Indiranagar 100ft Road,18459,Weekend,False,Clear,False,0.0,False,False,0.851,Severe,13.1,60.4,579.9,0.255,0.59,0.952,Heavy congestion detected - signal timing extended and reroute suggested
EVT427767,2026-02-12 09:23:21,Local Market Day,J009,Majestic,3606,Weekday,False,Clear,False,0.0,False,False,0.969,Severe,10.1,69.7,476.7,0.189,0.436,0.963,Heavy congestion detected - signal timing extended and reroute suggested
EVT427768,2025-08-02 00:06:57,Concert,J030,MG Road,12124,Weekend,False,Clear,False,0.0,False,False,0.319,Low,24.2,20.5,235.6,0.163,0.378,0.963,Moderate traffic flow - standard adaptive signal timing in effect
EVT427769,2025-06-01 19:28:37,Concert,J009,Majestic,14727,Weekend,False,Heavy Rain,True,28.8,False,False,1.0,Severe,8.3,70.7,383.8,0.16,0.37,0.85,Heavy rain reducing visibility and grip - reduced speed and longer buffer advised
EVT427770,2025-09-23 17:47:32,Political Rally,J031,Cubbon Road,9873,Weekday,False,Clear,False,0.0,False,False,0.976,Severe,8.3,76.5,520.4,0.187,0.433,0.938,Heavy congestion detected - signal timing extended and reroute suggested
EVT427771,2025-08-18 09:14:53,Local Market Day,J030,MG Road,5843,Weekday,False,Clear,False,0.0,False,False,0.991,Severe,8.2,67.4,715.9,0.217,0.501,0.907,Heavy congestion detected - signal timing extended and reroute suggested
EVT427772,2025-12-15 20:36:39,Trade Fair,J011,Indiranagar 100ft Road,12363,Weekday,False,Clear,False,0.0,False,False,0.523,Moderate,19.9,35.6,301.1,0.212,0.489,0.989,Moderate traffic flow - standard adaptive signal timing in effect
EVT427773,2025-03-17 18:57:16,Trade Fair,J012,Koramangala Sony World,11895,Weekday,False,Clear,False,0.0,False,False,1.0,Severe,7.8,73.9,667.9,0.207,0.479,0.888,Heavy congestion detected - signal timing extended and reroute suggested
EVT427774,2026-04-08 17:48:07,Sports Fixture,J031,Cubbon Road,22241,Weekday,False,Clear,False,0.0,False,False,1.0,Severe,7.6,69.9,590.6,0.179,0.414,0.939,Heavy congestion detected - signal timing extended and reroute suggested
EVT427775,2025-11-30 16:59:52,Trade Fair,J020,Malleshwaram Circle,8143,Weekend,False,Clear,False,0.0,False,False,0.612,High,25.4,47.4,154.2,0.12,0.276,0.955,Moderate traffic flow - standard adaptive signal timing in effect
EVT427776,2026-02-23 08:03:49,Local Market Day,J020,Malleshwaram Circle,3458,Weekday,False,Clear,False,0.0,False,False,0.751,Severe,15.3,50.0,265.9,0.138,0.319,0.93,Heavy congestion detected - signal timing extended and reroute suggested
EVT427777,2025-08-30 08:28:12,Trade Fair,J011,Indiranagar 100ft Road,7659,Weekend,False,Clear,False,0.0,False,False,0.78,Severe,16.1,58.3,161.5,0.104,0.24,0.956,Heavy congestion detected - signal timing extended and reroute suggested
EVT427778,2025-08-18 13:55:01,Concert,J040,City Market,9173,Weekday,False,Clear,False,0.0,False,False,0.21,Low,32.7,15.2,159.2,0.129,0.299,0.953,Normal free-flow traffic - standard signal timing maintained
EVT427779,2025-10-06 11:50:35,Sports Fixture,J020,Malleshwaram Circle,17092,Weekday,False,Fog,False,0.0,False,False,0.318,Low,29.1,29.6,178.8,0.138,0.32,0.959,Moderate traffic flow - standard adaptive signal timing in effect
EVT427780,2025-09-27 10:03:01,Sports Fixture,J011,Indiranagar 100ft Road,24073,Weekend,False,Heavy Rain,True,32.7,False,False,1.0,Severe,8.3,74.5,242.9,0.101,0.232,0.856,Heavy rain reducing visibility and grip - reduced speed and longer buffer advised
EVT427781,2025-02-09 09:05:24,Sports Fixture,J040,City Market,12680,Weekend,False,Clear,False,0.0,False,False,0.879,Severe,12.6,63.4,325.0,0.139,0.321,0.974,Heavy congestion detected - signal timing extended and reroute suggested
EVT427782,2026-06-22 13:42:13,Sports Fixture,J030,MG Road,19964,Weekday,False,Heavy Rain,True,29.7,False,False,0.667,High,16.3,47.7,168.7,0.09,0.208,0.93,Heavy rain reducing visibility and grip - reduced speed and longer buffer advised
EVT427783,2026-04-28 06:24:07,Local Market Day,J020,Malleshwaram Circle,6238,Weekday,False,Clear,False,0.0,False,False,0.293,Low,31.1,25.9,231.4,0.201,0.464,0.978,Moderate traffic flow - standard adaptive signal timing in effect
EVT427784,2025-12-01 08:58:02,Local Market Day,J031,Cubbon Road,3300,Weekday,False,Clear,False,0.0,False,False,0.92,Severe,13.2,64.8,443.4,0.208,0.48,0.949,Heavy congestion detected - signal timing extended and reroute suggested
EVT427785,2025-02-19 09:43:45,Trade Fair,J012,Koramangala Sony World,13149,Weekday,False,Clear,False,0.0,False,False,0.954,Severe,6.9,66.5,219.1,0.077,0.178,0.894,Heavy congestion detected - signal timing extended and reroute suggested
EVT427786,2025-03-20 10:49:48,Sports Fixture,J031,Cubbon Road,16299,Weekday,False,Clear,False,0.0,False,False,0.546,Moderate,23.8,42.9,237.5,0.187,0.432,0.962,Moderate traffic flow - standard adaptive signal timing in effect
EVT427787,2026-01-21 15:16:34,Sports Fixture,J012,Koramangala Sony World,28422,Weekday,False,Clear,False,0.0,False,False,0.454,Moderate,28.6,30.2,134.2,0.096,0.222,0.959,Moderate traffic flow - standard adaptive signal timing in effect
EVT427788,2025-03-19 12:21:15,Political Rally,J020,Malleshwaram Circle,10688,Weekday,False,Clear,False,0.0,False,False,0.169,Low,39.4,6.9,131.4,0.134,0.31,0.981,Normal free-flow traffic - standard signal timing maintained
EVT427789,2025-08-12 13:54:50,Local Market Day,J031,Cubbon Road,2633,Weekday,False,Heavy Rain,True,43.1,False,False,0.549,Moderate,24.5,38.3,255.7,0.211,0.487,0.894,Light rain detected - minor speed reduction advised
EVT427790,2025-09-11 18:40:45,Political Rally,J023,Basavanagudi,10963,Weekday,False,Heavy Rain,True,28.5,False,False,1.0,Severe,8.5,69.5,489.6,0.19,0.438,0.913,Heavy rain reducing visibility and grip - reduced speed and longer buffer advised
EVT427791,2025-10-24 18:16:10,Concert,J031,Cubbon Road,8713,Weekday,False,Rain,True,14.5,False,False,1.0,Severe,7.0,74.1,517.8,0.156,0.361,0.869,Heavy rain reducing visibility and grip - reduced speed and longer buffer advised
EVT427792,2025-02-16 14:15:28,Concert,J020,Malleshwaram Circle,10168,Weekend,False,Clear,False,0.0,False,False,0.338,Low,27.4,20.4,208.1,0.167,0.385,0.963,Moderate traffic flow - standard adaptive signal timing in effect
EVT427793,2026-03-14 18:11:31,Sports Fixture,J030,MG Road,28531,Weekend,False,Clear,False,0.0,False,False,1.0,Severe,7.5,65.8,590.1,0.187,0.431,0.919,Heavy congestion detected - signal timing extended and reroute suggested
EVT427794,2026-03-28 08:41:06,Local Market Day,J009,Majestic,2828,Weekend,False,Clear,False,0.0,False,False,0.793,Severe,15.4,64.1,157.3,0.075,0.172,0.949,Heavy congestion detected - signal timing extended and reroute suggested
EVT427795,2025-09-14 06:26:47,Local Market Day,J020,Malleshwaram Circle,2340,Weekend,False,Clear,False,0.0,False,False,0.345,Low,28.1,23.5,138.1,0.112,0.259,0.957,Moderate traffic flow - standard adaptive signal timing in effect
EVT427796,2026-03-01 08:23:44,Local Market Day,J031,Cubbon Road,5074,Weekend,False,Clear,False,0.0,False,False,0.827,Severe,16.3,64.1,275.5,0.166,0.385,0.95,Heavy congestion detected - signal timing extended and reroute suggested
EVT427797,2026-03-16 19:31:42,Trade Fair,J031,Cubbon Road,4876,Weekday,False,Clear,False,0.0,False,False,0.86,Severe,15.3,58.8,294.6,0.148,0.342,0.936,Heavy congestion detected - signal timing extended and reroute suggested
EVT427798,2026-01-27 07:45:12,Religious Festival,J020,Malleshwaram Circle,45354,Weekday,True,Clear,False,0.0,False,True,1.0,Severe,10.2,102.8,235.0,0.106,0.245,0.852,Road closure for event/procession - full detour recommended for through-traffic
EVT427799,2025-09-21 04:08:04,Trade Fair,J009,Majestic,11238,Weekend,False,Clear,False,0.0,False,False,0.295,Low,31.7,18.7,90.8,0.077,0.177,0.951,Moderate traffic flow - standard adaptive signal timing in effect
EVT427800,2025-04-14 11:07:42,Cultural Procession,J030,MG Road,16177,Weekday,True,Clear,False,0.0,False,True,0.874,High,15.1,85.6,340.1,0.172,0.398,0.855,Road closure for event/procession - full detour recommended for through-traffic
EVT427801,2025-12-24 13:38:51,Concert,J040,City Market,8927,Weekday,False,Clear,False,0.0,False,False,0.2,Low,38.2,13.0,78.5,0.085,0.197,0.959,Normal free-flow traffic - standard signal timing maintained
EVT427802,2025-11-20 05:25:18,Concert,J030,MG Road,8908,Weekday,False,Clear,False,0.0,False,False,0.214,Low,37.6,17.0,129.7,0.124,0.287,0.947,Normal free-flow traffic - standard signal timing maintained
EVT427803,2025-07-05 16:45:20,Local Market Day,J023,Basavanagudi,7119,Weekend,False,Heavy Rain,True,64.2,False,False,1.0,Severe,7.8,67.5,588.6,0.202,0.468,0.874,Heavy rain reducing visibility and grip - reduced speed and longer buffer advised
EVT427804,2025-08-10 00:25:51,Sports Fixture,J031,Cubbon Road,25381,Weekend,False,Rain,True,7.5,False,False,0.447,Moderate,29.8,31.5,178.0,0.152,0.352,0.902,Light rain detected - minor speed reduction advised
EVT427805,2026-05-25 18:24:57,Sports Fixture,J023,Basavanagudi,16289,Weekday,False,Clear,False,0.0,False,False,1.0,Severe,7.7,71.3,651.0,0.208,0.48,0.892,Heavy congestion detected - signal timing extended and reroute suggested
EVT427806,2025-05-13 22:49:54,Local Market Day,J020,Malleshwaram Circle,4498,Weekday,False,Clear,False,0.0,False,False,0.225,Low,24.4,13.5,175.3,0.115,0.265,0.985,Normal free-flow traffic - standard signal timing maintained
EVT427807,2026-05-19 15:50:17,Sports Fixture,J040,City Market,17301,Weekday,False,Fog,False,0.0,False,False,0.514,Moderate,28.1,35.5,250.6,0.199,0.461,0.969,Moderate traffic flow - standard adaptive signal timing in effect
EVT427808,2026-04-27 17:17:10,Local Market Day,J031,Cubbon Road,4673,Weekday,False,Clear,False,0.0,False,False,0.833,Severe,15.5,57.9,455.9,0.229,0.53,0.95,Heavy congestion detected - signal timing extended and reroute suggested
EVT427809,2025-07-30 10:34:34,Local Market Day,J012,Koramangala Sony World,2083,Weekday,False,Rain,True,24.0,False,False,0.866,Severe,12.4,59.5,408.7,0.214,0.494,0.892,Heavy rain reducing visibility and grip - reduced speed and longer buffer advised
EVT427810,2025-11-26 19:04:12,Sports Fixture,J023,Basavanagudi,16768,Weekday,False,Clear,False,0.0,False,False,1.0,Severe,7.6,75.7,263.2,0.078,0.181,0.92,Heavy congestion detected - signal timing extended and reroute suggested
EVT427811,2025-08-21 07:21:47,Local Market Day,J020,Malleshwaram Circle,4369,Weekday,False,Clear,False,0.0,False,False,0.652,High,22.5,41.7,102.7,0.071,0.165,0.94,Moderate traffic flow - standard adaptive signal timing in effect
EVT427812,2026-03-05 17:51:12,Religious Festival,J012,Koramangala Sony World,29182,Weekday,True,Clear,False,0.0,False,False,1.0,Severe,6.8,66.9,646.8,0.187,0.432,0.881,Festival crowd surge detected - alternate route and extended cycle recommended
EVT427813,2026-03-03 07:25:30,Trade Fair,J040,City Market,6412,Weekday,False,Clear,False,0.0,False,False,0.565,High,21.0,45.1,234.8,0.138,0.319,0.99,Moderate traffic flow - standard adaptive signal timing in effect
EVT427814,2026-05-10 11:23:58,Sports Fixture,J040,City Market,23926,Weekend,False,Clear,False,0.0,False,False,0.534,Moderate,21.4,37.7,231.2,0.159,0.368,0.984,Moderate traffic flow - standard adaptive signal timing in effect
EVT427815,2025-06-01 15:50:48,Trade Fair,J031,Cubbon Road,9376,Weekend,False,Clear,False,0.0,False,False,0.528,Moderate,21.2,31.1,181.0,0.094,0.218,0.964,Moderate traffic flow - standard adaptive signal timing in effect
EVT427816,2025-03-14 10:30:25,Religious Festival,J040,City Market,55228,Weekday,True,Clear,False,0.0,False,False,1.0,Severe,7.3,70.4,846.6,0.262,0.606,0.868,Festival crowd surge detected - alternate route and extended cycle recommended
EVT427817,2026-04-14 16:05:47,Religious Festival,J009,Majestic,57638,Weekday,True,Clear,False,0.0,False,False,0.924,Severe,12.2,59.0,258.6,0.112,0.259,0.887,Festival crowd surge detected - alternate route and extended cycle recommended
EVT427818,2026-03-12 08:35:26,Trade Fair,J011,Indiranagar 100ft Road,4873,Weekday,False,Fog,False,0.0,False,False,0.967,Severe,9.6,68.1,320.0,0.113,0.261,0.932,Heavy congestion detected - signal timing extended and reroute suggested
EVT427819,2025-12-07 18:39:27,Local Market Day,J031,Cubbon Road,6736,Weekend,False,Clear,False,0.0,False,False,0.851,Severe,15.6,65.0,257.6,0.14,0.324,0.961,Heavy congestion detected - signal timing extended and reroute suggested
EVT427820,2025-07-21 08:05:31,Political Rally,J040,City Market,10689,Weekday,False,Heavy Rain,True,44.6,False,False,1.0,Severe,9.5,75.2,549.8,0.209,0.483,0.875,Heavy rain reducing visibility and grip - reduced speed and longer buffer advised
EVT427821,2026-03-28 10:55:16,Sports Fixture,J023,Basavanagudi,26533,Weekend,False,Clear,False,0.0,False,False,0.64,High,21.0,43.2,198.7,0.132,0.306,0.971,Moderate traffic flow - standard adaptive signal timing in effect
EVT427822,2025-02-25 17:39:30,Local Market Day,J040,City Market,5655,Weekday,False,Clear,False,0.0,False,False,0.964,Severe,11.2,70.3,520.3,0.223,0.516,0.938,Heavy congestion detected - signal timing extended and reroute suggested
EVT427823,2025-11-10 12:15:38,Concert,J012,Koramangala Sony World,8023,Weekday,False,Rain,True,24.3,False,False,0.422,Moderate,24.5,29.1,192.4,0.127,0.294,0.941,Light rain detected - minor speed reduction advised
EVT427824,2025-12-26 07:23:35,Cultural Procession,J009,Majestic,17055,Weekday,True,Clear,False,0.0,False,False,0.829,Severe,14.9,67.6,294.3,0.151,0.348,0.896,Festival crowd surge detected - alternate route and extended cycle recommended
EVT427825,2026-02-16 18:44:12,Trade Fair,J030,MG Road,10288,Weekday,False,Clear,False,0.0,False,False,1.0,Severe,7.4,73.3,422.6,0.147,0.339,0.919,Heavy congestion detected - signal timing extended and reroute suggested
EVT427826,2025-09-27 18:13:59,Sports Fixture,J031,Cubbon Road,14232,Weekend,False,Clear,False,0.0,False,False,0.965,Severe,9.6,68.5,667.1,0.274,0.633,0.893,Heavy congestion detected - signal timing extended and reroute suggested
EVT427827,2025-09-14 20:59:54,Concert,J030,MG Road,30968,Weekend,False,Clear,False,0.0,False,False,0.614,High,16.4,49.5,269.4,0.145,0.335,0.982,Moderate traffic flow - standard adaptive signal timing in effect
EVT427828,2025-09-25 20:54:29,Concert,J031,Cubbon Road,17854,Weekday,False,Clear,False,0.0,False,False,0.584,High,19.8,48.1,182.3,0.108,0.249,0.99,Moderate traffic flow - standard adaptive signal timing in effect
EVT427829,2025-11-13 21:59:32,Local Market Day,J020,Malleshwaram Circle,4940,Weekday,False,Clear,False,0.0,False,False,0.277,Low,27.1,20.2,185.9,0.148,0.343,0.966,Moderate traffic flow - standard adaptive signal timing in effect
EVT427830,2025-02-26 17:17:23,Local Market Day,J040,City Market,4221,Weekday,False,Clear,False,0.0,False,False,0.772,Severe,17.7,51.1,114.3,0.073,0.168,0.954,Heavy congestion detected - signal timing extended and reroute suggested
EVT427831,2025-08-30 16:12:47,Local Market Day,J023,Basavanagudi,2322,Weekend,False,Rain,True,23.3,True,False,1.0,Severe,9.1,77.0,648.2,0.235,0.542,0.724,Accident detected nearby - reroute and reduced speed advised
EVT427832,2025-04-23 19:38:04,Local Market Day,J040,City Market,2876,Weekday,False,Clear,False,0.0,False,False,0.861,Severe,19.9,69.4,196.3,0.148,0.342,0.922,Heavy congestion detected - signal timing extended and reroute suggested
EVT427833,2026-06-09 08:47:17,Local Market Day,J009,Majestic,4109,Weekday,False,Clear,False,0.0,False,False,0.946,Severe,11.0,65.1,238.4,0.094,0.218,0.959,Heavy congestion detected - signal timing extended and reroute suggested
EVT427834,2026-05-12 19:08:19,Concert,J023,Basavanagudi,10925,Weekday,False,Fog,False,0.0,False,False,0.983,Severe,10.1,71.1,454.6,0.207,0.478,0.926,Heavy congestion detected - signal timing extended and reroute suggested
EVT427835,2026-01-03 19:59:02,Sports Fixture,J012,Koramangala Sony World,26080,Weekend,False,Clear,False,0.0,False,False,0.813,Severe,17.1,51.2,333.0,0.208,0.481,0.945,Heavy congestion detected - signal timing extended and reroute suggested
EVT427836,2025-12-31 11:43:05,Trade Fair,J023,Basavanagudi,7725,Weekday,False,Clear,False,0.0,False,False,0.271,Low,32.8,20.1,154.5,0.145,0.334,0.97,Moderate traffic flow - standard adaptive signal timing in effect
EVT427837,2025-09-09 20:15:54,Local Market Day,J030,MG Road,5363,Weekday,False,Clear,False,0.0,False,False,0.591,High,25.0,42.8,210.2,0.164,0.38,0.933,Moderate traffic flow - standard adaptive signal timing in effect
EVT427838,2026-05-15 18:45:19,Trade Fair,J020,Malleshwaram Circle,10971,Weekday,False,Heavy Rain,True,27.7,False,False,1.0,Severe,9.0,76.2,664.6,0.241,0.556,0.866,Heavy rain reducing visibility and grip - reduced speed and longer buffer advised
EVT427839,2025-03-07 16:31:09,Local Market Day,J023,Basavanagudi,3612,Weekday,False,Clear,False,0.0,False,False,0.538,Moderate,26.0,35.1,294.8,0.237,0.548,0.962,Moderate traffic flow - standard adaptive signal timing in effect
EVT427840,2026-03-29 16:33:31,Concert,J023,Basavanagudi,12767,Weekend,False,Clear,False,0.0,False,False,0.61,High,24.1,42.7,278.9,0.229,0.53,0.957,Moderate traffic flow - standard adaptive signal timing in effect
EVT427841,2025-11-15 22:55:50,Trade Fair,J011,Indiranagar 100ft Road,4383,Weekend,False,Clear,False,0.0,False,False,0.189,Low,34.3,12.3,90.7,0.078,0.181,0.968,Normal free-flow traffic - standard signal timing maintained
EVT427842,2025-12-01 21:44:12,Trade Fair,J040,City Market,13240,Weekday,False,Clear,False,0.0,False,False,0.305,Low,31.3,20.0,208.3,0.166,0.384,0.961,Moderate traffic flow - standard adaptive signal timing in effect
EVT427843,2025-03-29 17:32:21,Local Market Day,J040,City Market,4753,Weekend,False,Clear,False,0.0,False,False,0.857,Severe,14.3,58.0,292.0,0.148,0.343,0.937,Heavy congestion detected - signal timing extended and reroute suggested
EVT427844,2025-10-05 09:15:57,Local Market Day,J009,Majestic,5929,Weekend,False,Clear,False,0.0,False,False,0.864,Severe,12.6,55.6,453.3,0.193,0.447,0.948,Heavy congestion detected - signal timing extended and reroute suggested
EVT427845,2026-04-25 17:27:03,Local Market Day,J020,Malleshwaram Circle,2686,Weekend,False,Clear,False,0.0,False,False,0.689,High,19.5,55.7,153.1,0.084,0.193,0.969,Moderate traffic flow - standard adaptive signal timing in effect
EVT427846,2025-04-30 08:21:51,Local Market Day,J009,Majestic,4102,Weekday,False,Clear,False,0.0,False,False,0.883,Severe,9.6,59.1,419.6,0.159,0.368,0.96,Heavy congestion detected - signal timing extended and reroute suggested
EVT427847,2025-11-29 19:56:44,Trade Fair,J030,MG Road,11071,Weekend,False,Clear,False,0.0,False,False,0.714,High,12.7,56.6,400.0,0.167,0.385,0.967,Moderate traffic flow - standard adaptive signal timing in effect
EVT427848,2025-11-21 08:48:55,Trade Fair,J031,Cubbon Road,9196,Weekday,False,Clear,False,0.0,False,False,1.0,Severe,7.4,79.3,381.9,0.117,0.271,0.926,Heavy congestion detected - signal timing extended and reroute suggested
EVT427849,2026-01-09 06:27:06,Concert,J023,Basavanagudi,17092,Weekday,False,Clear,False,0.0,False,False,0.36,Moderate,28.9,30.2,75.8,0.056,0.129,0.969,Moderate traffic flow - standard adaptive signal timing in effect
EVT427850,2026-04-20 17:46:52,Concert,J009,Majestic,10793,Weekday,False,Clear,False,0.0,False,False,0.97,Severe,9.6,65.7,448.3,0.157,0.364,0.948,Heavy congestion detected - signal timing extended and reroute suggested
EVT427851,2025-11-16 10:40:32,Local Market Day,J031,Cubbon Road,3609,Weekend,False,Clear,False,0.0,False,False,0.563,High,25.7,37.9,162.9,0.116,0.267,0.977,Moderate traffic flow - standard adaptive signal timing in effect
EVT427852,2026-04-09 09:51:37,Concert,J020,Malleshwaram Circle,11493,Weekday,False,Clear,False,0.0,False,False,0.917,Severe,9.6,65.1,499.7,0.182,0.421,0.93,Heavy congestion detected - signal timing extended and reroute suggested
EVT427853,2025-12-27 17:44:30,Trade Fair,J011,Indiranagar 100ft Road,7642,Weekend,False,Clear,False,0.0,False,False,0.857,Severe,16.8,59.8,158.8,0.086,0.198,0.937,Heavy congestion detected - signal timing extended and reroute suggested
EVT427854,2025-07-14 07:41:25,Sports Fixture,J020,Malleshwaram Circle,40040,Weekday,False,Clear,False,0.0,False,False,0.858,Severe,10.3,65.9,501.6,0.193,0.447,0.943,Heavy congestion detected - signal timing extended and reroute suggested
EVT427855,2025-03-21 03:57:32,Local Market Day,J012,Koramangala Sony World,5634,Weekday,False,Clear,False,0.0,False,False,0.157,Low,33.7,16.9,167.5,0.14,0.322,0.981,Normal free-flow traffic - standard signal timing maintained
EVT427856,2025-06-21 18:16:03,Trade Fair,J031,Cubbon Road,5326,Weekend,False,Heavy Rain,True,70.1,False,False,1.0,Severe,9.2,69.3,523.5,0.208,0.481,0.874,Heavy rain reducing visibility and grip - reduced speed and longer buffer advised
EVT427857,2025-04-13 18:32:56,Local Market Day,J030,MG Road,5527,Weekend,False,Clear,False,0.0,False,False,0.922,Severe,8.7,61.3,444.4,0.168,0.388,0.922,Heavy congestion detected - signal timing extended and reroute suggested
EVT427858,2025-08-16 17:57:18,Cultural Procession,J030,MG Road,18673,Weekend,True,Clear,False,0.0,False,True,1.0,Severe,7.9,97.5,525.8,0.192,0.442,0.837,Road closure for event/procession - full detour recommended for through-traffic
EVT427859,2025-05-17 19:20:59,Political Rally,J009,Majestic,10146,Weekend,False,Fog,False,0.0,False,False,0.755,Severe,16.9,56.2,232.7,0.132,0.305,0.983,Heavy congestion detected - signal timing extended and reroute suggested
EVT427860,2025-11-23 17:59:27,Local Market Day,J011,Indiranagar 100ft Road,3521,Weekend,False,Fog,False,0.0,False,False,0.905,Severe,12.7,66.3,442.1,0.21,0.486,0.929,Heavy congestion detected - signal timing extended and reroute suggested
EVT427861,2025-05-17 08:21:29,Sports Fixture,J023,Basavanagudi,21030,Weekend,False,Light Rain,True,4.3,False,False,1.0,Severe,8.3,66.7,626.6,0.217,0.502,0.858,Heavy rain reducing visibility and grip - reduced speed and longer buffer advised
EVT427862,2025-11-26 10:15:21,Trade Fair,J023,Basavanagudi,5801,Weekday,False,Clear,False,0.0,False,False,0.817,Severe,12.1,55.8,240.2,0.119,0.276,0.954,Heavy congestion detected - signal timing extended and reroute suggested
EVT427863,2025-09-19 15:44:29,Sports Fixture,J023,Basavanagudi,21065,Weekday,False,Clear,False,0.0,False,False,0.484,Moderate,22.7,34.3,190.5,0.12,0.278,0.945,Moderate traffic flow - standard adaptive signal timing in effect
EVT427864,2025-01-06 17:59:12,Trade Fair,J011,Indiranagar 100ft Road,8464,Weekday,False,Clear,False,0.0,False,False,1.0,Severe,8.3,67.5,415.7,0.125,0.288,0.919,Heavy congestion detected - signal timing extended and reroute suggested
EVT427865,2026-06-21 11:33:32,Sports Fixture,J023,Basavanagudi,16170,Weekend,False,Clear,False,0.0,False,False,0.417,Moderate,25.0,33.2,336.6,0.276,0.637,0.981,Moderate traffic flow - standard adaptive signal timing in effect
EVT427866,2025-02-09 20:22:51,Concert,J011,Indiranagar 100ft Road,11751,Weekend,False,Clear,False,0.0,False,False,0.567,High,27.4,42.5,155.0,0.134,0.31,0.954,Moderate traffic flow - standard adaptive signal timing in effect
EVT427867,2025-10-11 20:33:30,Local Market Day,J020,Malleshwaram Circle,4343,Weekend,False,Clear,False,0.0,False,False,0.569,High,25.7,39.9,167.6,0.134,0.309,0.948,Moderate traffic flow - standard adaptive signal timing in effect
EVT427868,2026-06-14 11:43:17,Trade Fair,J009,Majestic,6046,Weekend,False,Clear,False,0.0,False,False,0.376,Moderate,34.2,26.0,206.3,0.189,0.436,0.965,Moderate traffic flow - standard adaptive signal timing in effect
EVT427869,2025-11-21 13:28:40,Local Market Day,J040,City Market,5002,Weekday,False,Clear,False,0.0,False,False,0.206,Low,35.5,22.3,224.9,0.197,0.454,0.986,Normal free-flow traffic - standard signal timing maintained
EVT427870,2026-02-03 17:12:10,Local Market Day,J023,Basavanagudi,5480,Weekday,False,Clear,False,0.0,False,False,0.806,Severe,15.1,54.0,374.0,0.195,0.452,0.979,Heavy congestion detected - signal timing extended and reroute suggested
EVT427871,2025-06-01 11:16:47,Local Market Day,J031,Cubbon Road,2947,Weekend,False,Clear,False,0.0,False,False,0.323,Low,27.6,18.8,176.1,0.145,0.334,0.961,Moderate traffic flow - standard adaptive signal timing in effect
EVT427872,2025-02-18 14:07:29,Sports Fixture,J031,Cubbon Road,35268,Weekday,False,Clear,False,0.0,False,False,0.408,Moderate,27.2,27.4,213.8,0.162,0.375,0.982,Moderate traffic flow - standard adaptive signal timing in effect
EVT427873,2025-08-15 12:28:33,Cultural Procession,J023,Basavanagudi,15727,Weekday,True,Heavy Rain,True,55.6,False,False,0.736,High,13.8,58.3,478.6,0.223,0.514,0.891,Festival crowd surge detected - alternate route and extended cycle recommended
EVT427874,2025-04-09 15:55:07,Local Market Day,J011,Indiranagar 100ft Road,4283,Weekday,False,Clear,False,0.0,False,False,0.434,Moderate,20.7,33.3,192.6,0.101,0.233,0.964,Moderate traffic flow - standard adaptive signal timing in effect
EVT427875,2025-04-05 11:37:24,Political Rally,J012,Koramangala Sony World,20069,Weekend,False,Fog,False,0.0,False,False,0.439,Moderate,24.3,34.2,225.5,0.145,0.334,0.96,Moderate traffic flow - standard adaptive signal timing in effect
EVT427876,2025-03-05 10:07:45,Local Market Day,J031,Cubbon Road,9025,Weekday,False,Clear,False,0.0,False,False,0.815,Severe,13.2,60.7,150.4,0.078,0.181,0.948,Heavy congestion detected - signal timing extended and reroute suggested
EVT427877,2025-10-03 14:50:10,Religious Festival,J031,Cubbon Road,35239,Weekday,True,Clear,False,0.0,False,True,0.792,High,14.6,81.6,469.7,0.247,0.57,0.874,Road closure for event/procession - full detour recommended for through-traffic
EVT427878,2026-06-29 20:09:47,Trade Fair,J020,Malleshwaram Circle,8582,Weekday,False,Clear,False,0.0,False,False,0.689,High,17.3,49.0,293.4,0.183,0.422,0.962,Moderate traffic flow - standard adaptive signal timing in effect
EVT427879,2025-10-29 08:30:31,Trade Fair,J031,Cubbon Road,8808,Weekday,False,Fog,False,0.0,False,False,0.947,Severe,9.8,64.2,295.8,0.116,0.268,0.928,Heavy congestion detected - signal timing extended and reroute suggested
EVT427880,2025-07-13 19:56:41,Sports Fixture,J009,Majestic,22058,Weekend,False,Rain,True,17.7,False,False,0.909,Severe,10.9,67.1,434.2,0.193,0.445,0.888,Heavy rain reducing visibility and grip - reduced speed and longer buffer advised
EVT427881,2025-10-03 08:14:17,Religious Festival,J012,Koramangala Sony World,27285,Weekday,True,Clear,False,0.0,False,False,1.0,Severe,9.0,68.2,455.4,0.178,0.411,0.869,Festival crowd surge detected - alternate route and extended cycle recommended
EVT427882,2025-04-14 05:52:59,Religious Festival,J020,Malleshwaram Circle,19370,Weekday,True,Clear,False,0.0,False,False,0.593,High,16.5,41.0,283.4,0.148,0.342,0.932,Festival crowd surge detected - alternate route and extended cycle recommended
EVT427883,2026-03-05 07:20:47,Religious Festival,J031,Cubbon Road,54350,Weekday,True,Clear,False,0.0,False,False,0.97,Severe,10.7,66.1,505.7,0.212,0.49,0.887,Festival crowd surge detected - alternate route and extended cycle recommended
EVT427884,2025-03-25 07:38:16,Local Market Day,J009,Majestic,4737,Weekday,False,Light Rain,True,7.2,False,False,0.784,Severe,15.0,53.3,171.7,0.094,0.217,0.908,Heavy rain reducing visibility and grip - reduced speed and longer buffer advised
EVT427885,2025-05-09 23:36:16,Concert,J009,Majestic,18251,Weekday,False,Light Rain,True,1.0,False,False,0.32,Low,28.7,20.8,158.2,0.114,0.263,0.921,Light rain detected - minor speed reduction advised
EVT427886,2026-06-13 18:10:51,Political Rally,J011,Indiranagar 100ft Road,27336,Weekend,False,Clear,False,0.0,False,False,0.98,Severe,8.4,71.6,658.9,0.204,0.472,0.926,Heavy congestion detected - signal timing extended and reroute suggested
EVT427887,2026-04-29 19:02:08,Sports Fixture,J020,Malleshwaram Circle,16519,Weekday,False,Clear,False,0.0,False,False,1.0,Severe,9.8,74.1,475.0,0.183,0.422,0.936,Heavy congestion detected - signal timing extended and reroute suggested
EVT427888,2025-12-23 09:03:04,Concert,J011,Indiranagar 100ft Road,11662,Weekday,False,Clear,False,0.0,False,False,1.0,Severe,7.0,67.4,334.9,0.127,0.293,0.887,Heavy congestion detected - signal timing extended and reroute suggested
EVT427889,2026-02-20 14:14:29,Local Market Day,J009,Majestic,3543,Weekday,False,Clear,False,0.0,False,False,0.176,Low,34.4,11.6,58.4,0.03,0.069,0.979,Normal free-flow traffic - standard signal timing maintained
EVT427890,2025-11-04 21:51:27,Sports Fixture,J020,Malleshwaram Circle,14830,Weekday,False,Light Rain,True,6.5,False,False,0.448,Moderate,25.6,28.0,101.0,0.093,0.214,0.925,Light rain detected - minor speed reduction advised
EVT427891,2026-05-02 13:43:05,Religious Festival,J011,Indiranagar 100ft Road,24475,Weekend,True,Clear,False,0.0,False,False,0.593,High,23.3,37.4,235.6,0.156,0.359,0.907,Festival crowd surge detected - alternate route and extended cycle recommended
EVT427892,2026-04-14 09:13:40,Cultural Procession,J020,Malleshwaram Circle,8821,Weekday,True,Clear,False,0.0,False,True,1.0,Severe,7.5,105.0,424.3,0.157,0.362,0.832,Road closure for event/procession - full detour recommended for through-traffic
EVT427893,2025-10-13 12:35:04,Political Rally,J009,Majestic,11383,Weekday,False,Rain,True,15.8,False,False,0.428,Moderate,24.6,27.0,161.0,0.106,0.244,0.897,Light rain detected - minor speed reduction advised
EVT427894,2025-09-14 18:37:34,Sports Fixture,J012,Koramangala Sony World,21188,Weekend,False,Clear,False,0.0,False,False,0.962,Severe,10.9,62.6,469.8,0.191,0.441,0.938,Heavy congestion detected - signal timing extended and reroute suggested
EVT427895,2026-02-16 15:07:23,Concert,J031,Cubbon Road,14280,Weekday,False,Clear,False,0.0,False,False,0.347,Low,31.8,27.1,213.2,0.197,0.454,0.986,Moderate traffic flow - standard adaptive signal timing in effect
EVT427896,2026-01-18 19:14:14,Trade Fair,J009,Majestic,8986,Weekend,False,Clear,False,0.0,False,False,0.888,Severe,9.8,67.0,447.3,0.156,0.36,0.953,Heavy congestion detected - signal timing extended and reroute suggested
EVT427897,2025-10-06 18:46:32,Sports Fixture,J012,Koramangala Sony World,16653,Weekday,False,Clear,False,0.0,False,False,1.0,Severe,9.4,66.4,909.8,0.288,0.666,0.922,Heavy congestion detected - signal timing extended and reroute suggested
EVT427898,2025-09-06 16:32:32,Fireworks Display,J011,Indiranagar 100ft Road,39008,Weekend,True,Clear,False,0.0,False,False,0.901,Severe,10.5,63.4,400.7,0.172,0.396,0.891,Festival crowd surge detected - alternate route and extended cycle recommended
EVT427899,2026-06-22 14:03:48,Trade Fair,J040,City Market,12864,Weekday,False,Clear,False,0.0,False,False,0.336,Low,29.3,27.4,167.5,0.122,0.282,0.988,Moderate traffic flow - standard adaptive signal timing in effect
EVT427900,2025-03-08 09:34:05,Local Market Day,J020,Malleshwaram Circle,3312,Weekend,False,Clear,False,0.0,False,False,0.754,Severe,15.1,48.9,449.5,0.224,0.518,0.957,Heavy congestion detected - signal timing extended and reroute suggested
EVT427901,2026-01-06 04:12:10,Local Market Day,J030,MG Road,3181,Weekday,False,Clear,False,0.0,False,False,0.212,Low,31.7,13.7,152.3,0.122,0.281,0.964,Normal free-flow traffic - standard signal timing maintained
EVT427902,2026-04-16 19:23:14,Local Market Day,J023,Basavanagudi,3514,Weekday,False,Clear,False,0.0,False,False,0.902,Severe,12.1,61.9,619.3,0.304,0.702,0.924,Heavy congestion detected - signal timing extended and reroute suggested
EVT427903,2025-05-18 20:19:37,Local Market Day,J040,City Market,3321,Weekend,False,Clear,False,0.0,False,False,0.647,High,15.5,50.4,352.3,0.181,0.418,0.958,Moderate traffic flow - standard adaptive signal timing in effect
EVT427904,2025-05-14 13:56:17,Sports Fixture,J012,Koramangala Sony World,23308,Weekday,False,Clear,False,0.0,False,False,0.305,Low,31.5,22.5,178.4,0.149,0.345,0.971,Moderate traffic flow - standard adaptive signal timing in effect
EVT427905,2025-08-23 05:12:14,Sports Fixture,J020,Malleshwaram Circle,19690,Weekend,False,Clear,False,0.0,False,False,0.375,Moderate,28.3,28.7,276.5,0.214,0.494,0.957,Moderate traffic flow - standard adaptive signal timing in effect
EVT427906,2026-04-07 17:59:27,Local Market Day,J023,Basavanagudi,4286,Weekday,False,Light Rain,True,6.2,False,False,1.0,Severe,7.0,72.0,817.0,0.246,0.569,0.829,Heavy rain reducing visibility and grip - reduced speed and longer buffer advised
EVT427907,2025-04-26 17:25:49,Sports Fixture,J009,Majestic,18265,Weekend,False,Clear,False,0.0,False,False,0.836,Severe,12.3,59.5,190.1,0.074,0.172,0.968,Heavy congestion detected - signal timing extended and reroute suggested
EVT427908,2025-05-07 16:46:46,Local Market Day,J012,Koramangala Sony World,5581,Weekday,False,Clear,False,0.0,False,False,0.694,High,16.0,51.1,363.9,0.193,0.445,0.99,Moderate traffic flow - standard adaptive signal timing in effect
EVT427909,2026-06-13 18:54:52,Local Market Day,J023,Basavanagudi,8639,Weekend,False,Heavy Rain,True,37.3,False,False,1.0,Severe,8.5,69.6,711.9,0.267,0.617,0.868,Heavy rain reducing visibility and grip - reduced speed and longer buffer advised
EVT427910,2025-11-16 14:42:13,Local Market Day,J040,City Market,3983,Weekend,False,Clear,False,0.0,False,False,0.323,Low,33.7,20.9,63.5,0.068,0.157,0.965,Moderate traffic flow - standard adaptive signal timing in effect
EVT427911,2026-02-14 09:16:54,Sports Fixture,J012,Koramangala Sony World,31708,Weekend,False,Clear,False,0.0,False,False,0.925,Severe,11.5,66.2,449.6,0.187,0.431,0.922,Heavy congestion detected - signal timing extended and reroute suggested
EVT427912,2026-01-14 18:00:18,Fireworks Display,J040,City Market,32260,Weekday,True,Clear,False,0.0,False,False,1.0,Severe,9.1,78.0,491.3,0.154,0.357,0.84,Festival crowd surge detected - alternate route and extended cycle recommended
EVT427913,2025-01-17 20:00:13,Local Market Day,J020,Malleshwaram Circle,2409,Weekday,False,Clear,False,0.0,False,False,0.724,High,23.4,47.4,257.6,0.185,0.427,0.963,Moderate traffic flow - standard adaptive signal timing in effect
EVT427914,2026-01-12 10:36:35,Trade Fair,J011,Indiranagar 100ft Road,12720,Weekday,False,Clear,False,0.0,False,False,0.65,High,18.2,48.3,286.0,0.172,0.398,0.967,Moderate traffic flow - standard adaptive signal timing in effect
EVT427915,2025-03-23 09:36:33,Trade Fair,J030,MG Road,5622,Weekend,False,Clear,False,0.0,False,False,0.733,High,15.7,54.1,272.8,0.148,0.342,0.981,Moderate traffic flow - standard adaptive signal timing in effect
EVT427916,2025-05-25 19:49:53,Trade Fair,J011,Indiranagar 100ft Road,9766,Weekend,False,Clear,False,0.0,False,False,0.725,High,16.3,44.7,240.9,0.145,0.334,0.968,Moderate traffic flow - standard adaptive signal timing in effect
EVT427917,2025-09-25 10:05:31,Concert,J012,Koramangala Sony World,7743,Weekday,False,Heavy Rain,True,27.8,False,False,1.0,Severe,8.9,66.3,642.4,0.222,0.514,0.873,Heavy rain reducing visibility and grip - reduced speed and longer buffer advised
EVT427918,2025-05-11 19:03:04,Sports Fixture,J012,Koramangala Sony World,16351,Weekend,False,Clear,False,0.0,False,False,0.853,Severe,11.7,65.9,247.3,0.129,0.298,0.956,Heavy congestion detected - signal timing extended and reroute suggested
EVT427919,2025-06-13 10:20:47,Local Market Day,J020,Malleshwaram Circle,10831,Weekday,False,Heavy Rain,True,47.9,False,False,1.0,Severe,7.7,74.8,302.8,0.126,0.29,0.883,Heavy rain reducing visibility and grip - reduced speed and longer buffer advised
EVT427920,2026-06-25 09:27:59,Trade Fair,J030,MG Road,5672,Weekday,False,Rain,True,14.8,False,False,1.0,Severe,8.9,73.8,352.3,0.144,0.332,0.865,Heavy rain reducing visibility and grip - reduced speed and longer buffer advised
EVT427921,2026-02-22 17:07:15,Local Market Day,J012,Koramangala Sony World,6079,Weekend,False,Clear,False,0.0,False,False,0.669,High,17.0,49.8,216.9,0.123,0.284,0.928,Moderate traffic flow - standard adaptive signal timing in effect
EVT427922,2025-10-07 20:12:39,Sports Fixture,J020,Malleshwaram Circle,25727,Weekday,False,Heavy Rain,True,39.9,False,False,1.0,Severe,8.7,69.8,534.1,0.205,0.473,0.856,Heavy rain reducing visibility and grip - reduced speed and longer buffer advised
EVT427923,2026-06-18 17:50:27,Trade Fair,J030,MG Road,15130,Weekday,False,Clear,False,0.0,False,False,1.0,Severe,7.7,65.5,586.7,0.206,0.476,0.892,Heavy congestion detected - signal timing extended and reroute suggested
EVT427924,2025-05-15 16:17:29,Sports Fixture,J031,Cubbon Road,20134,Weekday,False,Clear,False,0.0,False,False,0.642,High,13.8,48.7,443.7,0.194,0.449,0.96,Moderate traffic flow - standard adaptive signal timing in effect
EVT427925,2025-02-10 20:01:40,Local Market Day,J031,Cubbon Road,4112,Weekday,False,Clear,False,0.0,False,False,0.77,Severe,14.9,58.6,295.2,0.139,0.32,0.941,Heavy congestion detected - signal timing extended and reroute suggested
EVT427926,2025-11-20 08:44:16,Local Market Day,J011,Indiranagar 100ft Road,4375,Weekday,False,Clear,False,0.0,False,False,1.0,Severe,7.7,68.4,688.1,0.212,0.491,0.899,Heavy congestion detected - signal timing extended and reroute suggested
EVT427927,2026-05-16 13:35:16,Political Rally,J011,Indiranagar 100ft Road,11863,Weekend,False,Clear,False,0.0,False,False,0.315,Low,31.2,20.1,133.9,0.108,0.249,0.956,Moderate traffic flow - standard adaptive signal timing in effect
EVT427928,2025-03-15 04:07:19,Religious Festival,J020,Malleshwaram Circle,24198,Weekend,True,Clear,False,0.0,False,False,0.584,High,20.0,36.9,328.0,0.196,0.453,0.912,Festival crowd surge detected - alternate route and extended cycle recommended
EVT427929,2026-05-05 07:43:43,Concert,J040,City Market,6196,Weekday,False,Clear,False,0.0,False,False,0.816,Severe,17.7,56.1,234.1,0.152,0.35,0.943,Heavy congestion detected - signal timing extended and reroute suggested
EVT427930,2025-11-26 18:16:13,Concert,J040,City Market,19399,Weekday,False,Clear,False,0.0,False,False,1.0,Severe,9.0,72.6,384.8,0.139,0.32,0.905,Heavy congestion detected - signal timing extended and reroute suggested
EVT427931,2026-03-22 08:06:37,Local Market Day,J023,Basavanagudi,3980,Weekend,False,Fog,False,0.0,False,False,0.735,High,18.1,54.2,347.0,0.218,0.504,0.952,Moderate traffic flow - standard adaptive signal timing in effect
EVT427932,2025-05-28 10:36:16,Local Market Day,J040,City Market,8138,Weekday,False,Clear,False,0.0,False,False,0.671,High,22.7,45.3,253.4,0.213,0.491,0.961,Moderate traffic flow - standard adaptive signal timing in effect
EVT427933,2025-10-17 16:17:42,Political Rally,J031,Cubbon Road,18287,Weekday,False,Rain,True,18.0,False,False,0.843,Severe,12.5,65.4,543.4,0.238,0.549,0.905,Heavy rain reducing visibility and grip - reduced speed and longer buffer advised
EVT427934,2025-07-21 12:32:59,Trade Fair,J009,Majestic,9535,Weekday,False,Clear,False,0.0,False,False,0.206,Low,31.6,14.3,77.2,0.049,0.114,0.948,Normal free-flow traffic - standard signal timing maintained
EVT427935,2026-01-09 17:41:07,Trade Fair,J009,Majestic,7751,Weekday,False,Clear,False,0.0,False,False,0.957,Severe,11.2,63.0,588.4,0.233,0.538,0.9,Heavy congestion detected - signal timing extended and reroute suggested
EVT427936,2026-05-29 13:07:33,Political Rally,J040,City Market,15486,Weekday,False,Rain,True,11.9,False,False,0.379,Moderate,29.1,23.5,197.1,0.157,0.362,0.88,Light rain detected - minor speed reduction advised
EVT427937,2025-09-09 09:45:26,Concert,J023,Basavanagudi,20907,Weekday,False,Clear,False,0.0,False,False,1.0,Severe,7.3,70.1,944.3,0.261,0.603,0.93,Heavy congestion detected - signal timing extended and reroute suggested
EVT427938,2026-01-19 10:07:45,Local Market Day,J009,Majestic,1452,Weekday,False,Clear,False,0.0,True,False,1.0,Severe,9.2,68.4,246.0,0.108,0.249,0.761,Accident detected nearby - reroute and reduced speed advised
EVT427939,2025-09-06 14:25:24,Religious Festival,J011,Indiranagar 100ft Road,35947,Weekend,True,Rain,True,18.1,False,False,0.901,Severe,11.0,59.5,352.4,0.136,0.314,0.827,Festival crowd surge detected - alternate route and extended cycle recommended
EVT427940,2025-08-09 19:31:12,Concert,J012,Koramangala Sony World,10003,Weekend,False,Clear,False,0.0,False,False,0.766,Severe,15.1,58.8,322.1,0.175,0.405,0.97,Heavy congestion detected - signal timing extended and reroute suggested
EVT427941,2025-12-28 20:30:09,Concert,J020,Malleshwaram Circle,10120,Weekend,False,Clear,False,0.0,False,False,0.521,Moderate,21.7,36.1,205.3,0.147,0.34,0.962,Moderate traffic flow - standard adaptive signal timing in effect
EVT427942,2026-03-01 06:40:16,Local Market Day,J030,MG Road,7059,Weekend,False,Clear,False,0.0,False,False,0.436,Moderate,24.4,37.0,84.0,0.059,0.135,0.981,Moderate traffic flow - standard adaptive signal timing in effect
EVT427943,2025-10-25 19:58:35,Sports Fixture,J011,Indiranagar 100ft Road,28969,Weekend,False,Clear,False,0.0,False,False,0.841,Severe,16.4,63.9,324.7,0.199,0.459,0.948,Heavy congestion detected - signal timing extended and reroute suggested
EVT427944,2026-06-14 08:39:10,Trade Fair,J012,Koramangala Sony World,14266,Weekend,False,Clear,False,0.0,False,False,0.975,Severe,7.5,74.9,526.4,0.163,0.376,0.892,Heavy congestion detected - signal timing extended and reroute suggested
EVT427945,2025-05-16 19:22:39,Local Market Day,J040,City Market,3384,Weekday,False,Clear,False,0.0,False,False,0.891,Severe,10.7,63.7,326.4,0.126,0.29,0.924,Heavy congestion detected - signal timing extended and reroute suggested
EVT427946,2025-09-06 21:40:36,Cultural Procession,J009,Majestic,10021,Weekend,True,Rain,True,8.9,False,False,0.649,High,20.5,53.7,405.3,0.272,0.627,0.909,Festival crowd surge detected - alternate route and extended cycle recommended
EVT427947,2025-10-26 10:33:23,Local Market Day,J030,MG Road,5703,Weekend,False,Rain,True,14.9,False,False,0.785,Severe,14.1,51.2,131.5,0.078,0.18,0.934,Heavy rain reducing visibility and grip - reduced speed and longer buffer advised
EVT427948,2025-11-13 22:47:27,Concert,J031,Cubbon Road,10268,Weekday,False,Clear,False,0.0,False,False,0.263,Low,31.3,15.6,95.8,0.095,0.218,0.94,Moderate traffic flow - standard adaptive signal timing in effect
EVT427949,2025-02-12 19:43:52,Trade Fair,J031,Cubbon Road,15951,Weekday,False,Clear,False,0.0,False,False,0.908,Severe,9.6,67.1,536.8,0.201,0.465,0.932,Heavy congestion detected - signal timing extended and reroute suggested
EVT427950,2026-03-02 09:48:10,Local Market Day,J012,Koramangala Sony World,6720,Weekday,False,Clear,False,0.0,False,False,0.95,Severe,11.9,68.2,443.9,0.207,0.478,0.952,Heavy congestion detected - signal timing extended and reroute suggested
EVT427951,2025-12-07 19:57:38,Concert,J031,Cubbon Road,9958,Weekend,False,Clear,False,0.0,False,False,0.725,High,16.4,52.8,172.3,0.088,0.204,0.974,Moderate traffic flow - standard adaptive signal timing in effect
EVT427952,2026-01-22 12:27:47,Local Market Day,J012,Koramangala Sony World,4440,Weekday,False,Clear,False,0.0,False,False,0.242,Low,31.0,16.6,118.5,0.125,0.288,0.978,Normal free-flow traffic - standard signal timing maintained
EVT427953,2025-01-17 09:24:08,Local Market Day,J031,Cubbon Road,9621,Weekday,False,Clear,False,0.0,False,False,1.0,Severe,7.6,74.3,984.7,0.308,0.711,0.919,Heavy congestion detected - signal timing extended and reroute suggested
EVT427954,2026-06-24 13:36:09,Sports Fixture,J031,Cubbon Road,22257,Weekday,False,Heavy Rain,True,39.8,False,False,0.667,High,19.1,48.3,104.1,0.064,0.149,0.913,Heavy rain reducing visibility and grip - reduced speed and longer buffer advised
EVT427955,2026-03-16 18:20:48,Trade Fair,J023,Basavanagudi,5992,Weekday,False,Clear,False,0.0,False,False,0.945,Severe,9.0,67.8,588.6,0.238,0.549,0.936,Heavy congestion detected - signal timing extended and reroute suggested
EVT427956,2026-01-25 19:59:30,Sports Fixture,J030,MG Road,30646,Weekend,False,Clear,False,0.0,False,False,0.854,Severe,14.0,54.1,336.4,0.18,0.415,0.957,Heavy congestion detected - signal timing extended and reroute suggested
EVT427957,2025-04-26 00:44:53,Sports Fixture,J011,Indiranagar 100ft Road,24117,Weekend,False,Light Rain,True,5.6,True,False,0.925,Severe,11.2,63.9,257.1,0.124,0.286,0.714,Accident detected nearby - reroute and reduced speed advised
EVT427958,2025-02-07 09:34:46,Trade Fair,J031,Cubbon Road,8271,Weekday,False,Clear,False,0.0,False,False,1.0,Severe,8.2,68.8,208.5,0.088,0.202,0.905,Heavy congestion detected - signal timing extended and reroute suggested
EVT427959,2025-06-10 19:22:52,Trade Fair,J012,Koramangala Sony World,13728,Weekday,False,Fog,False,0.0,False,False,0.929,Severe,11.5,71.3,468.7,0.219,0.506,0.921,Heavy congestion detected - signal timing extended and reroute suggested
EVT427960,2025-09-15 18:34:33,Sports Fixture,J009,Majestic,15302,Weekday,False,Clear,False,0.0,False,False,1.0,Severe,10.7,69.9,588.2,0.248,0.572,0.917,Heavy congestion detected - signal timing extended and reroute suggested
EVT427961,2025-11-29 19:10:45,Trade Fair,J030,MG Road,14720,Weekend,False,Rain,True,16.2,False,False,1.0,Severe,8.6,71.7,518.1,0.18,0.415,0.858,Heavy rain reducing visibility and grip - reduced speed and longer buffer advised
EVT427962,2025-05-07 10:59:42,Sports Fixture,J031,Cubbon Road,17193,Weekday,False,Clear,False,0.0,False,False,0.5,Moderate,20.2,37.7,97.8,0.044,0.101,0.97,Moderate traffic flow - standard adaptive signal timing in effect
EVT427963,2025-08-30 15:46:56,Concert,J012,Koramangala Sony World,11839,Weekend,False,Light Rain,True,5.4,False,False,0.499,Moderate,18.2,37.9,124.0,0.054,0.125,0.885,Light rain detected - minor speed reduction advised
EVT427964,2025-08-05 16:12:44,Sports Fixture,J040,City Market,17276,Weekday,False,Clear,False,0.0,False,False,0.482,Moderate,19.5,35.7,140.7,0.084,0.194,0.96,Moderate traffic flow - standard adaptive signal timing in effect
EVT427965,2025-02-14 15:59:37,Political Rally,J040,City Market,10621,Weekday,False,Clear,False,0.0,False,False,0.482,Moderate,22.7,37.0,159.4,0.092,0.213,0.973,Moderate traffic flow - standard adaptive signal timing in effect
EVT427966,2026-05-03 18:28:13,Sports Fixture,J020,Malleshwaram Circle,38214,Weekend,False,Clear,False,0.0,False,False,1.0,Severe,9.6,75.1,750.0,0.299,0.69,0.913,Heavy congestion detected - signal timing extended and reroute suggested
EVT427967,2026-03-20 07:41:54,Religious Festival,J030,MG Road,42986,Weekday,True,Clear,False,0.0,False,True,1.0,Severe,7.4,92.9,572.9,0.177,0.41,0.837,Road closure for event/procession - full detour recommended for through-traffic
EVT427968,2026-01-28 18:36:11,Political Rally,J040,City Market,20177,Weekday,False,Clear,False,0.0,False,False,1.0,Severe,9.1,75.6,417.9,0.157,0.364,0.904,Heavy congestion detected - signal timing extended and reroute suggested
EVT427969,2025-02-11 09:59:15,Local Market Day,J030,MG Road,5574,Weekday,False,Clear,False,0.0,False,False,0.857,Severe,11.3,63.1,228.6,0.11,0.254,0.951,Heavy congestion detected - signal timing extended and reroute suggested
EVT427970,2026-03-30 08:38:47,Local Market Day,J011,Indiranagar 100ft Road,3571,Weekday,False,Light Rain,True,4.1,False,False,1.0,Severe,9.3,80.5,597.4,0.231,0.534,0.874,Heavy rain reducing visibility and grip - reduced speed and longer buffer advised
EVT427971,2025-09-28 16:01:38,Political Rally,J009,Majestic,10627,Weekend,False,Clear,False,0.0,False,False,0.368,Moderate,28.6,26.5,59.6,0.062,0.142,0.958,Moderate traffic flow - standard adaptive signal timing in effect
EVT427972,2025-12-15 06:52:00,Concert,J031,Cubbon Road,12539,Weekday,False,Clear,False,0.0,False,False,0.431,Moderate,28.9,24.2,183.4,0.135,0.311,0.989,Moderate traffic flow - standard adaptive signal timing in effect
EVT427973,2025-07-28 07:50:07,Concert,J011,Indiranagar 100ft Road,4698,Weekday,False,Rain,True,10.1,False,False,0.892,Severe,11.8,70.8,421.1,0.189,0.437,0.908,Heavy rain reducing visibility and grip - reduced speed and longer buffer advised
EVT427974,2025-01-27 09:00:16,Cultural Procession,J031,Cubbon Road,18679,Weekday,True,Clear,False,0.0,False,True,1.0,Severe,5.3,99.7,929.8,0.233,0.539,0.838,Road closure for event/procession - full detour recommended for through-traffic
EVT427975,2025-11-16 23:36:41,Political Rally,J040,City Market,9103,Weekend,False,Clear,False,0.0,False,False,0.209,Low,31.1,14.7,156.3,0.122,0.281,0.964,Normal free-flow traffic - standard signal timing maintained
EVT427976,2026-03-27 09:59:16,Religious Festival,J009,Majestic,54799,Weekday,True,Clear,False,0.0,False,True,1.0,Severe,8.8,97.9,717.8,0.267,0.617,0.828,Road closure for event/procession - full detour recommended for through-traffic
EVT427977,2025-08-04 16:13:40,Local Market Day,J031,Cubbon Road,4626,Weekday,False,Rain,True,10.2,False,False,0.705,High,15.9,50.2,343.2,0.179,0.414,0.908,Heavy rain reducing visibility and grip - reduced speed and longer buffer advised
EVT427978,2026-03-08 21:50:23,Local Market Day,J012,Koramangala Sony World,3213,Weekend,False,Clear,False,0.0,False,False,0.255,Low,33.2,27.8,86.8,0.059,0.136,0.96,Moderate traffic flow - standard adaptive signal timing in effect
EVT427979,2026-01-02 09:33:37,Fireworks Display,J031,Cubbon Road,22867,Weekday,True,Clear,False,0.0,False,False,1.0,Severe,9.5,64.9,344.3,0.131,0.303,0.865,Festival crowd surge detected - alternate route and extended cycle recommended
EVT427980,2025-03-01 07:27:15,Concert,J012,Koramangala Sony World,8044,Weekend,False,Light Rain,True,7.2,False,False,0.764,Severe,17.3,57.3,268.9,0.154,0.356,0.904,Heavy rain reducing visibility and grip - reduced speed and longer buffer advised
EVT427981,2025-04-03 05:17:06,Local Market Day,J023,Basavanagudi,3859,Weekday,False,Clear,False,0.0,False,False,0.238,Low,35.9,16.7,103.0,0.1,0.232,0.972,Normal free-flow traffic - standard signal timing maintained
EVT427982,2026-06-15 19:10:48,Sports Fixture,J011,Indiranagar 100ft Road,18466,Weekday,False,Clear,False,0.0,False,False,1.0,Severe,7.6,74.6,488.1,0.145,0.334,0.919,Heavy congestion detected - signal timing extended and reroute suggested
EVT427983,2025-05-14 08:04:44,Local Market Day,J030,MG Road,5598,Weekday,False,Rain,True,14.3,False,False,1.0,Severe,9.7,76.8,300.2,0.127,0.294,0.87,Heavy rain reducing visibility and grip - reduced speed and longer buffer advised
EVT427984,2025-10-21 09:58:05,Religious Festival,J030,MG Road,51803,Weekday,True,Clear,False,0.0,False,False,1.0,Severe,9.8,71.7,537.0,0.177,0.408,0.848,Festival crowd surge detected - alternate route and extended cycle recommended
EVT427985,2025-10-25 12:22:08,Concert,J040,City Market,12113,Weekend,False,Fog,False,0.0,False,False,0.356,Moderate,29.7,27.9,131.3,0.09,0.207,0.958,Moderate traffic flow - standard adaptive signal timing in effect
EVT427986,2025-07-21 09:22:51,Sports Fixture,J020,Malleshwaram Circle,22662,Weekday,False,Rain,True,18.2,False,False,1.0,Severe,6.4,72.9,749.7,0.219,0.506,0.879,Heavy rain reducing visibility and grip - reduced speed and longer buffer advised
EVT427987,2025-02-11 17:08:53,Political Rally,J030,MG Road,20816,Weekday,False,Clear,False,0.0,False,False,0.832,Severe,14.3,64.8,486.6,0.256,0.59,0.942,Heavy congestion detected - signal timing extended and reroute suggested
EVT427988,2025-12-10 12:05:14,Political Rally,J009,Majestic,20576,Weekday,False,Fog,False,0.0,False,False,0.403,Moderate,32.1,25.0,114.3,0.104,0.241,0.977,Moderate traffic flow - standard adaptive signal timing in effect
EVT427989,2025-01-13 12:46:21,Concert,J011,Indiranagar 100ft Road,11842,Weekday,False,Clear,False,0.0,False,False,0.296,Low,28.8,26.3,191.1,0.155,0.357,0.972,Moderate traffic flow - standard adaptive signal timing in effect
EVT427990,2026-05-28 14:48:12,Concert,J009,Majestic,24057,Weekday,False,Clear,False,0.0,False,False,0.404,Moderate,22.0,34.4,264.4,0.172,0.398,0.99,Moderate traffic flow - standard adaptive signal timing in effect
EVT427991,2025-08-09 16:16:30,Local Market Day,J040,City Market,3888,Weekend,False,Clear,False,0.0,False,False,0.514,Moderate,25.2,35.3,318.8,0.229,0.528,0.948,Moderate traffic flow - standard adaptive signal timing in effect
EVT427992,2025-11-17 20:51:25,Sports Fixture,J011,Indiranagar 100ft Road,31252,Weekday,False,Clear,False,0.0,False,False,0.655,High,19.7,49.5,246.3,0.155,0.359,0.956,Moderate traffic flow - standard adaptive signal timing in effect
EVT427993,2025-12-23 02:24:03,Trade Fair,J023,Basavanagudi,5675,Weekday,False,Clear,False,0.0,False,False,0.128,Low,41.4,2.0,165.5,0.155,0.358,0.975,Normal free-flow traffic - standard signal timing maintained
EVT427994,2025-07-05 08:35:09,Sports Fixture,J040,City Market,17886,Weekend,False,Heavy Rain,True,38.4,False,False,1.0,Severe,8.9,71.4,777.8,0.293,0.677,0.853,Heavy rain reducing visibility and grip - reduced speed and longer buffer advised
EVT427995,2025-01-04 19:56:44,Local Market Day,J012,Koramangala Sony World,2863,Weekend,False,Clear,False,0.0,False,False,0.597,High,17.1,47.0,464.2,0.255,0.588,0.983,Moderate traffic flow - standard adaptive signal timing in effect
EVT427996,2026-01-09 16:41:16,Sports Fixture,J012,Koramangala Sony World,24507,Weekday,False,Clear,False,0.0,False,False,0.761,Severe,11.5,57.8,422.8,0.171,0.394,0.947,Heavy congestion detected - signal timing extended and reroute suggested
EVT427997,2026-01-07 08:04:12,Concert,J009,Majestic,9550,Weekday,False,Clear,False,0.0,False,False,0.814,Severe,15.5,57.3,460.7,0.255,0.588,0.962,Heavy congestion detected - signal timing extended and reroute suggested
EVT427998,2025-02-22 14:59:57,Trade Fair,J023,Basavanagudi,5216,Weekend,False,Clear,False,0.0,False,False,0.317,Low,30.8,22.8,84.0,0.064,0.149,0.952,Moderate traffic flow - standard adaptive signal timing in effect
EVT427999,2025-11-10 19:56:53,Political Rally,J023,Basavanagudi,11809,Weekday,False,Clear,False,0.0,False,False,0.798,Severe,13.5,57.0,270.9,0.105,0.242,0.968,Heavy congestion detected - signal timing extended and reroute suggested
EVT428000,2026-04-25 13:55:38,Local Market Day,J020,Malleshwaram Circle,5053,Weekend,False,Clear,False,0.0,False,False,0.27,Low,29.3,21.1,107.8,0.092,0.212,0.975,Moderate traffic flow - standard adaptive signal timing in effect
EVT428001,2025-04-23 14:05:30,Sports Fixture,J040,City Market,22018,Weekday,False,Clear,False,0.0,False,False,0.297,Low,27.6,24.5,184.0,0.146,0.336,0.959,Moderate traffic flow - standard adaptive signal timing in effect
EVT428002,2025-08-20 20:27:26,Trade Fair,J011,Indiranagar 100ft Road,11291,Weekday,False,Clear,False,0.0,False,False,0.61,High,22.8,44.5,156.0,0.102,0.236,0.971,Moderate traffic flow - standard adaptive signal timing in effect
EVT428003,2026-03-01 19:29:35,Concert,J031,Cubbon Road,12753,Weekend,False,Fog,False,0.0,False,False,0.744,High,16.7,48.0,317.5,0.165,0.381,0.975,Moderate traffic flow - standard adaptive signal timing in effect
EVT428004,2026-05-31 14:21:31,Political Rally,J020,Malleshwaram Circle,19234,Weekend,False,Clear,False,0.0,False,False,0.407,Moderate,27.2,21.5,115.1,0.102,0.236,0.99,Moderate traffic flow - standard adaptive signal timing in effect
EVT428005,2025-06-26 12:14:39,Concert,J020,Malleshwaram Circle,14368,Weekday,False,Clear,False,0.0,False,False,0.283,Low,29.9,22.1,101.0,0.059,0.136,0.957,Moderate traffic flow - standard adaptive signal timing in effect
EVT428006,2025-03-30 21:27:36,Cultural Procession,J031,Cubbon Road,23288,Weekend,True,Clear,False,0.0,False,False,0.692,High,15.3,49.7,311.1,0.165,0.381,0.919,Festival crowd surge detected - alternate route and extended cycle recommended
EVT428007,2026-03-14 08:20:49,Concert,J030,MG Road,10090,Weekend,False,Rain,True,11.3,False,False,1.0,Severe,8.6,70.9,562.7,0.198,0.457,0.86,Heavy rain reducing visibility and grip - reduced speed and longer buffer advised
EVT428008,2025-11-07 07:16:26,Local Market Day,J040,City Market,4696,Weekday,False,Clear,False,0.0,False,False,0.507,Moderate,25.7,35.5,257.6,0.192,0.444,0.989,Moderate traffic flow - standard adaptive signal timing in effect
EVT428009,2026-04-04 17:55:06,Political Rally,J012,Koramangala Sony World,9692,Weekend,False,Clear,False,0.0,False,False,0.86,Severe,14.9,57.1,289.9,0.163,0.377,0.933,Heavy congestion detected - signal timing extended and reroute suggested
EVT428010,2025-11-09 14:45:54,Concert,J031,Cubbon Road,6883,Weekend,False,Clear,False,0.0,False,False,0.246,Low,30.1,15.5,159.0,0.124,0.287,0.966,Normal free-flow traffic - standard signal timing maintained
EVT428011,2026-02-04 15:42:07,Local Market Day,J011,Indiranagar 100ft Road,4294,Weekday,False,Fog,False,0.0,False,False,0.342,Low,23.5,23.3,224.0,0.149,0.343,0.954,Moderate traffic flow - standard adaptive signal timing in effect
EVT428012,2025-07-30 23:25:36,Political Rally,J040,City Market,23847,Weekday,False,Rain,True,20.8,False,False,0.568,High,20.3,44.9,212.6,0.131,0.303,0.902,Heavy rain reducing visibility and grip - reduced speed and longer buffer advised
EVT428013,2025-12-29 20:11:08,Trade Fair,J023,Basavanagudi,13265,Weekday,False,Clear,False,0.0,False,False,0.741,High,15.3,50.1,317.1,0.166,0.383,0.969,Moderate traffic flow - standard adaptive signal timing in effect
EVT428014,2025-06-25 10:53:54,Political Rally,J020,Malleshwaram Circle,8667,Weekday,False,Clear,False,0.0,False,False,0.544,Moderate,25.7,43.5,219.3,0.182,0.42,0.968,Moderate traffic flow - standard adaptive signal timing in effect
EVT428015,2026-04-01 11:36:22,Trade Fair,J012,Koramangala Sony World,13790,Weekday,False,Clear,False,0.0,False,False,0.368,Moderate,28.0,26.6,213.2,0.182,0.42,0.95,Moderate traffic flow - standard adaptive signal timing in effect
EVT428016,2025-06-07 13:28:13,Concert,J031,Cubbon Road,5831,Weekend,False,Heavy Rain,True,35.8,False,False,0.635,High,18.2,47.4,397.3,0.238,0.55,0.923,Heavy rain reducing visibility and grip - reduced speed and longer buffer advised
EVT428017,2025-03-07 19:54:01,Trade Fair,J012,Koramangala Sony World,6947,Weekday,False,Clear,False,0.0,False,False,0.746,High,19.7,55.4,114.8,0.077,0.178,0.975,Moderate traffic flow - standard adaptive signal timing in effect
EVT428018,2025-12-28 15:15:54,Concert,J030,MG Road,6695,Weekend,False,Clear,False,0.0,False,False,0.375,Moderate,21.7,24.1,163.4,0.121,0.279,0.959,Moderate traffic flow - standard adaptive signal timing in effect
EVT428019,2025-05-17 16:01:51,Local Market Day,J031,Cubbon Road,4634,Weekend,False,Clear,False,0.0,False,False,0.433,Moderate,30.2,34.1,151.4,0.138,0.319,0.984,Moderate traffic flow - standard adaptive signal timing in effect
EVT428020,2025-03-01 11:03:53,Sports Fixture,J023,Basavanagudi,25050,Weekend,False,Clear,False,0.0,False,False,0.524,Moderate,23.0,41.9,185.6,0.11,0.255,0.957,Moderate traffic flow - standard adaptive signal timing in effect
EVT428021,2025-04-14 13:35:53,Fireworks Display,J040,City Market,48094,Weekday,True,Clear,False,0.0,False,False,0.613,High,17.0,46.8,247.1,0.128,0.296,0.9,Festival crowd surge detected - alternate route and extended cycle recommended
EVT428022,2025-05-24 07:23:43,Sports Fixture,J012,Koramangala Sony World,23645,Weekend,False,Clear,False,0.0,False,False,0.652,High,21.9,44.9,218.3,0.146,0.338,0.957,Moderate traffic flow - standard adaptive signal timing in effect
EVT428023,2025-08-17 19:32:17,Concert,J012,Koramangala Sony World,24047,Weekend,False,Heavy Rain,True,31.8,False,False,1.0,Severe,9.3,67.1,516.2,0.191,0.442,0.868,Heavy rain reducing visibility and grip - reduced speed and longer buffer advised
EVT428024,2025-04-04 08:49:54,Sports Fixture,J030,MG Road,27946,Weekday,False,Clear,False,0.0,False,False,1.0,Severe,8.1,68.8,579.8,0.191,0.442,0.893,Heavy congestion detected - signal timing extended and reroute suggested
EVT428025,2025-07-05 08:16:20,Local Market Day,J030,MG Road,3820,Weekend,False,Rain,True,18.8,False,False,0.934,Severe,10.1,67.0,345.1,0.136,0.314,0.888,Heavy rain reducing visibility and grip - reduced speed and longer buffer advised
EVT428026,2026-02-09 13:15:28,Local Market Day,J030,MG Road,5691,Weekday,False,Clear,False,0.0,False,False,0.198,Low,27.1,12.1,158.8,0.105,0.242,0.965,Normal free-flow traffic - standard signal timing maintained
EVT428027,2026-01-09 18:15:09,Political Rally,J030,MG Road,9257,Weekday,False,Clear,False,0.0,False,False,1.0,Severe,9.1,65.1,382.9,0.154,0.355,0.916,Heavy congestion detected - signal timing extended and reroute suggested
EVT428028,2025-10-17 08:10:59,Trade Fair,J030,MG Road,14370,Weekday,False,Clear,False,0.0,False,False,0.958,Severe,11.7,74.4,338.6,0.161,0.372,0.917,Heavy congestion detected - signal timing extended and reroute suggested
EVT428029,2025-05-09 17:03:00,Political Rally,J020,Malleshwaram Circle,26502,Weekday,False,Clear,False,0.0,False,False,0.952,Severe,8.3,68.7,196.3,0.075,0.173,0.924,Heavy congestion detected - signal timing extended and reroute suggested
EVT428030,2025-02-28 13:33:39,Sports Fixture,J023,Basavanagudi,34010,Weekday,False,Clear,False,0.0,False,False,0.379,Moderate,24.4,25.0,245.7,0.164,0.378,0.982,Moderate traffic flow - standard adaptive signal timing in effect
EVT428031,2026-04-04 16:17:00,Trade Fair,J040,City Market,19453,Weekend,False,Clear,False,0.0,False,False,0.649,High,21.2,49.1,189.7,0.161,0.371,0.95,Moderate traffic flow - standard adaptive signal timing in effect
EVT428032,2026-06-16 10:30:46,Local Market Day,J030,MG Road,3679,Weekday,False,Fog,False,0.0,False,False,0.576,High,21.2,37.9,233.9,0.172,0.398,0.972,Moderate traffic flow - standard adaptive signal timing in effect
EVT428033,2025-06-22 22:10:55,Concert,J011,Indiranagar 100ft Road,11748,Weekend,False,Clear,False,0.0,False,False,0.319,Low,28.7,27.6,193.0,0.172,0.397,0.947,Moderate traffic flow - standard adaptive signal timing in effect
EVT428034,2026-03-06 16:23:29,Local Market Day,J040,City Market,4230,Weekday,False,Fog,False,0.0,False,False,0.531,Moderate,26.0,32.7,230.0,0.167,0.386,0.935,Moderate traffic flow - standard adaptive signal timing in effect
EVT428035,2025-03-08 07:23:24,Local Market Day,J031,Cubbon Road,2216,Weekend,False,Clear,False,0.0,False,False,0.489,Moderate,21.2,32.0,166.1,0.109,0.252,0.972,Moderate traffic flow - standard adaptive signal timing in effect
EVT428036,2025-10-06 12:06:54,Local Market Day,J009,Majestic,6751,Weekday,False,Clear,False,0.0,False,False,0.24,Low,36.4,11.4,90.4,0.084,0.193,0.978,Normal free-flow traffic - standard signal timing maintained
EVT428037,2026-06-12 17:20:34,Local Market Day,J030,MG Road,3130,Weekday,False,Heavy Rain,True,31.4,False,False,1.0,Severe,8.8,72.3,519.8,0.205,0.473,0.852,Heavy rain reducing visibility and grip - reduced speed and longer buffer advised
EVT428038,2026-05-08 20:40:05,Trade Fair,J020,Malleshwaram Circle,8579,Weekday,False,Clear,False,0.0,False,False,0.566,High,24.8,38.9,321.5,0.253,0.585,0.981,Moderate traffic flow - standard adaptive signal timing in effect
EVT428039,2026-02-01 18:50:07,Local Market Day,J031,Cubbon Road,7432,Weekend,False,Clear,False,0.0,False,False,0.862,Severe,15.1,60.8,447.0,0.25,0.577,0.944,Heavy congestion detected - signal timing extended and reroute suggested
EVT428040,2025-05-22 07:50:43,Trade Fair,J023,Basavanagudi,14863,Weekday,False,Rain,True,23.7,False,False,1.0,Severe,6.7,73.3,718.1,0.198,0.458,0.852,Heavy rain reducing visibility and grip - reduced speed and longer buffer advised
EVT428041,2026-01-04 04:07:52,Local Market Day,J009,Majestic,5477,Weekend,False,Clear,False,0.0,False,False,0.253,Low,34.0,22.4,158.8,0.135,0.312,0.976,Moderate traffic flow - standard adaptive signal timing in effect
EVT428042,2025-06-11 05:23:13,Local Market Day,J030,MG Road,4646,Weekday,False,Clear,False,0.0,False,False,0.218,Low,33.3,19.9,164.5,0.139,0.322,0.948,Normal free-flow traffic - standard signal timing maintained
EVT428043,2026-06-22 22:20:41,Political Rally,J023,Basavanagudi,23116,Weekday,False,Clear,False,0.0,False,False,0.341,Low,30.2,24.5,251.9,0.211,0.488,0.977,Moderate traffic flow - standard adaptive signal timing in effect
EVT428044,2025-03-07 08:07:18,Local Market Day,J031,Cubbon Road,2408,Weekday,False,Clear,False,0.0,False,False,0.861,Severe,14.0,65.8,307.1,0.191,0.442,0.951,Heavy congestion detected - signal timing extended and reroute suggested
EVT428045,2025-02-16 15:42:14,Political Rally,J023,Basavanagudi,13274,Weekend,False,Fog,False,0.0,False,False,0.505,Moderate,25.7,38.5,163.5,0.137,0.317,0.964,Moderate traffic flow - standard adaptive signal timing in effect
EVT428046,2025-04-27 17:19:47,Sports Fixture,J040,City Market,24081,Weekend,False,Clear,False,0.0,False,False,0.834,Severe,15.8,64.2,323.4,0.188,0.435,0.94,Heavy congestion detected - signal timing extended and reroute suggested
EVT428047,2025-03-20 13:06:11,Sports Fixture,J009,Majestic,9013,Weekday,False,Clear,False,0.0,False,False,0.172,Low,32.9,13.3,94.1,0.058,0.134,0.962,Normal free-flow traffic - standard signal timing maintained
EVT428048,2026-01-14 08:37:56,Fireworks Display,J031,Cubbon Road,19986,Weekday,True,Clear,False,0.0,False,False,1.0,Severe,9.1,73.2,466.0,0.189,0.436,0.87,Festival crowd surge detected - alternate route and extended cycle recommended
EVT428049,2026-06-20 19:43:06,Sports Fixture,J011,Indiranagar 100ft Road,47458,Weekend,False,Clear,False,0.0,False,False,1.0,Severe,7.9,73.2,631.5,0.193,0.446,0.897,Heavy congestion detected - signal timing extended and reroute suggested
EVT428050,2025-07-20 14:23:14,Local Market Day,J023,Basavanagudi,3469,Weekend,False,Clear,False,0.0,False,False,0.238,Low,30.2,16.9,189.8,0.161,0.371,0.967,Normal free-flow traffic - standard signal timing maintained
EVT428051,2025-04-01 17:53:53,Concert,J012,Koramangala Sony World,7160,Weekday,False,Clear,False,0.0,False,False,0.932,Severe,10.8,63.4,677.8,0.276,0.638,0.906,Heavy congestion detected - signal timing extended and reroute suggested
EVT428052,2026-03-07 04:19:19,Trade Fair,J023,Basavanagudi,21115,Weekend,False,Clear,False,0.0,False,False,0.346,Low,32.2,23.0,139.5,0.125,0.289,0.958,Moderate traffic flow - standard adaptive signal timing in effect
EVT428053,2025-09-03 07:57:07,Concert,J031,Cubbon Road,7346,Weekday,False,Clear,False,0.0,False,False,0.753,Severe,16.7,54.5,390.9,0.227,0.525,0.955,Heavy congestion detected - signal timing extended and reroute suggested
EVT428054,2026-01-04 14:40:25,Trade Fair,J023,Basavanagudi,11591,Weekend,False,Clear,False,0.0,False,False,0.394,Moderate,32.9,23.6,80.8,0.06,0.138,0.972,Moderate traffic flow - standard adaptive signal timing in effect
EVT428055,2025-07-24 11:18:49,Local Market Day,J030,MG Road,6362,Weekday,False,Clear,False,0.0,False,False,0.361,Moderate,25.5,24.8,186.1,0.124,0.286,0.948,Moderate traffic flow - standard adaptive signal timing in effect
EVT428056,2025-12-06 22:14:42,Local Market Day,J030,MG Road,2183,Weekend,False,Clear,False,0.0,False,False,0.263,Low,28.7,15.5,102.8,0.076,0.175,0.978,Moderate traffic flow - standard adaptive signal timing in effect
EVT428057,2026-06-10 16:36:44,Local Market Day,J031,Cubbon Road,4169,Weekday,False,Clear,False,0.0,False,False,0.608,High,19.4,43.7,323.4,0.194,0.449,0.95,Moderate traffic flow - standard adaptive signal timing in effect
EVT428058,2025-12-23 22:23:48,Trade Fair,J020,Malleshwaram Circle,20950,Weekday,False,Fog,False,0.0,False,False,0.261,Low,34.8,20.1,142.5,0.141,0.325,0.964,Moderate traffic flow - standard adaptive signal timing in effect
EVT428059,2025-09-03 21:07:00,Concert,J040,City Market,19652,Weekday,False,Clear,False,0.0,False,False,0.489,Moderate,27.8,40.3,195.3,0.146,0.338,0.956,Moderate traffic flow - standard adaptive signal timing in effect
EVT428060,2025-01-23 16:01:04,Concert,J023,Basavanagudi,11987,Weekday,False,Clear,False,0.0,False,False,0.563,High,20.7,34.0,117.0,0.074,0.171,0.959,Moderate traffic flow - standard adaptive signal timing in effect
EVT428061,2025-03-09 14:59:31,Local Market Day,J020,Malleshwaram Circle,4962,Weekend,False,Clear,False,0.0,False,False,0.267,Low,32.4,19.0,85.5,0.072,0.167,0.982,Moderate traffic flow - standard adaptive signal timing in effect
EVT428062,2026-06-01 17:46:27,Local Market Day,J012,Koramangala Sony World,5061,Weekday,False,Light Rain,True,5.5,False,False,1.0,Severe,9.5,74.2,353.6,0.151,0.349,0.865,Heavy rain reducing visibility and grip - reduced speed and longer buffer advised
EVT428063,2025-09-03 18:18:55,Concert,J030,MG Road,13041,Weekday,False,Clear,False,0.0,False,False,1.0,Severe,8.2,81.9,442.1,0.149,0.343,0.901,Heavy congestion detected - signal timing extended and reroute suggested
EVT428064,2026-04-25 18:11:52,Trade Fair,J009,Majestic,6703,Weekend,False,Clear,False,0.0,False,False,0.856,Severe,12.0,59.3,479.3,0.206,0.477,0.935,Heavy congestion detected - signal timing extended and reroute suggested
EVT428065,2025-03-11 19:50:47,Trade Fair,J009,Majestic,12778,Weekday,False,Light Rain,True,1.0,False,False,0.904,Severe,10.5,65.7,606.0,0.224,0.517,0.863,Heavy rain reducing visibility and grip - reduced speed and longer buffer advised
EVT428066,2025-07-30 15:13:35,Trade Fair,J040,City Market,6743,Weekday,False,Clear,False,0.0,False,False,0.318,Low,26.4,23.9,191.9,0.143,0.33,0.957,Moderate traffic flow - standard adaptive signal timing in effect
EVT428067,2026-05-03 17:00:10,Sports Fixture,J030,MG Road,33940,Weekend,False,Clear,False,0.0,False,False,0.848,Severe,13.0,57.1,347.9,0.179,0.414,0.96,Heavy congestion detected - signal timing extended and reroute suggested
EVT428068,2025-05-01 04:10:48,Fireworks Display,J011,Indiranagar 100ft Road,33909,Weekday,True,Clear,False,0.0,False,False,0.489,Moderate,26.0,36.3,170.4,0.149,0.345,0.906,Moderate traffic flow - standard adaptive signal timing in effect
EVT428069,2025-02-07 19:24:12,Trade Fair,J009,Majestic,9812,Weekday,False,Clear,False,0.0,False,False,0.941,Severe,10.5,65.4,312.8,0.149,0.345,0.926,Heavy congestion detected - signal timing extended and reroute suggested
EVT428070,2025-08-20 11:34:59,Local Market Day,J023,Basavanagudi,5633,Weekday,False,Rain,True,10.1,False,False,0.389,Moderate,26.3,25.4,222.3,0.174,0.401,0.937,Light rain detected - minor speed reduction advised
EVT428071,2026-04-08 15:02:35,Sports Fixture,J040,City Market,23626,Weekday,False,Rain,True,9.9,False,False,0.524,Moderate,24.1,38.6,185.4,0.112,0.26,0.941,Light rain detected - minor speed reduction advised
EVT428072,2025-12-11 07:57:31,Local Market Day,J031,Cubbon Road,5493,Weekday,False,Clear,False,0.0,False,False,0.732,High,19.2,54.4,298.5,0.197,0.456,0.958,Moderate traffic flow - standard adaptive signal timing in effect
EVT428073,2025-07-21 15:52:48,Political Rally,J031,Cubbon Road,21804,Weekday,False,Heavy Rain,True,43.0,False,False,0.866,Severe,10.8,60.8,444.9,0.171,0.394,0.852,Heavy rain reducing visibility and grip - reduced speed and longer buffer advised
EVT428074,2025-11-29 16:50:22,Local Market Day,J020,Malleshwaram Circle,2026,Weekend,False,Clear,False,0.0,False,False,0.648,High,20.7,44.2,184.7,0.126,0.29,0.912,Moderate traffic flow - standard adaptive signal timing in effect
EVT428075,2025-05-07 14:28:26,Local Market Day,J011,Indiranagar 100ft Road,6128,Weekday,False,Clear,False,0.0,False,False,0.221,Low,38.5,18.6,135.7,0.162,0.375,0.99,Normal free-flow traffic - standard signal timing maintained
EVT428076,2025-01-18 14:31:56,Political Rally,J031,Cubbon Road,15446,Weekend,False,Clear,False,0.0,False,False,0.351,Moderate,21.5,21.0,268.2,0.156,0.36,0.951,Moderate traffic flow - standard adaptive signal timing in effect
EVT428077,2025-07-13 21:29:22,Concert,J031,Cubbon Road,12668,Weekend,False,Rain,True,18.7,False,False,0.578,High,21.5,38.4,113.6,0.073,0.168,0.92,Heavy rain reducing visibility and grip - reduced speed and longer buffer advised
EVT428078,2025-02-11 19:52:03,Political Rally,J011,Indiranagar 100ft Road,8706,Weekday,False,Clear,False,0.0,False,False,0.735,High,15.8,55.1,285.3,0.148,0.343,0.99,Moderate traffic flow - standard adaptive signal timing in effect
EVT428079,2025-03-07 07:18:33,Political Rally,J040,City Market,11024,Weekday,False,Clear,False,0.0,False,False,0.577,High,24.2,39.9,299.0,0.244,0.563,0.963,Moderate traffic flow - standard adaptive signal timing in effect
EVT428080,2026-05-16 19:53:39,Sports Fixture,J023,Basavanagudi,28779,Weekend,False,Clear,False,0.0,False,False,0.802,Severe,15.5,54.9,308.8,0.158,0.366,0.946,Heavy congestion detected - signal timing extended and reroute suggested
EVT428081,2026-05-08 08:15:37,Trade Fair,J031,Cubbon Road,5259,Weekday,False,Clear,False,0.0,False,False,0.862,Severe,15.2,61.4,551.6,0.307,0.709,0.957,Heavy congestion detected - signal timing extended and reroute suggested
EVT428082,2025-05-09 15:36:34,Local Market Day,J040,City Market,4324,Weekday,False,Clear,False,0.0,False,False,0.309,Low,28.6,26.9,108.5,0.054,0.125,0.978,Moderate traffic flow - standard adaptive signal timing in effect
EVT428083,2025-06-13 18:06:44,Political Rally,J030,MG Road,7829,Weekday,False,Clear,False,0.0,False,False,1.0,Severe,7.8,73.6,607.2,0.188,0.435,0.904,Heavy congestion detected - signal timing extended and reroute suggested
EVT428084,2026-05-31 08:47:59,Local Market Day,J009,Majestic,5005,Weekend,False,Clear,False,0.0,False,False,0.86,Severe,13.7,67.1,272.8,0.161,0.371,0.935,Heavy congestion detected - signal timing extended and reroute suggested
EVT428085,2025-04-21 22:47:49,Local Market Day,J009,Majestic,4389,Weekday,False,Clear,False,0.0,False,False,0.198,Low,28.1,22.4,166.8,0.132,0.305,0.942,Normal free-flow traffic - standard signal timing maintained
EVT428086,2025-07-26 09:44:20,Local Market Day,J020,Malleshwaram Circle,5277,Weekend,False,Clear,False,0.0,False,False,0.723,High,14.7,55.2,407.6,0.203,0.469,0.975,Moderate traffic flow - standard adaptive signal timing in effect
EVT428087,2025-06-02 22:48:12,Sports Fixture,J009,Majestic,14384,Weekday,False,Rain,True,20.0,False,False,0.435,Moderate,25.3,33.5,148.4,0.1,0.231,0.903,Light rain detected - minor speed reduction advised
EVT428088,2025-04-18 00:10:39,Political Rally,J030,MG Road,16806,Weekday,False,Clear,False,0.0,False,False,0.228,Low,35.2,12.9,140.1,0.114,0.264,0.975,Normal free-flow traffic - standard signal timing maintained
EVT428089,2025-10-18 06:12:54,Concert,J023,Basavanagudi,13168,Weekend,False,Clear,False,0.0,False,False,0.36,Moderate,35.5,21.2,109.1,0.086,0.198,0.96,Moderate traffic flow - standard adaptive signal timing in effect
EVT428090,2026-03-14 08:00:48,Political Rally,J020,Malleshwaram Circle,27903,Weekend,False,Clear,False,0.0,False,False,0.871,Severe,13.5,62.1,422.4,0.196,0.452,0.931,Heavy congestion detected - signal timing extended and reroute suggested
EVT428091,2026-01-22 17:09:24,Trade Fair,J020,Malleshwaram Circle,4354,Weekday,False,Clear,False,0.0,False,False,0.749,High,13.9,55.7,279.9,0.131,0.303,0.988,Moderate traffic flow - standard adaptive signal timing in effect
EVT428092,2025-11-16 18:12:19,Sports Fixture,J030,MG Road,17523,Weekend,False,Clear,False,0.0,False,False,0.86,Severe,13.7,62.9,320.2,0.164,0.379,0.95,Heavy congestion detected - signal timing extended and reroute suggested
EVT428093,2025-06-08 14:16:26,Concert,J023,Basavanagudi,17860,Weekend,False,Clear,False,0.0,False,False,0.316,Low,35.8,26.7,90.7,0.075,0.172,0.951,Moderate traffic flow - standard adaptive signal timing in effect
EVT428094,2025-09-04 18:27:00,Concert,J023,Basavanagudi,13685,Weekday,False,Clear,False,0.0,False,False,1.0,Severe,7.9,71.6,814.2,0.264,0.609,0.916,Heavy congestion detected - signal timing extended and reroute suggested
EVT428095,2025-12-21 06:44:06,Concert,J009,Majestic,13308,Weekend,False,Clear,False,0.0,False,False,0.437,Moderate,28.4,29.0,127.8,0.08,0.186,0.958,Moderate traffic flow - standard adaptive signal timing in effect
EVT428096,2025-01-15 18:47:57,Cultural Procession,J040,City Market,18350,Weekday,True,Clear,False,0.0,False,False,1.0,Severe,10.7,67.7,532.4,0.26,0.6,0.859,Festival crowd surge detected - alternate route and extended cycle recommended
EVT428097,2025-12-17 00:02:09,Sports Fixture,J011,Indiranagar 100ft Road,36613,Weekday,False,Clear,False,0.0,False,False,0.378,Moderate,25.6,25.1,240.2,0.182,0.421,0.934,Moderate traffic flow - standard adaptive signal timing in effect
EVT428098,2025-07-17 23:34:14,Concert,J012,Koramangala Sony World,15814,Weekday,False,Clear,False,0.0,False,False,0.195,Low,31.7,15.6,101.2,0.067,0.155,0.96,Normal free-flow traffic - standard signal timing maintained
EVT428099,2025-11-10 18:19:55,Trade Fair,J012,Koramangala Sony World,6346,Weekday,False,Clear,False,0.0,False,False,0.992,Severe,10.2,74.6,411.4,0.19,0.44,0.924,Heavy congestion detected - signal timing extended and reroute suggested
EVT428100,2025-02-12 15:41:51,Trade Fair,J009,Majestic,7870,Weekday,False,Clear,False,0.0,False,False,0.456,Moderate,31.1,32.9,89.6,0.067,0.154,0.974,Moderate traffic flow - standard adaptive signal timing in effect
EVT428101,2025-05-28 13:10:40,Concert,J012,Koramangala Sony World,24313,Weekday,False,Rain,True,14.7,False,False,0.381,Moderate,29.2,30.7,240.5,0.196,0.453,0.91,Light rain detected - minor speed reduction advised
EVT428102,2026-05-31 05:16:46,Political Rally,J031,Cubbon Road,17766,Weekend,False,Clear,False,0.0,False,False,0.338,Low,31.1,22.8,156.0,0.137,0.316,0.963,Moderate traffic flow - standard adaptive signal timing in effect
EVT428103,2026-04-10 19:08:31,Sports Fixture,J040,City Market,18057,Weekday,False,Light Rain,True,3.7,False,False,1.0,Severe,8.6,67.7,467.4,0.181,0.418,0.888,Heavy rain reducing visibility and grip - reduced speed and longer buffer advised
EVT428104,2026-02-27 04:46:00,Sports Fixture,J023,Basavanagudi,29691,Weekday,False,Clear,False,0.0,False,False,0.424,Moderate,31.8,25.9,74.2,0.042,0.097,0.982,Moderate traffic flow - standard adaptive signal timing in effect
EVT428105,2026-01-27 08:20:00,Cultural Procession,J031,Cubbon Road,16345,Weekday,True,Clear,False,0.0,False,False,1.0,Severe,6.5,75.3,574.8,0.171,0.396,0.854,Festival crowd surge detected - alternate route and extended cycle recommended
EVT428106,2026-02-25 08:40:07,Local Market Day,J012,Koramangala Sony World,3896,Weekday,False,Fog,False,0.0,False,False,1.0,Severe,6.5,70.9,751.9,0.211,0.489,0.92,Heavy congestion detected - signal timing extended and reroute suggested
EVT428107,2025-08-07 09:02:26,Local Market Day,J040,City Market,3701,Weekday,False,Heavy Rain,True,44.6,False,False,1.0,Severe,7.4,67.6,358.5,0.123,0.285,0.844,Heavy rain reducing visibility and grip - reduced speed and longer buffer advised
EVT428108,2025-09-05 21:33:05,Religious Festival,J040,City Market,103713,Weekday,True,Clear,False,0.0,False,False,1.0,Severe,8.7,77.3,497.0,0.174,0.403,0.85,Festival crowd surge detected - alternate route and extended cycle recommended
EVT428109,2026-03-01 19:09:16,Trade Fair,J023,Basavanagudi,9009,Weekend,False,Clear,False,0.0,False,False,0.788,Severe,17.1,60.0,329.5,0.193,0.447,0.962,Heavy congestion detected - signal timing extended and reroute suggested
EVT428110,2025-05-12 10:42:10,Local Market Day,J011,Indiranagar 100ft Road,3153,Weekday,False,Light Rain,True,4.8,False,False,0.631,High,18.4,40.3,182.3,0.103,0.237,0.911,Heavy rain reducing visibility and grip - reduced speed and longer buffer advised
EVT428111,2026-03-11 17:46:47,Local Market Day,J023,Basavanagudi,4318,Weekday,False,Clear,False,0.0,False,False,0.986,Severe,10.9,70.2,354.2,0.149,0.343,0.931,Heavy congestion detected - signal timing extended and reroute suggested
EVT428112,2025-07-02 15:32:40,Local Market Day,J012,Koramangala Sony World,7661,Weekday,False,Clear,False,0.0,False,False,0.375,Moderate,27.0,30.7,200.0,0.154,0.356,0.974,Moderate traffic flow - standard adaptive signal timing in effect
EVT428113,2025-11-02 06:55:00,Cultural Procession,J030,MG Road,18801,Weekend,True,Clear,False,0.0,False,True,0.851,High,10.6,92.8,576.1,0.242,0.559,0.835,Road closure for event/procession - full detour recommended for through-traffic
EVT428114,2025-12-01 19:09:12,Local Market Day,J009,Majestic,4531,Weekday,False,Clear,False,0.0,False,False,1.0,Severe,9.8,70.3,732.1,0.289,0.668,0.947,Heavy congestion detected - signal timing extended and reroute suggested
EVT428115,2025-11-20 20:18:57,Sports Fixture,J020,Malleshwaram Circle,25227,Weekday,False,Rain,True,23.5,False,False,0.963,Severe,7.9,72.7,488.0,0.155,0.359,0.86,Heavy rain reducing visibility and grip - reduced speed and longer buffer advised
EVT428116,2026-01-10 09:27:53,Sports Fixture,J023,Basavanagudi,37047,Weekend,False,Clear,False,0.0,False,False,0.953,Severe,12.4,66.2,347.6,0.164,0.379,0.942,Heavy congestion detected - signal timing extended and reroute suggested
EVT428117,2025-05-22 19:47:12,Local Market Day,J020,Malleshwaram Circle,2478,Weekday,False,Clear,False,0.0,False,False,0.731,High,13.8,49.2,123.2,0.062,0.143,0.943,Moderate traffic flow - standard adaptive signal timing in effect
EVT428118,2025-04-07 07:21:48,Religious Festival,J030,MG Road,32961,Weekday,True,Clear,False,0.0,False,True,1.0,Severe,8.3,92.0,443.9,0.168,0.389,0.843,Road closure for event/procession - full detour recommended for through-traffic
EVT428119,2026-03-10 12:07:47,Local Market Day,J012,Koramangala Sony World,3415,Weekday,False,Rain,True,10.6,True,False,0.68,High,20.7,51.3,142.0,0.081,0.187,0.747,Accident detected nearby - reroute and reduced speed advised
EVT428120,2025-05-30 20:17:34,Trade Fair,J031,Cubbon Road,8623,Weekday,False,Clear,False,0.0,False,False,0.619,High,18.4,43.1,405.2,0.254,0.586,0.986,Moderate traffic flow - standard adaptive signal timing in effect
EVT428121,2025-07-28 09:05:47,Sports Fixture,J012,Koramangala Sony World,14847,Weekday,False,Clear,False,0.0,False,False,1.0,Severe,6.0,72.5,671.8,0.192,0.443,0.917,Heavy congestion detected - signal timing extended and reroute suggested
EVT428122,2026-01-13 19:32:00,Sports Fixture,J031,Cubbon Road,16535,Weekday,False,Clear,False,0.0,False,False,0.94,Severe,12.0,62.0,459.8,0.221,0.51,0.947,Heavy congestion detected - signal timing extended and reroute suggested
EVT428123,2025-04-27 16:03:09,Sports Fixture,J020,Malleshwaram Circle,26049,Weekend,False,Clear,False,0.0,False,False,0.571,High,24.4,44.3,235.2,0.186,0.429,0.943,Moderate traffic flow - standard adaptive signal timing in effect
EVT428124,2025-07-02 08:37:15,Sports Fixture,J040,City Market,36461,Weekday,False,Fog,False,0.0,False,False,1.0,Severe,7.7,66.3,336.3,0.115,0.265,0.91,Heavy congestion detected - signal timing extended and reroute suggested
EVT428125,2025-12-26 19:48:32,Cultural Procession,J030,MG Road,21827,Weekday,True,Light Rain,True,5.3,False,True,1.0,Severe,8.8,98.2,776.7,0.3,0.694,0.791,Road closure for event/procession - full detour recommended for through-traffic
EVT428126,2025-01-24 08:56:40,Trade Fair,J040,City Market,8937,Weekday,False,Clear,False,0.0,False,False,1.0,Severe,8.8,67.1,539.2,0.197,0.454,0.939,Heavy congestion detected - signal timing extended and reroute suggested
EVT428127,2025-02-07 16:32:31,Local Market Day,J031,Cubbon Road,4817,Weekday,False,Clear,False,0.0,False,False,0.61,High,20.2,43.1,326.6,0.209,0.484,0.953,Moderate traffic flow - standard adaptive signal timing in effect
EVT428128,2025-02-19 17:15:33,Concert,J012,Koramangala Sony World,10278,Weekday,False,Clear,False,0.0,False,False,0.786,Severe,14.9,56.1,343.9,0.176,0.406,0.962,Heavy congestion detected - signal timing extended and reroute suggested
EVT428129,2025-10-02 02:45:27,Religious Festival,J020,Malleshwaram Circle,38463,Weekday,True,Clear,False,0.0,False,True,0.744,High,10.6,73.5,682.4,0.27,0.623,0.884,Road closure for event/procession - full detour recommended for through-traffic
EVT428130,2026-04-12 17:25:03,Sports Fixture,J040,City Market,24994,Weekend,False,Clear,False,0.0,False,False,0.931,Severe,10.8,68.3,339.8,0.127,0.293,0.931,Heavy congestion detected - signal timing extended and reroute suggested
EVT428131,2026-03-29 20:43:48,Local Market Day,J031,Cubbon Road,4578,Weekend,False,Clear,False,0.0,False,False,0.512,Moderate,26.1,40.6,295.5,0.238,0.551,0.964,Moderate traffic flow - standard adaptive signal timing in effect
EVT428132,2025-12-24 11:50:05,Local Market Day,J031,Cubbon Road,6142,Weekday,False,Clear,False,0.0,False,False,0.308,Low,27.8,29.7,109.9,0.101,0.234,0.96,Moderate traffic flow - standard adaptive signal timing in effect
EVT428133,2025-09-12 14:59:43,Sports Fixture,J009,Majestic,27850,Weekday,False,Clear,False,0.0,False,False,0.359,Moderate,29.2,18.1,178.7,0.138,0.319,0.937,Moderate traffic flow - standard adaptive signal timing in effect
EVT428134,2025-02-06 21:21:34,Local Market Day,J031,Cubbon Road,8561,Weekday,False,Clear,False,0.0,False,False,0.431,Moderate,31.4,33.5,162.6,0.124,0.287,0.943,Moderate traffic flow - standard adaptive signal timing in effect
EVT428135,2026-04-06 19:02:57,Trade Fair,J031,Cubbon Road,5536,Weekday,False,Rain,True,13.5,False,False,1.0,Severe,8.7,69.0,628.5,0.227,0.525,0.843,Heavy rain reducing visibility and grip - reduced speed and longer buffer advised
EVT428136,2025-08-31 20:28:31,Sports Fixture,J030,MG Road,21874,Weekend,False,Rain,True,10.5,False,False,0.712,High,18.6,46.8,345.2,0.2,0.463,0.913,Heavy rain reducing visibility and grip - reduced speed and longer buffer advised
EVT428137,2025-10-08 21:33:49,Sports Fixture,J031,Cubbon Road,18846,Weekday,False,Heavy Rain,True,32.7,False,False,0.684,High,16.2,49.9,202.8,0.128,0.296,0.926,Heavy rain reducing visibility and grip - reduced speed and longer buffer advised
EVT428138,2026-04-22 21:21:11,Concert,J020,Malleshwaram Circle,14685,Weekday,False,Clear,False,0.0,False,False,0.416,Moderate,25.1,32.3,241.6,0.178,0.411,0.974,Moderate traffic flow - standard adaptive signal timing in effect
EVT428139,2025-07-19 07:11:25,Local Market Day,J011,Indiranagar 100ft Road,5608,Weekend,False,Clear,False,0.0,False,False,0.447,Moderate,27.4,35.4,168.6,0.132,0.304,0.961,Moderate traffic flow - standard adaptive signal timing in effect
EVT428140,2025-06-10 09:37:41,Political Rally,J023,Basavanagudi,11924,Weekday,False,Clear,False,0.0,False,False,1.0,Severe,7.6,66.6,780.7,0.264,0.61,0.923,Heavy congestion detected - signal timing extended and reroute suggested
EVT428141,2025-09-02 12:26:56,Local Market Day,J030,MG Road,2652,Weekday,False,Rain,True,14.8,False,False,0.366,Moderate,29.3,24.6,118.3,0.112,0.259,0.931,Light rain detected - minor speed reduction advised
EVT428142,2026-05-21 16:45:09,Trade Fair,J030,MG Road,7068,Weekday,False,Clear,False,0.0,False,False,0.57,High,23.0,39.2,285.2,0.207,0.479,0.98,Moderate traffic flow - standard adaptive signal timing in effect
EVT428143,2026-06-07 11:43:58,Sports Fixture,J023,Basavanagudi,29071,Weekend,False,Clear,False,0.0,False,False,0.47,Moderate,22.9,41.6,247.5,0.173,0.4,0.968,Moderate traffic flow - standard adaptive signal timing in effect
EVT428144,2025-12-23 08:26:44,Local Market Day,J009,Majestic,3147,Weekday,False,Clear,False,0.0,False,False,0.971,Severe,8.2,69.6,489.0,0.173,0.399,0.919,Heavy congestion detected - signal timing extended and reroute suggested
EVT428145,2026-05-20 12:04:53,Political Rally,J011,Indiranagar 100ft Road,20719,Weekday,False,Clear,False,0.0,False,False,0.341,Low,30.5,18.6,164.0,0.117,0.269,0.969,Moderate traffic flow - standard adaptive signal timing in effect
EVT428146,2026-04-26 17:57:04,Concert,J012,Koramangala Sony World,29779,Weekend,False,Clear,False,0.0,False,False,0.888,Severe,13.2,58.3,166.0,0.106,0.246,0.944,Heavy congestion detected - signal timing extended and reroute suggested
EVT428147,2025-10-26 20:01:28,Local Market Day,J030,MG Road,3333,Weekend,False,Clear,False,0.0,False,False,0.65,High,17.9,47.3,253.6,0.143,0.331,0.961,Moderate traffic flow - standard adaptive signal timing in effect
EVT428148,2025-03-27 07:39:50,Trade Fair,J023,Basavanagudi,5585,Weekday,False,Clear,False,0.0,False,False,0.699,High,22.6,53.8,253.1,0.183,0.422,0.973,Moderate traffic flow - standard adaptive signal timing in effect
EVT428149,2026-03-23 07:04:47,Local Market Day,J023,Basavanagudi,2470,Weekday,False,Clear,False,0.0,False,False,0.507,Moderate,25.0,38.3,232.5,0.175,0.405,0.99,Moderate traffic flow - standard adaptive signal timing in effect
EVT428150,2026-03-16 18:21:55,Local Market Day,J012,Koramangala Sony World,3019,Weekday,False,Clear,False,0.0,False,False,1.0,Severe,9.4,71.3,367.4,0.15,0.348,0.908,Heavy congestion detected - signal timing extended and reroute suggested
EVT428151,2025-06-25 18:13:25,Concert,J020,Malleshwaram Circle,18023,Weekday,False,Light Rain,True,1.4,False,False,1.0,Severe,9.0,73.6,709.5,0.259,0.598,0.878,Heavy rain reducing visibility and grip - reduced speed and longer buffer advised
EVT428152,2025-11-19 17:51:31,Concert,J031,Cubbon Road,10915,Weekday,False,Clear,False,0.0,False,False,1.0,Severe,9.4,64.7,249.8,0.101,0.234,0.921,Heavy congestion detected - signal timing extended and reroute suggested
EVT428153,2026-03-16 13:43:49,Sports Fixture,J009,Majestic,42977,Weekday,False,Clear,False,0.0,False,False,0.368,Moderate,32.2,26.8,149.2,0.118,0.272,0.974,Moderate traffic flow - standard adaptive signal timing in effect
EVT428154,2026-04-11 08:59:53,Concert,J009,Majestic,11552,Weekend,False,Clear,False,0.0,False,False,0.937,Severe,9.4,69.7,629.1,0.246,0.568,0.943,Heavy congestion detected - signal timing extended and reroute suggested
EVT428155,2025-03-06 17:52:42,Sports Fixture,J009,Majestic,30299,Weekday,False,Clear,False,0.0,False,False,1.0,Severe,7.2,69.9,782.0,0.227,0.524,0.93,Heavy congestion detected - signal timing extended and reroute suggested
EVT428156,2025-09-06 08:38:11,Fireworks Display,J023,Basavanagudi,35162,Weekend,True,Fog,False,0.0,False,False,1.0,Severe,7.8,75.5,631.8,0.228,0.526,0.868,Festival crowd surge detected - alternate route and extended cycle recommended
EVT428157,2026-04-02 17:27:27,Trade Fair,J020,Malleshwaram Circle,9629,Weekday,False,Clear,False,0.0,False,False,0.894,Severe,11.1,60.0,518.1,0.222,0.512,0.919,Heavy congestion detected - signal timing extended and reroute suggested
EVT428158,2026-01-15 10:39:27,Fireworks Display,J031,Cubbon Road,17407,Weekday,True,Clear,False,0.0,False,False,0.84,Severe,13.3,59.7,189.4,0.077,0.179,0.898,Festival crowd surge detected - alternate route and extended cycle recommended
EVT428159,2025-10-21 07:24:30,Fireworks Display,J030,MG Road,14389,Weekday,True,Fog,False,0.0,False,False,0.918,Severe,11.2,60.8,360.4,0.164,0.38,0.897,Festival crowd surge detected - alternate route and extended cycle recommended
EVT428160,2025-07-27 21:48:20,Local Market Day,J020,Malleshwaram Circle,3729,Weekend,False,Clear,False,0.0,False,False,0.339,Low,29.9,20.8,181.0,0.157,0.362,0.969,Moderate traffic flow - standard adaptive signal timing in effect
EVT428161,2025-08-31 07:31:26,Concert,J040,City Market,16154,Weekend,False,Rain,True,24.2,False,False,0.868,Severe,12.9,65.2,407.7,0.18,0.417,0.894,Heavy rain reducing visibility and grip - reduced speed and longer buffer advised
EVT428162,2025-09-24 18:52:55,Local Market Day,J012,Koramangala Sony World,4253,Weekday,False,Heavy Rain,True,26.3,False,False,1.0,Severe,9.1,69.5,576.7,0.208,0.481,0.862,Heavy rain reducing visibility and grip - reduced speed and longer buffer advised
EVT428163,2026-06-26 22:47:45,Concert,J031,Cubbon Road,8357,Weekday,False,Rain,True,11.1,False,False,0.267,Low,35.1,19.0,150.3,0.12,0.276,0.88,Light rain detected - minor speed reduction advised
EVT428164,2026-03-23 13:29:20,Local Market Day,J040,City Market,4607,Weekday,False,Clear,False,0.0,False,False,0.154,Low,28.6,11.6,139.1,0.089,0.206,0.989,Normal free-flow traffic - standard signal timing maintained
EVT428165,2025-11-05 10:30:38,Local Market Day,J012,Koramangala Sony World,3088,Weekday,False,Clear,False,0.0,False,False,0.557,High,30.3,32.8,76.6,0.052,0.121,0.949,Moderate traffic flow - standard adaptive signal timing in effect
EVT428166,2026-02-06 18:18:20,Local Market Day,J009,Majestic,6255,Weekday,False,Clear,False,0.0,False,False,0.988,Severe,6.7,64.6,822.6,0.203,0.468,0.896,Heavy congestion detected - signal timing extended and reroute suggested
EVT428167,2025-10-07 10:35:57,Concert,J009,Majestic,11030,Weekday,False,Heavy Rain,True,31.8,False,False,0.973,Severe,7.5,66.1,514.6,0.172,0.397,0.861,Heavy rain reducing visibility and grip - reduced speed and longer buffer advised
EVT428168,2025-02-28 08:37:10,Trade Fair,J030,MG Road,5263,Weekday,False,Clear,False,0.0,False,False,1.0,Severe,8.1,64.9,306.1,0.13,0.3,0.894,Heavy congestion detected - signal timing extended and reroute suggested
EVT428169,2025-11-03 21:11:22,Concert,J011,Indiranagar 100ft Road,23467,Weekday,False,Clear,False,0.0,False,False,0.46,Moderate,32.0,27.8,118.6,0.095,0.22,0.96,Moderate traffic flow - standard adaptive signal timing in effect
EVT428170,2026-01-16 08:19:13,Local Market Day,J031,Cubbon Road,1971,Weekday,False,Clear,False,0.0,False,False,0.967,Severe,9.4,71.5,510.8,0.206,0.475,0.926,Heavy congestion detected - signal timing extended and reroute suggested
EVT428171,2026-02-15 09:01:51,Local Market Day,J012,Koramangala Sony World,3043,Weekend,False,Clear,False,0.0,False,False,0.863,Severe,13.0,64.2,447.6,0.2,0.463,0.933,Heavy congestion detected - signal timing extended and reroute suggested
EVT428172,2026-04-12 13:38:40,Local Market Day,J011,Indiranagar 100ft Road,2910,Weekend,False,Clear,False,0.0,False,False,0.221,Low,39.3,20.8,136.1,0.121,0.28,0.966,Normal free-flow traffic - standard signal timing maintained
EVT428173,2025-05-28 11:31:40,Sports Fixture,J012,Koramangala Sony World,19855,Weekday,False,Clear,False,0.0,False,False,0.417,Moderate,23.2,34.2,232.6,0.137,0.317,0.977,Moderate traffic flow - standard adaptive signal timing in effect
EVT428174,2026-03-13 18:25:43,Sports Fixture,J012,Koramangala Sony World,19071,Weekday,False,Fog,False,0.0,False,False,0.996,Severe,8.3,67.1,471.2,0.172,0.397,0.915,Heavy congestion detected - signal timing extended and reroute suggested
EVT428175,2025-03-20 09:17:58,Local Market Day,J012,Koramangala Sony World,3570,Weekday,False,Clear,False,0.0,False,False,1.0,Severe,6.8,75.3,1314.6,0.339,0.783,0.928,Heavy congestion detected - signal timing extended and reroute suggested
EVT428176,2025-03-31 10:44:45,Religious Festival,J040,City Market,51965,Weekday,True,Clear,False,0.0,False,True,1.0,Severe,8.3,94.6,731.8,0.261,0.603,0.831,Road closure for event/procession - full detour recommended for through-traffic
EVT428177,2026-03-28 05:06:29,Local Market Day,J009,Majestic,4173,Weekend,False,Clear,False,0.0,False,False,0.215,Low,39.6,16.8,43.6,0.045,0.105,0.959,Normal free-flow traffic - standard signal timing maintained
EVT428178,2025-04-03 12:22:04,Political Rally,J012,Koramangala Sony World,12581,Weekday,False,Clear,False,0.0,False,False,0.258,Low,35.0,18.9,184.6,0.169,0.39,0.963,Moderate traffic flow - standard adaptive signal timing in effect
EVT428179,2025-11-30 11:07:19,Concert,J012,Koramangala Sony World,22814,Weekend,False,Clear,False,0.0,False,False,0.583,High,24.7,35.6,211.3,0.162,0.373,0.99,Moderate traffic flow - standard adaptive signal timing in effect
EVT428180,2025-03-10 14:05:08,Sports Fixture,J020,Malleshwaram Circle,27572,Weekday,False,Clear,False,0.0,False,False,0.39,Moderate,26.7,27.9,65.9,0.064,0.147,0.965,Moderate traffic flow - standard adaptive signal timing in effect
EVT428181,2025-09-15 19:28:19,Concert,J040,City Market,12283,Weekday,False,Clear,False,0.0,False,False,0.867,Severe,12.8,65.8,596.6,0.305,0.704,0.958,Heavy congestion detected - signal timing extended and reroute suggested
EVT428182,2025-06-21 13:36:01,Local Market Day,J009,Majestic,3364,Weekend,False,Clear,False,0.0,False,False,0.212,Low,32.6,22.8,138.1,0.118,0.272,0.966,Normal free-flow traffic - standard signal timing maintained
EVT428183,2026-03-29 09:12:23,Local Market Day,J030,MG Road,4797,Weekend,False,Clear,False,0.0,False,False,0.867,Severe,11.8,63.1,552.8,0.243,0.561,0.941,Heavy congestion detected - signal timing extended and reroute suggested
EVT428184,2025-08-06 13:57:46,Trade Fair,J031,Cubbon Road,7241,Weekday,False,Clear,False,0.0,False,False,0.314,Low,29.6,26.4,59.3,0.044,0.101,0.985,Moderate traffic flow - standard adaptive signal timing in effect
EVT428185,2025-07-24 02:51:32,Sports Fixture,J009,Majestic,37546,Weekday,False,Heavy Rain,True,46.2,False,False,0.708,High,16.7,51.3,175.4,0.127,0.293,0.92,Heavy rain reducing visibility and grip - reduced speed and longer buffer advised
EVT428186,2025-11-27 11:09:11,Sports Fixture,J020,Malleshwaram Circle,25265,Weekday,False,Light Rain,True,3.7,False,False,0.619,High,27.2,46.5,190.8,0.153,0.354,0.899,Heavy rain reducing visibility and grip - reduced speed and longer buffer advised
EVT428187,2025-03-25 10:59:48,Political Rally,J011,Indiranagar 100ft Road,12461,Weekday,False,Clear,False,0.0,False,False,0.518,Moderate,21.9,39.9,298.5,0.196,0.454,0.943,Moderate traffic flow - standard adaptive signal timing in effect
EVT428188,2025-10-10 22:32:19,Political Rally,J011,Indiranagar 100ft Road,23552,Weekday,False,Clear,False,0.0,False,False,0.319,Low,35.5,20.5,154.4,0.135,0.311,0.974,Moderate traffic flow - standard adaptive signal timing in effect
EVT428189,2025-12-12 10:57:42,Political Rally,J009,Majestic,6903,Weekday,False,Clear,False,0.0,False,False,0.463,Moderate,31.2,29.5,93.1,0.076,0.175,0.978,Moderate traffic flow - standard adaptive signal timing in effect
EVT428190,2026-05-10 19:03:13,Sports Fixture,J023,Basavanagudi,24542,Weekend,False,Rain,True,11.6,False,False,1.0,Severe,11.0,69.1,488.6,0.211,0.487,0.865,Heavy rain reducing visibility and grip - reduced speed and longer buffer advised
EVT428191,2025-10-11 17:32:38,Concert,J023,Basavanagudi,16827,Weekend,False,Clear,False,0.0,False,False,0.861,Severe,12.5,58.9,253.7,0.117,0.27,0.951,Heavy congestion detected - signal timing extended and reroute suggested
EVT428192,2025-05-03 16:03:15,Political Rally,J023,Basavanagudi,18033,Weekend,False,Clear,False,0.0,False,False,0.532,Moderate,17.7,39.4,211.4,0.142,0.328,0.954,Moderate traffic flow - standard adaptive signal timing in effect
EVT428193,2026-04-22 16:19:29,Sports Fixture,J012,Koramangala Sony World,42295,Weekday,False,Clear,False,0.0,False,False,0.711,High,17.6,51.9,402.1,0.232,0.535,0.933,Moderate traffic flow - standard adaptive signal timing in effect
EVT428194,2025-10-31 16:11:29,Sports Fixture,J023,Basavanagudi,21171,Weekday,False,Clear,False,0.0,False,False,0.557,High,19.9,35.2,271.8,0.153,0.353,0.965,Moderate traffic flow - standard adaptive signal timing in effect
EVT428195,2025-04-24 10:52:43,Political Rally,J020,Malleshwaram Circle,13455,Weekday,False,Clear,False,0.0,False,False,0.551,High,19.7,37.0,304.1,0.167,0.386,0.97,Moderate traffic flow - standard adaptive signal timing in effect
EVT428196,2025-06-13 18:29:47,Sports Fixture,J023,Basavanagudi,25377,Weekday,False,Clear,False,0.0,False,False,1.0,Severe,9.4,74.5,600.7,0.233,0.539,0.946,Heavy congestion detected - signal timing extended and reroute suggested
EVT428197,2026-05-31 17:04:04,Concert,J020,Malleshwaram Circle,10331,Weekend,False,Rain,True,9.1,False,False,0.844,Severe,11.9,58.5,470.9,0.207,0.479,0.887,Heavy rain reducing visibility and grip - reduced speed and longer buffer advised
EVT428198,2026-06-22 17:47:20,Sports Fixture,J031,Cubbon Road,15167,Weekday,False,Clear,False,0.0,False,False,1.0,Severe,8.3,74.9,553.6,0.193,0.445,0.911,Heavy congestion detected - signal timing extended and reroute suggested
EVT428199,2025-06-30 22:32:18,Trade Fair,J011,Indiranagar 100ft Road,5148,Weekday,False,Clear,False,0.0,False,False,0.231,Low,33.0,18.7,108.6,0.091,0.21,0.954,Normal free-flow traffic - standard signal timing maintained
EVT428200,2025-12-29 19:37:00,Political Rally,J012,Koramangala Sony World,13320,Weekday,False,Clear,False,0.0,False,False,0.923,Severe,11.5,70.4,634.6,0.268,0.619,0.934,Heavy congestion detected - signal timing extended and reroute suggested
EVT428201,2025-05-18 06:11:23,Sports Fixture,J040,City Market,13933,Weekend,False,Clear,False,0.0,False,False,0.388,Moderate,30.7,21.9,194.2,0.151,0.348,0.946,Moderate traffic flow - standard adaptive signal timing in effect
EVT428202,2026-04-06 20:08:01,Sports Fixture,J011,Indiranagar 100ft Road,61799,Weekday,False,Clear,False,0.0,False,False,0.987,Severe,7.8,66.8,425.4,0.156,0.36,0.923,Heavy congestion detected - signal timing extended and reroute suggested
EVT428203,2025-01-06 17:21:29,Local Market Day,J020,Malleshwaram Circle,8778,Weekday,False,Clear,False,0.0,False,False,0.909,Severe,13.4,66.1,554.3,0.252,0.581,0.941,Heavy congestion detected - signal timing extended and reroute suggested
EVT428204,2025-03-17 12:24:38,Sports Fixture,J012,Koramangala Sony World,22188,Weekday,False,Clear,False,0.0,False,False,0.238,Low,31.6,18.2,183.7,0.156,0.36,0.95,Normal free-flow traffic - standard signal timing maintained
EVT428205,2026-04-17 15:37:10,Sports Fixture,J023,Basavanagudi,26296,Weekday,False,Clear,False,0.0,False,False,0.52,Moderate,25.4,31.8,145.6,0.114,0.262,0.954,Moderate traffic flow - standard adaptive signal timing in effect
EVT428206,2025-04-14 18:39:44,Religious Festival,J031,Cubbon Road,21501,Weekday,True,Clear,False,0.0,False,False,1.0,Severe,8.8,62.6,667.5,0.222,0.512,0.891,Festival crowd surge detected - alternate route and extended cycle recommended
EVT428207,2026-06-29 14:35:59,Local Market Day,J020,Malleshwaram Circle,4309,Weekday,False,Light Rain,True,5.1,False,False,0.333,Low,34.1,23.2,59.8,0.045,0.104,0.902,Light rain detected - minor speed reduction advised
EVT428208,2025-05-05 17:42:44,Sports Fixture,J009,Majestic,12553,Weekday,False,Rain,True,13.4,False,False,1.0,Severe,7.1,70.0,1065.2,0.308,0.712,0.877,Heavy rain reducing visibility and grip - reduced speed and longer buffer advised
EVT428209,2026-05-17 07:24:37,Local Market Day,J031,Cubbon Road,8018,Weekend,False,Clear,False,0.0,False,False,0.686,High,22.2,51.4,291.6,0.202,0.466,0.933,Moderate traffic flow - standard adaptive signal timing in effect
EVT428210,2026-03-30 09:00:28,Sports Fixture,J030,MG Road,17841,Weekday,False,Clear,False,0.0,False,False,1.0,Severe,7.1,75.0,554.7,0.175,0.405,0.93,Heavy congestion detected - signal timing extended and reroute suggested
EVT428211,2025-01-09 22:04:47,Local Market Day,J031,Cubbon Road,3805,Weekday,False,Clear,False,0.0,False,False,0.291,Low,26.6,22.2,211.6,0.159,0.367,0.967,Moderate traffic flow - standard adaptive signal timing in effect
EVT428212,2025-11-25 11:27:23,Local Market Day,J030,MG Road,5631,Weekday,False,Clear,False,0.0,False,False,0.31,Low,32.6,21.6,155.7,0.142,0.328,0.967,Moderate traffic flow - standard adaptive signal timing in effect
EVT428213,2026-02-11 18:55:56,Trade Fair,J031,Cubbon Road,36705,Weekday,False,Clear,False,0.0,False,False,1.0,Severe,8.1,74.0,700.8,0.226,0.522,0.901,Heavy congestion detected - signal timing extended and reroute suggested
EVT428214,2026-02-22 20:20:53,Concert,J031,Cubbon Road,13607,Weekend,False,Clear,False,0.0,False,False,0.627,High,22.0,40.1,86.0,0.074,0.17,0.968,Moderate traffic flow - standard adaptive signal timing in effect
EVT428215,2025-04-10 18:41:30,Political Rally,J011,Indiranagar 100ft Road,8271,Weekday,False,Clear,False,0.0,False,False,0.966,Severe,10.1,67.0,639.4,0.24,0.554,0.902,Heavy congestion detected - signal timing extended and reroute suggested
EVT428216,2025-08-12 17:33:38,Sports Fixture,J023,Basavanagudi,29394,Weekday,False,Clear,False,0.0,False,False,0.995,Severe,8.7,76.4,254.9,0.096,0.222,0.905,Heavy congestion detected - signal timing extended and reroute suggested
EVT428217,2026-04-16 08:22:57,Political Rally,J030,MG Road,13173,Weekday,False,Clear,False,0.0,False,False,1.0,Severe,9.2,68.9,606.7,0.216,0.499,0.933,Heavy congestion detected - signal timing extended and reroute suggested
EVT428218,2026-05-15 16:49:55,Sports Fixture,J031,Cubbon Road,20210,Weekday,False,Clear,False,0.0,False,False,0.687,High,18.3,50.9,295.7,0.197,0.454,0.976,Moderate traffic flow - standard adaptive signal timing in effect
EVT428219,2025-08-28 19:14:26,Cultural Procession,J009,Majestic,19698,Weekday,True,Clear,False,0.0,False,False,1.0,Severe,8.1,70.0,546.8,0.187,0.432,0.867,Festival crowd surge detected - alternate route and extended cycle recommended
EVT428220,2025-02-17 13:01:16,Concert,J031,Cubbon Road,11801,Weekday,False,Clear,False,0.0,False,False,0.266,Low,33.1,19.3,155.4,0.129,0.297,0.963,Moderate traffic flow - standard adaptive signal timing in effect
EVT428221,2026-03-29 19:21:06,Sports Fixture,J009,Majestic,34911,Weekend,False,Clear,False,0.0,False,False,0.954,Severe,9.6,66.9,620.2,0.222,0.513,0.904,Heavy congestion detected - signal timing extended and reroute suggested
EVT428222,2025-01-09 14:16:12,Trade Fair,J011,Indiranagar 100ft Road,11030,Weekday,False,Clear,False,0.0,False,False,0.213,Low,29.7,18.9,206.0,0.133,0.307,0.983,Normal free-flow traffic - standard signal timing maintained
EVT428223,2025-09-05 12:34:07,Religious Festival,J011,Indiranagar 100ft Road,61810,Weekday,True,Clear,False,0.0,False,False,0.803,Severe,17.2,57.2,168.4,0.085,0.197,0.901,Festival crowd surge detected - alternate route and extended cycle recommended
EVT428224,2026-04-10 06:25:36,Sports Fixture,J020,Malleshwaram Circle,15332,Weekday,False,Clear,False,0.0,False,False,0.348,Low,30.7,29.6,163.8,0.14,0.323,0.955,Moderate traffic flow - standard adaptive signal timing in effect
EVT428225,2025-03-04 20:51:46,Trade Fair,J020,Malleshwaram Circle,6958,Weekday,False,Clear,False,0.0,False,False,0.561,High,26.0,35.3,152.4,0.101,0.233,0.962,Moderate traffic flow - standard adaptive signal timing in effect
EVT428226,2025-06-17 10:08:50,Political Rally,J023,Basavanagudi,13395,Weekday,False,Rain,True,23.6,False,False,1.0,Severe,7.8,70.5,337.8,0.122,0.283,0.851,Heavy rain reducing visibility and grip - reduced speed and longer buffer advised
EVT428227,2025-09-10 17:32:06,Trade Fair,J020,Malleshwaram Circle,11024,Weekday,False,Clear,False,0.0,False,False,0.959,Severe,6.9,68.5,696.8,0.203,0.47,0.928,Heavy congestion detected - signal timing extended and reroute suggested
EVT428228,2025-05-27 21:54:33,Local Market Day,J030,MG Road,4954,Weekday,False,Clear,False,0.0,False,False,0.22,Low,37.4,13.8,173.3,0.178,0.411,0.95,Normal free-flow traffic - standard signal timing maintained
EVT428229,2026-01-24 08:52:11,Political Rally,J012,Koramangala Sony World,12047,Weekend,False,Clear,False,0.0,False,False,0.857,Severe,15.1,56.4,281.0,0.173,0.399,0.951,Heavy congestion detected - signal timing extended and reroute suggested
EVT428230,2025-06-27 13:27:35,Sports Fixture,J011,Indiranagar 100ft Road,16250,Weekday,False,Clear,False,0.0,False,False,0.248,Low,28.8,13.5,105.4,0.075,0.174,0.984,Normal free-flow traffic - standard signal timing maintained
EVT428231,2025-01-11 09:20:10,Trade Fair,J009,Majestic,5522,Weekend,False,Fog,False,0.0,False,False,0.918,Severe,11.2,64.3,495.7,0.184,0.425,0.912,Heavy congestion detected - signal timing extended and reroute suggested
EVT428232,2025-04-26 17:42:59,Trade Fair,J031,Cubbon Road,8207,Weekend,False,Clear,False,0.0,False,False,0.784,Severe,14.8,62.9,371.3,0.163,0.377,0.945,Heavy congestion detected - signal timing extended and reroute suggested
EVT428233,2025-05-28 09:28:21,Concert,J020,Malleshwaram Circle,15429,Weekday,False,Fog,False,0.0,False,False,0.988,Severe,8.9,73.2,525.0,0.175,0.405,0.921,Heavy congestion detected - signal timing extended and reroute suggested
EVT428234,2025-12-27 13:00:00,Trade Fair,J011,Indiranagar 100ft Road,11272,Weekend,False,Clear,False,0.0,False,False,0.307,Low,23.0,21.8,270.2,0.167,0.387,0.957,Moderate traffic flow - standard adaptive signal timing in effect
EVT428235,2025-04-22 19:10:47,Sports Fixture,J040,City Market,36833,Weekday,False,Clear,False,0.0,False,False,1.0,Severe,8.7,66.7,495.4,0.159,0.367,0.919,Heavy congestion detected - signal timing extended and reroute suggested
EVT428236,2025-07-21 23:56:53,Local Market Day,J031,Cubbon Road,3548,Weekday,False,Clear,False,0.0,False,False,0.125,Low,37.2,5.7,164.3,0.156,0.36,0.984,Normal free-flow traffic - standard signal timing maintained
EVT428237,2025-07-20 11:48:11,Trade Fair,J023,Basavanagudi,3591,Weekend,False,Heavy Rain,True,44.3,False,False,0.673,High,15.1,44.6,325.5,0.181,0.417,0.898,Heavy rain reducing visibility and grip - reduced speed and longer buffer advised
EVT428238,2025-01-20 08:06:27,Sports Fixture,J023,Basavanagudi,20816,Weekday,False,Clear,False,0.0,False,False,0.959,Severe,11.4,69.4,351.2,0.176,0.406,0.945,Heavy congestion detected - signal timing extended and reroute suggested
EVT428239,2025-10-06 10:14:04,Trade Fair,J012,Koramangala Sony World,6696,Weekday,False,Rain,True,8.8,False,False,0.859,Severe,11.5,59.1,372.5,0.173,0.4,0.908,Heavy rain reducing visibility and grip - reduced speed and longer buffer advised
EVT428240,2025-09-13 13:27:15,Trade Fair,J031,Cubbon Road,16050,Weekend,False,Clear,False,0.0,False,False,0.348,Low,27.2,18.2,179.6,0.142,0.328,0.964,Moderate traffic flow - standard adaptive signal timing in effect
EVT428241,2025-11-10 19:24:19,Local Market Day,J009,Majestic,5333,Weekday,False,Clear,False,0.0,False,False,0.893,Severe,14.6,64.7,458.1,0.237,0.547,0.942,Heavy congestion detected - signal timing extended and reroute suggested
EVT428242,2025-01-08 08:56:06,Trade Fair,J030,MG Road,12204,Weekday,False,Clear,False,0.0,False,False,1.0,Severe,7.8,72.3,313.0,0.114,0.264,0.935,Heavy congestion detected - signal timing extended and reroute suggested
EVT428243,2026-02-05 18:44:57,Political Rally,J009,Majestic,13701,Weekday,False,Clear,False,0.0,False,False,1.0,Severe,9.7,78.6,344.0,0.154,0.356,0.906,Heavy congestion detected - signal timing extended and reroute suggested
EVT428244,2025-07-19 19:28:00,Local Market Day,J023,Basavanagudi,2425,Weekend,False,Clear,False,0.0,False,False,0.777,Severe,20.0,53.6,348.6,0.242,0.559,0.94,Heavy congestion detected - signal timing extended and reroute suggested
EVT428245,2026-06-02 08:11:47,Sports Fixture,J020,Malleshwaram Circle,18985,Weekday,False,Clear,False,0.0,False,False,0.996,Severe,7.3,71.1,237.9,0.072,0.167,0.91,Heavy congestion detected - signal timing extended and reroute suggested
EVT428246,2025-06-19 16:04:02,Trade Fair,J030,MG Road,8176,Weekday,False,Clear,False,0.0,False,False,0.427,Moderate,28.0,32.2,163.0,0.125,0.288,0.961,Moderate traffic flow - standard adaptive signal timing in effect
EVT428247,2025-03-28 10:16:33,Trade Fair,J020,Malleshwaram Circle,8674,Weekday,False,Clear,False,0.0,False,False,0.714,High,20.0,57.4,285.1,0.186,0.43,0.97,Moderate traffic flow - standard adaptive signal timing in effect
EVT428248,2025-03-13 21:00:31,Political Rally,J020,Malleshwaram Circle,41782,Weekday,False,Clear,False,0.0,False,False,0.664,High,19.1,43.3,219.2,0.135,0.312,0.947,Moderate traffic flow - standard adaptive signal timing in effect
EVT428249,2025-08-22 20:46:11,Local Market Day,J040,City Market,2639,Weekday,False,Light Rain,True,3.5,False,False,0.498,Moderate,20.5,38.5,300.2,0.183,0.423,0.94,Light rain detected - minor speed reduction advised
EVT428250,2025-10-22 08:54:56,Cultural Procession,J040,City Market,33481,Weekday,True,Light Rain,True,5.9,False,True,1.0,Severe,8.4,95.8,659.7,0.227,0.524,0.796,Road closure for event/procession - full detour recommended for through-traffic
EVT428251,2025-12-30 09:10:06,Concert,J031,Cubbon Road,5079,Weekday,False,Clear,False,0.0,False,False,1.0,Severe,7.0,71.5,541.2,0.162,0.374,0.934,Heavy congestion detected - signal timing extended and reroute suggested
EVT428252,2025-02-27 20:06:09,Local Market Day,J012,Koramangala Sony World,4698,Weekday,False,Clear,False,0.0,False,False,0.617,High,19.5,40.9,229.0,0.151,0.348,0.967,Moderate traffic flow - standard adaptive signal timing in effect
EVT428253,2025-12-04 14:20:54,Trade Fair,J009,Majestic,7169,Weekday,False,Clear,False,0.0,False,False,0.209,Low,29.7,16.8,150.2,0.119,0.276,0.982,Normal free-flow traffic - standard signal timing maintained
EVT428254,2025-04-12 08:54:48,Political Rally,J012,Koramangala Sony World,13182,Weekend,False,Clear,False,0.0,False,False,0.924,Severe,13.2,71.4,492.4,0.243,0.562,0.922,Heavy congestion detected - signal timing extended and reroute suggested
EVT428255,2025-02-20 17:36:04,Sports Fixture,J040,City Market,28424,Weekday,False,Clear,False,0.0,False,False,1.0,Severe,10.2,81.3,344.4,0.144,0.332,0.897,Heavy congestion detected - signal timing extended and reroute suggested
EVT428256,2025-05-04 08:37:13,Trade Fair,J012,Koramangala Sony World,9151,Weekend,False,Clear,False,0.0,False,False,0.883,Severe,14.8,59.8,195.9,0.115,0.266,0.929,Heavy congestion detected - signal timing extended and reroute suggested
EVT428257,2025-09-16 00:37:17,Trade Fair,J040,City Market,7677,Weekday,False,Fog,False,0.0,False,False,0.209,Low,42.4,23.3,52.6,0.043,0.1,0.971,Normal free-flow traffic - standard signal timing maintained
EVT428258,2026-06-15 18:31:52,Local Market Day,J023,Basavanagudi,4283,Weekday,False,Clear,False,0.0,False,False,1.0,Severe,9.9,64.0,493.9,0.186,0.429,0.927,Heavy congestion detected - signal timing extended and reroute suggested
EVT428259,2025-07-18 06:21:28,Local Market Day,J011,Indiranagar 100ft Road,6799,Weekday,False,Light Rain,True,6.7,False,False,0.456,Moderate,31.6,33.4,109.2,0.092,0.213,0.911,Light rain detected - minor speed reduction advised
EVT428260,2025-11-28 15:05:23,Local Market Day,J040,City Market,5112,Weekday,False,Clear,False,0.0,False,False,0.211,Low,30.1,16.2,215.5,0.193,0.447,0.96,Normal free-flow traffic - standard signal timing maintained
EVT428261,2026-05-14 07:46:36,Local Market Day,J012,Koramangala Sony World,2565,Weekday,False,Clear,False,0.0,False,False,0.699,High,14.9,48.3,291.3,0.154,0.355,0.969,Moderate traffic flow - standard adaptive signal timing in effect
EVT428262,2025-04-27 06:04:59,Local Market Day,J012,Koramangala Sony World,4499,Weekend,False,Rain,True,24.3,False,False,0.593,High,19.3,47.9,304.3,0.206,0.476,0.911,Heavy rain reducing visibility and grip - reduced speed and longer buffer advised
EVT428263,2026-01-22 21:29:57,Concert,J011,Indiranagar 100ft Road,7865,Weekday,False,Fog,False,0.0,False,False,0.352,Moderate,27.5,19.8,142.9,0.107,0.248,0.972,Moderate traffic flow - standard adaptive signal timing in effect
EVT428264,2026-06-29 12:13:23,Trade Fair,J012,Koramangala Sony World,10317,Weekday,False,Heavy Rain,True,38.8,False,False,0.513,Moderate,26.2,33.2,185.2,0.141,0.326,0.918,Light rain detected - minor speed reduction advised
EVT428265,2025-08-10 13:13:19,Trade Fair,J009,Majestic,7286,Weekend,False,Clear,False,0.0,False,False,0.259,Low,36.4,17.2,123.1,0.108,0.249,0.952,Moderate traffic flow - standard adaptive signal timing in effect
EVT428266,2025-06-03 06:58:58,Sports Fixture,J023,Basavanagudi,19895,Weekday,False,Heavy Rain,True,31.6,False,False,0.893,Severe,13.2,65.1,365.8,0.183,0.424,0.872,Heavy rain reducing visibility and grip - reduced speed and longer buffer advised
EVT428267,2026-03-09 16:39:11,Trade Fair,J012,Koramangala Sony World,9659,Weekday,False,Clear,False,0.0,False,False,0.693,High,17.6,59.8,444.7,0.243,0.561,0.973,Moderate traffic flow - standard adaptive signal timing in effect
EVT428268,2026-05-14 08:30:39,Local Market Day,J030,MG Road,3713,Weekday,False,Light Rain,True,6.4,False,False,1.0,Severe,7.0,71.6,680.3,0.199,0.46,0.84,Heavy rain reducing visibility and grip - reduced speed and longer buffer advised
EVT428269,2025-10-01 06:58:33,Political Rally,J023,Basavanagudi,15242,Weekday,False,Heavy Rain,True,35.6,False,False,0.791,Severe,14.7,57.8,367.3,0.192,0.444,0.928,Heavy rain reducing visibility and grip - reduced speed and longer buffer advised
EVT428270,2025-04-06 18:17:31,Cultural Procession,J012,Koramangala Sony World,16295,Weekend,True,Light Rain,True,4.2,False,True,1.0,Severe,9.4,107.1,419.4,0.164,0.38,0.775,Road closure for event/procession - full detour recommended for through-traffic
EVT428271,2025-04-11 17:30:29,Sports Fixture,J031,Cubbon Road,24267,Weekday,False,Clear,False,0.0,False,False,1.0,Severe,9.4,70.3,431.6,0.185,0.426,0.935,Heavy congestion detected - signal timing extended and reroute suggested
EVT428272,2025-03-14 18:31:48,Cultural Procession,J011,Indiranagar 100ft Road,22173,Weekday,True,Fog,False,0.0,False,True,1.0,Severe,8.8,96.6,712.4,0.278,0.642,0.834,Road closure for event/procession - full detour recommended for through-traffic
EVT428273,2025-09-10 19:39:52,Local Market Day,J031,Cubbon Road,4174,Weekday,False,Clear,False,0.0,False,False,0.905,Severe,12.0,66.1,301.3,0.139,0.321,0.956,Heavy congestion detected - signal timing extended and reroute suggested
EVT428274,2025-02-09 18:30:08,Sports Fixture,J020,Malleshwaram Circle,22688,Weekend,False,Clear,False,0.0,False,False,0.948,Severe,10.8,65.3,352.8,0.151,0.348,0.918,Heavy congestion detected - signal timing extended and reroute suggested
EVT428275,2026-02-03 13:32:51,Concert,J040,City Market,8756,Weekday,False,Clear,False,0.0,False,False,0.17,Low,33.2,15.6,116.4,0.098,0.226,0.96,Normal free-flow traffic - standard signal timing maintained
EVT428276,2026-03-30 16:32:19,Trade Fair,J012,Koramangala Sony World,12307,Weekday,False,Clear,False,0.0,False,False,0.613,High,20.1,40.6,319.9,0.211,0.488,0.985,Moderate traffic flow - standard adaptive signal timing in effect
EVT428277,2026-03-17 18:37:14,Local Market Day,J023,Basavanagudi,3034,Weekday,False,Clear,False,0.0,False,False,1.0,Severe,7.3,71.8,654.2,0.207,0.479,0.904,Heavy congestion detected - signal timing extended and reroute suggested
EVT428278,2026-05-12 20:04:32,Political Rally,J011,Indiranagar 100ft Road,14244,Weekday,False,Clear,False,0.0,False,False,0.784,Severe,13.3,60.1,424.6,0.206,0.475,0.963,Heavy congestion detected - signal timing extended and reroute suggested
EVT428279,2025-06-25 10:58:02,Sports Fixture,J012,Koramangala Sony World,11331,Weekday,False,Light Rain,True,6.0,True,False,0.989,Severe,7.4,74.7,442.6,0.135,0.312,0.725,Accident detected nearby - reroute and reduced speed advised
EVT428280,2026-02-18 18:31:04,Trade Fair,J012,Koramangala Sony World,11330,Weekday,False,Clear,False,0.0,False,False,1.0,Severe,10.3,67.0,437.5,0.172,0.396,0.936,Heavy congestion detected - signal timing extended and reroute suggested
EVT428281,2025-09-05 22:27:54,Religious Festival,J011,Indiranagar 100ft Road,37234,Weekday,True,Clear,False,0.0,False,True,0.828,High,14.7,81.4,373.1,0.175,0.403,0.845,Road closure for event/procession - full detour recommended for through-traffic
EVT428282,2026-04-06 16:21:15,Sports Fixture,J020,Malleshwaram Circle,25269,Weekday,False,Clear,False,0.0,False,False,0.689,High,20.5,43.7,266.7,0.171,0.396,0.95,Moderate traffic flow - standard adaptive signal timing in effect
EVT428283,2026-02-05 09:43:47,Local Market Day,J012,Koramangala Sony World,5712,Weekday,False,Clear,False,0.0,False,False,0.859,Severe,14.2,58.6,570.4,0.298,0.689,0.928,Heavy congestion detected - signal timing extended and reroute suggested
EVT428284,2025-06-06 08:00:23,Local Market Day,J011,Indiranagar 100ft Road,8280,Weekday,False,Clear,False,0.0,False,False,0.758,Severe,17.1,56.7,345.8,0.183,0.422,0.946,Heavy congestion detected - signal timing extended and reroute suggested
EVT428285,2026-05-25 17:37:44,Local Market Day,J023,Basavanagudi,3171,Weekday,False,Rain,True,12.7,False,False,1.0,Severe,8.2,76.6,547.0,0.184,0.425,0.862,Heavy rain reducing visibility and grip - reduced speed and longer buffer advised
EVT428286,2025-07-30 09:54:18,Sports Fixture,J031,Cubbon Road,13537,Weekday,False,Clear,False,0.0,False,False,0.953,Severe,10.5,67.7,444.5,0.177,0.408,0.921,Heavy congestion detected - signal timing extended and reroute suggested
EVT428287,2025-01-27 08:20:35,Fireworks Display,J031,Cubbon Road,19807,Weekday,True,Rain,True,7.5,False,False,1.0,Severe,9.6,73.3,258.8,0.09,0.208,0.83,Festival crowd surge detected - alternate route and extended cycle recommended
EVT428288,2025-01-29 18:40:10,Local Market Day,J009,Majestic,5986,Weekday,False,Clear,False,0.0,False,False,1.0,Severe,7.3,75.9,642.3,0.197,0.455,0.908,Heavy congestion detected - signal timing extended and reroute suggested
EVT428289,2025-04-06 05:03:54,Religious Festival,J040,City Market,38718,Weekend,True,Clear,False,0.0,False,True,0.754,High,17.8,75.7,250.9,0.146,0.337,0.87,Road closure for event/procession - full detour recommended for through-traffic
EVT428290,2025-01-19 08:03:13,Trade Fair,J040,City Market,12415,Weekend,False,Clear,False,0.0,False,False,0.72,High,15.7,50.6,231.1,0.116,0.269,0.961,Moderate traffic flow - standard adaptive signal timing in effect
EVT428291,2026-01-30 22:08:35,Sports Fixture,J012,Koramangala Sony World,21640,Weekday,False,Clear,False,0.0,False,False,0.418,Moderate,26.9,26.7,187.6,0.155,0.357,0.957,Moderate traffic flow - standard adaptive signal timing in effect
EVT428292,2026-02-21 12:02:30,Trade Fair,J040,City Market,8987,Weekend,False,Clear,False,0.0,False,False,0.283,Low,33.4,18.1,160.5,0.135,0.313,0.953,Moderate traffic flow - standard adaptive signal timing in effect
EVT428293,2025-10-07 16:09:58,Sports Fixture,J040,City Market,25466,Weekday,False,Heavy Rain,True,41.3,False,False,1.0,Severe,6.8,70.3,682.6,0.2,0.462,0.884,Heavy rain reducing visibility and grip - reduced speed and longer buffer advised
EVT428294,2025-05-26 17:52:47,Local Market Day,J011,Indiranagar 100ft Road,4997,Weekday,False,Clear,False,0.0,False,False,0.988,Severe,10.3,66.3,568.0,0.215,0.497,0.912,Heavy congestion detected - signal timing extended and reroute suggested
EVT428295,2026-06-23 07:03:36,Concert,J040,City Market,11839,Weekday,False,Clear,False,0.0,False,False,0.455,Moderate,34.4,31.7,138.1,0.147,0.34,0.958,Moderate traffic flow - standard adaptive signal timing in effect
EVT428296,2026-03-06 10:53:11,Political Rally,J023,Basavanagudi,7506,Weekday,False,Clear,False,0.0,False,False,0.393,Moderate,32.1,34.5,124.2,0.089,0.206,0.99,Moderate traffic flow - standard adaptive signal timing in effect
EVT428297,2026-03-02 18:18:06,Local Market Day,J030,MG Road,2759,Weekday,False,Clear,False,0.0,False,False,1.0,Severe,8.6,67.9,423.0,0.138,0.318,0.932,Heavy congestion detected - signal timing extended and reroute suggested
EVT428298,2025-10-05 17:08:55,Political Rally,J040,City Market,11048,Weekend,False,Heavy Rain,True,36.3,False,False,1.0,Severe,7.1,69.2,729.0,0.202,0.466,0.868,Heavy rain reducing visibility and grip - reduced speed and longer buffer advised
EVT428299,2026-01-31 10:23:48,Sports Fixture,J012,Koramangala Sony World,17053,Weekend,False,Clear,False,0.0,False,False,0.729,High,13.5,52.7,452.9,0.207,0.478,0.953,Moderate traffic flow - standard adaptive signal timing in effect
EVT428300,2025-11-19 19:03:32,Concert,J031,Cubbon Road,10564,Weekday,False,Clear,False,0.0,False,False,0.935,Severe,11.0,65.2,464.1,0.187,0.432,0.931,Heavy congestion detected - signal timing extended and reroute suggested
EVT428301,2025-12-28 18:57:24,Sports Fixture,J040,City Market,33132,Weekend,False,Clear,False,0.0,False,False,1.0,Severe,8.2,77.7,465.1,0.156,0.36,0.91,Heavy congestion detected - signal timing extended and reroute suggested
EVT428302,2025-10-07 16:49:47,Trade Fair,J023,Basavanagudi,11140,Weekday,False,Light Rain,True,3.5,False,False,0.768,Severe,15.1,52.1,196.8,0.103,0.238,0.916,Heavy rain reducing visibility and grip - reduced speed and longer buffer advised
EVT428303,2025-09-03 08:50:28,Trade Fair,J009,Majestic,5983,Weekday,False,Clear,False,0.0,False,False,0.95,Severe,11.7,67.1,269.3,0.124,0.287,0.91,Heavy congestion detected - signal timing extended and reroute suggested
EVT428304,2025-11-15 13:40:35,Local Market Day,J020,Malleshwaram Circle,5163,Weekend,False,Clear,False,0.0,False,False,0.261,Low,34.0,16.8,184.9,0.156,0.361,0.961,Moderate traffic flow - standard adaptive signal timing in effect
EVT428305,2025-01-12 16:51:28,Political Rally,J040,City Market,36582,Weekend,False,Clear,False,0.0,False,False,0.797,Severe,12.1,53.5,389.3,0.177,0.41,0.953,Heavy congestion detected - signal timing extended and reroute suggested
EVT428306,2025-01-14 09:34:28,Religious Festival,J011,Indiranagar 100ft Road,37561,Weekday,True,Light Rain,True,6.7,False,False,1.0,Severe,6.8,72.3,668.3,0.198,0.457,0.798,Festival crowd surge detected - alternate route and extended cycle recommended
EVT428307,2025-06-24 15:52:08,Local Market Day,J020,Malleshwaram Circle,3100,Weekday,False,Clear,False,0.0,False,False,0.473,Moderate,24.4,32.3,197.3,0.126,0.291,0.971,Moderate traffic flow - standard adaptive signal timing in effect
EVT428308,2025-05-14 08:15:06,Local Market Day,J012,Koramangala Sony World,4781,Weekday,False,Clear,False,0.0,False,False,0.893,Severe,13.1,62.6,380.1,0.172,0.397,0.915,Heavy congestion detected - signal timing extended and reroute suggested
EVT428309,2025-10-07 01:25:09,Concert,J012,Koramangala Sony World,26236,Weekday,False,Rain,True,8.1,False,False,0.447,Moderate,27.0,27.6,216.5,0.158,0.365,0.889,Light rain detected - minor speed reduction advised
EVT428310,2025-11-02 20:44:30,Cultural Procession,J009,Majestic,11346,Weekend,True,Clear,False,0.0,False,True,0.883,High,10.1,94.0,587.8,0.229,0.529,0.856,Road closure for event/procession - full detour recommended for through-traffic
EVT428311,2026-03-09 18:31:16,Concert,J040,City Market,17081,Weekday,False,Clear,False,0.0,False,False,1.0,Severe,7.8,70.2,592.4,0.189,0.436,0.928,Heavy congestion detected - signal timing extended and reroute suggested
EVT428312,2026-05-12 07:17:41,Sports Fixture,J023,Basavanagudi,41171,Weekday,False,Clear,False,0.0,False,False,0.807,Severe,15.6,60.4,199.5,0.098,0.226,0.972,Heavy congestion detected - signal timing extended and reroute suggested
EVT428313,2025-12-02 19:02:46,Concert,J012,Koramangala Sony World,14119,Weekday,False,Clear,False,0.0,False,False,1.0,Severe,8.4,76.1,394.2,0.154,0.355,0.902,Heavy congestion detected - signal timing extended and reroute suggested
EVT428314,2025-05-05 12:30:30,Local Market Day,J012,Koramangala Sony World,2434,Weekday,False,Light Rain,True,0.4,False,False,0.227,Low,34.9,14.8,145.1,0.133,0.307,0.907,Light rain detected - minor speed reduction advised
EVT428315,2025-08-06 09:08:46,Local Market Day,J040,City Market,5035,Weekday,False,Clear,False,0.0,False,False,1.0,Severe,9.4,66.5,509.9,0.192,0.443,0.939,Heavy congestion detected - signal timing extended and reroute suggested
EVT428316,2025-05-28 05:34:48,Local Market Day,J030,MG Road,5270,Weekday,False,Clear,False,0.0,False,False,0.255,Low,33.2,21.8,188.0,0.142,0.327,0.956,Moderate traffic flow - standard adaptive signal timing in effect
EVT428317,2025-03-23 13:53:49,Trade Fair,J012,Koramangala Sony World,7428,Weekend,False,Clear,False,0.0,False,False,0.386,Moderate,28.0,30.3,148.5,0.112,0.26,0.974,Moderate traffic flow - standard adaptive signal timing in effect
EVT428318,2025-07-17 17:48:13,Trade Fair,J031,Cubbon Road,8429,Weekday,False,Clear,False,0.0,False,False,1.0,Severe,8.1,71.0,567.0,0.189,0.438,0.921,Heavy congestion detected - signal timing extended and reroute suggested
EVT428319,2025-10-25 18:39:31,Political Rally,J011,Indiranagar 100ft Road,8458,Weekend,False,Heavy Rain,True,54.6,False,False,1.0,Severe,8.7,74.0,536.3,0.188,0.434,0.866,Heavy rain reducing visibility and grip - reduced speed and longer buffer advised
EVT428320,2026-06-11 08:37:21,Local Market Day,J011,Indiranagar 100ft Road,6242,Weekday,False,Clear,False,0.0,False,False,0.99,Severe,8.1,78.2,724.6,0.238,0.55,0.924,Heavy congestion detected - signal timing extended and reroute suggested
EVT428321,2025-11-26 16:00:33,Sports Fixture,J031,Cubbon Road,49821,Weekday,False,Clear,False,0.0,False,False,0.685,High,20.1,53.1,181.0,0.127,0.294,0.961,Moderate traffic flow - standard adaptive signal timing in effect
EVT428322,2025-02-22 07:20:27,Local Market Day,J023,Basavanagudi,5210,Weekend,False,Clear,False,0.0,False,False,0.572,High,28.3,36.8,222.4,0.187,0.433,0.967,Moderate traffic flow - standard adaptive signal timing in effect
EVT428323,2026-01-04 16:17:45,Trade Fair,J009,Majestic,8970,Weekend,False,Clear,False,0.0,False,False,0.53,Moderate,21.2,39.3,308.0,0.205,0.474,0.979,Moderate traffic flow - standard adaptive signal timing in effect
EVT428324,2025-08-06 18:40:37,Trade Fair,J040,City Market,8515,Weekday,False,Clear,False,0.0,False,False,1.0,Severe,10.1,76.6,432.1,0.162,0.374,0.93,Heavy congestion detected - signal timing extended and reroute suggested
EVT428325,2026-05-01 19:38:46,Cultural Procession,J009,Majestic,12765,Weekday,True,Clear,False,0.0,False,False,1.0,Severe,8.2,69.6,678.8,0.219,0.505,0.855,Festival crowd surge detected - alternate route and extended cycle recommended
EVT428326,2025-12-08 05:02:33,Trade Fair,J040,City Market,8410,Weekday,False,Clear,False,0.0,False,False,0.277,Low,40.3,24.3,101.8,0.081,0.186,0.958,Moderate traffic flow - standard adaptive signal timing in effect
EVT428327,2025-04-17 17:05:52,Sports Fixture,J011,Indiranagar 100ft Road,27803,Weekday,False,Clear,False,0.0,False,False,0.834,Severe,15.3,64.6,341.0,0.182,0.42,0.949,Heavy congestion detected - signal timing extended and reroute suggested
EVT428328,2026-06-11 16:05:27,Local Market Day,J011,Indiranagar 100ft Road,3677,Weekday,False,Clear,False,0.0,False,False,0.495,Moderate,23.6,35.4,157.7,0.115,0.266,0.986,Moderate traffic flow - standard adaptive signal timing in effect
EVT428329,2025-06-04 19:00:32,Concert,J020,Malleshwaram Circle,8543,Weekday,False,Rain,True,14.7,False,False,1.0,Severe,7.0,74.6,800.6,0.217,0.501,0.84,Heavy rain reducing visibility and grip - reduced speed and longer buffer advised
EVT428330,2025-09-06 16:51:32,Religious Festival,J040,City Market,53801,Weekend,True,Clear,False,0.0,True,True,1.0,Severe,9.8,98.7,695.4,0.291,0.673,0.674,Road closure for event/procession - full detour recommended for through-traffic
EVT428331,2025-04-26 23:02:32,Concert,J012,Koramangala Sony World,8954,Weekend,False,Fog,False,0.0,False,False,0.366,Moderate,35.0,27.5,94.7,0.066,0.152,0.958,Moderate traffic flow - standard adaptive signal timing in effect
EVT428332,2026-04-02 12:59:56,Sports Fixture,J020,Malleshwaram Circle,27145,Weekday,False,Rain,True,17.7,False,False,0.587,High,21.4,34.5,208.8,0.155,0.359,0.934,Heavy rain reducing visibility and grip - reduced speed and longer buffer advised
EVT428333,2025-09-03 20:23:45,Local Market Day,J030,MG Road,7887,Weekday,False,Clear,False,0.0,False,False,0.641,High,20.6,44.9,259.1,0.153,0.354,0.958,Moderate traffic flow - standard adaptive signal timing in effect
EVT428334,2025-04-18 08:04:31,Local Market Day,J012,Koramangala Sony World,3225,Weekday,False,Light Rain,True,1.0,False,False,0.786,Severe,13.8,54.0,415.2,0.217,0.501,0.908,Heavy rain reducing visibility and grip - reduced speed and longer buffer advised
EVT428335,2026-02-01 16:01:32,Local Market Day,J031,Cubbon Road,4809,Weekend,False,Clear,False,0.0,False,False,0.363,Moderate,32.3,23.5,146.0,0.128,0.296,0.968,Moderate traffic flow - standard adaptive signal timing in effect
EVT428336,2025-05-01 13:38:18,Religious Festival,J011,Indiranagar 100ft Road,38379,Weekday,True,Clear,False,0.0,False,True,0.817,High,13.0,80.0,332.4,0.172,0.396,0.894,Road closure for event/procession - full detour recommended for through-traffic
EVT428337,2025-11-05 15:02:37,Concert,J009,Majestic,10601,Weekday,False,Rain,True,9.3,False,False,0.387,Moderate,35.2,27.4,119.0,0.095,0.22,0.945,Light rain detected - minor speed reduction advised
EVT428338,2026-05-30 14:01:10,Political Rally,J031,Cubbon Road,16739,Weekend,False,Clear,False,0.0,False,False,0.269,Low,28.5,22.2,91.3,0.075,0.173,0.99,Moderate traffic flow - standard adaptive signal timing in effect
EVT428339,2026-03-27 17:53:23,Religious Festival,J031,Cubbon Road,59971,Weekday,True,Light Rain,True,1.8,False,True,1.0,Severe,7.9,101.6,248.4,0.097,0.224,0.774,Road closure for event/procession - full detour recommended for through-traffic
EVT428340,2025-03-29 01:20:10,Concert,J020,Malleshwaram Circle,15137,Weekend,False,Clear,False,0.0,False,False,0.375,Moderate,35.0,28.1,177.0,0.17,0.392,0.986,Moderate traffic flow - standard adaptive signal timing in effect
EVT428341,2026-05-30 17:55:04,Sports Fixture,J040,City Market,18858,Weekend,False,Clear,False,0.0,False,False,0.853,Severe,14.1,66.5,351.4,0.185,0.428,0.947,Heavy congestion detected - signal timing extended and reroute suggested
EVT428342,2026-03-25 11:54:05,Concert,J031,Cubbon Road,13047,Weekday,False,Clear,False,0.0,False,False,0.38,Moderate,29.6,28.5,144.9,0.143,0.331,0.987,Moderate traffic flow - standard adaptive signal timing in effect
EVT428343,2026-05-30 07:07:19,Concert,J031,Cubbon Road,10035,Weekend,False,Clear,False,0.0,False,False,0.503,Moderate,20.1,36.1,102.9,0.079,0.184,0.95,Moderate traffic flow - standard adaptive signal timing in effect
EVT428344,2025-07-21 19:27:23,Concert,J011,Indiranagar 100ft Road,9091,Weekday,False,Clear,False,0.0,False,False,0.902,Severe,11.3,63.3,617.2,0.258,0.596,0.952,Heavy congestion detected - signal timing extended and reroute suggested
EVT428345,2025-07-11 20:53:30,Local Market Day,J040,City Market,3640,Weekday,False,Heavy Rain,True,26.2,False,False,0.758,Severe,16.3,52.8,334.6,0.174,0.402,0.909,Heavy rain reducing visibility and grip - reduced speed and longer buffer advised
EVT428346,2026-01-16 08:16:47,Local Market Day,J011,Indiranagar 100ft Road,4094,Weekday,False,Clear,False,0.0,False,False,0.945,Severe,8.7,72.0,559.4,0.186,0.429,0.944,Heavy congestion detected - signal timing extended and reroute suggested
EVT428347,2025-10-29 19:48:02,Sports Fixture,J020,Malleshwaram Circle,15749,Weekday,False,Clear,False,0.0,False,False,0.915,Severe,10.0,65.4,274.5,0.113,0.262,0.919,Heavy congestion detected - signal timing extended and reroute suggested
EVT428348,2025-02-14 16:07:20,Political Rally,J030,MG Road,23579,Weekday,False,Clear,False,0.0,False,False,0.634,High,23.3,37.2,150.5,0.095,0.219,0.932,Moderate traffic flow - standard adaptive signal timing in effect
EVT428349,2025-09-08 21:04:50,Local Market Day,J011,Indiranagar 100ft Road,6516,Weekday,False,Clear,False,0.0,False,False,0.46,Moderate,28.6,31.8,110.0,0.089,0.206,0.973,Moderate traffic flow - standard adaptive signal timing in effect
EVT428350,2025-06-28 17:28:23,Concert,J030,MG Road,14838,Weekend,False,Clear,False,0.0,False,False,0.883,Severe,11.8,61.2,447.6,0.199,0.46,0.923,Heavy congestion detected - signal timing extended and reroute suggested
EVT428351,2026-05-25 18:32:57,Political Rally,J020,Malleshwaram Circle,10279,Weekday,False,Clear,False,0.0,False,False,1.0,Severe,7.4,69.0,429.2,0.129,0.299,0.905,Heavy congestion detected - signal timing extended and reroute suggested
EVT428352,2025-11-19 17:33:40,Sports Fixture,J012,Koramangala Sony World,18945,Weekday,False,Clear,False,0.0,False,False,1.0,Severe,7.3,74.5,649.4,0.188,0.434,0.925,Heavy congestion detected - signal timing extended and reroute suggested
EVT428353,2026-05-11 08:05:08,Local Market Day,J012,Koramangala Sony World,4053,Weekday,False,Clear,False,0.0,False,False,0.9,Severe,13.7,62.2,373.8,0.181,0.419,0.934,Heavy congestion detected - signal timing extended and reroute suggested
EVT428354,2025-07-28 13:09:51,Local Market Day,J020,Malleshwaram Circle,4702,Weekday,False,Heavy Rain,True,68.0,False,False,0.63,High,23.5,44.7,291.0,0.208,0.481,0.903,Heavy rain reducing visibility and grip - reduced speed and longer buffer advised
EVT428355,2026-05-01 14:55:58,Religious Festival,J030,MG Road,53913,Weekday,True,Clear,False,0.0,False,True,0.932,Severe,12.2,101.5,321.5,0.16,0.37,0.845,Road closure for event/procession - full detour recommended for through-traffic
EVT428356,2025-06-30 14:12:31,Sports Fixture,J023,Basavanagudi,27005,Weekday,False,Clear,False,0.0,False,False,0.332,Low,33.1,25.5,146.7,0.128,0.296,0.942,Moderate traffic flow - standard adaptive signal timing in effect
EVT428357,2026-05-23 10:45:45,Sports Fixture,J023,Basavanagudi,22137,Weekend,False,Rain,True,13.8,False,False,0.725,High,18.9,53.5,333.9,0.21,0.484,0.893,Heavy rain reducing visibility and grip - reduced speed and longer buffer advised
EVT428358,2025-08-28 14:00:27,Religious Festival,J040,City Market,23283,Weekday,True,Clear,False,0.0,False,False,0.569,High,22.5,45.7,173.3,0.125,0.289,0.922,Festival crowd surge detected - alternate route and extended cycle recommended
EVT428359,2025-09-21 08:09:31,Sports Fixture,J023,Basavanagudi,19418,Weekend,False,Clear,False,0.0,False,False,0.832,Severe,14.4,51.4,234.7,0.119,0.274,0.936,Heavy congestion detected - signal timing extended and reroute suggested
EVT428360,2025-07-19 10:22:20,Political Rally,J009,Majestic,16240,Weekend,False,Clear,False,0.0,False,False,0.677,High,19.0,46.7,315.6,0.2,0.463,0.966,Moderate traffic flow - standard adaptive signal timing in effect
EVT428361,2026-03-26 06:37:27,Religious Festival,J009,Majestic,47367,Weekday,True,Clear,False,0.0,False,False,0.75,Severe,19.8,60.5,192.5,0.123,0.284,0.936,Festival crowd surge detected - alternate route and extended cycle recommended
EVT428362,2026-06-26 18:00:52,Trade Fair,J030,MG Road,9060,Weekday,False,Heavy Rain,True,48.9,False,False,1.0,Severe,8.4,75.0,603.4,0.199,0.459,0.867,Heavy rain reducing visibility and grip - reduced speed and longer buffer advised
EVT428363,2026-01-31 08:59:56,Trade Fair,J020,Malleshwaram Circle,16985,Weekend,False,Fog,False,0.0,False,False,0.956,Severe,11.8,70.1,436.8,0.222,0.512,0.937,Heavy congestion detected - signal timing extended and reroute suggested
EVT428364,2026-05-16 12:51:32,Local Market Day,J030,MG Road,2647,Weekend,False,Clear,False,0.0,False,False,0.217,Low,32.8,17.0,150.3,0.128,0.295,0.961,Normal free-flow traffic - standard signal timing maintained
EVT428365,2025-05-09 18:28:15,Local Market Day,J011,Indiranagar 100ft Road,2303,Weekday,False,Clear,False,0.0,False,False,0.981,Severe,9.5,68.6,384.0,0.162,0.373,0.933,Heavy congestion detected - signal timing extended and reroute suggested
EVT428366,2026-02-06 14:54:51,Sports Fixture,J023,Basavanagudi,21248,Weekday,False,Clear,False,0.0,False,False,0.31,Low,34.9,18.7,118.6,0.105,0.243,0.969,Moderate traffic flow - standard adaptive signal timing in effect
EVT428367,2026-01-25 21:43:18,Sports Fixture,J023,Basavanagudi,14561,Weekend,False,Clear,False,0.0,False,False,0.43,Moderate,30.3,21.4,164.5,0.154,0.357,0.969,Moderate traffic flow - standard adaptive signal timing in effect
EVT428368,2026-01-20 14:41:27,Trade Fair,J020,Malleshwaram Circle,12052,Weekday,False,Clear,False,0.0,False,False,0.286,Low,30.2,19.6,216.4,0.166,0.384,0.986,Moderate traffic flow - standard adaptive signal timing in effect
EVT428369,2026-01-06 20:52:04,Trade Fair,J023,Basavanagudi,20722,Weekday,False,Clear,False,0.0,False,False,0.546,Moderate,23.4,33.7,80.4,0.054,0.125,0.961,Moderate traffic flow - standard adaptive signal timing in effect
EVT428370,2025-03-24 23:12:30,Sports Fixture,J040,City Market,33424,Weekday,False,Clear,False,0.0,False,False,0.313,Low,34.3,23.2,132.3,0.125,0.288,0.964,Moderate traffic flow - standard adaptive signal timing in effect
EVT428371,2025-01-17 11:23:53,Local Market Day,J030,MG Road,3826,Weekday,False,Clear,False,0.0,False,False,0.297,Low,32.0,23.8,218.4,0.18,0.417,0.966,Moderate traffic flow - standard adaptive signal timing in effect
EVT428372,2026-03-06 21:19:59,Trade Fair,J023,Basavanagudi,5301,Weekday,False,Clear,False,0.0,False,False,0.359,Moderate,27.8,26.3,145.3,0.12,0.278,0.984,Moderate traffic flow - standard adaptive signal timing in effect
EVT428373,2026-01-08 19:01:11,Trade Fair,J020,Malleshwaram Circle,7017,Weekday,False,Clear,False,0.0,False,False,1.0,Severe,8.1,72.3,607.9,0.209,0.482,0.902,Heavy congestion detected - signal timing extended and reroute suggested
EVT428374,2025-12-03 08:23:05,Trade Fair,J011,Indiranagar 100ft Road,11406,Weekday,False,Clear,False,0.0,False,False,1.0,Severe,8.4,71.2,951.0,0.317,0.732,0.893,Heavy congestion detected - signal timing extended and reroute suggested
EVT428375,2025-11-04 07:15:45,Trade Fair,J020,Malleshwaram Circle,4560,Weekday,False,Rain,True,12.1,False,False,0.641,High,15.6,38.9,103.4,0.07,0.162,0.926,Heavy rain reducing visibility and grip - reduced speed and longer buffer advised
EVT428376,2026-02-18 17:21:46,Political Rally,J012,Koramangala Sony World,12186,Weekday,False,Clear,False,0.0,False,False,0.943,Severe,9.6,70.4,399.0,0.16,0.37,0.928,Heavy congestion detected - signal timing extended and reroute suggested
EVT428377,2025-09-01 19:45:09,Trade Fair,J012,Koramangala Sony World,6357,Weekday,False,Heavy Rain,True,29.4,False,False,1.0,Severe,10.3,71.6,523.3,0.217,0.502,0.871,Heavy rain reducing visibility and grip - reduced speed and longer buffer advised
EVT428378,2026-05-22 20:31:10,Sports Fixture,J009,Majestic,25598,Weekday,False,Clear,False,0.0,False,False,0.738,High,17.8,57.7,367.1,0.209,0.483,0.968,Moderate traffic flow - standard adaptive signal timing in effect
EVT428379,2025-03-16 12:46:49,Concert,J011,Indiranagar 100ft Road,15359,Weekend,False,Clear,False,0.0,False,False,0.293,Low,33.8,24.9,138.7,0.131,0.303,0.965,Moderate traffic flow - standard adaptive signal timing in effect
EVT428380,2025-08-19 05:51:36,Local Market Day,J011,Indiranagar 100ft Road,4210,Weekday,False,Clear,False,0.0,False,False,0.14,Low,32.5,8.6,132.6,0.098,0.227,0.96,Normal free-flow traffic - standard signal timing maintained
EVT428381,2025-07-15 17:07:53,Political Rally,J040,City Market,14817,Weekday,False,Heavy Rain,True,29.0,False,False,1.0,Severe,10.0,67.3,339.0,0.132,0.305,0.871,Heavy rain reducing visibility and grip - reduced speed and longer buffer advised
EVT428382,2026-02-20 10:31:30,Local Market Day,J040,City Market,5406,Weekday,False,Clear,False,0.0,False,False,0.647,High,20.7,44.2,188.4,0.124,0.286,0.97,Moderate traffic flow - standard adaptive signal timing in effect
EVT428383,2025-08-23 13:15:30,Local Market Day,J031,Cubbon Road,3299,Weekend,False,Clear,False,0.0,False,False,0.271,Low,29.3,22.0,89.8,0.068,0.157,0.969,Moderate traffic flow - standard adaptive signal timing in effect
EVT428384,2025-09-10 12:07:39,Local Market Day,J009,Majestic,2323,Weekday,False,Clear,False,0.0,False,False,0.227,Low,35.2,20.2,91.7,0.079,0.182,0.966,Normal free-flow traffic - standard signal timing maintained
EVT428385,2025-06-02 07:53:46,Local Market Day,J030,MG Road,5296,Weekday,False,Clear,False,0.0,False,False,0.773,Severe,16.9,55.3,282.4,0.152,0.35,0.974,Heavy congestion detected - signal timing extended and reroute suggested
EVT428386,2025-06-17 21:37:51,Political Rally,J009,Majestic,8427,Weekday,False,Heavy Rain,True,38.2,False,False,0.638,High,19.9,47.6,219.1,0.134,0.31,0.91,Heavy rain reducing visibility and grip - reduced speed and longer buffer advised
EVT428387,2026-04-24 07:23:30,Concert,J009,Majestic,10699,Weekday,False,Clear,False,0.0,False,False,0.642,High,16.7,45.8,434.7,0.238,0.55,0.977,Moderate traffic flow - standard adaptive signal timing in effect
EVT428388,2025-07-15 12:46:52,Local Market Day,J020,Malleshwaram Circle,3985,Weekday,False,Light Rain,True,7.3,False,False,0.259,Low,32.8,23.1,167.0,0.134,0.309,0.889,Light rain detected - minor speed reduction advised
EVT428389,2026-04-30 08:56:21,Trade Fair,J009,Majestic,7945,Weekday,False,Clear,False,0.0,False,False,1.0,Severe,7.8,73.1,483.7,0.17,0.392,0.908,Heavy congestion detected - signal timing extended and reroute suggested
EVT428390,2025-09-18 17:25:51,Trade Fair,J009,Majestic,11314,Weekday,False,Clear,False,0.0,False,False,0.961,Severe,10.5,63.6,506.0,0.234,0.54,0.957,Heavy congestion detected - signal timing extended and reroute suggested
EVT428391,2026-01-09 10:20:37,Sports Fixture,J020,Malleshwaram Circle,28503,Weekday,False,Clear,False,0.0,False,False,0.921,Severe,9.2,69.9,505.9,0.187,0.432,0.925,Heavy congestion detected - signal timing extended and reroute suggested
EVT428392,2025-10-08 18:10:27,Concert,J031,Cubbon Road,9686,Weekday,False,Clear,False,0.0,False,False,1.0,Severe,9.1,73.1,639.6,0.218,0.505,0.923,Heavy congestion detected - signal timing extended and reroute suggested
EVT428393,2025-09-05 12:09:09,Cultural Procession,J040,City Market,23720,Weekday,True,Clear,False,0.0,False,True,0.707,High,19.4,72.0,284.1,0.182,0.421,0.861,Road closure for event/procession - full detour recommended for through-traffic
EVT428394,2025-02-24 12:42:47,Political Rally,J009,Majestic,15531,Weekday,False,Clear,False,0.0,False,False,0.273,Low,30.2,18.2,130.8,0.114,0.263,0.953,Moderate traffic flow - standard adaptive signal timing in effect
EVT428395,2025-09-05 20:33:40,Fireworks Display,J012,Koramangala Sony World,27678,Weekday,True,Heavy Rain,True,44.4,False,False,1.0,Severe,8.8,72.9,324.0,0.116,0.267,0.814,Festival crowd surge detected - alternate route and extended cycle recommended
EVT428396,2026-01-05 08:59:35,Sports Fixture,J011,Indiranagar 100ft Road,23256,Weekday,False,Clear,False,0.0,False,False,1.0,Severe,9.0,70.1,464.3,0.17,0.392,0.909,Heavy congestion detected - signal timing extended and reroute suggested
EVT428397,2025-04-16 12:29:25,Local Market Day,J031,Cubbon Road,1759,Weekday,False,Clear,False,0.0,False,False,0.272,Low,30.9,18.1,244.2,0.19,0.439,0.962,Moderate traffic flow - standard adaptive signal timing in effect
EVT428398,2025-08-26 17:19:11,Trade Fair,J020,Malleshwaram Circle,14032,Weekday,False,Rain,True,23.0,False,False,1.0,Severe,8.4,68.8,231.8,0.089,0.205,0.841,Heavy rain reducing visibility and grip - reduced speed and longer buffer advised
EVT428399,2026-03-04 22:34:12,Fireworks Display,J020,Malleshwaram Circle,60595,Weekday,True,Clear,False,0.0,False,False,0.752,Severe,18.3,54.1,348.5,0.203,0.468,0.906,Festival crowd surge detected - alternate route and extended cycle recommended
EVT428400,2025-03-11 23:18:55,Political Rally,J031,Cubbon Road,20159,Weekday,False,Clear,False,0.0,False,False,0.302,Low,29.4,18.2,271.2,0.204,0.471,0.962,Moderate traffic flow - standard adaptive signal timing in effect
EVT428401,2025-04-13 14:10:12,Trade Fair,J040,City Market,8739,Weekend,False,Clear,False,0.0,False,False,0.261,Low,36.3,19.8,85.8,0.097,0.224,0.948,Moderate traffic flow - standard adaptive signal timing in effect
EVT428402,2025-11-04 21:30:03,Local Market Day,J009,Majestic,2771,Weekday,False,Clear,False,0.0,False,False,0.28,Low,36.1,24.0,143.6,0.138,0.318,0.982,Moderate traffic flow - standard adaptive signal timing in effect
EVT428403,2025-04-16 10:28:54,Concert,J030,MG Road,15946,Weekday,False,Clear,False,0.0,False,False,0.73,High,17.9,54.5,283.6,0.182,0.421,0.964,Moderate traffic flow - standard adaptive signal timing in effect
EVT428404,2026-06-13 11:38:40,Local Market Day,J040,City Market,4485,Weekend,False,Clear,False,0.0,False,False,0.356,Moderate,22.6,17.0,64.6,0.037,0.086,0.971,Moderate traffic flow - standard adaptive signal timing in effect
EVT428405,2025-01-17 11:10:45,Concert,J009,Majestic,13493,Weekday,False,Clear,False,0.0,False,False,0.48,Moderate,32.0,35.4,131.4,0.1,0.232,0.961,Moderate traffic flow - standard adaptive signal timing in effect
EVT428406,2025-01-04 09:21:58,Concert,J020,Malleshwaram Circle,9798,Weekend,False,Clear,False,0.0,False,False,0.82,Severe,12.2,58.5,577.0,0.258,0.595,0.948,Heavy congestion detected - signal timing extended and reroute suggested
EVT428407,2025-08-02 06:26:27,Local Market Day,J023,Basavanagudi,2287,Weekend,False,Clear,False,0.0,False,False,0.352,Moderate,27.6,31.8,202.0,0.132,0.305,0.93,Moderate traffic flow - standard adaptive signal timing in effect
EVT428408,2025-02-15 06:27:01,Concert,J030,MG Road,9912,Weekend,False,Clear,False,0.0,False,False,0.281,Low,29.7,17.2,162.4,0.123,0.283,0.99,Moderate traffic flow - standard adaptive signal timing in effect
EVT428409,2025-12-28 13:31:54,Local Market Day,J031,Cubbon Road,4943,Weekend,False,Clear,False,0.0,False,False,0.236,Low,39.7,19.6,81.8,0.066,0.153,0.968,Normal free-flow traffic - standard signal timing maintained
EVT428410,2026-02-11 00:25:46,Concert,J009,Majestic,11718,Weekday,False,Clear,False,0.0,False,False,0.271,Low,28.8,17.6,133.1,0.088,0.204,0.955,Moderate traffic flow - standard adaptive signal timing in effect
EVT428411,2025-03-20 16:15:49,Concert,J040,City Market,9754,Weekday,False,Clear,False,0.0,False,False,0.565,High,22.5,41.6,169.0,0.099,0.228,0.97,Moderate traffic flow - standard adaptive signal timing in effect
EVT428412,2025-10-12 19:49:30,Concert,J020,Malleshwaram Circle,4735,Weekend,False,Clear,False,0.0,False,False,0.663,High,20.2,49.2,262.1,0.157,0.362,0.964,Moderate traffic flow - standard adaptive signal timing in effect
EVT428413,2026-05-27 07:45:48,Local Market Day,J030,MG Road,2179,Weekday,False,Clear,False,0.0,False,False,0.695,High,18.5,47.0,113.0,0.059,0.136,0.969,Moderate traffic flow - standard adaptive signal timing in effect
EVT428414,2026-02-04 15:42:05,Political Rally,J020,Malleshwaram Circle,14489,Weekday,False,Clear,False,0.0,False,False,0.319,Low,30.9,24.0,187.0,0.168,0.389,0.966,Moderate traffic flow - standard adaptive signal timing in effect
EVT428415,2026-05-05 17:58:36,Local Market Day,J009,Majestic,6035,Weekday,False,Clear,False,0.0,False,False,0.992,Severe,8.5,69.1,509.1,0.179,0.415,0.893,Heavy congestion detected - signal timing extended and reroute suggested
EVT428416,2026-02-26 07:05:13,Sports Fixture,J020,Malleshwaram Circle,19364,Weekday,False,Clear,False,0.0,False,False,0.545,Moderate,30.7,36.4,136.1,0.128,0.295,0.961,Moderate traffic flow - standard adaptive signal timing in effect
EVT428417,2025-04-26 16:54:07,Political Rally,J012,Koramangala Sony World,21747,Weekend,False,Clear,False,0.0,False,False,0.759,Severe,15.9,58.6,354.2,0.184,0.425,0.95,Heavy congestion detected - signal timing extended and reroute suggested
EVT428418,2025-12-12 19:18:59,Local Market Day,J009,Majestic,3919,Weekday,False,Clear,False,0.0,False,False,0.9,Severe,11.9,58.6,500.3,0.238,0.55,0.935,Heavy congestion detected - signal timing extended and reroute suggested
EVT428419,2026-06-17 07:51:50,Local Market Day,J012,Koramangala Sony World,4508,Weekday,False,Clear,False,0.0,False,False,0.688,High,22.2,45.8,261.4,0.2,0.461,0.94,Moderate traffic flow - standard adaptive signal timing in effect
EVT428420,2026-04-01 21:27:29,Political Rally,J031,Cubbon Road,10173,Weekday,False,Clear,False,0.0,False,False,0.333,Low,26.8,25.7,169.5,0.117,0.27,0.952,Moderate traffic flow - standard adaptive signal timing in effect
EVT428421,2025-06-01 03:43:44,Local Market Day,J023,Basavanagudi,2657,Weekend,False,Rain,True,11.3,False,False,0.415,Moderate,28.0,28.0,151.1,0.124,0.286,0.896,Light rain detected - minor speed reduction advised
EVT428422,2026-03-09 17:43:09,Local Market Day,J011,Indiranagar 100ft Road,2995,Weekday,False,Clear,False,0.0,False,False,0.848,Severe,13.4,56.1,299.9,0.155,0.359,0.928,Heavy congestion detected - signal timing extended and reroute suggested
EVT428423,2025-09-24 10:30:46,Trade Fair,J011,Indiranagar 100ft Road,10290,Weekday,False,Clear,False,0.0,False,False,0.633,High,17.3,49.0,461.9,0.244,0.563,0.988,Moderate traffic flow - standard adaptive signal timing in effect
EVT428424,2025-07-25 17:21:34,Trade Fair,J020,Malleshwaram Circle,8495,Weekday,False,Heavy Rain,True,25.7,False,False,1.0,Severe,9.8,70.2,517.2,0.2,0.461,0.849,Heavy rain reducing visibility and grip - reduced speed and longer buffer advised
EVT428425,2026-06-19 11:11:57,Local Market Day,J040,City Market,5091,Weekday,False,Heavy Rain,True,30.9,False,False,0.728,High,15.0,54.1,424.1,0.233,0.538,0.9,Heavy rain reducing visibility and grip - reduced speed and longer buffer advised
EVT428426,2025-01-24 14:51:07,Trade Fair,J011,Indiranagar 100ft Road,10241,Weekday,False,Clear,False,0.0,False,False,0.337,Low,29.5,19.2,160.0,0.124,0.286,0.955,Moderate traffic flow - standard adaptive signal timing in effect
EVT428427,2026-04-19 15:21:53,Local Market Day,J020,Malleshwaram Circle,2899,Weekend,False,Clear,False,0.0,False,False,0.312,Low,31.6,22.4,94.8,0.08,0.185,0.942,Moderate traffic flow - standard adaptive signal timing in effect
EVT428428,2026-03-25 18:30:23,Local Market Day,J020,Malleshwaram Circle,4029,Weekday,False,Clear,False,0.0,False,False,1.0,Severe,8.6,66.3,402.4,0.133,0.307,0.898,Heavy congestion detected - signal timing extended and reroute suggested
EVT428429,2025-08-25 18:35:47,Trade Fair,J011,Indiranagar 100ft Road,6602,Weekday,False,Clear,False,0.0,False,False,1.0,Severe,8.9,74.3,410.5,0.164,0.38,0.929,Heavy congestion detected - signal timing extended and reroute suggested
EVT428430,2026-01-02 19:02:14,Religious Festival,J023,Basavanagudi,38008,Weekday,True,Clear,False,0.0,False,False,1.0,Severe,7.0,65.5,802.2,0.24,0.555,0.852,Festival crowd surge detected - alternate route and extended cycle recommended
EVT428431,2026-05-24 17:05:13,Trade Fair,J040,City Market,16593,Weekend,False,Clear,False,0.0,False,False,0.664,High,19.9,46.2,173.6,0.097,0.225,0.953,Moderate traffic flow - standard adaptive signal timing in effect
EVT428432,2026-02-22 08:57:53,Concert,J031,Cubbon Road,12630,Weekend,False,Clear,False,0.0,False,False,1.0,Severe,9.7,72.5,365.5,0.139,0.322,0.905,Heavy congestion detected - signal timing extended and reroute suggested
EVT428433,2025-10-16 11:06:10,Local Market Day,J012,Koramangala Sony World,2059,Weekday,False,Clear,False,0.0,False,False,0.378,Moderate,26.9,30.3,169.9,0.132,0.305,0.967,Moderate traffic flow - standard adaptive signal timing in effect
EVT428434,2026-01-05 10:46:17,Local Market Day,J030,MG Road,6892,Weekday,False,Clear,False,0.0,False,False,0.492,Moderate,23.9,33.0,142.7,0.106,0.245,0.959,Moderate traffic flow - standard adaptive signal timing in effect
EVT428435,2025-12-23 17:14:10,Local Market Day,J012,Koramangala Sony World,2704,Weekday,False,Clear,False,0.0,False,False,0.777,Severe,14.0,58.7,299.5,0.146,0.337,0.978,Heavy congestion detected - signal timing extended and reroute suggested
EVT428436,2026-05-05 14:00:05,Trade Fair,J030,MG Road,15287,Weekday,False,Clear,False,0.0,False,False,0.232,Low,36.3,12.8,120.1,0.116,0.267,0.99,Normal free-flow traffic - standard signal timing maintained
EVT428437,2025-01-30 07:49:29,Trade Fair,J009,Majestic,11095,Weekday,False,Clear,False,0.0,False,False,0.813,Severe,13.8,58.3,260.4,0.118,0.272,0.946,Heavy congestion detected - signal timing extended and reroute suggested
EVT428438,2025-01-16 16:08:08,Sports Fixture,J011,Indiranagar 100ft Road,18617,Weekday,False,Rain,True,8.2,False,False,0.707,High,20.1,46.3,114.2,0.072,0.166,0.907,Heavy rain reducing visibility and grip - reduced speed and longer buffer advised
EVT428439,2025-06-06 11:11:20,Concert,J012,Koramangala Sony World,15417,Weekday,False,Heavy Rain,True,70.2,True,False,1.0,Severe,8.2,67.4,422.0,0.137,0.317,0.706,Accident detected nearby - reroute and reduced speed advised
EVT428440,2026-04-12 08:27:50,Sports Fixture,J009,Majestic,23159,Weekend,False,Clear,False,0.0,False,False,0.928,Severe,10.8,63.5,460.8,0.217,0.501,0.925,Heavy congestion detected - signal timing extended and reroute suggested
EVT428441,2026-03-20 12:42:47,Cultural Procession,J009,Majestic,19668,Weekday,True,Clear,False,0.0,False,True,0.624,Moderate,22.2,62.5,292.3,0.205,0.474,0.875,Road closure for event/procession - full detour recommended for through-traffic
EVT428442,2025-05-11 05:24:10,Trade Fair,J012,Koramangala Sony World,6613,Weekend,False,Clear,False,0.0,False,False,0.354,Moderate,23.8,30.7,133.6,0.074,0.171,0.975,Moderate traffic flow - standard adaptive signal timing in effect
EVT428443,2025-09-04 14:39:52,Concert,J020,Malleshwaram Circle,20165,Weekday,False,Rain,True,14.8,False,False,0.495,Moderate,28.6,37.2,220.7,0.185,0.428,0.903,Light rain detected - minor speed reduction advised
EVT428444,2025-05-14 16:12:50,Concert,J009,Majestic,10531,Weekday,False,Clear,False,0.0,False,False,0.498,Moderate,26.4,36.9,185.5,0.133,0.307,0.972,Moderate traffic flow - standard adaptive signal timing in effect
EVT428445,2025-11-08 08:11:15,Sports Fixture,J020,Malleshwaram Circle,31491,Weekend,False,Rain,True,18.2,False,False,1.0,Severe,8.9,72.2,686.1,0.233,0.539,0.858,Heavy rain reducing visibility and grip - reduced speed and longer buffer advised
EVT428446,2025-02-01 16:47:03,Local Market Day,J031,Cubbon Road,5284,Weekend,False,Clear,False,0.0,False,False,0.606,High,22.3,45.5,296.9,0.218,0.503,0.939,Moderate traffic flow - standard adaptive signal timing in effect
EVT428447,2026-04-24 14:49:44,Trade Fair,J009,Majestic,7458,Weekday,False,Clear,False,0.0,False,False,0.258,Low,31.7,22.3,108.0,0.085,0.195,0.971,Moderate traffic flow - standard adaptive signal timing in effect
EVT428448,2025-05-19 15:34:35,Trade Fair,J030,MG Road,8861,Weekday,False,Clear,False,0.0,False,False,0.39,Moderate,29.9,32.8,206.7,0.167,0.385,0.972,Moderate traffic flow - standard adaptive signal timing in effect
EVT428449,2026-05-01 18:47:53,Cultural Procession,J020,Malleshwaram Circle,37727,Weekday,True,Clear,False,0.0,False,True,1.0,Severe,7.4,103.2,864.5,0.227,0.526,0.786,Road closure for event/procession - full detour recommended for through-traffic
EVT428450,2026-06-14 12:22:03,Sports Fixture,J009,Majestic,16244,Weekend,False,Heavy Rain,True,32.7,False,False,0.712,High,14.1,57.3,268.5,0.127,0.294,0.912,Heavy rain reducing visibility and grip - reduced speed and longer buffer advised
EVT428451,2025-09-08 17:20:23,Sports Fixture,J011,Indiranagar 100ft Road,16512,Weekday,False,Clear,False,0.0,False,False,0.865,Severe,12.5,61.9,190.9,0.09,0.209,0.933,Heavy congestion detected - signal timing extended and reroute suggested
EVT428452,2025-07-23 13:17:15,Political Rally,J031,Cubbon Road,14358,Weekday,False,Clear,False,0.0,False,False,0.209,Low,34.7,17.6,92.2,0.074,0.171,0.967,Normal free-flow traffic - standard signal timing maintained
EVT428453,2025-07-01 14:06:28,Local Market Day,J040,City Market,5392,Weekday,False,Heavy Rain,True,43.1,False,False,0.608,High,14.1,46.7,372.0,0.161,0.372,0.872,Heavy rain reducing visibility and grip - reduced speed and longer buffer advised
EVT428454,2025-03-11 16:39:04,Local Market Day,J009,Majestic,3175,Weekday,False,Fog,False,0.0,False,False,0.576,High,20.6,39.3,296.4,0.175,0.405,0.958,Moderate traffic flow - standard adaptive signal timing in effect
EVT428455,2025-09-05 12:58:53,Religious Festival,J020,Malleshwaram Circle,38009,Weekday,True,Clear,False,0.0,False,True,0.767,High,18.4,78.9,332.5,0.193,0.446,0.897,Road closure for event/procession - full detour recommended for through-traffic
EVT428456,2025-03-05 08:42:32,Local Market Day,J020,Malleshwaram Circle,7672,Weekday,False,Clear,False,0.0,False,False,0.991,Severe,6.6,75.8,933.1,0.253,0.585,0.898,Heavy congestion detected - signal timing extended and reroute suggested
EVT428457,2025-03-31 13:12:58,Religious Festival,J009,Majestic,25983,Weekday,True,Clear,False,0.0,False,False,0.52,Moderate,20.7,32.1,224.6,0.144,0.332,0.907,Festival crowd surge detected - alternate route and extended cycle recommended
EVT428458,2025-10-05 00:38:54,Sports Fixture,J030,MG Road,8512,Weekend,False,Clear,False,0.0,False,False,0.27,Low,28.7,13.2,203.9,0.156,0.36,0.946,Moderate traffic flow - standard adaptive signal timing in effect
EVT428459,2026-03-16 17:44:46,Sports Fixture,J009,Majestic,27387,Weekday,False,Clear,False,0.0,False,False,1.0,Severe,8.7,68.6,248.6,0.103,0.239,0.901,Heavy congestion detected - signal timing extended and reroute suggested
EVT428460,2025-07-11 18:27:47,Local Market Day,J011,Indiranagar 100ft Road,6810,Weekday,False,Clear,False,0.0,False,False,1.0,Severe,9.0,74.2,389.8,0.16,0.37,0.907,Heavy congestion detected - signal timing extended and reroute suggested
EVT428461,2026-02-09 18:16:39,Trade Fair,J023,Basavanagudi,15653,Weekday,False,Clear,False,0.0,False,False,1.0,Severe,7.6,73.9,929.1,0.261,0.603,0.933,Heavy congestion detected - signal timing extended and reroute suggested
EVT428462,2025-05-22 16:55:03,Concert,J030,MG Road,9579,Weekday,False,Clear,False,0.0,False,False,0.625,High,20.8,47.9,321.0,0.209,0.483,0.982,Moderate traffic flow - standard adaptive signal timing in effect
EVT428463,2025-06-21 17:52:40,Sports Fixture,J011,Indiranagar 100ft Road,17091,Weekend,False,Clear,False,0.0,False,False,0.87,Severe,15.5,53.8,267.4,0.153,0.353,0.949,Heavy congestion detected - signal timing extended and reroute suggested
EVT428464,2025-06-20 09:56:36,Local Market Day,J023,Basavanagudi,4405,Weekday,False,Rain,True,11.3,False,False,1.0,Severe,8.6,71.6,665.8,0.254,0.587,0.877,Heavy rain reducing visibility and grip - reduced speed and longer buffer advised
EVT428465,2025-01-18 08:12:21,Sports Fixture,J030,MG Road,23176,Weekend,False,Clear,False,0.0,False,False,0.779,Severe,16.7,57.4,206.6,0.133,0.308,0.942,Heavy congestion detected - signal timing extended and reroute suggested
EVT428466,2025-11-18 18:46:58,Trade Fair,J011,Indiranagar 100ft Road,21399,Weekday,False,Clear,False,0.0,False,False,1.0,Severe,7.0,73.8,944.4,0.276,0.637,0.922,Heavy congestion detected - signal timing extended and reroute suggested
EVT428467,2025-04-20 08:50:47,Concert,J031,Cubbon Road,6957,Weekend,False,Clear,False,0.0,False,False,0.908,Severe,13.1,66.8,302.4,0.133,0.308,0.919,Heavy congestion detected - signal timing extended and reroute suggested
EVT428468,2026-02-12 18:26:14,Political Rally,J030,MG Road,15380,Weekday,False,Clear,False,0.0,False,False,1.0,Severe,9.3,65.4,452.6,0.169,0.391,0.922,Heavy congestion detected - signal timing extended and reroute suggested
EVT428469,2025-08-13 15:53:43,Concert,J012,Koramangala Sony World,8460,Weekday,False,Clear,False,0.0,False,False,0.436,Moderate,27.7,35.1,125.9,0.119,0.275,0.97,Moderate traffic flow - standard adaptive signal timing in effect
EVT428470,2026-05-04 09:47:59,Local Market Day,J020,Malleshwaram Circle,3122,Weekday,False,Clear,False,0.0,False,False,0.954,Severe,9.5,68.5,399.4,0.154,0.355,0.935,Heavy congestion detected - signal timing extended and reroute suggested
EVT428471,2025-10-01 15:59:15,Local Market Day,J009,Majestic,3323,Weekday,False,Clear,False,0.0,False,False,0.409,Moderate,26.6,28.3,140.6,0.09,0.208,0.966,Moderate traffic flow - standard adaptive signal timing in effect
EVT428472,2025-11-07 13:01:12,Concert,J020,Malleshwaram Circle,16133,Weekday,False,Rain,True,13.6,False,False,0.455,Moderate,24.1,31.0,129.8,0.097,0.223,0.907,Light rain detected - minor speed reduction advised
EVT428473,2025-03-09 11:55:51,Local Market Day,J011,Indiranagar 100ft Road,3825,Weekend,False,Clear,False,0.0,False,False,0.253,Low,31.0,22.9,176.0,0.139,0.321,0.959,Moderate traffic flow - standard adaptive signal timing in effect
EVT428474,2025-08-11 18:54:08,Concert,J031,Cubbon Road,11542,Weekday,False,Fog,False,0.0,False,False,1.0,Severe,8.0,76.0,850.9,0.288,0.666,0.876,Heavy congestion detected - signal timing extended and reroute suggested
EVT428475,2025-03-24 16:39:55,Trade Fair,J009,Majestic,6308,Weekday,False,Clear,False,0.0,False,False,0.589,High,19.2,40.3,276.9,0.172,0.397,0.971,Moderate traffic flow - standard adaptive signal timing in effect
EVT428476,2025-12-17 17:24:05,Concert,J020,Malleshwaram Circle,16624,Weekday,False,Clear,False,0.0,False,False,0.954,Severe,8.9,74.3,595.5,0.238,0.549,0.934,Heavy congestion detected - signal timing extended and reroute suggested
EVT428477,2025-08-24 13:15:23,Local Market Day,J023,Basavanagudi,5666,Weekend,False,Clear,False,0.0,False,False,0.355,Moderate,24.8,29.1,217.8,0.156,0.359,0.963,Moderate traffic flow - standard adaptive signal timing in effect
EVT428478,2025-11-24 10:07:27,Local Market Day,J009,Majestic,4163,Weekday,False,Clear,False,0.0,False,False,0.702,High,15.4,50.3,170.5,0.091,0.211,0.98,Moderate traffic flow - standard adaptive signal timing in effect
EVT428479,2025-10-14 19:31:54,Sports Fixture,J011,Indiranagar 100ft Road,20146,Weekday,False,Clear,False,0.0,False,False,0.974,Severe,9.6,66.5,898.9,0.356,0.822,0.91,Heavy congestion detected - signal timing extended and reroute suggested
EVT428480,2025-12-16 07:56:01,Concert,J030,MG Road,14936,Weekday,False,Clear,False,0.0,False,False,0.862,Severe,12.3,58.0,311.6,0.137,0.316,0.941,Heavy congestion detected - signal timing extended and reroute suggested
EVT428481,2026-03-26 08:27:43,Religious Festival,J040,City Market,62781,Weekday,True,Clear,False,0.0,False,False,1.0,Severe,8.7,70.5,753.3,0.247,0.569,0.86,Festival crowd surge detected - alternate route and extended cycle recommended
EVT428482,2025-08-06 20:03:24,Trade Fair,J040,City Market,14238,Weekday,False,Clear,False,0.0,False,False,0.709,High,18.7,50.2,253.6,0.158,0.366,0.939,Moderate traffic flow - standard adaptive signal timing in effect
EVT428483,2025-08-18 09:41:37,Concert,J012,Koramangala Sony World,13604,Weekday,False,Fog,False,0.0,False,False,0.974,Severe,9.4,66.0,518.4,0.191,0.44,0.946,Heavy congestion detected - signal timing extended and reroute suggested
EVT428484,2025-08-25 08:24:29,Sports Fixture,J023,Basavanagudi,37903,Weekday,False,Heavy Rain,True,30.0,False,False,1.0,Severe,9.9,64.9,266.2,0.117,0.27,0.857,Heavy rain reducing visibility and grip - reduced speed and longer buffer advised
EVT428485,2026-06-19 14:50:25,Sports Fixture,J009,Majestic,24228,Weekday,False,Heavy Rain,True,37.1,False,False,0.66,High,22.2,47.3,337.0,0.232,0.535,0.915,Heavy rain reducing visibility and grip - reduced speed and longer buffer advised
EVT428486,2026-06-08 11:22:36,Trade Fair,J011,Indiranagar 100ft Road,16222,Weekday,False,Heavy Rain,True,37.5,False,False,0.793,Severe,12.6,59.1,179.5,0.084,0.193,0.89,Heavy rain reducing visibility and grip - reduced speed and longer buffer advised
EVT428487,2026-04-04 15:58:20,Local Market Day,J020,Malleshwaram Circle,5298,Weekend,False,Clear,False,0.0,False,False,0.35,Moderate,25.7,24.1,321.8,0.231,0.534,0.952,Moderate traffic flow - standard adaptive signal timing in effect
EVT428488,2025-08-04 18:59:38,Concert,J031,Cubbon Road,8676,Weekday,False,Clear,False,0.0,False,False,0.981,Severe,10.4,68.0,352.6,0.17,0.392,0.888,Heavy congestion detected - signal timing extended and reroute suggested
EVT428489,2025-06-29 16:09:30,Sports Fixture,J030,MG Road,25192,Weekend,False,Light Rain,True,5.6,False,False,0.672,High,18.8,48.7,241.2,0.15,0.346,0.896,Heavy rain reducing visibility and grip - reduced speed and longer buffer advised
EVT428490,2026-06-01 20:37:37,Trade Fair,J012,Koramangala Sony World,9580,Weekday,False,Clear,False,0.0,False,False,0.597,High,21.9,39.9,293.8,0.208,0.48,0.974,Moderate traffic flow - standard adaptive signal timing in effect
EVT428491,2025-10-14 17:03:08,Local Market Day,J023,Basavanagudi,5055,Weekday,False,Clear,False,0.0,False,False,0.809,Severe,13.5,56.6,359.4,0.165,0.382,0.946,Heavy congestion detected - signal timing extended and reroute suggested
EVT428492,2025-11-04 17:57:16,Political Rally,J023,Basavanagudi,12346,Weekday,False,Rain,True,12.0,False,False,1.0,Severe,8.0,71.7,378.9,0.135,0.311,0.877,Heavy rain reducing visibility and grip - reduced speed and longer buffer advised
EVT428493,2025-11-06 09:14:46,Local Market Day,J031,Cubbon Road,4521,Weekday,False,Clear,False,0.0,False,False,0.982,Severe,9.7,66.7,614.2,0.251,0.579,0.922,Heavy congestion detected - signal timing extended and reroute suggested
EVT428494,2025-09-20 19:00:58,Local Market Day,J009,Majestic,3695,Weekend,False,Clear,False,0.0,False,False,0.749,High,16.9,55.1,302.1,0.154,0.355,0.949,Moderate traffic flow - standard adaptive signal timing in effect
EVT428495,2025-09-06 20:04:23,Religious Festival,J030,MG Road,22401,Weekend,True,Clear,False,0.0,False,False,0.986,Severe,6.8,61.4,514.0,0.165,0.38,0.846,Festival crowd surge detected - alternate route and extended cycle recommended
EVT428496,2025-06-28 06:09:44,Concert,J011,Indiranagar 100ft Road,10302,Weekend,False,Clear,False,0.0,False,False,0.316,Low,38.5,24.7,51.8,0.033,0.077,0.954,Moderate traffic flow - standard adaptive signal timing in effect
EVT428497,2025-05-03 21:53:30,Sports Fixture,J009,Majestic,35598,Weekend,False,Clear,False,0.0,False,False,0.51,Moderate,28.9,40.2,223.6,0.188,0.435,0.965,Moderate traffic flow - standard adaptive signal timing in effect
EVT428498,2025-12-13 07:06:14,Trade Fair,J011,Indiranagar 100ft Road,8051,Weekend,False,Clear,False,0.0,False,False,0.49,Moderate,25.9,33.6,164.5,0.122,0.282,0.939,Moderate traffic flow - standard adaptive signal timing in effect
EVT428499,2025-12-08 15:12:49,Local Market Day,J011,Indiranagar 100ft Road,7329,Weekday,False,Clear,False,0.0,False,False,0.256,Low,31.8,13.7,51.5,0.041,0.096,0.967,Moderate traffic flow - standard adaptive signal timing in effect
EVT428500,2025-12-21 13:46:13,Local Market Day,J040,City Market,3894,Weekend,False,Clear,False,0.0,False,False,0.162,Low,35.8,13.4,109.6,0.1,0.232,0.931,Normal free-flow traffic - standard signal timing maintained
EVT428501,2025-08-13 08:23:51,Local Market Day,J011,Indiranagar 100ft Road,3047,Weekday,False,Rain,True,9.8,False,False,0.994,Severe,9.5,70.6,345.1,0.124,0.286,0.842,Heavy rain reducing visibility and grip - reduced speed and longer buffer advised
EVT428502,2025-12-25 08:12:40,Religious Festival,J009,Majestic,50561,Weekday,True,Clear,False,0.0,False,True,1.0,Severe,9.9,103.3,299.0,0.136,0.314,0.817,Road closure for event/procession - full detour recommended for through-traffic
EVT428503,2026-03-30 21:45:06,Local Market Day,J012,Koramangala Sony World,4141,Weekday,False,Clear,False,0.0,False,False,0.227,Low,33.8,21.8,221.8,0.19,0.438,0.952,Normal free-flow traffic - standard signal timing maintained
EVT428504,2025-08-17 16:32:11,Sports Fixture,J009,Majestic,15029,Weekend,False,Rain,True,8.9,False,False,0.79,Severe,15.6,54.5,467.0,0.242,0.559,0.892,Heavy rain reducing visibility and grip - reduced speed and longer buffer advised
EVT428505,2025-01-10 05:07:18,Trade Fair,J023,Basavanagudi,9015,Weekday,False,Clear,False,0.0,False,False,0.238,Low,35.5,23.5,138.7,0.111,0.257,0.957,Normal free-flow traffic - standard signal timing maintained
EVT428506,2025-03-03 17:03:38,Sports Fixture,J023,Basavanagudi,31601,Weekday,False,Clear,False,0.0,False,False,0.821,Severe,15.6,52.8,298.0,0.175,0.403,0.964,Heavy congestion detected - signal timing extended and reroute suggested
EVT428507,2025-06-03 20:03:05,Local Market Day,J012,Koramangala Sony World,4091,Weekday,False,Clear,False,0.0,False,False,0.736,High,17.4,44.4,423.1,0.261,0.604,0.968,Moderate traffic flow - standard adaptive signal timing in effect
EVT428508,2025-09-04 09:17:57,Trade Fair,J020,Malleshwaram Circle,8174,Weekday,False,Clear,False,0.0,False,False,1.0,Severe,8.8,75.5,708.6,0.23,0.532,0.911,Heavy congestion detected - signal timing extended and reroute suggested
EVT428509,2025-07-21 21:20:11,Sports Fixture,J031,Cubbon Road,24051,Weekday,False,Clear,False,0.0,False,False,0.499,Moderate,28.9,37.3,173.3,0.142,0.328,0.941,Moderate traffic flow - standard adaptive signal timing in effect
EVT428510,2025-03-07 09:39:53,Trade Fair,J031,Cubbon Road,10165,Weekday,False,Clear,False,0.0,False,False,0.955,Severe,11.7,68.4,659.0,0.291,0.672,0.912,Heavy congestion detected - signal timing extended and reroute suggested
EVT428511,2026-05-12 13:44:07,Concert,J030,MG Road,9007,Weekday,False,Rain,True,12.0,False,False,0.289,Low,28.4,18.6,169.3,0.151,0.35,0.902,Light rain detected - minor speed reduction advised
EVT428512,2026-06-17 18:06:14,Trade Fair,J023,Basavanagudi,9603,Weekday,False,Clear,False,0.0,False,False,0.97,Severe,9.0,72.0,441.9,0.171,0.395,0.938,Heavy congestion detected - signal timing extended and reroute suggested
EVT428513,2025-02-11 06:41:54,Concert,J012,Koramangala Sony World,14018,Weekday,False,Clear,False,0.0,False,False,0.406,Moderate,34.5,33.2,186.7,0.146,0.338,0.97,Moderate traffic flow - standard adaptive signal timing in effect
EVT428514,2025-12-28 19:09:57,Political Rally,J020,Malleshwaram Circle,7900,Weekend,False,Fog,False,0.0,False,False,0.816,Severe,11.5,59.5,377.8,0.155,0.358,0.986,Heavy congestion detected - signal timing extended and reroute suggested
EVT428515,2025-06-29 00:35:54,Concert,J030,MG Road,12837,Weekend,False,Rain,True,9.6,False,False,0.439,Moderate,22.4,34.8,230.0,0.15,0.346,0.91,Light rain detected - minor speed reduction advised
EVT428516,2025-10-27 10:07:22,Local Market Day,J020,Malleshwaram Circle,3419,Weekday,False,Rain,True,7.5,False,False,0.891,Severe,13.0,67.1,462.1,0.238,0.549,0.873,Heavy rain reducing visibility and grip - reduced speed and longer buffer advised
EVT428517,2026-01-29 19:18:31,Local Market Day,J009,Majestic,2608,Weekday,False,Clear,False,0.0,False,False,1.0,Severe,9.0,71.1,190.9,0.078,0.181,0.885,Heavy congestion detected - signal timing extended and reroute suggested
EVT428518,2025-05-14 10:49:42,Trade Fair,J009,Majestic,9818,Weekday,False,Clear,False,0.0,False,False,0.465,Moderate,24.8,37.0,112.2,0.071,0.164,0.972,Moderate traffic flow - standard adaptive signal timing in effect
EVT428519,2025-12-03 22:44:05,Concert,J030,MG Road,15691,Weekday,False,Clear,False,0.0,False,False,0.369,Moderate,30.2,25.7,134.9,0.11,0.253,0.958,Moderate traffic flow - standard adaptive signal timing in effect
EVT428520,2025-11-09 14:44:36,Local Market Day,J030,MG Road,7163,Weekend,False,Rain,True,11.4,False,False,0.448,Moderate,23.3,34.9,190.4,0.134,0.31,0.929,Light rain detected - minor speed reduction advised
EVT428521,2025-09-24 10:36:22,Political Rally,J030,MG Road,18003,Weekday,False,Rain,True,19.5,False,False,0.872,Severe,14.6,61.3,527.2,0.274,0.632,0.906,Heavy rain reducing visibility and grip - reduced speed and longer buffer advised
EVT428522,2025-11-24 19:03:27,Local Market Day,J009,Majestic,4672,Weekday,False,Light Rain,True,4.0,False,False,1.0,Severe,7.9,73.9,456.5,0.163,0.376,0.887,Heavy rain reducing visibility and grip - reduced speed and longer buffer advised
EVT428523,2025-11-17 07:22:12,Local Market Day,J023,Basavanagudi,3650,Weekday,False,Rain,True,9.9,False,False,0.732,High,20.9,57.2,140.1,0.092,0.213,0.907,Heavy rain reducing visibility and grip - reduced speed and longer buffer advised
EVT428524,2025-06-07 08:56:29,Concert,J023,Basavanagudi,10282,Weekend,False,Rain,True,21.2,False,False,1.0,Severe,6.0,77.0,1035.0,0.236,0.544,0.863,Heavy rain reducing visibility and grip - reduced speed and longer buffer advised
EVT428525,2026-03-13 19:47:29,Political Rally,J031,Cubbon Road,17118,Weekday,False,Clear,False,0.0,False,False,0.905,Severe,10.3,68.3,357.4,0.157,0.363,0.948,Heavy congestion detected - signal timing extended and reroute suggested
EVT428526,2025-06-19 11:32:25,Local Market Day,J011,Indiranagar 100ft Road,5143,Weekday,False,Rain,True,20.6,False,False,0.478,Moderate,23.0,39.4,191.1,0.129,0.297,0.913,Light rain detected - minor speed reduction advised
EVT428527,2025-01-23 12:24:38,Political Rally,J020,Malleshwaram Circle,13792,Weekday,False,Clear,False,0.0,False,False,0.266,Low,35.3,14.2,137.6,0.13,0.301,0.963,Moderate traffic flow - standard adaptive signal timing in effect
EVT428528,2025-03-17 16:24:45,Sports Fixture,J031,Cubbon Road,22297,Weekday,False,Clear,False,0.0,False,False,0.643,High,22.3,45.8,223.7,0.151,0.35,0.971,Moderate traffic flow - standard adaptive signal timing in effect
EVT428529,2026-05-07 18:30:18,Local Market Day,J012,Koramangala Sony World,2586,Weekday,False,Clear,False,0.0,False,False,0.941,Severe,9.9,65.3,384.0,0.145,0.335,0.907,Heavy congestion detected - signal timing extended and reroute suggested
EVT428530,2025-09-26 08:39:35,Concert,J011,Indiranagar 100ft Road,21982,Weekday,False,Heavy Rain,True,46.6,False,False,1.0,Severe,9.9,71.3,530.8,0.212,0.489,0.857,Heavy rain reducing visibility and grip - reduced speed and longer buffer advised
EVT428531,2025-05-02 08:48:22,Cultural Procession,J012,Koramangala Sony World,21622,Weekday,True,Clear,False,0.0,False,True,1.0,Severe,8.5,98.4,620.4,0.209,0.483,0.829,Road closure for event/procession - full detour recommended for through-traffic
EVT428532,2026-01-16 14:36:32,Local Market Day,J031,Cubbon Road,3055,Weekday,False,Clear,False,0.0,False,False,0.232,Low,34.5,17.6,140.9,0.122,0.282,0.96,Normal free-flow traffic - standard signal timing maintained
EVT428533,2026-05-08 18:12:54,Political Rally,J012,Koramangala Sony World,8882,Weekday,False,Clear,False,0.0,False,False,1.0,Severe,8.9,71.8,326.3,0.114,0.263,0.929,Heavy congestion detected - signal timing extended and reroute suggested
EVT428534,2026-06-01 09:16:14,Sports Fixture,J031,Cubbon Road,38787,Weekday,False,Clear,False,0.0,False,False,1.0,Severe,8.1,69.4,573.2,0.201,0.464,0.896,Heavy congestion detected - signal timing extended and reroute suggested
EVT428535,2025-07-05 14:21:48,Local Market Day,J011,Indiranagar 100ft Road,4490,Weekend,False,Heavy Rain,True,26.8,False,False,0.526,Moderate,21.2,37.6,248.6,0.16,0.37,0.928,Light rain detected - minor speed reduction advised
EVT428536,2026-04-27 18:09:40,Trade Fair,J009,Majestic,7741,Weekday,False,Clear,False,0.0,False,False,1.0,Severe,8.7,75.2,754.2,0.28,0.646,0.917,Heavy congestion detected - signal timing extended and reroute suggested
EVT428537,2026-01-01 20:03:54,Religious Festival,J012,Koramangala Sony World,29044,Weekday,True,Clear,False,0.0,False,False,1.0,Severe,8.3,71.2,559.6,0.194,0.447,0.871,Festival crowd surge detected - alternate route and extended cycle recommended
EVT428538,2025-06-24 08:00:32,Sports Fixture,J040,City Market,25271,Weekday,False,Light Rain,True,6.6,False,False,0.945,Severe,12.3,76.9,214.1,0.106,0.245,0.846,Heavy rain reducing visibility and grip - reduced speed and longer buffer advised
EVT428539,2025-05-13 08:10:12,Concert,J040,City Market,22711,Weekday,False,Clear,False,0.0,False,False,0.872,Severe,12.6,66.8,441.9,0.208,0.479,0.948,Heavy congestion detected - signal timing extended and reroute suggested
EVT428540,2025-08-10 11:30:47,Trade Fair,J011,Indiranagar 100ft Road,7261,Weekend,False,Clear,False,0.0,False,False,0.347,Low,29.8,32.3,127.8,0.098,0.226,0.958,Moderate traffic flow - standard adaptive signal timing in effect
EVT428541,2025-02-06 08:14:29,Trade Fair,J009,Majestic,9654,Weekday,False,Clear,False,0.0,False,False,0.936,Severe,10.5,69.6,331.0,0.124,0.286,0.948,Heavy congestion detected - signal timing extended and reroute suggested
EVT428542,2026-01-13 08:30:20,Concert,J012,Koramangala Sony World,7676,Weekday,False,Clear,False,0.0,False,False,0.973,Severe,10.2,72.0,566.0,0.225,0.519,0.918,Heavy congestion detected - signal timing extended and reroute suggested
EVT428543,2025-05-11 23:13:34,Trade Fair,J020,Malleshwaram Circle,9017,Weekend,False,Clear,False,0.0,False,False,0.31,Low,37.8,23.6,135.9,0.14,0.323,0.973,Moderate traffic flow - standard adaptive signal timing in effect
EVT428544,2025-11-22 08:01:49,Local Market Day,J011,Indiranagar 100ft Road,4284,Weekend,False,Clear,False,0.0,False,False,0.729,High,18.9,56.1,200.7,0.116,0.268,0.982,Moderate traffic flow - standard adaptive signal timing in effect
EVT428545,2025-10-20 17:44:49,Fireworks Display,J012,Koramangala Sony World,22948,Weekday,True,Clear,False,0.0,False,False,1.0,Severe,7.4,67.6,332.9,0.106,0.245,0.859,Festival crowd surge detected - alternate route and extended cycle recommended
EVT428546,2026-06-18 14:31:50,Local Market Day,J030,MG Road,5658,Weekday,False,Light Rain,True,6.0,False,False,0.397,Moderate,27.2,30.3,185.3,0.158,0.365,0.906,Light rain detected - minor speed reduction advised
EVT428547,2026-03-16 15:12:12,Sports Fixture,J030,MG Road,20333,Weekday,False,Clear,False,0.0,False,False,0.479,Moderate,22.4,35.3,238.4,0.141,0.326,0.945,Moderate traffic flow - standard adaptive signal timing in effect
EVT428548,2025-10-27 18:05:22,Local Market Day,J023,Basavanagudi,5399,Weekday,False,Clear,False,0.0,False,False,0.992,Severe,10.1,71.0,289.9,0.115,0.265,0.908,Heavy congestion detected - signal timing extended and reroute suggested
EVT428549,2025-02-24 12:37:10,Trade Fair,J031,Cubbon Road,17249,Weekday,False,Clear,False,0.0,False,False,0.203,Low,33.8,15.1,75.2,0.055,0.127,0.98,Normal free-flow traffic - standard signal timing maintained
EVT428550,2025-09-14 15:08:40,Local Market Day,J020,Malleshwaram Circle,4233,Weekend,False,Heavy Rain,True,28.9,False,False,0.668,High,21.1,48.4,372.2,0.248,0.574,0.932,Heavy rain reducing visibility and grip - reduced speed and longer buffer advised
EVT428551,2025-09-09 19:49:03,Concert,J030,MG Road,10154,Weekday,False,Clear,False,0.0,False,False,0.758,Severe,16.4,51.9,306.9,0.154,0.355,0.969,Heavy congestion detected - signal timing extended and reroute suggested
EVT428552,2025-02-09 06:02:27,Concert,J023,Basavanagudi,10235,Weekend,False,Clear,False,0.0,False,False,0.276,Low,32.4,18.7,100.3,0.085,0.197,0.96,Moderate traffic flow - standard adaptive signal timing in effect
EVT428553,2025-06-21 09:51:54,Local Market Day,J012,Koramangala Sony World,3134,Weekend,False,Rain,True,14.5,False,False,0.825,Severe,11.8,52.5,450.5,0.224,0.517,0.89,Heavy rain reducing visibility and grip - reduced speed and longer buffer advised
EVT428554,2026-06-09 18:55:27,Trade Fair,J023,Basavanagudi,5965,Weekday,False,Rain,True,11.5,False,False,1.0,Severe,9.8,69.5,324.2,0.148,0.342,0.87,Heavy rain reducing visibility and grip - reduced speed and longer buffer advised
EVT428555,2025-11-27 18:54:50,Concert,J040,City Market,28103,Weekday,False,Clear,False,0.0,False,False,1.0,Severe,9.0,66.9,517.3,0.189,0.437,0.904,Heavy congestion detected - signal timing extended and reroute suggested
EVT428556,2025-06-13 19:27:25,Trade Fair,J012,Koramangala Sony World,8030,Weekday,False,Light Rain,True,1.7,False,False,0.962,Severe,10.7,68.0,333.3,0.15,0.345,0.874,Heavy rain reducing visibility and grip - reduced speed and longer buffer advised
EVT428557,2026-04-04 15:08:01,Local Market Day,J009,Majestic,3523,Weekend,False,Rain,True,11.4,False,False,0.455,Moderate,24.2,30.8,95.4,0.082,0.189,0.909,Light rain detected - minor speed reduction advised
EVT428558,2025-01-06 17:49:53,Trade Fair,J031,Cubbon Road,6975,Weekday,False,Clear,False,0.0,False,False,0.962,Severe,9.9,68.0,323.7,0.145,0.334,0.933,Heavy congestion detected - signal timing extended and reroute suggested
EVT428559,2025-11-16 17:22:06,Sports Fixture,J023,Basavanagudi,14975,Weekend,False,Clear,False,0.0,False,False,0.783,Severe,14.3,61.8,276.4,0.16,0.37,0.956,Heavy congestion detected - signal timing extended and reroute suggested
EVT428560,2025-09-08 09:50:20,Sports Fixture,J011,Indiranagar 100ft Road,19981,Weekday,False,Heavy Rain,True,46.3,False,False,1.0,Severe,9.8,73.4,530.5,0.198,0.457,0.862,Heavy rain reducing visibility and grip - reduced speed and longer buffer advised
EVT428561,2026-03-07 16:32:35,Trade Fair,J040,City Market,6847,Weekend,False,Clear,False,0.0,False,False,0.541,Moderate,21.8,42.7,267.5,0.17,0.394,0.986,Moderate traffic flow - standard adaptive signal timing in effect
EVT428562,2026-03-06 05:39:58,Trade Fair,J009,Majestic,5303,Weekday,False,Clear,False,0.0,False,False,0.17,Low,36.9,15.4,165.5,0.169,0.391,0.943,Normal free-flow traffic - standard signal timing maintained
EVT428563,2025-02-06 11:38:03,Concert,J031,Cubbon Road,7393,Weekday,False,Clear,False,0.0,False,False,0.315,Low,25.6,23.3,204.2,0.152,0.351,0.961,Moderate traffic flow - standard adaptive signal timing in effect
EVT428564,2026-03-12 11:03:07,Concert,J031,Cubbon Road,13827,Weekday,False,Light Rain,True,5.8,False,False,0.569,High,20.7,40.7,273.5,0.16,0.369,0.931,Heavy rain reducing visibility and grip - reduced speed and longer buffer advised
EVT428565,2025-02-07 18:30:27,Local Market Day,J023,Basavanagudi,3412,Weekday,False,Clear,False,0.0,False,False,0.972,Severe,9.4,68.8,431.5,0.182,0.42,0.929,Heavy congestion detected - signal timing extended and reroute suggested
EVT428566,2025-09-04 13:42:38,Trade Fair,J023,Basavanagudi,6662,Weekday,False,Clear,False,0.0,False,False,0.169,Low,42.3,11.1,151.7,0.149,0.344,0.975,Normal free-flow traffic - standard signal timing maintained
EVT428567,2026-06-21 15:54:54,Sports Fixture,J012,Koramangala Sony World,27330,Weekend,False,Heavy Rain,True,73.4,False,False,0.913,Severe,10.6,70.8,465.8,0.178,0.412,0.869,Heavy rain reducing visibility and grip - reduced speed and longer buffer advised
EVT428568,2026-02-17 12:30:52,Local Market Day,J040,City Market,3150,Weekday,False,Clear,False,0.0,False,False,0.19,Low,23.0,14.4,129.1,0.082,0.189,0.966,Normal free-flow traffic - standard signal timing maintained
EVT428569,2025-06-25 16:47:51,Concert,J023,Basavanagudi,11018,Weekday,False,Fog,False,0.0,False,False,0.68,High,15.9,47.3,299.5,0.155,0.358,0.985,Moderate traffic flow - standard adaptive signal timing in effect
EVT428570,2025-03-29 10:35:39,Sports Fixture,J011,Indiranagar 100ft Road,15283,Weekend,False,Clear,False,0.0,False,False,0.645,High,20.7,44.2,158.6,0.11,0.254,0.974,Moderate traffic flow - standard adaptive signal timing in effect
EVT428571,2025-07-16 15:24:10,Trade Fair,J030,MG Road,5785,Weekday,False,Clear,False,0.0,False,False,0.302,Low,28.4,15.9,174.6,0.14,0.323,0.976,Moderate traffic flow - standard adaptive signal timing in effect
EVT428572,2026-01-09 09:50:03,Local Market Day,J012,Koramangala Sony World,6007,Weekday,False,Clear,False,0.0,False,False,0.931,Severe,10.1,66.7,601.3,0.216,0.498,0.899,Heavy congestion detected - signal timing extended and reroute suggested
EVT428573,2025-03-17 15:54:02,Local Market Day,J031,Cubbon Road,3724,Weekday,False,Clear,False,0.0,False,False,0.381,Moderate,29.0,25.2,131.7,0.109,0.253,0.957,Moderate traffic flow - standard adaptive signal timing in effect
EVT428574,2026-05-20 08:28:38,Trade Fair,J011,Indiranagar 100ft Road,7665,Weekday,False,Clear,False,0.0,False,False,0.967,Severe,10.2,69.9,533.8,0.211,0.488,0.948,Heavy congestion detected - signal timing extended and reroute suggested
EVT428575,2025-10-28 15:58:59,Local Market Day,J040,City Market,3077,Weekday,False,Clear,False,0.0,False,False,0.366,Moderate,28.0,26.9,158.1,0.137,0.316,0.971,Moderate traffic flow - standard adaptive signal timing in effect
EVT428576,2026-05-14 09:09:25,Local Market Day,J023,Basavanagudi,4835,Weekday,False,Clear,False,0.0,False,False,1.0,Severe,9.3,70.2,400.9,0.178,0.411,0.915,Heavy congestion detected - signal timing extended and reroute suggested
EVT428577,2025-04-23 20:45:36,Local Market Day,J040,City Market,3800,Weekday,False,Clear,False,0.0,False,False,0.524,Moderate,25.4,35.6,183.9,0.142,0.327,0.956,Moderate traffic flow - standard adaptive signal timing in effect
EVT428578,2026-03-08 13:31:28,Trade Fair,J020,Malleshwaram Circle,9821,Weekend,False,Clear,False,0.0,False,False,0.329,Low,33.2,18.0,87.2,0.087,0.201,0.964,Moderate traffic flow - standard adaptive signal timing in effect
EVT428579,2025-05-05 07:09:32,Local Market Day,J012,Koramangala Sony World,3970,Weekday,False,Clear,False,0.0,False,False,0.489,Moderate,23.4,33.1,257.2,0.179,0.415,0.973,Moderate traffic flow - standard adaptive signal timing in effect
EVT428580,2025-07-17 06:52:40,Trade Fair,J031,Cubbon Road,17007,Weekday,False,Heavy Rain,True,29.4,False,False,0.756,Severe,18.5,55.5,224.4,0.161,0.372,0.909,Heavy rain reducing visibility and grip - reduced speed and longer buffer advised
EVT428581,2025-05-31 10:49:19,Sports Fixture,J023,Basavanagudi,14432,Weekend,False,Rain,True,20.4,False,False,0.731,High,18.3,49.1,197.2,0.097,0.224,0.902,Heavy rain reducing visibility and grip - reduced speed and longer buffer advised
EVT428582,2026-04-17 09:45:50,Sports Fixture,J009,Majestic,18163,Weekday,False,Rain,True,20.4,False,False,1.0,Severe,8.9,71.3,433.4,0.166,0.383,0.843,Heavy rain reducing visibility and grip - reduced speed and longer buffer advised
EVT428583,2026-03-22 22:43:19,Local Market Day,J031,Cubbon Road,3399,Weekend,False,Clear,False,0.0,False,False,0.231,Low,35.3,16.1,44.9,0.036,0.084,0.949,Normal free-flow traffic - standard signal timing maintained
EVT428584,2025-02-28 19:32:44,Sports Fixture,J023,Basavanagudi,24642,Weekday,False,Clear,False,0.0,False,False,1.0,Severe,8.2,73.9,449.7,0.17,0.392,0.934,Heavy congestion detected - signal timing extended and reroute suggested
EVT428585,2026-03-28 08:27:07,Local Market Day,J011,Indiranagar 100ft Road,3417,Weekend,False,Clear,False,0.0,False,False,0.851,Severe,13.5,65.1,347.5,0.171,0.395,0.924,Heavy congestion detected - signal timing extended and reroute suggested
EVT428586,2026-05-30 15:18:32,Local Market Day,J040,City Market,2459,Weekend,False,Clear,False,0.0,False,False,0.269,Low,34.8,18.0,114.7,0.113,0.262,0.95,Moderate traffic flow - standard adaptive signal timing in effect
EVT428587,2025-01-06 00:20:34,Local Market Day,J031,Cubbon Road,3469,Weekday,False,Fog,False,0.0,False,False,0.221,Low,29.5,17.7,75.8,0.056,0.128,0.936,Normal free-flow traffic - standard signal timing maintained
EVT428588,2025-11-02 11:30:15,Cultural Procession,J040,City Market,21304,Weekend,True,Rain,True,15.6,False,True,1.0,Severe,7.6,103.9,695.9,0.224,0.518,0.805,Road closure for event/procession - full detour recommended for through-traffic
EVT428589,2025-07-01 10:59:10,Sports Fixture,J030,MG Road,19157,Weekday,False,Rain,True,23.2,False,False,0.795,Severe,13.2,55.6,326.0,0.171,0.394,0.886,Heavy rain reducing visibility and grip - reduced speed and longer buffer advised
EVT428590,2025-12-25 17:29:04,Religious Festival,J012,Koramangala Sony World,36986,Weekday,True,Clear,False,0.0,False,True,1.0,Severe,9.9,95.4,299.5,0.129,0.299,0.85,Road closure for event/procession - full detour recommended for through-traffic
EVT428591,2025-10-29 19:54:49,Sports Fixture,J009,Majestic,20619,Weekday,False,Clear,False,0.0,False,False,0.896,Severe,11.1,66.8,624.6,0.279,0.645,0.945,Heavy congestion detected - signal timing extended and reroute suggested
EVT428592,2025-09-26 10:27:20,Local Market Day,J040,City Market,3436,Weekday,False,Fog,False,0.0,False,False,0.653,High,24.0,40.2,229.9,0.158,0.364,0.971,Moderate traffic flow - standard adaptive signal timing in effect
EVT428593,2025-02-28 22:03:43,Concert,J030,MG Road,15763,Weekday,False,Clear,False,0.0,False,False,0.324,Low,33.4,20.7,154.0,0.152,0.351,0.958,Moderate traffic flow - standard adaptive signal timing in effect
EVT428594,2026-02-16 08:51:21,Trade Fair,J011,Indiranagar 100ft Road,5468,Weekday,False,Clear,False,0.0,False,False,1.0,Severe,8.6,68.6,714.2,0.246,0.567,0.932,Heavy congestion detected - signal timing extended and reroute suggested
EVT428595,2025-10-11 06:47:16,Trade Fair,J040,City Market,8769,Weekend,False,Clear,False,0.0,False,False,0.496,Moderate,24.1,38.2,115.9,0.071,0.165,0.968,Moderate traffic flow - standard adaptive signal timing in effect
EVT428596,2025-01-02 10:40:57,Local Market Day,J031,Cubbon Road,4870,Weekday,False,Fog,False,0.0,False,False,0.544,Moderate,21.6,37.1,253.6,0.161,0.371,0.972,Moderate traffic flow - standard adaptive signal timing in effect
EVT428597,2025-12-04 16:13:05,Concert,J023,Basavanagudi,8977,Weekday,False,Clear,False,0.0,False,False,0.525,Moderate,22.1,37.2,245.2,0.158,0.364,0.954,Moderate traffic flow - standard adaptive signal timing in effect
EVT428598,2025-10-09 23:58:20,Sports Fixture,J011,Indiranagar 100ft Road,32698,Weekday,False,Clear,False,0.0,False,False,0.326,Low,30.4,19.9,150.2,0.133,0.307,0.97,Moderate traffic flow - standard adaptive signal timing in effect
EVT428599,2026-05-27 12:23:53,Sports Fixture,J023,Basavanagudi,31802,Weekday,False,Clear,False,0.0,False,False,0.325,Low,30.4,20.6,144.8,0.131,0.302,0.977,Moderate traffic flow - standard adaptive signal timing in effect
EVT428600,2025-09-30 18:44:29,Local Market Day,J011,Indiranagar 100ft Road,4284,Weekday,False,Clear,False,0.0,False,False,0.935,Severe,7.8,63.2,342.6,0.126,0.29,0.932,Heavy congestion detected - signal timing extended and reroute suggested
EVT428601,2025-05-24 21:21:20,Trade Fair,J012,Koramangala Sony World,11363,Weekend,False,Clear,False,0.0,False,False,0.386,Moderate,26.3,29.9,123.6,0.095,0.22,0.971,Moderate traffic flow - standard adaptive signal timing in effect
EVT428602,2025-09-01 08:13:17,Concert,J012,Koramangala Sony World,9155,Weekday,False,Heavy Rain,True,25.2,False,False,1.0,Severe,8.4,80.2,739.4,0.247,0.57,0.853,Heavy rain reducing visibility and grip - reduced speed and longer buffer advised
EVT428603,2025-06-23 22:45:07,Sports Fixture,J030,MG Road,17650,Weekday,False,Heavy Rain,True,31.1,False,False,0.586,High,26.7,39.3,217.7,0.176,0.406,0.907,Heavy rain reducing visibility and grip - reduced speed and longer buffer advised
EVT428604,2025-01-16 13:56:49,Local Market Day,J012,Koramangala Sony World,3597,Weekday,False,Clear,False,0.0,False,False,0.147,Low,38.6,4.8,173.3,0.166,0.383,0.952,Normal free-flow traffic - standard signal timing maintained
EVT428605,2025-04-26 15:21:42,Concert,J023,Basavanagudi,8352,Weekend,False,Clear,False,0.0,False,False,0.328,Low,27.7,29.9,284.1,0.205,0.472,0.957,Moderate traffic flow - standard adaptive signal timing in effect
EVT428606,2025-03-20 13:13:13,Local Market Day,J020,Malleshwaram Circle,3387,Weekday,False,Light Rain,True,5.8,False,False,0.199,Low,33.0,15.7,220.5,0.186,0.43,0.953,Light rain detected - minor speed reduction advised
EVT428607,2025-08-18 09:03:43,Trade Fair,J009,Majestic,6395,Weekday,False,Rain,True,23.3,False,False,1.0,Severe,8.3,75.5,332.8,0.115,0.266,0.862,Heavy rain reducing visibility and grip - reduced speed and longer buffer advised
EVT428608,2025-01-12 22:48:05,Sports Fixture,J023,Basavanagudi,24765,Weekend,False,Clear,False,0.0,False,False,0.42,Moderate,31.0,25.1,196.7,0.183,0.424,0.956,Moderate traffic flow - standard adaptive signal timing in effect
EVT428609,2026-06-29 16:51:29,Local Market Day,J031,Cubbon Road,6264,Weekday,False,Fog,False,0.0,False,False,0.674,High,18.7,46.3,199.2,0.126,0.291,0.981,Moderate traffic flow - standard adaptive signal timing in effect
EVT428610,2026-04-11 22:46:43,Sports Fixture,J020,Malleshwaram Circle,28583,Weekend,False,Clear,False,0.0,False,False,0.465,Moderate,25.5,35.6,209.5,0.157,0.363,0.965,Moderate traffic flow - standard adaptive signal timing in effect
EVT428611,2025-09-27 18:00:29,Local Market Day,J031,Cubbon Road,2715,Weekend,False,Clear,False,0.0,False,False,0.812,Severe,14.8,57.3,315.4,0.158,0.365,0.952,Heavy congestion detected - signal timing extended and reroute suggested
EVT428612,2026-06-24 13:21:55,Concert,J023,Basavanagudi,9898,Weekday,False,Heavy Rain,True,32.6,False,False,0.522,Moderate,24.3,43.7,146.5,0.109,0.253,0.925,Light rain detected - minor speed reduction advised
EVT428613,2025-11-14 18:26:08,Sports Fixture,J012,Koramangala Sony World,14630,Weekday,False,Clear,False,0.0,False,False,1.0,Severe,7.6,67.7,613.1,0.184,0.425,0.924,Heavy congestion detected - signal timing extended and reroute suggested
EVT428614,2025-06-06 19:22:24,Local Market Day,J009,Majestic,3214,Weekday,False,Clear,False,0.0,False,False,0.954,Severe,10.7,70.5,521.2,0.221,0.511,0.889,Heavy congestion detected - signal timing extended and reroute suggested
EVT428615,2026-03-13 07:25:05,Trade Fair,J011,Indiranagar 100ft Road,4499,Weekday,False,Clear,False,0.0,False,False,0.564,High,27.7,37.8,296.5,0.243,0.56,0.987,Moderate traffic flow - standard adaptive signal timing in effect
EVT428616,2026-02-02 23:46:03,Local Market Day,J012,Koramangala Sony World,1792,Weekday,False,Clear,False,0.0,False,False,0.22,Low,33.2,15.0,91.6,0.085,0.197,0.957,Normal free-flow traffic - standard signal timing maintained
EVT428617,2025-06-29 17:16:44,Local Market Day,J023,Basavanagudi,8845,Weekend,False,Clear,False,0.0,False,False,0.692,High,12.7,45.2,272.3,0.111,0.256,0.964,Moderate traffic flow - standard adaptive signal timing in effect
EVT428618,2026-02-25 13:11:59,Local Market Day,J023,Basavanagudi,2667,Weekday,False,Clear,False,0.0,False,False,0.19,Low,30.3,16.0,156.4,0.139,0.321,0.977,Normal free-flow traffic - standard signal timing maintained
EVT428619,2025-11-10 05:18:58,Concert,J023,Basavanagudi,6624,Weekday,False,Clear,False,0.0,False,False,0.247,Low,33.2,19.2,96.6,0.074,0.172,0.982,Normal free-flow traffic - standard signal timing maintained
EVT428620,2026-06-14 15:45:45,Local Market Day,J031,Cubbon Road,2628,Weekend,False,Heavy Rain,True,30.8,False,False,0.62,High,25.5,47.9,201.8,0.154,0.356,0.91,Heavy rain reducing visibility and grip - reduced speed and longer buffer advised
EVT428621,2026-03-10 07:27:56,Political Rally,J020,Malleshwaram Circle,23218,Weekday,False,Clear,False,0.0,False,False,0.733,High,16.9,51.6,236.0,0.138,0.319,0.951,Moderate traffic flow - standard adaptive signal timing in effect
EVT428622,2025-09-25 07:02:09,Local Market Day,J009,Majestic,5014,Weekday,False,Heavy Rain,True,33.1,False,False,0.724,High,18.2,54.9,300.4,0.178,0.412,0.93,Heavy rain reducing visibility and grip - reduced speed and longer buffer advised
EVT428623,2025-01-03 13:11:43,Political Rally,J020,Malleshwaram Circle,20607,Weekday,False,Clear,False,0.0,False,False,0.298,Low,24.6,19.1,199.4,0.141,0.325,0.977,Moderate traffic flow - standard adaptive signal timing in effect
EVT428624,2025-03-18 12:18:16,Sports Fixture,J012,Koramangala Sony World,25765,Weekday,False,Clear,False,0.0,False,False,0.285,Low,35.1,11.0,57.1,0.046,0.105,0.974,Moderate traffic flow - standard adaptive signal timing in effect
EVT428625,2025-03-01 16:26:04,Sports Fixture,J040,City Market,26803,Weekend,False,Clear,False,0.0,False,False,0.616,High,19.6,49.1,329.9,0.189,0.437,0.973,Moderate traffic flow - standard adaptive signal timing in effect
EVT428626,2026-04-11 08:14:49,Local Market Day,J012,Koramangala Sony World,4340,Weekend,False,Clear,False,0.0,False,False,0.794,Severe,13.1,51.4,345.5,0.161,0.372,0.953,Heavy congestion detected - signal timing extended and reroute suggested
EVT428627,2025-08-27 15:05:25,Cultural Procession,J012,Koramangala Sony World,23220,Weekday,True,Clear,False,0.0,False,True,0.697,Moderate,17.1,69.3,189.8,0.116,0.267,0.869,Road closure for event/procession - full detour recommended for through-traffic
EVT428628,2026-04-17 21:14:49,Concert,J011,Indiranagar 100ft Road,13093,Weekday,False,Rain,True,10.3,False,False,0.556,High,23.4,40.7,188.5,0.154,0.356,0.931,Heavy rain reducing visibility and grip - reduced speed and longer buffer advised
EVT428629,2026-04-23 13:17:26,Concert,J031,Cubbon Road,24934,Weekday,False,Clear,False,0.0,True,False,0.693,High,18.1,54.4,333.6,0.2,0.462,0.804,Accident detected nearby - reroute and reduced speed advised
EVT428630,2025-01-03 20:08:49,Concert,J030,MG Road,24171,Weekday,False,Clear,False,0.0,False,False,0.738,High,11.0,54.9,255.5,0.108,0.249,0.984,Moderate traffic flow - standard adaptive signal timing in effect
EVT428631,2026-03-09 23:10:01,Local Market Day,J023,Basavanagudi,5486,Weekday,False,Clear,False,0.0,False,False,0.152,Low,27.1,11.7,210.7,0.135,0.311,0.98,Normal free-flow traffic - standard signal timing maintained
EVT428632,2025-05-16 19:15:52,Local Market Day,J011,Indiranagar 100ft Road,4714,Weekday,False,Clear,False,0.0,False,False,0.947,Severe,10.1,67.6,352.2,0.163,0.376,0.938,Heavy congestion detected - signal timing extended and reroute suggested
EVT428633,2026-02-04 16:00:52,Local Market Day,J012,Koramangala Sony World,2615,Weekday,False,Clear,False,0.0,False,False,0.386,Moderate,31.5,29.8,201.6,0.172,0.398,0.979,Moderate traffic flow - standard adaptive signal timing in effect
EVT428634,2025-01-23 16:18:18,Local Market Day,J020,Malleshwaram Circle,3228,Weekday,False,Clear,False,0.0,False,False,0.492,Moderate,25.3,35.3,152.2,0.11,0.255,0.978,Moderate traffic flow - standard adaptive signal timing in effect
EVT428635,2025-10-31 07:00:47,Political Rally,J040,City Market,15379,Weekday,False,Rain,True,19.1,False,False,0.767,Severe,19.3,57.2,410.8,0.259,0.598,0.913,Heavy rain reducing visibility and grip - reduced speed and longer buffer advised
EVT428636,2025-01-30 19:04:10,Local Market Day,J011,Indiranagar 100ft Road,3664,Weekday,False,Clear,False,0.0,False,False,0.885,Severe,10.1,64.1,505.7,0.203,0.469,0.923,Heavy congestion detected - signal timing extended and reroute suggested
EVT428637,2025-07-04 15:12:18,Local Market Day,J020,Malleshwaram Circle,3779,Weekday,False,Rain,True,16.5,False,False,0.542,Moderate,27.5,35.4,133.9,0.112,0.26,0.925,Light rain detected - minor speed reduction advised
EVT428638,2025-09-15 13:45:47,Concert,J011,Indiranagar 100ft Road,8723,Weekday,False,Clear,False,0.0,False,False,0.204,Low,31.2,12.1,126.1,0.093,0.214,0.966,Normal free-flow traffic - standard signal timing maintained
EVT428639,2026-01-24 20:01:25,Sports Fixture,J023,Basavanagudi,29510,Weekend,False,Clear,False,0.0,False,False,0.804,Severe,15.6,57.5,343.0,0.182,0.42,0.973,Heavy congestion detected - signal timing extended and reroute suggested
EVT428640,2026-05-10 20:06:04,Sports Fixture,J020,Malleshwaram Circle,42958,Weekend,False,Clear,False,0.0,False,False,0.786,Severe,14.4,63.9,387.8,0.211,0.488,0.92,Heavy congestion detected - signal timing extended and reroute suggested
EVT428641,2026-05-27 13:59:24,Concert,J031,Cubbon Road,11775,Weekday,False,Clear,False,0.0,False,False,0.343,Low,27.1,17.3,102.2,0.048,0.111,0.972,Moderate traffic flow - standard adaptive signal timing in effect
EVT428642,2025-12-20 10:28:15,Concert,J009,Majestic,15997,Weekend,False,Clear,False,0.0,False,False,0.671,High,18.2,50.9,367.8,0.219,0.506,0.965,Moderate traffic flow - standard adaptive signal timing in effect
EVT428643,2026-01-05 19:51:22,Political Rally,J030,MG Road,13553,Weekday,False,Clear,False,0.0,False,False,0.822,Severe,10.7,55.5,487.9,0.206,0.477,0.941,Heavy congestion detected - signal timing extended and reroute suggested
EVT428644,2025-11-09 08:28:31,Trade Fair,J009,Majestic,8497,Weekend,False,Clear,False,0.0,False,False,0.729,High,13.6,51.6,467.1,0.21,0.486,0.972,Moderate traffic flow - standard adaptive signal timing in effect
EVT428645,2025-12-02 09:16:39,Sports Fixture,J009,Majestic,14868,Weekday,False,Clear,False,0.0,False,False,1.0,Severe,9.6,69.3,638.8,0.236,0.546,0.917,Heavy congestion detected - signal timing extended and reroute suggested
EVT428646,2026-01-04 18:40:17,Political Rally,J031,Cubbon Road,11557,Weekend,False,Clear,False,0.0,False,False,0.99,Severe,10.0,67.2,725.7,0.314,0.724,0.925,Heavy congestion detected - signal timing extended and reroute suggested
EVT428647,2025-11-07 10:37:07,Local Market Day,J011,Indiranagar 100ft Road,6297,Weekday,False,Clear,False,0.0,False,False,0.565,High,24.1,44.8,148.5,0.094,0.218,0.961,Moderate traffic flow - standard adaptive signal timing in effect
EVT428648,2025-05-10 09:37:26,Local Market Day,J020,Malleshwaram Circle,5917,Weekend,False,Clear,False,0.0,False,False,0.837,Severe,16.8,58.4,303.1,0.168,0.388,0.928,Heavy congestion detected - signal timing extended and reroute suggested
EVT428649,2026-06-08 11:46:50,Local Market Day,J012,Koramangala Sony World,4151,Weekday,False,Clear,False,0.0,False,False,0.286,Low,23.1,24.1,260.9,0.159,0.367,0.965,Moderate traffic flow - standard adaptive signal timing in effect
EVT428650,2025-08-25 09:12:15,Local Market Day,J012,Koramangala Sony World,2260,Weekday,False,Clear,False,0.0,False,False,1.0,Severe,8.6,66.1,486.2,0.168,0.389,0.923,Heavy congestion detected - signal timing extended and reroute suggested
EVT428651,2026-04-06 09:27:13,Trade Fair,J031,Cubbon Road,6977,Weekday,False,Clear,False,0.0,False,False,1.0,Severe,8.7,72.9,788.2,0.267,0.617,0.908,Heavy congestion detected - signal timing extended and reroute suggested
EVT428652,2025-01-16 16:54:26,Local Market Day,J020,Malleshwaram Circle,2953,Weekday,False,Clear,False,0.0,False,False,0.68,High,20.2,45.6,249.9,0.184,0.425,0.951,Moderate traffic flow - standard adaptive signal timing in effect
EVT428653,2025-09-08 12:07:11,Local Market Day,J020,Malleshwaram Circle,3471,Weekday,False,Clear,False,0.0,False,False,0.269,Low,31.9,13.4,102.5,0.065,0.149,0.966,Moderate traffic flow - standard adaptive signal timing in effect
EVT428654,2025-02-15 15:55:31,Concert,J011,Indiranagar 100ft Road,25464,Weekend,False,Clear,False,0.0,False,False,0.58,High,18.2,45.7,194.1,0.122,0.283,0.968,Moderate traffic flow - standard adaptive signal timing in effect
EVT428655,2025-03-02 07:21:14,Local Market Day,J031,Cubbon Road,1936,Weekend,False,Clear,False,0.0,False,False,0.561,High,20.3,40.4,242.8,0.146,0.337,0.945,Moderate traffic flow - standard adaptive signal timing in effect
EVT428656,2025-08-02 08:29:32,Trade Fair,J030,MG Road,8200,Weekend,False,Rain,True,14.1,True,False,1.0,Severe,6.6,72.3,647.5,0.188,0.435,0.708,Accident detected nearby - reroute and reduced speed advised
EVT428657,2025-08-31 13:07:29,Local Market Day,J031,Cubbon Road,3284,Weekend,False,Clear,False,0.0,False,False,0.281,Low,28.3,19.5,145.7,0.116,0.268,0.957,Moderate traffic flow - standard adaptive signal timing in effect
EVT428658,2026-04-23 17:43:54,Local Market Day,J011,Indiranagar 100ft Road,6499,Weekday,False,Clear,False,0.0,False,False,0.95,Severe,8.4,69.0,721.4,0.236,0.546,0.886,Heavy congestion detected - signal timing extended and reroute suggested
EVT428659,2026-02-26 07:43:20,Sports Fixture,J023,Basavanagudi,29623,Weekday,False,Clear,False,0.0,False,False,0.885,Severe,14.5,66.9,330.4,0.172,0.397,0.958,Heavy congestion detected - signal timing extended and reroute suggested
EVT428660,2025-06-10 17:12:46,Concert,J011,Indiranagar 100ft Road,17217,Weekday,False,Heavy Rain,True,35.1,False,False,1.0,Severe,7.9,64.7,364.4,0.131,0.302,0.89,Heavy rain reducing visibility and grip - reduced speed and longer buffer advised
EVT428661,2026-02-11 17:05:23,Local Market Day,J012,Koramangala Sony World,6236,Weekday,False,Clear,False,0.0,False,False,0.778,Severe,19.8,51.6,216.9,0.146,0.338,0.969,Heavy congestion detected - signal timing extended and reroute suggested
EVT428662,2025-04-20 17:33:08,Concert,J020,Malleshwaram Circle,12806,Weekend,False,Clear,False,0.0,False,False,0.758,Severe,15.6,51.8,253.9,0.14,0.324,0.958,Heavy congestion detected - signal timing extended and reroute suggested
EVT428663,2025-09-26 09:47:33,Local Market Day,J020,Malleshwaram Circle,7297,Weekday,False,Rain,True,17.1,False,False,1.0,Severe,7.6,71.3,532.5,0.161,0.373,0.869,Heavy rain reducing visibility and grip - reduced speed and longer buffer advised
EVT428664,2026-02-14 17:21:35,Local Market Day,J031,Cubbon Road,5006,Weekend,False,Clear,False,0.0,False,False,0.763,Severe,10.4,58.3,447.1,0.185,0.427,0.98,Heavy congestion detected - signal timing extended and reroute suggested
EVT428665,2026-02-28 20:24:55,Trade Fair,J009,Majestic,8304,Weekend,False,Clear,False,0.0,False,False,0.563,High,24.3,37.1,227.8,0.165,0.381,0.97,Moderate traffic flow - standard adaptive signal timing in effect
EVT428666,2026-06-01 11:58:13,Trade Fair,J011,Indiranagar 100ft Road,9467,Weekday,False,Clear,False,0.0,False,False,0.208,Low,33.1,10.7,128.3,0.098,0.226,0.974,Normal free-flow traffic - standard signal timing maintained
EVT428667,2025-11-02 19:27:45,Cultural Procession,J020,Malleshwaram Circle,19160,Weekend,True,Clear,False,0.0,False,False,1.0,Severe,8.7,69.7,737.5,0.247,0.571,0.84,Festival crowd surge detected - alternate route and extended cycle recommended
EVT428668,2025-02-21 09:31:33,Sports Fixture,J040,City Market,23841,Weekday,False,Clear,False,0.0,False,False,1.0,Severe,7.7,74.0,821.8,0.274,0.632,0.931,Heavy congestion detected - signal timing extended and reroute suggested
EVT428669,2026-03-11 19:10:54,Concert,J030,MG Road,25730,Weekday,False,Light Rain,True,1.5,False,False,1.0,Severe,10.1,74.9,184.7,0.069,0.158,0.856,Heavy rain reducing visibility and grip - reduced speed and longer buffer advised
EVT428670,2026-05-08 09:53:55,Local Market Day,J031,Cubbon Road,3787,Weekday,False,Clear,False,0.0,False,False,0.844,Severe,14.3,61.6,262.0,0.144,0.332,0.931,Heavy congestion detected - signal timing extended and reroute suggested
EVT428671,2025-07-07 19:01:26,Concert,J011,Indiranagar 100ft Road,14822,Weekday,False,Light Rain,True,6.3,False,False,1.0,Severe,6.1,69.3,663.2,0.176,0.407,0.875,Heavy rain reducing visibility and grip - reduced speed and longer buffer advised
EVT428672,2026-06-23 20:33:40,Local Market Day,J020,Malleshwaram Circle,4941,Weekday,False,Clear,False,0.0,False,False,0.571,High,25.3,44.0,169.7,0.115,0.267,0.95,Moderate traffic flow - standard adaptive signal timing in effect
EVT428673,2025-02-02 18:37:57,Local Market Day,J020,Malleshwaram Circle,2822,Weekend,False,Clear,False,0.0,False,False,0.84,Severe,12.8,50.8,420.7,0.202,0.467,0.934,Heavy congestion detected - signal timing extended and reroute suggested
EVT428674,2026-05-04 00:51:16,Concert,J020,Malleshwaram Circle,10995,Weekday,False,Clear,False,0.0,False,False,0.195,Low,32.9,16.3,177.5,0.123,0.283,0.974,Normal free-flow traffic - standard signal timing maintained
EVT428675,2025-07-15 10:22:54,Sports Fixture,J020,Malleshwaram Circle,20466,Weekday,False,Rain,True,18.0,False,False,0.932,Severe,13.1,67.1,382.3,0.182,0.419,0.827,Heavy rain reducing visibility and grip - reduced speed and longer buffer advised
EVT428676,2026-02-05 16:22:30,Trade Fair,J031,Cubbon Road,12713,Weekday,False,Clear,False,0.0,False,False,0.586,High,20.4,45.9,190.8,0.111,0.256,0.941,Moderate traffic flow - standard adaptive signal timing in effect
EVT428677,2025-10-12 19:43:24,Trade Fair,J012,Koramangala Sony World,11061,Weekend,False,Light Rain,True,3.2,False,False,0.851,Severe,12.3,68.1,317.3,0.144,0.332,0.88,Heavy rain reducing visibility and grip - reduced speed and longer buffer advised
EVT428678,2025-10-01 18:06:49,Local Market Day,J011,Indiranagar 100ft Road,5167,Weekday,False,Clear,False,0.0,False,False,1.0,Severe,7.4,77.2,689.6,0.211,0.488,0.914,Heavy congestion detected - signal timing extended and reroute suggested
EVT428679,2026-01-22 06:33:07,Sports Fixture,J011,Indiranagar 100ft Road,23425,Weekday,False,Clear,False,0.0,False,False,0.321,Low,32.7,16.5,67.8,0.057,0.133,0.943,Moderate traffic flow - standard adaptive signal timing in effect
EVT428680,2025-12-23 07:13:38,Local Market Day,J020,Malleshwaram Circle,1270,Weekday,False,Clear,False,0.0,False,False,0.494,Moderate,24.6,34.7,281.8,0.197,0.456,0.947,Moderate traffic flow - standard adaptive signal timing in effect
EVT428681,2025-10-05 14:32:55,Political Rally,J040,City Market,6782,Weekend,False,Heavy Rain,True,25.2,False,False,0.647,High,25.8,39.4,169.2,0.134,0.31,0.908,Heavy rain reducing visibility and grip - reduced speed and longer buffer advised
EVT428682,2025-12-26 18:01:46,Fireworks Display,J011,Indiranagar 100ft Road,25191,Weekday,True,Fog,False,0.0,False,False,1.0,Severe,9.3,69.3,234.2,0.097,0.223,0.884,Festival crowd surge detected - alternate route and extended cycle recommended
EVT428683,2025-01-07 08:04:06,Trade Fair,J031,Cubbon Road,6762,Weekday,False,Clear,False,0.0,False,False,0.835,Severe,15.3,58.7,311.4,0.175,0.405,0.915,Heavy congestion detected - signal timing extended and reroute suggested
EVT428684,2025-11-17 15:41:47,Trade Fair,J040,City Market,17873,Weekday,False,Clear,False,0.0,False,False,0.519,Moderate,28.7,35.3,182.3,0.167,0.385,0.943,Moderate traffic flow - standard adaptive signal timing in effect
EVT428685,2026-06-08 13:49:32,Sports Fixture,J031,Cubbon Road,17208,Weekday,False,Rain,True,18.2,False,False,0.475,Moderate,14.8,33.4,129.4,0.046,0.106,0.909,Light rain detected - minor speed reduction advised
EVT428686,2026-04-22 10:20:35,Local Market Day,J040,City Market,6727,Weekday,False,Clear,False,0.0,False,False,0.734,High,17.4,56.8,330.2,0.196,0.452,0.941,Moderate traffic flow - standard adaptive signal timing in effect
EVT428687,2026-03-09 10:19:26,Local Market Day,J023,Basavanagudi,3910,Weekday,False,Clear,False,0.0,False,False,0.72,High,17.6,46.9,174.7,0.1,0.231,0.94,Moderate traffic flow - standard adaptive signal timing in effect
EVT428688,2025-11-12 11:58:56,Trade Fair,J030,MG Road,11023,Weekday,False,Clear,False,0.0,False,False,0.246,Low,37.9,23.1,146.3,0.149,0.344,0.951,Normal free-flow traffic - standard signal timing maintained
EVT428689,2025-04-27 04:35:13,Local Market Day,J020,Malleshwaram Circle,3944,Weekend,False,Clear,False,0.0,False,False,0.226,Low,31.7,17.3,92.8,0.075,0.174,0.947,Normal free-flow traffic - standard signal timing maintained
EVT428690,2025-09-14 18:11:28,Sports Fixture,J030,MG Road,38751,Weekend,False,Clear,False,0.0,False,False,1.0,Severe,8.2,76.9,331.8,0.12,0.278,0.926,Heavy congestion detected - signal timing extended and reroute suggested
EVT428691,2025-06-13 13:30:36,Political Rally,J012,Koramangala Sony World,12072,Weekday,False,Clear,False,0.0,False,False,0.19,Low,30.8,10.7,180.6,0.158,0.365,0.956,Normal free-flow traffic - standard signal timing maintained
EVT428692,2025-10-06 12:06:47,Political Rally,J009,Majestic,13131,Weekday,False,Clear,False,0.0,True,False,0.609,High,17.6,37.1,340.0,0.196,0.453,0.808,Accident detected nearby - reroute and reduced speed advised
EVT428693,2026-04-06 08:01:01,Concert,J031,Cubbon Road,6443,Weekday,False,Clear,False,0.0,False,False,0.759,Severe,13.1,53.3,328.8,0.172,0.397,0.953,Heavy congestion detected - signal timing extended and reroute suggested
EVT428694,2026-04-16 15:41:52,Local Market Day,J012,Koramangala Sony World,2761,Weekday,False,Clear,False,0.0,False,False,0.316,Low,29.8,21.1,202.9,0.175,0.405,0.984,Moderate traffic flow - standard adaptive signal timing in effect
EVT428695,2025-08-25 19:05:20,Political Rally,J040,City Market,30514,Weekday,False,Clear,False,0.0,False,False,1.0,Severe,8.6,69.2,333.9,0.119,0.275,0.934,Heavy congestion detected - signal timing extended and reroute suggested
EVT428696,2026-02-22 18:36:02,Local Market Day,J023,Basavanagudi,4803,Weekend,False,Light Rain,True,2.5,False,False,0.961,Severe,8.6,70.0,441.7,0.178,0.41,0.874,Heavy rain reducing visibility and grip - reduced speed and longer buffer advised
EVT428697,2025-04-14 13:51:25,Religious Festival,J011,Indiranagar 100ft Road,74082,Weekday,True,Clear,False,0.0,False,True,0.998,Severe,10.0,109.4,545.1,0.234,0.54,0.842,Road closure for event/procession - full detour recommended for through-traffic
EVT428698,2025-08-04 12:49:15,Trade Fair,J009,Majestic,9517,Weekday,False,Clear,False,0.0,False,False,0.245,Low,26.8,12.0,152.2,0.109,0.252,0.943,Normal free-flow traffic - standard signal timing maintained
EVT428699,2025-04-12 21:05:35,Local Market Day,J012,Koramangala Sony World,2388,Weekend,False,Clear,False,0.0,False,False,0.444,Moderate,22.7,28.5,160.4,0.101,0.233,0.944,Moderate traffic flow - standard adaptive signal timing in effect
EVT428700,2026-03-08 19:44:13,Sports Fixture,J012,Koramangala Sony World,15558,Weekend,False,Clear,False,0.0,False,False,0.684,High,18.5,47.7,266.1,0.145,0.334,0.94,Moderate traffic flow - standard adaptive signal timing in effect
EVT428701,2025-05-20 11:23:17,Local Market Day,J009,Majestic,4378,Weekday,False,Clear,False,0.0,False,False,0.258,Low,35.2,11.1,152.1,0.14,0.323,0.94,Moderate traffic flow - standard adaptive signal timing in effect
EVT428702,2025-06-11 10:20:48,Sports Fixture,J009,Majestic,28602,Weekday,False,Rain,True,16.8,False,False,0.963,Severe,10.5,70.5,309.7,0.148,0.342,0.861,Heavy rain reducing visibility and grip - reduced speed and longer buffer advised
EVT428703,2026-05-18 09:25:35,Political Rally,J031,Cubbon Road,13932,Weekday,False,Clear,False,0.0,False,False,0.997,Severe,7.8,70.5,390.4,0.121,0.279,0.945,Heavy congestion detected - signal timing extended and reroute suggested
EVT428704,2025-03-07 08:17:26,Local Market Day,J040,City Market,3079,Weekday,False,Clear,False,0.0,False,False,0.934,Severe,10.5,66.5,401.4,0.175,0.403,0.931,Heavy congestion detected - signal timing extended and reroute suggested
EVT428705,2025-01-27 19:20:45,Religious Festival,J012,Koramangala Sony World,47327,Weekday,True,Clear,False,0.0,False,False,1.0,Severe,8.2,75.6,232.8,0.102,0.235,0.84,Festival crowd surge detected - alternate route and extended cycle recommended
EVT428706,2026-02-20 20:15:46,Local Market Day,J011,Indiranagar 100ft Road,4645,Weekday,False,Clear,False,0.0,False,False,0.688,High,15.0,43.1,360.5,0.193,0.446,0.978,Moderate traffic flow - standard adaptive signal timing in effect
EVT428707,2026-01-12 22:51:20,Local Market Day,J012,Koramangala Sony World,6725,Weekday,False,Clear,False,0.0,False,False,0.261,Low,32.5,20.5,179.6,0.166,0.384,0.948,Moderate traffic flow - standard adaptive signal timing in effect
EVT428708,2025-09-07 17:39:53,Local Market Day,J020,Malleshwaram Circle,2981,Weekend,False,Clear,False,0.0,False,False,0.866,Severe,12.1,61.5,423.0,0.199,0.459,0.929,Heavy congestion detected - signal timing extended and reroute suggested
EVT428709,2025-05-25 10:28:22,Political Rally,J009,Majestic,15118,Weekend,False,Clear,False,0.0,False,False,0.637,High,21.4,49.0,130.5,0.071,0.165,0.964,Moderate traffic flow - standard adaptive signal timing in effect
EVT428710,2025-05-22 18:57:16,Concert,J020,Malleshwaram Circle,23433,Weekday,False,Clear,False,0.0,False,False,1.0,Severe,8.6,71.3,613.5,0.221,0.511,0.92,Heavy congestion detected - signal timing extended and reroute suggested
EVT428711,2026-05-30 09:02:12,Trade Fair,J020,Malleshwaram Circle,7141,Weekend,False,Clear,False,0.0,False,False,0.881,Severe,12.9,53.1,136.6,0.056,0.129,0.915,Heavy congestion detected - signal timing extended and reroute suggested
EVT428712,2026-02-23 06:14:12,Local Market Day,J020,Malleshwaram Circle,3554,Weekday,False,Clear,False,0.0,False,False,0.252,Low,30.2,17.6,207.8,0.164,0.379,0.974,Moderate traffic flow - standard adaptive signal timing in effect
EVT428713,2026-04-27 09:47:08,Local Market Day,J009,Majestic,5109,Weekday,False,Clear,False,0.0,False,False,0.948,Severe,11.8,66.7,357.9,0.156,0.36,0.939,Heavy congestion detected - signal timing extended and reroute suggested
EVT428714,2025-12-16 08:02:05,Trade Fair,J011,Indiranagar 100ft Road,7569,Weekday,False,Clear,False,0.0,False,False,0.858,Severe,12.4,58.2,396.2,0.18,0.417,0.945,Heavy congestion detected - signal timing extended and reroute suggested
EVT428715,2026-04-25 17:44:58,Local Market Day,J040,City Market,3176,Weekend,False,Clear,False,0.0,False,False,0.827,Severe,14.9,58.1,322.2,0.176,0.407,0.967,Heavy congestion detected - signal timing extended and reroute suggested
EVT428716,2026-04-26 10:51:15,Local Market Day,J031,Cubbon Road,6581,Weekend,False,Clear,False,0.0,False,False,0.507,Moderate,25.4,40.7,118.8,0.101,0.233,0.967,Moderate traffic flow - standard adaptive signal timing in effect
EVT428717,2026-04-02 19:07:19,Concert,J030,MG Road,9795,Weekday,False,Clear,False,0.0,False,False,1.0,Severe,7.2,75.7,515.9,0.158,0.366,0.93,Heavy congestion detected - signal timing extended and reroute suggested
EVT428718,2025-04-29 08:02:01,Sports Fixture,J030,MG Road,11699,Weekday,False,Clear,False,0.0,False,False,0.825,Severe,13.4,57.3,405.9,0.182,0.42,0.959,Heavy congestion detected - signal timing extended and reroute suggested
EVT428719,2025-11-28 23:31:54,Trade Fair,J012,Koramangala Sony World,5989,Weekday,False,Clear,False,0.0,False,False,0.245,Low,27.4,20.4,208.6,0.166,0.383,0.979,Normal free-flow traffic - standard signal timing maintained
EVT428720,2025-10-14 23:16:26,Local Market Day,J040,City Market,4731,Weekday,False,Clear,False,0.0,False,False,0.131,Low,37.6,8.9,114.9,0.115,0.266,0.951,Normal free-flow traffic - standard signal timing maintained
EVT428721,2025-12-15 08:49:21,Sports Fixture,J023,Basavanagudi,36486,Weekday,False,Fog,False,0.0,False,False,1.0,Severe,7.7,75.7,447.6,0.162,0.373,0.907,Heavy congestion detected - signal timing extended and reroute suggested
EVT428722,2025-11-30 09:02:33,Concert,J031,Cubbon Road,12508,Weekend,False,Clear,False,0.0,False,False,0.974,Severe,8.2,71.4,716.6,0.229,0.529,0.916,Heavy congestion detected - signal timing extended and reroute suggested
EVT428723,2025-04-23 10:26:43,Local Market Day,J040,City Market,3904,Weekday,False,Clear,False,0.0,False,False,0.621,High,20.0,39.9,247.1,0.141,0.325,0.945,Moderate traffic flow - standard adaptive signal timing in effect
EVT428724,2025-05-13 20:55:30,Local Market Day,J020,Malleshwaram Circle,5169,Weekday,False,Clear,False,0.0,False,False,0.526,Moderate,23.8,42.5,167.0,0.104,0.241,0.976,Moderate traffic flow - standard adaptive signal timing in effect
EVT428725,2025-10-02 13:45:01,Cultural Procession,J023,Basavanagudi,24777,Weekday,True,Clear,False,0.0,False,False,0.518,Moderate,21.9,34.1,272.2,0.173,0.4,0.953,Festival crowd surge detected - alternate route and extended cycle recommended
EVT428726,2025-02-28 21:49:03,Sports Fixture,J020,Malleshwaram Circle,23412,Weekday,False,Clear,False,0.0,False,False,0.442,Moderate,28.7,35.4,186.7,0.122,0.282,0.94,Moderate traffic flow - standard adaptive signal timing in effect
EVT428727,2025-06-14 19:53:32,Local Market Day,J023,Basavanagudi,5388,Weekend,False,Clear,False,0.0,False,False,0.608,High,21.2,43.5,345.2,0.258,0.597,0.97,Moderate traffic flow - standard adaptive signal timing in effect
EVT428728,2025-04-12 15:30:11,Local Market Day,J012,Koramangala Sony World,7024,Weekend,False,Clear,False,0.0,False,False,0.355,Moderate,27.0,27.0,226.2,0.146,0.337,0.953,Moderate traffic flow - standard adaptive signal timing in effect
EVT428729,2025-01-14 11:21:10,Religious Festival,J030,MG Road,37340,Weekday,True,Clear,False,0.0,False,True,0.868,High,12.2,83.2,358.8,0.169,0.39,0.857,Road closure for event/procession - full detour recommended for through-traffic
EVT428730,2026-06-10 13:01:01,Concert,J040,City Market,22211,Weekday,False,Clear,False,0.0,False,False,0.264,Low,27.1,18.0,210.9,0.151,0.348,0.979,Moderate traffic flow - standard adaptive signal timing in effect
EVT428731,2025-09-22 18:30:28,Political Rally,J040,City Market,17146,Weekday,False,Clear,False,0.0,False,False,1.0,Severe,8.2,68.7,567.4,0.206,0.475,0.922,Heavy congestion detected - signal timing extended and reroute suggested
EVT428732,2025-07-17 06:51:47,Sports Fixture,J012,Koramangala Sony World,19977,Weekday,False,Fog,False,0.0,False,False,0.594,High,21.7,43.4,178.9,0.136,0.313,0.934,Moderate traffic flow - standard adaptive signal timing in effect
EVT428733,2025-08-02 07:25:09,Concert,J030,MG Road,11277,Weekend,False,Clear,False,0.0,False,False,0.557,High,23.4,39.3,187.6,0.103,0.237,0.951,Moderate traffic flow - standard adaptive signal timing in effect
EVT428734,2026-01-04 16:13:49,Concert,J012,Koramangala Sony World,10914,Weekend,False,Clear,False,0.0,False,False,0.559,High,21.6,35.0,182.3,0.124,0.287,0.946,Moderate traffic flow - standard adaptive signal timing in effect
EVT428735,2025-03-29 08:19:16,Concert,J030,MG Road,14526,Weekend,False,Clear,False,0.0,False,False,0.84,Severe,16.0,60.9,238.8,0.127,0.293,0.962,Heavy congestion detected - signal timing extended and reroute suggested
EVT428736,2025-08-12 17:46:43,Concert,J020,Malleshwaram Circle,16220,Weekday,False,Rain,True,16.5,False,False,1.0,Severe,7.0,67.6,729.2,0.213,0.492,0.866,Heavy rain reducing visibility and grip - reduced speed and longer buffer advised
EVT428737,2025-08-01 08:01:02,Sports Fixture,J012,Koramangala Sony World,35027,Weekday,False,Heavy Rain,True,26.0,False,False,1.0,Severe,8.3,72.2,396.2,0.153,0.354,0.875,Heavy rain reducing visibility and grip - reduced speed and longer buffer advised
EVT428738,2025-06-22 08:58:58,Trade Fair,J040,City Market,7996,Weekend,False,Clear,False,0.0,False,False,0.926,Severe,9.1,63.5,517.9,0.185,0.428,0.93,Heavy congestion detected - signal timing extended and reroute suggested
EVT428739,2026-03-17 14:27:04,Local Market Day,J011,Indiranagar 100ft Road,3971,Weekday,False,Light Rain,True,3.2,False,False,0.241,Low,30.8,13.4,142.9,0.112,0.259,0.916,Light rain detected - minor speed reduction advised
EVT428740,2025-04-08 18:27:52,Sports Fixture,J023,Basavanagudi,30162,Weekday,False,Rain,True,12.0,False,False,1.0,Severe,7.4,72.6,618.3,0.192,0.444,0.858,Heavy rain reducing visibility and grip - reduced speed and longer buffer advised
EVT428741,2026-06-25 10:08:23,Trade Fair,J023,Basavanagudi,14777,Weekday,False,Clear,False,0.0,False,False,0.824,Severe,16.2,66.6,405.0,0.237,0.547,0.964,Heavy congestion detected - signal timing extended and reroute suggested
EVT428742,2026-03-03 17:55:01,Trade Fair,J031,Cubbon Road,6473,Weekday,False,Clear,False,0.0,False,False,0.957,Severe,9.9,65.7,553.0,0.214,0.495,0.928,Heavy congestion detected - signal timing extended and reroute suggested
EVT428743,2025-06-17 18:56:34,Trade Fair,J040,City Market,10604,Weekday,False,Light Rain,True,4.6,False,False,1.0,Severe,7.9,66.9,497.6,0.151,0.348,0.85,Heavy rain reducing visibility and grip - reduced speed and longer buffer advised
EVT428744,2025-02-20 05:12:59,Local Market Day,J040,City Market,3626,Weekday,False,Clear,False,0.0,False,False,0.191,Low,35.5,13.0,41.6,0.025,0.059,0.966,Normal free-flow traffic - standard signal timing maintained
EVT428745,2025-06-14 14:12:25,Political Rally,J012,Koramangala Sony World,18148,Weekend,False,Clear,False,0.0,False,False,0.385,Moderate,29.8,22.1,176.7,0.14,0.324,0.95,Moderate traffic flow - standard adaptive signal timing in effect
EVT428746,2026-01-04 11:56:39,Political Rally,J030,MG Road,22470,Weekend,False,Clear,False,0.0,False,False,0.399,Moderate,29.0,28.7,187.0,0.145,0.335,0.966,Moderate traffic flow - standard adaptive signal timing in effect
EVT428747,2025-07-11 08:37:04,Sports Fixture,J023,Basavanagudi,10778,Weekday,False,Clear,False,0.0,False,False,0.993,Severe,9.7,74.1,426.0,0.195,0.449,0.943,Heavy congestion detected - signal timing extended and reroute suggested
EVT428748,2025-03-12 10:29:05,Sports Fixture,J009,Majestic,41298,Weekday,False,Fog,False,0.0,False,False,0.871,Severe,12.1,58.1,260.8,0.125,0.288,0.961,Heavy congestion detected - signal timing extended and reroute suggested
EVT428749,2026-04-30 12:47:59,Sports Fixture,J030,MG Road,21769,Weekday,False,Clear,False,0.0,False,False,0.305,Low,27.9,22.7,209.9,0.154,0.356,0.958,Moderate traffic flow - standard adaptive signal timing in effect
EVT428750,2025-01-07 19:56:21,Concert,J040,City Market,18820,Weekday,False,Clear,False,0.0,False,False,0.853,Severe,14.4,62.5,464.4,0.224,0.518,0.936,Heavy congestion detected - signal timing extended and reroute suggested
EVT428751,2026-02-16 12:11:04,Trade Fair,J020,Malleshwaram Circle,7014,Weekday,False,Clear,False,0.0,False,False,0.223,Low,44.7,15.3,108.1,0.12,0.278,0.969,Normal free-flow traffic - standard signal timing maintained
EVT428752,2025-08-13 20:51:08,Trade Fair,J040,City Market,12471,Weekday,False,Clear,False,0.0,False,False,0.563,High,25.0,41.5,304.7,0.23,0.532,0.95,Moderate traffic flow - standard adaptive signal timing in effect
EVT428753,2025-09-18 17:51:56,Political Rally,J031,Cubbon Road,16200,Weekday,False,Heavy Rain,True,28.2,False,False,1.0,Severe,9.0,71.4,442.1,0.173,0.4,0.856,Heavy rain reducing visibility and grip - reduced speed and longer buffer advised
EVT428754,2025-12-19 09:14:49,Trade Fair,J023,Basavanagudi,10674,Weekday,False,Clear,False,0.0,False,False,1.0,Severe,7.4,73.2,642.1,0.198,0.457,0.906,Heavy congestion detected - signal timing extended and reroute suggested
EVT428755,2025-07-08 10:15:36,Political Rally,J040,City Market,7968,Weekday,False,Rain,True,7.5,False,False,0.838,Severe,13.9,56.3,370.7,0.18,0.415,0.875,Heavy rain reducing visibility and grip - reduced speed and longer buffer advised
EVT428756,2026-05-23 10:08:17,Sports Fixture,J011,Indiranagar 100ft Road,27814,Weekend,False,Clear,False,0.0,False,False,0.797,Severe,15.8,58.9,335.9,0.172,0.397,0.952,Heavy congestion detected - signal timing extended and reroute suggested
EVT428757,2025-04-14 16:49:10,Religious Festival,J011,Indiranagar 100ft Road,26832,Weekday,True,Fog,False,0.0,False,False,1.0,Severe,8.3,66.0,238.6,0.112,0.259,0.862,Festival crowd surge detected - alternate route and extended cycle recommended
EVT428758,2026-06-13 16:33:21,Political Rally,J009,Majestic,10499,Weekend,False,Clear,False,0.0,False,False,0.544,Moderate,27.8,44.1,179.3,0.124,0.287,0.964,Moderate traffic flow - standard adaptive signal timing in effect
EVT428759,2025-03-28 15:01:44,Local Market Day,J020,Malleshwaram Circle,3241,Weekday,False,Clear,False,0.0,False,False,0.259,Low,36.3,20.2,101.2,0.101,0.233,0.95,Moderate traffic flow - standard adaptive signal timing in effect
EVT428760,2026-05-07 07:03:37,Political Rally,J023,Basavanagudi,18235,Weekday,False,Clear,False,0.0,False,False,0.517,Moderate,23.8,38.7,332.5,0.244,0.565,0.978,Moderate traffic flow - standard adaptive signal timing in effect
EVT428761,2026-06-05 00:33:54,Concert,J009,Majestic,11082,Weekday,False,Clear,False,0.0,False,False,0.243,Low,33.3,22.4,146.0,0.112,0.259,0.98,Normal free-flow traffic - standard signal timing maintained
EVT428762,2026-04-19 17:04:24,Local Market Day,J009,Majestic,3511,Weekend,False,Clear,False,0.0,False,False,0.706,High,16.3,53.5,280.5,0.137,0.317,0.957,Moderate traffic flow - standard adaptive signal timing in effect
EVT428763,2026-05-23 00:13:48,Trade Fair,J040,City Market,6730,Weekend,False,Clear,False,0.0,False,False,0.281,Low,31.6,24.5,203.3,0.171,0.394,0.952,Moderate traffic flow - standard adaptive signal timing in effect
EVT428764,2025-05-01 08:12:00,Fireworks Display,J012,Koramangala Sony World,24899,Weekday,True,Clear,False,0.0,False,False,1.0,Severe,7.7,69.6,546.6,0.185,0.428,0.88,Festival crowd surge detected - alternate route and extended cycle recommended
EVT428765,2026-03-02 05:27:46,Sports Fixture,J020,Malleshwaram Circle,27050,Weekday,False,Clear,False,0.0,False,False,0.29,Low,31.0,23.5,109.1,0.108,0.249,0.958,Moderate traffic flow - standard adaptive signal timing in effect
EVT428766,2025-06-12 06:53:18,Local Market Day,J023,Basavanagudi,2378,Weekday,False,Fog,False,0.0,False,False,0.378,Moderate,29.5,24.0,64.5,0.071,0.164,0.965,Moderate traffic flow - standard adaptive signal timing in effect
EVT428767,2025-11-07 09:35:20,Local Market Day,J011,Indiranagar 100ft Road,4623,Weekday,False,Clear,False,0.0,False,False,0.982,Severe,8.6,68.0,604.5,0.222,0.513,0.901,Heavy congestion detected - signal timing extended and reroute suggested
EVT428768,2025-05-09 17:09:58,Sports Fixture,J009,Majestic,42334,Weekday,False,Rain,True,20.2,False,False,1.0,Severe,7.8,69.9,984.6,0.325,0.752,0.847,Heavy rain reducing visibility and grip - reduced speed and longer buffer advised
EVT428769,2025-06-28 15:16:27,Concert,J031,Cubbon Road,7159,Weekend,False,Heavy Rain,True,29.3,False,False,0.633,High,21.0,48.1,147.4,0.083,0.191,0.947,Heavy rain reducing visibility and grip - reduced speed and longer buffer advised
EVT428770,2026-02-13 14:42:45,Local Market Day,J030,MG Road,5323,Weekday,False,Clear,False,0.0,False,False,0.25,Low,35.5,19.5,71.0,0.077,0.179,0.951,Normal free-flow traffic - standard signal timing maintained
EVT428771,2026-01-24 07:54:51,Local Market Day,J030,MG Road,2792,Weekend,False,Clear,False,0.0,False,False,0.72,High,15.5,54.9,303.3,0.15,0.346,0.959,Moderate traffic flow - standard adaptive signal timing in effect
EVT428772,2025-01-21 16:16:55,Political Rally,J030,MG Road,18890,Weekday,False,Clear,False,0.0,False,False,0.573,High,23.3,40.1,196.8,0.134,0.31,0.947,Moderate traffic flow - standard adaptive signal timing in effect
EVT428773,2025-01-14 20:46:55,Religious Festival,J023,Basavanagudi,57131,Weekday,True,Clear,False,0.0,False,True,1.0,Severe,9.0,103.1,608.2,0.257,0.593,0.836,Road closure for event/procession - full detour recommended for through-traffic
EVT428774,2025-07-27 17:28:12,Local Market Day,J040,City Market,4517,Weekend,False,Rain,True,17.8,False,False,0.948,Severe,8.8,68.9,494.1,0.182,0.421,0.879,Heavy rain reducing visibility and grip - reduced speed and longer buffer advised
EVT428775,2025-10-28 08:58:18,Sports Fixture,J020,Malleshwaram Circle,25656,Weekday,False,Clear,False,0.0,False,False,1.0,Severe,7.7,64.8,1027.1,0.297,0.686,0.921,Heavy congestion detected - signal timing extended and reroute suggested
EVT428776,2025-10-05 17:04:50,Trade Fair,J031,Cubbon Road,6317,Weekend,False,Rain,True,14.0,False,False,0.82,Severe,14.2,63.3,408.4,0.233,0.539,0.89,Heavy rain reducing visibility and grip - reduced speed and longer buffer advised
EVT428777,2025-05-07 21:08:25,Political Rally,J040,City Market,19602,Weekday,False,Heavy Rain,True,29.9,False,False,0.853,Severe,16.0,65.4,403.4,0.208,0.479,0.881,Heavy rain reducing visibility and grip - reduced speed and longer buffer advised
EVT428778,2025-03-26 12:44:34,Sports Fixture,J040,City Market,26951,Weekday,False,Clear,False,0.0,False,False,0.331,Low,26.5,22.3,167.7,0.113,0.262,0.957,Moderate traffic flow - standard adaptive signal timing in effect
EVT428779,2025-04-21 16:39:36,Sports Fixture,J011,Indiranagar 100ft Road,25663,Weekday,False,Clear,False,0.0,False,False,0.755,Severe,12.7,50.9,286.7,0.134,0.31,0.945,Heavy congestion detected - signal timing extended and reroute suggested
EVT428780,2025-06-02 20:46:47,Local Market Day,J020,Malleshwaram Circle,4378,Weekday,False,Heavy Rain,True,25.1,False,False,0.752,Severe,13.7,52.4,264.0,0.141,0.327,0.912,Heavy rain reducing visibility and grip - reduced speed and longer buffer advised
EVT428781,2026-03-13 14:33:20,Trade Fair,J020,Malleshwaram Circle,6574,Weekday,False,Clear,False,0.0,False,False,0.134,Low,28.6,10.0,173.7,0.112,0.259,0.956,Normal free-flow traffic - standard signal timing maintained
EVT428782,2026-06-22 11:23:12,Trade Fair,J040,City Market,10088,Weekday,False,Heavy Rain,True,39.9,False,False,0.742,High,19.0,57.5,330.6,0.233,0.539,0.916,Heavy rain reducing visibility and grip - reduced speed and longer buffer advised
EVT428783,2025-04-04 23:47:50,Sports Fixture,J011,Indiranagar 100ft Road,14504,Weekday,False,Clear,False,0.0,False,False,0.183,Low,39.3,8.1,116.1,0.121,0.279,0.99,Normal free-flow traffic - standard signal timing maintained
EVT428784,2026-05-19 11:28:16,Trade Fair,J030,MG Road,7206,Weekday,False,Clear,False,0.0,False,False,0.294,Low,34.6,23.6,138.7,0.106,0.244,0.978,Moderate traffic flow - standard adaptive signal timing in effect
EVT428785,2026-03-16 14:24:08,Political Rally,J020,Malleshwaram Circle,17871,Weekday,False,Clear,False,0.0,False,False,0.291,Low,31.6,17.5,123.2,0.09,0.208,0.971,Moderate traffic flow - standard adaptive signal timing in effect
EVT428786,2026-03-31 15:33:01,Local Market Day,J011,Indiranagar 100ft Road,8280,Weekday,False,Clear,False,0.0,False,False,0.354,Moderate,24.1,23.0,253.6,0.164,0.38,0.99,Moderate traffic flow - standard adaptive signal timing in effect
EVT428787,2025-05-22 10:48:12,Sports Fixture,J031,Cubbon Road,24101,Weekday,False,Clear,False,0.0,False,False,0.569,High,25.7,39.9,175.2,0.145,0.336,0.97,Moderate traffic flow - standard adaptive signal timing in effect
EVT428788,2025-10-06 12:20:59,Sports Fixture,J020,Malleshwaram Circle,38711,Weekday,False,Clear,False,0.0,False,False,0.414,Moderate,33.7,23.5,124.9,0.131,0.302,0.937,Moderate traffic flow - standard adaptive signal timing in effect
EVT428789,2025-09-24 17:11:17,Concert,J020,Malleshwaram Circle,16775,Weekday,False,Light Rain,True,4.7,False,False,0.926,Severe,11.9,70.8,297.9,0.144,0.332,0.89,Heavy rain reducing visibility and grip - reduced speed and longer buffer advised
EVT428790,2025-06-10 06:03:14,Sports Fixture,J023,Basavanagudi,39033,Weekday,False,Clear,False,0.0,False,False,0.438,Moderate,28.0,28.5,199.4,0.153,0.353,0.965,Moderate traffic flow - standard adaptive signal timing in effect
EVT428791,2025-01-28 18:16:37,Local Market Day,J030,MG Road,2362,Weekday,False,Clear,False,0.0,False,False,0.992,Severe,8.8,72.3,365.7,0.135,0.312,0.929,Heavy congestion detected - signal timing extended and reroute suggested
EVT428792,2025-05-01 06:36:22,Cultural Procession,J031,Cubbon Road,21044,Weekday,True,Fog,False,0.0,False,True,0.78,High,12.5,78.4,692.5,0.283,0.653,0.884,Road closure for event/procession - full detour recommended for through-traffic
EVT428793,2025-10-12 21:03:11,Concert,J040,City Market,9693,Weekend,False,Clear,False,0.0,False,False,0.495,Moderate,29.3,32.4,204.5,0.158,0.365,0.973,Moderate traffic flow - standard adaptive signal timing in effect
EVT428794,2025-10-17 11:47:29,Sports Fixture,J040,City Market,26941,Weekday,False,Clear,False,0.0,False,False,0.363,Moderate,35.0,25.9,96.8,0.081,0.187,0.99,Moderate traffic flow - standard adaptive signal timing in effect
EVT428795,2025-05-29 17:35:54,Local Market Day,J020,Malleshwaram Circle,3686,Weekday,False,Clear,False,0.0,False,False,0.861,Severe,13.8,60.5,649.7,0.312,0.72,0.955,Heavy congestion detected - signal timing extended and reroute suggested
EVT428796,2025-01-25 16:13:52,Local Market Day,J011,Indiranagar 100ft Road,4442,Weekend,False,Clear,False,0.0,False,False,0.53,Moderate,21.4,37.3,98.7,0.041,0.096,0.956,Moderate traffic flow - standard adaptive signal timing in effect
EVT428797,2025-08-21 00:08:04,Concert,J023,Basavanagudi,10662,Weekday,False,Heavy Rain,True,42.0,False,False,0.625,High,25.1,43.0,144.9,0.101,0.234,0.923,Heavy rain reducing visibility and grip - reduced speed and longer buffer advised
EVT428798,2026-01-15 14:04:14,Religious Festival,J009,Majestic,61204,Weekday,True,Clear,False,0.0,False,True,0.777,High,18.2,79.9,197.7,0.107,0.247,0.904,Road closure for event/procession - full detour recommended for through-traffic
EVT428799,2026-04-21 22:02:21,Sports Fixture,J030,MG Road,29104,Weekday,False,Clear,False,0.0,False,False,0.409,Moderate,28.4,30.4,107.2,0.086,0.199,0.936,Moderate traffic flow - standard adaptive signal timing in effect
EVT428800,2026-03-04 17:41:45,Fireworks Display,J012,Koramangala Sony World,28604,Weekday,True,Clear,False,0.0,False,False,1.0,Severe,7.9,66.3,693.6,0.224,0.518,0.887,Festival crowd surge detected - alternate route and extended cycle recommended
EVT428801,2026-03-01 15:05:33,Sports Fixture,J011,Indiranagar 100ft Road,22413,Weekend,False,Clear,False,0.0,False,False,0.42,Moderate,29.9,30.1,123.7,0.092,0.212,0.964,Moderate traffic flow - standard adaptive signal timing in effect
EVT428802,2026-05-18 16:44:34,Local Market Day,J040,City Market,7069,Weekday,False,Clear,False,0.0,False,False,0.673,High,16.1,41.7,230.2,0.119,0.275,0.942,Moderate traffic flow - standard adaptive signal timing in effect
EVT428803,2025-06-07 17:34:35,Sports Fixture,J023,Basavanagudi,15392,Weekend,False,Heavy Rain,True,42.3,False,False,1.0,Severe,10.4,66.6,770.4,0.306,0.706,0.879,Heavy rain reducing visibility and grip - reduced speed and longer buffer advised
EVT428804,2025-03-16 06:35:09,Sports Fixture,J023,Basavanagudi,15438,Weekend,False,Clear,False,0.0,False,False,0.41,Moderate,33.2,28.1,120.7,0.109,0.252,0.964,Moderate traffic flow - standard adaptive signal timing in effect
EVT428805,2025-02-01 22:26:07,Local Market Day,J020,Malleshwaram Circle,3885,Weekend,False,Clear,False,0.0,False,False,0.266,Low,27.3,11.4,220.0,0.175,0.405,0.949,Moderate traffic flow - standard adaptive signal timing in effect
EVT428806,2025-05-08 18:32:05,Political Rally,J031,Cubbon Road,22492,Weekday,False,Clear,False,0.0,False,False,1.0,Severe,10.6,69.9,307.7,0.133,0.308,0.912,Heavy congestion detected - signal timing extended and reroute suggested
EVT428807,2026-05-14 21:03:53,Local Market Day,J009,Majestic,2702,Weekday,False,Clear,False,0.0,False,False,0.429,Moderate,30.7,29.4,111.8,0.109,0.251,0.944,Moderate traffic flow - standard adaptive signal timing in effect
EVT428808,2026-06-05 01:07:00,Concert,J009,Majestic,10466,Weekday,False,Clear,False,0.0,False,False,0.257,Low,41.3,19.6,136.9,0.152,0.352,0.96,Moderate traffic flow - standard adaptive signal timing in effect
EVT428809,2026-06-26 15:29:23,Political Rally,J023,Basavanagudi,17669,Weekday,False,Light Rain,True,7.3,False,False,0.541,Moderate,29.8,38.5,108.7,0.078,0.181,0.911,Light rain detected - minor speed reduction advised
EVT428810,2025-07-13 09:16:46,Local Market Day,J020,Malleshwaram Circle,7901,Weekend,False,Rain,True,23.9,False,False,1.0,Severe,7.5,71.0,630.7,0.219,0.506,0.839,Heavy rain reducing visibility and grip - reduced speed and longer buffer advised
EVT428811,2025-05-26 22:58:06,Local Market Day,J009,Majestic,5169,Weekday,False,Rain,True,8.5,False,False,0.278,Low,32.0,12.8,148.5,0.124,0.286,0.902,Light rain detected - minor speed reduction advised
EVT428812,2026-04-18 10:55:19,Trade Fair,J011,Indiranagar 100ft Road,9628,Weekend,False,Clear,False,0.0,False,False,0.499,Moderate,27.0,37.0,153.3,0.118,0.272,0.973,Moderate traffic flow - standard adaptive signal timing in effect
EVT428813,2025-09-29 13:18:37,Political Rally,J031,Cubbon Road,32528,Weekday,False,Clear,False,0.0,False,False,0.3,Low,34.3,25.2,200.1,0.179,0.415,0.946,Moderate traffic flow - standard adaptive signal timing in effect
EVT428814,2025-09-01 16:16:14,Political Rally,J023,Basavanagudi,7712,Weekday,False,Clear,False,0.0,False,False,0.442,Moderate,26.7,25.4,153.1,0.113,0.261,0.982,Moderate traffic flow - standard adaptive signal timing in effect
EVT428815,2025-04-10 08:14:12,Trade Fair,J009,Majestic,9154,Weekday,False,Clear,False,0.0,False,False,0.935,Severe,10.5,65.8,457.8,0.195,0.451,0.904,Heavy congestion detected - signal timing extended and reroute suggested
EVT428816,2025-04-27 17:54:17,Local Market Day,J011,Indiranagar 100ft Road,6839,Weekend,False,Clear,False,0.0,False,False,0.725,High,14.3,54.3,298.8,0.15,0.346,0.963,Moderate traffic flow - standard adaptive signal timing in effect
EVT428817,2025-11-20 18:40:47,Local Market Day,J012,Koramangala Sony World,3599,Weekday,False,Clear,False,0.0,False,False,1.0,Severe,10.2,72.1,600.5,0.252,0.582,0.91,Heavy congestion detected - signal timing extended and reroute suggested
EVT428818,2025-01-11 17:23:47,Local Market Day,J011,Indiranagar 100ft Road,2917,Weekend,False,Clear,False,0.0,False,False,0.839,Severe,13.7,58.7,420.5,0.214,0.494,0.944,Heavy congestion detected - signal timing extended and reroute suggested
EVT428819,2025-10-16 09:56:23,Concert,J040,City Market,9874,Weekday,False,Clear,False,0.0,False,False,0.951,Severe,8.7,71.1,272.7,0.106,0.245,0.937,Heavy congestion detected - signal timing extended and reroute suggested
EVT428820,2025-12-01 17:08:29,Sports Fixture,J009,Majestic,15648,Weekday,False,Clear,False,0.0,False,False,0.836,Severe,14.1,58.1,539.7,0.243,0.562,0.967,Heavy congestion detected - signal timing extended and reroute suggested
EVT428821,2025-11-13 08:59:16,Local Market Day,J009,Majestic,4120,Weekday,False,Rain,True,20.1,False,False,1.0,Severe,8.5,71.1,472.6,0.182,0.421,0.881,Heavy rain reducing visibility and grip - reduced speed and longer buffer advised
EVT428822,2025-02-19 10:39:25,Sports Fixture,J012,Koramangala Sony World,26940,Weekday,False,Clear,False,0.0,False,False,0.664,High,22.8,48.2,258.0,0.185,0.426,0.97,Moderate traffic flow - standard adaptive signal timing in effect
EVT428823,2026-01-09 20:04:43,Sports Fixture,J009,Majestic,21619,Weekday,False,Light Rain,True,2.0,False,False,0.888,Severe,11.3,59.8,158.4,0.083,0.191,0.886,Heavy rain reducing visibility and grip - reduced speed and longer buffer advised
EVT428824,2026-06-08 15:32:07,Concert,J030,MG Road,10924,Weekday,False,Clear,False,0.0,False,False,0.426,Moderate,28.7,35.9,170.6,0.137,0.316,0.98,Moderate traffic flow - standard adaptive signal timing in effect
EVT428825,2026-05-26 14:28:09,Local Market Day,J012,Koramangala Sony World,4991,Weekday,False,Clear,False,0.0,False,False,0.298,Low,36.2,22.9,113.0,0.106,0.245,0.968,Moderate traffic flow - standard adaptive signal timing in effect
EVT428826,2025-02-02 20:23:56,Local Market Day,J031,Cubbon Road,3277,Weekend,False,Clear,False,0.0,False,False,0.523,Moderate,26.0,45.1,292.0,0.205,0.475,0.97,Moderate traffic flow - standard adaptive signal timing in effect
EVT428827,2026-02-27 18:45:13,Trade Fair,J040,City Market,6672,Weekday,False,Clear,False,0.0,False,False,1.0,Severe,10.5,75.0,225.5,0.125,0.289,0.919,Heavy congestion detected - signal timing extended and reroute suggested
EVT428828,2025-12-20 20:21:04,Concert,J020,Malleshwaram Circle,18834,Weekend,False,Light Rain,True,3.4,False,False,0.729,High,20.9,53.8,299.4,0.202,0.466,0.927,Heavy rain reducing visibility and grip - reduced speed and longer buffer advised
EVT428829,2025-04-18 07:30:25,Trade Fair,J031,Cubbon Road,8604,Weekday,False,Clear,False,0.0,False,False,0.641,High,24.0,48.6,282.9,0.198,0.458,0.979,Moderate traffic flow - standard adaptive signal timing in effect
EVT428830,2025-06-28 17:01:26,Local Market Day,J031,Cubbon Road,2729,Weekend,False,Light Rain,True,4.2,False,False,0.731,High,15.6,56.9,278.3,0.134,0.309,0.932,Heavy rain reducing visibility and grip - reduced speed and longer buffer advised
EVT428831,2026-06-28 14:44:39,Political Rally,J030,MG Road,12803,Weekend,False,Fog,False,0.0,False,False,0.324,Low,32.0,27.2,188.8,0.17,0.393,0.981,Moderate traffic flow - standard adaptive signal timing in effect
EVT428832,2026-02-18 09:25:10,Local Market Day,J011,Indiranagar 100ft Road,6661,Weekday,False,Clear,False,0.0,False,False,1.0,Severe,8.2,68.3,534.2,0.185,0.428,0.925,Heavy congestion detected - signal timing extended and reroute suggested
EVT428833,2026-04-03 08:20:01,Sports Fixture,J030,MG Road,17961,Weekday,False,Clear,False,0.0,False,False,0.937,Severe,13.1,66.7,501.0,0.271,0.626,0.936,Heavy congestion detected - signal timing extended and reroute suggested
EVT428834,2025-09-30 11:35:39,Concert,J040,City Market,11424,Weekday,False,Clear,False,0.0,False,False,0.3,Low,27.6,19.0,149.6,0.088,0.203,0.965,Moderate traffic flow - standard adaptive signal timing in effect
EVT428835,2026-01-15 19:01:03,Religious Festival,J012,Koramangala Sony World,25702,Weekday,True,Clear,False,0.0,False,False,1.0,Severe,7.9,71.3,721.1,0.232,0.537,0.88,Festival crowd surge detected - alternate route and extended cycle recommended
EVT428836,2025-01-05 09:30:13,Local Market Day,J011,Indiranagar 100ft Road,5514,Weekend,False,Clear,False,0.0,False,False,0.8,Severe,12.8,54.3,386.0,0.167,0.385,0.938,Heavy congestion detected - signal timing extended and reroute suggested
EVT428837,2025-10-06 08:02:46,Local Market Day,J031,Cubbon Road,4594,Weekday,False,Rain,True,11.0,False,False,0.92,Severe,11.3,67.5,349.7,0.148,0.342,0.877,Heavy rain reducing visibility and grip - reduced speed and longer buffer advised
EVT428838,2025-03-07 17:33:14,Sports Fixture,J020,Malleshwaram Circle,23049,Weekday,False,Clear,False,0.0,False,False,1.0,Severe,8.3,74.1,638.5,0.215,0.496,0.914,Heavy congestion detected - signal timing extended and reroute suggested
EVT428839,2025-02-24 21:10:55,Political Rally,J020,Malleshwaram Circle,17184,Weekday,False,Clear,False,0.0,False,False,0.415,Moderate,30.6,29.4,96.5,0.074,0.17,0.975,Moderate traffic flow - standard adaptive signal timing in effect
EVT428840,2025-04-13 19:12:47,Local Market Day,J031,Cubbon Road,4917,Weekend,False,Clear,False,0.0,False,False,0.84,Severe,16.6,64.9,375.5,0.201,0.464,0.938,Heavy congestion detected - signal timing extended and reroute suggested
EVT428841,2025-10-14 05:15:53,Concert,J009,Majestic,14253,Weekday,False,Heavy Rain,True,37.3,True,False,0.996,Severe,6.8,70.0,577.8,0.173,0.399,0.715,Accident detected nearby - reroute and reduced speed advised
EVT428842,2025-04-30 08:55:56,Trade Fair,J030,MG Road,10208,Weekday,False,Clear,False,0.0,False,False,1.0,Severe,8.8,72.6,537.5,0.207,0.478,0.911,Heavy congestion detected - signal timing extended and reroute suggested
EVT428843,2025-02-19 00:54:15,Sports Fixture,J031,Cubbon Road,10931,Weekday,False,Clear,False,0.0,False,False,0.259,Low,36.6,15.1,146.8,0.153,0.353,0.949,Moderate traffic flow - standard adaptive signal timing in effect
EVT428844,2026-03-06 09:16:16,Trade Fair,J011,Indiranagar 100ft Road,11523,Weekday,False,Clear,False,0.0,False,False,1.0,Severe,7.0,71.9,422.7,0.135,0.312,0.911,Heavy congestion detected - signal timing extended and reroute suggested
EVT428845,2025-03-26 21:01:23,Sports Fixture,J031,Cubbon Road,14169,Weekday,False,Clear,False,0.0,False,False,0.543,Moderate,18.8,39.4,263.6,0.161,0.373,0.953,Moderate traffic flow - standard adaptive signal timing in effect
EVT428846,2025-09-04 11:19:05,Concert,J012,Koramangala Sony World,15696,Weekday,False,Clear,False,0.0,False,False,0.38,Moderate,26.0,30.3,200.2,0.154,0.356,0.99,Moderate traffic flow - standard adaptive signal timing in effect
EVT428847,2025-12-28 17:37:49,Sports Fixture,J040,City Market,18008,Weekend,False,Clear,False,0.0,False,False,0.873,Severe,12.0,63.3,153.6,0.09,0.208,0.945,Heavy congestion detected - signal timing extended and reroute suggested
EVT428848,2025-01-28 18:26:11,Concert,J030,MG Road,10865,Weekday,False,Clear,False,0.0,False,False,1.0,Severe,8.1,69.7,583.2,0.203,0.469,0.932,Heavy congestion detected - signal timing extended and reroute suggested
EVT428849,2026-05-28 13:49:26,Concert,J012,Koramangala Sony World,12784,Weekday,False,Clear,False,0.0,False,False,0.279,Low,35.2,19.8,177.3,0.161,0.372,0.948,Moderate traffic flow - standard adaptive signal timing in effect
EVT428850,2025-08-20 10:05:33,Trade Fair,J031,Cubbon Road,6077,Weekday,False,Clear,False,0.0,False,False,0.887,Severe,15.7,62.3,401.5,0.228,0.527,0.941,Heavy congestion detected - signal timing extended and reroute suggested
EVT428851,2025-10-20 16:17:58,Religious Festival,J009,Majestic,53066,Weekday,True,Fog,False,0.0,False,True,1.0,Severe,7.7,105.6,906.7,0.321,0.742,0.844,Road closure for event/procession - full detour recommended for through-traffic
EVT428852,2025-07-24 17:09:26,Concert,J011,Indiranagar 100ft Road,13017,Weekday,False,Rain,True,9.8,False,False,0.992,Severe,8.6,62.9,1001.0,0.311,0.719,0.879,Heavy rain reducing visibility and grip - reduced speed and longer buffer advised
EVT428853,2026-04-24 18:49:24,Trade Fair,J011,Indiranagar 100ft Road,8475,Weekday,False,Clear,False,0.0,False,False,1.0,Severe,6.5,72.8,857.4,0.214,0.494,0.906,Heavy congestion detected - signal timing extended and reroute suggested
EVT428854,2026-05-30 19:16:12,Concert,J030,MG Road,16685,Weekend,False,Clear,False,0.0,False,False,0.892,Severe,8.6,56.9,477.0,0.184,0.426,0.943,Heavy congestion detected - signal timing extended and reroute suggested
EVT428855,2025-09-07 09:26:11,Concert,J040,City Market,11858,Weekend,False,Heavy Rain,True,26.3,False,False,1.0,Severe,6.4,71.8,336.3,0.108,0.25,0.86,Heavy rain reducing visibility and grip - reduced speed and longer buffer advised
EVT428856,2026-02-20 06:24:44,Local Market Day,J040,City Market,2704,Weekday,False,Clear,False,0.0,False,False,0.314,Low,32.4,21.7,192.3,0.157,0.364,0.985,Moderate traffic flow - standard adaptive signal timing in effect
EVT428857,2026-03-18 11:37:33,Trade Fair,J011,Indiranagar 100ft Road,8257,Weekday,False,Clear,False,0.0,False,False,0.327,Low,26.1,24.4,67.1,0.04,0.092,0.987,Moderate traffic flow - standard adaptive signal timing in effect
EVT428858,2025-02-09 14:53:45,Local Market Day,J011,Indiranagar 100ft Road,4889,Weekend,False,Clear,False,0.0,False,False,0.354,Moderate,28.9,32.3,214.2,0.164,0.38,0.973,Moderate traffic flow - standard adaptive signal timing in effect
EVT428859,2025-09-01 19:03:34,Sports Fixture,J023,Basavanagudi,16190,Weekday,False,Clear,False,0.0,False,False,0.982,Severe,9.7,68.3,357.1,0.165,0.381,0.908,Heavy congestion detected - signal timing extended and reroute suggested
EVT428860,2025-09-09 09:59:45,Concert,J023,Basavanagudi,6532,Weekday,False,Fog,False,0.0,False,False,0.857,Severe,17.0,64.0,193.0,0.118,0.272,0.93,Heavy congestion detected - signal timing extended and reroute suggested
EVT428861,2026-01-26 21:58:14,Fireworks Display,J012,Koramangala Sony World,44905,Weekday,True,Clear,False,0.0,False,False,0.752,Severe,18.0,53.3,155.8,0.106,0.245,0.909,Festival crowd surge detected - alternate route and extended cycle recommended
EVT428862,2025-08-04 08:00:02,Trade Fair,J020,Malleshwaram Circle,15339,Weekday,False,Clear,False,0.0,False,False,0.859,Severe,13.9,58.9,422.4,0.223,0.515,0.928,Heavy congestion detected - signal timing extended and reroute suggested
EVT428863,2025-03-07 18:07:31,Local Market Day,J009,Majestic,4291,Weekday,False,Clear,False,0.0,False,False,0.988,Severe,8.8,73.2,533.6,0.206,0.477,0.916,Heavy congestion detected - signal timing extended and reroute suggested
EVT428864,2025-11-22 13:27:45,Concert,J020,Malleshwaram Circle,15905,Weekend,False,Clear,False,0.0,False,False,0.366,Moderate,27.2,26.4,216.0,0.169,0.391,0.953,Moderate traffic flow - standard adaptive signal timing in effect
EVT428865,2025-01-29 18:39:37,Local Market Day,J012,Koramangala Sony World,6291,Weekday,False,Clear,False,0.0,False,False,1.0,Severe,8.9,78.2,630.8,0.233,0.538,0.913,Heavy congestion detected - signal timing extended and reroute suggested
EVT428866,2026-04-05 11:04:59,Trade Fair,J031,Cubbon Road,12748,Weekend,False,Clear,False,0.0,False,False,0.463,Moderate,23.4,35.3,209.3,0.151,0.349,0.941,Moderate traffic flow - standard adaptive signal timing in effect
EVT428867,2025-12-09 09:04:36,Concert,J020,Malleshwaram Circle,14146,Weekday,False,Clear,False,0.0,False,False,1.0,Severe,5.6,76.7,1314.4,0.304,0.703,0.915,Heavy congestion detected - signal timing extended and reroute suggested
EVT428868,2026-04-04 10:30:39,Trade Fair,J020,Malleshwaram Circle,5444,Weekend,False,Clear,False,0.0,False,False,0.588,High,24.7,42.0,230.7,0.164,0.379,0.977,Moderate traffic flow - standard adaptive signal timing in effect
EVT428869,2025-11-29 10:56:56,Trade Fair,J020,Malleshwaram Circle,12459,Weekend,False,Clear,False,0.0,False,False,0.473,Moderate,27.1,31.9,163.8,0.129,0.298,0.985,Moderate traffic flow - standard adaptive signal timing in effect
EVT428870,2025-10-11 14:35:25,Trade Fair,J030,MG Road,6889,Weekend,False,Clear,False,0.0,False,False,0.31,Low,32.6,20.3,124.3,0.113,0.261,0.961,Moderate traffic flow - standard adaptive signal timing in effect
EVT428871,2026-02-07 16:51:16,Sports Fixture,J030,MG Road,47109,Weekend,False,Clear,False,0.0,False,False,0.849,Severe,12.6,60.4,417.8,0.22,0.508,0.972,Heavy congestion detected - signal timing extended and reroute suggested
EVT428872,2025-07-28 17:57:58,Local Market Day,J012,Koramangala Sony World,2938,Weekday,False,Heavy Rain,True,50.6,False,False,1.0,Severe,9.6,74.0,453.4,0.187,0.433,0.859,Heavy rain reducing visibility and grip - reduced speed and longer buffer advised
EVT428873,2026-02-15 15:08:05,Sports Fixture,J020,Malleshwaram Circle,51313,Weekend,False,Clear,False,0.0,False,False,0.684,High,17.2,51.7,219.6,0.146,0.338,0.984,Moderate traffic flow - standard adaptive signal timing in effect
EVT428874,2025-01-28 16:54:27,Trade Fair,J020,Malleshwaram Circle,6964,Weekday,False,Clear,False,0.0,False,False,0.722,High,16.5,44.4,417.0,0.233,0.537,0.976,Moderate traffic flow - standard adaptive signal timing in effect
EVT428875,2025-11-03 11:56:11,Local Market Day,J023,Basavanagudi,2604,Weekday,False,Clear,False,0.0,False,False,0.231,Low,39.5,18.3,112.6,0.116,0.269,0.972,Normal free-flow traffic - standard signal timing maintained
EVT428876,2026-05-01 18:29:16,Religious Festival,J020,Malleshwaram Circle,37268,Weekday,True,Light Rain,True,6.9,False,True,1.0,Severe,8.9,107.7,570.9,0.233,0.538,0.772,Road closure for event/procession - full detour recommended for through-traffic
EVT428877,2025-06-06 22:43:24,Trade Fair,J023,Basavanagudi,9024,Weekday,False,Heavy Rain,True,30.4,False,False,0.481,Moderate,17.7,39.2,284.5,0.174,0.401,0.879,Light rain detected - minor speed reduction advised
EVT428878,2025-08-19 08:59:50,Local Market Day,J040,City Market,2255,Weekday,False,Clear,False,0.0,False,False,1.0,Severe,8.4,68.6,262.1,0.093,0.214,0.886,Heavy congestion detected - signal timing extended and reroute suggested
EVT428879,2025-07-02 16:33:28,Local Market Day,J009,Majestic,6349,Weekday,False,Rain,True,12.0,False,False,0.685,High,16.4,45.1,493.4,0.249,0.576,0.918,Heavy rain reducing visibility and grip - reduced speed and longer buffer advised
EVT428880,2025-04-24 19:21:35,Local Market Day,J020,Malleshwaram Circle,3929,Weekday,False,Clear,False,0.0,False,False,0.927,Severe,12.4,72.6,473.2,0.229,0.53,0.946,Heavy congestion detected - signal timing extended and reroute suggested
EVT428881,2026-06-28 14:38:10,Trade Fair,J023,Basavanagudi,17192,Weekend,False,Rain,True,9.8,False,False,0.544,Moderate,20.2,43.3,261.3,0.183,0.422,0.932,Light rain detected - minor speed reduction advised
EVT428882,2025-06-12 10:19:39,Sports Fixture,J040,City Market,21539,Weekday,False,Fog,False,0.0,False,False,0.709,High,13.9,45.1,523.6,0.23,0.53,0.943,Moderate traffic flow - standard adaptive signal timing in effect
EVT428883,2026-01-04 20:44:37,Local Market Day,J020,Malleshwaram Circle,2895,Weekend,False,Light Rain,True,7.1,False,False,0.572,High,26.9,39.9,207.9,0.18,0.417,0.885,Heavy rain reducing visibility and grip - reduced speed and longer buffer advised
EVT428884,2025-10-17 04:23:00,Concert,J011,Indiranagar 100ft Road,11707,Weekday,False,Light Rain,True,6.7,False,False,0.294,Low,32.6,13.6,134.8,0.12,0.278,0.919,Light rain detected - minor speed reduction advised
EVT428885,2025-02-02 17:28:08,Local Market Day,J012,Koramangala Sony World,3097,Weekend,False,Clear,False,0.0,False,False,0.73,High,19.0,54.9,334.2,0.21,0.485,0.962,Moderate traffic flow - standard adaptive signal timing in effect
EVT428886,2026-05-13 16:57:08,Trade Fair,J040,City Market,7400,Weekday,False,Clear,False,0.0,False,False,0.674,High,17.4,46.9,300.1,0.169,0.391,0.99,Moderate traffic flow - standard adaptive signal timing in effect
EVT428887,2025-02-07 18:19:41,Concert,J009,Majestic,7520,Weekday,False,Clear,False,0.0,False,False,1.0,Severe,8.2,70.7,380.9,0.144,0.333,0.94,Heavy congestion detected - signal timing extended and reroute suggested
EVT428888,2026-03-18 14:20:26,Trade Fair,J040,City Market,5348,Weekday,False,Clear,False,0.0,False,False,0.25,Low,37.1,20.8,61.0,0.041,0.095,0.945,Moderate traffic flow - standard adaptive signal timing in effect
EVT428889,2025-02-21 19:01:59,Sports Fixture,J020,Malleshwaram Circle,18094,Weekday,False,Clear,False,0.0,False,False,1.0,Severe,7.2,71.0,729.9,0.224,0.518,0.919,Heavy congestion detected - signal timing extended and reroute suggested
EVT428890,2026-04-06 16:59:52,Concert,J040,City Market,10486,Weekday,False,Clear,False,0.0,False,False,0.736,High,20.1,59.6,258.0,0.174,0.402,0.962,Moderate traffic flow - standard adaptive signal timing in effect
EVT428891,2025-09-01 18:00:28,Trade Fair,J031,Cubbon Road,7822,Weekday,False,Clear,False,0.0,False,False,0.983,Severe,10.2,68.2,806.2,0.303,0.7,0.911,Heavy congestion detected - signal timing extended and reroute suggested
EVT428892,2026-04-20 08:24:24,Local Market Day,J009,Majestic,3194,Weekday,False,Clear,False,0.0,False,False,0.964,Severe,10.2,72.7,452.4,0.205,0.473,0.903,Heavy congestion detected - signal timing extended and reroute suggested
EVT428893,2026-05-19 14:03:28,Concert,J023,Basavanagudi,23274,Weekday,False,Light Rain,True,3.7,False,False,0.367,Moderate,38.3,30.3,96.1,0.087,0.202,0.882,Light rain detected - minor speed reduction advised
EVT428894,2026-01-03 20:51:10,Sports Fixture,J040,City Market,36746,Weekend,False,Clear,False,0.0,False,False,0.674,High,22.1,51.7,298.7,0.18,0.415,0.963,Moderate traffic flow - standard adaptive signal timing in effect
EVT428895,2026-03-28 16:34:41,Local Market Day,J023,Basavanagudi,3484,Weekend,False,Clear,False,0.0,False,False,0.595,High,19.7,44.7,236.7,0.143,0.33,0.981,Moderate traffic flow - standard adaptive signal timing in effect
EVT428896,2026-01-05 07:13:10,Trade Fair,J031,Cubbon Road,4210,Weekday,False,Clear,False,0.0,False,False,0.522,Moderate,24.4,35.5,323.9,0.218,0.503,0.981,Moderate traffic flow - standard adaptive signal timing in effect
EVT428897,2026-02-04 12:54:16,Sports Fixture,J011,Indiranagar 100ft Road,26373,Weekday,False,Clear,False,0.0,False,False,0.288,Low,32.6,14.7,153.9,0.126,0.29,0.959,Moderate traffic flow - standard adaptive signal timing in effect
EVT428898,2025-04-07 18:07:06,Religious Festival,J040,City Market,56799,Weekday,True,Clear,False,0.0,False,True,1.0,Severe,8.4,106.0,708.0,0.248,0.572,0.828,Road closure for event/procession - full detour recommended for through-traffic
EVT428899,2025-10-23 08:34:02,Trade Fair,J009,Majestic,13496,Weekday,False,Clear,False,0.0,False,False,1.0,Severe,8.7,68.6,708.9,0.241,0.557,0.918,Heavy congestion detected - signal timing extended and reroute suggested
EVT428900,2025-04-22 18:40:07,Trade Fair,J031,Cubbon Road,7946,Weekday,False,Clear,False,0.0,False,False,0.989,Severe,9.3,66.6,363.4,0.139,0.321,0.907,Heavy congestion detected - signal timing extended and reroute suggested
EVT428901,2026-01-19 11:34:29,Sports Fixture,J030,MG Road,22224,Weekday,False,Clear,False,0.0,False,False,0.497,Moderate,16.0,45.4,356.4,0.203,0.468,0.96,Moderate traffic flow - standard adaptive signal timing in effect
EVT428902,2025-10-08 22:20:41,Local Market Day,J020,Malleshwaram Circle,5474,Weekday,False,Clear,False,0.0,False,False,0.269,Low,31.5,16.4,102.3,0.067,0.155,0.973,Moderate traffic flow - standard adaptive signal timing in effect
EVT428903,2025-08-27 15:26:47,Religious Festival,J012,Koramangala Sony World,62103,Weekday,True,Clear,False,0.0,False,True,1.0,Severe,8.5,95.1,226.9,0.107,0.246,0.843,Road closure for event/procession - full detour recommended for through-traffic
EVT428904,2026-06-28 06:42:46,Trade Fair,J009,Majestic,11846,Weekend,False,Heavy Rain,True,41.4,False,False,0.672,High,17.6,47.8,287.4,0.156,0.36,0.928,Heavy rain reducing visibility and grip - reduced speed and longer buffer advised
EVT428905,2025-06-05 17:51:11,Local Market Day,J009,Majestic,3132,Weekday,False,Rain,True,14.5,False,False,1.0,Severe,8.6,75.9,670.2,0.224,0.517,0.852,Heavy rain reducing visibility and grip - reduced speed and longer buffer advised
EVT428906,2025-02-15 08:44:48,Local Market Day,J023,Basavanagudi,2972,Weekend,False,Rain,True,8.7,False,False,0.927,Severe,10.7,65.4,254.5,0.121,0.279,0.871,Heavy rain reducing visibility and grip - reduced speed and longer buffer advised
EVT428907,2025-08-17 09:57:24,Political Rally,J009,Majestic,12558,Weekend,False,Clear,False,0.0,False,False,0.776,Severe,13.3,53.6,325.4,0.152,0.351,0.95,Heavy congestion detected - signal timing extended and reroute suggested
EVT428908,2025-07-26 12:13:35,Local Market Day,J030,MG Road,4371,Weekend,False,Rain,True,9.4,False,False,0.431,Moderate,30.2,30.6,184.2,0.149,0.344,0.91,Light rain detected - minor speed reduction advised
EVT428909,2025-11-24 09:46:49,Concert,J023,Basavanagudi,8521,Weekday,False,Clear,False,0.0,False,False,0.909,Severe,10.8,63.4,408.0,0.164,0.378,0.934,Heavy congestion detected - signal timing extended and reroute suggested
EVT428910,2025-03-07 06:26:06,Sports Fixture,J020,Malleshwaram Circle,21810,Weekday,False,Clear,False,0.0,False,False,0.358,Moderate,27.7,27.8,178.6,0.142,0.329,0.969,Moderate traffic flow - standard adaptive signal timing in effect
EVT428911,2025-09-24 11:58:16,Sports Fixture,J011,Indiranagar 100ft Road,14823,Weekday,False,Clear,False,0.0,False,False,0.293,Low,28.8,24.2,245.8,0.188,0.434,0.977,Moderate traffic flow - standard adaptive signal timing in effect
EVT428912,2025-02-02 09:57:08,Sports Fixture,J023,Basavanagudi,17272,Weekend,False,Clear,False,0.0,False,False,0.893,Severe,10.0,64.7,459.7,0.18,0.416,0.941,Heavy congestion detected - signal timing extended and reroute suggested
EVT428913,2025-04-09 07:24:21,Sports Fixture,J020,Malleshwaram Circle,24653,Weekday,False,Clear,False,0.0,False,False,0.718,High,17.9,49.2,306.2,0.181,0.417,0.961,Moderate traffic flow - standard adaptive signal timing in effect
EVT428914,2025-01-09 12:39:21,Sports Fixture,J011,Indiranagar 100ft Road,26174,Weekday,False,Clear,False,0.0,False,False,0.294,Low,33.7,19.9,124.2,0.106,0.245,0.946,Moderate traffic flow - standard adaptive signal timing in effect
EVT428915,2026-05-09 17:45:04,Local Market Day,J011,Indiranagar 100ft Road,3271,Weekend,False,Clear,False,0.0,False,False,0.787,Severe,15.6,55.3,122.0,0.073,0.168,0.976,Heavy congestion detected - signal timing extended and reroute suggested
EVT428916,2025-06-29 17:07:18,Trade Fair,J040,City Market,8338,Weekend,False,Heavy Rain,True,31.3,False,False,0.993,Severe,9.8,70.6,588.7,0.232,0.537,0.862,Heavy rain reducing visibility and grip - reduced speed and longer buffer advised
EVT428917,2025-08-21 10:16:58,Concert,J009,Majestic,12967,Weekday,False,Clear,False,0.0,False,False,0.783,Severe,15.7,59.1,336.5,0.147,0.34,0.989,Heavy congestion detected - signal timing extended and reroute suggested
EVT428918,2026-05-19 09:42:50,Political Rally,J012,Koramangala Sony World,13113,Weekday,False,Clear,False,0.0,False,False,0.91,Severe,11.9,66.0,283.8,0.129,0.299,0.928,Heavy congestion detected - signal timing extended and reroute suggested
EVT428919,2025-09-11 20:23:52,Sports Fixture,J031,Cubbon Road,14984,Weekday,False,Clear,False,0.0,False,False,0.643,High,21.6,46.2,280.5,0.185,0.428,0.961,Moderate traffic flow - standard adaptive signal timing in effect
EVT428920,2025-05-28 15:29:43,Trade Fair,J030,MG Road,8637,Weekday,False,Clear,False,0.0,False,False,0.376,Moderate,29.4,29.5,234.9,0.175,0.405,0.973,Moderate traffic flow - standard adaptive signal timing in effect
EVT428921,2026-06-02 16:41:40,Concert,J011,Indiranagar 100ft Road,12905,Weekday,False,Clear,False,0.0,False,False,0.662,High,16.3,47.7,225.8,0.116,0.268,0.949,Moderate traffic flow - standard adaptive signal timing in effect
EVT428922,2026-01-23 11:19:23,Trade Fair,J020,Malleshwaram Circle,9411,Weekday,False,Clear,False,0.0,False,False,0.379,Moderate,23.9,31.7,211.5,0.149,0.344,0.989,Moderate traffic flow - standard adaptive signal timing in effect
EVT428923,2025-03-14 20:20:05,Religious Festival,J030,MG Road,56485,Weekday,True,Clear,False,0.0,False,True,1.0,Severe,7.3,96.7,386.6,0.119,0.274,0.814,Road closure for event/procession - full detour recommended for through-traffic
EVT428924,2025-12-09 21:08:14,Concert,J023,Basavanagudi,12175,Weekday,False,Clear,False,0.0,False,False,0.508,Moderate,24.4,36.9,127.7,0.068,0.157,0.971,Moderate traffic flow - standard adaptive signal timing in effect
EVT428925,2025-02-19 20:53:14,Local Market Day,J031,Cubbon Road,2925,Weekday,False,Clear,False,0.0,False,False,0.494,Moderate,24.0,38.7,177.1,0.119,0.274,0.966,Moderate traffic flow - standard adaptive signal timing in effect
EVT428926,2026-03-12 10:59:07,Political Rally,J011,Indiranagar 100ft Road,8092,Weekday,False,Clear,False,0.0,False,False,0.515,Moderate,26.8,37.2,223.8,0.17,0.393,0.956,Moderate traffic flow - standard adaptive signal timing in effect
EVT428927,2026-06-24 19:01:18,Sports Fixture,J023,Basavanagudi,7639,Weekday,False,Clear,False,0.0,False,False,1.0,Severe,8.6,68.4,596.7,0.217,0.502,0.899,Heavy congestion detected - signal timing extended and reroute suggested
EVT428928,2025-09-27 15:11:22,Trade Fair,J030,MG Road,13551,Weekend,False,Clear,False,0.0,False,False,0.346,Low,26.9,23.9,199.0,0.147,0.341,0.967,Moderate traffic flow - standard adaptive signal timing in effect
EVT428929,2025-02-07 10:31:20,Concert,J040,City Market,10851,Weekday,False,Clear,False,0.0,False,False,0.543,Moderate,25.2,34.7,229.8,0.171,0.396,0.958,Moderate traffic flow - standard adaptive signal timing in effect
EVT428930,2025-06-14 07:50:36,Political Rally,J009,Majestic,10920,Weekend,False,Heavy Rain,True,31.6,False,False,0.931,Severe,10.6,68.6,489.8,0.197,0.454,0.884,Heavy rain reducing visibility and grip - reduced speed and longer buffer advised
EVT428931,2026-05-29 14:38:36,Concert,J031,Cubbon Road,14136,Weekday,False,Rain,True,7.6,False,False,0.333,Low,30.8,27.6,179.1,0.13,0.3,0.908,Light rain detected - minor speed reduction advised
EVT428932,2025-02-13 16:54:44,Political Rally,J031,Cubbon Road,12671,Weekday,False,Clear,False,0.0,False,False,0.792,Severe,15.0,53.8,451.8,0.224,0.518,0.933,Heavy congestion detected - signal timing extended and reroute suggested
EVT428933,2026-02-26 09:11:10,Concert,J012,Koramangala Sony World,10579,Weekday,False,Clear,False,0.0,False,False,1.0,Severe,10.2,71.5,562.3,0.253,0.584,0.907,Heavy congestion detected - signal timing extended and reroute suggested
EVT428934,2026-05-29 15:27:50,Sports Fixture,J040,City Market,18274,Weekday,False,Rain,True,9.8,False,False,0.474,Moderate,18.0,33.7,184.2,0.101,0.234,0.912,Light rain detected - minor speed reduction advised
EVT428935,2026-03-05 16:44:14,Religious Festival,J011,Indiranagar 100ft Road,40050,Weekday,True,Clear,False,0.0,False,True,1.0,Severe,9.2,104.5,623.2,0.253,0.584,0.808,Road closure for event/procession - full detour recommended for through-traffic
EVT428936,2026-03-06 08:59:48,Political Rally,J030,MG Road,14133,Weekday,False,Clear,False,0.0,False,False,1.0,Severe,7.4,68.5,386.7,0.138,0.318,0.917,Heavy congestion detected - signal timing extended and reroute suggested
EVT428937,2025-06-21 19:46:04,Local Market Day,J030,MG Road,6777,Weekend,False,Clear,False,0.0,False,False,0.672,High,19.7,54.6,336.8,0.192,0.445,0.969,Moderate traffic flow - standard adaptive signal timing in effect
EVT428938,2025-02-02 07:20:19,Sports Fixture,J031,Cubbon Road,15369,Weekend,False,Clear,False,0.0,False,False,0.525,Moderate,19.6,37.8,164.0,0.078,0.179,0.944,Moderate traffic flow - standard adaptive signal timing in effect
EVT428939,2025-06-26 10:11:54,Concert,J023,Basavanagudi,9376,Weekday,False,Clear,False,0.0,False,False,0.757,Severe,17.6,53.5,383.4,0.229,0.528,0.959,Heavy congestion detected - signal timing extended and reroute suggested
EVT428940,2026-02-01 10:31:45,Sports Fixture,J011,Indiranagar 100ft Road,18586,Weekend,False,Clear,False,0.0,False,False,0.648,High,19.8,42.5,125.5,0.076,0.176,0.97,Moderate traffic flow - standard adaptive signal timing in effect
EVT428941,2025-11-08 12:58:47,Sports Fixture,J011,Indiranagar 100ft Road,10134,Weekend,False,Rain,True,11.6,False,False,0.45,Moderate,28.9,30.2,213.6,0.18,0.416,0.902,Light rain detected - minor speed reduction advised
EVT428942,2026-03-06 19:46:49,Concert,J030,MG Road,8716,Weekday,False,Clear,False,0.0,False,False,0.765,Severe,15.0,56.4,242.5,0.13,0.3,0.936,Heavy congestion detected - signal timing extended and reroute suggested
EVT428943,2025-04-30 18:11:21,Political Rally,J011,Indiranagar 100ft Road,8858,Weekday,False,Clear,False,0.0,False,False,0.995,Severe,8.7,68.7,642.6,0.232,0.537,0.889,Heavy congestion detected - signal timing extended and reroute suggested
EVT428944,2025-08-13 07:01:56,Local Market Day,J040,City Market,2085,Weekday,False,Clear,False,0.0,False,False,0.373,Moderate,20.7,24.9,305.1,0.193,0.445,0.933,Moderate traffic flow - standard adaptive signal timing in effect
EVT428945,2026-03-20 18:36:35,Cultural Procession,J040,City Market,24534,Weekday,True,Clear,False,0.0,False,False,1.0,Severe,8.2,68.7,886.2,0.318,0.736,0.853,Festival crowd surge detected - alternate route and extended cycle recommended
EVT428946,2025-10-24 07:56:46,Concert,J031,Cubbon Road,9572,Weekday,False,Clear,False,0.0,False,False,0.757,Severe,16.1,58.4,242.6,0.139,0.321,0.96,Heavy congestion detected - signal timing extended and reroute suggested
EVT428947,2026-06-02 19:43:27,Local Market Day,J011,Indiranagar 100ft Road,2922,Weekday,False,Rain,True,13.3,False,False,0.959,Severe,9.8,72.3,254.2,0.101,0.233,0.862,Heavy rain reducing visibility and grip - reduced speed and longer buffer advised
EVT428948,2026-03-07 14:26:38,Political Rally,J020,Malleshwaram Circle,10787,Weekend,False,Clear,False,0.0,False,False,0.333,Low,25.9,30.1,221.1,0.156,0.36,0.932,Moderate traffic flow - standard adaptive signal timing in effect
EVT428949,2025-09-11 08:25:47,Concert,J040,City Market,6354,Weekday,False,Clear,False,0.0,False,False,0.925,Severe,9.7,66.0,663.2,0.263,0.608,0.911,Heavy congestion detected - signal timing extended and reroute suggested
EVT428950,2025-11-17 05:10:32,Political Rally,J030,MG Road,30252,Weekday,False,Fog,False,0.0,False,False,0.379,Moderate,27.3,22.3,134.0,0.082,0.189,0.935,Moderate traffic flow - standard adaptive signal timing in effect
EVT428951,2025-06-28 08:03:39,Local Market Day,J031,Cubbon Road,4259,Weekend,False,Clear,False,0.0,False,False,0.709,High,19.4,54.1,166.7,0.095,0.22,0.974,Moderate traffic flow - standard adaptive signal timing in effect
EVT428952,2025-03-03 08:19:28,Concert,J023,Basavanagudi,11702,Weekday,False,Clear,False,0.0,False,False,0.945,Severe,7.7,67.7,613.0,0.187,0.433,0.93,Heavy congestion detected - signal timing extended and reroute suggested
EVT428953,2025-11-13 12:42:18,Trade Fair,J040,City Market,6991,Weekday,False,Rain,True,16.1,False,False,0.446,Moderate,25.8,33.8,204.4,0.154,0.356,0.921,Light rain detected - minor speed reduction advised
EVT428954,2025-10-14 08:25:44,Trade Fair,J009,Majestic,10526,Weekday,False,Clear,False,0.0,False,False,0.937,Severe,10.5,64.8,564.6,0.228,0.526,0.955,Heavy congestion detected - signal timing extended and reroute suggested
EVT428955,2025-11-11 17:42:57,Local Market Day,J023,Basavanagudi,2469,Weekday,False,Clear,False,0.0,False,False,0.868,Severe,13.1,68.6,429.9,0.201,0.464,0.924,Heavy congestion detected - signal timing extended and reroute suggested
EVT428956,2026-03-06 10:02:26,Sports Fixture,J023,Basavanagudi,24568,Weekday,False,Clear,False,0.0,False,False,0.923,Severe,10.0,59.2,425.1,0.167,0.386,0.93,Heavy congestion detected - signal timing extended and reroute suggested
EVT428957,2025-05-10 13:36:03,Political Rally,J040,City Market,10584,Weekend,False,Clear,False,0.0,False,False,0.301,Low,27.4,24.4,125.7,0.09,0.208,0.967,Moderate traffic flow - standard adaptive signal timing in effect
EVT428958,2026-01-25 11:15:50,Concert,J040,City Market,9025,Weekend,False,Clear,False,0.0,False,False,0.417,Moderate,27.8,24.5,196.0,0.149,0.344,0.97,Moderate traffic flow - standard adaptive signal timing in effect
EVT428959,2026-06-15 09:26:24,Sports Fixture,J012,Koramangala Sony World,25747,Weekday,False,Heavy Rain,True,65.7,False,False,1.0,Severe,8.2,69.6,678.3,0.235,0.544,0.871,Heavy rain reducing visibility and grip - reduced speed and longer buffer advised
EVT428960,2025-05-07 16:15:06,Trade Fair,J040,City Market,13538,Weekday,False,Clear,False,0.0,False,False,0.505,Moderate,27.9,33.5,166.6,0.114,0.264,0.963,Moderate traffic flow - standard adaptive signal timing in effect
EVT428961,2025-04-25 14:35:35,Concert,J011,Indiranagar 100ft Road,18316,Weekday,False,Clear,False,0.0,False,False,0.303,Low,33.8,26.2,126.0,0.115,0.265,0.955,Moderate traffic flow - standard adaptive signal timing in effect
EVT428962,2025-03-08 08:14:39,Concert,J020,Malleshwaram Circle,10609,Weekend,False,Clear,False,0.0,False,False,0.818,Severe,13.1,61.0,476.6,0.236,0.546,0.955,Heavy congestion detected - signal timing extended and reroute suggested
EVT428963,2025-02-18 08:25:05,Political Rally,J011,Indiranagar 100ft Road,13057,Weekday,False,Clear,False,0.0,False,False,0.997,Severe,9.0,66.8,471.1,0.167,0.386,0.908,Heavy congestion detected - signal timing extended and reroute suggested
EVT428964,2025-09-26 19:23:31,Concert,J012,Koramangala Sony World,13638,Weekday,False,Heavy Rain,True,60.2,False,False,1.0,Severe,8.4,69.3,247.3,0.096,0.222,0.882,Heavy rain reducing visibility and grip - reduced speed and longer buffer advised
EVT428965,2025-01-30 21:56:20,Concert,J009,Majestic,23095,Weekday,False,Clear,False,0.0,False,False,0.347,Low,34.5,26.4,203.9,0.203,0.469,0.925,Moderate traffic flow - standard adaptive signal timing in effect
EVT428966,2026-04-01 08:38:16,Sports Fixture,J009,Majestic,45464,Weekday,False,Clear,False,0.0,False,False,1.0,Severe,8.2,68.7,665.1,0.223,0.516,0.921,Heavy congestion detected - signal timing extended and reroute suggested
EVT428967,2025-03-12 08:38:08,Political Rally,J012,Koramangala Sony World,10013,Weekday,False,Clear,False,0.0,False,False,1.0,Severe,8.8,69.1,713.8,0.258,0.596,0.909,Heavy congestion detected - signal timing extended and reroute suggested
EVT428968,2026-03-26 13:39:14,Religious Festival,J030,MG Road,31209,Weekday,True,Clear,False,0.0,False,False,0.602,High,17.9,35.2,254.9,0.156,0.361,0.914,Festival crowd surge detected - alternate route and extended cycle recommended
EVT428969,2026-05-24 18:25:50,Trade Fair,J011,Indiranagar 100ft Road,11157,Weekend,False,Clear,False,0.0,False,False,0.941,Severe,10.8,69.2,447.5,0.207,0.477,0.937,Heavy congestion detected - signal timing extended and reroute suggested
EVT428970,2025-12-23 21:39:04,Trade Fair,J020,Malleshwaram Circle,11457,Weekday,False,Clear,False,0.0,False,False,0.325,Low,28.0,23.9,203.8,0.159,0.368,0.956,Moderate traffic flow - standard adaptive signal timing in effect
EVT428971,2025-06-12 17:50:18,Local Market Day,J031,Cubbon Road,2680,Weekday,False,Clear,False,0.0,False,False,0.916,Severe,11.9,68.1,529.9,0.249,0.574,0.929,Heavy congestion detected - signal timing extended and reroute suggested
EVT428972,2025-08-05 17:26:50,Sports Fixture,J023,Basavanagudi,28441,Weekday,False,Clear,False,0.0,False,False,0.903,Severe,11.8,68.9,490.5,0.213,0.491,0.946,Heavy congestion detected - signal timing extended and reroute suggested
EVT428973,2025-06-09 22:35:44,Local Market Day,J012,Koramangala Sony World,3740,Weekday,False,Clear,False,0.0,False,False,0.138,Low,29.5,5.8,74.4,0.048,0.111,0.944,Normal free-flow traffic - standard signal timing maintained
EVT428974,2025-09-22 11:58:32,Sports Fixture,J031,Cubbon Road,17586,Weekday,False,Clear,False,0.0,False,False,0.299,Low,31.2,20.2,119.5,0.109,0.252,0.943,Moderate traffic flow - standard adaptive signal timing in effect
EVT428975,2026-03-07 21:56:41,Concert,J009,Majestic,13914,Weekend,False,Clear,False,0.0,False,False,0.371,Moderate,31.8,28.6,70.9,0.057,0.132,0.947,Moderate traffic flow - standard adaptive signal timing in effect
EVT428976,2025-08-02 10:54:18,Sports Fixture,J009,Majestic,35823,Weekend,False,Clear,False,0.0,False,False,0.705,High,15.2,46.5,297.0,0.148,0.342,0.946,Moderate traffic flow - standard adaptive signal timing in effect
EVT428977,2026-02-24 22:40:46,Sports Fixture,J023,Basavanagudi,20987,Weekday,False,Clear,False,0.0,False,False,0.445,Moderate,28.8,29.4,160.2,0.111,0.257,0.958,Moderate traffic flow - standard adaptive signal timing in effect
EVT428978,2025-03-02 10:59:14,Trade Fair,J031,Cubbon Road,11934,Weekend,False,Clear,False,0.0,False,False,0.486,Moderate,24.1,37.9,295.2,0.215,0.497,0.968,Moderate traffic flow - standard adaptive signal timing in effect
EVT428979,2025-04-25 19:21:45,Trade Fair,J012,Koramangala Sony World,9404,Weekday,False,Clear,False,0.0,False,False,0.953,Severe,12.9,68.0,242.7,0.122,0.282,0.915,Heavy congestion detected - signal timing extended and reroute suggested
EVT428980,2025-08-10 20:19:18,Local Market Day,J040,City Market,4373,Weekend,False,Clear,False,0.0,False,False,0.568,High,21.4,40.1,245.1,0.148,0.342,0.954,Moderate traffic flow - standard adaptive signal timing in effect
EVT428981,2025-05-01 14:29:33,Religious Festival,J030,MG Road,40216,Weekday,True,Clear,False,0.0,False,False,0.644,High,17.4,49.4,351.0,0.213,0.493,0.909,Festival crowd surge detected - alternate route and extended cycle recommended
EVT428982,2025-12-18 15:05:53,Sports Fixture,J020,Malleshwaram Circle,18956,Weekday,False,Clear,False,0.0,False,False,0.366,Moderate,33.7,24.6,164.5,0.141,0.326,0.978,Moderate traffic flow - standard adaptive signal timing in effect
EVT428983,2026-04-21 09:10:22,Trade Fair,J030,MG Road,13795,Weekday,False,Clear,False,0.0,False,False,1.0,Severe,8.1,73.6,328.9,0.105,0.243,0.908,Heavy congestion detected - signal timing extended and reroute suggested
EVT428984,2026-02-19 18:34:38,Local Market Day,J023,Basavanagudi,4998,Weekday,False,Clear,False,0.0,False,False,1.0,Severe,8.3,75.8,512.3,0.189,0.437,0.922,Heavy congestion detected - signal timing extended and reroute suggested
EVT428985,2025-04-01 13:05:59,Concert,J009,Majestic,19751,Weekday,False,Clear,False,0.0,False,False,0.281,Low,29.8,16.9,133.0,0.105,0.243,0.98,Moderate traffic flow - standard adaptive signal timing in effect
EVT428986,2025-09-01 20:53:51,Political Rally,J011,Indiranagar 100ft Road,12798,Weekday,False,Clear,False,0.0,False,False,0.436,Moderate,29.5,31.5,153.6,0.141,0.327,0.949,Moderate traffic flow - standard adaptive signal timing in effect
EVT428987,2026-01-16 20:57:37,Concert,J009,Majestic,9178,Weekday,False,Clear,False,0.0,False,False,0.498,Moderate,26.7,38.5,176.4,0.131,0.303,0.972,Moderate traffic flow - standard adaptive signal timing in effect
EVT428988,2026-01-30 18:32:57,Local Market Day,J020,Malleshwaram Circle,3257,Weekday,False,Clear,False,0.0,False,False,1.0,Severe,7.0,66.7,484.5,0.152,0.351,0.913,Heavy congestion detected - signal timing extended and reroute suggested
EVT428989,2025-03-06 08:52:56,Local Market Day,J012,Koramangala Sony World,3966,Weekday,False,Fog,False,0.0,False,False,0.948,Severe,8.4,70.7,417.8,0.145,0.336,0.922,Heavy congestion detected - signal timing extended and reroute suggested
EVT428990,2025-03-15 08:11:52,Cultural Procession,J012,Koramangala Sony World,25442,Weekend,True,Clear,False,0.0,False,True,1.0,Severe,9.1,101.0,783.1,0.286,0.661,0.848,Road closure for event/procession - full detour recommended for through-traffic
EVT428991,2026-05-23 16:31:48,Sports Fixture,J011,Indiranagar 100ft Road,32927,Weekend,False,Clear,False,0.0,False,False,0.759,Severe,17.4,52.3,326.5,0.176,0.407,0.988,Heavy congestion detected - signal timing extended and reroute suggested
EVT428992,2025-10-07 17:32:55,Local Market Day,J030,MG Road,4485,Weekday,False,Rain,True,16.2,False,False,1.0,Severe,9.4,67.1,547.5,0.19,0.44,0.907,Heavy rain reducing visibility and grip - reduced speed and longer buffer advised
EVT428993,2025-04-07 10:08:41,Religious Festival,J011,Indiranagar 100ft Road,46319,Weekday,True,Clear,False,0.0,False,True,1.0,Severe,9.7,98.2,612.1,0.257,0.595,0.825,Road closure for event/procession - full detour recommended for through-traffic
EVT428994,2026-02-04 19:20:47,Local Market Day,J023,Basavanagudi,4907,Weekday,False,Fog,False,0.0,False,False,0.904,Severe,10.9,67.2,395.4,0.162,0.373,0.937,Heavy congestion detected - signal timing extended and reroute suggested
EVT428995,2025-12-10 17:32:37,Trade Fair,J023,Basavanagudi,10955,Weekday,False,Clear,False,0.0,False,False,0.943,Severe,11.2,59.6,493.9,0.204,0.472,0.922,Heavy congestion detected - signal timing extended and reroute suggested
EVT428996,2025-04-14 17:37:33,Religious Festival,J009,Majestic,40269,Weekday,True,Clear,False,0.0,False,False,1.0,Severe,9.8,66.3,319.7,0.132,0.305,0.868,Festival crowd surge detected - alternate route and extended cycle recommended
EVT428997,2026-03-15 11:59:01,Trade Fair,J031,Cubbon Road,13300,Weekend,False,Clear,False,0.0,False,False,0.364,Moderate,31.6,23.3,157.5,0.146,0.336,0.955,Moderate traffic flow - standard adaptive signal timing in effect
EVT428998,2025-01-29 17:48:49,Concert,J011,Indiranagar 100ft Road,15630,Weekday,False,Clear,False,0.0,False,False,0.985,Severe,5.2,70.5,1227.4,0.259,0.598,0.912,Heavy congestion detected - signal timing extended and reroute suggested
EVT428999,2025-09-09 19:37:23,Trade Fair,J009,Majestic,14254,Weekday,False,Clear,False,0.0,False,False,0.807,Severe,17.0,59.9,511.9,0.303,0.701,0.959,Heavy congestion detected - signal timing extended and reroute suggested
EVT429000,2025-09-11 19:14:39,Local Market Day,J031,Cubbon Road,5830,Weekday,False,Clear,False,0.0,False,False,0.941,Severe,8.7,64.9,508.6,0.173,0.401,0.929,Heavy congestion detected - signal timing extended and reroute suggested
EVT429001,2026-02-10 10:15:37,Political Rally,J009,Majestic,14667,Weekday,False,Clear,False,0.0,False,False,0.834,Severe,14.2,57.7,424.8,0.223,0.514,0.972,Heavy congestion detected - signal timing extended and reroute suggested
EVT429002,2025-03-08 08:37:42,Sports Fixture,J011,Indiranagar 100ft Road,23461,Weekend,False,Clear,False,0.0,False,False,0.95,Severe,10.4,68.4,316.6,0.114,0.264,0.938,Heavy congestion detected - signal timing extended and reroute suggested
EVT429003,2026-05-24 15:23:00,Political Rally,J020,Malleshwaram Circle,27142,Weekend,False,Clear,False,0.0,False,False,0.392,Moderate,29.5,32.9,147.0,0.131,0.304,0.989,Moderate traffic flow - standard adaptive signal timing in effect
EVT429004,2025-09-20 13:23:13,Concert,J012,Koramangala Sony World,19295,Weekend,False,Heavy Rain,True,40.3,False,False,0.802,Severe,15.8,55.1,314.0,0.162,0.375,0.89,Heavy rain reducing visibility and grip - reduced speed and longer buffer advised
EVT429005,2025-11-02 11:28:25,Cultural Procession,J009,Majestic,24902,Weekend,True,Clear,False,0.0,False,True,0.828,High,13.3,71.5,333.7,0.165,0.382,0.861,Road closure for event/procession - full detour recommended for through-traffic
EVT429006,2026-04-21 18:52:30,Concert,J009,Majestic,12583,Weekday,False,Clear,False,0.0,False,False,1.0,Severe,9.3,68.4,983.4,0.369,0.852,0.88,Heavy congestion detected - signal timing extended and reroute suggested
EVT429007,2026-04-17 17:52:02,Concert,J023,Basavanagudi,11572,Weekday,False,Clear,False,0.0,True,False,1.0,Severe,8.0,68.1,420.6,0.16,0.37,0.769,Accident detected nearby - reroute and reduced speed advised
EVT429008,2025-07-02 21:55:58,Local Market Day,J023,Basavanagudi,4703,Weekday,False,Fog,False,0.0,False,False,0.249,Low,38.0,20.5,137.6,0.139,0.321,0.955,Normal free-flow traffic - standard signal timing maintained
EVT429009,2026-06-16 19:56:26,Trade Fair,J023,Basavanagudi,4905,Weekday,False,Light Rain,True,7.3,False,False,0.88,Severe,14.3,63.8,214.5,0.131,0.303,0.897,Heavy rain reducing visibility and grip - reduced speed and longer buffer advised
EVT429010,2025-09-28 21:13:55,Trade Fair,J020,Malleshwaram Circle,5999,Weekend,False,Rain,True,8.1,False,False,0.546,Moderate,22.4,37.9,289.4,0.195,0.451,0.939,Light rain detected - minor speed reduction advised
EVT429011,2025-01-26 19:44:18,Cultural Procession,J009,Majestic,19942,Weekend,True,Clear,False,0.0,False,True,1.0,Severe,7.4,101.6,833.1,0.287,0.664,0.84,Road closure for event/procession - full detour recommended for through-traffic
EVT429012,2026-05-23 17:47:17,Local Market Day,J012,Koramangala Sony World,4222,Weekend,False,Clear,False,0.0,False,False,0.81,Severe,20.1,60.9,272.5,0.18,0.416,0.973,Heavy congestion detected - signal timing extended and reroute suggested
EVT429013,2025-10-09 08:26:00,Trade Fair,J012,Koramangala Sony World,16284,Weekday,False,Clear,False,0.0,False,False,0.995,Severe,9.1,70.3,375.4,0.154,0.356,0.915,Heavy congestion detected - signal timing extended and reroute suggested
EVT429014,2025-05-19 17:22:53,Trade Fair,J011,Indiranagar 100ft Road,11940,Weekday,False,Clear,False,0.0,False,False,0.835,Severe,14.5,57.8,395.3,0.201,0.465,0.959,Heavy congestion detected - signal timing extended and reroute suggested
EVT429015,2026-05-31 16:51:00,Trade Fair,J031,Cubbon Road,6405,Weekend,False,Clear,False,0.0,False,False,0.632,High,17.8,37.2,228.3,0.134,0.31,0.939,Moderate traffic flow - standard adaptive signal timing in effect
EVT429016,2026-06-17 09:53:28,Sports Fixture,J031,Cubbon Road,29442,Weekday,False,Heavy Rain,True,38.3,False,False,1.0,Severe,7.5,74.5,349.4,0.117,0.271,0.877,Heavy rain reducing visibility and grip - reduced speed and longer buffer advised
EVT429017,2026-03-07 06:48:29,Local Market Day,J009,Majestic,4909,Weekend,False,Clear,False,0.0,False,False,0.468,Moderate,27.6,37.2,180.6,0.132,0.305,0.975,Moderate traffic flow - standard adaptive signal timing in effect
EVT429018,2026-06-01 19:42:38,Local Market Day,J009,Majestic,2895,Weekday,False,Clear,False,0.0,False,False,0.785,Severe,16.3,57.8,257.9,0.157,0.364,0.975,Heavy congestion detected - signal timing extended and reroute suggested
EVT429019,2025-05-18 11:17:43,Sports Fixture,J009,Majestic,32142,Weekend,False,Clear,False,0.0,False,False,0.574,High,26.7,39.5,253.3,0.191,0.442,0.964,Moderate traffic flow - standard adaptive signal timing in effect
EVT429020,2025-07-14 20:34:51,Sports Fixture,J023,Basavanagudi,12130,Weekday,False,Clear,False,0.0,False,False,0.534,Moderate,27.2,43.5,158.6,0.105,0.242,0.963,Moderate traffic flow - standard adaptive signal timing in effect
EVT429021,2025-03-14 23:51:11,Religious Festival,J020,Malleshwaram Circle,43870,Weekday,True,Clear,False,0.0,False,True,0.783,High,18.5,67.5,390.1,0.241,0.557,0.904,Road closure for event/procession - full detour recommended for through-traffic
EVT429022,2025-12-24 18:10:45,Local Market Day,J023,Basavanagudi,7107,Weekday,False,Clear,False,0.0,False,False,0.984,Severe,7.8,74.7,489.4,0.166,0.384,0.903,Heavy congestion detected - signal timing extended and reroute suggested
EVT429023,2025-06-10 14:34:49,Local Market Day,J020,Malleshwaram Circle,2417,Weekday,False,Heavy Rain,True,37.9,False,False,0.543,Moderate,17.1,36.7,278.3,0.164,0.379,0.924,Light rain detected - minor speed reduction advised
EVT429024,2026-04-18 16:06:59,Political Rally,J012,Koramangala Sony World,29893,Weekend,False,Clear,False,0.0,False,False,0.598,High,24.2,44.4,110.5,0.066,0.152,0.976,Moderate traffic flow - standard adaptive signal timing in effect
EVT429025,2025-09-23 07:14:00,Trade Fair,J040,City Market,7507,Weekday,False,Rain,True,16.0,False,False,0.642,High,16.8,49.3,338.4,0.22,0.509,0.935,Heavy rain reducing visibility and grip - reduced speed and longer buffer advised
EVT429026,2026-04-19 19:49:28,Concert,J030,MG Road,10941,Weekend,False,Clear,False,0.0,False,False,0.83,Severe,12.9,56.4,466.9,0.211,0.488,0.935,Heavy congestion detected - signal timing extended and reroute suggested
EVT429027,2025-04-13 13:05:54,Trade Fair,J040,City Market,5596,Weekend,False,Clear,False,0.0,False,False,0.238,Low,25.2,19.3,286.4,0.153,0.353,0.956,Normal free-flow traffic - standard signal timing maintained
EVT429028,2025-07-05 15:05:09,Concert,J011,Indiranagar 100ft Road,6737,Weekend,False,Clear,False,0.0,False,False,0.319,Low,28.7,21.0,125.5,0.091,0.211,0.933,Moderate traffic flow - standard adaptive signal timing in effect
EVT429029,2025-07-30 06:13:05,Concert,J009,Majestic,5436,Weekday,False,Rain,True,11.4,False,False,0.447,Moderate,29.3,26.3,63.8,0.037,0.086,0.926,Light rain detected - minor speed reduction advised
EVT429030,2026-06-16 09:01:05,Local Market Day,J012,Koramangala Sony World,4564,Weekday,False,Clear,False,0.0,False,False,0.988,Severe,8.6,69.3,577.9,0.199,0.46,0.926,Heavy congestion detected - signal timing extended and reroute suggested
EVT429031,2026-05-14 10:09:05,Trade Fair,J023,Basavanagudi,10965,Weekday,False,Clear,False,0.0,False,False,0.781,Severe,17.6,57.3,366.9,0.232,0.537,0.962,Heavy congestion detected - signal timing extended and reroute suggested
EVT429032,2025-12-02 09:09:40,Local Market Day,J012,Koramangala Sony World,2972,Weekday,False,Clear,False,0.0,False,False,0.987,Severe,10.0,75.4,329.8,0.139,0.321,0.903,Heavy congestion detected - signal timing extended and reroute suggested
EVT429033,2025-04-18 15:28:35,Concert,J011,Indiranagar 100ft Road,14532,Weekday,False,Clear,False,0.0,False,False,0.418,Moderate,32.6,26.4,155.3,0.142,0.329,0.969,Moderate traffic flow - standard adaptive signal timing in effect
EVT429034,2026-01-26 08:08:54,Cultural Procession,J030,MG Road,22867,Weekday,True,Clear,False,0.0,False,True,1.0,Severe,7.4,104.2,422.9,0.157,0.363,0.828,Road closure for event/procession - full detour recommended for through-traffic
EVT429035,2025-02-23 18:33:12,Sports Fixture,J030,MG Road,18942,Weekend,False,Clear,False,0.0,False,False,0.909,Severe,12.7,68.8,316.6,0.15,0.347,0.944,Heavy congestion detected - signal timing extended and reroute suggested
EVT429036,2025-01-22 20:20:17,Sports Fixture,J020,Malleshwaram Circle,43693,Weekday,False,Clear,False,0.0,False,False,0.874,Severe,12.4,64.4,565.1,0.266,0.613,0.929,Heavy congestion detected - signal timing extended and reroute suggested
EVT429037,2025-10-15 09:46:35,Political Rally,J009,Majestic,12293,Weekday,False,Clear,False,0.0,False,False,0.914,Severe,10.8,69.6,626.7,0.241,0.556,0.91,Heavy congestion detected - signal timing extended and reroute suggested
EVT429038,2026-02-19 14:22:35,Sports Fixture,J040,City Market,16091,Weekday,False,Clear,False,0.0,False,False,0.241,Low,33.9,19.0,199.1,0.169,0.39,0.97,Normal free-flow traffic - standard signal timing maintained
EVT429039,2026-05-21 16:20:48,Local Market Day,J009,Majestic,2380,Weekday,False,Clear,False,0.0,False,False,0.519,Moderate,18.7,32.4,176.0,0.105,0.242,0.971,Moderate traffic flow - standard adaptive signal timing in effect
EVT429040,2026-06-25 18:33:41,Sports Fixture,J009,Majestic,17325,Weekday,False,Rain,True,10.1,False,False,1.0,Severe,7.2,65.4,535.8,0.177,0.408,0.887,Heavy rain reducing visibility and grip - reduced speed and longer buffer advised
EVT429041,2026-03-20 08:08:16,Fireworks Display,J023,Basavanagudi,37818,Weekday,True,Rain,True,7.9,False,False,1.0,Severe,9.5,65.6,344.5,0.145,0.335,0.845,Festival crowd surge detected - alternate route and extended cycle recommended
EVT429042,2025-12-23 08:45:04,Local Market Day,J031,Cubbon Road,3265,Weekday,False,Light Rain,True,0.9,False,False,1.0,Severe,9.2,70.9,437.8,0.148,0.341,0.871,Heavy rain reducing visibility and grip - reduced speed and longer buffer advised
EVT429043,2025-08-04 08:21:36,Local Market Day,J009,Majestic,6175,Weekday,False,Clear,False,0.0,False,False,0.992,Severe,8.2,82.2,507.0,0.187,0.431,0.939,Heavy congestion detected - signal timing extended and reroute suggested
EVT429044,2025-05-04 16:26:01,Trade Fair,J023,Basavanagudi,12262,Weekend,False,Clear,False,0.0,False,False,0.585,High,21.0,42.4,286.2,0.17,0.392,0.99,Moderate traffic flow - standard adaptive signal timing in effect
EVT429045,2025-01-04 18:02:38,Concert,J023,Basavanagudi,16227,Weekend,False,Clear,False,0.0,False,False,0.857,Severe,12.5,64.2,328.6,0.168,0.388,0.948,Heavy congestion detected - signal timing extended and reroute suggested
EVT429046,2025-07-29 13:42:20,Concert,J011,Indiranagar 100ft Road,10034,Weekday,False,Clear,False,0.0,False,False,0.193,Low,37.1,11.3,97.5,0.085,0.197,0.967,Normal free-flow traffic - standard signal timing maintained
EVT429047,2026-04-20 19:37:19,Political Rally,J030,MG Road,13395,Weekday,False,Clear,False,0.0,False,False,0.981,Severe,9.8,70.4,196.5,0.075,0.174,0.939,Heavy congestion detected - signal timing extended and reroute suggested
EVT429048,2025-10-07 19:44:55,Political Rally,J012,Koramangala Sony World,18253,Weekday,False,Fog,False,0.0,False,False,0.912,Severe,11.2,65.3,514.6,0.217,0.502,0.912,Heavy congestion detected - signal timing extended and reroute suggested
EVT429049,2026-02-04 09:21:08,Trade Fair,J040,City Market,14623,Weekday,False,Clear,False,0.0,False,False,1.0,Severe,7.6,79.9,912.0,0.301,0.695,0.94,Heavy congestion detected - signal timing extended and reroute suggested
EVT429050,2026-05-27 07:43:17,Concert,J020,Malleshwaram Circle,20151,Weekday,False,Clear,False,0.0,False,False,0.716,High,18.4,58.1,328.3,0.206,0.476,0.972,Moderate traffic flow - standard adaptive signal timing in effect
EVT429051,2025-09-04 12:47:17,Local Market Day,J030,MG Road,3833,Weekday,False,Clear,False,0.0,False,False,0.193,Low,24.4,17.0,273.6,0.169,0.39,0.95,Normal free-flow traffic - standard signal timing maintained
EVT429052,2025-01-07 09:59:02,Local Market Day,J040,City Market,4543,Weekday,False,Clear,False,0.0,False,False,0.811,Severe,12.5,63.2,393.5,0.183,0.423,0.965,Heavy congestion detected - signal timing extended and reroute suggested
EVT429053,2025-01-15 17:42:19,Religious Festival,J031,Cubbon Road,30776,Weekday,True,Clear,False,0.0,False,True,1.0,Severe,8.7,103.6,225.8,0.099,0.23,0.848,Road closure for event/procession - full detour recommended for through-traffic
EVT429054,2025-06-04 18:48:22,Local Market Day,J040,City Market,3529,Weekday,False,Clear,False,0.0,False,False,0.941,Severe,12.1,66.8,649.0,0.321,0.742,0.915,Heavy congestion detected - signal timing extended and reroute suggested
EVT429055,2026-02-27 04:16:32,Sports Fixture,J012,Koramangala Sony World,28760,Weekday,False,Clear,False,0.0,False,False,0.292,Low,25.8,16.6,180.2,0.141,0.326,0.967,Moderate traffic flow - standard adaptive signal timing in effect
EVT429056,2025-10-06 11:26:31,Political Rally,J040,City Market,16583,Weekday,False,Clear,False,0.0,False,False,0.379,Moderate,29.3,36.6,198.4,0.165,0.382,0.97,Moderate traffic flow - standard adaptive signal timing in effect
EVT429057,2025-11-14 17:08:48,Concert,J020,Malleshwaram Circle,21157,Weekday,False,Clear,False,0.0,False,False,0.875,Severe,10.8,61.0,341.0,0.157,0.362,0.943,Heavy congestion detected - signal timing extended and reroute suggested
EVT429058,2025-01-13 17:32:17,Concert,J020,Malleshwaram Circle,8837,Weekday,False,Clear,False,0.0,False,False,0.875,Severe,9.8,56.3,330.2,0.142,0.327,0.95,Heavy congestion detected - signal timing extended and reroute suggested
EVT429059,2025-04-19 16:30:48,Local Market Day,J009,Majestic,2612,Weekend,False,Light Rain,True,3.2,False,False,0.665,High,17.8,45.9,317.9,0.194,0.449,0.925,Heavy rain reducing visibility and grip - reduced speed and longer buffer advised
EVT429060,2026-05-02 16:35:54,Fireworks Display,J031,Cubbon Road,28379,Weekend,True,Clear,False,0.0,False,False,0.882,Severe,13.1,66.7,453.5,0.206,0.476,0.916,Festival crowd surge detected - alternate route and extended cycle recommended
EVT429061,2025-01-27 15:55:50,Religious Festival,J020,Malleshwaram Circle,45558,Weekday,True,Clear,False,0.0,False,True,0.918,Severe,12.5,98.7,405.1,0.18,0.417,0.846,Road closure for event/procession - full detour recommended for through-traffic
EVT429062,2025-03-01 21:12:30,Concert,J040,City Market,6080,Weekend,False,Clear,False,0.0,False,False,0.418,Moderate,34.3,32.0,176.9,0.158,0.364,0.979,Moderate traffic flow - standard adaptive signal timing in effect
EVT429063,2025-12-25 19:55:36,Religious Festival,J023,Basavanagudi,39064,Weekday,True,Clear,False,0.0,False,True,1.0,Severe,9.0,100.4,229.3,0.105,0.243,0.838,Road closure for event/procession - full detour recommended for through-traffic
EVT429064,2026-04-21 16:10:39,Concert,J031,Cubbon Road,14522,Weekday,False,Rain,True,23.8,False,False,0.761,Severe,16.2,53.5,356.8,0.192,0.444,0.949,Heavy rain reducing visibility and grip - reduced speed and longer buffer advised
EVT429065,2026-01-09 14:08:14,Sports Fixture,J011,Indiranagar 100ft Road,21848,Weekday,False,Clear,False,0.0,False,False,0.413,Moderate,23.5,26.6,157.0,0.092,0.213,0.971,Moderate traffic flow - standard adaptive signal timing in effect
EVT429066,2026-05-07 05:39:32,Local Market Day,J040,City Market,2958,Weekday,False,Rain,True,11.9,False,False,0.399,Moderate,34.4,25.6,218.0,0.192,0.443,0.925,Light rain detected - minor speed reduction advised
EVT429067,2026-03-24 12:01:34,Concert,J012,Koramangala Sony World,12046,Weekday,False,Clear,False,0.0,False,False,0.32,Low,29.5,23.9,177.3,0.142,0.328,0.947,Moderate traffic flow - standard adaptive signal timing in effect
EVT429068,2026-06-14 16:02:36,Local Market Day,J011,Indiranagar 100ft Road,4974,Weekend,False,Clear,False,0.0,False,False,0.345,Low,31.0,29.5,192.9,0.172,0.397,0.955,Moderate traffic flow - standard adaptive signal timing in effect
EVT429069,2025-05-06 18:36:31,Trade Fair,J012,Koramangala Sony World,17388,Weekday,False,Clear,False,0.0,False,False,1.0,Severe,8.0,73.2,528.3,0.196,0.452,0.928,Heavy congestion detected - signal timing extended and reroute suggested
EVT429070,2026-02-18 10:03:46,Local Market Day,J012,Koramangala Sony World,3728,Weekday,False,Clear,False,0.0,False,False,0.848,Severe,12.6,60.6,339.5,0.173,0.4,0.95,Heavy congestion detected - signal timing extended and reroute suggested
EVT429071,2026-06-27 19:10:11,Local Market Day,J031,Cubbon Road,5452,Weekend,False,Heavy Rain,True,55.4,False,False,1.0,Severe,7.9,71.5,528.4,0.172,0.398,0.87,Heavy rain reducing visibility and grip - reduced speed and longer buffer advised
EVT429072,2025-04-29 09:31:10,Trade Fair,J020,Malleshwaram Circle,8881,Weekday,False,Rain,True,23.9,False,False,1.0,Severe,9.8,63.8,475.7,0.198,0.457,0.869,Heavy rain reducing visibility and grip - reduced speed and longer buffer advised
EVT429073,2025-04-08 20:45:14,Political Rally,J023,Basavanagudi,16317,Weekday,False,Rain,True,18.6,False,False,0.777,Severe,16.4,54.1,337.8,0.21,0.486,0.888,Heavy rain reducing visibility and grip - reduced speed and longer buffer advised
EVT429074,2026-06-16 19:59:10,Concert,J023,Basavanagudi,15294,Weekday,False,Clear,False,0.0,False,False,0.743,High,15.3,58.3,302.8,0.155,0.359,0.963,Moderate traffic flow - standard adaptive signal timing in effect
EVT429075,2025-02-25 18:25:03,Sports Fixture,J031,Cubbon Road,31643,Weekday,False,Clear,False,0.0,False,False,1.0,Severe,9.4,76.4,417.4,0.167,0.385,0.902,Heavy congestion detected - signal timing extended and reroute suggested
EVT429076,2025-05-09 07:58:02,Concert,J031,Cubbon Road,9562,Weekday,False,Clear,False,0.0,False,False,0.815,Severe,14.4,60.7,388.3,0.203,0.47,0.953,Heavy congestion detected - signal timing extended and reroute suggested
EVT429077,2026-05-28 07:20:39,Sports Fixture,J023,Basavanagudi,34245,Weekday,False,Clear,False,0.0,False,False,0.721,High,20.0,59.6,225.8,0.153,0.354,0.971,Moderate traffic flow - standard adaptive signal timing in effect
EVT429078,2026-04-21 08:09:49,Trade Fair,J023,Basavanagudi,9343,Weekday,False,Clear,False,0.0,False,False,0.941,Severe,10.8,71.2,526.8,0.207,0.478,0.941,Heavy congestion detected - signal timing extended and reroute suggested
EVT429079,2025-12-22 20:07:51,Local Market Day,J030,MG Road,2519,Weekday,False,Clear,False,0.0,False,False,0.678,High,16.8,47.6,329.3,0.194,0.449,0.959,Moderate traffic flow - standard adaptive signal timing in effect
EVT429080,2025-03-26 23:19:34,Sports Fixture,J031,Cubbon Road,24992,Weekday,False,Clear,False,0.0,False,False,0.24,Low,28.8,21.0,226.6,0.163,0.376,0.973,Normal free-flow traffic - standard signal timing maintained
EVT429081,2025-08-12 20:27:55,Concert,J023,Basavanagudi,9002,Weekday,False,Clear,False,0.0,False,False,0.712,High,21.0,50.9,159.2,0.09,0.207,0.99,Moderate traffic flow - standard adaptive signal timing in effect
EVT429082,2026-04-14 12:17:05,Cultural Procession,J009,Majestic,18070,Weekday,True,Light Rain,True,3.2,False,True,0.767,High,20.3,81.4,313.9,0.2,0.462,0.831,Road closure for event/procession - full detour recommended for through-traffic
EVT429083,2025-08-19 09:26:26,Political Rally,J012,Koramangala Sony World,16463,Weekday,False,Heavy Rain,True,67.2,False,False,1.0,Severe,8.4,66.8,848.8,0.279,0.644,0.876,Heavy rain reducing visibility and grip - reduced speed and longer buffer advised
EVT429084,2025-11-30 19:15:14,Concert,J012,Koramangala Sony World,13157,Weekend,False,Clear,False,0.0,False,False,0.889,Severe,12.6,58.6,438.5,0.206,0.476,0.934,Heavy congestion detected - signal timing extended and reroute suggested
EVT429085,2026-04-05 13:33:58,Local Market Day,J009,Majestic,4254,Weekend,False,Clear,False,0.0,False,False,0.293,Low,23.5,15.1,182.0,0.132,0.305,0.98,Moderate traffic flow - standard adaptive signal timing in effect
EVT429086,2025-12-21 09:53:54,Political Rally,J011,Indiranagar 100ft Road,10894,Weekend,False,Clear,False,0.0,False,False,0.782,Severe,14.2,57.3,347.8,0.173,0.399,0.953,Heavy congestion detected - signal timing extended and reroute suggested
EVT429087,2026-02-05 08:27:29,Concert,J040,City Market,8001,Weekday,False,Clear,False,0.0,False,False,0.998,Severe,7.7,68.3,866.5,0.281,0.65,0.921,Heavy congestion detected - signal timing extended and reroute suggested
EVT429088,2025-10-13 17:21:43,Trade Fair,J040,City Market,7049,Weekday,False,Clear,False,0.0,False,False,0.838,Severe,12.9,60.8,447.9,0.199,0.459,0.967,Heavy congestion detected - signal timing extended and reroute suggested
EVT429089,2025-06-30 19:56:01,Local Market Day,J012,Koramangala Sony World,2297,Weekday,False,Heavy Rain,True,39.3,False,False,1.0,Severe,7.7,68.1,213.5,0.084,0.193,0.844,Heavy rain reducing visibility and grip - reduced speed and longer buffer advised
EVT429090,2025-01-03 18:00:34,Local Market Day,J011,Indiranagar 100ft Road,6635,Weekday,False,Clear,False,0.0,False,False,1.0,Severe,7.0,66.0,673.9,0.23,0.531,0.938,Heavy congestion detected - signal timing extended and reroute suggested
EVT429091,2025-04-07 10:57:42,Religious Festival,J040,City Market,60790,Weekday,True,Clear,False,0.0,False,True,1.0,Severe,8.4,93.6,640.9,0.22,0.509,0.807,Road closure for event/procession - full detour recommended for through-traffic
EVT429092,2025-05-03 19:33:05,Local Market Day,J012,Koramangala Sony World,5271,Weekend,False,Clear,False,0.0,False,False,0.775,Severe,14.8,60.4,187.4,0.105,0.242,0.99,Heavy congestion detected - signal timing extended and reroute suggested
EVT429093,2025-08-12 10:39:44,Sports Fixture,J023,Basavanagudi,12481,Weekday,False,Heavy Rain,True,44.0,False,False,0.93,Severe,11.5,72.3,391.3,0.181,0.419,0.872,Heavy rain reducing visibility and grip - reduced speed and longer buffer advised
EVT429094,2026-04-29 09:07:06,Trade Fair,J030,MG Road,9897,Weekday,False,Clear,False,0.0,False,False,1.0,Severe,8.3,70.4,637.6,0.2,0.463,0.878,Heavy congestion detected - signal timing extended and reroute suggested
EVT429095,2026-05-12 12:25:26,Sports Fixture,J031,Cubbon Road,19338,Weekday,False,Clear,False,0.0,False,False,0.241,Low,32.7,15.4,168.9,0.147,0.341,0.964,Normal free-flow traffic - standard signal timing maintained
EVT429096,2025-01-06 07:05:51,Sports Fixture,J023,Basavanagudi,18115,Weekday,False,Clear,False,0.0,False,False,0.477,Moderate,23.5,29.6,129.4,0.097,0.225,0.961,Moderate traffic flow - standard adaptive signal timing in effect
EVT429097,2025-05-18 10:58:44,Local Market Day,J031,Cubbon Road,3074,Weekend,False,Clear,False,0.0,False,False,0.447,Moderate,28.2,32.5,252.1,0.195,0.451,0.957,Moderate traffic flow - standard adaptive signal timing in effect
EVT429098,2026-04-19 09:53:40,Concert,J040,City Market,12309,Weekend,False,Clear,False,0.0,False,False,0.753,Severe,17.1,59.0,297.9,0.177,0.408,0.962,Heavy congestion detected - signal timing extended and reroute suggested
EVT429099,2025-02-19 12:27:09,Trade Fair,J012,Koramangala Sony World,11015,Weekday,False,Clear,False,0.0,False,False,0.202,Low,36.0,13.9,89.1,0.084,0.194,0.96,Normal free-flow traffic - standard signal timing maintained
EVT429100,2025-01-22 09:09:25,Concert,J030,MG Road,14472,Weekday,False,Light Rain,True,3.9,False,False,1.0,Severe,8.0,80.3,573.5,0.194,0.448,0.877,Heavy rain reducing visibility and grip - reduced speed and longer buffer advised
EVT429101,2026-06-03 19:24:15,Sports Fixture,J030,MG Road,34524,Weekday,False,Rain,True,21.8,False,False,1.0,Severe,8.1,73.7,529.4,0.166,0.383,0.871,Heavy rain reducing visibility and grip - reduced speed and longer buffer advised
EVT429102,2025-09-13 21:56:47,Local Market Day,J030,MG Road,2945,Weekend,False,Clear,False,0.0,False,False,0.218,Low,33.7,9.7,170.4,0.13,0.3,0.98,Normal free-flow traffic - standard signal timing maintained
EVT429103,2026-01-12 15:57:12,Sports Fixture,J040,City Market,10806,Weekday,False,Clear,False,0.0,False,False,0.424,Moderate,30.2,25.4,101.9,0.086,0.198,0.953,Moderate traffic flow - standard adaptive signal timing in effect
EVT429104,2026-02-12 14:50:06,Political Rally,J012,Koramangala Sony World,26630,Weekday,False,Clear,False,0.0,False,False,0.36,Moderate,30.0,29.0,122.4,0.088,0.203,0.985,Moderate traffic flow - standard adaptive signal timing in effect
EVT429105,2025-10-04 15:59:00,Political Rally,J020,Malleshwaram Circle,9684,Weekend,False,Clear,False,0.0,False,False,0.41,Moderate,26.7,28.3,159.4,0.115,0.267,0.942,Moderate traffic flow - standard adaptive signal timing in effect
EVT429106,2026-04-19 08:33:36,Local Market Day,J030,MG Road,5040,Weekend,False,Heavy Rain,True,26.6,False,False,1.0,Severe,8.8,75.4,468.8,0.183,0.422,0.848,Heavy rain reducing visibility and grip - reduced speed and longer buffer advised
EVT429107,2025-11-08 16:49:21,Political Rally,J020,Malleshwaram Circle,9731,Weekend,False,Clear,False,0.0,False,False,0.58,High,18.3,47.6,429.6,0.232,0.537,0.975,Moderate traffic flow - standard adaptive signal timing in effect
EVT429108,2026-04-29 23:39:33,Trade Fair,J023,Basavanagudi,8320,Weekday,False,Clear,False,0.0,False,False,0.211,Low,32.0,17.4,103.6,0.073,0.168,0.971,Normal free-flow traffic - standard signal timing maintained
EVT429109,2025-06-18 23:34:08,Concert,J031,Cubbon Road,7755,Weekday,False,Clear,False,0.0,False,False,0.177,Low,39.1,7.5,72.7,0.068,0.158,0.99,Normal free-flow traffic - standard signal timing maintained
EVT429110,2025-08-09 13:58:13,Sports Fixture,J020,Malleshwaram Circle,22704,Weekend,False,Clear,False,0.0,False,False,0.439,Moderate,27.7,29.0,166.6,0.119,0.276,0.978,Moderate traffic flow - standard adaptive signal timing in effect
EVT429111,2026-06-20 10:37:14,Trade Fair,J011,Indiranagar 100ft Road,22523,Weekend,False,Clear,False,0.0,False,False,0.628,High,19.8,46.4,414.5,0.258,0.596,0.969,Moderate traffic flow - standard adaptive signal timing in effect
EVT429112,2025-03-11 20:15:47,Sports Fixture,J011,Indiranagar 100ft Road,19379,Weekday,False,Clear,False,0.0,False,False,0.788,Severe,13.2,58.2,449.2,0.198,0.458,0.983,Heavy congestion detected - signal timing extended and reroute suggested
EVT429113,2025-05-28 17:54:17,Concert,J030,MG Road,19456,Weekday,False,Clear,False,0.0,False,False,1.0,Severe,9.4,67.6,626.7,0.247,0.572,0.909,Heavy congestion detected - signal timing extended and reroute suggested
EVT429114,2025-01-19 23:35:47,Local Market Day,J023,Basavanagudi,8119,Weekend,False,Clear,False,0.0,False,False,0.37,Moderate,30.4,22.9,188.0,0.15,0.347,0.989,Moderate traffic flow - standard adaptive signal timing in effect
EVT429115,2025-05-07 22:51:47,Concert,J040,City Market,6867,Weekday,False,Clear,False,0.0,False,False,0.191,Low,34.8,12.9,104.8,0.108,0.25,0.972,Normal free-flow traffic - standard signal timing maintained
EVT429116,2025-12-20 19:39:16,Local Market Day,J023,Basavanagudi,2166,Weekend,False,Clear,False,0.0,False,False,0.744,High,17.6,54.6,265.3,0.175,0.404,0.95,Moderate traffic flow - standard adaptive signal timing in effect
EVT429117,2025-01-08 13:04:06,Sports Fixture,J031,Cubbon Road,12394,Weekday,False,Clear,False,0.0,False,False,0.228,Low,38.9,21.0,176.9,0.169,0.389,0.947,Normal free-flow traffic - standard signal timing maintained
EVT429118,2026-02-04 10:45:01,Local Market Day,J031,Cubbon Road,2390,Weekday,False,Clear,False,0.0,False,False,0.566,High,26.1,41.5,256.7,0.19,0.439,0.987,Moderate traffic flow - standard adaptive signal timing in effect
EVT429119,2025-03-03 17:57:44,Trade Fair,J012,Koramangala Sony World,4209,Weekday,False,Clear,False,0.0,False,False,0.974,Severe,10.4,70.6,551.5,0.232,0.535,0.893,Heavy congestion detected - signal timing extended and reroute suggested
EVT429120,2026-05-10 17:10:23,Local Market Day,J011,Indiranagar 100ft Road,4311,Weekend,False,Clear,False,0.0,False,False,0.601,High,16.2,40.8,262.7,0.131,0.301,0.971,Moderate traffic flow - standard adaptive signal timing in effect
EVT429121,2026-01-14 08:30:08,Religious Festival,J023,Basavanagudi,56135,Weekday,True,Clear,False,0.0,False,False,1.0,Severe,8.1,73.4,484.2,0.171,0.396,0.854,Festival crowd surge detected - alternate route and extended cycle recommended
EVT429122,2025-09-12 20:41:27,Local Market Day,J031,Cubbon Road,5501,Weekday,False,Clear,False,0.0,False,False,0.475,Moderate,20.6,39.3,282.3,0.169,0.39,0.976,Moderate traffic flow - standard adaptive signal timing in effect
EVT429123,2025-08-13 06:03:23,Sports Fixture,J040,City Market,23847,Weekday,False,Heavy Rain,True,25.6,False,False,0.564,High,22.1,37.7,271.2,0.177,0.408,0.902,Heavy rain reducing visibility and grip - reduced speed and longer buffer advised
EVT429124,2025-03-19 17:36:28,Sports Fixture,J009,Majestic,23478,Weekday,False,Clear,False,0.0,False,False,1.0,Severe,10.0,67.6,413.8,0.186,0.431,0.948,Heavy congestion detected - signal timing extended and reroute suggested
EVT429125,2025-11-05 22:30:18,Local Market Day,J023,Basavanagudi,3361,Weekday,False,Clear,False,0.0,True,False,0.575,High,26.5,40.6,180.7,0.167,0.387,0.825,Accident detected nearby - reroute and reduced speed advised
EVT429126,2025-10-13 06:54:55,Concert,J011,Indiranagar 100ft Road,8117,Weekday,False,Clear,False,0.0,False,False,0.479,Moderate,28.2,32.9,155.2,0.121,0.28,0.976,Moderate traffic flow - standard adaptive signal timing in effect
EVT429127,2026-02-25 16:49:17,Local Market Day,J031,Cubbon Road,5707,Weekday,False,Clear,False,0.0,False,False,0.647,High,24.1,42.6,105.6,0.08,0.184,0.972,Moderate traffic flow - standard adaptive signal timing in effect
EVT429128,2025-06-21 22:01:26,Local Market Day,J040,City Market,3059,Weekend,False,Clear,False,0.0,False,False,0.34,Low,25.5,20.5,183.2,0.115,0.265,0.964,Moderate traffic flow - standard adaptive signal timing in effect
EVT429129,2026-01-07 17:21:40,Sports Fixture,J031,Cubbon Road,9339,Weekday,False,Clear,False,0.0,False,False,0.864,Severe,12.7,59.7,445.5,0.224,0.517,0.943,Heavy congestion detected - signal timing extended and reroute suggested
EVT429130,2026-04-12 17:05:59,Local Market Day,J031,Cubbon Road,3845,Weekend,False,Clear,False,0.0,False,False,0.647,High,19.7,51.2,259.1,0.179,0.414,0.963,Moderate traffic flow - standard adaptive signal timing in effect
EVT429131,2026-03-08 17:56:46,Sports Fixture,J011,Indiranagar 100ft Road,25240,Weekend,False,Clear,False,0.0,False,False,1.0,Severe,8.9,75.8,713.1,0.239,0.551,0.93,Heavy congestion detected - signal timing extended and reroute suggested
EVT429132,2025-10-06 18:18:15,Sports Fixture,J031,Cubbon Road,15303,Weekday,False,Clear,False,0.0,False,False,1.0,Severe,8.3,72.7,850.8,0.282,0.651,0.916,Heavy congestion detected - signal timing extended and reroute suggested
EVT429133,2026-04-30 07:58:51,Sports Fixture,J030,MG Road,22205,Weekday,False,Clear,False,0.0,False,False,0.906,Severe,8.8,64.2,407.6,0.148,0.343,0.928,Heavy congestion detected - signal timing extended and reroute suggested
EVT429134,2026-01-01 07:27:48,Religious Festival,J023,Basavanagudi,33464,Weekday,True,Clear,False,0.0,False,True,1.0,Severe,7.8,96.9,462.4,0.175,0.403,0.844,Road closure for event/procession - full detour recommended for through-traffic
EVT429135,2026-04-17 08:41:41,Local Market Day,J011,Indiranagar 100ft Road,4107,Weekday,False,Light Rain,True,1.3,False,False,1.0,Severe,8.5,75.3,662.2,0.219,0.505,0.839,Heavy rain reducing visibility and grip - reduced speed and longer buffer advised
EVT429136,2025-11-26 12:26:36,Local Market Day,J009,Majestic,7208,Weekday,False,Clear,False,0.0,False,False,0.276,Low,27.5,20.6,172.5,0.156,0.361,0.952,Moderate traffic flow - standard adaptive signal timing in effect
EVT429137,2025-09-16 19:07:21,Political Rally,J012,Koramangala Sony World,20475,Weekday,False,Clear,False,0.0,False,False,1.0,Severe,7.4,73.8,891.2,0.264,0.609,0.924,Heavy congestion detected - signal timing extended and reroute suggested
EVT429138,2026-03-13 20:47:57,Local Market Day,J031,Cubbon Road,3136,Weekday,False,Clear,False,0.0,False,False,0.428,Moderate,24.5,31.0,249.5,0.174,0.401,0.945,Moderate traffic flow - standard adaptive signal timing in effect
EVT429139,2025-07-01 18:17:28,Local Market Day,J031,Cubbon Road,4822,Weekday,False,Light Rain,True,6.7,False,False,1.0,Severe,8.0,66.1,880.0,0.272,0.628,0.886,Heavy rain reducing visibility and grip - reduced speed and longer buffer advised
EVT429140,2026-01-22 09:25:23,Sports Fixture,J030,MG Road,34914,Weekday,False,Clear,False,0.0,False,False,1.0,Severe,9.2,75.6,405.8,0.149,0.344,0.91,Heavy congestion detected - signal timing extended and reroute suggested
EVT429141,2025-04-29 16:51:42,Concert,J031,Cubbon Road,16939,Weekday,False,Light Rain,True,5.3,False,False,0.836,Severe,14.2,59.8,397.7,0.195,0.45,0.901,Heavy rain reducing visibility and grip - reduced speed and longer buffer advised
EVT429142,2025-09-21 08:26:47,Political Rally,J012,Koramangala Sony World,12782,Weekend,False,Rain,True,9.8,False,False,0.929,Severe,10.4,65.9,435.0,0.159,0.366,0.879,Heavy rain reducing visibility and grip - reduced speed and longer buffer advised
EVT429143,2026-05-29 08:53:38,Political Rally,J040,City Market,12463,Weekday,False,Clear,False,0.0,False,False,1.0,Severe,10.1,69.8,262.0,0.113,0.262,0.933,Heavy congestion detected - signal timing extended and reroute suggested
EVT429144,2025-10-06 17:06:18,Concert,J011,Indiranagar 100ft Road,14219,Weekday,False,Clear,False,0.0,False,False,0.79,Severe,16.1,60.4,299.4,0.177,0.41,0.964,Heavy congestion detected - signal timing extended and reroute suggested
EVT429145,2026-04-21 17:43:10,Political Rally,J023,Basavanagudi,13690,Weekday,False,Clear,False,0.0,False,False,0.966,Severe,8.2,65.1,454.6,0.162,0.375,0.907,Heavy congestion detected - signal timing extended and reroute suggested
EVT429146,2025-11-09 04:32:40,Local Market Day,J020,Malleshwaram Circle,3669,Weekend,False,Rain,True,10.5,False,False,0.368,Moderate,30.8,22.0,269.6,0.223,0.516,0.919,Light rain detected - minor speed reduction advised
EVT429147,2026-01-29 15:39:42,Sports Fixture,J023,Basavanagudi,21423,Weekday,False,Clear,False,0.0,False,False,0.433,Moderate,26.1,36.9,153.4,0.108,0.249,0.99,Moderate traffic flow - standard adaptive signal timing in effect
EVT429148,2025-11-23 21:24:21,Local Market Day,J012,Koramangala Sony World,3621,Weekend,False,Clear,False,0.0,False,False,0.459,Moderate,26.9,28.4,208.8,0.17,0.393,0.976,Moderate traffic flow - standard adaptive signal timing in effect
EVT429149,2025-06-12 13:43:39,Sports Fixture,J040,City Market,19450,Weekday,False,Clear,False,0.0,False,False,0.243,Low,26.1,17.8,209.2,0.157,0.362,0.945,Normal free-flow traffic - standard signal timing maintained
EVT429150,2025-09-14 15:22:39,Local Market Day,J031,Cubbon Road,3657,Weekend,False,Clear,False,0.0,False,False,0.361,Moderate,23.3,29.2,321.0,0.221,0.511,0.988,Moderate traffic flow - standard adaptive signal timing in effect
EVT429151,2026-01-22 17:42:47,Political Rally,J023,Basavanagudi,19649,Weekday,False,Clear,False,0.0,False,False,1.0,Severe,10.0,72.5,404.8,0.16,0.37,0.921,Heavy congestion detected - signal timing extended and reroute suggested
EVT429152,2025-11-20 20:11:43,Political Rally,J031,Cubbon Road,9825,Weekday,False,Heavy Rain,True,31.0,False,False,1.0,Severe,8.3,65.6,497.0,0.153,0.354,0.862,Heavy rain reducing visibility and grip - reduced speed and longer buffer advised
EVT429153,2025-07-16 18:37:40,Sports Fixture,J020,Malleshwaram Circle,23089,Weekday,False,Fog,False,0.0,False,False,1.0,Severe,9.6,79.5,633.6,0.249,0.576,0.922,Heavy congestion detected - signal timing extended and reroute suggested
EVT429154,2025-03-21 12:22:14,Sports Fixture,J020,Malleshwaram Circle,19214,Weekday,False,Clear,False,0.0,False,False,0.315,Low,27.4,19.4,200.7,0.143,0.33,0.947,Moderate traffic flow - standard adaptive signal timing in effect
EVT429155,2025-09-01 17:36:26,Political Rally,J040,City Market,18485,Weekday,False,Heavy Rain,True,53.9,False,False,1.0,Severe,7.0,66.5,787.6,0.228,0.527,0.868,Heavy rain reducing visibility and grip - reduced speed and longer buffer advised
EVT429156,2026-04-30 16:58:18,Political Rally,J011,Indiranagar 100ft Road,19448,Weekday,False,Clear,False,0.0,False,False,0.861,Severe,15.0,63.7,248.7,0.122,0.281,0.949,Heavy congestion detected - signal timing extended and reroute suggested
EVT429157,2025-12-13 17:59:08,Sports Fixture,J040,City Market,21790,Weekend,False,Clear,False,0.0,False,False,0.963,Severe,8.1,69.2,470.6,0.186,0.43,0.919,Heavy congestion detected - signal timing extended and reroute suggested
EVT429158,2026-03-21 10:26:21,Local Market Day,J030,MG Road,5259,Weekend,False,Clear,False,0.0,False,False,0.559,High,17.8,37.1,274.7,0.137,0.316,0.984,Moderate traffic flow - standard adaptive signal timing in effect
EVT429159,2025-06-26 12:19:00,Sports Fixture,J023,Basavanagudi,10537,Weekday,False,Light Rain,True,4.6,False,False,0.358,Moderate,29.6,27.4,178.4,0.144,0.332,0.884,Light rain detected - minor speed reduction advised
EVT429160,2026-02-23 11:27:09,Sports Fixture,J023,Basavanagudi,23854,Weekday,False,Clear,False,0.0,False,False,0.457,Moderate,18.5,29.0,338.8,0.194,0.448,0.99,Moderate traffic flow - standard adaptive signal timing in effect
EVT429161,2025-07-12 13:49:33,Trade Fair,J040,City Market,7156,Weekend,False,Heavy Rain,True,80.1,False,False,0.666,High,14.3,48.7,366.4,0.166,0.383,0.888,Heavy rain reducing visibility and grip - reduced speed and longer buffer advised
EVT429162,2025-10-04 06:56:47,Trade Fair,J031,Cubbon Road,8793,Weekend,False,Rain,True,19.3,False,False,0.67,High,22.6,50.2,206.5,0.157,0.363,0.912,Heavy rain reducing visibility and grip - reduced speed and longer buffer advised
EVT429163,2025-05-24 10:36:01,Concert,J020,Malleshwaram Circle,15647,Weekend,False,Heavy Rain,True,29.8,False,False,0.852,Severe,14.5,64.2,138.9,0.061,0.141,0.894,Heavy rain reducing visibility and grip - reduced speed and longer buffer advised
EVT429164,2026-04-30 14:09:23,Sports Fixture,J030,MG Road,24957,Weekday,False,Clear,False,0.0,False,False,0.363,Moderate,29.3,26.7,133.9,0.094,0.216,0.96,Moderate traffic flow - standard adaptive signal timing in effect
EVT429165,2026-03-06 16:07:24,Trade Fair,J020,Malleshwaram Circle,6176,Weekday,False,Clear,False,0.0,False,False,0.491,Moderate,22.9,31.3,241.8,0.165,0.382,0.974,Moderate traffic flow - standard adaptive signal timing in effect
EVT429166,2025-06-19 18:05:48,Concert,J040,City Market,8893,Weekday,False,Fog,False,0.0,False,False,1.0,Severe,9.4,69.4,313.3,0.123,0.283,0.935,Heavy congestion detected - signal timing extended and reroute suggested
EVT429167,2025-12-12 17:32:19,Sports Fixture,J030,MG Road,30238,Weekday,False,Clear,False,0.0,False,False,1.0,Severe,7.7,75.6,636.1,0.202,0.466,0.914,Heavy congestion detected - signal timing extended and reroute suggested
EVT429168,2025-12-18 13:17:20,Trade Fair,J030,MG Road,8947,Weekday,False,Clear,False,0.0,False,False,0.174,Low,39.7,17.0,131.6,0.112,0.258,0.97,Normal free-flow traffic - standard signal timing maintained
EVT429169,2025-04-18 09:01:12,Concert,J040,City Market,12655,Weekday,False,Clear,False,0.0,False,False,1.0,Severe,7.0,72.6,622.6,0.204,0.471,0.897,Heavy congestion detected - signal timing extended and reroute suggested
EVT429170,2025-05-31 09:22:34,Local Market Day,J031,Cubbon Road,3509,Weekend,False,Clear,False,0.0,False,False,0.865,Severe,14.5,64.1,319.5,0.176,0.407,0.939,Heavy congestion detected - signal timing extended and reroute suggested
EVT429171,2025-08-23 17:24:35,Sports Fixture,J031,Cubbon Road,33205,Weekend,False,Clear,False,0.0,False,False,0.906,Severe,11.5,61.8,165.2,0.074,0.171,0.916,Heavy congestion detected - signal timing extended and reroute suggested
EVT429172,2025-06-03 18:01:27,Local Market Day,J011,Indiranagar 100ft Road,4567,Weekday,False,Heavy Rain,True,30.4,False,False,1.0,Severe,7.7,73.3,861.8,0.28,0.646,0.86,Heavy rain reducing visibility and grip - reduced speed and longer buffer advised
EVT429173,2025-10-20 17:45:04,Religious Festival,J012,Koramangala Sony World,33020,Weekday,True,Clear,False,0.0,False,True,1.0,Severe,8.7,111.6,726.8,0.273,0.63,0.852,Road closure for event/procession - full detour recommended for through-traffic
EVT429174,2025-08-07 17:34:57,Trade Fair,J023,Basavanagudi,8603,Weekday,False,Clear,False,0.0,False,False,0.935,Severe,12.4,72.5,382.3,0.192,0.444,0.908,Heavy congestion detected - signal timing extended and reroute suggested
EVT429175,2025-07-11 08:53:01,Trade Fair,J009,Majestic,10122,Weekday,False,Clear,False,0.0,False,False,1.0,Severe,8.6,73.2,370.2,0.131,0.303,0.919,Heavy congestion detected - signal timing extended and reroute suggested
EVT429176,2025-08-09 16:33:12,Trade Fair,J040,City Market,9876,Weekend,False,Clear,False,0.0,False,False,0.577,High,21.8,47.0,211.3,0.133,0.306,0.957,Moderate traffic flow - standard adaptive signal timing in effect
EVT429177,2025-10-06 06:36:04,Trade Fair,J031,Cubbon Road,6195,Weekday,False,Clear,False,0.0,False,False,0.247,Low,34.4,21.3,157.8,0.12,0.276,0.941,Normal free-flow traffic - standard signal timing maintained
EVT429178,2026-05-26 06:56:06,Trade Fair,J030,MG Road,11355,Weekday,False,Clear,False,0.0,False,False,0.455,Moderate,22.1,31.1,197.4,0.132,0.304,0.949,Moderate traffic flow - standard adaptive signal timing in effect
EVT429179,2026-01-31 06:45:42,Trade Fair,J040,City Market,10468,Weekend,False,Clear,False,0.0,False,False,0.421,Moderate,27.4,31.3,216.8,0.158,0.366,0.962,Moderate traffic flow - standard adaptive signal timing in effect
EVT429180,2025-03-09 09:02:15,Trade Fair,J020,Malleshwaram Circle,14821,Weekend,False,Clear,False,0.0,False,False,0.873,Severe,12.1,56.0,521.0,0.226,0.521,0.966,Heavy congestion detected - signal timing extended and reroute suggested
EVT429181,2025-09-15 18:17:46,Local Market Day,J031,Cubbon Road,2032,Weekday,False,Heavy Rain,True,41.0,False,False,1.0,Severe,9.4,76.1,651.6,0.237,0.548,0.89,Heavy rain reducing visibility and grip - reduced speed and longer buffer advised
EVT429182,2025-05-23 18:47:21,Political Rally,J012,Koramangala Sony World,13343,Weekday,False,Clear,False,0.0,False,False,0.957,Severe,11.5,72.6,314.0,0.144,0.332,0.911,Heavy congestion detected - signal timing extended and reroute suggested
EVT429183,2025-09-25 07:04:46,Political Rally,J040,City Market,17131,Weekday,False,Rain,True,18.0,False,False,0.715,High,18.6,51.0,192.2,0.119,0.275,0.923,Heavy rain reducing visibility and grip - reduced speed and longer buffer advised
EVT429184,2026-01-19 21:01:17,Local Market Day,J031,Cubbon Road,2573,Weekday,False,Clear,False,0.0,False,False,0.404,Moderate,26.3,31.2,244.3,0.184,0.425,0.964,Moderate traffic flow - standard adaptive signal timing in effect
EVT429185,2025-01-06 18:45:47,Trade Fair,J020,Malleshwaram Circle,10494,Weekday,False,Clear,False,0.0,False,False,1.0,Severe,6.5,71.6,724.5,0.187,0.433,0.914,Heavy congestion detected - signal timing extended and reroute suggested
EVT429186,2026-02-18 12:55:47,Sports Fixture,J020,Malleshwaram Circle,28660,Weekday,False,Clear,False,0.0,False,False,0.408,Moderate,29.6,27.6,282.1,0.259,0.599,0.962,Moderate traffic flow - standard adaptive signal timing in effect
EVT429187,2026-05-02 08:26:24,Religious Festival,J040,City Market,21620,Weekend,True,Clear,False,0.0,False,False,1.0,Severe,10.7,71.4,362.4,0.154,0.356,0.862,Festival crowd surge detected - alternate route and extended cycle recommended
EVT429188,2025-06-30 20:41:19,Political Rally,J031,Cubbon Road,18598,Weekday,False,Clear,False,0.0,False,False,0.647,High,24.0,47.9,224.3,0.179,0.414,0.953,Moderate traffic flow - standard adaptive signal timing in effect
EVT429189,2025-08-13 14:56:52,Local Market Day,J023,Basavanagudi,5093,Weekday,False,Rain,True,18.7,False,False,0.439,Moderate,21.7,27.9,215.5,0.126,0.291,0.902,Light rain detected - minor speed reduction advised
EVT429190,2025-12-30 15:37:47,Local Market Day,J031,Cubbon Road,1975,Weekday,False,Clear,False,0.0,False,False,0.359,Moderate,27.5,22.1,208.2,0.156,0.36,0.956,Moderate traffic flow - standard adaptive signal timing in effect
EVT429191,2025-07-09 12:44:58,Concert,J012,Koramangala Sony World,11188,Weekday,False,Heavy Rain,True,31.3,False,False,0.518,Moderate,23.1,44.6,366.2,0.263,0.607,0.899,Light rain detected - minor speed reduction advised
EVT429192,2025-05-15 11:08:19,Sports Fixture,J012,Koramangala Sony World,56517,Weekday,False,Clear,False,0.0,False,False,0.681,High,19.0,47.3,300.5,0.187,0.433,0.973,Moderate traffic flow - standard adaptive signal timing in effect
EVT429193,2025-08-26 21:04:12,Trade Fair,J020,Malleshwaram Circle,7202,Weekday,False,Clear,False,0.0,False,False,0.469,Moderate,22.3,33.3,140.7,0.087,0.2,0.969,Moderate traffic flow - standard adaptive signal timing in effect
EVT429194,2026-03-25 09:29:47,Concert,J020,Malleshwaram Circle,15072,Weekday,False,Clear,False,0.0,False,False,1.0,Severe,6.9,68.8,805.8,0.212,0.49,0.938,Heavy congestion detected - signal timing extended and reroute suggested
EVT429195,2025-06-21 08:36:55,Political Rally,J009,Majestic,13761,Weekend,False,Clear,False,0.0,False,False,0.939,Severe,10.4,66.5,478.0,0.207,0.479,0.912,Heavy congestion detected - signal timing extended and reroute suggested
EVT429196,2025-08-12 21:45:35,Concert,J011,Indiranagar 100ft Road,13143,Weekday,False,Clear,False,0.0,False,False,0.344,Low,32.8,26.3,116.5,0.093,0.215,0.963,Moderate traffic flow - standard adaptive signal timing in effect
EVT429197,2025-07-17 18:36:28,Trade Fair,J023,Basavanagudi,10383,Weekday,False,Clear,False,0.0,False,False,0.972,Severe,10.5,74.4,411.9,0.176,0.407,0.948,Heavy congestion detected - signal timing extended and reroute suggested
EVT429198,2026-04-04 17:19:20,Sports Fixture,J031,Cubbon Road,18725,Weekend,False,Clear,False,0.0,False,False,0.812,Severe,11.7,63.9,347.3,0.127,0.294,0.938,Heavy congestion detected - signal timing extended and reroute suggested
EVT429199,2026-01-01 21:20:12,Cultural Procession,J031,Cubbon Road,13401,Weekday,True,Clear,False,0.0,False,True,0.82,High,13.2,88.3,281.9,0.142,0.328,0.869,Road closure for event/procession - full detour recommended for through-traffic
EVT429200,2026-04-06 18:04:12,Trade Fair,J040,City Market,15016,Weekday,False,Clear,False,0.0,True,False,1.0,Severe,6.3,73.0,875.8,0.243,0.561,0.765,Accident detected nearby - reroute and reduced speed advised
EVT429201,2025-05-04 10:57:02,Political Rally,J031,Cubbon Road,14951,Weekend,False,Heavy Rain,True,26.7,False,False,0.808,Severe,14.8,56.2,248.9,0.13,0.299,0.9,Heavy rain reducing visibility and grip - reduced speed and longer buffer advised
EVT429202,2025-06-22 13:30:25,Local Market Day,J030,MG Road,8246,Weekend,False,Clear,False,0.0,False,False,0.294,Low,33.8,26.7,169.2,0.165,0.381,0.967,Moderate traffic flow - standard adaptive signal timing in effect
EVT429203,2025-10-07 09:04:29,Concert,J020,Malleshwaram Circle,11002,Weekday,False,Clear,False,0.0,False,False,1.0,Severe,6.5,66.7,999.1,0.258,0.597,0.915,Heavy congestion detected - signal timing extended and reroute suggested
EVT429204,2026-05-06 06:44:05,Political Rally,J031,Cubbon Road,15355,Weekday,False,Rain,True,19.2,False,False,0.734,High,17.8,55.7,245.1,0.146,0.338,0.883,Heavy rain reducing visibility and grip - reduced speed and longer buffer advised
EVT429205,2026-04-05 16:19:02,Concert,J009,Majestic,10972,Weekend,False,Clear,False,0.0,False,False,0.545,Moderate,20.7,38.5,129.3,0.096,0.222,0.952,Moderate traffic flow - standard adaptive signal timing in effect
EVT429206,2025-10-22 10:50:21,Religious Festival,J031,Cubbon Road,40577,Weekday,True,Rain,True,14.4,False,True,1.0,Severe,7.5,98.8,725.9,0.216,0.498,0.807,Road closure for event/procession - full detour recommended for through-traffic
EVT429207,2025-12-01 07:40:30,Concert,J030,MG Road,10738,Weekday,False,Clear,False,0.0,False,False,0.712,High,18.2,50.4,229.8,0.138,0.319,0.96,Moderate traffic flow - standard adaptive signal timing in effect
EVT429208,2025-08-16 07:27:14,Religious Festival,J011,Indiranagar 100ft Road,39633,Weekend,True,Clear,False,0.0,False,True,1.0,Severe,9.0,104.7,749.4,0.272,0.628,0.844,Road closure for event/procession - full detour recommended for through-traffic
EVT429209,2026-03-18 00:19:56,Local Market Day,J030,MG Road,3065,Weekday,False,Clear,False,0.0,False,False,0.147,Low,26.2,9.5,177.8,0.112,0.258,0.948,Normal free-flow traffic - standard signal timing maintained
EVT429210,2026-02-21 09:33:17,Local Market Day,J031,Cubbon Road,2876,Weekend,False,Clear,False,0.0,False,False,0.851,Severe,12.3,64.3,399.3,0.181,0.418,0.93,Heavy congestion detected - signal timing extended and reroute suggested
EVT429211,2026-06-03 08:39:23,Sports Fixture,J009,Majestic,30418,Weekday,False,Clear,False,0.0,False,False,1.0,Severe,8.5,68.7,601.6,0.211,0.486,0.916,Heavy congestion detected - signal timing extended and reroute suggested
EVT429212,2026-04-17 10:27:52,Trade Fair,J040,City Market,10112,Weekday,False,Clear,False,0.0,False,False,0.585,High,25.8,40.1,241.7,0.197,0.455,0.972,Moderate traffic flow - standard adaptive signal timing in effect
EVT429213,2025-03-26 07:23:04,Political Rally,J020,Malleshwaram Circle,9152,Weekday,False,Clear,False,0.0,False,False,0.588,High,24.1,30.0,226.0,0.174,0.403,0.96,Moderate traffic flow - standard adaptive signal timing in effect
EVT429214,2026-03-23 16:34:17,Political Rally,J011,Indiranagar 100ft Road,20667,Weekday,False,Clear,False,0.0,False,False,0.717,High,19.0,51.8,201.3,0.119,0.275,0.98,Moderate traffic flow - standard adaptive signal timing in effect
EVT429215,2026-01-30 14:37:33,Trade Fair,J040,City Market,12041,Weekday,False,Clear,False,0.0,False,False,0.246,Low,30.7,20.1,169.1,0.13,0.3,0.924,Normal free-flow traffic - standard signal timing maintained
EVT429216,2026-04-25 09:45:55,Trade Fair,J009,Majestic,8386,Weekend,False,Rain,True,8.0,False,False,0.806,Severe,14.5,66.3,317.1,0.176,0.407,0.904,Heavy rain reducing visibility and grip - reduced speed and longer buffer advised
EVT429217,2025-11-29 08:00:03,Trade Fair,J031,Cubbon Road,9926,Weekend,False,Clear,False,0.0,False,False,0.719,High,18.2,49.7,241.0,0.157,0.362,0.949,Moderate traffic flow - standard adaptive signal timing in effect
EVT429218,2026-04-27 18:38:37,Trade Fair,J012,Koramangala Sony World,7346,Weekday,False,Clear,False,0.0,False,False,1.0,Severe,9.9,76.9,681.4,0.274,0.634,0.945,Heavy congestion detected - signal timing extended and reroute suggested
EVT429219,2026-05-22 08:03:38,Trade Fair,J030,MG Road,8071,Weekday,False,Clear,False,0.0,False,False,0.926,Severe,12.2,66.5,329.2,0.159,0.368,0.922,Heavy congestion detected - signal timing extended and reroute suggested
EVT429220,2026-02-06 08:48:00,Trade Fair,J012,Koramangala Sony World,10616,Weekday,False,Fog,False,0.0,False,False,1.0,Severe,8.2,69.5,424.1,0.149,0.345,0.905,Heavy congestion detected - signal timing extended and reroute suggested
EVT429221,2025-01-23 10:29:30,Sports Fixture,J040,City Market,25615,Weekday,False,Clear,False,0.0,False,False,0.718,High,19.8,56.6,133.0,0.098,0.226,0.976,Moderate traffic flow - standard adaptive signal timing in effect
EVT429222,2025-08-20 18:18:52,Local Market Day,J031,Cubbon Road,4379,Weekday,False,Clear,False,0.0,False,False,1.0,Severe,9.7,72.7,430.5,0.188,0.435,0.914,Heavy congestion detected - signal timing extended and reroute suggested
EVT429223,2026-01-07 10:25:57,Concert,J011,Indiranagar 100ft Road,18320,Weekday,False,Clear,False,0.0,False,False,0.768,Severe,15.4,59.8,215.7,0.117,0.271,0.943,Heavy congestion detected - signal timing extended and reroute suggested
EVT429224,2025-04-21 07:38:00,Political Rally,J009,Majestic,22443,Weekday,False,Clear,False,0.0,False,False,0.75,Severe,17.4,50.8,446.0,0.253,0.584,0.943,Heavy congestion detected - signal timing extended and reroute suggested
EVT429225,2025-10-17 19:20:26,Concert,J009,Majestic,8092,Weekday,False,Clear,False,0.0,False,False,0.905,Severe,14.7,69.7,471.6,0.248,0.573,0.925,Heavy congestion detected - signal timing extended and reroute suggested
EVT429226,2025-01-22 17:32:53,Local Market Day,J012,Koramangala Sony World,4167,Weekday,False,Clear,False,0.0,False,False,0.832,Severe,15.0,61.1,164.6,0.09,0.209,0.932,Heavy congestion detected - signal timing extended and reroute suggested
EVT429227,2026-05-18 10:08:47,Concert,J030,MG Road,10144,Weekday,False,Clear,False,0.0,False,False,0.845,Severe,13.6,58.8,437.6,0.235,0.544,0.951,Heavy congestion detected - signal timing extended and reroute suggested
EVT429228,2025-11-28 15:06:17,Local Market Day,J030,MG Road,7430,Weekday,False,Clear,False,0.0,False,False,0.306,Low,28.2,20.9,101.9,0.082,0.189,0.946,Moderate traffic flow - standard adaptive signal timing in effect
EVT429229,2026-06-29 17:32:36,Sports Fixture,J020,Malleshwaram Circle,26409,Weekday,False,Clear,False,0.0,False,False,1.0,Severe,8.1,70.1,705.7,0.236,0.545,0.925,Heavy congestion detected - signal timing extended and reroute suggested
EVT429230,2026-05-11 01:24:42,Concert,J023,Basavanagudi,15629,Weekday,False,Clear,False,0.0,False,False,0.325,Low,30.9,19.1,180.2,0.145,0.335,0.984,Moderate traffic flow - standard adaptive signal timing in effect
EVT429231,2025-12-10 06:37:02,Political Rally,J011,Indiranagar 100ft Road,21005,Weekday,False,Clear,False,0.0,False,False,0.362,Moderate,38.6,29.0,133.9,0.107,0.248,0.982,Moderate traffic flow - standard adaptive signal timing in effect
EVT429232,2025-09-21 13:20:09,Concert,J031,Cubbon Road,16492,Weekend,False,Heavy Rain,True,26.2,False,False,0.663,High,22.6,46.9,270.1,0.213,0.491,0.924,Heavy rain reducing visibility and grip - reduced speed and longer buffer advised
EVT429233,2026-02-27 16:10:09,Sports Fixture,J011,Indiranagar 100ft Road,21384,Weekday,False,Clear,False,0.0,False,False,0.462,Moderate,23.1,30.7,261.3,0.187,0.432,0.948,Moderate traffic flow - standard adaptive signal timing in effect
EVT429234,2025-07-14 14:02:05,Local Market Day,J031,Cubbon Road,2734,Weekday,False,Clear,False,0.0,False,False,0.11,Low,29.6,7.0,67.2,0.047,0.11,0.954,Normal free-flow traffic - standard signal timing maintained
EVT429235,2026-03-29 09:32:27,Concert,J023,Basavanagudi,8533,Weekend,False,Clear,False,0.0,False,False,0.868,Severe,9.7,56.9,699.3,0.263,0.607,0.938,Heavy congestion detected - signal timing extended and reroute suggested
EVT429236,2026-06-23 07:35:51,Local Market Day,J040,City Market,2870,Weekday,False,Clear,False,0.0,False,False,0.575,High,22.8,46.8,304.9,0.221,0.512,0.961,Moderate traffic flow - standard adaptive signal timing in effect
EVT429237,2025-04-17 19:10:39,Local Market Day,J012,Koramangala Sony World,4449,Weekday,False,Clear,False,0.0,False,False,0.903,Severe,12.4,63.2,353.7,0.157,0.363,0.944,Heavy congestion detected - signal timing extended and reroute suggested
EVT429238,2026-02-21 22:49:19,Trade Fair,J040,City Market,8310,Weekend,False,Clear,False,0.0,False,False,0.312,Low,23.1,28.6,136.6,0.072,0.165,0.968,Moderate traffic flow - standard adaptive signal timing in effect
EVT429239,2025-05-21 14:36:25,Sports Fixture,J012,Koramangala Sony World,53594,Weekday,False,Rain,True,11.4,False,False,0.668,High,21.5,48.0,170.4,0.12,0.276,0.935,Heavy rain reducing visibility and grip - reduced speed and longer buffer advised
EVT429240,2025-02-28 20:22:00,Local Market Day,J011,Indiranagar 100ft Road,4820,Weekday,False,Clear,False,0.0,False,False,0.551,High,20.6,46.3,97.0,0.048,0.111,0.964,Moderate traffic flow - standard adaptive signal timing in effect
EVT429241,2025-01-19 20:14:54,Local Market Day,J009,Majestic,2450,Weekend,False,Clear,False,0.0,False,False,0.546,Moderate,19.5,35.5,115.0,0.075,0.173,0.955,Moderate traffic flow - standard adaptive signal timing in effect
EVT429242,2025-07-04 13:39:17,Sports Fixture,J012,Koramangala Sony World,24271,Weekday,False,Rain,True,24.1,False,False,0.538,Moderate,21.6,30.9,74.6,0.031,0.072,0.939,Light rain detected - minor speed reduction advised
EVT429243,2025-01-08 21:45:09,Local Market Day,J020,Malleshwaram Circle,4062,Weekday,False,Clear,False,0.0,False,False,0.246,Low,25.8,22.2,159.0,0.088,0.203,0.974,Normal free-flow traffic - standard signal timing maintained
EVT429244,2025-04-27 10:32:22,Local Market Day,J030,MG Road,3133,Weekend,False,Fog,False,0.0,False,False,0.55,Moderate,25.7,32.9,215.6,0.168,0.389,0.945,Moderate traffic flow - standard adaptive signal timing in effect
EVT429245,2025-04-11 18:17:05,Political Rally,J023,Basavanagudi,18897,Weekday,False,Clear,False,0.0,False,False,1.0,Severe,10.3,70.9,315.2,0.14,0.324,0.917,Heavy congestion detected - signal timing extended and reroute suggested
EVT429246,2025-01-06 09:12:18,Local Market Day,J012,Koramangala Sony World,2406,Weekday,False,Clear,False,0.0,False,False,1.0,Severe,7.9,76.1,755.5,0.242,0.56,0.937,Heavy congestion detected - signal timing extended and reroute suggested
EVT429247,2025-08-26 07:47:40,Local Market Day,J012,Koramangala Sony World,3938,Weekday,False,Clear,False,0.0,False,False,0.743,High,15.6,52.8,267.5,0.152,0.352,0.971,Moderate traffic flow - standard adaptive signal timing in effect
EVT429248,2025-10-13 12:41:59,Concert,J009,Majestic,11846,Weekday,False,Heavy Rain,True,25.9,False,False,0.555,High,19.6,42.1,243.3,0.131,0.302,0.915,Heavy rain reducing visibility and grip - reduced speed and longer buffer advised
EVT429249,2025-08-29 07:07:27,Local Market Day,J009,Majestic,6607,Weekday,False,Clear,False,0.0,False,False,0.491,Moderate,21.0,37.3,225.2,0.146,0.336,0.973,Moderate traffic flow - standard adaptive signal timing in effect
EVT429250,2026-05-27 16:54:24,Trade Fair,J020,Malleshwaram Circle,13273,Weekday,False,Clear,False,0.0,False,False,0.716,High,18.3,50.2,300.8,0.205,0.473,0.957,Moderate traffic flow - standard adaptive signal timing in effect
EVT429251,2025-03-30 06:06:02,Religious Festival,J012,Koramangala Sony World,45142,Weekend,True,Fog,False,0.0,False,True,0.929,Severe,8.5,93.4,520.4,0.163,0.376,0.832,Road closure for event/procession - full detour recommended for through-traffic
EVT429252,2026-04-21 18:57:05,Trade Fair,J023,Basavanagudi,3789,Weekday,False,Clear,False,0.0,False,False,1.0,Severe,8.7,70.1,689.4,0.229,0.528,0.921,Heavy congestion detected - signal timing extended and reroute suggested
EVT429253,2025-11-15 17:59:23,Concert,J012,Koramangala Sony World,10478,Weekend,False,Clear,False,0.0,False,False,0.858,Severe,12.9,59.2,427.4,0.213,0.492,0.962,Heavy congestion detected - signal timing extended and reroute suggested
EVT429254,2025-12-17 10:05:44,Trade Fair,J011,Indiranagar 100ft Road,9196,Weekday,False,Clear,False,0.0,False,False,0.791,Severe,15.6,57.5,359.1,0.207,0.479,0.948,Heavy congestion detected - signal timing extended and reroute suggested
EVT429255,2026-01-06 18:21:20,Trade Fair,J040,City Market,18878,Weekday,False,Clear,False,0.0,False,False,1.0,Severe,7.2,67.6,510.5,0.144,0.332,0.922,Heavy congestion detected - signal timing extended and reroute suggested
EVT429256,2025-09-19 22:42:28,Political Rally,J030,MG Road,16637,Weekday,False,Clear,False,0.0,False,False,0.242,Low,32.2,14.8,120.0,0.114,0.264,0.989,Normal free-flow traffic - standard signal timing maintained
EVT429257,2025-09-12 11:12:42,Concert,J031,Cubbon Road,20720,Weekday,False,Clear,False,0.0,False,False,0.467,Moderate,23.9,38.5,286.6,0.19,0.44,0.97,Moderate traffic flow - standard adaptive signal timing in effect
EVT429258,2025-12-02 08:07:04,Sports Fixture,J020,Malleshwaram Circle,13081,Weekday,False,Clear,False,0.0,False,False,0.898,Severe,12.5,66.2,355.9,0.156,0.36,0.949,Heavy congestion detected - signal timing extended and reroute suggested
EVT429259,2025-06-13 16:30:58,Trade Fair,J011,Indiranagar 100ft Road,10695,Weekday,False,Fog,False,0.0,False,False,0.669,High,19.1,49.3,288.7,0.176,0.406,0.965,Moderate traffic flow - standard adaptive signal timing in effect
EVT429260,2025-03-02 08:51:27,Local Market Day,J030,MG Road,2382,Weekend,False,Clear,False,0.0,False,False,0.786,Severe,18.0,60.1,330.6,0.189,0.436,0.976,Heavy congestion detected - signal timing extended and reroute suggested
EVT429261,2025-06-25 15:16:36,Concert,J009,Majestic,5986,Weekday,False,Clear,False,0.0,False,False,0.252,Low,38.9,13.2,44.6,0.041,0.094,0.965,Moderate traffic flow - standard adaptive signal timing in effect
EVT429262,2026-01-16 18:01:45,Concert,J040,City Market,5780,Weekday,False,Clear,False,0.0,False,False,1.0,Severe,7.7,73.5,452.9,0.135,0.312,0.905,Heavy congestion detected - signal timing extended and reroute suggested
EVT429263,2026-03-25 13:36:54,Sports Fixture,J031,Cubbon Road,18185,Weekday,False,Clear,False,0.0,False,False,0.216,Low,36.7,19.2,171.3,0.155,0.359,0.963,Normal free-flow traffic - standard signal timing maintained
EVT429264,2025-12-12 18:57:25,Concert,J030,MG Road,9738,Weekday,False,Clear,False,0.0,False,False,1.0,Severe,6.9,66.8,934.2,0.276,0.638,0.931,Heavy congestion detected - signal timing extended and reroute suggested
EVT429265,2026-06-06 13:56:15,Trade Fair,J011,Indiranagar 100ft Road,6863,Weekend,False,Clear,False,0.0,False,False,0.251,Low,38.2,21.3,145.7,0.165,0.381,0.954,Moderate traffic flow - standard adaptive signal timing in effect
EVT429266,2025-08-12 06:17:59,Trade Fair,J030,MG Road,6699,Weekday,False,Clear,False,0.0,False,False,0.287,Low,27.8,15.4,128.3,0.106,0.245,0.966,Moderate traffic flow - standard adaptive signal timing in effect
EVT429267,2025-12-04 09:20:01,Political Rally,J020,Malleshwaram Circle,15742,Weekday,False,Clear,False,0.0,False,False,1.0,Severe,8.6,69.1,370.1,0.129,0.297,0.912,Heavy congestion detected - signal timing extended and reroute suggested
EVT429268,2025-07-25 13:08:06,Trade Fair,J011,Indiranagar 100ft Road,8248,Weekday,False,Clear,False,0.0,False,False,0.282,Low,38.4,15.0,105.8,0.082,0.19,0.967,Moderate traffic flow - standard adaptive signal timing in effect
EVT429269,2025-12-12 06:17:46,Local Market Day,J009,Majestic,3173,Weekday,False,Clear,False,0.0,False,False,0.294,Low,30.2,14.5,144.2,0.118,0.272,0.958,Moderate traffic flow - standard adaptive signal timing in effect
EVT429270,2025-05-17 18:14:01,Concert,J040,City Market,8932,Weekend,False,Clear,False,0.0,False,False,0.833,Severe,14.7,60.4,357.5,0.19,0.439,0.957,Heavy congestion detected - signal timing extended and reroute suggested
EVT429271,2026-01-29 04:25:08,Trade Fair,J012,Koramangala Sony World,8754,Weekday,False,Clear,False,0.0,False,False,0.216,Low,39.3,19.3,131.8,0.109,0.252,0.975,Normal free-flow traffic - standard signal timing maintained
EVT429272,2025-06-10 17:50:23,Local Market Day,J031,Cubbon Road,2635,Weekday,False,Clear,False,0.0,False,False,0.963,Severe,8.4,69.9,520.2,0.176,0.406,0.912,Heavy congestion detected - signal timing extended and reroute suggested
EVT429273,2026-02-21 18:37:55,Sports Fixture,J012,Koramangala Sony World,12176,Weekend,False,Clear,False,0.0,False,False,0.932,Severe,12.1,67.8,260.4,0.13,0.3,0.963,Heavy congestion detected - signal timing extended and reroute suggested
EVT429274,2026-05-04 12:08:16,Concert,J030,MG Road,23265,Weekday,False,Clear,False,0.0,False,False,0.393,Moderate,29.0,24.1,124.5,0.084,0.194,0.963,Moderate traffic flow - standard adaptive signal timing in effect
EVT429275,2026-02-26 17:20:02,Sports Fixture,J020,Malleshwaram Circle,17319,Weekday,False,Clear,False,0.0,False,False,0.809,Severe,12.0,64.1,425.1,0.188,0.433,0.945,Heavy congestion detected - signal timing extended and reroute suggested
EVT429276,2025-11-23 06:08:07,Concert,J012,Koramangala Sony World,12088,Weekend,False,Clear,False,0.0,False,False,0.443,Moderate,23.3,28.0,170.2,0.108,0.249,0.94,Moderate traffic flow - standard adaptive signal timing in effect
EVT429277,2025-10-21 06:06:40,Religious Festival,J040,City Market,58097,Weekday,True,Clear,False,0.0,False,False,0.77,Severe,19.7,50.6,199.4,0.12,0.277,0.919,Festival crowd surge detected - alternate route and extended cycle recommended
EVT429278,2026-02-07 17:51:19,Political Rally,J031,Cubbon Road,16217,Weekend,False,Clear,False,0.0,False,False,0.801,Severe,13.2,57.5,318.3,0.145,0.336,0.944,Heavy congestion detected - signal timing extended and reroute suggested
EVT429279,2025-11-29 14:32:52,Trade Fair,J020,Malleshwaram Circle,17722,Weekend,False,Rain,True,12.9,False,False,0.516,Moderate,25.8,41.7,145.3,0.113,0.262,0.911,Light rain detected - minor speed reduction advised
EVT429280,2025-07-01 19:47:58,Local Market Day,J011,Indiranagar 100ft Road,3781,Weekday,False,Heavy Rain,True,33.6,False,False,1.0,Severe,7.0,73.4,1151.5,0.314,0.726,0.849,Heavy rain reducing visibility and grip - reduced speed and longer buffer advised
EVT429281,2026-04-30 10:47:43,Local Market Day,J020,Malleshwaram Circle,4248,Weekday,False,Clear,False,0.0,False,False,0.502,Moderate,19.7,35.8,192.7,0.097,0.224,0.949,Moderate traffic flow - standard adaptive signal timing in effect
EVT429282,2025-01-15 14:50:29,Religious Festival,J020,Malleshwaram Circle,44460,Weekday,True,Clear,False,0.0,False,True,0.832,High,14.6,82.7,245.4,0.123,0.285,0.844,Road closure for event/procession - full detour recommended for through-traffic
EVT429283,2025-09-05 09:08:55,Religious Festival,J009,Majestic,53623,Weekday,True,Rain,True,16.9,False,True,1.0,Severe,6.9,100.5,812.4,0.249,0.574,0.773,Road closure for event/procession - full detour recommended for through-traffic
EVT429284,2026-03-12 21:24:56,Local Market Day,J023,Basavanagudi,3521,Weekday,False,Clear,False,0.0,False,False,0.342,Low,30.3,23.7,112.3,0.071,0.165,0.954,Moderate traffic flow - standard adaptive signal timing in effect
EVT429285,2025-02-28 07:54:49,Trade Fair,J020,Malleshwaram Circle,9206,Weekday,False,Clear,False,0.0,False,False,0.843,Severe,12.2,63.6,285.4,0.139,0.32,0.921,Heavy congestion detected - signal timing extended and reroute suggested
EVT429286,2025-02-20 18:09:41,Concert,J030,MG Road,10284,Weekday,False,Clear,False,0.0,False,False,1.0,Severe,8.3,72.3,684.1,0.244,0.563,0.952,Heavy congestion detected - signal timing extended and reroute suggested
EVT429287,2025-07-11 12:59:08,Sports Fixture,J012,Koramangala Sony World,25190,Weekday,False,Rain,True,22.9,False,False,0.604,High,16.2,45.3,308.5,0.157,0.362,0.892,Heavy rain reducing visibility and grip - reduced speed and longer buffer advised
EVT429288,2026-02-03 21:52:30,Local Market Day,J030,MG Road,2801,Weekday,False,Clear,False,0.0,False,False,0.272,Low,27.6,15.9,158.0,0.124,0.286,0.943,Moderate traffic flow - standard adaptive signal timing in effect
EVT429289,2025-07-27 20:11:21,Trade Fair,J011,Indiranagar 100ft Road,10199,Weekend,False,Clear,False,0.0,False,False,0.642,High,18.6,43.3,218.3,0.152,0.35,0.964,Moderate traffic flow - standard adaptive signal timing in effect
EVT429290,2025-04-10 17:30:54,Sports Fixture,J040,City Market,25054,Weekday,False,Clear,False,0.0,False,False,0.994,Severe,8.4,71.7,445.3,0.182,0.42,0.931,Heavy congestion detected - signal timing extended and reroute suggested
EVT429291,2025-10-05 18:38:07,Sports Fixture,J031,Cubbon Road,26676,Weekend,False,Rain,True,23.9,False,False,1.0,Severe,7.7,75.4,486.8,0.151,0.348,0.876,Heavy rain reducing visibility and grip - reduced speed and longer buffer advised
EVT429292,2026-05-28 11:09:28,Concert,J040,City Market,12373,Weekday,False,Clear,False,0.0,False,False,0.412,Moderate,27.6,30.5,216.3,0.151,0.35,0.982,Moderate traffic flow - standard adaptive signal timing in effect
EVT429293,2025-11-16 11:06:25,Local Market Day,J020,Malleshwaram Circle,4024,Weekend,False,Clear,False,0.0,False,False,0.399,Moderate,26.2,30.0,198.8,0.14,0.322,0.972,Moderate traffic flow - standard adaptive signal timing in effect
EVT429294,2026-03-30 15:00:47,Concert,J012,Koramangala Sony World,15746,Weekday,False,Light Rain,True,6.5,False,False,0.387,Moderate,34.7,28.0,139.2,0.128,0.295,0.912,Light rain detected - minor speed reduction advised
EVT429295,2026-02-26 08:29:16,Sports Fixture,J011,Indiranagar 100ft Road,11371,Weekday,False,Light Rain,True,3.3,True,False,1.0,Severe,8.8,70.3,755.1,0.248,0.573,0.68,Accident detected nearby - reroute and reduced speed advised
EVT429296,2025-07-24 12:11:19,Local Market Day,J011,Indiranagar 100ft Road,4959,Weekday,False,Heavy Rain,True,38.7,False,False,0.529,Moderate,22.1,32.2,339.7,0.22,0.507,0.927,Light rain detected - minor speed reduction advised
EVT429297,2026-04-28 20:31:29,Sports Fixture,J031,Cubbon Road,24807,Weekday,False,Clear,False,0.0,False,False,0.658,High,16.5,46.0,318.3,0.182,0.42,0.961,Moderate traffic flow - standard adaptive signal timing in effect
EVT429298,2025-04-04 14:46:33,Local Market Day,J020,Malleshwaram Circle,5121,Weekday,False,Rain,True,12.6,False,False,0.375,Moderate,32.8,18.9,170.5,0.161,0.371,0.914,Light rain detected - minor speed reduction advised
EVT429299,2025-03-25 09:25:01,Concert,J012,Koramangala Sony World,8333,Weekday,False,Light Rain,True,2.7,False,False,1.0,Severe,8.0,67.1,877.5,0.262,0.604,0.852,Heavy rain reducing visibility and grip - reduced speed and longer buffer advised
EVT429300,2026-01-31 06:00:22,Sports Fixture,J031,Cubbon Road,24859,Weekend,False,Clear,False,0.0,False,False,0.341,Low,28.0,25.5,134.1,0.105,0.242,0.976,Moderate traffic flow - standard adaptive signal timing in effect
EVT429301,2026-01-28 21:14:50,Political Rally,J020,Malleshwaram Circle,18881,Weekday,False,Clear,False,0.0,False,False,0.458,Moderate,22.6,38.1,222.1,0.132,0.306,0.976,Moderate traffic flow - standard adaptive signal timing in effect
EVT429302,2026-05-29 15:24:08,Local Market Day,J020,Malleshwaram Circle,2768,Weekday,False,Clear,False,0.0,False,False,0.33,Low,22.3,16.0,132.7,0.083,0.192,0.978,Moderate traffic flow - standard adaptive signal timing in effect
EVT429303,2025-02-25 18:58:20,Sports Fixture,J031,Cubbon Road,17772,Weekday,False,Clear,False,0.0,False,False,1.0,Severe,12.7,73.1,315.5,0.132,0.305,0.927,Heavy congestion detected - signal timing extended and reroute suggested
EVT429304,2025-02-02 17:27:16,Political Rally,J030,MG Road,20883,Weekend,False,Clear,False,0.0,False,False,0.851,Severe,10.1,62.6,393.3,0.149,0.345,0.946,Heavy congestion detected - signal timing extended and reroute suggested
EVT429305,2026-05-17 22:24:02,Local Market Day,J030,MG Road,1971,Weekend,False,Clear,False,0.0,False,False,0.296,Low,38.3,22.6,158.0,0.144,0.333,0.987,Moderate traffic flow - standard adaptive signal timing in effect
EVT429306,2025-11-04 16:28:30,Sports Fixture,J040,City Market,20540,Weekday,False,Clear,False,0.0,False,False,0.668,High,18.7,53.8,295.0,0.186,0.429,0.968,Moderate traffic flow - standard adaptive signal timing in effect
EVT429307,2026-01-06 10:24:54,Local Market Day,J031,Cubbon Road,4576,Weekday,False,Clear,False,0.0,False,False,0.595,High,22.7,48.2,168.6,0.098,0.227,0.94,Moderate traffic flow - standard adaptive signal timing in effect
EVT429308,2025-10-06 17:57:48,Sports Fixture,J009,Majestic,21139,Weekday,False,Heavy Rain,True,35.5,False,False,1.0,Severe,6.1,69.9,796.6,0.21,0.485,0.862,Heavy rain reducing visibility and grip - reduced speed and longer buffer advised
EVT429309,2025-02-24 17:30:05,Local Market Day,J030,MG Road,5252,Weekday,False,Clear,False,0.0,False,False,0.9,Severe,11.1,60.5,414.1,0.177,0.409,0.924,Heavy congestion detected - signal timing extended and reroute suggested
EVT429310,2025-03-21 10:31:30,Sports Fixture,J030,MG Road,18623,Weekday,False,Clear,False,0.0,False,False,0.673,High,22.3,44.9,91.6,0.075,0.173,0.951,Moderate traffic flow - standard adaptive signal timing in effect
EVT429311,2025-02-05 07:50:14,Local Market Day,J020,Malleshwaram Circle,6562,Weekday,False,Clear,False,0.0,False,False,0.762,Severe,14.9,54.9,545.4,0.304,0.701,0.947,Heavy congestion detected - signal timing extended and reroute suggested
EVT429312,2025-03-17 14:56:15,Local Market Day,J011,Indiranagar 100ft Road,4525,Weekday,False,Clear,False,0.0,False,False,0.208,Low,32.7,13.9,142.3,0.124,0.287,0.958,Normal free-flow traffic - standard signal timing maintained
EVT429313,2026-03-10 17:14:31,Sports Fixture,J020,Malleshwaram Circle,30253,Weekday,False,Clear,False,0.0,False,False,0.921,Severe,10.9,61.8,448.8,0.195,0.45,0.929,Heavy congestion detected - signal timing extended and reroute suggested
EVT429314,2025-03-20 08:18:43,Local Market Day,J020,Malleshwaram Circle,6272,Weekday,False,Clear,False,0.0,False,False,0.921,Severe,8.9,65.1,419.8,0.152,0.351,0.925,Heavy congestion detected - signal timing extended and reroute suggested
EVT429315,2025-04-10 16:56:41,Trade Fair,J009,Majestic,7453,Weekday,False,Clear,False,0.0,False,False,0.732,High,15.9,49.8,266.6,0.148,0.341,0.959,Moderate traffic flow - standard adaptive signal timing in effect
EVT429316,2025-01-16 09:43:35,Sports Fixture,J031,Cubbon Road,35743,Weekday,False,Clear,False,0.0,False,False,1.0,Severe,7.9,70.0,584.9,0.17,0.393,0.905,Heavy congestion detected - signal timing extended and reroute suggested
EVT429317,2025-01-27 06:17:56,Religious Festival,J030,MG Road,32003,Weekday,True,Clear,False,0.0,False,False,0.62,High,21.4,46.5,273.8,0.186,0.429,0.914,Festival crowd surge detected - alternate route and extended cycle recommended
EVT429318,2025-02-08 11:29:39,Local Market Day,J031,Cubbon Road,4603,Weekend,False,Clear,False,0.0,False,False,0.331,Low,30.3,26.4,211.6,0.191,0.441,0.981,Moderate traffic flow - standard adaptive signal timing in effect
EVT429319,2026-02-18 01:00:09,Local Market Day,J012,Koramangala Sony World,5202,Weekday,False,Clear,False,0.0,False,False,0.213,Low,25.1,23.4,136.3,0.094,0.217,0.964,Normal free-flow traffic - standard signal timing maintained
EVT429320,2025-02-06 15:02:49,Local Market Day,J009,Majestic,4339,Weekday,False,Clear,False,0.0,False,False,0.183,Low,28.1,13.4,199.2,0.132,0.304,0.986,Normal free-flow traffic - standard signal timing maintained
EVT429321,2025-01-02 17:42:02,Sports Fixture,J020,Malleshwaram Circle,18674,Weekday,False,Clear,False,0.0,False,False,1.0,Severe,7.6,70.0,376.7,0.123,0.283,0.916,Heavy congestion detected - signal timing extended and reroute suggested
EVT429322,2026-04-18 10:06:59,Trade Fair,J031,Cubbon Road,6819,Weekend,False,Clear,False,0.0,False,False,0.642,High,18.3,41.6,336.0,0.182,0.421,0.943,Moderate traffic flow - standard adaptive signal timing in effect
EVT429323,2026-03-10 13:21:36,Trade Fair,J020,Malleshwaram Circle,12325,Weekday,False,Clear,False,0.0,False,False,0.238,Low,28.3,12.4,248.8,0.199,0.46,0.945,Normal free-flow traffic - standard signal timing maintained
EVT429324,2025-06-09 14:21:10,Sports Fixture,J040,City Market,31658,Weekday,False,Rain,True,10.5,False,False,0.517,Moderate,20.8,35.7,155.2,0.097,0.224,0.926,Light rain detected - minor speed reduction advised
EVT429325,2025-01-15 17:23:09,Cultural Procession,J031,Cubbon Road,14895,Weekday,True,Clear,False,0.0,False,True,1.0,Severe,9.4,100.6,541.1,0.2,0.463,0.837,Road closure for event/procession - full detour recommended for through-traffic
EVT429326,2025-04-01 16:04:30,Concert,J011,Indiranagar 100ft Road,14550,Weekday,False,Clear,False,0.0,False,False,0.631,High,16.4,42.9,214.1,0.122,0.282,0.97,Moderate traffic flow - standard adaptive signal timing in effect
EVT429327,2025-03-11 09:48:33,Local Market Day,J023,Basavanagudi,5724,Weekday,False,Clear,False,0.0,False,False,0.829,Severe,16.0,61.4,297.6,0.165,0.381,0.957,Heavy congestion detected - signal timing extended and reroute suggested
EVT429328,2026-03-10 09:28:57,Concert,J011,Indiranagar 100ft Road,11352,Weekday,False,Clear,False,0.0,False,False,1.0,Severe,9.2,70.5,892.7,0.312,0.72,0.929,Heavy congestion detected - signal timing extended and reroute suggested
EVT429329,2025-05-20 16:17:02,Concert,J031,Cubbon Road,11345,Weekday,False,Clear,False,0.0,False,False,0.461,Moderate,25.1,34.4,266.3,0.175,0.405,0.94,Moderate traffic flow - standard adaptive signal timing in effect
EVT429330,2025-08-11 01:04:35,Sports Fixture,J009,Majestic,37767,Weekday,False,Clear,False,0.0,False,False,0.38,Moderate,38.1,29.7,123.4,0.125,0.289,0.966,Moderate traffic flow - standard adaptive signal timing in effect
EVT429331,2026-06-06 13:44:53,Political Rally,J040,City Market,23552,Weekend,False,Clear,False,0.0,False,False,0.412,Moderate,27.2,34.9,122.5,0.093,0.216,0.947,Moderate traffic flow - standard adaptive signal timing in effect
EVT429332,2025-01-24 09:14:27,Trade Fair,J011,Indiranagar 100ft Road,6290,Weekday,False,Clear,False,0.0,False,False,1.0,Severe,6.1,65.5,839.4,0.198,0.458,0.939,Heavy congestion detected - signal timing extended and reroute suggested
EVT429333,2025-10-17 19:02:59,Concert,J009,Majestic,13811,Weekday,False,Clear,False,0.0,False,False,1.0,Severe,9.1,75.8,551.0,0.217,0.501,0.938,Heavy congestion detected - signal timing extended and reroute suggested
EVT429334,2026-02-01 14:28:53,Concert,J011,Indiranagar 100ft Road,6809,Weekend,False,Clear,False,0.0,False,False,0.284,Low,37.0,18.9,141.8,0.153,0.354,0.942,Moderate traffic flow - standard adaptive signal timing in effect
EVT429335,2025-05-17 08:46:50,Trade Fair,J040,City Market,12417,Weekend,False,Heavy Rain,True,28.4,False,False,1.0,Severe,8.7,77.2,849.2,0.299,0.691,0.871,Heavy rain reducing visibility and grip - reduced speed and longer buffer advised
EVT429336,2025-09-04 14:49:29,Local Market Day,J009,Majestic,2854,Weekday,False,Clear,False,0.0,False,False,0.188,Low,36.8,11.0,85.3,0.076,0.175,0.987,Normal free-flow traffic - standard signal timing maintained
EVT429337,2026-03-17 08:01:32,Sports Fixture,J023,Basavanagudi,14111,Weekday,False,Clear,False,0.0,False,False,0.918,Severe,11.9,67.0,335.2,0.16,0.37,0.944,Heavy congestion detected - signal timing extended and reroute suggested
EVT429338,2025-01-21 14:51:02,Political Rally,J023,Basavanagudi,16078,Weekday,False,Clear,False,0.0,False,False,0.252,Low,37.1,20.3,119.4,0.103,0.237,0.936,Moderate traffic flow - standard adaptive signal timing in effect
EVT429339,2025-12-26 18:21:18,Cultural Procession,J023,Basavanagudi,12142,Weekday,True,Light Rain,True,2.2,False,True,1.0,Severe,6.8,104.2,500.9,0.162,0.373,0.791,Road closure for event/procession - full detour recommended for through-traffic
EVT429340,2026-02-13 19:03:24,Trade Fair,J009,Majestic,6519,Weekday,False,Fog,False,0.0,False,False,0.957,Severe,9.0,69.6,510.0,0.182,0.421,0.924,Heavy congestion detected - signal timing extended and reroute suggested
EVT429341,2025-12-12 17:39:38,Trade Fair,J040,City Market,6063,Weekday,False,Clear,False,0.0,False,False,1.0,Severe,8.6,74.5,503.8,0.172,0.398,0.906,Heavy congestion detected - signal timing extended and reroute suggested
EVT429342,2025-10-28 09:21:12,Trade Fair,J023,Basavanagudi,12684,Weekday,False,Clear,False,0.0,False,False,1.0,Severe,8.5,71.1,684.6,0.218,0.503,0.934,Heavy congestion detected - signal timing extended and reroute suggested
EVT429343,2025-04-07 16:06:28,Religious Festival,J011,Indiranagar 100ft Road,55574,Weekday,True,Rain,True,15.1,False,True,1.0,Severe,6.8,96.8,445.9,0.149,0.344,0.761,Road closure for event/procession - full detour recommended for through-traffic
EVT429344,2026-05-08 16:39:11,Local Market Day,J012,Koramangala Sony World,4781,Weekday,False,Clear,False,0.0,False,False,0.646,High,16.6,46.8,307.5,0.162,0.374,0.949,Moderate traffic flow - standard adaptive signal timing in effect
EVT429345,2025-07-01 17:12:31,Local Market Day,J040,City Market,2450,Weekday,False,Clear,False,0.0,False,False,0.753,Severe,24.9,47.4,160.5,0.133,0.307,0.973,Heavy congestion detected - signal timing extended and reroute suggested
EVT429346,2025-02-14 12:41:06,Local Market Day,J040,City Market,5733,Weekday,False,Clear,False,0.0,False,False,0.246,Low,36.7,16.0,166.3,0.156,0.36,0.942,Normal free-flow traffic - standard signal timing maintained
EVT429347,2025-12-01 04:47:39,Political Rally,J020,Malleshwaram Circle,8323,Weekday,False,Clear,False,0.0,False,False,0.252,Low,36.8,14.9,136.6,0.137,0.317,0.951,Moderate traffic flow - standard adaptive signal timing in effect
EVT429348,2026-03-31 20:50:55,Concert,J030,MG Road,10683,Weekday,False,Clear,False,0.0,False,False,0.519,Moderate,22.8,34.1,210.7,0.149,0.344,0.953,Moderate traffic flow - standard adaptive signal timing in effect
EVT429349,2025-12-28 13:35:57,Local Market Day,J012,Koramangala Sony World,4296,Weekend,False,Clear,False,0.0,False,False,0.247,Low,34.8,22.6,169.9,0.148,0.341,0.983,Normal free-flow traffic - standard signal timing maintained
EVT429350,2025-05-16 08:08:21,Trade Fair,J023,Basavanagudi,9541,Weekday,False,Clear,False,0.0,False,False,0.967,Severe,10.0,69.2,454.6,0.175,0.404,0.922,Heavy congestion detected - signal timing extended and reroute suggested
EVT429351,2025-03-31 14:39:27,Fireworks Display,J020,Malleshwaram Circle,27233,Weekday,True,Clear,False,0.0,False,False,0.58,High,20.7,42.8,339.9,0.222,0.513,0.916,Festival crowd surge detected - alternate route and extended cycle recommended
EVT429352,2025-01-30 14:51:35,Concert,J011,Indiranagar 100ft Road,18325,Weekday,False,Light Rain,True,5.8,False,False,0.406,Moderate,32.3,26.7,208.4,0.167,0.386,0.892,Light rain detected - minor speed reduction advised
EVT429353,2025-07-20 11:02:29,Trade Fair,J023,Basavanagudi,8879,Weekend,False,Heavy Rain,True,50.9,False,False,0.73,High,19.0,58.0,378.7,0.227,0.525,0.916,Heavy rain reducing visibility and grip - reduced speed and longer buffer advised
EVT429354,2025-09-25 19:33:59,Sports Fixture,J011,Indiranagar 100ft Road,11610,Weekday,False,Clear,False,0.0,False,False,0.93,Severe,12.0,63.7,420.4,0.173,0.4,0.912,Heavy congestion detected - signal timing extended and reroute suggested
EVT429355,2026-03-03 09:03:04,Local Market Day,J030,MG Road,6325,Weekday,False,Clear,False,0.0,False,False,1.0,Severe,8.2,68.9,507.3,0.175,0.404,0.891,Heavy congestion detected - signal timing extended and reroute suggested
EVT429356,2025-06-22 19:21:34,Local Market Day,J020,Malleshwaram Circle,2569,Weekend,False,Rain,True,17.9,False,False,0.958,Severe,11.4,65.4,571.2,0.249,0.576,0.85,Heavy rain reducing visibility and grip - reduced speed and longer buffer advised
EVT429357,2025-11-23 20:51:04,Sports Fixture,J031,Cubbon Road,16668,Weekend,False,Clear,False,0.0,False,False,0.519,Moderate,23.1,39.5,213.1,0.156,0.361,0.961,Moderate traffic flow - standard adaptive signal timing in effect
EVT429358,2025-11-27 13:59:57,Political Rally,J023,Basavanagudi,24329,Weekday,False,Clear,False,0.0,False,False,0.26,Low,35.2,13.6,154.4,0.134,0.31,0.951,Moderate traffic flow - standard adaptive signal timing in effect
EVT429359,2025-12-30 09:41:02,Local Market Day,J020,Malleshwaram Circle,5386,Weekday,False,Clear,False,0.0,False,False,0.972,Severe,8.7,73.2,421.6,0.177,0.41,0.944,Heavy congestion detected - signal timing extended and reroute suggested
EVT429360,2025-03-31 21:14:37,Fireworks Display,J012,Koramangala Sony World,18777,Weekday,True,Clear,False,0.0,False,False,0.745,High,16.4,56.6,370.0,0.219,0.505,0.908,Festival crowd surge detected - alternate route and extended cycle recommended
EVT429361,2026-04-25 08:29:12,Trade Fair,J030,MG Road,7854,Weekend,False,Clear,False,0.0,False,False,0.841,Severe,14.6,52.1,345.1,0.188,0.433,0.945,Heavy congestion detected - signal timing extended and reroute suggested
EVT429362,2025-03-29 20:12:16,Local Market Day,J011,Indiranagar 100ft Road,6568,Weekend,False,Clear,False,0.0,False,False,0.532,Moderate,21.9,37.3,86.3,0.046,0.106,0.957,Moderate traffic flow - standard adaptive signal timing in effect
EVT429363,2026-02-08 22:07:50,Sports Fixture,J012,Koramangala Sony World,33197,Weekend,False,Clear,False,0.0,False,False,0.509,Moderate,27.7,36.4,159.2,0.132,0.305,0.954,Moderate traffic flow - standard adaptive signal timing in effect
EVT429364,2025-10-01 07:17:30,Local Market Day,J009,Majestic,3325,Weekday,False,Clear,False,0.0,False,False,0.56,High,21.8,37.9,260.1,0.164,0.38,0.967,Moderate traffic flow - standard adaptive signal timing in effect
EVT429365,2026-01-06 20:45:57,Political Rally,J009,Majestic,12884,Weekday,False,Clear,False,0.0,False,False,0.584,High,22.8,34.9,241.7,0.137,0.316,0.977,Moderate traffic flow - standard adaptive signal timing in effect
EVT429366,2026-04-09 17:43:32,Concert,J031,Cubbon Road,15910,Weekday,False,Clear,False,0.0,False,False,1.0,Severe,8.9,73.7,773.6,0.279,0.645,0.881,Heavy congestion detected - signal timing extended and reroute suggested
EVT429367,2025-09-06 16:35:00,Cultural Procession,J020,Malleshwaram Circle,23560,Weekend,True,Clear,False,0.0,False,True,1.0,Severe,7.5,97.4,774.5,0.242,0.559,0.845,Road closure for event/procession - full detour recommended for through-traffic
EVT429368,2026-02-17 13:12:31,Local Market Day,J030,MG Road,3671,Weekday,False,Clear,False,0.0,False,False,0.204,Low,21.5,9.9,175.3,0.112,0.26,0.958,Normal free-flow traffic - standard signal timing maintained
EVT429369,2025-08-16 04:34:03,Fireworks Display,J020,Malleshwaram Circle,48091,Weekend,True,Light Rain,True,5.3,False,False,0.842,Severe,12.4,65.5,455.2,0.2,0.461,0.846,Festival crowd surge detected - alternate route and extended cycle recommended
EVT429370,2025-03-28 10:26:13,Sports Fixture,J012,Koramangala Sony World,12848,Weekday,False,Clear,False,0.0,False,False,0.644,High,19.9,36.5,281.2,0.189,0.436,0.977,Moderate traffic flow - standard adaptive signal timing in effect
EVT429371,2025-03-03 06:47:42,Trade Fair,J031,Cubbon Road,6144,Weekday,False,Clear,False,0.0,False,False,0.483,Moderate,31.9,33.7,105.2,0.075,0.173,0.955,Moderate traffic flow - standard adaptive signal timing in effect
EVT429372,2026-03-11 15:34:05,Local Market Day,J020,Malleshwaram Circle,3398,Weekday,False,Clear,False,0.0,False,False,0.258,Low,30.1,15.4,116.9,0.087,0.2,0.974,Moderate traffic flow - standard adaptive signal timing in effect
EVT429373,2025-07-12 10:35:53,Trade Fair,J040,City Market,8733,Weekend,False,Clear,False,0.0,False,False,0.551,High,25.6,42.6,245.2,0.179,0.414,0.964,Moderate traffic flow - standard adaptive signal timing in effect
EVT429374,2026-03-11 09:52:29,Sports Fixture,J020,Malleshwaram Circle,27317,Weekday,False,Clear,False,0.0,False,False,1.0,Severe,8.6,70.5,664.8,0.251,0.581,0.921,Heavy congestion detected - signal timing extended and reroute suggested
EVT429375,2025-03-27 09:39:53,Political Rally,J023,Basavanagudi,15768,Weekday,False,Clear,False,0.0,False,False,1.0,Severe,7.8,66.2,619.2,0.195,0.45,0.909,Heavy congestion detected - signal timing extended and reroute suggested
EVT429376,2026-06-25 17:36:20,Local Market Day,J012,Koramangala Sony World,2486,Weekday,False,Clear,False,0.0,False,False,0.909,Severe,12.5,65.8,461.4,0.211,0.488,0.908,Heavy congestion detected - signal timing extended and reroute suggested
EVT429377,2026-06-18 11:01:01,Local Market Day,J023,Basavanagudi,1505,Weekday,False,Clear,False,0.0,False,False,0.532,Moderate,24.4,38.2,173.5,0.134,0.309,0.931,Moderate traffic flow - standard adaptive signal timing in effect
EVT429378,2026-05-10 15:48:25,Local Market Day,J031,Cubbon Road,2993,Weekend,False,Light Rain,True,5.1,False,False,0.55,Moderate,32.1,43.6,157.3,0.145,0.335,0.904,Light rain detected - minor speed reduction advised
EVT429379,2026-05-21 23:18:09,Concert,J012,Koramangala Sony World,17100,Weekday,False,Rain,True,14.8,False,False,0.454,Moderate,26.9,25.3,156.1,0.122,0.282,0.901,Light rain detected - minor speed reduction advised
EVT429380,2026-06-01 17:43:21,Political Rally,J009,Majestic,10875,Weekday,False,Clear,False,0.0,False,False,1.0,Severe,8.5,75.7,651.7,0.254,0.587,0.9,Heavy congestion detected - signal timing extended and reroute suggested
EVT429381,2025-08-27 15:10:22,Fireworks Display,J023,Basavanagudi,41335,Weekday,True,Clear,False,0.0,False,False,0.693,High,18.5,47.2,320.6,0.184,0.424,0.912,Festival crowd surge detected - alternate route and extended cycle recommended
EVT429382,2025-03-16 17:02:14,Political Rally,J020,Malleshwaram Circle,15911,Weekend,False,Clear,False,0.0,False,False,0.711,High,14.4,56.2,197.6,0.112,0.259,0.975,Moderate traffic flow - standard adaptive signal timing in effect
EVT429383,2026-02-19 17:39:22,Trade Fair,J009,Majestic,8168,Weekday,False,Clear,False,0.0,False,False,1.0,Severe,9.1,69.7,651.7,0.236,0.545,0.933,Heavy congestion detected - signal timing extended and reroute suggested
EVT429384,2025-03-05 07:28:45,Local Market Day,J020,Malleshwaram Circle,3955,Weekday,False,Clear,False,0.0,True,False,0.984,Severe,9.2,71.3,564.9,0.213,0.492,0.787,Accident detected nearby - reroute and reduced speed advised
EVT429385,2026-04-19 17:01:56,Trade Fair,J020,Malleshwaram Circle,5909,Weekend,False,Clear,False,0.0,False,False,0.735,High,15.5,58.0,263.3,0.14,0.323,0.945,Moderate traffic flow - standard adaptive signal timing in effect
EVT429386,2026-02-26 09:38:09,Concert,J011,Indiranagar 100ft Road,12958,Weekday,False,Clear,False,0.0,False,False,1.0,Severe,7.2,69.1,757.0,0.245,0.566,0.91,Heavy congestion detected - signal timing extended and reroute suggested
EVT429387,2026-01-07 17:01:29,Local Market Day,J031,Cubbon Road,4618,Weekday,False,Clear,False,0.0,False,False,0.743,High,15.7,54.8,268.7,0.146,0.337,0.961,Moderate traffic flow - standard adaptive signal timing in effect
EVT429388,2026-02-20 16:51:34,Concert,J012,Koramangala Sony World,10976,Weekday,False,Clear,False,0.0,False,False,0.708,High,17.3,51.5,268.0,0.152,0.351,0.963,Moderate traffic flow - standard adaptive signal timing in effect
EVT429389,2025-03-17 19:56:16,Political Rally,J012,Koramangala Sony World,15674,Weekday,False,Clear,False,0.0,False,False,0.863,Severe,15.4,54.3,280.5,0.164,0.379,0.963,Heavy congestion detected - signal timing extended and reroute suggested
EVT429390,2026-02-17 06:10:10,Local Market Day,J009,Majestic,7610,Weekday,False,Clear,False,0.0,False,False,0.281,Low,32.0,18.2,118.0,0.104,0.241,0.969,Moderate traffic flow - standard adaptive signal timing in effect
EVT429391,2025-07-17 08:42:54,Sports Fixture,J012,Koramangala Sony World,26226,Weekday,False,Clear,False,0.0,False,False,1.0,Severe,9.3,67.8,182.7,0.096,0.221,0.935,Heavy congestion detected - signal timing extended and reroute suggested
EVT429392,2026-06-21 09:26:59,Trade Fair,J009,Majestic,9793,Weekend,False,Clear,False,0.0,False,False,0.828,Severe,11.8,62.5,418.4,0.174,0.401,0.959,Heavy congestion detected - signal timing extended and reroute suggested
EVT429393,2026-05-27 13:04:34,Concert,J023,Basavanagudi,10958,Weekday,False,Rain,True,10.1,False,False,0.344,Low,32.7,23.3,124.8,0.111,0.256,0.898,Light rain detected - minor speed reduction advised
EVT429394,2026-03-07 09:16:47,Concert,J012,Koramangala Sony World,16767,Weekend,False,Clear,False,0.0,False,False,0.979,Severe,8.8,69.2,509.0,0.199,0.461,0.903,Heavy congestion detected - signal timing extended and reroute suggested
EVT429395,2025-12-16 17:20:53,Local Market Day,J020,Malleshwaram Circle,7547,Weekday,False,Clear,False,0.0,False,False,0.799,Severe,16.0,53.3,117.2,0.071,0.164,0.937,Heavy congestion detected - signal timing extended and reroute suggested
EVT429396,2026-04-17 07:29:57,Local Market Day,J023,Basavanagudi,3964,Weekday,False,Clear,False,0.0,False,False,0.611,High,22.3,44.3,250.8,0.169,0.39,0.982,Moderate traffic flow - standard adaptive signal timing in effect
EVT429397,2025-01-08 21:15:22,Political Rally,J040,City Market,12826,Weekday,False,Clear,False,0.0,False,False,0.429,Moderate,32.0,34.7,184.1,0.154,0.356,0.955,Moderate traffic flow - standard adaptive signal timing in effect
EVT429398,2025-05-10 12:51:27,Local Market Day,J023,Basavanagudi,5024,Weekend,False,Clear,False,0.0,False,False,0.3,Low,24.3,22.8,155.8,0.1,0.232,0.965,Moderate traffic flow - standard adaptive signal timing in effect
EVT429399,2026-05-31 12:30:23,Sports Fixture,J030,MG Road,18219,Weekend,False,Clear,False,0.0,False,False,0.286,Low,29.8,26.8,144.4,0.123,0.283,0.958,Moderate traffic flow - standard adaptive signal timing in effect
EVT429400,2025-06-13 07:47:20,Concert,J031,Cubbon Road,10716,Weekday,False,Rain,True,12.1,False,False,0.969,Severe,8.4,71.8,878.1,0.279,0.645,0.863,Heavy rain reducing visibility and grip - reduced speed and longer buffer advised
EVT429401,2026-06-23 17:04:25,Trade Fair,J011,Indiranagar 100ft Road,10834,Weekday,False,Clear,False,0.0,False,False,0.762,Severe,13.0,52.1,494.4,0.198,0.458,0.98,Heavy congestion detected - signal timing extended and reroute suggested
EVT429402,2026-01-28 08:45:07,Sports Fixture,J020,Malleshwaram Circle,10747,Weekday,False,Clear,False,0.0,False,False,0.983,Severe,9.7,73.0,274.8,0.116,0.268,0.925,Heavy congestion detected - signal timing extended and reroute suggested
EVT429403,2025-12-06 09:29:41,Trade Fair,J030,MG Road,9568,Weekend,False,Clear,False,0.0,False,False,0.926,Severe,9.2,66.6,475.5,0.189,0.436,0.941,Heavy congestion detected - signal timing extended and reroute suggested
EVT429404,2025-02-19 10:02:56,Concert,J030,MG Road,9879,Weekday,False,Clear,False,0.0,False,False,0.783,Severe,15.6,61.6,194.8,0.082,0.189,0.966,Heavy congestion detected - signal timing extended and reroute suggested
EVT429405,2025-05-09 07:02:31,Local Market Day,J030,MG Road,4245,Weekday,False,Rain,True,17.6,False,False,0.54,Moderate,17.4,32.8,247.0,0.134,0.31,0.916,Light rain detected - minor speed reduction advised
EVT429406,2025-07-03 17:56:07,Local Market Day,J009,Majestic,3354,Weekday,False,Light Rain,True,6.6,False,False,1.0,Severe,10.0,73.8,599.0,0.251,0.58,0.889,Heavy rain reducing visibility and grip - reduced speed and longer buffer advised
EVT429407,2025-05-27 09:02:45,Local Market Day,J012,Koramangala Sony World,2613,Weekday,False,Light Rain,True,2.6,False,False,1.0,Severe,7.9,76.1,475.0,0.174,0.403,0.87,Heavy rain reducing visibility and grip - reduced speed and longer buffer advised
EVT429408,2026-04-27 12:05:31,Trade Fair,J009,Majestic,11429,Weekday,False,Clear,False,0.0,False,False,0.221,Low,36.3,10.1,135.6,0.133,0.308,0.96,Normal free-flow traffic - standard signal timing maintained
EVT429409,2025-03-23 06:20:42,Political Rally,J031,Cubbon Road,17734,Weekend,False,Clear,False,0.0,False,False,0.391,Moderate,35.4,29.9,196.5,0.186,0.431,0.99,Moderate traffic flow - standard adaptive signal timing in effect
EVT429410,2025-01-10 09:19:17,Local Market Day,J012,Koramangala Sony World,6093,Weekday,False,Clear,False,0.0,False,False,1.0,Severe,8.1,75.1,905.5,0.261,0.603,0.905,Heavy congestion detected - signal timing extended and reroute suggested
EVT429411,2026-01-01 13:39:30,Fireworks Display,J030,MG Road,36611,Weekday,True,Clear,False,0.0,False,False,0.673,High,21.5,52.6,167.8,0.123,0.285,0.936,Festival crowd surge detected - alternate route and extended cycle recommended
EVT429412,2025-08-07 15:12:54,Local Market Day,J040,City Market,2719,Weekday,False,Clear,False,0.0,False,False,0.172,Low,36.8,12.1,151.2,0.148,0.341,0.974,Normal free-flow traffic - standard signal timing maintained
EVT429413,2025-08-24 08:58:42,Trade Fair,J012,Koramangala Sony World,5614,Weekend,False,Heavy Rain,True,27.7,False,False,1.0,Severe,8.3,69.8,460.1,0.168,0.388,0.886,Heavy rain reducing visibility and grip - reduced speed and longer buffer advised
EVT429414,2025-09-27 09:44:05,Sports Fixture,J031,Cubbon Road,25882,Weekend,False,Clear,False,0.0,False,False,0.886,Severe,11.3,66.6,381.4,0.166,0.382,0.931,Heavy congestion detected - signal timing extended and reroute suggested
EVT429415,2025-10-14 19:27:01,Trade Fair,J020,Malleshwaram Circle,3275,Weekday,False,Heavy Rain,True,27.8,False,False,1.0,Severe,7.7,71.0,405.7,0.135,0.311,0.863,Heavy rain reducing visibility and grip - reduced speed and longer buffer advised
EVT429416,2025-09-24 08:22:10,Sports Fixture,J012,Koramangala Sony World,25710,Weekday,False,Clear,False,0.0,False,False,1.0,Severe,6.8,69.9,828.9,0.229,0.529,0.938,Heavy congestion detected - signal timing extended and reroute suggested
EVT429417,2025-03-13 13:00:31,Trade Fair,J030,MG Road,12121,Weekday,False,Clear,False,0.0,False,False,0.153,Low,33.1,11.6,136.5,0.112,0.258,0.975,Normal free-flow traffic - standard signal timing maintained
EVT429418,2025-08-02 20:49:54,Sports Fixture,J030,MG Road,37540,Weekend,False,Rain,True,7.6,False,False,0.841,Severe,13.7,54.2,318.9,0.176,0.407,0.879,Heavy rain reducing visibility and grip - reduced speed and longer buffer advised
EVT429419,2025-12-06 10:36:01,Trade Fair,J012,Koramangala Sony World,3774,Weekend,False,Clear,False,0.0,False,False,0.517,Moderate,28.8,42.1,235.5,0.178,0.411,0.985,Moderate traffic flow - standard adaptive signal timing in effect
EVT429420,2026-03-15 19:57:21,Concert,J023,Basavanagudi,6814,Weekend,False,Clear,False,0.0,False,False,0.707,High,16.3,51.6,199.8,0.099,0.23,0.965,Moderate traffic flow - standard adaptive signal timing in effect
EVT429421,2026-02-28 08:06:54,Political Rally,J020,Malleshwaram Circle,25313,Weekend,False,Clear,False,0.0,False,False,0.815,Severe,13.2,60.3,538.4,0.227,0.524,0.955,Heavy congestion detected - signal timing extended and reroute suggested
EVT429422,2026-04-27 07:48:18,Trade Fair,J031,Cubbon Road,9099,Weekday,False,Clear,False,0.0,False,False,0.767,Severe,17.0,51.3,277.1,0.156,0.36,0.965,Heavy congestion detected - signal timing extended and reroute suggested
EVT429423,2026-06-24 22:42:46,Local Market Day,J012,Koramangala Sony World,4215,Weekday,False,Clear,False,0.0,False,False,0.224,Low,38.1,17.7,100.3,0.067,0.156,0.955,Normal free-flow traffic - standard signal timing maintained
EVT429424,2026-02-15 17:46:59,Concert,J031,Cubbon Road,25076,Weekend,False,Clear,False,0.0,False,False,0.821,Severe,14.5,62.2,405.0,0.223,0.515,0.962,Heavy congestion detected - signal timing extended and reroute suggested
EVT429425,2025-04-05 07:24:13,Concert,J020,Malleshwaram Circle,13370,Weekend,False,Clear,False,0.0,False,False,0.635,High,19.4,47.2,266.8,0.17,0.393,0.984,Moderate traffic flow - standard adaptive signal timing in effect
EVT429426,2025-08-14 17:41:02,Local Market Day,J040,City Market,5582,Weekday,False,Clear,False,0.0,False,False,0.913,Severe,9.7,66.0,305.7,0.132,0.304,0.938,Heavy congestion detected - signal timing extended and reroute suggested
EVT429427,2025-01-30 17:33:32,Sports Fixture,J040,City Market,47883,Weekday,False,Clear,False,0.0,False,False,1.0,Severe,9.5,68.2,361.4,0.141,0.325,0.931,Heavy congestion detected - signal timing extended and reroute suggested
EVT429428,2026-04-30 16:37:18,Local Market Day,J012,Koramangala Sony World,5631,Weekday,False,Clear,False,0.0,False,False,0.587,High,15.4,40.4,390.4,0.17,0.394,0.976,Moderate traffic flow - standard adaptive signal timing in effect
EVT429429,2025-01-17 14:02:29,Political Rally,J012,Koramangala Sony World,7160,Weekday,False,Fog,False,0.0,False,False,0.289,Low,37.9,24.6,95.2,0.087,0.201,0.976,Moderate traffic flow - standard adaptive signal timing in effect
EVT429430,2026-03-22 16:42:40,Political Rally,J012,Koramangala Sony World,17284,Weekend,False,Clear,False,0.0,False,False,0.671,High,23.1,54.1,208.3,0.142,0.328,0.988,Moderate traffic flow - standard adaptive signal timing in effect
EVT429431,2025-07-16 18:07:25,Local Market Day,J011,Indiranagar 100ft Road,4241,Weekday,False,Clear,False,0.0,False,False,1.0,Severe,7.8,66.3,597.9,0.181,0.417,0.897,Heavy congestion detected - signal timing extended and reroute suggested
EVT429432,2025-03-21 10:05:31,Local Market Day,J030,MG Road,3323,Weekday,False,Light Rain,True,5.3,False,False,0.878,Severe,12.0,59.6,338.6,0.149,0.345,0.871,Heavy rain reducing visibility and grip - reduced speed and longer buffer advised
EVT429433,2025-06-28 18:03:41,Concert,J012,Koramangala Sony World,8331,Weekend,False,Rain,True,11.1,False,False,1.0,Severe,10.2,77.5,406.7,0.17,0.393,0.85,Heavy rain reducing visibility and grip - reduced speed and longer buffer advised
EVT429434,2025-05-28 22:19:50,Local Market Day,J040,City Market,3610,Weekday,False,Clear,False,0.0,False,False,0.232,Low,36.6,24.3,169.1,0.15,0.346,0.972,Normal free-flow traffic - standard signal timing maintained
EVT429435,2025-02-07 17:08:08,Local Market Day,J040,City Market,2648,Weekday,False,Clear,False,0.0,False,False,0.84,Severe,13.0,52.6,503.4,0.236,0.545,0.95,Heavy congestion detected - signal timing extended and reroute suggested
EVT429436,2025-04-19 07:35:31,Local Market Day,J012,Koramangala Sony World,3227,Weekend,False,Clear,False,0.0,False,False,0.597,High,21.5,49.7,232.8,0.128,0.297,0.961,Moderate traffic flow - standard adaptive signal timing in effect
EVT429437,2026-01-03 19:20:38,Concert,J040,City Market,20054,Weekend,False,Clear,False,0.0,False,False,0.904,Severe,11.5,72.0,405.2,0.185,0.426,0.912,Heavy congestion detected - signal timing extended and reroute suggested
EVT429438,2025-08-07 15:04:04,Local Market Day,J030,MG Road,4268,Weekday,False,Heavy Rain,True,38.9,False,False,0.64,High,15.6,47.2,396.8,0.2,0.461,0.906,Heavy rain reducing visibility and grip - reduced speed and longer buffer advised
EVT429439,2025-10-15 08:18:30,Concert,J030,MG Road,11308,Weekday,False,Clear,False,0.0,False,False,0.943,Severe,8.7,69.4,253.9,0.098,0.228,0.948,Heavy congestion detected - signal timing extended and reroute suggested
EVT429440,2026-06-28 15:02:20,Political Rally,J009,Majestic,12541,Weekend,False,Clear,False,0.0,False,False,0.312,Low,25.8,22.0,201.8,0.156,0.36,0.961,Moderate traffic flow - standard adaptive signal timing in effect
EVT429441,2026-05-04 08:01:38,Sports Fixture,J020,Malleshwaram Circle,20400,Weekday,False,Clear,False,0.0,False,False,0.972,Severe,6.5,70.0,759.8,0.208,0.481,0.916,Heavy congestion detected - signal timing extended and reroute suggested
EVT429442,2025-11-02 10:04:57,Religious Festival,J020,Malleshwaram Circle,30314,Weekend,True,Clear,False,0.0,False,False,1.0,Severe,7.6,70.7,530.8,0.171,0.395,0.858,Festival crowd surge detected - alternate route and extended cycle recommended
EVT429443,2025-03-07 04:14:35,Sports Fixture,J012,Koramangala Sony World,13052,Weekday,False,Clear,False,0.0,False,False,0.289,Low,31.9,22.7,69.5,0.064,0.149,0.987,Moderate traffic flow - standard adaptive signal timing in effect
EVT429444,2025-10-16 17:57:50,Sports Fixture,J023,Basavanagudi,22889,Weekday,False,Heavy Rain,True,31.3,False,False,1.0,Severe,8.3,68.1,627.5,0.227,0.524,0.856,Heavy rain reducing visibility and grip - reduced speed and longer buffer advised
EVT429445,2025-03-27 07:55:39,Trade Fair,J009,Majestic,14609,Weekday,False,Clear,False,0.0,False,False,0.803,Severe,20.6,57.8,285.4,0.202,0.466,0.963,Heavy congestion detected - signal timing extended and reroute suggested
EVT429446,2025-11-28 13:15:40,Local Market Day,J009,Majestic,4890,Weekday,False,Clear,False,0.0,False,False,0.124,Low,27.8,9.0,241.1,0.172,0.396,0.956,Normal free-flow traffic - standard signal timing maintained
EVT429447,2025-11-22 17:25:12,Sports Fixture,J012,Koramangala Sony World,21062,Weekend,False,Clear,False,0.0,False,False,0.883,Severe,14.9,61.2,194.9,0.109,0.251,0.944,Heavy congestion detected - signal timing extended and reroute suggested
EVT429448,2025-01-05 21:53:55,Political Rally,J012,Koramangala Sony World,20463,Weekend,False,Clear,False,0.0,False,False,0.503,Moderate,28.6,35.8,80.2,0.052,0.121,0.968,Moderate traffic flow - standard adaptive signal timing in effect
EVT429449,2025-11-26 08:43:28,Political Rally,J009,Majestic,10594,Weekday,False,Clear,False,0.0,False,False,1.0,Severe,8.8,68.4,595.3,0.205,0.474,0.914,Heavy congestion detected - signal timing extended and reroute suggested
EVT429450,2026-04-04 15:52:45,Sports Fixture,J023,Basavanagudi,17749,Weekend,False,Clear,False,0.0,False,False,0.48,Moderate,24.4,40.6,232.0,0.176,0.406,0.974,Moderate traffic flow - standard adaptive signal timing in effect
EVT429451,2026-02-04 14:23:08,Trade Fair,J031,Cubbon Road,11515,Weekday,False,Clear,False,0.0,False,False,0.239,Low,34.4,19.9,45.5,0.042,0.097,0.941,Normal free-flow traffic - standard signal timing maintained
EVT429452,2026-06-02 06:31:59,Local Market Day,J023,Basavanagudi,3306,Weekday,False,Heavy Rain,True,70.3,False,False,0.665,High,22.6,49.4,289.3,0.206,0.477,0.924,Heavy rain reducing visibility and grip - reduced speed and longer buffer advised
EVT429453,2026-03-08 09:50:10,Local Market Day,J009,Majestic,4723,Weekend,False,Clear,False,0.0,False,False,0.718,High,17.6,56.5,220.1,0.118,0.273,0.955,Moderate traffic flow - standard adaptive signal timing in effect
EVT429454,2026-01-10 17:17:23,Sports Fixture,J031,Cubbon Road,21797,Weekend,False,Clear,False,0.0,False,False,0.827,Severe,16.7,57.5,179.7,0.084,0.194,0.95,Heavy congestion detected - signal timing extended and reroute suggested
EVT429455,2025-04-26 12:12:33,Political Rally,J009,Majestic,10652,Weekend,False,Clear,False,0.0,False,False,0.265,Low,26.3,21.6,89.4,0.065,0.149,0.939,Moderate traffic flow - standard adaptive signal timing in effect
EVT429456,2026-01-20 12:28:00,Local Market Day,J020,Malleshwaram Circle,4684,Weekday,False,Clear,False,0.0,False,False,0.169,Low,30.4,11.3,154.7,0.12,0.277,0.975,Normal free-flow traffic - standard signal timing maintained
EVT429457,2025-03-04 11:26:22,Political Rally,J040,City Market,14766,Weekday,False,Clear,False,0.0,False,False,0.363,Moderate,31.3,27.4,158.8,0.137,0.317,0.975,Moderate traffic flow - standard adaptive signal timing in effect
EVT429458,2025-11-07 18:28:20,Local Market Day,J031,Cubbon Road,5241,Weekday,False,Clear,False,0.0,False,False,1.0,Severe,7.4,68.2,608.6,0.192,0.444,0.917,Heavy congestion detected - signal timing extended and reroute suggested
EVT429459,2025-10-16 07:02:44,Sports Fixture,J020,Malleshwaram Circle,18274,Weekday,False,Rain,True,7.5,False,False,0.672,High,21.7,46.8,183.9,0.129,0.298,0.928,Heavy rain reducing visibility and grip - reduced speed and longer buffer advised
EVT429460,2026-06-29 19:19:06,Trade Fair,J020,Malleshwaram Circle,10009,Weekday,False,Heavy Rain,True,46.4,False,False,1.0,Severe,7.4,70.4,411.8,0.118,0.273,0.85,Heavy rain reducing visibility and grip - reduced speed and longer buffer advised
EVT429461,2025-10-26 18:29:56,Sports Fixture,J020,Malleshwaram Circle,22946,Weekend,False,Clear,False,0.0,False,False,0.995,Severe,9.7,79.2,508.6,0.182,0.421,0.899,Heavy congestion detected - signal timing extended and reroute suggested
EVT429462,2025-08-24 14:13:28,Sports Fixture,J030,MG Road,21097,Weekend,False,Fog,False,0.0,False,False,0.369,Moderate,30.5,30.0,123.7,0.099,0.228,0.95,Moderate traffic flow - standard adaptive signal timing in effect
EVT429463,2026-06-14 08:46:31,Political Rally,J040,City Market,13207,Weekend,False,Rain,True,14.0,False,False,1.0,Severe,8.6,74.6,471.9,0.171,0.395,0.873,Heavy rain reducing visibility and grip - reduced speed and longer buffer advised
EVT429464,2026-06-12 11:05:48,Local Market Day,J030,MG Road,3826,Weekday,False,Rain,True,19.5,False,False,0.575,High,28.1,40.1,229.1,0.19,0.439,0.93,Heavy rain reducing visibility and grip - reduced speed and longer buffer advised
EVT429465,2025-10-15 10:01:15,Local Market Day,J040,City Market,4010,Weekday,False,Clear,False,0.0,False,False,0.884,Severe,14.1,59.6,435.6,0.212,0.49,0.921,Heavy congestion detected - signal timing extended and reroute suggested
EVT429466,2025-01-23 10:23:29,Sports Fixture,J031,Cubbon Road,39841,Weekday,False,Clear,False,0.0,False,False,0.872,Severe,11.2,60.4,157.8,0.084,0.194,0.936,Heavy congestion detected - signal timing extended and reroute suggested
EVT429467,2025-01-19 20:58:29,Local Market Day,J040,City Market,2906,Weekend,False,Clear,False,0.0,False,False,0.525,Moderate,19.8,37.2,153.9,0.082,0.188,0.951,Moderate traffic flow - standard adaptive signal timing in effect
EVT429468,2025-11-19 10:59:04,Local Market Day,J030,MG Road,4585,Weekday,False,Rain,True,14.2,False,False,0.569,High,19.4,45.3,215.0,0.124,0.286,0.918,Heavy rain reducing visibility and grip - reduced speed and longer buffer advised
EVT429469,2025-11-27 04:44:48,Local Market Day,J020,Malleshwaram Circle,2523,Weekday,False,Clear,False,0.0,False,False,0.149,Low,34.0,12.6,152.1,0.133,0.307,0.976,Normal free-flow traffic - standard signal timing maintained
EVT429470,2025-07-19 15:30:17,Sports Fixture,J020,Malleshwaram Circle,24853,Weekend,False,Clear,False,0.0,False,False,0.477,Moderate,22.5,32.7,271.7,0.184,0.426,0.967,Moderate traffic flow - standard adaptive signal timing in effect
EVT429471,2025-04-15 11:59:59,Cultural Procession,J031,Cubbon Road,39243,Weekday,True,Clear,False,0.0,False,True,0.831,High,14.6,84.4,302.5,0.166,0.384,0.854,Road closure for event/procession - full detour recommended for through-traffic
EVT429472,2026-05-27 08:32:08,Trade Fair,J020,Malleshwaram Circle,8616,Weekday,False,Clear,False,0.0,False,False,0.999,Severe,5.2,74.4,988.7,0.215,0.496,0.948,Heavy congestion detected - signal timing extended and reroute suggested
EVT429473,2025-06-20 17:59:07,Sports Fixture,J031,Cubbon Road,20099,Weekday,False,Rain,True,15.3,True,False,1.0,Severe,7.6,66.2,205.9,0.088,0.203,0.715,Accident detected nearby - reroute and reduced speed advised
EVT429474,2025-06-06 15:13:13,Local Market Day,J031,Cubbon Road,6067,Weekday,False,Clear,False,0.0,False,False,0.254,Low,28.6,20.2,151.1,0.114,0.264,0.948,Moderate traffic flow - standard adaptive signal timing in effect
EVT429475,2026-02-18 09:58:51,Local Market Day,J009,Majestic,3067,Weekday,False,Clear,False,0.0,False,False,0.827,Severe,12.4,60.4,476.9,0.222,0.513,0.98,Heavy congestion detected - signal timing extended and reroute suggested
EVT429476,2026-03-24 20:30:23,Concert,J011,Indiranagar 100ft Road,17525,Weekday,False,Clear,False,0.0,False,False,0.647,High,23.8,45.0,288.3,0.249,0.576,0.972,Moderate traffic flow - standard adaptive signal timing in effect
EVT429477,2025-02-02 10:43:08,Concert,J040,City Market,9493,Weekend,False,Clear,False,0.0,False,False,0.56,High,25.4,32.4,298.6,0.225,0.52,0.976,Moderate traffic flow - standard adaptive signal timing in effect
EVT429478,2025-04-22 15:23:51,Local Market Day,J009,Majestic,4616,Weekday,False,Fog,False,0.0,False,False,0.22,Low,40.8,13.4,125.5,0.118,0.273,0.954,Normal free-flow traffic - standard signal timing maintained
EVT429479,2025-01-20 21:15:22,Sports Fixture,J009,Majestic,38426,Weekday,False,Clear,False,0.0,False,False,0.541,Moderate,26.0,40.5,220.3,0.173,0.4,0.99,Moderate traffic flow - standard adaptive signal timing in effect
EVT429480,2026-05-01 09:47:15,Fireworks Display,J009,Majestic,25719,Weekday,True,Clear,False,0.0,False,False,1.0,Severe,7.9,79.6,456.9,0.159,0.368,0.862,Festival crowd surge detected - alternate route and extended cycle recommended
EVT429481,2025-05-31 08:02:57,Trade Fair,J011,Indiranagar 100ft Road,13089,Weekend,False,Clear,False,0.0,False,False,0.816,Severe,18.6,53.9,253.7,0.15,0.346,0.98,Heavy congestion detected - signal timing extended and reroute suggested
EVT429482,2025-08-27 23:20:38,Religious Festival,J009,Majestic,36711,Weekday,True,Clear,False,0.0,False,False,0.574,High,23.1,38.4,182.9,0.136,0.314,0.92,Festival crowd surge detected - alternate route and extended cycle recommended
EVT429483,2025-01-12 15:44:48,Sports Fixture,J031,Cubbon Road,27376,Weekend,False,Light Rain,True,2.5,False,False,0.631,High,20.0,45.8,331.7,0.217,0.502,0.907,Heavy rain reducing visibility and grip - reduced speed and longer buffer advised
EVT429484,2025-01-20 17:33:54,Local Market Day,J030,MG Road,2805,Weekday,False,Clear,False,0.0,False,False,0.872,Severe,11.1,67.0,720.5,0.321,0.742,0.94,Heavy congestion detected - signal timing extended and reroute suggested
EVT429485,2025-07-05 08:50:39,Concert,J030,MG Road,9990,Weekend,False,Heavy Rain,True,32.9,True,False,1.0,Severe,7.9,71.4,552.8,0.182,0.42,0.695,Accident detected nearby - reroute and reduced speed advised
EVT429486,2026-06-18 22:33:58,Local Market Day,J031,Cubbon Road,2793,Weekday,False,Clear,False,0.0,False,False,0.253,Low,30.4,16.4,212.6,0.167,0.385,0.99,Moderate traffic flow - standard adaptive signal timing in effect
EVT429487,2025-12-15 07:47:49,Local Market Day,J040,City Market,4550,Weekday,False,Clear,False,0.0,False,False,0.753,Severe,13.1,52.8,271.2,0.135,0.312,0.984,Heavy congestion detected - signal timing extended and reroute suggested
EVT429488,2025-08-01 11:21:12,Local Market Day,J040,City Market,5148,Weekday,False,Heavy Rain,True,39.7,False,False,0.826,Severe,13.6,61.0,223.8,0.095,0.219,0.878,Heavy rain reducing visibility and grip - reduced speed and longer buffer advised
EVT429489,2026-03-01 08:50:47,Trade Fair,J031,Cubbon Road,6438,Weekend,False,Clear,False,0.0,False,False,0.817,Severe,19.2,56.6,195.2,0.126,0.292,0.943,Heavy congestion detected - signal timing extended and reroute suggested
EVT429490,2026-01-07 08:18:08,Sports Fixture,J030,MG Road,22961,Weekday,False,Clear,False,0.0,False,False,1.0,Severe,7.6,65.8,451.8,0.141,0.325,0.924,Heavy congestion detected - signal timing extended and reroute suggested
EVT429491,2025-04-30 17:57:39,Local Market Day,J030,MG Road,3959,Weekday,False,Clear,False,0.0,False,False,0.949,Severe,10.1,71.0,264.8,0.1,0.231,0.923,Heavy congestion detected - signal timing extended and reroute suggested
EVT429492,2025-03-16 10:31:18,Sports Fixture,J011,Indiranagar 100ft Road,16893,Weekend,False,Fog,False,0.0,False,False,0.622,High,25.7,39.8,169.3,0.13,0.301,0.974,Moderate traffic flow - standard adaptive signal timing in effect
EVT429493,2025-07-14 15:43:09,Local Market Day,J030,MG Road,5144,Weekday,False,Clear,False,0.0,False,False,0.336,Low,36.6,24.4,146.3,0.14,0.322,0.979,Moderate traffic flow - standard adaptive signal timing in effect
EVT429494,2026-06-03 21:57:03,Sports Fixture,J040,City Market,29292,Weekday,False,Heavy Rain,True,31.9,False,False,0.747,High,18.5,55.2,179.8,0.115,0.265,0.92,Heavy rain reducing visibility and grip - reduced speed and longer buffer advised
EVT429495,2025-01-25 19:22:36,Trade Fair,J040,City Market,6313,Weekend,False,Clear,False,0.0,False,False,0.758,Severe,16.5,49.5,285.1,0.157,0.362,0.976,Heavy congestion detected - signal timing extended and reroute suggested
EVT429496,2025-09-07 16:54:25,Political Rally,J031,Cubbon Road,18494,Weekend,False,Rain,True,19.8,False,False,0.864,Severe,13.9,65.9,433.2,0.222,0.512,0.878,Heavy rain reducing visibility and grip - reduced speed and longer buffer advised
EVT429497,2025-04-17 08:37:01,Concert,J040,City Market,12987,Weekday,False,Clear,False,0.0,False,False,0.976,Severe,8.2,66.8,717.5,0.216,0.498,0.904,Heavy congestion detected - signal timing extended and reroute suggested
EVT429498,2026-06-18 09:10:18,Local Market Day,J031,Cubbon Road,4626,Weekday,False,Heavy Rain,True,32.5,False,False,1.0,Severe,8.9,73.5,306.8,0.118,0.274,0.872,Heavy rain reducing visibility and grip - reduced speed and longer buffer advised
EVT429499,2026-01-25 13:02:20,Local Market Day,J020,Malleshwaram Circle,2855,Weekend,False,Clear,False,0.0,False,False,0.264,Low,31.4,22.0,206.0,0.149,0.344,0.955,Moderate traffic flow - standard adaptive signal timing in effect
EVT429500,2025-06-29 19:31:44,Trade Fair,J030,MG Road,5966,Weekend,False,Rain,True,14.9,False,False,0.994,Severe,8.9,73.6,549.7,0.205,0.474,0.859,Heavy rain reducing visibility and grip - reduced speed and longer buffer advised
EVT429501,2026-02-17 12:56:40,Local Market Day,J012,Koramangala Sony World,5995,Weekday,False,Clear,False,0.0,False,False,0.221,Low,35.8,18.4,151.1,0.139,0.32,0.967,Normal free-flow traffic - standard signal timing maintained
EVT429502,2026-06-29 20:16:25,Local Market Day,J031,Cubbon Road,3219,Weekday,False,Rain,True,24.5,False,False,0.876,Severe,14.0,62.7,504.4,0.239,0.552,0.907,Heavy rain reducing visibility and grip - reduced speed and longer buffer advised
EVT429503,2025-02-10 05:45:03,Trade Fair,J023,Basavanagudi,10305,Weekday,False,Clear,False,0.0,False,False,0.255,Low,30.8,12.6,155.8,0.128,0.297,0.951,Moderate traffic flow - standard adaptive signal timing in effect
EVT429504,2025-01-30 23:17:12,Concert,J009,Majestic,13540,Weekday,False,Clear,False,0.0,False,False,0.301,Low,30.9,22.3,201.9,0.169,0.39,0.984,Moderate traffic flow - standard adaptive signal timing in effect
EVT429505,2026-01-30 12:53:04,Trade Fair,J030,MG Road,7947,Weekday,False,Clear,False,0.0,False,False,0.188,Low,35.3,12.9,45.2,0.029,0.067,0.957,Normal free-flow traffic - standard signal timing maintained
EVT429506,2026-05-21 09:53:11,Concert,J020,Malleshwaram Circle,22019,Weekday,False,Light Rain,True,5.3,False,False,1.0,Severe,10.5,64.1,350.8,0.166,0.383,0.839,Heavy rain reducing visibility and grip - reduced speed and longer buffer advised
EVT429507,2025-03-17 10:38:27,Political Rally,J020,Malleshwaram Circle,11938,Weekday,False,Clear,False,0.0,False,False,0.604,High,27.6,41.5,204.4,0.147,0.341,0.979,Moderate traffic flow - standard adaptive signal timing in effect
EVT429508,2025-08-24 08:07:27,Local Market Day,J040,City Market,6832,Weekend,False,Heavy Rain,True,43.6,False,False,1.0,Severe,8.2,74.7,490.8,0.172,0.396,0.881,Heavy rain reducing visibility and grip - reduced speed and longer buffer advised
EVT429509,2026-01-29 08:34:15,Local Market Day,J023,Basavanagudi,5791,Weekday,False,Clear,False,0.0,False,False,0.957,Severe,8.8,72.2,680.1,0.225,0.521,0.957,Heavy congestion detected - signal timing extended and reroute suggested
EVT429510,2026-04-16 05:28:01,Trade Fair,J020,Malleshwaram Circle,8042,Weekday,False,Light Rain,True,3.2,False,False,0.266,Low,31.8,21.7,76.7,0.061,0.141,0.923,Light rain detected - minor speed reduction advised
EVT429511,2025-01-08 08:57:44,Concert,J030,MG Road,11951,Weekday,False,Clear,False,0.0,False,False,1.0,Severe,8.5,71.8,848.3,0.291,0.673,0.906,Heavy congestion detected - signal timing extended and reroute suggested
EVT429512,2025-06-18 15:45:40,Political Rally,J020,Malleshwaram Circle,12782,Weekday,False,Clear,False,0.0,False,False,0.394,Moderate,25.3,24.7,305.6,0.224,0.517,0.95,Moderate traffic flow - standard adaptive signal timing in effect
EVT429513,2025-05-09 21:00:19,Local Market Day,J023,Basavanagudi,2140,Weekday,False,Clear,False,0.0,False,False,0.45,Moderate,33.6,38.4,101.5,0.071,0.164,0.937,Moderate traffic flow - standard adaptive signal timing in effect
EVT429514,2025-11-08 15:11:55,Local Market Day,J040,City Market,3890,Weekend,False,Clear,False,0.0,False,False,0.341,Low,30.6,26.9,76.6,0.063,0.145,0.973,Moderate traffic flow - standard adaptive signal timing in effect
EVT429515,2025-12-28 20:16:08,Sports Fixture,J040,City Market,29159,Weekend,False,Clear,False,0.0,False,False,0.824,Severe,16.8,53.4,230.4,0.135,0.311,0.94,Heavy congestion detected - signal timing extended and reroute suggested
EVT429516,2026-01-24 07:41:21,Trade Fair,J012,Koramangala Sony World,12665,Weekend,False,Clear,False,0.0,False,False,0.631,High,21.6,49.3,209.4,0.149,0.344,0.965,Moderate traffic flow - standard adaptive signal timing in effect
EVT429517,2025-07-11 16:07:34,Local Market Day,J023,Basavanagudi,4029,Weekday,False,Heavy Rain,True,25.7,False,False,0.686,High,20.5,46.0,189.5,0.116,0.269,0.925,Heavy rain reducing visibility and grip - reduced speed and longer buffer advised
EVT429518,2025-09-29 09:52:51,Sports Fixture,J009,Majestic,21747,Weekday,False,Clear,False,0.0,False,False,0.92,Severe,9.5,68.6,666.0,0.241,0.558,0.924,Heavy congestion detected - signal timing extended and reroute suggested
EVT429519,2025-09-25 22:37:14,Local Market Day,J020,Malleshwaram Circle,8891,Weekday,False,Rain,True,8.0,False,False,0.388,Moderate,24.6,30.9,176.5,0.119,0.275,0.911,Light rain detected - minor speed reduction advised
EVT429520,2026-01-03 07:32:14,Political Rally,J030,MG Road,9986,Weekend,False,Clear,False,0.0,False,False,0.624,High,18.6,48.6,315.5,0.195,0.45,0.99,Moderate traffic flow - standard adaptive signal timing in effect
EVT429521,2025-12-10 09:14:11,Political Rally,J009,Majestic,11934,Weekday,False,Clear,False,0.0,False,False,1.0,Severe,8.6,70.1,373.7,0.145,0.334,0.917,Heavy congestion detected - signal timing extended and reroute suggested
EVT429522,2026-04-12 20:06:24,Political Rally,J009,Majestic,20612,Weekend,False,Light Rain,True,4.7,False,False,0.768,Severe,14.5,57.1,229.9,0.135,0.313,0.905,Heavy rain reducing visibility and grip - reduced speed and longer buffer advised
EVT429523,2025-02-12 12:45:52,Concert,J040,City Market,18743,Weekday,False,Clear,False,0.0,False,False,0.322,Low,26.5,21.9,232.4,0.154,0.356,0.967,Moderate traffic flow - standard adaptive signal timing in effect
EVT429524,2025-02-28 09:58:51,Concert,J020,Malleshwaram Circle,8906,Weekday,False,Clear,False,0.0,False,False,0.85,Severe,12.4,59.9,467.3,0.214,0.495,0.952,Heavy congestion detected - signal timing extended and reroute suggested
EVT429525,2025-07-02 17:57:06,Concert,J020,Malleshwaram Circle,10343,Weekday,False,Rain,True,9.7,True,False,1.0,Severe,9.2,66.5,534.5,0.197,0.455,0.73,Accident detected nearby - reroute and reduced speed advised
EVT429526,2025-03-17 15:01:59,Concert,J023,Basavanagudi,5280,Weekday,False,Clear,False,0.0,False,False,0.252,Low,27.9,22.6,129.8,0.091,0.209,0.981,Moderate traffic flow - standard adaptive signal timing in effect
EVT429527,2026-01-14 09:43:00,Religious Festival,J040,City Market,34877,Weekday,True,Clear,False,0.0,False,True,1.0,Severe,8.5,88.4,215.7,0.078,0.18,0.845,Road closure for event/procession - full detour recommended for through-traffic
EVT429528,2025-02-28 07:34:07,Concert,J011,Indiranagar 100ft Road,17632,Weekday,False,Clear,False,0.0,False,False,0.718,High,19.5,48.8,200.4,0.113,0.261,0.965,Moderate traffic flow - standard adaptive signal timing in effect
EVT429529,2025-07-21 17:32:55,Concert,J009,Majestic,20272,Weekday,False,Clear,False,0.0,False,False,1.0,Severe,7.7,79.1,716.0,0.246,0.568,0.919,Heavy congestion detected - signal timing extended and reroute suggested
EVT429530,2025-07-10 18:09:16,Local Market Day,J011,Indiranagar 100ft Road,3685,Weekday,False,Clear,False,0.0,False,False,0.925,Severe,11.8,64.3,413.4,0.174,0.401,0.901,Heavy congestion detected - signal timing extended and reroute suggested
EVT429531,2026-05-18 20:37:54,Trade Fair,J009,Majestic,10980,Weekday,False,Clear,False,0.0,False,False,0.593,High,23.9,42.8,295.9,0.227,0.523,0.982,Moderate traffic flow - standard adaptive signal timing in effect
EVT429532,2025-01-09 14:04:22,Sports Fixture,J023,Basavanagudi,14468,Weekday,False,Clear,False,0.0,False,False,0.235,Low,38.9,19.8,141.8,0.137,0.316,0.96,Normal free-flow traffic - standard signal timing maintained
EVT429533,2025-02-11 12:35:44,Local Market Day,J030,MG Road,5766,Weekday,False,Clear,False,0.0,False,False,0.181,Low,32.8,10.8,121.3,0.094,0.217,0.954,Normal free-flow traffic - standard signal timing maintained
EVT429534,2025-07-07 15:38:20,Political Rally,J031,Cubbon Road,16614,Weekday,False,Heavy Rain,True,63.5,False,False,0.778,Severe,14.3,56.8,394.9,0.184,0.425,0.882,Heavy rain reducing visibility and grip - reduced speed and longer buffer advised
EVT429535,2026-03-16 16:56:06,Trade Fair,J012,Koramangala Sony World,17706,Weekday,False,Clear,False,0.0,False,False,0.844,Severe,15.2,57.9,128.5,0.069,0.16,0.942,Heavy congestion detected - signal timing extended and reroute suggested
EVT429536,2026-04-21 08:57:32,Concert,J031,Cubbon Road,15455,Weekday,False,Clear,False,0.0,False,False,1.0,Severe,9.6,75.7,749.5,0.276,0.637,0.903,Heavy congestion detected - signal timing extended and reroute suggested
EVT429537,2025-05-08 11:48:15,Trade Fair,J023,Basavanagudi,11992,Weekday,False,Clear,False,0.0,False,False,0.298,Low,31.1,23.9,101.9,0.075,0.173,0.944,Moderate traffic flow - standard adaptive signal timing in effect
EVT429538,2026-05-04 21:46:49,Concert,J009,Majestic,8696,Weekday,False,Clear,False,0.0,False,False,0.315,Low,30.4,20.6,165.0,0.149,0.344,0.966,Moderate traffic flow - standard adaptive signal timing in effect
EVT429539,2026-01-27 13:40:27,Religious Festival,J040,City Market,24615,Weekday,True,Clear,False,0.0,False,False,0.511,Moderate,20.2,34.1,174.5,0.106,0.244,0.935,Festival crowd surge detected - alternate route and extended cycle recommended
EVT429540,2025-12-30 16:04:34,Sports Fixture,J030,MG Road,19599,Weekday,False,Clear,False,0.0,False,False,0.585,High,19.7,46.0,185.9,0.105,0.243,0.947,Moderate traffic flow - standard adaptive signal timing in effect
EVT429541,2026-05-09 11:16:24,Trade Fair,J023,Basavanagudi,9012,Weekend,False,Clear,False,0.0,False,False,0.397,Moderate,23.3,31.1,279.4,0.175,0.404,0.942,Moderate traffic flow - standard adaptive signal timing in effect
EVT429542,2025-10-07 18:51:04,Trade Fair,J031,Cubbon Road,12933,Weekday,False,Clear,False,0.0,False,False,0.974,Severe,10.5,65.8,312.6,0.148,0.343,0.96,Heavy congestion detected - signal timing extended and reroute suggested
EVT429543,2025-03-23 07:30:01,Sports Fixture,J009,Majestic,22336,Weekend,False,Clear,False,0.0,False,False,0.707,High,19.8,53.4,272.2,0.185,0.427,0.93,Moderate traffic flow - standard adaptive signal timing in effect
EVT429544,2025-04-14 09:43:29,Cultural Procession,J040,City Market,9634,Weekday,True,Clear,False,0.0,False,True,1.0,Severe,7.5,101.1,560.7,0.192,0.443,0.848,Road closure for event/procession - full detour recommended for through-traffic
EVT429545,2026-04-15 11:58:02,Religious Festival,J012,Koramangala Sony World,46169,Weekday,True,Clear,False,0.0,False,True,0.863,High,13.5,76.4,350.9,0.17,0.392,0.9,Road closure for event/procession - full detour recommended for through-traffic
EVT429546,2025-01-13 14:28:24,Political Rally,J020,Malleshwaram Circle,12957,Weekday,False,Clear,False,0.0,False,False,0.275,Low,22.7,19.4,170.1,0.112,0.259,0.945,Moderate traffic flow - standard adaptive signal timing in effect
EVT429547,2026-05-05 18:54:27,Local Market Day,J020,Malleshwaram Circle,5873,Weekday,False,Light Rain,True,6.8,False,False,1.0,Severe,8.5,72.2,238.7,0.098,0.228,0.857,Heavy rain reducing visibility and grip - reduced speed and longer buffer advised
EVT429548,2026-01-26 18:28:21,Cultural Procession,J040,City Market,16553,Weekday,True,Clear,False,0.0,False,True,1.0,Severe,9.5,100.1,464.9,0.187,0.432,0.8,Road closure for event/procession - full detour recommended for through-traffic
EVT429549,2026-01-11 09:54:24,Sports Fixture,J009,Majestic,18830,Weekend,False,Clear,False,0.0,False,False,0.832,Severe,12.7,60.0,230.4,0.094,0.218,0.961,Heavy congestion detected - signal timing extended and reroute suggested
EVT429550,2025-01-25 16:27:06,Concert,J023,Basavanagudi,12905,Weekend,False,Light Rain,True,2.8,False,False,0.655,High,23.7,45.8,149.2,0.116,0.268,0.932,Heavy rain reducing visibility and grip - reduced speed and longer buffer advised
EVT429551,2025-02-05 06:45:02,Local Market Day,J030,MG Road,2736,Weekday,False,Clear,False,0.0,False,False,0.386,Moderate,26.7,27.2,214.3,0.162,0.375,0.982,Moderate traffic flow - standard adaptive signal timing in effect
EVT429552,2025-06-22 15:38:39,Sports Fixture,J023,Basavanagudi,15741,Weekend,False,Heavy Rain,True,35.5,False,False,0.819,Severe,14.7,57.6,505.0,0.246,0.569,0.898,Heavy rain reducing visibility and grip - reduced speed and longer buffer advised
EVT429553,2025-04-19 19:15:44,Concert,J040,City Market,14102,Weekend,False,Rain,True,7.9,False,False,0.974,Severe,9.7,71.8,382.5,0.162,0.375,0.901,Heavy rain reducing visibility and grip - reduced speed and longer buffer advised
EVT429554,2026-02-12 11:05:02,Concert,J023,Basavanagudi,23436,Weekday,False,Clear,False,0.0,False,False,0.515,Moderate,21.4,40.7,254.1,0.173,0.399,0.961,Moderate traffic flow - standard adaptive signal timing in effect
EVT429555,2026-05-17 08:04:39,Trade Fair,J031,Cubbon Road,9147,Weekend,False,Rain,True,8.4,False,False,0.814,Severe,13.7,58.0,372.2,0.181,0.417,0.924,Heavy rain reducing visibility and grip - reduced speed and longer buffer advised
EVT429556,2025-11-04 20:00:51,Trade Fair,J009,Majestic,5295,Weekday,False,Clear,False,0.0,False,False,0.716,High,20.7,48.2,305.7,0.21,0.485,0.971,Moderate traffic flow - standard adaptive signal timing in effect
EVT429557,2025-04-26 09:49:53,Local Market Day,J009,Majestic,2412,Weekend,False,Clear,False,0.0,False,False,0.761,Severe,19.8,57.2,185.6,0.107,0.247,0.949,Heavy congestion detected - signal timing extended and reroute suggested
EVT429558,2025-01-15 12:09:16,Cultural Procession,J020,Malleshwaram Circle,14601,Weekday,True,Fog,False,0.0,False,True,0.651,Moderate,23.5,65.7,212.0,0.15,0.348,0.928,Road closure for event/procession - full detour recommended for through-traffic
EVT429559,2025-11-14 08:24:11,Trade Fair,J011,Indiranagar 100ft Road,17178,Weekday,False,Clear,False,0.0,False,False,0.979,Severe,10.2,68.8,395.4,0.193,0.445,0.929,Heavy congestion detected - signal timing extended and reroute suggested
EVT429560,2025-08-23 18:36:24,Trade Fair,J023,Basavanagudi,9791,Weekend,False,Clear,False,0.0,False,False,0.938,Severe,10.9,64.7,230.4,0.105,0.241,0.915,Heavy congestion detected - signal timing extended and reroute suggested
EVT429561,2025-12-01 20:00:31,Sports Fixture,J009,Majestic,43359,Weekday,False,Clear,False,0.0,False,False,0.889,Severe,12.9,62.4,319.3,0.146,0.337,0.933,Heavy congestion detected - signal timing extended and reroute suggested
EVT429562,2026-06-05 11:57:09,Trade Fair,J040,City Market,5630,Weekday,False,Heavy Rain,True,32.3,False,False,0.61,High,21.3,47.2,255.5,0.165,0.382,0.916,Heavy rain reducing visibility and grip - reduced speed and longer buffer advised
EVT429563,2026-02-20 11:46:37,Local Market Day,J009,Majestic,3758,Weekday,False,Clear,False,0.0,False,False,0.246,Low,35.5,21.3,110.7,0.101,0.232,0.938,Normal free-flow traffic - standard signal timing maintained
EVT429564,2026-03-07 09:01:06,Local Market Day,J012,Koramangala Sony World,5635,Weekend,False,Clear,False,0.0,False,False,0.823,Severe,16.9,64.2,200.6,0.121,0.28,0.926,Heavy congestion detected - signal timing extended and reroute suggested
EVT429565,2025-12-24 09:36:09,Concert,J009,Majestic,10539,Weekday,False,Clear,False,0.0,False,False,0.994,Severe,8.6,72.8,429.8,0.166,0.383,0.898,Heavy congestion detected - signal timing extended and reroute suggested
EVT429566,2025-09-25 09:01:55,Local Market Day,J030,MG Road,5147,Weekday,False,Clear,False,0.0,False,False,1.0,Severe,9.6,72.3,325.4,0.139,0.322,0.901,Heavy congestion detected - signal timing extended and reroute suggested
EVT429567,2026-03-26 15:17:09,Fireworks Display,J040,City Market,19760,Weekday,True,Clear,False,0.0,False,False,0.548,Moderate,22.6,33.1,262.8,0.17,0.393,0.929,Festival crowd surge detected - alternate route and extended cycle recommended
EVT429568,2026-02-19 05:54:54,Local Market Day,J009,Majestic,3187,Weekday,False,Clear,False,0.0,False,False,0.313,Low,30.6,24.6,214.0,0.183,0.422,0.99,Moderate traffic flow - standard adaptive signal timing in effect
EVT429569,2025-05-11 20:46:32,Concert,J009,Majestic,6982,Weekend,False,Clear,False,0.0,False,False,0.452,Moderate,26.1,31.0,158.1,0.118,0.273,0.962,Moderate traffic flow - standard adaptive signal timing in effect
EVT429570,2025-11-17 07:15:53,Political Rally,J040,City Market,11839,Weekday,False,Clear,False,0.0,False,False,0.578,High,23.0,41.8,310.7,0.198,0.457,0.977,Moderate traffic flow - standard adaptive signal timing in effect
EVT429571,2025-11-16 17:55:33,Local Market Day,J012,Koramangala Sony World,5866,Weekend,False,Clear,False,0.0,False,False,0.816,Severe,17.5,56.2,276.9,0.154,0.356,0.943,Heavy congestion detected - signal timing extended and reroute suggested
EVT429572,2026-01-28 17:25:47,Sports Fixture,J030,MG Road,30628,Weekday,False,Clear,False,0.0,False,False,0.99,Severe,8.1,71.7,521.7,0.202,0.466,0.923,Heavy congestion detected - signal timing extended and reroute suggested
EVT429573,2026-02-18 08:37:24,Local Market Day,J030,MG Road,2001,Weekday,False,Clear,False,0.0,False,False,0.897,Severe,10.0,66.8,376.2,0.142,0.328,0.949,Heavy congestion detected - signal timing extended and reroute suggested
EVT429574,2026-01-03 14:19:10,Concert,J023,Basavanagudi,12798,Weekend,False,Clear,False,0.0,False,False,0.282,Low,28.0,18.2,71.2,0.053,0.122,0.952,Moderate traffic flow - standard adaptive signal timing in effect
EVT429575,2025-09-09 20:52:39,Sports Fixture,J011,Indiranagar 100ft Road,9036,Weekday,False,Clear,False,0.0,False,False,0.503,Moderate,24.3,36.7,198.2,0.128,0.296,0.99,Moderate traffic flow - standard adaptive signal timing in effect
EVT429576,2025-01-11 06:41:38,Local Market Day,J030,MG Road,7244,Weekend,False,Clear,False,0.0,False,False,0.363,Moderate,36.0,23.9,138.7,0.143,0.33,0.958,Moderate traffic flow - standard adaptive signal timing in effect
EVT429577,2025-05-23 18:26:21,Political Rally,J031,Cubbon Road,24766,Weekday,False,Clear,False,0.0,False,False,1.0,Severe,8.7,76.6,417.4,0.15,0.346,0.939,Heavy congestion detected - signal timing extended and reroute suggested
EVT429578,2026-04-29 17:09:21,Concert,J030,MG Road,19952,Weekday,False,Clear,False,0.0,False,False,0.841,Severe,12.0,65.3,323.8,0.152,0.351,0.945,Heavy congestion detected - signal timing extended and reroute suggested
EVT429579,2026-06-14 18:14:25,Concert,J023,Basavanagudi,10485,Weekend,False,Clear,False,0.0,False,False,0.852,Severe,15.4,65.3,255.1,0.161,0.371,0.954,Heavy congestion detected - signal timing extended and reroute suggested
EVT429580,2026-04-13 17:45:54,Trade Fair,J023,Basavanagudi,5855,Weekday,False,Clear,False,0.0,False,False,1.0,Severe,8.4,79.3,559.5,0.204,0.47,0.892,Heavy congestion detected - signal timing extended and reroute suggested
EVT429581,2026-03-03 20:12:19,Sports Fixture,J040,City Market,14803,Weekday,False,Clear,False,0.0,False,False,0.708,High,17.8,49.1,330.2,0.201,0.465,0.962,Moderate traffic flow - standard adaptive signal timing in effect
EVT429582,2025-09-06 16:58:15,Religious Festival,J023,Basavanagudi,37101,Weekend,True,Clear,False,0.0,False,False,0.99,Severe,8.4,75.7,785.3,0.232,0.535,0.861,Festival crowd surge detected - alternate route and extended cycle recommended
EVT429583,2025-06-18 14:48:24,Trade Fair,J011,Indiranagar 100ft Road,10113,Weekday,False,Clear,False,0.0,False,False,0.213,Low,24.7,12.4,129.5,0.078,0.18,0.945,Normal free-flow traffic - standard signal timing maintained
EVT429584,2026-01-11 09:22:28,Sports Fixture,J040,City Market,24388,Weekend,False,Clear,False,0.0,False,False,0.945,Severe,12.3,62.2,484.7,0.241,0.556,0.932,Heavy congestion detected - signal timing extended and reroute suggested
EVT429585,2026-02-24 10:21:05,Political Rally,J012,Koramangala Sony World,15604,Weekday,False,Clear,False,0.0,False,False,0.82,Severe,13.9,58.9,323.9,0.166,0.384,0.959,Heavy congestion detected - signal timing extended and reroute suggested
EVT429586,2026-04-05 13:46:32,Local Market Day,J023,Basavanagudi,6221,Weekend,False,Clear,False,0.0,False,False,0.3,Low,26.7,19.6,109.0,0.075,0.173,0.948,Moderate traffic flow - standard adaptive signal timing in effect
EVT429587,2025-04-09 20:28:29,Local Market Day,J011,Indiranagar 100ft Road,3351,Weekday,False,Clear,False,0.0,False,False,0.558,High,22.1,39.9,233.1,0.157,0.363,0.981,Moderate traffic flow - standard adaptive signal timing in effect
EVT429588,2025-07-19 05:08:47,Sports Fixture,J009,Majestic,30909,Weekend,False,Clear,False,0.0,False,False,0.419,Moderate,21.8,31.5,121.9,0.064,0.147,0.965,Moderate traffic flow - standard adaptive signal timing in effect
EVT429589,2026-02-03 14:14:43,Local Market Day,J040,City Market,3698,Weekday,False,Clear,False,0.0,False,False,0.278,Low,25.9,23.5,160.7,0.098,0.226,0.952,Moderate traffic flow - standard adaptive signal timing in effect
EVT429590,2025-11-12 12:39:18,Local Market Day,J012,Koramangala Sony World,7233,Weekday,False,Clear,False,0.0,False,False,0.182,Low,38.7,6.4,118.8,0.126,0.291,0.982,Normal free-flow traffic - standard signal timing maintained
EVT429591,2025-05-13 18:51:01,Trade Fair,J011,Indiranagar 100ft Road,12272,Weekday,False,Light Rain,True,3.1,False,False,1.0,Severe,7.4,65.6,573.7,0.186,0.431,0.883,Heavy rain reducing visibility and grip - reduced speed and longer buffer advised
EVT429592,2025-04-23 05:05:20,Sports Fixture,J040,City Market,9512,Weekday,False,Clear,False,0.0,False,False,0.216,Low,30.9,16.5,202.0,0.156,0.36,0.968,Normal free-flow traffic - standard signal timing maintained
EVT429593,2025-01-22 20:17:16,Trade Fair,J031,Cubbon Road,4899,Weekday,False,Clear,False,0.0,False,False,0.591,High,24.9,48.3,137.1,0.105,0.243,0.969,Moderate traffic flow - standard adaptive signal timing in effect
EVT429594,2025-05-08 14:08:42,Trade Fair,J020,Malleshwaram Circle,11069,Weekday,False,Clear,False,0.0,False,False,0.284,Low,32.9,19.9,174.6,0.138,0.318,0.95,Moderate traffic flow - standard adaptive signal timing in effect
EVT429595,2025-11-06 09:14:18,Trade Fair,J009,Majestic,5878,Weekday,False,Clear,False,0.0,False,False,0.943,Severe,8.7,62.1,752.2,0.253,0.585,0.941,Heavy congestion detected - signal timing extended and reroute suggested
EVT429596,2026-05-29 17:11:46,Political Rally,J012,Koramangala Sony World,12522,Weekday,False,Light Rain,True,5.4,False,False,0.997,Severe,7.9,70.0,540.3,0.193,0.447,0.874,Heavy rain reducing visibility and grip - reduced speed and longer buffer advised
EVT429597,2025-10-14 19:39:44,Sports Fixture,J023,Basavanagudi,15386,Weekday,False,Clear,False,0.0,False,False,0.886,Severe,11.2,69.0,470.3,0.198,0.458,0.943,Heavy congestion detected - signal timing extended and reroute suggested
EVT429598,2026-02-01 07:24:36,Trade Fair,J040,City Market,6760,Weekend,False,Clear,False,0.0,False,False,0.551,High,22.7,38.1,203.4,0.14,0.322,0.99,Moderate traffic flow - standard adaptive signal timing in effect
EVT429599,2025-04-28 19:04:31,Sports Fixture,J020,Malleshwaram Circle,35828,Weekday,False,Clear,False,0.0,False,False,1.0,Severe,10.3,70.4,862.2,0.318,0.735,0.925,Heavy congestion detected - signal timing extended and reroute suggested
EVT429600,2025-11-22 17:44:10,Trade Fair,J023,Basavanagudi,3319,Weekend,False,Clear,False,0.0,False,False,0.814,Severe,13.7,56.6,226.4,0.119,0.275,0.954,Heavy congestion detected - signal timing extended and reroute suggested
EVT429601,2026-06-13 09:33:43,Sports Fixture,J040,City Market,22875,Weekend,False,Clear,False,0.0,False,False,0.882,Severe,13.6,65.9,422.8,0.22,0.508,0.947,Heavy congestion detected - signal timing extended and reroute suggested
EVT429602,2025-05-21 13:48:35,Local Market Day,J012,Koramangala Sony World,2671,Weekday,False,Clear,False,0.0,False,False,0.256,Low,22.6,20.6,216.5,0.136,0.315,0.99,Moderate traffic flow - standard adaptive signal timing in effect
EVT429603,2025-06-08 19:37:10,Local Market Day,J030,MG Road,4283,Weekend,False,Rain,True,18.2,False,False,0.867,Severe,11.8,60.8,427.8,0.193,0.446,0.901,Heavy rain reducing visibility and grip - reduced speed and longer buffer advised
EVT429604,2026-03-12 16:08:41,Local Market Day,J040,City Market,6499,Weekday,False,Clear,False,0.0,False,False,0.477,Moderate,21.1,24.5,230.7,0.14,0.324,0.972,Moderate traffic flow - standard adaptive signal timing in effect
EVT429605,2025-11-11 19:52:24,Local Market Day,J031,Cubbon Road,4169,Weekday,False,Clear,False,0.0,False,False,0.761,Severe,18.0,50.0,274.0,0.159,0.366,0.952,Heavy congestion detected - signal timing extended and reroute suggested
EVT429606,2026-03-22 17:54:36,Local Market Day,J020,Malleshwaram Circle,3343,Weekend,False,Clear,False,0.0,False,False,0.832,Severe,14.3,61.1,186.8,0.109,0.251,0.925,Heavy congestion detected - signal timing extended and reroute suggested
EVT429607,2025-01-16 22:52:53,Local Market Day,J023,Basavanagudi,4711,Weekday,False,Clear,False,0.0,False,False,0.153,Low,33.4,9.0,204.7,0.169,0.391,0.946,Normal free-flow traffic - standard signal timing maintained
EVT429608,2025-05-27 06:29:14,Sports Fixture,J012,Koramangala Sony World,11030,Weekday,False,Rain,True,17.6,False,False,0.563,High,19.4,42.0,312.4,0.184,0.426,0.908,Heavy rain reducing visibility and grip - reduced speed and longer buffer advised
EVT429609,2025-03-10 14:07:11,Trade Fair,J009,Majestic,6332,Weekday,False,Light Rain,True,4.6,False,False,0.371,Moderate,29.0,27.9,243.0,0.218,0.504,0.912,Light rain detected - minor speed reduction advised
EVT429610,2025-06-06 09:40:47,Local Market Day,J011,Indiranagar 100ft Road,5284,Weekday,False,Clear,False,0.0,False,False,0.903,Severe,11.8,63.8,321.8,0.148,0.341,0.953,Heavy congestion detected - signal timing extended and reroute suggested
EVT429611,2025-07-16 19:03:53,Trade Fair,J030,MG Road,8918,Weekday,False,Clear,False,0.0,False,False,0.994,Severe,8.1,68.5,528.0,0.182,0.421,0.904,Heavy congestion detected - signal timing extended and reroute suggested
EVT429612,2025-11-02 09:09:06,Religious Festival,J030,MG Road,78938,Weekend,True,Clear,False,0.0,False,True,1.0,Severe,8.6,101.4,364.7,0.139,0.322,0.819,Road closure for event/procession - full detour recommended for through-traffic
EVT429613,2025-08-22 19:51:52,Concert,J031,Cubbon Road,8776,Weekday,False,Rain,True,9.2,False,False,0.937,Severe,14.0,60.9,188.2,0.08,0.184,0.896,Heavy rain reducing visibility and grip - reduced speed and longer buffer advised
EVT429614,2026-03-04 17:15:43,Fireworks Display,J040,City Market,17393,Weekday,True,Clear,False,0.0,True,False,1.0,Severe,8.5,68.5,716.2,0.222,0.513,0.704,Accident detected nearby - reroute and reduced speed advised
EVT429615,2025-03-28 19:11:04,Sports Fixture,J012,Koramangala Sony World,17628,Weekday,False,Clear,False,0.0,False,False,1.0,Severe,7.4,71.6,607.8,0.211,0.488,0.909,Heavy congestion detected - signal timing extended and reroute suggested
EVT429616,2026-02-22 06:19:34,Political Rally,J030,MG Road,17385,Weekend,False,Clear,False,0.0,False,False,0.429,Moderate,21.3,36.3,378.4,0.242,0.559,0.955,Moderate traffic flow - standard adaptive signal timing in effect
EVT429617,2026-03-27 16:43:26,Religious Festival,J020,Malleshwaram Circle,59467,Weekday,True,Clear,False,0.0,False,False,1.0,Severe,8.3,68.5,652.7,0.221,0.51,0.87,Festival crowd surge detected - alternate route and extended cycle recommended
EVT429618,2025-04-14 11:40:04,Fireworks Display,J012,Koramangala Sony World,13610,Weekday,True,Clear,False,0.0,False,False,0.48,Moderate,27.4,33.2,72.3,0.062,0.143,0.899,Moderate traffic flow - standard adaptive signal timing in effect
EVT429619,2025-03-23 08:39:43,Trade Fair,J009,Majestic,7235,Weekend,False,Clear,False,0.0,False,False,0.894,Severe,11.4,65.1,465.7,0.213,0.493,0.951,Heavy congestion detected - signal timing extended and reroute suggested
EVT429620,2026-03-12 13:44:59,Trade Fair,J020,Malleshwaram Circle,5877,Weekday,False,Clear,False,0.0,False,False,0.198,Low,31.0,12.7,136.8,0.118,0.272,0.989,Normal free-flow traffic - standard signal timing maintained
EVT429621,2026-04-04 07:26:39,Trade Fair,J011,Indiranagar 100ft Road,10771,Weekend,False,Clear,False,0.0,False,False,0.55,Moderate,25.5,36.0,290.5,0.213,0.491,0.959,Moderate traffic flow - standard adaptive signal timing in effect
EVT429622,2026-06-22 13:02:04,Sports Fixture,J011,Indiranagar 100ft Road,15785,Weekday,False,Heavy Rain,True,61.1,False,False,0.604,High,22.8,38.6,307.2,0.197,0.456,0.909,Heavy rain reducing visibility and grip - reduced speed and longer buffer advised
EVT429623,2026-01-24 19:48:09,Concert,J012,Koramangala Sony World,8279,Weekend,False,Clear,False,0.0,False,False,0.761,Severe,14.7,47.8,243.7,0.138,0.319,0.959,Heavy congestion detected - signal timing extended and reroute suggested
EVT429624,2025-02-28 13:00:33,Political Rally,J023,Basavanagudi,13599,Weekday,False,Clear,False,0.0,False,False,0.291,Low,33.7,24.2,122.9,0.115,0.266,0.97,Moderate traffic flow - standard adaptive signal timing in effect
EVT429625,2025-01-16 15:42:13,Concert,J020,Malleshwaram Circle,22460,Weekday,False,Clear,False,0.0,False,False,0.455,Moderate,23.5,30.5,228.4,0.148,0.342,0.95,Moderate traffic flow - standard adaptive signal timing in effect
EVT429626,2025-08-01 09:59:19,Sports Fixture,J009,Majestic,31836,Weekday,False,Rain,True,16.1,False,False,1.0,Severe,8.2,74.7,638.3,0.21,0.485,0.839,Heavy rain reducing visibility and grip - reduced speed and longer buffer advised
EVT429627,2025-07-18 06:34:30,Concert,J012,Koramangala Sony World,6493,Weekday,False,Light Rain,True,4.6,False,False,0.435,Moderate,24.0,30.9,215.0,0.155,0.358,0.918,Light rain detected - minor speed reduction advised
EVT429628,2026-01-29 17:24:34,Sports Fixture,J023,Basavanagudi,30065,Weekday,False,Clear,False,0.0,False,False,0.961,Severe,7.9,69.5,313.5,0.123,0.284,0.908,Heavy congestion detected - signal timing extended and reroute suggested
EVT429629,2025-08-08 08:57:58,Trade Fair,J040,City Market,14532,Weekday,False,Rain,True,15.6,False,False,1.0,Severe,8.5,73.9,459.2,0.146,0.337,0.88,Heavy rain reducing visibility and grip - reduced speed and longer buffer advised
EVT429630,2025-09-25 18:13:11,Local Market Day,J020,Malleshwaram Circle,4241,Weekday,False,Clear,False,0.0,False,False,0.985,Severe,9.2,70.6,603.5,0.232,0.536,0.915,Heavy congestion detected - signal timing extended and reroute suggested
EVT429631,2025-03-17 08:03:08,Trade Fair,J020,Malleshwaram Circle,8029,Weekday,False,Clear,False,0.0,False,False,0.811,Severe,18.0,54.4,345.9,0.194,0.448,0.967,Heavy congestion detected - signal timing extended and reroute suggested
EVT429632,2025-12-05 18:15:22,Sports Fixture,J030,MG Road,23967,Weekday,False,Clear,False,0.0,False,False,1.0,Severe,8.3,68.3,709.1,0.235,0.544,0.901,Heavy congestion detected - signal timing extended and reroute suggested
EVT429633,2025-05-26 07:25:21,Sports Fixture,J012,Koramangala Sony World,16026,Weekday,False,Clear,False,0.0,True,False,1.0,Severe,9.5,71.2,470.4,0.197,0.456,0.781,Accident detected nearby - reroute and reduced speed advised
EVT429634,2026-03-30 07:16:14,Sports Fixture,J040,City Market,13009,Weekday,False,Clear,False,0.0,False,False,0.551,High,18.5,38.4,132.7,0.08,0.186,0.967,Moderate traffic flow - standard adaptive signal timing in effect
EVT429635,2025-10-28 14:40:24,Trade Fair,J020,Malleshwaram Circle,11931,Weekday,False,Clear,False,0.0,False,False,0.331,Low,32.8,24.7,85.0,0.072,0.166,0.986,Moderate traffic flow - standard adaptive signal timing in effect
EVT429636,2026-04-20 22:09:18,Local Market Day,J009,Majestic,6494,Weekday,False,Clear,False,0.0,False,False,0.299,Low,33.0,26.2,161.8,0.124,0.287,0.975,Moderate traffic flow - standard adaptive signal timing in effect
EVT429637,2025-02-04 11:46:53,Trade Fair,J009,Majestic,6685,Weekday,False,Clear,False,0.0,False,False,0.305,Low,33.7,16.0,152.0,0.129,0.297,0.956,Moderate traffic flow - standard adaptive signal timing in effect
EVT429638,2026-03-13 08:51:19,Sports Fixture,J023,Basavanagudi,10775,Weekday,False,Clear,False,0.0,False,False,1.0,Severe,9.3,71.4,462.2,0.182,0.42,0.902,Heavy congestion detected - signal timing extended and reroute suggested
EVT429639,2026-03-25 10:46:35,Sports Fixture,J023,Basavanagudi,18177,Weekday,False,Clear,False,0.0,False,False,0.544,Moderate,25.7,43.2,136.6,0.121,0.279,0.949,Moderate traffic flow - standard adaptive signal timing in effect
EVT429640,2026-01-02 10:08:23,Religious Festival,J040,City Market,29251,Weekday,True,Clear,False,0.0,False,False,1.0,Severe,8.8,74.2,493.5,0.182,0.42,0.819,Festival crowd surge detected - alternate route and extended cycle recommended
EVT429641,2026-02-22 10:36:39,Local Market Day,J012,Koramangala Sony World,4061,Weekend,False,Clear,False,0.0,False,False,0.519,Moderate,24.4,29.3,140.0,0.105,0.242,0.949,Moderate traffic flow - standard adaptive signal timing in effect
EVT429642,2025-04-02 08:45:05,Sports Fixture,J030,MG Road,13113,Weekday,False,Clear,False,0.0,False,False,1.0,Severe,10.0,71.7,542.5,0.212,0.491,0.909,Heavy congestion detected - signal timing extended and reroute suggested
EVT429643,2025-06-13 15:51:24,Local Market Day,J011,Indiranagar 100ft Road,4056,Weekday,False,Rain,True,20.4,False,False,0.628,High,21.3,43.8,224.6,0.129,0.297,0.883,Heavy rain reducing visibility and grip - reduced speed and longer buffer advised
EVT429644,2026-03-21 08:44:23,Concert,J023,Basavanagudi,14339,Weekend,False,Clear,False,0.0,False,False,0.923,Severe,11.8,58.3,584.8,0.281,0.649,0.895,Heavy congestion detected - signal timing extended and reroute suggested
EVT429645,2025-11-17 18:29:49,Political Rally,J040,City Market,22865,Weekday,False,Clear,False,0.0,False,False,1.0,Severe,7.4,68.5,894.1,0.26,0.602,0.927,Heavy congestion detected - signal timing extended and reroute suggested
EVT429646,2026-02-07 12:16:23,Political Rally,J009,Majestic,6221,Weekend,False,Clear,False,0.0,False,False,0.361,Moderate,24.9,31.4,230.5,0.166,0.383,0.963,Moderate traffic flow - standard adaptive signal timing in effect
EVT429647,2025-04-01 16:55:32,Local Market Day,J031,Cubbon Road,4829,Weekday,False,Clear,False,0.0,False,False,0.719,High,17.0,45.8,278.2,0.15,0.345,0.962,Moderate traffic flow - standard adaptive signal timing in effect
EVT429648,2025-09-26 17:01:16,Local Market Day,J011,Indiranagar 100ft Road,4472,Weekday,False,Clear,False,0.0,False,False,0.671,High,18.3,46.4,261.5,0.16,0.37,0.949,Moderate traffic flow - standard adaptive signal timing in effect
EVT429649,2025-02-08 16:19:39,Sports Fixture,J030,MG Road,15728,Weekend,False,Clear,False,0.0,False,False,0.588,High,19.7,44.1,404.3,0.241,0.556,0.964,Moderate traffic flow - standard adaptive signal timing in effect
EVT429650,2026-05-23 16:22:35,Concert,J030,MG Road,10876,Weekend,False,Clear,False,0.0,False,False,0.533,Moderate,23.3,43.0,266.5,0.209,0.482,0.968,Moderate traffic flow - standard adaptive signal timing in effect
EVT429651,2025-10-14 18:40:00,Concert,J040,City Market,9162,Weekday,False,Clear,False,0.0,False,False,1.0,Severe,5.3,73.6,736.4,0.193,0.445,0.911,Heavy congestion detected - signal timing extended and reroute suggested
EVT429652,2026-05-13 19:05:21,Concert,J030,MG Road,10325,Weekday,False,Clear,False,0.0,False,False,1.0,Severe,8.5,76.2,452.8,0.163,0.376,0.926,Heavy congestion detected - signal timing extended and reroute suggested
EVT429653,2026-04-05 16:21:00,Concert,J011,Indiranagar 100ft Road,7784,Weekend,False,Clear,False,0.0,False,False,0.496,Moderate,21.9,36.7,192.5,0.131,0.303,0.99,Moderate traffic flow - standard adaptive signal timing in effect
EVT429654,2025-05-17 08:23:33,Political Rally,J031,Cubbon Road,8072,Weekend,False,Clear,False,0.0,False,False,0.829,Severe,12.0,62.6,487.4,0.219,0.506,0.961,Heavy congestion detected - signal timing extended and reroute suggested
EVT429655,2026-01-14 11:02:00,Cultural Procession,J030,MG Road,20395,Weekday,True,Clear,False,0.0,False,True,0.923,Severe,11.6,95.5,400.1,0.184,0.426,0.869,Road closure for event/procession - full detour recommended for through-traffic
EVT429656,2026-04-01 07:57:25,Local Market Day,J011,Indiranagar 100ft Road,4023,Weekday,False,Clear,False,0.0,False,False,0.657,High,17.5,44.0,356.3,0.226,0.522,0.926,Moderate traffic flow - standard adaptive signal timing in effect
EVT429657,2026-03-09 10:19:02,Local Market Day,J012,Koramangala Sony World,3724,Weekday,False,Clear,False,0.0,False,False,0.722,High,17.7,50.5,273.1,0.158,0.364,0.961,Moderate traffic flow - standard adaptive signal timing in effect
EVT429658,2026-06-11 09:29:50,Local Market Day,J011,Indiranagar 100ft Road,3577,Weekday,False,Heavy Rain,True,106.9,False,False,1.0,Severe,8.1,74.9,585.4,0.206,0.476,0.883,Heavy rain reducing visibility and grip - reduced speed and longer buffer advised
EVT429659,2025-07-21 17:22:47,Concert,J020,Malleshwaram Circle,8008,Weekday,False,Rain,True,22.6,False,False,1.0,Severe,7.8,68.1,701.4,0.222,0.512,0.868,Heavy rain reducing visibility and grip - reduced speed and longer buffer advised
EVT429660,2025-05-25 17:02:00,Concert,J020,Malleshwaram Circle,10992,Weekend,False,Clear,False,0.0,False,False,0.645,High,15.6,46.8,370.5,0.201,0.465,0.945,Moderate traffic flow - standard adaptive signal timing in effect
EVT429661,2026-03-06 08:00:37,Local Market Day,J009,Majestic,4395,Weekday,False,Clear,False,0.0,False,False,0.765,Severe,17.1,52.9,422.0,0.234,0.541,0.954,Heavy congestion detected - signal timing extended and reroute suggested
EVT429662,2025-09-13 09:28:29,Local Market Day,J012,Koramangala Sony World,3212,Weekend,False,Heavy Rain,True,29.5,False,False,1.0,Severe,8.6,64.4,536.3,0.178,0.412,0.847,Heavy rain reducing visibility and grip - reduced speed and longer buffer advised
EVT429663,2025-09-28 14:56:03,Trade Fair,J009,Majestic,7055,Weekend,False,Clear,False,0.0,False,False,0.271,Low,23.0,16.6,293.2,0.17,0.393,0.976,Moderate traffic flow - standard adaptive signal timing in effect
EVT429664,2026-03-10 10:29:50,Local Market Day,J011,Indiranagar 100ft Road,4776,Weekday,False,Clear,False,0.0,False,False,0.586,High,23.0,38.2,235.8,0.146,0.338,0.99,Moderate traffic flow - standard adaptive signal timing in effect
EVT429665,2026-05-26 15:32:41,Sports Fixture,J020,Malleshwaram Circle,11655,Weekday,False,Rain,True,13.6,False,False,0.543,Moderate,15.3,41.6,295.5,0.127,0.294,0.918,Light rain detected - minor speed reduction advised
EVT429666,2025-05-16 07:56:07,Sports Fixture,J012,Koramangala Sony World,14151,Weekday,False,Clear,False,0.0,False,False,0.879,Severe,12.8,63.5,469.0,0.211,0.486,0.964,Heavy congestion detected - signal timing extended and reroute suggested
EVT429667,2025-08-10 19:38:43,Concert,J030,MG Road,19393,Weekend,False,Clear,False,0.0,False,False,0.883,Severe,11.9,59.3,264.4,0.142,0.327,0.92,Heavy congestion detected - signal timing extended and reroute suggested
EVT429668,2026-05-19 08:07:39,Concert,J031,Cubbon Road,11360,Weekday,False,Clear,False,0.0,False,False,0.886,Severe,9.6,63.6,172.2,0.062,0.144,0.952,Heavy congestion detected - signal timing extended and reroute suggested
EVT429669,2025-07-31 21:54:23,Concert,J031,Cubbon Road,14114,Weekday,False,Fog,False,0.0,False,False,0.371,Moderate,29.4,25.6,185.3,0.14,0.324,0.98,Moderate traffic flow - standard adaptive signal timing in effect
EVT429670,2025-06-19 21:18:49,Local Market Day,J012,Koramangala Sony World,2419,Weekday,False,Heavy Rain,True,27.9,False,False,0.643,High,19.1,51.2,228.3,0.135,0.313,0.924,Heavy rain reducing visibility and grip - reduced speed and longer buffer advised
EVT429671,2026-01-16 23:06:12,Local Market Day,J020,Malleshwaram Circle,3675,Weekday,False,Clear,False,0.0,False,False,0.175,Low,32.0,14.0,130.6,0.115,0.266,0.967,Normal free-flow traffic - standard signal timing maintained
EVT429672,2025-02-20 19:15:51,Local Market Day,J023,Basavanagudi,3992,Weekday,False,Clear,False,0.0,False,False,0.863,Severe,13.2,64.5,142.3,0.085,0.196,0.912,Heavy congestion detected - signal timing extended and reroute suggested
EVT429673,2025-01-27 08:02:30,Religious Festival,J040,City Market,34292,Weekday,True,Clear,False,0.0,False,True,1.0,Severe,8.0,89.2,506.7,0.19,0.438,0.838,Road closure for event/procession - full detour recommended for through-traffic
EVT429674,2026-06-08 18:47:50,Local Market Day,J030,MG Road,2650,Weekday,False,Clear,False,0.0,False,False,0.987,Severe,7.8,75.4,414.1,0.146,0.337,0.92,Heavy congestion detected - signal timing extended and reroute suggested
EVT429675,2025-09-07 18:47:58,Concert,J031,Cubbon Road,17486,Weekend,False,Clear,False,0.0,False,False,0.928,Severe,12.6,70.6,436.1,0.202,0.467,0.956,Heavy congestion detected - signal timing extended and reroute suggested
EVT429676,2026-04-17 08:46:08,Concert,J023,Basavanagudi,12140,Weekday,False,Clear,False,0.0,False,False,1.0,Severe,8.4,69.0,678.3,0.246,0.568,0.888,Heavy congestion detected - signal timing extended and reroute suggested
EVT429677,2025-08-18 17:08:02,Sports Fixture,J023,Basavanagudi,18141,Weekday,False,Rain,True,17.3,False,False,1.0,Severe,4.8,69.4,1187.9,0.244,0.564,0.868,Heavy rain reducing visibility and grip - reduced speed and longer buffer advised
EVT429678,2026-04-04 13:55:42,Political Rally,J030,MG Road,19828,Weekend,False,Clear,False,0.0,False,False,0.337,Low,39.6,24.9,140.6,0.128,0.295,0.985,Moderate traffic flow - standard adaptive signal timing in effect
EVT429679,2025-11-24 19:48:15,Political Rally,J023,Basavanagudi,7951,Weekday,False,Rain,True,7.6,False,False,0.962,Severe,9.7,62.6,506.4,0.202,0.466,0.866,Heavy rain reducing visibility and grip - reduced speed and longer buffer advised
EVT429680,2025-10-11 08:12:45,Sports Fixture,J012,Koramangala Sony World,21975,Weekend,False,Clear,False,0.0,False,False,0.799,Severe,16.9,58.2,170.5,0.114,0.264,0.974,Heavy congestion detected - signal timing extended and reroute suggested
EVT429681,2025-06-15 14:37:28,Concert,J020,Malleshwaram Circle,6431,Weekend,False,Rain,True,15.2,False,False,0.419,Moderate,34.4,30.9,110.9,0.105,0.243,0.887,Light rain detected - minor speed reduction advised
EVT429682,2025-06-22 16:35:35,Concert,J012,Koramangala Sony World,11284,Weekend,False,Heavy Rain,True,42.1,False,False,0.973,Severe,7.6,65.1,558.7,0.182,0.42,0.874,Heavy rain reducing visibility and grip - reduced speed and longer buffer advised
EVT429683,2025-11-22 16:09:36,Sports Fixture,J030,MG Road,12330,Weekend,False,Clear,False,0.0,False,False,0.537,Moderate,25.0,34.1,147.4,0.101,0.233,0.956,Moderate traffic flow - standard adaptive signal timing in effect
EVT429684,2025-01-07 16:57:30,Concert,J020,Malleshwaram Circle,10424,Weekday,False,Light Rain,True,2.9,False,False,0.861,Severe,12.8,63.0,393.9,0.191,0.441,0.867,Heavy rain reducing visibility and grip - reduced speed and longer buffer advised
EVT429685,2025-01-24 05:09:51,Sports Fixture,J009,Majestic,17996,Weekday,False,Clear,False,0.0,False,False,0.243,Low,36.8,19.4,137.8,0.133,0.306,0.967,Normal free-flow traffic - standard signal timing maintained
EVT429686,2025-01-09 13:16:41,Concert,J031,Cubbon Road,9317,Weekday,False,Clear,False,0.0,False,False,0.239,Low,38.4,18.9,146.3,0.16,0.37,0.956,Normal free-flow traffic - standard signal timing maintained
EVT429687,2026-03-07 08:05:37,Political Rally,J012,Koramangala Sony World,15288,Weekend,False,Clear,False,0.0,False,False,0.834,Severe,16.2,58.3,393.8,0.241,0.556,0.947,Heavy congestion detected - signal timing extended and reroute suggested
EVT429688,2026-06-16 20:37:15,Sports Fixture,J040,City Market,20558,Weekday,False,Clear,False,0.0,False,False,0.566,High,17.9,33.1,110.7,0.065,0.15,0.978,Moderate traffic flow - standard adaptive signal timing in effect
EVT429689,2026-01-14 17:05:11,Fireworks Display,J040,City Market,20833,Weekday,True,Clear,False,0.0,False,False,1.0,Severe,10.0,72.9,393.3,0.163,0.377,0.881,Festival crowd surge detected - alternate route and extended cycle recommended
EVT429690,2026-06-05 08:05:58,Local Market Day,J031,Cubbon Road,3794,Weekday,False,Clear,False,0.0,False,False,0.887,Severe,14.4,62.3,129.5,0.082,0.189,0.955,Heavy congestion detected - signal timing extended and reroute suggested
EVT429691,2026-05-25 19:54:55,Concert,J040,City Market,9416,Weekday,False,Clear,False,0.0,False,False,0.823,Severe,15.5,56.3,316.5,0.183,0.423,0.925,Heavy congestion detected - signal timing extended and reroute suggested
EVT429692,2025-05-31 21:57:06,Concert,J012,Koramangala Sony World,19277,Weekend,False,Clear,False,0.0,False,False,0.457,Moderate,23.6,32.8,129.1,0.106,0.244,0.965,Moderate traffic flow - standard adaptive signal timing in effect
EVT429693,2025-07-28 18:59:23,Local Market Day,J012,Koramangala Sony World,2926,Weekday,False,Rain,True,16.1,False,False,1.0,Severe,9.8,77.1,728.6,0.275,0.635,0.865,Heavy rain reducing visibility and grip - reduced speed and longer buffer advised
EVT429694,2025-08-19 18:07:36,Sports Fixture,J020,Malleshwaram Circle,25424,Weekday,False,Clear,False,0.0,False,False,1.0,Severe,9.1,77.6,505.6,0.181,0.419,0.927,Heavy congestion detected - signal timing extended and reroute suggested
EVT429695,2025-07-20 02:22:42,Sports Fixture,J012,Koramangala Sony World,22184,Weekend,False,Heavy Rain,True,30.7,False,False,0.776,Severe,14.1,53.1,301.0,0.145,0.334,0.933,Heavy rain reducing visibility and grip - reduced speed and longer buffer advised
EVT429696,2026-02-05 14:41:15,Sports Fixture,J020,Malleshwaram Circle,20817,Weekday,False,Clear,False,0.0,False,False,0.3,Low,22.8,20.8,112.5,0.062,0.142,0.989,Moderate traffic flow - standard adaptive signal timing in effect
EVT429697,2025-12-16 15:37:50,Trade Fair,J031,Cubbon Road,16964,Weekday,False,Clear,False,0.0,False,False,0.463,Moderate,30.1,32.4,149.3,0.133,0.307,0.983,Moderate traffic flow - standard adaptive signal timing in effect
EVT429698,2025-09-24 19:56:49,Trade Fair,J040,City Market,10691,Weekday,False,Clear,False,0.0,False,False,0.868,Severe,12.0,64.6,238.7,0.09,0.208,0.934,Heavy congestion detected - signal timing extended and reroute suggested
EVT429699,2025-02-24 07:57:08,Concert,J031,Cubbon Road,10221,Weekday,False,Clear,False,0.0,False,False,0.843,Severe,13.1,62.9,248.1,0.118,0.272,0.962,Heavy congestion detected - signal timing extended and reroute suggested
EVT429700,2026-04-17 04:17:59,Political Rally,J011,Indiranagar 100ft Road,7051,Weekday,False,Clear,False,0.0,False,False,0.086,Low,34.7,7.4,110.4,0.089,0.206,0.962,Normal free-flow traffic - standard signal timing maintained
EVT429701,2026-05-02 21:53:01,Religious Festival,J020,Malleshwaram Circle,19265,Weekend,True,Clear,False,0.0,False,False,0.544,Moderate,24.8,39.9,226.3,0.156,0.361,0.936,Festival crowd surge detected - alternate route and extended cycle recommended
EVT429702,2025-02-17 20:49:21,Local Market Day,J009,Majestic,5789,Weekday,False,Clear,False,0.0,False,False,0.469,Moderate,21.2,31.3,298.0,0.198,0.457,0.968,Moderate traffic flow - standard adaptive signal timing in effect
EVT429703,2026-01-19 10:45:01,Concert,J011,Indiranagar 100ft Road,9983,Weekday,False,Clear,False,0.0,False,False,0.592,High,23.3,46.8,217.5,0.134,0.31,0.975,Moderate traffic flow - standard adaptive signal timing in effect
EVT429704,2025-11-03 20:34:33,Concert,J023,Basavanagudi,7711,Weekday,False,Clear,False,0.0,False,False,0.524,Moderate,20.7,37.7,239.1,0.142,0.329,0.914,Moderate traffic flow - standard adaptive signal timing in effect
EVT429705,2026-01-06 17:06:13,Concert,J012,Koramangala Sony World,23076,Weekday,False,Clear,False,0.0,False,False,0.917,Severe,11.2,66.6,409.2,0.18,0.415,0.944,Heavy congestion detected - signal timing extended and reroute suggested
EVT429706,2025-01-11 20:50:50,Concert,J023,Basavanagudi,21197,Weekend,False,Clear,False,0.0,False,False,0.593,High,23.3,42.6,270.8,0.186,0.431,0.966,Moderate traffic flow - standard adaptive signal timing in effect
EVT429707,2025-03-16 10:36:44,Trade Fair,J030,MG Road,10238,Weekend,False,Clear,False,0.0,False,False,0.586,High,23.5,41.4,313.2,0.228,0.526,0.968,Moderate traffic flow - standard adaptive signal timing in effect
EVT429708,2025-05-16 15:33:03,Concert,J040,City Market,25755,Weekday,False,Clear,False,0.0,False,False,0.469,Moderate,31.1,33.6,167.8,0.15,0.346,0.969,Moderate traffic flow - standard adaptive signal timing in effect
EVT429709,2025-07-19 07:20:16,Concert,J012,Koramangala Sony World,17275,Weekend,False,Clear,False,0.0,False,False,0.576,High,25.8,41.5,127.1,0.094,0.218,0.975,Moderate traffic flow - standard adaptive signal timing in effect
EVT429710,2025-12-26 15:05:00,Cultural Procession,J009,Majestic,26905,Weekday,True,Clear,False,0.0,False,True,0.739,High,15.4,73.8,295.0,0.15,0.346,0.883,Road closure for event/procession - full detour recommended for through-traffic
EVT429711,2025-02-20 09:09:40,Local Market Day,J020,Malleshwaram Circle,3338,Weekday,False,Clear,False,0.0,False,False,0.972,Severe,7.3,67.3,354.5,0.121,0.281,0.906,Heavy congestion detected - signal timing extended and reroute suggested
EVT429712,2026-05-08 10:22:12,Political Rally,J011,Indiranagar 100ft Road,19448,Weekday,False,Heavy Rain,True,39.2,False,False,1.0,Severe,7.2,67.8,496.1,0.155,0.358,0.851,Heavy rain reducing visibility and grip - reduced speed and longer buffer advised
EVT429713,2025-10-20 09:16:43,Religious Festival,J031,Cubbon Road,62251,Weekday,True,Clear,False,0.0,False,False,1.0,Severe,7.0,77.2,723.3,0.202,0.468,0.857,Festival crowd surge detected - alternate route and extended cycle recommended
EVT429714,2025-08-20 16:58:24,Local Market Day,J009,Majestic,2133,Weekday,False,Light Rain,True,7.0,False,False,0.731,High,21.3,53.7,144.4,0.081,0.187,0.942,Heavy rain reducing visibility and grip - reduced speed and longer buffer advised
EVT429715,2025-07-05 11:36:53,Local Market Day,J031,Cubbon Road,3886,Weekend,False,Clear,False,0.0,False,False,0.351,Moderate,33.2,32.1,112.3,0.106,0.245,0.973,Moderate traffic flow - standard adaptive signal timing in effect
EVT429716,2025-03-23 11:46:28,Local Market Day,J020,Malleshwaram Circle,6434,Weekend,False,Clear,False,0.0,False,False,0.36,Moderate,24.2,23.7,127.6,0.058,0.135,0.973,Moderate traffic flow - standard adaptive signal timing in effect
EVT429717,2026-05-04 09:08:45,Local Market Day,J011,Indiranagar 100ft Road,3797,Weekday,False,Clear,False,0.0,False,False,1.0,Severe,6.7,76.1,579.2,0.166,0.382,0.926,Heavy congestion detected - signal timing extended and reroute suggested
EVT429718,2025-12-19 19:35:58,Local Market Day,J030,MG Road,6713,Weekday,False,Clear,False,0.0,False,False,0.799,Severe,18.1,53.9,236.4,0.137,0.318,0.959,Heavy congestion detected - signal timing extended and reroute suggested
EVT429719,2026-03-21 09:54:06,Trade Fair,J011,Indiranagar 100ft Road,9173,Weekend,False,Light Rain,True,6.8,False,False,0.806,Severe,17.6,54.5,117.6,0.073,0.168,0.871,Heavy rain reducing visibility and grip - reduced speed and longer buffer advised
EVT429720,2025-05-12 16:59:11,Concert,J040,City Market,6833,Weekday,False,Heavy Rain,True,28.9,False,False,1.0,Severe,8.0,74.1,615.5,0.216,0.499,0.853,Heavy rain reducing visibility and grip - reduced speed and longer buffer advised
EVT429721,2026-06-23 19:08:30,Trade Fair,J031,Cubbon Road,14462,Weekday,False,Clear,False,0.0,False,False,1.0,Severe,7.8,69.7,658.3,0.221,0.511,0.911,Heavy congestion detected - signal timing extended and reroute suggested
EVT429722,2026-05-09 16:18:55,Local Market Day,J009,Majestic,3586,Weekend,False,Clear,False,0.0,False,False,0.503,Moderate,16.7,35.4,340.1,0.16,0.37,0.969,Moderate traffic flow - standard adaptive signal timing in effect
EVT429723,2025-01-06 18:48:43,Sports Fixture,J012,Koramangala Sony World,14963,Weekday,False,Clear,False,0.0,False,False,1.0,Severe,8.8,80.0,238.8,0.109,0.252,0.896,Heavy congestion detected - signal timing extended and reroute suggested
EVT429724,2025-04-17 21:43:01,Local Market Day,J020,Malleshwaram Circle,3721,Weekday,False,Clear,False,0.0,False,False,0.286,Low,25.5,14.2,228.0,0.153,0.353,0.977,Moderate traffic flow - standard adaptive signal timing in effect
EVT429725,2026-06-22 19:57:57,Trade Fair,J009,Majestic,6310,Weekday,False,Heavy Rain,True,37.8,False,False,1.0,Severe,8.4,73.2,421.5,0.152,0.352,0.857,Heavy rain reducing visibility and grip - reduced speed and longer buffer advised
EVT429726,2025-10-23 17:54:48,Political Rally,J011,Indiranagar 100ft Road,18381,Weekday,False,Light Rain,True,7.0,False,False,1.0,Severe,8.6,69.2,266.9,0.097,0.224,0.853,Heavy rain reducing visibility and grip - reduced speed and longer buffer advised
EVT429727,2026-03-29 08:47:06,Sports Fixture,J023,Basavanagudi,23615,Weekend,False,Clear,False,0.0,False,False,0.998,Severe,8.4,74.2,513.9,0.176,0.406,0.93,Heavy congestion detected - signal timing extended and reroute suggested
EVT429728,2025-01-10 06:10:59,Concert,J040,City Market,16828,Weekday,False,Clear,False,0.0,False,False,0.448,Moderate,29.6,27.9,266.7,0.189,0.437,0.96,Moderate traffic flow - standard adaptive signal timing in effect
EVT429729,2025-01-13 17:03:57,Trade Fair,J009,Majestic,8145,Weekday,False,Clear,False,0.0,False,False,0.696,High,16.4,45.5,265.4,0.144,0.333,0.954,Moderate traffic flow - standard adaptive signal timing in effect
EVT429730,2025-05-03 18:39:37,Local Market Day,J031,Cubbon Road,4841,Weekend,False,Clear,False,0.0,False,False,0.847,Severe,16.6,58.6,445.7,0.269,0.62,0.935,Heavy congestion detected - signal timing extended and reroute suggested
EVT429731,2026-03-31 10:20:15,Trade Fair,J031,Cubbon Road,7450,Weekday,False,Clear,False,0.0,False,False,0.642,High,18.5,43.0,177.0,0.108,0.25,0.963,Moderate traffic flow - standard adaptive signal timing in effect
EVT429732,2025-07-01 22:00:32,Sports Fixture,J020,Malleshwaram Circle,31916,Weekday,False,Clear,False,0.0,False,False,0.41,Moderate,23.8,31.0,159.5,0.107,0.246,0.954,Moderate traffic flow - standard adaptive signal timing in effect
EVT429733,2026-06-08 20:10:36,Local Market Day,J012,Koramangala Sony World,4247,Weekday,False,Heavy Rain,True,34.8,False,False,0.98,Severe,9.6,69.8,430.1,0.166,0.383,0.882,Heavy rain reducing visibility and grip - reduced speed and longer buffer advised
EVT429734,2026-05-04 19:04:11,Sports Fixture,J011,Indiranagar 100ft Road,17007,Weekday,False,Heavy Rain,True,35.8,False,False,1.0,Severe,8.9,73.4,765.1,0.279,0.645,0.889,Heavy rain reducing visibility and grip - reduced speed and longer buffer advised
EVT429735,2025-12-29 09:55:17,Trade Fair,J030,MG Road,12272,Weekday,False,Clear,False,0.0,False,False,0.852,Severe,11.8,56.2,203.1,0.094,0.218,0.974,Heavy congestion detected - signal timing extended and reroute suggested
EVT429736,2025-07-28 19:14:55,Concert,J023,Basavanagudi,7975,Weekday,False,Heavy Rain,True,41.9,False,False,1.0,Severe,8.1,64.8,629.8,0.201,0.464,0.882,Heavy rain reducing visibility and grip - reduced speed and longer buffer advised
EVT429737,2025-01-10 13:38:21,Political Rally,J031,Cubbon Road,21141,Weekday,False,Clear,False,0.0,False,False,0.348,Low,32.6,26.8,114.7,0.1,0.232,0.951,Moderate traffic flow - standard adaptive signal timing in effect
EVT429738,2025-07-19 07:54:34,Political Rally,J012,Koramangala Sony World,6834,Weekend,False,Heavy Rain,True,26.2,False,False,0.936,Severe,10.0,68.4,348.2,0.136,0.315,0.874,Heavy rain reducing visibility and grip - reduced speed and longer buffer advised
EVT429739,2026-04-11 07:21:27,Local Market Day,J031,Cubbon Road,5915,Weekend,False,Clear,False,0.0,False,False,0.557,High,21.0,37.7,196.5,0.127,0.293,0.987,Moderate traffic flow - standard adaptive signal timing in effect
EVT429740,2025-12-31 18:52:36,Local Market Day,J040,City Market,7452,Weekday,False,Fog,False,0.0,False,False,0.998,Severe,7.3,69.2,804.7,0.253,0.585,0.926,Heavy congestion detected - signal timing extended and reroute suggested
EVT429741,2026-05-27 12:05:31,Concert,J031,Cubbon Road,10578,Weekday,False,Fog,False,0.0,False,False,0.18,Low,34.4,12.6,52.0,0.052,0.121,0.972,Normal free-flow traffic - standard signal timing maintained
EVT429742,2025-01-19 06:15:07,Sports Fixture,J030,MG Road,10474,Weekend,False,Clear,False,0.0,False,False,0.333,Low,33.8,21.3,94.4,0.08,0.185,0.945,Moderate traffic flow - standard adaptive signal timing in effect
EVT429743,2026-05-09 14:28:07,Local Market Day,J012,Koramangala Sony World,5220,Weekend,False,Clear,False,0.0,False,False,0.296,Low,35.5,21.7,62.1,0.056,0.129,0.951,Moderate traffic flow - standard adaptive signal timing in effect
EVT429744,2026-04-07 17:40:46,Sports Fixture,J020,Malleshwaram Circle,23608,Weekday,False,Clear,False,0.0,False,False,1.0,Severe,9.3,72.0,355.6,0.125,0.289,0.905,Heavy congestion detected - signal timing extended and reroute suggested
EVT429745,2025-03-16 10:13:17,Local Market Day,J030,MG Road,3031,Weekend,False,Clear,False,0.0,False,False,0.515,Moderate,25.8,43.1,227.8,0.18,0.416,0.96,Moderate traffic flow - standard adaptive signal timing in effect
EVT429746,2026-06-23 23:35:28,Concert,J009,Majestic,15322,Weekday,False,Clear,False,0.0,False,False,0.21,Low,40.4,15.2,58.6,0.052,0.119,0.934,Normal free-flow traffic - standard signal timing maintained
EVT429747,2025-05-10 11:43:21,Local Market Day,J030,MG Road,2600,Weekend,False,Clear,False,0.0,False,False,0.346,Low,28.9,27.6,143.7,0.103,0.237,0.956,Moderate traffic flow - standard adaptive signal timing in effect
EVT429748,2025-05-29 08:24:29,Local Market Day,J030,MG Road,2225,Weekday,False,Clear,False,0.0,False,False,0.897,Severe,11.4,61.3,329.5,0.159,0.368,0.947,Heavy congestion detected - signal timing extended and reroute suggested
EVT429749,2025-03-24 11:37:10,Concert,J009,Majestic,17150,Weekday,False,Clear,False,0.0,False,False,0.421,Moderate,22.8,35.5,226.9,0.165,0.381,0.948,Moderate traffic flow - standard adaptive signal timing in effect
EVT429750,2026-01-20 17:00:27,Trade Fair,J009,Majestic,9514,Weekday,False,Clear,False,0.0,False,False,0.799,Severe,14.0,54.4,218.6,0.136,0.315,0.942,Heavy congestion detected - signal timing extended and reroute suggested
EVT429751,2025-05-25 16:40:19,Local Market Day,J030,MG Road,3380,Weekend,False,Clear,False,0.0,False,False,0.609,High,25.4,42.6,216.6,0.17,0.393,0.967,Moderate traffic flow - standard adaptive signal timing in effect
EVT429752,2025-01-22 10:50:20,Local Market Day,J030,MG Road,3971,Weekday,False,Clear,False,0.0,False,False,0.541,Moderate,25.2,36.4,239.3,0.171,0.395,0.99,Moderate traffic flow - standard adaptive signal timing in effect
EVT429753,2025-10-25 18:57:53,Trade Fair,J040,City Market,9698,Weekend,False,Clear,False,0.0,False,False,0.885,Severe,7.6,63.1,338.9,0.112,0.258,0.918,Heavy congestion detected - signal timing extended and reroute suggested
EVT429754,2026-04-07 08:06:56,Sports Fixture,J009,Majestic,26396,Weekday,False,Clear,False,0.0,False,False,1.0,Severe,7.9,74.3,627.6,0.204,0.471,0.9,Heavy congestion detected - signal timing extended and reroute suggested
EVT429755,2025-10-26 07:38:26,Trade Fair,J009,Majestic,10255,Weekend,False,Light Rain,True,6.9,False,False,0.781,Severe,16.0,61.6,157.1,0.084,0.193,0.923,Heavy rain reducing visibility and grip - reduced speed and longer buffer advised
EVT429756,2026-05-21 15:35:49,Local Market Day,J031,Cubbon Road,4178,Weekday,False,Clear,False,0.0,False,False,0.302,Low,23.9,19.6,181.7,0.126,0.292,0.96,Moderate traffic flow - standard adaptive signal timing in effect
EVT429757,2025-10-07 11:29:57,Trade Fair,J031,Cubbon Road,8818,Weekday,False,Rain,True,11.5,False,False,0.434,Moderate,23.5,24.6,247.4,0.182,0.42,0.931,Light rain detected - minor speed reduction advised
EVT429758,2025-11-09 09:38:36,Local Market Day,J040,City Market,3328,Weekend,False,Rain,True,15.3,False,False,0.958,Severe,10.4,68.8,327.1,0.15,0.347,0.883,Heavy rain reducing visibility and grip - reduced speed and longer buffer advised
EVT429759,2025-04-21 16:53:30,Sports Fixture,J020,Malleshwaram Circle,21511,Weekday,False,Clear,False,0.0,False,False,0.79,Severe,14.9,52.0,327.7,0.17,0.394,0.967,Heavy congestion detected - signal timing extended and reroute suggested
EVT429760,2026-01-08 08:45:06,Sports Fixture,J031,Cubbon Road,22930,Weekday,False,Clear,False,0.0,False,False,1.0,Severe,8.5,73.4,433.5,0.174,0.402,0.904,Heavy congestion detected - signal timing extended and reroute suggested
EVT429761,2025-04-23 14:03:43,Local Market Day,J023,Basavanagudi,3652,Weekday,False,Clear,False,0.0,False,False,0.154,Low,35.4,9.1,129.8,0.11,0.254,0.99,Normal free-flow traffic - standard signal timing maintained
EVT429762,2026-05-14 08:02:29,Political Rally,J011,Indiranagar 100ft Road,10239,Weekday,False,Rain,True,19.5,False,False,1.0,Severe,10.8,67.4,707.3,0.281,0.65,0.861,Heavy rain reducing visibility and grip - reduced speed and longer buffer advised
EVT429763,2025-11-19 12:42:04,Sports Fixture,J030,MG Road,18791,Weekday,False,Clear,False,0.0,False,False,0.303,Low,26.7,27.3,251.1,0.171,0.395,0.958,Moderate traffic flow - standard adaptive signal timing in effect
EVT429764,2025-06-20 14:45:34,Local Market Day,J030,MG Road,3603,Weekday,False,Clear,False,0.0,False,False,0.251,Low,27.1,17.2,115.2,0.071,0.164,0.943,Moderate traffic flow - standard adaptive signal timing in effect
EVT429765,2025-06-02 08:36:22,Sports Fixture,J040,City Market,27038,Weekday,False,Clear,False,0.0,False,False,1.0,Severe,9.0,70.1,548.3,0.2,0.461,0.913,Heavy congestion detected - signal timing extended and reroute suggested
EVT429766,2025-01-31 06:14:17,Trade Fair,J040,City Market,8506,Weekday,False,Clear,False,0.0,False,False,0.295,Low,24.4,15.6,175.4,0.136,0.314,0.963,Moderate traffic flow - standard adaptive signal timing in effect
EVT429767,2026-01-24 18:16:56,Political Rally,J031,Cubbon Road,10458,Weekend,False,Light Rain,True,1.1,False,False,1.0,Severe,10.9,69.5,650.7,0.286,0.66,0.834,Heavy rain reducing visibility and grip - reduced speed and longer buffer advised
EVT429768,2025-04-29 09:19:07,Local Market Day,J020,Malleshwaram Circle,3634,Weekday,False,Clear,False,0.0,False,False,0.956,Severe,11.9,65.8,215.9,0.105,0.243,0.948,Heavy congestion detected - signal timing extended and reroute suggested
EVT429769,2025-09-28 22:11:48,Trade Fair,J023,Basavanagudi,6557,Weekend,False,Clear,False,0.0,False,False,0.28,Low,27.1,21.0,298.7,0.203,0.469,0.949,Moderate traffic flow - standard adaptive signal timing in effect
EVT429770,2025-06-03 15:47:41,Local Market Day,J011,Indiranagar 100ft Road,3177,Weekday,False,Light Rain,True,3.8,False,False,0.562,High,26.8,43.5,142.2,0.084,0.193,0.921,Heavy rain reducing visibility and grip - reduced speed and longer buffer advised
EVT429771,2026-01-19 18:43:34,Political Rally,J023,Basavanagudi,29519,Weekday,False,Clear,False,0.0,False,False,1.0,Severe,8.7,70.2,483.4,0.187,0.432,0.918,Heavy congestion detected - signal timing extended and reroute suggested
EVT429772,2026-03-13 19:18:45,Sports Fixture,J020,Malleshwaram Circle,31587,Weekday,False,Clear,False,0.0,False,False,1.0,Severe,11.0,69.6,320.5,0.152,0.351,0.918,Heavy congestion detected - signal timing extended and reroute suggested
EVT429773,2026-03-14 13:05:00,Sports Fixture,J012,Koramangala Sony World,52166,Weekend,False,Light Rain,True,0.9,False,False,0.661,High,21.4,48.7,189.1,0.125,0.289,0.918,Heavy rain reducing visibility and grip - reduced speed and longer buffer advised
EVT429774,2025-12-12 09:11:16,Sports Fixture,J031,Cubbon Road,27376,Weekday,False,Clear,False,0.0,False,False,1.0,Severe,7.6,74.4,396.1,0.145,0.336,0.915,Heavy congestion detected - signal timing extended and reroute suggested
EVT429775,2025-05-31 13:43:42,Trade Fair,J023,Basavanagudi,6989,Weekend,False,Clear,False,0.0,False,False,0.357,Moderate,29.5,23.5,131.0,0.103,0.239,0.99,Moderate traffic flow - standard adaptive signal timing in effect
EVT429776,2025-09-19 10:10:45,Concert,J031,Cubbon Road,15051,Weekday,False,Heavy Rain,True,32.6,False,False,1.0,Severe,8.7,78.6,444.7,0.172,0.397,0.845,Heavy rain reducing visibility and grip - reduced speed and longer buffer advised
EVT429777,2025-11-05 19:54:54,Sports Fixture,J020,Malleshwaram Circle,14395,Weekday,False,Clear,False,0.0,False,False,0.888,Severe,12.1,66.9,413.0,0.178,0.411,0.911,Heavy congestion detected - signal timing extended and reroute suggested
EVT429778,2026-02-01 19:11:30,Political Rally,J030,MG Road,19329,Weekend,False,Clear,False,0.0,False,False,0.912,Severe,10.1,68.7,167.0,0.088,0.202,0.945,Heavy congestion detected - signal timing extended and reroute suggested
EVT429779,2025-11-08 07:22:46,Sports Fixture,J040,City Market,22789,Weekend,False,Clear,False,0.0,False,False,0.662,High,23.1,44.0,149.1,0.109,0.253,0.967,Moderate traffic flow - standard adaptive signal timing in effect
EVT429780,2025-03-27 10:07:36,Concert,J030,MG Road,10727,Weekday,False,Clear,False,0.0,False,False,0.847,Severe,14.7,63.0,419.3,0.233,0.538,0.934,Heavy congestion detected - signal timing extended and reroute suggested
EVT429781,2026-02-03 18:51:16,Local Market Day,J023,Basavanagudi,4102,Weekday,False,Clear,False,0.0,False,False,1.0,Severe,8.8,77.9,467.9,0.156,0.36,0.897,Heavy congestion detected - signal timing extended and reroute suggested
EVT429782,2025-09-22 10:28:18,Concert,J040,City Market,13550,Weekday,False,Heavy Rain,True,38.7,False,False,1.0,Severe,8.1,76.7,503.6,0.164,0.379,0.843,Heavy rain reducing visibility and grip - reduced speed and longer buffer advised
EVT429783,2025-12-18 20:22:28,Trade Fair,J040,City Market,11680,Weekday,False,Clear,False,0.0,False,False,0.652,High,18.6,46.6,364.4,0.218,0.503,0.955,Moderate traffic flow - standard adaptive signal timing in effect
EVT429784,2025-11-30 10:28:14,Concert,J009,Majestic,17629,Weekend,False,Clear,False,0.0,False,False,0.675,High,19.4,43.3,300.5,0.194,0.449,0.955,Moderate traffic flow - standard adaptive signal timing in effect
EVT429785,2026-05-22 09:30:43,Trade Fair,J020,Malleshwaram Circle,16494,Weekday,False,Heavy Rain,True,38.7,True,False,1.0,Severe,7.9,75.4,389.1,0.13,0.299,0.714,Accident detected nearby - reroute and reduced speed advised
EVT429786,2025-03-06 12:36:30,Local Market Day,J023,Basavanagudi,2693,Weekday,False,Clear,False,0.0,False,False,0.245,Low,29.4,21.2,107.2,0.087,0.2,0.99,Normal free-flow traffic - standard signal timing maintained
EVT429787,2025-08-08 15:36:20,Sports Fixture,J011,Indiranagar 100ft Road,22275,Weekday,False,Clear,False,0.0,False,False,0.483,Moderate,22.3,39.7,149.1,0.09,0.209,0.971,Moderate traffic flow - standard adaptive signal timing in effect
EVT429788,2025-07-25 19:37:02,Trade Fair,J020,Malleshwaram Circle,5528,Weekday,False,Clear,False,0.0,False,False,0.878,Severe,15.6,66.8,314.1,0.175,0.405,0.918,Heavy congestion detected - signal timing extended and reroute suggested
EVT429789,2025-08-04 09:38:26,Political Rally,J023,Basavanagudi,8967,Weekday,False,Heavy Rain,True,29.0,False,False,1.0,Severe,8.6,71.1,660.5,0.232,0.536,0.884,Heavy rain reducing visibility and grip - reduced speed and longer buffer advised
EVT429790,2026-02-15 07:50:25,Sports Fixture,J020,Malleshwaram Circle,32130,Weekend,False,Fog,False,0.0,False,False,0.832,Severe,14.9,60.0,284.6,0.159,0.368,0.96,Heavy congestion detected - signal timing extended and reroute suggested
EVT429791,2025-11-17 14:31:45,Trade Fair,J031,Cubbon Road,6194,Weekday,False,Clear,False,0.0,False,False,0.241,Low,32.7,14.9,184.9,0.153,0.353,0.964,Normal free-flow traffic - standard signal timing maintained
EVT429792,2026-01-30 07:26:16,Local Market Day,J031,Cubbon Road,3766,Weekday,False,Clear,False,0.0,False,False,0.655,High,18.1,46.3,242.0,0.129,0.298,0.974,Moderate traffic flow - standard adaptive signal timing in effect
EVT429793,2025-03-05 15:32:46,Concert,J030,MG Road,12965,Weekday,False,Clear,False,0.0,False,False,0.334,Low,30.8,27.9,174.0,0.136,0.315,0.961,Moderate traffic flow - standard adaptive signal timing in effect
EVT429794,2025-07-16 11:59:11,Sports Fixture,J020,Malleshwaram Circle,28924,Weekday,False,Rain,True,15.0,False,False,0.583,High,16.6,43.2,176.3,0.102,0.236,0.913,Heavy rain reducing visibility and grip - reduced speed and longer buffer advised
EVT429795,2025-12-01 09:56:15,Trade Fair,J012,Koramangala Sony World,7601,Weekday,False,Clear,False,0.0,False,False,0.79,Severe,16.5,57.8,186.4,0.106,0.244,0.952,Heavy congestion detected - signal timing extended and reroute suggested
EVT429796,2025-09-16 19:03:56,Trade Fair,J009,Majestic,10662,Weekday,False,Clear,False,0.0,False,False,1.0,Severe,10.8,66.6,578.5,0.248,0.572,0.902,Heavy congestion detected - signal timing extended and reroute suggested
EVT429797,2025-04-05 16:03:37,Concert,J020,Malleshwaram Circle,10945,Weekend,False,Clear,False,0.0,False,False,0.428,Moderate,29.4,31.9,68.7,0.052,0.12,0.978,Moderate traffic flow - standard adaptive signal timing in effect
EVT429798,2025-02-12 08:50:36,Concert,J040,City Market,17013,Weekday,False,Clear,False,0.0,False,False,1.0,Severe,10.9,71.9,367.1,0.207,0.478,0.924,Heavy congestion detected - signal timing extended and reroute suggested
EVT429799,2025-08-25 21:30:28,Concert,J011,Indiranagar 100ft Road,13157,Weekday,False,Clear,False,0.0,False,False,0.407,Moderate,29.3,22.8,147.4,0.114,0.264,0.976,Moderate traffic flow - standard adaptive signal timing in effect
EVT429800,2026-03-29 14:22:33,Local Market Day,J012,Koramangala Sony World,4123,Weekend,False,Clear,False,0.0,False,False,0.252,Low,31.1,24.2,70.8,0.061,0.141,0.942,Moderate traffic flow - standard adaptive signal timing in effect
EVT429801,2025-11-22 12:56:26,Concert,J012,Koramangala Sony World,10579,Weekend,False,Clear,False,0.0,False,False,0.324,Low,31.5,21.0,152.9,0.154,0.357,0.947,Moderate traffic flow - standard adaptive signal timing in effect
EVT429802,2026-04-11 09:47:14,Political Rally,J011,Indiranagar 100ft Road,15651,Weekend,False,Clear,False,0.0,False,False,0.762,Severe,11.8,55.2,675.4,0.27,0.623,0.953,Heavy congestion detected - signal timing extended and reroute suggested
EVT429803,2025-07-16 19:40:25,Trade Fair,J023,Basavanagudi,9132,Weekday,False,Heavy Rain,True,29.2,False,False,1.0,Severe,9.5,70.7,373.3,0.139,0.322,0.858,Heavy rain reducing visibility and grip - reduced speed and longer buffer advised
EVT429804,2025-11-27 17:39:53,Sports Fixture,J011,Indiranagar 100ft Road,20255,Weekday,False,Clear,False,0.0,False,False,0.982,Severe,8.5,67.1,468.3,0.167,0.385,0.926,Heavy congestion detected - signal timing extended and reroute suggested
EVT429805,2025-03-28 19:16:50,Local Market Day,J011,Indiranagar 100ft Road,3309,Weekday,False,Clear,False,0.0,False,False,0.876,Severe,14.3,61.3,338.9,0.188,0.434,0.93,Heavy congestion detected - signal timing extended and reroute suggested
EVT429806,2025-02-18 09:40:27,Trade Fair,J009,Majestic,10992,Weekday,False,Clear,False,0.0,False,False,0.919,Severe,12.7,64.4,566.3,0.288,0.666,0.919,Heavy congestion detected - signal timing extended and reroute suggested
EVT429807,2026-02-07 10:36:58,Trade Fair,J040,City Market,6238,Weekend,False,Clear,False,0.0,False,False,0.562,High,22.0,42.0,303.8,0.217,0.501,0.985,Moderate traffic flow - standard adaptive signal timing in effect
EVT429808,2025-09-16 04:22:49,Political Rally,J011,Indiranagar 100ft Road,12542,Weekday,False,Clear,False,0.0,False,False,0.198,Low,35.9,13.3,178.1,0.174,0.403,0.973,Normal free-flow traffic - standard signal timing maintained
EVT429809,2025-04-03 13:28:35,Local Market Day,J040,City Market,2910,Weekday,False,Clear,False,0.0,False,False,0.245,Low,30.4,18.7,178.2,0.137,0.317,0.955,Normal free-flow traffic - standard signal timing maintained
EVT429810,2025-07-22 08:41:15,Sports Fixture,J023,Basavanagudi,14171,Weekday,False,Rain,True,11.7,False,False,1.0,Severe,6.8,72.8,648.9,0.188,0.435,0.85,Heavy rain reducing visibility and grip - reduced speed and longer buffer advised
EVT429811,2026-04-09 19:26:30,Sports Fixture,J030,MG Road,38646,Weekday,False,Clear,False,0.0,False,False,1.0,Severe,9.8,67.7,392.8,0.161,0.373,0.929,Heavy congestion detected - signal timing extended and reroute suggested
EVT429812,2025-06-28 18:09:28,Concert,J030,MG Road,8913,Weekend,False,Clear,False,0.0,False,False,0.81,Severe,14.3,58.2,208.1,0.113,0.261,0.965,Heavy congestion detected - signal timing extended and reroute suggested
EVT429813,2025-05-23 20:30:09,Political Rally,J011,Indiranagar 100ft Road,12597,Weekday,False,Clear,False,0.0,False,False,0.645,High,19.9,42.1,209.4,0.128,0.295,0.964,Moderate traffic flow - standard adaptive signal timing in effect
EVT429814,2025-03-31 17:25:26,Religious Festival,J020,Malleshwaram Circle,18541,Weekday,True,Clear,False,0.0,False,False,1.0,Severe,7.8,74.0,648.2,0.223,0.516,0.85,Festival crowd surge detected - alternate route and extended cycle recommended
EVT429815,2025-09-26 16:42:02,Concert,J012,Koramangala Sony World,8315,Weekday,False,Fog,False,0.0,False,False,0.744,High,20.8,53.3,263.1,0.21,0.485,0.954,Moderate traffic flow - standard adaptive signal timing in effect
EVT429816,2026-06-22 11:37:18,Trade Fair,J012,Koramangala Sony World,7611,Weekday,False,Rain,True,17.1,False,False,0.483,Moderate,23.8,33.9,184.9,0.111,0.257,0.91,Light rain detected - minor speed reduction advised
EVT429817,2025-11-12 08:28:52,Trade Fair,J012,Koramangala Sony World,10313,Weekday,False,Clear,False,0.0,False,False,0.958,Severe,8.4,61.9,789.8,0.247,0.571,0.921,Heavy congestion detected - signal timing extended and reroute suggested
EVT429818,2026-06-12 10:31:41,Local Market Day,J031,Cubbon Road,3556,Weekday,False,Rain,True,13.7,False,False,0.731,High,18.9,45.8,390.5,0.252,0.582,0.903,Heavy rain reducing visibility and grip - reduced speed and longer buffer advised
EVT429819,2025-04-07 17:40:42,Religious Festival,J040,City Market,80548,Weekday,True,Clear,False,0.0,False,True,1.0,Severe,8.0,92.0,212.6,0.087,0.201,0.832,Road closure for event/procession - full detour recommended for through-traffic
EVT429820,2025-04-03 18:22:49,Sports Fixture,J020,Malleshwaram Circle,20258,Weekday,False,Clear,False,0.0,False,False,1.0,Severe,8.2,70.9,1041.0,0.344,0.794,0.906,Heavy congestion detected - signal timing extended and reroute suggested
EVT429821,2025-04-20 14:21:12,Local Market Day,J023,Basavanagudi,4420,Weekend,False,Clear,False,0.0,False,False,0.349,Low,28.5,25.2,150.5,0.124,0.287,0.975,Moderate traffic flow - standard adaptive signal timing in effect
EVT429822,2025-07-24 15:40:39,Trade Fair,J011,Indiranagar 100ft Road,10526,Weekday,False,Clear,False,0.0,True,False,0.81,Severe,14.9,57.2,184.2,0.088,0.203,0.763,Accident detected nearby - reroute and reduced speed advised
EVT429823,2025-01-23 07:28:34,Concert,J012,Koramangala Sony World,7953,Weekday,False,Clear,False,0.0,False,False,0.589,High,23.4,38.8,233.8,0.196,0.453,0.983,Moderate traffic flow - standard adaptive signal timing in effect
EVT429824,2026-05-04 17:52:22,Political Rally,J011,Indiranagar 100ft Road,15124,Weekday,False,Light Rain,True,5.4,False,False,1.0,Severe,7.4,69.9,572.4,0.167,0.385,0.868,Heavy rain reducing visibility and grip - reduced speed and longer buffer advised
EVT429825,2025-08-21 18:31:28,Political Rally,J031,Cubbon Road,17513,Weekday,False,Clear,False,0.0,False,False,1.0,Severe,9.1,72.9,463.2,0.198,0.457,0.894,Heavy congestion detected - signal timing extended and reroute suggested
EVT429826,2025-09-08 17:00:43,Trade Fair,J020,Malleshwaram Circle,10349,Weekday,False,Heavy Rain,True,54.5,False,False,1.0,Severe,8.6,70.2,737.0,0.25,0.577,0.861,Heavy rain reducing visibility and grip - reduced speed and longer buffer advised
EVT429827,2026-06-29 09:41:11,Concert,J020,Malleshwaram Circle,22514,Weekday,False,Clear,False,0.0,False,False,1.0,Severe,9.8,72.8,185.8,0.089,0.206,0.913,Heavy congestion detected - signal timing extended and reroute suggested
EVT429828,2025-11-03 07:56:02,Local Market Day,J040,City Market,3338,Weekday,False,Clear,False,0.0,False,False,0.777,Severe,12.2,54.3,489.0,0.191,0.442,0.965,Heavy congestion detected - signal timing extended and reroute suggested
EVT429829,2025-03-07 12:50:27,Trade Fair,J040,City Market,10714,Weekday,False,Clear,False,0.0,False,False,0.187,Low,36.6,10.2,174.1,0.165,0.381,0.966,Normal free-flow traffic - standard signal timing maintained
EVT429830,2025-04-09 01:58:45,Concert,J020,Malleshwaram Circle,13044,Weekday,False,Clear,False,0.0,False,False,0.207,Low,29.3,16.2,216.8,0.169,0.389,0.983,Normal free-flow traffic - standard signal timing maintained
EVT429831,2025-07-09 09:56:28,Sports Fixture,J011,Indiranagar 100ft Road,37935,Weekday,False,Rain,True,17.3,False,False,1.0,Severe,8.5,70.8,207.5,0.073,0.168,0.872,Heavy rain reducing visibility and grip - reduced speed and longer buffer advised
EVT429832,2025-11-04 16:58:08,Local Market Day,J011,Indiranagar 100ft Road,2503,Weekday,False,Clear,False,0.0,False,False,0.665,High,18.4,44.8,310.4,0.179,0.413,0.966,Moderate traffic flow - standard adaptive signal timing in effect
EVT429833,2025-03-23 12:06:12,Trade Fair,J031,Cubbon Road,9725,Weekend,False,Clear,False,0.0,False,False,0.389,Moderate,24.4,27.6,156.3,0.106,0.246,0.941,Moderate traffic flow - standard adaptive signal timing in effect
EVT429834,2025-07-16 14:19:27,Trade Fair,J030,MG Road,5034,Weekday,False,Clear,False,0.0,False,False,0.243,Low,27.6,16.5,220.5,0.174,0.401,0.984,Normal free-flow traffic - standard signal timing maintained
EVT429835,2025-03-12 15:24:45,Trade Fair,J009,Majestic,6733,Weekday,False,Clear,False,0.0,False,False,0.323,Low,29.0,27.3,141.2,0.1,0.232,0.96,Moderate traffic flow - standard adaptive signal timing in effect
EVT429836,2025-04-28 09:41:32,Sports Fixture,J011,Indiranagar 100ft Road,17418,Weekday,False,Clear,False,0.0,False,False,0.995,Severe,8.6,73.7,473.7,0.178,0.412,0.909,Heavy congestion detected - signal timing extended and reroute suggested
EVT429837,2025-04-17 18:47:00,Sports Fixture,J023,Basavanagudi,25307,Weekday,False,Clear,False,0.0,False,False,1.0,Severe,9.2,70.7,736.2,0.272,0.629,0.924,Heavy congestion detected - signal timing extended and reroute suggested
EVT429838,2026-06-06 09:23:37,Trade Fair,J040,City Market,9947,Weekend,False,Clear,False,0.0,False,False,0.829,Severe,15.6,64.5,220.5,0.134,0.31,0.941,Heavy congestion detected - signal timing extended and reroute suggested
EVT429839,2025-08-09 18:29:32,Sports Fixture,J023,Basavanagudi,24530,Weekend,False,Heavy Rain,True,63.0,False,False,1.0,Severe,8.9,68.3,370.7,0.136,0.315,0.856,Heavy rain reducing visibility and grip - reduced speed and longer buffer advised
EVT429840,2025-12-20 20:13:39,Local Market Day,J023,Basavanagudi,4902,Weekend,False,Clear,False,0.0,False,False,0.599,High,23.0,42.7,346.9,0.249,0.576,0.952,Moderate traffic flow - standard adaptive signal timing in effect
EVT429841,2025-01-21 16:44:25,Political Rally,J030,MG Road,16216,Weekday,False,Clear,False,0.0,False,False,0.661,High,21.5,49.8,233.0,0.163,0.376,0.979,Moderate traffic flow - standard adaptive signal timing in effect
EVT429842,2025-12-06 19:40:18,Sports Fixture,J020,Malleshwaram Circle,15680,Weekend,False,Clear,False,0.0,False,False,0.756,Severe,14.8,55.2,587.5,0.302,0.697,0.986,Heavy congestion detected - signal timing extended and reroute suggested
EVT429843,2025-12-24 09:15:30,Political Rally,J020,Malleshwaram Circle,8184,Weekday,False,Clear,False,0.0,False,False,1.0,Severe,8.0,68.5,920.7,0.279,0.644,0.914,Heavy congestion detected - signal timing extended and reroute suggested
EVT429844,2026-02-16 17:55:08,Sports Fixture,J012,Koramangala Sony World,24944,Weekday,False,Clear,False,0.0,False,False,0.976,Severe,8.1,69.6,558.8,0.183,0.423,0.935,Heavy congestion detected - signal timing extended and reroute suggested
EVT429845,2026-06-15 07:27:25,Concert,J020,Malleshwaram Circle,15976,Weekday,False,Heavy Rain,True,36.4,False,False,1.0,Severe,6.9,67.6,653.5,0.197,0.455,0.892,Heavy rain reducing visibility and grip - reduced speed and longer buffer advised
EVT429846,2026-02-16 09:46:05,Local Market Day,J030,MG Road,2132,Weekday,False,Clear,False,0.0,False,False,0.833,Severe,12.1,59.0,325.0,0.16,0.37,0.958,Heavy congestion detected - signal timing extended and reroute suggested
EVT429847,2026-02-14 08:06:27,Trade Fair,J009,Majestic,5333,Weekend,False,Clear,False,0.0,False,False,0.712,High,18.6,54.2,235.2,0.148,0.342,0.966,Moderate traffic flow - standard adaptive signal timing in effect
EVT429848,2026-01-26 13:23:57,Religious Festival,J030,MG Road,28427,Weekday,True,Clear,False,0.0,False,False,0.575,High,24.8,40.5,289.3,0.211,0.486,0.901,Festival crowd surge detected - alternate route and extended cycle recommended
EVT429849,2025-10-05 17:48:08,Concert,J020,Malleshwaram Circle,11085,Weekend,False,Clear,False,0.0,False,False,0.865,Severe,11.4,61.5,546.4,0.231,0.533,0.944,Heavy congestion detected - signal timing extended and reroute suggested
EVT429850,2026-02-08 07:38:13,Concert,J020,Malleshwaram Circle,8822,Weekend,False,Clear,False,0.0,False,False,0.603,High,17.0,33.4,262.4,0.147,0.339,0.962,Moderate traffic flow - standard adaptive signal timing in effect
EVT429851,2025-01-16 10:36:16,Trade Fair,J040,City Market,4595,Weekday,False,Clear,False,0.0,False,False,0.482,Moderate,25.2,36.8,179.6,0.131,0.302,0.977,Moderate traffic flow - standard adaptive signal timing in effect
EVT429852,2025-12-11 04:14:11,Local Market Day,J031,Cubbon Road,1893,Weekday,False,Clear,False,0.0,False,False,0.132,Low,27.4,7.9,54.4,0.054,0.125,0.95,Normal free-flow traffic - standard signal timing maintained
EVT429853,2026-02-12 10:54:28,Sports Fixture,J012,Koramangala Sony World,19809,Weekday,False,Clear,False,0.0,False,False,0.571,High,20.1,43.2,375.0,0.223,0.516,0.954,Moderate traffic flow - standard adaptive signal timing in effect
EVT429854,2025-03-31 18:09:14,Cultural Procession,J030,MG Road,14047,Weekday,True,Clear,False,0.0,False,False,1.0,Severe,6.4,74.3,593.6,0.172,0.398,0.862,Festival crowd surge detected - alternate route and extended cycle recommended
EVT429855,2025-07-05 16:13:07,Local Market Day,J031,Cubbon Road,6964,Weekend,False,Fog,False,0.0,False,False,0.477,Moderate,25.6,39.9,197.6,0.147,0.339,0.965,Moderate traffic flow - standard adaptive signal timing in effect
EVT429856,2025-06-30 09:08:51,Sports Fixture,J012,Koramangala Sony World,22888,Weekday,False,Clear,False,0.0,False,False,1.0,Severe,11.4,72.0,514.5,0.225,0.52,0.937,Heavy congestion detected - signal timing extended and reroute suggested
EVT429857,2026-05-14 07:25:33,Political Rally,J012,Koramangala Sony World,16445,Weekday,False,Clear,False,0.0,False,False,0.705,High,18.6,54.0,151.0,0.087,0.201,0.938,Moderate traffic flow - standard adaptive signal timing in effect
EVT429858,2025-11-18 11:21:32,Concert,J011,Indiranagar 100ft Road,7462,Weekday,False,Clear,False,0.0,False,False,0.348,Low,27.8,25.4,197.6,0.146,0.337,0.958,Moderate traffic flow - standard adaptive signal timing in effect
EVT429859,2025-11-22 09:58:20,Sports Fixture,J011,Indiranagar 100ft Road,36223,Weekend,False,Rain,True,22.6,False,False,1.0,Severe,8.4,68.1,415.5,0.121,0.279,0.882,Heavy rain reducing visibility and grip - reduced speed and longer buffer advised
EVT429860,2025-03-09 08:46:16,Sports Fixture,J031,Cubbon Road,26678,Weekend,False,Clear,False,0.0,False,False,0.997,Severe,7.8,71.2,628.8,0.195,0.452,0.907,Heavy congestion detected - signal timing extended and reroute suggested
EVT429861,2025-11-06 14:13:42,Political Rally,J012,Koramangala Sony World,16791,Weekday,False,Clear,False,0.0,False,False,0.321,Low,29.2,20.0,211.3,0.154,0.357,0.941,Moderate traffic flow - standard adaptive signal timing in effect
EVT429862,2026-06-13 08:03:44,Sports Fixture,J040,City Market,20484,Weekend,False,Rain,True,12.0,False,False,0.992,Severe,10.1,70.9,281.8,0.118,0.273,0.864,Heavy rain reducing visibility and grip - reduced speed and longer buffer advised
EVT429863,2025-09-05 18:21:00,Cultural Procession,J040,City Market,14739,Weekday,True,Clear,False,0.0,False,True,1.0,Severe,9.3,101.9,401.3,0.169,0.391,0.851,Road closure for event/procession - full detour recommended for through-traffic
EVT429864,2026-02-21 20:04:00,Local Market Day,J009,Majestic,4685,Weekend,False,Clear,False,0.0,False,False,0.566,High,21.6,34.9,270.9,0.174,0.401,0.932,Moderate traffic flow - standard adaptive signal timing in effect
EVT429865,2025-03-28 17:01:52,Political Rally,J030,MG Road,9243,Weekday,False,Clear,False,0.0,False,False,0.785,Severe,16.1,58.2,291.7,0.161,0.371,0.948,Heavy congestion detected - signal timing extended and reroute suggested
EVT429866,2026-05-25 07:34:12,Trade Fair,J040,City Market,10065,Weekday,False,Heavy Rain,True,25.6,False,False,0.944,Severe,9.4,66.4,544.4,0.196,0.453,0.861,Heavy rain reducing visibility and grip - reduced speed and longer buffer advised
EVT429867,2025-06-08 08:12:47,Political Rally,J009,Majestic,32325,Weekend,False,Clear,False,0.0,False,False,0.963,Severe,9.5,70.5,590.9,0.203,0.468,0.888,Heavy congestion detected - signal timing extended and reroute suggested
EVT429868,2025-06-24 05:47:55,Trade Fair,J031,Cubbon Road,7591,Weekday,False,Clear,False,0.0,False,False,0.192,Low,36.9,7.2,53.6,0.062,0.144,0.986,Normal free-flow traffic - standard signal timing maintained
EVT429869,2025-06-27 12:15:42,Local Market Day,J023,Basavanagudi,2366,Weekday,False,Clear,False,0.0,False,False,0.215,Low,38.2,12.1,126.7,0.132,0.305,0.955,Normal free-flow traffic - standard signal timing maintained
EVT429870,2025-10-15 08:59:14,Concert,J031,Cubbon Road,10446,Weekday,False,Clear,False,0.0,False,False,1.0,Severe,8.1,73.2,510.6,0.161,0.372,0.922,Heavy congestion detected - signal timing extended and reroute suggested
EVT429871,2025-02-06 10:15:14,Local Market Day,J020,Malleshwaram Circle,2985,Weekday,False,Clear,False,0.0,False,False,0.711,High,16.7,54.5,323.7,0.181,0.418,0.97,Moderate traffic flow - standard adaptive signal timing in effect
EVT429872,2025-11-29 19:03:06,Political Rally,J011,Indiranagar 100ft Road,10591,Weekend,False,Clear,False,0.0,False,False,0.799,Severe,16.0,54.3,242.2,0.135,0.311,0.921,Heavy congestion detected - signal timing extended and reroute suggested
EVT429873,2025-09-20 18:11:32,Trade Fair,J009,Majestic,5637,Weekend,False,Heavy Rain,True,71.9,False,False,1.0,Severe,9.4,74.7,712.0,0.282,0.652,0.883,Heavy rain reducing visibility and grip - reduced speed and longer buffer advised
EVT429874,2026-02-28 14:25:32,Concert,J030,MG Road,16253,Weekend,False,Clear,False,0.0,False,False,0.401,Moderate,29.1,32.7,224.1,0.187,0.433,0.95,Moderate traffic flow - standard adaptive signal timing in effect
EVT429875,2025-11-18 05:39:38,Trade Fair,J040,City Market,10510,Weekday,False,Clear,False,0.0,False,False,0.212,Low,29.7,17.0,80.5,0.047,0.109,0.962,Normal free-flow traffic - standard signal timing maintained
EVT429876,2025-11-05 10:08:54,Concert,J031,Cubbon Road,13878,Weekday,False,Clear,False,0.0,False,False,0.783,Severe,11.4,47.6,369.8,0.151,0.349,0.968,Heavy congestion detected - signal timing extended and reroute suggested
EVT429877,2025-01-19 12:22:20,Trade Fair,J012,Koramangala Sony World,4251,Weekend,False,Clear,False,0.0,False,False,0.227,Low,28.3,16.3,133.7,0.093,0.214,0.949,Normal free-flow traffic - standard signal timing maintained
EVT429878,2026-06-12 06:33:38,Political Rally,J012,Koramangala Sony World,10819,Weekday,False,Heavy Rain,True,30.5,False,False,0.644,High,24.9,43.2,200.5,0.155,0.358,0.917,Heavy rain reducing visibility and grip - reduced speed and longer buffer advised
EVT429879,2026-04-27 21:59:45,Local Market Day,J031,Cubbon Road,2568,Weekday,False,Clear,False,0.0,False,False,0.265,Low,34.3,16.4,51.2,0.041,0.094,0.982,Moderate traffic flow - standard adaptive signal timing in effect
EVT429880,2026-03-20 18:45:23,Fireworks Display,J012,Koramangala Sony World,17450,Weekday,True,Clear,False,0.0,False,False,1.0,Severe,9.5,75.1,591.0,0.235,0.543,0.86,Festival crowd surge detected - alternate route and extended cycle recommended
EVT429881,2025-06-24 20:03:52,Sports Fixture,J031,Cubbon Road,21020,Weekday,False,Clear,False,0.0,False,False,0.772,Severe,15.8,60.1,291.5,0.141,0.325,0.954,Heavy congestion detected - signal timing extended and reroute suggested
EVT429882,2025-04-21 08:32:12,Local Market Day,J030,MG Road,3387,Weekday,False,Clear,False,0.0,False,False,1.0,Severe,8.9,68.7,227.9,0.091,0.21,0.932,Heavy congestion detected - signal timing extended and reroute suggested
EVT429883,2026-01-18 05:06:13,Local Market Day,J040,City Market,3113,Weekend,False,Clear,False,0.0,False,False,0.219,Low,40.4,18.5,131.0,0.137,0.317,0.967,Normal free-flow traffic - standard signal timing maintained
EVT429884,2025-08-24 11:19:36,Political Rally,J023,Basavanagudi,20038,Weekend,False,Clear,False,0.0,False,False,0.493,Moderate,32.3,30.9,176.9,0.169,0.39,0.959,Moderate traffic flow - standard adaptive signal timing in effect
EVT429885,2026-06-02 03:27:35,Trade Fair,J040,City Market,6425,Weekday,False,Rain,True,12.2,False,False,0.33,Low,29.6,28.0,243.6,0.189,0.437,0.899,Light rain detected - minor speed reduction advised
EVT429886,2025-06-22 09:57:37,Trade Fair,J012,Koramangala Sony World,12260,Weekend,False,Heavy Rain,True,26.7,False,False,0.996,Severe,7.7,68.3,935.9,0.275,0.635,0.882,Heavy rain reducing visibility and grip - reduced speed and longer buffer advised
EVT429887,2025-12-21 12:58:42,Concert,J009,Majestic,15265,Weekend,False,Clear,False,0.0,False,False,0.279,Low,28.0,19.2,162.4,0.115,0.266,0.944,Moderate traffic flow - standard adaptive signal timing in effect
EVT429888,2025-05-22 20:36:22,Political Rally,J020,Malleshwaram Circle,11059,Weekday,False,Clear,False,0.0,False,False,0.545,Moderate,15.0,42.3,198.1,0.101,0.233,0.955,Moderate traffic flow - standard adaptive signal timing in effect
EVT429889,2025-05-07 09:38:33,Concert,J012,Koramangala Sony World,20101,Weekday,False,Light Rain,True,2.3,False,False,1.0,Severe,9.1,77.2,671.8,0.243,0.56,0.889,Heavy rain reducing visibility and grip - reduced speed and longer buffer advised
EVT429890,2026-01-08 12:15:48,Sports Fixture,J040,City Market,29263,Weekday,False,Clear,False,0.0,False,False,0.337,Low,30.1,23.8,151.4,0.119,0.275,0.955,Moderate traffic flow - standard adaptive signal timing in effect
EVT429891,2026-06-17 09:16:09,Local Market Day,J009,Majestic,3390,Weekday,False,Heavy Rain,True,50.0,False,False,1.0,Severe,8.5,74.9,475.9,0.17,0.392,0.884,Heavy rain reducing visibility and grip - reduced speed and longer buffer advised
EVT429892,2025-02-08 23:11:23,Local Market Day,J023,Basavanagudi,4335,Weekend,False,Fog,False,0.0,False,False,0.274,Low,26.5,22.9,200.4,0.144,0.332,0.99,Moderate traffic flow - standard adaptive signal timing in effect
EVT429893,2025-09-07 09:49:24,Concert,J030,MG Road,13216,Weekend,False,Clear,False,0.0,False,False,0.812,Severe,14.9,54.8,201.9,0.087,0.2,0.957,Heavy congestion detected - signal timing extended and reroute suggested
EVT429894,2025-01-15 18:30:50,Cultural Procession,J023,Basavanagudi,38696,Weekday,True,Clear,False,0.0,False,True,1.0,Severe,10.3,99.4,529.0,0.216,0.499,0.831,Road closure for event/procession - full detour recommended for through-traffic
EVT429895,2025-08-24 15:53:23,Local Market Day,J040,City Market,2058,Weekend,False,Clear,False,0.0,False,False,0.416,Moderate,29.5,38.3,204.2,0.165,0.38,0.947,Moderate traffic flow - standard adaptive signal timing in effect
EVT429896,2025-12-10 09:51:14,Trade Fair,J031,Cubbon Road,7189,Weekday,False,Clear,False,0.0,False,False,0.945,Severe,8.7,71.8,370.3,0.131,0.303,0.942,Heavy congestion detected - signal timing extended and reroute suggested
EVT429897,2026-01-13 23:57:06,Concert,J040,City Market,7859,Weekday,False,Clear,False,0.0,False,False,0.219,Low,34.1,12.9,226.0,0.21,0.485,0.969,Normal free-flow traffic - standard signal timing maintained
EVT429898,2025-03-23 16:58:32,Trade Fair,J031,Cubbon Road,7864,Weekend,False,Clear,False,0.0,False,False,0.71,High,20.4,56.4,171.0,0.124,0.287,0.967,Moderate traffic flow - standard adaptive signal timing in effect
EVT429899,2025-10-01 09:46:50,Concert,J023,Basavanagudi,9701,Weekday,False,Clear,False,0.0,False,False,1.0,Severe,7.8,72.2,790.1,0.237,0.548,0.906,Heavy congestion detected - signal timing extended and reroute suggested
EVT429900,2025-11-04 10:05:58,Sports Fixture,J031,Cubbon Road,14926,Weekday,False,Clear,False,0.0,False,False,0.782,Severe,19.4,57.8,233.1,0.156,0.361,0.96,Heavy congestion detected - signal timing extended and reroute suggested
EVT429901,2025-02-01 08:22:29,Local Market Day,J012,Koramangala Sony World,6151,Weekend,False,Fog,False,0.0,False,False,0.779,Severe,15.1,50.4,212.7,0.113,0.26,0.931,Heavy congestion detected - signal timing extended and reroute suggested
EVT429902,2026-01-13 09:29:06,Local Market Day,J009,Majestic,3264,Weekday,False,Clear,False,0.0,False,False,1.0,Severe,9.1,79.0,370.8,0.148,0.341,0.914,Heavy congestion detected - signal timing extended and reroute suggested
EVT429903,2026-01-31 11:19:59,Local Market Day,J031,Cubbon Road,2538,Weekend,False,Clear,False,0.0,False,False,0.463,Moderate,21.9,29.6,192.3,0.133,0.308,0.971,Moderate traffic flow - standard adaptive signal timing in effect
EVT429904,2025-03-08 21:10:01,Local Market Day,J009,Majestic,8012,Weekend,False,Clear,False,0.0,False,False,0.471,Moderate,20.9,30.4,219.4,0.138,0.318,0.946,Moderate traffic flow - standard adaptive signal timing in effect
EVT429905,2025-05-12 18:01:53,Concert,J009,Majestic,9858,Weekday,False,Clear,False,0.0,False,False,0.981,Severe,8.2,71.9,584.6,0.195,0.451,0.915,Heavy congestion detected - signal timing extended and reroute suggested
EVT429906,2025-06-23 19:22:45,Local Market Day,J031,Cubbon Road,4660,Weekday,False,Clear,False,0.0,False,False,0.962,Severe,9.3,60.0,392.6,0.132,0.304,0.933,Heavy congestion detected - signal timing extended and reroute suggested
EVT429907,2026-03-07 18:14:09,Local Market Day,J030,MG Road,5554,Weekend,False,Clear,False,0.0,False,False,0.826,Severe,15.4,60.3,514.0,0.28,0.648,0.975,Heavy congestion detected - signal timing extended and reroute suggested
EVT429908,2025-05-19 19:49:56,Sports Fixture,J012,Koramangala Sony World,19254,Weekday,False,Clear,False,0.0,False,False,0.866,Severe,11.7,58.9,478.2,0.214,0.494,0.936,Heavy congestion detected - signal timing extended and reroute suggested
EVT429909,2025-01-16 09:35:55,Political Rally,J009,Majestic,15322,Weekday,False,Light Rain,True,7.3,False,False,1.0,Severe,8.1,68.6,524.1,0.189,0.437,0.867,Heavy rain reducing visibility and grip - reduced speed and longer buffer advised
EVT429910,2025-06-30 15:04:20,Sports Fixture,J012,Koramangala Sony World,37561,Weekday,False,Clear,False,0.0,False,False,0.42,Moderate,22.3,26.3,267.8,0.172,0.398,0.984,Moderate traffic flow - standard adaptive signal timing in effect
EVT429911,2026-01-23 23:00:51,Trade Fair,J031,Cubbon Road,6898,Weekday,False,Clear,False,0.0,False,False,0.117,Low,37.6,12.7,115.7,0.091,0.21,0.975,Normal free-flow traffic - standard signal timing maintained
EVT429912,2026-05-18 07:33:04,Concert,J009,Majestic,11003,Weekday,False,Clear,False,0.0,False,False,0.681,High,18.0,51.5,283.8,0.179,0.413,0.959,Moderate traffic flow - standard adaptive signal timing in effect
EVT429913,2025-08-01 21:35:24,Sports Fixture,J023,Basavanagudi,14695,Weekday,False,Rain,True,14.2,False,False,0.518,Moderate,24.3,37.8,185.9,0.141,0.325,0.897,Light rain detected - minor speed reduction advised
EVT429914,2025-03-02 17:15:55,Political Rally,J040,City Market,24029,Weekend,False,Clear,False,0.0,False,False,0.834,Severe,9.1,59.7,465.0,0.158,0.365,0.978,Heavy congestion detected - signal timing extended and reroute suggested
EVT429915,2026-01-02 10:02:16,Religious Festival,J031,Cubbon Road,40551,Weekday,True,Clear,False,0.0,False,True,1.0,Severe,7.2,101.2,644.1,0.207,0.477,0.846,Road closure for event/procession - full detour recommended for through-traffic
EVT429916,2025-10-08 17:01:02,Sports Fixture,J012,Koramangala Sony World,16711,Weekday,False,Light Rain,True,2.0,False,False,0.876,Severe,12.8,65.2,507.0,0.24,0.554,0.876,Heavy rain reducing visibility and grip - reduced speed and longer buffer advised
EVT429917,2025-05-29 16:05:41,Sports Fixture,J009,Majestic,11612,Weekday,False,Clear,False,0.0,False,False,0.498,Moderate,30.5,34.8,275.1,0.225,0.519,0.972,Moderate traffic flow - standard adaptive signal timing in effect
EVT429918,2025-10-29 10:26:17,Sports Fixture,J030,MG Road,15456,Weekday,False,Clear,False,0.0,False,False,0.702,High,19.9,47.9,242.2,0.152,0.352,0.959,Moderate traffic flow - standard adaptive signal timing in effect
EVT429919,2025-07-28 23:31:12,Concert,J012,Koramangala Sony World,11223,Weekday,False,Heavy Rain,True,31.2,False,False,0.49,Moderate,21.1,34.5,295.3,0.188,0.434,0.927,Light rain detected - minor speed reduction advised
EVT429920,2025-07-01 09:38:13,Sports Fixture,J020,Malleshwaram Circle,21448,Weekday,False,Heavy Rain,True,52.9,False,False,1.0,Severe,9.4,67.7,337.8,0.125,0.288,0.886,Heavy rain reducing visibility and grip - reduced speed and longer buffer advised
EVT429921,2025-07-18 22:48:07,Local Market Day,J020,Malleshwaram Circle,4392,Weekday,False,Clear,False,0.0,False,False,0.259,Low,33.9,22.5,156.5,0.141,0.326,0.984,Moderate traffic flow - standard adaptive signal timing in effect
EVT429922,2026-02-20 21:17:48,Trade Fair,J012,Koramangala Sony World,11516,Weekday,False,Clear,False,0.0,False,False,0.422,Moderate,32.2,36.4,189.1,0.172,0.398,0.958,Moderate traffic flow - standard adaptive signal timing in effect
EVT429923,2025-07-28 07:42:19,Trade Fair,J031,Cubbon Road,4565,Weekday,False,Clear,False,0.0,False,False,0.703,High,14.0,40.1,225.9,0.112,0.259,0.974,Moderate traffic flow - standard adaptive signal timing in effect
EVT429924,2025-11-17 21:04:53,Sports Fixture,J020,Malleshwaram Circle,24102,Weekday,False,Clear,False,0.0,False,False,0.516,Moderate,24.2,39.0,162.5,0.087,0.201,0.985,Moderate traffic flow - standard adaptive signal timing in effect
EVT429925,2025-11-02 09:34:39,Religious Festival,J012,Koramangala Sony World,27310,Weekend,True,Clear,False,0.0,False,False,1.0,Severe,8.8,70.8,435.4,0.171,0.395,0.844,Festival crowd surge detected - alternate route and extended cycle recommended
EVT429926,2025-08-19 22:39:46,Trade Fair,J020,Malleshwaram Circle,6675,Weekday,False,Clear,False,0.0,False,False,0.222,Low,34.2,11.3,83.8,0.082,0.189,0.984,Normal free-flow traffic - standard signal timing maintained
EVT429927,2025-07-02 07:16:43,Concert,J012,Koramangala Sony World,9545,Weekday,False,Heavy Rain,True,25.0,False,False,0.879,Severe,11.3,62.7,550.6,0.233,0.539,0.857,Heavy rain reducing visibility and grip - reduced speed and longer buffer advised
EVT429928,2025-04-27 07:39:32,Trade Fair,J011,Indiranagar 100ft Road,12453,Weekend,False,Clear,False,0.0,False,False,0.564,High,25.1,34.9,127.4,0.091,0.21,0.958,Moderate traffic flow - standard adaptive signal timing in effect
EVT429929,2025-06-22 19:03:53,Trade Fair,J011,Indiranagar 100ft Road,9000,Weekend,False,Heavy Rain,True,60.1,False,False,1.0,Severe,9.1,72.6,241.3,0.108,0.249,0.861,Heavy rain reducing visibility and grip - reduced speed and longer buffer advised
EVT429930,2026-05-22 14:13:08,Local Market Day,J023,Basavanagudi,2624,Weekday,False,Clear,False,0.0,False,False,0.184,Low,31.4,15.4,169.1,0.119,0.275,0.97,Normal free-flow traffic - standard signal timing maintained
EVT429931,2025-02-20 11:53:10,Local Market Day,J030,MG Road,4160,Weekday,False,Clear,False,0.0,False,False,0.292,Low,30.0,21.6,85.9,0.088,0.203,0.956,Moderate traffic flow - standard adaptive signal timing in effect
EVT429932,2026-06-06 15:09:52,Trade Fair,J009,Majestic,6097,Weekend,False,Heavy Rain,True,34.6,False,False,0.676,High,21.6,48.0,294.4,0.209,0.483,0.913,Heavy rain reducing visibility and grip - reduced speed and longer buffer advised
EVT429933,2026-05-12 10:11:45,Sports Fixture,J031,Cubbon Road,11542,Weekday,False,Clear,False,0.0,False,False,0.775,Severe,12.2,56.0,625.2,0.263,0.608,0.961,Heavy congestion detected - signal timing extended and reroute suggested
EVT429934,2025-04-14 00:25:41,Religious Festival,J020,Malleshwaram Circle,67362,Weekday,True,Light Rain,True,3.9,False,False,0.854,Severe,12.7,55.7,311.2,0.155,0.358,0.843,Festival crowd surge detected - alternate route and extended cycle recommended
EVT429935,2026-04-06 08:26:34,Sports Fixture,J023,Basavanagudi,22921,Weekday,False,Clear,False,0.0,False,False,1.0,Severe,9.8,75.6,543.2,0.232,0.535,0.902,Heavy congestion detected - signal timing extended and reroute suggested
EVT429936,2025-03-07 11:21:13,Trade Fair,J031,Cubbon Road,8289,Weekday,False,Clear,False,0.0,False,False,0.334,Low,24.2,23.5,248.8,0.16,0.37,0.975,Moderate traffic flow - standard adaptive signal timing in effect
EVT429937,2026-02-19 11:10:44,Trade Fair,J009,Majestic,10637,Weekday,False,Clear,False,0.0,False,False,0.412,Moderate,28.6,28.0,143.9,0.088,0.204,0.955,Moderate traffic flow - standard adaptive signal timing in effect
EVT429938,2025-03-29 12:36:20,Trade Fair,J031,Cubbon Road,7459,Weekend,False,Clear,False,0.0,False,False,0.322,Low,23.5,20.0,191.4,0.136,0.315,0.949,Moderate traffic flow - standard adaptive signal timing in effect
EVT429939,2025-09-11 13:25:34,Local Market Day,J030,MG Road,3075,Weekday,False,Clear,False,0.0,False,False,0.135,Low,40.3,8.8,34.9,0.011,0.026,0.966,Normal free-flow traffic - standard signal timing maintained
EVT429940,2025-01-20 17:56:27,Trade Fair,J031,Cubbon Road,7861,Weekday,False,Clear,False,0.0,False,False,0.936,Severe,9.8,65.5,511.4,0.207,0.477,0.927,Heavy congestion detected - signal timing extended and reroute suggested
EVT429941,2026-06-12 19:12:19,Concert,J040,City Market,11197,Weekday,False,Clear,False,0.0,False,False,1.0,Severe,8.1,73.7,607.7,0.22,0.507,0.892,Heavy congestion detected - signal timing extended and reroute suggested
EVT429942,2025-03-10 16:08:05,Local Market Day,J031,Cubbon Road,5467,Weekday,False,Clear,False,0.0,False,False,0.448,Moderate,22.0,31.0,241.9,0.145,0.336,0.971,Moderate traffic flow - standard adaptive signal timing in effect
EVT429943,2025-01-06 09:39:56,Local Market Day,J012,Koramangala Sony World,4292,Weekday,False,Clear,False,0.0,False,False,0.977,Severe,10.4,69.8,176.9,0.077,0.178,0.932,Heavy congestion detected - signal timing extended and reroute suggested
EVT429944,2026-02-26 10:16:35,Local Market Day,J040,City Market,6195,Weekday,False,Clear,False,0.0,False,False,0.779,Severe,16.5,56.8,170.7,0.082,0.19,0.99,Heavy congestion detected - signal timing extended and reroute suggested
EVT429945,2026-03-10 11:36:20,Concert,J011,Indiranagar 100ft Road,14153,Weekday,False,Fog,False,0.0,False,False,0.321,Low,28.9,20.5,105.9,0.082,0.19,0.944,Moderate traffic flow - standard adaptive signal timing in effect
EVT429946,2025-10-24 12:35:40,Sports Fixture,J040,City Market,44609,Weekday,False,Light Rain,True,6.0,False,False,0.567,High,22.7,40.7,235.8,0.175,0.404,0.903,Heavy rain reducing visibility and grip - reduced speed and longer buffer advised
EVT429947,2025-10-02 08:37:37,Cultural Procession,J011,Indiranagar 100ft Road,21964,Weekday,True,Rain,True,19.1,False,True,1.0,Severe,8.8,96.4,426.4,0.173,0.399,0.791,Road closure for event/procession - full detour recommended for through-traffic
EVT429948,2026-04-06 11:38:56,Concert,J023,Basavanagudi,9977,Weekday,False,Clear,False,0.0,False,False,0.396,Moderate,25.9,31.7,232.7,0.175,0.404,0.99,Moderate traffic flow - standard adaptive signal timing in effect
EVT429949,2025-09-11 12:02:06,Local Market Day,J031,Cubbon Road,6650,Weekday,False,Heavy Rain,True,54.4,False,False,0.631,High,21.4,46.9,100.6,0.066,0.153,0.924,Heavy rain reducing visibility and grip - reduced speed and longer buffer advised
EVT429950,2025-01-21 10:17:53,Concert,J023,Basavanagudi,10080,Weekday,False,Clear,False,0.0,False,False,0.714,High,17.1,42.5,253.3,0.146,0.337,0.979,Moderate traffic flow - standard adaptive signal timing in effect
EVT429951,2026-06-28 19:26:37,Local Market Day,J012,Koramangala Sony World,5018,Weekend,False,Heavy Rain,True,25.3,False,False,1.0,Severe,6.8,69.6,764.5,0.216,0.498,0.854,Heavy rain reducing visibility and grip - reduced speed and longer buffer advised
EVT429952,2025-08-18 07:09:04,Trade Fair,J012,Koramangala Sony World,13056,Weekday,False,Clear,False,0.0,False,False,0.432,Moderate,29.6,33.1,128.4,0.1,0.232,0.986,Moderate traffic flow - standard adaptive signal timing in effect
EVT429953,2026-03-12 12:20:14,Concert,J020,Malleshwaram Circle,14559,Weekday,False,Clear,False,0.0,False,False,0.32,Low,34.1,24.8,138.8,0.127,0.294,0.978,Moderate traffic flow - standard adaptive signal timing in effect
EVT429954,2025-10-14 11:58:45,Concert,J011,Indiranagar 100ft Road,11810,Weekday,False,Clear,False,0.0,False,False,0.384,Moderate,26.4,28.2,175.0,0.124,0.287,0.984,Moderate traffic flow - standard adaptive signal timing in effect
EVT429955,2025-11-30 11:59:31,Sports Fixture,J030,MG Road,25155,Weekend,False,Rain,True,18.6,False,False,0.522,Moderate,26.0,43.8,211.1,0.155,0.357,0.905,Light rain detected - minor speed reduction advised
EVT429956,2026-02-14 20:26:34,Trade Fair,J030,MG Road,7060,Weekend,False,Clear,False,0.0,False,False,0.538,Moderate,23.2,41.7,91.1,0.073,0.167,0.965,Moderate traffic flow - standard adaptive signal timing in effect
EVT429957,2025-08-30 00:03:22,Trade Fair,J009,Majestic,16670,Weekend,False,Clear,False,0.0,False,False,0.357,Moderate,29.2,25.9,132.1,0.11,0.255,0.985,Moderate traffic flow - standard adaptive signal timing in effect
EVT429958,2026-06-22 17:51:10,Concert,J011,Indiranagar 100ft Road,17184,Weekday,False,Heavy Rain,True,26.2,False,False,1.0,Severe,8.4,72.7,431.2,0.152,0.351,0.861,Heavy rain reducing visibility and grip - reduced speed and longer buffer advised
EVT429959,2025-10-28 08:02:30,Sports Fixture,J009,Majestic,22301,Weekday,False,Clear,False,0.0,False,False,0.886,Severe,14.9,70.0,143.9,0.085,0.197,0.936,Heavy congestion detected - signal timing extended and reroute suggested
EVT429960,2025-02-16 15:00:39,Concert,J012,Koramangala Sony World,7379,Weekend,False,Clear,False,0.0,False,False,0.287,Low,32.8,18.1,225.5,0.187,0.431,0.958,Moderate traffic flow - standard adaptive signal timing in effect
EVT429961,2025-02-27 03:22:34,Trade Fair,J023,Basavanagudi,12988,Weekday,False,Clear,False,0.0,False,False,0.212,Low,28.8,11.7,199.5,0.142,0.327,0.952,Normal free-flow traffic - standard signal timing maintained
EVT429962,2025-07-02 12:44:15,Sports Fixture,J011,Indiranagar 100ft Road,50624,Weekday,False,Heavy Rain,True,25.1,False,False,0.736,High,19.0,53.0,202.3,0.116,0.267,0.913,Heavy rain reducing visibility and grip - reduced speed and longer buffer advised
EVT429963,2025-11-25 17:16:01,Trade Fair,J011,Indiranagar 100ft Road,9101,Weekday,False,Clear,False,0.0,False,False,0.783,Severe,12.7,55.8,187.6,0.086,0.198,0.957,Heavy congestion detected - signal timing extended and reroute suggested
EVT429964,2025-10-18 17:55:03,Local Market Day,J023,Basavanagudi,3460,Weekend,False,Rain,True,18.3,False,False,1.0,Severe,8.3,67.1,559.1,0.19,0.439,0.858,Heavy rain reducing visibility and grip - reduced speed and longer buffer advised
EVT429965,2025-11-09 11:54:30,Political Rally,J009,Majestic,12028,Weekend,False,Clear,False,0.0,False,False,0.372,Moderate,26.5,25.4,114.0,0.075,0.173,0.975,Moderate traffic flow - standard adaptive signal timing in effect
EVT429966,2025-03-22 08:46:26,Concert,J009,Majestic,14126,Weekend,False,Clear,False,0.0,False,False,0.895,Severe,10.8,59.7,273.7,0.109,0.251,0.931,Heavy congestion detected - signal timing extended and reroute suggested
EVT429967,2025-06-25 08:06:23,Local Market Day,J012,Koramangala Sony World,6134,Weekday,False,Clear,False,0.0,False,False,0.812,Severe,16.5,58.5,125.2,0.085,0.197,0.936,Heavy congestion detected - signal timing extended and reroute suggested
EVT429968,2026-05-17 13:59:19,Concert,J040,City Market,11364,Weekend,False,Clear,False,0.0,False,False,0.389,Moderate,25.1,24.2,147.4,0.11,0.254,0.963,Moderate traffic flow - standard adaptive signal timing in effect
EVT429969,2025-01-16 12:17:56,Concert,J023,Basavanagudi,9341,Weekday,False,Clear,False,0.0,False,False,0.255,Low,33.6,14.4,126.9,0.114,0.264,0.959,Moderate traffic flow - standard adaptive signal timing in effect
EVT429970,2025-05-24 07:35:02,Trade Fair,J020,Malleshwaram Circle,9503,Weekend,False,Clear,False,0.0,False,False,0.563,High,19.7,39.0,188.8,0.107,0.247,0.969,Moderate traffic flow - standard adaptive signal timing in effect
EVT429971,2025-10-18 12:25:01,Local Market Day,J030,MG Road,2456,Weekend,False,Clear,False,0.0,False,False,0.246,Low,29.7,20.7,180.8,0.136,0.315,0.962,Normal free-flow traffic - standard signal timing maintained
EVT429972,2025-12-30 20:31:19,Concert,J040,City Market,8485,Weekday,False,Clear,False,0.0,False,False,0.608,High,25.1,40.1,189.8,0.135,0.312,0.941,Moderate traffic flow - standard adaptive signal timing in effect
EVT429973,2025-05-30 20:25:55,Sports Fixture,J020,Malleshwaram Circle,17966,Weekday,False,Clear,False,0.0,False,False,0.65,High,22.4,45.5,297.6,0.198,0.456,0.941,Moderate traffic flow - standard adaptive signal timing in effect
EVT429974,2026-06-18 17:14:30,Concert,J030,MG Road,20651,Weekday,False,Rain,True,22.6,False,False,0.995,Severe,9.3,72.9,236.3,0.111,0.257,0.884,Heavy rain reducing visibility and grip - reduced speed and longer buffer advised
EVT429975,2025-03-08 19:24:10,Concert,J020,Malleshwaram Circle,20459,Weekend,False,Clear,False,0.0,False,False,0.88,Severe,13.7,66.7,373.8,0.191,0.44,0.952,Heavy congestion detected - signal timing extended and reroute suggested
EVT429976,2025-03-16 10:38:15,Trade Fair,J040,City Market,6510,Weekend,False,Clear,False,0.0,True,False,0.956,Severe,9.5,68.3,442.6,0.16,0.37,0.789,Accident detected nearby - reroute and reduced speed advised
EVT429977,2025-02-21 20:44:22,Trade Fair,J009,Majestic,5110,Weekday,False,Clear,False,0.0,False,False,0.477,Moderate,25.4,32.6,242.2,0.174,0.402,0.967,Moderate traffic flow - standard adaptive signal timing in effect
EVT429978,2025-09-06 16:33:10,Religious Festival,J031,Cubbon Road,34858,Weekend,True,Heavy Rain,True,43.8,False,True,1.0,Severe,7.8,106.4,620.7,0.243,0.56,0.784,Road closure for event/procession - full detour recommended for through-traffic
EVT429979,2026-03-10 17:52:17,Concert,J020,Malleshwaram Circle,9829,Weekday,False,Clear,False,0.0,False,False,1.0,Severe,9.7,72.5,283.2,0.112,0.259,0.918,Heavy congestion detected - signal timing extended and reroute suggested
EVT429980,2025-01-26 09:48:29,Religious Festival,J030,MG Road,29602,Weekend,True,Clear,False,0.0,False,False,1.0,Severe,8.5,73.7,647.1,0.236,0.545,0.884,Festival crowd surge detected - alternate route and extended cycle recommended
EVT429981,2026-04-24 21:35:16,Concert,J023,Basavanagudi,11077,Weekday,False,Clear,False,0.0,False,False,0.352,Moderate,31.1,23.8,70.5,0.059,0.136,0.961,Moderate traffic flow - standard adaptive signal timing in effect
EVT429982,2025-03-15 11:29:32,Cultural Procession,J031,Cubbon Road,16179,Weekend,True,Clear,False,0.0,False,True,0.757,High,20.6,77.7,370.1,0.26,0.6,0.882,Road closure for event/procession - full detour recommended for through-traffic
EVT429983,2025-09-03 17:13:10,Concert,J040,City Market,13225,Weekday,False,Rain,True,21.7,False,False,1.0,Severe,9.7,70.3,666.1,0.258,0.596,0.873,Heavy rain reducing visibility and grip - reduced speed and longer buffer advised
EVT429984,2026-05-14 17:52:05,Trade Fair,J009,Majestic,6591,Weekday,False,Clear,False,0.0,False,False,1.0,Severe,5.8,75.0,858.4,0.227,0.524,0.884,Heavy congestion detected - signal timing extended and reroute suggested
EVT429985,2026-01-27 17:48:27,Religious Festival,J012,Koramangala Sony World,45673,Weekday,True,Clear,False,0.0,False,False,1.0,Severe,11.2,75.1,543.3,0.243,0.561,0.84,Festival crowd surge detected - alternate route and extended cycle recommended
EVT429986,2026-04-17 10:18:27,Trade Fair,J023,Basavanagudi,8781,Weekday,False,Clear,False,0.0,False,False,0.705,High,16.2,55.3,258.8,0.147,0.34,0.973,Moderate traffic flow - standard adaptive signal timing in effect
EVT429987,2026-04-11 08:18:20,Trade Fair,J023,Basavanagudi,8956,Weekend,False,Clear,False,0.0,False,False,0.824,Severe,14.9,63.4,479.6,0.253,0.585,0.946,Heavy congestion detected - signal timing extended and reroute suggested
EVT429988,2025-05-07 07:48:00,Local Market Day,J040,City Market,4018,Weekday,False,Heavy Rain,True,37.6,False,False,1.0,Severe,6.3,69.3,1002.8,0.237,0.549,0.853,Heavy rain reducing visibility and grip - reduced speed and longer buffer advised
EVT429989,2025-08-22 17:10:43,Political Rally,J011,Indiranagar 100ft Road,10356,Weekday,False,Clear,False,0.0,False,False,0.886,Severe,10.9,65.6,416.3,0.19,0.44,0.937,Heavy congestion detected - signal timing extended and reroute suggested
EVT429990,2026-06-02 08:23:23,Local Market Day,J011,Indiranagar 100ft Road,6855,Weekday,False,Light Rain,True,6.3,False,False,1.0,Severe,9.3,75.9,821.8,0.273,0.63,0.855,Heavy rain reducing visibility and grip - reduced speed and longer buffer advised
EVT429991,2026-04-16 17:36:42,Political Rally,J011,Indiranagar 100ft Road,13592,Weekday,False,Clear,False,0.0,False,False,0.949,Severe,12.0,67.0,445.1,0.224,0.516,0.948,Heavy congestion detected - signal timing extended and reroute suggested
EVT429992,2025-06-20 12:30:42,Sports Fixture,J030,MG Road,17286,Weekday,False,Heavy Rain,True,40.3,False,False,0.663,High,18.5,49.2,253.9,0.157,0.363,0.93,Heavy rain reducing visibility and grip - reduced speed and longer buffer advised
EVT429993,2026-01-18 13:18:54,Local Market Day,J009,Majestic,5526,Weekend,False,Clear,False,0.0,False,False,0.199,Low,34.9,16.7,145.0,0.131,0.304,0.942,Normal free-flow traffic - standard signal timing maintained
EVT429994,2025-04-14 17:09:32,Religious Festival,J020,Malleshwaram Circle,83128,Weekday,True,Fog,False,0.0,False,False,1.0,Severe,10.0,71.0,532.6,0.22,0.508,0.852,Festival crowd surge detected - alternate route and extended cycle recommended
EVT429995,2025-10-27 10:56:38,Trade Fair,J031,Cubbon Road,15955,Weekday,False,Light Rain,True,7.4,False,False,0.693,High,20.1,52.8,213.6,0.119,0.275,0.926,Heavy rain reducing visibility and grip - reduced speed and longer buffer advised
EVT429996,2025-04-12 15:15:50,Sports Fixture,J031,Cubbon Road,20581,Weekend,False,Clear,False,0.0,False,False,0.417,Moderate,26.7,33.1,200.7,0.153,0.354,0.949,Moderate traffic flow - standard adaptive signal timing in effect
EVT429997,2025-12-27 08:00:45,Sports Fixture,J012,Koramangala Sony World,26634,Weekend,False,Clear,False,0.0,False,False,0.799,Severe,15.1,51.2,298.3,0.154,0.357,0.939,Heavy congestion detected - signal timing extended and reroute suggested
EVT429998,2025-03-16 00:08:51,Sports Fixture,J009,Majestic,22648,Weekend,False,Clear,False,0.0,False,False,0.325,Low,37.2,28.1,124.8,0.116,0.269,0.962,Moderate traffic flow - standard adaptive signal timing in effect
EVT429999,2025-06-09 09:44:04,Political Rally,J030,MG Road,14371,Weekday,False,Clear,False,0.0,False,False,0.977,Severe,9.6,70.1,393.2,0.171,0.395,0.921,Heavy congestion detected - signal timing extended and reroute suggested
EVT430000,2025-06-19 19:44:22,Political Rally,J023,Basavanagudi,10378,Weekday,False,Clear,False,0.0,False,False,0.769,Severe,14.3,52.3,310.7,0.157,0.363,0.989,Heavy congestion detected - signal timing extended and reroute suggested
EVT430001,2025-09-03 08:57:53,Local Market Day,J020,Malleshwaram Circle,5037,Weekday,False,Clear,False,0.0,False,False,1.0,Severe,9.6,69.2,793.9,0.279,0.645,0.962,Heavy congestion detected - signal timing extended and reroute suggested
EVT430002,2025-02-15 09:54:59,Concert,J012,Koramangala Sony World,13964,Weekend,False,Clear,False,0.0,False,False,0.749,High,18.3,49.5,293.9,0.183,0.422,0.925,Moderate traffic flow - standard adaptive signal timing in effect
EVT430003,2025-12-24 10:36:23,Sports Fixture,J009,Majestic,10426,Weekday,False,Clear,False,0.0,False,False,0.61,High,16.3,43.2,390.6,0.213,0.493,0.985,Moderate traffic flow - standard adaptive signal timing in effect
EVT430004,2025-03-27 13:16:01,Concert,J040,City Market,12049,Weekday,False,Light Rain,True,6.3,False,False,0.299,Low,37.7,20.1,98.4,0.088,0.202,0.912,Light rain detected - minor speed reduction advised
EVT430005,2026-04-16 02:44:29,Trade Fair,J031,Cubbon Road,9731,Weekday,False,Clear,False,0.0,False,False,0.329,Low,26.8,24.5,153.0,0.124,0.287,0.97,Moderate traffic flow - standard adaptive signal timing in effect
EVT430006,2025-01-04 19:56:00,Sports Fixture,J030,MG Road,21839,Weekend,False,Clear,False,0.0,False,False,0.727,High,18.0,49.5,219.5,0.116,0.268,0.949,Moderate traffic flow - standard adaptive signal timing in effect
EVT430007,2026-02-09 18:45:10,Local Market Day,J012,Koramangala Sony World,6183,Weekday,False,Clear,False,0.0,False,False,1.0,Severe,4.8,70.2,711.5,0.149,0.345,0.915,Heavy congestion detected - signal timing extended and reroute suggested
EVT430008,2025-08-26 15:00:35,Local Market Day,J011,Indiranagar 100ft Road,2403,Weekday,False,Heavy Rain,True,64.9,False,False,0.61,High,21.4,44.1,108.7,0.066,0.153,0.919,Heavy rain reducing visibility and grip - reduced speed and longer buffer advised
EVT430009,2026-03-24 12:57:58,Political Rally,J040,City Market,13527,Weekday,False,Clear,False,0.0,False,False,0.202,Low,28.9,11.2,99.5,0.072,0.167,0.952,Normal free-flow traffic - standard signal timing maintained
EVT430010,2025-05-06 20:44:36,Sports Fixture,J011,Indiranagar 100ft Road,16578,Weekday,False,Heavy Rain,True,34.0,False,False,0.903,Severe,10.4,64.9,563.8,0.204,0.471,0.882,Heavy rain reducing visibility and grip - reduced speed and longer buffer advised
EVT430011,2026-06-05 17:24:46,Local Market Day,J030,MG Road,3404,Weekday,False,Rain,True,20.9,False,False,1.0,Severe,8.6,74.9,561.1,0.192,0.443,0.875,Heavy rain reducing visibility and grip - reduced speed and longer buffer advised
EVT430012,2026-01-16 08:35:10,Local Market Day,J031,Cubbon Road,3068,Weekday,False,Clear,False,0.0,False,False,0.953,Severe,11.1,72.6,248.5,0.12,0.278,0.935,Heavy congestion detected - signal timing extended and reroute suggested
EVT430013,2025-03-23 19:11:55,Concert,J009,Majestic,7501,Weekend,False,Clear,False,0.0,False,False,0.863,Severe,14.1,67.7,601.9,0.294,0.678,0.935,Heavy congestion detected - signal timing extended and reroute suggested
EVT430014,2025-08-16 19:26:21,Religious Festival,J023,Basavanagudi,54025,Weekend,True,Light Rain,True,4.8,False,True,1.0,Severe,7.6,101.4,658.9,0.221,0.51,0.778,Road closure for event/procession - full detour recommended for through-traffic
EVT430015,2025-07-30 09:27:19,Trade Fair,J011,Indiranagar 100ft Road,10202,Weekday,False,Clear,False,0.0,False,False,0.993,Severe,8.4,76.1,665.9,0.207,0.478,0.912,Heavy congestion detected - signal timing extended and reroute suggested
EVT430016,2025-08-16 17:31:41,Religious Festival,J011,Indiranagar 100ft Road,115334,Weekend,True,Fog,False,0.0,False,True,1.0,Severe,9.3,114.9,754.6,0.281,0.649,0.808,Road closure for event/procession - full detour recommended for through-traffic
EVT430017,2025-03-06 17:55:08,Concert,J012,Koramangala Sony World,11160,Weekday,False,Clear,False,0.0,False,False,1.0,Severe,7.1,74.3,266.2,0.106,0.244,0.915,Heavy congestion detected - signal timing extended and reroute suggested
EVT430018,2026-05-30 11:11:00,Trade Fair,J023,Basavanagudi,7057,Weekend,False,Clear,False,0.0,False,False,0.382,Moderate,29.3,24.2,67.2,0.053,0.123,0.977,Moderate traffic flow - standard adaptive signal timing in effect
EVT430019,2025-05-16 20:46:49,Sports Fixture,J031,Cubbon Road,17425,Weekday,False,Rain,True,12.8,False,False,0.811,Severe,11.5,53.9,425.2,0.175,0.403,0.919,Heavy rain reducing visibility and grip - reduced speed and longer buffer advised
EVT430020,2025-08-16 11:57:32,Religious Festival,J009,Majestic,44526,Weekend,True,Clear,False,0.0,False,True,0.917,Severe,12.1,92.3,482.6,0.226,0.522,0.846,Road closure for event/procession - full detour recommended for through-traffic
EVT430021,2025-12-07 22:08:23,Concert,J030,MG Road,11396,Weekend,False,Clear,False,0.0,False,False,0.282,Low,35.8,17.0,43.1,0.017,0.039,0.961,Moderate traffic flow - standard adaptive signal timing in effect
EVT430022,2025-12-12 20:58:56,Sports Fixture,J011,Indiranagar 100ft Road,25430,Weekday,False,Clear,False,0.0,False,False,0.543,Moderate,19.2,45.8,226.7,0.126,0.29,0.956,Moderate traffic flow - standard adaptive signal timing in effect
EVT430023,2026-04-26 21:40:18,Trade Fair,J009,Majestic,13328,Weekend,False,Light Rain,True,3.6,False,False,0.453,Moderate,23.2,32.1,102.8,0.064,0.149,0.917,Light rain detected - minor speed reduction advised
EVT430024,2025-05-18 07:09:24,Sports Fixture,J040,City Market,17190,Weekend,False,Clear,False,0.0,False,False,0.569,High,20.4,40.2,129.3,0.087,0.2,0.958,Moderate traffic flow - standard adaptive signal timing in effect
EVT430025,2026-01-14 16:29:20,Fireworks Display,J040,City Market,24665,Weekday,True,Clear,False,0.0,False,False,0.913,Severe,12.2,66.9,510.5,0.25,0.577,0.888,Festival crowd surge detected - alternate route and extended cycle recommended
EVT430026,2025-03-22 19:36:18,Local Market Day,J012,Koramangala Sony World,5679,Weekend,False,Clear,False,0.0,False,False,0.685,High,20.0,48.3,274.7,0.182,0.421,0.961,Moderate traffic flow - standard adaptive signal timing in effect
EVT430027,2026-06-07 09:48:55,Political Rally,J031,Cubbon Road,24663,Weekend,False,Heavy Rain,True,35.8,False,False,1.0,Severe,8.2,69.3,787.3,0.264,0.61,0.856,Heavy rain reducing visibility and grip - reduced speed and longer buffer advised
EVT430028,2026-05-11 17:19:09,Local Market Day,J020,Malleshwaram Circle,7230,Weekday,False,Clear,False,0.0,False,False,0.88,Severe,13.5,65.4,419.2,0.217,0.5,0.948,Heavy congestion detected - signal timing extended and reroute suggested
EVT430029,2025-01-31 08:04:58,Local Market Day,J020,Malleshwaram Circle,4590,Weekday,False,Clear,False,0.0,False,False,0.875,Severe,12.9,64.7,549.1,0.28,0.646,0.945,Heavy congestion detected - signal timing extended and reroute suggested
EVT430030,2025-12-31 17:54:23,Local Market Day,J012,Koramangala Sony World,5931,Weekday,False,Clear,False,0.0,False,False,0.982,Severe,10.2,76.3,454.5,0.203,0.468,0.901,Heavy congestion detected - signal timing extended and reroute suggested
EVT430031,2025-08-18 16:45:06,Concert,J020,Malleshwaram Circle,10535,Weekday,False,Clear,False,0.0,False,False,0.663,High,24.8,48.9,264.1,0.22,0.508,0.964,Moderate traffic flow - standard adaptive signal timing in effect
EVT430032,2025-10-01 22:57:58,Local Market Day,J009,Majestic,3835,Weekday,False,Clear,False,0.0,False,False,0.212,Low,23.1,16.1,241.1,0.158,0.364,0.969,Normal free-flow traffic - standard signal timing maintained
EVT430033,2026-05-22 14:27:12,Local Market Day,J012,Koramangala Sony World,6218,Weekday,False,Clear,False,0.0,False,False,0.28,Low,31.8,18.1,283.6,0.244,0.564,0.961,Moderate traffic flow - standard adaptive signal timing in effect
EVT430034,2025-09-01 10:46:13,Concert,J040,City Market,9469,Weekday,False,Heavy Rain,True,30.5,False,False,0.914,Severe,11.5,67.3,555.9,0.249,0.576,0.87,Heavy rain reducing visibility and grip - reduced speed and longer buffer advised
EVT430035,2026-06-21 23:32:12,Sports Fixture,J031,Cubbon Road,16904,Weekend,False,Rain,True,15.4,False,False,0.507,Moderate,30.0,41.4,159.9,0.132,0.304,0.897,Light rain detected - minor speed reduction advised
EVT430036,2025-05-09 16:30:53,Trade Fair,J023,Basavanagudi,9157,Weekday,False,Clear,False,0.0,False,False,0.548,Moderate,22.1,39.0,179.1,0.133,0.306,0.96,Moderate traffic flow - standard adaptive signal timing in effect
EVT430037,2026-05-30 10:59:34,Sports Fixture,J012,Koramangala Sony World,17793,Weekend,False,Clear,False,0.0,False,False,0.512,Moderate,25.9,33.9,75.2,0.049,0.114,0.934,Moderate traffic flow - standard adaptive signal timing in effect
EVT430038,2025-02-04 14:29:43,Local Market Day,J023,Basavanagudi,2592,Weekday,False,Fog,False,0.0,False,False,0.205,Low,28.6,11.5,105.1,0.071,0.163,0.963,Normal free-flow traffic - standard signal timing maintained
EVT430039,2025-04-03 23:44:12,Sports Fixture,J009,Majestic,24719,Weekday,False,Clear,False,0.0,False,False,0.293,Low,32.6,18.3,47.2,0.035,0.081,0.968,Moderate traffic flow - standard adaptive signal timing in effect
EVT430040,2025-05-02 21:03:03,Religious Festival,J031,Cubbon Road,27495,Weekday,True,Clear,False,0.0,False,False,0.77,Severe,15.4,58.6,268.6,0.163,0.376,0.898,Festival crowd surge detected - alternate route and extended cycle recommended
EVT430041,2025-06-06 21:29:47,Concert,J030,MG Road,15287,Weekday,False,Clear,False,0.0,False,False,0.422,Moderate,20.4,31.2,249.8,0.138,0.318,0.968,Moderate traffic flow - standard adaptive signal timing in effect
EVT430042,2025-10-30 17:04:39,Sports Fixture,J009,Majestic,17580,Weekday,False,Heavy Rain,True,54.9,False,False,1.0,Severe,10.3,68.6,534.4,0.211,0.487,0.877,Heavy rain reducing visibility and grip - reduced speed and longer buffer advised
EVT430043,2026-05-26 19:14:42,Political Rally,J011,Indiranagar 100ft Road,13306,Weekday,False,Clear,False,0.0,False,False,1.0,Severe,8.5,71.9,395.9,0.15,0.347,0.91,Heavy congestion detected - signal timing extended and reroute suggested
EVT430044,2025-01-16 13:13:12,Local Market Day,J023,Basavanagudi,3157,Weekday,False,Clear,False,0.0,False,False,0.226,Low,39.0,14.7,142.4,0.149,0.344,0.967,Normal free-flow traffic - standard signal timing maintained
EVT430045,2025-08-11 19:22:27,Trade Fair,J030,MG Road,14563,Weekday,False,Rain,True,22.5,False,False,1.0,Severe,9.7,68.7,575.0,0.21,0.485,0.846,Heavy rain reducing visibility and grip - reduced speed and longer buffer advised
EVT430046,2025-09-18 15:45:56,Local Market Day,J023,Basavanagudi,2891,Weekday,False,Fog,False,0.0,False,False,0.372,Moderate,31.5,36.8,95.6,0.083,0.191,0.967,Moderate traffic flow - standard adaptive signal timing in effect
EVT430047,2025-10-10 07:42:57,Concert,J030,MG Road,13926,Weekday,False,Light Rain,True,6.8,False,False,0.816,Severe,13.4,63.5,297.5,0.135,0.312,0.92,Heavy rain reducing visibility and grip - reduced speed and longer buffer advised
EVT430048,2025-04-25 06:23:40,Sports Fixture,J040,City Market,17108,Weekday,False,Rain,True,9.2,False,False,0.443,Moderate,25.1,31.4,276.1,0.222,0.512,0.912,Light rain detected - minor speed reduction advised
EVT430049,2026-01-22 11:25:23,Local Market Day,J009,Majestic,5084,Weekday,False,Clear,False,0.0,False,False,0.296,Low,28.7,25.5,102.1,0.067,0.156,0.977,Moderate traffic flow - standard adaptive signal timing in effect
EVT430050,2025-12-03 11:11:09,Political Rally,J009,Majestic,18111,Weekday,False,Clear,False,0.0,False,False,0.434,Moderate,22.4,34.0,173.3,0.104,0.24,0.971,Moderate traffic flow - standard adaptive signal timing in effect
EVT430051,2025-02-07 17:37:51,Trade Fair,J040,City Market,8210,Weekday,False,Clear,False,0.0,False,False,0.907,Severe,12.6,59.4,423.6,0.202,0.466,0.92,Heavy congestion detected - signal timing extended and reroute suggested
EVT430052,2026-06-01 22:19:42,Local Market Day,J031,Cubbon Road,1809,Weekday,False,Clear,False,0.0,False,False,0.223,Low,28.5,18.3,143.6,0.11,0.253,0.962,Normal free-flow traffic - standard signal timing maintained
EVT430053,2026-05-25 15:59:45,Sports Fixture,J031,Cubbon Road,20452,Weekday,False,Heavy Rain,True,25.3,False,False,0.853,Severe,14.4,62.4,515.8,0.259,0.599,0.889,Heavy rain reducing visibility and grip - reduced speed and longer buffer advised
EVT430054,2025-03-04 08:47:50,Trade Fair,J012,Koramangala Sony World,7197,Weekday,False,Clear,False,0.0,False,False,1.0,Severe,10.1,66.9,338.8,0.146,0.337,0.892,Heavy congestion detected - signal timing extended and reroute suggested
EVT430055,2025-02-27 17:48:04,Trade Fair,J023,Basavanagudi,15636,Weekday,False,Clear,False,0.0,False,False,1.0,Severe,8.1,71.9,197.6,0.077,0.178,0.9,Heavy congestion detected - signal timing extended and reroute suggested
EVT430056,2026-01-07 17:21:36,Trade Fair,J031,Cubbon Road,7526,Weekday,False,Clear,False,0.0,False,False,0.883,Severe,11.2,69.5,365.2,0.172,0.398,0.954,Heavy congestion detected - signal timing extended and reroute suggested
EVT430057,2026-01-22 10:33:31,Political Rally,J009,Majestic,11639,Weekday,False,Clear,False,0.0,False,False,0.729,High,16.2,56.0,241.9,0.135,0.312,0.97,Moderate traffic flow - standard adaptive signal timing in effect
EVT430058,2025-07-29 20:57:22,Local Market Day,J023,Basavanagudi,3565,Weekday,False,Clear,False,0.0,False,False,0.498,Moderate,19.7,35.4,307.9,0.18,0.416,0.966,Moderate traffic flow - standard adaptive signal timing in effect
EVT430059,2025-05-21 13:54:55,Trade Fair,J012,Koramangala Sony World,10222,Weekday,False,Light Rain,True,4.1,False,False,0.353,Moderate,26.0,32.1,192.9,0.146,0.337,0.948,Light rain detected - minor speed reduction advised
EVT430060,2025-03-09 19:23:52,Local Market Day,J030,MG Road,2797,Weekend,False,Clear,False,0.0,False,False,0.783,Severe,13.0,63.6,330.1,0.159,0.367,0.962,Heavy congestion detected - signal timing extended and reroute suggested
EVT430061,2025-10-11 11:08:31,Local Market Day,J009,Majestic,5238,Weekend,False,Clear,False,0.0,False,False,0.459,Moderate,31.0,25.3,206.1,0.157,0.362,0.958,Moderate traffic flow - standard adaptive signal timing in effect
EVT430062,2026-06-04 06:45:14,Concert,J030,MG Road,9889,Weekday,False,Rain,True,13.0,False,False,0.539,Moderate,21.5,39.7,320.4,0.204,0.472,0.907,Light rain detected - minor speed reduction advised
EVT430063,2025-09-15 19:34:42,Sports Fixture,J023,Basavanagudi,17999,Weekday,False,Clear,False,0.0,False,False,0.959,Severe,11.5,65.4,384.4,0.183,0.423,0.92,Heavy congestion detected - signal timing extended and reroute suggested
EVT430064,2025-03-19 07:20:11,Local Market Day,J020,Malleshwaram Circle,3365,Weekday,False,Clear,False,0.0,False,False,0.541,Moderate,24.6,39.5,205.2,0.163,0.377,0.979,Moderate traffic flow - standard adaptive signal timing in effect
EVT430065,2025-10-31 19:56:25,Concert,J023,Basavanagudi,12203,Weekday,False,Clear,False,0.0,False,False,0.8,Severe,19.2,57.2,271.5,0.181,0.418,0.965,Heavy congestion detected - signal timing extended and reroute suggested
EVT430066,2026-03-24 16:15:13,Local Market Day,J040,City Market,5028,Weekday,False,Clear,False,0.0,False,False,0.472,Moderate,28.4,34.1,224.4,0.182,0.42,0.977,Moderate traffic flow - standard adaptive signal timing in effect
EVT430067,2025-01-19 12:51:13,Concert,J031,Cubbon Road,16617,Weekend,False,Clear,False,0.0,False,False,0.278,Low,37.3,17.7,102.8,0.092,0.213,0.972,Moderate traffic flow - standard adaptive signal timing in effect
EVT430068,2025-12-15 11:00:08,Sports Fixture,J011,Indiranagar 100ft Road,20409,Weekday,False,Clear,False,0.0,False,False,0.58,High,24.3,27.2,143.2,0.117,0.271,0.96,Moderate traffic flow - standard adaptive signal timing in effect
EVT430069,2025-01-04 13:38:23,Political Rally,J023,Basavanagudi,12286,Weekend,False,Clear,False,0.0,False,False,0.421,Moderate,22.9,28.0,107.5,0.079,0.182,0.975,Moderate traffic flow - standard adaptive signal timing in effect
EVT430070,2026-06-22 13:11:27,Sports Fixture,J012,Koramangala Sony World,27095,Weekday,False,Rain,True,22.5,False,False,0.649,High,19.4,51.8,342.3,0.232,0.535,0.939,Heavy rain reducing visibility and grip - reduced speed and longer buffer advised
EVT430071,2025-04-27 09:07:47,Local Market Day,J023,Basavanagudi,3918,Weekend,False,Light Rain,True,0.9,False,False,0.939,Severe,9.0,65.1,432.9,0.159,0.368,0.877,Heavy rain reducing visibility and grip - reduced speed and longer buffer advised
EVT430072,2025-10-09 14:32:12,Trade Fair,J020,Malleshwaram Circle,9155,Weekday,False,Clear,False,0.0,False,False,0.346,Low,29.4,19.4,158.3,0.136,0.313,0.947,Moderate traffic flow - standard adaptive signal timing in effect
EVT430073,2025-03-19 11:06:12,Sports Fixture,J020,Malleshwaram Circle,17995,Weekday,False,Rain,True,10.0,False,False,0.645,High,19.0,43.2,212.9,0.128,0.296,0.925,Heavy rain reducing visibility and grip - reduced speed and longer buffer advised
EVT430074,2026-01-22 14:11:39,Sports Fixture,J009,Majestic,20040,Weekday,False,Clear,False,0.0,False,False,0.249,Low,29.8,17.6,205.1,0.169,0.391,0.965,Normal free-flow traffic - standard signal timing maintained
EVT430075,2025-06-19 16:55:45,Trade Fair,J040,City Market,12818,Weekday,False,Clear,False,0.0,False,False,0.775,Severe,18.9,57.7,305.1,0.196,0.453,0.963,Heavy congestion detected - signal timing extended and reroute suggested
EVT430076,2026-01-08 16:28:45,Sports Fixture,J031,Cubbon Road,34288,Weekday,False,Clear,False,0.0,False,False,0.706,High,13.0,51.3,360.9,0.16,0.37,0.964,Moderate traffic flow - standard adaptive signal timing in effect
EVT430077,2025-06-16 13:33:50,Trade Fair,J012,Koramangala Sony World,6425,Weekday,False,Clear,False,0.0,False,False,0.169,Low,38.5,3.0,102.2,0.113,0.261,0.958,Normal free-flow traffic - standard signal timing maintained
EVT430078,2026-01-12 18:49:45,Trade Fair,J023,Basavanagudi,7315,Weekday,False,Clear,False,0.0,False,False,0.927,Severe,6.4,64.8,441.3,0.125,0.289,0.918,Heavy congestion detected - signal timing extended and reroute suggested
EVT430079,2025-10-08 20:01:58,Sports Fixture,J020,Malleshwaram Circle,23640,Weekday,False,Clear,False,0.0,False,False,0.948,Severe,12.4,73.3,525.0,0.247,0.571,0.929,Heavy congestion detected - signal timing extended and reroute suggested
EVT430080,2025-02-15 21:45:20,Sports Fixture,J011,Indiranagar 100ft Road,26022,Weekend,False,Clear,False,0.0,False,False,0.48,Moderate,25.2,41.6,79.6,0.059,0.135,0.987,Moderate traffic flow - standard adaptive signal timing in effect
EVT430081,2026-06-01 13:45:36,Trade Fair,J011,Indiranagar 100ft Road,11082,Weekday,False,Heavy Rain,True,25.0,False,False,0.458,Moderate,26.5,36.6,124.5,0.067,0.154,0.956,Light rain detected - minor speed reduction advised
EVT430082,2026-02-23 09:32:36,Local Market Day,J040,City Market,3301,Weekday,False,Clear,False,0.0,False,False,0.951,Severe,11.2,63.3,370.0,0.158,0.365,0.928,Heavy congestion detected - signal timing extended and reroute suggested
EVT430083,2025-11-10 08:03:37,Local Market Day,J020,Malleshwaram Circle,8394,Weekday,False,Clear,False,0.0,False,False,0.89,Severe,11.7,65.8,540.5,0.245,0.567,0.946,Heavy congestion detected - signal timing extended and reroute suggested
EVT430084,2025-05-10 15:55:56,Trade Fair,J031,Cubbon Road,9382,Weekend,False,Clear,False,0.0,False,False,0.448,Moderate,28.7,37.8,116.4,0.096,0.223,0.988,Moderate traffic flow - standard adaptive signal timing in effect
EVT430085,2026-01-13 22:26:16,Local Market Day,J012,Koramangala Sony World,4038,Weekday,False,Clear,False,0.0,False,False,0.207,Low,35.1,15.6,160.7,0.154,0.355,0.969,Normal free-flow traffic - standard signal timing maintained
EVT430086,2025-11-20 16:04:00,Local Market Day,J040,City Market,2160,Weekday,False,Rain,True,23.8,False,False,0.683,High,22.0,44.6,222.6,0.137,0.315,0.922,Heavy rain reducing visibility and grip - reduced speed and longer buffer advised
EVT430087,2026-06-14 15:24:36,Local Market Day,J009,Majestic,2548,Weekend,False,Clear,False,0.0,False,False,0.389,Moderate,33.0,24.5,65.2,0.058,0.135,0.944,Moderate traffic flow - standard adaptive signal timing in effect
EVT430088,2026-03-18 15:44:21,Sports Fixture,J040,City Market,20724,Weekday,False,Clear,False,0.0,False,False,0.457,Moderate,28.5,35.4,204.2,0.158,0.365,0.963,Moderate traffic flow - standard adaptive signal timing in effect
EVT430089,2025-08-15 15:43:38,Religious Festival,J012,Koramangala Sony World,31289,Weekday,True,Clear,False,0.0,False,True,0.941,Severe,8.9,85.1,606.9,0.191,0.441,0.849,Road closure for event/procession - full detour recommended for through-traffic
EVT430090,2026-01-14 14:33:37,Cultural Procession,J030,MG Road,13851,Weekday,True,Clear,False,0.0,False,True,0.634,Moderate,22.4,60.7,284.7,0.18,0.415,0.89,Road closure for event/procession - full detour recommended for through-traffic
EVT430091,2026-01-27 20:17:35,Religious Festival,J030,MG Road,40713,Weekday,True,Clear,False,0.0,False,True,1.0,Severe,7.8,98.0,646.7,0.224,0.517,0.811,Road closure for event/procession - full detour recommended for through-traffic
EVT430092,2025-10-12 06:54:47,Trade Fair,J011,Indiranagar 100ft Road,5822,Weekend,False,Rain,True,13.6,False,False,0.621,High,21.9,39.4,203.5,0.159,0.368,0.912,Heavy rain reducing visibility and grip - reduced speed and longer buffer advised
EVT430093,2026-04-17 11:59:47,Trade Fair,J009,Majestic,10734,Weekday,False,Clear,False,0.0,False,False,0.247,Low,33.4,23.4,175.5,0.143,0.33,0.936,Normal free-flow traffic - standard signal timing maintained
EVT430094,2025-02-24 23:48:28,Concert,J020,Malleshwaram Circle,15230,Weekday,False,Clear,False,0.0,False,False,0.246,Low,36.6,22.2,139.1,0.132,0.306,0.941,Normal free-flow traffic - standard signal timing maintained
EVT430095,2026-02-10 06:46:13,Concert,J011,Indiranagar 100ft Road,6109,Weekday,False,Clear,False,0.0,False,False,0.396,Moderate,23.8,23.0,242.5,0.165,0.381,0.959,Moderate traffic flow - standard adaptive signal timing in effect
EVT430096,2025-01-16 11:50:56,Trade Fair,J009,Majestic,4702,Weekday,False,Clear,False,0.0,False,False,0.281,Low,24.7,19.8,219.0,0.156,0.36,0.963,Moderate traffic flow - standard adaptive signal timing in effect
EVT430097,2026-01-28 06:00:11,Political Rally,J012,Koramangala Sony World,13796,Weekday,False,Clear,False,0.0,False,False,0.336,Low,27.8,24.4,221.8,0.154,0.357,0.976,Moderate traffic flow - standard adaptive signal timing in effect
EVT430098,2026-05-29 17:38:29,Trade Fair,J009,Majestic,5693,Weekday,False,Fog,False,0.0,False,False,0.936,Severe,9.5,65.2,371.2,0.145,0.334,0.925,Heavy congestion detected - signal timing extended and reroute suggested
EVT430099,2025-11-01 09:04:40,Cultural Procession,J040,City Market,13060,Weekend,True,Rain,True,9.2,False,True,1.0,Severe,8.3,111.5,667.3,0.228,0.527,0.79,Road closure for event/procession - full detour recommended for through-traffic
EVT430100,2025-02-08 07:30:16,Political Rally,J012,Koramangala Sony World,14158,Weekend,False,Clear,False,0.0,False,False,0.604,High,26.3,41.6,225.1,0.166,0.383,0.968,Moderate traffic flow - standard adaptive signal timing in effect
EVT430101,2026-06-06 08:12:25,Local Market Day,J009,Majestic,2203,Weekend,False,Rain,True,24.6,False,False,1.0,Severe,9.6,68.2,612.4,0.227,0.524,0.878,Heavy rain reducing visibility and grip - reduced speed and longer buffer advised
EVT430102,2026-06-05 08:00:54,Sports Fixture,J011,Indiranagar 100ft Road,23597,Weekday,False,Heavy Rain,True,42.9,False,False,1.0,Severe,6.8,77.6,1010.1,0.293,0.677,0.897,Heavy rain reducing visibility and grip - reduced speed and longer buffer advised
EVT430103,2025-11-01 18:40:22,Religious Festival,J011,Indiranagar 100ft Road,45734,Weekend,True,Clear,False,0.0,False,True,1.0,Severe,9.2,102.4,487.5,0.182,0.421,0.829,Road closure for event/procession - full detour recommended for through-traffic
EVT430104,2025-06-27 17:04:26,Trade Fair,J030,MG Road,8540,Weekday,False,Rain,True,18.2,False,False,0.93,Severe,10.9,63.4,379.1,0.157,0.362,0.87,Heavy rain reducing visibility and grip - reduced speed and longer buffer advised
EVT430105,2025-03-15 13:51:56,Religious Festival,J040,City Market,59581,Weekend,True,Clear,False,0.0,False,True,1.0,Severe,8.8,101.8,346.4,0.146,0.338,0.812,Road closure for event/procession - full detour recommended for through-traffic
EVT430106,2025-08-29 20:41:16,Local Market Day,J023,Basavanagudi,2185,Weekday,False,Rain,True,16.7,False,False,0.687,High,17.0,49.4,230.3,0.126,0.292,0.908,Heavy rain reducing visibility and grip - reduced speed and longer buffer advised
EVT430107,2026-02-28 19:12:43,Concert,J009,Majestic,13605,Weekend,False,Clear,False,0.0,False,False,0.809,Severe,13.5,51.3,481.1,0.251,0.579,0.947,Heavy congestion detected - signal timing extended and reroute suggested
EVT430108,2025-08-16 13:49:53,Religious Festival,J031,Cubbon Road,30264,Weekend,True,Rain,True,7.9,False,False,0.74,High,17.2,52.9,249.6,0.141,0.327,0.836,Festival crowd surge detected - alternate route and extended cycle recommended
EVT430109,2025-02-19 16:41:47,Concert,J012,Koramangala Sony World,15756,Weekday,False,Clear,False,0.0,False,False,0.663,High,17.6,47.2,333.4,0.219,0.506,0.951,Moderate traffic flow - standard adaptive signal timing in effect
EVT430110,2026-03-19 21:07:46,Religious Festival,J023,Basavanagudi,44720,Weekday,True,Clear,False,0.0,False,True,1.0,Severe,9.9,106.1,497.8,0.204,0.47,0.818,Road closure for event/procession - full detour recommended for through-traffic
EVT430111,2025-06-27 19:23:44,Sports Fixture,J011,Indiranagar 100ft Road,15885,Weekday,False,Rain,True,21.8,True,False,1.0,Severe,8.3,70.2,367.6,0.127,0.294,0.689,Accident detected nearby - reroute and reduced speed advised
EVT430112,2025-08-21 20:47:52,Sports Fixture,J020,Malleshwaram Circle,29225,Weekday,False,Clear,False,0.0,False,False,0.663,High,22.0,49.6,292.8,0.21,0.484,0.973,Moderate traffic flow - standard adaptive signal timing in effect
EVT430113,2026-04-23 15:49:32,Sports Fixture,J023,Basavanagudi,19721,Weekday,False,Clear,False,0.0,False,False,0.445,Moderate,28.4,32.4,191.6,0.158,0.365,0.977,Moderate traffic flow - standard adaptive signal timing in effect
EVT430114,2025-10-20 19:26:14,Religious Festival,J031,Cubbon Road,41882,Weekday,True,Light Rain,True,5.0,False,True,1.0,Severe,8.6,95.7,601.0,0.229,0.53,0.812,Road closure for event/procession - full detour recommended for through-traffic
EVT430115,2026-05-07 09:30:15,Concert,J012,Koramangala Sony World,12179,Weekday,False,Clear,False,0.0,False,False,1.0,Severe,8.8,74.4,360.3,0.151,0.348,0.919,Heavy congestion detected - signal timing extended and reroute suggested
EVT430116,2025-02-12 09:16:56,Political Rally,J012,Koramangala Sony World,14426,Weekday,False,Clear,False,0.0,False,False,1.0,Severe,9.8,75.5,388.6,0.169,0.391,0.928,Heavy congestion detected - signal timing extended and reroute suggested
EVT430117,2025-06-24 19:36:09,Sports Fixture,J011,Indiranagar 100ft Road,23531,Weekday,False,Clear,False,0.0,False,False,1.0,Severe,7.7,71.9,615.3,0.206,0.476,0.931,Heavy congestion detected - signal timing extended and reroute suggested
EVT430118,2025-08-15 00:59:36,Fireworks Display,J030,MG Road,32045,Weekday,True,Rain,True,13.4,False,False,0.688,High,20.9,47.1,295.7,0.206,0.477,0.853,Festival crowd surge detected - alternate route and extended cycle recommended
EVT430119,2026-06-18 14:39:23,Concert,J023,Basavanagudi,14549,Weekday,False,Heavy Rain,True,38.3,False,False,0.697,High,21.1,53.0,381.3,0.269,0.621,0.929,Heavy rain reducing visibility and grip - reduced speed and longer buffer advised
EVT430120,2026-06-03 17:01:04,Sports Fixture,J023,Basavanagudi,26976,Weekday,False,Heavy Rain,True,60.4,False,False,1.0,Severe,7.2,74.3,797.2,0.248,0.574,0.858,Heavy rain reducing visibility and grip - reduced speed and longer buffer advised
EVT430121,2025-08-20 17:58:37,Concert,J023,Basavanagudi,7054,Weekday,False,Fog,False,0.0,False,False,0.932,Severe,10.3,66.4,447.4,0.163,0.378,0.929,Heavy congestion detected - signal timing extended and reroute suggested
EVT430122,2025-03-19 16:36:55,Concert,J011,Indiranagar 100ft Road,9909,Weekday,False,Clear,False,0.0,False,False,0.549,Moderate,23.1,42.0,225.6,0.152,0.35,0.96,Moderate traffic flow - standard adaptive signal timing in effect
EVT430123,2025-03-28 17:30:32,Local Market Day,J011,Indiranagar 100ft Road,2334,Weekday,False,Clear,False,0.0,False,False,0.831,Severe,17.8,61.3,316.1,0.188,0.435,0.927,Heavy congestion detected - signal timing extended and reroute suggested
EVT430124,2025-06-04 09:04:01,Trade Fair,J023,Basavanagudi,7002,Weekday,False,Heavy Rain,True,67.2,False,False,1.0,Severe,8.3,72.8,809.7,0.291,0.671,0.836,Heavy rain reducing visibility and grip - reduced speed and longer buffer advised
EVT430125,2025-03-10 13:44:50,Local Market Day,J030,MG Road,5261,Weekday,False,Clear,False,0.0,False,False,0.234,Low,33.9,23.3,200.2,0.186,0.429,0.971,Normal free-flow traffic - standard signal timing maintained
EVT430126,2026-01-05 08:48:35,Local Market Day,J020,Malleshwaram Circle,3930,Weekday,False,Clear,False,0.0,False,False,1.0,Severe,8.8,69.3,476.5,0.174,0.401,0.924,Heavy congestion detected - signal timing extended and reroute suggested
EVT430127,2025-01-15 13:10:24,Cultural Procession,J030,MG Road,8461,Weekday,True,Clear,False,0.0,False,True,0.511,Moderate,29.8,56.6,164.3,0.153,0.353,0.873,Road closure for event/procession - full detour recommended for through-traffic
EVT430128,2026-06-16 18:49:52,Trade Fair,J009,Majestic,12331,Weekday,False,Clear,False,0.0,False,False,1.0,Severe,9.2,66.6,638.0,0.247,0.571,0.915,Heavy congestion detected - signal timing extended and reroute suggested
EVT430129,2026-05-30 07:52:31,Sports Fixture,J012,Koramangala Sony World,20122,Weekend,False,Clear,False,0.0,False,False,0.734,High,12.9,52.9,376.4,0.186,0.43,0.987,Moderate traffic flow - standard adaptive signal timing in effect
EVT430130,2025-06-24 07:21:34,Trade Fair,J012,Koramangala Sony World,15461,Weekday,False,Rain,True,16.4,False,False,0.855,Severe,15.9,57.8,388.7,0.214,0.495,0.912,Heavy rain reducing visibility and grip - reduced speed and longer buffer advised
EVT430131,2025-11-02 06:11:08,Cultural Procession,J011,Indiranagar 100ft Road,11155,Weekend,True,Clear,False,0.0,False,True,0.742,High,20.6,70.6,311.3,0.197,0.456,0.874,Road closure for event/procession - full detour recommended for through-traffic
EVT430132,2025-01-28 08:17:56,Local Market Day,J023,Basavanagudi,5846,Weekday,False,Clear,False,0.0,False,False,0.956,Severe,10.4,71.9,618.5,0.272,0.628,0.906,Heavy congestion detected - signal timing extended and reroute suggested
EVT430133,2025-09-07 18:17:56,Concert,J031,Cubbon Road,10372,Weekend,False,Clear,False,0.0,False,False,0.923,Severe,11.3,66.1,401.6,0.186,0.43,0.966,Heavy congestion detected - signal timing extended and reroute suggested
EVT430134,2025-03-16 19:32:57,Local Market Day,J012,Koramangala Sony World,3425,Weekend,False,Clear,False,0.0,False,False,0.808,Severe,13.2,55.3,335.1,0.172,0.398,0.971,Heavy congestion detected - signal timing extended and reroute suggested
EVT430135,2026-01-29 07:25:16,Concert,J031,Cubbon Road,17008,Weekday,False,Clear,False,0.0,False,False,0.723,High,19.3,52.2,223.4,0.142,0.328,0.963,Moderate traffic flow - standard adaptive signal timing in effect
EVT430136,2025-08-15 10:53:18,Religious Festival,J020,Malleshwaram Circle,89696,Weekday,True,Heavy Rain,True,42.1,False,True,1.0,Severe,8.1,94.0,456.1,0.172,0.397,0.815,Road closure for event/procession - full detour recommended for through-traffic
EVT430137,2025-09-02 21:46:35,Sports Fixture,J040,City Market,33468,Weekday,False,Clear,False,0.0,False,False,0.384,Moderate,31.1,24.7,250.3,0.198,0.456,0.956,Moderate traffic flow - standard adaptive signal timing in effect
EVT430138,2025-11-24 17:56:51,Sports Fixture,J023,Basavanagudi,23817,Weekday,False,Clear,False,0.0,False,False,1.0,Severe,7.9,66.3,849.4,0.249,0.574,0.898,Heavy congestion detected - signal timing extended and reroute suggested
EVT430139,2026-06-22 15:04:01,Trade Fair,J023,Basavanagudi,6670,Weekday,False,Clear,False,0.0,False,False,0.281,Low,27.6,23.4,176.7,0.129,0.298,0.942,Moderate traffic flow - standard adaptive signal timing in effect
EVT430140,2026-06-21 18:03:33,Local Market Day,J012,Koramangala Sony World,5360,Weekend,False,Clear,False,0.0,False,False,0.874,Severe,12.7,66.1,237.0,0.115,0.267,0.961,Heavy congestion detected - signal timing extended and reroute suggested
EVT430141,2026-05-11 15:49:37,Local Market Day,J040,City Market,4003,Weekday,False,Light Rain,True,7.1,False,False,0.448,Moderate,26.4,32.8,181.0,0.133,0.307,0.918,Light rain detected - minor speed reduction advised
EVT430142,2025-02-02 08:27:36,Sports Fixture,J023,Basavanagudi,27035,Weekend,False,Clear,False,0.0,False,False,0.975,Severe,10.6,73.5,290.6,0.148,0.343,0.933,Heavy congestion detected - signal timing extended and reroute suggested
EVT430143,2026-03-09 16:17:14,Sports Fixture,J031,Cubbon Road,16187,Weekday,False,Clear,False,0.0,False,False,0.608,High,24.3,43.0,274.7,0.199,0.459,0.953,Moderate traffic flow - standard adaptive signal timing in effect
EVT430144,2025-11-04 18:51:31,Concert,J012,Koramangala Sony World,14869,Weekday,False,Clear,False,0.0,False,False,1.0,Severe,7.8,79.7,392.1,0.137,0.316,0.902,Heavy congestion detected - signal timing extended and reroute suggested
EVT430145,2025-06-23 17:05:45,Sports Fixture,J023,Basavanagudi,18576,Weekday,False,Light Rain,True,6.6,False,False,0.825,Severe,14.0,58.6,445.5,0.222,0.513,0.873,Heavy rain reducing visibility and grip - reduced speed and longer buffer advised
EVT430146,2025-12-02 16:10:16,Local Market Day,J030,MG Road,2840,Weekday,False,Clear,False,0.0,False,False,0.443,Moderate,28.9,28.3,167.6,0.108,0.25,0.964,Moderate traffic flow - standard adaptive signal timing in effect
EVT430147,2026-02-23 15:15:58,Local Market Day,J011,Indiranagar 100ft Road,3734,Weekday,False,Clear,False,0.0,False,False,0.204,Low,30.5,19.1,85.8,0.069,0.16,0.968,Normal free-flow traffic - standard signal timing maintained
EVT430148,2025-06-05 20:37:47,Trade Fair,J012,Koramangala Sony World,6678,Weekday,False,Clear,False,0.0,False,False,0.524,Moderate,26.3,38.7,216.9,0.151,0.348,0.981,Moderate traffic flow - standard adaptive signal timing in effect
EVT430149,2026-05-07 15:29:55,Concert,J009,Majestic,11962,Weekday,False,Rain,True,10.6,False,False,0.43,Moderate,28.7,24.5,136.2,0.108,0.249,0.905,Light rain detected - minor speed reduction advised
EVT430150,2025-02-24 14:52:52,Concert,J009,Majestic,16354,Weekday,False,Clear,False,0.0,False,False,0.348,Low,27.2,21.9,131.6,0.108,0.249,0.966,Moderate traffic flow - standard adaptive signal timing in effect
EVT430151,2026-02-07 10:23:29,Sports Fixture,J011,Indiranagar 100ft Road,22357,Weekend,False,Clear,False,0.0,False,False,0.761,Severe,12.5,53.9,268.9,0.11,0.253,0.955,Heavy congestion detected - signal timing extended and reroute suggested
EVT430152,2026-04-21 21:22:02,Sports Fixture,J009,Majestic,20702,Weekday,False,Fog,False,0.0,False,False,0.399,Moderate,31.2,29.7,242.9,0.2,0.461,0.957,Moderate traffic flow - standard adaptive signal timing in effect
EVT430153,2026-04-19 11:13:02,Local Market Day,J023,Basavanagudi,3016,Weekend,False,Clear,False,0.0,False,False,0.378,Moderate,27.7,23.3,172.0,0.153,0.352,0.985,Moderate traffic flow - standard adaptive signal timing in effect
EVT430154,2025-01-29 06:36:56,Local Market Day,J011,Indiranagar 100ft Road,3085,Weekday,False,Light Rain,True,1.6,False,False,0.398,Moderate,26.4,24.1,106.6,0.073,0.17,0.919,Light rain detected - minor speed reduction advised
EVT430155,2025-10-01 12:39:20,Concert,J012,Koramangala Sony World,11167,Weekday,False,Clear,False,0.0,False,False,0.206,Low,29.7,16.0,251.5,0.194,0.448,0.966,Normal free-flow traffic - standard signal timing maintained
EVT430156,2026-04-08 16:46:10,Trade Fair,J030,MG Road,8125,Weekday,False,Clear,False,0.0,False,False,0.615,High,24.0,44.8,283.5,0.198,0.456,0.966,Moderate traffic flow - standard adaptive signal timing in effect
EVT430157,2025-06-13 09:45:54,Local Market Day,J009,Majestic,4036,Weekday,False,Clear,False,0.0,False,False,0.921,Severe,12.4,59.6,298.5,0.15,0.346,0.959,Heavy congestion detected - signal timing extended and reroute suggested
EVT430158,2025-01-02 06:49:12,Trade Fair,J040,City Market,9534,Weekday,False,Clear,False,0.0,False,False,0.374,Moderate,32.7,29.7,127.3,0.114,0.264,0.948,Moderate traffic flow - standard adaptive signal timing in effect
EVT430159,2025-02-03 09:32:12,Local Market Day,J011,Indiranagar 100ft Road,2072,Weekday,False,Clear,False,0.0,False,False,0.958,Severe,10.2,70.9,578.7,0.222,0.514,0.89,Heavy congestion detected - signal timing extended and reroute suggested
EVT430160,2025-10-09 12:56:52,Sports Fixture,J023,Basavanagudi,16404,Weekday,False,Clear,False,0.0,False,False,0.235,Low,29.1,12.9,58.2,0.034,0.078,0.97,Normal free-flow traffic - standard signal timing maintained
EVT430161,2025-07-02 10:13:14,Political Rally,J030,MG Road,10642,Weekday,False,Rain,True,9.5,False,False,0.901,Severe,10.5,64.1,363.3,0.149,0.343,0.876,Heavy rain reducing visibility and grip - reduced speed and longer buffer advised
EVT430162,2025-11-18 20:21:23,Local Market Day,J009,Majestic,3726,Weekday,False,Clear,False,0.0,False,False,0.618,High,24.6,42.8,105.4,0.075,0.173,0.959,Moderate traffic flow - standard adaptive signal timing in effect
EVT430163,2025-06-18 21:32:48,Trade Fair,J031,Cubbon Road,9020,Weekday,False,Fog,False,0.0,False,False,0.327,Low,30.2,25.0,179.7,0.144,0.333,0.961,Moderate traffic flow - standard adaptive signal timing in effect
EVT430164,2025-06-07 06:26:31,Local Market Day,J009,Majestic,9567,Weekend,False,Heavy Rain,True,38.5,False,False,0.732,High,13.7,51.5,449.1,0.205,0.473,0.953,Heavy rain reducing visibility and grip - reduced speed and longer buffer advised
EVT430165,2025-01-30 19:59:28,Sports Fixture,J011,Indiranagar 100ft Road,43727,Weekday,False,Fog,False,0.0,False,False,0.903,Severe,12.1,68.0,393.9,0.189,0.436,0.923,Heavy congestion detected - signal timing extended and reroute suggested
EVT430166,2025-02-22 10:28:02,Political Rally,J031,Cubbon Road,31104,Weekend,False,Clear,False,0.0,False,False,0.754,Severe,19.3,49.1,291.5,0.192,0.443,0.965,Heavy congestion detected - signal timing extended and reroute suggested
EVT430167,2025-04-23 17:28:55,Local Market Day,J009,Majestic,2693,Weekday,False,Clear,False,0.0,False,False,0.875,Severe,12.3,64.1,631.4,0.292,0.675,0.933,Heavy congestion detected - signal timing extended and reroute suggested
EVT430168,2026-04-27 11:26:32,Trade Fair,J040,City Market,9657,Weekday,False,Clear,False,0.0,False,False,0.378,Moderate,24.3,26.4,173.5,0.126,0.29,0.973,Moderate traffic flow - standard adaptive signal timing in effect
EVT430169,2025-11-01 14:54:32,Cultural Procession,J012,Koramangala Sony World,22242,Weekend,True,Light Rain,True,3.5,False,True,0.845,High,11.9,86.7,503.2,0.228,0.526,0.818,Road closure for event/procession - full detour recommended for through-traffic
EVT430170,2025-08-10 16:58:30,Trade Fair,J023,Basavanagudi,7956,Weekend,False,Light Rain,True,4.0,False,False,0.777,Severe,15.9,56.8,359.8,0.192,0.445,0.901,Heavy rain reducing visibility and grip - reduced speed and longer buffer advised
EVT430171,2025-08-25 08:09:01,Sports Fixture,J009,Majestic,31216,Weekday,False,Heavy Rain,True,65.0,False,False,1.0,Severe,8.6,67.8,542.2,0.2,0.461,0.867,Heavy rain reducing visibility and grip - reduced speed and longer buffer advised
EVT430172,2025-06-14 23:57:10,Political Rally,J009,Majestic,20012,Weekend,False,Clear,False,0.0,False,False,0.309,Low,31.8,18.7,55.4,0.032,0.074,0.973,Moderate traffic flow - standard adaptive signal timing in effect
EVT430173,2025-09-17 21:25:38,Political Rally,J040,City Market,14560,Weekday,False,Rain,True,19.4,False,False,0.543,Moderate,19.4,40.4,335.9,0.197,0.456,0.91,Light rain detected - minor speed reduction advised
EVT430174,2025-03-21 07:35:16,Local Market Day,J023,Basavanagudi,4541,Weekday,False,Clear,False,0.0,False,False,0.668,High,16.6,45.8,397.4,0.21,0.485,0.934,Moderate traffic flow - standard adaptive signal timing in effect
EVT430175,2025-01-28 09:37:53,Concert,J011,Indiranagar 100ft Road,6518,Weekday,False,Clear,False,0.0,False,False,1.0,Severe,7.8,72.3,561.5,0.192,0.444,0.918,Heavy congestion detected - signal timing extended and reroute suggested
EVT430176,2026-03-16 15:36:39,Trade Fair,J030,MG Road,7605,Weekday,False,Clear,False,0.0,False,False,0.276,Low,39.3,20.5,95.2,0.104,0.24,0.971,Moderate traffic flow - standard adaptive signal timing in effect
EVT430177,2025-03-17 09:30:10,Concert,J031,Cubbon Road,8546,Weekday,False,Clear,False,0.0,False,False,1.0,Severe,8.3,74.4,893.0,0.299,0.69,0.895,Heavy congestion detected - signal timing extended and reroute suggested
EVT430178,2026-06-03 19:19:53,Trade Fair,J031,Cubbon Road,11854,Weekday,False,Rain,True,9.8,False,False,1.0,Severe,8.9,70.1,246.9,0.102,0.235,0.885,Heavy rain reducing visibility and grip - reduced speed and longer buffer advised
EVT430179,2025-11-20 05:08:56,Sports Fixture,J031,Cubbon Road,21072,Weekday,False,Clear,False,0.0,False,False,0.245,Low,35.7,18.6,129.3,0.11,0.254,0.975,Normal free-flow traffic - standard signal timing maintained
EVT430180,2026-05-26 09:55:01,Concert,J040,City Market,8042,Weekday,False,Clear,False,0.0,False,False,0.88,Severe,12.7,59.2,374.4,0.18,0.416,0.94,Heavy congestion detected - signal timing extended and reroute suggested
EVT430181,2025-04-08 07:35:18,Sports Fixture,J023,Basavanagudi,9684,Weekday,False,Clear,False,0.0,False,False,0.537,Moderate,27.5,42.4,180.8,0.133,0.308,0.952,Moderate traffic flow - standard adaptive signal timing in effect
EVT430182,2026-06-28 07:52:49,Concert,J023,Basavanagudi,8748,Weekend,False,Heavy Rain,True,26.2,False,False,0.942,Severe,9.5,65.4,561.5,0.205,0.474,0.886,Heavy rain reducing visibility and grip - reduced speed and longer buffer advised
EVT430183,2026-01-26 12:45:36,Religious Festival,J030,MG Road,22112,Weekday,True,Clear,False,0.0,False,False,0.563,High,24.2,42.1,309.1,0.225,0.52,0.913,Festival crowd surge detected - alternate route and extended cycle recommended
EVT430184,2025-08-19 19:10:31,Concert,J030,MG Road,8833,Weekday,False,Heavy Rain,True,25.0,False,False,1.0,Severe,8.3,66.6,413.5,0.139,0.32,0.868,Heavy rain reducing visibility and grip - reduced speed and longer buffer advised
EVT430185,2025-01-10 05:46:39,Political Rally,J030,MG Road,19881,Weekday,False,Clear,False,0.0,False,False,0.328,Low,33.2,25.9,161.7,0.135,0.313,0.959,Moderate traffic flow - standard adaptive signal timing in effect
EVT430186,2025-04-12 18:02:07,Trade Fair,J030,MG Road,10392,Weekend,False,Clear,False,0.0,False,False,0.883,Severe,12.2,60.9,245.1,0.107,0.246,0.956,Heavy congestion detected - signal timing extended and reroute suggested
EVT430187,2025-09-03 10:03:20,Sports Fixture,J020,Malleshwaram Circle,21676,Weekday,False,Clear,False,0.0,False,False,0.922,Severe,10.4,64.1,432.9,0.183,0.422,0.932,Heavy congestion detected - signal timing extended and reroute suggested
EVT430188,2025-04-26 18:52:24,Sports Fixture,J030,MG Road,15072,Weekend,False,Clear,False,0.0,False,False,0.864,Severe,13.5,63.9,520.6,0.26,0.601,0.934,Heavy congestion detected - signal timing extended and reroute suggested
EVT430189,2025-05-21 17:35:50,Sports Fixture,J023,Basavanagudi,18071,Weekday,False,Clear,False,0.0,False,False,0.993,Severe,6.8,71.4,818.9,0.232,0.536,0.915,Heavy congestion detected - signal timing extended and reroute suggested
EVT430190,2025-10-26 18:05:52,Trade Fair,J011,Indiranagar 100ft Road,8260,Weekend,False,Clear,False,0.0,False,False,0.848,Severe,15.9,65.4,369.2,0.214,0.494,0.938,Heavy congestion detected - signal timing extended and reroute suggested
EVT430191,2025-05-13 08:04:36,Sports Fixture,J040,City Market,26526,Weekday,False,Clear,False,0.0,False,False,1.0,Severe,5.8,70.5,700.9,0.172,0.397,0.936,Heavy congestion detected - signal timing extended and reroute suggested
EVT430192,2025-07-05 19:26:39,Sports Fixture,J030,MG Road,44761,Weekend,False,Rain,True,17.0,False,False,1.0,Severe,9.0,69.4,565.8,0.228,0.528,0.86,Heavy rain reducing visibility and grip - reduced speed and longer buffer advised
EVT430193,2025-11-25 08:44:09,Political Rally,J020,Malleshwaram Circle,13226,Weekday,False,Clear,False,0.0,False,False,0.969,Severe,10.7,69.3,236.8,0.085,0.195,0.916,Heavy congestion detected - signal timing extended and reroute suggested
EVT430194,2026-04-06 13:11:09,Political Rally,J012,Koramangala Sony World,14158,Weekday,False,Clear,False,0.0,False,False,0.273,Low,32.0,22.1,53.8,0.044,0.101,0.958,Moderate traffic flow - standard adaptive signal timing in effect
EVT430195,2025-02-08 09:47:18,Sports Fixture,J020,Malleshwaram Circle,42499,Weekend,False,Clear,False,0.0,False,False,0.963,Severe,9.0,77.8,432.9,0.168,0.387,0.937,Heavy congestion detected - signal timing extended and reroute suggested
EVT430196,2026-01-07 18:33:25,Sports Fixture,J020,Malleshwaram Circle,25107,Weekday,False,Clear,False,0.0,False,False,1.0,Severe,9.5,75.5,592.1,0.23,0.53,0.908,Heavy congestion detected - signal timing extended and reroute suggested
EVT430197,2025-03-25 23:30:29,Political Rally,J012,Koramangala Sony World,12099,Weekday,False,Clear,False,0.0,False,False,0.238,Low,28.5,19.7,147.4,0.112,0.258,0.99,Normal free-flow traffic - standard signal timing maintained
EVT430198,2026-05-16 16:40:46,Local Market Day,J023,Basavanagudi,1893,Weekend,False,Clear,False,0.0,False,False,0.59,High,19.8,45.7,215.6,0.131,0.303,0.962,Moderate traffic flow - standard adaptive signal timing in effect
EVT430199,2025-03-29 10:20:24,Local Market Day,J011,Indiranagar 100ft Road,6858,Weekend,False,Clear,False,0.0,False,False,0.606,High,20.9,43.2,344.0,0.217,0.501,0.99,Moderate traffic flow - standard adaptive signal timing in effect
EVT430200,2026-02-24 20:00:21,Sports Fixture,J011,Indiranagar 100ft Road,16566,Weekday,False,Clear,False,0.0,False,False,0.797,Severe,17.2,57.9,323.8,0.192,0.445,0.96,Heavy congestion detected - signal timing extended and reroute suggested
EVT430201,2025-09-29 18:31:00,Local Market Day,J023,Basavanagudi,5998,Weekday,False,Clear,False,0.0,False,False,1.0,Severe,7.8,70.8,675.3,0.221,0.509,0.923,Heavy congestion detected - signal timing extended and reroute suggested
EVT430202,2025-04-18 06:55:11,Political Rally,J040,City Market,15174,Weekday,False,Clear,False,0.0,False,False,0.496,Moderate,22.4,32.0,137.3,0.096,0.222,0.98,Moderate traffic flow - standard adaptive signal timing in effect
EVT430203,2025-10-01 09:20:21,Political Rally,J020,Malleshwaram Circle,12754,Weekday,False,Clear,False,0.0,False,False,1.0,Severe,10.2,68.1,603.3,0.254,0.587,0.905,Heavy congestion detected - signal timing extended and reroute suggested
EVT430204,2025-09-17 08:06:43,Local Market Day,J023,Basavanagudi,8385,Weekday,False,Clear,False,0.0,False,False,0.865,Severe,15.5,65.9,239.0,0.127,0.293,0.927,Heavy congestion detected - signal timing extended and reroute suggested
EVT430205,2026-06-26 10:05:37,Local Market Day,J020,Malleshwaram Circle,3176,Weekday,False,Heavy Rain,True,45.4,False,False,1.0,Severe,5.1,75.1,451.8,0.105,0.243,0.857,Heavy rain reducing visibility and grip - reduced speed and longer buffer advised
EVT430206,2025-11-02 16:03:36,Cultural Procession,J011,Indiranagar 100ft Road,18315,Weekend,True,Clear,False,0.0,False,False,0.757,Severe,14.8,47.9,394.4,0.183,0.422,0.913,Festival crowd surge detected - alternate route and extended cycle recommended
EVT430207,2025-04-17 08:28:22,Concert,J040,City Market,8545,Weekday,False,Clear,False,0.0,False,False,1.0,Severe,9.2,76.2,582.7,0.229,0.53,0.903,Heavy congestion detected - signal timing extended and reroute suggested
EVT430208,2025-05-23 08:47:06,Political Rally,J031,Cubbon Road,17424,Weekday,False,Clear,False,0.0,False,False,1.0,Severe,9.2,70.9,418.9,0.179,0.414,0.884,Heavy congestion detected - signal timing extended and reroute suggested
EVT430209,2025-02-25 09:53:09,Trade Fair,J030,MG Road,10612,Weekday,False,Clear,False,0.0,False,False,0.868,Severe,13.2,61.4,450.3,0.207,0.478,0.938,Heavy congestion detected - signal timing extended and reroute suggested
EVT430210,2025-11-06 11:24:06,Sports Fixture,J012,Koramangala Sony World,29086,Weekday,False,Clear,False,0.0,False,False,0.522,Moderate,28.1,44.6,151.6,0.114,0.263,0.961,Moderate traffic flow - standard adaptive signal timing in effect
EVT430211,2025-10-19 22:17:22,Sports Fixture,J011,Indiranagar 100ft Road,13079,Weekend,False,Clear,False,0.0,False,False,0.345,Low,26.8,19.8,178.9,0.13,0.301,0.97,Moderate traffic flow - standard adaptive signal timing in effect
EVT430212,2026-01-24 18:53:10,Concert,J030,MG Road,6153,Weekend,False,Clear,False,0.0,False,False,0.872,Severe,13.6,62.0,355.7,0.166,0.384,0.949,Heavy congestion detected - signal timing extended and reroute suggested
EVT430213,2026-01-04 20:24:47,Concert,J040,City Market,10996,Weekend,False,Clear,False,0.0,False,False,0.603,High,20.5,43.5,202.3,0.138,0.319,0.966,Moderate traffic flow - standard adaptive signal timing in effect
EVT430214,2025-08-21 21:31:39,Local Market Day,J030,MG Road,5960,Weekday,False,Fog,False,0.0,False,False,0.299,Low,31.2,20.3,242.8,0.198,0.457,0.963,Moderate traffic flow - standard adaptive signal timing in effect
EVT430215,2026-03-15 18:51:11,Concert,J009,Majestic,11847,Weekend,False,Clear,False,0.0,False,False,0.921,Severe,9.7,62.2,568.3,0.2,0.462,0.915,Heavy congestion detected - signal timing extended and reroute suggested
EVT430216,2026-02-06 10:44:54,Concert,J023,Basavanagudi,14446,Weekday,False,Clear,False,0.0,False,False,0.584,High,19.9,41.8,217.7,0.143,0.33,0.957,Moderate traffic flow - standard adaptive signal timing in effect
EVT430217,2025-12-04 01:55:49,Trade Fair,J031,Cubbon Road,7399,Weekday,False,Clear,False,0.0,True,False,0.543,Moderate,19.8,42.2,298.6,0.176,0.406,0.809,Accident detected nearby - reroute and reduced speed advised
EVT430218,2025-05-07 16:06:45,Local Market Day,J012,Koramangala Sony World,3026,Weekday,False,Clear,False,0.0,False,False,0.467,Moderate,24.6,32.2,177.6,0.13,0.301,0.964,Moderate traffic flow - standard adaptive signal timing in effect
EVT430219,2025-10-15 08:38:38,Sports Fixture,J011,Indiranagar 100ft Road,29622,Weekday,False,Clear,False,0.0,False,False,1.0,Severe,8.9,73.6,509.5,0.191,0.442,0.931,Heavy congestion detected - signal timing extended and reroute suggested
EVT430220,2025-04-06 15:53:33,Religious Festival,J031,Cubbon Road,30984,Weekend,True,Clear,False,0.0,False,False,0.793,Severe,15.7,52.7,329.1,0.179,0.414,0.894,Festival crowd surge detected - alternate route and extended cycle recommended
EVT430221,2025-03-11 16:25:40,Concert,J020,Malleshwaram Circle,12319,Weekday,False,Clear,False,0.0,False,False,0.636,High,21.0,41.7,298.6,0.21,0.485,0.943,Moderate traffic flow - standard adaptive signal timing in effect
EVT430222,2025-10-31 18:40:57,Political Rally,J009,Majestic,16019,Weekday,False,Clear,False,0.0,False,False,1.0,Severe,8.3,74.5,596.4,0.195,0.45,0.935,Heavy congestion detected - signal timing extended and reroute suggested
EVT430223,2025-01-31 08:27:34,Local Market Day,J040,City Market,2360,Weekday,False,Clear,False,0.0,False,False,0.843,Severe,13.0,59.5,591.2,0.288,0.666,0.948,Heavy congestion detected - signal timing extended and reroute suggested
EVT430224,2025-03-20 09:17:11,Concert,J011,Indiranagar 100ft Road,8584,Weekday,False,Clear,False,0.0,False,False,1.0,Severe,6.7,68.4,1233.5,0.362,0.836,0.934,Heavy congestion detected - signal timing extended and reroute suggested
EVT430225,2025-02-24 21:01:13,Sports Fixture,J011,Indiranagar 100ft Road,18394,Weekday,False,Clear,False,0.0,False,False,0.554,High,22.6,35.9,264.6,0.214,0.494,0.977,Moderate traffic flow - standard adaptive signal timing in effect
EVT430226,2025-07-04 09:09:51,Trade Fair,J011,Indiranagar 100ft Road,5112,Weekday,False,Clear,False,0.0,False,False,1.0,Severe,8.5,70.0,569.1,0.215,0.497,0.9,Heavy congestion detected - signal timing extended and reroute suggested
EVT430227,2025-06-13 12:31:49,Local Market Day,J009,Majestic,5722,Weekday,False,Rain,True,14.2,False,False,0.399,Moderate,19.4,33.0,289.6,0.177,0.408,0.914,Light rain detected - minor speed reduction advised
EVT430228,2025-08-11 19:18:27,Sports Fixture,J011,Indiranagar 100ft Road,19501,Weekday,False,Fog,False,0.0,False,False,1.0,Severe,9.2,68.0,595.1,0.217,0.501,0.906,Heavy congestion detected - signal timing extended and reroute suggested
EVT430229,2025-03-27 05:12:14,Local Market Day,J012,Koramangala Sony World,5015,Weekday,False,Clear,False,0.0,False,False,0.236,Low,33.5,15.5,144.2,0.127,0.294,0.987,Normal free-flow traffic - standard signal timing maintained
EVT430230,2026-05-02 21:38:39,Cultural Procession,J030,MG Road,31339,Weekend,True,Heavy Rain,True,45.0,False,True,1.0,Severe,9.5,110.5,588.4,0.238,0.551,0.81,Road closure for event/procession - full detour recommended for through-traffic
EVT430231,2026-05-12 13:05:14,Sports Fixture,J011,Indiranagar 100ft Road,27348,Weekday,False,Clear,False,0.0,False,False,0.366,Moderate,26.1,21.9,116.8,0.088,0.204,0.959,Moderate traffic flow - standard adaptive signal timing in effect
EVT430232,2025-08-21 18:19:53,Trade Fair,J031,Cubbon Road,5209,Weekday,False,Clear,False,0.0,False,False,1.0,Severe,10.0,71.1,381.2,0.164,0.379,0.883,Heavy congestion detected - signal timing extended and reroute suggested
EVT430233,2026-02-03 17:05:15,Concert,J020,Malleshwaram Circle,16056,Weekday,False,Clear,False,0.0,False,False,0.767,Severe,18.6,57.0,207.6,0.127,0.294,0.955,Heavy congestion detected - signal timing extended and reroute suggested
EVT430234,2025-08-18 17:00:17,Sports Fixture,J031,Cubbon Road,23942,Weekday,False,Clear,False,0.0,False,False,0.771,Severe,18.5,51.8,264.4,0.193,0.445,0.967,Heavy congestion detected - signal timing extended and reroute suggested
EVT430235,2026-02-15 07:17:42,Concert,J011,Indiranagar 100ft Road,5236,Weekend,False,Clear,False,0.0,False,False,0.567,High,19.2,37.2,254.7,0.151,0.349,0.97,Moderate traffic flow - standard adaptive signal timing in effect
EVT430236,2026-06-29 11:05:32,Local Market Day,J023,Basavanagudi,2446,Weekday,False,Fog,False,0.0,False,False,0.406,Moderate,33.0,34.6,161.4,0.132,0.305,0.987,Moderate traffic flow - standard adaptive signal timing in effect
EVT430237,2026-01-31 15:12:39,Concert,J030,MG Road,17606,Weekend,False,Clear,False,0.0,False,False,0.41,Moderate,30.6,27.3,154.9,0.122,0.281,0.951,Moderate traffic flow - standard adaptive signal timing in effect
EVT430238,2025-02-21 10:09:40,Concert,J040,City Market,11823,Weekday,False,Clear,False,0.0,False,False,0.883,Severe,12.5,64.2,341.7,0.168,0.389,0.956,Heavy congestion detected - signal timing extended and reroute suggested
EVT430239,2026-04-28 03:05:18,Trade Fair,J030,MG Road,9438,Weekday,False,Clear,False,0.0,False,False,0.262,Low,31.6,23.4,180.7,0.163,0.376,0.958,Moderate traffic flow - standard adaptive signal timing in effect
EVT430240,2026-02-02 06:02:53,Trade Fair,J030,MG Road,8599,Weekday,False,Clear,False,0.0,False,False,0.271,Low,35.9,16.4,129.0,0.122,0.283,0.99,Moderate traffic flow - standard adaptive signal timing in effect
EVT430241,2025-11-30 12:58:53,Political Rally,J011,Indiranagar 100ft Road,31611,Weekend,False,Light Rain,True,6.8,False,False,0.574,High,19.0,37.4,186.2,0.115,0.266,0.914,Heavy rain reducing visibility and grip - reduced speed and longer buffer advised
EVT430242,2025-10-21 18:05:06,Fireworks Display,J012,Koramangala Sony World,28310,Weekday,True,Rain,True,16.7,False,False,1.0,Severe,9.4,71.2,428.4,0.17,0.393,0.822,Festival crowd surge detected - alternate route and extended cycle recommended
EVT430243,2026-06-09 07:16:29,Local Market Day,J040,City Market,4144,Weekday,False,Clear,False,0.0,False,False,0.484,Moderate,29.6,32.3,283.3,0.243,0.561,0.986,Moderate traffic flow - standard adaptive signal timing in effect
EVT430244,2025-11-25 05:48:04,Sports Fixture,J030,MG Road,29071,Weekday,False,Clear,False,0.0,False,False,0.332,Low,28.7,22.2,161.7,0.113,0.261,0.952,Moderate traffic flow - standard adaptive signal timing in effect
EVT430245,2025-04-19 11:11:06,Concert,J031,Cubbon Road,17638,Weekend,False,Light Rain,True,3.2,False,False,0.623,High,17.6,47.0,203.7,0.124,0.287,0.927,Heavy rain reducing visibility and grip - reduced speed and longer buffer advised
EVT430246,2025-03-11 15:01:29,Sports Fixture,J030,MG Road,30422,Weekday,False,Clear,False,0.0,False,False,0.459,Moderate,22.1,27.7,226.6,0.166,0.382,0.975,Moderate traffic flow - standard adaptive signal timing in effect
EVT430247,2025-04-01 06:47:39,Political Rally,J009,Majestic,11845,Weekday,False,Clear,False,0.0,False,False,0.414,Moderate,28.3,27.3,172.4,0.127,0.294,0.935,Moderate traffic flow - standard adaptive signal timing in effect
EVT430248,2025-02-10 08:44:49,Local Market Day,J030,MG Road,4155,Weekday,False,Fog,False,0.0,False,False,0.971,Severe,8.4,66.6,436.1,0.144,0.333,0.933,Heavy congestion detected - signal timing extended and reroute suggested
EVT430249,2026-03-27 11:48:34,Religious Festival,J011,Indiranagar 100ft Road,51071,Weekday,True,Clear,False,0.0,False,False,0.683,High,17.7,47.0,249.5,0.148,0.341,0.895,Festival crowd surge detected - alternate route and extended cycle recommended
EVT430250,2025-08-03 15:02:15,Sports Fixture,J030,MG Road,17864,Weekend,False,Rain,True,15.7,False,False,0.56,High,32.3,36.5,207.1,0.18,0.416,0.928,Heavy rain reducing visibility and grip - reduced speed and longer buffer advised
EVT430251,2026-01-09 08:39:47,Trade Fair,J031,Cubbon Road,7306,Weekday,False,Clear,False,0.0,True,False,1.0,Severe,7.6,67.4,842.3,0.231,0.534,0.757,Accident detected nearby - reroute and reduced speed advised
EVT430252,2025-01-08 15:18:26,Concert,J030,MG Road,13672,Weekday,False,Clear,False,0.0,False,False,0.408,Moderate,28.7,34.7,134.1,0.094,0.218,0.972,Moderate traffic flow - standard adaptive signal timing in effect
EVT430253,2025-02-05 09:53:49,Local Market Day,J011,Indiranagar 100ft Road,2275,Weekday,False,Clear,False,0.0,False,False,0.791,Severe,15.8,66.5,237.7,0.142,0.328,0.973,Heavy congestion detected - signal timing extended and reroute suggested
EVT430254,2025-08-23 13:46:56,Trade Fair,J020,Malleshwaram Circle,12691,Weekend,False,Heavy Rain,True,35.7,False,False,0.64,High,20.0,47.3,191.8,0.123,0.284,0.917,Heavy rain reducing visibility and grip - reduced speed and longer buffer advised
EVT430255,2025-08-23 14:39:38,Political Rally,J040,City Market,14209,Weekend,False,Rain,True,23.8,False,False,0.655,High,14.5,50.3,302.4,0.143,0.331,0.889,Heavy rain reducing visibility and grip - reduced speed and longer buffer advised
EVT430256,2025-01-16 20:12:52,Trade Fair,J009,Majestic,8037,Weekday,False,Clear,False,0.0,False,False,0.736,High,19.2,52.6,395.6,0.232,0.535,0.945,Moderate traffic flow - standard adaptive signal timing in effect
EVT430257,2026-04-27 18:44:26,Trade Fair,J020,Malleshwaram Circle,10658,Weekday,False,Clear,False,0.0,False,False,0.968,Severe,11.4,67.6,584.8,0.272,0.628,0.929,Heavy congestion detected - signal timing extended and reroute suggested
EVT430258,2025-11-11 15:47:39,Concert,J012,Koramangala Sony World,16491,Weekday,False,Clear,False,0.0,False,False,0.426,Moderate,24.5,27.3,173.4,0.119,0.275,0.971,Moderate traffic flow - standard adaptive signal timing in effect
EVT430259,2025-12-02 06:50:18,Concert,J023,Basavanagudi,15911,Weekday,False,Clear,False,0.0,False,False,0.476,Moderate,24.2,27.3,214.2,0.14,0.324,0.977,Moderate traffic flow - standard adaptive signal timing in effect
EVT430260,2025-05-19 17:09:30,Local Market Day,J031,Cubbon Road,4351,Weekday,False,Clear,False,0.0,False,False,0.744,High,16.8,50.3,368.2,0.208,0.48,0.974,Moderate traffic flow - standard adaptive signal timing in effect
EVT430261,2025-03-30 22:21:18,Cultural Procession,J012,Koramangala Sony World,21856,Weekend,True,Clear,False,0.0,False,False,0.6,High,25.8,43.0,172.2,0.117,0.27,0.907,Festival crowd surge detected - alternate route and extended cycle recommended
EVT430262,2025-06-13 14:27:18,Sports Fixture,J023,Basavanagudi,20871,Weekday,False,Rain,True,12.4,False,False,0.436,Moderate,26.5,30.8,204.0,0.152,0.351,0.911,Light rain detected - minor speed reduction advised
EVT430263,2025-02-10 09:29:02,Local Market Day,J031,Cubbon Road,5623,Weekday,False,Fog,False,0.0,False,False,1.0,Severe,8.3,68.2,319.5,0.122,0.283,0.919,Heavy congestion detected - signal timing extended and reroute suggested
EVT430264,2026-03-22 07:24:16,Local Market Day,J030,MG Road,3915,Weekend,False,Clear,False,0.0,False,False,0.544,Moderate,20.0,42.5,301.0,0.18,0.417,0.96,Moderate traffic flow - standard adaptive signal timing in effect
EVT430265,2026-02-12 16:47:59,Local Market Day,J023,Basavanagudi,5041,Weekday,False,Clear,False,0.0,False,False,0.627,High,21.7,38.1,292.7,0.204,0.47,0.953,Moderate traffic flow - standard adaptive signal timing in effect
EVT430266,2026-02-02 21:58:28,Local Market Day,J009,Majestic,4427,Weekday,False,Clear,False,0.0,False,False,0.277,Low,38.5,13.5,108.6,0.119,0.275,0.965,Moderate traffic flow - standard adaptive signal timing in effect
EVT430267,2026-05-01 05:16:53,Religious Festival,J020,Malleshwaram Circle,44321,Weekday,True,Clear,False,0.0,False,False,0.587,High,24.8,39.3,280.8,0.23,0.531,0.932,Festival crowd surge detected - alternate route and extended cycle recommended
EVT430268,2025-01-30 17:23:49,Concert,J011,Indiranagar 100ft Road,8277,Weekday,False,Clear,False,0.0,False,False,0.876,Severe,13.8,61.0,249.8,0.149,0.343,0.947,Heavy congestion detected - signal timing extended and reroute suggested
EVT430269,2025-07-24 18:16:36,Concert,J009,Majestic,12343,Weekday,False,Rain,True,7.7,True,False,1.0,Severe,10.1,74.7,436.3,0.178,0.412,0.715,Accident detected nearby - reroute and reduced speed advised
EVT430270,2025-09-24 16:23:35,Local Market Day,J011,Indiranagar 100ft Road,4291,Weekday,False,Clear,False,0.0,False,False,0.5,Moderate,26.1,40.5,110.8,0.068,0.157,0.964,Moderate traffic flow - standard adaptive signal timing in effect
EVT430271,2026-04-18 16:29:28,Local Market Day,J020,Malleshwaram Circle,2852,Weekend,False,Clear,False,0.0,False,False,0.483,Moderate,25.3,32.7,141.9,0.101,0.234,0.947,Moderate traffic flow - standard adaptive signal timing in effect
EVT430272,2026-04-20 18:36:10,Local Market Day,J031,Cubbon Road,3079,Weekday,False,Clear,False,0.0,False,False,0.928,Severe,11.2,65.8,453.1,0.201,0.465,0.943,Heavy congestion detected - signal timing extended and reroute suggested
EVT430273,2025-07-28 09:10:24,Concert,J012,Koramangala Sony World,10963,Weekday,False,Heavy Rain,True,73.1,True,False,1.0,Severe,6.4,67.6,754.7,0.209,0.482,0.757,Accident detected nearby - reroute and reduced speed advised
EVT430274,2025-05-09 18:49:05,Political Rally,J040,City Market,13658,Weekday,False,Heavy Rain,True,52.4,False,False,1.0,Severe,8.1,73.0,613.7,0.229,0.528,0.861,Heavy rain reducing visibility and grip - reduced speed and longer buffer advised
EVT430275,2025-07-31 08:52:26,Trade Fair,J040,City Market,10032,Weekday,False,Rain,True,16.8,False,False,1.0,Severe,8.2,75.4,739.3,0.274,0.632,0.867,Heavy rain reducing visibility and grip - reduced speed and longer buffer advised
EVT430276,2025-02-09 16:57:48,Local Market Day,J012,Koramangala Sony World,6420,Weekend,False,Clear,False,0.0,False,False,0.685,High,19.4,47.1,298.2,0.171,0.394,0.96,Moderate traffic flow - standard adaptive signal timing in effect
EVT430277,2025-10-17 18:58:28,Sports Fixture,J012,Koramangala Sony World,29110,Weekday,False,Clear,False,0.0,False,False,1.0,Severe,8.5,75.0,519.2,0.181,0.417,0.921,Heavy congestion detected - signal timing extended and reroute suggested
EVT430278,2025-11-27 15:33:32,Sports Fixture,J031,Cubbon Road,19759,Weekday,False,Clear,False,0.0,False,False,0.408,Moderate,32.4,25.5,104.7,0.087,0.202,0.943,Moderate traffic flow - standard adaptive signal timing in effect
EVT430279,2025-03-02 18:00:56,Concert,J031,Cubbon Road,14695,Weekend,False,Clear,False,0.0,False,False,0.882,Severe,12.4,64.0,350.3,0.157,0.364,0.976,Heavy congestion detected - signal timing extended and reroute suggested
EVT430280,2025-12-17 19:37:41,Local Market Day,J030,MG Road,5949,Weekday,False,Clear,False,0.0,False,False,0.836,Severe,15.2,64.7,345.8,0.184,0.424,0.95,Heavy congestion detected - signal timing extended and reroute suggested
EVT430281,2025-06-20 20:45:47,Political Rally,J009,Majestic,18215,Weekday,False,Clear,False,0.0,False,False,0.5,Moderate,23.7,36.7,216.7,0.151,0.35,0.975,Moderate traffic flow - standard adaptive signal timing in effect
EVT430282,2026-06-01 20:53:31,Political Rally,J023,Basavanagudi,11653,Weekday,False,Clear,False,0.0,False,False,0.508,Moderate,23.6,36.6,228.9,0.187,0.433,0.961,Moderate traffic flow - standard adaptive signal timing in effect
EVT430283,2026-04-06 07:10:06,Trade Fair,J011,Indiranagar 100ft Road,9987,Weekday,False,Clear,False,0.0,False,False,0.546,Moderate,28.4,40.1,142.6,0.115,0.265,0.976,Moderate traffic flow - standard adaptive signal timing in effect
EVT430284,2025-08-23 21:56:41,Trade Fair,J030,MG Road,10731,Weekend,False,Clear,False,0.0,False,False,0.322,Low,27.6,23.3,99.0,0.065,0.15,0.986,Moderate traffic flow - standard adaptive signal timing in effect
EVT430285,2026-05-22 07:19:47,Local Market Day,J009,Majestic,3763,Weekday,False,Clear,False,0.0,False,False,0.564,High,20.6,42.1,184.0,0.119,0.274,0.961,Moderate traffic flow - standard adaptive signal timing in effect
EVT430286,2025-11-23 06:58:04,Trade Fair,J020,Malleshwaram Circle,17373,Weekend,False,Clear,False,0.0,False,False,0.485,Moderate,25.6,35.5,274.4,0.205,0.473,0.97,Moderate traffic flow - standard adaptive signal timing in effect
EVT430287,2025-02-19 18:57:27,Sports Fixture,J020,Malleshwaram Circle,26250,Weekday,False,Clear,False,0.0,False,False,1.0,Severe,10.2,73.3,426.5,0.183,0.422,0.921,Heavy congestion detected - signal timing extended and reroute suggested
EVT430288,2026-03-26 16:37:12,Religious Festival,J031,Cubbon Road,44275,Weekday,True,Clear,False,0.0,False,True,1.0,Severe,7.6,108.2,345.0,0.133,0.308,0.831,Road closure for event/procession - full detour recommended for through-traffic
EVT430289,2025-03-14 19:15:19,Religious Festival,J012,Koramangala Sony World,52059,Weekday,True,Clear,False,0.0,False,False,1.0,Severe,8.7,78.8,673.8,0.249,0.574,0.872,Festival crowd surge detected - alternate route and extended cycle recommended
EVT430290,2026-02-02 09:37:48,Trade Fair,J040,City Market,16611,Weekday,False,Clear,False,0.0,False,False,0.864,Severe,13.4,67.9,483.5,0.237,0.547,0.905,Heavy congestion detected - signal timing extended and reroute suggested
EVT430291,2025-09-15 13:55:00,Sports Fixture,J020,Malleshwaram Circle,23276,Weekday,False,Rain,True,15.0,False,False,0.561,High,22.6,38.9,231.7,0.157,0.364,0.902,Heavy rain reducing visibility and grip - reduced speed and longer buffer advised
EVT430292,2025-09-19 10:24:45,Trade Fair,J023,Basavanagudi,8292,Weekday,False,Rain,True,15.7,False,False,0.903,Severe,11.2,64.1,469.3,0.193,0.446,0.893,Heavy rain reducing visibility and grip - reduced speed and longer buffer advised
EVT430293,2026-03-23 18:25:59,Sports Fixture,J011,Indiranagar 100ft Road,24554,Weekday,False,Rain,True,12.7,False,False,1.0,Severe,8.5,70.0,592.4,0.208,0.481,0.869,Heavy rain reducing visibility and grip - reduced speed and longer buffer advised
EVT430294,2025-05-02 07:15:14,Cultural Procession,J011,Indiranagar 100ft Road,28241,Weekday,True,Clear,False,0.0,False,False,0.924,Severe,10.3,63.7,551.1,0.22,0.509,0.874,Festival crowd surge detected - alternate route and extended cycle recommended
EVT430295,2025-04-11 18:48:17,Trade Fair,J011,Indiranagar 100ft Road,5768,Weekday,False,Clear,False,0.0,False,False,1.0,Severe,8.9,72.1,492.6,0.203,0.469,0.94,Heavy congestion detected - signal timing extended and reroute suggested
EVT430296,2025-10-23 14:16:10,Local Market Day,J023,Basavanagudi,7226,Weekday,False,Clear,False,0.0,False,False,0.16,Low,27.2,18.4,229.2,0.154,0.357,0.949,Normal free-flow traffic - standard signal timing maintained
EVT430297,2026-03-24 17:29:32,Concert,J011,Indiranagar 100ft Road,7906,Weekday,False,Clear,False,0.0,False,False,0.911,Severe,10.0,61.2,404.8,0.166,0.383,0.936,Heavy congestion detected - signal timing extended and reroute suggested
EVT430298,2025-10-04 09:05:32,Sports Fixture,J012,Koramangala Sony World,33068,Weekend,False,Clear,False,0.0,False,False,1.0,Severe,9.1,76.1,667.6,0.236,0.545,0.922,Heavy congestion detected - signal timing extended and reroute suggested
EVT430299,2026-04-16 18:58:11,Sports Fixture,J030,MG Road,24962,Weekday,False,Clear,False,0.0,False,False,1.0,Severe,9.1,70.7,284.3,0.112,0.258,0.924,Heavy congestion detected - signal timing extended and reroute suggested
EVT430300,2025-10-15 19:59:38,Local Market Day,J012,Koramangala Sony World,3678,Weekday,False,Heavy Rain,True,40.8,False,False,1.0,Severe,9.6,70.3,435.4,0.188,0.434,0.846,Heavy rain reducing visibility and grip - reduced speed and longer buffer advised
EVT430301,2025-11-17 09:48:58,Political Rally,J040,City Market,17247,Weekday,False,Clear,False,0.0,False,False,0.987,Severe,10.8,70.7,794.8,0.314,0.725,0.893,Heavy congestion detected - signal timing extended and reroute suggested
EVT430302,2025-07-27 09:07:01,Concert,J030,MG Road,17687,Weekend,False,Clear,False,0.0,False,False,0.897,Severe,10.9,65.5,496.0,0.207,0.477,0.951,Heavy congestion detected - signal timing extended and reroute suggested
EVT430303,2026-06-09 10:22:18,Concert,J023,Basavanagudi,10228,Weekday,False,Heavy Rain,True,40.2,False,False,0.97,Severe,8.4,66.8,377.3,0.156,0.361,0.865,Heavy rain reducing visibility and grip - reduced speed and longer buffer advised
EVT430304,2025-09-15 17:51:24,Sports Fixture,J040,City Market,26611,Weekday,False,Clear,False,0.0,False,False,1.0,Severe,11.3,69.0,328.2,0.141,0.325,0.942,Heavy congestion detected - signal timing extended and reroute suggested
EVT430305,2026-01-16 02:41:25,Sports Fixture,J009,Majestic,17437,Weekday,False,Clear,False,0.0,False,False,0.266,Low,29.9,23.2,174.5,0.122,0.282,0.959,Moderate traffic flow - standard adaptive signal timing in effect
EVT430306,2025-05-20 18:10:42,Trade Fair,J023,Basavanagudi,8834,Weekday,False,Rain,True,8.6,False,False,1.0,Severe,9.4,67.3,495.5,0.186,0.429,0.877,Heavy rain reducing visibility and grip - reduced speed and longer buffer advised
EVT430307,2026-06-14 15:05:01,Concert,J020,Malleshwaram Circle,9511,Weekend,False,Clear,False,0.0,False,False,0.316,Low,29.1,22.9,137.1,0.105,0.243,0.977,Moderate traffic flow - standard adaptive signal timing in effect
EVT430308,2025-03-07 17:09:07,Trade Fair,J040,City Market,11067,Weekday,False,Clear,False,0.0,False,False,0.799,Severe,19.2,58.2,382.2,0.222,0.513,0.928,Heavy congestion detected - signal timing extended and reroute suggested
EVT430309,2025-04-27 17:08:59,Sports Fixture,J020,Malleshwaram Circle,16259,Weekend,False,Clear,False,0.0,False,False,0.835,Severe,11.1,60.9,514.2,0.192,0.444,0.942,Heavy congestion detected - signal timing extended and reroute suggested
EVT430310,2025-12-19 20:01:53,Concert,J031,Cubbon Road,14951,Weekday,False,Clear,False,0.0,False,False,0.806,Severe,15.0,57.1,244.6,0.122,0.282,0.99,Heavy congestion detected - signal timing extended and reroute suggested
EVT430311,2025-05-27 18:53:53,Concert,J040,City Market,18560,Weekday,False,Light Rain,True,2.6,False,False,1.0,Severe,9.4,73.0,598.3,0.22,0.509,0.851,Heavy rain reducing visibility and grip - reduced speed and longer buffer advised
EVT430312,2025-07-18 17:47:51,Local Market Day,J023,Basavanagudi,4072,Weekday,False,Heavy Rain,True,29.2,False,False,1.0,Severe,8.1,72.2,266.6,0.094,0.216,0.848,Heavy rain reducing visibility and grip - reduced speed and longer buffer advised
EVT430313,2025-09-13 09:47:18,Local Market Day,J009,Majestic,1861,Weekend,False,Heavy Rain,True,50.9,False,False,1.0,Severe,9.8,71.5,277.2,0.113,0.261,0.875,Heavy rain reducing visibility and grip - reduced speed and longer buffer advised
EVT430314,2026-06-10 21:28:15,Sports Fixture,J020,Malleshwaram Circle,14574,Weekday,False,Clear,False,0.0,False,False,0.416,Moderate,27.5,31.4,225.8,0.171,0.395,0.977,Moderate traffic flow - standard adaptive signal timing in effect
EVT430315,2025-05-04 21:13:22,Trade Fair,J009,Majestic,5984,Weekend,False,Clear,False,0.0,False,False,0.41,Moderate,32.5,26.5,143.1,0.142,0.327,0.932,Moderate traffic flow - standard adaptive signal timing in effect
EVT430316,2026-05-24 17:31:48,Sports Fixture,J009,Majestic,16674,Weekend,False,Clear,False,0.0,False,False,0.929,Severe,11.5,69.5,403.0,0.19,0.438,0.92,Heavy congestion detected - signal timing extended and reroute suggested
EVT430317,2025-09-29 09:53:56,Trade Fair,J040,City Market,7618,Weekday,False,Heavy Rain,True,48.1,False,False,1.0,Severe,8.3,68.6,521.7,0.184,0.426,0.825,Heavy rain reducing visibility and grip - reduced speed and longer buffer advised
EVT430318,2026-05-14 19:35:41,Concert,J040,City Market,13227,Weekday,False,Clear,False,0.0,False,False,0.819,Severe,13.7,59.9,489.1,0.266,0.614,0.962,Heavy congestion detected - signal timing extended and reroute suggested
EVT430319,2026-03-16 15:59:44,Political Rally,J023,Basavanagudi,17197,Weekday,False,Clear,False,0.0,False,False,0.509,Moderate,27.0,38.7,292.2,0.233,0.538,0.975,Moderate traffic flow - standard adaptive signal timing in effect
EVT430320,2025-06-19 09:25:09,Sports Fixture,J011,Indiranagar 100ft Road,32843,Weekday,False,Clear,False,0.0,False,False,1.0,Severe,7.6,66.7,705.1,0.229,0.529,0.909,Heavy congestion detected - signal timing extended and reroute suggested
EVT430321,2025-01-17 15:39:30,Sports Fixture,J009,Majestic,21302,Weekday,False,Clear,False,0.0,False,False,0.431,Moderate,25.8,33.1,331.4,0.235,0.544,0.939,Moderate traffic flow - standard adaptive signal timing in effect
EVT430322,2025-03-29 16:41:19,Political Rally,J012,Koramangala Sony World,28027,Weekend,False,Clear,False,0.0,False,False,0.694,High,18.9,49.6,329.4,0.213,0.491,0.985,Moderate traffic flow - standard adaptive signal timing in effect
EVT430323,2025-07-03 14:41:21,Concert,J031,Cubbon Road,19440,Weekday,False,Clear,False,0.0,False,False,0.284,Low,36.6,21.6,211.8,0.208,0.48,0.971,Moderate traffic flow - standard adaptive signal timing in effect
EVT430324,2025-06-19 20:01:48,Political Rally,J030,MG Road,19604,Weekday,False,Heavy Rain,True,34.2,False,False,1.0,Severe,6.0,73.1,714.5,0.192,0.443,0.874,Heavy rain reducing visibility and grip - reduced speed and longer buffer advised
EVT430325,2026-04-23 18:00:13,Sports Fixture,J012,Koramangala Sony World,12626,Weekday,False,Clear,False,0.0,False,False,1.0,Severe,7.6,68.1,279.2,0.111,0.257,0.92,Heavy congestion detected - signal timing extended and reroute suggested
EVT430326,2026-04-16 16:24:50,Concert,J040,City Market,6732,Weekday,False,Clear,False,0.0,False,False,0.564,High,17.8,36.4,237.3,0.129,0.298,0.98,Moderate traffic flow - standard adaptive signal timing in effect
EVT430327,2025-12-27 17:33:13,Trade Fair,J020,Malleshwaram Circle,7266,Weekend,False,Clear,False,0.0,False,False,0.839,Severe,15.5,57.7,381.3,0.22,0.507,0.952,Heavy congestion detected - signal timing extended and reroute suggested
EVT430328,2026-06-21 15:28:16,Trade Fair,J009,Majestic,7062,Weekend,False,Clear,False,0.0,False,False,0.335,Low,22.6,21.5,291.0,0.181,0.418,0.969,Moderate traffic flow - standard adaptive signal timing in effect
EVT430329,2025-09-15 22:30:35,Local Market Day,J020,Malleshwaram Circle,3571,Weekday,False,Clear,False,0.0,False,False,0.23,Low,35.3,14.0,225.3,0.217,0.501,0.974,Normal free-flow traffic - standard signal timing maintained
EVT430330,2025-01-30 14:50:25,Concert,J012,Koramangala Sony World,17929,Weekday,False,Clear,False,0.0,False,False,0.401,Moderate,30.6,32.9,170.1,0.158,0.366,0.966,Moderate traffic flow - standard adaptive signal timing in effect
EVT430331,2025-11-28 19:14:36,Concert,J020,Malleshwaram Circle,12132,Weekday,False,Clear,False,0.0,False,False,1.0,Severe,9.1,67.5,636.8,0.227,0.524,0.93,Heavy congestion detected - signal timing extended and reroute suggested
EVT430332,2025-04-12 11:57:49,Local Market Day,J031,Cubbon Road,2620,Weekend,False,Clear,False,0.0,False,False,0.326,Low,34.8,23.5,156.7,0.138,0.318,0.98,Moderate traffic flow - standard adaptive signal timing in effect
EVT430333,2025-08-23 14:40:30,Sports Fixture,J023,Basavanagudi,22300,Weekend,False,Rain,True,12.8,False,False,0.553,High,23.1,40.3,239.7,0.167,0.386,0.916,Heavy rain reducing visibility and grip - reduced speed and longer buffer advised
EVT430334,2025-07-28 21:08:47,Local Market Day,J020,Malleshwaram Circle,3178,Weekday,False,Rain,True,18.6,False,False,0.532,Moderate,23.8,32.7,236.7,0.173,0.399,0.901,Light rain detected - minor speed reduction advised
EVT430335,2025-01-19 18:29:02,Sports Fixture,J031,Cubbon Road,15139,Weekend,False,Clear,False,0.0,False,False,0.959,Severe,9.2,69.5,678.0,0.264,0.611,0.916,Heavy congestion detected - signal timing extended and reroute suggested
EVT430336,2026-02-28 17:24:49,Sports Fixture,J023,Basavanagudi,14263,Weekend,False,Clear,False,0.0,False,False,0.817,Severe,14.6,57.6,459.6,0.215,0.496,0.939,Heavy congestion detected - signal timing extended and reroute suggested
EVT430337,2026-03-24 19:36:14,Political Rally,J040,City Market,16147,Weekday,False,Clear,False,0.0,False,False,0.91,Severe,11.0,68.8,441.3,0.168,0.389,0.914,Heavy congestion detected - signal timing extended and reroute suggested
EVT430338,2025-04-11 16:19:23,Political Rally,J023,Basavanagudi,17459,Weekday,False,Clear,False,0.0,False,False,0.607,High,22.4,42.7,196.3,0.125,0.288,0.985,Moderate traffic flow - standard adaptive signal timing in effect
EVT430339,2026-02-06 12:12:55,Sports Fixture,J031,Cubbon Road,20778,Weekday,False,Clear,False,0.0,False,False,0.312,Low,25.2,20.8,181.5,0.11,0.254,0.967,Moderate traffic flow - standard adaptive signal timing in effect
EVT430340,2025-07-23 15:31:01,Local Market Day,J040,City Market,2600,Weekday,False,Rain,True,7.5,False,False,0.451,Moderate,27.5,32.0,155.1,0.113,0.261,0.912,Light rain detected - minor speed reduction advised
EVT430341,2025-08-14 18:49:16,Concert,J023,Basavanagudi,13368,Weekday,False,Clear,False,0.0,False,False,1.0,Severe,8.3,73.0,525.9,0.178,0.411,0.866,Heavy congestion detected - signal timing extended and reroute suggested
EVT430342,2026-04-26 09:32:08,Sports Fixture,J030,MG Road,30571,Weekend,False,Light Rain,True,6.5,False,False,1.0,Severe,7.9,71.1,733.6,0.218,0.504,0.867,Heavy rain reducing visibility and grip - reduced speed and longer buffer advised
EVT430343,2025-05-10 12:53:49,Trade Fair,J023,Basavanagudi,8889,Weekend,False,Rain,True,20.4,False,False,0.567,High,24.7,35.2,307.4,0.236,0.545,0.913,Heavy rain reducing visibility and grip - reduced speed and longer buffer advised
EVT430344,2025-10-02 20:04:11,Cultural Procession,J020,Malleshwaram Circle,9276,Weekday,True,Rain,True,22.0,False,False,1.0,Severe,8.7,70.2,376.4,0.139,0.322,0.834,Festival crowd surge detected - alternate route and extended cycle recommended
EVT430345,2025-06-12 09:00:11,Local Market Day,J030,MG Road,2823,Weekday,False,Clear,False,0.0,False,False,1.0,Severe,7.4,73.4,697.9,0.212,0.489,0.91,Heavy congestion detected - signal timing extended and reroute suggested
EVT430346,2025-04-17 09:16:31,Trade Fair,J011,Indiranagar 100ft Road,6632,Weekday,False,Clear,False,0.0,False,False,1.0,Severe,7.7,71.2,463.9,0.166,0.383,0.934,Heavy congestion detected - signal timing extended and reroute suggested
EVT430347,2025-04-29 17:13:08,Concert,J031,Cubbon Road,15888,Weekday,False,Light Rain,True,6.6,False,False,0.976,Severe,8.8,71.6,489.8,0.179,0.413,0.875,Heavy rain reducing visibility and grip - reduced speed and longer buffer advised
EVT430348,2025-02-23 10:48:33,Sports Fixture,J023,Basavanagudi,37357,Weekend,False,Clear,False,0.0,False,False,0.711,High,18.0,56.6,293.7,0.187,0.433,0.949,Moderate traffic flow - standard adaptive signal timing in effect
EVT430349,2025-01-11 13:33:45,Trade Fair,J011,Indiranagar 100ft Road,17881,Weekend,False,Clear,False,0.0,False,False,0.368,Moderate,24.7,26.6,261.5,0.187,0.431,0.98,Moderate traffic flow - standard adaptive signal timing in effect
EVT430350,2026-04-06 15:20:35,Local Market Day,J030,MG Road,4417,Weekday,False,Clear,False,0.0,False,False,0.284,Low,23.7,15.1,202.4,0.119,0.274,0.943,Moderate traffic flow - standard adaptive signal timing in effect
EVT430351,2025-01-25 15:22:04,Trade Fair,J030,MG Road,12605,Weekend,False,Clear,False,0.0,False,False,0.306,Low,33.8,17.9,113.5,0.101,0.234,0.985,Moderate traffic flow - standard adaptive signal timing in effect
EVT430352,2025-02-10 16:58:58,Concert,J009,Majestic,15267,Weekday,False,Clear,False,0.0,False,False,0.838,Severe,11.9,59.9,320.9,0.156,0.361,0.94,Heavy congestion detected - signal timing extended and reroute suggested
EVT430353,2025-01-30 17:21:33,Local Market Day,J012,Koramangala Sony World,3682,Weekday,False,Clear,False,0.0,False,False,0.787,Severe,14.6,53.7,289.7,0.139,0.321,0.974,Heavy congestion detected - signal timing extended and reroute suggested
EVT430354,2025-12-08 20:30:44,Trade Fair,J020,Malleshwaram Circle,14862,Weekday,False,Clear,False,0.0,False,False,0.725,High,16.7,52.2,311.1,0.185,0.427,0.982,Moderate traffic flow - standard adaptive signal timing in effect
EVT430355,2026-02-16 20:14:21,Local Market Day,J011,Indiranagar 100ft Road,4670,Weekday,False,Clear,False,0.0,False,False,0.63,High,22.8,45.3,207.7,0.159,0.368,0.938,Moderate traffic flow - standard adaptive signal timing in effect
EVT430356,2026-03-26 06:08:19,Religious Festival,J023,Basavanagudi,41178,Weekday,True,Clear,False,0.0,False,False,0.683,High,18.6,52.6,305.1,0.174,0.402,0.909,Festival crowd surge detected - alternate route and extended cycle recommended
EVT430357,2026-02-05 21:46:47,Local Market Day,J020,Malleshwaram Circle,3930,Weekday,False,Clear,False,0.0,False,False,0.307,Low,29.3,19.2,109.5,0.083,0.192,0.983,Moderate traffic flow - standard adaptive signal timing in effect
EVT430358,2026-03-08 08:32:17,Trade Fair,J040,City Market,11091,Weekend,False,Clear,False,0.0,False,False,0.815,Severe,14.1,62.3,534.7,0.279,0.644,0.96,Heavy congestion detected - signal timing extended and reroute suggested
EVT430359,2026-02-17 06:22:58,Trade Fair,J012,Koramangala Sony World,14745,Weekday,False,Clear,False,0.0,False,False,0.277,Low,30.4,16.6,130.0,0.117,0.27,0.967,Moderate traffic flow - standard adaptive signal timing in effect
EVT430360,2026-01-16 10:43:25,Concert,J031,Cubbon Road,17434,Weekday,False,Clear,False,0.0,False,False,0.576,High,23.2,41.7,258.2,0.188,0.434,0.941,Moderate traffic flow - standard adaptive signal timing in effect
EVT430361,2025-02-19 12:54:13,Local Market Day,J030,MG Road,5200,Weekday,False,Clear,False,0.0,False,False,0.211,Low,31.6,10.5,100.4,0.068,0.156,0.974,Normal free-flow traffic - standard signal timing maintained
EVT430362,2025-03-27 10:26:57,Political Rally,J011,Indiranagar 100ft Road,9408,Weekday,False,Clear,False,0.0,False,False,0.745,High,13.5,51.7,234.7,0.13,0.301,0.957,Moderate traffic flow - standard adaptive signal timing in effect
EVT430363,2025-10-14 19:02:32,Concert,J020,Malleshwaram Circle,6895,Weekday,False,Clear,False,0.0,False,False,1.0,Severe,8.1,71.2,608.4,0.216,0.498,0.94,Heavy congestion detected - signal timing extended and reroute suggested
EVT430364,2026-05-31 10:13:05,Local Market Day,J031,Cubbon Road,4507,Weekend,False,Clear,False,0.0,False,False,0.609,High,17.3,46.7,156.1,0.104,0.24,0.966,Moderate traffic flow - standard adaptive signal timing in effect
EVT430365,2026-04-29 16:50:42,Sports Fixture,J040,City Market,23307,Weekday,False,Clear,False,0.0,False,False,0.766,Severe,12.5,55.6,168.1,0.074,0.172,0.975,Heavy congestion detected - signal timing extended and reroute suggested
EVT430366,2025-04-18 10:50:22,Trade Fair,J031,Cubbon Road,5662,Weekday,False,Fog,False,0.0,False,False,0.466,Moderate,25.6,34.6,140.9,0.117,0.27,0.978,Moderate traffic flow - standard adaptive signal timing in effect
EVT430367,2025-11-05 20:46:58,Trade Fair,J009,Majestic,11326,Weekday,False,Clear,False,0.0,False,False,0.557,High,23.3,41.4,87.6,0.064,0.149,0.969,Moderate traffic flow - standard adaptive signal timing in effect
EVT430368,2026-01-25 06:50:02,Concert,J030,MG Road,6243,Weekend,False,Clear,False,0.0,False,False,0.429,Moderate,29.9,32.3,140.0,0.114,0.264,0.966,Moderate traffic flow - standard adaptive signal timing in effect
EVT430369,2025-11-22 07:13:49,Political Rally,J009,Majestic,31749,Weekend,False,Rain,True,20.5,False,False,0.915,Severe,10.8,70.4,210.2,0.11,0.254,0.894,Heavy rain reducing visibility and grip - reduced speed and longer buffer advised
EVT430370,2025-04-21 08:39:05,Local Market Day,J020,Malleshwaram Circle,4015,Weekday,False,Clear,False,0.0,False,False,0.958,Severe,9.2,69.5,485.2,0.203,0.468,0.904,Heavy congestion detected - signal timing extended and reroute suggested
EVT430371,2025-09-09 17:19:44,Trade Fair,J011,Indiranagar 100ft Road,8940,Weekday,False,Clear,False,0.0,False,False,0.808,Severe,11.3,57.0,406.5,0.179,0.414,0.944,Heavy congestion detected - signal timing extended and reroute suggested
EVT430372,2026-05-31 16:16:01,Sports Fixture,J023,Basavanagudi,21254,Weekend,False,Clear,False,0.0,False,False,0.559,High,24.8,39.4,291.3,0.221,0.511,0.966,Moderate traffic flow - standard adaptive signal timing in effect
EVT430373,2025-12-13 07:30:49,Local Market Day,J040,City Market,3255,Weekend,False,Clear,False,0.0,False,False,0.544,Moderate,19.1,39.1,110.7,0.065,0.15,0.964,Moderate traffic flow - standard adaptive signal timing in effect
EVT430374,2026-01-13 06:03:55,Trade Fair,J012,Koramangala Sony World,8217,Weekday,False,Clear,False,0.0,False,False,0.307,Low,30.8,19.7,122.9,0.098,0.227,0.983,Moderate traffic flow - standard adaptive signal timing in effect
EVT430375,2026-04-14 11:14:52,Religious Festival,J040,City Market,26471,Weekday,True,Clear,False,0.0,False,False,0.678,High,15.8,50.6,299.3,0.169,0.391,0.938,Festival crowd surge detected - alternate route and extended cycle recommended
EVT430376,2026-06-19 06:35:40,Local Market Day,J011,Indiranagar 100ft Road,4050,Weekday,False,Heavy Rain,True,35.6,False,False,0.693,High,14.9,48.8,306.9,0.171,0.395,0.925,Heavy rain reducing visibility and grip - reduced speed and longer buffer advised
EVT430377,2025-04-19 17:03:51,Sports Fixture,J011,Indiranagar 100ft Road,46027,Weekend,False,Clear,False,0.0,False,False,0.899,Severe,11.2,62.0,364.5,0.162,0.374,0.93,Heavy congestion detected - signal timing extended and reroute suggested
EVT430378,2025-06-23 09:21:43,Political Rally,J040,City Market,17555,Weekday,False,Rain,True,16.0,False,False,1.0,Severe,7.8,74.6,216.7,0.091,0.211,0.858,Heavy rain reducing visibility and grip - reduced speed and longer buffer advised
EVT430379,2025-04-09 21:54:55,Concert,J009,Majestic,9423,Weekday,False,Clear,False,0.0,False,False,0.234,Low,34.5,11.8,108.7,0.135,0.312,0.977,Normal free-flow traffic - standard signal timing maintained
EVT430380,2025-01-08 08:32:23,Sports Fixture,J023,Basavanagudi,21017,Weekday,False,Clear,False,0.0,False,False,1.0,Severe,9.0,70.6,605.3,0.211,0.488,0.907,Heavy congestion detected - signal timing extended and reroute suggested
EVT430381,2025-05-21 08:36:48,Local Market Day,J023,Basavanagudi,4111,Weekday,False,Clear,False,0.0,False,False,1.0,Severe,9.0,70.2,413.9,0.144,0.332,0.921,Heavy congestion detected - signal timing extended and reroute suggested
EVT430382,2025-08-18 12:36:29,Trade Fair,J040,City Market,5082,Weekday,False,Clear,False,0.0,False,False,0.234,Low,33.4,17.7,168.5,0.135,0.311,0.972,Normal free-flow traffic - standard signal timing maintained
EVT430383,2026-02-12 13:16:59,Sports Fixture,J031,Cubbon Road,56009,Weekday,False,Clear,False,0.0,False,False,0.478,Moderate,16.9,34.9,336.3,0.175,0.405,0.96,Moderate traffic flow - standard adaptive signal timing in effect
EVT430384,2026-02-12 11:18:28,Concert,J023,Basavanagudi,15320,Weekday,False,Clear,False,0.0,False,False,0.386,Moderate,23.8,33.1,214.7,0.14,0.324,0.973,Moderate traffic flow - standard adaptive signal timing in effect
EVT430385,2025-07-19 18:52:22,Local Market Day,J011,Indiranagar 100ft Road,3828,Weekend,False,Heavy Rain,True,51.1,False,False,1.0,Severe,7.5,73.2,649.1,0.211,0.488,0.852,Heavy rain reducing visibility and grip - reduced speed and longer buffer advised
EVT430386,2026-03-17 14:22:58,Trade Fair,J011,Indiranagar 100ft Road,10975,Weekday,False,Clear,False,0.0,False,False,0.211,Low,38.0,15.9,89.8,0.088,0.204,0.966,Normal free-flow traffic - standard signal timing maintained
EVT430387,2026-01-18 13:43:15,Local Market Day,J031,Cubbon Road,2978,Weekend,False,Light Rain,True,2.0,False,False,0.329,Low,27.3,25.0,226.1,0.183,0.423,0.933,Light rain detected - minor speed reduction advised
EVT430388,2025-10-14 12:32:02,Local Market Day,J009,Majestic,2190,Weekday,False,Fog,False,0.0,False,False,0.173,Low,35.3,10.0,69.7,0.049,0.113,0.961,Normal free-flow traffic - standard signal timing maintained
EVT430389,2026-05-14 12:49:15,Trade Fair,J040,City Market,15888,Weekday,False,Rain,True,19.8,False,False,0.442,Moderate,27.8,28.5,196.1,0.161,0.372,0.919,Light rain detected - minor speed reduction advised
EVT430390,2025-05-28 13:18:34,Local Market Day,J011,Indiranagar 100ft Road,5289,Weekday,False,Clear,False,0.0,False,False,0.191,Low,31.5,14.9,186.4,0.143,0.329,0.952,Normal free-flow traffic - standard signal timing maintained
EVT430391,2025-03-20 19:52:27,Local Market Day,J023,Basavanagudi,4338,Weekday,False,Clear,False,0.0,False,False,0.807,Severe,16.1,57.0,249.6,0.116,0.269,0.955,Heavy congestion detected - signal timing extended and reroute suggested
EVT430392,2025-01-29 12:06:55,Concert,J012,Koramangala Sony World,11083,Weekday,False,Clear,False,0.0,False,False,0.285,Low,28.0,19.8,170.6,0.14,0.323,0.966,Moderate traffic flow - standard adaptive signal timing in effect
EVT430393,2025-05-11 15:30:00,Local Market Day,J030,MG Road,3095,Weekend,False,Light Rain,True,3.8,False,False,0.417,Moderate,26.6,31.3,139.0,0.104,0.24,0.901,Light rain detected - minor speed reduction advised
EVT430394,2025-04-12 16:21:33,Local Market Day,J011,Indiranagar 100ft Road,2612,Weekend,False,Light Rain,True,4.9,False,False,0.546,Moderate,26.1,44.4,128.2,0.097,0.224,0.906,Light rain detected - minor speed reduction advised
EVT430395,2026-04-27 05:31:00,Trade Fair,J040,City Market,12391,Weekday,False,Clear,False,0.0,False,False,0.288,Low,32.3,19.0,131.6,0.115,0.266,0.99,Moderate traffic flow - standard adaptive signal timing in effect
EVT430396,2025-07-29 10:11:07,Sports Fixture,J031,Cubbon Road,36455,Weekday,False,Rain,True,8.7,False,False,1.0,Severe,8.3,71.2,418.8,0.162,0.375,0.868,Heavy rain reducing visibility and grip - reduced speed and longer buffer advised
EVT430397,2025-01-12 08:12:20,Local Market Day,J012,Koramangala Sony World,3007,Weekend,False,Clear,False,0.0,False,False,0.677,High,21.5,50.2,268.7,0.184,0.426,0.96,Moderate traffic flow - standard adaptive signal timing in effect
EVT430398,2026-02-12 19:02:44,Concert,J009,Majestic,16021,Weekday,False,Clear,False,0.0,False,False,1.0,Severe,6.7,73.0,620.2,0.189,0.436,0.912,Heavy congestion detected - signal timing extended and reroute suggested
EVT430399,2025-12-16 09:12:56,Political Rally,J020,Malleshwaram Circle,23375,Weekday,False,Clear,False,0.0,False,False,1.0,Severe,5.8,75.6,1153.3,0.275,0.634,0.906,Heavy congestion detected - signal timing extended and reroute suggested
EVT430400,2026-05-30 19:02:00,Sports Fixture,J031,Cubbon Road,31854,Weekend,False,Fog,False,0.0,False,False,1.0,Severe,10.7,74.1,178.1,0.091,0.21,0.924,Heavy congestion detected - signal timing extended and reroute suggested
EVT430401,2026-05-24 15:28:47,Sports Fixture,J020,Malleshwaram Circle,18865,Weekend,False,Clear,False,0.0,False,False,0.424,Moderate,24.6,33.1,139.2,0.09,0.207,0.967,Moderate traffic flow - standard adaptive signal timing in effect
EVT430402,2025-05-31 07:49:47,Local Market Day,J009,Majestic,2606,Weekend,False,Clear,False,0.0,False,False,0.722,High,19.6,50.4,168.3,0.109,0.252,0.973,Moderate traffic flow - standard adaptive signal timing in effect
EVT430403,2026-02-02 09:38:11,Concert,J020,Malleshwaram Circle,13177,Weekday,False,Clear,False,0.0,False,False,0.932,Severe,9.4,66.9,300.7,0.129,0.299,0.923,Heavy congestion detected - signal timing extended and reroute suggested
EVT430404,2025-08-12 08:44:52,Sports Fixture,J031,Cubbon Road,11837,Weekday,False,Clear,False,0.0,False,False,1.0,Severe,9.7,67.3,520.6,0.186,0.43,0.921,Heavy congestion detected - signal timing extended and reroute suggested
EVT430405,2025-05-20 12:54:40,Concert,J023,Basavanagudi,16727,Weekday,False,Clear,False,0.0,False,False,0.261,Low,31.5,15.9,121.8,0.105,0.242,0.971,Moderate traffic flow - standard adaptive signal timing in effect
EVT430406,2025-03-02 06:53:49,Sports Fixture,J020,Malleshwaram Circle,16841,Weekend,False,Clear,False,0.0,False,False,0.534,Moderate,22.1,44.6,218.7,0.145,0.335,0.957,Moderate traffic flow - standard adaptive signal timing in effect
EVT430407,2025-12-06 09:43:23,Local Market Day,J020,Malleshwaram Circle,3047,Weekend,False,Clear,False,0.0,False,False,0.781,Severe,16.8,56.6,373.8,0.239,0.553,0.954,Heavy congestion detected - signal timing extended and reroute suggested
EVT430408,2026-05-20 18:13:40,Local Market Day,J012,Koramangala Sony World,3255,Weekday,False,Clear,False,0.0,False,False,1.0,Severe,8.8,74.8,248.6,0.087,0.202,0.906,Heavy congestion detected - signal timing extended and reroute suggested
EVT430409,2026-05-14 11:22:06,Local Market Day,J023,Basavanagudi,3184,Weekday,False,Clear,False,0.0,False,False,0.321,Low,25.6,20.6,248.8,0.166,0.384,0.971,Moderate traffic flow - standard adaptive signal timing in effect
EVT430410,2026-05-30 16:09:16,Trade Fair,J030,MG Road,17588,Weekend,False,Light Rain,True,6.0,False,False,0.591,High,22.9,40.8,318.9,0.231,0.533,0.918,Heavy rain reducing visibility and grip - reduced speed and longer buffer advised
EVT430411,2026-03-25 19:00:13,Concert,J020,Malleshwaram Circle,8764,Weekday,False,Clear,False,0.0,False,False,1.0,Severe,9.9,72.7,625.2,0.266,0.614,0.898,Heavy congestion detected - signal timing extended and reroute suggested
EVT430412,2025-07-24 10:36:14,Trade Fair,J030,MG Road,9456,Weekday,False,Heavy Rain,True,39.0,False,False,0.997,Severe,9.9,73.8,282.5,0.114,0.264,0.853,Heavy rain reducing visibility and grip - reduced speed and longer buffer advised
EVT430413,2025-01-15 07:02:07,Religious Festival,J011,Indiranagar 100ft Road,39697,Weekday,True,Clear,False,0.0,False,False,0.847,Severe,14.5,66.2,286.2,0.155,0.357,0.916,Festival crowd surge detected - alternate route and extended cycle recommended
EVT430414,2025-01-18 11:08:59,Local Market Day,J040,City Market,5409,Weekend,False,Clear,False,0.0,False,False,0.422,Moderate,35.8,27.1,118.3,0.123,0.284,0.987,Moderate traffic flow - standard adaptive signal timing in effect
EVT430415,2026-04-23 20:06:00,Trade Fair,J023,Basavanagudi,10315,Weekday,False,Clear,False,0.0,False,False,0.753,Severe,16.4,49.8,325.8,0.204,0.472,0.967,Heavy congestion detected - signal timing extended and reroute suggested
EVT430416,2026-01-27 09:18:49,Fireworks Display,J012,Koramangala Sony World,30001,Weekday,True,Clear,False,0.0,False,False,1.0,Severe,9.5,71.2,360.6,0.164,0.38,0.862,Festival crowd surge detected - alternate route and extended cycle recommended
EVT430417,2025-04-23 14:30:23,Sports Fixture,J023,Basavanagudi,24773,Weekday,False,Clear,False,0.0,False,False,0.383,Moderate,24.2,25.2,211.6,0.132,0.306,0.966,Moderate traffic flow - standard adaptive signal timing in effect
EVT430418,2025-05-15 17:46:48,Local Market Day,J011,Indiranagar 100ft Road,4366,Weekday,False,Rain,True,9.1,False,False,1.0,Severe,11.1,70.9,623.2,0.266,0.614,0.841,Heavy rain reducing visibility and grip - reduced speed and longer buffer advised
EVT430419,2025-12-10 09:02:43,Local Market Day,J040,City Market,3857,Weekday,False,Clear,False,0.0,False,False,1.0,Severe,9.2,72.1,301.7,0.128,0.295,0.924,Heavy congestion detected - signal timing extended and reroute suggested
EVT430420,2025-10-17 19:54:38,Sports Fixture,J030,MG Road,16767,Weekday,False,Rain,True,22.8,False,False,1.0,Severe,8.1,73.1,432.0,0.151,0.349,0.877,Heavy rain reducing visibility and grip - reduced speed and longer buffer advised
EVT430421,2026-02-01 16:10:51,Sports Fixture,J012,Koramangala Sony World,19469,Weekend,False,Clear,False,0.0,False,False,0.608,High,18.4,40.8,327.6,0.182,0.421,0.946,Moderate traffic flow - standard adaptive signal timing in effect
EVT430422,2025-04-03 16:14:05,Sports Fixture,J040,City Market,16357,Weekday,False,Clear,False,0.0,False,False,0.555,High,21.4,38.9,207.3,0.119,0.276,0.957,Moderate traffic flow - standard adaptive signal timing in effect
EVT430423,2025-03-19 11:14:18,Sports Fixture,J012,Koramangala Sony World,23211,Weekday,False,Clear,False,0.0,False,False,0.439,Moderate,25.5,26.7,98.4,0.069,0.16,0.98,Moderate traffic flow - standard adaptive signal timing in effect
EVT430424,2025-11-01 09:31:18,Cultural Procession,J020,Malleshwaram Circle,21359,Weekend,True,Clear,False,0.0,False,True,1.0,Severe,6.2,105.0,1160.7,0.285,0.658,0.858,Road closure for event/procession - full detour recommended for through-traffic
EVT430425,2025-06-11 11:51:25,Sports Fixture,J031,Cubbon Road,18414,Weekday,False,Clear,False,0.0,False,False,0.34,Low,28.3,27.8,183.1,0.146,0.338,0.967,Moderate traffic flow - standard adaptive signal timing in effect
EVT430426,2025-03-23 12:37:26,Concert,J023,Basavanagudi,21610,Weekend,False,Clear,False,0.0,False,False,0.368,Moderate,21.9,24.8,196.6,0.11,0.255,0.953,Moderate traffic flow - standard adaptive signal timing in effect
EVT430427,2026-06-15 18:03:12,Local Market Day,J031,Cubbon Road,3690,Weekday,False,Rain,True,12.2,False,False,1.0,Severe,8.7,73.4,368.4,0.141,0.325,0.869,Heavy rain reducing visibility and grip - reduced speed and longer buffer advised
EVT430428,2026-05-29 11:05:05,Sports Fixture,J030,MG Road,13283,Weekday,False,Clear,False,0.0,False,False,0.439,Moderate,31.0,27.5,83.0,0.072,0.166,0.964,Moderate traffic flow - standard adaptive signal timing in effect
EVT430429,2025-01-21 17:57:41,Trade Fair,J011,Indiranagar 100ft Road,6089,Weekday,False,Clear,False,0.0,False,False,1.0,Severe,10.5,73.6,515.0,0.21,0.486,0.903,Heavy congestion detected - signal timing extended and reroute suggested
EVT430430,2025-11-30 11:59:17,Concert,J012,Koramangala Sony World,7812,Weekend,False,Clear,False,0.0,False,False,0.294,Low,37.2,20.9,128.1,0.129,0.299,0.963,Moderate traffic flow - standard adaptive signal timing in effect
EVT430431,2025-06-04 14:25:12,Local Market Day,J011,Indiranagar 100ft Road,2842,Weekday,False,Clear,False,0.0,False,False,0.227,Low,26.3,21.7,218.8,0.136,0.313,0.952,Normal free-flow traffic - standard signal timing maintained
EVT430432,2025-10-03 16:25:03,Fireworks Display,J020,Malleshwaram Circle,23290,Weekday,True,Clear,False,0.0,False,False,0.913,Severe,7.4,67.1,854.1,0.246,0.569,0.892,Festival crowd surge detected - alternate route and extended cycle recommended
EVT430433,2025-07-21 17:12:27,Sports Fixture,J009,Majestic,13349,Weekday,False,Clear,False,0.0,False,False,0.825,Severe,15.0,63.3,443.2,0.261,0.603,0.964,Heavy congestion detected - signal timing extended and reroute suggested
EVT430434,2025-09-12 13:44:41,Concert,J011,Indiranagar 100ft Road,15278,Weekday,False,Rain,True,24.4,False,False,0.441,Moderate,25.0,39.8,207.1,0.141,0.327,0.9,Light rain detected - minor speed reduction advised
EVT430435,2025-11-15 18:10:48,Political Rally,J009,Majestic,16632,Weekend,False,Clear,False,0.0,False,False,0.999,Severe,7.0,66.1,585.9,0.158,0.364,0.945,Heavy congestion detected - signal timing extended and reroute suggested
EVT430436,2025-07-09 16:22:19,Trade Fair,J031,Cubbon Road,15403,Weekday,False,Clear,False,0.0,False,False,0.613,High,20.6,42.0,221.2,0.131,0.303,0.969,Moderate traffic flow - standard adaptive signal timing in effect
EVT430437,2026-01-14 05:12:07,Religious Festival,J020,Malleshwaram Circle,38794,Weekday,True,Clear,False,0.0,False,False,0.578,High,27.4,41.2,168.4,0.133,0.306,0.936,Festival crowd surge detected - alternate route and extended cycle recommended
EVT430438,2026-02-14 19:50:02,Concert,J030,MG Road,20400,Weekend,False,Clear,False,0.0,False,False,0.822,Severe,11.7,55.8,259.5,0.124,0.286,0.932,Heavy congestion detected - signal timing extended and reroute suggested
EVT430439,2025-09-26 08:14:56,Local Market Day,J009,Majestic,3120,Weekday,False,Clear,False,0.0,False,False,0.962,Severe,9.6,66.1,432.8,0.166,0.383,0.918,Heavy congestion detected - signal timing extended and reroute suggested
EVT430440,2026-06-05 19:54:20,Local Market Day,J030,MG Road,4597,Weekday,False,Heavy Rain,True,50.8,False,False,1.0,Severe,6.2,72.5,295.5,0.079,0.182,0.876,Heavy rain reducing visibility and grip - reduced speed and longer buffer advised
EVT430441,2025-01-26 09:47:22,Fireworks Display,J009,Majestic,26573,Weekend,True,Clear,False,0.0,False,False,1.0,Severe,9.3,69.3,491.1,0.203,0.468,0.867,Festival crowd surge detected - alternate route and extended cycle recommended
EVT430442,2026-01-02 14:36:25,Cultural Procession,J030,MG Road,9767,Weekday,True,Clear,False,0.0,False,True,0.668,Moderate,16.7,71.8,318.7,0.18,0.416,0.889,Road closure for event/procession - full detour recommended for through-traffic
EVT430443,2025-11-17 16:29:32,Political Rally,J023,Basavanagudi,20004,Weekday,False,Clear,False,0.0,False,False,0.684,High,17.8,41.9,250.2,0.14,0.322,0.968,Moderate traffic flow - standard adaptive signal timing in effect
EVT430444,2025-04-24 11:00:45,Sports Fixture,J009,Majestic,20261,Weekday,False,Clear,False,0.0,False,False,0.572,High,23.6,46.9,175.5,0.127,0.293,0.983,Moderate traffic flow - standard adaptive signal timing in effect
EVT430445,2025-09-20 19:47:52,Concert,J031,Cubbon Road,8242,Weekend,False,Light Rain,True,3.6,False,False,0.814,Severe,19.4,61.3,214.3,0.151,0.349,0.936,Heavy rain reducing visibility and grip - reduced speed and longer buffer advised
EVT430446,2026-01-22 08:59:37,Local Market Day,J012,Koramangala Sony World,5049,Weekday,False,Light Rain,True,4.0,False,False,1.0,Severe,7.6,70.6,773.6,0.242,0.56,0.853,Heavy rain reducing visibility and grip - reduced speed and longer buffer advised
EVT430447,2026-04-03 16:46:22,Local Market Day,J020,Malleshwaram Circle,6030,Weekday,False,Clear,False,0.0,False,False,0.766,Severe,13.5,50.1,396.0,0.186,0.429,0.951,Heavy congestion detected - signal timing extended and reroute suggested
EVT430448,2025-08-10 09:04:35,Trade Fair,J023,Basavanagudi,10555,Weekend,False,Clear,False,0.0,False,False,0.872,Severe,13.4,61.5,277.7,0.124,0.287,0.951,Heavy congestion detected - signal timing extended and reroute suggested
EVT430449,2025-01-27 08:20:06,Cultural Procession,J031,Cubbon Road,20456,Weekday,True,Clear,False,0.0,False,True,1.0,Severe,8.0,103.5,679.7,0.23,0.532,0.833,Road closure for event/procession - full detour recommended for through-traffic
EVT430450,2026-04-28 19:59:33,Trade Fair,J040,City Market,7991,Weekday,False,Clear,False,0.0,False,False,0.839,Severe,12.1,64.3,391.4,0.193,0.446,0.935,Heavy congestion detected - signal timing extended and reroute suggested
EVT430451,2025-09-06 19:27:36,Religious Festival,J023,Basavanagudi,38096,Weekend,True,Clear,False,0.0,False,True,1.0,Severe,8.8,100.8,224.2,0.079,0.183,0.819,Road closure for event/procession - full detour recommended for through-traffic
EVT430452,2026-05-26 15:21:32,Trade Fair,J023,Basavanagudi,7504,Weekday,False,Rain,True,9.7,False,False,0.46,Moderate,22.0,36.5,255.6,0.149,0.344,0.93,Light rain detected - minor speed reduction advised
EVT430453,2026-03-27 17:08:45,Cultural Procession,J023,Basavanagudi,25368,Weekday,True,Fog,False,0.0,False,True,1.0,Severe,6.4,103.0,640.4,0.176,0.406,0.82,Road closure for event/procession - full detour recommended for through-traffic
EVT430454,2026-03-17 09:35:42,Sports Fixture,J011,Indiranagar 100ft Road,29505,Weekday,False,Clear,False,0.0,False,False,1.0,Severe,7.4,75.6,934.7,0.305,0.705,0.91,Heavy congestion detected - signal timing extended and reroute suggested
EVT430455,2026-01-11 09:10:18,Trade Fair,J030,MG Road,10948,Weekend,False,Clear,False,0.0,False,False,0.911,Severe,11.5,59.4,446.0,0.198,0.457,0.923,Heavy congestion detected - signal timing extended and reroute suggested
EVT430456,2025-06-23 18:38:48,Local Market Day,J012,Koramangala Sony World,2358,Weekday,False,Rain,True,19.6,False,False,1.0,Severe,9.6,71.6,351.8,0.128,0.296,0.89,Heavy rain reducing visibility and grip - reduced speed and longer buffer advised
EVT430457,2025-07-23 07:40:36,Local Market Day,J011,Indiranagar 100ft Road,4760,Weekday,False,Heavy Rain,True,75.6,False,False,1.0,Severe,6.2,74.1,829.0,0.236,0.545,0.856,Heavy rain reducing visibility and grip - reduced speed and longer buffer advised
EVT430458,2025-01-05 17:28:53,Sports Fixture,J030,MG Road,20281,Weekend,False,Clear,False,0.0,False,False,0.804,Severe,16.6,55.1,349.6,0.239,0.553,0.965,Heavy congestion detected - signal timing extended and reroute suggested
EVT430459,2026-02-08 19:01:33,Concert,J031,Cubbon Road,6267,Weekend,False,Clear,False,0.0,False,False,0.846,Severe,13.9,58.7,418.5,0.237,0.547,0.97,Heavy congestion detected - signal timing extended and reroute suggested
EVT430460,2025-05-26 14:52:29,Concert,J011,Indiranagar 100ft Road,5006,Weekday,False,Clear,False,0.0,False,False,0.185,Low,32.8,11.6,140.3,0.09,0.209,0.941,Normal free-flow traffic - standard signal timing maintained
EVT430461,2025-10-07 08:43:34,Political Rally,J009,Majestic,17698,Weekday,False,Rain,True,14.2,False,False,1.0,Severe,8.6,74.6,507.8,0.179,0.413,0.867,Heavy rain reducing visibility and grip - reduced speed and longer buffer advised
EVT430462,2025-04-01 10:19:30,Concert,J020,Malleshwaram Circle,21623,Weekday,False,Light Rain,True,5.6,False,False,0.926,Severe,10.6,67.1,302.0,0.12,0.277,0.883,Heavy rain reducing visibility and grip - reduced speed and longer buffer advised
EVT430463,2025-08-31 17:49:15,Political Rally,J011,Indiranagar 100ft Road,15059,Weekend,False,Clear,False,0.0,False,False,0.902,Severe,11.3,69.8,573.3,0.25,0.578,0.946,Heavy congestion detected - signal timing extended and reroute suggested
EVT430464,2025-01-12 05:36:03,Sports Fixture,J011,Indiranagar 100ft Road,15283,Weekend,False,Clear,False,0.0,False,False,0.39,Moderate,26.1,30.3,180.8,0.143,0.331,0.934,Moderate traffic flow - standard adaptive signal timing in effect
EVT430465,2025-10-31 18:33:23,Sports Fixture,J009,Majestic,27205,Weekday,False,Clear,False,0.0,False,False,1.0,Severe,7.3,74.6,594.5,0.191,0.441,0.899,Heavy congestion detected - signal timing extended and reroute suggested
EVT430466,2025-09-08 17:16:39,Sports Fixture,J011,Indiranagar 100ft Road,62528,Weekday,False,Rain,True,18.1,False,False,1.0,Severe,9.0,71.2,187.1,0.099,0.228,0.855,Heavy rain reducing visibility and grip - reduced speed and longer buffer advised
EVT430467,2025-12-13 15:16:57,Concert,J012,Koramangala Sony World,20885,Weekend,False,Clear,False,0.0,False,False,0.454,Moderate,22.7,33.4,267.8,0.184,0.426,0.944,Moderate traffic flow - standard adaptive signal timing in effect
EVT430468,2025-12-13 16:34:19,Concert,J040,City Market,8190,Weekend,False,Clear,False,0.0,False,False,0.653,High,17.4,43.7,269.2,0.157,0.363,0.984,Moderate traffic flow - standard adaptive signal timing in effect
EVT430469,2026-01-26 14:20:56,Religious Festival,J011,Indiranagar 100ft Road,57404,Weekday,True,Clear,False,0.0,False,True,0.938,Severe,8.9,89.7,438.1,0.172,0.396,0.847,Road closure for event/procession - full detour recommended for through-traffic
EVT430470,2025-05-07 17:38:51,Sports Fixture,J011,Indiranagar 100ft Road,21294,Weekday,False,Rain,True,18.2,False,False,1.0,Severe,7.9,69.5,634.9,0.218,0.503,0.878,Heavy rain reducing visibility and grip - reduced speed and longer buffer advised
EVT430471,2025-06-23 07:41:06,Local Market Day,J031,Cubbon Road,5491,Weekday,False,Rain,True,8.0,False,False,0.843,Severe,13.3,57.0,336.7,0.182,0.42,0.892,Heavy rain reducing visibility and grip - reduced speed and longer buffer advised
EVT430472,2025-10-29 19:08:26,Sports Fixture,J011,Indiranagar 100ft Road,13386,Weekday,False,Heavy Rain,True,34.5,False,False,1.0,Severe,9.2,77.9,319.2,0.124,0.287,0.868,Heavy rain reducing visibility and grip - reduced speed and longer buffer advised
EVT430473,2025-03-26 18:01:58,Local Market Day,J011,Indiranagar 100ft Road,5765,Weekday,False,Clear,False,0.0,False,False,1.0,Severe,7.7,72.4,707.6,0.223,0.516,0.945,Heavy congestion detected - signal timing extended and reroute suggested
EVT430474,2026-03-23 16:41:12,Local Market Day,J012,Koramangala Sony World,2090,Weekday,False,Clear,False,0.0,False,False,0.626,High,18.2,40.1,345.7,0.2,0.462,0.939,Moderate traffic flow - standard adaptive signal timing in effect
EVT430475,2026-01-26 16:47:30,Fireworks Display,J020,Malleshwaram Circle,34626,Weekday,True,Clear,False,0.0,False,False,1.0,Severe,8.5,68.1,499.6,0.16,0.37,0.872,Festival crowd surge detected - alternate route and extended cycle recommended
EVT430476,2025-07-11 20:29:46,Sports Fixture,J020,Malleshwaram Circle,28915,Weekday,False,Clear,False,0.0,False,False,0.631,High,18.8,44.8,375.2,0.235,0.543,0.968,Moderate traffic flow - standard adaptive signal timing in effect
EVT430477,2025-04-29 17:58:14,Concert,J030,MG Road,8641,Weekday,False,Clear,False,0.0,False,False,1.0,Severe,8.2,68.0,422.9,0.155,0.358,0.91,Heavy congestion detected - signal timing extended and reroute suggested
EVT430478,2025-11-11 06:56:34,Local Market Day,J040,City Market,3166,Weekday,False,Clear,False,0.0,False,False,0.444,Moderate,24.1,28.7,174.6,0.135,0.313,0.954,Moderate traffic flow - standard adaptive signal timing in effect
EVT430479,2025-01-08 11:15:57,Sports Fixture,J012,Koramangala Sony World,27582,Weekday,False,Clear,False,0.0,False,False,0.555,High,14.7,39.7,254.9,0.108,0.249,0.964,Moderate traffic flow - standard adaptive signal timing in effect
EVT430480,2025-09-28 10:18:20,Political Rally,J023,Basavanagudi,11510,Weekend,False,Clear,False,0.0,False,False,0.709,High,17.2,49.5,153.9,0.08,0.184,0.966,Moderate traffic flow - standard adaptive signal timing in effect
EVT430481,2026-01-23 19:03:36,Local Market Day,J009,Majestic,2106,Weekday,False,Clear,False,0.0,False,False,0.999,Severe,8.7,63.6,755.4,0.277,0.64,0.924,Heavy congestion detected - signal timing extended and reroute suggested
EVT430482,2025-03-03 09:37:41,Trade Fair,J011,Indiranagar 100ft Road,15307,Weekday,False,Clear,False,0.0,False,False,1.0,Severe,7.4,75.1,722.3,0.228,0.526,0.927,Heavy congestion detected - signal timing extended and reroute suggested
EVT430483,2025-01-13 08:24:36,Trade Fair,J023,Basavanagudi,10847,Weekday,False,Clear,False,0.0,False,False,0.983,Severe,10.7,69.0,341.7,0.139,0.322,0.927,Heavy congestion detected - signal timing extended and reroute suggested
EVT430484,2026-06-02 17:28:42,Sports Fixture,J040,City Market,16767,Weekday,False,Clear,False,0.0,False,False,0.85,Severe,11.5,64.2,352.9,0.153,0.354,0.946,Heavy congestion detected - signal timing extended and reroute suggested
EVT430485,2026-04-08 18:20:34,Concert,J030,MG Road,18616,Weekday,False,Clear,False,0.0,False,False,1.0,Severe,6.6,72.1,779.7,0.23,0.531,0.915,Heavy congestion detected - signal timing extended and reroute suggested
EVT430486,2025-06-27 14:00:00,Sports Fixture,J011,Indiranagar 100ft Road,20121,Weekday,False,Clear,False,0.0,False,False,0.309,Low,23.0,20.9,203.2,0.116,0.268,0.986,Moderate traffic flow - standard adaptive signal timing in effect
EVT430487,2026-04-22 13:05:06,Local Market Day,J040,City Market,4831,Weekday,False,Clear,False,0.0,False,False,0.17,Low,34.2,13.6,90.1,0.09,0.208,0.955,Normal free-flow traffic - standard signal timing maintained
EVT430488,2026-03-19 17:09:32,Religious Festival,J031,Cubbon Road,34849,Weekday,True,Clear,False,0.0,False,False,1.0,Severe,7.8,75.7,569.9,0.184,0.424,0.87,Festival crowd surge detected - alternate route and extended cycle recommended
EVT430489,2025-06-08 18:00:28,Sports Fixture,J040,City Market,29936,Weekend,False,Clear,False,0.0,False,False,0.971,Severe,9.3,70.8,709.4,0.257,0.593,0.934,Heavy congestion detected - signal timing extended and reroute suggested
EVT430490,2025-08-27 12:03:29,Religious Festival,J031,Cubbon Road,57974,Weekday,True,Heavy Rain,True,33.6,False,True,1.0,Severe,8.8,101.7,439.7,0.154,0.356,0.769,Road closure for event/procession - full detour recommended for through-traffic
EVT430491,2025-08-27 08:10:13,Fireworks Display,J023,Basavanagudi,23349,Weekday,True,Clear,False,0.0,False,False,1.0,Severe,9.8,76.3,566.9,0.229,0.529,0.866,Festival crowd surge detected - alternate route and extended cycle recommended
EVT430492,2025-09-06 09:31:47,Religious Festival,J030,MG Road,29003,Weekend,True,Clear,False,0.0,False,False,1.0,Severe,7.1,69.4,256.4,0.098,0.227,0.87,Festival crowd surge detected - alternate route and extended cycle recommended
EVT430493,2025-02-13 06:44:14,Sports Fixture,J040,City Market,33545,Weekday,False,Clear,False,0.0,False,False,0.606,High,22.8,43.7,187.7,0.127,0.294,0.984,Moderate traffic flow - standard adaptive signal timing in effect
EVT430494,2025-10-20 12:33:31,Fireworks Display,J030,MG Road,19485,Weekday,True,Rain,True,10.8,False,False,0.666,High,18.3,40.8,271.3,0.153,0.354,0.832,Festival crowd surge detected - alternate route and extended cycle recommended
EVT430495,2025-08-23 15:06:23,Local Market Day,J031,Cubbon Road,6566,Weekend,False,Clear,False,0.0,False,False,0.358,Moderate,34.7,22.5,158.3,0.134,0.31,0.958,Moderate traffic flow - standard adaptive signal timing in effect
EVT430496,2025-12-25 18:08:27,Cultural Procession,J012,Koramangala Sony World,19543,Weekday,True,Clear,False,0.0,False,True,1.0,Severe,9.4,110.2,449.3,0.201,0.465,0.836,Road closure for event/procession - full detour recommended for through-traffic
EVT430497,2025-07-23 10:06:51,Local Market Day,J023,Basavanagudi,2450,Weekday,False,Rain,True,15.0,False,False,0.8,Severe,10.1,58.2,499.6,0.195,0.451,0.922,Heavy rain reducing visibility and grip - reduced speed and longer buffer advised
EVT430498,2025-07-03 15:33:32,Concert,J031,Cubbon Road,22546,Weekday,False,Rain,True,17.8,False,False,0.692,High,21.7,58.7,183.5,0.132,0.305,0.899,Heavy rain reducing visibility and grip - reduced speed and longer buffer advised
EVT430499,2026-02-10 21:33:43,Concert,J009,Majestic,10514,Weekday,False,Clear,False,0.0,False,False,0.392,Moderate,29.7,30.2,109.2,0.093,0.215,0.977,Moderate traffic flow - standard adaptive signal timing in effect
EVT430500,2026-04-02 13:42:10,Local Market Day,J031,Cubbon Road,3443,Weekday,False,Rain,True,8.8,False,False,0.317,Low,31.2,27.5,125.6,0.104,0.241,0.921,Light rain detected - minor speed reduction advised
EVT430501,2025-08-14 08:17:15,Trade Fair,J020,Malleshwaram Circle,6518,Weekday,False,Clear,False,0.0,False,False,0.913,Severe,11.1,61.1,410.7,0.166,0.383,0.93,Heavy congestion detected - signal timing extended and reroute suggested
EVT430502,2025-02-10 19:12:09,Sports Fixture,J023,Basavanagudi,29577,Weekday,False,Clear,False,0.0,False,False,1.0,Severe,7.1,71.5,730.1,0.224,0.517,0.916,Heavy congestion detected - signal timing extended and reroute suggested
EVT430503,2025-05-23 14:13:26,Local Market Day,J020,Malleshwaram Circle,7585,Weekday,False,Clear,False,0.0,False,False,0.222,Low,38.8,14.9,182.0,0.172,0.398,0.957,Normal free-flow traffic - standard signal timing maintained
EVT430504,2025-01-18 17:00:46,Trade Fair,J011,Indiranagar 100ft Road,7030,Weekend,False,Clear,False,0.0,False,False,0.701,High,16.6,49.1,311.5,0.182,0.42,0.951,Moderate traffic flow - standard adaptive signal timing in effect
EVT430505,2025-12-29 23:51:46,Local Market Day,J023,Basavanagudi,2951,Weekday,False,Clear,False,0.0,False,False,0.15,Low,34.3,11.0,174.4,0.144,0.333,0.986,Normal free-flow traffic - standard signal timing maintained
EVT430506,2025-08-09 15:32:36,Trade Fair,J020,Malleshwaram Circle,7208,Weekend,False,Heavy Rain,True,67.5,False,False,0.784,Severe,15.3,52.8,185.6,0.101,0.233,0.92,Heavy rain reducing visibility and grip - reduced speed and longer buffer advised
EVT430507,2025-08-08 19:12:19,Political Rally,J031,Cubbon Road,13659,Weekday,False,Clear,False,0.0,False,False,1.0,Severe,6.5,73.1,873.6,0.214,0.495,0.921,Heavy congestion detected - signal timing extended and reroute suggested
EVT430508,2025-08-30 18:07:49,Sports Fixture,J012,Koramangala Sony World,18839,Weekend,False,Heavy Rain,True,36.0,False,False,1.0,Severe,7.9,63.9,651.8,0.206,0.476,0.872,Heavy rain reducing visibility and grip - reduced speed and longer buffer advised
EVT430509,2025-05-18 08:33:32,Sports Fixture,J040,City Market,14600,Weekend,False,Clear,False,0.0,False,False,0.987,Severe,9.8,79.2,697.7,0.252,0.581,0.902,Heavy congestion detected - signal timing extended and reroute suggested
EVT430510,2025-04-05 11:10:39,Local Market Day,J012,Koramangala Sony World,3401,Weekend,False,Clear,False,0.0,False,False,0.377,Moderate,29.7,24.8,168.4,0.14,0.324,0.973,Moderate traffic flow - standard adaptive signal timing in effect
EVT430511,2025-12-20 12:11:04,Concert,J012,Koramangala Sony World,15561,Weekend,False,Clear,False,0.0,False,False,0.306,Low,29.0,18.4,127.5,0.102,0.236,0.962,Moderate traffic flow - standard adaptive signal timing in effect
EVT430512,2025-04-30 09:31:28,Concert,J020,Malleshwaram Circle,22209,Weekday,False,Clear,False,0.0,False,False,1.0,Severe,6.3,71.7,528.6,0.148,0.343,0.894,Heavy congestion detected - signal timing extended and reroute suggested
EVT430513,2025-02-21 15:55:33,Local Market Day,J011,Indiranagar 100ft Road,3497,Weekday,False,Clear,False,0.0,False,False,0.42,Moderate,21.3,32.6,293.4,0.17,0.392,0.95,Moderate traffic flow - standard adaptive signal timing in effect
EVT430514,2026-06-12 21:59:00,Sports Fixture,J012,Koramangala Sony World,16047,Weekday,False,Clear,False,0.0,False,False,0.354,Moderate,27.0,24.3,199.5,0.16,0.37,0.945,Moderate traffic flow - standard adaptive signal timing in effect
EVT430515,2026-01-11 18:51:49,Local Market Day,J030,MG Road,4037,Weekend,False,Clear,False,0.0,False,False,0.837,Severe,15.5,59.6,157.9,0.104,0.241,0.923,Heavy congestion detected - signal timing extended and reroute suggested
EVT430516,2026-05-26 22:36:55,Political Rally,J023,Basavanagudi,13365,Weekday,False,Rain,True,9.7,False,False,0.421,Moderate,21.5,32.1,181.0,0.11,0.253,0.918,Light rain detected - minor speed reduction advised
EVT430517,2025-11-06 19:33:47,Sports Fixture,J031,Cubbon Road,34787,Weekday,False,Clear,False,0.0,False,False,1.0,Severe,6.8,71.5,710.5,0.198,0.457,0.904,Heavy congestion detected - signal timing extended and reroute suggested
EVT430518,2026-02-11 19:40:15,Sports Fixture,J031,Cubbon Road,32071,Weekday,False,Clear,False,0.0,False,False,1.0,Severe,9.2,70.7,615.6,0.244,0.565,0.908,Heavy congestion detected - signal timing extended and reroute suggested
EVT430519,2025-04-21 09:10:31,Concert,J020,Malleshwaram Circle,10074,Weekday,False,Clear,False,0.0,False,False,1.0,Severe,8.9,73.0,446.8,0.164,0.379,0.922,Heavy congestion detected - signal timing extended and reroute suggested
EVT430520,2026-06-04 16:48:40,Local Market Day,J030,MG Road,3672,Weekday,False,Clear,False,0.0,False,False,0.663,High,19.1,43.1,162.8,0.086,0.198,0.943,Moderate traffic flow - standard adaptive signal timing in effect
EVT430521,2025-12-07 08:09:41,Local Market Day,J012,Koramangala Sony World,5819,Weekend,False,Clear,False,0.0,False,False,0.688,High,19.9,49.0,272.1,0.161,0.372,0.951,Moderate traffic flow - standard adaptive signal timing in effect
EVT430522,2026-03-04 16:53:44,Cultural Procession,J031,Cubbon Road,33514,Weekday,True,Clear,False,0.0,False,True,1.0,Severe,8.3,101.8,537.4,0.212,0.491,0.843,Road closure for event/procession - full detour recommended for through-traffic
EVT430523,2025-12-17 09:10:48,Concert,J031,Cubbon Road,15767,Weekday,False,Clear,False,0.0,False,False,1.0,Severe,8.1,78.3,449.4,0.158,0.365,0.927,Heavy congestion detected - signal timing extended and reroute suggested
EVT430524,2026-05-02 19:48:00,Religious Festival,J011,Indiranagar 100ft Road,37322,Weekend,True,Heavy Rain,True,37.8,False,True,1.0,Severe,9.0,95.3,638.3,0.228,0.526,0.783,Road closure for event/procession - full detour recommended for through-traffic
EVT430525,2025-12-31 19:02:10,Sports Fixture,J012,Koramangala Sony World,12889,Weekday,False,Clear,False,0.0,False,False,1.0,Severe,7.3,74.2,709.8,0.227,0.524,0.915,Heavy congestion detected - signal timing extended and reroute suggested
EVT430526,2026-01-02 21:12:01,Religious Festival,J012,Koramangala Sony World,33093,Weekday,True,Clear,False,0.0,False,True,0.897,High,15.4,83.9,382.0,0.231,0.533,0.829,Road closure for event/procession - full detour recommended for through-traffic
EVT430527,2025-03-08 19:48:01,Trade Fair,J030,MG Road,8771,Weekend,False,Clear,False,0.0,False,False,0.756,Severe,19.8,53.5,364.8,0.24,0.554,0.973,Heavy congestion detected - signal timing extended and reroute suggested
EVT430528,2025-08-27 09:23:56,Cultural Procession,J009,Majestic,14668,Weekday,True,Light Rain,True,4.5,False,True,1.0,Severe,8.7,107.3,496.1,0.186,0.429,0.796,Road closure for event/procession - full detour recommended for through-traffic
EVT430529,2026-03-16 12:56:37,Sports Fixture,J023,Basavanagudi,16626,Weekday,False,Clear,False,0.0,False,False,0.336,Low,33.4,30.2,184.0,0.141,0.325,0.99,Moderate traffic flow - standard adaptive signal timing in effect
EVT430530,2025-03-27 19:49:43,Sports Fixture,J020,Malleshwaram Circle,26497,Weekday,False,Clear,False,0.0,False,False,0.905,Severe,15.2,62.9,469.3,0.285,0.658,0.955,Heavy congestion detected - signal timing extended and reroute suggested
EVT430531,2025-10-27 09:53:46,Local Market Day,J020,Malleshwaram Circle,3587,Weekday,False,Light Rain,True,6.4,False,False,0.887,Severe,13.0,60.7,197.7,0.092,0.211,0.895,Heavy rain reducing visibility and grip - reduced speed and longer buffer advised
EVT430532,2026-06-26 16:06:10,Trade Fair,J011,Indiranagar 100ft Road,8359,Weekday,False,Clear,False,0.0,False,False,0.518,Moderate,25.6,42.4,232.5,0.152,0.35,0.962,Moderate traffic flow - standard adaptive signal timing in effect
EVT430533,2026-01-16 10:14:17,Sports Fixture,J020,Malleshwaram Circle,13562,Weekday,False,Clear,False,0.0,False,False,0.81,Severe,12.3,62.8,419.6,0.18,0.417,0.957,Heavy congestion detected - signal timing extended and reroute suggested
EVT430534,2026-01-21 13:34:27,Local Market Day,J030,MG Road,2070,Weekday,False,Clear,False,0.0,False,False,0.197,Low,31.4,18.0,115.3,0.092,0.214,0.967,Normal free-flow traffic - standard signal timing maintained
EVT430535,2025-05-14 12:33:38,Local Market Day,J011,Indiranagar 100ft Road,2340,Weekday,False,Clear,False,0.0,False,False,0.165,Low,37.8,12.4,128.9,0.115,0.265,0.955,Normal free-flow traffic - standard signal timing maintained
EVT430536,2025-10-02 08:56:44,Religious Festival,J030,MG Road,44329,Weekday,True,Fog,False,0.0,False,True,1.0,Severe,7.9,96.6,440.6,0.167,0.386,0.856,Road closure for event/procession - full detour recommended for through-traffic
EVT430537,2026-03-16 08:43:04,Concert,J020,Malleshwaram Circle,9533,Weekday,False,Clear,False,0.0,False,False,1.0,Severe,7.8,66.6,306.8,0.128,0.297,0.923,Heavy congestion detected - signal timing extended and reroute suggested
EVT430538,2025-03-10 15:14:16,Concert,J040,City Market,12517,Weekday,False,Clear,False,0.0,False,False,0.368,Moderate,33.4,28.6,166.7,0.125,0.288,0.983,Moderate traffic flow - standard adaptive signal timing in effect
EVT430539,2025-12-13 09:27:19,Sports Fixture,J020,Malleshwaram Circle,21092,Weekend,False,Clear,False,0.0,False,False,0.942,Severe,10.2,67.4,399.9,0.17,0.392,0.943,Heavy congestion detected - signal timing extended and reroute suggested
EVT430540,2026-03-01 18:21:07,Local Market Day,J009,Majestic,7854,Weekend,False,Clear,False,0.0,False,False,0.928,Severe,10.4,62.9,200.0,0.077,0.178,0.894,Heavy congestion detected - signal timing extended and reroute suggested
EVT430541,2026-05-02 12:14:46,Religious Festival,J012,Koramangala Sony World,58569,Weekend,True,Clear,False,0.0,False,True,0.893,High,11.5,95.2,669.3,0.279,0.645,0.85,Road closure for event/procession - full detour recommended for through-traffic
EVT430542,2025-12-31 12:38:50,Local Market Day,J012,Koramangala Sony World,4280,Weekday,False,Clear,False,0.0,False,False,0.221,Low,36.0,18.0,141.9,0.139,0.32,0.969,Normal free-flow traffic - standard signal timing maintained
EVT430543,2026-05-30 17:31:12,Local Market Day,J040,City Market,3734,Weekend,False,Clear,False,0.0,False,False,0.829,Severe,13.7,59.8,143.2,0.085,0.196,0.935,Heavy congestion detected - signal timing extended and reroute suggested
EVT430544,2026-04-26 08:10:35,Local Market Day,J031,Cubbon Road,6398,Weekend,False,Clear,False,0.0,False,False,0.73,High,19.1,53.3,106.1,0.075,0.173,0.962,Moderate traffic flow - standard adaptive signal timing in effect
EVT430545,2026-01-10 17:54:08,Political Rally,J012,Koramangala Sony World,16070,Weekend,False,Clear,False,0.0,False,False,0.886,Severe,14.7,61.4,439.4,0.248,0.573,0.938,Heavy congestion detected - signal timing extended and reroute suggested
EVT430546,2026-05-31 19:14:31,Political Rally,J011,Indiranagar 100ft Road,18436,Weekend,False,Heavy Rain,True,25.8,False,False,1.0,Severe,8.1,70.0,735.1,0.244,0.563,0.858,Heavy rain reducing visibility and grip - reduced speed and longer buffer advised
EVT430547,2025-07-25 13:43:06,Trade Fair,J031,Cubbon Road,14395,Weekday,False,Clear,False,0.0,False,False,0.25,Low,32.1,13.8,169.4,0.136,0.314,0.954,Normal free-flow traffic - standard signal timing maintained
EVT430548,2025-02-01 09:15:52,Concert,J030,MG Road,12524,Weekend,False,Clear,False,0.0,False,False,0.887,Severe,11.4,59.7,655.4,0.297,0.685,0.938,Heavy congestion detected - signal timing extended and reroute suggested
EVT430549,2025-11-10 23:40:32,Sports Fixture,J020,Malleshwaram Circle,20243,Weekday,False,Clear,False,0.0,False,False,0.289,Low,28.2,15.8,123.7,0.096,0.222,0.961,Moderate traffic flow - standard adaptive signal timing in effect
EVT430550,2025-11-28 15:33:30,Local Market Day,J040,City Market,4128,Weekday,False,Clear,False,0.0,False,False,0.364,Moderate,21.8,27.0,302.7,0.199,0.461,0.949,Moderate traffic flow - standard adaptive signal timing in effect
EVT430551,2026-04-28 12:32:54,Sports Fixture,J023,Basavanagudi,16278,Weekday,False,Clear,False,0.0,False,False,0.289,Low,36.7,14.2,122.9,0.103,0.239,0.974,Moderate traffic flow - standard adaptive signal timing in effect
EVT430552,2025-01-06 09:57:21,Sports Fixture,J031,Cubbon Road,29021,Weekday,False,Clear,False,0.0,False,False,0.972,Severe,9.3,71.1,504.5,0.186,0.43,0.903,Heavy congestion detected - signal timing extended and reroute suggested
EVT430553,2026-03-15 21:16:23,Local Market Day,J031,Cubbon Road,2858,Weekend,False,Clear,False,0.0,False,False,0.454,Moderate,20.9,25.8,244.5,0.143,0.33,0.948,Moderate traffic flow - standard adaptive signal timing in effect
EVT430554,2025-03-14 18:03:11,Cultural Procession,J023,Basavanagudi,37668,Weekday,True,Clear,False,0.0,False,True,1.0,Severe,8.5,98.6,470.3,0.177,0.409,0.82,Road closure for event/procession - full detour recommended for through-traffic
EVT430555,2025-12-27 15:33:38,Sports Fixture,J031,Cubbon Road,20218,Weekend,False,Clear,False,0.0,False,False,0.447,Moderate,26.3,40.2,119.8,0.086,0.198,0.969,Moderate traffic flow - standard adaptive signal timing in effect
EVT430556,2026-06-07 13:46:46,Concert,J023,Basavanagudi,11804,Weekend,False,Clear,False,0.0,False,False,0.335,Low,33.1,25.8,128.1,0.117,0.27,0.972,Moderate traffic flow - standard adaptive signal timing in effect
EVT430557,2026-02-06 18:11:35,Sports Fixture,J030,MG Road,20498,Weekday,False,Clear,False,0.0,False,False,1.0,Severe,7.5,74.2,1043.6,0.316,0.731,0.917,Heavy congestion detected - signal timing extended and reroute suggested
EVT430558,2025-11-21 09:14:22,Local Market Day,J030,MG Road,2255,Weekday,False,Light Rain,True,2.2,True,False,1.0,Severe,7.7,73.4,495.9,0.158,0.365,0.699,Accident detected nearby - reroute and reduced speed advised
EVT430559,2025-03-13 18:27:23,Concert,J030,MG Road,13619,Weekday,False,Clear,False,0.0,False,False,1.0,Severe,9.6,70.8,479.1,0.183,0.423,0.91,Heavy congestion detected - signal timing extended and reroute suggested
EVT430560,2026-02-14 10:48:14,Political Rally,J030,MG Road,16444,Weekend,False,Clear,False,0.0,False,False,0.556,High,24.3,38.3,256.4,0.202,0.468,0.964,Moderate traffic flow - standard adaptive signal timing in effect
EVT430561,2025-04-16 07:49:34,Local Market Day,J031,Cubbon Road,4728,Weekday,False,Clear,False,0.0,False,False,0.718,High,22.2,41.6,222.6,0.187,0.432,0.971,Moderate traffic flow - standard adaptive signal timing in effect
EVT430562,2026-05-05 15:41:09,Sports Fixture,J030,MG Road,25980,Weekday,False,Clear,False,0.0,False,False,0.456,Moderate,22.3,32.6,275.7,0.176,0.406,0.967,Moderate traffic flow - standard adaptive signal timing in effect
EVT430563,2025-08-27 11:41:18,Religious Festival,J020,Malleshwaram Circle,32178,Weekday,True,Rain,True,11.6,True,True,1.0,Severe,8.0,96.4,517.3,0.175,0.403,0.636,Road closure for event/procession - full detour recommended for through-traffic
EVT430564,2025-03-24 22:38:57,Local Market Day,J009,Majestic,5009,Weekday,False,Clear,False,0.0,False,False,0.263,Low,34.6,23.0,95.3,0.073,0.168,0.947,Moderate traffic flow - standard adaptive signal timing in effect
EVT430565,2025-01-07 11:07:23,Political Rally,J031,Cubbon Road,9400,Weekday,False,Clear,False,0.0,False,False,0.391,Moderate,30.5,27.5,62.0,0.067,0.155,0.973,Moderate traffic flow - standard adaptive signal timing in effect
EVT430566,2026-06-02 15:10:38,Political Rally,J020,Malleshwaram Circle,16738,Weekday,False,Clear,False,0.0,False,False,0.389,Moderate,27.8,28.6,175.0,0.135,0.311,0.986,Moderate traffic flow - standard adaptive signal timing in effect
EVT430567,2026-02-22 20:35:58,Trade Fair,J031,Cubbon Road,4932,Weekend,False,Clear,False,0.0,False,False,0.488,Moderate,27.6,35.5,187.9,0.133,0.308,0.956,Moderate traffic flow - standard adaptive signal timing in effect
EVT430568,2025-03-25 13:10:28,Sports Fixture,J012,Koramangala Sony World,32468,Weekday,False,Light Rain,True,2.7,False,False,0.416,Moderate,24.6,29.2,205.1,0.155,0.357,0.882,Light rain detected - minor speed reduction advised
EVT430569,2026-06-16 09:00:30,Political Rally,J040,City Market,15758,Weekday,False,Heavy Rain,True,28.5,False,False,1.0,Severe,9.4,72.6,515.0,0.201,0.464,0.905,Heavy rain reducing visibility and grip - reduced speed and longer buffer advised
EVT430570,2025-08-11 10:08:42,Local Market Day,J012,Koramangala Sony World,7739,Weekday,False,Heavy Rain,True,42.1,True,False,1.0,Severe,8.1,74.9,460.1,0.16,0.37,0.709,Accident detected nearby - reroute and reduced speed advised
EVT430571,2026-02-13 18:45:54,Concert,J012,Koramangala Sony World,5183,Weekday,False,Clear,False,0.0,False,False,1.0,Severe,9.7,77.5,227.2,0.099,0.229,0.902,Heavy congestion detected - signal timing extended and reroute suggested
EVT430572,2026-05-15 06:11:46,Sports Fixture,J040,City Market,15154,Weekday,False,Clear,False,0.0,False,False,0.336,Low,30.6,29.2,246.3,0.205,0.474,0.945,Moderate traffic flow - standard adaptive signal timing in effect
EVT430573,2026-05-21 16:42:40,Sports Fixture,J030,MG Road,28729,Weekday,False,Rain,True,15.1,False,False,0.975,Severe,9.0,64.4,746.6,0.27,0.623,0.869,Heavy rain reducing visibility and grip - reduced speed and longer buffer advised
EVT430574,2025-11-30 12:49:04,Concert,J011,Indiranagar 100ft Road,11661,Weekend,False,Clear,False,0.0,False,False,0.271,Low,26.4,25.3,267.8,0.158,0.364,0.973,Moderate traffic flow - standard adaptive signal timing in effect
EVT430575,2026-06-16 07:56:25,Local Market Day,J009,Majestic,4394,Weekday,False,Clear,False,0.0,False,False,0.793,Severe,13.0,58.5,312.6,0.13,0.299,0.957,Heavy congestion detected - signal timing extended and reroute suggested
EVT430576,2025-06-04 09:05:31,Local Market Day,J020,Malleshwaram Circle,4625,Weekday,False,Rain,True,12.8,False,False,1.0,Severe,8.4,72.8,600.4,0.186,0.43,0.873,Heavy rain reducing visibility and grip - reduced speed and longer buffer advised
EVT430577,2026-03-06 11:30:53,Local Market Day,J020,Malleshwaram Circle,3020,Weekday,False,Clear,False,0.0,False,False,0.312,Low,29.4,17.5,223.0,0.184,0.425,0.969,Moderate traffic flow - standard adaptive signal timing in effect
EVT430578,2025-12-25 19:54:15,Religious Festival,J011,Indiranagar 100ft Road,44903,Weekday,True,Rain,True,10.0,False,True,1.0,Severe,8.6,103.0,417.9,0.153,0.353,0.773,Road closure for event/procession - full detour recommended for through-traffic
EVT430579,2025-05-14 18:52:26,Political Rally,J031,Cubbon Road,9897,Weekday,False,Clear,False,0.0,False,False,1.0,Severe,7.4,69.4,1316.6,0.353,0.814,0.908,Heavy congestion detected - signal timing extended and reroute suggested
EVT430580,2026-06-08 08:37:41,Political Rally,J009,Majestic,9103,Weekday,False,Clear,False,0.0,False,False,1.0,Severe,7.8,67.1,459.4,0.164,0.38,0.95,Heavy congestion detected - signal timing extended and reroute suggested
EVT430581,2025-08-01 07:30:06,Sports Fixture,J012,Koramangala Sony World,20779,Weekday,False,Fog,False,0.0,False,False,0.704,High,19.2,54.3,299.4,0.191,0.442,0.952,Moderate traffic flow - standard adaptive signal timing in effect
EVT430582,2025-02-15 06:32:59,Local Market Day,J020,Malleshwaram Circle,3736,Weekend,False,Clear,False,0.0,False,False,0.373,Moderate,28.4,29.3,187.0,0.144,0.334,0.959,Moderate traffic flow - standard adaptive signal timing in effect
EVT430583,2025-05-27 17:33:56,Sports Fixture,J011,Indiranagar 100ft Road,21267,Weekday,False,Clear,False,0.0,False,False,0.978,Severe,10.3,70.6,646.4,0.257,0.594,0.94,Heavy congestion detected - signal timing extended and reroute suggested
EVT430584,2025-12-02 06:51:33,Trade Fair,J030,MG Road,13772,Weekday,False,Clear,False,0.0,False,False,0.47,Moderate,27.6,29.1,211.2,0.161,0.371,0.94,Moderate traffic flow - standard adaptive signal timing in effect
EVT430585,2026-01-29 13:22:16,Local Market Day,J011,Indiranagar 100ft Road,3296,Weekday,False,Clear,False,0.0,False,False,0.161,Low,35.7,12.2,107.8,0.09,0.207,0.974,Normal free-flow traffic - standard signal timing maintained
EVT430586,2025-12-07 18:28:33,Concert,J012,Koramangala Sony World,6679,Weekend,False,Rain,True,8.7,False,False,0.945,Severe,11.4,65.7,483.2,0.218,0.503,0.889,Heavy rain reducing visibility and grip - reduced speed and longer buffer advised
EVT430587,2026-03-27 07:48:07,Cultural Procession,J012,Koramangala Sony World,18173,Weekday,True,Fog,False,0.0,False,False,1.0,Severe,8.7,70.1,264.9,0.094,0.217,0.876,Festival crowd surge detected - alternate route and extended cycle recommended
EVT430588,2025-11-30 20:29:01,Local Market Day,J023,Basavanagudi,9796,Weekend,False,Clear,False,0.0,False,False,0.522,Moderate,24.3,33.4,122.9,0.09,0.208,0.989,Moderate traffic flow - standard adaptive signal timing in effect
EVT430589,2026-05-02 16:03:26,Cultural Procession,J030,MG Road,19801,Weekend,True,Clear,False,0.0,False,False,0.635,High,20.5,39.4,237.9,0.157,0.363,0.916,Festival crowd surge detected - alternate route and extended cycle recommended
EVT430590,2025-05-28 23:05:41,Sports Fixture,J030,MG Road,17227,Weekday,False,Clear,False,0.0,False,False,0.339,Low,22.5,24.8,289.1,0.171,0.395,0.978,Moderate traffic flow - standard adaptive signal timing in effect
EVT430591,2025-02-19 08:48:21,Sports Fixture,J011,Indiranagar 100ft Road,29264,Weekday,False,Clear,False,0.0,False,False,1.0,Severe,9.5,71.4,536.3,0.219,0.506,0.907,Heavy congestion detected - signal timing extended and reroute suggested
EVT430592,2025-08-19 17:05:16,Local Market Day,J020,Malleshwaram Circle,3587,Weekday,False,Clear,False,0.0,False,False,0.779,Severe,14.8,57.2,255.1,0.138,0.318,0.934,Heavy congestion detected - signal timing extended and reroute suggested
EVT430593,2025-09-22 08:09:28,Local Market Day,J023,Basavanagudi,4227,Weekday,False,Clear,False,0.0,False,False,0.883,Severe,12.5,64.4,344.8,0.159,0.367,0.926,Heavy congestion detected - signal timing extended and reroute suggested
EVT430594,2026-05-05 18:28:05,Concert,J009,Majestic,12741,Weekday,False,Clear,False,0.0,False,False,1.0,Severe,8.4,66.1,673.8,0.238,0.551,0.921,Heavy congestion detected - signal timing extended and reroute suggested
EVT430595,2025-12-26 15:32:07,Religious Festival,J023,Basavanagudi,48653,Weekday,True,Clear,False,0.0,False,False,0.775,Severe,15.3,60.2,185.3,0.117,0.27,0.901,Festival crowd surge detected - alternate route and extended cycle recommended
EVT430596,2025-02-09 10:26:34,Concert,J012,Koramangala Sony World,8477,Weekend,False,Clear,False,0.0,False,False,0.666,High,19.5,46.1,357.8,0.234,0.54,0.958,Moderate traffic flow - standard adaptive signal timing in effect
EVT430597,2025-07-10 15:08:28,Local Market Day,J012,Koramangala Sony World,3061,Weekday,False,Rain,True,22.2,False,False,0.448,Moderate,30.8,31.9,219.5,0.179,0.412,0.9,Light rain detected - minor speed reduction advised
EVT430598,2026-01-13 07:37:52,Local Market Day,J031,Cubbon Road,2223,Weekday,False,Clear,False,0.0,False,False,0.617,High,24.6,40.1,173.1,0.132,0.305,0.935,Moderate traffic flow - standard adaptive signal timing in effect
EVT430599,2025-06-17 20:54:55,Local Market Day,J040,City Market,4270,Weekday,False,Heavy Rain,True,37.5,False,False,0.842,Severe,18.7,59.6,226.2,0.133,0.308,0.922,Heavy rain reducing visibility and grip - reduced speed and longer buffer advised
EVT430600,2025-01-18 21:48:48,Trade Fair,J031,Cubbon Road,12847,Weekend,False,Fog,False,0.0,False,False,0.365,Moderate,24.5,20.7,287.1,0.213,0.491,0.97,Moderate traffic flow - standard adaptive signal timing in effect
EVT430601,2025-08-29 10:35:47,Political Rally,J031,Cubbon Road,10895,Weekday,False,Clear,False,0.0,False,False,0.597,High,20.3,45.2,249.7,0.16,0.369,0.971,Moderate traffic flow - standard adaptive signal timing in effect
EVT430602,2025-05-23 18:13:56,Sports Fixture,J031,Cubbon Road,23447,Weekday,False,Clear,False,0.0,False,False,1.0,Severe,6.7,69.5,1149.0,0.305,0.705,0.888,Heavy congestion detected - signal timing extended and reroute suggested
EVT430603,2025-03-10 11:39:33,Local Market Day,J012,Koramangala Sony World,3581,Weekday,False,Clear,False,0.0,False,False,0.269,Low,26.9,15.1,131.1,0.094,0.218,0.954,Moderate traffic flow - standard adaptive signal timing in effect
EVT430604,2025-05-21 17:12:54,Trade Fair,J040,City Market,6881,Weekday,False,Clear,False,0.0,False,False,0.871,Severe,14.1,59.9,442.6,0.22,0.509,0.944,Heavy congestion detected - signal timing extended and reroute suggested
EVT430605,2026-03-16 13:21:03,Local Market Day,J030,MG Road,3728,Weekday,False,Clear,False,0.0,False,False,0.16,Low,29.9,8.5,186.1,0.149,0.345,0.966,Normal free-flow traffic - standard signal timing maintained
EVT430606,2025-10-31 09:05:13,Sports Fixture,J012,Koramangala Sony World,17042,Weekday,False,Clear,False,0.0,False,False,1.0,Severe,7.7,68.9,599.7,0.18,0.416,0.904,Heavy congestion detected - signal timing extended and reroute suggested
EVT430607,2026-01-25 04:28:46,Sports Fixture,J011,Indiranagar 100ft Road,20288,Weekend,False,Clear,False,0.0,False,False,0.316,Low,30.0,22.9,156.0,0.122,0.282,0.967,Moderate traffic flow - standard adaptive signal timing in effect
EVT430608,2025-12-03 20:36:43,Local Market Day,J040,City Market,6715,Weekday,False,Clear,False,0.0,False,False,0.514,Moderate,21.5,37.6,205.7,0.14,0.323,0.959,Moderate traffic flow - standard adaptive signal timing in effect
EVT430609,2026-06-15 09:56:30,Local Market Day,J020,Malleshwaram Circle,3940,Weekday,False,Clear,False,0.0,False,False,0.795,Severe,15.8,56.2,275.9,0.16,0.371,0.957,Heavy congestion detected - signal timing extended and reroute suggested
EVT430610,2026-06-07 17:30:10,Sports Fixture,J011,Indiranagar 100ft Road,39842,Weekend,False,Rain,True,13.7,False,False,1.0,Severe,7.5,79.0,726.8,0.215,0.496,0.843,Heavy rain reducing visibility and grip - reduced speed and longer buffer advised
EVT430611,2025-04-14 10:55:09,Cultural Procession,J011,Indiranagar 100ft Road,14978,Weekday,True,Rain,True,10.2,False,False,0.905,Severe,10.9,58.3,406.8,0.178,0.412,0.86,Festival crowd surge detected - alternate route and extended cycle recommended
EVT430612,2026-01-15 19:21:41,Religious Festival,J031,Cubbon Road,112431,Weekday,True,Clear,False,0.0,False,True,1.0,Severe,9.1,99.3,617.1,0.251,0.58,0.83,Road closure for event/procession - full detour recommended for through-traffic
EVT430613,2026-03-12 18:44:16,Sports Fixture,J030,MG Road,55661,Weekday,False,Clear,False,0.0,False,False,1.0,Severe,8.6,73.9,496.4,0.199,0.46,0.914,Heavy congestion detected - signal timing extended and reroute suggested
EVT430614,2025-08-02 09:03:57,Local Market Day,J030,MG Road,2653,Weekend,False,Heavy Rain,True,39.0,False,False,1.0,Severe,8.5,70.3,553.3,0.194,0.447,0.854,Heavy rain reducing visibility and grip - reduced speed and longer buffer advised
EVT430615,2025-03-18 07:07:21,Local Market Day,J012,Koramangala Sony World,3192,Weekday,False,Clear,False,0.0,False,False,0.419,Moderate,24.1,27.5,257.9,0.167,0.386,0.98,Moderate traffic flow - standard adaptive signal timing in effect
EVT430616,2025-09-15 20:10:43,Sports Fixture,J012,Koramangala Sony World,19255,Weekday,False,Clear,False,0.0,False,False,0.752,Severe,18.9,54.3,273.9,0.177,0.409,0.949,Heavy congestion detected - signal timing extended and reroute suggested
EVT430617,2025-07-18 07:41:08,Sports Fixture,J012,Koramangala Sony World,17813,Weekday,False,Clear,False,0.0,False,False,0.829,Severe,15.8,55.4,448.0,0.259,0.598,0.934,Heavy congestion detected - signal timing extended and reroute suggested
EVT430618,2025-07-29 15:43:45,Local Market Day,J009,Majestic,3563,Weekday,False,Clear,False,0.0,False,False,0.454,Moderate,23.9,34.6,185.5,0.13,0.3,0.944,Moderate traffic flow - standard adaptive signal timing in effect
EVT430619,2025-02-16 15:44:39,Concert,J030,MG Road,9426,Weekend,False,Clear,False,0.0,False,False,0.507,Moderate,28.8,38.6,230.4,0.212,0.49,0.97,Moderate traffic flow - standard adaptive signal timing in effect
EVT430620,2025-04-15 18:08:19,Religious Festival,J031,Cubbon Road,39693,Weekday,True,Clear,False,0.0,False,False,1.0,Severe,7.8,68.4,440.8,0.147,0.34,0.854,Festival crowd surge detected - alternate route and extended cycle recommended
EVT430621,2025-04-06 19:01:46,Cultural Procession,J030,MG Road,21616,Weekend,True,Clear,False,0.0,False,False,1.0,Severe,9.4,73.5,683.0,0.262,0.605,0.867,Festival crowd surge detected - alternate route and extended cycle recommended
EVT430622,2025-02-02 14:07:07,Concert,J023,Basavanagudi,14183,Weekend,False,Clear,False,0.0,False,False,0.364,Moderate,31.3,24.2,174.0,0.144,0.333,0.968,Moderate traffic flow - standard adaptive signal timing in effect
EVT430623,2025-08-30 14:02:08,Sports Fixture,J040,City Market,34473,Weekend,False,Heavy Rain,True,34.3,False,False,0.8,Severe,16.2,61.2,320.3,0.18,0.416,0.91,Heavy rain reducing visibility and grip - reduced speed and longer buffer advised
EVT430624,2026-04-02 19:44:52,Concert,J023,Basavanagudi,8164,Weekday,False,Clear,False,0.0,False,False,0.852,Severe,13.6,60.4,232.4,0.094,0.217,0.951,Heavy congestion detected - signal timing extended and reroute suggested
EVT430625,2026-05-17 07:51:49,Local Market Day,J012,Koramangala Sony World,3560,Weekend,False,Clear,False,0.0,False,False,0.696,High,17.0,54.9,335.5,0.202,0.466,0.971,Moderate traffic flow - standard adaptive signal timing in effect
EVT430626,2025-03-17 23:02:17,Concert,J031,Cubbon Road,19972,Weekday,False,Clear,False,0.0,False,False,0.346,Low,27.3,26.3,180.1,0.145,0.335,0.966,Moderate traffic flow - standard adaptive signal timing in effect
EVT430627,2025-02-08 17:52:13,Local Market Day,J020,Malleshwaram Circle,2947,Weekend,False,Clear,False,0.0,False,False,0.775,Severe,15.7,53.1,307.3,0.158,0.364,0.966,Heavy congestion detected - signal timing extended and reroute suggested
EVT430628,2025-05-21 09:38:29,Local Market Day,J009,Majestic,3621,Weekday,False,Clear,False,0.0,False,False,0.912,Severe,13.9,59.6,443.9,0.229,0.528,0.923,Heavy congestion detected - signal timing extended and reroute suggested
EVT430629,2026-01-21 15:00:45,Trade Fair,J011,Indiranagar 100ft Road,10951,Weekday,False,Clear,False,0.0,False,False,0.227,Low,39.3,16.1,115.7,0.114,0.263,0.966,Normal free-flow traffic - standard signal timing maintained
EVT430630,2025-09-12 17:21:37,Trade Fair,J040,City Market,7905,Weekday,False,Clear,False,0.0,False,False,0.924,Severe,9.2,66.4,327.3,0.137,0.318,0.935,Heavy congestion detected - signal timing extended and reroute suggested
EVT430631,2025-12-03 18:28:34,Local Market Day,J009,Majestic,3885,Weekday,False,Clear,False,0.0,False,False,1.0,Severe,8.1,72.5,575.2,0.187,0.431,0.922,Heavy congestion detected - signal timing extended and reroute suggested
EVT430632,2025-08-02 12:52:31,Sports Fixture,J020,Malleshwaram Circle,30648,Weekend,False,Clear,False,0.0,False,False,0.454,Moderate,30.9,28.4,107.0,0.098,0.227,0.962,Moderate traffic flow - standard adaptive signal timing in effect
EVT430633,2025-09-09 16:04:50,Trade Fair,J012,Koramangala Sony World,8745,Weekday,False,Rain,True,19.7,False,False,0.708,High,16.8,57.5,267.5,0.158,0.366,0.915,Heavy rain reducing visibility and grip - reduced speed and longer buffer advised
EVT430634,2026-04-13 07:14:35,Concert,J009,Majestic,12765,Weekday,False,Clear,False,0.0,False,False,0.583,High,20.4,42.3,298.9,0.178,0.412,0.987,Moderate traffic flow - standard adaptive signal timing in effect
EVT430635,2025-03-01 20:00:28,Concert,J023,Basavanagudi,8817,Weekend,False,Fog,False,0.0,False,False,0.744,High,15.8,54.6,250.0,0.138,0.319,0.959,Moderate traffic flow - standard adaptive signal timing in effect
EVT430636,2025-11-25 08:00:50,Concert,J031,Cubbon Road,17369,Weekday,False,Clear,False,0.0,False,False,0.939,Severe,8.0,64.7,333.9,0.101,0.233,0.913,Heavy congestion detected - signal timing extended and reroute suggested
EVT430637,2026-02-21 16:16:29,Trade Fair,J040,City Market,12500,Weekend,False,Clear,False,0.0,False,False,0.552,High,23.7,33.9,119.8,0.091,0.209,0.985,Moderate traffic flow - standard adaptive signal timing in effect
EVT430638,2025-12-08 18:23:54,Local Market Day,J020,Malleshwaram Circle,5607,Weekday,False,Clear,False,0.0,False,False,0.983,Severe,9.7,72.8,524.2,0.217,0.502,0.897,Heavy congestion detected - signal timing extended and reroute suggested
EVT430639,2025-02-11 16:42:41,Political Rally,J011,Indiranagar 100ft Road,13996,Weekday,False,Clear,False,0.0,False,False,0.655,High,15.1,43.8,351.9,0.175,0.405,0.98,Moderate traffic flow - standard adaptive signal timing in effect
EVT430640,2025-10-16 09:03:25,Trade Fair,J023,Basavanagudi,7392,Weekday,False,Clear,False,0.0,False,False,1.0,Severe,11.0,72.8,424.0,0.198,0.457,0.912,Heavy congestion detected - signal timing extended and reroute suggested
EVT430641,2026-04-25 22:52:02,Trade Fair,J023,Basavanagudi,6834,Weekend,False,Clear,False,0.0,False,False,0.265,Low,29.6,17.9,190.5,0.138,0.319,0.959,Moderate traffic flow - standard adaptive signal timing in effect
EVT430642,2026-02-25 08:13:28,Trade Fair,J040,City Market,10744,Weekday,False,Clear,False,0.0,False,False,0.868,Severe,14.9,65.8,359.9,0.199,0.459,0.935,Heavy congestion detected - signal timing extended and reroute suggested
EVT430643,2025-06-27 17:25:58,Trade Fair,J012,Koramangala Sony World,8436,Weekday,False,Clear,False,0.0,False,False,0.92,Severe,12.1,72.0,424.2,0.188,0.434,0.945,Heavy congestion detected - signal timing extended and reroute suggested
EVT430644,2025-11-04 09:11:57,Political Rally,J020,Malleshwaram Circle,14866,Weekday,False,Clear,False,0.0,False,False,1.0,Severe,8.3,73.9,482.0,0.153,0.353,0.912,Heavy congestion detected - signal timing extended and reroute suggested
EVT430645,2025-04-14 16:58:45,Cultural Procession,J030,MG Road,21047,Weekday,True,Clear,False,0.0,False,False,1.0,Severe,8.8,77.3,688.0,0.261,0.603,0.851,Festival crowd surge detected - alternate route and extended cycle recommended
EVT430646,2025-06-27 21:37:16,Local Market Day,J040,City Market,4013,Weekday,False,Clear,False,0.0,False,False,0.255,Low,28.4,19.0,160.3,0.116,0.268,0.967,Moderate traffic flow - standard adaptive signal timing in effect
EVT430647,2025-12-24 11:15:46,Local Market Day,J011,Indiranagar 100ft Road,4727,Weekday,False,Clear,False,0.0,False,False,0.404,Moderate,24.5,33.0,254.2,0.195,0.451,0.962,Moderate traffic flow - standard adaptive signal timing in effect
EVT430648,2025-02-14 19:59:13,Sports Fixture,J011,Indiranagar 100ft Road,17270,Weekday,False,Clear,False,0.0,False,False,0.804,Severe,14.7,52.9,162.9,0.081,0.186,0.962,Heavy congestion detected - signal timing extended and reroute suggested
EVT430649,2025-10-06 10:28:50,Concert,J040,City Market,11127,Weekday,False,Clear,False,0.0,False,False,0.693,High,21.8,53.7,160.8,0.093,0.214,0.972,Moderate traffic flow - standard adaptive signal timing in effect
EVT430650,2025-05-31 07:56:10,Political Rally,J020,Malleshwaram Circle,22783,Weekend,False,Clear,False,0.0,False,False,0.808,Severe,17.4,56.8,277.5,0.167,0.385,0.983,Heavy congestion detected - signal timing extended and reroute suggested
EVT430651,2026-04-09 21:09:19,Local Market Day,J012,Koramangala Sony World,3400,Weekday,False,Clear,False,0.0,False,False,0.4,Moderate,26.1,32.8,256.8,0.208,0.481,0.962,Moderate traffic flow - standard adaptive signal timing in effect
EVT430652,2025-09-02 14:52:16,Trade Fair,J031,Cubbon Road,8063,Weekday,False,Clear,False,0.0,False,False,0.295,Low,24.6,21.9,249.7,0.174,0.403,0.974,Moderate traffic flow - standard adaptive signal timing in effect
EVT430653,2026-03-15 10:48:24,Sports Fixture,J009,Majestic,26551,Weekend,False,Clear,False,0.0,False,False,0.643,High,18.6,35.8,373.0,0.23,0.531,0.98,Moderate traffic flow - standard adaptive signal timing in effect
EVT430654,2025-06-03 16:28:48,Political Rally,J023,Basavanagudi,16407,Weekday,False,Clear,False,0.0,False,False,0.654,High,18.5,46.7,409.7,0.246,0.568,0.982,Moderate traffic flow - standard adaptive signal timing in effect
EVT430655,2026-02-24 13:39:45,Political Rally,J011,Indiranagar 100ft Road,15442,Weekday,False,Clear,False,0.0,False,False,0.262,Low,26.9,16.6,207.0,0.13,0.3,0.969,Moderate traffic flow - standard adaptive signal timing in effect
EVT430656,2025-06-23 09:56:06,Concert,J031,Cubbon Road,14763,Weekday,False,Rain,True,17.2,False,False,1.0,Severe,8.5,69.3,769.1,0.278,0.643,0.844,Heavy rain reducing visibility and grip - reduced speed and longer buffer advised
EVT430657,2026-02-21 20:19:14,Political Rally,J030,MG Road,27017,Weekend,False,Clear,False,0.0,False,False,0.751,Severe,18.6,50.1,122.5,0.067,0.154,0.97,Heavy congestion detected - signal timing extended and reroute suggested
EVT430658,2025-10-19 19:00:40,Trade Fair,J030,MG Road,3750,Weekend,False,Clear,False,0.0,False,False,0.786,Severe,17.6,54.6,217.0,0.109,0.251,0.974,Heavy congestion detected - signal timing extended and reroute suggested
EVT430659,2025-04-18 19:59:41,Concert,J012,Koramangala Sony World,7390,Weekday,False,Clear,False,0.0,False,False,0.727,High,21.4,46.2,340.7,0.242,0.56,0.969,Moderate traffic flow - standard adaptive signal timing in effect
EVT430660,2025-01-05 21:22:03,Trade Fair,J020,Malleshwaram Circle,8438,Weekend,False,Clear,False,0.0,False,False,0.41,Moderate,27.2,27.7,189.2,0.143,0.329,0.961,Moderate traffic flow - standard adaptive signal timing in effect
EVT430661,2025-03-11 17:25:53,Local Market Day,J020,Malleshwaram Circle,5456,Weekday,False,Clear,False,0.0,False,False,0.892,Severe,12.1,71.2,584.3,0.259,0.598,0.957,Heavy congestion detected - signal timing extended and reroute suggested
EVT430662,2025-08-02 14:20:01,Political Rally,J023,Basavanagudi,30733,Weekend,False,Heavy Rain,True,60.9,False,False,0.77,Severe,12.6,56.4,384.9,0.188,0.433,0.956,Heavy rain reducing visibility and grip - reduced speed and longer buffer advised
EVT430663,2025-01-30 20:56:14,Sports Fixture,J040,City Market,14410,Weekday,False,Clear,False,0.0,False,False,0.49,Moderate,33.3,28.3,155.7,0.126,0.291,0.971,Moderate traffic flow - standard adaptive signal timing in effect
EVT430664,2025-05-15 16:20:01,Trade Fair,J040,City Market,19439,Weekday,False,Heavy Rain,True,50.1,False,False,0.886,Severe,11.8,61.0,288.5,0.14,0.324,0.903,Heavy rain reducing visibility and grip - reduced speed and longer buffer advised
EVT430665,2025-03-14 16:06:02,Cultural Procession,J030,MG Road,25234,Weekday,True,Clear,False,0.0,False,False,0.837,Severe,13.2,61.3,451.7,0.214,0.494,0.9,Festival crowd surge detected - alternate route and extended cycle recommended
EVT430666,2025-04-07 16:12:07,Religious Festival,J011,Indiranagar 100ft Road,42880,Weekday,True,Clear,False,0.0,False,False,0.971,Severe,10.0,68.7,559.9,0.226,0.523,0.862,Festival crowd surge detected - alternate route and extended cycle recommended
EVT430667,2026-01-10 19:54:39,Concert,J012,Koramangala Sony World,6334,Weekend,False,Clear,False,0.0,False,False,0.641,High,16.7,46.2,480.6,0.248,0.574,0.988,Moderate traffic flow - standard adaptive signal timing in effect
EVT430668,2025-07-19 15:43:43,Local Market Day,J012,Koramangala Sony World,3717,Weekend,False,Rain,True,11.7,False,False,0.532,Moderate,23.0,34.1,219.3,0.151,0.349,0.905,Light rain detected - minor speed reduction advised
EVT430669,2025-08-22 11:52:20,Political Rally,J009,Majestic,20368,Weekday,False,Rain,True,22.5,False,False,0.579,High,18.6,40.6,439.6,0.24,0.554,0.941,Heavy rain reducing visibility and grip - reduced speed and longer buffer advised
EVT430670,2025-08-25 21:44:35,Local Market Day,J040,City Market,3379,Weekday,False,Clear,False,0.0,False,False,0.268,Low,36.4,20.3,131.7,0.127,0.294,0.956,Moderate traffic flow - standard adaptive signal timing in effect
EVT430671,2026-03-21 12:54:08,Local Market Day,J040,City Market,6827,Weekend,False,Fog,False,0.0,False,False,0.279,Low,34.0,19.9,111.2,0.096,0.222,0.99,Moderate traffic flow - standard adaptive signal timing in effect
EVT430672,2025-10-29 12:04:15,Local Market Day,J020,Malleshwaram Circle,3202,Weekday,False,Clear,False,0.0,False,False,0.225,Low,26.9,17.2,125.5,0.072,0.167,0.962,Normal free-flow traffic - standard signal timing maintained
EVT430673,2026-01-24 11:57:15,Political Rally,J023,Basavanagudi,12021,Weekend,False,Clear,False,0.0,False,False,0.396,Moderate,27.7,30.1,183.5,0.155,0.357,0.935,Moderate traffic flow - standard adaptive signal timing in effect
EVT430674,2026-04-19 18:11:33,Concert,J031,Cubbon Road,6698,Weekend,False,Clear,False,0.0,False,False,0.919,Severe,12.0,60.0,313.3,0.156,0.361,0.925,Heavy congestion detected - signal timing extended and reroute suggested
EVT430675,2026-06-01 09:16:27,Local Market Day,J012,Koramangala Sony World,4277,Weekday,False,Clear,False,0.0,False,False,1.0,Severe,10.1,69.8,247.6,0.118,0.273,0.913,Heavy congestion detected - signal timing extended and reroute suggested
EVT430676,2025-01-06 18:53:54,Concert,J040,City Market,15242,Weekday,False,Clear,False,0.0,False,False,1.0,Severe,9.0,66.6,609.2,0.228,0.527,0.907,Heavy congestion detected - signal timing extended and reroute suggested
EVT430677,2025-10-19 14:53:52,Local Market Day,J011,Indiranagar 100ft Road,3138,Weekend,False,Clear,False,0.0,False,False,0.245,Low,31.8,20.7,182.2,0.179,0.414,0.962,Normal free-flow traffic - standard signal timing maintained
EVT430678,2026-01-19 08:22:58,Sports Fixture,J011,Indiranagar 100ft Road,17475,Weekday,False,Clear,False,0.0,False,False,1.0,Severe,8.1,72.2,361.7,0.111,0.256,0.905,Heavy congestion detected - signal timing extended and reroute suggested
EVT430679,2025-08-30 19:22:57,Local Market Day,J011,Indiranagar 100ft Road,3831,Weekend,False,Fog,False,0.0,False,False,0.828,Severe,14.3,61.5,167.9,0.087,0.201,0.945,Heavy congestion detected - signal timing extended and reroute suggested
EVT430680,2025-06-01 09:51:08,Local Market Day,J031,Cubbon Road,7380,Weekend,False,Clear,False,0.0,False,False,0.785,Severe,10.8,55.9,665.0,0.257,0.594,0.949,Heavy congestion detected - signal timing extended and reroute suggested
EVT430681,2025-03-23 17:07:06,Political Rally,J040,City Market,7587,Weekend,False,Clear,False,0.0,False,False,0.702,High,15.5,50.8,377.4,0.198,0.457,0.985,Moderate traffic flow - standard adaptive signal timing in effect
EVT430682,2025-01-15 15:43:34,Cultural Procession,J020,Malleshwaram Circle,19378,Weekday,True,Fog,False,0.0,False,True,0.845,High,13.3,82.1,406.0,0.2,0.463,0.876,Road closure for event/procession - full detour recommended for through-traffic
EVT430683,2025-03-07 22:33:39,Sports Fixture,J023,Basavanagudi,15903,Weekday,False,Clear,False,0.0,False,False,0.197,Low,33.0,8.3,109.7,0.109,0.251,0.99,Normal free-flow traffic - standard signal timing maintained
EVT430684,2026-02-05 06:56:50,Sports Fixture,J012,Koramangala Sony World,26250,Weekday,False,Clear,False,0.0,False,False,0.545,Moderate,22.7,42.3,235.6,0.169,0.389,0.985,Moderate traffic flow - standard adaptive signal timing in effect
EVT430685,2025-11-19 08:51:02,Trade Fair,J012,Koramangala Sony World,5071,Weekday,False,Clear,False,0.0,False,False,1.0,Severe,8.6,68.2,630.0,0.226,0.523,0.908,Heavy congestion detected - signal timing extended and reroute suggested
EVT430686,2025-07-04 12:49:42,Concert,J011,Indiranagar 100ft Road,12129,Weekday,False,Clear,False,0.0,False,False,0.287,Low,33.0,24.2,162.1,0.121,0.28,0.975,Moderate traffic flow - standard adaptive signal timing in effect
EVT430687,2025-03-16 15:30:23,Local Market Day,J040,City Market,5896,Weekend,False,Clear,False,0.0,False,False,0.397,Moderate,30.8,28.8,168.1,0.125,0.288,0.936,Moderate traffic flow - standard adaptive signal timing in effect
EVT430688,2025-06-22 10:35:35,Local Market Day,J040,City Market,5551,Weekend,False,Rain,True,23.4,False,False,0.77,Severe,15.4,54.9,228.5,0.133,0.308,0.91,Heavy rain reducing visibility and grip - reduced speed and longer buffer advised
EVT430689,2025-09-25 09:25:18,Sports Fixture,J030,MG Road,11007,Weekday,False,Clear,False,0.0,False,False,0.996,Severe,7.8,72.2,954.2,0.314,0.725,0.913,Heavy congestion detected - signal timing extended and reroute suggested
EVT430690,2025-12-11 09:24:46,Sports Fixture,J030,MG Road,29972,Weekday,False,Clear,False,0.0,False,False,1.0,Severe,9.4,75.1,590.7,0.245,0.565,0.92,Heavy congestion detected - signal timing extended and reroute suggested
EVT430691,2025-09-29 16:08:10,Political Rally,J020,Malleshwaram Circle,16248,Weekday,False,Clear,False,0.0,False,False,0.581,High,21.0,39.2,215.3,0.169,0.391,0.95,Moderate traffic flow - standard adaptive signal timing in effect
EVT430692,2025-05-05 17:49:40,Local Market Day,J011,Indiranagar 100ft Road,5339,Weekday,False,Clear,False,0.0,False,False,1.0,Severe,9.0,71.7,741.4,0.266,0.615,0.892,Heavy congestion detected - signal timing extended and reroute suggested
EVT430693,2025-12-20 10:46:32,Sports Fixture,J030,MG Road,20219,Weekend,False,Clear,False,0.0,False,False,0.668,High,22.4,51.2,306.4,0.222,0.513,0.97,Moderate traffic flow - standard adaptive signal timing in effect
EVT430694,2025-08-23 23:58:48,Trade Fair,J031,Cubbon Road,9971,Weekend,False,Heavy Rain,True,62.7,False,False,0.622,High,16.1,46.9,439.1,0.241,0.558,0.926,Heavy rain reducing visibility and grip - reduced speed and longer buffer advised
EVT430695,2026-06-09 16:47:24,Trade Fair,J040,City Market,6456,Weekday,False,Clear,False,0.0,False,False,0.634,High,22.0,46.9,234.7,0.162,0.374,0.978,Moderate traffic flow - standard adaptive signal timing in effect
EVT430696,2026-06-11 18:06:32,Political Rally,J030,MG Road,12708,Weekday,False,Clear,False,0.0,False,False,1.0,Severe,9.2,65.1,278.3,0.124,0.286,0.89,Heavy congestion detected - signal timing extended and reroute suggested
EVT430697,2025-04-24 19:33:21,Concert,J020,Malleshwaram Circle,7723,Weekday,False,Clear,False,0.0,False,False,0.815,Severe,14.7,55.9,193.9,0.101,0.233,0.942,Heavy congestion detected - signal timing extended and reroute suggested
EVT430698,2025-03-11 08:50:24,Sports Fixture,J031,Cubbon Road,31302,Weekday,False,Clear,False,0.0,False,False,1.0,Severe,7.8,72.1,312.2,0.115,0.265,0.909,Heavy congestion detected - signal timing extended and reroute suggested
EVT430699,2025-08-26 06:12:47,Local Market Day,J012,Koramangala Sony World,3534,Weekday,False,Heavy Rain,True,41.4,False,False,0.582,High,27.2,43.0,174.2,0.122,0.281,0.931,Heavy rain reducing visibility and grip - reduced speed and longer buffer advised
EVT430700,2026-05-25 14:26:22,Local Market Day,J020,Malleshwaram Circle,9452,Weekday,False,Clear,False,0.0,False,False,0.247,Low,34.8,18.8,164.6,0.146,0.336,0.96,Normal free-flow traffic - standard signal timing maintained
EVT430701,2026-02-25 13:56:22,Local Market Day,J030,MG Road,5436,Weekday,False,Clear,False,0.0,False,False,0.173,Low,38.0,17.2,120.7,0.112,0.259,0.943,Normal free-flow traffic - standard signal timing maintained
EVT430702,2025-10-30 13:26:45,Sports Fixture,J020,Malleshwaram Circle,30168,Weekday,False,Clear,False,0.0,False,False,0.351,Moderate,31.1,28.7,155.6,0.126,0.291,0.978,Moderate traffic flow - standard adaptive signal timing in effect
EVT430703,2026-01-24 18:28:26,Sports Fixture,J012,Koramangala Sony World,26293,Weekend,False,Clear,False,0.0,False,False,1.0,Severe,8.1,77.2,278.4,0.112,0.258,0.89,Heavy congestion detected - signal timing extended and reroute suggested
EVT430704,2025-11-16 20:24:18,Sports Fixture,J009,Majestic,15930,Weekend,False,Clear,False,0.0,False,False,0.647,High,20.5,46.7,137.9,0.093,0.214,0.951,Moderate traffic flow - standard adaptive signal timing in effect
EVT430705,2025-03-15 09:00:01,Cultural Procession,J023,Basavanagudi,17652,Weekend,True,Clear,False,0.0,False,True,1.0,Severe,7.6,108.7,332.3,0.125,0.288,0.839,Road closure for event/procession - full detour recommended for through-traffic
EVT430706,2025-11-06 16:19:43,Local Market Day,J012,Koramangala Sony World,3833,Weekday,False,Rain,True,11.3,False,False,0.648,High,20.3,39.8,245.8,0.166,0.383,0.937,Heavy rain reducing visibility and grip - reduced speed and longer buffer advised
EVT430707,2025-04-07 16:39:55,Cultural Procession,J023,Basavanagudi,36455,Weekday,True,Clear,False,0.0,False,False,0.967,Severe,7.1,67.0,602.5,0.174,0.403,0.85,Festival crowd surge detected - alternate route and extended cycle recommended
EVT430708,2025-05-03 12:37:04,Trade Fair,J030,MG Road,8380,Weekend,False,Clear,False,0.0,False,False,0.163,Low,45.9,9.4,120.6,0.125,0.289,0.939,Normal free-flow traffic - standard signal timing maintained
EVT430709,2025-05-29 22:33:23,Trade Fair,J040,City Market,14099,Weekday,False,Light Rain,True,7.2,False,False,0.368,Moderate,31.9,27.7,214.9,0.19,0.438,0.9,Light rain detected - minor speed reduction advised
EVT430710,2025-09-09 14:45:49,Sports Fixture,J012,Koramangala Sony World,27298,Weekday,False,Clear,False,0.0,False,False,0.393,Moderate,34.4,29.5,74.9,0.059,0.137,0.946,Moderate traffic flow - standard adaptive signal timing in effect
EVT430711,2026-06-21 19:06:45,Political Rally,J020,Malleshwaram Circle,12688,Weekend,False,Clear,False,0.0,False,False,0.814,Severe,17.9,52.4,228.9,0.132,0.305,0.943,Heavy congestion detected - signal timing extended and reroute suggested
EVT430712,2025-01-31 14:55:12,Sports Fixture,J009,Majestic,13760,Weekday,False,Clear,False,0.0,False,False,0.294,Low,33.5,20.2,139.1,0.13,0.299,0.973,Moderate traffic flow - standard adaptive signal timing in effect
EVT430713,2025-09-08 05:43:37,Trade Fair,J009,Majestic,8051,Weekday,False,Clear,False,0.0,False,False,0.254,Low,33.9,11.5,113.4,0.106,0.245,0.972,Moderate traffic flow - standard adaptive signal timing in effect
EVT430714,2025-03-09 09:47:51,Sports Fixture,J020,Malleshwaram Circle,16496,Weekend,False,Clear,False,0.0,False,False,0.777,Severe,16.6,56.8,190.5,0.106,0.245,0.945,Heavy congestion detected - signal timing extended and reroute suggested
EVT430715,2025-03-01 09:30:55,Political Rally,J011,Indiranagar 100ft Road,8921,Weekend,False,Clear,False,0.0,False,False,0.8,Severe,14.8,51.3,562.4,0.287,0.662,0.938,Heavy congestion detected - signal timing extended and reroute suggested
EVT430716,2026-02-05 17:54:50,Concert,J040,City Market,13761,Weekday,False,Clear,False,0.0,True,False,1.0,Severe,9.2,76.0,326.1,0.135,0.311,0.739,Accident detected nearby - reroute and reduced speed advised
EVT430717,2025-06-11 12:45:03,Local Market Day,J023,Basavanagudi,4037,Weekday,False,Clear,False,0.0,False,False,0.185,Low,35.7,13.5,93.3,0.076,0.174,0.956,Normal free-flow traffic - standard signal timing maintained
EVT430718,2025-07-20 14:25:24,Concert,J030,MG Road,19986,Weekend,False,Rain,True,21.4,False,False,0.637,High,23.3,42.0,138.9,0.093,0.215,0.941,Heavy rain reducing visibility and grip - reduced speed and longer buffer advised
EVT430719,2026-05-23 09:57:40,Trade Fair,J012,Koramangala Sony World,9679,Weekend,False,Clear,False,0.0,False,False,0.719,High,17.3,47.0,290.7,0.166,0.384,0.977,Moderate traffic flow - standard adaptive signal timing in effect
EVT430720,2025-07-26 07:52:58,Political Rally,J011,Indiranagar 100ft Road,16094,Weekend,False,Rain,True,9.1,True,False,1.0,Severe,8.1,70.3,717.3,0.224,0.517,0.702,Accident detected nearby - reroute and reduced speed advised
EVT430721,2025-08-30 08:41:32,Sports Fixture,J020,Malleshwaram Circle,23505,Weekend,False,Fog,False,0.0,False,False,0.875,Severe,10.3,63.8,598.5,0.238,0.549,0.935,Heavy congestion detected - signal timing extended and reroute suggested
EVT430722,2025-11-26 22:24:04,Political Rally,J030,MG Road,23617,Weekday,False,Clear,False,0.0,False,False,0.399,Moderate,33.2,27.3,125.8,0.109,0.251,0.952,Moderate traffic flow - standard adaptive signal timing in effect
EVT430723,2025-10-17 18:54:53,Concert,J012,Koramangala Sony World,16141,Weekday,False,Fog,False,0.0,False,False,1.0,Severe,9.1,66.0,615.4,0.245,0.567,0.898,Heavy congestion detected - signal timing extended and reroute suggested
EVT430724,2026-06-16 09:37:41,Local Market Day,J023,Basavanagudi,5151,Weekday,False,Clear,False,0.0,False,False,0.991,Severe,8.5,70.8,538.0,0.194,0.448,0.925,Heavy congestion detected - signal timing extended and reroute suggested
EVT430725,2025-02-21 13:26:40,Sports Fixture,J011,Indiranagar 100ft Road,33188,Weekday,False,Clear,False,0.0,False,False,0.429,Moderate,25.3,33.9,234.9,0.175,0.404,0.983,Moderate traffic flow - standard adaptive signal timing in effect
EVT430726,2025-04-01 14:04:55,Local Market Day,J012,Koramangala Sony World,4149,Weekday,False,Clear,False,0.0,False,False,0.175,Low,38.1,10.2,117.8,0.124,0.286,0.99,Normal free-flow traffic - standard signal timing maintained
EVT430727,2026-01-31 10:38:35,Local Market Day,J031,Cubbon Road,6801,Weekend,False,Clear,False,0.0,False,False,0.538,Moderate,22.0,39.3,217.2,0.136,0.314,0.963,Moderate traffic flow - standard adaptive signal timing in effect
EVT430728,2025-05-28 17:41:54,Concert,J023,Basavanagudi,20988,Weekday,False,Clear,False,0.0,False,False,1.0,Severe,8.9,70.0,675.2,0.229,0.529,0.937,Heavy congestion detected - signal timing extended and reroute suggested
EVT430729,2025-07-20 17:51:16,Local Market Day,J040,City Market,2845,Weekend,False,Clear,False,0.0,False,False,0.853,Severe,13.4,62.4,269.2,0.144,0.332,0.941,Heavy congestion detected - signal timing extended and reroute suggested
EVT430730,2025-04-14 06:52:09,Cultural Procession,J040,City Market,15733,Weekday,True,Clear,False,0.0,False,False,0.624,High,20.9,41.0,87.7,0.067,0.156,0.887,Festival crowd surge detected - alternate route and extended cycle recommended
EVT430731,2025-04-08 18:44:41,Concert,J012,Koramangala Sony World,25123,Weekday,False,Clear,False,0.0,False,False,1.0,Severe,8.1,73.6,722.0,0.247,0.57,0.912,Heavy congestion detected - signal timing extended and reroute suggested
EVT430732,2025-02-26 19:37:10,Sports Fixture,J030,MG Road,16661,Weekday,False,Clear,False,0.0,False,False,0.942,Severe,10.5,71.0,662.8,0.266,0.615,0.898,Heavy congestion detected - signal timing extended and reroute suggested
EVT430733,2025-03-31 11:31:25,Religious Festival,J023,Basavanagudi,71605,Weekday,True,Clear,False,0.0,False,True,1.0,Severe,8.0,103.7,471.6,0.165,0.38,0.817,Road closure for event/procession - full detour recommended for through-traffic
EVT430734,2026-05-21 14:15:42,Sports Fixture,J040,City Market,30839,Weekday,False,Clear,False,0.0,False,False,0.329,Low,33.1,27.1,60.0,0.044,0.101,0.94,Moderate traffic flow - standard adaptive signal timing in effect
EVT430735,2025-11-22 18:04:02,Sports Fixture,J040,City Market,28440,Weekend,False,Clear,False,0.0,False,False,0.975,Severe,11.6,69.4,298.5,0.129,0.299,0.924,Heavy congestion detected - signal timing extended and reroute suggested
EVT430736,2025-07-28 15:10:27,Local Market Day,J012,Koramangala Sony World,5861,Weekday,False,Clear,False,0.0,False,False,0.285,Low,31.2,22.0,138.5,0.111,0.256,0.957,Moderate traffic flow - standard adaptive signal timing in effect
EVT430737,2025-02-22 07:19:32,Trade Fair,J031,Cubbon Road,9539,Weekend,False,Clear,False,0.0,False,False,0.498,Moderate,22.6,37.1,291.2,0.167,0.385,0.976,Moderate traffic flow - standard adaptive signal timing in effect
EVT430738,2025-12-08 08:34:33,Sports Fixture,J031,Cubbon Road,18106,Weekday,False,Clear,False,0.0,False,False,1.0,Severe,6.8,69.4,782.0,0.216,0.499,0.93,Heavy congestion detected - signal timing extended and reroute suggested
EVT430739,2025-11-25 19:12:55,Sports Fixture,J009,Majestic,26640,Weekday,False,Rain,True,12.8,False,False,1.0,Severe,7.2,74.3,778.2,0.246,0.568,0.857,Heavy rain reducing visibility and grip - reduced speed and longer buffer advised
EVT430740,2026-01-28 19:38:05,Concert,J011,Indiranagar 100ft Road,11884,Weekday,False,Clear,False,0.0,False,False,0.879,Severe,12.9,67.3,321.1,0.153,0.355,0.932,Heavy congestion detected - signal timing extended and reroute suggested
EVT430741,2026-01-14 18:29:10,Cultural Procession,J020,Malleshwaram Circle,20707,Weekday,True,Clear,False,0.0,False,False,1.0,Severe,9.6,72.3,345.4,0.151,0.349,0.854,Festival crowd surge detected - alternate route and extended cycle recommended
EVT430742,2026-03-06 18:01:47,Trade Fair,J030,MG Road,20152,Weekday,False,Clear,False,0.0,False,False,1.0,Severe,6.8,69.6,322.0,0.109,0.253,0.906,Heavy congestion detected - signal timing extended and reroute suggested
EVT430743,2025-02-23 18:01:35,Trade Fair,J023,Basavanagudi,5451,Weekend,False,Clear,False,0.0,False,False,0.852,Severe,11.3,60.0,443.2,0.183,0.423,0.922,Heavy congestion detected - signal timing extended and reroute suggested
EVT430744,2025-01-07 18:40:02,Concert,J023,Basavanagudi,7728,Weekday,False,Clear,False,0.0,False,False,1.0,Severe,8.7,68.2,584.3,0.211,0.488,0.918,Heavy congestion detected - signal timing extended and reroute suggested
EVT430745,2026-05-15 19:45:39,Concert,J009,Majestic,8651,Weekday,False,Clear,False,0.0,False,False,0.864,Severe,15.7,63.7,300.0,0.167,0.387,0.95,Heavy congestion detected - signal timing extended and reroute suggested
EVT430746,2025-05-19 19:19:40,Political Rally,J020,Malleshwaram Circle,19299,Weekday,False,Clear,False,0.0,False,False,1.0,Severe,6.8,79.5,634.6,0.178,0.411,0.91,Heavy congestion detected - signal timing extended and reroute suggested
EVT430747,2025-10-12 16:19:54,Local Market Day,J023,Basavanagudi,3582,Weekend,False,Clear,False,0.0,False,False,0.51,Moderate,24.7,37.5,124.0,0.091,0.209,0.951,Moderate traffic flow - standard adaptive signal timing in effect
EVT430748,2025-08-29 15:42:11,Local Market Day,J023,Basavanagudi,2865,Weekday,False,Clear,False,0.0,False,False,0.374,Moderate,21.5,31.0,166.1,0.109,0.252,0.953,Moderate traffic flow - standard adaptive signal timing in effect
EVT430749,2026-03-29 16:45:58,Political Rally,J011,Indiranagar 100ft Road,12407,Weekend,False,Clear,False,0.0,False,False,0.627,High,18.8,42.0,236.2,0.146,0.337,0.949,Moderate traffic flow - standard adaptive signal timing in effect
EVT430750,2026-02-22 10:51:39,Local Market Day,J012,Koramangala Sony World,4290,Weekend,False,Clear,False,0.0,False,False,0.418,Moderate,31.0,30.1,102.8,0.07,0.163,0.988,Moderate traffic flow - standard adaptive signal timing in effect
EVT430751,2025-03-30 09:23:35,Religious Festival,J030,MG Road,97398,Weekend,True,Clear,False,0.0,False,False,1.0,Severe,9.6,73.6,532.4,0.203,0.47,0.846,Festival crowd surge detected - alternate route and extended cycle recommended
EVT430752,2026-04-27 11:23:36,Concert,J012,Koramangala Sony World,9275,Weekday,False,Clear,False,0.0,False,False,0.381,Moderate,30.6,21.8,177.0,0.131,0.303,0.957,Moderate traffic flow - standard adaptive signal timing in effect
EVT430753,2026-04-08 12:18:44,Trade Fair,J031,Cubbon Road,10763,Weekday,False,Clear,False,0.0,False,False,0.262,Low,28.5,19.8,215.9,0.161,0.371,0.963,Moderate traffic flow - standard adaptive signal timing in effect
EVT430754,2025-04-18 15:39:47,Trade Fair,J020,Malleshwaram Circle,8834,Weekday,False,Clear,False,0.0,False,False,0.335,Low,31.3,22.0,164.9,0.143,0.329,0.962,Moderate traffic flow - standard adaptive signal timing in effect
EVT430755,2025-09-25 14:31:07,Sports Fixture,J011,Indiranagar 100ft Road,12935,Weekday,False,Clear,False,0.0,False,False,0.217,Low,31.2,17.8,205.2,0.158,0.365,0.968,Normal free-flow traffic - standard signal timing maintained
EVT430756,2026-04-26 09:08:01,Political Rally,J011,Indiranagar 100ft Road,11598,Weekend,False,Clear,False,0.0,False,False,0.898,Severe,12.7,61.7,561.4,0.239,0.553,0.938,Heavy congestion detected - signal timing extended and reroute suggested
EVT430757,2025-08-02 04:40:03,Sports Fixture,J040,City Market,25854,Weekend,False,Clear,False,0.0,False,False,0.404,Moderate,29.6,27.1,130.3,0.123,0.283,0.961,Moderate traffic flow - standard adaptive signal timing in effect
EVT430758,2025-12-05 23:16:15,Concert,J020,Malleshwaram Circle,10957,Weekday,False,Clear,False,0.0,False,False,0.195,Low,35.8,16.8,171.8,0.159,0.368,0.966,Normal free-flow traffic - standard signal timing maintained
EVT430759,2025-01-09 14:06:44,Trade Fair,J020,Malleshwaram Circle,8334,Weekday,False,Clear,False,0.0,False,False,0.158,Low,28.8,9.5,212.5,0.137,0.316,0.99,Normal free-flow traffic - standard signal timing maintained
EVT430760,2025-05-16 19:03:51,Trade Fair,J030,MG Road,8215,Weekday,False,Clear,False,0.0,False,False,1.0,Severe,9.3,74.3,739.5,0.265,0.613,0.93,Heavy congestion detected - signal timing extended and reroute suggested
EVT430761,2026-03-02 14:47:30,Sports Fixture,J011,Indiranagar 100ft Road,18654,Weekday,False,Clear,False,0.0,False,False,0.343,Low,31.2,22.5,153.8,0.103,0.239,0.933,Moderate traffic flow - standard adaptive signal timing in effect
EVT430762,2025-03-24 15:36:43,Trade Fair,J023,Basavanagudi,12113,Weekday,False,Clear,False,0.0,False,False,0.436,Moderate,31.9,30.3,179.9,0.158,0.366,0.973,Moderate traffic flow - standard adaptive signal timing in effect
EVT430763,2026-01-19 14:32:33,Sports Fixture,J009,Majestic,20206,Weekday,False,Clear,False,0.0,False,False,0.198,Low,34.4,16.3,48.6,0.048,0.112,0.967,Normal free-flow traffic - standard signal timing maintained
EVT430764,2025-01-29 10:46:54,Local Market Day,J012,Koramangala Sony World,3296,Weekday,False,Clear,False,0.0,False,False,0.473,Moderate,28.9,32.5,179.9,0.169,0.39,0.959,Moderate traffic flow - standard adaptive signal timing in effect
EVT430765,2025-07-21 07:54:31,Political Rally,J023,Basavanagudi,19799,Weekday,False,Rain,True,19.3,False,False,1.0,Severe,9.5,79.7,396.2,0.155,0.358,0.849,Heavy rain reducing visibility and grip - reduced speed and longer buffer advised
EVT430766,2025-01-22 10:35:10,Local Market Day,J031,Cubbon Road,4575,Weekday,False,Clear,False,0.0,False,False,0.632,High,22.7,42.0,329.0,0.235,0.543,0.945,Moderate traffic flow - standard adaptive signal timing in effect
EVT430767,2025-03-11 13:07:50,Trade Fair,J040,City Market,7286,Weekday,False,Clear,False,0.0,False,False,0.206,Low,35.2,16.6,92.1,0.085,0.197,0.97,Normal free-flow traffic - standard signal timing maintained
EVT430768,2025-11-13 08:29:51,Sports Fixture,J030,MG Road,19594,Weekday,False,Clear,False,0.0,False,False,1.0,Severe,9.8,72.4,434.0,0.176,0.407,0.92,Heavy congestion detected - signal timing extended and reroute suggested
EVT430769,2025-11-13 18:41:18,Trade Fair,J011,Indiranagar 100ft Road,7235,Weekday,False,Clear,False,0.0,False,False,1.0,Severe,7.1,74.8,552.1,0.158,0.366,0.937,Heavy congestion detected - signal timing extended and reroute suggested
EVT430770,2025-02-11 13:23:30,Local Market Day,J023,Basavanagudi,5722,Weekday,False,Clear,False,0.0,False,False,0.247,Low,36.6,16.8,180.2,0.166,0.384,0.959,Normal free-flow traffic - standard signal timing maintained
EVT430771,2025-04-16 19:03:47,Local Market Day,J009,Majestic,2403,Weekday,False,Clear,False,0.0,False,False,1.0,Severe,8.2,74.3,885.9,0.277,0.639,0.908,Heavy congestion detected - signal timing extended and reroute suggested
EVT430772,2025-01-04 08:58:52,Local Market Day,J023,Basavanagudi,4462,Weekend,False,Clear,False,0.0,False,False,0.93,Severe,11.5,69.8,282.4,0.133,0.307,0.914,Heavy congestion detected - signal timing extended and reroute suggested
EVT430773,2025-10-10 08:24:08,Sports Fixture,J030,MG Road,14987,Weekday,False,Clear,False,0.0,False,False,1.0,Severe,8.9,70.2,473.5,0.171,0.395,0.894,Heavy congestion detected - signal timing extended and reroute suggested
EVT430774,2025-03-04 17:39:41,Concert,J040,City Market,11290,Weekday,False,Clear,False,0.0,False,False,0.927,Severe,9.6,66.3,328.5,0.129,0.299,0.926,Heavy congestion detected - signal timing extended and reroute suggested
EVT430775,2025-01-05 15:32:41,Sports Fixture,J031,Cubbon Road,36527,Weekend,False,Clear,False,0.0,False,False,0.512,Moderate,24.9,33.8,237.5,0.175,0.404,0.988,Moderate traffic flow - standard adaptive signal timing in effect
EVT430776,2025-03-21 22:51:31,Sports Fixture,J009,Majestic,26626,Weekday,False,Clear,False,0.0,False,False,0.413,Moderate,16.9,28.9,361.1,0.18,0.415,0.954,Moderate traffic flow - standard adaptive signal timing in effect
EVT430777,2025-05-30 08:14:35,Trade Fair,J009,Majestic,6426,Weekday,False,Clear,False,0.0,False,False,0.897,Severe,12.2,60.5,543.7,0.234,0.54,0.923,Heavy congestion detected - signal timing extended and reroute suggested
EVT430778,2025-04-14 07:49:26,Religious Festival,J011,Indiranagar 100ft Road,38080,Weekday,True,Clear,False,0.0,False,True,1.0,Severe,8.6,97.5,218.0,0.085,0.197,0.836,Road closure for event/procession - full detour recommended for through-traffic
EVT430779,2026-03-26 02:59:44,Religious Festival,J040,City Market,49519,Weekday,True,Clear,False,0.0,False,False,0.651,High,21.2,45.6,227.1,0.15,0.347,0.913,Festival crowd surge detected - alternate route and extended cycle recommended
EVT430780,2025-02-02 18:33:48,Local Market Day,J009,Majestic,8283,Weekend,False,Fog,False,0.0,False,False,0.919,Severe,12.6,64.2,510.2,0.233,0.539,0.925,Heavy congestion detected - signal timing extended and reroute suggested
EVT430781,2025-09-28 11:56:35,Political Rally,J030,MG Road,22583,Weekend,False,Clear,False,0.0,False,False,0.525,Moderate,31.9,32.8,265.4,0.252,0.582,0.975,Moderate traffic flow - standard adaptive signal timing in effect
EVT430782,2025-08-09 06:02:13,Political Rally,J009,Majestic,21332,Weekend,False,Heavy Rain,True,139.0,False,False,0.667,High,18.4,48.9,187.8,0.119,0.274,0.906,Heavy rain reducing visibility and grip - reduced speed and longer buffer advised
EVT430783,2025-05-11 09:30:08,Trade Fair,J011,Indiranagar 100ft Road,6914,Weekend,False,Clear,False,0.0,False,False,0.85,Severe,9.2,61.8,449.9,0.15,0.346,0.946,Heavy congestion detected - signal timing extended and reroute suggested
EVT430784,2025-09-18 16:28:31,Political Rally,J009,Majestic,27698,Weekday,False,Heavy Rain,True,26.9,False,False,0.96,Severe,9.3,66.0,371.9,0.133,0.307,0.841,Heavy rain reducing visibility and grip - reduced speed and longer buffer advised
EVT430785,2026-01-03 09:49:21,Sports Fixture,J011,Indiranagar 100ft Road,20321,Weekend,False,Fog,False,0.0,False,False,0.803,Severe,16.6,61.2,206.0,0.114,0.263,0.941,Heavy congestion detected - signal timing extended and reroute suggested
EVT430786,2025-11-09 15:05:44,Concert,J040,City Market,11754,Weekend,False,Clear,False,0.0,False,False,0.385,Moderate,25.5,25.3,177.4,0.134,0.309,0.927,Moderate traffic flow - standard adaptive signal timing in effect
EVT430787,2025-07-15 16:32:43,Local Market Day,J023,Basavanagudi,5752,Weekday,False,Clear,False,0.0,False,False,0.656,High,18.6,47.6,273.3,0.17,0.393,0.957,Moderate traffic flow - standard adaptive signal timing in effect
EVT430788,2025-02-07 06:52:45,Sports Fixture,J020,Malleshwaram Circle,24464,Weekday,False,Clear,False,0.0,False,False,0.498,Moderate,25.8,31.2,144.7,0.107,0.248,0.955,Moderate traffic flow - standard adaptive signal timing in effect
EVT430789,2026-06-01 19:46:08,Concert,J040,City Market,11183,Weekday,False,Clear,False,0.0,False,False,0.83,Severe,13.6,62.2,257.7,0.128,0.295,0.932,Heavy congestion detected - signal timing extended and reroute suggested
EVT430790,2025-07-26 07:48:36,Concert,J009,Majestic,4583,Weekend,False,Clear,False,0.0,False,False,0.693,High,19.6,45.1,347.0,0.218,0.504,0.977,Moderate traffic flow - standard adaptive signal timing in effect
EVT430791,2025-07-18 12:11:18,Concert,J040,City Market,11550,Weekday,False,Clear,False,0.0,False,False,0.283,Low,26.8,29.5,173.6,0.128,0.297,0.957,Moderate traffic flow - standard adaptive signal timing in effect
EVT430792,2025-09-22 07:46:18,Local Market Day,J009,Majestic,3218,Weekday,False,Clear,False,0.0,False,False,0.7,High,17.3,55.1,302.5,0.179,0.413,0.969,Moderate traffic flow - standard adaptive signal timing in effect
EVT430793,2025-09-08 10:08:54,Sports Fixture,J030,MG Road,45543,Weekday,False,Clear,False,0.0,False,False,0.964,Severe,8.7,67.3,631.9,0.21,0.486,0.922,Heavy congestion detected - signal timing extended and reroute suggested
EVT430794,2025-01-07 15:39:22,Concert,J020,Malleshwaram Circle,12951,Weekday,False,Clear,False,0.0,False,False,0.368,Moderate,27.4,28.2,167.6,0.127,0.293,0.942,Moderate traffic flow - standard adaptive signal timing in effect
EVT430795,2025-06-20 18:32:33,Local Market Day,J009,Majestic,4164,Weekday,False,Clear,False,0.0,False,False,1.0,Severe,9.3,72.6,606.5,0.238,0.549,0.904,Heavy congestion detected - signal timing extended and reroute suggested
EVT430796,2025-02-26 08:54:55,Local Market Day,J031,Cubbon Road,2478,Weekday,False,Clear,False,0.0,False,False,1.0,Severe,9.3,76.5,464.8,0.188,0.434,0.912,Heavy congestion detected - signal timing extended and reroute suggested
EVT430797,2025-07-11 11:48:10,Trade Fair,J011,Indiranagar 100ft Road,8288,Weekday,False,Heavy Rain,True,56.1,False,False,0.619,High,18.3,45.8,266.9,0.163,0.377,0.932,Heavy rain reducing visibility and grip - reduced speed and longer buffer advised
EVT430798,2025-04-07 13:57:26,Cultural Procession,J031,Cubbon Road,27762,Weekday,True,Clear,False,0.0,False,True,0.753,High,19.4,77.8,247.0,0.147,0.338,0.875,Road closure for event/procession - full detour recommended for through-traffic
EVT430799,2025-04-25 19:23:40,Concert,J030,MG Road,14586,Weekday,False,Clear,False,0.0,False,False,0.947,Severe,11.7,67.0,337.9,0.172,0.397,0.926,Heavy congestion detected - signal timing extended and reroute suggested
EVT430800,2025-03-29 19:40:01,Sports Fixture,J040,City Market,21440,Weekend,False,Clear,False,0.0,False,False,0.901,Severe,12.5,70.4,442.6,0.23,0.53,0.93,Heavy congestion detected - signal timing extended and reroute suggested
EVT430801,2025-06-04 19:21:57,Concert,J009,Majestic,17950,Weekday,False,Heavy Rain,True,26.4,False,False,1.0,Severe,7.9,69.0,411.3,0.143,0.331,0.873,Heavy rain reducing visibility and grip - reduced speed and longer buffer advised
EVT430802,2025-10-21 19:35:30,Religious Festival,J012,Koramangala Sony World,24633,Weekday,True,Clear,False,0.0,False,False,1.0,Severe,8.6,72.2,650.8,0.235,0.543,0.855,Festival crowd surge detected - alternate route and extended cycle recommended
EVT430803,2025-08-25 05:08:29,Sports Fixture,J023,Basavanagudi,35838,Weekday,False,Heavy Rain,True,46.3,False,False,0.766,Severe,12.0,52.4,439.2,0.202,0.466,0.923,Heavy rain reducing visibility and grip - reduced speed and longer buffer advised
EVT430804,2025-05-30 17:42:44,Concert,J031,Cubbon Road,7452,Weekday,False,Rain,True,13.5,False,False,1.0,Severe,9.9,72.0,333.8,0.15,0.346,0.862,Heavy rain reducing visibility and grip - reduced speed and longer buffer advised
EVT430805,2025-09-06 19:14:22,Cultural Procession,J031,Cubbon Road,14293,Weekend,True,Heavy Rain,True,26.4,False,True,1.0,Severe,7.1,93.0,901.9,0.273,0.632,0.79,Road closure for event/procession - full detour recommended for through-traffic
EVT430806,2026-01-16 14:07:53,Local Market Day,J011,Indiranagar 100ft Road,5071,Weekday,False,Fog,False,0.0,False,False,0.199,Low,31.0,14.0,211.1,0.174,0.403,0.962,Normal free-flow traffic - standard signal timing maintained
EVT430807,2025-11-23 09:46:54,Concert,J012,Koramangala Sony World,11057,Weekend,False,Rain,True,13.2,False,False,0.977,Severe,8.5,62.1,730.3,0.248,0.572,0.904,Heavy rain reducing visibility and grip - reduced speed and longer buffer advised
EVT430808,2026-04-18 18:01:58,Sports Fixture,J040,City Market,36555,Weekend,False,Clear,False,0.0,False,False,1.0,Severe,8.1,72.4,592.3,0.188,0.435,0.906,Heavy congestion detected - signal timing extended and reroute suggested
EVT430809,2025-08-16 19:57:28,Religious Festival,J012,Koramangala Sony World,28515,Weekend,True,Rain,True,19.3,False,False,1.0,Severe,8.1,75.7,714.0,0.226,0.522,0.799,Festival crowd surge detected - alternate route and extended cycle recommended
EVT430810,2025-08-02 10:42:41,Trade Fair,J009,Majestic,6078,Weekend,False,Clear,False,0.0,False,False,0.498,Moderate,26.9,40.1,208.3,0.156,0.361,0.988,Moderate traffic flow - standard adaptive signal timing in effect
EVT430811,2025-10-26 04:24:40,Concert,J012,Koramangala Sony World,11984,Weekend,False,Clear,False,0.0,False,False,0.325,Low,32.5,30.0,148.0,0.134,0.309,0.96,Moderate traffic flow - standard adaptive signal timing in effect
EVT430812,2025-08-14 20:32:13,Local Market Day,J020,Malleshwaram Circle,6103,Weekday,False,Clear,False,0.0,False,False,0.525,Moderate,25.9,36.7,186.5,0.129,0.299,0.963,Moderate traffic flow - standard adaptive signal timing in effect
EVT430813,2025-09-02 08:19:04,Concert,J009,Majestic,9959,Weekday,False,Clear,False,0.0,False,False,0.953,Severe,10.9,70.6,290.0,0.127,0.293,0.919,Heavy congestion detected - signal timing extended and reroute suggested
EVT430814,2025-03-25 13:23:41,Concert,J023,Basavanagudi,14924,Weekday,False,Rain,True,20.2,False,False,0.482,Moderate,24.2,34.1,126.8,0.106,0.245,0.932,Light rain detected - minor speed reduction advised
EVT430815,2026-05-28 17:36:31,Sports Fixture,J030,MG Road,16634,Weekday,False,Clear,False,0.0,False,False,0.938,Severe,10.6,63.2,466.6,0.193,0.445,0.892,Heavy congestion detected - signal timing extended and reroute suggested
EVT430816,2025-09-01 10:49:44,Concert,J009,Majestic,8114,Weekday,False,Clear,False,0.0,False,False,0.442,Moderate,22.5,27.6,151.5,0.082,0.189,0.98,Moderate traffic flow - standard adaptive signal timing in effect
EVT430817,2025-12-08 11:43:52,Local Market Day,J031,Cubbon Road,3322,Weekday,False,Clear,False,0.0,False,False,0.281,Low,28.5,20.4,234.5,0.197,0.455,0.98,Moderate traffic flow - standard adaptive signal timing in effect
EVT430818,2026-03-19 15:39:00,Fireworks Display,J040,City Market,14812,Weekday,True,Clear,False,0.0,False,False,0.735,High,20.1,50.1,212.4,0.152,0.351,0.896,Festival crowd surge detected - alternate route and extended cycle recommended
EVT430819,2026-05-24 13:06:13,Sports Fixture,J020,Malleshwaram Circle,12863,Weekend,False,Clear,False,0.0,False,False,0.349,Low,28.1,27.2,163.6,0.124,0.287,0.962,Moderate traffic flow - standard adaptive signal timing in effect
EVT430820,2025-11-10 10:47:11,Trade Fair,J040,City Market,3670,Weekday,False,Clear,False,0.0,False,False,0.461,Moderate,19.3,33.1,248.1,0.14,0.324,0.958,Moderate traffic flow - standard adaptive signal timing in effect
EVT430821,2025-04-15 08:25:44,Religious Festival,J009,Majestic,63955,Weekday,True,Clear,False,0.0,False,True,1.0,Severe,7.9,89.3,722.5,0.254,0.587,0.825,Road closure for event/procession - full detour recommended for through-traffic
EVT430822,2025-10-31 16:41:42,Local Market Day,J023,Basavanagudi,2877,Weekday,False,Clear,False,0.0,False,False,0.644,High,20.4,46.4,181.1,0.119,0.276,0.967,Moderate traffic flow - standard adaptive signal timing in effect
EVT430823,2025-03-05 11:05:45,Political Rally,J031,Cubbon Road,15844,Weekday,False,Clear,False,0.0,False,False,0.411,Moderate,26.2,30.4,156.1,0.114,0.264,0.961,Moderate traffic flow - standard adaptive signal timing in effect
EVT430824,2025-07-13 21:52:28,Sports Fixture,J040,City Market,20739,Weekend,False,Light Rain,True,7.0,False,False,0.563,High,22.3,40.9,177.0,0.114,0.264,0.936,Heavy rain reducing visibility and grip - reduced speed and longer buffer advised
EVT430825,2025-03-10 23:09:50,Trade Fair,J011,Indiranagar 100ft Road,8589,Weekday,False,Clear,False,0.0,False,False,0.177,Low,34.4,14.4,138.2,0.113,0.26,0.976,Normal free-flow traffic - standard signal timing maintained
EVT430826,2025-05-04 17:43:56,Concert,J030,MG Road,16584,Weekend,False,Rain,True,13.3,False,False,1.0,Severe,7.3,73.4,505.7,0.149,0.343,0.881,Heavy rain reducing visibility and grip - reduced speed and longer buffer advised
EVT430827,2025-02-19 19:52:14,Political Rally,J020,Malleshwaram Circle,9723,Weekday,False,Clear,False,0.0,False,False,0.842,Severe,18.3,59.8,261.8,0.162,0.375,0.958,Heavy congestion detected - signal timing extended and reroute suggested
EVT430828,2026-01-25 16:47:47,Sports Fixture,J023,Basavanagudi,29296,Weekend,False,Clear,False,0.0,False,False,0.653,High,16.8,49.5,493.9,0.242,0.56,0.959,Moderate traffic flow - standard adaptive signal timing in effect
EVT430829,2026-04-12 08:29:02,Local Market Day,J009,Majestic,5377,Weekend,False,Clear,False,0.0,False,False,0.881,Severe,13.5,67.9,338.6,0.184,0.426,0.973,Heavy congestion detected - signal timing extended and reroute suggested
EVT430830,2026-05-24 07:35:09,Political Rally,J030,MG Road,18497,Weekend,False,Clear,False,0.0,False,False,0.69,High,19.6,45.8,207.7,0.12,0.277,0.976,Moderate traffic flow - standard adaptive signal timing in effect
EVT430831,2025-04-09 21:56:41,Sports Fixture,J040,City Market,14179,Weekday,False,Clear,False,0.0,False,False,0.285,Low,31.5,22.3,195.1,0.137,0.316,0.958,Moderate traffic flow - standard adaptive signal timing in effect
EVT430832,2025-07-11 10:06:12,Local Market Day,J009,Majestic,1933,Weekday,False,Clear,False,0.0,False,False,0.738,High,13.7,48.5,500.8,0.224,0.517,0.987,Moderate traffic flow - standard adaptive signal timing in effect
EVT430833,2025-10-17 20:27:14,Sports Fixture,J012,Koramangala Sony World,31883,Weekday,False,Clear,False,0.0,False,False,0.829,Severe,18.6,60.9,332.7,0.202,0.466,0.935,Heavy congestion detected - signal timing extended and reroute suggested
EVT430834,2025-04-02 15:51:59,Concert,J030,MG Road,7693,Weekday,False,Clear,False,0.0,False,False,0.469,Moderate,25.0,37.3,251.7,0.189,0.437,0.972,Moderate traffic flow - standard adaptive signal timing in effect
EVT430835,2025-09-18 10:07:32,Local Market Day,J009,Majestic,6432,Weekday,False,Heavy Rain,True,29.1,False,False,1.0,Severe,9.2,75.3,729.7,0.287,0.663,0.869,Heavy rain reducing visibility and grip - reduced speed and longer buffer advised
EVT430836,2025-07-17 12:19:17,Local Market Day,J012,Koramangala Sony World,3451,Weekday,False,Heavy Rain,True,46.1,False,False,0.616,High,16.2,45.4,355.5,0.172,0.396,0.898,Heavy rain reducing visibility and grip - reduced speed and longer buffer advised
EVT430837,2025-09-19 12:30:23,Local Market Day,J011,Indiranagar 100ft Road,6554,Weekday,False,Clear,False,0.0,False,False,0.208,Low,37.9,15.1,88.9,0.075,0.173,0.961,Normal free-flow traffic - standard signal timing maintained
EVT430838,2026-01-17 15:53:06,Sports Fixture,J040,City Market,24788,Weekend,False,Clear,False,0.0,False,False,0.574,High,27.7,45.5,236.2,0.196,0.452,0.95,Moderate traffic flow - standard adaptive signal timing in effect
EVT430839,2025-03-02 16:48:21,Sports Fixture,J009,Majestic,21968,Weekend,False,Clear,False,0.0,False,False,0.662,High,18.1,43.0,228.8,0.123,0.284,0.99,Moderate traffic flow - standard adaptive signal timing in effect
EVT430840,2025-05-16 13:21:58,Trade Fair,J023,Basavanagudi,12261,Weekday,False,Clear,False,0.0,False,False,0.198,Low,28.8,17.2,113.3,0.093,0.214,0.967,Normal free-flow traffic - standard signal timing maintained
EVT430841,2025-10-10 09:59:12,Local Market Day,J031,Cubbon Road,2548,Weekday,False,Clear,False,0.0,False,False,0.732,High,23.3,48.3,225.7,0.167,0.385,0.984,Moderate traffic flow - standard adaptive signal timing in effect
EVT430842,2025-11-28 07:37:13,Sports Fixture,J011,Indiranagar 100ft Road,15630,Weekday,False,Rain,True,7.7,False,False,0.828,Severe,17.2,60.7,331.8,0.207,0.478,0.886,Heavy rain reducing visibility and grip - reduced speed and longer buffer advised
EVT430843,2025-11-11 07:25:51,Sports Fixture,J023,Basavanagudi,21321,Weekday,False,Clear,False,0.0,False,False,0.561,High,21.9,39.1,152.4,0.108,0.249,0.975,Moderate traffic flow - standard adaptive signal timing in effect
EVT430844,2026-02-05 08:56:37,Concert,J031,Cubbon Road,11855,Weekday,False,Clear,False,0.0,False,False,1.0,Severe,8.7,74.9,779.3,0.266,0.615,0.899,Heavy congestion detected - signal timing extended and reroute suggested
EVT430845,2026-03-30 16:57:07,Local Market Day,J040,City Market,3984,Weekday,False,Clear,False,0.0,False,False,0.768,Severe,15.5,57.4,235.1,0.13,0.299,0.957,Heavy congestion detected - signal timing extended and reroute suggested
EVT430846,2026-04-05 11:39:49,Concert,J031,Cubbon Road,13885,Weekend,False,Clear,False,0.0,False,False,0.46,Moderate,23.8,31.5,231.0,0.187,0.431,0.959,Moderate traffic flow - standard adaptive signal timing in effect
EVT430847,2025-04-27 13:33:03,Concert,J040,City Market,11744,Weekend,False,Clear,False,0.0,False,False,0.285,Low,27.8,19.7,197.2,0.16,0.369,0.99,Moderate traffic flow - standard adaptive signal timing in effect
EVT430848,2025-03-01 18:39:25,Sports Fixture,J020,Malleshwaram Circle,30532,Weekend,False,Clear,False,0.0,False,False,1.0,Severe,8.2,63.7,297.1,0.123,0.284,0.94,Heavy congestion detected - signal timing extended and reroute suggested
EVT430849,2025-02-26 19:09:18,Political Rally,J030,MG Road,21566,Weekday,False,Clear,False,0.0,False,False,1.0,Severe,9.6,66.8,632.4,0.228,0.528,0.909,Heavy congestion detected - signal timing extended and reroute suggested
EVT430850,2025-07-30 08:07:10,Sports Fixture,J009,Majestic,20708,Weekday,False,Clear,False,0.0,False,False,0.874,Severe,13.3,63.6,392.8,0.186,0.43,0.963,Heavy congestion detected - signal timing extended and reroute suggested
EVT430851,2026-05-18 09:35:19,Local Market Day,J009,Majestic,3270,Weekday,False,Clear,False,0.0,False,False,0.962,Severe,10.4,70.7,375.1,0.153,0.354,0.942,Heavy congestion detected - signal timing extended and reroute suggested
EVT430852,2025-10-14 09:11:42,Local Market Day,J012,Koramangala Sony World,4961,Weekday,False,Clear,False,0.0,False,False,0.992,Severe,8.8,66.9,345.5,0.118,0.272,0.916,Heavy congestion detected - signal timing extended and reroute suggested
EVT430853,2026-02-07 14:57:04,Trade Fair,J030,MG Road,14890,Weekend,False,Clear,False,0.0,False,False,0.383,Moderate,28.2,24.3,187.2,0.16,0.37,0.967,Moderate traffic flow - standard adaptive signal timing in effect
EVT430854,2026-02-12 08:22:13,Concert,J020,Malleshwaram Circle,24452,Weekday,False,Clear,False,0.0,False,False,1.0,Severe,8.3,69.8,440.7,0.137,0.317,0.92,Heavy congestion detected - signal timing extended and reroute suggested
EVT430855,2025-03-17 13:20:31,Sports Fixture,J011,Indiranagar 100ft Road,33148,Weekday,False,Clear,False,0.0,False,False,0.409,Moderate,21.8,28.9,189.6,0.113,0.262,0.959,Moderate traffic flow - standard adaptive signal timing in effect
EVT430856,2026-04-19 13:46:29,Local Market Day,J020,Malleshwaram Circle,2529,Weekend,False,Fog,False,0.0,False,False,0.315,Low,30.0,17.9,140.1,0.104,0.241,0.983,Moderate traffic flow - standard adaptive signal timing in effect
EVT430857,2026-03-07 06:40:15,Concert,J020,Malleshwaram Circle,19296,Weekend,False,Clear,False,0.0,False,False,0.491,Moderate,26.0,40.6,209.0,0.149,0.345,0.963,Moderate traffic flow - standard adaptive signal timing in effect
EVT430858,2025-07-10 10:44:59,Sports Fixture,J020,Malleshwaram Circle,18446,Weekday,False,Rain,True,20.2,False,False,0.785,Severe,14.1,51.5,292.6,0.116,0.267,0.912,Heavy rain reducing visibility and grip - reduced speed and longer buffer advised
EVT430859,2025-08-28 13:02:27,Religious Festival,J031,Cubbon Road,49379,Weekday,True,Rain,True,21.4,False,False,0.908,Severe,10.7,66.7,465.0,0.205,0.473,0.841,Festival crowd surge detected - alternate route and extended cycle recommended
EVT430860,2025-04-20 14:08:07,Political Rally,J020,Malleshwaram Circle,15304,Weekend,False,Clear,False,0.0,False,False,0.361,Moderate,28.4,31.2,286.1,0.218,0.503,0.957,Moderate traffic flow - standard adaptive signal timing in effect
EVT430861,2025-11-12 22:17:05,Concert,J011,Indiranagar 100ft Road,10269,Weekday,False,Clear,False,0.0,False,False,0.322,Low,21.9,27.7,127.0,0.084,0.195,0.985,Moderate traffic flow - standard adaptive signal timing in effect
EVT430862,2026-02-07 06:42:28,Local Market Day,J031,Cubbon Road,4456,Weekend,False,Clear,False,0.0,False,False,0.301,Low,30.0,20.0,195.6,0.175,0.403,0.957,Moderate traffic flow - standard adaptive signal timing in effect
EVT430863,2025-11-16 12:53:07,Sports Fixture,J020,Malleshwaram Circle,15276,Weekend,False,Clear,False,0.0,False,False,0.349,Low,31.2,25.3,94.3,0.098,0.226,0.97,Moderate traffic flow - standard adaptive signal timing in effect
EVT430864,2025-03-24 21:01:28,Trade Fair,J030,MG Road,6635,Weekday,False,Clear,False,0.0,False,False,0.46,Moderate,30.6,26.9,147.6,0.133,0.307,0.972,Moderate traffic flow - standard adaptive signal timing in effect
EVT430865,2026-03-27 06:50:06,Cultural Procession,J011,Indiranagar 100ft Road,20946,Weekday,True,Clear,False,0.0,False,True,0.849,High,16.1,78.8,476.9,0.263,0.608,0.847,Road closure for event/procession - full detour recommended for through-traffic
EVT430866,2025-06-20 13:21:06,Concert,J023,Basavanagudi,10239,Weekday,False,Clear,False,0.0,False,False,0.263,Low,32.3,14.4,86.5,0.066,0.152,0.973,Moderate traffic flow - standard adaptive signal timing in effect
EVT430867,2025-11-19 09:54:01,Local Market Day,J030,MG Road,6669,Weekday,False,Clear,False,0.0,False,False,0.83,Severe,14.3,59.9,433.8,0.21,0.486,0.954,Heavy congestion detected - signal timing extended and reroute suggested
EVT430868,2025-04-13 10:25:19,Local Market Day,J030,MG Road,4654,Weekend,False,Clear,False,0.0,False,False,0.581,High,19.6,44.8,171.3,0.102,0.235,0.983,Moderate traffic flow - standard adaptive signal timing in effect
EVT430869,2025-10-21 08:20:27,Fireworks Display,J031,Cubbon Road,23053,Weekday,True,Clear,False,0.0,False,False,1.0,Severe,6.6,73.1,778.6,0.235,0.543,0.862,Festival crowd surge detected - alternate route and extended cycle recommended
EVT430870,2025-07-11 09:04:37,Trade Fair,J031,Cubbon Road,13206,Weekday,False,Rain,True,14.8,False,False,1.0,Severe,7.8,70.8,602.3,0.198,0.457,0.86,Heavy rain reducing visibility and grip - reduced speed and longer buffer advised
EVT430871,2025-07-26 07:17:26,Local Market Day,J023,Basavanagudi,3826,Weekend,False,Rain,True,10.6,False,False,0.686,High,18.5,46.0,156.1,0.099,0.228,0.922,Heavy rain reducing visibility and grip - reduced speed and longer buffer advised
EVT430872,2026-03-14 20:00:41,Sports Fixture,J040,City Market,43502,Weekend,False,Clear,False,0.0,False,False,0.861,Severe,14.3,57.6,345.7,0.189,0.437,0.971,Heavy congestion detected - signal timing extended and reroute suggested
EVT430873,2025-01-20 06:48:05,Sports Fixture,J023,Basavanagudi,16114,Weekday,False,Clear,False,0.0,False,False,0.461,Moderate,26.7,30.1,192.4,0.162,0.374,0.984,Moderate traffic flow - standard adaptive signal timing in effect
EVT430874,2025-08-23 06:55:32,Sports Fixture,J030,MG Road,29076,Weekend,False,Clear,False,0.0,False,False,0.616,High,21.4,43.1,312.8,0.193,0.446,0.944,Moderate traffic flow - standard adaptive signal timing in effect
EVT430875,2026-05-30 11:44:13,Sports Fixture,J011,Indiranagar 100ft Road,22393,Weekend,False,Clear,False,0.0,False,False,0.434,Moderate,25.9,25.6,120.7,0.098,0.227,0.95,Moderate traffic flow - standard adaptive signal timing in effect
EVT430876,2025-06-08 09:09:18,Trade Fair,J012,Koramangala Sony World,5895,Weekend,False,Rain,True,15.6,False,False,1.0,Severe,8.9,72.0,442.1,0.176,0.405,0.859,Heavy rain reducing visibility and grip - reduced speed and longer buffer advised
EVT430877,2025-08-16 17:02:31,Fireworks Display,J030,MG Road,24628,Weekend,True,Clear,False,0.0,False,False,0.948,Severe,9.5,70.2,498.9,0.189,0.437,0.863,Festival crowd surge detected - alternate route and extended cycle recommended
EVT430878,2025-04-22 16:15:43,Local Market Day,J023,Basavanagudi,4379,Weekday,False,Heavy Rain,True,29.2,False,False,0.805,Severe,12.9,51.9,350.4,0.171,0.394,0.921,Heavy rain reducing visibility and grip - reduced speed and longer buffer advised
EVT430879,2025-01-16 18:43:15,Concert,J023,Basavanagudi,5566,Weekday,False,Clear,False,0.0,False,False,0.983,Severe,7.8,69.3,828.0,0.256,0.592,0.912,Heavy congestion detected - signal timing extended and reroute suggested
EVT430880,2025-12-07 10:48:01,Concert,J023,Basavanagudi,17490,Weekend,False,Clear,False,0.0,False,False,0.521,Moderate,23.0,37.9,381.6,0.268,0.618,0.964,Moderate traffic flow - standard adaptive signal timing in effect
EVT430881,2026-03-26 07:58:26,Cultural Procession,J031,Cubbon Road,22284,Weekday,True,Clear,False,0.0,False,True,1.0,Severe,7.7,96.2,800.1,0.262,0.605,0.841,Road closure for event/procession - full detour recommended for through-traffic
EVT430882,2025-03-28 18:42:07,Sports Fixture,J009,Majestic,17586,Weekday,False,Clear,False,0.0,False,False,1.0,Severe,8.2,69.1,225.9,0.078,0.18,0.909,Heavy congestion detected - signal timing extended and reroute suggested
EVT430883,2026-04-25 08:59:43,Local Market Day,J012,Koramangala Sony World,3144,Weekend,False,Clear,False,0.0,False,False,0.844,Severe,10.1,53.9,382.8,0.146,0.338,0.99,Heavy congestion detected - signal timing extended and reroute suggested
EVT430884,2025-09-04 15:03:26,Trade Fair,J030,MG Road,12503,Weekday,False,Clear,False,0.0,False,False,0.272,Low,25.7,17.9,176.2,0.126,0.291,0.946,Moderate traffic flow - standard adaptive signal timing in effect
EVT430885,2026-05-05 20:20:35,Sports Fixture,J020,Malleshwaram Circle,16962,Weekday,False,Rain,True,8.3,False,False,0.796,Severe,20.5,53.4,221.0,0.17,0.392,0.889,Heavy rain reducing visibility and grip - reduced speed and longer buffer advised
EVT430886,2025-04-23 18:15:19,Concert,J011,Indiranagar 100ft Road,9205,Weekday,False,Clear,False,0.0,False,False,1.0,Severe,9.0,67.7,385.0,0.151,0.349,0.918,Heavy congestion detected - signal timing extended and reroute suggested
EVT430887,2026-04-09 11:31:28,Trade Fair,J011,Indiranagar 100ft Road,22841,Weekday,False,Clear,False,0.0,False,False,0.394,Moderate,25.5,24.2,208.2,0.147,0.339,0.96,Moderate traffic flow - standard adaptive signal timing in effect
EVT430888,2025-09-28 14:42:44,Concert,J023,Basavanagudi,15370,Weekend,False,Clear,False,0.0,False,False,0.455,Moderate,35.5,36.0,160.9,0.162,0.374,0.968,Moderate traffic flow - standard adaptive signal timing in effect
EVT430889,2025-03-28 20:36:08,Political Rally,J040,City Market,22046,Weekday,False,Clear,False,0.0,False,False,0.588,High,25.7,42.1,238.6,0.182,0.42,0.956,Moderate traffic flow - standard adaptive signal timing in effect
EVT430890,2026-01-13 10:15:18,Local Market Day,J009,Majestic,6340,Weekday,False,Clear,False,0.0,False,False,0.781,Severe,13.2,59.0,139.9,0.057,0.132,0.97,Heavy congestion detected - signal timing extended and reroute suggested
EVT430891,2025-03-03 14:37:01,Trade Fair,J020,Malleshwaram Circle,7058,Weekday,False,Clear,False,0.0,False,False,0.213,Low,31.2,11.9,156.2,0.123,0.285,0.977,Normal free-flow traffic - standard signal timing maintained
EVT430892,2025-04-16 15:23:56,Political Rally,J020,Malleshwaram Circle,15907,Weekday,False,Clear,False,0.0,False,False,0.39,Moderate,30.7,28.9,194.4,0.168,0.387,0.984,Moderate traffic flow - standard adaptive signal timing in effect
EVT430893,2026-03-30 14:36:39,Trade Fair,J023,Basavanagudi,4128,Weekday,False,Clear,False,0.0,False,False,0.126,Low,33.5,9.7,62.8,0.031,0.073,0.937,Normal free-flow traffic - standard signal timing maintained
EVT430894,2025-06-03 06:24:40,Trade Fair,J012,Koramangala Sony World,14297,Weekday,False,Clear,False,0.0,False,False,0.343,Low,28.1,29.6,267.1,0.186,0.429,0.978,Moderate traffic flow - standard adaptive signal timing in effect
EVT430895,2025-10-22 08:20:03,Religious Festival,J009,Majestic,33216,Weekday,True,Clear,False,0.0,False,False,1.0,Severe,8.5,67.2,443.3,0.166,0.383,0.869,Festival crowd surge detected - alternate route and extended cycle recommended
EVT430896,2026-06-26 17:37:06,Sports Fixture,J031,Cubbon Road,14716,Weekday,False,Rain,True,23.9,False,False,1.0,Severe,5.3,74.2,1408.5,0.274,0.632,0.835,Heavy rain reducing visibility and grip - reduced speed and longer buffer advised
EVT430897,2026-02-21 17:54:33,Local Market Day,J040,City Market,5150,Weekend,False,Clear,False,0.0,False,False,0.871,Severe,14.4,62.7,343.2,0.175,0.404,0.945,Heavy congestion detected - signal timing extended and reroute suggested
EVT430898,2025-02-02 07:37:01,Sports Fixture,J030,MG Road,21510,Weekend,False,Clear,False,0.0,False,False,0.696,High,17.8,51.4,351.6,0.194,0.448,0.942,Moderate traffic flow - standard adaptive signal timing in effect
EVT430899,2025-06-05 18:56:21,Local Market Day,J031,Cubbon Road,2505,Weekday,False,Rain,True,17.6,False,False,1.0,Severe,8.6,69.4,408.4,0.136,0.314,0.86,Heavy rain reducing visibility and grip - reduced speed and longer buffer advised
EVT430900,2025-07-14 17:32:23,Concert,J011,Indiranagar 100ft Road,9807,Weekday,False,Clear,False,0.0,False,False,0.964,Severe,10.5,66.5,384.0,0.169,0.391,0.901,Heavy congestion detected - signal timing extended and reroute suggested
EVT430901,2025-03-18 18:44:27,Concert,J031,Cubbon Road,7730,Weekday,False,Clear,False,0.0,False,False,1.0,Severe,7.7,72.8,629.8,0.216,0.499,0.916,Heavy congestion detected - signal timing extended and reroute suggested
EVT430902,2025-05-09 19:37:42,Local Market Day,J031,Cubbon Road,6146,Weekday,False,Heavy Rain,True,31.6,False,False,1.0,Severe,10.7,73.6,441.8,0.18,0.415,0.846,Heavy rain reducing visibility and grip - reduced speed and longer buffer advised
EVT430903,2026-01-06 16:11:43,Political Rally,J011,Indiranagar 100ft Road,23054,Weekday,False,Clear,False,0.0,False,False,0.555,High,24.6,43.3,114.7,0.058,0.133,0.963,Moderate traffic flow - standard adaptive signal timing in effect
EVT430904,2025-11-16 14:09:31,Concert,J012,Koramangala Sony World,13743,Weekend,False,Clear,False,0.0,False,False,0.343,Low,34.3,20.3,59.3,0.04,0.092,0.99,Moderate traffic flow - standard adaptive signal timing in effect
EVT430905,2025-01-05 12:01:22,Sports Fixture,J030,MG Road,20502,Weekend,False,Clear,False,0.0,False,False,0.38,Moderate,35.1,30.4,182.8,0.184,0.426,0.948,Moderate traffic flow - standard adaptive signal timing in effect
EVT430906,2025-09-13 09:58:33,Sports Fixture,J011,Indiranagar 100ft Road,13307,Weekend,False,Heavy Rain,True,43.5,False,False,1.0,Severe,7.5,74.2,532.2,0.163,0.376,0.883,Heavy rain reducing visibility and grip - reduced speed and longer buffer advised
EVT430907,2025-12-14 06:35:42,Sports Fixture,J011,Indiranagar 100ft Road,21289,Weekend,False,Clear,False,0.0,False,False,0.474,Moderate,22.7,36.1,252.8,0.18,0.415,0.963,Moderate traffic flow - standard adaptive signal timing in effect
EVT430908,2026-02-26 06:54:10,Concert,J023,Basavanagudi,12240,Weekday,False,Clear,False,0.0,False,False,0.523,Moderate,21.1,42.5,245.3,0.158,0.364,0.969,Moderate traffic flow - standard adaptive signal timing in effect
EVT430909,2025-05-09 08:38:56,Concert,J030,MG Road,8147,Weekday,False,Clear,False,0.0,False,False,0.982,Severe,9.6,70.9,509.2,0.193,0.446,0.907,Heavy congestion detected - signal timing extended and reroute suggested
EVT430910,2025-01-01 12:02:39,Sports Fixture,J011,Indiranagar 100ft Road,35437,Weekday,False,Light Rain,True,6.4,False,False,0.565,High,24.8,39.8,81.2,0.052,0.121,0.915,Heavy rain reducing visibility and grip - reduced speed and longer buffer advised
EVT430911,2025-01-17 18:46:34,Concert,J020,Malleshwaram Circle,12441,Weekday,False,Clear,False,0.0,False,False,1.0,Severe,9.0,68.0,485.0,0.161,0.371,0.891,Heavy congestion detected - signal timing extended and reroute suggested
EVT430912,2026-01-25 18:19:01,Concert,J023,Basavanagudi,11060,Weekend,False,Clear,False,0.0,False,False,0.937,Severe,13.1,61.2,278.3,0.137,0.318,0.929,Heavy congestion detected - signal timing extended and reroute suggested
EVT430913,2025-05-09 17:12:21,Concert,J030,MG Road,12963,Weekday,False,Clear,False,0.0,False,False,0.874,Severe,13.2,54.9,378.8,0.182,0.42,0.945,Heavy congestion detected - signal timing extended and reroute suggested
EVT430914,2025-06-01 17:20:10,Local Market Day,J023,Basavanagudi,4395,Weekend,False,Heavy Rain,True,85.8,False,False,1.0,Severe,8.0,71.3,437.8,0.15,0.347,0.869,Heavy rain reducing visibility and grip - reduced speed and longer buffer advised
EVT430915,2026-06-19 13:35:40,Local Market Day,J011,Indiranagar 100ft Road,5175,Weekday,False,Clear,False,0.0,False,False,0.2,Low,36.1,14.0,66.8,0.067,0.154,0.958,Normal free-flow traffic - standard signal timing maintained
EVT430916,2026-04-11 17:26:09,Local Market Day,J009,Majestic,3615,Weekend,False,Clear,False,0.0,False,False,0.773,Severe,13.1,59.3,424.5,0.203,0.47,0.949,Heavy congestion detected - signal timing extended and reroute suggested
EVT430917,2025-12-25 13:02:49,Religious Festival,J009,Majestic,43622,Weekday,True,Clear,False,0.0,False,True,0.793,High,14.4,76.6,227.3,0.121,0.28,0.879,Road closure for event/procession - full detour recommended for through-traffic
EVT430918,2026-04-08 16:38:20,Local Market Day,J009,Majestic,3404,Weekday,False,Clear,False,0.0,False,False,0.662,High,15.5,47.1,111.6,0.049,0.112,0.94,Moderate traffic flow - standard adaptive signal timing in effect
EVT430919,2026-05-06 18:39:08,Sports Fixture,J040,City Market,30284,Weekday,False,Clear,False,0.0,False,False,1.0,Severe,8.3,71.8,563.3,0.186,0.429,0.934,Heavy congestion detected - signal timing extended and reroute suggested
EVT430920,2025-01-07 16:57:58,Trade Fair,J020,Malleshwaram Circle,11213,Weekday,False,Clear,False,0.0,False,False,0.74,High,15.7,52.7,309.2,0.175,0.405,0.939,Moderate traffic flow - standard adaptive signal timing in effect
EVT430921,2025-06-30 07:42:16,Trade Fair,J030,MG Road,4848,Weekday,False,Clear,False,0.0,False,False,0.652,High,19.7,45.5,295.1,0.191,0.44,0.96,Moderate traffic flow - standard adaptive signal timing in effect
EVT430922,2025-03-04 16:21:13,Trade Fair,J012,Koramangala Sony World,7419,Weekday,False,Fog,False,0.0,False,False,0.506,Moderate,20.7,32.1,297.4,0.197,0.456,0.987,Moderate traffic flow - standard adaptive signal timing in effect
EVT430923,2025-06-01 18:21:51,Local Market Day,J030,MG Road,3758,Weekend,False,Heavy Rain,True,37.3,False,False,1.0,Severe,9.7,70.6,370.4,0.163,0.376,0.866,Heavy rain reducing visibility and grip - reduced speed and longer buffer advised
EVT430924,2025-04-07 20:31:41,Religious Festival,J023,Basavanagudi,35477,Weekday,True,Clear,False,0.0,False,True,1.0,Severe,9.0,95.1,318.2,0.123,0.283,0.829,Road closure for event/procession - full detour recommended for through-traffic
EVT430925,2025-06-28 07:15:25,Sports Fixture,J011,Indiranagar 100ft Road,18222,Weekend,False,Clear,False,0.0,False,False,0.566,High,23.5,44.5,291.0,0.197,0.456,0.941,Moderate traffic flow - standard adaptive signal timing in effect
EVT430926,2026-05-16 06:19:43,Concert,J009,Majestic,8635,Weekend,False,Clear,False,0.0,False,False,0.377,Moderate,26.5,24.3,64.0,0.045,0.103,0.963,Moderate traffic flow - standard adaptive signal timing in effect
EVT430927,2025-05-12 19:06:30,Local Market Day,J020,Malleshwaram Circle,4262,Weekday,False,Fog,False,0.0,False,False,0.974,Severe,8.9,66.8,500.0,0.193,0.445,0.937,Heavy congestion detected - signal timing extended and reroute suggested
EVT430928,2026-06-28 12:14:20,Sports Fixture,J031,Cubbon Road,27574,Weekend,False,Clear,False,0.0,False,False,0.498,Moderate,23.8,34.1,202.7,0.148,0.341,0.962,Moderate traffic flow - standard adaptive signal timing in effect
EVT430929,2025-08-11 20:19:22,Local Market Day,J009,Majestic,4793,Weekday,False,Heavy Rain,True,32.3,False,False,0.909,Severe,11.8,67.5,593.7,0.259,0.599,0.878,Heavy rain reducing visibility and grip - reduced speed and longer buffer advised
EVT430930,2026-01-29 13:06:36,Political Rally,J012,Koramangala Sony World,14862,Weekday,False,Clear,False,0.0,False,False,0.222,Low,35.5,15.4,51.3,0.047,0.109,0.953,Normal free-flow traffic - standard signal timing maintained
EVT430931,2025-12-19 18:42:17,Local Market Day,J040,City Market,2381,Weekday,False,Clear,False,0.0,False,False,1.0,Severe,9.4,70.0,464.6,0.179,0.413,0.897,Heavy congestion detected - signal timing extended and reroute suggested
EVT430932,2025-09-22 20:45:47,Trade Fair,J023,Basavanagudi,7502,Weekday,False,Rain,True,9.7,False,False,0.596,High,21.5,38.6,240.1,0.145,0.336,0.904,Heavy rain reducing visibility and grip - reduced speed and longer buffer advised
EVT430933,2025-10-21 17:25:47,Cultural Procession,J040,City Market,17159,Weekday,True,Rain,True,16.0,False,False,1.0,Severe,8.0,73.6,719.9,0.24,0.554,0.795,Festival crowd surge detected - alternate route and extended cycle recommended
EVT430934,2025-03-17 09:09:34,Trade Fair,J012,Koramangala Sony World,9329,Weekday,False,Clear,False,0.0,False,False,0.987,Severe,8.2,65.9,601.3,0.202,0.467,0.917,Heavy congestion detected - signal timing extended and reroute suggested
EVT430935,2025-01-07 15:23:26,Local Market Day,J020,Malleshwaram Circle,2937,Weekday,False,Clear,False,0.0,False,False,0.3,Low,26.9,24.4,202.0,0.143,0.33,0.96,Moderate traffic flow - standard adaptive signal timing in effect
EVT430936,2025-08-24 18:44:26,Local Market Day,J020,Malleshwaram Circle,2234,Weekend,False,Rain,True,18.6,False,False,1.0,Severe,7.3,73.5,806.8,0.258,0.597,0.833,Heavy rain reducing visibility and grip - reduced speed and longer buffer advised
EVT430937,2026-01-24 18:15:23,Sports Fixture,J011,Indiranagar 100ft Road,25228,Weekend,False,Clear,False,0.0,False,False,1.0,Severe,7.8,72.2,956.2,0.292,0.675,0.912,Heavy congestion detected - signal timing extended and reroute suggested
EVT430938,2025-08-11 13:06:09,Local Market Day,J023,Basavanagudi,4668,Weekday,False,Clear,False,0.0,False,False,0.189,Low,32.7,13.6,182.6,0.165,0.381,0.99,Normal free-flow traffic - standard signal timing maintained
EVT430939,2026-01-14 20:54:49,Cultural Procession,J020,Malleshwaram Circle,35747,Weekday,True,Clear,False,0.0,False,True,0.967,Severe,11.0,107.9,355.0,0.178,0.411,0.856,Road closure for event/procession - full detour recommended for through-traffic
EVT430940,2025-09-24 18:00:55,Sports Fixture,J030,MG Road,31951,Weekday,False,Clear,False,0.0,False,False,1.0,Severe,8.7,67.0,568.0,0.202,0.467,0.925,Heavy congestion detected - signal timing extended and reroute suggested
EVT430941,2025-06-02 05:29:38,Local Market Day,J020,Malleshwaram Circle,2406,Weekday,False,Heavy Rain,True,25.1,False,False,0.416,Moderate,28.9,30.2,180.9,0.146,0.338,0.902,Light rain detected - minor speed reduction advised
EVT430942,2025-03-21 19:14:01,Local Market Day,J009,Majestic,4175,Weekday,False,Clear,False,0.0,False,False,0.919,Severe,11.0,64.4,332.5,0.155,0.359,0.932,Heavy congestion detected - signal timing extended and reroute suggested
EVT430943,2025-12-31 04:17:07,Political Rally,J031,Cubbon Road,8705,Weekday,False,Clear,False,0.0,False,False,0.12,Low,31.6,10.6,166.5,0.141,0.327,0.963,Normal free-flow traffic - standard signal timing maintained
EVT430944,2025-08-05 22:49:36,Local Market Day,J011,Indiranagar 100ft Road,5251,Weekday,False,Fog,False,0.0,False,False,0.268,Low,34.6,18.4,151.9,0.134,0.309,0.951,Moderate traffic flow - standard adaptive signal timing in effect
EVT430945,2025-11-24 08:05:38,Sports Fixture,J030,MG Road,14787,Weekday,False,Clear,False,0.0,False,False,0.987,Severe,8.3,70.6,294.5,0.107,0.246,0.921,Heavy congestion detected - signal timing extended and reroute suggested
EVT430946,2026-03-06 19:08:11,Local Market Day,J020,Malleshwaram Circle,1786,Weekday,False,Clear,False,0.0,False,False,0.882,Severe,13.1,62.8,499.0,0.239,0.552,0.952,Heavy congestion detected - signal timing extended and reroute suggested
EVT430947,2026-01-03 09:04:20,Local Market Day,J030,MG Road,4324,Weekend,False,Clear,False,0.0,False,False,0.874,Severe,13.6,62.3,450.9,0.21,0.486,0.964,Heavy congestion detected - signal timing extended and reroute suggested
EVT430948,2026-06-14 20:31:56,Sports Fixture,J020,Malleshwaram Circle,23294,Weekend,False,Heavy Rain,True,30.1,False,False,0.924,Severe,10.9,64.8,507.2,0.218,0.504,0.873,Heavy rain reducing visibility and grip - reduced speed and longer buffer advised
EVT430949,2025-03-07 10:58:24,Sports Fixture,J009,Majestic,35235,Weekday,False,Clear,False,0.0,False,False,0.72,High,17.1,47.0,201.2,0.129,0.298,0.962,Moderate traffic flow - standard adaptive signal timing in effect
EVT430950,2025-08-15 18:21:15,Cultural Procession,J023,Basavanagudi,11590,Weekday,True,Clear,False,0.0,False,True,1.0,Severe,7.9,103.2,536.2,0.185,0.427,0.826,Road closure for event/procession - full detour recommended for through-traffic
EVT430951,2025-05-29 10:56:16,Concert,J023,Basavanagudi,14433,Weekday,False,Clear,False,0.0,False,False,0.562,High,24.7,42.2,166.7,0.136,0.314,0.977,Moderate traffic flow - standard adaptive signal timing in effect
EVT430952,2025-02-21 17:12:19,Concert,J030,MG Road,10735,Weekday,False,Clear,False,0.0,False,False,0.843,Severe,13.1,59.0,351.7,0.174,0.402,0.945,Heavy congestion detected - signal timing extended and reroute suggested
EVT430953,2025-10-09 08:07:22,Concert,J040,City Market,13242,Weekday,False,Fog,False,0.0,False,False,0.898,Severe,10.7,66.4,390.9,0.158,0.365,0.914,Heavy congestion detected - signal timing extended and reroute suggested
EVT430954,2025-12-18 07:56:59,Political Rally,J030,MG Road,12239,Weekday,False,Clear,False,0.0,False,False,0.833,Severe,16.9,59.5,257.2,0.146,0.337,0.933,Heavy congestion detected - signal timing extended and reroute suggested
EVT430955,2026-02-23 11:39:52,Concert,J031,Cubbon Road,20121,Weekday,False,Clear,False,0.0,False,False,0.325,Low,31.4,18.0,194.1,0.165,0.38,0.961,Moderate traffic flow - standard adaptive signal timing in effect
EVT430956,2026-03-08 19:48:42,Trade Fair,J011,Indiranagar 100ft Road,4908,Weekend,False,Clear,False,0.0,False,False,0.708,High,12.4,55.3,348.1,0.162,0.374,0.98,Moderate traffic flow - standard adaptive signal timing in effect
EVT430957,2026-04-08 08:18:10,Concert,J009,Majestic,7738,Weekday,False,Clear,False,0.0,False,False,0.969,Severe,9.4,68.2,625.7,0.262,0.606,0.926,Heavy congestion detected - signal timing extended and reroute suggested
EVT430958,2025-12-10 19:33:20,Local Market Day,J030,MG Road,3173,Weekday,False,Clear,False,0.0,False,False,0.85,Severe,11.0,57.0,434.3,0.184,0.425,0.937,Heavy congestion detected - signal timing extended and reroute suggested
EVT430959,2026-05-19 18:46:56,Local Market Day,J011,Indiranagar 100ft Road,5498,Weekday,False,Light Rain,True,6.4,False,False,1.0,Severe,9.5,74.0,723.1,0.266,0.614,0.88,Heavy rain reducing visibility and grip - reduced speed and longer buffer advised
EVT430960,2025-10-14 19:08:15,Local Market Day,J040,City Market,3484,Weekday,False,Clear,False,0.0,False,False,0.966,Severe,9.1,69.0,598.6,0.242,0.56,0.922,Heavy congestion detected - signal timing extended and reroute suggested
EVT430961,2025-07-17 15:08:41,Political Rally,J030,MG Road,7871,Weekday,False,Clear,False,0.0,False,False,0.241,Low,33.0,23.8,120.5,0.112,0.258,0.949,Normal free-flow traffic - standard signal timing maintained
EVT430962,2026-02-16 06:41:05,Concert,J020,Malleshwaram Circle,15603,Weekday,False,Clear,False,0.0,False,False,0.341,Low,29.6,23.4,169.1,0.122,0.281,0.977,Moderate traffic flow - standard adaptive signal timing in effect
EVT430963,2026-04-24 16:51:26,Political Rally,J009,Majestic,17700,Weekday,False,Clear,False,0.0,False,False,0.704,High,16.1,51.6,314.5,0.172,0.397,0.957,Moderate traffic flow - standard adaptive signal timing in effect
EVT430964,2025-03-08 14:22:47,Local Market Day,J030,MG Road,3050,Weekend,False,Clear,False,0.0,False,False,0.286,Low,25.9,22.4,174.4,0.125,0.29,0.99,Moderate traffic flow - standard adaptive signal timing in effect
EVT430965,2025-11-05 16:38:21,Concert,J009,Majestic,6892,Weekday,False,Rain,True,13.0,False,False,0.776,Severe,13.5,50.4,134.6,0.061,0.14,0.913,Heavy rain reducing visibility and grip - reduced speed and longer buffer advised
EVT430966,2026-04-16 23:13:20,Political Rally,J009,Majestic,12164,Weekday,False,Rain,True,7.7,False,False,0.346,Low,32.3,29.7,258.9,0.233,0.537,0.912,Light rain detected - minor speed reduction advised
EVT430967,2026-04-10 22:39:20,Sports Fixture,J031,Cubbon Road,17766,Weekday,False,Clear,False,0.0,False,False,0.332,Low,35.1,27.4,179.1,0.158,0.365,0.967,Moderate traffic flow - standard adaptive signal timing in effect
EVT430968,2025-06-26 19:05:03,Concert,J012,Koramangala Sony World,14189,Weekday,False,Clear,False,0.0,False,False,1.0,Severe,9.9,66.6,529.9,0.192,0.443,0.93,Heavy congestion detected - signal timing extended and reroute suggested
EVT430969,2025-10-22 19:48:50,Cultural Procession,J020,Malleshwaram Circle,36063,Weekday,True,Clear,False,0.0,False,False,1.0,Severe,7.5,66.5,766.8,0.231,0.533,0.829,Festival crowd surge detected - alternate route and extended cycle recommended
EVT430970,2025-09-25 21:07:09,Concert,J012,Koramangala Sony World,18350,Weekday,False,Heavy Rain,True,28.6,False,False,0.796,Severe,12.0,58.8,183.5,0.078,0.179,0.893,Heavy rain reducing visibility and grip - reduced speed and longer buffer advised
EVT430971,2026-02-28 19:32:46,Trade Fair,J023,Basavanagudi,15565,Weekend,False,Clear,False,0.0,False,False,0.767,Severe,17.2,52.3,233.0,0.138,0.318,0.974,Heavy congestion detected - signal timing extended and reroute suggested
EVT430972,2025-08-29 21:51:36,Sports Fixture,J030,MG Road,19390,Weekday,False,Clear,False,0.0,False,False,0.392,Moderate,21.5,26.4,208.5,0.13,0.3,0.944,Moderate traffic flow - standard adaptive signal timing in effect
EVT430973,2025-01-27 19:37:16,Cultural Procession,J023,Basavanagudi,13027,Weekday,True,Clear,False,0.0,False,False,1.0,Severe,8.1,71.5,536.8,0.19,0.439,0.874,Festival crowd surge detected - alternate route and extended cycle recommended
EVT430974,2026-06-07 18:37:39,Sports Fixture,J030,MG Road,22355,Weekend,False,Heavy Rain,True,51.7,False,False,1.0,Severe,7.7,67.9,643.3,0.205,0.473,0.876,Heavy rain reducing visibility and grip - reduced speed and longer buffer advised
EVT430975,2025-03-23 14:44:01,Political Rally,J012,Koramangala Sony World,22981,Weekend,False,Clear,False,0.0,False,False,0.369,Moderate,23.9,31.2,167.7,0.114,0.263,0.99,Moderate traffic flow - standard adaptive signal timing in effect
EVT430976,2025-06-09 19:56:42,Local Market Day,J031,Cubbon Road,3864,Weekday,False,Heavy Rain,True,88.7,False,False,1.0,Severe,9.7,70.8,628.2,0.244,0.564,0.879,Heavy rain reducing visibility and grip - reduced speed and longer buffer advised
EVT430977,2026-04-23 08:13:58,Trade Fair,J009,Majestic,17228,Weekday,False,Clear,False,0.0,False,False,1.0,Severe,9.6,70.5,546.3,0.213,0.493,0.915,Heavy congestion detected - signal timing extended and reroute suggested
EVT430978,2025-09-12 16:03:29,Trade Fair,J030,MG Road,12798,Weekday,False,Clear,False,0.0,False,False,0.428,Moderate,30.2,35.1,159.1,0.145,0.335,0.954,Moderate traffic flow - standard adaptive signal timing in effect
EVT430979,2025-05-20 05:02:33,Trade Fair,J030,MG Road,6343,Weekday,False,Rain,True,8.9,False,False,0.328,Low,26.8,23.8,171.7,0.124,0.286,0.907,Light rain detected - minor speed reduction advised
EVT430980,2025-03-15 18:35:23,Religious Festival,J020,Malleshwaram Circle,37597,Weekend,True,Clear,False,0.0,False,False,1.0,Severe,8.8,71.6,326.3,0.116,0.267,0.867,Festival crowd surge detected - alternate route and extended cycle recommended
EVT430981,2025-07-07 09:48:41,Concert,J012,Koramangala Sony World,11620,Weekday,False,Heavy Rain,True,25.9,False,False,1.0,Severe,8.6,71.4,720.4,0.243,0.561,0.889,Heavy rain reducing visibility and grip - reduced speed and longer buffer advised
EVT430982,2025-01-30 16:44:53,Concert,J040,City Market,16357,Weekday,False,Clear,False,0.0,False,False,0.659,High,17.6,48.5,234.6,0.136,0.315,0.956,Moderate traffic flow - standard adaptive signal timing in effect
EVT430983,2026-03-08 09:59:42,Concert,J020,Malleshwaram Circle,12109,Weekend,False,Clear,False,0.0,False,False,0.799,Severe,16.3,59.0,305.4,0.191,0.44,0.944,Heavy congestion detected - signal timing extended and reroute suggested
EVT430984,2025-01-12 19:51:29,Political Rally,J031,Cubbon Road,12287,Weekend,False,Clear,False,0.0,False,False,0.745,High,16.9,55.2,116.7,0.067,0.156,0.928,Moderate traffic flow - standard adaptive signal timing in effect
EVT430985,2025-07-10 19:31:14,Sports Fixture,J031,Cubbon Road,25333,Weekday,False,Clear,False,0.0,False,False,0.971,Severe,7.7,75.0,886.9,0.279,0.643,0.939,Heavy congestion detected - signal timing extended and reroute suggested
EVT430986,2025-07-28 09:29:33,Concert,J040,City Market,7923,Weekday,False,Clear,False,0.0,False,False,0.959,Severe,10.2,73.9,524.4,0.209,0.483,0.927,Heavy congestion detected - signal timing extended and reroute suggested
EVT430987,2025-04-24 16:26:16,Sports Fixture,J031,Cubbon Road,28285,Weekday,False,Clear,False,0.0,False,False,0.699,High,13.9,43.7,469.0,0.224,0.519,0.949,Moderate traffic flow - standard adaptive signal timing in effect
EVT430988,2025-11-24 11:56:43,Local Market Day,J009,Majestic,4963,Weekday,False,Clear,False,0.0,False,False,0.26,Low,28.3,23.6,152.4,0.116,0.268,0.946,Moderate traffic flow - standard adaptive signal timing in effect
EVT430989,2025-08-05 06:36:15,Local Market Day,J030,MG Road,3124,Weekday,False,Clear,False,0.0,False,False,0.331,Low,31.3,24.3,141.1,0.127,0.294,0.977,Moderate traffic flow - standard adaptive signal timing in effect
EVT430990,2025-07-26 09:09:54,Sports Fixture,J023,Basavanagudi,9450,Weekend,False,Heavy Rain,True,38.8,False,False,1.0,Severe,8.7,68.5,420.3,0.175,0.405,0.857,Heavy rain reducing visibility and grip - reduced speed and longer buffer advised
EVT430991,2026-05-23 21:44:05,Concert,J012,Koramangala Sony World,12641,Weekend,False,Rain,True,16.4,False,False,0.56,High,22.4,38.4,87.5,0.065,0.149,0.912,Heavy rain reducing visibility and grip - reduced speed and longer buffer advised
EVT430992,2025-02-24 18:45:44,Political Rally,J030,MG Road,13040,Weekday,False,Light Rain,True,2.3,False,False,1.0,Severe,8.5,75.6,508.6,0.172,0.397,0.867,Heavy rain reducing visibility and grip - reduced speed and longer buffer advised
EVT430993,2025-02-25 07:47:53,Trade Fair,J040,City Market,13174,Weekday,False,Clear,False,0.0,False,False,0.799,Severe,14.4,55.6,303.6,0.165,0.381,0.967,Heavy congestion detected - signal timing extended and reroute suggested
EVT430994,2025-09-21 02:07:36,Trade Fair,J030,MG Road,7385,Weekend,False,Clear,False,0.0,False,False,0.249,Low,38.5,16.9,66.5,0.061,0.141,0.966,Normal free-flow traffic - standard signal timing maintained
EVT430995,2025-07-24 14:19:26,Political Rally,J023,Basavanagudi,15985,Weekday,False,Clear,False,0.0,False,False,0.334,Low,29.3,25.6,113.2,0.084,0.194,0.976,Moderate traffic flow - standard adaptive signal timing in effect
EVT430996,2025-06-11 12:39:59,Concert,J009,Majestic,9466,Weekday,False,Heavy Rain,True,32.9,False,False,0.53,Moderate,27.9,32.1,145.2,0.116,0.268,0.936,Light rain detected - minor speed reduction advised
EVT430997,2025-02-20 10:43:24,Sports Fixture,J030,MG Road,10824,Weekday,False,Clear,False,0.0,False,False,0.502,Moderate,22.2,42.0,189.3,0.121,0.279,0.99,Moderate traffic flow - standard adaptive signal timing in effect
EVT430998,2026-06-26 17:48:05,Concert,J011,Indiranagar 100ft Road,9897,Weekday,False,Rain,True,7.5,False,False,1.0,Severe,8.6,74.2,431.5,0.15,0.346,0.88,Heavy rain reducing visibility and grip - reduced speed and longer buffer advised
EVT430999,2025-03-29 07:15:00,Local Market Day,J009,Majestic,5154,Weekend,False,Clear,False,0.0,False,False,0.538,Moderate,21.9,31.3,129.5,0.081,0.188,0.963,Moderate traffic flow - standard adaptive signal timing in effect
EVT431000,2026-04-18 17:18:48,Sports Fixture,J023,Basavanagudi,23239,Weekend,False,Clear,False,0.0,False,False,0.928,Severe,11.4,68.6,495.2,0.218,0.504,0.938,Heavy congestion detected - signal timing extended and reroute suggested
EVT431001,2025-10-29 10:41:22,Local Market Day,J040,City Market,4388,Weekday,False,Clear,False,0.0,False,False,0.584,High,17.4,48.7,283.1,0.145,0.336,0.972,Moderate traffic flow - standard adaptive signal timing in effect
EVT431002,2025-09-09 21:09:13,Local Market Day,J023,Basavanagudi,5154,Weekday,False,Heavy Rain,True,35.6,False,False,0.743,High,15.7,50.4,326.2,0.175,0.404,0.911,Heavy rain reducing visibility and grip - reduced speed and longer buffer advised
EVT431003,2025-01-21 10:21:51,Local Market Day,J012,Koramangala Sony World,1970,Weekday,False,Clear,False,0.0,False,False,0.654,High,21.9,44.1,344.3,0.225,0.52,0.959,Moderate traffic flow - standard adaptive signal timing in effect
EVT431004,2025-03-25 13:34:51,Local Market Day,J009,Majestic,9286,Weekday,False,Clear,False,0.0,False,False,0.192,Low,35.0,13.3,184.7,0.177,0.408,0.948,Normal free-flow traffic - standard signal timing maintained
EVT431005,2025-10-14 18:42:19,Trade Fair,J030,MG Road,13213,Weekday,False,Clear,False,0.0,False,False,1.0,Severe,6.3,70.8,882.3,0.237,0.548,0.921,Heavy congestion detected - signal timing extended and reroute suggested
EVT431006,2025-02-26 20:59:03,Trade Fair,J020,Malleshwaram Circle,7092,Weekday,False,Clear,False,0.0,False,False,0.383,Moderate,30.2,33.0,69.5,0.035,0.082,0.952,Moderate traffic flow - standard adaptive signal timing in effect
EVT431007,2025-05-02 13:54:56,Cultural Procession,J023,Basavanagudi,13490,Weekday,True,Rain,True,20.9,False,True,0.82,High,13.7,80.1,420.2,0.202,0.467,0.849,Road closure for event/procession - full detour recommended for through-traffic
EVT431008,2026-06-17 01:56:00,Political Rally,J020,Malleshwaram Circle,6945,Weekday,False,Light Rain,True,6.1,False,False,0.303,Low,28.7,18.3,177.4,0.148,0.341,0.912,Light rain detected - minor speed reduction advised
EVT431009,2025-07-12 20:51:43,Local Market Day,J020,Malleshwaram Circle,4161,Weekend,False,Clear,False,0.0,False,False,0.432,Moderate,29.8,36.1,142.3,0.105,0.242,0.972,Moderate traffic flow - standard adaptive signal timing in effect
EVT431010,2026-05-08 19:09:45,Concert,J031,Cubbon Road,11388,Weekday,False,Clear,False,0.0,False,False,0.96,Severe,10.3,64.3,333.4,0.134,0.31,0.895,Heavy congestion detected - signal timing extended and reroute suggested
EVT431011,2025-03-25 14:37:09,Sports Fixture,J011,Indiranagar 100ft Road,24457,Weekday,False,Clear,False,0.0,False,False,0.325,Low,32.6,24.9,81.2,0.076,0.175,0.99,Moderate traffic flow - standard adaptive signal timing in effect
EVT431012,2025-04-16 14:46:39,Political Rally,J031,Cubbon Road,14959,Weekday,False,Clear,False,0.0,False,False,0.326,Low,32.7,20.1,58.5,0.052,0.12,0.985,Moderate traffic flow - standard adaptive signal timing in effect
EVT431013,2025-01-05 19:00:53,Local Market Day,J012,Koramangala Sony World,2686,Weekend,False,Clear,False,0.0,False,False,0.848,Severe,15.1,61.6,406.2,0.215,0.496,0.936,Heavy congestion detected - signal timing extended and reroute suggested
EVT431014,2025-05-07 17:49:05,Concert,J040,City Market,10065,Weekday,False,Clear,False,0.0,False,False,1.0,Severe,8.4,66.3,299.5,0.11,0.254,0.926,Heavy congestion detected - signal timing extended and reroute suggested
EVT431015,2026-02-12 15:49:40,Trade Fair,J040,City Market,9112,Weekday,False,Clear,False,0.0,False,False,0.398,Moderate,28.0,23.7,232.5,0.186,0.429,0.939,Moderate traffic flow - standard adaptive signal timing in effect
EVT431016,2025-02-06 13:59:19,Local Market Day,J031,Cubbon Road,3500,Weekday,False,Clear,False,0.0,False,False,0.173,Low,30.4,10.7,147.5,0.13,0.301,0.974,Normal free-flow traffic - standard signal timing maintained
EVT431017,2025-10-11 07:38:13,Local Market Day,J031,Cubbon Road,3826,Weekend,False,Clear,False,0.0,False,False,0.58,High,18.6,39.3,235.5,0.111,0.257,0.981,Moderate traffic flow - standard adaptive signal timing in effect
EVT431018,2025-10-27 14:12:33,Political Rally,J030,MG Road,11994,Weekday,False,Light Rain,True,6.8,False,False,0.413,Moderate,30.7,32.6,107.8,0.082,0.189,0.924,Light rain detected - minor speed reduction advised
EVT431019,2026-05-07 20:57:59,Local Market Day,J030,MG Road,3995,Weekday,False,Clear,False,0.0,False,False,0.381,Moderate,29.0,23.8,162.8,0.14,0.323,0.95,Moderate traffic flow - standard adaptive signal timing in effect
EVT431020,2025-10-01 15:13:34,Political Rally,J023,Basavanagudi,18473,Weekday,False,Clear,False,0.0,False,False,0.389,Moderate,28.1,31.9,206.4,0.149,0.344,0.957,Moderate traffic flow - standard adaptive signal timing in effect
EVT431021,2025-04-22 10:15:23,Trade Fair,J030,MG Road,6057,Weekday,False,Clear,False,0.0,False,False,0.716,High,20.3,51.2,309.3,0.218,0.504,0.99,Moderate traffic flow - standard adaptive signal timing in effect
EVT431022,2026-04-18 16:45:31,Concert,J012,Koramangala Sony World,11329,Weekend,False,Fog,False,0.0,False,False,0.597,High,21.2,46.7,335.0,0.209,0.484,0.967,Moderate traffic flow - standard adaptive signal timing in effect
EVT431023,2025-05-01 15:27:52,Fireworks Display,J031,Cubbon Road,20440,Weekday,True,Heavy Rain,True,43.9,False,False,1.0,Severe,9.2,71.9,553.1,0.22,0.509,0.799,Festival crowd surge detected - alternate route and extended cycle recommended
EVT431024,2025-02-18 18:19:25,Concert,J009,Majestic,8026,Weekday,False,Clear,False,0.0,False,False,1.0,Severe,7.1,71.6,680.0,0.198,0.458,0.898,Heavy congestion detected - signal timing extended and reroute suggested
EVT431025,2025-08-25 08:39:21,Concert,J011,Indiranagar 100ft Road,12119,Weekday,False,Rain,True,13.1,False,False,1.0,Severe,7.6,73.3,667.5,0.218,0.503,0.858,Heavy rain reducing visibility and grip - reduced speed and longer buffer advised
EVT431026,2025-09-26 20:53:28,Concert,J020,Malleshwaram Circle,11946,Weekday,False,Light Rain,True,4.6,True,False,0.936,Severe,11.1,65.2,421.2,0.191,0.441,0.725,Accident detected nearby - reroute and reduced speed advised
EVT431027,2026-01-05 12:51:22,Sports Fixture,J040,City Market,23171,Weekday,False,Clear,False,0.0,False,False,0.255,Low,30.0,17.3,173.3,0.133,0.307,0.949,Moderate traffic flow - standard adaptive signal timing in effect
EVT431028,2026-03-10 19:32:16,Concert,J023,Basavanagudi,12301,Weekday,False,Clear,False,0.0,False,False,0.926,Severe,9.1,62.7,311.9,0.114,0.262,0.919,Heavy congestion detected - signal timing extended and reroute suggested
EVT431029,2025-06-10 18:22:03,Local Market Day,J031,Cubbon Road,4531,Weekday,False,Clear,False,0.0,False,False,1.0,Severe,9.9,74.1,616.8,0.241,0.556,0.926,Heavy congestion detected - signal timing extended and reroute suggested
EVT431030,2026-03-14 08:27:47,Trade Fair,J023,Basavanagudi,13889,Weekend,False,Light Rain,True,5.0,False,False,0.959,Severe,9.6,68.4,592.9,0.204,0.472,0.895,Heavy rain reducing visibility and grip - reduced speed and longer buffer advised
EVT431031,2025-09-06 11:26:00,Fireworks Display,J011,Indiranagar 100ft Road,15151,Weekend,True,Clear,False,0.0,False,False,0.703,High,17.5,47.6,243.8,0.128,0.295,0.93,Festival crowd surge detected - alternate route and extended cycle recommended
EVT431032,2025-03-13 06:29:33,Local Market Day,J009,Majestic,1785,Weekday,False,Clear,False,0.0,False,False,0.21,Low,43.3,21.4,112.8,0.12,0.277,0.969,Normal free-flow traffic - standard signal timing maintained
EVT431033,2025-04-17 18:56:52,Concert,J031,Cubbon Road,13143,Weekday,False,Clear,False,0.0,False,False,1.0,Severe,9.6,75.9,354.9,0.149,0.344,0.916,Heavy congestion detected - signal timing extended and reroute suggested
EVT431034,2026-06-01 10:55:17,Political Rally,J020,Malleshwaram Circle,10845,Weekday,False,Light Rain,True,5.6,False,False,0.701,High,17.9,53.5,362.1,0.212,0.489,0.923,Heavy rain reducing visibility and grip - reduced speed and longer buffer advised
EVT431035,2025-08-29 17:09:15,Local Market Day,J031,Cubbon Road,5852,Weekday,False,Rain,True,12.4,False,False,0.925,Severe,10.2,69.0,269.0,0.124,0.286,0.888,Heavy rain reducing visibility and grip - reduced speed and longer buffer advised
EVT431036,2026-03-02 09:44:02,Sports Fixture,J009,Majestic,19726,Weekday,False,Clear,False,0.0,False,False,0.996,Severe,7.8,73.6,710.3,0.256,0.591,0.935,Heavy congestion detected - signal timing extended and reroute suggested
EVT431037,2025-08-25 11:30:41,Political Rally,J011,Indiranagar 100ft Road,14593,Weekday,False,Clear,False,0.0,False,False,0.409,Moderate,28.8,32.3,176.6,0.148,0.342,0.956,Moderate traffic flow - standard adaptive signal timing in effect
EVT431038,2025-11-19 20:45:26,Concert,J030,MG Road,14003,Weekday,False,Clear,False,0.0,False,False,0.475,Moderate,25.6,28.9,187.7,0.154,0.356,0.961,Moderate traffic flow - standard adaptive signal timing in effect
EVT431039,2025-10-23 06:00:16,Sports Fixture,J011,Indiranagar 100ft Road,19966,Weekday,False,Rain,True,8.3,False,False,0.517,Moderate,24.8,41.1,162.3,0.102,0.237,0.932,Light rain detected - minor speed reduction advised
EVT431040,2025-12-14 16:44:28,Concert,J040,City Market,6351,Weekend,False,Clear,False,0.0,False,False,0.601,High,22.8,44.4,214.4,0.162,0.375,0.968,Moderate traffic flow - standard adaptive signal timing in effect
EVT431041,2025-05-18 18:38:53,Political Rally,J020,Malleshwaram Circle,19873,Weekend,False,Clear,False,0.0,False,False,1.0,Severe,8.2,73.5,789.7,0.281,0.648,0.907,Heavy congestion detected - signal timing extended and reroute suggested
EVT431042,2025-08-04 16:43:38,Political Rally,J031,Cubbon Road,15674,Weekday,False,Rain,True,10.6,False,False,0.868,Severe,8.5,62.7,435.8,0.143,0.33,0.911,Heavy rain reducing visibility and grip - reduced speed and longer buffer advised
EVT431043,2025-06-04 07:12:13,Sports Fixture,J020,Malleshwaram Circle,20840,Weekday,False,Rain,True,13.0,False,False,0.715,High,20.3,53.1,323.5,0.226,0.522,0.929,Heavy rain reducing visibility and grip - reduced speed and longer buffer advised
EVT431044,2025-10-06 15:26:07,Sports Fixture,J011,Indiranagar 100ft Road,13608,Weekday,False,Clear,False,0.0,False,False,0.333,Low,26.5,21.3,62.9,0.048,0.11,0.95,Moderate traffic flow - standard adaptive signal timing in effect
EVT431045,2026-01-28 09:28:43,Trade Fair,J011,Indiranagar 100ft Road,12864,Weekday,False,Clear,False,0.0,False,False,0.989,Severe,7.6,67.8,698.6,0.203,0.469,0.919,Heavy congestion detected - signal timing extended and reroute suggested
EVT431046,2025-09-14 23:36:27,Local Market Day,J011,Indiranagar 100ft Road,3157,Weekend,False,Clear,False,0.0,False,False,0.231,Low,34.6,12.5,78.0,0.072,0.167,0.961,Normal free-flow traffic - standard signal timing maintained
EVT431047,2025-03-26 19:19:22,Sports Fixture,J031,Cubbon Road,25500,Weekday,False,Clear,False,0.0,False,False,1.0,Severe,7.6,75.2,460.9,0.162,0.375,0.911,Heavy congestion detected - signal timing extended and reroute suggested
EVT431048,2025-01-10 10:59:32,Local Market Day,J023,Basavanagudi,4107,Weekday,False,Clear,False,0.0,False,False,0.496,Moderate,29.6,37.5,124.8,0.102,0.236,0.971,Moderate traffic flow - standard adaptive signal timing in effect
EVT431049,2026-04-10 08:07:40,Sports Fixture,J040,City Market,27655,Weekday,False,Clear,False,0.0,False,False,1.0,Severe,7.6,72.3,736.7,0.22,0.509,0.881,Heavy congestion detected - signal timing extended and reroute suggested
EVT431050,2025-04-09 18:22:13,Sports Fixture,J011,Indiranagar 100ft Road,22895,Weekday,False,Clear,False,0.0,False,False,1.0,Severe,7.9,78.5,216.1,0.079,0.183,0.917,Heavy congestion detected - signal timing extended and reroute suggested
EVT431051,2026-02-15 22:06:20,Trade Fair,J023,Basavanagudi,12297,Weekend,False,Clear,False,0.0,False,False,0.313,Low,35.9,23.3,116.7,0.095,0.219,0.935,Moderate traffic flow - standard adaptive signal timing in effect
EVT431052,2026-03-27 09:11:37,Religious Festival,J020,Malleshwaram Circle,32553,Weekday,True,Clear,False,0.0,False,False,1.0,Severe,8.6,75.0,766.9,0.261,0.602,0.876,Festival crowd surge detected - alternate route and extended cycle recommended
EVT431053,2025-04-02 15:18:36,Concert,J031,Cubbon Road,6591,Weekday,False,Clear,False,0.0,False,False,0.22,Low,36.3,17.4,75.4,0.072,0.166,0.99,Normal free-flow traffic - standard signal timing maintained
EVT431054,2026-02-09 20:51:15,Concert,J012,Koramangala Sony World,12018,Weekday,False,Clear,False,0.0,False,False,0.543,Moderate,27.5,39.5,140.8,0.123,0.283,0.971,Moderate traffic flow - standard adaptive signal timing in effect
EVT431055,2025-07-15 09:37:05,Sports Fixture,J011,Indiranagar 100ft Road,21163,Weekday,False,Heavy Rain,True,44.0,False,False,1.0,Severe,7.6,70.3,521.8,0.184,0.425,0.871,Heavy rain reducing visibility and grip - reduced speed and longer buffer advised
EVT431056,2026-03-25 09:13:18,Local Market Day,J012,Koramangala Sony World,8555,Weekday,False,Clear,False,0.0,False,False,1.0,Severe,9.7,71.2,450.6,0.182,0.42,0.904,Heavy congestion detected - signal timing extended and reroute suggested
EVT431057,2025-08-18 18:34:22,Local Market Day,J020,Malleshwaram Circle,2797,Weekday,False,Clear,False,0.0,False,False,0.993,Severe,9.6,73.3,499.1,0.202,0.466,0.908,Heavy congestion detected - signal timing extended and reroute suggested
EVT431058,2026-04-19 16:23:57,Trade Fair,J030,MG Road,5319,Weekend,False,Clear,False,0.0,False,False,0.606,High,25.7,46.6,191.5,0.161,0.373,0.958,Moderate traffic flow - standard adaptive signal timing in effect
EVT431059,2025-12-21 10:46:14,Concert,J030,MG Road,18851,Weekend,False,Clear,False,0.0,False,False,0.532,Moderate,21.0,34.9,207.8,0.126,0.292,0.99,Moderate traffic flow - standard adaptive signal timing in effect
EVT431060,2026-05-31 17:39:55,Political Rally,J012,Koramangala Sony World,25629,Weekend,False,Clear,False,0.0,False,False,0.928,Severe,11.8,66.1,436.0,0.19,0.44,0.919,Heavy congestion detected - signal timing extended and reroute suggested
EVT431061,2026-02-26 17:18:06,Sports Fixture,J012,Koramangala Sony World,47919,Weekday,False,Clear,False,0.0,False,False,1.0,Severe,7.1,67.7,367.4,0.129,0.299,0.922,Heavy congestion detected - signal timing extended and reroute suggested
EVT431062,2025-02-25 16:54:00,Local Market Day,J020,Malleshwaram Circle,2012,Weekday,False,Clear,False,0.0,False,False,0.705,High,19.9,52.0,414.7,0.267,0.616,0.966,Moderate traffic flow - standard adaptive signal timing in effect
EVT431063,2026-06-15 17:53:02,Sports Fixture,J031,Cubbon Road,28371,Weekday,False,Clear,False,0.0,False,False,1.0,Severe,8.4,70.8,489.0,0.174,0.401,0.896,Heavy congestion detected - signal timing extended and reroute suggested
EVT431064,2025-03-31 08:13:38,Religious Festival,J023,Basavanagudi,35409,Weekday,True,Clear,False,0.0,False,True,1.0,Severe,8.4,100.6,694.5,0.242,0.558,0.825,Road closure for event/procession - full detour recommended for through-traffic
EVT431065,2026-01-03 16:19:07,Concert,J009,Majestic,17623,Weekend,False,Clear,False,0.0,False,False,0.513,Moderate,27.6,37.8,83.6,0.074,0.172,0.958,Moderate traffic flow - standard adaptive signal timing in effect
EVT431066,2025-04-16 14:00:17,Sports Fixture,J023,Basavanagudi,27777,Weekday,False,Clear,False,0.0,False,False,0.309,Low,35.1,20.5,204.3,0.204,0.47,0.947,Moderate traffic flow - standard adaptive signal timing in effect
EVT431067,2025-09-16 09:51:13,Local Market Day,J031,Cubbon Road,5130,Weekday,False,Clear,False,0.0,False,False,0.839,Severe,19.5,56.9,232.3,0.154,0.357,0.931,Heavy congestion detected - signal timing extended and reroute suggested
EVT431068,2026-02-09 16:25:34,Trade Fair,J009,Majestic,13026,Weekday,False,Clear,False,0.0,False,False,0.657,High,24.7,45.5,162.8,0.101,0.232,0.956,Moderate traffic flow - standard adaptive signal timing in effect
EVT431069,2025-08-05 20:24:48,Local Market Day,J031,Cubbon Road,3868,Weekday,False,Heavy Rain,True,53.3,False,False,0.985,Severe,8.6,76.1,402.7,0.126,0.292,0.851,Heavy rain reducing visibility and grip - reduced speed and longer buffer advised
EVT431070,2026-02-02 06:09:03,Local Market Day,J020,Malleshwaram Circle,4280,Weekday,False,Clear,False,0.0,False,False,0.314,Low,25.5,20.2,258.9,0.199,0.459,0.937,Moderate traffic flow - standard adaptive signal timing in effect
EVT431071,2026-06-20 20:31:27,Concert,J031,Cubbon Road,11832,Weekend,False,Rain,True,20.0,False,False,0.824,Severe,16.1,59.9,254.9,0.137,0.316,0.86,Heavy rain reducing visibility and grip - reduced speed and longer buffer advised
EVT431072,2025-08-20 15:45:43,Sports Fixture,J011,Indiranagar 100ft Road,15789,Weekday,False,Heavy Rain,True,25.0,False,False,0.721,High,22.0,54.8,120.4,0.097,0.225,0.93,Heavy rain reducing visibility and grip - reduced speed and longer buffer advised
EVT431073,2025-03-14 13:56:33,Fireworks Display,J012,Koramangala Sony World,17824,Weekday,True,Clear,False,0.0,False,False,0.576,High,20.5,45.5,227.5,0.15,0.346,0.927,Festival crowd surge detected - alternate route and extended cycle recommended
EVT431074,2026-04-10 07:11:44,Local Market Day,J031,Cubbon Road,3229,Weekday,False,Clear,False,0.0,False,False,0.512,Moderate,21.8,34.1,148.2,0.101,0.233,0.98,Moderate traffic flow - standard adaptive signal timing in effect
EVT431075,2026-05-04 17:45:10,Local Market Day,J011,Indiranagar 100ft Road,4412,Weekday,False,Clear,False,0.0,False,False,1.0,Severe,8.9,65.5,333.4,0.146,0.336,0.924,Heavy congestion detected - signal timing extended and reroute suggested
EVT431076,2026-03-03 15:46:57,Trade Fair,J011,Indiranagar 100ft Road,9908,Weekday,False,Clear,False,0.0,False,False,0.413,Moderate,22.3,28.1,249.4,0.153,0.353,0.949,Moderate traffic flow - standard adaptive signal timing in effect
EVT431077,2025-10-08 15:32:45,Trade Fair,J009,Majestic,10079,Weekday,False,Clear,False,0.0,False,False,0.307,Low,33.1,29.9,143.6,0.132,0.304,0.972,Moderate traffic flow - standard adaptive signal timing in effect
EVT431078,2026-05-22 18:28:10,Political Rally,J023,Basavanagudi,16028,Weekday,False,Clear,False,0.0,False,False,1.0,Severe,7.9,72.9,663.7,0.206,0.477,0.909,Heavy congestion detected - signal timing extended and reroute suggested
EVT431079,2026-03-08 08:09:06,Local Market Day,J031,Cubbon Road,2322,Weekend,False,Clear,False,0.0,False,False,0.734,High,16.1,58.7,354.4,0.187,0.432,0.964,Moderate traffic flow - standard adaptive signal timing in effect
EVT431080,2025-04-26 06:16:22,Sports Fixture,J030,MG Road,16707,Weekend,False,Clear,False,0.0,False,False,0.385,Moderate,28.3,31.3,138.0,0.104,0.239,0.975,Moderate traffic flow - standard adaptive signal timing in effect
EVT431081,2026-05-23 17:26:13,Local Market Day,J040,City Market,3403,Weekend,False,Clear,False,0.0,False,False,0.766,Severe,12.6,51.3,319.0,0.143,0.33,0.967,Heavy congestion detected - signal timing extended and reroute suggested
EVT431082,2025-08-13 20:06:13,Concert,J030,MG Road,12004,Weekday,False,Rain,True,23.0,False,False,0.988,Severe,6.8,76.2,491.7,0.151,0.348,0.865,Heavy rain reducing visibility and grip - reduced speed and longer buffer advised
EVT431083,2025-01-03 10:46:48,Sports Fixture,J020,Malleshwaram Circle,23110,Weekday,False,Clear,False,0.0,False,False,0.613,High,20.4,49.2,270.8,0.154,0.355,0.979,Moderate traffic flow - standard adaptive signal timing in effect
EVT431084,2026-03-29 17:27:29,Local Market Day,J009,Majestic,3805,Weekend,False,Clear,False,0.0,False,False,0.826,Severe,14.5,60.2,344.5,0.19,0.44,0.925,Heavy congestion detected - signal timing extended and reroute suggested
EVT431085,2026-05-05 07:59:28,Local Market Day,J012,Koramangala Sony World,6380,Weekday,False,Rain,True,9.2,False,False,0.938,Severe,7.5,61.7,783.3,0.232,0.537,0.873,Heavy rain reducing visibility and grip - reduced speed and longer buffer advised
EVT431086,2026-05-05 13:41:25,Local Market Day,J030,MG Road,2853,Weekday,False,Clear,False,0.0,False,False,0.192,Low,35.8,18.0,162.8,0.131,0.303,0.965,Normal free-flow traffic - standard signal timing maintained
EVT431087,2025-02-12 16:31:30,Local Market Day,J009,Majestic,4485,Weekday,False,Clear,False,0.0,False,False,0.554,High,24.8,45.6,245.5,0.168,0.389,0.971,Moderate traffic flow - standard adaptive signal timing in effect
EVT431088,2025-04-03 20:19:40,Local Market Day,J040,City Market,5613,Weekday,False,Rain,True,8.5,False,False,0.771,Severe,16.2,59.0,218.2,0.122,0.281,0.947,Heavy rain reducing visibility and grip - reduced speed and longer buffer advised
EVT431089,2025-08-03 17:49:29,Concert,J012,Koramangala Sony World,20462,Weekend,False,Rain,True,14.1,False,False,1.0,Severe,7.7,78.1,699.1,0.222,0.512,0.876,Heavy rain reducing visibility and grip - reduced speed and longer buffer advised
EVT431090,2026-04-25 21:04:36,Concert,J030,MG Road,14048,Weekend,False,Clear,False,0.0,False,False,0.455,Moderate,30.5,35.9,176.6,0.166,0.384,0.952,Moderate traffic flow - standard adaptive signal timing in effect
EVT431091,2025-05-15 16:56:21,Concert,J023,Basavanagudi,11476,Weekday,False,Clear,False,0.0,False,False,0.785,Severe,19.7,54.0,253.9,0.162,0.374,0.96,Heavy congestion detected - signal timing extended and reroute suggested
EVT431092,2025-04-26 11:07:06,Local Market Day,J020,Malleshwaram Circle,3845,Weekend,False,Clear,False,0.0,False,False,0.371,Moderate,23.7,23.2,171.3,0.099,0.229,0.979,Moderate traffic flow - standard adaptive signal timing in effect
EVT431093,2026-01-09 07:55:47,Sports Fixture,J009,Majestic,10346,Weekday,False,Clear,False,0.0,False,False,0.79,Severe,15.0,48.2,255.1,0.12,0.277,0.958,Heavy congestion detected - signal timing extended and reroute suggested
EVT431094,2026-04-22 17:46:41,Sports Fixture,J030,MG Road,18029,Weekday,False,Clear,False,0.0,False,False,1.0,Severe,6.9,70.3,510.3,0.143,0.33,0.92,Heavy congestion detected - signal timing extended and reroute suggested
EVT431095,2025-04-18 07:21:31,Political Rally,J009,Majestic,9758,Weekday,False,Clear,False,0.0,False,False,0.548,Moderate,19.9,35.0,239.3,0.15,0.346,0.952,Moderate traffic flow - standard adaptive signal timing in effect
EVT431096,2025-10-16 09:51:32,Local Market Day,J023,Basavanagudi,6578,Weekday,False,Clear,False,0.0,False,False,0.842,Severe,16.1,61.1,292.4,0.176,0.406,0.931,Heavy congestion detected - signal timing extended and reroute suggested
EVT431097,2025-04-03 13:05:42,Concert,J040,City Market,16369,Weekday,False,Clear,False,0.0,False,False,0.198,Low,33.3,9.8,101.3,0.092,0.212,0.962,Normal free-flow traffic - standard signal timing maintained
EVT431098,2026-04-12 20:27:18,Sports Fixture,J020,Malleshwaram Circle,30786,Weekend,False,Clear,False,0.0,False,False,0.716,High,19.0,49.3,311.9,0.187,0.432,0.974,Moderate traffic flow - standard adaptive signal timing in effect
EVT431099,2025-12-20 15:26:09,Political Rally,J020,Malleshwaram Circle,16321,Weekend,False,Clear,False,0.0,False,False,0.429,Moderate,30.4,29.3,132.2,0.105,0.242,0.955,Moderate traffic flow - standard adaptive signal timing in effect
EVT431100,2026-03-15 21:48:58,Trade Fair,J012,Koramangala Sony World,10872,Weekend,False,Clear,False,0.0,False,False,0.388,Moderate,27.4,29.9,129.5,0.117,0.269,0.971,Moderate traffic flow - standard adaptive signal timing in effect
EVT431101,2025-04-29 10:47:47,Local Market Day,J031,Cubbon Road,4793,Weekday,False,Clear,False,0.0,False,False,0.519,Moderate,23.1,40.6,240.1,0.167,0.385,0.951,Moderate traffic flow - standard adaptive signal timing in effect
EVT431102,2025-04-30 17:09:00,Trade Fair,J009,Majestic,6957,Weekday,False,Clear,False,0.0,False,False,0.818,Severe,12.9,64.0,486.0,0.229,0.529,0.96,Heavy congestion detected - signal timing extended and reroute suggested
EVT431103,2025-04-03 17:16:16,Trade Fair,J009,Majestic,5510,Weekday,False,Clear,False,0.0,False,False,0.816,Severe,12.1,60.2,150.2,0.062,0.143,0.939,Heavy congestion detected - signal timing extended and reroute suggested
EVT431104,2025-04-02 12:49:46,Political Rally,J023,Basavanagudi,25959,Weekday,False,Clear,False,0.0,False,False,0.277,Low,32.3,25.1,151.7,0.141,0.325,0.973,Moderate traffic flow - standard adaptive signal timing in effect
EVT431105,2026-05-08 09:05:49,Trade Fair,J040,City Market,13257,Weekday,False,Clear,False,0.0,False,False,1.0,Severe,7.5,77.3,421.7,0.127,0.293,0.911,Heavy congestion detected - signal timing extended and reroute suggested
EVT431106,2025-09-13 15:12:31,Trade Fair,J031,Cubbon Road,20995,Weekend,False,Rain,True,9.0,False,False,0.613,High,24.2,49.3,254.7,0.191,0.442,0.902,Heavy rain reducing visibility and grip - reduced speed and longer buffer advised
EVT431107,2025-02-13 06:38:22,Sports Fixture,J040,City Market,30717,Weekday,False,Clear,False,0.0,False,False,0.473,Moderate,26.4,35.7,241.5,0.179,0.414,0.982,Moderate traffic flow - standard adaptive signal timing in effect
EVT431108,2025-02-04 17:10:14,Political Rally,J011,Indiranagar 100ft Road,21918,Weekday,False,Clear,False,0.0,False,False,0.919,Severe,9.8,63.7,561.9,0.209,0.482,0.928,Heavy congestion detected - signal timing extended and reroute suggested
EVT431109,2026-01-14 15:09:29,Religious Festival,J023,Basavanagudi,24769,Weekday,True,Clear,False,0.0,False,False,0.613,High,18.7,44.9,386.2,0.248,0.573,0.905,Festival crowd surge detected - alternate route and extended cycle recommended
EVT431110,2025-02-07 08:09:12,Local Market Day,J011,Indiranagar 100ft Road,3358,Weekday,False,Clear,False,0.0,False,False,0.847,Severe,12.5,61.5,448.0,0.195,0.45,0.947,Heavy congestion detected - signal timing extended and reroute suggested
EVT431111,2025-08-13 17:32:48,Concert,J012,Koramangala Sony World,12271,Weekday,False,Heavy Rain,True,31.3,False,False,1.0,Severe,7.3,69.6,573.5,0.177,0.409,0.871,Heavy rain reducing visibility and grip - reduced speed and longer buffer advised
EVT431112,2025-05-25 11:23:08,Local Market Day,J030,MG Road,2841,Weekend,False,Heavy Rain,True,36.3,False,False,0.654,High,22.2,42.2,177.7,0.116,0.269,0.918,Heavy rain reducing visibility and grip - reduced speed and longer buffer advised
EVT431113,2025-03-03 18:10:40,Sports Fixture,J012,Koramangala Sony World,15980,Weekday,False,Clear,False,0.0,False,False,1.0,Severe,9.9,72.6,273.3,0.127,0.292,0.921,Heavy congestion detected - signal timing extended and reroute suggested
EVT431114,2025-02-24 00:08:59,Trade Fair,J023,Basavanagudi,9120,Weekday,False,Clear,False,0.0,False,False,0.22,Low,34.5,16.3,159.1,0.141,0.326,0.954,Normal free-flow traffic - standard signal timing maintained
EVT431115,2025-02-05 22:16:48,Local Market Day,J012,Koramangala Sony World,4510,Weekday,False,Clear,False,0.0,False,False,0.154,Low,31.3,12.0,89.6,0.063,0.146,0.968,Normal free-flow traffic - standard signal timing maintained
EVT431116,2025-12-19 09:40:10,Trade Fair,J031,Cubbon Road,13087,Weekday,False,Clear,False,0.0,False,False,0.929,Severe,11.4,73.0,158.0,0.085,0.197,0.917,Heavy congestion detected - signal timing extended and reroute suggested
EVT431117,2025-11-12 18:42:34,Concert,J020,Malleshwaram Circle,11098,Weekday,False,Clear,False,0.0,False,False,0.977,Severe,9.6,67.1,386.0,0.138,0.319,0.91,Heavy congestion detected - signal timing extended and reroute suggested
EVT431118,2026-01-12 10:06:46,Political Rally,J031,Cubbon Road,24234,Weekday,False,Clear,False,0.0,False,False,0.868,Severe,12.8,60.4,607.6,0.272,0.627,0.943,Heavy congestion detected - signal timing extended and reroute suggested
EVT431119,2025-11-10 08:12:33,Local Market Day,J023,Basavanagudi,3702,Weekday,False,Fog,False,0.0,False,False,0.856,Severe,12.9,59.9,536.2,0.245,0.567,0.934,Heavy congestion detected - signal timing extended and reroute suggested
EVT431120,2025-06-20 16:48:40,Trade Fair,J020,Malleshwaram Circle,7955,Weekday,False,Clear,False,0.0,False,False,0.609,High,18.1,47.5,192.0,0.129,0.298,0.957,Moderate traffic flow - standard adaptive signal timing in effect
EVT431121,2025-07-05 14:47:38,Local Market Day,J030,MG Road,4271,Weekend,False,Clear,False,0.0,False,False,0.276,Low,41.4,22.1,130.7,0.127,0.293,0.953,Moderate traffic flow - standard adaptive signal timing in effect
EVT431122,2025-04-19 16:01:51,Local Market Day,J030,MG Road,3322,Weekend,False,Clear,False,0.0,False,False,0.495,Moderate,23.0,40.1,226.5,0.157,0.363,0.99,Moderate traffic flow - standard adaptive signal timing in effect
EVT431123,2025-01-02 18:11:29,Concert,J012,Koramangala Sony World,9219,Weekday,False,Clear,False,0.0,False,False,1.0,Severe,9.1,73.9,507.9,0.168,0.388,0.889,Heavy congestion detected - signal timing extended and reroute suggested
EVT431124,2025-01-04 07:25:12,Local Market Day,J009,Majestic,4143,Weekend,False,Clear,False,0.0,False,False,0.548,Moderate,26.1,36.9,177.6,0.135,0.313,0.99,Moderate traffic flow - standard adaptive signal timing in effect
EVT431125,2026-02-17 20:01:20,Local Market Day,J012,Koramangala Sony World,1977,Weekday,False,Clear,False,0.0,False,False,0.647,High,20.3,44.2,165.4,0.1,0.232,0.976,Moderate traffic flow - standard adaptive signal timing in effect
EVT431126,2025-12-27 09:08:12,Sports Fixture,J031,Cubbon Road,27510,Weekend,False,Clear,False,0.0,False,False,0.973,Severe,11.0,71.4,401.7,0.162,0.373,0.934,Heavy congestion detected - signal timing extended and reroute suggested
EVT431127,2026-01-01 11:03:25,Religious Festival,J040,City Market,67296,Weekday,True,Clear,False,0.0,False,True,1.0,Severe,9.8,103.5,382.5,0.154,0.357,0.853,Road closure for event/procession - full detour recommended for through-traffic
EVT431128,2026-03-01 13:13:42,Political Rally,J030,MG Road,26478,Weekend,False,Clear,False,0.0,False,False,0.425,Moderate,25.3,35.8,289.5,0.224,0.516,0.975,Moderate traffic flow - standard adaptive signal timing in effect
EVT431129,2026-01-20 16:42:07,Sports Fixture,J040,City Market,28050,Weekday,False,Clear,False,0.0,False,False,0.727,High,16.6,50.7,115.9,0.05,0.116,0.972,Moderate traffic flow - standard adaptive signal timing in effect
EVT431130,2025-07-21 18:15:49,Local Market Day,J009,Majestic,2057,Weekday,False,Heavy Rain,True,43.2,False,False,1.0,Severe,9.7,73.8,674.2,0.238,0.549,0.855,Heavy rain reducing visibility and grip - reduced speed and longer buffer advised
EVT431131,2026-04-09 07:31:28,Concert,J011,Indiranagar 100ft Road,10465,Weekday,False,Clear,False,0.0,False,False,0.619,High,20.4,46.8,235.3,0.153,0.352,0.974,Moderate traffic flow - standard adaptive signal timing in effect
EVT431132,2026-05-30 12:17:56,Sports Fixture,J031,Cubbon Road,13328,Weekend,False,Clear,False,0.0,False,False,0.289,Low,24.9,17.6,131.4,0.094,0.217,0.946,Moderate traffic flow - standard adaptive signal timing in effect
EVT431133,2025-01-21 19:57:42,Sports Fixture,J023,Basavanagudi,21745,Weekday,False,Clear,False,0.0,False,False,0.881,Severe,12.9,66.8,368.6,0.17,0.394,0.952,Heavy congestion detected - signal timing extended and reroute suggested
EVT431134,2026-03-16 08:59:39,Political Rally,J040,City Market,14806,Weekday,False,Clear,False,0.0,False,False,1.0,Severe,8.4,70.1,523.0,0.164,0.38,0.914,Heavy congestion detected - signal timing extended and reroute suggested
EVT431135,2025-06-30 11:19:26,Concert,J023,Basavanagudi,10113,Weekday,False,Rain,True,17.6,False,False,0.628,High,20.3,39.7,327.4,0.2,0.462,0.89,Heavy rain reducing visibility and grip - reduced speed and longer buffer advised
EVT431136,2025-07-13 18:40:05,Sports Fixture,J030,MG Road,17909,Weekend,False,Heavy Rain,True,30.4,False,False,1.0,Severe,8.2,75.3,325.0,0.119,0.276,0.887,Heavy rain reducing visibility and grip - reduced speed and longer buffer advised
EVT431137,2025-04-28 18:36:05,Trade Fair,J031,Cubbon Road,11804,Weekday,False,Clear,False,0.0,False,False,1.0,Severe,9.0,74.3,462.1,0.172,0.398,0.897,Heavy congestion detected - signal timing extended and reroute suggested
EVT431138,2025-01-12 18:19:20,Trade Fair,J040,City Market,6647,Weekend,False,Clear,False,0.0,False,False,0.809,Severe,13.4,56.4,196.8,0.109,0.252,0.956,Heavy congestion detected - signal timing extended and reroute suggested
EVT431139,2025-04-17 15:55:49,Concert,J031,Cubbon Road,14986,Weekday,False,Clear,False,0.0,False,False,0.514,Moderate,24.9,41.4,229.3,0.166,0.383,0.942,Moderate traffic flow - standard adaptive signal timing in effect
EVT431140,2026-01-15 08:41:53,Religious Festival,J040,City Market,32443,Weekday,True,Clear,False,0.0,False,True,1.0,Severe,8.5,94.1,543.7,0.21,0.485,0.839,Road closure for event/procession - full detour recommended for through-traffic
EVT431141,2025-03-16 07:08:06,Sports Fixture,J011,Indiranagar 100ft Road,19765,Weekend,False,Clear,False,0.0,False,False,0.58,High,22.6,38.3,237.7,0.162,0.373,0.962,Moderate traffic flow - standard adaptive signal timing in effect
EVT431142,2026-03-06 07:59:37,Local Market Day,J020,Malleshwaram Circle,2822,Weekday,False,Clear,False,0.0,False,False,0.791,Severe,19.8,53.9,104.2,0.078,0.181,0.966,Heavy congestion detected - signal timing extended and reroute suggested
EVT431143,2026-05-19 07:07:32,Concert,J011,Indiranagar 100ft Road,14858,Weekday,False,Clear,False,0.0,False,False,0.523,Moderate,25.0,35.7,222.4,0.151,0.35,0.983,Moderate traffic flow - standard adaptive signal timing in effect
EVT431144,2025-05-14 19:30:39,Local Market Day,J012,Koramangala Sony World,4178,Weekday,False,Clear,False,0.0,False,False,0.855,Severe,14.1,66.8,176.2,0.091,0.21,0.938,Heavy congestion detected - signal timing extended and reroute suggested
EVT431145,2025-06-25 18:40:44,Concert,J030,MG Road,7276,Weekday,False,Clear,False,0.0,False,False,1.0,Severe,8.5,77.6,481.6,0.189,0.437,0.902,Heavy congestion detected - signal timing extended and reroute suggested
EVT431146,2025-02-18 17:34:53,Sports Fixture,J040,City Market,30307,Weekday,False,Clear,False,0.0,False,False,1.0,Severe,8.6,75.7,330.9,0.124,0.286,0.916,Heavy congestion detected - signal timing extended and reroute suggested
EVT431147,2026-03-15 15:54:46,Local Market Day,J040,City Market,6660,Weekend,False,Clear,False,0.0,False,False,0.344,Low,25.1,33.1,197.1,0.117,0.271,0.987,Moderate traffic flow - standard adaptive signal timing in effect
EVT431148,2025-01-07 19:43:47,Political Rally,J030,MG Road,10507,Weekday,False,Clear,False,0.0,False,False,0.875,Severe,11.2,69.8,400.0,0.174,0.403,0.958,Heavy congestion detected - signal timing extended and reroute suggested
EVT431149,2025-04-23 13:18:35,Trade Fair,J012,Koramangala Sony World,9430,Weekday,False,Clear,False,0.0,False,False,0.187,Low,38.4,15.8,145.5,0.137,0.317,0.958,Normal free-flow traffic - standard signal timing maintained
EVT431150,2026-06-09 06:51:48,Local Market Day,J023,Basavanagudi,3829,Weekday,False,Rain,True,8.7,False,False,0.542,Moderate,24.5,38.5,78.2,0.041,0.095,0.928,Light rain detected - minor speed reduction advised
EVT431151,2025-05-26 17:13:28,Trade Fair,J030,MG Road,14580,Weekday,False,Clear,False,0.0,False,False,0.87,Severe,12.7,67.6,433.7,0.24,0.554,0.967,Heavy congestion detected - signal timing extended and reroute suggested
EVT431152,2025-04-01 01:45:39,Sports Fixture,J012,Koramangala Sony World,22138,Weekday,False,Clear,False,0.0,False,False,0.291,Low,36.6,18.6,164.4,0.163,0.376,0.933,Moderate traffic flow - standard adaptive signal timing in effect
EVT431153,2025-10-01 08:51:22,Trade Fair,J009,Majestic,9112,Weekday,False,Clear,False,0.0,False,False,1.0,Severe,9.8,68.5,489.4,0.183,0.424,0.914,Heavy congestion detected - signal timing extended and reroute suggested
EVT431154,2025-11-02 15:30:38,Religious Festival,J020,Malleshwaram Circle,29730,Weekend,True,Rain,True,9.3,False,False,0.817,Severe,10.3,62.1,593.4,0.231,0.535,0.874,Festival crowd surge detected - alternate route and extended cycle recommended
EVT431155,2026-04-14 08:10:55,Cultural Procession,J023,Basavanagudi,15265,Weekday,True,Clear,False,0.0,False,True,1.0,Severe,7.3,103.8,907.1,0.28,0.648,0.826,Road closure for event/procession - full detour recommended for through-traffic
EVT431156,2025-05-16 16:29:55,Concert,J020,Malleshwaram Circle,7346,Weekday,False,Clear,False,0.0,False,False,0.575,High,21.3,41.9,248.9,0.165,0.382,0.965,Moderate traffic flow - standard adaptive signal timing in effect
EVT431157,2025-02-11 13:57:21,Trade Fair,J012,Koramangala Sony World,11278,Weekday,False,Clear,False,0.0,False,False,0.291,Low,27.4,27.6,223.2,0.149,0.344,0.99,Moderate traffic flow - standard adaptive signal timing in effect
EVT431158,2025-05-30 21:51:37,Trade Fair,J040,City Market,9032,Weekday,False,Clear,False,0.0,False,False,0.325,Low,23.3,23.7,308.6,0.219,0.506,0.944,Moderate traffic flow - standard adaptive signal timing in effect
EVT431159,2025-02-21 19:09:46,Local Market Day,J040,City Market,4285,Weekday,False,Clear,False,0.0,False,False,0.945,Severe,8.6,64.7,586.1,0.212,0.489,0.91,Heavy congestion detected - signal timing extended and reroute suggested
EVT431160,2025-09-17 01:29:57,Sports Fixture,J030,MG Road,18831,Weekday,False,Clear,False,0.0,False,False,0.246,Low,30.7,20.5,122.2,0.073,0.17,0.964,Normal free-flow traffic - standard signal timing maintained
EVT431161,2025-11-08 17:34:13,Trade Fair,J011,Indiranagar 100ft Road,5777,Weekend,False,Clear,False,0.0,False,False,0.743,High,15.6,52.5,310.2,0.171,0.395,0.97,Moderate traffic flow - standard adaptive signal timing in effect
EVT431162,2026-04-13 17:00:45,Political Rally,J020,Malleshwaram Circle,23357,Weekday,False,Clear,False,0.0,False,False,0.902,Severe,11.3,66.6,432.5,0.186,0.429,0.953,Heavy congestion detected - signal timing extended and reroute suggested
EVT431163,2025-10-06 09:49:57,Sports Fixture,J009,Majestic,27520,Weekday,False,Clear,False,0.0,False,False,1.0,Severe,7.5,70.9,619.3,0.207,0.478,0.916,Heavy congestion detected - signal timing extended and reroute suggested
EVT431164,2025-01-07 07:26:08,Concert,J040,City Market,14508,Weekday,False,Clear,False,0.0,False,False,0.633,High,18.0,43.8,208.3,0.137,0.317,0.97,Moderate traffic flow - standard adaptive signal timing in effect
EVT431165,2025-11-04 10:26:04,Sports Fixture,J040,City Market,26132,Weekday,False,Clear,False,0.0,False,False,0.804,Severe,15.6,58.7,269.1,0.14,0.323,0.929,Heavy congestion detected - signal timing extended and reroute suggested
EVT431166,2025-07-26 17:49:26,Trade Fair,J031,Cubbon Road,7686,Weekend,False,Rain,True,17.0,False,False,1.0,Severe,8.8,70.2,638.7,0.235,0.543,0.85,Heavy rain reducing visibility and grip - reduced speed and longer buffer advised
EVT431167,2025-10-21 18:43:56,Religious Festival,J020,Malleshwaram Circle,58889,Weekday,True,Rain,True,21.6,False,False,1.0,Severe,9.5,79.3,532.7,0.225,0.519,0.802,Festival crowd surge detected - alternate route and extended cycle recommended
EVT431168,2025-03-24 09:15:40,Sports Fixture,J031,Cubbon Road,20609,Weekday,False,Clear,False,0.0,False,False,1.0,Severe,8.1,69.9,484.0,0.166,0.384,0.91,Heavy congestion detected - signal timing extended and reroute suggested
EVT431169,2026-03-30 21:38:35,Local Market Day,J020,Malleshwaram Circle,1995,Weekday,False,Clear,False,0.0,False,False,0.326,Low,32.8,20.5,120.7,0.097,0.223,0.985,Moderate traffic flow - standard adaptive signal timing in effect
EVT431170,2026-03-19 19:11:35,Cultural Procession,J031,Cubbon Road,19704,Weekday,True,Clear,False,0.0,False,False,1.0,Severe,9.6,71.2,370.1,0.171,0.394,0.875,Festival crowd surge detected - alternate route and extended cycle recommended
EVT431171,2025-07-01 17:39:02,Local Market Day,J012,Koramangala Sony World,1657,Weekday,False,Clear,False,0.0,False,False,0.882,Severe,14.0,66.6,419.7,0.203,0.47,0.926,Heavy congestion detected - signal timing extended and reroute suggested
EVT431172,2025-07-15 17:31:49,Trade Fair,J011,Indiranagar 100ft Road,7380,Weekday,False,Clear,False,0.0,False,False,0.901,Severe,9.6,65.4,377.9,0.138,0.319,0.948,Heavy congestion detected - signal timing extended and reroute suggested
EVT431173,2025-10-22 09:27:14,Religious Festival,J031,Cubbon Road,30491,Weekday,True,Clear,False,0.0,False,False,1.0,Severe,9.6,68.2,287.1,0.11,0.253,0.87,Festival crowd surge detected - alternate route and extended cycle recommended
EVT431174,2026-01-16 08:09:06,Concert,J031,Cubbon Road,13002,Weekday,False,Clear,False,0.0,False,False,0.831,Severe,13.5,59.4,302.6,0.149,0.343,0.961,Heavy congestion detected - signal timing extended and reroute suggested
EVT431175,2025-04-26 10:05:56,Trade Fair,J009,Majestic,12256,Weekend,False,Clear,False,0.0,True,False,1.0,Severe,8.7,73.1,283.5,0.119,0.274,0.773,Accident detected nearby - reroute and reduced speed advised
EVT431176,2025-02-18 11:45:51,Trade Fair,J023,Basavanagudi,8897,Weekday,False,Clear,False,0.0,False,False,0.318,Low,39.0,20.4,160.0,0.178,0.412,0.953,Moderate traffic flow - standard adaptive signal timing in effect
EVT431177,2025-02-14 09:44:49,Concert,J020,Malleshwaram Circle,7433,Weekday,False,Clear,False,0.0,False,False,0.897,Severe,10.3,66.0,576.3,0.23,0.531,0.954,Heavy congestion detected - signal timing extended and reroute suggested
EVT431178,2025-03-02 16:09:55,Sports Fixture,J012,Koramangala Sony World,29314,Weekend,False,Clear,False,0.0,False,False,0.602,High,19.9,44.7,273.4,0.173,0.4,0.979,Moderate traffic flow - standard adaptive signal timing in effect
EVT431179,2025-09-14 21:10:48,Sports Fixture,J011,Indiranagar 100ft Road,20506,Weekend,False,Clear,False,0.0,False,False,0.441,Moderate,28.8,29.8,118.3,0.071,0.164,0.967,Moderate traffic flow - standard adaptive signal timing in effect
EVT431180,2026-02-28 17:42:12,Local Market Day,J012,Koramangala Sony World,4838,Weekend,False,Light Rain,True,6.5,False,False,0.894,Severe,11.3,62.2,504.9,0.211,0.488,0.878,Heavy rain reducing visibility and grip - reduced speed and longer buffer advised
EVT431181,2025-05-30 20:37:54,Sports Fixture,J040,City Market,18139,Weekday,False,Clear,False,0.0,False,False,0.587,High,22.2,38.0,204.3,0.132,0.305,0.981,Moderate traffic flow - standard adaptive signal timing in effect
EVT431182,2026-06-17 16:45:46,Sports Fixture,J040,City Market,17398,Weekday,False,Clear,False,0.0,False,False,0.711,High,20.3,49.7,265.1,0.177,0.409,0.965,Moderate traffic flow - standard adaptive signal timing in effect
EVT431183,2026-03-19 17:53:36,Religious Festival,J009,Majestic,43861,Weekday,True,Clear,False,0.0,False,False,1.0,Severe,9.0,69.6,732.9,0.265,0.611,0.882,Festival crowd surge detected - alternate route and extended cycle recommended
EVT431184,2025-05-07 10:17:05,Concert,J012,Koramangala Sony World,17210,Weekday,False,Rain,True,16.2,False,False,0.896,Severe,12.4,61.5,358.1,0.176,0.407,0.899,Heavy rain reducing visibility and grip - reduced speed and longer buffer advised
EVT431185,2026-05-12 16:27:54,Political Rally,J020,Malleshwaram Circle,15248,Weekday,False,Fog,False,0.0,False,False,0.539,Moderate,20.1,40.1,249.2,0.14,0.324,0.938,Moderate traffic flow - standard adaptive signal timing in effect
EVT431186,2025-04-13 22:04:03,Trade Fair,J040,City Market,10869,Weekend,False,Clear,False,0.0,False,False,0.333,Low,34.7,26.5,197.4,0.175,0.405,0.958,Moderate traffic flow - standard adaptive signal timing in effect
EVT431187,2026-05-26 08:09:26,Trade Fair,J012,Koramangala Sony World,12671,Weekday,False,Heavy Rain,True,32.7,False,False,1.0,Severe,7.5,72.9,553.6,0.179,0.413,0.864,Heavy rain reducing visibility and grip - reduced speed and longer buffer advised
EVT431188,2025-03-25 09:40:02,Concert,J030,MG Road,10848,Weekday,False,Clear,False,0.0,False,False,0.947,Severe,11.7,64.6,449.5,0.216,0.498,0.923,Heavy congestion detected - signal timing extended and reroute suggested
EVT431189,2026-05-18 09:00:27,Concert,J011,Indiranagar 100ft Road,13013,Weekday,False,Rain,True,18.0,False,False,1.0,Severe,9.3,72.8,194.5,0.078,0.18,0.858,Heavy rain reducing visibility and grip - reduced speed and longer buffer advised
EVT431190,2025-11-02 15:40:32,Religious Festival,J040,City Market,37171,Weekend,True,Fog,False,0.0,False,True,0.903,Severe,10.9,95.4,196.4,0.108,0.25,0.857,Road closure for event/procession - full detour recommended for through-traffic
EVT431191,2025-06-14 07:57:28,Trade Fair,J011,Indiranagar 100ft Road,9112,Weekend,False,Clear,False,0.0,False,False,0.688,High,12.5,50.4,317.1,0.146,0.336,0.977,Moderate traffic flow - standard adaptive signal timing in effect
EVT431192,2025-08-04 07:49:12,Sports Fixture,J023,Basavanagudi,19542,Weekday,False,Clear,False,0.0,False,False,0.921,Severe,12.9,65.0,235.2,0.132,0.305,0.93,Heavy congestion detected - signal timing extended and reroute suggested
EVT431193,2025-07-07 18:09:40,Concert,J009,Majestic,26688,Weekday,False,Clear,False,0.0,False,False,1.0,Severe,6.9,74.7,548.9,0.165,0.382,0.893,Heavy congestion detected - signal timing extended and reroute suggested
EVT431194,2025-03-03 12:37:45,Political Rally,J023,Basavanagudi,17834,Weekday,False,Clear,False,0.0,False,False,0.311,Low,36.8,18.6,119.4,0.115,0.265,0.968,Moderate traffic flow - standard adaptive signal timing in effect
EVT431195,2025-09-15 18:52:25,Concert,J030,MG Road,7488,Weekday,False,Clear,False,0.0,False,False,1.0,Severe,7.2,75.0,720.3,0.217,0.501,0.924,Heavy congestion detected - signal timing extended and reroute suggested
EVT431196,2026-06-25 18:46:26,Sports Fixture,J030,MG Road,16198,Weekday,False,Heavy Rain,True,33.4,False,False,1.0,Severe,8.3,70.0,659.5,0.224,0.517,0.865,Heavy rain reducing visibility and grip - reduced speed and longer buffer advised
EVT431197,2025-08-05 20:01:48,Concert,J040,City Market,19494,Weekday,False,Rain,True,9.0,False,False,1.0,Severe,9.2,69.6,270.5,0.116,0.268,0.861,Heavy rain reducing visibility and grip - reduced speed and longer buffer advised
EVT431198,2026-03-02 16:04:22,Concert,J040,City Market,18990,Weekday,False,Clear,False,0.0,False,False,0.497,Moderate,26.3,34.5,197.6,0.133,0.307,0.97,Moderate traffic flow - standard adaptive signal timing in effect
EVT431199,2026-03-22 11:52:50,Political Rally,J020,Malleshwaram Circle,11969,Weekend,False,Clear,False,0.0,False,False,0.336,Low,23.6,23.5,257.8,0.175,0.404,0.99,Moderate traffic flow - standard adaptive signal timing in effect
EVT431200,2026-04-08 22:09:59,Sports Fixture,J012,Koramangala Sony World,12417,Weekday,False,Clear,False,0.0,False,False,0.256,Low,39.2,17.1,148.5,0.164,0.378,0.971,Moderate traffic flow - standard adaptive signal timing in effect
EVT431201,2026-03-26 21:01:48,Cultural Procession,J009,Majestic,33302,Weekday,True,Clear,False,0.0,False,True,0.993,Severe,10.2,105.4,617.9,0.233,0.538,0.829,Road closure for event/procession - full detour recommended for through-traffic
EVT431202,2025-11-06 11:24:55,Political Rally,J012,Koramangala Sony World,24597,Weekday,False,Clear,False,0.0,False,False,0.469,Moderate,14.8,29.5,224.3,0.11,0.254,0.973,Moderate traffic flow - standard adaptive signal timing in effect
EVT431203,2025-04-30 18:04:41,Local Market Day,J040,City Market,2592,Weekday,False,Clear,False,0.0,False,False,1.0,Severe,9.2,69.2,362.0,0.14,0.323,0.912,Heavy congestion detected - signal timing extended and reroute suggested
EVT431204,2025-06-27 18:50:33,Concert,J020,Malleshwaram Circle,9299,Weekday,False,Clear,False,0.0,False,False,1.0,Severe,7.1,73.4,921.8,0.272,0.628,0.908,Heavy congestion detected - signal timing extended and reroute suggested
EVT431205,2025-11-11 13:31:16,Local Market Day,J023,Basavanagudi,2046,Weekday,False,Light Rain,True,2.6,False,False,0.273,Low,34.9,20.7,189.0,0.177,0.409,0.924,Light rain detected - minor speed reduction advised
EVT431206,2026-03-13 23:37:00,Sports Fixture,J031,Cubbon Road,26623,Weekday,False,Rain,True,12.6,False,False,0.5,Moderate,21.9,36.7,236.8,0.157,0.364,0.937,Light rain detected - minor speed reduction advised
EVT431207,2026-05-27 05:03:44,Local Market Day,J023,Basavanagudi,6034,Weekday,False,Clear,False,0.0,False,False,0.184,Low,32.3,15.4,165.5,0.132,0.306,0.96,Normal free-flow traffic - standard signal timing maintained
EVT431208,2025-12-06 07:28:43,Trade Fair,J009,Majestic,19939,Weekend,False,Clear,False,0.0,False,False,0.691,High,17.1,47.9,452.8,0.247,0.571,0.974,Moderate traffic flow - standard adaptive signal timing in effect
EVT431209,2026-02-12 16:16:04,Local Market Day,J031,Cubbon Road,4312,Weekday,False,Clear,False,0.0,False,False,0.47,Moderate,24.1,35.8,253.1,0.171,0.396,0.975,Moderate traffic flow - standard adaptive signal timing in effect
EVT431210,2026-03-23 15:26:01,Concert,J012,Koramangala Sony World,5884,Weekday,False,Clear,False,0.0,False,False,0.269,Low,31.5,26.8,58.7,0.038,0.087,0.944,Moderate traffic flow - standard adaptive signal timing in effect
EVT431211,2026-06-16 18:19:33,Trade Fair,J040,City Market,15101,Weekday,False,Clear,False,0.0,False,False,1.0,Severe,8.0,73.4,687.0,0.199,0.46,0.913,Heavy congestion detected - signal timing extended and reroute suggested
EVT431212,2025-12-17 09:30:43,Political Rally,J020,Malleshwaram Circle,12354,Weekday,False,Clear,False,0.0,False,False,1.0,Severe,7.0,76.2,525.9,0.17,0.392,0.921,Heavy congestion detected - signal timing extended and reroute suggested
EVT431213,2025-09-12 17:58:48,Trade Fair,J031,Cubbon Road,5526,Weekday,False,Rain,True,20.7,False,False,1.0,Severe,7.0,76.4,761.2,0.213,0.493,0.865,Heavy rain reducing visibility and grip - reduced speed and longer buffer advised
EVT431214,2025-12-19 20:39:07,Local Market Day,J009,Majestic,3160,Weekday,False,Clear,False,0.0,False,False,0.48,Moderate,28.3,29.0,100.1,0.067,0.155,0.964,Moderate traffic flow - standard adaptive signal timing in effect
EVT431215,2025-07-08 08:40:26,Sports Fixture,J009,Majestic,35803,Weekday,False,Heavy Rain,True,26.4,False,False,1.0,Severe,10.0,63.5,534.7,0.203,0.468,0.885,Heavy rain reducing visibility and grip - reduced speed and longer buffer advised
EVT431216,2026-03-29 14:07:26,Sports Fixture,J020,Malleshwaram Circle,14701,Weekend,False,Clear,False,0.0,False,False,0.338,Low,27.4,30.4,177.0,0.125,0.288,0.949,Moderate traffic flow - standard adaptive signal timing in effect
EVT431217,2025-07-08 13:16:11,Trade Fair,J031,Cubbon Road,10502,Weekday,False,Clear,False,0.0,False,False,0.2,Low,34.5,11.9,108.1,0.093,0.214,0.968,Normal free-flow traffic - standard signal timing maintained
EVT431218,2026-05-29 17:48:49,Local Market Day,J020,Malleshwaram Circle,9395,Weekday,False,Rain,True,12.4,False,False,1.0,Severe,7.7,74.2,338.4,0.103,0.239,0.871,Heavy rain reducing visibility and grip - reduced speed and longer buffer advised
EVT431219,2025-05-15 19:12:45,Sports Fixture,J011,Indiranagar 100ft Road,22217,Weekday,False,Rain,True,16.1,False,False,1.0,Severe,8.9,66.0,373.0,0.136,0.315,0.876,Heavy rain reducing visibility and grip - reduced speed and longer buffer advised
EVT431220,2025-09-18 10:40:16,Local Market Day,J031,Cubbon Road,5228,Weekday,False,Heavy Rain,True,52.0,False,False,0.884,Severe,14.6,65.3,418.1,0.203,0.469,0.878,Heavy rain reducing visibility and grip - reduced speed and longer buffer advised
EVT431221,2026-03-31 06:46:56,Trade Fair,J020,Malleshwaram Circle,6271,Weekday,False,Clear,False,0.0,False,False,0.389,Moderate,26.7,28.3,223.3,0.156,0.361,0.949,Moderate traffic flow - standard adaptive signal timing in effect
EVT431222,2026-04-27 09:55:00,Trade Fair,J011,Indiranagar 100ft Road,6723,Weekday,False,Clear,False,0.0,False,False,0.804,Severe,13.9,53.2,417.7,0.21,0.486,0.951,Heavy congestion detected - signal timing extended and reroute suggested
EVT431223,2026-04-02 09:55:39,Local Market Day,J012,Koramangala Sony World,3497,Weekday,False,Clear,False,0.0,False,False,0.789,Severe,15.8,60.6,252.2,0.151,0.35,0.955,Heavy congestion detected - signal timing extended and reroute suggested
EVT431224,2025-12-01 12:01:20,Local Market Day,J040,City Market,3632,Weekday,False,Clear,False,0.0,False,False,0.257,Low,29.1,22.4,185.9,0.124,0.287,0.968,Moderate traffic flow - standard adaptive signal timing in effect
EVT431225,2025-11-02 09:23:41,Cultural Procession,J030,MG Road,12632,Weekend,True,Fog,False,0.0,False,True,1.0,Severe,10.4,103.7,396.4,0.173,0.399,0.834,Road closure for event/procession - full detour recommended for through-traffic
EVT431226,2025-06-25 21:10:42,Local Market Day,J011,Indiranagar 100ft Road,9062,Weekday,False,Clear,False,0.0,False,False,0.389,Moderate,28.1,31.3,186.3,0.135,0.311,0.958,Moderate traffic flow - standard adaptive signal timing in effect
EVT431227,2026-04-08 12:03:07,Concert,J040,City Market,16328,Weekday,False,Clear,False,0.0,False,False,0.3,Low,30.5,20.9,204.5,0.2,0.462,0.967,Moderate traffic flow - standard adaptive signal timing in effect
EVT431228,2025-06-20 06:05:07,Local Market Day,J023,Basavanagudi,3322,Weekday,False,Clear,False,0.0,False,False,0.298,Low,30.0,21.0,113.5,0.069,0.158,0.943,Moderate traffic flow - standard adaptive signal timing in effect
EVT431229,2025-02-02 15:12:36,Local Market Day,J040,City Market,3572,Weekend,False,Clear,False,0.0,False,False,0.418,Moderate,37.7,26.8,96.0,0.075,0.174,0.962,Moderate traffic flow - standard adaptive signal timing in effect
EVT431230,2026-02-25 18:36:21,Trade Fair,J030,MG Road,11144,Weekday,False,Clear,False,0.0,False,False,0.97,Severe,9.9,68.3,490.7,0.189,0.437,0.935,Heavy congestion detected - signal timing extended and reroute suggested
EVT431231,2025-05-16 13:41:47,Local Market Day,J011,Indiranagar 100ft Road,3083,Weekday,False,Clear,False,0.0,False,False,0.129,Low,29.2,2.0,102.2,0.068,0.158,0.989,Normal free-flow traffic - standard signal timing maintained
EVT431232,2025-12-26 18:57:54,Religious Festival,J012,Koramangala Sony World,65284,Weekday,True,Light Rain,True,3.4,False,False,1.0,Severe,8.5,71.5,242.7,0.083,0.192,0.815,Festival crowd surge detected - alternate route and extended cycle recommended
EVT431233,2025-05-28 08:12:56,Concert,J023,Basavanagudi,5783,Weekday,False,Clear,False,0.0,False,False,0.909,Severe,11.7,64.1,452.4,0.199,0.459,0.955,Heavy congestion detected - signal timing extended and reroute suggested
EVT431234,2026-02-23 12:43:52,Local Market Day,J040,City Market,3420,Weekday,False,Clear,False,0.0,False,False,0.118,Low,31.7,3.4,133.3,0.096,0.222,0.98,Normal free-flow traffic - standard signal timing maintained
EVT431235,2025-04-20 18:43:06,Local Market Day,J020,Malleshwaram Circle,4168,Weekend,False,Clear,False,0.0,False,False,0.826,Severe,14.7,54.7,252.1,0.12,0.277,0.954,Heavy congestion detected - signal timing extended and reroute suggested
EVT431236,2025-05-29 16:33:07,Concert,J011,Indiranagar 100ft Road,9842,Weekday,False,Clear,False,0.0,False,False,0.56,High,17.8,40.3,377.5,0.222,0.512,0.96,Moderate traffic flow - standard adaptive signal timing in effect
EVT431237,2026-02-02 15:37:52,Local Market Day,J040,City Market,4736,Weekday,False,Clear,False,0.0,False,False,0.279,Low,30.8,15.7,143.4,0.112,0.26,0.971,Moderate traffic flow - standard adaptive signal timing in effect
EVT431238,2025-10-13 08:01:41,Political Rally,J030,MG Road,7505,Weekday,False,Clear,False,0.0,False,False,0.813,Severe,12.5,65.9,551.8,0.245,0.567,0.961,Heavy congestion detected - signal timing extended and reroute suggested
EVT431239,2026-05-04 06:23:18,Political Rally,J012,Koramangala Sony World,15439,Weekday,False,Light Rain,True,4.8,False,False,0.384,Moderate,28.1,30.1,174.5,0.129,0.297,0.9,Light rain detected - minor speed reduction advised
EVT431240,2025-07-08 18:17:53,Sports Fixture,J011,Indiranagar 100ft Road,12401,Weekday,False,Heavy Rain,True,53.9,False,False,1.0,Severe,10.2,73.1,466.4,0.187,0.431,0.864,Heavy rain reducing visibility and grip - reduced speed and longer buffer advised
EVT431241,2025-01-21 11:12:36,Concert,J023,Basavanagudi,9162,Weekday,False,Clear,False,0.0,False,False,0.446,Moderate,27.0,31.6,177.6,0.148,0.342,0.969,Moderate traffic flow - standard adaptive signal timing in effect
EVT431242,2026-02-15 14:31:24,Sports Fixture,J009,Majestic,29789,Weekend,False,Clear,False,0.0,False,False,0.425,Moderate,24.0,34.3,111.2,0.07,0.161,0.949,Moderate traffic flow - standard adaptive signal timing in effect
EVT431243,2025-11-12 20:03:27,Concert,J012,Koramangala Sony World,14134,Weekday,False,Clear,False,0.0,False,False,0.767,Severe,18.4,52.5,363.1,0.217,0.501,0.963,Heavy congestion detected - signal timing extended and reroute suggested
EVT431244,2025-03-25 19:00:44,Concert,J009,Majestic,14813,Weekday,False,Clear,False,0.0,False,False,1.0,Severe,8.8,73.4,399.8,0.151,0.35,0.921,Heavy congestion detected - signal timing extended and reroute suggested
EVT431245,2026-01-10 07:40:29,Trade Fair,J031,Cubbon Road,5559,Weekend,False,Clear,False,0.0,False,False,0.616,High,20.1,49.8,273.4,0.166,0.384,0.951,Moderate traffic flow - standard adaptive signal timing in effect
EVT431246,2025-09-25 16:33:11,Trade Fair,J030,MG Road,3666,Weekday,False,Rain,True,19.4,False,False,0.796,Severe,10.6,54.0,189.4,0.095,0.22,0.911,Heavy rain reducing visibility and grip - reduced speed and longer buffer advised
EVT431247,2025-07-27 08:27:20,Local Market Day,J031,Cubbon Road,3067,Weekend,False,Clear,False,0.0,False,False,0.846,Severe,14.4,58.1,345.8,0.203,0.47,0.94,Heavy congestion detected - signal timing extended and reroute suggested
EVT431248,2025-04-20 19:31:13,Political Rally,J023,Basavanagudi,16964,Weekend,False,Clear,False,0.0,False,False,0.867,Severe,12.1,57.9,392.2,0.181,0.419,0.926,Heavy congestion detected - signal timing extended and reroute suggested
EVT431249,2025-08-21 05:16:12,Sports Fixture,J040,City Market,24150,Weekday,False,Heavy Rain,True,54.9,False,False,0.637,High,19.4,48.1,205.0,0.129,0.298,0.894,Heavy rain reducing visibility and grip - reduced speed and longer buffer advised
EVT431250,2026-02-28 16:40:26,Local Market Day,J023,Basavanagudi,3444,Weekend,False,Clear,False,0.0,False,False,0.504,Moderate,24.5,37.7,277.3,0.218,0.503,0.972,Moderate traffic flow - standard adaptive signal timing in effect
EVT431251,2025-01-28 09:19:20,Sports Fixture,J012,Koramangala Sony World,38515,Weekday,False,Clear,False,0.0,False,False,1.0,Severe,8.7,74.0,440.7,0.159,0.367,0.922,Heavy congestion detected - signal timing extended and reroute suggested
EVT431252,2025-05-03 19:51:29,Local Market Day,J030,MG Road,2629,Weekend,False,Rain,True,20.8,False,False,0.911,Severe,11.1,64.0,513.7,0.207,0.478,0.884,Heavy rain reducing visibility and grip - reduced speed and longer buffer advised
EVT431253,2026-02-04 17:13:35,Sports Fixture,J023,Basavanagudi,10906,Weekday,False,Fog,False,0.0,False,False,0.833,Severe,14.9,60.0,289.3,0.18,0.415,0.942,Heavy congestion detected - signal timing extended and reroute suggested
EVT431254,2025-03-26 09:54:35,Local Market Day,J040,City Market,9157,Weekday,False,Clear,False,0.0,False,False,0.924,Severe,9.2,65.2,290.7,0.121,0.28,0.926,Heavy congestion detected - signal timing extended and reroute suggested
EVT431255,2025-12-10 16:17:39,Trade Fair,J020,Malleshwaram Circle,15315,Weekday,False,Clear,False,0.0,False,False,0.605,High,21.0,46.4,223.9,0.156,0.361,0.989,Moderate traffic flow - standard adaptive signal timing in effect
EVT431256,2025-02-02 14:16:55,Sports Fixture,J023,Basavanagudi,17379,Weekend,False,Clear,False,0.0,False,False,0.369,Moderate,25.3,27.5,194.6,0.154,0.355,0.959,Moderate traffic flow - standard adaptive signal timing in effect
EVT431257,2026-06-11 19:54:55,Local Market Day,J023,Basavanagudi,4763,Weekday,False,Rain,True,11.9,False,False,0.954,Severe,12.4,63.6,480.5,0.222,0.514,0.876,Heavy rain reducing visibility and grip - reduced speed and longer buffer advised
EVT431258,2025-02-08 21:27:11,Local Market Day,J012,Koramangala Sony World,4794,Weekend,False,Clear,False,0.0,False,False,0.416,Moderate,31.8,24.1,148.6,0.131,0.303,0.947,Moderate traffic flow - standard adaptive signal timing in effect
EVT431259,2025-01-25 16:55:28,Sports Fixture,J009,Majestic,18290,Weekend,False,Clear,False,0.0,False,False,0.731,High,21.6,53.4,244.1,0.174,0.402,0.966,Moderate traffic flow - standard adaptive signal timing in effect
EVT431260,2026-02-16 19:20:55,Political Rally,J009,Majestic,29009,Weekday,False,Clear,False,0.0,False,False,1.0,Severe,6.5,71.1,961.4,0.239,0.553,0.923,Heavy congestion detected - signal timing extended and reroute suggested
EVT431261,2026-02-10 13:18:11,Local Market Day,J009,Majestic,5188,Weekday,False,Clear,False,0.0,False,False,0.143,Low,39.4,10.1,76.4,0.086,0.2,0.977,Normal free-flow traffic - standard signal timing maintained
EVT431262,2025-11-06 08:48:52,Local Market Day,J031,Cubbon Road,9173,Weekday,False,Clear,False,0.0,False,False,1.0,Severe,8.1,66.7,535.9,0.197,0.455,0.904,Heavy congestion detected - signal timing extended and reroute suggested
EVT431263,2026-01-21 08:04:45,Local Market Day,J009,Majestic,6760,Weekday,False,Clear,False,0.0,False,False,0.794,Severe,16.5,61.9,260.3,0.141,0.327,0.943,Heavy congestion detected - signal timing extended and reroute suggested
EVT431264,2025-09-27 19:50:22,Concert,J009,Majestic,6794,Weekend,False,Rain,True,16.8,False,False,0.929,Severe,11.8,68.7,563.6,0.234,0.541,0.868,Heavy rain reducing visibility and grip - reduced speed and longer buffer advised
EVT431265,2026-04-25 12:18:22,Local Market Day,J030,MG Road,7611,Weekend,False,Clear,False,0.0,False,False,0.332,Low,33.2,22.2,71.6,0.068,0.157,0.974,Moderate traffic flow - standard adaptive signal timing in effect
EVT431266,2025-10-07 20:33:11,Trade Fair,J040,City Market,13548,Weekday,False,Clear,False,0.0,False,False,0.597,High,20.5,47.5,165.1,0.096,0.222,0.94,Moderate traffic flow - standard adaptive signal timing in effect
EVT431267,2025-04-29 16:28:47,Trade Fair,J012,Koramangala Sony World,6036,Weekday,False,Clear,False,0.0,False,False,0.523,Moderate,22.5,35.3,260.3,0.168,0.387,0.956,Moderate traffic flow - standard adaptive signal timing in effect
EVT431268,2026-05-08 06:49:08,Local Market Day,J020,Malleshwaram Circle,3927,Weekday,False,Clear,False,0.0,False,False,0.348,Low,30.3,28.8,190.3,0.157,0.363,0.961,Moderate traffic flow - standard adaptive signal timing in effect
EVT431269,2025-02-12 07:44:01,Sports Fixture,J040,City Market,20644,Weekday,False,Clear,False,0.0,False,False,0.805,Severe,11.8,58.4,394.0,0.169,0.391,0.963,Heavy congestion detected - signal timing extended and reroute suggested
EVT431270,2026-06-09 09:33:50,Local Market Day,J011,Indiranagar 100ft Road,3264,Weekday,False,Heavy Rain,True,54.9,False,False,1.0,Severe,7.9,74.2,610.6,0.2,0.462,0.872,Heavy rain reducing visibility and grip - reduced speed and longer buffer advised
EVT431271,2025-09-09 03:40:06,Trade Fair,J040,City Market,11037,Weekday,False,Clear,False,0.0,False,False,0.229,Low,30.5,12.6,113.0,0.084,0.193,0.961,Normal free-flow traffic - standard signal timing maintained
EVT431272,2025-07-17 17:59:59,Local Market Day,J011,Indiranagar 100ft Road,5075,Weekday,False,Clear,False,0.0,False,False,0.981,Severe,9.7,64.7,497.9,0.19,0.438,0.932,Heavy congestion detected - signal timing extended and reroute suggested
EVT431273,2026-04-12 12:28:29,Local Market Day,J023,Basavanagudi,4295,Weekend,False,Clear,False,0.0,False,False,0.327,Low,30.9,28.4,200.2,0.158,0.365,0.958,Moderate traffic flow - standard adaptive signal timing in effect
EVT431274,2025-05-08 11:26:38,Concert,J023,Basavanagudi,9369,Weekday,False,Heavy Rain,True,46.0,False,False,0.626,High,20.7,47.3,268.7,0.185,0.428,0.916,Heavy rain reducing visibility and grip - reduced speed and longer buffer advised
EVT431275,2026-05-14 12:28:22,Trade Fair,J020,Malleshwaram Circle,9178,Weekday,False,Clear,False,0.0,False,False,0.235,Low,36.2,16.7,141.2,0.133,0.307,0.965,Normal free-flow traffic - standard signal timing maintained
EVT431276,2025-06-03 20:03:08,Local Market Day,J012,Koramangala Sony World,4112,Weekday,False,Rain,True,12.2,False,False,0.871,Severe,13.3,66.0,355.7,0.193,0.446,0.885,Heavy rain reducing visibility and grip - reduced speed and longer buffer advised
EVT431277,2025-02-07 09:26:44,Sports Fixture,J020,Malleshwaram Circle,24678,Weekday,False,Clear,False,0.0,False,False,1.0,Severe,6.8,74.7,682.7,0.194,0.447,0.904,Heavy congestion detected - signal timing extended and reroute suggested
EVT431278,2025-01-06 13:17:53,Sports Fixture,J031,Cubbon Road,19214,Weekday,False,Light Rain,True,5.3,False,False,0.308,Low,25.6,21.5,248.0,0.191,0.441,0.927,Light rain detected - minor speed reduction advised
EVT431279,2026-06-08 21:55:03,Local Market Day,J012,Koramangala Sony World,2790,Weekday,False,Clear,False,0.0,False,False,0.295,Low,30.4,28.2,152.0,0.114,0.264,0.966,Moderate traffic flow - standard adaptive signal timing in effect
EVT431280,2025-02-05 19:15:30,Concert,J040,City Market,11458,Weekday,False,Clear,False,0.0,False,False,0.955,Severe,9.9,69.1,402.4,0.186,0.429,0.939,Heavy congestion detected - signal timing extended and reroute suggested
EVT431281,2025-06-14 18:33:40,Local Market Day,J030,MG Road,3081,Weekend,False,Clear,False,0.0,False,False,0.803,Severe,12.1,50.4,352.3,0.172,0.397,0.947,Heavy congestion detected - signal timing extended and reroute suggested
EVT431282,2026-06-24 07:29:42,Trade Fair,J011,Indiranagar 100ft Road,11503,Weekday,False,Light Rain,True,6.9,False,False,0.717,High,18.5,52.7,295.4,0.172,0.398,0.915,Heavy rain reducing visibility and grip - reduced speed and longer buffer advised
EVT431283,2025-06-26 20:51:11,Political Rally,J023,Basavanagudi,15886,Weekday,False,Clear,False,0.0,False,False,0.608,High,23.3,42.4,279.8,0.195,0.451,0.955,Moderate traffic flow - standard adaptive signal timing in effect
EVT431284,2025-04-03 08:04:06,Local Market Day,J011,Indiranagar 100ft Road,6323,Weekday,False,Clear,False,0.0,False,False,0.831,Severe,15.2,61.7,277.8,0.153,0.353,0.923,Heavy congestion detected - signal timing extended and reroute suggested
EVT431285,2025-02-18 10:24:13,Concert,J011,Indiranagar 100ft Road,12376,Weekday,False,Clear,False,0.0,False,False,0.725,High,18.6,54.2,231.7,0.144,0.332,0.977,Moderate traffic flow - standard adaptive signal timing in effect
EVT431286,2025-10-25 10:28:24,Local Market Day,J012,Koramangala Sony World,4978,Weekend,False,Clear,False,0.0,False,False,0.624,High,25.1,48.6,201.2,0.148,0.343,0.945,Moderate traffic flow - standard adaptive signal timing in effect
EVT431287,2026-06-14 07:36:37,Sports Fixture,J023,Basavanagudi,38020,Weekend,False,Clear,False,0.0,False,False,0.823,Severe,15.1,57.8,296.3,0.179,0.413,0.95,Heavy congestion detected - signal timing extended and reroute suggested
EVT431288,2026-02-10 08:43:18,Trade Fair,J009,Majestic,14732,Weekday,False,Clear,False,0.0,False,False,1.0,Severe,8.5,67.0,350.8,0.132,0.306,0.916,Heavy congestion detected - signal timing extended and reroute suggested
EVT431289,2025-04-08 15:11:06,Political Rally,J012,Koramangala Sony World,33390,Weekday,False,Rain,True,12.6,False,False,0.605,High,23.5,37.8,145.3,0.116,0.269,0.898,Heavy rain reducing visibility and grip - reduced speed and longer buffer advised
EVT431290,2026-05-30 13:34:16,Sports Fixture,J031,Cubbon Road,18823,Weekend,False,Rain,True,19.4,False,False,0.634,High,17.4,50.6,132.6,0.074,0.171,0.897,Heavy rain reducing visibility and grip - reduced speed and longer buffer advised
EVT431291,2025-03-10 23:58:32,Trade Fair,J012,Koramangala Sony World,7670,Weekday,False,Clear,False,0.0,True,False,0.6,High,26.2,45.0,206.5,0.163,0.377,0.793,Accident detected nearby - reroute and reduced speed advised
EVT431292,2025-03-02 10:08:27,Sports Fixture,J031,Cubbon Road,22629,Weekend,False,Clear,False,0.0,False,False,0.851,Severe,14.3,64.5,292.3,0.158,0.364,0.96,Heavy congestion detected - signal timing extended and reroute suggested
EVT431293,2026-05-24 17:07:39,Trade Fair,J030,MG Road,5854,Weekend,False,Fog,False,0.0,False,False,0.735,High,13.7,56.3,321.9,0.169,0.391,0.961,Moderate traffic flow - standard adaptive signal timing in effect
EVT431294,2026-01-28 09:08:57,Local Market Day,J009,Majestic,4649,Weekday,False,Clear,False,0.0,False,False,0.967,Severe,6.2,74.2,255.5,0.086,0.2,0.92,Heavy congestion detected - signal timing extended and reroute suggested
EVT431295,2025-06-21 07:46:10,Sports Fixture,J011,Indiranagar 100ft Road,16874,Weekend,False,Clear,False,0.0,False,False,0.753,Severe,16.0,56.4,232.3,0.135,0.312,0.968,Heavy congestion detected - signal timing extended and reroute suggested
EVT431296,2026-04-06 18:04:42,Local Market Day,J030,MG Road,4653,Weekday,False,Clear,False,0.0,False,False,0.92,Severe,12.6,69.4,211.1,0.096,0.221,0.918,Heavy congestion detected - signal timing extended and reroute suggested
EVT431297,2026-01-22 08:08:17,Local Market Day,J031,Cubbon Road,3904,Weekday,False,Clear,False,0.0,False,False,0.805,Severe,16.6,52.6,269.6,0.143,0.331,0.933,Heavy congestion detected - signal timing extended and reroute suggested
EVT431298,2025-06-02 18:59:36,Local Market Day,J012,Koramangala Sony World,3692,Weekday,False,Clear,False,0.0,False,False,0.952,Severe,10.1,65.6,450.3,0.201,0.465,0.919,Heavy congestion detected - signal timing extended and reroute suggested
EVT431299,2025-10-30 09:52:20,Local Market Day,J030,MG Road,3492,Weekday,False,Clear,False,0.0,False,False,0.879,Severe,13.6,68.1,376.7,0.201,0.465,0.957,Heavy congestion detected - signal timing extended and reroute suggested
EVT431300,2025-07-30 20:06:13,Local Market Day,J012,Koramangala Sony World,9659,Weekday,False,Clear,False,0.0,False,False,0.674,High,20.9,50.3,234.8,0.141,0.325,0.97,Moderate traffic flow - standard adaptive signal timing in effect
EVT431301,2025-10-19 18:16:23,Trade Fair,J011,Indiranagar 100ft Road,9363,Weekend,False,Clear,False,0.0,False,False,0.875,Severe,13.0,62.1,466.3,0.226,0.521,0.954,Heavy congestion detected - signal timing extended and reroute suggested
EVT431302,2025-12-27 23:21:55,Concert,J012,Koramangala Sony World,10347,Weekend,False,Fog,False,0.0,True,False,0.715,High,17.4,49.8,263.4,0.173,0.399,0.792,Accident detected nearby - reroute and reduced speed advised
EVT431303,2025-03-05 19:00:00,Sports Fixture,J012,Koramangala Sony World,14350,Weekday,False,Clear,False,0.0,False,False,1.0,Severe,12.2,67.6,198.6,0.095,0.219,0.908,Heavy congestion detected - signal timing extended and reroute suggested
EVT431304,2025-09-25 11:33:43,Local Market Day,J011,Indiranagar 100ft Road,4557,Weekday,False,Clear,False,0.0,False,False,0.309,Low,22.0,20.6,270.7,0.18,0.416,0.99,Moderate traffic flow - standard adaptive signal timing in effect
EVT431305,2025-10-02 16:15:02,Fireworks Display,J030,MG Road,24122,Weekday,True,Heavy Rain,True,28.9,False,False,1.0,Severe,9.1,70.5,569.2,0.221,0.511,0.823,Festival crowd surge detected - alternate route and extended cycle recommended
EVT431306,2025-10-16 22:58:21,Concert,J009,Majestic,10108,Weekday,False,Clear,False,0.0,False,False,0.226,Low,28.2,14.4,82.2,0.057,0.131,0.987,Normal free-flow traffic - standard signal timing maintained
EVT431307,2025-04-23 14:33:50,Trade Fair,J020,Malleshwaram Circle,8071,Weekday,False,Clear,False,0.0,False,False,0.203,Low,23.7,15.8,274.2,0.161,0.373,0.959,Normal free-flow traffic - standard signal timing maintained
EVT431308,2026-05-13 17:53:28,Sports Fixture,J011,Indiranagar 100ft Road,27627,Weekday,False,Light Rain,True,6.1,False,False,1.0,Severe,7.7,70.8,834.6,0.251,0.58,0.863,Heavy rain reducing visibility and grip - reduced speed and longer buffer advised
EVT431309,2026-04-27 19:12:35,Trade Fair,J011,Indiranagar 100ft Road,7889,Weekday,False,Clear,False,0.0,False,False,0.978,Severe,9.6,71.6,363.0,0.147,0.341,0.896,Heavy congestion detected - signal timing extended and reroute suggested
EVT431310,2026-05-13 19:14:05,Concert,J011,Indiranagar 100ft Road,9561,Weekday,False,Clear,False,0.0,False,False,0.926,Severe,10.5,62.8,327.5,0.121,0.279,0.92,Heavy congestion detected - signal timing extended and reroute suggested
EVT431311,2026-05-10 15:09:37,Trade Fair,J020,Malleshwaram Circle,10534,Weekend,False,Rain,True,15.0,False,False,0.499,Moderate,32.2,36.1,98.9,0.082,0.19,0.917,Light rain detected - minor speed reduction advised
EVT431312,2025-12-21 18:06:20,Political Rally,J031,Cubbon Road,16292,Weekend,False,Fog,False,0.0,False,False,0.965,Severe,10.0,65.3,505.7,0.194,0.449,0.909,Heavy congestion detected - signal timing extended and reroute suggested
EVT431313,2026-05-22 13:29:13,Trade Fair,J030,MG Road,7805,Weekday,False,Clear,False,0.0,False,False,0.14,Low,33.5,4.8,172.2,0.127,0.292,0.96,Normal free-flow traffic - standard signal timing maintained
EVT431314,2025-02-13 17:04:17,Local Market Day,J009,Majestic,3477,Weekday,False,Clear,False,0.0,False,False,0.677,High,16.2,49.0,334.8,0.191,0.442,0.928,Moderate traffic flow - standard adaptive signal timing in effect
EVT431315,2025-11-27 17:42:36,Concert,J012,Koramangala Sony World,13297,Weekday,False,Clear,False,0.0,False,False,0.972,Severe,8.8,70.7,533.3,0.185,0.428,0.951,Heavy congestion detected - signal timing extended and reroute suggested
EVT431316,2025-11-06 11:55:59,Concert,J023,Basavanagudi,8883,Weekday,False,Clear,False,0.0,False,False,0.229,Low,28.7,18.6,191.0,0.119,0.275,0.969,Normal free-flow traffic - standard signal timing maintained
EVT431317,2026-01-11 13:31:48,Local Market Day,J011,Indiranagar 100ft Road,5854,Weekend,False,Clear,False,0.0,False,False,0.215,Low,29.8,9.9,114.4,0.077,0.177,0.974,Normal free-flow traffic - standard signal timing maintained
EVT431318,2025-12-29 18:51:23,Sports Fixture,J031,Cubbon Road,41474,Weekday,False,Clear,False,0.0,False,False,1.0,Severe,7.9,73.4,619.5,0.23,0.532,0.902,Heavy congestion detected - signal timing extended and reroute suggested
EVT431319,2025-12-04 20:56:49,Sports Fixture,J031,Cubbon Road,22265,Weekday,False,Clear,False,0.0,False,False,0.573,High,21.0,47.0,263.8,0.178,0.41,0.957,Moderate traffic flow - standard adaptive signal timing in effect
EVT431320,2025-11-28 19:13:51,Local Market Day,J031,Cubbon Road,3116,Weekday,False,Clear,False,0.0,False,False,0.865,Severe,15.6,60.4,447.9,0.271,0.626,0.93,Heavy congestion detected - signal timing extended and reroute suggested
EVT431321,2025-03-23 08:35:36,Concert,J020,Malleshwaram Circle,6983,Weekend,False,Clear,False,0.0,False,False,0.872,Severe,15.5,68.1,313.6,0.148,0.341,0.957,Heavy congestion detected - signal timing extended and reroute suggested
EVT431322,2025-12-02 18:34:10,Sports Fixture,J009,Majestic,38959,Weekday,False,Clear,False,0.0,False,False,1.0,Severe,6.3,71.4,628.5,0.162,0.374,0.939,Heavy congestion detected - signal timing extended and reroute suggested
EVT431323,2026-05-04 16:19:42,Concert,J040,City Market,10011,Weekday,False,Clear,False,0.0,False,False,0.574,High,25.1,38.0,205.6,0.164,0.378,0.958,Moderate traffic flow - standard adaptive signal timing in effect
EVT431324,2026-03-09 18:52:19,Sports Fixture,J030,MG Road,28683,Weekday,False,Clear,False,0.0,False,False,1.0,Severe,9.3,72.8,333.9,0.112,0.259,0.916,Heavy congestion detected - signal timing extended and reroute suggested
EVT431325,2025-12-17 09:48:43,Sports Fixture,J023,Basavanagudi,27600,Weekday,False,Clear,False,0.0,False,False,1.0,Severe,7.2,69.0,572.9,0.174,0.402,0.894,Heavy congestion detected - signal timing extended and reroute suggested
EVT431326,2026-06-02 09:19:24,Local Market Day,J040,City Market,4125,Weekday,False,Rain,True,9.2,False,False,1.0,Severe,7.6,73.1,622.0,0.183,0.423,0.881,Heavy rain reducing visibility and grip - reduced speed and longer buffer advised
EVT431327,2025-01-11 15:53:36,Trade Fair,J012,Koramangala Sony World,8246,Weekend,False,Fog,False,0.0,False,False,0.399,Moderate,25.0,26.6,246.2,0.178,0.412,0.971,Moderate traffic flow - standard adaptive signal timing in effect
EVT431328,2025-11-10 05:05:39,Concert,J009,Majestic,12790,Weekday,False,Rain,True,9.7,False,False,0.354,Moderate,29.3,25.5,220.6,0.172,0.398,0.879,Light rain detected - minor speed reduction advised
EVT431329,2026-03-25 21:17:28,Political Rally,J011,Indiranagar 100ft Road,7906,Weekday,False,Fog,False,0.0,False,False,0.353,Moderate,27.6,24.6,123.7,0.075,0.174,0.953,Moderate traffic flow - standard adaptive signal timing in effect
EVT431330,2026-03-26 14:59:11,Religious Festival,J012,Koramangala Sony World,30398,Weekday,True,Clear,False,0.0,False,True,0.811,High,15.6,76.6,370.1,0.206,0.475,0.863,Road closure for event/procession - full detour recommended for through-traffic
EVT431331,2025-07-25 09:26:36,Concert,J009,Majestic,11434,Weekday,False,Heavy Rain,True,46.1,False,False,1.0,Severe,7.7,71.7,382.7,0.127,0.294,0.848,Heavy rain reducing visibility and grip - reduced speed and longer buffer advised
EVT431332,2025-04-02 16:52:16,Concert,J040,City Market,13422,Weekday,False,Clear,False,0.0,False,False,0.703,High,16.5,46.4,313.7,0.153,0.352,0.963,Moderate traffic flow - standard adaptive signal timing in effect
EVT431333,2025-07-14 21:49:29,Political Rally,J020,Malleshwaram Circle,13488,Weekday,False,Clear,False,0.0,False,False,0.367,Moderate,28.5,28.0,245.8,0.192,0.444,0.978,Moderate traffic flow - standard adaptive signal timing in effect
EVT431334,2025-03-27 22:56:02,Concert,J011,Indiranagar 100ft Road,13386,Weekday,False,Clear,False,0.0,False,False,0.24,Low,38.9,18.8,187.2,0.192,0.444,0.938,Normal free-flow traffic - standard signal timing maintained
EVT431335,2026-01-03 19:55:40,Local Market Day,J040,City Market,5837,Weekend,False,Clear,False,0.0,False,False,0.563,High,22.1,44.5,161.4,0.115,0.265,0.949,Moderate traffic flow - standard adaptive signal timing in effect
EVT431336,2025-10-16 15:20:41,Political Rally,J030,MG Road,19532,Weekday,False,Heavy Rain,True,55.9,False,False,0.742,High,18.5,51.7,279.8,0.169,0.391,0.916,Heavy rain reducing visibility and grip - reduced speed and longer buffer advised
EVT431337,2025-03-24 20:50:09,Local Market Day,J030,MG Road,2694,Weekday,False,Light Rain,True,2.9,False,False,0.566,High,27.8,45.8,199.5,0.17,0.392,0.889,Heavy rain reducing visibility and grip - reduced speed and longer buffer advised
EVT431338,2025-01-31 20:22:43,Political Rally,J030,MG Road,23509,Weekday,False,Clear,False,0.0,False,False,0.697,High,17.1,51.2,119.0,0.071,0.163,0.956,Moderate traffic flow - standard adaptive signal timing in effect
EVT431339,2026-01-27 18:45:02,Cultural Procession,J023,Basavanagudi,13613,Weekday,True,Clear,False,0.0,False,True,1.0,Severe,7.9,96.5,576.8,0.191,0.441,0.809,Road closure for event/procession - full detour recommended for through-traffic
EVT431340,2026-03-17 16:41:40,Sports Fixture,J030,MG Road,18956,Weekday,False,Clear,False,0.0,False,False,0.759,Severe,20.0,58.1,398.3,0.25,0.578,0.964,Heavy congestion detected - signal timing extended and reroute suggested
EVT431341,2026-02-10 08:16:37,Local Market Day,J031,Cubbon Road,4407,Weekday,False,Clear,False,0.0,False,False,0.792,Severe,15.7,54.6,358.8,0.187,0.431,0.928,Heavy congestion detected - signal timing extended and reroute suggested
EVT431342,2026-03-03 07:17:28,Concert,J031,Cubbon Road,11096,Weekday,False,Clear,False,0.0,False,False,0.576,High,20.8,39.8,259.8,0.183,0.423,0.981,Moderate traffic flow - standard adaptive signal timing in effect
EVT431343,2025-09-04 05:13:40,Sports Fixture,J009,Majestic,12801,Weekday,False,Light Rain,True,6.8,False,False,0.285,Low,31.9,15.0,95.1,0.081,0.186,0.915,Light rain detected - minor speed reduction advised
EVT431344,2025-06-23 17:57:04,Concert,J009,Majestic,16057,Weekday,False,Rain,True,12.3,True,False,1.0,Severe,8.8,65.1,568.9,0.204,0.471,0.717,Accident detected nearby - reroute and reduced speed advised
EVT431345,2026-05-01 09:31:54,Religious Festival,J012,Koramangala Sony World,35997,Weekday,True,Rain,True,17.1,False,True,1.0,Severe,7.2,95.3,419.9,0.149,0.345,0.801,Road closure for event/procession - full detour recommended for through-traffic
EVT431346,2025-01-15 15:18:17,Cultural Procession,J011,Indiranagar 100ft Road,14223,Weekday,True,Clear,False,0.0,False,False,0.592,High,22.3,40.7,91.6,0.063,0.144,0.914,Festival crowd surge detected - alternate route and extended cycle recommended
EVT431347,2025-12-14 09:44:48,Trade Fair,J009,Majestic,9694,Weekend,False,Clear,False,0.0,False,False,0.819,Severe,13.2,55.8,324.1,0.16,0.369,0.934,Heavy congestion detected - signal timing extended and reroute suggested
EVT431348,2026-04-20 06:54:08,Local Market Day,J030,MG Road,6194,Weekday,False,Clear,False,0.0,False,False,0.425,Moderate,25.5,28.7,80.8,0.051,0.118,0.969,Moderate traffic flow - standard adaptive signal timing in effect
EVT431349,2026-02-17 20:33:37,Concert,J030,MG Road,4817,Weekday,False,Clear,False,0.0,False,False,0.482,Moderate,19.9,33.3,181.3,0.127,0.294,0.98,Moderate traffic flow - standard adaptive signal timing in effect
EVT431350,2026-06-29 14:04:44,Sports Fixture,J020,Malleshwaram Circle,17616,Weekday,False,Light Rain,True,4.5,False,False,0.414,Moderate,29.7,37.2,187.0,0.148,0.342,0.894,Light rain detected - minor speed reduction advised
EVT431351,2025-11-28 17:35:17,Political Rally,J040,City Market,8231,Weekday,False,Clear,False,0.0,False,False,0.918,Severe,11.6,62.9,522.9,0.216,0.499,0.952,Heavy congestion detected - signal timing extended and reroute suggested
EVT431352,2025-03-29 10:54:39,Sports Fixture,J020,Malleshwaram Circle,20637,Weekend,False,Clear,False,0.0,False,False,0.536,Moderate,25.7,44.5,198.1,0.143,0.33,0.99,Moderate traffic flow - standard adaptive signal timing in effect
EVT431353,2026-04-06 16:54:52,Trade Fair,J020,Malleshwaram Circle,15285,Weekday,False,Clear,False,0.0,False,False,0.801,Severe,17.6,56.9,311.0,0.182,0.421,0.961,Heavy congestion detected - signal timing extended and reroute suggested
EVT431354,2025-05-28 16:34:27,Political Rally,J011,Indiranagar 100ft Road,10550,Weekday,False,Clear,False,0.0,False,False,0.63,High,18.0,45.0,340.4,0.193,0.445,0.945,Moderate traffic flow - standard adaptive signal timing in effect
EVT431355,2026-04-19 19:25:34,Trade Fair,J023,Basavanagudi,14295,Weekend,False,Clear,False,0.0,False,False,0.808,Severe,16.6,53.1,237.3,0.14,0.323,0.949,Heavy congestion detected - signal timing extended and reroute suggested
EVT431356,2025-10-17 13:03:50,Concert,J012,Koramangala Sony World,9153,Weekday,False,Clear,False,0.0,False,False,0.151,Low,36.1,13.3,101.1,0.075,0.174,0.99,Normal free-flow traffic - standard signal timing maintained
EVT431357,2025-11-26 15:06:52,Concert,J009,Majestic,9031,Weekday,False,Clear,False,0.0,False,False,0.284,Low,39.0,14.2,160.2,0.159,0.368,0.956,Moderate traffic flow - standard adaptive signal timing in effect
EVT431358,2025-09-27 01:29:30,Political Rally,J023,Basavanagudi,9567,Weekend,False,Clear,False,0.0,False,False,0.196,Low,32.0,12.7,129.5,0.11,0.255,0.965,Normal free-flow traffic - standard signal timing maintained
EVT431359,2025-02-06 21:59:15,Local Market Day,J023,Basavanagudi,2493,Weekday,False,Clear,False,0.0,False,False,0.276,Low,37.9,13.8,160.0,0.181,0.418,0.943,Moderate traffic flow - standard adaptive signal timing in effect
EVT431360,2025-10-04 20:00:06,Concert,J031,Cubbon Road,26956,Weekend,False,Clear,False,0.0,False,False,0.741,High,16.3,54.5,227.5,0.133,0.306,0.95,Moderate traffic flow - standard adaptive signal timing in effect
EVT431361,2025-10-09 19:28:40,Local Market Day,J023,Basavanagudi,4157,Weekday,False,Clear,False,0.0,False,False,0.894,Severe,14.2,67.0,547.8,0.276,0.638,0.954,Heavy congestion detected - signal timing extended and reroute suggested
EVT431362,2025-02-14 12:05:56,Concert,J009,Majestic,20188,Weekday,False,Clear,False,0.0,False,False,0.308,Low,27.8,21.0,84.2,0.044,0.102,0.99,Moderate traffic flow - standard adaptive signal timing in effect
EVT431363,2025-03-02 18:37:08,Local Market Day,J030,MG Road,4514,Weekend,False,Clear,False,0.0,False,False,0.856,Severe,15.5,62.6,312.6,0.166,0.384,0.948,Heavy congestion detected - signal timing extended and reroute suggested
EVT431364,2025-08-16 11:02:26,Religious Festival,J011,Indiranagar 100ft Road,27700,Weekend,True,Heavy Rain,True,25.3,False,False,1.0,Severe,8.5,73.7,352.1,0.133,0.308,0.816,Festival crowd surge detected - alternate route and extended cycle recommended
EVT431365,2025-04-20 10:40:48,Concert,J030,MG Road,9663,Weekend,False,Clear,False,0.0,False,False,0.528,Moderate,24.1,36.2,117.8,0.093,0.216,0.962,Moderate traffic flow - standard adaptive signal timing in effect
EVT431366,2026-02-20 05:30:32,Concert,J030,MG Road,8891,Weekday,False,Clear,False,0.0,False,False,0.222,Low,30.7,16.5,162.9,0.114,0.263,0.952,Normal free-flow traffic - standard signal timing maintained
EVT431367,2026-01-13 19:26:09,Trade Fair,J040,City Market,5720,Weekday,False,Clear,False,0.0,False,False,0.912,Severe,10.3,63.7,591.8,0.24,0.554,0.938,Heavy congestion detected - signal timing extended and reroute suggested
EVT431368,2026-05-03 16:29:34,Local Market Day,J040,City Market,2466,Weekend,False,Clear,False,0.0,False,False,0.602,High,22.1,37.6,302.1,0.204,0.471,0.963,Moderate traffic flow - standard adaptive signal timing in effect
EVT431369,2025-01-31 12:10:20,Sports Fixture,J030,MG Road,40884,Weekday,False,Light Rain,True,1.5,False,False,0.58,High,24.5,38.4,181.2,0.15,0.347,0.903,Heavy rain reducing visibility and grip - reduced speed and longer buffer advised
EVT431370,2025-01-04 07:43:20,Sports Fixture,J012,Koramangala Sony World,34458,Weekend,False,Clear,False,0.0,False,False,0.817,Severe,17.0,54.5,186.6,0.092,0.212,0.96,Heavy congestion detected - signal timing extended and reroute suggested
EVT431371,2025-11-13 13:29:51,Local Market Day,J011,Indiranagar 100ft Road,5896,Weekday,False,Rain,True,18.8,False,False,0.422,Moderate,29.8,27.8,184.9,0.151,0.35,0.925,Light rain detected - minor speed reduction advised
EVT431372,2025-01-14 06:00:23,Religious Festival,J031,Cubbon Road,44339,Weekday,True,Clear,False,0.0,False,False,0.756,Severe,15.0,52.3,260.1,0.166,0.384,0.909,Festival crowd surge detected - alternate route and extended cycle recommended
EVT431373,2026-01-11 10:20:05,Sports Fixture,J030,MG Road,23341,Weekend,False,Clear,False,0.0,False,False,0.777,Severe,17.2,52.0,263.9,0.15,0.346,0.947,Heavy congestion detected - signal timing extended and reroute suggested
EVT431374,2025-04-04 09:57:09,Concert,J020,Malleshwaram Circle,10046,Weekday,False,Clear,False,0.0,False,False,0.878,Severe,11.4,60.8,618.4,0.266,0.615,0.922,Heavy congestion detected - signal timing extended and reroute suggested
EVT431375,2026-04-11 21:01:02,Concert,J009,Majestic,8165,Weekend,False,Clear,False,0.0,False,False,0.425,Moderate,18.8,29.0,96.5,0.057,0.132,0.986,Moderate traffic flow - standard adaptive signal timing in effect
EVT431376,2025-11-13 23:58:15,Local Market Day,J012,Koramangala Sony World,4937,Weekday,False,Clear,False,0.0,False,False,0.132,Low,30.5,10.9,152.8,0.134,0.31,0.955,Normal free-flow traffic - standard signal timing maintained
EVT431377,2026-03-19 21:04:34,Cultural Procession,J040,City Market,15847,Weekday,True,Clear,False,0.0,False,True,0.81,High,14.0,83.2,449.9,0.205,0.473,0.88,Road closure for event/procession - full detour recommended for through-traffic
EVT431378,2026-02-27 05:13:30,Trade Fair,J031,Cubbon Road,7907,Weekday,False,Clear,False,0.0,False,False,0.258,Low,31.6,19.3,53.8,0.054,0.125,0.959,Moderate traffic flow - standard adaptive signal timing in effect
EVT431379,2025-12-18 08:05:59,Sports Fixture,J030,MG Road,31975,Weekday,False,Clear,False,0.0,False,False,0.991,Severe,8.1,74.5,274.9,0.109,0.252,0.929,Heavy congestion detected - signal timing extended and reroute suggested
EVT431380,2025-03-15 08:26:41,Religious Festival,J012,Koramangala Sony World,47952,Weekend,True,Clear,False,0.0,False,True,1.0,Severe,7.8,101.9,630.5,0.235,0.543,0.828,Road closure for event/procession - full detour recommended for through-traffic
EVT431381,2025-10-23 13:30:29,Concert,J020,Malleshwaram Circle,21668,Weekday,False,Clear,False,0.0,False,False,0.34,Low,27.2,26.3,242.4,0.2,0.462,0.954,Moderate traffic flow - standard adaptive signal timing in effect
EVT431382,2025-04-21 21:46:16,Trade Fair,J012,Koramangala Sony World,11847,Weekday,False,Clear,False,0.0,False,False,0.338,Low,31.5,31.8,224.2,0.191,0.442,0.939,Moderate traffic flow - standard adaptive signal timing in effect
EVT431383,2026-02-06 18:12:23,Local Market Day,J040,City Market,1727,Weekday,False,Clear,False,0.0,False,False,1.0,Severe,9.2,69.6,852.6,0.308,0.712,0.95,Heavy congestion detected - signal timing extended and reroute suggested
EVT431384,2025-04-01 07:24:38,Trade Fair,J030,MG Road,4503,Weekday,False,Clear,False,0.0,False,False,0.563,High,27.1,35.1,107.1,0.082,0.189,0.99,Moderate traffic flow - standard adaptive signal timing in effect
EVT431385,2026-05-24 08:11:11,Trade Fair,J040,City Market,6396,Weekend,False,Rain,True,17.8,False,False,0.881,Severe,14.0,62.7,280.2,0.127,0.292,0.887,Heavy rain reducing visibility and grip - reduced speed and longer buffer advised
EVT431386,2026-06-24 13:22:44,Local Market Day,J011,Indiranagar 100ft Road,2580,Weekday,False,Clear,False,0.0,False,False,0.182,Low,26.8,14.2,124.0,0.063,0.145,0.943,Normal free-flow traffic - standard signal timing maintained
EVT431387,2025-05-15 13:34:53,Local Market Day,J040,City Market,3943,Weekday,False,Clear,False,0.0,False,False,0.215,Low,26.9,18.0,195.2,0.129,0.298,0.933,Normal free-flow traffic - standard signal timing maintained
EVT431388,2025-06-07 17:53:02,Local Market Day,J030,MG Road,4200,Weekend,False,Heavy Rain,True,28.7,False,False,1.0,Severe,10.2,72.2,643.8,0.26,0.601,0.862,Heavy rain reducing visibility and grip - reduced speed and longer buffer advised
EVT431389,2025-08-16 19:07:54,Religious Festival,J023,Basavanagudi,27133,Weekend,True,Rain,True,24.4,False,False,1.0,Severe,6.8,66.1,713.1,0.185,0.427,0.823,Festival crowd surge detected - alternate route and extended cycle recommended
EVT431390,2025-08-10 00:25:33,Concert,J040,City Market,22094,Weekend,False,Clear,False,0.0,False,False,0.299,Low,32.1,22.3,117.8,0.099,0.228,0.97,Moderate traffic flow - standard adaptive signal timing in effect
EVT431391,2025-01-01 21:22:02,Concert,J009,Majestic,17327,Weekday,False,Clear,False,0.0,False,False,0.383,Moderate,23.4,27.0,108.8,0.057,0.131,0.968,Moderate traffic flow - standard adaptive signal timing in effect
EVT431392,2025-07-01 09:26:39,Political Rally,J012,Koramangala Sony World,17556,Weekday,False,Clear,False,0.0,False,False,1.0,Severe,8.2,71.8,800.7,0.247,0.57,0.915,Heavy congestion detected - signal timing extended and reroute suggested
EVT431393,2025-04-08 06:44:14,Sports Fixture,J020,Malleshwaram Circle,10739,Weekday,False,Clear,False,0.0,False,False,0.331,Low,30.6,29.1,130.2,0.093,0.215,0.985,Moderate traffic flow - standard adaptive signal timing in effect
EVT431394,2025-06-21 10:08:18,Local Market Day,J040,City Market,3623,Weekend,False,Rain,True,19.4,False,False,0.845,Severe,13.0,55.1,176.0,0.082,0.191,0.886,Heavy rain reducing visibility and grip - reduced speed and longer buffer advised
EVT431395,2025-09-24 07:44:45,Local Market Day,J040,City Market,4243,Weekday,False,Heavy Rain,True,25.5,False,False,0.895,Severe,10.0,61.2,194.7,0.081,0.186,0.881,Heavy rain reducing visibility and grip - reduced speed and longer buffer advised
EVT431396,2026-03-13 11:54:45,Local Market Day,J040,City Market,2792,Weekday,False,Clear,False,0.0,False,False,0.214,Low,31.8,17.8,152.6,0.11,0.253,0.948,Normal free-flow traffic - standard signal timing maintained
EVT431397,2025-10-11 12:05:21,Local Market Day,J040,City Market,4254,Weekend,False,Clear,False,0.0,False,False,0.349,Low,24.8,24.0,243.8,0.172,0.398,0.947,Moderate traffic flow - standard adaptive signal timing in effect
EVT431398,2025-05-14 07:07:09,Concert,J023,Basavanagudi,15863,Weekday,False,Heavy Rain,True,27.2,False,False,0.898,Severe,12.5,67.0,411.0,0.204,0.472,0.892,Heavy rain reducing visibility and grip - reduced speed and longer buffer advised
EVT431399,2025-08-26 11:59:35,Sports Fixture,J011,Indiranagar 100ft Road,15422,Weekday,False,Rain,True,21.9,False,False,0.488,Moderate,24.3,35.4,109.0,0.069,0.16,0.903,Light rain detected - minor speed reduction advised
EVT431400,2025-01-29 00:47:35,Trade Fair,J011,Indiranagar 100ft Road,10698,Weekday,False,Clear,False,0.0,False,False,0.217,Low,26.1,18.5,285.0,0.185,0.426,0.987,Normal free-flow traffic - standard signal timing maintained
EVT431401,2026-01-18 16:36:46,Local Market Day,J030,MG Road,2750,Weekend,False,Clear,False,0.0,False,False,0.575,High,20.8,45.8,328.4,0.186,0.43,0.985,Moderate traffic flow - standard adaptive signal timing in effect
EVT431402,2025-08-08 17:54:39,Concert,J011,Indiranagar 100ft Road,9602,Weekday,False,Clear,False,0.0,False,False,0.932,Severe,11.1,67.5,593.8,0.254,0.587,0.933,Heavy congestion detected - signal timing extended and reroute suggested
EVT431403,2026-01-17 10:10:53,Concert,J023,Basavanagudi,8385,Weekend,False,Clear,False,0.0,False,False,0.714,High,19.8,38.6,228.1,0.153,0.353,0.938,Moderate traffic flow - standard adaptive signal timing in effect
EVT431404,2026-02-07 09:10:42,Sports Fixture,J023,Basavanagudi,17673,Weekend,False,Clear,False,0.0,False,False,0.947,Severe,10.8,69.6,454.4,0.195,0.45,0.917,Heavy congestion detected - signal timing extended and reroute suggested
EVT431405,2025-10-30 19:23:16,Sports Fixture,J012,Koramangala Sony World,16339,Weekday,False,Rain,True,18.2,False,False,1.0,Severe,8.6,71.3,353.1,0.136,0.313,0.871,Heavy rain reducing visibility and grip - reduced speed and longer buffer advised
EVT431406,2025-09-10 08:11:48,Sports Fixture,J023,Basavanagudi,27505,Weekday,False,Heavy Rain,True,38.6,False,False,1.0,Severe,10.2,72.5,738.6,0.294,0.678,0.86,Heavy rain reducing visibility and grip - reduced speed and longer buffer advised
EVT431407,2026-03-13 09:20:00,Local Market Day,J011,Indiranagar 100ft Road,4900,Weekday,False,Clear,False,0.0,False,False,0.992,Severe,7.4,73.9,754.5,0.216,0.499,0.907,Heavy congestion detected - signal timing extended and reroute suggested
EVT431408,2025-05-08 19:15:19,Trade Fair,J011,Indiranagar 100ft Road,7889,Weekday,False,Clear,False,0.0,False,False,1.0,Severe,8.5,72.5,297.9,0.128,0.296,0.907,Heavy congestion detected - signal timing extended and reroute suggested
EVT431409,2025-03-28 10:00:33,Concert,J040,City Market,10701,Weekday,False,Clear,False,0.0,False,False,0.783,Severe,17.8,50.0,218.4,0.123,0.285,0.959,Heavy congestion detected - signal timing extended and reroute suggested
EVT431410,2026-02-12 15:35:30,Concert,J040,City Market,20253,Weekday,False,Clear,False,0.0,False,False,0.401,Moderate,23.7,29.0,186.1,0.148,0.342,0.933,Moderate traffic flow - standard adaptive signal timing in effect
EVT431411,2025-05-28 11:03:22,Concert,J031,Cubbon Road,16264,Weekday,False,Rain,True,11.0,False,False,0.638,High,20.3,46.8,244.3,0.152,0.351,0.901,Heavy rain reducing visibility and grip - reduced speed and longer buffer advised
EVT431412,2026-05-14 17:44:23,Concert,J012,Koramangala Sony World,5750,Weekday,False,Clear,False,0.0,False,False,0.93,Severe,9.3,71.8,249.5,0.092,0.213,0.919,Heavy congestion detected - signal timing extended and reroute suggested
EVT431413,2026-03-03 09:44:56,Trade Fair,J009,Majestic,7900,Weekday,False,Clear,False,0.0,False,False,1.0,Severe,8.1,75.8,803.6,0.278,0.642,0.903,Heavy congestion detected - signal timing extended and reroute suggested
EVT431414,2026-06-16 20:43:28,Concert,J023,Basavanagudi,20228,Weekday,False,Clear,False,0.0,False,False,0.609,High,26.8,40.7,181.6,0.139,0.322,0.961,Moderate traffic flow - standard adaptive signal timing in effect
EVT431415,2025-11-28 19:18:53,Trade Fair,J023,Basavanagudi,13832,Weekday,False,Fog,False,0.0,False,False,0.998,Severe,7.1,71.6,716.9,0.186,0.431,0.923,Heavy congestion detected - signal timing extended and reroute suggested
EVT431416,2026-03-25 12:44:03,Local Market Day,J012,Koramangala Sony World,3766,Weekday,False,Clear,False,0.0,False,False,0.127,Low,29.3,5.1,140.0,0.117,0.271,0.958,Normal free-flow traffic - standard signal timing maintained
EVT431417,2025-09-30 14:02:00,Local Market Day,J030,MG Road,3145,Weekday,False,Clear,False,0.0,False,False,0.222,Low,25.4,17.4,117.1,0.074,0.17,0.968,Normal free-flow traffic - standard signal timing maintained
EVT431418,2025-02-23 17:03:25,Local Market Day,J012,Koramangala Sony World,6657,Weekend,False,Clear,False,0.0,True,False,1.0,Severe,8.4,73.5,533.6,0.184,0.426,0.759,Accident detected nearby - reroute and reduced speed advised
EVT431419,2025-11-12 17:36:26,Trade Fair,J030,MG Road,9123,Weekday,False,Clear,False,0.0,False,False,0.919,Severe,12.6,65.9,430.7,0.208,0.481,0.938,Heavy congestion detected - signal timing extended and reroute suggested
EVT431420,2026-01-09 19:57:49,Concert,J031,Cubbon Road,11784,Weekday,False,Clear,False,0.0,False,False,0.773,Severe,13.8,55.9,335.8,0.143,0.329,0.955,Heavy congestion detected - signal timing extended and reroute suggested
EVT431421,2026-03-11 20:22:31,Sports Fixture,J040,City Market,37078,Weekday,False,Clear,False,0.0,False,False,0.795,Severe,18.4,50.8,141.5,0.077,0.177,0.949,Heavy congestion detected - signal timing extended and reroute suggested
EVT431422,2025-04-14 16:22:35,Cultural Procession,J030,MG Road,27542,Weekday,True,Clear,False,0.0,False,False,0.935,Severe,12.2,67.7,189.9,0.107,0.248,0.877,Festival crowd surge detected - alternate route and extended cycle recommended
EVT431423,2025-01-26 15:53:30,Cultural Procession,J023,Basavanagudi,19933,Weekend,True,Clear,False,0.0,False,True,0.924,Severe,11.4,89.4,563.7,0.233,0.539,0.815,Road closure for event/procession - full detour recommended for through-traffic
EVT431424,2026-03-22 13:32:04,Trade Fair,J009,Majestic,13231,Weekend,False,Clear,False,0.0,False,False,0.245,Low,32.2,9.2,97.6,0.088,0.202,0.975,Normal free-flow traffic - standard signal timing maintained
EVT431425,2026-04-13 08:47:57,Local Market Day,J012,Koramangala Sony World,5212,Weekday,False,Fog,False,0.0,False,False,1.0,Severe,8.6,75.6,645.6,0.259,0.599,0.908,Heavy congestion detected - signal timing extended and reroute suggested
EVT431426,2025-02-28 18:28:54,Sports Fixture,J040,City Market,17514,Weekday,False,Clear,False,0.0,False,False,1.0,Severe,7.8,67.7,334.6,0.118,0.272,0.89,Heavy congestion detected - signal timing extended and reroute suggested
EVT431427,2025-02-19 08:29:53,Trade Fair,J023,Basavanagudi,5744,Weekday,False,Fog,False,0.0,False,False,1.0,Severe,8.8,70.8,295.9,0.109,0.252,0.93,Heavy congestion detected - signal timing extended and reroute suggested
EVT431428,2025-03-27 16:32:17,Trade Fair,J011,Indiranagar 100ft Road,10724,Weekday,False,Clear,False,0.0,False,False,0.695,High,18.5,49.7,275.3,0.167,0.385,0.971,Moderate traffic flow - standard adaptive signal timing in effect
EVT431429,2025-07-14 14:19:22,Concert,J040,City Market,13021,Weekday,False,Heavy Rain,True,48.1,False,False,0.614,High,20.4,38.8,284.5,0.179,0.413,0.919,Heavy rain reducing visibility and grip - reduced speed and longer buffer advised
EVT431430,2025-08-13 18:33:30,Political Rally,J030,MG Road,22840,Weekday,False,Clear,False,0.0,False,False,1.0,Severe,8.1,73.3,510.9,0.141,0.326,0.924,Heavy congestion detected - signal timing extended and reroute suggested
EVT431431,2025-01-17 18:36:09,Local Market Day,J040,City Market,7016,Weekday,False,Clear,False,0.0,False,False,1.0,Severe,10.3,80.5,712.4,0.291,0.673,0.896,Heavy congestion detected - signal timing extended and reroute suggested
EVT431432,2025-05-30 08:41:13,Concert,J011,Indiranagar 100ft Road,18125,Weekday,False,Clear,False,0.0,False,False,1.0,Severe,9.6,72.9,484.1,0.195,0.451,0.911,Heavy congestion detected - signal timing extended and reroute suggested
EVT431433,2025-07-07 17:46:50,Political Rally,J020,Malleshwaram Circle,27179,Weekday,False,Clear,False,0.0,False,False,1.0,Severe,8.2,78.3,322.6,0.137,0.316,0.903,Heavy congestion detected - signal timing extended and reroute suggested
EVT431434,2025-12-11 17:45:28,Local Market Day,J040,City Market,4980,Weekday,False,Clear,False,0.0,False,False,0.939,Severe,11.2,60.9,458.8,0.195,0.451,0.901,Heavy congestion detected - signal timing extended and reroute suggested
EVT431435,2026-02-07 20:08:09,Political Rally,J020,Malleshwaram Circle,10850,Weekend,False,Fog,False,0.0,False,False,0.794,Severe,15.8,53.3,334.5,0.193,0.446,0.937,Heavy congestion detected - signal timing extended and reroute suggested
EVT431436,2025-11-15 09:03:43,Sports Fixture,J031,Cubbon Road,25744,Weekend,False,Clear,False,0.0,False,False,0.991,Severe,9.0,77.8,774.4,0.263,0.607,0.865,Heavy congestion detected - signal timing extended and reroute suggested
EVT431437,2026-03-02 21:27:18,Local Market Day,J009,Majestic,3947,Weekday,False,Light Rain,True,6.0,False,False,0.468,Moderate,27.6,30.1,173.5,0.139,0.322,0.925,Light rain detected - minor speed reduction advised
EVT431438,2025-07-24 19:23:40,Political Rally,J030,MG Road,13585,Weekday,False,Clear,False,0.0,False,False,0.98,Severe,9.7,72.3,511.1,0.203,0.468,0.916,Heavy congestion detected - signal timing extended and reroute suggested
EVT431439,2025-02-08 10:55:27,Sports Fixture,J020,Malleshwaram Circle,21294,Weekend,False,Clear,False,0.0,False,False,0.586,High,25.6,39.2,152.4,0.11,0.255,0.97,Moderate traffic flow - standard adaptive signal timing in effect
EVT431440,2025-01-24 10:48:23,Local Market Day,J023,Basavanagudi,6630,Weekday,False,Clear,False,0.0,False,False,0.518,Moderate,25.6,39.7,160.4,0.105,0.243,0.952,Moderate traffic flow - standard adaptive signal timing in effect
EVT431441,2026-03-07 18:51:17,Local Market Day,J020,Malleshwaram Circle,3083,Weekend,False,Clear,False,0.0,False,False,0.798,Severe,15.2,57.3,219.2,0.129,0.297,0.957,Heavy congestion detected - signal timing extended and reroute suggested
EVT431442,2026-01-01 18:27:51,Religious Festival,J023,Basavanagudi,49807,Weekday,True,Clear,False,0.0,False,True,1.0,Severe,8.3,99.2,519.8,0.178,0.412,0.857,Road closure for event/procession - full detour recommended for through-traffic
EVT431443,2026-01-23 07:47:14,Trade Fair,J030,MG Road,7255,Weekday,False,Clear,False,0.0,False,False,0.642,High,18.5,43.0,327.7,0.197,0.455,0.972,Moderate traffic flow - standard adaptive signal timing in effect
EVT431444,2025-06-20 17:43:32,Local Market Day,J020,Malleshwaram Circle,4574,Weekday,False,Rain,True,23.9,True,False,1.0,Severe,6.7,74.1,1049.6,0.267,0.616,0.696,Accident detected nearby - reroute and reduced speed advised
EVT431445,2026-06-17 09:49:59,Political Rally,J031,Cubbon Road,13608,Weekday,False,Heavy Rain,True,53.7,False,False,1.0,Severe,10.1,72.8,329.0,0.138,0.319,0.874,Heavy rain reducing visibility and grip - reduced speed and longer buffer advised
EVT431446,2026-02-16 10:35:49,Local Market Day,J012,Koramangala Sony World,6295,Weekday,False,Clear,False,0.0,False,False,0.685,High,18.2,52.8,270.6,0.165,0.382,0.978,Moderate traffic flow - standard adaptive signal timing in effect
EVT431447,2026-03-31 19:03:54,Sports Fixture,J011,Indiranagar 100ft Road,16841,Weekday,False,Clear,False,0.0,False,False,0.982,Severe,7.4,71.6,210.5,0.062,0.143,0.922,Heavy congestion detected - signal timing extended and reroute suggested
EVT431448,2025-08-08 18:16:45,Sports Fixture,J011,Indiranagar 100ft Road,29305,Weekday,False,Clear,False,0.0,False,False,1.0,Severe,7.3,71.9,360.9,0.14,0.324,0.925,Heavy congestion detected - signal timing extended and reroute suggested
EVT431449,2025-07-02 16:04:05,Trade Fair,J009,Majestic,11842,Weekday,False,Clear,False,0.0,False,False,0.394,Moderate,24.4,30.0,94.6,0.057,0.133,0.966,Moderate traffic flow - standard adaptive signal timing in effect
EVT431450,2026-01-16 07:30:19,Local Market Day,J009,Majestic,3136,Weekday,False,Clear,False,0.0,False,False,0.565,High,29.9,41.9,139.7,0.116,0.269,0.965,Moderate traffic flow - standard adaptive signal timing in effect
EVT431451,2025-09-30 18:00:57,Political Rally,J012,Koramangala Sony World,11925,Weekday,False,Clear,False,0.0,False,False,0.988,Severe,9.5,72.8,660.8,0.237,0.547,0.937,Heavy congestion detected - signal timing extended and reroute suggested
EVT431452,2026-05-18 16:48:22,Local Market Day,J011,Indiranagar 100ft Road,3619,Weekday,False,Rain,True,23.6,False,False,0.921,Severe,12.0,59.1,515.9,0.237,0.547,0.894,Heavy rain reducing visibility and grip - reduced speed and longer buffer advised
EVT431453,2025-07-15 14:23:32,Trade Fair,J031,Cubbon Road,9945,Weekday,False,Fog,False,0.0,False,False,0.18,Low,29.7,12.1,166.5,0.131,0.304,0.974,Normal free-flow traffic - standard signal timing maintained
EVT431454,2026-02-18 16:54:52,Local Market Day,J020,Malleshwaram Circle,5467,Weekday,False,Clear,False,0.0,False,False,0.748,High,17.3,48.1,305.7,0.172,0.398,0.975,Moderate traffic flow - standard adaptive signal timing in effect
EVT431455,2026-06-22 12:14:21,Concert,J009,Majestic,8949,Weekday,False,Rain,True,20.3,False,False,0.437,Moderate,30.8,36.1,85.9,0.069,0.159,0.885,Light rain detected - minor speed reduction advised
EVT431456,2025-07-16 10:29:02,Local Market Day,J020,Malleshwaram Circle,3171,Weekday,False,Heavy Rain,True,28.5,False,False,0.931,Severe,11.3,64.4,404.4,0.154,0.356,0.896,Heavy rain reducing visibility and grip - reduced speed and longer buffer advised
EVT431457,2025-08-19 10:50:23,Concert,J030,MG Road,13413,Weekday,False,Heavy Rain,True,33.2,False,False,0.86,Severe,14.1,68.7,389.5,0.181,0.419,0.865,Heavy rain reducing visibility and grip - reduced speed and longer buffer advised
EVT431458,2025-11-28 09:16:56,Local Market Day,J011,Indiranagar 100ft Road,2180,Weekday,False,Clear,False,0.0,False,False,1.0,Severe,7.1,69.5,281.5,0.112,0.258,0.91,Heavy congestion detected - signal timing extended and reroute suggested
EVT431459,2025-05-14 12:23:40,Concert,J031,Cubbon Road,7491,Weekday,False,Clear,False,0.0,False,False,0.246,Low,31.9,18.2,108.5,0.094,0.217,0.959,Normal free-flow traffic - standard signal timing maintained
EVT431460,2025-02-04 05:51:41,Trade Fair,J012,Koramangala Sony World,11075,Weekday,False,Fog,False,0.0,False,False,0.223,Low,33.4,18.2,158.3,0.144,0.332,0.962,Normal free-flow traffic - standard signal timing maintained
EVT431461,2025-11-07 16:36:28,Local Market Day,J020,Malleshwaram Circle,3944,Weekday,False,Clear,False,0.0,False,False,0.566,High,25.2,41.4,154.7,0.102,0.236,0.95,Moderate traffic flow - standard adaptive signal timing in effect
EVT431462,2025-09-26 18:59:26,Political Rally,J040,City Market,18456,Weekday,False,Clear,False,0.0,False,False,1.0,Severe,7.2,70.1,300.5,0.106,0.246,0.91,Heavy congestion detected - signal timing extended and reroute suggested
EVT431463,2026-06-27 15:00:05,Local Market Day,J030,MG Road,2150,Weekend,False,Heavy Rain,True,86.7,False,False,0.669,High,19.3,46.7,413.0,0.235,0.543,0.93,Heavy rain reducing visibility and grip - reduced speed and longer buffer advised
EVT431464,2025-12-11 08:56:48,Local Market Day,J011,Indiranagar 100ft Road,3988,Weekday,False,Clear,False,0.0,False,False,0.958,Severe,10.7,71.0,405.3,0.166,0.384,0.924,Heavy congestion detected - signal timing extended and reroute suggested
EVT431465,2026-04-20 22:56:30,Concert,J009,Majestic,6818,Weekday,False,Clear,False,0.0,False,False,0.243,Low,30.9,15.5,231.4,0.166,0.384,0.971,Normal free-flow traffic - standard signal timing maintained
EVT431466,2025-06-19 11:30:07,Local Market Day,J040,City Market,4532,Weekday,False,Heavy Rain,True,32.9,False,False,0.632,High,20.4,43.2,275.9,0.179,0.414,0.906,Heavy rain reducing visibility and grip - reduced speed and longer buffer advised
EVT431467,2025-08-31 16:47:18,Sports Fixture,J009,Majestic,20339,Weekend,False,Heavy Rain,True,39.6,False,False,1.0,Severe,9.0,68.2,559.3,0.216,0.498,0.909,Heavy rain reducing visibility and grip - reduced speed and longer buffer advised
EVT431468,2025-07-15 20:41:18,Trade Fair,J009,Majestic,4828,Weekday,False,Clear,False,0.0,False,False,0.537,Moderate,19.6,41.5,195.2,0.12,0.277,0.966,Moderate traffic flow - standard adaptive signal timing in effect
EVT431469,2026-06-16 14:22:45,Sports Fixture,J031,Cubbon Road,21090,Weekday,False,Clear,False,0.0,False,False,0.315,Low,29.3,16.0,118.0,0.098,0.227,0.964,Moderate traffic flow - standard adaptive signal timing in effect
EVT431470,2026-01-10 20:02:14,Political Rally,J031,Cubbon Road,14883,Weekend,False,Clear,False,0.0,False,False,0.753,Severe,19.9,58.3,341.6,0.224,0.517,0.969,Heavy congestion detected - signal timing extended and reroute suggested
EVT431471,2025-12-02 09:10:54,Political Rally,J012,Koramangala Sony World,14245,Weekday,False,Clear,False,0.0,False,False,1.0,Severe,7.9,75.2,624.7,0.219,0.506,0.906,Heavy congestion detected - signal timing extended and reroute suggested
EVT431472,2025-12-28 08:17:39,Sports Fixture,J023,Basavanagudi,20479,Weekend,False,Clear,False,0.0,False,False,0.882,Severe,15.1,65.1,351.8,0.194,0.449,0.931,Heavy congestion detected - signal timing extended and reroute suggested
EVT431473,2025-12-05 10:01:51,Political Rally,J030,MG Road,33283,Weekday,False,Clear,False,0.0,False,False,1.0,Severe,6.1,68.8,256.4,0.073,0.169,0.911,Heavy congestion detected - signal timing extended and reroute suggested
EVT431474,2025-04-17 14:18:55,Local Market Day,J031,Cubbon Road,3305,Weekday,False,Clear,False,0.0,False,False,0.197,Low,39.8,10.6,111.0,0.121,0.279,0.955,Normal free-flow traffic - standard signal timing maintained
EVT431475,2025-03-26 16:08:45,Trade Fair,J023,Basavanagudi,6511,Weekday,False,Clear,False,0.0,False,False,0.516,Moderate,19.7,36.6,345.8,0.195,0.45,0.95,Moderate traffic flow - standard adaptive signal timing in effect
EVT431476,2025-08-05 17:45:21,Local Market Day,J020,Malleshwaram Circle,2154,Weekday,False,Heavy Rain,True,72.7,False,False,1.0,Severe,5.7,72.5,1006.3,0.241,0.556,0.845,Heavy rain reducing visibility and grip - reduced speed and longer buffer advised
EVT431477,2025-10-24 11:46:05,Sports Fixture,J012,Koramangala Sony World,19620,Weekday,False,Clear,False,0.0,False,False,0.334,Low,29.5,21.3,156.7,0.125,0.289,0.983,Moderate traffic flow - standard adaptive signal timing in effect
EVT431478,2025-11-27 18:41:05,Concert,J040,City Market,6671,Weekday,False,Clear,False,0.0,False,False,1.0,Severe,7.5,72.2,598.9,0.192,0.444,0.892,Heavy congestion detected - signal timing extended and reroute suggested
EVT431479,2026-04-17 10:54:26,Concert,J040,City Market,8020,Weekday,False,Clear,False,0.0,False,False,0.528,Moderate,25.2,37.4,197.2,0.137,0.316,0.97,Moderate traffic flow - standard adaptive signal timing in effect
EVT431480,2026-01-21 18:49:11,Concert,J040,City Market,7744,Weekday,False,Clear,False,0.0,False,False,1.0,Severe,6.8,72.0,554.2,0.169,0.39,0.908,Heavy congestion detected - signal timing extended and reroute suggested
EVT431481,2026-04-15 11:06:33,Religious Festival,J040,City Market,29879,Weekday,True,Clear,False,0.0,False,False,0.759,Severe,17.9,52.8,219.6,0.124,0.285,0.903,Festival crowd surge detected - alternate route and extended cycle recommended
EVT431482,2025-07-03 07:01:52,Trade Fair,J031,Cubbon Road,11294,Weekday,False,Clear,False,0.0,False,False,0.527,Moderate,19.5,39.8,360.3,0.192,0.444,0.973,Moderate traffic flow - standard adaptive signal timing in effect
EVT431483,2026-04-08 06:00:11,Trade Fair,J020,Malleshwaram Circle,4428,Weekday,False,Clear,False,0.0,False,False,0.282,Low,30.1,24.9,119.9,0.11,0.255,0.948,Moderate traffic flow - standard adaptive signal timing in effect
EVT431484,2026-02-25 07:49:11,Concert,J009,Majestic,17007,Weekday,False,Clear,False,0.0,False,False,0.805,Severe,11.1,63.7,498.0,0.221,0.512,0.935,Heavy congestion detected - signal timing extended and reroute suggested
EVT431485,2025-05-22 16:41:44,Local Market Day,J023,Basavanagudi,1714,Weekday,False,Clear,False,0.0,False,False,0.466,Moderate,21.8,33.1,153.8,0.091,0.211,0.958,Moderate traffic flow - standard adaptive signal timing in effect
EVT431486,2025-02-14 08:54:38,Local Market Day,J023,Basavanagudi,3624,Weekday,False,Clear,False,0.0,False,False,0.97,Severe,8.9,73.4,634.8,0.244,0.563,0.932,Heavy congestion detected - signal timing extended and reroute suggested
EVT431487,2026-06-20 18:01:24,Sports Fixture,J031,Cubbon Road,13987,Weekend,False,Heavy Rain,True,49.3,False,False,1.0,Severe,6.8,78.9,877.6,0.265,0.613,0.861,Heavy rain reducing visibility and grip - reduced speed and longer buffer advised
EVT431488,2025-06-17 14:28:20,Local Market Day,J031,Cubbon Road,4252,Weekday,False,Rain,True,8.8,False,False,0.269,Low,33.3,20.4,71.4,0.06,0.139,0.915,Light rain detected - minor speed reduction advised
EVT431489,2025-03-26 06:37:44,Trade Fair,J011,Indiranagar 100ft Road,7014,Weekday,False,Clear,False,0.0,False,False,0.342,Low,31.8,23.8,135.7,0.111,0.256,0.966,Moderate traffic flow - standard adaptive signal timing in effect
EVT431490,2025-09-07 08:47:23,Political Rally,J012,Koramangala Sony World,14850,Weekend,False,Rain,True,15.0,False,False,1.0,Severe,7.2,70.6,812.2,0.267,0.616,0.866,Heavy rain reducing visibility and grip - reduced speed and longer buffer advised
EVT431491,2025-03-18 19:45:23,Trade Fair,J023,Basavanagudi,10270,Weekday,False,Clear,False,0.0,False,False,0.859,Severe,11.9,58.1,302.5,0.141,0.326,0.972,Heavy congestion detected - signal timing extended and reroute suggested
EVT431492,2025-09-23 08:09:49,Sports Fixture,J023,Basavanagudi,16001,Weekday,False,Heavy Rain,True,34.7,False,False,1.0,Severe,9.0,64.9,455.7,0.175,0.405,0.873,Heavy rain reducing visibility and grip - reduced speed and longer buffer advised
EVT431493,2025-02-11 20:27:05,Sports Fixture,J040,City Market,11772,Weekday,False,Clear,False,0.0,False,False,0.589,High,22.4,43.9,311.9,0.211,0.486,0.984,Moderate traffic flow - standard adaptive signal timing in effect
EVT431494,2025-02-21 10:00:17,Political Rally,J031,Cubbon Road,19525,Weekday,False,Clear,False,0.0,False,False,0.895,Severe,12.0,57.8,308.2,0.145,0.335,0.927,Heavy congestion detected - signal timing extended and reroute suggested
EVT431495,2026-01-24 06:30:39,Sports Fixture,J023,Basavanagudi,18882,Weekend,False,Clear,False,0.0,False,False,0.308,Low,33.3,19.3,212.8,0.204,0.471,0.987,Moderate traffic flow - standard adaptive signal timing in effect
EVT431496,2025-12-08 06:51:25,Concert,J030,MG Road,9617,Weekday,False,Clear,False,0.0,False,False,0.44,Moderate,27.6,31.6,260.5,0.177,0.409,0.978,Moderate traffic flow - standard adaptive signal timing in effect
EVT431497,2026-02-01 15:47:53,Local Market Day,J030,MG Road,3639,Weekend,False,Light Rain,True,4.3,False,False,0.416,Moderate,27.2,30.1,263.9,0.23,0.532,0.913,Light rain detected - minor speed reduction advised
EVT431498,2025-08-05 06:34:28,Political Rally,J009,Majestic,7566,Weekday,False,Clear,False,0.0,False,False,0.301,Low,24.4,24.5,227.7,0.139,0.321,0.952,Moderate traffic flow - standard adaptive signal timing in effect
EVT431499,2026-01-07 09:32:42,Concert,J040,City Market,14641,Weekday,False,Clear,False,0.0,False,False,0.991,Severe,9.3,72.1,380.8,0.145,0.335,0.906,Heavy congestion detected - signal timing extended and reroute suggested
EVT431500,2025-07-28 19:12:21,Trade Fair,J020,Malleshwaram Circle,8245,Weekday,False,Clear,False,0.0,False,False,0.998,Severe,8.7,76.1,615.4,0.227,0.524,0.909,Heavy congestion detected - signal timing extended and reroute suggested
EVT431501,2025-03-22 18:33:06,Trade Fair,J031,Cubbon Road,10169,Weekend,False,Clear,False,0.0,False,False,0.935,Severe,10.6,72.4,536.8,0.218,0.503,0.94,Heavy congestion detected - signal timing extended and reroute suggested
EVT431502,2025-05-13 21:56:31,Local Market Day,J020,Malleshwaram Circle,3527,Weekday,False,Light Rain,True,4.4,True,False,0.713,High,15.5,53.5,356.4,0.198,0.456,0.762,Accident detected nearby - reroute and reduced speed advised
EVT431503,2026-04-29 07:58:23,Sports Fixture,J012,Koramangala Sony World,48464,Weekday,False,Clear,False,0.0,False,False,0.981,Severe,7.0,67.1,506.9,0.164,0.379,0.934,Heavy congestion detected - signal timing extended and reroute suggested
EVT431504,2025-10-17 19:56:58,Concert,J023,Basavanagudi,13759,Weekday,False,Rain,True,14.8,False,False,0.995,Severe,9.7,77.3,655.7,0.263,0.607,0.854,Heavy rain reducing visibility and grip - reduced speed and longer buffer advised
EVT431505,2025-02-13 20:39:06,Sports Fixture,J030,MG Road,15874,Weekday,False,Clear,False,0.0,False,False,0.573,High,21.0,39.6,223.3,0.125,0.29,0.983,Moderate traffic flow - standard adaptive signal timing in effect
EVT431506,2025-11-16 08:21:12,Local Market Day,J009,Majestic,3983,Weekend,False,Clear,False,0.0,False,False,0.876,Severe,14.4,63.4,381.6,0.206,0.476,0.956,Heavy congestion detected - signal timing extended and reroute suggested
EVT431507,2026-04-22 08:05:49,Trade Fair,J040,City Market,14739,Weekday,False,Fog,False,0.0,False,False,0.902,Severe,13.3,63.3,241.6,0.124,0.286,0.945,Heavy congestion detected - signal timing extended and reroute suggested
EVT431508,2025-12-31 06:58:46,Local Market Day,J020,Malleshwaram Circle,4591,Weekday,False,Clear,False,0.0,False,False,0.449,Moderate,27.6,37.5,245.3,0.208,0.48,0.968,Moderate traffic flow - standard adaptive signal timing in effect
EVT431509,2025-04-25 19:59:44,Local Market Day,J023,Basavanagudi,2927,Weekday,False,Clear,False,0.0,False,False,0.795,Severe,18.4,61.2,256.0,0.162,0.375,0.953,Heavy congestion detected - signal timing extended and reroute suggested
EVT431510,2025-03-07 10:39:48,Local Market Day,J040,City Market,2432,Weekday,False,Clear,False,0.0,False,False,0.575,High,27.0,43.8,85.3,0.065,0.15,0.963,Moderate traffic flow - standard adaptive signal timing in effect
EVT431511,2026-02-16 00:48:18,Local Market Day,J012,Koramangala Sony World,3685,Weekday,False,Clear,False,0.0,False,False,0.136,Low,36.6,8.6,40.9,0.035,0.08,0.946,Normal free-flow traffic - standard signal timing maintained
EVT431512,2025-04-23 19:31:21,Concert,J012,Koramangala Sony World,15258,Weekday,False,Clear,False,0.0,False,False,0.812,Severe,14.3,60.3,242.0,0.129,0.297,0.965,Heavy congestion detected - signal timing extended and reroute suggested
EVT431513,2026-05-17 16:29:11,Political Rally,J030,MG Road,7933,Weekend,False,Clear,False,0.0,False,False,0.599,High,20.5,45.7,252.0,0.16,0.37,0.977,Moderate traffic flow - standard adaptive signal timing in effect
EVT431514,2025-04-29 18:37:18,Concert,J020,Malleshwaram Circle,24283,Weekday,False,Clear,False,0.0,False,False,1.0,Severe,9.4,69.0,981.0,0.361,0.833,0.895,Heavy congestion detected - signal timing extended and reroute suggested
EVT431515,2025-06-15 05:06:58,Local Market Day,J011,Indiranagar 100ft Road,5169,Weekend,False,Clear,False,0.0,False,False,0.331,Low,34.4,23.6,105.2,0.102,0.235,0.967,Moderate traffic flow - standard adaptive signal timing in effect
EVT431516,2026-04-03 14:10:46,Local Market Day,J011,Indiranagar 100ft Road,6825,Weekday,False,Fog,False,0.0,False,False,0.179,Low,30.5,15.9,241.1,0.175,0.404,0.985,Normal free-flow traffic - standard signal timing maintained
EVT431517,2026-03-18 11:44:58,Local Market Day,J023,Basavanagudi,3082,Weekday,False,Clear,False,0.0,False,False,0.319,Low,27.9,20.4,170.6,0.122,0.282,0.965,Moderate traffic flow - standard adaptive signal timing in effect
EVT431518,2026-03-23 07:29:45,Political Rally,J020,Malleshwaram Circle,15679,Weekday,False,Clear,False,0.0,False,False,0.76,Severe,14.1,57.2,329.9,0.159,0.368,0.951,Heavy congestion detected - signal timing extended and reroute suggested
EVT431519,2025-11-22 17:26:50,Concert,J011,Indiranagar 100ft Road,7922,Weekend,False,Clear,False,0.0,False,False,0.72,High,19.9,52.3,364.6,0.221,0.51,0.948,Moderate traffic flow - standard adaptive signal timing in effect
EVT431520,2026-03-15 10:57:00,Local Market Day,J012,Koramangala Sony World,3984,Weekend,False,Clear,False,0.0,False,False,0.462,Moderate,22.7,35.0,321.4,0.209,0.483,0.954,Moderate traffic flow - standard adaptive signal timing in effect
EVT431521,2026-03-28 19:00:10,Political Rally,J009,Majestic,17437,Weekend,False,Clear,False,0.0,False,False,0.913,Severe,13.6,62.6,374.8,0.191,0.442,0.934,Heavy congestion detected - signal timing extended and reroute suggested
EVT431522,2025-09-29 09:14:57,Trade Fair,J023,Basavanagudi,10439,Weekday,False,Clear,False,0.0,False,False,1.0,Severe,7.8,71.1,622.0,0.188,0.433,0.921,Heavy congestion detected - signal timing extended and reroute suggested
EVT431523,2025-06-21 20:43:56,Sports Fixture,J012,Koramangala Sony World,11727,Weekend,False,Clear,False,0.0,False,False,0.419,Moderate,24.7,29.5,203.1,0.147,0.339,0.957,Moderate traffic flow - standard adaptive signal timing in effect
EVT431524,2026-06-25 20:26:10,Concert,J012,Koramangala Sony World,7067,Weekday,False,Heavy Rain,True,37.5,False,False,0.932,Severe,10.9,64.9,274.0,0.128,0.296,0.873,Heavy rain reducing visibility and grip - reduced speed and longer buffer advised
EVT431525,2026-05-26 19:17:53,Sports Fixture,J023,Basavanagudi,17546,Weekday,False,Clear,False,0.0,False,False,0.994,Severe,8.5,72.3,610.8,0.22,0.508,0.898,Heavy congestion detected - signal timing extended and reroute suggested
EVT431526,2025-02-22 16:41:37,Local Market Day,J012,Koramangala Sony World,4663,Weekend,False,Clear,False,0.0,False,False,0.482,Moderate,18.5,29.5,180.5,0.101,0.234,0.964,Moderate traffic flow - standard adaptive signal timing in effect
EVT431527,2025-06-30 10:42:50,Trade Fair,J009,Majestic,14296,Weekday,False,Heavy Rain,True,33.2,False,False,0.916,Severe,10.8,66.5,596.6,0.239,0.553,0.885,Heavy rain reducing visibility and grip - reduced speed and longer buffer advised
EVT431528,2025-03-10 18:58:56,Trade Fair,J023,Basavanagudi,9126,Weekday,False,Clear,False,0.0,False,False,1.0,Severe,8.9,79.5,594.0,0.246,0.568,0.942,Heavy congestion detected - signal timing extended and reroute suggested
EVT431529,2025-04-05 18:34:50,Sports Fixture,J012,Koramangala Sony World,30265,Weekend,False,Clear,False,0.0,False,False,1.0,Severe,8.0,68.0,466.8,0.17,0.394,0.909,Heavy congestion detected - signal timing extended and reroute suggested
EVT431530,2026-04-08 18:24:13,Trade Fair,J030,MG Road,6089,Weekday,False,Clear,False,0.0,False,False,1.0,Severe,8.5,65.3,593.0,0.23,0.53,0.933,Heavy congestion detected - signal timing extended and reroute suggested
EVT431531,2025-04-16 06:38:39,Local Market Day,J011,Indiranagar 100ft Road,2562,Weekday,False,Clear,False,0.0,False,False,0.327,Low,29.2,23.0,79.8,0.05,0.116,0.974,Moderate traffic flow - standard adaptive signal timing in effect
EVT431532,2025-01-29 21:06:20,Concert,J020,Malleshwaram Circle,15870,Weekday,False,Clear,False,0.0,False,False,0.546,Moderate,24.5,33.7,187.2,0.153,0.354,0.963,Moderate traffic flow - standard adaptive signal timing in effect
EVT431533,2025-07-11 18:09:04,Concert,J040,City Market,9756,Weekday,False,Clear,False,0.0,False,False,1.0,Severe,8.9,73.9,616.9,0.205,0.473,0.921,Heavy congestion detected - signal timing extended and reroute suggested
EVT431534,2025-01-08 08:00:50,Concert,J023,Basavanagudi,11634,Weekday,False,Clear,False,0.0,False,False,0.797,Severe,17.1,59.5,290.9,0.149,0.344,0.919,Heavy congestion detected - signal timing extended and reroute suggested
EVT431535,2025-01-29 20:30:36,Local Market Day,J020,Malleshwaram Circle,5225,Weekday,False,Clear,False,0.0,False,False,0.608,High,19.4,43.7,249.9,0.164,0.379,0.984,Moderate traffic flow - standard adaptive signal timing in effect
EVT431536,2026-02-02 18:34:40,Sports Fixture,J012,Koramangala Sony World,14980,Weekday,False,Clear,False,0.0,False,False,1.0,Severe,9.6,80.7,543.0,0.208,0.48,0.905,Heavy congestion detected - signal timing extended and reroute suggested
EVT431537,2026-06-09 17:25:16,Trade Fair,J011,Indiranagar 100ft Road,12884,Weekday,False,Clear,False,0.0,False,False,0.869,Severe,14.1,63.3,379.4,0.201,0.465,0.919,Heavy congestion detected - signal timing extended and reroute suggested
EVT431538,2026-06-10 08:32:57,Concert,J040,City Market,18269,Weekday,False,Clear,False,0.0,False,False,1.0,Severe,7.8,63.6,514.1,0.17,0.393,0.934,Heavy congestion detected - signal timing extended and reroute suggested
EVT431539,2025-10-18 12:25:20,Local Market Day,J023,Basavanagudi,3749,Weekend,False,Light Rain,True,2.0,False,False,0.345,Low,30.2,20.5,122.2,0.078,0.18,0.931,Light rain detected - minor speed reduction advised
EVT431540,2026-03-11 11:55:23,Local Market Day,J040,City Market,3501,Weekday,False,Clear,False,0.0,False,False,0.331,Low,32.1,20.4,169.8,0.157,0.362,0.977,Moderate traffic flow - standard adaptive signal timing in effect
EVT431541,2025-04-20 08:30:09,Sports Fixture,J012,Koramangala Sony World,14133,Weekend,False,Clear,False,0.0,False,False,0.948,Severe,10.8,65.8,390.2,0.155,0.357,0.923,Heavy congestion detected - signal timing extended and reroute suggested
EVT431542,2026-03-30 08:41:20,Sports Fixture,J040,City Market,29077,Weekday,False,Clear,False,0.0,False,False,1.0,Severe,10.1,73.6,488.9,0.215,0.496,0.925,Heavy congestion detected - signal timing extended and reroute suggested
EVT431543,2026-05-24 14:49:12,Local Market Day,J011,Indiranagar 100ft Road,3889,Weekend,False,Clear,False,0.0,False,False,0.199,Low,25.5,8.4,100.3,0.052,0.121,0.955,Normal free-flow traffic - standard signal timing maintained
EVT431544,2026-04-18 18:29:06,Local Market Day,J009,Majestic,4057,Weekend,False,Clear,False,0.0,False,False,0.857,Severe,14.1,57.9,220.4,0.123,0.283,0.947,Heavy congestion detected - signal timing extended and reroute suggested
EVT431545,2026-06-07 07:04:32,Sports Fixture,J009,Majestic,24900,Weekend,False,Clear,False,0.0,False,False,0.531,Moderate,26.8,36.7,102.9,0.077,0.179,0.973,Moderate traffic flow - standard adaptive signal timing in effect
EVT431546,2025-05-23 14:59:35,Local Market Day,J009,Majestic,2457,Weekday,False,Clear,False,0.0,False,False,0.232,Low,28.7,11.7,207.7,0.159,0.367,0.955,Normal free-flow traffic - standard signal timing maintained
EVT431547,2025-07-05 19:41:22,Local Market Day,J031,Cubbon Road,5070,Weekend,False,Rain,True,10.1,False,False,0.85,Severe,14.4,58.6,282.4,0.185,0.427,0.881,Heavy rain reducing visibility and grip - reduced speed and longer buffer advised
EVT431548,2026-02-09 16:02:58,Concert,J031,Cubbon Road,8243,Weekday,False,Clear,False,0.0,False,False,0.521,Moderate,22.6,36.4,264.2,0.174,0.402,0.961,Moderate traffic flow - standard adaptive signal timing in effect
EVT431549,2025-02-28 20:10:43,Local Market Day,J031,Cubbon Road,4169,Weekday,False,Clear,False,0.0,False,False,0.62,High,18.7,41.6,306.1,0.203,0.468,0.98,Moderate traffic flow - standard adaptive signal timing in effect
EVT431550,2025-07-04 09:32:04,Local Market Day,J030,MG Road,5556,Weekday,False,Clear,False,0.0,False,False,0.915,Severe,11.3,71.9,322.0,0.162,0.374,0.925,Heavy congestion detected - signal timing extended and reroute suggested
EVT431551,2025-06-02 10:14:26,Local Market Day,J020,Malleshwaram Circle,3907,Weekday,False,Heavy Rain,True,27.8,False,False,0.99,Severe,10.0,68.7,340.4,0.146,0.336,0.843,Heavy rain reducing visibility and grip - reduced speed and longer buffer advised
EVT431552,2025-08-28 14:00:01,Religious Festival,J040,City Market,56879,Weekday,True,Clear,False,0.0,False,True,0.792,High,19.8,87.4,350.9,0.218,0.504,0.872,Road closure for event/procession - full detour recommended for through-traffic
EVT431553,2025-10-12 21:19:41,Concert,J030,MG Road,7367,Weekend,False,Light Rain,True,7.3,False,False,0.461,Moderate,23.2,35.7,241.0,0.172,0.397,0.915,Light rain detected - minor speed reduction advised
EVT431554,2026-03-31 08:49:57,Trade Fair,J040,City Market,6055,Weekday,False,Clear,False,0.0,False,False,1.0,Severe,11.3,74.6,437.4,0.187,0.432,0.93,Heavy congestion detected - signal timing extended and reroute suggested
EVT431555,2026-04-12 09:40:04,Local Market Day,J012,Koramangala Sony World,2695,Weekend,False,Clear,False,0.0,False,False,0.8,Severe,18.8,62.8,298.2,0.191,0.441,0.941,Heavy congestion detected - signal timing extended and reroute suggested
EVT431556,2025-11-13 14:21:57,Trade Fair,J011,Indiranagar 100ft Road,7839,Weekday,False,Clear,False,0.0,False,False,0.192,Low,32.5,18.6,106.3,0.072,0.166,0.956,Normal free-flow traffic - standard signal timing maintained
EVT431557,2025-05-26 10:52:11,Sports Fixture,J009,Majestic,19017,Weekday,False,Clear,False,0.0,False,False,0.647,High,13.9,52.2,368.4,0.177,0.408,0.952,Moderate traffic flow - standard adaptive signal timing in effect
EVT431558,2026-02-25 11:06:09,Local Market Day,J009,Majestic,4562,Weekday,False,Clear,False,0.0,False,False,0.409,Moderate,28.0,27.6,196.8,0.156,0.359,0.966,Moderate traffic flow - standard adaptive signal timing in effect
EVT431559,2025-04-11 18:55:07,Local Market Day,J031,Cubbon Road,3051,Weekday,False,Light Rain,True,2.2,False,False,1.0,Severe,7.3,72.3,456.6,0.169,0.391,0.869,Heavy rain reducing visibility and grip - reduced speed and longer buffer advised
EVT431560,2025-08-10 17:09:35,Local Market Day,J031,Cubbon Road,3465,Weekend,False,Heavy Rain,True,35.7,False,False,0.989,Severe,9.0,72.5,248.3,0.088,0.202,0.895,Heavy rain reducing visibility and grip - reduced speed and longer buffer advised
EVT431561,2025-02-10 14:26:49,Political Rally,J030,MG Road,11078,Weekday,False,Clear,False,0.0,False,False,0.241,Low,26.7,8.7,116.2,0.067,0.154,0.933,Normal free-flow traffic - standard signal timing maintained
EVT431562,2025-01-15 09:41:45,Cultural Procession,J031,Cubbon Road,29360,Weekday,True,Clear,False,0.0,False,False,1.0,Severe,8.1,69.7,540.1,0.195,0.45,0.876,Festival crowd surge detected - alternate route and extended cycle recommended
EVT431563,2025-05-15 09:02:44,Trade Fair,J011,Indiranagar 100ft Road,11507,Weekday,False,Clear,False,0.0,False,False,1.0,Severe,8.0,66.9,548.0,0.193,0.445,0.903,Heavy congestion detected - signal timing extended and reroute suggested
EVT431564,2026-01-20 07:57:27,Political Rally,J040,City Market,11069,Weekday,False,Clear,False,0.0,False,False,0.796,Severe,10.5,56.0,409.4,0.175,0.403,0.971,Heavy congestion detected - signal timing extended and reroute suggested
EVT431565,2026-04-10 01:10:57,Sports Fixture,J009,Majestic,40016,Weekday,False,Clear,False,0.0,False,False,0.42,Moderate,21.4,26.2,150.9,0.098,0.227,0.957,Moderate traffic flow - standard adaptive signal timing in effect
EVT431566,2026-04-01 17:02:52,Local Market Day,J023,Basavanagudi,5413,Weekday,False,Fog,False,0.0,False,False,0.791,Severe,14.7,53.2,437.2,0.236,0.544,0.965,Heavy congestion detected - signal timing extended and reroute suggested
EVT431567,2025-12-11 19:20:33,Trade Fair,J040,City Market,7196,Weekday,False,Clear,False,0.0,False,False,0.91,Severe,11.9,67.1,321.4,0.159,0.367,0.926,Heavy congestion detected - signal timing extended and reroute suggested
EVT431568,2025-01-30 14:10:58,Concert,J031,Cubbon Road,7298,Weekday,False,Fog,False,0.0,False,False,0.165,Low,47.4,14.1,82.6,0.086,0.198,0.983,Normal free-flow traffic - standard signal timing maintained
EVT431569,2026-06-27 20:09:31,Sports Fixture,J011,Indiranagar 100ft Road,24543,Weekend,False,Clear,False,0.0,False,False,0.725,High,17.9,51.1,407.3,0.235,0.542,0.99,Moderate traffic flow - standard adaptive signal timing in effect
EVT431570,2025-06-26 09:12:27,Trade Fair,J009,Majestic,11559,Weekday,False,Clear,False,0.0,False,False,1.0,Severe,9.1,70.4,305.3,0.12,0.277,0.926,Heavy congestion detected - signal timing extended and reroute suggested
EVT431571,2026-02-22 12:25:42,Local Market Day,J009,Majestic,2693,Weekend,False,Clear,False,0.0,False,False,0.248,Low,35.2,23.6,151.6,0.131,0.303,0.959,Normal free-flow traffic - standard signal timing maintained
EVT431572,2025-01-29 13:56:20,Local Market Day,J040,City Market,4126,Weekday,False,Clear,False,0.0,False,False,0.214,Low,33.0,16.3,126.9,0.093,0.215,0.972,Normal free-flow traffic - standard signal timing maintained
EVT431573,2025-12-06 18:02:33,Local Market Day,J040,City Market,2347,Weekend,False,Clear,False,0.0,False,False,0.826,Severe,18.1,57.1,298.9,0.167,0.386,0.952,Heavy congestion detected - signal timing extended and reroute suggested
EVT431574,2025-04-24 07:41:16,Sports Fixture,J020,Malleshwaram Circle,22134,Weekday,False,Clear,False,0.0,False,False,0.7,High,16.8,48.3,151.8,0.093,0.214,0.983,Moderate traffic flow - standard adaptive signal timing in effect
EVT431575,2025-01-04 11:00:57,Concert,J030,MG Road,18796,Weekend,False,Clear,False,0.0,False,False,0.57,High,23.5,48.6,244.5,0.162,0.375,0.942,Moderate traffic flow - standard adaptive signal timing in effect
EVT431576,2025-11-07 17:20:37,Sports Fixture,J012,Koramangala Sony World,16809,Weekday,False,Clear,False,0.0,False,False,0.939,Severe,11.9,73.3,435.2,0.2,0.461,0.934,Heavy congestion detected - signal timing extended and reroute suggested
EVT431577,2025-08-01 17:35:32,Political Rally,J040,City Market,12501,Weekday,False,Rain,True,13.5,False,False,1.0,Severe,10.1,70.1,390.9,0.146,0.337,0.879,Heavy rain reducing visibility and grip - reduced speed and longer buffer advised
EVT431578,2025-09-11 18:51:44,Sports Fixture,J030,MG Road,28649,Weekday,False,Rain,True,22.6,False,False,1.0,Severe,8.0,69.7,540.5,0.17,0.393,0.888,Heavy rain reducing visibility and grip - reduced speed and longer buffer advised
EVT431579,2025-02-07 08:20:02,Local Market Day,J012,Koramangala Sony World,1844,Weekday,False,Clear,False,0.0,False,False,0.916,Severe,11.1,66.8,438.4,0.182,0.421,0.897,Heavy congestion detected - signal timing extended and reroute suggested
EVT431580,2026-01-20 07:55:33,Sports Fixture,J023,Basavanagudi,27907,Weekday,False,Clear,False,0.0,False,False,0.993,Severe,6.7,66.8,573.4,0.161,0.372,0.928,Heavy congestion detected - signal timing extended and reroute suggested
EVT431581,2025-06-01 06:52:49,Concert,J040,City Market,10086,Weekend,False,Clear,False,0.0,False,False,0.447,Moderate,25.6,30.4,255.8,0.19,0.44,0.954,Moderate traffic flow - standard adaptive signal timing in effect
EVT431582,2026-02-08 13:21:44,Local Market Day,J031,Cubbon Road,3475,Weekend,False,Clear,False,0.0,False,False,0.3,Low,31.3,15.2,158.5,0.131,0.302,0.961,Moderate traffic flow - standard adaptive signal timing in effect
EVT431583,2025-04-11 09:39:37,Sports Fixture,J040,City Market,29721,Weekday,False,Clear,False,0.0,False,False,1.0,Severe,7.0,73.6,733.9,0.22,0.509,0.902,Heavy congestion detected - signal timing extended and reroute suggested
EVT431584,2025-10-16 07:11:35,Political Rally,J009,Majestic,21590,Weekday,False,Fog,False,0.0,False,False,0.631,High,23.0,51.0,168.6,0.115,0.265,0.96,Moderate traffic flow - standard adaptive signal timing in effect
EVT431585,2025-01-30 15:01:27,Sports Fixture,J023,Basavanagudi,28315,Weekday,False,Fog,False,0.0,False,False,0.47,Moderate,21.5,31.1,259.0,0.144,0.332,0.948,Moderate traffic flow - standard adaptive signal timing in effect
EVT431586,2025-09-15 12:01:15,Trade Fair,J031,Cubbon Road,9735,Weekday,False,Rain,True,14.5,False,False,0.475,Moderate,21.8,29.7,300.3,0.191,0.442,0.9,Light rain detected - minor speed reduction advised
EVT431587,2025-05-21 21:50:38,Concert,J011,Indiranagar 100ft Road,17775,Weekday,False,Clear,False,0.0,False,False,0.413,Moderate,31.5,32.4,137.3,0.106,0.244,0.972,Moderate traffic flow - standard adaptive signal timing in effect
EVT431588,2026-05-07 18:14:21,Trade Fair,J023,Basavanagudi,5930,Weekday,False,Clear,False,0.0,False,False,0.989,Severe,7.1,68.8,753.5,0.244,0.563,0.923,Heavy congestion detected - signal timing extended and reroute suggested
EVT431589,2025-06-20 09:02:33,Local Market Day,J030,MG Road,5024,Weekday,False,Clear,False,0.0,False,False,0.96,Severe,11.0,72.9,533.6,0.223,0.515,0.931,Heavy congestion detected - signal timing extended and reroute suggested
EVT431590,2025-06-15 09:29:30,Concert,J040,City Market,7661,Weekend,False,Heavy Rain,True,52.6,True,False,1.0,Severe,8.0,76.6,699.3,0.226,0.523,0.692,Accident detected nearby - reroute and reduced speed advised
EVT431591,2026-04-30 10:55:27,Local Market Day,J031,Cubbon Road,2290,Weekday,False,Clear,False,0.0,False,False,0.414,Moderate,31.4,26.6,77.1,0.069,0.159,0.934,Moderate traffic flow - standard adaptive signal timing in effect
EVT431592,2025-02-07 14:59:16,Sports Fixture,J040,City Market,20424,Weekday,False,Fog,False,0.0,False,False,0.33,Low,31.2,26.7,135.7,0.105,0.243,0.956,Moderate traffic flow - standard adaptive signal timing in effect
EVT431593,2025-03-31 00:20:13,Religious Festival,J030,MG Road,37875,Weekday,True,Clear,False,0.0,False,True,0.805,High,14.8,80.8,463.9,0.243,0.561,0.855,Road closure for event/procession - full detour recommended for through-traffic
EVT431594,2025-06-06 12:01:46,Trade Fair,J009,Majestic,3948,Weekday,False,Heavy Rain,True,35.4,False,False,0.557,High,23.2,41.2,306.9,0.214,0.494,0.923,Heavy rain reducing visibility and grip - reduced speed and longer buffer advised
EVT431595,2025-11-23 11:09:26,Concert,J023,Basavanagudi,25575,Weekend,False,Clear,False,0.0,False,False,0.541,Moderate,18.4,37.2,277.0,0.155,0.358,0.953,Moderate traffic flow - standard adaptive signal timing in effect
EVT431596,2025-02-06 21:26:06,Concert,J040,City Market,7884,Weekday,False,Clear,False,0.0,False,False,0.376,Moderate,31.1,23.8,178.5,0.167,0.387,0.978,Moderate traffic flow - standard adaptive signal timing in effect
EVT431597,2025-06-17 16:52:00,Concert,J023,Basavanagudi,10318,Weekday,False,Rain,True,15.3,False,False,0.865,Severe,17.3,64.1,420.7,0.271,0.625,0.894,Heavy rain reducing visibility and grip - reduced speed and longer buffer advised
EVT431598,2026-06-21 17:25:05,Sports Fixture,J011,Indiranagar 100ft Road,19273,Weekend,False,Heavy Rain,True,55.4,False,False,1.0,Severe,7.7,76.0,460.8,0.154,0.356,0.869,Heavy rain reducing visibility and grip - reduced speed and longer buffer advised
EVT431599,2025-10-23 13:26:49,Concert,J031,Cubbon Road,17444,Weekday,False,Light Rain,True,4.3,False,False,0.369,Moderate,27.6,21.5,154.4,0.151,0.349,0.917,Light rain detected - minor speed reduction advised
EVT431600,2026-06-29 22:02:59,Sports Fixture,J030,MG Road,29658,Weekday,False,Clear,False,0.0,False,False,0.415,Moderate,28.7,27.3,215.4,0.152,0.352,0.957,Moderate traffic flow - standard adaptive signal timing in effect
EVT431601,2026-04-22 12:16:09,Local Market Day,J031,Cubbon Road,3336,Weekday,False,Clear,False,0.0,False,False,0.158,Low,34.6,13.5,88.6,0.073,0.169,0.968,Normal free-flow traffic - standard signal timing maintained
EVT431602,2026-03-04 16:59:52,Cultural Procession,J011,Indiranagar 100ft Road,46377,Weekday,True,Clear,False,0.0,False,True,1.0,Severe,7.5,102.2,654.9,0.211,0.486,0.822,Road closure for event/procession - full detour recommended for through-traffic
EVT431603,2026-06-10 15:29:48,Local Market Day,J009,Majestic,3270,Weekday,False,Fog,False,0.0,False,False,0.354,Moderate,29.0,27.5,179.8,0.152,0.352,0.954,Moderate traffic flow - standard adaptive signal timing in effect
EVT431604,2026-04-14 16:05:36,Religious Festival,J020,Malleshwaram Circle,35398,Weekday,True,Clear,False,0.0,False,True,0.998,Severe,9.0,96.0,811.0,0.294,0.679,0.806,Road closure for event/procession - full detour recommended for through-traffic
EVT431605,2026-03-05 16:33:30,Fireworks Display,J030,MG Road,12180,Weekday,True,Clear,False,0.0,False,False,0.85,Severe,11.6,65.7,445.4,0.179,0.413,0.892,Festival crowd surge detected - alternate route and extended cycle recommended
EVT431606,2025-09-07 17:24:40,Trade Fair,J020,Malleshwaram Circle,6192,Weekend,False,Clear,False,0.0,False,False,0.78,Severe,17.8,53.0,124.6,0.066,0.152,0.95,Heavy congestion detected - signal timing extended and reroute suggested
EVT431607,2025-10-11 18:13:25,Sports Fixture,J011,Indiranagar 100ft Road,23120,Weekend,False,Clear,False,0.0,False,False,0.919,Severe,13.9,65.8,230.8,0.11,0.255,0.941,Heavy congestion detected - signal timing extended and reroute suggested
EVT431608,2026-04-06 11:40:29,Local Market Day,J031,Cubbon Road,3677,Weekday,False,Light Rain,True,2.7,False,False,0.355,Moderate,29.9,21.8,143.8,0.121,0.279,0.909,Light rain detected - minor speed reduction advised
EVT431609,2025-08-22 23:06:49,Concert,J023,Basavanagudi,9506,Weekday,False,Clear,False,0.0,False,False,0.287,Low,29.2,18.0,189.3,0.146,0.336,0.952,Moderate traffic flow - standard adaptive signal timing in effect
EVT431610,2025-03-04 16:08:49,Local Market Day,J011,Indiranagar 100ft Road,2805,Weekday,False,Fog,False,0.0,False,False,0.433,Moderate,25.3,35.1,202.6,0.137,0.316,0.966,Moderate traffic flow - standard adaptive signal timing in effect
EVT431611,2026-03-21 08:09:51,Local Market Day,J030,MG Road,5685,Weekend,False,Clear,False,0.0,False,False,0.742,High,17.1,54.1,174.1,0.088,0.203,0.956,Moderate traffic flow - standard adaptive signal timing in effect
EVT431612,2025-07-08 14:32:35,Sports Fixture,J009,Majestic,20016,Weekday,False,Rain,True,17.4,True,False,0.883,Severe,13.1,61.2,324.4,0.164,0.38,0.736,Accident detected nearby - reroute and reduced speed advised
EVT431613,2025-12-25 22:44:17,Religious Festival,J023,Basavanagudi,25853,Weekday,True,Clear,False,0.0,False,False,0.594,High,20.9,39.7,320.2,0.21,0.484,0.908,Festival crowd surge detected - alternate route and extended cycle recommended
EVT431614,2025-10-27 21:00:00,Political Rally,J031,Cubbon Road,8037,Weekday,False,Clear,False,0.0,False,False,0.473,Moderate,23.5,31.7,251.6,0.179,0.415,0.98,Moderate traffic flow - standard adaptive signal timing in effect
EVT431615,2025-09-25 19:42:13,Political Rally,J030,MG Road,8427,Weekday,False,Clear,False,0.0,False,False,0.865,Severe,12.3,64.1,212.0,0.095,0.219,0.939,Heavy congestion detected - signal timing extended and reroute suggested
EVT431616,2025-12-28 13:17:41,Concert,J023,Basavanagudi,11655,Weekend,False,Clear,False,0.0,False,False,0.272,Low,38.7,19.4,184.2,0.164,0.379,0.99,Moderate traffic flow - standard adaptive signal timing in effect
EVT431617,2026-01-19 19:21:54,Concert,J012,Koramangala Sony World,11439,Weekday,False,Light Rain,True,2.1,False,False,1.0,Severe,9.3,71.9,638.0,0.227,0.523,0.872,Heavy rain reducing visibility and grip - reduced speed and longer buffer advised
EVT431618,2026-05-08 15:57:28,Concert,J030,MG Road,8451,Weekday,False,Clear,False,0.0,False,False,0.43,Moderate,25.3,30.4,204.4,0.135,0.313,0.959,Moderate traffic flow - standard adaptive signal timing in effect
EVT431619,2025-01-29 22:50:02,Concert,J012,Koramangala Sony World,8406,Weekday,False,Clear,False,0.0,False,False,0.252,Low,37.3,22.3,177.0,0.186,0.43,0.98,Moderate traffic flow - standard adaptive signal timing in effect
EVT431620,2025-01-06 13:24:29,Local Market Day,J031,Cubbon Road,4599,Weekday,False,Clear,False,0.0,False,False,0.154,Low,35.0,14.6,141.0,0.121,0.28,0.971,Normal free-flow traffic - standard signal timing maintained
EVT431621,2026-05-21 15:10:49,Trade Fair,J009,Majestic,6472,Weekday,False,Clear,False,0.0,False,False,0.294,Low,33.1,18.7,135.4,0.097,0.225,0.976,Moderate traffic flow - standard adaptive signal timing in effect
EVT431622,2026-02-02 07:17:10,Concert,J012,Koramangala Sony World,8692,Weekday,False,Fog,False,0.0,False,False,0.55,High,24.4,35.2,179.5,0.136,0.315,0.967,Moderate traffic flow - standard adaptive signal timing in effect
EVT431623,2026-06-07 12:04:25,Sports Fixture,J009,Majestic,14297,Weekend,False,Clear,False,0.0,False,False,0.291,Low,32.5,19.0,128.6,0.109,0.252,0.978,Moderate traffic flow - standard adaptive signal timing in effect
EVT431624,2025-11-06 19:12:31,Concert,J030,MG Road,15601,Weekday,False,Clear,False,0.0,False,False,1.0,Severe,8.8,75.5,362.5,0.128,0.295,0.926,Heavy congestion detected - signal timing extended and reroute suggested
EVT431625,2025-04-27 18:42:43,Concert,J023,Basavanagudi,10176,Weekend,False,Light Rain,True,3.7,False,False,0.954,Severe,11.2,66.4,415.5,0.186,0.43,0.89,Heavy rain reducing visibility and grip - reduced speed and longer buffer advised
EVT431626,2025-07-18 11:04:14,Trade Fair,J009,Majestic,9026,Weekday,False,Clear,False,0.0,False,False,0.429,Moderate,21.3,26.7,314.7,0.196,0.453,0.967,Moderate traffic flow - standard adaptive signal timing in effect
EVT431627,2025-02-10 10:41:40,Political Rally,J011,Indiranagar 100ft Road,22502,Weekday,False,Clear,False,0.0,False,False,0.641,High,18.4,47.3,105.2,0.06,0.139,0.965,Moderate traffic flow - standard adaptive signal timing in effect
EVT431628,2025-08-19 16:15:02,Sports Fixture,J011,Indiranagar 100ft Road,16004,Weekday,False,Clear,False,0.0,False,False,0.625,High,23.1,45.8,233.8,0.176,0.406,0.962,Moderate traffic flow - standard adaptive signal timing in effect
EVT431629,2025-02-02 07:40:10,Local Market Day,J040,City Market,3704,Weekend,False,Clear,False,0.0,False,False,0.621,High,18.5,40.3,308.2,0.169,0.391,0.985,Moderate traffic flow - standard adaptive signal timing in effect
EVT431630,2026-01-13 19:09:33,Local Market Day,J031,Cubbon Road,5285,Weekday,False,Clear,False,0.0,False,False,0.847,Severe,12.8,58.2,456.9,0.221,0.51,0.946,Heavy congestion detected - signal timing extended and reroute suggested
EVT431631,2025-01-13 07:19:51,Concert,J040,City Market,12721,Weekday,False,Clear,False,0.0,False,False,0.622,High,18.8,44.3,307.7,0.2,0.461,0.957,Moderate traffic flow - standard adaptive signal timing in effect
EVT431632,2025-12-08 10:05:28,Trade Fair,J031,Cubbon Road,8084,Weekday,False,Clear,False,0.0,False,False,0.79,Severe,13.3,59.8,244.9,0.124,0.286,0.981,Heavy congestion detected - signal timing extended and reroute suggested
EVT431633,2026-03-24 15:02:18,Political Rally,J023,Basavanagudi,10011,Weekday,False,Clear,False,0.0,False,False,0.302,Low,28.5,28.7,67.9,0.033,0.077,0.918,Moderate traffic flow - standard adaptive signal timing in effect
EVT431634,2025-06-09 19:51:47,Local Market Day,J030,MG Road,2665,Weekday,False,Clear,False,0.0,False,False,0.739,High,14.7,57.6,506.7,0.255,0.589,0.977,Moderate traffic flow - standard adaptive signal timing in effect
EVT431635,2025-12-05 07:26:44,Concert,J020,Malleshwaram Circle,13616,Weekday,False,Clear,False,0.0,False,False,0.589,High,17.7,42.8,191.1,0.107,0.247,0.968,Moderate traffic flow - standard adaptive signal timing in effect
EVT431636,2026-03-15 13:22:36,Concert,J009,Majestic,34568,Weekend,False,Clear,False,0.0,False,False,0.464,Moderate,28.6,30.0,176.8,0.157,0.362,0.971,Moderate traffic flow - standard adaptive signal timing in effect
EVT431637,2026-03-22 14:32:16,Local Market Day,J012,Koramangala Sony World,3378,Weekend,False,Clear,False,0.0,False,False,0.168,Low,26.5,11.9,182.7,0.133,0.308,0.979,Normal free-flow traffic - standard signal timing maintained
EVT431638,2026-03-26 13:46:12,Cultural Procession,J031,Cubbon Road,12433,Weekday,True,Clear,False,0.0,False,True,0.593,Moderate,21.0,54.4,207.3,0.112,0.26,0.907,Road closure for event/procession - full detour recommended for through-traffic
EVT431639,2025-08-28 07:43:13,Cultural Procession,J031,Cubbon Road,16019,Weekday,True,Heavy Rain,True,43.1,False,True,1.0,Severe,8.6,102.2,841.2,0.283,0.654,0.776,Road closure for event/procession - full detour recommended for through-traffic
EVT431640,2026-01-29 16:35:38,Political Rally,J040,City Market,15347,Weekday,False,Clear,False,0.0,False,False,0.634,High,22.7,43.9,192.7,0.136,0.315,0.948,Moderate traffic flow - standard adaptive signal timing in effect
EVT431641,2025-10-30 18:42:44,Political Rally,J009,Majestic,9708,Weekday,False,Clear,False,0.0,False,False,1.0,Severe,10.2,70.9,745.6,0.295,0.681,0.921,Heavy congestion detected - signal timing extended and reroute suggested
EVT431642,2026-03-13 17:05:11,Political Rally,J030,MG Road,19481,Weekday,False,Clear,False,0.0,False,False,0.819,Severe,14.4,61.9,344.1,0.164,0.378,0.963,Heavy congestion detected - signal timing extended and reroute suggested
EVT431643,2026-05-31 15:06:49,Local Market Day,J009,Majestic,2424,Weekend,False,Clear,False,0.0,False,False,0.285,Low,24.1,20.3,192.1,0.122,0.282,0.964,Moderate traffic flow - standard adaptive signal timing in effect
EVT431644,2025-10-06 10:45:47,Concert,J040,City Market,9175,Weekday,False,Light Rain,True,2.9,False,False,0.561,High,23.1,38.7,255.9,0.18,0.416,0.896,Heavy rain reducing visibility and grip - reduced speed and longer buffer advised
EVT431645,2026-06-17 23:44:34,Sports Fixture,J031,Cubbon Road,9303,Weekday,False,Clear,False,0.0,False,False,0.17,Low,41.3,15.0,104.6,0.099,0.228,0.945,Normal free-flow traffic - standard signal timing maintained
EVT431646,2025-06-18 15:05:10,Concert,J020,Malleshwaram Circle,12954,Weekday,False,Clear,False,0.0,False,False,0.32,Low,35.3,21.5,152.2,0.154,0.356,0.962,Moderate traffic flow - standard adaptive signal timing in effect
EVT431647,2025-01-01 21:02:41,Trade Fair,J030,MG Road,13441,Weekday,False,Clear,False,0.0,False,False,0.47,Moderate,32.0,34.0,179.6,0.15,0.345,0.965,Moderate traffic flow - standard adaptive signal timing in effect
EVT431648,2025-09-16 10:41:06,Sports Fixture,J040,City Market,31082,Weekday,False,Clear,False,0.0,False,False,0.669,High,21.1,52.2,302.5,0.219,0.506,0.987,Moderate traffic flow - standard adaptive signal timing in effect
EVT431649,2025-03-22 07:58:14,Local Market Day,J011,Indiranagar 100ft Road,3483,Weekend,False,Clear,False,0.0,False,False,0.72,High,18.1,50.9,371.7,0.222,0.512,0.97,Moderate traffic flow - standard adaptive signal timing in effect
EVT431650,2026-06-13 15:14:50,Concert,J020,Malleshwaram Circle,15159,Weekend,False,Clear,False,0.0,False,False,0.426,Moderate,28.6,34.5,175.2,0.151,0.348,0.971,Moderate traffic flow - standard adaptive signal timing in effect
EVT431651,2025-04-11 18:11:07,Political Rally,J040,City Market,9707,Weekday,False,Rain,True,8.5,False,False,1.0,Severe,8.9,74.4,481.1,0.177,0.408,0.86,Heavy rain reducing visibility and grip - reduced speed and longer buffer advised
EVT431652,2025-06-03 17:33:20,Local Market Day,J020,Malleshwaram Circle,2551,Weekday,False,Heavy Rain,True,92.0,False,False,1.0,Severe,6.9,69.5,774.3,0.23,0.532,0.883,Heavy rain reducing visibility and grip - reduced speed and longer buffer advised
EVT431653,2025-01-10 17:03:27,Sports Fixture,J009,Majestic,38303,Weekday,False,Clear,False,0.0,False,False,0.978,Severe,10.6,75.7,442.3,0.186,0.431,0.918,Heavy congestion detected - signal timing extended and reroute suggested
EVT431654,2025-04-20 13:39:07,Sports Fixture,J012,Koramangala Sony World,21581,Weekend,False,Clear,False,0.0,False,False,0.406,Moderate,32.0,25.2,169.4,0.129,0.299,0.978,Moderate traffic flow - standard adaptive signal timing in effect
EVT431655,2025-04-17 15:03:02,Concert,J030,MG Road,8786,Weekday,False,Clear,False,0.0,False,False,0.311,Low,30.3,23.9,188.1,0.157,0.363,0.973,Moderate traffic flow - standard adaptive signal timing in effect
EVT431656,2025-01-16 18:27:48,Concert,J031,Cubbon Road,7295,Weekday,False,Fog,False,0.0,False,False,0.959,Severe,7.9,73.3,529.2,0.18,0.416,0.906,Heavy congestion detected - signal timing extended and reroute suggested
EVT431657,2025-12-31 11:47:27,Trade Fair,J023,Basavanagudi,8645,Weekday,False,Clear,False,0.0,False,False,0.305,Low,33.2,19.8,196.1,0.179,0.413,0.941,Moderate traffic flow - standard adaptive signal timing in effect
EVT431658,2026-03-15 05:23:37,Trade Fair,J040,City Market,7993,Weekend,False,Clear,False,0.0,False,False,0.28,Low,32.8,19.3,237.7,0.199,0.461,0.978,Moderate traffic flow - standard adaptive signal timing in effect
EVT431659,2025-05-21 10:50:47,Sports Fixture,J030,MG Road,25278,Weekday,False,Clear,False,0.0,False,False,0.665,High,21.3,43.4,292.5,0.19,0.439,0.924,Moderate traffic flow - standard adaptive signal timing in effect
EVT431660,2025-04-07 10:16:20,Fireworks Display,J040,City Market,15979,Weekday,True,Clear,False,0.0,False,False,1.0,Severe,7.0,71.5,975.4,0.268,0.619,0.87,Festival crowd surge detected - alternate route and extended cycle recommended
EVT431661,2025-11-16 11:58:50,Local Market Day,J023,Basavanagudi,4404,Weekend,False,Clear,False,0.0,False,False,0.263,Low,39.3,18.2,104.7,0.085,0.197,0.967,Moderate traffic flow - standard adaptive signal timing in effect
EVT431662,2025-11-08 17:13:04,Sports Fixture,J031,Cubbon Road,23087,Weekend,False,Rain,True,17.5,False,False,1.0,Severe,7.0,67.7,529.6,0.168,0.388,0.841,Heavy rain reducing visibility and grip - reduced speed and longer buffer advised
EVT431663,2025-06-01 06:29:50,Local Market Day,J011,Indiranagar 100ft Road,4071,Weekend,False,Clear,False,0.0,False,False,0.335,Low,25.9,24.4,219.4,0.141,0.327,0.961,Moderate traffic flow - standard adaptive signal timing in effect
EVT431664,2025-08-04 15:45:54,Sports Fixture,J031,Cubbon Road,23638,Weekday,False,Clear,False,0.0,False,False,0.425,Moderate,26.2,33.2,211.8,0.17,0.392,0.963,Moderate traffic flow - standard adaptive signal timing in effect
EVT431665,2025-01-23 21:45:52,Concert,J012,Koramangala Sony World,8406,Weekday,False,Clear,False,0.0,False,False,0.37,Moderate,32.9,24.5,177.2,0.158,0.364,0.952,Moderate traffic flow - standard adaptive signal timing in effect
EVT431666,2025-05-13 18:03:03,Local Market Day,J030,MG Road,2773,Weekday,False,Light Rain,True,5.7,False,False,1.0,Severe,7.6,73.6,562.5,0.196,0.454,0.873,Heavy rain reducing visibility and grip - reduced speed and longer buffer advised
EVT431667,2025-04-05 17:25:16,Sports Fixture,J023,Basavanagudi,26591,Weekend,False,Clear,False,0.0,False,False,0.952,Severe,10.5,62.8,731.5,0.298,0.689,0.897,Heavy congestion detected - signal timing extended and reroute suggested
EVT431668,2026-01-16 14:12:01,Sports Fixture,J012,Koramangala Sony World,38656,Weekday,False,Clear,False,0.0,False,False,0.419,Moderate,25.0,30.7,185.2,0.144,0.333,0.96,Moderate traffic flow - standard adaptive signal timing in effect
EVT431669,2026-03-12 14:06:03,Sports Fixture,J009,Majestic,20774,Weekday,False,Clear,False,0.0,False,False,0.258,Low,34.6,16.7,133.2,0.133,0.308,0.938,Moderate traffic flow - standard adaptive signal timing in effect
EVT431670,2026-02-03 17:00:05,Local Market Day,J009,Majestic,1207,Weekday,False,Clear,False,0.0,False,False,0.755,Severe,19.0,54.9,410.1,0.242,0.559,0.952,Heavy congestion detected - signal timing extended and reroute suggested
EVT431671,2026-02-09 11:29:53,Local Market Day,J030,MG Road,2791,Weekday,False,Clear,False,0.0,False,False,0.311,Low,33.2,19.6,152.2,0.147,0.339,0.925,Moderate traffic flow - standard adaptive signal timing in effect
EVT431672,2026-01-01 10:34:22,Religious Festival,J030,MG Road,38016,Weekday,True,Clear,False,0.0,False,True,1.0,Severe,9.2,87.0,572.7,0.234,0.541,0.836,Road closure for event/procession - full detour recommended for through-traffic
EVT431673,2025-12-13 16:32:12,Local Market Day,J020,Malleshwaram Circle,3112,Weekend,False,Clear,False,0.0,False,False,0.469,Moderate,22.0,36.8,267.1,0.15,0.347,0.978,Moderate traffic flow - standard adaptive signal timing in effect
EVT431674,2025-05-05 20:34:06,Local Market Day,J012,Koramangala Sony World,3924,Weekday,False,Rain,True,20.5,False,False,0.801,Severe,15.2,57.2,385.9,0.228,0.526,0.929,Heavy rain reducing visibility and grip - reduced speed and longer buffer advised
EVT431675,2025-05-14 16:43:56,Political Rally,J012,Koramangala Sony World,18133,Weekday,False,Clear,False,0.0,False,False,0.778,Severe,17.5,54.5,386.5,0.221,0.51,0.941,Heavy congestion detected - signal timing extended and reroute suggested
EVT431676,2026-03-25 17:20:03,Local Market Day,J009,Majestic,2859,Weekday,False,Clear,False,0.0,False,False,0.836,Severe,13.7,62.1,356.7,0.171,0.395,0.95,Heavy congestion detected - signal timing extended and reroute suggested
EVT431677,2025-05-30 16:15:42,Concert,J009,Majestic,15578,Weekday,False,Clear,False,0.0,False,False,0.533,Moderate,27.0,40.4,165.0,0.129,0.298,0.945,Moderate traffic flow - standard adaptive signal timing in effect
EVT431678,2025-02-11 19:55:59,Local Market Day,J012,Koramangala Sony World,2170,Weekday,False,Clear,False,0.0,False,False,0.724,High,19.6,55.2,287.6,0.184,0.426,0.958,Moderate traffic flow - standard adaptive signal timing in effect
EVT431679,2025-07-05 10:44:17,Sports Fixture,J012,Koramangala Sony World,25942,Weekend,False,Clear,False,0.0,False,False,0.648,High,21.6,48.4,246.2,0.186,0.43,0.98,Moderate traffic flow - standard adaptive signal timing in effect
EVT431680,2026-04-20 17:08:43,Trade Fair,J023,Basavanagudi,11012,Weekday,False,Clear,False,0.0,False,False,0.764,Severe,18.4,52.9,225.2,0.148,0.341,0.95,Heavy congestion detected - signal timing extended and reroute suggested
EVT431681,2025-02-10 10:52:14,Local Market Day,J023,Basavanagudi,3512,Weekday,False,Clear,False,0.0,False,False,0.447,Moderate,22.0,33.4,162.0,0.096,0.222,0.947,Moderate traffic flow - standard adaptive signal timing in effect
EVT431682,2026-02-02 19:48:16,Local Market Day,J012,Koramangala Sony World,3739,Weekday,False,Clear,False,0.0,False,False,0.855,Severe,17.7,63.1,307.5,0.172,0.397,0.921,Heavy congestion detected - signal timing extended and reroute suggested
EVT431683,2025-02-14 10:38:48,Political Rally,J009,Majestic,11919,Weekday,False,Clear,False,0.0,False,False,0.614,High,22.3,42.5,188.3,0.145,0.334,0.942,Moderate traffic flow - standard adaptive signal timing in effect
EVT431684,2025-10-22 13:59:15,Religious Festival,J030,MG Road,41298,Weekday,True,Clear,False,0.0,False,True,0.813,High,12.5,83.5,458.1,0.21,0.485,0.902,Road closure for event/procession - full detour recommended for through-traffic
EVT431685,2025-01-20 12:30:01,Sports Fixture,J030,MG Road,22096,Weekday,False,Clear,False,0.0,False,False,0.312,Low,43.1,22.2,138.7,0.146,0.336,0.97,Moderate traffic flow - standard adaptive signal timing in effect
EVT431686,2026-02-11 11:52:36,Concert,J031,Cubbon Road,14195,Weekday,False,Clear,False,0.0,False,False,0.317,Low,29.2,21.1,172.8,0.15,0.347,0.958,Moderate traffic flow - standard adaptive signal timing in effect
EVT431687,2025-12-16 14:26:08,Local Market Day,J031,Cubbon Road,4066,Weekday,False,Clear,False,0.0,False,False,0.16,Low,24.5,11.1,166.5,0.116,0.268,0.959,Normal free-flow traffic - standard signal timing maintained
EVT431688,2026-02-01 20:13:18,Concert,J023,Basavanagudi,10567,Weekend,False,Clear,False,0.0,False,False,0.597,High,25.9,44.3,332.2,0.238,0.55,0.93,Moderate traffic flow - standard adaptive signal timing in effect
EVT431689,2025-10-11 19:40:07,Trade Fair,J020,Malleshwaram Circle,12525,Weekend,False,Clear,False,0.0,False,False,0.66,High,16.5,40.2,256.8,0.136,0.313,0.977,Moderate traffic flow - standard adaptive signal timing in effect
EVT431690,2025-11-11 12:24:38,Local Market Day,J012,Koramangala Sony World,3722,Weekday,False,Clear,False,0.0,False,False,0.213,Low,27.6,7.8,97.3,0.076,0.176,0.975,Normal free-flow traffic - standard signal timing maintained
EVT431691,2025-07-18 20:14:50,Trade Fair,J040,City Market,6937,Weekday,False,Heavy Rain,True,53.6,False,False,0.997,Severe,8.2,73.7,661.6,0.213,0.492,0.856,Heavy rain reducing visibility and grip - reduced speed and longer buffer advised
EVT431692,2025-10-14 20:42:50,Local Market Day,J020,Malleshwaram Circle,4831,Weekday,False,Clear,False,0.0,False,False,0.444,Moderate,28.7,39.5,224.7,0.177,0.409,0.929,Moderate traffic flow - standard adaptive signal timing in effect
EVT431693,2025-10-04 17:41:35,Local Market Day,J040,City Market,4691,Weekend,False,Clear,False,0.0,False,False,0.771,Severe,15.4,50.3,424.8,0.219,0.505,0.958,Heavy congestion detected - signal timing extended and reroute suggested
EVT431694,2025-08-04 22:32:11,Local Market Day,J009,Majestic,7073,Weekday,False,Clear,False,0.0,False,False,0.27,Low,28.8,18.9,151.8,0.116,0.268,0.979,Moderate traffic flow - standard adaptive signal timing in effect
EVT431695,2025-09-24 19:46:36,Local Market Day,J023,Basavanagudi,2368,Weekday,False,Light Rain,True,5.3,False,False,0.849,Severe,14.1,61.0,360.1,0.206,0.475,0.892,Heavy rain reducing visibility and grip - reduced speed and longer buffer advised
EVT431696,2026-06-09 18:29:50,Sports Fixture,J009,Majestic,19729,Weekday,False,Clear,False,0.0,False,False,1.0,Severe,9.0,76.3,488.5,0.21,0.485,0.906,Heavy congestion detected - signal timing extended and reroute suggested
EVT431697,2025-05-09 17:43:46,Political Rally,J020,Malleshwaram Circle,14616,Weekday,False,Clear,False,0.0,False,False,1.0,Severe,7.9,76.0,561.3,0.19,0.438,0.914,Heavy congestion detected - signal timing extended and reroute suggested
EVT431698,2026-03-09 19:12:17,Concert,J012,Koramangala Sony World,6700,Weekday,False,Clear,False,0.0,False,False,0.929,Severe,8.6,69.0,625.3,0.239,0.552,0.926,Heavy congestion detected - signal timing extended and reroute suggested
EVT431699,2025-07-29 19:22:24,Concert,J009,Majestic,9952,Weekday,False,Rain,True,13.0,False,False,1.0,Severe,8.2,78.0,556.9,0.192,0.443,0.827,Heavy rain reducing visibility and grip - reduced speed and longer buffer advised
EVT431700,2025-01-17 21:10:44,Local Market Day,J012,Koramangala Sony World,2005,Weekday,False,Clear,False,0.0,False,False,0.424,Moderate,25.2,36.4,210.7,0.153,0.354,0.967,Moderate traffic flow - standard adaptive signal timing in effect
EVT431701,2025-12-07 10:38:09,Local Market Day,J040,City Market,4083,Weekend,False,Clear,False,0.0,False,False,0.456,Moderate,25.0,32.8,167.0,0.116,0.269,0.943,Moderate traffic flow - standard adaptive signal timing in effect
EVT431702,2026-02-10 06:30:42,Trade Fair,J011,Indiranagar 100ft Road,7500,Weekday,False,Clear,False,0.0,False,False,0.364,Moderate,25.5,16.8,148.1,0.107,0.247,0.99,Moderate traffic flow - standard adaptive signal timing in effect
EVT431703,2025-06-21 14:04:21,Sports Fixture,J023,Basavanagudi,15247,Weekend,False,Heavy Rain,True,44.1,False,False,0.583,High,19.4,40.9,306.0,0.193,0.447,0.909,Heavy rain reducing visibility and grip - reduced speed and longer buffer advised
EVT431704,2026-05-13 10:13:05,Trade Fair,J030,MG Road,6383,Weekday,False,Rain,True,11.2,False,False,0.832,Severe,21.3,62.9,350.5,0.255,0.59,0.886,Heavy rain reducing visibility and grip - reduced speed and longer buffer advised
EVT431705,2025-03-28 23:25:05,Local Market Day,J012,Koramangala Sony World,3092,Weekday,False,Clear,False,0.0,False,False,0.136,Low,34.9,12.3,196.1,0.164,0.378,0.981,Normal free-flow traffic - standard signal timing maintained
EVT431706,2025-06-23 21:12:51,Political Rally,J009,Majestic,12057,Weekday,False,Rain,True,12.5,False,False,0.476,Moderate,29.0,30.2,204.6,0.158,0.365,0.899,Light rain detected - minor speed reduction advised
EVT431707,2025-04-23 12:09:45,Trade Fair,J031,Cubbon Road,5808,Weekday,False,Clear,False,0.0,False,False,0.283,Low,29.4,17.5,188.0,0.163,0.377,0.97,Moderate traffic flow - standard adaptive signal timing in effect
EVT431708,2025-07-11 12:22:37,Local Market Day,J031,Cubbon Road,5105,Weekday,False,Clear,False,0.0,False,False,0.27,Low,32.0,16.7,149.8,0.113,0.26,0.963,Moderate traffic flow - standard adaptive signal timing in effect
EVT431709,2025-07-21 04:21:07,Local Market Day,J012,Koramangala Sony World,3816,Weekday,False,Heavy Rain,True,25.8,False,False,0.477,Moderate,24.9,30.2,249.8,0.173,0.399,0.885,Light rain detected - minor speed reduction advised
EVT431710,2026-01-27 20:36:25,Religious Festival,J023,Basavanagudi,47440,Weekday,True,Clear,False,0.0,False,True,1.0,Severe,8.4,93.8,688.0,0.249,0.575,0.856,Road closure for event/procession - full detour recommended for through-traffic
EVT431711,2026-05-06 08:17:36,Political Rally,J030,MG Road,8863,Weekday,False,Clear,False,0.0,False,False,0.937,Severe,9.3,63.8,586.2,0.209,0.483,0.926,Heavy congestion detected - signal timing extended and reroute suggested
EVT431712,2025-05-26 20:45:10,Local Market Day,J023,Basavanagudi,4216,Weekday,False,Clear,False,0.0,False,False,0.541,Moderate,20.3,41.4,344.8,0.236,0.546,0.956,Moderate traffic flow - standard adaptive signal timing in effect
EVT431713,2026-02-24 20:21:11,Trade Fair,J020,Malleshwaram Circle,6509,Weekday,False,Clear,False,0.0,False,False,0.709,High,20.7,51.4,324.3,0.22,0.508,0.968,Moderate traffic flow - standard adaptive signal timing in effect
EVT431714,2025-01-06 08:07:03,Local Market Day,J023,Basavanagudi,3126,Weekday,False,Clear,False,0.0,False,False,0.863,Severe,12.5,60.4,523.5,0.227,0.525,0.962,Heavy congestion detected - signal timing extended and reroute suggested
EVT431715,2025-08-16 17:37:45,Religious Festival,J040,City Market,24953,Weekend,True,Heavy Rain,True,32.1,False,False,1.0,Severe,7.9,67.2,484.7,0.15,0.347,0.811,Festival crowd surge detected - alternate route and extended cycle recommended
EVT431716,2025-09-22 15:06:07,Sports Fixture,J023,Basavanagudi,10496,Weekday,False,Heavy Rain,True,49.6,False,False,0.647,High,19.0,50.3,315.8,0.182,0.421,0.914,Heavy rain reducing visibility and grip - reduced speed and longer buffer advised
EVT431717,2026-04-29 14:21:25,Concert,J009,Majestic,9228,Weekday,False,Rain,True,14.3,True,False,0.72,High,15.2,59.6,244.6,0.116,0.269,0.762,Accident detected nearby - reroute and reduced speed advised
EVT431718,2025-06-02 16:41:54,Political Rally,J009,Majestic,16287,Weekday,False,Clear,False,0.0,False,False,0.726,High,16.4,54.9,170.4,0.097,0.224,0.952,Moderate traffic flow - standard adaptive signal timing in effect
EVT431719,2025-05-30 09:22:57,Sports Fixture,J012,Koramangala Sony World,10110,Weekday,False,Clear,False,0.0,False,False,0.989,Severe,7.5,72.5,511.8,0.157,0.362,0.896,Heavy congestion detected - signal timing extended and reroute suggested
EVT431720,2025-12-23 08:56:06,Local Market Day,J012,Koramangala Sony World,5017,Weekday,False,Clear,False,0.0,False,False,0.983,Severe,9.2,75.6,282.9,0.106,0.244,0.921,Heavy congestion detected - signal timing extended and reroute suggested
EVT431721,2026-01-11 19:14:41,Trade Fair,J030,MG Road,16762,Weekend,False,Clear,False,0.0,False,False,0.907,Severe,9.5,56.8,647.5,0.235,0.543,0.943,Heavy congestion detected - signal timing extended and reroute suggested
EVT431722,2025-10-18 13:22:20,Local Market Day,J009,Majestic,2531,Weekend,False,Clear,False,0.0,False,False,0.225,Low,32.8,9.2,88.9,0.082,0.19,0.949,Normal free-flow traffic - standard signal timing maintained
EVT431723,2025-08-14 17:36:41,Local Market Day,J031,Cubbon Road,2388,Weekday,False,Rain,True,9.9,False,False,0.986,Severe,6.5,71.2,674.2,0.186,0.431,0.871,Heavy rain reducing visibility and grip - reduced speed and longer buffer advised
EVT431724,2026-06-27 14:57:00,Sports Fixture,J030,MG Road,30514,Weekend,False,Clear,False,0.0,False,False,0.475,Moderate,23.1,34.9,190.7,0.122,0.282,0.984,Moderate traffic flow - standard adaptive signal timing in effect
EVT431725,2025-04-05 15:46:17,Local Market Day,J009,Majestic,2430,Weekend,False,Clear,False,0.0,False,False,0.433,Moderate,28.4,34.8,146.8,0.093,0.214,0.948,Moderate traffic flow - standard adaptive signal timing in effect
EVT431726,2025-05-17 07:09:04,Sports Fixture,J012,Koramangala Sony World,24278,Weekend,False,Clear,False,0.0,False,False,0.575,High,23.1,35.7,207.5,0.149,0.345,0.98,Moderate traffic flow - standard adaptive signal timing in effect
EVT431727,2026-03-16 09:09:33,Concert,J030,MG Road,4840,Weekday,False,Light Rain,True,1.7,False,False,1.0,Severe,9.2,71.5,230.8,0.116,0.269,0.839,Heavy rain reducing visibility and grip - reduced speed and longer buffer advised
EVT431728,2026-01-30 10:56:17,Trade Fair,J011,Indiranagar 100ft Road,8701,Weekday,False,Clear,False,0.0,False,False,0.469,Moderate,27.1,34.4,173.8,0.13,0.301,0.968,Moderate traffic flow - standard adaptive signal timing in effect
EVT431729,2025-01-03 04:26:29,Sports Fixture,J023,Basavanagudi,11414,Weekday,False,Clear,False,0.0,False,False,0.22,Low,29.6,14.7,101.3,0.085,0.196,0.973,Normal free-flow traffic - standard signal timing maintained
EVT431730,2025-05-11 17:24:31,Concert,J040,City Market,14534,Weekend,False,Clear,False,0.0,False,False,0.813,Severe,15.2,52.8,348.8,0.195,0.451,0.949,Heavy congestion detected - signal timing extended and reroute suggested
EVT431731,2025-08-27 07:57:15,Religious Festival,J011,Indiranagar 100ft Road,52885,Weekday,True,Light Rain,True,7.2,False,True,1.0,Severe,9.3,106.7,375.7,0.141,0.325,0.791,Road closure for event/procession - full detour recommended for through-traffic
EVT431732,2026-06-08 18:41:42,Sports Fixture,J030,MG Road,22094,Weekday,False,Clear,False,0.0,False,False,1.0,Severe,7.9,69.8,780.1,0.25,0.577,0.911,Heavy congestion detected - signal timing extended and reroute suggested
EVT431733,2025-01-04 19:49:32,Trade Fair,J011,Indiranagar 100ft Road,3922,Weekend,False,Clear,False,0.0,False,False,0.678,High,18.7,41.7,251.7,0.161,0.372,0.984,Moderate traffic flow - standard adaptive signal timing in effect
EVT431734,2025-12-09 18:40:20,Local Market Day,J023,Basavanagudi,5452,Weekday,False,Clear,False,0.0,False,False,1.0,Severe,6.8,69.0,729.1,0.212,0.489,0.933,Heavy congestion detected - signal timing extended and reroute suggested
EVT431735,2025-03-15 09:34:15,Fireworks Display,J023,Basavanagudi,26848,Weekend,True,Clear,False,0.0,False,False,1.0,Severe,9.4,66.9,337.2,0.139,0.321,0.848,Festival crowd surge detected - alternate route and extended cycle recommended
EVT431736,2026-04-24 07:26:52,Sports Fixture,J030,MG Road,30940,Weekday,False,Clear,False,0.0,False,False,0.718,High,21.2,47.8,145.3,0.087,0.2,0.94,Moderate traffic flow - standard adaptive signal timing in effect
EVT431737,2026-05-24 20:07:07,Sports Fixture,J020,Malleshwaram Circle,69366,Weekend,False,Clear,False,0.0,True,False,1.0,Severe,7.9,71.9,799.1,0.239,0.553,0.754,Accident detected nearby - reroute and reduced speed advised
EVT431738,2025-12-13 07:38:26,Sports Fixture,J023,Basavanagudi,14269,Weekend,False,Clear,False,0.0,False,False,0.643,High,17.7,47.9,333.7,0.186,0.43,0.986,Moderate traffic flow - standard adaptive signal timing in effect
EVT431739,2026-03-23 00:37:18,Concert,J020,Malleshwaram Circle,16752,Weekday,False,Fog,False,0.0,False,False,0.235,Low,32.6,14.5,160.9,0.124,0.286,0.959,Normal free-flow traffic - standard signal timing maintained
EVT431740,2026-02-06 06:04:48,Concert,J012,Koramangala Sony World,11385,Weekday,False,Clear,False,0.0,False,False,0.376,Moderate,31.0,31.4,99.5,0.085,0.197,0.99,Moderate traffic flow - standard adaptive signal timing in effect
EVT431741,2026-01-24 05:05:39,Local Market Day,J012,Koramangala Sony World,2774,Weekend,False,Clear,False,0.0,False,False,0.218,Low,38.0,16.4,109.0,0.107,0.248,0.966,Normal free-flow traffic - standard signal timing maintained
EVT431742,2026-01-17 16:10:38,Sports Fixture,J031,Cubbon Road,33443,Weekend,False,Fog,False,0.0,False,False,0.632,High,21.1,45.6,231.6,0.146,0.336,0.95,Moderate traffic flow - standard adaptive signal timing in effect
EVT431743,2025-03-22 13:05:40,Trade Fair,J009,Majestic,5008,Weekend,False,Clear,False,0.0,False,False,0.252,Low,32.9,15.2,207.9,0.182,0.421,0.986,Moderate traffic flow - standard adaptive signal timing in effect
EVT431744,2025-04-10 12:02:24,Local Market Day,J012,Koramangala Sony World,4448,Weekday,False,Clear,False,0.0,False,False,0.312,Low,24.7,16.3,121.4,0.077,0.178,0.96,Moderate traffic flow - standard adaptive signal timing in effect
EVT431745,2025-09-12 07:20:51,Concert,J012,Koramangala Sony World,8597,Weekday,False,Light Rain,True,2.0,False,False,0.671,High,23.0,49.6,158.4,0.1,0.232,0.921,Heavy rain reducing visibility and grip - reduced speed and longer buffer advised
EVT431746,2025-05-25 15:29:39,Concert,J040,City Market,6251,Weekend,False,Rain,True,15.9,False,False,0.497,Moderate,22.8,40.2,240.6,0.163,0.376,0.899,Light rain detected - minor speed reduction advised
EVT431747,2025-03-15 17:53:52,Religious Festival,J012,Koramangala Sony World,40113,Weekend,True,Clear,False,0.0,False,True,1.0,Severe,9.7,105.1,533.3,0.228,0.527,0.857,Road closure for event/procession - full detour recommended for through-traffic
EVT431748,2025-08-06 08:47:23,Local Market Day,J011,Indiranagar 100ft Road,2563,Weekday,False,Clear,False,0.0,False,False,0.968,Severe,7.8,68.2,227.8,0.084,0.193,0.911,Heavy congestion detected - signal timing extended and reroute suggested
EVT431749,2025-04-29 19:28:07,Local Market Day,J040,City Market,5066,Weekday,False,Clear,False,0.0,False,False,0.903,Severe,10.4,65.9,433.8,0.185,0.428,0.918,Heavy congestion detected - signal timing extended and reroute suggested
EVT431750,2026-04-14 17:11:03,Cultural Procession,J012,Koramangala Sony World,18324,Weekday,True,Clear,False,0.0,False,True,1.0,Severe,9.3,97.7,624.1,0.23,0.531,0.803,Road closure for event/procession - full detour recommended for through-traffic
EVT431751,2026-06-19 18:24:57,Sports Fixture,J020,Malleshwaram Circle,19672,Weekday,False,Rain,True,14.8,True,False,1.0,Severe,7.1,70.4,263.3,0.093,0.215,0.72,Accident detected nearby - reroute and reduced speed advised
EVT431752,2026-03-08 14:31:12,Sports Fixture,J009,Majestic,35483,Weekend,False,Fog,False,0.0,False,False,0.481,Moderate,26.7,38.3,180.4,0.133,0.308,0.984,Moderate traffic flow - standard adaptive signal timing in effect
EVT431753,2025-11-14 15:38:54,Sports Fixture,J031,Cubbon Road,24565,Weekday,False,Clear,False,0.0,False,False,0.42,Moderate,29.9,26.4,152.6,0.116,0.268,0.976,Moderate traffic flow - standard adaptive signal timing in effect
EVT431754,2025-10-17 20:55:39,Local Market Day,J031,Cubbon Road,4484,Weekday,False,Clear,False,0.0,False,False,0.453,Moderate,30.4,33.7,117.2,0.095,0.219,0.985,Moderate traffic flow - standard adaptive signal timing in effect
EVT431755,2025-05-19 17:06:18,Trade Fair,J012,Koramangala Sony World,10519,Weekday,False,Clear,False,0.0,False,False,0.819,Severe,15.4,61.1,312.6,0.178,0.411,0.937,Heavy congestion detected - signal timing extended and reroute suggested
EVT431756,2026-03-28 14:58:52,Political Rally,J040,City Market,12869,Weekend,False,Clear,False,0.0,False,False,0.29,Low,27.4,21.7,125.7,0.068,0.156,0.99,Moderate traffic flow - standard adaptive signal timing in effect
EVT431757,2026-03-24 08:46:42,Trade Fair,J009,Majestic,6002,Weekday,False,Clear,False,0.0,False,False,1.0,Severe,7.9,71.5,895.6,0.268,0.619,0.902,Heavy congestion detected - signal timing extended and reroute suggested
EVT431758,2025-02-20 10:59:07,Local Market Day,J011,Indiranagar 100ft Road,2094,Weekday,False,Clear,False,0.0,False,False,0.442,Moderate,22.5,38.8,180.0,0.114,0.262,0.962,Moderate traffic flow - standard adaptive signal timing in effect
EVT431759,2025-02-25 09:29:08,Local Market Day,J023,Basavanagudi,1754,Weekday,False,Clear,False,0.0,False,False,0.919,Severe,11.3,67.1,529.5,0.215,0.496,0.96,Heavy congestion detected - signal timing extended and reroute suggested
EVT431760,2025-03-26 16:27:38,Political Rally,J011,Indiranagar 100ft Road,17579,Weekday,False,Clear,False,0.0,False,False,0.641,High,18.8,46.4,304.9,0.191,0.441,0.948,Moderate traffic flow - standard adaptive signal timing in effect
EVT431761,2026-04-04 08:39:15,Trade Fair,J009,Majestic,13653,Weekend,False,Clear,False,0.0,False,False,0.906,Severe,14.4,68.3,336.1,0.187,0.432,0.937,Heavy congestion detected - signal timing extended and reroute suggested
EVT431762,2026-05-28 19:15:17,Trade Fair,J011,Indiranagar 100ft Road,17130,Weekday,False,Clear,False,0.0,False,False,1.0,Severe,9.5,73.5,542.4,0.212,0.49,0.918,Heavy congestion detected - signal timing extended and reroute suggested
EVT431763,2025-01-20 15:49:19,Local Market Day,J011,Indiranagar 100ft Road,3691,Weekday,False,Fog,False,0.0,False,False,0.301,Low,29.6,22.7,229.7,0.186,0.43,0.962,Moderate traffic flow - standard adaptive signal timing in effect
EVT431764,2025-03-14 00:57:22,Religious Festival,J011,Indiranagar 100ft Road,36448,Weekday,True,Clear,False,0.0,False,True,0.816,High,13.7,83.4,483.0,0.226,0.522,0.867,Road closure for event/procession - full detour recommended for through-traffic
EVT431765,2026-05-15 21:27:35,Local Market Day,J020,Malleshwaram Circle,3060,Weekday,False,Clear,False,0.0,False,False,0.267,Low,33.1,21.5,186.1,0.162,0.375,0.945,Moderate traffic flow - standard adaptive signal timing in effect
EVT431766,2025-04-14 13:33:56,Religious Festival,J020,Malleshwaram Circle,78119,Weekday,True,Clear,False,0.0,False,True,1.0,Severe,9.0,95.9,516.0,0.185,0.427,0.852,Road closure for event/procession - full detour recommended for through-traffic
EVT431767,2026-01-19 18:54:29,Local Market Day,J040,City Market,4788,Weekday,False,Clear,False,0.0,False,False,1.0,Severe,9.1,67.9,424.0,0.161,0.371,0.92,Heavy congestion detected - signal timing extended and reroute suggested
EVT431768,2025-11-03 10:05:51,Trade Fair,J020,Malleshwaram Circle,8422,Weekday,False,Clear,False,0.0,False,False,0.904,Severe,12.2,58.2,338.5,0.145,0.336,0.938,Heavy congestion detected - signal timing extended and reroute suggested
EVT431769,2025-11-01 08:28:35,Religious Festival,J020,Malleshwaram Circle,32861,Weekend,True,Heavy Rain,True,29.6,False,True,1.0,Severe,9.5,104.9,621.2,0.251,0.579,0.774,Road closure for event/procession - full detour recommended for through-traffic
EVT431770,2025-12-30 18:00:47,Local Market Day,J040,City Market,4462,Weekday,False,Clear,False,0.0,False,False,1.0,Severe,7.8,73.4,1052.8,0.311,0.718,0.895,Heavy congestion detected - signal timing extended and reroute suggested
EVT431771,2025-05-06 14:00:37,Political Rally,J023,Basavanagudi,15540,Weekday,False,Fog,False,0.0,False,False,0.231,Low,30.3,15.2,124.5,0.096,0.221,0.943,Normal free-flow traffic - standard signal timing maintained
EVT431772,2026-06-28 11:55:12,Concert,J009,Majestic,8120,Weekend,False,Rain,True,21.6,False,False,0.509,Moderate,24.9,38.9,318.1,0.225,0.519,0.937,Light rain detected - minor speed reduction advised
EVT431773,2025-03-20 15:28:08,Sports Fixture,J031,Cubbon Road,19863,Weekday,False,Clear,False,0.0,False,False,0.362,Moderate,34.6,24.0,96.4,0.091,0.211,0.968,Moderate traffic flow - standard adaptive signal timing in effect
EVT431774,2025-12-06 19:34:35,Local Market Day,J020,Malleshwaram Circle,4927,Weekend,False,Clear,False,0.0,False,False,0.744,High,13.6,55.8,430.0,0.213,0.492,0.959,Moderate traffic flow - standard adaptive signal timing in effect
EVT431775,2026-01-17 15:28:12,Trade Fair,J030,MG Road,9321,Weekend,False,Clear,False,0.0,False,False,0.403,Moderate,26.4,32.0,167.5,0.122,0.283,0.967,Moderate traffic flow - standard adaptive signal timing in effect
EVT431776,2025-11-07 19:30:42,Local Market Day,J020,Malleshwaram Circle,6359,Weekday,False,Clear,False,0.0,False,False,0.884,Severe,15.1,58.0,410.1,0.228,0.527,0.954,Heavy congestion detected - signal timing extended and reroute suggested
EVT431777,2026-04-28 15:39:55,Local Market Day,J040,City Market,3135,Weekday,False,Clear,False,0.0,False,False,0.288,Low,29.2,27.8,151.1,0.103,0.238,0.984,Moderate traffic flow - standard adaptive signal timing in effect
EVT431778,2025-06-11 18:29:22,Concert,J009,Majestic,6496,Weekday,False,Fog,False,0.0,False,False,1.0,Severe,9.1,73.1,198.4,0.073,0.169,0.935,Heavy congestion detected - signal timing extended and reroute suggested
EVT431779,2025-06-18 09:22:36,Trade Fair,J011,Indiranagar 100ft Road,6975,Weekday,False,Clear,False,0.0,False,False,0.988,Severe,7.4,70.1,240.5,0.096,0.221,0.897,Heavy congestion detected - signal timing extended and reroute suggested
EVT431780,2025-11-25 20:33:51,Trade Fair,J030,MG Road,4645,Weekday,False,Light Rain,True,2.5,False,False,0.689,High,19.6,50.4,147.3,0.093,0.215,0.905,Heavy rain reducing visibility and grip - reduced speed and longer buffer advised
EVT431781,2025-03-21 18:10:31,Local Market Day,J012,Koramangala Sony World,5443,Weekday,False,Clear,False,0.0,False,False,1.0,Severe,8.1,72.2,694.0,0.229,0.528,0.91,Heavy congestion detected - signal timing extended and reroute suggested
EVT431782,2025-02-04 19:47:32,Trade Fair,J023,Basavanagudi,11158,Weekday,False,Clear,False,0.0,False,False,0.802,Severe,10.7,59.1,346.9,0.128,0.296,0.958,Heavy congestion detected - signal timing extended and reroute suggested
EVT431783,2025-01-02 14:35:09,Concert,J030,MG Road,21749,Weekday,False,Clear,False,0.0,False,False,0.251,Low,37.0,12.4,125.7,0.116,0.268,0.975,Moderate traffic flow - standard adaptive signal timing in effect
EVT431784,2025-09-25 18:03:03,Sports Fixture,J030,MG Road,15586,Weekday,False,Heavy Rain,True,42.8,False,False,1.0,Severe,8.3,68.3,1086.0,0.381,0.88,0.866,Heavy rain reducing visibility and grip - reduced speed and longer buffer advised
EVT431785,2026-03-29 21:08:53,Concert,J023,Basavanagudi,22480,Weekend,False,Clear,False,0.0,False,False,0.535,Moderate,20.4,42.5,185.9,0.112,0.259,0.95,Moderate traffic flow - standard adaptive signal timing in effect
EVT431786,2025-03-15 07:43:45,Religious Festival,J023,Basavanagudi,43846,Weekend,True,Clear,False,0.0,False,True,1.0,Severe,9.3,98.2,483.7,0.197,0.455,0.812,Road closure for event/procession - full detour recommended for through-traffic
EVT431787,2025-08-05 15:47:57,Political Rally,J023,Basavanagudi,30523,Weekday,False,Clear,False,0.0,False,False,0.532,Moderate,21.6,37.2,182.0,0.121,0.28,0.975,Moderate traffic flow - standard adaptive signal timing in effect
EVT431788,2025-07-13 00:29:25,Sports Fixture,J030,MG Road,22438,Weekend,False,Clear,False,0.0,False,False,0.296,Low,35.0,25.1,99.3,0.091,0.21,0.974,Moderate traffic flow - standard adaptive signal timing in effect
EVT431789,2025-01-21 09:59:56,Sports Fixture,J012,Koramangala Sony World,16171,Weekday,False,Clear,False,0.0,False,False,0.89,Severe,10.9,63.2,356.1,0.131,0.302,0.923,Heavy congestion detected - signal timing extended and reroute suggested
EVT431790,2025-07-07 08:57:05,Concert,J009,Majestic,9282,Weekday,False,Clear,False,0.0,False,False,1.0,Severe,10.1,73.1,456.5,0.185,0.428,0.933,Heavy congestion detected - signal timing extended and reroute suggested
EVT431791,2025-03-01 18:57:43,Concert,J012,Koramangala Sony World,15560,Weekend,False,Clear,False,0.0,False,False,0.961,Severe,10.3,67.2,565.5,0.219,0.507,0.916,Heavy congestion detected - signal timing extended and reroute suggested
EVT431792,2026-03-12 05:24:26,Trade Fair,J009,Majestic,10452,Weekday,False,Clear,False,0.0,False,False,0.205,Low,38.5,18.4,86.5,0.085,0.196,0.947,Normal free-flow traffic - standard signal timing maintained
EVT431793,2025-09-03 21:04:13,Local Market Day,J009,Majestic,5516,Weekday,False,Light Rain,True,5.8,False,False,0.58,High,17.9,35.7,273.0,0.147,0.34,0.918,Heavy rain reducing visibility and grip - reduced speed and longer buffer advised
EVT431794,2026-04-04 10:57:52,Sports Fixture,J031,Cubbon Road,23279,Weekend,False,Clear,False,0.0,False,False,0.613,High,22.5,41.2,370.1,0.263,0.608,0.948,Moderate traffic flow - standard adaptive signal timing in effect
EVT431795,2025-04-20 23:39:35,Sports Fixture,J020,Malleshwaram Circle,43191,Weekend,False,Clear,False,0.0,False,False,0.405,Moderate,26.0,33.2,219.2,0.169,0.39,0.986,Moderate traffic flow - standard adaptive signal timing in effect
EVT431796,2025-10-20 18:05:40,Cultural Procession,J023,Basavanagudi,26589,Weekday,True,Clear,False,0.0,False,False,1.0,Severe,7.3,70.8,537.6,0.16,0.369,0.838,Festival crowd surge detected - alternate route and extended cycle recommended
EVT431797,2025-09-17 07:57:54,Concert,J023,Basavanagudi,11078,Weekday,False,Heavy Rain,True,40.6,False,False,1.0,Severe,7.9,73.1,613.5,0.221,0.511,0.856,Heavy rain reducing visibility and grip - reduced speed and longer buffer advised
EVT431798,2025-12-13 19:12:30,Concert,J012,Koramangala Sony World,9264,Weekend,False,Clear,False,0.0,False,False,0.877,Severe,12.8,63.0,454.8,0.194,0.447,0.912,Heavy congestion detected - signal timing extended and reroute suggested
EVT431799,2026-01-07 17:52:01,Local Market Day,J011,Indiranagar 100ft Road,4657,Weekday,False,Clear,False,0.0,False,False,0.966,Severe,8.7,66.6,428.1,0.172,0.396,0.902,Heavy congestion detected - signal timing extended and reroute suggested
EVT431800,2025-03-07 21:26:33,Political Rally,J009,Majestic,22716,Weekday,False,Clear,False,0.0,False,False,0.466,Moderate,21.9,29.2,88.5,0.065,0.151,0.98,Moderate traffic flow - standard adaptive signal timing in effect
EVT431801,2025-08-19 18:09:19,Local Market Day,J031,Cubbon Road,4003,Weekday,False,Clear,False,0.0,False,False,0.878,Severe,12.6,61.6,249.0,0.138,0.319,0.922,Heavy congestion detected - signal timing extended and reroute suggested
EVT431802,2025-04-02 08:59:10,Local Market Day,J030,MG Road,5384,Weekday,False,Clear,False,0.0,False,False,1.0,Severe,9.1,76.1,389.7,0.143,0.33,0.901,Heavy congestion detected - signal timing extended and reroute suggested
EVT431803,2025-09-05 18:56:28,Religious Festival,J020,Malleshwaram Circle,43111,Weekday,True,Rain,True,11.8,False,False,1.0,Severe,7.3,71.0,458.5,0.138,0.318,0.803,Festival crowd surge detected - alternate route and extended cycle recommended
EVT431804,2025-09-05 13:43:39,Religious Festival,J020,Malleshwaram Circle,76888,Weekday,True,Clear,False,0.0,False,True,0.958,Severe,11.2,92.0,448.6,0.201,0.464,0.851,Road closure for event/procession - full detour recommended for through-traffic
EVT431805,2025-03-19 11:13:06,Sports Fixture,J011,Indiranagar 100ft Road,11675,Weekday,False,Clear,False,0.0,False,False,0.451,Moderate,23.7,31.0,176.6,0.125,0.289,0.959,Moderate traffic flow - standard adaptive signal timing in effect
EVT431806,2025-09-19 19:20:08,Local Market Day,J009,Majestic,4923,Weekday,False,Heavy Rain,True,26.5,False,False,1.0,Severe,7.3,67.0,583.4,0.195,0.451,0.882,Heavy rain reducing visibility and grip - reduced speed and longer buffer advised
EVT431807,2026-06-18 19:59:08,Political Rally,J012,Koramangala Sony World,12847,Weekday,False,Heavy Rain,True,34.9,False,False,1.0,Severe,7.4,73.2,824.1,0.257,0.594,0.865,Heavy rain reducing visibility and grip - reduced speed and longer buffer advised
EVT431808,2025-02-13 12:06:17,Local Market Day,J012,Koramangala Sony World,6323,Weekday,False,Clear,False,0.0,False,False,0.208,Low,27.1,18.1,143.0,0.111,0.257,0.958,Normal free-flow traffic - standard signal timing maintained
EVT431809,2025-07-27 14:03:47,Local Market Day,J009,Majestic,4825,Weekend,False,Clear,False,0.0,False,False,0.253,Low,38.5,17.3,144.1,0.144,0.333,0.969,Moderate traffic flow - standard adaptive signal timing in effect
EVT431810,2025-08-31 00:06:29,Local Market Day,J040,City Market,4095,Weekend,False,Rain,True,18.5,False,False,0.398,Moderate,25.5,28.6,70.9,0.046,0.106,0.907,Light rain detected - minor speed reduction advised
EVT431811,2025-02-04 09:53:29,Local Market Day,J009,Majestic,2957,Weekday,False,Clear,False,0.0,False,False,0.838,Severe,14.1,56.0,393.4,0.205,0.474,0.966,Heavy congestion detected - signal timing extended and reroute suggested
EVT431812,2025-11-24 19:39:32,Local Market Day,J031,Cubbon Road,4164,Weekday,False,Clear,False,0.0,False,False,0.825,Severe,14.4,59.3,341.1,0.17,0.392,0.942,Heavy congestion detected - signal timing extended and reroute suggested
EVT431813,2026-03-26 10:26:02,Cultural Procession,J023,Basavanagudi,15185,Weekday,True,Clear,False,0.0,False,False,0.881,Severe,11.1,64.0,366.3,0.138,0.319,0.894,Festival crowd surge detected - alternate route and extended cycle recommended
EVT431814,2026-03-24 13:41:59,Sports Fixture,J030,MG Road,36652,Weekday,False,Clear,False,0.0,False,False,0.288,Low,35.1,16.1,185.5,0.183,0.422,0.971,Moderate traffic flow - standard adaptive signal timing in effect
EVT431815,2025-05-27 20:51:49,Local Market Day,J012,Koramangala Sony World,2985,Weekday,False,Clear,False,0.0,False,False,0.434,Moderate,27.4,28.8,129.1,0.099,0.228,0.98,Moderate traffic flow - standard adaptive signal timing in effect
EVT431816,2025-12-05 20:16:42,Political Rally,J023,Basavanagudi,8318,Weekday,False,Light Rain,True,6.2,False,False,0.703,High,24.9,47.0,138.1,0.114,0.263,0.924,Heavy rain reducing visibility and grip - reduced speed and longer buffer advised
EVT431817,2026-05-12 19:03:48,Local Market Day,J040,City Market,4857,Weekday,False,Clear,False,0.0,False,False,1.0,Severe,8.6,69.8,764.9,0.259,0.598,0.901,Heavy congestion detected - signal timing extended and reroute suggested
EVT431818,2025-10-06 20:37:10,Sports Fixture,J011,Indiranagar 100ft Road,25203,Weekday,False,Clear,False,0.0,False,False,0.656,High,20.0,46.6,221.6,0.154,0.355,0.96,Moderate traffic flow - standard adaptive signal timing in effect
EVT431819,2026-01-07 14:54:40,Sports Fixture,J011,Indiranagar 100ft Road,32401,Weekday,False,Clear,False,0.0,False,False,0.392,Moderate,32.9,28.6,187.0,0.14,0.323,0.957,Moderate traffic flow - standard adaptive signal timing in effect
EVT431820,2026-02-16 10:21:44,Trade Fair,J011,Indiranagar 100ft Road,9727,Weekday,False,Clear,False,0.0,False,False,0.684,High,15.1,43.1,181.0,0.097,0.224,0.936,Moderate traffic flow - standard adaptive signal timing in effect
EVT431821,2025-04-26 17:56:06,Trade Fair,J012,Koramangala Sony World,3574,Weekend,False,Clear,False,0.0,False,False,0.842,Severe,15.1,64.3,272.9,0.131,0.304,0.975,Heavy congestion detected - signal timing extended and reroute suggested
EVT431822,2026-06-09 13:28:59,Sports Fixture,J009,Majestic,15555,Weekday,False,Rain,True,21.8,False,False,0.47,Moderate,25.9,28.3,152.6,0.115,0.266,0.901,Light rain detected - minor speed reduction advised
EVT431823,2026-01-12 06:09:06,Concert,J023,Basavanagudi,13222,Weekday,False,Clear,False,0.0,False,False,0.302,Low,28.0,19.1,197.5,0.164,0.379,0.933,Moderate traffic flow - standard adaptive signal timing in effect
EVT431824,2025-08-13 21:06:13,Trade Fair,J040,City Market,13350,Weekday,False,Clear,False,0.0,False,False,0.536,Moderate,22.4,40.4,286.7,0.182,0.42,0.941,Moderate traffic flow - standard adaptive signal timing in effect
EVT431825,2025-03-15 17:52:34,Religious Festival,J009,Majestic,38004,Weekend,True,Clear,False,0.0,False,True,1.0,Severe,8.4,100.7,978.0,0.343,0.791,0.828,Road closure for event/procession - full detour recommended for through-traffic
EVT431826,2025-04-02 22:04:20,Political Rally,J012,Koramangala Sony World,11124,Weekday,False,Clear,False,0.0,False,False,0.311,Low,29.5,24.2,186.4,0.141,0.326,0.971,Moderate traffic flow - standard adaptive signal timing in effect
EVT431827,2025-08-18 18:20:50,Concert,J012,Koramangala Sony World,25989,Weekday,False,Rain,True,18.5,False,False,1.0,Severe,8.5,69.9,493.5,0.177,0.409,0.871,Heavy rain reducing visibility and grip - reduced speed and longer buffer advised
EVT431828,2025-04-04 07:34:09,Local Market Day,J011,Indiranagar 100ft Road,5054,Weekday,False,Fog,False,0.0,False,False,0.649,High,19.5,43.7,145.5,0.093,0.214,0.959,Moderate traffic flow - standard adaptive signal timing in effect
EVT431829,2026-04-22 09:03:13,Concert,J020,Malleshwaram Circle,12362,Weekday,False,Clear,False,0.0,False,False,1.0,Severe,9.2,72.4,318.6,0.131,0.303,0.937,Heavy congestion detected - signal timing extended and reroute suggested
EVT431830,2025-12-27 08:19:16,Concert,J030,MG Road,16766,Weekend,False,Clear,False,0.0,False,False,0.86,Severe,13.7,65.7,278.4,0.122,0.281,0.954,Heavy congestion detected - signal timing extended and reroute suggested
EVT431831,2025-11-03 12:40:30,Local Market Day,J009,Majestic,4778,Weekday,False,Light Rain,True,0.9,False,False,0.285,Low,32.0,20.7,103.4,0.091,0.209,0.893,Light rain detected - minor speed reduction advised
EVT431832,2025-06-30 16:19:30,Sports Fixture,J031,Cubbon Road,30097,Weekday,False,Heavy Rain,True,37.1,True,False,1.0,Severe,9.9,68.7,290.1,0.135,0.312,0.682,Accident detected nearby - reroute and reduced speed advised
EVT431833,2025-09-05 10:37:53,Fireworks Display,J023,Basavanagudi,19220,Weekday,True,Rain,True,12.7,False,False,1.0,Severe,6.9,69.9,946.0,0.253,0.585,0.803,Festival crowd surge detected - alternate route and extended cycle recommended
EVT431834,2026-03-31 16:35:17,Concert,J011,Indiranagar 100ft Road,10916,Weekday,False,Clear,False,0.0,False,False,0.64,High,23.9,46.6,235.4,0.183,0.423,0.969,Moderate traffic flow - standard adaptive signal timing in effect
EVT431835,2025-05-16 16:03:31,Concert,J040,City Market,16223,Weekday,False,Rain,True,22.3,False,False,0.804,Severe,15.3,62.0,138.3,0.055,0.127,0.891,Heavy rain reducing visibility and grip - reduced speed and longer buffer advised
EVT431836,2025-06-29 19:08:49,Concert,J009,Majestic,17836,Weekend,False,Rain,True,20.2,False,False,1.0,Severe,10.2,71.9,535.3,0.234,0.542,0.874,Heavy rain reducing visibility and grip - reduced speed and longer buffer advised
EVT431837,2025-06-14 06:49:58,Sports Fixture,J030,MG Road,21801,Weekend,False,Clear,False,0.0,False,False,0.45,Moderate,19.4,36.5,242.0,0.157,0.362,0.982,Moderate traffic flow - standard adaptive signal timing in effect
EVT431838,2025-03-09 08:49:36,Local Market Day,J040,City Market,5866,Weekend,False,Clear,False,0.0,False,False,0.923,Severe,10.4,60.2,608.6,0.239,0.552,0.965,Heavy congestion detected - signal timing extended and reroute suggested
EVT431839,2025-10-30 19:03:48,Sports Fixture,J040,City Market,24629,Weekday,False,Heavy Rain,True,34.6,False,False,1.0,Severe,9.0,69.9,877.0,0.314,0.726,0.858,Heavy rain reducing visibility and grip - reduced speed and longer buffer advised
EVT431840,2025-11-26 10:40:51,Trade Fair,J009,Majestic,7038,Weekday,False,Clear,False,0.0,False,False,0.603,High,25.3,41.2,177.8,0.127,0.293,0.96,Moderate traffic flow - standard adaptive signal timing in effect
EVT431841,2025-10-17 18:37:21,Local Market Day,J011,Indiranagar 100ft Road,4913,Weekday,False,Clear,False,0.0,False,False,0.955,Severe,9.2,67.4,531.6,0.198,0.457,0.903,Heavy congestion detected - signal timing extended and reroute suggested
EVT431842,2025-03-21 20:41:57,Concert,J020,Malleshwaram Circle,12342,Weekday,False,Clear,False,0.0,False,False,0.506,Moderate,22.9,33.8,220.1,0.165,0.38,0.981,Moderate traffic flow - standard adaptive signal timing in effect
EVT431843,2026-05-11 06:30:20,Local Market Day,J030,MG Road,4724,Weekday,False,Clear,False,0.0,False,False,0.321,Low,26.8,25.9,165.7,0.136,0.313,0.973,Moderate traffic flow - standard adaptive signal timing in effect
EVT431844,2026-01-23 14:23:06,Local Market Day,J031,Cubbon Road,3703,Weekday,False,Clear,False,0.0,False,False,0.185,Low,30.8,14.2,60.0,0.051,0.118,0.97,Normal free-flow traffic - standard signal timing maintained
EVT431845,2025-11-03 15:55:52,Political Rally,J020,Malleshwaram Circle,25825,Weekday,False,Clear,False,0.0,False,False,0.586,High,18.8,43.8,102.2,0.036,0.083,0.946,Moderate traffic flow - standard adaptive signal timing in effect
EVT431846,2026-02-28 05:29:05,Local Market Day,J011,Indiranagar 100ft Road,5560,Weekend,False,Clear,False,0.0,False,False,0.319,Low,25.9,21.3,167.3,0.119,0.276,0.969,Moderate traffic flow - standard adaptive signal timing in effect
EVT431847,2026-04-26 18:13:52,Trade Fair,J030,MG Road,6319,Weekend,False,Clear,False,0.0,False,False,0.845,Severe,15.5,58.3,221.2,0.123,0.284,0.937,Heavy congestion detected - signal timing extended and reroute suggested
EVT431848,2025-12-20 13:31:28,Local Market Day,J040,City Market,4584,Weekend,False,Clear,False,0.0,False,False,0.221,Low,35.8,15.3,196.3,0.17,0.392,0.972,Normal free-flow traffic - standard signal timing maintained
EVT431849,2026-01-16 11:28:59,Trade Fair,J009,Majestic,10620,Weekday,False,Clear,False,0.0,False,False,0.35,Moderate,30.3,22.0,158.3,0.122,0.282,0.974,Moderate traffic flow - standard adaptive signal timing in effect
EVT431850,2025-12-15 16:28:58,Sports Fixture,J030,MG Road,31229,Weekday,False,Clear,False,0.0,False,False,0.712,High,18.4,54.7,258.4,0.154,0.355,0.951,Moderate traffic flow - standard adaptive signal timing in effect
EVT431851,2026-06-06 13:23:49,Concert,J009,Majestic,20970,Weekend,False,Heavy Rain,True,50.5,False,False,0.702,High,20.8,48.3,422.5,0.259,0.599,0.928,Heavy rain reducing visibility and grip - reduced speed and longer buffer advised
EVT431852,2025-04-16 13:59:30,Local Market Day,J011,Indiranagar 100ft Road,4752,Weekday,False,Clear,False,0.0,False,False,0.252,Low,28.6,17.8,224.2,0.166,0.382,0.941,Moderate traffic flow - standard adaptive signal timing in effect
EVT431853,2026-06-23 08:01:04,Political Rally,J030,MG Road,17086,Weekday,False,Heavy Rain,True,49.4,False,False,1.0,Severe,8.4,67.2,236.9,0.091,0.211,0.851,Heavy rain reducing visibility and grip - reduced speed and longer buffer advised
EVT431854,2025-04-12 13:51:28,Political Rally,J023,Basavanagudi,17988,Weekend,False,Clear,False,0.0,False,False,0.339,Low,31.6,22.1,116.5,0.105,0.243,0.973,Moderate traffic flow - standard adaptive signal timing in effect
EVT431855,2025-03-03 15:40:38,Local Market Day,J030,MG Road,5192,Weekday,False,Light Rain,True,2.5,False,False,0.351,Moderate,30.4,26.7,316.2,0.269,0.622,0.914,Light rain detected - minor speed reduction advised
EVT431856,2025-03-07 11:35:18,Political Rally,J011,Indiranagar 100ft Road,23330,Weekday,False,Clear,False,0.0,False,False,0.399,Moderate,24.4,24.2,332.3,0.199,0.461,0.959,Moderate traffic flow - standard adaptive signal timing in effect
EVT431857,2026-04-16 16:01:47,Concert,J040,City Market,11024,Weekday,False,Clear,False,0.0,False,False,0.478,Moderate,24.4,34.9,143.0,0.097,0.225,0.96,Moderate traffic flow - standard adaptive signal timing in effect
EVT431858,2025-03-01 09:22:22,Sports Fixture,J040,City Market,24921,Weekend,False,Clear,False,0.0,False,False,0.903,Severe,11.0,64.8,514.5,0.224,0.517,0.926,Heavy congestion detected - signal timing extended and reroute suggested
EVT431859,2025-01-18 22:23:06,Local Market Day,J040,City Market,4316,Weekend,False,Clear,False,0.0,False,False,0.282,Low,30.2,19.6,199.0,0.153,0.353,0.947,Moderate traffic flow - standard adaptive signal timing in effect
EVT431860,2025-09-08 11:12:06,Sports Fixture,J031,Cubbon Road,35533,Weekday,False,Clear,False,0.0,False,False,0.524,Moderate,21.1,41.2,279.8,0.192,0.444,0.981,Moderate traffic flow - standard adaptive signal timing in effect
EVT431861,2025-10-11 23:07:05,Trade Fair,J012,Koramangala Sony World,6229,Weekend,False,Clear,False,0.0,False,False,0.114,Low,42.4,15.3,63.2,0.067,0.154,0.964,Normal free-flow traffic - standard signal timing maintained
EVT431862,2025-12-23 10:47:17,Sports Fixture,J020,Malleshwaram Circle,19389,Weekday,False,Light Rain,True,3.5,False,False,0.691,High,21.6,51.3,244.0,0.17,0.392,0.906,Heavy rain reducing visibility and grip - reduced speed and longer buffer advised
EVT431863,2026-05-18 14:52:19,Sports Fixture,J011,Indiranagar 100ft Road,17881,Weekday,False,Clear,False,0.0,False,False,0.32,Low,26.7,23.4,107.1,0.085,0.197,0.96,Moderate traffic flow - standard adaptive signal timing in effect
EVT431864,2025-06-04 08:14:04,Local Market Day,J040,City Market,4127,Weekday,False,Heavy Rain,True,52.5,False,False,1.0,Severe,7.6,74.1,361.6,0.115,0.265,0.864,Heavy rain reducing visibility and grip - reduced speed and longer buffer advised
EVT431865,2025-10-23 16:13:37,Sports Fixture,J031,Cubbon Road,19867,Weekday,False,Fog,False,0.0,False,False,0.569,High,23.1,41.5,253.3,0.198,0.457,0.952,Moderate traffic flow - standard adaptive signal timing in effect
EVT431866,2025-07-31 17:59:04,Local Market Day,J009,Majestic,4085,Weekday,False,Heavy Rain,True,48.7,False,False,1.0,Severe,8.2,67.2,925.4,0.308,0.711,0.854,Heavy rain reducing visibility and grip - reduced speed and longer buffer advised
EVT431867,2025-10-21 18:13:17,Religious Festival,J031,Cubbon Road,65651,Weekday,True,Rain,True,11.7,False,False,1.0,Severe,8.4,71.3,513.1,0.179,0.415,0.813,Festival crowd surge detected - alternate route and extended cycle recommended
EVT431868,2025-01-16 12:04:55,Trade Fair,J030,MG Road,12724,Weekday,False,Clear,False,0.0,False,False,0.33,Low,40.8,19.9,106.0,0.105,0.243,0.949,Moderate traffic flow - standard adaptive signal timing in effect
EVT431869,2025-08-19 18:10:56,Trade Fair,J040,City Market,12517,Weekday,False,Light Rain,True,7.3,False,False,1.0,Severe,7.7,72.0,843.6,0.259,0.599,0.866,Heavy rain reducing visibility and grip - reduced speed and longer buffer advised
EVT431870,2025-02-27 16:12:09,Local Market Day,J009,Majestic,5907,Weekday,False,Clear,False,0.0,False,False,0.477,Moderate,23.7,38.5,198.9,0.14,0.324,0.961,Moderate traffic flow - standard adaptive signal timing in effect
EVT431871,2025-01-31 11:25:28,Local Market Day,J030,MG Road,4080,Weekday,False,Clear,False,0.0,False,False,0.27,Low,32.5,16.5,185.9,0.159,0.367,0.957,Moderate traffic flow - standard adaptive signal timing in effect
EVT431872,2025-08-19 16:15:03,Local Market Day,J040,City Market,2711,Weekday,False,Heavy Rain,True,38.8,False,False,0.803,Severe,16.0,58.2,380.9,0.212,0.489,0.89,Heavy rain reducing visibility and grip - reduced speed and longer buffer advised
EVT431873,2026-04-07 00:13:11,Sports Fixture,J011,Indiranagar 100ft Road,18734,Weekday,False,Clear,False,0.0,False,False,0.276,Low,30.7,17.6,101.5,0.073,0.17,0.979,Moderate traffic flow - standard adaptive signal timing in effect
EVT431874,2025-04-23 11:23:56,Trade Fair,J011,Indiranagar 100ft Road,4428,Weekday,False,Fog,False,0.0,False,False,0.272,Low,31.1,14.3,101.9,0.074,0.171,0.971,Moderate traffic flow - standard adaptive signal timing in effect
EVT431875,2025-11-18 08:53:31,Sports Fixture,J020,Malleshwaram Circle,31543,Weekday,False,Clear,False,0.0,False,False,1.0,Severe,8.3,73.6,592.6,0.218,0.504,0.946,Heavy congestion detected - signal timing extended and reroute suggested
EVT431876,2025-08-27 03:08:14,Cultural Procession,J011,Indiranagar 100ft Road,17032,Weekday,True,Clear,False,0.0,False,False,0.412,Moderate,25.1,28.6,236.5,0.166,0.383,0.933,Moderate traffic flow - standard adaptive signal timing in effect
EVT431877,2025-03-16 06:23:56,Local Market Day,J023,Basavanagudi,4791,Weekend,False,Clear,False,0.0,False,False,0.312,Low,26.1,21.6,200.0,0.153,0.355,0.951,Moderate traffic flow - standard adaptive signal timing in effect
EVT431878,2025-03-14 11:41:52,Religious Festival,J009,Majestic,45065,Weekday,True,Clear,False,0.0,False,False,0.791,Severe,12.8,56.7,552.0,0.254,0.587,0.915,Festival crowd surge detected - alternate route and extended cycle recommended
EVT431879,2025-02-13 23:25:21,Sports Fixture,J020,Malleshwaram Circle,17443,Weekday,False,Clear,False,0.0,False,False,0.209,Low,33.6,11.7,112.5,0.095,0.219,0.96,Normal free-flow traffic - standard signal timing maintained
EVT431880,2025-07-20 18:24:35,Local Market Day,J030,MG Road,3960,Weekend,False,Clear,False,0.0,False,False,0.946,Severe,10.5,64.7,410.1,0.162,0.373,0.911,Heavy congestion detected - signal timing extended and reroute suggested
EVT431881,2026-06-16 05:31:40,Trade Fair,J020,Malleshwaram Circle,9831,Weekday,False,Clear,False,0.0,False,False,0.205,Low,27.3,11.9,154.7,0.121,0.279,0.953,Normal free-flow traffic - standard signal timing maintained
EVT431882,2025-03-26 13:34:34,Concert,J040,City Market,26793,Weekday,False,Rain,True,12.6,False,False,0.495,Moderate,22.7,37.6,150.7,0.089,0.205,0.916,Light rain detected - minor speed reduction advised
EVT431883,2026-03-29 08:34:11,Sports Fixture,J030,MG Road,22343,Weekend,False,Clear,False,0.0,False,False,0.914,Severe,10.6,65.0,206.7,0.081,0.187,0.939,Heavy congestion detected - signal timing extended and reroute suggested
EVT431884,2026-06-09 17:49:21,Local Market Day,J030,MG Road,5886,Weekday,False,Clear,False,0.0,False,False,0.951,Severe,10.3,61.8,446.3,0.189,0.437,0.936,Heavy congestion detected - signal timing extended and reroute suggested
EVT431885,2025-05-09 20:10:26,Sports Fixture,J009,Majestic,20613,Weekday,False,Clear,False,0.0,False,False,0.822,Severe,16.1,58.4,298.2,0.178,0.411,0.934,Heavy congestion detected - signal timing extended and reroute suggested
EVT431886,2025-01-26 21:14:26,Fireworks Display,J040,City Market,36898,Weekend,True,Clear,False,0.0,False,False,0.814,Severe,13.6,64.9,438.6,0.219,0.505,0.906,Festival crowd surge detected - alternate route and extended cycle recommended
EVT431887,2025-01-05 09:46:11,Concert,J012,Koramangala Sony World,18658,Weekend,False,Clear,False,0.0,False,False,0.838,Severe,13.8,62.3,315.0,0.165,0.38,0.932,Heavy congestion detected - signal timing extended and reroute suggested
EVT431888,2025-06-18 09:42:42,Local Market Day,J030,MG Road,4285,Weekday,False,Clear,False,0.0,False,False,0.889,Severe,11.8,62.6,294.3,0.133,0.308,0.931,Heavy congestion detected - signal timing extended and reroute suggested
EVT431889,2025-06-21 16:55:39,Sports Fixture,J023,Basavanagudi,12106,Weekend,False,Clear,False,0.0,False,False,0.658,High,14.5,55.2,415.6,0.193,0.445,0.922,Moderate traffic flow - standard adaptive signal timing in effect
EVT431890,2026-03-12 02:58:02,Sports Fixture,J031,Cubbon Road,36907,Weekday,False,Light Rain,True,2.8,False,False,0.482,Moderate,23.5,42.0,189.1,0.128,0.296,0.906,Light rain detected - minor speed reduction advised
EVT431891,2026-05-10 09:08:45,Local Market Day,J012,Koramangala Sony World,4438,Weekend,False,Rain,True,17.9,False,False,1.0,Severe,8.9,69.1,948.5,0.343,0.793,0.879,Heavy rain reducing visibility and grip - reduced speed and longer buffer advised
EVT431892,2025-11-14 17:38:14,Sports Fixture,J023,Basavanagudi,18283,Weekday,False,Clear,False,0.0,False,False,0.955,Severe,9.9,71.1,478.6,0.191,0.441,0.937,Heavy congestion detected - signal timing extended and reroute suggested
EVT431893,2025-06-11 13:40:30,Political Rally,J040,City Market,11891,Weekday,False,Clear,False,0.0,False,False,0.178,Low,45.1,9.8,116.1,0.134,0.309,0.97,Normal free-flow traffic - standard signal timing maintained
EVT431894,2025-02-26 16:41:24,Local Market Day,J031,Cubbon Road,2853,Weekday,False,Clear,False,0.0,False,False,0.547,Moderate,34.8,39.0,151.4,0.138,0.32,0.975,Moderate traffic flow - standard adaptive signal timing in effect
EVT431895,2025-12-09 08:21:41,Concert,J031,Cubbon Road,10327,Weekday,False,Clear,False,0.0,False,False,0.997,Severe,8.2,66.5,632.5,0.214,0.494,0.928,Heavy congestion detected - signal timing extended and reroute suggested
EVT431896,2026-06-23 14:47:12,Concert,J023,Basavanagudi,8756,Weekday,False,Clear,False,0.0,False,False,0.259,Low,29.9,11.0,220.0,0.189,0.437,0.944,Moderate traffic flow - standard adaptive signal timing in effect
EVT431897,2025-11-18 08:53:25,Local Market Day,J031,Cubbon Road,4157,Weekday,False,Clear,False,0.0,False,False,0.987,Severe,7.5,69.7,588.5,0.19,0.439,0.951,Heavy congestion detected - signal timing extended and reroute suggested
EVT431898,2025-04-30 10:51:36,Trade Fair,J031,Cubbon Road,8326,Weekday,False,Clear,False,0.0,False,False,0.479,Moderate,18.6,29.3,146.7,0.084,0.194,0.949,Moderate traffic flow - standard adaptive signal timing in effect
EVT431899,2025-05-31 16:06:18,Trade Fair,J023,Basavanagudi,13338,Weekend,False,Clear,False,0.0,False,False,0.438,Moderate,24.8,22.8,90.2,0.057,0.132,0.982,Moderate traffic flow - standard adaptive signal timing in effect
EVT431900,2025-02-05 16:23:35,Local Market Day,J040,City Market,5285,Weekday,False,Clear,False,0.0,False,False,0.438,Moderate,27.9,36.2,121.5,0.089,0.205,0.949,Moderate traffic flow - standard adaptive signal timing in effect
EVT431901,2025-03-10 20:09:39,Trade Fair,J040,City Market,20105,Weekday,False,Clear,False,0.0,False,False,0.706,High,20.2,52.8,257.6,0.161,0.371,0.955,Moderate traffic flow - standard adaptive signal timing in effect
EVT431902,2026-03-15 18:49:20,Political Rally,J031,Cubbon Road,13051,Weekend,False,Fog,False,0.0,False,False,0.921,Severe,9.6,69.2,263.9,0.104,0.24,0.934,Heavy congestion detected - signal timing extended and reroute suggested
EVT431903,2025-07-06 06:44:52,Concert,J030,MG Road,10074,Weekend,False,Heavy Rain,True,56.3,False,False,0.767,Severe,15.7,53.4,230.4,0.123,0.284,0.91,Heavy rain reducing visibility and grip - reduced speed and longer buffer advised
EVT431904,2025-06-02 19:29:12,Local Market Day,J023,Basavanagudi,2140,Weekday,False,Clear,False,0.0,False,False,0.838,Severe,12.8,55.6,367.0,0.182,0.421,0.944,Heavy congestion detected - signal timing extended and reroute suggested
EVT431905,2026-01-13 13:07:29,Sports Fixture,J040,City Market,13015,Weekday,False,Clear,False,0.0,False,False,0.177,Low,38.8,9.5,67.3,0.076,0.176,0.987,Normal free-flow traffic - standard signal timing maintained
EVT431906,2025-05-15 19:43:30,Concert,J023,Basavanagudi,12336,Weekday,False,Clear,False,0.0,False,False,0.868,Severe,11.4,59.1,382.3,0.183,0.422,0.966,Heavy congestion detected - signal timing extended and reroute suggested
EVT431907,2025-02-14 17:11:50,Trade Fair,J030,MG Road,8966,Weekday,False,Clear,False,0.0,False,False,0.873,Severe,13.1,66.1,503.4,0.246,0.567,0.956,Heavy congestion detected - signal timing extended and reroute suggested
EVT431908,2025-06-15 17:51:01,Political Rally,J011,Indiranagar 100ft Road,9945,Weekend,False,Clear,False,0.0,False,False,0.832,Severe,13.4,61.8,398.6,0.206,0.476,0.956,Heavy congestion detected - signal timing extended and reroute suggested
EVT431909,2026-04-05 14:53:41,Concert,J020,Malleshwaram Circle,12935,Weekend,False,Fog,False,0.0,False,False,0.364,Moderate,27.6,24.3,64.5,0.047,0.109,0.973,Moderate traffic flow - standard adaptive signal timing in effect
EVT431910,2025-03-11 18:29:17,Concert,J011,Indiranagar 100ft Road,29752,Weekday,False,Clear,False,0.0,False,False,1.0,Severe,7.5,63.8,618.5,0.198,0.456,0.909,Heavy congestion detected - signal timing extended and reroute suggested
EVT431911,2025-11-18 19:47:15,Local Market Day,J020,Malleshwaram Circle,3455,Weekday,False,Clear,False,0.0,False,False,0.798,Severe,14.6,59.6,181.3,0.105,0.242,0.954,Heavy congestion detected - signal timing extended and reroute suggested
EVT431912,2025-01-03 13:14:34,Concert,J011,Indiranagar 100ft Road,20411,Weekday,False,Clear,False,0.0,False,False,0.219,Low,29.1,11.7,184.6,0.14,0.322,0.961,Normal free-flow traffic - standard signal timing maintained
EVT431913,2025-04-13 17:43:40,Sports Fixture,J009,Majestic,25806,Weekend,False,Clear,False,0.0,False,False,0.963,Severe,8.7,69.0,676.2,0.234,0.54,0.905,Heavy congestion detected - signal timing extended and reroute suggested
EVT431914,2025-03-23 05:25:09,Local Market Day,J040,City Market,5499,Weekend,False,Clear,False,0.0,False,False,0.315,Low,36.0,23.4,143.6,0.13,0.301,0.954,Moderate traffic flow - standard adaptive signal timing in effect
EVT431915,2025-01-16 13:50:52,Sports Fixture,J023,Basavanagudi,18590,Weekday,False,Clear,False,0.0,False,False,0.295,Low,32.9,21.1,185.8,0.172,0.398,0.956,Moderate traffic flow - standard adaptive signal timing in effect
EVT431916,2026-06-01 12:48:26,Concert,J020,Malleshwaram Circle,9505,Weekday,False,Clear,False,0.0,False,False,0.286,Low,26.2,16.9,106.0,0.077,0.178,0.962,Moderate traffic flow - standard adaptive signal timing in effect
EVT431917,2026-02-06 16:11:29,Political Rally,J023,Basavanagudi,17699,Weekday,False,Clear,False,0.0,False,False,0.558,High,23.1,39.8,315.0,0.213,0.493,0.965,Moderate traffic flow - standard adaptive signal timing in effect
EVT431918,2025-08-09 20:53:50,Concert,J031,Cubbon Road,11511,Weekend,False,Clear,False,0.0,False,False,0.462,Moderate,26.6,33.4,137.8,0.119,0.274,0.954,Moderate traffic flow - standard adaptive signal timing in effect
EVT431919,2025-07-25 06:21:41,Political Rally,J012,Koramangala Sony World,9321,Weekday,False,Heavy Rain,True,34.8,False,False,0.652,High,19.4,46.5,202.4,0.143,0.329,0.924,Heavy rain reducing visibility and grip - reduced speed and longer buffer advised
EVT431920,2025-11-14 11:44:21,Political Rally,J011,Indiranagar 100ft Road,18149,Weekday,False,Clear,False,0.0,False,False,0.346,Low,24.4,24.8,145.3,0.092,0.212,0.978,Moderate traffic flow - standard adaptive signal timing in effect
EVT431921,2025-05-05 13:43:56,Local Market Day,J030,MG Road,6082,Weekday,False,Clear,False,0.0,False,False,0.17,Low,32.3,18.4,177.8,0.137,0.316,0.935,Normal free-flow traffic - standard signal timing maintained
EVT431922,2025-03-20 17:37:00,Trade Fair,J009,Majestic,8299,Weekday,False,Clear,False,0.0,False,False,0.999,Severe,9.3,82.6,456.1,0.176,0.407,0.952,Heavy congestion detected - signal timing extended and reroute suggested
EVT431923,2026-02-24 18:18:39,Sports Fixture,J012,Koramangala Sony World,39314,Weekday,False,Clear,False,0.0,False,False,1.0,Severe,8.4,72.6,364.1,0.143,0.331,0.917,Heavy congestion detected - signal timing extended and reroute suggested
EVT431924,2025-03-15 05:01:00,Religious Festival,J040,City Market,69421,Weekend,True,Clear,False,0.0,False,True,1.0,Severe,8.9,95.2,420.3,0.163,0.376,0.828,Road closure for event/procession - full detour recommended for through-traffic
EVT431925,2025-02-25 11:55:02,Trade Fair,J012,Koramangala Sony World,5526,Weekday,False,Clear,False,0.0,False,False,0.33,Low,31.6,21.6,69.7,0.061,0.142,0.955,Moderate traffic flow - standard adaptive signal timing in effect
EVT431926,2025-12-26 17:49:48,Fireworks Display,J020,Malleshwaram Circle,22692,Weekday,True,Clear,False,0.0,False,False,1.0,Severe,6.8,72.3,767.6,0.212,0.49,0.845,Festival crowd surge detected - alternate route and extended cycle recommended
EVT431927,2025-03-26 00:06:47,Concert,J030,MG Road,5956,Weekday,False,Clear,False,0.0,False,False,0.218,Low,30.7,16.2,244.6,0.212,0.49,0.958,Normal free-flow traffic - standard signal timing maintained
EVT431928,2026-01-28 10:18:28,Trade Fair,J020,Malleshwaram Circle,7567,Weekday,False,Clear,False,0.0,False,False,0.696,High,18.4,54.8,387.4,0.226,0.523,0.964,Moderate traffic flow - standard adaptive signal timing in effect
EVT431929,2026-06-09 11:00:39,Local Market Day,J040,City Market,4528,Weekday,False,Clear,False,0.0,False,False,0.434,Moderate,24.4,35.7,135.7,0.105,0.243,0.965,Moderate traffic flow - standard adaptive signal timing in effect
EVT431930,2026-01-22 10:36:30,Local Market Day,J040,City Market,4952,Weekday,False,Clear,False,0.0,False,False,0.638,High,16.4,42.7,407.7,0.217,0.5,0.941,Moderate traffic flow - standard adaptive signal timing in effect
EVT431931,2026-03-05 22:14:50,Cultural Procession,J023,Basavanagudi,25889,Weekday,True,Fog,False,0.0,False,True,0.697,Moderate,19.6,69.2,483.4,0.325,0.751,0.886,Road closure for event/procession - full detour recommended for through-traffic
EVT431932,2025-06-13 21:56:43,Trade Fair,J011,Indiranagar 100ft Road,18029,Weekday,False,Clear,False,0.0,False,False,0.352,Moderate,23.6,22.1,208.2,0.121,0.28,0.959,Moderate traffic flow - standard adaptive signal timing in effect
EVT431933,2025-03-30 12:34:42,Religious Festival,J031,Cubbon Road,49045,Weekend,True,Fog,False,0.0,False,False,0.766,Severe,14.7,53.1,333.1,0.174,0.402,0.92,Festival crowd surge detected - alternate route and extended cycle recommended
EVT431934,2025-11-02 18:13:47,Cultural Procession,J023,Basavanagudi,21288,Weekend,True,Clear,False,0.0,False,True,1.0,Severe,7.6,106.0,705.4,0.236,0.544,0.84,Road closure for event/procession - full detour recommended for through-traffic
EVT431935,2025-03-05 12:23:04,Trade Fair,J031,Cubbon Road,10462,Weekday,False,Fog,False,0.0,False,False,0.223,Low,39.6,23.1,155.7,0.146,0.338,0.934,Normal free-flow traffic - standard signal timing maintained
EVT431936,2025-08-22 11:01:33,Concert,J023,Basavanagudi,12036,Weekday,False,Heavy Rain,True,27.4,False,False,0.813,Severe,12.0,54.4,402.4,0.165,0.381,0.893,Heavy rain reducing visibility and grip - reduced speed and longer buffer advised
EVT431937,2025-09-13 16:04:38,Local Market Day,J031,Cubbon Road,4533,Weekend,False,Clear,False,0.0,False,False,0.461,Moderate,30.6,34.5,201.1,0.175,0.404,0.968,Moderate traffic flow - standard adaptive signal timing in effect
EVT431938,2026-06-01 19:52:07,Trade Fair,J040,City Market,12106,Weekday,False,Clear,False,0.0,False,False,0.853,Severe,12.9,66.3,443.1,0.197,0.455,0.935,Heavy congestion detected - signal timing extended and reroute suggested
EVT431939,2025-04-20 12:52:12,Trade Fair,J040,City Market,6198,Weekend,False,Clear,False,0.0,False,False,0.255,Low,35.7,20.1,174.7,0.155,0.357,0.979,Moderate traffic flow - standard adaptive signal timing in effect
EVT431940,2025-08-18 16:22:40,Trade Fair,J009,Majestic,7524,Weekday,False,Heavy Rain,True,51.9,False,False,0.921,Severe,10.5,63.5,609.3,0.236,0.546,0.889,Heavy rain reducing visibility and grip - reduced speed and longer buffer advised
EVT431941,2025-03-17 11:51:50,Trade Fair,J011,Indiranagar 100ft Road,7418,Weekday,False,Clear,False,0.0,False,False,0.293,Low,29.7,24.8,139.9,0.104,0.241,0.971,Moderate traffic flow - standard adaptive signal timing in effect
EVT431942,2025-11-10 20:43:13,Sports Fixture,J012,Koramangala Sony World,26188,Weekday,False,Clear,False,0.0,False,False,0.642,High,23.6,52.1,248.5,0.19,0.439,0.986,Moderate traffic flow - standard adaptive signal timing in effect
EVT431943,2025-11-24 15:55:02,Concert,J020,Malleshwaram Circle,12996,Weekday,False,Clear,False,0.0,False,False,0.383,Moderate,27.8,32.3,176.5,0.131,0.302,0.972,Moderate traffic flow - standard adaptive signal timing in effect
EVT431944,2025-04-25 09:52:36,Local Market Day,J023,Basavanagudi,2602,Weekday,False,Clear,False,0.0,False,False,0.884,Severe,9.8,67.4,593.3,0.202,0.466,0.924,Heavy congestion detected - signal timing extended and reroute suggested
EVT431945,2025-04-25 14:37:25,Concert,J023,Basavanagudi,13651,Weekday,False,Clear,False,0.0,False,False,0.227,Low,32.8,14.7,188.3,0.152,0.352,0.99,Normal free-flow traffic - standard signal timing maintained
EVT431946,2025-03-05 16:17:28,Sports Fixture,J009,Majestic,19260,Weekday,False,Clear,False,0.0,False,False,0.554,High,18.6,45.3,145.7,0.098,0.226,0.974,Moderate traffic flow - standard adaptive signal timing in effect
EVT431947,2026-01-14 17:36:42,Fireworks Display,J023,Basavanagudi,27217,Weekday,True,Clear,False,0.0,False,False,1.0,Severe,9.3,68.4,533.8,0.216,0.498,0.853,Festival crowd surge detected - alternate route and extended cycle recommended
EVT431948,2025-07-01 15:04:03,Local Market Day,J023,Basavanagudi,2614,Weekday,False,Heavy Rain,True,55.6,False,False,0.643,High,19.8,49.3,292.7,0.18,0.415,0.874,Heavy rain reducing visibility and grip - reduced speed and longer buffer advised
EVT431949,2025-12-17 14:39:02,Local Market Day,J011,Indiranagar 100ft Road,3980,Weekday,False,Clear,False,0.0,False,False,0.23,Low,39.6,17.1,149.8,0.152,0.351,0.955,Normal free-flow traffic - standard signal timing maintained
EVT431950,2026-03-22 18:42:41,Sports Fixture,J040,City Market,34967,Weekend,False,Clear,False,0.0,False,False,1.0,Severe,9.8,73.8,490.1,0.198,0.457,0.918,Heavy congestion detected - signal timing extended and reroute suggested
EVT431951,2026-04-22 09:15:33,Sports Fixture,J011,Indiranagar 100ft Road,16289,Weekday,False,Clear,False,0.0,False,False,1.0,Severe,10.0,78.2,404.9,0.171,0.395,0.903,Heavy congestion detected - signal timing extended and reroute suggested
EVT431952,2025-03-05 14:31:28,Trade Fair,J031,Cubbon Road,5075,Weekday,False,Clear,False,0.0,False,False,0.192,Low,36.1,10.2,109.7,0.096,0.221,0.944,Normal free-flow traffic - standard signal timing maintained
EVT431953,2025-03-03 09:08:11,Trade Fair,J030,MG Road,9485,Weekday,False,Clear,False,0.0,False,False,1.0,Severe,6.9,71.0,1085.8,0.308,0.712,0.922,Heavy congestion detected - signal timing extended and reroute suggested
EVT431954,2026-01-16 14:03:33,Political Rally,J020,Malleshwaram Circle,18412,Weekday,False,Clear,False,0.0,False,False,0.2,Low,32.9,12.6,213.5,0.18,0.415,0.984,Normal free-flow traffic - standard signal timing maintained
EVT431955,2025-04-13 12:28:20,Trade Fair,J023,Basavanagudi,9558,Weekend,False,Fog,False,0.0,False,False,0.268,Low,30.6,22.2,201.2,0.161,0.372,0.973,Moderate traffic flow - standard adaptive signal timing in effect
EVT431956,2025-04-02 17:37:51,Sports Fixture,J031,Cubbon Road,16546,Weekday,False,Clear,False,0.0,False,False,0.938,Severe,10.5,68.9,589.1,0.244,0.563,0.95,Heavy congestion detected - signal timing extended and reroute suggested
EVT431957,2026-02-18 19:33:46,Political Rally,J011,Indiranagar 100ft Road,13560,Weekday,False,Clear,False,0.0,False,False,0.936,Severe,11.2,70.6,625.5,0.273,0.631,0.904,Heavy congestion detected - signal timing extended and reroute suggested
EVT431958,2026-01-10 19:48:49,Sports Fixture,J011,Indiranagar 100ft Road,16350,Weekend,False,Clear,False,0.0,False,False,0.67,High,18.1,44.3,305.2,0.197,0.455,0.971,Moderate traffic flow - standard adaptive signal timing in effect
EVT431959,2025-08-21 15:29:51,Concert,J031,Cubbon Road,14218,Weekday,False,Fog,False,0.0,False,False,0.336,Low,29.9,27.6,139.1,0.108,0.25,0.974,Moderate traffic flow - standard adaptive signal timing in effect
EVT431960,2025-01-05 05:43:21,Local Market Day,J040,City Market,6252,Weekend,False,Clear,False,0.0,False,False,0.372,Moderate,31.4,29.7,173.3,0.144,0.332,0.964,Moderate traffic flow - standard adaptive signal timing in effect
EVT431961,2025-11-23 21:51:21,Local Market Day,J012,Koramangala Sony World,2675,Weekend,False,Clear,False,0.0,False,False,0.311,Low,30.0,22.5,186.3,0.156,0.36,0.968,Moderate traffic flow - standard adaptive signal timing in effect
EVT431962,2026-02-01 07:01:56,Local Market Day,J030,MG Road,3876,Weekend,False,Clear,False,0.0,False,False,0.491,Moderate,20.9,35.2,238.9,0.15,0.345,0.963,Moderate traffic flow - standard adaptive signal timing in effect
EVT431963,2025-01-05 17:40:20,Local Market Day,J040,City Market,10151,Weekend,False,Clear,False,0.0,False,False,0.837,Severe,12.2,59.0,211.6,0.111,0.255,0.95,Heavy congestion detected - signal timing extended and reroute suggested
EVT431964,2025-03-25 19:45:10,Sports Fixture,J009,Majestic,17969,Weekday,False,Fog,False,0.0,False,False,0.866,Severe,10.0,61.8,686.0,0.241,0.557,0.953,Heavy congestion detected - signal timing extended and reroute suggested
EVT431965,2025-01-20 18:36:48,Trade Fair,J011,Indiranagar 100ft Road,7934,Weekday,False,Clear,False,0.0,False,False,1.0,Severe,8.4,72.6,769.7,0.265,0.612,0.907,Heavy congestion detected - signal timing extended and reroute suggested
EVT431966,2025-12-10 17:09:29,Local Market Day,J009,Majestic,3299,Weekday,False,Clear,False,0.0,False,False,0.748,High,21.2,51.2,353.2,0.264,0.611,0.941,Moderate traffic flow - standard adaptive signal timing in effect
EVT431967,2025-03-13 14:31:59,Concert,J012,Koramangala Sony World,9033,Weekday,False,Clear,False,0.0,False,False,0.273,Low,32.0,23.1,149.4,0.122,0.282,0.969,Moderate traffic flow - standard adaptive signal timing in effect
EVT431968,2025-10-03 05:03:36,Cultural Procession,J040,City Market,12506,Weekday,True,Light Rain,True,5.6,False,True,0.687,Moderate,17.5,69.7,257.7,0.144,0.332,0.809,Road closure for event/procession - full detour recommended for through-traffic
EVT431969,2025-12-31 08:14:41,Political Rally,J012,Koramangala Sony World,13114,Weekday,False,Clear,False,0.0,False,False,0.962,Severe,9.0,64.0,708.8,0.243,0.562,0.939,Heavy congestion detected - signal timing extended and reroute suggested
EVT431970,2026-04-14 23:50:40,Religious Festival,J023,Basavanagudi,71956,Weekday,True,Clear,False,0.0,False,True,0.918,Severe,9.0,90.5,522.7,0.178,0.41,0.833,Road closure for event/procession - full detour recommended for through-traffic
EVT431971,2026-04-12 07:51:36,Sports Fixture,J030,MG Road,20402,Weekend,False,Clear,False,0.0,False,False,0.829,Severe,10.5,55.1,431.6,0.195,0.451,0.952,Heavy congestion detected - signal timing extended and reroute suggested
EVT431972,2025-04-03 07:20:51,Concert,J040,City Market,10907,Weekday,False,Clear,False,0.0,False,False,0.636,High,20.7,45.0,210.0,0.132,0.305,0.974,Moderate traffic flow - standard adaptive signal timing in effect
EVT431973,2025-08-23 07:59:40,Sports Fixture,J030,MG Road,13720,Weekend,False,Clear,False,0.0,False,False,0.78,Severe,13.7,57.0,390.0,0.183,0.424,0.937,Heavy congestion detected - signal timing extended and reroute suggested
EVT431974,2026-02-24 09:50:37,Local Market Day,J012,Koramangala Sony World,4193,Weekday,False,Clear,False,0.0,False,False,0.893,Severe,12.0,62.9,386.2,0.178,0.412,0.933,Heavy congestion detected - signal timing extended and reroute suggested
EVT431975,2025-05-12 09:30:04,Sports Fixture,J023,Basavanagudi,26431,Weekday,False,Fog,False,0.0,False,False,1.0,Severe,11.2,66.2,495.7,0.196,0.452,0.871,Heavy congestion detected - signal timing extended and reroute suggested
EVT431976,2025-05-03 06:44:37,Local Market Day,J023,Basavanagudi,3126,Weekend,False,Clear,False,0.0,False,False,0.298,Low,29.1,21.2,106.9,0.087,0.201,0.99,Moderate traffic flow - standard adaptive signal timing in effect
EVT431977,2026-04-19 08:11:28,Sports Fixture,J030,MG Road,13446,Weekend,False,Clear,False,0.0,False,False,0.83,Severe,14.6,62.3,301.7,0.153,0.355,0.935,Heavy congestion detected - signal timing extended and reroute suggested
EVT431978,2026-01-07 08:55:05,Trade Fair,J023,Basavanagudi,11336,Weekday,False,Clear,False,0.0,False,False,1.0,Severe,8.6,70.6,624.2,0.202,0.467,0.927,Heavy congestion detected - signal timing extended and reroute suggested
EVT431979,2025-05-16 18:41:12,Local Market Day,J030,MG Road,2936,Weekday,False,Clear,False,0.0,False,False,1.0,Severe,8.7,67.5,369.6,0.14,0.324,0.935,Heavy congestion detected - signal timing extended and reroute suggested
EVT431980,2025-07-04 09:41:20,Political Rally,J020,Malleshwaram Circle,7625,Weekday,False,Heavy Rain,True,77.0,False,False,1.0,Severe,8.9,74.1,374.5,0.154,0.355,0.829,Heavy rain reducing visibility and grip - reduced speed and longer buffer advised
EVT431981,2025-01-08 20:56:21,Concert,J030,MG Road,9950,Weekday,False,Clear,False,0.0,False,False,0.56,High,22.6,40.1,250.4,0.172,0.397,0.98,Moderate traffic flow - standard adaptive signal timing in effect
EVT431982,2025-12-28 11:02:45,Sports Fixture,J030,MG Road,23108,Weekend,False,Clear,False,0.0,False,False,0.559,High,25.4,41.5,161.0,0.108,0.249,0.975,Moderate traffic flow - standard adaptive signal timing in effect
EVT431983,2025-09-11 16:08:39,Local Market Day,J031,Cubbon Road,6731,Weekday,False,Clear,False,0.0,False,False,0.547,Moderate,24.0,36.2,184.5,0.142,0.329,0.945,Moderate traffic flow - standard adaptive signal timing in effect
EVT431984,2025-07-21 11:10:14,Trade Fair,J023,Basavanagudi,5870,Weekday,False,Heavy Rain,True,56.5,False,False,0.803,Severe,15.1,56.7,141.8,0.078,0.18,0.91,Heavy rain reducing visibility and grip - reduced speed and longer buffer advised
EVT431985,2026-02-05 16:36:59,Political Rally,J023,Basavanagudi,17202,Weekday,False,Clear,False,0.0,True,False,1.0,Severe,9.0,65.4,667.2,0.228,0.527,0.755,Accident detected nearby - reroute and reduced speed advised
EVT431986,2025-09-04 10:54:14,Local Market Day,J012,Koramangala Sony World,4336,Weekday,False,Rain,True,21.3,False,False,0.608,High,24.5,42.9,216.6,0.159,0.368,0.913,Heavy rain reducing visibility and grip - reduced speed and longer buffer advised
EVT431987,2025-06-21 17:46:42,Political Rally,J011,Indiranagar 100ft Road,13992,Weekend,False,Clear,False,0.0,False,False,0.832,Severe,14.7,64.1,441.7,0.25,0.577,0.92,Heavy congestion detected - signal timing extended and reroute suggested
EVT431988,2025-11-21 08:36:04,Sports Fixture,J023,Basavanagudi,18478,Weekday,False,Clear,False,0.0,False,False,1.0,Severe,9.1,69.3,453.7,0.182,0.421,0.918,Heavy congestion detected - signal timing extended and reroute suggested
EVT431989,2026-06-02 07:07:04,Sports Fixture,J030,MG Road,32396,Weekday,False,Clear,False,0.0,False,False,0.617,High,22.9,44.4,210.9,0.155,0.358,0.965,Moderate traffic flow - standard adaptive signal timing in effect
EVT431990,2025-12-10 13:50:10,Local Market Day,J009,Majestic,5804,Weekday,False,Clear,False,0.0,False,False,0.176,Low,37.7,17.7,183.5,0.167,0.385,0.975,Normal free-flow traffic - standard signal timing maintained
EVT431991,2025-05-26 22:37:57,Sports Fixture,J031,Cubbon Road,14128,Weekday,False,Clear,False,0.0,False,False,0.244,Low,28.7,21.7,151.7,0.107,0.248,0.979,Normal free-flow traffic - standard signal timing maintained
EVT431992,2025-06-10 17:24:41,Political Rally,J031,Cubbon Road,18298,Weekday,False,Heavy Rain,True,26.9,False,False,1.0,Severe,8.7,67.3,419.8,0.133,0.307,0.861,Heavy rain reducing visibility and grip - reduced speed and longer buffer advised
EVT431993,2025-04-12 17:36:02,Trade Fair,J040,City Market,6685,Weekend,False,Clear,False,0.0,False,False,0.843,Severe,13.4,56.0,357.3,0.192,0.444,0.908,Heavy congestion detected - signal timing extended and reroute suggested
EVT431994,2026-03-17 21:48:03,Concert,J011,Indiranagar 100ft Road,12075,Weekday,False,Clear,False,0.0,False,False,0.292,Low,32.2,23.2,135.8,0.102,0.235,0.963,Moderate traffic flow - standard adaptive signal timing in effect
EVT431995,2025-02-16 09:08:43,Sports Fixture,J012,Koramangala Sony World,20716,Weekend,False,Clear,False,0.0,False,False,0.956,Severe,7.5,67.2,519.0,0.167,0.385,0.915,Heavy congestion detected - signal timing extended and reroute suggested
EVT431996,2025-12-11 16:28:25,Trade Fair,J012,Koramangala Sony World,6181,Weekday,False,Fog,False,0.0,False,False,0.604,High,23.5,46.6,363.3,0.265,0.613,0.966,Moderate traffic flow - standard adaptive signal timing in effect
EVT431997,2026-06-20 07:22:44,Local Market Day,J020,Malleshwaram Circle,5035,Weekend,False,Rain,True,14.3,False,False,0.659,High,20.5,48.2,261.6,0.166,0.384,0.896,Heavy rain reducing visibility and grip - reduced speed and longer buffer advised
EVT431998,2026-04-05 13:37:48,Trade Fair,J031,Cubbon Road,5720,Weekend,False,Clear,False,0.0,False,False,0.337,Low,32.5,18.6,138.0,0.107,0.248,0.961,Moderate traffic flow - standard adaptive signal timing in effect
EVT431999,2025-05-03 18:38:58,Sports Fixture,J020,Malleshwaram Circle,30473,Weekend,False,Clear,False,0.0,False,False,1.0,Severe,8.1,68.9,207.4,0.079,0.183,0.914,Heavy congestion detected - signal timing extended and reroute suggested
EVT432000,2025-07-11 22:33:46,Sports Fixture,J011,Indiranagar 100ft Road,9396,Weekday,False,Heavy Rain,True,32.7,False,False,0.577,High,23.2,45.3,285.6,0.193,0.445,0.928,Heavy rain reducing visibility and grip - reduced speed and longer buffer advised
EVT432001,2025-04-30 09:23:09,Trade Fair,J023,Basavanagudi,7578,Weekday,False,Clear,False,0.0,False,False,0.999,Severe,9.7,75.6,664.1,0.27,0.624,0.909,Heavy congestion detected - signal timing extended and reroute suggested
EVT432002,2026-06-14 13:08:21,Trade Fair,J040,City Market,11043,Weekend,False,Fog,False,0.0,False,False,0.308,Low,27.5,20.7,184.0,0.127,0.293,0.962,Moderate traffic flow - standard adaptive signal timing in effect
EVT432003,2025-03-27 16:47:35,Trade Fair,J023,Basavanagudi,10517,Weekday,False,Clear,False,0.0,False,False,0.704,High,16.8,52.5,145.4,0.077,0.178,0.958,Moderate traffic flow - standard adaptive signal timing in effect
EVT432004,2025-12-27 15:21:43,Concert,J040,City Market,9293,Weekend,False,Clear,False,0.0,False,False,0.326,Low,34.1,19.8,133.9,0.134,0.308,0.99,Moderate traffic flow - standard adaptive signal timing in effect
EVT432005,2025-01-22 18:20:05,Concert,J012,Koramangala Sony World,10768,Weekday,False,Clear,False,0.0,False,False,1.0,Severe,8.8,67.7,366.2,0.131,0.302,0.918,Heavy congestion detected - signal timing extended and reroute suggested
EVT432006,2025-05-16 18:51:39,Trade Fair,J031,Cubbon Road,6507,Weekday,False,Clear,False,0.0,False,False,0.942,Severe,11.2,68.0,666.0,0.272,0.628,0.906,Heavy congestion detected - signal timing extended and reroute suggested
EVT432007,2026-03-22 07:10:46,Sports Fixture,J012,Koramangala Sony World,18969,Weekend,False,Clear,False,0.0,False,False,0.583,High,21.8,39.4,236.3,0.155,0.359,0.974,Moderate traffic flow - standard adaptive signal timing in effect
EVT432008,2025-04-12 05:34:18,Local Market Day,J009,Majestic,1870,Weekend,False,Clear,False,0.0,False,False,0.267,Low,30.7,19.2,215.0,0.174,0.402,0.977,Moderate traffic flow - standard adaptive signal timing in effect
EVT432009,2026-03-01 19:44:14,Local Market Day,J030,MG Road,5476,Weekend,False,Clear,False,0.0,False,False,0.732,High,20.3,47.3,260.8,0.178,0.41,0.952,Moderate traffic flow - standard adaptive signal timing in effect
EVT432010,2026-04-29 16:30:05,Sports Fixture,J009,Majestic,32101,Weekday,False,Clear,False,0.0,False,False,0.706,High,20.2,51.0,317.7,0.193,0.446,0.967,Moderate traffic flow - standard adaptive signal timing in effect
EVT432011,2025-08-25 11:44:21,Local Market Day,J011,Indiranagar 100ft Road,4439,Weekday,False,Rain,True,9.0,False,False,0.403,Moderate,30.4,25.1,73.8,0.067,0.154,0.908,Light rain detected - minor speed reduction advised
EVT432012,2025-07-04 08:44:27,Local Market Day,J009,Majestic,2454,Weekday,False,Rain,True,20.5,False,False,1.0,Severe,7.9,72.6,662.2,0.209,0.482,0.867,Heavy rain reducing visibility and grip - reduced speed and longer buffer advised
EVT432013,2025-09-09 09:45:35,Sports Fixture,J040,City Market,31195,Weekday,False,Clear,False,0.0,False,False,1.0,Severe,8.8,77.3,553.6,0.211,0.487,0.917,Heavy congestion detected - signal timing extended and reroute suggested
EVT432014,2026-04-13 14:27:11,Sports Fixture,J020,Malleshwaram Circle,17771,Weekday,False,Clear,False,0.0,False,False,0.269,Low,34.0,21.2,90.9,0.067,0.155,0.958,Moderate traffic flow - standard adaptive signal timing in effect
EVT432015,2026-02-18 14:47:59,Political Rally,J031,Cubbon Road,12035,Weekday,False,Clear,False,0.0,False,False,0.298,Low,31.6,17.0,160.0,0.16,0.371,0.959,Moderate traffic flow - standard adaptive signal timing in effect
EVT432016,2025-02-10 14:55:52,Concert,J011,Indiranagar 100ft Road,9621,Weekday,False,Clear,False,0.0,False,False,0.276,Low,32.3,24.0,139.3,0.109,0.251,0.947,Moderate traffic flow - standard adaptive signal timing in effect
EVT432017,2025-11-08 12:03:09,Political Rally,J030,MG Road,20361,Weekend,False,Clear,False,0.0,False,False,0.397,Moderate,30.7,34.9,202.5,0.198,0.458,0.987,Moderate traffic flow - standard adaptive signal timing in effect
EVT432018,2025-11-14 19:45:03,Sports Fixture,J011,Indiranagar 100ft Road,31071,Weekday,False,Clear,False,0.0,False,False,0.955,Severe,6.3,69.6,827.7,0.209,0.482,0.908,Heavy congestion detected - signal timing extended and reroute suggested
EVT432019,2026-04-08 20:53:18,Sports Fixture,J031,Cubbon Road,23505,Weekday,False,Clear,False,0.0,False,False,0.586,High,20.6,45.7,143.2,0.096,0.221,0.973,Moderate traffic flow - standard adaptive signal timing in effect
EVT432020,2025-10-04 18:12:22,Political Rally,J030,MG Road,15166,Weekend,False,Clear,False,0.0,False,False,0.924,Severe,11.4,69.0,409.5,0.178,0.411,0.934,Heavy congestion detected - signal timing extended and reroute suggested
EVT432021,2026-01-04 17:50:22,Political Rally,J031,Cubbon Road,21123,Weekend,False,Clear,False,0.0,False,False,0.861,Severe,13.1,65.7,368.7,0.193,0.446,0.939,Heavy congestion detected - signal timing extended and reroute suggested
EVT432022,2025-11-16 18:58:47,Local Market Day,J020,Malleshwaram Circle,4778,Weekend,False,Clear,False,0.0,False,False,0.809,Severe,16.2,56.6,182.3,0.107,0.246,0.968,Heavy congestion detected - signal timing extended and reroute suggested
EVT432023,2025-11-09 19:41:55,Concert,J012,Koramangala Sony World,11950,Weekend,False,Clear,False,0.0,False,False,0.796,Severe,20.2,56.3,190.0,0.134,0.309,0.961,Heavy congestion detected - signal timing extended and reroute suggested
EVT432024,2025-11-17 08:49:28,Sports Fixture,J030,MG Road,16050,Weekday,False,Clear,False,0.0,False,False,1.0,Severe,7.8,70.1,568.4,0.196,0.453,0.883,Heavy congestion detected - signal timing extended and reroute suggested
EVT432025,2025-07-08 10:13:02,Political Rally,J012,Koramangala Sony World,17436,Weekday,False,Clear,False,0.0,False,False,0.743,High,20.4,50.2,239.8,0.162,0.374,0.99,Moderate traffic flow - standard adaptive signal timing in effect
EVT432026,2025-05-27 12:45:28,Concert,J023,Basavanagudi,10494,Weekday,False,Rain,True,11.6,False,False,0.395,Moderate,28.9,27.9,234.5,0.191,0.44,0.903,Light rain detected - minor speed reduction advised
EVT432027,2025-04-30 13:06:36,Sports Fixture,J030,MG Road,24909,Weekday,False,Clear,False,0.0,False,False,0.262,Low,39.5,13.4,104.7,0.1,0.232,0.923,Moderate traffic flow - standard adaptive signal timing in effect
EVT432028,2025-02-10 07:21:11,Sports Fixture,J012,Koramangala Sony World,21946,Weekday,False,Clear,False,0.0,False,False,0.614,High,20.0,40.2,211.1,0.131,0.303,0.953,Moderate traffic flow - standard adaptive signal timing in effect
EVT432029,2025-12-14 00:04:20,Local Market Day,J030,MG Road,3695,Weekend,False,Clear,False,0.0,False,False,0.236,Low,39.6,16.4,85.4,0.082,0.19,0.967,Normal free-flow traffic - standard signal timing maintained
EVT432030,2025-10-14 10:52:56,Sports Fixture,J030,MG Road,26040,Weekday,False,Rain,True,22.4,False,False,0.81,Severe,15.5,55.5,413.7,0.239,0.552,0.89,Heavy rain reducing visibility and grip - reduced speed and longer buffer advised
EVT432031,2026-01-13 10:05:40,Sports Fixture,J040,City Market,22206,Weekday,False,Clear,False,0.0,False,False,0.833,Severe,13.9,63.3,568.0,0.31,0.715,0.938,Heavy congestion detected - signal timing extended and reroute suggested
EVT432032,2026-02-24 09:11:15,Political Rally,J040,City Market,9725,Weekday,False,Light Rain,True,3.9,False,False,1.0,Severe,8.1,69.0,576.2,0.182,0.42,0.849,Heavy rain reducing visibility and grip - reduced speed and longer buffer advised
EVT432033,2025-09-20 14:40:16,Sports Fixture,J020,Malleshwaram Circle,17238,Weekend,False,Rain,True,24.3,False,False,0.547,Moderate,20.4,37.2,154.9,0.089,0.206,0.918,Light rain detected - minor speed reduction advised
EVT432034,2025-01-23 16:26:42,Local Market Day,J009,Majestic,4648,Weekday,False,Fog,False,0.0,False,False,0.512,Moderate,29.5,39.0,164.0,0.128,0.297,0.955,Moderate traffic flow - standard adaptive signal timing in effect
EVT432035,2026-05-25 19:50:46,Trade Fair,J009,Majestic,11987,Weekday,False,Clear,False,0.0,False,False,0.912,Severe,10.1,66.5,608.9,0.246,0.568,0.937,Heavy congestion detected - signal timing extended and reroute suggested
EVT432036,2026-05-06 18:59:35,Sports Fixture,J020,Malleshwaram Circle,17528,Weekday,False,Light Rain,True,3.8,True,False,1.0,Severe,7.9,75.6,218.9,0.061,0.141,0.683,Accident detected nearby - reroute and reduced speed advised
EVT432037,2025-03-09 18:19:25,Political Rally,J040,City Market,14308,Weekend,False,Clear,False,0.0,False,False,0.893,Severe,10.9,66.0,681.7,0.284,0.657,0.918,Heavy congestion detected - signal timing extended and reroute suggested
EVT432038,2026-02-21 10:18:15,Concert,J030,MG Road,7068,Weekend,False,Clear,False,0.0,False,False,0.695,High,15.4,50.3,223.0,0.13,0.299,0.952,Moderate traffic flow - standard adaptive signal timing in effect
EVT432039,2025-12-18 21:53:01,Trade Fair,J012,Koramangala Sony World,24613,Weekday,False,Clear,False,0.0,False,False,0.385,Moderate,32.0,30.8,148.6,0.145,0.334,0.972,Moderate traffic flow - standard adaptive signal timing in effect
EVT432040,2026-02-23 17:46:09,Sports Fixture,J011,Indiranagar 100ft Road,20648,Weekday,False,Clear,False,0.0,False,False,1.0,Severe,9.0,66.8,797.2,0.31,0.715,0.921,Heavy congestion detected - signal timing extended and reroute suggested
EVT432041,2026-01-14 23:52:14,Religious Festival,J040,City Market,76983,Weekday,True,Clear,False,0.0,False,False,0.787,Severe,19.7,57.9,165.3,0.106,0.246,0.92,Festival crowd surge detected - alternate route and extended cycle recommended
EVT432042,2026-02-03 11:59:55,Concert,J012,Koramangala Sony World,17112,Weekday,False,Clear,False,0.0,False,False,0.333,Low,27.9,21.5,149.0,0.129,0.298,0.99,Moderate traffic flow - standard adaptive signal timing in effect
EVT432043,2025-09-10 08:54:16,Concert,J011,Indiranagar 100ft Road,20805,Weekday,False,Clear,False,0.0,False,False,1.0,Severe,8.2,69.8,598.5,0.204,0.471,0.911,Heavy congestion detected - signal timing extended and reroute suggested
EVT432044,2025-01-01 13:54:39,Local Market Day,J009,Majestic,3915,Weekday,False,Clear,False,0.0,False,False,0.139,Low,39.3,10.8,87.4,0.086,0.199,0.981,Normal free-flow traffic - standard signal timing maintained
EVT432045,2025-09-17 14:22:30,Local Market Day,J023,Basavanagudi,4170,Weekday,False,Clear,False,0.0,False,False,0.199,Low,33.8,24.8,92.4,0.08,0.184,0.977,Normal free-flow traffic - standard signal timing maintained
EVT432046,2025-01-25 16:37:52,Trade Fair,J020,Malleshwaram Circle,11068,Weekend,False,Clear,False,0.0,False,False,0.668,High,18.4,46.7,381.7,0.239,0.553,0.977,Moderate traffic flow - standard adaptive signal timing in effect
EVT432047,2026-04-16 18:16:14,Concert,J011,Indiranagar 100ft Road,13802,Weekday,False,Light Rain,True,4.3,False,False,1.0,Severe,8.6,76.8,494.9,0.192,0.444,0.857,Heavy rain reducing visibility and grip - reduced speed and longer buffer advised
EVT432048,2025-09-15 19:09:38,Sports Fixture,J020,Malleshwaram Circle,30597,Weekday,False,Clear,False,0.0,False,False,1.0,Severe,7.9,70.5,234.4,0.087,0.202,0.915,Heavy congestion detected - signal timing extended and reroute suggested
EVT432049,2026-04-10 09:12:09,Trade Fair,J031,Cubbon Road,13054,Weekday,False,Clear,False,0.0,False,False,1.0,Severe,8.2,70.2,494.3,0.169,0.39,0.93,Heavy congestion detected - signal timing extended and reroute suggested
EVT432050,2026-01-08 18:38:09,Local Market Day,J030,MG Road,3360,Weekday,False,Clear,False,0.0,False,False,0.987,Severe,9.1,69.2,345.5,0.134,0.31,0.9,Heavy congestion detected - signal timing extended and reroute suggested
EVT432051,2025-12-17 13:49:50,Political Rally,J031,Cubbon Road,23526,Weekday,False,Clear,False,0.0,False,False,0.351,Moderate,32.3,25.1,151.1,0.125,0.289,0.96,Moderate traffic flow - standard adaptive signal timing in effect
EVT432052,2026-03-29 15:20:17,Sports Fixture,J009,Majestic,23535,Weekend,False,Clear,False,0.0,False,False,0.431,Moderate,25.3,34.1,157.2,0.106,0.245,0.961,Moderate traffic flow - standard adaptive signal timing in effect
EVT432053,2025-01-27 08:57:31,Religious Festival,J020,Malleshwaram Circle,48434,Weekday,True,Clear,False,0.0,False,True,1.0,Severe,9.1,96.0,769.7,0.275,0.636,0.816,Road closure for event/procession - full detour recommended for through-traffic
EVT432054,2025-03-09 07:30:48,Sports Fixture,J030,MG Road,21287,Weekend,False,Clear,False,0.0,False,False,0.665,High,18.9,50.0,179.2,0.086,0.198,0.965,Moderate traffic flow - standard adaptive signal timing in effect
EVT432055,2026-04-01 20:03:10,Political Rally,J009,Majestic,14111,Weekday,False,Fog,False,0.0,False,False,0.767,Severe,13.8,51.5,444.0,0.191,0.442,0.957,Heavy congestion detected - signal timing extended and reroute suggested
EVT432056,2026-06-05 09:28:39,Concert,J030,MG Road,11742,Weekday,False,Rain,True,18.1,False,False,1.0,Severe,8.2,77.2,869.8,0.293,0.677,0.895,Heavy rain reducing visibility and grip - reduced speed and longer buffer advised
EVT432057,2026-06-29 11:43:26,Sports Fixture,J030,MG Road,19636,Weekday,False,Clear,False,0.0,False,False,0.381,Moderate,26.6,29.3,151.5,0.115,0.266,0.961,Moderate traffic flow - standard adaptive signal timing in effect
EVT432058,2025-03-04 13:48:31,Trade Fair,J031,Cubbon Road,5416,Weekday,False,Clear,False,0.0,False,False,0.245,Low,35.7,14.0,114.6,0.105,0.244,0.975,Normal free-flow traffic - standard signal timing maintained
EVT432059,2025-07-30 10:47:46,Concert,J020,Malleshwaram Circle,17041,Weekday,False,Rain,True,16.0,False,False,0.731,High,19.8,56.8,189.0,0.12,0.277,0.929,Heavy rain reducing visibility and grip - reduced speed and longer buffer advised
EVT432060,2025-01-23 17:20:52,Local Market Day,J009,Majestic,5953,Weekday,False,Clear,False,0.0,False,False,0.832,Severe,16.2,57.5,337.5,0.198,0.458,0.94,Heavy congestion detected - signal timing extended and reroute suggested
EVT432061,2026-02-25 20:38:42,Local Market Day,J012,Koramangala Sony World,3519,Weekday,False,Clear,False,0.0,False,False,0.446,Moderate,26.5,28.3,148.0,0.114,0.263,0.987,Moderate traffic flow - standard adaptive signal timing in effect
EVT432062,2026-05-30 09:31:50,Trade Fair,J011,Indiranagar 100ft Road,9680,Weekend,False,Clear,False,0.0,False,False,0.806,Severe,13.6,58.0,299.0,0.15,0.347,0.975,Heavy congestion detected - signal timing extended and reroute suggested
EVT432063,2025-10-08 10:55:51,Local Market Day,J031,Cubbon Road,4370,Weekday,False,Clear,False,0.0,False,False,0.559,High,21.7,39.4,288.3,0.176,0.406,0.937,Moderate traffic flow - standard adaptive signal timing in effect
EVT432064,2025-12-28 15:01:13,Sports Fixture,J020,Malleshwaram Circle,18286,Weekend,False,Clear,False,0.0,False,False,0.454,Moderate,24.5,37.0,163.4,0.126,0.292,0.972,Moderate traffic flow - standard adaptive signal timing in effect
EVT432065,2025-08-14 13:21:30,Local Market Day,J031,Cubbon Road,2967,Weekday,False,Clear,False,0.0,False,False,0.135,Low,40.2,7.1,39.1,0.033,0.076,0.958,Normal free-flow traffic - standard signal timing maintained
EVT432066,2026-01-19 19:12:13,Sports Fixture,J012,Koramangala Sony World,42127,Weekday,False,Clear,False,0.0,False,False,1.0,Severe,9.2,71.3,356.9,0.13,0.3,0.925,Heavy congestion detected - signal timing extended and reroute suggested
EVT432067,2026-04-16 11:19:21,Local Market Day,J030,MG Road,4482,Weekday,False,Clear,False,0.0,False,False,0.396,Moderate,34.1,23.5,88.3,0.106,0.246,0.974,Moderate traffic flow - standard adaptive signal timing in effect
EVT432068,2025-05-04 17:57:25,Concert,J012,Koramangala Sony World,12853,Weekend,False,Clear,False,0.0,False,False,0.925,Severe,13.7,63.8,275.0,0.148,0.342,0.908,Heavy congestion detected - signal timing extended and reroute suggested
EVT432069,2025-04-02 06:13:45,Local Market Day,J012,Koramangala Sony World,2923,Weekday,False,Clear,False,0.0,False,False,0.23,Low,32.7,12.7,151.7,0.116,0.269,0.966,Normal free-flow traffic - standard signal timing maintained
EVT432070,2025-12-02 10:41:12,Sports Fixture,J023,Basavanagudi,37216,Weekday,False,Clear,False,0.0,False,False,0.757,Severe,16.8,50.1,214.6,0.15,0.347,0.967,Heavy congestion detected - signal timing extended and reroute suggested
EVT432071,2026-01-24 11:16:50,Concert,J009,Majestic,12437,Weekend,False,Clear,False,0.0,False,False,0.414,Moderate,25.8,31.1,255.9,0.2,0.462,0.966,Moderate traffic flow - standard adaptive signal timing in effect
EVT432072,2025-12-01 18:29:55,Sports Fixture,J012,Koramangala Sony World,28021,Weekday,False,Clear,False,0.0,False,False,1.0,Severe,9.2,74.0,575.6,0.234,0.54,0.922,Heavy congestion detected - signal timing extended and reroute suggested
EVT432073,2025-05-07 17:05:32,Sports Fixture,J023,Basavanagudi,27311,Weekday,False,Clear,False,0.0,False,False,0.826,Severe,11.7,58.0,427.6,0.191,0.44,0.955,Heavy congestion detected - signal timing extended and reroute suggested
EVT432074,2025-05-25 09:56:08,Local Market Day,J023,Basavanagudi,1997,Weekend,False,Clear,False,0.0,False,False,0.752,Severe,19.6,51.3,225.1,0.144,0.332,0.942,Heavy congestion detected - signal timing extended and reroute suggested
EVT432075,2026-02-13 14:14:03,Local Market Day,J009,Majestic,3644,Weekday,False,Clear,False,0.0,False,False,0.202,Low,36.3,14.7,124.4,0.087,0.2,0.959,Normal free-flow traffic - standard signal timing maintained
EVT432076,2026-05-10 17:03:19,Political Rally,J012,Koramangala Sony World,36637,Weekend,False,Clear,False,0.0,False,False,0.856,Severe,10.1,59.7,161.7,0.078,0.18,0.939,Heavy congestion detected - signal timing extended and reroute suggested
EVT432077,2025-09-16 15:36:53,Concert,J030,MG Road,8772,Weekday,False,Clear,False,0.0,False,False,0.285,Low,34.0,22.5,229.3,0.201,0.465,0.975,Moderate traffic flow - standard adaptive signal timing in effect
EVT432078,2025-03-16 10:50:14,Sports Fixture,J011,Indiranagar 100ft Road,38103,Weekend,False,Clear,False,0.0,False,False,0.671,High,23.9,46.4,161.3,0.108,0.25,0.968,Moderate traffic flow - standard adaptive signal timing in effect
EVT432079,2025-10-30 09:53:54,Concert,J012,Koramangala Sony World,8902,Weekday,False,Clear,False,0.0,False,False,0.839,Severe,13.8,62.3,266.0,0.126,0.292,0.946,Heavy congestion detected - signal timing extended and reroute suggested
EVT432080,2026-01-20 08:50:11,Local Market Day,J030,MG Road,2731,Weekday,False,Clear,False,0.0,False,False,0.95,Severe,11.4,72.4,387.1,0.157,0.362,0.924,Heavy congestion detected - signal timing extended and reroute suggested
EVT432081,2026-03-10 09:58:46,Trade Fair,J009,Majestic,8888,Weekday,False,Clear,False,0.0,False,False,0.759,Severe,17.2,54.9,224.1,0.149,0.343,0.952,Heavy congestion detected - signal timing extended and reroute suggested
EVT432082,2025-06-04 08:34:37,Concert,J012,Koramangala Sony World,14606,Weekday,False,Rain,True,11.8,False,False,1.0,Severe,8.4,73.4,509.0,0.165,0.381,0.884,Heavy rain reducing visibility and grip - reduced speed and longer buffer advised
EVT432083,2025-09-22 11:33:21,Sports Fixture,J030,MG Road,30949,Weekday,False,Clear,False,0.0,False,False,0.479,Moderate,18.1,24.6,174.6,0.102,0.235,0.959,Moderate traffic flow - standard adaptive signal timing in effect
EVT432084,2025-07-23 14:15:00,Local Market Day,J009,Majestic,3744,Weekday,False,Clear,False,0.0,False,False,0.212,Low,35.7,13.2,121.9,0.109,0.253,0.99,Normal free-flow traffic - standard signal timing maintained
EVT432085,2025-06-20 19:28:34,Sports Fixture,J012,Koramangala Sony World,20147,Weekday,False,Rain,True,24.3,False,False,1.0,Severe,6.8,67.3,1016.2,0.252,0.581,0.893,Heavy rain reducing visibility and grip - reduced speed and longer buffer advised
EVT432086,2025-09-07 09:06:49,Trade Fair,J020,Malleshwaram Circle,14638,Weekend,False,Fog,False,0.0,False,False,0.978,Severe,8.7,68.1,529.3,0.185,0.427,0.915,Heavy congestion detected - signal timing extended and reroute suggested
EVT432087,2025-01-11 13:21:52,Local Market Day,J009,Majestic,3558,Weekend,False,Clear,False,0.0,False,False,0.34,Low,28.8,26.7,140.3,0.105,0.243,0.932,Moderate traffic flow - standard adaptive signal timing in effect
EVT432088,2025-06-04 12:51:42,Sports Fixture,J012,Koramangala Sony World,10555,Weekday,False,Light Rain,True,4.2,False,False,0.328,Low,33.8,21.9,149.8,0.132,0.304,0.927,Light rain detected - minor speed reduction advised
EVT432089,2025-09-19 20:04:43,Sports Fixture,J023,Basavanagudi,29539,Weekday,False,Rain,True,20.3,False,False,1.0,Severe,9.8,72.1,631.5,0.251,0.58,0.854,Heavy rain reducing visibility and grip - reduced speed and longer buffer advised
EVT432090,2026-05-31 13:22:49,Local Market Day,J011,Indiranagar 100ft Road,4385,Weekend,False,Clear,False,0.0,False,False,0.263,Low,29.8,17.2,122.7,0.113,0.262,0.99,Moderate traffic flow - standard adaptive signal timing in effect
EVT432091,2025-06-21 05:59:33,Political Rally,J020,Malleshwaram Circle,10698,Weekend,False,Clear,False,0.0,False,False,0.306,Low,29.5,20.9,185.6,0.152,0.351,0.968,Moderate traffic flow - standard adaptive signal timing in effect
EVT432092,2025-01-07 23:20:57,Concert,J023,Basavanagudi,8869,Weekday,False,Clear,False,0.0,False,False,0.229,Low,38.9,13.6,148.1,0.154,0.355,0.984,Normal free-flow traffic - standard signal timing maintained
EVT432093,2026-06-13 11:44:31,Local Market Day,J011,Indiranagar 100ft Road,4325,Weekend,False,Clear,False,0.0,False,False,0.426,Moderate,25.6,33.3,160.3,0.111,0.255,0.963,Moderate traffic flow - standard adaptive signal timing in effect
EVT432094,2025-10-20 20:34:43,Religious Festival,J020,Malleshwaram Circle,56150,Weekday,True,Rain,True,10.5,False,True,1.0,Severe,9.1,104.1,262.4,0.104,0.24,0.772,Road closure for event/procession - full detour recommended for through-traffic
EVT432095,2025-06-04 12:59:34,Local Market Day,J020,Malleshwaram Circle,2393,Weekday,False,Clear,False,0.0,False,False,0.103,Low,40.0,10.0,82.3,0.086,0.199,0.99,Normal free-flow traffic - standard signal timing maintained
EVT432096,2025-05-20 21:29:24,Concert,J030,MG Road,18198,Weekday,False,Clear,False,0.0,False,False,0.339,Low,24.4,16.0,207.8,0.151,0.348,0.967,Moderate traffic flow - standard adaptive signal timing in effect
EVT432097,2025-12-20 07:25:11,Sports Fixture,J009,Majestic,19016,Weekend,False,Clear,False,0.0,False,False,0.636,High,19.4,43.5,288.0,0.169,0.391,0.975,Moderate traffic flow - standard adaptive signal timing in effect
EVT432098,2025-07-12 19:21:49,Sports Fixture,J040,City Market,18963,Weekend,False,Clear,False,0.0,False,False,0.849,Severe,16.0,62.7,428.2,0.245,0.567,0.931,Heavy congestion detected - signal timing extended and reroute suggested
EVT432099,2025-04-26 12:55:36,Local Market Day,J011,Indiranagar 100ft Road,2714,Weekend,False,Clear,False,0.0,False,False,0.3,Low,35.5,20.6,92.6,0.09,0.209,0.965,Moderate traffic flow - standard adaptive signal timing in effect
EVT432100,2026-03-14 09:23:46,Local Market Day,J031,Cubbon Road,2526,Weekend,False,Clear,False,0.0,False,False,0.837,Severe,14.5,61.3,290.1,0.145,0.334,0.925,Heavy congestion detected - signal timing extended and reroute suggested
EVT432101,2025-04-10 16:19:06,Trade Fair,J023,Basavanagudi,12660,Weekday,False,Clear,False,0.0,False,False,0.464,Moderate,21.6,28.0,145.7,0.123,0.284,0.936,Moderate traffic flow - standard adaptive signal timing in effect
EVT432102,2026-04-26 18:42:27,Sports Fixture,J030,MG Road,29649,Weekend,False,Clear,False,0.0,False,False,1.0,Severe,9.6,69.9,448.4,0.162,0.375,0.919,Heavy congestion detected - signal timing extended and reroute suggested
EVT432103,2025-01-30 13:56:38,Local Market Day,J020,Malleshwaram Circle,3050,Weekday,False,Fog,False,0.0,False,False,0.26,Low,38.1,25.2,106.8,0.096,0.223,0.936,Moderate traffic flow - standard adaptive signal timing in effect
EVT432104,2025-01-31 18:12:06,Political Rally,J011,Indiranagar 100ft Road,23858,Weekday,False,Clear,False,0.0,False,False,1.0,Severe,10.9,68.2,517.8,0.214,0.495,0.934,Heavy congestion detected - signal timing extended and reroute suggested
EVT432105,2025-07-30 16:15:06,Concert,J023,Basavanagudi,15196,Weekday,False,Heavy Rain,True,67.0,False,False,0.911,Severe,13.3,65.0,388.7,0.194,0.448,0.896,Heavy rain reducing visibility and grip - reduced speed and longer buffer advised
EVT432106,2025-09-03 15:58:20,Local Market Day,J040,City Market,4521,Weekday,False,Clear,False,0.0,False,False,0.336,Low,27.8,21.7,88.8,0.07,0.161,0.965,Moderate traffic flow - standard adaptive signal timing in effect
EVT432107,2025-11-01 16:27:24,Religious Festival,J030,MG Road,41482,Weekend,True,Rain,True,15.3,False,True,1.0,Severe,9.1,90.7,746.4,0.245,0.567,0.805,Road closure for event/procession - full detour recommended for through-traffic
EVT432108,2025-07-21 16:58:16,Concert,J020,Malleshwaram Circle,18137,Weekday,False,Clear,False,0.0,False,False,0.81,Severe,15.5,56.5,307.6,0.166,0.383,0.965,Heavy congestion detected - signal timing extended and reroute suggested
EVT432109,2025-06-13 13:04:11,Local Market Day,J011,Indiranagar 100ft Road,3603,Weekday,False,Fog,False,0.0,False,False,0.191,Low,28.6,15.1,131.6,0.073,0.168,0.99,Normal free-flow traffic - standard signal timing maintained
EVT432110,2025-10-12 16:13:15,Local Market Day,J020,Malleshwaram Circle,4395,Weekend,False,Rain,True,17.9,False,False,0.69,High,17.2,49.6,182.8,0.125,0.288,0.923,Heavy rain reducing visibility and grip - reduced speed and longer buffer advised
EVT432111,2026-03-20 13:08:33,Religious Festival,J040,City Market,67871,Weekday,True,Clear,False,0.0,False,True,0.933,Severe,10.4,94.6,357.9,0.149,0.345,0.819,Road closure for event/procession - full detour recommended for through-traffic
EVT432112,2026-03-24 08:25:57,Political Rally,J012,Koramangala Sony World,25190,Weekday,False,Clear,False,0.0,False,False,1.0,Severe,9.2,72.2,741.7,0.269,0.621,0.889,Heavy congestion detected - signal timing extended and reroute suggested
EVT432113,2025-03-17 12:30:24,Sports Fixture,J009,Majestic,13448,Weekday,False,Clear,False,0.0,False,False,0.241,Low,28.3,17.9,224.9,0.164,0.379,0.959,Normal free-flow traffic - standard signal timing maintained
EVT432114,2025-08-03 19:30:54,Local Market Day,J023,Basavanagudi,2780,Weekend,False,Clear,False,0.0,False,False,0.791,Severe,16.6,51.7,290.6,0.164,0.38,0.95,Heavy congestion detected - signal timing extended and reroute suggested
EVT432115,2025-05-23 10:59:03,Sports Fixture,J040,City Market,37889,Weekday,False,Clear,False,0.0,False,False,0.629,High,21.6,43.8,227.1,0.149,0.343,0.983,Moderate traffic flow - standard adaptive signal timing in effect
EVT432116,2025-12-07 11:50:54,Trade Fair,J031,Cubbon Road,9508,Weekend,False,Clear,False,0.0,False,False,0.254,Low,36.4,24.2,151.6,0.123,0.284,0.961,Moderate traffic flow - standard adaptive signal timing in effect
EVT432117,2025-05-23 16:09:54,Local Market Day,J040,City Market,2856,Weekday,False,Clear,False,0.0,False,False,0.418,Moderate,29.1,28.6,221.4,0.198,0.457,0.99,Moderate traffic flow - standard adaptive signal timing in effect
EVT432118,2025-02-25 18:27:03,Sports Fixture,J009,Majestic,23010,Weekday,False,Clear,False,0.0,False,False,1.0,Severe,9.2,75.6,569.9,0.21,0.485,0.913,Heavy congestion detected - signal timing extended and reroute suggested
EVT432119,2025-06-23 20:59:13,Local Market Day,J009,Majestic,4834,Weekday,False,Clear,False,0.0,False,False,0.476,Moderate,26.4,35.0,163.3,0.128,0.296,0.967,Moderate traffic flow - standard adaptive signal timing in effect
EVT432120,2025-01-18 17:08:13,Trade Fair,J012,Koramangala Sony World,6720,Weekend,False,Clear,False,0.0,False,False,0.71,High,18.6,50.3,302.6,0.171,0.394,0.956,Moderate traffic flow - standard adaptive signal timing in effect
EVT432121,2025-04-24 21:10:35,Concert,J023,Basavanagudi,12512,Weekday,False,Clear,False,0.0,False,False,0.458,Moderate,30.7,29.9,179.9,0.169,0.391,0.978,Moderate traffic flow - standard adaptive signal timing in effect
EVT432122,2025-08-04 18:26:52,Local Market Day,J020,Malleshwaram Circle,4268,Weekday,False,Clear,False,0.0,False,False,1.0,Severe,8.1,74.4,562.3,0.202,0.467,0.916,Heavy congestion detected - signal timing extended and reroute suggested
EVT432123,2026-01-11 11:46:19,Sports Fixture,J031,Cubbon Road,19955,Weekend,False,Clear,False,0.0,False,False,0.39,Moderate,24.9,25.9,156.3,0.09,0.208,0.967,Moderate traffic flow - standard adaptive signal timing in effect
EVT432124,2025-07-23 11:14:28,Concert,J031,Cubbon Road,16268,Weekday,False,Heavy Rain,True,88.0,False,False,0.802,Severe,17.8,57.7,432.7,0.263,0.609,0.896,Heavy rain reducing visibility and grip - reduced speed and longer buffer advised
EVT432125,2026-02-02 11:28:59,Local Market Day,J040,City Market,3823,Weekday,False,Clear,False,0.0,False,False,0.338,Low,31.5,24.0,157.0,0.14,0.324,0.964,Moderate traffic flow - standard adaptive signal timing in effect
EVT432126,2026-04-14 08:43:47,Religious Festival,J012,Koramangala Sony World,23994,Weekday,True,Clear,False,0.0,False,False,1.0,Severe,7.4,71.1,429.8,0.142,0.328,0.862,Festival crowd surge detected - alternate route and extended cycle recommended
EVT432127,2025-04-30 16:33:55,Trade Fair,J011,Indiranagar 100ft Road,12022,Weekday,False,Clear,False,0.0,False,False,0.573,High,23.8,42.3,297.1,0.203,0.47,0.966,Moderate traffic flow - standard adaptive signal timing in effect
EVT432128,2026-01-23 14:13:24,Sports Fixture,J011,Indiranagar 100ft Road,30720,Weekday,False,Clear,False,0.0,False,False,0.346,Low,34.6,23.2,193.8,0.19,0.439,0.941,Moderate traffic flow - standard adaptive signal timing in effect
EVT432129,2025-05-03 08:14:06,Local Market Day,J011,Indiranagar 100ft Road,3831,Weekend,False,Light Rain,True,5.1,False,False,0.899,Severe,12.7,63.9,369.0,0.179,0.413,0.874,Heavy rain reducing visibility and grip - reduced speed and longer buffer advised
EVT432130,2025-06-07 17:01:45,Trade Fair,J012,Koramangala Sony World,7852,Weekend,False,Clear,False,0.0,False,False,0.656,High,16.6,43.6,315.2,0.166,0.384,0.984,Moderate traffic flow - standard adaptive signal timing in effect
EVT432131,2025-05-18 21:31:49,Concert,J011,Indiranagar 100ft Road,10115,Weekend,False,Fog,False,0.0,False,False,0.351,Moderate,25.4,20.7,203.5,0.134,0.309,0.913,Moderate traffic flow - standard adaptive signal timing in effect
EVT432132,2026-01-09 11:28:58,Trade Fair,J012,Koramangala Sony World,7094,Weekday,False,Clear,False,0.0,False,False,0.376,Moderate,26.6,27.1,167.9,0.136,0.313,0.957,Moderate traffic flow - standard adaptive signal timing in effect
EVT432133,2026-04-11 16:38:25,Concert,J020,Malleshwaram Circle,10169,Weekend,False,Clear,False,0.0,False,False,0.605,High,23.9,41.2,225.4,0.152,0.352,0.983,Moderate traffic flow - standard adaptive signal timing in effect
EVT432134,2026-03-21 10:45:23,Sports Fixture,J011,Indiranagar 100ft Road,17193,Weekend,False,Clear,False,0.0,False,False,0.6,High,24.7,36.9,225.5,0.163,0.378,0.975,Moderate traffic flow - standard adaptive signal timing in effect
EVT432135,2025-08-19 20:38:52,Sports Fixture,J031,Cubbon Road,23447,Weekday,False,Heavy Rain,True,63.2,False,False,1.0,Severe,7.9,63.9,945.8,0.302,0.698,0.886,Heavy rain reducing visibility and grip - reduced speed and longer buffer advised
EVT432136,2025-08-22 09:42:01,Sports Fixture,J023,Basavanagudi,20033,Weekday,False,Rain,True,19.3,True,False,1.0,Severe,7.3,67.5,409.0,0.132,0.306,0.719,Accident detected nearby - reroute and reduced speed advised
EVT432137,2025-05-04 17:36:54,Local Market Day,J030,MG Road,4896,Weekend,False,Heavy Rain,True,25.8,False,False,1.0,Severe,9.0,70.4,193.2,0.092,0.213,0.841,Heavy rain reducing visibility and grip - reduced speed and longer buffer advised
EVT432138,2026-05-30 17:49:47,Sports Fixture,J030,MG Road,40036,Weekend,False,Rain,True,14.1,False,False,1.0,Severe,9.2,70.0,559.2,0.215,0.498,0.874,Heavy rain reducing visibility and grip - reduced speed and longer buffer advised
EVT432139,2026-01-12 15:23:00,Trade Fair,J020,Malleshwaram Circle,6436,Weekday,False,Light Rain,True,1.5,False,False,0.371,Moderate,30.7,27.1,200.0,0.179,0.413,0.905,Light rain detected - minor speed reduction advised
EVT432140,2025-11-15 06:37:24,Sports Fixture,J040,City Market,23260,Weekend,False,Clear,False,0.0,False,False,0.526,Moderate,23.1,38.6,201.4,0.139,0.322,0.959,Moderate traffic flow - standard adaptive signal timing in effect
EVT432141,2026-03-19 14:12:53,Religious Festival,J030,MG Road,47282,Weekday,True,Clear,False,0.0,False,True,0.865,High,11.6,83.9,536.7,0.224,0.518,0.866,Road closure for event/procession - full detour recommended for through-traffic
EVT432142,2025-05-09 05:02:21,Local Market Day,J030,MG Road,3688,Weekday,False,Clear,False,0.0,False,False,0.163,Low,26.1,13.7,161.0,0.119,0.275,0.97,Normal free-flow traffic - standard signal timing maintained
EVT432143,2025-06-07 12:16:55,Concert,J030,MG Road,12217,Weekend,False,Clear,False,0.0,False,False,0.372,Moderate,31.1,26.8,260.5,0.229,0.529,0.951,Moderate traffic flow - standard adaptive signal timing in effect
EVT432144,2025-12-08 14:19:29,Sports Fixture,J040,City Market,14930,Weekday,False,Clear,False,0.0,False,False,0.185,Low,39.3,5.4,156.1,0.142,0.328,0.958,Normal free-flow traffic - standard signal timing maintained
EVT432145,2025-09-20 19:45:19,Local Market Day,J040,City Market,2837,Weekend,False,Heavy Rain,True,58.9,False,False,1.0,Severe,10.6,70.1,456.3,0.203,0.47,0.869,Heavy rain reducing visibility and grip - reduced speed and longer buffer advised
EVT432146,2025-12-09 03:39:01,Concert,J011,Indiranagar 100ft Road,10817,Weekday,False,Clear,False,0.0,False,False,0.187,Low,35.0,18.0,72.6,0.056,0.129,0.953,Normal free-flow traffic - standard signal timing maintained
EVT432147,2026-04-25 18:33:29,Political Rally,J009,Majestic,27107,Weekend,False,Clear,False,0.0,False,False,1.0,Severe,10.2,69.9,424.1,0.177,0.409,0.89,Heavy congestion detected - signal timing extended and reroute suggested
EVT432148,2025-11-04 11:43:58,Trade Fair,J030,MG Road,15499,Weekday,False,Clear,False,0.0,False,False,0.404,Moderate,29.6,21.8,217.2,0.175,0.405,0.987,Moderate traffic flow - standard adaptive signal timing in effect
EVT432149,2025-12-14 21:19:51,Local Market Day,J023,Basavanagudi,8720,Weekend,False,Clear,False,0.0,False,False,0.388,Moderate,28.6,33.8,97.3,0.077,0.177,0.959,Moderate traffic flow - standard adaptive signal timing in effect
EVT432150,2025-01-16 19:07:51,Local Market Day,J023,Basavanagudi,3139,Weekday,False,Clear,False,0.0,False,False,0.976,Severe,8.5,69.9,713.4,0.273,0.63,0.931,Heavy congestion detected - signal timing extended and reroute suggested
EVT432151,2026-03-31 17:12:19,Local Market Day,J023,Basavanagudi,2790,Weekday,False,Clear,False,0.0,False,False,0.805,Severe,20.0,53.4,127.2,0.073,0.168,0.943,Heavy congestion detected - signal timing extended and reroute suggested
EVT432152,2025-06-19 05:21:42,Political Rally,J012,Koramangala Sony World,12597,Weekday,False,Clear,False,0.0,False,False,0.232,Low,31.6,14.8,126.3,0.093,0.215,0.959,Normal free-flow traffic - standard signal timing maintained
EVT432153,2025-03-24 12:37:28,Trade Fair,J030,MG Road,6204,Weekday,False,Clear,False,0.0,False,False,0.21,Low,34.2,17.1,137.7,0.11,0.255,0.978,Normal free-flow traffic - standard signal timing maintained
EVT432154,2026-02-10 18:34:36,Local Market Day,J012,Koramangala Sony World,2982,Weekday,False,Clear,False,0.0,False,False,1.0,Severe,8.3,70.5,764.6,0.247,0.571,0.919,Heavy congestion detected - signal timing extended and reroute suggested
EVT432155,2025-06-10 18:32:32,Local Market Day,J009,Majestic,3305,Weekday,False,Heavy Rain,True,40.9,False,False,1.0,Severe,8.9,65.0,248.1,0.087,0.201,0.866,Heavy rain reducing visibility and grip - reduced speed and longer buffer advised
EVT432156,2025-02-20 09:47:48,Trade Fair,J031,Cubbon Road,9279,Weekday,False,Clear,False,0.0,False,False,0.886,Severe,12.8,64.5,356.9,0.162,0.374,0.947,Heavy congestion detected - signal timing extended and reroute suggested
EVT432157,2025-11-04 23:38:08,Local Market Day,J009,Majestic,5446,Weekday,False,Heavy Rain,True,29.5,True,False,0.876,Severe,10.8,65.7,630.7,0.251,0.58,0.736,Accident detected nearby - reroute and reduced speed advised
EVT432158,2026-01-13 20:58:41,Sports Fixture,J023,Basavanagudi,21662,Weekday,False,Clear,False,0.0,False,False,0.56,High,19.0,45.8,354.6,0.201,0.463,0.941,Moderate traffic flow - standard adaptive signal timing in effect
EVT432159,2026-03-23 19:37:55,Concert,J030,MG Road,22802,Weekday,False,Clear,False,0.0,False,False,0.924,Severe,10.2,62.1,610.1,0.233,0.539,0.942,Heavy congestion detected - signal timing extended and reroute suggested
EVT432160,2026-03-13 12:24:16,Concert,J030,MG Road,13193,Weekday,False,Clear,False,0.0,False,False,0.317,Low,30.1,28.5,79.3,0.06,0.139,0.972,Moderate traffic flow - standard adaptive signal timing in effect
EVT432161,2025-05-27 09:17:43,Sports Fixture,J030,MG Road,15471,Weekday,False,Clear,False,0.0,False,False,1.0,Severe,7.7,74.6,715.3,0.218,0.505,0.945,Heavy congestion detected - signal timing extended and reroute suggested
EVT432162,2025-04-04 09:38:25,Trade Fair,J009,Majestic,9877,Weekday,False,Clear,False,0.0,False,False,0.976,Severe,10.7,68.1,292.2,0.124,0.287,0.913,Heavy congestion detected - signal timing extended and reroute suggested
EVT432163,2026-03-18 12:41:24,Political Rally,J009,Majestic,13783,Weekday,False,Clear,False,0.0,False,False,0.2,Low,30.2,15.4,82.2,0.055,0.126,0.967,Normal free-flow traffic - standard signal timing maintained
EVT432164,2025-10-26 20:23:37,Trade Fair,J031,Cubbon Road,9917,Weekend,False,Light Rain,True,2.3,False,False,0.712,High,15.0,51.9,200.1,0.114,0.262,0.943,Heavy rain reducing visibility and grip - reduced speed and longer buffer advised
EVT432165,2026-02-08 13:58:26,Local Market Day,J020,Malleshwaram Circle,8688,Weekend,False,Clear,False,0.0,False,False,0.312,Low,34.0,30.9,90.4,0.059,0.136,0.99,Moderate traffic flow - standard adaptive signal timing in effect
EVT432166,2025-02-17 16:03:59,Concert,J009,Majestic,13928,Weekday,False,Clear,False,0.0,False,False,0.582,High,28.2,36.1,116.7,0.082,0.189,0.933,Moderate traffic flow - standard adaptive signal timing in effect
EVT432167,2025-10-29 13:59:51,Local Market Day,J023,Basavanagudi,6927,Weekday,False,Clear,False,0.0,False,False,0.209,Low,34.2,11.0,135.7,0.118,0.273,0.983,Normal free-flow traffic - standard signal timing maintained
EVT432168,2026-05-14 15:07:14,Trade Fair,J009,Majestic,8601,Weekday,False,Heavy Rain,True,27.1,False,False,0.549,Moderate,24.4,37.3,100.6,0.077,0.177,0.889,Light rain detected - minor speed reduction advised
EVT432169,2025-02-10 09:46:37,Sports Fixture,J030,MG Road,26853,Weekday,False,Clear,False,0.0,False,False,1.0,Severe,9.7,72.3,832.9,0.318,0.735,0.908,Heavy congestion detected - signal timing extended and reroute suggested
EVT432170,2025-07-06 15:43:29,Trade Fair,J011,Indiranagar 100ft Road,4916,Weekend,False,Clear,False,0.0,False,False,0.377,Moderate,32.3,22.1,122.7,0.099,0.228,0.963,Moderate traffic flow - standard adaptive signal timing in effect
EVT432171,2026-06-18 21:19:49,Trade Fair,J023,Basavanagudi,5838,Weekday,False,Clear,False,0.0,False,False,0.421,Moderate,20.7,34.2,199.2,0.126,0.29,0.978,Moderate traffic flow - standard adaptive signal timing in effect
EVT432172,2026-02-19 13:19:54,Local Market Day,J020,Malleshwaram Circle,2578,Weekday,False,Clear,False,0.0,False,False,0.141,Low,38.6,16.8,99.3,0.09,0.207,0.957,Normal free-flow traffic - standard signal timing maintained
EVT432173,2025-06-21 10:08:16,Local Market Day,J011,Indiranagar 100ft Road,2494,Weekend,False,Clear,False,0.0,False,False,0.681,High,20.5,50.8,300.3,0.208,0.48,0.967,Moderate traffic flow - standard adaptive signal timing in effect
EVT432174,2026-01-31 19:59:31,Local Market Day,J011,Indiranagar 100ft Road,8661,Weekend,False,Clear,False,0.0,False,False,0.611,High,18.7,35.9,248.3,0.159,0.367,0.988,Moderate traffic flow - standard adaptive signal timing in effect
EVT432175,2025-04-07 12:07:24,Cultural Procession,J023,Basavanagudi,12710,Weekday,True,Clear,False,0.0,False,False,0.486,Moderate,31.4,25.2,117.9,0.106,0.244,0.904,Moderate traffic flow - standard adaptive signal timing in effect
EVT432176,2026-04-25 13:39:01,Concert,J009,Majestic,8894,Weekend,False,Clear,False,0.0,False,False,0.264,Low,33.7,23.2,110.5,0.089,0.206,0.951,Moderate traffic flow - standard adaptive signal timing in effect
EVT432177,2025-01-01 13:40:18,Local Market Day,J040,City Market,2360,Weekday,False,Clear,False,0.0,False,False,0.205,Low,37.9,17.2,115.7,0.11,0.254,0.959,Normal free-flow traffic - standard signal timing maintained
EVT432178,2025-12-12 17:52:44,Concert,J040,City Market,13767,Weekday,False,Clear,False,0.0,False,False,1.0,Severe,9.4,74.1,840.2,0.293,0.678,0.916,Heavy congestion detected - signal timing extended and reroute suggested
EVT432179,2025-11-20 13:18:58,Trade Fair,J023,Basavanagudi,9159,Weekday,False,Light Rain,True,6.9,False,False,0.357,Moderate,21.1,26.7,276.4,0.15,0.347,0.927,Light rain detected - minor speed reduction advised
EVT432180,2025-06-30 07:58:27,Concert,J009,Majestic,8027,Weekday,False,Fog,False,0.0,False,False,0.851,Severe,14.5,67.8,405.7,0.205,0.475,0.94,Heavy congestion detected - signal timing extended and reroute suggested
EVT432181,2025-12-01 18:35:53,Local Market Day,J031,Cubbon Road,3150,Weekday,False,Clear,False,0.0,False,False,1.0,Severe,7.8,70.2,395.6,0.135,0.312,0.935,Heavy congestion detected - signal timing extended and reroute suggested
EVT432182,2026-06-04 06:06:03,Sports Fixture,J020,Malleshwaram Circle,46372,Weekday,False,Heavy Rain,True,43.1,False,False,0.816,Severe,15.4,53.8,218.7,0.112,0.259,0.9,Heavy rain reducing visibility and grip - reduced speed and longer buffer advised
EVT432183,2026-02-11 18:40:49,Concert,J031,Cubbon Road,14933,Weekday,False,Clear,False,0.0,False,False,1.0,Severe,9.1,69.1,255.4,0.125,0.288,0.898,Heavy congestion detected - signal timing extended and reroute suggested
EVT432184,2026-02-22 14:26:34,Political Rally,J012,Koramangala Sony World,15441,Weekend,False,Clear,False,0.0,False,False,0.328,Low,26.9,27.6,133.6,0.107,0.246,0.958,Moderate traffic flow - standard adaptive signal timing in effect
EVT432185,2025-07-16 10:40:44,Concert,J012,Koramangala Sony World,9817,Weekday,False,Clear,False,0.0,False,False,0.606,High,17.6,45.6,328.4,0.203,0.47,0.962,Moderate traffic flow - standard adaptive signal timing in effect
EVT432186,2026-04-02 19:48:01,Local Market Day,J020,Malleshwaram Circle,3912,Weekday,False,Clear,False,0.0,False,False,0.848,Severe,15.7,61.2,368.9,0.204,0.471,0.946,Heavy congestion detected - signal timing extended and reroute suggested
EVT432187,2025-03-28 09:59:52,Local Market Day,J030,MG Road,5088,Weekday,False,Clear,False,0.0,False,False,0.834,Severe,14.4,61.5,364.6,0.188,0.434,0.974,Heavy congestion detected - signal timing extended and reroute suggested
EVT432188,2025-09-21 15:30:44,Concert,J009,Majestic,16884,Weekend,False,Clear,False,0.0,False,False,0.384,Moderate,24.7,23.4,162.2,0.116,0.268,0.979,Moderate traffic flow - standard adaptive signal timing in effect
EVT432189,2026-05-31 17:34:47,Concert,J040,City Market,7848,Weekend,False,Clear,False,0.0,False,False,0.842,Severe,13.7,65.8,337.1,0.173,0.399,0.959,Heavy congestion detected - signal timing extended and reroute suggested
EVT432190,2025-08-06 18:11:30,Trade Fair,J011,Indiranagar 100ft Road,9600,Weekday,False,Heavy Rain,True,73.6,False,False,1.0,Severe,7.1,67.1,594.6,0.189,0.436,0.85,Heavy rain reducing visibility and grip - reduced speed and longer buffer advised
EVT432191,2026-05-08 13:23:59,Political Rally,J031,Cubbon Road,14633,Weekday,False,Clear,False,0.0,False,False,0.286,Low,27.5,19.1,214.2,0.161,0.371,0.979,Moderate traffic flow - standard adaptive signal timing in effect
EVT432192,2026-02-11 09:17:30,Local Market Day,J020,Malleshwaram Circle,4288,Weekday,False,Clear,False,0.0,False,False,0.993,Severe,6.4,62.2,623.6,0.158,0.365,0.904,Heavy congestion detected - signal timing extended and reroute suggested
EVT432193,2026-05-29 22:09:40,Political Rally,J012,Koramangala Sony World,11399,Weekday,False,Clear,False,0.0,False,False,0.359,Moderate,37.6,27.6,140.3,0.137,0.317,0.951,Moderate traffic flow - standard adaptive signal timing in effect
EVT432194,2025-12-03 23:13:36,Trade Fair,J030,MG Road,8331,Weekday,False,Clear,False,0.0,False,False,0.238,Low,24.8,17.0,188.4,0.12,0.278,0.966,Normal free-flow traffic - standard signal timing maintained
EVT432195,2025-03-29 14:39:41,Political Rally,J030,MG Road,8546,Weekend,False,Clear,False,0.0,False,False,0.37,Moderate,28.2,25.8,128.7,0.114,0.264,0.981,Moderate traffic flow - standard adaptive signal timing in effect
EVT432196,2026-03-05 18:32:34,Religious Festival,J023,Basavanagudi,56913,Weekday,True,Clear,False,0.0,False,True,1.0,Severe,9.1,96.6,621.5,0.254,0.586,0.826,Road closure for event/procession - full detour recommended for through-traffic
EVT432197,2025-02-16 22:51:37,Concert,J009,Majestic,9375,Weekend,False,Clear,False,0.0,False,False,0.347,Low,32.7,21.3,60.2,0.064,0.147,0.967,Moderate traffic flow - standard adaptive signal timing in effect
EVT432198,2025-05-31 07:56:13,Sports Fixture,J012,Koramangala Sony World,28920,Weekend,False,Clear,False,0.0,False,False,0.826,Severe,14.9,62.7,290.9,0.148,0.343,0.943,Heavy congestion detected - signal timing extended and reroute suggested
EVT432199,2025-06-17 14:22:51,Local Market Day,J020,Malleshwaram Circle,1763,Weekday,False,Heavy Rain,True,33.2,False,False,0.629,High,21.0,38.7,170.3,0.125,0.289,0.909,Heavy rain reducing visibility and grip - reduced speed and longer buffer advised
EVT432200,2025-12-08 16:17:25,Trade Fair,J040,City Market,9580,Weekday,False,Clear,False,0.0,False,False,0.514,Moderate,23.5,36.5,228.1,0.15,0.347,0.959,Moderate traffic flow - standard adaptive signal timing in effect
EVT432201,2026-06-15 06:03:25,Sports Fixture,J023,Basavanagudi,20651,Weekday,False,Rain,True,17.1,False,False,0.561,High,27.8,43.6,218.8,0.189,0.436,0.934,Heavy rain reducing visibility and grip - reduced speed and longer buffer advised
EVT432202,2025-07-05 18:03:52,Trade Fair,J023,Basavanagudi,8279,Weekend,False,Rain,True,20.8,False,False,1.0,Severe,8.4,72.2,482.1,0.179,0.412,0.851,Heavy rain reducing visibility and grip - reduced speed and longer buffer advised
EVT432203,2026-03-07 19:48:21,Trade Fair,J011,Indiranagar 100ft Road,6407,Weekend,False,Clear,False,0.0,False,False,0.677,High,16.2,48.7,420.0,0.238,0.551,0.978,Moderate traffic flow - standard adaptive signal timing in effect
EVT432204,2025-11-12 09:22:25,Trade Fair,J009,Majestic,7124,Weekday,False,Clear,False,0.0,False,False,1.0,Severe,9.1,68.9,545.4,0.211,0.488,0.919,Heavy congestion detected - signal timing extended and reroute suggested
EVT432205,2025-06-24 15:02:09,Local Market Day,J040,City Market,2737,Weekday,False,Clear,False,0.0,False,False,0.258,Low,28.4,15.6,214.3,0.156,0.36,0.96,Moderate traffic flow - standard adaptive signal timing in effect
EVT432206,2026-04-12 07:45:31,Sports Fixture,J020,Malleshwaram Circle,12560,Weekend,False,Fog,False,0.0,False,False,0.635,High,23.1,46.7,153.1,0.091,0.211,0.959,Moderate traffic flow - standard adaptive signal timing in effect
EVT432207,2026-03-13 18:17:30,Local Market Day,J009,Majestic,4190,Weekday,False,Clear,False,0.0,False,False,1.0,Severe,7.1,71.5,545.1,0.172,0.398,0.895,Heavy congestion detected - signal timing extended and reroute suggested
EVT432208,2025-07-30 08:18:01,Sports Fixture,J030,MG Road,18368,Weekday,False,Light Rain,True,5.2,False,False,1.0,Severe,8.9,68.2,536.2,0.189,0.437,0.853,Heavy rain reducing visibility and grip - reduced speed and longer buffer advised
EVT432209,2025-03-17 01:08:46,Local Market Day,J012,Koramangala Sony World,4021,Weekday,False,Clear,False,0.0,False,False,0.193,Low,37.8,9.9,132.2,0.132,0.306,0.962,Normal free-flow traffic - standard signal timing maintained
EVT432210,2025-03-13 14:05:44,Local Market Day,J020,Malleshwaram Circle,6599,Weekday,False,Clear,False,0.0,False,False,0.231,Low,42.6,17.3,90.2,0.103,0.239,0.924,Normal free-flow traffic - standard signal timing maintained
EVT432211,2025-01-10 08:09:25,Concert,J009,Majestic,7729,Weekday,False,Clear,False,0.0,False,False,0.843,Severe,15.6,62.3,453.6,0.25,0.578,0.958,Heavy congestion detected - signal timing extended and reroute suggested
EVT432212,2025-10-08 21:59:38,Concert,J012,Koramangala Sony World,21268,Weekday,False,Rain,True,16.5,False,False,0.568,High,24.7,42.1,104.5,0.074,0.171,0.917,Heavy rain reducing visibility and grip - reduced speed and longer buffer advised
EVT432213,2025-05-27 21:54:47,Concert,J011,Indiranagar 100ft Road,12447,Weekday,False,Clear,False,0.0,False,False,0.228,Low,34.1,16.3,95.8,0.082,0.189,0.982,Normal free-flow traffic - standard signal timing maintained
EVT432214,2025-01-14 15:28:00,Religious Festival,J031,Cubbon Road,27695,Weekday,True,Clear,False,0.0,False,False,0.708,High,17.9,50.1,211.0,0.128,0.295,0.939,Festival crowd surge detected - alternate route and extended cycle recommended
EVT432215,2025-02-21 08:07:15,Concert,J031,Cubbon Road,10961,Weekday,False,Clear,False,0.0,False,False,0.956,Severe,10.4,73.8,439.0,0.188,0.435,0.927,Heavy congestion detected - signal timing extended and reroute suggested
EVT432216,2026-05-23 20:15:49,Sports Fixture,J030,MG Road,28066,Weekend,False,Clear,False,0.0,False,False,0.71,High,17.4,54.6,249.5,0.133,0.306,0.96,Moderate traffic flow - standard adaptive signal timing in effect
EVT432217,2025-08-02 18:20:01,Local Market Day,J012,Koramangala Sony World,6764,Weekend,False,Clear,False,0.0,True,False,1.0,Severe,6.9,75.6,764.3,0.201,0.464,0.762,Accident detected nearby - reroute and reduced speed advised
EVT432218,2025-09-02 22:47:34,Local Market Day,J040,City Market,6130,Weekday,False,Clear,False,0.0,False,False,0.181,Low,32.2,15.4,115.4,0.089,0.205,0.941,Normal free-flow traffic - standard signal timing maintained
EVT432219,2026-03-03 18:33:26,Sports Fixture,J023,Basavanagudi,27615,Weekday,False,Clear,False,0.0,False,False,1.0,Severe,7.3,73.2,705.5,0.215,0.497,0.906,Heavy congestion detected - signal timing extended and reroute suggested
EVT432220,2026-04-30 09:57:54,Sports Fixture,J030,MG Road,25446,Weekday,False,Clear,False,0.0,False,False,1.0,Severe,9.0,75.1,288.9,0.121,0.28,0.91,Heavy congestion detected - signal timing extended and reroute suggested
EVT432221,2026-03-17 07:59:20,Concert,J040,City Market,17423,Weekday,False,Clear,False,0.0,False,False,0.881,Severe,12.4,67.4,272.7,0.123,0.284,0.96,Heavy congestion detected - signal timing extended and reroute suggested
EVT432222,2026-01-12 12:48:41,Concert,J011,Indiranagar 100ft Road,21828,Weekday,False,Clear,False,0.0,False,False,0.29,Low,32.7,19.3,151.4,0.127,0.294,0.985,Moderate traffic flow - standard adaptive signal timing in effect
EVT432223,2025-12-05 21:14:32,Local Market Day,J009,Majestic,3502,Weekday,False,Clear,False,0.0,False,False,0.416,Moderate,28.4,31.4,131.6,0.108,0.248,0.962,Moderate traffic flow - standard adaptive signal timing in effect
EVT432224,2025-07-27 11:52:15,Concert,J020,Malleshwaram Circle,16620,Weekend,False,Heavy Rain,True,41.2,False,False,0.695,High,21.4,49.0,275.2,0.178,0.412,0.927,Heavy rain reducing visibility and grip - reduced speed and longer buffer advised
EVT432225,2025-01-01 14:09:01,Political Rally,J030,MG Road,15106,Weekday,False,Light Rain,True,2.3,False,False,0.317,Low,29.5,19.2,123.1,0.111,0.255,0.914,Light rain detected - minor speed reduction advised
EVT432226,2025-10-16 22:50:35,Local Market Day,J012,Koramangala Sony World,3260,Weekday,False,Clear,False,0.0,False,False,0.188,Low,28.7,11.5,210.7,0.147,0.34,0.968,Normal free-flow traffic - standard signal timing maintained
EVT432227,2025-07-09 20:51:30,Local Market Day,J011,Indiranagar 100ft Road,4494,Weekday,False,Clear,False,0.0,False,False,0.428,Moderate,26.9,28.5,157.6,0.124,0.286,0.97,Moderate traffic flow - standard adaptive signal timing in effect
EVT432228,2026-06-08 06:59:24,Sports Fixture,J023,Basavanagudi,24259,Weekday,False,Heavy Rain,True,46.9,False,False,0.867,Severe,11.1,57.0,315.5,0.112,0.259,0.896,Heavy rain reducing visibility and grip - reduced speed and longer buffer advised
EVT432229,2025-05-02 10:45:13,Cultural Procession,J023,Basavanagudi,9836,Weekday,True,Clear,False,0.0,False,True,0.923,Severe,11.4,98.0,450.2,0.199,0.46,0.853,Road closure for event/procession - full detour recommended for through-traffic
EVT432230,2025-08-20 09:56:51,Political Rally,J012,Koramangala Sony World,9699,Weekday,False,Clear,False,0.0,False,False,0.829,Severe,13.0,62.2,489.4,0.234,0.54,0.942,Heavy congestion detected - signal timing extended and reroute suggested
EVT432231,2026-04-18 17:50:24,Concert,J020,Malleshwaram Circle,14205,Weekend,False,Rain,True,12.9,False,False,1.0,Severe,9.0,71.6,313.5,0.119,0.274,0.882,Heavy rain reducing visibility and grip - reduced speed and longer buffer advised
EVT432232,2025-08-10 09:40:10,Local Market Day,J020,Malleshwaram Circle,5357,Weekend,False,Clear,False,0.0,False,False,0.759,Severe,15.1,52.0,388.7,0.206,0.477,0.947,Heavy congestion detected - signal timing extended and reroute suggested
EVT432233,2026-04-05 21:35:41,Trade Fair,J020,Malleshwaram Circle,7423,Weekend,False,Rain,True,17.2,False,False,0.612,High,28.2,52.4,242.1,0.176,0.406,0.892,Heavy rain reducing visibility and grip - reduced speed and longer buffer advised
EVT432234,2025-01-07 18:06:52,Local Market Day,J020,Malleshwaram Circle,5453,Weekday,False,Clear,False,0.0,False,False,1.0,Severe,7.0,70.4,673.4,0.187,0.433,0.932,Heavy congestion detected - signal timing extended and reroute suggested
EVT432235,2025-01-05 19:10:08,Sports Fixture,J009,Majestic,16185,Weekend,False,Clear,False,0.0,False,False,0.815,Severe,16.1,62.8,381.7,0.194,0.448,0.97,Heavy congestion detected - signal timing extended and reroute suggested
EVT432236,2025-01-05 21:08:51,Local Market Day,J011,Indiranagar 100ft Road,3104,Weekend,False,Clear,False,0.0,False,False,0.395,Moderate,33.1,27.2,170.6,0.141,0.326,0.956,Moderate traffic flow - standard adaptive signal timing in effect
EVT432237,2025-07-11 09:43:25,Local Market Day,J011,Indiranagar 100ft Road,5492,Weekday,False,Clear,False,0.0,False,False,0.951,Severe,12.8,62.6,292.6,0.148,0.343,0.904,Heavy congestion detected - signal timing extended and reroute suggested
EVT432238,2026-03-06 09:32:29,Concert,J009,Majestic,8965,Weekday,False,Clear,False,0.0,False,False,1.0,Severe,8.8,67.1,683.4,0.245,0.566,0.934,Heavy congestion detected - signal timing extended and reroute suggested
EVT432239,2025-05-31 17:28:12,Local Market Day,J023,Basavanagudi,2560,Weekend,False,Clear,False,0.0,False,False,0.749,High,17.8,51.0,192.2,0.123,0.285,0.99,Moderate traffic flow - standard adaptive signal timing in effect
EVT432240,2026-05-14 07:40:02,Sports Fixture,J012,Koramangala Sony World,28491,Weekday,False,Rain,True,12.0,False,False,0.972,Severe,11.3,68.8,164.0,0.098,0.226,0.86,Heavy rain reducing visibility and grip - reduced speed and longer buffer advised
EVT432241,2025-08-30 05:23:25,Sports Fixture,J031,Cubbon Road,21614,Weekend,False,Clear,False,0.0,False,False,0.389,Moderate,27.1,30.8,141.9,0.082,0.19,0.99,Moderate traffic flow - standard adaptive signal timing in effect
EVT432242,2025-10-15 13:09:38,Concert,J011,Indiranagar 100ft Road,21436,Weekday,False,Clear,False,0.0,False,False,0.332,Low,34.3,21.0,143.9,0.15,0.346,0.985,Moderate traffic flow - standard adaptive signal timing in effect
EVT432243,2026-04-16 05:44:32,Local Market Day,J030,MG Road,5642,Weekday,False,Clear,False,0.0,False,False,0.31,Low,32.2,27.6,193.0,0.169,0.391,0.957,Moderate traffic flow - standard adaptive signal timing in effect
EVT432244,2025-12-18 10:41:55,Trade Fair,J020,Malleshwaram Circle,13632,Weekday,False,Clear,False,0.0,False,False,0.597,High,24.7,46.2,272.2,0.193,0.446,0.964,Moderate traffic flow - standard adaptive signal timing in effect
EVT432245,2026-06-14 17:28:45,Trade Fair,J020,Malleshwaram Circle,9192,Weekend,False,Clear,False,0.0,False,False,0.792,Severe,16.7,58.2,320.9,0.199,0.459,0.946,Heavy congestion detected - signal timing extended and reroute suggested
EVT432246,2025-06-13 17:39:39,Concert,J031,Cubbon Road,9724,Weekday,False,Clear,False,0.0,False,False,0.958,Severe,10.8,67.8,480.2,0.203,0.47,0.903,Heavy congestion detected - signal timing extended and reroute suggested
EVT432247,2026-05-07 15:16:17,Trade Fair,J020,Malleshwaram Circle,11005,Weekday,False,Fog,False,0.0,False,False,0.263,Low,34.7,22.8,65.1,0.057,0.131,0.958,Moderate traffic flow - standard adaptive signal timing in effect
EVT432248,2025-10-07 13:11:54,Concert,J040,City Market,20447,Weekday,False,Clear,False,0.0,False,False,0.264,Low,37.3,18.3,61.9,0.058,0.133,0.958,Moderate traffic flow - standard adaptive signal timing in effect
EVT432249,2025-01-08 20:58:11,Trade Fair,J020,Malleshwaram Circle,13455,Weekday,False,Clear,False,0.0,False,False,0.459,Moderate,26.7,34.0,107.4,0.093,0.216,0.974,Moderate traffic flow - standard adaptive signal timing in effect
EVT432250,2026-05-15 10:55:46,Sports Fixture,J030,MG Road,18896,Weekday,False,Light Rain,True,3.9,False,False,0.64,High,19.4,48.8,204.3,0.1,0.231,0.909,Heavy rain reducing visibility and grip - reduced speed and longer buffer advised
EVT432251,2025-03-18 18:48:50,Sports Fixture,J040,City Market,27284,Weekday,False,Light Rain,True,3.1,False,False,1.0,Severe,7.2,75.3,645.2,0.186,0.429,0.861,Heavy rain reducing visibility and grip - reduced speed and longer buffer advised
EVT432252,2025-09-09 12:24:55,Concert,J030,MG Road,8736,Weekday,False,Clear,False,0.0,False,False,0.104,Low,41.9,6.7,142.8,0.126,0.292,0.96,Normal free-flow traffic - standard signal timing maintained
EVT432253,2025-05-31 18:47:40,Concert,J009,Majestic,11226,Weekend,False,Clear,False,0.0,False,False,0.872,Severe,13.1,59.9,398.5,0.202,0.468,0.941,Heavy congestion detected - signal timing extended and reroute suggested
EVT432254,2026-03-29 14:42:22,Concert,J031,Cubbon Road,7301,Weekend,False,Rain,True,8.2,False,False,0.467,Moderate,28.5,36.6,202.8,0.162,0.374,0.919,Light rain detected - minor speed reduction advised
EVT432255,2025-02-08 14:40:32,Concert,J040,City Market,7683,Weekend,False,Clear,False,0.0,False,False,0.311,Low,24.8,12.2,231.9,0.172,0.396,0.937,Moderate traffic flow - standard adaptive signal timing in effect
EVT432256,2026-05-16 07:05:54,Local Market Day,J023,Basavanagudi,3064,Weekend,False,Light Rain,True,5.0,False,False,0.541,Moderate,15.5,37.6,272.4,0.116,0.268,0.913,Light rain detected - minor speed reduction advised
EVT432257,2026-06-04 17:29:23,Sports Fixture,J030,MG Road,28192,Weekday,False,Clear,False,0.0,False,False,1.0,Severe,7.6,75.5,342.9,0.131,0.303,0.924,Heavy congestion detected - signal timing extended and reroute suggested
EVT432258,2026-05-08 00:26:18,Concert,J031,Cubbon Road,9416,Weekday,False,Clear,False,0.0,False,False,0.278,Low,29.2,30.4,152.5,0.116,0.267,0.98,Moderate traffic flow - standard adaptive signal timing in effect
EVT432259,2026-05-30 07:23:58,Local Market Day,J040,City Market,1596,Weekend,False,Clear,False,0.0,False,False,0.543,Moderate,24.5,34.7,129.0,0.08,0.184,0.981,Moderate traffic flow - standard adaptive signal timing in effect
EVT432260,2025-03-25 18:21:55,Concert,J031,Cubbon Road,13979,Weekday,False,Clear,False,0.0,False,False,1.0,Severe,6.8,71.4,573.4,0.167,0.386,0.922,Heavy congestion detected - signal timing extended and reroute suggested
EVT432261,2025-02-18 15:18:23,Political Rally,J012,Koramangala Sony World,10733,Weekday,False,Clear,False,0.0,False,False,0.277,Low,33.6,20.5,139.5,0.134,0.309,0.982,Moderate traffic flow - standard adaptive signal timing in effect
EVT432262,2025-12-24 18:59:08,Trade Fair,J011,Indiranagar 100ft Road,7349,Weekday,False,Clear,False,0.0,False,False,0.997,Severe,9.0,74.7,441.8,0.164,0.38,0.918,Heavy congestion detected - signal timing extended and reroute suggested
EVT432263,2026-05-15 09:21:01,Local Market Day,J011,Indiranagar 100ft Road,4847,Weekday,False,Clear,False,0.0,False,False,1.0,Severe,9.7,76.4,406.3,0.156,0.361,0.898,Heavy congestion detected - signal timing extended and reroute suggested
EVT432264,2025-03-01 17:09:10,Political Rally,J011,Indiranagar 100ft Road,13940,Weekend,False,Clear,False,0.0,False,False,0.731,High,16.8,56.1,324.8,0.187,0.432,0.949,Moderate traffic flow - standard adaptive signal timing in effect
EVT432265,2025-03-02 17:25:25,Local Market Day,J031,Cubbon Road,4332,Weekend,False,Clear,False,0.0,False,False,0.7,High,16.3,52.1,325.3,0.171,0.396,0.99,Moderate traffic flow - standard adaptive signal timing in effect
EVT432266,2025-01-23 09:01:36,Local Market Day,J040,City Market,4901,Weekday,False,Clear,False,0.0,False,False,0.954,Severe,11.9,70.3,316.3,0.132,0.306,0.925,Heavy congestion detected - signal timing extended and reroute suggested
EVT432267,2026-01-09 14:27:36,Local Market Day,J020,Malleshwaram Circle,4148,Weekday,False,Clear,False,0.0,False,False,0.231,Low,36.4,21.2,110.0,0.091,0.21,0.98,Normal free-flow traffic - standard signal timing maintained
EVT432268,2026-01-09 18:41:10,Concert,J030,MG Road,11208,Weekday,False,Clear,False,0.0,False,False,1.0,Severe,8.8,70.6,194.2,0.088,0.202,0.92,Heavy congestion detected - signal timing extended and reroute suggested
EVT432269,2025-08-09 07:48:38,Sports Fixture,J040,City Market,24914,Weekend,False,Clear,False,0.0,False,False,0.73,High,19.0,56.2,326.9,0.206,0.476,0.967,Moderate traffic flow - standard adaptive signal timing in effect
EVT432270,2025-10-28 17:01:30,Concert,J040,City Market,11727,Weekday,False,Rain,True,10.1,False,False,0.901,Severe,10.9,59.9,408.6,0.172,0.398,0.876,Heavy rain reducing visibility and grip - reduced speed and longer buffer advised
EVT432271,2026-01-25 17:45:43,Political Rally,J031,Cubbon Road,23024,Weekend,False,Clear,False,0.0,False,False,0.94,Severe,10.3,66.6,644.0,0.25,0.578,0.922,Heavy congestion detected - signal timing extended and reroute suggested
EVT432272,2025-09-16 10:52:12,Trade Fair,J031,Cubbon Road,4370,Weekday,False,Clear,False,0.0,False,False,0.564,High,20.8,43.6,283.2,0.189,0.437,0.949,Moderate traffic flow - standard adaptive signal timing in effect
EVT432273,2026-06-07 18:05:46,Trade Fair,J012,Koramangala Sony World,12341,Weekend,False,Rain,True,15.7,False,False,1.0,Severe,7.1,73.7,549.3,0.149,0.344,0.869,Heavy rain reducing visibility and grip - reduced speed and longer buffer advised
EVT432274,2025-10-15 22:18:43,Sports Fixture,J023,Basavanagudi,23555,Weekday,False,Clear,False,0.0,False,False,0.33,Low,25.1,20.7,146.7,0.104,0.24,0.937,Moderate traffic flow - standard adaptive signal timing in effect
EVT432275,2025-07-22 19:54:14,Trade Fair,J020,Malleshwaram Circle,10864,Weekday,False,Clear,False,0.0,False,False,0.784,Severe,16.7,58.5,425.6,0.253,0.584,0.947,Heavy congestion detected - signal timing extended and reroute suggested
EVT432276,2026-02-07 16:38:26,Trade Fair,J011,Indiranagar 100ft Road,10061,Weekend,False,Clear,False,0.0,False,False,0.619,High,24.2,43.4,258.6,0.179,0.413,0.972,Moderate traffic flow - standard adaptive signal timing in effect
EVT432277,2025-06-04 13:39:29,Local Market Day,J023,Basavanagudi,2341,Weekday,False,Heavy Rain,True,25.7,False,False,0.556,High,19.2,41.0,265.8,0.138,0.318,0.9,Heavy rain reducing visibility and grip - reduced speed and longer buffer advised
EVT432278,2026-06-26 17:03:25,Concert,J009,Majestic,8608,Weekday,False,Clear,False,0.0,False,False,0.8,Severe,10.9,58.5,317.7,0.141,0.327,0.949,Heavy congestion detected - signal timing extended and reroute suggested
EVT432279,2025-12-19 11:37:20,Local Market Day,J020,Malleshwaram Circle,7602,Weekday,False,Clear,False,0.0,False,False,0.26,Low,34.5,9.8,145.5,0.14,0.324,0.954,Moderate traffic flow - standard adaptive signal timing in effect
EVT432280,2025-08-13 19:12:30,Local Market Day,J012,Koramangala Sony World,4958,Weekday,False,Light Rain,True,4.9,False,False,1.0,Severe,10.0,73.7,466.1,0.196,0.452,0.857,Heavy rain reducing visibility and grip - reduced speed and longer buffer advised
EVT432281,2025-02-22 14:11:38,Sports Fixture,J009,Majestic,15491,Weekend,False,Clear,False,0.0,False,False,0.353,Moderate,33.0,31.9,188.2,0.16,0.37,0.952,Moderate traffic flow - standard adaptive signal timing in effect
EVT432282,2025-05-02 19:46:43,Cultural Procession,J040,City Market,19143,Weekday,True,Clear,False,0.0,False,True,1.0,Severe,8.8,109.1,679.0,0.26,0.601,0.831,Road closure for event/procession - full detour recommended for through-traffic
EVT432283,2025-01-02 09:56:08,Local Market Day,J031,Cubbon Road,5952,Weekday,False,Clear,False,0.0,False,False,0.801,Severe,16.2,53.3,367.1,0.219,0.505,0.982,Heavy congestion detected - signal timing extended and reroute suggested
EVT432284,2025-09-10 08:45:56,Trade Fair,J031,Cubbon Road,8229,Weekday,False,Heavy Rain,True,53.3,False,False,1.0,Severe,6.6,71.5,345.7,0.109,0.251,0.852,Heavy rain reducing visibility and grip - reduced speed and longer buffer advised
EVT432285,2026-03-05 19:54:47,Religious Festival,J023,Basavanagudi,45391,Weekday,True,Clear,False,0.0,False,False,1.0,Severe,10.5,66.1,199.2,0.084,0.194,0.876,Festival crowd surge detected - alternate route and extended cycle recommended
EVT432286,2026-04-05 19:30:12,Local Market Day,J011,Indiranagar 100ft Road,2175,Weekend,False,Clear,False,0.0,False,False,0.73,High,18.8,55.2,195.1,0.104,0.24,0.977,Moderate traffic flow - standard adaptive signal timing in effect
EVT432287,2025-05-12 17:47:27,Sports Fixture,J040,City Market,22491,Weekday,False,Clear,False,0.0,False,False,1.0,Severe,7.9,66.6,569.8,0.19,0.439,0.893,Heavy congestion detected - signal timing extended and reroute suggested
EVT432288,2026-02-02 20:09:31,Political Rally,J020,Malleshwaram Circle,18361,Weekday,False,Clear,False,0.0,False,False,0.76,Severe,14.7,51.4,310.3,0.159,0.366,0.99,Heavy congestion detected - signal timing extended and reroute suggested
EVT432289,2026-03-15 15:44:32,Concert,J040,City Market,4765,Weekend,False,Clear,False,0.0,False,False,0.403,Moderate,29.2,32.1,183.7,0.15,0.346,0.951,Moderate traffic flow - standard adaptive signal timing in effect
EVT432290,2026-02-22 00:01:39,Local Market Day,J030,MG Road,3969,Weekend,False,Clear,False,0.0,False,False,0.264,Low,32.1,17.2,130.8,0.107,0.248,0.99,Moderate traffic flow - standard adaptive signal timing in effect
EVT432291,2025-08-06 18:19:12,Concert,J031,Cubbon Road,10294,Weekday,False,Heavy Rain,True,34.9,False,False,1.0,Severe,10.7,70.2,408.8,0.179,0.414,0.877,Heavy rain reducing visibility and grip - reduced speed and longer buffer advised
EVT432292,2025-10-04 17:12:37,Concert,J012,Koramangala Sony World,12437,Weekend,False,Clear,False,0.0,False,False,0.74,High,18.9,46.0,263.2,0.175,0.405,0.978,Moderate traffic flow - standard adaptive signal timing in effect
EVT432293,2026-03-05 09:57:33,Cultural Procession,J009,Majestic,18450,Weekday,True,Clear,False,0.0,False,False,1.0,Severe,10.3,71.6,401.4,0.171,0.394,0.877,Festival crowd surge detected - alternate route and extended cycle recommended
EVT432294,2025-02-24 18:15:56,Local Market Day,J030,MG Road,3473,Weekday,False,Clear,False,0.0,False,False,0.987,Severe,8.7,75.3,698.4,0.24,0.554,0.906,Heavy congestion detected - signal timing extended and reroute suggested
EVT432295,2026-03-11 08:00:18,Concert,J012,Koramangala Sony World,20893,Weekday,False,Light Rain,True,1.9,False,False,0.902,Severe,10.3,66.1,604.2,0.263,0.607,0.877,Heavy rain reducing visibility and grip - reduced speed and longer buffer advised
EVT432296,2026-03-26 18:13:29,Religious Festival,J031,Cubbon Road,53868,Weekday,True,Clear,False,0.0,False,True,1.0,Severe,8.5,104.0,464.7,0.178,0.412,0.837,Road closure for event/procession - full detour recommended for through-traffic
EVT432297,2025-08-15 16:48:10,Fireworks Display,J040,City Market,19276,Weekday,True,Clear,False,0.0,False,False,0.963,Severe,7.6,71.9,597.7,0.195,0.451,0.874,Festival crowd surge detected - alternate route and extended cycle recommended
EVT432298,2026-05-20 19:21:07,Trade Fair,J009,Majestic,10257,Weekday,False,Clear,False,0.0,False,False,0.983,Severe,10.2,73.1,348.4,0.162,0.374,0.917,Heavy congestion detected - signal timing extended and reroute suggested
EVT432299,2025-09-29 07:11:10,Sports Fixture,J020,Malleshwaram Circle,31591,Weekday,False,Clear,False,0.0,False,False,0.698,High,17.2,52.2,213.1,0.129,0.297,0.933,Moderate traffic flow - standard adaptive signal timing in effect
EVT432300,2025-04-09 09:20:17,Concert,J009,Majestic,11924,Weekday,False,Light Rain,True,6.7,False,False,1.0,Severe,11.0,75.2,216.9,0.106,0.245,0.838,Heavy rain reducing visibility and grip - reduced speed and longer buffer advised
EVT432301,2025-02-17 10:58:12,Local Market Day,J012,Koramangala Sony World,2908,Weekday,False,Clear,False,0.0,False,False,0.34,Low,27.6,22.3,142.1,0.106,0.244,0.961,Moderate traffic flow - standard adaptive signal timing in effect
EVT432302,2025-05-23 18:57:54,Local Market Day,J011,Indiranagar 100ft Road,3878,Weekday,False,Clear,False,0.0,False,False,0.997,Severe,7.4,68.5,314.3,0.133,0.307,0.923,Heavy congestion detected - signal timing extended and reroute suggested
EVT432303,2025-01-02 17:40:45,Sports Fixture,J030,MG Road,21515,Weekday,False,Clear,False,0.0,False,False,0.948,Severe,8.9,70.3,563.4,0.207,0.478,0.93,Heavy congestion detected - signal timing extended and reroute suggested
EVT432304,2025-12-20 07:43:32,Local Market Day,J012,Koramangala Sony World,3632,Weekend,False,Clear,False,0.0,False,False,0.567,High,18.2,39.9,187.3,0.108,0.25,0.979,Moderate traffic flow - standard adaptive signal timing in effect
EVT432305,2025-09-12 09:46:31,Local Market Day,J012,Koramangala Sony World,3313,Weekday,False,Clear,False,0.0,False,False,0.978,Severe,9.6,70.3,427.5,0.157,0.363,0.916,Heavy congestion detected - signal timing extended and reroute suggested
EVT432306,2026-05-19 02:16:32,Local Market Day,J011,Indiranagar 100ft Road,5112,Weekday,False,Clear,False,0.0,False,False,0.285,Low,31.7,22.5,123.1,0.127,0.292,0.963,Moderate traffic flow - standard adaptive signal timing in effect
EVT432307,2025-12-15 18:45:26,Trade Fair,J023,Basavanagudi,8102,Weekday,False,Clear,False,0.0,False,False,1.0,Severe,9.4,72.1,506.7,0.199,0.46,0.944,Heavy congestion detected - signal timing extended and reroute suggested
EVT432308,2025-12-14 09:26:49,Local Market Day,J020,Malleshwaram Circle,3768,Weekend,False,Clear,False,0.0,False,False,0.843,Severe,14.4,55.2,212.3,0.112,0.259,0.959,Heavy congestion detected - signal timing extended and reroute suggested
EVT432309,2025-04-25 21:12:01,Trade Fair,J040,City Market,6752,Weekday,False,Clear,False,0.0,False,False,0.314,Low,25.9,23.3,64.3,0.066,0.153,0.974,Moderate traffic flow - standard adaptive signal timing in effect
EVT432310,2025-04-11 10:00:32,Local Market Day,J040,City Market,7981,Weekday,False,Fog,False,0.0,False,False,0.855,Severe,12.5,62.1,384.6,0.167,0.385,0.956,Heavy congestion detected - signal timing extended and reroute suggested
EVT432311,2025-07-30 16:05:37,Sports Fixture,J012,Koramangala Sony World,17500,Weekday,False,Heavy Rain,True,25.9,False,False,0.775,Severe,16.0,59.0,224.2,0.127,0.294,0.881,Heavy rain reducing visibility and grip - reduced speed and longer buffer advised
EVT432312,2025-01-21 14:26:16,Political Rally,J023,Basavanagudi,12948,Weekday,False,Clear,False,0.0,False,False,0.222,Low,30.4,17.0,202.7,0.166,0.383,0.961,Normal free-flow traffic - standard signal timing maintained
EVT432313,2025-07-16 19:36:46,Political Rally,J040,City Market,17582,Weekday,False,Clear,False,0.0,False,False,0.99,Severe,8.8,72.9,238.1,0.104,0.24,0.945,Heavy congestion detected - signal timing extended and reroute suggested
EVT432314,2025-12-21 19:58:49,Local Market Day,J023,Basavanagudi,3481,Weekend,False,Clear,False,0.0,False,False,0.627,High,18.6,41.4,136.6,0.105,0.243,0.958,Moderate traffic flow - standard adaptive signal timing in effect
EVT432315,2026-04-22 17:08:17,Local Market Day,J040,City Market,6118,Weekday,False,Fog,False,0.0,False,False,0.833,Severe,16.1,55.4,282.1,0.142,0.329,0.929,Heavy congestion detected - signal timing extended and reroute suggested
EVT432316,2025-08-05 16:29:33,Trade Fair,J020,Malleshwaram Circle,6682,Weekday,False,Rain,True,10.2,True,False,1.0,Severe,6.1,71.2,566.9,0.157,0.362,0.707,Accident detected nearby - reroute and reduced speed advised
EVT432317,2026-04-12 17:39:41,Local Market Day,J031,Cubbon Road,2509,Weekend,False,Clear,False,0.0,False,False,0.825,Severe,11.9,53.9,377.7,0.171,0.396,0.947,Heavy congestion detected - signal timing extended and reroute suggested
EVT432318,2025-08-03 12:50:17,Political Rally,J009,Majestic,15083,Weekend,False,Clear,False,0.0,False,False,0.292,Low,27.3,24.5,134.9,0.104,0.239,0.968,Moderate traffic flow - standard adaptive signal timing in effect
EVT432319,2026-01-12 08:37:47,Local Market Day,J009,Majestic,4537,Weekday,False,Clear,False,0.0,False,False,0.939,Severe,9.4,61.2,595.9,0.223,0.515,0.939,Heavy congestion detected - signal timing extended and reroute suggested
EVT432320,2026-04-07 13:02:38,Concert,J030,MG Road,24666,Weekday,False,Clear,False,0.0,False,False,0.31,Low,32.5,20.4,127.4,0.113,0.261,0.981,Moderate traffic flow - standard adaptive signal timing in effect
EVT432321,2025-03-06 06:28:20,Local Market Day,J030,MG Road,6794,Weekday,False,Clear,False,0.0,False,False,0.284,Low,28.2,14.3,194.3,0.135,0.313,0.968,Moderate traffic flow - standard adaptive signal timing in effect
EVT432322,2025-09-30 17:22:15,Concert,J040,City Market,11471,Weekday,False,Clear,False,0.0,False,False,0.897,Severe,13.0,64.9,537.8,0.252,0.583,0.93,Heavy congestion detected - signal timing extended and reroute suggested
EVT432323,2025-05-30 05:34:35,Sports Fixture,J031,Cubbon Road,17369,Weekday,False,Clear,False,0.0,False,False,0.294,Low,30.8,19.6,183.4,0.158,0.365,0.975,Moderate traffic flow - standard adaptive signal timing in effect
EVT432324,2026-05-15 00:31:21,Political Rally,J030,MG Road,12359,Weekday,False,Light Rain,True,2.6,False,False,0.371,Moderate,31.5,32.3,79.9,0.074,0.171,0.907,Light rain detected - minor speed reduction advised
EVT432325,2025-11-25 17:19:22,Concert,J011,Indiranagar 100ft Road,3691,Weekday,False,Clear,False,0.0,False,False,0.823,Severe,14.3,58.0,389.4,0.209,0.483,0.962,Heavy congestion detected - signal timing extended and reroute suggested
EVT432326,2026-04-26 02:57:59,Local Market Day,J040,City Market,3635,Weekend,False,Clear,False,0.0,False,False,0.192,Low,30.8,14.7,68.8,0.057,0.131,0.985,Normal free-flow traffic - standard signal timing maintained
EVT432327,2025-02-25 09:10:55,Concert,J020,Malleshwaram Circle,19399,Weekday,False,Clear,False,0.0,False,False,1.0,Severe,9.1,71.4,368.2,0.134,0.311,0.924,Heavy congestion detected - signal timing extended and reroute suggested
EVT432328,2025-03-22 08:12:43,Local Market Day,J011,Indiranagar 100ft Road,4029,Weekend,False,Light Rain,True,1.3,False,False,0.828,Severe,14.6,56.4,252.1,0.155,0.358,0.886,Heavy rain reducing visibility and grip - reduced speed and longer buffer advised
EVT432329,2025-04-12 13:53:30,Concert,J012,Koramangala Sony World,11314,Weekend,False,Clear,False,0.0,False,False,0.327,Low,26.1,27.2,237.8,0.16,0.369,0.965,Moderate traffic flow - standard adaptive signal timing in effect
EVT432330,2025-11-21 14:39:13,Concert,J020,Malleshwaram Circle,13233,Weekday,False,Rain,True,7.7,False,False,0.445,Moderate,25.7,33.6,105.1,0.079,0.183,0.914,Light rain detected - minor speed reduction advised
EVT432331,2025-04-12 11:02:03,Local Market Day,J012,Koramangala Sony World,3848,Weekend,False,Clear,False,0.0,False,False,0.491,Moderate,30.6,34.9,196.4,0.196,0.453,0.968,Moderate traffic flow - standard adaptive signal timing in effect
EVT432332,2025-08-27 19:01:13,Religious Festival,J009,Majestic,35368,Weekday,True,Rain,True,14.7,False,True,1.0,Severe,8.3,107.8,695.8,0.257,0.593,0.776,Road closure for event/procession - full detour recommended for through-traffic
EVT432333,2026-03-30 17:26:46,Trade Fair,J030,MG Road,5845,Weekday,False,Clear,False,0.0,False,False,0.888,Severe,9.6,62.8,437.6,0.176,0.406,0.959,Heavy congestion detected - signal timing extended and reroute suggested
EVT432334,2026-04-24 09:31:51,Local Market Day,J009,Majestic,4686,Weekday,False,Clear,False,0.0,False,False,0.963,Severe,9.8,65.3,340.9,0.131,0.302,0.937,Heavy congestion detected - signal timing extended and reroute suggested
EVT432335,2026-03-14 17:22:38,Local Market Day,J023,Basavanagudi,3321,Weekend,False,Light Rain,True,0.9,False,False,0.729,High,18.6,54.1,175.6,0.117,0.27,0.921,Heavy rain reducing visibility and grip - reduced speed and longer buffer advised
EVT432336,2025-02-12 08:31:23,Local Market Day,J012,Koramangala Sony World,5478,Weekday,False,Light Rain,True,5.1,False,False,1.0,Severe,8.5,68.5,666.3,0.215,0.496,0.878,Heavy rain reducing visibility and grip - reduced speed and longer buffer advised
EVT432337,2025-12-19 18:10:28,Trade Fair,J030,MG Road,3056,Weekday,False,Clear,False,0.0,False,False,0.991,Severe,10.6,65.1,296.2,0.136,0.315,0.923,Heavy congestion detected - signal timing extended and reroute suggested
EVT432338,2026-05-03 07:15:17,Sports Fixture,J009,Majestic,21715,Weekend,False,Heavy Rain,True,29.3,False,False,0.897,Severe,12.8,63.8,421.4,0.186,0.43,0.892,Heavy rain reducing visibility and grip - reduced speed and longer buffer advised
EVT432339,2025-05-08 07:49:08,Local Market Day,J023,Basavanagudi,3459,Weekday,False,Clear,False,0.0,False,False,0.749,High,15.5,50.5,245.6,0.136,0.315,0.953,Moderate traffic flow - standard adaptive signal timing in effect
EVT432340,2025-03-18 11:58:24,Trade Fair,J012,Koramangala Sony World,7268,Weekday,False,Clear,False,0.0,False,False,0.254,Low,36.1,20.2,134.8,0.126,0.291,0.958,Moderate traffic flow - standard adaptive signal timing in effect
EVT432341,2025-07-04 07:17:55,Trade Fair,J012,Koramangala Sony World,9907,Weekday,False,Heavy Rain,True,81.0,False,False,0.915,Severe,11.7,69.2,217.4,0.089,0.205,0.876,Heavy rain reducing visibility and grip - reduced speed and longer buffer advised
EVT432342,2025-08-28 08:20:19,Fireworks Display,J040,City Market,13446,Weekday,True,Clear,False,0.0,False,False,1.0,Severe,8.4,66.6,556.4,0.201,0.464,0.862,Festival crowd surge detected - alternate route and extended cycle recommended
EVT432343,2026-06-07 00:16:25,Local Market Day,J009,Majestic,3010,Weekend,False,Clear,False,0.0,False,False,0.187,Low,39.0,19.1,102.3,0.091,0.211,0.96,Normal free-flow traffic - standard signal timing maintained
EVT432344,2025-11-04 22:21:21,Sports Fixture,J012,Koramangala Sony World,25923,Weekday,False,Clear,False,0.0,False,False,0.289,Low,35.7,17.4,135.0,0.119,0.274,0.958,Moderate traffic flow - standard adaptive signal timing in effect
EVT432345,2025-10-07 09:29:03,Trade Fair,J030,MG Road,10753,Weekday,False,Light Rain,True,6.1,False,False,1.0,Severe,9.1,76.1,679.9,0.268,0.619,0.858,Heavy rain reducing visibility and grip - reduced speed and longer buffer advised
EVT432346,2025-03-27 09:02:20,Concert,J023,Basavanagudi,14341,Weekday,False,Clear,False,0.0,False,False,1.0,Severe,8.6,72.9,414.9,0.17,0.392,0.942,Heavy congestion detected - signal timing extended and reroute suggested
EVT432347,2025-12-15 08:02:27,Local Market Day,J009,Majestic,3331,Weekday,False,Clear,False,0.0,False,False,0.837,Severe,12.4,53.7,431.5,0.201,0.464,0.954,Heavy congestion detected - signal timing extended and reroute suggested
EVT432348,2025-05-31 22:06:57,Concert,J023,Basavanagudi,22922,Weekend,False,Clear,False,0.0,False,False,0.446,Moderate,21.7,29.8,215.9,0.119,0.274,0.932,Moderate traffic flow - standard adaptive signal timing in effect
EVT432349,2026-03-05 08:30:49,Religious Festival,J020,Malleshwaram Circle,51256,Weekday,True,Clear,False,0.0,False,True,1.0,Severe,8.5,91.2,491.0,0.2,0.462,0.82,Road closure for event/procession - full detour recommended for through-traffic
EVT432350,2025-12-13 17:41:57,Political Rally,J023,Basavanagudi,11429,Weekend,False,Clear,False,0.0,False,False,0.83,Severe,15.0,56.8,350.7,0.196,0.453,0.987,Heavy congestion detected - signal timing extended and reroute suggested
EVT432351,2026-03-01 07:59:13,Local Market Day,J020,Malleshwaram Circle,2428,Weekend,False,Clear,False,0.0,False,False,0.757,Severe,16.8,52.3,272.6,0.153,0.353,0.959,Heavy congestion detected - signal timing extended and reroute suggested
EVT432352,2025-07-29 14:47:25,Trade Fair,J023,Basavanagudi,8622,Weekday,False,Rain,True,15.1,False,False,0.55,Moderate,25.7,42.5,198.6,0.142,0.328,0.919,Light rain detected - minor speed reduction advised
EVT432353,2026-06-17 09:56:23,Trade Fair,J040,City Market,9352,Weekday,False,Rain,True,10.4,False,False,0.942,Severe,11.5,68.0,210.6,0.107,0.246,0.88,Heavy rain reducing visibility and grip - reduced speed and longer buffer advised
EVT432354,2025-12-26 14:04:41,Fireworks Display,J011,Indiranagar 100ft Road,19487,Weekday,True,Clear,False,0.0,False,False,0.602,High,20.5,42.7,263.1,0.148,0.343,0.931,Festival crowd surge detected - alternate route and extended cycle recommended
EVT432355,2025-12-07 21:07:25,Concert,J023,Basavanagudi,8413,Weekend,False,Clear,False,0.0,False,False,0.423,Moderate,26.9,34.5,155.1,0.122,0.283,0.954,Moderate traffic flow - standard adaptive signal timing in effect
EVT432356,2025-10-23 21:02:54,Trade Fair,J020,Malleshwaram Circle,10454,Weekday,False,Clear,False,0.0,False,False,0.46,Moderate,20.6,34.8,206.8,0.132,0.305,0.99,Moderate traffic flow - standard adaptive signal timing in effect
EVT432357,2026-06-21 18:39:57,Sports Fixture,J020,Malleshwaram Circle,38686,Weekend,False,Clear,False,0.0,False,False,1.0,Severe,8.6,78.8,691.9,0.232,0.537,0.93,Heavy congestion detected - signal timing extended and reroute suggested
EVT432358,2026-03-26 09:55:31,Religious Festival,J009,Majestic,45279,Weekday,True,Rain,True,9.5,False,True,1.0,Severe,6.7,104.7,778.7,0.263,0.608,0.802,Road closure for event/procession - full detour recommended for through-traffic
EVT432359,2025-11-01 10:57:05,Religious Festival,J031,Cubbon Road,39584,Weekend,True,Clear,False,0.0,False,True,0.982,Severe,6.9,92.6,521.6,0.168,0.389,0.844,Road closure for event/procession - full detour recommended for through-traffic
EVT432360,2026-04-21 19:30:49,Local Market Day,J030,MG Road,3511,Weekday,False,Clear,False,0.0,False,False,0.817,Severe,17.8,61.1,272.9,0.194,0.448,0.905,Heavy congestion detected - signal timing extended and reroute suggested
EVT432361,2025-02-10 13:02:04,Local Market Day,J031,Cubbon Road,2664,Weekday,False,Clear,False,0.0,False,False,0.24,Low,43.6,16.1,95.2,0.094,0.217,0.951,Normal free-flow traffic - standard signal timing maintained
EVT432362,2025-01-17 07:22:53,Local Market Day,J023,Basavanagudi,3781,Weekday,False,Clear,False,0.0,False,False,0.453,Moderate,20.9,32.3,288.0,0.184,0.425,0.966,Moderate traffic flow - standard adaptive signal timing in effect
EVT432363,2025-07-05 12:28:50,Political Rally,J020,Malleshwaram Circle,10066,Weekend,False,Heavy Rain,True,63.1,False,False,0.685,High,17.7,45.9,324.5,0.213,0.492,0.939,Heavy rain reducing visibility and grip - reduced speed and longer buffer advised
EVT432364,2025-07-18 09:46:58,Sports Fixture,J009,Majestic,24100,Weekday,False,Heavy Rain,True,33.7,False,False,1.0,Severe,10.8,72.7,213.9,0.107,0.248,0.876,Heavy rain reducing visibility and grip - reduced speed and longer buffer advised
EVT432365,2025-08-02 09:56:19,Sports Fixture,J030,MG Road,22144,Weekend,False,Heavy Rain,True,112.7,False,False,1.0,Severe,7.1,73.7,598.6,0.158,0.364,0.86,Heavy rain reducing visibility and grip - reduced speed and longer buffer advised
EVT432366,2025-04-27 10:36:48,Local Market Day,J040,City Market,2133,Weekend,False,Clear,False,0.0,False,False,0.502,Moderate,19.3,33.6,191.3,0.097,0.224,0.949,Moderate traffic flow - standard adaptive signal timing in effect
EVT432367,2025-01-12 07:13:35,Local Market Day,J030,MG Road,2352,Weekend,False,Clear,False,0.0,False,False,0.473,Moderate,30.0,34.0,70.4,0.049,0.113,0.935,Moderate traffic flow - standard adaptive signal timing in effect
EVT432368,2025-09-27 12:30:00,Trade Fair,J020,Malleshwaram Circle,9310,Weekend,False,Clear,False,0.0,False,False,0.315,Low,27.7,13.9,206.3,0.153,0.353,0.959,Moderate traffic flow - standard adaptive signal timing in effect
EVT432369,2025-12-19 12:32:46,Trade Fair,J031,Cubbon Road,7624,Weekday,False,Clear,False,0.0,False,False,0.186,Low,36.9,20.6,119.4,0.12,0.278,0.968,Normal free-flow traffic - standard signal timing maintained
EVT432370,2026-04-16 17:53:50,Local Market Day,J009,Majestic,4335,Weekday,False,Clear,False,0.0,False,False,0.976,Severe,7.7,65.5,569.7,0.167,0.385,0.947,Heavy congestion detected - signal timing extended and reroute suggested
EVT432371,2026-06-15 19:29:37,Trade Fair,J040,City Market,17992,Weekday,False,Rain,True,13.8,False,False,1.0,Severe,7.6,74.0,323.6,0.114,0.264,0.868,Heavy rain reducing visibility and grip - reduced speed and longer buffer advised
EVT432372,2025-06-28 20:21:40,Sports Fixture,J012,Koramangala Sony World,38132,Weekend,False,Heavy Rain,True,26.1,False,False,1.0,Severe,8.0,71.5,632.2,0.197,0.456,0.882,Heavy rain reducing visibility and grip - reduced speed and longer buffer advised
EVT432373,2025-04-02 13:33:13,Trade Fair,J023,Basavanagudi,14472,Weekday,False,Clear,False,0.0,False,False,0.251,Low,36.3,15.6,140.3,0.14,0.323,0.969,Moderate traffic flow - standard adaptive signal timing in effect
EVT432374,2026-02-21 21:12:31,Concert,J012,Koramangala Sony World,7796,Weekend,False,Clear,False,0.0,False,False,0.496,Moderate,21.3,38.7,106.0,0.074,0.17,0.99,Moderate traffic flow - standard adaptive signal timing in effect
EVT432375,2025-09-14 11:47:53,Local Market Day,J031,Cubbon Road,4143,Weekend,False,Clear,False,0.0,False,False,0.278,Low,36.7,15.8,162.3,0.149,0.344,0.958,Moderate traffic flow - standard adaptive signal timing in effect
EVT432376,2026-01-29 08:48:55,Political Rally,J020,Malleshwaram Circle,11145,Weekday,False,Fog,False,0.0,False,False,1.0,Severe,9.6,75.6,733.4,0.283,0.653,0.904,Heavy congestion detected - signal timing extended and reroute suggested
EVT432377,2025-07-26 21:44:27,Political Rally,J030,MG Road,22529,Weekend,False,Fog,False,0.0,False,False,0.495,Moderate,23.4,40.3,248.9,0.19,0.439,0.939,Moderate traffic flow - standard adaptive signal timing in effect
EVT432378,2026-05-17 23:13:32,Concert,J030,MG Road,12027,Weekend,False,Clear,False,0.0,False,False,0.259,Low,26.8,17.1,125.9,0.081,0.186,0.971,Moderate traffic flow - standard adaptive signal timing in effect
EVT432379,2026-04-19 14:39:53,Local Market Day,J011,Indiranagar 100ft Road,5401,Weekend,False,Clear,False,0.0,False,False,0.324,Low,34.0,20.0,163.5,0.139,0.32,0.99,Moderate traffic flow - standard adaptive signal timing in effect
EVT432380,2025-02-11 07:56:30,Local Market Day,J020,Malleshwaram Circle,4816,Weekday,False,Clear,False,0.0,False,False,0.801,Severe,13.9,52.8,353.3,0.181,0.417,0.966,Heavy congestion detected - signal timing extended and reroute suggested
EVT432381,2025-01-09 18:46:55,Local Market Day,J011,Indiranagar 100ft Road,4466,Weekday,False,Clear,False,0.0,False,False,1.0,Severe,10.7,76.7,414.2,0.17,0.393,0.914,Heavy congestion detected - signal timing extended and reroute suggested
EVT432382,2025-07-15 07:48:20,Local Market Day,J012,Koramangala Sony World,5589,Weekday,False,Rain,True,7.8,False,False,0.96,Severe,9.5,74.5,560.2,0.196,0.454,0.846,Heavy rain reducing visibility and grip - reduced speed and longer buffer advised
EVT432383,2025-07-11 06:19:39,Trade Fair,J020,Malleshwaram Circle,11632,Weekday,False,Rain,True,18.2,False,False,0.559,High,18.5,38.7,243.2,0.139,0.32,0.911,Heavy rain reducing visibility and grip - reduced speed and longer buffer advised
EVT432384,2025-11-17 14:20:14,Concert,J031,Cubbon Road,18214,Weekday,False,Clear,False,0.0,False,False,0.291,Low,30.3,24.9,194.5,0.149,0.343,0.973,Moderate traffic flow - standard adaptive signal timing in effect
EVT432385,2026-01-08 12:10:26,Sports Fixture,J023,Basavanagudi,19450,Weekday,False,Clear,False,0.0,False,False,0.357,Moderate,31.7,24.5,161.1,0.124,0.287,0.99,Moderate traffic flow - standard adaptive signal timing in effect
EVT432386,2025-07-08 15:47:36,Political Rally,J030,MG Road,13855,Weekday,False,Rain,True,22.8,False,False,0.688,High,21.2,53.6,287.9,0.178,0.41,0.925,Heavy rain reducing visibility and grip - reduced speed and longer buffer advised
EVT432387,2025-12-02 14:10:26,Concert,J030,MG Road,11131,Weekday,False,Clear,False,0.0,False,False,0.299,Low,26.4,13.5,72.6,0.045,0.105,0.972,Moderate traffic flow - standard adaptive signal timing in effect
EVT432388,2026-06-13 09:31:32,Local Market Day,J009,Majestic,4883,Weekend,False,Light Rain,True,7.4,False,False,0.908,Severe,11.6,59.2,317.1,0.127,0.293,0.879,Heavy rain reducing visibility and grip - reduced speed and longer buffer advised
EVT432389,2025-06-29 12:23:39,Local Market Day,J009,Majestic,2611,Weekend,False,Heavy Rain,True,42.9,False,False,0.658,High,13.9,49.9,313.2,0.156,0.361,0.925,Heavy rain reducing visibility and grip - reduced speed and longer buffer advised
EVT432390,2025-07-29 17:00:37,Sports Fixture,J023,Basavanagudi,31659,Weekday,False,Clear,False,0.0,False,False,0.887,Severe,10.9,57.5,389.1,0.167,0.387,0.924,Heavy congestion detected - signal timing extended and reroute suggested
EVT432391,2025-08-23 23:52:11,Trade Fair,J040,City Market,10473,Weekend,False,Clear,False,0.0,False,False,0.22,Low,36.4,11.6,162.5,0.139,0.321,0.965,Normal free-flow traffic - standard signal timing maintained
EVT432392,2025-11-20 07:33:45,Local Market Day,J030,MG Road,3148,Weekday,False,Clear,False,0.0,False,False,0.67,High,21.4,49.9,157.7,0.115,0.265,0.966,Moderate traffic flow - standard adaptive signal timing in effect
EVT432393,2025-05-22 18:37:49,Local Market Day,J023,Basavanagudi,4749,Weekday,False,Clear,False,0.0,False,False,1.0,Severe,8.9,71.5,358.1,0.147,0.34,0.925,Heavy congestion detected - signal timing extended and reroute suggested
EVT432394,2025-01-12 17:26:04,Political Rally,J011,Indiranagar 100ft Road,16358,Weekend,False,Clear,False,0.0,False,False,0.818,Severe,14.7,59.5,354.0,0.213,0.492,0.966,Heavy congestion detected - signal timing extended and reroute suggested
EVT432395,2025-12-18 08:33:45,Sports Fixture,J023,Basavanagudi,37339,Weekday,False,Clear,False,0.0,False,False,1.0,Severe,7.1,75.4,763.2,0.221,0.51,0.938,Heavy congestion detected - signal timing extended and reroute suggested
EVT432396,2026-04-18 14:40:46,Local Market Day,J012,Koramangala Sony World,2970,Weekend,False,Clear,False,0.0,False,False,0.283,Low,36.4,21.0,142.2,0.124,0.286,0.953,Moderate traffic flow - standard adaptive signal timing in effect
EVT432397,2026-04-10 10:49:57,Sports Fixture,J009,Majestic,31851,Weekday,False,Clear,False,0.0,False,False,0.622,High,17.8,40.0,429.7,0.229,0.528,0.937,Moderate traffic flow - standard adaptive signal timing in effect
EVT432398,2025-04-30 08:28:52,Sports Fixture,J040,City Market,16645,Weekday,False,Clear,False,0.0,False,False,1.0,Severe,8.3,70.6,422.0,0.148,0.343,0.916,Heavy congestion detected - signal timing extended and reroute suggested
EVT432399,2026-01-10 15:53:21,Concert,J031,Cubbon Road,14112,Weekend,False,Clear,False,0.0,False,False,0.532,Moderate,24.8,40.1,136.2,0.084,0.195,0.947,Moderate traffic flow - standard adaptive signal timing in effect
EVT432400,2026-06-03 07:50:57,Concert,J040,City Market,8836,Weekday,False,Clear,False,0.0,False,False,0.745,High,17.2,55.7,225.5,0.123,0.285,0.944,Moderate traffic flow - standard adaptive signal timing in effect
EVT432401,2025-10-05 21:00:00,Sports Fixture,J011,Indiranagar 100ft Road,24534,Weekend,False,Clear,False,0.0,False,False,0.639,High,20.6,48.7,283.5,0.208,0.48,0.965,Moderate traffic flow - standard adaptive signal timing in effect
EVT432402,2025-09-18 09:28:14,Sports Fixture,J011,Indiranagar 100ft Road,26464,Weekday,False,Heavy Rain,True,98.0,False,False,1.0,Severe,6.9,77.3,887.5,0.269,0.62,0.87,Heavy rain reducing visibility and grip - reduced speed and longer buffer advised
EVT432403,2026-04-06 17:44:36,Political Rally,J023,Basavanagudi,12059,Weekday,False,Clear,False,0.0,False,False,1.0,Severe,7.1,72.5,802.4,0.259,0.599,0.937,Heavy congestion detected - signal timing extended and reroute suggested
EVT432404,2026-06-13 18:42:19,Concert,J020,Malleshwaram Circle,21233,Weekend,False,Light Rain,True,6.9,False,False,1.0,Severe,8.7,65.0,458.4,0.166,0.383,0.893,Heavy rain reducing visibility and grip - reduced speed and longer buffer advised
EVT432405,2026-02-13 16:20:18,Sports Fixture,J031,Cubbon Road,31999,Weekday,False,Clear,False,0.0,False,False,0.706,High,17.4,50.1,244.2,0.135,0.313,0.946,Moderate traffic flow - standard adaptive signal timing in effect
EVT432406,2025-03-18 09:35:50,Concert,J011,Indiranagar 100ft Road,11395,Weekday,False,Light Rain,True,5.2,False,False,0.914,Severe,10.5,69.5,487.8,0.202,0.467,0.908,Heavy rain reducing visibility and grip - reduced speed and longer buffer advised
EVT432407,2025-02-27 12:35:51,Trade Fair,J040,City Market,8267,Weekday,False,Clear,False,0.0,False,False,0.096,Low,39.5,4.8,35.1,0.035,0.082,0.972,Normal free-flow traffic - standard signal timing maintained
EVT432408,2026-05-19 08:08:19,Concert,J009,Majestic,9964,Weekday,False,Clear,False,0.0,False,False,0.856,Severe,12.6,67.8,464.4,0.203,0.47,0.96,Heavy congestion detected - signal timing extended and reroute suggested
EVT432409,2025-09-08 10:00:14,Concert,J030,MG Road,20082,Weekday,False,Clear,False,0.0,False,False,0.903,Severe,13.7,58.8,283.7,0.147,0.341,0.91,Heavy congestion detected - signal timing extended and reroute suggested
EVT432410,2025-12-17 10:36:00,Political Rally,J020,Malleshwaram Circle,27335,Weekday,False,Clear,False,0.0,False,False,0.643,High,23.3,43.9,164.3,0.127,0.293,0.941,Moderate traffic flow - standard adaptive signal timing in effect
EVT432411,2025-08-21 10:47:44,Sports Fixture,J040,City Market,15195,Weekday,False,Light Rain,True,0.7,False,False,0.591,High,23.4,46.4,159.2,0.108,0.249,0.916,Heavy rain reducing visibility and grip - reduced speed and longer buffer advised
EVT432412,2025-05-24 10:44:45,Trade Fair,J011,Indiranagar 100ft Road,11904,Weekend,False,Light Rain,True,5.4,False,False,0.66,High,21.0,45.0,390.9,0.243,0.562,0.904,Heavy rain reducing visibility and grip - reduced speed and longer buffer advised
EVT432413,2026-03-21 09:28:25,Concert,J012,Koramangala Sony World,6728,Weekend,False,Clear,False,0.0,False,False,0.825,Severe,14.7,58.2,298.2,0.185,0.428,0.968,Heavy congestion detected - signal timing extended and reroute suggested
EVT432414,2025-09-15 18:51:45,Concert,J040,City Market,13743,Weekday,False,Heavy Rain,True,52.8,False,False,1.0,Severe,10.0,75.7,185.8,0.091,0.211,0.881,Heavy rain reducing visibility and grip - reduced speed and longer buffer advised
EVT432415,2026-06-01 19:45:30,Political Rally,J012,Koramangala Sony World,32752,Weekday,False,Clear,False,0.0,False,False,0.959,Severe,10.3,69.8,252.8,0.108,0.25,0.918,Heavy congestion detected - signal timing extended and reroute suggested
EVT432416,2025-03-13 16:01:18,Concert,J011,Indiranagar 100ft Road,16641,Weekday,False,Clear,False,0.0,False,False,0.526,Moderate,18.3,41.3,246.1,0.144,0.332,0.947,Moderate traffic flow - standard adaptive signal timing in effect
EVT432417,2025-04-27 20:15:34,Trade Fair,J023,Basavanagudi,10313,Weekend,False,Clear,False,0.0,False,False,0.655,High,16.0,42.3,335.7,0.181,0.418,0.958,Moderate traffic flow - standard adaptive signal timing in effect
EVT432418,2025-08-22 10:09:52,Sports Fixture,J011,Indiranagar 100ft Road,19345,Weekday,False,Clear,False,0.0,False,False,0.79,Severe,13.1,58.1,337.9,0.133,0.308,0.924,Heavy congestion detected - signal timing extended and reroute suggested
EVT432419,2025-08-14 12:49:39,Sports Fixture,J011,Indiranagar 100ft Road,21825,Weekday,False,Clear,False,0.0,False,False,0.264,Low,35.4,15.4,96.5,0.089,0.204,0.974,Moderate traffic flow - standard adaptive signal timing in effect
EVT432420,2026-04-28 07:29:18,Local Market Day,J009,Majestic,8952,Weekday,False,Clear,False,0.0,False,False,0.701,High,19.7,44.3,246.2,0.185,0.427,0.937,Moderate traffic flow - standard adaptive signal timing in effect
EVT432421,2025-01-07 14:35:48,Sports Fixture,J023,Basavanagudi,27266,Weekday,False,Clear,False,0.0,False,False,0.339,Low,27.4,23.4,161.9,0.135,0.312,0.965,Moderate traffic flow - standard adaptive signal timing in effect
EVT432422,2025-06-09 16:31:34,Local Market Day,J012,Koramangala Sony World,3527,Weekday,False,Clear,False,0.0,False,False,0.449,Moderate,24.8,35.0,163.6,0.131,0.303,0.958,Moderate traffic flow - standard adaptive signal timing in effect
EVT432423,2026-02-11 13:18:43,Sports Fixture,J012,Koramangala Sony World,35586,Weekday,False,Clear,False,0.0,False,False,0.377,Moderate,32.2,32.1,159.1,0.13,0.3,0.972,Moderate traffic flow - standard adaptive signal timing in effect
EVT432424,2026-06-29 17:54:15,Local Market Day,J030,MG Road,3981,Weekday,False,Heavy Rain,True,34.7,False,False,1.0,Severe,6.5,70.4,797.7,0.219,0.506,0.869,Heavy rain reducing visibility and grip - reduced speed and longer buffer advised
EVT432425,2025-07-24 08:59:29,Local Market Day,J020,Malleshwaram Circle,1993,Weekday,False,Rain,True,24.9,False,False,1.0,Severe,7.6,73.6,679.2,0.217,0.501,0.864,Heavy rain reducing visibility and grip - reduced speed and longer buffer advised
EVT432426,2025-06-18 13:22:38,Sports Fixture,J023,Basavanagudi,22588,Weekday,False,Heavy Rain,True,43.2,False,False,0.649,High,23.9,50.6,276.3,0.228,0.527,0.905,Heavy rain reducing visibility and grip - reduced speed and longer buffer advised
EVT432427,2026-03-06 09:45:04,Concert,J031,Cubbon Road,16252,Weekday,False,Clear,False,0.0,False,False,0.899,Severe,10.3,61.3,469.1,0.194,0.447,0.942,Heavy congestion detected - signal timing extended and reroute suggested
EVT432428,2025-10-01 17:59:16,Concert,J031,Cubbon Road,8819,Weekday,False,Rain,True,19.9,False,False,1.0,Severe,7.5,71.9,497.0,0.181,0.419,0.876,Heavy rain reducing visibility and grip - reduced speed and longer buffer advised
EVT432429,2026-03-01 11:02:51,Sports Fixture,J009,Majestic,18499,Weekend,False,Clear,False,0.0,False,False,0.564,High,20.3,36.0,255.6,0.154,0.355,0.949,Moderate traffic flow - standard adaptive signal timing in effect
EVT432430,2025-06-06 09:20:20,Local Market Day,J012,Koramangala Sony World,3953,Weekday,False,Clear,False,0.0,False,False,0.995,Severe,7.7,64.9,627.4,0.201,0.464,0.892,Heavy congestion detected - signal timing extended and reroute suggested
EVT432431,2026-04-30 21:50:50,Political Rally,J009,Majestic,11336,Weekday,False,Clear,False,0.0,False,False,0.412,Moderate,27.2,32.8,150.8,0.122,0.281,0.987,Moderate traffic flow - standard adaptive signal timing in effect
EVT432432,2025-09-12 13:04:28,Concert,J009,Majestic,9665,Weekday,False,Clear,False,0.0,False,False,0.201,Low,32.8,14.6,122.4,0.103,0.238,0.95,Normal free-flow traffic - standard signal timing maintained
EVT432433,2026-05-13 18:46:39,Sports Fixture,J009,Majestic,33628,Weekday,False,Fog,False,0.0,False,False,1.0,Severe,8.8,68.1,410.5,0.149,0.345,0.926,Heavy congestion detected - signal timing extended and reroute suggested
EVT432434,2025-11-09 11:26:51,Sports Fixture,J009,Majestic,25107,Weekend,False,Clear,False,0.0,False,False,0.517,Moderate,27.2,40.4,195.2,0.138,0.318,0.964,Moderate traffic flow - standard adaptive signal timing in effect
EVT432435,2026-04-17 17:02:53,Trade Fair,J031,Cubbon Road,6561,Weekday,False,Clear,False,0.0,False,False,0.776,Severe,15.9,58.5,331.2,0.183,0.422,0.926,Heavy congestion detected - signal timing extended and reroute suggested
EVT432436,2025-10-05 18:11:14,Sports Fixture,J030,MG Road,22091,Weekend,False,Clear,False,0.0,False,False,0.953,Severe,8.7,71.1,610.7,0.199,0.461,0.915,Heavy congestion detected - signal timing extended and reroute suggested
EVT432437,2025-02-13 16:54:31,Sports Fixture,J020,Malleshwaram Circle,12836,Weekday,False,Clear,False,0.0,False,False,0.771,Severe,11.7,46.8,414.9,0.185,0.428,0.942,Heavy congestion detected - signal timing extended and reroute suggested
EVT432438,2025-04-20 11:47:42,Trade Fair,J031,Cubbon Road,8897,Weekend,False,Clear,False,0.0,False,False,0.442,Moderate,31.4,27.7,142.7,0.112,0.259,0.98,Moderate traffic flow - standard adaptive signal timing in effect
EVT432439,2026-04-08 14:07:08,Sports Fixture,J012,Koramangala Sony World,24220,Weekday,False,Clear,False,0.0,False,False,0.331,Low,29.7,22.7,158.8,0.12,0.278,0.965,Moderate traffic flow - standard adaptive signal timing in effect
EVT432440,2025-01-14 08:36:38,Religious Festival,J030,MG Road,113687,Weekday,True,Clear,False,0.0,False,False,1.0,Severe,7.1,76.8,755.2,0.24,0.556,0.852,Festival crowd surge detected - alternate route and extended cycle recommended
EVT432441,2025-07-20 20:48:30,Local Market Day,J031,Cubbon Road,5812,Weekend,False,Rain,True,8.5,False,False,0.725,High,18.0,52.4,298.9,0.18,0.416,0.911,Heavy rain reducing visibility and grip - reduced speed and longer buffer advised
EVT432442,2025-05-20 09:48:59,Concert,J009,Majestic,12477,Weekday,False,Clear,False,0.0,False,False,0.935,Severe,14.2,61.6,365.3,0.201,0.463,0.936,Heavy congestion detected - signal timing extended and reroute suggested
EVT432443,2026-05-13 07:15:12,Concert,J030,MG Road,14590,Weekday,False,Clear,False,0.0,False,False,0.561,High,22.3,42.1,227.4,0.162,0.374,0.963,Moderate traffic flow - standard adaptive signal timing in effect
EVT432444,2026-04-07 08:28:15,Trade Fair,J009,Majestic,9461,Weekday,False,Clear,False,0.0,False,False,0.983,Severe,7.0,70.2,840.1,0.229,0.528,0.905,Heavy congestion detected - signal timing extended and reroute suggested
EVT432445,2026-06-24 07:05:37,Concert,J040,City Market,14506,Weekday,False,Clear,False,0.0,False,False,0.531,Moderate,32.2,44.5,145.0,0.152,0.352,0.965,Moderate traffic flow - standard adaptive signal timing in effect
EVT432446,2025-11-27 16:12:10,Sports Fixture,J011,Indiranagar 100ft Road,25627,Weekday,False,Clear,False,0.0,False,False,0.526,Moderate,22.4,38.6,228.1,0.141,0.326,0.961,Moderate traffic flow - standard adaptive signal timing in effect
EVT432447,2025-03-24 09:44:53,Local Market Day,J009,Majestic,4485,Weekday,False,Clear,False,0.0,False,False,0.961,Severe,10.1,61.8,377.1,0.167,0.386,0.909,Heavy congestion detected - signal timing extended and reroute suggested
EVT432448,2025-10-09 21:19:27,Concert,J009,Majestic,10011,Weekday,False,Clear,False,0.0,False,False,0.469,Moderate,27.8,34.1,121.2,0.092,0.211,0.964,Moderate traffic flow - standard adaptive signal timing in effect
EVT432449,2026-05-24 06:49:40,Local Market Day,J011,Indiranagar 100ft Road,5892,Weekend,False,Clear,False,0.0,False,False,0.439,Moderate,24.9,25.9,333.3,0.239,0.552,0.979,Moderate traffic flow - standard adaptive signal timing in effect
EVT432450,2025-06-17 14:00:45,Political Rally,J030,MG Road,19538,Weekday,False,Clear,False,0.0,False,False,0.332,Low,25.9,19.8,163.4,0.122,0.282,0.942,Moderate traffic flow - standard adaptive signal timing in effect
EVT432451,2025-03-27 10:41:32,Political Rally,J009,Majestic,22149,Weekday,False,Clear,False,0.0,False,False,0.548,Moderate,21.0,37.7,208.2,0.126,0.291,0.944,Moderate traffic flow - standard adaptive signal timing in effect
EVT432452,2025-03-05 17:07:49,Political Rally,J030,MG Road,22371,Weekday,False,Clear,False,0.0,False,False,0.839,Severe,13.8,60.1,175.8,0.087,0.202,0.948,Heavy congestion detected - signal timing extended and reroute suggested
EVT432453,2026-03-26 06:33:05,Religious Festival,J031,Cubbon Road,39851,Weekday,True,Clear,False,0.0,False,True,0.938,Severe,11.6,95.8,554.7,0.235,0.543,0.87,Road closure for event/procession - full detour recommended for through-traffic
EVT432454,2026-04-22 08:02:07,Sports Fixture,J011,Indiranagar 100ft Road,40571,Weekday,False,Clear,False,0.0,False,False,1.0,Severe,10.8,76.4,592.4,0.244,0.564,0.917,Heavy congestion detected - signal timing extended and reroute suggested
EVT432455,2026-05-28 08:14:12,Concert,J020,Malleshwaram Circle,10380,Weekday,False,Clear,False,0.0,False,False,0.869,Severe,9.8,60.7,632.5,0.22,0.508,0.948,Heavy congestion detected - signal timing extended and reroute suggested
EVT432456,2026-01-14 20:42:10,Cultural Procession,J009,Majestic,12613,Weekday,True,Clear,False,0.0,False,False,0.744,High,18.8,50.0,362.2,0.211,0.488,0.892,Festival crowd surge detected - alternate route and extended cycle recommended
EVT432457,2025-09-28 18:49:40,Local Market Day,J009,Majestic,4034,Weekend,False,Clear,False,0.0,False,False,0.887,Severe,12.5,67.0,423.8,0.211,0.487,0.886,Heavy congestion detected - signal timing extended and reroute suggested
EVT432458,2025-11-18 17:19:23,Local Market Day,J023,Basavanagudi,5973,Weekday,False,Clear,False,0.0,False,False,0.873,Severe,12.7,59.9,322.8,0.158,0.365,0.94,Heavy congestion detected - signal timing extended and reroute suggested
EVT432459,2025-07-20 22:30:12,Trade Fair,J023,Basavanagudi,14099,Weekend,False,Clear,False,0.0,False,False,0.26,Low,30.1,19.6,149.2,0.118,0.273,0.968,Moderate traffic flow - standard adaptive signal timing in effect
EVT432460,2026-01-03 21:13:40,Political Rally,J020,Malleshwaram Circle,17391,Weekend,False,Clear,False,0.0,False,False,0.467,Moderate,24.2,33.8,216.7,0.17,0.393,0.977,Moderate traffic flow - standard adaptive signal timing in effect
EVT432461,2026-05-07 05:43:58,Sports Fixture,J009,Majestic,33586,Weekday,False,Clear,False,0.0,False,False,0.405,Moderate,29.8,28.8,128.9,0.109,0.252,0.956,Moderate traffic flow - standard adaptive signal timing in effect
EVT432462,2026-04-02 16:40:54,Local Market Day,J011,Indiranagar 100ft Road,2898,Weekday,False,Clear,False,0.0,False,False,0.578,High,19.3,43.0,275.9,0.144,0.332,0.973,Moderate traffic flow - standard adaptive signal timing in effect
EVT432463,2025-06-06 17:14:27,Local Market Day,J012,Koramangala Sony World,3274,Weekday,False,Clear,False,0.0,False,False,0.826,Severe,13.1,65.6,516.2,0.253,0.584,0.943,Heavy congestion detected - signal timing extended and reroute suggested
EVT432464,2026-03-14 08:33:58,Local Market Day,J030,MG Road,2651,Weekend,False,Clear,False,0.0,False,False,0.884,Severe,13.7,64.4,300.7,0.138,0.319,0.953,Heavy congestion detected - signal timing extended and reroute suggested
EVT432465,2025-10-25 19:23:28,Sports Fixture,J023,Basavanagudi,27023,Weekend,False,Clear,False,0.0,False,False,0.898,Severe,11.0,67.7,375.6,0.162,0.374,0.935,Heavy congestion detected - signal timing extended and reroute suggested
EVT432466,2026-03-22 00:30:27,Sports Fixture,J011,Indiranagar 100ft Road,13059,Weekend,False,Clear,False,0.0,False,False,0.321,Low,31.5,19.9,174.1,0.161,0.371,0.963,Moderate traffic flow - standard adaptive signal timing in effect
EVT432467,2025-04-11 21:05:22,Concert,J030,MG Road,9406,Weekday,False,Clear,False,0.0,False,False,0.374,Moderate,22.6,23.4,158.4,0.095,0.22,0.964,Moderate traffic flow - standard adaptive signal timing in effect
EVT432468,2025-07-13 17:36:58,Sports Fixture,J030,MG Road,21631,Weekend,False,Rain,True,10.5,False,False,1.0,Severe,10.2,79.2,361.3,0.149,0.344,0.855,Heavy rain reducing visibility and grip - reduced speed and longer buffer advised
EVT432469,2026-01-18 13:24:06,Local Market Day,J030,MG Road,7943,Weekend,False,Clear,False,0.0,False,False,0.246,Low,35.9,21.1,166.3,0.155,0.359,0.955,Normal free-flow traffic - standard signal timing maintained
EVT432470,2025-10-13 15:45:41,Sports Fixture,J020,Malleshwaram Circle,21094,Weekday,False,Clear,False,0.0,False,False,0.461,Moderate,26.3,32.7,164.4,0.125,0.289,0.95,Moderate traffic flow - standard adaptive signal timing in effect
EVT432471,2025-04-18 11:09:43,Political Rally,J031,Cubbon Road,14834,Weekday,False,Rain,True,20.9,False,False,0.649,High,19.6,42.1,96.8,0.062,0.143,0.872,Heavy rain reducing visibility and grip - reduced speed and longer buffer advised
EVT432472,2025-06-14 18:06:48,Concert,J023,Basavanagudi,16717,Weekend,False,Rain,True,21.9,False,False,1.0,Severe,10.0,67.7,556.2,0.206,0.476,0.881,Heavy rain reducing visibility and grip - reduced speed and longer buffer advised
EVT432473,2026-05-01 10:00:04,Cultural Procession,J040,City Market,20312,Weekday,True,Heavy Rain,True,41.0,False,True,1.0,Severe,7.1,106.4,603.8,0.205,0.474,0.752,Road closure for event/procession - full detour recommended for through-traffic
EVT432474,2026-02-25 15:10:03,Sports Fixture,J023,Basavanagudi,16368,Weekday,False,Clear,False,0.0,False,False,0.34,Low,27.8,26.5,184.9,0.138,0.32,0.931,Moderate traffic flow - standard adaptive signal timing in effect
EVT432475,2025-07-22 15:01:50,Political Rally,J012,Koramangala Sony World,29308,Weekday,False,Heavy Rain,True,56.3,False,False,0.742,High,23.2,51.1,191.6,0.15,0.346,0.938,Heavy rain reducing visibility and grip - reduced speed and longer buffer advised
EVT432476,2025-08-08 10:07:37,Trade Fair,J012,Koramangala Sony World,6532,Weekday,False,Clear,False,0.0,False,False,0.78,Severe,15.1,55.4,590.2,0.316,0.729,0.969,Heavy congestion detected - signal timing extended and reroute suggested
EVT432477,2025-02-18 16:34:03,Local Market Day,J030,MG Road,3695,Weekday,False,Clear,False,0.0,False,False,0.527,Moderate,22.8,38.8,190.2,0.143,0.33,0.961,Moderate traffic flow - standard adaptive signal timing in effect
EVT432478,2026-02-21 08:19:57,Concert,J012,Koramangala Sony World,7534,Weekend,False,Clear,False,0.0,False,False,0.93,Severe,11.2,60.7,412.4,0.161,0.371,0.944,Heavy congestion detected - signal timing extended and reroute suggested
EVT432479,2025-05-22 11:09:35,Local Market Day,J012,Koramangala Sony World,5244,Weekday,False,Rain,True,12.9,False,False,0.557,High,22.7,43.5,218.5,0.138,0.318,0.909,Heavy rain reducing visibility and grip - reduced speed and longer buffer advised
EVT432480,2025-10-14 18:55:45,Political Rally,J031,Cubbon Road,21009,Weekday,False,Clear,False,0.0,False,False,1.0,Severe,10.6,69.0,481.2,0.213,0.492,0.909,Heavy congestion detected - signal timing extended and reroute suggested
EVT432481,2025-06-24 18:53:10,Sports Fixture,J020,Malleshwaram Circle,30541,Weekday,False,Fog,False,0.0,False,False,1.0,Severe,7.9,76.9,747.7,0.227,0.525,0.908,Heavy congestion detected - signal timing extended and reroute suggested
EVT432482,2026-01-06 20:48:41,Sports Fixture,J023,Basavanagudi,18793,Weekday,False,Clear,False,0.0,False,False,0.533,Moderate,23.4,29.1,204.8,0.124,0.286,0.99,Moderate traffic flow - standard adaptive signal timing in effect
EVT432483,2025-07-18 07:45:25,Local Market Day,J031,Cubbon Road,3804,Weekday,False,Clear,False,0.0,False,False,0.744,High,19.6,50.3,250.3,0.166,0.383,0.983,Moderate traffic flow - standard adaptive signal timing in effect
EVT432484,2026-02-10 08:21:12,Sports Fixture,J012,Koramangala Sony World,40401,Weekday,False,Clear,False,0.0,False,False,1.0,Severe,7.9,68.0,845.9,0.292,0.674,0.915,Heavy congestion detected - signal timing extended and reroute suggested
EVT432485,2025-12-28 22:45:06,Sports Fixture,J030,MG Road,16753,Weekend,False,Rain,True,10.0,False,False,0.491,Moderate,29.0,41.7,192.1,0.143,0.331,0.909,Light rain detected - minor speed reduction advised
EVT432486,2025-08-09 10:42:46,Local Market Day,J031,Cubbon Road,5058,Weekend,False,Fog,False,0.0,False,False,0.55,Moderate,25.8,40.1,163.3,0.113,0.26,0.979,Moderate traffic flow - standard adaptive signal timing in effect
EVT432487,2026-02-23 16:44:07,Concert,J009,Majestic,9834,Weekday,False,Clear,False,0.0,False,False,0.712,High,17.7,51.6,226.4,0.131,0.303,0.965,Moderate traffic flow - standard adaptive signal timing in effect
EVT432488,2025-02-13 10:12:27,Political Rally,J030,MG Road,17114,Weekday,False,Clear,False,0.0,False,False,0.799,Severe,12.8,62.7,416.6,0.188,0.433,0.958,Heavy congestion detected - signal timing extended and reroute suggested
EVT432489,2025-02-27 12:49:23,Trade Fair,J012,Koramangala Sony World,9134,Weekday,False,Clear,False,0.0,False,False,0.192,Low,34.6,18.7,93.3,0.082,0.19,0.971,Normal free-flow traffic - standard signal timing maintained
EVT432490,2026-03-12 09:48:26,Local Market Day,J031,Cubbon Road,4443,Weekday,False,Clear,False,0.0,False,False,0.897,Severe,14.5,60.0,280.0,0.151,0.349,0.932,Heavy congestion detected - signal timing extended and reroute suggested
EVT432491,2026-05-17 08:07:15,Trade Fair,J012,Koramangala Sony World,12326,Weekend,False,Light Rain,True,2.5,False,False,0.861,Severe,12.4,56.8,511.4,0.236,0.544,0.875,Heavy rain reducing visibility and grip - reduced speed and longer buffer advised
EVT432492,2025-09-02 19:33:50,Political Rally,J023,Basavanagudi,8349,Weekday,False,Clear,False,0.0,False,False,0.925,Severe,11.5,65.4,439.6,0.193,0.445,0.935,Heavy congestion detected - signal timing extended and reroute suggested
EVT432493,2025-11-16 08:51:53,Sports Fixture,J031,Cubbon Road,26645,Weekend,False,Clear,False,0.0,False,False,1.0,Severe,9.2,71.4,656.1,0.228,0.526,0.915,Heavy congestion detected - signal timing extended and reroute suggested
EVT432494,2026-01-09 11:52:37,Sports Fixture,J020,Malleshwaram Circle,18434,Weekday,False,Clear,False,0.0,False,False,0.321,Low,28.6,26.8,145.8,0.111,0.257,0.99,Moderate traffic flow - standard adaptive signal timing in effect
EVT432495,2025-04-03 17:37:34,Political Rally,J011,Indiranagar 100ft Road,21763,Weekday,False,Clear,False,0.0,False,False,1.0,Severe,6.7,75.8,584.6,0.159,0.368,0.912,Heavy congestion detected - signal timing extended and reroute suggested
EVT432496,2025-12-18 12:19:21,Sports Fixture,J031,Cubbon Road,21411,Weekday,False,Fog,False,0.0,False,False,0.339,Low,32.7,25.0,192.8,0.16,0.37,0.943,Moderate traffic flow - standard adaptive signal timing in effect
EVT432497,2025-07-06 11:40:02,Sports Fixture,J023,Basavanagudi,10160,Weekend,False,Clear,False,0.0,False,False,0.407,Moderate,30.8,25.4,253.3,0.235,0.543,0.958,Moderate traffic flow - standard adaptive signal timing in effect
EVT432498,2026-03-26 20:21:35,Cultural Procession,J031,Cubbon Road,17083,Weekday,True,Light Rain,True,3.8,False,True,1.0,Severe,8.9,93.5,563.8,0.206,0.477,0.796,Road closure for event/procession - full detour recommended for through-traffic
EVT432499,2026-02-03 12:29:09,Sports Fixture,J009,Majestic,31752,Weekday,False,Fog,False,0.0,False,False,0.42,Moderate,32.6,25.7,162.5,0.157,0.362,0.974,Moderate traffic flow - standard adaptive signal timing in effect
EVT432500,2025-01-15 20:33:00,Religious Festival,J023,Basavanagudi,63983,Weekday,True,Clear,False,0.0,False,True,1.0,Severe,6.3,102.2,1206.4,0.302,0.698,0.799,Road closure for event/procession - full detour recommended for through-traffic
EVT432501,2025-10-31 18:50:13,Sports Fixture,J012,Koramangala Sony World,30975,Weekday,False,Clear,False,0.0,False,False,1.0,Severe,8.9,71.1,531.7,0.195,0.45,0.93,Heavy congestion detected - signal timing extended and reroute suggested
EVT432502,2025-09-21 09:25:43,Trade Fair,J031,Cubbon Road,7041,Weekend,False,Clear,False,0.0,False,False,0.932,Severe,10.7,63.7,665.0,0.267,0.617,0.921,Heavy congestion detected - signal timing extended and reroute suggested
EVT432503,2025-07-27 08:59:44,Local Market Day,J031,Cubbon Road,2784,Weekend,False,Clear,False,0.0,False,False,0.839,Severe,13.3,58.6,234.5,0.107,0.247,0.945,Heavy congestion detected - signal timing extended and reroute suggested
EVT432504,2025-08-27 14:45:39,Fireworks Display,J011,Indiranagar 100ft Road,19649,Weekday,True,Clear,False,0.0,False,False,0.476,Moderate,28.5,31.8,163.0,0.131,0.303,0.936,Moderate traffic flow - standard adaptive signal timing in effect
EVT432505,2025-10-17 07:28:50,Sports Fixture,J031,Cubbon Road,26175,Weekday,False,Clear,False,0.0,False,False,0.759,Severe,20.3,49.0,282.8,0.205,0.474,0.949,Heavy congestion detected - signal timing extended and reroute suggested
EVT432506,2025-11-08 07:09:12,Sports Fixture,J030,MG Road,31017,Weekend,False,Clear,False,0.0,False,False,0.669,High,21.8,45.3,331.8,0.227,0.526,0.96,Moderate traffic flow - standard adaptive signal timing in effect
EVT432507,2025-07-03 19:40:56,Concert,J031,Cubbon Road,13452,Weekday,False,Light Rain,True,6.5,False,False,0.9,Severe,10.4,64.5,529.4,0.221,0.51,0.898,Heavy rain reducing visibility and grip - reduced speed and longer buffer advised
EVT432508,2025-06-01 16:20:54,Sports Fixture,J040,City Market,42532,Weekend,False,Clear,False,0.0,False,False,0.722,High,13.5,50.6,304.5,0.129,0.298,0.964,Moderate traffic flow - standard adaptive signal timing in effect
EVT432509,2026-05-26 07:57:25,Political Rally,J023,Basavanagudi,19324,Weekday,False,Rain,True,22.3,False,False,1.0,Severe,9.5,66.7,388.3,0.152,0.352,0.849,Heavy rain reducing visibility and grip - reduced speed and longer buffer advised
EVT432510,2026-04-15 21:15:10,Fireworks Display,J009,Majestic,16625,Weekday,True,Fog,False,0.0,False,False,0.659,High,21.9,43.0,120.8,0.073,0.169,0.92,Festival crowd surge detected - alternate route and extended cycle recommended
EVT432511,2025-01-01 09:19:43,Local Market Day,J020,Malleshwaram Circle,4360,Weekday,False,Light Rain,True,2.8,False,False,1.0,Severe,7.9,78.8,671.8,0.244,0.564,0.886,Heavy rain reducing visibility and grip - reduced speed and longer buffer advised
EVT432512,2025-07-13 14:25:59,Concert,J012,Koramangala Sony World,17792,Weekend,False,Clear,False,0.0,False,False,0.346,Low,34.8,24.2,126.7,0.104,0.24,0.964,Moderate traffic flow - standard adaptive signal timing in effect
EVT432513,2025-02-09 12:33:28,Local Market Day,J030,MG Road,3799,Weekend,False,Clear,False,0.0,False,False,0.272,Low,27.5,17.9,86.9,0.044,0.101,0.956,Moderate traffic flow - standard adaptive signal timing in effect
EVT432514,2025-12-02 19:44:49,Local Market Day,J040,City Market,2764,Weekday,False,Clear,False,0.0,False,False,0.837,Severe,16.2,58.4,331.5,0.171,0.396,0.916,Heavy congestion detected - signal timing extended and reroute suggested
EVT432515,2026-06-11 18:18:22,Sports Fixture,J030,MG Road,29378,Weekday,False,Clear,False,0.0,False,False,1.0,Severe,8.4,70.8,478.1,0.188,0.434,0.935,Heavy congestion detected - signal timing extended and reroute suggested
EVT432516,2025-05-05 21:46:30,Trade Fair,J009,Majestic,6046,Weekday,False,Clear,False,0.0,False,False,0.266,Low,28.8,20.0,218.1,0.156,0.361,0.947,Moderate traffic flow - standard adaptive signal timing in effect
EVT432517,2026-03-01 10:37:46,Sports Fixture,J020,Malleshwaram Circle,15606,Weekend,False,Clear,False,0.0,False,False,0.568,High,27.3,39.2,137.0,0.111,0.255,0.984,Moderate traffic flow - standard adaptive signal timing in effect
EVT432518,2025-12-19 08:10:33,Local Market Day,J030,MG Road,2577,Weekday,False,Clear,False,0.0,False,False,0.838,Severe,11.8,62.2,537.5,0.232,0.535,0.962,Heavy congestion detected - signal timing extended and reroute suggested
EVT432519,2026-03-19 05:38:46,Religious Festival,J009,Majestic,34481,Weekday,True,Clear,False,0.0,False,True,0.722,High,15.4,67.0,376.9,0.175,0.405,0.893,Road closure for event/procession - full detour recommended for through-traffic
EVT432520,2025-07-23 12:04:12,Local Market Day,J030,MG Road,7232,Weekday,False,Heavy Rain,True,35.9,True,False,0.922,Severe,10.4,66.5,424.7,0.175,0.404,0.718,Accident detected nearby - reroute and reduced speed advised
EVT432521,2025-08-27 23:07:41,Fireworks Display,J030,MG Road,16731,Weekday,True,Clear,False,0.0,False,False,0.394,Moderate,20.7,22.2,381.4,0.24,0.555,0.934,Moderate traffic flow - standard adaptive signal timing in effect
EVT432522,2025-10-07 16:12:33,Concert,J012,Koramangala Sony World,10981,Weekday,False,Rain,True,11.9,False,False,0.672,High,17.8,46.1,336.8,0.208,0.482,0.906,Heavy rain reducing visibility and grip - reduced speed and longer buffer advised
EVT432523,2025-01-30 20:33:24,Political Rally,J023,Basavanagudi,14242,Weekday,False,Fog,False,0.0,False,False,0.561,High,24.1,45.0,106.7,0.062,0.142,0.956,Moderate traffic flow - standard adaptive signal timing in effect
EVT432524,2026-02-28 12:04:53,Concert,J023,Basavanagudi,13391,Weekend,False,Clear,False,0.0,False,False,0.373,Moderate,34.4,20.5,174.9,0.145,0.335,0.951,Moderate traffic flow - standard adaptive signal timing in effect
EVT432525,2025-07-19 19:34:02,Sports Fixture,J020,Malleshwaram Circle,12108,Weekend,False,Clear,False,0.0,False,False,0.766,Severe,16.3,47.2,355.9,0.185,0.427,0.983,Heavy congestion detected - signal timing extended and reroute suggested
EVT432526,2025-01-13 21:25:21,Trade Fair,J040,City Market,13154,Weekday,False,Clear,False,0.0,False,False,0.444,Moderate,29.7,34.0,211.7,0.203,0.468,0.953,Moderate traffic flow - standard adaptive signal timing in effect
EVT432527,2025-12-25 13:19:31,Religious Festival,J011,Indiranagar 100ft Road,36054,Weekday,True,Clear,False,0.0,False,True,0.813,High,16.7,82.0,286.8,0.161,0.372,0.87,Road closure for event/procession - full detour recommended for through-traffic
EVT432528,2025-03-25 19:05:59,Sports Fixture,J009,Majestic,26880,Weekday,False,Clear,False,0.0,False,False,1.0,Severe,9.2,72.5,585.1,0.229,0.529,0.926,Heavy congestion detected - signal timing extended and reroute suggested
EVT432529,2026-03-29 17:07:46,Political Rally,J040,City Market,10783,Weekend,False,Clear,False,0.0,False,False,0.753,Severe,17.5,59.5,210.2,0.13,0.301,0.945,Heavy congestion detected - signal timing extended and reroute suggested
EVT432530,2025-05-25 23:19:43,Concert,J023,Basavanagudi,21729,Weekend,False,Fog,False,0.0,False,False,0.468,Moderate,28.3,39.0,142.0,0.123,0.283,0.963,Moderate traffic flow - standard adaptive signal timing in effect
EVT432531,2025-08-16 18:48:11,Religious Festival,J009,Majestic,37036,Weekend,True,Clear,False,0.0,False,True,1.0,Severe,7.7,91.9,400.8,0.149,0.344,0.85,Road closure for event/procession - full detour recommended for through-traffic
EVT432532,2025-05-20 10:06:36,Political Rally,J020,Malleshwaram Circle,15357,Weekday,False,Light Rain,True,5.4,False,False,0.923,Severe,9.1,66.3,651.4,0.23,0.531,0.894,Heavy rain reducing visibility and grip - reduced speed and longer buffer advised
EVT432533,2025-08-08 08:28:17,Concert,J020,Malleshwaram Circle,16426,Weekday,False,Clear,False,0.0,False,False,1.0,Severe,8.0,72.3,566.5,0.198,0.457,0.912,Heavy congestion detected - signal timing extended and reroute suggested
EVT432534,2026-03-16 17:51:53,Concert,J011,Indiranagar 100ft Road,8239,Weekday,False,Clear,False,0.0,False,False,0.954,Severe,10.5,71.1,434.5,0.186,0.429,0.93,Heavy congestion detected - signal timing extended and reroute suggested
EVT432535,2025-02-08 19:03:35,Sports Fixture,J009,Majestic,25369,Weekend,False,Clear,False,0.0,False,False,0.898,Severe,13.5,63.8,301.0,0.172,0.397,0.954,Heavy congestion detected - signal timing extended and reroute suggested
EVT432536,2026-04-19 22:17:37,Local Market Day,J011,Indiranagar 100ft Road,3629,Weekend,False,Clear,False,0.0,False,False,0.324,Low,29.4,24.7,99.9,0.088,0.202,0.95,Moderate traffic flow - standard adaptive signal timing in effect
EVT432537,2026-01-25 11:46:08,Local Market Day,J040,City Market,3407,Weekend,False,Clear,False,0.0,False,False,0.382,Moderate,29.7,27.3,203.2,0.152,0.351,0.972,Moderate traffic flow - standard adaptive signal timing in effect
EVT432538,2025-07-09 12:27:50,Concert,J030,MG Road,8342,Weekday,False,Clear,False,0.0,False,False,0.209,Low,36.8,17.7,151.3,0.154,0.356,0.942,Normal free-flow traffic - standard signal timing maintained
EVT432539,2026-03-15 05:59:29,Trade Fair,J011,Indiranagar 100ft Road,11213,Weekend,False,Light Rain,True,3.8,False,False,0.437,Moderate,24.5,35.8,240.7,0.178,0.412,0.92,Light rain detected - minor speed reduction advised
EVT432540,2026-01-11 19:19:09,Political Rally,J020,Malleshwaram Circle,27681,Weekend,False,Clear,False,0.0,False,False,0.909,Severe,9.4,58.6,549.3,0.206,0.477,0.913,Heavy congestion detected - signal timing extended and reroute suggested
EVT432541,2026-02-11 08:31:46,Trade Fair,J031,Cubbon Road,8610,Weekday,False,Rain,True,9.1,False,False,1.0,Severe,10.2,72.8,546.2,0.22,0.508,0.904,Heavy rain reducing visibility and grip - reduced speed and longer buffer advised
EVT432542,2025-06-07 08:05:52,Local Market Day,J040,City Market,3692,Weekend,False,Clear,False,0.0,False,False,0.696,High,21.4,47.6,216.0,0.154,0.356,0.938,Moderate traffic flow - standard adaptive signal timing in effect
EVT432543,2026-03-18 09:45:47,Local Market Day,J009,Majestic,2709,Weekday,False,Clear,False,0.0,False,False,0.877,Severe,12.9,55.2,323.8,0.152,0.352,0.922,Heavy congestion detected - signal timing extended and reroute suggested
EVT432544,2026-03-03 22:46:00,Concert,J020,Malleshwaram Circle,23376,Weekday,False,Clear,False,0.0,False,False,0.374,Moderate,28.8,26.5,252.7,0.2,0.463,0.964,Moderate traffic flow - standard adaptive signal timing in effect
EVT432545,2025-04-04 19:16:45,Local Market Day,J040,City Market,4049,Weekday,False,Light Rain,True,7.0,False,False,1.0,Severe,8.6,69.1,567.5,0.211,0.487,0.861,Heavy rain reducing visibility and grip - reduced speed and longer buffer advised
EVT432546,2026-06-07 18:10:39,Local Market Day,J011,Indiranagar 100ft Road,4590,Weekend,False,Rain,True,10.8,False,False,1.0,Severe,7.9,71.7,823.1,0.255,0.589,0.86,Heavy rain reducing visibility and grip - reduced speed and longer buffer advised
EVT432547,2025-04-02 07:22:33,Concert,J023,Basavanagudi,16322,Weekday,False,Clear,False,0.0,False,False,0.682,High,15.5,51.8,228.3,0.125,0.29,0.945,Moderate traffic flow - standard adaptive signal timing in effect
EVT432548,2025-03-07 10:53:07,Trade Fair,J040,City Market,7530,Weekday,False,Clear,False,0.0,False,False,0.405,Moderate,28.2,27.9,105.6,0.091,0.209,0.975,Moderate traffic flow - standard adaptive signal timing in effect
EVT432549,2026-06-10 07:28:52,Trade Fair,J031,Cubbon Road,6081,Weekday,False,Clear,False,0.0,False,False,0.515,Moderate,25.5,36.8,230.3,0.188,0.435,0.963,Moderate traffic flow - standard adaptive signal timing in effect
EVT432550,2025-03-04 07:04:43,Sports Fixture,J012,Koramangala Sony World,23753,Weekday,False,Clear,False,0.0,False,False,0.552,High,24.4,36.8,205.4,0.163,0.377,0.979,Moderate traffic flow - standard adaptive signal timing in effect
EVT432551,2026-04-28 00:03:34,Concert,J009,Majestic,6382,Weekday,False,Clear,False,0.0,False,False,0.161,Low,36.4,15.4,143.0,0.129,0.299,0.974,Normal free-flow traffic - standard signal timing maintained
EVT432552,2026-04-12 19:07:13,Local Market Day,J012,Koramangala Sony World,4046,Weekend,False,Clear,False,0.0,False,False,0.802,Severe,13.2,57.3,136.9,0.064,0.147,0.955,Heavy congestion detected - signal timing extended and reroute suggested
EVT432553,2026-02-17 09:37:54,Political Rally,J030,MG Road,32645,Weekday,False,Clear,False,0.0,False,False,1.0,Severe,9.0,75.9,613.2,0.21,0.486,0.922,Heavy congestion detected - signal timing extended and reroute suggested
EVT432554,2026-06-28 11:46:07,Concert,J040,City Market,13402,Weekend,False,Clear,False,0.0,False,False,0.397,Moderate,22.5,27.8,192.9,0.113,0.261,0.965,Moderate traffic flow - standard adaptive signal timing in effect
EVT432555,2025-11-28 15:32:26,Sports Fixture,J011,Indiranagar 100ft Road,19769,Weekday,False,Rain,True,14.8,False,False,0.642,High,17.2,44.7,304.9,0.176,0.406,0.896,Heavy rain reducing visibility and grip - reduced speed and longer buffer advised
EVT432556,2025-09-15 21:22:33,Concert,J023,Basavanagudi,8283,Weekday,False,Clear,False,0.0,False,False,0.382,Moderate,30.1,20.5,185.5,0.154,0.356,0.961,Moderate traffic flow - standard adaptive signal timing in effect
EVT432557,2025-02-02 12:50:45,Trade Fair,J023,Basavanagudi,6565,Weekend,False,Clear,False,0.0,False,False,0.307,Low,32.4,22.7,137.7,0.123,0.285,0.959,Moderate traffic flow - standard adaptive signal timing in effect
EVT432558,2025-07-13 19:32:36,Concert,J012,Koramangala Sony World,7128,Weekend,False,Clear,False,0.0,False,False,0.738,High,16.9,51.6,350.3,0.193,0.447,0.95,Moderate traffic flow - standard adaptive signal timing in effect
EVT432559,2025-06-08 08:12:49,Local Market Day,J031,Cubbon Road,6132,Weekend,False,Clear,False,0.0,False,False,0.748,High,16.9,53.1,450.5,0.252,0.583,0.962,Moderate traffic flow - standard adaptive signal timing in effect
EVT432560,2025-08-29 11:55:40,Sports Fixture,J011,Indiranagar 100ft Road,18757,Weekday,False,Clear,False,0.0,False,False,0.267,Low,26.5,16.8,59.1,0.043,0.098,0.951,Moderate traffic flow - standard adaptive signal timing in effect
EVT432561,2025-02-23 16:34:56,Trade Fair,J031,Cubbon Road,8679,Weekend,False,Clear,False,0.0,False,False,0.595,High,21.7,42.4,317.3,0.209,0.483,0.99,Moderate traffic flow - standard adaptive signal timing in effect
EVT432562,2026-03-10 14:52:09,Concert,J030,MG Road,8062,Weekday,False,Light Rain,True,0.7,False,False,0.296,Low,30.1,27.3,241.1,0.196,0.453,0.89,Light rain detected - minor speed reduction advised
EVT432563,2025-11-06 08:37:43,Sports Fixture,J030,MG Road,12635,Weekday,False,Clear,False,0.0,False,False,1.0,Severe,8.1,65.7,553.6,0.193,0.445,0.93,Heavy congestion detected - signal timing extended and reroute suggested
EVT432564,2025-08-01 07:24:33,Concert,J020,Malleshwaram Circle,7346,Weekday,False,Heavy Rain,True,28.1,False,False,0.862,Severe,9.4,62.4,714.8,0.265,0.612,0.891,Heavy rain reducing visibility and grip - reduced speed and longer buffer advised
EVT432565,2025-08-09 09:01:25,Concert,J023,Basavanagudi,20079,Weekend,False,Light Rain,True,5.3,False,False,1.0,Severe,9.0,76.6,675.3,0.244,0.565,0.884,Heavy rain reducing visibility and grip - reduced speed and longer buffer advised
EVT432566,2025-06-25 07:42:43,Sports Fixture,J012,Koramangala Sony World,16384,Weekday,False,Clear,False,0.0,False,False,0.875,Severe,10.8,61.0,695.5,0.28,0.648,0.946,Heavy congestion detected - signal timing extended and reroute suggested
EVT432567,2025-11-23 06:51:04,Concert,J020,Malleshwaram Circle,13137,Weekend,False,Clear,False,0.0,False,False,0.504,Moderate,24.8,31.2,188.7,0.137,0.317,0.961,Moderate traffic flow - standard adaptive signal timing in effect
EVT432568,2025-01-09 16:09:28,Sports Fixture,J012,Koramangala Sony World,22685,Weekday,False,Clear,False,0.0,False,False,0.651,High,25.4,46.5,180.4,0.138,0.319,0.947,Moderate traffic flow - standard adaptive signal timing in effect
EVT432569,2025-04-19 09:44:41,Local Market Day,J030,MG Road,3923,Weekend,False,Clear,False,0.0,False,False,0.772,Severe,13.7,62.5,306.9,0.167,0.385,0.97,Heavy congestion detected - signal timing extended and reroute suggested
EVT432570,2026-03-02 06:07:25,Sports Fixture,J040,City Market,26082,Weekday,False,Clear,False,0.0,False,False,0.385,Moderate,29.4,29.2,89.6,0.061,0.14,0.949,Moderate traffic flow - standard adaptive signal timing in effect
EVT432571,2025-12-06 17:01:40,Sports Fixture,J012,Koramangala Sony World,18236,Weekend,False,Clear,False,0.0,False,False,0.731,High,14.1,53.5,297.7,0.132,0.306,0.99,Moderate traffic flow - standard adaptive signal timing in effect
EVT432572,2025-09-29 19:28:22,Trade Fair,J040,City Market,8353,Weekday,False,Clear,False,0.0,False,False,0.895,Severe,10.2,60.5,327.1,0.136,0.314,0.948,Heavy congestion detected - signal timing extended and reroute suggested
EVT432573,2025-06-04 14:20:26,Trade Fair,J011,Indiranagar 100ft Road,5742,Weekday,False,Clear,False,0.0,False,False,0.162,Low,30.0,5.2,111.7,0.095,0.22,0.959,Normal free-flow traffic - standard signal timing maintained
EVT432574,2025-06-28 20:20:06,Political Rally,J020,Malleshwaram Circle,10430,Weekend,False,Rain,True,14.3,False,False,0.835,Severe,14.2,61.3,522.7,0.268,0.618,0.899,Heavy rain reducing visibility and grip - reduced speed and longer buffer advised
EVT432575,2025-05-18 18:11:55,Concert,J023,Basavanagudi,12501,Weekend,False,Clear,False,0.0,False,False,0.834,Severe,14.0,57.3,134.4,0.076,0.176,0.933,Heavy congestion detected - signal timing extended and reroute suggested
EVT432576,2026-06-13 08:43:36,Trade Fair,J020,Malleshwaram Circle,6271,Weekend,False,Clear,False,0.0,False,False,0.821,Severe,13.2,58.1,337.8,0.164,0.379,0.982,Heavy congestion detected - signal timing extended and reroute suggested
EVT432577,2025-10-30 18:58:09,Concert,J023,Basavanagudi,8120,Weekday,False,Clear,False,0.0,False,False,0.992,Severe,8.9,78.8,532.2,0.203,0.468,0.931,Heavy congestion detected - signal timing extended and reroute suggested
EVT432578,2026-03-26 19:25:34,Religious Festival,J009,Majestic,61569,Weekday,True,Clear,False,0.0,False,True,1.0,Severe,8.8,102.2,667.7,0.246,0.569,0.841,Road closure for event/procession - full detour recommended for through-traffic
EVT432579,2025-09-06 19:22:23,Fireworks Display,J012,Koramangala Sony World,29910,Weekend,True,Clear,False,0.0,False,False,1.0,Severe,9.5,69.2,437.6,0.162,0.375,0.866,Festival crowd surge detected - alternate route and extended cycle recommended
EVT432580,2025-03-31 15:48:15,Religious Festival,J009,Majestic,35548,Weekday,True,Clear,False,0.0,False,False,0.712,High,17.9,51.3,333.1,0.192,0.443,0.925,Festival crowd surge detected - alternate route and extended cycle recommended
EVT432581,2025-04-28 06:42:10,Political Rally,J030,MG Road,16836,Weekday,False,Clear,False,0.0,False,False,0.453,Moderate,28.4,30.0,191.8,0.154,0.357,0.984,Moderate traffic flow - standard adaptive signal timing in effect
EVT432582,2025-10-27 21:52:54,Political Rally,J020,Malleshwaram Circle,16485,Weekday,False,Clear,False,0.0,False,False,0.333,Low,22.0,25.6,196.5,0.125,0.29,0.981,Moderate traffic flow - standard adaptive signal timing in effect
EVT432583,2025-06-01 16:47:32,Local Market Day,J009,Majestic,3226,Weekend,False,Clear,False,0.0,False,False,0.648,High,22.0,53.4,170.7,0.106,0.245,0.99,Moderate traffic flow - standard adaptive signal timing in effect
EVT432584,2025-06-14 19:00:41,Local Market Day,J020,Malleshwaram Circle,4247,Weekend,False,Clear,False,0.0,False,False,0.806,Severe,13.7,60.2,188.9,0.091,0.21,0.92,Heavy congestion detected - signal timing extended and reroute suggested
EVT432585,2025-04-15 10:10:55,Cultural Procession,J020,Malleshwaram Circle,10659,Weekday,True,Rain,True,12.4,False,True,1.0,Severe,10.1,92.3,393.4,0.188,0.434,0.804,Road closure for event/procession - full detour recommended for through-traffic
EVT432586,2025-03-31 21:01:16,Fireworks Display,J030,MG Road,22020,Weekday,True,Clear,False,0.0,False,False,0.771,Severe,14.7,54.5,261.7,0.157,0.363,0.898,Festival crowd surge detected - alternate route and extended cycle recommended
EVT432587,2025-05-11 15:18:54,Concert,J031,Cubbon Road,18137,Weekend,False,Clear,False,0.0,False,False,0.436,Moderate,22.4,32.8,205.9,0.129,0.297,0.99,Moderate traffic flow - standard adaptive signal timing in effect
EVT432588,2025-10-28 20:36:23,Sports Fixture,J040,City Market,21915,Weekday,False,Clear,False,0.0,False,False,0.582,High,21.4,43.9,212.3,0.159,0.368,0.982,Moderate traffic flow - standard adaptive signal timing in effect
EVT432589,2025-12-18 22:47:18,Sports Fixture,J030,MG Road,10188,Weekday,False,Clear,False,0.0,False,False,0.259,Low,28.0,17.7,215.2,0.164,0.379,0.936,Moderate traffic flow - standard adaptive signal timing in effect
EVT432590,2025-07-10 20:46:20,Concert,J009,Majestic,14334,Weekday,False,Rain,True,21.3,False,False,0.842,Severe,11.8,62.7,361.6,0.184,0.424,0.909,Heavy rain reducing visibility and grip - reduced speed and longer buffer advised
EVT432591,2025-06-16 09:23:25,Local Market Day,J023,Basavanagudi,4697,Weekday,False,Rain,True,10.5,False,False,1.0,Severe,8.9,75.5,482.8,0.182,0.421,0.859,Heavy rain reducing visibility and grip - reduced speed and longer buffer advised
EVT432592,2025-11-28 17:12:16,Local Market Day,J012,Koramangala Sony World,3964,Weekday,False,Clear,False,0.0,False,False,0.758,Severe,16.8,50.9,269.9,0.139,0.32,0.973,Heavy congestion detected - signal timing extended and reroute suggested
EVT432593,2026-04-09 10:54:02,Political Rally,J023,Basavanagudi,5741,Weekday,False,Clear,False,0.0,False,False,0.41,Moderate,32.0,29.4,113.3,0.112,0.259,0.976,Moderate traffic flow - standard adaptive signal timing in effect
EVT432594,2025-10-12 17:33:11,Sports Fixture,J020,Malleshwaram Circle,18013,Weekend,False,Clear,False,0.0,False,False,0.84,Severe,12.3,60.7,330.1,0.153,0.352,0.928,Heavy congestion detected - signal timing extended and reroute suggested
EVT432595,2026-02-09 23:12:11,Local Market Day,J023,Basavanagudi,3465,Weekday,False,Clear,False,0.0,False,False,0.191,Low,39.3,16.1,105.8,0.102,0.235,0.98,Normal free-flow traffic - standard signal timing maintained
EVT432596,2025-01-03 18:34:32,Local Market Day,J009,Majestic,2405,Weekday,False,Fog,False,0.0,False,False,1.0,Severe,9.2,72.6,457.8,0.166,0.384,0.926,Heavy congestion detected - signal timing extended and reroute suggested
EVT432597,2025-06-11 07:19:06,Sports Fixture,J031,Cubbon Road,20335,Weekday,False,Clear,False,0.0,False,False,0.636,High,19.9,46.4,114.5,0.086,0.198,0.975,Moderate traffic flow - standard adaptive signal timing in effect
EVT432598,2025-03-10 17:20:51,Concert,J023,Basavanagudi,8334,Weekday,False,Clear,False,0.0,False,False,0.902,Severe,11.9,62.7,340.8,0.171,0.396,0.917,Heavy congestion detected - signal timing extended and reroute suggested
EVT432599,2026-04-30 08:34:51,Sports Fixture,J031,Cubbon Road,40029,Weekday,False,Clear,False,0.0,False,False,1.0,Severe,10.0,70.2,512.3,0.209,0.482,0.899,Heavy congestion detected - signal timing extended and reroute suggested
EVT432600,2026-06-09 18:19:43,Local Market Day,J031,Cubbon Road,5813,Weekday,False,Heavy Rain,True,28.0,False,False,1.0,Severe,6.2,71.6,661.4,0.193,0.446,0.857,Heavy rain reducing visibility and grip - reduced speed and longer buffer advised
EVT432601,2025-09-15 17:29:56,Local Market Day,J009,Majestic,4117,Weekday,False,Clear,False,0.0,False,False,0.86,Severe,12.5,57.0,145.5,0.053,0.122,0.918,Heavy congestion detected - signal timing extended and reroute suggested
EVT432602,2025-10-24 09:55:25,Sports Fixture,J030,MG Road,39560,Weekday,False,Clear,False,0.0,False,False,1.0,Severe,8.2,68.5,346.8,0.123,0.284,0.893,Heavy congestion detected - signal timing extended and reroute suggested
EVT432603,2025-09-13 18:57:09,Local Market Day,J040,City Market,5367,Weekend,False,Clear,False,0.0,False,False,0.888,Severe,14.2,58.2,315.8,0.152,0.35,0.941,Heavy congestion detected - signal timing extended and reroute suggested
EVT432604,2025-03-28 11:28:35,Sports Fixture,J023,Basavanagudi,36900,Weekday,False,Clear,False,0.0,False,False,0.503,Moderate,21.2,36.6,203.6,0.13,0.299,0.981,Moderate traffic flow - standard adaptive signal timing in effect
EVT432605,2025-11-14 10:21:29,Local Market Day,J040,City Market,4552,Weekday,False,Clear,False,0.0,False,False,0.709,High,17.7,56.6,341.3,0.203,0.469,0.957,Moderate traffic flow - standard adaptive signal timing in effect
EVT432606,2025-09-18 14:12:23,Trade Fair,J020,Malleshwaram Circle,10398,Weekday,False,Clear,False,0.0,False,False,0.111,Low,33.6,2.0,132.4,0.115,0.265,0.962,Normal free-flow traffic - standard signal timing maintained
EVT432607,2025-04-01 09:06:11,Sports Fixture,J011,Indiranagar 100ft Road,24613,Weekday,False,Clear,False,0.0,False,False,1.0,Severe,6.1,71.9,792.5,0.203,0.47,0.911,Heavy congestion detected - signal timing extended and reroute suggested
EVT432608,2025-08-11 22:23:35,Sports Fixture,J009,Majestic,15465,Weekday,False,Clear,False,0.0,False,False,0.251,Low,34.7,26.1,188.6,0.163,0.376,0.972,Moderate traffic flow - standard adaptive signal timing in effect
EVT432609,2025-05-05 16:30:41,Local Market Day,J012,Koramangala Sony World,4088,Weekday,False,Rain,True,10.7,False,False,0.848,Severe,11.1,58.0,334.7,0.137,0.317,0.873,Heavy rain reducing visibility and grip - reduced speed and longer buffer advised
EVT432610,2025-02-26 07:52:29,Local Market Day,J020,Malleshwaram Circle,4390,Weekday,False,Clear,False,0.0,False,False,0.779,Severe,14.2,50.2,424.3,0.188,0.433,0.947,Heavy congestion detected - signal timing extended and reroute suggested
EVT432611,2025-09-12 07:45:27,Sports Fixture,J011,Indiranagar 100ft Road,21964,Weekday,False,Clear,False,0.0,False,False,0.857,Severe,14.7,69.1,425.3,0.235,0.542,0.943,Heavy congestion detected - signal timing extended and reroute suggested
EVT432612,2025-05-07 06:05:03,Trade Fair,J031,Cubbon Road,18328,Weekday,False,Rain,True,15.8,False,False,0.488,Moderate,17.2,31.0,407.7,0.215,0.497,0.931,Light rain detected - minor speed reduction advised
EVT432613,2025-11-16 19:32:16,Concert,J030,MG Road,16283,Weekend,False,Light Rain,True,4.3,False,False,0.945,Severe,11.1,65.2,410.8,0.179,0.414,0.862,Heavy rain reducing visibility and grip - reduced speed and longer buffer advised
EVT432614,2025-12-06 15:19:29,Sports Fixture,J040,City Market,17481,Weekend,False,Clear,False,0.0,False,False,0.445,Moderate,28.9,31.7,165.5,0.121,0.28,0.976,Moderate traffic flow - standard adaptive signal timing in effect
EVT432615,2025-03-09 19:15:10,Sports Fixture,J009,Majestic,19958,Weekend,False,Clear,False,0.0,False,False,0.953,Severe,11.1,63.6,159.3,0.085,0.197,0.912,Heavy congestion detected - signal timing extended and reroute suggested
EVT432616,2025-05-21 07:41:07,Sports Fixture,J031,Cubbon Road,15077,Weekday,False,Rain,True,15.5,False,False,0.897,Severe,13.4,67.3,351.5,0.174,0.402,0.909,Heavy rain reducing visibility and grip - reduced speed and longer buffer advised
EVT432617,2025-01-24 08:14:18,Local Market Day,J031,Cubbon Road,6867,Weekday,False,Clear,False,0.0,False,False,0.895,Severe,12.9,66.5,189.5,0.086,0.198,0.927,Heavy congestion detected - signal timing extended and reroute suggested
EVT432618,2025-02-17 08:47:07,Trade Fair,J009,Majestic,12579,Weekday,False,Clear,False,0.0,False,False,1.0,Severe,7.7,72.4,559.6,0.195,0.451,0.924,Heavy congestion detected - signal timing extended and reroute suggested
EVT432619,2025-01-15 18:06:31,Religious Festival,J009,Majestic,48016,Weekday,True,Clear,False,0.0,False,True,1.0,Severe,7.9,97.9,580.1,0.193,0.446,0.817,Road closure for event/procession - full detour recommended for through-traffic
EVT432620,2025-03-18 16:14:21,Political Rally,J020,Malleshwaram Circle,15730,Weekday,False,Clear,False,0.0,False,False,0.499,Moderate,28.9,34.9,172.8,0.132,0.305,0.966,Moderate traffic flow - standard adaptive signal timing in effect
EVT432621,2025-09-24 17:43:13,Sports Fixture,J023,Basavanagudi,20758,Weekday,False,Clear,False,0.0,False,False,1.0,Severe,11.7,73.6,517.1,0.225,0.52,0.922,Heavy congestion detected - signal timing extended and reroute suggested
EVT432622,2026-01-13 13:14:09,Concert,J012,Koramangala Sony World,7517,Weekday,False,Clear,False,0.0,False,False,0.183,Low,28.6,15.5,162.3,0.117,0.271,0.949,Normal free-flow traffic - standard signal timing maintained
EVT432623,2026-03-07 18:45:11,Political Rally,J011,Indiranagar 100ft Road,18310,Weekend,False,Clear,False,0.0,False,False,0.954,Severe,10.3,74.3,712.2,0.306,0.707,0.92,Heavy congestion detected - signal timing extended and reroute suggested
EVT432624,2025-07-04 08:56:18,Concert,J020,Malleshwaram Circle,7989,Weekday,False,Clear,False,0.0,False,False,1.0,Severe,7.8,70.3,426.8,0.148,0.341,0.89,Heavy congestion detected - signal timing extended and reroute suggested
EVT432625,2025-09-22 16:50:46,Local Market Day,J011,Indiranagar 100ft Road,5046,Weekday,False,Clear,False,0.0,False,False,0.726,High,16.2,52.5,183.7,0.104,0.239,0.99,Moderate traffic flow - standard adaptive signal timing in effect
EVT432626,2026-03-11 17:23:07,Trade Fair,J020,Malleshwaram Circle,13821,Weekday,False,Clear,False,0.0,False,False,0.984,Severe,9.1,70.7,439.4,0.149,0.345,0.916,Heavy congestion detected - signal timing extended and reroute suggested
EVT432627,2025-10-09 17:30:23,Sports Fixture,J012,Koramangala Sony World,19852,Weekday,False,Rain,True,17.5,False,False,1.0,Severe,7.5,72.7,715.3,0.211,0.487,0.861,Heavy rain reducing visibility and grip - reduced speed and longer buffer advised
EVT432628,2025-12-06 05:49:48,Local Market Day,J009,Majestic,2913,Weekend,False,Clear,False,0.0,False,False,0.313,Low,25.3,22.0,100.2,0.077,0.178,0.973,Moderate traffic flow - standard adaptive signal timing in effect
EVT432629,2025-04-04 07:09:24,Sports Fixture,J012,Koramangala Sony World,20006,Weekday,False,Clear,False,0.0,False,False,0.571,High,19.8,43.1,232.0,0.141,0.326,0.953,Moderate traffic flow - standard adaptive signal timing in effect
EVT432630,2025-03-20 21:53:57,Trade Fair,J031,Cubbon Road,3889,Weekday,False,Clear,False,0.0,False,False,0.23,Low,32.0,18.4,168.5,0.132,0.305,0.957,Normal free-flow traffic - standard signal timing maintained
EVT432631,2025-02-11 18:29:18,Sports Fixture,J040,City Market,17079,Weekday,False,Clear,False,0.0,False,False,1.0,Severe,8.8,70.1,717.9,0.287,0.663,0.922,Heavy congestion detected - signal timing extended and reroute suggested
EVT432632,2025-10-10 05:00:13,Sports Fixture,J023,Basavanagudi,25475,Weekday,False,Clear,False,0.0,False,False,0.263,Low,34.9,16.3,91.7,0.074,0.171,0.966,Moderate traffic flow - standard adaptive signal timing in effect
EVT432633,2025-07-24 10:24:10,Local Market Day,J011,Indiranagar 100ft Road,2888,Weekday,False,Rain,True,7.9,False,False,0.692,High,18.0,49.4,296.8,0.194,0.447,0.899,Heavy rain reducing visibility and grip - reduced speed and longer buffer advised
EVT432634,2025-09-23 05:47:04,Trade Fair,J011,Indiranagar 100ft Road,15651,Weekday,False,Heavy Rain,True,39.1,False,False,0.678,High,20.2,49.0,274.6,0.184,0.425,0.925,Heavy rain reducing visibility and grip - reduced speed and longer buffer advised
EVT432635,2025-01-23 23:23:29,Local Market Day,J012,Koramangala Sony World,2207,Weekday,False,Clear,False,0.0,False,False,0.203,Low,31.2,17.2,178.2,0.148,0.341,0.98,Normal free-flow traffic - standard signal timing maintained
EVT432636,2025-09-18 06:47:53,Local Market Day,J012,Koramangala Sony World,3674,Weekday,False,Clear,False,0.0,False,False,0.419,Moderate,29.6,30.7,91.5,0.068,0.157,0.988,Moderate traffic flow - standard adaptive signal timing in effect
EVT432637,2026-04-12 16:47:12,Local Market Day,J011,Indiranagar 100ft Road,2525,Weekend,False,Clear,False,0.0,False,False,0.553,High,20.1,43.8,181.8,0.134,0.311,0.975,Moderate traffic flow - standard adaptive signal timing in effect
EVT432638,2025-12-03 06:14:09,Trade Fair,J031,Cubbon Road,9554,Weekday,False,Clear,False,0.0,False,False,0.325,Low,29.7,20.0,68.6,0.052,0.12,0.972,Moderate traffic flow - standard adaptive signal timing in effect
EVT432639,2025-08-10 12:28:03,Sports Fixture,J009,Majestic,23406,Weekend,False,Clear,False,0.0,False,False,0.333,Low,25.9,22.6,205.6,0.145,0.336,0.968,Moderate traffic flow - standard adaptive signal timing in effect
EVT432640,2026-03-31 06:15:52,Sports Fixture,J023,Basavanagudi,14580,Weekday,False,Clear,False,0.0,False,False,0.417,Moderate,31.6,22.2,147.7,0.133,0.308,0.99,Moderate traffic flow - standard adaptive signal timing in effect
EVT432641,2025-11-17 21:15:53,Trade Fair,J040,City Market,3445,Weekday,False,Clear,False,0.0,False,False,0.393,Moderate,30.9,26.8,111.1,0.104,0.239,0.965,Moderate traffic flow - standard adaptive signal timing in effect
EVT432642,2025-05-27 10:29:39,Trade Fair,J011,Indiranagar 100ft Road,5621,Weekday,False,Clear,False,0.0,False,False,0.57,High,19.0,42.1,210.1,0.128,0.295,0.974,Moderate traffic flow - standard adaptive signal timing in effect
EVT432643,2026-06-18 15:15:06,Concert,J031,Cubbon Road,13606,Weekday,False,Clear,False,0.0,False,False,0.37,Moderate,31.2,25.8,192.5,0.157,0.362,0.968,Moderate traffic flow - standard adaptive signal timing in effect
EVT432644,2025-03-30 21:20:46,Religious Festival,J031,Cubbon Road,24420,Weekend,True,Clear,False,0.0,False,False,0.717,High,18.9,48.6,107.3,0.071,0.164,0.886,Festival crowd surge detected - alternate route and extended cycle recommended
EVT432645,2025-03-14 10:22:37,Religious Festival,J030,MG Road,47412,Weekday,True,Clear,False,0.0,False,True,1.0,Severe,8.2,110.0,297.0,0.113,0.26,0.822,Road closure for event/procession - full detour recommended for through-traffic
EVT432646,2025-01-25 20:26:01,Local Market Day,J030,MG Road,6151,Weekend,False,Clear,False,0.0,False,False,0.523,Moderate,21.9,36.0,272.0,0.179,0.412,0.978,Moderate traffic flow - standard adaptive signal timing in effect
EVT432647,2025-10-23 07:49:10,Political Rally,J009,Majestic,15023,Weekday,False,Clear,False,0.0,False,False,0.804,Severe,14.0,58.4,313.2,0.152,0.35,0.932,Heavy congestion detected - signal timing extended and reroute suggested
EVT432648,2026-04-12 08:23:41,Concert,J011,Indiranagar 100ft Road,11155,Weekend,False,Clear,False,0.0,False,False,0.832,Severe,13.9,62.2,375.0,0.205,0.474,0.908,Heavy congestion detected - signal timing extended and reroute suggested
EVT432649,2026-03-28 07:44:15,Political Rally,J030,MG Road,15590,Weekend,False,Clear,False,0.0,False,False,0.762,Severe,17.3,56.3,326.0,0.171,0.396,0.964,Heavy congestion detected - signal timing extended and reroute suggested
EVT432650,2025-12-14 16:45:07,Sports Fixture,J011,Indiranagar 100ft Road,21162,Weekend,False,Clear,False,0.0,False,False,0.781,Severe,15.3,58.5,184.6,0.112,0.258,0.968,Heavy congestion detected - signal timing extended and reroute suggested
EVT432651,2025-03-20 12:57:49,Local Market Day,J023,Basavanagudi,5192,Weekday,False,Clear,False,0.0,False,False,0.163,Low,29.1,14.0,145.1,0.114,0.263,0.953,Normal free-flow traffic - standard signal timing maintained
EVT432652,2025-09-09 09:50:34,Local Market Day,J012,Koramangala Sony World,1844,Weekday,False,Clear,False,0.0,False,False,0.851,Severe,10.8,65.3,495.5,0.193,0.445,0.956,Heavy congestion detected - signal timing extended and reroute suggested
EVT432653,2025-01-02 09:22:10,Local Market Day,J031,Cubbon Road,5383,Weekday,False,Clear,False,0.0,False,False,0.948,Severe,10.1,66.1,455.8,0.182,0.419,0.929,Heavy congestion detected - signal timing extended and reroute suggested
EVT432654,2026-03-06 19:27:47,Sports Fixture,J020,Malleshwaram Circle,16216,Weekday,False,Clear,False,0.0,False,False,0.985,Severe,9.7,74.6,550.5,0.216,0.498,0.925,Heavy congestion detected - signal timing extended and reroute suggested
EVT432655,2026-04-28 22:02:19,Sports Fixture,J011,Indiranagar 100ft Road,22845,Weekday,False,Clear,False,0.0,False,False,0.403,Moderate,30.2,29.8,201.0,0.18,0.416,0.969,Moderate traffic flow - standard adaptive signal timing in effect
EVT432656,2026-06-03 11:32:44,Trade Fair,J012,Koramangala Sony World,7618,Weekday,False,Rain,True,22.4,False,False,0.575,High,22.4,37.9,233.0,0.169,0.39,0.905,Heavy rain reducing visibility and grip - reduced speed and longer buffer advised
EVT432657,2026-01-19 10:25:06,Sports Fixture,J031,Cubbon Road,34968,Weekday,False,Clear,False,0.0,False,False,0.86,Severe,13.8,65.4,218.7,0.122,0.281,0.929,Heavy congestion detected - signal timing extended and reroute suggested
EVT432658,2025-07-06 18:46:56,Political Rally,J011,Indiranagar 100ft Road,18346,Weekend,False,Clear,False,0.0,False,False,0.962,Severe,10.1,68.2,463.3,0.179,0.414,0.906,Heavy congestion detected - signal timing extended and reroute suggested
EVT432659,2025-10-03 04:03:02,Religious Festival,J030,MG Road,36036,Weekday,True,Clear,False,0.0,False,True,0.703,High,19.9,72.7,183.1,0.113,0.26,0.879,Road closure for event/procession - full detour recommended for through-traffic
EVT432660,2025-09-05 16:57:44,Cultural Procession,J023,Basavanagudi,15039,Weekday,True,Heavy Rain,True,43.5,False,True,1.0,Severe,7.7,100.7,687.8,0.221,0.509,0.789,Road closure for event/procession - full detour recommended for through-traffic
EVT432661,2026-05-15 11:26:21,Political Rally,J020,Malleshwaram Circle,15854,Weekday,False,Light Rain,True,6.8,False,False,0.491,Moderate,31.4,31.5,115.7,0.107,0.248,0.93,Light rain detected - minor speed reduction advised
EVT432662,2025-02-17 15:44:09,Concert,J011,Indiranagar 100ft Road,12168,Weekday,False,Clear,False,0.0,False,False,0.324,Low,31.8,23.8,169.8,0.151,0.349,0.959,Moderate traffic flow - standard adaptive signal timing in effect
EVT432663,2025-09-23 16:13:50,Local Market Day,J030,MG Road,5133,Weekday,False,Clear,False,0.0,False,False,0.403,Moderate,22.6,22.6,226.8,0.148,0.342,0.973,Moderate traffic flow - standard adaptive signal timing in effect
EVT432664,2025-04-21 23:33:52,Sports Fixture,J020,Malleshwaram Circle,14096,Weekday,False,Clear,False,0.0,False,False,0.206,Low,35.5,17.1,100.0,0.093,0.215,0.974,Normal free-flow traffic - standard signal timing maintained
EVT432665,2026-05-25 14:19:14,Concert,J020,Malleshwaram Circle,16477,Weekday,False,Clear,False,0.0,False,False,0.286,Low,28.4,19.3,226.1,0.152,0.351,0.961,Moderate traffic flow - standard adaptive signal timing in effect
EVT432666,2025-10-19 18:18:27,Concert,J040,City Market,11086,Weekend,False,Clear,False,0.0,False,False,0.884,Severe,12.4,62.8,339.8,0.167,0.385,0.941,Heavy congestion detected - signal timing extended and reroute suggested
EVT432667,2025-06-18 05:11:40,Sports Fixture,J030,MG Road,15443,Weekday,False,Clear,False,0.0,False,False,0.266,Low,36.3,16.1,105.4,0.115,0.265,0.974,Moderate traffic flow - standard adaptive signal timing in effect
EVT432668,2025-09-21 18:53:23,Local Market Day,J011,Indiranagar 100ft Road,5308,Weekend,False,Clear,False,0.0,False,False,0.889,Severe,14.2,60.2,410.5,0.232,0.536,0.931,Heavy congestion detected - signal timing extended and reroute suggested
EVT432669,2026-05-07 16:51:38,Concert,J009,Majestic,21657,Weekday,False,Clear,False,0.0,False,False,0.8,Severe,14.5,49.6,228.3,0.137,0.318,0.973,Heavy congestion detected - signal timing extended and reroute suggested
EVT432670,2025-08-07 07:58:45,Sports Fixture,J012,Koramangala Sony World,14835,Weekday,False,Rain,True,16.8,False,False,1.0,Severe,8.0,69.6,779.6,0.238,0.551,0.856,Heavy rain reducing visibility and grip - reduced speed and longer buffer advised
EVT432671,2025-01-17 11:17:41,Local Market Day,J009,Majestic,3248,Weekday,False,Clear,False,0.0,False,False,0.242,Low,36.1,19.6,128.4,0.11,0.253,0.968,Normal free-flow traffic - standard signal timing maintained
EVT432672,2025-08-30 20:02:36,Trade Fair,J012,Koramangala Sony World,11322,Weekend,False,Clear,False,0.0,False,False,0.681,High,17.2,45.1,106.4,0.049,0.113,0.984,Moderate traffic flow - standard adaptive signal timing in effect
EVT432673,2025-11-09 14:34:13,Local Market Day,J031,Cubbon Road,7167,Weekend,False,Clear,False,0.0,False,False,0.359,Moderate,42.0,25.9,87.0,0.09,0.209,0.955,Moderate traffic flow - standard adaptive signal timing in effect
EVT432674,2025-10-02 13:48:19,Religious Festival,J020,Malleshwaram Circle,48319,Weekday,True,Clear,False,0.0,False,True,0.792,High,13.4,81.2,316.5,0.157,0.362,0.868,Road closure for event/procession - full detour recommended for through-traffic
EVT432675,2026-02-18 11:45:32,Political Rally,J011,Indiranagar 100ft Road,22672,Weekday,False,Clear,False,0.0,False,False,0.388,Moderate,27.9,24.2,210.8,0.182,0.421,0.959,Moderate traffic flow - standard adaptive signal timing in effect
EVT432676,2026-01-13 22:34:58,Trade Fair,J040,City Market,6225,Weekday,False,Clear,False,0.0,False,False,0.195,Low,36.6,12.4,170.7,0.171,0.395,0.954,Normal free-flow traffic - standard signal timing maintained
EVT432677,2025-01-01 15:09:06,Concert,J040,City Market,13828,Weekday,False,Clear,False,0.0,False,False,0.298,Low,32.8,27.4,115.5,0.093,0.215,0.99,Moderate traffic flow - standard adaptive signal timing in effect
EVT432678,2025-04-03 10:37:29,Sports Fixture,J023,Basavanagudi,13377,Weekday,False,Clear,False,0.0,False,False,0.644,High,23.3,46.8,238.9,0.159,0.367,0.959,Moderate traffic flow - standard adaptive signal timing in effect
EVT432679,2026-06-16 05:20:05,Sports Fixture,J030,MG Road,29336,Weekday,False,Fog,False,0.0,False,False,0.383,Moderate,23.9,23.4,241.5,0.168,0.388,0.946,Moderate traffic flow - standard adaptive signal timing in effect
EVT432680,2025-03-21 17:52:26,Local Market Day,J011,Indiranagar 100ft Road,1761,Weekday,False,Clear,False,0.0,False,False,0.93,Severe,10.4,64.7,331.4,0.155,0.357,0.917,Heavy congestion detected - signal timing extended and reroute suggested
EVT432681,2026-01-03 11:20:43,Concert,J040,City Market,8824,Weekend,False,Clear,False,0.0,False,False,0.394,Moderate,27.5,29.9,132.9,0.1,0.232,0.959,Moderate traffic flow - standard adaptive signal timing in effect
EVT432682,2026-05-07 16:25:00,Concert,J023,Basavanagudi,11981,Weekday,False,Clear,False,0.0,False,False,0.615,High,22.8,39.5,190.8,0.138,0.319,0.979,Moderate traffic flow - standard adaptive signal timing in effect
EVT432683,2025-05-22 18:50:58,Local Market Day,J040,City Market,4933,Weekday,False,Clear,False,0.0,False,False,0.992,Severe,7.3,75.1,214.3,0.092,0.213,0.89,Heavy congestion detected - signal timing extended and reroute suggested
EVT432684,2025-08-10 09:36:53,Local Market Day,J020,Malleshwaram Circle,2726,Weekend,False,Rain,True,17.1,False,False,1.0,Severe,8.5,71.9,196.8,0.082,0.19,0.892,Heavy rain reducing visibility and grip - reduced speed and longer buffer advised
EVT432685,2025-04-30 06:59:00,Local Market Day,J012,Koramangala Sony World,3413,Weekday,False,Clear,False,0.0,False,False,0.453,Moderate,22.9,35.7,213.6,0.144,0.334,0.974,Moderate traffic flow - standard adaptive signal timing in effect
EVT432686,2026-04-11 14:54:53,Trade Fair,J012,Koramangala Sony World,8937,Weekend,False,Clear,False,0.0,False,False,0.318,Low,32.8,25.0,140.8,0.126,0.292,0.976,Moderate traffic flow - standard adaptive signal timing in effect
EVT432687,2025-02-27 10:37:14,Sports Fixture,J023,Basavanagudi,32685,Weekday,False,Clear,False,0.0,False,False,0.735,High,14.0,49.5,265.1,0.125,0.288,0.99,Moderate traffic flow - standard adaptive signal timing in effect
EVT432688,2025-07-21 14:17:51,Local Market Day,J030,MG Road,4016,Weekday,False,Heavy Rain,True,38.5,False,False,0.563,High,24.5,37.9,147.5,0.091,0.211,0.908,Heavy rain reducing visibility and grip - reduced speed and longer buffer advised
EVT432689,2025-09-13 15:15:54,Concert,J040,City Market,10725,Weekend,False,Clear,False,0.0,False,False,0.364,Moderate,21.1,27.6,290.2,0.164,0.379,0.968,Moderate traffic flow - standard adaptive signal timing in effect
EVT432690,2025-05-23 16:06:06,Trade Fair,J040,City Market,12445,Weekday,False,Clear,False,0.0,False,False,0.456,Moderate,28.5,33.1,206.6,0.171,0.394,0.943,Moderate traffic flow - standard adaptive signal timing in effect
EVT432691,2026-05-08 00:16:32,Trade Fair,J040,City Market,7769,Weekday,False,Clear,False,0.0,False,False,0.158,Low,36.7,16.9,113.7,0.079,0.182,0.957,Normal free-flow traffic - standard signal timing maintained
EVT432692,2025-06-26 10:43:32,Sports Fixture,J012,Koramangala Sony World,22975,Weekday,False,Clear,False,0.0,False,False,0.655,High,19.3,47.9,301.0,0.189,0.437,0.955,Moderate traffic flow - standard adaptive signal timing in effect
EVT432693,2025-02-21 13:11:22,Local Market Day,J023,Basavanagudi,4038,Weekday,False,Clear,False,0.0,False,False,0.18,Low,34.5,12.0,126.0,0.11,0.253,0.972,Normal free-flow traffic - standard signal timing maintained
EVT432694,2025-08-13 08:43:30,Trade Fair,J011,Indiranagar 100ft Road,12688,Weekday,False,Heavy Rain,True,68.2,False,False,1.0,Severe,8.6,70.0,796.1,0.277,0.64,0.856,Heavy rain reducing visibility and grip - reduced speed and longer buffer advised
EVT432695,2025-03-27 06:09:47,Sports Fixture,J020,Malleshwaram Circle,28805,Weekday,False,Clear,False,0.0,False,False,0.392,Moderate,28.1,26.6,103.3,0.076,0.176,0.959,Moderate traffic flow - standard adaptive signal timing in effect
EVT432696,2026-06-08 08:39:52,Sports Fixture,J030,MG Road,13693,Weekday,False,Rain,True,20.4,False,False,1.0,Severe,9.5,70.6,436.1,0.177,0.41,0.882,Heavy rain reducing visibility and grip - reduced speed and longer buffer advised
EVT432697,2026-05-25 09:58:37,Sports Fixture,J023,Basavanagudi,19795,Weekday,False,Rain,True,15.7,False,False,1.0,Severe,8.2,69.9,713.2,0.249,0.576,0.845,Heavy rain reducing visibility and grip - reduced speed and longer buffer advised
EVT432698,2025-09-17 09:13:54,Sports Fixture,J011,Indiranagar 100ft Road,46374,Weekday,False,Clear,False,0.0,False,False,1.0,Severe,7.4,75.0,521.5,0.163,0.377,0.931,Heavy congestion detected - signal timing extended and reroute suggested
EVT432699,2025-09-28 19:22:37,Trade Fair,J012,Koramangala Sony World,7627,Weekend,False,Clear,False,0.0,False,False,0.845,Severe,12.3,65.2,308.4,0.146,0.337,0.924,Heavy congestion detected - signal timing extended and reroute suggested
EVT432700,2025-11-27 19:11:47,Local Market Day,J012,Koramangala Sony World,3666,Weekday,False,Clear,False,0.0,False,False,1.0,Severe,9.0,71.0,270.2,0.108,0.251,0.913,Heavy congestion detected - signal timing extended and reroute suggested
EVT432701,2026-05-25 19:02:34,Political Rally,J030,MG Road,8915,Weekday,False,Rain,True,17.8,False,False,1.0,Severe,8.3,70.9,344.8,0.12,0.277,0.855,Heavy rain reducing visibility and grip - reduced speed and longer buffer advised
EVT432702,2026-03-01 21:59:39,Trade Fair,J040,City Market,8669,Weekend,False,Clear,False,0.0,False,False,0.345,Low,38.0,27.4,116.8,0.13,0.3,0.985,Moderate traffic flow - standard adaptive signal timing in effect
EVT432703,2026-04-24 19:17:52,Concert,J012,Koramangala Sony World,10168,Weekday,False,Clear,False,0.0,False,False,0.904,Severe,9.8,68.1,394.5,0.16,0.37,0.954,Heavy congestion detected - signal timing extended and reroute suggested
EVT432704,2025-07-30 18:03:13,Concert,J012,Koramangala Sony World,11859,Weekday,False,Heavy Rain,True,33.5,False,False,1.0,Severe,9.0,66.8,301.8,0.101,0.233,0.86,Heavy rain reducing visibility and grip - reduced speed and longer buffer advised
EVT432705,2026-05-14 15:42:40,Trade Fair,J009,Majestic,11008,Weekday,False,Clear,False,0.0,False,False,0.331,Low,35.9,22.3,92.8,0.067,0.155,0.99,Moderate traffic flow - standard adaptive signal timing in effect
EVT432706,2026-05-03 11:44:45,Trade Fair,J020,Malleshwaram Circle,8450,Weekend,False,Clear,False,0.0,False,False,0.424,Moderate,26.9,25.7,116.8,0.099,0.228,0.949,Moderate traffic flow - standard adaptive signal timing in effect
EVT432707,2025-11-20 10:08:56,Local Market Day,J009,Majestic,4673,Weekday,False,Clear,False,0.0,False,False,0.757,Severe,22.0,56.5,153.0,0.115,0.266,0.976,Heavy congestion detected - signal timing extended and reroute suggested
EVT432708,2026-03-06 17:17:25,Concert,J020,Malleshwaram Circle,16298,Weekday,False,Clear,False,0.0,False,False,0.947,Severe,7.9,65.0,683.7,0.203,0.469,0.918,Heavy congestion detected - signal timing extended and reroute suggested
EVT432709,2025-07-02 15:14:57,Local Market Day,J012,Koramangala Sony World,5069,Weekday,False,Light Rain,True,5.4,False,False,0.383,Moderate,34.7,30.6,143.2,0.14,0.323,0.932,Light rain detected - minor speed reduction advised
EVT432710,2025-08-10 08:44:25,Concert,J020,Malleshwaram Circle,12844,Weekend,False,Rain,True,9.4,False,False,0.89,Severe,10.9,66.1,338.3,0.148,0.342,0.87,Heavy rain reducing visibility and grip - reduced speed and longer buffer advised
EVT432711,2026-04-15 19:29:13,Religious Festival,J023,Basavanagudi,80043,Weekday,True,Clear,False,0.0,False,False,1.0,Severe,7.5,64.7,757.1,0.239,0.552,0.871,Festival crowd surge detected - alternate route and extended cycle recommended
EVT432712,2025-12-03 20:01:22,Political Rally,J040,City Market,14002,Weekday,False,Clear,False,0.0,False,False,0.765,Severe,16.5,55.5,164.6,0.094,0.217,0.952,Heavy congestion detected - signal timing extended and reroute suggested
EVT432713,2025-05-17 20:59:19,Trade Fair,J023,Basavanagudi,11150,Weekend,False,Fog,False,0.0,False,False,0.422,Moderate,29.8,28.8,88.6,0.048,0.11,0.978,Moderate traffic flow - standard adaptive signal timing in effect
EVT432714,2025-02-18 17:56:02,Trade Fair,J011,Indiranagar 100ft Road,9337,Weekday,False,Clear,False,0.0,False,False,1.0,Severe,9.5,72.8,293.8,0.123,0.284,0.925,Heavy congestion detected - signal timing extended and reroute suggested
EVT432715,2025-06-12 07:07:37,Concert,J012,Koramangala Sony World,20027,Weekday,False,Clear,False,0.0,False,False,0.567,High,22.6,42.6,195.8,0.116,0.267,0.972,Moderate traffic flow - standard adaptive signal timing in effect
EVT432716,2025-04-24 20:38:53,Trade Fair,J011,Indiranagar 100ft Road,12462,Weekday,False,Clear,False,0.0,False,False,0.613,High,21.9,44.6,226.3,0.167,0.386,0.96,Moderate traffic flow - standard adaptive signal timing in effect
EVT432717,2026-03-07 08:23:47,Local Market Day,J030,MG Road,5751,Weekend,False,Clear,False,0.0,False,False,0.716,High,18.2,47.9,102.2,0.076,0.174,0.948,Moderate traffic flow - standard adaptive signal timing in effect
EVT432718,2026-01-15 15:28:42,Fireworks Display,J030,MG Road,27484,Weekday,True,Light Rain,True,1.1,False,False,0.743,High,13.4,48.3,262.5,0.125,0.289,0.867,Festival crowd surge detected - alternate route and extended cycle recommended
EVT432719,2025-12-13 18:46:58,Sports Fixture,J020,Malleshwaram Circle,24592,Weekend,False,Clear,False,0.0,False,False,1.0,Severe,7.2,72.0,1082.9,0.282,0.651,0.919,Heavy congestion detected - signal timing extended and reroute suggested
EVT432720,2025-01-15 14:11:22,Cultural Procession,J040,City Market,9083,Weekday,True,Clear,False,0.0,False,True,0.538,Moderate,23.6,59.2,286.3,0.188,0.435,0.873,Road closure for event/procession - full detour recommended for through-traffic
EVT432721,2025-05-04 11:18:23,Trade Fair,J030,MG Road,9028,Weekend,False,Light Rain,True,0.9,False,False,0.466,Moderate,22.9,27.7,122.3,0.083,0.191,0.94,Light rain detected - minor speed reduction advised
EVT432722,2025-05-28 08:47:02,Local Market Day,J009,Majestic,5090,Weekday,False,Fog,False,0.0,False,False,1.0,Severe,10.0,68.2,664.7,0.271,0.625,0.895,Heavy congestion detected - signal timing extended and reroute suggested
EVT432723,2025-09-25 19:42:09,Concert,J040,City Market,13885,Weekday,False,Clear,False,0.0,False,False,0.864,Severe,11.2,64.1,479.9,0.196,0.453,0.93,Heavy congestion detected - signal timing extended and reroute suggested
EVT432724,2025-12-12 08:17:45,Concert,J009,Majestic,19436,Weekday,False,Clear,False,0.0,False,False,1.0,Severe,7.8,75.3,326.3,0.126,0.291,0.909,Heavy congestion detected - signal timing extended and reroute suggested
EVT432725,2025-11-29 15:31:42,Local Market Day,J011,Indiranagar 100ft Road,3599,Weekend,False,Clear,False,0.0,False,False,0.383,Moderate,30.6,22.8,157.1,0.137,0.317,0.947,Moderate traffic flow - standard adaptive signal timing in effect
EVT432726,2025-11-27 12:04:37,Sports Fixture,J040,City Market,19191,Weekday,False,Clear,False,0.0,False,False,0.371,Moderate,23.1,25.6,178.7,0.112,0.258,0.966,Moderate traffic flow - standard adaptive signal timing in effect
EVT432727,2026-04-25 12:08:29,Local Market Day,J012,Koramangala Sony World,6055,Weekend,False,Clear,False,0.0,False,False,0.356,Moderate,29.1,25.2,150.8,0.123,0.285,0.941,Moderate traffic flow - standard adaptive signal timing in effect
EVT432728,2025-05-26 09:24:35,Political Rally,J030,MG Road,20604,Weekday,False,Clear,False,0.0,False,False,1.0,Severe,8.0,76.2,655.5,0.223,0.516,0.902,Heavy congestion detected - signal timing extended and reroute suggested
EVT432729,2025-06-23 15:47:05,Sports Fixture,J012,Koramangala Sony World,14012,Weekday,False,Clear,False,0.0,False,False,0.467,Moderate,26.9,36.1,141.7,0.091,0.21,0.972,Moderate traffic flow - standard adaptive signal timing in effect
EVT432730,2026-04-13 14:35:49,Trade Fair,J030,MG Road,7601,Weekday,False,Clear,False,0.0,False,False,0.227,Low,34.2,11.7,173.9,0.153,0.353,0.967,Normal free-flow traffic - standard signal timing maintained
EVT432731,2025-07-24 17:46:21,Trade Fair,J040,City Market,8047,Weekday,False,Heavy Rain,True,50.4,False,False,1.0,Severe,8.8,69.5,441.7,0.156,0.36,0.867,Heavy rain reducing visibility and grip - reduced speed and longer buffer advised
EVT432732,2025-03-28 18:12:05,Local Market Day,J009,Majestic,6136,Weekday,False,Clear,False,0.0,False,False,0.985,Severe,9.3,72.9,835.7,0.304,0.702,0.911,Heavy congestion detected - signal timing extended and reroute suggested
EVT432733,2025-06-25 18:44:17,Political Rally,J023,Basavanagudi,9905,Weekday,False,Clear,False,0.0,False,False,1.0,Severe,7.1,70.8,537.1,0.184,0.425,0.921,Heavy congestion detected - signal timing extended and reroute suggested
EVT432734,2025-11-13 19:41:04,Political Rally,J030,MG Road,16271,Weekday,False,Light Rain,True,2.6,False,False,1.0,Severe,7.7,76.9,288.5,0.098,0.227,0.879,Heavy rain reducing visibility and grip - reduced speed and longer buffer advised
EVT432735,2026-02-14 21:04:30,Local Market Day,J023,Basavanagudi,3313,Weekend,False,Clear,False,0.0,False,False,0.409,Moderate,32.1,26.0,197.5,0.183,0.424,0.99,Moderate traffic flow - standard adaptive signal timing in effect
EVT432736,2025-08-07 09:53:33,Trade Fair,J011,Indiranagar 100ft Road,9929,Weekday,False,Clear,False,0.0,False,False,0.873,Severe,12.8,56.0,389.1,0.196,0.453,0.936,Heavy congestion detected - signal timing extended and reroute suggested
EVT432737,2025-02-28 20:24:38,Local Market Day,J023,Basavanagudi,3499,Weekday,False,Clear,False,0.0,False,False,0.572,High,25.5,41.2,85.8,0.057,0.131,0.976,Moderate traffic flow - standard adaptive signal timing in effect
EVT432738,2025-09-04 00:50:44,Local Market Day,J020,Malleshwaram Circle,4136,Weekday,False,Heavy Rain,True,29.2,False,False,0.463,Moderate,26.6,33.2,225.4,0.167,0.387,0.906,Light rain detected - minor speed reduction advised
EVT432739,2025-01-07 20:16:05,Local Market Day,J040,City Market,2157,Weekday,False,Clear,False,0.0,False,False,0.659,High,17.7,44.9,414.4,0.243,0.561,0.967,Moderate traffic flow - standard adaptive signal timing in effect
EVT432740,2025-11-24 19:18:28,Local Market Day,J011,Indiranagar 100ft Road,4410,Weekday,False,Clear,False,0.0,False,False,0.937,Severe,11.0,64.9,265.1,0.122,0.282,0.939,Heavy congestion detected - signal timing extended and reroute suggested
EVT432741,2025-05-21 10:21:05,Concert,J040,City Market,9717,Weekday,False,Clear,False,0.0,False,False,0.723,High,17.5,58.2,299.6,0.191,0.441,0.982,Moderate traffic flow - standard adaptive signal timing in effect
EVT432742,2025-07-04 18:45:08,Concert,J030,MG Road,10540,Weekday,False,Rain,True,8.3,False,False,1.0,Severe,9.7,72.9,734.9,0.259,0.598,0.884,Heavy rain reducing visibility and grip - reduced speed and longer buffer advised
EVT432743,2025-10-27 17:25:45,Sports Fixture,J011,Indiranagar 100ft Road,9422,Weekday,False,Fog,False,0.0,False,False,0.925,Severe,11.7,66.8,316.1,0.151,0.349,0.938,Heavy congestion detected - signal timing extended and reroute suggested
EVT432744,2025-05-16 13:28:49,Concert,J031,Cubbon Road,16643,Weekday,False,Fog,False,0.0,False,False,0.2,Low,32.2,13.9,123.7,0.122,0.283,0.954,Normal free-flow traffic - standard signal timing maintained
EVT432745,2025-05-01 16:19:35,Fireworks Display,J023,Basavanagudi,19789,Weekday,True,Clear,False,0.0,False,False,0.903,Severe,12.4,56.7,428.8,0.196,0.454,0.876,Festival crowd surge detected - alternate route and extended cycle recommended
EVT432746,2025-06-03 15:19:34,Local Market Day,J031,Cubbon Road,2402,Weekday,False,Rain,True,19.8,False,False,0.45,Moderate,25.4,28.8,326.2,0.231,0.533,0.947,Light rain detected - minor speed reduction advised
EVT432747,2025-02-07 08:06:46,Local Market Day,J030,MG Road,5181,Weekday,False,Clear,False,0.0,False,False,0.814,Severe,18.0,53.0,419.7,0.241,0.557,0.96,Heavy congestion detected - signal timing extended and reroute suggested
EVT432748,2026-05-03 13:52:22,Trade Fair,J012,Koramangala Sony World,6054,Weekend,False,Clear,False,0.0,False,False,0.346,Low,26.8,22.4,212.8,0.153,0.352,0.986,Moderate traffic flow - standard adaptive signal timing in effect
EVT432749,2025-12-10 12:23:39,Local Market Day,J040,City Market,3237,Weekday,False,Clear,False,0.0,False,False,0.161,Low,30.7,13.0,131.7,0.102,0.235,0.965,Normal free-flow traffic - standard signal timing maintained
EVT432750,2025-12-05 18:11:48,Sports Fixture,J040,City Market,19832,Weekday,False,Clear,False,0.0,False,False,1.0,Severe,8.9,74.9,723.2,0.25,0.577,0.91,Heavy congestion detected - signal timing extended and reroute suggested
EVT432751,2025-10-03 08:16:38,Religious Festival,J011,Indiranagar 100ft Road,44372,Weekday,True,Clear,False,0.0,False,True,1.0,Severe,8.7,100.2,714.2,0.256,0.592,0.837,Road closure for event/procession - full detour recommended for through-traffic
EVT432752,2025-02-01 12:23:07,Trade Fair,J020,Malleshwaram Circle,8463,Weekend,False,Clear,False,0.0,False,False,0.316,Low,31.7,19.2,202.1,0.171,0.395,0.99,Moderate traffic flow - standard adaptive signal timing in effect
EVT432753,2025-09-18 10:52:12,Local Market Day,J030,MG Road,1582,Weekday,False,Clear,False,0.0,False,False,0.49,Moderate,24.3,33.2,307.0,0.205,0.474,0.969,Moderate traffic flow - standard adaptive signal timing in effect
EVT432754,2026-01-21 17:24:07,Local Market Day,J009,Majestic,2571,Weekday,False,Clear,False,0.0,False,False,0.824,Severe,13.2,66.2,162.9,0.092,0.213,0.95,Heavy congestion detected - signal timing extended and reroute suggested
EVT432755,2025-10-23 20:42:20,Trade Fair,J011,Indiranagar 100ft Road,7471,Weekday,False,Clear,False,0.0,False,False,0.493,Moderate,31.6,31.3,79.1,0.074,0.171,0.969,Moderate traffic flow - standard adaptive signal timing in effect
EVT432756,2025-06-29 11:22:02,Local Market Day,J023,Basavanagudi,3738,Weekend,False,Clear,False,0.0,False,False,0.309,Low,30.2,28.1,173.7,0.154,0.355,0.982,Moderate traffic flow - standard adaptive signal timing in effect
EVT432757,2026-03-22 21:46:06,Local Market Day,J009,Majestic,2218,Weekend,False,Clear,False,0.0,False,False,0.364,Moderate,26.7,23.3,193.4,0.138,0.32,0.945,Moderate traffic flow - standard adaptive signal timing in effect
EVT432758,2025-03-31 15:55:52,Religious Festival,J020,Malleshwaram Circle,57618,Weekday,True,Clear,False,0.0,False,True,1.0,Severe,10.7,97.9,364.8,0.152,0.351,0.848,Road closure for event/procession - full detour recommended for through-traffic
EVT432759,2025-03-09 19:36:35,Local Market Day,J040,City Market,3648,Weekend,False,Clear,False,0.0,False,False,0.754,Severe,18.9,56.9,146.3,0.09,0.207,0.95,Heavy congestion detected - signal timing extended and reroute suggested
EVT432760,2025-03-21 14:29:16,Political Rally,J009,Majestic,9094,Weekday,False,Clear,False,0.0,False,False,0.165,Low,31.0,9.9,143.7,0.115,0.265,0.957,Normal free-flow traffic - standard signal timing maintained
EVT432761,2025-01-16 13:08:16,Trade Fair,J012,Koramangala Sony World,6243,Weekday,False,Clear,False,0.0,False,False,0.232,Low,37.7,23.4,159.0,0.151,0.35,0.986,Normal free-flow traffic - standard signal timing maintained
EVT432762,2025-05-31 14:52:49,Local Market Day,J023,Basavanagudi,2866,Weekend,False,Clear,False,0.0,False,False,0.283,Low,23.3,20.7,169.0,0.109,0.251,0.954,Moderate traffic flow - standard adaptive signal timing in effect
EVT432763,2026-06-05 15:12:34,Local Market Day,J020,Malleshwaram Circle,3584,Weekday,False,Clear,False,0.0,False,False,0.229,Low,31.5,16.8,97.0,0.064,0.148,0.944,Normal free-flow traffic - standard signal timing maintained
EVT432764,2025-03-17 17:45:12,Local Market Day,J030,MG Road,2852,Weekday,False,Clear,False,0.0,False,False,0.9,Severe,12.1,64.5,368.8,0.179,0.414,0.954,Heavy congestion detected - signal timing extended and reroute suggested
EVT432765,2025-05-18 12:01:54,Local Market Day,J031,Cubbon Road,4937,Weekend,False,Clear,False,0.0,False,False,0.276,Low,31.1,21.6,101.7,0.078,0.181,0.963,Moderate traffic flow - standard adaptive signal timing in effect
EVT432766,2025-02-14 14:49:31,Local Market Day,J011,Indiranagar 100ft Road,2972,Weekday,False,Clear,False,0.0,False,False,0.24,Low,35.7,16.9,177.6,0.166,0.383,0.972,Normal free-flow traffic - standard signal timing maintained
EVT432767,2025-11-07 23:34:24,Political Rally,J023,Basavanagudi,17426,Weekday,False,Clear,False,0.0,False,False,0.276,Low,34.3,18.1,172.4,0.161,0.373,0.976,Moderate traffic flow - standard adaptive signal timing in effect
EVT432768,2026-04-19 08:35:49,Concert,J011,Indiranagar 100ft Road,14301,Weekend,False,Clear,False,0.0,False,False,1.0,Severe,8.7,79.2,576.9,0.207,0.479,0.921,Heavy congestion detected - signal timing extended and reroute suggested
EVT432769,2026-01-16 07:39:55,Sports Fixture,J023,Basavanagudi,14643,Weekday,False,Clear,False,0.0,False,False,0.799,Severe,15.7,63.2,136.3,0.075,0.173,0.94,Heavy congestion detected - signal timing extended and reroute suggested
EVT432770,2025-07-14 11:17:05,Trade Fair,J009,Majestic,5625,Weekday,False,Clear,False,0.0,False,False,0.406,Moderate,29.0,28.4,116.4,0.084,0.195,0.982,Moderate traffic flow - standard adaptive signal timing in effect
EVT432771,2026-06-18 00:30:34,Political Rally,J012,Koramangala Sony World,10247,Weekday,False,Clear,False,0.0,False,False,0.236,Low,36.1,18.2,183.5,0.173,0.4,0.963,Normal free-flow traffic - standard signal timing maintained
EVT432772,2025-04-03 14:49:32,Concert,J012,Koramangala Sony World,8568,Weekday,False,Clear,False,0.0,False,False,0.322,Low,29.2,20.5,91.0,0.06,0.139,0.972,Moderate traffic flow - standard adaptive signal timing in effect
EVT432773,2026-04-29 15:40:11,Local Market Day,J040,City Market,4545,Weekday,False,Rain,True,11.6,False,False,0.524,Moderate,23.2,44.8,211.2,0.159,0.367,0.96,Light rain detected - minor speed reduction advised
EVT432774,2025-07-10 22:39:21,Sports Fixture,J040,City Market,18068,Weekday,False,Rain,True,20.1,False,False,0.463,Moderate,25.9,39.3,324.0,0.244,0.565,0.923,Light rain detected - minor speed reduction advised
EVT432775,2026-05-27 18:13:35,Concert,J011,Indiranagar 100ft Road,10263,Weekday,False,Clear,False,0.0,False,False,1.0,Severe,10.2,66.6,528.2,0.25,0.577,0.925,Heavy congestion detected - signal timing extended and reroute suggested
EVT432776,2025-01-23 09:02:23,Local Market Day,J011,Indiranagar 100ft Road,4044,Weekday,False,Clear,False,0.0,False,False,0.998,Severe,8.4,72.1,418.7,0.148,0.341,0.912,Heavy congestion detected - signal timing extended and reroute suggested
EVT432777,2025-05-10 07:11:53,Sports Fixture,J040,City Market,22308,Weekend,False,Fog,False,0.0,False,False,0.6,High,19.1,47.7,311.5,0.186,0.43,0.966,Moderate traffic flow - standard adaptive signal timing in effect
EVT432778,2025-06-04 17:31:28,Sports Fixture,J030,MG Road,23447,Weekday,False,Clear,False,0.0,False,False,0.955,Severe,9.0,65.6,713.5,0.233,0.539,0.935,Heavy congestion detected - signal timing extended and reroute suggested
EVT432779,2025-09-11 08:37:37,Concert,J012,Koramangala Sony World,16261,Weekday,False,Clear,False,0.0,False,False,1.0,Severe,8.3,72.3,545.9,0.185,0.428,0.905,Heavy congestion detected - signal timing extended and reroute suggested
EVT432780,2026-03-25 09:07:28,Trade Fair,J020,Malleshwaram Circle,8184,Weekday,False,Clear,False,0.0,False,False,1.0,Severe,8.9,62.6,262.4,0.116,0.268,0.917,Heavy congestion detected - signal timing extended and reroute suggested
EVT432781,2025-07-07 18:16:48,Concert,J011,Indiranagar 100ft Road,13228,Weekday,False,Clear,False,0.0,False,False,1.0,Severe,6.9,74.8,375.2,0.111,0.257,0.922,Heavy congestion detected - signal timing extended and reroute suggested
EVT432782,2025-09-17 22:53:08,Sports Fixture,J031,Cubbon Road,35261,Weekday,False,Heavy Rain,True,43.2,False,False,0.738,High,14.0,50.3,488.5,0.222,0.512,0.924,Heavy rain reducing visibility and grip - reduced speed and longer buffer advised
EVT432783,2025-05-12 09:46:39,Local Market Day,J011,Indiranagar 100ft Road,4492,Weekday,False,Clear,False,0.0,False,False,0.847,Severe,13.6,63.3,484.9,0.226,0.522,0.951,Heavy congestion detected - signal timing extended and reroute suggested
EVT432784,2025-10-02 18:57:26,Religious Festival,J030,MG Road,19684,Weekday,True,Rain,True,16.7,False,False,1.0,Severe,7.4,72.9,822.7,0.25,0.577,0.833,Festival crowd surge detected - alternate route and extended cycle recommended
EVT432785,2025-12-18 14:10:48,Sports Fixture,J023,Basavanagudi,21943,Weekday,False,Clear,False,0.0,False,False,0.348,Low,27.5,24.2,160.1,0.119,0.276,0.977,Moderate traffic flow - standard adaptive signal timing in effect
EVT432786,2025-11-10 15:12:55,Political Rally,J030,MG Road,12537,Weekday,False,Clear,False,0.0,False,False,0.401,Moderate,29.4,28.5,151.3,0.116,0.267,0.96,Moderate traffic flow - standard adaptive signal timing in effect
EVT432787,2025-03-05 15:05:21,Political Rally,J040,City Market,8287,Weekday,False,Clear,False,0.0,False,False,0.323,Low,29.0,27.2,133.4,0.091,0.211,0.969,Moderate traffic flow - standard adaptive signal timing in effect
EVT432788,2025-08-03 05:38:16,Local Market Day,J012,Koramangala Sony World,3006,Weekend,False,Rain,True,11.7,False,False,0.428,Moderate,30.8,29.8,104.6,0.077,0.177,0.916,Light rain detected - minor speed reduction advised
EVT432789,2025-07-26 09:01:25,Trade Fair,J030,MG Road,8566,Weekend,False,Clear,False,0.0,False,False,0.899,Severe,11.6,69.7,223.8,0.109,0.252,0.977,Heavy congestion detected - signal timing extended and reroute suggested
EVT432790,2026-02-08 04:14:42,Concert,J020,Malleshwaram Circle,8089,Weekend,False,Clear,False,0.0,False,False,0.286,Low,32.5,22.1,183.5,0.151,0.349,0.968,Moderate traffic flow - standard adaptive signal timing in effect
EVT432791,2026-02-12 08:15:20,Sports Fixture,J031,Cubbon Road,46324,Weekday,False,Fog,False,0.0,False,False,1.0,Severe,8.9,66.2,519.0,0.207,0.478,0.908,Heavy congestion detected - signal timing extended and reroute suggested
EVT432792,2025-11-10 19:39:36,Concert,J040,City Market,21407,Weekday,False,Clear,False,0.0,False,False,0.851,Severe,13.3,57.5,354.8,0.169,0.389,0.925,Heavy congestion detected - signal timing extended and reroute suggested
EVT432793,2026-06-02 17:45:41,Trade Fair,J023,Basavanagudi,8603,Weekday,False,Rain,True,22.1,False,False,1.0,Severe,7.3,75.6,827.2,0.246,0.567,0.851,Heavy rain reducing visibility and grip - reduced speed and longer buffer advised
EVT432794,2025-10-16 14:17:47,Trade Fair,J009,Majestic,7330,Weekday,False,Clear,False,0.0,False,False,0.245,Low,29.2,20.0,61.6,0.05,0.116,0.955,Normal free-flow traffic - standard signal timing maintained
EVT432795,2025-07-09 17:09:27,Trade Fair,J040,City Market,6672,Weekday,False,Heavy Rain,True,35.3,False,False,1.0,Severe,7.3,69.9,501.6,0.167,0.386,0.87,Heavy rain reducing visibility and grip - reduced speed and longer buffer advised
EVT432796,2025-07-28 20:28:33,Local Market Day,J011,Indiranagar 100ft Road,2891,Weekday,False,Clear,False,0.0,False,False,0.541,Moderate,22.8,33.8,226.0,0.153,0.352,0.969,Moderate traffic flow - standard adaptive signal timing in effect
EVT432797,2025-11-09 06:14:03,Sports Fixture,J012,Koramangala Sony World,12062,Weekend,False,Clear,False,0.0,False,False,0.37,Moderate,31.7,25.9,185.9,0.153,0.352,0.957,Moderate traffic flow - standard adaptive signal timing in effect
EVT432798,2026-04-25 19:31:27,Political Rally,J020,Malleshwaram Circle,12486,Weekend,False,Clear,False,0.0,False,False,0.83,Severe,13.2,60.3,292.5,0.151,0.349,0.971,Heavy congestion detected - signal timing extended and reroute suggested
EVT432799,2025-10-23 13:00:14,Trade Fair,J040,City Market,7909,Weekday,False,Clear,False,0.0,False,False,0.215,Low,30.3,21.5,127.2,0.092,0.213,0.974,Normal free-flow traffic - standard signal timing maintained
EVT432800,2025-03-01 06:51:10,Concert,J031,Cubbon Road,9825,Weekend,False,Clear,False,0.0,True,False,0.85,Severe,14.3,64.2,267.8,0.151,0.35,0.79,Accident detected nearby - reroute and reduced speed advised
EVT432801,2025-05-23 16:31:02,Sports Fixture,J009,Majestic,37415,Weekday,False,Clear,False,0.0,False,False,0.781,Severe,14.2,60.8,343.5,0.186,0.429,0.955,Heavy congestion detected - signal timing extended and reroute suggested
EVT432802,2025-11-04 18:42:35,Concert,J011,Indiranagar 100ft Road,14895,Weekday,False,Clear,False,0.0,False,False,1.0,Severe,10.3,69.2,488.4,0.193,0.446,0.902,Heavy congestion detected - signal timing extended and reroute suggested
EVT432803,2026-02-01 09:02:41,Local Market Day,J023,Basavanagudi,4263,Weekend,False,Clear,False,0.0,False,False,0.853,Severe,13.4,62.2,320.8,0.141,0.326,0.939,Heavy congestion detected - signal timing extended and reroute suggested
EVT432804,2025-04-03 18:34:37,Sports Fixture,J031,Cubbon Road,21751,Weekday,False,Clear,False,0.0,False,False,1.0,Severe,8.4,72.1,378.8,0.145,0.335,0.905,Heavy congestion detected - signal timing extended and reroute suggested
EVT432805,2025-10-27 08:48:54,Sports Fixture,J040,City Market,44106,Weekday,False,Clear,False,0.0,False,False,1.0,Severe,8.5,72.7,727.4,0.245,0.566,0.941,Heavy congestion detected - signal timing extended and reroute suggested
EVT432806,2026-06-21 07:23:40,Political Rally,J011,Indiranagar 100ft Road,25064,Weekend,False,Clear,False,0.0,False,False,0.636,High,17.1,43.6,383.6,0.219,0.505,0.949,Moderate traffic flow - standard adaptive signal timing in effect
EVT432807,2026-02-16 16:32:46,Concert,J011,Indiranagar 100ft Road,12381,Weekday,False,Light Rain,True,5.7,False,False,0.818,Severe,8.8,61.4,184.7,0.049,0.113,0.9,Heavy rain reducing visibility and grip - reduced speed and longer buffer advised
EVT432808,2026-06-27 08:34:45,Trade Fair,J040,City Market,16237,Weekend,False,Clear,False,0.0,False,False,0.954,Severe,9.9,66.7,535.6,0.214,0.494,0.913,Heavy congestion detected - signal timing extended and reroute suggested
EVT432809,2025-02-05 17:20:02,Trade Fair,J012,Koramangala Sony World,7750,Weekday,False,Fog,False,0.0,False,False,0.914,Severe,11.7,67.5,492.8,0.205,0.473,0.921,Heavy congestion detected - signal timing extended and reroute suggested
EVT432810,2026-03-29 19:39:35,Trade Fair,J009,Majestic,8634,Weekend,False,Light Rain,True,6.1,False,False,0.865,Severe,14.5,57.2,363.5,0.176,0.407,0.9,Heavy rain reducing visibility and grip - reduced speed and longer buffer advised
EVT432811,2025-07-29 12:20:08,Sports Fixture,J009,Majestic,14535,Weekday,False,Rain,True,12.5,False,False,0.365,Moderate,24.0,24.7,299.4,0.231,0.533,0.924,Light rain detected - minor speed reduction advised
EVT432812,2025-04-17 11:13:31,Local Market Day,J030,MG Road,3232,Weekday,False,Clear,False,0.0,False,False,0.427,Moderate,24.8,34.3,203.5,0.151,0.348,0.97,Moderate traffic flow - standard adaptive signal timing in effect
EVT432813,2026-05-20 07:22:46,Sports Fixture,J030,MG Road,28714,Weekday,False,Clear,False,0.0,False,False,0.77,Severe,15.4,50.6,240.4,0.141,0.325,0.959,Heavy congestion detected - signal timing extended and reroute suggested
EVT432814,2025-09-08 11:26:03,Concert,J031,Cubbon Road,7969,Weekday,False,Rain,True,12.6,False,False,0.597,High,17.7,39.7,224.4,0.115,0.267,0.924,Heavy rain reducing visibility and grip - reduced speed and longer buffer advised
EVT432815,2025-05-11 11:34:01,Concert,J023,Basavanagudi,11640,Weekend,False,Clear,False,0.0,False,False,0.358,Moderate,29.6,19.2,168.1,0.127,0.293,0.968,Moderate traffic flow - standard adaptive signal timing in effect
EVT432816,2025-03-23 08:32:40,Local Market Day,J011,Indiranagar 100ft Road,2269,Weekend,False,Clear,False,0.0,False,False,0.808,Severe,16.5,54.7,271.0,0.149,0.344,0.937,Heavy congestion detected - signal timing extended and reroute suggested
EVT432817,2025-12-04 13:43:03,Sports Fixture,J031,Cubbon Road,27324,Weekday,False,Clear,False,0.0,False,False,0.254,Low,35.4,30.1,168.6,0.146,0.338,0.974,Moderate traffic flow - standard adaptive signal timing in effect
EVT432818,2025-08-29 14:39:30,Local Market Day,J011,Indiranagar 100ft Road,5542,Weekday,False,Clear,False,0.0,False,False,0.281,Low,36.4,20.5,194.1,0.179,0.413,0.981,Moderate traffic flow - standard adaptive signal timing in effect
EVT432819,2026-02-21 12:28:30,Sports Fixture,J012,Koramangala Sony World,16658,Weekend,False,Clear,False,0.0,False,False,0.343,Low,28.1,20.2,175.2,0.157,0.364,0.937,Moderate traffic flow - standard adaptive signal timing in effect
EVT432820,2026-01-29 15:53:25,Local Market Day,J030,MG Road,4981,Weekday,False,Fog,False,0.0,False,False,0.4,Moderate,24.7,32.0,228.0,0.178,0.41,0.951,Moderate traffic flow - standard adaptive signal timing in effect
EVT432821,2025-03-03 22:50:35,Local Market Day,J020,Malleshwaram Circle,7702,Weekday,False,Clear,False,0.0,False,False,0.228,Low,36.6,11.2,58.7,0.027,0.061,0.972,Normal free-flow traffic - standard signal timing maintained
EVT432822,2025-09-01 14:13:16,Local Market Day,J009,Majestic,2659,Weekday,False,Clear,False,0.0,False,False,0.154,Low,26.6,13.5,158.2,0.119,0.274,0.95,Normal free-flow traffic - standard signal timing maintained
EVT432823,2025-04-10 18:31:12,Concert,J012,Koramangala Sony World,10148,Weekday,False,Clear,False,0.0,False,False,1.0,Severe,10.2,73.2,215.6,0.09,0.208,0.926,Heavy congestion detected - signal timing extended and reroute suggested
EVT432824,2025-10-04 05:23:08,Concert,J009,Majestic,11480,Weekend,False,Clear,False,0.0,False,False,0.23,Low,34.7,12.7,160.0,0.146,0.338,0.973,Normal free-flow traffic - standard signal timing maintained
EVT432825,2025-05-09 15:22:31,Concert,J012,Koramangala Sony World,11336,Weekday,False,Clear,False,0.0,False,False,0.372,Moderate,31.5,28.9,139.7,0.138,0.318,0.933,Moderate traffic flow - standard adaptive signal timing in effect
EVT432826,2026-05-02 16:21:44,Religious Festival,J040,City Market,58344,Weekend,True,Clear,False,0.0,False,False,1.0,Severe,7.3,66.1,490.3,0.15,0.346,0.858,Festival crowd surge detected - alternate route and extended cycle recommended
EVT432827,2026-04-30 16:29:07,Trade Fair,J009,Majestic,10696,Weekday,False,Clear,False,0.0,False,False,0.625,High,19.4,47.7,319.1,0.211,0.487,0.99,Moderate traffic flow - standard adaptive signal timing in effect
EVT432828,2025-02-09 20:29:38,Political Rally,J020,Malleshwaram Circle,14337,Weekend,False,Clear,False,0.0,False,False,0.653,High,22.9,44.0,215.6,0.155,0.357,0.959,Moderate traffic flow - standard adaptive signal timing in effect
EVT432829,2025-06-15 04:03:27,Local Market Day,J020,Malleshwaram Circle,7220,Weekend,False,Clear,False,0.0,False,False,0.189,Low,40.4,13.4,93.6,0.1,0.231,0.981,Normal free-flow traffic - standard signal timing maintained
EVT432830,2025-03-04 06:34:23,Trade Fair,J040,City Market,8355,Weekday,False,Clear,False,0.0,False,False,0.339,Low,34.0,26.3,149.0,0.145,0.334,0.97,Moderate traffic flow - standard adaptive signal timing in effect
EVT432831,2025-12-15 20:06:44,Trade Fair,J020,Malleshwaram Circle,6921,Weekday,False,Clear,False,0.0,False,False,0.723,High,15.8,50.5,165.1,0.079,0.182,0.978,Moderate traffic flow - standard adaptive signal timing in effect
EVT432832,2025-11-23 12:50:54,Local Market Day,J020,Malleshwaram Circle,6403,Weekend,False,Clear,False,0.0,False,False,0.268,Low,38.6,20.7,154.5,0.141,0.327,0.951,Moderate traffic flow - standard adaptive signal timing in effect
EVT432833,2026-05-20 11:22:35,Trade Fair,J040,City Market,9667,Weekday,False,Clear,False,0.0,False,False,0.397,Moderate,34.0,23.6,54.9,0.049,0.113,0.939,Moderate traffic flow - standard adaptive signal timing in effect
EVT432834,2025-07-14 16:56:39,Political Rally,J011,Indiranagar 100ft Road,13799,Weekday,False,Clear,False,0.0,False,False,0.774,Severe,14.2,56.4,324.2,0.17,0.392,0.968,Heavy congestion detected - signal timing extended and reroute suggested
EVT432835,2025-05-08 18:46:08,Concert,J020,Malleshwaram Circle,14774,Weekday,False,Clear,False,0.0,False,False,1.0,Severe,9.2,72.6,354.0,0.126,0.292,0.91,Heavy congestion detected - signal timing extended and reroute suggested
EVT432836,2025-04-06 14:13:49,Religious Festival,J040,City Market,79914,Weekend,True,Clear,False,0.0,False,True,1.0,Severe,9.0,103.6,387.6,0.156,0.36,0.846,Road closure for event/procession - full detour recommended for through-traffic
EVT432837,2025-07-14 14:37:07,Trade Fair,J009,Majestic,17355,Weekday,False,Heavy Rain,True,31.8,False,False,0.565,High,26.0,37.7,192.1,0.151,0.348,0.882,Heavy rain reducing visibility and grip - reduced speed and longer buffer advised
EVT432838,2026-03-30 18:36:56,Trade Fair,J023,Basavanagudi,5678,Weekday,False,Clear,False,0.0,False,False,1.0,Severe,7.1,71.8,621.6,0.191,0.441,0.898,Heavy congestion detected - signal timing extended and reroute suggested
EVT432839,2025-11-28 08:04:52,Sports Fixture,J009,Majestic,19508,Weekday,False,Rain,True,11.2,False,False,1.0,Severe,6.2,75.8,715.4,0.196,0.452,0.863,Heavy rain reducing visibility and grip - reduced speed and longer buffer advised
EVT432840,2025-04-18 20:55:42,Political Rally,J012,Koramangala Sony World,18650,Weekday,False,Clear,False,0.0,False,False,0.439,Moderate,32.7,37.9,204.6,0.181,0.419,0.99,Moderate traffic flow - standard adaptive signal timing in effect
EVT432841,2026-04-09 09:34:46,Political Rally,J011,Indiranagar 100ft Road,23957,Weekday,False,Clear,False,0.0,False,False,1.0,Severe,9.5,67.0,443.1,0.194,0.449,0.929,Heavy congestion detected - signal timing extended and reroute suggested
EVT432842,2025-12-24 15:29:14,Concert,J031,Cubbon Road,9750,Weekday,False,Clear,False,0.0,False,False,0.386,Moderate,23.8,24.3,238.1,0.157,0.362,0.973,Moderate traffic flow - standard adaptive signal timing in effect
EVT432843,2025-01-17 13:20:51,Concert,J040,City Market,10991,Weekday,False,Clear,False,0.0,False,False,0.215,Low,33.6,22.0,85.5,0.074,0.172,0.99,Normal free-flow traffic - standard signal timing maintained
EVT432844,2026-04-20 10:18:56,Local Market Day,J020,Malleshwaram Circle,2196,Weekday,False,Clear,False,0.0,False,False,0.673,High,19.1,49.9,113.2,0.04,0.093,0.96,Moderate traffic flow - standard adaptive signal timing in effect
EVT432845,2025-01-14 09:36:17,Religious Festival,J020,Malleshwaram Circle,43971,Weekday,True,Clear,False,0.0,False,True,1.0,Severe,8.2,103.2,889.5,0.303,0.7,0.838,Road closure for event/procession - full detour recommended for through-traffic
EVT432846,2025-11-22 12:25:46,Trade Fair,J023,Basavanagudi,10576,Weekend,False,Clear,False,0.0,False,False,0.353,Moderate,27.7,29.0,216.4,0.15,0.346,0.968,Moderate traffic flow - standard adaptive signal timing in effect
EVT432847,2025-01-23 16:18:35,Political Rally,J011,Indiranagar 100ft Road,7019,Weekday,False,Clear,False,0.0,False,False,0.544,Moderate,19.5,41.3,167.3,0.115,0.266,0.97,Moderate traffic flow - standard adaptive signal timing in effect
EVT432848,2025-11-01 07:57:16,Religious Festival,J020,Malleshwaram Circle,32975,Weekend,True,Clear,False,0.0,False,False,1.0,Severe,8.0,79.5,910.9,0.285,0.658,0.888,Festival crowd surge detected - alternate route and extended cycle recommended
EVT432849,2025-08-22 18:48:48,Concert,J009,Majestic,21327,Weekday,False,Clear,False,0.0,False,False,1.0,Severe,7.1,70.7,679.4,0.216,0.498,0.906,Heavy congestion detected - signal timing extended and reroute suggested
EVT432850,2025-08-21 08:02:50,Political Rally,J020,Malleshwaram Circle,15052,Weekday,False,Clear,False,0.0,False,False,0.855,Severe,14.9,60.8,422.2,0.213,0.491,0.905,Heavy congestion detected - signal timing extended and reroute suggested
EVT432851,2025-04-29 10:50:15,Local Market Day,J012,Koramangala Sony World,6678,Weekday,False,Fog,False,0.0,False,False,0.489,Moderate,31.1,40.6,145.5,0.118,0.273,0.988,Moderate traffic flow - standard adaptive signal timing in effect
EVT432852,2026-01-05 09:57:59,Sports Fixture,J011,Indiranagar 100ft Road,24881,Weekday,False,Clear,False,0.0,False,False,0.9,Severe,11.5,62.7,407.8,0.209,0.484,0.955,Heavy congestion detected - signal timing extended and reroute suggested
EVT432853,2025-08-12 11:07:48,Concert,J031,Cubbon Road,13453,Weekday,False,Clear,False,0.0,False,False,0.492,Moderate,22.4,38.3,114.6,0.054,0.125,0.967,Moderate traffic flow - standard adaptive signal timing in effect
EVT432854,2025-06-21 15:54:06,Concert,J009,Majestic,16689,Weekend,False,Clear,False,0.0,False,False,0.548,Moderate,22.6,39.0,137.0,0.099,0.229,0.976,Moderate traffic flow - standard adaptive signal timing in effect
EVT432855,2025-10-21 14:22:17,Religious Festival,J030,MG Road,36738,Weekday,True,Heavy Rain,True,44.1,False,True,1.0,Severe,7.0,106.2,786.5,0.252,0.581,0.777,Road closure for event/procession - full detour recommended for through-traffic
EVT432856,2026-02-26 17:27:45,Local Market Day,J009,Majestic,3187,Weekday,False,Clear,False,0.0,False,False,0.883,Severe,11.4,61.6,447.2,0.205,0.474,0.955,Heavy congestion detected - signal timing extended and reroute suggested
EVT432857,2025-07-26 18:48:42,Trade Fair,J023,Basavanagudi,7914,Weekend,False,Clear,False,0.0,False,False,0.895,Severe,11.9,72.3,433.6,0.205,0.473,0.952,Heavy congestion detected - signal timing extended and reroute suggested
EVT432858,2026-03-04 11:07:11,Fireworks Display,J040,City Market,20812,Weekday,True,Clear,False,0.0,False,False,0.723,High,17.6,56.2,190.9,0.114,0.264,0.936,Festival crowd surge detected - alternate route and extended cycle recommended
EVT432859,2026-06-21 13:45:06,Local Market Day,J012,Koramangala Sony World,2888,Weekend,False,Clear,False,0.0,False,False,0.285,Low,32.3,15.4,113.1,0.094,0.216,0.948,Moderate traffic flow - standard adaptive signal timing in effect
EVT432860,2025-08-01 12:54:44,Trade Fair,J020,Malleshwaram Circle,5847,Weekday,False,Rain,True,15.5,False,False,0.336,Low,32.3,23.6,163.0,0.129,0.298,0.917,Light rain detected - minor speed reduction advised
EVT432861,2026-04-27 22:03:36,Sports Fixture,J011,Indiranagar 100ft Road,21875,Weekday,False,Clear,False,0.0,False,False,0.36,Moderate,28.5,26.0,237.8,0.178,0.411,0.96,Moderate traffic flow - standard adaptive signal timing in effect
EVT432862,2025-05-05 08:25:39,Political Rally,J020,Malleshwaram Circle,17124,Weekday,False,Clear,False,0.0,False,False,1.0,Severe,7.4,70.0,407.3,0.138,0.319,0.907,Heavy congestion detected - signal timing extended and reroute suggested
EVT432863,2026-05-20 19:43:27,Local Market Day,J030,MG Road,6829,Weekday,False,Clear,False,0.0,False,False,0.839,Severe,14.1,66.9,418.3,0.221,0.51,0.954,Heavy congestion detected - signal timing extended and reroute suggested
EVT432864,2025-02-07 09:10:40,Concert,J023,Basavanagudi,20163,Weekday,False,Clear,False,0.0,False,False,1.0,Severe,7.8,71.2,484.1,0.156,0.359,0.922,Heavy congestion detected - signal timing extended and reroute suggested
EVT432865,2025-04-20 00:54:17,Local Market Day,J040,City Market,4423,Weekend,False,Clear,False,0.0,False,False,0.274,Low,34.4,21.2,119.8,0.11,0.253,0.975,Moderate traffic flow - standard adaptive signal timing in effect
EVT432866,2025-12-27 07:33:47,Sports Fixture,J031,Cubbon Road,24385,Weekend,False,Clear,False,0.0,False,False,0.693,High,18.0,47.3,183.7,0.094,0.218,0.97,Moderate traffic flow - standard adaptive signal timing in effect
EVT432867,2026-01-07 18:36:18,Local Market Day,J020,Malleshwaram Circle,3680,Weekday,False,Clear,False,0.0,False,False,1.0,Severe,7.7,75.5,445.0,0.147,0.34,0.927,Heavy congestion detected - signal timing extended and reroute suggested
EVT432868,2026-03-05 19:37:01,Religious Festival,J012,Koramangala Sony World,37348,Weekday,True,Fog,False,0.0,False,True,1.0,Severe,8.5,101.9,421.6,0.162,0.373,0.867,Road closure for event/procession - full detour recommended for through-traffic
EVT432869,2026-06-18 17:14:32,Sports Fixture,J012,Koramangala Sony World,20461,Weekday,False,Rain,True,9.9,True,False,1.0,Severe,9.6,76.5,462.2,0.18,0.416,0.718,Accident detected nearby - reroute and reduced speed advised
EVT432870,2026-04-09 06:30:24,Local Market Day,J030,MG Road,4374,Weekday,False,Clear,False,0.0,False,False,0.334,Low,27.9,23.2,253.3,0.197,0.454,0.956,Moderate traffic flow - standard adaptive signal timing in effect
EVT432871,2025-06-05 09:07:15,Concert,J020,Malleshwaram Circle,16788,Weekday,False,Clear,False,0.0,False,False,1.0,Severe,8.3,73.5,728.8,0.243,0.561,0.931,Heavy congestion detected - signal timing extended and reroute suggested
EVT432872,2026-05-22 09:10:09,Concert,J023,Basavanagudi,8590,Weekday,False,Light Rain,True,5.7,False,False,1.0,Severe,9.7,66.1,231.6,0.098,0.227,0.864,Heavy rain reducing visibility and grip - reduced speed and longer buffer advised
EVT432873,2025-08-12 09:50:17,Concert,J040,City Market,12936,Weekday,False,Clear,False,0.0,False,False,0.941,Severe,9.4,63.1,496.4,0.197,0.455,0.929,Heavy congestion detected - signal timing extended and reroute suggested
EVT432874,2026-05-31 17:56:00,Local Market Day,J040,City Market,6164,Weekend,False,Clear,False,0.0,False,False,0.866,Severe,10.6,67.1,425.5,0.158,0.365,0.947,Heavy congestion detected - signal timing extended and reroute suggested
EVT432875,2026-01-17 08:02:48,Local Market Day,J023,Basavanagudi,4642,Weekend,False,Clear,False,0.0,False,False,0.722,High,18.2,55.1,236.1,0.141,0.326,0.944,Moderate traffic flow - standard adaptive signal timing in effect
EVT432876,2025-08-11 20:19:20,Sports Fixture,J020,Malleshwaram Circle,19653,Weekday,False,Fog,False,0.0,False,False,0.708,High,18.9,53.1,310.0,0.197,0.454,0.966,Moderate traffic flow - standard adaptive signal timing in effect
EVT432877,2025-06-01 09:39:57,Sports Fixture,J012,Koramangala Sony World,21305,Weekend,False,Clear,False,0.0,False,False,0.876,Severe,13.0,58.4,330.8,0.172,0.397,0.935,Heavy congestion detected - signal timing extended and reroute suggested
EVT432878,2025-11-27 09:48:34,Concert,J020,Malleshwaram Circle,13687,Weekday,False,Clear,False,0.0,False,False,0.925,Severe,8.9,70.4,556.7,0.177,0.408,0.955,Heavy congestion detected - signal timing extended and reroute suggested
EVT432879,2025-02-15 13:50:32,Political Rally,J012,Koramangala Sony World,15261,Weekend,False,Clear,False,0.0,False,False,0.304,Low,27.6,23.3,96.9,0.068,0.156,0.97,Moderate traffic flow - standard adaptive signal timing in effect
EVT432880,2025-04-17 12:37:06,Sports Fixture,J012,Koramangala Sony World,24639,Weekday,False,Clear,False,0.0,False,False,0.301,Low,32.9,15.5,147.2,0.136,0.313,0.958,Moderate traffic flow - standard adaptive signal timing in effect
EVT432881,2025-02-11 10:34:45,Local Market Day,J009,Majestic,2299,Weekday,False,Clear,False,0.0,False,False,0.614,High,23.0,42.0,175.8,0.128,0.296,0.99,Moderate traffic flow - standard adaptive signal timing in effect
EVT432882,2025-10-30 17:48:17,Concert,J023,Basavanagudi,8942,Weekday,False,Heavy Rain,True,27.3,False,False,1.0,Severe,10.5,70.9,390.8,0.164,0.38,0.872,Heavy rain reducing visibility and grip - reduced speed and longer buffer advised
EVT432883,2025-05-04 19:59:04,Sports Fixture,J012,Koramangala Sony World,14684,Weekend,False,Rain,True,9.0,False,False,0.869,Severe,11.7,60.4,586.6,0.268,0.619,0.911,Heavy rain reducing visibility and grip - reduced speed and longer buffer advised
EVT432884,2025-03-06 18:29:03,Local Market Day,J030,MG Road,5065,Weekday,False,Clear,False,0.0,False,False,1.0,Severe,7.5,70.3,212.6,0.083,0.191,0.917,Heavy congestion detected - signal timing extended and reroute suggested
EVT432885,2026-05-03 09:48:10,Trade Fair,J030,MG Road,10067,Weekend,False,Light Rain,True,0.4,False,False,0.841,Severe,12.5,59.7,216.7,0.113,0.261,0.895,Heavy rain reducing visibility and grip - reduced speed and longer buffer advised
EVT432886,2026-02-05 06:43:15,Concert,J030,MG Road,9376,Weekday,False,Clear,False,0.0,False,False,0.391,Moderate,23.5,29.4,165.4,0.127,0.293,0.976,Moderate traffic flow - standard adaptive signal timing in effect
EVT432887,2025-11-03 12:34:45,Local Market Day,J012,Koramangala Sony World,3500,Weekday,False,Clear,False,0.0,False,False,0.159,Low,39.3,13.3,146.2,0.144,0.332,0.948,Normal free-flow traffic - standard signal timing maintained
EVT432888,2025-05-12 14:15:28,Trade Fair,J011,Indiranagar 100ft Road,10750,Weekday,False,Light Rain,True,4.1,False,False,0.284,Low,33.3,15.8,223.7,0.211,0.488,0.914,Light rain detected - minor speed reduction advised
EVT432889,2025-07-05 17:26:44,Trade Fair,J020,Malleshwaram Circle,13348,Weekend,False,Clear,False,0.0,False,False,0.676,High,16.5,49.7,275.2,0.164,0.379,0.948,Moderate traffic flow - standard adaptive signal timing in effect
EVT432890,2025-05-10 05:29:06,Local Market Day,J009,Majestic,5420,Weekend,False,Clear,False,0.0,False,False,0.32,Low,36.3,26.3,151.0,0.127,0.293,0.961,Moderate traffic flow - standard adaptive signal timing in effect
EVT432891,2025-07-14 13:02:01,Sports Fixture,J030,MG Road,22329,Weekday,False,Clear,False,0.0,False,False,0.236,Low,24.8,18.7,185.1,0.117,0.269,0.939,Normal free-flow traffic - standard signal timing maintained
EVT432892,2026-02-28 17:23:38,Sports Fixture,J009,Majestic,27296,Weekend,False,Clear,False,0.0,False,False,0.817,Severe,13.5,59.1,478.9,0.24,0.553,0.965,Heavy congestion detected - signal timing extended and reroute suggested
EVT432893,2025-02-27 22:43:51,Sports Fixture,J020,Malleshwaram Circle,18104,Weekday,False,Clear,False,0.0,False,False,0.349,Low,30.3,29.1,99.9,0.084,0.194,0.956,Moderate traffic flow - standard adaptive signal timing in effect
EVT432894,2026-04-10 06:39:08,Sports Fixture,J009,Majestic,24849,Weekday,False,Rain,True,8.4,False,False,0.554,High,21.5,38.1,212.8,0.129,0.299,0.904,Heavy rain reducing visibility and grip - reduced speed and longer buffer advised
EVT432895,2025-01-17 17:26:08,Trade Fair,J023,Basavanagudi,12212,Weekday,False,Clear,False,0.0,False,False,0.942,Severe,9.9,71.7,473.3,0.205,0.472,0.94,Heavy congestion detected - signal timing extended and reroute suggested
EVT432896,2025-11-06 07:40:10,Sports Fixture,J040,City Market,21070,Weekday,False,Rain,True,7.9,False,False,0.921,Severe,9.4,66.6,236.9,0.084,0.194,0.895,Heavy rain reducing visibility and grip - reduced speed and longer buffer advised
EVT432897,2026-05-05 10:30:20,Trade Fair,J040,City Market,9415,Weekday,False,Clear,False,0.0,False,False,0.584,High,21.5,46.2,183.3,0.119,0.274,0.986,Moderate traffic flow - standard adaptive signal timing in effect
EVT432898,2026-04-04 08:41:34,Concert,J012,Koramangala Sony World,9635,Weekend,False,Clear,False,0.0,False,False,0.859,Severe,11.6,55.2,343.9,0.144,0.332,0.921,Heavy congestion detected - signal timing extended and reroute suggested
EVT432899,2026-05-28 11:53:30,Local Market Day,J020,Malleshwaram Circle,5061,Weekday,False,Fog,False,0.0,False,False,0.246,Low,31.5,10.7,157.1,0.129,0.298,0.955,Normal free-flow traffic - standard signal timing maintained
EVT432900,2025-08-13 18:46:10,Concert,J009,Majestic,12130,Weekday,False,Clear,False,0.0,False,False,1.0,Severe,6.9,69.9,779.3,0.23,0.531,0.925,Heavy congestion detected - signal timing extended and reroute suggested
EVT432901,2025-11-12 07:42:19,Local Market Day,J011,Indiranagar 100ft Road,5134,Weekday,False,Fog,False,0.0,False,False,0.742,High,19.5,55.8,305.6,0.195,0.451,0.962,Moderate traffic flow - standard adaptive signal timing in effect
EVT432902,2025-08-07 10:14:25,Local Market Day,J012,Koramangala Sony World,6995,Weekday,False,Rain,True,22.8,False,False,1.0,Severe,9.3,73.5,526.5,0.178,0.412,0.845,Heavy rain reducing visibility and grip - reduced speed and longer buffer advised
EVT432903,2026-04-06 07:19:13,Political Rally,J020,Malleshwaram Circle,12741,Weekday,False,Light Rain,True,4.6,False,False,0.659,High,25.2,40.8,114.3,0.079,0.182,0.936,Heavy rain reducing visibility and grip - reduced speed and longer buffer advised
EVT432904,2026-03-11 17:34:13,Local Market Day,J011,Indiranagar 100ft Road,1796,Weekday,False,Clear,False,0.0,False,False,0.949,Severe,9.6,65.2,485.1,0.166,0.384,0.932,Heavy congestion detected - signal timing extended and reroute suggested
EVT432905,2025-11-02 10:08:51,Fireworks Display,J012,Koramangala Sony World,26749,Weekend,True,Clear,False,0.0,False,False,0.987,Severe,10.5,74.9,231.1,0.124,0.287,0.847,Festival crowd surge detected - alternate route and extended cycle recommended
EVT432906,2026-06-09 21:12:37,Concert,J023,Basavanagudi,7837,Weekday,False,Heavy Rain,True,38.9,False,False,0.814,Severe,11.8,59.2,624.5,0.26,0.601,0.886,Heavy rain reducing visibility and grip - reduced speed and longer buffer advised
EVT432907,2025-12-04 12:50:04,Sports Fixture,J030,MG Road,18990,Weekday,False,Rain,True,8.3,False,False,0.5,Moderate,23.4,36.7,229.9,0.148,0.341,0.924,Light rain detected - minor speed reduction advised
EVT432908,2025-04-10 10:38:02,Local Market Day,J040,City Market,6612,Weekday,False,Clear,False,0.0,False,False,0.578,High,22.7,48.0,456.3,0.316,0.73,0.967,Moderate traffic flow - standard adaptive signal timing in effect
EVT432909,2025-06-06 15:29:05,Concert,J009,Majestic,8697,Weekday,False,Clear,False,0.0,False,False,0.378,Moderate,24.8,30.4,236.6,0.18,0.416,0.949,Moderate traffic flow - standard adaptive signal timing in effect
EVT432910,2026-02-14 17:57:50,Local Market Day,J030,MG Road,2398,Weekend,False,Clear,False,0.0,False,False,0.818,Severe,14.0,59.9,321.0,0.166,0.385,0.927,Heavy congestion detected - signal timing extended and reroute suggested
EVT432911,2025-05-14 08:31:31,Local Market Day,J009,Majestic,6683,Weekday,False,Rain,True,9.7,False,False,1.0,Severe,8.3,74.1,654.4,0.184,0.424,0.863,Heavy rain reducing visibility and grip - reduced speed and longer buffer advised
EVT432912,2025-06-10 14:33:21,Concert,J030,MG Road,18134,Weekday,False,Heavy Rain,True,47.3,False,False,0.775,Severe,18.8,59.4,247.1,0.156,0.36,0.922,Heavy rain reducing visibility and grip - reduced speed and longer buffer advised
EVT432913,2025-12-11 08:42:47,Trade Fair,J011,Indiranagar 100ft Road,16079,Weekday,False,Clear,False,0.0,False,False,1.0,Severe,9.1,73.5,350.5,0.125,0.29,0.901,Heavy congestion detected - signal timing extended and reroute suggested
EVT432914,2026-06-15 19:28:39,Local Market Day,J023,Basavanagudi,3673,Weekday,False,Heavy Rain,True,51.8,False,False,1.0,Severe,9.3,70.9,576.4,0.217,0.5,0.869,Heavy rain reducing visibility and grip - reduced speed and longer buffer advised
EVT432915,2026-04-28 08:12:58,Concert,J009,Majestic,11065,Weekday,False,Light Rain,True,1.5,False,False,0.945,Severe,9.4,67.8,500.8,0.166,0.384,0.87,Heavy rain reducing visibility and grip - reduced speed and longer buffer advised
EVT432916,2025-12-03 21:55:09,Sports Fixture,J031,Cubbon Road,14471,Weekday,False,Clear,False,0.0,False,False,0.298,Low,33.9,19.9,148.5,0.141,0.326,0.978,Moderate traffic flow - standard adaptive signal timing in effect
EVT432917,2025-09-01 09:09:50,Concert,J009,Majestic,10260,Weekday,False,Clear,False,0.0,False,False,1.0,Severe,8.3,65.5,916.8,0.303,0.701,0.913,Heavy congestion detected - signal timing extended and reroute suggested
EVT432918,2025-07-25 01:42:01,Local Market Day,J023,Basavanagudi,3169,Weekday,False,Clear,False,0.0,False,False,0.155,Low,33.7,13.6,82.5,0.074,0.171,0.968,Normal free-flow traffic - standard signal timing maintained
EVT432919,2025-11-26 14:33:48,Sports Fixture,J011,Indiranagar 100ft Road,57346,Weekday,False,Light Rain,True,7.3,False,False,0.756,Severe,17.3,48.0,143.6,0.112,0.258,0.915,Heavy rain reducing visibility and grip - reduced speed and longer buffer advised
EVT432920,2025-10-27 16:45:23,Local Market Day,J020,Malleshwaram Circle,2793,Weekday,False,Clear,False,0.0,False,False,0.676,High,21.4,46.6,252.4,0.168,0.388,0.94,Moderate traffic flow - standard adaptive signal timing in effect
EVT432921,2025-10-26 14:23:14,Sports Fixture,J011,Indiranagar 100ft Road,26961,Weekend,False,Clear,False,0.0,False,False,0.406,Moderate,24.5,26.2,225.4,0.152,0.35,0.989,Moderate traffic flow - standard adaptive signal timing in effect
EVT432922,2025-07-07 15:18:17,Concert,J031,Cubbon Road,11514,Weekday,False,Clear,False,0.0,False,False,0.35,Moderate,30.2,26.4,134.8,0.11,0.255,0.953,Moderate traffic flow - standard adaptive signal timing in effect
EVT432923,2025-08-16 20:00:57,Cultural Procession,J012,Koramangala Sony World,44504,Weekend,True,Heavy Rain,True,41.3,False,False,1.0,Severe,10.9,74.9,322.5,0.145,0.336,0.811,Festival crowd surge detected - alternate route and extended cycle recommended
EVT432924,2025-06-21 17:17:26,Sports Fixture,J030,MG Road,30572,Weekend,False,Rain,True,8.4,False,False,0.933,Severe,10.5,67.9,295.5,0.118,0.273,0.874,Heavy rain reducing visibility and grip - reduced speed and longer buffer advised
EVT432925,2025-11-24 13:39:51,Trade Fair,J009,Majestic,14253,Weekday,False,Clear,False,0.0,False,False,0.223,Low,35.0,15.2,108.4,0.075,0.173,0.96,Normal free-flow traffic - standard signal timing maintained
EVT432926,2025-08-10 08:09:45,Trade Fair,J023,Basavanagudi,8293,Weekend,False,Clear,False,0.0,False,False,0.819,Severe,14.3,62.8,361.6,0.197,0.455,0.955,Heavy congestion detected - signal timing extended and reroute suggested
EVT432927,2025-02-11 17:00:01,Trade Fair,J009,Majestic,17449,Weekday,False,Clear,False,0.0,False,False,0.855,Severe,15.0,62.8,407.1,0.243,0.562,0.959,Heavy congestion detected - signal timing extended and reroute suggested
EVT432928,2025-05-13 20:47:05,Concert,J030,MG Road,14719,Weekday,False,Clear,False,0.0,False,False,0.541,Moderate,24.7,36.3,180.8,0.14,0.324,0.968,Moderate traffic flow - standard adaptive signal timing in effect
EVT432929,2025-10-01 22:01:27,Trade Fair,J023,Basavanagudi,11859,Weekday,False,Clear,False,0.0,False,False,0.272,Low,31.0,17.9,196.3,0.168,0.388,0.949,Moderate traffic flow - standard adaptive signal timing in effect
EVT432930,2025-02-10 09:47:24,Trade Fair,J023,Basavanagudi,18807,Weekday,False,Clear,False,0.0,False,False,0.949,Severe,9.9,61.4,326.6,0.139,0.322,0.944,Heavy congestion detected - signal timing extended and reroute suggested
EVT432931,2026-06-22 06:29:46,Local Market Day,J031,Cubbon Road,5100,Weekday,False,Clear,False,0.0,False,False,0.313,Low,23.9,20.5,183.8,0.117,0.27,0.951,Moderate traffic flow - standard adaptive signal timing in effect
EVT432932,2025-12-09 02:02:42,Concert,J031,Cubbon Road,17877,Weekday,False,Clear,False,0.0,False,False,0.175,Low,40.6,18.2,86.5,0.083,0.191,0.968,Normal free-flow traffic - standard signal timing maintained
EVT432933,2025-01-03 15:02:49,Political Rally,J031,Cubbon Road,13531,Weekday,False,Clear,False,0.0,False,False,0.324,Low,32.9,23.6,142.3,0.151,0.35,0.987,Moderate traffic flow - standard adaptive signal timing in effect
EVT432934,2026-05-08 17:54:06,Concert,J009,Majestic,12186,Weekday,False,Clear,False,0.0,False,False,0.992,Severe,7.6,72.7,240.4,0.084,0.195,0.941,Heavy congestion detected - signal timing extended and reroute suggested
EVT432935,2025-02-25 16:29:30,Concert,J020,Malleshwaram Circle,8753,Weekday,False,Clear,False,0.0,False,False,0.574,High,20.7,37.4,267.8,0.189,0.437,0.966,Moderate traffic flow - standard adaptive signal timing in effect
EVT432936,2025-01-05 18:22:48,Concert,J030,MG Road,11104,Weekend,False,Light Rain,True,1.5,False,False,0.957,Severe,8.3,58.3,554.7,0.187,0.431,0.869,Heavy rain reducing visibility and grip - reduced speed and longer buffer advised
EVT432937,2025-02-05 11:37:06,Concert,J031,Cubbon Road,8295,Weekday,False,Clear,False,0.0,False,False,0.259,Low,28.2,21.4,169.5,0.131,0.302,0.977,Moderate traffic flow - standard adaptive signal timing in effect
EVT432938,2025-02-18 13:36:39,Local Market Day,J030,MG Road,3906,Weekday,False,Clear,False,0.0,False,False,0.193,Low,30.6,10.5,54.4,0.039,0.091,0.985,Normal free-flow traffic - standard signal timing maintained
EVT432939,2025-11-27 11:03:31,Sports Fixture,J020,Malleshwaram Circle,27052,Weekday,False,Fog,False,0.0,False,False,0.611,High,15.8,42.3,332.5,0.168,0.388,0.985,Moderate traffic flow - standard adaptive signal timing in effect
EVT432940,2025-12-11 22:23:13,Political Rally,J011,Indiranagar 100ft Road,18578,Weekday,False,Clear,False,0.0,False,False,0.317,Low,27.3,19.8,165.7,0.118,0.273,0.959,Moderate traffic flow - standard adaptive signal timing in effect
EVT432941,2026-03-22 18:40:23,Local Market Day,J023,Basavanagudi,3646,Weekend,False,Clear,False,0.0,False,False,0.773,Severe,15.0,51.9,188.8,0.105,0.241,0.961,Heavy congestion detected - signal timing extended and reroute suggested
EVT432942,2026-02-03 15:26:57,Concert,J012,Koramangala Sony World,12463,Weekday,False,Clear,False,0.0,False,False,0.327,Low,35.3,19.1,129.5,0.112,0.258,0.941,Moderate traffic flow - standard adaptive signal timing in effect
EVT432943,2025-06-14 06:40:59,Political Rally,J011,Indiranagar 100ft Road,19758,Weekend,False,Heavy Rain,True,49.1,False,False,0.812,Severe,13.9,63.2,140.7,0.059,0.136,0.911,Heavy rain reducing visibility and grip - reduced speed and longer buffer advised
EVT432944,2025-08-10 09:14:11,Trade Fair,J009,Majestic,7905,Weekend,False,Rain,True,9.2,False,False,0.915,Severe,10.0,65.8,466.9,0.159,0.367,0.854,Heavy rain reducing visibility and grip - reduced speed and longer buffer advised
EVT432945,2025-07-18 12:07:23,Political Rally,J020,Malleshwaram Circle,13325,Weekday,False,Heavy Rain,True,36.8,False,False,0.663,High,18.5,52.3,206.8,0.131,0.302,0.907,Heavy rain reducing visibility and grip - reduced speed and longer buffer advised
EVT432946,2026-03-02 00:37:43,Concert,J012,Koramangala Sony World,13472,Weekday,False,Clear,False,0.0,False,False,0.203,Low,33.2,6.4,38.8,0.036,0.082,0.961,Normal free-flow traffic - standard signal timing maintained
EVT432947,2026-06-18 12:37:23,Sports Fixture,J020,Malleshwaram Circle,55756,Weekday,False,Clear,False,0.0,False,False,0.574,High,24.8,36.6,215.2,0.153,0.353,0.961,Moderate traffic flow - standard adaptive signal timing in effect
EVT432948,2026-01-30 17:52:01,Sports Fixture,J023,Basavanagudi,27520,Weekday,False,Clear,False,0.0,False,False,1.0,Severe,7.5,76.5,506.2,0.151,0.348,0.917,Heavy congestion detected - signal timing extended and reroute suggested
EVT432949,2025-01-19 15:48:00,Trade Fair,J012,Koramangala Sony World,17275,Weekend,False,Clear,False,0.0,False,False,0.418,Moderate,34.8,27.4,155.0,0.134,0.31,0.987,Moderate traffic flow - standard adaptive signal timing in effect
EVT432950,2026-05-23 21:04:59,Concert,J020,Malleshwaram Circle,14169,Weekend,False,Heavy Rain,True,30.1,False,False,0.841,Severe,15.8,59.3,373.5,0.212,0.49,0.902,Heavy rain reducing visibility and grip - reduced speed and longer buffer advised
EVT432951,2025-02-09 15:27:26,Political Rally,J011,Indiranagar 100ft Road,15896,Weekend,False,Clear,False,0.0,False,False,0.48,Moderate,30.6,33.5,98.6,0.095,0.219,0.978,Moderate traffic flow - standard adaptive signal timing in effect
EVT432952,2025-02-01 19:09:23,Local Market Day,J023,Basavanagudi,5482,Weekend,False,Clear,False,0.0,False,False,0.845,Severe,14.2,67.3,373.0,0.21,0.484,0.949,Heavy congestion detected - signal timing extended and reroute suggested
EVT432953,2025-03-08 16:31:19,Trade Fair,J012,Koramangala Sony World,6530,Weekend,False,Clear,False,0.0,False,False,0.546,Moderate,24.7,38.8,80.3,0.048,0.11,0.985,Moderate traffic flow - standard adaptive signal timing in effect
EVT432954,2026-06-12 15:40:40,Sports Fixture,J012,Koramangala Sony World,15036,Weekday,False,Clear,False,0.0,False,False,0.412,Moderate,26.3,25.2,106.9,0.073,0.169,0.952,Moderate traffic flow - standard adaptive signal timing in effect
EVT432955,2026-03-23 09:22:20,Sports Fixture,J023,Basavanagudi,15384,Weekday,False,Light Rain,True,5.5,False,False,1.0,Severe,7.5,71.1,456.3,0.151,0.349,0.846,Heavy rain reducing visibility and grip - reduced speed and longer buffer advised
EVT432956,2026-05-03 19:44:48,Local Market Day,J023,Basavanagudi,4835,Weekend,False,Clear,False,0.0,False,False,0.712,High,17.8,51.3,247.0,0.157,0.363,0.958,Moderate traffic flow - standard adaptive signal timing in effect
EVT432957,2025-05-07 20:11:44,Local Market Day,J020,Malleshwaram Circle,2759,Weekday,False,Rain,True,12.0,False,False,0.811,Severe,12.7,55.6,358.8,0.171,0.395,0.892,Heavy rain reducing visibility and grip - reduced speed and longer buffer advised
EVT432958,2026-03-03 12:19:40,Trade Fair,J011,Indiranagar 100ft Road,6687,Weekday,False,Clear,False,0.0,False,False,0.233,Low,27.5,15.8,96.5,0.092,0.212,0.963,Normal free-flow traffic - standard signal timing maintained
EVT432959,2025-09-05 18:46:15,Religious Festival,J040,City Market,51380,Weekday,True,Heavy Rain,True,29.5,False,True,1.0,Severe,9.4,104.2,334.6,0.144,0.332,0.803,Road closure for event/procession - full detour recommended for through-traffic
EVT432960,2026-02-23 03:44:15,Trade Fair,J031,Cubbon Road,7468,Weekday,False,Clear,False,0.0,False,False,0.19,Low,37.2,18.7,93.7,0.095,0.22,0.964,Normal free-flow traffic - standard signal timing maintained
EVT432961,2026-02-02 10:01:13,Trade Fair,J023,Basavanagudi,7090,Weekday,False,Clear,False,0.0,False,False,0.848,Severe,12.6,61.3,294.7,0.169,0.39,0.953,Heavy congestion detected - signal timing extended and reroute suggested
EVT432962,2025-06-12 17:24:39,Trade Fair,J012,Koramangala Sony World,11355,Weekday,False,Clear,False,0.0,False,False,0.86,Severe,11.8,68.5,261.1,0.13,0.3,0.947,Heavy congestion detected - signal timing extended and reroute suggested
EVT432963,2026-01-06 16:01:23,Local Market Day,J040,City Market,2778,Weekday,False,Clear,False,0.0,False,False,0.448,Moderate,26.7,34.4,162.9,0.113,0.262,0.964,Moderate traffic flow - standard adaptive signal timing in effect
EVT432964,2026-06-23 15:03:28,Local Market Day,J009,Majestic,4967,Weekday,False,Light Rain,True,6.9,False,False,0.395,Moderate,26.0,28.5,200.7,0.131,0.304,0.903,Light rain detected - minor speed reduction advised
EVT432965,2025-11-16 10:53:21,Trade Fair,J023,Basavanagudi,12593,Weekend,False,Clear,False,0.0,False,False,0.604,High,19.1,40.1,197.4,0.118,0.272,0.971,Moderate traffic flow - standard adaptive signal timing in effect
EVT432966,2025-09-18 07:12:01,Sports Fixture,J040,City Market,24878,Weekday,False,Clear,False,0.0,False,False,0.695,High,15.5,42.5,197.3,0.09,0.209,0.986,Moderate traffic flow - standard adaptive signal timing in effect
EVT432967,2025-06-10 06:21:27,Local Market Day,J030,MG Road,3970,Weekday,False,Heavy Rain,True,88.6,False,False,0.632,High,15.9,49.2,378.3,0.196,0.452,0.935,Heavy rain reducing visibility and grip - reduced speed and longer buffer advised
EVT432968,2025-03-22 15:42:56,Trade Fair,J011,Indiranagar 100ft Road,9097,Weekend,False,Clear,False,0.0,False,False,0.468,Moderate,28.6,31.0,196.8,0.154,0.356,0.953,Moderate traffic flow - standard adaptive signal timing in effect
EVT432969,2025-10-05 20:49:51,Local Market Day,J012,Koramangala Sony World,5092,Weekend,False,Heavy Rain,True,26.2,False,False,0.779,Severe,14.7,50.6,326.2,0.183,0.424,0.911,Heavy rain reducing visibility and grip - reduced speed and longer buffer advised
EVT432970,2026-01-14 13:16:44,Religious Festival,J030,MG Road,57270,Weekday,True,Clear,False,0.0,False,False,0.782,Severe,14.0,58.5,412.9,0.217,0.5,0.904,Festival crowd surge detected - alternate route and extended cycle recommended
EVT432971,2025-08-26 16:07:54,Trade Fair,J023,Basavanagudi,9611,Weekday,False,Heavy Rain,True,44.8,False,False,0.903,Severe,14.7,66.8,347.8,0.201,0.465,0.873,Heavy rain reducing visibility and grip - reduced speed and longer buffer advised
EVT432972,2025-03-02 09:24:00,Concert,J030,MG Road,11777,Weekend,False,Clear,False,0.0,False,False,0.889,Severe,11.6,57.3,521.7,0.216,0.5,0.945,Heavy congestion detected - signal timing extended and reroute suggested
EVT432973,2026-06-07 17:01:45,Trade Fair,J011,Indiranagar 100ft Road,6064,Weekend,False,Clear,False,0.0,False,False,0.658,High,18.7,46.8,185.9,0.115,0.266,0.939,Moderate traffic flow - standard adaptive signal timing in effect
EVT432974,2025-03-11 11:28:13,Local Market Day,J040,City Market,2902,Weekday,False,Clear,False,0.0,False,False,0.226,Low,34.8,19.1,52.4,0.055,0.127,0.968,Normal free-flow traffic - standard signal timing maintained
EVT432975,2026-02-01 13:12:49,Sports Fixture,J040,City Market,34009,Weekend,False,Clear,False,0.0,False,False,0.461,Moderate,27.3,28.7,123.4,0.084,0.193,0.961,Moderate traffic flow - standard adaptive signal timing in effect
EVT432976,2026-03-11 10:10:42,Political Rally,J011,Indiranagar 100ft Road,25460,Weekday,False,Clear,False,0.0,False,False,0.881,Severe,11.0,61.1,197.8,0.089,0.205,0.915,Heavy congestion detected - signal timing extended and reroute suggested
EVT432977,2025-04-23 09:41:13,Sports Fixture,J020,Malleshwaram Circle,31536,Weekday,False,Clear,False,0.0,True,False,1.0,Severe,8.6,70.5,714.2,0.232,0.536,0.74,Accident detected nearby - reroute and reduced speed advised
EVT432978,2026-04-11 18:42:52,Local Market Day,J031,Cubbon Road,2907,Weekend,False,Clear,False,0.0,False,False,0.779,Severe,14.8,56.3,279.3,0.137,0.316,0.958,Heavy congestion detected - signal timing extended and reroute suggested
EVT432979,2025-05-31 17:43:21,Concert,J031,Cubbon Road,24090,Weekend,False,Clear,False,0.0,False,False,0.844,Severe,15.7,61.8,455.2,0.233,0.538,0.954,Heavy congestion detected - signal timing extended and reroute suggested
EVT432980,2025-09-03 08:17:10,Sports Fixture,J020,Malleshwaram Circle,13583,Weekday,False,Rain,True,9.0,False,False,1.0,Severe,9.5,71.9,287.2,0.124,0.286,0.855,Heavy rain reducing visibility and grip - reduced speed and longer buffer advised
EVT432981,2025-10-27 14:23:43,Concert,J009,Majestic,12565,Weekday,False,Light Rain,True,3.2,False,False,0.277,Low,33.3,18.7,206.5,0.168,0.388,0.925,Light rain detected - minor speed reduction advised
EVT432982,2025-01-16 13:25:54,Sports Fixture,J020,Malleshwaram Circle,13775,Weekday,False,Clear,False,0.0,False,False,0.294,Low,22.5,24.5,156.9,0.095,0.219,0.977,Moderate traffic flow - standard adaptive signal timing in effect
EVT432983,2026-03-14 17:23:44,Sports Fixture,J040,City Market,46472,Weekend,False,Clear,False,0.0,False,False,1.0,Severe,8.8,72.0,470.0,0.179,0.412,0.917,Heavy congestion detected - signal timing extended and reroute suggested
EVT432984,2025-02-03 15:28:26,Concert,J011,Indiranagar 100ft Road,16703,Weekday,False,Clear,False,0.0,False,False,0.312,Low,29.6,19.3,190.0,0.157,0.364,0.937,Moderate traffic flow - standard adaptive signal timing in effect
EVT432985,2025-08-05 14:36:15,Sports Fixture,J023,Basavanagudi,26810,Weekday,False,Heavy Rain,True,51.0,False,False,0.656,High,15.5,46.8,152.0,0.084,0.194,0.903,Heavy rain reducing visibility and grip - reduced speed and longer buffer advised
EVT432986,2025-10-16 09:00:30,Sports Fixture,J020,Malleshwaram Circle,18925,Weekday,False,Clear,False,0.0,False,False,1.0,Severe,6.8,74.7,245.7,0.088,0.203,0.93,Heavy congestion detected - signal timing extended and reroute suggested
EVT432987,2025-07-07 20:13:24,Sports Fixture,J020,Malleshwaram Circle,16327,Weekday,False,Clear,False,0.0,False,False,0.782,Severe,19.2,60.4,274.5,0.185,0.426,0.978,Heavy congestion detected - signal timing extended and reroute suggested
EVT432988,2026-03-08 21:22:01,Political Rally,J020,Malleshwaram Circle,17513,Weekend,False,Clear,False,0.0,False,False,0.372,Moderate,21.2,31.0,119.0,0.089,0.206,0.945,Moderate traffic flow - standard adaptive signal timing in effect
EVT432989,2025-02-21 05:09:34,Local Market Day,J020,Malleshwaram Circle,2950,Weekday,False,Clear,False,0.0,False,False,0.188,Low,31.9,13.4,205.1,0.155,0.357,0.98,Normal free-flow traffic - standard signal timing maintained
EVT432990,2026-05-10 10:07:40,Concert,J011,Indiranagar 100ft Road,20730,Weekend,False,Clear,False,0.0,False,False,0.815,Severe,11.6,55.1,144.4,0.069,0.16,0.977,Heavy congestion detected - signal timing extended and reroute suggested
EVT432991,2025-02-18 08:07:54,Local Market Day,J020,Malleshwaram Circle,3414,Weekday,False,Clear,False,0.0,False,False,0.809,Severe,16.6,54.6,182.0,0.117,0.271,0.933,Heavy congestion detected - signal timing extended and reroute suggested
EVT432992,2025-04-09 09:55:25,Concert,J009,Majestic,18663,Weekday,False,Rain,True,9.6,False,False,1.0,Severe,9.4,68.7,416.3,0.172,0.397,0.884,Heavy rain reducing visibility and grip - reduced speed and longer buffer advised
EVT432993,2026-01-08 09:47:23,Sports Fixture,J031,Cubbon Road,18668,Weekday,False,Fog,False,0.0,False,False,1.0,Severe,8.3,68.2,681.2,0.219,0.507,0.92,Heavy congestion detected - signal timing extended and reroute suggested
EVT432994,2025-03-17 19:11:50,Trade Fair,J020,Malleshwaram Circle,6734,Weekday,False,Clear,False,0.0,False,False,0.835,Severe,9.3,61.0,357.3,0.148,0.341,0.954,Heavy congestion detected - signal timing extended and reroute suggested
EVT432995,2026-06-18 19:54:58,Sports Fixture,J030,MG Road,14331,Weekday,False,Clear,False,0.0,False,False,0.79,Severe,16.9,60.1,378.4,0.23,0.531,0.957,Heavy congestion detected - signal timing extended and reroute suggested
EVT432996,2025-10-25 09:24:33,Concert,J012,Koramangala Sony World,9528,Weekend,False,Light Rain,True,5.8,False,False,0.986,Severe,9.0,71.4,349.4,0.12,0.276,0.884,Heavy rain reducing visibility and grip - reduced speed and longer buffer advised
EVT432997,2026-05-13 18:27:35,Political Rally,J020,Malleshwaram Circle,11654,Weekday,False,Fog,False,0.0,False,False,1.0,Severe,9.1,73.0,529.6,0.224,0.517,0.912,Heavy congestion detected - signal timing extended and reroute suggested
EVT432998,2025-01-11 21:07:27,Local Market Day,J023,Basavanagudi,4582,Weekend,False,Clear,False,0.0,False,False,0.458,Moderate,31.7,30.3,147.1,0.126,0.291,0.967,Moderate traffic flow - standard adaptive signal timing in effect
EVT432999,2025-03-12 15:56:18,Sports Fixture,J040,City Market,20785,Weekday,False,Clear,False,0.0,False,False,0.496,Moderate,26.1,31.7,168.1,0.15,0.346,0.949,Moderate traffic flow - standard adaptive signal timing in effect
EVT433000,2026-01-17 21:12:19,Political Rally,J009,Majestic,12812,Weekend,False,Light Rain,True,2.1,False,False,0.458,Moderate,22.8,33.1,147.4,0.096,0.222,0.909,Light rain detected - minor speed reduction advised
EVT433001,2025-09-02 06:40:56,Sports Fixture,J012,Koramangala Sony World,19277,Weekday,False,Clear,False,0.0,False,False,0.435,Moderate,23.8,30.9,224.3,0.16,0.37,0.963,Moderate traffic flow - standard adaptive signal timing in effect
EVT433002,2025-09-18 14:22:29,Trade Fair,J011,Indiranagar 100ft Road,10865,Weekday,False,Clear,False,0.0,False,False,0.282,Low,32.9,22.3,191.9,0.168,0.387,0.98,Moderate traffic flow - standard adaptive signal timing in effect
EVT433003,2025-03-18 18:53:42,Trade Fair,J011,Indiranagar 100ft Road,9017,Weekday,False,Clear,False,0.0,False,False,1.0,Severe,7.7,64.6,590.8,0.189,0.436,0.944,Heavy congestion detected - signal timing extended and reroute suggested
EVT433004,2025-05-27 08:11:03,Political Rally,J023,Basavanagudi,7762,Weekday,False,Light Rain,True,5.8,False,False,0.923,Severe,8.3,73.0,648.4,0.226,0.523,0.867,Heavy rain reducing visibility and grip - reduced speed and longer buffer advised
EVT433005,2026-01-08 20:09:41,Local Market Day,J009,Majestic,3499,Weekday,False,Clear,False,0.0,False,False,0.649,High,18.5,36.8,227.3,0.144,0.332,0.945,Moderate traffic flow - standard adaptive signal timing in effect
EVT433006,2025-03-20 14:05:21,Trade Fair,J023,Basavanagudi,6501,Weekday,False,Clear,False,0.0,False,False,0.09,Low,37.8,4.7,145.4,0.147,0.34,0.963,Normal free-flow traffic - standard signal timing maintained
EVT433007,2025-03-18 11:25:39,Concert,J040,City Market,11673,Weekday,False,Fog,False,0.0,False,False,0.347,Low,27.4,27.8,141.6,0.107,0.247,0.958,Moderate traffic flow - standard adaptive signal timing in effect
EVT433008,2025-12-25 13:40:00,Religious Festival,J030,MG Road,40141,Weekday,True,Clear,False,0.0,False,True,0.743,High,13.8,68.3,416.5,0.22,0.509,0.898,Road closure for event/procession - full detour recommended for through-traffic
EVT433009,2025-06-27 17:10:34,Trade Fair,J031,Cubbon Road,10078,Weekday,False,Rain,True,17.3,False,False,0.951,Severe,11.2,70.2,390.3,0.175,0.403,0.894,Heavy rain reducing visibility and grip - reduced speed and longer buffer advised
EVT433010,2025-04-26 20:58:15,Trade Fair,J011,Indiranagar 100ft Road,4785,Weekend,False,Clear,False,0.0,False,False,0.466,Moderate,27.7,31.6,245.9,0.179,0.415,0.97,Moderate traffic flow - standard adaptive signal timing in effect
EVT433011,2026-01-31 17:51:44,Local Market Day,J030,MG Road,4406,Weekend,False,Clear,False,0.0,False,False,0.75,High,15.7,53.2,369.6,0.198,0.457,0.984,Moderate traffic flow - standard adaptive signal timing in effect
EVT433012,2025-12-28 10:02:31,Local Market Day,J040,City Market,4258,Weekend,False,Clear,False,0.0,False,False,0.703,High,18.8,52.1,366.6,0.23,0.532,0.964,Moderate traffic flow - standard adaptive signal timing in effect
EVT433013,2025-12-19 17:55:56,Local Market Day,J023,Basavanagudi,3364,Weekday,False,Clear,False,0.0,False,False,0.972,Severe,9.3,67.5,350.7,0.131,0.303,0.935,Heavy congestion detected - signal timing extended and reroute suggested
EVT433014,2025-04-08 19:19:26,Sports Fixture,J011,Indiranagar 100ft Road,22444,Weekday,False,Clear,False,0.0,False,False,1.0,Severe,9.0,69.2,707.1,0.25,0.577,0.931,Heavy congestion detected - signal timing extended and reroute suggested
EVT433015,2025-12-14 16:57:11,Local Market Day,J020,Malleshwaram Circle,2386,Weekend,False,Clear,False,0.0,False,False,0.669,High,15.0,45.0,463.2,0.226,0.522,0.954,Moderate traffic flow - standard adaptive signal timing in effect
EVT433016,2025-06-08 07:49:53,Sports Fixture,J011,Indiranagar 100ft Road,11407,Weekend,False,Heavy Rain,True,34.5,False,False,1.0,Severe,9.2,69.4,430.7,0.172,0.396,0.876,Heavy rain reducing visibility and grip - reduced speed and longer buffer advised
EVT433017,2026-03-31 16:10:57,Local Market Day,J020,Malleshwaram Circle,5353,Weekday,False,Clear,False,0.0,False,False,0.431,Moderate,35.7,26.7,150.3,0.153,0.352,0.938,Moderate traffic flow - standard adaptive signal timing in effect
EVT433018,2025-03-19 07:23:23,Concert,J040,City Market,15718,Weekday,False,Fog,False,0.0,False,False,0.591,High,24.0,45.0,159.3,0.125,0.289,0.976,Moderate traffic flow - standard adaptive signal timing in effect
EVT433019,2025-08-17 05:20:34,Political Rally,J020,Malleshwaram Circle,22014,Weekend,False,Fog,False,0.0,False,False,0.393,Moderate,36.4,24.0,61.9,0.065,0.15,0.961,Moderate traffic flow - standard adaptive signal timing in effect
EVT433020,2026-05-12 20:49:14,Trade Fair,J023,Basavanagudi,9438,Weekday,False,Clear,False,0.0,False,False,0.526,Moderate,29.4,30.9,193.1,0.173,0.4,0.945,Moderate traffic flow - standard adaptive signal timing in effect
EVT433021,2026-04-24 07:55:33,Concert,J040,City Market,9433,Weekday,False,Clear,False,0.0,False,False,0.85,Severe,13.0,57.9,443.6,0.205,0.473,0.95,Heavy congestion detected - signal timing extended and reroute suggested
EVT433022,2025-10-22 12:15:11,Cultural Procession,J012,Koramangala Sony World,10369,Weekday,True,Rain,True,11.6,False,True,0.701,High,17.2,69.3,145.4,0.07,0.162,0.834,Road closure for event/procession - full detour recommended for through-traffic
EVT433023,2026-01-24 07:28:37,Sports Fixture,J023,Basavanagudi,20425,Weekend,False,Clear,False,0.0,False,False,0.71,High,18.1,45.7,299.3,0.182,0.42,0.989,Moderate traffic flow - standard adaptive signal timing in effect
EVT433024,2025-04-05 13:00:07,Political Rally,J023,Basavanagudi,20810,Weekend,False,Clear,False,0.0,False,False,0.397,Moderate,24.4,25.8,254.9,0.156,0.36,0.935,Moderate traffic flow - standard adaptive signal timing in effect
EVT433025,2026-03-01 16:54:19,Sports Fixture,J030,MG Road,27516,Weekend,False,Light Rain,True,7.3,False,False,0.875,Severe,12.9,63.4,467.3,0.224,0.517,0.888,Heavy rain reducing visibility and grip - reduced speed and longer buffer advised
EVT433026,2025-06-17 07:26:39,Local Market Day,J011,Indiranagar 100ft Road,5342,Weekday,False,Heavy Rain,True,57.6,False,False,0.933,Severe,11.7,67.2,336.4,0.152,0.351,0.874,Heavy rain reducing visibility and grip - reduced speed and longer buffer advised
EVT433027,2025-04-06 11:15:48,Religious Festival,J009,Majestic,39564,Weekend,True,Clear,False,0.0,False,False,0.877,Severe,13.8,61.8,333.5,0.176,0.406,0.871,Festival crowd surge detected - alternate route and extended cycle recommended
EVT433028,2026-03-02 16:47:07,Local Market Day,J009,Majestic,6721,Weekday,False,Clear,False,0.0,False,False,0.699,High,20.3,47.5,169.0,0.118,0.272,0.972,Moderate traffic flow - standard adaptive signal timing in effect
EVT433029,2026-01-25 15:31:53,Concert,J023,Basavanagudi,11224,Weekend,False,Clear,False,0.0,False,False,0.401,Moderate,28.0,32.2,166.9,0.133,0.307,0.944,Moderate traffic flow - standard adaptive signal timing in effect
EVT433030,2026-01-19 06:09:23,Political Rally,J011,Indiranagar 100ft Road,14249,Weekday,False,Clear,False,0.0,False,False,0.366,Moderate,32.0,26.9,208.8,0.189,0.435,0.961,Moderate traffic flow - standard adaptive signal timing in effect
EVT433031,2025-05-21 18:39:59,Political Rally,J011,Indiranagar 100ft Road,17614,Weekday,False,Clear,False,0.0,False,False,1.0,Severe,7.8,77.1,420.7,0.152,0.352,0.915,Heavy congestion detected - signal timing extended and reroute suggested
EVT433032,2025-10-21 10:04:33,Religious Festival,J031,Cubbon Road,84625,Weekday,True,Clear,False,0.0,False,True,1.0,Severe,8.6,100.0,481.2,0.184,0.425,0.825,Road closure for event/procession - full detour recommended for through-traffic
EVT433033,2025-03-18 17:36:37,Trade Fair,J030,MG Road,13892,Weekday,False,Fog,False,0.0,False,False,1.0,Severe,7.8,74.3,424.0,0.146,0.337,0.921,Heavy congestion detected - signal timing extended and reroute suggested
EVT433034,2026-04-03 12:53:43,Sports Fixture,J030,MG Road,19209,Weekday,False,Clear,False,0.0,False,False,0.345,Low,31.2,26.0,213.6,0.179,0.412,0.975,Moderate traffic flow - standard adaptive signal timing in effect
EVT433035,2025-04-14 06:30:54,Religious Festival,J012,Koramangala Sony World,41858,Weekday,True,Clear,False,0.0,False,True,0.91,Severe,9.0,99.3,410.8,0.145,0.336,0.854,Road closure for event/procession - full detour recommended for through-traffic
EVT433036,2026-04-29 08:18:28,Local Market Day,J023,Basavanagudi,3707,Weekday,False,Clear,False,0.0,False,False,0.944,Severe,9.1,65.2,552.9,0.205,0.473,0.925,Heavy congestion detected - signal timing extended and reroute suggested
EVT433037,2026-01-30 09:51:25,Political Rally,J011,Indiranagar 100ft Road,13175,Weekday,False,Clear,False,0.0,False,False,0.953,Severe,10.7,74.5,450.4,0.178,0.412,0.909,Heavy congestion detected - signal timing extended and reroute suggested
EVT433038,2025-11-24 19:18:30,Local Market Day,J009,Majestic,2715,Weekday,False,Clear,False,0.0,False,False,0.893,Severe,10.1,65.6,543.3,0.195,0.451,0.923,Heavy congestion detected - signal timing extended and reroute suggested
EVT433039,2026-01-29 18:58:40,Concert,J020,Malleshwaram Circle,11211,Weekday,False,Clear,False,0.0,False,False,1.0,Severe,9.3,63.3,193.6,0.073,0.168,0.908,Heavy congestion detected - signal timing extended and reroute suggested
EVT433040,2026-05-11 19:09:54,Sports Fixture,J031,Cubbon Road,18162,Weekday,False,Clear,False,0.0,False,False,1.0,Severe,7.4,71.2,947.8,0.29,0.669,0.924,Heavy congestion detected - signal timing extended and reroute suggested
EVT433041,2025-01-01 23:31:31,Local Market Day,J023,Basavanagudi,7291,Weekday,False,Clear,False,0.0,False,False,0.209,Low,39.2,11.3,90.2,0.077,0.179,0.972,Normal free-flow traffic - standard signal timing maintained
EVT433042,2025-02-15 18:44:47,Local Market Day,J012,Koramangala Sony World,11720,Weekend,False,Clear,False,0.0,False,False,0.918,Severe,11.3,65.6,440.5,0.193,0.445,0.921,Heavy congestion detected - signal timing extended and reroute suggested
EVT433043,2026-06-17 20:19:51,Sports Fixture,J011,Indiranagar 100ft Road,13637,Weekday,False,Rain,True,9.8,False,False,0.852,Severe,14.7,63.4,254.6,0.134,0.311,0.89,Heavy rain reducing visibility and grip - reduced speed and longer buffer advised
EVT433044,2025-10-06 09:36:36,Trade Fair,J030,MG Road,15566,Weekday,False,Rain,True,11.2,False,False,1.0,Severe,8.5,73.8,613.1,0.224,0.518,0.871,Heavy rain reducing visibility and grip - reduced speed and longer buffer advised
EVT433045,2026-06-12 14:06:20,Local Market Day,J031,Cubbon Road,5393,Weekday,False,Clear,False,0.0,False,False,0.156,Low,31.7,10.3,235.7,0.185,0.428,0.966,Normal free-flow traffic - standard signal timing maintained
EVT433046,2025-01-14 16:01:28,Religious Festival,J030,MG Road,60619,Weekday,True,Clear,False,0.0,False,True,1.0,Severe,7.9,97.3,753.9,0.267,0.617,0.813,Road closure for event/procession - full detour recommended for through-traffic
EVT433047,2025-05-12 06:09:29,Sports Fixture,J009,Majestic,28927,Weekday,False,Rain,True,9.1,False,False,0.466,Moderate,21.3,34.7,99.2,0.079,0.183,0.913,Light rain detected - minor speed reduction advised
EVT433048,2025-10-25 04:26:19,Political Rally,J012,Koramangala Sony World,6558,Weekend,False,Clear,False,0.0,False,False,0.298,Low,33.4,19.4,152.7,0.119,0.275,0.944,Moderate traffic flow - standard adaptive signal timing in effect
EVT433049,2026-01-12 12:42:08,Concert,J011,Indiranagar 100ft Road,14500,Weekday,False,Clear,False,0.0,False,False,0.292,Low,27.5,20.4,140.2,0.121,0.281,0.952,Moderate traffic flow - standard adaptive signal timing in effect
EVT433050,2025-10-27 08:11:14,Concert,J011,Indiranagar 100ft Road,6474,Weekday,False,Clear,False,0.0,False,False,0.912,Severe,12.9,64.5,341.7,0.174,0.402,0.928,Heavy congestion detected - signal timing extended and reroute suggested
EVT433051,2026-05-07 16:48:40,Concert,J040,City Market,11148,Weekday,False,Clear,False,0.0,False,False,0.741,High,9.8,49.2,538.3,0.179,0.413,0.958,Moderate traffic flow - standard adaptive signal timing in effect
EVT433052,2025-02-28 23:14:57,Trade Fair,J040,City Market,7862,Weekday,False,Clear,False,0.0,False,False,0.177,Low,30.3,6.0,71.6,0.059,0.137,0.963,Normal free-flow traffic - standard signal timing maintained
EVT433053,2025-04-23 12:22:04,Sports Fixture,J030,MG Road,36173,Weekday,False,Light Rain,True,2.3,False,False,0.449,Moderate,29.0,24.5,148.7,0.097,0.224,0.891,Light rain detected - minor speed reduction advised
EVT433054,2025-01-06 13:11:44,Concert,J023,Basavanagudi,12661,Weekday,False,Clear,False,0.0,False,False,0.166,Low,43.8,13.6,137.7,0.14,0.323,0.969,Normal free-flow traffic - standard signal timing maintained
EVT433055,2025-12-24 12:01:07,Sports Fixture,J040,City Market,30626,Weekday,False,Clear,False,0.0,False,False,0.354,Moderate,27.9,26.7,139.5,0.119,0.275,0.978,Moderate traffic flow - standard adaptive signal timing in effect
EVT433056,2026-04-29 11:43:33,Concert,J009,Majestic,13806,Weekday,False,Rain,True,16.8,False,False,0.477,Moderate,23.2,35.2,83.7,0.043,0.1,0.93,Light rain detected - minor speed reduction advised
EVT433057,2025-04-30 08:53:02,Sports Fixture,J011,Indiranagar 100ft Road,19029,Weekday,False,Clear,False,0.0,True,False,1.0,Severe,10.2,75.3,608.2,0.243,0.561,0.75,Accident detected nearby - reroute and reduced speed advised
EVT433058,2025-11-02 16:27:33,Religious Festival,J040,City Market,46129,Weekend,True,Clear,False,0.0,False,True,1.0,Severe,6.8,97.0,826.9,0.241,0.556,0.838,Road closure for event/procession - full detour recommended for through-traffic
EVT433059,2026-01-21 17:04:31,Local Market Day,J020,Malleshwaram Circle,4689,Weekday,False,Clear,False,0.0,False,False,0.759,Severe,20.5,54.0,263.0,0.177,0.41,0.985,Heavy congestion detected - signal timing extended and reroute suggested
EVT433060,2026-03-07 06:54:15,Trade Fair,J012,Koramangala Sony World,7349,Weekend,False,Clear,False,0.0,False,False,0.399,Moderate,26.0,19.5,236.3,0.196,0.454,0.99,Moderate traffic flow - standard adaptive signal timing in effect
EVT433061,2025-11-28 19:54:36,Concert,J031,Cubbon Road,19647,Weekday,False,Clear,False,0.0,False,False,0.839,Severe,15.7,61.2,393.7,0.207,0.478,0.952,Heavy congestion detected - signal timing extended and reroute suggested
EVT433062,2026-02-18 15:42:20,Concert,J023,Basavanagudi,8023,Weekday,False,Fog,False,0.0,False,False,0.367,Moderate,26.1,29.9,183.1,0.135,0.311,0.962,Moderate traffic flow - standard adaptive signal timing in effect
EVT433063,2026-01-05 09:03:14,Local Market Day,J030,MG Road,7467,Weekday,False,Fog,False,0.0,True,False,1.0,Severe,8.5,71.2,435.2,0.151,0.349,0.773,Accident detected nearby - reroute and reduced speed advised
EVT433064,2025-04-30 19:27:31,Sports Fixture,J040,City Market,30211,Weekday,False,Clear,False,0.0,False,False,1.0,Severe,7.4,69.7,664.3,0.195,0.45,0.918,Heavy congestion detected - signal timing extended and reroute suggested
EVT433065,2026-01-18 08:00:17,Local Market Day,J020,Malleshwaram Circle,4125,Weekend,False,Clear,False,0.0,False,False,0.717,High,16.1,45.2,252.0,0.125,0.289,0.969,Moderate traffic flow - standard adaptive signal timing in effect
EVT433066,2026-02-08 18:32:08,Local Market Day,J031,Cubbon Road,3728,Weekend,False,Clear,False,0.0,False,False,0.87,Severe,12.9,60.9,394.3,0.174,0.402,0.951,Heavy congestion detected - signal timing extended and reroute suggested
EVT433067,2025-08-09 18:02:11,Political Rally,J031,Cubbon Road,18664,Weekend,False,Rain,True,11.9,False,False,1.0,Severe,7.8,76.5,776.1,0.248,0.573,0.866,Heavy rain reducing visibility and grip - reduced speed and longer buffer advised
EVT433068,2026-05-06 14:28:11,Political Rally,J040,City Market,23722,Weekday,False,Clear,False,0.0,False,False,0.305,Low,31.4,21.4,170.9,0.12,0.278,0.959,Moderate traffic flow - standard adaptive signal timing in effect
EVT433069,2025-12-18 20:21:01,Local Market Day,J009,Majestic,4282,Weekday,False,Clear,False,0.0,False,False,0.637,High,18.4,40.1,122.9,0.078,0.181,0.957,Moderate traffic flow - standard adaptive signal timing in effect
EVT433070,2025-01-15 09:54:08,Religious Festival,J020,Malleshwaram Circle,54178,Weekday,True,Clear,False,0.0,False,True,1.0,Severe,7.2,103.7,421.7,0.132,0.304,0.844,Road closure for event/procession - full detour recommended for through-traffic
EVT433071,2025-07-16 21:00:50,Political Rally,J020,Malleshwaram Circle,16008,Weekday,False,Heavy Rain,True,25.5,False,False,0.718,High,19.5,48.1,165.3,0.112,0.258,0.91,Heavy rain reducing visibility and grip - reduced speed and longer buffer advised
EVT433072,2025-06-25 07:12:21,Concert,J040,City Market,12163,Weekday,False,Clear,False,0.0,False,False,0.521,Moderate,21.7,34.5,243.7,0.182,0.42,0.957,Moderate traffic flow - standard adaptive signal timing in effect
EVT433073,2025-01-21 17:54:14,Sports Fixture,J040,City Market,20251,Weekday,False,Clear,False,0.0,False,False,1.0,Severe,8.9,74.4,606.5,0.227,0.524,0.923,Heavy congestion detected - signal timing extended and reroute suggested
EVT433074,2026-04-07 11:25:19,Trade Fair,J020,Malleshwaram Circle,9717,Weekday,False,Clear,False,0.0,False,False,0.314,Low,25.8,24.5,196.3,0.135,0.313,0.972,Moderate traffic flow - standard adaptive signal timing in effect
EVT433075,2025-08-06 19:35:38,Trade Fair,J030,MG Road,7334,Weekday,False,Clear,False,0.0,False,False,0.912,Severe,9.9,65.3,367.0,0.154,0.356,0.932,Heavy congestion detected - signal timing extended and reroute suggested
EVT433076,2025-08-07 21:05:40,Local Market Day,J023,Basavanagudi,4664,Weekday,False,Clear,False,0.0,False,False,0.381,Moderate,25.6,24.8,156.7,0.119,0.274,0.945,Moderate traffic flow - standard adaptive signal timing in effect
EVT433077,2025-02-02 23:12:47,Sports Fixture,J030,MG Road,18820,Weekend,False,Clear,False,0.0,False,False,0.301,Low,30.6,25.7,176.4,0.117,0.271,0.976,Moderate traffic flow - standard adaptive signal timing in effect
EVT433078,2025-07-31 10:52:43,Concert,J009,Majestic,11151,Weekday,False,Heavy Rain,True,60.4,False,False,0.846,Severe,16.0,61.6,311.0,0.18,0.416,0.902,Heavy rain reducing visibility and grip - reduced speed and longer buffer advised
EVT433079,2026-06-17 11:54:14,Concert,J030,MG Road,13260,Weekday,False,Heavy Rain,True,30.6,False,False,0.6,High,23.5,42.0,257.3,0.203,0.468,0.91,Heavy rain reducing visibility and grip - reduced speed and longer buffer advised
EVT433080,2025-06-18 20:23:42,Concert,J012,Koramangala Sony World,12601,Weekday,False,Clear,False,0.0,False,False,0.585,High,22.3,45.2,210.4,0.153,0.354,0.977,Moderate traffic flow - standard adaptive signal timing in effect
EVT433081,2026-02-14 14:09:30,Local Market Day,J030,MG Road,2873,Weekend,False,Clear,False,0.0,False,False,0.305,Low,28.4,21.8,113.5,0.076,0.175,0.957,Moderate traffic flow - standard adaptive signal timing in effect
EVT433082,2025-06-23 14:06:56,Political Rally,J020,Malleshwaram Circle,22204,Weekday,False,Heavy Rain,True,37.4,False,False,0.654,High,16.6,46.7,309.8,0.177,0.409,0.915,Heavy rain reducing visibility and grip - reduced speed and longer buffer advised
EVT433083,2025-11-26 14:01:46,Local Market Day,J020,Malleshwaram Circle,8773,Weekday,False,Clear,False,0.0,False,False,0.291,Low,32.2,31.2,104.4,0.071,0.163,0.957,Moderate traffic flow - standard adaptive signal timing in effect
EVT433084,2025-12-11 19:05:32,Political Rally,J040,City Market,19624,Weekday,False,Clear,False,0.0,False,False,1.0,Severe,7.2,76.7,979.1,0.286,0.661,0.921,Heavy congestion detected - signal timing extended and reroute suggested
EVT433085,2026-06-19 15:16:08,Local Market Day,J031,Cubbon Road,3751,Weekday,False,Clear,False,0.0,False,False,0.315,Low,25.5,28.2,272.0,0.183,0.423,0.977,Moderate traffic flow - standard adaptive signal timing in effect
EVT433086,2025-11-22 21:15:47,Sports Fixture,J040,City Market,15083,Weekend,False,Light Rain,True,7.3,False,False,0.615,High,17.2,44.2,212.2,0.118,0.272,0.928,Heavy rain reducing visibility and grip - reduced speed and longer buffer advised
EVT433087,2025-04-26 16:52:34,Concert,J040,City Market,14748,Weekend,False,Clear,False,0.0,False,False,0.651,High,19.9,52.7,297.2,0.167,0.385,0.955,Moderate traffic flow - standard adaptive signal timing in effect
EVT433088,2025-05-10 17:35:29,Local Market Day,J031,Cubbon Road,2932,Weekend,False,Clear,False,0.0,False,False,0.768,Severe,14.7,49.4,391.1,0.203,0.469,0.964,Heavy congestion detected - signal timing extended and reroute suggested
EVT433089,2025-12-05 07:12:38,Concert,J012,Koramangala Sony World,12730,Weekday,False,Clear,False,0.0,False,False,0.621,High,18.9,38.6,185.7,0.126,0.291,0.946,Moderate traffic flow - standard adaptive signal timing in effect
EVT433090,2025-10-28 18:33:14,Trade Fair,J020,Malleshwaram Circle,10440,Weekday,False,Clear,False,0.0,False,False,1.0,Severe,8.7,74.6,285.6,0.125,0.288,0.908,Heavy congestion detected - signal timing extended and reroute suggested
EVT433091,2025-10-15 09:23:51,Local Market Day,J012,Koramangala Sony World,6518,Weekday,False,Clear,False,0.0,False,False,0.908,Severe,15.7,63.3,374.5,0.206,0.475,0.923,Heavy congestion detected - signal timing extended and reroute suggested
EVT433092,2026-02-09 19:50:20,Local Market Day,J031,Cubbon Road,5912,Weekday,False,Clear,False,0.0,False,False,0.767,Severe,16.5,56.0,231.4,0.118,0.273,0.953,Heavy congestion detected - signal timing extended and reroute suggested
EVT433093,2025-02-15 14:27:28,Sports Fixture,J040,City Market,21258,Weekend,False,Clear,False,0.0,False,False,0.466,Moderate,20.0,31.8,288.2,0.161,0.372,0.964,Moderate traffic flow - standard adaptive signal timing in effect
EVT433094,2026-06-03 16:34:39,Political Rally,J011,Indiranagar 100ft Road,12675,Weekday,False,Clear,False,0.0,False,False,0.658,High,18.9,49.5,265.4,0.17,0.392,0.971,Moderate traffic flow - standard adaptive signal timing in effect
EVT433095,2026-03-04 08:02:03,Religious Festival,J009,Majestic,54098,Weekday,True,Clear,False,0.0,False,True,1.0,Severe,8.8,90.3,600.6,0.222,0.513,0.811,Road closure for event/procession - full detour recommended for through-traffic
EVT433096,2025-04-21 19:28:49,Local Market Day,J030,MG Road,6283,Weekday,False,Clear,False,0.0,False,False,0.934,Severe,9.8,66.6,604.5,0.232,0.535,0.907,Heavy congestion detected - signal timing extended and reroute suggested
EVT433097,2025-12-19 08:13:40,Concert,J031,Cubbon Road,7054,Weekday,False,Clear,False,0.0,False,False,0.834,Severe,13.5,55.3,539.9,0.267,0.617,0.959,Heavy congestion detected - signal timing extended and reroute suggested
EVT433098,2026-03-15 15:00:50,Trade Fair,J023,Basavanagudi,6680,Weekend,False,Fog,False,0.0,False,False,0.321,Low,31.7,19.8,149.2,0.111,0.257,0.945,Moderate traffic flow - standard adaptive signal timing in effect
EVT433099,2026-01-11 07:51:21,Local Market Day,J012,Koramangala Sony World,6679,Weekend,False,Clear,False,0.0,False,False,0.627,High,14.0,46.3,433.2,0.199,0.46,0.945,Moderate traffic flow - standard adaptive signal timing in effect
EVT433100,2026-01-01 08:28:54,Cultural Procession,J011,Indiranagar 100ft Road,15610,Weekday,True,Light Rain,True,4.9,False,True,1.0,Severe,9.5,93.7,990.4,0.335,0.775,0.773,Road closure for event/procession - full detour recommended for through-traffic
EVT433101,2025-07-27 21:00:47,Sports Fixture,J012,Koramangala Sony World,14603,Weekend,False,Fog,False,0.0,False,False,0.47,Moderate,22.2,34.0,300.6,0.203,0.469,0.952,Moderate traffic flow - standard adaptive signal timing in effect
EVT433102,2025-01-19 09:20:53,Concert,J012,Koramangala Sony World,5091,Weekend,False,Clear,False,0.0,False,False,0.838,Severe,14.4,62.7,214.0,0.13,0.3,0.956,Heavy congestion detected - signal timing extended and reroute suggested
EVT433103,2025-07-07 12:44:05,Sports Fixture,J009,Majestic,21971,Weekday,False,Clear,False,0.0,False,False,0.343,Low,26.7,18.2,171.2,0.14,0.322,0.965,Moderate traffic flow - standard adaptive signal timing in effect
EVT433104,2025-02-16 14:39:04,Local Market Day,J012,Koramangala Sony World,2541,Weekend,False,Clear,False,0.0,False,False,0.311,Low,26.0,19.9,207.5,0.173,0.399,0.931,Moderate traffic flow - standard adaptive signal timing in effect
EVT433105,2025-06-03 18:14:24,Concert,J012,Koramangala Sony World,10430,Weekday,False,Clear,False,0.0,False,False,0.969,Severe,10.1,75.4,223.5,0.111,0.256,0.918,Heavy congestion detected - signal timing extended and reroute suggested
EVT433106,2026-04-01 17:02:17,Sports Fixture,J009,Majestic,31414,Weekday,False,Clear,False,0.0,False,False,0.981,Severe,7.8,70.2,635.0,0.195,0.452,0.901,Heavy congestion detected - signal timing extended and reroute suggested
EVT433107,2025-08-11 23:50:13,Trade Fair,J023,Basavanagudi,9014,Weekday,False,Fog,False,0.0,False,False,0.17,Low,34.3,10.0,126.9,0.106,0.244,0.962,Normal free-flow traffic - standard signal timing maintained
EVT433108,2025-10-12 14:34:59,Trade Fair,J012,Koramangala Sony World,9848,Weekend,False,Clear,False,0.0,False,False,0.324,Low,30.4,25.6,149.0,0.128,0.295,0.951,Moderate traffic flow - standard adaptive signal timing in effect
EVT433109,2025-03-11 12:52:11,Local Market Day,J040,City Market,3810,Weekday,False,Clear,False,0.0,False,False,0.233,Low,34.3,13.1,85.5,0.067,0.156,0.972,Normal free-flow traffic - standard signal timing maintained
EVT433110,2025-09-12 13:37:03,Sports Fixture,J012,Koramangala Sony World,30165,Weekday,False,Light Rain,True,4.5,False,False,0.525,Moderate,21.0,38.2,172.6,0.115,0.266,0.917,Light rain detected - minor speed reduction advised
EVT433111,2025-09-10 09:56:30,Concert,J031,Cubbon Road,6933,Weekday,False,Clear,False,0.0,False,False,0.797,Severe,14.1,57.7,530.7,0.231,0.534,0.95,Heavy congestion detected - signal timing extended and reroute suggested
EVT433112,2026-02-06 15:59:50,Trade Fair,J023,Basavanagudi,14248,Weekday,False,Clear,False,0.0,False,False,0.475,Moderate,28.0,35.6,187.7,0.153,0.354,0.969,Moderate traffic flow - standard adaptive signal timing in effect
EVT433113,2026-06-28 14:16:27,Local Market Day,J009,Majestic,3203,Weekend,False,Fog,False,0.0,False,False,0.262,Low,34.5,16.6,196.5,0.184,0.425,0.952,Moderate traffic flow - standard adaptive signal timing in effect
EVT433114,2025-05-14 20:57:16,Local Market Day,J040,City Market,2870,Weekday,False,Clear,False,0.0,True,False,0.808,Severe,17.2,53.5,319.4,0.197,0.454,0.798,Accident detected nearby - reroute and reduced speed advised
EVT433115,2025-04-27 15:28:00,Trade Fair,J012,Koramangala Sony World,6750,Weekend,False,Fog,False,0.0,False,False,0.436,Moderate,27.4,26.5,187.5,0.158,0.365,0.954,Moderate traffic flow - standard adaptive signal timing in effect
EVT433116,2025-06-07 20:33:59,Sports Fixture,J030,MG Road,22616,Weekend,False,Rain,True,16.4,False,False,0.806,Severe,14.8,59.9,277.0,0.151,0.349,0.895,Heavy rain reducing visibility and grip - reduced speed and longer buffer advised
EVT433117,2025-01-27 23:52:36,Cultural Procession,J012,Koramangala Sony World,14063,Weekday,True,Clear,False,0.0,False,True,0.552,Moderate,23.8,52.6,101.9,0.064,0.149,0.882,Road closure for event/procession - full detour recommended for through-traffic
EVT433118,2025-06-07 16:20:33,Trade Fair,J030,MG Road,13280,Weekend,False,Rain,True,17.5,False,False,0.659,High,17.1,46.8,102.7,0.078,0.181,0.897,Heavy rain reducing visibility and grip - reduced speed and longer buffer advised
EVT433119,2025-06-08 10:36:44,Political Rally,J030,MG Road,14301,Weekend,False,Clear,False,0.0,False,False,0.587,High,22.3,41.1,210.4,0.125,0.289,0.963,Moderate traffic flow - standard adaptive signal timing in effect
EVT433120,2025-09-22 10:48:42,Political Rally,J009,Majestic,24480,Weekday,False,Clear,False,0.0,False,False,0.609,High,23.4,42.8,255.2,0.196,0.454,0.95,Moderate traffic flow - standard adaptive signal timing in effect
EVT433121,2025-05-09 11:09:02,Concert,J020,Malleshwaram Circle,17992,Weekday,False,Clear,False,0.0,False,False,0.474,Moderate,20.1,35.1,301.3,0.177,0.41,0.941,Moderate traffic flow - standard adaptive signal timing in effect
EVT433122,2025-08-16 12:24:36,Cultural Procession,J012,Koramangala Sony World,17475,Weekend,True,Clear,False,0.0,False,True,0.727,High,17.5,75.8,321.1,0.175,0.404,0.919,Road closure for event/procession - full detour recommended for through-traffic
EVT433123,2025-06-18 19:34:23,Local Market Day,J012,Koramangala Sony World,4173,Weekday,False,Clear,False,0.0,False,False,0.915,Severe,12.4,68.1,395.9,0.176,0.408,0.943,Heavy congestion detected - signal timing extended and reroute suggested
EVT433124,2025-09-16 09:55:42,Concert,J030,MG Road,24828,Weekday,False,Heavy Rain,True,35.4,False,False,1.0,Severe,8.7,72.9,563.1,0.184,0.424,0.858,Heavy rain reducing visibility and grip - reduced speed and longer buffer advised
EVT433125,2025-06-02 18:46:25,Trade Fair,J030,MG Road,25335,Weekday,False,Clear,False,0.0,False,False,1.0,Severe,7.5,73.3,737.1,0.203,0.468,0.898,Heavy congestion detected - signal timing extended and reroute suggested
EVT433126,2026-02-10 21:53:02,Political Rally,J011,Indiranagar 100ft Road,15611,Weekday,False,Clear,False,0.0,False,False,0.376,Moderate,29.8,26.1,138.3,0.117,0.271,0.981,Moderate traffic flow - standard adaptive signal timing in effect
EVT433127,2025-10-30 16:26:47,Trade Fair,J031,Cubbon Road,8570,Weekday,False,Fog,False,0.0,False,False,0.559,High,22.3,40.3,304.6,0.2,0.463,0.952,Moderate traffic flow - standard adaptive signal timing in effect
EVT433128,2025-07-07 19:21:33,Trade Fair,J011,Indiranagar 100ft Road,8334,Weekday,False,Heavy Rain,True,33.9,True,False,1.0,Severe,9.2,71.3,313.9,0.11,0.254,0.707,Accident detected nearby - reroute and reduced speed advised
EVT433129,2026-05-04 18:50:23,Sports Fixture,J030,MG Road,25239,Weekday,False,Clear,False,0.0,False,False,1.0,Severe,8.4,67.1,722.0,0.228,0.527,0.9,Heavy congestion detected - signal timing extended and reroute suggested
EVT433130,2025-05-09 18:49:01,Trade Fair,J009,Majestic,12619,Weekday,False,Clear,False,0.0,False,False,0.926,Severe,11.1,68.6,415.7,0.189,0.437,0.935,Heavy congestion detected - signal timing extended and reroute suggested
EVT433131,2025-11-29 23:04:16,Political Rally,J009,Majestic,13130,Weekend,False,Clear,False,0.0,False,False,0.378,Moderate,30.6,28.4,187.8,0.137,0.316,0.99,Moderate traffic flow - standard adaptive signal timing in effect
EVT433132,2025-05-05 12:33:51,Concert,J040,City Market,13409,Weekday,False,Fog,False,0.0,False,False,0.244,Low,36.6,18.5,184.3,0.178,0.412,0.973,Normal free-flow traffic - standard signal timing maintained
EVT433133,2025-02-02 08:12:21,Trade Fair,J020,Malleshwaram Circle,4332,Weekend,False,Clear,False,0.0,False,False,0.83,Severe,13.5,62.6,565.9,0.274,0.632,0.936,Heavy congestion detected - signal timing extended and reroute suggested
EVT433134,2025-10-31 11:40:29,Trade Fair,J012,Koramangala Sony World,9480,Weekday,False,Clear,False,0.0,False,False,0.323,Low,28.7,24.3,119.0,0.081,0.187,0.981,Moderate traffic flow - standard adaptive signal timing in effect
EVT433135,2025-12-31 08:30:11,Local Market Day,J020,Malleshwaram Circle,3855,Weekday,False,Clear,False,0.0,False,False,1.0,Severe,9.1,73.8,372.4,0.144,0.333,0.931,Heavy congestion detected - signal timing extended and reroute suggested
EVT433136,2025-07-06 21:25:44,Sports Fixture,J030,MG Road,26715,Weekend,False,Light Rain,True,6.8,False,False,0.615,High,21.7,48.3,190.9,0.13,0.3,0.897,Heavy rain reducing visibility and grip - reduced speed and longer buffer advised
EVT433137,2025-04-19 18:53:36,Concert,J023,Basavanagudi,13430,Weekend,False,Clear,False,0.0,False,False,0.889,Severe,15.4,64.8,284.0,0.166,0.383,0.929,Heavy congestion detected - signal timing extended and reroute suggested
EVT433138,2025-08-27 18:18:28,Religious Festival,J011,Indiranagar 100ft Road,31118,Weekday,True,Clear,False,0.0,False,False,1.0,Severe,8.4,69.1,762.8,0.279,0.646,0.864,Festival crowd surge detected - alternate route and extended cycle recommended
EVT433139,2025-03-11 17:18:07,Concert,J023,Basavanagudi,19467,Weekday,False,Clear,False,0.0,False,False,0.927,Severe,10.5,67.0,159.9,0.078,0.18,0.912,Heavy congestion detected - signal timing extended and reroute suggested
EVT433140,2025-05-21 07:08:57,Local Market Day,J040,City Market,10355,Weekday,False,Clear,False,0.0,False,False,0.568,High,28.6,37.8,195.6,0.161,0.372,0.979,Moderate traffic flow - standard adaptive signal timing in effect
EVT433141,2026-01-12 10:13:04,Concert,J011,Indiranagar 100ft Road,11496,Weekday,False,Clear,False,0.0,False,False,0.754,Severe,14.7,55.0,139.3,0.091,0.21,0.948,Heavy congestion detected - signal timing extended and reroute suggested
EVT433142,2025-01-20 08:38:58,Sports Fixture,J012,Koramangala Sony World,32115,Weekday,False,Clear,False,0.0,False,False,1.0,Severe,8.1,75.0,716.8,0.249,0.576,0.942,Heavy congestion detected - signal timing extended and reroute suggested
EVT433143,2025-05-03 13:19:41,Local Market Day,J023,Basavanagudi,9154,Weekend,False,Clear,False,0.0,False,False,0.35,Low,27.2,18.1,120.7,0.093,0.214,0.97,Moderate traffic flow - standard adaptive signal timing in effect
EVT433144,2025-08-03 06:04:11,Political Rally,J040,City Market,17703,Weekend,False,Clear,False,0.0,False,False,0.441,Moderate,25.0,26.8,150.3,0.122,0.281,0.949,Moderate traffic flow - standard adaptive signal timing in effect
EVT433145,2026-03-28 16:18:07,Local Market Day,J011,Indiranagar 100ft Road,4369,Weekend,False,Clear,False,0.0,False,False,0.466,Moderate,23.1,35.6,204.9,0.115,0.266,0.97,Moderate traffic flow - standard adaptive signal timing in effect
EVT433146,2025-04-25 08:35:50,Sports Fixture,J012,Koramangala Sony World,17191,Weekday,False,Clear,False,0.0,False,False,1.0,Severe,9.2,71.6,499.5,0.213,0.491,0.929,Heavy congestion detected - signal timing extended and reroute suggested
EVT433147,2026-03-26 18:41:02,Fireworks Display,J030,MG Road,40089,Weekday,True,Clear,False,0.0,False,False,1.0,Severe,9.0,69.7,618.2,0.233,0.538,0.869,Festival crowd surge detected - alternate route and extended cycle recommended
EVT433148,2026-06-09 16:52:11,Local Market Day,J012,Koramangala Sony World,4504,Weekday,False,Clear,False,0.0,False,False,0.714,High,15.3,51.5,327.4,0.177,0.408,0.909,Moderate traffic flow - standard adaptive signal timing in effect
EVT433149,2025-07-05 21:28:12,Sports Fixture,J040,City Market,14178,Weekend,False,Clear,False,0.0,False,False,0.35,Moderate,32.4,27.1,131.7,0.108,0.25,0.945,Moderate traffic flow - standard adaptive signal timing in effect
EVT433150,2025-03-11 05:11:48,Trade Fair,J009,Majestic,13542,Weekday,False,Clear,False,0.0,False,False,0.196,Low,28.4,11.0,177.0,0.122,0.282,0.984,Normal free-flow traffic - standard signal timing maintained
EVT433151,2026-01-04 14:05:10,Trade Fair,J031,Cubbon Road,13242,Weekend,False,Clear,False,0.0,False,False,0.289,Low,22.4,18.9,186.3,0.094,0.218,0.974,Moderate traffic flow - standard adaptive signal timing in effect
EVT433152,2026-04-20 05:47:05,Concert,J031,Cubbon Road,10618,Weekday,False,Clear,False,0.0,False,False,0.212,Low,31.8,11.9,218.6,0.152,0.352,0.978,Normal free-flow traffic - standard signal timing maintained
EVT433153,2026-03-21 19:18:59,Local Market Day,J009,Majestic,3274,Weekend,False,Clear,False,0.0,False,False,0.804,Severe,16.8,52.2,322.3,0.193,0.446,0.941,Heavy congestion detected - signal timing extended and reroute suggested
EVT433154,2025-04-07 17:11:48,Religious Festival,J040,City Market,36231,Weekday,True,Clear,False,0.0,False,True,1.0,Severe,7.2,101.6,795.7,0.244,0.563,0.814,Road closure for event/procession - full detour recommended for through-traffic
EVT433155,2025-06-30 07:21:22,Sports Fixture,J011,Indiranagar 100ft Road,14311,Weekday,False,Rain,True,17.6,False,False,0.795,Severe,15.4,59.8,531.1,0.286,0.661,0.871,Heavy rain reducing visibility and grip - reduced speed and longer buffer advised
EVT433156,2025-04-04 06:12:35,Local Market Day,J023,Basavanagudi,3034,Weekday,False,Clear,False,0.0,False,False,0.248,Low,30.6,15.8,150.1,0.126,0.292,0.94,Normal free-flow traffic - standard signal timing maintained
EVT433157,2025-06-27 09:35:32,Trade Fair,J009,Majestic,11183,Weekday,False,Clear,False,0.0,False,False,0.942,Severe,11.6,71.0,445.7,0.194,0.448,0.931,Heavy congestion detected - signal timing extended and reroute suggested
EVT433158,2026-04-09 18:35:17,Local Market Day,J009,Majestic,2583,Weekday,False,Clear,False,0.0,False,False,0.99,Severe,10.0,68.4,371.8,0.148,0.341,0.882,Heavy congestion detected - signal timing extended and reroute suggested
EVT433159,2025-12-27 07:44:43,Local Market Day,J040,City Market,4246,Weekend,False,Clear,False,0.0,False,False,0.675,High,23.6,45.5,246.9,0.174,0.402,0.959,Moderate traffic flow - standard adaptive signal timing in effect
EVT433160,2026-03-10 15:42:05,Trade Fair,J009,Majestic,8048,Weekday,False,Clear,False,0.0,False,False,0.404,Moderate,27.2,26.9,85.4,0.076,0.175,0.981,Moderate traffic flow - standard adaptive signal timing in effect
EVT433161,2025-06-07 19:34:30,Sports Fixture,J012,Koramangala Sony World,15548,Weekend,False,Clear,False,0.0,False,False,0.799,Severe,15.3,59.6,347.8,0.169,0.391,0.943,Heavy congestion detected - signal timing extended and reroute suggested
EVT433162,2025-11-23 22:44:50,Local Market Day,J012,Koramangala Sony World,4593,Weekend,False,Fog,False,0.0,False,False,0.257,Low,26.4,15.8,110.3,0.071,0.165,0.966,Moderate traffic flow - standard adaptive signal timing in effect
EVT433163,2026-03-23 02:44:56,Trade Fair,J020,Malleshwaram Circle,10283,Weekday,False,Clear,False,0.0,False,False,0.24,Low,36.5,22.0,134.3,0.134,0.309,0.961,Normal free-flow traffic - standard signal timing maintained
EVT433164,2026-03-16 13:29:31,Local Market Day,J040,City Market,5344,Weekday,False,Clear,False,0.0,False,False,0.148,Low,35.5,4.3,158.3,0.146,0.337,0.955,Normal free-flow traffic - standard signal timing maintained
EVT433165,2025-03-30 08:51:05,Religious Festival,J031,Cubbon Road,49002,Weekend,True,Clear,False,0.0,False,False,1.0,Severe,6.5,72.0,612.0,0.189,0.437,0.851,Festival crowd surge detected - alternate route and extended cycle recommended
EVT433166,2025-09-06 06:01:53,Religious Festival,J009,Majestic,40954,Weekend,True,Fog,False,0.0,False,True,0.869,High,15.7,89.7,304.9,0.176,0.406,0.86,Road closure for event/procession - full detour recommended for through-traffic
EVT433167,2026-06-02 18:20:09,Local Market Day,J009,Majestic,5635,Weekday,False,Clear,False,0.0,False,False,0.981,Severe,9.6,63.9,316.6,0.135,0.312,0.93,Heavy congestion detected - signal timing extended and reroute suggested
EVT433168,2025-07-20 14:22:00,Local Market Day,J011,Indiranagar 100ft Road,5831,Weekend,False,Clear,False,0.0,False,False,0.216,Low,32.7,11.6,108.2,0.092,0.213,0.985,Normal free-flow traffic - standard signal timing maintained
EVT433169,2026-03-12 11:47:17,Trade Fair,J040,City Market,8261,Weekday,False,Clear,False,0.0,False,False,0.314,Low,26.9,21.4,149.7,0.115,0.266,0.974,Moderate traffic flow - standard adaptive signal timing in effect
EVT433170,2025-04-05 10:06:45,Trade Fair,J011,Indiranagar 100ft Road,10764,Weekend,False,Clear,False,0.0,False,False,0.713,High,19.6,48.5,293.6,0.185,0.428,0.975,Moderate traffic flow - standard adaptive signal timing in effect
EVT433171,2026-02-05 22:31:22,Concert,J023,Basavanagudi,20730,Weekday,False,Light Rain,True,4.9,False,False,0.426,Moderate,29.9,33.9,257.1,0.217,0.501,0.91,Light rain detected - minor speed reduction advised
EVT433172,2026-05-01 10:28:48,Religious Festival,J030,MG Road,31295,Weekday,True,Fog,False,0.0,False,True,1.0,Severe,7.9,98.8,676.2,0.209,0.484,0.823,Road closure for event/procession - full detour recommended for through-traffic
EVT433173,2025-12-09 07:00:19,Trade Fair,J031,Cubbon Road,14298,Weekday,False,Clear,False,0.0,False,False,0.517,Moderate,22.1,45.4,196.0,0.113,0.26,0.969,Moderate traffic flow - standard adaptive signal timing in effect
EVT433174,2025-11-21 16:17:14,Local Market Day,J040,City Market,3604,Weekday,False,Clear,False,0.0,False,False,0.513,Moderate,23.0,43.4,345.8,0.221,0.512,0.937,Moderate traffic flow - standard adaptive signal timing in effect
EVT433175,2026-01-18 20:03:33,Concert,J009,Majestic,10245,Weekend,False,Clear,False,0.0,False,False,0.673,High,19.8,47.0,240.8,0.16,0.371,0.956,Moderate traffic flow - standard adaptive signal timing in effect
EVT433176,2025-10-20 10:25:18,Religious Festival,J009,Majestic,36433,Weekday,True,Rain,True,16.3,False,False,1.0,Severe,7.2,70.9,556.8,0.161,0.371,0.821,Festival crowd surge detected - alternate route and extended cycle recommended
EVT433177,2025-04-02 11:00:29,Local Market Day,J040,City Market,4377,Weekday,False,Clear,False,0.0,False,False,0.505,Moderate,24.6,34.7,187.8,0.144,0.332,0.957,Moderate traffic flow - standard adaptive signal timing in effect
EVT433178,2026-01-25 09:41:09,Sports Fixture,J030,MG Road,27547,Weekend,False,Clear,False,0.0,False,False,0.893,Severe,12.1,64.1,369.2,0.185,0.427,0.936,Heavy congestion detected - signal timing extended and reroute suggested
EVT433179,2025-11-26 19:48:01,Sports Fixture,J011,Indiranagar 100ft Road,19906,Weekday,False,Clear,False,0.0,False,False,0.901,Severe,13.1,62.8,513.5,0.272,0.628,0.913,Heavy congestion detected - signal timing extended and reroute suggested
EVT433180,2025-10-09 19:21:21,Local Market Day,J011,Indiranagar 100ft Road,4310,Weekday,False,Clear,False,0.0,False,False,0.921,Severe,12.2,68.9,492.8,0.233,0.538,0.936,Heavy congestion detected - signal timing extended and reroute suggested
EVT433181,2025-05-15 11:43:22,Local Market Day,J012,Koramangala Sony World,2438,Weekday,False,Clear,False,0.0,False,False,0.273,Low,33.8,17.4,162.8,0.147,0.34,0.972,Moderate traffic flow - standard adaptive signal timing in effect
EVT433182,2025-06-18 15:37:23,Trade Fair,J020,Malleshwaram Circle,13443,Weekday,False,Light Rain,True,3.8,False,False,0.489,Moderate,16.5,32.2,499.6,0.248,0.572,0.885,Light rain detected - minor speed reduction advised
EVT433183,2026-05-19 20:06:56,Trade Fair,J030,MG Road,13194,Weekday,False,Clear,False,0.0,False,False,0.784,Severe,16.0,60.5,206.9,0.121,0.28,0.943,Heavy congestion detected - signal timing extended and reroute suggested
EVT433184,2025-01-02 12:20:56,Local Market Day,J012,Koramangala Sony World,8492,Weekday,False,Clear,False,0.0,False,False,0.193,Low,21.1,14.7,376.8,0.205,0.473,0.99,Normal free-flow traffic - standard signal timing maintained
EVT433185,2025-04-12 12:55:51,Concert,J031,Cubbon Road,14670,Weekend,False,Clear,False,0.0,False,False,0.347,Low,30.8,19.5,143.5,0.136,0.314,0.957,Moderate traffic flow - standard adaptive signal timing in effect
EVT433186,2025-09-03 17:32:18,Local Market Day,J030,MG Road,3266,Weekday,False,Clear,False,0.0,False,False,0.865,Severe,14.7,61.7,274.3,0.152,0.351,0.948,Heavy congestion detected - signal timing extended and reroute suggested
EVT433187,2026-02-05 08:46:49,Local Market Day,J031,Cubbon Road,3384,Weekday,False,Clear,False,0.0,False,False,1.0,Severe,9.5,67.5,391.2,0.149,0.344,0.921,Heavy congestion detected - signal timing extended and reroute suggested
EVT433188,2025-09-11 16:24:02,Trade Fair,J011,Indiranagar 100ft Road,5781,Weekday,False,Clear,False,0.0,False,False,0.667,High,21.4,49.7,166.6,0.11,0.255,0.961,Moderate traffic flow - standard adaptive signal timing in effect
EVT433189,2025-05-17 15:53:55,Concert,J009,Majestic,13712,Weekend,False,Clear,False,0.0,False,False,0.475,Moderate,29.3,37.0,190.3,0.162,0.375,0.969,Moderate traffic flow - standard adaptive signal timing in effect
EVT433190,2025-05-12 10:05:31,Sports Fixture,J023,Basavanagudi,11511,Weekday,False,Clear,False,0.0,False,False,0.773,Severe,16.8,55.1,310.8,0.202,0.467,0.953,Heavy congestion detected - signal timing extended and reroute suggested
EVT433191,2026-05-23 19:29:46,Sports Fixture,J030,MG Road,22984,Weekend,False,Clear,False,0.0,False,False,0.866,Severe,12.8,62.8,373.1,0.184,0.426,0.935,Heavy congestion detected - signal timing extended and reroute suggested
EVT433192,2025-09-14 13:49:26,Sports Fixture,J020,Malleshwaram Circle,19232,Weekend,False,Rain,True,9.9,False,False,0.468,Moderate,23.9,35.9,240.2,0.186,0.43,0.906,Light rain detected - minor speed reduction advised
EVT433193,2025-06-01 17:51:49,Political Rally,J020,Malleshwaram Circle,18090,Weekend,False,Clear,False,0.0,False,False,0.888,Severe,13.3,60.6,412.2,0.196,0.453,0.944,Heavy congestion detected - signal timing extended and reroute suggested
EVT433194,2025-03-05 09:05:04,Political Rally,J011,Indiranagar 100ft Road,15877,Weekday,False,Clear,False,0.0,False,False,1.0,Severe,9.4,73.4,349.0,0.13,0.3,0.904,Heavy congestion detected - signal timing extended and reroute suggested
EVT433195,2025-06-25 09:13:51,Trade Fair,J012,Koramangala Sony World,13043,Weekday,False,Clear,False,0.0,False,False,0.992,Severe,9.4,69.4,237.4,0.106,0.244,0.913,Heavy congestion detected - signal timing extended and reroute suggested
EVT433196,2025-04-28 10:12:39,Sports Fixture,J023,Basavanagudi,13838,Weekday,False,Clear,False,0.0,False,False,0.777,Severe,14.8,54.7,475.7,0.243,0.561,0.986,Heavy congestion detected - signal timing extended and reroute suggested
EVT433197,2026-03-29 14:45:00,Trade Fair,J011,Indiranagar 100ft Road,7431,Weekend,False,Light Rain,True,1.1,False,False,0.313,Low,35.8,28.8,140.8,0.117,0.271,0.903,Light rain detected - minor speed reduction advised
EVT433198,2025-11-19 20:46:22,Concert,J040,City Market,8626,Weekday,False,Clear,False,0.0,False,False,0.523,Moderate,27.2,40.3,180.4,0.146,0.337,0.975,Moderate traffic flow - standard adaptive signal timing in effect
EVT433199,2025-11-10 10:44:19,Trade Fair,J012,Koramangala Sony World,6259,Weekday,False,Clear,False,0.0,False,False,0.498,Moderate,19.4,33.2,131.2,0.076,0.177,0.951,Moderate traffic flow - standard adaptive signal timing in effect
EVT433200,2025-02-10 18:49:08,Concert,J012,Koramangala Sony World,17006,Weekday,False,Clear,False,0.0,False,False,1.0,Severe,8.2,74.6,591.1,0.206,0.476,0.889,Heavy congestion detected - signal timing extended and reroute suggested
EVT433201,2025-01-01 09:12:15,Sports Fixture,J031,Cubbon Road,23813,Weekday,False,Clear,False,0.0,False,False,1.0,Severe,8.4,79.0,404.2,0.128,0.295,0.945,Heavy congestion detected - signal timing extended and reroute suggested
EVT433202,2026-01-15 14:46:57,Religious Festival,J011,Indiranagar 100ft Road,59786,Weekday,True,Clear,False,0.0,False,True,0.958,Severe,11.1,99.4,358.5,0.174,0.403,0.855,Road closure for event/procession - full detour recommended for through-traffic
EVT433203,2026-05-31 18:44:00,Trade Fair,J040,City Market,14094,Weekend,False,Clear,False,0.0,False,False,0.955,Severe,10.2,74.2,609.0,0.229,0.528,0.935,Heavy congestion detected - signal timing extended and reroute suggested
EVT433204,2026-06-16 07:52:36,Trade Fair,J040,City Market,6359,Weekday,False,Clear,False,0.0,False,False,0.817,Severe,16.7,57.7,199.7,0.115,0.267,0.928,Heavy congestion detected - signal timing extended and reroute suggested
EVT433205,2025-09-18 03:31:57,Local Market Day,J011,Indiranagar 100ft Road,2837,Weekday,False,Clear,False,0.0,False,False,0.187,Low,28.6,16.1,158.3,0.133,0.307,0.961,Normal free-flow traffic - standard signal timing maintained
EVT433206,2025-07-23 08:37:17,Local Market Day,J031,Cubbon Road,7699,Weekday,False,Heavy Rain,True,28.8,False,False,1.0,Severe,10.3,67.7,353.9,0.143,0.331,0.871,Heavy rain reducing visibility and grip - reduced speed and longer buffer advised
EVT433207,2026-04-03 12:38:35,Political Rally,J023,Basavanagudi,16552,Weekday,False,Light Rain,True,0.4,False,False,0.283,Low,25.3,12.4,57.8,0.042,0.096,0.943,Light rain detected - minor speed reduction advised
EVT433208,2025-07-02 16:22:25,Concert,J031,Cubbon Road,12242,Weekday,False,Clear,False,0.0,False,False,0.597,High,22.2,44.9,249.5,0.185,0.428,0.982,Moderate traffic flow - standard adaptive signal timing in effect
EVT433209,2025-03-20 15:48:30,Trade Fair,J031,Cubbon Road,12715,Weekday,False,Clear,False,0.0,False,False,0.372,Moderate,26.7,29.6,191.6,0.129,0.299,0.983,Moderate traffic flow - standard adaptive signal timing in effect
EVT433210,2025-06-27 17:46:26,Political Rally,J040,City Market,9710,Weekday,False,Clear,False,0.0,False,False,0.966,Severe,8.7,66.1,459.2,0.165,0.38,0.911,Heavy congestion detected - signal timing extended and reroute suggested
EVT433211,2026-01-14 09:31:06,Religious Festival,J012,Koramangala Sony World,33905,Weekday,True,Clear,False,0.0,False,False,1.0,Severe,7.7,67.8,653.7,0.214,0.494,0.849,Festival crowd surge detected - alternate route and extended cycle recommended
EVT433212,2025-11-17 21:28:19,Sports Fixture,J020,Malleshwaram Circle,50469,Weekday,False,Clear,False,0.0,False,False,0.647,High,16.7,50.9,254.6,0.141,0.325,0.974,Moderate traffic flow - standard adaptive signal timing in effect
EVT433213,2026-02-17 17:03:39,Trade Fair,J020,Malleshwaram Circle,7554,Weekday,False,Clear,False,0.0,False,False,0.809,Severe,14.0,59.2,393.2,0.184,0.426,0.944,Heavy congestion detected - signal timing extended and reroute suggested
EVT433214,2025-12-19 10:41:52,Local Market Day,J023,Basavanagudi,2766,Weekday,False,Clear,False,0.0,False,False,0.546,Moderate,26.4,46.0,111.9,0.073,0.169,0.979,Moderate traffic flow - standard adaptive signal timing in effect
EVT433215,2026-01-14 19:37:00,Cultural Procession,J011,Indiranagar 100ft Road,16085,Weekday,True,Clear,False,0.0,False,True,1.0,Severe,9.3,96.6,528.0,0.223,0.515,0.811,Road closure for event/procession - full detour recommended for through-traffic
EVT433216,2026-04-03 18:01:35,Political Rally,J031,Cubbon Road,10721,Weekday,False,Clear,False,0.0,False,False,1.0,Severe,7.1,76.6,345.9,0.109,0.252,0.928,Heavy congestion detected - signal timing extended and reroute suggested
EVT433217,2025-12-30 10:11:57,Local Market Day,J020,Malleshwaram Circle,3750,Weekday,False,Clear,False,0.0,False,False,0.78,Severe,16.0,58.0,217.0,0.126,0.291,0.97,Heavy congestion detected - signal timing extended and reroute suggested
EVT433218,2025-08-12 09:14:05,Trade Fair,J011,Indiranagar 100ft Road,7273,Weekday,False,Heavy Rain,True,73.5,True,False,1.0,Severe,9.1,70.0,601.8,0.215,0.497,0.704,Accident detected nearby - reroute and reduced speed advised
EVT433219,2026-02-27 06:51:26,Local Market Day,J011,Indiranagar 100ft Road,3292,Weekday,False,Clear,False,0.0,False,False,0.42,Moderate,20.3,36.7,194.8,0.118,0.274,0.943,Moderate traffic flow - standard adaptive signal timing in effect
EVT433220,2026-05-01 19:44:07,Cultural Procession,J012,Koramangala Sony World,13966,Weekday,True,Clear,False,0.0,False,True,1.0,Severe,9.4,101.2,434.3,0.154,0.356,0.833,Road closure for event/procession - full detour recommended for through-traffic
EVT433221,2025-04-30 16:02:35,Sports Fixture,J011,Indiranagar 100ft Road,27277,Weekday,False,Fog,False,0.0,False,False,0.514,Moderate,21.7,35.7,258.5,0.167,0.386,0.957,Moderate traffic flow - standard adaptive signal timing in effect
EVT433222,2026-06-19 06:31:52,Concert,J020,Malleshwaram Circle,13882,Weekday,False,Clear,False,0.0,False,False,0.355,Moderate,32.2,26.2,199.1,0.182,0.42,0.96,Moderate traffic flow - standard adaptive signal timing in effect
EVT433223,2025-09-12 19:38:27,Trade Fair,J012,Koramangala Sony World,7941,Weekday,False,Clear,False,0.0,False,False,0.886,Severe,11.3,58.7,155.2,0.089,0.206,0.94,Heavy congestion detected - signal timing extended and reroute suggested
EVT433224,2025-06-23 08:40:34,Concert,J030,MG Road,15144,Weekday,False,Rain,True,16.3,False,False,1.0,Severe,10.2,80.3,483.4,0.213,0.493,0.858,Heavy rain reducing visibility and grip - reduced speed and longer buffer advised
EVT433225,2026-04-20 10:06:42,Local Market Day,J040,City Market,2845,Weekday,False,Clear,False,0.0,False,False,0.804,Severe,15.3,52.8,333.9,0.188,0.435,0.972,Heavy congestion detected - signal timing extended and reroute suggested
EVT433226,2026-05-04 15:12:01,Concert,J020,Malleshwaram Circle,18968,Weekday,False,Rain,True,12.5,False,False,0.457,Moderate,29.1,26.6,184.1,0.16,0.37,0.919,Light rain detected - minor speed reduction advised
EVT433227,2025-10-15 10:37:03,Trade Fair,J030,MG Road,12061,Weekday,False,Clear,False,0.0,False,False,0.63,High,21.4,48.2,271.3,0.175,0.405,0.968,Moderate traffic flow - standard adaptive signal timing in effect
EVT433228,2025-02-22 16:47:36,Sports Fixture,J009,Majestic,26531,Weekend,False,Clear,False,0.0,False,False,0.697,High,18.3,47.1,242.2,0.151,0.349,0.981,Moderate traffic flow - standard adaptive signal timing in effect
EVT433229,2026-01-24 17:42:31,Concert,J020,Malleshwaram Circle,21211,Weekend,False,Clear,False,0.0,False,False,0.951,Severe,9.4,61.5,488.5,0.179,0.413,0.931,Heavy congestion detected - signal timing extended and reroute suggested
EVT433230,2025-05-11 11:40:21,Sports Fixture,J040,City Market,18104,Weekend,False,Clear,False,0.0,False,False,0.445,Moderate,23.8,25.7,270.3,0.176,0.407,0.98,Moderate traffic flow - standard adaptive signal timing in effect
EVT433231,2025-08-10 14:03:37,Concert,J031,Cubbon Road,10678,Weekend,False,Clear,False,0.0,False,False,0.331,Low,32.3,25.1,167.6,0.127,0.293,0.955,Moderate traffic flow - standard adaptive signal timing in effect
EVT433232,2026-04-19 18:10:31,Concert,J012,Koramangala Sony World,31324,Weekend,False,Clear,False,0.0,False,False,1.0,Severe,6.0,68.2,683.0,0.18,0.415,0.922,Heavy congestion detected - signal timing extended and reroute suggested
EVT433233,2025-10-14 12:25:28,Local Market Day,J011,Indiranagar 100ft Road,3582,Weekday,False,Heavy Rain,True,30.7,False,False,0.548,Moderate,22.1,39.8,262.8,0.17,0.392,0.923,Light rain detected - minor speed reduction advised
EVT433234,2025-12-21 16:37:35,Trade Fair,J031,Cubbon Road,12729,Weekend,False,Clear,False,0.0,False,False,0.553,High,22.1,41.4,262.8,0.186,0.429,0.937,Moderate traffic flow - standard adaptive signal timing in effect
EVT433235,2026-06-10 17:49:34,Local Market Day,J040,City Market,3619,Weekday,False,Clear,False,0.0,False,False,0.919,Severe,8.9,69.9,195.0,0.068,0.157,0.926,Heavy congestion detected - signal timing extended and reroute suggested
EVT433236,2025-09-21 18:39:01,Concert,J011,Indiranagar 100ft Road,6660,Weekend,False,Clear,False,0.0,False,False,0.85,Severe,11.5,64.0,393.4,0.178,0.412,0.943,Heavy congestion detected - signal timing extended and reroute suggested
EVT433237,2025-10-26 17:27:28,Concert,J020,Malleshwaram Circle,13738,Weekend,False,Rain,True,14.6,False,False,0.991,Severe,8.4,71.6,612.9,0.216,0.5,0.896,Heavy rain reducing visibility and grip - reduced speed and longer buffer advised
EVT433238,2026-05-16 08:48:56,Trade Fair,J040,City Market,7600,Weekend,False,Clear,False,0.0,False,False,0.877,Severe,13.9,56.5,211.3,0.118,0.273,0.954,Heavy congestion detected - signal timing extended and reroute suggested
EVT433239,2025-05-11 10:19:56,Trade Fair,J030,MG Road,5479,Weekend,False,Clear,False,0.0,False,False,0.593,High,24.3,42.1,188.2,0.143,0.329,0.949,Moderate traffic flow - standard adaptive signal timing in effect
EVT433240,2025-08-30 20:32:43,Sports Fixture,J030,MG Road,20746,Weekend,False,Clear,False,0.0,False,False,0.705,High,16.8,50.8,182.0,0.101,0.234,0.963,Moderate traffic flow - standard adaptive signal timing in effect
EVT433241,2026-03-03 19:09:00,Local Market Day,J011,Indiranagar 100ft Road,5586,Weekday,False,Clear,False,0.0,False,False,0.921,Severe,10.9,73.0,255.2,0.114,0.263,0.94,Heavy congestion detected - signal timing extended and reroute suggested
EVT433242,2025-05-30 16:23:32,Local Market Day,J011,Indiranagar 100ft Road,4711,Weekday,False,Clear,False,0.0,False,False,0.479,Moderate,26.4,33.4,145.7,0.11,0.254,0.969,Moderate traffic flow - standard adaptive signal timing in effect
EVT433243,2025-08-11 18:05:02,Concert,J030,MG Road,16208,Weekday,False,Clear,False,0.0,False,False,1.0,Severe,8.9,70.0,477.0,0.163,0.376,0.933,Heavy congestion detected - signal timing extended and reroute suggested
EVT433244,2026-01-06 11:33:57,Concert,J023,Basavanagudi,12290,Weekday,False,Clear,False,0.0,False,False,0.317,Low,29.3,24.0,83.4,0.071,0.164,0.989,Moderate traffic flow - standard adaptive signal timing in effect
EVT433245,2025-01-13 18:27:47,Concert,J011,Indiranagar 100ft Road,18115,Weekday,False,Clear,False,0.0,False,False,1.0,Severe,9.3,68.5,674.3,0.244,0.563,0.919,Heavy congestion detected - signal timing extended and reroute suggested
EVT433246,2025-03-28 15:12:51,Trade Fair,J009,Majestic,8729,Weekday,False,Clear,False,0.0,False,False,0.337,Low,28.1,24.7,163.4,0.108,0.249,0.933,Moderate traffic flow - standard adaptive signal timing in effect
EVT433247,2026-06-21 17:25:25,Trade Fair,J031,Cubbon Road,11059,Weekend,False,Clear,False,0.0,False,False,0.739,High,16.3,52.2,312.4,0.172,0.398,0.966,Moderate traffic flow - standard adaptive signal timing in effect
EVT433248,2026-04-25 15:23:46,Local Market Day,J030,MG Road,2231,Weekend,False,Clear,False,0.0,False,False,0.369,Moderate,24.2,26.2,149.6,0.112,0.258,0.984,Moderate traffic flow - standard adaptive signal timing in effect
EVT433249,2025-08-20 06:52:59,Local Market Day,J012,Koramangala Sony World,4971,Weekday,False,Light Rain,True,2.1,False,False,0.471,Moderate,25.6,36.7,270.1,0.218,0.504,0.913,Light rain detected - minor speed reduction advised
EVT433250,2026-01-20 21:17:21,Sports Fixture,J030,MG Road,21944,Weekday,False,Clear,False,0.0,False,False,0.434,Moderate,26.8,30.6,173.9,0.093,0.215,0.961,Moderate traffic flow - standard adaptive signal timing in effect
EVT433251,2026-04-30 08:22:27,Local Market Day,J040,City Market,5170,Weekday,False,Light Rain,True,1.1,False,False,1.0,Severe,8.7,70.1,190.0,0.056,0.13,0.846,Heavy rain reducing visibility and grip - reduced speed and longer buffer advised
EVT433252,2026-04-22 21:02:03,Trade Fair,J020,Malleshwaram Circle,14605,Weekday,False,Clear,False,0.0,False,False,0.434,Moderate,27.5,33.8,128.2,0.086,0.199,0.977,Moderate traffic flow - standard adaptive signal timing in effect
EVT433253,2025-01-23 20:56:54,Local Market Day,J023,Basavanagudi,3015,Weekday,False,Clear,False,0.0,False,False,0.422,Moderate,33.4,25.7,201.9,0.186,0.429,0.981,Moderate traffic flow - standard adaptive signal timing in effect
EVT433254,2026-05-23 14:54:48,Sports Fixture,J031,Cubbon Road,22494,Weekend,False,Clear,False,0.0,False,False,0.39,Moderate,24.1,32.6,170.6,0.106,0.246,0.95,Moderate traffic flow - standard adaptive signal timing in effect
EVT433255,2026-02-02 15:05:02,Political Rally,J030,MG Road,16670,Weekday,False,Clear,False,0.0,False,False,0.334,Low,34.9,26.8,124.2,0.126,0.29,0.967,Moderate traffic flow - standard adaptive signal timing in effect
EVT433256,2026-03-20 06:29:52,Cultural Procession,J012,Koramangala Sony World,19959,Weekday,True,Clear,False,0.0,False,True,0.753,High,17.9,80.0,410.7,0.262,0.604,0.888,Road closure for event/procession - full detour recommended for through-traffic
EVT433257,2025-09-05 19:34:23,Fireworks Display,J023,Basavanagudi,23699,Weekday,True,Clear,False,0.0,False,False,1.0,Severe,6.5,71.7,641.3,0.184,0.426,0.845,Festival crowd surge detected - alternate route and extended cycle recommended
EVT433258,2025-01-10 04:43:53,Concert,J040,City Market,14362,Weekday,False,Clear,False,0.0,False,False,0.222,Low,28.8,15.1,208.7,0.156,0.36,0.976,Normal free-flow traffic - standard signal timing maintained
EVT433259,2025-05-16 21:41:18,Sports Fixture,J011,Indiranagar 100ft Road,18799,Weekday,False,Clear,False,0.0,False,False,0.332,Low,36.3,24.6,167.8,0.165,0.382,0.988,Moderate traffic flow - standard adaptive signal timing in effect
EVT433260,2025-02-14 13:41:49,Concert,J040,City Market,14324,Weekday,False,Clear,False,0.0,False,False,0.268,Low,33.6,21.7,118.8,0.104,0.24,0.964,Moderate traffic flow - standard adaptive signal timing in effect
EVT433261,2025-09-25 08:27:25,Sports Fixture,J012,Koramangala Sony World,15494,Weekday,False,Clear,False,0.0,False,False,0.949,Severe,9.0,67.7,439.5,0.164,0.38,0.92,Heavy congestion detected - signal timing extended and reroute suggested
EVT433262,2025-11-08 07:42:16,Local Market Day,J012,Koramangala Sony World,3998,Weekend,False,Rain,True,13.8,False,False,0.755,Severe,14.2,48.1,492.0,0.23,0.532,0.907,Heavy rain reducing visibility and grip - reduced speed and longer buffer advised
EVT433263,2026-05-22 19:38:18,Concert,J023,Basavanagudi,12884,Weekday,False,Clear,False,0.0,False,False,0.939,Severe,10.3,67.9,313.5,0.118,0.273,0.927,Heavy congestion detected - signal timing extended and reroute suggested
EVT433264,2026-01-13 17:38:23,Local Market Day,J023,Basavanagudi,7647,Weekday,False,Clear,False,0.0,False,False,0.878,Severe,11.2,63.4,525.7,0.212,0.491,0.929,Heavy congestion detected - signal timing extended and reroute suggested
EVT433265,2025-11-26 17:12:11,Concert,J012,Koramangala Sony World,13629,Weekday,False,Clear,False,0.0,False,False,0.818,Severe,15.0,58.9,298.1,0.159,0.367,0.934,Heavy congestion detected - signal timing extended and reroute suggested
EVT433266,2025-09-21 06:47:12,Sports Fixture,J020,Malleshwaram Circle,10769,Weekend,False,Rain,True,14.5,False,False,0.639,High,27.3,46.1,193.7,0.185,0.428,0.901,Heavy rain reducing visibility and grip - reduced speed and longer buffer advised
EVT433267,2026-05-04 20:50:25,Political Rally,J030,MG Road,25731,Weekday,False,Clear,False,0.0,False,False,0.547,Moderate,16.6,44.4,433.5,0.204,0.472,0.935,Moderate traffic flow - standard adaptive signal timing in effect
EVT433268,2026-01-09 08:34:35,Concert,J011,Indiranagar 100ft Road,11507,Weekday,False,Clear,False,0.0,True,False,1.0,Severe,9.2,73.6,580.7,0.232,0.536,0.734,Accident detected nearby - reroute and reduced speed advised
EVT433269,2025-09-18 19:09:22,Political Rally,J023,Basavanagudi,11679,Weekday,False,Clear,False,0.0,False,False,0.995,Severe,6.4,71.2,757.6,0.206,0.477,0.929,Heavy congestion detected - signal timing extended and reroute suggested
EVT433270,2026-03-20 17:19:37,Religious Festival,J030,MG Road,54339,Weekday,True,Fog,False,0.0,False,True,1.0,Severe,9.0,102.3,827.9,0.309,0.713,0.844,Road closure for event/procession - full detour recommended for through-traffic
EVT433271,2025-10-27 10:07:34,Political Rally,J031,Cubbon Road,21360,Weekday,False,Light Rain,True,6.8,False,False,0.96,Severe,10.0,66.5,369.0,0.153,0.354,0.88,Heavy rain reducing visibility and grip - reduced speed and longer buffer advised
EVT433272,2026-01-18 22:25:21,Local Market Day,J009,Majestic,4368,Weekend,False,Clear,False,0.0,False,False,0.281,Low,34.4,23.6,152.8,0.131,0.303,0.962,Moderate traffic flow - standard adaptive signal timing in effect
EVT433273,2025-11-24 19:26:31,Political Rally,J040,City Market,14067,Weekday,False,Clear,False,0.0,False,False,0.96,Severe,9.2,64.2,499.8,0.177,0.41,0.933,Heavy congestion detected - signal timing extended and reroute suggested
EVT433274,2025-09-14 14:17:36,Concert,J012,Koramangala Sony World,10132,Weekend,False,Light Rain,True,7.0,False,False,0.43,Moderate,33.2,27.2,203.9,0.204,0.472,0.928,Light rain detected - minor speed reduction advised
EVT433275,2025-01-18 17:39:53,Trade Fair,J030,MG Road,12111,Weekend,False,Clear,False,0.0,False,False,0.862,Severe,11.0,60.1,489.3,0.213,0.492,0.973,Heavy congestion detected - signal timing extended and reroute suggested
EVT433276,2025-09-09 18:44:19,Local Market Day,J030,MG Road,4424,Weekday,False,Clear,False,0.0,False,False,1.0,Severe,7.9,72.1,586.5,0.197,0.454,0.888,Heavy congestion detected - signal timing extended and reroute suggested
EVT433277,2025-01-17 18:52:22,Sports Fixture,J012,Koramangala Sony World,28158,Weekday,False,Clear,False,0.0,False,False,1.0,Severe,6.5,67.1,819.3,0.24,0.555,0.912,Heavy congestion detected - signal timing extended and reroute suggested
EVT433278,2026-03-03 11:14:03,Local Market Day,J023,Basavanagudi,2500,Weekday,False,Fog,False,0.0,False,False,0.438,Moderate,26.4,35.6,160.8,0.124,0.286,0.96,Moderate traffic flow - standard adaptive signal timing in effect
EVT433279,2025-05-27 17:10:27,Trade Fair,J023,Basavanagudi,10249,Weekday,False,Clear,False,0.0,False,False,0.796,Severe,15.6,53.9,125.7,0.059,0.136,0.943,Heavy congestion detected - signal timing extended and reroute suggested
EVT433280,2026-05-14 06:21:35,Political Rally,J020,Malleshwaram Circle,14920,Weekday,False,Rain,True,10.6,False,False,0.468,Moderate,27.7,32.4,142.7,0.106,0.246,0.934,Light rain detected - minor speed reduction advised
EVT433281,2026-04-25 19:36:25,Local Market Day,J020,Malleshwaram Circle,3111,Weekend,False,Clear,False,0.0,False,False,0.736,High,12.0,51.2,433.9,0.186,0.43,0.96,Moderate traffic flow - standard adaptive signal timing in effect
EVT433282,2025-07-08 19:31:35,Sports Fixture,J023,Basavanagudi,30999,Weekday,False,Rain,True,20.6,False,False,1.0,Severe,8.8,70.8,478.9,0.164,0.378,0.837,Heavy rain reducing visibility and grip - reduced speed and longer buffer advised
EVT433283,2025-04-23 15:21:31,Local Market Day,J040,City Market,6744,Weekday,False,Clear,False,0.0,False,False,0.224,Low,34.0,22.6,139.9,0.121,0.28,0.954,Normal free-flow traffic - standard signal timing maintained
EVT433284,2025-11-15 07:51:14,Trade Fair,J009,Majestic,16591,Weekend,False,Clear,False,0.0,False,False,0.717,High,19.5,49.4,160.1,0.126,0.291,0.959,Moderate traffic flow - standard adaptive signal timing in effect
EVT433285,2025-01-27 10:37:33,Religious Festival,J020,Malleshwaram Circle,36768,Weekday,True,Clear,False,0.0,False,True,1.0,Severe,8.5,95.3,647.0,0.215,0.497,0.832,Road closure for event/procession - full detour recommended for through-traffic
EVT433286,2025-09-04 19:09:56,Concert,J023,Basavanagudi,15852,Weekday,False,Clear,False,0.0,False,False,0.977,Severe,10.0,66.8,715.7,0.306,0.707,0.901,Heavy congestion detected - signal timing extended and reroute suggested
EVT433287,2025-07-01 18:23:06,Local Market Day,J020,Malleshwaram Circle,4955,Weekday,False,Clear,False,0.0,False,False,1.0,Severe,7.2,72.8,580.3,0.168,0.389,0.93,Heavy congestion detected - signal timing extended and reroute suggested
EVT433288,2025-06-06 15:02:31,Trade Fair,J009,Majestic,12488,Weekday,False,Clear,False,0.0,False,False,0.322,Low,27.0,25.8,138.2,0.122,0.282,0.972,Moderate traffic flow - standard adaptive signal timing in effect
EVT433289,2026-05-03 18:54:57,Concert,J011,Indiranagar 100ft Road,13909,Weekend,False,Rain,True,10.8,False,False,1.0,Severe,9.6,71.2,420.2,0.168,0.389,0.862,Heavy rain reducing visibility and grip - reduced speed and longer buffer advised
EVT433290,2025-12-26 18:36:32,Cultural Procession,J011,Indiranagar 100ft Road,22235,Weekday,True,Clear,False,0.0,False,True,1.0,Severe,9.2,104.2,578.5,0.217,0.5,0.828,Road closure for event/procession - full detour recommended for through-traffic
EVT433291,2025-12-14 09:02:47,Local Market Day,J020,Malleshwaram Circle,6486,Weekend,False,Clear,False,0.0,False,False,0.86,Severe,13.5,58.7,675.7,0.315,0.728,0.918,Heavy congestion detected - signal timing extended and reroute suggested
EVT433292,2025-11-13 19:12:12,Trade Fair,J023,Basavanagudi,9490,Weekday,False,Clear,False,0.0,False,False,0.939,Severe,11.6,69.0,286.2,0.132,0.304,0.927,Heavy congestion detected - signal timing extended and reroute suggested
EVT433293,2025-02-06 15:26:29,Sports Fixture,J030,MG Road,27531,Weekday,False,Clear,False,0.0,False,False,0.511,Moderate,28.9,34.7,193.1,0.173,0.401,0.952,Moderate traffic flow - standard adaptive signal timing in effect
EVT433294,2025-02-14 08:22:04,Local Market Day,J031,Cubbon Road,4833,Weekday,False,Clear,False,0.0,False,False,0.902,Severe,12.0,61.4,231.6,0.088,0.204,0.933,Heavy congestion detected - signal timing extended and reroute suggested
EVT433295,2025-04-14 04:10:49,Cultural Procession,J009,Majestic,16228,Weekday,True,Clear,False,0.0,False,True,0.663,Moderate,23.5,61.7,243.6,0.161,0.372,0.888,Road closure for event/procession - full detour recommended for through-traffic
EVT433296,2025-11-18 17:45:26,Local Market Day,J012,Koramangala Sony World,2813,Weekday,False,Heavy Rain,True,25.0,False,False,1.0,Severe,7.2,69.7,698.0,0.199,0.461,0.85,Heavy rain reducing visibility and grip - reduced speed and longer buffer advised
EVT433297,2025-04-02 17:07:58,Sports Fixture,J011,Indiranagar 100ft Road,21249,Weekday,False,Clear,False,0.0,False,False,0.899,Severe,13.4,63.7,489.6,0.244,0.565,0.903,Heavy congestion detected - signal timing extended and reroute suggested
EVT433298,2026-04-24 16:19:46,Local Market Day,J040,City Market,3662,Weekday,False,Clear,False,0.0,False,False,0.469,Moderate,31.5,27.3,91.9,0.091,0.211,0.973,Moderate traffic flow - standard adaptive signal timing in effect
EVT433299,2025-01-20 09:05:12,Political Rally,J012,Koramangala Sony World,19914,Weekday,False,Clear,False,0.0,False,False,1.0,Severe,7.6,69.7,521.7,0.16,0.371,0.904,Heavy congestion detected - signal timing extended and reroute suggested
EVT433300,2026-05-22 17:50:18,Sports Fixture,J009,Majestic,24363,Weekday,False,Clear,False,0.0,False,False,1.0,Severe,10.7,73.2,184.2,0.073,0.168,0.92,Heavy congestion detected - signal timing extended and reroute suggested
EVT433301,2026-01-16 19:04:19,Sports Fixture,J040,City Market,9773,Weekday,False,Clear,False,0.0,False,False,1.0,Severe,7.6,70.5,656.0,0.18,0.415,0.916,Heavy congestion detected - signal timing extended and reroute suggested
EVT433302,2025-07-08 16:55:28,Trade Fair,J020,Malleshwaram Circle,5829,Weekday,False,Clear,False,0.0,False,False,0.776,Severe,16.2,46.3,350.6,0.184,0.425,0.99,Heavy congestion detected - signal timing extended and reroute suggested
EVT433303,2025-09-07 03:14:35,Local Market Day,J012,Koramangala Sony World,2730,Weekend,False,Clear,False,0.0,False,False,0.234,Low,28.0,11.0,108.8,0.078,0.18,0.968,Normal free-flow traffic - standard signal timing maintained
EVT433304,2025-05-10 22:50:43,Local Market Day,J020,Malleshwaram Circle,3515,Weekend,False,Clear,False,0.0,False,False,0.32,Low,46.5,25.0,154.6,0.171,0.396,0.971,Moderate traffic flow - standard adaptive signal timing in effect
EVT433305,2026-01-09 17:43:57,Sports Fixture,J012,Koramangala Sony World,34424,Weekday,False,Clear,False,0.0,False,False,1.0,Severe,6.6,70.7,259.0,0.103,0.239,0.941,Heavy congestion detected - signal timing extended and reroute suggested
EVT433306,2025-10-05 16:35:48,Trade Fair,J011,Indiranagar 100ft Road,5007,Weekend,False,Clear,False,0.0,False,False,0.552,High,23.0,39.2,284.5,0.214,0.495,0.956,Moderate traffic flow - standard adaptive signal timing in effect
EVT433307,2025-08-14 19:37:00,Concert,J009,Majestic,11680,Weekday,False,Clear,False,0.0,False,False,0.903,Severe,8.7,66.1,651.3,0.23,0.532,0.949,Heavy congestion detected - signal timing extended and reroute suggested
EVT433308,2025-01-08 06:42:43,Political Rally,J030,MG Road,10821,Weekday,False,Clear,False,0.0,False,False,0.399,Moderate,28.8,25.2,148.0,0.153,0.354,0.961,Moderate traffic flow - standard adaptive signal timing in effect
EVT433309,2025-04-15 18:45:03,Religious Festival,J009,Majestic,42906,Weekday,True,Clear,False,0.0,False,True,1.0,Severe,10.4,104.2,490.2,0.222,0.512,0.846,Road closure for event/procession - full detour recommended for through-traffic
EVT433310,2026-04-10 17:44:46,Sports Fixture,J012,Koramangala Sony World,34332,Weekday,False,Clear,False,0.0,False,False,1.0,Severe,7.9,70.9,345.7,0.131,0.304,0.942,Heavy congestion detected - signal timing extended and reroute suggested
EVT433311,2025-09-26 13:54:01,Trade Fair,J009,Majestic,13107,Weekday,False,Heavy Rain,True,28.1,False,False,0.503,Moderate,22.7,32.9,209.1,0.142,0.328,0.939,Light rain detected - minor speed reduction advised
EVT433312,2025-03-20 15:42:57,Sports Fixture,J030,MG Road,15142,Weekday,False,Clear,False,0.0,False,False,0.517,Moderate,24.3,36.0,103.6,0.063,0.145,0.982,Moderate traffic flow - standard adaptive signal timing in effect
EVT433313,2025-11-16 16:12:04,Sports Fixture,J011,Indiranagar 100ft Road,32706,Weekend,False,Clear,False,0.0,False,False,0.609,High,17.0,45.1,265.2,0.153,0.352,0.979,Moderate traffic flow - standard adaptive signal timing in effect
EVT433314,2026-05-29 23:35:58,Sports Fixture,J030,MG Road,17706,Weekday,False,Rain,True,9.9,False,False,0.441,Moderate,23.6,29.1,307.2,0.206,0.475,0.925,Light rain detected - minor speed reduction advised
EVT433315,2025-03-28 15:37:27,Concert,J040,City Market,13874,Weekday,False,Clear,False,0.0,False,False,0.445,Moderate,27.8,28.5,134.1,0.094,0.218,0.981,Moderate traffic flow - standard adaptive signal timing in effect
EVT433316,2026-06-12 16:18:08,Concert,J012,Koramangala Sony World,10870,Weekday,False,Clear,False,0.0,False,False,0.504,Moderate,24.3,34.0,272.8,0.193,0.446,0.963,Moderate traffic flow - standard adaptive signal timing in effect
EVT433317,2026-03-09 19:17:20,Political Rally,J020,Malleshwaram Circle,15557,Weekday,False,Clear,False,0.0,False,False,0.96,Severe,8.2,70.1,775.3,0.245,0.565,0.933,Heavy congestion detected - signal timing extended and reroute suggested
EVT433318,2025-05-26 22:45:43,Local Market Day,J012,Koramangala Sony World,7582,Weekday,False,Clear,False,0.0,False,False,0.251,Low,33.9,21.9,143.3,0.136,0.314,0.968,Moderate traffic flow - standard adaptive signal timing in effect
EVT433319,2025-08-07 14:14:13,Sports Fixture,J030,MG Road,33112,Weekday,False,Rain,True,17.2,False,False,0.582,High,19.8,40.4,283.8,0.166,0.383,0.917,Heavy rain reducing visibility and grip - reduced speed and longer buffer advised
EVT433320,2025-02-07 07:06:27,Trade Fair,J012,Koramangala Sony World,16068,Weekday,False,Clear,False,0.0,False,False,0.602,High,21.7,45.5,184.0,0.133,0.308,0.957,Moderate traffic flow - standard adaptive signal timing in effect
EVT433321,2026-05-19 17:55:04,Political Rally,J031,Cubbon Road,14000,Weekday,False,Clear,False,0.0,False,False,1.0,Severe,8.5,72.6,939.6,0.328,0.758,0.926,Heavy congestion detected - signal timing extended and reroute suggested
EVT433322,2025-10-13 08:40:19,Local Market Day,J031,Cubbon Road,2164,Weekday,False,Rain,True,9.4,False,False,1.0,Severe,7.0,72.6,629.0,0.193,0.446,0.85,Heavy rain reducing visibility and grip - reduced speed and longer buffer advised
EVT433323,2025-09-01 15:16:33,Trade Fair,J023,Basavanagudi,8495,Weekday,False,Clear,False,0.0,False,False,0.285,Low,31.1,27.3,137.6,0.126,0.291,0.943,Moderate traffic flow - standard adaptive signal timing in effect
EVT433324,2025-07-15 17:35:27,Local Market Day,J009,Majestic,3656,Weekday,False,Fog,False,0.0,False,False,0.888,Severe,14.2,63.9,314.3,0.158,0.365,0.933,Heavy congestion detected - signal timing extended and reroute suggested
EVT433325,2025-08-05 17:37:17,Trade Fair,J023,Basavanagudi,12359,Weekday,False,Heavy Rain,True,54.9,False,False,1.0,Severe,7.3,75.1,297.5,0.093,0.215,0.859,Heavy rain reducing visibility and grip - reduced speed and longer buffer advised
EVT433326,2026-01-24 17:06:20,Local Market Day,J031,Cubbon Road,3583,Weekend,False,Clear,False,0.0,False,False,0.654,High,19.8,48.4,296.3,0.193,0.446,0.967,Moderate traffic flow - standard adaptive signal timing in effect
EVT433327,2026-01-25 23:37:54,Trade Fair,J031,Cubbon Road,13357,Weekend,False,Clear,False,0.0,False,False,0.303,Low,38.7,20.9,131.3,0.144,0.332,0.957,Moderate traffic flow - standard adaptive signal timing in effect
EVT433328,2025-06-16 06:21:33,Concert,J030,MG Road,11420,Weekday,False,Clear,False,0.0,False,False,0.341,Low,26.7,27.8,228.5,0.195,0.45,0.982,Moderate traffic flow - standard adaptive signal timing in effect
EVT433329,2025-06-16 16:50:13,Trade Fair,J040,City Market,10183,Weekday,False,Rain,True,24.5,False,False,0.89,Severe,10.2,63.5,524.7,0.189,0.438,0.875,Heavy rain reducing visibility and grip - reduced speed and longer buffer advised
EVT433330,2026-05-24 09:54:37,Local Market Day,J040,City Market,5025,Weekend,False,Clear,False,0.0,False,False,0.655,High,19.1,49.3,244.2,0.144,0.333,0.97,Moderate traffic flow - standard adaptive signal timing in effect
EVT433331,2025-04-26 06:44:19,Sports Fixture,J031,Cubbon Road,19156,Weekend,False,Clear,False,0.0,False,False,0.468,Moderate,23.5,35.4,143.8,0.112,0.258,0.959,Moderate traffic flow - standard adaptive signal timing in effect
EVT433332,2025-01-03 14:51:22,Trade Fair,J009,Majestic,3407,Weekday,False,Clear,False,0.0,False,False,0.213,Low,35.1,16.3,174.0,0.169,0.392,0.94,Normal free-flow traffic - standard signal timing maintained
EVT433333,2025-01-29 07:41:09,Local Market Day,J012,Koramangala Sony World,8453,Weekday,False,Clear,False,0.0,False,False,0.716,High,19.1,51.0,412.7,0.263,0.608,0.944,Moderate traffic flow - standard adaptive signal timing in effect
EVT433334,2026-06-24 18:54:04,Political Rally,J031,Cubbon Road,13476,Weekday,False,Clear,False,0.0,False,False,1.0,Severe,7.5,74.1,818.5,0.262,0.605,0.933,Heavy congestion detected - signal timing extended and reroute suggested
EVT433335,2026-06-04 07:57:02,Concert,J040,City Market,8959,Weekday,False,Clear,False,0.0,False,False,0.75,High,20.1,51.3,217.5,0.154,0.355,0.955,Moderate traffic flow - standard adaptive signal timing in effect
EVT433336,2025-07-14 19:57:09,Concert,J023,Basavanagudi,17901,Weekday,False,Clear,False,0.0,False,False,0.846,Severe,11.5,58.0,591.5,0.253,0.585,0.955,Heavy congestion detected - signal timing extended and reroute suggested
EVT433337,2026-02-25 18:45:54,Sports Fixture,J040,City Market,20841,Weekday,False,Clear,False,0.0,False,False,1.0,Severe,7.3,65.9,547.5,0.172,0.396,0.889,Heavy congestion detected - signal timing extended and reroute suggested
EVT433338,2025-03-08 15:12:05,Concert,J030,MG Road,9830,Weekend,False,Clear,False,0.0,False,False,0.403,Moderate,24.9,31.1,122.1,0.083,0.192,0.955,Moderate traffic flow - standard adaptive signal timing in effect
EVT433339,2025-10-27 09:11:44,Concert,J023,Basavanagudi,13621,Weekday,False,Clear,False,0.0,False,False,1.0,Severe,8.0,72.5,354.7,0.112,0.258,0.91,Heavy congestion detected - signal timing extended and reroute suggested
EVT433340,2025-04-03 08:13:02,Political Rally,J040,City Market,20215,Weekday,False,Light Rain,True,6.5,False,False,1.0,Severe,9.1,71.0,399.9,0.147,0.339,0.895,Heavy rain reducing visibility and grip - reduced speed and longer buffer advised
EVT433341,2025-08-15 01:28:41,Religious Festival,J020,Malleshwaram Circle,31693,Weekday,True,Rain,True,24.1,False,False,0.911,Severe,11.7,66.0,322.6,0.145,0.335,0.822,Festival crowd surge detected - alternate route and extended cycle recommended
EVT433342,2025-04-10 13:17:16,Sports Fixture,J031,Cubbon Road,16756,Weekday,False,Clear,False,0.0,False,False,0.242,Low,39.6,15.5,144.7,0.129,0.297,0.979,Normal free-flow traffic - standard signal timing maintained
EVT433343,2025-04-11 18:44:56,Sports Fixture,J040,City Market,30027,Weekday,False,Clear,False,0.0,False,False,1.0,Severe,7.7,68.9,554.7,0.184,0.426,0.918,Heavy congestion detected - signal timing extended and reroute suggested
EVT433344,2025-08-07 06:18:26,Local Market Day,J009,Majestic,2660,Weekday,False,Clear,False,0.0,False,False,0.266,Low,31.1,23.9,136.1,0.111,0.257,0.957,Moderate traffic flow - standard adaptive signal timing in effect
EVT433345,2026-06-19 08:38:44,Political Rally,J040,City Market,8146,Weekday,False,Clear,False,0.0,False,False,1.0,Severe,10.0,73.7,178.9,0.09,0.209,0.923,Heavy congestion detected - signal timing extended and reroute suggested
EVT433346,2025-09-05 13:34:05,Religious Festival,J030,MG Road,36159,Weekday,True,Clear,False,0.0,False,True,0.852,High,13.5,87.0,349.4,0.172,0.398,0.875,Road closure for event/procession - full detour recommended for through-traffic
EVT433347,2025-06-09 21:07:43,Sports Fixture,J023,Basavanagudi,23197,Weekday,False,Rain,True,11.3,False,False,0.66,High,14.8,51.3,280.4,0.16,0.369,0.915,Heavy rain reducing visibility and grip - reduced speed and longer buffer advised
EVT433348,2026-06-29 20:04:49,Sports Fixture,J023,Basavanagudi,25371,Weekday,False,Clear,False,0.0,False,False,0.881,Severe,12.6,68.6,268.3,0.128,0.296,0.94,Heavy congestion detected - signal timing extended and reroute suggested
EVT433349,2025-08-21 16:25:09,Political Rally,J030,MG Road,14916,Weekday,False,Heavy Rain,True,54.6,False,False,1.0,Severe,7.3,72.4,463.4,0.162,0.373,0.869,Heavy rain reducing visibility and grip - reduced speed and longer buffer advised
EVT433350,2025-08-29 18:33:37,Local Market Day,J020,Malleshwaram Circle,4546,Weekday,False,Clear,False,0.0,False,False,1.0,Severe,8.1,76.7,564.0,0.195,0.45,0.9,Heavy congestion detected - signal timing extended and reroute suggested
EVT433351,2025-05-20 20:36:01,Local Market Day,J030,MG Road,2839,Weekday,False,Rain,True,19.6,False,False,0.724,High,24.5,49.2,258.5,0.203,0.469,0.937,Heavy rain reducing visibility and grip - reduced speed and longer buffer advised
EVT433352,2025-12-17 06:04:56,Concert,J040,City Market,11777,Weekday,False,Light Rain,True,4.2,False,False,0.318,Low,29.5,20.4,122.3,0.096,0.221,0.898,Light rain detected - minor speed reduction advised
EVT433353,2025-06-21 19:33:17,Concert,J012,Koramangala Sony World,6604,Weekend,False,Clear,False,0.0,False,False,0.785,Severe,14.7,55.0,267.0,0.102,0.235,0.965,Heavy congestion detected - signal timing extended and reroute suggested
EVT433354,2026-01-18 17:55:13,Sports Fixture,J030,MG Road,16826,Weekend,False,Clear,False,0.0,False,False,0.894,Severe,13.5,63.7,229.1,0.125,0.29,0.931,Heavy congestion detected - signal timing extended and reroute suggested
EVT433355,2026-01-07 11:00:50,Trade Fair,J040,City Market,6090,Weekday,False,Clear,False,0.0,False,False,0.458,Moderate,29.1,33.8,144.7,0.113,0.261,0.967,Moderate traffic flow - standard adaptive signal timing in effect
EVT433356,2025-01-04 12:20:42,Local Market Day,J040,City Market,3968,Weekend,False,Clear,False,0.0,False,False,0.232,Low,34.1,20.2,207.5,0.184,0.426,0.969,Normal free-flow traffic - standard signal timing maintained
EVT433357,2025-07-30 06:13:38,Trade Fair,J012,Koramangala Sony World,10380,Weekday,False,Clear,False,0.0,False,False,0.284,Low,32.0,21.5,220.7,0.19,0.439,0.961,Moderate traffic flow - standard adaptive signal timing in effect
EVT433358,2025-08-03 10:35:20,Concert,J009,Majestic,17512,Weekend,False,Clear,False,0.0,False,False,0.663,High,18.2,46.0,389.4,0.235,0.544,0.942,Moderate traffic flow - standard adaptive signal timing in effect
EVT433359,2026-05-05 14:45:20,Concert,J031,Cubbon Road,18555,Weekday,False,Clear,False,0.0,False,False,0.337,Low,24.8,25.5,175.0,0.116,0.268,0.956,Moderate traffic flow - standard adaptive signal timing in effect
EVT433360,2025-06-29 18:42:59,Sports Fixture,J009,Majestic,23436,Weekend,False,Heavy Rain,True,46.2,False,False,1.0,Severe,6.8,74.5,685.1,0.19,0.439,0.849,Heavy rain reducing visibility and grip - reduced speed and longer buffer advised
EVT433361,2025-12-11 14:17:20,Local Market Day,J030,MG Road,5792,Weekday,False,Light Rain,True,6.2,False,False,0.419,Moderate,27.8,29.6,151.3,0.116,0.268,0.918,Light rain detected - minor speed reduction advised
EVT433362,2026-06-10 15:45:03,Local Market Day,J040,City Market,11750,Weekday,False,Rain,True,9.2,False,False,0.584,High,19.8,34.5,144.1,0.078,0.18,0.924,Heavy rain reducing visibility and grip - reduced speed and longer buffer advised
EVT433363,2025-11-21 08:32:44,Trade Fair,J040,City Market,12061,Weekday,False,Clear,False,0.0,False,False,0.934,Severe,12.6,71.9,548.2,0.262,0.605,0.909,Heavy congestion detected - signal timing extended and reroute suggested
EVT433364,2025-10-28 17:47:05,Sports Fixture,J023,Basavanagudi,16018,Weekday,False,Clear,False,0.0,False,False,1.0,Severe,10.0,73.8,403.9,0.164,0.378,0.882,Heavy congestion detected - signal timing extended and reroute suggested
EVT433365,2025-06-17 07:45:35,Trade Fair,J031,Cubbon Road,8124,Weekday,False,Rain,True,12.1,False,False,0.879,Severe,10.5,58.9,340.6,0.148,0.342,0.895,Heavy rain reducing visibility and grip - reduced speed and longer buffer advised
EVT433366,2025-12-18 20:42:16,Trade Fair,J012,Koramangala Sony World,10608,Weekday,False,Clear,False,0.0,False,False,0.599,High,23.7,44.1,189.3,0.136,0.314,0.99,Moderate traffic flow - standard adaptive signal timing in effect
EVT433367,2026-05-30 10:28:28,Local Market Day,J011,Indiranagar 100ft Road,2529,Weekend,False,Clear,False,0.0,False,False,0.57,High,21.3,36.3,343.7,0.21,0.484,0.983,Moderate traffic flow - standard adaptive signal timing in effect
EVT433368,2025-06-23 12:05:45,Local Market Day,J011,Indiranagar 100ft Road,4512,Weekday,False,Heavy Rain,True,25.6,False,False,0.47,Moderate,26.2,36.2,164.6,0.108,0.25,0.909,Light rain detected - minor speed reduction advised
EVT433369,2026-03-19 14:48:57,Religious Festival,J031,Cubbon Road,41531,Weekday,True,Clear,False,0.0,False,True,0.78,High,17.0,72.2,449.8,0.276,0.637,0.889,Road closure for event/procession - full detour recommended for through-traffic
EVT433370,2025-12-18 09:54:51,Concert,J012,Koramangala Sony World,14857,Weekday,False,Fog,False,0.0,False,False,0.88,Severe,12.2,56.7,322.1,0.152,0.351,0.94,Heavy congestion detected - signal timing extended and reroute suggested
EVT433371,2025-02-09 17:03:59,Trade Fair,J040,City Market,9237,Weekend,False,Clear,False,0.0,False,False,0.67,High,19.3,47.8,140.7,0.096,0.221,0.967,Moderate traffic flow - standard adaptive signal timing in effect
EVT433372,2026-01-07 15:27:48,Concert,J009,Majestic,13784,Weekday,False,Clear,False,0.0,False,False,0.365,Moderate,23.4,31.3,207.2,0.129,0.298,0.968,Moderate traffic flow - standard adaptive signal timing in effect
EVT433373,2025-08-17 18:10:13,Concert,J012,Koramangala Sony World,8027,Weekend,False,Heavy Rain,True,64.3,False,False,1.0,Severe,8.1,72.2,866.6,0.291,0.673,0.854,Heavy rain reducing visibility and grip - reduced speed and longer buffer advised
EVT433374,2025-10-31 17:05:48,Concert,J030,MG Road,4672,Weekday,False,Clear,False,0.0,False,False,0.787,Severe,16.2,54.1,296.3,0.169,0.391,0.945,Heavy congestion detected - signal timing extended and reroute suggested
EVT433375,2025-08-31 20:13:05,Sports Fixture,J031,Cubbon Road,20521,Weekend,False,Heavy Rain,True,43.0,False,False,1.0,Severe,7.4,68.9,432.7,0.15,0.346,0.859,Heavy rain reducing visibility and grip - reduced speed and longer buffer advised
EVT433376,2025-01-20 11:27:09,Concert,J011,Indiranagar 100ft Road,14025,Weekday,False,Clear,False,0.0,False,False,0.295,Low,35.7,19.7,163.4,0.165,0.38,0.962,Moderate traffic flow - standard adaptive signal timing in effect
EVT433377,2026-02-23 19:45:12,Local Market Day,J012,Koramangala Sony World,4441,Weekday,False,Clear,False,0.0,False,False,0.838,Severe,15.4,54.0,160.9,0.085,0.196,0.943,Heavy congestion detected - signal timing extended and reroute suggested
EVT433378,2025-12-10 09:17:05,Local Market Day,J011,Indiranagar 100ft Road,2733,Weekday,False,Clear,False,0.0,False,False,0.987,Severe,9.2,69.3,422.8,0.157,0.363,0.91,Heavy congestion detected - signal timing extended and reroute suggested
EVT433379,2025-03-20 08:37:18,Local Market Day,J011,Indiranagar 100ft Road,5141,Weekday,False,Clear,False,0.0,False,False,1.0,Severe,8.1,72.9,776.2,0.255,0.589,0.913,Heavy congestion detected - signal timing extended and reroute suggested
EVT433380,2025-07-14 20:30:33,Concert,J009,Majestic,20260,Weekday,False,Clear,False,0.0,False,False,0.633,High,21.8,44.1,273.8,0.196,0.452,0.967,Moderate traffic flow - standard adaptive signal timing in effect
EVT433381,2025-03-23 06:21:17,Local Market Day,J012,Koramangala Sony World,4065,Weekend,False,Clear,False,0.0,False,False,0.335,Low,33.1,25.1,114.5,0.125,0.288,0.958,Moderate traffic flow - standard adaptive signal timing in effect
EVT433382,2025-04-25 14:43:41,Local Market Day,J030,MG Road,5744,Weekday,False,Fog,False,0.0,False,False,0.308,Low,37.2,23.3,150.9,0.128,0.296,0.964,Moderate traffic flow - standard adaptive signal timing in effect
EVT433383,2025-03-15 20:07:48,Religious Festival,J030,MG Road,27921,Weekend,True,Clear,False,0.0,False,False,0.985,Severe,10.0,66.9,828.8,0.31,0.716,0.895,Festival crowd surge detected - alternate route and extended cycle recommended
EVT433384,2025-12-13 19:34:29,Concert,J011,Indiranagar 100ft Road,12013,Weekend,False,Clear,False,0.0,False,False,0.763,Severe,16.1,56.6,367.6,0.21,0.485,0.976,Heavy congestion detected - signal timing extended and reroute suggested
EVT433385,2025-09-05 21:21:20,Religious Festival,J009,Majestic,31728,Weekday,True,Rain,True,17.6,False,True,1.0,Severe,9.9,104.9,372.7,0.165,0.38,0.773,Road closure for event/procession - full detour recommended for through-traffic
EVT433386,2025-04-06 18:36:51,Religious Festival,J011,Indiranagar 100ft Road,62280,Weekend,True,Clear,False,0.0,False,False,1.0,Severe,8.5,76.2,481.4,0.161,0.372,0.882,Festival crowd surge detected - alternate route and extended cycle recommended
EVT433387,2025-04-21 21:00:34,Trade Fair,J020,Malleshwaram Circle,11284,Weekday,False,Rain,True,10.9,False,False,0.571,High,29.1,41.9,142.0,0.123,0.284,0.937,Heavy rain reducing visibility and grip - reduced speed and longer buffer advised
EVT433388,2025-08-23 11:38:42,Concert,J023,Basavanagudi,13995,Weekend,False,Heavy Rain,True,25.8,False,False,0.638,High,18.8,52.4,287.9,0.174,0.402,0.92,Heavy rain reducing visibility and grip - reduced speed and longer buffer advised
EVT433389,2026-01-26 08:50:58,Religious Festival,J023,Basavanagudi,61321,Weekday,True,Clear,False,0.0,False,True,1.0,Severe,8.1,99.5,453.7,0.175,0.403,0.815,Road closure for event/procession - full detour recommended for through-traffic
EVT433390,2026-06-18 18:36:53,Local Market Day,J009,Majestic,4042,Weekday,False,Clear,False,0.0,False,False,1.0,Severe,7.9,68.8,878.4,0.276,0.637,0.92,Heavy congestion detected - signal timing extended and reroute suggested
EVT433391,2025-07-05 18:38:14,Concert,J040,City Market,8737,Weekend,False,Clear,False,0.0,False,False,0.917,Severe,10.9,63.4,409.4,0.177,0.41,0.938,Heavy congestion detected - signal timing extended and reroute suggested
EVT433392,2025-04-08 09:21:00,Trade Fair,J012,Koramangala Sony World,6139,Weekday,False,Clear,False,0.0,False,False,0.961,Severe,9.6,67.0,359.6,0.175,0.405,0.94,Heavy congestion detected - signal timing extended and reroute suggested
EVT433393,2026-01-18 11:22:50,Concert,J031,Cubbon Road,12909,Weekend,False,Clear,False,0.0,False,False,0.364,Moderate,27.7,30.6,212.3,0.156,0.36,0.968,Moderate traffic flow - standard adaptive signal timing in effect
EVT433394,2026-03-23 09:37:20,Political Rally,J040,City Market,19892,Weekday,False,Clear,False,0.0,False,False,0.973,Severe,7.7,72.2,598.1,0.177,0.41,0.932,Heavy congestion detected - signal timing extended and reroute suggested
EVT433395,2025-12-23 16:28:26,Local Market Day,J020,Malleshwaram Circle,1157,Weekday,False,Fog,False,0.0,False,False,0.542,Moderate,25.3,41.8,157.0,0.127,0.292,0.974,Moderate traffic flow - standard adaptive signal timing in effect
EVT433396,2026-03-04 18:03:54,Cultural Procession,J009,Majestic,16655,Weekday,True,Clear,False,0.0,False,True,1.0,Severe,7.9,96.1,658.7,0.221,0.51,0.819,Road closure for event/procession - full detour recommended for through-traffic
EVT433397,2026-03-20 18:26:23,Fireworks Display,J031,Cubbon Road,29013,Weekday,True,Clear,False,0.0,False,False,1.0,Severe,8.8,68.9,543.0,0.19,0.44,0.881,Festival crowd surge detected - alternate route and extended cycle recommended
EVT433398,2026-03-02 07:16:33,Trade Fair,J020,Malleshwaram Circle,14173,Weekday,False,Rain,True,8.1,False,False,0.732,High,17.0,52.8,430.2,0.25,0.577,0.898,Heavy rain reducing visibility and grip - reduced speed and longer buffer advised
EVT433399,2026-01-22 11:00:58,Local Market Day,J040,City Market,3741,Weekday,False,Clear,False,0.0,False,False,0.441,Moderate,27.0,32.6,178.4,0.136,0.314,0.983,Moderate traffic flow - standard adaptive signal timing in effect
EVT433400,2026-03-08 18:27:45,Political Rally,J040,City Market,8682,Weekend,False,Clear,False,0.0,False,False,0.962,Severe,9.0,63.7,245.6,0.087,0.201,0.912,Heavy congestion detected - signal timing extended and reroute suggested
EVT433401,2025-09-22 18:14:22,Concert,J031,Cubbon Road,16292,Weekday,False,Clear,False,0.0,False,False,1.0,Severe,9.4,72.1,570.0,0.21,0.485,0.902,Heavy congestion detected - signal timing extended and reroute suggested
EVT433402,2025-05-04 08:44:59,Trade Fair,J020,Malleshwaram Circle,10101,Weekend,False,Clear,False,0.0,False,False,0.995,Severe,8.3,68.7,205.7,0.089,0.206,0.906,Heavy congestion detected - signal timing extended and reroute suggested
EVT433403,2025-03-21 14:36:53,Concert,J023,Basavanagudi,12413,Weekday,False,Clear,False,0.0,False,False,0.355,Moderate,19.0,25.8,156.3,0.107,0.247,0.959,Moderate traffic flow - standard adaptive signal timing in effect
EVT433404,2026-03-05 16:21:28,Fireworks Display,J023,Basavanagudi,14592,Weekday,True,Clear,False,0.0,False,False,0.797,Severe,14.0,55.4,268.6,0.133,0.306,0.898,Festival crowd surge detected - alternate route and extended cycle recommended
EVT433405,2026-03-23 23:04:46,Concert,J040,City Market,6374,Weekday,False,Clear,False,0.0,False,False,0.117,Low,34.6,3.7,104.7,0.076,0.176,0.953,Normal free-flow traffic - standard signal timing maintained
EVT433406,2025-09-05 09:20:31,Religious Festival,J031,Cubbon Road,51875,Weekday,True,Light Rain,True,5.9,False,False,1.0,Severe,9.1,72.6,571.8,0.217,0.502,0.802,Festival crowd surge detected - alternate route and extended cycle recommended
EVT433407,2025-03-08 20:20:41,Local Market Day,J040,City Market,4148,Weekend,False,Clear,False,0.0,False,False,0.629,High,21.4,44.0,259.4,0.183,0.423,0.989,Moderate traffic flow - standard adaptive signal timing in effect
EVT433408,2025-10-14 21:29:36,Local Market Day,J030,MG Road,4067,Weekday,False,Fog,False,0.0,False,False,0.334,Low,26.1,21.4,59.5,0.037,0.086,0.986,Moderate traffic flow - standard adaptive signal timing in effect
EVT433409,2025-11-04 18:10:06,Political Rally,J031,Cubbon Road,16660,Weekday,False,Clear,False,0.0,False,False,1.0,Severe,7.6,72.7,421.7,0.142,0.329,0.912,Heavy congestion detected - signal timing extended and reroute suggested
EVT433410,2025-11-27 18:22:46,Concert,J040,City Market,8871,Weekday,False,Clear,False,0.0,False,False,1.0,Severe,7.8,64.4,352.2,0.13,0.3,0.903,Heavy congestion detected - signal timing extended and reroute suggested
EVT433411,2025-04-25 15:02:40,Sports Fixture,J009,Majestic,26765,Weekday,False,Clear,False,0.0,False,False,0.477,Moderate,26.8,26.1,100.8,0.082,0.19,0.944,Moderate traffic flow - standard adaptive signal timing in effect
EVT433412,2025-11-21 08:13:53,Local Market Day,J009,Majestic,2760,Weekday,False,Fog,False,0.0,False,False,0.889,Severe,12.7,62.7,293.2,0.167,0.385,0.946,Heavy congestion detected - signal timing extended and reroute suggested
EVT433413,2025-04-12 12:55:25,Sports Fixture,J009,Majestic,27760,Weekend,False,Clear,False,0.0,False,False,0.435,Moderate,32.9,31.9,170.3,0.17,0.392,0.962,Moderate traffic flow - standard adaptive signal timing in effect
EVT433414,2026-01-01 17:39:52,Religious Festival,J023,Basavanagudi,75124,Weekday,True,Clear,False,0.0,False,False,1.0,Severe,7.5,70.3,604.6,0.193,0.445,0.876,Festival crowd surge detected - alternate route and extended cycle recommended
EVT433415,2025-10-15 16:32:26,Local Market Day,J011,Indiranagar 100ft Road,4845,Weekday,False,Clear,False,0.0,False,False,0.547,Moderate,21.6,33.1,154.1,0.103,0.239,0.989,Moderate traffic flow - standard adaptive signal timing in effect
EVT433416,2025-05-04 14:12:45,Local Market Day,J031,Cubbon Road,2568,Weekend,False,Clear,False,0.0,False,False,0.178,Low,39.0,9.4,185.7,0.177,0.409,0.961,Normal free-flow traffic - standard signal timing maintained
EVT433417,2026-05-26 11:59:57,Local Market Day,J031,Cubbon Road,3940,Weekday,False,Clear,False,0.0,False,False,0.312,Low,30.8,20.8,161.0,0.155,0.357,0.977,Moderate traffic flow - standard adaptive signal timing in effect
EVT433418,2025-06-21 08:03:43,Local Market Day,J031,Cubbon Road,5193,Weekend,False,Clear,False,0.0,False,False,0.755,Severe,12.0,55.5,448.3,0.192,0.444,0.954,Heavy congestion detected - signal timing extended and reroute suggested
EVT433419,2025-02-21 15:30:51,Sports Fixture,J031,Cubbon Road,23491,Weekday,False,Clear,False,0.0,False,False,0.522,Moderate,15.7,41.4,111.2,0.057,0.132,0.944,Moderate traffic flow - standard adaptive signal timing in effect
EVT433420,2025-07-13 17:57:20,Trade Fair,J009,Majestic,21880,Weekend,False,Clear,False,0.0,False,False,1.0,Severe,9.7,70.5,568.6,0.23,0.53,0.905,Heavy congestion detected - signal timing extended and reroute suggested
EVT433421,2025-06-04 10:18:26,Concert,J011,Indiranagar 100ft Road,9181,Weekday,False,Clear,False,0.0,False,False,0.658,High,22.7,48.9,241.2,0.182,0.42,0.947,Moderate traffic flow - standard adaptive signal timing in effect
EVT433422,2025-04-24 12:07:34,Concert,J023,Basavanagudi,14367,Weekday,False,Clear,False,0.0,False,False,0.203,Low,28.1,15.8,117.8,0.083,0.192,0.967,Normal free-flow traffic - standard signal timing maintained
EVT433423,2025-02-21 07:44:00,Concert,J012,Koramangala Sony World,12297,Weekday,False,Clear,False,0.0,False,False,0.822,Severe,13.8,57.6,334.5,0.154,0.356,0.943,Heavy congestion detected - signal timing extended and reroute suggested
EVT433424,2025-06-23 12:28:42,Political Rally,J030,MG Road,17976,Weekday,False,Clear,False,0.0,False,False,0.245,Low,35.4,22.7,178.1,0.141,0.325,0.948,Normal free-flow traffic - standard signal timing maintained
EVT433425,2026-06-04 07:59:46,Local Market Day,J031,Cubbon Road,3348,Weekday,False,Heavy Rain,True,38.2,False,False,1.0,Severe,5.9,68.6,800.7,0.203,0.468,0.848,Heavy rain reducing visibility and grip - reduced speed and longer buffer advised
EVT433426,2025-08-27 20:50:58,Fireworks Display,J023,Basavanagudi,19207,Weekday,True,Heavy Rain,True,49.4,False,False,1.0,Severe,8.2,68.6,641.8,0.223,0.515,0.809,Festival crowd surge detected - alternate route and extended cycle recommended
EVT433427,2025-12-24 07:30:17,Trade Fair,J011,Indiranagar 100ft Road,7484,Weekday,False,Clear,False,0.0,False,False,0.727,High,20.7,53.0,270.3,0.179,0.414,0.941,Moderate traffic flow - standard adaptive signal timing in effect
EVT433428,2025-06-16 16:13:02,Political Rally,J040,City Market,17144,Weekday,False,Heavy Rain,True,54.6,False,False,0.955,Severe,9.7,78.5,687.8,0.265,0.612,0.863,Heavy rain reducing visibility and grip - reduced speed and longer buffer advised
EVT433429,2025-06-05 17:34:49,Concert,J030,MG Road,14070,Weekday,False,Clear,False,0.0,False,False,0.905,Severe,11.0,59.1,167.9,0.074,0.171,0.925,Heavy congestion detected - signal timing extended and reroute suggested
EVT433430,2026-04-06 13:27:58,Sports Fixture,J011,Indiranagar 100ft Road,29107,Weekday,False,Clear,False,0.0,False,False,0.324,Low,28.4,25.9,174.6,0.125,0.29,0.967,Moderate traffic flow - standard adaptive signal timing in effect
EVT433431,2026-01-05 19:04:30,Sports Fixture,J011,Indiranagar 100ft Road,19028,Weekday,False,Light Rain,True,3.0,False,False,1.0,Severe,9.6,69.2,397.4,0.149,0.345,0.876,Heavy rain reducing visibility and grip - reduced speed and longer buffer advised
EVT433432,2026-01-09 16:56:52,Concert,J011,Indiranagar 100ft Road,11522,Weekday,False,Clear,False,0.0,False,False,0.725,High,16.2,46.2,163.4,0.086,0.198,0.98,Moderate traffic flow - standard adaptive signal timing in effect
EVT433433,2025-01-03 08:11:17,Sports Fixture,J009,Majestic,24980,Weekday,False,Clear,False,0.0,False,False,1.0,Severe,9.5,63.6,667.9,0.25,0.578,0.933,Heavy congestion detected - signal timing extended and reroute suggested
EVT433434,2025-06-15 17:10:59,Sports Fixture,J040,City Market,38319,Weekend,False,Light Rain,True,4.0,False,False,0.982,Severe,7.0,72.4,867.4,0.251,0.579,0.861,Heavy rain reducing visibility and grip - reduced speed and longer buffer advised
EVT433435,2025-06-27 11:59:35,Sports Fixture,J030,MG Road,17639,Weekday,False,Clear,False,0.0,False,False,0.329,Low,25.9,20.5,227.6,0.153,0.353,0.938,Moderate traffic flow - standard adaptive signal timing in effect
EVT433436,2025-09-15 19:43:49,Concert,J011,Indiranagar 100ft Road,12702,Weekday,False,Clear,False,0.0,False,False,0.908,Severe,10.6,73.1,497.9,0.227,0.524,0.944,Heavy congestion detected - signal timing extended and reroute suggested
EVT433437,2025-01-08 10:50:53,Sports Fixture,J011,Indiranagar 100ft Road,22605,Weekday,False,Light Rain,True,7.1,False,False,0.671,High,17.7,42.0,401.1,0.213,0.491,0.899,Heavy rain reducing visibility and grip - reduced speed and longer buffer advised
EVT433438,2025-02-12 17:42:51,Concert,J040,City Market,17727,Weekday,False,Light Rain,True,1.3,False,False,0.994,Severe,10.6,78.3,521.0,0.23,0.532,0.858,Heavy rain reducing visibility and grip - reduced speed and longer buffer advised
EVT433439,2025-12-11 06:56:38,Political Rally,J023,Basavanagudi,23955,Weekday,False,Clear,False,0.0,False,False,0.556,High,22.3,46.9,238.9,0.156,0.36,0.978,Moderate traffic flow - standard adaptive signal timing in effect
EVT433440,2025-01-02 13:48:05,Concert,J011,Indiranagar 100ft Road,12367,Weekday,False,Clear,False,0.0,False,False,0.185,Low,31.0,16.8,118.9,0.092,0.212,0.968,Normal free-flow traffic - standard signal timing maintained
EVT433441,2025-10-19 23:02:07,Concert,J023,Basavanagudi,16591,Weekend,False,Clear,False,0.0,False,False,0.227,Low,33.9,13.7,118.6,0.081,0.188,0.955,Normal free-flow traffic - standard signal timing maintained
EVT433442,2025-08-06 17:59:40,Sports Fixture,J023,Basavanagudi,34342,Weekday,False,Clear,False,0.0,False,False,1.0,Severe,8.9,70.6,492.0,0.181,0.418,0.937,Heavy congestion detected - signal timing extended and reroute suggested
EVT433443,2026-05-27 15:23:58,Sports Fixture,J011,Indiranagar 100ft Road,12274,Weekday,False,Clear,False,0.0,False,False,0.333,Low,22.7,26.4,200.0,0.158,0.366,0.957,Moderate traffic flow - standard adaptive signal timing in effect
EVT433444,2025-08-24 19:34:36,Sports Fixture,J009,Majestic,21567,Weekend,False,Heavy Rain,True,52.9,False,False,1.0,Severe,8.0,70.5,541.9,0.175,0.404,0.832,Heavy rain reducing visibility and grip - reduced speed and longer buffer advised
EVT433445,2026-05-18 12:39:51,Trade Fair,J040,City Market,5228,Weekday,False,Clear,False,0.0,False,False,0.266,Low,33.2,20.0,194.6,0.168,0.387,0.954,Moderate traffic flow - standard adaptive signal timing in effect
EVT433446,2025-06-10 16:04:54,Political Rally,J020,Malleshwaram Circle,12448,Weekday,False,Clear,False,0.0,False,False,0.569,High,23.6,41.9,195.5,0.134,0.31,0.952,Moderate traffic flow - standard adaptive signal timing in effect
EVT433447,2025-07-15 17:54:37,Concert,J030,MG Road,9143,Weekday,False,Heavy Rain,True,48.4,False,False,1.0,Severe,9.8,71.3,432.1,0.173,0.401,0.848,Heavy rain reducing visibility and grip - reduced speed and longer buffer advised
EVT433448,2026-04-08 08:58:25,Political Rally,J011,Indiranagar 100ft Road,20223,Weekday,False,Rain,True,12.5,False,False,1.0,Severe,7.8,74.2,470.5,0.155,0.358,0.873,Heavy rain reducing visibility and grip - reduced speed and longer buffer advised
EVT433449,2025-06-02 14:52:58,Political Rally,J020,Malleshwaram Circle,10573,Weekday,False,Heavy Rain,True,46.6,False,False,0.65,High,23.4,47.6,207.8,0.143,0.329,0.92,Heavy rain reducing visibility and grip - reduced speed and longer buffer advised
EVT433450,2026-05-11 14:05:53,Local Market Day,J020,Malleshwaram Circle,8190,Weekday,False,Clear,False,0.0,False,False,0.191,Low,33.8,17.7,100.3,0.085,0.197,0.969,Normal free-flow traffic - standard signal timing maintained
EVT433451,2025-10-10 06:47:36,Concert,J023,Basavanagudi,24332,Weekday,False,Clear,False,0.0,False,False,0.473,Moderate,20.9,33.2,338.1,0.21,0.486,0.934,Moderate traffic flow - standard adaptive signal timing in effect
EVT433452,2026-01-04 08:48:23,Local Market Day,J012,Koramangala Sony World,3735,Weekend,False,Clear,False,0.0,False,False,0.845,Severe,12.9,63.0,339.6,0.166,0.384,0.944,Heavy congestion detected - signal timing extended and reroute suggested
EVT433453,2026-06-22 08:59:51,Local Market Day,J031,Cubbon Road,4716,Weekday,False,Clear,False,0.0,False,False,1.0,Severe,8.4,65.7,577.7,0.176,0.408,0.9,Heavy congestion detected - signal timing extended and reroute suggested
EVT433454,2026-06-16 18:17:40,Sports Fixture,J009,Majestic,16212,Weekday,False,Clear,False,0.0,False,False,1.0,Severe,8.0,72.8,791.5,0.257,0.595,0.908,Heavy congestion detected - signal timing extended and reroute suggested
EVT433455,2025-06-26 09:44:58,Trade Fair,J012,Koramangala Sony World,5785,Weekday,False,Heavy Rain,True,29.5,False,False,1.0,Severe,8.9,78.4,573.3,0.199,0.459,0.869,Heavy rain reducing visibility and grip - reduced speed and longer buffer advised
EVT433456,2025-04-01 07:03:47,Sports Fixture,J012,Koramangala Sony World,21754,Weekday,False,Clear,False,0.0,False,False,0.601,High,16.7,39.6,212.3,0.122,0.281,0.986,Moderate traffic flow - standard adaptive signal timing in effect
EVT433457,2025-11-21 10:08:56,Local Market Day,J011,Indiranagar 100ft Road,3496,Weekday,False,Clear,False,0.0,False,False,0.743,High,14.7,58.2,432.1,0.222,0.512,0.959,Moderate traffic flow - standard adaptive signal timing in effect
EVT433458,2025-08-30 18:25:26,Political Rally,J020,Malleshwaram Circle,23384,Weekend,False,Clear,False,0.0,False,False,0.901,Severe,14.6,62.8,393.6,0.202,0.467,0.931,Heavy congestion detected - signal timing extended and reroute suggested
EVT433459,2025-08-17 18:15:15,Local Market Day,J011,Indiranagar 100ft Road,10303,Weekend,False,Heavy Rain,True,42.8,False,False,1.0,Severe,8.7,69.6,430.9,0.172,0.398,0.865,Heavy rain reducing visibility and grip - reduced speed and longer buffer advised
EVT433460,2026-01-13 18:35:46,Trade Fair,J031,Cubbon Road,6909,Weekday,False,Clear,False,0.0,False,False,1.0,Severe,8.3,70.0,396.5,0.116,0.269,0.917,Heavy congestion detected - signal timing extended and reroute suggested
EVT433461,2025-06-19 09:16:28,Trade Fair,J009,Majestic,13969,Weekday,False,Heavy Rain,True,57.9,False,False,1.0,Severe,7.2,71.6,574.0,0.166,0.383,0.833,Heavy rain reducing visibility and grip - reduced speed and longer buffer advised
EVT433462,2025-04-15 11:44:27,Religious Festival,J011,Indiranagar 100ft Road,68848,Weekday,True,Clear,False,0.0,False,True,1.0,Severe,8.8,109.7,818.9,0.309,0.713,0.842,Road closure for event/procession - full detour recommended for through-traffic
EVT433463,2025-09-07 06:04:33,Political Rally,J023,Basavanagudi,31260,Weekend,False,Clear,False,0.0,False,False,0.461,Moderate,30.0,39.5,245.3,0.181,0.418,0.963,Moderate traffic flow - standard adaptive signal timing in effect
EVT433464,2025-12-07 09:42:42,Trade Fair,J040,City Market,8815,Weekend,False,Clear,False,0.0,False,False,0.82,Severe,14.7,60.3,429.9,0.229,0.529,0.942,Heavy congestion detected - signal timing extended and reroute suggested
EVT433465,2025-07-03 20:38:54,Concert,J011,Indiranagar 100ft Road,23259,Weekday,False,Rain,True,17.7,False,False,0.842,Severe,11.6,65.6,658.7,0.302,0.698,0.877,Heavy rain reducing visibility and grip - reduced speed and longer buffer advised
EVT433466,2025-06-11 20:17:59,Local Market Day,J031,Cubbon Road,3164,Weekday,False,Clear,False,0.0,False,False,0.551,High,24.7,47.0,263.7,0.196,0.454,0.951,Moderate traffic flow - standard adaptive signal timing in effect
EVT433467,2026-02-10 19:38:39,Sports Fixture,J030,MG Road,35342,Weekday,False,Clear,False,0.0,False,False,1.0,Severe,6.1,76.4,1138.8,0.296,0.683,0.924,Heavy congestion detected - signal timing extended and reroute suggested
EVT433468,2025-11-14 10:09:34,Local Market Day,J009,Majestic,4739,Weekday,False,Clear,False,0.0,False,False,0.842,Severe,15.3,61.4,310.8,0.183,0.423,0.93,Heavy congestion detected - signal timing extended and reroute suggested
EVT433469,2025-12-08 13:55:00,Trade Fair,J020,Malleshwaram Circle,9211,Weekday,False,Clear,False,0.0,False,False,0.187,Low,35.1,12.1,66.4,0.063,0.145,0.963,Normal free-flow traffic - standard signal timing maintained
EVT433470,2026-02-06 21:02:28,Local Market Day,J020,Malleshwaram Circle,3944,Weekday,False,Clear,False,0.0,False,False,0.441,Moderate,26.1,30.0,195.2,0.141,0.325,0.966,Moderate traffic flow - standard adaptive signal timing in effect
EVT433471,2025-04-10 08:22:45,Sports Fixture,J030,MG Road,20516,Weekday,False,Clear,False,0.0,False,False,0.949,Severe,9.5,70.7,218.9,0.092,0.214,0.917,Heavy congestion detected - signal timing extended and reroute suggested
EVT433472,2026-05-16 20:51:35,Concert,J023,Basavanagudi,7951,Weekend,False,Clear,False,0.0,False,False,0.486,Moderate,31.3,32.8,219.9,0.201,0.465,0.955,Moderate traffic flow - standard adaptive signal timing in effect
EVT433473,2025-09-25 14:11:57,Sports Fixture,J030,MG Road,21860,Weekday,False,Rain,True,14.6,True,False,0.894,Severe,11.8,64.4,513.3,0.222,0.513,0.699,Accident detected nearby - reroute and reduced speed advised
EVT433474,2025-06-18 07:24:17,Sports Fixture,J020,Malleshwaram Circle,34627,Weekday,False,Clear,False,0.0,False,False,0.728,High,16.5,51.8,391.1,0.225,0.52,0.933,Moderate traffic flow - standard adaptive signal timing in effect
EVT433475,2025-10-31 21:11:09,Political Rally,J020,Malleshwaram Circle,19811,Weekday,False,Clear,False,0.0,False,False,0.498,Moderate,18.5,31.7,237.4,0.12,0.276,0.96,Moderate traffic flow - standard adaptive signal timing in effect
EVT433476,2025-04-05 20:24:26,Local Market Day,J012,Koramangala Sony World,6422,Weekend,False,Clear,False,0.0,False,False,0.564,High,21.1,43.0,185.0,0.139,0.32,0.99,Moderate traffic flow - standard adaptive signal timing in effect
EVT433477,2026-01-23 13:18:18,Trade Fair,J023,Basavanagudi,9293,Weekday,False,Light Rain,True,4.6,False,False,0.22,Low,26.0,20.9,305.5,0.201,0.464,0.904,Light rain detected - minor speed reduction advised
EVT433478,2025-11-01 08:33:31,Fireworks Display,J012,Koramangala Sony World,27375,Weekend,True,Clear,False,0.0,False,False,1.0,Severe,7.5,64.6,673.4,0.205,0.474,0.856,Festival crowd surge detected - alternate route and extended cycle recommended
EVT433479,2025-06-16 06:29:05,Political Rally,J030,MG Road,21000,Weekday,False,Clear,False,0.0,False,False,0.465,Moderate,25.8,34.5,192.4,0.132,0.305,0.958,Moderate traffic flow - standard adaptive signal timing in effect
EVT433480,2026-03-17 18:51:35,Trade Fair,J012,Koramangala Sony World,14350,Weekday,False,Clear,False,0.0,False,False,1.0,Severe,10.7,78.2,339.8,0.157,0.362,0.912,Heavy congestion detected - signal timing extended and reroute suggested
EVT433481,2025-07-18 19:03:38,Concert,J020,Malleshwaram Circle,10626,Weekday,False,Rain,True,17.9,False,False,1.0,Severe,8.8,72.5,273.9,0.1,0.23,0.859,Heavy rain reducing visibility and grip - reduced speed and longer buffer advised
EVT433482,2026-02-18 19:32:09,Local Market Day,J020,Malleshwaram Circle,3139,Weekday,False,Fog,False,0.0,False,False,0.91,Severe,11.0,58.0,515.8,0.23,0.531,0.938,Heavy congestion detected - signal timing extended and reroute suggested
EVT433483,2025-03-26 11:18:16,Local Market Day,J020,Malleshwaram Circle,5083,Weekday,False,Clear,False,0.0,False,False,0.305,Low,33.7,28.9,168.1,0.158,0.364,0.973,Moderate traffic flow - standard adaptive signal timing in effect
EVT433484,2025-09-14 18:07:20,Local Market Day,J012,Koramangala Sony World,4528,Weekend,False,Heavy Rain,True,55.4,False,False,1.0,Severe,7.3,71.3,803.6,0.255,0.59,0.887,Heavy rain reducing visibility and grip - reduced speed and longer buffer advised
EVT433485,2026-04-15 06:19:46,Cultural Procession,J040,City Market,31766,Weekday,True,Clear,False,0.0,False,True,0.778,High,16.3,80.1,416.4,0.232,0.535,0.878,Road closure for event/procession - full detour recommended for through-traffic
EVT433486,2025-08-04 08:24:43,Trade Fair,J012,Koramangala Sony World,7021,Weekday,False,Clear,False,0.0,False,False,0.969,Severe,8.8,70.2,704.5,0.231,0.534,0.907,Heavy congestion detected - signal timing extended and reroute suggested
EVT433487,2026-05-15 18:22:37,Sports Fixture,J011,Indiranagar 100ft Road,14947,Weekday,False,Clear,False,0.0,False,False,1.0,Severe,7.5,73.8,693.8,0.214,0.495,0.935,Heavy congestion detected - signal timing extended and reroute suggested
EVT433488,2026-06-13 09:40:21,Concert,J009,Majestic,13085,Weekend,False,Rain,True,17.0,False,False,1.0,Severe,9.0,64.2,561.9,0.209,0.483,0.87,Heavy rain reducing visibility and grip - reduced speed and longer buffer advised
EVT433489,2026-04-24 17:00:51,Local Market Day,J020,Malleshwaram Circle,3890,Weekday,False,Clear,False,0.0,False,False,0.723,High,15.8,51.1,432.4,0.249,0.575,0.964,Moderate traffic flow - standard adaptive signal timing in effect
EVT433490,2026-04-04 10:15:18,Local Market Day,J030,MG Road,6381,Weekend,False,Clear,False,0.0,False,False,0.674,High,21.3,46.8,291.5,0.204,0.47,0.971,Moderate traffic flow - standard adaptive signal timing in effect
EVT433491,2025-05-20 09:18:33,Local Market Day,J031,Cubbon Road,3101,Weekday,False,Clear,False,0.0,False,False,0.939,Severe,8.5,61.6,601.0,0.209,0.484,0.926,Heavy congestion detected - signal timing extended and reroute suggested
EVT433492,2025-06-11 10:28:54,Sports Fixture,J040,City Market,27800,Weekday,False,Rain,True,9.1,False,False,0.867,Severe,12.4,59.9,286.9,0.135,0.311,0.88,Heavy rain reducing visibility and grip - reduced speed and longer buffer advised
EVT433493,2025-04-21 09:10:56,Local Market Day,J031,Cubbon Road,4771,Weekday,False,Clear,False,0.0,False,False,1.0,Severe,7.5,74.1,372.0,0.137,0.317,0.923,Heavy congestion detected - signal timing extended and reroute suggested
EVT433494,2026-05-13 09:28:22,Concert,J040,City Market,16137,Weekday,False,Clear,False,0.0,False,False,1.0,Severe,8.2,75.1,555.2,0.185,0.428,0.91,Heavy congestion detected - signal timing extended and reroute suggested
EVT433495,2026-01-03 16:04:51,Concert,J030,MG Road,11924,Weekend,False,Clear,False,0.0,False,False,0.518,Moderate,23.9,36.8,176.1,0.131,0.303,0.972,Moderate traffic flow - standard adaptive signal timing in effect
EVT433496,2025-02-13 20:29:53,Concert,J023,Basavanagudi,15325,Weekday,False,Clear,False,0.0,False,False,0.712,High,17.1,56.7,341.8,0.185,0.428,0.952,Moderate traffic flow - standard adaptive signal timing in effect
EVT433497,2026-01-03 08:51:08,Local Market Day,J011,Indiranagar 100ft Road,2810,Weekend,False,Clear,False,0.0,False,False,0.868,Severe,16.5,61.0,258.4,0.167,0.385,0.918,Heavy congestion detected - signal timing extended and reroute suggested
EVT433498,2025-05-18 07:59:47,Local Market Day,J011,Indiranagar 100ft Road,4654,Weekend,False,Clear,False,0.0,False,False,0.68,High,17.6,52.5,479.6,0.273,0.63,0.961,Moderate traffic flow - standard adaptive signal timing in effect
EVT433499,2025-12-06 16:06:46,Local Market Day,J023,Basavanagudi,2716,Weekend,False,Clear,False,0.0,False,False,0.493,Moderate,26.7,27.4,76.9,0.06,0.139,0.955,Moderate traffic flow - standard adaptive signal timing in effect
EVT433500,2025-11-29 07:36:02,Trade Fair,J009,Majestic,6440,Weekend,False,Clear,False,0.0,False,False,0.516,Moderate,25.1,41.9,190.0,0.145,0.335,0.976,Moderate traffic flow - standard adaptive signal timing in effect
EVT433501,2025-04-04 17:14:54,Sports Fixture,J030,MG Road,28463,Weekday,False,Clear,False,0.0,False,False,0.981,Severe,8.3,69.3,485.5,0.156,0.361,0.903,Heavy congestion detected - signal timing extended and reroute suggested
EVT433502,2025-11-09 17:00:52,Local Market Day,J031,Cubbon Road,3203,Weekend,False,Clear,False,0.0,False,False,0.633,High,17.2,41.4,207.2,0.126,0.29,0.966,Moderate traffic flow - standard adaptive signal timing in effect
EVT433503,2025-02-13 18:21:02,Concert,J030,MG Road,10173,Weekday,False,Light Rain,True,3.3,False,False,1.0,Severe,7.7,72.6,594.4,0.187,0.432,0.84,Heavy rain reducing visibility and grip - reduced speed and longer buffer advised
EVT433504,2025-05-16 07:09:32,Local Market Day,J020,Malleshwaram Circle,3696,Weekday,False,Clear,False,0.0,False,False,0.479,Moderate,28.6,34.5,93.9,0.071,0.165,0.977,Moderate traffic flow - standard adaptive signal timing in effect
EVT433505,2026-01-16 18:20:10,Sports Fixture,J009,Majestic,25546,Weekday,False,Clear,False,0.0,False,False,1.0,Severe,8.3,74.6,747.7,0.272,0.629,0.892,Heavy congestion detected - signal timing extended and reroute suggested
EVT433506,2025-07-11 08:21:13,Local Market Day,J030,MG Road,2515,Weekday,False,Clear,False,0.0,False,False,0.961,Severe,11.1,66.4,225.2,0.099,0.228,0.924,Heavy congestion detected - signal timing extended and reroute suggested
EVT433507,2025-07-29 08:28:23,Concert,J031,Cubbon Road,12021,Weekday,False,Rain,True,17.3,False,False,1.0,Severe,9.0,67.0,561.4,0.206,0.476,0.866,Heavy rain reducing visibility and grip - reduced speed and longer buffer advised
EVT433508,2025-09-03 19:05:34,Sports Fixture,J030,MG Road,20933,Weekday,False,Clear,False,0.0,False,False,1.0,Severe,8.2,65.6,427.9,0.134,0.31,0.903,Heavy congestion detected - signal timing extended and reroute suggested
EVT433509,2026-06-11 10:06:17,Trade Fair,J030,MG Road,12197,Weekday,False,Clear,False,0.0,False,False,0.852,Severe,11.8,58.1,610.5,0.255,0.589,0.969,Heavy congestion detected - signal timing extended and reroute suggested
EVT433510,2025-09-17 12:32:30,Local Market Day,J030,MG Road,4674,Weekday,False,Rain,True,23.0,False,False,0.496,Moderate,17.5,34.2,374.9,0.208,0.481,0.92,Light rain detected - minor speed reduction advised
EVT433511,2025-11-08 18:42:42,Sports Fixture,J011,Indiranagar 100ft Road,15232,Weekend,False,Clear,False,0.0,False,False,0.914,Severe,12.5,65.7,416.1,0.192,0.444,0.925,Heavy congestion detected - signal timing extended and reroute suggested
EVT433512,2025-12-23 13:05:31,Sports Fixture,J040,City Market,13390,Weekday,False,Clear,False,0.0,False,False,0.255,Low,28.3,16.6,202.2,0.153,0.353,0.965,Moderate traffic flow - standard adaptive signal timing in effect
EVT433513,2025-02-14 15:03:50,Trade Fair,J030,MG Road,10873,Weekday,False,Clear,False,0.0,False,False,0.315,Low,21.9,24.9,181.5,0.133,0.308,0.99,Moderate traffic flow - standard adaptive signal timing in effect
EVT433514,2025-03-30 15:37:21,Religious Festival,J040,City Market,24429,Weekend,True,Clear,False,0.0,False,False,0.717,High,16.6,46.3,336.5,0.18,0.417,0.914,Festival crowd surge detected - alternate route and extended cycle recommended
EVT433515,2025-03-29 08:26:10,Sports Fixture,J040,City Market,21729,Weekend,False,Clear,False,0.0,False,False,0.988,Severe,12.1,72.4,234.7,0.115,0.265,0.909,Heavy congestion detected - signal timing extended and reroute suggested
EVT433516,2025-02-19 12:54:11,Local Market Day,J011,Indiranagar 100ft Road,5081,Weekday,False,Clear,False,0.0,False,False,0.127,Low,41.1,11.6,136.0,0.148,0.341,0.965,Normal free-flow traffic - standard signal timing maintained
EVT433517,2026-01-23 12:09:34,Sports Fixture,J040,City Market,22641,Weekday,False,Clear,False,0.0,False,False,0.339,Low,33.4,29.5,204.4,0.185,0.427,0.953,Moderate traffic flow - standard adaptive signal timing in effect
EVT433518,2025-08-27 07:03:22,Religious Festival,J031,Cubbon Road,34168,Weekday,True,Rain,True,8.7,False,False,0.971,Severe,9.2,72.0,691.0,0.254,0.587,0.815,Festival crowd surge detected - alternate route and extended cycle recommended
EVT433519,2025-01-07 08:26:10,Trade Fair,J020,Malleshwaram Circle,15559,Weekday,False,Light Rain,True,3.1,False,False,1.0,Severe,8.9,72.1,639.5,0.207,0.478,0.872,Heavy rain reducing visibility and grip - reduced speed and longer buffer advised
EVT433520,2025-07-28 00:40:26,Trade Fair,J011,Indiranagar 100ft Road,7439,Weekday,False,Rain,True,13.1,False,False,0.287,Low,31.3,16.3,131.6,0.099,0.229,0.916,Light rain detected - minor speed reduction advised
EVT433521,2026-05-17 14:57:53,Local Market Day,J031,Cubbon Road,2610,Weekend,False,Clear,False,0.0,False,False,0.244,Low,26.3,13.7,315.2,0.236,0.545,0.979,Normal free-flow traffic - standard signal timing maintained
EVT433522,2025-01-24 10:47:44,Political Rally,J040,City Market,12058,Weekday,False,Clear,False,0.0,False,False,0.566,High,25.9,43.0,202.2,0.169,0.39,0.944,Moderate traffic flow - standard adaptive signal timing in effect
EVT433523,2025-04-28 07:26:57,Political Rally,J012,Koramangala Sony World,16400,Weekday,False,Clear,False,0.0,False,False,0.628,High,17.5,42.2,215.8,0.1,0.232,0.922,Moderate traffic flow - standard adaptive signal timing in effect
EVT433524,2025-08-16 21:57:45,Fireworks Display,J040,City Market,20256,Weekend,True,Heavy Rain,True,28.5,False,False,0.91,Severe,9.0,67.1,471.8,0.172,0.397,0.826,Festival crowd surge detected - alternate route and extended cycle recommended
EVT433525,2025-08-16 19:01:05,Religious Festival,J023,Basavanagudi,29507,Weekend,True,Rain,True,8.6,False,False,1.0,Severe,7.5,72.3,289.7,0.096,0.221,0.836,Festival crowd surge detected - alternate route and extended cycle recommended
EVT433526,2026-03-24 07:01:49,Concert,J011,Indiranagar 100ft Road,15538,Weekday,False,Clear,False,0.0,False,False,0.544,Moderate,23.1,38.1,215.1,0.156,0.361,0.96,Moderate traffic flow - standard adaptive signal timing in effect
EVT433527,2025-03-23 18:19:04,Sports Fixture,J030,MG Road,18072,Weekend,False,Clear,False,0.0,False,False,0.898,Severe,11.0,60.3,268.7,0.099,0.229,0.968,Heavy congestion detected - signal timing extended and reroute suggested
EVT433528,2025-09-04 11:51:20,Trade Fair,J031,Cubbon Road,11655,Weekday,False,Clear,False,0.0,False,False,0.287,Low,33.1,21.4,170.2,0.135,0.311,0.953,Moderate traffic flow - standard adaptive signal timing in effect
EVT433529,2026-02-12 10:12:10,Concert,J009,Majestic,8715,Weekday,False,Clear,False,0.0,False,False,0.681,High,16.4,54.7,118.8,0.066,0.153,0.952,Moderate traffic flow - standard adaptive signal timing in effect
EVT433530,2025-07-11 08:53:59,Concert,J020,Malleshwaram Circle,16294,Weekday,False,Rain,True,11.5,False,False,1.0,Severe,8.6,73.3,726.6,0.256,0.591,0.874,Heavy rain reducing visibility and grip - reduced speed and longer buffer advised
EVT433531,2025-06-26 15:20:24,Sports Fixture,J012,Koramangala Sony World,26025,Weekday,False,Clear,False,0.0,False,False,0.537,Moderate,24.7,45.4,180.6,0.152,0.351,0.982,Moderate traffic flow - standard adaptive signal timing in effect
EVT433532,2025-07-12 13:18:26,Political Rally,J009,Majestic,19368,Weekend,False,Rain,True,21.2,False,False,0.583,High,25.9,44.5,288.8,0.224,0.517,0.924,Heavy rain reducing visibility and grip - reduced speed and longer buffer advised
EVT433533,2025-12-25 06:08:29,Cultural Procession,J040,City Market,16099,Weekday,True,Light Rain,True,4.1,False,True,0.827,High,20.1,86.7,344.5,0.241,0.557,0.8,Road closure for event/procession - full detour recommended for through-traffic
EVT433534,2025-04-01 17:09:45,Sports Fixture,J023,Basavanagudi,12165,Weekday,False,Rain,True,11.4,False,False,0.929,Severe,12.2,68.8,234.3,0.119,0.274,0.889,Heavy rain reducing visibility and grip - reduced speed and longer buffer advised
EVT433535,2025-08-19 08:10:36,Sports Fixture,J031,Cubbon Road,31393,Weekday,False,Rain,True,12.2,False,False,1.0,Severe,6.3,70.5,724.6,0.218,0.504,0.89,Heavy rain reducing visibility and grip - reduced speed and longer buffer advised
EVT433536,2025-09-29 16:09:36,Concert,J023,Basavanagudi,20660,Weekday,False,Clear,False,0.0,False,False,0.63,High,21.5,44.7,196.6,0.105,0.242,0.968,Moderate traffic flow - standard adaptive signal timing in effect
EVT433537,2026-04-11 12:35:28,Sports Fixture,J020,Malleshwaram Circle,17353,Weekend,False,Rain,True,8.4,False,False,0.47,Moderate,24.1,33.1,235.4,0.153,0.354,0.938,Light rain detected - minor speed reduction advised
EVT433538,2025-01-25 11:29:36,Sports Fixture,J020,Malleshwaram Circle,26144,Weekend,False,Clear,False,0.0,False,False,0.558,High,28.1,38.3,216.6,0.185,0.427,0.98,Moderate traffic flow - standard adaptive signal timing in effect
EVT433539,2025-04-13 13:44:41,Concert,J012,Koramangala Sony World,6865,Weekend,False,Clear,False,0.0,False,False,0.305,Low,36.5,15.4,83.3,0.062,0.143,0.957,Moderate traffic flow - standard adaptive signal timing in effect
EVT433540,2026-04-30 15:34:35,Local Market Day,J012,Koramangala Sony World,4328,Weekday,False,Rain,True,7.6,False,False,0.413,Moderate,29.5,23.1,183.2,0.159,0.367,0.931,Light rain detected - minor speed reduction advised
EVT433541,2026-02-27 17:01:17,Sports Fixture,J020,Malleshwaram Circle,26720,Weekday,False,Clear,False,0.0,False,False,0.792,Severe,16.8,51.3,193.7,0.113,0.261,0.951,Heavy congestion detected - signal timing extended and reroute suggested
EVT433542,2025-08-03 21:20:33,Trade Fair,J020,Malleshwaram Circle,9096,Weekend,False,Clear,False,0.0,False,False,0.436,Moderate,25.6,36.1,90.9,0.055,0.126,0.956,Moderate traffic flow - standard adaptive signal timing in effect
EVT433543,2025-04-23 06:13:25,Local Market Day,J023,Basavanagudi,4689,Weekday,False,Clear,False,0.0,False,False,0.281,Low,28.8,26.0,74.7,0.044,0.102,0.965,Moderate traffic flow - standard adaptive signal timing in effect
EVT433544,2025-04-29 20:57:58,Local Market Day,J023,Basavanagudi,3250,Weekday,False,Clear,False,0.0,False,False,0.468,Moderate,25.0,33.0,130.7,0.109,0.252,0.962,Moderate traffic flow - standard adaptive signal timing in effect
EVT433545,2025-01-20 19:51:05,Political Rally,J009,Majestic,13093,Weekday,False,Clear,False,0.0,False,False,0.802,Severe,16.3,52.0,325.7,0.184,0.425,0.923,Heavy congestion detected - signal timing extended and reroute suggested
EVT433546,2025-04-10 15:59:58,Local Market Day,J009,Majestic,4235,Weekday,False,Clear,False,0.0,False,False,0.441,Moderate,24.5,29.7,179.6,0.119,0.274,0.971,Moderate traffic flow - standard adaptive signal timing in effect
EVT433547,2025-07-12 17:03:59,Local Market Day,J023,Basavanagudi,3414,Weekend,False,Clear,False,0.0,False,False,0.688,High,16.1,51.2,414.4,0.228,0.526,0.956,Moderate traffic flow - standard adaptive signal timing in effect
EVT433548,2025-06-11 07:18:32,Local Market Day,J030,MG Road,5104,Weekday,False,Light Rain,True,1.8,False,False,0.581,High,26.1,42.9,144.4,0.108,0.25,0.918,Heavy rain reducing visibility and grip - reduced speed and longer buffer advised
EVT433549,2025-01-25 13:50:48,Sports Fixture,J040,City Market,20280,Weekend,False,Clear,False,0.0,False,False,0.389,Moderate,25.3,21.8,238.3,0.166,0.384,0.984,Moderate traffic flow - standard adaptive signal timing in effect
EVT433550,2025-09-29 15:46:56,Concert,J012,Koramangala Sony World,17859,Weekday,False,Rain,True,16.3,False,False,0.589,High,25.1,43.5,115.8,0.081,0.188,0.929,Heavy rain reducing visibility and grip - reduced speed and longer buffer advised
EVT433551,2025-02-27 14:51:38,Local Market Day,J009,Majestic,4015,Weekday,False,Clear,False,0.0,False,False,0.286,Low,31.7,16.4,168.0,0.141,0.326,0.966,Moderate traffic flow - standard adaptive signal timing in effect
EVT433552,2025-01-05 13:30:48,Local Market Day,J020,Malleshwaram Circle,5720,Weekend,False,Clear,False,0.0,False,False,0.255,Low,26.8,17.3,140.8,0.096,0.222,0.935,Moderate traffic flow - standard adaptive signal timing in effect
EVT433553,2025-04-12 16:47:40,Political Rally,J023,Basavanagudi,13382,Weekend,False,Fog,False,0.0,False,False,0.664,High,19.9,36.4,130.2,0.088,0.202,0.947,Moderate traffic flow - standard adaptive signal timing in effect
EVT433554,2025-05-11 11:54:32,Local Market Day,J020,Malleshwaram Circle,5609,Weekend,False,Light Rain,True,5.4,False,False,0.392,Moderate,22.9,28.4,255.5,0.166,0.384,0.921,Light rain detected - minor speed reduction advised
EVT433555,2025-04-04 08:00:59,Local Market Day,J012,Koramangala Sony World,4497,Weekday,False,Clear,False,0.0,False,False,0.831,Severe,15.1,62.5,378.3,0.215,0.496,0.956,Heavy congestion detected - signal timing extended and reroute suggested
EVT433556,2025-02-18 08:30:21,Concert,J030,MG Road,11402,Weekday,False,Clear,False,0.0,False,False,0.995,Severe,7.0,66.0,869.1,0.223,0.515,0.937,Heavy congestion detected - signal timing extended and reroute suggested
EVT433557,2026-01-27 11:29:25,Cultural Procession,J031,Cubbon Road,23541,Weekday,True,Clear,False,0.0,False,False,0.665,High,21.8,47.0,195.3,0.126,0.291,0.907,Festival crowd surge detected - alternate route and extended cycle recommended
EVT433558,2025-08-14 13:34:39,Local Market Day,J023,Basavanagudi,3004,Weekday,False,Clear,False,0.0,False,False,0.136,Low,32.2,9.8,152.7,0.122,0.281,0.972,Normal free-flow traffic - standard signal timing maintained
EVT433559,2025-01-11 15:14:57,Sports Fixture,J011,Indiranagar 100ft Road,46616,Weekend,False,Clear,False,0.0,False,False,0.568,High,19.8,42.4,250.8,0.157,0.363,0.962,Moderate traffic flow - standard adaptive signal timing in effect
EVT433560,2026-04-09 19:19:03,Concert,J023,Basavanagudi,15101,Weekday,False,Clear,False,0.0,False,False,1.0,Severe,9.0,70.7,384.8,0.123,0.285,0.908,Heavy congestion detected - signal timing extended and reroute suggested
EVT433561,2026-06-13 18:57:35,Sports Fixture,J031,Cubbon Road,16127,Weekend,False,Clear,False,0.0,False,False,0.914,Severe,11.4,59.3,538.9,0.262,0.606,0.893,Heavy congestion detected - signal timing extended and reroute suggested
EVT433562,2025-09-15 05:11:13,Local Market Day,J030,MG Road,6855,Weekday,False,Clear,False,0.0,False,False,0.149,Low,41.1,5.9,67.9,0.072,0.167,0.976,Normal free-flow traffic - standard signal timing maintained
EVT433563,2025-01-05 08:10:17,Trade Fair,J011,Indiranagar 100ft Road,11232,Weekend,False,Clear,False,0.0,False,False,0.766,Severe,16.3,51.4,222.2,0.139,0.321,0.943,Heavy congestion detected - signal timing extended and reroute suggested
EVT433564,2026-01-18 08:30:50,Sports Fixture,J040,City Market,17787,Weekend,False,Clear,False,0.0,False,False,0.952,Severe,10.7,74.0,408.8,0.194,0.449,0.914,Heavy congestion detected - signal timing extended and reroute suggested
EVT433565,2026-05-23 11:00:19,Local Market Day,J020,Malleshwaram Circle,5039,Weekend,False,Clear,False,0.0,False,False,0.44,Moderate,28.6,28.2,165.7,0.124,0.288,0.963,Moderate traffic flow - standard adaptive signal timing in effect
EVT433566,2025-05-19 20:28:35,Local Market Day,J020,Malleshwaram Circle,4708,Weekday,False,Clear,False,0.0,False,False,0.597,High,24.9,44.8,222.8,0.158,0.364,0.972,Moderate traffic flow - standard adaptive signal timing in effect
EVT433567,2026-06-26 13:25:07,Concert,J009,Majestic,17428,Weekday,False,Clear,False,0.0,False,False,0.266,Low,28.5,18.8,182.8,0.133,0.308,0.962,Moderate traffic flow - standard adaptive signal timing in effect
EVT433568,2026-05-30 11:30:39,Trade Fair,J030,MG Road,10348,Weekend,False,Clear,False,0.0,False,False,0.299,Low,32.3,21.9,195.1,0.17,0.393,0.957,Moderate traffic flow - standard adaptive signal timing in effect
EVT433569,2025-05-26 14:53:08,Local Market Day,J031,Cubbon Road,2280,Weekday,False,Clear,False,0.0,False,False,0.224,Low,30.6,12.9,206.0,0.172,0.398,0.981,Normal free-flow traffic - standard signal timing maintained
EVT433570,2026-01-28 19:09:27,Sports Fixture,J030,MG Road,54867,Weekday,False,Clear,False,0.0,False,False,1.0,Severe,7.5,74.1,726.7,0.236,0.544,0.919,Heavy congestion detected - signal timing extended and reroute suggested
EVT433571,2026-04-13 16:13:21,Local Market Day,J012,Koramangala Sony World,3987,Weekday,False,Clear,False,0.0,False,False,0.414,Moderate,27.0,21.6,137.6,0.118,0.273,0.967,Moderate traffic flow - standard adaptive signal timing in effect
EVT433572,2025-04-25 07:45:18,Local Market Day,J012,Koramangala Sony World,3030,Weekday,False,Clear,False,0.0,False,False,0.68,High,22.6,47.0,251.2,0.179,0.413,0.976,Moderate traffic flow - standard adaptive signal timing in effect
EVT433573,2025-02-18 15:02:02,Concert,J009,Majestic,13363,Weekday,False,Clear,False,0.0,False,False,0.307,Low,35.7,17.7,212.0,0.198,0.457,0.959,Moderate traffic flow - standard adaptive signal timing in effect
EVT433574,2025-05-23 19:09:46,Sports Fixture,J031,Cubbon Road,20241,Weekday,False,Clear,False,0.0,False,False,1.0,Severe,8.7,71.6,826.4,0.277,0.641,0.905,Heavy congestion detected - signal timing extended and reroute suggested
EVT433575,2025-11-18 17:34:35,Local Market Day,J030,MG Road,3518,Weekday,False,Clear,False,0.0,False,False,0.911,Severe,10.9,63.5,605.7,0.264,0.611,0.95,Heavy congestion detected - signal timing extended and reroute suggested
EVT433576,2025-06-24 15:38:51,Local Market Day,J031,Cubbon Road,7055,Weekday,False,Rain,True,17.4,False,False,0.645,High,21.4,53.0,332.6,0.222,0.512,0.927,Heavy rain reducing visibility and grip - reduced speed and longer buffer advised
EVT433577,2026-02-26 16:36:21,Concert,J009,Majestic,13697,Weekday,False,Clear,False,0.0,False,False,0.621,High,21.2,50.1,283.7,0.192,0.443,0.962,Moderate traffic flow - standard adaptive signal timing in effect
EVT433578,2025-08-01 08:11:27,Sports Fixture,J030,MG Road,21939,Weekday,False,Clear,False,0.0,False,False,1.0,Severe,8.7,75.7,495.2,0.177,0.41,0.93,Heavy congestion detected - signal timing extended and reroute suggested
EVT433579,2025-04-10 08:39:31,Sports Fixture,J031,Cubbon Road,17620,Weekday,False,Clear,False,0.0,False,False,1.0,Severe,7.3,76.7,560.1,0.169,0.391,0.895,Heavy congestion detected - signal timing extended and reroute suggested
EVT433580,2026-04-23 20:18:08,Trade Fair,J040,City Market,10435,Weekday,False,Clear,False,0.0,False,False,0.702,High,17.3,47.1,374.3,0.205,0.474,0.961,Moderate traffic flow - standard adaptive signal timing in effect
EVT433581,2025-12-21 19:01:59,Sports Fixture,J040,City Market,13533,Weekend,False,Fog,False,0.0,False,False,0.903,Severe,14.5,67.6,354.9,0.188,0.435,0.943,Heavy congestion detected - signal timing extended and reroute suggested
EVT433582,2025-05-07 20:48:33,Sports Fixture,J011,Indiranagar 100ft Road,18439,Weekday,False,Clear,False,0.0,False,False,0.569,High,25.5,44.7,187.3,0.137,0.316,0.984,Moderate traffic flow - standard adaptive signal timing in effect
EVT433583,2026-02-12 21:57:21,Local Market Day,J009,Majestic,5225,Weekday,False,Clear,False,0.0,False,False,0.239,Low,32.8,17.3,145.9,0.126,0.291,0.978,Normal free-flow traffic - standard signal timing maintained
EVT433584,2025-03-30 18:40:24,Cultural Procession,J009,Majestic,36112,Weekend,True,Clear,False,0.0,False,True,1.0,Severe,8.3,102.1,717.8,0.248,0.572,0.818,Road closure for event/procession - full detour recommended for through-traffic
EVT433585,2026-05-07 10:17:11,Trade Fair,J040,City Market,4585,Weekday,False,Clear,False,0.0,False,False,0.7,High,25.8,58.0,138.5,0.105,0.242,0.976,Moderate traffic flow - standard adaptive signal timing in effect
EVT433586,2025-01-28 19:30:29,Concert,J012,Koramangala Sony World,11554,Weekday,False,Clear,False,0.0,False,False,0.954,Severe,7.7,77.7,746.2,0.224,0.518,0.89,Heavy congestion detected - signal timing extended and reroute suggested
EVT433587,2025-08-20 11:38:25,Concert,J009,Majestic,5494,Weekday,False,Heavy Rain,True,39.1,False,False,0.717,High,16.1,50.9,369.6,0.204,0.471,0.922,Heavy rain reducing visibility and grip - reduced speed and longer buffer advised
EVT433588,2025-03-28 19:15:13,Trade Fair,J020,Malleshwaram Circle,7425,Weekday,False,Clear,False,0.0,False,False,0.989,Severe,8.7,63.5,841.7,0.294,0.68,0.919,Heavy congestion detected - signal timing extended and reroute suggested
EVT433589,2025-02-03 16:35:49,Concert,J011,Indiranagar 100ft Road,11611,Weekday,False,Clear,False,0.0,False,False,0.649,High,17.1,48.7,370.9,0.206,0.476,0.99,Moderate traffic flow - standard adaptive signal timing in effect
EVT433590,2025-04-28 19:16:08,Trade Fair,J031,Cubbon Road,5934,Weekday,False,Clear,False,0.0,False,False,1.0,Severe,6.9,70.0,534.2,0.162,0.375,0.903,Heavy congestion detected - signal timing extended and reroute suggested
EVT433591,2026-04-08 13:23:49,Trade Fair,J011,Indiranagar 100ft Road,9896,Weekday,False,Clear,False,0.0,False,False,0.186,Low,23.3,15.9,158.9,0.102,0.235,0.958,Normal free-flow traffic - standard signal timing maintained
EVT433592,2025-07-18 18:12:18,Concert,J040,City Market,13193,Weekday,False,Heavy Rain,True,70.4,False,False,1.0,Severe,9.9,75.0,196.9,0.091,0.211,0.858,Heavy rain reducing visibility and grip - reduced speed and longer buffer advised
EVT433593,2025-11-18 09:35:49,Trade Fair,J030,MG Road,5683,Weekday,False,Clear,False,0.0,False,False,0.9,Severe,13.3,66.0,296.8,0.16,0.369,0.938,Heavy congestion detected - signal timing extended and reroute suggested
EVT433594,2025-01-27 08:13:53,Cultural Procession,J031,Cubbon Road,22178,Weekday,True,Clear,False,0.0,False,True,1.0,Severe,7.6,108.8,889.9,0.272,0.627,0.837,Road closure for event/procession - full detour recommended for through-traffic
EVT433595,2025-04-24 08:26:57,Local Market Day,J009,Majestic,3360,Weekday,False,Clear,False,0.0,False,False,1.0,Severe,7.8,75.7,239.9,0.104,0.24,0.924,Heavy congestion detected - signal timing extended and reroute suggested
EVT433596,2025-10-22 04:00:40,Religious Festival,J030,MG Road,35424,Weekday,True,Rain,True,8.2,False,False,0.628,High,20.8,43.5,264.4,0.182,0.421,0.855,Festival crowd surge detected - alternate route and extended cycle recommended
EVT433597,2026-05-06 09:22:05,Local Market Day,J023,Basavanagudi,4118,Weekday,False,Clear,False,0.0,False,False,0.941,Severe,11.0,73.0,424.3,0.181,0.418,0.947,Heavy congestion detected - signal timing extended and reroute suggested
EVT433598,2025-06-27 10:59:42,Sports Fixture,J023,Basavanagudi,14927,Weekday,False,Clear,False,0.0,False,False,0.539,Moderate,28.0,38.5,117.7,0.084,0.194,0.968,Moderate traffic flow - standard adaptive signal timing in effect
EVT433599,2025-04-15 18:16:27,Cultural Procession,J009,Majestic,26470,Weekday,True,Clear,False,0.0,False,True,1.0,Severe,7.6,108.7,852.1,0.3,0.694,0.81,Road closure for event/procession - full detour recommended for through-traffic
EVT433600,2025-01-17 08:25:37,Political Rally,J040,City Market,9511,Weekday,False,Clear,False,0.0,False,False,0.95,Severe,9.9,63.4,405.1,0.153,0.355,0.912,Heavy congestion detected - signal timing extended and reroute suggested
EVT433601,2026-05-09 19:02:45,Political Rally,J012,Koramangala Sony World,10140,Weekend,False,Clear,False,0.0,False,False,0.8,Severe,16.8,52.8,189.6,0.118,0.273,0.937,Heavy congestion detected - signal timing extended and reroute suggested
EVT433602,2026-05-05 07:32:02,Local Market Day,J011,Indiranagar 100ft Road,5492,Weekday,False,Clear,False,0.0,False,False,0.61,High,21.8,47.1,230.0,0.138,0.32,0.949,Moderate traffic flow - standard adaptive signal timing in effect
EVT433603,2025-10-09 17:36:32,Political Rally,J020,Malleshwaram Circle,13057,Weekday,False,Clear,False,0.0,False,False,0.868,Severe,14.2,58.1,144.0,0.068,0.156,0.931,Heavy congestion detected - signal timing extended and reroute suggested
EVT433604,2026-02-10 18:38:05,Local Market Day,J011,Indiranagar 100ft Road,4409,Weekday,False,Clear,False,0.0,False,False,1.0,Severe,9.1,67.3,185.2,0.092,0.212,0.911,Heavy congestion detected - signal timing extended and reroute suggested
EVT433605,2025-05-26 20:34:35,Concert,J040,City Market,16466,Weekday,False,Rain,True,7.9,False,False,0.804,Severe,12.3,57.7,447.8,0.192,0.443,0.912,Heavy rain reducing visibility and grip - reduced speed and longer buffer advised
EVT433606,2025-06-05 15:47:34,Local Market Day,J011,Indiranagar 100ft Road,2223,Weekday,False,Heavy Rain,True,89.6,False,False,0.714,High,20.2,42.8,193.2,0.137,0.317,0.928,Heavy rain reducing visibility and grip - reduced speed and longer buffer advised
EVT433607,2025-06-25 18:19:18,Concert,J020,Malleshwaram Circle,13139,Weekday,False,Clear,False,0.0,False,False,1.0,Severe,8.5,71.5,513.5,0.18,0.415,0.927,Heavy congestion detected - signal timing extended and reroute suggested
EVT433608,2026-04-30 18:33:18,Concert,J012,Koramangala Sony World,27840,Weekday,False,Clear,False,0.0,False,False,1.0,Severe,9.3,77.5,427.0,0.177,0.408,0.913,Heavy congestion detected - signal timing extended and reroute suggested
EVT433609,2025-12-01 11:23:07,Sports Fixture,J023,Basavanagudi,19463,Weekday,False,Clear,False,0.0,False,False,0.476,Moderate,29.5,32.8,139.6,0.118,0.272,0.944,Moderate traffic flow - standard adaptive signal timing in effect
EVT433610,2026-02-21 12:55:44,Concert,J031,Cubbon Road,9331,Weekend,False,Clear,False,0.0,False,False,0.291,Low,29.0,27.3,203.1,0.166,0.383,0.97,Moderate traffic flow - standard adaptive signal timing in effect
EVT433611,2025-07-17 01:17:06,Local Market Day,J020,Malleshwaram Circle,7902,Weekday,False,Rain,True,11.8,False,False,0.331,Low,35.5,26.8,83.4,0.078,0.18,0.942,Light rain detected - minor speed reduction advised
EVT433612,2026-04-23 16:10:21,Sports Fixture,J023,Basavanagudi,12694,Weekday,False,Rain,True,9.1,False,False,0.619,High,17.0,44.8,309.3,0.177,0.409,0.922,Heavy rain reducing visibility and grip - reduced speed and longer buffer advised
EVT433613,2026-03-29 07:17:06,Local Market Day,J040,City Market,4784,Weekend,False,Clear,False,0.0,False,False,0.461,Moderate,29.7,35.2,157.9,0.131,0.303,0.96,Moderate traffic flow - standard adaptive signal timing in effect
EVT433614,2025-06-02 20:39:39,Trade Fair,J040,City Market,5820,Weekday,False,Rain,True,15.1,False,False,0.679,High,21.8,46.2,253.5,0.189,0.436,0.934,Heavy rain reducing visibility and grip - reduced speed and longer buffer advised
EVT433615,2025-07-27 14:44:27,Trade Fair,J040,City Market,7573,Weekend,False,Clear,False,0.0,False,False,0.314,Low,26.4,22.3,214.8,0.149,0.344,0.954,Moderate traffic flow - standard adaptive signal timing in effect
EVT433616,2025-11-16 09:40:49,Trade Fair,J023,Basavanagudi,8078,Weekend,False,Clear,False,0.0,False,False,0.842,Severe,10.8,62.2,452.4,0.19,0.439,0.919,Heavy congestion detected - signal timing extended and reroute suggested
EVT433617,2025-11-02 19:36:18,Religious Festival,J009,Majestic,75196,Weekend,True,Clear,False,0.0,False,False,1.0,Severe,7.8,66.4,546.2,0.193,0.446,0.889,Festival crowd surge detected - alternate route and extended cycle recommended
EVT433618,2025-08-04 14:06:42,Trade Fair,J011,Indiranagar 100ft Road,7912,Weekday,False,Rain,True,19.3,False,False,0.468,Moderate,26.6,36.6,249.7,0.18,0.416,0.891,Light rain detected - minor speed reduction advised
EVT433619,2025-08-02 10:05:40,Trade Fair,J030,MG Road,8126,Weekend,False,Heavy Rain,True,30.6,False,False,0.903,Severe,11.2,63.1,560.1,0.226,0.523,0.877,Heavy rain reducing visibility and grip - reduced speed and longer buffer advised
EVT433620,2025-05-28 21:42:56,Concert,J040,City Market,7938,Weekday,False,Clear,False,0.0,False,False,0.291,Low,31.8,25.1,188.2,0.167,0.386,0.942,Moderate traffic flow - standard adaptive signal timing in effect
EVT433621,2025-09-22 16:24:29,Concert,J040,City Market,13522,Weekday,False,Rain,True,14.4,False,False,0.796,Severe,13.8,52.7,457.8,0.235,0.543,0.925,Heavy rain reducing visibility and grip - reduced speed and longer buffer advised
EVT433622,2026-05-18 17:41:02,Local Market Day,J012,Koramangala Sony World,4773,Weekday,False,Clear,False,0.0,False,False,0.933,Severe,11.4,68.6,356.4,0.162,0.374,0.936,Heavy congestion detected - signal timing extended and reroute suggested
EVT433623,2025-12-24 10:09:28,Sports Fixture,J040,City Market,21646,Weekday,False,Clear,False,0.0,False,False,0.895,Severe,11.9,63.0,154.7,0.064,0.149,0.946,Heavy congestion detected - signal timing extended and reroute suggested
EVT433624,2025-05-17 07:32:20,Local Market Day,J012,Koramangala Sony World,3489,Weekend,False,Clear,False,0.0,False,False,0.649,High,19.1,47.6,305.8,0.185,0.427,0.972,Moderate traffic flow - standard adaptive signal timing in effect
EVT433625,2025-06-09 18:49:07,Sports Fixture,J011,Indiranagar 100ft Road,51896,Weekday,False,Clear,False,0.0,False,False,1.0,Severe,7.2,73.7,441.4,0.131,0.304,0.886,Heavy congestion detected - signal timing extended and reroute suggested
EVT433626,2026-06-21 16:17:46,Sports Fixture,J031,Cubbon Road,29350,Weekend,False,Heavy Rain,True,33.1,False,False,1.0,Severe,9.2,78.7,440.1,0.156,0.36,0.866,Heavy rain reducing visibility and grip - reduced speed and longer buffer advised
EVT433627,2025-08-16 14:58:45,Cultural Procession,J031,Cubbon Road,20532,Weekend,True,Clear,False,0.0,False,False,0.553,High,22.7,37.9,258.3,0.177,0.408,0.893,Festival crowd surge detected - alternate route and extended cycle recommended
EVT433628,2026-06-22 08:47:47,Local Market Day,J030,MG Road,2427,Weekday,False,Heavy Rain,True,56.6,False,False,1.0,Severe,7.7,71.8,637.2,0.2,0.463,0.861,Heavy rain reducing visibility and grip - reduced speed and longer buffer advised
EVT433629,2025-11-24 16:00:38,Concert,J009,Majestic,27394,Weekday,False,Clear,False,0.0,False,False,0.587,High,21.9,36.2,247.9,0.169,0.389,0.957,Moderate traffic flow - standard adaptive signal timing in effect
EVT433630,2026-04-28 17:00:24,Trade Fair,J030,MG Road,8637,Weekday,False,Clear,False,0.0,False,False,0.771,Severe,15.3,58.8,309.1,0.161,0.372,0.956,Heavy congestion detected - signal timing extended and reroute suggested
EVT433631,2025-03-19 09:19:33,Trade Fair,J011,Indiranagar 100ft Road,13671,Weekday,False,Clear,False,0.0,False,False,1.0,Severe,9.1,71.8,661.8,0.226,0.523,0.907,Heavy congestion detected - signal timing extended and reroute suggested
EVT433632,2026-01-01 13:15:12,Cultural Procession,J040,City Market,22517,Weekday,True,Clear,False,0.0,False,True,0.733,High,15.6,75.7,418.1,0.207,0.478,0.875,Road closure for event/procession - full detour recommended for through-traffic
EVT433633,2025-04-03 10:53:40,Sports Fixture,J020,Malleshwaram Circle,27050,Weekday,False,Clear,False,0.0,False,False,0.564,High,24.4,41.5,298.6,0.201,0.465,0.99,Moderate traffic flow - standard adaptive signal timing in effect
EVT433634,2025-03-05 23:51:48,Sports Fixture,J030,MG Road,25534,Weekday,False,Clear,False,0.0,False,False,0.277,Low,35.7,31.1,197.3,0.177,0.408,0.957,Moderate traffic flow - standard adaptive signal timing in effect
EVT433635,2025-03-05 08:59:46,Political Rally,J030,MG Road,25428,Weekday,False,Light Rain,True,2.5,False,False,1.0,Severe,8.4,79.5,563.3,0.182,0.421,0.857,Heavy rain reducing visibility and grip - reduced speed and longer buffer advised
EVT433636,2025-10-26 12:30:12,Local Market Day,J011,Indiranagar 100ft Road,3055,Weekend,False,Clear,False,0.0,False,False,0.302,Low,33.3,19.3,156.6,0.129,0.297,0.982,Moderate traffic flow - standard adaptive signal timing in effect
EVT433637,2025-06-30 15:40:52,Sports Fixture,J023,Basavanagudi,37506,Weekday,False,Clear,False,0.0,False,False,0.609,High,22.0,46.1,178.9,0.114,0.262,0.959,Moderate traffic flow - standard adaptive signal timing in effect
EVT433638,2025-12-28 15:54:20,Local Market Day,J040,City Market,3188,Weekend,False,Clear,False,0.0,False,False,0.483,Moderate,25.6,29.7,89.0,0.055,0.126,0.982,Moderate traffic flow - standard adaptive signal timing in effect
EVT433639,2026-02-11 09:59:51,Trade Fair,J020,Malleshwaram Circle,14556,Weekday,False,Clear,False,0.0,False,False,0.899,Severe,11.5,66.5,560.8,0.227,0.525,0.95,Heavy congestion detected - signal timing extended and reroute suggested
EVT433640,2025-10-24 11:41:37,Local Market Day,J023,Basavanagudi,4505,Weekday,False,Clear,False,0.0,False,False,0.315,Low,27.8,18.7,163.8,0.113,0.26,0.951,Moderate traffic flow - standard adaptive signal timing in effect
EVT433641,2025-08-17 18:12:49,Concert,J030,MG Road,14217,Weekend,False,Rain,True,14.7,False,False,1.0,Severe,7.8,73.2,779.8,0.249,0.574,0.872,Heavy rain reducing visibility and grip - reduced speed and longer buffer advised
EVT433642,2026-04-28 11:11:03,Concert,J040,City Market,14628,Weekday,False,Clear,False,0.0,False,False,0.456,Moderate,24.6,32.7,260.1,0.17,0.392,0.951,Moderate traffic flow - standard adaptive signal timing in effect
EVT433643,2025-03-24 17:23:40,Local Market Day,J031,Cubbon Road,3017,Weekday,False,Clear,False,0.0,False,False,0.801,Severe,15.2,54.2,231.7,0.127,0.293,0.96,Heavy congestion detected - signal timing extended and reroute suggested
EVT433644,2025-12-16 19:53:55,Local Market Day,J020,Malleshwaram Circle,3216,Weekday,False,Fog,False,0.0,False,False,0.803,Severe,15.6,64.1,359.4,0.213,0.492,0.94,Heavy congestion detected - signal timing extended and reroute suggested
EVT433645,2026-05-16 09:28:16,Local Market Day,J040,City Market,4472,Weekend,False,Light Rain,True,7.2,False,False,1.0,Severe,7.8,72.4,536.8,0.197,0.456,0.874,Heavy rain reducing visibility and grip - reduced speed and longer buffer advised
EVT433646,2025-09-17 15:34:41,Local Market Day,J009,Majestic,5647,Weekday,False,Clear,False,0.0,False,False,0.406,Moderate,25.7,32.2,141.8,0.107,0.247,0.974,Moderate traffic flow - standard adaptive signal timing in effect
EVT433647,2025-03-25 07:12:42,Trade Fair,J023,Basavanagudi,10979,Weekday,False,Clear,False,0.0,False,False,0.543,Moderate,25.1,37.7,235.7,0.176,0.407,0.976,Moderate traffic flow - standard adaptive signal timing in effect
EVT433648,2026-04-27 16:22:43,Political Rally,J031,Cubbon Road,12186,Weekday,False,Clear,False,0.0,False,False,0.545,Moderate,25.5,38.6,123.7,0.097,0.224,0.95,Moderate traffic flow - standard adaptive signal timing in effect
EVT433649,2025-04-13 05:35:49,Local Market Day,J020,Malleshwaram Circle,3190,Weekend,False,Clear,False,0.0,False,False,0.286,Low,24.8,18.6,122.6,0.078,0.179,0.969,Moderate traffic flow - standard adaptive signal timing in effect
EVT433650,2025-02-09 18:41:48,Local Market Day,J023,Basavanagudi,6536,Weekend,False,Clear,False,0.0,False,False,0.811,Severe,15.4,59.0,460.0,0.251,0.58,0.99,Heavy congestion detected - signal timing extended and reroute suggested
EVT433651,2026-01-20 20:58:36,Concert,J012,Koramangala Sony World,8512,Weekday,False,Clear,False,0.0,False,False,0.452,Moderate,25.8,33.9,217.8,0.178,0.411,0.971,Moderate traffic flow - standard adaptive signal timing in effect
EVT433652,2026-02-17 19:07:36,Local Market Day,J009,Majestic,6092,Weekday,False,Fog,False,0.0,False,False,0.928,Severe,10.8,67.3,432.7,0.168,0.388,0.928,Heavy congestion detected - signal timing extended and reroute suggested
EVT433653,2025-04-15 19:10:55,Religious Festival,J011,Indiranagar 100ft Road,37470,Weekday,True,Clear,False,0.0,False,False,1.0,Severe,7.1,76.1,669.5,0.213,0.492,0.873,Festival crowd surge detected - alternate route and extended cycle recommended
EVT433654,2025-04-22 09:41:45,Sports Fixture,J023,Basavanagudi,32062,Weekday,False,Clear,False,0.0,False,False,1.0,Severe,8.2,71.3,393.9,0.137,0.316,0.924,Heavy congestion detected - signal timing extended and reroute suggested
EVT433655,2026-01-13 14:55:08,Political Rally,J012,Koramangala Sony World,21836,Weekday,False,Clear,False,0.0,False,False,0.374,Moderate,21.1,31.5,308.1,0.195,0.451,0.952,Moderate traffic flow - standard adaptive signal timing in effect
EVT433656,2026-02-08 08:19:24,Local Market Day,J012,Koramangala Sony World,5053,Weekend,False,Clear,False,0.0,False,False,0.851,Severe,15.2,59.9,244.8,0.114,0.264,0.928,Heavy congestion detected - signal timing extended and reroute suggested
EVT433657,2025-12-26 20:22:09,Religious Festival,J023,Basavanagudi,35702,Weekday,True,Clear,False,0.0,False,True,1.0,Severe,7.7,92.7,775.0,0.235,0.544,0.835,Road closure for event/procession - full detour recommended for through-traffic
EVT433658,2026-02-24 12:07:52,Local Market Day,J020,Malleshwaram Circle,7322,Weekday,False,Clear,False,0.0,False,False,0.192,Low,41.9,12.1,88.2,0.077,0.178,0.947,Normal free-flow traffic - standard signal timing maintained
EVT433659,2025-09-09 22:34:12,Sports Fixture,J031,Cubbon Road,13303,Weekday,False,Clear,False,0.0,False,False,0.263,Low,30.5,17.9,173.2,0.137,0.315,0.963,Moderate traffic flow - standard adaptive signal timing in effect
EVT433660,2025-09-30 07:16:40,Sports Fixture,J040,City Market,32601,Weekday,False,Clear,False,0.0,False,False,0.782,Severe,17.0,55.0,289.8,0.153,0.354,0.947,Heavy congestion detected - signal timing extended and reroute suggested
EVT433661,2025-08-18 19:14:27,Concert,J020,Malleshwaram Circle,15894,Weekday,False,Clear,False,0.0,False,False,0.956,Severe,9.1,65.9,634.6,0.227,0.523,0.936,Heavy congestion detected - signal timing extended and reroute suggested
EVT433662,2025-05-29 06:56:16,Sports Fixture,J031,Cubbon Road,31342,Weekday,False,Rain,True,16.9,False,False,0.819,Severe,12.5,53.2,521.7,0.231,0.535,0.917,Heavy rain reducing visibility and grip - reduced speed and longer buffer advised
EVT433663,2026-06-18 12:53:41,Trade Fair,J030,MG Road,11635,Weekday,False,Clear,False,0.0,False,False,0.179,Low,30.3,12.5,185.1,0.146,0.338,0.99,Normal free-flow traffic - standard signal timing maintained
EVT433664,2026-06-03 13:35:53,Local Market Day,J012,Koramangala Sony World,3052,Weekday,False,Rain,True,19.3,False,False,0.254,Low,38.8,19.3,81.8,0.076,0.175,0.919,Light rain detected - minor speed reduction advised
EVT433665,2026-04-29 08:36:41,Local Market Day,J023,Basavanagudi,7209,Weekday,False,Clear,False,0.0,False,False,1.0,Severe,7.9,70.3,499.9,0.169,0.39,0.902,Heavy congestion detected - signal timing extended and reroute suggested
EVT433666,2025-02-22 19:44:48,Local Market Day,J020,Malleshwaram Circle,2925,Weekend,False,Fog,False,0.0,False,False,0.63,High,13.6,43.8,119.0,0.068,0.157,0.985,Moderate traffic flow - standard adaptive signal timing in effect
EVT433667,2026-03-13 08:28:18,Sports Fixture,J023,Basavanagudi,16479,Weekday,False,Clear,False,0.0,False,False,0.999,Severe,10.1,68.6,796.7,0.321,0.741,0.931,Heavy congestion detected - signal timing extended and reroute suggested
EVT433668,2026-04-06 11:21:43,Sports Fixture,J023,Basavanagudi,19401,Weekday,False,Clear,False,0.0,False,False,0.508,Moderate,25.3,37.1,214.8,0.155,0.357,0.975,Moderate traffic flow - standard adaptive signal timing in effect
EVT433669,2025-05-25 14:54:24,Local Market Day,J031,Cubbon Road,5041,Weekend,False,Clear,False,0.0,False,False,0.304,Low,29.2,26.2,142.7,0.116,0.268,0.956,Moderate traffic flow - standard adaptive signal timing in effect
EVT433670,2025-09-02 10:08:41,Local Market Day,J009,Majestic,2876,Weekday,False,Clear,False,0.0,False,False,0.78,Severe,18.7,55.8,202.3,0.13,0.301,0.963,Heavy congestion detected - signal timing extended and reroute suggested
EVT433671,2025-11-29 21:04:39,Local Market Day,J011,Indiranagar 100ft Road,6098,Weekend,False,Clear,False,0.0,False,False,0.514,Moderate,25.0,37.7,147.9,0.104,0.241,0.967,Moderate traffic flow - standard adaptive signal timing in effect
EVT433672,2025-09-05 17:05:56,Cultural Procession,J012,Koramangala Sony World,24275,Weekday,True,Clear,False,0.0,False,True,1.0,Severe,5.9,110.9,750.9,0.197,0.455,0.835,Road closure for event/procession - full detour recommended for through-traffic
EVT433673,2026-05-19 19:23:23,Concert,J030,MG Road,24368,Weekday,False,Clear,False,0.0,False,False,0.981,Severe,8.9,80.8,394.1,0.149,0.344,0.92,Heavy congestion detected - signal timing extended and reroute suggested
EVT433674,2026-03-12 01:53:05,Political Rally,J030,MG Road,21707,Weekday,False,Clear,False,0.0,True,False,0.752,Severe,12.0,52.4,189.9,0.102,0.234,0.824,Accident detected nearby - reroute and reduced speed advised
EVT433675,2026-05-12 10:38:48,Local Market Day,J031,Cubbon Road,2649,Weekday,False,Rain,True,12.5,False,False,0.651,High,22.0,45.4,210.2,0.148,0.341,0.902,Heavy rain reducing visibility and grip - reduced speed and longer buffer advised
EVT433676,2025-05-30 08:33:15,Trade Fair,J009,Majestic,6712,Weekday,False,Clear,False,0.0,False,False,1.0,Severe,8.0,66.8,653.8,0.213,0.493,0.919,Heavy congestion detected - signal timing extended and reroute suggested
EVT433677,2026-05-20 09:57:48,Sports Fixture,J031,Cubbon Road,23211,Weekday,False,Light Rain,True,0.9,False,False,1.0,Severe,8.8,73.5,677.9,0.218,0.504,0.87,Heavy rain reducing visibility and grip - reduced speed and longer buffer advised
EVT433678,2025-10-28 13:20:57,Concert,J040,City Market,30588,Weekday,False,Clear,False,0.0,False,False,0.33,Low,34.8,18.7,101.2,0.102,0.235,0.955,Moderate traffic flow - standard adaptive signal timing in effect
EVT433679,2025-09-06 09:29:52,Religious Festival,J040,City Market,24655,Weekend,True,Clear,False,0.0,False,False,1.0,Severe,7.7,75.1,537.2,0.15,0.347,0.879,Festival crowd surge detected - alternate route and extended cycle recommended
EVT433680,2025-09-15 10:57:28,Trade Fair,J020,Malleshwaram Circle,12538,Weekday,False,Clear,False,0.0,False,False,0.493,Moderate,28.0,34.5,168.4,0.147,0.341,0.951,Moderate traffic flow - standard adaptive signal timing in effect
EVT433681,2026-01-04 09:04:55,Sports Fixture,J040,City Market,28247,Weekend,False,Clear,False,0.0,False,False,1.0,Severe,8.7,68.5,452.7,0.163,0.376,0.92,Heavy congestion detected - signal timing extended and reroute suggested
EVT433682,2025-07-11 11:57:47,Sports Fixture,J031,Cubbon Road,20500,Weekday,False,Heavy Rain,True,62.1,False,False,0.659,High,21.3,49.3,244.2,0.149,0.345,0.902,Heavy rain reducing visibility and grip - reduced speed and longer buffer advised
EVT433683,2025-10-22 14:49:04,Religious Festival,J009,Majestic,33013,Weekday,True,Fog,False,0.0,False,True,0.83,High,13.6,88.5,365.5,0.181,0.419,0.854,Road closure for event/procession - full detour recommended for through-traffic
EVT433684,2025-09-21 15:10:15,Local Market Day,J023,Basavanagudi,2605,Weekend,False,Rain,True,24.4,False,False,0.609,High,20.2,49.6,106.8,0.074,0.17,0.939,Heavy rain reducing visibility and grip - reduced speed and longer buffer advised
EVT433685,2025-07-22 10:01:45,Local Market Day,J009,Majestic,4785,Weekday,False,Clear,False,0.0,False,False,0.827,Severe,17.1,64.3,375.4,0.234,0.541,0.929,Heavy congestion detected - signal timing extended and reroute suggested
EVT433686,2025-07-27 10:46:59,Trade Fair,J011,Indiranagar 100ft Road,7922,Weekend,False,Clear,False,0.0,False,False,0.485,Moderate,24.0,32.7,85.4,0.064,0.148,0.987,Moderate traffic flow - standard adaptive signal timing in effect
EVT433687,2025-07-24 18:07:38,Sports Fixture,J023,Basavanagudi,19159,Weekday,False,Rain,True,12.4,False,False,1.0,Severe,6.8,72.3,849.7,0.252,0.583,0.873,Heavy rain reducing visibility and grip - reduced speed and longer buffer advised
EVT433688,2025-05-27 14:28:18,Concert,J009,Majestic,9679,Weekday,False,Clear,False,0.0,False,False,0.194,Low,34.7,14.6,246.9,0.211,0.487,0.982,Normal free-flow traffic - standard signal timing maintained
EVT433689,2026-05-31 10:08:09,Local Market Day,J009,Majestic,3641,Weekend,False,Clear,False,0.0,False,False,0.637,High,20.1,48.4,279.3,0.173,0.4,0.966,Moderate traffic flow - standard adaptive signal timing in effect
EVT433690,2025-10-02 21:40:50,Cultural Procession,J011,Indiranagar 100ft Road,11186,Weekday,True,Fog,False,0.0,False,True,0.721,High,19.3,71.9,411.7,0.249,0.576,0.908,Road closure for event/procession - full detour recommended for through-traffic
EVT433691,2026-03-19 18:31:23,Fireworks Display,J023,Basavanagudi,25492,Weekday,True,Clear,False,0.0,False,False,1.0,Severe,8.7,75.2,598.6,0.228,0.528,0.895,Festival crowd surge detected - alternate route and extended cycle recommended
EVT433692,2025-08-21 08:02:39,Trade Fair,J009,Majestic,6177,Weekday,False,Rain,True,17.9,False,False,1.0,Severe,8.0,74.0,433.6,0.154,0.356,0.861,Heavy rain reducing visibility and grip - reduced speed and longer buffer advised
EVT433693,2025-07-20 20:33:35,Concert,J011,Indiranagar 100ft Road,24048,Weekend,False,Clear,False,0.0,False,False,0.578,High,20.7,43.5,303.8,0.215,0.497,0.958,Moderate traffic flow - standard adaptive signal timing in effect
EVT433694,2025-01-30 08:12:23,Local Market Day,J011,Indiranagar 100ft Road,6846,Weekday,False,Clear,False,0.0,False,False,0.898,Severe,16.6,64.5,130.4,0.061,0.14,0.95,Heavy congestion detected - signal timing extended and reroute suggested
EVT433695,2025-03-25 20:01:21,Local Market Day,J011,Indiranagar 100ft Road,2823,Weekday,False,Clear,False,0.0,False,False,0.699,High,18.9,48.2,287.8,0.167,0.385,0.985,Moderate traffic flow - standard adaptive signal timing in effect
EVT433696,2026-02-07 13:36:36,Trade Fair,J023,Basavanagudi,11356,Weekend,False,Clear,False,0.0,False,False,0.326,Low,23.9,21.3,285.3,0.193,0.446,0.99,Moderate traffic flow - standard adaptive signal timing in effect
EVT433697,2025-05-25 18:50:03,Local Market Day,J023,Basavanagudi,3572,Weekend,False,Clear,False,0.0,False,False,0.915,Severe,11.2,64.6,415.1,0.185,0.428,0.925,Heavy congestion detected - signal timing extended and reroute suggested
EVT433698,2026-04-28 18:30:37,Political Rally,J023,Basavanagudi,9203,Weekday,False,Clear,False,0.0,False,False,1.0,Severe,9.4,75.8,198.2,0.083,0.192,0.88,Heavy congestion detected - signal timing extended and reroute suggested
EVT433699,2026-05-28 09:50:11,Political Rally,J012,Koramangala Sony World,21061,Weekday,False,Clear,False,0.0,False,False,0.949,Severe,8.7,61.6,316.7,0.11,0.254,0.91,Heavy congestion detected - signal timing extended and reroute suggested
EVT433700,2025-01-17 19:40:55,Concert,J023,Basavanagudi,12972,Weekday,False,Clear,False,0.0,False,False,0.811,Severe,15.4,56.6,240.9,0.129,0.298,0.953,Heavy congestion detected - signal timing extended and reroute suggested
EVT433701,2025-06-11 15:25:24,Sports Fixture,J040,City Market,19958,Weekday,False,Rain,True,24.4,False,False,0.694,High,17.8,46.2,190.9,0.115,0.265,0.928,Heavy rain reducing visibility and grip - reduced speed and longer buffer advised
EVT433702,2025-08-03 18:06:55,Trade Fair,J030,MG Road,11516,Weekend,False,Clear,False,0.0,False,False,0.997,Severe,10.6,68.5,494.2,0.203,0.469,0.907,Heavy congestion detected - signal timing extended and reroute suggested
EVT433703,2026-05-22 08:01:59,Political Rally,J012,Koramangala Sony World,15633,Weekday,False,Clear,False,0.0,False,False,0.949,Severe,9.9,66.2,604.8,0.223,0.515,0.915,Heavy congestion detected - signal timing extended and reroute suggested
EVT433704,2025-07-15 20:12:34,Local Market Day,J023,Basavanagudi,7231,Weekday,False,Heavy Rain,True,51.2,False,False,1.0,Severe,8.6,70.7,551.4,0.2,0.463,0.889,Heavy rain reducing visibility and grip - reduced speed and longer buffer advised
EVT433705,2025-09-23 08:24:36,Political Rally,J023,Basavanagudi,11497,Weekday,False,Clear,False,0.0,False,False,1.0,Severe,9.5,68.7,442.8,0.174,0.402,0.927,Heavy congestion detected - signal timing extended and reroute suggested
EVT433706,2026-04-19 10:21:12,Sports Fixture,J031,Cubbon Road,18249,Weekend,False,Clear,False,0.0,False,False,0.611,High,21.0,44.4,292.8,0.165,0.381,0.99,Moderate traffic flow - standard adaptive signal timing in effect
EVT433707,2025-01-03 15:02:10,Concert,J030,MG Road,4415,Weekday,False,Clear,False,0.0,False,False,0.306,Low,28.9,21.7,211.1,0.161,0.373,0.99,Moderate traffic flow - standard adaptive signal timing in effect
EVT433708,2026-04-02 09:25:36,Political Rally,J011,Indiranagar 100ft Road,13928,Weekday,False,Clear,False,0.0,False,False,1.0,Severe,7.7,71.7,582.3,0.184,0.426,0.919,Heavy congestion detected - signal timing extended and reroute suggested
EVT433709,2025-11-05 16:59:58,Sports Fixture,J023,Basavanagudi,32385,Weekday,False,Clear,False,0.0,False,False,0.868,Severe,11.9,61.5,249.9,0.115,0.265,0.951,Heavy congestion detected - signal timing extended and reroute suggested
EVT433710,2026-03-13 09:03:57,Concert,J030,MG Road,7966,Weekday,False,Clear,False,0.0,False,False,1.0,Severe,9.8,70.7,462.7,0.186,0.431,0.91,Heavy congestion detected - signal timing extended and reroute suggested
EVT433711,2025-03-22 07:32:00,Trade Fair,J031,Cubbon Road,7675,Weekend,False,Clear,False,0.0,False,False,0.555,High,20.6,39.1,153.2,0.09,0.207,0.94,Moderate traffic flow - standard adaptive signal timing in effect
EVT433712,2026-01-19 11:22:26,Local Market Day,J040,City Market,6054,Weekday,False,Clear,False,0.0,False,False,0.358,Moderate,28.8,18.0,136.2,0.104,0.24,0.972,Moderate traffic flow - standard adaptive signal timing in effect
EVT433713,2026-04-22 13:49:13,Concert,J030,MG Road,13483,Weekday,False,Clear,False,0.0,False,False,0.266,Low,33.4,15.5,174.6,0.155,0.357,0.952,Moderate traffic flow - standard adaptive signal timing in effect
EVT433714,2025-09-23 15:10:42,Sports Fixture,J011,Indiranagar 100ft Road,47130,Weekday,False,Rain,True,20.6,False,False,0.765,Severe,15.5,52.4,334.4,0.166,0.384,0.909,Heavy rain reducing visibility and grip - reduced speed and longer buffer advised
EVT433715,2026-04-07 17:28:36,Political Rally,J031,Cubbon Road,21035,Weekday,False,Clear,False,0.0,False,False,0.971,Severe,8.3,71.0,623.4,0.202,0.468,0.923,Heavy congestion detected - signal timing extended and reroute suggested
EVT433716,2026-03-26 17:07:37,Religious Festival,J020,Malleshwaram Circle,53408,Weekday,True,Clear,False,0.0,False,True,1.0,Severe,7.1,101.9,974.0,0.317,0.732,0.845,Road closure for event/procession - full detour recommended for through-traffic
EVT433717,2025-03-25 14:56:15,Trade Fair,J040,City Market,9610,Weekday,False,Clear,False,0.0,False,False,0.276,Low,31.9,19.1,150.4,0.124,0.288,0.973,Moderate traffic flow - standard adaptive signal timing in effect
EVT433718,2025-07-12 06:20:49,Local Market Day,J020,Malleshwaram Circle,3047,Weekend,False,Clear,False,0.0,False,False,0.357,Moderate,29.2,22.5,234.3,0.187,0.433,0.975,Moderate traffic flow - standard adaptive signal timing in effect
EVT433719,2026-06-26 07:10:49,Sports Fixture,J011,Indiranagar 100ft Road,26415,Weekday,False,Clear,False,0.0,False,False,0.65,High,19.5,47.6,187.2,0.141,0.326,0.969,Moderate traffic flow - standard adaptive signal timing in effect
EVT433720,2025-08-05 19:22:37,Trade Fair,J040,City Market,11217,Weekday,False,Rain,True,11.6,False,False,1.0,Severe,10.3,68.4,529.3,0.224,0.517,0.892,Heavy rain reducing visibility and grip - reduced speed and longer buffer advised
EVT433721,2025-10-04 21:55:33,Trade Fair,J012,Koramangala Sony World,11822,Weekend,False,Clear,False,0.0,False,False,0.36,Moderate,31.4,29.5,70.0,0.046,0.107,0.97,Moderate traffic flow - standard adaptive signal timing in effect
EVT433722,2026-02-19 18:08:00,Sports Fixture,J040,City Market,19579,Weekday,False,Clear,False,0.0,False,False,1.0,Severe,9.5,69.8,174.4,0.069,0.16,0.896,Heavy congestion detected - signal timing extended and reroute suggested
EVT433723,2026-02-21 09:12:44,Concert,J023,Basavanagudi,15435,Weekend,False,Clear,False,0.0,False,False,0.907,Severe,11.7,67.0,462.9,0.196,0.454,0.945,Heavy congestion detected - signal timing extended and reroute suggested
EVT433724,2025-12-16 08:40:45,Concert,J020,Malleshwaram Circle,14308,Weekday,False,Light Rain,True,4.7,False,False,1.0,Severe,7.5,71.7,684.1,0.21,0.486,0.888,Heavy rain reducing visibility and grip - reduced speed and longer buffer advised
EVT433725,2026-06-13 07:27:31,Local Market Day,J031,Cubbon Road,4384,Weekend,False,Rain,True,16.7,False,False,0.751,Severe,18.5,50.6,197.3,0.149,0.343,0.89,Heavy rain reducing visibility and grip - reduced speed and longer buffer advised
EVT433726,2025-10-17 03:56:04,Trade Fair,J040,City Market,7117,Weekday,False,Clear,False,0.0,False,False,0.172,Low,38.9,14.2,85.4,0.081,0.186,0.967,Normal free-flow traffic - standard signal timing maintained
EVT433727,2025-02-25 07:05:33,Sports Fixture,J023,Basavanagudi,24945,Weekday,False,Clear,False,0.0,False,False,0.599,High,20.7,45.0,385.0,0.255,0.588,0.974,Moderate traffic flow - standard adaptive signal timing in effect
EVT433728,2026-03-12 19:19:50,Sports Fixture,J040,City Market,20916,Weekday,False,Clear,False,0.0,False,False,1.0,Severe,10.5,65.5,632.7,0.277,0.639,0.919,Heavy congestion detected - signal timing extended and reroute suggested
EVT433729,2025-11-13 13:28:17,Concert,J030,MG Road,9550,Weekday,False,Clear,False,0.0,False,False,0.151,Low,39.1,14.3,104.8,0.091,0.211,0.983,Normal free-flow traffic - standard signal timing maintained
EVT433730,2025-01-07 17:51:12,Local Market Day,J012,Koramangala Sony World,4194,Weekday,False,Clear,False,0.0,False,False,0.92,Severe,11.6,64.3,517.8,0.234,0.542,0.943,Heavy congestion detected - signal timing extended and reroute suggested
EVT433731,2025-11-03 08:47:17,Sports Fixture,J011,Indiranagar 100ft Road,32868,Weekday,False,Fog,False,0.0,False,False,1.0,Severe,6.9,76.9,896.2,0.279,0.644,0.919,Heavy congestion detected - signal timing extended and reroute suggested
EVT433732,2025-07-24 19:16:47,Sports Fixture,J009,Majestic,16498,Weekday,False,Clear,False,0.0,False,False,1.0,Severe,8.9,69.9,289.7,0.099,0.229,0.917,Heavy congestion detected - signal timing extended and reroute suggested
EVT433733,2026-02-12 13:36:55,Sports Fixture,J023,Basavanagudi,24427,Weekday,False,Clear,False,0.0,False,False,0.307,Low,27.5,18.6,182.6,0.156,0.36,0.945,Moderate traffic flow - standard adaptive signal timing in effect
EVT433734,2025-09-09 18:16:48,Sports Fixture,J011,Indiranagar 100ft Road,15740,Weekday,False,Clear,False,0.0,False,False,1.0,Severe,7.5,69.5,785.4,0.249,0.576,0.906,Heavy congestion detected - signal timing extended and reroute suggested
EVT433735,2025-11-24 19:03:24,Local Market Day,J009,Majestic,4577,Weekday,False,Rain,True,7.7,False,False,1.0,Severe,9.5,71.2,368.5,0.147,0.34,0.898,Heavy rain reducing visibility and grip - reduced speed and longer buffer advised
EVT433736,2025-10-27 12:10:28,Trade Fair,J023,Basavanagudi,8946,Weekday,False,Clear,False,0.0,False,False,0.26,Low,28.8,23.6,180.9,0.143,0.331,0.963,Moderate traffic flow - standard adaptive signal timing in effect
EVT433737,2026-01-08 06:58:33,Concert,J040,City Market,11236,Weekday,False,Light Rain,True,5.6,False,False,0.591,High,20.3,40.8,288.3,0.173,0.4,0.904,Heavy rain reducing visibility and grip - reduced speed and longer buffer advised
EVT433738,2025-11-28 21:27:53,Political Rally,J030,MG Road,15861,Weekday,False,Clear,False,0.0,False,False,0.397,Moderate,21.8,29.2,152.9,0.07,0.161,0.961,Moderate traffic flow - standard adaptive signal timing in effect
EVT433739,2025-03-05 10:09:08,Political Rally,J040,City Market,14019,Weekday,False,Clear,False,0.0,False,False,0.75,Severe,15.3,48.4,339.6,0.191,0.44,0.947,Heavy congestion detected - signal timing extended and reroute suggested
EVT433740,2026-01-22 18:22:15,Trade Fair,J009,Majestic,9102,Weekday,False,Clear,False,0.0,False,False,1.0,Severe,10.7,67.1,305.2,0.137,0.315,0.906,Heavy congestion detected - signal timing extended and reroute suggested
EVT433741,2025-03-30 09:32:54,Religious Festival,J011,Indiranagar 100ft Road,38963,Weekend,True,Clear,False,0.0,False,True,1.0,Severe,9.7,94.0,523.5,0.209,0.483,0.853,Road closure for event/procession - full detour recommended for through-traffic
EVT433742,2026-04-02 19:33:58,Concert,J012,Koramangala Sony World,10980,Weekday,False,Rain,True,16.6,False,False,1.0,Severe,7.8,70.3,323.3,0.089,0.206,0.851,Heavy rain reducing visibility and grip - reduced speed and longer buffer advised
EVT433743,2025-09-25 16:16:03,Trade Fair,J040,City Market,8661,Weekday,False,Clear,False,0.0,False,False,0.552,High,24.3,39.6,267.7,0.192,0.444,0.969,Moderate traffic flow - standard adaptive signal timing in effect
EVT433744,2025-09-23 21:31:11,Sports Fixture,J031,Cubbon Road,16168,Weekday,False,Rain,True,9.0,False,False,0.581,High,18.7,39.3,170.9,0.127,0.294,0.918,Heavy rain reducing visibility and grip - reduced speed and longer buffer advised
EVT433745,2025-01-21 17:31:56,Concert,J023,Basavanagudi,6634,Weekday,False,Clear,False,0.0,False,False,0.918,Severe,11.7,63.5,364.0,0.169,0.389,0.977,Heavy congestion detected - signal timing extended and reroute suggested
EVT433746,2025-07-02 08:44:52,Sports Fixture,J030,MG Road,31138,Weekday,False,Clear,False,0.0,False,False,1.0,Severe,7.8,70.4,430.3,0.167,0.386,0.928,Heavy congestion detected - signal timing extended and reroute suggested
EVT433747,2025-12-02 08:02:04,Trade Fair,J030,MG Road,11939,Weekday,False,Clear,False,0.0,False,False,0.894,Severe,11.0,61.2,310.4,0.131,0.302,0.928,Heavy congestion detected - signal timing extended and reroute suggested
EVT433748,2025-12-25 13:55:19,Religious Festival,J031,Cubbon Road,54099,Weekday,True,Clear,False,0.0,False,False,0.655,High,21.2,40.5,203.8,0.119,0.276,0.91,Festival crowd surge detected - alternate route and extended cycle recommended
EVT433749,2026-02-22 17:58:28,Sports Fixture,J009,Majestic,25685,Weekend,False,Fog,False,0.0,False,False,0.939,Severe,13.9,70.1,229.8,0.102,0.236,0.911,Heavy congestion detected - signal timing extended and reroute suggested
EVT433750,2025-11-23 07:07:17,Local Market Day,J009,Majestic,5948,Weekend,False,Rain,True,10.7,False,False,0.59,High,21.5,43.8,168.3,0.11,0.255,0.913,Heavy rain reducing visibility and grip - reduced speed and longer buffer advised
EVT433751,2026-01-09 19:41:10,Local Market Day,J012,Koramangala Sony World,5138,Weekday,False,Clear,False,0.0,False,False,0.916,Severe,12.6,68.9,288.2,0.133,0.306,0.933,Heavy congestion detected - signal timing extended and reroute suggested
EVT433752,2026-05-11 06:14:21,Political Rally,J011,Indiranagar 100ft Road,15579,Weekday,False,Clear,False,0.0,False,False,0.395,Moderate,30.1,23.6,131.9,0.097,0.224,0.964,Moderate traffic flow - standard adaptive signal timing in effect
EVT433753,2026-04-02 00:03:29,Sports Fixture,J012,Koramangala Sony World,10758,Weekday,False,Fog,False,0.0,False,False,0.2,Low,34.7,13.3,98.4,0.086,0.199,0.952,Normal free-flow traffic - standard signal timing maintained
EVT433754,2025-11-04 10:16:01,Trade Fair,J023,Basavanagudi,5364,Weekday,False,Clear,False,0.0,False,False,0.712,High,19.5,51.9,304.8,0.183,0.423,0.957,Moderate traffic flow - standard adaptive signal timing in effect
EVT433755,2026-05-29 16:40:16,Trade Fair,J040,City Market,9834,Weekday,False,Clear,False,0.0,False,False,0.668,High,13.5,47.0,367.4,0.16,0.369,0.967,Moderate traffic flow - standard adaptive signal timing in effect
EVT433756,2025-02-27 15:08:12,Sports Fixture,J031,Cubbon Road,40148,Weekday,False,Clear,False,0.0,False,False,0.52,Moderate,18.5,35.7,290.4,0.189,0.436,0.959,Moderate traffic flow - standard adaptive signal timing in effect
EVT433757,2025-03-21 19:50:05,Political Rally,J030,MG Road,16011,Weekday,False,Clear,False,0.0,False,False,0.869,Severe,14.3,61.6,436.1,0.231,0.535,0.953,Heavy congestion detected - signal timing extended and reroute suggested
EVT433758,2025-08-19 09:26:16,Concert,J011,Indiranagar 100ft Road,8388,Weekday,False,Clear,False,0.0,False,False,1.0,Severe,7.3,66.2,948.1,0.285,0.659,0.92,Heavy congestion detected - signal timing extended and reroute suggested
EVT433759,2025-02-17 17:27:30,Trade Fair,J023,Basavanagudi,8982,Weekday,False,Clear,False,0.0,False,False,0.9,Severe,10.3,65.3,457.1,0.184,0.426,0.93,Heavy congestion detected - signal timing extended and reroute suggested
EVT433760,2025-09-22 18:39:08,Trade Fair,J040,City Market,8391,Weekday,False,Clear,False,0.0,False,False,1.0,Severe,8.4,65.7,377.2,0.144,0.333,0.925,Heavy congestion detected - signal timing extended and reroute suggested
EVT433761,2025-02-18 21:38:39,Local Market Day,J031,Cubbon Road,5683,Weekday,False,Clear,False,0.0,False,False,0.301,Low,30.4,21.4,122.5,0.089,0.205,0.978,Moderate traffic flow - standard adaptive signal timing in effect
EVT433762,2025-08-04 16:10:01,Local Market Day,J009,Majestic,3384,Weekday,False,Rain,True,12.3,False,False,0.589,High,23.2,42.4,237.7,0.158,0.366,0.914,Heavy rain reducing visibility and grip - reduced speed and longer buffer advised
EVT433763,2025-04-13 20:32:01,Political Rally,J031,Cubbon Road,18931,Weekend,False,Clear,False,0.0,False,False,0.635,High,20.4,46.5,257.3,0.145,0.336,0.963,Moderate traffic flow - standard adaptive signal timing in effect
EVT433764,2025-06-20 09:02:43,Sports Fixture,J011,Indiranagar 100ft Road,17613,Weekday,False,Fog,False,0.0,False,False,1.0,Severe,6.6,66.6,405.1,0.137,0.317,0.916,Heavy congestion detected - signal timing extended and reroute suggested
EVT433765,2025-11-23 10:01:08,Political Rally,J031,Cubbon Road,19110,Weekend,False,Clear,False,0.0,False,False,0.757,Severe,15.2,55.8,256.0,0.122,0.282,0.969,Heavy congestion detected - signal timing extended and reroute suggested
EVT433766,2025-06-20 12:27:01,Local Market Day,J012,Koramangala Sony World,2310,Weekday,False,Heavy Rain,True,25.9,False,False,0.434,Moderate,33.1,31.6,190.3,0.167,0.385,0.923,Light rain detected - minor speed reduction advised
EVT433767,2025-02-02 15:15:14,Local Market Day,J012,Koramangala Sony World,6890,Weekend,False,Clear,False,0.0,False,False,0.425,Moderate,28.8,30.0,112.3,0.074,0.17,0.967,Moderate traffic flow - standard adaptive signal timing in effect
EVT433768,2025-04-29 18:55:26,Sports Fixture,J011,Indiranagar 100ft Road,19005,Weekday,False,Clear,False,0.0,False,False,1.0,Severe,8.7,71.9,523.8,0.181,0.418,0.913,Heavy congestion detected - signal timing extended and reroute suggested
EVT433769,2026-06-20 10:18:51,Sports Fixture,J031,Cubbon Road,26759,Weekend,False,Rain,True,8.0,False,False,0.856,Severe,14.2,62.6,315.0,0.17,0.393,0.894,Heavy rain reducing visibility and grip - reduced speed and longer buffer advised
EVT433770,2025-10-04 19:22:48,Political Rally,J031,Cubbon Road,15379,Weekend,False,Clear,False,0.0,False,False,0.798,Severe,15.9,59.1,394.5,0.217,0.5,0.954,Heavy congestion detected - signal timing extended and reroute suggested
EVT433771,2025-11-11 19:40:06,Concert,J012,Koramangala Sony World,12239,Weekday,False,Clear,False,0.0,False,False,0.892,Severe,12.0,62.1,377.9,0.158,0.364,0.925,Heavy congestion detected - signal timing extended and reroute suggested
EVT433772,2025-08-16 18:36:10,Religious Festival,J040,City Market,40167,Weekend,True,Clear,False,0.0,False,True,1.0,Severe,8.2,101.1,592.9,0.216,0.498,0.838,Road closure for event/procession - full detour recommended for through-traffic
EVT433773,2026-06-28 05:54:19,Local Market Day,J020,Malleshwaram Circle,6618,Weekend,False,Clear,False,0.0,False,False,0.373,Moderate,28.7,24.2,157.8,0.129,0.299,0.983,Moderate traffic flow - standard adaptive signal timing in effect
EVT433774,2025-12-07 08:03:18,Trade Fair,J040,City Market,10438,Weekend,False,Clear,False,0.0,False,False,0.885,Severe,13.4,58.1,369.7,0.167,0.387,0.96,Heavy congestion detected - signal timing extended and reroute suggested
EVT433775,2025-05-29 10:03:50,Local Market Day,J040,City Market,6681,Weekday,False,Clear,False,0.0,False,False,0.787,Severe,18.1,55.1,187.8,0.13,0.301,0.958,Heavy congestion detected - signal timing extended and reroute suggested
EVT433776,2025-04-18 18:46:07,Local Market Day,J030,MG Road,4281,Weekday,False,Clear,False,0.0,False,False,1.0,Severe,8.4,73.4,423.4,0.152,0.35,0.91,Heavy congestion detected - signal timing extended and reroute suggested
EVT433777,2025-04-04 17:20:03,Local Market Day,J011,Indiranagar 100ft Road,2256,Weekday,False,Clear,False,0.0,False,False,0.784,Severe,13.5,60.4,332.3,0.131,0.302,0.953,Heavy congestion detected - signal timing extended and reroute suggested
EVT433778,2025-11-20 18:01:39,Sports Fixture,J009,Majestic,12928,Weekday,False,Clear,False,0.0,False,False,1.0,Severe,8.7,70.7,199.3,0.092,0.212,0.909,Heavy congestion detected - signal timing extended and reroute suggested
EVT433779,2025-03-24 20:45:25,Trade Fair,J012,Koramangala Sony World,11955,Weekday,False,Clear,False,0.0,False,False,0.607,High,24.3,52.2,164.9,0.112,0.259,0.971,Moderate traffic flow - standard adaptive signal timing in effect
EVT433780,2025-04-12 13:26:35,Sports Fixture,J031,Cubbon Road,13213,Weekend,False,Clear,False,0.0,False,False,0.328,Low,22.1,25.8,202.4,0.119,0.276,0.952,Moderate traffic flow - standard adaptive signal timing in effect
EVT433781,2025-06-06 12:28:55,Political Rally,J023,Basavanagudi,14378,Weekday,False,Heavy Rain,True,28.5,False,False,0.526,Moderate,21.2,38.3,89.8,0.049,0.114,0.939,Light rain detected - minor speed reduction advised
EVT433782,2026-04-21 11:50:15,Local Market Day,J023,Basavanagudi,2629,Weekday,False,Clear,False,0.0,False,False,0.212,Low,32.8,23.3,168.4,0.115,0.266,0.985,Normal free-flow traffic - standard signal timing maintained
EVT433783,2025-03-03 18:46:05,Trade Fair,J012,Koramangala Sony World,8637,Weekday,False,Clear,False,0.0,False,False,1.0,Severe,7.2,67.3,305.0,0.099,0.228,0.903,Heavy congestion detected - signal timing extended and reroute suggested
EVT433784,2025-01-22 12:18:08,Local Market Day,J031,Cubbon Road,4970,Weekday,False,Clear,False,0.0,False,False,0.213,Low,33.6,11.6,66.2,0.057,0.131,0.986,Normal free-flow traffic - standard signal timing maintained
EVT433785,2025-07-04 17:14:16,Local Market Day,J009,Majestic,4967,Weekday,False,Heavy Rain,True,46.1,False,False,1.0,Severe,9.2,72.9,610.0,0.214,0.495,0.894,Heavy rain reducing visibility and grip - reduced speed and longer buffer advised
EVT433786,2026-02-27 18:00:24,Political Rally,J040,City Market,19554,Weekday,False,Clear,False,0.0,False,False,1.0,Severe,8.0,67.3,709.1,0.214,0.494,0.904,Heavy congestion detected - signal timing extended and reroute suggested
EVT433787,2025-02-17 07:15:51,Concert,J009,Majestic,6657,Weekday,False,Clear,False,0.0,False,False,0.611,High,19.3,41.6,268.7,0.163,0.377,0.966,Moderate traffic flow - standard adaptive signal timing in effect
EVT433788,2025-12-04 20:07:48,Local Market Day,J020,Malleshwaram Circle,4751,Weekday,False,Clear,False,0.0,False,False,0.809,Severe,14.5,55.0,206.5,0.095,0.219,0.934,Heavy congestion detected - signal timing extended and reroute suggested
EVT433789,2025-06-02 13:43:36,Local Market Day,J009,Majestic,6586,Weekday,False,Clear,False,0.0,False,False,0.172,Low,29.9,14.9,216.0,0.158,0.365,0.961,Normal free-flow traffic - standard signal timing maintained
EVT433790,2026-06-22 17:09:00,Sports Fixture,J012,Koramangala Sony World,12844,Weekday,False,Clear,False,0.0,False,False,0.76,Severe,17.1,54.6,431.6,0.245,0.565,0.977,Heavy congestion detected - signal timing extended and reroute suggested
EVT433791,2025-11-17 21:12:09,Sports Fixture,J031,Cubbon Road,18490,Weekday,False,Clear,False,0.0,False,False,0.425,Moderate,24.6,32.6,141.3,0.102,0.236,0.936,Moderate traffic flow - standard adaptive signal timing in effect
EVT433792,2026-01-18 23:17:27,Local Market Day,J023,Basavanagudi,2632,Weekend,False,Clear,False,0.0,False,False,0.315,Low,32.5,22.2,126.1,0.107,0.247,0.961,Moderate traffic flow - standard adaptive signal timing in effect
EVT433793,2025-07-29 15:20:55,Sports Fixture,J023,Basavanagudi,26865,Weekday,False,Clear,False,0.0,False,False,0.371,Moderate,26.6,30.8,127.5,0.116,0.267,0.973,Moderate traffic flow - standard adaptive signal timing in effect
EVT433794,2025-05-27 16:46:52,Local Market Day,J020,Malleshwaram Circle,3154,Weekday,False,Clear,False,0.0,False,False,0.619,High,20.1,41.9,98.8,0.064,0.148,0.951,Moderate traffic flow - standard adaptive signal timing in effect
EVT433795,2025-09-05 18:22:43,Fireworks Display,J011,Indiranagar 100ft Road,14647,Weekday,True,Clear,False,0.0,False,False,1.0,Severe,6.5,72.3,1051.7,0.265,0.612,0.897,Festival crowd surge detected - alternate route and extended cycle recommended
EVT433796,2026-01-04 19:06:30,Concert,J030,MG Road,10281,Weekend,False,Clear,False,0.0,False,False,0.892,Severe,11.9,62.1,385.6,0.174,0.402,0.942,Heavy congestion detected - signal timing extended and reroute suggested
EVT433797,2025-10-24 07:01:14,Trade Fair,J011,Indiranagar 100ft Road,8716,Weekday,False,Rain,True,15.1,False,False,0.62,High,15.3,49.2,258.0,0.109,0.251,0.926,Heavy rain reducing visibility and grip - reduced speed and longer buffer advised
EVT433798,2025-06-20 17:33:15,Concert,J030,MG Road,11124,Weekday,False,Clear,False,0.0,False,False,0.91,Severe,13.2,65.9,209.9,0.073,0.168,0.918,Heavy congestion detected - signal timing extended and reroute suggested
EVT433799,2026-04-13 15:00:37,Political Rally,J040,City Market,27130,Weekday,False,Clear,False,0.0,False,False,0.383,Moderate,26.3,29.6,231.2,0.179,0.413,0.959,Moderate traffic flow - standard adaptive signal timing in effect
EVT433800,2026-04-11 08:12:06,Concert,J031,Cubbon Road,10750,Weekend,False,Clear,False,0.0,False,False,0.793,Severe,14.6,52.1,410.4,0.214,0.495,0.94,Heavy congestion detected - signal timing extended and reroute suggested
EVT433801,2026-05-19 22:56:11,Local Market Day,J040,City Market,6010,Weekday,False,Rain,True,14.1,False,False,0.331,Low,33.9,15.8,147.8,0.142,0.328,0.941,Light rain detected - minor speed reduction advised
EVT433802,2025-11-25 18:43:26,Local Market Day,J012,Koramangala Sony World,4006,Weekday,False,Clear,False,0.0,False,False,1.0,Severe,6.4,73.2,521.3,0.146,0.338,0.937,Heavy congestion detected - signal timing extended and reroute suggested
EVT433803,2025-05-01 14:20:06,Religious Festival,J031,Cubbon Road,73602,Weekday,True,Clear,False,0.0,False,True,1.0,Severe,9.6,95.9,274.5,0.115,0.267,0.857,Road closure for event/procession - full detour recommended for through-traffic
EVT433804,2025-03-19 13:17:11,Local Market Day,J011,Indiranagar 100ft Road,5036,Weekday,False,Clear,False,0.0,False,False,0.116,Low,37.0,6.3,87.7,0.076,0.176,0.975,Normal free-flow traffic - standard signal timing maintained
EVT433805,2025-06-20 16:49:28,Sports Fixture,J011,Indiranagar 100ft Road,23614,Weekday,False,Rain,True,20.0,False,False,0.994,Severe,10.2,75.4,637.1,0.251,0.579,0.868,Heavy rain reducing visibility and grip - reduced speed and longer buffer advised
EVT433806,2025-11-07 16:29:47,Trade Fair,J020,Malleshwaram Circle,7568,Weekday,False,Fog,False,0.0,False,False,0.624,High,19.8,45.7,124.2,0.087,0.201,0.955,Moderate traffic flow - standard adaptive signal timing in effect
EVT433807,2025-02-19 18:25:42,Concert,J031,Cubbon Road,12908,Weekday,False,Fog,False,0.0,False,False,1.0,Severe,6.3,71.5,387.4,0.127,0.294,0.925,Heavy congestion detected - signal timing extended and reroute suggested
EVT433808,2026-06-08 21:58:10,Local Market Day,J031,Cubbon Road,6653,Weekday,False,Heavy Rain,True,47.0,False,False,0.604,High,25.1,38.9,139.6,0.101,0.233,0.908,Heavy rain reducing visibility and grip - reduced speed and longer buffer advised
EVT433809,2025-07-08 15:45:26,Political Rally,J020,Malleshwaram Circle,12402,Weekday,False,Clear,False,0.0,False,False,0.436,Moderate,27.0,32.7,75.7,0.077,0.179,0.988,Moderate traffic flow - standard adaptive signal timing in effect
EVT433810,2026-05-07 19:56:57,Concert,J023,Basavanagudi,9278,Weekday,False,Clear,False,0.0,False,False,0.787,Severe,14.9,58.8,398.3,0.194,0.449,0.939,Heavy congestion detected - signal timing extended and reroute suggested
EVT433811,2025-04-29 16:50:30,Concert,J040,City Market,15484,Weekday,False,Clear,False,0.0,False,False,0.748,High,17.5,57.6,274.9,0.16,0.371,0.954,Moderate traffic flow - standard adaptive signal timing in effect
EVT433812,2026-03-14 12:29:18,Political Rally,J009,Majestic,9437,Weekend,False,Clear,False,0.0,False,False,0.26,Low,34.6,23.2,107.2,0.115,0.265,0.949,Moderate traffic flow - standard adaptive signal timing in effect
EVT433813,2026-02-07 07:51:21,Concert,J011,Indiranagar 100ft Road,7355,Weekend,False,Fog,False,0.0,False,False,0.68,High,13.3,48.1,511.6,0.224,0.518,0.935,Moderate traffic flow - standard adaptive signal timing in effect
EVT433814,2025-01-11 05:48:51,Trade Fair,J031,Cubbon Road,9187,Weekend,False,Light Rain,True,0.8,False,False,0.376,Moderate,29.7,22.0,196.5,0.17,0.393,0.921,Light rain detected - minor speed reduction advised
EVT433815,2025-02-09 14:32:07,Concert,J012,Koramangala Sony World,5270,Weekend,False,Clear,False,0.0,False,False,0.254,Low,34.4,15.6,149.4,0.134,0.31,0.964,Moderate traffic flow - standard adaptive signal timing in effect
EVT433816,2026-04-01 19:50:52,Trade Fair,J020,Malleshwaram Circle,9441,Weekday,False,Clear,False,0.0,False,False,0.882,Severe,13.0,59.3,389.0,0.197,0.455,0.931,Heavy congestion detected - signal timing extended and reroute suggested
EVT433817,2025-05-13 21:52:17,Trade Fair,J023,Basavanagudi,7547,Weekday,False,Clear,False,0.0,False,False,0.334,Low,35.3,21.4,89.3,0.061,0.14,0.967,Moderate traffic flow - standard adaptive signal timing in effect
EVT433818,2026-02-23 21:45:23,Local Market Day,J031,Cubbon Road,3470,Weekday,False,Clear,False,0.0,False,False,0.266,Low,27.8,18.3,197.3,0.138,0.319,0.99,Moderate traffic flow - standard adaptive signal timing in effect
EVT433819,2026-04-10 14:21:36,Concert,J011,Indiranagar 100ft Road,12730,Weekday,False,Fog,False,0.0,False,False,0.309,Low,28.2,21.2,201.8,0.157,0.363,0.99,Moderate traffic flow - standard adaptive signal timing in effect
EVT433820,2025-09-03 18:36:02,Sports Fixture,J020,Malleshwaram Circle,29419,Weekday,False,Clear,False,0.0,False,False,1.0,Severe,9.2,71.3,529.8,0.208,0.481,0.928,Heavy congestion detected - signal timing extended and reroute suggested
EVT433821,2026-01-06 12:46:40,Sports Fixture,J040,City Market,24991,Weekday,False,Clear,False,0.0,False,False,0.276,Low,32.7,17.8,136.0,0.118,0.272,0.961,Moderate traffic flow - standard adaptive signal timing in effect
EVT433822,2026-04-03 12:54:10,Local Market Day,J012,Koramangala Sony World,1549,Weekday,False,Clear,False,0.0,False,False,0.118,Low,35.8,4.7,101.1,0.095,0.219,0.969,Normal free-flow traffic - standard signal timing maintained
EVT433823,2025-11-07 08:56:20,Sports Fixture,J020,Malleshwaram Circle,20314,Weekday,False,Clear,False,0.0,False,False,1.0,Severe,8.2,67.4,375.1,0.121,0.279,0.913,Heavy congestion detected - signal timing extended and reroute suggested
EVT433824,2025-04-22 08:32:10,Trade Fair,J023,Basavanagudi,6515,Weekday,False,Light Rain,True,6.2,False,False,1.0,Severe,8.7,67.2,642.2,0.212,0.489,0.859,Heavy rain reducing visibility and grip - reduced speed and longer buffer advised
EVT433825,2025-03-06 08:36:09,Trade Fair,J040,City Market,12878,Weekday,False,Fog,False,0.0,True,False,1.0,Severe,9.1,70.5,320.5,0.121,0.28,0.768,Accident detected nearby - reroute and reduced speed advised
EVT433826,2025-03-01 14:58:58,Sports Fixture,J030,MG Road,25006,Weekend,False,Clear,False,0.0,False,False,0.472,Moderate,25.7,29.8,277.6,0.221,0.512,0.967,Moderate traffic flow - standard adaptive signal timing in effect
EVT433827,2025-03-26 19:08:13,Local Market Day,J012,Koramangala Sony World,6885,Weekday,False,Clear,False,0.0,False,False,0.924,Severe,7.5,69.0,517.3,0.159,0.366,0.934,Heavy congestion detected - signal timing extended and reroute suggested
EVT433828,2025-02-06 17:15:25,Local Market Day,J030,MG Road,3205,Weekday,False,Clear,False,0.0,False,False,0.872,Severe,14.5,62.2,234.7,0.129,0.298,0.975,Heavy congestion detected - signal timing extended and reroute suggested
EVT433829,2026-02-16 11:15:57,Trade Fair,J031,Cubbon Road,9825,Weekday,False,Clear,False,0.0,False,False,0.336,Low,30.2,21.3,213.3,0.181,0.417,0.952,Moderate traffic flow - standard adaptive signal timing in effect
EVT433830,2026-01-04 19:04:24,Concert,J011,Indiranagar 100ft Road,16816,Weekend,False,Clear,False,0.0,False,False,0.888,Severe,12.5,68.3,560.7,0.243,0.561,0.932,Heavy congestion detected - signal timing extended and reroute suggested
EVT433831,2025-05-05 06:23:50,Sports Fixture,J023,Basavanagudi,30706,Weekday,False,Rain,True,15.4,False,False,0.626,High,22.6,51.8,215.3,0.157,0.362,0.881,Heavy rain reducing visibility and grip - reduced speed and longer buffer advised
EVT433832,2025-01-20 22:26:52,Sports Fixture,J009,Majestic,20328,Weekday,False,Clear,False,0.0,False,False,0.336,Low,28.8,24.2,190.6,0.156,0.359,0.965,Moderate traffic flow - standard adaptive signal timing in effect
EVT433833,2025-01-10 19:34:03,Local Market Day,J011,Indiranagar 100ft Road,3935,Weekday,False,Clear,False,0.0,False,False,0.853,Severe,15.1,55.1,147.7,0.065,0.151,0.926,Heavy congestion detected - signal timing extended and reroute suggested
EVT433834,2026-03-22 18:33:30,Trade Fair,J040,City Market,5912,Weekend,False,Clear,False,0.0,False,False,0.91,Severe,8.9,67.2,693.0,0.232,0.535,0.911,Heavy congestion detected - signal timing extended and reroute suggested
EVT433835,2025-03-25 13:55:04,Political Rally,J030,MG Road,23978,Weekday,False,Clear,False,0.0,False,False,0.285,Low,34.8,27.0,96.9,0.069,0.16,0.965,Moderate traffic flow - standard adaptive signal timing in effect
EVT433836,2025-08-28 10:21:12,Religious Festival,J012,Koramangala Sony World,78864,Weekday,True,Heavy Rain,True,79.1,False,True,1.0,Severe,7.6,98.1,551.1,0.213,0.491,0.804,Road closure for event/procession - full detour recommended for through-traffic
EVT433837,2025-05-27 10:34:09,Local Market Day,J011,Indiranagar 100ft Road,3268,Weekday,False,Heavy Rain,True,35.9,False,False,0.902,Severe,7.7,62.6,450.7,0.136,0.315,0.852,Heavy rain reducing visibility and grip - reduced speed and longer buffer advised
EVT433838,2026-05-03 08:32:40,Political Rally,J020,Malleshwaram Circle,12530,Weekend,False,Rain,True,22.6,False,False,1.0,Severe,8.5,65.7,408.4,0.157,0.362,0.836,Heavy rain reducing visibility and grip - reduced speed and longer buffer advised
EVT433839,2025-06-10 07:30:31,Political Rally,J012,Koramangala Sony World,21291,Weekday,False,Clear,False,0.0,False,False,0.66,High,20.1,54.1,282.3,0.187,0.432,0.939,Moderate traffic flow - standard adaptive signal timing in effect
EVT433840,2025-12-04 13:37:33,Local Market Day,J023,Basavanagudi,4088,Weekday,False,Clear,False,0.0,False,False,0.227,Low,37.7,13.8,46.8,0.03,0.07,0.968,Normal free-flow traffic - standard signal timing maintained
EVT433841,2026-06-14 18:25:29,Local Market Day,J011,Indiranagar 100ft Road,4449,Weekend,False,Rain,True,15.0,False,False,1.0,Severe,6.7,73.3,468.3,0.15,0.346,0.867,Heavy rain reducing visibility and grip - reduced speed and longer buffer advised
EVT433842,2025-07-03 19:25:32,Trade Fair,J023,Basavanagudi,7229,Weekday,False,Heavy Rain,True,28.2,False,False,1.0,Severe,9.6,69.6,482.8,0.192,0.443,0.882,Heavy rain reducing visibility and grip - reduced speed and longer buffer advised
EVT433843,2026-04-12 08:33:46,Sports Fixture,J011,Indiranagar 100ft Road,26500,Weekend,False,Clear,False,0.0,False,False,0.897,Severe,14.4,61.0,196.0,0.107,0.247,0.959,Heavy congestion detected - signal timing extended and reroute suggested
EVT433844,2025-09-08 17:06:47,Trade Fair,J031,Cubbon Road,15378,Weekday,False,Rain,True,9.6,False,False,0.914,Severe,10.3,58.2,225.0,0.101,0.233,0.872,Heavy rain reducing visibility and grip - reduced speed and longer buffer advised
EVT433845,2026-04-25 11:12:12,Trade Fair,J023,Basavanagudi,3536,Weekend,False,Clear,False,0.0,False,False,0.358,Moderate,24.4,34.5,155.3,0.106,0.244,0.934,Moderate traffic flow - standard adaptive signal timing in effect
EVT433846,2026-03-30 13:21:50,Political Rally,J011,Indiranagar 100ft Road,9029,Weekday,False,Clear,False,0.0,False,False,0.247,Low,35.8,14.7,136.1,0.135,0.313,0.973,Normal free-flow traffic - standard signal timing maintained
EVT433847,2025-06-21 13:14:35,Concert,J012,Koramangala Sony World,11089,Weekend,False,Clear,False,0.0,False,False,0.304,Low,27.4,25.7,252.9,0.182,0.419,0.975,Moderate traffic flow - standard adaptive signal timing in effect
EVT433848,2025-07-12 11:54:28,Sports Fixture,J020,Malleshwaram Circle,13991,Weekend,False,Rain,True,20.9,False,False,0.577,High,17.1,43.7,281.0,0.147,0.34,0.881,Heavy rain reducing visibility and grip - reduced speed and longer buffer advised
EVT433849,2025-02-16 18:03:53,Political Rally,J023,Basavanagudi,16323,Weekend,False,Clear,False,0.0,False,False,0.86,Severe,11.8,58.9,415.6,0.191,0.442,0.937,Heavy congestion detected - signal timing extended and reroute suggested
EVT433850,2026-03-29 18:18:09,Concert,J009,Majestic,21652,Weekend,False,Clear,False,0.0,False,False,0.992,Severe,10.0,68.7,523.7,0.212,0.49,0.906,Heavy congestion detected - signal timing extended and reroute suggested
EVT433851,2025-01-26 16:18:46,Religious Festival,J023,Basavanagudi,58750,Weekend,True,Light Rain,True,2.6,False,False,1.0,Severe,7.7,76.5,213.6,0.093,0.215,0.823,Festival crowd surge detected - alternate route and extended cycle recommended
EVT433852,2025-12-12 17:10:26,Sports Fixture,J040,City Market,26823,Weekday,False,Clear,False,0.0,False,False,0.889,Severe,12.7,68.6,473.6,0.213,0.491,0.943,Heavy congestion detected - signal timing extended and reroute suggested
EVT433853,2025-08-16 07:08:06,Religious Festival,J009,Majestic,41824,Weekend,True,Clear,False,0.0,False,True,1.0,Severe,7.4,96.5,461.1,0.149,0.345,0.841,Road closure for event/procession - full detour recommended for through-traffic
EVT433854,2025-05-02 16:05:54,Religious Festival,J030,MG Road,40514,Weekday,True,Clear,False,0.0,False,True,0.978,Severe,9.2,93.8,521.6,0.21,0.486,0.837,Road closure for event/procession - full detour recommended for through-traffic
EVT433855,2025-10-03 13:56:42,Cultural Procession,J012,Koramangala Sony World,30497,Weekday,True,Clear,False,0.0,False,True,0.734,High,14.6,67.0,416.2,0.196,0.454,0.845,Road closure for event/procession - full detour recommended for through-traffic
EVT433856,2025-05-31 06:08:24,Political Rally,J012,Koramangala Sony World,25373,Weekend,False,Clear,False,0.0,False,False,0.477,Moderate,28.2,29.3,211.4,0.164,0.379,0.966,Moderate traffic flow - standard adaptive signal timing in effect
EVT433857,2025-03-29 13:42:51,Local Market Day,J012,Koramangala Sony World,3919,Weekend,False,Clear,False,0.0,False,False,0.19,Low,39.5,13.3,75.3,0.062,0.143,0.97,Normal free-flow traffic - standard signal timing maintained
EVT433858,2025-08-22 09:05:40,Sports Fixture,J030,MG Road,12331,Weekday,False,Rain,True,7.9,False,False,1.0,Severe,7.0,74.2,696.2,0.198,0.458,0.858,Heavy rain reducing visibility and grip - reduced speed and longer buffer advised
EVT433859,2025-12-23 18:15:06,Trade Fair,J020,Malleshwaram Circle,10533,Weekday,False,Clear,False,0.0,False,False,1.0,Severe,8.1,72.5,718.0,0.237,0.546,0.911,Heavy congestion detected - signal timing extended and reroute suggested
EVT433860,2026-02-06 13:32:00,Trade Fair,J040,City Market,14514,Weekday,False,Clear,False,0.0,False,False,0.23,Low,35.2,18.5,143.8,0.105,0.242,0.987,Normal free-flow traffic - standard signal timing maintained
EVT433861,2026-06-20 12:08:02,Local Market Day,J030,MG Road,3263,Weekend,False,Clear,False,0.0,False,False,0.331,Low,31.3,19.9,53.7,0.05,0.115,0.966,Moderate traffic flow - standard adaptive signal timing in effect
EVT433862,2025-08-11 14:30:13,Political Rally,J031,Cubbon Road,10594,Weekday,False,Clear,False,0.0,False,False,0.247,Low,37.2,13.4,114.2,0.098,0.226,0.983,Normal free-flow traffic - standard signal timing maintained
EVT433863,2025-04-23 11:05:24,Political Rally,J023,Basavanagudi,20744,Weekday,False,Clear,False,0.0,False,False,0.468,Moderate,27.9,40.1,284.8,0.21,0.486,0.967,Moderate traffic flow - standard adaptive signal timing in effect
EVT433864,2025-06-30 06:42:16,Local Market Day,J040,City Market,3674,Weekday,False,Clear,False,0.0,False,False,0.373,Moderate,30.6,27.7,161.6,0.129,0.298,0.924,Moderate traffic flow - standard adaptive signal timing in effect
EVT433865,2025-02-01 19:09:39,Local Market Day,J030,MG Road,2678,Weekend,False,Clear,False,0.0,False,False,0.983,Severe,9.2,63.3,617.8,0.236,0.545,0.947,Heavy congestion detected - signal timing extended and reroute suggested
EVT433866,2025-03-10 20:46:03,Sports Fixture,J031,Cubbon Road,28599,Weekday,False,Clear,False,0.0,False,False,0.655,High,21.1,49.7,187.9,0.132,0.305,0.989,Moderate traffic flow - standard adaptive signal timing in effect
EVT433867,2025-01-03 00:33:55,Concert,J031,Cubbon Road,9902,Weekday,False,Clear,False,0.0,False,False,0.271,Low,37.5,16.7,129.0,0.119,0.276,0.982,Moderate traffic flow - standard adaptive signal timing in effect
EVT433868,2025-10-07 17:14:49,Trade Fair,J040,City Market,10992,Weekday,False,Rain,True,9.4,False,False,0.94,Severe,10.3,67.7,190.2,0.065,0.15,0.865,Heavy rain reducing visibility and grip - reduced speed and longer buffer advised
EVT433869,2025-12-24 09:23:45,Local Market Day,J031,Cubbon Road,4655,Weekday,False,Clear,False,0.0,False,False,1.0,Severe,6.9,76.9,717.1,0.224,0.517,0.886,Heavy congestion detected - signal timing extended and reroute suggested
EVT433870,2026-05-30 11:52:49,Political Rally,J030,MG Road,12779,Weekend,False,Clear,False,0.0,False,False,0.449,Moderate,28.7,27.9,196.0,0.155,0.357,0.964,Moderate traffic flow - standard adaptive signal timing in effect
EVT433871,2026-02-21 11:23:40,Sports Fixture,J012,Koramangala Sony World,9856,Weekend,False,Clear,False,0.0,False,False,0.38,Moderate,22.6,27.0,177.8,0.116,0.267,0.968,Moderate traffic flow - standard adaptive signal timing in effect
EVT433872,2025-01-12 19:32:11,Local Market Day,J020,Malleshwaram Circle,6299,Weekend,False,Clear,False,0.0,False,False,0.764,Severe,20.2,52.3,260.2,0.179,0.414,0.944,Heavy congestion detected - signal timing extended and reroute suggested
EVT433873,2025-01-14 08:23:42,Religious Festival,J040,City Market,44320,Weekday,True,Clear,False,0.0,False,True,1.0,Severe,8.3,96.1,461.9,0.202,0.466,0.842,Road closure for event/procession - full detour recommended for through-traffic
EVT433874,2025-06-23 16:25:01,Concert,J023,Basavanagudi,14320,Weekday,False,Clear,False,0.0,False,False,0.61,High,15.9,40.0,155.4,0.079,0.183,0.966,Moderate traffic flow - standard adaptive signal timing in effect
EVT433875,2026-04-04 06:08:27,Sports Fixture,J030,MG Road,29900,Weekend,False,Clear,False,0.0,False,False,0.476,Moderate,30.5,34.6,175.4,0.152,0.352,0.96,Moderate traffic flow - standard adaptive signal timing in effect
EVT433876,2025-03-15 18:15:01,Religious Festival,J040,City Market,52385,Weekend,True,Clear,False,0.0,False,True,1.0,Severe,8.1,97.6,634.3,0.219,0.505,0.82,Road closure for event/procession - full detour recommended for through-traffic
EVT433877,2025-12-11 09:17:14,Local Market Day,J023,Basavanagudi,5146,Weekday,False,Clear,False,0.0,False,False,0.978,Severe,8.2,68.6,610.1,0.225,0.52,0.924,Heavy congestion detected - signal timing extended and reroute suggested
EVT433878,2026-03-18 14:24:05,Sports Fixture,J012,Koramangala Sony World,29711,Weekday,False,Clear,False,0.0,False,False,0.386,Moderate,31.0,32.9,172.2,0.159,0.368,0.957,Moderate traffic flow - standard adaptive signal timing in effect
EVT433879,2026-05-10 15:55:30,Sports Fixture,J031,Cubbon Road,23200,Weekend,False,Light Rain,True,4.4,False,False,0.626,High,23.7,42.4,108.3,0.069,0.159,0.937,Heavy rain reducing visibility and grip - reduced speed and longer buffer advised
EVT433880,2026-05-06 05:10:22,Local Market Day,J040,City Market,2907,Weekday,False,Clear,False,0.0,False,False,0.201,Low,30.9,15.2,64.2,0.04,0.092,0.987,Normal free-flow traffic - standard signal timing maintained
EVT433881,2025-01-23 21:47:13,Sports Fixture,J040,City Market,9352,Weekday,False,Clear,False,0.0,False,False,0.269,Low,36.3,17.8,138.8,0.128,0.296,0.942,Moderate traffic flow - standard adaptive signal timing in effect
EVT433882,2025-10-25 17:09:08,Local Market Day,J011,Indiranagar 100ft Road,5027,Weekend,False,Clear,False,0.0,False,False,0.715,High,18.3,54.1,294.0,0.193,0.447,0.985,Moderate traffic flow - standard adaptive signal timing in effect
EVT433883,2025-09-12 14:17:10,Local Market Day,J020,Malleshwaram Circle,4029,Weekday,False,Rain,True,13.8,False,False,0.452,Moderate,31.4,31.1,104.3,0.071,0.163,0.883,Light rain detected - minor speed reduction advised
EVT433884,2026-01-14 12:41:51,Religious Festival,J030,MG Road,35987,Weekday,True,Clear,False,0.0,True,True,1.0,Severe,8.3,97.8,843.3,0.279,0.645,0.688,Road closure for event/procession - full detour recommended for through-traffic
EVT433885,2025-09-20 09:31:41,Sports Fixture,J040,City Market,10880,Weekend,False,Clear,False,0.0,False,False,0.81,Severe,12.6,57.3,313.6,0.152,0.352,0.954,Heavy congestion detected - signal timing extended and reroute suggested
EVT433886,2026-04-22 18:22:01,Concert,J040,City Market,16371,Weekday,False,Heavy Rain,True,27.0,False,False,1.0,Severe,7.6,75.3,817.8,0.257,0.593,0.851,Heavy rain reducing visibility and grip - reduced speed and longer buffer advised
EVT433887,2025-01-21 10:19:33,Political Rally,J012,Koramangala Sony World,14567,Weekday,False,Clear,False,0.0,False,False,0.755,Severe,15.6,55.8,196.0,0.124,0.286,0.978,Heavy congestion detected - signal timing extended and reroute suggested
EVT433888,2025-04-08 16:27:44,Local Market Day,J023,Basavanagudi,3219,Weekday,False,Light Rain,True,4.2,False,False,0.556,High,21.5,32.4,188.8,0.124,0.287,0.924,Heavy rain reducing visibility and grip - reduced speed and longer buffer advised
EVT433889,2026-03-14 10:02:14,Sports Fixture,J009,Majestic,27117,Weekend,False,Clear,False,0.0,False,False,0.83,Severe,11.8,58.8,345.4,0.162,0.374,0.957,Heavy congestion detected - signal timing extended and reroute suggested
EVT433890,2025-06-23 09:16:29,Concert,J020,Malleshwaram Circle,13250,Weekday,False,Clear,False,0.0,False,False,1.0,Severe,8.8,68.1,399.9,0.173,0.399,0.934,Heavy congestion detected - signal timing extended and reroute suggested
EVT433891,2025-12-13 21:24:08,Trade Fair,J030,MG Road,6336,Weekend,False,Clear,False,0.0,False,False,0.465,Moderate,23.5,29.8,252.4,0.177,0.41,0.982,Moderate traffic flow - standard adaptive signal timing in effect
EVT433892,2025-05-01 18:16:37,Religious Festival,J030,MG Road,69745,Weekday,True,Clear,False,0.0,False,False,1.0,Severe,7.5,70.2,591.8,0.189,0.437,0.871,Festival crowd surge detected - alternate route and extended cycle recommended
EVT433893,2025-09-24 10:53:04,Trade Fair,J009,Majestic,9604,Weekday,False,Clear,False,0.0,False,False,0.566,High,19.1,38.2,172.3,0.117,0.269,0.953,Moderate traffic flow - standard adaptive signal timing in effect
EVT433894,2025-03-06 13:39:24,Trade Fair,J031,Cubbon Road,8114,Weekday,False,Clear,False,0.0,False,False,0.209,Low,36.0,13.5,190.8,0.19,0.438,0.99,Normal free-flow traffic - standard signal timing maintained
EVT433895,2025-05-06 06:52:26,Trade Fair,J023,Basavanagudi,9295,Weekday,False,Clear,False,0.0,False,False,0.422,Moderate,27.2,21.6,268.7,0.227,0.525,0.951,Moderate traffic flow - standard adaptive signal timing in effect
EVT433896,2026-03-10 13:33:41,Trade Fair,J009,Majestic,8979,Weekday,False,Clear,False,0.0,False,False,0.144,Low,26.0,9.1,219.4,0.136,0.315,0.965,Normal free-flow traffic - standard signal timing maintained
EVT433897,2026-05-24 15:47:48,Trade Fair,J011,Indiranagar 100ft Road,6164,Weekend,False,Clear,False,0.0,False,False,0.484,Moderate,25.9,30.1,118.0,0.085,0.197,0.947,Moderate traffic flow - standard adaptive signal timing in effect
EVT433898,2025-11-30 06:04:38,Trade Fair,J009,Majestic,9220,Weekend,False,Clear,False,0.0,False,False,0.357,Moderate,32.2,31.8,222.1,0.203,0.468,0.968,Moderate traffic flow - standard adaptive signal timing in effect
EVT433899,2025-04-15 09:00:47,Cultural Procession,J011,Indiranagar 100ft Road,30244,Weekday,True,Clear,False,0.0,False,True,1.0,Severe,7.6,104.4,435.1,0.147,0.338,0.838,Road closure for event/procession - full detour recommended for through-traffic
EVT433900,2026-04-18 20:11:08,Political Rally,J030,MG Road,7161,Weekend,False,Clear,False,0.0,False,False,0.621,High,22.6,35.9,269.7,0.196,0.452,0.984,Moderate traffic flow - standard adaptive signal timing in effect
EVT433901,2025-03-08 17:50:55,Trade Fair,J020,Malleshwaram Circle,5173,Weekend,False,Clear,False,0.0,False,False,0.825,Severe,15.3,64.4,187.0,0.087,0.202,0.944,Heavy congestion detected - signal timing extended and reroute suggested
EVT433902,2026-01-09 19:17:09,Sports Fixture,J020,Malleshwaram Circle,11415,Weekday,False,Clear,False,0.0,False,False,0.921,Severe,12.0,66.3,301.4,0.135,0.311,0.955,Heavy congestion detected - signal timing extended and reroute suggested
EVT433903,2025-12-07 16:46:55,Political Rally,J020,Malleshwaram Circle,20868,Weekend,False,Clear,False,0.0,False,False,0.695,High,16.6,51.2,466.9,0.264,0.61,0.968,Moderate traffic flow - standard adaptive signal timing in effect
EVT433904,2025-08-15 12:23:32,Fireworks Display,J023,Basavanagudi,38880,Weekday,True,Rain,True,23.2,False,False,0.884,Severe,11.4,62.5,353.4,0.15,0.346,0.797,Festival crowd surge detected - alternate route and extended cycle recommended
EVT433905,2026-04-10 20:44:31,Local Market Day,J040,City Market,3535,Weekday,False,Clear,False,0.0,False,False,0.519,Moderate,29.3,33.4,184.1,0.14,0.324,0.973,Moderate traffic flow - standard adaptive signal timing in effect
EVT433906,2026-06-06 18:39:12,Sports Fixture,J011,Indiranagar 100ft Road,20064,Weekend,False,Rain,True,15.6,False,False,1.0,Severe,8.1,78.9,396.0,0.138,0.319,0.867,Heavy rain reducing visibility and grip - reduced speed and longer buffer advised
EVT433907,2025-10-14 17:13:34,Trade Fair,J011,Indiranagar 100ft Road,8459,Weekday,False,Clear,False,0.0,False,False,0.856,Severe,11.7,63.3,269.3,0.125,0.289,0.946,Heavy congestion detected - signal timing extended and reroute suggested
EVT433908,2025-06-13 10:38:56,Concert,J012,Koramangala Sony World,11919,Weekday,False,Fog,False,0.0,False,False,0.568,High,20.3,46.0,337.2,0.22,0.509,0.955,Moderate traffic flow - standard adaptive signal timing in effect
EVT433909,2026-02-16 14:00:25,Local Market Day,J023,Basavanagudi,2929,Weekday,False,Clear,False,0.0,False,False,0.113,Low,36.6,9.9,202.9,0.162,0.374,0.986,Normal free-flow traffic - standard signal timing maintained
EVT433910,2025-09-09 20:09:41,Sports Fixture,J030,MG Road,52676,Weekday,False,Rain,True,8.2,False,False,1.0,Severe,9.3,74.9,441.6,0.178,0.411,0.897,Heavy rain reducing visibility and grip - reduced speed and longer buffer advised
EVT433911,2025-05-25 08:47:59,Local Market Day,J031,Cubbon Road,5705,Weekend,False,Clear,False,0.0,False,False,0.869,Severe,13.6,60.3,351.7,0.186,0.431,0.959,Heavy congestion detected - signal timing extended and reroute suggested
EVT433912,2026-06-02 09:31:38,Concert,J030,MG Road,20122,Weekday,False,Clear,False,0.0,False,False,1.0,Severe,8.3,79.1,474.0,0.166,0.382,0.924,Heavy congestion detected - signal timing extended and reroute suggested
EVT433913,2026-06-13 16:50:04,Local Market Day,J040,City Market,1521,Weekend,False,Clear,False,0.0,False,False,0.58,High,23.2,38.7,174.4,0.124,0.287,0.955,Moderate traffic flow - standard adaptive signal timing in effect
EVT433914,2025-06-18 08:33:26,Local Market Day,J040,City Market,4259,Weekday,False,Clear,False,0.0,False,False,0.943,Severe,9.3,64.0,483.0,0.191,0.441,0.923,Heavy congestion detected - signal timing extended and reroute suggested
EVT433915,2025-09-14 21:07:17,Trade Fair,J020,Malleshwaram Circle,8091,Weekend,False,Clear,False,0.0,False,False,0.356,Moderate,35.5,21.0,105.3,0.115,0.265,0.947,Moderate traffic flow - standard adaptive signal timing in effect
EVT433916,2025-07-25 08:13:16,Local Market Day,J009,Majestic,3358,Weekday,False,Rain,True,15.3,False,False,1.0,Severe,8.4,68.3,617.4,0.206,0.477,0.847,Heavy rain reducing visibility and grip - reduced speed and longer buffer advised
EVT433917,2026-04-15 15:04:42,Cultural Procession,J031,Cubbon Road,12173,Weekday,True,Light Rain,True,1.8,False,True,0.774,High,14.2,82.2,159.3,0.068,0.156,0.827,Road closure for event/procession - full detour recommended for through-traffic
EVT433918,2026-02-02 22:39:50,Local Market Day,J030,MG Road,5837,Weekday,False,Clear,False,0.0,False,False,0.201,Low,32.8,14.1,156.8,0.147,0.339,0.969,Normal free-flow traffic - standard signal timing maintained
EVT433919,2025-07-03 08:51:08,Trade Fair,J009,Majestic,13108,Weekday,False,Clear,False,0.0,False,False,1.0,Severe,8.1,71.6,1107.0,0.366,0.845,0.892,Heavy congestion detected - signal timing extended and reroute suggested
EVT433920,2025-04-01 16:16:49,Sports Fixture,J040,City Market,11911,Weekday,False,Clear,False,0.0,False,False,0.622,High,18.8,46.0,301.7,0.193,0.445,0.952,Moderate traffic flow - standard adaptive signal timing in effect
EVT433921,2026-01-22 10:42:52,Trade Fair,J011,Indiranagar 100ft Road,8665,Weekday,False,Clear,False,0.0,False,False,0.556,High,23.3,39.1,174.8,0.116,0.268,0.983,Moderate traffic flow - standard adaptive signal timing in effect
EVT433922,2025-08-11 18:04:45,Concert,J040,City Market,8357,Weekday,False,Clear,False,0.0,False,False,1.0,Severe,8.3,65.7,544.5,0.194,0.448,0.939,Heavy congestion detected - signal timing extended and reroute suggested
EVT433923,2025-09-05 06:19:40,Cultural Procession,J040,City Market,27171,Weekday,True,Clear,False,0.0,False,True,0.865,High,12.9,83.7,544.3,0.259,0.598,0.888,Road closure for event/procession - full detour recommended for through-traffic
EVT433924,2025-06-10 18:59:56,Sports Fixture,J020,Malleshwaram Circle,18983,Weekday,False,Clear,False,0.0,False,False,1.0,Severe,9.8,75.4,266.6,0.121,0.279,0.932,Heavy congestion detected - signal timing extended and reroute suggested
EVT433925,2025-10-30 09:29:09,Concert,J031,Cubbon Road,9484,Weekday,False,Clear,False,0.0,False,False,0.954,Severe,8.0,68.0,516.2,0.165,0.382,0.903,Heavy congestion detected - signal timing extended and reroute suggested
EVT433926,2026-04-03 17:46:27,Political Rally,J011,Indiranagar 100ft Road,18457,Weekday,False,Clear,False,0.0,False,False,1.0,Severe,8.0,71.0,381.0,0.117,0.271,0.919,Heavy congestion detected - signal timing extended and reroute suggested
EVT433927,2025-07-26 22:12:13,Trade Fair,J030,MG Road,9064,Weekend,False,Clear,False,0.0,False,False,0.375,Moderate,26.9,26.0,171.1,0.128,0.296,0.967,Moderate traffic flow - standard adaptive signal timing in effect
EVT433928,2025-07-16 10:43:15,Local Market Day,J012,Koramangala Sony World,6227,Weekday,False,Light Rain,True,3.4,False,False,0.612,High,21.1,39.1,256.1,0.158,0.364,0.921,Heavy rain reducing visibility and grip - reduced speed and longer buffer advised
EVT433929,2026-01-14 09:05:07,Religious Festival,J009,Majestic,47345,Weekday,True,Clear,False,0.0,False,True,1.0,Severe,9.5,99.5,709.3,0.273,0.631,0.822,Road closure for event/procession - full detour recommended for through-traffic
EVT433930,2025-05-30 22:52:40,Local Market Day,J031,Cubbon Road,3239,Weekday,False,Clear,False,0.0,False,False,0.067,Low,28.5,2.0,100.8,0.096,0.221,0.932,Normal free-flow traffic - standard signal timing maintained
EVT433931,2025-01-07 07:57:30,Local Market Day,J040,City Market,2683,Weekday,False,Clear,False,0.0,False,False,0.836,Severe,11.7,60.5,352.7,0.154,0.356,0.936,Heavy congestion detected - signal timing extended and reroute suggested
EVT433932,2026-02-02 07:28:51,Trade Fair,J020,Malleshwaram Circle,6863,Weekday,False,Clear,False,0.0,False,False,0.611,High,19.4,40.4,311.8,0.188,0.435,0.956,Moderate traffic flow - standard adaptive signal timing in effect
EVT433933,2026-03-29 07:28:55,Trade Fair,J009,Majestic,8745,Weekend,False,Clear,False,0.0,False,False,0.652,High,20.6,45.7,93.1,0.054,0.124,0.955,Moderate traffic flow - standard adaptive signal timing in effect
EVT433934,2025-07-24 19:24:49,Sports Fixture,J031,Cubbon Road,22963,Weekday,False,Clear,False,0.0,False,False,0.95,Severe,11.0,64.4,429.8,0.184,0.425,0.922,Heavy congestion detected - signal timing extended and reroute suggested
EVT433935,2026-02-16 14:22:54,Sports Fixture,J012,Koramangala Sony World,22394,Weekday,False,Clear,False,0.0,False,False,0.319,Low,28.2,28.3,119.5,0.084,0.195,0.989,Moderate traffic flow - standard adaptive signal timing in effect
EVT433936,2025-09-28 19:59:50,Local Market Day,J012,Koramangala Sony World,7427,Weekend,False,Clear,False,0.0,False,False,0.701,High,20.7,50.8,206.3,0.126,0.29,0.98,Moderate traffic flow - standard adaptive signal timing in effect
EVT433937,2025-07-27 12:04:50,Political Rally,J011,Indiranagar 100ft Road,9929,Weekend,False,Rain,True,12.7,False,False,0.462,Moderate,23.9,30.2,194.6,0.127,0.294,0.913,Light rain detected - minor speed reduction advised
EVT433938,2025-09-19 15:32:07,Sports Fixture,J030,MG Road,33929,Weekday,False,Clear,False,0.0,False,False,0.53,Moderate,27.6,36.8,163.8,0.134,0.309,0.954,Moderate traffic flow - standard adaptive signal timing in effect
EVT433939,2025-10-17 18:25:47,Local Market Day,J040,City Market,4008,Weekday,False,Clear,False,0.0,False,False,1.0,Severe,9.0,75.5,423.4,0.143,0.33,0.917,Heavy congestion detected - signal timing extended and reroute suggested
EVT433940,2026-03-29 17:18:47,Political Rally,J040,City Market,11535,Weekend,False,Clear,False,0.0,False,False,0.779,Severe,12.3,56.6,354.2,0.176,0.406,0.937,Heavy congestion detected - signal timing extended and reroute suggested
EVT433941,2025-02-26 12:14:10,Concert,J031,Cubbon Road,15679,Weekday,False,Clear,False,0.0,False,False,0.357,Moderate,21.7,28.6,235.1,0.132,0.305,0.966,Moderate traffic flow - standard adaptive signal timing in effect
EVT433942,2026-05-11 07:22:07,Concert,J009,Majestic,12961,Weekday,False,Clear,False,0.0,False,False,0.616,High,25.6,45.2,145.7,0.094,0.216,0.964,Moderate traffic flow - standard adaptive signal timing in effect
EVT433943,2026-02-20 19:36:05,Local Market Day,J020,Malleshwaram Circle,4094,Weekday,False,Clear,False,0.0,False,False,0.84,Severe,16.7,61.4,359.8,0.2,0.462,0.953,Heavy congestion detected - signal timing extended and reroute suggested
EVT433944,2025-08-22 08:12:55,Concert,J011,Indiranagar 100ft Road,14966,Weekday,False,Heavy Rain,True,30.7,False,False,1.0,Severe,8.3,70.8,693.6,0.239,0.552,0.885,Heavy rain reducing visibility and grip - reduced speed and longer buffer advised
EVT433945,2025-07-19 09:57:40,Political Rally,J030,MG Road,14235,Weekend,False,Clear,False,0.0,False,False,0.8,Severe,19.4,50.7,383.8,0.269,0.62,0.962,Heavy congestion detected - signal timing extended and reroute suggested
EVT433946,2026-04-18 09:29:15,Local Market Day,J040,City Market,7368,Weekend,False,Clear,False,0.0,False,False,0.762,Severe,16.9,57.0,264.2,0.136,0.314,0.957,Heavy congestion detected - signal timing extended and reroute suggested
EVT433947,2026-01-12 19:38:28,Local Market Day,J009,Majestic,3383,Weekday,False,Clear,False,0.0,False,False,0.931,Severe,12.9,67.4,342.3,0.168,0.388,0.925,Heavy congestion detected - signal timing extended and reroute suggested
EVT433948,2026-03-21 07:01:20,Trade Fair,J031,Cubbon Road,14227,Weekend,False,Clear,False,0.0,False,False,0.58,High,20.6,42.3,258.4,0.149,0.343,0.953,Moderate traffic flow - standard adaptive signal timing in effect
EVT433949,2025-10-13 07:52:37,Trade Fair,J023,Basavanagudi,7355,Weekday,False,Clear,False,0.0,False,False,0.781,Severe,16.4,60.2,439.9,0.26,0.6,0.948,Heavy congestion detected - signal timing extended and reroute suggested
EVT433950,2025-07-29 10:52:15,Sports Fixture,J020,Malleshwaram Circle,43496,Weekday,False,Clear,False,0.0,False,False,0.727,High,17.5,55.3,299.5,0.165,0.381,0.973,Moderate traffic flow - standard adaptive signal timing in effect
EVT433951,2025-11-05 12:34:36,Sports Fixture,J023,Basavanagudi,26069,Weekday,False,Fog,False,0.0,False,False,0.441,Moderate,30.6,35.8,149.5,0.104,0.241,0.956,Moderate traffic flow - standard adaptive signal timing in effect
EVT433952,2025-10-16 07:51:07,Political Rally,J031,Cubbon Road,29354,Weekday,False,Clear,False,0.0,False,False,0.859,Severe,11.9,56.5,309.1,0.145,0.336,0.908,Heavy congestion detected - signal timing extended and reroute suggested
EVT433953,2025-11-24 16:57:23,Trade Fair,J040,City Market,5876,Weekday,False,Clear,False,0.0,False,False,0.674,High,21.7,51.0,252.3,0.187,0.432,0.962,Moderate traffic flow - standard adaptive signal timing in effect
EVT433954,2025-03-12 11:29:45,Concert,J009,Majestic,14513,Weekday,False,Clear,False,0.0,False,False,0.365,Moderate,29.2,22.8,72.8,0.069,0.159,0.99,Moderate traffic flow - standard adaptive signal timing in effect
EVT433955,2025-09-25 05:33:30,Sports Fixture,J030,MG Road,24537,Weekday,False,Clear,False,0.0,False,False,0.395,Moderate,26.4,31.7,211.2,0.166,0.383,0.966,Moderate traffic flow - standard adaptive signal timing in effect
EVT433956,2025-06-25 19:40:33,Concert,J020,Malleshwaram Circle,9601,Weekday,False,Rain,True,13.8,False,False,1.0,Severe,9.6,73.8,329.0,0.135,0.312,0.867,Heavy rain reducing visibility and grip - reduced speed and longer buffer advised
EVT433957,2026-03-13 09:36:34,Political Rally,J009,Majestic,20969,Weekday,False,Clear,False,0.0,False,False,1.0,Severe,8.0,67.2,457.6,0.155,0.358,0.933,Heavy congestion detected - signal timing extended and reroute suggested
EVT433958,2025-06-03 18:41:26,Concert,J030,MG Road,13563,Weekday,False,Clear,False,0.0,False,False,1.0,Severe,9.1,74.7,731.6,0.266,0.615,0.897,Heavy congestion detected - signal timing extended and reroute suggested
EVT433959,2025-01-12 18:06:47,Sports Fixture,J031,Cubbon Road,24560,Weekend,False,Clear,False,0.0,False,False,0.929,Severe,11.4,59.6,421.2,0.184,0.426,0.939,Heavy congestion detected - signal timing extended and reroute suggested
EVT433960,2025-01-09 15:57:14,Political Rally,J040,City Market,16311,Weekday,False,Clear,False,0.0,False,False,0.538,Moderate,23.2,39.0,219.3,0.154,0.356,0.97,Moderate traffic flow - standard adaptive signal timing in effect
EVT433961,2025-05-16 17:10:38,Local Market Day,J040,City Market,3852,Weekday,False,Light Rain,True,5.6,False,False,0.853,Severe,14.5,60.9,430.0,0.229,0.528,0.888,Heavy rain reducing visibility and grip - reduced speed and longer buffer advised
EVT433962,2026-01-31 08:09:18,Trade Fair,J011,Indiranagar 100ft Road,8913,Weekend,False,Clear,False,0.0,False,False,0.737,High,18.0,52.0,244.8,0.142,0.329,0.964,Moderate traffic flow - standard adaptive signal timing in effect
EVT433963,2025-09-23 10:15:09,Political Rally,J040,City Market,16005,Weekday,False,Clear,False,0.0,False,False,0.693,High,19.5,49.9,160.1,0.106,0.245,0.975,Moderate traffic flow - standard adaptive signal timing in effect
EVT433964,2025-10-26 08:04:46,Local Market Day,J012,Koramangala Sony World,3273,Weekend,False,Clear,False,0.0,False,False,0.685,High,22.2,51.1,247.5,0.174,0.403,0.952,Moderate traffic flow - standard adaptive signal timing in effect
EVT433965,2025-11-22 09:01:22,Concert,J023,Basavanagudi,20346,Weekend,False,Clear,False,0.0,False,False,1.0,Severe,7.9,69.8,604.8,0.188,0.433,0.932,Heavy congestion detected - signal timing extended and reroute suggested
EVT433966,2025-09-01 09:39:51,Concert,J023,Basavanagudi,11820,Weekday,False,Clear,False,0.0,True,False,1.0,Severe,7.5,66.9,294.8,0.112,0.26,0.771,Accident detected nearby - reroute and reduced speed advised
EVT433967,2025-02-03 20:31:54,Concert,J040,City Market,15330,Weekday,False,Clear,False,0.0,False,False,0.617,High,22.0,43.4,256.9,0.192,0.444,0.979,Moderate traffic flow - standard adaptive signal timing in effect
EVT433968,2026-06-26 06:05:25,Local Market Day,J009,Majestic,6993,Weekday,False,Clear,False,0.0,False,False,0.197,Low,36.3,8.6,125.1,0.101,0.232,0.972,Normal free-flow traffic - standard signal timing maintained
EVT433969,2025-05-24 17:51:04,Concert,J012,Koramangala Sony World,10006,Weekend,False,Clear,False,0.0,False,False,0.872,Severe,12.7,57.5,602.1,0.289,0.668,0.986,Heavy congestion detected - signal timing extended and reroute suggested
EVT433970,2025-10-24 17:06:46,Sports Fixture,J009,Majestic,21860,Weekday,False,Clear,False,0.0,False,False,0.841,Severe,12.9,59.4,252.8,0.146,0.338,0.935,Heavy congestion detected - signal timing extended and reroute suggested
EVT433971,2026-01-17 08:34:17,Concert,J030,MG Road,9261,Weekend,False,Clear,False,0.0,False,False,0.965,Severe,10.1,65.0,171.4,0.081,0.187,0.921,Heavy congestion detected - signal timing extended and reroute suggested
EVT433972,2025-10-19 14:41:08,Trade Fair,J009,Majestic,13083,Weekend,False,Heavy Rain,True,28.4,False,False,0.695,High,20.3,43.4,147.3,0.098,0.226,0.925,Heavy rain reducing visibility and grip - reduced speed and longer buffer advised
EVT433973,2025-09-05 20:30:20,Fireworks Display,J011,Indiranagar 100ft Road,18718,Weekday,True,Rain,True,16.9,False,False,1.0,Severe,8.0,67.8,786.1,0.261,0.603,0.814,Festival crowd surge detected - alternate route and extended cycle recommended
EVT433974,2025-07-28 08:54:37,Local Market Day,J023,Basavanagudi,3642,Weekday,False,Clear,False,0.0,False,False,1.0,Severe,6.9,71.5,946.4,0.248,0.573,0.921,Heavy congestion detected - signal timing extended and reroute suggested
EVT433975,2026-01-02 16:49:09,Cultural Procession,J009,Majestic,13830,Weekday,True,Clear,False,0.0,False,True,1.0,Severe,8.5,103.3,702.1,0.232,0.537,0.838,Road closure for event/procession - full detour recommended for through-traffic
EVT433976,2025-08-06 18:20:53,Political Rally,J023,Basavanagudi,25643,Weekday,False,Heavy Rain,True,27.0,False,False,1.0,Severe,8.2,69.8,666.0,0.222,0.512,0.877,Heavy rain reducing visibility and grip - reduced speed and longer buffer advised
EVT433977,2026-06-25 08:34:43,Sports Fixture,J020,Malleshwaram Circle,13401,Weekday,False,Clear,False,0.0,False,False,0.973,Severe,7.3,66.6,725.9,0.222,0.514,0.903,Heavy congestion detected - signal timing extended and reroute suggested
EVT433978,2025-11-22 14:40:57,Local Market Day,J030,MG Road,4525,Weekend,False,Clear,False,0.0,False,False,0.349,Low,28.9,28.7,239.6,0.196,0.453,0.985,Moderate traffic flow - standard adaptive signal timing in effect
EVT433979,2025-11-06 07:51:29,Sports Fixture,J020,Malleshwaram Circle,32572,Weekday,False,Clear,False,0.0,False,False,0.998,Severe,8.1,74.5,764.5,0.247,0.57,0.906,Heavy congestion detected - signal timing extended and reroute suggested
EVT433980,2026-03-02 20:22:13,Local Market Day,J020,Malleshwaram Circle,2420,Weekday,False,Clear,False,0.0,False,False,0.594,High,19.1,43.0,302.4,0.189,0.436,0.945,Moderate traffic flow - standard adaptive signal timing in effect
EVT433981,2025-01-23 13:13:20,Sports Fixture,J040,City Market,23569,Weekday,False,Fog,False,0.0,False,False,0.243,Low,26.7,16.9,162.7,0.128,0.296,0.976,Normal free-flow traffic - standard signal timing maintained
EVT433982,2025-07-14 15:19:08,Sports Fixture,J009,Majestic,27568,Weekday,False,Heavy Rain,True,40.8,False,False,0.776,Severe,13.2,57.9,531.8,0.251,0.579,0.884,Heavy rain reducing visibility and grip - reduced speed and longer buffer advised
EVT433983,2025-01-22 18:30:55,Concert,J030,MG Road,9656,Weekday,False,Clear,False,0.0,False,False,1.0,Severe,8.9,72.8,716.4,0.254,0.587,0.928,Heavy congestion detected - signal timing extended and reroute suggested
EVT433984,2025-09-08 16:42:15,Trade Fair,J020,Malleshwaram Circle,9994,Weekday,False,Clear,False,0.0,False,False,0.697,High,19.3,47.7,305.4,0.2,0.462,0.973,Moderate traffic flow - standard adaptive signal timing in effect
EVT433985,2026-02-20 18:08:29,Sports Fixture,J009,Majestic,24388,Weekday,False,Clear,False,0.0,False,False,1.0,Severe,9.2,73.1,650.8,0.228,0.527,0.924,Heavy congestion detected - signal timing extended and reroute suggested
EVT433986,2026-05-05 18:06:52,Local Market Day,J012,Koramangala Sony World,3642,Weekday,False,Clear,False,0.0,False,False,1.0,Severe,9.4,66.0,752.9,0.298,0.687,0.917,Heavy congestion detected - signal timing extended and reroute suggested
EVT433987,2026-05-15 18:46:06,Sports Fixture,J031,Cubbon Road,15672,Weekday,False,Fog,False,0.0,False,False,1.0,Severe,7.8,75.4,546.6,0.178,0.411,0.926,Heavy congestion detected - signal timing extended and reroute suggested
EVT433988,2026-06-10 18:27:03,Concert,J031,Cubbon Road,11423,Weekday,False,Rain,True,16.8,False,False,1.0,Severe,8.3,71.1,716.7,0.237,0.547,0.872,Heavy rain reducing visibility and grip - reduced speed and longer buffer advised
EVT433989,2025-07-22 16:21:53,Local Market Day,J009,Majestic,4755,Weekday,False,Fog,False,0.0,False,False,0.53,Moderate,19.6,37.4,176.9,0.109,0.252,0.95,Moderate traffic flow - standard adaptive signal timing in effect
EVT433990,2025-02-24 09:45:26,Local Market Day,J012,Koramangala Sony World,6040,Weekday,False,Clear,False,0.0,False,False,0.929,Severe,10.2,59.6,165.4,0.083,0.192,0.934,Heavy congestion detected - signal timing extended and reroute suggested
EVT433991,2025-10-17 16:00:39,Concert,J023,Basavanagudi,14577,Weekday,False,Clear,False,0.0,False,False,0.39,Moderate,29.8,26.3,244.9,0.194,0.449,0.949,Moderate traffic flow - standard adaptive signal timing in effect
EVT433992,2025-10-14 05:05:37,Sports Fixture,J031,Cubbon Road,32522,Weekday,False,Light Rain,True,3.3,False,False,0.459,Moderate,22.4,33.2,76.8,0.046,0.106,0.92,Light rain detected - minor speed reduction advised
EVT433993,2026-02-27 15:22:43,Local Market Day,J030,MG Road,2624,Weekday,False,Clear,False,0.0,False,False,0.339,Low,28.5,29.2,184.1,0.154,0.356,0.946,Moderate traffic flow - standard adaptive signal timing in effect
EVT433994,2025-05-11 13:44:14,Local Market Day,J040,City Market,3457,Weekend,False,Clear,False,0.0,False,False,0.269,Low,33.2,23.6,195.4,0.173,0.399,0.974,Moderate traffic flow - standard adaptive signal timing in effect
EVT433995,2025-12-08 20:56:15,Sports Fixture,J009,Majestic,25921,Weekday,False,Light Rain,True,6.0,False,False,0.629,High,22.5,42.6,327.1,0.239,0.553,0.911,Heavy rain reducing visibility and grip - reduced speed and longer buffer advised
EVT433996,2025-08-19 17:39:59,Concert,J040,City Market,13787,Weekday,False,Heavy Rain,True,60.7,False,False,1.0,Severe,9.2,68.8,559.2,0.2,0.461,0.85,Heavy rain reducing visibility and grip - reduced speed and longer buffer advised
EVT433997,2026-06-20 15:43:40,Local Market Day,J020,Malleshwaram Circle,2842,Weekend,False,Heavy Rain,True,29.9,False,False,0.746,High,19.1,52.5,350.5,0.229,0.529,0.927,Heavy rain reducing visibility and grip - reduced speed and longer buffer advised
EVT433998,2025-12-04 16:07:44,Sports Fixture,J011,Indiranagar 100ft Road,17918,Weekday,False,Clear,False,0.0,False,False,0.529,Moderate,23.2,38.8,134.1,0.084,0.194,0.956,Moderate traffic flow - standard adaptive signal timing in effect
EVT433999,2025-05-11 12:10:28,Trade Fair,J031,Cubbon Road,12483,Weekend,False,Clear,False,0.0,False,False,0.212,Low,34.8,13.9,64.0,0.061,0.141,0.957,Normal free-flow traffic - standard signal timing maintained
EVT434000,2026-02-11 05:43:37,Concert,J011,Indiranagar 100ft Road,14820,Weekday,False,Clear,False,0.0,False,False,0.284,Low,29.4,19.5,122.1,0.095,0.22,0.979,Moderate traffic flow - standard adaptive signal timing in effect
EVT434001,2026-06-07 14:46:45,Sports Fixture,J040,City Market,19102,Weekend,False,Rain,True,22.4,False,False,0.577,High,22.8,39.6,215.2,0.153,0.354,0.912,Heavy rain reducing visibility and grip - reduced speed and longer buffer advised
EVT434002,2025-10-01 16:02:32,Concert,J040,City Market,19345,Weekday,False,Clear,False,0.0,False,False,0.455,Moderate,24.9,32.3,246.7,0.191,0.442,0.927,Moderate traffic flow - standard adaptive signal timing in effect
EVT434003,2025-02-05 07:58:50,Sports Fixture,J011,Indiranagar 100ft Road,44577,Weekday,False,Clear,False,0.0,False,False,1.0,Severe,6.8,74.6,690.0,0.224,0.518,0.922,Heavy congestion detected - signal timing extended and reroute suggested
EVT434004,2025-12-27 18:48:19,Trade Fair,J023,Basavanagudi,10783,Weekend,False,Clear,False,0.0,False,False,0.845,Severe,14.9,61.8,342.3,0.187,0.432,0.929,Heavy congestion detected - signal timing extended and reroute suggested
EVT434005,2025-10-13 12:32:21,Concert,J011,Indiranagar 100ft Road,14894,Weekday,False,Clear,False,0.0,False,False,0.281,Low,31.8,12.0,129.9,0.12,0.276,0.953,Moderate traffic flow - standard adaptive signal timing in effect
EVT434006,2025-02-26 19:27:27,Local Market Day,J040,City Market,3245,Weekday,False,Fog,False,0.0,False,False,0.852,Severe,11.7,60.6,342.6,0.14,0.324,0.931,Heavy congestion detected - signal timing extended and reroute suggested
EVT434007,2026-02-08 11:12:18,Political Rally,J020,Malleshwaram Circle,16566,Weekend,False,Clear,False,0.0,False,False,0.602,High,22.8,49.5,288.8,0.197,0.456,0.951,Moderate traffic flow - standard adaptive signal timing in effect
EVT434008,2025-01-05 17:15:24,Local Market Day,J020,Malleshwaram Circle,4740,Weekend,False,Clear,False,0.0,False,False,0.74,High,16.5,55.5,226.3,0.121,0.279,0.959,Moderate traffic flow - standard adaptive signal timing in effect
EVT434009,2025-06-10 12:43:24,Local Market Day,J011,Indiranagar 100ft Road,4808,Weekday,False,Clear,False,0.0,False,False,0.247,Low,36.0,13.4,125.2,0.109,0.252,0.973,Normal free-flow traffic - standard signal timing maintained
EVT434010,2026-01-02 22:14:30,Religious Festival,J023,Basavanagudi,50903,Weekday,True,Clear,False,0.0,False,True,0.91,Severe,8.1,91.6,448.0,0.17,0.394,0.825,Road closure for event/procession - full detour recommended for through-traffic
EVT434011,2025-05-29 14:24:30,Sports Fixture,J020,Malleshwaram Circle,12921,Weekday,False,Rain,True,10.7,False,False,0.409,Moderate,20.1,28.9,231.3,0.141,0.327,0.914,Light rain detected - minor speed reduction advised
EVT434012,2026-06-07 14:34:12,Sports Fixture,J020,Malleshwaram Circle,16510,Weekend,False,Heavy Rain,True,34.4,False,False,0.717,High,19.1,50.2,251.2,0.171,0.395,0.912,Heavy rain reducing visibility and grip - reduced speed and longer buffer advised
EVT434013,2025-10-21 09:41:46,Cultural Procession,J009,Majestic,17239,Weekday,True,Clear,False,0.0,False,True,1.0,Severe,9.6,102.6,410.6,0.174,0.402,0.834,Road closure for event/procession - full detour recommended for through-traffic
EVT434014,2026-06-09 09:34:11,Local Market Day,J012,Koramangala Sony World,9084,Weekday,False,Clear,False,0.0,False,False,0.97,Severe,8.3,68.5,594.8,0.208,0.48,0.913,Heavy congestion detected - signal timing extended and reroute suggested
EVT434015,2026-04-10 11:25:13,Sports Fixture,J040,City Market,28081,Weekday,False,Clear,False,0.0,False,False,0.419,Moderate,27.9,23.9,179.0,0.129,0.298,0.957,Moderate traffic flow - standard adaptive signal timing in effect
EVT434016,2025-09-07 17:07:17,Sports Fixture,J031,Cubbon Road,9047,Weekend,False,Clear,False,0.0,False,False,0.741,High,15.9,53.6,456.6,0.252,0.583,0.972,Moderate traffic flow - standard adaptive signal timing in effect
EVT434017,2025-08-10 17:06:59,Local Market Day,J009,Majestic,5520,Weekend,False,Clear,False,0.0,False,False,0.748,High,16.7,46.9,268.7,0.156,0.361,0.945,Moderate traffic flow - standard adaptive signal timing in effect
EVT434018,2025-05-28 10:59:36,Concert,J020,Malleshwaram Circle,12040,Weekday,False,Clear,False,0.0,False,False,0.445,Moderate,23.2,26.2,247.5,0.145,0.334,0.979,Moderate traffic flow - standard adaptive signal timing in effect
EVT434019,2025-11-02 07:09:05,Fireworks Display,J020,Malleshwaram Circle,27671,Weekend,True,Clear,False,0.0,False,False,0.795,Severe,17.0,54.5,474.4,0.266,0.614,0.901,Festival crowd surge detected - alternate route and extended cycle recommended
EVT434020,2025-07-28 13:11:15,Local Market Day,J020,Malleshwaram Circle,3388,Weekday,False,Heavy Rain,True,34.2,True,False,0.893,Severe,10.9,61.2,389.4,0.144,0.333,0.721,Accident detected nearby - reroute and reduced speed advised
EVT434021,2026-02-14 10:18:05,Trade Fair,J020,Malleshwaram Circle,6086,Weekend,False,Clear,False,0.0,False,False,0.606,High,20.8,39.5,109.0,0.07,0.162,0.984,Moderate traffic flow - standard adaptive signal timing in effect
EVT434022,2025-02-09 09:21:38,Concert,J011,Indiranagar 100ft Road,10705,Weekend,False,Clear,False,0.0,False,False,0.906,Severe,11.4,62.6,430.0,0.192,0.443,0.938,Heavy congestion detected - signal timing extended and reroute suggested
EVT434023,2025-11-09 12:51:06,Sports Fixture,J009,Majestic,15418,Weekend,False,Clear,False,0.0,False,False,0.302,Low,26.6,23.7,143.3,0.082,0.19,0.972,Moderate traffic flow - standard adaptive signal timing in effect
EVT434024,2025-07-25 06:19:39,Sports Fixture,J031,Cubbon Road,21142,Weekday,False,Heavy Rain,True,46.7,False,False,0.678,High,22.5,45.5,163.9,0.102,0.235,0.902,Heavy rain reducing visibility and grip - reduced speed and longer buffer advised
EVT434025,2026-02-25 07:30:56,Sports Fixture,J012,Koramangala Sony World,26560,Weekday,False,Clear,False,0.0,False,False,0.731,High,14.6,58.7,378.5,0.174,0.401,0.98,Moderate traffic flow - standard adaptive signal timing in effect
EVT434026,2025-02-10 09:24:17,Local Market Day,J030,MG Road,6434,Weekday,False,Clear,False,0.0,False,False,1.0,Severe,8.1,69.6,438.1,0.144,0.332,0.887,Heavy congestion detected - signal timing extended and reroute suggested
EVT434027,2026-05-08 06:35:34,Trade Fair,J009,Majestic,7734,Weekday,False,Fog,False,0.0,False,False,0.349,Low,38.4,27.0,164.7,0.153,0.353,0.99,Moderate traffic flow - standard adaptive signal timing in effect
EVT434028,2026-01-09 07:42:56,Trade Fair,J030,MG Road,9902,Weekday,False,Clear,False,0.0,False,False,0.599,High,20.9,43.7,238.1,0.161,0.372,0.973,Moderate traffic flow - standard adaptive signal timing in effect
EVT434029,2025-09-03 16:08:56,Concert,J011,Indiranagar 100ft Road,10898,Weekday,False,Clear,False,0.0,False,False,0.483,Moderate,23.8,38.9,167.5,0.123,0.283,0.957,Moderate traffic flow - standard adaptive signal timing in effect
EVT434030,2025-03-12 19:32:07,Concert,J009,Majestic,14147,Weekday,False,Clear,False,0.0,False,False,0.843,Severe,13.0,62.0,388.7,0.173,0.399,0.947,Heavy congestion detected - signal timing extended and reroute suggested
EVT434031,2025-11-09 20:29:28,Local Market Day,J030,MG Road,3935,Weekend,False,Clear,False,0.0,False,False,0.629,High,25.8,41.1,321.0,0.251,0.581,0.961,Moderate traffic flow - standard adaptive signal timing in effect
EVT434032,2026-02-02 20:53:26,Local Market Day,J031,Cubbon Road,2340,Weekday,False,Clear,False,0.0,False,False,0.457,Moderate,20.5,31.8,429.8,0.249,0.576,0.955,Moderate traffic flow - standard adaptive signal timing in effect
EVT434033,2025-02-01 13:26:37,Concert,J023,Basavanagudi,11883,Weekend,False,Clear,False,0.0,False,False,0.287,Low,30.8,20.1,94.1,0.058,0.134,0.99,Moderate traffic flow - standard adaptive signal timing in effect
EVT434034,2025-08-20 09:44:17,Political Rally,J031,Cubbon Road,5710,Weekday,False,Clear,False,0.0,False,False,0.925,Severe,11.2,63.1,504.7,0.228,0.527,0.92,Heavy congestion detected - signal timing extended and reroute suggested
EVT434035,2025-10-02 21:44:51,Fireworks Display,J012,Koramangala Sony World,26319,Weekday,True,Clear,False,0.0,False,False,0.677,High,19.6,49.5,262.9,0.159,0.367,0.944,Festival crowd surge detected - alternate route and extended cycle recommended
EVT434036,2025-08-24 08:32:02,Local Market Day,J031,Cubbon Road,3820,Weekend,False,Heavy Rain,True,42.1,False,False,1.0,Severe,7.7,67.9,618.5,0.182,0.421,0.874,Heavy rain reducing visibility and grip - reduced speed and longer buffer advised
EVT434037,2025-08-06 08:50:28,Local Market Day,J020,Malleshwaram Circle,2574,Weekday,False,Heavy Rain,True,85.0,False,False,1.0,Severe,11.0,71.0,445.9,0.212,0.491,0.876,Heavy rain reducing visibility and grip - reduced speed and longer buffer advised
EVT434038,2025-05-31 14:59:30,Political Rally,J009,Majestic,14690,Weekend,False,Heavy Rain,True,28.7,False,False,0.585,High,25.1,44.3,160.8,0.12,0.276,0.911,Heavy rain reducing visibility and grip - reduced speed and longer buffer advised
EVT434039,2025-04-22 17:59:07,Local Market Day,J030,MG Road,5969,Weekday,False,Clear,False,0.0,False,False,1.0,Severe,8.8,68.9,515.1,0.181,0.418,0.905,Heavy congestion detected - signal timing extended and reroute suggested
EVT434040,2026-05-26 09:15:51,Sports Fixture,J030,MG Road,16831,Weekday,False,Clear,False,0.0,False,False,1.0,Severe,8.0,76.5,547.3,0.183,0.423,0.903,Heavy congestion detected - signal timing extended and reroute suggested
EVT434041,2025-05-18 21:36:38,Trade Fair,J020,Malleshwaram Circle,5066,Weekend,False,Clear,False,0.0,False,False,0.334,Low,25.8,24.3,256.5,0.203,0.47,0.982,Moderate traffic flow - standard adaptive signal timing in effect
EVT434042,2025-08-13 13:01:16,Sports Fixture,J031,Cubbon Road,25932,Weekday,False,Rain,True,20.6,False,False,0.55,High,20.2,38.9,317.7,0.195,0.451,0.919,Heavy rain reducing visibility and grip - reduced speed and longer buffer advised
EVT434043,2025-10-28 17:26:33,Concert,J040,City Market,12784,Weekday,False,Clear,False,0.0,False,False,0.873,Severe,10.7,57.8,338.4,0.147,0.34,0.955,Heavy congestion detected - signal timing extended and reroute suggested
EVT434044,2025-07-17 15:09:43,Sports Fixture,J011,Indiranagar 100ft Road,20542,Weekday,False,Clear,False,0.0,False,False,0.424,Moderate,30.7,33.8,125.2,0.105,0.242,0.972,Moderate traffic flow - standard adaptive signal timing in effect
EVT434045,2025-02-06 22:49:00,Trade Fair,J011,Indiranagar 100ft Road,9157,Weekday,False,Clear,False,0.0,False,False,0.216,Low,40.0,8.9,91.4,0.105,0.242,0.979,Normal free-flow traffic - standard signal timing maintained
EVT434046,2025-08-24 06:35:15,Sports Fixture,J031,Cubbon Road,18673,Weekend,False,Clear,False,0.0,False,False,0.505,Moderate,20.0,37.3,91.1,0.066,0.153,0.965,Moderate traffic flow - standard adaptive signal timing in effect
EVT434047,2025-01-30 10:57:53,Concert,J040,City Market,14596,Weekday,False,Clear,False,0.0,False,False,0.482,Moderate,34.0,34.4,122.1,0.119,0.275,0.967,Moderate traffic flow - standard adaptive signal timing in effect
EVT434048,2026-01-28 09:13:05,Local Market Day,J030,MG Road,4233,Weekday,False,Clear,False,0.0,False,False,0.953,Severe,8.7,62.5,769.1,0.286,0.661,0.914,Heavy congestion detected - signal timing extended and reroute suggested
EVT434049,2026-01-20 23:58:35,Political Rally,J009,Majestic,17910,Weekday,False,Clear,False,0.0,False,False,0.208,Low,35.6,15.1,50.5,0.016,0.037,0.97,Normal free-flow traffic - standard signal timing maintained
EVT434050,2025-09-25 16:11:25,Local Market Day,J020,Malleshwaram Circle,2749,Weekday,False,Rain,True,16.2,False,False,0.668,High,19.6,53.4,323.6,0.215,0.496,0.919,Heavy rain reducing visibility and grip - reduced speed and longer buffer advised
EVT434051,2025-10-14 15:46:10,Trade Fair,J011,Indiranagar 100ft Road,11055,Weekday,False,Clear,False,0.0,False,False,0.507,Moderate,24.6,38.0,338.8,0.244,0.563,0.975,Moderate traffic flow - standard adaptive signal timing in effect
EVT434052,2025-04-11 07:28:51,Trade Fair,J020,Malleshwaram Circle,11295,Weekday,False,Clear,False,0.0,False,False,0.712,High,21.2,51.3,135.2,0.075,0.174,0.959,Moderate traffic flow - standard adaptive signal timing in effect
EVT434053,2026-03-21 13:56:11,Political Rally,J009,Majestic,16182,Weekend,False,Clear,False,0.0,False,False,0.384,Moderate,29.3,31.4,182.7,0.142,0.327,0.978,Moderate traffic flow - standard adaptive signal timing in effect
EVT434054,2025-05-01 14:13:34,Religious Festival,J031,Cubbon Road,63119,Weekday,True,Clear,False,0.0,False,True,0.966,Severe,8.5,95.9,531.6,0.194,0.448,0.841,Road closure for event/procession - full detour recommended for through-traffic
EVT434055,2026-02-16 10:51:41,Sports Fixture,J023,Basavanagudi,18449,Weekday,False,Clear,False,0.0,False,False,0.527,Moderate,30.6,38.5,111.4,0.105,0.242,0.96,Moderate traffic flow - standard adaptive signal timing in effect
EVT434056,2025-04-20 10:08:34,Local Market Day,J009,Majestic,3167,Weekend,False,Clear,False,0.0,False,False,0.68,High,17.0,49.7,159.6,0.079,0.183,0.958,Moderate traffic flow - standard adaptive signal timing in effect
EVT434057,2026-05-02 13:52:23,Religious Festival,J012,Koramangala Sony World,40544,Weekend,True,Clear,False,0.0,True,True,1.0,Severe,10.8,96.8,577.7,0.265,0.612,0.67,Road closure for event/procession - full detour recommended for through-traffic
EVT434058,2025-06-16 09:41:38,Political Rally,J020,Malleshwaram Circle,9099,Weekday,False,Clear,False,0.0,False,False,0.993,Severe,10.3,68.4,403.7,0.176,0.408,0.886,Heavy congestion detected - signal timing extended and reroute suggested
EVT434059,2025-03-07 08:08:39,Concert,J020,Malleshwaram Circle,13802,Weekday,False,Clear,False,0.0,False,False,0.896,Severe,12.9,65.8,410.6,0.185,0.426,0.926,Heavy congestion detected - signal timing extended and reroute suggested
EVT434060,2025-11-22 16:05:07,Political Rally,J009,Majestic,9650,Weekend,False,Clear,False,0.0,False,False,0.537,Moderate,23.4,37.7,171.0,0.113,0.26,0.957,Moderate traffic flow - standard adaptive signal timing in effect
EVT434061,2026-06-24 13:16:31,Sports Fixture,J031,Cubbon Road,16179,Weekday,False,Clear,False,0.0,False,False,0.253,Low,26.3,23.8,212.8,0.174,0.401,0.953,Moderate traffic flow - standard adaptive signal timing in effect
EVT434062,2025-10-25 11:46:43,Concert,J020,Malleshwaram Circle,7788,Weekend,False,Clear,False,0.0,False,False,0.424,Moderate,26.5,29.6,203.7,0.164,0.378,0.99,Moderate traffic flow - standard adaptive signal timing in effect
EVT434063,2025-04-07 18:48:19,Cultural Procession,J030,MG Road,24006,Weekday,True,Light Rain,True,3.6,False,False,1.0,Severe,9.1,71.9,743.1,0.283,0.655,0.805,Festival crowd surge detected - alternate route and extended cycle recommended
EVT434064,2026-03-03 21:59:58,Concert,J009,Majestic,17579,Weekday,False,Clear,False,0.0,False,False,0.366,Moderate,29.2,22.9,254.0,0.216,0.498,0.961,Moderate traffic flow - standard adaptive signal timing in effect
EVT434065,2026-05-20 08:46:32,Local Market Day,J009,Majestic,5154,Weekday,False,Clear,False,0.0,False,False,1.0,Severe,10.7,72.5,416.4,0.18,0.415,0.893,Heavy congestion detected - signal timing extended and reroute suggested
EVT434066,2026-04-20 22:08:01,Local Market Day,J011,Indiranagar 100ft Road,4815,Weekday,False,Fog,False,0.0,True,False,0.613,High,24.6,43.0,174.9,0.117,0.27,0.782,Accident detected nearby - reroute and reduced speed advised
EVT434067,2025-09-18 19:58:43,Concert,J040,City Market,16644,Weekday,False,Rain,True,20.8,False,False,1.0,Severe,8.2,72.5,678.7,0.229,0.528,0.854,Heavy rain reducing visibility and grip - reduced speed and longer buffer advised
EVT434068,2025-07-04 08:09:26,Sports Fixture,J031,Cubbon Road,25660,Weekday,False,Clear,False,0.0,False,False,0.943,Severe,11.3,69.5,431.6,0.195,0.45,0.926,Heavy congestion detected - signal timing extended and reroute suggested
EVT434069,2025-09-08 07:13:05,Political Rally,J011,Indiranagar 100ft Road,18915,Weekday,False,Clear,False,0.0,False,False,0.569,High,20.7,41.4,265.8,0.186,0.43,0.957,Moderate traffic flow - standard adaptive signal timing in effect
EVT434070,2025-10-15 16:44:30,Sports Fixture,J030,MG Road,34260,Weekday,False,Clear,False,0.0,False,False,0.76,Severe,15.9,53.3,406.9,0.239,0.551,0.979,Heavy congestion detected - signal timing extended and reroute suggested
EVT434071,2025-02-14 14:04:27,Local Market Day,J011,Indiranagar 100ft Road,3242,Weekday,False,Clear,False,0.0,False,False,0.153,Low,35.5,9.0,116.1,0.09,0.207,0.99,Normal free-flow traffic - standard signal timing maintained
EVT434072,2025-01-25 19:19:40,Concert,J030,MG Road,13587,Weekend,False,Clear,False,0.0,False,False,0.859,Severe,11.9,58.8,328.9,0.146,0.338,0.94,Heavy congestion detected - signal timing extended and reroute suggested
EVT434073,2026-03-25 14:24:55,Concert,J031,Cubbon Road,9386,Weekday,False,Clear,False,0.0,False,False,0.195,Low,38.2,14.8,115.6,0.109,0.252,0.943,Normal free-flow traffic - standard signal timing maintained
EVT434074,2025-12-04 08:46:54,Sports Fixture,J011,Indiranagar 100ft Road,31037,Weekday,False,Clear,False,0.0,False,False,1.0,Severe,10.8,68.5,684.4,0.271,0.625,0.94,Heavy congestion detected - signal timing extended and reroute suggested
EVT434075,2025-11-21 18:17:46,Concert,J031,Cubbon Road,14892,Weekday,False,Clear,False,0.0,False,False,1.0,Severe,7.2,75.5,469.7,0.154,0.356,0.896,Heavy congestion detected - signal timing extended and reroute suggested
EVT434076,2025-08-29 21:13:44,Trade Fair,J023,Basavanagudi,12725,Weekday,False,Rain,True,11.5,False,False,0.546,Moderate,19.0,37.1,241.7,0.15,0.348,0.895,Light rain detected - minor speed reduction advised
EVT434077,2026-04-01 10:07:24,Local Market Day,J023,Basavanagudi,3023,Weekday,False,Clear,False,0.0,False,False,0.737,High,16.9,52.4,275.5,0.158,0.365,0.984,Moderate traffic flow - standard adaptive signal timing in effect
EVT434078,2025-02-16 12:28:44,Local Market Day,J030,MG Road,4277,Weekend,False,Clear,False,0.0,False,False,0.28,Low,31.4,20.0,264.4,0.239,0.552,0.978,Moderate traffic flow - standard adaptive signal timing in effect
EVT434079,2025-02-21 21:47:28,Trade Fair,J023,Basavanagudi,9360,Weekday,False,Clear,False,0.0,False,False,0.34,Low,29.4,27.6,218.9,0.178,0.412,0.963,Moderate traffic flow - standard adaptive signal timing in effect
EVT434080,2025-10-24 16:23:10,Local Market Day,J040,City Market,4680,Weekday,False,Clear,False,0.0,False,False,0.529,Moderate,26.3,36.2,216.6,0.157,0.364,0.952,Moderate traffic flow - standard adaptive signal timing in effect
EVT434081,2026-04-20 18:08:21,Sports Fixture,J023,Basavanagudi,19658,Weekday,False,Clear,False,0.0,False,False,1.0,Severe,8.2,70.6,328.7,0.131,0.303,0.923,Heavy congestion detected - signal timing extended and reroute suggested
EVT434082,2025-11-01 21:14:58,Cultural Procession,J031,Cubbon Road,13779,Weekend,True,Heavy Rain,True,31.9,False,True,1.0,Severe,8.0,101.9,746.9,0.233,0.539,0.784,Road closure for event/procession - full detour recommended for through-traffic
EVT434083,2026-01-08 11:13:20,Trade Fair,J011,Indiranagar 100ft Road,11413,Weekday,False,Clear,False,0.0,False,False,0.449,Moderate,24.9,35.5,150.1,0.11,0.255,0.988,Moderate traffic flow - standard adaptive signal timing in effect
EVT434084,2026-04-24 15:09:04,Sports Fixture,J030,MG Road,14555,Weekday,False,Clear,False,0.0,False,False,0.316,Low,28.0,21.8,282.5,0.216,0.5,0.95,Moderate traffic flow - standard adaptive signal timing in effect
EVT434085,2025-04-15 13:59:12,Religious Festival,J012,Koramangala Sony World,81839,Weekday,True,Fog,False,0.0,False,True,0.95,Severe,10.0,96.1,526.1,0.224,0.517,0.84,Road closure for event/procession - full detour recommended for through-traffic
EVT434086,2026-01-23 23:39:49,Local Market Day,J009,Majestic,3238,Weekday,False,Clear,False,0.0,False,False,0.23,Low,35.4,12.9,146.4,0.109,0.252,0.956,Normal free-flow traffic - standard signal timing maintained
EVT434087,2025-07-21 15:01:20,Local Market Day,J012,Koramangala Sony World,4117,Weekday,False,Clear,False,0.0,False,False,0.288,Low,27.9,21.7,97.1,0.076,0.175,0.961,Moderate traffic flow - standard adaptive signal timing in effect
EVT434088,2025-04-03 15:51:27,Local Market Day,J030,MG Road,5749,Weekday,False,Clear,False,0.0,False,False,0.411,Moderate,27.5,32.7,194.8,0.132,0.304,0.951,Moderate traffic flow - standard adaptive signal timing in effect
EVT434089,2025-10-10 05:33:18,Trade Fair,J023,Basavanagudi,10058,Weekday,False,Clear,False,0.0,False,False,0.282,Low,24.2,21.6,225.2,0.154,0.355,0.954,Moderate traffic flow - standard adaptive signal timing in effect
EVT434090,2025-01-17 17:02:17,Sports Fixture,J023,Basavanagudi,34951,Weekday,False,Clear,False,0.0,False,False,0.889,Severe,12.3,60.6,492.5,0.231,0.534,0.928,Heavy congestion detected - signal timing extended and reroute suggested
EVT434091,2025-12-14 12:25:44,Sports Fixture,J020,Malleshwaram Circle,20742,Weekend,False,Light Rain,True,6.6,False,False,0.464,Moderate,32.5,35.9,162.8,0.142,0.329,0.902,Light rain detected - minor speed reduction advised
EVT434092,2026-06-23 16:15:47,Concert,J031,Cubbon Road,21034,Weekday,False,Rain,True,23.6,False,False,0.869,Severe,15.1,61.8,291.7,0.174,0.403,0.894,Heavy rain reducing visibility and grip - reduced speed and longer buffer advised
EVT434093,2025-12-29 18:57:22,Local Market Day,J020,Malleshwaram Circle,4453,Weekday,False,Clear,False,0.0,False,False,1.0,Severe,7.5,70.9,512.2,0.166,0.384,0.907,Heavy congestion detected - signal timing extended and reroute suggested
EVT434094,2025-02-03 06:03:58,Political Rally,J011,Indiranagar 100ft Road,16042,Weekday,False,Clear,False,0.0,False,False,0.367,Moderate,35.1,33.9,164.3,0.163,0.378,0.98,Moderate traffic flow - standard adaptive signal timing in effect
EVT434095,2025-11-05 15:47:15,Sports Fixture,J012,Koramangala Sony World,22234,Weekday,False,Clear,False,0.0,False,False,0.473,Moderate,22.8,33.7,274.6,0.168,0.388,0.977,Moderate traffic flow - standard adaptive signal timing in effect
EVT434096,2025-09-03 08:05:28,Sports Fixture,J020,Malleshwaram Circle,15675,Weekday,False,Clear,False,0.0,False,False,0.902,Severe,10.4,64.3,452.8,0.196,0.452,0.954,Heavy congestion detected - signal timing extended and reroute suggested
EVT434097,2026-03-30 08:36:11,Local Market Day,J020,Malleshwaram Circle,4597,Weekday,False,Clear,False,0.0,False,False,0.965,Severe,8.5,68.6,314.6,0.114,0.264,0.918,Heavy congestion detected - signal timing extended and reroute suggested
EVT434098,2025-12-12 09:46:09,Sports Fixture,J040,City Market,20296,Weekday,False,Clear,False,0.0,False,False,1.0,Severe,8.3,70.2,617.7,0.2,0.463,0.912,Heavy congestion detected - signal timing extended and reroute suggested
EVT434099,2025-11-21 08:43:22,Trade Fair,J009,Majestic,7175,Weekday,False,Clear,False,0.0,False,False,0.98,Severe,9.9,75.3,393.1,0.168,0.388,0.937,Heavy congestion detected - signal timing extended and reroute suggested
EVT434100,2025-10-08 18:11:11,Trade Fair,J031,Cubbon Road,5126,Weekday,False,Clear,False,0.0,False,False,1.0,Severe,8.7,72.3,554.3,0.186,0.429,0.904,Heavy congestion detected - signal timing extended and reroute suggested
EVT434101,2026-04-18 21:57:56,Trade Fair,J023,Basavanagudi,8472,Weekend,False,Clear,False,0.0,False,False,0.27,Low,37.8,23.9,175.4,0.162,0.374,0.972,Moderate traffic flow - standard adaptive signal timing in effect
EVT434102,2026-04-08 06:59:09,Concert,J012,Koramangala Sony World,31269,Weekday,False,Clear,False,0.0,False,False,0.622,High,21.9,41.1,210.3,0.132,0.305,0.98,Moderate traffic flow - standard adaptive signal timing in effect
EVT434103,2025-01-15 23:35:34,Religious Festival,J011,Indiranagar 100ft Road,29312,Weekday,True,Clear,False,0.0,False,False,0.532,Moderate,25.6,34.1,164.5,0.106,0.246,0.923,Festival crowd surge detected - alternate route and extended cycle recommended
EVT434104,2025-12-26 16:39:41,Cultural Procession,J031,Cubbon Road,23472,Weekday,True,Clear,False,0.0,False,False,0.936,Severe,10.2,63.5,341.2,0.125,0.289,0.857,Festival crowd surge detected - alternate route and extended cycle recommended
EVT434105,2025-01-27 09:55:24,Religious Festival,J040,City Market,59788,Weekday,True,Fog,False,0.0,False,True,1.0,Severe,10.6,98.6,628.9,0.257,0.594,0.844,Road closure for event/procession - full detour recommended for through-traffic
EVT434106,2026-06-11 12:23:10,Sports Fixture,J023,Basavanagudi,25182,Weekday,False,Clear,False,0.0,False,False,0.399,Moderate,34.3,24.2,146.5,0.134,0.31,0.983,Moderate traffic flow - standard adaptive signal timing in effect
EVT434107,2025-03-09 13:37:11,Concert,J023,Basavanagudi,16465,Weekend,False,Clear,False,0.0,False,False,0.398,Moderate,27.9,24.9,102.2,0.096,0.221,0.969,Moderate traffic flow - standard adaptive signal timing in effect
EVT434108,2025-10-18 17:57:23,Local Market Day,J012,Koramangala Sony World,3093,Weekend,False,Heavy Rain,True,49.4,False,False,1.0,Severe,7.5,75.5,551.4,0.166,0.384,0.89,Heavy rain reducing visibility and grip - reduced speed and longer buffer advised
EVT434109,2025-05-20 18:56:05,Sports Fixture,J040,City Market,35438,Weekday,False,Clear,False,0.0,False,False,1.0,Severe,9.5,73.3,520.4,0.23,0.532,0.893,Heavy congestion detected - signal timing extended and reroute suggested
EVT434110,2025-06-26 18:44:17,Trade Fair,J012,Koramangala Sony World,7611,Weekday,False,Heavy Rain,True,35.0,False,False,1.0,Severe,7.0,74.7,371.8,0.134,0.309,0.862,Heavy rain reducing visibility and grip - reduced speed and longer buffer advised
EVT434111,2026-05-31 21:42:21,Sports Fixture,J023,Basavanagudi,14055,Weekend,False,Clear,False,0.0,False,False,0.324,Low,27.9,15.9,200.1,0.153,0.354,0.972,Moderate traffic flow - standard adaptive signal timing in effect
EVT434112,2025-09-25 23:59:26,Sports Fixture,J009,Majestic,18804,Weekday,False,Clear,False,0.0,False,False,0.245,Low,27.2,10.9,252.7,0.182,0.421,0.99,Normal free-flow traffic - standard signal timing maintained
EVT434113,2025-10-06 12:03:23,Local Market Day,J012,Koramangala Sony World,5513,Weekday,False,Clear,False,0.0,False,False,0.183,Low,25.9,10.5,193.0,0.127,0.293,0.965,Normal free-flow traffic - standard signal timing maintained
EVT434114,2026-04-05 07:58:42,Political Rally,J009,Majestic,12384,Weekend,False,Rain,True,12.8,False,False,0.822,Severe,14.8,52.1,340.1,0.189,0.437,0.928,Heavy rain reducing visibility and grip - reduced speed and longer buffer advised
EVT434115,2025-04-14 18:11:00,Cultural Procession,J023,Basavanagudi,17845,Weekday,True,Clear,False,0.0,False,True,1.0,Severe,8.3,101.3,1099.5,0.343,0.793,0.818,Road closure for event/procession - full detour recommended for through-traffic
EVT434116,2025-02-25 11:07:28,Local Market Day,J030,MG Road,3878,Weekday,False,Clear,False,0.0,False,False,0.295,Low,34.6,18.4,116.9,0.094,0.218,0.963,Moderate traffic flow - standard adaptive signal timing in effect
EVT434117,2025-01-11 20:55:09,Sports Fixture,J009,Majestic,29815,Weekend,False,Clear,False,0.0,False,False,0.585,High,22.0,34.4,220.1,0.125,0.288,0.956,Moderate traffic flow - standard adaptive signal timing in effect
EVT434118,2025-06-15 17:58:42,Concert,J023,Basavanagudi,9443,Weekend,False,Clear,False,0.0,False,False,0.833,Severe,10.8,58.2,259.6,0.101,0.234,0.966,Heavy congestion detected - signal timing extended and reroute suggested
EVT434119,2025-09-09 08:56:53,Sports Fixture,J020,Malleshwaram Circle,22547,Weekday,False,Clear,False,0.0,False,False,1.0,Severe,8.3,75.8,667.4,0.224,0.519,0.917,Heavy congestion detected - signal timing extended and reroute suggested
EVT434120,2025-02-08 07:26:45,Local Market Day,J031,Cubbon Road,5924,Weekend,False,Clear,False,0.0,False,False,0.595,High,21.1,44.8,155.7,0.09,0.209,0.967,Moderate traffic flow - standard adaptive signal timing in effect
EVT434121,2025-08-28 07:31:53,Fireworks Display,J011,Indiranagar 100ft Road,15957,Weekday,True,Rain,True,20.2,True,False,1.0,Severe,6.3,75.3,1021.6,0.243,0.561,0.638,Accident detected nearby - reroute and reduced speed advised
EVT434122,2025-09-10 07:23:37,Sports Fixture,J011,Indiranagar 100ft Road,18833,Weekday,False,Clear,False,0.0,False,False,0.674,High,21.1,46.2,279.0,0.201,0.464,0.974,Moderate traffic flow - standard adaptive signal timing in effect
EVT434123,2026-01-18 17:06:19,Trade Fair,J009,Majestic,12648,Weekend,False,Clear,False,0.0,False,False,0.751,Severe,19.2,51.4,250.7,0.165,0.381,0.964,Heavy congestion detected - signal timing extended and reroute suggested
EVT434124,2025-02-15 04:30:42,Local Market Day,J011,Indiranagar 100ft Road,2633,Weekend,False,Fog,False,0.0,False,False,0.249,Low,24.2,22.0,152.5,0.101,0.233,0.976,Normal free-flow traffic - standard signal timing maintained
EVT434125,2025-03-07 20:32:21,Trade Fair,J012,Koramangala Sony World,8950,Weekday,False,Clear,False,0.0,False,False,0.633,High,21.8,47.4,162.4,0.109,0.253,0.955,Moderate traffic flow - standard adaptive signal timing in effect
EVT434126,2026-01-04 11:45:18,Political Rally,J020,Malleshwaram Circle,16456,Weekend,False,Clear,False,0.0,False,False,0.372,Moderate,24.5,29.9,323.5,0.224,0.516,0.949,Moderate traffic flow - standard adaptive signal timing in effect
EVT434127,2026-03-14 19:16:15,Political Rally,J030,MG Road,10940,Weekend,False,Clear,False,0.0,False,False,0.862,Severe,15.5,62.0,280.2,0.148,0.342,0.941,Heavy congestion detected - signal timing extended and reroute suggested
EVT434128,2026-06-04 13:44:09,Local Market Day,J040,City Market,3337,Weekday,False,Clear,False,0.0,False,False,0.25,Low,27.1,15.3,161.0,0.098,0.225,0.985,Normal free-flow traffic - standard signal timing maintained
EVT434129,2025-07-16 13:28:47,Local Market Day,J009,Majestic,4128,Weekday,False,Light Rain,True,3.5,False,False,0.238,Low,35.7,22.4,147.4,0.127,0.293,0.925,Light rain detected - minor speed reduction advised
EVT434130,2025-02-23 18:07:59,Concert,J020,Malleshwaram Circle,19333,Weekend,False,Clear,False,0.0,False,False,0.995,Severe,8.5,75.0,556.5,0.181,0.417,0.925,Heavy congestion detected - signal timing extended and reroute suggested
EVT434131,2025-03-07 12:33:56,Local Market Day,J031,Cubbon Road,4031,Weekday,False,Clear,False,0.0,False,False,0.161,Low,29.8,9.1,120.8,0.103,0.237,0.989,Normal free-flow traffic - standard signal timing maintained
EVT434132,2025-06-03 18:05:30,Trade Fair,J040,City Market,11759,Weekday,False,Clear,False,0.0,False,False,1.0,Severe,7.5,74.8,221.0,0.083,0.191,0.902,Heavy congestion detected - signal timing extended and reroute suggested
EVT434133,2025-03-02 16:22:02,Political Rally,J040,City Market,9263,Weekend,False,Clear,False,0.0,False,False,0.554,High,24.7,39.5,222.1,0.154,0.355,0.964,Moderate traffic flow - standard adaptive signal timing in effect
EVT434134,2026-04-08 21:25:45,Concert,J031,Cubbon Road,10295,Weekday,False,Clear,False,0.0,False,False,0.357,Moderate,31.8,28.0,170.3,0.149,0.344,0.971,Moderate traffic flow - standard adaptive signal timing in effect
EVT434135,2025-05-05 09:16:38,Sports Fixture,J040,City Market,23703,Weekday,False,Clear,False,0.0,False,False,1.0,Severe,8.1,67.2,506.6,0.173,0.4,0.92,Heavy congestion detected - signal timing extended and reroute suggested
EVT434136,2025-01-01 09:57:11,Local Market Day,J031,Cubbon Road,2103,Weekday,False,Fog,False,0.0,False,False,0.785,Severe,15.3,53.9,317.2,0.19,0.438,0.959,Heavy congestion detected - signal timing extended and reroute suggested
EVT434137,2026-04-27 07:56:21,Local Market Day,J020,Malleshwaram Circle,5210,Weekday,False,Clear,False,0.0,False,False,0.789,Severe,18.5,56.7,259.8,0.178,0.411,0.966,Heavy congestion detected - signal timing extended and reroute suggested
EVT434138,2025-08-09 20:16:36,Concert,J040,City Market,10733,Weekend,False,Clear,False,0.0,False,False,0.691,High,12.6,46.7,477.2,0.209,0.484,0.949,Moderate traffic flow - standard adaptive signal timing in effect
EVT434139,2025-12-21 14:19:06,Political Rally,J020,Malleshwaram Circle,20220,Weekend,False,Clear,False,0.0,False,False,0.398,Moderate,34.6,26.3,54.3,0.036,0.083,0.962,Moderate traffic flow - standard adaptive signal timing in effect
EVT434140,2026-04-03 18:49:22,Sports Fixture,J040,City Market,39204,Weekday,False,Rain,True,9.3,False,False,1.0,Severe,7.9,73.1,659.8,0.203,0.468,0.859,Heavy rain reducing visibility and grip - reduced speed and longer buffer advised
EVT434141,2025-01-14 11:42:45,Fireworks Display,J040,City Market,17230,Weekday,True,Clear,False,0.0,False,False,0.532,Moderate,24.6,41.4,261.1,0.189,0.438,0.919,Festival crowd surge detected - alternate route and extended cycle recommended
EVT434142,2026-04-13 05:02:39,Concert,J011,Indiranagar 100ft Road,17748,Weekday,False,Clear,False,0.0,False,False,0.303,Low,27.7,16.8,195.8,0.147,0.34,0.968,Moderate traffic flow - standard adaptive signal timing in effect
EVT434143,2025-09-16 09:10:34,Trade Fair,J031,Cubbon Road,8910,Weekday,False,Clear,False,0.0,False,False,1.0,Severe,8.7,71.3,868.5,0.281,0.65,0.928,Heavy congestion detected - signal timing extended and reroute suggested
EVT434144,2025-06-06 17:20:25,Trade Fair,J040,City Market,12044,Weekday,False,Rain,True,11.8,False,False,1.0,Severe,9.5,75.7,663.0,0.258,0.597,0.867,Heavy rain reducing visibility and grip - reduced speed and longer buffer advised
EVT434145,2025-12-09 15:24:14,Local Market Day,J040,City Market,2460,Weekday,False,Clear,False,0.0,False,False,0.329,Low,26.0,24.8,179.1,0.125,0.289,0.964,Moderate traffic flow - standard adaptive signal timing in effect
EVT434146,2025-05-07 19:07:22,Concert,J031,Cubbon Road,9788,Weekday,False,Clear,False,0.0,False,False,1.0,Severe,9.0,71.0,607.2,0.222,0.512,0.942,Heavy congestion detected - signal timing extended and reroute suggested
EVT434147,2026-03-12 09:45:58,Sports Fixture,J012,Koramangala Sony World,22312,Weekday,False,Clear,False,0.0,False,False,1.0,Severe,7.5,75.7,385.0,0.124,0.286,0.908,Heavy congestion detected - signal timing extended and reroute suggested
EVT434148,2025-06-11 19:20:39,Concert,J009,Majestic,11035,Weekday,False,Clear,False,0.0,False,False,0.931,Severe,9.9,70.3,386.0,0.17,0.392,0.926,Heavy congestion detected - signal timing extended and reroute suggested
EVT434149,2025-11-20 10:23:19,Local Market Day,J020,Malleshwaram Circle,5198,Weekday,False,Rain,True,12.3,False,False,0.815,Severe,14.6,58.4,273.0,0.14,0.324,0.915,Heavy rain reducing visibility and grip - reduced speed and longer buffer advised
EVT434150,2025-08-15 08:29:39,Religious Festival,J030,MG Road,50908,Weekday,True,Clear,False,0.0,False,True,1.0,Severe,10.0,107.0,500.9,0.215,0.497,0.851,Road closure for event/procession - full detour recommended for through-traffic
EVT434151,2026-04-26 20:45:12,Political Rally,J023,Basavanagudi,29163,Weekend,False,Light Rain,True,4.8,False,False,0.853,Severe,11.4,63.2,359.2,0.157,0.363,0.887,Heavy rain reducing visibility and grip - reduced speed and longer buffer advised
EVT434152,2025-04-01 08:43:27,Local Market Day,J011,Indiranagar 100ft Road,3803,Weekday,False,Clear,False,0.0,False,False,1.0,Severe,9.5,74.5,193.7,0.074,0.17,0.929,Heavy congestion detected - signal timing extended and reroute suggested
EVT434153,2026-04-11 23:25:21,Local Market Day,J012,Koramangala Sony World,2157,Weekend,False,Clear,False,0.0,False,False,0.183,Low,33.4,15.0,164.5,0.134,0.311,0.965,Normal free-flow traffic - standard signal timing maintained
EVT434154,2025-08-06 09:03:03,Political Rally,J020,Malleshwaram Circle,11663,Weekday,False,Clear,False,0.0,True,False,1.0,Severe,8.2,77.8,526.4,0.176,0.406,0.764,Accident detected nearby - reroute and reduced speed advised
EVT434155,2025-09-21 19:00:19,Concert,J031,Cubbon Road,14720,Weekend,False,Fog,False,0.0,False,False,0.94,Severe,11.1,65.4,364.9,0.171,0.395,0.887,Heavy congestion detected - signal timing extended and reroute suggested
EVT434156,2026-02-03 08:51:04,Local Market Day,J012,Koramangala Sony World,2199,Weekday,False,Fog,False,0.0,False,False,1.0,Severe,7.2,75.8,509.3,0.151,0.349,0.925,Heavy congestion detected - signal timing extended and reroute suggested
EVT434157,2026-06-24 15:15:59,Trade Fair,J030,MG Road,15596,Weekday,False,Heavy Rain,True,25.8,False,False,0.551,High,22.1,44.4,155.7,0.094,0.217,0.912,Heavy rain reducing visibility and grip - reduced speed and longer buffer advised
EVT434158,2025-09-04 18:54:20,Local Market Day,J023,Basavanagudi,3800,Weekday,False,Clear,False,0.0,False,False,1.0,Severe,7.7,74.5,732.6,0.206,0.477,0.889,Heavy congestion detected - signal timing extended and reroute suggested
EVT434159,2026-03-04 20:01:13,Cultural Procession,J030,MG Road,13441,Weekday,True,Clear,False,0.0,False,False,1.0,Severe,8.1,74.8,760.6,0.241,0.558,0.884,Festival crowd surge detected - alternate route and extended cycle recommended
EVT434160,2025-06-17 20:55:37,Sports Fixture,J011,Indiranagar 100ft Road,27755,Weekday,False,Rain,True,12.9,False,False,0.734,High,20.1,47.9,137.0,0.107,0.247,0.913,Heavy rain reducing visibility and grip - reduced speed and longer buffer advised
EVT434161,2025-01-19 12:49:45,Trade Fair,J012,Koramangala Sony World,9891,Weekend,False,Clear,False,0.0,False,False,0.269,Low,30.1,22.8,155.1,0.117,0.271,0.95,Moderate traffic flow - standard adaptive signal timing in effect
EVT434162,2025-07-25 15:08:41,Sports Fixture,J009,Majestic,15179,Weekday,False,Clear,False,0.0,False,False,0.316,Low,23.2,21.2,229.4,0.136,0.315,0.929,Moderate traffic flow - standard adaptive signal timing in effect
EVT434163,2025-07-24 15:22:52,Trade Fair,J020,Malleshwaram Circle,5793,Weekday,False,Clear,False,0.0,False,False,0.384,Moderate,28.0,27.6,135.1,0.107,0.247,0.927,Moderate traffic flow - standard adaptive signal timing in effect
EVT434164,2026-05-11 16:00:23,Concert,J012,Koramangala Sony World,11458,Weekday,False,Clear,False,0.0,False,False,0.477,Moderate,24.8,38.0,193.8,0.141,0.327,0.938,Moderate traffic flow - standard adaptive signal timing in effect
EVT434165,2025-01-31 18:02:48,Sports Fixture,J040,City Market,14634,Weekday,False,Clear,False,0.0,False,False,1.0,Severe,8.2,70.4,209.9,0.078,0.181,0.902,Heavy congestion detected - signal timing extended and reroute suggested
EVT434166,2026-01-28 18:44:26,Local Market Day,J011,Indiranagar 100ft Road,4833,Weekday,False,Clear,False,0.0,False,False,0.975,Severe,9.7,70.6,591.2,0.24,0.554,0.925,Heavy congestion detected - signal timing extended and reroute suggested
EVT434167,2025-03-07 16:09:37,Concert,J012,Koramangala Sony World,7757,Weekday,False,Clear,False,0.0,False,False,0.483,Moderate,25.9,33.8,135.1,0.093,0.215,0.959,Moderate traffic flow - standard adaptive signal timing in effect
EVT434168,2025-08-24 19:30:02,Trade Fair,J023,Basavanagudi,6872,Weekend,False,Rain,True,15.4,False,False,0.998,Severe,8.4,71.5,610.9,0.21,0.484,0.856,Heavy rain reducing visibility and grip - reduced speed and longer buffer advised
EVT434169,2025-08-21 17:20:44,Local Market Day,J030,MG Road,3912,Weekday,False,Clear,False,0.0,False,False,0.835,Severe,15.4,63.1,294.9,0.152,0.351,0.945,Heavy congestion detected - signal timing extended and reroute suggested
EVT434170,2026-01-24 14:53:20,Local Market Day,J031,Cubbon Road,2909,Weekend,False,Clear,False,0.0,False,False,0.295,Low,30.5,20.5,205.1,0.168,0.388,0.979,Moderate traffic flow - standard adaptive signal timing in effect
EVT434171,2025-04-27 23:08:19,Trade Fair,J009,Majestic,9845,Weekend,False,Clear,False,0.0,False,False,0.286,Low,36.5,18.9,133.2,0.126,0.292,0.952,Moderate traffic flow - standard adaptive signal timing in effect
EVT434172,2025-02-20 13:38:05,Local Market Day,J040,City Market,3612,Weekday,False,Clear,False,0.0,False,False,0.129,Low,31.6,9.6,195.4,0.162,0.374,0.968,Normal free-flow traffic - standard signal timing maintained
EVT434173,2025-05-11 07:21:39,Concert,J023,Basavanagudi,15393,Weekend,False,Clear,False,0.0,False,False,0.625,High,23.2,44.8,167.5,0.105,0.241,0.95,Moderate traffic flow - standard adaptive signal timing in effect
EVT434174,2025-04-06 15:17:19,Religious Festival,J030,MG Road,39267,Weekend,True,Clear,False,0.0,False,True,0.976,Severe,8.3,90.0,645.7,0.236,0.545,0.846,Road closure for event/procession - full detour recommended for through-traffic
EVT434175,2025-02-22 20:38:36,Sports Fixture,J030,MG Road,37074,Weekend,False,Clear,False,0.0,False,False,0.716,High,18.2,48.9,320.2,0.203,0.469,0.962,Moderate traffic flow - standard adaptive signal timing in effect
EVT434176,2025-01-21 13:45:48,Trade Fair,J040,City Market,11058,Weekday,False,Clear,False,0.0,False,False,0.274,Low,34.2,17.4,111.2,0.099,0.229,0.98,Moderate traffic flow - standard adaptive signal timing in effect
EVT434177,2025-02-14 18:02:19,Trade Fair,J020,Malleshwaram Circle,6378,Weekday,False,Clear,False,0.0,False,False,0.99,Severe,9.3,66.7,721.2,0.246,0.567,0.916,Heavy congestion detected - signal timing extended and reroute suggested
EVT434178,2025-11-28 18:16:37,Local Market Day,J011,Indiranagar 100ft Road,6501,Weekday,False,Clear,False,0.0,False,False,1.0,Severe,9.3,75.6,852.8,0.293,0.678,0.903,Heavy congestion detected - signal timing extended and reroute suggested
EVT434179,2025-07-17 10:48:33,Sports Fixture,J020,Malleshwaram Circle,28373,Weekday,False,Clear,False,0.0,False,False,0.642,High,21.9,49.1,110.1,0.057,0.132,0.99,Moderate traffic flow - standard adaptive signal timing in effect
EVT434180,2025-03-13 17:14:26,Sports Fixture,J030,MG Road,19618,Weekday,False,Clear,False,0.0,False,False,0.87,Severe,9.5,58.4,435.2,0.155,0.358,0.942,Heavy congestion detected - signal timing extended and reroute suggested
EVT434181,2026-05-07 14:58:27,Sports Fixture,J012,Koramangala Sony World,16397,Weekday,False,Light Rain,True,6.1,False,False,0.434,Moderate,21.4,29.1,259.2,0.177,0.409,0.919,Light rain detected - minor speed reduction advised
EVT434182,2025-10-06 06:25:52,Local Market Day,J012,Koramangala Sony World,3630,Weekday,False,Clear,False,0.0,False,False,0.268,Low,28.3,14.9,216.7,0.15,0.346,0.972,Moderate traffic flow - standard adaptive signal timing in effect
EVT434183,2026-05-27 07:37:27,Political Rally,J023,Basavanagudi,18654,Weekday,False,Clear,False,0.0,False,False,0.757,Severe,13.2,55.0,238.5,0.118,0.272,0.966,Heavy congestion detected - signal timing extended and reroute suggested
EVT434184,2026-05-12 00:38:49,Concert,J023,Basavanagudi,9580,Weekday,False,Clear,False,0.0,False,False,0.264,Low,32.5,20.5,98.9,0.072,0.166,0.937,Moderate traffic flow - standard adaptive signal timing in effect
EVT434185,2025-11-22 06:28:33,Political Rally,J031,Cubbon Road,17203,Weekend,False,Clear,False,0.0,False,False,0.448,Moderate,29.3,30.7,150.3,0.118,0.272,0.968,Moderate traffic flow - standard adaptive signal timing in effect
EVT434186,2025-08-05 15:50:50,Trade Fair,J011,Indiranagar 100ft Road,8501,Weekday,False,Clear,False,0.0,False,False,0.427,Moderate,25.6,26.8,152.1,0.126,0.29,0.946,Moderate traffic flow - standard adaptive signal timing in effect
EVT434187,2025-04-17 19:44:38,Local Market Day,J011,Indiranagar 100ft Road,6901,Weekday,False,Clear,False,0.0,False,False,0.913,Severe,11.3,62.6,376.2,0.162,0.374,0.931,Heavy congestion detected - signal timing extended and reroute suggested
EVT434188,2026-03-29 07:16:25,Sports Fixture,J011,Indiranagar 100ft Road,28113,Weekend,False,Clear,False,0.0,False,False,0.657,High,20.9,49.1,279.1,0.184,0.426,0.971,Moderate traffic flow - standard adaptive signal timing in effect
EVT434189,2025-01-11 16:02:07,Concert,J011,Indiranagar 100ft Road,14703,Weekend,False,Clear,False,0.0,False,False,0.498,Moderate,26.4,34.0,179.1,0.133,0.307,0.97,Moderate traffic flow - standard adaptive signal timing in effect
EVT434190,2025-09-26 09:21:36,Political Rally,J011,Indiranagar 100ft Road,17995,Weekday,False,Rain,True,8.3,False,False,1.0,Severe,7.0,72.3,460.7,0.127,0.294,0.841,Heavy rain reducing visibility and grip - reduced speed and longer buffer advised
EVT434191,2026-04-06 06:39:37,Trade Fair,J009,Majestic,5971,Weekday,False,Clear,False,0.0,False,False,0.412,Moderate,18.3,29.8,268.5,0.141,0.327,0.968,Moderate traffic flow - standard adaptive signal timing in effect
EVT434192,2026-03-14 18:09:18,Local Market Day,J011,Indiranagar 100ft Road,5368,Weekend,False,Fog,False,0.0,False,False,0.841,Severe,15.6,61.9,522.9,0.278,0.641,0.949,Heavy congestion detected - signal timing extended and reroute suggested
EVT434193,2025-02-13 13:20:03,Local Market Day,J030,MG Road,2176,Weekday,False,Clear,False,0.0,False,False,0.141,Low,35.3,8.8,112.9,0.107,0.247,0.954,Normal free-flow traffic - standard signal timing maintained
EVT434194,2026-05-15 22:28:59,Local Market Day,J011,Indiranagar 100ft Road,2889,Weekday,False,Clear,False,0.0,False,False,0.321,Low,27.0,25.3,255.6,0.18,0.416,0.971,Moderate traffic flow - standard adaptive signal timing in effect
EVT434195,2026-01-26 09:29:04,Cultural Procession,J009,Majestic,12357,Weekday,True,Clear,False,0.0,False,True,1.0,Severe,8.8,108.1,591.8,0.214,0.495,0.838,Road closure for event/procession - full detour recommended for through-traffic
EVT434196,2026-02-20 13:43:34,Trade Fair,J023,Basavanagudi,11959,Weekday,False,Clear,False,0.0,False,False,0.204,Low,32.0,14.2,78.5,0.081,0.188,0.978,Normal free-flow traffic - standard signal timing maintained
EVT434197,2025-06-11 14:16:00,Local Market Day,J012,Koramangala Sony World,1994,Weekday,False,Light Rain,True,2.1,False,False,0.205,Low,36.8,17.1,117.4,0.122,0.282,0.926,Light rain detected - minor speed reduction advised
EVT434198,2026-01-29 14:46:23,Local Market Day,J020,Malleshwaram Circle,6309,Weekday,False,Clear,False,0.0,False,False,0.248,Low,35.0,18.1,114.4,0.104,0.241,0.978,Normal free-flow traffic - standard signal timing maintained
EVT434199,2025-05-20 19:55:30,Local Market Day,J012,Koramangala Sony World,3101,Weekday,False,Clear,False,0.0,False,False,0.729,High,13.8,46.1,136.0,0.059,0.136,0.964,Moderate traffic flow - standard adaptive signal timing in effect
EVT434200,2026-03-03 09:57:58,Local Market Day,J030,MG Road,4263,Weekday,False,Clear,False,0.0,False,False,0.835,Severe,14.1,51.4,419.3,0.202,0.466,0.964,Heavy congestion detected - signal timing extended and reroute suggested
EVT434201,2026-05-06 17:31:25,Trade Fair,J011,Indiranagar 100ft Road,11990,Weekday,False,Clear,False,0.0,False,False,0.989,Severe,7.2,68.6,579.6,0.177,0.408,0.907,Heavy congestion detected - signal timing extended and reroute suggested
EVT434202,2026-03-31 06:02:24,Sports Fixture,J012,Koramangala Sony World,12452,Weekday,False,Clear,False,0.0,False,False,0.344,Low,25.3,25.7,164.2,0.119,0.275,0.988,Moderate traffic flow - standard adaptive signal timing in effect
EVT434203,2025-01-20 13:19:29,Sports Fixture,J011,Indiranagar 100ft Road,21413,Weekday,False,Clear,False,0.0,False,False,0.251,Low,32.1,17.3,129.0,0.107,0.247,0.959,Moderate traffic flow - standard adaptive signal timing in effect
EVT434204,2025-06-20 23:37:12,Trade Fair,J023,Basavanagudi,7194,Weekday,False,Heavy Rain,True,42.5,False,False,0.568,High,20.0,40.2,244.3,0.158,0.365,0.903,Heavy rain reducing visibility and grip - reduced speed and longer buffer advised
EVT434205,2025-05-17 16:28:17,Political Rally,J030,MG Road,11935,Weekend,False,Clear,False,0.0,False,False,0.464,Moderate,19.8,37.6,125.1,0.074,0.172,0.972,Moderate traffic flow - standard adaptive signal timing in effect
EVT434206,2025-09-30 18:06:04,Local Market Day,J030,MG Road,1815,Weekday,False,Clear,False,0.0,False,False,0.989,Severe,7.0,74.0,356.5,0.12,0.276,0.912,Heavy congestion detected - signal timing extended and reroute suggested
EVT434207,2026-01-09 07:31:58,Trade Fair,J040,City Market,11502,Weekday,False,Clear,False,0.0,False,False,0.549,Moderate,20.5,40.9,129.4,0.089,0.206,0.966,Moderate traffic flow - standard adaptive signal timing in effect
EVT434208,2025-04-05 20:46:38,Sports Fixture,J020,Malleshwaram Circle,19054,Weekend,False,Clear,False,0.0,False,False,0.569,High,21.8,43.7,155.1,0.096,0.221,0.96,Moderate traffic flow - standard adaptive signal timing in effect
EVT434209,2026-05-19 09:46:33,Concert,J009,Majestic,10702,Weekday,False,Light Rain,True,6.1,False,False,0.979,Severe,8.1,76.1,651.3,0.243,0.561,0.858,Heavy rain reducing visibility and grip - reduced speed and longer buffer advised
EVT434210,2025-05-21 06:32:00,Concert,J040,City Market,6871,Weekday,False,Clear,False,0.0,False,False,0.295,Low,31.7,25.7,127.6,0.099,0.228,0.965,Moderate traffic flow - standard adaptive signal timing in effect
EVT434211,2025-12-27 08:49:02,Political Rally,J030,MG Road,15463,Weekend,False,Clear,False,0.0,False,False,0.914,Severe,14.4,64.0,250.9,0.145,0.334,0.95,Heavy congestion detected - signal timing extended and reroute suggested
EVT434212,2025-03-23 06:36:20,Local Market Day,J011,Indiranagar 100ft Road,2612,Weekend,False,Clear,False,0.0,False,False,0.354,Moderate,31.6,28.5,132.3,0.125,0.288,0.96,Moderate traffic flow - standard adaptive signal timing in effect
EVT434213,2025-10-31 07:14:47,Local Market Day,J011,Indiranagar 100ft Road,5187,Weekday,False,Clear,False,0.0,False,False,0.51,Moderate,20.2,31.1,238.8,0.129,0.297,0.978,Moderate traffic flow - standard adaptive signal timing in effect
EVT434214,2025-08-15 08:24:39,Religious Festival,J012,Koramangala Sony World,27157,Weekday,True,Clear,False,0.0,False,False,1.0,Severe,9.1,69.4,807.1,0.304,0.701,0.868,Festival crowd surge detected - alternate route and extended cycle recommended
EVT434215,2025-04-05 19:28:14,Political Rally,J040,City Market,14970,Weekend,False,Rain,True,15.3,False,False,0.985,Severe,7.8,73.7,653.5,0.234,0.542,0.865,Heavy rain reducing visibility and grip - reduced speed and longer buffer advised
EVT434216,2025-01-20 17:09:54,Sports Fixture,J030,MG Road,15791,Weekday,False,Clear,False,0.0,False,False,0.85,Severe,15.2,59.6,427.8,0.224,0.517,0.964,Heavy congestion detected - signal timing extended and reroute suggested
EVT434217,2025-01-03 12:52:14,Sports Fixture,J020,Malleshwaram Circle,9940,Weekday,False,Clear,False,0.0,False,False,0.234,Low,33.7,14.9,86.9,0.076,0.174,0.941,Normal free-flow traffic - standard signal timing maintained
EVT434218,2025-01-13 15:36:20,Local Market Day,J030,MG Road,5744,Weekday,False,Clear,False,0.0,False,False,0.423,Moderate,26.4,28.4,227.5,0.163,0.378,0.974,Moderate traffic flow - standard adaptive signal timing in effect
EVT434219,2025-02-15 03:56:10,Sports Fixture,J009,Majestic,15005,Weekend,False,Clear,False,0.0,False,False,0.273,Low,27.4,24.4,93.1,0.065,0.149,0.99,Moderate traffic flow - standard adaptive signal timing in effect
EVT434220,2025-07-27 18:02:29,Concert,J040,City Market,10743,Weekend,False,Clear,False,0.0,False,False,0.911,Severe,12.4,58.4,339.8,0.175,0.405,0.933,Heavy congestion detected - signal timing extended and reroute suggested
EVT434221,2025-07-17 06:58:14,Sports Fixture,J030,MG Road,17815,Weekday,False,Clear,False,0.0,False,False,0.477,Moderate,24.0,39.1,181.4,0.122,0.281,0.954,Moderate traffic flow - standard adaptive signal timing in effect
EVT434222,2026-02-06 09:06:32,Concert,J023,Basavanagudi,17558,Weekday,False,Clear,False,0.0,False,False,1.0,Severe,6.6,72.3,774.2,0.21,0.486,0.91,Heavy congestion detected - signal timing extended and reroute suggested
EVT434223,2026-01-04 18:08:24,Sports Fixture,J020,Malleshwaram Circle,28850,Weekend,False,Clear,False,0.0,False,False,0.984,Severe,9.6,74.7,744.8,0.297,0.686,0.931,Heavy congestion detected - signal timing extended and reroute suggested
EVT434224,2025-08-04 06:45:22,Concert,J009,Majestic,12379,Weekday,False,Clear,False,0.0,False,False,0.429,Moderate,24.9,32.5,217.8,0.154,0.356,0.966,Moderate traffic flow - standard adaptive signal timing in effect
EVT434225,2025-07-27 20:32:04,Local Market Day,J023,Basavanagudi,4311,Weekend,False,Clear,False,0.0,False,False,0.431,Moderate,24.3,34.7,198.9,0.147,0.341,0.972,Moderate traffic flow - standard adaptive signal timing in effect
EVT434226,2025-03-10 19:10:05,Local Market Day,J011,Indiranagar 100ft Road,3607,Weekday,False,Clear,False,0.0,False,False,0.993,Severe,7.2,72.0,808.8,0.227,0.525,0.913,Heavy congestion detected - signal timing extended and reroute suggested
EVT434227,2025-01-22 11:49:05,Concert,J009,Majestic,11470,Weekday,False,Clear,False,0.0,False,False,0.231,Low,31.9,15.5,144.7,0.125,0.288,0.964,Normal free-flow traffic - standard signal timing maintained
EVT434228,2025-06-11 14:53:10,Trade Fair,J030,MG Road,10084,Weekday,False,Heavy Rain,True,59.6,False,False,0.602,High,26.0,47.0,302.3,0.259,0.599,0.905,Heavy rain reducing visibility and grip - reduced speed and longer buffer advised
EVT434229,2026-06-27 15:00:34,Trade Fair,J031,Cubbon Road,10543,Weekend,False,Rain,True,11.0,False,False,0.556,High,20.1,39.6,303.2,0.173,0.4,0.919,Heavy rain reducing visibility and grip - reduced speed and longer buffer advised
EVT434230,2026-04-15 13:38:00,Religious Festival,J011,Indiranagar 100ft Road,39288,Weekday,True,Light Rain,True,5.6,False,True,0.807,High,12.7,88.7,450.2,0.196,0.452,0.805,Road closure for event/procession - full detour recommended for through-traffic
EVT434231,2025-12-27 21:31:11,Sports Fixture,J011,Indiranagar 100ft Road,18264,Weekend,False,Clear,False,0.0,False,False,0.479,Moderate,25.6,39.4,177.7,0.128,0.295,0.97,Moderate traffic flow - standard adaptive signal timing in effect
EVT434232,2025-02-09 11:44:17,Concert,J011,Indiranagar 100ft Road,7666,Weekend,False,Clear,False,0.0,False,False,0.285,Low,30.1,17.7,97.2,0.073,0.168,0.956,Moderate traffic flow - standard adaptive signal timing in effect
EVT434233,2025-08-19 22:06:24,Concert,J012,Koramangala Sony World,11731,Weekday,False,Fog,False,0.0,False,False,0.353,Moderate,27.6,25.5,200.6,0.158,0.365,0.975,Moderate traffic flow - standard adaptive signal timing in effect
EVT434234,2025-04-22 16:01:22,Sports Fixture,J040,City Market,20328,Weekday,False,Clear,False,0.0,False,False,0.459,Moderate,23.8,33.2,311.7,0.21,0.485,0.98,Moderate traffic flow - standard adaptive signal timing in effect
EVT434235,2025-07-04 07:05:34,Trade Fair,J011,Indiranagar 100ft Road,11823,Weekday,False,Clear,False,0.0,False,False,0.415,Moderate,32.0,25.7,92.9,0.081,0.187,0.951,Moderate traffic flow - standard adaptive signal timing in effect
EVT434236,2026-05-14 04:50:26,Local Market Day,J031,Cubbon Road,2624,Weekday,False,Clear,False,0.0,False,False,0.19,Low,32.3,17.0,127.6,0.114,0.263,0.954,Normal free-flow traffic - standard signal timing maintained
EVT434237,2025-08-27 09:45:03,Religious Festival,J031,Cubbon Road,67272,Weekday,True,Heavy Rain,True,35.7,False,False,1.0,Severe,7.0,65.9,622.9,0.179,0.413,0.784,Festival crowd surge detected - alternate route and extended cycle recommended
EVT434238,2025-04-25 17:57:20,Sports Fixture,J040,City Market,27273,Weekday,False,Fog,False,0.0,False,False,1.0,Severe,8.9,71.7,410.1,0.15,0.346,0.924,Heavy congestion detected - signal timing extended and reroute suggested
EVT434239,2026-06-23 12:11:55,Local Market Day,J030,MG Road,4039,Weekday,False,Fog,False,0.0,False,False,0.248,Low,36.8,18.1,73.7,0.051,0.118,0.948,Normal free-flow traffic - standard signal timing maintained
EVT434240,2025-02-27 18:31:59,Local Market Day,J009,Majestic,4503,Weekday,False,Clear,False,0.0,False,False,1.0,Severe,6.5,73.6,703.9,0.179,0.414,0.914,Heavy congestion detected - signal timing extended and reroute suggested
EVT434241,2025-11-11 12:40:51,Concert,J040,City Market,12579,Weekday,False,Clear,False,0.0,False,False,0.26,Low,33.8,16.2,84.9,0.08,0.186,0.967,Moderate traffic flow - standard adaptive signal timing in effect
EVT434242,2025-08-12 17:35:03,Concert,J031,Cubbon Road,8105,Weekday,False,Clear,False,0.0,False,False,0.937,Severe,11.3,67.5,563.1,0.234,0.54,0.916,Heavy congestion detected - signal timing extended and reroute suggested
EVT434243,2025-05-27 15:25:22,Local Market Day,J009,Majestic,3045,Weekday,False,Rain,True,9.1,False,False,0.455,Moderate,30.1,36.2,174.4,0.154,0.356,0.935,Light rain detected - minor speed reduction advised
EVT434244,2025-12-13 21:33:51,Local Market Day,J011,Indiranagar 100ft Road,4455,Weekend,False,Clear,False,0.0,False,False,0.34,Low,32.5,22.8,253.2,0.218,0.503,0.949,Moderate traffic flow - standard adaptive signal timing in effect
EVT434245,2025-09-26 19:36:10,Sports Fixture,J031,Cubbon Road,16438,Weekday,False,Clear,False,0.0,False,False,0.899,Severe,12.3,61.2,315.7,0.154,0.355,0.92,Heavy congestion detected - signal timing extended and reroute suggested
EVT434246,2025-01-13 17:25:44,Sports Fixture,J009,Majestic,31458,Weekday,False,Clear,False,0.0,False,False,0.999,Severe,7.1,74.2,594.9,0.206,0.476,0.924,Heavy congestion detected - signal timing extended and reroute suggested
EVT434247,2026-06-19 15:21:57,Concert,J023,Basavanagudi,8155,Weekday,False,Clear,False,0.0,False,False,0.349,Low,37.9,32.7,112.6,0.1,0.232,0.984,Moderate traffic flow - standard adaptive signal timing in effect
EVT434248,2025-08-15 20:54:11,Religious Festival,J023,Basavanagudi,43077,Weekday,True,Heavy Rain,True,28.9,False,False,1.0,Severe,7.6,81.3,344.3,0.136,0.314,0.806,Festival crowd surge detected - alternate route and extended cycle recommended
EVT434249,2025-05-30 17:43:58,Local Market Day,J031,Cubbon Road,3275,Weekday,False,Clear,False,0.0,False,False,0.839,Severe,12.5,59.7,208.6,0.09,0.207,0.95,Heavy congestion detected - signal timing extended and reroute suggested
EVT434250,2026-06-14 10:09:52,Concert,J030,MG Road,15456,Weekend,False,Clear,False,0.0,False,False,0.775,Severe,18.8,60.4,218.7,0.136,0.315,0.941,Heavy congestion detected - signal timing extended and reroute suggested
EVT434251,2025-02-28 11:45:29,Trade Fair,J031,Cubbon Road,9325,Weekday,False,Clear,False,0.0,False,False,0.311,Low,28.0,26.4,188.0,0.121,0.279,0.971,Moderate traffic flow - standard adaptive signal timing in effect
EVT434252,2025-05-21 17:20:43,Concert,J012,Koramangala Sony World,15939,Weekday,False,Clear,False,0.0,False,False,0.871,Severe,10.9,62.3,413.8,0.167,0.386,0.936,Heavy congestion detected - signal timing extended and reroute suggested
EVT434253,2026-06-10 17:11:19,Trade Fair,J040,City Market,3612,Weekday,False,Clear,False,0.0,False,False,0.78,Severe,16.8,59.8,478.4,0.263,0.607,0.959,Heavy congestion detected - signal timing extended and reroute suggested
EVT434254,2025-12-29 13:38:21,Sports Fixture,J031,Cubbon Road,25996,Weekday,False,Clear,False,0.0,False,False,0.34,Low,33.8,29.8,218.4,0.192,0.443,0.982,Moderate traffic flow - standard adaptive signal timing in effect
EVT434255,2025-06-16 16:53:57,Local Market Day,J030,MG Road,6204,Weekday,False,Clear,False,0.0,False,False,0.729,High,21.1,53.2,196.5,0.137,0.316,0.99,Moderate traffic flow - standard adaptive signal timing in effect
EVT434256,2026-06-05 12:10:55,Local Market Day,J040,City Market,5070,Weekday,False,Clear,False,0.0,False,False,0.267,Low,31.9,22.8,72.2,0.055,0.128,0.972,Moderate traffic flow - standard adaptive signal timing in effect
EVT434257,2025-08-10 12:13:03,Concert,J040,City Market,10096,Weekend,False,Rain,True,21.1,False,False,0.563,High,32.2,33.3,162.9,0.143,0.33,0.914,Heavy rain reducing visibility and grip - reduced speed and longer buffer advised
EVT434258,2026-05-22 09:07:48,Local Market Day,J012,Koramangala Sony World,4630,Weekday,False,Clear,False,0.0,False,False,1.0,Severe,8.9,71.3,314.4,0.141,0.325,0.934,Heavy congestion detected - signal timing extended and reroute suggested
EVT434259,2026-01-23 15:40:29,Sports Fixture,J011,Indiranagar 100ft Road,30606,Weekday,False,Clear,False,0.0,False,False,0.499,Moderate,19.0,34.9,208.6,0.139,0.322,0.966,Moderate traffic flow - standard adaptive signal timing in effect
EVT434260,2025-09-04 16:00:52,Local Market Day,J040,City Market,5879,Weekday,False,Clear,False,0.0,False,False,0.488,Moderate,21.9,40.3,183.9,0.115,0.265,0.961,Moderate traffic flow - standard adaptive signal timing in effect
EVT434261,2025-10-24 19:03:06,Concert,J020,Malleshwaram Circle,10868,Weekday,False,Clear,False,0.0,False,False,1.0,Severe,7.9,68.9,744.7,0.227,0.524,0.912,Heavy congestion detected - signal timing extended and reroute suggested
EVT434262,2025-08-19 18:15:11,Local Market Day,J009,Majestic,3837,Weekday,False,Clear,False,0.0,False,False,1.0,Severe,9.1,72.1,942.1,0.358,0.827,0.933,Heavy congestion detected - signal timing extended and reroute suggested
EVT434263,2026-03-14 07:45:00,Trade Fair,J011,Indiranagar 100ft Road,15900,Weekend,False,Clear,False,0.0,False,False,0.661,High,17.4,49.0,345.0,0.183,0.422,0.971,Moderate traffic flow - standard adaptive signal timing in effect
EVT434264,2025-11-29 10:54:15,Concert,J011,Indiranagar 100ft Road,12251,Weekend,False,Clear,False,0.0,False,False,0.459,Moderate,29.9,27.4,153.3,0.125,0.288,0.944,Moderate traffic flow - standard adaptive signal timing in effect
EVT434265,2025-06-17 18:53:28,Sports Fixture,J012,Koramangala Sony World,11431,Weekday,False,Clear,False,0.0,False,False,1.0,Severe,5.4,74.7,512.2,0.128,0.296,0.893,Heavy congestion detected - signal timing extended and reroute suggested
EVT434266,2025-04-10 20:41:15,Concert,J020,Malleshwaram Circle,6401,Weekday,False,Clear,False,0.0,False,False,0.532,Moderate,20.5,41.3,199.6,0.138,0.318,0.965,Moderate traffic flow - standard adaptive signal timing in effect
EVT434267,2025-08-26 16:01:19,Sports Fixture,J020,Malleshwaram Circle,28757,Weekday,False,Light Rain,True,6.2,False,False,0.693,High,19.3,48.2,185.5,0.119,0.275,0.913,Heavy rain reducing visibility and grip - reduced speed and longer buffer advised
EVT434268,2025-03-22 17:12:47,Trade Fair,J012,Koramangala Sony World,8121,Weekend,False,Clear,False,0.0,False,False,0.768,Severe,16.6,55.8,122.0,0.077,0.178,0.95,Heavy congestion detected - signal timing extended and reroute suggested
EVT434269,2025-03-15 14:32:25,Religious Festival,J023,Basavanagudi,33130,Weekend,True,Clear,False,0.0,False,True,0.811,High,18.9,81.0,364.3,0.219,0.507,0.864,Road closure for event/procession - full detour recommended for through-traffic
EVT434270,2025-03-28 14:13:16,Political Rally,J030,MG Road,11757,Weekday,False,Light Rain,True,6.6,False,False,0.369,Moderate,27.6,27.5,78.6,0.057,0.131,0.896,Light rain detected - minor speed reduction advised
EVT434271,2026-06-01 14:06:25,Concert,J011,Indiranagar 100ft Road,11737,Weekday,False,Rain,True,21.7,False,False,0.429,Moderate,23.6,26.0,173.4,0.119,0.274,0.918,Light rain detected - minor speed reduction advised
EVT434272,2026-05-08 05:23:22,Local Market Day,J030,MG Road,7116,Weekday,False,Rain,True,9.2,False,False,0.234,Low,35.0,17.6,115.3,0.12,0.278,0.936,Light rain detected - minor speed reduction advised
EVT434273,2025-08-27 12:13:20,Fireworks Display,J009,Majestic,24017,Weekday,True,Clear,False,0.0,False,False,0.526,Moderate,29.8,34.0,139.9,0.119,0.274,0.925,Festival crowd surge detected - alternate route and extended cycle recommended
EVT434274,2026-01-30 06:02:57,Local Market Day,J020,Malleshwaram Circle,2915,Weekday,False,Clear,False,0.0,False,False,0.178,Low,28.6,8.2,233.3,0.184,0.424,0.955,Normal free-flow traffic - standard signal timing maintained
EVT434275,2025-08-11 19:07:18,Sports Fixture,J009,Majestic,48795,Weekday,False,Clear,False,0.0,False,False,1.0,Severe,8.2,68.6,762.9,0.248,0.573,0.931,Heavy congestion detected - signal timing extended and reroute suggested
EVT434276,2026-03-28 14:18:08,Sports Fixture,J020,Malleshwaram Circle,28103,Weekend,False,Clear,False,0.0,False,False,0.354,Moderate,29.9,24.8,258.6,0.177,0.409,0.949,Moderate traffic flow - standard adaptive signal timing in effect
EVT434277,2026-05-12 07:37:40,Local Market Day,J031,Cubbon Road,2773,Weekday,False,Clear,False,0.0,False,False,0.704,High,18.0,47.6,352.0,0.212,0.489,0.969,Moderate traffic flow - standard adaptive signal timing in effect
EVT434278,2025-06-11 09:59:42,Trade Fair,J009,Majestic,11022,Weekday,False,Rain,True,22.7,False,False,1.0,Severe,7.6,66.9,574.7,0.186,0.429,0.872,Heavy rain reducing visibility and grip - reduced speed and longer buffer advised
EVT434279,2026-01-03 12:24:00,Trade Fair,J009,Majestic,11861,Weekend,False,Clear,False,0.0,False,False,0.314,Low,27.2,19.3,210.8,0.135,0.312,0.958,Moderate traffic flow - standard adaptive signal timing in effect
EVT434280,2026-06-09 08:04:10,Political Rally,J020,Malleshwaram Circle,11272,Weekday,False,Rain,True,21.2,False,False,1.0,Severe,8.4,66.8,629.2,0.215,0.497,0.86,Heavy rain reducing visibility and grip - reduced speed and longer buffer advised
EVT434281,2025-01-19 09:14:04,Local Market Day,J020,Malleshwaram Circle,3166,Weekend,False,Clear,False,0.0,False,False,0.822,Severe,11.3,57.0,470.3,0.178,0.411,0.935,Heavy congestion detected - signal timing extended and reroute suggested
EVT434282,2025-05-19 09:58:20,Trade Fair,J020,Malleshwaram Circle,4101,Weekday,False,Clear,False,0.0,False,False,0.858,Severe,14.2,65.2,424.1,0.211,0.487,0.941,Heavy congestion detected - signal timing extended and reroute suggested
EVT434283,2025-09-30 15:31:28,Concert,J031,Cubbon Road,29466,Weekday,False,Clear,False,0.0,False,False,0.477,Moderate,29.9,40.0,140.4,0.114,0.263,0.946,Moderate traffic flow - standard adaptive signal timing in effect
EVT434284,2026-03-27 23:57:40,Cultural Procession,J011,Indiranagar 100ft Road,18171,Weekday,True,Clear,False,0.0,False,True,0.601,Moderate,22.9,67.3,268.3,0.169,0.391,0.887,Road closure for event/procession - full detour recommended for through-traffic
EVT434285,2026-01-29 15:20:35,Local Market Day,J031,Cubbon Road,4368,Weekday,False,Clear,False,0.0,False,False,0.251,Low,39.1,22.3,119.5,0.117,0.269,0.963,Moderate traffic flow - standard adaptive signal timing in effect
EVT434286,2025-03-24 16:10:17,Local Market Day,J031,Cubbon Road,3974,Weekday,False,Clear,False,0.0,False,False,0.464,Moderate,24.7,22.0,170.5,0.142,0.327,0.947,Moderate traffic flow - standard adaptive signal timing in effect
EVT434287,2025-02-14 16:11:42,Local Market Day,J030,MG Road,4156,Weekday,False,Clear,False,0.0,False,False,0.475,Moderate,26.0,34.5,141.2,0.111,0.255,0.975,Moderate traffic flow - standard adaptive signal timing in effect
EVT434288,2025-01-06 15:24:15,Trade Fair,J040,City Market,9805,Weekday,False,Clear,False,0.0,False,False,0.289,Low,28.9,19.2,91.9,0.08,0.186,0.983,Moderate traffic flow - standard adaptive signal timing in effect
EVT434289,2025-06-09 15:59:40,Local Market Day,J031,Cubbon Road,3800,Weekday,False,Clear,False,0.0,False,False,0.419,Moderate,30.3,33.7,116.9,0.078,0.181,0.974,Moderate traffic flow - standard adaptive signal timing in effect
EVT434290,2025-02-20 13:27:42,Local Market Day,J023,Basavanagudi,4486,Weekday,False,Clear,False,0.0,False,False,0.17,Low,38.6,14.0,119.6,0.122,0.281,0.954,Normal free-flow traffic - standard signal timing maintained
EVT434291,2025-09-27 16:58:08,Sports Fixture,J009,Majestic,26299,Weekend,False,Clear,False,0.0,False,False,0.84,Severe,10.9,61.6,166.2,0.095,0.221,0.929,Heavy congestion detected - signal timing extended and reroute suggested
EVT434292,2026-03-26 11:22:06,Religious Festival,J031,Cubbon Road,71020,Weekday,True,Clear,False,0.0,False,False,0.935,Severe,12.5,67.7,310.6,0.145,0.335,0.869,Festival crowd surge detected - alternate route and extended cycle recommended
EVT434293,2026-01-10 10:12:05,Sports Fixture,J023,Basavanagudi,46727,Weekend,False,Clear,False,0.0,False,False,0.88,Severe,12.1,58.1,374.2,0.158,0.365,0.923,Heavy congestion detected - signal timing extended and reroute suggested
EVT434294,2026-03-28 09:57:40,Local Market Day,J009,Majestic,3334,Weekend,False,Light Rain,True,3.3,False,False,0.744,High,11.4,54.6,369.5,0.144,0.334,0.91,Heavy rain reducing visibility and grip - reduced speed and longer buffer advised
EVT434295,2025-11-15 19:21:34,Concert,J009,Majestic,15206,Weekend,False,Clear,False,0.0,False,False,0.882,Severe,13.5,63.0,269.9,0.149,0.344,0.96,Heavy congestion detected - signal timing extended and reroute suggested
EVT434296,2025-06-24 16:46:27,Sports Fixture,J012,Koramangala Sony World,40338,Weekday,False,Rain,True,10.0,False,False,1.0,Severe,6.3,70.6,857.6,0.228,0.526,0.856,Heavy rain reducing visibility and grip - reduced speed and longer buffer advised
EVT434297,2025-10-04 09:41:56,Local Market Day,J031,Cubbon Road,6044,Weekend,False,Clear,False,0.0,False,False,0.794,Severe,15.0,51.9,246.4,0.15,0.347,0.948,Heavy congestion detected - signal timing extended and reroute suggested
EVT434298,2025-05-05 08:36:53,Trade Fair,J031,Cubbon Road,9824,Weekday,False,Clear,False,0.0,False,False,0.96,Severe,8.7,71.5,514.1,0.187,0.432,0.934,Heavy congestion detected - signal timing extended and reroute suggested
EVT434299,2025-07-26 16:12:41,Trade Fair,J011,Indiranagar 100ft Road,9484,Weekend,False,Rain,True,7.9,False,False,0.539,Moderate,24.1,43.1,219.5,0.163,0.377,0.932,Light rain detected - minor speed reduction advised
EVT434300,2025-04-14 10:10:33,Cultural Procession,J040,City Market,18035,Weekday,True,Clear,False,0.0,False,True,1.0,Severe,8.5,94.9,717.0,0.22,0.507,0.832,Road closure for event/procession - full detour recommended for through-traffic
EVT434301,2026-05-10 15:20:32,Trade Fair,J031,Cubbon Road,12551,Weekend,False,Clear,False,0.0,False,False,0.344,Low,26.4,33.3,177.4,0.116,0.268,0.964,Moderate traffic flow - standard adaptive signal timing in effect
EVT434302,2025-03-27 23:38:31,Trade Fair,J023,Basavanagudi,10406,Weekday,False,Clear,False,0.0,False,False,0.185,Low,38.1,17.7,80.4,0.078,0.18,0.971,Normal free-flow traffic - standard signal timing maintained
EVT434303,2025-04-02 21:59:34,Concert,J031,Cubbon Road,16398,Weekday,False,Fog,False,0.0,False,False,0.355,Moderate,22.1,28.9,380.8,0.219,0.506,0.98,Moderate traffic flow - standard adaptive signal timing in effect
EVT434304,2026-02-24 23:00:37,Concert,J030,MG Road,12643,Weekday,False,Clear,False,0.0,False,False,0.202,Low,34.5,10.2,120.9,0.108,0.25,0.959,Normal free-flow traffic - standard signal timing maintained
EVT434305,2026-03-14 14:32:27,Local Market Day,J011,Indiranagar 100ft Road,3470,Weekend,False,Clear,False,0.0,False,False,0.295,Low,35.5,22.5,137.9,0.141,0.327,0.94,Moderate traffic flow - standard adaptive signal timing in effect
EVT434306,2025-12-02 18:04:41,Local Market Day,J012,Koramangala Sony World,3447,Weekday,False,Clear,False,0.0,False,False,0.979,Severe,10.9,74.0,366.5,0.169,0.39,0.902,Heavy congestion detected - signal timing extended and reroute suggested
EVT434307,2025-06-01 15:38:34,Trade Fair,J030,MG Road,13282,Weekend,False,Fog,False,0.0,False,False,0.383,Moderate,31.0,26.6,217.1,0.196,0.452,0.964,Moderate traffic flow - standard adaptive signal timing in effect
EVT434308,2025-04-20 18:27:30,Concert,J009,Majestic,12685,Weekend,False,Clear,False,0.0,False,False,0.945,Severe,10.8,65.4,188.4,0.087,0.201,0.91,Heavy congestion detected - signal timing extended and reroute suggested
EVT434309,2026-03-01 17:11:50,Local Market Day,J040,City Market,2606,Weekend,False,Clear,False,0.0,False,False,0.696,High,15.9,52.0,314.7,0.179,0.413,0.99,Moderate traffic flow - standard adaptive signal timing in effect
EVT434310,2025-01-09 14:52:38,Trade Fair,J009,Majestic,12012,Weekday,False,Clear,False,0.0,False,False,0.215,Low,27.6,19.0,60.8,0.027,0.063,0.959,Normal free-flow traffic - standard signal timing maintained
EVT434311,2026-05-26 10:33:39,Local Market Day,J030,MG Road,4963,Weekday,False,Clear,False,0.0,False,False,0.506,Moderate,22.1,36.5,138.0,0.089,0.206,0.99,Moderate traffic flow - standard adaptive signal timing in effect
EVT434312,2025-05-03 08:50:31,Political Rally,J030,MG Road,32083,Weekend,False,Clear,False,0.0,False,False,1.0,Severe,8.9,67.7,714.4,0.261,0.604,0.905,Heavy congestion detected - signal timing extended and reroute suggested
EVT434313,2026-02-07 07:28:01,Sports Fixture,J020,Malleshwaram Circle,26172,Weekend,False,Clear,False,0.0,False,False,0.679,High,21.7,51.3,98.3,0.084,0.194,0.972,Moderate traffic flow - standard adaptive signal timing in effect
EVT434314,2025-09-17 14:54:36,Trade Fair,J030,MG Road,7284,Weekday,False,Heavy Rain,True,56.4,False,False,0.605,High,18.7,47.7,226.9,0.152,0.35,0.919,Heavy rain reducing visibility and grip - reduced speed and longer buffer advised
EVT434315,2025-03-31 07:31:51,Religious Festival,J023,Basavanagudi,42963,Weekday,True,Clear,False,0.0,False,False,1.0,Severe,7.1,71.2,726.5,0.2,0.462,0.858,Festival crowd surge detected - alternate route and extended cycle recommended
EVT434316,2025-08-13 07:12:24,Concert,J040,City Market,22188,Weekday,False,Heavy Rain,True,33.9,False,False,0.995,Severe,8.1,68.7,422.8,0.136,0.315,0.848,Heavy rain reducing visibility and grip - reduced speed and longer buffer advised
EVT434317,2026-03-05 18:14:57,Cultural Procession,J011,Indiranagar 100ft Road,28402,Weekday,True,Clear,False,0.0,False,True,1.0,Severe,8.1,102.6,620.6,0.212,0.49,0.777,Road closure for event/procession - full detour recommended for through-traffic
EVT434318,2025-09-01 13:34:30,Concert,J030,MG Road,17938,Weekday,False,Clear,False,0.0,False,False,0.282,Low,31.5,18.7,70.9,0.043,0.099,0.961,Moderate traffic flow - standard adaptive signal timing in effect
EVT434319,2025-01-22 08:34:01,Local Market Day,J012,Koramangala Sony World,4488,Weekday,False,Clear,False,0.0,False,False,0.967,Severe,8.2,69.6,555.3,0.187,0.432,0.923,Heavy congestion detected - signal timing extended and reroute suggested
EVT434320,2026-02-19 10:58:11,Trade Fair,J011,Indiranagar 100ft Road,6062,Weekday,False,Clear,False,0.0,False,False,0.473,Moderate,23.9,33.4,101.7,0.055,0.126,0.968,Moderate traffic flow - standard adaptive signal timing in effect
EVT434321,2026-03-05 15:48:07,Religious Festival,J040,City Market,48305,Weekday,True,Clear,False,0.0,False,False,0.908,Severe,11.7,61.2,247.9,0.117,0.271,0.869,Festival crowd surge detected - alternate route and extended cycle recommended
EVT434322,2025-02-24 09:45:47,Concert,J030,MG Road,9829,Weekday,False,Clear,False,0.0,False,False,0.963,Severe,10.1,67.6,339.4,0.152,0.35,0.914,Heavy congestion detected - signal timing extended and reroute suggested
EVT434323,2025-01-02 11:48:52,Local Market Day,J030,MG Road,4776,Weekday,False,Clear,False,0.0,False,False,0.269,Low,27.3,20.7,129.5,0.096,0.222,0.953,Moderate traffic flow - standard adaptive signal timing in effect
EVT434324,2025-02-21 18:56:45,Concert,J031,Cubbon Road,11395,Weekday,False,Clear,False,0.0,False,False,1.0,Severe,5.9,65.8,579.0,0.144,0.332,0.912,Heavy congestion detected - signal timing extended and reroute suggested
EVT434325,2026-01-28 16:35:53,Sports Fixture,J031,Cubbon Road,27216,Weekday,False,Clear,False,0.0,False,False,0.721,High,14.5,48.5,354.8,0.189,0.437,0.963,Moderate traffic flow - standard adaptive signal timing in effect
EVT434326,2025-05-22 19:58:30,Local Market Day,J020,Malleshwaram Circle,8004,Weekday,False,Clear,False,0.0,False,False,0.746,High,18.5,55.7,261.4,0.163,0.377,0.975,Moderate traffic flow - standard adaptive signal timing in effect
EVT434327,2025-06-26 09:49:25,Local Market Day,J012,Koramangala Sony World,4799,Weekday,False,Heavy Rain,True,29.5,False,False,1.0,Severe,8.5,67.9,884.5,0.309,0.713,0.88,Heavy rain reducing visibility and grip - reduced speed and longer buffer advised
EVT434328,2026-04-28 08:42:27,Sports Fixture,J009,Majestic,30292,Weekday,False,Clear,False,0.0,False,False,1.0,Severe,7.0,70.3,589.0,0.203,0.47,0.906,Heavy congestion detected - signal timing extended and reroute suggested
EVT434329,2025-05-01 12:42:19,Cultural Procession,J011,Indiranagar 100ft Road,17240,Weekday,True,Clear,False,0.0,False,False,0.488,Moderate,21.2,30.0,98.9,0.049,0.113,0.895,Moderate traffic flow - standard adaptive signal timing in effect
EVT434330,2025-02-23 20:32:22,Sports Fixture,J011,Indiranagar 100ft Road,20674,Weekend,False,Clear,False,0.0,False,False,0.625,High,19.6,40.8,268.7,0.176,0.407,0.952,Moderate traffic flow - standard adaptive signal timing in effect
EVT434331,2025-04-26 15:50:38,Concert,J023,Basavanagudi,11374,Weekend,False,Clear,False,0.0,False,False,0.454,Moderate,27.7,38.1,103.2,0.074,0.17,0.965,Moderate traffic flow - standard adaptive signal timing in effect
EVT434332,2025-11-15 09:18:13,Local Market Day,J030,MG Road,2448,Weekend,False,Clear,False,0.0,False,False,0.835,Severe,13.1,58.9,362.1,0.175,0.403,0.972,Heavy congestion detected - signal timing extended and reroute suggested
EVT434333,2025-04-17 19:28:47,Local Market Day,J030,MG Road,4797,Weekday,False,Clear,False,0.0,False,False,0.916,Severe,10.3,62.7,538.8,0.208,0.482,0.942,Heavy congestion detected - signal timing extended and reroute suggested
EVT434334,2026-02-21 17:23:58,Sports Fixture,J020,Malleshwaram Circle,16140,Weekend,False,Clear,False,0.0,False,False,0.89,Severe,11.3,58.0,380.6,0.188,0.433,0.968,Heavy congestion detected - signal timing extended and reroute suggested
EVT434335,2025-08-23 15:22:29,Local Market Day,J031,Cubbon Road,4748,Weekend,False,Clear,False,0.0,False,False,0.338,Low,36.7,18.8,101.9,0.087,0.201,0.939,Moderate traffic flow - standard adaptive signal timing in effect
EVT434336,2025-03-08 14:45:53,Sports Fixture,J030,MG Road,14658,Weekend,False,Clear,False,0.0,False,False,0.307,Low,36.4,24.3,109.0,0.103,0.238,0.949,Moderate traffic flow - standard adaptive signal timing in effect
EVT434337,2025-08-27 08:58:40,Cultural Procession,J020,Malleshwaram Circle,20080,Weekday,True,Clear,False,0.0,False,True,1.0,Severe,9.7,92.9,374.9,0.151,0.349,0.851,Road closure for event/procession - full detour recommended for through-traffic
EVT434338,2025-12-22 19:38:01,Local Market Day,J020,Malleshwaram Circle,3639,Weekday,False,Clear,False,0.0,False,False,0.898,Severe,9.2,64.9,574.1,0.221,0.509,0.953,Heavy congestion detected - signal timing extended and reroute suggested
EVT434339,2025-03-17 20:06:02,Concert,J040,City Market,18671,Weekday,False,Clear,False,0.0,False,False,0.732,High,14.9,50.3,351.2,0.155,0.358,0.979,Moderate traffic flow - standard adaptive signal timing in effect
EVT434340,2025-06-30 21:59:17,Sports Fixture,J040,City Market,15954,Weekday,False,Clear,False,0.0,False,False,0.413,Moderate,26.3,26.4,200.1,0.147,0.339,0.958,Moderate traffic flow - standard adaptive signal timing in effect
EVT434341,2025-11-16 23:07:20,Trade Fair,J030,MG Road,6513,Weekend,False,Clear,False,0.0,False,False,0.262,Low,32.0,19.4,135.6,0.138,0.318,0.948,Moderate traffic flow - standard adaptive signal timing in effect
EVT434342,2025-07-06 19:49:54,Trade Fair,J030,MG Road,10857,Weekend,False,Heavy Rain,True,35.9,True,False,1.0,Severe,7.7,77.1,651.8,0.235,0.542,0.715,Accident detected nearby - reroute and reduced speed advised
EVT434343,2025-01-11 20:22:46,Concert,J009,Majestic,7369,Weekend,False,Clear,False,0.0,False,False,0.569,High,19.7,40.2,336.6,0.205,0.473,0.967,Moderate traffic flow - standard adaptive signal timing in effect
EVT434344,2025-03-16 07:57:51,Trade Fair,J023,Basavanagudi,11055,Weekend,False,Fog,False,0.0,False,False,0.776,Severe,13.9,56.3,350.4,0.186,0.429,0.972,Heavy congestion detected - signal timing extended and reroute suggested
EVT434345,2025-10-15 06:48:14,Concert,J023,Basavanagudi,12183,Weekday,False,Clear,False,0.0,False,False,0.44,Moderate,30.8,30.3,139.7,0.129,0.298,0.958,Moderate traffic flow - standard adaptive signal timing in effect
EVT434346,2026-04-15 08:52:28,Fireworks Display,J020,Malleshwaram Circle,24509,Weekday,True,Light Rain,True,2.2,False,False,1.0,Severe,9.3,72.5,533.3,0.229,0.528,0.823,Festival crowd surge detected - alternate route and extended cycle recommended
EVT434347,2026-02-18 17:35:42,Local Market Day,J020,Malleshwaram Circle,2632,Weekday,False,Clear,False,0.0,False,False,0.927,Severe,10.4,66.4,365.4,0.153,0.354,0.927,Heavy congestion detected - signal timing extended and reroute suggested
EVT434348,2026-06-27 19:55:08,Local Market Day,J023,Basavanagudi,2624,Weekend,False,Clear,False,0.0,False,False,0.694,High,14.3,52.8,231.0,0.115,0.266,0.941,Moderate traffic flow - standard adaptive signal timing in effect
EVT434349,2025-11-09 06:06:07,Concert,J040,City Market,10553,Weekend,False,Light Rain,True,3.4,False,False,0.44,Moderate,24.6,33.1,193.5,0.135,0.311,0.924,Light rain detected - minor speed reduction advised
EVT434350,2025-12-08 13:18:50,Sports Fixture,J030,MG Road,14301,Weekday,False,Clear,False,0.0,False,False,0.24,Low,40.0,14.8,143.2,0.139,0.321,0.973,Normal free-flow traffic - standard signal timing maintained
EVT434351,2026-06-14 18:12:18,Sports Fixture,J023,Basavanagudi,36698,Weekend,False,Clear,False,0.0,False,False,1.0,Severe,9.1,71.5,868.0,0.313,0.723,0.929,Heavy congestion detected - signal timing extended and reroute suggested
EVT434352,2025-06-10 15:30:40,Local Market Day,J030,MG Road,2263,Weekday,False,Heavy Rain,True,86.1,False,False,0.617,High,22.6,47.6,246.7,0.159,0.367,0.897,Heavy rain reducing visibility and grip - reduced speed and longer buffer advised
EVT434353,2026-01-29 15:38:48,Trade Fair,J012,Koramangala Sony World,6758,Weekday,False,Clear,False,0.0,False,False,0.354,Moderate,18.4,23.4,295.1,0.16,0.369,0.979,Moderate traffic flow - standard adaptive signal timing in effect
EVT434354,2025-01-29 08:24:07,Sports Fixture,J040,City Market,13235,Weekday,False,Clear,False,0.0,False,False,1.0,Severe,7.5,72.8,333.8,0.135,0.311,0.916,Heavy congestion detected - signal timing extended and reroute suggested
EVT434355,2026-01-08 15:43:55,Trade Fair,J040,City Market,9937,Weekday,False,Clear,False,0.0,False,False,0.354,Moderate,31.0,20.2,114.0,0.085,0.195,0.951,Moderate traffic flow - standard adaptive signal timing in effect
EVT434356,2026-01-15 08:41:49,Fireworks Display,J009,Majestic,20282,Weekday,True,Clear,False,0.0,False,False,1.0,Severe,9.2,66.1,270.6,0.093,0.216,0.856,Festival crowd surge detected - alternate route and extended cycle recommended
EVT434357,2025-05-07 19:02:09,Local Market Day,J012,Koramangala Sony World,3406,Weekday,False,Clear,False,0.0,False,False,1.0,Severe,10.2,73.4,437.4,0.192,0.443,0.896,Heavy congestion detected - signal timing extended and reroute suggested
EVT434358,2026-04-27 16:10:57,Local Market Day,J023,Basavanagudi,4398,Weekday,False,Clear,False,0.0,False,False,0.469,Moderate,29.1,26.6,130.7,0.098,0.227,0.984,Moderate traffic flow - standard adaptive signal timing in effect
EVT434359,2025-02-28 08:15:57,Sports Fixture,J012,Koramangala Sony World,21231,Weekday,False,Clear,False,0.0,False,False,1.0,Severe,6.0,71.6,1196.0,0.313,0.724,0.921,Heavy congestion detected - signal timing extended and reroute suggested
EVT434360,2026-05-20 11:20:18,Sports Fixture,J011,Indiranagar 100ft Road,20263,Weekday,False,Clear,False,0.0,False,False,0.402,Moderate,29.0,30.9,176.9,0.142,0.328,0.96,Moderate traffic flow - standard adaptive signal timing in effect
EVT434361,2026-06-13 14:42:14,Concert,J009,Majestic,22342,Weekend,False,Heavy Rain,True,84.2,False,False,0.808,Severe,12.4,60.0,285.6,0.139,0.321,0.929,Heavy rain reducing visibility and grip - reduced speed and longer buffer advised
EVT434362,2025-01-14 18:59:21,Religious Festival,J020,Malleshwaram Circle,54006,Weekday,True,Clear,False,0.0,False,True,1.0,Severe,9.8,99.0,510.5,0.234,0.54,0.84,Road closure for event/procession - full detour recommended for through-traffic
EVT434363,2025-02-09 09:33:27,Sports Fixture,J011,Indiranagar 100ft Road,14148,Weekend,False,Clear,False,0.0,False,False,0.893,Severe,9.9,60.3,434.3,0.155,0.359,0.954,Heavy congestion detected - signal timing extended and reroute suggested
EVT434364,2025-05-03 02:41:40,Concert,J023,Basavanagudi,4963,Weekend,False,Clear,False,0.0,False,False,0.244,Low,39.0,15.4,45.0,0.035,0.081,0.966,Normal free-flow traffic - standard signal timing maintained
EVT434365,2025-12-05 12:16:19,Concert,J020,Malleshwaram Circle,11429,Weekday,False,Clear,False,0.0,False,False,0.335,Low,23.5,26.5,92.9,0.062,0.144,0.956,Moderate traffic flow - standard adaptive signal timing in effect
EVT434366,2025-03-06 13:21:49,Local Market Day,J031,Cubbon Road,4061,Weekday,False,Clear,False,0.0,False,False,0.218,Low,35.5,11.8,81.7,0.086,0.198,0.95,Normal free-flow traffic - standard signal timing maintained
EVT434367,2025-01-19 13:09:25,Local Market Day,J012,Koramangala Sony World,6034,Weekend,False,Clear,False,0.0,False,False,0.138,Low,33.9,5.1,82.1,0.081,0.187,0.958,Normal free-flow traffic - standard signal timing maintained
EVT434368,2026-04-01 12:42:21,Local Market Day,J011,Indiranagar 100ft Road,4665,Weekday,False,Clear,False,0.0,False,False,0.141,Low,36.9,7.2,119.9,0.106,0.245,0.951,Normal free-flow traffic - standard signal timing maintained
EVT434369,2025-01-04 15:23:43,Local Market Day,J012,Koramangala Sony World,3519,Weekend,False,Clear,False,0.0,False,False,0.384,Moderate,29.3,30.3,215.0,0.174,0.402,0.99,Moderate traffic flow - standard adaptive signal timing in effect
EVT434370,2026-01-21 21:59:50,Local Market Day,J011,Indiranagar 100ft Road,3180,Weekday,False,Clear,False,0.0,False,False,0.174,Low,33.3,17.8,106.0,0.07,0.161,0.97,Normal free-flow traffic - standard signal timing maintained
EVT434371,2025-12-04 22:05:13,Trade Fair,J012,Koramangala Sony World,14403,Weekday,False,Fog,False,0.0,False,False,0.278,Low,24.8,19.9,261.9,0.181,0.418,0.966,Moderate traffic flow - standard adaptive signal timing in effect
EVT434372,2025-08-24 20:11:17,Sports Fixture,J030,MG Road,34015,Weekend,False,Clear,False,0.0,False,False,0.817,Severe,13.3,60.9,215.5,0.106,0.244,0.952,Heavy congestion detected - signal timing extended and reroute suggested
EVT434373,2026-03-06 09:14:22,Concert,J023,Basavanagudi,18046,Weekday,False,Clear,False,0.0,False,False,1.0,Severe,8.4,65.4,630.5,0.231,0.533,0.908,Heavy congestion detected - signal timing extended and reroute suggested
EVT434374,2025-06-03 22:58:33,Sports Fixture,J023,Basavanagudi,27834,Weekday,False,Clear,False,0.0,False,False,0.298,Low,30.2,18.9,125.3,0.093,0.215,0.963,Moderate traffic flow - standard adaptive signal timing in effect
EVT434375,2026-06-15 11:57:24,Local Market Day,J023,Basavanagudi,3733,Weekday,False,Clear,False,0.0,False,False,0.244,Low,31.9,13.2,178.9,0.151,0.348,0.985,Normal free-flow traffic - standard signal timing maintained
EVT434376,2025-07-07 17:44:40,Local Market Day,J031,Cubbon Road,4654,Weekday,False,Rain,True,9.2,False,False,1.0,Severe,8.3,72.9,443.0,0.166,0.383,0.881,Heavy rain reducing visibility and grip - reduced speed and longer buffer advised
EVT434377,2025-03-08 07:32:02,Sports Fixture,J020,Malleshwaram Circle,41946,Weekend,False,Clear,False,0.0,False,False,0.681,High,15.8,46.2,287.6,0.135,0.312,0.956,Moderate traffic flow - standard adaptive signal timing in effect
EVT434378,2025-10-27 17:07:41,Sports Fixture,J031,Cubbon Road,45843,Weekday,False,Clear,False,0.0,False,False,0.97,Severe,11.0,70.6,170.0,0.074,0.171,0.94,Heavy congestion detected - signal timing extended and reroute suggested
EVT434379,2025-08-11 19:13:21,Local Market Day,J009,Majestic,5052,Weekday,False,Clear,False,0.0,False,False,0.98,Severe,9.8,64.5,529.1,0.193,0.446,0.918,Heavy congestion detected - signal timing extended and reroute suggested
EVT434380,2026-02-21 19:38:40,Political Rally,J040,City Market,20022,Weekend,False,Clear,False,0.0,False,False,0.768,Severe,16.3,55.6,222.7,0.124,0.287,0.957,Heavy congestion detected - signal timing extended and reroute suggested
EVT434381,2025-12-21 23:47:52,Local Market Day,J023,Basavanagudi,4950,Weekend,False,Rain,True,12.2,False,False,0.431,Moderate,22.9,33.7,298.5,0.194,0.448,0.906,Light rain detected - minor speed reduction advised
EVT434382,2025-07-08 11:43:59,Sports Fixture,J009,Majestic,24840,Weekday,False,Clear,False,0.0,False,False,0.409,Moderate,24.7,31.3,277.6,0.187,0.431,0.955,Moderate traffic flow - standard adaptive signal timing in effect
EVT434383,2026-03-18 17:39:21,Local Market Day,J009,Majestic,5167,Weekday,False,Clear,False,0.0,False,False,0.878,Severe,12.1,60.3,237.7,0.109,0.253,0.95,Heavy congestion detected - signal timing extended and reroute suggested
EVT434384,2025-04-13 20:17:42,Political Rally,J020,Malleshwaram Circle,24444,Weekend,False,Clear,False,0.0,False,False,0.66,High,18.7,45.7,196.2,0.109,0.251,0.959,Moderate traffic flow - standard adaptive signal timing in effect
EVT434385,2025-02-13 18:48:09,Trade Fair,J012,Koramangala Sony World,9729,Weekday,False,Clear,False,0.0,False,False,1.0,Severe,9.4,72.3,412.7,0.157,0.363,0.913,Heavy congestion detected - signal timing extended and reroute suggested
EVT434386,2026-04-21 18:25:37,Sports Fixture,J012,Koramangala Sony World,21790,Weekday,False,Clear,False,0.0,False,False,1.0,Severe,7.9,69.7,686.2,0.216,0.5,0.934,Heavy congestion detected - signal timing extended and reroute suggested
EVT434387,2025-03-03 17:57:10,Political Rally,J023,Basavanagudi,14728,Weekday,False,Clear,False,0.0,False,False,1.0,Severe,7.5,69.9,626.6,0.2,0.462,0.909,Heavy congestion detected - signal timing extended and reroute suggested
EVT434388,2025-08-05 08:08:29,Trade Fair,J011,Indiranagar 100ft Road,5138,Weekday,False,Rain,True,15.3,False,False,1.0,Severe,8.3,70.1,753.4,0.245,0.566,0.857,Heavy rain reducing visibility and grip - reduced speed and longer buffer advised
EVT434389,2025-01-16 07:58:50,Concert,J020,Malleshwaram Circle,9602,Weekday,False,Clear,False,0.0,False,False,0.894,Severe,14.5,60.1,498.4,0.279,0.644,0.937,Heavy congestion detected - signal timing extended and reroute suggested
EVT434390,2026-04-16 17:50:36,Trade Fair,J020,Malleshwaram Circle,13226,Weekday,False,Clear,False,0.0,False,False,1.0,Severe,8.9,71.8,349.9,0.144,0.332,0.911,Heavy congestion detected - signal timing extended and reroute suggested
EVT434391,2026-03-23 17:37:09,Concert,J011,Indiranagar 100ft Road,9593,Weekday,False,Clear,False,0.0,False,False,0.955,Severe,8.9,67.7,694.5,0.258,0.596,0.949,Heavy congestion detected - signal timing extended and reroute suggested
EVT434392,2026-03-01 17:04:11,Sports Fixture,J011,Indiranagar 100ft Road,23837,Weekend,False,Fog,False,0.0,False,False,0.692,High,15.4,45.4,433.5,0.238,0.55,0.968,Moderate traffic flow - standard adaptive signal timing in effect
EVT434393,2026-03-23 07:24:25,Trade Fair,J030,MG Road,6734,Weekday,False,Rain,True,7.5,False,False,0.632,High,24.1,44.2,225.4,0.162,0.373,0.898,Heavy rain reducing visibility and grip - reduced speed and longer buffer advised
EVT434394,2025-05-23 10:21:17,Sports Fixture,J031,Cubbon Road,27663,Weekday,False,Clear,False,0.0,False,False,0.785,Severe,18.0,55.8,297.8,0.16,0.369,0.944,Heavy congestion detected - signal timing extended and reroute suggested
EVT434395,2025-09-11 19:46:04,Concert,J040,City Market,17136,Weekday,False,Clear,False,0.0,False,False,0.837,Severe,13.3,60.6,381.5,0.189,0.436,0.943,Heavy congestion detected - signal timing extended and reroute suggested
EVT434396,2026-04-14 21:46:48,Religious Festival,J023,Basavanagudi,23978,Weekday,True,Clear,False,0.0,False,False,0.581,High,27.0,40.1,191.8,0.15,0.347,0.944,Festival crowd surge detected - alternate route and extended cycle recommended
EVT434397,2025-04-17 15:54:52,Local Market Day,J023,Basavanagudi,3613,Weekday,False,Rain,True,10.3,False,False,0.541,Moderate,26.4,37.6,80.4,0.044,0.102,0.927,Light rain detected - minor speed reduction advised
EVT434398,2025-05-24 07:30:05,Concert,J009,Majestic,10433,Weekend,False,Clear,False,0.0,False,False,0.548,Moderate,22.9,34.6,152.5,0.097,0.223,0.987,Moderate traffic flow - standard adaptive signal timing in effect
EVT434399,2026-06-04 09:51:51,Local Market Day,J023,Basavanagudi,2185,Weekday,False,Clear,False,0.0,False,False,0.899,Severe,11.0,62.5,487.9,0.21,0.484,0.924,Heavy congestion detected - signal timing extended and reroute suggested
EVT434400,2025-05-07 08:09:26,Local Market Day,J011,Indiranagar 100ft Road,5461,Weekday,False,Heavy Rain,True,41.5,False,False,1.0,Severe,6.8,72.3,783.5,0.224,0.518,0.836,Heavy rain reducing visibility and grip - reduced speed and longer buffer advised
EVT434401,2025-09-16 15:38:05,Local Market Day,J031,Cubbon Road,5905,Weekday,False,Rain,True,10.2,True,False,0.888,Severe,12.0,65.4,604.4,0.264,0.611,0.75,Accident detected nearby - reroute and reduced speed advised
EVT434402,2025-06-11 18:49:56,Political Rally,J031,Cubbon Road,27433,Weekday,False,Rain,True,18.4,False,False,1.0,Severe,8.3,79.8,676.1,0.212,0.49,0.846,Heavy rain reducing visibility and grip - reduced speed and longer buffer advised
EVT434403,2025-06-17 10:19:23,Concert,J023,Basavanagudi,13088,Weekday,False,Rain,True,24.6,False,False,1.0,Severe,8.9,68.6,557.3,0.202,0.468,0.871,Heavy rain reducing visibility and grip - reduced speed and longer buffer advised
EVT434404,2026-01-11 16:14:18,Political Rally,J023,Basavanagudi,36358,Weekend,False,Clear,False,0.0,False,False,0.68,High,20.2,50.2,175.5,0.102,0.236,0.939,Moderate traffic flow - standard adaptive signal timing in effect
EVT434405,2025-10-07 09:55:30,Sports Fixture,J012,Koramangala Sony World,27129,Weekday,False,Rain,True,14.2,False,False,1.0,Severe,8.1,70.5,285.3,0.103,0.239,0.853,Heavy rain reducing visibility and grip - reduced speed and longer buffer advised
EVT434406,2026-02-08 17:32:49,Sports Fixture,J030,MG Road,17520,Weekend,False,Clear,False,0.0,False,False,0.785,Severe,15.6,59.3,254.4,0.14,0.322,0.969,Heavy congestion detected - signal timing extended and reroute suggested
EVT434407,2025-07-06 18:57:01,Sports Fixture,J011,Indiranagar 100ft Road,26319,Weekend,False,Heavy Rain,True,49.3,False,False,1.0,Severe,9.0,72.6,369.7,0.156,0.361,0.869,Heavy rain reducing visibility and grip - reduced speed and longer buffer advised
EVT434408,2025-04-13 12:23:37,Local Market Day,J009,Majestic,4652,Weekend,False,Clear,False,0.0,False,False,0.257,Low,29.1,16.6,189.9,0.147,0.339,0.968,Moderate traffic flow - standard adaptive signal timing in effect
EVT434409,2025-03-21 17:21:04,Sports Fixture,J040,City Market,27227,Weekday,False,Clear,False,0.0,False,False,0.924,Severe,12.3,64.2,323.7,0.178,0.412,0.939,Heavy congestion detected - signal timing extended and reroute suggested
EVT434410,2026-01-31 07:28:45,Local Market Day,J011,Indiranagar 100ft Road,3463,Weekend,False,Fog,False,0.0,False,False,0.477,Moderate,24.8,31.0,83.6,0.045,0.103,0.983,Moderate traffic flow - standard adaptive signal timing in effect
EVT434411,2026-02-13 17:04:58,Concert,J030,MG Road,9624,Weekday,False,Clear,False,0.0,False,False,0.879,Severe,12.9,62.5,454.0,0.215,0.497,0.973,Heavy congestion detected - signal timing extended and reroute suggested
EVT434412,2025-11-21 10:07:46,Political Rally,J040,City Market,27965,Weekday,False,Clear,False,0.0,False,False,0.961,Severe,9.0,74.4,557.5,0.199,0.459,0.92,Heavy congestion detected - signal timing extended and reroute suggested
EVT434413,2025-12-14 08:08:32,Concert,J012,Koramangala Sony World,12679,Weekend,False,Clear,False,0.0,False,False,0.822,Severe,12.0,54.9,538.9,0.254,0.587,0.946,Heavy congestion detected - signal timing extended and reroute suggested
EVT434414,2025-06-15 10:32:26,Sports Fixture,J011,Indiranagar 100ft Road,23454,Weekend,False,Heavy Rain,True,36.4,False,False,0.96,Severe,8.1,65.6,582.6,0.191,0.442,0.879,Heavy rain reducing visibility and grip - reduced speed and longer buffer advised
EVT434415,2025-08-07 12:09:29,Concert,J030,MG Road,16375,Weekday,False,Rain,True,17.9,False,False,0.467,Moderate,27.7,39.1,272.1,0.225,0.52,0.899,Light rain detected - minor speed reduction advised
EVT434416,2025-01-03 16:37:44,Local Market Day,J011,Indiranagar 100ft Road,5306,Weekday,False,Clear,False,0.0,False,False,0.635,High,21.8,50.9,248.3,0.157,0.363,0.936,Moderate traffic flow - standard adaptive signal timing in effect
EVT434417,2025-01-16 09:17:59,Local Market Day,J030,MG Road,4353,Weekday,False,Clear,False,0.0,False,False,1.0,Severe,10.1,73.7,641.0,0.242,0.559,0.925,Heavy congestion detected - signal timing extended and reroute suggested
EVT434418,2026-04-21 04:27:25,Local Market Day,J012,Koramangala Sony World,1720,Weekday,False,Clear,False,0.0,False,False,0.094,Low,45.0,8.1,87.9,0.088,0.202,0.99,Normal free-flow traffic - standard signal timing maintained
EVT434419,2026-01-29 01:39:47,Concert,J030,MG Road,11394,Weekday,False,Clear,False,0.0,False,False,0.261,Low,34.5,13.7,99.4,0.101,0.234,0.975,Moderate traffic flow - standard adaptive signal timing in effect
EVT434420,2025-04-09 17:14:47,Trade Fair,J023,Basavanagudi,7672,Weekday,False,Clear,False,0.0,False,False,0.815,Severe,15.3,59.9,462.6,0.258,0.597,0.948,Heavy congestion detected - signal timing extended and reroute suggested
EVT434421,2026-03-19 12:09:11,Fireworks Display,J030,MG Road,28935,Weekday,True,Clear,False,0.0,False,False,0.58,High,21.7,37.6,150.6,0.103,0.238,0.9,Festival crowd surge detected - alternate route and extended cycle recommended
EVT434422,2025-02-23 16:35:31,Sports Fixture,J020,Malleshwaram Circle,16989,Weekend,False,Clear,False,0.0,False,False,0.511,Moderate,28.5,38.5,105.4,0.081,0.188,0.968,Moderate traffic flow - standard adaptive signal timing in effect
EVT434423,2025-03-25 17:10:24,Concert,J020,Malleshwaram Circle,21059,Weekday,False,Clear,False,0.0,False,False,0.826,Severe,12.5,53.1,266.1,0.13,0.299,0.968,Heavy congestion detected - signal timing extended and reroute suggested
EVT434424,2025-09-19 09:13:36,Sports Fixture,J040,City Market,18741,Weekday,False,Heavy Rain,True,40.4,False,False,1.0,Severe,7.9,73.6,570.4,0.201,0.464,0.83,Heavy rain reducing visibility and grip - reduced speed and longer buffer advised
EVT434425,2025-05-05 10:06:13,Local Market Day,J009,Majestic,2744,Weekday,False,Light Rain,True,4.7,False,False,0.843,Severe,14.2,65.4,358.7,0.185,0.428,0.88,Heavy rain reducing visibility and grip - reduced speed and longer buffer advised
EVT434426,2025-12-17 20:58:34,Local Market Day,J023,Basavanagudi,3781,Weekday,False,Clear,False,0.0,False,False,0.42,Moderate,25.9,32.1,205.8,0.158,0.365,0.948,Moderate traffic flow - standard adaptive signal timing in effect
EVT434427,2025-11-23 12:49:50,Sports Fixture,J031,Cubbon Road,27652,Weekend,False,Clear,False,0.0,False,False,0.414,Moderate,28.0,35.0,170.5,0.124,0.286,0.939,Moderate traffic flow - standard adaptive signal timing in effect
EVT434428,2025-03-21 09:02:01,Sports Fixture,J009,Majestic,29627,Weekday,False,Clear,False,0.0,False,False,1.0,Severe,9.7,70.2,674.8,0.241,0.557,0.886,Heavy congestion detected - signal timing extended and reroute suggested
EVT434429,2026-06-15 13:52:37,Trade Fair,J020,Malleshwaram Circle,8168,Weekday,False,Clear,False,0.0,False,False,0.222,Low,32.7,13.9,136.9,0.124,0.286,0.948,Normal free-flow traffic - standard signal timing maintained
EVT434430,2025-03-16 17:32:59,Concert,J020,Malleshwaram Circle,11231,Weekend,False,Clear,False,0.0,False,False,0.876,Severe,13.9,65.9,276.6,0.12,0.278,0.96,Heavy congestion detected - signal timing extended and reroute suggested
EVT434431,2026-06-21 19:29:23,Political Rally,J011,Indiranagar 100ft Road,16819,Weekend,False,Heavy Rain,True,42.6,False,False,1.0,Severe,6.3,74.6,492.1,0.149,0.344,0.864,Heavy rain reducing visibility and grip - reduced speed and longer buffer advised
EVT434432,2026-04-23 11:44:51,Sports Fixture,J031,Cubbon Road,19033,Weekday,False,Clear,False,0.0,False,False,0.311,Low,36.9,23.7,110.9,0.099,0.228,0.969,Moderate traffic flow - standard adaptive signal timing in effect
EVT434433,2025-02-22 18:58:55,Trade Fair,J031,Cubbon Road,11998,Weekend,False,Clear,False,0.0,False,False,0.827,Severe,14.1,60.1,395.0,0.195,0.449,0.952,Heavy congestion detected - signal timing extended and reroute suggested
EVT434434,2025-01-09 08:32:54,Concert,J031,Cubbon Road,12431,Weekday,False,Clear,False,0.0,False,False,1.0,Severe,7.2,71.5,538.4,0.152,0.351,0.893,Heavy congestion detected - signal timing extended and reroute suggested
EVT434435,2026-06-15 14:13:53,Concert,J030,MG Road,13278,Weekday,False,Rain,True,9.1,False,False,0.372,Moderate,27.6,28.3,186.5,0.156,0.359,0.91,Light rain detected - minor speed reduction advised
EVT434436,2026-03-21 07:33:59,Trade Fair,J030,MG Road,6118,Weekend,False,Clear,False,0.0,False,False,0.588,High,21.3,41.8,390.3,0.249,0.575,0.97,Moderate traffic flow - standard adaptive signal timing in effect
EVT434437,2026-01-29 18:26:56,Political Rally,J012,Koramangala Sony World,15083,Weekday,False,Clear,False,0.0,False,False,1.0,Severe,9.0,72.8,465.6,0.176,0.407,0.936,Heavy congestion detected - signal timing extended and reroute suggested
EVT434438,2026-06-23 20:22:56,Concert,J009,Majestic,14471,Weekday,False,Rain,True,18.4,True,False,1.0,Severe,8.6,73.6,510.6,0.182,0.422,0.717,Accident detected nearby - reroute and reduced speed advised
EVT434439,2025-10-15 19:14:10,Concert,J040,City Market,14247,Weekday,False,Rain,True,18.0,False,False,1.0,Severe,8.8,70.1,368.4,0.129,0.298,0.851,Heavy rain reducing visibility and grip - reduced speed and longer buffer advised
EVT434440,2026-03-10 13:07:48,Political Rally,J040,City Market,16005,Weekday,False,Clear,False,0.0,False,False,0.199,Low,42.3,9.1,100.7,0.113,0.262,0.944,Normal free-flow traffic - standard signal timing maintained
EVT434441,2025-07-21 20:01:30,Trade Fair,J012,Koramangala Sony World,7714,Weekday,False,Clear,False,0.0,False,False,0.646,High,19.5,43.5,295.0,0.172,0.397,0.951,Moderate traffic flow - standard adaptive signal timing in effect
EVT434442,2026-02-07 12:18:58,Political Rally,J009,Majestic,25481,Weekend,False,Clear,False,0.0,False,False,0.348,Low,33.4,28.8,163.6,0.135,0.313,0.972,Moderate traffic flow - standard adaptive signal timing in effect
EVT434443,2025-08-09 07:25:07,Trade Fair,J020,Malleshwaram Circle,22348,Weekend,False,Clear,False,0.0,False,False,0.708,High,15.2,46.9,284.1,0.164,0.379,0.99,Moderate traffic flow - standard adaptive signal timing in effect
EVT434444,2025-06-05 20:45:52,Local Market Day,J030,MG Road,3232,Weekday,False,Clear,False,0.0,False,False,0.393,Moderate,26.1,28.4,129.4,0.107,0.246,0.955,Moderate traffic flow - standard adaptive signal timing in effect
EVT434445,2025-03-31 09:16:31,Religious Festival,J023,Basavanagudi,30816,Weekday,True,Clear,False,0.0,False,True,1.0,Severe,8.4,94.3,515.3,0.194,0.449,0.867,Road closure for event/procession - full detour recommended for through-traffic
EVT434446,2026-01-01 05:18:46,Religious Festival,J009,Majestic,50401,Weekday,True,Clear,False,0.0,False,True,0.885,High,11.9,91.4,380.3,0.19,0.439,0.847,Road closure for event/procession - full detour recommended for through-traffic
EVT434447,2025-03-15 11:18:24,Religious Festival,J011,Indiranagar 100ft Road,15963,Weekend,True,Clear,False,0.0,False,False,0.67,High,19.2,48.1,234.0,0.148,0.342,0.904,Festival crowd surge detected - alternate route and extended cycle recommended
EVT434448,2026-06-08 09:40:25,Trade Fair,J031,Cubbon Road,4816,Weekday,False,Clear,False,0.0,False,False,0.86,Severe,15.5,61.2,483.6,0.263,0.607,0.939,Heavy congestion detected - signal timing extended and reroute suggested
EVT434449,2026-02-10 17:39:38,Trade Fair,J020,Malleshwaram Circle,12591,Weekday,False,Clear,False,0.0,False,False,0.976,Severe,9.5,77.3,612.3,0.244,0.564,0.896,Heavy congestion detected - signal timing extended and reroute suggested
EVT434450,2025-08-30 18:37:07,Local Market Day,J040,City Market,2749,Weekend,False,Clear,False,0.0,False,False,0.896,Severe,12.0,65.7,380.5,0.18,0.415,0.941,Heavy congestion detected - signal timing extended and reroute suggested
EVT434451,2025-04-20 07:11:36,Concert,J011,Indiranagar 100ft Road,13641,Weekend,False,Clear,False,0.0,False,False,0.576,High,22.1,41.7,186.2,0.124,0.287,0.965,Moderate traffic flow - standard adaptive signal timing in effect
EVT434452,2026-03-30 17:52:57,Sports Fixture,J040,City Market,12977,Weekday,False,Clear,False,0.0,False,False,1.0,Severe,8.1,69.4,270.4,0.108,0.249,0.912,Heavy congestion detected - signal timing extended and reroute suggested
EVT434453,2025-07-05 11:46:09,Political Rally,J011,Indiranagar 100ft Road,24821,Weekend,False,Rain,True,12.4,False,False,0.599,High,24.9,45.5,236.9,0.175,0.405,0.894,Heavy rain reducing visibility and grip - reduced speed and longer buffer advised
EVT434454,2025-01-27 19:32:25,Cultural Procession,J031,Cubbon Road,11198,Weekday,True,Clear,False,0.0,False,False,1.0,Severe,10.2,74.4,546.6,0.233,0.538,0.879,Festival crowd surge detected - alternate route and extended cycle recommended
EVT434455,2026-04-15 17:49:20,Religious Festival,J023,Basavanagudi,100163,Weekday,True,Clear,False,0.0,False,True,1.0,Severe,9.1,99.1,521.1,0.204,0.471,0.852,Road closure for event/procession - full detour recommended for through-traffic
EVT434456,2026-03-26 18:31:45,Cultural Procession,J012,Koramangala Sony World,16533,Weekday,True,Clear,False,0.0,False,True,1.0,Severe,7.5,96.4,611.7,0.222,0.514,0.806,Road closure for event/procession - full detour recommended for through-traffic
EVT434457,2026-03-23 19:27:10,Sports Fixture,J020,Malleshwaram Circle,58940,Weekday,False,Clear,False,0.0,False,False,1.0,Severe,10.2,69.4,431.1,0.166,0.383,0.911,Heavy congestion detected - signal timing extended and reroute suggested
EVT434458,2026-04-30 12:23:14,Local Market Day,J023,Basavanagudi,3766,Weekday,False,Light Rain,True,1.6,False,False,0.303,Low,32.4,20.7,121.6,0.097,0.225,0.93,Light rain detected - minor speed reduction advised
EVT434459,2026-03-18 10:17:31,Local Market Day,J031,Cubbon Road,3627,Weekday,False,Clear,False,0.0,False,False,0.643,High,19.6,47.3,185.3,0.115,0.265,0.982,Moderate traffic flow - standard adaptive signal timing in effect
EVT434460,2026-06-08 18:06:50,Political Rally,J011,Indiranagar 100ft Road,11846,Weekday,False,Heavy Rain,True,55.0,False,False,1.0,Severe,6.7,78.6,575.5,0.175,0.403,0.872,Heavy rain reducing visibility and grip - reduced speed and longer buffer advised
EVT434461,2026-04-18 13:34:07,Local Market Day,J030,MG Road,4160,Weekend,False,Clear,False,0.0,False,False,0.24,Low,29.8,18.1,186.0,0.151,0.349,0.982,Normal free-flow traffic - standard signal timing maintained
EVT434462,2025-03-09 16:52:49,Sports Fixture,J020,Malleshwaram Circle,16758,Weekend,False,Clear,False,0.0,False,False,0.639,High,17.9,44.9,374.0,0.236,0.545,0.961,Moderate traffic flow - standard adaptive signal timing in effect
EVT434463,2025-10-04 14:41:53,Local Market Day,J009,Majestic,6937,Weekend,False,Clear,False,0.0,False,False,0.303,Low,22.9,24.6,197.2,0.148,0.341,0.954,Moderate traffic flow - standard adaptive signal timing in effect
EVT434464,2026-05-29 20:02:29,Political Rally,J020,Malleshwaram Circle,28197,Weekday,False,Fog,False,0.0,False,False,0.833,Severe,13.4,63.9,294.9,0.141,0.326,0.954,Heavy congestion detected - signal timing extended and reroute suggested
EVT434465,2025-12-08 12:18:23,Local Market Day,J011,Indiranagar 100ft Road,2623,Weekday,False,Clear,False,0.0,False,False,0.183,Low,36.1,11.3,163.6,0.135,0.311,0.99,Normal free-flow traffic - standard signal timing maintained
EVT434466,2025-05-30 18:28:39,Political Rally,J009,Majestic,5294,Weekday,False,Clear,False,0.0,False,False,1.0,Severe,7.8,69.3,872.7,0.255,0.588,0.9,Heavy congestion detected - signal timing extended and reroute suggested
EVT434467,2025-03-20 12:33:30,Local Market Day,J030,MG Road,3981,Weekday,False,Clear,False,0.0,False,False,0.183,Low,26.5,15.2,108.8,0.081,0.186,0.96,Normal free-flow traffic - standard signal timing maintained
EVT434468,2025-12-04 11:28:29,Sports Fixture,J020,Malleshwaram Circle,25039,Weekday,False,Clear,False,0.0,False,False,0.506,Moderate,29.6,34.2,209.5,0.172,0.396,0.955,Moderate traffic flow - standard adaptive signal timing in effect
EVT434469,2025-05-01 15:52:03,Fireworks Display,J023,Basavanagudi,38603,Weekday,True,Clear,False,0.0,False,False,0.825,Severe,14.6,58.3,563.1,0.297,0.685,0.913,Festival crowd surge detected - alternate route and extended cycle recommended
EVT434470,2025-03-23 14:30:22,Trade Fair,J031,Cubbon Road,9187,Weekend,False,Clear,False,0.0,False,False,0.287,Low,30.3,20.8,157.8,0.125,0.288,0.971,Moderate traffic flow - standard adaptive signal timing in effect
EVT434471,2025-11-18 18:03:55,Concert,J023,Basavanagudi,7880,Weekday,False,Clear,False,0.0,False,False,1.0,Severe,8.7,70.3,578.6,0.204,0.472,0.924,Heavy congestion detected - signal timing extended and reroute suggested
EVT434472,2025-09-14 16:30:52,Local Market Day,J020,Malleshwaram Circle,3145,Weekend,False,Clear,False,0.0,False,False,0.484,Moderate,22.8,31.9,220.8,0.145,0.335,0.968,Moderate traffic flow - standard adaptive signal timing in effect
EVT434473,2025-03-01 19:58:46,Local Market Day,J031,Cubbon Road,3517,Weekend,False,Clear,False,0.0,False,False,0.55,Moderate,23.5,40.1,274.1,0.186,0.43,0.95,Moderate traffic flow - standard adaptive signal timing in effect
EVT434474,2025-04-15 06:29:38,Religious Festival,J030,MG Road,47211,Weekday,True,Clear,False,0.0,False,True,0.94,Severe,10.0,99.3,656.7,0.252,0.583,0.843,Road closure for event/procession - full detour recommended for through-traffic
EVT434475,2026-05-21 16:06:29,Sports Fixture,J009,Majestic,29262,Weekday,False,Clear,False,0.0,False,False,0.619,High,20.7,43.4,305.9,0.184,0.425,0.959,Moderate traffic flow - standard adaptive signal timing in effect
EVT434476,2026-06-21 19:15:52,Sports Fixture,J040,City Market,26438,Weekend,False,Clear,False,0.0,False,False,0.869,Severe,9.8,61.4,559.9,0.213,0.492,0.942,Heavy congestion detected - signal timing extended and reroute suggested
EVT434477,2025-07-01 09:43:04,Concert,J023,Basavanagudi,9911,Weekday,False,Rain,True,20.9,False,False,1.0,Severe,8.8,75.7,577.4,0.199,0.461,0.87,Heavy rain reducing visibility and grip - reduced speed and longer buffer advised
EVT434478,2026-02-24 07:30:54,Trade Fair,J040,City Market,6664,Weekday,False,Clear,False,0.0,False,False,0.73,High,20.5,54.8,308.6,0.206,0.475,0.953,Moderate traffic flow - standard adaptive signal timing in effect
EVT434479,2026-04-17 11:36:18,Local Market Day,J031,Cubbon Road,3829,Weekday,False,Clear,False,0.0,False,False,0.315,Low,33.1,24.8,80.3,0.048,0.111,0.942,Moderate traffic flow - standard adaptive signal timing in effect
EVT434480,2025-10-21 05:57:58,Religious Festival,J012,Koramangala Sony World,44872,Weekday,True,Rain,True,10.7,False,True,1.0,Severe,8.3,95.7,850.3,0.295,0.682,0.769,Road closure for event/procession - full detour recommended for through-traffic
EVT434481,2025-03-10 16:24:31,Sports Fixture,J012,Koramangala Sony World,29616,Weekday,False,Clear,False,0.0,False,False,0.695,High,20.6,56.0,189.4,0.118,0.273,0.978,Moderate traffic flow - standard adaptive signal timing in effect
EVT434482,2026-05-20 18:10:56,Local Market Day,J009,Majestic,4009,Weekday,False,Clear,False,0.0,False,False,0.969,Severe,9.6,74.9,625.5,0.216,0.5,0.901,Heavy congestion detected - signal timing extended and reroute suggested
EVT434483,2025-09-21 15:42:42,Political Rally,J012,Koramangala Sony World,19471,Weekend,False,Clear,False,0.0,False,False,0.491,Moderate,24.2,36.4,187.6,0.12,0.278,0.975,Moderate traffic flow - standard adaptive signal timing in effect
EVT434484,2025-03-07 13:50:58,Local Market Day,J030,MG Road,4168,Weekday,False,Clear,False,0.0,False,False,0.189,Low,32.0,7.5,166.1,0.138,0.318,0.951,Normal free-flow traffic - standard signal timing maintained
EVT434485,2026-01-08 17:58:35,Sports Fixture,J023,Basavanagudi,19257,Weekday,False,Clear,False,0.0,False,False,1.0,Severe,11.0,70.6,448.5,0.201,0.464,0.9,Heavy congestion detected - signal timing extended and reroute suggested
EVT434486,2026-04-06 14:20:50,Local Market Day,J009,Majestic,4852,Weekday,False,Clear,False,0.0,False,False,0.218,Low,31.9,9.4,190.2,0.161,0.372,0.957,Normal free-flow traffic - standard signal timing maintained
EVT434487,2025-03-06 11:57:55,Trade Fair,J011,Indiranagar 100ft Road,7630,Weekday,False,Clear,False,0.0,False,False,0.352,Moderate,24.7,29.6,157.2,0.12,0.278,0.986,Moderate traffic flow - standard adaptive signal timing in effect
EVT434488,2026-03-05 20:31:18,Cultural Procession,J031,Cubbon Road,17760,Weekday,True,Clear,False,0.0,False,True,1.0,Severe,7.9,96.9,564.2,0.19,0.439,0.858,Road closure for event/procession - full detour recommended for through-traffic
EVT434489,2025-06-08 17:19:56,Sports Fixture,J012,Koramangala Sony World,15562,Weekend,False,Rain,True,21.5,False,False,1.0,Severe,8.7,75.4,870.3,0.284,0.656,0.864,Heavy rain reducing visibility and grip - reduced speed and longer buffer advised
EVT434490,2026-06-07 09:55:31,Sports Fixture,J031,Cubbon Road,25914,Weekend,False,Clear,False,0.0,False,False,0.82,Severe,17.8,58.0,232.7,0.155,0.358,0.939,Heavy congestion detected - signal timing extended and reroute suggested
EVT434491,2025-07-27 09:42:44,Concert,J012,Koramangala Sony World,14575,Weekend,False,Clear,False,0.0,False,False,0.806,Severe,16.7,57.1,202.7,0.13,0.3,0.937,Heavy congestion detected - signal timing extended and reroute suggested
EVT434492,2025-12-18 09:32:46,Trade Fair,J011,Indiranagar 100ft Road,12375,Weekday,False,Clear,False,0.0,False,False,1.0,Severe,7.7,74.4,216.0,0.081,0.187,0.905,Heavy congestion detected - signal timing extended and reroute suggested
EVT434493,2025-10-25 21:47:55,Sports Fixture,J040,City Market,19530,Weekend,False,Clear,False,0.0,False,False,0.512,Moderate,20.8,37.0,236.1,0.134,0.311,0.98,Moderate traffic flow - standard adaptive signal timing in effect
EVT434494,2025-08-04 08:42:43,Trade Fair,J040,City Market,11293,Weekday,False,Clear,False,0.0,False,False,0.991,Severe,8.2,69.1,731.5,0.238,0.549,0.934,Heavy congestion detected - signal timing extended and reroute suggested
EVT434495,2026-02-09 19:44:44,Sports Fixture,J023,Basavanagudi,15540,Weekday,False,Clear,False,0.0,False,False,0.826,Severe,16.6,65.6,277.6,0.167,0.386,0.96,Heavy congestion detected - signal timing extended and reroute suggested
EVT434496,2025-05-04 12:58:36,Sports Fixture,J012,Koramangala Sony World,14146,Weekend,False,Light Rain,True,5.7,False,False,0.421,Moderate,27.4,28.7,194.6,0.172,0.397,0.916,Light rain detected - minor speed reduction advised
EVT434497,2026-04-19 16:16:43,Local Market Day,J020,Malleshwaram Circle,4192,Weekend,False,Clear,False,0.0,False,False,0.498,Moderate,22.3,39.8,131.9,0.084,0.194,0.959,Moderate traffic flow - standard adaptive signal timing in effect
EVT434498,2026-03-21 09:10:07,Trade Fair,J030,MG Road,5959,Weekend,False,Clear,False,0.0,False,False,0.884,Severe,12.3,60.0,142.3,0.093,0.214,0.953,Heavy congestion detected - signal timing extended and reroute suggested
EVT434499,2025-03-11 13:34:24,Sports Fixture,J020,Malleshwaram Circle,23330,Weekday,False,Clear,False,0.0,False,False,0.229,Low,31.8,18.3,161.3,0.133,0.307,0.955,Normal free-flow traffic - standard signal timing maintained
EVT434500,2025-08-29 10:58:50,Local Market Day,J040,City Market,5503,Weekday,False,Clear,False,0.0,False,False,0.477,Moderate,19.7,31.9,115.7,0.08,0.184,0.951,Moderate traffic flow - standard adaptive signal timing in effect
EVT434501,2025-11-20 22:58:48,Trade Fair,J030,MG Road,8673,Weekday,False,Clear,False,0.0,False,False,0.241,Low,31.8,17.6,238.1,0.192,0.444,0.968,Normal free-flow traffic - standard signal timing maintained
EVT434502,2026-04-20 14:37:26,Sports Fixture,J031,Cubbon Road,17524,Weekday,False,Clear,False,0.0,False,False,0.309,Low,22.4,24.7,184.1,0.103,0.239,0.941,Moderate traffic flow - standard adaptive signal timing in effect
EVT434503,2026-06-18 09:58:31,Local Market Day,J040,City Market,6111,Weekday,False,Rain,True,9.8,False,False,0.956,Severe,8.7,64.7,301.2,0.112,0.259,0.884,Heavy rain reducing visibility and grip - reduced speed and longer buffer advised
EVT434504,2025-12-16 21:32:56,Trade Fair,J040,City Market,14379,Weekday,False,Clear,False,0.0,False,False,0.489,Moderate,21.2,33.2,285.4,0.183,0.423,0.99,Moderate traffic flow - standard adaptive signal timing in effect
EVT434505,2025-07-08 21:35:07,Sports Fixture,J011,Indiranagar 100ft Road,20469,Weekday,False,Clear,False,0.0,False,False,0.314,Low,31.4,28.6,131.9,0.12,0.277,0.965,Moderate traffic flow - standard adaptive signal timing in effect
EVT434506,2025-04-04 22:52:06,Local Market Day,J020,Malleshwaram Circle,4016,Weekday,False,Rain,True,11.5,False,False,0.435,Moderate,23.8,33.5,164.9,0.109,0.252,0.878,Light rain detected - minor speed reduction advised
EVT434507,2026-01-10 16:05:16,Concert,J023,Basavanagudi,14277,Weekend,False,Clear,False,0.0,False,False,0.514,Moderate,25.1,36.5,197.4,0.142,0.328,0.99,Moderate traffic flow - standard adaptive signal timing in effect
EVT434508,2025-08-09 18:36:50,Political Rally,J009,Majestic,9902,Weekend,False,Light Rain,True,4.7,False,False,1.0,Severe,6.4,72.8,562.3,0.143,0.331,0.89,Heavy rain reducing visibility and grip - reduced speed and longer buffer advised
EVT434509,2025-10-04 22:50:48,Concert,J030,MG Road,10270,Weekend,False,Clear,False,0.0,False,False,0.345,Low,24.1,24.9,143.8,0.096,0.222,0.989,Moderate traffic flow - standard adaptive signal timing in effect
EVT434510,2025-04-10 20:46:26,Sports Fixture,J031,Cubbon Road,22133,Weekday,False,Clear,False,0.0,False,False,0.572,High,27.5,44.7,160.5,0.112,0.26,0.954,Moderate traffic flow - standard adaptive signal timing in effect
EVT434511,2025-03-30 08:14:30,Cultural Procession,J031,Cubbon Road,9597,Weekend,True,Clear,False,0.0,False,True,1.0,Severe,8.1,110.2,453.0,0.174,0.401,0.793,Road closure for event/procession - full detour recommended for through-traffic
EVT434512,2025-06-06 13:54:25,Sports Fixture,J040,City Market,14290,Weekday,False,Clear,False,0.0,False,False,0.261,Low,37.1,15.5,121.0,0.113,0.262,0.967,Moderate traffic flow - standard adaptive signal timing in effect
EVT434513,2026-06-04 12:16:34,Trade Fair,J011,Indiranagar 100ft Road,3447,Weekday,False,Fog,False,0.0,False,False,0.154,Low,36.9,11.9,168.7,0.145,0.335,0.939,Normal free-flow traffic - standard signal timing maintained
EVT434514,2026-02-21 06:01:26,Concert,J011,Indiranagar 100ft Road,12333,Weekend,False,Clear,False,0.0,False,False,0.366,Moderate,33.1,28.8,126.7,0.098,0.227,0.963,Moderate traffic flow - standard adaptive signal timing in effect
EVT434515,2025-07-18 19:53:39,Local Market Day,J020,Malleshwaram Circle,4746,Weekday,False,Clear,False,0.0,False,False,0.715,High,17.0,55.7,182.6,0.117,0.27,0.986,Moderate traffic flow - standard adaptive signal timing in effect
EVT434516,2025-12-01 16:37:56,Trade Fair,J023,Basavanagudi,8400,Weekday,False,Clear,False,0.0,False,False,0.585,High,23.5,42.4,128.2,0.087,0.202,0.963,Moderate traffic flow - standard adaptive signal timing in effect
EVT434517,2026-04-30 05:09:47,Concert,J023,Basavanagudi,13198,Weekday,False,Clear,False,0.0,False,False,0.208,Low,32.8,14.3,105.8,0.099,0.228,0.973,Normal free-flow traffic - standard signal timing maintained
EVT434518,2025-03-08 19:30:11,Sports Fixture,J011,Indiranagar 100ft Road,17091,Weekend,False,Clear,False,0.0,False,False,0.825,Severe,12.7,57.6,568.3,0.265,0.613,0.935,Heavy congestion detected - signal timing extended and reroute suggested
EVT434519,2025-12-04 08:45:56,Sports Fixture,J023,Basavanagudi,19545,Weekday,False,Clear,False,0.0,False,False,1.0,Severe,6.5,72.0,739.3,0.194,0.448,0.93,Heavy congestion detected - signal timing extended and reroute suggested
EVT434520,2026-05-04 10:52:22,Sports Fixture,J023,Basavanagudi,11264,Weekday,False,Clear,False,0.0,False,False,0.462,Moderate,26.1,39.1,166.5,0.138,0.318,0.99,Moderate traffic flow - standard adaptive signal timing in effect
EVT434521,2025-11-29 00:30:55,Local Market Day,J030,MG Road,3906,Weekend,False,Rain,True,9.9,False,False,0.286,Low,27.1,21.4,118.8,0.094,0.216,0.934,Light rain detected - minor speed reduction advised
EVT434522,2025-12-01 08:25:48,Local Market Day,J011,Indiranagar 100ft Road,8561,Weekday,False,Clear,False,0.0,False,False,0.968,Severe,7.9,65.1,705.9,0.24,0.554,0.895,Heavy congestion detected - signal timing extended and reroute suggested
EVT434523,2025-02-23 08:04:50,Local Market Day,J012,Koramangala Sony World,3399,Weekend,False,Clear,False,0.0,False,False,0.719,High,19.1,51.4,282.3,0.178,0.411,0.972,Moderate traffic flow - standard adaptive signal timing in effect
EVT434524,2026-06-02 00:24:01,Sports Fixture,J023,Basavanagudi,24195,Weekday,False,Rain,True,19.0,False,False,0.541,Moderate,24.6,39.2,217.6,0.139,0.32,0.919,Light rain detected - minor speed reduction advised
EVT434525,2025-10-02 16:41:53,Religious Festival,J031,Cubbon Road,40960,Weekday,True,Clear,False,0.0,False,True,1.0,Severe,8.4,96.3,695.8,0.243,0.562,0.827,Road closure for event/procession - full detour recommended for through-traffic
EVT434526,2025-02-12 14:21:23,Sports Fixture,J012,Koramangala Sony World,20793,Weekday,False,Clear,False,0.0,False,False,0.209,Low,34.2,11.3,146.2,0.142,0.327,0.952,Normal free-flow traffic - standard signal timing maintained
EVT434527,2025-08-13 15:09:58,Concert,J040,City Market,13971,Weekday,False,Rain,True,20.4,False,False,0.54,Moderate,23.1,39.6,244.4,0.192,0.443,0.901,Light rain detected - minor speed reduction advised
EVT434528,2025-05-23 07:36:04,Concert,J009,Majestic,11561,Weekday,False,Clear,False,0.0,False,False,0.691,High,22.1,47.3,108.3,0.073,0.169,0.959,Moderate traffic flow - standard adaptive signal timing in effect
EVT434529,2026-04-18 10:38:34,Sports Fixture,J023,Basavanagudi,23116,Weekend,False,Clear,False,0.0,False,False,0.624,High,23.9,45.8,129.8,0.09,0.208,0.939,Moderate traffic flow - standard adaptive signal timing in effect
EVT434530,2025-02-18 14:22:19,Concert,J009,Majestic,17625,Weekday,False,Clear,False,0.0,False,False,0.211,Low,28.0,18.4,122.1,0.092,0.213,0.99,Normal free-flow traffic - standard signal timing maintained
EVT434531,2026-01-25 15:34:19,Political Rally,J023,Basavanagudi,8687,Weekend,False,Clear,False,0.0,False,False,0.368,Moderate,34.8,20.1,157.8,0.168,0.387,0.937,Moderate traffic flow - standard adaptive signal timing in effect
EVT434532,2025-07-24 21:12:54,Sports Fixture,J031,Cubbon Road,18577,Weekday,False,Heavy Rain,True,98.6,False,False,0.777,Severe,16.4,59.0,375.7,0.219,0.506,0.911,Heavy rain reducing visibility and grip - reduced speed and longer buffer advised
EVT434533,2025-04-13 08:36:13,Trade Fair,J031,Cubbon Road,6793,Weekend,False,Rain,True,10.1,False,False,0.946,Severe,10.0,67.1,658.0,0.245,0.566,0.889,Heavy rain reducing visibility and grip - reduced speed and longer buffer advised
EVT434534,2025-03-28 13:25:20,Local Market Day,J011,Indiranagar 100ft Road,4498,Weekday,False,Clear,False,0.0,False,False,0.244,Low,35.4,15.5,76.5,0.073,0.168,0.94,Normal free-flow traffic - standard signal timing maintained
EVT434535,2025-05-15 18:47:10,Political Rally,J030,MG Road,11080,Weekday,False,Clear,False,0.0,False,False,1.0,Severe,9.8,70.4,459.7,0.179,0.414,0.913,Heavy congestion detected - signal timing extended and reroute suggested
EVT434536,2025-05-09 17:53:42,Sports Fixture,J023,Basavanagudi,13853,Weekday,False,Clear,False,0.0,False,False,1.0,Severe,9.2,65.4,632.8,0.248,0.573,0.905,Heavy congestion detected - signal timing extended and reroute suggested
EVT434537,2025-05-14 19:31:15,Concert,J023,Basavanagudi,7633,Weekday,False,Clear,False,0.0,False,False,0.968,Severe,9.7,67.3,314.5,0.118,0.273,0.92,Heavy congestion detected - signal timing extended and reroute suggested
EVT434538,2026-01-22 13:17:23,Local Market Day,J012,Koramangala Sony World,4065,Weekday,False,Fog,False,0.0,False,False,0.091,Low,26.8,5.1,229.1,0.15,0.347,0.951,Normal free-flow traffic - standard signal timing maintained
EVT434539,2026-06-06 20:40:14,Local Market Day,J023,Basavanagudi,3264,Weekend,False,Clear,False,0.0,False,False,0.503,Moderate,23.9,32.9,137.7,0.087,0.2,0.967,Moderate traffic flow - standard adaptive signal timing in effect
EVT434540,2026-01-16 19:26:00,Trade Fair,J031,Cubbon Road,12812,Weekday,False,Clear,False,0.0,False,False,1.0,Severe,8.1,70.8,657.9,0.213,0.493,0.907,Heavy congestion detected - signal timing extended and reroute suggested
EVT434541,2025-10-21 17:20:45,Religious Festival,J011,Indiranagar 100ft Road,29874,Weekday,True,Fog,False,0.0,False,False,1.0,Severe,10.0,69.9,553.0,0.219,0.507,0.882,Festival crowd surge detected - alternate route and extended cycle recommended
EVT434542,2025-12-23 09:27:35,Sports Fixture,J040,City Market,15112,Weekday,False,Clear,False,0.0,False,False,1.0,Severe,6.5,74.7,837.5,0.242,0.558,0.905,Heavy congestion detected - signal timing extended and reroute suggested
EVT434543,2025-09-11 09:27:01,Local Market Day,J030,MG Road,2870,Weekday,False,Clear,False,0.0,False,False,0.886,Severe,13.4,63.5,403.3,0.213,0.492,0.899,Heavy congestion detected - signal timing extended and reroute suggested
EVT434544,2025-08-25 19:30:49,Sports Fixture,J012,Koramangala Sony World,22817,Weekday,False,Clear,False,0.0,False,False,0.974,Severe,9.1,65.5,619.3,0.229,0.528,0.888,Heavy congestion detected - signal timing extended and reroute suggested
EVT434545,2025-07-14 10:07:41,Sports Fixture,J020,Malleshwaram Circle,26090,Weekday,False,Clear,False,0.0,False,False,0.904,Severe,12.0,67.0,536.1,0.24,0.553,0.942,Heavy congestion detected - signal timing extended and reroute suggested
EVT434546,2025-08-18 16:17:41,Political Rally,J011,Indiranagar 100ft Road,23136,Weekday,False,Fog,False,0.0,False,False,0.601,High,24.8,46.3,197.5,0.14,0.323,0.967,Moderate traffic flow - standard adaptive signal timing in effect
EVT434547,2026-02-28 20:56:58,Local Market Day,J023,Basavanagudi,5357,Weekend,False,Clear,False,0.0,False,False,0.459,Moderate,25.2,37.0,141.1,0.099,0.229,0.971,Moderate traffic flow - standard adaptive signal timing in effect
EVT434548,2025-10-16 10:04:06,Local Market Day,J012,Koramangala Sony World,4003,Weekday,False,Clear,False,0.0,False,False,0.658,High,21.4,45.7,206.5,0.138,0.319,0.976,Moderate traffic flow - standard adaptive signal timing in effect
EVT434549,2025-06-05 20:58:49,Local Market Day,J012,Koramangala Sony World,3433,Weekday,False,Clear,False,0.0,False,False,0.438,Moderate,26.7,30.3,217.4,0.181,0.419,0.971,Moderate traffic flow - standard adaptive signal timing in effect
EVT434550,2026-01-11 09:55:24,Political Rally,J040,City Market,14372,Weekend,False,Clear,False,0.0,False,False,0.827,Severe,14.3,63.0,271.3,0.142,0.328,0.934,Heavy congestion detected - signal timing extended and reroute suggested
EVT434551,2025-12-14 07:32:50,Local Market Day,J031,Cubbon Road,3148,Weekend,False,Clear,False,0.0,False,False,0.554,High,22.6,35.5,190.4,0.126,0.29,0.953,Moderate traffic flow - standard adaptive signal timing in effect
EVT434552,2025-08-14 12:20:22,Trade Fair,J030,MG Road,8679,Weekday,False,Clear,False,0.0,False,False,0.226,Low,33.9,14.1,91.1,0.079,0.183,0.963,Normal free-flow traffic - standard signal timing maintained
EVT434553,2025-02-23 16:38:27,Local Market Day,J012,Koramangala Sony World,3981,Weekend,False,Clear,False,0.0,False,False,0.625,High,18.7,46.0,189.5,0.115,0.266,0.952,Moderate traffic flow - standard adaptive signal timing in effect
EVT434554,2025-07-17 16:46:02,Local Market Day,J023,Basavanagudi,3636,Weekday,False,Heavy Rain,True,30.0,False,False,0.896,Severe,14.2,65.1,242.5,0.125,0.288,0.869,Heavy rain reducing visibility and grip - reduced speed and longer buffer advised
EVT434555,2025-11-07 17:46:20,Sports Fixture,J023,Basavanagudi,18191,Weekday,False,Clear,False,0.0,False,False,0.956,Severe,10.3,65.4,439.7,0.165,0.381,0.928,Heavy congestion detected - signal timing extended and reroute suggested
EVT434556,2026-03-21 07:32:27,Trade Fair,J030,MG Road,4204,Weekend,False,Light Rain,True,6.2,False,False,0.624,High,14.8,44.8,312.6,0.157,0.362,0.908,Heavy rain reducing visibility and grip - reduced speed and longer buffer advised
EVT434557,2026-02-05 15:55:15,Trade Fair,J031,Cubbon Road,7791,Weekday,False,Clear,False,0.0,False,False,0.484,Moderate,30.6,28.2,107.5,0.107,0.247,0.945,Moderate traffic flow - standard adaptive signal timing in effect
EVT434558,2025-06-19 14:44:02,Trade Fair,J011,Indiranagar 100ft Road,5804,Weekday,False,Clear,False,0.0,False,False,0.298,Low,30.7,25.8,125.4,0.116,0.267,0.959,Moderate traffic flow - standard adaptive signal timing in effect
EVT434559,2026-03-06 18:09:22,Sports Fixture,J009,Majestic,23067,Weekday,False,Clear,False,0.0,False,False,1.0,Severe,7.3,74.8,791.7,0.266,0.615,0.921,Heavy congestion detected - signal timing extended and reroute suggested
EVT434560,2026-02-13 14:27:16,Concert,J023,Basavanagudi,15811,Weekday,False,Clear,False,0.0,False,False,0.347,Low,33.0,24.3,179.3,0.154,0.356,0.938,Moderate traffic flow - standard adaptive signal timing in effect
EVT434561,2026-05-31 21:04:58,Trade Fair,J011,Indiranagar 100ft Road,8060,Weekend,False,Rain,True,8.5,False,False,0.538,Moderate,20.3,38.0,107.0,0.056,0.129,0.931,Light rain detected - minor speed reduction advised
EVT434562,2026-06-07 19:07:32,Local Market Day,J040,City Market,4215,Weekend,False,Clear,False,0.0,False,False,0.844,Severe,13.7,59.5,288.6,0.155,0.357,0.933,Heavy congestion detected - signal timing extended and reroute suggested
EVT434563,2025-07-23 08:52:55,Local Market Day,J023,Basavanagudi,3061,Weekday,False,Heavy Rain,True,26.6,False,False,1.0,Severe,6.7,73.1,627.7,0.194,0.448,0.857,Heavy rain reducing visibility and grip - reduced speed and longer buffer advised
EVT434564,2025-02-20 10:41:00,Sports Fixture,J030,MG Road,16646,Weekday,False,Clear,False,0.0,False,False,0.597,High,19.8,42.2,147.3,0.073,0.168,0.966,Moderate traffic flow - standard adaptive signal timing in effect
EVT434565,2026-01-28 06:42:40,Local Market Day,J040,City Market,2895,Weekday,False,Clear,False,0.0,False,False,0.312,Low,32.8,20.7,140.8,0.12,0.278,0.976,Moderate traffic flow - standard adaptive signal timing in effect
EVT434566,2025-03-15 08:27:04,Fireworks Display,J020,Malleshwaram Circle,25111,Weekend,True,Clear,False,0.0,False,False,1.0,Severe,6.3,72.5,789.3,0.207,0.477,0.862,Festival crowd surge detected - alternate route and extended cycle recommended
EVT434567,2026-05-29 08:52:15,Local Market Day,J030,MG Road,3617,Weekday,False,Clear,False,0.0,False,False,1.0,Severe,7.3,71.6,696.5,0.23,0.53,0.923,Heavy congestion detected - signal timing extended and reroute suggested
EVT434568,2025-09-13 08:19:15,Concert,J012,Koramangala Sony World,16444,Weekend,False,Rain,True,20.1,False,False,1.0,Severe,8.5,65.9,565.5,0.199,0.459,0.87,Heavy rain reducing visibility and grip - reduced speed and longer buffer advised
EVT434569,2025-07-09 09:58:50,Trade Fair,J012,Koramangala Sony World,12754,Weekday,False,Clear,False,0.0,False,False,0.802,Severe,15.9,55.9,286.9,0.17,0.392,0.981,Heavy congestion detected - signal timing extended and reroute suggested
EVT434570,2025-01-19 08:28:16,Sports Fixture,J011,Indiranagar 100ft Road,20509,Weekend,False,Clear,False,0.0,False,False,0.946,Severe,11.9,70.3,224.6,0.11,0.255,0.934,Heavy congestion detected - signal timing extended and reroute suggested
EVT434571,2025-03-10 09:57:24,Political Rally,J012,Koramangala Sony World,31201,Weekday,False,Clear,False,0.0,False,False,0.993,Severe,9.5,75.6,812.0,0.263,0.607,0.905,Heavy congestion detected - signal timing extended and reroute suggested
EVT434572,2025-04-24 17:10:11,Sports Fixture,J040,City Market,33676,Weekday,False,Clear,False,0.0,False,False,0.996,Severe,7.4,67.1,599.2,0.171,0.396,0.907,Heavy congestion detected - signal timing extended and reroute suggested
EVT434573,2025-10-10 21:19:44,Local Market Day,J011,Indiranagar 100ft Road,2755,Weekday,False,Clear,False,0.0,False,False,0.34,Low,28.5,24.4,206.5,0.176,0.406,0.951,Moderate traffic flow - standard adaptive signal timing in effect
EVT434574,2025-06-20 11:27:56,Local Market Day,J011,Indiranagar 100ft Road,3659,Weekday,False,Heavy Rain,True,40.9,False,False,0.623,High,21.3,41.0,294.7,0.2,0.462,0.915,Heavy rain reducing visibility and grip - reduced speed and longer buffer advised
EVT434575,2025-04-07 22:20:00,Religious Festival,J040,City Market,23894,Weekday,True,Clear,False,0.0,False,False,0.525,Moderate,24.1,33.7,138.9,0.114,0.264,0.942,Festival crowd surge detected - alternate route and extended cycle recommended
EVT434576,2025-06-01 06:16:12,Local Market Day,J023,Basavanagudi,1809,Weekend,False,Heavy Rain,True,36.1,False,False,0.677,High,19.5,45.2,249.5,0.17,0.394,0.906,Heavy rain reducing visibility and grip - reduced speed and longer buffer advised
EVT434577,2025-08-20 15:15:59,Concert,J009,Majestic,11052,Weekday,False,Clear,False,0.0,False,False,0.332,Low,33.9,24.7,103.2,0.1,0.231,0.954,Moderate traffic flow - standard adaptive signal timing in effect
EVT434578,2025-03-21 21:59:41,Local Market Day,J011,Indiranagar 100ft Road,3473,Weekday,False,Clear,False,0.0,False,False,0.184,Low,40.6,14.2,100.0,0.11,0.253,0.953,Normal free-flow traffic - standard signal timing maintained
EVT434579,2025-05-08 18:36:31,Sports Fixture,J009,Majestic,27004,Weekday,False,Clear,False,0.0,False,False,1.0,Severe,7.7,71.5,980.3,0.282,0.651,0.914,Heavy congestion detected - signal timing extended and reroute suggested
EVT434580,2025-05-17 10:55:38,Concert,J030,MG Road,13298,Weekend,False,Clear,False,0.0,False,False,0.539,Moderate,23.5,38.3,245.2,0.177,0.409,0.961,Moderate traffic flow - standard adaptive signal timing in effect
EVT434581,2025-08-13 17:17:22,Local Market Day,J009,Majestic,4272,Weekday,False,Fog,False,0.0,False,False,0.858,Severe,14.4,62.4,345.5,0.206,0.475,0.943,Heavy congestion detected - signal timing extended and reroute suggested
EVT434582,2025-12-25 21:08:59,Religious Festival,J009,Majestic,40732,Weekday,True,Clear,False,0.0,False,True,0.967,Severe,9.2,90.1,454.3,0.183,0.423,0.848,Road closure for event/procession - full detour recommended for through-traffic
EVT434583,2025-06-26 19:09:37,Trade Fair,J011,Indiranagar 100ft Road,9639,Weekday,False,Rain,True,8.1,False,False,1.0,Severe,7.6,73.7,837.5,0.253,0.585,0.844,Heavy rain reducing visibility and grip - reduced speed and longer buffer advised
EVT434584,2026-06-16 18:51:03,Sports Fixture,J030,MG Road,26787,Weekday,False,Rain,True,22.6,False,False,1.0,Severe,8.3,67.0,757.5,0.239,0.553,0.868,Heavy rain reducing visibility and grip - reduced speed and longer buffer advised
EVT434585,2025-12-30 09:39:53,Local Market Day,J040,City Market,3858,Weekday,False,Clear,False,0.0,False,False,0.866,Severe,13.1,62.4,297.8,0.134,0.31,0.956,Heavy congestion detected - signal timing extended and reroute suggested
EVT434586,2026-03-04 09:28:46,Religious Festival,J023,Basavanagudi,46232,Weekday,True,Clear,False,0.0,False,False,1.0,Severe,9.8,63.3,334.4,0.142,0.329,0.87,Festival crowd surge detected - alternate route and extended cycle recommended
EVT434587,2025-10-02 14:54:14,Fireworks Display,J009,Majestic,15776,Weekday,True,Heavy Rain,True,35.4,False,False,0.864,Severe,13.3,61.7,418.2,0.197,0.455,0.829,Festival crowd surge detected - alternate route and extended cycle recommended
EVT434588,2026-05-23 04:05:17,Political Rally,J020,Malleshwaram Circle,18062,Weekend,False,Light Rain,True,3.6,False,False,0.391,Moderate,24.5,27.3,182.5,0.133,0.306,0.933,Light rain detected - minor speed reduction advised
EVT434589,2026-02-21 07:46:58,Concert,J020,Malleshwaram Circle,13762,Weekend,False,Clear,False,0.0,False,False,0.719,High,17.2,50.1,190.4,0.114,0.262,0.982,Moderate traffic flow - standard adaptive signal timing in effect
EVT434590,2025-08-17 11:43:32,Local Market Day,J011,Indiranagar 100ft Road,2313,Weekend,False,Rain,True,13.2,False,False,0.477,Moderate,25.9,32.8,226.7,0.15,0.346,0.912,Light rain detected - minor speed reduction advised
EVT434591,2025-03-22 20:16:53,Local Market Day,J009,Majestic,2524,Weekend,False,Clear,False,0.0,False,False,0.55,Moderate,23.6,45.5,205.4,0.162,0.374,0.956,Moderate traffic flow - standard adaptive signal timing in effect
EVT434592,2025-08-05 07:16:49,Trade Fair,J011,Indiranagar 100ft Road,11149,Weekday,False,Clear,False,0.0,False,False,0.622,High,21.4,45.4,375.4,0.227,0.525,0.971,Moderate traffic flow - standard adaptive signal timing in effect
EVT434593,2025-06-04 13:12:27,Sports Fixture,J020,Malleshwaram Circle,24115,Weekday,False,Clear,False,0.0,False,False,0.296,Low,29.6,16.4,158.2,0.127,0.294,0.96,Moderate traffic flow - standard adaptive signal timing in effect
EVT434594,2025-07-03 17:28:00,Local Market Day,J012,Koramangala Sony World,1939,Weekday,False,Heavy Rain,True,31.0,False,False,1.0,Severe,8.0,72.5,435.0,0.152,0.35,0.852,Heavy rain reducing visibility and grip - reduced speed and longer buffer advised
EVT434595,2025-11-06 08:27:00,Concert,J012,Koramangala Sony World,18302,Weekday,False,Clear,False,0.0,False,False,1.0,Severe,9.7,74.5,514.0,0.198,0.457,0.933,Heavy congestion detected - signal timing extended and reroute suggested
EVT434596,2025-06-29 08:55:38,Political Rally,J030,MG Road,14854,Weekend,False,Clear,False,0.0,False,False,1.0,Severe,7.3,72.1,459.6,0.166,0.382,0.934,Heavy congestion detected - signal timing extended and reroute suggested
EVT434597,2025-10-20 09:30:17,Cultural Procession,J009,Majestic,13245,Weekday,True,Heavy Rain,True,25.1,False,True,1.0,Severe,8.4,100.8,390.5,0.144,0.333,0.796,Road closure for event/procession - full detour recommended for through-traffic
EVT434598,2025-10-09 20:25:47,Trade Fair,J020,Malleshwaram Circle,7685,Weekday,False,Light Rain,True,2.3,False,False,0.731,High,16.2,46.4,266.5,0.142,0.328,0.939,Heavy rain reducing visibility and grip - reduced speed and longer buffer advised
EVT434599,2026-03-30 10:15:34,Concert,J012,Koramangala Sony World,11317,Weekday,False,Clear,False,0.0,False,False,0.769,Severe,14.9,61.5,400.3,0.191,0.441,0.963,Heavy congestion detected - signal timing extended and reroute suggested
EVT434600,2025-07-11 16:40:39,Concert,J040,City Market,13505,Weekday,False,Clear,False,0.0,False,False,0.663,High,21.3,48.0,179.9,0.119,0.274,0.946,Moderate traffic flow - standard adaptive signal timing in effect
EVT434601,2025-11-17 14:16:33,Local Market Day,J009,Majestic,3216,Weekday,False,Clear,False,0.0,False,False,0.133,Low,34.5,16.0,136.5,0.117,0.27,0.965,Normal free-flow traffic - standard signal timing maintained
EVT434602,2025-06-22 17:45:36,Sports Fixture,J020,Malleshwaram Circle,21096,Weekend,False,Heavy Rain,True,34.7,False,False,1.0,Severe,7.3,71.1,779.2,0.24,0.554,0.843,Heavy rain reducing visibility and grip - reduced speed and longer buffer advised
EVT434603,2025-10-13 13:19:42,Trade Fair,J040,City Market,12900,Weekday,False,Clear,False,0.0,False,False,0.239,Low,27.7,17.8,130.2,0.108,0.25,0.959,Normal free-flow traffic - standard signal timing maintained
EVT434604,2025-01-14 16:39:15,Religious Festival,J012,Koramangala Sony World,44145,Weekday,True,Clear,False,0.0,False,False,1.0,Severe,7.8,74.9,1098.6,0.343,0.792,0.882,Festival crowd surge detected - alternate route and extended cycle recommended
EVT434605,2026-04-02 13:40:46,Local Market Day,J012,Koramangala Sony World,4783,Weekday,False,Fog,False,0.0,False,False,0.243,Low,41.0,14.9,144.7,0.153,0.353,0.959,Normal free-flow traffic - standard signal timing maintained
EVT434606,2025-09-08 06:25:53,Concert,J030,MG Road,12179,Weekday,False,Rain,True,16.5,False,False,0.548,Moderate,21.5,44.7,149.8,0.093,0.214,0.901,Light rain detected - minor speed reduction advised
EVT434607,2025-04-23 14:33:55,Local Market Day,J040,City Market,5068,Weekday,False,Clear,False,0.0,False,False,0.268,Low,36.9,18.4,142.9,0.132,0.304,0.99,Moderate traffic flow - standard adaptive signal timing in effect
EVT434608,2025-03-27 14:42:36,Local Market Day,J030,MG Road,2293,Weekday,False,Clear,False,0.0,False,False,0.218,Low,34.6,8.9,106.0,0.087,0.2,0.986,Normal free-flow traffic - standard signal timing maintained
EVT434609,2025-09-21 10:26:03,Local Market Day,J011,Indiranagar 100ft Road,5601,Weekend,False,Clear,False,0.0,False,False,0.61,High,22.3,50.7,254.3,0.183,0.422,0.944,Moderate traffic flow - standard adaptive signal timing in effect
EVT434610,2026-02-24 15:57:26,Sports Fixture,J023,Basavanagudi,17095,Weekday,False,Fog,False,0.0,False,False,0.434,Moderate,27.0,30.2,180.7,0.124,0.286,0.952,Moderate traffic flow - standard adaptive signal timing in effect
EVT434611,2025-08-14 05:51:15,Local Market Day,J023,Basavanagudi,2578,Weekday,False,Rain,True,21.4,False,False,0.456,Moderate,24.8,30.4,109.2,0.049,0.114,0.915,Light rain detected - minor speed reduction advised
EVT434612,2026-05-07 07:20:02,Local Market Day,J030,MG Road,5920,Weekday,False,Fog,False,0.0,False,False,0.628,High,22.1,40.5,250.1,0.183,0.422,0.977,Moderate traffic flow - standard adaptive signal timing in effect
EVT434613,2025-07-09 14:15:59,Trade Fair,J011,Indiranagar 100ft Road,7608,Weekday,False,Rain,True,21.6,False,False,0.445,Moderate,22.2,31.2,265.8,0.158,0.365,0.922,Light rain detected - minor speed reduction advised
EVT434614,2025-04-25 06:01:25,Concert,J009,Majestic,10335,Weekday,False,Clear,False,0.0,False,False,0.271,Low,26.8,15.8,188.9,0.143,0.33,0.953,Moderate traffic flow - standard adaptive signal timing in effect
EVT434615,2025-10-21 13:44:36,Religious Festival,J030,MG Road,46386,Weekday,True,Clear,False,0.0,False,True,0.811,High,14.4,78.2,347.3,0.184,0.426,0.867,Road closure for event/procession - full detour recommended for through-traffic
EVT434616,2025-08-17 06:37:39,Trade Fair,J020,Malleshwaram Circle,11961,Weekend,False,Rain,True,17.1,False,False,0.559,High,25.3,37.5,226.5,0.159,0.368,0.907,Heavy rain reducing visibility and grip - reduced speed and longer buffer advised
EVT434617,2026-05-04 22:35:10,Local Market Day,J020,Malleshwaram Circle,5459,Weekday,False,Clear,False,0.0,False,False,0.163,Low,40.4,10.2,150.5,0.155,0.358,0.965,Normal free-flow traffic - standard signal timing maintained
EVT434618,2025-06-17 10:59:27,Sports Fixture,J009,Majestic,22862,Weekday,False,Clear,False,0.0,False,False,0.491,Moderate,25.1,35.5,181.4,0.134,0.31,0.99,Moderate traffic flow - standard adaptive signal timing in effect
EVT434619,2025-05-23 18:09:31,Trade Fair,J011,Indiranagar 100ft Road,11614,Weekday,False,Clear,False,0.0,False,False,1.0,Severe,7.2,75.5,480.3,0.15,0.347,0.924,Heavy congestion detected - signal timing extended and reroute suggested
EVT434620,2025-08-28 06:28:50,Religious Festival,J040,City Market,45930,Weekday,True,Light Rain,True,7.1,False,False,0.839,Severe,17.1,56.5,258.4,0.156,0.36,0.834,Festival crowd surge detected - alternate route and extended cycle recommended
EVT434621,2026-02-25 19:48:13,Trade Fair,J012,Koramangala Sony World,8438,Weekday,False,Clear,False,0.0,False,False,0.893,Severe,11.6,64.9,346.5,0.158,0.364,0.94,Heavy congestion detected - signal timing extended and reroute suggested
EVT434622,2025-04-13 17:45:09,Trade Fair,J011,Indiranagar 100ft Road,12988,Weekend,False,Clear,False,0.0,False,False,0.897,Severe,13.0,66.8,487.0,0.23,0.531,0.944,Heavy congestion detected - signal timing extended and reroute suggested
EVT434623,2026-05-27 08:00:21,Local Market Day,J011,Indiranagar 100ft Road,6439,Weekday,False,Clear,False,0.0,False,False,0.772,Severe,17.8,58.3,251.9,0.161,0.372,0.974,Heavy congestion detected - signal timing extended and reroute suggested
EVT434624,2025-10-06 12:00:00,Trade Fair,J009,Majestic,8397,Weekday,False,Clear,False,0.0,False,False,0.209,Low,32.7,14.5,113.5,0.104,0.24,0.978,Normal free-flow traffic - standard signal timing maintained
EVT434625,2025-11-27 18:30:07,Local Market Day,J020,Malleshwaram Circle,2740,Weekday,False,Clear,False,0.0,False,False,1.0,Severe,9.2,73.5,715.1,0.274,0.634,0.91,Heavy congestion detected - signal timing extended and reroute suggested
EVT434626,2025-03-31 09:03:14,Cultural Procession,J031,Cubbon Road,19431,Weekday,True,Clear,False,0.0,False,False,1.0,Severe,7.5,72.5,558.3,0.176,0.406,0.87,Festival crowd surge detected - alternate route and extended cycle recommended
EVT434627,2025-11-27 13:10:00,Sports Fixture,J031,Cubbon Road,26972,Weekday,False,Clear,False,0.0,False,False,0.277,Low,28.3,21.2,190.8,0.139,0.322,0.961,Moderate traffic flow - standard adaptive signal timing in effect
EVT434628,2026-01-10 11:02:01,Sports Fixture,J040,City Market,30222,Weekend,False,Clear,False,0.0,False,False,0.5,Moderate,23.5,35.4,177.0,0.131,0.303,0.936,Moderate traffic flow - standard adaptive signal timing in effect
EVT434629,2025-05-22 08:02:16,Concert,J020,Malleshwaram Circle,13718,Weekday,False,Clear,False,0.0,False,False,0.859,Severe,12.5,61.0,365.7,0.163,0.376,0.945,Heavy congestion detected - signal timing extended and reroute suggested
EVT434630,2026-01-23 20:45:22,Concert,J040,City Market,10960,Weekday,False,Clear,False,0.0,False,False,0.595,High,25.9,46.7,184.9,0.133,0.308,0.98,Moderate traffic flow - standard adaptive signal timing in effect
EVT434631,2025-03-22 18:58:41,Political Rally,J012,Koramangala Sony World,20794,Weekend,False,Clear,False,0.0,False,False,0.882,Severe,11.0,58.6,452.4,0.2,0.461,0.928,Heavy congestion detected - signal timing extended and reroute suggested
EVT434632,2025-09-08 12:57:44,Sports Fixture,J040,City Market,15493,Weekday,False,Clear,False,0.0,False,False,0.238,Low,31.5,11.4,167.8,0.144,0.333,0.973,Normal free-flow traffic - standard signal timing maintained
EVT434633,2025-09-10 17:37:55,Concert,J011,Indiranagar 100ft Road,20326,Weekday,False,Clear,False,0.0,False,False,0.993,Severe,8.9,65.6,437.5,0.155,0.359,0.875,Heavy congestion detected - signal timing extended and reroute suggested
EVT434634,2025-01-23 15:38:40,Sports Fixture,J031,Cubbon Road,12735,Weekday,False,Clear,False,0.0,False,False,0.394,Moderate,33.2,28.6,116.4,0.102,0.235,0.968,Moderate traffic flow - standard adaptive signal timing in effect
EVT434635,2026-04-07 10:50:11,Local Market Day,J023,Basavanagudi,4776,Weekday,False,Clear,False,0.0,False,False,0.502,Moderate,23.0,38.8,213.1,0.146,0.337,0.957,Moderate traffic flow - standard adaptive signal timing in effect
EVT434636,2026-06-22 04:45:27,Sports Fixture,J020,Malleshwaram Circle,19286,Weekday,False,Clear,False,0.0,False,False,0.317,Low,35.8,22.9,65.5,0.068,0.157,0.962,Moderate traffic flow - standard adaptive signal timing in effect
EVT434637,2025-11-24 11:03:42,Sports Fixture,J023,Basavanagudi,45287,Weekday,False,Clear,False,0.0,False,False,0.658,High,15.5,51.5,307.6,0.16,0.369,0.954,Moderate traffic flow - standard adaptive signal timing in effect
EVT434638,2025-12-24 16:50:42,Trade Fair,J040,City Market,9708,Weekday,False,Fog,False,0.0,False,False,0.718,High,14.5,53.4,219.9,0.101,0.234,0.974,Moderate traffic flow - standard adaptive signal timing in effect
EVT434639,2025-07-25 10:57:24,Concert,J040,City Market,6950,Weekday,False,Heavy Rain,True,36.8,False,False,0.777,Severe,18.4,49.4,171.0,0.097,0.224,0.903,Heavy rain reducing visibility and grip - reduced speed and longer buffer advised
EVT434640,2025-11-24 01:25:13,Political Rally,J031,Cubbon Road,12725,Weekday,False,Clear,False,0.0,False,False,0.219,Low,22.9,19.3,127.3,0.097,0.225,0.965,Normal free-flow traffic - standard signal timing maintained
EVT434641,2026-05-14 16:32:43,Trade Fair,J009,Majestic,7558,Weekday,False,Clear,False,0.0,False,False,0.601,High,20.9,42.5,269.5,0.196,0.453,0.99,Moderate traffic flow - standard adaptive signal timing in effect
EVT434642,2026-04-04 07:39:55,Sports Fixture,J020,Malleshwaram Circle,34167,Weekend,False,Clear,False,0.0,False,False,0.751,Severe,18.6,55.3,346.3,0.227,0.524,0.961,Heavy congestion detected - signal timing extended and reroute suggested
EVT434643,2026-04-26 18:23:14,Local Market Day,J031,Cubbon Road,3348,Weekend,False,Clear,False,0.0,False,False,0.833,Severe,12.2,50.7,436.5,0.182,0.419,0.933,Heavy congestion detected - signal timing extended and reroute suggested
EVT434644,2025-06-10 11:02:37,Trade Fair,J011,Indiranagar 100ft Road,6918,Weekday,False,Rain,True,16.0,False,False,0.68,High,16.0,47.2,186.5,0.104,0.241,0.912,Heavy rain reducing visibility and grip - reduced speed and longer buffer advised
EVT434645,2025-12-24 19:44:52,Trade Fair,J040,City Market,10027,Weekday,False,Clear,False,0.0,False,False,0.81,Severe,15.4,56.0,332.2,0.19,0.438,0.921,Heavy congestion detected - signal timing extended and reroute suggested
EVT434646,2025-03-05 20:11:03,Local Market Day,J012,Koramangala Sony World,7960,Weekday,False,Clear,False,0.0,False,False,0.593,High,19.6,41.8,126.3,0.094,0.216,0.972,Moderate traffic flow - standard adaptive signal timing in effect
EVT434647,2025-03-14 08:10:44,Religious Festival,J040,City Market,30894,Weekday,True,Clear,False,0.0,False,True,1.0,Severe,7.4,91.5,314.0,0.125,0.29,0.841,Road closure for event/procession - full detour recommended for through-traffic
EVT434648,2025-02-03 17:02:42,Sports Fixture,J040,City Market,16124,Weekday,False,Clear,False,0.0,False,False,0.846,Severe,12.5,54.1,543.6,0.261,0.602,0.938,Heavy congestion detected - signal timing extended and reroute suggested
EVT434649,2025-05-21 09:38:16,Concert,J009,Majestic,18926,Weekday,False,Clear,False,0.0,False,False,1.0,Severe,8.2,75.9,499.3,0.166,0.383,0.933,Heavy congestion detected - signal timing extended and reroute suggested
EVT434650,2026-05-30 08:44:49,Local Market Day,J023,Basavanagudi,4202,Weekend,False,Clear,False,0.0,False,False,0.808,Severe,17.4,60.0,259.4,0.165,0.382,0.955,Heavy congestion detected - signal timing extended and reroute suggested
EVT434651,2025-01-20 09:17:02,Political Rally,J031,Cubbon Road,7886,Weekday,False,Clear,False,0.0,False,False,1.0,Severe,9.1,73.9,600.4,0.223,0.515,0.922,Heavy congestion detected - signal timing extended and reroute suggested
EVT434652,2026-01-10 12:58:41,Concert,J011,Indiranagar 100ft Road,9168,Weekend,False,Clear,False,0.0,False,False,0.27,Low,24.8,20.1,62.4,0.032,0.075,0.953,Moderate traffic flow - standard adaptive signal timing in effect
EVT434653,2025-02-01 18:13:02,Local Market Day,J023,Basavanagudi,2161,Weekend,False,Clear,False,0.0,False,False,0.843,Severe,14.6,60.5,322.3,0.168,0.389,0.954,Heavy congestion detected - signal timing extended and reroute suggested
EVT434654,2025-09-19 12:20:45,Sports Fixture,J020,Malleshwaram Circle,50395,Weekday,False,Clear,False,0.0,False,False,0.482,Moderate,23.0,33.1,156.5,0.103,0.239,0.967,Moderate traffic flow - standard adaptive signal timing in effect
EVT434655,2025-04-11 10:47:38,Sports Fixture,J009,Majestic,17495,Weekday,False,Clear,False,0.0,False,False,0.542,Moderate,25.5,39.5,197.4,0.158,0.366,0.946,Moderate traffic flow - standard adaptive signal timing in effect
EVT434656,2025-11-06 19:18:04,Sports Fixture,J040,City Market,18703,Weekday,False,Clear,False,0.0,False,False,0.986,Severe,8.2,76.2,460.1,0.156,0.361,0.892,Heavy congestion detected - signal timing extended and reroute suggested
EVT434657,2026-02-17 19:02:12,Trade Fair,J009,Majestic,12465,Weekday,False,Clear,False,0.0,False,False,0.952,Severe,10.7,66.8,305.5,0.11,0.254,0.952,Heavy congestion detected - signal timing extended and reroute suggested
EVT434658,2025-09-15 16:20:57,Sports Fixture,J012,Koramangala Sony World,43944,Weekday,False,Clear,False,0.0,False,False,0.722,High,21.0,51.0,354.5,0.258,0.597,0.959,Moderate traffic flow - standard adaptive signal timing in effect
EVT434659,2025-02-20 17:02:30,Concert,J040,City Market,10929,Weekday,False,Clear,False,0.0,False,False,0.749,High,15.2,63.2,387.3,0.21,0.484,0.936,Moderate traffic flow - standard adaptive signal timing in effect
EVT434660,2025-01-08 08:09:13,Sports Fixture,J023,Basavanagudi,18502,Weekday,False,Clear,False,0.0,False,False,0.977,Severe,7.6,67.6,432.0,0.135,0.312,0.908,Heavy congestion detected - signal timing extended and reroute suggested
EVT434661,2025-12-13 14:52:30,Local Market Day,J030,MG Road,1965,Weekend,False,Light Rain,True,0.9,False,False,0.359,Moderate,25.7,24.2,200.9,0.15,0.346,0.895,Light rain detected - minor speed reduction advised
EVT434662,2025-11-21 10:18:12,Concert,J023,Basavanagudi,17020,Weekday,False,Clear,False,0.0,False,False,0.718,High,19.8,52.4,234.0,0.145,0.335,0.946,Moderate traffic flow - standard adaptive signal timing in effect
EVT434663,2025-08-22 14:14:16,Trade Fair,J031,Cubbon Road,6389,Weekday,False,Rain,True,21.0,False,False,0.461,Moderate,26.8,31.4,312.9,0.256,0.592,0.921,Light rain detected - minor speed reduction advised
EVT434664,2026-03-15 16:45:58,Sports Fixture,J030,MG Road,20243,Weekend,False,Fog,False,0.0,False,False,0.648,High,16.5,51.8,370.2,0.219,0.505,0.956,Moderate traffic flow - standard adaptive signal timing in effect
EVT434665,2025-04-21 17:07:33,Sports Fixture,J009,Majestic,26117,Weekday,False,Rain,True,8.7,False,False,1.0,Severe,7.7,70.9,414.6,0.132,0.305,0.884,Heavy rain reducing visibility and grip - reduced speed and longer buffer advised
EVT434666,2026-02-27 18:46:01,Trade Fair,J031,Cubbon Road,10569,Weekday,False,Clear,False,0.0,False,False,1.0,Severe,9.1,70.3,650.5,0.238,0.549,0.932,Heavy congestion detected - signal timing extended and reroute suggested
EVT434667,2025-10-21 07:05:10,Religious Festival,J031,Cubbon Road,73814,Weekday,True,Clear,False,0.0,False,True,1.0,Severe,8.5,102.7,600.4,0.227,0.523,0.848,Road closure for event/procession - full detour recommended for through-traffic
EVT434668,2025-05-19 21:20:52,Political Rally,J040,City Market,12763,Weekday,False,Light Rain,True,5.0,False,False,0.472,Moderate,26.0,35.9,168.1,0.123,0.285,0.942,Light rain detected - minor speed reduction advised
EVT434669,2025-04-15 08:06:10,Fireworks Display,J012,Koramangala Sony World,37264,Weekday,True,Light Rain,True,3.6,False,False,1.0,Severe,8.8,72.0,586.3,0.19,0.439,0.806,Festival crowd surge detected - alternate route and extended cycle recommended
EVT434670,2026-05-07 18:23:26,Sports Fixture,J012,Koramangala Sony World,15814,Weekday,False,Heavy Rain,True,54.4,False,False,1.0,Severe,8.6,72.8,471.6,0.172,0.397,0.831,Heavy rain reducing visibility and grip - reduced speed and longer buffer advised
EVT434671,2025-02-20 21:45:21,Sports Fixture,J040,City Market,23874,Weekday,False,Clear,False,0.0,False,False,0.402,Moderate,22.7,26.3,111.0,0.064,0.148,0.973,Moderate traffic flow - standard adaptive signal timing in effect
EVT434672,2025-01-20 12:24:08,Local Market Day,J011,Indiranagar 100ft Road,3335,Weekday,False,Clear,False,0.0,False,False,0.227,Low,24.4,16.3,164.4,0.108,0.25,0.971,Normal free-flow traffic - standard signal timing maintained
EVT434673,2025-05-16 14:18:39,Local Market Day,J020,Malleshwaram Circle,5888,Weekday,False,Clear,False,0.0,False,False,0.235,Low,35.0,18.9,133.8,0.099,0.228,0.971,Normal free-flow traffic - standard signal timing maintained
EVT434674,2025-09-22 10:02:27,Concert,J023,Basavanagudi,7350,Weekday,False,Clear,False,0.0,False,False,0.791,Severe,13.8,55.1,270.3,0.135,0.313,0.981,Heavy congestion detected - signal timing extended and reroute suggested
EVT434675,2025-03-07 10:20:03,Concert,J040,City Market,12364,Weekday,False,Clear,False,0.0,False,False,0.714,High,19.5,53.4,184.8,0.116,0.269,0.968,Moderate traffic flow - standard adaptive signal timing in effect
EVT434676,2026-06-25 19:12:43,Local Market Day,J023,Basavanagudi,3594,Weekday,False,Heavy Rain,True,25.8,False,False,1.0,Severe,6.9,66.9,1053.2,0.291,0.672,0.855,Heavy rain reducing visibility and grip - reduced speed and longer buffer advised
EVT434677,2025-04-12 21:02:56,Local Market Day,J011,Indiranagar 100ft Road,5289,Weekend,False,Rain,True,17.0,False,False,0.671,High,12.5,45.2,515.6,0.223,0.514,0.913,Heavy rain reducing visibility and grip - reduced speed and longer buffer advised
EVT434678,2026-04-12 18:49:30,Local Market Day,J012,Koramangala Sony World,3954,Weekend,False,Clear,False,0.0,False,False,0.964,Severe,9.2,68.3,336.8,0.154,0.356,0.926,Heavy congestion detected - signal timing extended and reroute suggested
EVT434679,2025-05-17 14:36:32,Sports Fixture,J011,Indiranagar 100ft Road,16932,Weekend,False,Clear,False,0.0,False,False,0.444,Moderate,26.6,31.6,158.8,0.131,0.304,0.965,Moderate traffic flow - standard adaptive signal timing in effect
EVT434680,2025-08-26 18:22:58,Local Market Day,J023,Basavanagudi,4084,Weekday,False,Heavy Rain,True,27.5,False,False,1.0,Severe,7.4,66.1,872.4,0.243,0.561,0.877,Heavy rain reducing visibility and grip - reduced speed and longer buffer advised
EVT434681,2025-03-17 13:02:04,Concert,J031,Cubbon Road,8122,Weekday,False,Clear,False,0.0,False,False,0.204,Low,33.2,12.4,210.3,0.183,0.422,0.948,Normal free-flow traffic - standard signal timing maintained
EVT434682,2025-05-21 20:29:34,Sports Fixture,J031,Cubbon Road,16813,Weekday,False,Clear,False,0.0,False,False,0.612,High,19.7,46.3,173.5,0.108,0.248,0.981,Moderate traffic flow - standard adaptive signal timing in effect
EVT434683,2026-06-25 19:08:45,Local Market Day,J030,MG Road,4585,Weekday,False,Heavy Rain,True,31.2,False,False,1.0,Severe,8.4,73.8,682.9,0.249,0.575,0.875,Heavy rain reducing visibility and grip - reduced speed and longer buffer advised
EVT434684,2026-05-12 11:22:05,Local Market Day,J023,Basavanagudi,3292,Weekday,False,Clear,False,0.0,False,False,0.346,Low,30.0,17.3,120.6,0.083,0.191,0.932,Moderate traffic flow - standard adaptive signal timing in effect
EVT434685,2025-08-02 18:30:18,Sports Fixture,J031,Cubbon Road,15509,Weekend,False,Clear,False,0.0,False,False,0.922,Severe,13.3,62.8,263.0,0.139,0.322,0.924,Heavy congestion detected - signal timing extended and reroute suggested
EVT434686,2026-04-12 09:49:42,Trade Fair,J011,Indiranagar 100ft Road,9911,Weekend,False,Clear,False,0.0,False,False,0.796,Severe,13.3,50.6,240.0,0.12,0.278,0.937,Heavy congestion detected - signal timing extended and reroute suggested
EVT434687,2026-06-17 12:08:35,Political Rally,J012,Koramangala Sony World,16257,Weekday,False,Clear,False,0.0,False,False,0.348,Low,30.3,24.2,201.9,0.167,0.385,0.972,Moderate traffic flow - standard adaptive signal timing in effect
EVT434688,2025-07-15 08:09:27,Political Rally,J009,Majestic,26141,Weekday,False,Rain,True,23.7,False,False,1.0,Severe,9.4,76.0,461.5,0.195,0.451,0.853,Heavy rain reducing visibility and grip - reduced speed and longer buffer advised
EVT434689,2025-06-29 19:42:39,Local Market Day,J023,Basavanagudi,6591,Weekend,False,Clear,False,0.0,False,False,0.68,High,18.0,44.0,225.6,0.139,0.321,0.967,Moderate traffic flow - standard adaptive signal timing in effect
EVT434690,2026-04-17 10:09:37,Trade Fair,J030,MG Road,10523,Weekday,False,Clear,False,0.0,False,False,0.838,Severe,11.0,66.3,492.6,0.204,0.472,0.929,Heavy congestion detected - signal timing extended and reroute suggested
EVT434691,2025-04-02 18:09:09,Concert,J031,Cubbon Road,9048,Weekday,False,Clear,False,0.0,False,False,1.0,Severe,9.6,70.4,541.4,0.206,0.476,0.904,Heavy congestion detected - signal timing extended and reroute suggested
EVT434692,2026-05-30 06:48:58,Political Rally,J009,Majestic,20303,Weekend,False,Clear,False,0.0,False,False,0.517,Moderate,27.8,36.0,93.8,0.062,0.142,0.949,Moderate traffic flow - standard adaptive signal timing in effect
EVT434693,2026-03-28 18:09:19,Local Market Day,J020,Malleshwaram Circle,4306,Weekend,False,Clear,False,0.0,False,False,0.924,Severe,10.5,61.7,367.5,0.14,0.324,0.909,Heavy congestion detected - signal timing extended and reroute suggested
EVT434694,2026-06-07 15:36:10,Trade Fair,J030,MG Road,11508,Weekend,False,Heavy Rain,True,123.9,False,False,0.797,Severe,15.4,55.5,408.6,0.23,0.531,0.895,Heavy rain reducing visibility and grip - reduced speed and longer buffer advised
EVT434695,2026-02-11 08:10:53,Sports Fixture,J030,MG Road,24714,Weekday,False,Clear,False,0.0,False,False,0.845,Severe,15.7,59.7,370.4,0.208,0.48,0.937,Heavy congestion detected - signal timing extended and reroute suggested
EVT434696,2025-04-20 12:35:51,Sports Fixture,J020,Malleshwaram Circle,28596,Weekend,False,Clear,False,0.0,False,False,0.377,Moderate,23.5,25.9,258.4,0.171,0.396,0.954,Moderate traffic flow - standard adaptive signal timing in effect
EVT434697,2025-12-16 10:28:29,Local Market Day,J031,Cubbon Road,5681,Weekday,False,Clear,False,0.0,False,False,0.721,High,21.8,53.0,224.4,0.153,0.355,0.946,Moderate traffic flow - standard adaptive signal timing in effect
EVT434698,2025-03-13 09:32:43,Trade Fair,J023,Basavanagudi,5556,Weekday,False,Clear,False,0.0,False,False,0.945,Severe,11.5,71.2,246.1,0.106,0.245,0.912,Heavy congestion detected - signal timing extended and reroute suggested
EVT434699,2026-02-07 09:28:22,Local Market Day,J009,Majestic,2717,Weekend,False,Clear,False,0.0,False,False,0.774,Severe,16.6,50.5,182.3,0.098,0.227,0.958,Heavy congestion detected - signal timing extended and reroute suggested
EVT434700,2025-10-07 07:38:30,Sports Fixture,J009,Majestic,14933,Weekday,False,Clear,False,0.0,False,False,0.726,High,18.8,46.4,255.8,0.159,0.368,0.939,Moderate traffic flow - standard adaptive signal timing in effect
EVT434701,2026-04-21 06:09:36,Local Market Day,J023,Basavanagudi,2453,Weekday,False,Clear,False,0.0,False,False,0.259,Low,31.6,13.7,99.5,0.08,0.186,0.973,Moderate traffic flow - standard adaptive signal timing in effect
EVT434702,2025-11-12 18:00:48,Local Market Day,J020,Malleshwaram Circle,8601,Weekday,False,Clear,False,0.0,False,False,1.0,Severe,9.8,69.0,555.4,0.226,0.523,0.931,Heavy congestion detected - signal timing extended and reroute suggested
EVT434703,2025-03-07 18:10:10,Local Market Day,J011,Indiranagar 100ft Road,2155,Weekday,False,Clear,False,0.0,False,False,1.0,Severe,8.2,73.8,551.1,0.184,0.425,0.915,Heavy congestion detected - signal timing extended and reroute suggested
EVT434704,2025-05-29 15:22:26,Sports Fixture,J031,Cubbon Road,26007,Weekday,False,Clear,False,0.0,False,False,0.43,Moderate,24.8,28.5,177.7,0.121,0.28,0.933,Moderate traffic flow - standard adaptive signal timing in effect
EVT434705,2026-05-22 17:40:57,Local Market Day,J023,Basavanagudi,3776,Weekday,False,Light Rain,True,4.8,False,False,0.979,Severe,7.3,65.4,480.1,0.156,0.361,0.892,Heavy rain reducing visibility and grip - reduced speed and longer buffer advised
EVT434706,2025-01-23 11:18:42,Sports Fixture,J040,City Market,21083,Weekday,False,Fog,False,0.0,False,False,0.45,Moderate,26.9,34.3,139.6,0.094,0.217,0.974,Moderate traffic flow - standard adaptive signal timing in effect
EVT434707,2025-04-24 07:17:11,Concert,J009,Majestic,13911,Weekday,False,Clear,False,0.0,False,False,0.575,High,25.0,41.3,206.5,0.182,0.42,0.948,Moderate traffic flow - standard adaptive signal timing in effect
EVT434708,2025-08-07 17:20:32,Local Market Day,J030,MG Road,2391,Weekday,False,Clear,False,0.0,False,False,0.803,Severe,14.1,56.0,283.9,0.149,0.345,0.968,Heavy congestion detected - signal timing extended and reroute suggested
EVT434709,2025-02-28 17:28:48,Trade Fair,J020,Malleshwaram Circle,16425,Weekday,False,Clear,False,0.0,False,False,0.882,Severe,14.0,63.6,537.0,0.273,0.631,0.943,Heavy congestion detected - signal timing extended and reroute suggested
EVT434710,2026-06-19 06:05:47,Local Market Day,J023,Basavanagudi,2777,Weekday,False,Light Rain,True,3.4,False,False,0.359,Moderate,29.8,32.2,160.9,0.117,0.27,0.915,Light rain detected - minor speed reduction advised
EVT434711,2026-04-07 08:15:20,Concert,J020,Malleshwaram Circle,8357,Weekday,False,Clear,False,0.0,False,False,0.901,Severe,13.1,72.4,470.6,0.232,0.536,0.934,Heavy congestion detected - signal timing extended and reroute suggested
EVT434712,2026-02-27 13:41:57,Concert,J011,Indiranagar 100ft Road,15345,Weekday,False,Clear,False,0.0,False,False,0.295,Low,20.1,25.1,200.4,0.109,0.251,0.985,Moderate traffic flow - standard adaptive signal timing in effect
EVT434713,2025-11-24 13:14:37,Concert,J011,Indiranagar 100ft Road,24505,Weekday,False,Clear,False,0.0,False,False,0.332,Low,29.5,25.1,154.5,0.125,0.289,0.953,Moderate traffic flow - standard adaptive signal timing in effect
EVT434714,2025-05-23 14:33:19,Sports Fixture,J023,Basavanagudi,23563,Weekday,False,Clear,False,0.0,False,False,0.34,Low,25.7,24.5,192.6,0.129,0.299,0.949,Moderate traffic flow - standard adaptive signal timing in effect
EVT434715,2025-03-29 14:14:24,Sports Fixture,J040,City Market,22506,Weekend,False,Clear,False,0.0,False,False,0.361,Moderate,29.4,22.9,170.5,0.129,0.298,0.947,Moderate traffic flow - standard adaptive signal timing in effect
EVT434716,2025-10-30 15:36:36,Sports Fixture,J023,Basavanagudi,20903,Weekday,False,Clear,False,0.0,False,False,0.433,Moderate,27.5,33.3,234.3,0.2,0.461,0.974,Moderate traffic flow - standard adaptive signal timing in effect
EVT434717,2025-04-23 15:05:06,Local Market Day,J030,MG Road,4286,Weekday,False,Clear,False,0.0,False,False,0.233,Low,39.8,15.7,135.5,0.119,0.275,0.939,Normal free-flow traffic - standard signal timing maintained
EVT434718,2026-01-21 07:48:23,Local Market Day,J011,Indiranagar 100ft Road,3733,Weekday,False,Clear,False,0.0,False,False,0.725,High,15.1,54.1,522.9,0.249,0.576,0.96,Moderate traffic flow - standard adaptive signal timing in effect
EVT434719,2026-05-02 19:03:07,Fireworks Display,J023,Basavanagudi,58067,Weekend,True,Clear,False,0.0,False,False,1.0,Severe,7.7,66.4,693.8,0.233,0.539,0.852,Festival crowd surge detected - alternate route and extended cycle recommended
EVT434720,2025-04-13 20:39:26,Local Market Day,J030,MG Road,5107,Weekend,False,Clear,False,0.0,False,False,0.415,Moderate,30.3,29.7,230.9,0.192,0.444,0.974,Moderate traffic flow - standard adaptive signal timing in effect
EVT434721,2026-01-20 15:42:23,Political Rally,J009,Majestic,14682,Weekday,False,Clear,False,0.0,False,False,0.458,Moderate,20.8,28.9,293.2,0.177,0.409,0.958,Moderate traffic flow - standard adaptive signal timing in effect
EVT434722,2026-05-28 07:33:01,Sports Fixture,J040,City Market,24752,Weekday,False,Clear,False,0.0,False,False,0.711,High,17.9,52.1,303.9,0.191,0.442,0.977,Moderate traffic flow - standard adaptive signal timing in effect
EVT434723,2025-05-29 19:11:15,Sports Fixture,J030,MG Road,11793,Weekday,False,Rain,True,7.8,False,False,1.0,Severe,8.5,73.2,200.3,0.098,0.226,0.839,Heavy rain reducing visibility and grip - reduced speed and longer buffer advised
EVT434724,2026-06-06 07:07:27,Local Market Day,J020,Malleshwaram Circle,9125,Weekend,False,Rain,True,20.8,False,False,0.752,Severe,15.5,52.5,371.0,0.223,0.515,0.931,Heavy rain reducing visibility and grip - reduced speed and longer buffer advised
EVT434725,2025-09-05 10:39:02,Fireworks Display,J020,Malleshwaram Circle,16246,Weekday,True,Heavy Rain,True,25.6,False,False,1.0,Severe,7.5,73.1,215.0,0.068,0.158,0.796,Festival crowd surge detected - alternate route and extended cycle recommended
EVT434726,2025-08-12 17:29:42,Concert,J023,Basavanagudi,18608,Weekday,False,Fog,False,0.0,False,False,0.959,Severe,8.8,67.7,487.6,0.186,0.43,0.939,Heavy congestion detected - signal timing extended and reroute suggested
EVT434727,2025-09-17 14:57:30,Trade Fair,J011,Indiranagar 100ft Road,12064,Weekday,False,Heavy Rain,True,39.1,False,False,0.573,High,21.6,39.6,240.6,0.174,0.403,0.916,Heavy rain reducing visibility and grip - reduced speed and longer buffer advised
EVT434728,2026-01-06 17:36:06,Local Market Day,J020,Malleshwaram Circle,5821,Weekday,False,Clear,False,0.0,False,False,0.863,Severe,14.1,62.9,369.3,0.205,0.473,0.989,Heavy congestion detected - signal timing extended and reroute suggested
EVT434729,2025-10-22 05:25:17,Cultural Procession,J023,Basavanagudi,15415,Weekday,True,Clear,False,0.0,False,True,0.678,Moderate,18.9,69.2,263.1,0.159,0.368,0.876,Road closure for event/procession - full detour recommended for through-traffic
EVT434730,2026-04-20 22:33:41,Local Market Day,J023,Basavanagudi,4885,Weekday,False,Clear,False,0.0,False,False,0.131,Low,37.3,6.5,109.3,0.099,0.229,0.99,Normal free-flow traffic - standard signal timing maintained
EVT434731,2025-05-25 07:39:59,Local Market Day,J011,Indiranagar 100ft Road,4880,Weekend,False,Heavy Rain,True,34.0,False,False,0.838,Severe,14.3,64.2,448.3,0.238,0.55,0.906,Heavy rain reducing visibility and grip - reduced speed and longer buffer advised
EVT434732,2025-09-06 08:28:08,Religious Festival,J031,Cubbon Road,43421,Weekend,True,Clear,False,0.0,False,True,1.0,Severe,7.9,102.4,525.7,0.187,0.432,0.833,Road closure for event/procession - full detour recommended for through-traffic
EVT434733,2025-09-12 19:10:37,Concert,J012,Koramangala Sony World,9687,Weekday,False,Clear,False,0.0,False,False,1.0,Severe,6.8,73.5,384.6,0.121,0.28,0.923,Heavy congestion detected - signal timing extended and reroute suggested
EVT434734,2026-03-03 22:30:27,Concert,J031,Cubbon Road,30750,Weekday,False,Clear,False,0.0,False,False,0.389,Moderate,30.6,33.1,165.0,0.154,0.356,0.94,Moderate traffic flow - standard adaptive signal timing in effect
EVT434735,2025-05-17 07:02:50,Local Market Day,J009,Majestic,6724,Weekend,False,Clear,False,0.0,False,False,0.454,Moderate,31.1,34.9,105.9,0.07,0.162,0.979,Moderate traffic flow - standard adaptive signal timing in effect
EVT434736,2026-01-31 08:54:50,Local Market Day,J012,Koramangala Sony World,2712,Weekend,False,Clear,False,0.0,False,False,0.918,Severe,11.9,61.3,344.4,0.145,0.336,0.912,Heavy congestion detected - signal timing extended and reroute suggested
EVT434737,2025-04-22 16:50:22,Concert,J040,City Market,13374,Weekday,False,Clear,False,0.0,False,False,0.686,High,13.0,48.5,366.6,0.175,0.404,0.965,Moderate traffic flow - standard adaptive signal timing in effect
EVT434738,2025-02-21 18:58:00,Concert,J020,Malleshwaram Circle,13438,Weekday,False,Clear,False,0.0,False,False,1.0,Severe,7.9,70.1,561.4,0.182,0.42,0.921,Heavy congestion detected - signal timing extended and reroute suggested
EVT434739,2025-01-27 07:36:02,Religious Festival,J023,Basavanagudi,53208,Weekday,True,Clear,False,0.0,False,True,1.0,Severe,9.8,100.6,564.1,0.231,0.533,0.845,Road closure for event/procession - full detour recommended for through-traffic
EVT434740,2025-10-10 17:14:31,Sports Fixture,J031,Cubbon Road,14761,Weekday,False,Clear,False,0.0,False,False,0.884,Severe,12.6,63.2,375.0,0.18,0.416,0.953,Heavy congestion detected - signal timing extended and reroute suggested
EVT434741,2025-02-03 13:49:32,Concert,J040,City Market,11471,Weekday,False,Clear,False,0.0,False,False,0.239,Low,33.3,16.4,167.8,0.162,0.375,0.945,Normal free-flow traffic - standard signal timing maintained
EVT434742,2025-01-22 08:00:54,Trade Fair,J040,City Market,10945,Weekday,False,Clear,False,0.0,False,False,0.854,Severe,14.8,61.1,345.3,0.183,0.422,0.983,Heavy congestion detected - signal timing extended and reroute suggested
EVT434743,2025-11-14 19:53:13,Local Market Day,J030,MG Road,4761,Weekday,False,Clear,False,0.0,False,False,0.777,Severe,11.2,57.2,389.9,0.178,0.412,0.947,Heavy congestion detected - signal timing extended and reroute suggested
EVT434744,2025-06-29 15:01:43,Trade Fair,J040,City Market,5994,Weekend,False,Clear,False,0.0,False,False,0.366,Moderate,31.9,23.6,129.0,0.114,0.262,0.975,Moderate traffic flow - standard adaptive signal timing in effect
EVT434745,2025-10-08 19:15:03,Sports Fixture,J030,MG Road,23361,Weekday,False,Clear,False,0.0,False,False,1.0,Severe,7.2,72.8,358.6,0.112,0.258,0.894,Heavy congestion detected - signal timing extended and reroute suggested
EVT434746,2025-07-11 19:06:18,Trade Fair,J009,Majestic,7273,Weekday,False,Clear,False,0.0,False,False,0.974,Severe,9.7,70.8,550.4,0.203,0.468,0.907,Heavy congestion detected - signal timing extended and reroute suggested
EVT434747,2025-09-17 19:50:57,Concert,J031,Cubbon Road,16622,Weekday,False,Clear,False,0.0,False,False,0.865,Severe,14.1,63.6,320.0,0.176,0.407,0.973,Heavy congestion detected - signal timing extended and reroute suggested
EVT434748,2025-11-22 20:51:01,Sports Fixture,J031,Cubbon Road,21596,Weekend,False,Clear,False,0.0,False,False,0.524,Moderate,25.8,33.4,166.2,0.128,0.296,0.97,Moderate traffic flow - standard adaptive signal timing in effect
EVT434749,2026-03-02 17:19:22,Concert,J020,Malleshwaram Circle,8949,Weekday,False,Clear,False,0.0,False,False,0.798,Severe,17.6,52.4,208.4,0.115,0.266,0.937,Heavy congestion detected - signal timing extended and reroute suggested
EVT434750,2025-02-03 15:53:32,Local Market Day,J040,City Market,5832,Weekday,False,Clear,False,0.0,False,False,0.42,Moderate,25.2,26.0,108.6,0.09,0.208,0.959,Moderate traffic flow - standard adaptive signal timing in effect
EVT434751,2026-03-18 08:51:24,Trade Fair,J023,Basavanagudi,8707,Weekday,False,Clear,False,0.0,False,False,1.0,Severe,8.3,69.6,1021.5,0.336,0.777,0.939,Heavy congestion detected - signal timing extended and reroute suggested
EVT434752,2025-03-23 13:00:18,Trade Fair,J020,Malleshwaram Circle,11738,Weekend,False,Rain,True,10.8,False,False,0.513,Moderate,25.2,34.2,144.0,0.109,0.252,0.908,Light rain detected - minor speed reduction advised
EVT434753,2026-04-04 17:43:58,Local Market Day,J009,Majestic,3640,Weekend,False,Clear,False,0.0,False,False,0.752,Severe,15.6,45.8,354.4,0.198,0.457,0.945,Heavy congestion detected - signal timing extended and reroute suggested
EVT434754,2026-04-01 11:09:12,Trade Fair,J012,Koramangala Sony World,9524,Weekday,False,Clear,False,0.0,False,False,0.498,Moderate,25.0,36.0,128.1,0.092,0.213,0.961,Moderate traffic flow - standard adaptive signal timing in effect
EVT434755,2026-05-11 17:18:32,Local Market Day,J023,Basavanagudi,7001,Weekday,False,Clear,False,0.0,False,False,0.837,Severe,14.7,64.0,295.8,0.159,0.367,0.962,Heavy congestion detected - signal timing extended and reroute suggested
EVT434756,2025-07-20 22:12:36,Sports Fixture,J009,Majestic,14054,Weekend,False,Heavy Rain,True,42.5,False,False,0.655,High,17.8,42.5,185.0,0.079,0.182,0.924,Heavy rain reducing visibility and grip - reduced speed and longer buffer advised
EVT434757,2026-05-20 08:12:15,Trade Fair,J011,Indiranagar 100ft Road,4737,Weekday,False,Rain,True,22.9,False,False,1.0,Severe,8.0,68.0,626.6,0.213,0.492,0.879,Heavy rain reducing visibility and grip - reduced speed and longer buffer advised
EVT434758,2026-05-08 14:22:18,Local Market Day,J040,City Market,2977,Weekday,False,Clear,False,0.0,False,False,0.194,Low,33.1,9.3,163.2,0.146,0.336,0.954,Normal free-flow traffic - standard signal timing maintained
EVT434759,2025-01-24 18:05:58,Political Rally,J012,Koramangala Sony World,12319,Weekday,False,Clear,False,0.0,False,False,1.0,Severe,9.3,73.7,357.6,0.125,0.289,0.911,Heavy congestion detected - signal timing extended and reroute suggested
EVT434760,2025-07-30 07:54:04,Sports Fixture,J023,Basavanagudi,22784,Weekday,False,Rain,True,24.0,False,False,1.0,Severe,8.5,76.8,244.1,0.095,0.22,0.872,Heavy rain reducing visibility and grip - reduced speed and longer buffer advised
EVT434761,2026-03-30 19:17:23,Local Market Day,J009,Majestic,4447,Weekday,False,Clear,False,0.0,False,False,0.914,Severe,10.6,63.7,668.3,0.266,0.615,0.932,Heavy congestion detected - signal timing extended and reroute suggested
EVT434762,2026-06-18 07:43:06,Local Market Day,J012,Koramangala Sony World,2343,Weekday,False,Rain,True,12.0,False,False,0.87,Severe,15.5,54.2,266.7,0.153,0.353,0.886,Heavy rain reducing visibility and grip - reduced speed and longer buffer advised
EVT434763,2025-07-31 00:33:49,Local Market Day,J012,Koramangala Sony World,2557,Weekday,False,Clear,False,0.0,False,False,0.09,Low,37.2,4.9,56.7,0.043,0.1,0.948,Normal free-flow traffic - standard signal timing maintained
EVT434764,2025-06-10 14:08:41,Trade Fair,J009,Majestic,6037,Weekday,False,Clear,False,0.0,False,False,0.139,Low,44.8,5.5,64.4,0.082,0.19,0.961,Normal free-flow traffic - standard signal timing maintained
EVT434765,2025-10-06 10:42:02,Sports Fixture,J023,Basavanagudi,38558,Weekday,False,Clear,False,0.0,False,False,0.78,Severe,13.4,56.8,263.5,0.143,0.331,0.978,Heavy congestion detected - signal timing extended and reroute suggested
EVT434766,2025-10-16 14:18:37,Political Rally,J030,MG Road,22443,Weekday,False,Clear,False,0.0,False,False,0.325,Low,29.3,16.7,155.1,0.124,0.288,0.973,Moderate traffic flow - standard adaptive signal timing in effect
EVT434767,2025-01-29 18:10:13,Local Market Day,J040,City Market,7667,Weekday,False,Fog,False,0.0,False,False,1.0,Severe,9.7,69.4,561.9,0.215,0.496,0.909,Heavy congestion detected - signal timing extended and reroute suggested
EVT434768,2026-01-20 17:03:11,Sports Fixture,J040,City Market,12023,Weekday,False,Clear,False,0.0,False,False,0.776,Severe,17.9,51.9,416.6,0.251,0.579,0.984,Heavy congestion detected - signal timing extended and reroute suggested
EVT434769,2026-01-05 22:59:39,Trade Fair,J031,Cubbon Road,19119,Weekday,False,Clear,False,0.0,False,False,0.258,Low,31.1,18.9,54.3,0.056,0.129,0.931,Moderate traffic flow - standard adaptive signal timing in effect
EVT434770,2026-03-22 18:19:46,Trade Fair,J012,Koramangala Sony World,11550,Weekend,False,Clear,False,0.0,False,False,0.918,Severe,10.3,69.6,483.0,0.221,0.511,0.927,Heavy congestion detected - signal timing extended and reroute suggested
EVT434771,2025-08-24 06:06:34,Trade Fair,J030,MG Road,6956,Weekend,False,Clear,False,0.0,False,False,0.307,Low,29.0,19.9,188.0,0.132,0.305,0.939,Moderate traffic flow - standard adaptive signal timing in effect
EVT434772,2025-04-30 15:49:55,Trade Fair,J030,MG Road,11104,Weekday,False,Clear,False,0.0,False,False,0.385,Moderate,23.9,28.8,234.9,0.156,0.36,0.969,Moderate traffic flow - standard adaptive signal timing in effect
EVT434773,2025-11-15 20:32:36,Sports Fixture,J023,Basavanagudi,23368,Weekend,False,Fog,False,0.0,False,False,0.579,High,25.5,38.1,123.2,0.099,0.228,0.943,Moderate traffic flow - standard adaptive signal timing in effect
EVT434774,2026-05-26 19:39:51,Sports Fixture,J023,Basavanagudi,39182,Weekday,False,Rain,True,8.6,False,False,1.0,Severe,9.4,78.6,428.8,0.16,0.37,0.86,Heavy rain reducing visibility and grip - reduced speed and longer buffer advised
EVT434775,2025-09-26 18:23:22,Local Market Day,J012,Koramangala Sony World,4745,Weekday,False,Clear,False,0.0,False,False,1.0,Severe,10.4,71.8,597.9,0.229,0.53,0.878,Heavy congestion detected - signal timing extended and reroute suggested
EVT434776,2025-03-22 16:43:51,Sports Fixture,J009,Majestic,38514,Weekend,False,Clear,False,0.0,False,False,0.775,Severe,17.5,50.3,338.5,0.179,0.414,0.96,Heavy congestion detected - signal timing extended and reroute suggested
EVT434777,2025-02-15 08:03:33,Trade Fair,J023,Basavanagudi,11379,Weekend,False,Clear,False,0.0,False,False,0.748,High,22.6,52.5,263.8,0.194,0.448,0.99,Moderate traffic flow - standard adaptive signal timing in effect
EVT434778,2025-12-08 12:23:29,Concert,J011,Indiranagar 100ft Road,12341,Weekday,False,Light Rain,True,0.4,False,False,0.381,Moderate,30.8,26.9,191.1,0.145,0.336,0.915,Light rain detected - minor speed reduction advised
EVT434779,2026-02-27 13:39:06,Sports Fixture,J020,Malleshwaram Circle,22946,Weekday,False,Clear,False,0.0,False,False,0.314,Low,27.2,21.3,148.5,0.116,0.268,0.978,Moderate traffic flow - standard adaptive signal timing in effect
EVT434780,2026-03-08 08:51:59,Trade Fair,J011,Indiranagar 100ft Road,8661,Weekend,False,Clear,False,0.0,False,False,0.904,Severe,10.3,61.7,356.3,0.141,0.326,0.954,Heavy congestion detected - signal timing extended and reroute suggested
EVT434781,2026-03-27 16:16:12,Cultural Procession,J020,Malleshwaram Circle,17824,Weekday,True,Clear,False,0.0,False,False,0.834,Severe,15.3,59.9,175.7,0.128,0.295,0.909,Festival crowd surge detected - alternate route and extended cycle recommended
EVT434782,2026-03-22 09:11:18,Sports Fixture,J030,MG Road,31658,Weekend,False,Clear,False,0.0,False,False,1.0,Severe,8.1,73.8,666.7,0.218,0.504,0.935,Heavy congestion detected - signal timing extended and reroute suggested
EVT434783,2025-06-25 13:46:55,Sports Fixture,J011,Indiranagar 100ft Road,18806,Weekday,False,Heavy Rain,True,34.8,False,False,0.682,High,19.9,48.8,287.7,0.18,0.415,0.897,Heavy rain reducing visibility and grip - reduced speed and longer buffer advised
EVT434784,2025-11-29 16:06:09,Sports Fixture,J009,Majestic,26041,Weekend,False,Clear,False,0.0,False,False,0.608,High,24.3,44.7,205.1,0.137,0.316,0.976,Moderate traffic flow - standard adaptive signal timing in effect
EVT434785,2025-07-26 08:36:35,Sports Fixture,J030,MG Road,24069,Weekend,False,Fog,False,0.0,False,False,0.949,Severe,9.0,73.8,391.6,0.146,0.337,0.923,Heavy congestion detected - signal timing extended and reroute suggested
EVT434786,2026-02-03 13:53:18,Trade Fair,J009,Majestic,10917,Weekday,False,Clear,False,0.0,False,False,0.237,Low,40.6,19.5,84.0,0.06,0.139,0.96,Normal free-flow traffic - standard signal timing maintained
EVT434787,2026-04-16 06:43:20,Trade Fair,J011,Indiranagar 100ft Road,12244,Weekday,False,Clear,False,0.0,False,False,0.438,Moderate,30.2,30.8,222.8,0.181,0.418,0.977,Moderate traffic flow - standard adaptive signal timing in effect
EVT434788,2026-06-20 21:40:47,Concert,J030,MG Road,15539,Weekend,False,Fog,False,0.0,False,False,0.44,Moderate,29.4,34.1,143.4,0.112,0.258,0.978,Moderate traffic flow - standard adaptive signal timing in effect
EVT434789,2025-02-20 09:10:13,Local Market Day,J009,Majestic,5493,Weekday,False,Clear,False,0.0,False,False,1.0,Severe,9.8,71.4,421.9,0.182,0.421,0.893,Heavy congestion detected - signal timing extended and reroute suggested
EVT434790,2025-03-11 08:31:36,Local Market Day,J020,Malleshwaram Circle,4006,Weekday,False,Clear,False,0.0,False,False,0.924,Severe,11.0,66.7,479.8,0.196,0.454,0.946,Heavy congestion detected - signal timing extended and reroute suggested
EVT434791,2026-03-02 04:58:15,Local Market Day,J023,Basavanagudi,2874,Weekday,False,Clear,False,0.0,False,False,0.195,Low,41.2,14.0,101.9,0.092,0.213,0.949,Normal free-flow traffic - standard signal timing maintained
EVT434792,2026-01-08 18:07:33,Trade Fair,J023,Basavanagudi,12831,Weekday,False,Clear,False,0.0,False,False,1.0,Severe,8.1,67.9,829.1,0.261,0.603,0.927,Heavy congestion detected - signal timing extended and reroute suggested
EVT434793,2025-01-29 21:43:07,Local Market Day,J023,Basavanagudi,2503,Weekday,False,Clear,False,0.0,False,False,0.252,Low,24.4,18.0,225.2,0.147,0.341,0.955,Moderate traffic flow - standard adaptive signal timing in effect
EVT434794,2025-01-25 16:58:30,Local Market Day,J011,Indiranagar 100ft Road,3913,Weekend,False,Clear,False,0.0,False,False,0.598,High,18.4,34.8,192.6,0.097,0.225,0.967,Moderate traffic flow - standard adaptive signal timing in effect
EVT434795,2025-06-11 11:00:36,Political Rally,J023,Basavanagudi,12164,Weekday,False,Clear,False,0.0,False,False,0.467,Moderate,25.0,34.8,256.5,0.185,0.428,0.971,Moderate traffic flow - standard adaptive signal timing in effect
EVT434796,2025-08-13 21:36:00,Trade Fair,J023,Basavanagudi,14529,Weekday,False,Clear,False,0.0,False,False,0.293,Low,32.3,22.5,61.7,0.051,0.118,0.962,Moderate traffic flow - standard adaptive signal timing in effect
EVT434797,2026-05-28 19:40:29,Trade Fair,J023,Basavanagudi,10042,Weekday,False,Clear,False,0.0,False,False,0.828,Severe,14.3,64.9,391.9,0.208,0.48,0.971,Heavy congestion detected - signal timing extended and reroute suggested
EVT434798,2025-04-25 10:45:41,Concert,J011,Indiranagar 100ft Road,5854,Weekday,False,Light Rain,True,2.8,False,False,0.694,High,17.6,42.9,290.9,0.167,0.386,0.91,Heavy rain reducing visibility and grip - reduced speed and longer buffer advised
EVT434799,2026-02-20 12:14:18,Trade Fair,J011,Indiranagar 100ft Road,12660,Weekday,False,Clear,False,0.0,False,False,0.239,Low,32.7,17.8,62.9,0.033,0.077,0.97,Normal free-flow traffic - standard signal timing maintained
EVT434800,2025-05-17 07:29:30,Trade Fair,J031,Cubbon Road,8436,Weekend,False,Clear,False,0.0,False,False,0.576,High,23.2,39.3,228.8,0.166,0.383,0.987,Moderate traffic flow - standard adaptive signal timing in effect
EVT434801,2025-08-31 09:39:10,Trade Fair,J031,Cubbon Road,9291,Weekend,False,Clear,False,0.0,False,False,0.834,Severe,13.4,61.0,316.1,0.148,0.341,0.948,Heavy congestion detected - signal timing extended and reroute suggested
EVT434802,2025-03-21 13:51:31,Concert,J011,Indiranagar 100ft Road,10202,Weekday,False,Fog,False,0.0,False,False,0.273,Low,30.8,22.1,90.6,0.065,0.15,0.976,Moderate traffic flow - standard adaptive signal timing in effect
EVT434803,2026-06-19 20:23:31,Concert,J031,Cubbon Road,12638,Weekday,False,Heavy Rain,True,40.4,False,False,1.0,Severe,9.4,66.6,375.4,0.163,0.376,0.868,Heavy rain reducing visibility and grip - reduced speed and longer buffer advised
EVT434804,2025-12-13 18:32:49,Local Market Day,J031,Cubbon Road,5314,Weekend,False,Clear,False,0.0,False,False,0.86,Severe,13.8,59.2,395.9,0.193,0.445,0.967,Heavy congestion detected - signal timing extended and reroute suggested
EVT434805,2026-01-21 23:24:39,Sports Fixture,J009,Majestic,24932,Weekday,False,Clear,False,0.0,False,False,0.266,Low,40.1,16.8,128.5,0.116,0.268,0.948,Moderate traffic flow - standard adaptive signal timing in effect
EVT434806,2025-10-16 18:21:07,Local Market Day,J009,Majestic,3732,Weekday,False,Clear,False,0.0,False,False,1.0,Severe,9.5,75.6,531.1,0.216,0.499,0.903,Heavy congestion detected - signal timing extended and reroute suggested
EVT434807,2026-01-16 13:22:18,Local Market Day,J030,MG Road,3626,Weekday,False,Clear,False,0.0,False,False,0.084,Low,41.7,4.5,109.4,0.096,0.221,0.973,Normal free-flow traffic - standard signal timing maintained
EVT434808,2025-04-11 12:30:40,Trade Fair,J040,City Market,6043,Weekday,False,Clear,False,0.0,False,False,0.128,Low,29.3,4.7,191.2,0.139,0.321,0.99,Normal free-flow traffic - standard signal timing maintained
EVT434809,2025-08-31 08:07:43,Local Market Day,J012,Koramangala Sony World,9910,Weekend,False,Clear,False,0.0,False,False,0.675,High,15.6,52.6,481.2,0.243,0.561,0.975,Moderate traffic flow - standard adaptive signal timing in effect
EVT434810,2026-04-20 18:54:48,Concert,J030,MG Road,11416,Weekday,False,Clear,False,0.0,False,False,1.0,Severe,10.6,68.8,657.8,0.273,0.631,0.908,Heavy congestion detected - signal timing extended and reroute suggested
EVT434811,2025-08-27 17:08:45,Fireworks Display,J030,MG Road,29857,Weekday,True,Rain,True,23.0,False,False,1.0,Severe,9.1,70.7,581.3,0.186,0.43,0.828,Festival crowd surge detected - alternate route and extended cycle recommended
EVT434812,2025-05-19 18:46:16,Local Market Day,J030,MG Road,3498,Weekday,False,Clear,False,0.0,False,False,0.864,Severe,12.3,60.4,351.9,0.153,0.354,0.986,Heavy congestion detected - signal timing extended and reroute suggested
EVT434813,2025-01-20 23:34:59,Concert,J031,Cubbon Road,16757,Weekday,False,Clear,False,0.0,False,False,0.315,Low,33.6,21.2,166.3,0.144,0.333,0.988,Moderate traffic flow - standard adaptive signal timing in effect
EVT434814,2026-03-15 16:50:57,Concert,J040,City Market,8588,Weekend,False,Clear,False,0.0,False,False,0.59,High,17.4,41.0,240.3,0.13,0.299,0.979,Moderate traffic flow - standard adaptive signal timing in effect
EVT434815,2026-04-02 18:07:47,Sports Fixture,J030,MG Road,37710,Weekday,False,Clear,False,0.0,False,False,1.0,Severe,8.2,70.1,769.1,0.254,0.588,0.916,Heavy congestion detected - signal timing extended and reroute suggested
EVT434816,2025-04-25 09:08:32,Concert,J011,Indiranagar 100ft Road,7320,Weekday,False,Clear,False,0.0,False,False,0.952,Severe,9.3,67.3,723.9,0.274,0.632,0.92,Heavy congestion detected - signal timing extended and reroute suggested
EVT434817,2025-06-13 10:38:23,Sports Fixture,J009,Majestic,18694,Weekday,False,Clear,False,0.0,False,False,0.725,High,14.9,57.9,236.8,0.121,0.279,0.949,Moderate traffic flow - standard adaptive signal timing in effect
EVT434818,2026-03-09 08:09:49,Trade Fair,J031,Cubbon Road,13579,Weekday,False,Clear,False,0.0,False,False,0.968,Severe,8.6,67.3,729.4,0.26,0.601,0.932,Heavy congestion detected - signal timing extended and reroute suggested
EVT434819,2025-01-16 08:04:43,Sports Fixture,J020,Malleshwaram Circle,29680,Weekday,False,Light Rain,True,1.9,False,False,1.0,Severe,8.6,74.0,480.9,0.155,0.358,0.863,Heavy rain reducing visibility and grip - reduced speed and longer buffer advised
EVT434820,2025-01-10 17:38:40,Political Rally,J040,City Market,10322,Weekday,False,Clear,False,0.0,False,False,0.93,Severe,12.4,65.3,378.9,0.18,0.415,0.938,Heavy congestion detected - signal timing extended and reroute suggested
EVT434821,2025-03-20 10:41:39,Concert,J009,Majestic,7774,Weekday,False,Clear,False,0.0,False,False,0.489,Moderate,27.2,33.1,146.9,0.11,0.255,0.964,Moderate traffic flow - standard adaptive signal timing in effect
EVT434822,2026-04-04 08:49:39,Political Rally,J012,Koramangala Sony World,13431,Weekend,False,Clear,False,0.0,False,False,0.945,Severe,9.9,63.5,497.8,0.213,0.491,0.925,Heavy congestion detected - signal timing extended and reroute suggested
EVT434823,2026-01-05 19:58:46,Political Rally,J023,Basavanagudi,20397,Weekday,False,Clear,False,0.0,False,False,0.785,Severe,14.7,55.5,372.0,0.2,0.463,0.969,Heavy congestion detected - signal timing extended and reroute suggested
EVT434824,2025-03-19 07:25:40,Trade Fair,J009,Majestic,14026,Weekday,False,Clear,False,0.0,False,False,0.649,High,18.4,48.2,107.1,0.062,0.143,0.949,Moderate traffic flow - standard adaptive signal timing in effect
EVT434825,2025-01-11 10:38:31,Sports Fixture,J009,Majestic,21816,Weekend,False,Clear,False,0.0,False,False,0.64,High,23.5,50.3,168.6,0.096,0.221,0.934,Moderate traffic flow - standard adaptive signal timing in effect
EVT434826,2025-12-02 21:49:19,Sports Fixture,J040,City Market,23128,Weekday,False,Clear,False,0.0,False,False,0.435,Moderate,21.6,28.8,252.7,0.154,0.356,0.968,Moderate traffic flow - standard adaptive signal timing in effect
EVT434827,2025-11-11 09:18:16,Concert,J031,Cubbon Road,35992,Weekday,False,Clear,False,0.0,False,False,1.0,Severe,9.2,67.7,288.4,0.109,0.251,0.873,Heavy congestion detected - signal timing extended and reroute suggested
EVT434828,2026-04-10 16:48:01,Local Market Day,J040,City Market,3628,Weekday,False,Clear,False,0.0,False,False,0.626,High,13.3,48.5,425.8,0.205,0.473,0.955,Moderate traffic flow - standard adaptive signal timing in effect
EVT434829,2026-05-15 19:41:59,Trade Fair,J011,Indiranagar 100ft Road,4122,Weekday,False,Clear,False,0.0,False,False,0.845,Severe,15.5,64.4,259.4,0.159,0.366,0.936,Heavy congestion detected - signal timing extended and reroute suggested
EVT434830,2026-04-03 19:42:03,Concert,J030,MG Road,14172,Weekday,False,Clear,False,0.0,False,False,0.899,Severe,13.6,67.6,184.6,0.103,0.237,0.945,Heavy congestion detected - signal timing extended and reroute suggested
EVT434831,2026-05-20 16:26:34,Local Market Day,J009,Majestic,2329,Weekday,False,Clear,False,0.0,False,False,0.541,Moderate,25.5,37.5,137.7,0.104,0.241,0.948,Moderate traffic flow - standard adaptive signal timing in effect
EVT434832,2026-04-09 07:03:51,Trade Fair,J023,Basavanagudi,7547,Weekday,False,Rain,True,15.0,False,False,0.716,High,21.0,43.7,235.9,0.175,0.404,0.906,Heavy rain reducing visibility and grip - reduced speed and longer buffer advised
EVT434833,2025-04-28 17:02:12,Local Market Day,J020,Malleshwaram Circle,2608,Weekday,False,Clear,False,0.0,False,False,0.733,High,16.0,47.5,365.9,0.219,0.505,0.981,Moderate traffic flow - standard adaptive signal timing in effect
EVT434834,2026-03-18 18:40:24,Local Market Day,J012,Koramangala Sony World,3977,Weekday,False,Clear,False,0.0,False,False,1.0,Severe,8.8,77.4,632.4,0.217,0.502,0.913,Heavy congestion detected - signal timing extended and reroute suggested
EVT434835,2025-12-29 04:46:43,Trade Fair,J012,Koramangala Sony World,9100,Weekday,False,Clear,False,0.0,False,False,0.236,Low,30.8,21.7,165.5,0.128,0.297,0.943,Normal free-flow traffic - standard signal timing maintained
EVT434836,2025-11-01 05:59:44,Religious Festival,J009,Majestic,28753,Weekend,True,Clear,False,0.0,False,False,0.668,High,18.2,44.7,174.8,0.11,0.253,0.945,Festival crowd surge detected - alternate route and extended cycle recommended
EVT434837,2025-06-05 14:30:10,Concert,J030,MG Road,13620,Weekday,False,Heavy Rain,True,31.8,False,False,0.586,High,17.5,46.8,511.8,0.281,0.65,0.937,Heavy rain reducing visibility and grip - reduced speed and longer buffer advised
EVT434838,2026-05-19 21:09:21,Political Rally,J009,Majestic,26242,Weekday,False,Clear,False,0.0,False,False,0.51,Moderate,23.6,38.6,208.1,0.138,0.318,0.942,Moderate traffic flow - standard adaptive signal timing in effect
EVT434839,2026-03-13 08:53:08,Concert,J020,Malleshwaram Circle,15085,Weekday,False,Clear,False,0.0,False,False,1.0,Severe,10.1,70.5,441.3,0.164,0.38,0.918,Heavy congestion detected - signal timing extended and reroute suggested
EVT434840,2026-01-22 18:17:48,Local Market Day,J031,Cubbon Road,5251,Weekday,False,Clear,False,0.0,False,False,0.982,Severe,9.8,76.4,620.9,0.254,0.586,0.902,Heavy congestion detected - signal timing extended and reroute suggested
EVT434841,2025-12-20 18:06:28,Trade Fair,J009,Majestic,5554,Weekend,False,Clear,False,0.0,False,False,0.863,Severe,16.6,58.3,402.5,0.242,0.56,0.99,Heavy congestion detected - signal timing extended and reroute suggested
EVT434842,2025-05-23 16:21:53,Trade Fair,J012,Koramangala Sony World,15364,Weekday,False,Rain,True,12.9,False,False,0.676,High,21.4,47.2,264.0,0.177,0.408,0.898,Heavy rain reducing visibility and grip - reduced speed and longer buffer advised
EVT434843,2025-04-27 11:36:18,Sports Fixture,J031,Cubbon Road,24322,Weekend,False,Clear,False,0.0,False,False,0.448,Moderate,27.6,31.1,171.5,0.146,0.337,0.979,Moderate traffic flow - standard adaptive signal timing in effect
EVT434844,2025-03-29 07:30:20,Trade Fair,J020,Malleshwaram Circle,10345,Weekend,False,Clear,False,0.0,False,False,0.563,High,23.5,44.7,199.1,0.125,0.288,0.965,Moderate traffic flow - standard adaptive signal timing in effect
EVT434845,2025-08-17 09:49:46,Concert,J011,Indiranagar 100ft Road,11131,Weekend,False,Rain,True,21.0,False,False,0.987,Severe,9.2,70.4,838.3,0.294,0.678,0.869,Heavy rain reducing visibility and grip - reduced speed and longer buffer advised
EVT434846,2025-09-02 14:40:54,Local Market Day,J011,Indiranagar 100ft Road,3348,Weekday,False,Heavy Rain,True,25.0,False,False,0.449,Moderate,27.9,29.6,203.5,0.156,0.361,0.926,Light rain detected - minor speed reduction advised
EVT434847,2026-01-12 20:55:34,Local Market Day,J020,Malleshwaram Circle,3200,Weekday,False,Clear,False,0.0,False,False,0.492,Moderate,24.2,35.1,230.1,0.156,0.361,0.99,Moderate traffic flow - standard adaptive signal timing in effect
EVT434848,2025-09-17 08:36:55,Political Rally,J011,Indiranagar 100ft Road,22810,Weekday,False,Clear,False,0.0,False,False,1.0,Severe,9.3,70.4,480.1,0.209,0.482,0.915,Heavy congestion detected - signal timing extended and reroute suggested
EVT434849,2025-08-30 17:17:54,Concert,J023,Basavanagudi,11148,Weekend,False,Clear,False,0.0,False,False,0.747,High,20.8,54.4,198.3,0.147,0.34,0.947,Moderate traffic flow - standard adaptive signal timing in effect
EVT434850,2025-11-27 18:23:02,Sports Fixture,J009,Majestic,22355,Weekday,False,Clear,False,0.0,False,False,1.0,Severe,7.8,70.4,787.3,0.253,0.584,0.921,Heavy congestion detected - signal timing extended and reroute suggested
EVT434851,2026-02-27 20:25:10,Sports Fixture,J009,Majestic,18877,Weekday,False,Clear,False,0.0,False,False,0.624,High,22.3,46.5,187.6,0.118,0.272,0.954,Moderate traffic flow - standard adaptive signal timing in effect
EVT434852,2026-06-06 15:25:53,Sports Fixture,J009,Majestic,11605,Weekend,False,Clear,False,0.0,False,False,0.408,Moderate,26.3,24.8,156.7,0.123,0.284,0.961,Moderate traffic flow - standard adaptive signal timing in effect
EVT434853,2026-04-23 17:00:00,Concert,J030,MG Road,16467,Weekday,False,Clear,False,0.0,False,False,0.872,Severe,12.1,59.4,475.1,0.211,0.488,0.942,Heavy congestion detected - signal timing extended and reroute suggested
EVT434854,2025-11-29 13:29:18,Local Market Day,J011,Indiranagar 100ft Road,5232,Weekend,False,Clear,False,0.0,False,False,0.247,Low,34.2,15.2,229.6,0.207,0.478,0.941,Normal free-flow traffic - standard signal timing maintained
EVT434855,2025-01-04 16:52:08,Local Market Day,J020,Malleshwaram Circle,2812,Weekend,False,Clear,False,0.0,False,False,0.626,High,21.0,41.4,143.9,0.089,0.206,0.978,Moderate traffic flow - standard adaptive signal timing in effect
EVT434856,2025-12-20 08:55:32,Local Market Day,J030,MG Road,1218,Weekend,False,Clear,False,0.0,False,False,0.838,Severe,15.5,59.9,165.2,0.089,0.205,0.951,Heavy congestion detected - signal timing extended and reroute suggested
EVT434857,2025-11-28 08:51:10,Sports Fixture,J020,Malleshwaram Circle,23332,Weekday,False,Clear,False,0.0,False,False,1.0,Severe,8.2,81.4,954.5,0.314,0.725,0.922,Heavy congestion detected - signal timing extended and reroute suggested
EVT434858,2025-10-15 19:45:10,Sports Fixture,J030,MG Road,25223,Weekday,False,Rain,True,23.4,False,False,1.0,Severe,7.3,66.5,600.6,0.171,0.395,0.851,Heavy rain reducing visibility and grip - reduced speed and longer buffer advised
EVT434859,2025-08-26 16:13:14,Trade Fair,J023,Basavanagudi,8574,Weekday,False,Rain,True,8.3,False,False,0.655,High,16.5,40.6,264.0,0.137,0.317,0.895,Heavy rain reducing visibility and grip - reduced speed and longer buffer advised
EVT434860,2025-03-14 14:02:47,Religious Festival,J023,Basavanagudi,38971,Weekday,True,Clear,False,0.0,False,True,0.791,High,13.4,78.3,406.5,0.182,0.419,0.864,Road closure for event/procession - full detour recommended for through-traffic
EVT434861,2025-06-22 09:43:10,Trade Fair,J009,Majestic,10911,Weekend,False,Clear,False,0.0,False,False,0.847,Severe,13.4,56.6,179.3,0.075,0.174,0.953,Heavy congestion detected - signal timing extended and reroute suggested
EVT434862,2025-06-02 18:55:05,Local Market Day,J031,Cubbon Road,3196,Weekday,False,Heavy Rain,True,34.5,False,False,1.0,Severe,7.8,70.3,562.0,0.186,0.429,0.89,Heavy rain reducing visibility and grip - reduced speed and longer buffer advised
EVT434863,2025-04-20 07:26:10,Political Rally,J011,Indiranagar 100ft Road,11803,Weekend,False,Clear,False,0.0,False,False,0.588,High,21.8,43.6,215.9,0.141,0.325,0.929,Moderate traffic flow - standard adaptive signal timing in effect
EVT434864,2025-11-10 17:23:43,Concert,J040,City Market,17115,Weekday,False,Clear,False,0.0,False,False,0.926,Severe,10.8,66.5,381.1,0.157,0.362,0.925,Heavy congestion detected - signal timing extended and reroute suggested
EVT434865,2025-05-19 20:37:46,Sports Fixture,J040,City Market,30321,Weekday,False,Clear,False,0.0,False,False,0.669,High,21.6,44.6,196.2,0.12,0.277,0.95,Moderate traffic flow - standard adaptive signal timing in effect
EVT434866,2025-08-17 09:35:33,Local Market Day,J012,Koramangala Sony World,2779,Weekend,False,Clear,False,0.0,False,False,0.821,Severe,13.7,55.0,508.1,0.234,0.541,0.949,Heavy congestion detected - signal timing extended and reroute suggested
EVT434867,2026-05-03 13:52:13,Trade Fair,J023,Basavanagudi,7915,Weekend,False,Rain,True,11.6,False,False,0.451,Moderate,28.1,31.5,144.5,0.115,0.266,0.908,Light rain detected - minor speed reduction advised
EVT434868,2026-03-15 10:09:28,Trade Fair,J023,Basavanagudi,11241,Weekend,False,Clear,False,0.0,False,False,0.671,High,18.2,47.8,338.7,0.188,0.435,0.977,Moderate traffic flow - standard adaptive signal timing in effect
EVT434869,2025-09-28 16:48:51,Trade Fair,J030,MG Road,14480,Weekend,False,Clear,False,0.0,False,False,0.652,High,19.8,46.8,314.2,0.201,0.464,0.963,Moderate traffic flow - standard adaptive signal timing in effect
EVT434870,2025-05-23 15:43:35,Concert,J009,Majestic,13664,Weekday,False,Rain,True,21.9,False,False,0.649,High,15.7,45.2,430.4,0.223,0.515,0.904,Heavy rain reducing visibility and grip - reduced speed and longer buffer advised
EVT434871,2025-12-26 13:48:12,Religious Festival,J011,Indiranagar 100ft Road,42044,Weekday,True,Clear,False,0.0,False,False,0.635,High,16.3,50.2,208.7,0.1,0.232,0.917,Festival crowd surge detected - alternate route and extended cycle recommended
EVT434872,2026-06-18 13:12:01,Local Market Day,J020,Malleshwaram Circle,5056,Weekday,False,Clear,False,0.0,False,False,0.175,Low,30.4,9.8,150.6,0.115,0.266,0.96,Normal free-flow traffic - standard signal timing maintained
EVT434873,2026-01-20 08:27:31,Sports Fixture,J023,Basavanagudi,12996,Weekday,False,Clear,False,0.0,False,False,0.861,Severe,16.2,56.0,318.2,0.19,0.44,0.938,Heavy congestion detected - signal timing extended and reroute suggested
EVT434874,2025-06-06 13:06:53,Sports Fixture,J030,MG Road,20775,Weekday,False,Heavy Rain,True,44.0,False,False,0.682,High,19.7,46.8,123.4,0.078,0.179,0.896,Heavy rain reducing visibility and grip - reduced speed and longer buffer advised
EVT434875,2025-07-29 17:23:31,Local Market Day,J011,Indiranagar 100ft Road,3755,Weekday,False,Rain,True,20.0,False,False,1.0,Severe,9.7,66.5,381.8,0.161,0.373,0.855,Heavy rain reducing visibility and grip - reduced speed and longer buffer advised
EVT434876,2026-02-01 09:04:44,Concert,J012,Koramangala Sony World,8514,Weekend,False,Clear,False,0.0,False,False,0.904,Severe,10.3,68.8,536.4,0.237,0.546,0.901,Heavy congestion detected - signal timing extended and reroute suggested
EVT434877,2025-12-15 18:07:33,Concert,J011,Indiranagar 100ft Road,8591,Weekday,False,Fog,False,0.0,False,False,1.0,Severe,7.4,67.9,725.3,0.194,0.447,0.926,Heavy congestion detected - signal timing extended and reroute suggested
EVT434878,2026-02-18 17:51:51,Local Market Day,J020,Malleshwaram Circle,5227,Weekday,False,Clear,False,0.0,False,False,1.0,Severe,7.3,76.3,264.6,0.108,0.25,0.908,Heavy congestion detected - signal timing extended and reroute suggested
EVT434879,2025-04-16 14:11:28,Local Market Day,J012,Koramangala Sony World,7110,Weekday,False,Clear,False,0.0,False,False,0.155,Low,42.1,6.5,110.8,0.125,0.289,0.976,Normal free-flow traffic - standard signal timing maintained
EVT434880,2026-03-22 12:47:31,Trade Fair,J020,Malleshwaram Circle,6833,Weekend,False,Clear,False,0.0,False,False,0.247,Low,28.6,14.7,134.9,0.106,0.244,0.963,Normal free-flow traffic - standard signal timing maintained
EVT434881,2025-10-12 07:34:57,Local Market Day,J012,Koramangala Sony World,3729,Weekend,False,Clear,False,0.0,False,False,0.574,High,18.0,43.7,227.7,0.13,0.3,0.957,Moderate traffic flow - standard adaptive signal timing in effect
EVT434882,2025-10-03 18:05:21,Religious Festival,J031,Cubbon Road,90516,Weekday,True,Clear,False,0.0,False,True,1.0,Severe,8.3,107.0,614.6,0.209,0.484,0.844,Road closure for event/procession - full detour recommended for through-traffic
EVT434883,2026-03-16 20:29:17,Sports Fixture,J020,Malleshwaram Circle,30305,Weekday,False,Clear,False,0.0,False,False,0.745,High,19.5,56.4,318.7,0.189,0.437,0.975,Moderate traffic flow - standard adaptive signal timing in effect
EVT434884,2026-04-19 21:00:30,Concert,J011,Indiranagar 100ft Road,11528,Weekend,False,Light Rain,True,3.1,False,False,0.505,Moderate,20.0,40.6,106.3,0.062,0.144,0.908,Light rain detected - minor speed reduction advised
EVT434885,2025-09-07 20:29:53,Trade Fair,J023,Basavanagudi,9667,Weekend,False,Clear,False,0.0,False,False,0.578,High,23.9,34.7,169.2,0.138,0.32,0.958,Moderate traffic flow - standard adaptive signal timing in effect
EVT434886,2025-12-16 11:08:23,Concert,J011,Indiranagar 100ft Road,13211,Weekday,False,Clear,False,0.0,False,False,0.462,Moderate,26.9,26.1,166.8,0.122,0.281,0.946,Moderate traffic flow - standard adaptive signal timing in effect
EVT434887,2025-06-08 18:15:36,Concert,J030,MG Road,15150,Weekend,False,Clear,False,0.0,False,False,0.97,Severe,7.6,76.6,451.6,0.155,0.357,0.896,Heavy congestion detected - signal timing extended and reroute suggested
EVT434888,2025-02-01 15:37:27,Political Rally,J020,Malleshwaram Circle,21191,Weekend,False,Clear,False,0.0,False,False,0.514,Moderate,26.6,30.7,119.3,0.097,0.225,0.968,Moderate traffic flow - standard adaptive signal timing in effect
EVT434889,2025-06-18 13:12:16,Local Market Day,J030,MG Road,4230,Weekday,False,Rain,True,13.7,False,False,0.394,Moderate,28.2,24.8,152.5,0.121,0.28,0.908,Light rain detected - minor speed reduction advised
EVT434890,2025-01-15 18:08:58,Cultural Procession,J040,City Market,26206,Weekday,True,Clear,False,0.0,False,False,1.0,Severe,8.2,69.2,576.1,0.198,0.456,0.856,Festival crowd surge detected - alternate route and extended cycle recommended
EVT434891,2026-01-10 14:03:57,Local Market Day,J031,Cubbon Road,5572,Weekend,False,Clear,False,0.0,False,False,0.266,Low,41.9,26.1,147.4,0.142,0.328,0.928,Moderate traffic flow - standard adaptive signal timing in effect
EVT434892,2025-02-20 20:30:41,Trade Fair,J020,Malleshwaram Circle,10227,Weekday,False,Clear,False,0.0,False,False,0.593,High,27.6,48.9,137.7,0.125,0.289,0.972,Moderate traffic flow - standard adaptive signal timing in effect
EVT434893,2026-06-08 17:19:38,Political Rally,J031,Cubbon Road,13709,Weekday,False,Light Rain,True,3.3,False,False,0.972,Severe,6.7,68.4,423.9,0.143,0.331,0.886,Heavy rain reducing visibility and grip - reduced speed and longer buffer advised
EVT434894,2025-05-26 17:26:26,Trade Fair,J020,Malleshwaram Circle,6702,Weekday,False,Clear,False,0.0,False,False,0.837,Severe,13.9,61.9,334.2,0.189,0.437,0.951,Heavy congestion detected - signal timing extended and reroute suggested
EVT434895,2025-03-25 07:10:43,Concert,J031,Cubbon Road,8556,Weekday,False,Fog,False,0.0,False,False,0.506,Moderate,25.5,37.8,260.4,0.191,0.441,0.977,Moderate traffic flow - standard adaptive signal timing in effect
EVT434896,2025-03-28 17:25:08,Trade Fair,J030,MG Road,10230,Weekday,False,Clear,False,0.0,False,False,0.832,Severe,12.7,61.2,491.3,0.226,0.523,0.945,Heavy congestion detected - signal timing extended and reroute suggested
EVT434897,2025-06-08 00:51:32,Local Market Day,J040,City Market,2211,Weekend,False,Clear,False,0.0,False,False,0.198,Low,37.1,11.9,126.3,0.123,0.284,0.972,Normal free-flow traffic - standard signal timing maintained
EVT434898,2025-04-09 06:01:59,Trade Fair,J040,City Market,10296,Weekday,False,Clear,False,0.0,False,False,0.185,Low,33.1,13.8,142.7,0.132,0.304,0.967,Normal free-flow traffic - standard signal timing maintained
EVT434899,2025-11-14 17:25:31,Sports Fixture,J031,Cubbon Road,23471,Weekday,False,Clear,False,0.0,False,False,0.957,Severe,8.7,70.9,609.1,0.207,0.477,0.901,Heavy congestion detected - signal timing extended and reroute suggested
EVT434900,2026-04-14 16:41:52,Cultural Procession,J030,MG Road,13842,Weekday,True,Rain,True,7.9,False,True,1.0,Severe,7.3,103.1,915.9,0.269,0.621,0.812,Road closure for event/procession - full detour recommended for through-traffic
EVT434901,2025-07-25 15:52:20,Sports Fixture,J011,Indiranagar 100ft Road,33596,Weekday,False,Rain,True,13.4,False,False,0.751,Severe,18.9,56.1,229.0,0.144,0.334,0.91,Heavy rain reducing visibility and grip - reduced speed and longer buffer advised
EVT434902,2025-12-21 19:10:49,Local Market Day,J040,City Market,4996,Weekend,False,Clear,False,0.0,False,False,0.889,Severe,10.0,62.6,541.7,0.215,0.496,0.961,Heavy congestion detected - signal timing extended and reroute suggested
EVT434903,2026-03-22 12:44:00,Trade Fair,J011,Indiranagar 100ft Road,12255,Weekend,False,Clear,False,0.0,False,False,0.297,Low,31.4,20.9,187.3,0.161,0.371,0.976,Moderate traffic flow - standard adaptive signal timing in effect
EVT434904,2025-07-05 19:41:23,Trade Fair,J009,Majestic,8388,Weekend,False,Clear,False,0.0,False,False,0.737,High,17.0,51.9,366.8,0.201,0.464,0.98,Moderate traffic flow - standard adaptive signal timing in effect
EVT434905,2025-04-12 08:43:45,Political Rally,J009,Majestic,11790,Weekend,False,Clear,False,0.0,False,False,0.954,Severe,11.3,60.5,384.5,0.154,0.356,0.925,Heavy congestion detected - signal timing extended and reroute suggested
EVT434906,2026-05-31 21:54:56,Political Rally,J012,Koramangala Sony World,21559,Weekend,False,Rain,True,14.9,False,False,0.483,Moderate,22.3,29.5,282.3,0.184,0.424,0.934,Light rain detected - minor speed reduction advised
EVT434907,2026-01-27 17:19:22,Religious Festival,J023,Basavanagudi,37023,Weekday,True,Clear,False,0.0,False,True,1.0,Severe,7.5,92.5,508.8,0.165,0.38,0.835,Road closure for event/procession - full detour recommended for through-traffic
EVT434908,2026-01-27 06:33:34,Fireworks Display,J040,City Market,32602,Weekday,True,Clear,False,0.0,False,False,0.698,High,17.1,50.1,300.7,0.174,0.402,0.909,Festival crowd surge detected - alternate route and extended cycle recommended
EVT434909,2026-01-24 11:06:34,Local Market Day,J040,City Market,4567,Weekend,False,Fog,False,0.0,False,False,0.474,Moderate,24.2,36.6,309.3,0.215,0.496,0.95,Moderate traffic flow - standard adaptive signal timing in effect
EVT434910,2025-08-04 23:32:57,Concert,J023,Basavanagudi,14147,Weekday,False,Clear,False,0.0,False,False,0.185,Low,36.7,15.3,131.5,0.141,0.326,0.943,Normal free-flow traffic - standard signal timing maintained
EVT434911,2025-08-07 12:15:18,Concert,J040,City Market,15248,Weekday,False,Light Rain,True,6.2,False,False,0.365,Moderate,32.1,28.3,109.3,0.1,0.23,0.903,Light rain detected - minor speed reduction advised
EVT434912,2025-05-06 07:06:32,Political Rally,J011,Indiranagar 100ft Road,19717,Weekday,False,Rain,True,14.0,False,False,0.697,High,14.4,48.6,228.3,0.118,0.271,0.924,Heavy rain reducing visibility and grip - reduced speed and longer buffer advised
EVT434913,2026-05-10 13:18:58,Political Rally,J011,Indiranagar 100ft Road,10357,Weekend,False,Clear,False,0.0,False,False,0.23,Low,34.1,17.7,124.0,0.102,0.236,0.977,Normal free-flow traffic - standard signal timing maintained
EVT434914,2025-01-16 17:22:32,Local Market Day,J012,Koramangala Sony World,4121,Weekday,False,Clear,False,0.0,False,False,0.829,Severe,17.4,57.4,380.6,0.209,0.482,0.961,Heavy congestion detected - signal timing extended and reroute suggested
EVT434915,2025-05-29 09:16:04,Local Market Day,J020,Malleshwaram Circle,2256,Weekday,False,Rain,True,17.1,False,False,1.0,Severe,9.3,69.5,490.0,0.193,0.445,0.858,Heavy rain reducing visibility and grip - reduced speed and longer buffer advised
EVT434916,2025-04-21 20:39:11,Trade Fair,J011,Indiranagar 100ft Road,11035,Weekday,False,Clear,False,0.0,False,False,0.575,High,27.5,42.4,211.0,0.164,0.379,0.956,Moderate traffic flow - standard adaptive signal timing in effect
EVT434917,2025-11-24 15:07:47,Concert,J009,Majestic,13046,Weekday,False,Clear,False,0.0,False,False,0.305,Low,32.6,25.9,150.9,0.118,0.274,0.949,Moderate traffic flow - standard adaptive signal timing in effect
EVT434918,2025-02-18 15:03:10,Local Market Day,J020,Malleshwaram Circle,3907,Weekday,False,Clear,False,0.0,False,False,0.222,Low,32.1,13.3,48.8,0.047,0.109,0.963,Normal free-flow traffic - standard signal timing maintained
EVT434919,2026-01-19 07:04:03,Political Rally,J023,Basavanagudi,20897,Weekday,False,Clear,False,0.0,False,False,0.591,High,24.1,42.0,226.2,0.154,0.355,0.962,Moderate traffic flow - standard adaptive signal timing in effect
EVT434920,2026-06-22 14:18:51,Trade Fair,J023,Basavanagudi,8810,Weekday,False,Clear,False,0.0,False,False,0.25,Low,29.6,20.4,134.9,0.112,0.26,0.974,Normal free-flow traffic - standard signal timing maintained
EVT434921,2025-04-02 05:44:02,Trade Fair,J023,Basavanagudi,10335,Weekday,False,Clear,False,0.0,False,False,0.201,Low,31.4,10.9,170.1,0.144,0.334,0.99,Normal free-flow traffic - standard signal timing maintained
EVT434922,2025-05-22 13:52:55,Concert,J023,Basavanagudi,11687,Weekday,False,Rain,True,12.0,False,False,0.399,Moderate,24.4,28.9,269.6,0.199,0.459,0.922,Light rain detected - minor speed reduction advised
EVT434923,2025-08-09 17:21:33,Sports Fixture,J012,Koramangala Sony World,14133,Weekend,False,Clear,False,0.0,False,False,0.74,High,17.0,56.6,139.2,0.074,0.171,0.978,Moderate traffic flow - standard adaptive signal timing in effect
EVT434924,2025-03-17 23:44:36,Local Market Day,J040,City Market,3483,Weekday,False,Clear,False,0.0,False,False,0.171,Low,35.0,5.6,104.6,0.102,0.235,0.973,Normal free-flow traffic - standard signal timing maintained
EVT434925,2026-06-23 10:22:51,Trade Fair,J031,Cubbon Road,10650,Weekday,False,Clear,False,0.0,False,False,0.707,High,18.4,48.5,243.0,0.133,0.307,0.979,Moderate traffic flow - standard adaptive signal timing in effect
EVT434926,2025-03-17 10:01:14,Sports Fixture,J040,City Market,31705,Weekday,False,Clear,False,0.0,False,False,0.986,Severe,9.1,67.9,508.6,0.178,0.41,0.902,Heavy congestion detected - signal timing extended and reroute suggested
EVT434927,2026-01-16 21:24:02,Local Market Day,J023,Basavanagudi,1913,Weekday,False,Clear,False,0.0,False,False,0.414,Moderate,22.3,28.5,244.4,0.161,0.373,0.963,Moderate traffic flow - standard adaptive signal timing in effect
EVT434928,2026-06-29 22:07:48,Sports Fixture,J031,Cubbon Road,22976,Weekday,False,Rain,True,10.5,False,False,0.453,Moderate,28.7,36.7,233.2,0.183,0.423,0.914,Light rain detected - minor speed reduction advised
EVT434929,2025-05-15 21:07:36,Political Rally,J011,Indiranagar 100ft Road,23038,Weekday,False,Clear,False,0.0,False,False,0.496,Moderate,23.8,35.3,161.9,0.109,0.252,0.949,Moderate traffic flow - standard adaptive signal timing in effect
EVT434930,2026-01-01 13:32:07,Religious Festival,J031,Cubbon Road,47012,Weekday,True,Clear,False,0.0,False,True,0.816,High,13.8,77.9,164.5,0.091,0.209,0.874,Road closure for event/procession - full detour recommended for through-traffic
EVT434931,2025-06-08 12:28:25,Concert,J023,Basavanagudi,7752,Weekend,False,Clear,False,0.0,False,False,0.283,Low,33.3,13.7,103.2,0.076,0.175,0.949,Moderate traffic flow - standard adaptive signal timing in effect
EVT434932,2025-04-09 12:11:46,Sports Fixture,J030,MG Road,27124,Weekday,False,Clear,False,0.0,False,False,0.408,Moderate,25.3,22.1,165.2,0.112,0.259,0.987,Moderate traffic flow - standard adaptive signal timing in effect
EVT434933,2026-04-12 14:40:55,Local Market Day,J031,Cubbon Road,3782,Weekend,False,Clear,False,0.0,False,False,0.284,Low,32.6,18.0,183.0,0.145,0.335,0.976,Moderate traffic flow - standard adaptive signal timing in effect
EVT434934,2025-11-10 08:12:15,Concert,J040,City Market,20442,Weekday,False,Clear,False,0.0,False,False,0.968,Severe,9.8,71.6,419.1,0.167,0.386,0.915,Heavy congestion detected - signal timing extended and reroute suggested
EVT434935,2025-02-26 18:06:48,Local Market Day,J023,Basavanagudi,4745,Weekday,False,Clear,False,0.0,False,False,1.0,Severe,8.0,70.8,509.0,0.173,0.399,0.916,Heavy congestion detected - signal timing extended and reroute suggested
EVT434936,2026-01-20 17:48:41,Concert,J031,Cubbon Road,20094,Weekday,False,Clear,False,0.0,False,False,1.0,Severe,10.2,70.5,380.5,0.179,0.414,0.894,Heavy congestion detected - signal timing extended and reroute suggested
EVT434937,2025-11-06 08:01:20,Political Rally,J031,Cubbon Road,11033,Weekday,False,Clear,False,0.0,False,False,0.866,Severe,10.7,57.1,436.8,0.183,0.423,0.963,Heavy congestion detected - signal timing extended and reroute suggested
EVT434938,2026-04-26 18:51:55,Sports Fixture,J011,Indiranagar 100ft Road,27464,Weekend,False,Clear,False,0.0,False,False,1.0,Severe,6.6,76.3,439.7,0.131,0.302,0.931,Heavy congestion detected - signal timing extended and reroute suggested
EVT434939,2025-06-01 20:07:31,Local Market Day,J040,City Market,2898,Weekend,False,Clear,False,0.0,False,False,0.647,High,18.8,42.7,320.6,0.186,0.429,0.97,Moderate traffic flow - standard adaptive signal timing in effect
EVT434940,2025-06-14 07:48:55,Concert,J030,MG Road,11582,Weekend,False,Rain,True,23.7,False,False,0.92,Severe,9.9,64.5,530.6,0.225,0.519,0.87,Heavy rain reducing visibility and grip - reduced speed and longer buffer advised
EVT434941,2025-03-08 18:18:53,Trade Fair,J031,Cubbon Road,7755,Weekend,False,Clear,False,0.0,False,False,0.872,Severe,10.9,64.9,572.2,0.242,0.559,0.954,Heavy congestion detected - signal timing extended and reroute suggested
EVT434942,2025-12-22 14:18:14,Political Rally,J012,Koramangala Sony World,18930,Weekday,False,Clear,False,0.0,False,False,0.221,Low,30.8,15.8,237.8,0.168,0.389,0.987,Normal free-flow traffic - standard signal timing maintained
EVT434943,2026-04-24 18:35:12,Local Market Day,J011,Indiranagar 100ft Road,2300,Weekday,False,Clear,False,0.0,False,False,1.0,Severe,7.0,70.2,608.2,0.165,0.381,0.898,Heavy congestion detected - signal timing extended and reroute suggested
EVT434944,2025-06-14 02:27:10,Concert,J009,Majestic,6732,Weekend,False,Rain,True,10.1,False,False,0.369,Moderate,32.7,27.9,135.3,0.116,0.267,0.913,Light rain detected - minor speed reduction advised
EVT434945,2025-05-27 18:08:41,Concert,J011,Indiranagar 100ft Road,13003,Weekday,False,Clear,False,0.0,False,False,1.0,Severe,7.7,77.7,846.8,0.239,0.552,0.903,Heavy congestion detected - signal timing extended and reroute suggested
EVT434946,2026-06-02 09:50:45,Trade Fair,J030,MG Road,16588,Weekday,False,Clear,False,0.0,False,False,0.887,Severe,10.8,61.8,418.7,0.187,0.432,0.94,Heavy congestion detected - signal timing extended and reroute suggested
EVT434947,2025-03-21 22:59:27,Concert,J031,Cubbon Road,11385,Weekday,False,Clear,False,0.0,False,False,0.2,Low,30.7,16.7,182.3,0.141,0.327,0.979,Normal free-flow traffic - standard signal timing maintained
EVT434948,2025-06-01 17:17:40,Trade Fair,J030,MG Road,22433,Weekend,False,Heavy Rain,True,32.8,False,False,1.0,Severe,8.6,64.7,495.4,0.178,0.411,0.865,Heavy rain reducing visibility and grip - reduced speed and longer buffer advised
EVT434949,2026-01-07 17:49:04,Sports Fixture,J031,Cubbon Road,13598,Weekday,False,Clear,False,0.0,False,False,1.0,Severe,9.1,70.3,758.5,0.283,0.653,0.918,Heavy congestion detected - signal timing extended and reroute suggested
EVT434950,2026-05-22 19:19:51,Sports Fixture,J011,Indiranagar 100ft Road,22606,Weekday,False,Fog,False,0.0,False,False,0.995,Severe,9.4,72.0,662.8,0.237,0.547,0.923,Heavy congestion detected - signal timing extended and reroute suggested
EVT434951,2026-01-20 18:26:40,Sports Fixture,J023,Basavanagudi,17553,Weekday,False,Clear,False,0.0,False,False,1.0,Severe,7.3,69.5,533.8,0.177,0.409,0.893,Heavy congestion detected - signal timing extended and reroute suggested
EVT434952,2026-02-13 17:58:47,Concert,J031,Cubbon Road,12902,Weekday,False,Clear,False,0.0,False,False,1.0,Severe,7.3,71.3,569.1,0.174,0.402,0.951,Heavy congestion detected - signal timing extended and reroute suggested
EVT434953,2026-04-24 16:19:28,Political Rally,J031,Cubbon Road,9126,Weekday,False,Clear,False,0.0,False,False,0.557,High,22.7,40.0,220.0,0.142,0.328,0.96,Moderate traffic flow - standard adaptive signal timing in effect
EVT434954,2025-01-19 14:09:22,Sports Fixture,J030,MG Road,21134,Weekend,False,Clear,False,0.0,False,False,0.371,Moderate,31.3,21.5,178.3,0.139,0.322,0.99,Moderate traffic flow - standard adaptive signal timing in effect
EVT434955,2026-06-16 12:41:20,Concert,J031,Cubbon Road,17221,Weekday,False,Clear,False,0.0,False,False,0.231,Low,36.5,20.3,125.9,0.121,0.279,0.952,Normal free-flow traffic - standard signal timing maintained
EVT434956,2025-07-06 08:58:56,Trade Fair,J031,Cubbon Road,11676,Weekend,False,Heavy Rain,True,42.5,False,False,1.0,Severe,8.6,70.3,602.7,0.216,0.498,0.854,Heavy rain reducing visibility and grip - reduced speed and longer buffer advised
EVT434957,2025-10-01 19:27:50,Local Market Day,J020,Malleshwaram Circle,4589,Weekday,False,Clear,False,0.0,False,False,0.884,Severe,12.1,69.8,324.5,0.164,0.38,0.943,Heavy congestion detected - signal timing extended and reroute suggested
EVT434958,2025-03-26 20:04:09,Sports Fixture,J030,MG Road,24213,Weekday,False,Clear,False,0.0,False,False,0.881,Severe,11.4,64.0,463.2,0.221,0.51,0.947,Heavy congestion detected - signal timing extended and reroute suggested
EVT434959,2025-03-03 19:51:22,Trade Fair,J031,Cubbon Road,8160,Weekday,False,Clear,False,0.0,False,False,0.827,Severe,15.1,57.4,284.1,0.141,0.326,0.943,Heavy congestion detected - signal timing extended and reroute suggested
EVT434960,2026-03-22 09:23:15,Sports Fixture,J020,Malleshwaram Circle,21843,Weekend,False,Clear,False,0.0,False,False,1.0,Severe,9.4,73.9,325.3,0.117,0.27,0.936,Heavy congestion detected - signal timing extended and reroute suggested
EVT434961,2025-01-10 08:10:27,Political Rally,J040,City Market,12807,Weekday,False,Clear,False,0.0,True,False,1.0,Severe,8.4,69.6,631.0,0.224,0.518,0.763,Accident detected nearby - reroute and reduced speed advised
EVT434962,2025-10-20 20:48:34,Cultural Procession,J023,Basavanagudi,13236,Weekday,True,Rain,True,8.1,False,True,1.0,Severe,8.2,100.0,665.8,0.257,0.594,0.78,Road closure for event/procession - full detour recommended for through-traffic
EVT434963,2025-04-22 20:08:39,Sports Fixture,J023,Basavanagudi,23886,Weekday,False,Light Rain,True,4.5,False,False,0.914,Severe,10.1,64.8,334.8,0.124,0.287,0.881,Heavy rain reducing visibility and grip - reduced speed and longer buffer advised
EVT434964,2026-04-22 17:46:43,Sports Fixture,J023,Basavanagudi,21413,Weekday,False,Clear,False,0.0,False,False,0.986,Severe,10.0,68.4,623.2,0.25,0.577,0.899,Heavy congestion detected - signal timing extended and reroute suggested
EVT434965,2025-08-31 14:43:49,Local Market Day,J023,Basavanagudi,6553,Weekend,False,Clear,False,0.0,False,False,0.242,Low,40.2,19.1,157.7,0.17,0.392,0.971,Normal free-flow traffic - standard signal timing maintained
EVT434966,2025-10-20 08:09:37,Religious Festival,J031,Cubbon Road,39064,Weekday,True,Clear,False,0.0,False,True,1.0,Severe,8.0,93.8,425.2,0.153,0.352,0.856,Road closure for event/procession - full detour recommended for through-traffic
EVT434967,2025-07-23 18:16:30,Local Market Day,J023,Basavanagudi,3331,Weekday,False,Clear,False,0.0,False,False,1.0,Severe,6.7,71.5,456.3,0.139,0.322,0.897,Heavy congestion detected - signal timing extended and reroute suggested
EVT434968,2025-04-01 08:42:51,Local Market Day,J023,Basavanagudi,3564,Weekday,False,Clear,False,0.0,False,False,0.998,Severe,7.1,69.2,653.0,0.195,0.451,0.913,Heavy congestion detected - signal timing extended and reroute suggested
EVT434969,2025-07-22 17:45:53,Local Market Day,J009,Majestic,6028,Weekday,False,Heavy Rain,True,53.6,False,False,1.0,Severe,6.9,75.3,711.5,0.223,0.516,0.89,Heavy rain reducing visibility and grip - reduced speed and longer buffer advised
EVT434970,2026-02-02 10:16:25,Sports Fixture,J030,MG Road,16804,Weekday,False,Clear,False,0.0,False,False,0.803,Severe,13.4,53.6,644.7,0.277,0.64,0.953,Heavy congestion detected - signal timing extended and reroute suggested
EVT434971,2025-08-24 07:06:27,Sports Fixture,J020,Malleshwaram Circle,38320,Weekend,False,Heavy Rain,True,34.8,False,False,1.0,Severe,8.5,72.6,324.9,0.132,0.305,0.857,Heavy rain reducing visibility and grip - reduced speed and longer buffer advised
EVT434972,2026-03-08 13:03:03,Local Market Day,J012,Koramangala Sony World,4330,Weekend,False,Clear,False,0.0,False,False,0.159,Low,36.8,13.2,64.5,0.063,0.147,0.983,Normal free-flow traffic - standard signal timing maintained
EVT434973,2025-05-05 07:33:23,Local Market Day,J020,Malleshwaram Circle,5186,Weekday,False,Clear,False,0.0,False,False,0.657,High,17.2,48.8,388.7,0.241,0.558,0.96,Moderate traffic flow - standard adaptive signal timing in effect
EVT434974,2026-06-04 18:54:43,Political Rally,J011,Indiranagar 100ft Road,21496,Weekday,False,Clear,False,0.0,False,False,1.0,Severe,7.8,72.6,378.3,0.129,0.297,0.922,Heavy congestion detected - signal timing extended and reroute suggested
EVT434975,2025-01-22 19:56:12,Sports Fixture,J030,MG Road,22570,Weekday,False,Clear,False,0.0,False,False,0.93,Severe,10.7,65.9,753.9,0.298,0.688,0.92,Heavy congestion detected - signal timing extended and reroute suggested
EVT434976,2025-10-06 07:47:51,Trade Fair,J023,Basavanagudi,5770,Weekday,False,Fog,False,0.0,False,False,0.726,High,21.0,51.7,135.8,0.086,0.199,0.975,Moderate traffic flow - standard adaptive signal timing in effect
EVT434977,2026-03-25 11:23:00,Concert,J031,Cubbon Road,9223,Weekday,False,Clear,False,0.0,False,False,0.412,Moderate,26.4,27.9,156.8,0.113,0.261,0.944,Moderate traffic flow - standard adaptive signal timing in effect
EVT434978,2025-06-24 13:23:17,Political Rally,J023,Basavanagudi,17985,Weekday,False,Clear,False,0.0,False,False,0.307,Low,29.2,24.2,173.0,0.125,0.289,0.99,Moderate traffic flow - standard adaptive signal timing in effect
EVT434979,2026-02-21 17:59:55,Local Market Day,J031,Cubbon Road,2733,Weekend,False,Clear,False,0.0,False,False,0.842,Severe,10.2,63.6,572.1,0.207,0.478,0.943,Heavy congestion detected - signal timing extended and reroute suggested
EVT434980,2026-06-25 16:10:12,Trade Fair,J030,MG Road,5437,Weekday,False,Clear,False,0.0,False,False,0.557,High,25.6,44.0,280.6,0.221,0.511,0.981,Moderate traffic flow - standard adaptive signal timing in effect
EVT434981,2025-01-27 21:47:53,Religious Festival,J012,Koramangala Sony World,24689,Weekday,True,Light Rain,True,3.9,False,False,0.708,High,19.1,49.5,361.6,0.23,0.532,0.863,Festival crowd surge detected - alternate route and extended cycle recommended
EVT434982,2025-01-01 00:58:01,Concert,J040,City Market,10786,Weekday,False,Clear,False,0.0,False,False,0.24,Low,36.8,15.4,60.1,0.071,0.164,0.962,Normal free-flow traffic - standard signal timing maintained
EVT434983,2025-09-08 20:01:12,Local Market Day,J009,Majestic,1654,Weekday,False,Clear,False,0.0,False,False,0.708,High,17.9,47.4,298.9,0.18,0.415,0.978,Moderate traffic flow - standard adaptive signal timing in effect
EVT434984,2025-04-29 08:05:14,Sports Fixture,J011,Indiranagar 100ft Road,10582,Weekday,False,Clear,False,0.0,False,False,0.944,Severe,8.6,65.0,733.3,0.236,0.545,0.941,Heavy congestion detected - signal timing extended and reroute suggested
EVT434985,2025-04-26 07:47:10,Concert,J040,City Market,15593,Weekend,False,Clear,False,0.0,False,False,0.693,High,15.1,49.0,304.0,0.155,0.358,0.961,Moderate traffic flow - standard adaptive signal timing in effect
EVT434986,2026-05-08 15:39:12,Trade Fair,J009,Majestic,6114,Weekday,False,Clear,False,0.0,False,False,0.335,Low,25.8,26.1,153.6,0.108,0.25,0.93,Moderate traffic flow - standard adaptive signal timing in effect
EVT434987,2025-03-12 16:46:26,Trade Fair,J040,City Market,10155,Weekday,False,Clear,False,0.0,False,False,0.741,High,16.4,48.5,169.4,0.093,0.215,0.942,Moderate traffic flow - standard adaptive signal timing in effect
EVT434988,2026-05-11 16:32:26,Local Market Day,J009,Majestic,6183,Weekday,False,Clear,False,0.0,False,False,0.621,High,21.3,48.8,229.3,0.143,0.329,0.99,Moderate traffic flow - standard adaptive signal timing in effect
EVT434989,2026-03-16 19:49:29,Local Market Day,J011,Indiranagar 100ft Road,3533,Weekday,False,Clear,False,0.0,False,False,0.79,Severe,14.9,53.3,325.1,0.162,0.373,0.962,Heavy congestion detected - signal timing extended and reroute suggested
EVT434990,2026-06-02 16:10:52,Local Market Day,J030,MG Road,2618,Weekday,False,Clear,False,0.0,False,False,0.418,Moderate,18.8,29.0,257.0,0.155,0.359,0.984,Moderate traffic flow - standard adaptive signal timing in effect
EVT434991,2026-06-06 17:24:11,Local Market Day,J031,Cubbon Road,4447,Weekend,False,Rain,True,10.3,False,False,0.82,Severe,13.2,54.9,491.3,0.238,0.549,0.923,Heavy rain reducing visibility and grip - reduced speed and longer buffer advised
EVT434992,2026-03-21 07:06:17,Concert,J011,Indiranagar 100ft Road,9557,Weekend,False,Clear,False,0.0,False,False,0.502,Moderate,28.2,34.0,196.6,0.166,0.383,0.953,Moderate traffic flow - standard adaptive signal timing in effect
EVT434993,2025-08-14 09:43:08,Sports Fixture,J011,Indiranagar 100ft Road,27701,Weekday,False,Heavy Rain,True,80.7,False,False,1.0,Severe,7.3,72.2,441.1,0.153,0.354,0.852,Heavy rain reducing visibility and grip - reduced speed and longer buffer advised
EVT434994,2026-05-06 05:50:02,Trade Fair,J009,Majestic,7070,Weekday,False,Clear,False,0.0,False,False,0.24,Low,27.5,15.7,183.4,0.138,0.319,0.955,Normal free-flow traffic - standard signal timing maintained
EVT434995,2026-04-28 13:35:15,Concert,J012,Koramangala Sony World,8766,Weekday,False,Clear,False,0.0,False,False,0.156,Low,37.9,18.1,92.2,0.081,0.186,0.962,Normal free-flow traffic - standard signal timing maintained
EVT434996,2025-11-05 08:06:26,Local Market Day,J040,City Market,2618,Weekday,False,Clear,False,0.0,False,False,0.766,Severe,16.4,56.8,330.0,0.177,0.409,0.936,Heavy congestion detected - signal timing extended and reroute suggested
EVT434997,2025-02-24 08:47:21,Trade Fair,J011,Indiranagar 100ft Road,8569,Weekday,False,Clear,False,0.0,False,False,1.0,Severe,6.6,72.1,461.8,0.146,0.338,0.917,Heavy congestion detected - signal timing extended and reroute suggested
EVT434998,2025-08-06 05:11:51,Local Market Day,J040,City Market,5013,Weekday,False,Clear,False,0.0,False,False,0.231,Low,38.1,13.0,114.8,0.115,0.265,0.954,Normal free-flow traffic - standard signal timing maintained
EVT434999,2025-01-31 21:27:22,Sports Fixture,J011,Indiranagar 100ft Road,33754,Weekday,False,Light Rain,True,3.2,False,False,0.548,Moderate,22.5,35.1,203.0,0.135,0.311,0.919,Light rain detected - minor speed reduction advised
EVT435000,2025-03-14 22:38:08,Cultural Procession,J023,Basavanagudi,29222,Weekday,True,Fog,False,0.0,False,True,0.748,High,15.9,70.9,426.0,0.225,0.519,0.886,Road closure for event/procession - full detour recommended for through-traffic
EVT435001,2025-07-13 21:47:42,Sports Fixture,J012,Koramangala Sony World,15858,Weekend,False,Heavy Rain,True,49.5,False,False,0.763,Severe,14.0,52.1,252.4,0.133,0.307,0.902,Heavy rain reducing visibility and grip - reduced speed and longer buffer advised
EVT435002,2025-01-19 18:00:17,Political Rally,J020,Malleshwaram Circle,9234,Weekend,False,Light Rain,True,7.3,False,False,0.989,Severe,9.5,67.6,585.0,0.212,0.491,0.869,Heavy rain reducing visibility and grip - reduced speed and longer buffer advised
EVT435003,2025-01-19 10:03:40,Local Market Day,J031,Cubbon Road,7258,Weekend,False,Clear,False,0.0,False,False,0.646,High,19.1,50.4,240.8,0.126,0.292,0.957,Moderate traffic flow - standard adaptive signal timing in effect
EVT435004,2026-06-20 18:58:55,Local Market Day,J009,Majestic,2149,Weekend,False,Rain,True,13.8,False,False,0.994,Severe,5.6,69.6,932.3,0.22,0.508,0.866,Heavy rain reducing visibility and grip - reduced speed and longer buffer advised
EVT435005,2026-02-04 08:26:34,Concert,J020,Malleshwaram Circle,14009,Weekday,False,Clear,False,0.0,False,False,0.975,Severe,8.4,66.9,743.4,0.234,0.54,0.922,Heavy congestion detected - signal timing extended and reroute suggested
EVT435006,2025-04-30 13:35:50,Local Market Day,J030,MG Road,2189,Weekday,False,Clear,False,0.0,False,False,0.192,Low,36.9,10.4,44.6,0.045,0.104,0.944,Normal free-flow traffic - standard signal timing maintained
EVT435007,2025-02-05 17:37:53,Political Rally,J030,MG Road,15615,Weekday,False,Clear,False,0.0,False,False,0.989,Severe,7.2,70.7,566.3,0.171,0.394,0.912,Heavy congestion detected - signal timing extended and reroute suggested
EVT435008,2026-04-30 16:04:56,Concert,J030,MG Road,8252,Weekday,False,Clear,False,0.0,False,False,0.328,Low,24.0,19.5,123.6,0.072,0.167,0.974,Moderate traffic flow - standard adaptive signal timing in effect
EVT435009,2026-05-15 23:38:33,Trade Fair,J023,Basavanagudi,7468,Weekday,False,Clear,False,0.0,False,False,0.104,Low,36.6,4.6,65.6,0.062,0.143,0.973,Normal free-flow traffic - standard signal timing maintained
EVT435010,2025-03-21 08:18:07,Trade Fair,J011,Indiranagar 100ft Road,8179,Weekday,False,Clear,False,0.0,False,False,0.973,Severe,10.3,66.8,407.7,0.161,0.371,0.932,Heavy congestion detected - signal timing extended and reroute suggested
EVT435011,2025-01-22 09:34:46,Concert,J030,MG Road,10431,Weekday,False,Clear,False,0.0,False,False,1.0,Severe,8.0,69.8,617.9,0.216,0.5,0.927,Heavy congestion detected - signal timing extended and reroute suggested
EVT435012,2025-03-24 21:58:07,Trade Fair,J030,MG Road,10103,Weekday,False,Clear,False,0.0,False,False,0.297,Low,38.4,17.4,96.7,0.088,0.204,0.99,Moderate traffic flow - standard adaptive signal timing in effect
EVT435013,2026-05-20 19:42:08,Political Rally,J040,City Market,16596,Weekday,False,Clear,False,0.0,False,False,0.929,Severe,10.8,68.5,332.4,0.157,0.363,0.92,Heavy congestion detected - signal timing extended and reroute suggested
EVT435014,2026-05-27 19:28:42,Local Market Day,J009,Majestic,1397,Weekday,False,Clear,False,0.0,False,False,0.887,Severe,11.9,63.1,382.0,0.178,0.411,0.94,Heavy congestion detected - signal timing extended and reroute suggested
EVT435015,2026-05-31 12:56:54,Local Market Day,J030,MG Road,3876,Weekend,False,Clear,False,0.0,False,False,0.305,Low,25.9,16.9,224.5,0.147,0.341,0.961,Moderate traffic flow - standard adaptive signal timing in effect
EVT435016,2025-12-28 18:55:51,Concert,J040,City Market,9518,Weekend,False,Clear,False,0.0,False,False,0.774,Severe,16.3,57.5,311.5,0.149,0.344,0.989,Heavy congestion detected - signal timing extended and reroute suggested
EVT435017,2025-10-02 00:45:17,Religious Festival,J020,Malleshwaram Circle,54370,Weekday,True,Heavy Rain,True,43.8,False,True,1.0,Severe,9.6,95.1,695.1,0.263,0.608,0.802,Road closure for event/procession - full detour recommended for through-traffic
EVT435018,2026-06-09 16:35:48,Sports Fixture,J040,City Market,17307,Weekday,False,Heavy Rain,True,25.0,False,False,0.97,Severe,11.9,67.3,361.4,0.154,0.356,0.886,Heavy rain reducing visibility and grip - reduced speed and longer buffer advised
EVT435019,2025-10-18 16:05:59,Trade Fair,J040,City Market,17989,Weekend,False,Rain,True,17.6,False,False,0.812,Severe,17.5,64.8,334.5,0.174,0.403,0.868,Heavy rain reducing visibility and grip - reduced speed and longer buffer advised
EVT435020,2025-04-20 18:38:11,Trade Fair,J011,Indiranagar 100ft Road,6693,Weekend,False,Clear,False,0.0,False,False,0.901,Severe,13.3,62.7,383.0,0.202,0.467,0.966,Heavy congestion detected - signal timing extended and reroute suggested
EVT435021,2025-11-25 19:19:20,Trade Fair,J031,Cubbon Road,7743,Weekday,False,Clear,False,0.0,False,False,0.951,Severe,8.7,65.4,443.3,0.183,0.422,0.91,Heavy congestion detected - signal timing extended and reroute suggested
EVT435022,2025-07-22 18:47:06,Political Rally,J012,Koramangala Sony World,12776,Weekday,False,Rain,True,11.9,False,False,1.0,Severe,8.3,74.4,492.5,0.187,0.431,0.882,Heavy rain reducing visibility and grip - reduced speed and longer buffer advised
EVT435023,2025-07-29 00:03:39,Local Market Day,J040,City Market,6004,Weekday,False,Rain,True,15.2,False,False,0.392,Moderate,40.3,25.9,160.9,0.176,0.407,0.927,Light rain detected - minor speed reduction advised
EVT435024,2026-03-28 07:01:56,Local Market Day,J020,Malleshwaram Circle,3260,Weekend,False,Light Rain,True,6.2,False,False,0.515,Moderate,21.0,34.0,271.6,0.177,0.41,0.91,Light rain detected - minor speed reduction advised
EVT435025,2025-04-13 08:00:10,Political Rally,J030,MG Road,13358,Weekend,False,Clear,False,0.0,False,False,0.786,Severe,15.3,51.3,184.2,0.12,0.278,0.965,Heavy congestion detected - signal timing extended and reroute suggested
EVT435026,2025-03-02 16:22:49,Trade Fair,J012,Koramangala Sony World,7179,Weekend,False,Clear,False,0.0,False,False,0.617,High,17.4,45.1,148.2,0.083,0.193,0.983,Moderate traffic flow - standard adaptive signal timing in effect
EVT435027,2025-06-28 23:07:39,Trade Fair,J011,Indiranagar 100ft Road,15580,Weekend,False,Rain,True,11.8,False,False,0.514,Moderate,23.8,40.6,182.6,0.146,0.336,0.884,Light rain detected - minor speed reduction advised
EVT435028,2026-06-19 18:11:27,Local Market Day,J031,Cubbon Road,6962,Weekday,False,Clear,False,0.0,False,False,0.919,Severe,9.9,69.8,501.3,0.22,0.509,0.943,Heavy congestion detected - signal timing extended and reroute suggested
EVT435029,2026-03-21 18:38:34,Sports Fixture,J030,MG Road,27452,Weekend,False,Clear,False,0.0,False,False,1.0,Severe,9.7,68.1,525.5,0.229,0.529,0.916,Heavy congestion detected - signal timing extended and reroute suggested
EVT435030,2025-07-16 03:49:17,Trade Fair,J040,City Market,7107,Weekday,False,Heavy Rain,True,68.4,False,False,0.513,Moderate,22.6,34.7,274.6,0.182,0.421,0.904,Light rain detected - minor speed reduction advised
EVT435031,2026-04-11 07:29:33,Sports Fixture,J030,MG Road,11366,Weekend,False,Clear,False,0.0,False,False,0.56,High,24.8,42.2,182.5,0.135,0.311,0.981,Moderate traffic flow - standard adaptive signal timing in effect
EVT435032,2025-10-13 08:03:38,Sports Fixture,J023,Basavanagudi,16806,Weekday,False,Clear,False,0.0,False,False,0.872,Severe,11.9,59.6,346.6,0.149,0.345,0.907,Heavy congestion detected - signal timing extended and reroute suggested
EVT435033,2025-04-22 08:39:26,Sports Fixture,J023,Basavanagudi,24517,Weekday,False,Clear,False,0.0,False,False,1.0,Severe,7.3,71.8,906.7,0.279,0.645,0.936,Heavy congestion detected - signal timing extended and reroute suggested
EVT435034,2026-06-08 19:45:18,Sports Fixture,J031,Cubbon Road,37817,Weekday,False,Rain,True,17.6,False,False,1.0,Severe,8.1,72.0,560.4,0.211,0.487,0.889,Heavy rain reducing visibility and grip - reduced speed and longer buffer advised
EVT435035,2026-01-01 18:01:15,Religious Festival,J031,Cubbon Road,51838,Weekday,True,Clear,False,0.0,False,False,1.0,Severe,9.1,68.1,531.7,0.205,0.475,0.867,Festival crowd surge detected - alternate route and extended cycle recommended
EVT435036,2025-10-09 16:27:25,Political Rally,J031,Cubbon Road,12019,Weekday,False,Clear,False,0.0,False,False,0.628,High,21.1,46.1,264.5,0.175,0.405,0.99,Moderate traffic flow - standard adaptive signal timing in effect
EVT435037,2025-06-14 17:47:50,Concert,J023,Basavanagudi,9445,Weekend,False,Heavy Rain,True,37.0,False,False,1.0,Severe,6.1,76.9,415.7,0.116,0.268,0.898,Heavy rain reducing visibility and grip - reduced speed and longer buffer advised
EVT435038,2025-11-01 18:20:46,Cultural Procession,J011,Indiranagar 100ft Road,18934,Weekend,True,Clear,False,0.0,False,True,1.0,Severe,8.7,97.9,335.6,0.127,0.294,0.834,Road closure for event/procession - full detour recommended for through-traffic
EVT435039,2025-02-10 08:09:20,Sports Fixture,J012,Koramangala Sony World,18984,Weekday,False,Clear,False,0.0,False,False,0.934,Severe,11.0,63.4,518.0,0.211,0.487,0.916,Heavy congestion detected - signal timing extended and reroute suggested
EVT435040,2025-08-06 04:49:11,Sports Fixture,J009,Majestic,16793,Weekday,False,Clear,False,0.0,False,False,0.329,Low,24.2,31.2,221.3,0.149,0.345,0.952,Moderate traffic flow - standard adaptive signal timing in effect
EVT435041,2026-04-01 05:58:32,Local Market Day,J023,Basavanagudi,3494,Weekday,False,Clear,False,0.0,False,False,0.207,Low,32.6,17.4,104.0,0.073,0.168,0.981,Normal free-flow traffic - standard signal timing maintained
EVT435042,2025-04-16 17:08:56,Sports Fixture,J031,Cubbon Road,20400,Weekday,False,Clear,False,0.0,False,False,0.81,Severe,11.5,60.2,320.9,0.138,0.319,0.934,Heavy congestion detected - signal timing extended and reroute suggested
EVT435043,2026-03-16 11:46:03,Political Rally,J031,Cubbon Road,29756,Weekday,False,Clear,False,0.0,False,False,0.462,Moderate,20.3,29.2,316.3,0.189,0.437,0.959,Moderate traffic flow - standard adaptive signal timing in effect
EVT435044,2026-01-29 09:01:50,Local Market Day,J040,City Market,6908,Weekday,False,Clear,False,0.0,False,False,1.0,Severe,9.0,67.4,658.2,0.234,0.54,0.934,Heavy congestion detected - signal timing extended and reroute suggested
EVT435045,2025-10-19 16:17:37,Concert,J020,Malleshwaram Circle,13369,Weekend,False,Rain,True,15.5,False,False,0.685,High,15.7,44.2,235.0,0.123,0.285,0.906,Heavy rain reducing visibility and grip - reduced speed and longer buffer advised
EVT435046,2025-10-30 09:13:50,Sports Fixture,J040,City Market,35326,Weekday,False,Clear,False,0.0,False,False,1.0,Severe,8.1,68.3,474.8,0.149,0.344,0.926,Heavy congestion detected - signal timing extended and reroute suggested
EVT435047,2025-05-28 19:28:31,Trade Fair,J023,Basavanagudi,11020,Weekday,False,Clear,False,0.0,False,False,0.908,Severe,12.2,64.5,534.5,0.251,0.58,0.953,Heavy congestion detected - signal timing extended and reroute suggested
EVT435048,2026-01-24 13:08:20,Sports Fixture,J023,Basavanagudi,17603,Weekend,False,Clear,False,0.0,False,False,0.252,Low,36.9,16.7,107.0,0.086,0.199,0.983,Moderate traffic flow - standard adaptive signal timing in effect
EVT435049,2025-03-23 19:43:35,Sports Fixture,J031,Cubbon Road,29991,Weekend,False,Clear,False,0.0,False,False,0.896,Severe,10.6,66.5,270.8,0.102,0.236,0.95,Heavy congestion detected - signal timing extended and reroute suggested
EVT435050,2025-09-25 12:41:02,Concert,J031,Cubbon Road,12112,Weekday,False,Clear,False,0.0,False,False,0.263,Low,25.2,12.6,132.0,0.092,0.213,0.972,Moderate traffic flow - standard adaptive signal timing in effect
EVT435051,2025-05-11 17:49:11,Local Market Day,J020,Malleshwaram Circle,3159,Weekend,False,Clear,False,0.0,False,False,0.856,Severe,13.2,67.9,425.5,0.188,0.434,0.923,Heavy congestion detected - signal timing extended and reroute suggested
EVT435052,2025-01-09 15:49:13,Trade Fair,J023,Basavanagudi,9480,Weekday,False,Clear,False,0.0,False,False,0.329,Low,30.9,25.5,242.2,0.202,0.466,0.975,Moderate traffic flow - standard adaptive signal timing in effect
EVT435053,2026-06-26 08:31:59,Sports Fixture,J020,Malleshwaram Circle,31078,Weekday,False,Clear,False,0.0,False,False,1.0,Severe,8.9,70.4,406.7,0.157,0.362,0.888,Heavy congestion detected - signal timing extended and reroute suggested
EVT435054,2025-03-29 22:19:08,Local Market Day,J023,Basavanagudi,3286,Weekend,False,Clear,False,0.0,False,False,0.247,Low,35.9,20.0,120.1,0.099,0.228,0.985,Normal free-flow traffic - standard signal timing maintained
EVT435055,2025-07-31 10:35:10,Sports Fixture,J020,Malleshwaram Circle,21985,Weekday,False,Clear,False,0.0,False,False,0.687,High,16.0,52.1,156.2,0.086,0.199,0.972,Moderate traffic flow - standard adaptive signal timing in effect
EVT435056,2025-12-16 17:20:32,Concert,J031,Cubbon Road,7528,Weekday,False,Clear,False,0.0,False,False,0.81,Severe,13.1,56.6,413.5,0.188,0.435,0.956,Heavy congestion detected - signal timing extended and reroute suggested
EVT435057,2025-09-09 17:11:49,Concert,J040,City Market,11409,Weekday,False,Clear,False,0.0,False,False,0.837,Severe,16.5,54.7,293.7,0.164,0.378,0.936,Heavy congestion detected - signal timing extended and reroute suggested
EVT435058,2025-08-19 10:06:24,Political Rally,J031,Cubbon Road,10886,Weekday,False,Clear,False,0.0,False,False,0.789,Severe,16.0,49.8,330.6,0.157,0.363,0.951,Heavy congestion detected - signal timing extended and reroute suggested
EVT435059,2025-08-26 16:46:25,Local Market Day,J031,Cubbon Road,6065,Weekday,False,Rain,True,8.2,False,False,0.824,Severe,15.0,58.9,229.2,0.142,0.328,0.906,Heavy rain reducing visibility and grip - reduced speed and longer buffer advised
EVT435060,2026-02-16 17:39:46,Concert,J023,Basavanagudi,15138,Weekday,False,Clear,False,0.0,False,False,0.942,Severe,9.9,67.0,500.7,0.183,0.423,0.931,Heavy congestion detected - signal timing extended and reroute suggested
EVT435061,2026-06-05 08:24:10,Trade Fair,J012,Koramangala Sony World,7663,Weekday,False,Clear,False,0.0,False,False,1.0,Severe,9.6,70.7,650.9,0.25,0.578,0.899,Heavy congestion detected - signal timing extended and reroute suggested
EVT435062,2025-11-10 07:53:06,Trade Fair,J031,Cubbon Road,13905,Weekday,False,Clear,False,0.0,False,False,0.853,Severe,11.0,62.7,377.7,0.145,0.336,0.972,Heavy congestion detected - signal timing extended and reroute suggested
EVT435063,2026-02-09 08:01:47,Sports Fixture,J023,Basavanagudi,19478,Weekday,False,Clear,False,0.0,False,False,0.935,Severe,10.8,62.0,692.4,0.27,0.623,0.931,Heavy congestion detected - signal timing extended and reroute suggested
EVT435064,2026-04-30 13:00:16,Political Rally,J009,Majestic,16556,Weekday,False,Clear,False,0.0,False,False,0.283,Low,29.2,28.6,60.8,0.055,0.127,0.983,Moderate traffic flow - standard adaptive signal timing in effect
EVT435065,2025-08-19 17:53:42,Sports Fixture,J020,Malleshwaram Circle,16567,Weekday,False,Clear,False,0.0,False,False,1.0,Severe,8.0,67.4,866.2,0.275,0.636,0.904,Heavy congestion detected - signal timing extended and reroute suggested
EVT435066,2026-05-05 15:38:52,Sports Fixture,J011,Indiranagar 100ft Road,27347,Weekday,False,Clear,False,0.0,False,False,0.46,Moderate,27.2,35.8,238.7,0.166,0.385,0.968,Moderate traffic flow - standard adaptive signal timing in effect
EVT435067,2026-05-14 19:47:14,Concert,J020,Malleshwaram Circle,8614,Weekday,False,Clear,False,0.0,False,False,0.832,Severe,13.6,56.7,303.7,0.147,0.34,0.95,Heavy congestion detected - signal timing extended and reroute suggested
EVT435068,2025-07-05 11:58:32,Trade Fair,J020,Malleshwaram Circle,5547,Weekend,False,Clear,False,0.0,False,False,0.333,Low,29.7,20.2,169.8,0.105,0.242,0.928,Moderate traffic flow - standard adaptive signal timing in effect
EVT435069,2026-01-18 17:16:46,Local Market Day,J040,City Market,3788,Weekend,False,Clear,False,0.0,False,False,0.681,High,18.4,45.0,366.5,0.215,0.497,0.979,Moderate traffic flow - standard adaptive signal timing in effect
EVT435070,2025-02-16 13:57:08,Sports Fixture,J011,Indiranagar 100ft Road,17646,Weekend,False,Clear,False,0.0,False,False,0.414,Moderate,22.4,29.2,361.8,0.242,0.56,0.961,Moderate traffic flow - standard adaptive signal timing in effect
EVT435071,2025-12-14 07:12:13,Sports Fixture,J030,MG Road,28063,Weekend,False,Clear,False,0.0,False,False,0.615,High,16.4,34.4,261.1,0.139,0.322,0.96,Moderate traffic flow - standard adaptive signal timing in effect
EVT435072,2026-04-10 19:21:49,Political Rally,J012,Koramangala Sony World,20229,Weekday,False,Clear,False,0.0,False,False,0.97,Severe,9.8,69.7,527.8,0.198,0.457,0.911,Heavy congestion detected - signal timing extended and reroute suggested
EVT435073,2026-03-19 23:29:10,Fireworks Display,J030,MG Road,44168,Weekday,True,Clear,False,0.0,False,False,0.673,High,19.6,52.7,262.4,0.189,0.436,0.904,Festival crowd surge detected - alternate route and extended cycle recommended
EVT435074,2026-05-30 21:53:44,Concert,J030,MG Road,8196,Weekend,False,Rain,True,17.3,False,False,0.572,High,16.8,39.2,302.7,0.165,0.38,0.924,Heavy rain reducing visibility and grip - reduced speed and longer buffer advised
EVT435075,2025-08-02 07:41:11,Trade Fair,J023,Basavanagudi,10940,Weekend,False,Heavy Rain,True,37.9,False,False,0.991,Severe,8.7,72.0,664.4,0.239,0.551,0.883,Heavy rain reducing visibility and grip - reduced speed and longer buffer advised
EVT435076,2025-03-25 18:11:18,Political Rally,J040,City Market,11181,Weekday,False,Clear,False,0.0,False,False,1.0,Severe,8.0,74.1,474.1,0.169,0.391,0.917,Heavy congestion detected - signal timing extended and reroute suggested
EVT435077,2025-08-03 08:02:52,Concert,J030,MG Road,7981,Weekend,False,Clear,False,0.0,False,False,0.754,Severe,16.5,51.9,344.7,0.207,0.478,0.94,Heavy congestion detected - signal timing extended and reroute suggested
EVT435078,2025-10-09 00:00:16,Concert,J020,Malleshwaram Circle,11768,Weekday,False,Clear,False,0.0,False,False,0.228,Low,28.6,9.6,205.6,0.157,0.363,0.964,Normal free-flow traffic - standard signal timing maintained
EVT435079,2026-06-11 20:11:22,Sports Fixture,J031,Cubbon Road,8911,Weekday,False,Rain,True,16.2,False,False,0.809,Severe,15.1,55.7,363.3,0.194,0.447,0.903,Heavy rain reducing visibility and grip - reduced speed and longer buffer advised
EVT435080,2025-09-08 19:18:39,Concert,J023,Basavanagudi,13428,Weekday,False,Clear,False,0.0,False,False,0.992,Severe,9.1,77.2,513.7,0.197,0.455,0.921,Heavy congestion detected - signal timing extended and reroute suggested
EVT435081,2025-10-11 11:13:48,Sports Fixture,J012,Koramangala Sony World,25778,Weekend,False,Clear,False,0.0,False,False,0.526,Moderate,24.9,35.5,168.1,0.112,0.26,0.973,Moderate traffic flow - standard adaptive signal timing in effect
EVT435082,2025-03-01 22:55:55,Concert,J023,Basavanagudi,7894,Weekend,False,Clear,False,0.0,False,False,0.233,Low,27.6,11.0,207.6,0.155,0.359,0.98,Normal free-flow traffic - standard signal timing maintained
EVT435083,2026-06-05 21:12:07,Political Rally,J011,Indiranagar 100ft Road,16513,Weekday,False,Clear,False,0.0,False,False,0.427,Moderate,20.4,36.2,124.3,0.07,0.161,0.983,Moderate traffic flow - standard adaptive signal timing in effect
EVT435084,2026-01-24 08:01:49,Trade Fair,J012,Koramangala Sony World,9858,Weekend,False,Clear,False,0.0,False,False,0.752,Severe,13.9,51.5,396.7,0.191,0.442,0.96,Heavy congestion detected - signal timing extended and reroute suggested
EVT435085,2026-05-05 14:08:57,Sports Fixture,J012,Koramangala Sony World,16582,Weekday,False,Clear,False,0.0,False,False,0.221,Low,32.8,16.1,152.7,0.126,0.292,0.978,Normal free-flow traffic - standard signal timing maintained
EVT435086,2026-02-17 13:22:59,Local Market Day,J030,MG Road,2470,Weekday,False,Clear,False,0.0,False,False,0.105,Low,37.4,11.2,174.0,0.152,0.352,0.99,Normal free-flow traffic - standard signal timing maintained
EVT435087,2026-01-23 17:46:32,Local Market Day,J011,Indiranagar 100ft Road,3440,Weekday,False,Clear,False,0.0,False,False,0.974,Severe,8.6,71.9,702.4,0.241,0.558,0.903,Heavy congestion detected - signal timing extended and reroute suggested
EVT435088,2026-04-29 18:45:47,Sports Fixture,J040,City Market,20825,Weekday,False,Clear,False,0.0,False,False,1.0,Severe,7.8,78.4,670.7,0.211,0.488,0.91,Heavy congestion detected - signal timing extended and reroute suggested
EVT435089,2026-06-26 09:38:46,Concert,J020,Malleshwaram Circle,14049,Weekday,False,Rain,True,18.1,False,False,1.0,Severe,9.9,69.7,388.9,0.173,0.4,0.87,Heavy rain reducing visibility and grip - reduced speed and longer buffer advised
EVT435090,2025-08-07 20:23:43,Sports Fixture,J031,Cubbon Road,24449,Weekday,False,Fog,False,0.0,False,False,0.784,Severe,15.0,59.8,434.0,0.22,0.509,0.961,Heavy congestion detected - signal timing extended and reroute suggested
EVT435091,2025-04-26 19:43:17,Concert,J040,City Market,9213,Weekend,False,Clear,False,0.0,False,False,0.848,Severe,14.0,64.7,299.4,0.155,0.357,0.954,Heavy congestion detected - signal timing extended and reroute suggested
EVT435092,2025-01-03 17:23:54,Local Market Day,J030,MG Road,7884,Weekday,False,Clear,False,0.0,False,False,0.883,Severe,11.1,63.3,161.8,0.067,0.156,0.918,Heavy congestion detected - signal timing extended and reroute suggested
EVT435093,2025-05-21 12:12:15,Sports Fixture,J020,Malleshwaram Circle,24266,Weekday,False,Clear,False,0.0,False,False,0.414,Moderate,29.8,26.5,161.4,0.131,0.302,0.99,Moderate traffic flow - standard adaptive signal timing in effect
EVT435094,2025-05-24 17:28:20,Local Market Day,J031,Cubbon Road,5228,Weekend,False,Rain,True,9.8,False,False,0.869,Severe,13.5,60.1,397.3,0.196,0.454,0.906,Heavy rain reducing visibility and grip - reduced speed and longer buffer advised
EVT435095,2025-07-22 20:01:55,Concert,J023,Basavanagudi,7086,Weekday,False,Heavy Rain,True,77.0,False,False,1.0,Severe,6.9,69.8,541.8,0.152,0.351,0.871,Heavy rain reducing visibility and grip - reduced speed and longer buffer advised
EVT435096,2025-11-06 17:52:29,Political Rally,J030,MG Road,21228,Weekday,False,Clear,False,0.0,False,False,1.0,Severe,8.1,71.4,667.2,0.232,0.536,0.912,Heavy congestion detected - signal timing extended and reroute suggested
EVT435097,2025-06-17 09:00:03,Local Market Day,J030,MG Road,5970,Weekday,False,Clear,False,0.0,False,False,0.986,Severe,6.7,72.8,841.0,0.236,0.546,0.915,Heavy congestion detected - signal timing extended and reroute suggested
EVT435098,2026-03-04 21:59:20,Religious Festival,J012,Koramangala Sony World,96729,Weekday,True,Clear,False,0.0,False,False,0.853,Severe,13.6,60.7,335.2,0.147,0.339,0.937,Festival crowd surge detected - alternate route and extended cycle recommended
EVT435099,2025-04-05 12:15:57,Sports Fixture,J009,Majestic,41483,Weekend,False,Clear,False,0.0,False,False,0.518,Moderate,23.7,34.6,162.9,0.11,0.254,0.965,Moderate traffic flow - standard adaptive signal timing in effect
EVT435100,2025-09-13 06:07:06,Concert,J012,Koramangala Sony World,13073,Weekend,False,Rain,True,17.4,False,False,0.531,Moderate,22.8,39.4,204.4,0.121,0.28,0.939,Light rain detected - minor speed reduction advised
EVT435101,2025-02-12 07:13:13,Trade Fair,J040,City Market,9523,Weekday,False,Clear,False,0.0,False,False,0.578,High,20.0,38.5,178.5,0.116,0.268,0.986,Moderate traffic flow - standard adaptive signal timing in effect
EVT435102,2026-04-14 07:59:45,Fireworks Display,J011,Indiranagar 100ft Road,25299,Weekday,True,Clear,False,0.0,False,False,1.0,Severe,8.1,72.9,671.3,0.207,0.479,0.848,Festival crowd surge detected - alternate route and extended cycle recommended
EVT435103,2025-06-04 19:32:31,Sports Fixture,J023,Basavanagudi,26785,Weekday,False,Clear,False,0.0,False,False,0.98,Severe,7.6,73.8,493.4,0.172,0.396,0.926,Heavy congestion detected - signal timing extended and reroute suggested
EVT435104,2026-05-11 21:19:51,Concert,J012,Koramangala Sony World,12016,Weekday,False,Clear,False,0.0,False,False,0.428,Moderate,27.4,32.3,207.4,0.155,0.358,0.959,Moderate traffic flow - standard adaptive signal timing in effect
EVT435105,2025-08-04 11:04:50,Local Market Day,J031,Cubbon Road,5036,Weekday,False,Heavy Rain,True,66.8,False,False,0.893,Severe,13.7,65.0,502.0,0.256,0.591,0.904,Heavy rain reducing visibility and grip - reduced speed and longer buffer advised
EVT435106,2025-02-17 09:20:30,Trade Fair,J012,Koramangala Sony World,7840,Weekday,False,Clear,False,0.0,False,False,0.961,Severe,9.6,71.1,400.0,0.156,0.361,0.902,Heavy congestion detected - signal timing extended and reroute suggested
EVT435107,2026-03-27 07:25:19,Religious Festival,J012,Koramangala Sony World,55108,Weekday,True,Clear,False,0.0,False,False,1.0,Severe,9.2,69.9,795.0,0.262,0.605,0.844,Festival crowd surge detected - alternate route and extended cycle recommended
EVT435108,2026-02-12 15:36:42,Sports Fixture,J011,Indiranagar 100ft Road,17281,Weekday,False,Clear,False,0.0,False,False,0.319,Low,32.8,25.8,213.6,0.202,0.468,0.983,Moderate traffic flow - standard adaptive signal timing in effect
EVT435109,2025-09-25 11:26:49,Concert,J011,Indiranagar 100ft Road,10164,Weekday,False,Clear,False,0.0,False,False,0.403,Moderate,22.7,30.8,359.1,0.235,0.544,0.945,Moderate traffic flow - standard adaptive signal timing in effect
EVT435110,2026-03-13 07:13:10,Sports Fixture,J011,Indiranagar 100ft Road,21653,Weekday,False,Clear,False,0.0,False,False,0.597,High,24.5,44.6,155.7,0.142,0.328,0.944,Moderate traffic flow - standard adaptive signal timing in effect
EVT435111,2025-10-25 17:41:07,Trade Fair,J012,Koramangala Sony World,6281,Weekend,False,Clear,False,0.0,False,False,0.761,Severe,19.0,49.9,330.1,0.208,0.48,0.964,Heavy congestion detected - signal timing extended and reroute suggested
EVT435112,2025-06-10 07:47:53,Concert,J009,Majestic,11500,Weekday,False,Clear,False,0.0,False,False,0.791,Severe,13.6,57.8,449.2,0.22,0.508,0.952,Heavy congestion detected - signal timing extended and reroute suggested
EVT435113,2026-03-30 18:11:13,Local Market Day,J011,Indiranagar 100ft Road,6967,Weekday,False,Clear,False,0.0,False,False,1.0,Severe,7.1,70.2,716.5,0.215,0.497,0.941,Heavy congestion detected - signal timing extended and reroute suggested
EVT435114,2026-03-02 11:50:03,Local Market Day,J020,Malleshwaram Circle,2969,Weekday,False,Fog,False,0.0,False,False,0.229,Low,26.3,18.2,192.2,0.132,0.304,0.953,Normal free-flow traffic - standard signal timing maintained
EVT435115,2025-11-05 11:28:16,Local Market Day,J031,Cubbon Road,5222,Weekday,False,Light Rain,True,3.3,False,False,0.374,Moderate,32.2,21.5,143.1,0.125,0.289,0.926,Light rain detected - minor speed reduction advised
EVT435116,2026-02-28 10:24:57,Concert,J030,MG Road,24108,Weekend,False,Clear,False,0.0,False,False,0.698,High,16.2,44.9,302.3,0.17,0.392,0.949,Moderate traffic flow - standard adaptive signal timing in effect
EVT435117,2025-02-17 19:32:37,Trade Fair,J040,City Market,6554,Weekday,False,Clear,False,0.0,False,False,0.815,Severe,15.6,59.0,225.8,0.124,0.286,0.952,Heavy congestion detected - signal timing extended and reroute suggested
EVT435118,2025-04-30 08:26:43,Political Rally,J040,City Market,14563,Weekday,False,Clear,False,0.0,False,False,1.0,Severe,8.1,68.6,404.0,0.146,0.338,0.918,Heavy congestion detected - signal timing extended and reroute suggested
EVT435119,2025-11-17 11:01:20,Local Market Day,J023,Basavanagudi,4606,Weekday,False,Light Rain,True,4.4,False,False,0.426,Moderate,25.9,26.7,196.0,0.15,0.348,0.915,Light rain detected - minor speed reduction advised
EVT435120,2025-11-12 08:28:15,Local Market Day,J012,Koramangala Sony World,5264,Weekday,False,Clear,False,0.0,False,False,0.973,Severe,9.9,71.5,490.1,0.197,0.455,0.901,Heavy congestion detected - signal timing extended and reroute suggested
EVT435121,2026-03-09 12:57:25,Sports Fixture,J009,Majestic,22089,Weekday,False,Clear,False,0.0,False,False,0.324,Low,32.3,21.6,154.2,0.145,0.334,0.972,Moderate traffic flow - standard adaptive signal timing in effect
EVT435122,2025-02-07 10:47:21,Local Market Day,J040,City Market,4206,Weekday,False,Clear,False,0.0,False,False,0.515,Moderate,22.4,37.6,226.0,0.151,0.349,0.982,Moderate traffic flow - standard adaptive signal timing in effect
EVT435123,2026-05-15 11:46:44,Concert,J040,City Market,11258,Weekday,False,Clear,False,0.0,False,False,0.347,Low,28.5,29.1,141.7,0.122,0.281,0.97,Moderate traffic flow - standard adaptive signal timing in effect
EVT435124,2026-05-25 09:04:26,Trade Fair,J030,MG Road,8598,Weekday,False,Heavy Rain,True,26.6,False,False,1.0,Severe,8.3,68.5,822.1,0.278,0.641,0.861,Heavy rain reducing visibility and grip - reduced speed and longer buffer advised
EVT435125,2025-04-19 17:18:09,Local Market Day,J020,Malleshwaram Circle,6611,Weekend,False,Clear,False,0.0,False,False,0.781,Severe,17.6,56.7,292.5,0.186,0.43,0.967,Heavy congestion detected - signal timing extended and reroute suggested
EVT435126,2025-06-15 19:39:33,Concert,J009,Majestic,12791,Weekend,False,Clear,False,0.0,False,False,0.826,Severe,15.3,49.9,314.0,0.19,0.438,0.934,Heavy congestion detected - signal timing extended and reroute suggested
EVT435127,2025-03-26 19:46:44,Sports Fixture,J040,City Market,25438,Weekday,False,Clear,False,0.0,False,False,0.885,Severe,14.2,61.0,139.2,0.065,0.149,0.939,Heavy congestion detected - signal timing extended and reroute suggested
EVT435128,2025-01-26 19:41:55,Fireworks Display,J030,MG Road,34853,Weekend,True,Clear,False,0.0,False,False,1.0,Severe,10.0,72.4,624.6,0.242,0.559,0.861,Festival crowd surge detected - alternate route and extended cycle recommended
EVT435129,2026-06-12 10:51:40,Local Market Day,J012,Koramangala Sony World,2759,Weekday,False,Clear,False,0.0,False,False,0.484,Moderate,29.0,39.8,152.2,0.117,0.269,0.973,Moderate traffic flow - standard adaptive signal timing in effect
EVT435130,2025-10-22 12:00:03,Religious Festival,J040,City Market,44233,Weekday,True,Clear,False,0.0,False,False,0.757,Severe,14.7,52.4,253.9,0.135,0.313,0.927,Festival crowd surge detected - alternate route and extended cycle recommended
EVT435131,2025-06-25 00:14:28,Local Market Day,J023,Basavanagudi,5444,Weekday,False,Clear,False,0.0,False,False,0.222,Low,26.3,16.1,76.8,0.05,0.115,0.931,Normal free-flow traffic - standard signal timing maintained
EVT435132,2025-01-04 13:00:08,Sports Fixture,J023,Basavanagudi,41596,Weekend,False,Clear,False,0.0,False,False,0.517,Moderate,25.5,33.0,189.7,0.146,0.337,0.965,Moderate traffic flow - standard adaptive signal timing in effect
EVT435133,2025-02-19 15:33:37,Sports Fixture,J009,Majestic,17372,Weekday,False,Clear,False,0.0,False,False,0.4,Moderate,23.8,29.4,234.4,0.144,0.333,0.98,Moderate traffic flow - standard adaptive signal timing in effect
EVT435134,2025-07-29 07:29:45,Concert,J040,City Market,5539,Weekday,False,Light Rain,True,3.3,False,False,0.693,High,19.8,53.5,340.8,0.221,0.511,0.928,Heavy rain reducing visibility and grip - reduced speed and longer buffer advised
EVT435135,2025-06-10 14:10:26,Political Rally,J012,Koramangala Sony World,14152,Weekday,False,Clear,False,0.0,False,False,0.321,Low,31.3,18.5,168.4,0.136,0.313,0.986,Moderate traffic flow - standard adaptive signal timing in effect
EVT435136,2026-04-19 11:36:05,Local Market Day,J030,MG Road,2536,Weekend,False,Clear,False,0.0,False,False,0.368,Moderate,23.2,23.8,133.9,0.097,0.225,0.99,Moderate traffic flow - standard adaptive signal timing in effect
EVT435137,2025-12-10 21:00:58,Concert,J031,Cubbon Road,10387,Weekday,False,Clear,False,0.0,False,False,0.431,Moderate,29.3,30.9,221.0,0.193,0.445,0.979,Moderate traffic flow - standard adaptive signal timing in effect
EVT435138,2025-05-09 08:39:22,Trade Fair,J009,Majestic,8756,Weekday,False,Clear,False,0.0,False,False,1.0,Severe,5.9,70.2,371.0,0.117,0.271,0.917,Heavy congestion detected - signal timing extended and reroute suggested
EVT435139,2025-03-18 08:20:56,Political Rally,J020,Malleshwaram Circle,9506,Weekday,False,Clear,False,0.0,False,False,0.993,Severe,7.9,72.7,810.1,0.263,0.608,0.944,Heavy congestion detected - signal timing extended and reroute suggested
EVT435140,2026-06-17 09:34:01,Concert,J040,City Market,14093,Weekday,False,Heavy Rain,True,40.8,False,False,1.0,Severe,9.8,65.3,622.3,0.243,0.562,0.873,Heavy rain reducing visibility and grip - reduced speed and longer buffer advised
EVT435141,2025-09-27 17:25:20,Trade Fair,J023,Basavanagudi,9940,Weekend,False,Light Rain,True,1.5,False,False,0.816,Severe,16.4,61.4,310.4,0.18,0.416,0.884,Heavy rain reducing visibility and grip - reduced speed and longer buffer advised
EVT435142,2025-04-15 14:56:46,Religious Festival,J011,Indiranagar 100ft Road,59470,Weekday,True,Clear,False,0.0,False,True,0.901,Severe,11.9,91.7,241.3,0.127,0.293,0.849,Road closure for event/procession - full detour recommended for through-traffic
EVT435143,2026-01-24 05:05:57,Trade Fair,J020,Malleshwaram Circle,6229,Weekend,False,Clear,False,0.0,False,False,0.229,Low,30.4,18.7,148.9,0.108,0.249,0.99,Normal free-flow traffic - standard signal timing maintained
EVT435144,2026-04-04 19:57:18,Sports Fixture,J031,Cubbon Road,31426,Weekend,False,Clear,False,0.0,False,False,0.792,Severe,12.9,58.3,296.2,0.133,0.306,0.939,Heavy congestion detected - signal timing extended and reroute suggested
EVT435145,2026-06-26 12:13:22,Trade Fair,J030,MG Road,13797,Weekday,False,Clear,False,0.0,False,False,0.241,Low,28.8,15.0,176.8,0.123,0.284,0.961,Normal free-flow traffic - standard signal timing maintained
EVT435146,2026-01-15 10:57:20,Cultural Procession,J012,Koramangala Sony World,7409,Weekday,True,Clear,False,0.0,True,True,1.0,Severe,8.8,105.5,399.4,0.158,0.366,0.676,Road closure for event/procession - full detour recommended for through-traffic
EVT435147,2025-10-15 04:25:30,Sports Fixture,J023,Basavanagudi,24354,Weekday,False,Clear,False,0.0,False,False,0.353,Moderate,32.0,30.7,109.6,0.082,0.19,0.941,Moderate traffic flow - standard adaptive signal timing in effect
EVT435148,2025-07-10 17:49:26,Local Market Day,J040,City Market,5375,Weekday,False,Heavy Rain,True,46.0,False,False,1.0,Severe,7.6,66.3,535.8,0.169,0.391,0.863,Heavy rain reducing visibility and grip - reduced speed and longer buffer advised
EVT435149,2025-02-23 23:46:40,Concert,J040,City Market,10328,Weekend,False,Clear,False,0.0,True,False,0.726,High,13.2,49.5,345.7,0.173,0.401,0.805,Accident detected nearby - reroute and reduced speed advised
EVT435150,2025-09-26 10:41:29,Sports Fixture,J031,Cubbon Road,18227,Weekday,False,Clear,False,0.0,False,False,0.643,High,20.1,50.7,149.8,0.082,0.189,0.961,Moderate traffic flow - standard adaptive signal timing in effect
EVT435151,2025-08-07 08:48:40,Local Market Day,J011,Indiranagar 100ft Road,3077,Weekday,False,Clear,False,0.0,False,False,0.956,Severe,10.2,63.1,564.3,0.237,0.548,0.917,Heavy congestion detected - signal timing extended and reroute suggested
EVT435152,2026-05-30 16:57:30,Trade Fair,J023,Basavanagudi,17024,Weekend,False,Clear,False,0.0,False,False,0.765,Severe,16.9,53.5,227.3,0.128,0.295,0.957,Heavy congestion detected - signal timing extended and reroute suggested
EVT435153,2026-04-10 17:39:07,Concert,J012,Koramangala Sony World,10990,Weekday,False,Clear,False,0.0,False,False,0.927,Severe,14.3,68.7,164.6,0.099,0.228,0.936,Heavy congestion detected - signal timing extended and reroute suggested
EVT435154,2025-06-05 16:41:03,Local Market Day,J031,Cubbon Road,3994,Weekday,False,Clear,False,0.0,False,False,0.606,High,19.9,41.3,185.1,0.106,0.246,0.976,Moderate traffic flow - standard adaptive signal timing in effect
EVT435155,2026-06-09 19:14:51,Trade Fair,J023,Basavanagudi,10559,Weekday,False,Fog,False,0.0,False,False,1.0,Severe,7.3,71.3,513.4,0.153,0.354,0.914,Heavy congestion detected - signal timing extended and reroute suggested
EVT435156,2026-04-25 20:31:02,Sports Fixture,J011,Indiranagar 100ft Road,28644,Weekend,False,Clear,False,0.0,False,False,0.585,High,16.3,46.3,147.4,0.098,0.226,0.948,Moderate traffic flow - standard adaptive signal timing in effect
EVT435157,2025-02-14 09:42:09,Sports Fixture,J011,Indiranagar 100ft Road,11328,Weekday,False,Clear,False,0.0,False,False,0.943,Severe,10.5,66.4,279.6,0.12,0.278,0.922,Heavy congestion detected - signal timing extended and reroute suggested
EVT435158,2025-05-18 15:02:29,Concert,J031,Cubbon Road,13899,Weekend,False,Clear,False,0.0,False,False,0.299,Low,34.2,19.6,156.8,0.13,0.3,0.959,Moderate traffic flow - standard adaptive signal timing in effect
EVT435159,2026-02-20 16:21:58,Concert,J012,Koramangala Sony World,14665,Weekday,False,Clear,False,0.0,False,False,0.59,High,23.4,41.2,230.2,0.166,0.383,0.969,Moderate traffic flow - standard adaptive signal timing in effect
EVT435160,2025-01-26 07:54:05,Cultural Procession,J031,Cubbon Road,17069,Weekend,True,Clear,False,0.0,False,True,1.0,Severe,9.7,101.3,407.0,0.157,0.362,0.821,Road closure for event/procession - full detour recommended for through-traffic
EVT435161,2025-12-22 22:47:29,Local Market Day,J023,Basavanagudi,5567,Weekday,False,Clear,False,0.0,False,False,0.183,Low,35.4,12.5,159.2,0.119,0.276,0.961,Normal free-flow traffic - standard signal timing maintained
EVT435162,2025-12-22 18:02:13,Trade Fair,J031,Cubbon Road,17952,Weekday,False,Clear,False,0.0,False,False,1.0,Severe,10.2,65.3,357.6,0.145,0.334,0.885,Heavy congestion detected - signal timing extended and reroute suggested
EVT435163,2025-04-15 16:41:38,Cultural Procession,J040,City Market,24330,Weekday,True,Clear,False,0.0,False,True,1.0,Severe,7.5,97.7,705.5,0.239,0.551,0.84,Road closure for event/procession - full detour recommended for through-traffic
EVT435164,2025-06-14 21:53:04,Sports Fixture,J009,Majestic,33867,Weekend,False,Clear,False,0.0,False,False,0.449,Moderate,26.5,37.8,220.7,0.171,0.396,0.958,Moderate traffic flow - standard adaptive signal timing in effect
EVT435165,2025-09-29 17:17:43,Political Rally,J040,City Market,9271,Weekday,False,Fog,False,0.0,False,False,0.882,Severe,10.4,70.2,471.1,0.192,0.444,0.933,Heavy congestion detected - signal timing extended and reroute suggested
EVT435166,2025-02-05 16:41:54,Sports Fixture,J012,Koramangala Sony World,29101,Weekday,False,Clear,False,0.0,False,False,0.877,Severe,13.1,68.3,440.2,0.196,0.453,0.936,Heavy congestion detected - signal timing extended and reroute suggested
EVT435167,2025-01-24 19:43:12,Concert,J030,MG Road,12417,Weekday,False,Clear,False,0.0,False,False,0.801,Severe,18.3,57.1,241.8,0.154,0.355,0.942,Heavy congestion detected - signal timing extended and reroute suggested
EVT435168,2025-08-05 18:24:07,Local Market Day,J040,City Market,5180,Weekday,False,Clear,False,0.0,False,False,1.0,Severe,8.6,68.4,258.0,0.1,0.232,0.917,Heavy congestion detected - signal timing extended and reroute suggested
EVT435169,2025-07-17 08:21:25,Concert,J030,MG Road,13709,Weekday,False,Rain,True,15.8,False,False,1.0,Severe,9.0,81.8,636.4,0.226,0.521,0.855,Heavy rain reducing visibility and grip - reduced speed and longer buffer advised
EVT435170,2026-04-20 08:56:54,Trade Fair,J009,Majestic,13803,Weekday,False,Clear,False,0.0,False,False,1.0,Severe,8.1,78.4,623.8,0.213,0.493,0.941,Heavy congestion detected - signal timing extended and reroute suggested
EVT435171,2026-05-02 05:18:00,Cultural Procession,J040,City Market,11154,Weekend,True,Clear,False,0.0,False,False,0.501,Moderate,31.7,42.4,202.9,0.171,0.396,0.914,Festival crowd surge detected - alternate route and extended cycle recommended
EVT435172,2026-05-25 15:03:42,Political Rally,J031,Cubbon Road,15363,Weekday,False,Clear,False,0.0,False,False,0.287,Low,31.7,25.7,169.1,0.147,0.339,0.957,Moderate traffic flow - standard adaptive signal timing in effect
EVT435173,2026-06-10 15:34:24,Concert,J040,City Market,10737,Weekday,False,Clear,False,0.0,False,False,0.387,Moderate,27.2,25.3,139.2,0.093,0.214,0.969,Moderate traffic flow - standard adaptive signal timing in effect
EVT435174,2025-02-23 11:39:35,Trade Fair,J009,Majestic,6645,Weekend,False,Clear,False,0.0,False,False,0.366,Moderate,30.4,28.3,88.8,0.083,0.192,0.982,Moderate traffic flow - standard adaptive signal timing in effect
EVT435175,2025-01-29 17:07:13,Concert,J031,Cubbon Road,8123,Weekday,False,Clear,False,0.0,False,False,0.749,High,20.0,49.6,323.7,0.23,0.532,0.973,Moderate traffic flow - standard adaptive signal timing in effect
EVT435176,2025-01-06 18:41:37,Local Market Day,J011,Indiranagar 100ft Road,2836,Weekday,False,Clear,False,0.0,False,False,1.0,Severe,6.9,73.0,614.1,0.18,0.416,0.923,Heavy congestion detected - signal timing extended and reroute suggested
EVT435177,2025-07-27 06:29:07,Sports Fixture,J031,Cubbon Road,39715,Weekend,False,Heavy Rain,True,32.6,False,False,0.957,Severe,9.2,66.7,372.8,0.163,0.376,0.898,Heavy rain reducing visibility and grip - reduced speed and longer buffer advised
EVT435178,2025-03-17 20:01:40,Sports Fixture,J030,MG Road,28591,Weekday,False,Clear,False,0.0,False,False,0.841,Severe,11.9,58.3,518.7,0.248,0.572,0.963,Heavy congestion detected - signal timing extended and reroute suggested
EVT435179,2025-01-18 17:04:40,Sports Fixture,J011,Indiranagar 100ft Road,11461,Weekend,False,Clear,False,0.0,False,False,0.67,High,16.6,49.0,233.6,0.131,0.303,0.978,Moderate traffic flow - standard adaptive signal timing in effect
EVT435180,2025-07-29 13:59:26,Concert,J009,Majestic,14678,Weekday,False,Clear,False,0.0,False,False,0.286,Low,34.4,19.3,111.6,0.106,0.244,0.946,Moderate traffic flow - standard adaptive signal timing in effect
EVT435181,2025-04-06 14:00:24,Religious Festival,J011,Indiranagar 100ft Road,55116,Weekend,True,Clear,False,0.0,False,True,0.916,Severe,10.3,90.5,614.6,0.255,0.589,0.837,Road closure for event/procession - full detour recommended for through-traffic
EVT435182,2025-08-03 15:14:29,Local Market Day,J011,Indiranagar 100ft Road,5816,Weekend,False,Light Rain,True,2.7,False,False,0.398,Moderate,32.5,31.1,174.8,0.141,0.326,0.927,Light rain detected - minor speed reduction advised
EVT435183,2026-02-27 09:23:15,Trade Fair,J009,Majestic,7617,Weekday,False,Clear,False,0.0,False,False,0.991,Severe,7.1,73.0,839.2,0.238,0.55,0.936,Heavy congestion detected - signal timing extended and reroute suggested
EVT435184,2025-01-07 19:30:05,Local Market Day,J031,Cubbon Road,3487,Weekday,False,Light Rain,True,2.0,False,False,0.937,Severe,11.7,64.5,367.6,0.173,0.399,0.87,Heavy rain reducing visibility and grip - reduced speed and longer buffer advised
EVT435185,2025-07-05 18:15:42,Sports Fixture,J009,Majestic,14791,Weekend,False,Rain,True,10.7,False,False,1.0,Severe,7.9,69.8,390.1,0.153,0.353,0.87,Heavy rain reducing visibility and grip - reduced speed and longer buffer advised
EVT435186,2025-05-14 07:57:39,Trade Fair,J012,Koramangala Sony World,8097,Weekday,False,Rain,True,15.3,False,False,1.0,Severe,9.4,69.5,385.2,0.155,0.358,0.846,Heavy rain reducing visibility and grip - reduced speed and longer buffer advised
EVT435187,2025-12-07 18:38:30,Local Market Day,J020,Malleshwaram Circle,3891,Weekend,False,Clear,False,0.0,False,False,0.886,Severe,11.7,63.7,414.6,0.187,0.432,0.95,Heavy congestion detected - signal timing extended and reroute suggested
EVT435188,2026-01-11 13:54:02,Trade Fair,J012,Koramangala Sony World,3343,Weekend,False,Clear,False,0.0,False,False,0.245,Low,30.5,10.3,201.4,0.169,0.39,0.941,Normal free-flow traffic - standard signal timing maintained
EVT435189,2025-07-21 17:11:48,Concert,J023,Basavanagudi,7042,Weekday,False,Heavy Rain,True,76.6,False,False,1.0,Severe,8.1,68.9,664.5,0.22,0.508,0.884,Heavy rain reducing visibility and grip - reduced speed and longer buffer advised
EVT435190,2026-02-07 15:52:13,Sports Fixture,J009,Majestic,15902,Weekend,False,Clear,False,0.0,False,False,0.537,Moderate,21.5,32.0,303.0,0.19,0.439,0.96,Moderate traffic flow - standard adaptive signal timing in effect
EVT435191,2026-05-27 20:25:49,Local Market Day,J009,Majestic,3371,Weekday,False,Heavy Rain,True,29.9,False,False,0.876,Severe,9.8,63.3,266.6,0.095,0.219,0.89,Heavy rain reducing visibility and grip - reduced speed and longer buffer advised
EVT435192,2025-06-08 18:56:00,Concert,J023,Basavanagudi,11413,Weekend,False,Heavy Rain,True,42.4,False,False,1.0,Severe,8.7,73.9,401.3,0.152,0.352,0.877,Heavy rain reducing visibility and grip - reduced speed and longer buffer advised
EVT435193,2025-08-02 14:52:33,Political Rally,J030,MG Road,15167,Weekend,False,Clear,False,0.0,False,False,0.345,Low,29.5,25.9,154.9,0.139,0.322,0.948,Moderate traffic flow - standard adaptive signal timing in effect
EVT435194,2025-03-13 07:52:32,Local Market Day,J031,Cubbon Road,3348,Weekday,False,Clear,False,0.0,False,False,0.814,Severe,13.1,49.6,455.5,0.2,0.463,0.942,Heavy congestion detected - signal timing extended and reroute suggested
EVT435195,2026-02-09 18:47:28,Sports Fixture,J009,Majestic,20169,Weekday,False,Clear,False,0.0,False,False,1.0,Severe,7.6,73.4,843.2,0.256,0.591,0.902,Heavy congestion detected - signal timing extended and reroute suggested
EVT435196,2025-03-08 17:27:57,Political Rally,J020,Malleshwaram Circle,21542,Weekend,False,Clear,False,0.0,False,False,0.839,Severe,15.5,59.7,306.1,0.179,0.412,0.922,Heavy congestion detected - signal timing extended and reroute suggested
EVT435197,2026-06-21 20:58:54,Sports Fixture,J040,City Market,21167,Weekend,False,Clear,False,0.0,False,False,0.532,Moderate,22.9,35.4,256.9,0.189,0.436,0.97,Moderate traffic flow - standard adaptive signal timing in effect
EVT435198,2025-06-01 12:31:18,Local Market Day,J023,Basavanagudi,4943,Weekend,False,Heavy Rain,True,26.0,True,False,0.974,Severe,8.3,74.3,493.5,0.197,0.456,0.705,Accident detected nearby - reroute and reduced speed advised
EVT435199,2026-06-16 00:28:13,Concert,J031,Cubbon Road,14071,Weekday,False,Clear,False,0.0,False,False,0.244,Low,33.0,17.8,87.5,0.07,0.162,0.99,Normal free-flow traffic - standard signal timing maintained
EVT435200,2025-09-07 11:41:21,Concert,J012,Koramangala Sony World,10242,Weekend,False,Clear,False,0.0,False,False,0.359,Moderate,31.9,20.5,128.2,0.119,0.276,0.965,Moderate traffic flow - standard adaptive signal timing in effect
EVT435201,2025-08-21 08:17:34,Trade Fair,J011,Indiranagar 100ft Road,8953,Weekday,False,Fog,False,0.0,False,False,0.936,Severe,9.8,67.9,540.4,0.199,0.461,0.923,Heavy congestion detected - signal timing extended and reroute suggested
EVT435202,2025-06-24 20:56:27,Trade Fair,J040,City Market,10893,Weekday,False,Fog,False,0.0,False,False,0.456,Moderate,29.0,34.1,169.8,0.111,0.258,0.958,Moderate traffic flow - standard adaptive signal timing in effect
EVT435203,2026-01-31 08:37:52,Sports Fixture,J030,MG Road,21951,Weekend,False,Clear,False,0.0,False,False,1.0,Severe,8.2,68.9,651.4,0.209,0.484,0.921,Heavy congestion detected - signal timing extended and reroute suggested
EVT435204,2025-03-23 21:26:45,Local Market Day,J020,Malleshwaram Circle,4718,Weekend,False,Clear,False,0.0,False,False,0.378,Moderate,31.0,25.1,125.8,0.1,0.232,0.958,Moderate traffic flow - standard adaptive signal timing in effect
EVT435205,2025-10-20 15:40:51,Fireworks Display,J012,Koramangala Sony World,45778,Weekday,True,Clear,False,0.0,False,False,0.848,Severe,10.6,60.9,353.4,0.132,0.305,0.879,Festival crowd surge detected - alternate route and extended cycle recommended
EVT435206,2026-04-03 20:13:19,Local Market Day,J009,Majestic,3757,Weekday,False,Clear,False,0.0,False,False,0.698,High,20.1,46.5,360.2,0.239,0.553,0.969,Moderate traffic flow - standard adaptive signal timing in effect
EVT435207,2026-06-01 11:06:35,Local Market Day,J020,Malleshwaram Circle,3712,Weekday,False,Clear,False,0.0,False,False,0.428,Moderate,28.4,35.5,177.0,0.138,0.319,0.98,Moderate traffic flow - standard adaptive signal timing in effect
EVT435208,2026-01-20 18:06:00,Concert,J009,Majestic,9047,Weekday,False,Clear,False,0.0,False,False,1.0,Severe,9.9,77.2,484.3,0.203,0.47,0.908,Heavy congestion detected - signal timing extended and reroute suggested
EVT435209,2026-06-09 01:44:36,Sports Fixture,J031,Cubbon Road,18971,Weekday,False,Fog,False,0.0,False,False,0.205,Low,31.1,16.9,197.3,0.139,0.321,0.97,Normal free-flow traffic - standard signal timing maintained
EVT435210,2025-11-11 13:38:43,Sports Fixture,J020,Malleshwaram Circle,17851,Weekday,False,Clear,False,0.0,False,False,0.283,Low,34.7,18.9,114.6,0.094,0.216,0.957,Moderate traffic flow - standard adaptive signal timing in effect
EVT435211,2025-03-17 09:14:35,Trade Fair,J030,MG Road,7177,Weekday,False,Clear,False,0.0,False,False,0.955,Severe,9.6,71.9,548.9,0.214,0.494,0.944,Heavy congestion detected - signal timing extended and reroute suggested
EVT435212,2025-08-07 07:10:26,Sports Fixture,J031,Cubbon Road,12654,Weekday,False,Clear,False,0.0,False,False,0.572,High,22.5,35.3,249.1,0.182,0.421,0.969,Moderate traffic flow - standard adaptive signal timing in effect
EVT435213,2025-09-14 15:31:13,Sports Fixture,J012,Koramangala Sony World,23607,Weekend,False,Rain,True,14.4,False,False,0.676,High,18.8,52.2,263.1,0.158,0.364,0.925,Heavy rain reducing visibility and grip - reduced speed and longer buffer advised
EVT435214,2025-07-13 20:13:17,Local Market Day,J012,Koramangala Sony World,5716,Weekend,False,Clear,False,0.0,False,False,0.607,High,26.0,48.7,229.9,0.178,0.411,0.956,Moderate traffic flow - standard adaptive signal timing in effect
EVT435215,2025-06-08 07:27:26,Local Market Day,J020,Malleshwaram Circle,4317,Weekend,False,Clear,False,0.0,False,False,0.592,High,21.0,45.3,201.4,0.14,0.324,0.97,Moderate traffic flow - standard adaptive signal timing in effect
EVT435216,2025-03-28 14:21:08,Trade Fair,J020,Malleshwaram Circle,9392,Weekday,False,Light Rain,True,6.7,False,False,0.393,Moderate,26.4,25.5,231.9,0.173,0.401,0.903,Light rain detected - minor speed reduction advised
EVT435217,2025-07-20 17:36:32,Local Market Day,J011,Indiranagar 100ft Road,5094,Weekend,False,Clear,False,0.0,False,False,0.772,Severe,12.7,59.5,401.2,0.19,0.439,0.979,Heavy congestion detected - signal timing extended and reroute suggested
EVT435218,2025-03-10 21:29:35,Local Market Day,J011,Indiranagar 100ft Road,3509,Weekday,False,Clear,False,0.0,False,False,0.29,Low,28.1,20.9,61.6,0.046,0.106,0.959,Moderate traffic flow - standard adaptive signal timing in effect
EVT435219,2026-01-01 15:04:49,Religious Festival,J011,Indiranagar 100ft Road,29591,Weekday,True,Clear,False,0.0,False,False,0.642,High,14.7,41.3,550.6,0.269,0.62,0.898,Festival crowd surge detected - alternate route and extended cycle recommended
EVT435220,2025-01-29 10:16:43,Trade Fair,J011,Indiranagar 100ft Road,6762,Weekday,False,Clear,False,0.0,False,False,0.671,High,11.8,54.7,249.6,0.127,0.293,0.977,Moderate traffic flow - standard adaptive signal timing in effect
EVT435221,2025-03-24 07:34:30,Local Market Day,J011,Indiranagar 100ft Road,3526,Weekday,False,Clear,False,0.0,False,False,0.677,High,19.5,51.3,310.3,0.206,0.476,0.96,Moderate traffic flow - standard adaptive signal timing in effect
EVT435222,2025-11-18 08:53:43,Local Market Day,J040,City Market,5736,Weekday,False,Clear,False,0.0,False,False,1.0,Severe,9.2,68.7,393.5,0.136,0.315,0.913,Heavy congestion detected - signal timing extended and reroute suggested
EVT435223,2025-03-14 09:38:07,Religious Festival,J020,Malleshwaram Circle,40735,Weekday,True,Clear,False,0.0,False,True,1.0,Severe,7.7,101.1,346.1,0.145,0.336,0.84,Road closure for event/procession - full detour recommended for through-traffic
EVT435224,2025-09-15 15:42:59,Sports Fixture,J023,Basavanagudi,23078,Weekday,False,Clear,False,0.0,False,False,0.461,Moderate,25.0,30.2,181.0,0.118,0.272,0.961,Moderate traffic flow - standard adaptive signal timing in effect
EVT435225,2026-04-20 17:12:24,Concert,J040,City Market,13600,Weekday,False,Clear,False,0.0,False,False,0.9,Severe,10.4,62.6,290.7,0.133,0.307,0.944,Heavy congestion detected - signal timing extended and reroute suggested
EVT435226,2026-04-06 21:14:16,Local Market Day,J009,Majestic,5249,Weekday,False,Clear,False,0.0,False,False,0.344,Low,32.1,25.0,229.4,0.219,0.506,0.952,Moderate traffic flow - standard adaptive signal timing in effect
EVT435227,2025-05-30 17:40:43,Concert,J020,Malleshwaram Circle,7964,Weekday,False,Clear,False,0.0,False,False,0.919,Severe,7.6,64.3,519.3,0.17,0.393,0.941,Heavy congestion detected - signal timing extended and reroute suggested
EVT435228,2026-02-10 16:54:26,Sports Fixture,J031,Cubbon Road,12784,Weekday,False,Clear,False,0.0,False,False,0.702,High,12.8,47.5,244.5,0.107,0.248,0.962,Moderate traffic flow - standard adaptive signal timing in effect
EVT435229,2025-10-15 10:39:28,Political Rally,J030,MG Road,10856,Weekday,False,Clear,False,0.0,False,False,0.665,High,23.9,47.7,186.6,0.16,0.369,0.949,Moderate traffic flow - standard adaptive signal timing in effect
EVT435230,2025-03-30 12:34:42,Fireworks Display,J020,Malleshwaram Circle,42137,Weekend,True,Clear,False,0.0,False,False,0.759,Severe,17.2,56.2,407.5,0.242,0.559,0.901,Festival crowd surge detected - alternate route and extended cycle recommended
EVT435231,2025-11-11 09:11:36,Concert,J020,Malleshwaram Circle,6789,Weekday,False,Clear,False,0.0,False,False,1.0,Severe,9.6,67.4,469.3,0.193,0.445,0.906,Heavy congestion detected - signal timing extended and reroute suggested
EVT435232,2025-11-18 22:14:22,Trade Fair,J040,City Market,9214,Weekday,False,Clear,False,0.0,False,False,0.22,Low,38.8,14.7,138.6,0.138,0.318,0.948,Normal free-flow traffic - standard signal timing maintained
EVT435233,2026-05-31 18:09:06,Local Market Day,J040,City Market,2017,Weekend,False,Rain,True,21.9,False,False,1.0,Severe,6.7,71.3,881.4,0.241,0.557,0.897,Heavy rain reducing visibility and grip - reduced speed and longer buffer advised
EVT435234,2025-08-23 13:52:16,Sports Fixture,J020,Malleshwaram Circle,31522,Weekend,False,Rain,True,21.7,False,False,0.668,High,19.2,49.9,232.8,0.155,0.358,0.939,Heavy rain reducing visibility and grip - reduced speed and longer buffer advised
EVT435235,2026-04-26 11:03:37,Trade Fair,J040,City Market,8005,Weekend,False,Clear,False,0.0,False,False,0.496,Moderate,17.5,34.5,170.7,0.109,0.252,0.975,Moderate traffic flow - standard adaptive signal timing in effect
EVT435236,2025-05-03 16:56:18,Political Rally,J009,Majestic,10520,Weekend,False,Clear,False,0.0,False,False,0.682,High,20.0,46.3,168.0,0.099,0.228,0.959,Moderate traffic flow - standard adaptive signal timing in effect
EVT435237,2025-05-13 21:06:32,Trade Fair,J023,Basavanagudi,9017,Weekday,False,Clear,False,0.0,False,False,0.456,Moderate,25.7,32.0,255.3,0.171,0.395,0.985,Moderate traffic flow - standard adaptive signal timing in effect
EVT435238,2025-03-04 07:15:47,Trade Fair,J030,MG Road,5419,Weekday,False,Clear,False,0.0,False,False,0.523,Moderate,28.2,35.6,320.4,0.254,0.587,0.939,Moderate traffic flow - standard adaptive signal timing in effect
EVT435239,2025-04-20 09:26:29,Concert,J020,Malleshwaram Circle,18862,Weekend,False,Clear,False,0.0,False,False,0.842,Severe,10.5,66.3,717.7,0.287,0.663,0.964,Heavy congestion detected - signal timing extended and reroute suggested
EVT435240,2025-07-25 14:44:32,Concert,J009,Majestic,10117,Weekday,False,Clear,False,0.0,False,False,0.275,Low,39.5,20.4,133.9,0.117,0.269,0.984,Moderate traffic flow - standard adaptive signal timing in effect
EVT435241,2026-04-01 16:44:00,Local Market Day,J012,Koramangala Sony World,3749,Weekday,False,Clear,False,0.0,False,False,0.616,High,16.3,49.4,316.9,0.179,0.414,0.957,Moderate traffic flow - standard adaptive signal timing in effect
EVT435242,2025-05-16 08:29:00,Local Market Day,J012,Koramangala Sony World,3365,Weekday,False,Clear,False,0.0,False,False,0.978,Severe,8.8,65.4,594.2,0.211,0.488,0.92,Heavy congestion detected - signal timing extended and reroute suggested
EVT435243,2025-08-17 08:42:36,Sports Fixture,J030,MG Road,18853,Weekend,False,Clear,False,0.0,False,False,0.923,Severe,12.7,64.3,729.7,0.349,0.806,0.947,Heavy congestion detected - signal timing extended and reroute suggested
EVT435244,2025-02-03 17:50:22,Trade Fair,J030,MG Road,8468,Weekday,False,Clear,False,0.0,False,False,0.894,Severe,11.0,69.0,263.9,0.128,0.295,0.955,Heavy congestion detected - signal timing extended and reroute suggested
EVT435245,2025-03-22 10:06:59,Sports Fixture,J012,Koramangala Sony World,24195,Weekend,False,Clear,False,0.0,False,False,0.736,High,13.8,52.8,425.6,0.22,0.507,0.952,Moderate traffic flow - standard adaptive signal timing in effect
EVT435246,2025-01-07 07:11:17,Political Rally,J023,Basavanagudi,28971,Weekday,False,Clear,False,0.0,False,False,0.705,High,21.8,60.5,356.3,0.248,0.574,0.963,Moderate traffic flow - standard adaptive signal timing in effect
EVT435247,2025-03-09 05:06:13,Political Rally,J040,City Market,13230,Weekend,False,Clear,False,0.0,False,False,0.314,Low,29.7,16.2,108.8,0.084,0.194,0.945,Moderate traffic flow - standard adaptive signal timing in effect
EVT435248,2025-05-04 10:06:22,Concert,J031,Cubbon Road,10343,Weekend,False,Clear,False,0.0,False,False,0.752,Severe,12.9,60.4,384.5,0.162,0.375,0.94,Heavy congestion detected - signal timing extended and reroute suggested
EVT435249,2025-10-28 21:54:30,Local Market Day,J020,Malleshwaram Circle,2881,Weekday,False,Rain,True,10.5,False,False,0.38,Moderate,28.6,28.9,227.8,0.148,0.342,0.889,Light rain detected - minor speed reduction advised
EVT435250,2026-03-05 08:10:26,Religious Festival,J023,Basavanagudi,44978,Weekday,True,Clear,False,0.0,False,False,1.0,Severe,8.1,73.2,467.1,0.149,0.344,0.865,Festival crowd surge detected - alternate route and extended cycle recommended
EVT435251,2025-08-08 07:28:01,Concert,J031,Cubbon Road,10584,Weekday,False,Heavy Rain,True,72.5,False,False,1.0,Severe,7.8,73.5,495.9,0.172,0.398,0.856,Heavy rain reducing visibility and grip - reduced speed and longer buffer advised
EVT435252,2025-08-09 18:51:12,Local Market Day,J030,MG Road,4763,Weekend,False,Clear,False,0.0,False,False,0.813,Severe,15.8,57.4,210.8,0.133,0.308,0.967,Heavy congestion detected - signal timing extended and reroute suggested
EVT435253,2025-11-02 08:49:00,Fireworks Display,J030,MG Road,25095,Weekend,True,Rain,True,12.5,False,False,1.0,Severe,9.6,74.9,495.3,0.203,0.468,0.809,Festival crowd surge detected - alternate route and extended cycle recommended
EVT435254,2025-03-15 17:34:29,Cultural Procession,J020,Malleshwaram Circle,10799,Weekend,True,Clear,False,0.0,False,True,1.0,Severe,7.3,97.5,537.1,0.18,0.416,0.834,Road closure for event/procession - full detour recommended for through-traffic
EVT435255,2025-05-20 05:43:08,Local Market Day,J011,Indiranagar 100ft Road,4064,Weekday,False,Clear,False,0.0,False,False,0.205,Low,28.3,12.4,168.4,0.13,0.301,0.965,Normal free-flow traffic - standard signal timing maintained
EVT435256,2025-02-26 06:43:06,Political Rally,J023,Basavanagudi,13556,Weekday,False,Clear,False,0.0,False,False,0.413,Moderate,30.2,24.6,173.4,0.155,0.357,0.976,Moderate traffic flow - standard adaptive signal timing in effect
EVT435257,2025-01-27 20:45:55,Fireworks Display,J023,Basavanagudi,34378,Weekday,True,Clear,False,0.0,False,False,0.945,Severe,8.2,64.4,730.3,0.25,0.579,0.878,Festival crowd surge detected - alternate route and extended cycle recommended
EVT435258,2026-01-20 16:15:25,Local Market Day,J012,Koramangala Sony World,4443,Weekday,False,Clear,False,0.0,False,False,0.431,Moderate,30.6,28.2,175.5,0.15,0.346,0.957,Moderate traffic flow - standard adaptive signal timing in effect
EVT435259,2026-03-28 16:10:03,Local Market Day,J009,Majestic,2505,Weekend,False,Light Rain,True,5.8,False,False,0.577,High,20.6,37.3,247.8,0.131,0.303,0.923,Heavy rain reducing visibility and grip - reduced speed and longer buffer advised
EVT435260,2026-01-02 18:37:10,Cultural Procession,J012,Koramangala Sony World,35038,Weekday,True,Clear,False,0.0,False,True,1.0,Severe,8.5,99.7,479.6,0.182,0.42,0.822,Road closure for event/procession - full detour recommended for through-traffic
EVT435261,2026-01-13 19:26:31,Trade Fair,J011,Indiranagar 100ft Road,6888,Weekday,False,Clear,False,0.0,False,False,0.83,Severe,13.1,64.4,412.1,0.173,0.4,0.967,Heavy congestion detected - signal timing extended and reroute suggested
EVT435262,2025-04-18 20:51:23,Trade Fair,J030,MG Road,9929,Weekday,False,Clear,False,0.0,False,False,0.524,Moderate,21.3,33.2,164.1,0.103,0.238,0.979,Moderate traffic flow - standard adaptive signal timing in effect
EVT435263,2025-04-02 17:10:46,Trade Fair,J009,Majestic,7769,Weekday,False,Fog,False,0.0,False,False,0.863,Severe,10.8,59.6,585.9,0.248,0.572,0.939,Heavy congestion detected - signal timing extended and reroute suggested
EVT435264,2025-03-13 09:18:18,Sports Fixture,J012,Koramangala Sony World,15167,Weekday,False,Clear,False,0.0,False,False,1.0,Severe,7.8,71.8,479.8,0.147,0.338,0.913,Heavy congestion detected - signal timing extended and reroute suggested
EVT435265,2026-05-03 16:27:07,Local Market Day,J012,Koramangala Sony World,4586,Weekend,False,Clear,False,0.0,False,False,0.533,Moderate,27.8,38.4,131.1,0.089,0.206,0.985,Moderate traffic flow - standard adaptive signal timing in effect
EVT435266,2026-01-16 17:47:34,Concert,J012,Koramangala Sony World,8210,Weekday,False,Clear,False,0.0,False,False,1.0,Severe,9.3,75.3,400.6,0.143,0.331,0.931,Heavy congestion detected - signal timing extended and reroute suggested
EVT435267,2025-04-03 13:55:10,Local Market Day,J009,Majestic,3429,Weekday,False,Clear,False,0.0,False,False,0.212,Low,34.5,14.2,143.2,0.133,0.308,0.969,Normal free-flow traffic - standard signal timing maintained
EVT435268,2026-05-27 17:19:06,Sports Fixture,J030,MG Road,26961,Weekday,False,Rain,True,16.5,False,False,1.0,Severe,8.6,73.9,737.5,0.237,0.548,0.88,Heavy rain reducing visibility and grip - reduced speed and longer buffer advised
EVT435269,2025-02-09 14:53:59,Local Market Day,J012,Koramangala Sony World,4643,Weekend,False,Clear,False,0.0,False,False,0.286,Low,29.6,13.4,176.9,0.13,0.3,0.941,Moderate traffic flow - standard adaptive signal timing in effect
EVT435270,2025-05-23 15:51:20,Sports Fixture,J040,City Market,18987,Weekday,False,Clear,False,0.0,False,False,0.485,Moderate,27.5,37.8,110.3,0.096,0.221,0.966,Moderate traffic flow - standard adaptive signal timing in effect
EVT435271,2025-05-23 09:29:44,Concert,J020,Malleshwaram Circle,9286,Weekday,False,Clear,False,0.0,False,False,0.954,Severe,10.2,65.7,383.5,0.161,0.372,0.931,Heavy congestion detected - signal timing extended and reroute suggested
EVT435272,2026-02-14 15:42:18,Trade Fair,J030,MG Road,9948,Weekend,False,Clear,False,0.0,False,False,0.416,Moderate,26.8,27.6,201.2,0.13,0.3,0.971,Moderate traffic flow - standard adaptive signal timing in effect
EVT435273,2025-07-26 09:41:27,Local Market Day,J031,Cubbon Road,4231,Weekend,False,Clear,False,0.0,False,False,0.882,Severe,14.3,65.1,413.9,0.228,0.527,0.954,Heavy congestion detected - signal timing extended and reroute suggested
EVT435274,2025-08-07 19:06:26,Local Market Day,J009,Majestic,3636,Weekday,False,Clear,False,0.0,False,False,1.0,Severe,7.6,65.9,290.4,0.112,0.258,0.92,Heavy congestion detected - signal timing extended and reroute suggested
EVT435275,2026-01-18 19:29:38,Local Market Day,J012,Koramangala Sony World,6747,Weekend,False,Clear,False,0.0,False,False,0.762,Severe,12.1,49.4,408.9,0.175,0.405,0.979,Heavy congestion detected - signal timing extended and reroute suggested
EVT435276,2026-06-25 07:33:20,Local Market Day,J012,Koramangala Sony World,2632,Weekday,False,Clear,False,0.0,False,False,0.63,High,22.8,43.8,156.8,0.116,0.268,0.937,Moderate traffic flow - standard adaptive signal timing in effect
EVT435277,2025-02-07 20:28:05,Sports Fixture,J011,Indiranagar 100ft Road,22650,Weekday,False,Clear,False,0.0,False,False,0.69,High,21.2,43.5,279.5,0.206,0.476,0.961,Moderate traffic flow - standard adaptive signal timing in effect
EVT435278,2025-07-31 15:30:08,Local Market Day,J023,Basavanagudi,7857,Weekday,False,Clear,False,0.0,False,False,0.368,Moderate,29.0,24.0,84.4,0.076,0.175,0.971,Moderate traffic flow - standard adaptive signal timing in effect
EVT435279,2025-11-04 08:22:04,Sports Fixture,J023,Basavanagudi,21821,Weekday,False,Clear,False,0.0,False,False,1.0,Severe,9.8,67.4,554.3,0.213,0.493,0.926,Heavy congestion detected - signal timing extended and reroute suggested
EVT435280,2025-03-04 09:41:32,Concert,J020,Malleshwaram Circle,15863,Weekday,False,Clear,False,0.0,False,False,0.998,Severe,7.2,65.0,846.4,0.265,0.613,0.919,Heavy congestion detected - signal timing extended and reroute suggested
EVT435281,2026-06-24 13:19:09,Sports Fixture,J023,Basavanagudi,16958,Weekday,False,Heavy Rain,True,36.4,True,False,0.96,Severe,11.3,69.3,361.9,0.149,0.345,0.718,Accident detected nearby - reroute and reduced speed advised
EVT435282,2025-02-06 07:30:05,Trade Fair,J012,Koramangala Sony World,11003,Weekday,False,Clear,False,0.0,False,False,0.572,High,25.0,43.0,177.6,0.142,0.328,0.977,Moderate traffic flow - standard adaptive signal timing in effect
EVT435283,2026-02-15 08:47:20,Local Market Day,J023,Basavanagudi,2366,Weekend,False,Clear,False,0.0,False,False,0.812,Severe,18.1,62.8,336.5,0.177,0.41,0.966,Heavy congestion detected - signal timing extended and reroute suggested
EVT435284,2025-05-21 15:11:24,Local Market Day,J009,Majestic,5829,Weekday,False,Clear,False,0.0,False,False,0.21,Low,45.6,17.4,130.5,0.181,0.418,0.982,Normal free-flow traffic - standard signal timing maintained
EVT435285,2025-06-21 16:03:16,Political Rally,J023,Basavanagudi,14377,Weekend,False,Clear,False,0.0,True,False,0.923,Severe,12.3,67.4,370.2,0.164,0.38,0.773,Accident detected nearby - reroute and reduced speed advised
EVT435286,2025-12-13 10:33:27,Local Market Day,J023,Basavanagudi,3303,Weekend,False,Clear,False,0.0,False,False,0.536,Moderate,21.1,37.8,229.7,0.141,0.326,0.943,Moderate traffic flow - standard adaptive signal timing in effect
EVT435287,2025-09-23 08:19:52,Political Rally,J009,Majestic,30568,Weekday,False,Clear,False,0.0,False,False,1.0,Severe,7.6,79.3,923.2,0.277,0.639,0.923,Heavy congestion detected - signal timing extended and reroute suggested
EVT435288,2025-01-15 17:36:28,Fireworks Display,J011,Indiranagar 100ft Road,33319,Weekday,True,Clear,False,0.0,False,False,1.0,Severe,9.4,65.5,818.9,0.323,0.746,0.876,Festival crowd surge detected - alternate route and extended cycle recommended
EVT435289,2025-02-14 08:01:30,Concert,J009,Majestic,15126,Weekday,False,Clear,False,0.0,False,False,0.826,Severe,12.0,62.2,341.6,0.152,0.352,0.936,Heavy congestion detected - signal timing extended and reroute suggested
EVT435290,2025-11-07 08:12:01,Local Market Day,J020,Malleshwaram Circle,3359,Weekday,False,Clear,False,0.0,False,False,0.836,Severe,12.8,57.0,321.7,0.146,0.337,0.946,Heavy congestion detected - signal timing extended and reroute suggested
EVT435291,2026-04-23 06:50:13,Trade Fair,J011,Indiranagar 100ft Road,14998,Weekday,False,Clear,False,0.0,False,False,0.43,Moderate,31.5,29.9,94.6,0.083,0.191,0.967,Moderate traffic flow - standard adaptive signal timing in effect
EVT435292,2025-04-12 08:49:09,Local Market Day,J020,Malleshwaram Circle,4864,Weekend,False,Clear,False,0.0,False,False,0.836,Severe,16.3,62.7,220.2,0.113,0.261,0.942,Heavy congestion detected - signal timing extended and reroute suggested
EVT435293,2025-08-11 19:20:40,Concert,J031,Cubbon Road,19668,Weekday,False,Heavy Rain,True,29.9,False,False,1.0,Severe,8.5,66.4,554.2,0.187,0.431,0.864,Heavy rain reducing visibility and grip - reduced speed and longer buffer advised
EVT435294,2026-02-25 20:33:36,Local Market Day,J009,Majestic,5193,Weekday,False,Clear,False,0.0,False,False,0.551,High,18.2,41.6,239.8,0.152,0.352,0.99,Moderate traffic flow - standard adaptive signal timing in effect
EVT435295,2025-04-02 15:25:02,Sports Fixture,J020,Malleshwaram Circle,18873,Weekday,False,Clear,False,0.0,False,False,0.39,Moderate,27.2,26.2,112.4,0.07,0.162,0.963,Moderate traffic flow - standard adaptive signal timing in effect
EVT435296,2025-09-20 17:47:41,Trade Fair,J030,MG Road,9779,Weekend,False,Clear,False,0.0,False,False,0.871,Severe,16.5,66.3,369.2,0.233,0.538,0.911,Heavy congestion detected - signal timing extended and reroute suggested
EVT435297,2025-10-08 09:11:48,Local Market Day,J009,Majestic,8261,Weekday,False,Heavy Rain,True,37.0,False,False,1.0,Severe,6.8,71.8,658.6,0.169,0.391,0.887,Heavy rain reducing visibility and grip - reduced speed and longer buffer advised
EVT435298,2025-01-06 16:27:58,Trade Fair,J031,Cubbon Road,5137,Weekday,False,Clear,False,0.0,False,False,0.605,High,21.0,48.5,287.4,0.188,0.434,0.959,Moderate traffic flow - standard adaptive signal timing in effect
EVT435299,2025-03-28 17:09:03,Sports Fixture,J020,Malleshwaram Circle,20731,Weekday,False,Clear,False,0.0,False,False,0.827,Severe,13.2,59.6,291.0,0.119,0.274,0.965,Heavy congestion detected - signal timing extended and reroute suggested
EVT435300,2026-03-30 16:10:35,Sports Fixture,J023,Basavanagudi,39826,Weekday,False,Clear,False,0.0,False,False,0.712,High,18.0,45.1,266.2,0.151,0.349,0.982,Moderate traffic flow - standard adaptive signal timing in effect
EVT435301,2025-10-11 17:44:22,Local Market Day,J009,Majestic,3557,Weekend,False,Clear,False,0.0,False,False,0.759,Severe,15.8,57.9,224.1,0.119,0.275,0.955,Heavy congestion detected - signal timing extended and reroute suggested
EVT435302,2025-03-20 09:54:26,Trade Fair,J023,Basavanagudi,9357,Weekday,False,Fog,False,0.0,False,False,0.969,Severe,10.4,69.4,167.7,0.09,0.208,0.9,Heavy congestion detected - signal timing extended and reroute suggested
EVT435303,2026-01-05 17:00:43,Local Market Day,J020,Malleshwaram Circle,3931,Weekday,False,Clear,False,0.0,False,False,0.747,High,19.7,48.5,282.8,0.169,0.391,0.976,Moderate traffic flow - standard adaptive signal timing in effect
EVT435304,2025-02-05 17:50:14,Sports Fixture,J031,Cubbon Road,25577,Weekday,False,Light Rain,True,0.5,False,False,1.0,Severe,8.6,76.6,563.6,0.21,0.484,0.875,Heavy rain reducing visibility and grip - reduced speed and longer buffer advised
EVT435305,2025-11-15 10:07:15,Local Market Day,J012,Koramangala Sony World,3520,Weekend,False,Clear,False,0.0,False,False,0.569,High,26.8,43.2,249.7,0.181,0.419,0.958,Moderate traffic flow - standard adaptive signal timing in effect
EVT435306,2025-06-30 11:16:33,Local Market Day,J020,Malleshwaram Circle,3291,Weekday,False,Heavy Rain,True,42.4,False,False,0.663,High,17.9,48.5,346.1,0.216,0.498,0.942,Heavy rain reducing visibility and grip - reduced speed and longer buffer advised
EVT435307,2025-12-06 08:24:57,Sports Fixture,J020,Malleshwaram Circle,17394,Weekend,False,Clear,False,0.0,False,False,0.899,Severe,10.3,67.7,422.9,0.165,0.38,0.933,Heavy congestion detected - signal timing extended and reroute suggested
EVT435308,2025-08-22 19:28:13,Concert,J011,Indiranagar 100ft Road,8346,Weekday,False,Clear,False,0.0,False,False,0.85,Severe,10.7,58.5,431.0,0.179,0.413,0.976,Heavy congestion detected - signal timing extended and reroute suggested
EVT435309,2025-05-01 19:17:00,Religious Festival,J009,Majestic,34522,Weekday,True,Clear,False,0.0,False,True,1.0,Severe,8.2,105.0,650.4,0.224,0.518,0.841,Road closure for event/procession - full detour recommended for through-traffic
EVT435310,2025-12-17 08:25:55,Sports Fixture,J030,MG Road,17330,Weekday,False,Clear,False,0.0,False,False,1.0,Severe,8.4,74.7,647.3,0.235,0.542,0.938,Heavy congestion detected - signal timing extended and reroute suggested
EVT435311,2026-05-30 19:46:52,Trade Fair,J031,Cubbon Road,5652,Weekend,False,Rain,True,8.3,False,False,0.837,Severe,10.1,62.7,345.1,0.128,0.296,0.922,Heavy rain reducing visibility and grip - reduced speed and longer buffer advised
EVT435312,2025-09-23 18:06:15,Concert,J011,Indiranagar 100ft Road,11564,Weekday,False,Rain,True,23.4,False,False,1.0,Severe,9.6,74.9,296.3,0.146,0.338,0.86,Heavy rain reducing visibility and grip - reduced speed and longer buffer advised
EVT435313,2026-05-03 11:30:10,Concert,J040,City Market,16302,Weekend,False,Clear,False,0.0,False,False,0.444,Moderate,20.5,31.1,234.4,0.157,0.362,0.99,Moderate traffic flow - standard adaptive signal timing in effect
EVT435314,2025-04-27 18:12:36,Local Market Day,J011,Indiranagar 100ft Road,2467,Weekend,False,Clear,False,0.0,False,False,0.802,Severe,17.8,57.7,273.9,0.159,0.367,0.95,Heavy congestion detected - signal timing extended and reroute suggested
EVT435315,2026-05-07 18:14:16,Political Rally,J009,Majestic,16121,Weekday,False,Light Rain,True,5.9,False,False,1.0,Severe,9.0,72.4,679.6,0.232,0.537,0.851,Heavy rain reducing visibility and grip - reduced speed and longer buffer advised
EVT435316,2026-03-25 08:51:53,Sports Fixture,J030,MG Road,15887,Weekday,False,Clear,False,0.0,False,False,1.0,Severe,9.3,66.3,346.7,0.139,0.321,0.92,Heavy congestion detected - signal timing extended and reroute suggested
EVT435317,2025-01-04 15:26:46,Trade Fair,J009,Majestic,7113,Weekend,False,Clear,False,0.0,False,False,0.343,Low,31.7,20.5,156.8,0.157,0.362,0.972,Moderate traffic flow - standard adaptive signal timing in effect
EVT435318,2025-08-25 16:20:34,Sports Fixture,J031,Cubbon Road,13287,Weekday,False,Clear,False,0.0,False,False,0.571,High,23.2,38.9,308.9,0.203,0.469,0.961,Moderate traffic flow - standard adaptive signal timing in effect
EVT435319,2025-10-18 19:27:42,Sports Fixture,J009,Majestic,18997,Weekend,False,Clear,False,0.0,False,False,0.899,Severe,13.1,60.6,415.7,0.22,0.509,0.931,Heavy congestion detected - signal timing extended and reroute suggested
EVT435320,2025-04-12 18:25:07,Concert,J031,Cubbon Road,15332,Weekend,False,Clear,False,0.0,False,False,0.92,Severe,13.1,63.1,493.9,0.26,0.601,0.944,Heavy congestion detected - signal timing extended and reroute suggested
EVT435321,2025-06-13 07:06:27,Concert,J011,Indiranagar 100ft Road,15648,Weekday,False,Clear,False,0.0,False,False,0.515,Moderate,21.7,42.2,278.3,0.187,0.432,0.944,Moderate traffic flow - standard adaptive signal timing in effect
EVT435322,2026-06-24 23:59:06,Local Market Day,J040,City Market,7980,Weekday,False,Rain,True,7.7,False,False,0.307,Low,27.5,22.1,142.4,0.095,0.22,0.939,Light rain detected - minor speed reduction advised
EVT435323,2025-09-09 18:30:50,Trade Fair,J009,Majestic,7392,Weekday,False,Clear,False,0.0,False,False,0.998,Severe,7.2,69.4,815.1,0.24,0.555,0.91,Heavy congestion detected - signal timing extended and reroute suggested
EVT435324,2026-04-04 07:13:57,Sports Fixture,J023,Basavanagudi,18645,Weekend,False,Clear,False,0.0,False,False,0.517,Moderate,26.6,33.2,219.9,0.174,0.402,0.983,Moderate traffic flow - standard adaptive signal timing in effect
EVT435325,2026-02-27 10:48:03,Local Market Day,J023,Basavanagudi,2834,Weekday,False,Fog,False,0.0,False,False,0.444,Moderate,29.0,29.2,157.8,0.126,0.291,0.99,Moderate traffic flow - standard adaptive signal timing in effect
EVT435326,2025-07-11 08:55:45,Trade Fair,J009,Majestic,8869,Weekday,False,Clear,False,0.0,False,False,1.0,Severe,10.0,71.0,432.7,0.167,0.386,0.91,Heavy congestion detected - signal timing extended and reroute suggested
EVT435327,2026-03-29 08:19:27,Sports Fixture,J020,Malleshwaram Circle,31532,Weekend,False,Clear,False,0.0,False,False,0.955,Severe,8.8,62.8,431.1,0.156,0.36,0.916,Heavy congestion detected - signal timing extended and reroute suggested
EVT435328,2025-03-23 15:12:13,Local Market Day,J011,Indiranagar 100ft Road,3461,Weekend,False,Clear,False,0.0,False,False,0.281,Low,35.7,23.7,116.7,0.115,0.266,0.96,Moderate traffic flow - standard adaptive signal timing in effect
EVT435329,2025-04-18 14:24:31,Local Market Day,J023,Basavanagudi,2899,Weekday,False,Clear,False,0.0,False,False,0.25,Low,31.1,15.5,98.9,0.087,0.201,0.945,Normal free-flow traffic - standard signal timing maintained
EVT435330,2026-03-05 10:51:26,Cultural Procession,J020,Malleshwaram Circle,19291,Weekday,True,Clear,False,0.0,False,True,0.97,Severe,10.3,104.4,637.9,0.281,0.65,0.847,Road closure for event/procession - full detour recommended for through-traffic
EVT435331,2025-12-30 18:04:26,Trade Fair,J011,Indiranagar 100ft Road,3711,Weekday,False,Clear,False,0.0,False,False,0.948,Severe,9.5,66.5,565.7,0.214,0.494,0.922,Heavy congestion detected - signal timing extended and reroute suggested
EVT435332,2026-02-05 20:38:11,Trade Fair,J030,MG Road,8108,Weekday,False,Clear,False,0.0,False,False,0.541,Moderate,21.1,47.7,311.6,0.205,0.474,0.953,Moderate traffic flow - standard adaptive signal timing in effect
EVT435333,2025-08-29 17:16:56,Sports Fixture,J020,Malleshwaram Circle,29632,Weekday,False,Rain,True,22.9,False,False,1.0,Severe,7.9,72.0,748.6,0.239,0.552,0.868,Heavy rain reducing visibility and grip - reduced speed and longer buffer advised
EVT435334,2025-09-19 20:59:38,Concert,J031,Cubbon Road,16326,Weekday,False,Clear,False,0.0,False,False,0.494,Moderate,27.2,35.5,179.2,0.14,0.323,0.958,Moderate traffic flow - standard adaptive signal timing in effect
EVT435335,2025-09-11 16:06:25,Sports Fixture,J009,Majestic,30991,Weekday,False,Clear,False,0.0,False,False,0.543,Moderate,26.4,37.5,147.7,0.107,0.248,0.958,Moderate traffic flow - standard adaptive signal timing in effect
EVT435336,2025-05-02 15:52:56,Religious Festival,J020,Malleshwaram Circle,42559,Weekday,True,Clear,False,0.0,False,True,0.957,Severe,9.1,90.0,446.4,0.185,0.427,0.826,Road closure for event/procession - full detour recommended for through-traffic
EVT435337,2025-01-29 15:43:54,Trade Fair,J020,Malleshwaram Circle,10047,Weekday,False,Clear,False,0.0,False,False,0.359,Moderate,24.8,28.7,231.4,0.166,0.383,0.951,Moderate traffic flow - standard adaptive signal timing in effect
EVT435338,2026-04-28 04:42:12,Local Market Day,J040,City Market,4558,Weekday,False,Rain,True,23.0,False,False,0.489,Moderate,22.3,34.8,174.4,0.138,0.318,0.928,Light rain detected - minor speed reduction advised
EVT435339,2026-01-20 15:01:31,Concert,J011,Indiranagar 100ft Road,13729,Weekday,False,Clear,False,0.0,False,False,0.301,Low,36.6,17.7,208.0,0.197,0.456,0.932,Moderate traffic flow - standard adaptive signal timing in effect
EVT435340,2025-09-29 16:56:53,Trade Fair,J020,Malleshwaram Circle,9172,Weekday,False,Clear,False,0.0,False,False,0.633,High,17.5,39.0,307.2,0.169,0.391,0.947,Moderate traffic flow - standard adaptive signal timing in effect
EVT435341,2025-01-11 12:54:44,Local Market Day,J031,Cubbon Road,2089,Weekend,False,Clear,False,0.0,False,False,0.196,Low,28.2,17.2,184.3,0.119,0.276,0.973,Normal free-flow traffic - standard signal timing maintained
EVT435342,2026-06-23 19:03:34,Political Rally,J011,Indiranagar 100ft Road,10241,Weekday,False,Heavy Rain,True,47.9,False,False,1.0,Severe,9.7,73.4,597.4,0.223,0.514,0.863,Heavy rain reducing visibility and grip - reduced speed and longer buffer advised
EVT435343,2025-06-18 08:46:19,Local Market Day,J009,Majestic,6826,Weekday,False,Clear,False,0.0,False,False,1.0,Severe,10.2,73.3,483.4,0.202,0.467,0.927,Heavy congestion detected - signal timing extended and reroute suggested
EVT435344,2025-11-23 11:43:21,Trade Fair,J020,Malleshwaram Circle,8801,Weekend,False,Clear,False,0.0,False,False,0.321,Low,34.3,20.6,144.0,0.122,0.281,0.93,Moderate traffic flow - standard adaptive signal timing in effect
EVT435345,2025-02-11 21:33:28,Sports Fixture,J009,Majestic,31962,Weekday,False,Clear,False,0.0,False,False,0.418,Moderate,24.1,26.1,210.8,0.132,0.305,0.976,Moderate traffic flow - standard adaptive signal timing in effect
EVT435346,2026-03-17 14:49:51,Trade Fair,J023,Basavanagudi,14062,Weekday,False,Clear,False,0.0,False,False,0.314,Low,25.0,17.8,298.6,0.193,0.446,0.978,Moderate traffic flow - standard adaptive signal timing in effect
EVT435347,2026-03-30 17:20:38,Sports Fixture,J031,Cubbon Road,16634,Weekday,False,Clear,False,0.0,False,False,0.961,Severe,10.0,70.4,258.0,0.107,0.248,0.897,Heavy congestion detected - signal timing extended and reroute suggested
EVT435348,2026-03-28 17:13:46,Local Market Day,J011,Indiranagar 100ft Road,2849,Weekend,False,Clear,False,0.0,False,False,0.695,High,17.7,54.9,302.9,0.192,0.443,0.99,Moderate traffic flow - standard adaptive signal timing in effect
EVT435349,2025-08-28 21:01:45,Cultural Procession,J009,Majestic,30760,Weekday,True,Rain,True,19.8,False,True,1.0,Severe,6.9,101.0,657.3,0.212,0.489,0.78,Road closure for event/procession - full detour recommended for through-traffic
EVT435350,2025-12-30 16:55:39,Sports Fixture,J012,Koramangala Sony World,21371,Weekday,False,Clear,False,0.0,False,False,0.788,Severe,13.3,58.4,425.3,0.221,0.51,0.952,Heavy congestion detected - signal timing extended and reroute suggested
EVT435351,2025-06-20 19:14:30,Local Market Day,J020,Malleshwaram Circle,1618,Weekday,False,Rain,True,18.1,False,False,1.0,Severe,7.6,73.1,556.1,0.173,0.4,0.853,Heavy rain reducing visibility and grip - reduced speed and longer buffer advised
EVT435352,2026-02-03 20:39:01,Concert,J040,City Market,16188,Weekday,False,Clear,False,0.0,False,False,0.611,High,12.5,38.0,443.1,0.198,0.457,0.966,Moderate traffic flow - standard adaptive signal timing in effect
EVT435353,2025-08-30 17:47:08,Sports Fixture,J023,Basavanagudi,14070,Weekend,False,Clear,False,0.0,False,False,0.915,Severe,10.4,66.1,446.4,0.185,0.427,0.951,Heavy congestion detected - signal timing extended and reroute suggested
EVT435354,2025-07-02 14:33:36,Local Market Day,J020,Malleshwaram Circle,3573,Weekday,False,Rain,True,15.1,False,False,0.423,Moderate,22.9,26.5,126.1,0.072,0.167,0.894,Light rain detected - minor speed reduction advised
EVT435355,2025-02-01 07:10:29,Political Rally,J030,MG Road,16111,Weekend,False,Clear,False,0.0,False,False,0.565,High,21.4,41.2,199.6,0.131,0.303,0.97,Moderate traffic flow - standard adaptive signal timing in effect
EVT435356,2025-09-11 17:50:16,Concert,J030,MG Road,14232,Weekday,False,Clear,False,0.0,False,False,1.0,Severe,8.5,70.4,582.5,0.195,0.45,0.918,Heavy congestion detected - signal timing extended and reroute suggested
EVT435357,2026-04-02 09:59:12,Trade Fair,J020,Malleshwaram Circle,8426,Weekday,False,Clear,False,0.0,False,False,0.778,Severe,15.7,54.1,286.2,0.167,0.385,0.971,Heavy congestion detected - signal timing extended and reroute suggested
EVT435358,2025-05-20 08:14:20,Local Market Day,J023,Basavanagudi,4096,Weekday,False,Clear,False,0.0,False,False,0.878,Severe,12.6,69.7,363.7,0.173,0.399,0.953,Heavy congestion detected - signal timing extended and reroute suggested
EVT435359,2025-02-20 13:07:46,Trade Fair,J011,Indiranagar 100ft Road,15326,Weekday,False,Clear,False,0.0,False,False,0.286,Low,31.4,23.2,172.2,0.133,0.306,0.974,Moderate traffic flow - standard adaptive signal timing in effect
EVT435360,2026-02-05 18:55:21,Sports Fixture,J012,Koramangala Sony World,34269,Weekday,False,Clear,False,0.0,False,False,1.0,Severe,7.7,68.6,561.4,0.184,0.425,0.921,Heavy congestion detected - signal timing extended and reroute suggested
EVT435361,2026-03-31 14:41:53,Local Market Day,J012,Koramangala Sony World,6142,Weekday,False,Clear,False,0.0,False,False,0.191,Low,40.4,13.4,87.1,0.084,0.193,0.954,Normal free-flow traffic - standard signal timing maintained
EVT435362,2026-02-28 12:04:22,Trade Fair,J012,Koramangala Sony World,8781,Weekend,False,Light Rain,True,0.5,False,False,0.385,Moderate,28.4,30.4,144.4,0.101,0.232,0.892,Light rain detected - minor speed reduction advised
EVT435363,2025-05-15 19:05:19,Local Market Day,J011,Indiranagar 100ft Road,4344,Weekday,False,Clear,False,0.0,False,False,0.912,Severe,12.8,63.2,432.9,0.221,0.512,0.952,Heavy congestion detected - signal timing extended and reroute suggested
EVT435364,2025-08-05 15:45:41,Local Market Day,J012,Koramangala Sony World,4072,Weekday,False,Heavy Rain,True,33.6,False,False,0.681,High,16.3,48.8,221.8,0.124,0.288,0.921,Heavy rain reducing visibility and grip - reduced speed and longer buffer advised
EVT435365,2025-04-24 18:40:11,Trade Fair,J020,Malleshwaram Circle,5890,Weekday,False,Clear,False,0.0,False,False,1.0,Severe,9.3,72.2,439.6,0.177,0.408,0.903,Heavy congestion detected - signal timing extended and reroute suggested
EVT435366,2026-02-23 13:04:48,Concert,J031,Cubbon Road,6904,Weekday,False,Clear,False,0.0,False,False,0.251,Low,31.5,21.6,163.4,0.126,0.29,0.959,Moderate traffic flow - standard adaptive signal timing in effect
EVT435367,2025-04-06 17:06:42,Religious Festival,J030,MG Road,52085,Weekend,True,Clear,False,0.0,False,True,1.0,Severe,9.8,98.7,516.3,0.227,0.523,0.832,Road closure for event/procession - full detour recommended for through-traffic
EVT435368,2025-06-08 16:05:11,Concert,J012,Koramangala Sony World,11961,Weekend,False,Rain,True,16.5,False,False,0.578,High,24.0,41.3,244.4,0.188,0.434,0.91,Heavy rain reducing visibility and grip - reduced speed and longer buffer advised
EVT435369,2026-06-27 08:59:58,Local Market Day,J020,Malleshwaram Circle,6238,Weekend,False,Clear,False,0.0,False,False,0.968,Severe,9.1,71.5,432.8,0.161,0.371,0.925,Heavy congestion detected - signal timing extended and reroute suggested
EVT435370,2025-09-18 06:14:08,Trade Fair,J030,MG Road,12968,Weekday,False,Clear,False,0.0,False,False,0.344,Low,28.4,29.8,119.1,0.097,0.223,0.94,Moderate traffic flow - standard adaptive signal timing in effect
EVT435371,2025-11-04 17:36:46,Concert,J011,Indiranagar 100ft Road,19229,Weekday,False,Clear,False,0.0,False,False,0.972,Severe,11.1,74.5,416.4,0.191,0.441,0.925,Heavy congestion detected - signal timing extended and reroute suggested
EVT435372,2026-03-20 14:05:06,Religious Festival,J023,Basavanagudi,55006,Weekday,True,Clear,False,0.0,False,False,0.796,Severe,14.7,50.7,251.9,0.134,0.309,0.895,Festival crowd surge detected - alternate route and extended cycle recommended
EVT435373,2025-06-18 08:02:06,Sports Fixture,J012,Koramangala Sony World,33243,Weekday,False,Rain,True,18.0,False,False,1.0,Severe,8.2,77.8,793.3,0.27,0.625,0.88,Heavy rain reducing visibility and grip - reduced speed and longer buffer advised
EVT435374,2026-03-21 14:25:05,Concert,J030,MG Road,13850,Weekend,False,Clear,False,0.0,False,False,0.338,Low,28.8,23.1,131.5,0.095,0.22,0.988,Moderate traffic flow - standard adaptive signal timing in effect
EVT435375,2025-01-19 08:34:57,Trade Fair,J009,Majestic,13885,Weekend,False,Light Rain,True,4.8,False,False,0.929,Severe,9.7,60.9,711.8,0.257,0.594,0.885,Heavy rain reducing visibility and grip - reduced speed and longer buffer advised
EVT435376,2026-03-07 18:36:42,Trade Fair,J031,Cubbon Road,13014,Weekend,False,Clear,False,0.0,False,False,0.906,Severe,12.0,61.9,359.4,0.139,0.322,0.915,Heavy congestion detected - signal timing extended and reroute suggested
EVT435377,2026-06-15 13:48:54,Local Market Day,J023,Basavanagudi,6304,Weekday,False,Rain,True,10.5,False,False,0.279,Low,40.5,17.8,76.6,0.071,0.165,0.918,Light rain detected - minor speed reduction advised
EVT435378,2025-01-27 17:37:46,Religious Festival,J011,Indiranagar 100ft Road,41371,Weekday,True,Clear,False,0.0,False,False,1.0,Severe,7.2,74.8,320.6,0.118,0.273,0.849,Festival crowd surge detected - alternate route and extended cycle recommended
EVT435379,2025-05-26 17:56:55,Local Market Day,J040,City Market,4667,Weekday,False,Heavy Rain,True,28.7,False,False,1.0,Severe,8.9,69.6,562.7,0.221,0.51,0.859,Heavy rain reducing visibility and grip - reduced speed and longer buffer advised
EVT435380,2025-11-18 10:03:48,Concert,J009,Majestic,11970,Weekday,False,Clear,False,0.0,False,False,0.839,Severe,11.3,55.4,352.7,0.149,0.344,0.963,Heavy congestion detected - signal timing extended and reroute suggested
EVT435381,2026-02-26 18:35:07,Political Rally,J031,Cubbon Road,25675,Weekday,False,Clear,False,0.0,False,False,1.0,Severe,9.5,69.9,443.6,0.17,0.392,0.919,Heavy congestion detected - signal timing extended and reroute suggested
EVT435382,2026-04-08 13:49:59,Trade Fair,J020,Malleshwaram Circle,9253,Weekday,False,Clear,False,0.0,False,False,0.235,Low,29.8,22.0,93.3,0.079,0.181,0.967,Normal free-flow traffic - standard signal timing maintained
EVT435383,2025-02-02 08:30:52,Sports Fixture,J009,Majestic,23261,Weekend,False,Light Rain,True,3.8,False,False,1.0,Severe,7.0,71.5,384.8,0.113,0.26,0.876,Heavy rain reducing visibility and grip - reduced speed and longer buffer advised
EVT435384,2026-02-20 12:09:03,Concert,J040,City Market,8321,Weekday,False,Clear,False,0.0,False,False,0.193,Low,40.9,11.7,89.9,0.094,0.217,0.955,Normal free-flow traffic - standard signal timing maintained
EVT435385,2025-07-23 20:14:24,Political Rally,J040,City Market,24718,Weekday,False,Rain,True,7.6,False,False,0.859,Severe,14.1,64.0,297.4,0.166,0.383,0.888,Heavy rain reducing visibility and grip - reduced speed and longer buffer advised
EVT435386,2025-07-05 12:59:36,Sports Fixture,J040,City Market,23730,Weekend,False,Clear,False,0.0,False,False,0.439,Moderate,26.5,29.1,245.4,0.196,0.452,0.98,Moderate traffic flow - standard adaptive signal timing in effect
EVT435387,2025-10-10 11:34:12,Local Market Day,J011,Indiranagar 100ft Road,5481,Weekday,False,Clear,False,0.0,False,False,0.343,Low,26.8,29.3,142.5,0.089,0.205,0.948,Moderate traffic flow - standard adaptive signal timing in effect
EVT435388,2026-01-10 08:31:37,Local Market Day,J040,City Market,7431,Weekend,False,Clear,False,0.0,False,False,0.934,Severe,7.5,70.8,550.1,0.178,0.411,0.928,Heavy congestion detected - signal timing extended and reroute suggested
EVT435389,2025-11-19 16:13:23,Trade Fair,J012,Koramangala Sony World,15362,Weekday,False,Clear,False,0.0,False,False,0.509,Moderate,23.6,35.9,271.2,0.186,0.429,0.951,Moderate traffic flow - standard adaptive signal timing in effect
EVT435390,2025-03-23 19:42:51,Local Market Day,J040,City Market,2712,Weekend,False,Clear,False,0.0,False,False,0.716,High,14.8,54.4,489.3,0.254,0.587,0.958,Moderate traffic flow - standard adaptive signal timing in effect
EVT435391,2025-06-12 18:33:05,Concert,J009,Majestic,11681,Weekday,False,Rain,True,12.8,False,False,1.0,Severe,7.1,72.9,227.0,0.089,0.205,0.85,Heavy rain reducing visibility and grip - reduced speed and longer buffer advised
EVT435392,2025-12-14 19:06:29,Sports Fixture,J030,MG Road,12896,Weekend,False,Clear,False,0.0,False,False,0.885,Severe,9.2,61.6,400.4,0.139,0.321,0.94,Heavy congestion detected - signal timing extended and reroute suggested
EVT435393,2025-10-03 07:43:57,Cultural Procession,J011,Indiranagar 100ft Road,30520,Weekday,True,Clear,False,0.0,False,True,1.0,Severe,8.7,103.3,628.9,0.238,0.551,0.858,Road closure for event/procession - full detour recommended for through-traffic
EVT435394,2025-12-30 17:16:11,Sports Fixture,J040,City Market,14899,Weekday,False,Clear,False,0.0,False,False,0.831,Severe,13.1,60.6,236.3,0.109,0.253,0.955,Heavy congestion detected - signal timing extended and reroute suggested
EVT435395,2025-03-15 16:45:37,Cultural Procession,J031,Cubbon Road,20627,Weekend,True,Fog,False,0.0,False,False,0.953,Severe,10.1,64.5,514.2,0.203,0.469,0.886,Festival crowd surge detected - alternate route and extended cycle recommended
EVT435396,2025-11-16 10:00:25,Sports Fixture,J012,Koramangala Sony World,16681,Weekend,False,Clear,False,0.0,False,False,0.844,Severe,13.3,56.7,295.7,0.14,0.324,0.939,Heavy congestion detected - signal timing extended and reroute suggested
EVT435397,2025-06-10 06:43:59,Trade Fair,J011,Indiranagar 100ft Road,7904,Weekday,False,Clear,False,0.0,False,False,0.426,Moderate,29.5,31.6,119.8,0.071,0.163,0.965,Moderate traffic flow - standard adaptive signal timing in effect
EVT435398,2025-02-24 12:11:25,Trade Fair,J031,Cubbon Road,8481,Weekday,False,Clear,False,0.0,False,False,0.284,Low,35.9,20.6,145.0,0.147,0.34,0.962,Moderate traffic flow - standard adaptive signal timing in effect
EVT435399,2025-06-14 05:08:09,Local Market Day,J023,Basavanagudi,4061,Weekend,False,Clear,False,0.0,False,False,0.256,Low,27.2,16.7,127.4,0.086,0.198,0.956,Moderate traffic flow - standard adaptive signal timing in effect
EVT435400,2025-10-24 07:00:26,Local Market Day,J023,Basavanagudi,2405,Weekday,False,Clear,False,0.0,False,False,0.421,Moderate,34.3,33.8,93.6,0.085,0.196,0.953,Moderate traffic flow - standard adaptive signal timing in effect
EVT435401,2025-02-12 12:35:58,Local Market Day,J030,MG Road,2957,Weekday,False,Clear,False,0.0,False,False,0.167,Low,30.0,7.0,250.4,0.194,0.447,0.99,Normal free-flow traffic - standard signal timing maintained
EVT435402,2025-10-15 15:13:35,Concert,J012,Koramangala Sony World,9626,Weekday,False,Clear,False,0.0,False,False,0.324,Low,28.0,19.2,149.2,0.117,0.27,0.952,Moderate traffic flow - standard adaptive signal timing in effect
EVT435403,2025-03-24 20:26:13,Trade Fair,J023,Basavanagudi,10292,Weekday,False,Clear,False,0.0,False,False,0.55,High,25.7,37.1,200.5,0.163,0.376,0.971,Moderate traffic flow - standard adaptive signal timing in effect
EVT435404,2025-01-11 13:37:07,Trade Fair,J011,Indiranagar 100ft Road,12423,Weekend,False,Clear,False,0.0,False,False,0.285,Low,24.4,16.2,153.3,0.121,0.28,0.99,Moderate traffic flow - standard adaptive signal timing in effect
EVT435405,2025-02-01 22:46:54,Local Market Day,J011,Indiranagar 100ft Road,3846,Weekend,False,Clear,False,0.0,False,False,0.228,Low,39.6,13.9,52.6,0.048,0.112,0.952,Normal free-flow traffic - standard signal timing maintained
EVT435406,2025-05-20 07:11:50,Trade Fair,J030,MG Road,5390,Weekday,False,Clear,False,0.0,False,False,0.485,Moderate,22.5,29.2,231.9,0.165,0.382,0.983,Moderate traffic flow - standard adaptive signal timing in effect
EVT435407,2025-02-28 10:58:19,Trade Fair,J031,Cubbon Road,12659,Weekday,False,Clear,False,0.0,False,False,0.514,Moderate,28.1,35.5,154.1,0.126,0.291,0.954,Moderate traffic flow - standard adaptive signal timing in effect
EVT435408,2025-01-13 09:18:22,Concert,J030,MG Road,10772,Weekday,False,Clear,False,0.0,False,False,1.0,Severe,8.3,72.1,795.3,0.275,0.634,0.911,Heavy congestion detected - signal timing extended and reroute suggested
EVT435409,2025-07-16 10:10:16,Local Market Day,J012,Koramangala Sony World,2650,Weekday,False,Clear,False,0.0,False,False,0.679,High,21.2,46.4,203.9,0.128,0.297,0.968,Moderate traffic flow - standard adaptive signal timing in effect
EVT435410,2025-01-11 18:40:09,Sports Fixture,J040,City Market,24767,Weekend,False,Clear,False,0.0,False,False,0.992,Severe,9.4,69.8,434.0,0.181,0.418,0.9,Heavy congestion detected - signal timing extended and reroute suggested
EVT435411,2025-06-15 08:25:10,Sports Fixture,J023,Basavanagudi,22607,Weekend,False,Clear,False,0.0,False,False,0.939,Severe,11.1,68.6,720.9,0.293,0.677,0.916,Heavy congestion detected - signal timing extended and reroute suggested
EVT435412,2025-06-16 08:02:46,Sports Fixture,J011,Indiranagar 100ft Road,32285,Weekday,False,Rain,True,18.0,False,False,1.0,Severe,6.1,77.2,398.4,0.093,0.216,0.886,Heavy rain reducing visibility and grip - reduced speed and longer buffer advised
EVT435413,2026-02-03 08:27:09,Concert,J020,Malleshwaram Circle,7786,Weekday,False,Clear,False,0.0,False,False,1.0,Severe,8.4,68.9,575.6,0.187,0.433,0.908,Heavy congestion detected - signal timing extended and reroute suggested
EVT435414,2025-03-02 05:38:20,Concert,J031,Cubbon Road,15093,Weekend,False,Clear,False,0.0,False,False,0.364,Moderate,24.9,25.1,221.7,0.137,0.316,0.957,Moderate traffic flow - standard adaptive signal timing in effect
EVT435415,2026-01-06 13:39:05,Trade Fair,J009,Majestic,8122,Weekday,False,Clear,False,0.0,False,False,0.196,Low,34.7,16.3,93.9,0.064,0.149,0.952,Normal free-flow traffic - standard signal timing maintained
EVT435416,2025-10-14 05:20:46,Trade Fair,J040,City Market,9644,Weekday,False,Clear,False,0.0,False,False,0.271,Low,30.5,17.0,250.7,0.203,0.469,0.987,Moderate traffic flow - standard adaptive signal timing in effect
EVT435417,2025-05-14 10:34:17,Concert,J020,Malleshwaram Circle,16361,Weekday,False,Clear,False,0.0,False,False,0.69,High,19.8,48.1,228.2,0.138,0.319,0.936,Moderate traffic flow - standard adaptive signal timing in effect
EVT435418,2025-12-04 15:06:47,Concert,J040,City Market,16673,Weekday,False,Clear,False,0.0,False,False,0.329,Low,32.7,19.4,90.4,0.087,0.202,0.979,Moderate traffic flow - standard adaptive signal timing in effect
EVT435419,2025-06-01 21:44:09,Local Market Day,J030,MG Road,8595,Weekend,False,Clear,False,0.0,False,False,0.382,Moderate,32.7,22.2,165.9,0.136,0.314,0.953,Moderate traffic flow - standard adaptive signal timing in effect
EVT435420,2025-11-23 19:20:48,Sports Fixture,J012,Koramangala Sony World,33573,Weekend,False,Rain,True,8.0,False,False,0.986,Severe,8.4,70.9,335.1,0.118,0.273,0.839,Heavy rain reducing visibility and grip - reduced speed and longer buffer advised
EVT435421,2026-06-11 16:51:47,Local Market Day,J030,MG Road,3724,Weekday,False,Rain,True,17.9,False,False,0.848,Severe,13.2,59.9,458.4,0.23,0.531,0.879,Heavy rain reducing visibility and grip - reduced speed and longer buffer advised
EVT435422,2025-08-08 21:33:45,Trade Fair,J012,Koramangala Sony World,6837,Weekday,False,Rain,True,21.9,False,False,0.546,Moderate,22.2,38.4,174.3,0.131,0.302,0.909,Light rain detected - minor speed reduction advised
EVT435423,2026-03-17 17:55:58,Trade Fair,J040,City Market,14377,Weekday,False,Clear,False,0.0,True,False,1.0,Severe,10.2,70.2,354.7,0.16,0.37,0.756,Accident detected nearby - reroute and reduced speed advised
EVT435424,2025-10-12 21:55:18,Concert,J009,Majestic,8877,Weekend,False,Light Rain,True,7.2,False,False,0.48,Moderate,22.7,31.0,178.1,0.136,0.314,0.924,Light rain detected - minor speed reduction advised
EVT435425,2025-11-30 15:36:08,Concert,J031,Cubbon Road,11805,Weekend,False,Light Rain,True,5.2,False,False,0.523,Moderate,26.4,32.6,211.1,0.161,0.373,0.909,Light rain detected - minor speed reduction advised
EVT435426,2025-04-30 08:40:59,Local Market Day,J012,Koramangala Sony World,6145,Weekday,False,Clear,False,0.0,False,False,0.964,Severe,9.6,67.9,552.9,0.221,0.51,0.891,Heavy congestion detected - signal timing extended and reroute suggested
EVT435427,2026-01-09 08:48:29,Local Market Day,J030,MG Road,5567,Weekday,False,Clear,False,0.0,False,False,1.0,Severe,8.4,64.9,810.9,0.27,0.623,0.908,Heavy congestion detected - signal timing extended and reroute suggested
EVT435428,2025-11-13 10:17:57,Concert,J011,Indiranagar 100ft Road,9345,Weekday,False,Clear,False,0.0,False,False,0.747,High,16.6,60.4,426.9,0.236,0.545,0.963,Moderate traffic flow - standard adaptive signal timing in effect
EVT435429,2026-05-01 14:18:18,Cultural Procession,J023,Basavanagudi,16778,Weekday,True,Clear,False,0.0,False,True,0.564,Moderate,25.7,58.4,157.0,0.106,0.245,0.903,Road closure for event/procession - full detour recommended for through-traffic
EVT435430,2026-06-24 09:08:18,Sports Fixture,J009,Majestic,13698,Weekday,False,Heavy Rain,True,39.5,False,False,1.0,Severe,7.3,73.6,899.2,0.281,0.65,0.878,Heavy rain reducing visibility and grip - reduced speed and longer buffer advised
EVT435431,2026-06-03 17:46:05,Political Rally,J023,Basavanagudi,24903,Weekday,False,Clear,False,0.0,False,False,1.0,Severe,10.9,65.3,499.2,0.192,0.443,0.924,Heavy congestion detected - signal timing extended and reroute suggested
EVT435432,2026-06-14 11:30:15,Sports Fixture,J023,Basavanagudi,19942,Weekend,False,Clear,False,0.0,False,False,0.443,Moderate,28.8,42.4,116.1,0.099,0.228,0.981,Moderate traffic flow - standard adaptive signal timing in effect
EVT435433,2025-09-10 18:06:49,Sports Fixture,J012,Koramangala Sony World,11864,Weekday,False,Clear,False,0.0,False,False,1.0,Severe,7.2,67.3,778.9,0.237,0.548,0.895,Heavy congestion detected - signal timing extended and reroute suggested
EVT435434,2025-10-22 15:29:32,Cultural Procession,J023,Basavanagudi,29294,Weekday,True,Clear,False,0.0,False,False,0.684,High,20.0,50.5,217.3,0.133,0.308,0.918,Festival crowd surge detected - alternate route and extended cycle recommended
EVT435435,2025-02-11 10:19:53,Local Market Day,J011,Indiranagar 100ft Road,3664,Weekday,False,Clear,False,0.0,False,False,0.656,High,19.8,50.4,361.3,0.237,0.548,0.952,Moderate traffic flow - standard adaptive signal timing in effect
EVT435436,2025-12-03 10:21:56,Concert,J012,Koramangala Sony World,12414,Weekday,False,Clear,False,0.0,False,False,0.711,High,18.3,50.6,337.2,0.203,0.469,0.961,Moderate traffic flow - standard adaptive signal timing in effect
EVT435437,2026-01-11 13:00:36,Concert,J009,Majestic,9594,Weekend,False,Clear,False,0.0,False,False,0.323,Low,23.3,21.0,211.9,0.143,0.331,0.959,Moderate traffic flow - standard adaptive signal timing in effect
EVT435438,2026-04-13 18:49:59,Sports Fixture,J040,City Market,31126,Weekday,False,Clear,False,0.0,False,False,1.0,Severe,7.1,71.9,329.0,0.125,0.289,0.897,Heavy congestion detected - signal timing extended and reroute suggested
EVT435439,2025-02-07 09:31:44,Sports Fixture,J030,MG Road,18808,Weekday,False,Clear,False,0.0,False,False,1.0,Severe,9.9,72.0,328.3,0.124,0.287,0.938,Heavy congestion detected - signal timing extended and reroute suggested
EVT435440,2026-01-28 18:08:25,Local Market Day,J009,Majestic,5671,Weekday,False,Clear,False,0.0,False,False,1.0,Severe,8.5,73.8,345.6,0.16,0.37,0.906,Heavy congestion detected - signal timing extended and reroute suggested
EVT435441,2025-02-01 16:49:44,Sports Fixture,J040,City Market,18981,Weekend,False,Clear,False,0.0,False,False,0.694,High,20.4,54.9,330.2,0.23,0.531,0.989,Moderate traffic flow - standard adaptive signal timing in effect
EVT435442,2025-01-22 10:54:18,Sports Fixture,J012,Koramangala Sony World,25734,Weekday,False,Clear,False,0.0,False,False,0.572,High,13.2,40.8,379.0,0.168,0.388,0.953,Moderate traffic flow - standard adaptive signal timing in effect
EVT435443,2025-07-24 06:40:08,Trade Fair,J030,MG Road,7699,Weekday,False,Heavy Rain,True,45.6,False,False,0.728,High,15.7,52.0,455.5,0.228,0.527,0.894,Heavy rain reducing visibility and grip - reduced speed and longer buffer advised
EVT435444,2026-01-20 00:18:08,Local Market Day,J031,Cubbon Road,5879,Weekday,False,Clear,False,0.0,False,False,0.123,Low,39.3,12.0,148.1,0.13,0.3,0.963,Normal free-flow traffic - standard signal timing maintained
EVT435445,2025-07-27 08:47:09,Sports Fixture,J040,City Market,16238,Weekend,False,Heavy Rain,True,42.7,False,False,1.0,Severe,6.5,69.7,513.8,0.142,0.328,0.87,Heavy rain reducing visibility and grip - reduced speed and longer buffer advised
EVT435446,2026-06-24 14:38:31,Concert,J040,City Market,9752,Weekday,False,Clear,False,0.0,False,False,0.243,Low,42.8,19.3,147.1,0.167,0.386,0.984,Normal free-flow traffic - standard signal timing maintained
EVT435447,2025-06-05 14:22:04,Local Market Day,J040,City Market,8149,Weekday,False,Clear,False,0.0,False,False,0.298,Low,26.1,18.2,90.1,0.054,0.126,0.983,Moderate traffic flow - standard adaptive signal timing in effect
EVT435448,2025-08-08 17:20:47,Concert,J030,MG Road,7625,Weekday,False,Clear,False,0.0,False,False,0.864,Severe,14.6,64.4,296.5,0.148,0.342,0.922,Heavy congestion detected - signal timing extended and reroute suggested
EVT435449,2025-04-23 12:06:03,Sports Fixture,J012,Koramangala Sony World,35897,Weekday,False,Clear,False,0.0,False,False,0.394,Moderate,33.6,25.9,159.0,0.156,0.361,0.937,Moderate traffic flow - standard adaptive signal timing in effect
EVT435450,2026-04-15 14:07:38,Religious Festival,J020,Malleshwaram Circle,36000,Weekday,True,Light Rain,True,6.0,False,True,0.838,High,13.0,86.4,467.8,0.236,0.546,0.847,Road closure for event/procession - full detour recommended for through-traffic
EVT435451,2025-11-02 11:38:30,Religious Festival,J031,Cubbon Road,46060,Weekend,True,Clear,False,0.0,False,True,0.968,Severe,9.3,102.5,359.2,0.165,0.381,0.851,Road closure for event/procession - full detour recommended for through-traffic
EVT435452,2025-11-13 07:16:11,Local Market Day,J030,MG Road,5197,Weekday,False,Clear,False,0.0,False,False,0.584,High,18.9,41.3,401.9,0.228,0.527,0.962,Moderate traffic flow - standard adaptive signal timing in effect
EVT435453,2025-09-17 11:28:54,Trade Fair,J030,MG Road,14339,Weekday,False,Heavy Rain,True,25.7,False,False,0.634,High,13.5,40.2,427.7,0.192,0.443,0.891,Heavy rain reducing visibility and grip - reduced speed and longer buffer advised
EVT435454,2025-01-05 09:59:31,Trade Fair,J030,MG Road,9992,Weekend,False,Clear,False,0.0,False,False,0.742,High,15.1,54.5,385.9,0.208,0.48,0.943,Moderate traffic flow - standard adaptive signal timing in effect
EVT435455,2025-08-11 13:57:11,Local Market Day,J030,MG Road,4228,Weekday,False,Rain,True,21.8,False,False,0.427,Moderate,24.0,36.3,232.0,0.16,0.37,0.9,Light rain detected - minor speed reduction advised
EVT435456,2025-11-26 21:05:14,Local Market Day,J031,Cubbon Road,3083,Weekday,False,Clear,False,0.0,False,False,0.365,Moderate,28.5,32.9,160.8,0.123,0.284,0.953,Moderate traffic flow - standard adaptive signal timing in effect
EVT435457,2025-04-05 17:48:53,Concert,J031,Cubbon Road,11855,Weekend,False,Clear,False,0.0,False,False,0.917,Severe,11.2,64.4,327.6,0.149,0.344,0.94,Heavy congestion detected - signal timing extended and reroute suggested
EVT435458,2025-04-08 06:09:59,Trade Fair,J031,Cubbon Road,7833,Weekday,False,Clear,False,0.0,False,False,0.251,Low,34.9,14.2,130.6,0.118,0.273,0.959,Moderate traffic flow - standard adaptive signal timing in effect
EVT435459,2025-06-10 10:35:37,Local Market Day,J011,Indiranagar 100ft Road,4665,Weekday,False,Rain,True,12.7,False,False,0.688,High,20.0,48.1,290.4,0.178,0.41,0.927,Heavy rain reducing visibility and grip - reduced speed and longer buffer advised
EVT435460,2025-01-27 19:05:15,Religious Festival,J009,Majestic,17571,Weekday,True,Clear,False,0.0,False,False,1.0,Severe,7.5,70.9,805.9,0.247,0.571,0.837,Festival crowd surge detected - alternate route and extended cycle recommended
EVT435461,2026-01-31 08:25:30,Trade Fair,J009,Majestic,9957,Weekend,False,Fog,False,0.0,False,False,0.907,Severe,10.6,69.2,386.6,0.173,0.399,0.92,Heavy congestion detected - signal timing extended and reroute suggested
EVT435462,2025-03-25 09:36:56,Political Rally,J031,Cubbon Road,16578,Weekday,False,Light Rain,True,0.3,False,False,1.0,Severe,8.6,74.0,260.9,0.107,0.248,0.855,Heavy rain reducing visibility and grip - reduced speed and longer buffer advised
EVT435463,2025-07-15 10:31:40,Local Market Day,J009,Majestic,5297,Weekday,False,Clear,False,0.0,False,False,0.621,High,21.6,48.7,342.5,0.243,0.561,0.956,Moderate traffic flow - standard adaptive signal timing in effect
EVT435464,2025-05-01 13:54:56,Religious Festival,J030,MG Road,46082,Weekday,True,Rain,True,10.5,False,True,0.85,High,12.7,87.2,251.2,0.111,0.256,0.794,Road closure for event/procession - full detour recommended for through-traffic
EVT435465,2026-06-08 10:56:27,Concert,J031,Cubbon Road,4535,Weekday,False,Heavy Rain,True,60.4,False,False,0.804,Severe,13.7,57.6,387.4,0.201,0.464,0.884,Heavy rain reducing visibility and grip - reduced speed and longer buffer advised
EVT435466,2025-11-23 19:12:20,Local Market Day,J040,City Market,5432,Weekend,False,Clear,False,0.0,False,False,0.789,Severe,15.6,54.9,441.9,0.236,0.544,0.951,Heavy congestion detected - signal timing extended and reroute suggested
EVT435467,2025-12-28 18:32:50,Local Market Day,J011,Indiranagar 100ft Road,3728,Weekend,False,Clear,False,0.0,False,False,0.902,Severe,10.5,66.6,663.4,0.288,0.665,0.954,Heavy congestion detected - signal timing extended and reroute suggested
EVT435468,2025-04-22 14:49:14,Political Rally,J031,Cubbon Road,16921,Weekday,False,Clear,False,0.0,False,False,0.285,Low,32.2,26.3,188.9,0.166,0.383,0.975,Moderate traffic flow - standard adaptive signal timing in effect
EVT435469,2026-01-17 23:09:30,Trade Fair,J009,Majestic,9709,Weekend,False,Clear,False,0.0,False,False,0.367,Moderate,31.7,24.5,133.6,0.12,0.278,0.99,Moderate traffic flow - standard adaptive signal timing in effect
EVT435470,2025-03-31 19:20:58,Religious Festival,J030,MG Road,53459,Weekday,True,Clear,False,0.0,False,False,1.0,Severe,7.0,76.9,703.6,0.205,0.473,0.864,Festival crowd surge detected - alternate route and extended cycle recommended
EVT435471,2025-10-08 19:23:17,Local Market Day,J031,Cubbon Road,2775,Weekday,False,Clear,False,0.0,False,False,0.866,Severe,11.3,59.4,407.6,0.193,0.446,0.953,Heavy congestion detected - signal timing extended and reroute suggested
EVT435472,2026-03-01 17:51:04,Local Market Day,J020,Malleshwaram Circle,3410,Weekend,False,Clear,False,0.0,False,False,0.842,Severe,10.0,60.8,581.0,0.205,0.472,0.938,Heavy congestion detected - signal timing extended and reroute suggested
EVT435473,2025-02-08 06:50:12,Sports Fixture,J023,Basavanagudi,23210,Weekend,False,Clear,False,0.0,False,False,0.469,Moderate,23.5,33.3,90.1,0.062,0.143,0.973,Moderate traffic flow - standard adaptive signal timing in effect
EVT435474,2025-03-10 15:04:37,Trade Fair,J023,Basavanagudi,11403,Weekday,False,Clear,False,0.0,False,False,0.303,Low,33.9,19.9,177.2,0.16,0.37,0.952,Moderate traffic flow - standard adaptive signal timing in effect
EVT435475,2025-11-05 18:50:06,Trade Fair,J031,Cubbon Road,15728,Weekday,False,Clear,False,0.0,False,False,1.0,Severe,8.1,76.1,716.1,0.241,0.556,0.91,Heavy congestion detected - signal timing extended and reroute suggested
EVT435476,2025-09-11 21:11:09,Trade Fair,J040,City Market,6353,Weekday,False,Rain,True,16.3,False,False,0.594,High,22.4,39.7,226.0,0.157,0.362,0.922,Heavy rain reducing visibility and grip - reduced speed and longer buffer advised
EVT435477,2025-05-22 07:11:57,Local Market Day,J020,Malleshwaram Circle,3234,Weekday,False,Clear,False,0.0,False,False,0.479,Moderate,29.3,37.3,200.8,0.135,0.311,0.955,Moderate traffic flow - standard adaptive signal timing in effect
EVT435478,2025-07-15 18:48:59,Trade Fair,J012,Koramangala Sony World,9906,Weekday,False,Clear,False,0.0,False,False,1.0,Severe,8.8,71.9,345.3,0.147,0.34,0.896,Heavy congestion detected - signal timing extended and reroute suggested
EVT435479,2025-09-25 16:44:19,Concert,J012,Koramangala Sony World,12190,Weekday,False,Clear,False,0.0,False,False,0.68,High,22.7,49.1,212.4,0.149,0.343,0.96,Moderate traffic flow - standard adaptive signal timing in effect
EVT435480,2025-08-29 21:23:26,Sports Fixture,J020,Malleshwaram Circle,17897,Weekday,False,Clear,False,0.0,False,False,0.45,Moderate,23.8,29.3,153.9,0.075,0.172,0.97,Moderate traffic flow - standard adaptive signal timing in effect
EVT435481,2026-01-07 09:07:29,Local Market Day,J023,Basavanagudi,3853,Weekday,False,Clear,False,0.0,False,False,0.946,Severe,11.0,72.5,354.5,0.162,0.374,0.924,Heavy congestion detected - signal timing extended and reroute suggested
EVT435482,2025-05-09 03:52:08,Trade Fair,J031,Cubbon Road,8413,Weekday,False,Clear,False,0.0,False,False,0.128,Low,32.3,9.4,137.4,0.109,0.253,0.957,Normal free-flow traffic - standard signal timing maintained
EVT435483,2026-02-17 18:38:48,Concert,J020,Malleshwaram Circle,14132,Weekday,False,Clear,False,0.0,True,False,1.0,Severe,8.9,75.9,405.2,0.187,0.431,0.741,Accident detected nearby - reroute and reduced speed advised
EVT435484,2026-03-02 16:17:20,Local Market Day,J023,Basavanagudi,3357,Weekday,False,Light Rain,True,0.3,False,False,0.552,High,20.3,42.6,240.5,0.152,0.35,0.912,Heavy rain reducing visibility and grip - reduced speed and longer buffer advised
EVT435485,2025-02-16 16:32:24,Sports Fixture,J009,Majestic,18829,Weekend,False,Clear,False,0.0,False,False,0.606,High,19.2,40.5,374.2,0.227,0.525,0.967,Moderate traffic flow - standard adaptive signal timing in effect
EVT435486,2025-08-12 09:54:01,Trade Fair,J030,MG Road,18756,Weekday,False,Clear,False,0.0,False,False,0.98,Severe,8.3,69.4,443.7,0.166,0.384,0.93,Heavy congestion detected - signal timing extended and reroute suggested
EVT435487,2025-06-05 19:51:17,Local Market Day,J030,MG Road,3513,Weekday,False,Rain,True,20.6,False,False,0.897,Severe,11.2,59.9,403.3,0.182,0.42,0.888,Heavy rain reducing visibility and grip - reduced speed and longer buffer advised
EVT435488,2025-09-10 14:03:57,Trade Fair,J011,Indiranagar 100ft Road,6708,Weekday,False,Clear,False,0.0,False,False,0.164,Low,36.5,13.8,131.8,0.147,0.34,0.949,Normal free-flow traffic - standard signal timing maintained
EVT435489,2025-11-25 08:50:26,Local Market Day,J030,MG Road,4747,Weekday,False,Light Rain,True,5.1,False,False,1.0,Severe,8.6,70.8,280.2,0.109,0.252,0.861,Heavy rain reducing visibility and grip - reduced speed and longer buffer advised
EVT435490,2026-05-27 20:32:27,Trade Fair,J023,Basavanagudi,8588,Weekday,False,Clear,False,0.0,False,False,0.609,High,25.1,43.7,178.8,0.134,0.31,0.989,Moderate traffic flow - standard adaptive signal timing in effect
EVT435491,2026-01-06 09:46:21,Trade Fair,J040,City Market,14448,Weekday,False,Clear,False,0.0,False,False,0.958,Severe,9.3,66.7,376.0,0.142,0.328,0.896,Heavy congestion detected - signal timing extended and reroute suggested
EVT435492,2025-06-09 14:07:08,Local Market Day,J012,Koramangala Sony World,3668,Weekday,False,Rain,True,13.2,False,False,0.295,Low,29.3,20.8,149.2,0.114,0.264,0.893,Light rain detected - minor speed reduction advised
EVT435493,2025-09-27 23:58:36,Local Market Day,J030,MG Road,6009,Weekend,False,Rain,True,20.8,False,False,0.468,Moderate,23.8,31.9,118.1,0.09,0.207,0.906,Light rain detected - minor speed reduction advised
EVT435494,2026-01-17 19:28:32,Sports Fixture,J023,Basavanagudi,26367,Weekend,False,Clear,False,0.0,False,False,0.883,Severe,9.8,65.5,634.8,0.246,0.568,0.952,Heavy congestion detected - signal timing extended and reroute suggested
EVT435495,2026-01-23 11:58:58,Sports Fixture,J011,Indiranagar 100ft Road,23630,Weekday,False,Clear,False,0.0,False,False,0.317,Low,28.0,20.4,228.0,0.16,0.37,0.989,Moderate traffic flow - standard adaptive signal timing in effect
EVT435496,2026-01-17 18:24:07,Trade Fair,J011,Indiranagar 100ft Road,7981,Weekend,False,Clear,False,0.0,False,False,0.926,Severe,10.8,64.5,409.6,0.174,0.403,0.926,Heavy congestion detected - signal timing extended and reroute suggested
EVT435497,2025-12-27 00:41:11,Sports Fixture,J020,Malleshwaram Circle,13013,Weekend,False,Clear,False,0.0,False,False,0.384,Moderate,31.9,25.8,190.9,0.174,0.402,0.961,Moderate traffic flow - standard adaptive signal timing in effect
EVT435498,2025-11-28 13:10:36,Sports Fixture,J023,Basavanagudi,21918,Weekday,False,Clear,False,0.0,False,False,0.361,Moderate,27.5,23.5,193.1,0.153,0.353,0.963,Moderate traffic flow - standard adaptive signal timing in effect
EVT435499,2026-04-12 17:32:22,Political Rally,J023,Basavanagudi,6782,Weekend,False,Clear,False,0.0,False,False,0.726,High,12.8,44.9,424.2,0.205,0.474,0.95,Moderate traffic flow - standard adaptive signal timing in effect
EVT435500,2026-03-05 09:01:40,Religious Festival,J012,Koramangala Sony World,39797,Weekday,True,Clear,False,0.0,False,True,1.0,Severe,7.8,100.6,691.4,0.24,0.553,0.805,Road closure for event/procession - full detour recommended for through-traffic
EVT435501,2025-08-04 15:03:40,Local Market Day,J020,Malleshwaram Circle,2872,Weekday,False,Clear,False,0.0,False,False,0.237,Low,29.0,18.3,207.2,0.162,0.375,0.936,Normal free-flow traffic - standard signal timing maintained
EVT435502,2025-05-25 06:26:03,Concert,J030,MG Road,8138,Weekend,False,Clear,False,0.0,False,False,0.345,Low,26.7,23.4,131.5,0.075,0.174,0.936,Moderate traffic flow - standard adaptive signal timing in effect
EVT435503,2025-06-08 12:58:50,Concert,J011,Indiranagar 100ft Road,8804,Weekend,False,Clear,False,0.0,False,False,0.318,Low,28.3,18.0,78.2,0.057,0.132,0.982,Moderate traffic flow - standard adaptive signal timing in effect
EVT435504,2025-09-10 20:24:51,Sports Fixture,J023,Basavanagudi,11490,Weekday,False,Rain,True,14.5,False,False,0.841,Severe,12.3,61.1,552.2,0.263,0.608,0.896,Heavy rain reducing visibility and grip - reduced speed and longer buffer advised
EVT435505,2026-02-24 16:32:10,Local Market Day,J011,Indiranagar 100ft Road,4171,Weekday,False,Clear,False,0.0,False,False,0.585,High,26.2,37.4,120.0,0.094,0.217,0.955,Moderate traffic flow - standard adaptive signal timing in effect
EVT435506,2025-12-27 19:24:19,Trade Fair,J031,Cubbon Road,6385,Weekend,False,Clear,False,0.0,False,False,0.756,Severe,20.0,60.6,183.4,0.104,0.241,0.956,Heavy congestion detected - signal timing extended and reroute suggested
EVT435507,2025-02-03 10:30:44,Local Market Day,J030,MG Road,6511,Weekday,False,Clear,False,0.0,False,False,0.597,High,21.2,43.1,140.0,0.114,0.263,0.949,Moderate traffic flow - standard adaptive signal timing in effect
EVT435508,2025-07-06 08:27:07,Local Market Day,J009,Majestic,4986,Weekend,False,Clear,False,0.0,False,False,0.788,Severe,10.1,54.9,491.6,0.178,0.41,0.971,Heavy congestion detected - signal timing extended and reroute suggested
EVT435509,2025-03-04 05:14:50,Political Rally,J009,Majestic,22856,Weekday,False,Fog,False,0.0,False,False,0.304,Low,29.0,24.9,145.0,0.12,0.277,0.981,Moderate traffic flow - standard adaptive signal timing in effect
EVT435510,2025-01-24 16:09:32,Local Market Day,J023,Basavanagudi,1803,Weekday,False,Clear,False,0.0,False,False,0.412,Moderate,31.4,32.1,125.2,0.093,0.216,0.99,Moderate traffic flow - standard adaptive signal timing in effect
EVT435511,2025-05-29 15:17:03,Sports Fixture,J020,Malleshwaram Circle,26215,Weekday,False,Clear,False,0.0,False,False,0.432,Moderate,27.7,34.7,197.3,0.148,0.342,0.945,Moderate traffic flow - standard adaptive signal timing in effect
EVT435512,2025-10-27 23:21:23,Trade Fair,J012,Koramangala Sony World,8241,Weekday,False,Clear,False,0.0,False,False,0.239,Low,33.8,17.3,196.8,0.17,0.392,0.99,Normal free-flow traffic - standard signal timing maintained
EVT435513,2025-01-12 17:53:16,Trade Fair,J020,Malleshwaram Circle,10573,Weekend,False,Clear,False,0.0,False,False,0.831,Severe,15.5,62.3,239.3,0.135,0.311,0.953,Heavy congestion detected - signal timing extended and reroute suggested
EVT435514,2025-09-30 19:44:14,Trade Fair,J023,Basavanagudi,7473,Weekday,False,Light Rain,True,4.0,False,False,0.833,Severe,13.0,66.2,317.5,0.147,0.339,0.889,Heavy rain reducing visibility and grip - reduced speed and longer buffer advised
EVT435515,2025-01-09 15:50:47,Local Market Day,J030,MG Road,4777,Weekday,False,Clear,False,0.0,False,False,0.387,Moderate,27.5,25.7,234.5,0.186,0.431,0.971,Moderate traffic flow - standard adaptive signal timing in effect
EVT435516,2025-10-17 08:58:55,Concert,J020,Malleshwaram Circle,8765,Weekday,False,Rain,True,17.2,False,False,1.0,Severe,8.1,64.7,809.6,0.253,0.585,0.831,Heavy rain reducing visibility and grip - reduced speed and longer buffer advised
EVT435517,2025-02-20 18:32:19,Political Rally,J030,MG Road,22974,Weekday,False,Clear,False,0.0,False,False,1.0,Severe,10.5,66.6,429.0,0.185,0.428,0.917,Heavy congestion detected - signal timing extended and reroute suggested
EVT435518,2026-06-29 17:48:36,Trade Fair,J020,Malleshwaram Circle,10668,Weekday,False,Clear,False,0.0,False,False,0.921,Severe,9.7,65.9,394.9,0.183,0.423,0.924,Heavy congestion detected - signal timing extended and reroute suggested
EVT435519,2025-03-19 14:29:49,Political Rally,J040,City Market,19929,Weekday,False,Clear,False,0.0,False,False,0.297,Low,29.0,20.4,218.9,0.168,0.389,0.985,Moderate traffic flow - standard adaptive signal timing in effect
EVT435520,2025-12-14 20:22:55,Trade Fair,J009,Majestic,12286,Weekend,False,Clear,False,0.0,False,False,0.645,High,19.6,43.1,147.1,0.093,0.214,0.956,Moderate traffic flow - standard adaptive signal timing in effect
EVT435521,2025-09-09 19:25:01,Trade Fair,J040,City Market,8159,Weekday,False,Heavy Rain,True,33.6,False,False,1.0,Severe,7.2,76.8,365.1,0.109,0.252,0.869,Heavy rain reducing visibility and grip - reduced speed and longer buffer advised
EVT435522,2025-07-14 06:58:02,Sports Fixture,J023,Basavanagudi,12704,Weekday,False,Clear,False,0.0,False,False,0.513,Moderate,22.0,34.5,225.8,0.169,0.389,0.963,Moderate traffic flow - standard adaptive signal timing in effect
EVT435523,2025-12-30 08:13:26,Trade Fair,J023,Basavanagudi,4745,Weekday,False,Clear,False,0.0,False,False,0.868,Severe,13.5,61.5,300.5,0.152,0.352,0.915,Heavy congestion detected - signal timing extended and reroute suggested
EVT435524,2025-06-13 20:17:06,Trade Fair,J030,MG Road,8998,Weekday,False,Heavy Rain,True,37.8,False,False,1.0,Severe,6.5,77.6,807.7,0.232,0.535,0.861,Heavy rain reducing visibility and grip - reduced speed and longer buffer advised
EVT435525,2025-01-14 13:32:58,Cultural Procession,J040,City Market,16324,Weekday,True,Clear,False,0.0,False,False,0.495,Moderate,23.0,33.2,211.5,0.148,0.341,0.884,Moderate traffic flow - standard adaptive signal timing in effect
EVT435526,2025-11-22 01:04:52,Local Market Day,J023,Basavanagudi,3455,Weekend,False,Clear,False,0.0,False,False,0.305,Low,29.8,24.9,184.6,0.152,0.351,0.953,Moderate traffic flow - standard adaptive signal timing in effect
EVT435527,2025-11-01 21:44:28,Cultural Procession,J011,Indiranagar 100ft Road,17928,Weekend,True,Clear,False,0.0,False,True,0.776,High,12.5,80.1,475.8,0.229,0.53,0.877,Road closure for event/procession - full detour recommended for through-traffic
EVT435528,2025-09-09 18:52:32,Concert,J009,Majestic,4875,Weekday,False,Heavy Rain,True,77.1,False,False,1.0,Severe,6.2,69.9,850.1,0.223,0.516,0.841,Heavy rain reducing visibility and grip - reduced speed and longer buffer advised
EVT435529,2026-05-25 22:21:41,Concert,J031,Cubbon Road,15609,Weekday,False,Clear,False,0.0,False,False,0.271,Low,35.2,19.7,176.6,0.165,0.381,0.966,Moderate traffic flow - standard adaptive signal timing in effect
EVT435530,2025-08-25 17:42:23,Trade Fair,J023,Basavanagudi,7825,Weekday,False,Light Rain,True,3.9,False,False,1.0,Severe,10.9,69.5,319.4,0.134,0.309,0.876,Heavy rain reducing visibility and grip - reduced speed and longer buffer advised
EVT435531,2025-06-22 19:06:28,Political Rally,J040,City Market,14577,Weekend,False,Rain,True,9.9,False,False,0.987,Severe,7.8,60.1,343.7,0.129,0.297,0.861,Heavy rain reducing visibility and grip - reduced speed and longer buffer advised
EVT435532,2025-08-01 09:56:46,Local Market Day,J009,Majestic,4407,Weekday,False,Clear,False,0.0,False,False,0.774,Severe,16.9,51.9,423.9,0.232,0.535,0.944,Heavy congestion detected - signal timing extended and reroute suggested
EVT435533,2025-06-12 09:53:54,Political Rally,J012,Koramangala Sony World,10909,Weekday,False,Rain,True,8.0,False,False,1.0,Severe,6.4,71.3,238.7,0.054,0.124,0.871,Heavy rain reducing visibility and grip - reduced speed and longer buffer advised
EVT435534,2026-05-01 18:05:40,Religious Festival,J020,Malleshwaram Circle,31908,Weekday,True,Clear,False,0.0,False,False,1.0,Severe,7.4,71.1,492.3,0.171,0.395,0.88,Festival crowd surge detected - alternate route and extended cycle recommended
EVT435535,2025-09-16 15:11:39,Local Market Day,J009,Majestic,1802,Weekday,False,Clear,False,0.0,False,False,0.302,Low,32.4,19.1,88.4,0.058,0.135,0.971,Moderate traffic flow - standard adaptive signal timing in effect
EVT435536,2025-09-03 21:25:11,Trade Fair,J040,City Market,9164,Weekday,False,Clear,False,0.0,False,False,0.383,Moderate,22.9,19.5,210.8,0.153,0.352,0.985,Moderate traffic flow - standard adaptive signal timing in effect
EVT435537,2025-12-16 17:50:18,Local Market Day,J023,Basavanagudi,2429,Weekday,False,Clear,False,0.0,False,False,0.921,Severe,10.2,66.2,497.3,0.202,0.467,0.936,Heavy congestion detected - signal timing extended and reroute suggested
EVT435538,2025-03-11 13:53:41,Concert,J040,City Market,12637,Weekday,False,Clear,False,0.0,False,False,0.273,Low,27.8,20.5,123.3,0.084,0.193,0.971,Moderate traffic flow - standard adaptive signal timing in effect
EVT435539,2025-03-08 12:05:13,Concert,J031,Cubbon Road,8262,Weekend,False,Clear,False,0.0,False,False,0.331,Low,26.3,26.3,195.4,0.147,0.338,0.975,Moderate traffic flow - standard adaptive signal timing in effect
EVT435540,2026-02-18 00:57:50,Sports Fixture,J023,Basavanagudi,17223,Weekday,False,Clear,False,0.0,False,False,0.26,Low,29.6,17.4,114.3,0.094,0.216,0.941,Moderate traffic flow - standard adaptive signal timing in effect
EVT435541,2026-06-25 08:19:32,Concert,J023,Basavanagudi,11039,Weekday,False,Clear,False,0.0,False,False,0.929,Severe,11.0,65.5,271.0,0.13,0.301,0.926,Heavy congestion detected - signal timing extended and reroute suggested
EVT435542,2026-01-20 11:08:58,Local Market Day,J040,City Market,5308,Weekday,False,Clear,False,0.0,False,False,0.433,Moderate,26.0,31.2,118.4,0.091,0.21,0.934,Moderate traffic flow - standard adaptive signal timing in effect
EVT435543,2025-04-13 08:24:28,Trade Fair,J020,Malleshwaram Circle,14617,Weekend,False,Fog,False,0.0,False,False,0.891,Severe,10.9,62.9,423.2,0.162,0.375,0.965,Heavy congestion detected - signal timing extended and reroute suggested
EVT435544,2025-12-13 16:49:10,Local Market Day,J030,MG Road,2299,Weekend,False,Clear,False,0.0,False,False,0.611,High,23.2,51.2,222.0,0.164,0.378,0.981,Moderate traffic flow - standard adaptive signal timing in effect
EVT435545,2025-10-02 19:44:40,Cultural Procession,J040,City Market,11872,Weekday,True,Clear,False,0.0,False,False,1.0,Severe,8.2,70.5,478.5,0.164,0.379,0.869,Festival crowd surge detected - alternate route and extended cycle recommended
EVT435546,2026-06-11 12:40:59,Local Market Day,J030,MG Road,3788,Weekday,False,Heavy Rain,True,35.9,False,False,0.535,Moderate,19.0,40.6,158.3,0.104,0.241,0.926,Light rain detected - minor speed reduction advised
EVT435547,2025-11-24 19:23:57,Local Market Day,J009,Majestic,4997,Weekday,False,Clear,False,0.0,False,False,0.891,Severe,11.7,62.9,426.4,0.205,0.473,0.926,Heavy congestion detected - signal timing extended and reroute suggested
EVT435548,2025-12-09 17:15:36,Sports Fixture,J040,City Market,20507,Weekday,False,Clear,False,0.0,False,False,0.894,Severe,11.3,67.4,397.7,0.191,0.441,0.942,Heavy congestion detected - signal timing extended and reroute suggested
EVT435549,2025-11-24 09:13:40,Trade Fair,J030,MG Road,6428,Weekday,False,Clear,False,0.0,False,False,1.0,Severe,9.8,66.3,368.2,0.136,0.313,0.922,Heavy congestion detected - signal timing extended and reroute suggested
EVT435550,2025-01-12 14:09:12,Trade Fair,J023,Basavanagudi,17762,Weekend,False,Clear,False,0.0,False,False,0.338,Low,31.1,31.0,148.3,0.138,0.319,0.964,Moderate traffic flow - standard adaptive signal timing in effect
EVT435551,2025-11-20 08:50:54,Local Market Day,J011,Indiranagar 100ft Road,3161,Weekday,False,Clear,False,0.0,False,False,1.0,Severe,6.2,65.5,758.4,0.172,0.397,0.923,Heavy congestion detected - signal timing extended and reroute suggested
EVT435552,2026-03-13 17:15:59,Local Market Day,J012,Koramangala Sony World,3812,Weekday,False,Clear,False,0.0,False,False,0.785,Severe,12.8,56.3,460.7,0.227,0.525,0.957,Heavy congestion detected - signal timing extended and reroute suggested
EVT435553,2025-05-25 22:18:40,Local Market Day,J011,Indiranagar 100ft Road,1529,Weekend,False,Rain,True,14.0,False,False,0.4,Moderate,32.4,27.6,200.1,0.196,0.452,0.867,Light rain detected - minor speed reduction advised
EVT435554,2026-03-11 10:28:45,Local Market Day,J012,Koramangala Sony World,6474,Weekday,False,Clear,False,0.0,False,False,0.673,High,24.7,50.9,217.8,0.187,0.432,0.975,Moderate traffic flow - standard adaptive signal timing in effect
EVT435555,2026-03-26 19:57:51,Cultural Procession,J011,Indiranagar 100ft Road,17560,Weekday,True,Clear,False,0.0,False,False,1.0,Severe,9.4,66.6,564.1,0.202,0.466,0.857,Festival crowd surge detected - alternate route and extended cycle recommended
EVT435556,2025-04-03 18:03:07,Local Market Day,J012,Koramangala Sony World,3469,Weekday,False,Clear,False,0.0,False,False,0.945,Severe,11.3,71.5,659.0,0.273,0.63,0.914,Heavy congestion detected - signal timing extended and reroute suggested
EVT435557,2026-05-27 17:25:06,Local Market Day,J012,Koramangala Sony World,3267,Weekday,False,Clear,False,0.0,False,False,0.948,Severe,12.0,66.3,286.8,0.125,0.289,0.903,Heavy congestion detected - signal timing extended and reroute suggested
EVT435558,2026-04-21 12:10:54,Trade Fair,J031,Cubbon Road,7906,Weekday,False,Clear,False,0.0,False,False,0.314,Low,23.8,18.4,188.6,0.109,0.251,0.99,Moderate traffic flow - standard adaptive signal timing in effect
EVT435559,2025-12-12 06:25:37,Sports Fixture,J011,Indiranagar 100ft Road,20233,Weekday,False,Clear,False,0.0,False,False,0.356,Moderate,35.7,29.3,147.9,0.152,0.35,0.961,Moderate traffic flow - standard adaptive signal timing in effect
EVT435560,2025-01-29 09:51:33,Trade Fair,J040,City Market,9063,Weekday,False,Clear,False,0.0,False,False,0.891,Severe,8.8,66.9,752.2,0.245,0.565,0.924,Heavy congestion detected - signal timing extended and reroute suggested
EVT435561,2025-09-20 19:39:20,Sports Fixture,J009,Majestic,19214,Weekend,False,Clear,False,0.0,False,False,0.75,High,14.6,49.5,251.5,0.132,0.304,0.978,Moderate traffic flow - standard adaptive signal timing in effect
EVT435562,2026-03-23 18:06:28,Concert,J031,Cubbon Road,15708,Weekday,False,Clear,False,0.0,False,False,1.0,Severe,8.8,66.8,668.8,0.232,0.536,0.901,Heavy congestion detected - signal timing extended and reroute suggested
EVT435563,2025-04-10 15:17:35,Trade Fair,J040,City Market,9841,Weekday,False,Clear,False,0.0,False,False,0.297,Low,28.5,15.4,113.5,0.089,0.205,0.956,Moderate traffic flow - standard adaptive signal timing in effect
EVT435564,2025-12-11 19:53:41,Concert,J020,Malleshwaram Circle,15636,Weekday,False,Clear,False,0.0,False,False,0.772,Severe,15.8,60.4,256.7,0.136,0.315,0.96,Heavy congestion detected - signal timing extended and reroute suggested
EVT435565,2025-03-02 14:24:18,Concert,J009,Majestic,10103,Weekend,False,Clear,False,0.0,False,False,0.322,Low,25.0,24.7,62.2,0.051,0.117,0.968,Moderate traffic flow - standard adaptive signal timing in effect
EVT435566,2025-07-04 15:26:48,Trade Fair,J031,Cubbon Road,11538,Weekday,False,Clear,False,0.0,False,False,0.322,Low,31.1,22.8,176.4,0.14,0.324,0.968,Moderate traffic flow - standard adaptive signal timing in effect
EVT435567,2025-01-03 18:27:58,Trade Fair,J011,Indiranagar 100ft Road,8327,Weekday,False,Fog,False,0.0,False,False,1.0,Severe,8.4,68.5,328.6,0.119,0.276,0.905,Heavy congestion detected - signal timing extended and reroute suggested
EVT435568,2026-05-15 09:44:59,Local Market Day,J023,Basavanagudi,3387,Weekday,False,Rain,True,9.0,True,False,1.0,Severe,8.0,70.5,562.9,0.201,0.463,0.714,Accident detected nearby - reroute and reduced speed advised
EVT435569,2025-04-02 08:25:37,Local Market Day,J030,MG Road,4102,Weekday,False,Clear,False,0.0,False,False,1.0,Severe,8.3,66.8,718.1,0.266,0.614,0.934,Heavy congestion detected - signal timing extended and reroute suggested
EVT435570,2025-12-22 18:17:20,Sports Fixture,J040,City Market,33173,Weekday,False,Clear,False,0.0,False,False,1.0,Severe,9.6,73.1,326.7,0.138,0.32,0.938,Heavy congestion detected - signal timing extended and reroute suggested
EVT435571,2026-03-31 17:01:34,Concert,J040,City Market,13774,Weekday,False,Clear,False,0.0,False,False,0.743,High,17.1,54.6,227.5,0.135,0.312,0.959,Moderate traffic flow - standard adaptive signal timing in effect
EVT435572,2025-09-14 17:04:41,Political Rally,J020,Malleshwaram Circle,34661,Weekend,False,Light Rain,True,5.4,False,False,1.0,Severe,9.4,72.5,553.4,0.213,0.492,0.853,Heavy rain reducing visibility and grip - reduced speed and longer buffer advised
EVT435573,2025-03-25 17:58:01,Local Market Day,J030,MG Road,7690,Weekday,False,Clear,False,0.0,False,False,1.0,Severe,7.7,65.6,517.2,0.18,0.416,0.903,Heavy congestion detected - signal timing extended and reroute suggested
EVT435574,2025-04-24 09:32:37,Local Market Day,J009,Majestic,3076,Weekday,False,Clear,False,0.0,False,False,0.875,Severe,13.7,58.6,282.8,0.117,0.271,0.91,Heavy congestion detected - signal timing extended and reroute suggested
EVT435575,2026-05-24 20:05:48,Local Market Day,J030,MG Road,4907,Weekend,False,Clear,False,0.0,False,False,0.659,High,23.0,46.8,220.2,0.172,0.397,0.977,Moderate traffic flow - standard adaptive signal timing in effect
EVT435576,2026-05-14 10:33:49,Sports Fixture,J012,Koramangala Sony World,17841,Weekday,False,Light Rain,True,3.9,False,False,0.724,High,16.6,56.4,323.6,0.168,0.389,0.907,Heavy rain reducing visibility and grip - reduced speed and longer buffer advised
EVT435577,2025-04-16 07:07:14,Sports Fixture,J040,City Market,22371,Weekday,False,Clear,False,0.0,False,False,0.617,High,23.0,44.8,312.0,0.25,0.577,0.948,Moderate traffic flow - standard adaptive signal timing in effect
EVT435578,2025-07-07 15:27:57,Local Market Day,J040,City Market,2781,Weekday,False,Clear,False,0.0,False,False,0.28,Low,25.3,22.9,187.5,0.111,0.257,0.979,Moderate traffic flow - standard adaptive signal timing in effect
EVT435579,2025-02-27 06:58:23,Local Market Day,J031,Cubbon Road,7048,Weekday,False,Clear,False,0.0,False,False,0.45,Moderate,28.6,29.7,159.3,0.125,0.29,0.974,Moderate traffic flow - standard adaptive signal timing in effect
EVT435580,2025-12-17 09:14:08,Trade Fair,J023,Basavanagudi,10700,Weekday,False,Clear,False,0.0,False,False,1.0,Severe,8.0,70.4,350.6,0.119,0.275,0.921,Heavy congestion detected - signal timing extended and reroute suggested
EVT435581,2025-05-31 22:00:57,Trade Fair,J020,Malleshwaram Circle,14900,Weekend,False,Clear,False,0.0,False,False,0.464,Moderate,24.6,36.0,287.6,0.191,0.442,0.99,Moderate traffic flow - standard adaptive signal timing in effect
EVT435582,2026-05-11 13:43:13,Concert,J020,Malleshwaram Circle,16015,Weekday,False,Clear,False,0.0,False,False,0.167,Low,35.1,12.4,153.5,0.182,0.42,0.952,Normal free-flow traffic - standard signal timing maintained
EVT435583,2026-03-04 20:32:48,Religious Festival,J031,Cubbon Road,51099,Weekday,True,Clear,False,0.0,False,False,1.0,Severe,7.8,63.7,636.4,0.22,0.508,0.874,Festival crowd surge detected - alternate route and extended cycle recommended
EVT435584,2026-02-20 13:50:34,Concert,J011,Indiranagar 100ft Road,9725,Weekday,False,Clear,False,0.0,False,False,0.213,Low,32.1,16.0,175.6,0.135,0.312,0.967,Normal free-flow traffic - standard signal timing maintained
EVT435585,2025-03-12 23:26:09,Trade Fair,J023,Basavanagudi,8657,Weekday,False,Clear,False,0.0,False,False,0.266,Low,34.2,25.3,122.9,0.126,0.292,0.99,Moderate traffic flow - standard adaptive signal timing in effect
EVT435586,2026-01-23 18:55:32,Sports Fixture,J011,Indiranagar 100ft Road,15412,Weekday,False,Clear,False,0.0,False,False,1.0,Severe,8.5,77.1,615.3,0.206,0.476,0.896,Heavy congestion detected - signal timing extended and reroute suggested
EVT435587,2025-08-03 08:59:48,Local Market Day,J023,Basavanagudi,3081,Weekend,False,Clear,False,0.0,False,False,0.834,Severe,16.5,59.2,324.5,0.192,0.445,0.949,Heavy congestion detected - signal timing extended and reroute suggested
EVT435588,2025-07-11 16:15:12,Concert,J040,City Market,19200,Weekday,False,Light Rain,True,6.1,False,False,0.657,High,15.4,47.2,398.2,0.182,0.421,0.941,Heavy rain reducing visibility and grip - reduced speed and longer buffer advised
EVT435589,2026-03-03 08:48:41,Concert,J011,Indiranagar 100ft Road,21285,Weekday,False,Fog,False,0.0,False,False,1.0,Severe,8.8,77.2,867.7,0.277,0.639,0.93,Heavy congestion detected - signal timing extended and reroute suggested
EVT435590,2025-03-03 05:45:18,Concert,J031,Cubbon Road,11567,Weekday,False,Clear,False,0.0,False,False,0.343,Low,26.5,28.3,165.7,0.143,0.33,0.941,Moderate traffic flow - standard adaptive signal timing in effect
EVT435591,2026-03-27 20:07:54,Religious Festival,J011,Indiranagar 100ft Road,56212,Weekday,True,Clear,False,0.0,False,False,1.0,Severe,6.0,79.3,1027.0,0.254,0.587,0.862,Festival crowd surge detected - alternate route and extended cycle recommended
EVT435592,2025-06-19 06:37:07,Local Market Day,J020,Malleshwaram Circle,4734,Weekday,False,Clear,False,0.0,False,False,0.318,Low,26.0,28.6,212.4,0.141,0.326,0.974,Moderate traffic flow - standard adaptive signal timing in effect
EVT435593,2025-12-17 06:48:59,Trade Fair,J023,Basavanagudi,17228,Weekday,False,Clear,False,0.0,False,False,0.505,Moderate,18.0,36.0,352.3,0.212,0.489,0.985,Moderate traffic flow - standard adaptive signal timing in effect
EVT435594,2025-08-29 06:33:31,Local Market Day,J012,Koramangala Sony World,5607,Weekday,False,Clear,False,0.0,False,False,0.334,Low,25.6,20.1,167.4,0.097,0.223,0.946,Moderate traffic flow - standard adaptive signal timing in effect
EVT435595,2026-04-06 09:40:17,Local Market Day,J031,Cubbon Road,5634,Weekday,False,Clear,False,0.0,False,False,0.874,Severe,11.2,67.4,437.4,0.179,0.413,0.937,Heavy congestion detected - signal timing extended and reroute suggested
EVT435596,2025-01-06 07:03:16,Sports Fixture,J009,Majestic,40327,Weekday,False,Clear,False,0.0,False,False,0.676,High,20.3,45.1,243.1,0.162,0.373,0.966,Moderate traffic flow - standard adaptive signal timing in effect
EVT435597,2026-03-27 14:24:15,Religious Festival,J009,Majestic,114462,Weekday,True,Clear,False,0.0,False,False,0.823,Severe,15.8,64.2,301.6,0.168,0.388,0.876,Festival crowd surge detected - alternate route and extended cycle recommended
EVT435598,2026-02-19 09:48:56,Local Market Day,J009,Majestic,2468,Weekday,False,Clear,False,0.0,False,False,0.91,Severe,13.5,65.4,376.9,0.207,0.479,0.933,Heavy congestion detected - signal timing extended and reroute suggested
EVT435599,2025-10-01 07:57:14,Concert,J009,Majestic,13179,Weekday,False,Rain,True,17.6,False,False,1.0,Severe,8.7,70.6,481.0,0.171,0.394,0.879,Heavy rain reducing visibility and grip - reduced speed and longer buffer advised
EVT435600,2025-06-10 12:58:40,Trade Fair,J011,Indiranagar 100ft Road,11961,Weekday,False,Heavy Rain,True,57.0,False,False,0.498,Moderate,26.7,34.4,203.3,0.142,0.327,0.901,Light rain detected - minor speed reduction advised
EVT435601,2025-05-24 18:55:46,Local Market Day,J009,Majestic,3569,Weekend,False,Clear,False,0.0,False,False,0.841,Severe,7.9,61.7,572.0,0.191,0.44,0.951,Heavy congestion detected - signal timing extended and reroute suggested
EVT435602,2026-05-22 16:47:58,Trade Fair,J012,Koramangala Sony World,8766,Weekday,False,Clear,False,0.0,False,False,0.61,High,20.4,49.5,219.7,0.131,0.303,0.946,Moderate traffic flow - standard adaptive signal timing in effect
EVT435603,2026-03-16 08:47:02,Sports Fixture,J009,Majestic,29089,Weekday,False,Clear,False,0.0,False,False,1.0,Severe,9.7,70.6,285.5,0.116,0.268,0.921,Heavy congestion detected - signal timing extended and reroute suggested
EVT435604,2025-09-01 17:27:55,Concert,J030,MG Road,7337,Weekday,False,Clear,False,0.0,False,False,0.827,Severe,14.0,59.2,401.7,0.197,0.454,0.934,Heavy congestion detected - signal timing extended and reroute suggested
EVT435605,2025-07-19 17:06:39,Concert,J023,Basavanagudi,10599,Weekend,False,Heavy Rain,True,42.7,False,False,1.0,Severe,6.6,74.2,916.1,0.246,0.569,0.88,Heavy rain reducing visibility and grip - reduced speed and longer buffer advised
EVT435606,2026-04-27 19:52:23,Local Market Day,J023,Basavanagudi,4309,Weekday,False,Clear,False,0.0,False,False,0.73,High,18.4,54.6,212.6,0.124,0.287,0.981,Moderate traffic flow - standard adaptive signal timing in effect
EVT435607,2025-05-31 18:56:41,Local Market Day,J011,Indiranagar 100ft Road,3973,Weekend,False,Light Rain,True,5.0,False,False,0.89,Severe,13.0,66.7,378.0,0.187,0.431,0.906,Heavy rain reducing visibility and grip - reduced speed and longer buffer advised
EVT435608,2025-06-01 17:13:24,Sports Fixture,J011,Indiranagar 100ft Road,34226,Weekend,False,Rain,True,14.6,False,False,1.0,Severe,8.7,75.8,409.4,0.143,0.33,0.88,Heavy rain reducing visibility and grip - reduced speed and longer buffer advised
EVT435609,2025-06-30 20:36:18,Local Market Day,J023,Basavanagudi,3261,Weekday,False,Heavy Rain,True,31.2,True,False,1.0,Severe,8.9,69.4,395.7,0.151,0.348,0.707,Accident detected nearby - reroute and reduced speed advised
EVT435610,2025-01-25 13:29:10,Local Market Day,J030,MG Road,3873,Weekend,False,Clear,False,0.0,False,False,0.283,Low,31.9,18.9,78.4,0.062,0.143,0.95,Moderate traffic flow - standard adaptive signal timing in effect
EVT435611,2026-01-23 09:06:13,Trade Fair,J030,MG Road,13094,Weekday,False,Clear,False,0.0,False,False,1.0,Severe,8.6,68.2,457.9,0.161,0.373,0.882,Heavy congestion detected - signal timing extended and reroute suggested
EVT435612,2026-01-04 19:26:55,Political Rally,J011,Indiranagar 100ft Road,12921,Weekend,False,Clear,False,0.0,False,False,0.836,Severe,12.8,57.8,214.2,0.108,0.249,0.936,Heavy congestion detected - signal timing extended and reroute suggested
EVT435613,2025-02-05 14:05:14,Trade Fair,J031,Cubbon Road,12603,Weekday,False,Clear,False,0.0,False,False,0.314,Low,33.8,21.7,102.9,0.093,0.214,0.963,Moderate traffic flow - standard adaptive signal timing in effect
EVT435614,2026-02-23 19:09:06,Local Market Day,J011,Indiranagar 100ft Road,8410,Weekday,False,Clear,False,0.0,False,False,0.982,Severe,10.9,71.7,422.6,0.178,0.412,0.937,Heavy congestion detected - signal timing extended and reroute suggested
EVT435615,2025-02-04 16:25:07,Local Market Day,J020,Malleshwaram Circle,5498,Weekday,False,Clear,False,0.0,False,False,0.591,High,20.4,40.7,265.7,0.178,0.41,0.99,Moderate traffic flow - standard adaptive signal timing in effect
EVT435616,2025-12-15 17:33:48,Local Market Day,J031,Cubbon Road,1541,Weekday,False,Clear,False,0.0,False,False,0.892,Severe,13.9,59.8,273.0,0.109,0.251,0.92,Heavy congestion detected - signal timing extended and reroute suggested
EVT435617,2025-04-25 08:59:32,Trade Fair,J011,Indiranagar 100ft Road,13082,Weekday,False,Fog,False,0.0,False,False,1.0,Severe,9.2,78.0,572.5,0.218,0.503,0.922,Heavy congestion detected - signal timing extended and reroute suggested
EVT435618,2025-02-20 20:42:43,Trade Fair,J031,Cubbon Road,7937,Weekday,False,Clear,False,0.0,False,False,0.442,Moderate,22.1,33.7,199.5,0.127,0.294,0.968,Moderate traffic flow - standard adaptive signal timing in effect
EVT435619,2026-06-11 08:47:11,Trade Fair,J009,Majestic,10752,Weekday,False,Clear,False,0.0,False,False,1.0,Severe,8.3,73.7,733.6,0.234,0.541,0.916,Heavy congestion detected - signal timing extended and reroute suggested
EVT435620,2026-03-23 09:39:25,Local Market Day,J020,Malleshwaram Circle,3785,Weekday,False,Light Rain,True,1.5,False,False,0.968,Severe,9.9,68.6,564.5,0.238,0.55,0.859,Heavy rain reducing visibility and grip - reduced speed and longer buffer advised
EVT435621,2025-01-06 19:46:20,Political Rally,J009,Majestic,11301,Weekday,False,Clear,False,0.0,False,False,0.838,Severe,15.4,59.7,144.4,0.089,0.206,0.978,Heavy congestion detected - signal timing extended and reroute suggested
EVT435622,2025-11-07 18:38:21,Sports Fixture,J011,Indiranagar 100ft Road,20368,Weekday,False,Clear,False,0.0,False,False,1.0,Severe,6.9,74.5,227.8,0.078,0.179,0.908,Heavy congestion detected - signal timing extended and reroute suggested
EVT435623,2026-06-28 16:24:10,Political Rally,J030,MG Road,16010,Weekend,False,Clear,False,0.0,False,False,0.64,High,16.3,46.6,252.5,0.149,0.344,0.974,Moderate traffic flow - standard adaptive signal timing in effect
EVT435624,2025-11-19 07:32:47,Local Market Day,J031,Cubbon Road,4976,Weekday,False,Clear,False,0.0,False,False,0.625,High,19.6,45.7,266.4,0.161,0.371,0.937,Moderate traffic flow - standard adaptive signal timing in effect
EVT435625,2025-08-27 18:38:47,Cultural Procession,J009,Majestic,17787,Weekday,True,Light Rain,True,3.0,False,True,1.0,Severe,8.0,90.9,580.0,0.209,0.483,0.754,Road closure for event/procession - full detour recommended for through-traffic
EVT435626,2025-10-01 12:38:40,Political Rally,J020,Malleshwaram Circle,18566,Weekday,False,Clear,False,0.0,False,False,0.381,Moderate,28.8,27.1,106.0,0.079,0.182,0.964,Moderate traffic flow - standard adaptive signal timing in effect
EVT435627,2025-01-13 18:24:45,Concert,J009,Majestic,17074,Weekday,False,Clear,False,0.0,False,False,1.0,Severe,7.4,67.7,590.5,0.175,0.405,0.93,Heavy congestion detected - signal timing extended and reroute suggested
EVT435628,2025-07-30 17:07:53,Local Market Day,J012,Koramangala Sony World,3314,Weekday,False,Clear,False,0.0,False,False,0.825,Severe,13.1,54.9,152.1,0.08,0.184,0.951,Heavy congestion detected - signal timing extended and reroute suggested
EVT435629,2026-06-03 09:44:02,Concert,J031,Cubbon Road,8905,Weekday,False,Clear,False,0.0,False,False,0.887,Severe,11.5,66.9,327.4,0.16,0.37,0.95,Heavy congestion detected - signal timing extended and reroute suggested
EVT435630,2025-03-23 08:46:49,Sports Fixture,J030,MG Road,32977,Weekend,False,Clear,False,0.0,False,False,0.977,Severe,8.2,72.3,555.1,0.191,0.441,0.919,Heavy congestion detected - signal timing extended and reroute suggested
EVT435631,2025-02-20 07:39:01,Political Rally,J020,Malleshwaram Circle,16738,Weekday,False,Clear,False,0.0,False,False,0.724,High,15.7,50.8,183.7,0.11,0.253,0.97,Moderate traffic flow - standard adaptive signal timing in effect
EVT435632,2025-04-26 08:54:56,Local Market Day,J030,MG Road,4811,Weekend,False,Clear,False,0.0,False,False,0.941,Severe,9.1,68.8,533.1,0.192,0.442,0.913,Heavy congestion detected - signal timing extended and reroute suggested
EVT435633,2026-04-17 10:00:20,Political Rally,J031,Cubbon Road,11049,Weekday,False,Clear,False,0.0,False,False,0.855,Severe,12.7,68.8,285.5,0.135,0.311,0.94,Heavy congestion detected - signal timing extended and reroute suggested
EVT435634,2026-05-13 15:58:50,Concert,J011,Indiranagar 100ft Road,11774,Weekday,False,Rain,True,16.1,False,False,0.605,High,17.8,41.2,208.4,0.126,0.291,0.911,Heavy rain reducing visibility and grip - reduced speed and longer buffer advised
EVT435635,2026-01-12 11:20:46,Concert,J030,MG Road,13554,Weekday,False,Clear,False,0.0,False,False,0.345,Low,27.4,24.7,181.6,0.121,0.279,0.958,Moderate traffic flow - standard adaptive signal timing in effect
EVT435636,2025-01-15 17:34:25,Religious Festival,J031,Cubbon Road,51344,Weekday,True,Clear,False,0.0,False,True,1.0,Severe,9.2,96.4,626.9,0.219,0.505,0.8,Road closure for event/procession - full detour recommended for through-traffic
EVT435637,2025-12-09 17:08:26,Trade Fair,J031,Cubbon Road,11943,Weekday,False,Clear,False,0.0,False,False,0.763,Severe,14.7,56.9,328.5,0.183,0.423,0.944,Heavy congestion detected - signal timing extended and reroute suggested
EVT435638,2026-03-18 08:36:45,Trade Fair,J023,Basavanagudi,4949,Weekday,False,Clear,False,0.0,False,False,1.0,Severe,9.5,72.1,717.2,0.31,0.716,0.916,Heavy congestion detected - signal timing extended and reroute suggested
EVT435639,2026-02-01 23:33:56,Sports Fixture,J009,Majestic,20597,Weekend,False,Clear,False,0.0,False,False,0.392,Moderate,29.9,25.8,126.1,0.092,0.213,0.96,Moderate traffic flow - standard adaptive signal timing in effect
EVT435640,2026-06-16 14:07:37,Trade Fair,J012,Koramangala Sony World,9686,Weekday,False,Clear,False,0.0,False,False,0.21,Low,31.4,12.5,189.1,0.152,0.352,0.971,Normal free-flow traffic - standard signal timing maintained
EVT435641,2026-05-19 18:00:30,Trade Fair,J030,MG Road,8306,Weekday,False,Rain,True,15.7,False,False,1.0,Severe,6.8,69.7,863.8,0.243,0.56,0.88,Heavy rain reducing visibility and grip - reduced speed and longer buffer advised
EVT435642,2025-12-17 11:52:11,Local Market Day,J012,Koramangala Sony World,2377,Weekday,False,Clear,False,0.0,False,False,0.274,Low,27.1,21.3,134.3,0.093,0.215,0.99,Moderate traffic flow - standard adaptive signal timing in effect
EVT435643,2025-02-06 23:20:08,Trade Fair,J020,Malleshwaram Circle,12406,Weekday,False,Clear,False,0.0,False,False,0.287,Low,36.6,19.6,155.7,0.143,0.331,0.986,Moderate traffic flow - standard adaptive signal timing in effect
EVT435644,2026-03-25 16:17:26,Trade Fair,J011,Indiranagar 100ft Road,7706,Weekday,False,Clear,False,0.0,False,False,0.5,Moderate,25.7,35.8,220.0,0.183,0.422,0.964,Moderate traffic flow - standard adaptive signal timing in effect
EVT435645,2025-01-18 09:35:00,Sports Fixture,J031,Cubbon Road,29070,Weekend,False,Clear,False,0.0,False,False,0.934,Severe,8.6,63.9,451.0,0.164,0.379,0.949,Heavy congestion detected - signal timing extended and reroute suggested
EVT435646,2025-10-23 05:23:35,Concert,J012,Koramangala Sony World,14196,Weekday,False,Fog,False,0.0,False,False,0.356,Moderate,27.3,27.1,237.5,0.201,0.465,0.963,Moderate traffic flow - standard adaptive signal timing in effect
EVT435647,2025-07-12 15:19:04,Trade Fair,J040,City Market,8218,Weekend,False,Light Rain,True,2.4,False,False,0.451,Moderate,25.9,30.8,196.4,0.154,0.355,0.923,Light rain detected - minor speed reduction advised
EVT435648,2026-01-07 08:19:39,Trade Fair,J040,City Market,8711,Weekday,False,Clear,False,0.0,False,False,0.949,Severe,10.6,73.2,267.2,0.121,0.281,0.954,Heavy congestion detected - signal timing extended and reroute suggested
EVT435649,2025-02-17 08:35:48,Political Rally,J012,Koramangala Sony World,11580,Weekday,False,Clear,False,0.0,False,False,1.0,Severe,7.2,67.7,569.7,0.192,0.443,0.915,Heavy congestion detected - signal timing extended and reroute suggested
EVT435650,2025-04-30 07:11:11,Trade Fair,J012,Koramangala Sony World,9933,Weekday,False,Clear,False,0.0,False,False,0.561,High,17.5,38.9,245.9,0.13,0.3,0.975,Moderate traffic flow - standard adaptive signal timing in effect
EVT435651,2025-11-30 09:22:21,Sports Fixture,J009,Majestic,40567,Weekend,False,Rain,True,8.6,False,False,1.0,Severe,7.5,70.6,854.7,0.254,0.587,0.859,Heavy rain reducing visibility and grip - reduced speed and longer buffer advised
EVT435652,2025-01-21 18:09:44,Concert,J030,MG Road,7776,Weekday,False,Clear,False,0.0,False,False,1.0,Severe,8.1,81.5,527.7,0.176,0.407,0.925,Heavy congestion detected - signal timing extended and reroute suggested
EVT435653,2025-04-09 12:56:54,Sports Fixture,J011,Indiranagar 100ft Road,23888,Weekday,False,Rain,True,11.7,True,False,0.847,Severe,12.6,61.5,345.6,0.166,0.383,0.753,Accident detected nearby - reroute and reduced speed advised
EVT435654,2025-09-27 16:39:19,Trade Fair,J040,City Market,8043,Weekend,False,Clear,False,0.0,False,False,0.524,Moderate,20.8,37.8,117.6,0.081,0.188,0.96,Moderate traffic flow - standard adaptive signal timing in effect
EVT435655,2025-07-19 21:17:41,Trade Fair,J020,Malleshwaram Circle,7940,Weekend,False,Rain,True,11.2,False,False,0.526,Moderate,25.8,38.1,240.6,0.184,0.425,0.907,Light rain detected - minor speed reduction advised
EVT435656,2025-08-23 02:01:50,Sports Fixture,J031,Cubbon Road,26075,Weekend,False,Clear,False,0.0,False,False,0.43,Moderate,26.0,33.0,182.3,0.124,0.287,0.966,Moderate traffic flow - standard adaptive signal timing in effect
EVT435657,2025-06-03 12:19:52,Sports Fixture,J011,Indiranagar 100ft Road,14050,Weekday,False,Clear,False,0.0,False,False,0.322,Low,29.0,30.5,165.1,0.123,0.285,0.941,Moderate traffic flow - standard adaptive signal timing in effect
EVT435658,2025-11-16 14:15:36,Local Market Day,J012,Koramangala Sony World,5305,Weekend,False,Clear,False,0.0,False,False,0.337,Low,32.6,28.7,203.2,0.169,0.391,0.983,Moderate traffic flow - standard adaptive signal timing in effect
EVT435659,2025-08-08 07:55:22,Political Rally,J020,Malleshwaram Circle,14694,Weekday,False,Heavy Rain,True,26.3,False,False,1.0,Severe,8.8,72.2,493.6,0.178,0.411,0.854,Heavy rain reducing visibility and grip - reduced speed and longer buffer advised
EVT435660,2026-01-26 04:09:38,Fireworks Display,J012,Koramangala Sony World,22418,Weekday,True,Clear,False,0.0,False,False,0.539,Moderate,21.0,41.0,116.4,0.073,0.168,0.913,Festival crowd surge detected - alternate route and extended cycle recommended
EVT435661,2025-05-21 17:43:53,Concert,J020,Malleshwaram Circle,9100,Weekday,False,Clear,False,0.0,False,False,0.968,Severe,8.6,70.9,746.5,0.249,0.575,0.877,Heavy congestion detected - signal timing extended and reroute suggested
EVT435662,2026-06-23 19:32:07,Local Market Day,J020,Malleshwaram Circle,5034,Weekday,False,Clear,False,0.0,False,False,0.806,Severe,13.6,62.2,268.8,0.137,0.317,0.941,Heavy congestion detected - signal timing extended and reroute suggested
EVT435663,2025-05-30 22:25:45,Local Market Day,J020,Malleshwaram Circle,2390,Weekday,False,Heavy Rain,True,25.7,False,False,0.484,Moderate,25.5,37.1,217.2,0.161,0.372,0.915,Light rain detected - minor speed reduction advised
EVT435664,2025-12-11 19:33:09,Local Market Day,J020,Malleshwaram Circle,5784,Weekday,False,Clear,False,0.0,False,False,0.841,Severe,13.5,55.1,440.7,0.201,0.464,0.925,Heavy congestion detected - signal timing extended and reroute suggested
EVT435665,2026-03-01 08:37:17,Political Rally,J031,Cubbon Road,14003,Weekend,False,Clear,False,0.0,False,False,0.942,Severe,10.3,58.2,480.3,0.208,0.48,0.933,Heavy congestion detected - signal timing extended and reroute suggested
EVT435666,2025-03-05 19:56:07,Concert,J012,Koramangala Sony World,10952,Weekday,False,Fog,False,0.0,False,False,0.767,Severe,17.2,53.9,251.6,0.149,0.344,0.96,Heavy congestion detected - signal timing extended and reroute suggested
EVT435667,2026-04-20 07:56:35,Local Market Day,J012,Koramangala Sony World,3907,Weekday,False,Clear,False,0.0,False,False,0.765,Severe,16.0,53.8,414.3,0.239,0.553,0.946,Heavy congestion detected - signal timing extended and reroute suggested
EVT435668,2025-06-03 11:04:58,Local Market Day,J023,Basavanagudi,3490,Weekday,False,Fog,False,0.0,False,False,0.47,Moderate,28.4,29.1,199.3,0.158,0.366,0.99,Moderate traffic flow - standard adaptive signal timing in effect
EVT435669,2025-10-15 08:16:09,Trade Fair,J031,Cubbon Road,6932,Weekday,False,Clear,False,0.0,False,False,0.897,Severe,12.7,62.6,249.5,0.133,0.308,0.948,Heavy congestion detected - signal timing extended and reroute suggested
EVT435670,2026-01-31 21:48:11,Trade Fair,J012,Koramangala Sony World,17327,Weekend,False,Clear,False,0.0,False,False,0.389,Moderate,31.6,28.6,148.7,0.127,0.294,0.966,Moderate traffic flow - standard adaptive signal timing in effect
EVT435671,2025-09-11 09:34:06,Trade Fair,J040,City Market,8561,Weekday,False,Heavy Rain,True,47.8,False,False,1.0,Severe,7.7,66.1,482.7,0.164,0.379,0.878,Heavy rain reducing visibility and grip - reduced speed and longer buffer advised
EVT435672,2025-08-08 18:56:55,Trade Fair,J030,MG Road,7309,Weekday,False,Clear,False,0.0,False,False,1.0,Severe,8.0,64.8,520.1,0.17,0.393,0.922,Heavy congestion detected - signal timing extended and reroute suggested
EVT435673,2025-06-23 20:40:01,Trade Fair,J030,MG Road,8268,Weekday,False,Clear,False,0.0,False,False,0.554,High,25.0,40.4,206.2,0.151,0.348,0.956,Moderate traffic flow - standard adaptive signal timing in effect
EVT435674,2025-01-03 16:26:41,Political Rally,J011,Indiranagar 100ft Road,15886,Weekday,False,Clear,False,0.0,False,False,0.608,High,19.3,39.4,93.6,0.059,0.137,0.962,Moderate traffic flow - standard adaptive signal timing in effect
EVT435675,2025-12-01 15:38:26,Sports Fixture,J020,Malleshwaram Circle,34188,Weekday,False,Fog,False,0.0,False,False,0.514,Moderate,20.8,34.8,290.4,0.201,0.465,0.94,Moderate traffic flow - standard adaptive signal timing in effect
EVT435676,2025-10-27 09:50:08,Sports Fixture,J040,City Market,11665,Weekday,False,Clear,False,0.0,False,False,0.885,Severe,14.2,65.2,260.0,0.125,0.288,0.938,Heavy congestion detected - signal timing extended and reroute suggested
EVT435677,2025-05-18 11:09:42,Local Market Day,J012,Koramangala Sony World,5812,Weekend,False,Rain,True,20.3,False,False,0.678,High,20.1,46.9,248.4,0.166,0.383,0.915,Heavy rain reducing visibility and grip - reduced speed and longer buffer advised
EVT435678,2026-01-29 12:34:02,Local Market Day,J030,MG Road,3262,Weekday,False,Clear,False,0.0,False,False,0.17,Low,35.1,15.1,138.3,0.12,0.277,0.95,Normal free-flow traffic - standard signal timing maintained
EVT435679,2025-09-12 17:29:02,Trade Fair,J009,Majestic,14140,Weekday,False,Clear,False,0.0,False,False,0.951,Severe,10.7,70.2,303.4,0.151,0.349,0.911,Heavy congestion detected - signal timing extended and reroute suggested
EVT435680,2026-03-26 01:12:49,Religious Festival,J023,Basavanagudi,46983,Weekday,True,Clear,False,0.0,False,False,0.598,High,20.0,44.4,158.5,0.105,0.242,0.891,Festival crowd surge detected - alternate route and extended cycle recommended
EVT435681,2025-05-11 12:04:49,Local Market Day,J023,Basavanagudi,6016,Weekend,False,Clear,False,0.0,False,False,0.301,Low,29.2,20.7,103.1,0.079,0.182,0.962,Moderate traffic flow - standard adaptive signal timing in effect
EVT435682,2025-04-18 04:03:26,Local Market Day,J031,Cubbon Road,4355,Weekday,False,Clear,False,0.0,False,False,0.132,Low,44.8,6.7,78.4,0.084,0.194,0.96,Normal free-flow traffic - standard signal timing maintained
EVT435683,2025-03-10 09:35:37,Concert,J030,MG Road,12839,Weekday,False,Clear,False,0.0,False,False,0.965,Severe,8.1,70.4,585.1,0.192,0.442,0.924,Heavy congestion detected - signal timing extended and reroute suggested
EVT435684,2025-01-17 18:19:46,Sports Fixture,J009,Majestic,20178,Weekday,False,Clear,False,0.0,False,False,1.0,Severe,8.1,64.0,548.6,0.175,0.403,0.9,Heavy congestion detected - signal timing extended and reroute suggested
EVT435685,2026-04-14 17:59:46,Religious Festival,J031,Cubbon Road,40941,Weekday,True,Light Rain,True,5.5,False,False,1.0,Severe,9.2,67.3,626.6,0.24,0.553,0.789,Festival crowd surge detected - alternate route and extended cycle recommended
EVT435686,2025-07-04 10:10:59,Trade Fair,J023,Basavanagudi,10011,Weekday,False,Heavy Rain,True,37.2,False,False,1.0,Severe,6.5,69.8,771.3,0.216,0.498,0.845,Heavy rain reducing visibility and grip - reduced speed and longer buffer advised
EVT435687,2026-02-17 18:01:48,Local Market Day,J030,MG Road,5598,Weekday,False,Light Rain,True,2.9,True,False,1.0,Severe,8.1,78.5,369.5,0.127,0.294,0.683,Accident detected nearby - reroute and reduced speed advised
EVT435688,2025-10-05 15:11:44,Sports Fixture,J040,City Market,29681,Weekend,False,Clear,False,0.0,False,False,0.453,Moderate,28.0,31.4,170.2,0.157,0.362,0.942,Moderate traffic flow - standard adaptive signal timing in effect
EVT435689,2025-02-12 11:56:40,Sports Fixture,J030,MG Road,27346,Weekday,False,Clear,False,0.0,False,False,0.335,Low,27.2,26.3,238.3,0.179,0.414,0.968,Moderate traffic flow - standard adaptive signal timing in effect
EVT435690,2025-12-21 13:50:51,Trade Fair,J040,City Market,18151,Weekend,False,Clear,False,0.0,False,False,0.368,Moderate,28.7,24.7,186.8,0.162,0.374,0.933,Moderate traffic flow - standard adaptive signal timing in effect
EVT435691,2026-04-25 12:15:57,Sports Fixture,J011,Indiranagar 100ft Road,13437,Weekend,False,Clear,False,0.0,False,False,0.332,Low,25.4,24.3,181.3,0.12,0.277,0.99,Moderate traffic flow - standard adaptive signal timing in effect
EVT435692,2025-10-20 18:53:13,Religious Festival,J030,MG Road,52657,Weekday,True,Fog,False,0.0,False,True,1.0,Severe,7.8,100.3,918.3,0.305,0.706,0.834,Road closure for event/procession - full detour recommended for through-traffic
EVT435693,2025-08-11 09:41:25,Political Rally,J012,Koramangala Sony World,11603,Weekday,False,Rain,True,14.4,False,False,1.0,Severe,7.4,66.5,701.9,0.199,0.46,0.863,Heavy rain reducing visibility and grip - reduced speed and longer buffer advised
EVT435694,2025-02-18 13:11:37,Sports Fixture,J009,Majestic,28962,Weekday,False,Clear,False,0.0,False,False,0.348,Low,21.4,28.9,180.6,0.114,0.264,0.989,Moderate traffic flow - standard adaptive signal timing in effect
EVT435695,2025-11-08 18:28:35,Sports Fixture,J009,Majestic,18368,Weekend,False,Clear,False,0.0,False,False,0.889,Severe,13.2,68.8,196.7,0.1,0.23,0.926,Heavy congestion detected - signal timing extended and reroute suggested
EVT435696,2025-03-04 18:28:35,Political Rally,J020,Malleshwaram Circle,24893,Weekday,False,Clear,False,0.0,False,False,1.0,Severe,6.2,63.9,863.1,0.238,0.551,0.926,Heavy congestion detected - signal timing extended and reroute suggested
EVT435697,2025-07-31 09:44:04,Concert,J020,Malleshwaram Circle,9863,Weekday,False,Clear,False,0.0,False,False,0.95,Severe,8.4,67.1,495.0,0.171,0.395,0.916,Heavy congestion detected - signal timing extended and reroute suggested
EVT435698,2025-02-08 19:30:24,Local Market Day,J030,MG Road,4038,Weekend,False,Clear,False,0.0,False,False,0.752,Severe,17.6,52.9,286.4,0.175,0.404,0.959,Heavy congestion detected - signal timing extended and reroute suggested
EVT435699,2026-01-31 18:13:52,Concert,J023,Basavanagudi,11618,Weekend,False,Clear,False,0.0,False,False,0.895,Severe,10.6,66.6,447.7,0.179,0.412,0.938,Heavy congestion detected - signal timing extended and reroute suggested
EVT435700,2026-05-28 18:38:26,Sports Fixture,J012,Koramangala Sony World,17617,Weekday,False,Clear,False,0.0,False,False,1.0,Severe,8.8,69.7,334.3,0.134,0.309,0.915,Heavy congestion detected - signal timing extended and reroute suggested
EVT435701,2025-11-24 14:01:24,Political Rally,J009,Majestic,7294,Weekday,False,Light Rain,True,1.8,False,False,0.266,Low,39.7,18.8,113.2,0.117,0.271,0.902,Light rain detected - minor speed reduction advised
EVT435702,2025-05-21 14:49:51,Local Market Day,J012,Koramangala Sony World,2900,Weekday,False,Clear,False,0.0,False,False,0.235,Low,35.3,13.1,74.4,0.065,0.15,0.951,Normal free-flow traffic - standard signal timing maintained
EVT435703,2025-04-07 17:01:29,Cultural Procession,J023,Basavanagudi,22039,Weekday,True,Clear,False,0.0,False,False,1.0,Severe,8.7,69.1,647.7,0.218,0.504,0.875,Festival crowd surge detected - alternate route and extended cycle recommended
EVT435704,2025-12-05 08:44:42,Concert,J012,Koramangala Sony World,10585,Weekday,False,Clear,False,0.0,False,False,1.0,Severe,8.1,70.7,795.0,0.253,0.584,0.923,Heavy congestion detected - signal timing extended and reroute suggested
EVT435705,2025-12-15 14:38:49,Trade Fair,J009,Majestic,16768,Weekday,False,Clear,False,0.0,False,False,0.266,Low,29.7,24.1,98.4,0.08,0.184,0.96,Moderate traffic flow - standard adaptive signal timing in effect
EVT435706,2025-12-30 11:32:36,Local Market Day,J040,City Market,2231,Weekday,False,Clear,False,0.0,False,False,0.311,Low,26.8,19.0,116.5,0.091,0.211,0.965,Moderate traffic flow - standard adaptive signal timing in effect
EVT435707,2026-04-23 16:16:43,Concert,J011,Indiranagar 100ft Road,10824,Weekday,False,Clear,False,0.0,False,False,0.564,High,23.7,41.3,297.6,0.221,0.51,0.952,Moderate traffic flow - standard adaptive signal timing in effect
EVT435708,2025-06-18 17:49:56,Local Market Day,J009,Majestic,3529,Weekday,False,Rain,True,22.0,False,False,1.0,Severe,8.2,76.2,357.8,0.115,0.265,0.862,Heavy rain reducing visibility and grip - reduced speed and longer buffer advised
EVT435709,2025-12-07 18:11:57,Sports Fixture,J023,Basavanagudi,22150,Weekend,False,Clear,False,0.0,False,False,0.907,Severe,12.0,64.8,402.8,0.175,0.404,0.942,Heavy congestion detected - signal timing extended and reroute suggested
EVT435710,2026-01-17 07:08:10,Trade Fair,J040,City Market,8721,Weekend,False,Clear,False,0.0,False,False,0.503,Moderate,24.2,37.9,246.2,0.186,0.43,0.959,Moderate traffic flow - standard adaptive signal timing in effect
EVT435711,2025-11-30 20:08:36,Sports Fixture,J009,Majestic,11722,Weekend,False,Clear,False,0.0,False,False,0.671,High,22.2,43.5,220.2,0.144,0.333,0.958,Moderate traffic flow - standard adaptive signal timing in effect
EVT435712,2026-01-27 17:07:33,Religious Festival,J020,Malleshwaram Circle,47346,Weekday,True,Clear,False,0.0,False,True,1.0,Severe,10.0,94.8,273.3,0.118,0.273,0.822,Road closure for event/procession - full detour recommended for through-traffic
EVT435713,2025-05-15 06:35:33,Trade Fair,J030,MG Road,7582,Weekday,False,Clear,False,0.0,False,False,0.376,Moderate,33.1,28.1,160.7,0.144,0.333,0.972,Moderate traffic flow - standard adaptive signal timing in effect
EVT435714,2026-03-18 10:52:27,Trade Fair,J012,Koramangala Sony World,5132,Weekday,False,Clear,False,0.0,False,False,0.509,Moderate,26.5,38.8,154.0,0.11,0.253,0.93,Moderate traffic flow - standard adaptive signal timing in effect
EVT435715,2026-06-23 15:15:55,Political Rally,J023,Basavanagudi,13285,Weekday,False,Clear,False,0.0,False,False,0.309,Low,32.3,17.3,122.5,0.101,0.234,0.99,Moderate traffic flow - standard adaptive signal timing in effect
EVT435716,2026-01-12 12:46:43,Local Market Day,J009,Majestic,3436,Weekday,False,Clear,False,0.0,False,False,0.226,Low,24.2,19.6,278.2,0.158,0.364,0.965,Normal free-flow traffic - standard signal timing maintained
EVT435717,2025-06-12 14:40:40,Concert,J040,City Market,20151,Weekday,False,Clear,False,0.0,False,False,0.249,Low,36.7,22.6,144.5,0.133,0.308,0.941,Normal free-flow traffic - standard signal timing maintained
EVT435718,2026-02-27 17:35:13,Local Market Day,J009,Majestic,3843,Weekday,False,Clear,False,0.0,False,False,0.956,Severe,11.3,72.3,467.0,0.187,0.432,0.915,Heavy congestion detected - signal timing extended and reroute suggested
EVT435719,2026-05-17 14:47:56,Political Rally,J030,MG Road,8262,Weekend,False,Clear,False,0.0,False,False,0.345,Low,30.9,21.6,204.7,0.177,0.409,0.938,Moderate traffic flow - standard adaptive signal timing in effect
EVT435720,2025-08-12 08:47:07,Sports Fixture,J023,Basavanagudi,11676,Weekday,False,Rain,True,21.4,False,False,1.0,Severe,8.5,70.0,197.1,0.088,0.202,0.834,Heavy rain reducing visibility and grip - reduced speed and longer buffer advised
EVT435721,2025-07-19 14:45:42,Local Market Day,J031,Cubbon Road,5565,Weekend,False,Clear,False,0.0,False,False,0.282,Low,27.8,28.1,176.4,0.141,0.326,0.978,Moderate traffic flow - standard adaptive signal timing in effect
EVT435722,2026-01-13 20:18:46,Local Market Day,J040,City Market,2532,Weekday,False,Clear,False,0.0,False,False,0.638,High,17.5,47.4,375.8,0.197,0.456,0.979,Moderate traffic flow - standard adaptive signal timing in effect
EVT435723,2025-03-16 20:41:11,Trade Fair,J031,Cubbon Road,4604,Weekend,False,Clear,False,0.0,False,False,0.599,High,24.4,42.7,103.5,0.067,0.156,0.973,Moderate traffic flow - standard adaptive signal timing in effect
EVT435724,2026-05-05 14:07:38,Local Market Day,J030,MG Road,3268,Weekday,False,Clear,False,0.0,False,False,0.134,Low,34.3,7.9,82.9,0.095,0.219,0.966,Normal free-flow traffic - standard signal timing maintained
EVT435725,2025-11-09 16:15:28,Local Market Day,J011,Indiranagar 100ft Road,5775,Weekend,False,Clear,False,0.0,False,False,0.552,High,24.7,34.4,121.7,0.085,0.197,0.983,Moderate traffic flow - standard adaptive signal timing in effect
EVT435726,2026-01-25 21:57:19,Local Market Day,J040,City Market,3525,Weekend,False,Clear,False,0.0,False,False,0.351,Moderate,22.9,22.5,108.5,0.08,0.184,0.985,Moderate traffic flow - standard adaptive signal timing in effect
EVT435727,2025-07-27 20:00:39,Concert,J009,Majestic,7962,Weekend,False,Clear,False,0.0,False,False,0.722,High,18.9,53.4,208.4,0.114,0.262,0.989,Moderate traffic flow - standard adaptive signal timing in effect
EVT435728,2025-05-03 17:31:02,Local Market Day,J011,Indiranagar 100ft Road,4361,Weekend,False,Clear,False,0.0,False,False,0.752,Severe,15.9,46.4,343.1,0.193,0.445,0.967,Heavy congestion detected - signal timing extended and reroute suggested
EVT435729,2025-02-01 09:04:08,Sports Fixture,J040,City Market,29689,Weekend,False,Clear,False,0.0,False,False,0.966,Severe,9.7,65.2,581.6,0.218,0.504,0.934,Heavy congestion detected - signal timing extended and reroute suggested
EVT435730,2026-01-05 20:07:21,Trade Fair,J040,City Market,12333,Weekday,False,Clear,False,0.0,False,False,0.709,High,19.7,48.7,221.6,0.169,0.391,0.984,Moderate traffic flow - standard adaptive signal timing in effect
EVT435731,2025-11-14 16:23:21,Local Market Day,J023,Basavanagudi,3848,Weekday,False,Rain,True,9.5,False,False,0.635,High,18.6,46.2,339.4,0.205,0.473,0.917,Heavy rain reducing visibility and grip - reduced speed and longer buffer advised
EVT435732,2025-07-02 23:08:45,Sports Fixture,J030,MG Road,19493,Weekday,False,Clear,False,0.0,False,False,0.231,Low,24.4,9.2,120.0,0.098,0.227,0.925,Normal free-flow traffic - standard signal timing maintained
EVT435733,2025-11-12 16:03:35,Local Market Day,J040,City Market,4730,Weekday,False,Clear,False,0.0,False,False,0.543,Moderate,20.3,40.1,230.7,0.157,0.362,0.958,Moderate traffic flow - standard adaptive signal timing in effect
EVT435734,2026-06-08 09:20:12,Sports Fixture,J023,Basavanagudi,11646,Weekday,False,Clear,False,0.0,False,False,1.0,Severe,10.4,69.6,837.1,0.34,0.785,0.915,Heavy congestion detected - signal timing extended and reroute suggested
EVT435735,2026-06-12 06:05:28,Local Market Day,J031,Cubbon Road,5863,Weekday,False,Heavy Rain,True,58.1,False,False,0.554,High,20.8,39.0,166.7,0.106,0.245,0.927,Heavy rain reducing visibility and grip - reduced speed and longer buffer advised
EVT435736,2025-05-30 10:04:43,Concert,J020,Malleshwaram Circle,10463,Weekday,False,Light Rain,True,4.6,False,False,0.937,Severe,10.1,67.3,528.2,0.203,0.469,0.85,Heavy rain reducing visibility and grip - reduced speed and longer buffer advised
EVT435737,2026-06-22 19:39:49,Local Market Day,J031,Cubbon Road,4562,Weekday,False,Clear,False,0.0,False,False,0.8,Severe,15.8,57.4,397.4,0.234,0.542,0.963,Heavy congestion detected - signal timing extended and reroute suggested
EVT435738,2025-08-26 18:28:58,Local Market Day,J023,Basavanagudi,4475,Weekday,False,Clear,False,0.0,False,False,1.0,Severe,7.8,71.1,496.5,0.156,0.36,0.91,Heavy congestion detected - signal timing extended and reroute suggested
EVT435739,2025-09-30 16:27:20,Concert,J020,Malleshwaram Circle,7974,Weekday,False,Clear,False,0.0,False,False,0.613,High,23.1,49.2,203.5,0.143,0.331,0.989,Moderate traffic flow - standard adaptive signal timing in effect
EVT435740,2025-01-04 10:38:00,Sports Fixture,J011,Indiranagar 100ft Road,18104,Weekend,False,Clear,False,0.0,False,False,0.575,High,24.4,42.1,83.8,0.051,0.118,0.938,Moderate traffic flow - standard adaptive signal timing in effect
EVT435741,2025-03-17 20:32:09,Local Market Day,J011,Indiranagar 100ft Road,1967,Weekday,False,Clear,False,0.0,False,False,0.575,High,16.9,44.8,411.5,0.222,0.513,0.982,Moderate traffic flow - standard adaptive signal timing in effect
EVT435742,2025-06-21 15:26:40,Concert,J020,Malleshwaram Circle,7216,Weekend,False,Clear,False,0.0,False,False,0.39,Moderate,24.5,31.8,87.3,0.061,0.142,0.975,Moderate traffic flow - standard adaptive signal timing in effect
EVT435743,2026-04-03 13:38:55,Local Market Day,J040,City Market,5274,Weekday,False,Clear,False,0.0,False,False,0.158,Low,36.1,9.2,156.3,0.124,0.286,0.95,Normal free-flow traffic - standard signal timing maintained
EVT435744,2025-07-17 18:06:58,Concert,J012,Koramangala Sony World,9668,Weekday,False,Clear,False,0.0,False,False,1.0,Severe,9.0,67.9,419.5,0.155,0.358,0.906,Heavy congestion detected - signal timing extended and reroute suggested
EVT435745,2025-03-21 03:26:04,Local Market Day,J031,Cubbon Road,3084,Weekday,False,Clear,False,0.0,False,False,0.156,Low,30.8,16.0,72.0,0.056,0.13,0.976,Normal free-flow traffic - standard signal timing maintained
EVT435746,2025-07-07 15:41:45,Concert,J020,Malleshwaram Circle,10236,Weekday,False,Clear,False,0.0,False,False,0.363,Moderate,24.8,19.4,75.6,0.039,0.091,0.961,Moderate traffic flow - standard adaptive signal timing in effect
EVT435747,2025-06-17 08:24:24,Concert,J011,Indiranagar 100ft Road,9892,Weekday,False,Heavy Rain,True,40.2,False,False,1.0,Severe,7.8,74.0,443.5,0.172,0.397,0.86,Heavy rain reducing visibility and grip - reduced speed and longer buffer advised
EVT435748,2026-03-13 13:13:49,Trade Fair,J012,Koramangala Sony World,6897,Weekday,False,Clear,False,0.0,False,False,0.204,Low,24.4,10.4,153.0,0.092,0.212,0.954,Normal free-flow traffic - standard signal timing maintained
EVT435749,2025-07-08 17:45:05,Trade Fair,J012,Koramangala Sony World,10182,Weekday,False,Clear,False,0.0,False,False,1.0,Severe,7.8,67.7,448.8,0.162,0.375,0.91,Heavy congestion detected - signal timing extended and reroute suggested
EVT435750,2025-02-28 17:51:25,Sports Fixture,J040,City Market,40213,Weekday,False,Clear,False,0.0,False,False,1.0,Severe,9.2,77.7,527.4,0.214,0.494,0.92,Heavy congestion detected - signal timing extended and reroute suggested
EVT435751,2025-06-11 10:54:02,Trade Fair,J040,City Market,4461,Weekday,False,Rain,True,14.4,False,False,0.626,High,25.2,41.0,180.1,0.138,0.319,0.913,Heavy rain reducing visibility and grip - reduced speed and longer buffer advised
EVT435752,2025-07-27 20:42:24,Concert,J040,City Market,10317,Weekend,False,Heavy Rain,True,26.7,False,False,0.776,Severe,16.6,53.3,336.3,0.182,0.421,0.888,Heavy rain reducing visibility and grip - reduced speed and longer buffer advised
EVT435753,2026-06-05 13:54:41,Concert,J031,Cubbon Road,14617,Weekday,False,Clear,False,0.0,False,False,0.234,Low,30.5,15.9,171.1,0.117,0.271,0.938,Normal free-flow traffic - standard signal timing maintained
EVT435754,2025-06-06 07:21:46,Sports Fixture,J030,MG Road,16288,Weekday,False,Clear,False,0.0,False,False,0.659,High,19.5,50.4,128.2,0.073,0.168,0.936,Moderate traffic flow - standard adaptive signal timing in effect
EVT435755,2025-12-23 21:37:42,Local Market Day,J012,Koramangala Sony World,5828,Weekday,False,Fog,False,0.0,False,False,0.411,Moderate,29.1,31.5,93.1,0.076,0.176,0.941,Moderate traffic flow - standard adaptive signal timing in effect
EVT435756,2025-11-19 14:41:47,Local Market Day,J030,MG Road,2701,Weekday,False,Clear,False,0.0,False,False,0.221,Low,25.3,20.6,281.2,0.174,0.403,0.954,Normal free-flow traffic - standard signal timing maintained
EVT435757,2026-05-23 15:02:51,Sports Fixture,J009,Majestic,13917,Weekend,False,Clear,False,0.0,False,False,0.324,Low,24.7,20.1,149.6,0.103,0.238,0.946,Moderate traffic flow - standard adaptive signal timing in effect
EVT435758,2026-02-18 14:26:06,Trade Fair,J011,Indiranagar 100ft Road,5691,Weekday,False,Clear,False,0.0,False,False,0.206,Low,33.6,15.7,122.4,0.098,0.227,0.975,Normal free-flow traffic - standard signal timing maintained
EVT435759,2026-06-02 09:58:42,Sports Fixture,J020,Malleshwaram Circle,13861,Weekday,False,Clear,False,0.0,False,False,0.858,Severe,13.8,64.7,369.1,0.184,0.425,0.941,Heavy congestion detected - signal timing extended and reroute suggested
EVT435760,2025-02-09 07:37:47,Concert,J023,Basavanagudi,18239,Weekend,False,Fog,False,0.0,False,False,0.689,High,22.3,45.7,162.9,0.108,0.25,0.985,Moderate traffic flow - standard adaptive signal timing in effect
EVT435761,2025-11-16 19:10:27,Sports Fixture,J023,Basavanagudi,18005,Weekend,False,Clear,False,0.0,False,False,0.902,Severe,12.6,63.2,400.8,0.215,0.496,0.928,Heavy congestion detected - signal timing extended and reroute suggested
EVT435762,2025-07-30 03:12:50,Local Market Day,J012,Koramangala Sony World,2220,Weekday,False,Heavy Rain,True,43.3,False,False,0.512,Moderate,29.8,37.5,189.2,0.171,0.396,0.892,Light rain detected - minor speed reduction advised
EVT435763,2026-05-17 20:07:09,Local Market Day,J011,Indiranagar 100ft Road,7213,Weekend,False,Clear,False,0.0,False,False,0.639,High,21.6,47.9,186.3,0.121,0.279,0.954,Moderate traffic flow - standard adaptive signal timing in effect
EVT435764,2025-10-26 16:59:42,Local Market Day,J009,Majestic,4239,Weekend,False,Clear,False,0.0,False,False,0.632,High,17.8,47.5,197.9,0.134,0.309,0.95,Moderate traffic flow - standard adaptive signal timing in effect
EVT435765,2026-05-14 05:38:39,Local Market Day,J020,Malleshwaram Circle,3163,Weekday,False,Clear,False,0.0,False,False,0.181,Low,31.0,11.0,176.5,0.15,0.347,0.959,Normal free-flow traffic - standard signal timing maintained
EVT435766,2025-07-14 10:16:21,Concert,J011,Indiranagar 100ft Road,14244,Weekday,False,Clear,False,0.0,False,False,0.731,High,15.5,55.3,213.0,0.129,0.299,0.982,Moderate traffic flow - standard adaptive signal timing in effect
EVT435767,2026-06-16 18:04:15,Concert,J030,MG Road,5276,Weekday,False,Clear,False,0.0,False,False,0.996,Severe,9.1,69.6,828.0,0.272,0.628,0.92,Heavy congestion detected - signal timing extended and reroute suggested
EVT435768,2025-03-14 18:35:40,Religious Festival,J023,Basavanagudi,33014,Weekday,True,Clear,False,0.0,False,False,1.0,Severe,8.0,75.5,748.8,0.232,0.537,0.855,Festival crowd surge detected - alternate route and extended cycle recommended
EVT435769,2025-11-14 09:54:14,Political Rally,J009,Majestic,13107,Weekday,False,Clear,False,0.0,False,False,0.99,Severe,7.2,68.7,789.6,0.236,0.544,0.929,Heavy congestion detected - signal timing extended and reroute suggested
EVT435770,2026-05-19 08:14:09,Local Market Day,J031,Cubbon Road,2377,Weekday,False,Heavy Rain,True,26.2,False,False,1.0,Severe,8.4,70.3,524.5,0.172,0.398,0.874,Heavy rain reducing visibility and grip - reduced speed and longer buffer advised
EVT435771,2026-05-03 07:36:10,Sports Fixture,J020,Malleshwaram Circle,10046,Weekend,False,Clear,False,0.0,False,False,0.684,High,19.4,51.1,206.3,0.128,0.296,0.957,Moderate traffic flow - standard adaptive signal timing in effect
EVT435772,2026-03-12 22:26:55,Concert,J031,Cubbon Road,14179,Weekday,False,Light Rain,True,5.5,False,False,0.314,Low,34.6,17.3,97.6,0.082,0.19,0.922,Light rain detected - minor speed reduction advised
EVT435773,2025-11-30 17:03:44,Trade Fair,J012,Koramangala Sony World,15420,Weekend,False,Clear,False,0.0,False,False,0.712,High,21.6,52.5,190.3,0.124,0.286,0.986,Moderate traffic flow - standard adaptive signal timing in effect
EVT435774,2025-02-11 16:39:54,Trade Fair,J012,Koramangala Sony World,8310,Weekday,False,Fog,False,0.0,False,False,0.691,High,21.3,46.3,245.8,0.188,0.435,0.986,Moderate traffic flow - standard adaptive signal timing in effect
EVT435775,2026-04-25 08:46:19,Political Rally,J011,Indiranagar 100ft Road,14029,Weekend,False,Clear,False,0.0,False,False,0.931,Severe,12.7,73.3,501.1,0.227,0.523,0.931,Heavy congestion detected - signal timing extended and reroute suggested
EVT435776,2025-03-18 17:03:56,Concert,J011,Indiranagar 100ft Road,7275,Weekday,False,Clear,False,0.0,False,False,0.752,Severe,19.4,51.6,197.7,0.128,0.295,0.965,Heavy congestion detected - signal timing extended and reroute suggested
EVT435777,2026-03-08 20:02:53,Local Market Day,J020,Malleshwaram Circle,4311,Weekend,False,Clear,False,0.0,False,False,0.612,High,24.0,44.5,188.1,0.163,0.377,0.98,Moderate traffic flow - standard adaptive signal timing in effect
EVT435778,2025-03-30 07:24:52,Fireworks Display,J020,Malleshwaram Circle,52126,Weekend,True,Clear,False,0.0,False,False,1.0,Severe,7.7,75.1,323.8,0.117,0.271,0.856,Festival crowd surge detected - alternate route and extended cycle recommended
EVT435779,2025-09-22 17:22:45,Trade Fair,J031,Cubbon Road,8382,Weekday,False,Rain,True,8.1,False,False,1.0,Severe,7.2,72.1,820.8,0.247,0.57,0.864,Heavy rain reducing visibility and grip - reduced speed and longer buffer advised
EVT435780,2025-06-13 11:39:49,Local Market Day,J030,MG Road,3437,Weekday,False,Heavy Rain,True,31.9,False,False,0.635,High,23.8,46.0,276.5,0.203,0.47,0.925,Heavy rain reducing visibility and grip - reduced speed and longer buffer advised
EVT435781,2025-07-15 19:10:57,Concert,J020,Malleshwaram Circle,5921,Weekday,False,Heavy Rain,True,34.8,False,False,1.0,Severe,8.6,73.1,580.0,0.193,0.446,0.872,Heavy rain reducing visibility and grip - reduced speed and longer buffer advised
EVT435782,2025-11-06 19:37:50,Trade Fair,J040,City Market,4690,Weekday,False,Clear,False,0.0,False,False,0.817,Severe,13.8,57.4,271.1,0.148,0.343,0.932,Heavy congestion detected - signal timing extended and reroute suggested
EVT435783,2025-05-26 16:59:56,Concert,J011,Indiranagar 100ft Road,13796,Weekday,False,Clear,False,0.0,False,False,0.782,Severe,16.4,53.8,185.4,0.118,0.273,0.946,Heavy congestion detected - signal timing extended and reroute suggested
EVT435784,2025-10-09 15:21:05,Local Market Day,J011,Indiranagar 100ft Road,5473,Weekday,False,Clear,False,0.0,False,False,0.238,Low,42.3,23.8,119.9,0.136,0.315,0.95,Normal free-flow traffic - standard signal timing maintained
EVT435785,2025-12-30 19:03:00,Concert,J012,Koramangala Sony World,20290,Weekday,False,Clear,False,0.0,False,False,1.0,Severe,8.9,73.5,538.4,0.199,0.46,0.897,Heavy congestion detected - signal timing extended and reroute suggested
EVT435786,2025-12-24 08:49:42,Sports Fixture,J009,Majestic,18277,Weekday,False,Clear,False,0.0,False,False,1.0,Severe,7.9,75.2,965.2,0.315,0.727,0.905,Heavy congestion detected - signal timing extended and reroute suggested
EVT435787,2025-10-15 19:57:41,Local Market Day,J012,Koramangala Sony World,5342,Weekday,False,Clear,False,0.0,False,False,0.758,Severe,14.5,54.3,488.9,0.241,0.556,0.944,Heavy congestion detected - signal timing extended and reroute suggested
EVT435788,2026-02-13 20:31:46,Trade Fair,J040,City Market,10342,Weekday,False,Clear,False,0.0,False,False,0.646,High,19.7,41.5,309.2,0.195,0.45,0.973,Moderate traffic flow - standard adaptive signal timing in effect
EVT435789,2026-05-09 08:51:03,Concert,J023,Basavanagudi,12789,Weekend,False,Light Rain,True,3.9,False,False,1.0,Severe,9.5,68.9,395.4,0.162,0.375,0.853,Heavy rain reducing visibility and grip - reduced speed and longer buffer advised
EVT435790,2025-06-10 10:22:41,Trade Fair,J040,City Market,8817,Weekday,False,Rain,True,13.7,False,False,0.892,Severe,11.2,66.7,314.0,0.13,0.3,0.871,Heavy rain reducing visibility and grip - reduced speed and longer buffer advised
EVT435791,2025-06-06 16:16:05,Political Rally,J009,Majestic,12387,Weekday,False,Rain,True,13.3,False,False,0.776,Severe,14.5,55.2,287.8,0.155,0.357,0.906,Heavy rain reducing visibility and grip - reduced speed and longer buffer advised
EVT435792,2025-12-06 17:02:06,Local Market Day,J030,MG Road,6324,Weekend,False,Clear,False,0.0,False,False,0.706,High,18.4,50.7,161.3,0.079,0.182,0.943,Moderate traffic flow - standard adaptive signal timing in effect
EVT435793,2025-08-22 21:07:15,Concert,J031,Cubbon Road,5749,Weekday,False,Clear,False,0.0,False,False,0.382,Moderate,23.5,27.8,170.9,0.109,0.251,0.984,Moderate traffic flow - standard adaptive signal timing in effect
EVT435794,2025-09-11 18:17:40,Concert,J020,Malleshwaram Circle,15341,Weekday,False,Light Rain,True,7.1,False,False,1.0,Severe,7.6,72.5,254.2,0.098,0.227,0.866,Heavy rain reducing visibility and grip - reduced speed and longer buffer advised
EVT435795,2025-01-03 10:38:27,Sports Fixture,J040,City Market,24790,Weekday,False,Clear,False,0.0,False,False,0.719,High,22.2,53.1,209.0,0.148,0.342,0.977,Moderate traffic flow - standard adaptive signal timing in effect
EVT435796,2026-04-16 13:42:40,Local Market Day,J030,MG Road,4987,Weekday,False,Clear,False,0.0,False,False,0.158,Low,37.1,7.9,160.2,0.152,0.352,0.987,Normal free-flow traffic - standard signal timing maintained
EVT435797,2025-06-14 19:57:15,Sports Fixture,J009,Majestic,34984,Weekend,False,Rain,True,14.2,False,False,0.996,Severe,8.1,72.2,696.5,0.238,0.55,0.89,Heavy rain reducing visibility and grip - reduced speed and longer buffer advised
EVT435798,2026-02-07 06:44:53,Concert,J030,MG Road,13860,Weekend,False,Clear,False,0.0,False,False,0.456,Moderate,21.4,31.3,156.6,0.096,0.223,0.96,Moderate traffic flow - standard adaptive signal timing in effect
EVT435799,2026-03-22 17:04:00,Local Market Day,J031,Cubbon Road,6420,Weekend,False,Clear,False,0.0,False,False,0.684,High,16.9,51.1,299.4,0.177,0.408,0.99,Moderate traffic flow - standard adaptive signal timing in effect
EVT435800,2025-12-22 13:26:40,Local Market Day,J040,City Market,5547,Weekday,False,Clear,False,0.0,False,False,0.206,Low,39.5,12.4,152.5,0.143,0.33,0.947,Normal free-flow traffic - standard signal timing maintained
EVT435801,2025-01-11 17:01:11,Sports Fixture,J012,Koramangala Sony World,45720,Weekend,False,Clear,False,0.0,False,False,0.959,Severe,8.1,62.7,475.2,0.177,0.408,0.917,Heavy congestion detected - signal timing extended and reroute suggested
EVT435802,2025-04-15 12:08:41,Religious Festival,J023,Basavanagudi,51663,Weekday,True,Clear,False,0.0,False,True,0.905,Severe,12.2,89.5,451.5,0.231,0.534,0.856,Road closure for event/procession - full detour recommended for through-traffic
EVT435803,2026-05-11 22:29:17,Political Rally,J030,MG Road,16333,Weekday,False,Clear,False,0.0,False,False,0.305,Low,25.9,26.8,125.4,0.093,0.214,0.966,Moderate traffic flow - standard adaptive signal timing in effect
EVT435804,2025-05-18 10:27:27,Local Market Day,J031,Cubbon Road,3795,Weekend,False,Fog,False,0.0,False,False,0.522,Moderate,22.2,36.9,170.9,0.125,0.288,0.972,Moderate traffic flow - standard adaptive signal timing in effect
EVT435805,2025-06-28 08:53:19,Local Market Day,J040,City Market,2479,Weekend,False,Clear,False,0.0,False,False,0.842,Severe,12.2,55.5,501.8,0.211,0.488,0.936,Heavy congestion detected - signal timing extended and reroute suggested
EVT435806,2026-06-15 18:32:43,Local Market Day,J012,Koramangala Sony World,3075,Weekday,False,Clear,False,0.0,False,False,1.0,Severe,8.9,73.8,632.9,0.239,0.553,0.926,Heavy congestion detected - signal timing extended and reroute suggested
EVT435807,2025-05-13 11:35:52,Political Rally,J020,Malleshwaram Circle,22374,Weekday,False,Heavy Rain,True,34.0,False,False,0.698,High,19.2,53.9,253.2,0.171,0.394,0.906,Heavy rain reducing visibility and grip - reduced speed and longer buffer advised
EVT435808,2025-12-15 12:52:34,Local Market Day,J009,Majestic,3679,Weekday,False,Clear,False,0.0,False,False,0.163,Low,25.2,9.1,220.9,0.135,0.311,0.964,Normal free-flow traffic - standard signal timing maintained
EVT435809,2025-10-17 13:47:15,Local Market Day,J020,Malleshwaram Circle,1864,Weekday,False,Heavy Rain,True,45.2,False,False,0.456,Moderate,29.7,35.6,175.1,0.158,0.366,0.91,Light rain detected - minor speed reduction advised
EVT435810,2025-07-29 21:18:11,Concert,J009,Majestic,12177,Weekday,False,Clear,False,0.0,False,False,0.391,Moderate,31.2,30.2,193.6,0.154,0.355,0.966,Moderate traffic flow - standard adaptive signal timing in effect
EVT435811,2026-04-28 11:03:35,Political Rally,J020,Malleshwaram Circle,18260,Weekday,False,Clear,False,0.0,False,False,0.491,Moderate,27.3,35.5,124.4,0.072,0.166,0.974,Moderate traffic flow - standard adaptive signal timing in effect
EVT435812,2025-03-05 03:17:35,Concert,J011,Indiranagar 100ft Road,10403,Weekday,False,Clear,False,0.0,False,False,0.179,Low,25.4,15.0,185.6,0.135,0.312,0.969,Normal free-flow traffic - standard signal timing maintained
EVT435813,2026-06-05 12:56:49,Trade Fair,J009,Majestic,9301,Weekday,False,Heavy Rain,True,40.6,False,False,0.497,Moderate,21.4,36.5,215.5,0.142,0.327,0.891,Light rain detected - minor speed reduction advised
EVT435814,2026-03-27 13:02:10,Religious Festival,J012,Koramangala Sony World,62552,Weekday,True,Clear,False,0.0,False,True,0.88,High,11.2,91.6,468.3,0.204,0.471,0.862,Road closure for event/procession - full detour recommended for through-traffic
EVT435815,2025-05-15 23:52:03,Trade Fair,J040,City Market,7677,Weekday,False,Clear,False,0.0,False,False,0.138,Low,29.9,10.1,141.8,0.112,0.259,0.964,Normal free-flow traffic - standard signal timing maintained
EVT435816,2025-09-13 19:11:21,Local Market Day,J011,Indiranagar 100ft Road,3255,Weekend,False,Rain,True,24.7,False,False,0.968,Severe,11.5,73.3,405.2,0.184,0.425,0.833,Heavy rain reducing visibility and grip - reduced speed and longer buffer advised
EVT435817,2025-12-09 18:08:36,Sports Fixture,J031,Cubbon Road,20754,Weekday,False,Clear,False,0.0,False,False,1.0,Severe,8.1,68.3,712.8,0.24,0.553,0.942,Heavy congestion detected - signal timing extended and reroute suggested
EVT435818,2025-07-13 11:17:41,Sports Fixture,J020,Malleshwaram Circle,9376,Weekend,False,Clear,False,0.0,False,False,0.408,Moderate,28.4,26.0,164.1,0.134,0.309,0.976,Moderate traffic flow - standard adaptive signal timing in effect
EVT435819,2025-11-07 10:21:40,Local Market Day,J031,Cubbon Road,4771,Weekday,False,Clear,False,0.0,False,False,0.648,High,22.1,47.1,224.7,0.15,0.346,0.97,Moderate traffic flow - standard adaptive signal timing in effect
EVT435820,2026-06-16 16:18:21,Sports Fixture,J040,City Market,21468,Weekday,False,Heavy Rain,True,83.0,False,False,0.967,Severe,9.4,70.6,616.3,0.208,0.48,0.856,Heavy rain reducing visibility and grip - reduced speed and longer buffer advised
EVT435821,2026-06-04 18:09:38,Sports Fixture,J023,Basavanagudi,37798,Weekday,False,Light Rain,True,4.7,False,False,1.0,Severe,9.0,74.1,547.0,0.189,0.436,0.866,Heavy rain reducing visibility and grip - reduced speed and longer buffer advised
EVT435822,2025-05-15 22:09:10,Local Market Day,J023,Basavanagudi,4433,Weekday,False,Rain,True,9.4,False,False,0.334,Low,32.9,22.5,151.2,0.122,0.281,0.906,Light rain detected - minor speed reduction advised
EVT435823,2025-09-08 16:48:30,Local Market Day,J031,Cubbon Road,4727,Weekday,False,Rain,True,10.2,False,False,0.796,Severe,15.6,56.4,376.5,0.19,0.439,0.901,Heavy rain reducing visibility and grip - reduced speed and longer buffer advised
EVT435824,2025-12-29 19:59:00,Political Rally,J030,MG Road,14978,Weekday,False,Clear,False,0.0,False,False,0.832,Severe,12.2,63.4,331.2,0.162,0.375,0.959,Heavy congestion detected - signal timing extended and reroute suggested
EVT435825,2025-10-29 12:17:03,Local Market Day,J012,Koramangala Sony World,3979,Weekday,False,Rain,True,19.1,False,False,0.432,Moderate,27.1,32.6,80.6,0.07,0.162,0.938,Light rain detected - minor speed reduction advised
EVT435826,2025-05-24 20:34:53,Sports Fixture,J012,Koramangala Sony World,39532,Weekend,False,Light Rain,True,3.1,False,False,0.809,Severe,15.7,61.4,209.3,0.112,0.258,0.913,Heavy rain reducing visibility and grip - reduced speed and longer buffer advised
EVT435827,2025-08-06 09:46:48,Concert,J012,Koramangala Sony World,12051,Weekday,False,Rain,True,20.0,False,False,1.0,Severe,8.5,71.4,498.9,0.18,0.416,0.87,Heavy rain reducing visibility and grip - reduced speed and longer buffer advised
EVT435828,2026-01-24 12:00:04,Trade Fair,J012,Koramangala Sony World,8794,Weekend,False,Clear,False,0.0,False,False,0.291,Low,32.3,21.7,157.5,0.128,0.296,0.965,Moderate traffic flow - standard adaptive signal timing in effect
EVT435829,2026-02-11 19:45:56,Local Market Day,J011,Indiranagar 100ft Road,5050,Weekday,False,Clear,False,0.0,False,False,0.854,Severe,14.9,65.2,201.0,0.117,0.27,0.941,Heavy congestion detected - signal timing extended and reroute suggested
EVT435830,2025-01-11 18:59:22,Concert,J009,Majestic,12019,Weekend,False,Clear,False,0.0,False,False,0.849,Severe,12.5,66.1,399.5,0.176,0.406,0.961,Heavy congestion detected - signal timing extended and reroute suggested
EVT435831,2025-08-14 19:56:50,Concert,J012,Koramangala Sony World,8249,Weekday,False,Clear,False,0.0,False,False,0.805,Severe,19.2,56.4,291.1,0.2,0.462,0.938,Heavy congestion detected - signal timing extended and reroute suggested
EVT435832,2026-06-19 20:42:08,Concert,J011,Indiranagar 100ft Road,12788,Weekday,False,Clear,False,0.0,False,False,0.495,Moderate,20.9,40.6,162.3,0.101,0.233,0.967,Moderate traffic flow - standard adaptive signal timing in effect
EVT435833,2026-03-17 20:34:46,Sports Fixture,J040,City Market,16670,Weekday,False,Clear,False,0.0,False,False,0.609,High,21.9,45.6,194.3,0.112,0.26,0.955,Moderate traffic flow - standard adaptive signal timing in effect
EVT435834,2025-05-17 11:50:45,Local Market Day,J011,Indiranagar 100ft Road,9575,Weekend,False,Clear,False,0.0,False,False,0.392,Moderate,29.3,27.0,101.0,0.083,0.192,0.932,Moderate traffic flow - standard adaptive signal timing in effect
EVT435835,2025-10-06 19:59:25,Sports Fixture,J031,Cubbon Road,29331,Weekday,False,Light Rain,True,2.9,False,False,0.968,Severe,10.4,70.7,490.0,0.196,0.454,0.853,Heavy rain reducing visibility and grip - reduced speed and longer buffer advised
EVT435836,2026-03-03 10:38:30,Sports Fixture,J012,Koramangala Sony World,17887,Weekday,False,Clear,False,0.0,False,False,0.631,High,18.4,42.8,397.0,0.234,0.541,0.962,Moderate traffic flow - standard adaptive signal timing in effect
EVT435837,2025-03-12 14:57:39,Sports Fixture,J031,Cubbon Road,16185,Weekday,False,Clear,False,0.0,False,False,0.355,Moderate,26.8,27.7,155.5,0.116,0.267,0.982,Moderate traffic flow - standard adaptive signal timing in effect
EVT435838,2025-08-30 17:39:29,Local Market Day,J009,Majestic,5420,Weekend,False,Clear,False,0.0,False,False,0.823,Severe,14.7,60.0,310.0,0.154,0.357,0.953,Heavy congestion detected - signal timing extended and reroute suggested
EVT435839,2026-02-09 17:31:55,Local Market Day,J040,City Market,3870,Weekday,False,Clear,False,0.0,False,False,0.896,Severe,12.0,64.4,323.1,0.145,0.335,0.92,Heavy congestion detected - signal timing extended and reroute suggested
EVT435840,2026-01-28 16:52:40,Local Market Day,J031,Cubbon Road,2813,Weekday,False,Clear,False,0.0,False,False,0.714,High,20.7,50.7,162.7,0.101,0.234,0.971,Moderate traffic flow - standard adaptive signal timing in effect
EVT435841,2026-03-28 21:35:35,Local Market Day,J040,City Market,4279,Weekend,False,Clear,False,0.0,False,False,0.343,Low,32.2,25.5,81.9,0.08,0.184,0.967,Moderate traffic flow - standard adaptive signal timing in effect
EVT435842,2026-04-15 07:31:33,Cultural Procession,J031,Cubbon Road,15578,Weekday,True,Clear,False,0.0,True,True,1.0,Severe,8.0,96.5,590.6,0.203,0.468,0.677,Road closure for event/procession - full detour recommended for through-traffic
EVT435843,2025-10-01 16:21:12,Local Market Day,J023,Basavanagudi,4882,Weekday,False,Clear,False,0.0,False,False,0.457,Moderate,26.4,34.4,160.4,0.101,0.232,0.983,Moderate traffic flow - standard adaptive signal timing in effect
EVT435844,2025-11-24 07:54:29,Concert,J023,Basavanagudi,8899,Weekday,False,Clear,False,0.0,False,False,0.737,High,17.5,54.6,383.7,0.229,0.53,0.944,Moderate traffic flow - standard adaptive signal timing in effect
EVT435845,2026-04-01 08:57:11,Sports Fixture,J031,Cubbon Road,20709,Weekday,False,Clear,False,0.0,False,False,1.0,Severe,8.2,67.5,801.1,0.278,0.643,0.933,Heavy congestion detected - signal timing extended and reroute suggested
EVT435846,2025-01-15 11:04:27,Religious Festival,J031,Cubbon Road,53813,Weekday,True,Clear,False,0.0,False,True,1.0,Severe,8.5,95.8,553.3,0.203,0.468,0.843,Road closure for event/procession - full detour recommended for through-traffic
EVT435847,2025-09-02 09:25:55,Sports Fixture,J030,MG Road,18668,Weekday,False,Clear,False,0.0,False,False,1.0,Severe,9.4,70.0,865.9,0.322,0.743,0.942,Heavy congestion detected - signal timing extended and reroute suggested
EVT435848,2025-04-24 10:37:12,Concert,J031,Cubbon Road,10444,Weekday,False,Clear,False,0.0,False,False,0.616,High,22.6,43.5,208.4,0.144,0.332,0.985,Moderate traffic flow - standard adaptive signal timing in effect
EVT435849,2025-08-23 13:25:05,Political Rally,J030,MG Road,11287,Weekend,False,Clear,False,0.0,False,False,0.271,Low,31.7,20.0,165.6,0.153,0.354,0.99,Moderate traffic flow - standard adaptive signal timing in effect
EVT435850,2025-06-30 15:35:35,Local Market Day,J012,Koramangala Sony World,4700,Weekday,False,Rain,True,18.3,False,False,0.548,Moderate,19.4,44.3,200.4,0.115,0.266,0.931,Light rain detected - minor speed reduction advised
EVT435851,2026-03-30 17:09:57,Local Market Day,J020,Malleshwaram Circle,4062,Weekday,False,Clear,False,0.0,False,False,0.728,High,20.0,57.0,303.9,0.192,0.444,0.969,Moderate traffic flow - standard adaptive signal timing in effect
EVT435852,2025-01-01 07:55:56,Sports Fixture,J020,Malleshwaram Circle,20828,Weekday,False,Clear,False,0.0,False,False,0.771,Severe,13.2,50.3,421.2,0.18,0.416,0.95,Heavy congestion detected - signal timing extended and reroute suggested
EVT435853,2025-12-05 20:13:30,Concert,J020,Malleshwaram Circle,19731,Weekday,False,Clear,False,0.0,False,False,0.785,Severe,14.0,54.0,288.4,0.148,0.342,0.976,Heavy congestion detected - signal timing extended and reroute suggested
EVT435854,2026-05-19 17:19:56,Local Market Day,J023,Basavanagudi,3892,Weekday,False,Light Rain,True,2.3,False,False,0.871,Severe,15.8,54.9,178.7,0.089,0.206,0.904,Heavy rain reducing visibility and grip - reduced speed and longer buffer advised
EVT435855,2025-02-24 10:49:21,Trade Fair,J031,Cubbon Road,6869,Weekday,False,Clear,False,0.0,False,False,0.522,Moderate,24.4,35.8,114.2,0.081,0.187,0.962,Moderate traffic flow - standard adaptive signal timing in effect
EVT435856,2026-01-25 07:43:25,Sports Fixture,J011,Indiranagar 100ft Road,11030,Weekend,False,Clear,False,0.0,False,False,0.667,High,16.5,46.7,206.2,0.119,0.275,0.969,Moderate traffic flow - standard adaptive signal timing in effect
EVT435857,2026-04-30 15:52:20,Trade Fair,J009,Majestic,8771,Weekday,False,Clear,False,0.0,False,False,0.493,Moderate,24.4,29.1,177.2,0.137,0.316,0.972,Moderate traffic flow - standard adaptive signal timing in effect
EVT435858,2025-08-05 08:31:57,Local Market Day,J030,MG Road,4348,Weekday,False,Clear,False,0.0,False,False,0.894,Severe,12.0,64.4,498.6,0.229,0.528,0.962,Heavy congestion detected - signal timing extended and reroute suggested
EVT435859,2026-03-23 20:54:43,Sports Fixture,J020,Malleshwaram Circle,22974,Weekday,False,Clear,False,0.0,False,False,0.532,Moderate,22.6,36.2,182.5,0.12,0.278,0.968,Moderate traffic flow - standard adaptive signal timing in effect
EVT435860,2025-01-31 17:38:37,Concert,J031,Cubbon Road,25848,Weekday,False,Clear,False,0.0,False,False,0.999,Severe,9.0,72.7,874.6,0.324,0.749,0.904,Heavy congestion detected - signal timing extended and reroute suggested
EVT435861,2025-11-28 15:33:53,Trade Fair,J020,Malleshwaram Circle,7415,Weekday,False,Clear,False,0.0,False,False,0.379,Moderate,29.5,29.5,184.3,0.171,0.394,0.967,Moderate traffic flow - standard adaptive signal timing in effect
EVT435862,2026-04-18 19:49:35,Local Market Day,J023,Basavanagudi,6292,Weekend,False,Light Rain,True,2.3,False,False,0.711,High,14.6,52.3,555.8,0.303,0.701,0.918,Heavy rain reducing visibility and grip - reduced speed and longer buffer advised
EVT435863,2025-02-26 19:33:38,Sports Fixture,J009,Majestic,19195,Weekday,False,Clear,False,0.0,False,False,1.0,Severe,11.1,76.2,231.3,0.091,0.211,0.915,Heavy congestion detected - signal timing extended and reroute suggested
EVT435864,2025-05-12 19:33:49,Local Market Day,J023,Basavanagudi,2953,Weekday,False,Fog,False,0.0,False,False,0.797,Severe,16.4,57.3,199.3,0.096,0.223,0.965,Heavy congestion detected - signal timing extended and reroute suggested
EVT435865,2025-02-11 15:06:38,Concert,J040,City Market,12757,Weekday,False,Clear,False,0.0,False,False,0.334,Low,36.3,21.6,124.0,0.111,0.257,0.945,Moderate traffic flow - standard adaptive signal timing in effect
EVT435866,2025-05-24 11:45:41,Concert,J011,Indiranagar 100ft Road,15790,Weekend,False,Clear,False,0.0,False,False,0.377,Moderate,24.0,32.0,129.1,0.078,0.181,0.971,Moderate traffic flow - standard adaptive signal timing in effect
EVT435867,2025-04-10 17:33:41,Sports Fixture,J040,City Market,28155,Weekday,False,Clear,False,0.0,False,False,1.0,Severe,8.9,68.6,635.4,0.214,0.495,0.904,Heavy congestion detected - signal timing extended and reroute suggested
EVT435868,2026-03-19 19:36:03,Fireworks Display,J023,Basavanagudi,11835,Weekday,True,Clear,False,0.0,False,False,1.0,Severe,9.6,74.7,726.2,0.293,0.677,0.862,Festival crowd surge detected - alternate route and extended cycle recommended
EVT435869,2025-09-21 08:26:50,Trade Fair,J040,City Market,5411,Weekend,False,Clear,False,0.0,False,False,0.778,Severe,17.8,55.1,261.4,0.166,0.384,0.978,Heavy congestion detected - signal timing extended and reroute suggested
EVT435870,2025-08-12 15:55:48,Concert,J030,MG Road,15399,Weekday,False,Clear,False,0.0,False,False,0.466,Moderate,19.6,38.9,247.0,0.151,0.348,0.936,Moderate traffic flow - standard adaptive signal timing in effect
EVT435871,2025-10-16 07:54:10,Sports Fixture,J040,City Market,16902,Weekday,False,Clear,False,0.0,False,False,0.847,Severe,15.9,57.9,350.7,0.206,0.476,0.941,Heavy congestion detected - signal timing extended and reroute suggested
EVT435872,2025-06-09 01:56:32,Local Market Day,J011,Indiranagar 100ft Road,5145,Weekday,False,Rain,True,11.7,False,False,0.395,Moderate,27.2,28.3,63.7,0.046,0.106,0.92,Light rain detected - minor speed reduction advised
EVT435873,2025-11-05 18:10:58,Trade Fair,J031,Cubbon Road,10300,Weekday,False,Clear,False,0.0,False,False,0.98,Severe,9.7,74.6,555.4,0.205,0.474,0.902,Heavy congestion detected - signal timing extended and reroute suggested
EVT435874,2025-02-11 19:20:01,Concert,J020,Malleshwaram Circle,11811,Weekday,False,Clear,False,0.0,False,False,0.973,Severe,8.5,68.8,506.5,0.174,0.402,0.909,Heavy congestion detected - signal timing extended and reroute suggested
EVT435875,2026-04-06 09:53:14,Trade Fair,J009,Majestic,8339,Weekday,False,Clear,False,0.0,False,False,0.826,Severe,15.1,54.1,254.6,0.146,0.337,0.971,Heavy congestion detected - signal timing extended and reroute suggested
EVT435876,2025-01-25 18:31:32,Trade Fair,J030,MG Road,5722,Weekend,False,Clear,False,0.0,False,False,0.812,Severe,15.5,59.4,340.1,0.18,0.416,0.956,Heavy congestion detected - signal timing extended and reroute suggested
EVT435877,2026-03-26 13:17:27,Religious Festival,J023,Basavanagudi,38114,Weekday,True,Clear,False,0.0,False,True,0.731,High,19.0,71.0,413.5,0.243,0.561,0.866,Road closure for event/procession - full detour recommended for through-traffic
EVT435878,2026-04-14 18:27:58,Religious Festival,J023,Basavanagudi,65434,Weekday,True,Clear,False,0.0,False,True,1.0,Severe,9.5,91.3,544.6,0.204,0.472,0.829,Road closure for event/procession - full detour recommended for through-traffic
EVT435879,2025-12-26 11:10:27,Religious Festival,J031,Cubbon Road,64160,Weekday,True,Clear,False,0.0,False,True,1.0,Severe,7.9,99.8,597.2,0.205,0.474,0.819,Road closure for event/procession - full detour recommended for through-traffic
EVT435880,2026-06-29 09:59:47,Local Market Day,J012,Koramangala Sony World,1504,Weekday,False,Clear,False,0.0,False,False,0.84,Severe,14.6,59.1,388.8,0.218,0.503,0.963,Heavy congestion detected - signal timing extended and reroute suggested
EVT435881,2025-04-03 19:24:15,Sports Fixture,J020,Malleshwaram Circle,53236,Weekday,False,Rain,True,10.8,False,False,1.0,Severe,10.0,66.9,665.5,0.253,0.585,0.864,Heavy rain reducing visibility and grip - reduced speed and longer buffer advised
EVT435882,2025-07-20 22:26:36,Concert,J031,Cubbon Road,8530,Weekend,False,Clear,False,0.0,False,False,0.301,Low,33.7,20.5,159.7,0.141,0.325,0.988,Moderate traffic flow - standard adaptive signal timing in effect
EVT435883,2025-09-18 05:22:36,Local Market Day,J030,MG Road,3585,Weekday,False,Rain,True,19.0,False,False,0.402,Moderate,22.9,26.4,250.9,0.161,0.373,0.932,Light rain detected - minor speed reduction advised
EVT435884,2026-02-07 14:52:43,Local Market Day,J020,Malleshwaram Circle,3223,Weekend,False,Clear,False,0.0,False,False,0.276,Low,30.4,19.4,174.7,0.177,0.409,0.947,Moderate traffic flow - standard adaptive signal timing in effect
EVT435885,2026-04-18 17:57:02,Local Market Day,J012,Koramangala Sony World,3288,Weekend,False,Clear,False,0.0,False,False,0.845,Severe,14.3,55.3,246.5,0.127,0.292,0.948,Heavy congestion detected - signal timing extended and reroute suggested
EVT435886,2025-11-12 15:29:03,Trade Fair,J011,Indiranagar 100ft Road,7138,Weekday,False,Clear,False,0.0,False,False,0.308,Low,24.0,23.4,146.4,0.125,0.288,0.964,Moderate traffic flow - standard adaptive signal timing in effect
EVT435887,2026-06-04 11:29:57,Sports Fixture,J030,MG Road,23509,Weekday,False,Heavy Rain,True,36.7,False,False,0.818,Severe,17.8,53.8,197.1,0.134,0.31,0.856,Heavy rain reducing visibility and grip - reduced speed and longer buffer advised
EVT435888,2025-09-07 21:54:55,Concert,J040,City Market,8953,Weekend,False,Heavy Rain,True,37.3,False,False,0.718,High,16.4,46.3,441.6,0.258,0.596,0.914,Heavy rain reducing visibility and grip - reduced speed and longer buffer advised
EVT435889,2025-06-11 09:12:09,Local Market Day,J030,MG Road,3331,Weekday,False,Rain,True,20.0,False,False,1.0,Severe,8.8,70.0,669.6,0.227,0.525,0.878,Heavy rain reducing visibility and grip - reduced speed and longer buffer advised
EVT435890,2025-06-11 10:58:11,Sports Fixture,J031,Cubbon Road,17703,Weekday,False,Clear,False,0.0,False,False,0.469,Moderate,28.4,32.9,145.8,0.131,0.304,0.975,Moderate traffic flow - standard adaptive signal timing in effect
EVT435891,2025-05-06 15:08:54,Sports Fixture,J031,Cubbon Road,10145,Weekday,False,Rain,True,8.5,False,False,0.485,Moderate,26.2,37.8,206.8,0.158,0.366,0.888,Light rain detected - minor speed reduction advised
EVT435892,2025-12-23 20:02:20,Concert,J011,Indiranagar 100ft Road,11526,Weekday,False,Clear,False,0.0,False,False,0.681,High,18.9,50.0,205.4,0.122,0.281,0.974,Moderate traffic flow - standard adaptive signal timing in effect
EVT435893,2025-12-27 17:53:44,Trade Fair,J040,City Market,6508,Weekend,False,Clear,False,0.0,False,False,0.937,Severe,12.8,65.7,313.3,0.16,0.37,0.923,Heavy congestion detected - signal timing extended and reroute suggested
EVT435894,2026-02-03 21:07:10,Local Market Day,J011,Indiranagar 100ft Road,4176,Weekday,False,Clear,False,0.0,False,False,0.402,Moderate,29.8,29.5,112.1,0.091,0.21,0.958,Moderate traffic flow - standard adaptive signal timing in effect
EVT435895,2025-03-05 16:10:09,Trade Fair,J040,City Market,5937,Weekday,False,Clear,False,0.0,False,False,0.496,Moderate,29.1,36.0,165.8,0.126,0.292,0.959,Moderate traffic flow - standard adaptive signal timing in effect
EVT435896,2025-01-20 22:00:37,Concert,J012,Koramangala Sony World,7730,Weekday,False,Clear,False,0.0,False,False,0.224,Low,38.8,23.5,69.9,0.064,0.148,0.946,Normal free-flow traffic - standard signal timing maintained
EVT435897,2026-04-09 13:24:29,Sports Fixture,J012,Koramangala Sony World,28521,Weekday,False,Clear,False,0.0,False,False,0.296,Low,36.4,15.5,192.0,0.188,0.434,0.953,Moderate traffic flow - standard adaptive signal timing in effect
EVT435898,2025-12-03 15:59:06,Local Market Day,J011,Indiranagar 100ft Road,3781,Weekday,False,Clear,False,0.0,False,False,0.483,Moderate,26.6,30.6,149.8,0.125,0.288,0.972,Moderate traffic flow - standard adaptive signal timing in effect
EVT435899,2025-09-03 08:27:39,Local Market Day,J011,Indiranagar 100ft Road,4682,Weekday,False,Clear,False,0.0,False,False,0.91,Severe,12.8,63.2,379.7,0.182,0.42,0.94,Heavy congestion detected - signal timing extended and reroute suggested
EVT435900,2026-04-16 15:55:12,Sports Fixture,J030,MG Road,28664,Weekday,False,Light Rain,True,6.2,False,False,0.679,High,19.9,43.6,288.7,0.178,0.411,0.956,Heavy rain reducing visibility and grip - reduced speed and longer buffer advised
EVT435901,2025-07-17 18:04:46,Concert,J023,Basavanagudi,9725,Weekday,False,Heavy Rain,True,31.2,False,False,1.0,Severe,8.9,77.0,554.1,0.223,0.515,0.899,Heavy rain reducing visibility and grip - reduced speed and longer buffer advised
EVT435902,2025-04-23 15:21:01,Local Market Day,J040,City Market,3288,Weekday,False,Clear,False,0.0,False,False,0.295,Low,33.0,19.0,58.2,0.037,0.085,0.968,Moderate traffic flow - standard adaptive signal timing in effect
EVT435903,2025-04-09 14:22:37,Trade Fair,J011,Indiranagar 100ft Road,5742,Weekday,False,Light Rain,True,7.1,False,False,0.307,Low,28.1,20.4,222.8,0.167,0.385,0.915,Light rain detected - minor speed reduction advised
EVT435904,2025-07-16 10:29:10,Sports Fixture,J009,Majestic,26086,Weekday,False,Heavy Rain,True,64.1,False,False,1.0,Severe,9.4,73.5,628.3,0.211,0.487,0.849,Heavy rain reducing visibility and grip - reduced speed and longer buffer advised
EVT435905,2025-05-14 13:25:45,Sports Fixture,J012,Koramangala Sony World,27814,Weekday,False,Clear,False,0.0,False,False,0.32,Low,31.4,25.2,156.6,0.126,0.292,0.944,Moderate traffic flow - standard adaptive signal timing in effect
EVT435906,2025-01-15 10:41:56,Religious Festival,J012,Koramangala Sony World,44153,Weekday,True,Clear,False,0.0,False,True,1.0,Severe,7.8,106.6,532.4,0.197,0.455,0.846,Road closure for event/procession - full detour recommended for through-traffic
EVT435907,2025-09-25 19:31:31,Trade Fair,J031,Cubbon Road,17428,Weekday,False,Heavy Rain,True,33.4,False,False,1.0,Severe,9.2,70.7,338.6,0.13,0.301,0.869,Heavy rain reducing visibility and grip - reduced speed and longer buffer advised
EVT435908,2025-03-19 09:23:15,Trade Fair,J031,Cubbon Road,7300,Weekday,False,Clear,False,0.0,False,False,0.989,Severe,8.8,66.6,423.3,0.155,0.359,0.911,Heavy congestion detected - signal timing extended and reroute suggested
EVT435909,2025-03-23 11:35:45,Sports Fixture,J031,Cubbon Road,16401,Weekend,False,Clear,False,0.0,False,False,0.432,Moderate,30.6,29.9,106.6,0.084,0.194,0.964,Moderate traffic flow - standard adaptive signal timing in effect
EVT435910,2025-10-12 09:31:58,Local Market Day,J030,MG Road,5283,Weekend,False,Clear,False,0.0,False,False,0.744,High,15.8,53.6,143.7,0.087,0.202,0.962,Moderate traffic flow - standard adaptive signal timing in effect
EVT435911,2026-06-15 14:44:02,Local Market Day,J020,Malleshwaram Circle,3830,Weekday,False,Rain,True,19.1,True,False,0.896,Severe,10.9,61.8,288.4,0.106,0.244,0.762,Accident detected nearby - reroute and reduced speed advised
EVT435912,2026-01-27 12:29:11,Religious Festival,J031,Cubbon Road,34018,Weekday,True,Clear,False,0.0,False,True,0.717,High,19.4,85.0,295.7,0.184,0.425,0.873,Road closure for event/procession - full detour recommended for through-traffic
EVT435913,2025-09-03 21:34:32,Political Rally,J009,Majestic,33950,Weekday,False,Clear,False,0.0,False,False,0.514,Moderate,26.5,44.5,178.9,0.126,0.291,0.969,Moderate traffic flow - standard adaptive signal timing in effect
EVT435914,2026-01-21 17:43:22,Local Market Day,J031,Cubbon Road,1980,Weekday,False,Clear,False,0.0,False,False,0.883,Severe,10.6,64.7,527.4,0.235,0.543,0.932,Heavy congestion detected - signal timing extended and reroute suggested
EVT435915,2025-01-16 09:18:00,Local Market Day,J009,Majestic,8719,Weekday,False,Clear,False,0.0,False,False,0.983,Severe,10.3,64.3,488.7,0.177,0.409,0.919,Heavy congestion detected - signal timing extended and reroute suggested
EVT435916,2026-01-18 15:53:23,Trade Fair,J011,Indiranagar 100ft Road,8121,Weekend,False,Clear,False,0.0,False,False,0.521,Moderate,22.6,34.9,299.5,0.216,0.498,0.948,Moderate traffic flow - standard adaptive signal timing in effect
EVT435917,2025-07-06 19:53:31,Local Market Day,J020,Malleshwaram Circle,1998,Weekend,False,Clear,False,0.0,False,False,0.642,High,25.6,43.0,170.6,0.123,0.284,0.98,Moderate traffic flow - standard adaptive signal timing in effect
EVT435918,2025-09-14 23:41:31,Local Market Day,J020,Malleshwaram Circle,3508,Weekend,False,Clear,False,0.0,False,False,0.323,Low,25.7,18.9,184.9,0.153,0.353,0.962,Moderate traffic flow - standard adaptive signal timing in effect
EVT435919,2026-04-24 17:45:50,Concert,J023,Basavanagudi,8168,Weekday,False,Clear,False,0.0,False,False,0.992,Severe,7.9,71.3,367.4,0.128,0.295,0.936,Heavy congestion detected - signal timing extended and reroute suggested
EVT435920,2025-11-18 08:11:17,Sports Fixture,J020,Malleshwaram Circle,23398,Weekday,False,Clear,False,0.0,False,False,1.0,Severe,8.8,72.7,600.2,0.243,0.562,0.915,Heavy congestion detected - signal timing extended and reroute suggested
EVT435921,2025-09-05 13:56:10,Religious Festival,J040,City Market,42091,Weekday,True,Clear,False,0.0,False,True,0.782,High,16.5,84.7,459.8,0.253,0.585,0.872,Road closure for event/procession - full detour recommended for through-traffic
EVT435922,2026-03-01 15:45:15,Local Market Day,J020,Malleshwaram Circle,7395,Weekend,False,Clear,False,0.0,False,False,0.412,Moderate,25.2,33.1,220.6,0.163,0.376,0.954,Moderate traffic flow - standard adaptive signal timing in effect
EVT435923,2026-01-05 15:11:26,Concert,J030,MG Road,23996,Weekday,False,Clear,False,0.0,False,False,0.474,Moderate,27.3,38.2,223.4,0.172,0.397,0.96,Moderate traffic flow - standard adaptive signal timing in effect
EVT435924,2025-05-25 13:26:49,Local Market Day,J012,Koramangala Sony World,4734,Weekend,False,Rain,True,10.3,False,False,0.428,Moderate,22.8,26.2,265.3,0.163,0.377,0.913,Light rain detected - minor speed reduction advised
EVT435925,2025-02-08 21:32:43,Political Rally,J030,MG Road,12912,Weekend,False,Clear,False,0.0,False,False,0.376,Moderate,32.3,25.7,154.1,0.157,0.363,0.988,Moderate traffic flow - standard adaptive signal timing in effect
EVT435926,2025-11-08 18:59:58,Sports Fixture,J009,Majestic,27135,Weekend,False,Clear,False,0.0,False,False,0.972,Severe,6.4,73.8,779.7,0.201,0.465,0.922,Heavy congestion detected - signal timing extended and reroute suggested
EVT435927,2025-07-15 17:00:19,Concert,J031,Cubbon Road,23498,Weekday,False,Clear,False,0.0,False,False,0.877,Severe,11.4,61.2,561.9,0.245,0.567,0.943,Heavy congestion detected - signal timing extended and reroute suggested
EVT435928,2026-01-23 16:13:50,Sports Fixture,J040,City Market,21100,Weekday,False,Fog,False,0.0,False,False,0.477,Moderate,23.5,32.9,234.4,0.172,0.397,0.964,Moderate traffic flow - standard adaptive signal timing in effect
EVT435929,2025-02-16 15:15:04,Trade Fair,J040,City Market,10134,Weekend,False,Clear,False,0.0,False,False,0.33,Low,27.7,19.5,135.1,0.114,0.263,0.96,Moderate traffic flow - standard adaptive signal timing in effect
EVT435930,2026-02-27 08:44:14,Local Market Day,J040,City Market,4835,Weekday,False,Clear,False,0.0,False,False,0.983,Severe,8.8,73.1,393.0,0.164,0.378,0.945,Heavy congestion detected - signal timing extended and reroute suggested
EVT435931,2025-11-19 20:51:19,Sports Fixture,J011,Indiranagar 100ft Road,19573,Weekday,False,Clear,False,0.0,False,False,0.546,Moderate,26.9,41.3,84.6,0.067,0.154,0.982,Moderate traffic flow - standard adaptive signal timing in effect
EVT435932,2025-07-15 20:08:06,Concert,J031,Cubbon Road,12481,Weekday,False,Heavy Rain,True,31.0,False,False,1.0,Severe,9.7,75.5,633.3,0.241,0.558,0.879,Heavy rain reducing visibility and grip - reduced speed and longer buffer advised
EVT435933,2025-08-13 17:37:00,Sports Fixture,J012,Koramangala Sony World,30156,Weekday,False,Clear,False,0.0,False,False,0.96,Severe,8.4,70.8,487.1,0.181,0.418,0.905,Heavy congestion detected - signal timing extended and reroute suggested
EVT435934,2025-03-25 19:58:18,Local Market Day,J012,Koramangala Sony World,6666,Weekday,False,Fog,False,0.0,False,False,0.809,Severe,16.2,58.6,370.2,0.204,0.471,0.954,Heavy congestion detected - signal timing extended and reroute suggested
EVT435935,2025-05-10 10:44:05,Sports Fixture,J030,MG Road,12916,Weekend,False,Clear,False,0.0,False,False,0.523,Moderate,22.7,34.4,132.5,0.093,0.215,0.975,Moderate traffic flow - standard adaptive signal timing in effect
EVT435936,2026-02-04 15:29:26,Trade Fair,J030,MG Road,10554,Weekday,False,Clear,False,0.0,False,False,0.324,Low,25.1,17.0,302.1,0.203,0.468,0.965,Moderate traffic flow - standard adaptive signal timing in effect
EVT435937,2026-04-22 07:56:02,Sports Fixture,J030,MG Road,25337,Weekday,False,Clear,False,0.0,False,False,0.909,Severe,10.2,66.8,822.4,0.323,0.746,0.946,Heavy congestion detected - signal timing extended and reroute suggested
EVT435938,2026-05-28 16:46:40,Trade Fair,J020,Malleshwaram Circle,9808,Weekday,False,Clear,False,0.0,False,False,0.63,High,21.2,43.9,184.4,0.13,0.3,0.99,Moderate traffic flow - standard adaptive signal timing in effect
EVT435939,2025-01-13 19:52:45,Trade Fair,J011,Indiranagar 100ft Road,9960,Weekday,False,Clear,False,0.0,False,False,0.787,Severe,15.1,58.2,190.8,0.116,0.268,0.96,Heavy congestion detected - signal timing extended and reroute suggested
EVT435940,2025-07-17 09:07:25,Sports Fixture,J020,Malleshwaram Circle,26850,Weekday,False,Fog,False,0.0,False,False,1.0,Severe,11.5,75.4,494.0,0.229,0.528,0.912,Heavy congestion detected - signal timing extended and reroute suggested
EVT435941,2025-10-25 19:41:02,Local Market Day,J023,Basavanagudi,4484,Weekend,False,Clear,False,0.0,False,False,0.715,High,21.3,47.0,287.3,0.206,0.476,0.978,Moderate traffic flow - standard adaptive signal timing in effect
EVT435942,2025-08-06 06:19:34,Local Market Day,J009,Majestic,2828,Weekday,False,Heavy Rain,True,91.2,False,False,0.555,High,24.2,42.6,158.2,0.12,0.276,0.922,Heavy rain reducing visibility and grip - reduced speed and longer buffer advised
EVT435943,2025-10-25 09:31:54,Sports Fixture,J031,Cubbon Road,21046,Weekend,False,Clear,False,0.0,False,False,0.929,Severe,8.0,65.3,671.6,0.223,0.515,0.914,Heavy congestion detected - signal timing extended and reroute suggested
EVT435944,2026-05-20 17:07:05,Trade Fair,J020,Malleshwaram Circle,8449,Weekday,False,Clear,False,0.0,False,False,0.813,Severe,13.6,56.3,344.2,0.174,0.402,0.954,Heavy congestion detected - signal timing extended and reroute suggested
EVT435945,2025-03-02 21:34:24,Trade Fair,J009,Majestic,21665,Weekend,False,Clear,False,0.0,False,False,0.489,Moderate,31.0,36.5,183.9,0.176,0.407,0.978,Moderate traffic flow - standard adaptive signal timing in effect
EVT435946,2025-07-24 10:10:56,Local Market Day,J031,Cubbon Road,4322,Weekday,False,Clear,False,0.0,False,False,0.774,Severe,16.8,52.9,245.9,0.138,0.319,0.965,Heavy congestion detected - signal timing extended and reroute suggested
EVT435947,2025-08-04 08:44:14,Concert,J011,Indiranagar 100ft Road,5825,Weekday,False,Clear,False,0.0,False,False,1.0,Severe,11.0,75.7,218.3,0.103,0.238,0.908,Heavy congestion detected - signal timing extended and reroute suggested
EVT435948,2025-11-12 10:54:18,Local Market Day,J009,Majestic,5637,Weekday,False,Clear,False,0.0,False,False,0.522,Moderate,28.9,31.6,226.4,0.167,0.386,0.953,Moderate traffic flow - standard adaptive signal timing in effect
EVT435949,2025-07-27 19:37:24,Trade Fair,J011,Indiranagar 100ft Road,9605,Weekend,False,Heavy Rain,True,59.8,False,False,1.0,Severe,8.8,71.0,589.1,0.187,0.432,0.855,Heavy rain reducing visibility and grip - reduced speed and longer buffer advised
EVT435950,2025-06-10 14:50:43,Trade Fair,J012,Koramangala Sony World,10494,Weekday,False,Clear,False,0.0,False,False,0.335,Low,25.4,21.7,79.8,0.066,0.152,0.98,Moderate traffic flow - standard adaptive signal timing in effect
EVT435951,2025-12-28 14:45:37,Sports Fixture,J023,Basavanagudi,17920,Weekend,False,Clear,False,0.0,False,False,0.394,Moderate,27.0,22.5,205.1,0.149,0.344,0.946,Moderate traffic flow - standard adaptive signal timing in effect
EVT435952,2026-06-19 20:37:22,Political Rally,J020,Malleshwaram Circle,7679,Weekday,False,Clear,False,0.0,False,False,0.464,Moderate,25.9,35.9,219.8,0.164,0.38,0.974,Moderate traffic flow - standard adaptive signal timing in effect
EVT435953,2025-10-17 17:34:38,Local Market Day,J020,Malleshwaram Circle,3740,Weekday,False,Clear,False,0.0,True,False,1.0,Severe,9.3,74.1,490.8,0.183,0.424,0.734,Accident detected nearby - reroute and reduced speed advised
EVT435954,2026-04-25 08:33:33,Concert,J023,Basavanagudi,9243,Weekend,False,Clear,False,0.0,False,False,0.841,Severe,15.6,63.7,240.6,0.134,0.31,0.927,Heavy congestion detected - signal timing extended and reroute suggested
EVT435955,2026-03-01 20:09:28,Concert,J030,MG Road,8962,Weekend,False,Clear,False,0.0,False,False,0.643,High,19.7,50.7,333.0,0.217,0.5,0.969,Moderate traffic flow - standard adaptive signal timing in effect
EVT435956,2025-08-11 05:34:07,Local Market Day,J009,Majestic,4727,Weekday,False,Clear,False,0.0,False,False,0.256,Low,33.5,16.1,206.0,0.201,0.464,0.99,Moderate traffic flow - standard adaptive signal timing in effect
EVT435957,2025-06-29 13:07:35,Sports Fixture,J040,City Market,11177,Weekend,False,Clear,False,0.0,False,False,0.352,Moderate,31.6,25.0,101.5,0.083,0.192,0.942,Moderate traffic flow - standard adaptive signal timing in effect
EVT435958,2025-05-24 12:13:24,Sports Fixture,J011,Indiranagar 100ft Road,9567,Weekend,False,Clear,False,0.0,False,False,0.35,Low,37.2,23.5,141.3,0.13,0.301,0.954,Moderate traffic flow - standard adaptive signal timing in effect
EVT435959,2026-04-01 19:36:36,Concert,J040,City Market,11431,Weekday,False,Clear,False,0.0,False,False,0.918,Severe,11.8,70.7,374.8,0.171,0.394,0.956,Heavy congestion detected - signal timing extended and reroute suggested
EVT435960,2025-11-17 16:31:30,Local Market Day,J020,Malleshwaram Circle,6525,Weekday,False,Clear,False,0.0,False,False,0.596,High,17.5,42.3,434.5,0.24,0.555,0.98,Moderate traffic flow - standard adaptive signal timing in effect
EVT435961,2025-02-07 11:29:34,Sports Fixture,J020,Malleshwaram Circle,23320,Weekday,False,Clear,False,0.0,False,False,0.417,Moderate,25.8,26.9,184.1,0.147,0.339,0.966,Moderate traffic flow - standard adaptive signal timing in effect
EVT435962,2025-07-08 17:10:43,Local Market Day,J011,Indiranagar 100ft Road,5556,Weekday,False,Clear,False,0.0,False,False,0.884,Severe,13.7,68.4,424.2,0.188,0.434,0.938,Heavy congestion detected - signal timing extended and reroute suggested
EVT435963,2025-04-24 19:13:01,Political Rally,J030,MG Road,16578,Weekday,False,Clear,False,0.0,False,False,1.0,Severe,7.1,72.6,596.9,0.2,0.463,0.925,Heavy congestion detected - signal timing extended and reroute suggested
EVT435964,2025-11-29 16:01:48,Political Rally,J030,MG Road,16296,Weekend,False,Clear,False,0.0,False,False,0.438,Moderate,23.6,34.6,263.7,0.194,0.449,0.964,Moderate traffic flow - standard adaptive signal timing in effect
EVT435965,2025-10-02 20:18:36,Religious Festival,J040,City Market,39462,Weekday,True,Clear,False,0.0,False,True,1.0,Severe,9.2,99.7,392.3,0.147,0.339,0.847,Road closure for event/procession - full detour recommended for through-traffic
EVT435966,2025-01-31 14:17:47,Sports Fixture,J030,MG Road,27026,Weekday,False,Clear,False,0.0,False,False,0.344,Low,34.1,30.2,176.4,0.162,0.373,0.937,Moderate traffic flow - standard adaptive signal timing in effect
EVT435967,2025-09-07 01:49:29,Sports Fixture,J031,Cubbon Road,23676,Weekend,False,Clear,False,0.0,False,False,0.331,Low,33.4,22.8,180.3,0.144,0.333,0.961,Moderate traffic flow - standard adaptive signal timing in effect
EVT435968,2025-04-25 09:42:24,Sports Fixture,J012,Koramangala Sony World,29277,Weekday,False,Clear,False,0.0,False,False,1.0,Severe,8.9,74.4,523.3,0.188,0.434,0.925,Heavy congestion detected - signal timing extended and reroute suggested
EVT435969,2025-04-19 17:00:14,Political Rally,J009,Majestic,14438,Weekend,False,Clear,False,0.0,False,False,0.676,High,19.5,47.3,252.1,0.162,0.375,0.945,Moderate traffic flow - standard adaptive signal timing in effect
EVT435970,2026-01-24 06:53:27,Local Market Day,J031,Cubbon Road,5523,Weekend,False,Clear,False,0.0,False,False,0.377,Moderate,31.8,25.3,177.4,0.157,0.362,0.966,Moderate traffic flow - standard adaptive signal timing in effect
EVT435971,2025-07-07 16:21:57,Local Market Day,J030,MG Road,3999,Weekday,False,Clear,False,0.0,False,False,0.458,Moderate,23.5,33.6,188.9,0.13,0.3,0.975,Moderate traffic flow - standard adaptive signal timing in effect
EVT435972,2026-05-26 21:34:55,Concert,J023,Basavanagudi,9980,Weekday,False,Clear,False,0.0,False,False,0.362,Moderate,22.0,25.0,239.1,0.154,0.355,0.99,Moderate traffic flow - standard adaptive signal timing in effect
EVT435973,2025-03-21 07:48:21,Trade Fair,J030,MG Road,9948,Weekday,False,Clear,False,0.0,False,False,0.851,Severe,14.8,63.0,446.6,0.214,0.494,0.926,Heavy congestion detected - signal timing extended and reroute suggested
EVT435974,2025-08-29 09:52:50,Sports Fixture,J009,Majestic,32794,Weekday,False,Heavy Rain,True,30.9,False,False,1.0,Severe,8.1,69.0,762.8,0.245,0.567,0.862,Heavy rain reducing visibility and grip - reduced speed and longer buffer advised
EVT435975,2025-08-08 18:56:31,Local Market Day,J009,Majestic,1858,Weekday,False,Rain,True,18.9,False,False,1.0,Severe,9.0,70.4,386.7,0.16,0.37,0.893,Heavy rain reducing visibility and grip - reduced speed and longer buffer advised
EVT435976,2025-07-23 11:31:13,Trade Fair,J031,Cubbon Road,6493,Weekday,False,Clear,False,0.0,False,False,0.31,Low,25.9,27.4,281.7,0.186,0.429,0.969,Moderate traffic flow - standard adaptive signal timing in effect
EVT435977,2026-03-17 18:57:11,Political Rally,J009,Majestic,17439,Weekday,False,Light Rain,True,3.3,False,False,1.0,Severe,6.3,71.4,741.6,0.195,0.45,0.85,Heavy rain reducing visibility and grip - reduced speed and longer buffer advised
EVT435978,2025-10-08 19:37:36,Local Market Day,J012,Koramangala Sony World,3928,Weekday,False,Rain,True,11.8,False,False,1.0,Severe,7.4,69.1,693.7,0.212,0.49,0.871,Heavy rain reducing visibility and grip - reduced speed and longer buffer advised
EVT435979,2026-04-14 17:12:15,Cultural Procession,J040,City Market,23369,Weekday,True,Clear,False,0.0,False,False,1.0,Severe,9.9,73.5,279.2,0.113,0.261,0.895,Festival crowd surge detected - alternate route and extended cycle recommended
EVT435980,2025-03-07 09:13:28,Local Market Day,J012,Koramangala Sony World,6700,Weekday,False,Clear,False,0.0,False,False,1.0,Severe,9.3,72.3,806.2,0.288,0.665,0.923,Heavy congestion detected - signal timing extended and reroute suggested
EVT435981,2025-06-05 08:51:58,Concert,J023,Basavanagudi,12924,Weekday,False,Rain,True,19.4,False,False,1.0,Severe,9.2,77.4,471.3,0.182,0.42,0.861,Heavy rain reducing visibility and grip - reduced speed and longer buffer advised
EVT435982,2025-02-06 11:43:44,Trade Fair,J011,Indiranagar 100ft Road,17643,Weekday,False,Clear,False,0.0,False,False,0.264,Low,25.2,21.6,68.5,0.05,0.116,0.964,Moderate traffic flow - standard adaptive signal timing in effect
EVT435983,2026-02-10 15:58:26,Local Market Day,J023,Basavanagudi,6427,Weekday,False,Clear,False,0.0,False,False,0.428,Moderate,26.8,23.2,115.0,0.068,0.158,0.948,Moderate traffic flow - standard adaptive signal timing in effect
EVT435984,2025-05-10 08:44:58,Local Market Day,J009,Majestic,4227,Weekend,False,Heavy Rain,True,28.0,False,False,1.0,Severe,9.2,73.2,434.0,0.189,0.436,0.871,Heavy rain reducing visibility and grip - reduced speed and longer buffer advised
EVT435985,2025-04-08 10:45:37,Trade Fair,J040,City Market,6709,Weekday,False,Clear,False,0.0,False,False,0.505,Moderate,24.3,34.0,188.4,0.152,0.351,0.943,Moderate traffic flow - standard adaptive signal timing in effect
EVT435986,2026-05-09 11:32:11,Local Market Day,J023,Basavanagudi,3840,Weekend,False,Clear,False,0.0,False,False,0.225,Low,32.4,19.9,203.7,0.165,0.382,0.975,Normal free-flow traffic - standard signal timing maintained
EVT435987,2026-03-04 19:02:09,Religious Festival,J020,Malleshwaram Circle,37527,Weekday,True,Clear,False,0.0,False,True,1.0,Severe,9.5,106.2,734.9,0.28,0.647,0.829,Road closure for event/procession - full detour recommended for through-traffic
EVT435988,2026-06-26 19:51:18,Concert,J020,Malleshwaram Circle,11088,Weekday,False,Clear,False,0.0,False,False,0.826,Severe,11.9,60.3,235.6,0.118,0.272,0.973,Heavy congestion detected - signal timing extended and reroute suggested
EVT435989,2026-03-21 13:01:08,Trade Fair,J020,Malleshwaram Circle,7469,Weekend,False,Clear,False,0.0,False,False,0.323,Low,29.7,27.2,182.8,0.144,0.332,0.977,Moderate traffic flow - standard adaptive signal timing in effect
EVT435990,2025-04-17 17:02:20,Political Rally,J023,Basavanagudi,17395,Weekday,False,Clear,False,0.0,False,False,0.813,Severe,10.4,57.4,787.7,0.294,0.678,0.938,Heavy congestion detected - signal timing extended and reroute suggested
EVT435991,2025-10-26 07:50:46,Local Market Day,J030,MG Road,3912,Weekend,False,Clear,False,0.0,False,False,0.643,High,22.7,47.1,300.8,0.21,0.485,0.957,Moderate traffic flow - standard adaptive signal timing in effect
EVT435992,2026-03-13 17:54:44,Local Market Day,J009,Majestic,3734,Weekday,False,Clear,False,0.0,False,False,1.0,Severe,9.2,66.9,699.0,0.242,0.559,0.924,Heavy congestion detected - signal timing extended and reroute suggested
EVT435993,2025-03-28 02:24:20,Local Market Day,J040,City Market,2711,Weekday,False,Clear,False,0.0,False,False,0.167,Low,31.1,6.1,198.3,0.157,0.362,0.942,Normal free-flow traffic - standard signal timing maintained
EVT435994,2026-05-29 05:44:50,Concert,J040,City Market,13585,Weekday,False,Rain,True,12.8,False,False,0.367,Moderate,33.2,27.2,199.9,0.19,0.439,0.945,Light rain detected - minor speed reduction advised
EVT435995,2026-06-16 12:24:25,Local Market Day,J009,Majestic,7031,Weekday,False,Heavy Rain,True,30.5,False,False,0.498,Moderate,24.7,27.9,194.8,0.154,0.355,0.908,Light rain detected - minor speed reduction advised
EVT435996,2026-05-06 06:33:43,Trade Fair,J020,Malleshwaram Circle,4391,Weekday,False,Light Rain,True,5.9,False,False,0.505,Moderate,27.1,38.2,188.9,0.155,0.358,0.923,Light rain detected - minor speed reduction advised
EVT435997,2025-11-08 17:45:28,Political Rally,J020,Malleshwaram Circle,11041,Weekend,False,Clear,False,0.0,False,False,0.774,Severe,15.6,54.5,355.4,0.18,0.416,0.971,Heavy congestion detected - signal timing extended and reroute suggested
EVT435998,2025-10-26 18:10:51,Sports Fixture,J009,Majestic,21021,Weekend,False,Clear,False,0.0,False,False,0.897,Severe,11.2,64.1,181.1,0.081,0.186,0.948,Heavy congestion detected - signal timing extended and reroute suggested
EVT435999,2026-01-03 17:41:43,Sports Fixture,J030,MG Road,31068,Weekend,False,Clear,False,0.0,True,False,1.0,Severe,7.5,68.0,567.3,0.197,0.456,0.76,Accident detected nearby - reroute and reduced speed advised
EVT436000,2025-09-28 06:33:51,Local Market Day,J030,MG Road,2809,Weekend,False,Clear,False,0.0,False,False,0.339,Low,33.0,23.4,208.1,0.184,0.424,0.975,Moderate traffic flow - standard adaptive signal timing in effect
EVT436001,2026-03-20 08:38:47,Religious Festival,J023,Basavanagudi,44025,Weekday,True,Clear,False,0.0,False,True,1.0,Severe,9.1,98.7,481.1,0.165,0.382,0.826,Road closure for event/procession - full detour recommended for through-traffic
EVT436002,2025-03-27 08:45:00,Local Market Day,J009,Majestic,3118,Weekday,False,Clear,False,0.0,False,False,0.975,Severe,11.1,76.5,629.6,0.291,0.673,0.937,Heavy congestion detected - signal timing extended and reroute suggested
EVT436003,2025-02-07 12:40:53,Local Market Day,J012,Koramangala Sony World,4909,Weekday,False,Clear,False,0.0,False,False,0.208,Low,28.0,14.3,219.5,0.145,0.335,0.98,Normal free-flow traffic - standard signal timing maintained
EVT436004,2025-06-19 16:00:31,Trade Fair,J040,City Market,7910,Weekday,False,Rain,True,9.0,False,False,0.429,Moderate,25.5,32.0,148.7,0.109,0.252,0.909,Light rain detected - minor speed reduction advised
EVT436005,2025-09-06 08:26:03,Cultural Procession,J012,Koramangala Sony World,16449,Weekend,True,Rain,True,20.3,False,False,1.0,Severe,10.3,72.9,353.2,0.156,0.36,0.81,Festival crowd surge detected - alternate route and extended cycle recommended
EVT436006,2025-07-12 09:33:51,Local Market Day,J040,City Market,7292,Weekend,False,Clear,False,0.0,False,False,0.75,High,15.7,54.6,353.0,0.213,0.492,0.941,Moderate traffic flow - standard adaptive signal timing in effect
EVT436007,2025-06-04 13:31:43,Trade Fair,J040,City Market,8950,Weekday,False,Light Rain,True,4.4,False,False,0.207,Low,26.3,12.1,211.6,0.139,0.321,0.905,Light rain detected - minor speed reduction advised
EVT436008,2026-01-16 10:45:06,Sports Fixture,J031,Cubbon Road,29816,Weekday,False,Clear,False,0.0,False,False,0.769,Severe,17.0,54.7,290.1,0.188,0.435,0.965,Heavy congestion detected - signal timing extended and reroute suggested
EVT436009,2026-06-09 15:39:43,Concert,J040,City Market,13770,Weekday,False,Light Rain,True,6.1,False,False,0.559,High,21.4,35.3,226.1,0.139,0.322,0.939,Heavy rain reducing visibility and grip - reduced speed and longer buffer advised
EVT436010,2025-07-31 16:27:59,Sports Fixture,J009,Majestic,47941,Weekday,False,Rain,True,16.8,False,False,0.988,Severe,9.8,71.2,493.8,0.209,0.483,0.859,Heavy rain reducing visibility and grip - reduced speed and longer buffer advised
EVT436011,2026-04-09 12:43:06,Local Market Day,J009,Majestic,4547,Weekday,False,Clear,False,0.0,False,False,0.199,Low,36.1,8.8,112.1,0.093,0.216,0.969,Normal free-flow traffic - standard signal timing maintained
EVT436012,2026-03-09 07:23:57,Sports Fixture,J009,Majestic,24694,Weekday,False,Clear,False,0.0,False,False,0.724,High,13.1,51.9,536.1,0.239,0.553,0.975,Moderate traffic flow - standard adaptive signal timing in effect
EVT436013,2026-05-08 06:28:23,Trade Fair,J031,Cubbon Road,7563,Weekday,False,Light Rain,True,6.8,False,False,0.418,Moderate,24.7,26.9,179.0,0.141,0.326,0.918,Light rain detected - minor speed reduction advised
EVT436014,2025-04-01 16:10:34,Local Market Day,J020,Malleshwaram Circle,7295,Weekday,False,Clear,False,0.0,False,False,0.45,Moderate,22.2,36.1,237.3,0.157,0.363,0.961,Moderate traffic flow - standard adaptive signal timing in effect
EVT436015,2025-12-10 20:56:22,Trade Fair,J009,Majestic,5961,Weekday,False,Clear,False,0.0,False,False,0.444,Moderate,26.3,23.9,251.5,0.207,0.478,0.956,Moderate traffic flow - standard adaptive signal timing in effect
EVT436016,2025-11-02 10:43:41,Religious Festival,J030,MG Road,50532,Weekend,True,Clear,False,0.0,False,True,1.0,Severe,8.2,99.2,337.3,0.115,0.265,0.825,Road closure for event/procession - full detour recommended for through-traffic
EVT436017,2025-06-01 08:46:31,Local Market Day,J009,Majestic,3432,Weekend,False,Rain,True,15.8,False,False,0.979,Severe,9.6,71.2,742.8,0.316,0.731,0.862,Heavy rain reducing visibility and grip - reduced speed and longer buffer advised
EVT436018,2026-06-28 12:49:55,Local Market Day,J020,Malleshwaram Circle,4133,Weekend,False,Clear,False,0.0,False,False,0.243,Low,26.5,23.8,97.4,0.065,0.15,0.941,Normal free-flow traffic - standard signal timing maintained
EVT436019,2025-07-12 11:16:00,Trade Fair,J012,Koramangala Sony World,5951,Weekend,False,Clear,False,0.0,False,False,0.355,Moderate,33.0,29.1,141.7,0.14,0.323,0.951,Moderate traffic flow - standard adaptive signal timing in effect
EVT436020,2025-03-17 20:25:17,Sports Fixture,J012,Koramangala Sony World,24059,Weekday,False,Clear,False,0.0,False,False,0.787,Severe,16.4,58.7,299.7,0.156,0.361,0.945,Heavy congestion detected - signal timing extended and reroute suggested
EVT436021,2025-11-10 17:38:39,Trade Fair,J030,MG Road,9479,Weekday,False,Fog,False,0.0,False,False,0.954,Severe,10.9,67.4,352.8,0.155,0.358,0.908,Heavy congestion detected - signal timing extended and reroute suggested
EVT436022,2025-02-11 15:35:51,Sports Fixture,J030,MG Road,19699,Weekday,False,Clear,False,0.0,False,False,0.392,Moderate,22.0,34.3,219.1,0.129,0.297,0.971,Moderate traffic flow - standard adaptive signal timing in effect
EVT436023,2025-05-08 14:10:57,Local Market Day,J040,City Market,3240,Weekday,False,Clear,False,0.0,False,False,0.243,Low,23.8,15.1,168.0,0.109,0.253,0.979,Normal free-flow traffic - standard signal timing maintained
EVT436024,2025-07-08 16:09:30,Political Rally,J012,Koramangala Sony World,12420,Weekday,False,Clear,False,0.0,False,False,0.42,Moderate,29.2,32.9,141.1,0.112,0.259,0.959,Moderate traffic flow - standard adaptive signal timing in effect
EVT436025,2025-01-31 19:08:42,Local Market Day,J040,City Market,3390,Weekday,False,Clear,False,0.0,False,False,1.0,Severe,7.6,70.8,698.2,0.231,0.534,0.892,Heavy congestion detected - signal timing extended and reroute suggested
EVT436026,2025-11-17 12:42:19,Concert,J030,MG Road,15105,Weekday,False,Clear,False,0.0,False,False,0.334,Low,25.9,19.0,211.3,0.153,0.353,0.968,Moderate traffic flow - standard adaptive signal timing in effect
EVT436027,2025-05-21 08:30:11,Sports Fixture,J012,Koramangala Sony World,24891,Weekday,False,Clear,False,0.0,False,False,1.0,Severe,9.3,68.6,464.4,0.17,0.393,0.924,Heavy congestion detected - signal timing extended and reroute suggested
EVT436028,2025-07-17 21:46:35,Trade Fair,J009,Majestic,10418,Weekday,False,Heavy Rain,True,25.2,False,False,0.512,Moderate,21.7,34.9,329.8,0.226,0.521,0.925,Light rain detected - minor speed reduction advised
EVT436029,2026-06-22 19:56:23,Sports Fixture,J030,MG Road,12821,Weekday,False,Clear,False,0.0,False,False,0.776,Severe,13.8,53.7,337.1,0.165,0.381,0.966,Heavy congestion detected - signal timing extended and reroute suggested
EVT436030,2025-12-30 17:19:42,Concert,J031,Cubbon Road,15109,Weekday,False,Clear,False,0.0,False,False,0.89,Severe,9.7,63.1,616.7,0.247,0.569,0.935,Heavy congestion detected - signal timing extended and reroute suggested
EVT436031,2025-08-19 19:11:42,Political Rally,J031,Cubbon Road,14289,Weekday,False,Clear,False,0.0,False,False,0.983,Severe,6.9,71.5,956.4,0.267,0.616,0.906,Heavy congestion detected - signal timing extended and reroute suggested
EVT436032,2026-04-08 07:57:18,Local Market Day,J012,Koramangala Sony World,4318,Weekday,False,Clear,False,0.0,False,False,0.773,Severe,16.3,55.6,293.6,0.181,0.419,0.949,Heavy congestion detected - signal timing extended and reroute suggested
EVT436033,2026-02-05 13:23:37,Local Market Day,J031,Cubbon Road,9060,Weekday,False,Clear,False,0.0,False,False,0.218,Low,25.7,12.3,52.7,0.041,0.094,0.975,Normal free-flow traffic - standard signal timing maintained
EVT436034,2026-02-02 22:42:12,Political Rally,J040,City Market,16475,Weekday,False,Clear,False,0.0,False,False,0.261,Low,27.1,19.0,156.1,0.128,0.295,0.952,Moderate traffic flow - standard adaptive signal timing in effect
EVT436035,2026-01-29 18:42:01,Trade Fair,J023,Basavanagudi,4758,Weekday,False,Clear,False,0.0,True,False,1.0,Severe,10.3,70.9,524.3,0.212,0.49,0.777,Accident detected nearby - reroute and reduced speed advised
EVT436036,2025-07-23 18:15:09,Political Rally,J011,Indiranagar 100ft Road,21656,Weekday,False,Rain,True,17.6,False,False,1.0,Severe,7.2,76.7,512.4,0.178,0.412,0.863,Heavy rain reducing visibility and grip - reduced speed and longer buffer advised
EVT436037,2025-12-05 07:37:55,Sports Fixture,J031,Cubbon Road,32714,Weekday,False,Clear,False,0.0,False,False,0.808,Severe,15.2,62.3,193.3,0.119,0.276,0.958,Heavy congestion detected - signal timing extended and reroute suggested
EVT436038,2026-01-20 12:57:17,Sports Fixture,J031,Cubbon Road,36073,Weekday,False,Clear,False,0.0,False,False,0.404,Moderate,25.7,36.4,246.6,0.152,0.351,0.936,Moderate traffic flow - standard adaptive signal timing in effect
EVT436039,2025-12-13 16:09:48,Local Market Day,J030,MG Road,4990,Weekend,False,Clear,False,0.0,False,False,0.501,Moderate,21.8,35.6,303.8,0.18,0.415,0.986,Moderate traffic flow - standard adaptive signal timing in effect
EVT436040,2025-09-22 10:54:46,Trade Fair,J040,City Market,13429,Weekday,False,Heavy Rain,True,49.4,False,False,0.9,Severe,10.7,66.4,269.3,0.112,0.26,0.877,Heavy rain reducing visibility and grip - reduced speed and longer buffer advised
EVT436041,2025-08-19 17:58:41,Local Market Day,J020,Malleshwaram Circle,3993,Weekday,False,Heavy Rain,True,28.2,False,False,1.0,Severe,9.5,69.1,426.9,0.176,0.406,0.855,Heavy rain reducing visibility and grip - reduced speed and longer buffer advised
EVT436042,2026-03-16 17:44:06,Local Market Day,J020,Malleshwaram Circle,5350,Weekday,False,Clear,False,0.0,False,False,0.926,Severe,11.1,65.3,369.0,0.161,0.373,0.922,Heavy congestion detected - signal timing extended and reroute suggested
EVT436043,2025-02-19 10:12:13,Political Rally,J031,Cubbon Road,21078,Weekday,False,Clear,False,0.0,False,False,0.889,Severe,14.1,64.5,517.0,0.267,0.616,0.948,Heavy congestion detected - signal timing extended and reroute suggested
EVT436044,2025-12-31 17:21:36,Concert,J020,Malleshwaram Circle,13152,Weekday,False,Clear,False,0.0,False,False,0.825,Severe,14.2,63.2,490.2,0.245,0.566,0.939,Heavy congestion detected - signal timing extended and reroute suggested
EVT436045,2025-11-21 10:29:28,Sports Fixture,J023,Basavanagudi,29563,Weekday,False,Clear,False,0.0,False,False,0.741,High,17.3,51.6,291.1,0.164,0.38,0.962,Moderate traffic flow - standard adaptive signal timing in effect
EVT436046,2025-12-04 19:37:33,Sports Fixture,J031,Cubbon Road,31282,Weekday,False,Clear,False,0.0,True,False,1.0,Severe,9.4,67.9,526.3,0.198,0.457,0.753,Accident detected nearby - reroute and reduced speed advised
EVT436047,2025-11-26 10:17:06,Trade Fair,J040,City Market,8035,Weekday,False,Clear,False,0.0,False,False,0.753,Severe,17.2,56.2,328.2,0.207,0.478,0.974,Heavy congestion detected - signal timing extended and reroute suggested
EVT436048,2025-10-26 12:08:53,Political Rally,J011,Indiranagar 100ft Road,12083,Weekend,False,Clear,False,0.0,False,False,0.342,Low,31.4,26.1,122.8,0.107,0.248,0.932,Moderate traffic flow - standard adaptive signal timing in effect
EVT436049,2026-06-05 18:29:18,Concert,J040,City Market,12496,Weekday,False,Fog,False,0.0,False,False,1.0,Severe,9.1,68.9,320.4,0.119,0.274,0.916,Heavy congestion detected - signal timing extended and reroute suggested
EVT436050,2026-06-18 19:14:49,Trade Fair,J012,Koramangala Sony World,8797,Weekday,False,Clear,False,0.0,False,False,0.92,Severe,9.7,65.9,344.0,0.129,0.298,0.913,Heavy congestion detected - signal timing extended and reroute suggested
EVT436051,2026-01-09 21:36:18,Concert,J009,Majestic,14435,Weekday,False,Clear,False,0.0,False,False,0.342,Low,26.8,24.3,116.9,0.098,0.227,0.99,Moderate traffic flow - standard adaptive signal timing in effect
EVT436052,2025-02-04 20:27:21,Local Market Day,J031,Cubbon Road,2923,Weekday,False,Clear,False,0.0,False,False,0.534,Moderate,22.2,37.3,177.5,0.13,0.299,0.978,Moderate traffic flow - standard adaptive signal timing in effect
EVT436053,2025-08-23 01:03:24,Trade Fair,J023,Basavanagudi,5217,Weekend,False,Clear,False,0.0,False,False,0.24,Low,40.0,14.0,127.8,0.131,0.302,0.954,Normal free-flow traffic - standard signal timing maintained
EVT436054,2025-03-03 17:46:21,Local Market Day,J031,Cubbon Road,4789,Weekday,False,Light Rain,True,4.6,False,False,1.0,Severe,8.4,73.0,501.9,0.173,0.4,0.873,Heavy rain reducing visibility and grip - reduced speed and longer buffer advised
EVT436055,2026-04-15 12:14:30,Religious Festival,J030,MG Road,63111,Weekday,True,Clear,False,0.0,False,True,0.938,Severe,11.1,88.4,508.1,0.223,0.514,0.858,Road closure for event/procession - full detour recommended for through-traffic
EVT436056,2025-08-01 12:33:58,Local Market Day,J023,Basavanagudi,2945,Weekday,False,Clear,False,0.0,False,False,0.181,Low,25.4,8.9,130.1,0.095,0.218,0.966,Normal free-flow traffic - standard signal timing maintained
EVT436057,2025-02-11 12:37:57,Local Market Day,J030,MG Road,4194,Weekday,False,Clear,False,0.0,False,False,0.143,Low,35.4,11.5,77.6,0.061,0.141,0.945,Normal free-flow traffic - standard signal timing maintained
EVT436058,2026-03-16 16:00:03,Local Market Day,J012,Koramangala Sony World,4396,Weekday,False,Clear,False,0.0,False,False,0.422,Moderate,24.5,25.3,201.3,0.163,0.376,0.981,Moderate traffic flow - standard adaptive signal timing in effect
EVT436059,2026-05-24 13:08:16,Sports Fixture,J031,Cubbon Road,35383,Weekend,False,Rain,True,12.1,False,False,0.552,High,22.6,34.4,176.9,0.122,0.282,0.933,Heavy rain reducing visibility and grip - reduced speed and longer buffer advised
EVT436060,2025-09-23 14:39:08,Sports Fixture,J040,City Market,21737,Weekday,False,Rain,True,17.5,False,False,0.626,High,18.5,43.0,338.1,0.214,0.495,0.888,Heavy rain reducing visibility and grip - reduced speed and longer buffer advised
EVT436061,2025-11-17 06:00:55,Sports Fixture,J031,Cubbon Road,17338,Weekday,False,Clear,False,0.0,False,False,0.405,Moderate,24.6,25.4,165.5,0.126,0.292,0.968,Moderate traffic flow - standard adaptive signal timing in effect
EVT436062,2026-02-09 06:45:05,Sports Fixture,J040,City Market,13829,Weekday,False,Clear,False,0.0,False,False,0.372,Moderate,27.7,25.5,204.1,0.15,0.347,0.974,Moderate traffic flow - standard adaptive signal timing in effect
EVT436063,2025-04-12 04:32:53,Trade Fair,J040,City Market,9200,Weekend,False,Clear,False,0.0,False,False,0.251,Low,35.1,21.1,226.0,0.2,0.463,0.958,Moderate traffic flow - standard adaptive signal timing in effect
EVT436064,2025-06-17 18:17:07,Local Market Day,J020,Malleshwaram Circle,3885,Weekday,False,Rain,True,22.4,False,False,1.0,Severe,8.9,70.4,237.6,0.117,0.27,0.864,Heavy rain reducing visibility and grip - reduced speed and longer buffer advised
EVT436065,2025-09-20 17:12:43,Sports Fixture,J020,Malleshwaram Circle,19343,Weekend,False,Clear,False,0.0,False,False,0.773,Severe,18.4,52.0,332.5,0.186,0.43,0.957,Heavy congestion detected - signal timing extended and reroute suggested
EVT436066,2025-08-07 07:03:23,Local Market Day,J040,City Market,2888,Weekday,False,Clear,False,0.0,False,False,0.406,Moderate,26.0,33.0,183.8,0.112,0.258,0.979,Moderate traffic flow - standard adaptive signal timing in effect
EVT436067,2026-06-01 12:01:45,Local Market Day,J012,Koramangala Sony World,8578,Weekday,False,Heavy Rain,True,31.2,False,False,0.645,High,23.7,41.4,146.0,0.102,0.236,0.914,Heavy rain reducing visibility and grip - reduced speed and longer buffer advised
EVT436068,2025-09-23 18:05:04,Local Market Day,J031,Cubbon Road,3126,Weekday,False,Clear,False,0.0,False,False,0.944,Severe,10.3,62.9,558.9,0.216,0.499,0.926,Heavy congestion detected - signal timing extended and reroute suggested
EVT436069,2025-01-03 14:40:26,Sports Fixture,J009,Majestic,35980,Weekday,False,Clear,False,0.0,False,False,0.442,Moderate,32.3,30.3,196.2,0.182,0.42,0.956,Moderate traffic flow - standard adaptive signal timing in effect
EVT436070,2025-02-10 06:10:50,Trade Fair,J011,Indiranagar 100ft Road,22821,Weekday,False,Clear,False,0.0,False,False,0.338,Low,30.3,24.0,115.5,0.092,0.214,0.949,Moderate traffic flow - standard adaptive signal timing in effect
EVT436071,2025-01-20 09:24:06,Local Market Day,J040,City Market,5157,Weekday,False,Clear,False,0.0,False,False,1.0,Severe,7.8,73.0,444.3,0.148,0.341,0.911,Heavy congestion detected - signal timing extended and reroute suggested
EVT436072,2025-04-16 13:43:08,Concert,J031,Cubbon Road,12732,Weekday,False,Clear,False,0.0,False,False,0.19,Low,32.6,10.9,133.1,0.119,0.275,0.981,Normal free-flow traffic - standard signal timing maintained
EVT436073,2025-09-09 18:31:44,Trade Fair,J023,Basavanagudi,6562,Weekday,False,Heavy Rain,True,31.0,False,False,1.0,Severe,8.8,67.1,560.7,0.189,0.436,0.872,Heavy rain reducing visibility and grip - reduced speed and longer buffer advised
EVT436074,2026-05-27 07:40:51,Trade Fair,J031,Cubbon Road,5538,Weekday,False,Clear,False,0.0,False,False,0.651,High,20.6,50.9,324.6,0.205,0.474,0.962,Moderate traffic flow - standard adaptive signal timing in effect
EVT436075,2025-07-26 13:57:56,Local Market Day,J011,Indiranagar 100ft Road,5136,Weekend,False,Clear,False,0.0,False,False,0.263,Low,33.6,18.7,183.6,0.176,0.406,0.942,Moderate traffic flow - standard adaptive signal timing in effect
EVT436076,2026-03-03 18:44:09,Trade Fair,J030,MG Road,10478,Weekday,False,Clear,False,0.0,False,False,1.0,Severe,8.5,65.9,504.8,0.17,0.393,0.925,Heavy congestion detected - signal timing extended and reroute suggested
EVT436077,2025-10-09 19:27:33,Local Market Day,J009,Majestic,4990,Weekday,False,Clear,False,0.0,False,False,0.867,Severe,12.3,63.3,500.3,0.223,0.515,0.96,Heavy congestion detected - signal timing extended and reroute suggested
EVT436078,2025-07-17 23:21:06,Political Rally,J040,City Market,7467,Weekday,False,Clear,False,0.0,False,False,0.2,Low,37.8,8.3,86.1,0.061,0.142,0.987,Normal free-flow traffic - standard signal timing maintained
EVT436079,2025-05-07 18:29:48,Trade Fair,J031,Cubbon Road,9536,Weekday,False,Clear,False,0.0,False,False,1.0,Severe,10.2,75.4,315.7,0.126,0.291,0.918,Heavy congestion detected - signal timing extended and reroute suggested
EVT436080,2025-03-09 12:36:35,Sports Fixture,J040,City Market,19549,Weekend,False,Light Rain,True,0.7,False,False,0.436,Moderate,25.7,35.7,201.9,0.125,0.29,0.938,Light rain detected - minor speed reduction advised
EVT436081,2026-04-06 16:47:24,Sports Fixture,J012,Koramangala Sony World,28042,Weekday,False,Clear,False,0.0,False,False,0.735,High,15.6,47.9,407.7,0.206,0.476,0.957,Moderate traffic flow - standard adaptive signal timing in effect
EVT436082,2025-07-17 07:20:06,Local Market Day,J009,Majestic,2901,Weekday,False,Clear,False,0.0,False,False,0.594,High,19.8,40.4,189.7,0.109,0.251,0.982,Moderate traffic flow - standard adaptive signal timing in effect
EVT436083,2025-08-02 07:50:13,Trade Fair,J012,Koramangala Sony World,10590,Weekend,False,Heavy Rain,True,25.2,False,False,0.941,Severe,12.9,63.6,245.4,0.133,0.308,0.883,Heavy rain reducing visibility and grip - reduced speed and longer buffer advised
EVT436084,2025-05-20 20:00:12,Concert,J009,Majestic,20075,Weekday,False,Clear,False,0.0,False,False,0.835,Severe,13.0,62.3,355.9,0.171,0.394,0.973,Heavy congestion detected - signal timing extended and reroute suggested
EVT436085,2025-03-02 15:52:24,Sports Fixture,J023,Basavanagudi,21623,Weekend,False,Clear,False,0.0,False,False,0.527,Moderate,19.4,36.6,299.5,0.191,0.442,0.973,Moderate traffic flow - standard adaptive signal timing in effect
EVT436086,2025-09-18 17:59:43,Trade Fair,J023,Basavanagudi,8026,Weekday,False,Clear,False,0.0,False,False,1.0,Severe,10.5,72.4,406.9,0.188,0.434,0.919,Heavy congestion detected - signal timing extended and reroute suggested
EVT436087,2025-05-31 08:05:01,Local Market Day,J040,City Market,4457,Weekend,False,Clear,False,0.0,False,False,0.783,Severe,13.3,54.9,150.4,0.058,0.134,0.942,Heavy congestion detected - signal timing extended and reroute suggested
EVT436088,2025-05-26 08:12:27,Local Market Day,J040,City Market,5937,Weekday,False,Clear,False,0.0,False,False,0.862,Severe,11.4,68.5,537.2,0.216,0.5,0.926,Heavy congestion detected - signal timing extended and reroute suggested
EVT436089,2026-06-06 09:36:10,Local Market Day,J009,Majestic,5774,Weekend,False,Clear,False,0.0,False,False,0.827,Severe,16.3,56.1,326.5,0.163,0.378,0.949,Heavy congestion detected - signal timing extended and reroute suggested
EVT436090,2025-05-12 08:54:51,Local Market Day,J020,Malleshwaram Circle,3584,Weekday,False,Light Rain,True,3.3,False,False,1.0,Severe,8.7,66.7,456.0,0.172,0.397,0.854,Heavy rain reducing visibility and grip - reduced speed and longer buffer advised
EVT436091,2026-01-17 12:35:17,Trade Fair,J030,MG Road,13700,Weekend,False,Clear,False,0.0,False,False,0.323,Low,28.6,22.1,117.4,0.081,0.187,0.973,Moderate traffic flow - standard adaptive signal timing in effect
EVT436092,2025-11-12 17:28:51,Local Market Day,J012,Koramangala Sony World,4042,Weekday,False,Clear,False,0.0,False,False,0.841,Severe,18.7,64.1,224.3,0.163,0.378,0.951,Heavy congestion detected - signal timing extended and reroute suggested
EVT436093,2025-02-11 08:09:41,Sports Fixture,J011,Indiranagar 100ft Road,21200,Weekday,False,Clear,False,0.0,False,False,1.0,Severe,7.9,71.8,559.1,0.177,0.41,0.901,Heavy congestion detected - signal timing extended and reroute suggested
EVT436094,2025-03-28 17:30:59,Concert,J020,Malleshwaram Circle,9542,Weekday,False,Light Rain,True,4.3,False,False,0.996,Severe,9.0,71.6,569.1,0.217,0.502,0.862,Heavy rain reducing visibility and grip - reduced speed and longer buffer advised
EVT436095,2025-04-26 22:48:42,Concert,J040,City Market,7446,Weekend,False,Clear,False,0.0,False,False,0.244,Low,41.4,13.7,94.7,0.088,0.203,0.982,Normal free-flow traffic - standard signal timing maintained
EVT436096,2025-11-05 10:00:00,Political Rally,J020,Malleshwaram Circle,25644,Weekday,False,Heavy Rain,True,31.6,False,False,1.0,Severe,9.5,73.9,334.7,0.15,0.347,0.874,Heavy rain reducing visibility and grip - reduced speed and longer buffer advised
EVT436097,2026-03-21 18:41:16,Political Rally,J031,Cubbon Road,7768,Weekend,False,Clear,False,0.0,False,False,0.861,Severe,14.5,64.1,214.5,0.127,0.293,0.935,Heavy congestion detected - signal timing extended and reroute suggested
EVT436098,2025-08-22 10:00:12,Concert,J009,Majestic,12483,Weekday,False,Clear,False,0.0,False,False,0.903,Severe,12.8,65.9,245.3,0.123,0.285,0.957,Heavy congestion detected - signal timing extended and reroute suggested
EVT436099,2026-05-20 06:42:36,Sports Fixture,J040,City Market,30298,Weekday,False,Clear,False,0.0,False,False,0.461,Moderate,24.3,27.8,140.5,0.111,0.256,0.958,Moderate traffic flow - standard adaptive signal timing in effect
EVT436100,2026-02-02 15:04:58,Local Market Day,J040,City Market,4367,Weekday,False,Clear,False,0.0,False,False,0.244,Low,37.7,25.6,158.1,0.141,0.325,0.964,Normal free-flow traffic - standard signal timing maintained
EVT436101,2026-06-20 09:40:50,Local Market Day,J009,Majestic,3654,Weekend,False,Clear,False,0.0,False,False,0.796,Severe,12.8,59.9,371.5,0.174,0.402,0.951,Heavy congestion detected - signal timing extended and reroute suggested
EVT436102,2025-12-17 09:16:19,Local Market Day,J030,MG Road,2809,Weekday,False,Clear,False,0.0,False,False,1.0,Severe,7.6,72.8,623.1,0.199,0.46,0.932,Heavy congestion detected - signal timing extended and reroute suggested
EVT436103,2025-01-29 19:42:43,Sports Fixture,J020,Malleshwaram Circle,18708,Weekday,False,Clear,False,0.0,False,False,0.985,Severe,8.7,73.4,410.9,0.144,0.332,0.914,Heavy congestion detected - signal timing extended and reroute suggested
EVT436104,2025-03-29 19:10:33,Local Market Day,J011,Indiranagar 100ft Road,3669,Weekend,False,Clear,False,0.0,False,False,0.684,High,19.4,50.3,238.0,0.153,0.352,0.953,Moderate traffic flow - standard adaptive signal timing in effect
EVT436105,2025-06-16 00:29:51,Local Market Day,J023,Basavanagudi,5690,Weekday,False,Clear,False,0.0,False,False,0.176,Low,40.9,13.7,176.7,0.179,0.415,0.99,Normal free-flow traffic - standard signal timing maintained
EVT436106,2026-04-16 21:39:34,Trade Fair,J023,Basavanagudi,11126,Weekday,False,Clear,False,0.0,False,False,0.364,Moderate,24.0,22.5,141.5,0.104,0.239,0.981,Moderate traffic flow - standard adaptive signal timing in effect
EVT436107,2025-11-10 13:00:38,Trade Fair,J020,Malleshwaram Circle,8133,Weekday,False,Clear,False,0.0,False,False,0.218,Low,25.2,15.9,113.2,0.072,0.167,0.95,Normal free-flow traffic - standard signal timing maintained
EVT436108,2025-09-17 05:15:27,Concert,J030,MG Road,8784,Weekday,False,Clear,False,0.0,False,False,0.282,Low,27.8,21.7,200.2,0.125,0.288,0.979,Moderate traffic flow - standard adaptive signal timing in effect
EVT436109,2025-02-12 16:28:09,Sports Fixture,J009,Majestic,23043,Weekday,False,Clear,False,0.0,False,False,0.73,High,16.5,57.2,300.6,0.152,0.351,0.978,Moderate traffic flow - standard adaptive signal timing in effect
EVT436110,2025-04-07 15:02:39,Religious Festival,J031,Cubbon Road,36065,Weekday,True,Clear,False,0.0,False,True,0.883,High,14.5,87.9,264.4,0.157,0.362,0.861,Road closure for event/procession - full detour recommended for through-traffic
EVT436111,2025-05-06 17:32:54,Local Market Day,J012,Koramangala Sony World,4423,Weekday,False,Clear,False,0.0,False,False,0.843,Severe,13.7,54.8,262.9,0.097,0.224,0.935,Heavy congestion detected - signal timing extended and reroute suggested
EVT436112,2025-09-09 11:09:12,Concert,J009,Majestic,13182,Weekday,False,Heavy Rain,True,58.5,False,False,0.758,Severe,14.5,57.8,205.5,0.114,0.264,0.904,Heavy rain reducing visibility and grip - reduced speed and longer buffer advised
EVT436113,2025-07-05 08:56:14,Local Market Day,J030,MG Road,3237,Weekend,False,Rain,True,16.5,False,False,1.0,Severe,8.3,77.4,327.5,0.115,0.266,0.869,Heavy rain reducing visibility and grip - reduced speed and longer buffer advised
EVT436114,2025-03-04 07:29:43,Sports Fixture,J011,Indiranagar 100ft Road,24468,Weekday,False,Clear,False,0.0,False,False,0.698,High,17.9,44.0,314.3,0.177,0.408,0.99,Moderate traffic flow - standard adaptive signal timing in effect
EVT436115,2026-03-26 17:27:33,Religious Festival,J040,City Market,41754,Weekday,True,Clear,False,0.0,False,True,1.0,Severe,10.5,98.9,205.7,0.104,0.241,0.828,Road closure for event/procession - full detour recommended for through-traffic
EVT436116,2026-03-03 16:53:46,Trade Fair,J011,Indiranagar 100ft Road,13284,Weekday,False,Clear,False,0.0,False,False,0.724,High,14.5,57.0,205.6,0.103,0.239,0.96,Moderate traffic flow - standard adaptive signal timing in effect
EVT436117,2026-02-24 10:16:35,Trade Fair,J012,Koramangala Sony World,8282,Weekday,False,Clear,False,0.0,False,False,0.741,High,15.3,49.7,354.0,0.2,0.462,0.95,Moderate traffic flow - standard adaptive signal timing in effect
EVT436118,2025-07-17 07:16:24,Trade Fair,J012,Koramangala Sony World,9918,Weekday,False,Heavy Rain,True,47.5,False,False,0.958,Severe,7.7,74.3,719.0,0.245,0.565,0.851,Heavy rain reducing visibility and grip - reduced speed and longer buffer advised
EVT436119,2025-08-02 09:35:39,Sports Fixture,J031,Cubbon Road,24099,Weekend,False,Rain,True,23.9,False,False,1.0,Severe,7.4,68.4,584.6,0.181,0.418,0.85,Heavy rain reducing visibility and grip - reduced speed and longer buffer advised
EVT436120,2025-05-05 22:44:38,Sports Fixture,J030,MG Road,22168,Weekday,False,Clear,False,0.0,False,False,0.304,Low,33.6,26.8,101.6,0.095,0.221,0.962,Moderate traffic flow - standard adaptive signal timing in effect
EVT436121,2025-05-19 09:26:34,Local Market Day,J040,City Market,3446,Weekday,False,Rain,True,9.4,False,False,1.0,Severe,7.3,81.0,714.2,0.216,0.498,0.858,Heavy rain reducing visibility and grip - reduced speed and longer buffer advised
EVT436122,2025-12-12 11:40:25,Political Rally,J023,Basavanagudi,11652,Weekday,False,Clear,False,0.0,False,False,0.315,Low,36.4,19.0,71.8,0.076,0.175,0.98,Moderate traffic flow - standard adaptive signal timing in effect
EVT436123,2025-06-17 11:19:19,Local Market Day,J012,Koramangala Sony World,3022,Weekday,False,Clear,False,0.0,False,False,0.409,Moderate,27.1,33.2,207.1,0.163,0.377,0.981,Moderate traffic flow - standard adaptive signal timing in effect
EVT436124,2026-04-08 09:08:25,Local Market Day,J023,Basavanagudi,3650,Weekday,False,Clear,False,0.0,False,False,0.953,Severe,8.3,70.3,696.4,0.24,0.556,0.948,Heavy congestion detected - signal timing extended and reroute suggested
EVT436125,2025-04-18 15:59:35,Concert,J031,Cubbon Road,11347,Weekday,False,Clear,False,0.0,False,False,0.493,Moderate,20.5,40.6,152.4,0.107,0.247,0.931,Moderate traffic flow - standard adaptive signal timing in effect
EVT436126,2026-05-21 09:18:24,Local Market Day,J020,Malleshwaram Circle,5795,Weekday,False,Heavy Rain,True,31.6,False,False,1.0,Severe,8.8,74.5,622.8,0.246,0.568,0.859,Heavy rain reducing visibility and grip - reduced speed and longer buffer advised
EVT436127,2026-02-09 09:50:46,Local Market Day,J030,MG Road,3688,Weekday,False,Clear,False,0.0,False,False,0.917,Severe,11.8,64.6,482.2,0.216,0.498,0.947,Heavy congestion detected - signal timing extended and reroute suggested
EVT436128,2025-04-29 10:58:31,Local Market Day,J020,Malleshwaram Circle,3913,Weekday,False,Clear,False,0.0,False,False,0.49,Moderate,27.6,42.0,110.6,0.104,0.24,0.979,Moderate traffic flow - standard adaptive signal timing in effect
EVT436129,2025-06-24 11:42:43,Local Market Day,J023,Basavanagudi,3083,Weekday,False,Clear,False,0.0,False,False,0.292,Low,34.5,27.4,124.8,0.096,0.223,0.961,Moderate traffic flow - standard adaptive signal timing in effect
EVT436130,2025-05-08 10:19:07,Trade Fair,J020,Malleshwaram Circle,6561,Weekday,False,Clear,False,0.0,False,False,0.604,High,22.3,40.6,223.7,0.159,0.366,0.965,Moderate traffic flow - standard adaptive signal timing in effect
EVT436131,2025-02-05 17:47:49,Local Market Day,J040,City Market,3643,Weekday,False,Clear,False,0.0,False,False,0.947,Severe,7.6,68.1,753.7,0.239,0.551,0.916,Heavy congestion detected - signal timing extended and reroute suggested
EVT436132,2026-04-30 15:41:14,Trade Fair,J012,Koramangala Sony World,9022,Weekday,False,Clear,False,0.0,False,False,0.415,Moderate,30.6,29.6,162.7,0.127,0.293,0.958,Moderate traffic flow - standard adaptive signal timing in effect
EVT436133,2025-01-27 17:06:35,Religious Festival,J030,MG Road,34079,Weekday,True,Clear,False,0.0,False,False,1.0,Severe,7.8,67.2,302.7,0.123,0.283,0.861,Festival crowd surge detected - alternate route and extended cycle recommended
EVT436134,2025-12-05 08:02:27,Trade Fair,J023,Basavanagudi,5078,Weekday,False,Clear,False,0.0,False,False,0.856,Severe,11.0,60.8,331.4,0.146,0.338,0.951,Heavy congestion detected - signal timing extended and reroute suggested
EVT436135,2025-04-22 08:02:04,Sports Fixture,J030,MG Road,34931,Weekday,False,Clear,False,0.0,False,False,0.98,Severe,10.2,73.8,442.0,0.169,0.39,0.902,Heavy congestion detected - signal timing extended and reroute suggested
EVT436136,2025-01-29 07:11:31,Concert,J023,Basavanagudi,21734,Weekday,False,Clear,False,0.0,False,False,0.622,High,21.6,50.5,190.8,0.112,0.259,0.963,Moderate traffic flow - standard adaptive signal timing in effect
EVT436137,2026-06-24 16:23:55,Local Market Day,J023,Basavanagudi,3504,Weekday,False,Fog,False,0.0,False,False,0.471,Moderate,25.7,38.0,152.4,0.091,0.211,0.973,Moderate traffic flow - standard adaptive signal timing in effect
EVT436138,2026-02-05 10:52:59,Concert,J011,Indiranagar 100ft Road,25083,Weekday,False,Clear,False,0.0,False,False,0.586,High,20.4,42.2,317.2,0.207,0.479,0.968,Moderate traffic flow - standard adaptive signal timing in effect
EVT436139,2025-04-30 07:30:50,Political Rally,J040,City Market,12334,Weekday,False,Clear,False,0.0,False,False,0.668,High,16.2,52.0,319.4,0.174,0.402,0.953,Moderate traffic flow - standard adaptive signal timing in effect
EVT436140,2026-04-26 06:50:31,Concert,J011,Indiranagar 100ft Road,17607,Weekend,False,Clear,False,0.0,False,False,0.548,Moderate,26.2,38.0,110.8,0.083,0.193,0.961,Moderate traffic flow - standard adaptive signal timing in effect
EVT436141,2026-02-05 14:53:38,Trade Fair,J023,Basavanagudi,21872,Weekday,False,Clear,False,0.0,False,False,0.364,Moderate,26.2,25.2,83.9,0.046,0.107,0.964,Moderate traffic flow - standard adaptive signal timing in effect
EVT436142,2025-10-27 08:41:26,Sports Fixture,J011,Indiranagar 100ft Road,25535,Weekday,False,Clear,False,0.0,False,False,1.0,Severe,9.6,69.4,511.6,0.211,0.486,0.894,Heavy congestion detected - signal timing extended and reroute suggested
EVT436143,2026-03-17 14:48:10,Local Market Day,J023,Basavanagudi,6179,Weekday,False,Clear,False,0.0,False,False,0.3,Low,34.2,23.3,150.3,0.127,0.293,0.978,Moderate traffic flow - standard adaptive signal timing in effect
EVT436144,2025-05-03 14:07:43,Trade Fair,J011,Indiranagar 100ft Road,10734,Weekend,False,Clear,False,0.0,False,False,0.264,Low,23.1,17.2,238.2,0.148,0.341,0.975,Moderate traffic flow - standard adaptive signal timing in effect
EVT436145,2025-09-16 13:06:59,Concert,J009,Majestic,17299,Weekday,False,Clear,False,0.0,False,False,0.269,Low,31.3,15.9,169.0,0.151,0.348,0.985,Moderate traffic flow - standard adaptive signal timing in effect
EVT436146,2025-07-23 17:35:32,Concert,J040,City Market,17885,Weekday,False,Rain,True,20.0,False,False,1.0,Severe,9.4,76.8,191.5,0.094,0.218,0.862,Heavy rain reducing visibility and grip - reduced speed and longer buffer advised
EVT436147,2026-05-04 07:11:00,Trade Fair,J031,Cubbon Road,7391,Weekday,False,Clear,False,0.0,False,False,0.52,Moderate,20.1,43.9,258.3,0.146,0.337,0.962,Moderate traffic flow - standard adaptive signal timing in effect
EVT436148,2025-08-24 12:37:53,Trade Fair,J040,City Market,9324,Weekend,False,Clear,False,0.0,False,False,0.309,Low,24.1,25.4,164.6,0.125,0.289,0.961,Moderate traffic flow - standard adaptive signal timing in effect
EVT436149,2025-07-21 07:34:40,Concert,J030,MG Road,23189,Weekday,False,Clear,False,0.0,False,False,0.745,High,16.5,52.9,119.5,0.083,0.192,0.984,Moderate traffic flow - standard adaptive signal timing in effect
EVT436150,2025-03-19 10:10:53,Concert,J031,Cubbon Road,15576,Weekday,False,Clear,False,0.0,False,False,0.817,Severe,13.1,55.8,165.4,0.093,0.215,0.957,Heavy congestion detected - signal timing extended and reroute suggested
EVT436151,2026-02-15 07:06:03,Sports Fixture,J012,Koramangala Sony World,33709,Weekend,False,Clear,False,0.0,False,False,0.663,High,17.6,42.3,313.9,0.172,0.398,0.984,Moderate traffic flow - standard adaptive signal timing in effect
EVT436152,2026-05-15 17:48:22,Sports Fixture,J009,Majestic,19627,Weekday,False,Clear,False,0.0,False,False,1.0,Severe,9.3,66.7,566.5,0.2,0.461,0.897,Heavy congestion detected - signal timing extended and reroute suggested
EVT436153,2025-02-08 21:40:22,Concert,J020,Malleshwaram Circle,11469,Weekend,False,Clear,False,0.0,False,False,0.347,Low,29.3,27.5,183.1,0.149,0.344,0.955,Moderate traffic flow - standard adaptive signal timing in effect
EVT436154,2026-05-12 10:20:21,Local Market Day,J031,Cubbon Road,4067,Weekday,False,Rain,True,19.6,False,False,0.932,Severe,11.2,67.1,347.6,0.15,0.347,0.889,Heavy rain reducing visibility and grip - reduced speed and longer buffer advised
EVT436155,2025-03-07 16:11:57,Local Market Day,J040,City Market,3252,Weekday,False,Clear,False,0.0,False,False,0.525,Moderate,24.3,34.8,155.2,0.116,0.267,0.958,Moderate traffic flow - standard adaptive signal timing in effect
EVT436156,2025-08-19 22:02:58,Sports Fixture,J011,Indiranagar 100ft Road,15497,Weekday,False,Clear,False,0.0,False,False,0.379,Moderate,30.3,23.0,100.5,0.091,0.21,0.954,Moderate traffic flow - standard adaptive signal timing in effect
EVT436157,2026-05-06 15:20:09,Concert,J020,Malleshwaram Circle,7889,Weekday,False,Clear,False,0.0,False,False,0.344,Low,18.3,25.7,243.1,0.12,0.277,0.975,Moderate traffic flow - standard adaptive signal timing in effect
EVT436158,2025-03-02 19:04:37,Sports Fixture,J030,MG Road,16096,Weekend,False,Clear,False,0.0,False,False,0.982,Severe,8.6,64.8,500.5,0.154,0.356,0.921,Heavy congestion detected - signal timing extended and reroute suggested
EVT436159,2025-01-17 22:42:22,Concert,J023,Basavanagudi,11213,Weekday,False,Clear,False,0.0,False,False,0.301,Low,31.6,22.9,151.8,0.144,0.333,0.956,Moderate traffic flow - standard adaptive signal timing in effect
EVT436160,2025-11-30 08:15:01,Local Market Day,J012,Koramangala Sony World,3635,Weekend,False,Clear,False,0.0,False,False,0.826,Severe,10.8,56.2,217.6,0.097,0.224,0.99,Heavy congestion detected - signal timing extended and reroute suggested
EVT436161,2025-08-24 13:33:01,Sports Fixture,J009,Majestic,22759,Weekend,False,Heavy Rain,True,53.1,False,False,0.649,High,29.8,49.4,187.9,0.152,0.352,0.898,Heavy rain reducing visibility and grip - reduced speed and longer buffer advised
EVT436162,2025-01-27 10:28:35,Religious Festival,J030,MG Road,26754,Weekday,True,Clear,False,0.0,False,False,1.0,Severe,7.3,71.7,795.0,0.236,0.544,0.871,Festival crowd surge detected - alternate route and extended cycle recommended
EVT436163,2025-12-21 09:20:28,Sports Fixture,J030,MG Road,22559,Weekend,False,Clear,False,0.0,False,False,1.0,Severe,8.6,71.0,786.2,0.269,0.621,0.914,Heavy congestion detected - signal timing extended and reroute suggested
EVT436164,2025-03-13 09:13:46,Concert,J012,Koramangala Sony World,29739,Weekday,False,Clear,False,0.0,False,False,1.0,Severe,7.8,73.2,349.0,0.124,0.287,0.923,Heavy congestion detected - signal timing extended and reroute suggested
EVT436165,2025-04-28 08:52:28,Local Market Day,J011,Indiranagar 100ft Road,5331,Weekday,False,Clear,False,0.0,False,False,1.0,Severe,9.4,70.4,470.5,0.198,0.457,0.898,Heavy congestion detected - signal timing extended and reroute suggested
EVT436166,2026-01-14 11:04:55,Religious Festival,J009,Majestic,45308,Weekday,True,Clear,False,0.0,False,True,1.0,Severe,7.1,101.1,669.6,0.218,0.503,0.851,Road closure for event/procession - full detour recommended for through-traffic
EVT436167,2025-09-24 08:34:05,Trade Fair,J012,Koramangala Sony World,7899,Weekday,False,Rain,True,9.9,False,False,1.0,Severe,6.8,74.2,524.9,0.164,0.38,0.859,Heavy rain reducing visibility and grip - reduced speed and longer buffer advised
EVT436168,2025-06-14 20:50:09,Local Market Day,J009,Majestic,8483,Weekend,False,Heavy Rain,True,27.6,False,False,0.823,Severe,11.6,56.0,552.0,0.214,0.493,0.898,Heavy rain reducing visibility and grip - reduced speed and longer buffer advised
EVT436169,2025-10-23 07:44:33,Concert,J030,MG Road,13813,Weekday,False,Rain,True,16.1,False,False,1.0,Severe,9.2,66.3,234.2,0.112,0.259,0.891,Heavy rain reducing visibility and grip - reduced speed and longer buffer advised
EVT436170,2026-01-31 14:49:17,Sports Fixture,J030,MG Road,22766,Weekend,False,Clear,False,0.0,False,False,0.414,Moderate,31.8,27.6,101.3,0.078,0.179,0.955,Moderate traffic flow - standard adaptive signal timing in effect
EVT436171,2026-06-09 09:36:09,Local Market Day,J031,Cubbon Road,3227,Weekday,False,Clear,False,0.0,False,False,0.882,Severe,11.8,63.4,323.3,0.146,0.337,0.934,Heavy congestion detected - signal timing extended and reroute suggested
EVT436172,2026-03-04 16:07:37,Religious Festival,J031,Cubbon Road,23354,Weekday,True,Clear,False,0.0,False,False,0.72,High,21.9,47.3,256.7,0.183,0.422,0.889,Festival crowd surge detected - alternate route and extended cycle recommended
EVT436173,2025-08-14 16:03:45,Local Market Day,J031,Cubbon Road,2856,Weekday,False,Clear,False,0.0,False,False,0.37,Moderate,31.4,26.0,247.6,0.209,0.482,0.986,Moderate traffic flow - standard adaptive signal timing in effect
EVT436174,2026-05-21 22:39:23,Trade Fair,J030,MG Road,14745,Weekday,False,Rain,True,9.6,False,False,0.323,Low,37.0,18.8,176.1,0.187,0.433,0.889,Light rain detected - minor speed reduction advised
EVT436175,2025-09-23 20:53:48,Trade Fair,J011,Indiranagar 100ft Road,11863,Weekday,False,Clear,False,0.0,False,False,0.406,Moderate,27.5,32.8,187.2,0.143,0.33,0.984,Moderate traffic flow - standard adaptive signal timing in effect
EVT436176,2026-04-01 19:57:36,Local Market Day,J009,Majestic,2350,Weekday,False,Clear,False,0.0,False,False,0.662,High,21.2,49.3,176.8,0.116,0.269,0.951,Moderate traffic flow - standard adaptive signal timing in effect
EVT436177,2025-04-01 07:14:21,Concert,J009,Majestic,7938,Weekday,False,Clear,False,0.0,False,False,0.508,Moderate,21.5,39.9,228.2,0.148,0.343,0.951,Moderate traffic flow - standard adaptive signal timing in effect
EVT436178,2025-02-07 13:31:25,Concert,J009,Majestic,18402,Weekday,False,Clear,False,0.0,False,False,0.194,Low,35.2,20.9,115.6,0.108,0.25,0.958,Normal free-flow traffic - standard signal timing maintained
EVT436179,2026-06-22 20:53:41,Trade Fair,J020,Malleshwaram Circle,7723,Weekday,False,Clear,False,0.0,False,False,0.447,Moderate,25.4,29.3,157.7,0.126,0.291,0.984,Moderate traffic flow - standard adaptive signal timing in effect
EVT436180,2026-02-04 17:12:56,Sports Fixture,J009,Majestic,22496,Weekday,False,Clear,False,0.0,False,False,0.896,Severe,13.2,62.6,377.9,0.181,0.417,0.946,Heavy congestion detected - signal timing extended and reroute suggested
EVT436181,2025-10-04 14:04:04,Concert,J040,City Market,10630,Weekend,False,Clear,False,0.0,False,False,0.333,Low,23.6,24.8,214.4,0.142,0.328,0.973,Moderate traffic flow - standard adaptive signal timing in effect
EVT436182,2026-03-10 23:59:15,Political Rally,J012,Koramangala Sony World,13522,Weekday,False,Clear,False,0.0,False,False,0.182,Low,36.3,18.0,69.6,0.053,0.122,0.95,Normal free-flow traffic - standard signal timing maintained
EVT436183,2025-03-23 04:02:39,Concert,J011,Indiranagar 100ft Road,16106,Weekend,False,Clear,False,0.0,False,False,0.34,Low,24.2,23.8,131.7,0.085,0.196,0.961,Moderate traffic flow - standard adaptive signal timing in effect
EVT436184,2026-04-10 17:21:46,Sports Fixture,J009,Majestic,19667,Weekday,False,Fog,False,0.0,False,False,0.957,Severe,10.5,69.3,492.0,0.221,0.51,0.919,Heavy congestion detected - signal timing extended and reroute suggested
EVT436185,2025-11-17 00:49:22,Local Market Day,J009,Majestic,3035,Weekday,False,Clear,False,0.0,False,False,0.169,Low,27.8,11.0,201.6,0.154,0.355,0.952,Normal free-flow traffic - standard signal timing maintained
EVT436186,2026-01-31 16:44:42,Sports Fixture,J031,Cubbon Road,24992,Weekend,False,Clear,False,0.0,False,False,0.697,High,21.8,53.2,255.3,0.164,0.379,0.971,Moderate traffic flow - standard adaptive signal timing in effect
EVT436187,2025-02-19 10:39:46,Trade Fair,J009,Majestic,11189,Weekday,False,Clear,False,0.0,False,False,0.601,High,20.4,42.3,181.5,0.131,0.302,0.964,Moderate traffic flow - standard adaptive signal timing in effect
EVT436188,2026-05-11 06:54:20,Concert,J030,MG Road,9061,Weekday,False,Heavy Rain,True,28.9,False,False,0.737,High,21.3,52.9,149.4,0.102,0.237,0.919,Heavy rain reducing visibility and grip - reduced speed and longer buffer advised
EVT436189,2025-07-01 14:55:13,Local Market Day,J020,Malleshwaram Circle,3274,Weekday,False,Clear,False,0.0,False,False,0.202,Low,29.7,14.3,78.5,0.057,0.132,0.974,Normal free-flow traffic - standard signal timing maintained
EVT436190,2026-03-14 19:54:37,Local Market Day,J020,Malleshwaram Circle,4609,Weekend,False,Clear,False,0.0,False,False,0.744,High,18.7,53.9,165.3,0.109,0.251,0.975,Moderate traffic flow - standard adaptive signal timing in effect
EVT436191,2025-03-16 17:54:19,Trade Fair,J030,MG Road,13200,Weekend,False,Clear,False,0.0,False,False,0.829,Severe,13.4,57.5,493.1,0.246,0.569,0.957,Heavy congestion detected - signal timing extended and reroute suggested
EVT436192,2025-09-25 06:33:24,Local Market Day,J040,City Market,2446,Weekday,False,Rain,True,8.0,False,False,0.441,Moderate,23.9,32.5,303.9,0.223,0.514,0.929,Light rain detected - minor speed reduction advised
EVT436193,2026-03-01 22:58:23,Sports Fixture,J012,Koramangala Sony World,22219,Weekend,False,Clear,False,0.0,False,False,0.354,Moderate,27.4,19.5,61.0,0.053,0.123,0.982,Moderate traffic flow - standard adaptive signal timing in effect
EVT436194,2026-05-15 20:33:20,Concert,J031,Cubbon Road,8365,Weekday,False,Clear,False,0.0,False,False,0.571,High,19.5,33.7,238.1,0.147,0.341,0.971,Moderate traffic flow - standard adaptive signal timing in effect
EVT436195,2025-10-07 12:57:32,Local Market Day,J012,Koramangala Sony World,6327,Weekday,False,Clear,False,0.0,False,False,0.234,Low,32.8,18.2,59.8,0.044,0.102,0.976,Normal free-flow traffic - standard signal timing maintained
EVT436196,2025-01-03 14:21:32,Concert,J030,MG Road,25541,Weekday,False,Clear,False,0.0,False,False,0.327,Low,27.5,19.5,145.5,0.088,0.203,0.969,Moderate traffic flow - standard adaptive signal timing in effect
EVT436197,2026-03-14 05:20:32,Trade Fair,J020,Malleshwaram Circle,11403,Weekend,False,Clear,False,0.0,False,False,0.268,Low,28.3,20.7,60.2,0.043,0.1,0.952,Moderate traffic flow - standard adaptive signal timing in effect
EVT436198,2025-06-22 14:47:49,Concert,J023,Basavanagudi,6747,Weekend,False,Clear,False,0.0,False,False,0.311,Low,28.8,29.6,131.4,0.097,0.224,0.98,Moderate traffic flow - standard adaptive signal timing in effect
EVT436199,2025-06-03 09:36:06,Local Market Day,J023,Basavanagudi,3647,Weekday,False,Clear,False,0.0,False,False,0.973,Severe,9.6,73.1,331.9,0.134,0.31,0.946,Heavy congestion detected - signal timing extended and reroute suggested
EVT436200,2025-08-15 20:14:46,Religious Festival,J012,Koramangala Sony World,67496,Weekday,True,Clear,False,0.0,False,True,1.0,Severe,7.5,100.0,634.2,0.216,0.5,0.85,Road closure for event/procession - full detour recommended for through-traffic
EVT436201,2025-02-12 09:49:12,Sports Fixture,J031,Cubbon Road,34281,Weekday,False,Light Rain,True,1.7,False,False,1.0,Severe,7.5,70.9,860.5,0.258,0.595,0.852,Heavy rain reducing visibility and grip - reduced speed and longer buffer advised
EVT436202,2025-09-18 22:14:32,Political Rally,J009,Majestic,12415,Weekday,False,Clear,False,0.0,False,False,0.195,Low,32.7,18.9,145.0,0.116,0.267,0.971,Normal free-flow traffic - standard signal timing maintained
EVT436203,2025-10-19 09:14:07,Sports Fixture,J023,Basavanagudi,23374,Weekend,False,Clear,False,0.0,False,False,0.992,Severe,7.4,71.8,698.0,0.224,0.518,0.926,Heavy congestion detected - signal timing extended and reroute suggested
EVT436204,2025-07-05 18:09:25,Local Market Day,J031,Cubbon Road,3356,Weekend,False,Heavy Rain,True,44.3,False,False,1.0,Severe,9.1,70.9,643.2,0.246,0.567,0.869,Heavy rain reducing visibility and grip - reduced speed and longer buffer advised
EVT436205,2025-11-16 19:51:00,Political Rally,J040,City Market,19084,Weekend,False,Clear,False,0.0,False,False,0.769,Severe,16.4,58.5,120.7,0.068,0.157,0.954,Heavy congestion detected - signal timing extended and reroute suggested
EVT436206,2026-01-30 09:09:26,Sports Fixture,J009,Majestic,37147,Weekday,False,Clear,False,0.0,False,False,1.0,Severe,7.3,71.7,899.6,0.269,0.62,0.899,Heavy congestion detected - signal timing extended and reroute suggested
EVT436207,2026-05-16 13:29:43,Sports Fixture,J023,Basavanagudi,15623,Weekend,False,Clear,False,0.0,False,False,0.302,Low,23.1,22.5,137.7,0.106,0.244,0.96,Moderate traffic flow - standard adaptive signal timing in effect
EVT436208,2026-02-02 14:32:40,Trade Fair,J020,Malleshwaram Circle,7573,Weekday,False,Clear,False,0.0,False,False,0.255,Low,33.3,15.9,109.7,0.092,0.212,0.973,Moderate traffic flow - standard adaptive signal timing in effect
EVT436209,2025-03-02 08:23:39,Political Rally,J012,Koramangala Sony World,15312,Weekend,False,Clear,False,0.0,False,False,0.836,Severe,14.8,54.8,370.2,0.199,0.461,0.951,Heavy congestion detected - signal timing extended and reroute suggested
EVT436210,2026-05-29 11:51:18,Local Market Day,J020,Malleshwaram Circle,3478,Weekday,False,Clear,False,0.0,False,False,0.209,Low,27.3,19.6,112.7,0.089,0.205,0.98,Normal free-flow traffic - standard signal timing maintained
EVT436211,2026-05-16 12:25:10,Local Market Day,J023,Basavanagudi,7800,Weekend,False,Clear,False,0.0,False,False,0.329,Low,33.3,26.3,125.3,0.103,0.238,0.935,Moderate traffic flow - standard adaptive signal timing in effect
EVT436212,2026-06-25 20:05:49,Sports Fixture,J040,City Market,65185,Weekday,False,Clear,False,0.0,False,False,1.0,Severe,8.0,70.2,361.1,0.121,0.279,0.911,Heavy congestion detected - signal timing extended and reroute suggested
EVT436213,2025-04-14 08:16:46,Religious Festival,J011,Indiranagar 100ft Road,42018,Weekday,True,Clear,False,0.0,False,False,1.0,Severe,7.9,61.2,665.1,0.218,0.503,0.865,Festival crowd surge detected - alternate route and extended cycle recommended
EVT436214,2025-11-15 13:26:43,Political Rally,J012,Koramangala Sony World,13742,Weekend,False,Clear,False,0.0,False,False,0.386,Moderate,32.6,25.7,166.3,0.129,0.298,0.942,Moderate traffic flow - standard adaptive signal timing in effect
EVT436215,2026-01-14 00:40:34,Cultural Procession,J031,Cubbon Road,23265,Weekday,True,Clear,False,0.0,False,True,0.665,Moderate,23.9,67.9,164.9,0.12,0.277,0.872,Road closure for event/procession - full detour recommended for through-traffic
EVT436216,2026-03-22 18:18:16,Sports Fixture,J011,Indiranagar 100ft Road,19541,Weekend,False,Clear,False,0.0,False,False,0.954,Severe,9.7,69.9,754.6,0.286,0.661,0.936,Heavy congestion detected - signal timing extended and reroute suggested
EVT436217,2026-04-10 06:12:53,Local Market Day,J031,Cubbon Road,6601,Weekday,False,Rain,True,20.5,False,False,0.425,Moderate,24.4,30.9,256.5,0.171,0.395,0.922,Light rain detected - minor speed reduction advised
EVT436218,2025-07-02 11:36:40,Sports Fixture,J031,Cubbon Road,28218,Weekday,False,Heavy Rain,True,30.0,False,False,0.671,High,16.2,43.8,162.4,0.096,0.221,0.884,Heavy rain reducing visibility and grip - reduced speed and longer buffer advised
EVT436219,2026-03-07 15:59:46,Sports Fixture,J023,Basavanagudi,35206,Weekend,False,Clear,False,0.0,False,False,0.635,High,17.5,46.2,286.0,0.165,0.381,0.94,Moderate traffic flow - standard adaptive signal timing in effect
EVT436220,2025-01-04 17:27:04,Sports Fixture,J011,Indiranagar 100ft Road,22052,Weekend,False,Clear,False,0.0,False,False,0.834,Severe,11.1,58.7,359.1,0.174,0.401,0.949,Heavy congestion detected - signal timing extended and reroute suggested
EVT436221,2026-03-14 18:34:48,Local Market Day,J023,Basavanagudi,4597,Weekend,False,Rain,True,7.9,False,False,0.908,Severe,11.5,66.9,494.9,0.223,0.515,0.851,Heavy rain reducing visibility and grip - reduced speed and longer buffer advised
EVT436222,2025-12-07 08:24:51,Political Rally,J023,Basavanagudi,24884,Weekend,False,Clear,False,0.0,False,False,0.962,Severe,8.5,69.8,538.3,0.198,0.458,0.92,Heavy congestion detected - signal timing extended and reroute suggested
EVT436223,2026-01-20 17:01:45,Sports Fixture,J030,MG Road,23747,Weekday,False,Clear,False,0.0,False,False,0.797,Severe,13.0,54.9,436.7,0.196,0.453,0.955,Heavy congestion detected - signal timing extended and reroute suggested
EVT436224,2025-10-08 08:46:02,Local Market Day,J012,Koramangala Sony World,5298,Weekday,False,Clear,False,0.0,False,False,1.0,Severe,7.1,70.0,759.2,0.223,0.516,0.888,Heavy congestion detected - signal timing extended and reroute suggested
EVT436225,2025-12-30 14:26:38,Concert,J009,Majestic,19204,Weekday,False,Clear,False,0.0,False,False,0.269,Low,32.1,25.6,121.6,0.095,0.218,0.958,Moderate traffic flow - standard adaptive signal timing in effect
EVT436226,2025-12-30 15:03:15,Concert,J012,Koramangala Sony World,12160,Weekday,False,Clear,False,0.0,False,False,0.256,Low,27.3,17.0,164.9,0.127,0.294,0.979,Moderate traffic flow - standard adaptive signal timing in effect
EVT436227,2025-07-24 17:47:20,Trade Fair,J023,Basavanagudi,7504,Weekday,False,Clear,False,0.0,False,False,0.935,Severe,11.2,62.8,512.7,0.251,0.581,0.943,Heavy congestion detected - signal timing extended and reroute suggested
EVT436228,2025-09-26 15:57:50,Trade Fair,J011,Indiranagar 100ft Road,11110,Weekday,False,Rain,True,24.7,False,False,0.735,High,16.6,54.5,385.6,0.214,0.494,0.912,Heavy rain reducing visibility and grip - reduced speed and longer buffer advised
EVT436229,2026-04-13 20:06:56,Sports Fixture,J011,Indiranagar 100ft Road,20077,Weekday,False,Clear,False,0.0,False,False,0.832,Severe,18.0,56.0,231.2,0.139,0.322,0.954,Heavy congestion detected - signal timing extended and reroute suggested
EVT436230,2025-10-05 14:12:17,Sports Fixture,J012,Koramangala Sony World,22501,Weekend,False,Clear,False,0.0,False,False,0.295,Low,31.8,25.7,101.3,0.084,0.194,0.99,Moderate traffic flow - standard adaptive signal timing in effect
EVT436231,2025-08-01 08:10:42,Sports Fixture,J020,Malleshwaram Circle,36032,Weekday,False,Clear,False,0.0,False,False,1.0,Severe,7.1,66.3,487.5,0.136,0.315,0.941,Heavy congestion detected - signal timing extended and reroute suggested
EVT436232,2025-07-11 13:00:50,Concert,J023,Basavanagudi,9533,Weekday,False,Clear,False,0.0,False,False,0.225,Low,38.7,20.6,161.1,0.15,0.347,0.98,Normal free-flow traffic - standard signal timing maintained
EVT436233,2026-05-17 06:46:15,Sports Fixture,J020,Malleshwaram Circle,13275,Weekend,False,Light Rain,True,1.1,False,False,0.465,Moderate,20.3,31.1,231.8,0.154,0.356,0.92,Light rain detected - minor speed reduction advised
EVT436234,2025-06-21 07:17:11,Local Market Day,J012,Koramangala Sony World,3969,Weekend,False,Rain,True,13.7,False,False,0.565,High,27.0,47.3,114.2,0.07,0.161,0.915,Heavy rain reducing visibility and grip - reduced speed and longer buffer advised
EVT436235,2026-03-19 06:01:45,Fireworks Display,J040,City Market,27646,Weekday,True,Clear,False,0.0,False,False,0.524,Moderate,28.9,38.9,150.4,0.121,0.281,0.916,Festival crowd surge detected - alternate route and extended cycle recommended
EVT436236,2026-01-06 05:02:49,Trade Fair,J030,MG Road,6761,Weekday,False,Clear,False,0.0,False,False,0.189,Low,33.6,19.2,124.6,0.09,0.209,0.977,Normal free-flow traffic - standard signal timing maintained
EVT436237,2025-10-22 13:06:44,Religious Festival,J030,MG Road,28133,Weekday,True,Clear,False,0.0,False,False,0.539,Moderate,23.7,36.8,271.2,0.182,0.421,0.923,Festival crowd surge detected - alternate route and extended cycle recommended
EVT436238,2025-10-14 13:26:24,Sports Fixture,J009,Majestic,29059,Weekday,False,Clear,False,0.0,False,False,0.286,Low,31.8,24.0,221.4,0.195,0.451,0.953,Moderate traffic flow - standard adaptive signal timing in effect
EVT436239,2026-05-13 18:05:06,Sports Fixture,J009,Majestic,25666,Weekday,False,Clear,False,0.0,False,False,1.0,Severe,7.6,70.6,359.8,0.12,0.276,0.938,Heavy congestion detected - signal timing extended and reroute suggested
EVT436240,2026-04-19 05:36:19,Local Market Day,J031,Cubbon Road,5795,Weekend,False,Clear,False,0.0,False,False,0.31,Low,25.2,24.5,139.0,0.09,0.207,0.974,Moderate traffic flow - standard adaptive signal timing in effect
EVT436241,2025-01-31 12:22:59,Concert,J009,Majestic,17804,Weekday,False,Clear,False,0.0,False,False,0.407,Moderate,24.0,30.4,146.9,0.101,0.234,0.961,Moderate traffic flow - standard adaptive signal timing in effect
EVT436242,2026-03-03 08:51:48,Local Market Day,J009,Majestic,3236,Weekday,False,Clear,False,0.0,False,False,1.0,Severe,9.6,77.0,679.5,0.26,0.6,0.924,Heavy congestion detected - signal timing extended and reroute suggested
EVT436243,2025-09-02 06:33:02,Local Market Day,J040,City Market,4140,Weekday,False,Clear,False,0.0,False,False,0.379,Moderate,25.5,24.9,306.2,0.216,0.498,0.988,Moderate traffic flow - standard adaptive signal timing in effect
EVT436244,2025-04-30 08:17:48,Local Market Day,J020,Malleshwaram Circle,5492,Weekday,False,Clear,False,0.0,False,False,0.857,Severe,12.7,63.4,314.0,0.158,0.364,0.933,Heavy congestion detected - signal timing extended and reroute suggested
EVT436245,2025-09-04 18:03:28,Sports Fixture,J009,Majestic,20600,Weekday,False,Heavy Rain,True,32.6,False,False,1.0,Severe,7.0,74.2,522.1,0.157,0.362,0.866,Heavy rain reducing visibility and grip - reduced speed and longer buffer advised
EVT436246,2025-07-23 21:25:47,Concert,J011,Indiranagar 100ft Road,15237,Weekday,False,Rain,True,16.5,False,False,0.582,High,23.4,45.7,116.0,0.08,0.186,0.93,Heavy rain reducing visibility and grip - reduced speed and longer buffer advised
EVT436247,2025-12-19 14:55:27,Concert,J012,Koramangala Sony World,9918,Weekday,False,Clear,False,0.0,False,False,0.28,Low,34.6,23.0,144.2,0.15,0.346,0.926,Moderate traffic flow - standard adaptive signal timing in effect
EVT436248,2025-08-01 16:33:36,Political Rally,J011,Indiranagar 100ft Road,8607,Weekday,False,Clear,False,0.0,False,False,0.585,High,18.7,41.4,352.9,0.2,0.461,0.959,Moderate traffic flow - standard adaptive signal timing in effect
EVT436249,2026-04-01 06:26:51,Concert,J031,Cubbon Road,8529,Weekday,False,Clear,False,0.0,False,False,0.286,Low,23.7,14.2,107.9,0.088,0.204,0.979,Moderate traffic flow - standard adaptive signal timing in effect
EVT436250,2025-08-23 17:00:59,Political Rally,J023,Basavanagudi,24013,Weekend,False,Rain,True,15.5,False,False,0.895,Severe,12.8,68.9,421.9,0.207,0.479,0.862,Heavy rain reducing visibility and grip - reduced speed and longer buffer advised
EVT436251,2025-11-17 18:35:10,Trade Fair,J023,Basavanagudi,6031,Weekday,False,Clear,False,0.0,False,False,1.0,Severe,8.0,70.4,629.4,0.206,0.475,0.933,Heavy congestion detected - signal timing extended and reroute suggested
EVT436252,2025-01-28 10:14:19,Concert,J020,Malleshwaram Circle,10353,Weekday,False,Clear,False,0.0,False,False,0.743,High,17.6,55.9,277.7,0.187,0.432,0.949,Moderate traffic flow - standard adaptive signal timing in effect
EVT436253,2025-07-15 15:47:41,Political Rally,J030,MG Road,19638,Weekday,False,Rain,True,20.4,False,False,0.69,High,16.3,48.3,232.4,0.126,0.291,0.953,Heavy rain reducing visibility and grip - reduced speed and longer buffer advised
EVT436254,2025-01-04 08:09:57,Trade Fair,J009,Majestic,14003,Weekend,False,Clear,False,0.0,False,False,0.819,Severe,14.7,60.9,301.7,0.161,0.373,0.966,Heavy congestion detected - signal timing extended and reroute suggested
EVT436255,2026-02-26 08:45:39,Concert,J009,Majestic,14803,Weekday,False,Clear,False,0.0,False,False,1.0,Severe,9.0,70.6,782.5,0.275,0.636,0.898,Heavy congestion detected - signal timing extended and reroute suggested
EVT436256,2025-07-17 19:22:56,Trade Fair,J040,City Market,13529,Weekday,False,Clear,False,0.0,False,False,0.983,Severe,6.4,77.6,1022.8,0.268,0.619,0.911,Heavy congestion detected - signal timing extended and reroute suggested
EVT436257,2025-02-17 19:25:08,Political Rally,J023,Basavanagudi,8947,Weekday,False,Clear,False,0.0,False,False,0.97,Severe,10.2,74.3,545.5,0.228,0.527,0.907,Heavy congestion detected - signal timing extended and reroute suggested
EVT436258,2025-04-20 14:21:49,Local Market Day,J020,Malleshwaram Circle,5248,Weekend,False,Clear,False,0.0,False,False,0.34,Low,28.4,23.2,200.2,0.167,0.386,0.964,Moderate traffic flow - standard adaptive signal timing in effect
EVT436259,2025-07-10 15:27:29,Sports Fixture,J023,Basavanagudi,25650,Weekday,False,Rain,True,9.7,False,False,0.56,High,25.8,39.9,297.9,0.242,0.559,0.936,Heavy rain reducing visibility and grip - reduced speed and longer buffer advised
EVT436260,2025-07-28 21:30:18,Local Market Day,J031,Cubbon Road,3263,Weekday,False,Clear,False,0.0,False,False,0.348,Low,29.0,22.3,133.0,0.097,0.224,0.972,Moderate traffic flow - standard adaptive signal timing in effect
EVT436261,2025-06-06 17:53:54,Local Market Day,J020,Malleshwaram Circle,3257,Weekday,False,Heavy Rain,True,42.1,False,False,1.0,Severe,9.5,70.5,639.5,0.219,0.505,0.861,Heavy rain reducing visibility and grip - reduced speed and longer buffer advised
EVT436262,2025-05-02 14:57:02,Cultural Procession,J020,Malleshwaram Circle,15534,Weekday,True,Clear,False,0.0,False,True,0.654,Moderate,16.0,62.2,407.5,0.235,0.543,0.862,Road closure for event/procession - full detour recommended for through-traffic
EVT436263,2025-02-14 14:25:48,Local Market Day,J012,Koramangala Sony World,3351,Weekday,False,Clear,False,0.0,False,False,0.167,Low,38.1,9.2,82.1,0.082,0.19,0.975,Normal free-flow traffic - standard signal timing maintained
EVT436264,2025-06-15 06:30:43,Concert,J023,Basavanagudi,7513,Weekend,False,Clear,False,0.0,False,False,0.367,Moderate,21.1,27.1,243.8,0.14,0.323,0.974,Moderate traffic flow - standard adaptive signal timing in effect
EVT436265,2025-08-26 09:43:53,Political Rally,J012,Koramangala Sony World,16348,Weekday,False,Clear,False,0.0,False,False,1.0,Severe,7.6,76.7,536.0,0.176,0.407,0.913,Heavy congestion detected - signal timing extended and reroute suggested
EVT436266,2025-08-02 08:23:05,Trade Fair,J030,MG Road,4135,Weekend,False,Heavy Rain,True,87.1,False,False,1.0,Severe,9.0,67.1,599.9,0.218,0.503,0.868,Heavy rain reducing visibility and grip - reduced speed and longer buffer advised
EVT436267,2025-08-31 23:06:54,Concert,J031,Cubbon Road,9184,Weekend,False,Rain,True,16.8,False,False,0.549,Moderate,20.0,42.3,301.8,0.198,0.457,0.902,Light rain detected - minor speed reduction advised
EVT436268,2025-06-10 10:25:56,Sports Fixture,J009,Majestic,26494,Weekday,False,Clear,False,0.0,False,False,0.76,Severe,15.2,51.9,242.0,0.135,0.311,0.958,Heavy congestion detected - signal timing extended and reroute suggested
EVT436269,2025-10-20 10:05:23,Religious Festival,J040,City Market,52678,Weekday,True,Light Rain,True,3.8,False,True,1.0,Severe,6.1,116.4,1349.4,0.346,0.799,0.768,Road closure for event/procession - full detour recommended for through-traffic
EVT436270,2026-01-13 18:48:22,Concert,J030,MG Road,28398,Weekday,False,Clear,False,0.0,False,False,1.0,Severe,7.3,69.3,873.0,0.243,0.561,0.903,Heavy congestion detected - signal timing extended and reroute suggested
EVT436271,2025-08-12 15:53:12,Concert,J012,Koramangala Sony World,13190,Weekday,False,Clear,False,0.0,False,False,0.456,Moderate,24.6,31.3,127.7,0.084,0.195,0.983,Moderate traffic flow - standard adaptive signal timing in effect
EVT436272,2025-01-29 09:11:26,Sports Fixture,J011,Indiranagar 100ft Road,17504,Weekday,False,Clear,False,0.0,False,False,1.0,Severe,8.0,67.5,843.0,0.266,0.615,0.923,Heavy congestion detected - signal timing extended and reroute suggested
EVT436273,2025-11-28 10:02:32,Concert,J011,Indiranagar 100ft Road,10222,Weekday,False,Clear,False,0.0,False,False,0.79,Severe,13.2,62.0,446.9,0.208,0.48,0.945,Heavy congestion detected - signal timing extended and reroute suggested
EVT436274,2025-10-08 06:31:28,Sports Fixture,J040,City Market,20318,Weekday,False,Rain,True,7.9,False,False,0.52,Moderate,25.1,36.6,137.2,0.099,0.229,0.907,Light rain detected - minor speed reduction advised
EVT436275,2025-10-18 08:26:50,Local Market Day,J023,Basavanagudi,4719,Weekend,False,Clear,False,0.0,False,False,0.876,Severe,11.6,65.6,470.4,0.193,0.447,0.941,Heavy congestion detected - signal timing extended and reroute suggested
EVT436276,2025-10-13 11:00:21,Trade Fair,J023,Basavanagudi,11195,Weekday,False,Clear,False,0.0,False,False,0.527,Moderate,22.9,35.6,146.2,0.104,0.241,0.967,Moderate traffic flow - standard adaptive signal timing in effect
EVT436277,2025-11-28 18:22:53,Local Market Day,J040,City Market,2582,Weekday,False,Clear,False,0.0,False,False,0.945,Severe,10.4,72.3,488.8,0.204,0.472,0.92,Heavy congestion detected - signal timing extended and reroute suggested
EVT436278,2025-01-17 13:55:26,Trade Fair,J020,Malleshwaram Circle,11018,Weekday,False,Clear,False,0.0,False,False,0.154,Low,25.7,19.1,148.3,0.097,0.224,0.958,Normal free-flow traffic - standard signal timing maintained
EVT436279,2026-02-13 08:33:57,Local Market Day,J030,MG Road,3043,Weekday,False,Clear,False,0.0,False,False,0.996,Severe,7.6,68.6,789.4,0.241,0.556,0.886,Heavy congestion detected - signal timing extended and reroute suggested
EVT436280,2025-06-01 14:14:39,Local Market Day,J020,Malleshwaram Circle,2869,Weekend,False,Clear,False,0.0,False,False,0.237,Low,37.6,19.8,144.4,0.144,0.332,0.961,Normal free-flow traffic - standard signal timing maintained
EVT436281,2025-12-19 17:39:59,Sports Fixture,J023,Basavanagudi,17550,Weekday,False,Clear,False,0.0,False,False,1.0,Severe,8.1,71.6,263.7,0.083,0.191,0.885,Heavy congestion detected - signal timing extended and reroute suggested
EVT436282,2025-09-09 16:07:46,Sports Fixture,J020,Malleshwaram Circle,25551,Weekday,False,Rain,True,19.9,False,False,0.81,Severe,15.2,59.3,251.4,0.139,0.32,0.911,Heavy rain reducing visibility and grip - reduced speed and longer buffer advised
EVT436283,2026-05-02 12:46:15,Fireworks Display,J009,Majestic,32353,Weekend,True,Clear,False,0.0,False,False,0.708,High,19.1,45.7,222.7,0.144,0.332,0.912,Festival crowd surge detected - alternate route and extended cycle recommended
EVT436284,2026-04-18 10:38:37,Concert,J030,MG Road,11535,Weekend,False,Light Rain,True,1.5,False,False,0.641,High,22.7,53.0,122.4,0.095,0.22,0.919,Heavy rain reducing visibility and grip - reduced speed and longer buffer advised
EVT436285,2026-06-27 20:53:15,Local Market Day,J040,City Market,3199,Weekend,False,Clear,False,0.0,False,False,0.488,Moderate,29.4,31.0,228.3,0.191,0.44,0.98,Moderate traffic flow - standard adaptive signal timing in effect
EVT436286,2025-07-22 07:16:22,Local Market Day,J012,Koramangala Sony World,3620,Weekday,False,Clear,False,0.0,False,False,0.461,Moderate,26.3,37.1,149.4,0.107,0.248,0.961,Moderate traffic flow - standard adaptive signal timing in effect
EVT436287,2025-11-08 17:34:03,Local Market Day,J011,Indiranagar 100ft Road,1992,Weekend,False,Clear,False,0.0,False,False,0.816,Severe,12.6,59.8,184.0,0.07,0.162,0.918,Heavy congestion detected - signal timing extended and reroute suggested
EVT436288,2025-03-03 13:29:53,Concert,J023,Basavanagudi,7050,Weekday,False,Clear,False,0.0,False,False,0.195,Low,34.9,16.8,137.7,0.125,0.288,0.972,Normal free-flow traffic - standard signal timing maintained
EVT436289,2025-09-05 22:36:22,Cultural Procession,J040,City Market,16659,Weekday,True,Clear,False,0.0,False,False,0.524,Moderate,24.9,37.5,117.2,0.078,0.181,0.895,Festival crowd surge detected - alternate route and extended cycle recommended
EVT436290,2025-07-16 21:47:41,Sports Fixture,J020,Malleshwaram Circle,22999,Weekday,False,Heavy Rain,True,37.1,False,False,0.807,Severe,11.9,52.0,280.1,0.129,0.299,0.92,Heavy rain reducing visibility and grip - reduced speed and longer buffer advised
EVT436291,2025-12-30 07:13:01,Sports Fixture,J040,City Market,27060,Weekday,False,Clear,False,0.0,False,False,0.615,High,20.0,38.6,231.4,0.123,0.284,0.971,Moderate traffic flow - standard adaptive signal timing in effect
EVT436292,2025-11-08 13:40:09,Local Market Day,J023,Basavanagudi,3026,Weekend,False,Clear,False,0.0,False,False,0.265,Low,34.3,20.4,178.4,0.176,0.406,0.968,Moderate traffic flow - standard adaptive signal timing in effect
EVT436293,2025-10-11 09:15:46,Sports Fixture,J040,City Market,14947,Weekend,False,Clear,False,0.0,False,False,0.866,Severe,12.2,59.7,409.4,0.19,0.438,0.97,Heavy congestion detected - signal timing extended and reroute suggested
EVT436294,2025-02-13 17:30:28,Local Market Day,J020,Malleshwaram Circle,2646,Weekday,False,Clear,False,0.0,False,False,0.85,Severe,12.8,59.7,203.3,0.099,0.228,0.941,Heavy congestion detected - signal timing extended and reroute suggested
EVT436295,2026-02-27 12:19:41,Political Rally,J030,MG Road,24411,Weekday,False,Clear,False,0.0,False,False,0.407,Moderate,21.2,28.3,194.9,0.109,0.252,0.964,Moderate traffic flow - standard adaptive signal timing in effect
EVT436296,2026-04-30 05:27:45,Trade Fair,J031,Cubbon Road,5972,Weekday,False,Rain,True,8.9,False,False,0.348,Low,27.8,26.2,153.6,0.128,0.296,0.93,Light rain detected - minor speed reduction advised
EVT436297,2025-05-07 15:16:44,Local Market Day,J020,Malleshwaram Circle,3465,Weekday,False,Clear,False,0.0,False,False,0.277,Low,32.4,19.1,138.4,0.112,0.258,0.948,Moderate traffic flow - standard adaptive signal timing in effect
EVT436298,2025-02-15 09:31:57,Sports Fixture,J020,Malleshwaram Circle,18385,Weekend,False,Clear,False,0.0,False,False,0.979,Severe,8.4,69.9,952.3,0.34,0.786,0.934,Heavy congestion detected - signal timing extended and reroute suggested
EVT436299,2025-03-30 19:01:40,Religious Festival,J012,Koramangala Sony World,45325,Weekend,True,Clear,False,0.0,False,True,1.0,Severe,9.4,94.4,476.9,0.206,0.477,0.841,Road closure for event/procession - full detour recommended for through-traffic
EVT436300,2025-06-02 10:10:44,Sports Fixture,J020,Malleshwaram Circle,15484,Weekday,False,Clear,False,0.0,False,False,0.842,Severe,13.8,61.5,556.5,0.261,0.603,0.951,Heavy congestion detected - signal timing extended and reroute suggested
EVT436301,2025-08-26 20:25:58,Local Market Day,J009,Majestic,5050,Weekday,False,Fog,False,0.0,False,False,0.517,Moderate,22.2,38.6,265.7,0.191,0.442,0.978,Moderate traffic flow - standard adaptive signal timing in effect
EVT436302,2026-05-11 06:24:02,Concert,J023,Basavanagudi,16316,Weekday,False,Clear,False,0.0,False,False,0.322,Low,27.2,15.9,150.5,0.124,0.287,0.95,Moderate traffic flow - standard adaptive signal timing in effect
EVT436303,2025-12-18 19:16:33,Concert,J012,Koramangala Sony World,14958,Weekday,False,Clear,False,0.0,False,False,0.975,Severe,8.3,67.7,712.0,0.223,0.515,0.91,Heavy congestion detected - signal timing extended and reroute suggested
EVT436304,2025-11-22 12:23:24,Sports Fixture,J009,Majestic,23731,Weekend,False,Clear,False,0.0,False,False,0.361,Moderate,23.1,28.7,76.7,0.059,0.135,0.977,Moderate traffic flow - standard adaptive signal timing in effect
EVT436305,2026-06-04 13:27:28,Concert,J031,Cubbon Road,31689,Weekday,False,Clear,False,0.0,False,False,0.339,Low,29.4,25.2,164.7,0.125,0.29,0.963,Moderate traffic flow - standard adaptive signal timing in effect
EVT436306,2026-05-14 05:14:37,Local Market Day,J011,Indiranagar 100ft Road,6470,Weekday,False,Clear,False,0.0,False,False,0.264,Low,24.6,11.6,227.8,0.15,0.347,0.93,Moderate traffic flow - standard adaptive signal timing in effect
EVT436307,2025-12-08 14:54:09,Concert,J040,City Market,9057,Weekday,False,Clear,False,0.0,False,False,0.304,Low,36.7,22.7,149.3,0.142,0.329,0.976,Moderate traffic flow - standard adaptive signal timing in effect
EVT436308,2025-03-20 18:24:54,Political Rally,J011,Indiranagar 100ft Road,17066,Weekday,False,Rain,True,10.4,False,False,1.0,Severe,9.6,67.9,402.1,0.167,0.386,0.849,Heavy rain reducing visibility and grip - reduced speed and longer buffer advised
EVT436309,2025-08-07 09:26:44,Local Market Day,J031,Cubbon Road,5878,Weekday,False,Clear,False,0.0,False,False,0.96,Severe,10.1,66.8,223.4,0.102,0.237,0.918,Heavy congestion detected - signal timing extended and reroute suggested
EVT436310,2025-09-29 09:58:54,Concert,J011,Indiranagar 100ft Road,7841,Weekday,False,Heavy Rain,True,56.5,False,False,1.0,Severe,9.3,73.3,460.0,0.175,0.405,0.88,Heavy rain reducing visibility and grip - reduced speed and longer buffer advised
EVT436311,2025-03-07 18:41:49,Local Market Day,J030,MG Road,5045,Weekday,False,Clear,False,0.0,False,False,1.0,Severe,8.3,75.6,628.7,0.216,0.5,0.907,Heavy congestion detected - signal timing extended and reroute suggested
EVT436312,2025-12-18 05:22:06,Sports Fixture,J031,Cubbon Road,32407,Weekday,False,Clear,False,0.0,False,False,0.423,Moderate,25.0,29.2,73.2,0.049,0.114,0.974,Moderate traffic flow - standard adaptive signal timing in effect
EVT436313,2026-01-20 14:27:47,Sports Fixture,J031,Cubbon Road,27292,Weekday,False,Clear,False,0.0,False,False,0.286,Low,32.1,19.6,201.9,0.172,0.398,0.975,Moderate traffic flow - standard adaptive signal timing in effect
EVT436314,2025-12-22 14:13:52,Local Market Day,J030,MG Road,3703,Weekday,False,Clear,False,0.0,False,False,0.219,Low,30.3,18.1,120.7,0.115,0.266,0.962,Normal free-flow traffic - standard signal timing maintained
EVT436315,2026-01-21 17:08:50,Political Rally,J011,Indiranagar 100ft Road,18586,Weekday,False,Clear,False,0.0,False,False,0.902,Severe,13.9,65.7,558.8,0.292,0.674,0.946,Heavy congestion detected - signal timing extended and reroute suggested
EVT436316,2026-04-25 15:50:32,Sports Fixture,J023,Basavanagudi,18891,Weekend,False,Clear,False,0.0,False,False,0.544,Moderate,22.7,42.4,319.4,0.236,0.546,0.98,Moderate traffic flow - standard adaptive signal timing in effect
EVT436317,2025-06-13 10:59:30,Sports Fixture,J011,Indiranagar 100ft Road,15356,Weekday,False,Rain,True,15.1,False,False,0.63,High,17.4,41.4,211.9,0.116,0.267,0.935,Heavy rain reducing visibility and grip - reduced speed and longer buffer advised
EVT436318,2025-03-19 08:51:44,Concert,J009,Majestic,11330,Weekday,False,Clear,False,0.0,False,False,1.0,Severe,8.5,62.9,340.3,0.114,0.264,0.908,Heavy congestion detected - signal timing extended and reroute suggested
EVT436319,2025-08-15 18:35:14,Religious Festival,J011,Indiranagar 100ft Road,35973,Weekday,True,Clear,False,0.0,False,True,1.0,Severe,10.4,100.1,510.1,0.224,0.518,0.798,Road closure for event/procession - full detour recommended for through-traffic
EVT436320,2025-08-06 09:25:27,Political Rally,J012,Koramangala Sony World,29566,Weekday,False,Rain,True,19.6,False,False,1.0,Severe,8.8,68.7,399.4,0.146,0.338,0.86,Heavy rain reducing visibility and grip - reduced speed and longer buffer advised
EVT436321,2025-11-11 09:36:39,Local Market Day,J012,Koramangala Sony World,2909,Weekday,False,Clear,False,0.0,False,False,0.857,Severe,9.6,59.8,611.5,0.216,0.5,0.936,Heavy congestion detected - signal timing extended and reroute suggested
EVT436322,2026-05-31 08:36:15,Sports Fixture,J030,MG Road,20290,Weekend,False,Clear,False,0.0,False,False,0.886,Severe,11.7,63.3,434.3,0.183,0.423,0.95,Heavy congestion detected - signal timing extended and reroute suggested
EVT436323,2025-03-02 09:57:10,Concert,J023,Basavanagudi,10257,Weekend,False,Clear,False,0.0,False,False,0.81,Severe,10.5,55.9,632.7,0.234,0.54,0.964,Heavy congestion detected - signal timing extended and reroute suggested
EVT436324,2026-02-27 05:27:19,Local Market Day,J009,Majestic,4146,Weekday,False,Clear,False,0.0,True,False,0.55,Moderate,25.2,39.1,203.3,0.165,0.381,0.805,Accident detected nearby - reroute and reduced speed advised
EVT436325,2025-03-10 03:03:14,Local Market Day,J012,Koramangala Sony World,3909,Weekday,False,Clear,False,0.0,False,False,0.167,Low,33.2,16.3,248.1,0.201,0.464,0.968,Normal free-flow traffic - standard signal timing maintained
EVT436326,2025-11-16 17:13:15,Local Market Day,J040,City Market,5824,Weekend,False,Clear,False,0.0,False,False,0.687,High,19.1,51.2,257.5,0.166,0.383,0.97,Moderate traffic flow - standard adaptive signal timing in effect
EVT436327,2026-06-17 20:42:51,Trade Fair,J012,Koramangala Sony World,8410,Weekday,False,Heavy Rain,True,38.3,False,False,0.806,Severe,17.4,58.7,334.7,0.226,0.521,0.893,Heavy rain reducing visibility and grip - reduced speed and longer buffer advised
EVT436328,2025-02-11 16:03:01,Concert,J020,Malleshwaram Circle,14492,Weekday,False,Fog,False,0.0,False,False,0.638,High,18.5,46.8,280.9,0.164,0.378,0.958,Moderate traffic flow - standard adaptive signal timing in effect
EVT436329,2025-08-30 08:23:43,Sports Fixture,J031,Cubbon Road,19708,Weekend,False,Clear,False,0.0,False,False,0.902,Severe,8.0,70.2,348.3,0.114,0.264,0.928,Heavy congestion detected - signal timing extended and reroute suggested
EVT436330,2026-04-29 11:50:56,Local Market Day,J020,Malleshwaram Circle,4607,Weekday,False,Rain,True,8.3,True,False,0.713,High,14.9,49.2,226.5,0.122,0.282,0.729,Accident detected nearby - reroute and reduced speed advised
EVT436331,2026-03-29 09:17:33,Sports Fixture,J020,Malleshwaram Circle,29196,Weekend,False,Clear,False,0.0,False,False,1.0,Severe,8.8,69.4,638.8,0.227,0.525,0.901,Heavy congestion detected - signal timing extended and reroute suggested
EVT436332,2025-04-17 17:02:13,Local Market Day,J011,Indiranagar 100ft Road,3390,Weekday,False,Clear,False,0.0,False,False,0.665,High,21.3,44.7,148.8,0.103,0.237,0.954,Moderate traffic flow - standard adaptive signal timing in effect
EVT436333,2026-06-22 10:48:14,Concert,J020,Malleshwaram Circle,11371,Weekday,False,Rain,True,14.5,False,False,0.713,High,19.3,50.9,355.5,0.239,0.551,0.915,Heavy rain reducing visibility and grip - reduced speed and longer buffer advised
EVT436334,2026-01-27 22:42:43,Religious Festival,J040,City Market,58208,Weekday,True,Clear,False,0.0,False,True,0.847,High,13.2,89.6,577.1,0.294,0.678,0.883,Road closure for event/procession - full detour recommended for through-traffic
EVT436335,2026-01-04 11:32:18,Local Market Day,J023,Basavanagudi,3921,Weekend,False,Clear,False,0.0,False,False,0.267,Low,33.0,23.7,105.0,0.102,0.235,0.938,Moderate traffic flow - standard adaptive signal timing in effect
EVT436336,2025-11-23 19:49:19,Concert,J009,Majestic,9176,Weekend,False,Clear,False,0.0,False,False,0.657,High,18.8,47.9,347.1,0.203,0.469,0.957,Moderate traffic flow - standard adaptive signal timing in effect
EVT436337,2025-10-04 12:12:27,Trade Fair,J031,Cubbon Road,6801,Weekend,False,Clear,False,0.0,False,False,0.31,Low,24.0,23.7,195.8,0.107,0.247,0.99,Moderate traffic flow - standard adaptive signal timing in effect
EVT436338,2025-01-07 21:52:26,Local Market Day,J012,Koramangala Sony World,4270,Weekday,False,Clear,False,0.0,False,False,0.232,Low,39.7,15.5,104.7,0.103,0.239,0.963,Normal free-flow traffic - standard signal timing maintained
EVT436339,2026-05-18 09:27:17,Local Market Day,J030,MG Road,3220,Weekday,False,Clear,False,0.0,False,False,0.987,Severe,9.4,68.0,446.0,0.159,0.367,0.905,Heavy congestion detected - signal timing extended and reroute suggested
EVT436340,2026-06-27 19:03:29,Sports Fixture,J011,Indiranagar 100ft Road,22641,Weekend,False,Heavy Rain,True,28.4,False,False,1.0,Severe,6.9,71.8,490.8,0.158,0.366,0.86,Heavy rain reducing visibility and grip - reduced speed and longer buffer advised
EVT436341,2025-06-23 17:50:32,Local Market Day,J030,MG Road,2049,Weekday,False,Light Rain,True,5.3,False,False,1.0,Severe,9.1,66.4,372.4,0.136,0.315,0.868,Heavy rain reducing visibility and grip - reduced speed and longer buffer advised
EVT436342,2025-08-21 17:48:12,Political Rally,J040,City Market,12677,Weekday,False,Clear,False,0.0,False,False,1.0,Severe,8.5,70.5,373.3,0.151,0.349,0.929,Heavy congestion detected - signal timing extended and reroute suggested
EVT436343,2025-11-03 18:37:27,Trade Fair,J023,Basavanagudi,9674,Weekday,False,Clear,False,0.0,False,False,0.997,Severe,9.5,73.3,747.5,0.266,0.615,0.924,Heavy congestion detected - signal timing extended and reroute suggested
EVT436344,2025-08-22 20:22:22,Local Market Day,J011,Indiranagar 100ft Road,6109,Weekday,False,Light Rain,True,2.2,False,False,0.752,Severe,21.8,57.4,279.6,0.204,0.471,0.912,Heavy rain reducing visibility and grip - reduced speed and longer buffer advised
EVT436345,2025-09-16 17:15:42,Concert,J011,Indiranagar 100ft Road,17402,Weekday,False,Heavy Rain,True,58.1,False,False,1.0,Severe,9.2,75.9,333.0,0.135,0.311,0.846,Heavy rain reducing visibility and grip - reduced speed and longer buffer advised
EVT436346,2025-10-06 22:23:11,Concert,J023,Basavanagudi,14894,Weekday,False,Clear,False,0.0,False,False,0.289,Low,27.8,21.5,217.3,0.146,0.338,0.962,Moderate traffic flow - standard adaptive signal timing in effect
EVT436347,2025-08-09 08:50:15,Political Rally,J040,City Market,30478,Weekend,False,Clear,False,0.0,False,False,1.0,Severe,7.8,69.6,415.6,0.148,0.341,0.881,Heavy congestion detected - signal timing extended and reroute suggested
EVT436348,2026-01-24 20:01:55,Local Market Day,J040,City Market,3943,Weekend,False,Clear,False,0.0,False,False,0.595,High,18.8,36.9,214.0,0.11,0.255,0.949,Moderate traffic flow - standard adaptive signal timing in effect
EVT436349,2026-03-09 09:43:19,Sports Fixture,J020,Malleshwaram Circle,16952,Weekday,False,Clear,False,0.0,False,False,0.924,Severe,12.8,71.1,440.5,0.22,0.508,0.925,Heavy congestion detected - signal timing extended and reroute suggested
EVT436350,2025-04-26 22:27:42,Local Market Day,J012,Koramangala Sony World,7367,Weekend,False,Clear,False,0.0,False,False,0.321,Low,33.9,22.5,96.5,0.096,0.222,0.961,Moderate traffic flow - standard adaptive signal timing in effect
EVT436351,2025-11-25 09:52:37,Local Market Day,J012,Koramangala Sony World,5088,Weekday,False,Fog,False,0.0,False,False,0.896,Severe,11.6,65.9,392.4,0.166,0.383,0.954,Heavy congestion detected - signal timing extended and reroute suggested
EVT436352,2025-06-19 12:39:17,Local Market Day,J030,MG Road,2904,Weekday,False,Heavy Rain,True,32.3,False,False,0.5,Moderate,25.3,32.6,140.3,0.09,0.208,0.912,Light rain detected - minor speed reduction advised
EVT436353,2025-03-25 09:08:14,Sports Fixture,J031,Cubbon Road,15096,Weekday,False,Clear,False,0.0,False,False,1.0,Severe,7.7,73.1,469.4,0.145,0.335,0.937,Heavy congestion detected - signal timing extended and reroute suggested
EVT436354,2025-03-12 09:22:56,Trade Fair,J030,MG Road,6289,Weekday,False,Clear,False,0.0,False,False,0.964,Severe,10.0,76.6,392.3,0.176,0.406,0.93,Heavy congestion detected - signal timing extended and reroute suggested
EVT436355,2026-06-08 15:59:53,Trade Fair,J023,Basavanagudi,15755,Weekday,False,Clear,False,0.0,False,False,0.486,Moderate,25.0,41.2,175.4,0.127,0.294,0.959,Moderate traffic flow - standard adaptive signal timing in effect
EVT436356,2025-11-14 20:24:39,Local Market Day,J012,Koramangala Sony World,3738,Weekday,False,Clear,False,0.0,False,False,0.704,High,21.3,48.4,155.6,0.103,0.238,0.958,Moderate traffic flow - standard adaptive signal timing in effect
EVT436357,2025-07-28 08:56:26,Local Market Day,J009,Majestic,6108,Weekday,False,Clear,False,0.0,False,False,0.991,Severe,9.4,70.2,363.2,0.143,0.331,0.941,Heavy congestion detected - signal timing extended and reroute suggested
EVT436358,2026-01-22 19:03:05,Political Rally,J011,Indiranagar 100ft Road,18704,Weekday,False,Clear,False,0.0,False,False,1.0,Severe,7.2,72.6,685.1,0.224,0.517,0.913,Heavy congestion detected - signal timing extended and reroute suggested
EVT436359,2025-02-02 17:59:19,Local Market Day,J031,Cubbon Road,5030,Weekend,False,Fog,False,0.0,False,False,0.779,Severe,11.8,56.1,183.5,0.083,0.191,0.959,Heavy congestion detected - signal timing extended and reroute suggested
EVT436360,2026-02-08 13:56:23,Trade Fair,J023,Basavanagudi,7857,Weekend,False,Fog,False,0.0,False,False,0.239,Low,28.7,8.8,109.3,0.105,0.243,0.954,Normal free-flow traffic - standard signal timing maintained
EVT436361,2025-06-29 19:17:18,Local Market Day,J009,Majestic,4537,Weekend,False,Light Rain,True,5.3,False,False,0.899,Severe,10.8,65.6,424.5,0.192,0.444,0.87,Heavy rain reducing visibility and grip - reduced speed and longer buffer advised
EVT436362,2026-01-25 11:52:43,Sports Fixture,J023,Basavanagudi,35059,Weekend,False,Clear,False,0.0,False,False,0.504,Moderate,31.0,33.2,174.9,0.169,0.391,0.959,Moderate traffic flow - standard adaptive signal timing in effect
EVT436363,2025-06-07 07:12:26,Local Market Day,J040,City Market,4535,Weekend,False,Clear,False,0.0,False,False,0.475,Moderate,32.0,33.3,206.8,0.187,0.431,0.951,Moderate traffic flow - standard adaptive signal timing in effect
EVT436364,2025-12-12 11:35:14,Sports Fixture,J023,Basavanagudi,27391,Weekday,False,Clear,False,0.0,False,False,0.386,Moderate,39.7,24.4,124.8,0.127,0.293,0.986,Moderate traffic flow - standard adaptive signal timing in effect
EVT436365,2025-02-16 09:44:39,Concert,J009,Majestic,10537,Weekend,False,Clear,False,0.0,False,False,0.806,Severe,16.7,59.2,252.4,0.128,0.295,0.952,Heavy congestion detected - signal timing extended and reroute suggested
EVT436366,2025-10-20 09:25:54,Religious Festival,J040,City Market,24118,Weekday,True,Clear,False,0.0,False,False,1.0,Severe,8.5,71.9,418.1,0.161,0.371,0.875,Festival crowd surge detected - alternate route and extended cycle recommended
EVT436367,2025-11-05 08:51:11,Political Rally,J023,Basavanagudi,26823,Weekday,False,Light Rain,True,6.1,True,False,1.0,Severe,9.0,71.8,550.8,0.21,0.485,0.693,Accident detected nearby - reroute and reduced speed advised
EVT436368,2025-08-04 22:06:54,Local Market Day,J031,Cubbon Road,4774,Weekday,False,Fog,False,0.0,False,False,0.188,Low,29.3,12.5,68.4,0.054,0.125,0.957,Normal free-flow traffic - standard signal timing maintained
EVT436369,2025-12-08 10:42:57,Trade Fair,J020,Malleshwaram Circle,11817,Weekday,False,Clear,False,0.0,False,False,0.679,High,19.0,51.0,339.9,0.231,0.535,0.968,Moderate traffic flow - standard adaptive signal timing in effect
EVT436370,2025-05-29 19:08:20,Local Market Day,J020,Malleshwaram Circle,5322,Weekday,False,Clear,False,0.0,False,False,0.974,Severe,9.6,65.6,465.6,0.165,0.38,0.915,Heavy congestion detected - signal timing extended and reroute suggested
EVT436371,2025-06-27 20:16:26,Concert,J023,Basavanagudi,7663,Weekday,False,Clear,False,0.0,False,False,0.678,High,22.9,49.7,212.1,0.145,0.334,0.951,Moderate traffic flow - standard adaptive signal timing in effect
EVT436372,2025-11-09 12:35:46,Local Market Day,J009,Majestic,4930,Weekend,False,Clear,False,0.0,False,False,0.259,Low,35.1,23.8,118.3,0.094,0.217,0.99,Moderate traffic flow - standard adaptive signal timing in effect
EVT436373,2026-04-29 10:45:52,Local Market Day,J012,Koramangala Sony World,3259,Weekday,False,Clear,False,0.0,False,False,0.513,Moderate,19.7,34.3,232.2,0.114,0.263,0.966,Moderate traffic flow - standard adaptive signal timing in effect
EVT436374,2026-01-03 19:30:05,Concert,J040,City Market,13681,Weekend,False,Clear,False,0.0,False,False,0.904,Severe,9.3,65.1,456.9,0.174,0.401,0.908,Heavy congestion detected - signal timing extended and reroute suggested
EVT436375,2025-07-13 10:21:45,Concert,J030,MG Road,8572,Weekend,False,Clear,False,0.0,False,False,0.638,High,19.9,47.7,261.5,0.17,0.393,0.968,Moderate traffic flow - standard adaptive signal timing in effect
EVT436376,2025-05-10 09:35:59,Sports Fixture,J011,Indiranagar 100ft Road,17474,Weekend,False,Light Rain,True,5.8,False,False,1.0,Severe,7.7,72.3,528.8,0.176,0.407,0.885,Heavy rain reducing visibility and grip - reduced speed and longer buffer advised
EVT436377,2025-07-26 08:04:49,Sports Fixture,J030,MG Road,13510,Weekend,False,Heavy Rain,True,34.6,False,False,1.0,Severe,8.0,70.0,554.4,0.183,0.423,0.88,Heavy rain reducing visibility and grip - reduced speed and longer buffer advised
EVT436378,2025-04-26 09:03:39,Sports Fixture,J040,City Market,25020,Weekend,False,Clear,False,0.0,False,False,1.0,Severe,6.6,69.9,759.9,0.242,0.559,0.93,Heavy congestion detected - signal timing extended and reroute suggested
EVT436379,2025-09-27 15:14:58,Sports Fixture,J031,Cubbon Road,16702,Weekend,False,Rain,True,19.1,False,False,0.666,High,22.2,46.9,168.3,0.111,0.256,0.905,Heavy rain reducing visibility and grip - reduced speed and longer buffer advised
EVT436380,2025-12-16 06:49:44,Local Market Day,J012,Koramangala Sony World,2660,Weekday,False,Fog,False,0.0,False,False,0.398,Moderate,26.1,23.7,72.4,0.053,0.122,0.988,Moderate traffic flow - standard adaptive signal timing in effect
EVT436381,2025-01-05 19:14:19,Concert,J012,Koramangala Sony World,9769,Weekend,False,Clear,False,0.0,False,False,0.826,Severe,12.9,61.8,383.7,0.179,0.414,0.958,Heavy congestion detected - signal timing extended and reroute suggested
EVT436382,2025-02-19 12:46:42,Concert,J009,Majestic,14497,Weekday,False,Clear,False,0.0,False,False,0.169,Low,33.7,9.6,123.1,0.114,0.264,0.973,Normal free-flow traffic - standard signal timing maintained
EVT436383,2026-04-29 14:33:53,Sports Fixture,J023,Basavanagudi,19152,Weekday,False,Clear,False,0.0,False,False,0.285,Low,35.9,17.1,75.0,0.061,0.14,0.97,Moderate traffic flow - standard adaptive signal timing in effect
EVT436384,2026-05-26 09:20:14,Sports Fixture,J030,MG Road,10208,Weekday,False,Clear,False,0.0,False,False,1.0,Severe,8.3,66.2,849.2,0.264,0.61,0.919,Heavy congestion detected - signal timing extended and reroute suggested
EVT436385,2025-12-22 14:44:55,Concert,J040,City Market,7808,Weekday,False,Clear,False,0.0,False,False,0.207,Low,38.7,8.6,148.2,0.138,0.319,0.961,Normal free-flow traffic - standard signal timing maintained
EVT436386,2025-08-01 21:07:44,Trade Fair,J011,Indiranagar 100ft Road,5850,Weekday,False,Fog,False,0.0,False,False,0.369,Moderate,23.1,22.9,216.6,0.146,0.338,0.959,Moderate traffic flow - standard adaptive signal timing in effect
EVT436387,2026-01-20 19:42:03,Concert,J011,Indiranagar 100ft Road,23297,Weekday,False,Clear,False,0.0,False,False,0.914,Severe,9.6,63.6,487.0,0.171,0.394,0.948,Heavy congestion detected - signal timing extended and reroute suggested
EVT436388,2026-05-03 09:48:07,Concert,J031,Cubbon Road,6185,Weekend,False,Fog,False,0.0,False,False,0.865,Severe,14.7,63.7,342.8,0.188,0.433,0.938,Heavy congestion detected - signal timing extended and reroute suggested
EVT436389,2025-01-25 17:08:59,Local Market Day,J012,Koramangala Sony World,4453,Weekend,False,Fog,False,0.0,False,False,0.61,High,22.4,45.9,184.2,0.135,0.311,0.947,Moderate traffic flow - standard adaptive signal timing in effect
EVT436390,2026-05-02 06:16:04,Religious Festival,J040,City Market,60154,Weekend,True,Clear,False,0.0,False,False,0.902,Severe,12.1,64.3,284.3,0.122,0.281,0.873,Festival crowd surge detected - alternate route and extended cycle recommended
EVT436391,2026-05-21 20:05:49,Local Market Day,J020,Malleshwaram Circle,2512,Weekday,False,Clear,False,0.0,False,False,0.725,High,16.6,59.2,202.3,0.128,0.296,0.99,Moderate traffic flow - standard adaptive signal timing in effect
EVT436392,2026-05-28 08:42:57,Sports Fixture,J023,Basavanagudi,15003,Weekday,False,Clear,False,0.0,False,False,1.0,Severe,7.1,71.9,620.6,0.188,0.435,0.923,Heavy congestion detected - signal timing extended and reroute suggested
EVT436393,2025-01-18 19:24:37,Sports Fixture,J011,Indiranagar 100ft Road,17758,Weekend,False,Clear,False,0.0,False,False,0.818,Severe,12.6,63.0,226.5,0.12,0.278,0.948,Heavy congestion detected - signal timing extended and reroute suggested
EVT436394,2025-08-14 18:42:10,Sports Fixture,J012,Koramangala Sony World,25191,Weekday,False,Rain,True,23.4,False,False,1.0,Severe,6.8,66.3,1054.3,0.301,0.695,0.861,Heavy rain reducing visibility and grip - reduced speed and longer buffer advised
EVT436395,2025-05-30 15:38:26,Concert,J031,Cubbon Road,16498,Weekday,False,Clear,False,0.0,False,False,0.363,Moderate,28.9,25.3,242.4,0.165,0.38,0.957,Moderate traffic flow - standard adaptive signal timing in effect
EVT436396,2025-07-18 18:32:41,Trade Fair,J011,Indiranagar 100ft Road,15390,Weekday,False,Clear,False,0.0,False,False,1.0,Severe,8.3,76.8,569.1,0.208,0.482,0.922,Heavy congestion detected - signal timing extended and reroute suggested
EVT436397,2025-06-25 16:17:59,Trade Fair,J009,Majestic,5479,Weekday,False,Heavy Rain,True,39.0,False,False,0.869,Severe,12.9,66.1,342.5,0.17,0.392,0.884,Heavy rain reducing visibility and grip - reduced speed and longer buffer advised
EVT436398,2026-02-23 18:18:43,Local Market Day,J012,Koramangala Sony World,2331,Weekday,False,Clear,False,0.0,False,False,1.0,Severe,10.7,71.6,580.6,0.261,0.604,0.922,Heavy congestion detected - signal timing extended and reroute suggested
EVT436399,2025-07-16 18:04:52,Local Market Day,J020,Malleshwaram Circle,5087,Weekday,False,Heavy Rain,True,27.3,False,False,1.0,Severe,8.2,71.9,432.2,0.156,0.36,0.87,Heavy rain reducing visibility and grip - reduced speed and longer buffer advised
EVT436400,2025-05-08 07:28:05,Concert,J030,MG Road,14239,Weekday,False,Rain,True,18.5,False,False,0.877,Severe,12.0,63.1,367.9,0.161,0.372,0.886,Heavy rain reducing visibility and grip - reduced speed and longer buffer advised
EVT436401,2026-06-17 15:41:19,Concert,J009,Majestic,10228,Weekday,False,Clear,False,0.0,False,False,0.378,Moderate,32.7,29.3,136.6,0.113,0.261,0.99,Moderate traffic flow - standard adaptive signal timing in effect
EVT436402,2025-09-30 00:46:12,Sports Fixture,J011,Indiranagar 100ft Road,18276,Weekday,False,Rain,True,18.1,False,False,0.442,Moderate,24.4,33.8,142.7,0.102,0.234,0.925,Light rain detected - minor speed reduction advised
EVT436403,2025-05-01 18:44:48,Religious Festival,J023,Basavanagudi,52852,Weekday,True,Clear,False,0.0,False,True,1.0,Severe,8.2,101.9,528.7,0.211,0.487,0.825,Road closure for event/procession - full detour recommended for through-traffic
EVT436404,2026-05-29 10:09:20,Local Market Day,J011,Indiranagar 100ft Road,4515,Weekday,False,Rain,True,22.3,False,False,1.0,Severe,7.9,70.1,555.0,0.207,0.479,0.875,Heavy rain reducing visibility and grip - reduced speed and longer buffer advised
EVT436405,2025-04-12 12:42:37,Sports Fixture,J011,Indiranagar 100ft Road,45773,Weekend,False,Rain,True,15.7,False,False,0.709,High,17.2,49.4,211.9,0.131,0.304,0.932,Heavy rain reducing visibility and grip - reduced speed and longer buffer advised
EVT436406,2026-05-25 14:12:44,Sports Fixture,J011,Indiranagar 100ft Road,19849,Weekday,False,Clear,False,0.0,False,False,0.286,Low,33.3,22.4,177.0,0.156,0.36,0.952,Moderate traffic flow - standard adaptive signal timing in effect
EVT436407,2025-08-01 10:34:59,Trade Fair,J009,Majestic,5798,Weekday,False,Light Rain,True,6.5,False,False,0.73,High,15.8,57.7,325.9,0.175,0.404,0.907,Heavy rain reducing visibility and grip - reduced speed and longer buffer advised
EVT436408,2026-01-24 08:36:53,Concert,J009,Majestic,12277,Weekend,False,Clear,False,0.0,False,False,0.852,Severe,11.0,57.1,398.9,0.187,0.431,0.964,Heavy congestion detected - signal timing extended and reroute suggested
EVT436409,2025-06-15 21:00:21,Local Market Day,J040,City Market,3729,Weekend,False,Clear,False,0.0,False,False,0.44,Moderate,25.8,35.4,233.1,0.192,0.443,0.938,Moderate traffic flow - standard adaptive signal timing in effect
EVT436410,2025-10-24 17:07:49,Local Market Day,J031,Cubbon Road,3651,Weekday,False,Clear,False,0.0,False,False,0.756,Severe,20.9,46.4,260.7,0.18,0.415,0.979,Heavy congestion detected - signal timing extended and reroute suggested
EVT436411,2025-03-18 15:49:46,Sports Fixture,J020,Malleshwaram Circle,25922,Weekday,False,Clear,False,0.0,False,False,0.53,Moderate,21.1,35.5,263.9,0.18,0.416,0.979,Moderate traffic flow - standard adaptive signal timing in effect
EVT436412,2025-05-25 17:19:52,Sports Fixture,J009,Majestic,21828,Weekend,False,Rain,True,24.1,False,False,1.0,Severe,6.3,74.0,705.8,0.175,0.405,0.857,Heavy rain reducing visibility and grip - reduced speed and longer buffer advised
EVT436413,2026-03-03 15:02:51,Local Market Day,J012,Koramangala Sony World,4255,Weekday,False,Clear,False,0.0,False,False,0.309,Low,34.8,20.9,168.7,0.132,0.306,0.942,Moderate traffic flow - standard adaptive signal timing in effect
EVT436414,2025-04-22 08:48:49,Local Market Day,J031,Cubbon Road,3087,Weekday,False,Light Rain,True,6.4,False,False,1.0,Severe,7.6,72.2,885.4,0.268,0.619,0.861,Heavy rain reducing visibility and grip - reduced speed and longer buffer advised
EVT436415,2025-09-08 15:06:50,Sports Fixture,J031,Cubbon Road,35277,Weekday,False,Heavy Rain,True,30.7,False,False,0.711,High,16.7,52.2,237.2,0.145,0.335,0.892,Heavy rain reducing visibility and grip - reduced speed and longer buffer advised
EVT436416,2025-07-01 17:39:47,Political Rally,J012,Koramangala Sony World,11831,Weekday,False,Heavy Rain,True,29.2,False,False,1.0,Severe,8.7,76.5,461.0,0.216,0.498,0.889,Heavy rain reducing visibility and grip - reduced speed and longer buffer advised
EVT436417,2025-03-13 09:57:42,Sports Fixture,J040,City Market,11225,Weekday,False,Clear,False,0.0,False,False,0.809,Severe,13.6,58.7,306.0,0.153,0.353,0.957,Heavy congestion detected - signal timing extended and reroute suggested
EVT436418,2025-02-05 11:31:23,Sports Fixture,J030,MG Road,24947,Weekday,False,Clear,False,0.0,False,False,0.393,Moderate,33.0,30.9,139.1,0.135,0.313,0.942,Moderate traffic flow - standard adaptive signal timing in effect
EVT436419,2026-02-27 14:21:05,Trade Fair,J040,City Market,6088,Weekday,False,Clear,False,0.0,False,False,0.218,Low,30.8,14.9,215.2,0.161,0.372,0.94,Normal free-flow traffic - standard signal timing maintained
EVT436420,2025-09-25 17:30:15,Local Market Day,J011,Indiranagar 100ft Road,4295,Weekday,False,Clear,False,0.0,False,False,0.865,Severe,11.5,60.3,553.1,0.238,0.549,0.947,Heavy congestion detected - signal timing extended and reroute suggested
EVT436421,2025-11-14 11:47:04,Local Market Day,J020,Malleshwaram Circle,5110,Weekday,False,Fog,False,0.0,False,False,0.321,Low,26.0,22.5,176.2,0.138,0.32,0.931,Moderate traffic flow - standard adaptive signal timing in effect
EVT436422,2025-01-28 11:22:50,Concert,J012,Koramangala Sony World,31224,Weekday,False,Clear,False,0.0,False,False,0.575,High,18.4,40.4,256.3,0.157,0.362,0.98,Moderate traffic flow - standard adaptive signal timing in effect
EVT436423,2025-11-15 09:21:40,Concert,J030,MG Road,6913,Weekend,False,Clear,False,0.0,False,False,0.884,Severe,9.0,61.2,239.3,0.089,0.206,0.917,Heavy congestion detected - signal timing extended and reroute suggested
EVT436424,2025-05-24 21:38:33,Political Rally,J012,Koramangala Sony World,30023,Weekend,False,Clear,False,0.0,False,False,0.392,Moderate,31.4,29.4,86.5,0.062,0.144,0.954,Moderate traffic flow - standard adaptive signal timing in effect
EVT436425,2026-03-08 09:53:15,Trade Fair,J040,City Market,12280,Weekend,False,Clear,False,0.0,False,False,0.788,Severe,12.5,56.0,554.1,0.269,0.621,0.955,Heavy congestion detected - signal timing extended and reroute suggested
EVT436426,2025-08-06 17:45:38,Local Market Day,J009,Majestic,5115,Weekday,False,Clear,False,0.0,False,False,0.872,Severe,11.5,54.6,516.2,0.223,0.516,0.956,Heavy congestion detected - signal timing extended and reroute suggested
EVT436427,2025-04-24 08:41:55,Trade Fair,J023,Basavanagudi,12768,Weekday,False,Clear,False,0.0,False,False,1.0,Severe,8.7,73.7,758.6,0.25,0.577,0.895,Heavy congestion detected - signal timing extended and reroute suggested
EVT436428,2025-02-10 16:56:12,Sports Fixture,J040,City Market,12738,Weekday,False,Clear,False,0.0,False,False,0.743,High,16.4,54.7,190.2,0.107,0.246,0.947,Moderate traffic flow - standard adaptive signal timing in effect
EVT436429,2026-03-21 13:44:27,Concert,J030,MG Road,9521,Weekend,False,Clear,False,0.0,False,False,0.35,Moderate,32.7,23.5,145.3,0.135,0.312,0.955,Moderate traffic flow - standard adaptive signal timing in effect
EVT436430,2025-12-02 14:20:19,Local Market Day,J011,Indiranagar 100ft Road,7166,Weekday,False,Clear,False,0.0,False,False,0.207,Low,37.8,17.4,148.4,0.14,0.323,0.957,Normal free-flow traffic - standard signal timing maintained
EVT436431,2025-04-29 11:37:47,Local Market Day,J030,MG Road,3633,Weekday,False,Rain,True,9.3,False,False,0.414,Moderate,25.6,27.9,198.0,0.154,0.356,0.889,Light rain detected - minor speed reduction advised
EVT436432,2025-08-15 08:29:12,Religious Festival,J030,MG Road,36401,Weekday,True,Heavy Rain,True,43.1,False,True,1.0,Severe,7.3,100.3,457.2,0.164,0.378,0.776,Road closure for event/procession - full detour recommended for through-traffic
EVT436433,2026-02-18 08:01:16,Sports Fixture,J009,Majestic,15537,Weekday,False,Clear,False,0.0,False,False,0.956,Severe,10.0,66.3,392.5,0.173,0.399,0.937,Heavy congestion detected - signal timing extended and reroute suggested
EVT436434,2025-07-15 06:26:43,Concert,J030,MG Road,13130,Weekday,False,Clear,False,0.0,False,False,0.366,Moderate,27.1,29.7,233.4,0.201,0.464,0.956,Moderate traffic flow - standard adaptive signal timing in effect
EVT436435,2025-09-30 19:44:28,Trade Fair,J040,City Market,6759,Weekday,False,Rain,True,9.1,False,False,0.917,Severe,13.0,60.2,421.3,0.209,0.483,0.871,Heavy rain reducing visibility and grip - reduced speed and longer buffer advised
EVT436436,2025-12-09 08:42:56,Sports Fixture,J009,Majestic,28070,Weekday,False,Clear,False,0.0,False,False,1.0,Severe,8.6,70.3,942.3,0.335,0.774,0.914,Heavy congestion detected - signal timing extended and reroute suggested
EVT436437,2025-11-15 00:06:52,Local Market Day,J012,Koramangala Sony World,7421,Weekend,False,Clear,False,0.0,False,False,0.217,Low,31.2,15.5,167.6,0.131,0.302,0.968,Normal free-flow traffic - standard signal timing maintained
EVT436438,2025-12-30 14:08:53,Concert,J023,Basavanagudi,8353,Weekday,False,Rain,True,18.3,True,False,0.708,High,22.1,48.9,248.3,0.161,0.373,0.771,Accident detected nearby - reroute and reduced speed advised
EVT436439,2026-01-31 18:25:10,Concert,J012,Koramangala Sony World,9211,Weekend,False,Clear,False,0.0,False,False,0.831,Severe,14.3,52.9,539.6,0.271,0.626,0.956,Heavy congestion detected - signal timing extended and reroute suggested
EVT436440,2025-09-16 06:36:30,Concert,J012,Koramangala Sony World,13806,Weekday,False,Clear,False,0.0,False,False,0.369,Moderate,28.3,28.1,156.5,0.106,0.246,0.945,Moderate traffic flow - standard adaptive signal timing in effect
EVT436441,2025-09-09 12:59:05,Concert,J009,Majestic,33074,Weekday,False,Rain,True,13.8,False,False,0.57,High,23.9,45.7,245.8,0.166,0.385,0.927,Heavy rain reducing visibility and grip - reduced speed and longer buffer advised
EVT436442,2025-09-29 11:25:41,Sports Fixture,J011,Indiranagar 100ft Road,27908,Weekday,False,Rain,True,8.0,False,False,0.527,Moderate,22.9,40.5,247.9,0.146,0.337,0.922,Light rain detected - minor speed reduction advised
EVT436443,2025-01-25 13:03:17,Local Market Day,J011,Indiranagar 100ft Road,3856,Weekend,False,Clear,False,0.0,False,False,0.245,Low,32.0,17.9,197.2,0.165,0.382,0.973,Normal free-flow traffic - standard signal timing maintained
EVT436444,2025-10-02 12:38:02,Religious Festival,J012,Koramangala Sony World,36275,Weekday,True,Clear,False,0.0,False,True,0.798,High,16.3,76.8,334.1,0.198,0.456,0.863,Road closure for event/procession - full detour recommended for through-traffic
EVT436445,2025-03-18 13:48:30,Local Market Day,J023,Basavanagudi,4204,Weekday,False,Clear,False,0.0,False,False,0.224,Low,29.6,16.8,129.3,0.081,0.188,0.965,Normal free-flow traffic - standard signal timing maintained
EVT436446,2026-05-01 15:34:41,Religious Festival,J023,Basavanagudi,35927,Weekday,True,Heavy Rain,True,29.2,True,True,1.0,Severe,9.0,107.5,422.5,0.164,0.378,0.625,Road closure for event/procession - full detour recommended for through-traffic
EVT436447,2025-10-06 20:01:36,Trade Fair,J011,Indiranagar 100ft Road,9087,Weekday,False,Clear,False,0.0,False,False,0.715,High,19.2,52.2,266.0,0.158,0.366,0.98,Moderate traffic flow - standard adaptive signal timing in effect
EVT436448,2026-03-10 17:33:46,Concert,J031,Cubbon Road,8704,Weekday,False,Clear,False,0.0,False,False,0.897,Severe,9.7,65.8,446.8,0.179,0.413,0.919,Heavy congestion detected - signal timing extended and reroute suggested
EVT436449,2025-05-03 10:03:34,Local Market Day,J031,Cubbon Road,4795,Weekend,False,Clear,False,0.0,False,False,0.656,High,19.0,46.8,171.1,0.104,0.239,0.954,Moderate traffic flow - standard adaptive signal timing in effect
EVT436450,2025-04-16 12:42:17,Local Market Day,J023,Basavanagudi,3170,Weekday,False,Light Rain,True,1.2,False,False,0.263,Low,24.4,26.4,236.2,0.163,0.376,0.9,Light rain detected - minor speed reduction advised
EVT436451,2025-01-10 17:43:37,Trade Fair,J011,Indiranagar 100ft Road,12562,Weekday,False,Clear,False,0.0,False,False,0.952,Severe,12.2,70.6,332.1,0.158,0.364,0.932,Heavy congestion detected - signal timing extended and reroute suggested
EVT436452,2025-09-07 08:01:28,Local Market Day,J023,Basavanagudi,6375,Weekend,False,Clear,False,0.0,False,False,0.728,High,16.3,49.3,326.2,0.189,0.437,0.974,Moderate traffic flow - standard adaptive signal timing in effect
EVT436453,2025-05-12 07:28:26,Local Market Day,J040,City Market,4313,Weekday,False,Clear,False,0.0,False,False,0.597,High,20.6,40.4,121.1,0.068,0.157,0.96,Moderate traffic flow - standard adaptive signal timing in effect
EVT436454,2025-02-16 07:50:13,Local Market Day,J009,Majestic,3953,Weekend,False,Clear,False,0.0,False,False,0.636,High,17.7,40.5,300.6,0.171,0.395,0.95,Moderate traffic flow - standard adaptive signal timing in effect
EVT436455,2026-06-13 16:17:29,Political Rally,J011,Indiranagar 100ft Road,22818,Weekend,False,Heavy Rain,True,38.4,False,False,0.911,Severe,13.0,63.5,379.3,0.189,0.436,0.871,Heavy rain reducing visibility and grip - reduced speed and longer buffer advised
EVT436456,2026-05-13 10:15:00,Trade Fair,J009,Majestic,5379,Weekday,False,Fog,False,0.0,False,False,0.742,High,16.8,57.5,239.2,0.129,0.298,0.977,Moderate traffic flow - standard adaptive signal timing in effect
EVT436457,2025-08-29 12:33:15,Political Rally,J020,Malleshwaram Circle,17198,Weekday,False,Clear,False,0.0,False,False,0.267,Low,32.2,18.8,91.7,0.087,0.2,0.981,Moderate traffic flow - standard adaptive signal timing in effect
EVT436458,2025-12-28 17:26:46,Political Rally,J031,Cubbon Road,8146,Weekend,False,Clear,False,0.0,False,False,0.764,Severe,16.3,49.7,301.1,0.186,0.429,0.932,Heavy congestion detected - signal timing extended and reroute suggested
EVT436459,2025-11-03 19:49:57,Local Market Day,J023,Basavanagudi,3416,Weekday,False,Clear,False,0.0,False,False,0.799,Severe,13.8,53.0,480.4,0.231,0.535,0.942,Heavy congestion detected - signal timing extended and reroute suggested
EVT436460,2026-05-30 19:27:53,Trade Fair,J011,Indiranagar 100ft Road,8176,Weekend,False,Heavy Rain,True,47.7,False,False,1.0,Severe,8.0,76.2,561.7,0.169,0.39,0.869,Heavy rain reducing visibility and grip - reduced speed and longer buffer advised
EVT436461,2026-04-16 12:42:41,Trade Fair,J031,Cubbon Road,10508,Weekday,False,Clear,False,0.0,False,False,0.264,Low,35.3,13.5,150.6,0.138,0.318,0.973,Moderate traffic flow - standard adaptive signal timing in effect
EVT436462,2026-06-22 12:21:22,Sports Fixture,J012,Koramangala Sony World,14598,Weekday,False,Rain,True,23.2,False,False,0.549,Moderate,20.3,33.6,291.8,0.173,0.4,0.909,Light rain detected - minor speed reduction advised
EVT436463,2025-12-03 12:43:43,Trade Fair,J012,Koramangala Sony World,7301,Weekday,False,Clear,False,0.0,False,False,0.216,Low,32.6,14.0,166.2,0.143,0.33,0.97,Normal free-flow traffic - standard signal timing maintained
EVT436464,2026-01-06 19:07:59,Sports Fixture,J020,Malleshwaram Circle,28275,Weekday,False,Clear,False,0.0,False,False,1.0,Severe,6.4,77.5,989.0,0.264,0.61,0.941,Heavy congestion detected - signal timing extended and reroute suggested
EVT436465,2025-12-08 19:50:09,Concert,J023,Basavanagudi,10070,Weekday,False,Clear,False,0.0,False,False,0.828,Severe,18.2,57.2,200.1,0.142,0.328,0.954,Heavy congestion detected - signal timing extended and reroute suggested
EVT436466,2025-09-15 16:17:39,Concert,J012,Koramangala Sony World,15283,Weekday,False,Clear,False,0.0,False,False,0.55,Moderate,22.0,45.7,155.1,0.101,0.233,0.981,Moderate traffic flow - standard adaptive signal timing in effect
EVT436467,2025-04-24 21:31:08,Concert,J012,Koramangala Sony World,12973,Weekday,False,Clear,False,0.0,False,False,0.408,Moderate,31.3,27.0,75.5,0.054,0.125,0.95,Moderate traffic flow - standard adaptive signal timing in effect
EVT436468,2025-07-03 06:37:35,Sports Fixture,J012,Koramangala Sony World,16586,Weekday,False,Heavy Rain,True,67.6,False,False,0.715,High,20.2,55.3,316.7,0.194,0.449,0.916,Heavy rain reducing visibility and grip - reduced speed and longer buffer advised
EVT436469,2025-09-19 08:26:54,Concert,J011,Indiranagar 100ft Road,7222,Weekday,False,Clear,False,0.0,False,False,1.0,Severe,5.2,73.4,629.7,0.15,0.348,0.885,Heavy congestion detected - signal timing extended and reroute suggested
EVT436470,2026-04-06 10:19:35,Local Market Day,J030,MG Road,3672,Weekday,False,Clear,False,0.0,False,False,0.639,High,19.5,41.3,284.7,0.171,0.395,0.958,Moderate traffic flow - standard adaptive signal timing in effect
EVT436471,2025-03-16 13:34:09,Local Market Day,J011,Indiranagar 100ft Road,6598,Weekend,False,Clear,False,0.0,False,False,0.259,Low,22.1,16.8,164.3,0.121,0.28,0.99,Moderate traffic flow - standard adaptive signal timing in effect
EVT436472,2026-03-12 11:16:06,Local Market Day,J012,Koramangala Sony World,3987,Weekday,False,Clear,False,0.0,False,False,0.408,Moderate,26.2,26.0,158.8,0.133,0.308,0.96,Moderate traffic flow - standard adaptive signal timing in effect
EVT436473,2026-01-14 19:45:35,Religious Festival,J023,Basavanagudi,61263,Weekday,True,Clear,False,0.0,False,True,1.0,Severe,8.1,97.5,232.7,0.087,0.2,0.854,Road closure for event/procession - full detour recommended for through-traffic
EVT436474,2026-03-02 16:09:34,Local Market Day,J011,Indiranagar 100ft Road,5390,Weekday,False,Clear,False,0.0,False,False,0.565,High,21.1,39.2,197.0,0.103,0.237,0.958,Moderate traffic flow - standard adaptive signal timing in effect
EVT436475,2025-04-04 19:58:05,Sports Fixture,J031,Cubbon Road,25217,Weekday,False,Clear,False,0.0,False,False,0.794,Severe,14.3,60.0,317.0,0.151,0.348,0.979,Heavy congestion detected - signal timing extended and reroute suggested
EVT436476,2025-07-21 18:22:12,Sports Fixture,J030,MG Road,28915,Weekday,False,Clear,False,0.0,False,False,1.0,Severe,9.7,65.7,649.7,0.248,0.573,0.944,Heavy congestion detected - signal timing extended and reroute suggested
EVT436477,2025-08-06 17:34:40,Local Market Day,J009,Majestic,3881,Weekday,False,Clear,False,0.0,False,False,0.863,Severe,11.2,65.3,422.5,0.165,0.381,0.944,Heavy congestion detected - signal timing extended and reroute suggested
EVT436478,2026-03-30 09:01:46,Concert,J020,Malleshwaram Circle,10161,Weekday,False,Clear,False,0.0,False,False,1.0,Severe,7.9,72.5,354.0,0.109,0.251,0.905,Heavy congestion detected - signal timing extended and reroute suggested
EVT436479,2026-04-15 14:33:52,Cultural Procession,J023,Basavanagudi,15639,Weekday,True,Clear,False,0.0,False,True,0.664,Moderate,20.5,60.4,268.2,0.142,0.328,0.909,Road closure for event/procession - full detour recommended for through-traffic
EVT436480,2025-03-15 16:11:21,Cultural Procession,J020,Malleshwaram Circle,12638,Weekend,True,Clear,False,0.0,False,True,0.913,Severe,9.8,94.3,374.9,0.158,0.366,0.831,Road closure for event/procession - full detour recommended for through-traffic
EVT436481,2026-02-19 13:16:49,Local Market Day,J040,City Market,3311,Weekday,False,Clear,False,0.0,False,False,0.151,Low,31.5,13.1,102.3,0.051,0.117,0.984,Normal free-flow traffic - standard signal timing maintained
EVT436482,2026-04-12 07:34:12,Trade Fair,J012,Koramangala Sony World,9745,Weekend,False,Clear,False,0.0,False,False,0.572,High,27.1,43.5,212.1,0.162,0.374,0.952,Moderate traffic flow - standard adaptive signal timing in effect
EVT436483,2025-04-08 11:07:43,Sports Fixture,J030,MG Road,30448,Weekday,False,Light Rain,True,3.3,False,False,0.631,High,21.3,44.4,278.6,0.182,0.42,0.9,Heavy rain reducing visibility and grip - reduced speed and longer buffer advised
EVT436484,2025-09-30 14:50:33,Political Rally,J009,Majestic,10897,Weekday,False,Clear,False,0.0,False,False,0.24,Low,37.1,9.7,130.9,0.153,0.353,0.963,Normal free-flow traffic - standard signal timing maintained
EVT436485,2025-07-25 09:48:48,Sports Fixture,J012,Koramangala Sony World,31309,Weekday,False,Light Rain,True,3.3,False,False,1.0,Severe,4.8,69.5,1035.0,0.188,0.434,0.848,Heavy rain reducing visibility and grip - reduced speed and longer buffer advised
EVT436486,2026-06-03 20:37:31,Concert,J011,Indiranagar 100ft Road,12862,Weekday,False,Rain,True,14.8,False,False,0.783,Severe,20.8,55.6,226.5,0.178,0.411,0.91,Heavy rain reducing visibility and grip - reduced speed and longer buffer advised
EVT436487,2025-10-01 10:28:04,Sports Fixture,J040,City Market,30326,Weekday,False,Clear,False,0.0,False,False,0.717,High,17.9,54.1,286.6,0.166,0.383,0.988,Moderate traffic flow - standard adaptive signal timing in effect
EVT436488,2025-05-07 02:08:39,Local Market Day,J020,Malleshwaram Circle,3289,Weekday,False,Clear,False,0.0,False,False,0.185,Low,35.6,14.0,164.0,0.129,0.299,0.947,Normal free-flow traffic - standard signal timing maintained
EVT436489,2025-12-20 10:42:09,Trade Fair,J009,Majestic,9065,Weekend,False,Clear,False,0.0,False,False,0.535,Moderate,22.5,41.7,208.7,0.146,0.337,0.984,Moderate traffic flow - standard adaptive signal timing in effect
EVT436490,2025-02-12 08:00:41,Trade Fair,J020,Malleshwaram Circle,5670,Weekday,False,Clear,False,0.0,False,False,0.72,High,17.9,48.2,217.7,0.131,0.302,0.962,Moderate traffic flow - standard adaptive signal timing in effect
EVT436491,2026-04-04 18:20:44,Trade Fair,J009,Majestic,12898,Weekend,False,Clear,False,0.0,False,False,0.893,Severe,13.1,61.9,585.0,0.245,0.567,0.914,Heavy congestion detected - signal timing extended and reroute suggested
EVT436492,2025-12-31 07:05:03,Concert,J030,MG Road,8615,Weekday,False,Clear,False,0.0,False,False,0.409,Moderate,30.8,31.3,140.6,0.123,0.284,0.969,Moderate traffic flow - standard adaptive signal timing in effect
EVT436493,2026-05-20 19:19:04,Local Market Day,J020,Malleshwaram Circle,6480,Weekday,False,Rain,True,9.9,False,False,1.0,Severe,7.1,69.8,575.3,0.179,0.413,0.873,Heavy rain reducing visibility and grip - reduced speed and longer buffer advised
EVT436494,2025-03-03 15:00:28,Concert,J030,MG Road,23276,Weekday,False,Clear,False,0.0,False,False,0.401,Moderate,34.3,27.4,59.7,0.062,0.142,0.979,Moderate traffic flow - standard adaptive signal timing in effect
EVT436495,2025-04-18 07:41:45,Local Market Day,J012,Koramangala Sony World,5535,Weekday,False,Clear,False,0.0,False,False,0.764,Severe,19.7,50.6,226.4,0.131,0.304,0.956,Heavy congestion detected - signal timing extended and reroute suggested
EVT436496,2025-04-15 13:32:01,Cultural Procession,J020,Malleshwaram Circle,17214,Weekday,True,Fog,False,0.0,False,True,0.612,Moderate,24.0,62.9,328.9,0.226,0.522,0.877,Road closure for event/procession - full detour recommended for through-traffic
EVT436497,2025-11-20 19:04:39,Trade Fair,J023,Basavanagudi,17650,Weekday,False,Rain,True,18.0,False,False,1.0,Severe,6.0,69.3,420.3,0.113,0.261,0.838,Heavy rain reducing visibility and grip - reduced speed and longer buffer advised
EVT436498,2025-02-26 18:09:55,Local Market Day,J009,Majestic,2486,Weekday,False,Clear,False,0.0,False,False,1.0,Severe,8.3,76.4,470.4,0.153,0.354,0.92,Heavy congestion detected - signal timing extended and reroute suggested
EVT436499,2025-02-05 20:08:06,Sports Fixture,J009,Majestic,18565,Weekday,False,Clear,False,0.0,False,False,0.771,Severe,15.4,51.1,267.3,0.134,0.309,0.944,Heavy congestion detected - signal timing extended and reroute suggested
EVT436500,2026-06-08 13:59:44,Political Rally,J031,Cubbon Road,13831,Weekday,False,Heavy Rain,True,127.9,False,False,0.62,High,21.9,43.0,131.4,0.081,0.187,0.927,Heavy rain reducing visibility and grip - reduced speed and longer buffer advised
EVT436501,2026-01-13 09:53:50,Concert,J011,Indiranagar 100ft Road,17114,Weekday,False,Clear,False,0.0,False,False,1.0,Severe,8.9,74.0,487.7,0.188,0.435,0.953,Heavy congestion detected - signal timing extended and reroute suggested
EVT436502,2026-02-05 07:48:07,Local Market Day,J030,MG Road,4889,Weekday,False,Clear,False,0.0,False,False,0.809,Severe,11.9,59.8,592.2,0.254,0.587,0.966,Heavy congestion detected - signal timing extended and reroute suggested
EVT436503,2025-02-17 17:27:47,Concert,J020,Malleshwaram Circle,16876,Weekday,False,Clear,False,0.0,False,False,0.992,Severe,9.9,69.3,769.2,0.289,0.668,0.941,Heavy congestion detected - signal timing extended and reroute suggested
EVT436504,2025-07-16 08:23:24,Sports Fixture,J030,MG Road,9096,Weekday,False,Rain,True,20.4,False,False,1.0,Severe,8.1,72.6,601.0,0.193,0.447,0.857,Heavy rain reducing visibility and grip - reduced speed and longer buffer advised
EVT436505,2026-06-27 17:42:09,Concert,J023,Basavanagudi,21666,Weekend,False,Light Rain,True,4.1,False,False,0.93,Severe,10.1,66.7,321.6,0.14,0.324,0.875,Heavy rain reducing visibility and grip - reduced speed and longer buffer advised
EVT436506,2025-11-29 08:48:23,Local Market Day,J040,City Market,2436,Weekend,False,Rain,True,19.5,False,False,1.0,Severe,8.6,74.1,748.2,0.243,0.561,0.85,Heavy rain reducing visibility and grip - reduced speed and longer buffer advised
EVT436507,2025-08-24 18:06:39,Local Market Day,J020,Malleshwaram Circle,4480,Weekend,False,Clear,False,0.0,False,False,0.862,Severe,11.4,66.0,256.2,0.114,0.263,0.949,Heavy congestion detected - signal timing extended and reroute suggested
EVT436508,2025-07-02 21:33:21,Trade Fair,J030,MG Road,13989,Weekday,False,Rain,True,8.3,False,False,0.469,Moderate,26.8,26.5,146.6,0.106,0.246,0.885,Light rain detected - minor speed reduction advised
EVT436509,2025-04-23 08:36:42,Concert,J012,Koramangala Sony World,6974,Weekday,False,Rain,True,13.5,False,False,1.0,Severe,9.9,66.8,381.9,0.144,0.333,0.868,Heavy rain reducing visibility and grip - reduced speed and longer buffer advised
EVT436510,2025-08-13 07:53:51,Political Rally,J030,MG Road,14281,Weekday,False,Clear,False,0.0,False,False,0.899,Severe,13.1,62.0,345.3,0.162,0.374,0.954,Heavy congestion detected - signal timing extended and reroute suggested
EVT436511,2025-01-21 07:03:40,Sports Fixture,J030,MG Road,38799,Weekday,False,Clear,False,0.0,False,False,0.648,High,19.7,47.8,295.6,0.181,0.418,0.974,Moderate traffic flow - standard adaptive signal timing in effect
EVT436512,2025-11-27 09:15:38,Trade Fair,J009,Majestic,10726,Weekday,False,Clear,False,0.0,False,False,1.0,Severe,7.9,71.5,926.6,0.275,0.635,0.917,Heavy congestion detected - signal timing extended and reroute suggested
EVT436513,2025-04-20 05:05:49,Concert,J020,Malleshwaram Circle,12600,Weekend,False,Light Rain,True,2.4,False,False,0.344,Low,23.6,19.8,114.6,0.076,0.174,0.925,Light rain detected - minor speed reduction advised
EVT436514,2026-02-04 09:57:18,Sports Fixture,J020,Malleshwaram Circle,13692,Weekday,False,Clear,False,0.0,False,False,0.846,Severe,14.2,63.1,296.6,0.141,0.325,0.949,Heavy congestion detected - signal timing extended and reroute suggested
EVT436515,2025-06-21 18:49:25,Concert,J040,City Market,8395,Weekend,False,Light Rain,True,4.0,False,False,1.0,Severe,9.3,73.3,390.8,0.152,0.35,0.891,Heavy rain reducing visibility and grip - reduced speed and longer buffer advised
EVT436516,2026-06-11 06:51:59,Concert,J011,Indiranagar 100ft Road,6933,Weekday,False,Heavy Rain,True,25.4,False,False,0.663,High,20.4,41.2,249.4,0.169,0.391,0.916,Heavy rain reducing visibility and grip - reduced speed and longer buffer advised
EVT436517,2025-10-05 20:07:11,Sports Fixture,J023,Basavanagudi,26520,Weekend,False,Clear,False,0.0,False,False,0.748,High,13.9,52.6,289.7,0.14,0.324,0.968,Moderate traffic flow - standard adaptive signal timing in effect
EVT436518,2025-09-25 20:16:40,Local Market Day,J020,Malleshwaram Circle,2234,Weekday,False,Clear,False,0.0,False,False,0.56,High,22.4,38.5,167.4,0.105,0.243,0.97,Moderate traffic flow - standard adaptive signal timing in effect
EVT436519,2025-09-03 07:50:24,Local Market Day,J040,City Market,2354,Weekday,False,Rain,True,17.2,False,False,0.885,Severe,11.4,62.2,270.2,0.094,0.218,0.865,Heavy rain reducing visibility and grip - reduced speed and longer buffer advised
EVT436520,2025-06-21 08:08:06,Trade Fair,J030,MG Road,10070,Weekend,False,Clear,False,0.0,False,False,0.759,Severe,16.6,54.4,329.9,0.182,0.422,0.978,Heavy congestion detected - signal timing extended and reroute suggested
EVT436521,2025-03-23 17:55:18,Trade Fair,J020,Malleshwaram Circle,4018,Weekend,False,Clear,False,0.0,False,False,0.827,Severe,16.2,51.8,481.5,0.28,0.646,0.935,Heavy congestion detected - signal timing extended and reroute suggested
EVT436522,2025-03-18 08:36:29,Local Market Day,J011,Indiranagar 100ft Road,6141,Weekday,False,Clear,False,0.0,False,False,0.926,Severe,11.6,62.7,341.4,0.145,0.335,0.938,Heavy congestion detected - signal timing extended and reroute suggested
EVT436523,2025-10-08 18:03:58,Local Market Day,J009,Majestic,6237,Weekday,False,Clear,False,0.0,False,False,1.0,Severe,6.8,65.4,372.2,0.101,0.233,0.911,Heavy congestion detected - signal timing extended and reroute suggested
EVT436524,2026-04-07 19:59:50,Concert,J011,Indiranagar 100ft Road,12513,Weekday,False,Clear,False,0.0,False,False,0.745,High,19.1,58.3,229.7,0.153,0.353,0.952,Moderate traffic flow - standard adaptive signal timing in effect
EVT436525,2026-06-27 15:57:47,Local Market Day,J009,Majestic,3988,Weekend,False,Rain,True,23.8,False,False,0.64,High,22.5,46.6,218.3,0.121,0.279,0.905,Heavy rain reducing visibility and grip - reduced speed and longer buffer advised
EVT436526,2026-04-03 18:28:44,Local Market Day,J020,Malleshwaram Circle,8426,Weekday,False,Clear,False,0.0,False,False,1.0,Severe,8.9,72.1,563.7,0.212,0.49,0.901,Heavy congestion detected - signal timing extended and reroute suggested
EVT436527,2025-10-27 09:38:04,Local Market Day,J031,Cubbon Road,8436,Weekday,False,Clear,False,0.0,False,False,0.963,Severe,9.2,69.6,451.5,0.175,0.405,0.916,Heavy congestion detected - signal timing extended and reroute suggested
EVT436528,2025-10-19 16:56:11,Trade Fair,J011,Indiranagar 100ft Road,11168,Weekend,False,Heavy Rain,True,30.1,False,False,0.943,Severe,11.1,68.2,361.7,0.164,0.378,0.858,Heavy rain reducing visibility and grip - reduced speed and longer buffer advised
EVT436529,2025-02-02 16:23:31,Local Market Day,J020,Malleshwaram Circle,4801,Weekend,False,Clear,False,0.0,False,False,0.488,Moderate,22.1,34.6,217.2,0.136,0.313,0.96,Moderate traffic flow - standard adaptive signal timing in effect
EVT436530,2025-05-17 08:40:09,Sports Fixture,J020,Malleshwaram Circle,33492,Weekend,False,Clear,False,0.0,False,False,0.929,Severe,8.4,63.2,666.1,0.24,0.555,0.937,Heavy congestion detected - signal timing extended and reroute suggested
EVT436531,2025-10-25 19:02:42,Trade Fair,J011,Indiranagar 100ft Road,8499,Weekend,False,Rain,True,16.0,False,False,1.0,Severe,8.3,75.5,416.7,0.141,0.325,0.864,Heavy rain reducing visibility and grip - reduced speed and longer buffer advised
EVT436532,2025-10-01 07:50:34,Local Market Day,J023,Basavanagudi,2282,Weekday,False,Clear,False,0.0,False,False,0.757,Severe,12.2,53.3,662.0,0.29,0.67,0.99,Heavy congestion detected - signal timing extended and reroute suggested
EVT436533,2025-05-23 10:13:40,Trade Fair,J040,City Market,17464,Weekday,False,Clear,False,0.0,False,False,0.805,Severe,12.6,58.4,399.1,0.19,0.44,0.951,Heavy congestion detected - signal timing extended and reroute suggested
EVT436534,2026-01-10 07:46:05,Local Market Day,J031,Cubbon Road,3361,Weekend,False,Clear,False,0.0,False,False,0.64,High,18.1,41.6,207.4,0.129,0.298,0.959,Moderate traffic flow - standard adaptive signal timing in effect
EVT436535,2026-01-07 18:33:24,Local Market Day,J030,MG Road,2937,Weekday,False,Clear,False,0.0,False,False,1.0,Severe,7.6,70.5,1195.5,0.356,0.823,0.9,Heavy congestion detected - signal timing extended and reroute suggested
EVT436536,2025-04-22 09:10:36,Sports Fixture,J030,MG Road,36099,Weekday,False,Rain,True,16.7,False,False,1.0,Severe,8.7,69.3,791.4,0.264,0.609,0.867,Heavy rain reducing visibility and grip - reduced speed and longer buffer advised
EVT436537,2026-04-23 14:09:28,Trade Fair,J012,Koramangala Sony World,11531,Weekday,False,Clear,False,0.0,False,False,0.17,Low,34.9,14.6,153.3,0.119,0.274,0.931,Normal free-flow traffic - standard signal timing maintained
EVT436538,2025-05-08 11:06:29,Local Market Day,J011,Indiranagar 100ft Road,4116,Weekday,False,Rain,True,13.4,False,False,0.556,High,29.0,47.3,170.1,0.166,0.384,0.927,Heavy rain reducing visibility and grip - reduced speed and longer buffer advised
EVT436539,2026-03-08 14:43:14,Concert,J020,Malleshwaram Circle,19034,Weekend,False,Clear,False,0.0,False,False,0.406,Moderate,24.7,39.1,211.8,0.152,0.351,0.953,Moderate traffic flow - standard adaptive signal timing in effect
EVT436540,2025-08-02 09:25:05,Local Market Day,J023,Basavanagudi,5020,Weekend,False,Clear,False,0.0,False,False,0.805,Severe,13.4,56.4,292.7,0.134,0.311,0.934,Heavy congestion detected - signal timing extended and reroute suggested
EVT436541,2025-10-22 16:03:32,Fireworks Display,J009,Majestic,15344,Weekday,True,Clear,False,0.0,False,False,0.716,High,17.6,51.9,280.7,0.135,0.312,0.887,Festival crowd surge detected - alternate route and extended cycle recommended
EVT436542,2025-04-16 18:56:15,Sports Fixture,J011,Indiranagar 100ft Road,20368,Weekday,False,Clear,False,0.0,False,False,1.0,Severe,8.3,75.8,493.7,0.172,0.397,0.925,Heavy congestion detected - signal timing extended and reroute suggested
EVT436543,2025-04-02 09:25:18,Trade Fair,J011,Indiranagar 100ft Road,12238,Weekday,False,Fog,False,0.0,False,False,0.98,Severe,10.0,68.6,505.3,0.199,0.461,0.903,Heavy congestion detected - signal timing extended and reroute suggested
EVT436544,2025-05-22 17:07:58,Local Market Day,J020,Malleshwaram Circle,3517,Weekday,False,Clear,False,0.0,False,False,0.742,High,17.7,53.9,356.7,0.221,0.509,0.971,Moderate traffic flow - standard adaptive signal timing in effect
EVT436545,2026-06-05 08:16:35,Concert,J011,Indiranagar 100ft Road,11279,Weekday,False,Light Rain,True,6.6,False,False,0.999,Severe,8.4,71.2,500.5,0.211,0.486,0.847,Heavy rain reducing visibility and grip - reduced speed and longer buffer advised
EVT436546,2025-11-05 09:58:14,Local Market Day,J031,Cubbon Road,6871,Weekday,False,Clear,False,0.0,False,False,0.84,Severe,15.1,54.8,360.4,0.202,0.466,0.955,Heavy congestion detected - signal timing extended and reroute suggested
EVT436547,2026-01-24 21:05:43,Local Market Day,J031,Cubbon Road,3352,Weekend,False,Clear,False,0.0,False,False,0.473,Moderate,20.4,34.9,337.5,0.193,0.446,0.978,Moderate traffic flow - standard adaptive signal timing in effect
EVT436548,2026-04-05 14:00:40,Local Market Day,J009,Majestic,2734,Weekend,False,Clear,False,0.0,False,False,0.25,Low,29.8,22.0,158.4,0.107,0.247,0.983,Moderate traffic flow - standard adaptive signal timing in effect
EVT436549,2025-02-18 05:08:48,Concert,J020,Malleshwaram Circle,12218,Weekday,False,Clear,False,0.0,False,False,0.239,Low,32.0,16.2,164.3,0.16,0.368,0.948,Normal free-flow traffic - standard signal timing maintained
EVT436550,2026-04-25 12:10:02,Political Rally,J011,Indiranagar 100ft Road,28696,Weekend,False,Clear,False,0.0,False,False,0.448,Moderate,23.8,41.3,224.6,0.14,0.323,0.973,Moderate traffic flow - standard adaptive signal timing in effect
EVT436551,2026-06-08 17:49:40,Local Market Day,J012,Koramangala Sony World,2841,Weekday,False,Rain,True,19.4,False,False,1.0,Severe,8.2,70.5,605.8,0.212,0.489,0.854,Heavy rain reducing visibility and grip - reduced speed and longer buffer advised
EVT436552,2025-08-30 10:58:25,Concert,J020,Malleshwaram Circle,11469,Weekend,False,Clear,False,0.0,False,False,0.487,Moderate,24.1,35.2,108.4,0.075,0.173,0.986,Moderate traffic flow - standard adaptive signal timing in effect
EVT436553,2025-07-27 15:28:51,Trade Fair,J023,Basavanagudi,7559,Weekend,False,Rain,True,21.7,False,False,0.598,High,21.5,44.1,199.9,0.139,0.321,0.915,Heavy rain reducing visibility and grip - reduced speed and longer buffer advised
EVT436554,2025-06-16 11:49:03,Concert,J020,Malleshwaram Circle,13359,Weekday,False,Heavy Rain,True,49.6,False,False,0.707,High,16.2,45.3,304.8,0.179,0.413,0.899,Heavy rain reducing visibility and grip - reduced speed and longer buffer advised
EVT436555,2026-03-15 10:53:58,Trade Fair,J020,Malleshwaram Circle,7480,Weekend,False,Clear,False,0.0,False,False,0.488,Moderate,24.4,32.0,168.0,0.116,0.268,0.951,Moderate traffic flow - standard adaptive signal timing in effect
EVT436556,2026-04-19 21:40:34,Local Market Day,J023,Basavanagudi,5257,Weekend,False,Clear,False,0.0,False,False,0.324,Low,28.7,19.9,231.3,0.174,0.402,0.971,Moderate traffic flow - standard adaptive signal timing in effect
EVT436557,2026-02-25 14:40:17,Sports Fixture,J020,Malleshwaram Circle,38794,Weekday,False,Clear,False,0.0,False,False,0.527,Moderate,25.4,40.8,233.3,0.174,0.403,0.941,Moderate traffic flow - standard adaptive signal timing in effect
EVT436558,2026-01-10 11:55:20,Concert,J030,MG Road,18662,Weekend,False,Clear,False,0.0,False,False,0.341,Low,30.7,28.8,264.3,0.219,0.507,0.964,Moderate traffic flow - standard adaptive signal timing in effect
EVT436559,2025-01-06 15:12:48,Local Market Day,J020,Malleshwaram Circle,3695,Weekday,False,Clear,False,0.0,False,False,0.356,Moderate,31.9,24.5,207.7,0.189,0.437,0.961,Moderate traffic flow - standard adaptive signal timing in effect
EVT436560,2025-03-11 07:53:09,Concert,J040,City Market,21653,Weekday,False,Clear,False,0.0,False,False,0.901,Severe,11.9,67.0,481.2,0.226,0.522,0.93,Heavy congestion detected - signal timing extended and reroute suggested
EVT436561,2025-09-20 18:58:15,Sports Fixture,J040,City Market,24916,Weekend,False,Heavy Rain,True,29.2,False,False,1.0,Severe,7.1,74.2,391.9,0.119,0.274,0.848,Heavy rain reducing visibility and grip - reduced speed and longer buffer advised
EVT436562,2025-12-06 20:22:40,Concert,J020,Malleshwaram Circle,12775,Weekend,False,Clear,False,0.0,False,False,0.677,High,16.5,54.4,385.4,0.198,0.456,0.978,Moderate traffic flow - standard adaptive signal timing in effect
EVT436563,2025-06-22 16:21:21,Local Market Day,J040,City Market,4609,Weekend,False,Clear,False,0.0,False,False,0.47,Moderate,25.6,39.8,170.7,0.117,0.271,0.948,Moderate traffic flow - standard adaptive signal timing in effect
EVT436564,2025-09-15 09:05:52,Local Market Day,J011,Indiranagar 100ft Road,3785,Weekday,False,Clear,False,0.0,False,False,1.0,Severe,9.2,67.0,389.7,0.15,0.347,0.907,Heavy congestion detected - signal timing extended and reroute suggested
EVT436565,2026-01-03 08:38:24,Local Market Day,J023,Basavanagudi,5736,Weekend,False,Clear,False,0.0,False,False,0.838,Severe,11.0,55.0,545.5,0.246,0.569,0.963,Heavy congestion detected - signal timing extended and reroute suggested
EVT436566,2025-06-27 07:29:31,Political Rally,J031,Cubbon Road,10759,Weekday,False,Clear,False,0.0,False,False,0.699,High,16.7,52.5,156.7,0.112,0.259,0.964,Moderate traffic flow - standard adaptive signal timing in effect
EVT436567,2026-03-30 21:02:49,Concert,J030,MG Road,9778,Weekday,False,Clear,False,0.0,False,False,0.353,Moderate,31.4,28.2,188.4,0.155,0.357,0.967,Moderate traffic flow - standard adaptive signal timing in effect
EVT436568,2026-03-29 06:38:07,Local Market Day,J012,Koramangala Sony World,2276,Weekend,False,Clear,False,0.0,False,False,0.356,Moderate,32.5,21.2,145.8,0.143,0.33,0.973,Moderate traffic flow - standard adaptive signal timing in effect
EVT436569,2025-12-22 09:03:04,Trade Fair,J009,Majestic,3290,Weekday,False,Clear,False,0.0,False,False,1.0,Severe,7.5,69.9,660.2,0.215,0.497,0.927,Heavy congestion detected - signal timing extended and reroute suggested
EVT436570,2026-04-04 12:31:39,Sports Fixture,J011,Indiranagar 100ft Road,19321,Weekend,False,Clear,False,0.0,False,False,0.357,Moderate,31.0,25.8,127.6,0.109,0.252,0.965,Moderate traffic flow - standard adaptive signal timing in effect
EVT436571,2025-08-01 10:34:05,Trade Fair,J009,Majestic,10121,Weekday,False,Clear,False,0.0,False,False,0.63,High,20.5,44.1,195.9,0.116,0.267,0.973,Moderate traffic flow - standard adaptive signal timing in effect
EVT436572,2026-05-08 11:18:42,Concert,J012,Koramangala Sony World,8857,Weekday,False,Clear,False,0.0,False,False,0.354,Moderate,27.0,31.0,179.7,0.118,0.272,0.961,Moderate traffic flow - standard adaptive signal timing in effect
EVT436573,2026-03-01 20:30:56,Political Rally,J009,Majestic,16492,Weekend,False,Clear,False,0.0,False,False,0.601,High,19.7,44.5,327.7,0.208,0.48,0.922,Moderate traffic flow - standard adaptive signal timing in effect
EVT436574,2026-01-21 08:46:19,Local Market Day,J012,Koramangala Sony World,2641,Weekday,False,Clear,False,0.0,False,False,1.0,Severe,7.9,73.4,728.8,0.255,0.589,0.918,Heavy congestion detected - signal timing extended and reroute suggested
EVT436575,2026-05-06 17:38:23,Political Rally,J031,Cubbon Road,15793,Weekday,False,Clear,False,0.0,False,False,0.961,Severe,11.4,70.8,405.2,0.192,0.443,0.917,Heavy congestion detected - signal timing extended and reroute suggested
EVT436576,2025-10-06 09:19:46,Local Market Day,J011,Indiranagar 100ft Road,2172,Weekday,False,Light Rain,True,0.8,False,False,1.0,Severe,8.2,70.6,632.7,0.23,0.531,0.854,Heavy rain reducing visibility and grip - reduced speed and longer buffer advised
EVT436577,2025-11-09 16:04:24,Trade Fair,J009,Majestic,11149,Weekend,False,Clear,False,0.0,False,False,0.404,Moderate,30.7,22.0,150.1,0.137,0.316,0.988,Moderate traffic flow - standard adaptive signal timing in effect
EVT436578,2025-01-03 10:15:54,Concert,J040,City Market,9651,Weekday,False,Clear,False,0.0,False,False,0.766,Severe,17.9,57.1,333.5,0.176,0.408,0.966,Heavy congestion detected - signal timing extended and reroute suggested
EVT436579,2025-08-09 18:16:19,Local Market Day,J020,Malleshwaram Circle,4875,Weekend,False,Clear,False,0.0,False,False,0.877,Severe,16.2,58.7,175.5,0.1,0.232,0.946,Heavy congestion detected - signal timing extended and reroute suggested
EVT436580,2025-11-18 05:48:57,Sports Fixture,J009,Majestic,28614,Weekday,False,Clear,False,0.0,False,False,0.356,Moderate,29.9,31.5,180.7,0.145,0.335,0.948,Moderate traffic flow - standard adaptive signal timing in effect
EVT436581,2025-09-25 15:44:31,Concert,J031,Cubbon Road,8907,Weekday,False,Clear,False,0.0,False,False,0.32,Low,37.7,23.3,141.5,0.139,0.321,0.972,Moderate traffic flow - standard adaptive signal timing in effect
EVT436582,2025-04-04 14:52:54,Concert,J030,MG Road,10143,Weekday,False,Clear,False,0.0,False,False,0.214,Low,21.6,18.0,183.2,0.099,0.228,0.959,Normal free-flow traffic - standard signal timing maintained
EVT436583,2025-08-04 19:23:11,Local Market Day,J031,Cubbon Road,5456,Weekday,False,Light Rain,True,7.0,False,False,1.0,Severe,8.7,77.0,617.4,0.233,0.538,0.877,Heavy rain reducing visibility and grip - reduced speed and longer buffer advised
EVT436584,2025-02-03 16:42:16,Political Rally,J011,Indiranagar 100ft Road,20125,Weekday,False,Clear,False,0.0,False,False,0.685,High,22.8,50.9,350.2,0.246,0.567,0.969,Moderate traffic flow - standard adaptive signal timing in effect
EVT436585,2026-04-06 17:57:30,Trade Fair,J009,Majestic,14129,Weekday,False,Clear,False,0.0,False,False,1.0,Severe,7.7,70.9,405.5,0.134,0.31,0.907,Heavy congestion detected - signal timing extended and reroute suggested
EVT436586,2025-02-07 22:11:08,Concert,J012,Koramangala Sony World,10229,Weekday,False,Clear,False,0.0,False,False,0.28,Low,34.8,22.1,123.7,0.113,0.261,0.977,Moderate traffic flow - standard adaptive signal timing in effect
EVT436587,2025-05-05 20:23:52,Sports Fixture,J023,Basavanagudi,18500,Weekday,False,Rain,True,20.0,False,False,0.871,Severe,13.4,63.9,679.5,0.322,0.743,0.904,Heavy rain reducing visibility and grip - reduced speed and longer buffer advised
EVT436588,2026-01-10 04:50:31,Concert,J011,Indiranagar 100ft Road,11574,Weekend,False,Clear,False,0.0,False,False,0.352,Moderate,30.4,27.0,137.0,0.125,0.288,0.99,Moderate traffic flow - standard adaptive signal timing in effect
EVT436589,2025-03-21 19:38:51,Political Rally,J031,Cubbon Road,16394,Weekday,False,Clear,False,0.0,False,False,0.885,Severe,12.2,58.9,472.9,0.209,0.483,0.927,Heavy congestion detected - signal timing extended and reroute suggested
EVT436590,2026-03-12 16:52:12,Sports Fixture,J030,MG Road,25693,Weekday,False,Clear,False,0.0,False,False,0.873,Severe,12.9,58.4,544.3,0.264,0.611,0.936,Heavy congestion detected - signal timing extended and reroute suggested
EVT436591,2025-02-15 07:42:16,Concert,J030,MG Road,7088,Weekend,False,Clear,False,0.0,False,False,0.612,High,21.5,47.2,301.2,0.217,0.501,0.944,Moderate traffic flow - standard adaptive signal timing in effect
EVT436592,2026-05-07 19:11:21,Trade Fair,J040,City Market,8904,Weekday,False,Light Rain,True,4.5,False,False,1.0,Severe,9.3,73.9,586.1,0.244,0.564,0.864,Heavy rain reducing visibility and grip - reduced speed and longer buffer advised
EVT436593,2025-05-09 06:18:10,Local Market Day,J030,MG Road,4979,Weekday,False,Clear,False,0.0,False,False,0.267,Low,29.2,23.2,188.8,0.141,0.326,0.95,Moderate traffic flow - standard adaptive signal timing in effect
EVT436594,2025-01-09 12:34:05,Trade Fair,J030,MG Road,3376,Weekday,False,Clear,False,0.0,False,False,0.21,Low,19.2,15.8,157.1,0.083,0.191,0.94,Normal free-flow traffic - standard signal timing maintained
EVT436595,2025-04-09 06:04:50,Local Market Day,J040,City Market,1866,Weekday,False,Clear,False,0.0,False,False,0.302,Low,20.3,26.6,241.9,0.146,0.337,0.955,Moderate traffic flow - standard adaptive signal timing in effect
EVT436596,2026-04-14 13:52:05,Religious Festival,J012,Koramangala Sony World,43055,Weekday,True,Clear,False,0.0,False,True,0.765,High,16.6,75.0,454.4,0.288,0.664,0.876,Road closure for event/procession - full detour recommended for through-traffic
EVT436597,2025-10-22 06:04:11,Cultural Procession,J023,Basavanagudi,17356,Weekday,True,Clear,False,0.0,False,True,0.723,High,20.2,67.1,244.6,0.164,0.378,0.883,Road closure for event/procession - full detour recommended for through-traffic
EVT436598,2025-02-17 19:32:48,Local Market Day,J012,Koramangala Sony World,4352,Weekday,False,Clear,False,0.0,False,False,0.819,Severe,14.5,57.3,406.2,0.224,0.517,0.962,Heavy congestion detected - signal timing extended and reroute suggested
EVT436599,2025-04-09 10:41:24,Political Rally,J040,City Market,13801,Weekday,False,Clear,False,0.0,False,False,0.672,High,12.8,46.1,204.9,0.074,0.171,0.949,Moderate traffic flow - standard adaptive signal timing in effect
EVT436600,2025-08-11 20:27:25,Sports Fixture,J020,Malleshwaram Circle,36592,Weekday,False,Rain,True,14.0,False,False,0.959,Severe,11.9,70.9,531.7,0.246,0.569,0.877,Heavy rain reducing visibility and grip - reduced speed and longer buffer advised
EVT436601,2026-05-17 09:47:22,Local Market Day,J023,Basavanagudi,3126,Weekend,False,Clear,False,0.0,False,False,0.724,High,11.6,48.0,511.3,0.204,0.47,0.985,Moderate traffic flow - standard adaptive signal timing in effect
EVT436602,2026-05-01 09:05:14,Fireworks Display,J040,City Market,16372,Weekday,True,Rain,True,13.8,False,False,1.0,Severe,8.6,66.4,519.9,0.209,0.484,0.837,Festival crowd surge detected - alternate route and extended cycle recommended
EVT436603,2026-03-10 09:39:38,Local Market Day,J030,MG Road,5642,Weekday,False,Clear,False,0.0,False,False,0.981,Severe,7.1,67.8,865.1,0.244,0.563,0.925,Heavy congestion detected - signal timing extended and reroute suggested
EVT436604,2025-06-10 11:25:19,Trade Fair,J031,Cubbon Road,8316,Weekday,False,Rain,True,14.1,False,False,0.493,Moderate,32.3,33.7,180.6,0.169,0.391,0.904,Light rain detected - minor speed reduction advised
EVT436605,2025-02-11 13:17:09,Concert,J030,MG Road,12018,Weekday,False,Clear,False,0.0,False,False,0.221,Low,30.4,15.5,126.0,0.095,0.219,0.972,Normal free-flow traffic - standard signal timing maintained
EVT436606,2025-09-09 06:11:16,Political Rally,J011,Indiranagar 100ft Road,22951,Weekday,False,Clear,False,0.0,False,False,0.358,Moderate,32.9,26.7,193.3,0.165,0.381,0.966,Moderate traffic flow - standard adaptive signal timing in effect
EVT436607,2025-05-23 07:43:12,Local Market Day,J012,Koramangala Sony World,3677,Weekday,False,Clear,False,0.0,False,False,0.701,High,19.5,50.6,174.4,0.12,0.277,0.956,Moderate traffic flow - standard adaptive signal timing in effect
EVT436608,2025-07-30 08:48:10,Trade Fair,J023,Basavanagudi,12610,Weekday,False,Fog,False,0.0,False,False,1.0,Severe,7.1,72.8,454.2,0.141,0.327,0.953,Heavy congestion detected - signal timing extended and reroute suggested
EVT436609,2025-12-06 17:20:56,Sports Fixture,J031,Cubbon Road,33734,Weekend,False,Clear,False,0.0,False,False,0.92,Severe,10.2,64.4,274.3,0.143,0.331,0.941,Heavy congestion detected - signal timing extended and reroute suggested
EVT436610,2025-01-08 10:24:46,Local Market Day,J040,City Market,5462,Weekday,False,Fog,False,0.0,False,False,0.685,High,21.1,50.8,313.0,0.212,0.489,0.973,Moderate traffic flow - standard adaptive signal timing in effect
EVT436611,2026-04-06 11:03:39,Concert,J040,City Market,16114,Weekday,False,Clear,False,0.0,False,False,0.519,Moderate,25.7,37.7,254.7,0.215,0.496,0.955,Moderate traffic flow - standard adaptive signal timing in effect
EVT436612,2025-11-18 10:05:37,Local Market Day,J011,Indiranagar 100ft Road,4180,Weekday,False,Clear,False,0.0,False,False,0.728,High,17.7,57.7,398.7,0.228,0.527,0.974,Moderate traffic flow - standard adaptive signal timing in effect
EVT436613,2025-02-10 17:06:59,Trade Fair,J012,Koramangala Sony World,9207,Weekday,False,Clear,False,0.0,False,False,0.891,Severe,13.1,68.8,243.0,0.112,0.259,0.927,Heavy congestion detected - signal timing extended and reroute suggested
EVT436614,2026-06-27 07:37:07,Local Market Day,J031,Cubbon Road,2800,Weekend,False,Rain,True,23.6,False,False,0.827,Severe,17.2,55.2,143.0,0.081,0.187,0.913,Heavy rain reducing visibility and grip - reduced speed and longer buffer advised
EVT436615,2026-03-23 15:17:12,Trade Fair,J020,Malleshwaram Circle,12217,Weekday,False,Clear,False,0.0,False,False,0.324,Low,30.4,23.8,75.4,0.079,0.181,0.946,Moderate traffic flow - standard adaptive signal timing in effect
EVT436616,2025-09-15 17:53:15,Sports Fixture,J011,Indiranagar 100ft Road,15360,Weekday,False,Clear,False,0.0,False,False,1.0,Severe,10.1,68.4,465.2,0.187,0.431,0.923,Heavy congestion detected - signal timing extended and reroute suggested
EVT436617,2026-04-04 00:14:15,Trade Fair,J023,Basavanagudi,13411,Weekend,False,Clear,False,0.0,False,False,0.388,Moderate,30.1,25.3,149.9,0.124,0.287,0.963,Moderate traffic flow - standard adaptive signal timing in effect
EVT436618,2025-10-27 12:06:41,Concert,J030,MG Road,14435,Weekday,False,Clear,False,0.0,False,False,0.243,Low,26.7,17.7,149.7,0.096,0.222,0.978,Normal free-flow traffic - standard signal timing maintained
EVT436619,2026-04-16 07:39:40,Sports Fixture,J009,Majestic,17259,Weekday,False,Clear,False,0.0,False,False,0.748,High,17.2,56.9,401.2,0.246,0.568,0.954,Moderate traffic flow - standard adaptive signal timing in effect
EVT436620,2025-02-02 07:29:21,Local Market Day,J009,Majestic,2476,Weekend,False,Clear,False,0.0,False,False,0.588,High,21.4,41.2,242.0,0.164,0.38,0.945,Moderate traffic flow - standard adaptive signal timing in effect
EVT436621,2026-04-10 21:29:52,Concert,J020,Malleshwaram Circle,7916,Weekday,False,Clear,False,0.0,False,False,0.314,Low,27.3,21.7,154.1,0.122,0.283,0.96,Moderate traffic flow - standard adaptive signal timing in effect
EVT436622,2026-02-05 22:56:03,Political Rally,J023,Basavanagudi,15112,Weekday,False,Clear,False,0.0,False,False,0.11,Low,37.4,7.3,133.3,0.132,0.306,0.978,Normal free-flow traffic - standard signal timing maintained
EVT436623,2025-12-12 13:12:22,Local Market Day,J009,Majestic,1888,Weekday,False,Clear,False,0.0,False,False,0.191,Low,30.4,16.4,173.8,0.137,0.316,0.986,Normal free-flow traffic - standard signal timing maintained
EVT436624,2025-11-06 14:52:46,Concert,J040,City Market,10784,Weekday,False,Clear,False,0.0,False,False,0.249,Low,30.4,21.9,55.9,0.038,0.088,0.973,Normal free-flow traffic - standard signal timing maintained
EVT436625,2025-09-17 10:41:35,Local Market Day,J040,City Market,3203,Weekday,False,Clear,False,0.0,False,False,0.499,Moderate,23.2,34.8,152.6,0.125,0.289,0.944,Moderate traffic flow - standard adaptive signal timing in effect
EVT436626,2025-04-20 18:45:01,Sports Fixture,J011,Indiranagar 100ft Road,26502,Weekend,False,Light Rain,True,1.2,False,False,1.0,Severe,8.4,70.0,612.5,0.208,0.481,0.851,Heavy rain reducing visibility and grip - reduced speed and longer buffer advised
EVT436627,2025-05-24 16:31:13,Concert,J011,Indiranagar 100ft Road,14544,Weekend,False,Clear,False,0.0,False,False,0.683,High,17.9,43.8,103.7,0.069,0.159,0.928,Moderate traffic flow - standard adaptive signal timing in effect
EVT436628,2026-03-25 14:56:33,Trade Fair,J011,Indiranagar 100ft Road,15575,Weekday,False,Clear,False,0.0,True,False,0.701,High,19.8,52.3,221.1,0.132,0.305,0.814,Accident detected nearby - reroute and reduced speed advised
EVT436629,2025-02-10 17:37:21,Local Market Day,J023,Basavanagudi,4959,Weekday,False,Light Rain,True,1.3,False,False,0.873,Severe,11.5,60.1,544.3,0.231,0.533,0.908,Heavy rain reducing visibility and grip - reduced speed and longer buffer advised
EVT436630,2025-11-18 11:42:17,Trade Fair,J011,Indiranagar 100ft Road,11649,Weekday,False,Clear,False,0.0,False,False,0.25,Low,27.6,20.3,285.0,0.191,0.44,0.99,Moderate traffic flow - standard adaptive signal timing in effect
EVT436631,2026-04-14 17:39:09,Religious Festival,J031,Cubbon Road,42956,Weekday,True,Rain,True,8.9,False,False,1.0,Severe,7.9,74.0,595.6,0.202,0.467,0.824,Festival crowd surge detected - alternate route and extended cycle recommended
EVT436632,2026-03-08 07:51:22,Local Market Day,J012,Koramangala Sony World,3737,Weekend,False,Clear,False,0.0,False,False,0.619,High,18.0,44.7,292.3,0.156,0.361,0.978,Moderate traffic flow - standard adaptive signal timing in effect
EVT436633,2025-07-11 14:10:45,Local Market Day,J023,Basavanagudi,3283,Weekday,False,Clear,False,0.0,False,False,0.217,Low,30.2,18.4,229.5,0.196,0.452,0.956,Normal free-flow traffic - standard signal timing maintained
EVT436634,2025-04-15 07:07:19,Religious Festival,J011,Indiranagar 100ft Road,22123,Weekday,True,Clear,False,0.0,False,False,0.766,Severe,16.0,59.9,293.7,0.154,0.356,0.905,Festival crowd surge detected - alternate route and extended cycle recommended
EVT436635,2026-06-20 14:19:03,Sports Fixture,J023,Basavanagudi,21930,Weekend,False,Clear,False,0.0,False,False,0.369,Moderate,29.2,26.1,141.4,0.114,0.263,0.953,Moderate traffic flow - standard adaptive signal timing in effect
EVT436636,2026-04-13 09:27:14,Local Market Day,J009,Majestic,8659,Weekday,False,Clear,False,0.0,False,False,0.98,Severe,10.7,68.3,416.4,0.175,0.404,0.892,Heavy congestion detected - signal timing extended and reroute suggested
EVT436637,2025-09-30 16:00:03,Local Market Day,J040,City Market,5006,Weekday,False,Clear,False,0.0,False,False,0.341,Low,25.5,29.8,169.0,0.125,0.288,0.953,Moderate traffic flow - standard adaptive signal timing in effect
EVT436638,2025-08-10 16:47:44,Trade Fair,J040,City Market,14401,Weekend,False,Rain,True,12.0,False,False,0.825,Severe,14.1,58.6,308.1,0.158,0.364,0.9,Heavy rain reducing visibility and grip - reduced speed and longer buffer advised
EVT436639,2026-03-30 22:13:18,Concert,J012,Koramangala Sony World,14707,Weekday,False,Clear,False,0.0,False,False,0.223,Low,34.5,6.6,70.5,0.065,0.151,0.967,Normal free-flow traffic - standard signal timing maintained
EVT436640,2025-11-03 11:07:41,Local Market Day,J012,Koramangala Sony World,3242,Weekday,False,Light Rain,True,2.6,False,False,0.543,Moderate,21.9,35.8,334.3,0.195,0.451,0.911,Light rain detected - minor speed reduction advised
EVT436641,2025-11-26 10:27:33,Sports Fixture,J012,Koramangala Sony World,66810,Weekday,False,Clear,False,0.0,False,False,1.0,Severe,9.4,74.7,458.0,0.179,0.413,0.922,Heavy congestion detected - signal timing extended and reroute suggested
EVT436642,2025-08-03 01:18:57,Local Market Day,J012,Koramangala Sony World,3734,Weekend,False,Light Rain,True,7.3,False,False,0.336,Low,27.0,23.9,159.3,0.101,0.234,0.895,Light rain detected - minor speed reduction advised
EVT436643,2025-01-29 12:23:19,Local Market Day,J009,Majestic,3498,Weekday,False,Clear,False,0.0,False,False,0.125,Low,38.9,9.2,57.4,0.056,0.13,0.96,Normal free-flow traffic - standard signal timing maintained
EVT436644,2026-05-30 16:06:06,Sports Fixture,J030,MG Road,16808,Weekend,False,Heavy Rain,True,39.4,False,False,0.887,Severe,11.0,62.6,511.8,0.204,0.47,0.896,Heavy rain reducing visibility and grip - reduced speed and longer buffer advised
EVT436645,2025-08-11 04:05:17,Trade Fair,J040,City Market,8092,Weekday,False,Clear,False,0.0,False,False,0.228,Low,34.7,12.4,96.9,0.075,0.172,0.962,Normal free-flow traffic - standard signal timing maintained
EVT436646,2026-03-02 11:24:49,Sports Fixture,J031,Cubbon Road,19726,Weekday,False,Clear,False,0.0,False,False,0.368,Moderate,27.9,26.9,176.0,0.128,0.295,0.967,Moderate traffic flow - standard adaptive signal timing in effect
EVT436647,2026-01-20 14:18:41,Sports Fixture,J020,Malleshwaram Circle,27077,Weekday,False,Clear,False,0.0,False,False,0.365,Moderate,27.7,21.5,287.8,0.216,0.5,0.982,Moderate traffic flow - standard adaptive signal timing in effect
EVT436648,2025-08-03 11:17:30,Sports Fixture,J030,MG Road,37716,Weekend,False,Heavy Rain,True,96.1,False,False,0.943,Severe,9.2,66.8,949.2,0.348,0.803,0.88,Heavy rain reducing visibility and grip - reduced speed and longer buffer advised
EVT436649,2025-12-13 17:04:05,Local Market Day,J009,Majestic,3651,Weekend,False,Clear,False,0.0,False,False,0.648,High,18.1,47.9,273.6,0.162,0.374,0.99,Moderate traffic flow - standard adaptive signal timing in effect
EVT436650,2026-06-03 19:22:37,Local Market Day,J011,Indiranagar 100ft Road,6984,Weekday,False,Clear,False,0.0,False,False,1.0,Severe,8.0,73.9,346.7,0.124,0.286,0.909,Heavy congestion detected - signal timing extended and reroute suggested
EVT436651,2025-11-16 07:15:53,Local Market Day,J009,Majestic,3391,Weekend,False,Rain,True,14.6,False,False,0.689,High,21.6,53.7,188.3,0.125,0.288,0.931,Heavy rain reducing visibility and grip - reduced speed and longer buffer advised
EVT436652,2025-04-07 14:53:24,Cultural Procession,J011,Indiranagar 100ft Road,12514,Weekday,True,Clear,False,0.0,False,True,0.645,Moderate,20.8,71.8,296.4,0.202,0.467,0.896,Road closure for event/procession - full detour recommended for through-traffic
EVT436653,2026-02-15 06:30:18,Sports Fixture,J031,Cubbon Road,55502,Weekend,False,Clear,False,0.0,False,False,0.653,High,18.3,47.5,314.0,0.22,0.509,0.967,Moderate traffic flow - standard adaptive signal timing in effect
EVT436654,2025-12-08 19:52:05,Concert,J023,Basavanagudi,14700,Weekday,False,Fog,False,0.0,False,False,0.832,Severe,13.6,62.6,321.5,0.146,0.337,0.981,Heavy congestion detected - signal timing extended and reroute suggested
EVT436655,2025-04-03 16:55:28,Local Market Day,J031,Cubbon Road,2760,Weekday,False,Clear,False,0.0,False,False,0.663,High,18.5,48.5,272.0,0.185,0.426,0.972,Moderate traffic flow - standard adaptive signal timing in effect
EVT436656,2026-02-27 08:03:58,Sports Fixture,J020,Malleshwaram Circle,15601,Weekday,False,Clear,False,0.0,False,False,0.921,Severe,11.7,58.5,276.1,0.116,0.268,0.92,Heavy congestion detected - signal timing extended and reroute suggested
EVT436657,2025-01-01 21:18:30,Trade Fair,J011,Indiranagar 100ft Road,8651,Weekday,False,Clear,False,0.0,False,False,0.403,Moderate,23.2,29.4,272.8,0.157,0.362,0.97,Moderate traffic flow - standard adaptive signal timing in effect
EVT436658,2025-05-11 18:02:40,Local Market Day,J030,MG Road,4225,Weekend,False,Clear,False,0.0,False,False,0.841,Severe,10.4,61.5,242.2,0.094,0.218,0.949,Heavy congestion detected - signal timing extended and reroute suggested
EVT436659,2026-06-15 21:12:03,Concert,J011,Indiranagar 100ft Road,12617,Weekday,False,Rain,True,13.9,False,False,0.584,High,25.0,45.2,139.4,0.094,0.217,0.898,Heavy rain reducing visibility and grip - reduced speed and longer buffer advised
EVT436660,2026-06-07 06:52:02,Concert,J030,MG Road,9819,Weekend,False,Clear,False,0.0,False,False,0.466,Moderate,21.7,31.9,260.8,0.173,0.399,0.959,Moderate traffic flow - standard adaptive signal timing in effect
EVT436661,2026-04-16 11:46:29,Concert,J040,City Market,17056,Weekday,False,Light Rain,True,0.9,False,False,0.372,Moderate,27.4,25.9,169.4,0.127,0.293,0.914,Light rain detected - minor speed reduction advised
EVT436662,2026-06-11 09:38:01,Local Market Day,J012,Koramangala Sony World,3386,Weekday,False,Heavy Rain,True,26.2,False,False,1.0,Severe,9.9,72.0,461.3,0.179,0.413,0.887,Heavy rain reducing visibility and grip - reduced speed and longer buffer advised
EVT436663,2026-06-26 12:00:21,Concert,J030,MG Road,17480,Weekday,False,Rain,True,12.4,False,False,0.516,Moderate,22.1,39.4,225.7,0.155,0.358,0.908,Light rain detected - minor speed reduction advised
EVT436664,2025-04-12 12:48:04,Local Market Day,J012,Koramangala Sony World,6245,Weekend,False,Clear,False,0.0,False,False,0.269,Low,30.8,19.5,155.8,0.123,0.285,0.946,Moderate traffic flow - standard adaptive signal timing in effect
EVT436665,2025-10-27 17:33:50,Sports Fixture,J009,Majestic,31516,Weekday,False,Clear,False,0.0,False,False,1.0,Severe,8.0,67.1,647.7,0.202,0.466,0.921,Heavy congestion detected - signal timing extended and reroute suggested
EVT436666,2025-03-31 09:15:36,Religious Festival,J012,Koramangala Sony World,37993,Weekday,True,Clear,False,0.0,False,True,1.0,Severe,9.1,99.8,487.6,0.194,0.447,0.815,Road closure for event/procession - full detour recommended for through-traffic
EVT436667,2026-02-09 07:40:57,Sports Fixture,J009,Majestic,33688,Weekday,False,Clear,False,0.0,False,False,0.872,Severe,9.5,59.6,533.9,0.192,0.442,0.941,Heavy congestion detected - signal timing extended and reroute suggested
EVT436668,2026-03-18 12:52:14,Trade Fair,J040,City Market,5356,Weekday,False,Clear,False,0.0,False,False,0.18,Low,32.5,13.7,119.8,0.086,0.199,0.978,Normal free-flow traffic - standard signal timing maintained
EVT436669,2025-12-17 15:58:07,Local Market Day,J031,Cubbon Road,3377,Weekday,False,Light Rain,True,1.7,False,False,0.447,Moderate,21.4,34.9,197.9,0.122,0.283,0.908,Light rain detected - minor speed reduction advised
EVT436670,2025-08-12 07:28:02,Sports Fixture,J011,Indiranagar 100ft Road,23038,Weekday,False,Heavy Rain,True,33.2,False,False,1.0,Severe,8.8,77.9,412.5,0.163,0.376,0.887,Heavy rain reducing visibility and grip - reduced speed and longer buffer advised
EVT436671,2025-05-05 16:10:24,Local Market Day,J009,Majestic,5220,Weekday,False,Clear,False,0.0,False,False,0.513,Moderate,24.5,34.8,163.8,0.107,0.247,0.952,Moderate traffic flow - standard adaptive signal timing in effect
EVT436672,2025-08-22 22:20:58,Local Market Day,J023,Basavanagudi,3062,Weekday,False,Rain,True,12.9,True,False,0.773,Severe,17.4,56.7,178.2,0.095,0.219,0.746,Accident detected nearby - reroute and reduced speed advised
EVT436673,2025-06-03 10:56:18,Local Market Day,J012,Koramangala Sony World,3459,Weekday,False,Heavy Rain,True,69.0,False,False,0.881,Severe,13.5,58.0,406.0,0.202,0.467,0.893,Heavy rain reducing visibility and grip - reduced speed and longer buffer advised
EVT436674,2026-03-29 14:12:07,Sports Fixture,J011,Indiranagar 100ft Road,28813,Weekend,False,Clear,False,0.0,False,False,0.385,Moderate,23.1,36.2,223.6,0.148,0.341,0.974,Moderate traffic flow - standard adaptive signal timing in effect
EVT436675,2025-09-28 07:33:09,Local Market Day,J011,Indiranagar 100ft Road,2594,Weekend,False,Clear,False,0.0,False,False,0.601,High,22.6,44.2,225.3,0.16,0.369,0.966,Moderate traffic flow - standard adaptive signal timing in effect
EVT436676,2025-03-28 21:11:05,Local Market Day,J040,City Market,3109,Weekday,False,Clear,False,0.0,False,False,0.338,Low,29.7,21.2,87.9,0.069,0.16,0.989,Moderate traffic flow - standard adaptive signal timing in effect
EVT436677,2026-06-23 16:57:47,Sports Fixture,J023,Basavanagudi,27494,Weekday,False,Clear,False,0.0,False,False,0.843,Severe,14.6,59.9,256.8,0.129,0.298,0.924,Heavy congestion detected - signal timing extended and reroute suggested
EVT436678,2025-08-03 21:13:22,Trade Fair,J031,Cubbon Road,7738,Weekend,False,Rain,True,24.0,False,False,0.697,High,18.9,49.1,375.0,0.242,0.558,0.931,Heavy rain reducing visibility and grip - reduced speed and longer buffer advised
EVT436679,2025-04-29 13:52:16,Concert,J040,City Market,12011,Weekday,False,Clear,False,0.0,False,False,0.171,Low,34.0,20.2,166.9,0.144,0.332,0.954,Normal free-flow traffic - standard signal timing maintained
EVT436680,2026-03-06 16:16:24,Sports Fixture,J011,Indiranagar 100ft Road,38606,Weekday,False,Clear,False,0.0,False,False,0.677,High,21.3,49.7,227.9,0.165,0.381,0.931,Moderate traffic flow - standard adaptive signal timing in effect
EVT436681,2025-08-25 16:53:50,Local Market Day,J012,Koramangala Sony World,4076,Weekday,False,Heavy Rain,True,46.5,False,False,1.0,Severe,9.2,63.5,263.7,0.1,0.232,0.86,Heavy rain reducing visibility and grip - reduced speed and longer buffer advised
EVT436682,2025-02-16 06:10:22,Concert,J023,Basavanagudi,12450,Weekend,False,Clear,False,0.0,False,False,0.332,Low,27.4,20.0,137.8,0.082,0.19,0.948,Moderate traffic flow - standard adaptive signal timing in effect
EVT436683,2025-03-27 07:54:23,Concert,J023,Basavanagudi,14185,Weekday,False,Clear,False,0.0,False,False,0.895,Severe,11.7,62.6,203.9,0.11,0.254,0.946,Heavy congestion detected - signal timing extended and reroute suggested
EVT436684,2025-09-28 17:43:36,Concert,J011,Indiranagar 100ft Road,10834,Weekend,False,Clear,False,0.0,False,False,0.67,High,17.2,54.1,240.4,0.136,0.314,0.96,Moderate traffic flow - standard adaptive signal timing in effect
EVT436685,2026-05-17 20:48:52,Local Market Day,J023,Basavanagudi,4302,Weekend,False,Clear,False,0.0,False,False,0.534,Moderate,24.1,37.6,210.4,0.143,0.331,0.959,Moderate traffic flow - standard adaptive signal timing in effect
EVT436686,2025-05-29 05:09:20,Trade Fair,J020,Malleshwaram Circle,6038,Weekday,False,Clear,False,0.0,False,False,0.195,Low,30.1,13.0,190.7,0.156,0.36,0.952,Normal free-flow traffic - standard signal timing maintained
EVT436687,2025-02-22 17:55:21,Trade Fair,J030,MG Road,5300,Weekend,False,Clear,False,0.0,False,False,0.857,Severe,12.4,62.1,447.2,0.175,0.404,0.928,Heavy congestion detected - signal timing extended and reroute suggested
EVT436688,2025-08-06 21:45:15,Local Market Day,J040,City Market,3628,Weekday,False,Light Rain,True,6.1,False,False,0.43,Moderate,26.2,36.0,154.7,0.118,0.274,0.915,Light rain detected - minor speed reduction advised
EVT436689,2025-02-21 20:54:58,Local Market Day,J023,Basavanagudi,5477,Weekday,False,Clear,False,0.0,False,False,0.471,Moderate,25.8,27.2,143.3,0.111,0.257,0.953,Moderate traffic flow - standard adaptive signal timing in effect
EVT436690,2026-04-06 08:04:24,Trade Fair,J009,Majestic,10255,Weekday,False,Clear,False,0.0,False,False,0.893,Severe,10.3,62.3,450.0,0.185,0.427,0.938,Heavy congestion detected - signal timing extended and reroute suggested
EVT436691,2026-04-10 17:40:47,Concert,J020,Malleshwaram Circle,15285,Weekday,False,Clear,False,0.0,False,False,0.998,Severe,9.3,72.6,501.4,0.197,0.455,0.916,Heavy congestion detected - signal timing extended and reroute suggested
EVT436692,2025-09-16 16:04:32,Trade Fair,J031,Cubbon Road,7818,Weekday,False,Clear,False,0.0,False,False,0.473,Moderate,31.0,28.6,144.4,0.137,0.317,0.96,Moderate traffic flow - standard adaptive signal timing in effect
EVT436693,2025-07-27 09:23:52,Trade Fair,J011,Indiranagar 100ft Road,10551,Weekend,False,Clear,False,0.0,False,False,0.795,Severe,13.2,51.8,343.4,0.17,0.392,0.95,Heavy congestion detected - signal timing extended and reroute suggested
EVT436694,2025-03-02 13:47:27,Local Market Day,J031,Cubbon Road,3484,Weekend,False,Clear,False,0.0,False,False,0.16,Low,33.8,15.4,185.1,0.118,0.272,0.99,Normal free-flow traffic - standard signal timing maintained
EVT436695,2026-03-12 23:08:28,Sports Fixture,J030,MG Road,8974,Weekday,False,Clear,False,0.0,False,False,0.32,Low,19.2,25.0,140.3,0.074,0.172,0.978,Moderate traffic flow - standard adaptive signal timing in effect
EVT436696,2025-08-05 00:09:54,Sports Fixture,J031,Cubbon Road,30172,Weekday,False,Clear,False,0.0,False,False,0.347,Low,32.4,24.1,117.8,0.102,0.235,0.949,Moderate traffic flow - standard adaptive signal timing in effect
EVT436697,2025-04-10 10:57:59,Sports Fixture,J011,Indiranagar 100ft Road,29863,Weekday,False,Clear,False,0.0,False,False,0.591,High,15.9,40.6,343.4,0.172,0.397,0.964,Moderate traffic flow - standard adaptive signal timing in effect
EVT436698,2026-01-31 07:45:12,Local Market Day,J020,Malleshwaram Circle,2179,Weekend,False,Clear,False,0.0,False,False,0.646,High,16.4,44.8,219.7,0.132,0.305,0.967,Moderate traffic flow - standard adaptive signal timing in effect
EVT436699,2025-02-07 15:46:20,Sports Fixture,J031,Cubbon Road,38752,Weekday,False,Clear,False,0.0,False,False,0.625,High,19.3,39.8,205.5,0.123,0.284,0.97,Moderate traffic flow - standard adaptive signal timing in effect
EVT436700,2026-06-20 09:04:02,Local Market Day,J011,Indiranagar 100ft Road,3542,Weekend,False,Clear,False,0.0,False,False,0.814,Severe,14.9,63.5,193.6,0.104,0.24,0.933,Heavy congestion detected - signal timing extended and reroute suggested
EVT436701,2025-09-16 19:08:28,Concert,J020,Malleshwaram Circle,16142,Weekday,False,Clear,False,0.0,False,False,1.0,Severe,7.1,71.6,297.3,0.083,0.192,0.924,Heavy congestion detected - signal timing extended and reroute suggested
EVT436702,2026-01-28 12:35:53,Concert,J040,City Market,12931,Weekday,False,Clear,False,0.0,False,False,0.179,Low,32.8,16.6,191.7,0.16,0.37,0.959,Normal free-flow traffic - standard signal timing maintained
EVT436703,2025-03-18 15:18:31,Local Market Day,J030,MG Road,3149,Weekday,False,Clear,False,0.0,False,False,0.324,Low,31.7,27.4,163.0,0.122,0.283,0.965,Moderate traffic flow - standard adaptive signal timing in effect
EVT436704,2026-02-03 13:28:57,Trade Fair,J020,Malleshwaram Circle,6910,Weekday,False,Clear,False,0.0,False,False,0.201,Low,32.4,14.2,96.5,0.067,0.155,0.98,Normal free-flow traffic - standard signal timing maintained
EVT436705,2025-02-26 09:09:05,Local Market Day,J011,Indiranagar 100ft Road,2179,Weekday,False,Clear,False,0.0,False,False,0.979,Severe,11.2,73.0,326.1,0.162,0.373,0.943,Heavy congestion detected - signal timing extended and reroute suggested
EVT436706,2025-03-19 10:25:10,Concert,J012,Koramangala Sony World,12042,Weekday,False,Clear,False,0.0,False,False,0.723,High,16.8,52.1,242.5,0.147,0.34,0.949,Moderate traffic flow - standard adaptive signal timing in effect
EVT436707,2026-01-13 08:53:57,Political Rally,J009,Majestic,19070,Weekday,False,Clear,False,0.0,False,False,1.0,Severe,10.4,77.1,736.1,0.278,0.643,0.899,Heavy congestion detected - signal timing extended and reroute suggested
EVT436708,2025-12-25 18:20:16,Religious Festival,J040,City Market,72446,Weekday,True,Fog,False,0.0,False,True,1.0,Severe,8.3,107.0,484.8,0.177,0.409,0.837,Road closure for event/procession - full detour recommended for through-traffic
EVT436709,2025-08-18 09:50:58,Local Market Day,J012,Koramangala Sony World,4586,Weekday,False,Light Rain,True,0.7,False,False,0.893,Severe,13.6,67.3,399.8,0.204,0.472,0.902,Heavy rain reducing visibility and grip - reduced speed and longer buffer advised
EVT436710,2025-10-30 13:14:48,Trade Fair,J031,Cubbon Road,7059,Weekday,False,Clear,False,0.0,False,False,0.224,Low,32.0,18.8,158.6,0.156,0.361,0.967,Normal free-flow traffic - standard signal timing maintained
EVT436711,2026-01-17 14:05:59,Local Market Day,J020,Malleshwaram Circle,2777,Weekend,False,Fog,False,0.0,False,False,0.224,Low,34.9,21.6,151.8,0.127,0.293,0.97,Normal free-flow traffic - standard signal timing maintained
EVT436712,2025-12-28 23:41:11,Concert,J020,Malleshwaram Circle,11082,Weekend,False,Clear,False,0.0,False,False,0.275,Low,30.9,16.1,156.2,0.121,0.28,0.956,Moderate traffic flow - standard adaptive signal timing in effect
EVT436713,2025-02-18 18:13:10,Trade Fair,J040,City Market,16513,Weekday,False,Clear,False,0.0,False,False,0.963,Severe,9.6,68.6,861.5,0.322,0.744,0.91,Heavy congestion detected - signal timing extended and reroute suggested
EVT436714,2025-04-12 07:37:34,Concert,J012,Koramangala Sony World,22580,Weekend,False,Clear,False,0.0,False,False,0.73,High,16.6,55.9,302.6,0.182,0.42,0.966,Moderate traffic flow - standard adaptive signal timing in effect
EVT436715,2025-02-11 08:07:24,Local Market Day,J012,Koramangala Sony World,4908,Weekday,False,Clear,False,0.0,False,False,0.813,Severe,12.6,55.3,249.5,0.111,0.257,0.989,Heavy congestion detected - signal timing extended and reroute suggested
EVT436716,2025-12-27 17:01:18,Trade Fair,J023,Basavanagudi,9245,Weekend,False,Clear,False,0.0,False,False,0.736,High,17.9,53.3,154.2,0.097,0.223,0.959,Moderate traffic flow - standard adaptive signal timing in effect
EVT436717,2026-05-19 11:13:32,Trade Fair,J020,Malleshwaram Circle,7451,Weekday,False,Clear,False,0.0,False,False,0.467,Moderate,23.7,26.7,172.8,0.121,0.28,0.977,Moderate traffic flow - standard adaptive signal timing in effect
EVT436718,2025-12-02 12:35:56,Local Market Day,J040,City Market,5300,Weekday,False,Clear,False,0.0,False,False,0.215,Low,36.2,13.1,64.9,0.055,0.127,0.976,Normal free-flow traffic - standard signal timing maintained
EVT436719,2026-05-20 10:07:07,Trade Fair,J030,MG Road,20102,Weekday,False,Clear,False,0.0,False,False,0.785,Severe,14.5,54.3,254.8,0.122,0.283,0.941,Heavy congestion detected - signal timing extended and reroute suggested
EVT436720,2026-05-16 10:08:02,Local Market Day,J040,City Market,4672,Weekend,False,Clear,False,0.0,False,False,0.708,High,17.9,50.0,111.4,0.054,0.125,0.97,Moderate traffic flow - standard adaptive signal timing in effect
EVT436721,2026-05-03 18:52:44,Sports Fixture,J020,Malleshwaram Circle,17137,Weekend,False,Clear,False,0.0,False,False,0.972,Severe,9.2,73.8,704.8,0.272,0.629,0.906,Heavy congestion detected - signal timing extended and reroute suggested
EVT436722,2026-01-10 09:45:07,Concert,J011,Indiranagar 100ft Road,12586,Weekend,False,Clear,False,0.0,False,False,0.758,Severe,17.6,54.7,156.0,0.087,0.202,0.953,Heavy congestion detected - signal timing extended and reroute suggested
EVT436723,2025-12-06 06:16:16,Concert,J020,Malleshwaram Circle,4409,Weekend,False,Clear,False,0.0,False,False,0.249,Low,37.3,20.3,163.0,0.156,0.361,0.966,Normal free-flow traffic - standard signal timing maintained
EVT436724,2025-10-30 10:57:28,Political Rally,J040,City Market,19716,Weekday,False,Clear,False,0.0,False,False,0.603,High,25.0,38.6,155.3,0.134,0.31,0.969,Moderate traffic flow - standard adaptive signal timing in effect
EVT436725,2025-03-04 14:33:07,Political Rally,J011,Indiranagar 100ft Road,16698,Weekday,False,Clear,False,0.0,False,False,0.313,Low,30.6,25.3,244.4,0.192,0.445,0.979,Moderate traffic flow - standard adaptive signal timing in effect
EVT436726,2025-11-22 08:58:17,Concert,J009,Majestic,20647,Weekend,False,Clear,False,0.0,False,False,0.949,Severe,8.5,72.6,487.8,0.178,0.41,0.92,Heavy congestion detected - signal timing extended and reroute suggested
EVT436727,2025-01-17 18:41:18,Political Rally,J023,Basavanagudi,24260,Weekday,False,Clear,False,0.0,False,False,1.0,Severe,7.6,75.2,855.7,0.256,0.591,0.914,Heavy congestion detected - signal timing extended and reroute suggested
EVT436728,2025-07-10 08:30:01,Local Market Day,J012,Koramangala Sony World,4734,Weekday,False,Light Rain,True,3.1,False,False,1.0,Severe,6.5,66.8,672.0,0.185,0.426,0.855,Heavy rain reducing visibility and grip - reduced speed and longer buffer advised
EVT436729,2026-06-07 17:00:25,Sports Fixture,J011,Indiranagar 100ft Road,22282,Weekend,False,Clear,False,0.0,False,False,0.683,High,21.1,49.6,273.9,0.174,0.401,0.98,Moderate traffic flow - standard adaptive signal timing in effect
EVT436730,2025-12-23 10:21:17,Political Rally,J011,Indiranagar 100ft Road,20827,Weekday,False,Clear,False,0.0,False,False,0.746,High,13.7,53.6,299.5,0.138,0.32,0.976,Moderate traffic flow - standard adaptive signal timing in effect
EVT436731,2025-02-09 19:21:02,Concert,J030,MG Road,20319,Weekend,False,Fog,False,0.0,False,False,0.845,Severe,14.0,60.1,387.9,0.198,0.458,0.934,Heavy congestion detected - signal timing extended and reroute suggested
EVT436732,2025-06-26 06:38:13,Local Market Day,J012,Koramangala Sony World,3952,Weekday,False,Clear,False,0.0,False,False,0.27,Low,33.6,19.8,125.1,0.127,0.294,0.958,Moderate traffic flow - standard adaptive signal timing in effect
EVT436733,2026-02-21 09:13:58,Trade Fair,J011,Indiranagar 100ft Road,12773,Weekend,False,Clear,False,0.0,False,False,0.87,Severe,11.5,65.3,344.3,0.149,0.345,0.971,Heavy congestion detected - signal timing extended and reroute suggested
EVT436734,2025-09-07 07:07:52,Trade Fair,J023,Basavanagudi,6138,Weekend,False,Rain,True,18.8,False,False,0.677,High,22.7,44.8,119.2,0.092,0.212,0.913,Heavy rain reducing visibility and grip - reduced speed and longer buffer advised
EVT436735,2025-12-28 19:50:25,Local Market Day,J009,Majestic,4049,Weekend,False,Clear,False,0.0,False,False,0.651,High,18.4,49.1,272.7,0.15,0.347,0.971,Moderate traffic flow - standard adaptive signal timing in effect
EVT436736,2026-01-17 22:37:29,Trade Fair,J012,Koramangala Sony World,9994,Weekend,False,Clear,False,0.0,False,False,0.325,Low,29.2,25.8,150.4,0.117,0.271,0.976,Moderate traffic flow - standard adaptive signal timing in effect
EVT436737,2025-11-05 08:36:02,Local Market Day,J020,Malleshwaram Circle,3908,Weekday,False,Clear,False,0.0,False,False,0.919,Severe,11.0,61.9,425.2,0.187,0.432,0.93,Heavy congestion detected - signal timing extended and reroute suggested
EVT436738,2026-01-02 18:31:27,Religious Festival,J040,City Market,77545,Weekday,True,Fog,False,0.0,False,True,1.0,Severe,7.5,105.0,826.5,0.273,0.631,0.807,Road closure for event/procession - full detour recommended for through-traffic
EVT436739,2025-04-30 09:36:09,Trade Fair,J040,City Market,10511,Weekday,False,Clear,False,0.0,False,False,0.976,Severe,7.7,70.2,687.8,0.215,0.498,0.913,Heavy congestion detected - signal timing extended and reroute suggested
EVT436740,2025-12-28 16:10:03,Sports Fixture,J009,Majestic,28057,Weekend,False,Clear,False,0.0,False,False,0.679,High,14.9,50.9,214.7,0.115,0.266,0.985,Moderate traffic flow - standard adaptive signal timing in effect
EVT436741,2025-10-25 12:39:21,Trade Fair,J023,Basavanagudi,15336,Weekend,False,Clear,False,0.0,False,False,0.413,Moderate,32.1,26.2,99.1,0.099,0.23,0.964,Moderate traffic flow - standard adaptive signal timing in effect
EVT436742,2025-07-15 19:19:19,Local Market Day,J012,Koramangala Sony World,4745,Weekday,False,Heavy Rain,True,38.3,False,False,1.0,Severe,7.4,72.0,751.3,0.223,0.515,0.846,Heavy rain reducing visibility and grip - reduced speed and longer buffer advised
EVT436743,2025-03-19 09:54:11,Local Market Day,J030,MG Road,3172,Weekday,False,Clear,False,0.0,False,False,0.837,Severe,13.3,59.9,358.3,0.168,0.389,0.924,Heavy congestion detected - signal timing extended and reroute suggested
EVT436744,2025-08-24 14:13:43,Political Rally,J020,Malleshwaram Circle,15731,Weekend,False,Clear,False,0.0,False,False,0.381,Moderate,22.3,28.8,302.5,0.194,0.449,0.977,Moderate traffic flow - standard adaptive signal timing in effect
EVT436745,2025-06-01 04:55:28,Sports Fixture,J031,Cubbon Road,11282,Weekend,False,Clear,False,0.0,False,False,0.268,Low,34.6,18.0,45.0,0.042,0.097,0.969,Moderate traffic flow - standard adaptive signal timing in effect
EVT436746,2025-05-10 10:38:54,Concert,J012,Koramangala Sony World,8334,Weekend,False,Clear,False,0.0,False,False,0.509,Moderate,22.9,37.1,175.6,0.102,0.235,0.978,Moderate traffic flow - standard adaptive signal timing in effect
EVT436747,2026-01-04 21:37:36,Sports Fixture,J030,MG Road,20164,Weekend,False,Clear,False,0.0,False,False,0.462,Moderate,29.7,29.8,204.2,0.184,0.425,0.964,Moderate traffic flow - standard adaptive signal timing in effect
EVT436748,2026-01-17 18:16:42,Concert,J011,Indiranagar 100ft Road,11112,Weekend,False,Clear,False,0.0,False,False,0.87,Severe,14.2,58.5,208.8,0.122,0.281,0.947,Heavy congestion detected - signal timing extended and reroute suggested
EVT436749,2026-01-25 10:09:52,Concert,J023,Basavanagudi,17675,Weekend,False,Clear,False,0.0,False,False,0.732,High,18.6,51.9,398.9,0.24,0.555,0.987,Moderate traffic flow - standard adaptive signal timing in effect
EVT436750,2025-05-16 13:06:10,Concert,J009,Majestic,16011,Weekday,False,Clear,False,0.0,False,False,0.251,Low,34.3,17.2,177.2,0.153,0.353,0.962,Moderate traffic flow - standard adaptive signal timing in effect
EVT436751,2026-06-03 17:41:26,Sports Fixture,J011,Indiranagar 100ft Road,40158,Weekday,False,Rain,True,12.5,False,False,1.0,Severe,7.3,73.1,635.8,0.19,0.439,0.851,Heavy rain reducing visibility and grip - reduced speed and longer buffer advised
EVT436752,2025-08-27 12:52:54,Cultural Procession,J012,Koramangala Sony World,13615,Weekday,True,Clear,False,0.0,False,True,0.549,Moderate,30.6,53.6,231.7,0.206,0.475,0.871,Road closure for event/procession - full detour recommended for through-traffic
EVT436753,2025-10-18 10:45:13,Local Market Day,J011,Indiranagar 100ft Road,3948,Weekend,False,Clear,False,0.0,False,False,0.519,Moderate,27.2,43.3,187.7,0.145,0.336,0.959,Moderate traffic flow - standard adaptive signal timing in effect
EVT436754,2025-03-05 16:36:20,Sports Fixture,J023,Basavanagudi,32229,Weekday,False,Clear,False,0.0,False,False,0.747,High,17.4,55.3,260.7,0.156,0.361,0.951,Moderate traffic flow - standard adaptive signal timing in effect
EVT436755,2025-01-18 08:22:01,Political Rally,J040,City Market,11984,Weekend,False,Clear,False,0.0,False,False,0.91,Severe,10.2,65.3,486.7,0.188,0.435,0.906,Heavy congestion detected - signal timing extended and reroute suggested
EVT436756,2026-06-09 12:23:14,Political Rally,J009,Majestic,13927,Weekday,False,Heavy Rain,True,34.2,False,False,0.543,Moderate,27.2,36.8,261.3,0.19,0.439,0.914,Light rain detected - minor speed reduction advised
EVT436757,2025-08-23 16:06:29,Sports Fixture,J011,Indiranagar 100ft Road,20047,Weekend,False,Clear,False,0.0,False,False,0.467,Moderate,21.6,29.8,257.5,0.17,0.393,0.946,Moderate traffic flow - standard adaptive signal timing in effect
EVT436758,2025-04-08 23:27:51,Concert,J031,Cubbon Road,13055,Weekday,False,Clear,False,0.0,False,False,0.159,Low,31.8,13.1,85.7,0.067,0.154,0.961,Normal free-flow traffic - standard signal timing maintained
EVT436759,2025-09-23 10:49:09,Concert,J040,City Market,11716,Weekday,False,Clear,False,0.0,True,False,0.977,Severe,8.0,71.2,1037.2,0.33,0.762,0.764,Accident detected nearby - reroute and reduced speed advised
EVT436760,2025-10-21 19:28:47,Cultural Procession,J020,Malleshwaram Circle,6854,Weekday,True,Clear,False,0.0,False,False,1.0,Severe,9.1,69.8,753.2,0.267,0.616,0.863,Festival crowd surge detected - alternate route and extended cycle recommended
EVT436761,2025-05-18 21:54:30,Sports Fixture,J011,Indiranagar 100ft Road,28798,Weekend,False,Clear,False,0.0,False,False,0.498,Moderate,19.7,33.9,221.4,0.125,0.29,0.98,Moderate traffic flow - standard adaptive signal timing in effect
EVT436762,2026-03-20 12:52:42,Cultural Procession,J031,Cubbon Road,25205,Weekday,True,Clear,False,0.0,False,False,0.513,Moderate,22.5,33.6,244.2,0.168,0.389,0.902,Festival crowd surge detected - alternate route and extended cycle recommended
EVT436763,2025-05-08 15:55:43,Trade Fair,J031,Cubbon Road,8620,Weekday,False,Clear,False,0.0,False,False,0.418,Moderate,27.7,31.5,134.7,0.109,0.252,0.962,Moderate traffic flow - standard adaptive signal timing in effect
EVT436764,2026-02-14 19:43:57,Concert,J012,Koramangala Sony World,15021,Weekend,False,Clear,False,0.0,False,False,0.847,Severe,15.7,60.7,444.9,0.237,0.546,0.942,Heavy congestion detected - signal timing extended and reroute suggested
EVT436765,2025-10-07 16:56:23,Local Market Day,J031,Cubbon Road,5237,Weekday,False,Clear,False,0.0,False,False,0.746,High,13.9,55.9,484.0,0.251,0.579,0.962,Moderate traffic flow - standard adaptive signal timing in effect
EVT436766,2026-02-19 18:32:23,Political Rally,J031,Cubbon Road,10154,Weekday,False,Clear,False,0.0,False,False,1.0,Severe,8.4,71.9,370.6,0.173,0.4,0.94,Heavy congestion detected - signal timing extended and reroute suggested
EVT436767,2025-07-26 07:24:46,Local Market Day,J011,Indiranagar 100ft Road,4156,Weekend,False,Heavy Rain,True,53.4,False,False,0.967,Severe,11.7,63.3,482.1,0.217,0.5,0.841,Heavy rain reducing visibility and grip - reduced speed and longer buffer advised
EVT436768,2026-02-02 05:35:32,Sports Fixture,J011,Indiranagar 100ft Road,29690,Weekday,False,Clear,False,0.0,False,False,0.31,Low,27.0,28.4,194.1,0.117,0.27,0.961,Moderate traffic flow - standard adaptive signal timing in effect
EVT436769,2026-06-16 21:27:35,Local Market Day,J020,Malleshwaram Circle,2671,Weekday,False,Rain,True,18.8,False,False,0.595,High,20.7,36.8,319.9,0.202,0.466,0.901,Heavy rain reducing visibility and grip - reduced speed and longer buffer advised
EVT436770,2026-03-11 08:27:11,Sports Fixture,J030,MG Road,15999,Weekday,False,Clear,False,0.0,False,False,0.921,Severe,11.6,67.3,498.2,0.241,0.557,0.965,Heavy congestion detected - signal timing extended and reroute suggested
EVT436771,2026-02-25 13:03:08,Local Market Day,J040,City Market,5392,Weekday,False,Clear,False,0.0,False,False,0.144,Low,33.8,6.4,121.0,0.091,0.211,0.981,Normal free-flow traffic - standard signal timing maintained
EVT436772,2026-02-11 18:19:41,Concert,J020,Malleshwaram Circle,10282,Weekday,False,Clear,False,0.0,False,False,1.0,Severe,7.1,70.3,338.4,0.089,0.206,0.929,Heavy congestion detected - signal timing extended and reroute suggested
EVT436773,2025-12-16 21:14:42,Local Market Day,J011,Indiranagar 100ft Road,3039,Weekday,False,Clear,False,0.0,False,False,0.372,Moderate,26.1,28.7,193.3,0.16,0.369,0.965,Moderate traffic flow - standard adaptive signal timing in effect
EVT436774,2026-06-13 22:40:34,Political Rally,J020,Malleshwaram Circle,10807,Weekend,False,Heavy Rain,True,26.3,False,False,0.547,Moderate,24.0,40.3,194.5,0.125,0.289,0.91,Light rain detected - minor speed reduction advised
EVT436775,2025-10-11 06:06:54,Sports Fixture,J012,Koramangala Sony World,32940,Weekend,False,Heavy Rain,True,71.7,False,False,0.799,Severe,15.9,57.6,306.3,0.184,0.426,0.884,Heavy rain reducing visibility and grip - reduced speed and longer buffer advised
EVT436776,2025-03-11 21:00:01,Concert,J040,City Market,15805,Weekday,False,Clear,False,0.0,False,False,0.477,Moderate,28.1,32.5,149.8,0.128,0.295,0.958,Moderate traffic flow - standard adaptive signal timing in effect
EVT436777,2026-04-08 09:12:12,Trade Fair,J012,Koramangala Sony World,9020,Weekday,False,Clear,False,0.0,False,False,1.0,Severe,6.8,70.5,1008.6,0.274,0.633,0.894,Heavy congestion detected - signal timing extended and reroute suggested
EVT436778,2025-12-28 12:36:19,Trade Fair,J009,Majestic,10097,Weekend,False,Clear,False,0.0,False,False,0.298,Low,35.5,22.2,54.4,0.049,0.114,0.968,Moderate traffic flow - standard adaptive signal timing in effect
EVT436779,2026-05-23 21:37:50,Concert,J023,Basavanagudi,10856,Weekend,False,Clear,False,0.0,False,False,0.462,Moderate,26.1,37.7,219.1,0.171,0.395,0.956,Moderate traffic flow - standard adaptive signal timing in effect
EVT436780,2025-12-20 14:42:29,Concert,J040,City Market,10379,Weekend,False,Clear,False,0.0,False,False,0.331,Low,23.5,20.7,157.6,0.111,0.256,0.95,Moderate traffic flow - standard adaptive signal timing in effect
EVT436781,2026-04-27 13:38:56,Political Rally,J011,Indiranagar 100ft Road,13242,Weekday,False,Clear,False,0.0,False,False,0.259,Low,37.2,22.3,127.7,0.115,0.266,0.979,Moderate traffic flow - standard adaptive signal timing in effect
EVT436782,2026-03-31 18:39:45,Sports Fixture,J011,Indiranagar 100ft Road,38155,Weekday,False,Clear,False,0.0,False,False,1.0,Severe,9.3,71.0,666.7,0.253,0.584,0.905,Heavy congestion detected - signal timing extended and reroute suggested
EVT436783,2026-06-16 18:20:26,Concert,J030,MG Road,9238,Weekday,False,Heavy Rain,True,92.7,False,False,1.0,Severe,8.3,74.4,595.9,0.199,0.46,0.859,Heavy rain reducing visibility and grip - reduced speed and longer buffer advised
EVT436784,2026-05-28 08:41:22,Political Rally,J023,Basavanagudi,7972,Weekday,False,Rain,True,8.9,False,False,1.0,Severe,10.4,76.9,446.7,0.165,0.38,0.873,Heavy rain reducing visibility and grip - reduced speed and longer buffer advised
EVT436785,2026-05-31 17:41:03,Sports Fixture,J023,Basavanagudi,19433,Weekend,False,Clear,False,0.0,False,False,0.911,Severe,9.5,72.5,638.1,0.238,0.549,0.93,Heavy congestion detected - signal timing extended and reroute suggested
EVT436786,2026-03-21 12:03:55,Local Market Day,J020,Malleshwaram Circle,5434,Weekend,False,Clear,False,0.0,False,False,0.312,Low,31.5,17.7,191.7,0.169,0.39,0.971,Moderate traffic flow - standard adaptive signal timing in effect
EVT436787,2025-04-22 18:20:11,Local Market Day,J023,Basavanagudi,3044,Weekday,False,Clear,False,0.0,False,False,1.0,Severe,7.4,67.5,825.7,0.264,0.609,0.911,Heavy congestion detected - signal timing extended and reroute suggested
EVT436788,2026-03-13 18:52:26,Local Market Day,J020,Malleshwaram Circle,5208,Weekday,False,Clear,False,0.0,False,False,0.994,Severe,9.0,68.9,593.3,0.241,0.557,0.897,Heavy congestion detected - signal timing extended and reroute suggested
EVT436789,2026-02-05 17:25:32,Local Market Day,J023,Basavanagudi,3852,Weekday,False,Light Rain,True,1.7,False,False,0.868,Severe,15.6,55.8,232.7,0.127,0.292,0.905,Heavy rain reducing visibility and grip - reduced speed and longer buffer advised
EVT436790,2025-12-25 09:42:50,Religious Festival,J011,Indiranagar 100ft Road,41084,Weekday,True,Clear,False,0.0,False,True,1.0,Severe,7.8,95.2,722.7,0.243,0.562,0.871,Road closure for event/procession - full detour recommended for through-traffic
EVT436791,2026-01-28 19:21:42,Local Market Day,J031,Cubbon Road,6178,Weekday,False,Clear,False,0.0,False,False,0.964,Severe,11.5,68.8,358.6,0.166,0.383,0.907,Heavy congestion detected - signal timing extended and reroute suggested
EVT436792,2025-02-22 16:04:30,Concert,J009,Majestic,6925,Weekend,False,Clear,False,0.0,False,False,0.461,Moderate,25.8,34.8,155.2,0.132,0.305,0.96,Moderate traffic flow - standard adaptive signal timing in effect
EVT436793,2025-06-22 07:19:56,Local Market Day,J030,MG Road,7322,Weekend,False,Heavy Rain,True,93.0,False,False,0.936,Severe,10.9,69.8,503.9,0.215,0.496,0.842,Heavy rain reducing visibility and grip - reduced speed and longer buffer advised
EVT436794,2026-01-06 16:22:00,Trade Fair,J012,Koramangala Sony World,9256,Weekday,False,Clear,False,0.0,False,False,0.539,Moderate,23.9,39.3,127.0,0.104,0.241,0.977,Moderate traffic flow - standard adaptive signal timing in effect
EVT436795,2025-01-31 20:36:22,Trade Fair,J031,Cubbon Road,16609,Weekday,False,Clear,False,0.0,False,False,0.615,High,21.1,40.3,143.3,0.093,0.216,0.99,Moderate traffic flow - standard adaptive signal timing in effect
EVT436796,2025-01-11 20:12:35,Local Market Day,J012,Koramangala Sony World,2394,Weekend,False,Clear,False,0.0,False,False,0.583,High,24.4,38.8,163.9,0.115,0.265,0.959,Moderate traffic flow - standard adaptive signal timing in effect
EVT436797,2025-02-21 07:57:02,Trade Fair,J009,Majestic,5085,Weekday,False,Clear,False,0.0,True,False,1.0,Severe,7.5,72.4,383.6,0.125,0.29,0.75,Accident detected nearby - reroute and reduced speed advised
EVT436798,2025-07-01 11:31:56,Trade Fair,J040,City Market,10958,Weekday,False,Clear,False,0.0,False,False,0.372,Moderate,25.7,20.7,154.7,0.112,0.259,0.97,Moderate traffic flow - standard adaptive signal timing in effect
EVT436799,2026-06-06 16:51:07,Concert,J023,Basavanagudi,13834,Weekend,False,Clear,False,0.0,False,False,0.712,High,16.4,48.9,172.0,0.093,0.214,0.977,Moderate traffic flow - standard adaptive signal timing in effect
EVT436800,2025-04-28 07:12:31,Concert,J020,Malleshwaram Circle,13650,Weekday,False,Fog,False,0.0,False,False,0.519,Moderate,21.3,37.8,181.9,0.127,0.294,0.962,Moderate traffic flow - standard adaptive signal timing in effect
EVT436801,2025-11-02 09:00:41,Religious Festival,J023,Basavanagudi,58834,Weekend,True,Clear,False,0.0,False,True,1.0,Severe,7.4,95.2,620.3,0.2,0.462,0.825,Road closure for event/procession - full detour recommended for through-traffic
EVT436802,2025-08-21 17:15:29,Trade Fair,J031,Cubbon Road,6214,Weekday,False,Clear,False,0.0,False,False,0.839,Severe,16.7,57.7,224.7,0.14,0.324,0.933,Heavy congestion detected - signal timing extended and reroute suggested
EVT436803,2025-01-08 19:13:05,Local Market Day,J040,City Market,4444,Weekday,False,Clear,False,0.0,False,False,0.973,Severe,9.8,65.7,713.6,0.255,0.588,0.972,Heavy congestion detected - signal timing extended and reroute suggested
EVT436804,2025-09-06 08:00:54,Religious Festival,J011,Indiranagar 100ft Road,42277,Weekend,True,Clear,False,0.0,False,True,1.0,Severe,8.2,109.7,378.7,0.135,0.312,0.848,Road closure for event/procession - full detour recommended for through-traffic
EVT436805,2025-06-16 13:21:58,Sports Fixture,J009,Majestic,20545,Weekday,False,Clear,False,0.0,False,False,0.311,Low,27.4,22.6,163.3,0.155,0.357,0.97,Moderate traffic flow - standard adaptive signal timing in effect
EVT436806,2026-06-02 09:14:01,Concert,J011,Indiranagar 100ft Road,9122,Weekday,False,Clear,False,0.0,False,False,1.0,Severe,9.7,70.1,402.3,0.166,0.384,0.954,Heavy congestion detected - signal timing extended and reroute suggested
EVT436807,2025-09-08 08:54:09,Trade Fair,J023,Basavanagudi,7197,Weekday,False,Clear,False,0.0,False,False,1.0,Severe,7.9,75.1,656.2,0.208,0.48,0.921,Heavy congestion detected - signal timing extended and reroute suggested
EVT436808,2026-02-19 20:31:49,Concert,J040,City Market,8725,Weekday,False,Clear,False,0.0,False,False,0.603,High,18.5,42.2,260.8,0.149,0.344,0.971,Moderate traffic flow - standard adaptive signal timing in effect
EVT436809,2025-02-24 18:27:01,Concert,J012,Koramangala Sony World,11545,Weekday,False,Clear,False,0.0,False,False,0.983,Severe,9.5,69.9,563.6,0.2,0.462,0.92,Heavy congestion detected - signal timing extended and reroute suggested
EVT436810,2026-06-29 19:37:30,Local Market Day,J012,Koramangala Sony World,8505,Weekday,False,Fog,False,0.0,False,False,0.807,Severe,18.5,52.6,354.9,0.255,0.588,0.954,Heavy congestion detected - signal timing extended and reroute suggested
EVT436811,2025-03-24 20:29:47,Sports Fixture,J023,Basavanagudi,14908,Weekday,False,Clear,False,0.0,False,False,0.695,High,22.4,46.1,311.3,0.208,0.481,0.99,Moderate traffic flow - standard adaptive signal timing in effect
EVT436812,2026-01-26 08:36:33,Religious Festival,J031,Cubbon Road,22011,Weekday,True,Clear,False,0.0,False,False,1.0,Severe,9.6,68.0,521.9,0.213,0.491,0.847,Festival crowd surge detected - alternate route and extended cycle recommended
EVT436813,2025-05-21 13:37:42,Concert,J040,City Market,9787,Weekday,False,Fog,False,0.0,False,False,0.218,Low,25.2,8.5,129.3,0.082,0.189,0.967,Normal free-flow traffic - standard signal timing maintained
EVT436814,2025-06-13 14:37:50,Concert,J040,City Market,14582,Weekday,False,Heavy Rain,True,41.4,False,False,0.609,High,21.9,47.4,273.1,0.178,0.412,0.914,Heavy rain reducing visibility and grip - reduced speed and longer buffer advised
EVT436815,2026-04-19 17:19:53,Concert,J031,Cubbon Road,10698,Weekend,False,Clear,False,0.0,False,False,0.702,High,19.9,54.4,489.6,0.303,0.7,0.959,Moderate traffic flow - standard adaptive signal timing in effect
EVT436816,2025-04-08 08:27:29,Trade Fair,J030,MG Road,8263,Weekday,False,Clear,False,0.0,False,False,0.896,Severe,9.2,65.6,278.7,0.125,0.288,0.917,Heavy congestion detected - signal timing extended and reroute suggested
EVT436817,2026-03-19 18:55:33,Cultural Procession,J009,Majestic,23465,Weekday,True,Clear,False,0.0,False,False,1.0,Severe,11.2,72.6,267.3,0.125,0.288,0.84,Festival crowd surge detected - alternate route and extended cycle recommended
EVT436818,2025-10-06 14:45:31,Concert,J023,Basavanagudi,21636,Weekday,False,Clear,False,0.0,False,False,0.413,Moderate,27.5,29.3,129.2,0.1,0.231,0.945,Moderate traffic flow - standard adaptive signal timing in effect
EVT436819,2025-03-25 17:38:08,Sports Fixture,J040,City Market,41273,Weekday,False,Clear,False,0.0,False,False,1.0,Severe,8.0,73.8,406.3,0.155,0.358,0.905,Heavy congestion detected - signal timing extended and reroute suggested
EVT436820,2025-02-11 18:25:11,Trade Fair,J023,Basavanagudi,8356,Weekday,False,Clear,False,0.0,False,False,0.958,Severe,9.2,67.1,370.8,0.133,0.308,0.916,Heavy congestion detected - signal timing extended and reroute suggested
EVT436821,2025-12-02 08:57:11,Trade Fair,J031,Cubbon Road,10537,Weekday,False,Clear,False,0.0,False,False,1.0,Severe,9.4,70.6,603.2,0.257,0.593,0.93,Heavy congestion detected - signal timing extended and reroute suggested
EVT436822,2025-02-10 09:51:47,Concert,J009,Majestic,17496,Weekday,False,Clear,False,0.0,False,False,1.0,Severe,7.9,62.9,569.2,0.194,0.447,0.921,Heavy congestion detected - signal timing extended and reroute suggested
EVT436823,2025-02-04 20:10:05,Concert,J030,MG Road,7974,Weekday,False,Clear,False,0.0,False,False,0.711,High,18.7,54.5,277.5,0.187,0.433,0.959,Moderate traffic flow - standard adaptive signal timing in effect
EVT436824,2026-05-23 21:47:15,Sports Fixture,J023,Basavanagudi,24335,Weekend,False,Rain,True,17.2,False,False,0.698,High,17.4,51.7,234.1,0.152,0.351,0.899,Heavy rain reducing visibility and grip - reduced speed and longer buffer advised
EVT436825,2025-05-09 18:49:16,Sports Fixture,J012,Koramangala Sony World,24188,Weekday,False,Clear,False,0.0,False,False,1.0,Severe,7.2,75.2,668.0,0.225,0.52,0.92,Heavy congestion detected - signal timing extended and reroute suggested
EVT436826,2026-02-04 14:23:55,Local Market Day,J030,MG Road,4786,Weekday,False,Clear,False,0.0,False,False,0.148,Low,27.9,13.6,99.9,0.084,0.193,0.987,Normal free-flow traffic - standard signal timing maintained
EVT436827,2025-03-14 12:41:45,Religious Festival,J031,Cubbon Road,23971,Weekday,True,Clear,False,0.0,False,False,0.569,High,19.3,43.5,282.9,0.162,0.375,0.924,Festival crowd surge detected - alternate route and extended cycle recommended
EVT436828,2026-02-06 11:28:54,Political Rally,J020,Malleshwaram Circle,35453,Weekday,False,Clear,False,0.0,False,False,0.523,Moderate,28.9,26.3,183.8,0.164,0.378,0.946,Moderate traffic flow - standard adaptive signal timing in effect
EVT436829,2026-03-08 18:23:53,Concert,J009,Majestic,10551,Weekend,False,Clear,False,0.0,False,False,0.952,Severe,11.1,68.6,619.6,0.276,0.637,0.904,Heavy congestion detected - signal timing extended and reroute suggested
EVT436830,2025-02-23 19:03:26,Local Market Day,J023,Basavanagudi,3234,Weekend,False,Clear,False,0.0,False,False,0.851,Severe,10.0,62.0,662.1,0.235,0.543,0.938,Heavy congestion detected - signal timing extended and reroute suggested
EVT436831,2026-03-17 17:57:01,Sports Fixture,J012,Koramangala Sony World,23155,Weekday,False,Fog,False,0.0,False,False,1.0,Severe,8.4,71.8,489.9,0.156,0.361,0.921,Heavy congestion detected - signal timing extended and reroute suggested
EVT436832,2025-09-29 10:19:20,Political Rally,J031,Cubbon Road,23971,Weekday,False,Clear,False,0.0,False,False,0.825,Severe,16.2,54.5,310.5,0.171,0.395,0.958,Heavy congestion detected - signal timing extended and reroute suggested
EVT436833,2025-11-20 15:19:53,Local Market Day,J011,Indiranagar 100ft Road,2363,Weekday,False,Clear,False,0.0,False,False,0.4,Moderate,28.5,29.0,127.9,0.098,0.227,0.955,Moderate traffic flow - standard adaptive signal timing in effect
EVT436834,2025-04-10 17:19:51,Sports Fixture,J040,City Market,14680,Weekday,False,Light Rain,True,1.9,False,False,0.997,Severe,7.1,70.4,1020.2,0.291,0.672,0.874,Heavy rain reducing visibility and grip - reduced speed and longer buffer advised
EVT436835,2026-01-12 11:50:11,Concert,J020,Malleshwaram Circle,10546,Weekday,False,Clear,False,0.0,False,False,0.267,Low,33.3,23.6,209.8,0.194,0.447,0.99,Moderate traffic flow - standard adaptive signal timing in effect
EVT436836,2025-10-08 12:15:07,Political Rally,J031,Cubbon Road,11814,Weekday,False,Clear,False,0.0,False,False,0.294,Low,29.2,10.2,118.2,0.092,0.211,0.958,Moderate traffic flow - standard adaptive signal timing in effect
EVT436837,2026-06-15 21:47:01,Local Market Day,J040,City Market,3188,Weekday,False,Heavy Rain,True,70.4,True,False,0.924,Severe,10.7,72.2,550.5,0.209,0.483,0.707,Accident detected nearby - reroute and reduced speed advised
EVT436838,2025-08-27 10:38:56,Religious Festival,J011,Indiranagar 100ft Road,45443,Weekday,True,Heavy Rain,True,56.5,False,True,1.0,Severe,9.0,100.0,681.5,0.238,0.55,0.797,Road closure for event/procession - full detour recommended for through-traffic
EVT436839,2025-02-02 18:23:12,Concert,J030,MG Road,23529,Weekend,False,Clear,False,0.0,False,False,0.871,Severe,11.0,67.4,529.9,0.228,0.527,0.927,Heavy congestion detected - signal timing extended and reroute suggested
EVT436840,2026-06-18 14:11:13,Concert,J031,Cubbon Road,6608,Weekday,False,Clear,False,0.0,False,False,0.221,Low,36.6,12.9,75.9,0.059,0.136,0.945,Normal free-flow traffic - standard signal timing maintained
EVT436841,2025-08-06 05:28:29,Sports Fixture,J012,Koramangala Sony World,13092,Weekday,False,Light Rain,True,2.4,False,False,0.367,Moderate,28.4,26.1,185.8,0.117,0.269,0.925,Light rain detected - minor speed reduction advised
EVT436842,2025-03-19 23:34:07,Concert,J011,Indiranagar 100ft Road,15631,Weekday,False,Clear,False,0.0,False,False,0.286,Low,26.3,18.9,90.0,0.067,0.154,0.965,Moderate traffic flow - standard adaptive signal timing in effect
EVT436843,2026-06-06 09:51:27,Trade Fair,J012,Koramangala Sony World,7941,Weekend,False,Heavy Rain,True,28.2,False,False,1.0,Severe,7.5,68.9,344.5,0.129,0.298,0.886,Heavy rain reducing visibility and grip - reduced speed and longer buffer advised
EVT436844,2025-09-13 16:07:58,Political Rally,J030,MG Road,16334,Weekend,False,Clear,False,0.0,False,False,0.544,Moderate,26.8,44.9,137.2,0.119,0.276,0.965,Moderate traffic flow - standard adaptive signal timing in effect
EVT436845,2025-01-18 07:54:57,Concert,J012,Koramangala Sony World,10350,Weekend,False,Clear,False,0.0,False,False,0.768,Severe,13.3,49.8,286.1,0.142,0.327,0.959,Heavy congestion detected - signal timing extended and reroute suggested
EVT436846,2025-10-07 08:59:03,Political Rally,J031,Cubbon Road,7948,Weekday,False,Clear,False,0.0,False,False,1.0,Severe,7.7,70.5,842.8,0.252,0.582,0.934,Heavy congestion detected - signal timing extended and reroute suggested
EVT436847,2025-03-05 09:48:05,Concert,J023,Basavanagudi,11554,Weekday,False,Clear,False,0.0,False,False,0.911,Severe,12.9,63.9,395.1,0.214,0.495,0.918,Heavy congestion detected - signal timing extended and reroute suggested
EVT436848,2025-12-27 21:21:01,Sports Fixture,J031,Cubbon Road,33002,Weekend,False,Clear,False,0.0,False,False,0.631,High,20.8,51.9,287.0,0.185,0.428,0.951,Moderate traffic flow - standard adaptive signal timing in effect
EVT436849,2026-05-04 14:30:02,Political Rally,J020,Malleshwaram Circle,25183,Weekday,False,Clear,False,0.0,False,False,0.336,Low,24.3,26.4,68.4,0.034,0.079,0.974,Moderate traffic flow - standard adaptive signal timing in effect
EVT436850,2025-07-20 16:48:29,Trade Fair,J011,Indiranagar 100ft Road,12035,Weekend,False,Clear,False,0.0,False,False,0.68,High,17.0,50.8,220.9,0.112,0.259,0.95,Moderate traffic flow - standard adaptive signal timing in effect
EVT436851,2026-05-03 08:48:18,Trade Fair,J031,Cubbon Road,15307,Weekend,False,Clear,False,0.0,False,False,0.96,Severe,10.2,66.2,386.8,0.155,0.358,0.953,Heavy congestion detected - signal timing extended and reroute suggested
EVT436852,2025-07-14 09:22:31,Trade Fair,J040,City Market,10575,Weekday,False,Clear,False,0.0,False,False,1.0,Severe,9.5,68.2,383.3,0.169,0.391,0.902,Heavy congestion detected - signal timing extended and reroute suggested
EVT436853,2025-06-25 16:29:35,Sports Fixture,J009,Majestic,39849,Weekday,False,Rain,True,21.0,False,False,0.99,Severe,8.6,65.7,673.1,0.245,0.565,0.834,Heavy rain reducing visibility and grip - reduced speed and longer buffer advised
EVT436854,2025-11-13 16:22:16,Concert,J040,City Market,12405,Weekday,False,Clear,False,0.0,False,False,0.515,Moderate,28.8,41.9,153.5,0.131,0.303,0.948,Moderate traffic flow - standard adaptive signal timing in effect
EVT436855,2026-04-09 14:21:13,Local Market Day,J031,Cubbon Road,5486,Weekday,False,Clear,False,0.0,False,False,0.249,Low,28.9,15.7,199.1,0.156,0.36,0.949,Normal free-flow traffic - standard signal timing maintained
EVT436856,2025-02-19 19:58:43,Trade Fair,J011,Indiranagar 100ft Road,9181,Weekday,False,Clear,False,0.0,False,False,0.755,Severe,13.6,49.2,421.4,0.199,0.461,0.935,Heavy congestion detected - signal timing extended and reroute suggested
EVT436857,2025-12-24 16:28:22,Local Market Day,J030,MG Road,2514,Weekday,False,Clear,False,0.0,False,False,0.5,Moderate,23.4,41.6,86.6,0.073,0.169,0.959,Moderate traffic flow - standard adaptive signal timing in effect
EVT436858,2025-09-24 08:12:45,Trade Fair,J031,Cubbon Road,8912,Weekday,False,Rain,True,16.1,False,False,1.0,Severe,9.7,72.9,623.6,0.254,0.587,0.875,Heavy rain reducing visibility and grip - reduced speed and longer buffer advised
EVT436859,2025-03-21 16:32:17,Trade Fair,J023,Basavanagudi,7350,Weekday,False,Light Rain,True,4.0,False,False,0.732,High,16.0,48.4,430.1,0.208,0.481,0.894,Heavy rain reducing visibility and grip - reduced speed and longer buffer advised
EVT436860,2026-02-04 06:52:32,Concert,J031,Cubbon Road,6612,Weekday,False,Clear,False,0.0,False,False,0.463,Moderate,27.0,32.3,163.5,0.117,0.271,0.964,Moderate traffic flow - standard adaptive signal timing in effect
EVT436861,2026-01-25 19:10:52,Local Market Day,J009,Majestic,4815,Weekend,False,Fog,False,0.0,False,False,0.795,Severe,17.3,59.1,277.2,0.15,0.347,0.955,Heavy congestion detected - signal timing extended and reroute suggested
EVT436862,2025-06-10 09:30:12,Sports Fixture,J023,Basavanagudi,19139,Weekday,False,Clear,False,0.0,False,False,1.0,Severe,8.9,70.3,500.1,0.169,0.391,0.924,Heavy congestion detected - signal timing extended and reroute suggested
EVT436863,2025-05-01 19:05:46,Religious Festival,J011,Indiranagar 100ft Road,41303,Weekday,True,Clear,False,0.0,False,True,1.0,Severe,10.0,99.6,401.1,0.164,0.379,0.846,Road closure for event/procession - full detour recommended for through-traffic
EVT436864,2025-09-24 22:28:13,Trade Fair,J023,Basavanagudi,7133,Weekday,False,Heavy Rain,True,26.1,False,False,0.379,Moderate,27.6,23.4,187.0,0.147,0.341,0.924,Light rain detected - minor speed reduction advised
EVT436865,2025-03-06 17:46:12,Trade Fair,J031,Cubbon Road,19443,Weekday,False,Clear,False,0.0,False,False,0.952,Severe,11.7,67.2,373.3,0.156,0.36,0.935,Heavy congestion detected - signal timing extended and reroute suggested
EVT436866,2025-05-28 16:30:57,Political Rally,J023,Basavanagudi,17189,Weekday,False,Light Rain,True,4.1,False,False,0.711,High,14.0,49.0,424.6,0.215,0.497,0.912,Heavy rain reducing visibility and grip - reduced speed and longer buffer advised
EVT436867,2025-05-06 06:27:36,Concert,J012,Koramangala Sony World,13779,Weekday,False,Clear,False,0.0,False,False,0.399,Moderate,29.9,22.6,89.8,0.071,0.163,0.959,Moderate traffic flow - standard adaptive signal timing in effect
EVT436868,2026-05-19 11:25:00,Sports Fixture,J030,MG Road,32085,Weekday,False,Clear,False,0.0,False,False,0.422,Moderate,32.6,24.3,133.3,0.103,0.238,0.968,Moderate traffic flow - standard adaptive signal timing in effect
EVT436869,2025-06-09 17:21:41,Sports Fixture,J031,Cubbon Road,14979,Weekday,False,Heavy Rain,True,81.0,False,False,1.0,Severe,8.7,73.5,514.1,0.174,0.401,0.902,Heavy rain reducing visibility and grip - reduced speed and longer buffer advised
EVT436870,2025-09-05 11:21:52,Cultural Procession,J009,Majestic,12766,Weekday,True,Clear,False,0.0,False,True,0.894,High,13.5,100.2,502.2,0.257,0.593,0.865,Road closure for event/procession - full detour recommended for through-traffic
EVT436871,2026-04-04 19:36:01,Political Rally,J031,Cubbon Road,14182,Weekend,False,Clear,False,0.0,False,False,0.808,Severe,12.0,59.5,427.9,0.195,0.451,0.95,Heavy congestion detected - signal timing extended and reroute suggested
EVT436872,2025-05-12 15:57:46,Concert,J030,MG Road,19720,Weekday,False,Clear,False,0.0,False,False,0.449,Moderate,18.2,31.6,281.9,0.146,0.337,0.954,Moderate traffic flow - standard adaptive signal timing in effect
EVT436873,2025-12-16 17:51:43,Sports Fixture,J040,City Market,19032,Weekday,False,Clear,False,0.0,False,False,1.0,Severe,7.4,71.1,420.0,0.144,0.332,0.917,Heavy congestion detected - signal timing extended and reroute suggested
EVT436874,2026-06-06 09:22:12,Local Market Day,J040,City Market,5525,Weekend,False,Heavy Rain,True,37.3,False,False,1.0,Severe,7.8,71.9,558.3,0.182,0.421,0.894,Heavy rain reducing visibility and grip - reduced speed and longer buffer advised
EVT436875,2026-06-21 10:12:54,Sports Fixture,J020,Malleshwaram Circle,12144,Weekend,False,Rain,True,9.5,False,False,0.788,Severe,16.6,59.1,359.7,0.176,0.406,0.907,Heavy rain reducing visibility and grip - reduced speed and longer buffer advised
EVT436876,2025-12-23 22:51:08,Political Rally,J012,Koramangala Sony World,14104,Weekday,False,Clear,False,0.0,False,False,0.267,Low,32.4,14.3,89.4,0.094,0.217,0.952,Moderate traffic flow - standard adaptive signal timing in effect
EVT436877,2025-09-30 08:28:20,Trade Fair,J031,Cubbon Road,7763,Weekday,False,Heavy Rain,True,25.2,False,False,1.0,Severe,9.8,67.3,537.4,0.225,0.519,0.883,Heavy rain reducing visibility and grip - reduced speed and longer buffer advised
EVT436878,2025-04-12 09:58:21,Trade Fair,J030,MG Road,19782,Weekend,False,Clear,False,0.0,False,False,0.817,Severe,15.6,58.0,206.6,0.126,0.292,0.926,Heavy congestion detected - signal timing extended and reroute suggested
EVT436879,2025-11-11 04:23:58,Local Market Day,J031,Cubbon Road,4111,Weekday,False,Clear,False,0.0,False,False,0.181,Low,42.7,3.3,85.9,0.098,0.225,0.973,Normal free-flow traffic - standard signal timing maintained
EVT436880,2025-04-07 18:08:09,Religious Festival,J040,City Market,25769,Weekday,True,Clear,False,0.0,False,False,1.0,Severe,6.9,73.8,481.4,0.159,0.368,0.886,Festival crowd surge detected - alternate route and extended cycle recommended
EVT436881,2025-10-06 16:29:43,Trade Fair,J009,Majestic,6960,Weekday,False,Clear,False,0.0,False,False,0.613,High,25.0,47.7,203.2,0.157,0.363,0.988,Moderate traffic flow - standard adaptive signal timing in effect
EVT436882,2026-05-29 19:58:14,Concert,J031,Cubbon Road,13615,Weekday,False,Rain,True,16.5,False,False,0.959,Severe,9.2,64.3,657.9,0.245,0.566,0.881,Heavy rain reducing visibility and grip - reduced speed and longer buffer advised
EVT436883,2026-04-21 11:45:21,Concert,J023,Basavanagudi,12702,Weekday,False,Clear,False,0.0,False,False,0.339,Low,24.6,29.6,160.9,0.105,0.242,0.982,Moderate traffic flow - standard adaptive signal timing in effect
EVT436884,2025-05-20 12:06:59,Trade Fair,J020,Malleshwaram Circle,7303,Weekday,False,Rain,True,9.2,False,False,0.287,Low,23.1,16.2,150.8,0.087,0.202,0.896,Light rain detected - minor speed reduction advised
EVT436885,2025-07-21 07:31:09,Local Market Day,J040,City Market,5095,Weekday,False,Heavy Rain,True,56.9,False,False,0.909,Severe,11.2,70.6,361.9,0.164,0.38,0.906,Heavy rain reducing visibility and grip - reduced speed and longer buffer advised
EVT436886,2025-04-01 05:06:08,Local Market Day,J011,Indiranagar 100ft Road,6011,Weekday,False,Clear,False,0.0,False,False,0.205,Low,31.1,14.5,157.4,0.121,0.28,0.966,Normal free-flow traffic - standard signal timing maintained
EVT436887,2026-01-03 16:34:31,Political Rally,J040,City Market,21374,Weekend,False,Clear,False,0.0,False,False,0.684,High,19.3,49.6,251.4,0.148,0.342,0.958,Moderate traffic flow - standard adaptive signal timing in effect
EVT436888,2025-10-07 20:09:50,Sports Fixture,J031,Cubbon Road,24575,Weekday,False,Rain,True,20.1,False,False,1.0,Severe,9.0,78.1,280.1,0.115,0.265,0.876,Heavy rain reducing visibility and grip - reduced speed and longer buffer advised
EVT436889,2026-03-29 14:41:01,Concert,J012,Koramangala Sony World,11032,Weekend,False,Clear,False,0.0,False,False,0.395,Moderate,23.6,25.9,186.3,0.118,0.273,0.957,Moderate traffic flow - standard adaptive signal timing in effect
EVT436890,2025-06-04 08:07:25,Concert,J009,Majestic,9174,Weekday,False,Heavy Rain,True,31.0,False,False,1.0,Severe,7.8,72.3,538.2,0.183,0.422,0.864,Heavy rain reducing visibility and grip - reduced speed and longer buffer advised
EVT436891,2025-07-09 21:48:37,Sports Fixture,J030,MG Road,13670,Weekday,False,Rain,True,17.1,False,False,0.527,Moderate,22.3,39.7,267.7,0.202,0.467,0.92,Light rain detected - minor speed reduction advised
EVT436892,2025-02-09 14:16:58,Local Market Day,J020,Malleshwaram Circle,4665,Weekend,False,Clear,False,0.0,False,False,0.297,Low,33.8,25.9,227.3,0.21,0.485,0.967,Moderate traffic flow - standard adaptive signal timing in effect
EVT436893,2026-01-22 08:45:42,Trade Fair,J023,Basavanagudi,7708,Weekday,False,Clear,False,0.0,False,False,1.0,Severe,9.3,75.8,648.9,0.245,0.565,0.897,Heavy congestion detected - signal timing extended and reroute suggested
EVT436894,2026-04-04 15:46:13,Sports Fixture,J011,Indiranagar 100ft Road,27698,Weekend,False,Clear,False,0.0,False,False,0.565,High,24.2,42.2,225.1,0.16,0.371,0.937,Moderate traffic flow - standard adaptive signal timing in effect
EVT436895,2025-04-27 12:49:34,Local Market Day,J011,Indiranagar 100ft Road,5222,Weekend,False,Fog,False,0.0,False,False,0.219,Low,35.3,13.8,139.3,0.125,0.289,0.963,Normal free-flow traffic - standard signal timing maintained
EVT436896,2025-05-15 15:21:20,Concert,J023,Basavanagudi,10405,Weekday,False,Clear,False,0.0,False,False,0.311,Low,30.4,17.3,180.2,0.153,0.354,0.98,Moderate traffic flow - standard adaptive signal timing in effect
EVT436897,2025-03-26 17:57:03,Concert,J009,Majestic,16055,Weekday,False,Clear,False,0.0,False,False,1.0,Severe,9.1,67.3,442.8,0.171,0.395,0.92,Heavy congestion detected - signal timing extended and reroute suggested
EVT436898,2026-06-29 14:23:13,Sports Fixture,J012,Koramangala Sony World,22706,Weekday,False,Clear,False,0.0,False,False,0.278,Low,26.0,19.1,268.6,0.198,0.457,0.977,Moderate traffic flow - standard adaptive signal timing in effect
EVT436899,2025-07-09 09:36:07,Concert,J023,Basavanagudi,8018,Weekday,False,Clear,False,0.0,False,False,1.0,Severe,8.6,71.0,781.8,0.258,0.596,0.93,Heavy congestion detected - signal timing extended and reroute suggested
EVT436900,2025-04-01 12:45:37,Local Market Day,J012,Koramangala Sony World,6045,Weekday,False,Clear,False,0.0,False,False,0.237,Low,21.4,17.3,284.7,0.162,0.374,0.943,Normal free-flow traffic - standard signal timing maintained
EVT436901,2025-04-01 16:36:15,Concert,J011,Indiranagar 100ft Road,9040,Weekday,False,Clear,False,0.0,False,False,0.577,High,20.4,38.0,251.3,0.137,0.316,0.959,Moderate traffic flow - standard adaptive signal timing in effect
EVT436902,2025-06-22 09:24:10,Sports Fixture,J023,Basavanagudi,19308,Weekend,False,Clear,False,0.0,False,False,1.0,Severe,10.0,64.6,354.6,0.136,0.314,0.929,Heavy congestion detected - signal timing extended and reroute suggested
EVT436903,2025-08-10 19:10:29,Trade Fair,J040,City Market,11838,Weekend,False,Heavy Rain,True,56.9,False,False,1.0,Severe,8.1,71.1,775.6,0.248,0.572,0.866,Heavy rain reducing visibility and grip - reduced speed and longer buffer advised
EVT436904,2025-04-22 18:29:58,Sports Fixture,J040,City Market,11197,Weekday,False,Clear,False,0.0,False,False,1.0,Severe,8.6,73.1,1008.7,0.302,0.697,0.936,Heavy congestion detected - signal timing extended and reroute suggested
EVT436905,2025-05-04 16:04:53,Local Market Day,J009,Majestic,2957,Weekend,False,Clear,False,0.0,False,False,0.453,Moderate,18.8,36.5,210.7,0.138,0.32,0.955,Moderate traffic flow - standard adaptive signal timing in effect
EVT436906,2025-11-06 09:57:16,Local Market Day,J023,Basavanagudi,3301,Weekday,False,Clear,False,0.0,False,False,0.843,Severe,11.8,55.5,300.7,0.127,0.293,0.959,Heavy congestion detected - signal timing extended and reroute suggested
EVT436907,2025-09-21 16:19:21,Concert,J031,Cubbon Road,12678,Weekend,False,Clear,False,0.0,False,False,0.552,High,21.9,35.5,210.0,0.127,0.293,0.957,Moderate traffic flow - standard adaptive signal timing in effect
EVT436908,2025-02-24 11:46:26,Political Rally,J023,Basavanagudi,8589,Weekday,False,Clear,False,0.0,False,False,0.282,Low,30.8,20.9,170.4,0.137,0.317,0.981,Moderate traffic flow - standard adaptive signal timing in effect
EVT436909,2026-05-07 07:00:45,Local Market Day,J020,Malleshwaram Circle,3626,Weekday,False,Clear,False,0.0,False,False,0.461,Moderate,32.6,31.2,167.8,0.15,0.346,0.954,Moderate traffic flow - standard adaptive signal timing in effect
EVT436910,2025-07-26 09:47:54,Political Rally,J031,Cubbon Road,18930,Weekend,False,Heavy Rain,True,58.0,False,False,1.0,Severe,8.7,70.1,443.4,0.169,0.391,0.879,Heavy rain reducing visibility and grip - reduced speed and longer buffer advised
EVT436911,2026-06-14 08:21:58,Concert,J020,Malleshwaram Circle,20412,Weekend,False,Clear,False,0.0,False,False,0.864,Severe,14.6,58.7,263.3,0.144,0.332,0.933,Heavy congestion detected - signal timing extended and reroute suggested
EVT436912,2026-03-06 09:19:08,Sports Fixture,J031,Cubbon Road,22869,Weekday,False,Clear,False,0.0,False,False,1.0,Severe,8.3,69.9,751.5,0.256,0.591,0.912,Heavy congestion detected - signal timing extended and reroute suggested
EVT436913,2025-11-12 16:33:31,Sports Fixture,J040,City Market,12400,Weekday,False,Fog,False,0.0,False,False,0.566,High,16.0,42.0,307.0,0.169,0.391,0.962,Moderate traffic flow - standard adaptive signal timing in effect
EVT436914,2025-07-23 21:30:31,Concert,J020,Malleshwaram Circle,17064,Weekday,False,Heavy Rain,True,26.1,False,False,0.664,High,18.8,52.7,240.0,0.141,0.326,0.93,Heavy rain reducing visibility and grip - reduced speed and longer buffer advised
EVT436915,2025-11-17 16:28:16,Concert,J009,Majestic,18885,Weekday,False,Clear,False,0.0,False,False,0.622,High,25.7,42.4,262.1,0.219,0.506,0.958,Moderate traffic flow - standard adaptive signal timing in effect
EVT436916,2025-09-16 07:50:54,Concert,J030,MG Road,14935,Weekday,False,Light Rain,True,7.1,False,False,0.886,Severe,8.3,59.9,413.8,0.145,0.335,0.899,Heavy rain reducing visibility and grip - reduced speed and longer buffer advised
EVT436917,2025-12-24 21:02:02,Concert,J031,Cubbon Road,7461,Weekday,False,Clear,False,0.0,False,False,0.408,Moderate,28.5,29.7,212.5,0.161,0.373,0.946,Moderate traffic flow - standard adaptive signal timing in effect
EVT436918,2025-11-26 14:18:32,Sports Fixture,J011,Indiranagar 100ft Road,17145,Weekday,False,Clear,False,0.0,False,False,0.192,Low,28.9,14.3,158.9,0.112,0.258,0.974,Normal free-flow traffic - standard signal timing maintained
EVT436919,2025-01-06 11:39:34,Sports Fixture,J023,Basavanagudi,34153,Weekday,False,Clear,False,0.0,False,False,0.508,Moderate,27.4,37.8,80.1,0.047,0.108,0.977,Moderate traffic flow - standard adaptive signal timing in effect
EVT436920,2026-04-10 06:08:12,Sports Fixture,J030,MG Road,29609,Weekday,False,Clear,False,0.0,False,False,0.442,Moderate,27.9,33.3,253.1,0.19,0.438,0.967,Moderate traffic flow - standard adaptive signal timing in effect
EVT436921,2025-11-09 14:04:35,Local Market Day,J040,City Market,2909,Weekend,False,Clear,False,0.0,False,False,0.248,Low,24.7,16.5,170.8,0.117,0.27,0.949,Normal free-flow traffic - standard signal timing maintained
EVT436922,2026-01-14 16:26:54,Fireworks Display,J009,Majestic,24265,Weekday,True,Clear,False,0.0,False,False,0.976,Severe,10.0,69.5,442.2,0.189,0.436,0.866,Festival crowd surge detected - alternate route and extended cycle recommended
EVT436923,2026-06-25 17:49:02,Sports Fixture,J030,MG Road,22936,Weekday,False,Heavy Rain,True,56.1,False,False,1.0,Severe,9.4,74.2,359.7,0.143,0.33,0.872,Heavy rain reducing visibility and grip - reduced speed and longer buffer advised
EVT436924,2025-06-02 17:52:19,Trade Fair,J040,City Market,5627,Weekday,False,Clear,False,0.0,False,False,0.904,Severe,11.0,65.0,299.4,0.115,0.265,0.91,Heavy congestion detected - signal timing extended and reroute suggested
EVT436925,2025-08-13 17:19:53,Concert,J031,Cubbon Road,14950,Weekday,False,Rain,True,24.2,False,False,1.0,Severe,8.2,69.2,766.0,0.28,0.647,0.858,Heavy rain reducing visibility and grip - reduced speed and longer buffer advised
EVT436926,2025-11-02 18:40:49,Cultural Procession,J012,Koramangala Sony World,42746,Weekend,True,Clear,False,0.0,False,True,1.0,Severe,10.3,100.7,556.9,0.218,0.505,0.835,Road closure for event/procession - full detour recommended for through-traffic
EVT436927,2025-06-02 11:24:14,Trade Fair,J031,Cubbon Road,5337,Weekday,False,Clear,False,0.0,True,False,0.727,High,17.3,50.7,180.0,0.113,0.261,0.805,Accident detected nearby - reroute and reduced speed advised
EVT436928,2025-02-05 15:58:55,Political Rally,J011,Indiranagar 100ft Road,9742,Weekday,False,Clear,False,0.0,True,False,0.872,Severe,13.0,63.0,241.5,0.123,0.284,0.796,Accident detected nearby - reroute and reduced speed advised
EVT436929,2025-05-25 17:29:32,Trade Fair,J040,City Market,10862,Weekend,False,Clear,False,0.0,False,False,0.745,High,19.2,51.4,205.9,0.141,0.326,0.958,Moderate traffic flow - standard adaptive signal timing in effect
EVT436930,2025-02-24 21:10:10,Trade Fair,J011,Indiranagar 100ft Road,12195,Weekday,False,Clear,False,0.0,False,False,0.453,Moderate,26.6,26.5,202.1,0.152,0.35,0.97,Moderate traffic flow - standard adaptive signal timing in effect
EVT436931,2025-06-11 18:48:13,Sports Fixture,J012,Koramangala Sony World,17409,Weekday,False,Clear,False,0.0,False,False,1.0,Severe,8.7,75.6,515.0,0.191,0.442,0.922,Heavy congestion detected - signal timing extended and reroute suggested
EVT436932,2025-07-31 22:00:28,Local Market Day,J020,Malleshwaram Circle,6754,Weekday,False,Clear,False,0.0,False,False,0.301,Low,31.4,16.8,82.1,0.061,0.14,0.987,Moderate traffic flow - standard adaptive signal timing in effect
EVT436933,2025-06-15 09:53:22,Local Market Day,J011,Indiranagar 100ft Road,6722,Weekend,False,Rain,True,9.4,False,False,0.919,Severe,11.0,68.7,344.2,0.156,0.361,0.89,Heavy rain reducing visibility and grip - reduced speed and longer buffer advised
EVT436934,2025-06-13 11:07:58,Trade Fair,J012,Koramangala Sony World,10541,Weekday,False,Fog,False,0.0,False,False,0.439,Moderate,25.7,30.3,233.8,0.181,0.417,0.976,Moderate traffic flow - standard adaptive signal timing in effect
EVT436935,2026-02-21 10:12:25,Political Rally,J012,Koramangala Sony World,31221,Weekend,False,Clear,False,0.0,False,False,0.885,Severe,10.5,62.1,436.9,0.16,0.369,0.947,Heavy congestion detected - signal timing extended and reroute suggested
EVT436936,2026-02-16 13:36:11,Sports Fixture,J009,Majestic,19022,Weekday,False,Clear,False,0.0,False,False,0.257,Low,28.7,25.5,87.9,0.062,0.144,0.966,Moderate traffic flow - standard adaptive signal timing in effect
EVT436937,2026-02-28 13:01:40,Local Market Day,J011,Indiranagar 100ft Road,2434,Weekend,False,Clear,False,0.0,False,False,0.283,Low,26.7,21.2,169.7,0.128,0.295,0.95,Moderate traffic flow - standard adaptive signal timing in effect
EVT436938,2026-05-11 16:07:45,Political Rally,J011,Indiranagar 100ft Road,13580,Weekday,False,Clear,False,0.0,False,False,0.532,Moderate,24.2,41.8,173.0,0.13,0.301,0.966,Moderate traffic flow - standard adaptive signal timing in effect
EVT436939,2026-05-23 09:52:35,Concert,J030,MG Road,11072,Weekend,False,Clear,False,0.0,False,False,0.687,High,19.8,49.5,200.6,0.138,0.319,0.975,Moderate traffic flow - standard adaptive signal timing in effect
EVT436940,2025-12-30 13:39:37,Concert,J020,Malleshwaram Circle,27749,Weekday,False,Clear,False,0.0,False,False,0.245,Low,34.8,14.7,177.5,0.167,0.386,0.968,Normal free-flow traffic - standard signal timing maintained
EVT436941,2025-02-27 09:28:46,Political Rally,J031,Cubbon Road,11212,Weekday,False,Clear,False,0.0,False,False,1.0,Severe,9.1,71.2,690.2,0.247,0.57,0.931,Heavy congestion detected - signal timing extended and reroute suggested
EVT436942,2026-01-14 11:31:34,Cultural Procession,J030,MG Road,21936,Weekday,True,Clear,False,0.0,False,True,0.774,High,14.3,71.7,525.5,0.279,0.646,0.869,Road closure for event/procession - full detour recommended for through-traffic
EVT436943,2025-03-16 21:11:30,Trade Fair,J020,Malleshwaram Circle,9068,Weekend,False,Clear,False,0.0,False,False,0.444,Moderate,23.5,28.2,180.6,0.117,0.271,0.985,Moderate traffic flow - standard adaptive signal timing in effect
EVT436944,2025-02-26 21:05:01,Trade Fair,J011,Indiranagar 100ft Road,6856,Weekday,False,Clear,False,0.0,False,False,0.357,Moderate,22.2,23.2,86.7,0.036,0.083,0.952,Moderate traffic flow - standard adaptive signal timing in effect
EVT436945,2025-08-14 07:26:43,Local Market Day,J023,Basavanagudi,1703,Weekday,False,Light Rain,True,4.2,False,False,0.671,High,20.8,40.0,229.2,0.14,0.324,0.913,Heavy rain reducing visibility and grip - reduced speed and longer buffer advised
EVT436946,2025-02-03 08:26:07,Political Rally,J023,Basavanagudi,10427,Weekday,False,Clear,False,0.0,False,False,1.0,Severe,7.4,65.5,673.5,0.203,0.468,0.916,Heavy congestion detected - signal timing extended and reroute suggested
EVT436947,2025-11-12 19:03:43,Local Market Day,J040,City Market,5533,Weekday,False,Clear,False,0.0,False,False,1.0,Severe,6.9,75.7,236.6,0.076,0.176,0.923,Heavy congestion detected - signal timing extended and reroute suggested
EVT436948,2025-03-02 21:29:32,Trade Fair,J012,Koramangala Sony World,6061,Weekend,False,Clear,False,0.0,False,False,0.424,Moderate,24.5,29.2,151.7,0.099,0.229,0.985,Moderate traffic flow - standard adaptive signal timing in effect
EVT436949,2025-04-09 07:57:28,Sports Fixture,J040,City Market,26797,Weekday,False,Clear,False,0.0,False,False,0.908,Severe,12.0,65.6,449.6,0.209,0.482,0.944,Heavy congestion detected - signal timing extended and reroute suggested
EVT436950,2026-04-05 10:18:33,Concert,J030,MG Road,10347,Weekend,False,Rain,True,13.6,False,False,0.863,Severe,14.7,60.6,410.2,0.218,0.504,0.871,Heavy rain reducing visibility and grip - reduced speed and longer buffer advised
EVT436951,2026-05-18 19:36:24,Local Market Day,J011,Indiranagar 100ft Road,3291,Weekday,False,Light Rain,True,6.3,False,False,1.0,Severe,8.8,67.5,366.9,0.132,0.305,0.883,Heavy rain reducing visibility and grip - reduced speed and longer buffer advised
EVT436952,2025-12-18 11:59:39,Local Market Day,J030,MG Road,5380,Weekday,False,Clear,False,0.0,False,False,0.26,Low,28.7,21.0,115.5,0.079,0.182,0.939,Moderate traffic flow - standard adaptive signal timing in effect
EVT436953,2026-04-29 19:43:15,Sports Fixture,J030,MG Road,18049,Weekday,False,Rain,True,10.1,False,False,1.0,Severe,8.9,62.6,685.7,0.266,0.615,0.839,Heavy rain reducing visibility and grip - reduced speed and longer buffer advised
EVT436954,2025-10-03 20:39:36,Fireworks Display,J011,Indiranagar 100ft Road,27657,Weekday,True,Rain,True,20.7,False,False,1.0,Severe,6.9,67.9,584.7,0.174,0.401,0.803,Festival crowd surge detected - alternate route and extended cycle recommended
EVT436955,2025-03-10 10:53:08,Local Market Day,J011,Indiranagar 100ft Road,5541,Weekday,False,Clear,False,0.0,False,False,0.511,Moderate,23.3,36.2,275.6,0.179,0.413,0.952,Moderate traffic flow - standard adaptive signal timing in effect
EVT436956,2026-04-27 08:36:27,Local Market Day,J030,MG Road,1908,Weekday,False,Clear,False,0.0,False,False,0.99,Severe,8.0,68.4,830.1,0.287,0.662,0.941,Heavy congestion detected - signal timing extended and reroute suggested
EVT436957,2026-03-02 15:05:33,Local Market Day,J011,Indiranagar 100ft Road,3625,Weekday,False,Clear,False,0.0,False,False,0.279,Low,29.8,25.8,202.9,0.148,0.341,0.962,Moderate traffic flow - standard adaptive signal timing in effect
EVT436958,2025-05-30 17:15:29,Sports Fixture,J023,Basavanagudi,24188,Weekday,False,Clear,False,0.0,False,False,0.965,Severe,9.2,62.2,284.3,0.113,0.26,0.95,Heavy congestion detected - signal timing extended and reroute suggested
EVT436959,2025-09-01 10:24:33,Local Market Day,J023,Basavanagudi,2155,Weekday,False,Rain,True,10.6,False,False,0.912,Severe,11.6,61.8,315.9,0.158,0.365,0.903,Heavy rain reducing visibility and grip - reduced speed and longer buffer advised
EVT436960,2025-02-05 16:44:33,Sports Fixture,J023,Basavanagudi,17617,Weekday,False,Clear,False,0.0,False,False,0.75,Severe,16.7,47.7,450.5,0.246,0.567,0.949,Heavy congestion detected - signal timing extended and reroute suggested
EVT436961,2026-05-04 10:58:14,Sports Fixture,J011,Indiranagar 100ft Road,20580,Weekday,False,Clear,False,0.0,False,False,0.528,Moderate,22.7,36.3,230.1,0.15,0.346,0.986,Moderate traffic flow - standard adaptive signal timing in effect
EVT436962,2026-04-11 09:32:56,Local Market Day,J011,Indiranagar 100ft Road,4486,Weekend,False,Light Rain,True,5.9,False,False,0.85,Severe,13.3,57.8,155.8,0.094,0.216,0.884,Heavy rain reducing visibility and grip - reduced speed and longer buffer advised
EVT436963,2025-11-26 09:03:09,Sports Fixture,J020,Malleshwaram Circle,30003,Weekday,False,Clear,False,0.0,False,False,1.0,Severe,7.5,70.7,650.2,0.202,0.466,0.917,Heavy congestion detected - signal timing extended and reroute suggested
EVT436964,2025-09-25 07:31:21,Local Market Day,J020,Malleshwaram Circle,6491,Weekday,False,Clear,False,0.0,False,False,0.605,High,19.6,46.4,238.3,0.13,0.301,0.969,Moderate traffic flow - standard adaptive signal timing in effect
EVT436965,2025-01-30 20:20:01,Local Market Day,J009,Majestic,5376,Weekday,False,Clear,False,0.0,False,False,0.634,High,15.1,48.5,265.9,0.134,0.31,0.962,Moderate traffic flow - standard adaptive signal timing in effect
EVT436966,2026-06-26 19:11:30,Local Market Day,J023,Basavanagudi,3365,Weekday,False,Clear,False,0.0,False,False,0.91,Severe,11.9,74.9,396.0,0.189,0.436,0.933,Heavy congestion detected - signal timing extended and reroute suggested
EVT436967,2025-08-18 10:58:09,Local Market Day,J031,Cubbon Road,3275,Weekday,False,Heavy Rain,True,52.6,False,False,0.81,Severe,15.7,64.5,358.9,0.178,0.412,0.938,Heavy rain reducing visibility and grip - reduced speed and longer buffer advised
EVT436968,2025-10-27 08:11:59,Sports Fixture,J009,Majestic,26527,Weekday,False,Clear,False,0.0,False,False,1.0,Severe,9.3,81.2,632.4,0.251,0.581,0.905,Heavy congestion detected - signal timing extended and reroute suggested
EVT436969,2025-03-16 08:52:05,Sports Fixture,J012,Koramangala Sony World,19249,Weekend,False,Light Rain,True,4.9,False,False,1.0,Severe,7.6,65.5,797.5,0.242,0.559,0.867,Heavy rain reducing visibility and grip - reduced speed and longer buffer advised
EVT436970,2025-10-26 08:23:27,Trade Fair,J009,Majestic,5732,Weekend,False,Clear,False,0.0,False,False,0.759,Severe,17.1,50.3,165.4,0.125,0.289,0.961,Heavy congestion detected - signal timing extended and reroute suggested
EVT436971,2025-11-19 05:35:00,Concert,J040,City Market,13933,Weekday,False,Light Rain,True,6.2,False,False,0.375,Moderate,28.4,31.3,145.5,0.13,0.3,0.925,Light rain detected - minor speed reduction advised
EVT436972,2025-06-10 08:50:32,Local Market Day,J012,Koramangala Sony World,6339,Weekday,False,Clear,False,0.0,False,False,1.0,Severe,9.1,67.9,572.6,0.215,0.497,0.916,Heavy congestion detected - signal timing extended and reroute suggested
EVT436973,2025-05-18 07:46:55,Trade Fair,J040,City Market,6858,Weekend,False,Rain,True,13.0,False,False,0.807,Severe,13.2,60.8,339.8,0.167,0.386,0.899,Heavy rain reducing visibility and grip - reduced speed and longer buffer advised
EVT436974,2025-03-08 11:05:36,Concert,J011,Indiranagar 100ft Road,19869,Weekend,False,Clear,False,0.0,False,False,0.441,Moderate,28.7,33.5,102.4,0.058,0.133,0.99,Moderate traffic flow - standard adaptive signal timing in effect
EVT436975,2025-03-07 07:56:34,Sports Fixture,J011,Indiranagar 100ft Road,26761,Weekday,False,Clear,False,0.0,False,False,0.902,Severe,14.6,65.2,167.0,0.096,0.221,0.929,Heavy congestion detected - signal timing extended and reroute suggested
EVT436976,2026-04-19 19:21:50,Trade Fair,J031,Cubbon Road,10432,Weekend,False,Clear,False,0.0,False,False,0.823,Severe,12.1,52.9,229.7,0.106,0.244,0.924,Heavy congestion detected - signal timing extended and reroute suggested
EVT436977,2026-02-07 19:31:45,Local Market Day,J023,Basavanagudi,4061,Weekend,False,Clear,False,0.0,False,False,0.77,Severe,17.3,58.3,282.4,0.179,0.414,0.973,Heavy congestion detected - signal timing extended and reroute suggested
EVT436978,2025-07-13 17:32:00,Sports Fixture,J023,Basavanagudi,30998,Weekend,False,Rain,True,22.2,False,False,1.0,Severe,7.1,71.9,823.7,0.242,0.559,0.86,Heavy rain reducing visibility and grip - reduced speed and longer buffer advised
EVT436979,2026-01-03 19:53:37,Local Market Day,J031,Cubbon Road,5053,Weekend,False,Clear,False,0.0,False,False,0.678,High,19.4,48.2,179.4,0.111,0.258,0.987,Moderate traffic flow - standard adaptive signal timing in effect
EVT436980,2025-10-23 14:52:15,Local Market Day,J020,Malleshwaram Circle,2001,Weekday,False,Clear,False,0.0,False,False,0.226,Low,31.0,15.6,186.8,0.133,0.306,0.99,Normal free-flow traffic - standard signal timing maintained
EVT436981,2025-09-22 08:04:19,Sports Fixture,J009,Majestic,27602,Weekday,False,Heavy Rain,True,26.3,False,False,1.0,Severe,8.1,70.2,485.3,0.171,0.394,0.855,Heavy rain reducing visibility and grip - reduced speed and longer buffer advised
EVT436982,2026-01-04 09:07:19,Trade Fair,J011,Indiranagar 100ft Road,15664,Weekend,False,Clear,False,0.0,False,False,0.885,Severe,15.4,65.6,448.8,0.235,0.542,0.949,Heavy congestion detected - signal timing extended and reroute suggested
EVT436983,2025-11-04 21:49:22,Trade Fair,J040,City Market,13699,Weekday,False,Clear,False,0.0,False,False,0.356,Moderate,22.7,21.6,158.6,0.089,0.206,0.967,Moderate traffic flow - standard adaptive signal timing in effect
EVT436984,2025-04-22 17:28:37,Sports Fixture,J040,City Market,42112,Weekday,False,Clear,False,0.0,False,False,1.0,Severe,7.4,76.4,725.4,0.21,0.485,0.913,Heavy congestion detected - signal timing extended and reroute suggested
EVT436985,2025-02-10 08:34:40,Local Market Day,J031,Cubbon Road,3053,Weekday,False,Clear,False,0.0,False,False,0.979,Severe,8.8,64.2,444.3,0.159,0.367,0.908,Heavy congestion detected - signal timing extended and reroute suggested
EVT436986,2026-01-21 20:16:01,Concert,J040,City Market,16324,Weekday,False,Clear,False,0.0,False,False,0.678,High,19.4,49.9,164.3,0.094,0.217,0.99,Moderate traffic flow - standard adaptive signal timing in effect
EVT436987,2025-01-15 19:29:21,Religious Festival,J012,Koramangala Sony World,41050,Weekday,True,Clear,False,0.0,False,True,1.0,Severe,8.9,92.3,481.8,0.18,0.416,0.831,Road closure for event/procession - full detour recommended for through-traffic
EVT436988,2026-03-10 16:03:56,Concert,J009,Majestic,9018,Weekday,False,Clear,False,0.0,False,False,0.489,Moderate,27.6,34.6,146.9,0.116,0.268,0.954,Moderate traffic flow - standard adaptive signal timing in effect
EVT436989,2025-12-13 14:59:07,Sports Fixture,J030,MG Road,22113,Weekend,False,Clear,False,0.0,False,False,0.407,Moderate,24.2,25.2,223.7,0.163,0.378,0.961,Moderate traffic flow - standard adaptive signal timing in effect
EVT436990,2025-04-17 18:50:46,Sports Fixture,J011,Indiranagar 100ft Road,33067,Weekday,False,Clear,False,0.0,False,False,1.0,Severe,6.3,75.5,517.5,0.166,0.382,0.918,Heavy congestion detected - signal timing extended and reroute suggested
EVT436991,2026-05-23 09:09:27,Sports Fixture,J030,MG Road,18961,Weekend,False,Fog,False,0.0,False,False,0.942,Severe,9.1,67.3,554.4,0.187,0.433,0.939,Heavy congestion detected - signal timing extended and reroute suggested
EVT436992,2025-10-08 11:16:09,Sports Fixture,J031,Cubbon Road,22895,Weekday,False,Clear,False,0.0,False,False,0.476,Moderate,24.9,37.6,212.1,0.142,0.329,0.953,Moderate traffic flow - standard adaptive signal timing in effect
EVT436993,2025-12-03 06:27:00,Concert,J011,Indiranagar 100ft Road,10372,Weekday,False,Clear,False,0.0,False,False,0.303,Low,29.2,22.5,82.8,0.082,0.189,0.955,Moderate traffic flow - standard adaptive signal timing in effect
EVT436994,2025-08-02 10:10:17,Sports Fixture,J020,Malleshwaram Circle,22849,Weekend,False,Rain,True,24.9,False,False,1.0,Severe,8.4,75.6,861.1,0.285,0.658,0.873,Heavy rain reducing visibility and grip - reduced speed and longer buffer advised
EVT436995,2026-02-27 18:01:32,Concert,J023,Basavanagudi,17188,Weekday,False,Clear,False,0.0,False,False,1.0,Severe,9.4,75.4,270.1,0.116,0.268,0.891,Heavy congestion detected - signal timing extended and reroute suggested
EVT436996,2025-11-15 07:17:57,Sports Fixture,J023,Basavanagudi,19883,Weekend,False,Clear,False,0.0,False,False,0.631,High,16.7,45.0,245.8,0.132,0.305,0.931,Moderate traffic flow - standard adaptive signal timing in effect
EVT436997,2026-05-03 09:29:31,Political Rally,J009,Majestic,9568,Weekend,False,Clear,False,0.0,False,False,0.832,Severe,14.9,59.7,248.5,0.146,0.337,0.946,Heavy congestion detected - signal timing extended and reroute suggested
EVT436998,2025-08-20 09:17:02,Sports Fixture,J011,Indiranagar 100ft Road,38154,Weekday,False,Clear,False,0.0,False,False,1.0,Severe,8.4,71.5,571.2,0.217,0.502,0.89,Heavy congestion detected - signal timing extended and reroute suggested
EVT436999,2025-04-18 10:49:47,Sports Fixture,J012,Koramangala Sony World,36378,Weekday,False,Clear,False,0.0,False,False,0.7,High,16.2,55.3,284.7,0.155,0.357,0.969,Moderate traffic flow - standard adaptive signal timing in effect
EVT437000,2025-02-18 06:59:26,Local Market Day,J031,Cubbon Road,8715,Weekday,False,Clear,False,0.0,False,False,0.441,Moderate,23.4,30.1,137.0,0.092,0.213,0.959,Moderate traffic flow - standard adaptive signal timing in effect
EVT437001,2025-09-20 07:18:43,Sports Fixture,J030,MG Road,20482,Weekend,False,Clear,False,0.0,False,False,0.633,High,17.9,49.5,243.2,0.15,0.347,0.983,Moderate traffic flow - standard adaptive signal timing in effect
EVT437002,2025-07-26 08:53:56,Trade Fair,J031,Cubbon Road,8232,Weekend,False,Clear,False,0.0,False,False,0.83,Severe,13.7,58.5,326.1,0.166,0.384,0.936,Heavy congestion detected - signal timing extended and reroute suggested
EVT437003,2025-06-30 12:27:05,Political Rally,J031,Cubbon Road,21409,Weekday,False,Clear,False,0.0,False,False,0.304,Low,32.1,19.6,153.4,0.152,0.351,0.973,Moderate traffic flow - standard adaptive signal timing in effect
EVT437004,2025-07-16 21:04:34,Political Rally,J031,Cubbon Road,9823,Weekday,False,Clear,False,0.0,False,False,0.438,Moderate,24.6,34.8,161.1,0.111,0.257,0.981,Moderate traffic flow - standard adaptive signal timing in effect
EVT437005,2025-08-17 21:23:46,Local Market Day,J040,City Market,5064,Weekend,False,Clear,False,0.0,False,False,0.332,Low,37.3,27.4,164.1,0.135,0.312,0.967,Moderate traffic flow - standard adaptive signal timing in effect
EVT437006,2025-01-15 15:22:07,Religious Festival,J031,Cubbon Road,87184,Weekday,True,Clear,False,0.0,False,True,1.0,Severe,9.0,103.7,387.5,0.166,0.383,0.848,Road closure for event/procession - full detour recommended for through-traffic
EVT437007,2025-02-02 07:41:06,Local Market Day,J020,Malleshwaram Circle,3675,Weekend,False,Clear,False,0.0,False,False,0.683,High,15.8,50.8,189.1,0.1,0.231,0.957,Moderate traffic flow - standard adaptive signal timing in effect
EVT437008,2025-09-02 09:49:43,Concert,J030,MG Road,10000,Weekday,False,Fog,False,0.0,False,False,0.86,Severe,11.3,57.0,417.7,0.177,0.409,0.985,Heavy congestion detected - signal timing extended and reroute suggested
EVT437009,2025-01-26 08:43:17,Religious Festival,J020,Malleshwaram Circle,60657,Weekend,True,Clear,False,0.0,False,True,1.0,Severe,8.8,106.5,563.3,0.238,0.55,0.828,Road closure for event/procession - full detour recommended for through-traffic
EVT437010,2025-07-30 11:40:41,Trade Fair,J009,Majestic,8055,Weekday,False,Light Rain,True,5.5,False,False,0.44,Moderate,27.7,25.9,118.4,0.095,0.219,0.928,Light rain detected - minor speed reduction advised
EVT437011,2025-06-29 12:28:20,Sports Fixture,J023,Basavanagudi,15992,Weekend,False,Heavy Rain,True,43.9,False,False,0.715,High,19.2,55.9,320.0,0.198,0.457,0.928,Heavy rain reducing visibility and grip - reduced speed and longer buffer advised
EVT437012,2025-06-20 05:50:35,Sports Fixture,J012,Koramangala Sony World,20616,Weekday,False,Rain,True,11.2,False,False,0.441,Moderate,24.8,32.2,139.7,0.093,0.215,0.921,Light rain detected - minor speed reduction advised
EVT437013,2025-06-25 19:38:57,Sports Fixture,J040,City Market,28324,Weekday,False,Clear,False,0.0,False,False,1.0,Severe,10.0,77.4,502.4,0.191,0.441,0.902,Heavy congestion detected - signal timing extended and reroute suggested
EVT437014,2025-01-07 15:57:30,Local Market Day,J012,Koramangala Sony World,6464,Weekday,False,Fog,False,0.0,False,False,0.449,Moderate,21.8,35.8,199.7,0.12,0.278,0.976,Moderate traffic flow - standard adaptive signal timing in effect
EVT437015,2025-10-02 08:11:33,Cultural Procession,J011,Indiranagar 100ft Road,20731,Weekday,True,Clear,False,0.0,False,True,1.0,Severe,9.0,99.1,240.7,0.122,0.282,0.825,Road closure for event/procession - full detour recommended for through-traffic
EVT437016,2026-03-03 16:00:49,Sports Fixture,J023,Basavanagudi,36763,Weekday,False,Clear,False,0.0,False,False,0.679,High,19.6,43.0,244.0,0.171,0.394,0.962,Moderate traffic flow - standard adaptive signal timing in effect
EVT437017,2025-09-17 17:52:08,Local Market Day,J020,Malleshwaram Circle,2730,Weekday,False,Clear,False,0.0,False,False,0.987,Severe,10.7,71.7,520.1,0.219,0.505,0.924,Heavy congestion detected - signal timing extended and reroute suggested
EVT437018,2025-07-15 18:48:50,Sports Fixture,J009,Majestic,27587,Weekday,False,Clear,False,0.0,False,False,1.0,Severe,7.5,69.2,735.7,0.224,0.518,0.913,Heavy congestion detected - signal timing extended and reroute suggested
EVT437019,2025-02-18 18:40:08,Local Market Day,J020,Malleshwaram Circle,3229,Weekday,False,Clear,False,0.0,False,False,1.0,Severe,8.7,77.0,227.0,0.075,0.173,0.914,Heavy congestion detected - signal timing extended and reroute suggested
EVT437020,2026-06-03 15:17:11,Sports Fixture,J023,Basavanagudi,18729,Weekday,False,Clear,False,0.0,False,False,0.346,Low,31.1,23.8,228.5,0.185,0.428,0.949,Moderate traffic flow - standard adaptive signal timing in effect
EVT437021,2025-11-13 10:29:02,Trade Fair,J020,Malleshwaram Circle,5692,Weekday,False,Clear,False,0.0,False,False,0.582,High,25.5,35.3,237.9,0.197,0.454,0.981,Moderate traffic flow - standard adaptive signal timing in effect
EVT437022,2025-04-09 13:46:58,Sports Fixture,J030,MG Road,22130,Weekday,False,Clear,False,0.0,False,False,0.26,Low,32.4,17.3,178.6,0.131,0.302,0.943,Moderate traffic flow - standard adaptive signal timing in effect
EVT437023,2025-05-11 10:23:56,Trade Fair,J011,Indiranagar 100ft Road,16046,Weekend,False,Rain,True,23.3,False,False,0.91,Severe,10.2,66.7,262.7,0.114,0.264,0.889,Heavy rain reducing visibility and grip - reduced speed and longer buffer advised
EVT437024,2025-06-24 08:28:25,Local Market Day,J020,Malleshwaram Circle,6044,Weekday,False,Clear,False,0.0,False,False,0.927,Severe,10.7,70.0,554.2,0.229,0.529,0.974,Heavy congestion detected - signal timing extended and reroute suggested
EVT437025,2025-11-05 13:57:14,Sports Fixture,J009,Majestic,25688,Weekday,False,Rain,True,10.6,False,False,0.349,Low,33.1,22.7,170.3,0.155,0.358,0.92,Light rain detected - minor speed reduction advised
EVT437026,2026-05-15 09:20:23,Local Market Day,J031,Cubbon Road,3135,Weekday,False,Clear,False,0.0,False,False,1.0,Severe,7.9,67.3,648.4,0.198,0.458,0.908,Heavy congestion detected - signal timing extended and reroute suggested
EVT437027,2025-06-19 10:03:08,Concert,J030,MG Road,10089,Weekday,False,Clear,False,0.0,False,False,0.818,Severe,14.6,58.1,339.5,0.175,0.405,0.935,Heavy congestion detected - signal timing extended and reroute suggested
EVT437028,2025-02-24 19:23:24,Trade Fair,J023,Basavanagudi,10118,Weekday,False,Clear,False,0.0,False,False,0.885,Severe,13.3,67.2,144.7,0.071,0.164,0.959,Heavy congestion detected - signal timing extended and reroute suggested
EVT437029,2025-04-28 08:51:10,Local Market Day,J020,Malleshwaram Circle,3663,Weekday,False,Clear,False,0.0,False,False,0.984,Severe,8.9,73.3,312.1,0.114,0.264,0.937,Heavy congestion detected - signal timing extended and reroute suggested
EVT437030,2025-07-11 08:32:24,Sports Fixture,J023,Basavanagudi,18375,Weekday,False,Heavy Rain,True,30.0,False,False,1.0,Severe,9.4,70.8,710.8,0.264,0.61,0.84,Heavy rain reducing visibility and grip - reduced speed and longer buffer advised
EVT437031,2025-08-01 07:24:50,Political Rally,J011,Indiranagar 100ft Road,12525,Weekday,False,Heavy Rain,True,54.7,False,False,1.0,Severe,8.3,70.6,603.9,0.213,0.492,0.9,Heavy rain reducing visibility and grip - reduced speed and longer buffer advised
EVT437032,2026-02-26 06:18:54,Sports Fixture,J011,Indiranagar 100ft Road,34506,Weekday,False,Clear,False,0.0,False,False,0.539,Moderate,29.4,38.9,129.4,0.105,0.243,0.973,Moderate traffic flow - standard adaptive signal timing in effect
EVT437033,2026-05-13 08:49:35,Local Market Day,J009,Majestic,3061,Weekday,False,Clear,False,0.0,False,False,1.0,Severe,7.9,74.6,420.9,0.148,0.342,0.923,Heavy congestion detected - signal timing extended and reroute suggested
EVT437034,2025-11-23 16:23:08,Trade Fair,J011,Indiranagar 100ft Road,14165,Weekend,False,Clear,False,0.0,False,False,0.516,Moderate,30.1,41.9,206.0,0.162,0.375,0.97,Moderate traffic flow - standard adaptive signal timing in effect
EVT437035,2025-07-02 20:29:29,Sports Fixture,J020,Malleshwaram Circle,23327,Weekday,False,Rain,True,13.7,False,False,0.846,Severe,14.5,56.9,366.6,0.223,0.514,0.895,Heavy rain reducing visibility and grip - reduced speed and longer buffer advised
EVT437036,2026-02-27 11:23:55,Concert,J011,Indiranagar 100ft Road,12819,Weekday,False,Clear,False,0.0,False,False,0.418,Moderate,27.2,30.2,205.9,0.159,0.367,0.979,Moderate traffic flow - standard adaptive signal timing in effect
EVT437037,2025-02-05 16:50:29,Concert,J012,Koramangala Sony World,26301,Weekday,False,Clear,False,0.0,False,False,0.861,Severe,12.0,62.2,446.7,0.199,0.46,0.933,Heavy congestion detected - signal timing extended and reroute suggested
EVT437038,2025-05-21 19:03:51,Local Market Day,J011,Indiranagar 100ft Road,2472,Weekday,False,Clear,False,0.0,False,False,1.0,Severe,6.8,66.5,799.7,0.222,0.514,0.935,Heavy congestion detected - signal timing extended and reroute suggested
EVT437039,2025-10-08 15:28:23,Local Market Day,J031,Cubbon Road,2969,Weekday,False,Clear,False,0.0,False,False,0.284,Low,34.6,21.7,118.0,0.104,0.24,0.966,Moderate traffic flow - standard adaptive signal timing in effect
EVT437040,2026-05-23 21:59:46,Sports Fixture,J023,Basavanagudi,11417,Weekend,False,Rain,True,9.9,False,False,0.562,High,23.7,43.8,136.9,0.093,0.216,0.895,Heavy rain reducing visibility and grip - reduced speed and longer buffer advised
EVT437041,2026-05-13 17:46:43,Trade Fair,J023,Basavanagudi,10778,Weekday,False,Rain,True,17.9,False,False,1.0,Severe,8.3,71.9,771.5,0.272,0.628,0.878,Heavy rain reducing visibility and grip - reduced speed and longer buffer advised
EVT437042,2025-11-07 06:21:49,Concert,J031,Cubbon Road,10628,Weekday,False,Clear,False,0.0,False,False,0.398,Moderate,27.3,33.3,164.3,0.137,0.316,0.95,Moderate traffic flow - standard adaptive signal timing in effect
EVT437043,2026-03-06 09:11:22,Trade Fair,J030,MG Road,7098,Weekday,False,Clear,False,0.0,False,False,1.0,Severe,6.9,70.0,818.4,0.236,0.544,0.887,Heavy congestion detected - signal timing extended and reroute suggested
EVT437044,2026-04-18 16:39:12,Sports Fixture,J030,MG Road,14964,Weekend,False,Clear,False,0.0,False,False,0.658,High,21.8,43.0,298.6,0.216,0.498,0.931,Moderate traffic flow - standard adaptive signal timing in effect
EVT437045,2026-05-08 20:32:43,Local Market Day,J020,Malleshwaram Circle,4405,Weekday,False,Fog,False,0.0,False,False,0.572,High,20.3,43.2,149.0,0.091,0.211,0.962,Moderate traffic flow - standard adaptive signal timing in effect
EVT437046,2026-02-14 09:08:08,Sports Fixture,J030,MG Road,27960,Weekend,False,Clear,False,0.0,False,False,1.0,Severe,7.3,76.0,225.5,0.09,0.207,0.918,Heavy congestion detected - signal timing extended and reroute suggested
EVT437047,2026-01-22 07:09:00,Local Market Day,J012,Koramangala Sony World,2618,Weekday,False,Clear,False,0.0,False,False,0.443,Moderate,23.9,34.2,244.3,0.178,0.412,0.957,Moderate traffic flow - standard adaptive signal timing in effect
EVT437048,2026-04-10 10:42:50,Local Market Day,J030,MG Road,4981,Weekday,False,Clear,False,0.0,False,False,0.451,Moderate,31.6,31.5,211.8,0.185,0.427,0.979,Moderate traffic flow - standard adaptive signal timing in effect
EVT437049,2025-05-08 20:35:50,Local Market Day,J031,Cubbon Road,7407,Weekday,False,Clear,False,0.0,False,False,0.596,High,19.7,39.9,325.2,0.199,0.46,0.977,Moderate traffic flow - standard adaptive signal timing in effect
EVT437050,2025-02-26 13:33:48,Local Market Day,J012,Koramangala Sony World,4849,Weekday,False,Clear,False,0.0,False,False,0.186,Low,29.9,17.1,208.5,0.169,0.391,0.952,Normal free-flow traffic - standard signal timing maintained
EVT437051,2025-12-20 17:19:02,Concert,J020,Malleshwaram Circle,11484,Weekend,False,Clear,False,0.0,False,False,0.757,Severe,17.7,55.6,264.4,0.162,0.373,0.986,Heavy congestion detected - signal timing extended and reroute suggested
EVT437052,2025-09-03 23:19:10,Sports Fixture,J009,Majestic,32430,Weekday,False,Clear,False,0.0,False,False,0.342,Low,30.9,27.2,114.0,0.118,0.273,0.968,Moderate traffic flow - standard adaptive signal timing in effect
EVT437053,2025-12-26 18:37:33,Religious Festival,J009,Majestic,32844,Weekday,True,Clear,False,0.0,False,True,1.0,Severe,9.0,102.1,574.7,0.204,0.47,0.81,Road closure for event/procession - full detour recommended for through-traffic
EVT437054,2026-01-02 21:54:49,Cultural Procession,J011,Indiranagar 100ft Road,35384,Weekday,True,Fog,False,0.0,False,True,0.885,High,14.4,85.2,282.9,0.159,0.367,0.901,Road closure for event/procession - full detour recommended for through-traffic
EVT437055,2025-12-25 18:45:34,Cultural Procession,J011,Indiranagar 100ft Road,14287,Weekday,True,Clear,False,0.0,False,False,1.0,Severe,9.3,69.2,449.6,0.178,0.41,0.854,Festival crowd surge detected - alternate route and extended cycle recommended
EVT437056,2026-02-23 23:52:02,Sports Fixture,J009,Majestic,26476,Weekday,False,Clear,False,0.0,False,False,0.336,Low,26.7,30.0,238.5,0.185,0.427,0.957,Moderate traffic flow - standard adaptive signal timing in effect
EVT437057,2025-09-06 10:28:57,Religious Festival,J009,Majestic,49370,Weekend,True,Rain,True,16.3,False,True,1.0,Severe,9.6,98.7,434.6,0.182,0.419,0.825,Road closure for event/procession - full detour recommended for through-traffic
EVT437058,2025-08-11 19:39:11,Sports Fixture,J023,Basavanagudi,18697,Weekday,False,Light Rain,True,7.3,False,False,1.0,Severe,5.2,69.1,761.3,0.191,0.44,0.84,Heavy rain reducing visibility and grip - reduced speed and longer buffer advised
EVT437059,2025-09-22 07:11:43,Local Market Day,J023,Basavanagudi,3175,Weekday,False,Clear,False,0.0,False,False,0.379,Moderate,25.1,28.8,130.6,0.079,0.183,0.977,Moderate traffic flow - standard adaptive signal timing in effect
EVT437060,2025-08-28 08:07:39,Religious Festival,J040,City Market,31843,Weekday,True,Clear,False,0.0,False,True,1.0,Severe,7.4,103.9,566.2,0.168,0.387,0.849,Road closure for event/procession - full detour recommended for through-traffic
EVT437061,2026-05-11 07:50:14,Sports Fixture,J012,Koramangala Sony World,15440,Weekday,False,Clear,False,0.0,False,False,0.758,Severe,19.4,52.0,260.4,0.172,0.397,0.968,Heavy congestion detected - signal timing extended and reroute suggested
EVT437062,2025-01-05 07:10:20,Political Rally,J020,Malleshwaram Circle,9891,Weekend,False,Fog,False,0.0,False,False,0.515,Moderate,23.5,29.7,232.4,0.152,0.352,0.975,Moderate traffic flow - standard adaptive signal timing in effect
EVT437063,2025-06-07 05:14:55,Local Market Day,J012,Koramangala Sony World,3773,Weekend,False,Heavy Rain,True,27.0,False,False,0.571,High,19.3,38.5,320.5,0.19,0.439,0.892,Heavy rain reducing visibility and grip - reduced speed and longer buffer advised
EVT437064,2025-11-03 16:42:56,Sports Fixture,J040,City Market,34815,Weekday,False,Clear,False,0.0,False,False,0.745,High,11.9,53.3,403.3,0.167,0.385,0.965,Moderate traffic flow - standard adaptive signal timing in effect
EVT437065,2025-07-13 07:37:09,Local Market Day,J009,Majestic,4838,Weekend,False,Clear,False,0.0,False,False,0.627,High,23.6,51.1,286.8,0.217,0.501,0.965,Moderate traffic flow - standard adaptive signal timing in effect
EVT437066,2026-03-16 12:36:31,Local Market Day,J020,Malleshwaram Circle,6589,Weekday,False,Clear,False,0.0,False,False,0.276,Low,30.6,23.5,108.4,0.087,0.2,0.974,Moderate traffic flow - standard adaptive signal timing in effect
EVT437067,2026-06-24 06:00:00,Trade Fair,J020,Malleshwaram Circle,8461,Weekday,False,Clear,False,0.0,False,False,0.205,Low,31.1,17.1,162.3,0.138,0.319,0.954,Normal free-flow traffic - standard signal timing maintained
EVT437068,2025-10-24 10:40:40,Concert,J009,Majestic,18527,Weekday,False,Rain,True,10.1,False,False,0.696,High,19.2,55.0,384.0,0.246,0.569,0.901,Heavy rain reducing visibility and grip - reduced speed and longer buffer advised
EVT437069,2025-07-24 10:05:12,Trade Fair,J012,Koramangala Sony World,12674,Weekday,False,Rain,True,19.1,False,False,0.906,Severe,10.8,59.6,394.9,0.155,0.358,0.886,Heavy rain reducing visibility and grip - reduced speed and longer buffer advised
EVT437070,2026-02-15 06:33:37,Trade Fair,J011,Indiranagar 100ft Road,12101,Weekend,False,Clear,False,0.0,False,False,0.381,Moderate,27.3,31.7,91.7,0.059,0.136,0.964,Moderate traffic flow - standard adaptive signal timing in effect
EVT437071,2025-07-28 19:04:35,Local Market Day,J011,Indiranagar 100ft Road,4564,Weekday,False,Heavy Rain,True,33.4,False,False,1.0,Severe,9.4,74.2,547.3,0.21,0.486,0.884,Heavy rain reducing visibility and grip - reduced speed and longer buffer advised
EVT437072,2026-04-10 14:14:48,Sports Fixture,J009,Majestic,33106,Weekday,False,Clear,False,0.0,False,False,0.252,Low,31.1,16.2,119.1,0.104,0.239,0.956,Moderate traffic flow - standard adaptive signal timing in effect
EVT437073,2025-03-31 11:01:49,Religious Festival,J040,City Market,31466,Weekday,True,Clear,False,0.0,False,True,0.954,Severe,8.7,87.0,288.5,0.118,0.272,0.854,Road closure for event/procession - full detour recommended for through-traffic
EVT437074,2025-10-25 13:17:21,Local Market Day,J011,Indiranagar 100ft Road,2768,Weekend,False,Clear,False,0.0,False,False,0.209,Low,30.5,17.2,122.9,0.09,0.209,0.983,Normal free-flow traffic - standard signal timing maintained
EVT437075,2026-05-27 18:04:01,Sports Fixture,J031,Cubbon Road,16271,Weekday,False,Clear,False,0.0,False,False,1.0,Severe,8.5,66.5,686.8,0.216,0.5,0.913,Heavy congestion detected - signal timing extended and reroute suggested
EVT437076,2025-07-09 08:23:38,Concert,J011,Indiranagar 100ft Road,10998,Weekday,False,Clear,False,0.0,False,False,1.0,Severe,9.3,74.9,427.5,0.174,0.401,0.926,Heavy congestion detected - signal timing extended and reroute suggested
EVT437077,2026-04-02 18:50:23,Concert,J040,City Market,7633,Weekday,False,Clear,False,0.0,False,False,1.0,Severe,9.2,66.6,385.6,0.158,0.365,0.909,Heavy congestion detected - signal timing extended and reroute suggested
EVT437078,2025-03-13 09:06:19,Concert,J009,Majestic,18680,Weekday,False,Clear,False,0.0,False,False,1.0,Severe,9.7,65.5,606.6,0.221,0.511,0.936,Heavy congestion detected - signal timing extended and reroute suggested
EVT437079,2025-12-08 00:54:19,Local Market Day,J011,Indiranagar 100ft Road,3176,Weekday,False,Clear,False,0.0,False,False,0.141,Low,33.4,13.8,93.6,0.069,0.16,0.971,Normal free-flow traffic - standard signal timing maintained
EVT437080,2026-04-25 20:00:20,Local Market Day,J031,Cubbon Road,2361,Weekend,False,Clear,False,0.0,False,False,0.569,High,24.4,38.7,231.1,0.158,0.365,0.985,Moderate traffic flow - standard adaptive signal timing in effect
EVT437081,2025-10-08 18:45:58,Sports Fixture,J031,Cubbon Road,8088,Weekday,False,Clear,False,0.0,False,False,0.976,Severe,10.0,72.2,409.3,0.173,0.4,0.912,Heavy congestion detected - signal timing extended and reroute suggested
EVT437082,2025-05-27 19:43:08,Local Market Day,J030,MG Road,5045,Weekday,False,Clear,False,0.0,False,False,0.872,Severe,10.6,59.6,160.8,0.077,0.177,0.949,Heavy congestion detected - signal timing extended and reroute suggested
EVT437083,2026-03-02 15:00:36,Local Market Day,J020,Malleshwaram Circle,5596,Weekday,False,Clear,False,0.0,False,False,0.224,Low,40.3,15.0,71.5,0.065,0.151,0.967,Normal free-flow traffic - standard signal timing maintained
EVT437084,2026-01-30 10:33:30,Concert,J030,MG Road,13021,Weekday,False,Light Rain,True,5.8,False,False,0.729,High,16.8,44.4,266.9,0.147,0.339,0.915,Heavy rain reducing visibility and grip - reduced speed and longer buffer advised
EVT437085,2026-05-08 15:45:29,Local Market Day,J012,Koramangala Sony World,3643,Weekday,False,Clear,False,0.0,False,False,0.427,Moderate,25.9,37.5,183.3,0.131,0.302,0.951,Moderate traffic flow - standard adaptive signal timing in effect
EVT437086,2025-08-24 06:02:31,Local Market Day,J031,Cubbon Road,4557,Weekend,False,Heavy Rain,True,27.2,False,False,0.592,High,21.3,36.8,192.5,0.127,0.294,0.899,Heavy rain reducing visibility and grip - reduced speed and longer buffer advised
EVT437087,2025-09-23 08:19:10,Local Market Day,J040,City Market,4174,Weekday,False,Heavy Rain,True,34.4,False,False,1.0,Severe,7.9,69.9,628.8,0.2,0.463,0.848,Heavy rain reducing visibility and grip - reduced speed and longer buffer advised
EVT437088,2025-03-10 20:43:07,Political Rally,J012,Koramangala Sony World,14473,Weekday,False,Clear,False,0.0,False,False,0.569,High,21.8,40.0,112.1,0.075,0.173,0.965,Moderate traffic flow - standard adaptive signal timing in effect
EVT437089,2025-12-03 21:25:15,Sports Fixture,J023,Basavanagudi,23730,Weekday,False,Clear,False,0.0,False,False,0.471,Moderate,24.9,37.0,199.7,0.138,0.319,0.96,Moderate traffic flow - standard adaptive signal timing in effect
EVT437090,2025-03-12 07:43:18,Sports Fixture,J011,Indiranagar 100ft Road,22888,Weekday,False,Clear,False,0.0,False,False,0.758,Severe,13.5,56.2,467.8,0.225,0.519,0.955,Heavy congestion detected - signal timing extended and reroute suggested
EVT437091,2026-03-11 20:28:54,Political Rally,J011,Indiranagar 100ft Road,11408,Weekday,False,Clear,False,0.0,False,False,0.605,High,18.1,45.1,391.4,0.21,0.485,0.967,Moderate traffic flow - standard adaptive signal timing in effect
EVT437092,2025-03-21 19:44:36,Concert,J040,City Market,9432,Weekday,False,Clear,False,0.0,False,False,0.846,Severe,12.4,62.4,290.3,0.121,0.28,0.939,Heavy congestion detected - signal timing extended and reroute suggested
EVT437093,2026-06-02 16:46:47,Sports Fixture,J030,MG Road,22460,Weekday,False,Clear,False,0.0,False,False,0.731,High,18.1,51.5,297.9,0.18,0.416,0.979,Moderate traffic flow - standard adaptive signal timing in effect
EVT437094,2026-05-25 09:09:46,Concert,J023,Basavanagudi,8371,Weekday,False,Clear,False,0.0,False,False,1.0,Severe,7.0,75.1,997.6,0.277,0.639,0.906,Heavy congestion detected - signal timing extended and reroute suggested
EVT437095,2025-01-28 09:02:45,Sports Fixture,J030,MG Road,20366,Weekday,False,Clear,False,0.0,False,False,1.0,Severe,8.7,73.3,463.2,0.168,0.388,0.909,Heavy congestion detected - signal timing extended and reroute suggested
EVT437096,2025-10-08 05:30:50,Local Market Day,J031,Cubbon Road,3788,Weekday,False,Clear,False,0.0,False,False,0.199,Low,32.0,18.3,119.0,0.086,0.198,0.95,Normal free-flow traffic - standard signal timing maintained
EVT437097,2026-04-17 08:27:55,Local Market Day,J031,Cubbon Road,2650,Weekday,False,Clear,False,0.0,False,False,0.994,Severe,7.6,77.2,738.1,0.232,0.537,0.921,Heavy congestion detected - signal timing extended and reroute suggested
EVT437098,2025-05-17 17:22:25,Sports Fixture,J011,Indiranagar 100ft Road,19682,Weekend,False,Fog,False,0.0,False,False,0.828,Severe,17.5,53.3,196.6,0.12,0.278,0.949,Heavy congestion detected - signal timing extended and reroute suggested
EVT437099,2026-05-25 15:28:35,Sports Fixture,J012,Koramangala Sony World,9613,Weekday,False,Clear,False,0.0,False,False,0.429,Moderate,25.6,25.8,151.2,0.11,0.254,0.959,Moderate traffic flow - standard adaptive signal timing in effect
EVT437100,2025-12-14 09:44:42,Political Rally,J020,Malleshwaram Circle,26260,Weekend,False,Clear,False,0.0,False,False,0.924,Severe,10.0,63.7,331.3,0.127,0.294,0.937,Heavy congestion detected - signal timing extended and reroute suggested
EVT437101,2025-04-15 12:07:42,Religious Festival,J040,City Market,33057,Weekday,True,Clear,False,0.0,False,True,0.762,High,15.9,75.1,308.5,0.182,0.42,0.861,Road closure for event/procession - full detour recommended for through-traffic
EVT437102,2025-11-25 18:00:10,Local Market Day,J011,Indiranagar 100ft Road,4330,Weekday,False,Clear,False,0.0,False,False,1.0,Severe,8.0,68.7,589.1,0.185,0.428,0.9,Heavy congestion detected - signal timing extended and reroute suggested
EVT437103,2025-10-11 19:43:25,Local Market Day,J009,Majestic,3340,Weekend,False,Light Rain,True,2.8,False,False,0.792,Severe,16.4,57.5,291.3,0.166,0.383,0.921,Heavy rain reducing visibility and grip - reduced speed and longer buffer advised
EVT437104,2025-07-27 06:00:25,Local Market Day,J020,Malleshwaram Circle,9104,Weekend,False,Clear,False,0.0,False,False,0.292,Low,34.5,24.3,175.9,0.159,0.367,0.967,Moderate traffic flow - standard adaptive signal timing in effect
EVT437105,2025-04-02 15:41:20,Trade Fair,J009,Majestic,11360,Weekday,False,Clear,False,0.0,False,False,0.437,Moderate,25.5,26.6,225.3,0.155,0.359,0.958,Moderate traffic flow - standard adaptive signal timing in effect
EVT437106,2025-05-30 09:09:58,Trade Fair,J020,Malleshwaram Circle,10071,Weekday,False,Clear,False,0.0,False,False,0.953,Severe,9.2,71.5,520.8,0.206,0.475,0.909,Heavy congestion detected - signal timing extended and reroute suggested
EVT437107,2025-10-24 21:48:07,Concert,J012,Koramangala Sony World,13255,Weekday,False,Clear,False,0.0,False,False,0.302,Low,32.9,22.4,250.2,0.233,0.538,0.955,Moderate traffic flow - standard adaptive signal timing in effect
EVT437108,2026-03-09 11:11:53,Local Market Day,J012,Koramangala Sony World,4606,Weekday,False,Clear,False,0.0,False,False,0.423,Moderate,30.1,33.5,94.8,0.069,0.158,0.953,Moderate traffic flow - standard adaptive signal timing in effect
EVT437109,2025-08-11 17:08:28,Local Market Day,J011,Indiranagar 100ft Road,3471,Weekday,False,Clear,False,0.0,False,False,0.881,Severe,12.9,60.3,331.3,0.16,0.369,0.924,Heavy congestion detected - signal timing extended and reroute suggested
EVT437110,2025-09-15 06:48:24,Concert,J020,Malleshwaram Circle,11399,Weekday,False,Clear,False,0.0,False,False,0.424,Moderate,26.4,24.4,253.6,0.19,0.438,0.99,Moderate traffic flow - standard adaptive signal timing in effect
EVT437111,2026-06-28 23:22:49,Trade Fair,J011,Indiranagar 100ft Road,5570,Weekend,False,Clear,False,0.0,False,False,0.185,Low,39.4,16.9,162.9,0.163,0.376,0.94,Normal free-flow traffic - standard signal timing maintained
EVT437112,2026-02-15 07:45:41,Sports Fixture,J040,City Market,16102,Weekend,False,Clear,False,0.0,False,False,0.702,High,15.4,49.5,395.5,0.205,0.475,0.99,Moderate traffic flow - standard adaptive signal timing in effect
EVT437113,2025-02-07 20:46:05,Sports Fixture,J011,Indiranagar 100ft Road,15850,Weekday,False,Clear,False,0.0,False,False,0.572,High,21.2,46.3,317.8,0.189,0.436,0.978,Moderate traffic flow - standard adaptive signal timing in effect
EVT437114,2025-08-06 04:25:17,Political Rally,J040,City Market,22295,Weekday,False,Clear,False,0.0,False,False,0.363,Moderate,30.1,27.8,208.3,0.156,0.361,0.976,Moderate traffic flow - standard adaptive signal timing in effect
EVT437115,2025-06-03 12:43:32,Political Rally,J009,Majestic,26734,Weekday,False,Heavy Rain,True,40.3,False,False,0.622,High,20.8,46.3,264.6,0.16,0.369,0.881,Heavy rain reducing visibility and grip - reduced speed and longer buffer advised
EVT437116,2026-02-19 12:50:12,Trade Fair,J011,Indiranagar 100ft Road,9398,Weekday,False,Clear,False,0.0,False,False,0.226,Low,24.2,19.9,93.4,0.071,0.164,0.975,Normal free-flow traffic - standard signal timing maintained
EVT437117,2025-01-26 12:32:22,Religious Festival,J012,Koramangala Sony World,61565,Weekend,True,Clear,False,0.0,False,True,0.915,Severe,10.0,90.0,612.7,0.263,0.607,0.852,Road closure for event/procession - full detour recommended for through-traffic
EVT437118,2025-03-07 13:52:45,Political Rally,J011,Indiranagar 100ft Road,18216,Weekday,False,Clear,False,0.0,False,False,0.208,Low,39.5,16.0,106.5,0.114,0.263,0.967,Normal free-flow traffic - standard signal timing maintained
EVT437119,2026-02-15 10:16:17,Sports Fixture,J031,Cubbon Road,20917,Weekend,False,Clear,False,0.0,False,False,0.745,High,19.6,50.2,305.4,0.19,0.439,0.96,Moderate traffic flow - standard adaptive signal timing in effect
EVT437120,2026-03-10 15:38:07,Local Market Day,J020,Malleshwaram Circle,3612,Weekday,False,Clear,False,0.0,False,False,0.346,Low,31.2,24.8,119.9,0.091,0.21,0.99,Moderate traffic flow - standard adaptive signal timing in effect
EVT437121,2026-05-09 14:59:25,Trade Fair,J023,Basavanagudi,13446,Weekend,False,Clear,False,0.0,False,False,0.285,Low,30.1,18.0,82.5,0.064,0.148,0.968,Moderate traffic flow - standard adaptive signal timing in effect
EVT437122,2026-01-07 07:45:54,Local Market Day,J031,Cubbon Road,2929,Weekday,False,Clear,False,0.0,False,False,0.69,High,21.4,50.5,297.9,0.211,0.487,0.98,Moderate traffic flow - standard adaptive signal timing in effect
EVT437123,2026-01-05 07:21:05,Trade Fair,J040,City Market,13435,Weekday,False,Clear,False,0.0,False,False,0.602,High,21.8,41.7,156.9,0.096,0.221,0.928,Moderate traffic flow - standard adaptive signal timing in effect
EVT437124,2026-01-16 22:04:35,Local Market Day,J009,Majestic,3100,Weekday,False,Fog,False,0.0,False,False,0.276,Low,33.6,26.4,125.4,0.111,0.257,0.963,Moderate traffic flow - standard adaptive signal timing in effect
EVT437125,2025-09-19 19:18:09,Concert,J012,Koramangala Sony World,19673,Weekday,False,Clear,False,0.0,False,False,0.997,Severe,9.7,71.8,626.9,0.252,0.583,0.93,Heavy congestion detected - signal timing extended and reroute suggested
EVT437126,2025-11-15 14:57:19,Sports Fixture,J031,Cubbon Road,18441,Weekend,False,Clear,False,0.0,False,False,0.36,Moderate,25.6,28.2,141.7,0.095,0.22,0.975,Moderate traffic flow - standard adaptive signal timing in effect
EVT437127,2025-01-01 11:22:37,Local Market Day,J030,MG Road,5677,Weekday,False,Clear,False,0.0,False,False,0.287,Low,31.9,21.4,100.5,0.074,0.172,0.976,Moderate traffic flow - standard adaptive signal timing in effect
EVT437128,2025-11-29 19:54:56,Local Market Day,J040,City Market,4555,Weekend,False,Clear,False,0.0,False,False,0.667,High,21.0,53.0,353.9,0.243,0.561,0.973,Moderate traffic flow - standard adaptive signal timing in effect
EVT437129,2025-12-27 10:37:25,Concert,J023,Basavanagudi,6557,Weekend,False,Clear,False,0.0,False,False,0.627,High,23.8,45.9,308.0,0.231,0.535,0.949,Moderate traffic flow - standard adaptive signal timing in effect
EVT437130,2025-05-28 18:16:24,Concert,J023,Basavanagudi,14372,Weekday,False,Clear,False,0.0,False,False,1.0,Severe,7.9,74.7,828.1,0.257,0.593,0.955,Heavy congestion detected - signal timing extended and reroute suggested
EVT437131,2025-06-18 17:19:58,Sports Fixture,J011,Indiranagar 100ft Road,22947,Weekday,False,Clear,False,0.0,False,False,0.958,Severe,10.5,68.9,494.4,0.206,0.476,0.927,Heavy congestion detected - signal timing extended and reroute suggested
EVT437132,2025-06-18 13:13:43,Local Market Day,J030,MG Road,3108,Weekday,False,Rain,True,12.1,False,False,0.364,Moderate,29.1,26.2,190.7,0.167,0.385,0.908,Light rain detected - minor speed reduction advised
EVT437133,2025-02-14 21:51:52,Trade Fair,J012,Koramangala Sony World,15546,Weekday,False,Clear,False,0.0,False,False,0.321,Low,24.0,17.2,149.6,0.11,0.255,0.984,Moderate traffic flow - standard adaptive signal timing in effect
EVT437134,2025-03-04 13:29:28,Sports Fixture,J020,Malleshwaram Circle,35413,Weekday,False,Clear,False,0.0,False,False,0.4,Moderate,22.7,29.4,217.6,0.136,0.313,0.969,Moderate traffic flow - standard adaptive signal timing in effect
EVT437135,2025-08-29 13:43:18,Trade Fair,J011,Indiranagar 100ft Road,13215,Weekday,False,Heavy Rain,True,29.0,False,False,0.564,High,28.3,46.7,227.6,0.202,0.466,0.891,Heavy rain reducing visibility and grip - reduced speed and longer buffer advised
EVT437136,2025-11-08 08:28:07,Sports Fixture,J020,Malleshwaram Circle,22949,Weekend,False,Clear,False,0.0,False,False,0.882,Severe,13.2,67.8,339.0,0.164,0.379,0.972,Heavy congestion detected - signal timing extended and reroute suggested
EVT437137,2025-06-09 09:35:14,Local Market Day,J040,City Market,2192,Weekday,False,Clear,False,0.0,False,False,0.929,Severe,12.0,69.4,726.5,0.307,0.71,0.945,Heavy congestion detected - signal timing extended and reroute suggested
EVT437138,2025-01-05 10:58:28,Trade Fair,J012,Koramangala Sony World,6106,Weekend,False,Clear,False,0.0,False,False,0.459,Moderate,24.4,30.4,202.4,0.158,0.364,0.951,Moderate traffic flow - standard adaptive signal timing in effect
EVT437139,2026-01-08 02:06:24,Sports Fixture,J030,MG Road,12185,Weekday,False,Clear,False,0.0,False,False,0.217,Low,36.7,20.9,83.8,0.055,0.127,0.984,Normal free-flow traffic - standard signal timing maintained
EVT437140,2025-11-22 18:15:53,Local Market Day,J023,Basavanagudi,7282,Weekend,False,Rain,True,9.9,False,False,1.0,Severe,7.1,73.0,911.1,0.283,0.653,0.846,Heavy rain reducing visibility and grip - reduced speed and longer buffer advised
EVT437141,2026-05-06 06:08:05,Local Market Day,J040,City Market,3401,Weekday,False,Clear,False,0.0,False,False,0.243,Low,35.5,9.6,116.5,0.11,0.254,0.942,Normal free-flow traffic - standard signal timing maintained
EVT437142,2025-01-22 16:42:17,Local Market Day,J020,Malleshwaram Circle,3327,Weekday,False,Clear,False,0.0,False,False,0.596,High,16.6,39.4,298.9,0.169,0.39,0.931,Moderate traffic flow - standard adaptive signal timing in effect
EVT437143,2025-09-14 22:55:24,Local Market Day,J011,Indiranagar 100ft Road,3347,Weekend,False,Rain,True,19.3,False,False,0.442,Moderate,23.4,34.8,229.2,0.165,0.381,0.92,Light rain detected - minor speed reduction advised
EVT437144,2026-05-18 00:53:14,Local Market Day,J011,Indiranagar 100ft Road,3853,Weekday,False,Rain,True,13.3,False,False,0.291,Low,29.0,15.8,174.0,0.155,0.358,0.916,Light rain detected - minor speed reduction advised
EVT437145,2026-02-08 17:49:20,Sports Fixture,J031,Cubbon Road,19033,Weekend,False,Clear,False,0.0,False,False,0.9,Severe,7.1,61.4,1008.5,0.271,0.626,0.942,Heavy congestion detected - signal timing extended and reroute suggested
EVT437146,2025-05-26 07:54:45,Trade Fair,J012,Koramangala Sony World,6940,Weekday,False,Light Rain,True,2.9,False,False,0.852,Severe,13.6,61.6,329.5,0.157,0.362,0.886,Heavy rain reducing visibility and grip - reduced speed and longer buffer advised
EVT437147,2026-02-04 23:52:40,Concert,J012,Koramangala Sony World,10592,Weekday,False,Clear,False,0.0,False,False,0.163,Low,36.8,14.3,188.3,0.175,0.405,0.958,Normal free-flow traffic - standard signal timing maintained
EVT437148,2025-12-12 15:44:38,Local Market Day,J040,City Market,3443,Weekday,False,Clear,False,0.0,False,False,0.277,Low,30.1,17.2,59.2,0.038,0.088,0.942,Moderate traffic flow - standard adaptive signal timing in effect
EVT437149,2025-12-23 20:32:58,Sports Fixture,J011,Indiranagar 100ft Road,26805,Weekday,False,Clear,False,0.0,False,False,0.715,High,16.4,52.2,263.2,0.147,0.34,0.98,Moderate traffic flow - standard adaptive signal timing in effect
EVT437150,2025-03-31 06:54:03,Cultural Procession,J031,Cubbon Road,14689,Weekday,True,Clear,False,0.0,False,True,0.94,Severe,11.3,95.2,553.6,0.251,0.58,0.844,Road closure for event/procession - full detour recommended for through-traffic
EVT437151,2025-09-05 09:20:05,Fireworks Display,J012,Koramangala Sony World,32352,Weekday,True,Rain,True,10.3,False,False,1.0,Severe,8.0,70.4,785.6,0.269,0.622,0.821,Festival crowd surge detected - alternate route and extended cycle recommended
EVT437152,2026-04-29 07:57:31,Local Market Day,J023,Basavanagudi,4692,Weekday,False,Clear,False,0.0,False,False,0.819,Severe,12.8,58.2,292.5,0.141,0.325,0.939,Heavy congestion detected - signal timing extended and reroute suggested
EVT437153,2026-01-12 00:04:06,Trade Fair,J030,MG Road,7929,Weekday,False,Clear,False,0.0,False,False,0.247,Low,37.1,19.3,123.6,0.104,0.241,0.945,Normal free-flow traffic - standard signal timing maintained
EVT437154,2025-05-27 17:29:05,Trade Fair,J023,Basavanagudi,9770,Weekday,False,Clear,False,0.0,False,False,0.928,Severe,10.1,69.2,350.6,0.151,0.348,0.925,Heavy congestion detected - signal timing extended and reroute suggested
EVT437155,2025-10-29 17:26:14,Concert,J011,Indiranagar 100ft Road,13491,Weekday,False,Clear,False,0.0,False,False,0.903,Severe,12.3,66.7,332.4,0.15,0.347,0.945,Heavy congestion detected - signal timing extended and reroute suggested
EVT437156,2025-02-20 09:14:29,Trade Fair,J011,Indiranagar 100ft Road,11195,Weekday,False,Clear,False,0.0,False,False,1.0,Severe,8.8,65.3,612.9,0.235,0.542,0.913,Heavy congestion detected - signal timing extended and reroute suggested
EVT437157,2025-08-31 20:16:53,Local Market Day,J023,Basavanagudi,4895,Weekend,False,Rain,True,22.8,False,False,0.824,Severe,12.9,58.3,295.0,0.141,0.325,0.901,Heavy rain reducing visibility and grip - reduced speed and longer buffer advised
EVT437158,2025-07-16 03:13:32,Concert,J011,Indiranagar 100ft Road,15490,Weekday,False,Clear,False,0.0,False,False,0.128,Low,39.0,13.3,128.9,0.121,0.279,0.955,Normal free-flow traffic - standard signal timing maintained
EVT437159,2026-04-09 10:43:13,Political Rally,J009,Majestic,24557,Weekday,False,Clear,False,0.0,False,False,0.659,High,18.6,49.5,334.0,0.212,0.49,0.965,Moderate traffic flow - standard adaptive signal timing in effect
EVT437160,2025-07-13 19:33:46,Sports Fixture,J020,Malleshwaram Circle,18598,Weekend,False,Clear,False,0.0,False,False,0.785,Severe,15.5,60.6,152.3,0.072,0.166,0.97,Heavy congestion detected - signal timing extended and reroute suggested
EVT437161,2025-12-08 07:40:03,Sports Fixture,J012,Koramangala Sony World,17325,Weekday,False,Clear,False,0.0,False,False,0.772,Severe,11.3,56.3,326.5,0.121,0.279,0.98,Heavy congestion detected - signal timing extended and reroute suggested
EVT437162,2025-03-23 09:01:38,Sports Fixture,J020,Malleshwaram Circle,20300,Weekend,False,Clear,False,0.0,False,False,0.945,Severe,9.4,68.3,429.4,0.165,0.381,0.92,Heavy congestion detected - signal timing extended and reroute suggested
EVT437163,2025-04-23 17:47:09,Concert,J040,City Market,11918,Weekday,False,Clear,False,0.0,False,False,0.911,Severe,10.3,62.6,438.2,0.188,0.433,0.942,Heavy congestion detected - signal timing extended and reroute suggested
EVT437164,2025-08-21 06:14:29,Local Market Day,J031,Cubbon Road,2396,Weekday,False,Rain,True,11.0,False,False,0.422,Moderate,26.7,28.4,166.4,0.121,0.279,0.887,Light rain detected - minor speed reduction advised
EVT437165,2025-03-11 09:09:54,Trade Fair,J040,City Market,9325,Weekday,False,Fog,False,0.0,False,False,1.0,Severe,7.5,71.3,202.1,0.089,0.205,0.928,Heavy congestion detected - signal timing extended and reroute suggested
EVT437166,2026-02-08 15:44:35,Political Rally,J009,Majestic,8249,Weekend,False,Clear,False,0.0,False,False,0.369,Moderate,27.9,24.4,214.2,0.169,0.39,0.98,Moderate traffic flow - standard adaptive signal timing in effect
EVT437167,2025-08-27 06:25:50,Religious Festival,J020,Malleshwaram Circle,54781,Weekday,True,Rain,True,7.8,False,False,0.889,Severe,11.5,60.1,373.0,0.159,0.368,0.824,Festival crowd surge detected - alternate route and extended cycle recommended
EVT437168,2026-03-09 16:35:14,Concert,J012,Koramangala Sony World,7187,Weekday,False,Clear,False,0.0,False,False,0.629,High,21.5,42.1,198.1,0.149,0.344,0.99,Moderate traffic flow - standard adaptive signal timing in effect
EVT437169,2025-07-06 20:12:28,Local Market Day,J020,Malleshwaram Circle,9663,Weekend,False,Clear,False,0.0,False,False,0.627,High,19.3,47.0,217.5,0.135,0.311,0.99,Moderate traffic flow - standard adaptive signal timing in effect
EVT437170,2025-05-08 19:07:28,Concert,J009,Majestic,16118,Weekday,False,Clear,False,0.0,False,False,1.0,Severe,9.6,73.9,522.4,0.189,0.438,0.931,Heavy congestion detected - signal timing extended and reroute suggested
EVT437171,2025-09-09 20:28:48,Concert,J031,Cubbon Road,18107,Weekday,False,Heavy Rain,True,38.4,False,False,0.976,Severe,8.2,68.1,627.7,0.22,0.507,0.881,Heavy rain reducing visibility and grip - reduced speed and longer buffer advised
EVT437172,2025-08-19 17:42:16,Local Market Day,J040,City Market,1935,Weekday,False,Clear,False,0.0,False,False,0.901,Severe,11.7,70.2,372.1,0.154,0.356,0.904,Heavy congestion detected - signal timing extended and reroute suggested
EVT437173,2026-06-14 10:41:33,Concert,J012,Koramangala Sony World,7849,Weekend,False,Clear,False,0.0,False,False,0.656,High,16.3,41.4,288.8,0.17,0.393,0.96,Moderate traffic flow - standard adaptive signal timing in effect
EVT437174,2026-06-29 06:23:24,Trade Fair,J009,Majestic,10556,Weekday,False,Clear,False,0.0,False,False,0.318,Low,35.0,23.0,209.4,0.206,0.476,0.978,Moderate traffic flow - standard adaptive signal timing in effect
EVT437175,2026-04-14 09:09:31,Cultural Procession,J031,Cubbon Road,18521,Weekday,True,Clear,False,0.0,False,True,1.0,Severe,8.1,100.4,605.8,0.209,0.484,0.828,Road closure for event/procession - full detour recommended for through-traffic
EVT437176,2025-12-24 19:01:15,Local Market Day,J040,City Market,2558,Weekday,False,Clear,False,0.0,False,False,1.0,Severe,9.5,70.4,440.8,0.198,0.457,0.901,Heavy congestion detected - signal timing extended and reroute suggested
EVT437177,2025-10-10 17:04:30,Local Market Day,J012,Koramangala Sony World,4644,Weekday,False,Rain,True,21.0,False,False,0.914,Severe,11.3,60.8,265.7,0.138,0.318,0.883,Heavy rain reducing visibility and grip - reduced speed and longer buffer advised
EVT437178,2025-12-29 16:09:21,Trade Fair,J023,Basavanagudi,12419,Weekday,False,Clear,False,0.0,False,False,0.488,Moderate,26.0,30.0,165.1,0.117,0.27,0.939,Moderate traffic flow - standard adaptive signal timing in effect
EVT437179,2026-02-03 21:26:27,Sports Fixture,J012,Koramangala Sony World,12784,Weekday,False,Clear,False,0.0,False,False,0.407,Moderate,27.8,25.6,204.3,0.169,0.391,0.954,Moderate traffic flow - standard adaptive signal timing in effect
EVT437180,2025-09-25 12:23:21,Trade Fair,J030,MG Road,11636,Weekday,False,Rain,True,11.5,False,False,0.371,Moderate,28.2,20.2,108.6,0.091,0.21,0.924,Light rain detected - minor speed reduction advised
EVT437181,2025-01-27 17:42:04,Cultural Procession,J040,City Market,19080,Weekday,True,Clear,False,0.0,False,False,1.0,Severe,7.2,71.8,527.9,0.164,0.379,0.868,Festival crowd surge detected - alternate route and extended cycle recommended
EVT437182,2026-01-03 09:16:09,Sports Fixture,J031,Cubbon Road,21108,Weekend,False,Clear,False,0.0,False,False,0.979,Severe,9.9,74.2,300.6,0.129,0.298,0.907,Heavy congestion detected - signal timing extended and reroute suggested
EVT437183,2025-03-18 23:23:10,Local Market Day,J040,City Market,2746,Weekday,False,Clear,False,0.0,False,False,0.23,Low,37.7,18.0,114.0,0.118,0.273,0.968,Normal free-flow traffic - standard signal timing maintained
EVT437184,2025-09-01 10:39:42,Sports Fixture,J030,MG Road,34720,Weekday,False,Clear,False,0.0,False,False,0.778,Severe,15.6,54.5,217.2,0.129,0.298,0.952,Heavy congestion detected - signal timing extended and reroute suggested
EVT437185,2025-06-11 20:32:05,Political Rally,J031,Cubbon Road,8428,Weekday,False,Heavy Rain,True,53.2,False,False,0.914,Severe,11.3,66.5,516.5,0.234,0.54,0.86,Heavy rain reducing visibility and grip - reduced speed and longer buffer advised
EVT437186,2026-02-18 10:17:03,Concert,J012,Koramangala Sony World,14685,Weekday,False,Clear,False,0.0,False,False,0.783,Severe,17.4,59.4,273.2,0.169,0.39,0.97,Heavy congestion detected - signal timing extended and reroute suggested
EVT437187,2025-02-09 11:06:59,Sports Fixture,J031,Cubbon Road,26088,Weekend,False,Clear,False,0.0,False,False,0.466,Moderate,27.5,37.4,164.7,0.126,0.29,0.962,Moderate traffic flow - standard adaptive signal timing in effect
EVT437188,2025-01-25 20:51:14,Sports Fixture,J009,Majestic,17615,Weekend,False,Clear,False,0.0,False,False,0.6,High,21.0,46.2,239.0,0.161,0.372,0.929,Moderate traffic flow - standard adaptive signal timing in effect
EVT437189,2025-07-16 17:13:06,Local Market Day,J031,Cubbon Road,3577,Weekday,False,Rain,True,7.7,False,False,0.895,Severe,9.1,69.4,535.8,0.179,0.414,0.872,Heavy rain reducing visibility and grip - reduced speed and longer buffer advised
EVT437190,2025-09-30 19:46:53,Trade Fair,J023,Basavanagudi,14089,Weekday,False,Clear,False,0.0,False,False,0.865,Severe,12.8,61.4,251.9,0.123,0.285,0.919,Heavy congestion detected - signal timing extended and reroute suggested
EVT437191,2025-11-12 20:22:02,Concert,J012,Koramangala Sony World,7050,Weekday,False,Clear,False,0.0,False,False,0.585,High,20.1,46.2,229.5,0.15,0.347,0.968,Moderate traffic flow - standard adaptive signal timing in effect
EVT437192,2026-01-02 18:54:03,Religious Festival,J020,Malleshwaram Circle,48511,Weekday,True,Fog,False,0.0,False,True,1.0,Severe,9.2,97.3,467.6,0.186,0.429,0.82,Road closure for event/procession - full detour recommended for through-traffic
EVT437193,2025-03-20 08:50:08,Local Market Day,J012,Koramangala Sony World,5297,Weekday,False,Clear,False,0.0,False,False,1.0,Severe,6.8,70.1,781.7,0.232,0.537,0.932,Heavy congestion detected - signal timing extended and reroute suggested
EVT437194,2025-05-27 16:37:00,Trade Fair,J011,Indiranagar 100ft Road,10807,Weekday,False,Clear,False,0.0,False,False,0.651,High,18.0,45.9,308.7,0.169,0.39,0.964,Moderate traffic flow - standard adaptive signal timing in effect
EVT437195,2025-02-03 14:47:28,Sports Fixture,J023,Basavanagudi,17508,Weekday,False,Clear,False,0.0,False,False,0.278,Low,26.6,18.2,186.0,0.141,0.326,0.957,Moderate traffic flow - standard adaptive signal timing in effect
EVT437196,2025-11-04 07:17:58,Concert,J023,Basavanagudi,17955,Weekday,False,Clear,False,0.0,False,False,0.572,High,21.2,43.7,189.5,0.142,0.329,0.973,Moderate traffic flow - standard adaptive signal timing in effect
EVT437197,2025-08-24 13:44:58,Local Market Day,J040,City Market,6075,Weekend,False,Clear,False,0.0,False,False,0.309,Low,28.2,23.6,182.7,0.141,0.326,0.971,Moderate traffic flow - standard adaptive signal timing in effect
EVT437198,2025-09-04 18:00:17,Political Rally,J030,MG Road,20793,Weekday,False,Light Rain,True,2.9,False,False,1.0,Severe,9.7,71.5,580.9,0.226,0.523,0.852,Heavy rain reducing visibility and grip - reduced speed and longer buffer advised
EVT437199,2025-10-05 18:41:24,Local Market Day,J040,City Market,5792,Weekend,False,Clear,False,0.0,False,False,0.816,Severe,18.2,54.0,218.1,0.133,0.308,0.953,Heavy congestion detected - signal timing extended and reroute suggested
EVT437200,2025-08-20 09:50:55,Sports Fixture,J012,Koramangala Sony World,26305,Weekday,False,Clear,False,0.0,False,False,1.0,Severe,8.7,78.3,576.6,0.231,0.533,0.904,Heavy congestion detected - signal timing extended and reroute suggested
EVT437201,2025-05-07 22:34:59,Local Market Day,J031,Cubbon Road,6115,Weekday,False,Clear,False,0.0,False,False,0.292,Low,30.1,18.5,64.4,0.042,0.096,0.958,Moderate traffic flow - standard adaptive signal timing in effect
EVT437202,2025-10-15 08:44:01,Trade Fair,J023,Basavanagudi,8176,Weekday,False,Clear,False,0.0,False,False,1.0,Severe,7.8,74.0,355.3,0.114,0.262,0.928,Heavy congestion detected - signal timing extended and reroute suggested
EVT437203,2025-03-06 09:14:13,Local Market Day,J020,Malleshwaram Circle,3800,Weekday,False,Clear,False,0.0,False,False,1.0,Severe,8.4,72.9,543.1,0.192,0.444,0.942,Heavy congestion detected - signal timing extended and reroute suggested
EVT437204,2026-04-19 10:38:50,Concert,J040,City Market,8241,Weekend,False,Clear,False,0.0,False,False,0.512,Moderate,22.3,40.8,286.3,0.163,0.377,0.93,Moderate traffic flow - standard adaptive signal timing in effect
EVT437205,2025-08-30 18:11:57,Local Market Day,J040,City Market,2383,Weekend,False,Clear,False,0.0,False,False,0.803,Severe,14.6,48.2,423.2,0.23,0.531,0.947,Heavy congestion detected - signal timing extended and reroute suggested
EVT437206,2026-01-07 00:20:36,Political Rally,J031,Cubbon Road,13491,Weekday,False,Clear,False,0.0,False,False,0.207,Low,33.7,15.6,135.4,0.129,0.298,0.947,Normal free-flow traffic - standard signal timing maintained
EVT437207,2025-02-05 09:59:00,Trade Fair,J020,Malleshwaram Circle,6249,Weekday,False,Clear,False,0.0,False,False,0.802,Severe,15.0,56.6,272.2,0.169,0.39,0.928,Heavy congestion detected - signal timing extended and reroute suggested
EVT437208,2025-07-27 11:41:47,Sports Fixture,J040,City Market,29013,Weekend,False,Clear,False,0.0,False,False,0.558,High,22.1,43.5,281.0,0.175,0.404,0.975,Moderate traffic flow - standard adaptive signal timing in effect
EVT437209,2026-02-01 09:08:32,Sports Fixture,J020,Malleshwaram Circle,15967,Weekend,False,Clear,False,0.0,False,False,0.938,Severe,11.0,62.4,483.2,0.22,0.507,0.934,Heavy congestion detected - signal timing extended and reroute suggested
EVT437210,2026-02-08 08:43:03,Local Market Day,J012,Koramangala Sony World,5009,Weekend,False,Clear,False,0.0,False,False,0.83,Severe,15.6,60.6,126.8,0.087,0.201,0.962,Heavy congestion detected - signal timing extended and reroute suggested
EVT437211,2026-03-04 08:35:57,Cultural Procession,J011,Indiranagar 100ft Road,13140,Weekday,True,Clear,False,0.0,True,False,1.0,Severe,6.4,73.8,659.9,0.193,0.445,0.688,Accident detected nearby - reroute and reduced speed advised
EVT437212,2025-07-01 19:24:15,Concert,J030,MG Road,21449,Weekday,False,Clear,False,0.0,False,False,0.975,Severe,10.5,70.1,640.8,0.272,0.629,0.879,Heavy congestion detected - signal timing extended and reroute suggested
EVT437213,2025-04-16 15:53:47,Local Market Day,J030,MG Road,3535,Weekday,False,Clear,False,0.0,False,False,0.481,Moderate,21.6,33.2,196.3,0.127,0.294,0.967,Moderate traffic flow - standard adaptive signal timing in effect
EVT437214,2025-12-19 18:02:17,Local Market Day,J040,City Market,4956,Weekday,False,Clear,False,0.0,False,False,0.92,Severe,10.5,63.0,283.3,0.103,0.237,0.917,Heavy congestion detected - signal timing extended and reroute suggested
EVT437215,2025-01-29 08:50:49,Trade Fair,J040,City Market,8544,Weekday,False,Clear,False,0.0,False,False,1.0,Severe,7.9,66.9,735.2,0.226,0.522,0.922,Heavy congestion detected - signal timing extended and reroute suggested
EVT437216,2026-03-30 19:19:55,Concert,J040,City Market,21149,Weekday,False,Clear,False,0.0,False,False,1.0,Severe,7.0,70.4,656.1,0.2,0.462,0.924,Heavy congestion detected - signal timing extended and reroute suggested
EVT437217,2025-12-29 17:51:25,Local Market Day,J023,Basavanagudi,3643,Weekday,False,Clear,False,0.0,False,False,0.933,Severe,11.1,60.2,584.1,0.26,0.601,0.903,Heavy congestion detected - signal timing extended and reroute suggested
EVT437218,2025-02-28 08:28:01,Local Market Day,J031,Cubbon Road,5931,Weekday,False,Clear,False,0.0,False,False,1.0,Severe,10.3,73.3,422.8,0.187,0.432,0.923,Heavy congestion detected - signal timing extended and reroute suggested
EVT437219,2026-02-05 12:51:46,Sports Fixture,J040,City Market,17567,Weekday,False,Clear,False,0.0,False,False,0.306,Low,27.0,22.4,171.9,0.108,0.249,0.965,Moderate traffic flow - standard adaptive signal timing in effect
EVT437220,2025-04-05 16:41:58,Local Market Day,J030,MG Road,2797,Weekend,False,Rain,True,17.1,False,False,0.755,Severe,19.6,53.0,350.2,0.225,0.52,0.912,Heavy rain reducing visibility and grip - reduced speed and longer buffer advised
EVT437221,2025-04-02 19:06:58,Sports Fixture,J009,Majestic,20679,Weekday,False,Light Rain,True,1.4,False,False,1.0,Severe,9.7,72.8,877.5,0.352,0.812,0.878,Heavy rain reducing visibility and grip - reduced speed and longer buffer advised
EVT437222,2026-04-07 15:57:19,Local Market Day,J012,Koramangala Sony World,3849,Weekday,False,Clear,False,0.0,False,False,0.358,Moderate,28.3,19.3,217.0,0.158,0.364,0.952,Moderate traffic flow - standard adaptive signal timing in effect
EVT437223,2025-02-21 19:22:07,Trade Fair,J009,Majestic,7606,Weekday,False,Clear,False,0.0,False,False,0.955,Severe,9.4,64.3,236.5,0.113,0.261,0.899,Heavy congestion detected - signal timing extended and reroute suggested
EVT437224,2025-05-06 09:43:20,Local Market Day,J020,Malleshwaram Circle,3179,Weekday,False,Clear,False,0.0,False,False,0.932,Severe,12.1,77.4,555.4,0.273,0.631,0.947,Heavy congestion detected - signal timing extended and reroute suggested
EVT437225,2025-07-13 18:35:43,Sports Fixture,J040,City Market,24304,Weekend,False,Rain,True,12.4,False,False,1.0,Severe,8.1,72.4,659.1,0.207,0.478,0.846,Heavy rain reducing visibility and grip - reduced speed and longer buffer advised
EVT437226,2025-07-24 08:21:57,Concert,J030,MG Road,10566,Weekday,False,Clear,False,0.0,False,False,0.939,Severe,9.8,60.5,581.5,0.227,0.524,0.919,Heavy congestion detected - signal timing extended and reroute suggested
EVT437227,2025-02-07 16:45:14,Trade Fair,J023,Basavanagudi,7674,Weekday,False,Clear,False,0.0,False,False,0.629,High,19.2,42.5,355.3,0.246,0.569,0.976,Moderate traffic flow - standard adaptive signal timing in effect
EVT437228,2026-01-13 14:51:28,Sports Fixture,J030,MG Road,21005,Weekday,False,Clear,False,0.0,False,False,0.249,Low,29.5,14.6,177.0,0.157,0.362,0.96,Normal free-flow traffic - standard signal timing maintained
EVT437229,2025-04-30 12:20:29,Local Market Day,J023,Basavanagudi,4427,Weekday,False,Clear,False,0.0,False,False,0.174,Low,23.7,13.1,194.0,0.117,0.27,0.981,Normal free-flow traffic - standard signal timing maintained
EVT437230,2026-03-26 08:27:16,Cultural Procession,J011,Indiranagar 100ft Road,23382,Weekday,True,Clear,False,0.0,False,True,1.0,Severe,10.7,101.0,508.3,0.232,0.535,0.832,Road closure for event/procession - full detour recommended for through-traffic
EVT437231,2025-05-30 15:21:45,Trade Fair,J012,Koramangala Sony World,11497,Weekday,False,Clear,False,0.0,False,False,0.339,Low,34.7,31.5,118.3,0.1,0.231,0.961,Moderate traffic flow - standard adaptive signal timing in effect
EVT437232,2025-03-05 17:35:31,Sports Fixture,J023,Basavanagudi,20005,Weekday,False,Clear,False,0.0,False,False,0.913,Severe,12.2,64.9,572.1,0.27,0.623,0.905,Heavy congestion detected - signal timing extended and reroute suggested
EVT437233,2025-05-20 07:46:16,Local Market Day,J023,Basavanagudi,7594,Weekday,False,Clear,False,0.0,True,False,1.0,Severe,7.5,70.0,491.8,0.177,0.41,0.764,Accident detected nearby - reroute and reduced speed advised
EVT437234,2025-06-28 12:34:37,Concert,J040,City Market,10890,Weekend,False,Clear,False,0.0,False,False,0.302,Low,31.6,23.2,162.9,0.138,0.318,0.99,Moderate traffic flow - standard adaptive signal timing in effect
EVT437235,2026-03-15 20:21:56,Sports Fixture,J040,City Market,23794,Weekend,False,Clear,False,0.0,False,False,0.683,High,17.8,47.8,260.6,0.151,0.35,0.962,Moderate traffic flow - standard adaptive signal timing in effect
EVT437236,2026-04-08 19:11:20,Sports Fixture,J009,Majestic,19142,Weekday,False,Clear,False,0.0,False,False,0.971,Severe,9.6,68.0,550.5,0.213,0.492,0.932,Heavy congestion detected - signal timing extended and reroute suggested
EVT437237,2025-04-13 11:09:52,Local Market Day,J030,MG Road,4521,Weekend,False,Clear,False,0.0,False,False,0.363,Moderate,30.5,27.6,150.4,0.118,0.273,0.981,Moderate traffic flow - standard adaptive signal timing in effect
EVT437238,2026-03-22 13:22:41,Sports Fixture,J011,Indiranagar 100ft Road,54236,Weekend,False,Clear,False,0.0,False,False,0.466,Moderate,18.3,28.6,303.7,0.156,0.36,0.98,Moderate traffic flow - standard adaptive signal timing in effect
EVT437239,2025-10-26 08:02:21,Concert,J009,Majestic,11178,Weekend,False,Clear,False,0.0,False,False,0.74,High,15.5,47.7,333.1,0.168,0.387,0.954,Moderate traffic flow - standard adaptive signal timing in effect
EVT437240,2026-02-12 06:52:52,Local Market Day,J012,Koramangala Sony World,3985,Weekday,False,Clear,False,0.0,False,False,0.397,Moderate,27.6,28.4,248.0,0.172,0.398,0.981,Moderate traffic flow - standard adaptive signal timing in effect
EVT437241,2026-06-07 12:40:11,Sports Fixture,J040,City Market,16716,Weekend,False,Clear,False,0.0,False,False,0.333,Low,28.3,22.2,139.8,0.112,0.258,0.962,Moderate traffic flow - standard adaptive signal timing in effect
EVT437242,2025-01-22 23:01:03,Sports Fixture,J012,Koramangala Sony World,26829,Weekday,False,Clear,False,0.0,False,False,0.292,Low,29.6,18.3,179.6,0.164,0.38,0.958,Moderate traffic flow - standard adaptive signal timing in effect
EVT437243,2025-04-05 19:00:13,Concert,J020,Malleshwaram Circle,11683,Weekend,False,Rain,True,8.1,True,False,1.0,Severe,7.3,67.0,455.5,0.147,0.338,0.703,Accident detected nearby - reroute and reduced speed advised
EVT437244,2025-10-05 19:01:12,Local Market Day,J030,MG Road,4137,Weekend,False,Rain,True,7.5,False,False,0.928,Severe,12.5,75.3,297.0,0.139,0.321,0.875,Heavy rain reducing visibility and grip - reduced speed and longer buffer advised
EVT437245,2025-10-18 14:27:15,Concert,J011,Indiranagar 100ft Road,13515,Weekend,False,Clear,False,0.0,False,False,0.358,Moderate,25.4,20.6,222.3,0.157,0.362,0.96,Moderate traffic flow - standard adaptive signal timing in effect
EVT437246,2026-06-27 09:38:05,Political Rally,J031,Cubbon Road,11301,Weekend,False,Clear,False,0.0,False,False,0.832,Severe,15.7,58.0,411.3,0.22,0.509,0.963,Heavy congestion detected - signal timing extended and reroute suggested
EVT437247,2025-07-30 05:53:36,Local Market Day,J012,Koramangala Sony World,3374,Weekday,False,Light Rain,True,4.1,False,False,0.351,Moderate,29.7,24.2,164.4,0.152,0.351,0.903,Light rain detected - minor speed reduction advised
EVT437248,2025-11-28 19:23:29,Sports Fixture,J031,Cubbon Road,23075,Weekday,False,Light Rain,True,5.7,False,False,1.0,Severe,8.4,73.3,464.7,0.175,0.405,0.856,Heavy rain reducing visibility and grip - reduced speed and longer buffer advised
EVT437249,2025-09-20 17:20:52,Local Market Day,J011,Indiranagar 100ft Road,4711,Weekend,False,Clear,False,0.0,False,False,0.741,High,18.5,51.2,110.2,0.07,0.161,0.948,Moderate traffic flow - standard adaptive signal timing in effect
EVT437250,2025-06-28 18:43:26,Sports Fixture,J023,Basavanagudi,24484,Weekend,False,Rain,True,16.2,False,False,1.0,Severe,7.7,73.9,772.4,0.26,0.602,0.85,Heavy rain reducing visibility and grip - reduced speed and longer buffer advised
EVT437251,2025-12-13 15:14:08,Concert,J009,Majestic,10203,Weekend,False,Clear,False,0.0,False,False,0.375,Moderate,26.9,19.4,112.3,0.105,0.243,0.961,Moderate traffic flow - standard adaptive signal timing in effect
EVT437252,2026-06-17 19:55:35,Local Market Day,J012,Koramangala Sony World,3537,Weekday,False,Clear,False,0.0,False,False,0.742,High,15.4,52.2,265.4,0.121,0.281,0.969,Moderate traffic flow - standard adaptive signal timing in effect
EVT437253,2025-02-27 16:02:33,Local Market Day,J040,City Market,4086,Weekday,False,Clear,False,0.0,False,False,0.505,Moderate,26.5,41.5,184.5,0.134,0.309,0.99,Moderate traffic flow - standard adaptive signal timing in effect
EVT437254,2026-05-27 23:39:38,Sports Fixture,J023,Basavanagudi,25206,Weekday,False,Clear,False,0.0,False,False,0.346,Low,25.6,24.3,98.7,0.065,0.15,0.97,Moderate traffic flow - standard adaptive signal timing in effect
EVT437255,2026-06-27 08:26:18,Sports Fixture,J023,Basavanagudi,23596,Weekend,False,Clear,False,0.0,False,False,0.884,Severe,14.4,61.1,422.5,0.216,0.498,0.964,Heavy congestion detected - signal timing extended and reroute suggested
EVT437256,2025-12-24 09:30:05,Local Market Day,J009,Majestic,2488,Weekday,False,Clear,False,0.0,False,False,0.977,Severe,8.1,72.5,751.3,0.227,0.523,0.932,Heavy congestion detected - signal timing extended and reroute suggested
EVT437257,2025-06-04 19:36:10,Local Market Day,J030,MG Road,4946,Weekday,False,Heavy Rain,True,46.9,False,False,1.0,Severe,7.1,69.0,337.3,0.105,0.242,0.853,Heavy rain reducing visibility and grip - reduced speed and longer buffer advised
EVT437258,2026-03-13 10:55:36,Trade Fair,J023,Basavanagudi,6863,Weekday,False,Clear,False,0.0,False,False,0.459,Moderate,35.2,26.6,138.3,0.134,0.308,0.956,Moderate traffic flow - standard adaptive signal timing in effect
EVT437259,2025-04-14 19:25:18,Fireworks Display,J023,Basavanagudi,19769,Weekday,True,Clear,False,0.0,False,False,1.0,Severe,7.5,72.7,467.9,0.149,0.345,0.87,Festival crowd surge detected - alternate route and extended cycle recommended
EVT437260,2025-03-08 10:58:15,Local Market Day,J031,Cubbon Road,9300,Weekend,False,Clear,False,0.0,False,False,0.443,Moderate,27.1,35.3,266.7,0.225,0.519,0.951,Moderate traffic flow - standard adaptive signal timing in effect
EVT437261,2025-09-04 20:45:58,Concert,J023,Basavanagudi,27743,Weekday,False,Rain,True,14.4,False,False,0.776,Severe,19.2,58.1,237.0,0.152,0.351,0.907,Heavy rain reducing visibility and grip - reduced speed and longer buffer advised
EVT437262,2026-02-12 16:32:04,Political Rally,J040,City Market,17346,Weekday,False,Clear,False,0.0,False,False,0.633,High,21.6,40.2,212.8,0.139,0.322,0.969,Moderate traffic flow - standard adaptive signal timing in effect
EVT437263,2026-03-09 08:54:45,Concert,J040,City Market,8928,Weekday,False,Clear,False,0.0,False,False,1.0,Severe,7.9,73.9,618.8,0.203,0.468,0.915,Heavy congestion detected - signal timing extended and reroute suggested
EVT437264,2026-04-13 17:15:30,Sports Fixture,J012,Koramangala Sony World,32332,Weekday,False,Clear,False,0.0,False,False,0.995,Severe,10.5,73.2,718.1,0.301,0.695,0.904,Heavy congestion detected - signal timing extended and reroute suggested
EVT437265,2026-03-14 13:19:43,Concert,J030,MG Road,21697,Weekend,False,Clear,False,0.0,False,False,0.37,Moderate,29.5,34.2,231.1,0.179,0.414,0.99,Moderate traffic flow - standard adaptive signal timing in effect
EVT437266,2025-08-09 09:13:06,Trade Fair,J011,Indiranagar 100ft Road,7121,Weekend,False,Fog,False,0.0,False,False,0.962,Severe,8.5,66.5,226.8,0.089,0.206,0.91,Heavy congestion detected - signal timing extended and reroute suggested
EVT437267,2026-06-04 16:22:10,Trade Fair,J023,Basavanagudi,5730,Weekday,False,Heavy Rain,True,26.2,False,False,0.791,Severe,14.4,59.7,421.9,0.202,0.466,0.907,Heavy rain reducing visibility and grip - reduced speed and longer buffer advised
EVT437268,2025-05-10 12:17:56,Local Market Day,J023,Basavanagudi,3053,Weekend,False,Clear,False,0.0,False,False,0.339,Low,27.9,27.8,235.7,0.167,0.386,0.971,Moderate traffic flow - standard adaptive signal timing in effect
EVT437269,2026-03-12 20:46:49,Sports Fixture,J020,Malleshwaram Circle,23444,Weekday,False,Clear,False,0.0,False,False,0.668,High,17.8,43.1,364.7,0.215,0.497,0.95,Moderate traffic flow - standard adaptive signal timing in effect
EVT437270,2025-05-07 09:35:44,Concert,J012,Koramangala Sony World,13657,Weekday,False,Heavy Rain,True,36.8,False,False,1.0,Severe,9.2,69.8,354.0,0.137,0.317,0.861,Heavy rain reducing visibility and grip - reduced speed and longer buffer advised
EVT437271,2025-12-31 16:45:06,Local Market Day,J023,Basavanagudi,4102,Weekday,False,Fog,False,0.0,False,False,0.688,High,16.7,45.2,196.5,0.102,0.235,0.981,Moderate traffic flow - standard adaptive signal timing in effect
EVT437272,2026-02-27 03:40:13,Sports Fixture,J020,Malleshwaram Circle,38877,Weekday,False,Light Rain,True,2.3,False,False,0.395,Moderate,25.4,28.4,191.4,0.15,0.346,0.921,Light rain detected - minor speed reduction advised
EVT437273,2026-04-29 06:08:30,Concert,J040,City Market,17710,Weekday,False,Fog,False,0.0,False,False,0.303,Low,36.5,15.9,122.5,0.107,0.246,0.958,Moderate traffic flow - standard adaptive signal timing in effect
EVT437274,2026-04-30 17:11:38,Concert,J009,Majestic,8703,Weekday,False,Clear,False,0.0,False,False,0.8,Severe,17.7,57.9,332.8,0.203,0.469,0.962,Heavy congestion detected - signal timing extended and reroute suggested
EVT437275,2025-02-07 19:02:26,Sports Fixture,J023,Basavanagudi,26398,Weekday,False,Clear,False,0.0,False,False,1.0,Severe,7.2,75.6,656.3,0.194,0.447,0.895,Heavy congestion detected - signal timing extended and reroute suggested
EVT437276,2026-03-20 15:10:05,Religious Festival,J030,MG Road,39098,Weekday,True,Clear,False,0.0,False,True,0.874,High,10.0,74.2,432.5,0.187,0.433,0.853,Road closure for event/procession - full detour recommended for through-traffic
EVT437277,2026-03-13 15:19:18,Local Market Day,J023,Basavanagudi,2527,Weekday,False,Clear,False,0.0,False,False,0.264,Low,32.8,21.9,110.3,0.088,0.203,0.975,Moderate traffic flow - standard adaptive signal timing in effect
EVT437278,2025-11-05 16:14:23,Political Rally,J020,Malleshwaram Circle,15043,Weekday,False,Clear,False,0.0,False,False,0.586,High,18.7,40.7,100.2,0.05,0.114,0.94,Moderate traffic flow - standard adaptive signal timing in effect
EVT437279,2025-05-17 19:57:02,Local Market Day,J011,Indiranagar 100ft Road,3851,Weekend,False,Clear,False,0.0,False,False,0.675,High,15.1,50.2,305.2,0.174,0.402,0.98,Moderate traffic flow - standard adaptive signal timing in effect
EVT437280,2025-07-14 14:37:02,Concert,J023,Basavanagudi,15539,Weekday,False,Light Rain,True,4.1,False,False,0.332,Low,27.0,21.7,69.5,0.049,0.114,0.901,Light rain detected - minor speed reduction advised
EVT437281,2025-09-27 08:15:49,Sports Fixture,J009,Majestic,16472,Weekend,False,Clear,False,0.0,False,False,0.844,Severe,11.9,54.3,373.9,0.185,0.426,0.957,Heavy congestion detected - signal timing extended and reroute suggested
EVT437282,2026-01-20 00:30:11,Political Rally,J011,Indiranagar 100ft Road,15387,Weekday,False,Clear,False,0.0,False,False,0.211,Low,30.1,16.3,172.4,0.133,0.307,0.943,Normal free-flow traffic - standard signal timing maintained
EVT437283,2025-01-20 09:33:38,Local Market Day,J012,Koramangala Sony World,6809,Weekday,False,Clear,False,0.0,False,False,0.951,Severe,10.4,63.8,428.8,0.148,0.342,0.903,Heavy congestion detected - signal timing extended and reroute suggested
EVT437284,2025-08-11 08:32:09,Concert,J023,Basavanagudi,10325,Weekday,False,Rain,True,21.5,False,False,1.0,Severe,8.8,71.2,343.4,0.134,0.309,0.868,Heavy rain reducing visibility and grip - reduced speed and longer buffer advised
EVT437285,2025-04-15 10:24:11,Cultural Procession,J023,Basavanagudi,31341,Weekday,True,Clear,False,0.0,False,False,1.0,Severe,9.4,69.9,406.2,0.164,0.378,0.87,Festival crowd surge detected - alternate route and extended cycle recommended
EVT437286,2025-05-04 18:11:04,Trade Fair,J040,City Market,7771,Weekend,False,Clear,False,0.0,False,False,0.903,Severe,12.1,68.5,447.5,0.201,0.464,0.933,Heavy congestion detected - signal timing extended and reroute suggested
EVT437287,2025-02-23 21:35:52,Concert,J030,MG Road,14948,Weekend,False,Clear,False,0.0,False,False,0.372,Moderate,33.1,20.9,103.6,0.087,0.201,0.965,Moderate traffic flow - standard adaptive signal timing in effect
EVT437288,2025-10-16 16:48:31,Sports Fixture,J011,Indiranagar 100ft Road,19402,Weekday,False,Clear,False,0.0,False,False,0.689,High,18.7,49.3,322.4,0.194,0.448,0.957,Moderate traffic flow - standard adaptive signal timing in effect
EVT437289,2025-10-19 07:53:48,Local Market Day,J012,Koramangala Sony World,4363,Weekend,False,Clear,False,0.0,False,False,0.725,High,19.0,54.1,114.3,0.083,0.191,0.954,Moderate traffic flow - standard adaptive signal timing in effect
EVT437290,2025-12-01 15:29:13,Sports Fixture,J009,Majestic,31425,Weekday,False,Fog,False,0.0,False,False,0.507,Moderate,23.4,34.5,115.8,0.09,0.208,0.97,Moderate traffic flow - standard adaptive signal timing in effect
EVT437291,2025-07-21 17:28:39,Local Market Day,J009,Majestic,4698,Weekday,False,Clear,False,0.0,False,False,0.871,Severe,14.1,62.9,340.4,0.175,0.403,0.957,Heavy congestion detected - signal timing extended and reroute suggested
EVT437292,2025-05-16 20:43:35,Local Market Day,J030,MG Road,7684,Weekday,False,Rain,True,11.1,False,False,0.641,High,22.3,44.5,194.0,0.118,0.273,0.896,Heavy rain reducing visibility and grip - reduced speed and longer buffer advised
EVT437293,2025-08-23 13:51:19,Local Market Day,J023,Basavanagudi,5083,Weekend,False,Clear,False,0.0,False,False,0.404,Moderate,28.9,31.1,208.6,0.177,0.408,0.963,Moderate traffic flow - standard adaptive signal timing in effect
EVT437294,2025-02-27 20:25:32,Sports Fixture,J012,Koramangala Sony World,29372,Weekday,False,Clear,False,0.0,False,False,0.743,High,17.6,56.4,219.5,0.13,0.301,0.95,Moderate traffic flow - standard adaptive signal timing in effect
EVT437295,2025-12-31 08:13:55,Trade Fair,J030,MG Road,8505,Weekday,False,Clear,False,0.0,False,False,0.851,Severe,12.4,60.4,446.0,0.212,0.49,0.93,Heavy congestion detected - signal timing extended and reroute suggested
EVT437296,2025-08-17 16:24:50,Concert,J030,MG Road,10971,Weekend,False,Heavy Rain,True,104.2,False,False,0.922,Severe,12.6,70.1,500.3,0.245,0.565,0.889,Heavy rain reducing visibility and grip - reduced speed and longer buffer advised
EVT437297,2025-03-23 17:08:11,Sports Fixture,J020,Malleshwaram Circle,26725,Weekend,False,Clear,False,0.0,False,False,0.72,High,19.1,52.2,204.1,0.134,0.31,0.963,Moderate traffic flow - standard adaptive signal timing in effect
EVT437298,2025-03-29 06:24:07,Concert,J011,Indiranagar 100ft Road,20581,Weekend,False,Clear,False,0.0,False,False,0.327,Low,23.9,25.0,198.9,0.125,0.289,0.939,Moderate traffic flow - standard adaptive signal timing in effect
EVT437299,2026-05-10 21:13:37,Political Rally,J023,Basavanagudi,22199,Weekend,False,Light Rain,True,4.5,False,False,0.701,High,17.9,49.5,442.9,0.249,0.576,0.909,Heavy rain reducing visibility and grip - reduced speed and longer buffer advised
EVT437300,2025-12-25 08:37:18,Religious Festival,J009,Majestic,26718,Weekday,True,Clear,False,0.0,False,False,1.0,Severe,7.5,66.6,282.9,0.12,0.278,0.835,Festival crowd surge detected - alternate route and extended cycle recommended
EVT437301,2026-03-08 07:00:38,Political Rally,J009,Majestic,8830,Weekend,False,Clear,False,0.0,False,False,0.477,Moderate,26.8,34.5,276.3,0.235,0.544,0.981,Moderate traffic flow - standard adaptive signal timing in effect
EVT437302,2025-12-25 16:27:49,Religious Festival,J009,Majestic,47010,Weekday,True,Clear,False,0.0,False,False,1.0,Severe,6.5,78.3,564.2,0.16,0.37,0.883,Festival crowd surge detected - alternate route and extended cycle recommended
EVT437303,2025-05-31 13:54:34,Political Rally,J012,Koramangala Sony World,9833,Weekend,False,Clear,False,0.0,False,False,0.362,Moderate,30.6,23.1,89.2,0.087,0.202,0.984,Moderate traffic flow - standard adaptive signal timing in effect
EVT437304,2026-03-17 08:22:40,Local Market Day,J011,Indiranagar 100ft Road,5232,Weekday,False,Clear,False,0.0,False,False,0.982,Severe,11.0,68.6,571.0,0.253,0.584,0.949,Heavy congestion detected - signal timing extended and reroute suggested
EVT437305,2025-04-01 10:45:11,Sports Fixture,J011,Indiranagar 100ft Road,19180,Weekday,False,Clear,False,0.0,False,False,0.569,High,26.0,39.3,180.0,0.152,0.351,0.956,Moderate traffic flow - standard adaptive signal timing in effect
EVT437306,2025-08-04 18:16:18,Local Market Day,J020,Malleshwaram Circle,3544,Weekday,False,Heavy Rain,True,41.0,False,False,1.0,Severe,7.2,72.4,589.1,0.188,0.433,0.823,Heavy rain reducing visibility and grip - reduced speed and longer buffer advised
EVT437307,2025-01-13 14:48:10,Trade Fair,J030,MG Road,7938,Weekday,False,Clear,False,0.0,False,False,0.275,Low,31.3,24.1,209.6,0.197,0.455,0.96,Moderate traffic flow - standard adaptive signal timing in effect
EVT437308,2025-07-07 10:52:47,Trade Fair,J012,Koramangala Sony World,7519,Weekday,False,Light Rain,True,6.9,False,False,0.601,High,24.8,41.1,295.1,0.235,0.543,0.895,Heavy rain reducing visibility and grip - reduced speed and longer buffer advised
EVT437309,2026-01-27 17:06:50,Cultural Procession,J020,Malleshwaram Circle,25386,Weekday,True,Clear,False,0.0,False,True,1.0,Severe,9.1,102.8,406.3,0.171,0.395,0.834,Road closure for event/procession - full detour recommended for through-traffic
EVT437310,2025-05-04 10:07:38,Trade Fair,J040,City Market,9902,Weekend,False,Rain,True,16.1,False,False,0.879,Severe,11.2,63.1,536.5,0.251,0.58,0.896,Heavy rain reducing visibility and grip - reduced speed and longer buffer advised
EVT437311,2025-11-10 08:29:16,Local Market Day,J011,Indiranagar 100ft Road,7403,Weekday,False,Clear,False,0.0,False,False,1.0,Severe,8.1,70.3,535.7,0.183,0.422,0.904,Heavy congestion detected - signal timing extended and reroute suggested
EVT437312,2025-06-07 19:22:12,Concert,J030,MG Road,8762,Weekend,False,Clear,False,0.0,False,False,0.785,Severe,14.2,52.6,349.8,0.183,0.423,0.979,Heavy congestion detected - signal timing extended and reroute suggested
EVT437313,2025-07-29 17:07:06,Sports Fixture,J020,Malleshwaram Circle,23043,Weekday,False,Rain,True,15.1,False,False,1.0,Severe,7.1,72.0,812.2,0.234,0.54,0.865,Heavy rain reducing visibility and grip - reduced speed and longer buffer advised
EVT437314,2025-04-25 13:07:14,Concert,J009,Majestic,14103,Weekday,False,Clear,False,0.0,False,False,0.246,Low,38.8,17.8,134.3,0.142,0.327,0.946,Normal free-flow traffic - standard signal timing maintained
EVT437315,2026-03-15 08:18:12,Sports Fixture,J023,Basavanagudi,24188,Weekend,False,Clear,False,0.0,False,False,0.979,Severe,8.5,65.9,435.3,0.152,0.35,0.912,Heavy congestion detected - signal timing extended and reroute suggested
EVT437316,2026-03-06 17:27:17,Sports Fixture,J031,Cubbon Road,26101,Weekday,False,Clear,False,0.0,False,False,0.965,Severe,10.8,67.2,579.4,0.242,0.56,0.901,Heavy congestion detected - signal timing extended and reroute suggested
EVT437317,2025-03-10 06:01:21,Local Market Day,J031,Cubbon Road,2225,Weekday,False,Clear,False,0.0,False,False,0.132,Low,34.7,4.3,114.9,0.102,0.236,0.963,Normal free-flow traffic - standard signal timing maintained
EVT437318,2026-01-22 17:23:14,Concert,J012,Koramangala Sony World,17192,Weekday,False,Fog,False,0.0,False,False,0.978,Severe,10.7,66.1,413.5,0.188,0.433,0.902,Heavy congestion detected - signal timing extended and reroute suggested
EVT437319,2025-03-23 15:37:50,Concert,J040,City Market,7626,Weekend,False,Clear,False,0.0,False,False,0.387,Moderate,27.4,25.5,225.7,0.183,0.422,0.929,Moderate traffic flow - standard adaptive signal timing in effect
EVT437320,2025-03-15 14:00:09,Religious Festival,J030,MG Road,40680,Weekend,True,Clear,False,0.0,False,True,0.801,High,13.3,91.3,327.3,0.148,0.342,0.885,Road closure for event/procession - full detour recommended for through-traffic
EVT437321,2025-07-31 07:51:58,Local Market Day,J009,Majestic,4334,Weekday,False,Clear,False,0.0,False,False,0.706,High,15.8,48.2,403.7,0.212,0.489,0.968,Moderate traffic flow - standard adaptive signal timing in effect
EVT437322,2025-04-26 06:50:12,Local Market Day,J030,MG Road,5630,Weekend,False,Clear,False,0.0,False,False,0.516,Moderate,23.9,39.2,83.5,0.061,0.141,0.985,Moderate traffic flow - standard adaptive signal timing in effect
EVT437323,2025-05-31 10:38:10,Local Market Day,J023,Basavanagudi,3489,Weekend,False,Clear,False,0.0,False,False,0.606,High,20.1,42.7,140.1,0.093,0.214,0.968,Moderate traffic flow - standard adaptive signal timing in effect
EVT437324,2026-01-30 17:33:03,Concert,J031,Cubbon Road,9702,Weekday,False,Clear,False,0.0,False,False,0.896,Severe,13.5,58.3,451.1,0.223,0.515,0.927,Heavy congestion detected - signal timing extended and reroute suggested
EVT437325,2025-03-11 10:24:48,Local Market Day,J020,Malleshwaram Circle,6166,Weekday,False,Clear,False,0.0,False,False,0.667,High,17.9,51.3,233.6,0.137,0.317,0.966,Moderate traffic flow - standard adaptive signal timing in effect
EVT437326,2025-03-28 07:46:29,Local Market Day,J011,Indiranagar 100ft Road,3287,Weekday,False,Clear,False,0.0,False,False,0.717,High,14.5,47.6,346.0,0.152,0.352,0.978,Moderate traffic flow - standard adaptive signal timing in effect
EVT437327,2025-01-02 18:25:30,Trade Fair,J031,Cubbon Road,12828,Weekday,False,Clear,False,0.0,False,False,1.0,Severe,7.6,70.1,524.7,0.159,0.367,0.939,Heavy congestion detected - signal timing extended and reroute suggested
EVT437328,2025-03-24 11:36:36,Sports Fixture,J030,MG Road,44471,Weekday,False,Clear,False,0.0,False,False,0.57,High,21.2,43.5,238.8,0.16,0.37,0.951,Moderate traffic flow - standard adaptive signal timing in effect
EVT437329,2025-04-30 18:03:58,Local Market Day,J040,City Market,6201,Weekday,False,Clear,False,0.0,False,False,1.0,Severe,6.7,71.0,1161.8,0.303,0.7,0.9,Heavy congestion detected - signal timing extended and reroute suggested
EVT437330,2026-05-12 15:59:27,Concert,J020,Malleshwaram Circle,16480,Weekday,False,Clear,False,0.0,False,False,0.437,Moderate,26.6,33.3,107.7,0.078,0.18,0.99,Moderate traffic flow - standard adaptive signal timing in effect
EVT437331,2025-11-28 22:13:56,Concert,J031,Cubbon Road,9030,Weekday,False,Clear,False,0.0,False,False,0.221,Low,40.5,10.8,136.7,0.13,0.301,0.962,Normal free-flow traffic - standard signal timing maintained
EVT437332,2025-08-12 07:35:19,Sports Fixture,J023,Basavanagudi,36083,Weekday,False,Clear,False,0.0,False,False,0.775,Severe,16.1,52.0,435.9,0.238,0.549,0.983,Heavy congestion detected - signal timing extended and reroute suggested
EVT437333,2025-03-01 18:31:38,Sports Fixture,J023,Basavanagudi,16879,Weekend,False,Clear,False,0.0,False,False,0.941,Severe,9.3,65.6,560.4,0.219,0.505,0.928,Heavy congestion detected - signal timing extended and reroute suggested
EVT437334,2025-09-04 09:28:19,Concert,J011,Indiranagar 100ft Road,8938,Weekday,False,Heavy Rain,True,55.7,False,False,1.0,Severe,8.1,63.6,362.6,0.125,0.288,0.838,Heavy rain reducing visibility and grip - reduced speed and longer buffer advised
EVT437335,2025-10-18 18:31:06,Local Market Day,J030,MG Road,2567,Weekend,False,Clear,False,0.0,False,False,0.875,Severe,13.0,64.3,336.1,0.156,0.361,0.946,Heavy congestion detected - signal timing extended and reroute suggested
EVT437336,2025-11-05 14:36:24,Local Market Day,J023,Basavanagudi,3739,Weekday,False,Clear,False,0.0,False,False,0.202,Low,34.1,12.8,60.4,0.045,0.105,0.947,Normal free-flow traffic - standard signal timing maintained
EVT437337,2025-06-16 18:57:45,Political Rally,J031,Cubbon Road,30661,Weekday,False,Light Rain,True,3.3,False,False,1.0,Severe,6.9,71.0,412.2,0.134,0.31,0.855,Heavy rain reducing visibility and grip - reduced speed and longer buffer advised
EVT437338,2025-10-17 14:48:55,Local Market Day,J012,Koramangala Sony World,3465,Weekday,False,Clear,False,0.0,False,False,0.245,Low,29.9,11.7,147.7,0.117,0.27,0.957,Normal free-flow traffic - standard signal timing maintained
EVT437339,2025-11-26 17:31:26,Concert,J011,Indiranagar 100ft Road,21081,Weekday,False,Clear,False,0.0,False,False,1.0,Severe,6.2,72.4,727.9,0.206,0.476,0.911,Heavy congestion detected - signal timing extended and reroute suggested
EVT437340,2025-01-15 09:59:59,Religious Festival,J012,Koramangala Sony World,51031,Weekday,True,Clear,False,0.0,False,True,1.0,Severe,8.2,93.6,687.0,0.256,0.591,0.852,Road closure for event/procession - full detour recommended for through-traffic
EVT437341,2026-05-12 07:25:50,Sports Fixture,J030,MG Road,23770,Weekday,False,Clear,False,0.0,False,False,0.738,High,16.2,52.9,279.6,0.15,0.346,0.947,Moderate traffic flow - standard adaptive signal timing in effect
EVT437342,2025-05-15 18:53:32,Political Rally,J031,Cubbon Road,14810,Weekday,False,Rain,True,12.0,False,False,1.0,Severe,8.9,74.1,425.8,0.155,0.359,0.848,Heavy rain reducing visibility and grip - reduced speed and longer buffer advised
EVT437343,2026-03-08 11:32:47,Concert,J020,Malleshwaram Circle,10207,Weekend,False,Clear,False,0.0,False,False,0.383,Moderate,32.5,27.6,156.4,0.155,0.359,0.965,Moderate traffic flow - standard adaptive signal timing in effect
EVT437344,2025-02-18 11:13:43,Trade Fair,J030,MG Road,8057,Weekday,False,Clear,False,0.0,False,False,0.4,Moderate,30.7,27.3,217.8,0.183,0.423,0.946,Moderate traffic flow - standard adaptive signal timing in effect
EVT437345,2026-03-06 11:22:03,Sports Fixture,J030,MG Road,24801,Weekday,False,Fog,False,0.0,False,False,0.451,Moderate,20.6,32.1,327.9,0.189,0.437,0.942,Moderate traffic flow - standard adaptive signal timing in effect
EVT437346,2026-05-02 11:56:57,Religious Festival,J023,Basavanagudi,63393,Weekend,True,Clear,False,0.0,False,True,0.978,Severe,7.2,92.7,404.6,0.144,0.333,0.855,Road closure for event/procession - full detour recommended for through-traffic
EVT437347,2026-02-22 20:25:34,Local Market Day,J030,MG Road,4945,Weekend,False,Clear,False,0.0,False,False,0.557,High,20.1,36.7,313.8,0.196,0.452,0.946,Moderate traffic flow - standard adaptive signal timing in effect
EVT437348,2025-01-16 14:30:27,Concert,J020,Malleshwaram Circle,12156,Weekday,False,Clear,False,0.0,False,False,0.302,Low,30.2,22.1,158.6,0.147,0.34,0.956,Moderate traffic flow - standard adaptive signal timing in effect
EVT437349,2026-06-06 14:48:13,Local Market Day,J012,Koramangala Sony World,3318,Weekend,False,Clear,False,0.0,False,False,0.329,Low,31.7,29.6,135.9,0.099,0.229,0.948,Moderate traffic flow - standard adaptive signal timing in effect
EVT437350,2025-03-07 20:17:53,Local Market Day,J030,MG Road,6246,Weekday,False,Clear,False,0.0,False,False,0.626,High,24.4,48.2,129.2,0.087,0.2,0.949,Moderate traffic flow - standard adaptive signal timing in effect
EVT437351,2026-06-15 17:04:16,Local Market Day,J012,Koramangala Sony World,2345,Weekday,False,Heavy Rain,True,29.6,False,False,1.0,Severe,9.1,76.5,566.6,0.208,0.48,0.858,Heavy rain reducing visibility and grip - reduced speed and longer buffer advised
EVT437352,2025-08-12 05:10:49,Political Rally,J011,Indiranagar 100ft Road,8420,Weekday,False,Clear,False,0.0,False,False,0.184,Low,36.7,20.6,137.3,0.129,0.298,0.952,Normal free-flow traffic - standard signal timing maintained
EVT437353,2026-06-15 09:53:12,Sports Fixture,J012,Koramangala Sony World,22139,Weekday,False,Clear,False,0.0,False,False,0.901,Severe,11.2,66.8,447.7,0.156,0.359,0.923,Heavy congestion detected - signal timing extended and reroute suggested
EVT437354,2026-02-08 17:40:03,Trade Fair,J031,Cubbon Road,10354,Weekend,False,Clear,False,0.0,False,False,0.825,Severe,12.8,64.5,187.1,0.105,0.244,0.964,Heavy congestion detected - signal timing extended and reroute suggested
EVT437355,2025-07-31 20:55:48,Sports Fixture,J020,Malleshwaram Circle,13350,Weekday,False,Heavy Rain,True,36.6,False,False,0.877,Severe,11.7,62.6,393.5,0.187,0.433,0.887,Heavy rain reducing visibility and grip - reduced speed and longer buffer advised
EVT437356,2026-02-27 06:18:17,Sports Fixture,J011,Indiranagar 100ft Road,14798,Weekday,False,Clear,False,0.0,False,False,0.351,Moderate,30.6,25.6,79.9,0.065,0.15,0.932,Moderate traffic flow - standard adaptive signal timing in effect
EVT437357,2025-08-09 19:34:29,Sports Fixture,J011,Indiranagar 100ft Road,19986,Weekend,False,Clear,False,0.0,False,False,0.831,Severe,12.9,60.3,275.0,0.12,0.278,0.953,Heavy congestion detected - signal timing extended and reroute suggested
EVT437358,2025-07-26 17:00:40,Sports Fixture,J012,Koramangala Sony World,19684,Weekend,False,Light Rain,True,7.1,False,False,0.823,Severe,13.2,54.2,342.6,0.171,0.395,0.906,Heavy rain reducing visibility and grip - reduced speed and longer buffer advised
EVT437359,2025-07-07 19:20:42,Local Market Day,J030,MG Road,3164,Weekday,False,Clear,False,0.0,False,False,0.976,Severe,10.4,71.8,422.7,0.17,0.394,0.931,Heavy congestion detected - signal timing extended and reroute suggested
EVT437360,2025-04-30 15:15:49,Concert,J011,Indiranagar 100ft Road,10386,Weekday,False,Clear,False,0.0,False,False,0.263,Low,31.1,14.7,154.3,0.136,0.313,0.952,Moderate traffic flow - standard adaptive signal timing in effect
EVT437361,2025-08-07 08:08:51,Local Market Day,J020,Malleshwaram Circle,3099,Weekday,False,Rain,True,15.9,False,False,0.963,Severe,8.9,70.2,624.8,0.241,0.556,0.864,Heavy rain reducing visibility and grip - reduced speed and longer buffer advised
EVT437362,2025-05-22 14:27:15,Concert,J020,Malleshwaram Circle,13507,Weekday,False,Clear,False,0.0,False,False,0.188,Low,36.8,9.9,94.3,0.094,0.216,0.99,Normal free-flow traffic - standard signal timing maintained
EVT437363,2025-07-28 16:02:39,Local Market Day,J012,Koramangala Sony World,2639,Weekday,False,Clear,False,0.0,False,False,0.445,Moderate,28.6,27.6,182.9,0.156,0.36,0.985,Moderate traffic flow - standard adaptive signal timing in effect
EVT437364,2025-10-13 12:20:05,Local Market Day,J023,Basavanagudi,6449,Weekday,False,Clear,False,0.0,False,False,0.244,Low,38.2,15.2,124.1,0.129,0.298,0.968,Normal free-flow traffic - standard signal timing maintained
EVT437365,2026-04-09 16:22:23,Concert,J012,Koramangala Sony World,7415,Weekday,False,Clear,False,0.0,False,False,0.554,High,19.8,40.7,213.3,0.135,0.311,0.982,Moderate traffic flow - standard adaptive signal timing in effect
EVT437366,2026-02-06 18:02:35,Sports Fixture,J011,Indiranagar 100ft Road,24618,Weekday,False,Clear,False,0.0,False,False,1.0,Severe,7.6,75.1,561.9,0.152,0.352,0.925,Heavy congestion detected - signal timing extended and reroute suggested
EVT437367,2025-12-14 16:32:25,Concert,J012,Koramangala Sony World,18745,Weekend,False,Clear,False,0.0,False,False,0.586,High,25.5,44.8,139.8,0.105,0.243,0.945,Moderate traffic flow - standard adaptive signal timing in effect
EVT437368,2026-02-26 08:21:37,Local Market Day,J020,Malleshwaram Circle,4668,Weekday,False,Clear,False,0.0,False,False,0.902,Severe,13.9,64.4,353.3,0.197,0.455,0.952,Heavy congestion detected - signal timing extended and reroute suggested
EVT437369,2026-03-09 00:16:58,Trade Fair,J030,MG Road,5893,Weekday,False,Clear,False,0.0,False,False,0.148,Low,34.8,12.5,61.0,0.055,0.128,0.984,Normal free-flow traffic - standard signal timing maintained
EVT437370,2025-08-10 08:30:29,Concert,J011,Indiranagar 100ft Road,8281,Weekend,False,Heavy Rain,True,66.4,False,False,1.0,Severe,6.9,65.4,1025.6,0.282,0.65,0.874,Heavy rain reducing visibility and grip - reduced speed and longer buffer advised
EVT437371,2025-12-25 10:43:55,Cultural Procession,J009,Majestic,17287,Weekday,True,Clear,False,0.0,False,False,0.815,Severe,11.7,54.1,471.8,0.213,0.493,0.921,Festival crowd surge detected - alternate route and extended cycle recommended
EVT437372,2026-04-11 19:39:28,Political Rally,J031,Cubbon Road,12776,Weekend,False,Light Rain,True,7.2,False,False,0.967,Severe,11.1,68.0,219.3,0.131,0.302,0.858,Heavy rain reducing visibility and grip - reduced speed and longer buffer advised
EVT437373,2025-11-30 15:08:29,Sports Fixture,J012,Koramangala Sony World,19011,Weekend,False,Clear,False,0.0,False,False,0.409,Moderate,26.7,28.0,223.1,0.152,0.351,0.966,Moderate traffic flow - standard adaptive signal timing in effect
EVT437374,2025-12-06 09:20:09,Concert,J023,Basavanagudi,17228,Weekend,False,Clear,False,0.0,False,False,0.944,Severe,10.5,68.2,502.8,0.189,0.435,0.902,Heavy congestion detected - signal timing extended and reroute suggested
EVT437375,2025-12-27 18:44:30,Trade Fair,J020,Malleshwaram Circle,13232,Weekend,False,Clear,False,0.0,False,False,0.894,Severe,12.1,66.0,521.5,0.235,0.543,0.911,Heavy congestion detected - signal timing extended and reroute suggested
EVT437376,2025-05-01 07:35:15,Religious Festival,J020,Malleshwaram Circle,35748,Weekday,True,Clear,False,0.0,False,True,1.0,Severe,7.6,96.4,673.2,0.232,0.537,0.823,Road closure for event/procession - full detour recommended for through-traffic
EVT437377,2026-06-26 18:36:14,Local Market Day,J023,Basavanagudi,4448,Weekday,False,Light Rain,True,3.9,False,False,1.0,Severe,9.8,70.7,313.9,0.124,0.288,0.889,Heavy rain reducing visibility and grip - reduced speed and longer buffer advised
EVT437378,2025-03-26 17:47:34,Local Market Day,J020,Malleshwaram Circle,3936,Weekday,False,Clear,False,0.0,False,False,1.0,Severe,8.9,65.7,648.1,0.25,0.578,0.924,Heavy congestion detected - signal timing extended and reroute suggested
EVT437379,2025-11-27 17:31:17,Concert,J023,Basavanagudi,14142,Weekday,False,Fog,False,0.0,False,False,0.908,Severe,10.7,65.6,520.6,0.202,0.466,0.947,Heavy congestion detected - signal timing extended and reroute suggested
EVT437380,2025-02-01 16:40:59,Sports Fixture,J031,Cubbon Road,40163,Weekend,False,Clear,False,0.0,False,False,0.858,Severe,12.7,57.7,405.1,0.174,0.402,0.927,Heavy congestion detected - signal timing extended and reroute suggested
EVT437381,2025-12-19 14:46:07,Local Market Day,J031,Cubbon Road,4513,Weekday,False,Clear,False,0.0,False,False,0.278,Low,38.0,26.1,194.1,0.187,0.432,0.962,Moderate traffic flow - standard adaptive signal timing in effect
EVT437382,2026-04-26 13:45:11,Concert,J009,Majestic,9494,Weekend,False,Light Rain,True,4.2,False,False,0.329,Low,28.0,19.8,206.3,0.178,0.411,0.89,Light rain detected - minor speed reduction advised
EVT437383,2025-11-10 09:04:16,Local Market Day,J020,Malleshwaram Circle,3215,Weekday,False,Clear,False,0.0,False,False,0.98,Severe,8.6,76.1,654.6,0.218,0.503,0.929,Heavy congestion detected - signal timing extended and reroute suggested
EVT437384,2025-04-22 19:15:38,Local Market Day,J023,Basavanagudi,4527,Weekday,False,Clear,False,0.0,False,False,0.96,Severe,9.6,70.0,724.1,0.26,0.6,0.928,Heavy congestion detected - signal timing extended and reroute suggested
EVT437385,2025-09-22 08:15:07,Trade Fair,J030,MG Road,14481,Weekday,False,Heavy Rain,True,55.6,False,False,1.0,Severe,8.3,74.1,517.8,0.198,0.457,0.845,Heavy rain reducing visibility and grip - reduced speed and longer buffer advised
EVT437386,2026-03-26 07:18:56,Cultural Procession,J009,Majestic,9563,Weekday,True,Clear,False,0.0,False,False,0.842,Severe,14.1,56.9,215.3,0.114,0.264,0.904,Festival crowd surge detected - alternate route and extended cycle recommended
EVT437387,2025-05-26 16:16:20,Trade Fair,J040,City Market,8277,Weekday,False,Heavy Rain,True,35.0,False,False,0.856,Severe,10.0,63.4,195.2,0.082,0.189,0.914,Heavy rain reducing visibility and grip - reduced speed and longer buffer advised
EVT437388,2025-01-07 10:31:41,Concert,J009,Majestic,11246,Weekday,False,Clear,False,0.0,False,False,0.712,High,20.3,51.3,332.2,0.238,0.55,0.946,Moderate traffic flow - standard adaptive signal timing in effect
EVT437389,2026-04-19 09:40:19,Local Market Day,J020,Malleshwaram Circle,1858,Weekend,False,Clear,False,0.0,False,False,0.71,High,20.8,47.1,299.3,0.183,0.422,0.955,Moderate traffic flow - standard adaptive signal timing in effect
EVT437390,2026-02-07 10:49:50,Local Market Day,J020,Malleshwaram Circle,6334,Weekend,False,Clear,False,0.0,False,False,0.521,Moderate,23.2,37.3,211.4,0.127,0.294,0.984,Moderate traffic flow - standard adaptive signal timing in effect
EVT437391,2025-05-17 18:36:12,Concert,J031,Cubbon Road,16441,Weekend,False,Clear,False,0.0,False,False,0.928,Severe,11.6,61.8,443.7,0.195,0.451,0.942,Heavy congestion detected - signal timing extended and reroute suggested
EVT437392,2025-04-17 19:06:45,Political Rally,J012,Koramangala Sony World,9662,Weekday,False,Clear,False,0.0,False,False,1.0,Severe,7.8,74.4,1129.3,0.318,0.736,0.903,Heavy congestion detected - signal timing extended and reroute suggested
EVT437393,2026-05-22 10:47:59,Political Rally,J012,Koramangala Sony World,17735,Weekday,False,Clear,False,0.0,False,False,0.588,High,22.4,40.3,159.3,0.088,0.204,0.962,Moderate traffic flow - standard adaptive signal timing in effect
EVT437394,2025-07-24 16:12:17,Local Market Day,J031,Cubbon Road,4817,Weekday,False,Clear,False,0.0,False,False,0.524,Moderate,24.9,38.1,200.2,0.145,0.335,0.956,Moderate traffic flow - standard adaptive signal timing in effect
EVT437395,2025-06-11 08:23:27,Sports Fixture,J030,MG Road,29397,Weekday,False,Clear,False,0.0,False,False,1.0,Severe,9.3,72.0,570.3,0.237,0.547,0.922,Heavy congestion detected - signal timing extended and reroute suggested
EVT437396,2026-06-03 21:46:04,Local Market Day,J040,City Market,4410,Weekday,False,Heavy Rain,True,28.5,False,False,0.612,High,20.5,41.2,345.3,0.244,0.563,0.933,Heavy rain reducing visibility and grip - reduced speed and longer buffer advised
EVT437397,2026-02-04 18:36:26,Local Market Day,J011,Indiranagar 100ft Road,3435,Weekday,False,Clear,False,0.0,False,False,1.0,Severe,8.3,76.3,473.2,0.168,0.388,0.936,Heavy congestion detected - signal timing extended and reroute suggested
EVT437398,2025-03-04 06:22:45,Sports Fixture,J011,Indiranagar 100ft Road,24151,Weekday,False,Clear,False,0.0,False,False,0.397,Moderate,24.9,31.2,103.7,0.071,0.164,0.945,Moderate traffic flow - standard adaptive signal timing in effect
EVT437399,2025-11-14 02:28:16,Political Rally,J023,Basavanagudi,11634,Weekday,False,Clear,False,0.0,False,False,0.203,Low,35.1,13.8,163.1,0.158,0.365,0.957,Normal free-flow traffic - standard signal timing maintained
EVT437400,2025-09-27 08:04:36,Trade Fair,J020,Malleshwaram Circle,7833,Weekend,False,Clear,False,0.0,False,False,0.779,Severe,17.6,54.4,164.1,0.083,0.192,0.976,Heavy congestion detected - signal timing extended and reroute suggested
EVT437401,2025-06-04 15:07:31,Sports Fixture,J009,Majestic,17617,Weekday,False,Heavy Rain,True,89.8,False,False,0.736,High,18.6,53.1,223.1,0.126,0.291,0.923,Heavy rain reducing visibility and grip - reduced speed and longer buffer advised
EVT437402,2025-04-09 06:07:55,Local Market Day,J023,Basavanagudi,5180,Weekday,False,Clear,False,0.0,False,False,0.26,Low,32.9,17.3,197.1,0.159,0.367,0.948,Moderate traffic flow - standard adaptive signal timing in effect
EVT437403,2025-11-19 13:24:08,Trade Fair,J023,Basavanagudi,12377,Weekday,False,Clear,False,0.0,False,False,0.133,Low,35.8,14.6,152.0,0.128,0.296,0.987,Normal free-flow traffic - standard signal timing maintained
EVT437404,2026-03-05 17:25:32,Fireworks Display,J009,Majestic,28501,Weekday,True,Clear,False,0.0,False,False,1.0,Severe,8.2,79.3,209.2,0.082,0.188,0.864,Festival crowd surge detected - alternate route and extended cycle recommended
EVT437405,2025-04-01 18:09:57,Concert,J020,Malleshwaram Circle,8577,Weekday,False,Light Rain,True,1.1,False,False,1.0,Severe,7.7,71.7,538.1,0.176,0.407,0.869,Heavy rain reducing visibility and grip - reduced speed and longer buffer advised
EVT437406,2025-03-19 21:45:39,Concert,J031,Cubbon Road,9912,Weekday,False,Clear,False,0.0,False,False,0.346,Low,25.9,26.0,169.9,0.121,0.279,0.942,Moderate traffic flow - standard adaptive signal timing in effect
EVT437407,2026-01-16 08:38:23,Political Rally,J031,Cubbon Road,6994,Weekday,False,Clear,False,0.0,False,False,1.0,Severe,9.3,74.0,885.9,0.303,0.701,0.906,Heavy congestion detected - signal timing extended and reroute suggested
EVT437408,2026-06-29 23:53:14,Local Market Day,J023,Basavanagudi,5126,Weekday,False,Clear,False,0.0,False,False,0.231,Low,31.1,14.5,97.5,0.087,0.201,0.973,Normal free-flow traffic - standard signal timing maintained
EVT437409,2026-02-08 07:27:49,Political Rally,J011,Indiranagar 100ft Road,21861,Weekend,False,Clear,False,0.0,False,False,0.594,High,21.6,42.4,150.0,0.091,0.21,0.982,Moderate traffic flow - standard adaptive signal timing in effect
EVT437410,2025-09-24 20:33:23,Local Market Day,J023,Basavanagudi,4005,Weekday,False,Clear,False,0.0,False,False,0.564,High,23.2,41.9,227.6,0.145,0.335,0.965,Moderate traffic flow - standard adaptive signal timing in effect
EVT437411,2026-02-14 17:29:00,Concert,J023,Basavanagudi,12319,Weekend,False,Clear,False,0.0,False,False,0.727,High,19.6,49.5,170.8,0.111,0.257,0.955,Moderate traffic flow - standard adaptive signal timing in effect
EVT437412,2026-06-08 15:12:38,Concert,J040,City Market,13561,Weekday,False,Clear,False,0.0,False,False,0.298,Low,31.4,21.3,129.4,0.121,0.279,0.968,Moderate traffic flow - standard adaptive signal timing in effect
EVT437413,2025-06-28 04:22:40,Local Market Day,J009,Majestic,4437,Weekend,False,Clear,False,0.0,False,False,0.171,Low,37.1,11.1,89.6,0.102,0.236,0.979,Normal free-flow traffic - standard signal timing maintained
EVT437414,2025-08-26 09:50:11,Trade Fair,J020,Malleshwaram Circle,13104,Weekday,False,Fog,False,0.0,False,False,1.0,Severe,8.6,72.1,683.7,0.23,0.532,0.915,Heavy congestion detected - signal timing extended and reroute suggested
EVT437415,2026-03-21 21:21:25,Concert,J030,MG Road,7699,Weekend,False,Clear,False,0.0,False,False,0.378,Moderate,34.8,24.5,57.7,0.056,0.13,0.965,Moderate traffic flow - standard adaptive signal timing in effect
EVT437416,2025-08-10 12:17:23,Trade Fair,J012,Koramangala Sony World,16869,Weekend,False,Clear,False,0.0,False,False,0.405,Moderate,28.3,28.3,192.2,0.165,0.38,0.982,Moderate traffic flow - standard adaptive signal timing in effect
EVT437417,2025-06-10 21:36:51,Sports Fixture,J011,Indiranagar 100ft Road,22948,Weekday,False,Clear,False,0.0,False,False,0.44,Moderate,26.9,27.0,181.6,0.157,0.363,0.95,Moderate traffic flow - standard adaptive signal timing in effect
EVT437418,2025-11-01 09:00:22,Cultural Procession,J009,Majestic,17950,Weekend,True,Clear,False,0.0,False,True,1.0,Severe,6.4,93.4,502.4,0.148,0.343,0.837,Road closure for event/procession - full detour recommended for through-traffic
EVT437419,2026-03-02 20:57:40,Political Rally,J040,City Market,11028,Weekday,False,Clear,False,0.0,False,False,0.557,High,20.0,39.9,239.7,0.132,0.304,0.95,Moderate traffic flow - standard adaptive signal timing in effect
EVT437420,2025-07-17 22:58:14,Trade Fair,J011,Indiranagar 100ft Road,10668,Weekday,False,Rain,True,19.8,False,False,0.453,Moderate,33.6,27.8,146.6,0.132,0.305,0.916,Light rain detected - minor speed reduction advised
EVT437421,2025-03-03 05:00:23,Concert,J030,MG Road,8859,Weekday,False,Fog,False,0.0,False,False,0.195,Low,28.4,9.6,141.0,0.087,0.2,0.973,Normal free-flow traffic - standard signal timing maintained
EVT437422,2025-10-28 17:38:01,Local Market Day,J020,Malleshwaram Circle,6799,Weekday,False,Rain,True,23.7,False,False,1.0,Severe,8.4,62.2,633.5,0.219,0.505,0.815,Heavy rain reducing visibility and grip - reduced speed and longer buffer advised
EVT437423,2025-01-21 23:18:02,Political Rally,J009,Majestic,19261,Weekday,False,Clear,False,0.0,False,False,0.213,Low,38.8,17.5,204.0,0.181,0.419,0.969,Normal free-flow traffic - standard signal timing maintained
EVT437424,2026-06-29 20:25:10,Trade Fair,J040,City Market,13874,Weekday,False,Rain,True,8.7,False,False,0.797,Severe,18.1,55.3,215.6,0.144,0.333,0.893,Heavy rain reducing visibility and grip - reduced speed and longer buffer advised
EVT437425,2026-03-02 20:14:02,Local Market Day,J011,Indiranagar 100ft Road,4655,Weekday,False,Clear,False,0.0,False,False,0.728,High,17.6,48.3,274.8,0.174,0.401,0.93,Moderate traffic flow - standard adaptive signal timing in effect
EVT437426,2025-11-19 15:48:08,Sports Fixture,J009,Majestic,18589,Weekday,False,Clear,False,0.0,True,False,0.824,Severe,14.6,65.3,411.4,0.214,0.494,0.792,Accident detected nearby - reroute and reduced speed advised
EVT437427,2025-06-10 08:12:41,Political Rally,J031,Cubbon Road,19168,Weekday,False,Clear,False,0.0,False,False,0.917,Severe,10.6,66.9,494.3,0.209,0.482,0.922,Heavy congestion detected - signal timing extended and reroute suggested
EVT437428,2026-02-14 03:56:39,Trade Fair,J030,MG Road,5256,Weekend,False,Clear,False,0.0,False,False,0.155,Low,43.2,6.2,124.1,0.12,0.277,0.941,Normal free-flow traffic - standard signal timing maintained
EVT437429,2026-01-10 17:18:44,Local Market Day,J023,Basavanagudi,6546,Weekend,False,Clear,False,0.0,False,False,0.8,Severe,13.3,48.5,534.0,0.256,0.59,0.947,Heavy congestion detected - signal timing extended and reroute suggested
EVT437430,2025-06-17 19:38:44,Trade Fair,J040,City Market,15356,Weekday,False,Clear,False,0.0,False,False,0.847,Severe,13.4,55.2,557.9,0.283,0.654,0.954,Heavy congestion detected - signal timing extended and reroute suggested
EVT437431,2025-10-01 10:20:15,Sports Fixture,J031,Cubbon Road,16021,Weekday,False,Light Rain,True,6.2,True,False,1.0,Severe,9.3,73.6,400.5,0.162,0.373,0.695,Accident detected nearby - reroute and reduced speed advised
EVT437432,2025-01-06 08:51:39,Sports Fixture,J040,City Market,23216,Weekday,False,Clear,False,0.0,False,False,1.0,Severe,8.0,72.0,250.7,0.098,0.225,0.935,Heavy congestion detected - signal timing extended and reroute suggested
EVT437433,2025-01-06 20:04:13,Concert,J023,Basavanagudi,9908,Weekday,False,Clear,False,0.0,False,False,0.716,High,20.6,49.9,157.7,0.118,0.272,0.962,Moderate traffic flow - standard adaptive signal timing in effect
EVT437434,2025-10-21 08:16:42,Religious Festival,J030,MG Road,57343,Weekday,True,Clear,False,0.0,False,True,1.0,Severe,5.6,105.0,460.5,0.142,0.328,0.856,Road closure for event/procession - full detour recommended for through-traffic
EVT437435,2026-03-07 12:12:15,Sports Fixture,J012,Koramangala Sony World,20365,Weekend,False,Clear,False,0.0,False,False,0.452,Moderate,25.2,33.2,222.8,0.155,0.359,0.962,Moderate traffic flow - standard adaptive signal timing in effect
EVT437436,2026-02-21 18:50:42,Trade Fair,J023,Basavanagudi,4566,Weekend,False,Fog,False,0.0,False,False,0.841,Severe,14.5,61.1,411.2,0.207,0.478,0.973,Heavy congestion detected - signal timing extended and reroute suggested
EVT437437,2026-01-26 07:21:59,Cultural Procession,J031,Cubbon Road,14763,Weekday,True,Clear,False,0.0,False,True,1.0,Severe,6.7,103.0,408.7,0.14,0.324,0.829,Road closure for event/procession - full detour recommended for through-traffic
EVT437438,2025-09-12 11:20:55,Local Market Day,J040,City Market,2864,Weekday,False,Rain,True,23.2,False,False,0.562,High,21.8,46.4,218.4,0.132,0.305,0.905,Heavy rain reducing visibility and grip - reduced speed and longer buffer advised
EVT437439,2025-08-17 22:30:08,Local Market Day,J009,Majestic,4441,Weekend,False,Clear,False,0.0,False,False,0.289,Low,29.2,16.7,111.2,0.089,0.207,0.96,Moderate traffic flow - standard adaptive signal timing in effect
EVT437440,2025-08-22 20:29:08,Concert,J009,Majestic,12264,Weekday,False,Clear,False,0.0,False,False,0.544,Moderate,18.4,41.4,144.4,0.076,0.176,0.956,Moderate traffic flow - standard adaptive signal timing in effect
EVT437441,2025-01-12 10:05:32,Trade Fair,J023,Basavanagudi,5309,Weekend,False,Clear,False,0.0,False,False,0.666,High,23.2,46.8,245.1,0.163,0.377,0.955,Moderate traffic flow - standard adaptive signal timing in effect
EVT437442,2025-01-03 21:55:03,Local Market Day,J040,City Market,4097,Weekday,False,Clear,False,0.0,False,False,0.315,Low,23.0,19.0,203.0,0.121,0.28,0.973,Moderate traffic flow - standard adaptive signal timing in effect
EVT437443,2026-05-26 17:01:23,Local Market Day,J009,Majestic,2676,Weekday,False,Clear,False,0.0,False,False,0.72,High,16.8,56.0,278.7,0.182,0.42,0.978,Moderate traffic flow - standard adaptive signal timing in effect
EVT437444,2026-05-04 11:41:12,Local Market Day,J020,Malleshwaram Circle,5808,Weekday,False,Clear,False,0.0,False,False,0.316,Low,30.9,20.1,118.1,0.111,0.256,0.945,Moderate traffic flow - standard adaptive signal timing in effect
EVT437445,2026-06-09 18:45:10,Political Rally,J031,Cubbon Road,22228,Weekday,False,Rain,True,9.6,False,False,1.0,Severe,8.2,74.0,515.0,0.203,0.47,0.864,Heavy rain reducing visibility and grip - reduced speed and longer buffer advised
EVT437446,2025-10-23 16:37:25,Trade Fair,J031,Cubbon Road,6207,Weekday,False,Clear,False,0.0,False,False,0.546,Moderate,25.7,42.9,198.8,0.15,0.346,0.965,Moderate traffic flow - standard adaptive signal timing in effect
EVT437447,2025-04-18 07:03:27,Sports Fixture,J040,City Market,18522,Weekday,False,Clear,False,0.0,False,False,0.502,Moderate,21.8,33.8,189.4,0.114,0.264,0.982,Moderate traffic flow - standard adaptive signal timing in effect
EVT437448,2025-09-12 12:46:52,Trade Fair,J030,MG Road,5586,Weekday,False,Clear,False,0.0,False,False,0.177,Low,42.9,17.7,166.6,0.162,0.373,0.958,Normal free-flow traffic - standard signal timing maintained
EVT437449,2026-05-19 06:41:59,Local Market Day,J009,Majestic,2481,Weekday,False,Rain,True,15.5,False,False,0.562,High,23.2,40.7,309.5,0.218,0.503,0.902,Heavy rain reducing visibility and grip - reduced speed and longer buffer advised
EVT437450,2025-03-15 09:11:50,Religious Festival,J023,Basavanagudi,34681,Weekend,True,Clear,False,0.0,False,True,1.0,Severe,9.7,106.2,302.8,0.108,0.249,0.854,Road closure for event/procession - full detour recommended for through-traffic
EVT437451,2026-04-13 15:26:50,Trade Fair,J020,Malleshwaram Circle,7775,Weekday,False,Clear,False,0.0,False,False,0.414,Moderate,21.9,28.1,177.0,0.1,0.23,0.957,Moderate traffic flow - standard adaptive signal timing in effect
EVT437452,2025-03-26 21:46:48,Local Market Day,J012,Koramangala Sony World,3873,Weekday,False,Clear,False,0.0,False,False,0.314,Low,35.0,18.3,174.9,0.173,0.399,0.961,Moderate traffic flow - standard adaptive signal timing in effect
EVT437453,2025-08-26 07:42:03,Sports Fixture,J012,Koramangala Sony World,20839,Weekday,False,Clear,False,0.0,False,False,0.868,Severe,14.9,59.3,315.2,0.158,0.366,0.952,Heavy congestion detected - signal timing extended and reroute suggested
EVT437454,2026-05-25 20:44:11,Local Market Day,J020,Malleshwaram Circle,3021,Weekday,False,Clear,False,0.0,False,False,0.537,Moderate,22.7,32.8,187.2,0.132,0.304,0.982,Moderate traffic flow - standard adaptive signal timing in effect
EVT437455,2025-09-10 14:32:25,Trade Fair,J011,Indiranagar 100ft Road,15636,Weekday,False,Fog,False,0.0,False,False,0.323,Low,30.0,23.2,87.0,0.061,0.141,0.964,Moderate traffic flow - standard adaptive signal timing in effect
EVT437456,2026-06-15 07:46:32,Political Rally,J040,City Market,14738,Weekday,False,Rain,True,23.4,False,False,0.989,Severe,7.4,68.9,570.3,0.172,0.397,0.856,Heavy rain reducing visibility and grip - reduced speed and longer buffer advised
EVT437457,2025-01-25 18:59:50,Sports Fixture,J030,MG Road,12396,Weekend,False,Clear,False,0.0,False,False,0.862,Severe,12.1,63.3,635.4,0.263,0.607,0.919,Heavy congestion detected - signal timing extended and reroute suggested
EVT437458,2026-02-10 11:42:32,Concert,J023,Basavanagudi,12989,Weekday,False,Clear,False,0.0,False,False,0.386,Moderate,35.1,26.7,203.4,0.196,0.454,0.956,Moderate traffic flow - standard adaptive signal timing in effect
EVT437459,2025-02-12 09:48:15,Local Market Day,J023,Basavanagudi,2984,Weekday,False,Clear,False,0.0,False,False,0.85,Severe,13.8,59.2,275.7,0.13,0.299,0.963,Heavy congestion detected - signal timing extended and reroute suggested
EVT437460,2026-05-29 11:47:18,Trade Fair,J040,City Market,11460,Weekday,False,Fog,False,0.0,False,False,0.353,Moderate,24.9,29.9,228.0,0.16,0.37,0.99,Moderate traffic flow - standard adaptive signal timing in effect
EVT437461,2025-01-01 10:31:45,Sports Fixture,J040,City Market,24713,Weekday,False,Clear,False,0.0,False,False,0.712,High,20.2,46.5,237.2,0.149,0.345,0.951,Moderate traffic flow - standard adaptive signal timing in effect
EVT437462,2025-06-17 18:38:43,Trade Fair,J011,Indiranagar 100ft Road,10893,Weekday,False,Clear,False,0.0,False,False,1.0,Severe,8.8,77.5,753.3,0.263,0.608,0.897,Heavy congestion detected - signal timing extended and reroute suggested
EVT437463,2025-09-12 08:41:02,Concert,J020,Malleshwaram Circle,23457,Weekday,False,Heavy Rain,True,40.5,False,False,1.0,Severe,7.0,74.2,491.3,0.172,0.398,0.869,Heavy rain reducing visibility and grip - reduced speed and longer buffer advised
EVT437464,2026-03-02 07:56:53,Trade Fair,J012,Koramangala Sony World,7260,Weekday,False,Light Rain,True,5.3,False,False,0.842,Severe,15.6,62.4,383.6,0.222,0.513,0.898,Heavy rain reducing visibility and grip - reduced speed and longer buffer advised
EVT437465,2025-05-21 19:12:10,Local Market Day,J030,MG Road,3581,Weekday,False,Light Rain,True,4.0,False,False,1.0,Severe,9.9,71.7,511.6,0.212,0.491,0.885,Heavy rain reducing visibility and grip - reduced speed and longer buffer advised
EVT437466,2025-12-14 19:36:31,Local Market Day,J009,Majestic,3450,Weekend,False,Clear,False,0.0,False,False,0.814,Severe,14.4,62.5,365.1,0.18,0.416,0.97,Heavy congestion detected - signal timing extended and reroute suggested
EVT437467,2026-01-15 20:20:09,Cultural Procession,J009,Majestic,22581,Weekday,True,Clear,False,0.0,False,False,1.0,Severe,9.7,76.6,368.2,0.154,0.356,0.873,Festival crowd surge detected - alternate route and extended cycle recommended
EVT437468,2025-10-11 13:16:00,Trade Fair,J030,MG Road,18990,Weekend,False,Clear,False,0.0,False,False,0.396,Moderate,31.5,29.6,147.3,0.109,0.251,0.939,Moderate traffic flow - standard adaptive signal timing in effect
EVT437469,2026-04-16 18:47:05,Local Market Day,J020,Malleshwaram Circle,5151,Weekday,False,Clear,False,0.0,False,False,0.985,Severe,6.5,69.8,378.1,0.122,0.281,0.944,Heavy congestion detected - signal timing extended and reroute suggested
EVT437470,2025-01-04 20:44:46,Local Market Day,J030,MG Road,3354,Weekend,False,Clear,False,0.0,False,False,0.424,Moderate,24.6,24.3,66.5,0.041,0.096,0.988,Moderate traffic flow - standard adaptive signal timing in effect
EVT437471,2025-06-04 20:52:03,Sports Fixture,J012,Koramangala Sony World,12779,Weekday,False,Heavy Rain,True,27.6,False,False,0.767,Severe,15.7,53.9,326.4,0.17,0.392,0.924,Heavy rain reducing visibility and grip - reduced speed and longer buffer advised
EVT437472,2025-07-30 20:12:11,Sports Fixture,J040,City Market,14985,Weekday,False,Clear,False,0.0,False,False,0.691,High,19.9,49.5,180.2,0.098,0.227,0.953,Moderate traffic flow - standard adaptive signal timing in effect
EVT437473,2025-11-08 09:20:54,Trade Fair,J031,Cubbon Road,12013,Weekend,False,Clear,False,0.0,False,False,0.792,Severe,15.4,59.7,150.7,0.074,0.172,0.957,Heavy congestion detected - signal timing extended and reroute suggested
EVT437474,2025-03-20 17:08:49,Political Rally,J009,Majestic,10859,Weekday,False,Clear,False,0.0,False,False,0.751,Severe,17.7,57.1,238.1,0.13,0.301,0.986,Heavy congestion detected - signal timing extended and reroute suggested
EVT437475,2025-04-15 06:08:56,Fireworks Display,J030,MG Road,22878,Weekday,True,Clear,False,0.0,False,False,0.55,Moderate,28.5,43.2,176.8,0.157,0.362,0.922,Festival crowd surge detected - alternate route and extended cycle recommended
EVT437476,2025-01-24 18:01:13,Local Market Day,J030,MG Road,3419,Weekday,False,Clear,False,0.0,False,False,0.999,Severe,7.9,78.3,559.8,0.183,0.424,0.93,Heavy congestion detected - signal timing extended and reroute suggested
EVT437477,2025-04-21 06:20:03,Trade Fair,J030,MG Road,10189,Weekday,False,Heavy Rain,True,27.2,False,False,0.523,Moderate,23.3,36.8,248.9,0.182,0.419,0.912,Light rain detected - minor speed reduction advised
EVT437478,2025-08-21 17:22:01,Sports Fixture,J023,Basavanagudi,27010,Weekday,False,Clear,False,0.0,False,False,0.985,Severe,7.7,68.9,913.7,0.306,0.706,0.932,Heavy congestion detected - signal timing extended and reroute suggested
EVT437479,2025-03-04 16:21:21,Political Rally,J030,MG Road,21132,Weekday,False,Clear,False,0.0,False,False,0.637,High,24.7,47.7,182.6,0.118,0.273,0.947,Moderate traffic flow - standard adaptive signal timing in effect
EVT437480,2025-01-29 14:27:44,Trade Fair,J009,Majestic,5329,Weekday,False,Clear,False,0.0,False,False,0.161,Low,39.0,13.6,134.3,0.153,0.353,0.966,Normal free-flow traffic - standard signal timing maintained
EVT437481,2025-01-13 15:43:38,Local Market Day,J009,Majestic,3198,Weekday,False,Clear,False,0.0,False,False,0.505,Moderate,21.3,35.1,188.8,0.127,0.292,0.954,Moderate traffic flow - standard adaptive signal timing in effect
EVT437482,2025-12-10 09:44:58,Concert,J020,Malleshwaram Circle,12724,Weekday,False,Clear,False,0.0,False,False,1.0,Severe,8.3,67.5,252.1,0.103,0.239,0.928,Heavy congestion detected - signal timing extended and reroute suggested
EVT437483,2025-09-22 20:24:06,Local Market Day,J023,Basavanagudi,4275,Weekday,False,Clear,False,0.0,False,False,0.633,High,15.8,42.7,107.3,0.056,0.129,0.964,Moderate traffic flow - standard adaptive signal timing in effect
EVT437484,2025-08-05 16:58:01,Trade Fair,J012,Koramangala Sony World,10136,Weekday,False,Clear,False,0.0,False,False,0.77,Severe,14.6,55.9,374.9,0.183,0.422,0.955,Heavy congestion detected - signal timing extended and reroute suggested
EVT437485,2025-02-21 17:32:51,Political Rally,J040,City Market,9098,Weekday,False,Clear,False,0.0,False,False,0.915,Severe,12.4,63.8,361.9,0.152,0.351,0.924,Heavy congestion detected - signal timing extended and reroute suggested
EVT437486,2026-06-22 08:08:04,Concert,J023,Basavanagudi,10326,Weekday,False,Heavy Rain,True,26.4,False,False,1.0,Severe,7.8,63.1,698.5,0.23,0.531,0.877,Heavy rain reducing visibility and grip - reduced speed and longer buffer advised
EVT437487,2025-05-11 07:49:51,Trade Fair,J023,Basavanagudi,7225,Weekend,False,Clear,False,0.0,False,False,0.629,High,21.8,47.1,120.4,0.086,0.2,0.99,Moderate traffic flow - standard adaptive signal timing in effect
EVT437488,2026-03-20 19:29:04,Religious Festival,J030,MG Road,30430,Weekday,True,Clear,False,0.0,False,True,1.0,Severe,8.0,98.5,753.8,0.255,0.59,0.86,Road closure for event/procession - full detour recommended for through-traffic
EVT437489,2025-09-29 17:17:57,Local Market Day,J030,MG Road,3784,Weekday,False,Rain,True,17.0,False,False,1.0,Severe,11.3,76.1,581.0,0.243,0.562,0.868,Heavy rain reducing visibility and grip - reduced speed and longer buffer advised
EVT437490,2025-12-12 08:48:15,Concert,J009,Majestic,6275,Weekday,False,Clear,False,0.0,False,False,1.0,Severe,8.1,71.0,501.9,0.176,0.406,0.902,Heavy congestion detected - signal timing extended and reroute suggested
EVT437491,2025-02-10 04:09:02,Sports Fixture,J023,Basavanagudi,18996,Weekday,False,Clear,False,0.0,False,False,0.257,Low,36.2,18.0,109.4,0.09,0.208,0.973,Moderate traffic flow - standard adaptive signal timing in effect
EVT437492,2025-02-12 14:44:40,Trade Fair,J040,City Market,8306,Weekday,False,Clear,False,0.0,False,False,0.234,Low,22.7,25.2,183.0,0.117,0.271,0.98,Normal free-flow traffic - standard signal timing maintained
EVT437493,2025-08-22 00:54:27,Sports Fixture,J031,Cubbon Road,26672,Weekday,False,Clear,False,0.0,False,False,0.285,Low,31.4,22.1,190.9,0.182,0.421,0.953,Moderate traffic flow - standard adaptive signal timing in effect
EVT437494,2025-09-14 17:49:21,Local Market Day,J030,MG Road,5935,Weekend,False,Rain,True,19.0,False,False,1.0,Severe,9.3,78.9,531.0,0.21,0.485,0.876,Heavy rain reducing visibility and grip - reduced speed and longer buffer advised
EVT437495,2025-05-29 08:40:52,Local Market Day,J040,City Market,4193,Weekday,False,Clear,False,0.0,False,False,0.978,Severe,9.3,67.6,438.7,0.182,0.421,0.914,Heavy congestion detected - signal timing extended and reroute suggested
EVT437496,2025-07-17 20:44:01,Sports Fixture,J023,Basavanagudi,19681,Weekday,False,Clear,False,0.0,False,False,0.608,High,21.1,50.4,262.9,0.181,0.418,0.951,Moderate traffic flow - standard adaptive signal timing in effect
EVT437497,2026-01-07 19:44:08,Concert,J012,Koramangala Sony World,7771,Weekday,False,Fog,False,0.0,False,False,0.893,Severe,16.1,61.0,394.2,0.225,0.521,0.921,Heavy congestion detected - signal timing extended and reroute suggested
EVT437498,2025-12-21 19:05:44,Trade Fair,J023,Basavanagudi,8520,Weekend,False,Clear,False,0.0,False,False,0.762,Severe,17.8,55.4,285.8,0.172,0.398,0.938,Heavy congestion detected - signal timing extended and reroute suggested
EVT437499,2025-09-08 09:03:28,Concert,J040,City Market,10123,Weekday,False,Clear,False,0.0,False,False,1.0,Severe,7.1,71.3,875.0,0.263,0.608,0.945,Heavy congestion detected - signal timing extended and reroute suggested
EVT437500,2025-02-05 19:59:50,Concert,J031,Cubbon Road,15142,Weekday,False,Clear,False,0.0,False,False,0.718,High,18.9,49.0,222.2,0.128,0.296,0.97,Moderate traffic flow - standard adaptive signal timing in effect
EVT437501,2025-09-09 18:16:54,Sports Fixture,J031,Cubbon Road,22704,Weekday,False,Clear,False,0.0,False,False,1.0,Severe,8.3,74.8,498.2,0.191,0.442,0.935,Heavy congestion detected - signal timing extended and reroute suggested
EVT437502,2026-03-22 09:01:27,Political Rally,J031,Cubbon Road,17225,Weekend,False,Clear,False,0.0,False,False,0.926,Severe,11.7,70.5,451.4,0.205,0.472,0.926,Heavy congestion detected - signal timing extended and reroute suggested
EVT437503,2025-06-12 11:44:12,Political Rally,J030,MG Road,22557,Weekday,False,Clear,False,0.0,False,False,0.415,Moderate,27.2,26.6,157.6,0.139,0.321,0.96,Moderate traffic flow - standard adaptive signal timing in effect
EVT437504,2025-03-20 16:39:32,Sports Fixture,J011,Indiranagar 100ft Road,19362,Weekday,False,Clear,False,0.0,False,False,0.733,High,21.0,52.4,243.9,0.16,0.37,0.947,Moderate traffic flow - standard adaptive signal timing in effect
EVT437505,2025-01-13 17:21:15,Trade Fair,J031,Cubbon Road,5929,Weekday,False,Clear,False,0.0,False,False,0.867,Severe,14.7,60.0,409.7,0.204,0.471,0.928,Heavy congestion detected - signal timing extended and reroute suggested
EVT437506,2025-03-06 10:35:53,Trade Fair,J009,Majestic,11149,Weekday,False,Light Rain,True,3.2,False,False,0.684,High,16.6,48.2,392.1,0.223,0.516,0.902,Heavy rain reducing visibility and grip - reduced speed and longer buffer advised
EVT437507,2025-11-01 09:17:20,Cultural Procession,J031,Cubbon Road,20499,Weekend,True,Clear,False,0.0,False,True,1.0,Severe,9.9,97.7,348.4,0.142,0.328,0.824,Road closure for event/procession - full detour recommended for through-traffic
EVT437508,2026-03-09 14:51:35,Local Market Day,J031,Cubbon Road,4841,Weekday,False,Clear,False,0.0,False,False,0.204,Low,33.5,18.5,147.7,0.112,0.26,0.988,Normal free-flow traffic - standard signal timing maintained
EVT437509,2025-01-04 19:39:47,Local Market Day,J031,Cubbon Road,6073,Weekend,False,Clear,False,0.0,False,False,0.687,High,18.0,53.2,336.1,0.212,0.49,0.99,Moderate traffic flow - standard adaptive signal timing in effect
EVT437510,2025-08-30 19:23:07,Local Market Day,J009,Majestic,8232,Weekend,False,Light Rain,True,4.2,False,False,0.913,Severe,12.8,59.1,413.0,0.213,0.491,0.873,Heavy rain reducing visibility and grip - reduced speed and longer buffer advised
EVT437511,2026-04-04 16:29:13,Sports Fixture,J012,Koramangala Sony World,46229,Weekend,False,Light Rain,True,2.8,False,False,0.877,Severe,12.0,59.1,345.0,0.165,0.381,0.897,Heavy rain reducing visibility and grip - reduced speed and longer buffer advised
EVT437512,2025-04-13 09:35:55,Sports Fixture,J020,Malleshwaram Circle,21196,Weekend,False,Light Rain,True,4.6,False,False,1.0,Severe,9.2,71.5,581.7,0.219,0.506,0.876,Heavy rain reducing visibility and grip - reduced speed and longer buffer advised
EVT437513,2025-03-15 04:08:35,Fireworks Display,J030,MG Road,24492,Weekend,True,Clear,False,0.0,False,False,0.567,High,24.3,40.1,228.4,0.175,0.403,0.932,Festival crowd surge detected - alternate route and extended cycle recommended
EVT437514,2025-11-24 21:40:52,Sports Fixture,J020,Malleshwaram Circle,20391,Weekday,False,Clear,False,0.0,False,False,0.427,Moderate,19.9,30.6,80.5,0.043,0.099,0.984,Moderate traffic flow - standard adaptive signal timing in effect
EVT437515,2025-03-16 15:21:19,Local Market Day,J012,Koramangala Sony World,5074,Weekend,False,Clear,False,0.0,False,False,0.28,Low,29.2,19.7,125.1,0.095,0.22,0.973,Moderate traffic flow - standard adaptive signal timing in effect
EVT437516,2026-05-23 14:53:38,Trade Fair,J011,Indiranagar 100ft Road,4447,Weekend,False,Rain,True,18.0,False,False,0.527,Moderate,23.8,36.2,206.2,0.14,0.324,0.916,Light rain detected - minor speed reduction advised
EVT437517,2025-07-17 07:50:40,Local Market Day,J012,Koramangala Sony World,4849,Weekday,False,Heavy Rain,True,55.7,False,False,1.0,Severe,9.0,67.9,893.8,0.313,0.724,0.856,Heavy rain reducing visibility and grip - reduced speed and longer buffer advised
EVT437518,2025-11-14 21:12:17,Trade Fair,J023,Basavanagudi,10553,Weekday,False,Clear,False,0.0,False,False,0.437,Moderate,29.0,33.5,216.1,0.17,0.392,0.968,Moderate traffic flow - standard adaptive signal timing in effect
EVT437519,2025-11-22 16:57:47,Trade Fair,J009,Majestic,10357,Weekend,False,Rain,True,12.2,False,False,0.809,Severe,15.0,57.3,201.3,0.102,0.236,0.912,Heavy rain reducing visibility and grip - reduced speed and longer buffer advised
EVT437520,2026-02-05 07:39:36,Concert,J031,Cubbon Road,15686,Weekday,False,Clear,False,0.0,False,False,0.78,Severe,16.2,60.2,263.2,0.141,0.325,0.952,Heavy congestion detected - signal timing extended and reroute suggested
EVT437521,2026-03-18 17:55:46,Political Rally,J040,City Market,19550,Weekday,False,Clear,False,0.0,False,False,1.0,Severe,7.5,75.9,834.0,0.278,0.643,0.915,Heavy congestion detected - signal timing extended and reroute suggested
EVT437522,2025-03-14 10:37:00,Religious Festival,J031,Cubbon Road,21969,Weekday,True,Clear,False,0.0,False,False,0.95,Severe,10.6,70.3,458.1,0.174,0.401,0.889,Festival crowd surge detected - alternate route and extended cycle recommended
EVT437523,2026-05-15 16:12:21,Local Market Day,J011,Indiranagar 100ft Road,3660,Weekday,False,Rain,True,10.8,False,False,0.567,High,22.1,43.7,286.7,0.191,0.44,0.904,Heavy rain reducing visibility and grip - reduced speed and longer buffer advised
EVT437524,2025-05-29 20:11:20,Sports Fixture,J012,Koramangala Sony World,21501,Weekday,False,Clear,False,0.0,False,False,0.702,High,18.4,58.4,233.2,0.145,0.335,0.964,Moderate traffic flow - standard adaptive signal timing in effect
EVT437525,2025-12-19 19:33:59,Trade Fair,J012,Koramangala Sony World,9773,Weekday,False,Clear,False,0.0,False,False,0.948,Severe,11.8,71.3,497.6,0.231,0.533,0.92,Heavy congestion detected - signal timing extended and reroute suggested
EVT437526,2025-06-28 15:47:31,Sports Fixture,J012,Koramangala Sony World,15518,Weekend,False,Clear,False,0.0,False,False,0.455,Moderate,23.4,35.7,215.9,0.154,0.355,0.986,Moderate traffic flow - standard adaptive signal timing in effect
EVT437527,2025-09-22 19:55:41,Political Rally,J020,Malleshwaram Circle,7218,Weekday,False,Clear,False,0.0,False,False,0.778,Severe,14.8,55.0,402.6,0.21,0.485,0.938,Heavy congestion detected - signal timing extended and reroute suggested
EVT437528,2025-11-07 08:26:37,Trade Fair,J012,Koramangala Sony World,12070,Weekday,False,Clear,False,0.0,False,False,0.979,Severe,8.3,69.2,721.0,0.258,0.595,0.929,Heavy congestion detected - signal timing extended and reroute suggested
EVT437529,2026-03-08 20:48:53,Political Rally,J020,Malleshwaram Circle,32142,Weekend,False,Clear,False,0.0,False,False,0.646,High,19.6,49.6,277.8,0.16,0.369,0.971,Moderate traffic flow - standard adaptive signal timing in effect
EVT437530,2025-10-09 08:17:43,Political Rally,J023,Basavanagudi,7035,Weekday,False,Heavy Rain,True,26.7,False,False,1.0,Severe,7.8,74.0,569.2,0.172,0.397,0.873,Heavy rain reducing visibility and grip - reduced speed and longer buffer advised
EVT437531,2025-04-30 05:46:24,Local Market Day,J023,Basavanagudi,2767,Weekday,False,Clear,False,0.0,False,False,0.232,Low,23.8,18.4,356.0,0.21,0.485,0.949,Normal free-flow traffic - standard signal timing maintained
EVT437532,2025-07-18 15:07:54,Trade Fair,J020,Malleshwaram Circle,11562,Weekday,False,Clear,False,0.0,False,False,0.282,Low,31.5,20.5,207.8,0.187,0.432,0.972,Moderate traffic flow - standard adaptive signal timing in effect
EVT437533,2026-06-15 15:36:30,Local Market Day,J009,Majestic,5561,Weekday,False,Heavy Rain,True,48.9,True,False,0.959,Severe,8.6,67.4,583.6,0.198,0.458,0.681,Accident detected nearby - reroute and reduced speed advised
EVT437534,2025-05-06 11:29:00,Concert,J030,MG Road,10054,Weekday,False,Clear,False,0.0,False,False,0.381,Moderate,32.5,25.7,103.9,0.089,0.205,0.968,Moderate traffic flow - standard adaptive signal timing in effect
EVT437535,2025-03-04 19:38:37,Sports Fixture,J023,Basavanagudi,22702,Weekday,False,Fog,False,0.0,False,False,0.915,Severe,10.5,64.6,523.0,0.213,0.492,0.908,Heavy congestion detected - signal timing extended and reroute suggested
EVT437536,2026-01-16 20:56:00,Trade Fair,J030,MG Road,4309,Weekday,False,Clear,False,0.0,False,False,0.488,Moderate,26.4,37.8,153.1,0.104,0.241,0.953,Moderate traffic flow - standard adaptive signal timing in effect
EVT437537,2026-01-12 22:52:04,Local Market Day,J009,Majestic,3245,Weekday,False,Fog,False,0.0,False,False,0.334,Low,28.2,21.9,244.4,0.185,0.426,0.959,Moderate traffic flow - standard adaptive signal timing in effect
EVT437538,2025-12-26 12:42:11,Cultural Procession,J020,Malleshwaram Circle,29167,Weekday,True,Clear,False,0.0,False,True,0.701,High,20.8,71.9,362.0,0.25,0.577,0.879,Road closure for event/procession - full detour recommended for through-traffic
EVT437539,2025-09-01 21:40:55,Trade Fair,J009,Majestic,9602,Weekday,False,Clear,False,0.0,False,False,0.392,Moderate,35.4,20.6,161.0,0.164,0.379,0.955,Moderate traffic flow - standard adaptive signal timing in effect
EVT437540,2026-02-23 17:33:38,Sports Fixture,J009,Majestic,28269,Weekday,False,Clear,False,0.0,False,False,0.97,Severe,9.3,73.6,631.6,0.242,0.56,0.914,Heavy congestion detected - signal timing extended and reroute suggested
EVT437541,2025-01-07 15:20:55,Local Market Day,J031,Cubbon Road,5339,Weekday,False,Clear,False,0.0,False,False,0.313,Low,31.6,27.7,171.7,0.145,0.335,0.959,Moderate traffic flow - standard adaptive signal timing in effect
EVT437542,2026-01-11 08:48:26,Political Rally,J030,MG Road,12391,Weekend,False,Clear,False,0.0,False,False,0.884,Severe,14.5,54.9,309.1,0.162,0.374,0.916,Heavy congestion detected - signal timing extended and reroute suggested
EVT437543,2025-06-11 23:10:27,Local Market Day,J011,Indiranagar 100ft Road,5678,Weekday,False,Clear,False,0.0,True,False,0.58,High,24.4,42.4,250.1,0.193,0.446,0.833,Accident detected nearby - reroute and reduced speed advised
EVT437544,2025-06-30 10:08:25,Local Market Day,J030,MG Road,3082,Weekday,False,Rain,True,9.0,False,False,0.895,Severe,10.5,66.3,426.8,0.175,0.403,0.849,Heavy rain reducing visibility and grip - reduced speed and longer buffer advised
EVT437545,2026-06-08 20:24:22,Sports Fixture,J040,City Market,19683,Weekday,False,Clear,False,0.0,False,False,0.703,High,19.7,53.8,246.7,0.152,0.35,0.963,Moderate traffic flow - standard adaptive signal timing in effect
EVT437546,2025-12-07 00:20:36,Trade Fair,J011,Indiranagar 100ft Road,11231,Weekend,False,Clear,False,0.0,False,False,0.189,Low,33.4,11.2,186.9,0.146,0.337,0.99,Normal free-flow traffic - standard signal timing maintained
EVT437547,2026-03-19 22:51:38,Religious Festival,J023,Basavanagudi,79422,Weekday,True,Clear,False,0.0,False,True,0.991,Severe,7.9,98.3,991.7,0.306,0.706,0.851,Road closure for event/procession - full detour recommended for through-traffic
EVT437548,2025-02-27 14:34:20,Sports Fixture,J031,Cubbon Road,18839,Weekday,False,Clear,False,0.0,False,False,0.361,Moderate,26.3,28.7,220.7,0.176,0.406,0.956,Moderate traffic flow - standard adaptive signal timing in effect
EVT437549,2025-09-08 05:22:06,Concert,J009,Majestic,13974,Weekday,False,Clear,False,0.0,False,False,0.176,Low,28.9,14.3,146.2,0.114,0.264,0.962,Normal free-flow traffic - standard signal timing maintained
EVT437550,2025-01-13 15:23:27,Local Market Day,J031,Cubbon Road,8323,Weekday,False,Clear,False,0.0,False,False,0.39,Moderate,26.1,29.2,202.2,0.155,0.358,0.988,Moderate traffic flow - standard adaptive signal timing in effect
EVT437551,2026-05-31 20:28:19,Local Market Day,J020,Malleshwaram Circle,5809,Weekend,False,Clear,False,0.0,False,False,0.592,High,19.3,34.0,259.3,0.152,0.352,0.965,Moderate traffic flow - standard adaptive signal timing in effect
EVT437552,2026-05-11 04:41:06,Concert,J030,MG Road,12482,Weekday,False,Clear,False,0.0,False,False,0.216,Low,33.2,12.3,68.8,0.051,0.118,0.959,Normal free-flow traffic - standard signal timing maintained
EVT437553,2025-04-09 19:45:52,Sports Fixture,J031,Cubbon Road,17169,Weekday,False,Clear,False,0.0,False,False,0.931,Severe,9.1,69.7,554.7,0.21,0.485,0.936,Heavy congestion detected - signal timing extended and reroute suggested
EVT437554,2025-12-26 01:15:56,Cultural Procession,J023,Basavanagudi,10731,Weekday,True,Clear,False,0.0,False,True,0.552,Moderate,23.4,63.5,270.3,0.176,0.406,0.884,Road closure for event/procession - full detour recommended for through-traffic
EVT437555,2025-03-31 14:33:23,Cultural Procession,J012,Koramangala Sony World,26958,Weekday,True,Clear,False,0.0,False,False,0.595,High,18.9,41.1,264.9,0.149,0.344,0.917,Festival crowd surge detected - alternate route and extended cycle recommended
EVT437556,2026-03-26 14:19:51,Fireworks Display,J009,Majestic,22912,Weekday,True,Clear,False,0.0,False,False,0.513,Moderate,17.4,33.7,336.6,0.186,0.431,0.919,Festival crowd surge detected - alternate route and extended cycle recommended
EVT437557,2025-08-29 17:42:09,Sports Fixture,J020,Malleshwaram Circle,24877,Weekday,False,Clear,False,0.0,False,False,1.0,Severe,7.7,75.4,789.0,0.249,0.574,0.914,Heavy congestion detected - signal timing extended and reroute suggested
EVT437558,2025-05-28 16:15:17,Sports Fixture,J009,Majestic,29291,Weekday,False,Clear,False,0.0,False,False,0.668,High,22.0,48.8,190.1,0.126,0.29,0.96,Moderate traffic flow - standard adaptive signal timing in effect
EVT437559,2025-01-14 12:06:43,Cultural Procession,J009,Majestic,27715,Weekday,True,Clear,False,0.0,False,True,0.727,High,16.8,68.9,213.1,0.114,0.264,0.871,Road closure for event/procession - full detour recommended for through-traffic
EVT437560,2025-02-22 09:11:00,Concert,J012,Koramangala Sony World,5959,Weekend,False,Clear,False,0.0,False,False,0.841,Severe,15.9,58.3,126.1,0.084,0.194,0.952,Heavy congestion detected - signal timing extended and reroute suggested
EVT437561,2026-02-23 03:29:05,Concert,J023,Basavanagudi,6409,Weekday,False,Clear,False,0.0,False,False,0.261,Low,35.1,11.5,164.6,0.151,0.349,0.964,Moderate traffic flow - standard adaptive signal timing in effect
EVT437562,2025-10-12 16:19:50,Concert,J009,Majestic,8918,Weekend,False,Clear,False,0.0,False,False,0.516,Moderate,21.1,33.0,216.6,0.126,0.292,0.961,Moderate traffic flow - standard adaptive signal timing in effect
EVT437563,2025-08-17 19:57:52,Local Market Day,J040,City Market,5061,Weekend,False,Clear,False,0.0,False,False,0.597,High,22.6,46.1,313.0,0.204,0.472,0.943,Moderate traffic flow - standard adaptive signal timing in effect
EVT437564,2026-05-07 17:22:58,Trade Fair,J023,Basavanagudi,10055,Weekday,False,Rain,True,16.4,False,False,1.0,Severe,8.3,68.6,705.3,0.251,0.579,0.87,Heavy rain reducing visibility and grip - reduced speed and longer buffer advised
EVT437565,2026-03-16 13:27:44,Local Market Day,J012,Koramangala Sony World,4572,Weekday,False,Clear,False,0.0,False,False,0.19,Low,29.1,13.1,185.5,0.125,0.289,0.962,Normal free-flow traffic - standard signal timing maintained
EVT437566,2025-09-19 07:32:06,Sports Fixture,J012,Koramangala Sony World,24893,Weekday,False,Heavy Rain,True,54.0,False,False,1.0,Severe,7.6,75.7,867.8,0.278,0.642,0.868,Heavy rain reducing visibility and grip - reduced speed and longer buffer advised
EVT437567,2026-04-04 13:07:43,Concert,J031,Cubbon Road,19802,Weekend,False,Clear,False,0.0,False,False,0.318,Low,28.5,22.0,150.7,0.113,0.262,0.968,Moderate traffic flow - standard adaptive signal timing in effect
EVT437568,2026-04-12 09:03:44,Trade Fair,J012,Koramangala Sony World,14978,Weekend,False,Clear,False,0.0,False,False,0.918,Severe,9.6,66.4,608.7,0.231,0.534,0.938,Heavy congestion detected - signal timing extended and reroute suggested
EVT437569,2025-01-27 07:23:31,Cultural Procession,J011,Indiranagar 100ft Road,16504,Weekday,True,Clear,False,0.0,False,True,0.975,Severe,11.5,102.0,352.2,0.171,0.395,0.852,Road closure for event/procession - full detour recommended for through-traffic
EVT437570,2025-04-13 19:40:29,Concert,J009,Majestic,7283,Weekend,False,Clear,False,0.0,False,False,0.678,High,16.9,47.9,347.8,0.175,0.404,0.95,Moderate traffic flow - standard adaptive signal timing in effect
EVT437571,2025-01-08 00:42:01,Local Market Day,J012,Koramangala Sony World,2657,Weekday,False,Clear,False,0.0,False,False,0.199,Low,27.4,16.0,86.3,0.058,0.133,0.957,Normal free-flow traffic - standard signal timing maintained
EVT437572,2025-06-30 12:28:29,Political Rally,J011,Indiranagar 100ft Road,18070,Weekday,False,Clear,False,0.0,False,False,0.265,Low,23.0,22.1,143.5,0.109,0.252,0.975,Moderate traffic flow - standard adaptive signal timing in effect
EVT437573,2025-05-31 17:31:32,Local Market Day,J023,Basavanagudi,6118,Weekend,False,Fog,False,0.0,False,False,0.779,Severe,15.9,60.1,233.0,0.144,0.333,0.965,Heavy congestion detected - signal timing extended and reroute suggested
EVT437574,2026-03-30 19:06:04,Local Market Day,J030,MG Road,4856,Weekday,False,Clear,False,0.0,False,False,0.938,Severe,12.6,62.7,553.8,0.267,0.617,0.931,Heavy congestion detected - signal timing extended and reroute suggested
EVT437575,2026-04-19 18:05:39,Concert,J020,Malleshwaram Circle,11744,Weekend,False,Clear,False,0.0,False,False,0.912,Severe,11.3,59.5,347.3,0.159,0.367,0.94,Heavy congestion detected - signal timing extended and reroute suggested
EVT437576,2025-01-03 08:03:46,Trade Fair,J011,Indiranagar 100ft Road,12276,Weekday,False,Clear,False,0.0,False,False,0.887,Severe,11.5,65.4,552.2,0.22,0.509,0.957,Heavy congestion detected - signal timing extended and reroute suggested
EVT437577,2025-02-05 13:04:02,Sports Fixture,J031,Cubbon Road,25155,Weekday,False,Clear,False,0.0,False,False,0.32,Low,29.7,25.2,198.8,0.156,0.36,0.971,Moderate traffic flow - standard adaptive signal timing in effect
EVT437578,2025-04-23 07:07:45,Political Rally,J012,Koramangala Sony World,26483,Weekday,False,Clear,False,0.0,False,False,0.597,High,20.0,41.4,276.9,0.17,0.392,0.967,Moderate traffic flow - standard adaptive signal timing in effect
EVT437579,2025-09-24 12:01:52,Sports Fixture,J009,Majestic,18287,Weekday,False,Clear,False,0.0,False,False,0.311,Low,34.9,25.4,68.3,0.056,0.13,0.969,Moderate traffic flow - standard adaptive signal timing in effect
EVT437580,2025-03-06 12:50:46,Concert,J040,City Market,7701,Weekday,False,Clear,False,0.0,False,False,0.25,Low,31.9,19.5,230.6,0.18,0.416,0.952,Normal free-flow traffic - standard signal timing maintained
EVT437581,2025-05-31 00:05:52,Sports Fixture,J012,Koramangala Sony World,14763,Weekend,False,Rain,True,19.7,False,False,0.519,Moderate,23.8,42.7,185.0,0.13,0.301,0.886,Light rain detected - minor speed reduction advised
EVT437582,2026-01-27 15:26:30,Cultural Procession,J011,Indiranagar 100ft Road,29257,Weekday,True,Clear,False,0.0,False,False,0.59,High,18.4,39.2,251.0,0.155,0.358,0.934,Festival crowd surge detected - alternate route and extended cycle recommended
EVT437583,2026-03-25 21:58:58,Local Market Day,J030,MG Road,2484,Weekday,False,Clear,False,0.0,False,False,0.292,Low,23.7,17.1,57.4,0.042,0.097,0.97,Moderate traffic flow - standard adaptive signal timing in effect
EVT437584,2025-07-12 22:54:12,Political Rally,J011,Indiranagar 100ft Road,11798,Weekend,False,Heavy Rain,True,42.0,False,False,0.651,High,17.9,40.7,102.4,0.065,0.151,0.907,Heavy rain reducing visibility and grip - reduced speed and longer buffer advised
EVT437585,2025-02-17 09:21:20,Local Market Day,J030,MG Road,4103,Weekday,False,Clear,False,0.0,False,False,0.964,Severe,10.8,70.6,582.8,0.212,0.49,0.934,Heavy congestion detected - signal timing extended and reroute suggested
EVT437586,2026-05-19 19:17:33,Political Rally,J040,City Market,18740,Weekday,False,Clear,False,0.0,False,False,1.0,Severe,8.7,77.0,430.3,0.167,0.385,0.929,Heavy congestion detected - signal timing extended and reroute suggested
EVT437587,2025-10-17 08:44:21,Sports Fixture,J023,Basavanagudi,25812,Weekday,False,Clear,False,0.0,False,False,1.0,Severe,9.1,68.0,264.3,0.114,0.263,0.936,Heavy congestion detected - signal timing extended and reroute suggested
EVT437588,2025-03-28 20:54:30,Local Market Day,J012,Koramangala Sony World,6304,Weekday,False,Clear,False,0.0,False,False,0.453,Moderate,27.3,32.4,179.8,0.121,0.279,0.976,Moderate traffic flow - standard adaptive signal timing in effect
EVT437589,2025-07-08 16:09:11,Trade Fair,J023,Basavanagudi,7451,Weekday,False,Clear,False,0.0,False,False,0.433,Moderate,25.4,28.1,95.6,0.072,0.166,0.957,Moderate traffic flow - standard adaptive signal timing in effect
EVT437590,2025-08-11 14:37:50,Local Market Day,J031,Cubbon Road,5555,Weekday,False,Clear,False,0.0,False,False,0.271,Low,31.1,18.9,121.9,0.099,0.228,0.977,Moderate traffic flow - standard adaptive signal timing in effect
EVT437591,2026-03-29 09:42:09,Local Market Day,J009,Majestic,2460,Weekend,False,Clear,False,0.0,False,False,0.688,High,15.0,46.1,302.7,0.14,0.324,0.958,Moderate traffic flow - standard adaptive signal timing in effect
EVT437592,2025-10-20 10:27:14,Religious Festival,J040,City Market,103386,Weekday,True,Clear,False,0.0,False,True,1.0,Severe,9.5,102.1,654.8,0.271,0.626,0.844,Road closure for event/procession - full detour recommended for through-traffic
EVT437593,2025-04-25 18:25:55,Political Rally,J030,MG Road,18037,Weekday,False,Clear,False,0.0,False,False,1.0,Severe,6.3,64.7,547.6,0.154,0.357,0.932,Heavy congestion detected - signal timing extended and reroute suggested
EVT437594,2026-06-14 08:46:59,Trade Fair,J009,Majestic,6725,Weekend,False,Heavy Rain,True,34.6,False,False,1.0,Severe,8.8,64.8,492.0,0.176,0.406,0.874,Heavy rain reducing visibility and grip - reduced speed and longer buffer advised
EVT437595,2026-04-27 09:32:48,Local Market Day,J020,Malleshwaram Circle,4694,Weekday,False,Fog,False,0.0,False,False,0.922,Severe,12.1,68.8,537.4,0.241,0.556,0.945,Heavy congestion detected - signal timing extended and reroute suggested
EVT437596,2025-12-05 08:20:58,Trade Fair,J011,Indiranagar 100ft Road,7737,Weekday,False,Clear,False,0.0,False,False,0.962,Severe,11.7,65.1,355.2,0.167,0.387,0.928,Heavy congestion detected - signal timing extended and reroute suggested
EVT437597,2025-04-03 06:52:23,Sports Fixture,J009,Majestic,25804,Weekday,False,Clear,False,0.0,False,False,0.539,Moderate,22.1,41.0,211.4,0.141,0.326,0.956,Moderate traffic flow - standard adaptive signal timing in effect
EVT437598,2025-07-06 09:23:49,Concert,J012,Koramangala Sony World,9805,Weekend,False,Heavy Rain,True,65.7,False,False,1.0,Severe,9.7,69.9,585.9,0.223,0.515,0.84,Heavy rain reducing visibility and grip - reduced speed and longer buffer advised
EVT437599,2025-10-04 11:28:14,Sports Fixture,J030,MG Road,15816,Weekend,False,Clear,False,0.0,False,False,0.44,Moderate,24.5,32.9,321.2,0.205,0.474,0.969,Moderate traffic flow - standard adaptive signal timing in effect
EVT437600,2026-01-31 09:09:15,Concert,J011,Indiranagar 100ft Road,21390,Weekend,False,Clear,False,0.0,False,False,0.923,Severe,11.8,61.8,154.9,0.075,0.174,0.916,Heavy congestion detected - signal timing extended and reroute suggested
EVT437601,2025-02-13 17:19:48,Political Rally,J023,Basavanagudi,11121,Weekday,False,Clear,False,0.0,False,False,0.888,Severe,9.7,69.0,571.0,0.205,0.473,0.928,Heavy congestion detected - signal timing extended and reroute suggested
EVT437602,2025-10-04 18:13:52,Sports Fixture,J020,Malleshwaram Circle,18353,Weekend,False,Light Rain,True,3.1,False,False,0.994,Severe,7.9,75.3,622.4,0.202,0.466,0.884,Heavy rain reducing visibility and grip - reduced speed and longer buffer advised
EVT437603,2025-09-22 08:29:50,Local Market Day,J020,Malleshwaram Circle,3757,Weekday,False,Rain,True,21.6,True,False,1.0,Severe,7.3,67.9,661.2,0.185,0.428,0.696,Accident detected nearby - reroute and reduced speed advised
EVT437604,2025-05-19 19:38:15,Concert,J009,Majestic,7604,Weekday,False,Clear,False,0.0,False,False,0.94,Severe,8.7,67.4,322.0,0.137,0.317,0.933,Heavy congestion detected - signal timing extended and reroute suggested
EVT437605,2026-06-04 09:12:33,Political Rally,J030,MG Road,7449,Weekday,False,Clear,False,0.0,False,False,1.0,Severe,10.5,69.2,655.5,0.269,0.622,0.927,Heavy congestion detected - signal timing extended and reroute suggested
EVT437606,2025-02-02 16:17:39,Concert,J023,Basavanagudi,19575,Weekend,False,Clear,False,0.0,False,False,0.591,High,20.6,44.8,144.0,0.095,0.22,0.97,Moderate traffic flow - standard adaptive signal timing in effect
EVT437607,2026-04-01 18:12:55,Trade Fair,J020,Malleshwaram Circle,8600,Weekday,False,Clear,False,0.0,False,False,0.977,Severe,10.0,65.6,590.2,0.23,0.531,0.914,Heavy congestion detected - signal timing extended and reroute suggested
EVT437608,2025-04-09 18:17:39,Local Market Day,J023,Basavanagudi,4984,Weekday,False,Clear,False,0.0,False,False,1.0,Severe,9.0,73.3,247.5,0.098,0.227,0.899,Heavy congestion detected - signal timing extended and reroute suggested
EVT437609,2025-05-07 08:58:47,Trade Fair,J023,Basavanagudi,10989,Weekday,False,Clear,False,0.0,False,False,1.0,Severe,6.9,65.6,646.6,0.218,0.504,0.923,Heavy congestion detected - signal timing extended and reroute suggested
EVT437610,2025-07-31 17:14:08,Local Market Day,J023,Basavanagudi,6035,Weekday,False,Clear,False,0.0,False,False,0.838,Severe,15.7,54.6,274.9,0.149,0.345,0.947,Heavy congestion detected - signal timing extended and reroute suggested
EVT437611,2025-08-18 07:44:48,Local Market Day,J023,Basavanagudi,4514,Weekday,False,Heavy Rain,True,34.2,False,False,1.0,Severe,8.3,71.8,722.9,0.228,0.526,0.864,Heavy rain reducing visibility and grip - reduced speed and longer buffer advised
EVT437612,2026-05-27 17:14:12,Local Market Day,J040,City Market,6325,Weekday,False,Clear,False,0.0,False,False,0.875,Severe,12.2,65.6,601.3,0.285,0.658,0.948,Heavy congestion detected - signal timing extended and reroute suggested
EVT437613,2025-08-08 12:47:35,Local Market Day,J009,Majestic,6910,Weekday,False,Clear,False,0.0,False,False,0.156,Low,38.2,14.5,102.0,0.1,0.231,0.954,Normal free-flow traffic - standard signal timing maintained
EVT437614,2025-03-06 01:58:35,Local Market Day,J030,MG Road,5323,Weekday,False,Clear,False,0.0,False,False,0.173,Low,27.4,13.1,51.4,0.049,0.113,0.952,Normal free-flow traffic - standard signal timing maintained
EVT437615,2025-12-07 20:36:30,Local Market Day,J009,Majestic,6049,Weekend,False,Rain,True,10.7,False,False,0.611,High,20.5,46.2,227.9,0.158,0.364,0.91,Heavy rain reducing visibility and grip - reduced speed and longer buffer advised
EVT437616,2025-10-30 17:10:04,Sports Fixture,J011,Indiranagar 100ft Road,28086,Weekday,False,Heavy Rain,True,69.0,False,False,1.0,Severe,8.2,69.5,814.3,0.285,0.659,0.864,Heavy rain reducing visibility and grip - reduced speed and longer buffer advised
EVT437617,2026-05-12 14:44:24,Political Rally,J012,Koramangala Sony World,12454,Weekday,False,Clear,False,0.0,False,False,0.282,Low,26.9,20.9,181.8,0.117,0.271,0.981,Moderate traffic flow - standard adaptive signal timing in effect
EVT437618,2025-02-08 07:32:00,Concert,J009,Majestic,10547,Weekend,False,Clear,False,0.0,False,False,0.604,High,23.1,42.7,312.7,0.233,0.538,0.983,Moderate traffic flow - standard adaptive signal timing in effect
EVT437619,2025-01-09 14:17:02,Concert,J020,Malleshwaram Circle,12168,Weekday,False,Clear,False,0.0,False,False,0.283,Low,33.2,25.3,85.4,0.075,0.173,0.963,Moderate traffic flow - standard adaptive signal timing in effect
EVT437620,2026-01-26 08:28:55,Religious Festival,J011,Indiranagar 100ft Road,34164,Weekday,True,Clear,False,0.0,False,False,1.0,Severe,8.6,73.5,373.0,0.13,0.3,0.864,Festival crowd surge detected - alternate route and extended cycle recommended
EVT437621,2025-03-21 10:25:36,Local Market Day,J009,Majestic,4261,Weekday,False,Clear,False,0.0,False,False,0.573,High,22.7,41.6,307.6,0.211,0.486,0.956,Moderate traffic flow - standard adaptive signal timing in effect
EVT437622,2026-01-14 16:24:46,Fireworks Display,J011,Indiranagar 100ft Road,24723,Weekday,True,Clear,False,0.0,False,False,0.812,Severe,13.3,57.8,316.6,0.15,0.346,0.883,Festival crowd surge detected - alternate route and extended cycle recommended
EVT437623,2025-04-07 23:52:41,Fireworks Display,J031,Cubbon Road,55062,Weekday,True,Clear,False,0.0,False,False,0.757,Severe,17.7,52.3,202.4,0.124,0.287,0.93,Festival crowd surge detected - alternate route and extended cycle recommended
EVT437624,2025-10-04 09:24:32,Political Rally,J012,Koramangala Sony World,14598,Weekend,False,Heavy Rain,True,38.4,False,False,1.0,Severe,7.6,72.4,264.0,0.112,0.26,0.857,Heavy rain reducing visibility and grip - reduced speed and longer buffer advised
EVT437625,2025-03-17 09:10:47,Sports Fixture,J011,Indiranagar 100ft Road,13406,Weekday,False,Light Rain,True,3.5,False,False,1.0,Severe,8.0,70.5,835.1,0.246,0.568,0.862,Heavy rain reducing visibility and grip - reduced speed and longer buffer advised
EVT437626,2026-01-23 00:25:31,Local Market Day,J023,Basavanagudi,3532,Weekday,False,Clear,False,0.0,False,False,0.143,Low,28.7,9.3,81.0,0.051,0.119,0.943,Normal free-flow traffic - standard signal timing maintained
EVT437627,2025-04-18 20:05:07,Political Rally,J009,Majestic,17424,Weekday,False,Fog,False,0.0,False,False,0.755,Severe,17.7,57.0,380.2,0.227,0.525,0.939,Heavy congestion detected - signal timing extended and reroute suggested
EVT437628,2025-01-26 20:54:35,Religious Festival,J012,Koramangala Sony World,65430,Weekend,True,Clear,False,0.0,False,True,1.0,Severe,8.1,102.1,1021.9,0.349,0.805,0.811,Road closure for event/procession - full detour recommended for through-traffic
EVT437629,2026-06-14 09:51:33,Sports Fixture,J009,Majestic,12455,Weekend,False,Light Rain,True,5.9,False,False,0.961,Severe,12.4,74.1,243.8,0.123,0.284,0.876,Heavy rain reducing visibility and grip - reduced speed and longer buffer advised
EVT437630,2025-10-07 04:28:30,Sports Fixture,J011,Indiranagar 100ft Road,22824,Weekday,False,Clear,False,0.0,False,False,0.311,Low,28.5,24.0,195.8,0.147,0.34,0.982,Moderate traffic flow - standard adaptive signal timing in effect
EVT437631,2025-02-01 04:14:43,Local Market Day,J020,Malleshwaram Circle,2476,Weekend,False,Clear,False,0.0,False,False,0.186,Low,27.3,15.2,134.9,0.087,0.202,0.956,Normal free-flow traffic - standard signal timing maintained
EVT437632,2025-03-29 17:18:01,Political Rally,J031,Cubbon Road,13506,Weekend,False,Clear,False,0.0,False,False,0.788,Severe,17.7,55.9,277.1,0.179,0.413,0.974,Heavy congestion detected - signal timing extended and reroute suggested
EVT437633,2025-03-01 14:28:55,Local Market Day,J009,Majestic,3735,Weekend,False,Clear,False,0.0,False,False,0.347,Low,26.6,25.6,213.7,0.154,0.356,0.957,Moderate traffic flow - standard adaptive signal timing in effect
EVT437634,2026-04-14 19:17:34,Religious Festival,J023,Basavanagudi,36094,Weekday,True,Rain,True,10.5,False,True,1.0,Severe,6.8,100.6,868.2,0.262,0.605,0.792,Road closure for event/procession - full detour recommended for through-traffic
EVT437635,2025-03-03 06:57:26,Local Market Day,J023,Basavanagudi,8478,Weekday,False,Clear,False,0.0,False,False,0.412,Moderate,24.4,23.3,183.4,0.132,0.304,0.96,Moderate traffic flow - standard adaptive signal timing in effect
EVT437636,2025-08-19 20:37:16,Sports Fixture,J009,Majestic,18816,Weekday,False,Rain,True,11.8,False,False,0.781,Severe,16.9,55.0,311.2,0.194,0.449,0.923,Heavy rain reducing visibility and grip - reduced speed and longer buffer advised
EVT437637,2025-12-03 05:06:34,Concert,J040,City Market,18276,Weekday,False,Fog,False,0.0,False,False,0.233,Low,24.4,17.2,223.4,0.133,0.307,0.949,Normal free-flow traffic - standard signal timing maintained
EVT437638,2025-04-02 11:40:21,Trade Fair,J012,Koramangala Sony World,6497,Weekday,False,Clear,False,0.0,False,False,0.315,Low,27.8,26.5,215.0,0.141,0.326,0.943,Moderate traffic flow - standard adaptive signal timing in effect
EVT437639,2025-11-16 21:27:23,Political Rally,J040,City Market,11595,Weekend,False,Clear,False,0.0,False,False,0.477,Moderate,28.0,37.5,160.6,0.106,0.245,0.962,Moderate traffic flow - standard adaptive signal timing in effect
EVT437640,2025-05-07 17:42:22,Local Market Day,J009,Majestic,4057,Weekday,False,Clear,False,0.0,False,False,0.896,Severe,12.2,62.8,203.6,0.092,0.211,0.954,Heavy congestion detected - signal timing extended and reroute suggested
EVT437641,2026-04-11 09:24:20,Sports Fixture,J009,Majestic,28287,Weekend,False,Clear,False,0.0,False,False,1.0,Severe,8.2,69.5,447.5,0.141,0.325,0.903,Heavy congestion detected - signal timing extended and reroute suggested
EVT437642,2025-05-07 21:36:57,Trade Fair,J011,Indiranagar 100ft Road,4484,Weekday,False,Clear,False,0.0,False,False,0.417,Moderate,27.5,25.4,152.6,0.105,0.243,0.967,Moderate traffic flow - standard adaptive signal timing in effect
EVT437643,2026-06-14 10:56:06,Sports Fixture,J011,Indiranagar 100ft Road,18770,Weekend,False,Clear,False,0.0,False,False,0.51,Moderate,27.7,39.3,155.7,0.109,0.253,0.959,Moderate traffic flow - standard adaptive signal timing in effect
EVT437644,2025-09-16 10:50:29,Local Market Day,J023,Basavanagudi,3241,Weekday,False,Clear,False,0.0,False,False,0.457,Moderate,24.6,27.0,154.2,0.113,0.262,0.97,Moderate traffic flow - standard adaptive signal timing in effect
EVT437645,2026-05-16 15:23:21,Concert,J031,Cubbon Road,16413,Weekend,False,Fog,False,0.0,False,False,0.44,Moderate,23.2,34.4,113.5,0.072,0.167,0.945,Moderate traffic flow - standard adaptive signal timing in effect
EVT437646,2025-09-25 15:53:12,Trade Fair,J009,Majestic,7677,Weekday,False,Clear,False,0.0,False,False,0.307,Low,29.6,16.7,185.2,0.154,0.356,0.978,Moderate traffic flow - standard adaptive signal timing in effect
EVT437647,2025-06-21 17:19:38,Political Rally,J023,Basavanagudi,23292,Weekend,False,Rain,True,9.5,False,False,0.925,Severe,10.5,68.8,662.0,0.269,0.62,0.872,Heavy rain reducing visibility and grip - reduced speed and longer buffer advised
EVT437648,2025-10-16 10:26:38,Trade Fair,J012,Koramangala Sony World,7418,Weekday,False,Clear,False,0.0,False,False,0.644,High,16.7,47.3,227.4,0.144,0.332,0.965,Moderate traffic flow - standard adaptive signal timing in effect
EVT437649,2025-05-09 19:30:34,Sports Fixture,J023,Basavanagudi,19591,Weekday,False,Clear,False,0.0,False,False,0.954,Severe,10.2,67.0,588.3,0.232,0.535,0.911,Heavy congestion detected - signal timing extended and reroute suggested
EVT437650,2025-12-11 09:50:11,Local Market Day,J023,Basavanagudi,3062,Weekday,False,Clear,False,0.0,False,False,0.938,Severe,10.8,63.5,356.4,0.128,0.295,0.945,Heavy congestion detected - signal timing extended and reroute suggested
EVT437651,2025-03-16 10:18:07,Local Market Day,J020,Malleshwaram Circle,5196,Weekend,False,Clear,False,0.0,False,False,0.555,High,18.9,40.4,243.6,0.163,0.378,0.985,Moderate traffic flow - standard adaptive signal timing in effect
EVT437652,2025-05-15 06:37:40,Sports Fixture,J030,MG Road,23906,Weekday,False,Clear,False,0.0,False,False,0.469,Moderate,26.0,40.6,254.5,0.18,0.415,0.953,Moderate traffic flow - standard adaptive signal timing in effect
EVT437653,2025-09-13 13:58:28,Local Market Day,J020,Malleshwaram Circle,3207,Weekend,False,Rain,True,16.3,False,False,0.455,Moderate,30.5,36.9,212.2,0.199,0.459,0.931,Light rain detected - minor speed reduction advised
EVT437654,2026-03-11 17:10:13,Local Market Day,J012,Koramangala Sony World,4130,Weekday,False,Clear,False,0.0,False,False,0.766,Severe,17.7,57.5,179.0,0.099,0.229,0.944,Heavy congestion detected - signal timing extended and reroute suggested
EVT437655,2025-09-28 18:52:07,Concert,J040,City Market,9539,Weekend,False,Fog,False,0.0,False,False,0.89,Severe,8.8,61.6,684.4,0.245,0.565,0.928,Heavy congestion detected - signal timing extended and reroute suggested
EVT437656,2025-08-04 12:01:30,Trade Fair,J012,Koramangala Sony World,6996,Weekday,False,Light Rain,True,6.4,False,False,0.414,Moderate,31.5,28.8,176.2,0.14,0.324,0.92,Light rain detected - minor speed reduction advised
EVT437657,2026-01-28 23:06:06,Local Market Day,J023,Basavanagudi,2802,Weekday,False,Clear,False,0.0,False,False,0.159,Low,33.5,12.9,132.8,0.108,0.25,0.961,Normal free-flow traffic - standard signal timing maintained
EVT437658,2025-07-26 21:34:43,Concert,J040,City Market,19341,Weekend,False,Heavy Rain,True,33.5,False,False,0.844,Severe,15.2,56.5,348.3,0.192,0.444,0.885,Heavy rain reducing visibility and grip - reduced speed and longer buffer advised
EVT437659,2025-04-25 09:20:54,Sports Fixture,J023,Basavanagudi,18125,Weekday,False,Clear,False,0.0,False,False,1.0,Severe,8.3,74.5,418.7,0.154,0.356,0.915,Heavy congestion detected - signal timing extended and reroute suggested
EVT437660,2026-01-12 18:40:49,Trade Fair,J012,Koramangala Sony World,9087,Weekday,False,Clear,False,0.0,False,False,1.0,Severe,7.1,72.3,449.9,0.135,0.312,0.922,Heavy congestion detected - signal timing extended and reroute suggested
EVT437661,2026-05-14 13:53:12,Local Market Day,J030,MG Road,3506,Weekday,False,Clear,False,0.0,False,False,0.203,Low,31.5,18.2,58.3,0.039,0.091,0.957,Normal free-flow traffic - standard signal timing maintained
EVT437662,2025-09-12 09:36:53,Local Market Day,J011,Indiranagar 100ft Road,3692,Weekday,False,Clear,False,0.0,False,False,0.906,Severe,10.5,63.4,411.4,0.161,0.372,0.931,Heavy congestion detected - signal timing extended and reroute suggested
EVT437663,2025-09-30 20:04:32,Sports Fixture,J040,City Market,22321,Weekday,False,Clear,False,0.0,False,False,0.83,Severe,13.8,57.7,265.3,0.145,0.335,0.936,Heavy congestion detected - signal timing extended and reroute suggested
EVT437664,2025-08-29 19:14:59,Trade Fair,J012,Koramangala Sony World,8282,Weekday,False,Clear,False,0.0,False,False,0.952,Severe,9.9,65.8,566.5,0.234,0.54,0.937,Heavy congestion detected - signal timing extended and reroute suggested
EVT437665,2025-05-31 17:07:34,Concert,J012,Koramangala Sony World,8186,Weekend,False,Clear,False,0.0,False,False,0.649,High,16.2,45.7,499.5,0.276,0.637,0.955,Moderate traffic flow - standard adaptive signal timing in effect
EVT437666,2025-12-06 09:37:31,Local Market Day,J023,Basavanagudi,3551,Weekend,False,Clear,False,0.0,False,False,0.849,Severe,13.8,61.5,304.9,0.159,0.368,0.936,Heavy congestion detected - signal timing extended and reroute suggested
EVT437667,2026-02-14 09:57:50,Concert,J031,Cubbon Road,29729,Weekend,False,Clear,False,0.0,False,False,0.85,Severe,11.9,64.1,444.7,0.203,0.468,0.933,Heavy congestion detected - signal timing extended and reroute suggested
EVT437668,2026-06-06 07:49:05,Sports Fixture,J009,Majestic,37167,Weekend,False,Clear,False,0.0,False,False,0.819,Severe,14.5,55.3,496.8,0.261,0.604,0.949,Heavy congestion detected - signal timing extended and reroute suggested
EVT437669,2025-07-08 09:44:48,Local Market Day,J031,Cubbon Road,5690,Weekday,False,Rain,True,24.2,False,False,1.0,Severe,9.3,70.8,571.5,0.224,0.518,0.853,Heavy rain reducing visibility and grip - reduced speed and longer buffer advised
EVT437670,2026-04-10 08:47:36,Trade Fair,J012,Koramangala Sony World,11030,Weekday,False,Clear,False,0.0,False,False,1.0,Severe,8.4,68.9,635.9,0.209,0.483,0.897,Heavy congestion detected - signal timing extended and reroute suggested
EVT437671,2025-08-31 08:59:47,Local Market Day,J020,Malleshwaram Circle,3442,Weekend,False,Rain,True,13.3,False,False,0.981,Severe,8.6,66.5,601.5,0.218,0.505,0.847,Heavy rain reducing visibility and grip - reduced speed and longer buffer advised
EVT437672,2026-04-01 16:33:44,Concert,J009,Majestic,10327,Weekday,False,Rain,True,17.0,True,False,1.0,Severe,8.1,72.7,740.2,0.236,0.546,0.678,Accident detected nearby - reroute and reduced speed advised
EVT437673,2025-11-02 21:15:29,Religious Festival,J011,Indiranagar 100ft Road,128250,Weekend,True,Clear,False,0.0,False,True,1.0,Severe,7.7,95.9,426.4,0.137,0.315,0.824,Road closure for event/procession - full detour recommended for through-traffic
EVT437674,2025-06-02 13:32:01,Local Market Day,J020,Malleshwaram Circle,3259,Weekday,False,Clear,False,0.0,False,False,0.208,Low,38.4,10.0,137.8,0.128,0.295,0.974,Normal free-flow traffic - standard signal timing maintained
EVT437675,2025-12-24 12:44:02,Local Market Day,J011,Indiranagar 100ft Road,3751,Weekday,False,Clear,False,0.0,False,False,0.187,Low,26.2,7.9,112.4,0.075,0.173,0.988,Normal free-flow traffic - standard signal timing maintained
EVT437676,2026-05-10 16:53:09,Political Rally,J012,Koramangala Sony World,16567,Weekend,False,Clear,False,0.0,False,False,0.721,High,18.8,51.8,229.8,0.147,0.339,0.967,Moderate traffic flow - standard adaptive signal timing in effect
EVT437677,2026-04-29 08:46:02,Trade Fair,J040,City Market,7213,Weekday,False,Heavy Rain,True,31.1,False,False,1.0,Severe,8.2,69.8,665.3,0.216,0.499,0.887,Heavy rain reducing visibility and grip - reduced speed and longer buffer advised
EVT437678,2025-01-13 16:40:01,Trade Fair,J031,Cubbon Road,13294,Weekday,False,Clear,False,0.0,False,False,0.626,High,17.0,38.7,143.3,0.088,0.204,0.951,Moderate traffic flow - standard adaptive signal timing in effect
EVT437679,2025-08-09 14:09:47,Trade Fair,J030,MG Road,18383,Weekend,False,Clear,False,0.0,False,False,0.378,Moderate,29.1,24.0,221.3,0.173,0.399,0.981,Moderate traffic flow - standard adaptive signal timing in effect
EVT437680,2025-02-20 07:40:30,Concert,J023,Basavanagudi,19154,Weekday,False,Clear,False,0.0,False,False,0.767,Severe,15.0,51.8,304.8,0.161,0.373,0.954,Heavy congestion detected - signal timing extended and reroute suggested
EVT437681,2026-03-13 20:46:58,Sports Fixture,J012,Koramangala Sony World,22383,Weekday,False,Clear,False,0.0,False,False,0.617,High,20.6,41.4,338.6,0.211,0.487,0.984,Moderate traffic flow - standard adaptive signal timing in effect
EVT437682,2025-05-11 17:38:48,Sports Fixture,J030,MG Road,18521,Weekend,False,Clear,False,0.0,False,False,0.912,Severe,13.7,63.5,286.5,0.142,0.328,0.942,Heavy congestion detected - signal timing extended and reroute suggested
EVT437683,2026-05-01 22:35:45,Cultural Procession,J011,Indiranagar 100ft Road,37006,Weekday,True,Rain,True,23.8,False,False,0.834,Severe,14.2,62.1,312.7,0.157,0.363,0.831,Festival crowd surge detected - alternate route and extended cycle recommended
EVT437684,2025-04-12 01:13:24,Sports Fixture,J030,MG Road,17451,Weekend,False,Clear,False,0.0,False,False,0.394,Moderate,29.3,31.7,112.5,0.096,0.221,0.952,Moderate traffic flow - standard adaptive signal timing in effect
EVT437685,2025-02-16 10:38:27,Local Market Day,J011,Indiranagar 100ft Road,4839,Weekend,False,Clear,False,0.0,False,False,0.604,High,22.0,46.0,304.2,0.21,0.485,0.962,Moderate traffic flow - standard adaptive signal timing in effect
EVT437686,2025-06-25 12:16:27,Sports Fixture,J030,MG Road,21646,Weekday,False,Clear,False,0.0,False,False,0.28,Low,31.2,19.9,56.3,0.044,0.101,0.964,Moderate traffic flow - standard adaptive signal timing in effect
EVT437687,2025-10-31 19:00:53,Trade Fair,J040,City Market,9351,Weekday,False,Heavy Rain,True,40.9,False,False,1.0,Severe,7.5,77.1,930.5,0.294,0.68,0.858,Heavy rain reducing visibility and grip - reduced speed and longer buffer advised
EVT437688,2026-01-06 19:14:20,Local Market Day,J031,Cubbon Road,4562,Weekday,False,Clear,False,0.0,False,False,0.838,Severe,12.3,65.6,363.8,0.177,0.408,0.933,Heavy congestion detected - signal timing extended and reroute suggested
EVT437689,2025-09-04 09:05:45,Local Market Day,J040,City Market,4847,Weekday,False,Clear,False,0.0,False,False,1.0,Severe,8.2,72.6,607.1,0.208,0.481,0.905,Heavy congestion detected - signal timing extended and reroute suggested
EVT437690,2025-08-22 19:15:14,Local Market Day,J012,Koramangala Sony World,2802,Weekday,False,Fog,False,0.0,False,False,0.911,Severe,10.0,68.2,406.7,0.17,0.393,0.943,Heavy congestion detected - signal timing extended and reroute suggested
EVT437691,2026-05-14 18:31:07,Sports Fixture,J011,Indiranagar 100ft Road,20652,Weekday,False,Clear,False,0.0,False,False,1.0,Severe,7.7,68.4,724.7,0.235,0.542,0.932,Heavy congestion detected - signal timing extended and reroute suggested
EVT437692,2025-09-19 14:24:50,Political Rally,J031,Cubbon Road,7461,Weekday,False,Heavy Rain,True,28.2,False,False,0.579,High,18.6,39.7,197.3,0.137,0.317,0.916,Heavy rain reducing visibility and grip - reduced speed and longer buffer advised
EVT437693,2025-11-29 10:19:17,Concert,J009,Majestic,15991,Weekend,False,Clear,False,0.0,False,False,0.71,High,17.7,48.4,245.9,0.154,0.356,0.952,Moderate traffic flow - standard adaptive signal timing in effect
EVT437694,2025-06-20 21:09:54,Sports Fixture,J012,Koramangala Sony World,26704,Weekday,False,Clear,False,0.0,False,False,0.571,High,23.2,41.0,313.5,0.206,0.475,0.986,Moderate traffic flow - standard adaptive signal timing in effect
EVT437695,2026-04-20 16:56:29,Sports Fixture,J030,MG Road,31851,Weekday,False,Light Rain,True,3.0,False,False,0.964,Severe,10.8,71.0,482.8,0.209,0.483,0.9,Heavy rain reducing visibility and grip - reduced speed and longer buffer advised
EVT437696,2025-12-14 11:19:35,Concert,J031,Cubbon Road,15038,Weekend,False,Clear,False,0.0,False,False,0.495,Moderate,27.7,34.0,134.7,0.107,0.247,0.983,Moderate traffic flow - standard adaptive signal timing in effect
EVT437697,2025-08-14 07:08:16,Sports Fixture,J040,City Market,21466,Weekday,False,Rain,True,20.8,False,False,0.832,Severe,16.0,52.1,333.7,0.19,0.438,0.894,Heavy rain reducing visibility and grip - reduced speed and longer buffer advised
EVT437698,2025-03-22 17:55:05,Local Market Day,J030,MG Road,4220,Weekend,False,Clear,False,0.0,False,False,0.848,Severe,15.3,56.1,267.9,0.158,0.364,0.961,Heavy congestion detected - signal timing extended and reroute suggested
EVT437699,2025-06-06 06:05:41,Concert,J031,Cubbon Road,12955,Weekday,False,Clear,False,0.0,False,False,0.228,Low,33.7,15.2,157.8,0.141,0.327,0.985,Normal free-flow traffic - standard signal timing maintained
EVT437700,2025-12-02 13:55:00,Political Rally,J031,Cubbon Road,17776,Weekday,False,Clear,False,0.0,False,False,0.269,Low,42.2,18.3,101.4,0.117,0.271,0.976,Moderate traffic flow - standard adaptive signal timing in effect
EVT437701,2026-02-17 09:46:11,Sports Fixture,J031,Cubbon Road,27729,Weekday,False,Clear,False,0.0,False,False,1.0,Severe,7.9,70.8,425.6,0.138,0.32,0.922,Heavy congestion detected - signal timing extended and reroute suggested
EVT437702,2026-03-15 19:33:52,Local Market Day,J012,Koramangala Sony World,7421,Weekend,False,Clear,False,0.0,False,False,0.779,Severe,15.0,60.7,353.0,0.184,0.426,0.969,Heavy congestion detected - signal timing extended and reroute suggested
EVT437703,2025-02-17 17:20:50,Trade Fair,J011,Indiranagar 100ft Road,8331,Weekday,False,Clear,False,0.0,False,False,0.818,Severe,11.3,61.2,321.5,0.132,0.306,0.94,Heavy congestion detected - signal timing extended and reroute suggested
EVT437704,2025-08-19 15:00:55,Local Market Day,J009,Majestic,3417,Weekday,False,Clear,False,0.0,False,False,0.19,Low,32.4,15.6,133.1,0.12,0.278,0.97,Normal free-flow traffic - standard signal timing maintained
EVT437705,2026-02-21 16:28:13,Local Market Day,J020,Malleshwaram Circle,7166,Weekend,False,Clear,False,0.0,False,False,0.561,High,24.4,35.5,251.4,0.182,0.42,0.94,Moderate traffic flow - standard adaptive signal timing in effect
EVT437706,2025-03-27 20:00:20,Concert,J023,Basavanagudi,9100,Weekday,False,Clear,False,0.0,False,False,0.736,High,18.3,49.9,228.7,0.14,0.323,0.969,Moderate traffic flow - standard adaptive signal timing in effect
EVT437707,2025-10-13 17:21:42,Local Market Day,J031,Cubbon Road,6124,Weekday,False,Clear,False,0.0,False,False,0.856,Severe,14.4,63.4,382.4,0.193,0.446,0.962,Heavy congestion detected - signal timing extended and reroute suggested
EVT437708,2025-04-14 14:42:10,Religious Festival,J012,Koramangala Sony World,40970,Weekday,True,Rain,True,17.8,False,False,0.845,Severe,11.3,60.8,329.1,0.137,0.317,0.853,Festival crowd surge detected - alternate route and extended cycle recommended
EVT437709,2025-10-16 04:23:43,Local Market Day,J020,Malleshwaram Circle,6009,Weekday,False,Clear,False,0.0,False,False,0.195,Low,32.2,15.5,85.7,0.088,0.203,0.94,Normal free-flow traffic - standard signal timing maintained
EVT437710,2025-01-06 10:17:27,Local Market Day,J023,Basavanagudi,3796,Weekday,False,Clear,False,0.0,False,False,0.623,High,23.6,44.8,177.2,0.142,0.328,0.956,Moderate traffic flow - standard adaptive signal timing in effect
EVT437711,2026-04-22 08:58:08,Trade Fair,J009,Majestic,8136,Weekday,False,Clear,False,0.0,False,False,1.0,Severe,9.6,70.4,529.5,0.2,0.461,0.912,Heavy congestion detected - signal timing extended and reroute suggested
EVT437712,2025-05-07 06:09:00,Concert,J011,Indiranagar 100ft Road,6237,Weekday,False,Clear,False,0.0,False,False,0.242,Low,28.9,18.9,108.7,0.091,0.211,0.979,Normal free-flow traffic - standard signal timing maintained
EVT437713,2025-01-21 16:09:17,Political Rally,J012,Koramangala Sony World,15352,Weekday,False,Clear,False,0.0,False,False,0.505,Moderate,25.3,33.2,191.7,0.134,0.31,0.984,Moderate traffic flow - standard adaptive signal timing in effect
EVT437714,2025-09-20 14:14:21,Trade Fair,J040,City Market,13487,Weekend,False,Rain,True,11.5,False,False,0.4,Moderate,27.6,29.1,155.6,0.099,0.229,0.947,Light rain detected - minor speed reduction advised
EVT437715,2025-01-03 08:08:51,Local Market Day,J023,Basavanagudi,6135,Weekday,False,Clear,False,0.0,False,False,0.819,Severe,10.9,59.5,413.2,0.154,0.357,0.942,Heavy congestion detected - signal timing extended and reroute suggested
EVT437716,2025-02-06 15:57:27,Local Market Day,J020,Malleshwaram Circle,3671,Weekday,False,Light Rain,True,6.9,False,False,0.447,Moderate,27.8,33.6,210.1,0.157,0.363,0.898,Light rain detected - minor speed reduction advised
EVT437717,2025-05-17 16:40:52,Local Market Day,J023,Basavanagudi,4078,Weekend,False,Clear,False,0.0,False,False,0.607,High,19.1,50.9,413.8,0.246,0.569,0.953,Moderate traffic flow - standard adaptive signal timing in effect
EVT437718,2025-12-29 13:46:42,Sports Fixture,J040,City Market,23178,Weekday,False,Clear,False,0.0,False,False,0.283,Low,32.0,19.8,119.8,0.094,0.217,0.946,Moderate traffic flow - standard adaptive signal timing in effect
EVT437719,2025-09-07 18:52:51,Local Market Day,J023,Basavanagudi,3726,Weekend,False,Clear,False,0.0,False,False,0.84,Severe,14.4,64.4,273.0,0.156,0.36,0.953,Heavy congestion detected - signal timing extended and reroute suggested
EVT437720,2025-02-08 15:35:57,Local Market Day,J031,Cubbon Road,5983,Weekend,False,Clear,False,0.0,False,False,0.353,Moderate,23.1,27.6,277.9,0.205,0.473,0.927,Moderate traffic flow - standard adaptive signal timing in effect
EVT437721,2025-02-03 11:41:13,Concert,J031,Cubbon Road,13986,Weekday,False,Clear,False,0.0,False,False,0.319,Low,32.2,19.4,177.5,0.137,0.317,0.955,Moderate traffic flow - standard adaptive signal timing in effect
EVT437722,2025-10-16 07:28:58,Local Market Day,J011,Indiranagar 100ft Road,3962,Weekday,False,Rain,True,9.6,False,False,0.663,High,20.4,41.7,222.8,0.144,0.331,0.935,Heavy rain reducing visibility and grip - reduced speed and longer buffer advised
EVT437723,2025-07-01 01:37:16,Concert,J023,Basavanagudi,8618,Weekday,False,Clear,False,0.0,False,False,0.195,Low,33.2,12.1,69.1,0.056,0.129,0.99,Normal free-flow traffic - standard signal timing maintained
EVT437724,2025-01-18 21:31:00,Political Rally,J023,Basavanagudi,18514,Weekend,False,Clear,False,0.0,False,False,0.455,Moderate,26.7,31.6,209.0,0.155,0.359,0.978,Moderate traffic flow - standard adaptive signal timing in effect
EVT437725,2025-03-06 18:50:09,Trade Fair,J011,Indiranagar 100ft Road,6137,Weekday,False,Clear,False,0.0,False,False,1.0,Severe,7.9,71.8,209.9,0.074,0.17,0.886,Heavy congestion detected - signal timing extended and reroute suggested
EVT437726,2025-12-04 17:16:56,Political Rally,J031,Cubbon Road,9433,Weekday,False,Clear,False,0.0,False,False,0.814,Severe,14.7,63.2,308.6,0.15,0.347,0.967,Heavy congestion detected - signal timing extended and reroute suggested
EVT437727,2025-12-03 12:33:11,Sports Fixture,J009,Majestic,29977,Weekday,False,Clear,False,0.0,False,False,0.384,Moderate,25.0,28.0,240.3,0.167,0.386,0.954,Moderate traffic flow - standard adaptive signal timing in effect
EVT437728,2025-04-28 16:56:12,Local Market Day,J031,Cubbon Road,4335,Weekday,False,Clear,False,0.0,False,False,0.674,High,16.0,50.7,248.3,0.127,0.292,0.987,Moderate traffic flow - standard adaptive signal timing in effect
EVT437729,2025-10-16 09:14:57,Concert,J009,Majestic,21734,Weekday,False,Heavy Rain,True,31.0,False,False,1.0,Severe,7.7,72.6,589.1,0.212,0.49,0.869,Heavy rain reducing visibility and grip - reduced speed and longer buffer advised
EVT437730,2026-04-16 10:09:31,Local Market Day,J030,MG Road,3031,Weekday,False,Clear,False,0.0,False,False,0.782,Severe,14.5,55.9,440.4,0.243,0.56,0.97,Heavy congestion detected - signal timing extended and reroute suggested
EVT437731,2026-05-31 09:45:52,Trade Fair,J011,Indiranagar 100ft Road,11162,Weekend,False,Clear,False,0.0,False,False,0.789,Severe,16.2,46.3,238.2,0.125,0.29,0.936,Heavy congestion detected - signal timing extended and reroute suggested
EVT437732,2026-06-17 20:45:46,Trade Fair,J030,MG Road,7177,Weekday,False,Clear,False,0.0,False,False,0.524,Moderate,23.7,40.4,246.7,0.172,0.396,0.961,Moderate traffic flow - standard adaptive signal timing in effect
EVT437733,2025-12-24 11:26:18,Concert,J023,Basavanagudi,21506,Weekday,False,Clear,False,0.0,False,False,0.475,Moderate,21.4,34.1,343.4,0.239,0.551,0.964,Moderate traffic flow - standard adaptive signal timing in effect
EVT437734,2025-05-05 18:28:59,Concert,J030,MG Road,9533,Weekday,False,Heavy Rain,True,36.5,False,False,1.0,Severe,6.2,70.7,705.1,0.206,0.475,0.855,Heavy rain reducing visibility and grip - reduced speed and longer buffer advised
EVT437735,2025-01-03 06:30:04,Local Market Day,J031,Cubbon Road,5338,Weekday,False,Clear,False,0.0,False,False,0.398,Moderate,29.7,26.7,188.7,0.139,0.321,0.977,Moderate traffic flow - standard adaptive signal timing in effect
EVT437736,2025-01-26 08:54:26,Cultural Procession,J031,Cubbon Road,15221,Weekend,True,Clear,False,0.0,False,True,1.0,Severe,7.8,99.2,597.7,0.19,0.438,0.845,Road closure for event/procession - full detour recommended for through-traffic
EVT437737,2026-01-19 01:43:14,Trade Fair,J011,Indiranagar 100ft Road,10048,Weekday,False,Clear,False,0.0,False,False,0.265,Low,26.9,19.2,185.7,0.109,0.252,0.968,Moderate traffic flow - standard adaptive signal timing in effect
EVT437738,2025-05-16 19:43:49,Concert,J040,City Market,12105,Weekday,False,Clear,False,0.0,False,False,0.843,Severe,12.2,59.3,460.8,0.195,0.451,0.923,Heavy congestion detected - signal timing extended and reroute suggested
EVT437739,2025-09-09 14:34:17,Concert,J023,Basavanagudi,9483,Weekday,False,Light Rain,True,2.8,False,False,0.34,Low,29.6,25.8,222.5,0.17,0.392,0.925,Light rain detected - minor speed reduction advised
EVT437740,2026-02-03 07:48:35,Concert,J030,MG Road,13124,Weekday,False,Clear,False,0.0,False,False,0.771,Severe,14.1,55.4,549.2,0.273,0.63,0.942,Heavy congestion detected - signal timing extended and reroute suggested
EVT437741,2026-04-10 08:05:34,Concert,J030,MG Road,11142,Weekday,False,Clear,False,0.0,False,False,0.903,Severe,10.5,68.2,591.9,0.247,0.571,0.924,Heavy congestion detected - signal timing extended and reroute suggested
EVT437742,2025-08-02 20:31:19,Political Rally,J040,City Market,8462,Weekend,False,Rain,True,18.0,False,False,0.731,High,19.2,58.6,259.8,0.151,0.349,0.93,Heavy rain reducing visibility and grip - reduced speed and longer buffer advised
EVT437743,2025-02-17 16:18:20,Local Market Day,J040,City Market,4140,Weekday,False,Clear,False,0.0,False,False,0.51,Moderate,27.3,32.9,197.5,0.144,0.333,0.96,Moderate traffic flow - standard adaptive signal timing in effect
EVT437744,2025-08-15 14:01:15,Cultural Procession,J009,Majestic,23993,Weekday,True,Clear,False,0.0,False,True,0.72,High,17.8,70.2,187.0,0.129,0.297,0.849,Road closure for event/procession - full detour recommended for through-traffic
EVT437745,2025-06-28 11:23:26,Local Market Day,J030,MG Road,3719,Weekend,False,Clear,False,0.0,False,False,0.368,Moderate,31.1,25.7,114.9,0.085,0.195,0.943,Moderate traffic flow - standard adaptive signal timing in effect
EVT437746,2025-02-11 08:37:36,Trade Fair,J030,MG Road,18279,Weekday,False,Clear,False,0.0,False,False,1.0,Severe,8.1,73.6,550.2,0.176,0.408,0.892,Heavy congestion detected - signal timing extended and reroute suggested
EVT437747,2025-12-05 15:01:09,Local Market Day,J009,Majestic,4442,Weekday,False,Clear,False,0.0,False,False,0.253,Low,28.5,22.1,96.2,0.067,0.154,0.968,Moderate traffic flow - standard adaptive signal timing in effect
EVT437748,2025-07-16 09:48:40,Local Market Day,J031,Cubbon Road,3927,Weekday,False,Clear,False,0.0,False,False,0.862,Severe,11.1,60.6,336.3,0.153,0.354,0.958,Heavy congestion detected - signal timing extended and reroute suggested
EVT437749,2025-09-13 16:20:01,Trade Fair,J031,Cubbon Road,6685,Weekend,False,Heavy Rain,True,56.3,False,False,0.845,Severe,13.1,60.2,377.4,0.176,0.406,0.872,Heavy rain reducing visibility and grip - reduced speed and longer buffer advised
EVT437750,2025-10-21 10:40:36,Fireworks Display,J011,Indiranagar 100ft Road,14868,Weekday,True,Heavy Rain,True,31.0,False,False,1.0,Severe,10.2,70.7,405.9,0.176,0.405,0.824,Festival crowd surge detected - alternate route and extended cycle recommended
EVT437751,2025-11-30 08:07:28,Concert,J012,Koramangala Sony World,11024,Weekend,False,Clear,False,0.0,False,False,0.788,Severe,12.6,64.5,306.9,0.151,0.349,0.937,Heavy congestion detected - signal timing extended and reroute suggested
EVT437752,2025-08-15 04:11:17,Religious Festival,J020,Malleshwaram Circle,46383,Weekday,True,Clear,False,0.0,False,False,0.688,High,16.3,52.6,402.2,0.211,0.488,0.923,Festival crowd surge detected - alternate route and extended cycle recommended
EVT437753,2026-02-14 17:58:42,Concert,J031,Cubbon Road,6353,Weekend,False,Clear,False,0.0,False,False,0.712,High,18.2,49.5,347.0,0.23,0.53,0.97,Moderate traffic flow - standard adaptive signal timing in effect
EVT437754,2025-04-04 08:23:51,Local Market Day,J012,Koramangala Sony World,5143,Weekday,False,Clear,False,0.0,False,False,0.951,Severe,9.5,66.3,645.8,0.244,0.564,0.92,Heavy congestion detected - signal timing extended and reroute suggested
EVT437755,2026-02-20 13:31:05,Concert,J012,Koramangala Sony World,10998,Weekday,False,Clear,False,0.0,False,False,0.226,Low,19.2,20.4,192.4,0.106,0.244,0.944,Normal free-flow traffic - standard signal timing maintained
EVT437756,2025-07-09 15:44:09,Political Rally,J030,MG Road,20412,Weekday,False,Heavy Rain,True,29.8,False,False,0.713,High,17.1,43.4,349.6,0.211,0.487,0.901,Heavy rain reducing visibility and grip - reduced speed and longer buffer advised
EVT437757,2025-06-10 15:39:13,Local Market Day,J023,Basavanagudi,5434,Weekday,False,Heavy Rain,True,25.0,False,False,0.611,High,19.2,43.3,210.9,0.121,0.28,0.872,Heavy rain reducing visibility and grip - reduced speed and longer buffer advised
EVT437758,2025-12-22 07:12:07,Political Rally,J040,City Market,11401,Weekday,False,Clear,False,0.0,False,False,0.617,High,17.1,44.3,339.0,0.2,0.462,0.964,Moderate traffic flow - standard adaptive signal timing in effect
EVT437759,2025-01-15 08:01:04,Cultural Procession,J011,Indiranagar 100ft Road,16782,Weekday,True,Clear,False,0.0,False,False,1.0,Severe,7.8,76.4,796.0,0.229,0.528,0.87,Festival crowd surge detected - alternate route and extended cycle recommended
EVT437760,2025-09-16 18:35:10,Sports Fixture,J011,Indiranagar 100ft Road,27459,Weekday,False,Rain,True,8.6,False,False,1.0,Severe,8.5,69.8,663.8,0.233,0.539,0.843,Heavy rain reducing visibility and grip - reduced speed and longer buffer advised
EVT437761,2025-11-26 22:08:34,Local Market Day,J030,MG Road,5400,Weekday,False,Clear,False,0.0,False,False,0.141,Low,37.0,7.7,39.7,0.028,0.065,0.984,Normal free-flow traffic - standard signal timing maintained
EVT437762,2025-02-04 06:46:13,Local Market Day,J030,MG Road,4242,Weekday,False,Clear,False,0.0,False,False,0.317,Low,30.0,22.1,150.6,0.12,0.277,0.947,Moderate traffic flow - standard adaptive signal timing in effect
EVT437763,2025-06-10 06:37:27,Trade Fair,J009,Majestic,6230,Weekday,False,Clear,False,0.0,False,False,0.381,Moderate,27.5,32.3,217.6,0.188,0.435,0.953,Moderate traffic flow - standard adaptive signal timing in effect
EVT437764,2025-05-21 09:43:34,Local Market Day,J011,Indiranagar 100ft Road,4356,Weekday,False,Rain,True,13.8,False,False,1.0,Severe,7.1,69.9,876.6,0.274,0.633,0.854,Heavy rain reducing visibility and grip - reduced speed and longer buffer advised
EVT437765,2025-03-26 18:34:36,Sports Fixture,J012,Koramangala Sony World,19952,Weekday,False,Clear,False,0.0,False,False,1.0,Severe,8.9,68.5,435.5,0.173,0.401,0.917,Heavy congestion detected - signal timing extended and reroute suggested
EVT437766,2025-05-20 14:18:17,Sports Fixture,J040,City Market,35435,Weekday,False,Clear,False,0.0,False,False,0.406,Moderate,23.6,35.0,256.6,0.179,0.414,0.977,Moderate traffic flow - standard adaptive signal timing in effect
EVT437767,2026-05-02 18:08:18,Religious Festival,J040,City Market,44069,Weekend,True,Clear,False,0.0,False,False,1.0,Severe,8.4,67.5,452.5,0.158,0.364,0.883,Festival crowd surge detected - alternate route and extended cycle recommended
EVT437768,2025-01-26 10:56:53,Cultural Procession,J011,Indiranagar 100ft Road,33032,Weekend,True,Clear,False,0.0,False,True,0.951,Severe,11.7,91.3,450.7,0.211,0.488,0.819,Road closure for event/procession - full detour recommended for through-traffic
EVT437769,2025-04-21 12:53:52,Trade Fair,J030,MG Road,11441,Weekday,False,Clear,False,0.0,False,False,0.151,Low,32.6,16.2,157.2,0.15,0.346,0.956,Normal free-flow traffic - standard signal timing maintained
EVT437770,2025-02-15 14:51:11,Sports Fixture,J011,Indiranagar 100ft Road,22158,Weekend,False,Clear,False,0.0,False,False,0.436,Moderate,24.4,30.8,91.7,0.065,0.15,0.966,Moderate traffic flow - standard adaptive signal timing in effect
EVT437771,2026-05-24 15:12:49,Local Market Day,J020,Malleshwaram Circle,2842,Weekend,False,Rain,True,19.7,False,False,0.536,Moderate,26.5,45.7,299.1,0.217,0.5,0.906,Light rain detected - minor speed reduction advised
EVT437772,2026-01-15 18:38:58,Cultural Procession,J012,Koramangala Sony World,18454,Weekday,True,Clear,False,0.0,False,True,1.0,Severe,7.6,100.0,662.3,0.197,0.454,0.831,Road closure for event/procession - full detour recommended for through-traffic
EVT437773,2025-03-31 11:47:25,Cultural Procession,J040,City Market,16105,Weekday,True,Clear,False,0.0,False,True,0.659,Moderate,18.8,64.7,244.9,0.152,0.351,0.867,Road closure for event/procession - full detour recommended for through-traffic
EVT437774,2026-01-05 15:13:12,Concert,J023,Basavanagudi,10322,Weekday,False,Clear,False,0.0,False,False,0.323,Low,27.6,24.2,213.4,0.17,0.392,0.961,Moderate traffic flow - standard adaptive signal timing in effect
EVT437775,2025-09-11 17:50:31,Trade Fair,J020,Malleshwaram Circle,12015,Weekday,False,Clear,False,0.0,False,False,1.0,Severe,8.9,72.5,628.2,0.23,0.53,0.908,Heavy congestion detected - signal timing extended and reroute suggested
EVT437776,2026-03-01 07:52:34,Concert,J023,Basavanagudi,21967,Weekend,False,Clear,False,0.0,False,False,0.826,Severe,13.6,59.4,139.7,0.061,0.14,0.96,Heavy congestion detected - signal timing extended and reroute suggested
EVT437777,2025-02-08 08:51:18,Local Market Day,J009,Majestic,5047,Weekend,False,Clear,False,0.0,False,False,0.847,Severe,13.2,61.3,454.6,0.211,0.486,0.938,Heavy congestion detected - signal timing extended and reroute suggested
EVT437778,2025-04-30 12:38:32,Local Market Day,J012,Koramangala Sony World,4518,Weekday,False,Clear,False,0.0,False,False,0.135,Low,38.3,6.8,50.9,0.037,0.084,0.977,Normal free-flow traffic - standard signal timing maintained
EVT437779,2025-04-13 15:33:22,Trade Fair,J011,Indiranagar 100ft Road,4614,Weekend,False,Clear,False,0.0,False,False,0.36,Moderate,29.0,29.5,166.5,0.156,0.36,0.952,Moderate traffic flow - standard adaptive signal timing in effect
EVT437780,2026-02-21 17:38:13,Trade Fair,J009,Majestic,7177,Weekend,False,Clear,False,0.0,False,False,0.813,Severe,14.7,61.8,252.8,0.132,0.305,0.938,Heavy congestion detected - signal timing extended and reroute suggested
EVT437781,2026-05-18 08:39:49,Local Market Day,J030,MG Road,1981,Weekday,False,Fog,False,0.0,False,False,0.968,Severe,8.9,69.9,367.3,0.117,0.271,0.947,Heavy congestion detected - signal timing extended and reroute suggested
EVT437782,2025-10-28 17:54:47,Sports Fixture,J023,Basavanagudi,20475,Weekday,False,Clear,False,0.0,False,False,1.0,Severe,8.9,76.4,506.8,0.188,0.434,0.905,Heavy congestion detected - signal timing extended and reroute suggested
EVT437783,2025-06-02 09:28:51,Local Market Day,J011,Indiranagar 100ft Road,3707,Weekday,False,Clear,False,0.0,False,False,0.939,Severe,9.8,70.6,646.1,0.245,0.565,0.932,Heavy congestion detected - signal timing extended and reroute suggested
EVT437784,2025-03-01 09:47:14,Sports Fixture,J030,MG Road,17149,Weekend,False,Clear,False,0.0,False,False,0.854,Severe,12.0,59.0,674.9,0.296,0.683,0.93,Heavy congestion detected - signal timing extended and reroute suggested
EVT437785,2025-08-01 11:13:11,Concert,J040,City Market,22432,Weekday,False,Clear,False,0.0,False,False,0.413,Moderate,28.2,27.9,172.1,0.123,0.284,0.946,Moderate traffic flow - standard adaptive signal timing in effect
EVT437786,2025-10-10 18:59:06,Local Market Day,J011,Indiranagar 100ft Road,6042,Weekday,False,Heavy Rain,True,28.0,False,False,1.0,Severe,8.8,65.4,268.1,0.108,0.249,0.881,Heavy rain reducing visibility and grip - reduced speed and longer buffer advised
EVT437787,2025-07-29 15:03:55,Trade Fair,J030,MG Road,10415,Weekday,False,Heavy Rain,True,49.2,False,False,0.692,High,20.8,48.8,325.6,0.19,0.44,0.902,Heavy rain reducing visibility and grip - reduced speed and longer buffer advised
EVT437788,2025-08-12 10:25:07,Political Rally,J031,Cubbon Road,12596,Weekday,False,Rain,True,8.9,False,False,0.907,Severe,9.5,62.0,360.7,0.118,0.273,0.86,Heavy rain reducing visibility and grip - reduced speed and longer buffer advised
EVT437789,2025-07-07 18:09:49,Local Market Day,J009,Majestic,4355,Weekday,False,Heavy Rain,True,49.5,False,False,1.0,Severe,6.6,77.9,892.5,0.258,0.595,0.886,Heavy rain reducing visibility and grip - reduced speed and longer buffer advised
EVT437790,2025-04-07 09:47:36,Religious Festival,J011,Indiranagar 100ft Road,41556,Weekday,True,Fog,False,0.0,False,True,1.0,Severe,8.8,101.7,709.3,0.237,0.547,0.817,Road closure for event/procession - full detour recommended for through-traffic
EVT437791,2025-09-26 20:01:32,Local Market Day,J040,City Market,5741,Weekday,False,Clear,False,0.0,False,False,0.748,High,14.3,53.8,129.0,0.067,0.155,0.946,Moderate traffic flow - standard adaptive signal timing in effect
EVT437792,2025-07-16 12:18:14,Concert,J011,Indiranagar 100ft Road,6855,Weekday,False,Clear,False,0.0,False,False,0.225,Low,31.4,14.7,83.8,0.051,0.119,0.984,Normal free-flow traffic - standard signal timing maintained
EVT437793,2025-10-25 16:08:15,Sports Fixture,J009,Majestic,30498,Weekend,False,Clear,False,0.0,False,False,0.607,High,16.2,44.8,188.9,0.105,0.242,0.99,Moderate traffic flow - standard adaptive signal timing in effect
EVT437794,2025-01-09 09:31:07,Local Market Day,J012,Koramangala Sony World,3651,Weekday,False,Fog,False,0.0,False,False,0.924,Severe,11.4,71.8,392.6,0.187,0.433,0.909,Heavy congestion detected - signal timing extended and reroute suggested
EVT437795,2026-04-07 10:04:33,Trade Fair,J020,Malleshwaram Circle,13518,Weekday,False,Clear,False,0.0,False,False,0.889,Severe,14.3,64.3,499.6,0.258,0.595,0.916,Heavy congestion detected - signal timing extended and reroute suggested
EVT437796,2025-02-09 21:16:56,Political Rally,J030,MG Road,10126,Weekend,False,Clear,False,0.0,False,False,0.471,Moderate,25.3,38.2,187.1,0.141,0.326,0.98,Moderate traffic flow - standard adaptive signal timing in effect
EVT437797,2026-05-14 12:12:06,Political Rally,J020,Malleshwaram Circle,20376,Weekday,False,Clear,False,0.0,False,False,0.398,Moderate,29.5,23.7,173.9,0.131,0.302,0.988,Moderate traffic flow - standard adaptive signal timing in effect
EVT437798,2025-06-12 10:45:36,Sports Fixture,J030,MG Road,31557,Weekday,False,Heavy Rain,True,36.9,False,False,0.981,Severe,8.6,74.1,729.4,0.253,0.583,0.865,Heavy rain reducing visibility and grip - reduced speed and longer buffer advised
EVT437799,2025-11-13 16:32:14,Local Market Day,J023,Basavanagudi,6893,Weekday,False,Light Rain,True,5.1,False,False,0.669,High,16.1,50.5,258.7,0.128,0.296,0.921,Heavy rain reducing visibility and grip - reduced speed and longer buffer advised
EVT437800,2026-04-07 21:29:58,Local Market Day,J031,Cubbon Road,4254,Weekday,False,Clear,False,0.0,False,False,0.297,Low,34.2,17.1,87.5,0.066,0.152,0.97,Moderate traffic flow - standard adaptive signal timing in effect
EVT437801,2025-01-16 13:25:57,Local Market Day,J023,Basavanagudi,2765,Weekday,False,Clear,False,0.0,False,False,0.194,Low,33.9,14.8,70.8,0.049,0.114,0.963,Normal free-flow traffic - standard signal timing maintained
EVT437802,2025-05-06 20:36:20,Sports Fixture,J009,Majestic,13219,Weekday,False,Clear,False,0.0,False,False,0.587,High,22.3,35.4,230.6,0.162,0.374,0.95,Moderate traffic flow - standard adaptive signal timing in effect
EVT437803,2025-09-30 18:58:01,Sports Fixture,J023,Basavanagudi,24910,Weekday,False,Clear,False,0.0,False,False,1.0,Severe,7.1,73.9,788.4,0.23,0.532,0.911,Heavy congestion detected - signal timing extended and reroute suggested
EVT437804,2025-05-24 17:05:43,Local Market Day,J040,City Market,5254,Weekend,False,Clear,False,0.0,False,False,0.619,High,22.2,42.9,159.2,0.114,0.263,0.967,Moderate traffic flow - standard adaptive signal timing in effect
EVT437805,2026-03-27 14:24:18,Religious Festival,J009,Majestic,68941,Weekday,True,Clear,False,0.0,False,False,0.784,Severe,15.0,64.1,397.0,0.203,0.469,0.912,Festival crowd surge detected - alternate route and extended cycle recommended
EVT437806,2025-05-06 08:51:12,Sports Fixture,J023,Basavanagudi,28714,Weekday,False,Clear,False,0.0,False,False,1.0,Severe,7.1,66.1,488.7,0.155,0.358,0.927,Heavy congestion detected - signal timing extended and reroute suggested
EVT437807,2026-05-23 19:53:51,Sports Fixture,J012,Koramangala Sony World,42376,Weekend,False,Light Rain,True,5.2,False,False,0.988,Severe,8.3,73.4,814.6,0.3,0.692,0.868,Heavy rain reducing visibility and grip - reduced speed and longer buffer advised
EVT437808,2025-07-10 09:15:06,Concert,J020,Malleshwaram Circle,24950,Weekday,False,Clear,False,0.0,False,False,1.0,Severe,10.0,78.0,559.1,0.208,0.48,0.903,Heavy congestion detected - signal timing extended and reroute suggested
EVT437809,2025-01-28 14:06:23,Local Market Day,J009,Majestic,2199,Weekday,False,Clear,False,0.0,False,False,0.111,Low,34.2,11.4,198.4,0.189,0.436,0.976,Normal free-flow traffic - standard signal timing maintained
EVT437810,2025-01-10 08:05:01,Sports Fixture,J030,MG Road,27775,Weekday,False,Clear,False,0.0,False,False,0.976,Severe,10.2,76.0,471.6,0.214,0.495,0.911,Heavy congestion detected - signal timing extended and reroute suggested
EVT437811,2026-05-15 22:08:38,Political Rally,J012,Koramangala Sony World,15919,Weekday,False,Clear,False,0.0,False,False,0.303,Low,29.9,16.9,129.1,0.115,0.265,0.977,Moderate traffic flow - standard adaptive signal timing in effect
EVT437812,2026-02-06 08:27:17,Sports Fixture,J040,City Market,40391,Weekday,False,Clear,False,0.0,False,False,1.0,Severe,7.1,72.4,522.3,0.145,0.335,0.891,Heavy congestion detected - signal timing extended and reroute suggested
EVT437813,2025-03-07 23:48:45,Sports Fixture,J009,Majestic,33409,Weekday,False,Clear,False,0.0,False,False,0.389,Moderate,24.3,33.0,172.1,0.109,0.253,0.978,Moderate traffic flow - standard adaptive signal timing in effect
EVT437814,2026-03-21 18:36:11,Trade Fair,J023,Basavanagudi,7512,Weekend,False,Clear,False,0.0,False,False,0.841,Severe,12.2,57.3,387.0,0.173,0.399,0.932,Heavy congestion detected - signal timing extended and reroute suggested
EVT437815,2026-04-08 19:48:06,Sports Fixture,J012,Koramangala Sony World,12884,Weekday,False,Clear,False,0.0,False,False,0.861,Severe,10.9,65.4,646.5,0.276,0.639,0.931,Heavy congestion detected - signal timing extended and reroute suggested
EVT437816,2026-01-07 18:13:34,Concert,J020,Malleshwaram Circle,18709,Weekday,False,Clear,False,0.0,False,False,1.0,Severe,7.8,70.7,503.6,0.159,0.367,0.926,Heavy congestion detected - signal timing extended and reroute suggested
EVT437817,2025-02-04 07:08:37,Concert,J031,Cubbon Road,16839,Weekday,False,Clear,False,0.0,False,False,0.609,High,21.0,41.3,268.8,0.163,0.377,0.953,Moderate traffic flow - standard adaptive signal timing in effect
EVT437818,2025-10-28 18:24:41,Concert,J011,Indiranagar 100ft Road,7038,Weekday,False,Clear,False,0.0,False,False,1.0,Severe,6.9,69.4,652.7,0.178,0.412,0.906,Heavy congestion detected - signal timing extended and reroute suggested
EVT437819,2025-11-27 17:33:19,Trade Fair,J009,Majestic,11008,Weekday,False,Clear,False,0.0,False,False,0.997,Severe,6.8,70.0,705.7,0.225,0.521,0.934,Heavy congestion detected - signal timing extended and reroute suggested
EVT437820,2025-01-14 10:29:07,Cultural Procession,J020,Malleshwaram Circle,19169,Weekday,True,Clear,False,0.0,False,True,1.0,Severe,7.1,107.6,628.5,0.218,0.503,0.841,Road closure for event/procession - full detour recommended for through-traffic
EVT437821,2026-04-15 08:15:05,Fireworks Display,J009,Majestic,23252,Weekday,True,Clear,False,0.0,False,False,1.0,Severe,8.0,71.0,413.0,0.156,0.36,0.875,Festival crowd surge detected - alternate route and extended cycle recommended
EVT437822,2025-12-24 19:37:15,Concert,J020,Malleshwaram Circle,9692,Weekday,False,Clear,False,0.0,False,False,0.83,Severe,13.0,57.5,232.8,0.122,0.282,0.957,Heavy congestion detected - signal timing extended and reroute suggested
EVT437823,2025-04-17 23:45:13,Sports Fixture,J030,MG Road,32907,Weekday,False,Clear,False,0.0,False,False,0.39,Moderate,24.2,28.9,220.8,0.169,0.39,0.984,Moderate traffic flow - standard adaptive signal timing in effect
EVT437824,2026-02-23 19:28:36,Trade Fair,J009,Majestic,5932,Weekday,False,Clear,False,0.0,False,False,0.851,Severe,10.1,63.3,501.6,0.18,0.417,0.933,Heavy congestion detected - signal timing extended and reroute suggested
EVT437825,2025-08-05 20:28:59,Local Market Day,J020,Malleshwaram Circle,2446,Weekday,False,Clear,False,0.0,False,False,0.598,High,23.7,44.3,169.8,0.118,0.274,0.958,Moderate traffic flow - standard adaptive signal timing in effect
EVT437826,2025-10-18 07:33:47,Political Rally,J009,Majestic,11341,Weekend,False,Rain,True,19.4,False,False,0.769,Severe,16.6,57.5,194.2,0.134,0.31,0.916,Heavy rain reducing visibility and grip - reduced speed and longer buffer advised
EVT437827,2025-04-09 17:09:32,Concert,J040,City Market,5718,Weekday,False,Clear,False,0.0,False,False,0.711,High,15.6,52.4,200.2,0.113,0.261,0.955,Moderate traffic flow - standard adaptive signal timing in effect
EVT437828,2026-05-26 21:18:10,Concert,J023,Basavanagudi,11697,Weekday,False,Clear,False,0.0,False,False,0.434,Moderate,23.5,29.4,196.5,0.119,0.276,0.974,Moderate traffic flow - standard adaptive signal timing in effect
EVT437829,2025-01-17 11:08:27,Local Market Day,J011,Indiranagar 100ft Road,4147,Weekday,False,Clear,False,0.0,False,False,0.385,Moderate,29.5,35.9,260.2,0.208,0.48,0.963,Moderate traffic flow - standard adaptive signal timing in effect
EVT437830,2026-06-05 12:19:28,Concert,J020,Malleshwaram Circle,6612,Weekday,False,Clear,False,0.0,False,False,0.252,Low,26.9,14.6,109.5,0.08,0.186,0.943,Moderate traffic flow - standard adaptive signal timing in effect
EVT437831,2026-02-06 10:36:07,Trade Fair,J020,Malleshwaram Circle,9373,Weekday,False,Clear,False,0.0,False,False,0.556,High,22.2,38.9,276.9,0.209,0.484,0.978,Moderate traffic flow - standard adaptive signal timing in effect
EVT437832,2025-03-28 06:56:33,Local Market Day,J009,Majestic,4690,Weekday,False,Clear,False,0.0,False,False,0.508,Moderate,25.9,30.5,194.3,0.161,0.371,0.957,Moderate traffic flow - standard adaptive signal timing in effect
EVT437833,2025-02-25 22:34:26,Local Market Day,J030,MG Road,2103,Weekday,False,Clear,False,0.0,False,False,0.209,Low,41.4,10.6,38.9,0.031,0.072,0.941,Normal free-flow traffic - standard signal timing maintained
EVT437834,2025-12-31 17:18:04,Trade Fair,J009,Majestic,8622,Weekday,False,Clear,False,0.0,False,False,0.829,Severe,12.5,60.4,196.3,0.095,0.22,0.956,Heavy congestion detected - signal timing extended and reroute suggested
EVT437835,2026-04-13 19:43:23,Trade Fair,J031,Cubbon Road,4997,Weekday,False,Clear,False,0.0,False,False,0.834,Severe,16.7,57.8,149.9,0.084,0.194,0.937,Heavy congestion detected - signal timing extended and reroute suggested
EVT437836,2025-07-08 09:47:44,Concert,J040,City Market,15487,Weekday,False,Heavy Rain,True,30.7,False,False,1.0,Severe,6.6,76.4,992.9,0.26,0.6,0.872,Heavy rain reducing visibility and grip - reduced speed and longer buffer advised
EVT437837,2025-01-15 08:22:36,Religious Festival,J030,MG Road,48542,Weekday,True,Clear,False,0.0,False,True,1.0,Severe,8.6,99.3,618.0,0.219,0.507,0.845,Road closure for event/procession - full detour recommended for through-traffic
EVT437838,2026-06-20 19:18:05,Local Market Day,J009,Majestic,5491,Weekend,False,Heavy Rain,True,26.4,False,False,1.0,Severe,8.8,71.7,643.1,0.226,0.521,0.861,Heavy rain reducing visibility and grip - reduced speed and longer buffer advised
EVT437839,2026-02-10 18:41:55,Concert,J011,Indiranagar 100ft Road,9885,Weekday,False,Light Rain,True,1.0,False,False,0.992,Severe,9.7,74.9,430.1,0.154,0.355,0.873,Heavy rain reducing visibility and grip - reduced speed and longer buffer advised
EVT437840,2025-08-14 09:12:44,Trade Fair,J030,MG Road,8525,Weekday,False,Clear,False,0.0,False,False,1.0,Severe,8.3,72.8,365.7,0.145,0.336,0.917,Heavy congestion detected - signal timing extended and reroute suggested
EVT437841,2026-04-10 18:15:35,Sports Fixture,J012,Koramangala Sony World,19169,Weekday,False,Clear,False,0.0,False,False,1.0,Severe,10.4,75.0,477.7,0.215,0.496,0.922,Heavy congestion detected - signal timing extended and reroute suggested
EVT437842,2025-08-30 16:35:01,Local Market Day,J031,Cubbon Road,3015,Weekend,False,Light Rain,True,5.0,False,False,0.585,High,23.3,41.3,145.9,0.094,0.217,0.885,Heavy rain reducing visibility and grip - reduced speed and longer buffer advised
EVT437843,2026-01-02 21:50:45,Cultural Procession,J040,City Market,20597,Weekday,True,Clear,False,0.0,False,True,0.716,High,19.4,73.9,305.6,0.194,0.448,0.89,Road closure for event/procession - full detour recommended for through-traffic
EVT437844,2025-01-19 16:00:26,Local Market Day,J009,Majestic,4722,Weekend,False,Clear,False,0.0,False,False,0.39,Moderate,22.0,28.7,184.7,0.113,0.261,0.968,Moderate traffic flow - standard adaptive signal timing in effect
EVT437845,2026-01-23 13:49:05,Local Market Day,J040,City Market,3727,Weekday,False,Clear,False,0.0,False,False,0.263,Low,30.1,17.9,128.3,0.1,0.232,0.972,Moderate traffic flow - standard adaptive signal timing in effect
EVT437846,2025-09-20 15:08:56,Concert,J009,Majestic,15056,Weekend,False,Clear,False,0.0,False,False,0.381,Moderate,28.3,27.1,148.9,0.108,0.249,0.943,Moderate traffic flow - standard adaptive signal timing in effect
EVT437847,2025-03-30 12:51:09,Religious Festival,J009,Majestic,72243,Weekend,True,Clear,False,0.0,False,True,1.0,Severe,8.9,105.1,468.6,0.178,0.411,0.854,Road closure for event/procession - full detour recommended for through-traffic
EVT437848,2026-04-18 05:29:28,Sports Fixture,J031,Cubbon Road,22146,Weekend,False,Clear,False,0.0,False,False,0.334,Low,31.3,31.3,257.1,0.205,0.473,0.964,Moderate traffic flow - standard adaptive signal timing in effect
EVT437849,2025-10-20 20:10:00,Fireworks Display,J012,Koramangala Sony World,29997,Weekday,True,Clear,False,0.0,False,False,1.0,Severe,9.0,68.0,516.9,0.185,0.427,0.852,Festival crowd surge detected - alternate route and extended cycle recommended
EVT437850,2025-09-14 07:00:03,Trade Fair,J040,City Market,9033,Weekend,False,Heavy Rain,True,25.6,False,False,0.752,Severe,15.7,62.7,410.7,0.211,0.487,0.909,Heavy rain reducing visibility and grip - reduced speed and longer buffer advised
EVT437851,2025-02-09 16:54:03,Local Market Day,J030,MG Road,3515,Weekend,False,Clear,False,0.0,False,False,0.608,High,22.7,41.1,188.4,0.122,0.283,0.944,Moderate traffic flow - standard adaptive signal timing in effect
EVT437852,2025-02-12 17:41:15,Sports Fixture,J023,Basavanagudi,12178,Weekday,False,Clear,False,0.0,False,False,0.913,Severe,11.7,66.9,341.9,0.143,0.331,0.933,Heavy congestion detected - signal timing extended and reroute suggested
EVT437853,2025-02-17 18:11:10,Trade Fair,J020,Malleshwaram Circle,8004,Weekday,False,Clear,False,0.0,False,False,1.0,Severe,8.8,75.4,750.3,0.254,0.587,0.906,Heavy congestion detected - signal timing extended and reroute suggested
EVT437854,2026-01-12 12:04:43,Trade Fair,J009,Majestic,10433,Weekday,False,Clear,False,0.0,False,False,0.282,Low,30.4,11.4,162.6,0.104,0.241,0.961,Moderate traffic flow - standard adaptive signal timing in effect
EVT437855,2025-04-15 09:19:04,Fireworks Display,J023,Basavanagudi,31428,Weekday,True,Heavy Rain,True,33.6,False,False,1.0,Severe,8.4,70.4,565.6,0.199,0.459,0.817,Festival crowd surge detected - alternate route and extended cycle recommended
EVT437856,2026-05-16 21:08:14,Local Market Day,J020,Malleshwaram Circle,2312,Weekend,False,Clear,False,0.0,False,False,0.419,Moderate,29.0,34.4,174.6,0.135,0.311,0.961,Moderate traffic flow - standard adaptive signal timing in effect
EVT437857,2025-08-06 18:15:25,Concert,J030,MG Road,11527,Weekday,False,Clear,False,0.0,False,False,1.0,Severe,6.4,67.9,460.5,0.134,0.31,0.934,Heavy congestion detected - signal timing extended and reroute suggested
EVT437858,2025-01-28 16:16:38,Political Rally,J011,Indiranagar 100ft Road,7834,Weekday,False,Fog,False,0.0,False,False,0.515,Moderate,26.6,43.2,132.4,0.084,0.194,0.989,Moderate traffic flow - standard adaptive signal timing in effect
EVT437859,2025-07-15 14:46:33,Local Market Day,J040,City Market,4087,Weekday,False,Heavy Rain,True,39.2,False,False,0.6,High,17.4,47.6,248.5,0.133,0.307,0.911,Heavy rain reducing visibility and grip - reduced speed and longer buffer advised
EVT437860,2025-05-19 01:34:41,Sports Fixture,J040,City Market,22180,Weekday,False,Clear,False,0.0,False,False,0.335,Low,28.8,23.6,93.3,0.084,0.194,0.943,Moderate traffic flow - standard adaptive signal timing in effect
EVT437861,2026-06-17 19:09:04,Sports Fixture,J040,City Market,33639,Weekday,False,Clear,False,0.0,False,False,1.0,Severe,8.5,62.9,491.4,0.183,0.424,0.943,Heavy congestion detected - signal timing extended and reroute suggested
EVT437862,2026-02-01 06:29:31,Trade Fair,J012,Koramangala Sony World,12761,Weekend,False,Clear,False,0.0,False,False,0.433,Moderate,26.1,29.5,170.0,0.129,0.297,0.978,Moderate traffic flow - standard adaptive signal timing in effect
EVT437863,2025-08-17 08:20:06,Trade Fair,J023,Basavanagudi,6381,Weekend,False,Clear,False,0.0,False,False,0.8,Severe,18.2,49.0,308.5,0.206,0.476,0.968,Heavy congestion detected - signal timing extended and reroute suggested
EVT437864,2025-08-27 22:14:00,Cultural Procession,J020,Malleshwaram Circle,16111,Weekday,True,Clear,False,0.0,False,True,0.628,Moderate,28.5,66.8,201.6,0.161,0.372,0.887,Road closure for event/procession - full detour recommended for through-traffic
EVT437865,2025-11-13 08:40:09,Local Market Day,J011,Indiranagar 100ft Road,2775,Weekday,False,Clear,False,0.0,False,False,0.987,Severe,9.6,75.9,190.8,0.103,0.238,0.935,Heavy congestion detected - signal timing extended and reroute suggested
EVT437866,2026-03-24 05:23:03,Local Market Day,J012,Koramangala Sony World,1680,Weekday,False,Clear,False,0.0,False,False,0.182,Low,34.1,7.9,146.2,0.114,0.264,0.959,Normal free-flow traffic - standard signal timing maintained
EVT437867,2025-01-26 12:10:35,Religious Festival,J023,Basavanagudi,40448,Weekend,True,Clear,False,0.0,False,False,0.718,High,16.0,51.6,455.4,0.256,0.592,0.909,Festival crowd surge detected - alternate route and extended cycle recommended
EVT437868,2026-04-28 07:17:45,Trade Fair,J023,Basavanagudi,5274,Weekday,False,Clear,False,0.0,False,False,0.455,Moderate,23.5,31.8,276.4,0.194,0.448,0.971,Moderate traffic flow - standard adaptive signal timing in effect
EVT437869,2025-02-04 12:25:14,Political Rally,J023,Basavanagudi,11109,Weekday,False,Clear,False,0.0,True,False,0.578,High,20.7,35.5,287.0,0.18,0.415,0.838,Accident detected nearby - reroute and reduced speed advised
EVT437870,2025-01-02 08:01:45,Concert,J012,Koramangala Sony World,20692,Weekday,False,Clear,False,0.0,False,False,0.829,Severe,15.4,59.7,361.3,0.196,0.453,0.951,Heavy congestion detected - signal timing extended and reroute suggested
EVT437871,2025-09-21 17:25:31,Trade Fair,J020,Malleshwaram Circle,8026,Weekend,False,Rain,True,9.4,False,False,0.911,Severe,13.2,64.3,406.9,0.174,0.403,0.869,Heavy rain reducing visibility and grip - reduced speed and longer buffer advised
EVT437872,2025-09-13 20:40:31,Local Market Day,J011,Indiranagar 100ft Road,3118,Weekend,False,Rain,True,21.2,False,False,0.691,High,16.0,49.6,434.6,0.227,0.524,0.93,Heavy rain reducing visibility and grip - reduced speed and longer buffer advised
EVT437873,2025-10-18 12:41:40,Concert,J023,Basavanagudi,9782,Weekend,False,Clear,False,0.0,False,False,0.306,Low,30.8,23.6,146.9,0.135,0.312,0.95,Moderate traffic flow - standard adaptive signal timing in effect
EVT437874,2025-08-11 15:09:52,Trade Fair,J030,MG Road,18376,Weekday,False,Clear,False,0.0,False,False,0.234,Low,31.2,23.5,109.4,0.103,0.237,0.956,Normal free-flow traffic - standard signal timing maintained
EVT437875,2025-02-28 18:42:16,Sports Fixture,J030,MG Road,17590,Weekday,False,Clear,False,0.0,False,False,1.0,Severe,7.8,71.2,1092.5,0.35,0.809,0.931,Heavy congestion detected - signal timing extended and reroute suggested
EVT437876,2025-08-27 09:52:47,Religious Festival,J040,City Market,30353,Weekday,True,Clear,False,0.0,False,True,1.0,Severe,9.9,97.1,528.7,0.217,0.501,0.847,Road closure for event/procession - full detour recommended for through-traffic
EVT437877,2025-05-12 17:57:57,Concert,J012,Koramangala Sony World,19583,Weekday,False,Fog,False,0.0,False,False,1.0,Severe,7.5,73.8,726.0,0.229,0.528,0.918,Heavy congestion detected - signal timing extended and reroute suggested
EVT437878,2026-05-13 15:45:41,Concert,J009,Majestic,14028,Weekday,False,Clear,False,0.0,False,False,0.432,Moderate,23.9,35.2,154.0,0.12,0.278,0.972,Moderate traffic flow - standard adaptive signal timing in effect
EVT437879,2026-01-21 20:46:14,Local Market Day,J012,Koramangala Sony World,2923,Weekday,False,Clear,False,0.0,False,False,0.485,Moderate,28.7,28.5,108.3,0.097,0.223,0.971,Moderate traffic flow - standard adaptive signal timing in effect
EVT437880,2025-12-03 11:10:40,Sports Fixture,J030,MG Road,48099,Weekday,False,Clear,False,0.0,False,False,0.664,High,16.3,54.7,452.5,0.26,0.601,0.959,Moderate traffic flow - standard adaptive signal timing in effect
EVT437881,2025-02-10 11:49:34,Sports Fixture,J012,Koramangala Sony World,14529,Weekday,False,Clear,False,0.0,False,False,0.335,Low,32.2,21.9,138.0,0.107,0.246,0.976,Moderate traffic flow - standard adaptive signal timing in effect
EVT437882,2025-03-14 17:36:04,Fireworks Display,J030,MG Road,38555,Weekday,True,Clear,False,0.0,False,False,1.0,Severe,9.7,64.7,550.7,0.211,0.488,0.91,Festival crowd surge detected - alternate route and extended cycle recommended
EVT437883,2026-03-02 19:04:06,Local Market Day,J030,MG Road,4021,Weekday,False,Clear,False,0.0,False,False,1.0,Severe,11.1,70.5,339.4,0.157,0.362,0.928,Heavy congestion detected - signal timing extended and reroute suggested
EVT437884,2025-10-03 06:07:10,Religious Festival,J012,Koramangala Sony World,48870,Weekday,True,Heavy Rain,True,39.8,False,False,1.0,Severe,6.6,75.8,830.1,0.214,0.495,0.808,Festival crowd surge detected - alternate route and extended cycle recommended
EVT437885,2025-09-17 09:05:59,Political Rally,J031,Cubbon Road,11554,Weekday,False,Clear,False,0.0,False,False,1.0,Severe,6.4,68.1,769.2,0.22,0.508,0.914,Heavy congestion detected - signal timing extended and reroute suggested
EVT437886,2025-03-30 12:12:03,Religious Festival,J030,MG Road,18381,Weekend,True,Clear,False,0.0,False,False,0.573,High,17.8,38.2,323.9,0.179,0.414,0.926,Festival crowd surge detected - alternate route and extended cycle recommended
EVT437887,2025-02-24 10:27:45,Trade Fair,J030,MG Road,8619,Weekday,False,Clear,False,0.0,False,False,0.602,High,16.9,43.6,259.0,0.136,0.314,0.967,Moderate traffic flow - standard adaptive signal timing in effect
EVT437888,2025-10-31 09:04:52,Sports Fixture,J020,Malleshwaram Circle,8338,Weekday,False,Clear,False,0.0,False,False,1.0,Severe,7.8,69.7,674.9,0.217,0.502,0.917,Heavy congestion detected - signal timing extended and reroute suggested
EVT437889,2025-02-10 08:46:00,Local Market Day,J030,MG Road,3941,Weekday,False,Clear,False,0.0,False,False,1.0,Severe,8.4,74.4,614.9,0.233,0.539,0.892,Heavy congestion detected - signal timing extended and reroute suggested
EVT437890,2025-05-14 16:37:58,Trade Fair,J023,Basavanagudi,11180,Weekday,False,Clear,False,0.0,False,False,0.61,High,24.7,43.7,237.4,0.179,0.414,0.989,Moderate traffic flow - standard adaptive signal timing in effect
EVT437891,2025-10-15 17:17:46,Concert,J023,Basavanagudi,15194,Weekday,False,Heavy Rain,True,27.0,False,False,1.0,Severe,7.3,66.4,216.9,0.067,0.155,0.871,Heavy rain reducing visibility and grip - reduced speed and longer buffer advised
EVT437892,2026-02-07 09:36:07,Sports Fixture,J012,Koramangala Sony World,21979,Weekend,False,Fog,False,0.0,False,False,0.92,Severe,12.3,68.1,160.9,0.069,0.16,0.92,Heavy congestion detected - signal timing extended and reroute suggested
EVT437893,2025-03-31 11:55:56,Religious Festival,J031,Cubbon Road,33386,Weekday,True,Clear,False,0.0,False,True,0.758,High,11.6,65.0,517.3,0.233,0.538,0.883,Road closure for event/procession - full detour recommended for through-traffic
EVT437894,2025-10-24 22:29:09,Political Rally,J040,City Market,23676,Weekday,False,Clear,False,0.0,False,False,0.278,Low,29.8,19.6,185.3,0.142,0.327,0.959,Moderate traffic flow - standard adaptive signal timing in effect
EVT437895,2026-06-04 10:54:13,Trade Fair,J012,Koramangala Sony World,10192,Weekday,False,Heavy Rain,True,32.2,False,False,0.902,Severe,15.3,63.0,270.2,0.151,0.348,0.903,Heavy rain reducing visibility and grip - reduced speed and longer buffer advised
EVT437896,2025-06-23 19:03:04,Trade Fair,J012,Koramangala Sony World,15668,Weekday,False,Rain,True,12.4,False,False,1.0,Severe,8.6,74.8,558.0,0.195,0.449,0.842,Heavy rain reducing visibility and grip - reduced speed and longer buffer advised
EVT437897,2025-05-30 07:31:59,Concert,J031,Cubbon Road,13850,Weekday,False,Clear,False,0.0,False,False,0.718,High,16.1,50.8,208.8,0.109,0.252,0.962,Moderate traffic flow - standard adaptive signal timing in effect
EVT437898,2026-02-14 15:55:33,Trade Fair,J011,Indiranagar 100ft Road,6139,Weekend,False,Clear,False,0.0,False,False,0.441,Moderate,26.6,32.2,119.6,0.087,0.201,0.963,Moderate traffic flow - standard adaptive signal timing in effect
EVT437899,2025-10-13 06:18:36,Trade Fair,J023,Basavanagudi,9466,Weekday,False,Clear,False,0.0,False,False,0.436,Moderate,25.3,35.5,197.0,0.129,0.299,0.969,Moderate traffic flow - standard adaptive signal timing in effect
EVT437900,2025-11-14 17:42:20,Local Market Day,J023,Basavanagudi,4051,Weekday,False,Clear,False,0.0,False,False,0.967,Severe,8.0,64.5,201.2,0.073,0.167,0.932,Heavy congestion detected - signal timing extended and reroute suggested
EVT437901,2025-01-10 10:29:42,Local Market Day,J031,Cubbon Road,2788,Weekday,False,Light Rain,True,1.8,False,False,0.714,High,17.3,47.4,275.1,0.171,0.395,0.938,Heavy rain reducing visibility and grip - reduced speed and longer buffer advised
EVT437902,2025-09-21 12:21:32,Local Market Day,J040,City Market,9678,Weekend,False,Clear,False,0.0,False,False,0.305,Low,33.4,17.0,53.8,0.034,0.079,0.952,Moderate traffic flow - standard adaptive signal timing in effect
EVT437903,2026-01-01 05:35:48,Religious Festival,J020,Malleshwaram Circle,80102,Weekday,True,Clear,False,0.0,False,True,1.0,Severe,7.4,95.8,643.6,0.194,0.449,0.834,Road closure for event/procession - full detour recommended for through-traffic
EVT437904,2025-05-24 12:37:03,Political Rally,J030,MG Road,15061,Weekend,False,Clear,False,0.0,False,False,0.31,Low,23.8,19.5,114.7,0.085,0.196,0.953,Moderate traffic flow - standard adaptive signal timing in effect
EVT437905,2025-07-19 20:32:07,Trade Fair,J012,Koramangala Sony World,7747,Weekend,False,Clear,False,0.0,False,False,0.627,High,18.5,42.8,297.1,0.172,0.398,0.942,Moderate traffic flow - standard adaptive signal timing in effect
EVT437906,2025-06-16 09:54:51,Trade Fair,J030,MG Road,12933,Weekday,False,Clear,False,0.0,False,False,0.843,Severe,16.8,65.3,398.2,0.256,0.592,0.936,Heavy congestion detected - signal timing extended and reroute suggested
EVT437907,2025-08-01 17:25:39,Concert,J040,City Market,21232,Weekday,False,Fog,False,0.0,False,False,0.959,Severe,8.3,71.0,391.2,0.129,0.297,0.937,Heavy congestion detected - signal timing extended and reroute suggested
EVT437908,2025-09-20 12:59:44,Political Rally,J020,Malleshwaram Circle,20578,Weekend,False,Clear,False,0.0,False,False,0.429,Moderate,27.0,26.7,236.6,0.17,0.392,0.968,Moderate traffic flow - standard adaptive signal timing in effect
EVT437909,2025-10-29 14:45:41,Trade Fair,J011,Indiranagar 100ft Road,11562,Weekday,False,Fog,False,0.0,False,False,0.337,Low,27.3,24.4,233.8,0.157,0.362,0.97,Moderate traffic flow - standard adaptive signal timing in effect
EVT437910,2025-04-17 08:20:54,Local Market Day,J040,City Market,2779,Weekday,False,Clear,False,0.0,False,False,0.953,Severe,10.9,67.4,370.3,0.174,0.402,0.933,Heavy congestion detected - signal timing extended and reroute suggested
EVT437911,2025-06-19 08:32:40,Local Market Day,J040,City Market,6600,Weekday,False,Clear,False,0.0,False,False,0.944,Severe,12.7,70.8,450.5,0.217,0.501,0.946,Heavy congestion detected - signal timing extended and reroute suggested
EVT437912,2025-01-22 14:31:31,Trade Fair,J009,Majestic,12847,Weekday,False,Clear,False,0.0,False,False,0.273,Low,31.7,18.3,109.6,0.08,0.185,0.956,Moderate traffic flow - standard adaptive signal timing in effect
EVT437913,2025-05-22 07:31:19,Trade Fair,J020,Malleshwaram Circle,20522,Weekday,False,Clear,False,0.0,False,False,0.754,Severe,17.8,58.3,386.5,0.227,0.524,0.966,Heavy congestion detected - signal timing extended and reroute suggested
EVT437914,2025-05-10 19:53:47,Sports Fixture,J020,Malleshwaram Circle,21550,Weekend,False,Clear,False,0.0,False,False,0.759,Severe,18.1,53.7,225.5,0.126,0.291,0.968,Heavy congestion detected - signal timing extended and reroute suggested
EVT437915,2026-05-05 21:00:30,Local Market Day,J040,City Market,2924,Weekday,False,Clear,False,0.0,False,False,0.372,Moderate,27.0,32.5,222.6,0.166,0.383,0.953,Moderate traffic flow - standard adaptive signal timing in effect
EVT437916,2026-04-07 03:51:54,Local Market Day,J023,Basavanagudi,3196,Weekday,False,Clear,False,0.0,False,False,0.174,Low,26.4,10.1,100.2,0.074,0.17,0.977,Normal free-flow traffic - standard signal timing maintained
EVT437917,2025-10-11 08:42:34,Trade Fair,J009,Majestic,5849,Weekend,False,Clear,False,0.0,False,False,0.832,Severe,14.0,61.9,398.6,0.199,0.459,0.971,Heavy congestion detected - signal timing extended and reroute suggested
EVT437918,2025-12-04 17:09:41,Trade Fair,J011,Indiranagar 100ft Road,12639,Weekday,False,Clear,False,0.0,False,False,0.777,Severe,18.3,58.0,236.9,0.148,0.342,0.965,Heavy congestion detected - signal timing extended and reroute suggested
EVT437919,2026-06-18 09:53:32,Sports Fixture,J020,Malleshwaram Circle,16150,Weekday,False,Heavy Rain,True,63.4,False,False,1.0,Severe,8.9,65.3,353.4,0.14,0.324,0.847,Heavy rain reducing visibility and grip - reduced speed and longer buffer advised
EVT437920,2025-01-04 16:00:18,Concert,J030,MG Road,10953,Weekend,False,Clear,False,0.0,False,False,0.444,Moderate,29.5,32.7,65.8,0.062,0.142,0.93,Moderate traffic flow - standard adaptive signal timing in effect
EVT437921,2026-04-30 15:52:51,Sports Fixture,J020,Malleshwaram Circle,24414,Weekday,False,Clear,False,0.0,False,False,0.552,High,21.1,34.8,192.7,0.097,0.224,0.973,Moderate traffic flow - standard adaptive signal timing in effect
EVT437922,2025-06-23 00:41:22,Trade Fair,J031,Cubbon Road,13611,Weekday,False,Clear,False,0.0,False,False,0.224,Low,26.7,16.7,267.1,0.184,0.425,0.981,Normal free-flow traffic - standard signal timing maintained
EVT437923,2026-06-11 17:58:04,Local Market Day,J009,Majestic,4331,Weekday,False,Light Rain,True,6.7,False,False,1.0,Severe,8.1,71.2,303.9,0.102,0.235,0.873,Heavy rain reducing visibility and grip - reduced speed and longer buffer advised
EVT437924,2026-02-05 08:49:16,Local Market Day,J030,MG Road,3708,Weekday,False,Clear,False,0.0,False,False,0.945,Severe,8.7,66.6,654.9,0.214,0.495,0.935,Heavy congestion detected - signal timing extended and reroute suggested
EVT437925,2026-03-09 17:28:26,Trade Fair,J020,Malleshwaram Circle,10833,Weekday,False,Clear,False,0.0,False,False,0.89,Severe,13.9,66.6,322.1,0.16,0.368,0.964,Heavy congestion detected - signal timing extended and reroute suggested
EVT437926,2025-03-13 22:35:41,Local Market Day,J012,Koramangala Sony World,4672,Weekday,False,Clear,False,0.0,False,False,0.124,Low,35.3,6.8,105.3,0.093,0.215,0.968,Normal free-flow traffic - standard signal timing maintained
EVT437927,2025-10-25 17:11:21,Local Market Day,J009,Majestic,4253,Weekend,False,Heavy Rain,True,72.9,True,False,1.0,Severe,9.2,63.9,414.9,0.148,0.341,0.701,Accident detected nearby - reroute and reduced speed advised
EVT437928,2026-02-09 12:27:52,Sports Fixture,J020,Malleshwaram Circle,21047,Weekday,False,Clear,False,0.0,False,False,0.297,Low,29.0,24.6,82.5,0.076,0.175,0.961,Moderate traffic flow - standard adaptive signal timing in effect
EVT437929,2025-03-26 15:19:29,Local Market Day,J020,Malleshwaram Circle,4840,Weekday,False,Clear,False,0.0,False,False,0.311,Low,26.7,20.4,236.9,0.191,0.44,0.965,Moderate traffic flow - standard adaptive signal timing in effect
EVT437930,2025-07-02 06:08:45,Trade Fair,J040,City Market,10273,Weekday,False,Rain,True,22.3,False,False,0.571,High,21.2,41.0,160.5,0.127,0.294,0.913,Heavy rain reducing visibility and grip - reduced speed and longer buffer advised
EVT437931,2026-05-28 13:10:38,Sports Fixture,J030,MG Road,26859,Weekday,False,Clear,False,0.0,False,False,0.286,Low,25.9,15.3,133.3,0.075,0.174,0.961,Moderate traffic flow - standard adaptive signal timing in effect
EVT437932,2026-05-10 16:12:09,Trade Fair,J031,Cubbon Road,7063,Weekend,False,Clear,False,0.0,False,False,0.505,Moderate,28.6,37.1,146.2,0.123,0.285,0.944,Moderate traffic flow - standard adaptive signal timing in effect
EVT437933,2025-03-01 16:17:20,Sports Fixture,J040,City Market,21380,Weekend,False,Clear,False,0.0,False,False,0.583,High,18.6,39.7,188.6,0.114,0.263,0.962,Moderate traffic flow - standard adaptive signal timing in effect
EVT437934,2025-01-24 16:03:46,Local Market Day,J020,Malleshwaram Circle,1647,Weekday,False,Clear,False,0.0,False,False,0.43,Moderate,24.6,30.2,160.7,0.105,0.242,0.97,Moderate traffic flow - standard adaptive signal timing in effect
EVT437935,2025-09-07 04:53:24,Local Market Day,J040,City Market,6828,Weekend,False,Clear,False,0.0,False,False,0.329,Low,25.9,19.5,55.6,0.048,0.11,0.977,Moderate traffic flow - standard adaptive signal timing in effect
EVT437936,2026-06-14 13:19:50,Local Market Day,J040,City Market,6403,Weekend,False,Clear,False,0.0,False,False,0.317,Low,28.7,22.2,108.9,0.086,0.199,0.99,Moderate traffic flow - standard adaptive signal timing in effect
EVT437937,2025-05-03 19:58:24,Sports Fixture,J030,MG Road,16039,Weekend,False,Clear,False,0.0,False,False,0.771,Severe,16.7,54.0,282.0,0.154,0.357,0.94,Heavy congestion detected - signal timing extended and reroute suggested
EVT437938,2025-04-14 14:55:19,Cultural Procession,J009,Majestic,19945,Weekday,True,Clear,False,0.0,False,True,0.757,High,14.6,69.3,344.0,0.175,0.405,0.888,Road closure for event/procession - full detour recommended for through-traffic
EVT437939,2026-03-20 18:36:21,Cultural Procession,J030,MG Road,19184,Weekday,True,Clear,False,0.0,False,True,1.0,Severe,8.4,95.0,225.6,0.118,0.273,0.84,Road closure for event/procession - full detour recommended for through-traffic
EVT437940,2025-06-11 18:49:47,Local Market Day,J031,Cubbon Road,3837,Weekday,False,Heavy Rain,True,29.1,False,False,1.0,Severe,7.9,77.1,578.1,0.197,0.455,0.846,Heavy rain reducing visibility and grip - reduced speed and longer buffer advised
EVT437941,2025-10-26 09:23:02,Local Market Day,J020,Malleshwaram Circle,2861,Weekend,False,Rain,True,24.2,False,False,1.0,Severe,7.7,76.9,807.7,0.271,0.625,0.876,Heavy rain reducing visibility and grip - reduced speed and longer buffer advised
EVT437942,2025-02-23 16:42:04,Trade Fair,J009,Majestic,18216,Weekend,False,Clear,False,0.0,False,False,0.681,High,18.0,49.2,492.9,0.281,0.648,0.979,Moderate traffic flow - standard adaptive signal timing in effect
EVT437943,2025-03-10 06:05:40,Political Rally,J031,Cubbon Road,20812,Weekday,False,Clear,False,0.0,False,False,0.383,Moderate,26.0,25.2,130.5,0.098,0.227,0.961,Moderate traffic flow - standard adaptive signal timing in effect
EVT437944,2025-10-29 20:28:07,Local Market Day,J031,Cubbon Road,4086,Weekday,False,Clear,False,0.0,False,False,0.595,High,20.3,42.5,356.7,0.215,0.496,0.977,Moderate traffic flow - standard adaptive signal timing in effect
EVT437945,2025-12-18 05:47:49,Political Rally,J030,MG Road,11217,Weekday,False,Clear,False,0.0,False,False,0.294,Low,25.8,15.2,262.4,0.192,0.444,0.945,Moderate traffic flow - standard adaptive signal timing in effect
EVT437946,2026-03-29 19:07:49,Local Market Day,J031,Cubbon Road,4658,Weekend,False,Clear,False,0.0,False,False,0.777,Severe,18.0,56.9,387.9,0.227,0.525,0.941,Heavy congestion detected - signal timing extended and reroute suggested
EVT437947,2025-06-05 11:25:33,Local Market Day,J011,Indiranagar 100ft Road,5942,Weekday,False,Clear,False,0.0,False,False,0.313,Low,29.5,26.1,219.6,0.2,0.462,0.99,Moderate traffic flow - standard adaptive signal timing in effect
EVT437948,2025-09-03 18:52:13,Political Rally,J030,MG Road,10641,Weekday,False,Rain,True,8.7,False,False,1.0,Severe,7.9,74.2,845.5,0.25,0.577,0.876,Heavy rain reducing visibility and grip - reduced speed and longer buffer advised
EVT437949,2025-04-18 18:18:44,Sports Fixture,J020,Malleshwaram Circle,13144,Weekday,False,Rain,True,12.8,False,False,1.0,Severe,10.0,68.8,408.1,0.158,0.366,0.884,Heavy rain reducing visibility and grip - reduced speed and longer buffer advised
EVT437950,2025-12-28 14:11:59,Concert,J023,Basavanagudi,13468,Weekend,False,Fog,False,0.0,False,False,0.334,Low,34.0,27.8,164.3,0.163,0.377,0.972,Moderate traffic flow - standard adaptive signal timing in effect
EVT437951,2026-04-21 12:49:18,Trade Fair,J020,Malleshwaram Circle,8702,Weekday,False,Clear,False,0.0,False,False,0.216,Low,33.4,5.8,107.8,0.092,0.213,0.938,Normal free-flow traffic - standard signal timing maintained
EVT437952,2025-08-02 13:19:34,Local Market Day,J023,Basavanagudi,3370,Weekend,False,Clear,False,0.0,False,False,0.322,Low,32.7,27.9,117.9,0.104,0.241,0.962,Moderate traffic flow - standard adaptive signal timing in effect
EVT437953,2025-12-04 09:59:17,Local Market Day,J031,Cubbon Road,5157,Weekday,False,Clear,False,0.0,False,False,0.785,Severe,10.0,57.1,479.3,0.186,0.43,0.93,Heavy congestion detected - signal timing extended and reroute suggested
EVT437954,2025-01-19 10:42:09,Local Market Day,J023,Basavanagudi,5419,Weekend,False,Clear,False,0.0,False,False,0.504,Moderate,23.3,35.7,240.9,0.172,0.397,0.954,Moderate traffic flow - standard adaptive signal timing in effect
EVT437955,2025-01-03 10:55:28,Local Market Day,J020,Malleshwaram Circle,2107,Weekday,False,Clear,False,0.0,False,False,0.413,Moderate,24.7,29.6,176.0,0.107,0.247,0.947,Moderate traffic flow - standard adaptive signal timing in effect
EVT437956,2026-03-06 16:33:34,Trade Fair,J030,MG Road,10948,Weekday,False,Clear,False,0.0,False,False,0.545,Moderate,24.9,36.4,114.5,0.071,0.163,0.983,Moderate traffic flow - standard adaptive signal timing in effect
EVT437957,2025-05-10 21:40:34,Local Market Day,J009,Majestic,4245,Weekend,False,Rain,True,9.8,False,False,0.465,Moderate,28.2,31.6,146.4,0.112,0.258,0.938,Light rain detected - minor speed reduction advised
EVT437958,2025-09-20 13:40:12,Trade Fair,J009,Majestic,6750,Weekend,False,Rain,True,9.5,False,False,0.377,Moderate,26.4,35.9,215.7,0.163,0.378,0.922,Light rain detected - minor speed reduction advised
EVT437959,2026-04-09 08:22:05,Sports Fixture,J011,Indiranagar 100ft Road,26098,Weekday,False,Clear,False,0.0,False,False,1.0,Severe,6.3,64.1,1100.8,0.279,0.644,0.927,Heavy congestion detected - signal timing extended and reroute suggested
EVT437960,2025-03-22 15:13:52,Local Market Day,J040,City Market,3607,Weekend,False,Clear,False,0.0,False,False,0.313,Low,30.1,23.1,96.1,0.079,0.183,0.99,Moderate traffic flow - standard adaptive signal timing in effect
EVT437961,2025-10-06 14:42:02,Concert,J023,Basavanagudi,10813,Weekday,False,Clear,False,0.0,False,False,0.215,Low,29.9,21.9,186.2,0.144,0.332,0.959,Normal free-flow traffic - standard signal timing maintained
EVT437962,2026-01-20 18:11:50,Local Market Day,J011,Indiranagar 100ft Road,2831,Weekday,False,Clear,False,0.0,False,False,0.996,Severe,7.2,69.5,946.0,0.28,0.646,0.93,Heavy congestion detected - signal timing extended and reroute suggested
EVT437963,2025-05-03 13:46:13,Political Rally,J020,Malleshwaram Circle,11273,Weekend,False,Rain,True,21.4,False,False,0.533,Moderate,21.4,38.6,182.8,0.133,0.307,0.935,Light rain detected - minor speed reduction advised
EVT437964,2025-10-30 20:39:01,Local Market Day,J023,Basavanagudi,4584,Weekday,False,Clear,False,0.0,False,False,0.521,Moderate,25.0,39.4,317.3,0.245,0.565,0.975,Moderate traffic flow - standard adaptive signal timing in effect
EVT437965,2025-04-28 18:18:29,Local Market Day,J012,Koramangala Sony World,5029,Weekday,False,Clear,False,0.0,False,False,1.0,Severe,7.0,68.6,313.7,0.102,0.236,0.893,Heavy congestion detected - signal timing extended and reroute suggested
EVT437966,2025-02-01 15:14:30,Concert,J012,Koramangala Sony World,12068,Weekend,False,Clear,False,0.0,False,False,0.464,Moderate,33.5,30.5,127.2,0.117,0.27,0.981,Moderate traffic flow - standard adaptive signal timing in effect
EVT437967,2025-11-26 06:08:15,Concert,J009,Majestic,13260,Weekday,False,Clear,False,0.0,False,False,0.331,Low,32.3,27.6,180.2,0.171,0.394,0.944,Moderate traffic flow - standard adaptive signal timing in effect
EVT437968,2026-06-07 14:16:36,Trade Fair,J023,Basavanagudi,6094,Weekend,False,Fog,False,0.0,False,False,0.234,Low,33.6,24.1,192.1,0.165,0.382,0.969,Normal free-flow traffic - standard signal timing maintained
EVT437969,2025-03-16 16:45:19,Sports Fixture,J009,Majestic,16426,Weekend,False,Clear,False,0.0,False,False,0.645,High,18.8,35.1,413.4,0.248,0.574,0.972,Moderate traffic flow - standard adaptive signal timing in effect
EVT437970,2025-09-16 16:25:03,Trade Fair,J020,Malleshwaram Circle,12564,Weekday,False,Rain,True,23.6,False,False,0.848,Severe,12.6,61.3,431.4,0.2,0.462,0.897,Heavy rain reducing visibility and grip - reduced speed and longer buffer advised
EVT437971,2025-02-11 08:15:17,Concert,J012,Koramangala Sony World,7300,Weekday,False,Clear,False,0.0,False,False,0.92,Severe,11.3,66.4,497.0,0.208,0.48,0.942,Heavy congestion detected - signal timing extended and reroute suggested
EVT437972,2025-06-10 10:01:40,Sports Fixture,J020,Malleshwaram Circle,28342,Weekday,False,Rain,True,23.3,False,False,1.0,Severe,7.1,70.4,807.7,0.224,0.517,0.849,Heavy rain reducing visibility and grip - reduced speed and longer buffer advised
EVT437973,2025-08-02 13:50:21,Trade Fair,J011,Indiranagar 100ft Road,10606,Weekend,False,Rain,True,16.5,False,False,0.426,Moderate,25.5,31.2,170.7,0.135,0.312,0.9,Light rain detected - minor speed reduction advised
EVT437974,2025-09-05 08:23:36,Cultural Procession,J023,Basavanagudi,34658,Weekday,True,Heavy Rain,True,43.4,False,True,1.0,Severe,7.7,96.5,556.9,0.196,0.452,0.796,Road closure for event/procession - full detour recommended for through-traffic
EVT437975,2025-01-09 18:18:08,Local Market Day,J011,Indiranagar 100ft Road,4798,Weekday,False,Clear,False,0.0,False,False,1.0,Severe,8.9,73.9,537.2,0.191,0.442,0.903,Heavy congestion detected - signal timing extended and reroute suggested
EVT437976,2025-10-02 19:17:39,Religious Festival,J023,Basavanagudi,41866,Weekday,True,Clear,False,0.0,False,False,1.0,Severe,7.1,69.2,663.6,0.196,0.452,0.844,Festival crowd surge detected - alternate route and extended cycle recommended
EVT437977,2025-12-12 10:51:51,Concert,J020,Malleshwaram Circle,12312,Weekday,False,Clear,False,0.0,False,False,0.508,Moderate,27.2,40.1,154.7,0.112,0.26,0.978,Moderate traffic flow - standard adaptive signal timing in effect
EVT437978,2025-03-18 17:26:44,Political Rally,J009,Majestic,16825,Weekday,False,Clear,False,0.0,False,False,0.86,Severe,11.4,61.9,412.4,0.166,0.383,0.94,Heavy congestion detected - signal timing extended and reroute suggested
EVT437979,2025-07-26 19:57:10,Trade Fair,J012,Koramangala Sony World,8205,Weekend,False,Clear,False,0.0,False,False,0.672,High,12.2,46.2,332.4,0.137,0.317,0.967,Moderate traffic flow - standard adaptive signal timing in effect
EVT437980,2026-06-28 15:47:00,Local Market Day,J020,Malleshwaram Circle,2510,Weekend,False,Clear,False,0.0,False,False,0.422,Moderate,32.3,31.9,121.3,0.104,0.241,0.974,Moderate traffic flow - standard adaptive signal timing in effect
EVT437981,2025-12-13 12:22:45,Trade Fair,J023,Basavanagudi,7485,Weekend,False,Clear,False,0.0,False,False,0.264,Low,32.8,15.9,186.3,0.155,0.357,0.966,Moderate traffic flow - standard adaptive signal timing in effect
EVT437982,2025-08-27 11:40:15,Cultural Procession,J011,Indiranagar 100ft Road,11679,Weekday,True,Heavy Rain,True,54.0,False,False,0.911,Severe,12.8,58.2,355.8,0.189,0.437,0.866,Festival crowd surge detected - alternate route and extended cycle recommended
EVT437983,2025-07-03 13:39:56,Trade Fair,J040,City Market,7102,Weekday,False,Clear,False,0.0,False,False,0.242,Low,32.7,19.9,190.1,0.174,0.402,0.983,Normal free-flow traffic - standard signal timing maintained
EVT437984,2026-04-09 17:34:12,Concert,J009,Majestic,9816,Weekday,False,Light Rain,True,6.6,False,False,1.0,Severe,8.3,67.5,366.5,0.125,0.288,0.875,Heavy rain reducing visibility and grip - reduced speed and longer buffer advised
EVT437985,2026-05-09 20:14:44,Political Rally,J009,Majestic,14510,Weekend,False,Clear,False,0.0,False,False,0.758,Severe,13.1,49.6,446.3,0.198,0.458,0.969,Heavy congestion detected - signal timing extended and reroute suggested
EVT437986,2025-03-25 11:37:05,Sports Fixture,J009,Majestic,17934,Weekday,False,Clear,False,0.0,False,False,0.453,Moderate,30.4,27.8,171.7,0.152,0.352,0.956,Moderate traffic flow - standard adaptive signal timing in effect
EVT437987,2025-04-23 09:04:08,Trade Fair,J012,Koramangala Sony World,13750,Weekday,False,Clear,False,0.0,False,False,1.0,Severe,7.2,71.2,495.8,0.165,0.381,0.902,Heavy congestion detected - signal timing extended and reroute suggested
EVT437988,2025-01-15 08:22:30,Fireworks Display,J040,City Market,38872,Weekday,True,Clear,False,0.0,False,False,1.0,Severe,8.5,70.7,750.4,0.218,0.503,0.868,Festival crowd surge detected - alternate route and extended cycle recommended
EVT437989,2026-02-10 12:40:04,Concert,J040,City Market,13082,Weekday,False,Clear,False,0.0,False,False,0.221,Low,45.0,17.2,112.4,0.13,0.301,0.967,Normal free-flow traffic - standard signal timing maintained
EVT437990,2026-04-22 11:46:05,Sports Fixture,J011,Indiranagar 100ft Road,25469,Weekday,False,Clear,False,0.0,False,False,0.398,Moderate,21.3,22.5,162.3,0.105,0.242,0.983,Moderate traffic flow - standard adaptive signal timing in effect
EVT437991,2025-08-26 17:43:03,Concert,J020,Malleshwaram Circle,31491,Weekday,False,Heavy Rain,True,42.2,False,False,1.0,Severe,6.0,69.0,564.0,0.172,0.398,0.864,Heavy rain reducing visibility and grip - reduced speed and longer buffer advised
EVT437992,2025-04-21 08:38:53,Political Rally,J023,Basavanagudi,12328,Weekday,False,Clear,False,0.0,False,False,1.0,Severe,7.7,71.1,580.5,0.194,0.447,0.931,Heavy congestion detected - signal timing extended and reroute suggested
EVT437993,2026-01-02 18:42:46,Religious Festival,J011,Indiranagar 100ft Road,68637,Weekday,True,Clear,False,0.0,False,True,1.0,Severe,8.1,110.8,396.4,0.135,0.311,0.803,Road closure for event/procession - full detour recommended for through-traffic
EVT437994,2025-07-11 18:00:48,Trade Fair,J040,City Market,15507,Weekday,False,Heavy Rain,True,58.1,False,False,1.0,Severe,11.1,68.6,478.9,0.2,0.462,0.866,Heavy rain reducing visibility and grip - reduced speed and longer buffer advised
EVT437995,2025-09-18 18:55:32,Sports Fixture,J009,Majestic,28199,Weekday,False,Light Rain,True,2.6,False,False,1.0,Severe,8.1,77.7,879.6,0.283,0.654,0.866,Heavy rain reducing visibility and grip - reduced speed and longer buffer advised
EVT437996,2025-11-05 20:40:21,Trade Fair,J040,City Market,6998,Weekday,False,Clear,False,0.0,False,False,0.548,Moderate,13.9,41.5,158.0,0.086,0.199,0.964,Moderate traffic flow - standard adaptive signal timing in effect
EVT437997,2025-11-25 19:58:46,Sports Fixture,J040,City Market,38783,Weekday,False,Clear,False,0.0,False,False,0.935,Severe,8.9,66.4,595.4,0.224,0.517,0.925,Heavy congestion detected - signal timing extended and reroute suggested
EVT437998,2025-01-15 08:38:59,Religious Festival,J040,City Market,50294,Weekday,True,Clear,False,0.0,False,True,1.0,Severe,7.5,96.4,270.8,0.117,0.271,0.837,Road closure for event/procession - full detour recommended for through-traffic
EVT437999,2025-08-31 20:06:39,Local Market Day,J020,Malleshwaram Circle,2576,Weekend,False,Clear,False,0.0,False,False,0.594,High,22.5,44.5,259.1,0.161,0.373,0.978,Moderate traffic flow - standard adaptive signal timing in effect
EVT438000,2026-01-18 23:31:39,Local Market Day,J012,Koramangala Sony World,4108,Weekend,False,Clear,False,0.0,False,False,0.275,Low,29.4,19.4,127.6,0.101,0.234,0.976,Moderate traffic flow - standard adaptive signal timing in effect
EVT438001,2025-10-30 11:33:59,Local Market Day,J023,Basavanagudi,7045,Weekday,False,Heavy Rain,True,31.5,False,False,0.585,High,23.7,47.2,111.7,0.094,0.216,0.91,Heavy rain reducing visibility and grip - reduced speed and longer buffer advised
EVT438002,2025-04-24 20:38:16,Sports Fixture,J009,Majestic,28772,Weekday,False,Clear,False,0.0,False,False,0.644,High,17.5,48.1,374.1,0.208,0.48,0.955,Moderate traffic flow - standard adaptive signal timing in effect
EVT438003,2026-05-20 03:15:13,Local Market Day,J031,Cubbon Road,5359,Weekday,False,Heavy Rain,True,29.8,False,False,0.461,Moderate,23.8,40.0,117.0,0.07,0.162,0.925,Light rain detected - minor speed reduction advised
EVT438004,2025-08-24 12:16:26,Sports Fixture,J040,City Market,24234,Weekend,False,Fog,False,0.0,False,False,0.329,Low,25.1,21.4,252.3,0.176,0.407,0.977,Moderate traffic flow - standard adaptive signal timing in effect
EVT438005,2025-04-07 20:02:53,Cultural Procession,J023,Basavanagudi,20751,Weekday,True,Clear,False,0.0,False,False,1.0,Severe,6.8,71.3,991.5,0.25,0.577,0.885,Festival crowd surge detected - alternate route and extended cycle recommended
EVT438006,2025-06-22 13:14:28,Trade Fair,J040,City Market,8021,Weekend,False,Clear,False,0.0,False,False,0.251,Low,31.9,20.6,145.4,0.122,0.282,0.973,Moderate traffic flow - standard adaptive signal timing in effect
EVT438007,2026-01-02 11:18:03,Religious Festival,J011,Indiranagar 100ft Road,66228,Weekday,True,Clear,False,0.0,False,True,1.0,Severe,8.1,104.7,520.3,0.201,0.464,0.851,Road closure for event/procession - full detour recommended for through-traffic
EVT438008,2025-11-14 11:37:25,Local Market Day,J011,Indiranagar 100ft Road,4850,Weekday,False,Fog,False,0.0,False,False,0.369,Moderate,22.9,29.6,229.7,0.165,0.381,0.95,Moderate traffic flow - standard adaptive signal timing in effect
EVT438009,2025-10-14 15:36:21,Local Market Day,J009,Majestic,3871,Weekday,False,Rain,True,16.5,False,False,0.587,High,22.5,44.4,285.0,0.219,0.506,0.883,Heavy rain reducing visibility and grip - reduced speed and longer buffer advised
EVT438010,2025-03-18 10:59:54,Concert,J030,MG Road,11469,Weekday,False,Clear,False,0.0,False,False,0.451,Moderate,29.0,31.7,122.1,0.088,0.203,0.939,Moderate traffic flow - standard adaptive signal timing in effect
EVT438011,2025-03-19 02:45:26,Concert,J012,Koramangala Sony World,8542,Weekday,False,Clear,False,0.0,False,False,0.189,Low,29.4,13.3,223.1,0.17,0.394,0.989,Normal free-flow traffic - standard signal timing maintained
EVT438012,2025-08-22 17:02:00,Political Rally,J023,Basavanagudi,12507,Weekday,False,Clear,False,0.0,False,False,0.743,High,16.8,58.7,474.2,0.274,0.634,0.962,Moderate traffic flow - standard adaptive signal timing in effect
EVT438013,2026-02-15 18:39:49,Local Market Day,J040,City Market,4191,Weekend,False,Clear,False,0.0,False,False,0.842,Severe,15.5,60.2,342.4,0.195,0.45,0.966,Heavy congestion detected - signal timing extended and reroute suggested
EVT438014,2025-08-28 12:52:02,Cultural Procession,J023,Basavanagudi,16500,Weekday,True,Clear,False,0.0,False,False,0.453,Moderate,25.9,31.1,202.7,0.158,0.364,0.908,Moderate traffic flow - standard adaptive signal timing in effect
EVT438015,2026-05-10 17:05:53,Sports Fixture,J040,City Market,21532,Weekend,False,Clear,False,0.0,False,False,0.774,Severe,15.0,55.6,364.2,0.206,0.476,0.952,Heavy congestion detected - signal timing extended and reroute suggested
EVT438016,2025-08-11 10:54:02,Trade Fair,J011,Indiranagar 100ft Road,20384,Weekday,False,Clear,False,0.0,False,False,0.679,High,17.0,47.9,271.6,0.147,0.339,0.953,Moderate traffic flow - standard adaptive signal timing in effect
EVT438017,2026-06-14 12:22:44,Concert,J031,Cubbon Road,13324,Weekend,False,Clear,False,0.0,False,False,0.291,Low,38.1,18.3,103.3,0.106,0.244,0.962,Moderate traffic flow - standard adaptive signal timing in effect
EVT438018,2025-12-18 17:42:44,Sports Fixture,J030,MG Road,19283,Weekday,False,Clear,False,0.0,False,False,0.97,Severe,9.1,69.3,184.2,0.08,0.185,0.919,Heavy congestion detected - signal timing extended and reroute suggested
EVT438019,2026-06-12 10:26:14,Trade Fair,J012,Koramangala Sony World,8783,Weekday,False,Clear,False,0.0,False,False,0.704,High,18.5,52.6,173.4,0.083,0.191,0.937,Moderate traffic flow - standard adaptive signal timing in effect
EVT438020,2026-06-09 08:39:20,Political Rally,J012,Koramangala Sony World,13622,Weekday,False,Heavy Rain,True,25.1,False,False,1.0,Severe,10.5,71.5,505.9,0.21,0.486,0.875,Heavy rain reducing visibility and grip - reduced speed and longer buffer advised
EVT438021,2025-06-21 04:50:37,Local Market Day,J023,Basavanagudi,3689,Weekend,False,Heavy Rain,True,25.9,False,False,0.552,High,15.7,37.3,289.1,0.124,0.287,0.949,Heavy rain reducing visibility and grip - reduced speed and longer buffer advised
EVT438022,2025-08-03 17:09:04,Trade Fair,J023,Basavanagudi,10627,Weekend,False,Clear,False,0.0,False,False,0.665,High,16.7,44.3,317.6,0.186,0.43,0.963,Moderate traffic flow - standard adaptive signal timing in effect
EVT438023,2025-04-30 06:40:02,Local Market Day,J023,Basavanagudi,4664,Weekday,False,Clear,False,0.0,False,False,0.307,Low,36.5,26.7,78.0,0.07,0.162,0.949,Moderate traffic flow - standard adaptive signal timing in effect
EVT438024,2025-11-15 15:14:50,Trade Fair,J023,Basavanagudi,6030,Weekend,False,Clear,False,0.0,False,False,0.367,Moderate,27.6,30.2,156.6,0.115,0.266,0.984,Moderate traffic flow - standard adaptive signal timing in effect
EVT438025,2025-11-25 11:06:35,Local Market Day,J020,Malleshwaram Circle,7760,Weekday,False,Rain,True,8.3,False,False,0.587,High,21.8,33.2,85.9,0.065,0.149,0.912,Heavy rain reducing visibility and grip - reduced speed and longer buffer advised
EVT438026,2025-06-25 18:54:49,Local Market Day,J040,City Market,3663,Weekday,False,Clear,False,0.0,False,False,0.989,Severe,9.0,67.9,688.4,0.261,0.604,0.94,Heavy congestion detected - signal timing extended and reroute suggested
EVT438027,2025-01-10 15:05:29,Local Market Day,J040,City Market,3993,Weekday,False,Clear,False,0.0,False,False,0.225,Low,32.7,16.9,143.5,0.119,0.274,0.964,Normal free-flow traffic - standard signal timing maintained
EVT438028,2025-05-10 15:29:20,Sports Fixture,J009,Majestic,22492,Weekend,False,Clear,False,0.0,False,False,0.411,Moderate,33.8,29.8,202.3,0.197,0.455,0.969,Moderate traffic flow - standard adaptive signal timing in effect
EVT438029,2026-04-06 19:54:11,Sports Fixture,J012,Koramangala Sony World,16093,Weekday,False,Clear,False,0.0,False,False,0.874,Severe,11.7,61.2,302.5,0.12,0.277,0.925,Heavy congestion detected - signal timing extended and reroute suggested
EVT438030,2026-03-28 11:46:53,Concert,J031,Cubbon Road,10040,Weekend,False,Clear,False,0.0,False,False,0.325,Low,35.3,23.0,123.0,0.112,0.258,0.973,Moderate traffic flow - standard adaptive signal timing in effect
EVT438031,2025-08-19 09:27:25,Concert,J023,Basavanagudi,16286,Weekday,False,Heavy Rain,True,48.6,False,False,1.0,Severe,7.4,74.2,467.6,0.152,0.351,0.836,Heavy rain reducing visibility and grip - reduced speed and longer buffer advised
EVT438032,2026-04-30 12:27:46,Trade Fair,J020,Malleshwaram Circle,5224,Weekday,False,Fog,False,0.0,False,False,0.192,Low,35.6,15.4,87.9,0.067,0.154,0.989,Normal free-flow traffic - standard signal timing maintained
EVT438033,2026-02-20 10:58:43,Local Market Day,J012,Koramangala Sony World,3157,Weekday,False,Clear,False,0.0,False,False,0.46,Moderate,24.6,33.3,231.6,0.157,0.364,0.965,Moderate traffic flow - standard adaptive signal timing in effect
EVT438034,2025-05-04 16:18:07,Concert,J012,Koramangala Sony World,13160,Weekend,False,Clear,False,0.0,False,False,0.51,Moderate,29.2,39.7,113.1,0.085,0.197,0.955,Moderate traffic flow - standard adaptive signal timing in effect
EVT438035,2026-01-02 13:57:07,Religious Festival,J023,Basavanagudi,32016,Weekday,True,Clear,False,0.0,False,True,0.665,Moderate,19.3,66.3,337.5,0.219,0.506,0.89,Road closure for event/procession - full detour recommended for through-traffic
EVT438036,2026-06-07 16:16:32,Concert,J031,Cubbon Road,11778,Weekend,False,Fog,False,0.0,False,False,0.629,High,20.2,44.6,335.7,0.213,0.493,0.986,Moderate traffic flow - standard adaptive signal timing in effect
EVT438037,2025-06-15 18:26:59,Concert,J023,Basavanagudi,13491,Weekend,False,Rain,True,10.8,False,False,0.959,Severe,8.1,62.1,821.6,0.241,0.557,0.878,Heavy rain reducing visibility and grip - reduced speed and longer buffer advised
EVT438038,2025-12-31 18:47:44,Trade Fair,J012,Koramangala Sony World,11524,Weekday,False,Clear,False,0.0,False,False,1.0,Severe,8.6,71.6,325.1,0.107,0.248,0.907,Heavy congestion detected - signal timing extended and reroute suggested
EVT438039,2026-01-01 16:56:26,Cultural Procession,J031,Cubbon Road,19847,Weekday,True,Clear,False,0.0,False,True,1.0,Severe,7.1,101.7,366.5,0.12,0.278,0.81,Road closure for event/procession - full detour recommended for through-traffic
EVT438040,2025-05-05 15:50:26,Trade Fair,J009,Majestic,6259,Weekday,False,Clear,False,0.0,False,False,0.4,Moderate,21.8,25.5,246.7,0.137,0.316,0.965,Moderate traffic flow - standard adaptive signal timing in effect
EVT438041,2025-12-15 11:05:22,Local Market Day,J030,MG Road,6924,Weekday,False,Clear,False,0.0,False,False,0.391,Moderate,28.2,31.8,124.6,0.094,0.218,0.936,Moderate traffic flow - standard adaptive signal timing in effect
EVT438042,2026-04-17 15:27:34,Concert,J012,Koramangala Sony World,12256,Weekday,False,Clear,False,0.0,False,False,0.428,Moderate,31.6,31.2,121.2,0.114,0.263,0.969,Moderate traffic flow - standard adaptive signal timing in effect
EVT438043,2026-05-22 08:17:25,Trade Fair,J020,Malleshwaram Circle,16113,Weekday,False,Clear,False,0.0,False,False,1.0,Severe,8.5,70.9,332.4,0.109,0.252,0.914,Heavy congestion detected - signal timing extended and reroute suggested
EVT438044,2026-02-05 14:29:19,Political Rally,J040,City Market,27369,Weekday,False,Clear,False,0.0,False,False,0.403,Moderate,27.6,26.1,241.6,0.201,0.464,0.957,Moderate traffic flow - standard adaptive signal timing in effect
EVT438045,2026-01-20 09:22:08,Sports Fixture,J031,Cubbon Road,25482,Weekday,False,Clear,False,0.0,False,False,1.0,Severe,7.5,65.8,406.2,0.131,0.304,0.922,Heavy congestion detected - signal timing extended and reroute suggested
EVT438046,2025-01-22 16:21:43,Local Market Day,J011,Indiranagar 100ft Road,5094,Weekday,False,Clear,False,0.0,False,False,0.548,Moderate,23.6,34.3,91.1,0.054,0.125,0.937,Moderate traffic flow - standard adaptive signal timing in effect
EVT438047,2025-06-23 13:39:36,Trade Fair,J009,Majestic,12940,Weekday,False,Clear,False,0.0,False,False,0.253,Low,30.2,23.1,85.6,0.073,0.169,0.979,Moderate traffic flow - standard adaptive signal timing in effect
EVT438048,2025-02-04 10:06:26,Trade Fair,J012,Koramangala Sony World,7155,Weekday,False,Clear,False,0.0,False,False,0.821,Severe,16.3,58.6,248.3,0.137,0.317,0.958,Heavy congestion detected - signal timing extended and reroute suggested
EVT438049,2025-03-13 15:28:34,Political Rally,J009,Majestic,15277,Weekday,False,Clear,False,0.0,False,False,0.35,Moderate,32.0,24.7,165.3,0.129,0.299,0.971,Moderate traffic flow - standard adaptive signal timing in effect
EVT438050,2026-05-06 15:21:50,Trade Fair,J011,Indiranagar 100ft Road,18058,Weekday,False,Clear,False,0.0,False,False,0.429,Moderate,27.4,32.5,186.0,0.149,0.344,0.99,Moderate traffic flow - standard adaptive signal timing in effect
EVT438051,2025-03-23 16:46:53,Concert,J011,Indiranagar 100ft Road,15849,Weekend,False,Clear,False,0.0,False,False,0.542,Moderate,21.1,42.3,153.5,0.105,0.243,0.99,Moderate traffic flow - standard adaptive signal timing in effect
EVT438052,2025-02-14 12:59:23,Local Market Day,J030,MG Road,3911,Weekday,False,Fog,False,0.0,False,False,0.305,Low,29.5,22.4,207.9,0.163,0.376,0.953,Moderate traffic flow - standard adaptive signal timing in effect
EVT438053,2026-01-09 04:57:56,Local Market Day,J011,Indiranagar 100ft Road,4115,Weekday,False,Clear,False,0.0,False,False,0.197,Low,37.2,16.1,135.6,0.114,0.263,0.99,Normal free-flow traffic - standard signal timing maintained
EVT438054,2026-04-19 08:25:41,Political Rally,J030,MG Road,15892,Weekend,False,Clear,False,0.0,False,False,0.826,Severe,13.5,59.4,332.1,0.17,0.392,0.947,Heavy congestion detected - signal timing extended and reroute suggested
EVT438055,2025-03-10 15:48:03,Local Market Day,J020,Malleshwaram Circle,3542,Weekday,False,Clear,False,0.0,False,False,0.387,Moderate,28.5,30.6,103.8,0.079,0.181,0.97,Moderate traffic flow - standard adaptive signal timing in effect
EVT438056,2025-07-20 20:42:14,Local Market Day,J040,City Market,3631,Weekend,False,Rain,True,19.6,False,False,0.669,High,18.8,41.7,285.1,0.166,0.382,0.902,Heavy rain reducing visibility and grip - reduced speed and longer buffer advised
EVT438057,2025-03-31 10:34:06,Religious Festival,J023,Basavanagudi,34264,Weekday,True,Clear,False,0.0,False,False,1.0,Severe,8.8,70.4,806.7,0.276,0.637,0.882,Festival crowd surge detected - alternate route and extended cycle recommended
EVT438058,2026-01-10 19:39:31,Trade Fair,J040,City Market,11153,Weekend,False,Clear,False,0.0,False,False,0.781,Severe,20.4,54.5,280.9,0.196,0.452,0.944,Heavy congestion detected - signal timing extended and reroute suggested
EVT438059,2026-06-01 09:54:44,Local Market Day,J009,Majestic,3221,Weekday,False,Clear,False,0.0,False,False,0.813,Severe,15.6,53.0,369.8,0.201,0.464,0.95,Heavy congestion detected - signal timing extended and reroute suggested
EVT438060,2025-06-20 15:49:19,Sports Fixture,J011,Indiranagar 100ft Road,24383,Weekday,False,Clear,False,0.0,False,False,0.479,Moderate,25.2,31.8,255.9,0.194,0.449,0.943,Moderate traffic flow - standard adaptive signal timing in effect
EVT438061,2026-05-19 08:36:12,Local Market Day,J031,Cubbon Road,4595,Weekday,False,Clear,False,0.0,False,False,0.927,Severe,11.6,63.6,408.2,0.191,0.441,0.949,Heavy congestion detected - signal timing extended and reroute suggested
EVT438062,2025-11-02 12:05:11,Religious Festival,J040,City Market,43845,Weekend,True,Clear,False,0.0,False,False,0.657,High,18.5,42.7,422.0,0.27,0.624,0.91,Festival crowd surge detected - alternate route and extended cycle recommended
EVT438063,2025-03-08 09:54:01,Local Market Day,J040,City Market,7441,Weekend,False,Clear,False,0.0,False,False,0.725,High,17.4,51.0,107.8,0.073,0.169,0.933,Moderate traffic flow - standard adaptive signal timing in effect
EVT438064,2025-09-13 09:37:34,Concert,J023,Basavanagudi,18345,Weekend,False,Clear,False,0.0,False,False,0.846,Severe,12.7,58.4,195.8,0.09,0.207,0.945,Heavy congestion detected - signal timing extended and reroute suggested
EVT438065,2026-05-14 20:34:53,Local Market Day,J030,MG Road,3383,Weekday,False,Light Rain,True,7.3,False,False,0.65,High,20.4,48.1,161.1,0.114,0.264,0.896,Heavy rain reducing visibility and grip - reduced speed and longer buffer advised
EVT438066,2025-06-27 18:41:09,Concert,J031,Cubbon Road,12332,Weekday,False,Clear,False,0.0,False,False,1.0,Severe,5.6,75.9,752.5,0.218,0.503,0.878,Heavy congestion detected - signal timing extended and reroute suggested
EVT438067,2025-02-16 19:05:36,Local Market Day,J030,MG Road,3790,Weekend,False,Clear,False,0.0,False,False,0.833,Severe,15.8,66.3,394.1,0.227,0.523,0.917,Heavy congestion detected - signal timing extended and reroute suggested
EVT438068,2025-04-09 20:04:58,Local Market Day,J030,MG Road,3573,Weekday,False,Clear,False,0.0,False,False,0.722,High,22.2,52.4,240.1,0.17,0.393,0.95,Moderate traffic flow - standard adaptive signal timing in effect
EVT438069,2025-02-24 13:02:03,Local Market Day,J009,Majestic,4260,Weekday,False,Clear,False,0.0,False,False,0.129,Low,30.5,7.8,250.9,0.21,0.484,0.99,Normal free-flow traffic - standard signal timing maintained
EVT438070,2026-04-08 16:38:27,Trade Fair,J023,Basavanagudi,7705,Weekday,False,Clear,False,0.0,False,False,0.535,Moderate,30.1,37.1,119.8,0.094,0.218,0.974,Moderate traffic flow - standard adaptive signal timing in effect
EVT438071,2025-12-06 17:50:35,Political Rally,J031,Cubbon Road,18960,Weekend,False,Clear,False,0.0,False,False,0.942,Severe,10.6,62.4,452.6,0.195,0.451,0.958,Heavy congestion detected - signal timing extended and reroute suggested
EVT438072,2026-02-17 12:38:36,Concert,J031,Cubbon Road,16178,Weekday,False,Clear,False,0.0,False,False,0.26,Low,31.0,23.7,195.3,0.171,0.396,0.921,Moderate traffic flow - standard adaptive signal timing in effect
EVT438073,2026-03-26 14:34:05,Religious Festival,J020,Malleshwaram Circle,71051,Weekday,True,Clear,False,0.0,False,False,0.752,Severe,16.8,56.6,394.1,0.221,0.511,0.917,Festival crowd surge detected - alternate route and extended cycle recommended
EVT438074,2025-08-01 18:44:59,Local Market Day,J040,City Market,2311,Weekday,False,Light Rain,True,3.1,False,False,1.0,Severe,9.2,73.5,295.5,0.126,0.291,0.865,Heavy rain reducing visibility and grip - reduced speed and longer buffer advised
EVT438075,2025-01-31 23:37:41,Concert,J023,Basavanagudi,8884,Weekday,False,Clear,False,0.0,False,False,0.2,Low,34.7,7.4,111.2,0.088,0.203,0.945,Normal free-flow traffic - standard signal timing maintained
EVT438076,2025-10-31 07:14:03,Concert,J012,Koramangala Sony World,9284,Weekday,False,Rain,True,12.9,False,False,0.779,Severe,17.0,56.5,264.5,0.152,0.351,0.908,Heavy rain reducing visibility and grip - reduced speed and longer buffer advised
EVT438077,2025-03-06 01:50:39,Sports Fixture,J020,Malleshwaram Circle,13647,Weekday,False,Clear,False,0.0,False,False,0.174,Low,22.3,16.8,174.0,0.092,0.212,0.967,Normal free-flow traffic - standard signal timing maintained
EVT438078,2025-05-25 09:35:23,Sports Fixture,J023,Basavanagudi,18329,Weekend,False,Clear,False,0.0,False,False,0.935,Severe,9.5,67.5,381.3,0.162,0.374,0.937,Heavy congestion detected - signal timing extended and reroute suggested
EVT438079,2025-10-29 11:56:18,Concert,J040,City Market,25792,Weekday,False,Clear,False,0.0,False,False,0.378,Moderate,23.5,30.4,354.1,0.247,0.572,0.975,Moderate traffic flow - standard adaptive signal timing in effect
EVT438080,2025-11-10 11:55:11,Sports Fixture,J011,Indiranagar 100ft Road,16807,Weekday,False,Clear,False,0.0,False,False,0.352,Moderate,33.8,25.7,214.6,0.221,0.509,0.945,Moderate traffic flow - standard adaptive signal timing in effect
EVT438081,2026-03-31 04:09:37,Trade Fair,J023,Basavanagudi,8941,Weekday,False,Clear,False,0.0,False,False,0.225,Low,23.8,19.1,121.2,0.081,0.188,0.96,Normal free-flow traffic - standard signal timing maintained
EVT438082,2025-12-18 09:06:51,Local Market Day,J020,Malleshwaram Circle,1749,Weekday,False,Clear,False,0.0,False,False,1.0,Severe,7.8,70.4,715.4,0.243,0.56,0.91,Heavy congestion detected - signal timing extended and reroute suggested
EVT438083,2025-12-13 13:27:40,Political Rally,J040,City Market,8482,Weekend,False,Light Rain,True,2.6,False,False,0.292,Low,31.3,18.1,114.2,0.102,0.235,0.911,Light rain detected - minor speed reduction advised
EVT438084,2025-03-29 11:53:49,Concert,J030,MG Road,8583,Weekend,False,Clear,False,0.0,False,False,0.338,Low,28.9,28.2,200.3,0.16,0.369,0.935,Moderate traffic flow - standard adaptive signal timing in effect
EVT438085,2025-12-04 09:59:22,Concert,J020,Malleshwaram Circle,11692,Weekday,False,Clear,False,0.0,False,False,0.809,Severe,13.2,51.5,343.2,0.165,0.382,0.95,Heavy congestion detected - signal timing extended and reroute suggested
EVT438086,2025-11-06 00:32:13,Sports Fixture,J009,Majestic,32435,Weekday,False,Clear,False,0.0,False,False,0.299,Low,23.7,17.3,291.5,0.197,0.454,0.975,Moderate traffic flow - standard adaptive signal timing in effect
EVT438087,2026-05-05 07:00:25,Sports Fixture,J031,Cubbon Road,19861,Weekday,False,Rain,True,14.0,False,False,0.717,High,18.9,54.1,296.3,0.178,0.412,0.922,Heavy rain reducing visibility and grip - reduced speed and longer buffer advised
EVT438088,2025-11-28 01:49:44,Sports Fixture,J011,Indiranagar 100ft Road,11797,Weekday,False,Clear,False,0.0,False,False,0.237,Low,29.5,12.7,283.0,0.19,0.44,0.99,Normal free-flow traffic - standard signal timing maintained
EVT438089,2025-03-14 10:59:29,Cultural Procession,J012,Koramangala Sony World,24681,Weekday,True,Clear,False,0.0,False,True,0.894,High,11.1,88.5,321.5,0.153,0.354,0.894,Road closure for event/procession - full detour recommended for through-traffic
EVT438090,2026-04-01 13:11:03,Local Market Day,J011,Indiranagar 100ft Road,3970,Weekday,False,Clear,False,0.0,False,False,0.229,Low,32.6,12.6,96.3,0.069,0.159,0.947,Normal free-flow traffic - standard signal timing maintained
EVT438091,2026-03-05 18:34:41,Cultural Procession,J023,Basavanagudi,7199,Weekday,True,Clear,False,0.0,False,True,1.0,Severe,7.7,102.0,479.0,0.161,0.372,0.848,Road closure for event/procession - full detour recommended for through-traffic
EVT438092,2025-01-29 16:48:25,Concert,J031,Cubbon Road,13708,Weekday,False,Clear,False,0.0,False,False,0.695,High,18.6,52.8,262.4,0.171,0.396,0.925,Moderate traffic flow - standard adaptive signal timing in effect
EVT438093,2026-06-09 06:26:42,Local Market Day,J020,Malleshwaram Circle,4690,Weekday,False,Heavy Rain,True,39.2,False,False,0.731,High,13.7,47.7,236.4,0.126,0.292,0.927,Heavy rain reducing visibility and grip - reduced speed and longer buffer advised
EVT438094,2025-09-12 09:56:51,Concert,J040,City Market,8298,Weekday,False,Clear,False,0.0,False,False,0.897,Severe,12.3,62.1,303.6,0.137,0.316,0.921,Heavy congestion detected - signal timing extended and reroute suggested
EVT438095,2025-12-16 02:28:46,Political Rally,J031,Cubbon Road,13182,Weekday,False,Clear,False,0.0,False,False,0.1,Low,38.0,3.7,95.4,0.088,0.203,0.956,Normal free-flow traffic - standard signal timing maintained
EVT438096,2026-02-25 08:59:57,Trade Fair,J009,Majestic,16452,Weekday,False,Clear,False,0.0,False,False,1.0,Severe,8.5,72.2,236.1,0.098,0.228,0.919,Heavy congestion detected - signal timing extended and reroute suggested
EVT438097,2025-04-14 17:26:53,Religious Festival,J012,Koramangala Sony World,44448,Weekday,True,Clear,False,0.0,False,True,1.0,Severe,6.7,100.6,597.8,0.18,0.416,0.855,Road closure for event/procession - full detour recommended for through-traffic
EVT438098,2025-10-13 12:02:35,Political Rally,J012,Koramangala Sony World,14608,Weekday,False,Clear,False,0.0,False,False,0.246,Low,31.7,13.3,118.3,0.101,0.234,0.963,Normal free-flow traffic - standard signal timing maintained
EVT438099,2025-02-24 14:14:59,Concert,J031,Cubbon Road,7446,Weekday,False,Clear,False,0.0,False,False,0.259,Low,27.9,17.9,55.7,0.047,0.109,0.99,Moderate traffic flow - standard adaptive signal timing in effect
EVT438100,2025-09-10 09:27:28,Trade Fair,J030,MG Road,10777,Weekday,False,Clear,False,0.0,False,False,0.979,Severe,7.6,65.7,384.8,0.119,0.274,0.92,Heavy congestion detected - signal timing extended and reroute suggested
EVT438101,2026-05-27 07:27:46,Local Market Day,J009,Majestic,5172,Weekday,False,Fog,False,0.0,False,False,0.584,High,25.0,41.9,246.4,0.18,0.416,0.96,Moderate traffic flow - standard adaptive signal timing in effect
EVT438102,2025-06-03 10:36:57,Sports Fixture,J031,Cubbon Road,27325,Weekday,False,Heavy Rain,True,37.1,False,False,1.0,Severe,7.2,75.1,657.2,0.199,0.459,0.86,Heavy rain reducing visibility and grip - reduced speed and longer buffer advised
EVT438103,2025-03-21 18:30:18,Local Market Day,J020,Malleshwaram Circle,3290,Weekday,False,Clear,False,0.0,False,False,1.0,Severe,8.2,72.2,424.8,0.152,0.352,0.926,Heavy congestion detected - signal timing extended and reroute suggested
EVT438104,2025-04-12 17:56:28,Local Market Day,J031,Cubbon Road,3764,Weekend,False,Fog,False,0.0,True,False,1.0,Severe,9.8,64.6,437.4,0.184,0.426,0.743,Accident detected nearby - reroute and reduced speed advised
EVT438105,2026-05-31 15:01:16,Concert,J040,City Market,15918,Weekend,False,Clear,False,0.0,False,False,0.38,Moderate,31.0,28.6,215.4,0.17,0.392,0.955,Moderate traffic flow - standard adaptive signal timing in effect
EVT438106,2025-06-17 13:35:22,Trade Fair,J012,Koramangala Sony World,10418,Weekday,False,Rain,True,12.0,False,False,0.39,Moderate,22.7,25.6,174.5,0.118,0.272,0.904,Light rain detected - minor speed reduction advised
EVT438107,2025-01-20 10:32:29,Trade Fair,J031,Cubbon Road,11229,Weekday,False,Clear,False,0.0,False,False,0.704,High,18.7,45.2,233.8,0.128,0.295,0.975,Moderate traffic flow - standard adaptive signal timing in effect
EVT438108,2025-03-09 17:21:17,Trade Fair,J012,Koramangala Sony World,5968,Weekend,False,Clear,False,0.0,False,False,0.834,Severe,11.8,62.0,497.8,0.222,0.514,0.953,Heavy congestion detected - signal timing extended and reroute suggested
EVT438109,2025-06-02 21:38:30,Local Market Day,J031,Cubbon Road,2773,Weekday,False,Clear,False,0.0,False,False,0.242,Low,38.0,15.2,113.5,0.118,0.273,0.953,Normal free-flow traffic - standard signal timing maintained
EVT438110,2026-06-23 13:36:47,Concert,J011,Indiranagar 100ft Road,7955,Weekday,False,Clear,False,0.0,False,False,0.194,Low,33.2,17.9,128.6,0.109,0.252,0.96,Normal free-flow traffic - standard signal timing maintained
EVT438111,2026-05-09 13:10:22,Concert,J023,Basavanagudi,16431,Weekend,False,Clear,False,0.0,False,False,0.282,Low,28.1,22.0,230.9,0.169,0.39,0.99,Moderate traffic flow - standard adaptive signal timing in effect
EVT438112,2026-06-21 09:06:48,Local Market Day,J031,Cubbon Road,3799,Weekend,False,Heavy Rain,True,28.2,False,False,1.0,Severe,8.7,71.6,739.8,0.254,0.587,0.868,Heavy rain reducing visibility and grip - reduced speed and longer buffer advised
EVT438113,2025-08-10 18:21:07,Trade Fair,J011,Indiranagar 100ft Road,5697,Weekend,False,Clear,False,0.0,False,False,0.878,Severe,15.4,63.8,360.5,0.215,0.496,0.937,Heavy congestion detected - signal timing extended and reroute suggested
EVT438114,2026-06-01 18:25:01,Local Market Day,J011,Indiranagar 100ft Road,3381,Weekday,False,Rain,True,15.9,False,False,1.0,Severe,8.1,71.3,436.5,0.167,0.387,0.825,Heavy rain reducing visibility and grip - reduced speed and longer buffer advised
EVT438115,2026-01-14 10:46:02,Fireworks Display,J030,MG Road,20205,Weekday,True,Clear,False,0.0,False,False,0.803,Severe,14.1,53.9,319.6,0.167,0.386,0.898,Festival crowd surge detected - alternate route and extended cycle recommended
EVT438116,2026-03-06 18:23:43,Sports Fixture,J030,MG Road,28701,Weekday,False,Rain,True,12.6,False,False,1.0,Severe,7.8,73.0,537.5,0.186,0.43,0.877,Heavy rain reducing visibility and grip - reduced speed and longer buffer advised
EVT438117,2025-10-26 11:57:56,Sports Fixture,J023,Basavanagudi,27913,Weekend,False,Clear,False,0.0,False,False,0.399,Moderate,30.7,32.5,172.9,0.153,0.353,0.963,Moderate traffic flow - standard adaptive signal timing in effect
EVT438118,2025-10-31 15:10:10,Trade Fair,J011,Indiranagar 100ft Road,9831,Weekday,False,Clear,False,0.0,False,False,0.277,Low,32.0,11.5,132.2,0.102,0.236,0.942,Moderate traffic flow - standard adaptive signal timing in effect
EVT438119,2026-02-20 15:40:03,Sports Fixture,J031,Cubbon Road,33241,Weekday,False,Clear,False,0.0,False,False,0.542,Moderate,22.0,31.0,268.0,0.216,0.5,0.941,Moderate traffic flow - standard adaptive signal timing in effect
EVT438120,2026-05-19 14:38:17,Trade Fair,J009,Majestic,7019,Weekday,False,Clear,False,0.0,False,False,0.212,Low,31.9,14.1,51.4,0.022,0.05,0.97,Normal free-flow traffic - standard signal timing maintained
EVT438121,2025-04-28 19:35:45,Local Market Day,J023,Basavanagudi,3287,Weekday,False,Clear,False,0.0,False,False,0.846,Severe,10.1,63.4,463.1,0.179,0.412,0.935,Heavy congestion detected - signal timing extended and reroute suggested
EVT438122,2026-04-20 20:35:48,Local Market Day,J040,City Market,4966,Weekday,False,Rain,True,7.6,False,False,0.678,High,21.0,46.3,428.9,0.3,0.692,0.924,Heavy rain reducing visibility and grip - reduced speed and longer buffer advised
EVT438123,2026-06-09 09:30:25,Local Market Day,J020,Malleshwaram Circle,4672,Weekday,False,Rain,True,8.2,False,False,1.0,Severe,9.9,76.1,185.6,0.089,0.204,0.881,Heavy rain reducing visibility and grip - reduced speed and longer buffer advised
EVT438124,2025-11-13 15:34:49,Sports Fixture,J020,Malleshwaram Circle,20894,Weekday,False,Light Rain,True,6.9,False,False,0.518,Moderate,23.3,32.0,208.2,0.148,0.341,0.91,Light rain detected - minor speed reduction advised
EVT438125,2025-10-27 16:18:31,Local Market Day,J011,Indiranagar 100ft Road,3322,Weekday,False,Clear,False,0.0,False,False,0.46,Moderate,24.2,34.0,247.6,0.188,0.435,0.95,Moderate traffic flow - standard adaptive signal timing in effect
EVT438126,2025-05-14 17:03:25,Sports Fixture,J009,Majestic,21792,Weekday,False,Heavy Rain,True,25.1,False,False,1.0,Severe,8.3,66.3,481.2,0.181,0.418,0.844,Heavy rain reducing visibility and grip - reduced speed and longer buffer advised
EVT438127,2025-09-29 07:08:00,Concert,J040,City Market,17903,Weekday,False,Rain,True,7.9,False,False,0.741,High,16.4,54.2,190.4,0.112,0.259,0.922,Heavy rain reducing visibility and grip - reduced speed and longer buffer advised
EVT438128,2025-06-04 12:47:04,Political Rally,J031,Cubbon Road,21345,Weekday,False,Clear,False,0.0,False,False,0.273,Low,33.8,19.1,100.0,0.076,0.176,0.923,Moderate traffic flow - standard adaptive signal timing in effect
EVT438129,2025-05-09 19:24:45,Political Rally,J011,Indiranagar 100ft Road,15252,Weekday,False,Clear,False,0.0,False,False,1.0,Severe,9.1,71.3,445.8,0.171,0.394,0.92,Heavy congestion detected - signal timing extended and reroute suggested
EVT438130,2025-08-23 10:24:54,Local Market Day,J023,Basavanagudi,3535,Weekend,False,Heavy Rain,True,45.2,False,False,0.986,Severe,7.5,75.0,469.7,0.162,0.374,0.867,Heavy rain reducing visibility and grip - reduced speed and longer buffer advised
EVT438131,2026-02-13 18:50:27,Local Market Day,J020,Malleshwaram Circle,6759,Weekday,False,Clear,False,0.0,False,False,0.968,Severe,11.3,74.0,395.1,0.18,0.415,0.906,Heavy congestion detected - signal timing extended and reroute suggested
EVT438132,2025-04-05 08:28:28,Trade Fair,J011,Indiranagar 100ft Road,11218,Weekend,False,Clear,False,0.0,False,False,0.729,High,17.1,52.0,220.5,0.11,0.254,0.957,Moderate traffic flow - standard adaptive signal timing in effect
EVT438133,2026-03-08 17:28:21,Local Market Day,J040,City Market,4188,Weekend,False,Clear,False,0.0,False,False,0.764,Severe,15.1,58.6,217.7,0.106,0.245,0.969,Heavy congestion detected - signal timing extended and reroute suggested
EVT438134,2025-08-06 17:15:28,Sports Fixture,J009,Majestic,49577,Weekday,False,Light Rain,True,5.0,False,False,1.0,Severe,7.9,74.9,673.4,0.218,0.504,0.862,Heavy rain reducing visibility and grip - reduced speed and longer buffer advised
EVT438135,2026-02-23 22:49:40,Concert,J009,Majestic,19402,Weekday,False,Clear,False,0.0,False,False,0.292,Low,33.6,18.7,49.5,0.042,0.098,0.98,Moderate traffic flow - standard adaptive signal timing in effect
EVT438136,2025-03-11 17:06:50,Local Market Day,J020,Malleshwaram Circle,4680,Weekday,False,Clear,False,0.0,False,False,0.773,Severe,13.9,53.9,374.6,0.185,0.428,0.959,Heavy congestion detected - signal timing extended and reroute suggested
EVT438137,2026-05-12 07:02:54,Sports Fixture,J020,Malleshwaram Circle,20922,Weekday,False,Clear,False,0.0,False,False,0.584,High,17.1,44.0,421.1,0.222,0.513,0.968,Moderate traffic flow - standard adaptive signal timing in effect
EVT438138,2025-09-17 14:33:50,Concert,J009,Majestic,18225,Weekday,False,Heavy Rain,True,44.8,False,False,0.642,High,22.4,46.7,214.8,0.159,0.367,0.918,Heavy rain reducing visibility and grip - reduced speed and longer buffer advised
EVT438139,2026-04-20 15:53:33,Trade Fair,J009,Majestic,7042,Weekday,False,Rain,True,8.6,False,False,0.522,Moderate,25.7,39.2,223.4,0.171,0.394,0.933,Light rain detected - minor speed reduction advised
EVT438140,2025-12-28 07:59:18,Concert,J023,Basavanagudi,7873,Weekend,False,Clear,False,0.0,False,False,0.73,High,16.5,51.7,252.7,0.152,0.352,0.974,Moderate traffic flow - standard adaptive signal timing in effect
EVT438141,2025-02-03 21:11:39,Political Rally,J040,City Market,14309,Weekday,False,Clear,False,0.0,False,False,0.395,Moderate,25.5,32.1,152.4,0.115,0.266,0.962,Moderate traffic flow - standard adaptive signal timing in effect
EVT438142,2026-01-07 18:13:10,Sports Fixture,J031,Cubbon Road,26806,Weekday,False,Clear,False,0.0,False,False,1.0,Severe,9.0,73.4,285.7,0.079,0.183,0.889,Heavy congestion detected - signal timing extended and reroute suggested
EVT438143,2025-12-19 14:24:03,Sports Fixture,J023,Basavanagudi,21716,Weekday,False,Clear,False,0.0,False,False,0.344,Low,28.4,20.7,135.2,0.111,0.256,0.96,Moderate traffic flow - standard adaptive signal timing in effect
EVT438144,2025-10-20 14:02:55,Fireworks Display,J020,Malleshwaram Circle,18448,Weekday,True,Rain,True,9.7,False,False,0.707,High,20.9,52.0,154.4,0.107,0.248,0.865,Festival crowd surge detected - alternate route and extended cycle recommended
EVT438145,2025-07-18 12:28:28,Concert,J011,Indiranagar 100ft Road,5989,Weekday,False,Heavy Rain,True,27.6,False,False,0.553,High,23.6,47.8,246.3,0.161,0.371,0.935,Heavy rain reducing visibility and grip - reduced speed and longer buffer advised
EVT438146,2025-02-04 08:51:49,Concert,J030,MG Road,5735,Weekday,False,Fog,False,0.0,False,False,1.0,Severe,7.9,74.4,558.3,0.167,0.386,0.924,Heavy congestion detected - signal timing extended and reroute suggested
EVT438147,2026-05-08 16:23:59,Sports Fixture,J020,Malleshwaram Circle,22579,Weekday,False,Clear,False,0.0,False,False,0.672,High,15.0,43.6,339.2,0.172,0.397,0.969,Moderate traffic flow - standard adaptive signal timing in effect
EVT438148,2025-10-14 18:33:35,Sports Fixture,J020,Malleshwaram Circle,25944,Weekday,False,Clear,False,0.0,False,False,1.0,Severe,8.4,72.9,601.5,0.205,0.474,0.89,Heavy congestion detected - signal timing extended and reroute suggested
EVT438149,2026-03-01 19:49:56,Local Market Day,J030,MG Road,2697,Weekend,False,Clear,False,0.0,False,False,0.597,High,22.1,43.6,215.1,0.139,0.321,0.98,Moderate traffic flow - standard adaptive signal timing in effect
EVT438150,2026-01-21 17:37:06,Sports Fixture,J011,Indiranagar 100ft Road,18781,Weekday,False,Clear,False,0.0,False,False,1.0,Severe,10.7,67.8,348.7,0.157,0.363,0.896,Heavy congestion detected - signal timing extended and reroute suggested
EVT438151,2026-01-21 20:10:52,Concert,J031,Cubbon Road,11563,Weekday,False,Clear,False,0.0,False,False,0.72,High,17.9,53.7,376.8,0.212,0.49,0.971,Moderate traffic flow - standard adaptive signal timing in effect
EVT438152,2026-05-17 19:33:57,Sports Fixture,J011,Indiranagar 100ft Road,41593,Weekend,False,Clear,False,0.0,False,False,1.0,Severe,8.1,66.8,576.8,0.178,0.411,0.915,Heavy congestion detected - signal timing extended and reroute suggested
EVT438153,2025-08-01 18:38:03,Concert,J023,Basavanagudi,12564,Weekday,False,Clear,False,0.0,False,False,1.0,Severe,6.9,72.3,828.1,0.23,0.531,0.914,Heavy congestion detected - signal timing extended and reroute suggested
EVT438154,2025-06-30 15:00:14,Sports Fixture,J012,Koramangala Sony World,22766,Weekday,False,Clear,False,0.0,False,False,0.345,Low,24.7,28.3,164.2,0.133,0.307,0.951,Moderate traffic flow - standard adaptive signal timing in effect
EVT438155,2026-06-11 12:44:20,Concert,J031,Cubbon Road,21104,Weekday,False,Clear,False,0.0,False,False,0.264,Low,41.7,19.0,95.5,0.09,0.207,0.941,Moderate traffic flow - standard adaptive signal timing in effect
EVT438156,2025-02-06 08:35:14,Trade Fair,J020,Malleshwaram Circle,10480,Weekday,False,Clear,False,0.0,False,False,1.0,Severe,8.8,73.3,610.7,0.227,0.524,0.926,Heavy congestion detected - signal timing extended and reroute suggested
EVT438157,2025-01-03 16:40:53,Sports Fixture,J009,Majestic,22933,Weekday,False,Clear,False,0.0,False,False,0.782,Severe,18.1,59.9,344.4,0.202,0.466,0.948,Heavy congestion detected - signal timing extended and reroute suggested
EVT438158,2026-05-02 20:28:29,Cultural Procession,J040,City Market,14982,Weekend,True,Clear,False,0.0,False,True,1.0,Severe,7.4,96.9,429.3,0.139,0.322,0.81,Road closure for event/procession - full detour recommended for through-traffic
EVT438159,2025-06-28 08:02:57,Sports Fixture,J030,MG Road,14045,Weekend,False,Clear,False,0.0,False,False,0.82,Severe,13.0,62.4,392.1,0.173,0.401,0.947,Heavy congestion detected - signal timing extended and reroute suggested
EVT438160,2026-04-23 17:40:52,Trade Fair,J020,Malleshwaram Circle,7086,Weekday,False,Clear,False,0.0,False,False,0.936,Severe,11.7,71.1,410.9,0.19,0.438,0.933,Heavy congestion detected - signal timing extended and reroute suggested
EVT438161,2026-01-19 12:33:26,Sports Fixture,J020,Malleshwaram Circle,30617,Weekday,False,Clear,False,0.0,False,False,0.286,Low,30.6,21.6,184.2,0.158,0.365,0.975,Moderate traffic flow - standard adaptive signal timing in effect
EVT438162,2025-03-17 17:44:36,Local Market Day,J012,Koramangala Sony World,3077,Weekday,False,Clear,False,0.0,False,False,0.907,Severe,10.4,68.7,430.4,0.201,0.464,0.931,Heavy congestion detected - signal timing extended and reroute suggested
EVT438163,2025-02-24 06:49:44,Local Market Day,J030,MG Road,4697,Weekday,False,Clear,False,0.0,False,False,0.365,Moderate,32.9,22.9,138.4,0.129,0.298,0.962,Moderate traffic flow - standard adaptive signal timing in effect
EVT438164,2025-07-10 19:20:01,Local Market Day,J012,Koramangala Sony World,3480,Weekday,False,Heavy Rain,True,35.2,False,False,1.0,Severe,7.3,73.3,570.4,0.164,0.38,0.875,Heavy rain reducing visibility and grip - reduced speed and longer buffer advised
EVT438165,2025-03-28 17:35:08,Trade Fair,J012,Koramangala Sony World,5829,Weekday,False,Clear,False,0.0,False,False,1.0,Severe,8.4,69.1,812.6,0.269,0.622,0.932,Heavy congestion detected - signal timing extended and reroute suggested
EVT438166,2025-06-11 10:27:56,Concert,J009,Majestic,14731,Weekday,False,Heavy Rain,True,39.0,False,False,0.999,Severe,8.0,76.3,520.2,0.18,0.415,0.881,Heavy rain reducing visibility and grip - reduced speed and longer buffer advised
EVT438167,2025-01-19 08:54:52,Concert,J031,Cubbon Road,11367,Weekend,False,Clear,False,0.0,False,False,0.913,Severe,12.4,67.2,534.1,0.245,0.567,0.909,Heavy congestion detected - signal timing extended and reroute suggested
EVT438168,2026-02-15 09:43:54,Political Rally,J011,Indiranagar 100ft Road,16983,Weekend,False,Clear,False,0.0,False,False,0.817,Severe,14.4,60.4,265.6,0.168,0.387,0.984,Heavy congestion detected - signal timing extended and reroute suggested
EVT438169,2026-02-08 13:05:42,Local Market Day,J023,Basavanagudi,3070,Weekend,False,Clear,False,0.0,False,False,0.288,Low,31.6,19.5,108.3,0.072,0.166,0.946,Moderate traffic flow - standard adaptive signal timing in effect
EVT438170,2025-08-08 16:44:49,Political Rally,J040,City Market,15218,Weekday,False,Rain,True,18.8,False,False,0.905,Severe,11.8,72.0,288.4,0.133,0.307,0.876,Heavy rain reducing visibility and grip - reduced speed and longer buffer advised
EVT438171,2025-05-23 07:06:30,Local Market Day,J009,Majestic,4004,Weekday,False,Clear,False,0.0,False,False,0.416,Moderate,23.5,26.3,233.3,0.169,0.389,0.914,Moderate traffic flow - standard adaptive signal timing in effect
EVT438172,2025-11-21 09:20:04,Concert,J023,Basavanagudi,9005,Weekday,False,Clear,False,0.0,False,False,1.0,Severe,6.5,75.0,745.0,0.197,0.455,0.909,Heavy congestion detected - signal timing extended and reroute suggested
EVT438173,2026-02-21 11:50:56,Sports Fixture,J011,Indiranagar 100ft Road,16738,Weekend,False,Clear,False,0.0,False,False,0.387,Moderate,29.0,31.3,150.9,0.119,0.276,0.949,Moderate traffic flow - standard adaptive signal timing in effect
EVT438174,2026-06-05 17:50:10,Trade Fair,J009,Majestic,11818,Weekday,False,Rain,True,19.1,False,False,1.0,Severe,5.8,71.6,870.0,0.222,0.513,0.863,Heavy rain reducing visibility and grip - reduced speed and longer buffer advised
EVT438175,2025-03-03 16:41:19,Trade Fair,J020,Malleshwaram Circle,12241,Weekday,False,Clear,False,0.0,False,False,0.664,High,20.3,45.2,267.1,0.182,0.42,0.967,Moderate traffic flow - standard adaptive signal timing in effect
EVT438176,2026-05-25 09:47:32,Local Market Day,J030,MG Road,3497,Weekday,False,Clear,False,0.0,False,False,0.856,Severe,13.9,62.3,275.6,0.129,0.298,0.936,Heavy congestion detected - signal timing extended and reroute suggested
EVT438177,2025-03-28 06:05:50,Local Market Day,J011,Indiranagar 100ft Road,2822,Weekday,False,Light Rain,True,2.3,False,False,0.245,Low,29.9,16.1,67.7,0.04,0.093,0.916,Light rain detected - minor speed reduction advised
EVT438178,2026-02-24 14:45:20,Local Market Day,J012,Koramangala Sony World,2344,Weekday,False,Clear,False,0.0,False,False,0.213,Low,28.7,15.5,228.4,0.183,0.422,0.953,Normal free-flow traffic - standard signal timing maintained
EVT438179,2026-06-09 13:51:42,Local Market Day,J009,Majestic,5926,Weekday,False,Clear,False,0.0,False,False,0.29,Low,36.1,24.5,79.1,0.077,0.177,0.952,Moderate traffic flow - standard adaptive signal timing in effect
EVT438180,2025-12-28 19:06:57,Concert,J020,Malleshwaram Circle,5132,Weekend,False,Clear,False,0.0,False,False,0.844,Severe,13.6,63.4,362.7,0.178,0.412,0.955,Heavy congestion detected - signal timing extended and reroute suggested
EVT438181,2026-01-10 15:48:43,Sports Fixture,J009,Majestic,25778,Weekend,False,Clear,False,0.0,False,False,0.535,Moderate,25.0,41.6,100.2,0.063,0.145,0.97,Moderate traffic flow - standard adaptive signal timing in effect
EVT438182,2025-04-04 08:57:28,Trade Fair,J009,Majestic,7899,Weekday,False,Heavy Rain,True,28.5,False,False,1.0,Severe,7.9,75.7,699.4,0.256,0.592,0.854,Heavy rain reducing visibility and grip - reduced speed and longer buffer advised
EVT438183,2026-04-14 18:01:38,Religious Festival,J020,Malleshwaram Circle,49916,Weekday,True,Clear,False,0.0,False,True,1.0,Severe,7.9,93.0,815.5,0.276,0.638,0.826,Road closure for event/procession - full detour recommended for through-traffic
EVT438184,2026-04-30 09:43:32,Sports Fixture,J030,MG Road,13394,Weekday,False,Clear,False,0.0,False,False,1.0,Severe,10.6,67.2,615.9,0.299,0.691,0.931,Heavy congestion detected - signal timing extended and reroute suggested
EVT438185,2025-04-10 17:38:12,Concert,J023,Basavanagudi,10604,Weekday,False,Clear,False,0.0,False,False,0.958,Severe,6.7,67.4,680.9,0.189,0.437,0.924,Heavy congestion detected - signal timing extended and reroute suggested
EVT438186,2026-03-06 10:57:15,Sports Fixture,J009,Majestic,19995,Weekday,False,Clear,False,0.0,False,False,0.494,Moderate,31.2,34.7,120.5,0.08,0.185,0.949,Moderate traffic flow - standard adaptive signal timing in effect
EVT438187,2026-02-05 08:25:17,Trade Fair,J031,Cubbon Road,5134,Weekday,False,Clear,False,0.0,False,False,1.0,Severe,7.7,66.5,542.9,0.186,0.429,0.912,Heavy congestion detected - signal timing extended and reroute suggested
EVT438188,2025-12-06 17:26:56,Sports Fixture,J031,Cubbon Road,24369,Weekend,False,Clear,False,0.0,False,False,0.821,Severe,17.4,62.7,155.6,0.091,0.21,0.978,Heavy congestion detected - signal timing extended and reroute suggested
EVT438189,2025-03-18 04:37:22,Local Market Day,J040,City Market,2952,Weekday,False,Clear,False,0.0,False,False,0.184,Low,31.2,3.4,105.6,0.099,0.228,0.964,Normal free-flow traffic - standard signal timing maintained
EVT438190,2025-07-20 20:45:04,Concert,J009,Majestic,11163,Weekend,False,Heavy Rain,True,30.1,False,False,0.839,Severe,14.3,65.0,387.1,0.189,0.437,0.899,Heavy rain reducing visibility and grip - reduced speed and longer buffer advised
EVT438191,2026-05-11 18:06:49,Concert,J011,Indiranagar 100ft Road,15416,Weekday,False,Clear,False,0.0,False,False,1.0,Severe,9.3,77.2,714.7,0.278,0.643,0.918,Heavy congestion detected - signal timing extended and reroute suggested
EVT438192,2025-07-30 15:36:25,Local Market Day,J040,City Market,4378,Weekday,False,Heavy Rain,True,62.0,False,False,0.683,High,19.6,45.4,333.1,0.209,0.482,0.897,Heavy rain reducing visibility and grip - reduced speed and longer buffer advised
EVT438193,2025-04-12 18:43:59,Local Market Day,J040,City Market,3195,Weekend,False,Clear,False,0.0,False,False,0.868,Severe,9.0,62.4,234.9,0.084,0.194,0.967,Heavy congestion detected - signal timing extended and reroute suggested
EVT438194,2025-05-25 14:07:11,Trade Fair,J040,City Market,8446,Weekend,False,Clear,False,0.0,False,False,0.313,Low,34.0,24.3,195.0,0.174,0.402,0.989,Moderate traffic flow - standard adaptive signal timing in effect
EVT438195,2026-03-23 16:33:48,Trade Fair,J020,Malleshwaram Circle,3987,Weekday,False,Clear,False,0.0,False,False,0.626,High,19.9,47.9,236.8,0.15,0.345,0.953,Moderate traffic flow - standard adaptive signal timing in effect
EVT438196,2026-03-13 19:48:18,Trade Fair,J030,MG Road,7105,Weekday,False,Light Rain,True,5.6,False,False,0.915,Severe,9.6,65.6,253.6,0.091,0.209,0.872,Heavy rain reducing visibility and grip - reduced speed and longer buffer advised
EVT438197,2025-11-11 16:21:01,Concert,J009,Majestic,16068,Weekday,False,Clear,False,0.0,False,False,0.655,High,24.5,53.8,248.1,0.201,0.465,0.954,Moderate traffic flow - standard adaptive signal timing in effect
EVT438198,2026-04-23 12:06:37,Political Rally,J040,City Market,19841,Weekday,False,Clear,False,0.0,False,False,0.309,Low,29.8,16.1,112.4,0.091,0.21,0.984,Moderate traffic flow - standard adaptive signal timing in effect
EVT438199,2025-08-20 06:52:21,Sports Fixture,J011,Indiranagar 100ft Road,13276,Weekday,False,Clear,False,0.0,False,False,0.405,Moderate,34.4,34.8,183.5,0.178,0.41,0.967,Moderate traffic flow - standard adaptive signal timing in effect
EVT438200,2025-08-25 19:54:51,Local Market Day,J009,Majestic,2983,Weekday,False,Rain,True,23.7,False,False,0.957,Severe,9.9,64.1,568.5,0.209,0.482,0.865,Heavy rain reducing visibility and grip - reduced speed and longer buffer advised
EVT438201,2026-02-06 08:28:58,Local Market Day,J009,Majestic,5806,Weekday,False,Clear,False,0.0,False,False,1.0,Severe,8.4,74.5,482.3,0.188,0.435,0.886,Heavy congestion detected - signal timing extended and reroute suggested
EVT438202,2025-03-21 08:49:22,Concert,J030,MG Road,13269,Weekday,False,Clear,False,0.0,False,False,1.0,Severe,9.8,73.3,407.4,0.21,0.485,0.91,Heavy congestion detected - signal timing extended and reroute suggested
EVT438203,2025-02-01 08:06:38,Political Rally,J012,Koramangala Sony World,15016,Weekend,False,Clear,False,0.0,False,False,0.842,Severe,12.8,61.9,281.2,0.1,0.231,0.948,Heavy congestion detected - signal timing extended and reroute suggested
EVT438204,2026-06-06 12:25:55,Local Market Day,J040,City Market,7511,Weekend,False,Clear,False,0.0,False,False,0.284,Low,34.0,21.6,90.2,0.083,0.191,0.98,Moderate traffic flow - standard adaptive signal timing in effect
EVT438205,2026-06-06 08:06:59,Concert,J012,Koramangala Sony World,11163,Weekend,False,Clear,False,0.0,False,False,0.794,Severe,16.1,57.2,426.2,0.222,0.512,0.941,Heavy congestion detected - signal timing extended and reroute suggested
EVT438206,2025-03-12 16:52:37,Local Market Day,J009,Majestic,5951,Weekday,False,Clear,False,0.0,False,False,0.7,High,17.8,45.3,276.1,0.179,0.413,0.958,Moderate traffic flow - standard adaptive signal timing in effect
EVT438207,2026-05-23 17:46:11,Concert,J023,Basavanagudi,15417,Weekend,False,Clear,False,0.0,False,False,0.832,Severe,16.2,60.5,335.7,0.192,0.443,0.93,Heavy congestion detected - signal timing extended and reroute suggested
EVT438208,2025-04-06 16:33:25,Cultural Procession,J011,Indiranagar 100ft Road,16035,Weekend,True,Clear,False,0.0,False,True,1.0,Severe,9.0,102.1,353.6,0.125,0.289,0.83,Road closure for event/procession - full detour recommended for through-traffic
EVT438209,2025-03-17 19:23:16,Trade Fair,J011,Indiranagar 100ft Road,9699,Weekday,False,Clear,False,0.0,False,False,0.908,Severe,11.8,66.8,507.5,0.231,0.533,0.951,Heavy congestion detected - signal timing extended and reroute suggested
EVT438210,2025-09-29 11:09:07,Local Market Day,J012,Koramangala Sony World,3417,Weekday,False,Clear,False,0.0,False,False,0.473,Moderate,25.7,39.5,188.9,0.149,0.344,0.945,Moderate traffic flow - standard adaptive signal timing in effect
EVT438211,2025-04-28 20:00:11,Local Market Day,J011,Indiranagar 100ft Road,3223,Weekday,False,Clear,False,0.0,False,False,0.723,High,15.6,53.2,306.7,0.154,0.357,0.968,Moderate traffic flow - standard adaptive signal timing in effect
EVT438212,2025-07-17 18:41:02,Trade Fair,J040,City Market,10343,Weekday,False,Fog,False,0.0,False,False,1.0,Severe,7.6,64.6,483.1,0.141,0.326,0.897,Heavy congestion detected - signal timing extended and reroute suggested
EVT438213,2025-08-20 00:33:31,Political Rally,J023,Basavanagudi,16794,Weekday,False,Clear,False,0.0,False,False,0.198,Low,37.0,16.2,139.6,0.127,0.294,0.972,Normal free-flow traffic - standard signal timing maintained
EVT438214,2026-02-20 14:27:44,Local Market Day,J031,Cubbon Road,6667,Weekday,False,Fog,False,0.0,False,False,0.253,Low,27.6,19.3,186.8,0.121,0.279,0.966,Moderate traffic flow - standard adaptive signal timing in effect
EVT438215,2026-05-18 08:49:06,Sports Fixture,J020,Malleshwaram Circle,12701,Weekday,False,Clear,False,0.0,False,False,1.0,Severe,8.1,70.0,511.8,0.187,0.432,0.897,Heavy congestion detected - signal timing extended and reroute suggested
EVT438216,2026-05-27 21:05:23,Concert,J040,City Market,14156,Weekday,False,Clear,False,0.0,False,False,0.488,Moderate,25.1,41.6,82.4,0.042,0.097,0.968,Moderate traffic flow - standard adaptive signal timing in effect
EVT438217,2025-03-04 17:53:48,Local Market Day,J030,MG Road,2018,Weekday,False,Clear,False,0.0,False,False,1.0,Severe,7.9,65.7,418.9,0.148,0.342,0.92,Heavy congestion detected - signal timing extended and reroute suggested
EVT438218,2026-04-21 10:58:13,Concert,J020,Malleshwaram Circle,8988,Weekday,False,Clear,False,0.0,False,False,0.502,Moderate,22.9,39.1,186.2,0.113,0.262,0.97,Moderate traffic flow - standard adaptive signal timing in effect
EVT438219,2025-04-24 07:36:25,Concert,J030,MG Road,10281,Weekday,False,Clear,False,0.0,False,False,0.798,Severe,13.2,55.5,458.2,0.201,0.465,0.965,Heavy congestion detected - signal timing extended and reroute suggested
EVT438220,2025-05-07 16:38:13,Trade Fair,J020,Malleshwaram Circle,8536,Weekday,False,Clear,False,0.0,False,False,0.661,High,14.6,44.6,374.3,0.175,0.403,0.971,Moderate traffic flow - standard adaptive signal timing in effect
EVT438221,2025-02-16 18:15:19,Sports Fixture,J011,Indiranagar 100ft Road,18222,Weekend,False,Clear,False,0.0,False,False,0.971,Severe,8.3,66.1,542.3,0.166,0.383,0.94,Heavy congestion detected - signal timing extended and reroute suggested
EVT438222,2025-09-10 18:32:03,Concert,J023,Basavanagudi,13370,Weekday,False,Heavy Rain,True,37.1,False,False,1.0,Severe,9.3,69.6,713.6,0.242,0.558,0.868,Heavy rain reducing visibility and grip - reduced speed and longer buffer advised
EVT438223,2025-06-11 13:23:17,Sports Fixture,J040,City Market,23241,Weekday,False,Clear,False,0.0,False,False,0.217,Low,35.2,15.1,111.4,0.109,0.251,0.982,Normal free-flow traffic - standard signal timing maintained
EVT438224,2025-11-06 12:35:13,Trade Fair,J030,MG Road,8011,Weekday,False,Clear,False,0.0,False,False,0.218,Low,33.7,13.7,119.7,0.108,0.25,0.974,Normal free-flow traffic - standard signal timing maintained
EVT438225,2025-12-25 19:04:20,Religious Festival,J011,Indiranagar 100ft Road,51674,Weekday,True,Clear,False,0.0,False,True,1.0,Severe,9.9,106.1,412.7,0.171,0.396,0.824,Road closure for event/procession - full detour recommended for through-traffic
EVT438226,2025-09-21 10:52:32,Local Market Day,J023,Basavanagudi,4869,Weekend,False,Clear,False,0.0,False,False,0.424,Moderate,27.7,31.9,175.3,0.118,0.272,0.967,Moderate traffic flow - standard adaptive signal timing in effect
EVT438227,2025-02-22 17:02:05,Sports Fixture,J011,Indiranagar 100ft Road,18805,Weekend,False,Light Rain,True,4.4,False,False,0.827,Severe,12.1,65.5,294.9,0.11,0.254,0.903,Heavy rain reducing visibility and grip - reduced speed and longer buffer advised
EVT438228,2026-04-20 06:41:08,Local Market Day,J012,Koramangala Sony World,3318,Weekday,False,Clear,False,0.0,False,False,0.375,Moderate,27.9,27.7,142.3,0.12,0.277,0.969,Moderate traffic flow - standard adaptive signal timing in effect
EVT438229,2026-03-28 18:28:05,Sports Fixture,J031,Cubbon Road,20012,Weekend,False,Clear,False,0.0,False,False,0.858,Severe,15.3,66.8,442.4,0.234,0.54,0.969,Heavy congestion detected - signal timing extended and reroute suggested
EVT438230,2026-03-08 12:08:30,Trade Fair,J031,Cubbon Road,10307,Weekend,False,Rain,True,12.7,False,False,0.506,Moderate,30.9,36.9,157.4,0.125,0.289,0.906,Light rain detected - minor speed reduction advised
EVT438231,2025-06-28 22:03:22,Sports Fixture,J040,City Market,22950,Weekend,False,Heavy Rain,True,52.1,False,False,0.8,Severe,14.2,58.4,231.1,0.117,0.271,0.883,Heavy rain reducing visibility and grip - reduced speed and longer buffer advised
EVT438232,2025-09-24 09:13:06,Concert,J030,MG Road,7955,Weekday,False,Clear,False,0.0,False,False,1.0,Severe,5.9,76.7,955.0,0.236,0.546,0.909,Heavy congestion detected - signal timing extended and reroute suggested
EVT438233,2025-08-06 07:13:35,Sports Fixture,J009,Majestic,21462,Weekday,False,Clear,False,0.0,False,False,0.605,High,22.2,44.7,188.4,0.155,0.358,0.951,Moderate traffic flow - standard adaptive signal timing in effect
EVT438234,2025-12-16 10:09:47,Local Market Day,J030,MG Road,7071,Weekday,False,Clear,False,0.0,False,False,0.791,Severe,16.7,58.6,359.5,0.205,0.473,0.946,Heavy congestion detected - signal timing extended and reroute suggested
EVT438235,2025-01-11 16:36:48,Local Market Day,J023,Basavanagudi,5242,Weekend,False,Light Rain,True,4.3,False,False,0.641,High,22.1,46.9,221.7,0.143,0.33,0.903,Heavy rain reducing visibility and grip - reduced speed and longer buffer advised
EVT438236,2025-07-30 09:00:44,Concert,J020,Malleshwaram Circle,8092,Weekday,False,Heavy Rain,True,27.8,False,False,1.0,Severe,8.5,68.9,654.0,0.229,0.528,0.896,Heavy rain reducing visibility and grip - reduced speed and longer buffer advised
EVT438237,2025-12-13 08:18:30,Trade Fair,J040,City Market,5977,Weekend,False,Clear,False,0.0,False,False,0.786,Severe,13.9,56.6,490.8,0.241,0.556,0.958,Heavy congestion detected - signal timing extended and reroute suggested
EVT438238,2025-06-13 23:38:34,Sports Fixture,J020,Malleshwaram Circle,16235,Weekday,False,Heavy Rain,True,38.5,False,False,0.613,High,24.1,44.3,317.1,0.25,0.577,0.891,Heavy rain reducing visibility and grip - reduced speed and longer buffer advised
EVT438239,2025-06-27 08:27:28,Concert,J012,Koramangala Sony World,9187,Weekday,False,Clear,False,0.0,False,False,1.0,Severe,8.2,74.8,407.6,0.14,0.323,0.914,Heavy congestion detected - signal timing extended and reroute suggested
EVT438240,2026-06-23 18:10:34,Concert,J020,Malleshwaram Circle,8161,Weekday,False,Light Rain,True,4.6,False,False,1.0,Severe,8.1,70.5,908.2,0.269,0.621,0.887,Heavy rain reducing visibility and grip - reduced speed and longer buffer advised
EVT438241,2026-05-08 09:46:41,Trade Fair,J030,MG Road,5927,Weekday,False,Clear,False,0.0,False,False,0.956,Severe,9.1,65.0,566.1,0.221,0.51,0.919,Heavy congestion detected - signal timing extended and reroute suggested
EVT438242,2026-02-27 22:14:33,Concert,J020,Malleshwaram Circle,12739,Weekday,False,Clear,False,0.0,False,False,0.237,Low,28.8,23.5,103.2,0.08,0.186,0.983,Normal free-flow traffic - standard signal timing maintained
EVT438243,2025-08-02 11:24:09,Local Market Day,J040,City Market,6130,Weekend,False,Clear,False,0.0,False,False,0.338,Low,30.1,24.7,98.4,0.068,0.158,0.958,Moderate traffic flow - standard adaptive signal timing in effect
EVT438244,2026-06-01 10:20:36,Local Market Day,J023,Basavanagudi,3887,Weekday,False,Clear,False,0.0,False,False,0.738,High,14.5,53.9,425.6,0.202,0.468,0.966,Moderate traffic flow - standard adaptive signal timing in effect
EVT438245,2025-08-12 19:44:57,Trade Fair,J023,Basavanagudi,9790,Weekday,False,Rain,True,16.1,False,False,1.0,Severe,7.7,71.8,640.0,0.19,0.438,0.868,Heavy rain reducing visibility and grip - reduced speed and longer buffer advised
EVT438246,2026-01-23 18:58:10,Concert,J031,Cubbon Road,13706,Weekday,False,Clear,False,0.0,False,False,1.0,Severe,9.0,69.0,278.7,0.126,0.29,0.911,Heavy congestion detected - signal timing extended and reroute suggested
EVT438247,2026-04-11 09:03:34,Sports Fixture,J030,MG Road,40192,Weekend,False,Clear,False,0.0,False,False,1.0,Severe,8.8,78.9,482.7,0.195,0.45,0.911,Heavy congestion detected - signal timing extended and reroute suggested
EVT438248,2025-04-26 14:43:06,Trade Fair,J020,Malleshwaram Circle,8652,Weekend,False,Clear,False,0.0,False,False,0.308,Low,31.6,22.5,135.3,0.1,0.231,0.99,Moderate traffic flow - standard adaptive signal timing in effect
EVT438249,2025-12-13 07:04:39,Sports Fixture,J031,Cubbon Road,20075,Weekend,False,Clear,False,0.0,False,False,0.574,High,24.9,36.4,91.6,0.077,0.177,0.96,Moderate traffic flow - standard adaptive signal timing in effect
EVT438250,2025-11-16 18:40:04,Local Market Day,J012,Koramangala Sony World,5135,Weekend,False,Clear,False,0.0,False,False,0.898,Severe,10.9,65.9,469.1,0.201,0.465,0.92,Heavy congestion detected - signal timing extended and reroute suggested
EVT438251,2025-02-19 20:22:47,Trade Fair,J031,Cubbon Road,13840,Weekday,False,Clear,False,0.0,False,False,0.703,High,21.7,49.0,158.5,0.103,0.239,0.974,Moderate traffic flow - standard adaptive signal timing in effect
EVT438252,2026-06-04 19:39:06,Sports Fixture,J040,City Market,13393,Weekday,False,Heavy Rain,True,37.9,False,False,1.0,Severe,8.0,72.5,355.3,0.129,0.298,0.853,Heavy rain reducing visibility and grip - reduced speed and longer buffer advised
EVT438253,2025-03-02 14:25:39,Concert,J012,Koramangala Sony World,10358,Weekend,False,Clear,False,0.0,False,False,0.284,Low,33.4,22.1,96.2,0.06,0.138,0.979,Moderate traffic flow - standard adaptive signal timing in effect
EVT438254,2025-06-21 08:03:05,Concert,J030,MG Road,9659,Weekend,False,Heavy Rain,True,50.0,False,False,1.0,Severe,7.4,71.1,851.1,0.27,0.625,0.844,Heavy rain reducing visibility and grip - reduced speed and longer buffer advised
EVT438255,2026-04-13 13:04:23,Trade Fair,J031,Cubbon Road,9460,Weekday,False,Light Rain,True,2.7,False,False,0.2,Low,36.2,12.4,175.2,0.179,0.412,0.929,Light rain detected - minor speed reduction advised
EVT438256,2025-02-11 17:36:25,Local Market Day,J011,Indiranagar 100ft Road,3785,Weekday,False,Clear,False,0.0,False,False,0.876,Severe,10.3,61.4,451.3,0.191,0.442,0.941,Heavy congestion detected - signal timing extended and reroute suggested
EVT438257,2026-05-09 07:48:02,Political Rally,J040,City Market,16354,Weekend,False,Fog,False,0.0,False,False,0.798,Severe,15.3,59.3,241.7,0.166,0.384,0.962,Heavy congestion detected - signal timing extended and reroute suggested
EVT438258,2025-10-16 07:16:34,Local Market Day,J020,Malleshwaram Circle,7504,Weekday,False,Rain,True,20.8,False,False,0.784,Severe,16.3,54.7,308.2,0.175,0.405,0.922,Heavy rain reducing visibility and grip - reduced speed and longer buffer advised
EVT438259,2026-05-17 22:28:58,Concert,J012,Koramangala Sony World,10587,Weekend,False,Clear,False,0.0,False,False,0.263,Low,31.5,17.9,162.7,0.145,0.334,0.955,Moderate traffic flow - standard adaptive signal timing in effect
EVT438260,2025-01-22 15:25:09,Local Market Day,J009,Majestic,6327,Weekday,False,Clear,False,0.0,False,False,0.353,Moderate,37.8,25.6,165.7,0.165,0.381,0.965,Moderate traffic flow - standard adaptive signal timing in effect
EVT438261,2025-07-11 12:21:33,Local Market Day,J023,Basavanagudi,5773,Weekday,False,Clear,False,0.0,False,False,0.215,Low,33.5,19.2,159.3,0.126,0.291,0.961,Normal free-flow traffic - standard signal timing maintained
EVT438262,2025-10-13 18:58:08,Concert,J031,Cubbon Road,16908,Weekday,False,Heavy Rain,True,28.1,False,False,1.0,Severe,8.1,70.0,868.8,0.277,0.639,0.855,Heavy rain reducing visibility and grip - reduced speed and longer buffer advised
EVT438263,2025-12-09 04:38:38,Local Market Day,J023,Basavanagudi,6019,Weekday,False,Clear,False,0.0,False,False,0.207,Low,36.4,16.2,206.8,0.193,0.447,0.959,Normal free-flow traffic - standard signal timing maintained
EVT438264,2025-12-14 18:02:23,Trade Fair,J031,Cubbon Road,7758,Weekend,False,Clear,False,0.0,False,False,0.888,Severe,11.3,60.8,338.2,0.145,0.336,0.937,Heavy congestion detected - signal timing extended and reroute suggested
EVT438265,2025-04-05 17:53:11,Political Rally,J030,MG Road,12534,Weekend,False,Clear,False,0.0,False,False,0.818,Severe,18.3,58.0,288.1,0.183,0.422,0.95,Heavy congestion detected - signal timing extended and reroute suggested
EVT438266,2025-10-14 17:43:30,Trade Fair,J040,City Market,10909,Weekday,False,Clear,False,0.0,False,False,1.0,Severe,8.4,72.7,463.8,0.173,0.399,0.91,Heavy congestion detected - signal timing extended and reroute suggested
EVT438267,2026-04-07 18:01:50,Local Market Day,J030,MG Road,2078,Weekday,False,Clear,False,0.0,False,False,0.953,Severe,9.0,64.1,391.0,0.133,0.308,0.944,Heavy congestion detected - signal timing extended and reroute suggested
EVT438268,2026-02-04 13:14:53,Sports Fixture,J020,Malleshwaram Circle,21943,Weekday,False,Clear,False,0.0,False,False,0.304,Low,32.7,28.7,159.1,0.125,0.288,0.969,Moderate traffic flow - standard adaptive signal timing in effect
EVT438269,2025-07-29 13:03:32,Concert,J023,Basavanagudi,12882,Weekday,False,Heavy Rain,True,27.6,False,False,0.44,Moderate,28.4,34.9,261.1,0.231,0.535,0.923,Light rain detected - minor speed reduction advised
EVT438270,2025-02-23 18:05:36,Local Market Day,J011,Indiranagar 100ft Road,2892,Weekend,False,Fog,False,0.0,False,False,0.829,Severe,12.1,63.0,268.9,0.127,0.292,0.938,Heavy congestion detected - signal timing extended and reroute suggested
EVT438271,2025-11-24 17:29:42,Sports Fixture,J011,Indiranagar 100ft Road,13553,Weekday,False,Clear,False,0.0,False,False,0.894,Severe,12.9,65.9,369.2,0.162,0.373,0.928,Heavy congestion detected - signal timing extended and reroute suggested
EVT438272,2026-01-19 18:21:46,Sports Fixture,J040,City Market,7781,Weekday,False,Clear,False,0.0,False,False,1.0,Severe,9.1,73.8,809.8,0.308,0.71,0.886,Heavy congestion detected - signal timing extended and reroute suggested
EVT438273,2025-09-01 07:54:23,Concert,J011,Indiranagar 100ft Road,16863,Weekday,False,Clear,False,0.0,False,False,0.822,Severe,13.2,61.7,328.7,0.149,0.345,0.945,Heavy congestion detected - signal timing extended and reroute suggested
EVT438274,2026-01-15 18:05:57,Religious Festival,J011,Indiranagar 100ft Road,34850,Weekday,True,Clear,False,0.0,False,True,1.0,Severe,8.4,98.0,617.0,0.218,0.504,0.842,Road closure for event/procession - full detour recommended for through-traffic
EVT438275,2025-09-11 08:51:51,Local Market Day,J012,Koramangala Sony World,5617,Weekday,False,Clear,False,0.0,False,False,0.973,Severe,9.0,73.2,581.6,0.208,0.481,0.93,Heavy congestion detected - signal timing extended and reroute suggested
EVT438276,2026-05-25 12:45:33,Concert,J020,Malleshwaram Circle,11177,Weekday,False,Clear,False,0.0,False,False,0.226,Low,31.0,20.4,128.3,0.111,0.255,0.99,Normal free-flow traffic - standard signal timing maintained
EVT438277,2025-02-06 18:29:03,Sports Fixture,J030,MG Road,20952,Weekday,False,Clear,False,0.0,False,False,1.0,Severe,7.1,77.8,587.2,0.2,0.461,0.904,Heavy congestion detected - signal timing extended and reroute suggested
EVT438278,2026-05-12 15:09:40,Local Market Day,J011,Indiranagar 100ft Road,3952,Weekday,False,Clear,False,0.0,False,False,0.251,Low,31.7,16.8,144.5,0.145,0.334,0.983,Moderate traffic flow - standard adaptive signal timing in effect
EVT438279,2026-04-21 17:20:46,Trade Fair,J011,Indiranagar 100ft Road,7006,Weekday,False,Clear,False,0.0,False,False,0.805,Severe,15.5,59.3,397.5,0.219,0.506,0.953,Heavy congestion detected - signal timing extended and reroute suggested
EVT438280,2026-05-07 16:20:43,Sports Fixture,J012,Koramangala Sony World,11352,Weekday,False,Clear,False,0.0,False,False,0.492,Moderate,22.8,40.4,205.4,0.134,0.31,0.94,Moderate traffic flow - standard adaptive signal timing in effect
EVT438281,2025-08-01 18:44:07,Sports Fixture,J031,Cubbon Road,19245,Weekday,False,Rain,True,11.6,False,False,1.0,Severe,11.1,66.5,238.1,0.11,0.254,0.853,Heavy rain reducing visibility and grip - reduced speed and longer buffer advised
EVT438282,2025-11-28 22:34:24,Concert,J011,Indiranagar 100ft Road,18466,Weekday,False,Clear,False,0.0,False,False,0.254,Low,31.6,18.2,133.5,0.111,0.257,0.974,Moderate traffic flow - standard adaptive signal timing in effect
EVT438283,2026-03-27 18:53:52,Cultural Procession,J012,Koramangala Sony World,12843,Weekday,True,Clear,False,0.0,False,True,1.0,Severe,8.5,108.6,749.8,0.248,0.572,0.83,Road closure for event/procession - full detour recommended for through-traffic
EVT438284,2025-05-05 17:08:42,Sports Fixture,J023,Basavanagudi,20124,Weekday,False,Rain,True,10.7,False,False,0.942,Severe,9.3,67.6,377.7,0.141,0.327,0.866,Heavy rain reducing visibility and grip - reduced speed and longer buffer advised
EVT438285,2025-12-30 07:13:11,Sports Fixture,J020,Malleshwaram Circle,22951,Weekday,False,Clear,False,0.0,False,False,0.519,Moderate,21.9,37.3,201.2,0.123,0.285,0.937,Moderate traffic flow - standard adaptive signal timing in effect
EVT438286,2025-04-20 07:01:20,Concert,J040,City Market,16698,Weekend,False,Clear,False,0.0,False,False,0.481,Moderate,24.9,30.1,275.7,0.21,0.484,0.967,Moderate traffic flow - standard adaptive signal timing in effect
EVT438287,2025-01-25 07:42:03,Concert,J020,Malleshwaram Circle,14971,Weekend,False,Clear,False,0.0,False,False,0.663,High,19.1,52.1,285.1,0.191,0.442,0.964,Moderate traffic flow - standard adaptive signal timing in effect
EVT438288,2025-01-28 11:48:11,Concert,J031,Cubbon Road,5897,Weekday,False,Clear,False,0.0,False,False,0.239,Low,40.0,11.7,161.0,0.166,0.383,0.945,Normal free-flow traffic - standard signal timing maintained
EVT438289,2026-04-30 14:14:20,Local Market Day,J009,Majestic,5979,Weekday,False,Fog,False,0.0,False,False,0.148,Low,25.9,11.8,211.9,0.162,0.375,0.966,Normal free-flow traffic - standard signal timing maintained
EVT438290,2026-06-02 18:35:12,Sports Fixture,J023,Basavanagudi,23909,Weekday,False,Clear,False,0.0,False,False,1.0,Severe,8.0,66.9,793.3,0.253,0.585,0.884,Heavy congestion detected - signal timing extended and reroute suggested
EVT438291,2025-08-18 08:28:23,Concert,J012,Koramangala Sony World,13239,Weekday,False,Light Rain,True,6.1,False,False,1.0,Severe,6.4,69.8,1193.4,0.301,0.695,0.88,Heavy rain reducing visibility and grip - reduced speed and longer buffer advised
EVT438292,2026-04-12 08:09:10,Sports Fixture,J030,MG Road,24379,Weekend,False,Clear,False,0.0,False,False,0.847,Severe,14.4,55.2,403.7,0.193,0.445,0.959,Heavy congestion detected - signal timing extended and reroute suggested
EVT438293,2025-08-23 09:26:50,Concert,J012,Koramangala Sony World,7572,Weekend,False,Clear,False,0.0,True,False,1.0,Severe,8.5,61.2,494.1,0.187,0.433,0.751,Accident detected nearby - reroute and reduced speed advised
EVT438294,2026-03-08 07:59:31,Concert,J023,Basavanagudi,11717,Weekend,False,Clear,False,0.0,False,False,0.712,High,17.7,58.3,182.3,0.097,0.223,0.989,Moderate traffic flow - standard adaptive signal timing in effect
EVT438295,2026-05-16 18:48:53,Local Market Day,J009,Majestic,2831,Weekend,False,Clear,False,0.0,False,False,0.856,Severe,9.2,58.4,522.0,0.192,0.444,0.926,Heavy congestion detected - signal timing extended and reroute suggested
EVT438296,2025-11-28 16:23:37,Local Market Day,J040,City Market,2209,Weekday,False,Light Rain,True,2.2,False,False,0.616,High,22.2,42.1,163.9,0.113,0.261,0.921,Heavy rain reducing visibility and grip - reduced speed and longer buffer advised
EVT438297,2025-10-31 16:33:00,Concert,J031,Cubbon Road,11933,Weekday,False,Rain,True,19.7,False,False,0.851,Severe,12.4,64.2,314.0,0.146,0.338,0.898,Heavy rain reducing visibility and grip - reduced speed and longer buffer advised
EVT438298,2026-05-04 21:45:11,Concert,J023,Basavanagudi,9067,Weekday,False,Clear,False,0.0,False,False,0.276,Low,30.4,9.5,145.4,0.121,0.279,0.99,Moderate traffic flow - standard adaptive signal timing in effect
EVT438299,2026-04-29 11:09:36,Sports Fixture,J023,Basavanagudi,24587,Weekday,False,Clear,False,0.0,False,False,0.507,Moderate,27.2,40.7,253.3,0.203,0.468,0.952,Moderate traffic flow - standard adaptive signal timing in effect
EVT438300,2025-10-05 09:36:53,Sports Fixture,J040,City Market,25414,Weekend,False,Clear,False,0.0,False,False,0.996,Severe,9.2,70.6,573.1,0.215,0.496,0.903,Heavy congestion detected - signal timing extended and reroute suggested
EVT438301,2025-09-16 07:29:53,Sports Fixture,J009,Majestic,22724,Weekday,False,Heavy Rain,True,46.3,False,False,0.975,Severe,9.9,65.6,478.2,0.178,0.411,0.898,Heavy rain reducing visibility and grip - reduced speed and longer buffer advised
EVT438302,2025-12-02 13:07:01,Concert,J012,Koramangala Sony World,9741,Weekday,False,Clear,False,0.0,False,False,0.211,Low,39.3,11.2,168.6,0.191,0.441,0.968,Normal free-flow traffic - standard signal timing maintained
EVT438303,2025-07-02 16:13:20,Concert,J030,MG Road,19440,Weekday,False,Heavy Rain,True,99.5,False,False,0.839,Severe,10.3,60.2,610.3,0.231,0.534,0.863,Heavy rain reducing visibility and grip - reduced speed and longer buffer advised
EVT438304,2025-05-10 11:06:27,Sports Fixture,J009,Majestic,31679,Weekend,False,Rain,True,20.7,False,False,0.787,Severe,16.0,55.2,292.5,0.156,0.361,0.912,Heavy rain reducing visibility and grip - reduced speed and longer buffer advised
EVT438305,2026-01-31 21:08:06,Concert,J023,Basavanagudi,11981,Weekend,False,Clear,False,0.0,False,False,0.427,Moderate,28.6,28.4,195.9,0.159,0.368,0.972,Moderate traffic flow - standard adaptive signal timing in effect
EVT438306,2025-04-02 06:58:38,Local Market Day,J009,Majestic,7750,Weekday,False,Clear,False,0.0,False,False,0.46,Moderate,23.7,29.5,255.5,0.176,0.406,0.957,Moderate traffic flow - standard adaptive signal timing in effect
EVT438307,2025-11-26 08:01:58,Concert,J011,Indiranagar 100ft Road,13123,Weekday,False,Clear,False,0.0,False,False,0.877,Severe,13.5,60.1,363.2,0.174,0.401,0.958,Heavy congestion detected - signal timing extended and reroute suggested
EVT438308,2025-11-19 18:39:10,Local Market Day,J023,Basavanagudi,2102,Weekday,False,Clear,False,0.0,False,False,1.0,Severe,10.4,69.3,416.0,0.185,0.428,0.915,Heavy congestion detected - signal timing extended and reroute suggested
EVT438309,2025-10-06 18:30:13,Trade Fair,J020,Malleshwaram Circle,11711,Weekday,False,Clear,False,0.0,False,False,0.994,Severe,7.7,67.2,593.7,0.178,0.411,0.894,Heavy congestion detected - signal timing extended and reroute suggested
EVT438310,2025-05-09 18:32:48,Political Rally,J012,Koramangala Sony World,14965,Weekday,False,Rain,True,14.6,False,False,1.0,Severe,8.5,68.4,612.3,0.227,0.524,0.868,Heavy rain reducing visibility and grip - reduced speed and longer buffer advised
EVT438311,2026-01-24 18:55:52,Political Rally,J011,Indiranagar 100ft Road,14846,Weekend,False,Clear,False,0.0,False,False,0.93,Severe,13.5,66.4,170.9,0.083,0.192,0.922,Heavy congestion detected - signal timing extended and reroute suggested
EVT438312,2026-03-15 11:17:27,Concert,J040,City Market,10670,Weekend,False,Clear,False,0.0,False,False,0.426,Moderate,24.6,28.6,182.8,0.121,0.28,0.969,Moderate traffic flow - standard adaptive signal timing in effect
EVT438313,2025-10-09 21:49:38,Trade Fair,J012,Koramangala Sony World,12313,Weekday,False,Clear,False,0.0,False,False,0.414,Moderate,23.3,23.3,192.2,0.148,0.342,0.949,Moderate traffic flow - standard adaptive signal timing in effect
EVT438314,2025-04-25 22:12:50,Sports Fixture,J031,Cubbon Road,31099,Weekday,False,Rain,True,9.3,False,False,0.446,Moderate,25.7,36.3,114.1,0.087,0.2,0.885,Light rain detected - minor speed reduction advised
EVT438315,2025-08-03 23:36:24,Concert,J023,Basavanagudi,13070,Weekend,False,Clear,False,0.0,False,False,0.339,Low,31.6,26.4,181.5,0.159,0.367,0.977,Moderate traffic flow - standard adaptive signal timing in effect
EVT438316,2025-07-10 14:02:37,Trade Fair,J023,Basavanagudi,8399,Weekday,False,Clear,False,0.0,False,False,0.181,Low,30.0,11.6,145.7,0.1,0.231,0.967,Normal free-flow traffic - standard signal timing maintained
EVT438317,2026-02-05 18:22:13,Concert,J030,MG Road,14719,Weekday,False,Clear,False,0.0,False,False,1.0,Severe,8.9,73.7,288.4,0.108,0.25,0.912,Heavy congestion detected - signal timing extended and reroute suggested
EVT438318,2026-04-07 10:24:55,Sports Fixture,J023,Basavanagudi,25756,Weekday,False,Clear,False,0.0,False,False,0.863,Severe,14.1,63.0,485.3,0.252,0.582,0.947,Heavy congestion detected - signal timing extended and reroute suggested
EVT438319,2026-05-11 09:45:47,Concert,J020,Malleshwaram Circle,11557,Weekday,False,Clear,False,0.0,False,False,0.918,Severe,12.4,64.7,360.6,0.172,0.397,0.945,Heavy congestion detected - signal timing extended and reroute suggested
EVT438320,2025-01-02 17:08:31,Concert,J011,Indiranagar 100ft Road,13742,Weekday,False,Clear,False,0.0,False,False,0.815,Severe,13.4,61.0,332.5,0.169,0.39,0.958,Heavy congestion detected - signal timing extended and reroute suggested
EVT438321,2026-02-06 15:38:45,Local Market Day,J040,City Market,7421,Weekday,False,Light Rain,True,7.4,False,False,0.461,Moderate,29.3,36.1,197.5,0.175,0.405,0.891,Light rain detected - minor speed reduction advised
EVT438322,2026-01-23 22:28:22,Concert,J031,Cubbon Road,6329,Weekday,False,Clear,False,0.0,False,False,0.197,Low,31.6,19.9,144.3,0.136,0.315,0.949,Normal free-flow traffic - standard signal timing maintained
EVT438323,2025-09-12 17:54:42,Political Rally,J040,City Market,13279,Weekday,False,Rain,True,13.4,False,False,1.0,Severe,9.6,77.4,608.7,0.24,0.554,0.866,Heavy rain reducing visibility and grip - reduced speed and longer buffer advised
EVT438324,2025-10-31 09:04:20,Sports Fixture,J031,Cubbon Road,18223,Weekday,False,Clear,False,0.0,False,False,1.0,Severe,7.0,79.1,698.0,0.218,0.504,0.934,Heavy congestion detected - signal timing extended and reroute suggested
EVT438325,2026-05-03 20:21:04,Sports Fixture,J020,Malleshwaram Circle,17311,Weekend,False,Fog,False,0.0,False,False,0.7,High,18.9,51.4,423.8,0.258,0.597,0.97,Moderate traffic flow - standard adaptive signal timing in effect
EVT438326,2025-09-05 08:42:47,Religious Festival,J009,Majestic,30174,Weekday,True,Clear,False,0.0,False,True,1.0,Severe,9.5,94.4,572.2,0.236,0.544,0.827,Road closure for event/procession - full detour recommended for through-traffic
EVT438327,2025-07-10 22:50:26,Local Market Day,J011,Indiranagar 100ft Road,2104,Weekday,False,Heavy Rain,True,46.2,False,False,0.529,Moderate,17.4,35.2,262.9,0.145,0.335,0.905,Light rain detected - minor speed reduction advised
EVT438328,2025-05-14 18:56:32,Sports Fixture,J030,MG Road,33188,Weekday,False,Fog,False,0.0,False,False,1.0,Severe,7.7,73.6,311.1,0.103,0.238,0.904,Heavy congestion detected - signal timing extended and reroute suggested
EVT438329,2025-05-01 15:59:43,Fireworks Display,J030,MG Road,19723,Weekday,True,Clear,False,0.0,False,False,0.716,High,19.9,52.5,263.5,0.169,0.39,0.909,Festival crowd surge detected - alternate route and extended cycle recommended
EVT438330,2025-10-17 17:06:03,Concert,J009,Majestic,13123,Weekday,False,Clear,False,0.0,False,False,0.847,Severe,14.5,66.0,372.6,0.193,0.446,0.932,Heavy congestion detected - signal timing extended and reroute suggested
EVT438331,2026-02-07 11:57:21,Concert,J020,Malleshwaram Circle,22066,Weekend,False,Clear,False,0.0,False,False,0.388,Moderate,34.4,28.3,139.9,0.144,0.332,0.973,Moderate traffic flow - standard adaptive signal timing in effect
EVT438332,2025-04-10 19:56:59,Local Market Day,J011,Indiranagar 100ft Road,1895,Weekday,False,Light Rain,True,3.0,False,False,0.795,Severe,13.5,57.1,215.9,0.116,0.267,0.9,Heavy rain reducing visibility and grip - reduced speed and longer buffer advised
EVT438333,2025-02-24 17:28:36,Sports Fixture,J040,City Market,21239,Weekday,False,Clear,False,0.0,False,False,0.966,Severe,10.0,67.6,533.2,0.215,0.497,0.923,Heavy congestion detected - signal timing extended and reroute suggested
EVT438334,2026-06-07 11:43:53,Trade Fair,J020,Malleshwaram Circle,10416,Weekend,False,Fog,False,0.0,False,False,0.326,Low,27.4,23.8,149.8,0.109,0.253,0.952,Moderate traffic flow - standard adaptive signal timing in effect
EVT438335,2026-05-05 21:40:07,Trade Fair,J023,Basavanagudi,10335,Weekday,False,Clear,False,0.0,False,False,0.274,Low,29.2,20.2,218.6,0.159,0.368,0.98,Moderate traffic flow - standard adaptive signal timing in effect
EVT438336,2025-09-20 05:27:32,Political Rally,J012,Koramangala Sony World,25998,Weekend,False,Heavy Rain,True,30.6,False,False,0.672,High,20.1,50.8,328.6,0.229,0.528,0.908,Heavy rain reducing visibility and grip - reduced speed and longer buffer advised
EVT438337,2025-05-03 07:39:45,Local Market Day,J009,Majestic,3372,Weekend,False,Rain,True,21.2,False,False,0.865,Severe,14.6,64.9,341.6,0.195,0.45,0.902,Heavy rain reducing visibility and grip - reduced speed and longer buffer advised
EVT438338,2025-11-10 21:08:04,Trade Fair,J020,Malleshwaram Circle,17012,Weekday,False,Clear,False,0.0,False,False,0.431,Moderate,21.3,31.7,168.4,0.096,0.222,0.99,Moderate traffic flow - standard adaptive signal timing in effect
EVT438339,2025-02-20 07:24:26,Concert,J030,MG Road,11093,Weekday,False,Clear,False,0.0,False,False,0.57,High,28.8,38.9,187.8,0.157,0.362,0.958,Moderate traffic flow - standard adaptive signal timing in effect
EVT438340,2025-05-24 21:20:12,Local Market Day,J012,Koramangala Sony World,3358,Weekend,False,Clear,False,0.0,False,False,0.292,Low,31.7,19.0,101.7,0.093,0.214,0.964,Moderate traffic flow - standard adaptive signal timing in effect
EVT438341,2026-03-04 16:25:26,Religious Festival,J011,Indiranagar 100ft Road,59336,Weekday,True,Clear,False,0.0,False,True,1.0,Severe,9.2,97.0,719.2,0.267,0.617,0.837,Road closure for event/procession - full detour recommended for through-traffic
EVT438342,2025-10-11 22:53:28,Sports Fixture,J020,Malleshwaram Circle,34343,Weekend,False,Clear,False,0.0,False,False,0.429,Moderate,28.6,32.3,117.1,0.091,0.209,0.957,Moderate traffic flow - standard adaptive signal timing in effect
EVT438343,2025-01-17 20:03:39,Local Market Day,J012,Koramangala Sony World,5017,Weekday,False,Clear,False,0.0,False,False,0.728,High,19.4,59.7,279.5,0.183,0.424,0.979,Moderate traffic flow - standard adaptive signal timing in effect
EVT438344,2025-04-04 13:29:01,Sports Fixture,J020,Malleshwaram Circle,16130,Weekday,False,Clear,False,0.0,False,False,0.188,Low,25.7,16.2,224.6,0.145,0.334,0.937,Normal free-flow traffic - standard signal timing maintained
EVT438345,2026-04-25 20:38:04,Sports Fixture,J020,Malleshwaram Circle,29483,Weekend,False,Clear,False,0.0,False,False,0.66,High,21.6,44.5,247.5,0.175,0.405,0.97,Moderate traffic flow - standard adaptive signal timing in effect
EVT438346,2026-03-06 18:27:54,Sports Fixture,J011,Indiranagar 100ft Road,11245,Weekday,False,Light Rain,True,1.1,False,False,1.0,Severe,6.8,69.4,745.9,0.224,0.517,0.849,Heavy rain reducing visibility and grip - reduced speed and longer buffer advised
EVT438347,2025-12-30 13:10:28,Sports Fixture,J040,City Market,28106,Weekday,False,Clear,False,0.0,False,False,0.317,Low,31.4,27.6,201.4,0.159,0.367,0.935,Moderate traffic flow - standard adaptive signal timing in effect
EVT438348,2025-12-20 20:24:04,Local Market Day,J011,Indiranagar 100ft Road,4248,Weekend,False,Clear,False,0.0,False,False,0.534,Moderate,26.4,33.9,151.9,0.111,0.255,0.954,Moderate traffic flow - standard adaptive signal timing in effect
EVT438349,2025-12-26 23:06:50,Fireworks Display,J011,Indiranagar 100ft Road,15958,Weekday,True,Clear,False,0.0,False,False,0.403,Moderate,26.9,28.4,338.1,0.276,0.637,0.909,Moderate traffic flow - standard adaptive signal timing in effect
EVT438350,2025-12-09 19:16:31,Local Market Day,J031,Cubbon Road,5124,Weekday,False,Clear,False,0.0,False,False,0.871,Severe,14.1,55.5,413.9,0.209,0.483,0.945,Heavy congestion detected - signal timing extended and reroute suggested
EVT438351,2025-03-04 14:03:17,Concert,J030,MG Road,7630,Weekday,False,Clear,False,0.0,False,False,0.286,Low,31.0,24.3,115.1,0.097,0.224,0.976,Moderate traffic flow - standard adaptive signal timing in effect
EVT438352,2026-03-06 09:52:59,Sports Fixture,J030,MG Road,23266,Weekday,False,Clear,False,0.0,False,False,1.0,Severe,8.4,70.3,466.1,0.177,0.409,0.924,Heavy congestion detected - signal timing extended and reroute suggested
EVT438353,2025-06-14 07:59:53,Local Market Day,J011,Indiranagar 100ft Road,2565,Weekend,False,Clear,False,0.0,False,False,0.616,High,22.4,49.4,106.0,0.077,0.177,0.967,Moderate traffic flow - standard adaptive signal timing in effect
EVT438354,2025-05-14 19:10:48,Local Market Day,J020,Malleshwaram Circle,1917,Weekday,False,Clear,False,0.0,False,False,0.933,Severe,10.4,63.9,569.6,0.247,0.571,0.93,Heavy congestion detected - signal timing extended and reroute suggested
EVT438355,2025-05-28 12:47:27,Local Market Day,J009,Majestic,6106,Weekday,False,Clear,False,0.0,False,False,0.173,Low,33.3,13.2,86.9,0.07,0.161,0.975,Normal free-flow traffic - standard signal timing maintained
EVT438356,2026-03-17 13:50:52,Trade Fair,J012,Koramangala Sony World,5612,Weekday,False,Clear,False,0.0,False,False,0.224,Low,27.2,13.2,195.7,0.139,0.32,0.964,Normal free-flow traffic - standard signal timing maintained
EVT438357,2026-01-31 09:55:18,Concert,J020,Malleshwaram Circle,10394,Weekend,False,Clear,False,0.0,False,False,0.743,High,18.0,51.8,451.8,0.284,0.656,0.979,Moderate traffic flow - standard adaptive signal timing in effect
EVT438358,2025-08-27 08:51:06,Religious Festival,J012,Koramangala Sony World,48482,Weekday,True,Rain,True,21.5,False,True,1.0,Severe,9.5,95.1,580.8,0.24,0.554,0.766,Road closure for event/procession - full detour recommended for through-traffic
EVT438359,2025-08-31 09:04:42,Political Rally,J020,Malleshwaram Circle,19548,Weekend,False,Heavy Rain,True,42.6,False,False,1.0,Severe,7.6,70.9,596.7,0.202,0.467,0.88,Heavy rain reducing visibility and grip - reduced speed and longer buffer advised
EVT438360,2025-08-06 16:34:23,Trade Fair,J031,Cubbon Road,7866,Weekday,False,Heavy Rain,True,39.5,False,False,0.967,Severe,8.5,70.8,646.2,0.21,0.485,0.877,Heavy rain reducing visibility and grip - reduced speed and longer buffer advised
EVT438361,2026-01-16 14:19:35,Local Market Day,J030,MG Road,7196,Weekday,False,Clear,False,0.0,False,False,0.19,Low,40.2,13.8,87.6,0.073,0.169,0.981,Normal free-flow traffic - standard signal timing maintained
EVT438362,2025-01-14 16:13:26,Cultural Procession,J040,City Market,12513,Weekday,True,Clear,False,0.0,False,False,0.734,High,13.9,55.8,445.6,0.215,0.496,0.923,Festival crowd surge detected - alternate route and extended cycle recommended
EVT438363,2026-01-18 19:34:13,Sports Fixture,J009,Majestic,15406,Weekend,False,Clear,False,0.0,False,False,0.865,Severe,14.5,66.8,196.2,0.09,0.207,0.932,Heavy congestion detected - signal timing extended and reroute suggested
EVT438364,2025-11-04 16:12:05,Local Market Day,J012,Koramangala Sony World,4043,Weekday,False,Clear,False,0.0,False,False,0.406,Moderate,19.4,34.7,161.3,0.097,0.223,0.969,Moderate traffic flow - standard adaptive signal timing in effect
EVT438365,2025-11-29 17:48:32,Local Market Day,J011,Indiranagar 100ft Road,3860,Weekend,False,Clear,False,0.0,False,False,0.811,Severe,14.0,56.8,356.7,0.211,0.487,0.948,Heavy congestion detected - signal timing extended and reroute suggested
EVT438366,2025-06-11 18:05:07,Local Market Day,J023,Basavanagudi,6348,Weekday,False,Heavy Rain,True,39.6,False,False,1.0,Severe,10.0,76.8,529.8,0.227,0.524,0.889,Heavy rain reducing visibility and grip - reduced speed and longer buffer advised
EVT438367,2026-06-18 05:30:59,Political Rally,J040,City Market,11756,Weekday,False,Clear,False,0.0,False,False,0.194,Low,36.9,15.8,79.1,0.086,0.198,0.963,Normal free-flow traffic - standard signal timing maintained
EVT438368,2026-03-09 22:27:26,Local Market Day,J031,Cubbon Road,5448,Weekday,False,Light Rain,True,3.2,False,False,0.254,Low,31.6,19.3,209.5,0.166,0.383,0.919,Light rain detected - minor speed reduction advised
EVT438369,2026-06-24 11:28:48,Concert,J011,Indiranagar 100ft Road,12313,Weekday,False,Clear,False,0.0,False,False,0.353,Moderate,32.1,25.5,212.2,0.208,0.48,0.937,Moderate traffic flow - standard adaptive signal timing in effect
EVT438370,2025-12-24 16:46:46,Local Market Day,J020,Malleshwaram Circle,5293,Weekday,False,Clear,False,0.0,False,False,0.617,High,19.8,45.2,181.1,0.113,0.26,0.977,Moderate traffic flow - standard adaptive signal timing in effect
EVT438371,2025-09-09 16:41:24,Political Rally,J020,Malleshwaram Circle,28618,Weekday,False,Clear,False,0.0,False,False,0.759,Severe,16.3,56.6,251.4,0.146,0.336,0.975,Heavy congestion detected - signal timing extended and reroute suggested
EVT438372,2025-02-16 19:07:20,Local Market Day,J031,Cubbon Road,2639,Weekend,False,Clear,False,0.0,False,False,0.839,Severe,13.1,60.9,363.1,0.183,0.424,0.944,Heavy congestion detected - signal timing extended and reroute suggested
EVT438373,2025-12-25 00:48:17,Cultural Procession,J040,City Market,14908,Weekday,True,Clear,False,0.0,False,False,0.48,Moderate,29.7,36.5,226.8,0.181,0.417,0.921,Moderate traffic flow - standard adaptive signal timing in effect
EVT438374,2025-09-08 11:30:17,Concert,J031,Cubbon Road,16276,Weekday,False,Clear,False,0.0,False,False,0.321,Low,28.1,26.6,167.8,0.125,0.289,0.955,Moderate traffic flow - standard adaptive signal timing in effect
EVT438375,2026-04-08 19:19:39,Sports Fixture,J023,Basavanagudi,42714,Weekday,False,Clear,False,0.0,False,False,1.0,Severe,10.1,70.4,319.8,0.114,0.262,0.911,Heavy congestion detected - signal timing extended and reroute suggested
EVT438376,2025-10-24 20:27:53,Political Rally,J030,MG Road,25624,Weekday,False,Light Rain,True,4.8,False,False,0.778,Severe,16.1,53.4,360.3,0.19,0.438,0.905,Heavy rain reducing visibility and grip - reduced speed and longer buffer advised
EVT438377,2025-03-06 19:23:56,Sports Fixture,J040,City Market,17216,Weekday,False,Light Rain,True,5.1,False,False,1.0,Severe,8.6,72.3,573.6,0.221,0.511,0.851,Heavy rain reducing visibility and grip - reduced speed and longer buffer advised
EVT438378,2026-03-03 17:28:32,Concert,J023,Basavanagudi,10034,Weekday,False,Clear,False,0.0,False,False,0.85,Severe,10.0,58.5,677.6,0.273,0.631,0.933,Heavy congestion detected - signal timing extended and reroute suggested
EVT438379,2025-02-10 08:35:56,Sports Fixture,J031,Cubbon Road,16242,Weekday,False,Clear,False,0.0,False,False,1.0,Severe,8.4,75.4,480.1,0.179,0.413,0.91,Heavy congestion detected - signal timing extended and reroute suggested
EVT438380,2025-09-03 12:50:28,Concert,J020,Malleshwaram Circle,13143,Weekday,False,Clear,False,0.0,False,False,0.258,Low,31.9,23.2,80.5,0.056,0.13,0.952,Moderate traffic flow - standard adaptive signal timing in effect
EVT438381,2025-12-02 08:45:45,Concert,J020,Malleshwaram Circle,8889,Weekday,False,Clear,False,0.0,False,False,1.0,Severe,7.7,72.6,545.2,0.178,0.411,0.925,Heavy congestion detected - signal timing extended and reroute suggested
EVT438382,2025-03-22 18:49:14,Sports Fixture,J030,MG Road,25693,Weekend,False,Clear,False,0.0,False,False,0.944,Severe,11.2,64.6,292.4,0.137,0.317,0.926,Heavy congestion detected - signal timing extended and reroute suggested
EVT438383,2025-01-16 17:04:29,Trade Fair,J030,MG Road,21080,Weekday,False,Clear,False,0.0,False,False,0.878,Severe,12.9,60.8,439.3,0.197,0.455,0.936,Heavy congestion detected - signal timing extended and reroute suggested
EVT438384,2026-05-26 18:53:46,Trade Fair,J011,Indiranagar 100ft Road,8795,Weekday,False,Heavy Rain,True,48.3,False,False,1.0,Severe,6.6,73.9,836.2,0.219,0.506,0.867,Heavy rain reducing visibility and grip - reduced speed and longer buffer advised
EVT438385,2025-06-01 16:06:06,Concert,J020,Malleshwaram Circle,11072,Weekend,False,Fog,False,0.0,False,False,0.441,Moderate,27.5,36.4,252.9,0.199,0.459,0.976,Moderate traffic flow - standard adaptive signal timing in effect
EVT438386,2026-04-23 10:07:12,Local Market Day,J023,Basavanagudi,3438,Weekday,False,Clear,False,0.0,False,False,0.71,High,19.7,45.1,337.3,0.206,0.477,0.967,Moderate traffic flow - standard adaptive signal timing in effect
EVT438387,2025-03-16 19:13:39,Sports Fixture,J009,Majestic,28427,Weekend,False,Clear,False,0.0,False,False,0.951,Severe,9.9,65.7,540.5,0.188,0.435,0.933,Heavy congestion detected - signal timing extended and reroute suggested
EVT438388,2025-09-03 18:22:19,Trade Fair,J031,Cubbon Road,5708,Weekday,False,Rain,True,13.7,False,False,1.0,Severe,7.7,65.5,514.1,0.17,0.392,0.84,Heavy rain reducing visibility and grip - reduced speed and longer buffer advised
EVT438389,2025-09-27 20:39:34,Local Market Day,J030,MG Road,3999,Weekend,False,Clear,False,0.0,False,False,0.483,Moderate,28.0,27.6,270.3,0.252,0.583,0.986,Moderate traffic flow - standard adaptive signal timing in effect
EVT438390,2026-04-10 14:29:08,Sports Fixture,J011,Indiranagar 100ft Road,37400,Weekday,False,Clear,False,0.0,False,False,0.356,Moderate,33.6,25.9,158.3,0.148,0.343,0.956,Moderate traffic flow - standard adaptive signal timing in effect
EVT438391,2025-09-04 10:41:56,Local Market Day,J040,City Market,2761,Weekday,False,Clear,False,0.0,False,False,0.502,Moderate,19.6,35.3,317.2,0.183,0.423,0.974,Moderate traffic flow - standard adaptive signal timing in effect
EVT438392,2025-07-30 18:50:25,Political Rally,J040,City Market,6145,Weekday,False,Clear,False,0.0,False,False,0.954,Severe,12.8,63.4,560.9,0.284,0.655,0.949,Heavy congestion detected - signal timing extended and reroute suggested
EVT438393,2026-06-03 06:07:16,Local Market Day,J011,Indiranagar 100ft Road,4969,Weekday,False,Clear,False,0.0,False,False,0.312,Low,32.0,26.1,63.7,0.046,0.106,0.986,Moderate traffic flow - standard adaptive signal timing in effect
EVT438394,2026-02-15 15:26:15,Local Market Day,J023,Basavanagudi,2656,Weekend,False,Clear,False,0.0,False,False,0.354,Moderate,30.2,22.0,152.6,0.144,0.333,0.945,Moderate traffic flow - standard adaptive signal timing in effect
EVT438395,2026-05-25 09:38:47,Concert,J020,Malleshwaram Circle,11752,Weekday,False,Rain,True,17.1,False,False,1.0,Severe,9.3,72.0,464.8,0.181,0.418,0.847,Heavy rain reducing visibility and grip - reduced speed and longer buffer advised
EVT438396,2025-04-26 17:18:30,Local Market Day,J012,Koramangala Sony World,4164,Weekend,False,Clear,False,0.0,False,False,0.679,High,21.6,39.6,89.6,0.049,0.114,0.971,Moderate traffic flow - standard adaptive signal timing in effect
EVT438397,2026-01-29 13:02:48,Trade Fair,J011,Indiranagar 100ft Road,9923,Weekday,False,Clear,False,0.0,False,False,0.203,Low,40.9,14.9,166.9,0.171,0.395,0.979,Normal free-flow traffic - standard signal timing maintained
EVT438398,2025-10-31 19:29:41,Concert,J009,Majestic,20418,Weekday,False,Rain,True,11.1,False,False,1.0,Severe,7.4,76.3,704.2,0.221,0.51,0.849,Heavy rain reducing visibility and grip - reduced speed and longer buffer advised
EVT438399,2026-01-18 16:36:15,Political Rally,J040,City Market,17626,Weekend,False,Clear,False,0.0,False,False,0.611,High,21.9,44.9,246.8,0.173,0.401,0.966,Moderate traffic flow - standard adaptive signal timing in effect
EVT438400,2025-12-04 16:06:14,Trade Fair,J020,Malleshwaram Circle,11611,Weekday,False,Clear,False,0.0,False,False,0.497,Moderate,21.5,35.0,252.6,0.166,0.383,0.952,Moderate traffic flow - standard adaptive signal timing in effect
EVT438401,2025-03-21 17:02:24,Sports Fixture,J020,Malleshwaram Circle,26287,Weekday,False,Clear,False,0.0,False,False,0.91,Severe,13.3,66.6,143.2,0.075,0.173,0.918,Heavy congestion detected - signal timing extended and reroute suggested
EVT438402,2025-11-12 14:14:54,Sports Fixture,J031,Cubbon Road,16664,Weekday,False,Fog,False,0.0,False,False,0.252,Low,36.1,14.1,139.7,0.129,0.299,0.947,Moderate traffic flow - standard adaptive signal timing in effect
EVT438403,2025-09-08 07:29:02,Trade Fair,J011,Indiranagar 100ft Road,8532,Weekday,False,Clear,False,0.0,False,False,0.641,High,20.1,42.4,241.4,0.145,0.334,0.957,Moderate traffic flow - standard adaptive signal timing in effect
EVT438404,2025-12-12 18:57:07,Trade Fair,J009,Majestic,11145,Weekday,False,Clear,False,0.0,False,False,1.0,Severe,9.4,70.5,186.3,0.088,0.204,0.887,Heavy congestion detected - signal timing extended and reroute suggested
EVT438405,2026-03-03 11:07:38,Concert,J009,Majestic,13959,Weekday,False,Clear,False,0.0,False,False,0.421,Moderate,28.9,34.4,192.0,0.148,0.343,0.965,Moderate traffic flow - standard adaptive signal timing in effect
EVT438406,2025-07-31 19:22:16,Trade Fair,J011,Indiranagar 100ft Road,13747,Weekday,False,Clear,False,0.0,False,False,0.942,Severe,8.5,69.9,437.6,0.184,0.425,0.935,Heavy congestion detected - signal timing extended and reroute suggested
EVT438407,2025-02-24 19:31:17,Sports Fixture,J023,Basavanagudi,14654,Weekday,False,Clear,False,0.0,False,False,0.977,Severe,8.6,70.2,286.7,0.119,0.274,0.921,Heavy congestion detected - signal timing extended and reroute suggested
EVT438408,2025-09-17 23:15:27,Concert,J011,Indiranagar 100ft Road,13597,Weekday,False,Clear,False,0.0,False,False,0.23,Low,24.9,16.3,157.7,0.116,0.267,0.99,Normal free-flow traffic - standard signal timing maintained
EVT438409,2025-09-09 14:23:30,Political Rally,J009,Majestic,23680,Weekday,False,Rain,True,21.0,False,False,0.599,High,23.3,37.0,193.6,0.122,0.283,0.925,Heavy rain reducing visibility and grip - reduced speed and longer buffer advised
EVT438410,2025-07-27 07:04:22,Sports Fixture,J012,Koramangala Sony World,20531,Weekend,False,Heavy Rain,True,42.7,False,False,0.889,Severe,12.8,66.9,469.4,0.211,0.488,0.854,Heavy rain reducing visibility and grip - reduced speed and longer buffer advised
EVT438411,2026-06-18 21:09:50,Sports Fixture,J023,Basavanagudi,16422,Weekday,False,Clear,False,0.0,False,False,0.526,Moderate,22.3,47.3,144.3,0.097,0.223,0.99,Moderate traffic flow - standard adaptive signal timing in effect
EVT438412,2025-01-09 12:20:29,Local Market Day,J031,Cubbon Road,4201,Weekday,False,Clear,False,0.0,False,False,0.203,Low,38.3,16.1,124.6,0.12,0.278,0.963,Normal free-flow traffic - standard signal timing maintained
EVT438413,2026-03-24 19:33:45,Political Rally,J023,Basavanagudi,10117,Weekday,False,Clear,False,0.0,False,False,0.94,Severe,9.8,73.3,492.6,0.209,0.482,0.939,Heavy congestion detected - signal timing extended and reroute suggested
EVT438414,2026-03-03 15:24:42,Sports Fixture,J040,City Market,23263,Weekday,False,Clear,False,0.0,False,False,0.438,Moderate,34.0,30.8,102.8,0.092,0.212,0.979,Moderate traffic flow - standard adaptive signal timing in effect
EVT438415,2026-04-24 10:46:58,Sports Fixture,J031,Cubbon Road,36916,Weekday,False,Clear,False,0.0,False,False,0.696,High,19.5,49.3,246.1,0.163,0.377,0.965,Moderate traffic flow - standard adaptive signal timing in effect
EVT438416,2025-02-17 17:25:17,Local Market Day,J020,Malleshwaram Circle,6073,Weekday,False,Clear,False,0.0,False,False,0.902,Severe,13.1,65.7,493.0,0.231,0.534,0.935,Heavy congestion detected - signal timing extended and reroute suggested
EVT438417,2026-05-06 11:45:16,Local Market Day,J012,Koramangala Sony World,4879,Weekday,False,Clear,False,0.0,False,False,0.23,Low,31.8,14.7,72.3,0.052,0.119,0.96,Normal free-flow traffic - standard signal timing maintained
EVT438418,2025-01-07 19:58:26,Local Market Day,J012,Koramangala Sony World,7595,Weekday,False,Clear,False,0.0,False,False,0.712,High,18.1,58.4,260.7,0.154,0.356,0.946,Moderate traffic flow - standard adaptive signal timing in effect
EVT438419,2025-03-22 21:49:47,Trade Fair,J009,Majestic,5463,Weekend,False,Clear,False,0.0,False,False,0.274,Low,29.8,19.2,84.1,0.056,0.13,0.99,Moderate traffic flow - standard adaptive signal timing in effect
EVT438420,2026-01-29 14:43:16,Local Market Day,J040,City Market,2198,Weekday,False,Clear,False,0.0,False,False,0.185,Low,31.2,15.5,204.4,0.16,0.37,0.947,Normal free-flow traffic - standard signal timing maintained
EVT438421,2026-03-18 17:32:42,Sports Fixture,J031,Cubbon Road,22084,Weekday,False,Clear,False,0.0,False,False,0.983,Severe,9.5,68.8,579.5,0.212,0.491,0.939,Heavy congestion detected - signal timing extended and reroute suggested
EVT438422,2025-10-24 08:29:16,Concert,J009,Majestic,11714,Weekday,False,Clear,False,0.0,False,False,1.0,Severe,7.6,71.3,1000.1,0.306,0.706,0.911,Heavy congestion detected - signal timing extended and reroute suggested
EVT438423,2025-12-08 09:27:18,Local Market Day,J040,City Market,3105,Weekday,False,Clear,False,0.0,False,False,0.972,Severe,7.1,70.5,254.8,0.08,0.185,0.909,Heavy congestion detected - signal timing extended and reroute suggested
EVT438424,2025-07-08 15:37:30,Sports Fixture,J012,Koramangala Sony World,15356,Weekday,False,Clear,False,0.0,False,False,0.381,Moderate,28.5,32.2,156.6,0.102,0.235,0.976,Moderate traffic flow - standard adaptive signal timing in effect
EVT438425,2025-06-15 10:13:23,Local Market Day,J012,Koramangala Sony World,4112,Weekend,False,Rain,True,9.0,False,False,0.791,Severe,14.4,57.3,330.1,0.172,0.396,0.891,Heavy rain reducing visibility and grip - reduced speed and longer buffer advised
EVT438426,2025-05-17 14:14:43,Sports Fixture,J020,Malleshwaram Circle,30241,Weekend,False,Clear,False,0.0,False,False,0.373,Moderate,22.7,24.9,312.2,0.189,0.436,0.99,Moderate traffic flow - standard adaptive signal timing in effect
EVT438427,2025-04-01 11:05:02,Local Market Day,J030,MG Road,3265,Weekday,False,Clear,False,0.0,False,False,0.431,Moderate,25.3,31.4,186.1,0.142,0.328,0.969,Moderate traffic flow - standard adaptive signal timing in effect
EVT438428,2025-05-22 00:10:04,Local Market Day,J009,Majestic,4626,Weekday,False,Rain,True,18.6,False,False,0.396,Moderate,31.2,28.4,139.9,0.127,0.294,0.899,Light rain detected - minor speed reduction advised
EVT438429,2025-11-01 17:22:30,Cultural Procession,J020,Malleshwaram Circle,39237,Weekend,True,Light Rain,True,7.1,False,True,1.0,Severe,9.8,100.0,496.8,0.193,0.446,0.795,Road closure for event/procession - full detour recommended for through-traffic
EVT438430,2025-08-21 06:20:45,Local Market Day,J040,City Market,4814,Weekday,False,Clear,False,0.0,False,False,0.222,Low,33.0,16.0,113.4,0.099,0.229,0.948,Normal free-flow traffic - standard signal timing maintained
EVT438431,2025-11-26 07:26:22,Political Rally,J031,Cubbon Road,11147,Weekday,False,Clear,False,0.0,False,False,0.659,High,18.3,49.5,140.1,0.088,0.202,0.986,Moderate traffic flow - standard adaptive signal timing in effect
EVT438432,2025-12-12 00:12:20,Local Market Day,J040,City Market,3546,Weekday,False,Clear,False,0.0,False,False,0.112,Low,43.4,12.9,137.6,0.16,0.369,0.981,Normal free-flow traffic - standard signal timing maintained
EVT438433,2025-03-24 16:12:09,Sports Fixture,J012,Koramangala Sony World,20387,Weekday,False,Clear,False,0.0,False,False,0.582,High,22.4,47.8,322.7,0.211,0.488,0.942,Moderate traffic flow - standard adaptive signal timing in effect
EVT438434,2026-02-19 06:57:38,Local Market Day,J031,Cubbon Road,4864,Weekday,False,Clear,False,0.0,False,False,0.386,Moderate,18.3,23.6,123.5,0.06,0.138,0.956,Moderate traffic flow - standard adaptive signal timing in effect
EVT438435,2025-06-13 11:30:36,Concert,J009,Majestic,5604,Weekday,False,Clear,False,0.0,False,False,0.223,Low,31.6,10.8,168.1,0.139,0.322,0.979,Normal free-flow traffic - standard signal timing maintained
EVT438436,2025-03-21 13:25:51,Trade Fair,J020,Malleshwaram Circle,8908,Weekday,False,Clear,False,0.0,False,False,0.289,Low,33.0,28.2,255.0,0.228,0.526,0.98,Moderate traffic flow - standard adaptive signal timing in effect
EVT438437,2025-09-25 12:19:32,Sports Fixture,J011,Indiranagar 100ft Road,15938,Weekday,False,Rain,True,15.8,False,False,0.413,Moderate,32.3,23.4,135.4,0.113,0.262,0.938,Light rain detected - minor speed reduction advised
EVT438438,2025-06-16 21:10:40,Sports Fixture,J023,Basavanagudi,32419,Weekday,False,Rain,True,10.2,False,False,0.737,High,19.6,52.2,347.7,0.21,0.485,0.905,Heavy rain reducing visibility and grip - reduced speed and longer buffer advised
EVT438439,2025-05-02 12:51:48,Fireworks Display,J023,Basavanagudi,32221,Weekday,True,Clear,False,0.0,False,False,0.613,High,18.8,44.4,241.9,0.141,0.326,0.919,Festival crowd surge detected - alternate route and extended cycle recommended
EVT438440,2025-04-25 14:56:32,Concert,J030,MG Road,9346,Weekday,False,Clear,False,0.0,False,False,0.248,Low,36.2,14.6,128.1,0.141,0.325,0.955,Normal free-flow traffic - standard signal timing maintained
EVT438441,2025-03-02 07:30:27,Local Market Day,J040,City Market,2138,Weekend,False,Clear,False,0.0,False,False,0.556,High,32.7,44.2,188.2,0.175,0.404,0.952,Moderate traffic flow - standard adaptive signal timing in effect
EVT438442,2025-02-08 17:32:23,Concert,J031,Cubbon Road,13815,Weekend,False,Clear,False,0.0,False,False,0.845,Severe,14.5,57.9,450.3,0.239,0.553,0.941,Heavy congestion detected - signal timing extended and reroute suggested
EVT438443,2025-07-18 06:07:50,Trade Fair,J031,Cubbon Road,19323,Weekday,False,Clear,False,0.0,False,False,0.341,Low,27.8,24.6,148.1,0.12,0.277,0.99,Moderate traffic flow - standard adaptive signal timing in effect
EVT438444,2026-02-11 08:29:42,Local Market Day,J009,Majestic,4973,Weekday,False,Clear,False,0.0,False,False,0.985,Severe,7.7,69.1,612.1,0.192,0.444,0.916,Heavy congestion detected - signal timing extended and reroute suggested
EVT438445,2025-04-24 09:03:12,Sports Fixture,J031,Cubbon Road,16364,Weekday,False,Clear,False,0.0,False,False,1.0,Severe,8.3,77.0,801.9,0.274,0.632,0.919,Heavy congestion detected - signal timing extended and reroute suggested
EVT438446,2026-03-30 12:41:39,Sports Fixture,J030,MG Road,33911,Weekday,False,Clear,False,0.0,False,False,0.385,Moderate,26.8,32.0,169.4,0.129,0.297,0.99,Moderate traffic flow - standard adaptive signal timing in effect
EVT438447,2025-11-12 16:09:06,Political Rally,J009,Majestic,12183,Weekday,False,Clear,False,0.0,False,False,0.563,High,23.1,44.8,185.5,0.14,0.324,0.938,Moderate traffic flow - standard adaptive signal timing in effect
EVT438448,2026-06-06 09:07:13,Concert,J040,City Market,6701,Weekend,False,Clear,False,0.0,False,False,0.911,Severe,12.4,64.3,244.6,0.139,0.321,0.92,Heavy congestion detected - signal timing extended and reroute suggested
EVT438449,2025-08-30 08:34:48,Concert,J020,Malleshwaram Circle,5887,Weekend,False,Clear,False,0.0,False,False,0.906,Severe,10.8,61.6,402.8,0.185,0.427,0.943,Heavy congestion detected - signal timing extended and reroute suggested
EVT438450,2025-05-04 11:24:22,Sports Fixture,J020,Malleshwaram Circle,20909,Weekend,False,Clear,False,0.0,False,False,0.5,Moderate,21.2,34.4,212.9,0.118,0.272,0.965,Moderate traffic flow - standard adaptive signal timing in effect
EVT438451,2025-08-19 12:09:52,Sports Fixture,J020,Malleshwaram Circle,21260,Weekday,False,Rain,True,24.2,False,False,0.602,High,21.6,36.6,248.2,0.172,0.397,0.92,Heavy rain reducing visibility and grip - reduced speed and longer buffer advised
EVT438452,2026-02-24 13:05:40,Concert,J031,Cubbon Road,11501,Weekday,False,Clear,False,0.0,False,False,0.277,Low,26.7,23.6,160.8,0.112,0.258,0.963,Moderate traffic flow - standard adaptive signal timing in effect
EVT438453,2025-04-02 12:23:08,Political Rally,J040,City Market,7457,Weekday,False,Clear,False,0.0,False,False,0.271,Low,32.3,19.8,140.6,0.117,0.27,0.952,Moderate traffic flow - standard adaptive signal timing in effect
EVT438454,2026-02-17 20:30:58,Trade Fair,J011,Indiranagar 100ft Road,6782,Weekday,False,Clear,False,0.0,False,False,0.674,High,17.9,46.4,269.1,0.158,0.365,0.957,Moderate traffic flow - standard adaptive signal timing in effect
EVT438455,2025-02-23 12:11:21,Sports Fixture,J011,Indiranagar 100ft Road,22736,Weekend,False,Clear,False,0.0,False,False,0.457,Moderate,28.9,32.1,236.2,0.177,0.409,0.983,Moderate traffic flow - standard adaptive signal timing in effect
EVT438456,2025-01-26 17:39:51,Cultural Procession,J023,Basavanagudi,10220,Weekend,True,Clear,False,0.0,False,True,1.0,Severe,8.2,101.7,658.7,0.234,0.541,0.848,Road closure for event/procession - full detour recommended for through-traffic
EVT438457,2025-03-23 12:48:20,Sports Fixture,J031,Cubbon Road,25823,Weekend,False,Clear,False,0.0,False,False,0.37,Moderate,28.3,23.9,148.5,0.101,0.234,0.976,Moderate traffic flow - standard adaptive signal timing in effect
EVT438458,2025-03-21 17:12:21,Concert,J020,Malleshwaram Circle,13105,Weekday,False,Clear,False,0.0,False,False,0.9,Severe,10.6,63.6,509.6,0.194,0.448,0.939,Heavy congestion detected - signal timing extended and reroute suggested
EVT438459,2026-06-26 09:59:42,Local Market Day,J020,Malleshwaram Circle,4141,Weekday,False,Rain,True,10.7,False,False,0.959,Severe,8.9,69.2,429.4,0.147,0.34,0.873,Heavy rain reducing visibility and grip - reduced speed and longer buffer advised
EVT438460,2025-07-12 18:06:26,Trade Fair,J030,MG Road,3279,Weekend,False,Clear,False,0.0,False,False,0.96,Severe,11.8,71.5,242.8,0.12,0.278,0.969,Heavy congestion detected - signal timing extended and reroute suggested
EVT438461,2025-11-18 18:12:08,Concert,J040,City Market,29311,Weekday,False,Clear,False,0.0,False,False,1.0,Severe,7.9,74.9,671.8,0.229,0.529,0.914,Heavy congestion detected - signal timing extended and reroute suggested
EVT438462,2025-10-14 07:09:06,Trade Fair,J040,City Market,10563,Weekday,False,Clear,False,0.0,False,False,0.461,Moderate,21.2,31.1,85.3,0.057,0.133,0.987,Moderate traffic flow - standard adaptive signal timing in effect
EVT438463,2025-01-02 03:14:21,Concert,J012,Koramangala Sony World,10921,Weekday,False,Clear,False,0.0,False,False,0.251,Low,34.9,19.5,116.3,0.098,0.225,0.955,Moderate traffic flow - standard adaptive signal timing in effect
EVT438464,2026-05-02 05:59:58,Religious Festival,J011,Indiranagar 100ft Road,30283,Weekend,True,Clear,False,0.0,False,False,0.642,High,18.3,48.2,213.1,0.116,0.267,0.909,Festival crowd surge detected - alternate route and extended cycle recommended
EVT438465,2025-06-03 23:39:00,Trade Fair,J040,City Market,13415,Weekday,False,Heavy Rain,True,33.3,False,False,0.606,High,20.4,42.9,205.1,0.138,0.318,0.936,Heavy rain reducing visibility and grip - reduced speed and longer buffer advised
EVT438466,2026-04-18 09:52:21,Concert,J011,Indiranagar 100ft Road,11592,Weekend,False,Light Rain,True,6.0,False,False,0.88,Severe,15.2,68.5,308.9,0.171,0.395,0.889,Heavy rain reducing visibility and grip - reduced speed and longer buffer advised
EVT438467,2026-01-23 13:26:14,Concert,J020,Malleshwaram Circle,13331,Weekday,False,Clear,False,0.0,False,False,0.167,Low,28.4,13.1,155.4,0.095,0.219,0.96,Normal free-flow traffic - standard signal timing maintained
EVT438468,2025-01-21 21:18:55,Trade Fair,J011,Indiranagar 100ft Road,14108,Weekday,False,Clear,False,0.0,False,False,0.429,Moderate,21.4,28.0,205.1,0.132,0.304,0.949,Moderate traffic flow - standard adaptive signal timing in effect
EVT438469,2025-06-26 10:38:32,Local Market Day,J011,Indiranagar 100ft Road,8124,Weekday,False,Clear,False,0.0,False,False,0.522,Moderate,20.7,37.9,315.5,0.194,0.449,0.98,Moderate traffic flow - standard adaptive signal timing in effect
EVT438470,2025-04-12 18:22:52,Concert,J020,Malleshwaram Circle,14297,Weekend,False,Clear,False,0.0,False,False,0.901,Severe,11.4,71.3,550.3,0.215,0.498,0.918,Heavy congestion detected - signal timing extended and reroute suggested
EVT438471,2025-04-17 09:52:14,Local Market Day,J012,Koramangala Sony World,5331,Weekday,False,Clear,False,0.0,False,False,0.855,Severe,13.9,63.5,421.0,0.208,0.48,0.938,Heavy congestion detected - signal timing extended and reroute suggested
EVT438472,2025-07-10 21:34:38,Local Market Day,J040,City Market,3569,Weekday,False,Fog,False,0.0,False,False,0.25,Low,26.5,16.1,250.0,0.181,0.418,0.979,Moderate traffic flow - standard adaptive signal timing in effect
EVT438473,2026-05-15 09:14:01,Concert,J030,MG Road,10526,Weekday,False,Rain,True,21.5,False,False,1.0,Severe,7.9,77.3,209.3,0.092,0.213,0.879,Heavy rain reducing visibility and grip - reduced speed and longer buffer advised
EVT438474,2025-06-09 19:40:37,Local Market Day,J040,City Market,1805,Weekday,False,Rain,True,15.0,False,False,0.999,Severe,7.9,78.7,774.5,0.253,0.585,0.861,Heavy rain reducing visibility and grip - reduced speed and longer buffer advised
EVT438475,2025-01-17 11:46:46,Concert,J030,MG Road,14625,Weekday,False,Clear,False,0.0,False,False,0.317,Low,33.7,21.0,170.1,0.156,0.359,0.966,Moderate traffic flow - standard adaptive signal timing in effect
EVT438476,2025-05-01 14:59:10,Religious Festival,J030,MG Road,44728,Weekday,True,Rain,True,14.3,False,True,1.0,Severe,9.1,98.7,514.9,0.21,0.486,0.758,Road closure for event/procession - full detour recommended for through-traffic
EVT438477,2026-06-12 08:28:10,Sports Fixture,J012,Koramangala Sony World,9934,Weekday,False,Rain,True,14.7,False,False,1.0,Severe,8.7,74.6,600.0,0.218,0.503,0.879,Heavy rain reducing visibility and grip - reduced speed and longer buffer advised
EVT438478,2026-03-02 08:28:40,Local Market Day,J023,Basavanagudi,5144,Weekday,False,Clear,False,0.0,False,False,0.966,Severe,11.5,67.4,401.4,0.191,0.441,0.954,Heavy congestion detected - signal timing extended and reroute suggested
EVT438479,2026-04-19 08:13:20,Concert,J031,Cubbon Road,10676,Weekend,False,Clear,False,0.0,False,False,0.815,Severe,14.1,58.9,555.8,0.279,0.645,0.932,Heavy congestion detected - signal timing extended and reroute suggested
EVT438480,2026-04-08 09:52:45,Local Market Day,J031,Cubbon Road,5280,Weekday,False,Clear,False,0.0,False,False,0.797,Severe,16.9,56.0,329.1,0.177,0.409,0.963,Heavy congestion detected - signal timing extended and reroute suggested
EVT438481,2026-03-09 14:22:12,Trade Fair,J011,Indiranagar 100ft Road,7761,Weekday,False,Fog,False,0.0,False,False,0.15,Low,26.5,3.1,219.1,0.149,0.345,0.985,Normal free-flow traffic - standard signal timing maintained
EVT438482,2026-01-22 20:26:52,Political Rally,J023,Basavanagudi,16554,Weekday,False,Clear,False,0.0,False,False,0.759,Severe,15.3,57.1,335.9,0.181,0.419,0.973,Heavy congestion detected - signal timing extended and reroute suggested
EVT438483,2025-01-01 10:50:06,Trade Fair,J023,Basavanagudi,14309,Weekday,False,Clear,False,0.0,False,False,0.507,Moderate,25.7,34.9,226.5,0.16,0.369,0.946,Moderate traffic flow - standard adaptive signal timing in effect
EVT438484,2026-02-03 17:03:08,Local Market Day,J030,MG Road,9602,Weekday,False,Clear,False,0.0,False,False,0.686,High,20.7,55.3,278.8,0.178,0.41,0.963,Moderate traffic flow - standard adaptive signal timing in effect
EVT438485,2026-06-02 18:15:22,Trade Fair,J030,MG Road,7368,Weekday,False,Clear,False,0.0,False,False,1.0,Severe,9.9,70.5,490.4,0.194,0.449,0.926,Heavy congestion detected - signal timing extended and reroute suggested
EVT438486,2025-05-25 18:14:34,Concert,J040,City Market,9065,Weekend,False,Light Rain,True,3.6,False,False,0.994,Severe,8.3,66.3,803.4,0.269,0.622,0.85,Heavy rain reducing visibility and grip - reduced speed and longer buffer advised
EVT438487,2025-09-16 06:04:55,Sports Fixture,J009,Majestic,12969,Weekday,False,Clear,False,0.0,False,False,0.295,Low,31.4,20.6,143.6,0.104,0.239,0.969,Moderate traffic flow - standard adaptive signal timing in effect
EVT438488,2025-06-10 22:28:17,Concert,J011,Indiranagar 100ft Road,13299,Weekday,False,Clear,False,0.0,False,False,0.314,Low,23.6,26.0,232.9,0.129,0.298,0.99,Moderate traffic flow - standard adaptive signal timing in effect
EVT438489,2025-12-20 20:16:21,Trade Fair,J031,Cubbon Road,8240,Weekend,False,Clear,False,0.0,False,False,0.6,High,13.5,46.8,351.5,0.155,0.359,0.959,Moderate traffic flow - standard adaptive signal timing in effect
EVT438490,2025-04-11 21:36:46,Concert,J020,Malleshwaram Circle,9788,Weekday,False,Light Rain,True,4.3,False,False,0.327,Low,23.5,19.3,201.9,0.107,0.248,0.911,Light rain detected - minor speed reduction advised
EVT438491,2026-01-25 13:06:45,Trade Fair,J030,MG Road,5872,Weekend,False,Clear,False,0.0,False,False,0.303,Low,32.5,19.2,101.3,0.081,0.187,0.969,Moderate traffic flow - standard adaptive signal timing in effect
EVT438492,2025-03-26 12:18:20,Local Market Day,J040,City Market,3047,Weekday,False,Clear,False,0.0,False,False,0.211,Low,32.0,13.4,122.0,0.126,0.291,0.971,Normal free-flow traffic - standard signal timing maintained
EVT438493,2025-06-30 23:31:05,Trade Fair,J009,Majestic,8260,Weekday,False,Clear,False,0.0,False,False,0.186,Low,34.9,9.7,139.6,0.132,0.306,0.987,Normal free-flow traffic - standard signal timing maintained
EVT438494,2025-04-11 08:57:17,Sports Fixture,J011,Indiranagar 100ft Road,10588,Weekday,False,Clear,False,0.0,False,False,1.0,Severe,8.3,76.0,656.2,0.195,0.45,0.916,Heavy congestion detected - signal timing extended and reroute suggested
EVT438495,2026-04-01 09:40:27,Local Market Day,J009,Majestic,4468,Weekday,False,Clear,False,0.0,False,False,0.943,Severe,11.1,68.6,446.0,0.198,0.458,0.916,Heavy congestion detected - signal timing extended and reroute suggested
EVT438496,2025-08-04 22:17:29,Sports Fixture,J009,Majestic,25418,Weekday,False,Heavy Rain,True,41.2,False,False,0.672,High,18.2,47.0,228.5,0.116,0.267,0.91,Heavy rain reducing visibility and grip - reduced speed and longer buffer advised
EVT438497,2025-06-05 17:13:46,Local Market Day,J020,Malleshwaram Circle,2699,Weekday,False,Clear,False,0.0,False,False,0.753,Severe,17.3,51.7,277.0,0.182,0.419,0.965,Heavy congestion detected - signal timing extended and reroute suggested
EVT438498,2025-10-07 13:39:22,Trade Fair,J011,Indiranagar 100ft Road,9613,Weekday,False,Clear,False,0.0,False,False,0.26,Low,33.7,23.6,136.4,0.133,0.307,0.966,Moderate traffic flow - standard adaptive signal timing in effect
EVT438499,2026-04-07 18:42:18,Sports Fixture,J009,Majestic,19106,Weekday,False,Clear,False,0.0,False,False,1.0,Severe,10.7,71.1,546.6,0.243,0.562,0.891,Heavy congestion detected - signal timing extended and reroute suggested
EVT438500,2025-11-14 20:57:33,Local Market Day,J009,Majestic,2395,Weekday,False,Clear,False,0.0,False,False,0.463,Moderate,27.9,24.6,130.7,0.098,0.226,0.957,Moderate traffic flow - standard adaptive signal timing in effect
EVT438501,2025-11-18 17:56:21,Concert,J012,Koramangala Sony World,14581,Weekday,False,Clear,False,0.0,False,False,1.0,Severe,5.9,76.3,740.5,0.168,0.387,0.91,Heavy congestion detected - signal timing extended and reroute suggested
EVT438502,2026-03-25 22:44:26,Local Market Day,J031,Cubbon Road,3627,Weekday,False,Clear,False,0.0,False,False,0.221,Low,35.7,21.0,151.3,0.132,0.305,0.971,Normal free-flow traffic - standard signal timing maintained
EVT438503,2025-07-02 15:49:51,Concert,J009,Majestic,14668,Weekday,False,Clear,False,0.0,False,False,0.452,Moderate,26.2,35.5,204.4,0.169,0.39,0.967,Moderate traffic flow - standard adaptive signal timing in effect
EVT438504,2026-03-10 20:01:25,Trade Fair,J012,Koramangala Sony World,7363,Weekday,False,Clear,False,0.0,False,False,0.736,High,18.0,52.0,185.4,0.125,0.288,0.973,Moderate traffic flow - standard adaptive signal timing in effect
EVT438505,2026-04-01 13:27:10,Concert,J011,Indiranagar 100ft Road,20321,Weekday,False,Rain,True,12.7,False,False,0.444,Moderate,27.4,26.7,142.9,0.115,0.266,0.931,Light rain detected - minor speed reduction advised
EVT438506,2026-05-01 05:39:55,Religious Festival,J020,Malleshwaram Circle,52717,Weekday,True,Clear,False,0.0,False,True,0.864,High,12.0,86.9,398.9,0.179,0.414,0.844,Road closure for event/procession - full detour recommended for through-traffic
EVT438507,2025-07-31 18:27:00,Local Market Day,J040,City Market,4780,Weekday,False,Clear,False,0.0,False,False,1.0,Severe,8.2,67.3,427.7,0.149,0.345,0.925,Heavy congestion detected - signal timing extended and reroute suggested
EVT438508,2026-02-02 09:49:32,Trade Fair,J031,Cubbon Road,5279,Weekday,False,Clear,False,0.0,False,False,0.932,Severe,10.6,73.0,360.2,0.16,0.37,0.928,Heavy congestion detected - signal timing extended and reroute suggested
EVT438509,2026-02-13 18:21:10,Concert,J012,Koramangala Sony World,19772,Weekday,False,Clear,False,0.0,False,False,1.0,Severe,10.0,73.4,494.6,0.183,0.423,0.913,Heavy congestion detected - signal timing extended and reroute suggested
EVT438510,2025-08-29 18:07:24,Concert,J012,Koramangala Sony World,27238,Weekday,False,Clear,False,0.0,False,False,1.0,Severe,6.0,75.7,584.5,0.141,0.327,0.948,Heavy congestion detected - signal timing extended and reroute suggested
EVT438511,2026-05-10 13:28:33,Political Rally,J020,Malleshwaram Circle,15296,Weekend,False,Clear,False,0.0,False,False,0.329,Low,31.4,25.3,131.7,0.113,0.261,0.99,Moderate traffic flow - standard adaptive signal timing in effect
EVT438512,2025-12-17 15:35:04,Political Rally,J040,City Market,11219,Weekday,False,Clear,False,0.0,False,False,0.434,Moderate,31.0,24.6,212.2,0.173,0.399,0.947,Moderate traffic flow - standard adaptive signal timing in effect
EVT438513,2026-01-19 14:12:24,Concert,J012,Koramangala Sony World,9438,Weekday,False,Clear,False,0.0,False,False,0.316,Low,33.3,18.9,76.3,0.056,0.129,0.93,Moderate traffic flow - standard adaptive signal timing in effect
EVT438514,2025-09-13 20:33:51,Local Market Day,J009,Majestic,2170,Weekend,False,Heavy Rain,True,26.1,False,False,0.8,Severe,17.4,58.4,175.0,0.095,0.218,0.931,Heavy rain reducing visibility and grip - reduced speed and longer buffer advised
EVT438515,2025-04-07 08:09:52,Fireworks Display,J040,City Market,28373,Weekday,True,Clear,False,0.0,False,False,1.0,Severe,9.6,69.5,357.2,0.152,0.35,0.875,Festival crowd surge detected - alternate route and extended cycle recommended
EVT438516,2026-05-23 09:37:15,Trade Fair,J020,Malleshwaram Circle,9829,Weekend,False,Clear,False,0.0,False,False,0.87,Severe,14.7,66.2,310.2,0.166,0.383,0.939,Heavy congestion detected - signal timing extended and reroute suggested
EVT438517,2025-06-25 18:49:20,Sports Fixture,J031,Cubbon Road,22796,Weekday,False,Clear,False,0.0,False,False,1.0,Severe,9.0,73.4,482.1,0.18,0.415,0.923,Heavy congestion detected - signal timing extended and reroute suggested
EVT438518,2025-07-20 11:47:40,Concert,J023,Basavanagudi,26692,Weekend,False,Clear,False,0.0,False,False,0.477,Moderate,23.0,33.9,235.9,0.179,0.413,0.97,Moderate traffic flow - standard adaptive signal timing in effect
EVT438519,2025-02-04 17:17:15,Trade Fair,J020,Malleshwaram Circle,7053,Weekday,False,Clear,False,0.0,False,False,0.847,Severe,14.9,61.1,172.7,0.097,0.224,0.938,Heavy congestion detected - signal timing extended and reroute suggested
EVT438520,2025-12-06 08:14:59,Trade Fair,J012,Koramangala Sony World,6539,Weekend,False,Clear,False,0.0,False,False,0.73,High,16.9,48.3,205.9,0.124,0.286,0.952,Moderate traffic flow - standard adaptive signal timing in effect
EVT438521,2025-04-01 18:44:14,Trade Fair,J030,MG Road,9415,Weekday,False,Clear,False,0.0,False,False,0.953,Severe,10.7,72.9,466.5,0.212,0.489,0.913,Heavy congestion detected - signal timing extended and reroute suggested
EVT438522,2026-03-20 12:06:47,Religious Festival,J040,City Market,52980,Weekday,True,Clear,False,0.0,False,False,0.743,High,17.9,51.9,435.4,0.241,0.557,0.936,Festival crowd surge detected - alternate route and extended cycle recommended
EVT438523,2025-07-12 16:53:21,Concert,J031,Cubbon Road,13800,Weekend,False,Rain,True,19.4,False,False,0.898,Severe,12.6,67.2,409.2,0.209,0.482,0.9,Heavy rain reducing visibility and grip - reduced speed and longer buffer advised
EVT438524,2026-01-10 19:41:53,Local Market Day,J012,Koramangala Sony World,7102,Weekend,False,Clear,False,0.0,False,False,0.71,High,19.8,49.8,238.6,0.153,0.353,0.96,Moderate traffic flow - standard adaptive signal timing in effect
EVT438525,2025-01-23 15:24:43,Local Market Day,J030,MG Road,2556,Weekday,False,Clear,False,0.0,False,False,0.315,Low,29.5,24.7,186.3,0.159,0.368,0.976,Moderate traffic flow - standard adaptive signal timing in effect
EVT438526,2026-06-12 00:11:48,Local Market Day,J011,Indiranagar 100ft Road,4220,Weekday,False,Rain,True,17.9,False,False,0.309,Low,33.8,23.9,160.8,0.15,0.346,0.898,Light rain detected - minor speed reduction advised
EVT438527,2025-06-10 14:58:35,Local Market Day,J012,Koramangala Sony World,3533,Weekday,False,Rain,True,10.5,False,False,0.349,Low,22.0,23.2,224.1,0.119,0.276,0.931,Light rain detected - minor speed reduction advised
EVT438528,2025-02-23 00:27:19,Sports Fixture,J011,Indiranagar 100ft Road,37173,Weekend,False,Clear,False,0.0,False,False,0.449,Moderate,27.7,30.9,90.8,0.058,0.135,0.982,Moderate traffic flow - standard adaptive signal timing in effect
EVT438529,2025-01-10 17:58:17,Local Market Day,J030,MG Road,4093,Weekday,False,Clear,False,0.0,False,False,1.0,Severe,9.3,69.1,759.7,0.255,0.589,0.913,Heavy congestion detected - signal timing extended and reroute suggested
EVT438530,2025-10-02 01:42:16,Religious Festival,J011,Indiranagar 100ft Road,58747,Weekday,True,Clear,False,0.0,False,True,0.846,High,14.0,88.2,455.2,0.228,0.526,0.864,Road closure for event/procession - full detour recommended for through-traffic
EVT438531,2026-02-23 18:27:27,Concert,J031,Cubbon Road,9232,Weekday,False,Clear,False,0.0,False,False,1.0,Severe,7.4,69.7,686.4,0.21,0.486,0.905,Heavy congestion detected - signal timing extended and reroute suggested
EVT438532,2025-11-19 13:33:53,Concert,J030,MG Road,10940,Weekday,False,Clear,False,0.0,False,False,0.171,Low,32.8,10.8,105.2,0.099,0.228,0.942,Normal free-flow traffic - standard signal timing maintained
EVT438533,2025-10-17 08:21:17,Trade Fair,J031,Cubbon Road,5174,Weekday,False,Fog,False,0.0,False,False,0.877,Severe,12.7,65.1,269.1,0.136,0.315,0.944,Heavy congestion detected - signal timing extended and reroute suggested
EVT438534,2026-04-03 20:11:09,Trade Fair,J020,Malleshwaram Circle,6742,Weekday,False,Clear,False,0.0,False,False,0.692,High,17.2,50.4,346.3,0.191,0.441,0.965,Moderate traffic flow - standard adaptive signal timing in effect
EVT438535,2026-06-24 10:13:28,Concert,J040,City Market,21630,Weekday,False,Fog,False,0.0,False,False,0.862,Severe,14.1,65.2,352.0,0.183,0.424,0.943,Heavy congestion detected - signal timing extended and reroute suggested
EVT438536,2025-06-27 00:15:07,Sports Fixture,J030,MG Road,24921,Weekday,False,Clear,False,0.0,False,False,0.242,Low,30.5,20.9,107.6,0.097,0.225,0.965,Normal free-flow traffic - standard signal timing maintained
EVT438537,2025-04-07 10:51:14,Religious Festival,J020,Malleshwaram Circle,49176,Weekday,True,Rain,True,7.8,False,True,1.0,Severe,7.8,105.0,541.0,0.176,0.406,0.813,Road closure for event/procession - full detour recommended for through-traffic
EVT438538,2025-02-09 08:14:31,Political Rally,J012,Koramangala Sony World,16184,Weekend,False,Clear,False,0.0,False,False,0.881,Severe,15.5,62.1,264.5,0.145,0.335,0.951,Heavy congestion detected - signal timing extended and reroute suggested
EVT438539,2025-09-06 18:55:05,Cultural Procession,J023,Basavanagudi,26073,Weekend,True,Clear,False,0.0,False,False,1.0,Severe,6.9,72.6,754.7,0.233,0.537,0.853,Festival crowd surge detected - alternate route and extended cycle recommended
EVT438540,2026-03-20 13:41:41,Religious Festival,J020,Malleshwaram Circle,26055,Weekday,True,Clear,False,0.0,False,False,0.496,Moderate,22.4,36.9,363.7,0.235,0.543,0.921,Moderate traffic flow - standard adaptive signal timing in effect
EVT438541,2026-03-26 08:29:44,Cultural Procession,J031,Cubbon Road,15533,Weekday,True,Clear,False,0.0,False,True,1.0,Severe,7.0,102.7,468.0,0.152,0.352,0.841,Road closure for event/procession - full detour recommended for through-traffic
EVT438542,2025-01-15 08:53:09,Cultural Procession,J020,Malleshwaram Circle,22590,Weekday,True,Clear,False,0.0,False,False,1.0,Severe,9.9,75.4,501.7,0.206,0.476,0.869,Festival crowd surge detected - alternate route and extended cycle recommended
EVT438543,2025-09-22 22:56:15,Local Market Day,J030,MG Road,4506,Weekday,False,Clear,False,0.0,False,False,0.222,Low,27.9,14.4,62.0,0.042,0.097,0.99,Normal free-flow traffic - standard signal timing maintained
EVT438544,2025-01-06 15:08:58,Sports Fixture,J030,MG Road,27751,Weekday,False,Clear,False,0.0,False,False,0.46,Moderate,25.4,32.1,241.5,0.178,0.411,0.947,Moderate traffic flow - standard adaptive signal timing in effect
EVT438545,2025-02-14 17:29:08,Local Market Day,J023,Basavanagudi,2430,Weekday,False,Fog,False,0.0,False,False,0.992,Severe,6.6,77.7,716.4,0.185,0.427,0.913,Heavy congestion detected - signal timing extended and reroute suggested
EVT438546,2025-05-17 15:56:59,Local Market Day,J009,Majestic,8071,Weekend,False,Clear,False,0.0,False,False,0.385,Moderate,33.2,32.0,133.1,0.101,0.234,0.98,Moderate traffic flow - standard adaptive signal timing in effect
EVT438547,2025-09-11 13:57:41,Local Market Day,J012,Koramangala Sony World,2714,Weekday,False,Rain,True,24.9,False,False,0.365,Moderate,30.8,26.4,157.2,0.135,0.312,0.922,Light rain detected - minor speed reduction advised
EVT438548,2025-04-26 09:31:33,Sports Fixture,J023,Basavanagudi,41136,Weekend,False,Clear,False,0.0,False,False,1.0,Severe,6.2,70.1,404.8,0.131,0.303,0.91,Heavy congestion detected - signal timing extended and reroute suggested
EVT438549,2026-05-05 18:08:37,Concert,J030,MG Road,16375,Weekday,False,Clear,False,0.0,False,False,1.0,Severe,10.5,75.3,320.6,0.13,0.301,0.927,Heavy congestion detected - signal timing extended and reroute suggested
EVT438550,2025-07-27 07:57:05,Local Market Day,J023,Basavanagudi,5640,Weekend,False,Rain,True,16.4,False,False,0.878,Severe,10.5,66.6,417.3,0.167,0.386,0.912,Heavy rain reducing visibility and grip - reduced speed and longer buffer advised
EVT438551,2025-02-25 06:02:20,Sports Fixture,J012,Koramangala Sony World,16139,Weekday,False,Clear,False,0.0,False,False,0.371,Moderate,31.6,19.9,132.6,0.134,0.31,0.951,Moderate traffic flow - standard adaptive signal timing in effect
EVT438552,2026-01-18 09:03:53,Trade Fair,J020,Malleshwaram Circle,12506,Weekend,False,Clear,False,0.0,False,False,0.848,Severe,16.6,61.7,420.3,0.234,0.541,0.919,Heavy congestion detected - signal timing extended and reroute suggested
EVT438553,2025-11-07 16:59:53,Local Market Day,J012,Koramangala Sony World,2788,Weekday,False,Clear,False,0.0,False,False,0.721,High,18.1,52.1,334.0,0.194,0.447,0.968,Moderate traffic flow - standard adaptive signal timing in effect
EVT438554,2025-05-23 21:45:11,Concert,J031,Cubbon Road,9700,Weekday,False,Clear,False,0.0,False,False,0.345,Low,32.0,20.1,175.8,0.147,0.34,0.972,Moderate traffic flow - standard adaptive signal timing in effect
EVT438555,2025-12-08 18:52:31,Trade Fair,J023,Basavanagudi,7920,Weekday,False,Clear,False,0.0,False,False,1.0,Severe,6.6,74.7,789.2,0.198,0.457,0.916,Heavy congestion detected - signal timing extended and reroute suggested
EVT438556,2026-03-21 17:45:30,Local Market Day,J020,Malleshwaram Circle,1755,Weekend,False,Clear,False,0.0,False,False,0.804,Severe,15.5,66.8,201.6,0.129,0.298,0.954,Heavy congestion detected - signal timing extended and reroute suggested
EVT438557,2026-01-06 09:22:26,Concert,J012,Koramangala Sony World,13302,Weekday,False,Clear,False,0.0,False,False,0.992,Severe,8.0,65.9,1009.1,0.321,0.74,0.929,Heavy congestion detected - signal timing extended and reroute suggested
EVT438558,2026-06-24 16:18:06,Sports Fixture,J012,Koramangala Sony World,24515,Weekday,False,Heavy Rain,True,43.3,True,False,1.0,Severe,8.9,75.2,198.4,0.074,0.172,0.711,Accident detected nearby - reroute and reduced speed advised
EVT438559,2025-11-03 07:02:37,Trade Fair,J030,MG Road,5043,Weekday,False,Clear,False,0.0,False,False,0.498,Moderate,26.7,45.4,99.5,0.051,0.119,0.95,Moderate traffic flow - standard adaptive signal timing in effect
EVT438560,2026-02-26 15:14:36,Trade Fair,J040,City Market,7101,Weekday,False,Clear,False,0.0,False,False,0.282,Low,30.2,17.9,177.9,0.125,0.289,0.96,Moderate traffic flow - standard adaptive signal timing in effect
EVT438561,2025-10-14 18:36:27,Trade Fair,J040,City Market,4934,Weekday,False,Clear,False,0.0,False,False,1.0,Severe,7.5,72.3,622.5,0.193,0.445,0.926,Heavy congestion detected - signal timing extended and reroute suggested
EVT438562,2026-03-30 10:54:35,Concert,J031,Cubbon Road,14766,Weekday,False,Light Rain,True,1.0,False,False,0.562,High,19.7,41.5,240.5,0.159,0.366,0.914,Heavy rain reducing visibility and grip - reduced speed and longer buffer advised
EVT438563,2025-02-01 09:06:25,Trade Fair,J009,Majestic,8353,Weekend,False,Clear,False,0.0,False,False,0.854,Severe,14.4,61.5,317.3,0.152,0.352,0.946,Heavy congestion detected - signal timing extended and reroute suggested
EVT438564,2025-09-13 13:49:20,Trade Fair,J009,Majestic,13586,Weekend,False,Clear,False,0.0,False,False,0.253,Low,31.2,14.5,222.5,0.194,0.449,0.975,Moderate traffic flow - standard adaptive signal timing in effect
EVT438565,2025-06-25 06:24:10,Sports Fixture,J040,City Market,14388,Weekday,False,Clear,False,0.0,False,False,0.315,Low,31.5,23.0,139.3,0.129,0.299,0.968,Moderate traffic flow - standard adaptive signal timing in effect
EVT438566,2025-09-23 16:06:40,Concert,J023,Basavanagudi,13905,Weekday,False,Rain,True,7.6,False,False,0.683,High,20.5,50.4,212.4,0.14,0.323,0.894,Heavy rain reducing visibility and grip - reduced speed and longer buffer advised
EVT438567,2026-04-21 09:11:19,Trade Fair,J012,Koramangala Sony World,10112,Weekday,False,Clear,False,0.0,False,False,0.871,Severe,10.2,61.6,324.9,0.126,0.292,0.964,Heavy congestion detected - signal timing extended and reroute suggested
EVT438568,2025-12-24 09:59:17,Local Market Day,J031,Cubbon Road,4086,Weekday,False,Clear,False,0.0,False,False,0.85,Severe,9.7,63.7,544.5,0.234,0.541,0.948,Heavy congestion detected - signal timing extended and reroute suggested
EVT438569,2025-01-26 15:54:48,Cultural Procession,J012,Koramangala Sony World,20356,Weekend,True,Clear,False,0.0,False,True,0.923,Severe,12.3,94.2,268.4,0.149,0.344,0.842,Road closure for event/procession - full detour recommended for through-traffic
EVT438570,2026-02-26 11:45:12,Local Market Day,J031,Cubbon Road,3898,Weekday,False,Clear,False,0.0,False,False,0.194,Low,31.7,15.9,119.6,0.082,0.19,0.949,Normal free-flow traffic - standard signal timing maintained
EVT438571,2025-07-22 18:34:28,Trade Fair,J009,Majestic,7199,Weekday,False,Clear,False,0.0,False,False,1.0,Severe,8.3,72.9,426.6,0.143,0.33,0.919,Heavy congestion detected - signal timing extended and reroute suggested
EVT438572,2025-04-13 19:05:18,Concert,J012,Koramangala Sony World,15489,Weekend,False,Clear,False,0.0,False,False,0.899,Severe,13.4,65.8,240.3,0.133,0.307,0.925,Heavy congestion detected - signal timing extended and reroute suggested
EVT438573,2026-02-25 09:38:59,Local Market Day,J011,Indiranagar 100ft Road,3616,Weekday,False,Clear,False,0.0,False,False,0.929,Severe,9.5,70.2,408.0,0.171,0.396,0.926,Heavy congestion detected - signal timing extended and reroute suggested
EVT438574,2025-11-29 18:33:30,Political Rally,J031,Cubbon Road,14029,Weekend,False,Clear,False,0.0,False,False,0.804,Severe,13.8,60.2,453.1,0.214,0.493,0.961,Heavy congestion detected - signal timing extended and reroute suggested
EVT438575,2025-12-24 12:38:59,Concert,J031,Cubbon Road,11339,Weekday,False,Clear,False,0.0,False,False,0.186,Low,31.8,9.0,80.1,0.071,0.164,0.966,Normal free-flow traffic - standard signal timing maintained
EVT438576,2025-08-25 20:09:00,Sports Fixture,J040,City Market,15933,Weekday,False,Rain,True,24.4,False,False,0.992,Severe,8.0,73.5,500.3,0.169,0.39,0.875,Heavy rain reducing visibility and grip - reduced speed and longer buffer advised
EVT438577,2026-05-19 12:51:16,Political Rally,J023,Basavanagudi,14877,Weekday,False,Clear,False,0.0,False,False,0.272,Low,40.5,23.9,67.9,0.064,0.149,0.976,Moderate traffic flow - standard adaptive signal timing in effect
EVT438578,2025-06-19 05:41:31,Local Market Day,J011,Indiranagar 100ft Road,2789,Weekday,False,Clear,False,0.0,False,False,0.211,Low,34.9,14.9,158.9,0.143,0.331,0.954,Normal free-flow traffic - standard signal timing maintained
EVT438579,2025-12-30 09:50:39,Political Rally,J009,Majestic,18091,Weekday,False,Clear,False,0.0,False,False,1.0,Severe,9.7,80.3,510.8,0.205,0.473,0.921,Heavy congestion detected - signal timing extended and reroute suggested
EVT438580,2026-05-15 12:09:52,Sports Fixture,J020,Malleshwaram Circle,13333,Weekday,False,Clear,False,0.0,False,False,0.321,Low,26.0,25.9,212.4,0.141,0.326,0.952,Moderate traffic flow - standard adaptive signal timing in effect
EVT438581,2025-01-06 12:34:09,Local Market Day,J012,Koramangala Sony World,2163,Weekday,False,Clear,False,0.0,False,False,0.25,Low,34.1,19.0,51.1,0.031,0.071,0.943,Moderate traffic flow - standard adaptive signal timing in effect
EVT438582,2025-06-25 07:05:42,Local Market Day,J012,Koramangala Sony World,1665,Weekday,False,Clear,False,0.0,False,False,0.463,Moderate,26.1,34.5,245.9,0.195,0.45,0.966,Moderate traffic flow - standard adaptive signal timing in effect
EVT438583,2025-11-06 16:22:30,Sports Fixture,J011,Indiranagar 100ft Road,38061,Weekday,False,Clear,False,0.0,False,False,0.801,Severe,11.7,53.1,507.2,0.236,0.546,0.922,Heavy congestion detected - signal timing extended and reroute suggested
EVT438584,2025-08-24 19:48:46,Political Rally,J012,Koramangala Sony World,11453,Weekend,False,Clear,False,0.0,False,False,0.829,Severe,15.2,60.0,331.9,0.196,0.453,0.947,Heavy congestion detected - signal timing extended and reroute suggested
EVT438585,2025-07-22 10:26:13,Concert,J040,City Market,20289,Weekday,False,Heavy Rain,True,76.2,False,False,1.0,Severe,9.0,72.0,661.1,0.256,0.591,0.898,Heavy rain reducing visibility and grip - reduced speed and longer buffer advised
EVT438586,2026-05-11 10:27:58,Trade Fair,J011,Indiranagar 100ft Road,9011,Weekday,False,Clear,False,0.0,False,False,0.599,High,24.7,41.7,160.4,0.124,0.287,0.952,Moderate traffic flow - standard adaptive signal timing in effect
EVT438587,2025-07-03 09:47:13,Sports Fixture,J030,MG Road,16008,Weekday,False,Clear,False,0.0,False,False,0.867,Severe,15.8,61.9,232.0,0.138,0.319,0.938,Heavy congestion detected - signal timing extended and reroute suggested
EVT438588,2026-02-10 08:17:33,Local Market Day,J031,Cubbon Road,6907,Weekday,False,Clear,False,0.0,False,False,0.947,Severe,9.0,68.8,329.7,0.136,0.315,0.96,Heavy congestion detected - signal timing extended and reroute suggested
EVT438589,2025-07-06 16:50:17,Sports Fixture,J009,Majestic,56297,Weekend,False,Clear,False,0.0,False,False,0.98,Severe,10.1,70.6,358.4,0.147,0.339,0.932,Heavy congestion detected - signal timing extended and reroute suggested
EVT438590,2025-06-07 10:35:23,Concert,J011,Indiranagar 100ft Road,7027,Weekend,False,Clear,False,0.0,False,False,0.645,High,18.8,40.0,238.0,0.134,0.31,0.958,Moderate traffic flow - standard adaptive signal timing in effect
EVT438591,2025-02-23 15:33:53,Local Market Day,J012,Koramangala Sony World,2828,Weekend,False,Clear,False,0.0,False,False,0.321,Low,29.9,18.6,184.4,0.146,0.337,0.963,Moderate traffic flow - standard adaptive signal timing in effect
EVT438592,2025-06-21 22:15:20,Concert,J031,Cubbon Road,11555,Weekend,False,Light Rain,True,4.0,False,False,0.445,Moderate,26.2,37.5,286.1,0.214,0.495,0.914,Light rain detected - minor speed reduction advised
EVT438593,2026-02-07 04:33:20,Trade Fair,J031,Cubbon Road,12620,Weekend,False,Clear,False,0.0,False,False,0.28,Low,26.1,20.6,151.3,0.119,0.275,0.974,Moderate traffic flow - standard adaptive signal timing in effect
EVT438594,2026-05-23 19:22:55,Trade Fair,J023,Basavanagudi,10440,Weekend,False,Rain,True,13.6,False,False,1.0,Severe,8.8,70.3,265.2,0.104,0.241,0.891,Heavy rain reducing visibility and grip - reduced speed and longer buffer advised
EVT438595,2025-04-01 17:55:09,Trade Fair,J023,Basavanagudi,5425,Weekday,False,Light Rain,True,6.4,False,False,1.0,Severe,9.0,72.9,834.4,0.295,0.681,0.842,Heavy rain reducing visibility and grip - reduced speed and longer buffer advised
EVT438596,2025-10-21 14:58:04,Religious Festival,J030,MG Road,37248,Weekday,True,Clear,False,0.0,False,False,0.619,High,22.8,45.7,143.9,0.101,0.234,0.93,Festival crowd surge detected - alternate route and extended cycle recommended
EVT438597,2025-09-01 17:12:29,Concert,J009,Majestic,12602,Weekday,False,Clear,False,0.0,False,False,0.919,Severe,13.1,65.9,531.5,0.245,0.566,0.938,Heavy congestion detected - signal timing extended and reroute suggested
EVT438598,2026-01-15 17:11:10,Religious Festival,J012,Koramangala Sony World,55109,Weekday,True,Clear,False,0.0,False,True,1.0,Severe,7.6,103.3,587.5,0.221,0.511,0.835,Road closure for event/procession - full detour recommended for through-traffic
EVT438599,2025-06-11 05:18:10,Local Market Day,J023,Basavanagudi,4009,Weekday,False,Clear,False,0.0,False,False,0.148,Low,36.9,12.4,106.9,0.113,0.26,0.936,Normal free-flow traffic - standard signal timing maintained
EVT438600,2025-04-25 08:42:45,Concert,J011,Indiranagar 100ft Road,7548,Weekday,False,Clear,False,0.0,False,False,1.0,Severe,9.1,73.1,304.4,0.115,0.265,0.914,Heavy congestion detected - signal timing extended and reroute suggested
EVT438601,2025-09-02 18:22:19,Local Market Day,J009,Majestic,1739,Weekday,False,Clear,False,0.0,False,False,1.0,Severe,8.5,66.7,419.9,0.145,0.336,0.932,Heavy congestion detected - signal timing extended and reroute suggested
EVT438602,2025-12-01 16:02:44,Sports Fixture,J020,Malleshwaram Circle,25540,Weekday,False,Clear,False,0.0,False,False,0.572,High,25.0,42.6,160.6,0.123,0.284,0.972,Moderate traffic flow - standard adaptive signal timing in effect
EVT438603,2026-03-25 18:01:31,Sports Fixture,J012,Koramangala Sony World,26361,Weekday,False,Clear,False,0.0,False,False,1.0,Severe,8.5,73.7,624.8,0.211,0.487,0.917,Heavy congestion detected - signal timing extended and reroute suggested
EVT438604,2026-02-19 17:12:24,Political Rally,J031,Cubbon Road,8874,Weekday,False,Clear,False,0.0,False,False,0.823,Severe,13.9,51.6,485.1,0.245,0.566,0.952,Heavy congestion detected - signal timing extended and reroute suggested
EVT438605,2026-03-03 18:26:03,Local Market Day,J020,Malleshwaram Circle,3946,Weekday,False,Clear,False,0.0,False,False,1.0,Severe,10.7,63.4,533.5,0.24,0.556,0.909,Heavy congestion detected - signal timing extended and reroute suggested
EVT438606,2025-06-23 13:34:16,Local Market Day,J031,Cubbon Road,5344,Weekday,False,Clear,False,0.0,False,False,0.163,Low,40.8,13.1,115.8,0.12,0.277,0.974,Normal free-flow traffic - standard signal timing maintained
EVT438607,2026-02-26 19:06:17,Sports Fixture,J023,Basavanagudi,20140,Weekday,False,Clear,False,0.0,False,False,0.967,Severe,11.1,68.7,587.7,0.264,0.611,0.932,Heavy congestion detected - signal timing extended and reroute suggested
EVT438608,2025-01-15 07:48:58,Religious Festival,J031,Cubbon Road,49060,Weekday,True,Clear,False,0.0,False,True,1.0,Severe,9.7,106.9,528.7,0.204,0.471,0.854,Road closure for event/procession - full detour recommended for through-traffic
EVT438609,2025-12-02 12:00:19,Sports Fixture,J012,Koramangala Sony World,22759,Weekday,False,Clear,False,0.0,False,False,0.33,Low,36.5,13.5,132.3,0.116,0.269,0.965,Moderate traffic flow - standard adaptive signal timing in effect
EVT438610,2025-10-17 16:14:46,Local Market Day,J009,Majestic,6579,Weekday,False,Clear,False,0.0,False,False,0.465,Moderate,24.9,36.1,136.2,0.087,0.2,0.959,Moderate traffic flow - standard adaptive signal timing in effect
EVT438611,2025-05-15 15:30:07,Local Market Day,J023,Basavanagudi,6021,Weekday,False,Clear,False,0.0,False,False,0.304,Low,26.3,15.6,152.5,0.103,0.239,0.958,Moderate traffic flow - standard adaptive signal timing in effect
EVT438612,2025-12-05 08:52:31,Trade Fair,J012,Koramangala Sony World,10246,Weekday,False,Fog,False,0.0,False,False,1.0,Severe,9.4,71.3,342.5,0.135,0.313,0.922,Heavy congestion detected - signal timing extended and reroute suggested
EVT438613,2026-04-10 14:14:58,Sports Fixture,J040,City Market,26363,Weekday,False,Rain,True,15.8,False,False,0.495,Moderate,25.9,33.5,123.7,0.074,0.172,0.903,Light rain detected - minor speed reduction advised
EVT438614,2026-05-09 07:38:45,Local Market Day,J020,Malleshwaram Circle,3168,Weekend,False,Clear,False,0.0,False,False,0.656,High,25.4,50.1,262.5,0.178,0.412,0.969,Moderate traffic flow - standard adaptive signal timing in effect
EVT438615,2025-01-22 07:35:53,Trade Fair,J009,Majestic,6481,Weekday,False,Fog,False,0.0,False,False,0.646,High,16.4,52.5,259.1,0.143,0.33,0.956,Moderate traffic flow - standard adaptive signal timing in effect
EVT438616,2026-05-13 17:39:25,Local Market Day,J020,Malleshwaram Circle,4112,Weekday,False,Clear,False,0.0,False,False,0.981,Severe,10.3,68.5,437.5,0.183,0.422,0.933,Heavy congestion detected - signal timing extended and reroute suggested
EVT438617,2025-08-29 18:16:14,Trade Fair,J012,Koramangala Sony World,8734,Weekday,False,Clear,False,0.0,False,False,1.0,Severe,8.9,72.1,472.6,0.16,0.37,0.927,Heavy congestion detected - signal timing extended and reroute suggested
EVT438618,2025-04-23 20:12:14,Concert,J012,Koramangala Sony World,12581,Weekday,False,Fog,False,0.0,False,False,0.62,High,20.9,42.8,168.5,0.124,0.287,0.978,Moderate traffic flow - standard adaptive signal timing in effect
EVT438619,2026-03-12 16:02:17,Sports Fixture,J023,Basavanagudi,26599,Weekday,False,Clear,False,0.0,False,False,0.623,High,19.2,45.1,320.8,0.186,0.43,0.961,Moderate traffic flow - standard adaptive signal timing in effect
EVT438620,2025-09-04 20:27:07,Concert,J020,Malleshwaram Circle,8474,Weekday,False,Heavy Rain,True,63.7,False,False,0.954,Severe,8.8,70.6,519.9,0.168,0.389,0.866,Heavy rain reducing visibility and grip - reduced speed and longer buffer advised
EVT438621,2025-10-28 15:24:25,Sports Fixture,J012,Koramangala Sony World,16616,Weekday,False,Clear,False,0.0,False,False,0.329,Low,34.3,22.0,77.1,0.066,0.152,0.96,Moderate traffic flow - standard adaptive signal timing in effect
EVT438622,2025-12-23 21:14:28,Sports Fixture,J030,MG Road,34489,Weekday,False,Clear,False,0.0,False,False,0.528,Moderate,25.2,35.5,226.5,0.152,0.351,0.941,Moderate traffic flow - standard adaptive signal timing in effect
EVT438623,2025-08-21 10:13:16,Trade Fair,J012,Koramangala Sony World,7419,Weekday,False,Fog,False,0.0,False,False,0.824,Severe,10.4,63.4,345.7,0.141,0.325,0.94,Heavy congestion detected - signal timing extended and reroute suggested
EVT438624,2026-01-07 17:24:54,Concert,J020,Malleshwaram Circle,23904,Weekday,False,Clear,False,0.0,False,False,0.888,Severe,12.2,55.9,517.3,0.249,0.576,0.936,Heavy congestion detected - signal timing extended and reroute suggested
EVT438625,2025-05-29 18:17:14,Local Market Day,J040,City Market,3248,Weekday,False,Clear,False,0.0,False,False,0.989,Severe,7.7,65.1,440.7,0.15,0.347,0.946,Heavy congestion detected - signal timing extended and reroute suggested
EVT438626,2026-01-19 09:06:08,Political Rally,J031,Cubbon Road,10459,Weekday,False,Fog,False,0.0,False,False,1.0,Severe,7.1,72.0,509.4,0.165,0.381,0.9,Heavy congestion detected - signal timing extended and reroute suggested
EVT438627,2025-09-07 17:09:18,Sports Fixture,J031,Cubbon Road,27334,Weekend,False,Clear,False,0.0,False,False,0.851,Severe,15.3,56.2,345.8,0.219,0.506,0.936,Heavy congestion detected - signal timing extended and reroute suggested
EVT438628,2025-09-30 15:06:02,Sports Fixture,J012,Koramangala Sony World,25340,Weekday,False,Light Rain,True,6.7,False,False,0.499,Moderate,20.3,37.6,214.1,0.167,0.386,0.94,Light rain detected - minor speed reduction advised
EVT438629,2026-01-19 08:15:25,Local Market Day,J011,Indiranagar 100ft Road,4898,Weekday,False,Fog,False,0.0,False,False,0.91,Severe,13.5,67.6,529.0,0.264,0.61,0.948,Heavy congestion detected - signal timing extended and reroute suggested
EVT438630,2025-12-31 08:51:59,Trade Fair,J030,MG Road,13185,Weekday,False,Clear,False,0.0,False,False,1.0,Severe,9.8,74.6,528.4,0.206,0.477,0.892,Heavy congestion detected - signal timing extended and reroute suggested
EVT438631,2025-02-26 20:21:05,Political Rally,J040,City Market,17209,Weekday,False,Clear,False,0.0,False,False,0.68,High,19.5,47.8,101.9,0.069,0.158,0.959,Moderate traffic flow - standard adaptive signal timing in effect
EVT438632,2025-09-18 12:50:00,Local Market Day,J009,Majestic,6713,Weekday,False,Clear,False,0.0,False,False,0.137,Low,32.2,11.5,164.6,0.127,0.293,0.959,Normal free-flow traffic - standard signal timing maintained
EVT438633,2025-11-27 09:16:41,Trade Fair,J030,MG Road,14859,Weekday,False,Fog,False,0.0,False,False,1.0,Severe,8.5,62.1,588.9,0.209,0.484,0.896,Heavy congestion detected - signal timing extended and reroute suggested
EVT438634,2025-03-16 06:16:46,Concert,J031,Cubbon Road,10570,Weekend,False,Clear,False,0.0,False,False,0.336,Low,29.4,23.0,111.0,0.093,0.215,0.978,Moderate traffic flow - standard adaptive signal timing in effect
EVT438635,2026-02-10 16:37:31,Concert,J040,City Market,11734,Weekday,False,Clear,False,0.0,False,False,0.736,High,18.3,48.7,295.0,0.201,0.464,0.984,Moderate traffic flow - standard adaptive signal timing in effect
EVT438636,2025-02-07 09:29:22,Trade Fair,J011,Indiranagar 100ft Road,16324,Weekday,False,Clear,False,0.0,False,False,1.0,Severe,6.5,69.9,771.9,0.208,0.48,0.914,Heavy congestion detected - signal timing extended and reroute suggested
EVT438637,2025-04-04 16:02:48,Concert,J030,MG Road,7484,Weekday,False,Clear,False,0.0,False,False,0.472,Moderate,20.8,35.9,226.0,0.142,0.328,0.961,Moderate traffic flow - standard adaptive signal timing in effect
EVT438638,2026-02-15 16:43:44,Political Rally,J020,Malleshwaram Circle,11137,Weekend,False,Clear,False,0.0,False,False,0.65,High,15.9,43.3,394.0,0.207,0.477,0.976,Moderate traffic flow - standard adaptive signal timing in effect
EVT438639,2025-11-16 09:25:50,Local Market Day,J040,City Market,3800,Weekend,False,Clear,False,0.0,False,False,0.846,Severe,13.6,65.7,324.8,0.18,0.417,0.97,Heavy congestion detected - signal timing extended and reroute suggested
EVT438640,2025-08-21 16:11:34,Local Market Day,J031,Cubbon Road,2824,Weekday,False,Clear,False,0.0,False,False,0.482,Moderate,21.9,33.7,190.3,0.141,0.325,0.969,Moderate traffic flow - standard adaptive signal timing in effect
EVT438641,2025-12-27 09:51:39,Concert,J030,MG Road,16873,Weekend,False,Clear,False,0.0,False,False,0.851,Severe,11.3,59.8,272.7,0.129,0.298,0.946,Heavy congestion detected - signal timing extended and reroute suggested
EVT438642,2025-08-11 13:13:17,Sports Fixture,J011,Indiranagar 100ft Road,26568,Weekday,False,Heavy Rain,True,54.9,False,False,0.692,High,21.7,42.4,202.2,0.15,0.347,0.906,Heavy rain reducing visibility and grip - reduced speed and longer buffer advised
EVT438643,2026-06-12 20:38:08,Local Market Day,J023,Basavanagudi,4726,Weekday,False,Clear,False,0.0,False,False,0.502,Moderate,28.0,38.1,185.1,0.139,0.321,0.99,Moderate traffic flow - standard adaptive signal timing in effect
EVT438644,2025-01-11 13:08:13,Sports Fixture,J012,Koramangala Sony World,16618,Weekend,False,Clear,False,0.0,False,False,0.352,Moderate,27.1,25.4,182.1,0.13,0.301,0.957,Moderate traffic flow - standard adaptive signal timing in effect
EVT438645,2025-10-09 08:32:33,Concert,J009,Majestic,16060,Weekday,False,Clear,False,0.0,False,False,0.965,Severe,6.6,67.4,681.4,0.2,0.463,0.908,Heavy congestion detected - signal timing extended and reroute suggested
EVT438646,2026-02-02 13:09:41,Sports Fixture,J031,Cubbon Road,29972,Weekday,False,Clear,False,0.0,False,False,0.221,Low,31.8,19.8,137.5,0.123,0.285,0.966,Normal free-flow traffic - standard signal timing maintained
EVT438647,2025-10-28 11:43:24,Sports Fixture,J009,Majestic,13931,Weekday,False,Clear,False,0.0,False,False,0.349,Low,39.5,25.8,104.3,0.103,0.239,0.961,Moderate traffic flow - standard adaptive signal timing in effect
EVT438648,2025-09-16 10:29:06,Concert,J031,Cubbon Road,16100,Weekday,False,Clear,False,0.0,False,False,0.789,Severe,14.2,53.2,353.2,0.203,0.469,0.938,Heavy congestion detected - signal timing extended and reroute suggested
EVT438649,2025-12-17 08:42:06,Trade Fair,J023,Basavanagudi,10402,Weekday,False,Clear,False,0.0,False,False,1.0,Severe,9.0,68.5,588.9,0.216,0.498,0.917,Heavy congestion detected - signal timing extended and reroute suggested
EVT438650,2026-05-09 08:35:39,Trade Fair,J009,Majestic,9841,Weekend,False,Clear,False,0.0,False,False,0.815,Severe,14.7,64.7,518.7,0.266,0.613,0.945,Heavy congestion detected - signal timing extended and reroute suggested
EVT438651,2026-06-14 08:29:58,Trade Fair,J011,Indiranagar 100ft Road,8930,Weekend,False,Clear,False,0.0,False,False,0.848,Severe,13.1,64.5,420.0,0.193,0.445,0.936,Heavy congestion detected - signal timing extended and reroute suggested
EVT438652,2025-01-07 08:11:45,Concert,J011,Indiranagar 100ft Road,8413,Weekday,False,Clear,False,0.0,False,False,0.853,Severe,13.2,61.5,454.4,0.214,0.494,0.954,Heavy congestion detected - signal timing extended and reroute suggested
EVT438653,2025-11-20 09:41:23,Trade Fair,J011,Indiranagar 100ft Road,7173,Weekday,False,Clear,False,0.0,False,False,0.965,Severe,10.6,73.2,443.0,0.176,0.408,0.894,Heavy congestion detected - signal timing extended and reroute suggested
EVT438654,2026-06-17 11:08:49,Trade Fair,J009,Majestic,4789,Weekday,False,Light Rain,True,6.3,True,False,0.901,Severe,13.7,70.0,416.9,0.226,0.523,0.722,Accident detected nearby - reroute and reduced speed advised
EVT438655,2025-11-05 15:41:47,Sports Fixture,J030,MG Road,22784,Weekday,False,Clear,False,0.0,False,False,0.452,Moderate,22.6,30.7,340.2,0.219,0.507,0.943,Moderate traffic flow - standard adaptive signal timing in effect
EVT438656,2025-04-12 15:38:33,Local Market Day,J040,City Market,2965,Weekend,False,Clear,False,0.0,False,False,0.38,Moderate,27.1,29.1,63.0,0.047,0.109,0.969,Moderate traffic flow - standard adaptive signal timing in effect
EVT438657,2025-11-30 06:28:35,Sports Fixture,J020,Malleshwaram Circle,23164,Weekend,False,Clear,False,0.0,False,False,0.434,Moderate,26.2,31.4,232.5,0.162,0.374,0.945,Moderate traffic flow - standard adaptive signal timing in effect
EVT438658,2026-03-05 11:32:48,Religious Festival,J009,Majestic,52296,Weekday,True,Clear,False,0.0,False,True,0.909,Severe,12.3,94.0,223.9,0.106,0.245,0.849,Road closure for event/procession - full detour recommended for through-traffic
EVT438659,2025-09-10 06:07:34,Concert,J030,MG Road,13640,Weekday,False,Clear,False,0.0,False,False,0.33,Low,27.4,22.1,130.9,0.08,0.185,0.938,Moderate traffic flow - standard adaptive signal timing in effect
EVT438660,2025-02-02 13:04:09,Local Market Day,J023,Basavanagudi,6982,Weekend,False,Clear,False,0.0,False,False,0.309,Low,29.2,22.5,200.5,0.163,0.376,0.978,Moderate traffic flow - standard adaptive signal timing in effect
EVT438661,2025-11-10 08:12:10,Sports Fixture,J009,Majestic,23827,Weekday,False,Clear,False,0.0,False,False,0.967,Severe,10.9,67.9,369.6,0.15,0.346,0.878,Heavy congestion detected - signal timing extended and reroute suggested
EVT438662,2025-07-08 13:20:05,Trade Fair,J031,Cubbon Road,5145,Weekday,False,Fog,False,0.0,False,False,0.181,Low,25.9,13.6,190.4,0.143,0.331,0.953,Normal free-flow traffic - standard signal timing maintained
EVT438663,2025-04-11 01:12:04,Concert,J012,Koramangala Sony World,9080,Weekday,False,Clear,False,0.0,False,False,0.207,Low,32.3,12.7,180.8,0.165,0.381,0.955,Normal free-flow traffic - standard signal timing maintained
EVT438664,2025-12-31 16:45:02,Local Market Day,J040,City Market,1650,Weekday,False,Clear,False,0.0,False,False,0.639,High,23.3,41.0,217.7,0.169,0.39,0.988,Moderate traffic flow - standard adaptive signal timing in effect
EVT438665,2025-04-12 07:38:03,Local Market Day,J020,Malleshwaram Circle,4777,Weekend,False,Clear,False,0.0,False,False,0.628,High,18.7,42.6,145.3,0.098,0.226,0.986,Moderate traffic flow - standard adaptive signal timing in effect
EVT438666,2026-01-25 09:28:34,Concert,J020,Malleshwaram Circle,17265,Weekend,False,Clear,False,0.0,False,False,0.951,Severe,10.8,67.0,389.2,0.177,0.408,0.917,Heavy congestion detected - signal timing extended and reroute suggested
EVT438667,2025-11-04 09:09:58,Local Market Day,J009,Majestic,3498,Weekday,False,Clear,False,0.0,False,False,1.0,Severe,8.1,64.0,544.0,0.175,0.404,0.945,Heavy congestion detected - signal timing extended and reroute suggested
EVT438668,2025-04-24 18:55:52,Concert,J023,Basavanagudi,24087,Weekday,False,Clear,False,0.0,False,False,1.0,Severe,10.2,70.5,543.0,0.236,0.544,0.94,Heavy congestion detected - signal timing extended and reroute suggested
EVT438669,2025-11-07 14:21:13,Concert,J031,Cubbon Road,14404,Weekday,False,Rain,True,10.7,False,False,0.458,Moderate,25.5,30.0,111.0,0.08,0.184,0.926,Light rain detected - minor speed reduction advised
EVT438670,2025-04-24 08:43:14,Trade Fair,J040,City Market,12963,Weekday,False,Clear,False,0.0,False,False,1.0,Severe,8.3,76.0,539.8,0.203,0.469,0.925,Heavy congestion detected - signal timing extended and reroute suggested
EVT438671,2025-08-26 21:10:12,Sports Fixture,J040,City Market,28226,Weekday,False,Clear,False,0.0,False,False,0.512,Moderate,24.4,34.8,103.9,0.084,0.194,0.986,Moderate traffic flow - standard adaptive signal timing in effect
EVT438672,2026-05-07 19:30:15,Concert,J009,Majestic,8660,Weekday,False,Rain,True,11.6,False,False,1.0,Severe,9.9,72.9,416.3,0.18,0.416,0.877,Heavy rain reducing visibility and grip - reduced speed and longer buffer advised
EVT438673,2025-04-29 09:38:59,Concert,J031,Cubbon Road,11923,Weekday,False,Clear,False,0.0,False,False,0.962,Severe,9.0,75.5,649.6,0.223,0.514,0.935,Heavy congestion detected - signal timing extended and reroute suggested
EVT438674,2025-01-26 15:57:01,Cultural Procession,J009,Majestic,13806,Weekend,True,Clear,False,0.0,False,False,0.621,High,16.8,43.0,152.5,0.095,0.219,0.893,Festival crowd surge detected - alternate route and extended cycle recommended
EVT438675,2026-04-04 18:39:12,Local Market Day,J023,Basavanagudi,3718,Weekend,False,Clear,False,0.0,False,False,0.862,Severe,16.1,53.6,229.9,0.132,0.305,0.921,Heavy congestion detected - signal timing extended and reroute suggested
EVT438676,2025-04-22 09:01:30,Sports Fixture,J012,Koramangala Sony World,17338,Weekday,False,Clear,False,0.0,False,False,1.0,Severe,7.8,69.3,625.5,0.204,0.471,0.917,Heavy congestion detected - signal timing extended and reroute suggested
EVT438677,2026-01-24 11:47:04,Trade Fair,J023,Basavanagudi,10078,Weekend,False,Clear,False,0.0,False,False,0.273,Low,28.3,19.1,113.1,0.052,0.119,0.944,Moderate traffic flow - standard adaptive signal timing in effect
EVT438678,2025-10-21 16:42:13,Religious Festival,J023,Basavanagudi,45230,Weekday,True,Light Rain,True,0.4,False,False,1.0,Severe,7.7,69.5,370.1,0.121,0.279,0.822,Festival crowd surge detected - alternate route and extended cycle recommended
EVT438679,2025-04-25 19:11:14,Sports Fixture,J020,Malleshwaram Circle,27942,Weekday,False,Clear,False,0.0,False,False,1.0,Severe,7.0,69.3,1205.8,0.328,0.757,0.929,Heavy congestion detected - signal timing extended and reroute suggested
EVT438680,2025-09-19 00:44:44,Local Market Day,J040,City Market,3937,Weekday,False,Clear,False,0.0,False,False,0.179,Low,40.1,15.7,105.2,0.088,0.204,0.967,Normal free-flow traffic - standard signal timing maintained
EVT438681,2025-05-28 12:58:42,Political Rally,J031,Cubbon Road,12249,Weekday,False,Clear,False,0.0,False,False,0.258,Low,33.2,12.6,151.4,0.129,0.298,0.966,Moderate traffic flow - standard adaptive signal timing in effect
EVT438682,2025-11-21 21:29:07,Concert,J040,City Market,12129,Weekday,False,Light Rain,True,4.3,False,False,0.551,High,24.2,41.7,217.0,0.14,0.323,0.934,Heavy rain reducing visibility and grip - reduced speed and longer buffer advised
EVT438683,2025-10-05 12:47:18,Sports Fixture,J040,City Market,25482,Weekend,False,Clear,False,0.0,False,False,0.436,Moderate,22.6,29.8,185.7,0.142,0.327,0.973,Moderate traffic flow - standard adaptive signal timing in effect
EVT438684,2025-03-02 18:19:23,Concert,J023,Basavanagudi,15068,Weekend,False,Clear,False,0.0,False,False,0.931,Severe,12.0,64.2,286.5,0.136,0.314,0.93,Heavy congestion detected - signal timing extended and reroute suggested
EVT438685,2025-11-20 21:50:48,Sports Fixture,J031,Cubbon Road,21000,Weekday,False,Clear,False,0.0,False,False,0.315,Low,31.1,21.3,140.2,0.108,0.25,0.989,Moderate traffic flow - standard adaptive signal timing in effect
EVT438686,2025-03-07 15:48:12,Trade Fair,J012,Koramangala Sony World,8528,Weekday,False,Clear,False,0.0,False,False,0.416,Moderate,27.4,30.0,117.5,0.078,0.181,0.939,Moderate traffic flow - standard adaptive signal timing in effect
EVT438687,2025-02-12 19:53:10,Concert,J012,Koramangala Sony World,7560,Weekday,False,Clear,False,0.0,False,False,0.757,Severe,13.1,60.7,448.2,0.207,0.479,0.964,Heavy congestion detected - signal timing extended and reroute suggested
EVT438688,2026-06-13 07:38:40,Concert,J020,Malleshwaram Circle,7010,Weekend,False,Fog,False,0.0,False,False,0.593,High,26.3,41.7,187.1,0.155,0.358,0.967,Moderate traffic flow - standard adaptive signal timing in effect
EVT438689,2026-05-15 13:28:06,Sports Fixture,J031,Cubbon Road,23511,Weekday,False,Clear,False,0.0,False,False,0.319,Low,31.6,20.8,143.7,0.132,0.305,0.965,Moderate traffic flow - standard adaptive signal timing in effect
EVT438690,2026-02-08 08:11:58,Concert,J009,Majestic,16500,Weekend,False,Fog,False,0.0,False,False,0.815,Severe,15.9,61.2,250.9,0.146,0.338,0.964,Heavy congestion detected - signal timing extended and reroute suggested
EVT438691,2025-01-03 09:48:05,Concert,J030,MG Road,13104,Weekday,False,Clear,False,0.0,False,False,0.848,Severe,13.2,60.8,370.8,0.184,0.425,0.946,Heavy congestion detected - signal timing extended and reroute suggested
EVT438692,2025-04-29 06:07:07,Trade Fair,J040,City Market,9932,Weekday,False,Clear,False,0.0,False,False,0.222,Low,37.7,8.7,108.6,0.113,0.262,0.966,Normal free-flow traffic - standard signal timing maintained
EVT438693,2025-07-19 14:57:51,Political Rally,J031,Cubbon Road,19415,Weekend,False,Clear,False,0.0,False,False,0.45,Moderate,26.9,27.8,90.0,0.058,0.133,0.97,Moderate traffic flow - standard adaptive signal timing in effect
EVT438694,2025-12-26 07:21:29,Fireworks Display,J040,City Market,49723,Weekday,True,Clear,False,0.0,False,False,1.0,Severe,8.3,73.2,721.8,0.253,0.585,0.866,Festival crowd surge detected - alternate route and extended cycle recommended
EVT438695,2026-01-08 10:09:05,Local Market Day,J011,Indiranagar 100ft Road,3810,Weekday,False,Clear,False,0.0,False,False,0.796,Severe,14.9,55.4,357.8,0.183,0.424,0.96,Heavy congestion detected - signal timing extended and reroute suggested
EVT438696,2025-05-19 17:27:02,Sports Fixture,J030,MG Road,19333,Weekday,False,Clear,False,0.0,False,False,0.992,Severe,8.5,70.5,413.5,0.135,0.313,0.909,Heavy congestion detected - signal timing extended and reroute suggested
EVT438697,2025-04-05 12:47:50,Local Market Day,J030,MG Road,4744,Weekend,False,Clear,False,0.0,False,False,0.268,Low,29.5,21.8,90.1,0.046,0.107,0.966,Moderate traffic flow - standard adaptive signal timing in effect
EVT438698,2025-01-23 19:31:00,Local Market Day,J030,MG Road,4243,Weekday,False,Clear,False,0.0,False,False,0.979,Severe,10.9,68.5,341.2,0.144,0.332,0.917,Heavy congestion detected - signal timing extended and reroute suggested
EVT438699,2025-05-07 15:35:18,Concert,J009,Majestic,18496,Weekday,False,Clear,False,0.0,False,False,0.492,Moderate,20.7,33.0,164.0,0.108,0.249,0.954,Moderate traffic flow - standard adaptive signal timing in effect
EVT438700,2025-01-27 11:55:59,Cultural Procession,J009,Majestic,13258,Weekday,True,Clear,False,0.0,False,True,0.705,High,24.6,71.2,236.8,0.175,0.405,0.913,Road closure for event/procession - full detour recommended for through-traffic
EVT438701,2025-05-23 09:54:08,Concert,J031,Cubbon Road,11704,Weekday,False,Light Rain,True,7.3,False,False,0.972,Severe,7.8,72.4,706.9,0.21,0.485,0.879,Heavy rain reducing visibility and grip - reduced speed and longer buffer advised
EVT438702,2025-01-08 10:26:49,Trade Fair,J031,Cubbon Road,9405,Weekday,False,Clear,False,0.0,False,False,0.673,High,19.2,44.1,266.7,0.17,0.392,0.963,Moderate traffic flow - standard adaptive signal timing in effect
EVT438703,2025-08-23 18:33:28,Local Market Day,J020,Malleshwaram Circle,3112,Weekend,False,Clear,False,0.0,False,False,0.901,Severe,12.4,61.3,294.7,0.149,0.344,0.953,Heavy congestion detected - signal timing extended and reroute suggested
EVT438704,2026-04-14 11:52:48,Religious Festival,J030,MG Road,68303,Weekday,True,Clear,False,0.0,False,True,0.995,Severe,8.9,96.7,354.1,0.148,0.343,0.835,Road closure for event/procession - full detour recommended for through-traffic
EVT438705,2025-01-24 00:58:26,Political Rally,J009,Majestic,23754,Weekday,False,Clear,False,0.0,False,False,0.278,Low,28.0,18.4,106.4,0.087,0.202,0.982,Moderate traffic flow - standard adaptive signal timing in effect
EVT438706,2025-11-30 17:41:39,Local Market Day,J023,Basavanagudi,3148,Weekend,False,Clear,False,0.0,False,False,0.722,High,12.5,46.4,354.3,0.156,0.36,0.958,Moderate traffic flow - standard adaptive signal timing in effect
EVT438707,2025-06-02 19:39:41,Local Market Day,J030,MG Road,5824,Weekday,False,Light Rain,True,6.4,False,False,0.97,Severe,8.8,70.7,506.2,0.185,0.427,0.886,Heavy rain reducing visibility and grip - reduced speed and longer buffer advised
EVT438708,2025-03-25 17:44:03,Sports Fixture,J040,City Market,19370,Weekday,False,Clear,False,0.0,False,False,1.0,Severe,7.9,70.8,539.2,0.19,0.439,0.908,Heavy congestion detected - signal timing extended and reroute suggested
EVT438709,2025-11-29 18:40:12,Political Rally,J012,Koramangala Sony World,8545,Weekend,False,Clear,False,0.0,False,False,0.88,Severe,14.3,63.9,219.1,0.119,0.275,0.922,Heavy congestion detected - signal timing extended and reroute suggested
EVT438710,2026-02-02 13:44:14,Concert,J031,Cubbon Road,7746,Weekday,False,Clear,False,0.0,False,False,0.201,Low,28.3,13.2,70.6,0.049,0.113,0.96,Normal free-flow traffic - standard signal timing maintained
EVT438711,2025-03-28 18:18:23,Trade Fair,J012,Koramangala Sony World,7998,Weekday,False,Clear,False,0.0,False,False,0.966,Severe,9.8,72.2,504.2,0.199,0.46,0.931,Heavy congestion detected - signal timing extended and reroute suggested
EVT438712,2025-04-03 18:52:34,Concert,J030,MG Road,24843,Weekday,False,Clear,False,0.0,False,False,1.0,Severe,10.1,68.7,549.3,0.237,0.546,0.93,Heavy congestion detected - signal timing extended and reroute suggested
EVT438713,2026-05-07 10:51:24,Local Market Day,J012,Koramangala Sony World,4412,Weekday,False,Clear,False,0.0,False,False,0.508,Moderate,18.0,41.5,100.6,0.053,0.123,0.953,Moderate traffic flow - standard adaptive signal timing in effect
EVT438714,2025-11-20 22:51:39,Concert,J023,Basavanagudi,14456,Weekday,False,Clear,False,0.0,False,False,0.323,Low,25.0,23.5,152.8,0.08,0.185,0.966,Moderate traffic flow - standard adaptive signal timing in effect
EVT438715,2025-09-16 17:43:56,Trade Fair,J009,Majestic,5750,Weekday,False,Clear,False,0.0,False,False,0.851,Severe,11.1,52.9,431.2,0.19,0.438,0.942,Heavy congestion detected - signal timing extended and reroute suggested
EVT438716,2025-12-09 14:34:20,Sports Fixture,J040,City Market,37635,Weekday,False,Light Rain,True,3.5,False,False,0.442,Moderate,32.1,40.0,74.1,0.036,0.084,0.919,Light rain detected - minor speed reduction advised
EVT438717,2025-01-28 18:20:05,Sports Fixture,J012,Koramangala Sony World,20049,Weekday,False,Clear,False,0.0,False,False,1.0,Severe,8.8,65.6,528.5,0.19,0.439,0.927,Heavy congestion detected - signal timing extended and reroute suggested
EVT438718,2025-03-28 23:46:12,Local Market Day,J023,Basavanagudi,6072,Weekday,False,Clear,False,0.0,False,False,0.125,Low,29.6,10.4,166.7,0.106,0.245,0.98,Normal free-flow traffic - standard signal timing maintained
EVT438719,2026-03-28 17:13:51,Sports Fixture,J011,Indiranagar 100ft Road,26750,Weekend,False,Clear,False,0.0,False,False,0.825,Severe,13.4,63.3,386.8,0.209,0.483,0.936,Heavy congestion detected - signal timing extended and reroute suggested
EVT438720,2025-09-26 18:50:23,Sports Fixture,J040,City Market,21380,Weekday,False,Clear,False,0.0,False,False,1.0,Severe,9.5,70.9,450.2,0.175,0.404,0.906,Heavy congestion detected - signal timing extended and reroute suggested
EVT438721,2026-01-06 17:17:36,Political Rally,J030,MG Road,13633,Weekday,False,Clear,False,0.0,False,False,0.891,Severe,11.4,57.5,481.2,0.212,0.491,0.928,Heavy congestion detected - signal timing extended and reroute suggested
EVT438722,2025-05-07 15:55:21,Local Market Day,J009,Majestic,1889,Weekday,False,Clear,False,0.0,False,False,0.473,Moderate,21.0,27.7,193.5,0.127,0.294,0.976,Moderate traffic flow - standard adaptive signal timing in effect
EVT438723,2025-01-30 15:02:52,Local Market Day,J040,City Market,3694,Weekday,False,Fog,False,0.0,False,False,0.233,Low,30.5,16.3,76.8,0.051,0.119,0.943,Normal free-flow traffic - standard signal timing maintained
EVT438724,2025-11-07 16:14:39,Sports Fixture,J031,Cubbon Road,39326,Weekday,False,Clear,False,0.0,False,False,0.774,Severe,15.9,56.1,130.7,0.08,0.185,0.958,Heavy congestion detected - signal timing extended and reroute suggested
EVT438725,2025-08-30 19:05:02,Concert,J012,Koramangala Sony World,12254,Weekend,False,Clear,False,0.0,False,False,0.934,Severe,10.8,70.1,487.9,0.233,0.538,0.906,Heavy congestion detected - signal timing extended and reroute suggested
EVT438726,2025-01-27 07:01:57,Cultural Procession,J011,Indiranagar 100ft Road,20105,Weekday,True,Clear,False,0.0,False,False,0.798,Severe,18.0,54.2,226.7,0.129,0.298,0.911,Festival crowd surge detected - alternate route and extended cycle recommended
EVT438727,2026-04-15 12:20:02,Religious Festival,J031,Cubbon Road,46582,Weekday,True,Light Rain,True,4.7,False,True,0.951,Severe,9.7,89.4,581.7,0.225,0.52,0.786,Road closure for event/procession - full detour recommended for through-traffic
EVT438728,2026-01-16 18:46:10,Trade Fair,J040,City Market,11032,Weekday,False,Clear,False,0.0,True,False,1.0,Severe,6.0,70.7,1178.4,0.29,0.671,0.772,Accident detected nearby - reroute and reduced speed advised
EVT438729,2026-02-12 13:05:25,Political Rally,J030,MG Road,8712,Weekday,False,Clear,False,0.0,False,False,0.204,Low,27.0,9.4,178.9,0.155,0.358,0.988,Normal free-flow traffic - standard signal timing maintained
EVT438730,2025-02-21 16:14:34,Local Market Day,J031,Cubbon Road,5357,Weekday,False,Fog,False,0.0,False,False,0.459,Moderate,23.5,33.2,193.9,0.118,0.272,0.982,Moderate traffic flow - standard adaptive signal timing in effect
EVT438731,2025-03-06 08:31:31,Trade Fair,J012,Koramangala Sony World,8979,Weekday,False,Fog,False,0.0,False,False,0.969,Severe,9.5,68.6,445.5,0.175,0.404,0.889,Heavy congestion detected - signal timing extended and reroute suggested
EVT438732,2025-11-29 08:03:30,Concert,J040,City Market,11322,Weekend,False,Clear,False,0.0,False,False,0.794,Severe,14.8,56.0,349.8,0.185,0.427,0.96,Heavy congestion detected - signal timing extended and reroute suggested
EVT438733,2025-02-14 11:27:28,Concert,J020,Malleshwaram Circle,17645,Weekday,False,Clear,False,0.0,False,False,0.447,Moderate,27.0,36.1,176.5,0.136,0.315,0.966,Moderate traffic flow - standard adaptive signal timing in effect
EVT438734,2026-01-04 17:52:07,Local Market Day,J023,Basavanagudi,4867,Weekend,False,Clear,False,0.0,False,False,0.827,Severe,13.4,57.6,331.7,0.186,0.431,0.901,Heavy congestion detected - signal timing extended and reroute suggested
EVT438735,2025-04-04 18:47:18,Trade Fair,J023,Basavanagudi,10553,Weekday,False,Clear,False,0.0,False,False,1.0,Severe,8.7,71.7,823.9,0.269,0.621,0.929,Heavy congestion detected - signal timing extended and reroute suggested
EVT438736,2025-12-25 18:10:04,Cultural Procession,J023,Basavanagudi,16349,Weekday,True,Clear,False,0.0,False,False,1.0,Severe,8.8,74.7,616.3,0.228,0.526,0.882,Festival crowd surge detected - alternate route and extended cycle recommended
EVT438737,2025-10-02 20:57:10,Religious Festival,J023,Basavanagudi,43185,Weekday,True,Fog,False,0.0,False,False,0.874,Severe,12.4,57.6,265.2,0.125,0.289,0.889,Festival crowd surge detected - alternate route and extended cycle recommended
EVT438738,2025-05-17 20:24:42,Political Rally,J011,Indiranagar 100ft Road,12575,Weekend,False,Clear,False,0.0,False,False,0.622,High,18.5,48.3,250.7,0.141,0.325,0.959,Moderate traffic flow - standard adaptive signal timing in effect
EVT438739,2026-06-04 08:27:57,Trade Fair,J020,Malleshwaram Circle,9913,Weekday,False,Heavy Rain,True,125.4,False,False,1.0,Severe,8.2,67.2,483.6,0.177,0.409,0.889,Heavy rain reducing visibility and grip - reduced speed and longer buffer advised
EVT438740,2025-12-25 20:04:33,Religious Festival,J011,Indiranagar 100ft Road,59889,Weekday,True,Clear,False,0.0,False,True,1.0,Severe,9.1,99.6,644.9,0.247,0.57,0.849,Road closure for event/procession - full detour recommended for through-traffic
EVT438741,2025-07-16 14:00:43,Trade Fair,J011,Indiranagar 100ft Road,9443,Weekday,False,Heavy Rain,True,38.9,False,False,0.563,High,22.3,47.7,264.0,0.184,0.425,0.929,Heavy rain reducing visibility and grip - reduced speed and longer buffer advised
EVT438742,2026-05-10 16:34:55,Sports Fixture,J030,MG Road,22818,Weekend,False,Clear,False,0.0,False,False,0.724,High,17.8,55.6,123.9,0.08,0.184,0.965,Moderate traffic flow - standard adaptive signal timing in effect
EVT438743,2025-02-28 17:29:48,Concert,J011,Indiranagar 100ft Road,16816,Weekday,False,Clear,False,0.0,False,False,0.93,Severe,9.9,67.3,351.8,0.146,0.336,0.905,Heavy congestion detected - signal timing extended and reroute suggested
EVT438744,2026-02-21 19:05:27,Local Market Day,J023,Basavanagudi,3777,Weekend,False,Clear,False,0.0,False,False,0.964,Severe,9.0,62.6,455.9,0.151,0.35,0.951,Heavy congestion detected - signal timing extended and reroute suggested
EVT438745,2025-04-15 21:37:45,Fireworks Display,J009,Majestic,22977,Weekday,True,Clear,False,0.0,False,False,0.616,High,24.0,36.2,236.9,0.199,0.461,0.917,Festival crowd surge detected - alternate route and extended cycle recommended
EVT438746,2025-01-04 20:04:22,Local Market Day,J011,Indiranagar 100ft Road,2815,Weekend,False,Clear,False,0.0,False,False,0.57,High,20.8,38.1,204.6,0.132,0.306,0.957,Moderate traffic flow - standard adaptive signal timing in effect
EVT438747,2026-03-19 22:12:56,Cultural Procession,J031,Cubbon Road,22557,Weekday,True,Clear,False,0.0,False,True,0.685,Moderate,19.2,75.7,248.1,0.151,0.348,0.885,Road closure for event/procession - full detour recommended for through-traffic
EVT438748,2025-12-21 08:13:08,Sports Fixture,J040,City Market,20366,Weekend,False,Clear,False,0.0,False,False,0.86,Severe,12.7,60.9,436.4,0.214,0.494,0.955,Heavy congestion detected - signal timing extended and reroute suggested
EVT438749,2025-02-11 23:27:36,Sports Fixture,J030,MG Road,28737,Weekday,False,Clear,False,0.0,False,False,0.377,Moderate,33.2,26.5,187.3,0.167,0.386,0.963,Moderate traffic flow - standard adaptive signal timing in effect
EVT438750,2025-06-02 16:33:04,Local Market Day,J020,Malleshwaram Circle,2760,Weekday,False,Clear,False,0.0,False,False,0.593,High,25.8,43.9,175.4,0.139,0.322,0.98,Moderate traffic flow - standard adaptive signal timing in effect
EVT438751,2025-07-10 08:33:40,Local Market Day,J040,City Market,1438,Weekday,False,Rain,True,12.2,False,False,1.0,Severe,8.6,71.4,554.8,0.17,0.392,0.873,Heavy rain reducing visibility and grip - reduced speed and longer buffer advised
EVT438752,2025-07-05 07:19:57,Concert,J009,Majestic,8549,Weekend,False,Rain,True,21.5,False,False,0.838,Severe,14.0,62.1,615.9,0.295,0.682,0.877,Heavy rain reducing visibility and grip - reduced speed and longer buffer advised
EVT438753,2025-07-30 20:35:15,Sports Fixture,J020,Malleshwaram Circle,27889,Weekday,False,Clear,False,0.0,False,False,0.642,High,19.1,48.0,251.6,0.141,0.326,0.966,Moderate traffic flow - standard adaptive signal timing in effect
EVT438754,2025-01-06 22:54:08,Sports Fixture,J020,Malleshwaram Circle,21398,Weekday,False,Clear,False,0.0,False,False,0.413,Moderate,27.0,31.3,141.4,0.11,0.255,0.957,Moderate traffic flow - standard adaptive signal timing in effect
EVT438755,2026-03-20 19:27:11,Cultural Procession,J020,Malleshwaram Circle,14705,Weekday,True,Clear,False,0.0,False,True,1.0,Severe,8.5,103.2,382.7,0.143,0.329,0.818,Road closure for event/procession - full detour recommended for through-traffic
EVT438756,2025-12-26 17:51:59,Cultural Procession,J012,Koramangala Sony World,10131,Weekday,True,Clear,False,0.0,False,True,1.0,Severe,5.4,103.4,1141.7,0.247,0.57,0.854,Road closure for event/procession - full detour recommended for through-traffic
EVT438757,2025-06-01 21:41:40,Concert,J031,Cubbon Road,8225,Weekend,False,Fog,False,0.0,False,False,0.439,Moderate,23.3,29.7,93.6,0.072,0.165,0.99,Moderate traffic flow - standard adaptive signal timing in effect
EVT438758,2025-05-27 15:15:16,Sports Fixture,J031,Cubbon Road,14957,Weekday,False,Fog,False,0.0,False,False,0.342,Low,27.5,22.2,77.2,0.073,0.168,0.95,Moderate traffic flow - standard adaptive signal timing in effect
EVT438759,2025-01-05 11:47:54,Local Market Day,J012,Koramangala Sony World,1962,Weekend,False,Clear,False,0.0,False,False,0.325,Low,35.6,26.2,182.3,0.165,0.382,0.967,Moderate traffic flow - standard adaptive signal timing in effect
EVT438760,2025-03-30 22:55:40,Religious Festival,J011,Indiranagar 100ft Road,34532,Weekend,True,Clear,False,0.0,False,True,0.788,High,16.5,85.1,364.5,0.191,0.442,0.885,Road closure for event/procession - full detour recommended for through-traffic
EVT438761,2025-10-22 12:54:16,Cultural Procession,J031,Cubbon Road,15541,Weekday,True,Rain,True,14.3,False,True,0.739,High,17.8,78.0,190.7,0.095,0.22,0.829,Road closure for event/procession - full detour recommended for through-traffic
EVT438762,2026-04-13 19:21:54,Local Market Day,J040,City Market,4671,Weekday,False,Clear,False,0.0,False,False,0.817,Severe,18.4,55.4,322.9,0.197,0.454,0.982,Heavy congestion detected - signal timing extended and reroute suggested
EVT438763,2026-05-14 20:55:51,Trade Fair,J040,City Market,8338,Weekday,False,Fog,False,0.0,False,False,0.466,Moderate,26.9,37.7,154.0,0.113,0.261,0.99,Moderate traffic flow - standard adaptive signal timing in effect
EVT438764,2026-01-25 09:54:00,Local Market Day,J031,Cubbon Road,6633,Weekend,False,Clear,False,0.0,False,False,0.801,Severe,18.3,58.0,272.3,0.16,0.37,0.97,Heavy congestion detected - signal timing extended and reroute suggested
EVT438765,2026-05-26 14:19:33,Concert,J020,Malleshwaram Circle,10590,Weekday,False,Fog,False,0.0,False,False,0.228,Low,32.9,14.7,89.8,0.073,0.17,0.99,Normal free-flow traffic - standard signal timing maintained
EVT438766,2025-03-09 04:54:34,Trade Fair,J040,City Market,11261,Weekend,False,Clear,False,0.0,False,False,0.309,Low,26.9,18.6,135.9,0.109,0.252,0.946,Moderate traffic flow - standard adaptive signal timing in effect
EVT438767,2025-12-22 07:04:10,Trade Fair,J030,MG Road,7589,Weekday,False,Clear,False,0.0,False,False,0.537,Moderate,15.0,33.8,133.2,0.052,0.121,0.954,Moderate traffic flow - standard adaptive signal timing in effect
EVT438768,2025-10-27 16:31:59,Sports Fixture,J031,Cubbon Road,14827,Weekday,False,Heavy Rain,True,29.6,False,False,0.913,Severe,12.0,66.0,405.7,0.188,0.434,0.897,Heavy rain reducing visibility and grip - reduced speed and longer buffer advised
EVT438769,2026-01-02 17:51:01,Religious Festival,J009,Majestic,44481,Weekday,True,Clear,False,0.0,False,False,1.0,Severe,9.2,72.7,352.8,0.148,0.342,0.852,Festival crowd surge detected - alternate route and extended cycle recommended
EVT438770,2026-05-14 13:24:22,Local Market Day,J023,Basavanagudi,2814,Weekday,False,Clear,False,0.0,False,False,0.273,Low,27.2,21.8,186.7,0.123,0.285,0.965,Moderate traffic flow - standard adaptive signal timing in effect
EVT438771,2025-06-21 18:09:01,Local Market Day,J023,Basavanagudi,2092,Weekend,False,Clear,False,0.0,False,False,0.844,Severe,13.2,58.4,307.2,0.133,0.306,0.945,Heavy congestion detected - signal timing extended and reroute suggested
EVT438772,2025-02-06 13:10:15,Local Market Day,J020,Malleshwaram Circle,3693,Weekday,False,Clear,False,0.0,False,False,0.29,Low,36.2,23.8,94.1,0.076,0.175,0.963,Moderate traffic flow - standard adaptive signal timing in effect
EVT438773,2025-10-18 10:21:23,Local Market Day,J012,Koramangala Sony World,6277,Weekend,False,Light Rain,True,4.5,False,False,0.718,High,18.1,52.1,115.2,0.066,0.152,0.913,Heavy rain reducing visibility and grip - reduced speed and longer buffer advised
EVT438774,2025-04-29 11:00:10,Concert,J030,MG Road,13510,Weekday,False,Clear,False,0.0,False,False,0.482,Moderate,21.7,31.0,231.5,0.16,0.369,0.982,Moderate traffic flow - standard adaptive signal timing in effect
EVT438775,2025-05-01 19:13:46,Religious Festival,J020,Malleshwaram Circle,53963,Weekday,True,Clear,False,0.0,False,True,1.0,Severe,8.1,90.6,857.7,0.27,0.623,0.884,Road closure for event/procession - full detour recommended for through-traffic
EVT438776,2026-02-01 21:11:04,Concert,J031,Cubbon Road,8107,Weekend,False,Clear,False,0.0,False,False,0.417,Moderate,28.3,25.2,135.7,0.127,0.292,0.958,Moderate traffic flow - standard adaptive signal timing in effect
EVT438777,2026-06-08 08:14:58,Local Market Day,J012,Koramangala Sony World,6703,Weekday,False,Heavy Rain,True,63.6,False,False,1.0,Severe,7.4,69.3,478.7,0.145,0.334,0.858,Heavy rain reducing visibility and grip - reduced speed and longer buffer advised
EVT438778,2026-03-10 17:09:42,Political Rally,J031,Cubbon Road,17646,Weekday,False,Clear,False,0.0,False,False,0.876,Severe,12.0,61.1,379.3,0.17,0.392,0.898,Heavy congestion detected - signal timing extended and reroute suggested
EVT438779,2026-01-19 16:00:31,Local Market Day,J040,City Market,6709,Weekday,False,Clear,False,0.0,False,False,0.459,Moderate,28.7,33.8,209.7,0.169,0.391,0.983,Moderate traffic flow - standard adaptive signal timing in effect
EVT438780,2025-12-20 12:31:33,Concert,J020,Malleshwaram Circle,10381,Weekend,False,Clear,False,0.0,False,False,0.342,Low,26.1,23.2,136.9,0.103,0.239,0.99,Moderate traffic flow - standard adaptive signal timing in effect
EVT438781,2026-03-18 11:49:08,Political Rally,J020,Malleshwaram Circle,19672,Weekday,False,Clear,False,0.0,False,False,0.388,Moderate,26.2,32.8,245.6,0.181,0.418,0.989,Moderate traffic flow - standard adaptive signal timing in effect
EVT438782,2025-11-26 17:40:41,Concert,J009,Majestic,11572,Weekday,False,Clear,False,0.0,False,False,0.924,Severe,7.9,66.6,682.3,0.204,0.471,0.963,Heavy congestion detected - signal timing extended and reroute suggested
EVT438783,2025-08-17 20:35:09,Concert,J012,Koramangala Sony World,12015,Weekend,False,Light Rain,True,3.5,False,False,0.676,High,19.5,50.1,314.3,0.197,0.455,0.909,Heavy rain reducing visibility and grip - reduced speed and longer buffer advised
EVT438784,2025-01-04 09:34:03,Trade Fair,J040,City Market,8186,Weekend,False,Clear,False,0.0,False,False,0.796,Severe,12.3,58.0,339.8,0.163,0.376,0.948,Heavy congestion detected - signal timing extended and reroute suggested
EVT438785,2025-08-12 13:09:22,Local Market Day,J030,MG Road,7709,Weekday,False,Clear,False,0.0,False,False,0.215,Low,27.4,15.9,182.1,0.126,0.292,0.941,Normal free-flow traffic - standard signal timing maintained
EVT438786,2026-03-24 13:30:43,Political Rally,J040,City Market,18350,Weekday,False,Clear,False,0.0,False,False,0.274,Low,32.2,19.3,71.6,0.06,0.14,0.966,Moderate traffic flow - standard adaptive signal timing in effect
EVT438787,2025-11-10 19:24:39,Concert,J012,Koramangala Sony World,16022,Weekday,False,Clear,False,0.0,False,False,0.975,Severe,9.4,66.8,781.9,0.274,0.634,0.932,Heavy congestion detected - signal timing extended and reroute suggested
EVT438788,2025-05-16 13:27:29,Local Market Day,J023,Basavanagudi,4794,Weekday,False,Rain,True,14.4,False,False,0.378,Moderate,26.6,26.3,162.4,0.124,0.286,0.939,Light rain detected - minor speed reduction advised
EVT438789,2025-08-25 15:05:14,Concert,J020,Malleshwaram Circle,17775,Weekday,False,Light Rain,True,5.3,False,False,0.407,Moderate,29.3,28.3,155.9,0.121,0.28,0.907,Light rain detected - minor speed reduction advised
EVT438790,2025-09-25 08:16:25,Sports Fixture,J011,Indiranagar 100ft Road,35131,Weekday,False,Clear,False,0.0,False,False,1.0,Severe,10.0,75.0,600.7,0.228,0.526,0.941,Heavy congestion detected - signal timing extended and reroute suggested
EVT438791,2025-09-25 09:35:09,Concert,J023,Basavanagudi,6549,Weekday,False,Rain,True,17.8,False,False,1.0,Severe,9.4,65.7,637.1,0.255,0.59,0.859,Heavy rain reducing visibility and grip - reduced speed and longer buffer advised
EVT438792,2026-06-18 10:37:54,Sports Fixture,J011,Indiranagar 100ft Road,49232,Weekday,False,Rain,True,20.5,True,False,1.0,Severe,7.5,76.3,434.5,0.148,0.342,0.702,Accident detected nearby - reroute and reduced speed advised
EVT438793,2026-02-27 10:39:16,Trade Fair,J030,MG Road,6835,Weekday,False,Clear,False,0.0,False,False,0.525,Moderate,20.1,33.4,112.3,0.054,0.125,0.964,Moderate traffic flow - standard adaptive signal timing in effect
EVT438794,2025-03-21 12:26:24,Local Market Day,J030,MG Road,4229,Weekday,False,Clear,False,0.0,False,False,0.236,Low,29.6,17.9,157.4,0.122,0.281,0.981,Normal free-flow traffic - standard signal timing maintained
EVT438795,2026-04-15 09:22:39,Religious Festival,J009,Majestic,60370,Weekday,True,Clear,False,0.0,False,True,1.0,Severe,9.7,94.5,392.9,0.192,0.443,0.835,Road closure for event/procession - full detour recommended for through-traffic
EVT438796,2026-02-11 10:16:35,Political Rally,J020,Malleshwaram Circle,15270,Weekday,False,Clear,False,0.0,False,False,0.768,Severe,14.4,60.1,448.0,0.214,0.494,0.96,Heavy congestion detected - signal timing extended and reroute suggested
EVT438797,2026-05-30 21:48:46,Local Market Day,J012,Koramangala Sony World,4729,Weekend,False,Clear,False,0.0,False,False,0.344,Low,24.3,19.5,203.7,0.136,0.314,0.975,Moderate traffic flow - standard adaptive signal timing in effect
EVT438798,2025-09-14 15:43:19,Local Market Day,J023,Basavanagudi,6955,Weekend,False,Rain,True,17.5,False,False,0.648,High,21.0,43.6,234.3,0.169,0.391,0.904,Heavy rain reducing visibility and grip - reduced speed and longer buffer advised
EVT438799,2025-06-26 18:02:01,Local Market Day,J031,Cubbon Road,5525,Weekday,False,Clear,False,0.0,False,False,1.0,Severe,7.5,72.7,386.8,0.113,0.261,0.91,Heavy congestion detected - signal timing extended and reroute suggested
EVT438800,2025-03-21 12:33:23,Concert,J011,Indiranagar 100ft Road,8460,Weekday,False,Clear,False,0.0,False,False,0.197,Low,35.5,17.9,98.1,0.079,0.183,0.967,Normal free-flow traffic - standard signal timing maintained
EVT438801,2025-03-29 14:08:49,Political Rally,J011,Indiranagar 100ft Road,14243,Weekend,False,Clear,False,0.0,False,False,0.319,Low,28.3,18.8,172.4,0.136,0.315,0.967,Moderate traffic flow - standard adaptive signal timing in effect
EVT438802,2025-02-01 09:03:44,Local Market Day,J020,Malleshwaram Circle,3528,Weekend,False,Clear,False,0.0,False,False,0.876,Severe,10.9,66.8,277.1,0.128,0.296,0.946,Heavy congestion detected - signal timing extended and reroute suggested
EVT438803,2025-05-08 02:59:01,Sports Fixture,J030,MG Road,34823,Weekday,False,Clear,False,0.0,False,False,0.293,Low,30.8,20.5,149.9,0.127,0.294,0.956,Moderate traffic flow - standard adaptive signal timing in effect
EVT438804,2025-11-30 20:27:11,Trade Fair,J030,MG Road,10040,Weekend,False,Clear,False,0.0,False,False,0.58,High,25.7,37.6,292.7,0.222,0.512,0.967,Moderate traffic flow - standard adaptive signal timing in effect
EVT438805,2026-05-30 17:48:18,Local Market Day,J030,MG Road,2122,Weekend,False,Light Rain,True,3.4,False,False,0.914,Severe,11.5,66.3,392.3,0.175,0.403,0.882,Heavy rain reducing visibility and grip - reduced speed and longer buffer advised
EVT438806,2026-01-10 07:40:48,Sports Fixture,J030,MG Road,32310,Weekend,False,Clear,False,0.0,False,False,0.81,Severe,16.2,56.4,459.2,0.25,0.579,0.923,Heavy congestion detected - signal timing extended and reroute suggested
EVT438807,2026-03-11 17:32:10,Sports Fixture,J030,MG Road,14336,Weekday,False,Clear,False,0.0,False,False,0.938,Severe,8.6,72.8,430.1,0.152,0.35,0.927,Heavy congestion detected - signal timing extended and reroute suggested
EVT438808,2025-08-25 08:57:54,Political Rally,J040,City Market,10245,Weekday,False,Clear,False,0.0,False,False,1.0,Severe,7.8,73.5,313.3,0.122,0.281,0.874,Heavy congestion detected - signal timing extended and reroute suggested
EVT438809,2026-03-04 20:51:37,Fireworks Display,J040,City Market,20295,Weekday,True,Clear,False,0.0,False,False,0.719,High,15.6,48.3,418.9,0.216,0.498,0.917,Festival crowd surge detected - alternate route and extended cycle recommended
EVT438810,2025-05-09 09:35:08,Local Market Day,J009,Majestic,5190,Weekday,False,Clear,False,0.0,False,False,0.928,Severe,11.3,67.6,369.5,0.163,0.376,0.927,Heavy congestion detected - signal timing extended and reroute suggested
EVT438811,2025-12-18 18:44:29,Local Market Day,J009,Majestic,4050,Weekday,False,Clear,False,0.0,False,False,0.979,Severe,9.4,66.4,425.2,0.148,0.341,0.921,Heavy congestion detected - signal timing extended and reroute suggested
EVT438812,2025-09-23 11:50:26,Local Market Day,J030,MG Road,3349,Weekday,False,Clear,False,0.0,False,False,0.248,Low,35.1,18.1,130.8,0.124,0.286,0.943,Normal free-flow traffic - standard signal timing maintained
EVT438813,2025-09-22 19:00:24,Concert,J009,Majestic,8396,Weekday,False,Clear,False,0.0,False,False,1.0,Severe,11.0,75.2,429.3,0.19,0.44,0.915,Heavy congestion detected - signal timing extended and reroute suggested
EVT438814,2025-03-14 10:44:01,Religious Festival,J040,City Market,124068,Weekday,True,Clear,False,0.0,False,True,1.0,Severe,9.0,106.3,781.3,0.303,0.699,0.834,Road closure for event/procession - full detour recommended for through-traffic
EVT438815,2026-04-12 07:29:08,Sports Fixture,J030,MG Road,23176,Weekend,False,Clear,False,0.0,False,False,0.622,High,23.1,42.6,281.5,0.21,0.485,0.981,Moderate traffic flow - standard adaptive signal timing in effect
EVT438816,2026-04-03 17:15:55,Sports Fixture,J009,Majestic,29699,Weekday,False,Clear,False,0.0,False,False,0.937,Severe,10.2,68.5,346.5,0.149,0.343,0.916,Heavy congestion detected - signal timing extended and reroute suggested
EVT438817,2026-04-22 08:58:46,Local Market Day,J012,Koramangala Sony World,3820,Weekday,False,Clear,False,0.0,False,False,1.0,Severe,8.7,73.0,450.3,0.176,0.406,0.917,Heavy congestion detected - signal timing extended and reroute suggested
EVT438818,2025-05-08 06:50:55,Concert,J030,MG Road,12311,Weekday,False,Clear,False,0.0,False,False,0.426,Moderate,20.2,28.7,255.4,0.155,0.359,0.972,Moderate traffic flow - standard adaptive signal timing in effect
EVT438819,2025-11-21 08:08:24,Trade Fair,J012,Koramangala Sony World,11400,Weekday,False,Fog,False,0.0,False,False,0.922,Severe,11.9,68.8,349.4,0.161,0.372,0.935,Heavy congestion detected - signal timing extended and reroute suggested
EVT438820,2025-08-28 19:44:35,Religious Festival,J040,City Market,41852,Weekday,True,Clear,False,0.0,False,True,1.0,Severe,8.5,99.6,439.9,0.167,0.387,0.837,Road closure for event/procession - full detour recommended for through-traffic
EVT438821,2026-03-14 12:54:16,Local Market Day,J030,MG Road,5054,Weekend,False,Clear,False,0.0,False,False,0.268,Low,31.5,23.1,105.9,0.084,0.194,0.958,Moderate traffic flow - standard adaptive signal timing in effect
EVT438822,2026-04-23 20:46:59,Local Market Day,J030,MG Road,2840,Weekday,False,Clear,False,0.0,False,False,0.469,Moderate,27.6,31.2,261.9,0.214,0.495,0.977,Moderate traffic flow - standard adaptive signal timing in effect
EVT438823,2025-04-22 15:31:08,Sports Fixture,J023,Basavanagudi,20620,Weekday,False,Clear,False,0.0,False,False,0.424,Moderate,28.9,27.0,227.8,0.189,0.437,0.966,Moderate traffic flow - standard adaptive signal timing in effect
EVT438824,2025-03-01 10:59:09,Concert,J020,Malleshwaram Circle,8880,Weekend,False,Fog,False,0.0,False,False,0.441,Moderate,28.6,32.0,210.1,0.152,0.351,0.958,Moderate traffic flow - standard adaptive signal timing in effect
EVT438825,2025-02-07 08:53:48,Concert,J023,Basavanagudi,10497,Weekday,False,Clear,False,0.0,False,False,1.0,Severe,9.2,70.7,473.4,0.192,0.444,0.941,Heavy congestion detected - signal timing extended and reroute suggested
EVT438826,2025-08-29 06:55:25,Local Market Day,J011,Indiranagar 100ft Road,3457,Weekday,False,Heavy Rain,True,43.5,False,False,0.855,Severe,14.4,60.0,377.5,0.202,0.466,0.893,Heavy rain reducing visibility and grip - reduced speed and longer buffer advised
EVT438827,2025-08-01 10:10:34,Sports Fixture,J031,Cubbon Road,44795,Weekday,False,Rain,True,19.2,False,False,1.0,Severe,9.0,71.8,776.3,0.284,0.656,0.889,Heavy rain reducing visibility and grip - reduced speed and longer buffer advised
EVT438828,2025-01-17 17:31:43,Sports Fixture,J030,MG Road,35757,Weekday,False,Clear,False,0.0,True,False,1.0,Severe,5.3,73.0,959.5,0.202,0.466,0.749,Accident detected nearby - reroute and reduced speed advised
EVT438829,2025-09-29 17:08:05,Trade Fair,J023,Basavanagudi,7351,Weekday,False,Light Rain,True,7.3,False,False,0.907,Severe,11.1,67.3,249.2,0.118,0.273,0.87,Heavy rain reducing visibility and grip - reduced speed and longer buffer advised
EVT438830,2025-05-06 17:56:33,Trade Fair,J023,Basavanagudi,8058,Weekday,False,Heavy Rain,True,27.8,False,False,1.0,Severe,6.9,73.4,599.6,0.192,0.444,0.846,Heavy rain reducing visibility and grip - reduced speed and longer buffer advised
EVT438831,2025-01-12 09:29:02,Local Market Day,J040,City Market,5225,Weekend,False,Clear,False,0.0,False,False,0.795,Severe,11.4,53.1,441.8,0.202,0.466,0.962,Heavy congestion detected - signal timing extended and reroute suggested
EVT438832,2025-05-21 14:26:54,Local Market Day,J020,Malleshwaram Circle,9382,Weekday,False,Clear,False,0.0,False,False,0.277,Low,20.6,21.4,227.7,0.119,0.275,0.945,Moderate traffic flow - standard adaptive signal timing in effect
EVT438833,2026-02-06 13:40:25,Local Market Day,J011,Indiranagar 100ft Road,2531,Weekday,False,Clear,False,0.0,False,False,0.158,Low,31.6,16.9,121.1,0.115,0.265,0.952,Normal free-flow traffic - standard signal timing maintained
EVT438834,2025-10-16 20:31:27,Political Rally,J012,Koramangala Sony World,6875,Weekday,False,Heavy Rain,True,29.7,False,False,0.862,Severe,17.0,65.9,322.5,0.193,0.447,0.893,Heavy rain reducing visibility and grip - reduced speed and longer buffer advised
EVT438835,2026-02-16 13:04:52,Local Market Day,J030,MG Road,2870,Weekday,False,Clear,False,0.0,False,False,0.11,Low,34.3,8.3,108.1,0.08,0.186,0.94,Normal free-flow traffic - standard signal timing maintained
EVT438836,2026-03-02 12:15:19,Sports Fixture,J040,City Market,30314,Weekday,False,Clear,False,0.0,False,False,0.444,Moderate,27.1,30.7,197.3,0.153,0.353,0.99,Moderate traffic flow - standard adaptive signal timing in effect
EVT438837,2025-03-21 17:50:37,Sports Fixture,J023,Basavanagudi,22160,Weekday,False,Clear,False,0.0,False,False,1.0,Severe,6.9,69.3,442.1,0.125,0.289,0.912,Heavy congestion detected - signal timing extended and reroute suggested
EVT438838,2025-05-04 15:37:44,Trade Fair,J012,Koramangala Sony World,8349,Weekend,False,Rain,True,12.4,False,False,0.577,High,26.8,42.6,201.6,0.173,0.4,0.921,Heavy rain reducing visibility and grip - reduced speed and longer buffer advised
EVT438839,2025-02-06 16:37:45,Concert,J009,Majestic,18915,Weekday,False,Clear,False,0.0,False,False,0.661,High,21.6,42.9,263.8,0.175,0.405,0.949,Moderate traffic flow - standard adaptive signal timing in effect
EVT438840,2026-06-10 09:30:14,Local Market Day,J031,Cubbon Road,2813,Weekday,False,Clear,False,0.0,False,False,0.948,Severe,10.1,68.4,503.9,0.215,0.498,0.939,Heavy congestion detected - signal timing extended and reroute suggested
EVT438841,2025-06-04 12:31:01,Local Market Day,J040,City Market,6483,Weekday,False,Clear,False,0.0,False,False,0.216,Low,36.9,18.1,123.5,0.117,0.271,0.953,Normal free-flow traffic - standard signal timing maintained
EVT438842,2025-04-27 18:02:43,Concert,J031,Cubbon Road,13360,Weekend,False,Clear,False,0.0,False,False,0.857,Severe,12.0,66.3,510.2,0.238,0.55,0.95,Heavy congestion detected - signal timing extended and reroute suggested
EVT438843,2025-01-11 14:55:50,Local Market Day,J030,MG Road,7499,Weekend,False,Clear,False,0.0,False,False,0.338,Low,24.5,23.2,176.6,0.127,0.293,0.957,Moderate traffic flow - standard adaptive signal timing in effect
EVT438844,2025-12-12 13:40:03,Political Rally,J030,MG Road,12648,Weekday,False,Clear,False,0.0,False,False,0.278,Low,33.4,23.6,219.8,0.203,0.469,0.985,Moderate traffic flow - standard adaptive signal timing in effect
EVT438845,2026-02-27 08:31:03,Concert,J011,Indiranagar 100ft Road,9767,Weekday,False,Clear,False,0.0,False,False,0.991,Severe,8.5,72.8,536.1,0.166,0.383,0.908,Heavy congestion detected - signal timing extended and reroute suggested
EVT438846,2026-02-27 16:47:32,Concert,J040,City Market,11095,Weekday,False,Clear,False,0.0,False,False,0.822,Severe,14.8,62.6,310.2,0.172,0.397,0.936,Heavy congestion detected - signal timing extended and reroute suggested
EVT438847,2025-03-22 07:52:10,Concert,J012,Koramangala Sony World,14364,Weekend,False,Clear,False,0.0,False,False,0.761,Severe,12.5,61.0,305.5,0.135,0.312,0.982,Heavy congestion detected - signal timing extended and reroute suggested
EVT438848,2025-12-23 01:57:57,Sports Fixture,J030,MG Road,17370,Weekday,False,Clear,False,0.0,False,False,0.259,Low,35.2,25.4,109.1,0.099,0.23,0.934,Moderate traffic flow - standard adaptive signal timing in effect
EVT438849,2025-07-30 14:57:17,Local Market Day,J012,Koramangala Sony World,2549,Weekday,False,Heavy Rain,True,35.9,False,False,0.583,High,24.7,49.5,142.8,0.1,0.232,0.923,Heavy rain reducing visibility and grip - reduced speed and longer buffer advised
EVT438850,2025-11-02 20:57:50,Religious Festival,J020,Malleshwaram Circle,42586,Weekend,True,Clear,False,0.0,False,False,0.908,Severe,13.0,57.2,213.9,0.118,0.272,0.879,Festival crowd surge detected - alternate route and extended cycle recommended
EVT438851,2025-05-11 17:52:48,Trade Fair,J040,City Market,10263,Weekend,False,Clear,False,0.0,False,False,0.799,Severe,14.8,52.7,307.6,0.172,0.398,0.96,Heavy congestion detected - signal timing extended and reroute suggested
EVT438852,2025-05-10 11:21:01,Local Market Day,J012,Koramangala Sony World,3698,Weekend,False,Clear,False,0.0,False,False,0.372,Moderate,37.0,23.5,175.5,0.165,0.382,0.949,Moderate traffic flow - standard adaptive signal timing in effect
EVT438853,2026-06-02 13:07:23,Local Market Day,J030,MG Road,5050,Weekday,False,Clear,False,0.0,False,False,0.222,Low,34.6,20.1,162.8,0.137,0.317,0.951,Normal free-flow traffic - standard signal timing maintained
EVT438854,2025-12-15 06:24:29,Local Market Day,J023,Basavanagudi,2819,Weekday,False,Light Rain,True,2.7,False,False,0.271,Low,28.8,21.2,183.6,0.123,0.284,0.895,Light rain detected - minor speed reduction advised
EVT438855,2025-04-12 20:56:52,Concert,J040,City Market,17749,Weekend,False,Clear,False,0.0,False,False,0.552,High,24.9,37.8,144.0,0.087,0.2,0.973,Moderate traffic flow - standard adaptive signal timing in effect
EVT438856,2026-01-21 14:45:39,Trade Fair,J011,Indiranagar 100ft Road,13976,Weekday,False,Clear,False,0.0,False,False,0.245,Low,34.7,21.7,130.1,0.108,0.25,0.953,Normal free-flow traffic - standard signal timing maintained
EVT438857,2026-05-31 19:17:10,Sports Fixture,J040,City Market,19926,Weekend,False,Clear,False,0.0,False,False,0.909,Severe,11.9,68.5,512.0,0.222,0.514,0.924,Heavy congestion detected - signal timing extended and reroute suggested
EVT438858,2025-05-31 20:32:40,Local Market Day,J023,Basavanagudi,3309,Weekend,False,Fog,False,0.0,False,False,0.518,Moderate,21.7,39.6,267.9,0.199,0.461,0.949,Moderate traffic flow - standard adaptive signal timing in effect
EVT438859,2026-04-19 07:10:34,Trade Fair,J009,Majestic,12018,Weekend,False,Clear,False,0.0,False,False,0.507,Moderate,28.1,38.9,144.8,0.111,0.257,0.975,Moderate traffic flow - standard adaptive signal timing in effect
EVT438860,2025-08-15 15:01:01,Cultural Procession,J012,Koramangala Sony World,26588,Weekday,True,Rain,True,13.3,False,True,0.895,High,10.5,85.4,276.7,0.111,0.257,0.812,Road closure for event/procession - full detour recommended for through-traffic
EVT438861,2026-01-02 17:11:53,Cultural Procession,J023,Basavanagudi,16502,Weekday,True,Fog,False,0.0,False,True,1.0,Severe,8.4,108.6,429.4,0.157,0.362,0.82,Road closure for event/procession - full detour recommended for through-traffic
EVT438862,2026-03-26 16:04:27,Religious Festival,J040,City Market,67176,Weekday,True,Light Rain,True,4.3,False,True,1.0,Severe,9.4,96.5,451.4,0.177,0.408,0.773,Road closure for event/procession - full detour recommended for through-traffic
EVT438863,2025-10-22 09:48:32,Fireworks Display,J020,Malleshwaram Circle,33702,Weekday,True,Clear,False,0.0,False,False,1.0,Severe,7.0,72.7,672.9,0.221,0.512,0.87,Festival crowd surge detected - alternate route and extended cycle recommended
EVT438864,2026-04-30 08:34:06,Trade Fair,J023,Basavanagudi,8164,Weekday,False,Clear,False,0.0,False,False,0.984,Severe,10.8,67.9,579.9,0.225,0.519,0.917,Heavy congestion detected - signal timing extended and reroute suggested
EVT438865,2026-03-23 08:35:15,Concert,J023,Basavanagudi,9376,Weekday,False,Clear,False,0.0,False,False,1.0,Severe,8.3,70.6,809.2,0.262,0.605,0.932,Heavy congestion detected - signal timing extended and reroute suggested
EVT438866,2025-10-26 01:25:50,Local Market Day,J009,Majestic,3893,Weekend,False,Rain,True,7.9,False,False,0.397,Moderate,27.6,27.5,198.9,0.156,0.361,0.923,Light rain detected - minor speed reduction advised
EVT438867,2025-10-01 19:29:50,Concert,J030,MG Road,13806,Weekday,False,Clear,False,0.0,False,False,0.966,Severe,9.9,71.9,766.8,0.294,0.68,0.924,Heavy congestion detected - signal timing extended and reroute suggested
EVT438868,2026-01-12 16:55:22,Sports Fixture,J040,City Market,15010,Weekday,False,Clear,False,0.0,False,False,0.8,Severe,13.9,51.8,497.3,0.224,0.517,0.966,Heavy congestion detected - signal timing extended and reroute suggested
EVT438869,2025-07-08 17:14:21,Sports Fixture,J011,Indiranagar 100ft Road,46899,Weekday,False,Fog,False,0.0,False,False,1.0,Severe,7.9,65.1,929.2,0.291,0.672,0.926,Heavy congestion detected - signal timing extended and reroute suggested
EVT438870,2025-11-04 12:34:46,Political Rally,J012,Koramangala Sony World,15807,Weekday,False,Clear,False,0.0,False,False,0.26,Low,32.5,15.0,83.4,0.085,0.196,0.952,Moderate traffic flow - standard adaptive signal timing in effect
EVT438871,2025-08-25 13:11:29,Concert,J030,MG Road,6204,Weekday,False,Clear,False,0.0,False,False,0.203,Low,33.1,16.7,51.2,0.044,0.102,0.972,Normal free-flow traffic - standard signal timing maintained
EVT438872,2025-11-04 09:06:12,Trade Fair,J031,Cubbon Road,6993,Weekday,False,Clear,False,0.0,False,False,1.0,Severe,8.6,74.2,370.2,0.133,0.308,0.918,Heavy congestion detected - signal timing extended and reroute suggested
EVT438873,2025-04-27 19:54:43,Local Market Day,J020,Malleshwaram Circle,4364,Weekend,False,Rain,True,7.6,False,False,0.789,Severe,16.4,57.3,306.1,0.174,0.401,0.918,Heavy rain reducing visibility and grip - reduced speed and longer buffer advised
EVT438874,2025-07-09 18:13:04,Political Rally,J009,Majestic,19655,Weekday,False,Clear,False,0.0,False,False,1.0,Severe,7.8,72.0,739.8,0.238,0.549,0.906,Heavy congestion detected - signal timing extended and reroute suggested
EVT438875,2025-10-12 18:09:22,Local Market Day,J012,Koramangala Sony World,3597,Weekend,False,Rain,True,8.2,False,False,0.941,Severe,9.4,72.5,459.7,0.168,0.387,0.87,Heavy rain reducing visibility and grip - reduced speed and longer buffer advised
EVT438876,2025-11-18 22:54:46,Sports Fixture,J011,Indiranagar 100ft Road,22539,Weekday,False,Clear,False,0.0,False,False,0.374,Moderate,30.2,28.8,154.4,0.122,0.282,0.966,Moderate traffic flow - standard adaptive signal timing in effect
EVT438877,2026-05-21 22:49:24,Local Market Day,J009,Majestic,5287,Weekday,False,Clear,False,0.0,False,False,0.187,Low,42.0,19.5,141.4,0.143,0.33,0.973,Normal free-flow traffic - standard signal timing maintained
EVT438878,2025-09-01 22:26:08,Trade Fair,J030,MG Road,12882,Weekday,False,Clear,False,0.0,False,False,0.228,Low,27.3,18.7,58.2,0.032,0.075,0.957,Normal free-flow traffic - standard signal timing maintained
EVT438879,2026-02-18 15:43:43,Trade Fair,J012,Koramangala Sony World,6649,Weekday,False,Clear,False,0.0,False,False,0.416,Moderate,29.4,26.1,312.4,0.248,0.572,0.961,Moderate traffic flow - standard adaptive signal timing in effect
EVT438880,2026-05-16 14:37:10,Local Market Day,J009,Majestic,3135,Weekend,False,Clear,False,0.0,False,False,0.303,Low,28.5,23.5,221.9,0.165,0.38,0.961,Moderate traffic flow - standard adaptive signal timing in effect
EVT438881,2025-04-01 09:57:40,Sports Fixture,J040,City Market,21223,Weekday,False,Clear,False,0.0,False,False,1.0,Severe,9.7,67.6,584.7,0.222,0.512,0.922,Heavy congestion detected - signal timing extended and reroute suggested
EVT438882,2026-05-26 18:48:17,Local Market Day,J031,Cubbon Road,4517,Weekday,False,Clear,False,0.0,False,False,0.969,Severe,9.8,65.9,481.1,0.193,0.446,0.923,Heavy congestion detected - signal timing extended and reroute suggested
EVT438883,2025-10-14 21:20:18,Political Rally,J031,Cubbon Road,8624,Weekday,False,Clear,False,0.0,False,False,0.401,Moderate,21.9,27.4,79.1,0.058,0.135,0.96,Moderate traffic flow - standard adaptive signal timing in effect
EVT438884,2025-02-21 08:25:45,Political Rally,J020,Malleshwaram Circle,14664,Weekday,False,Clear,False,0.0,False,False,0.997,Severe,10.7,72.2,630.8,0.268,0.619,0.901,Heavy congestion detected - signal timing extended and reroute suggested
EVT438885,2026-03-07 14:30:44,Trade Fair,J023,Basavanagudi,3857,Weekend,False,Clear,False,0.0,False,False,0.236,Low,28.7,17.2,110.0,0.091,0.211,0.947,Normal free-flow traffic - standard signal timing maintained
EVT438886,2025-09-08 08:04:29,Sports Fixture,J023,Basavanagudi,45121,Weekday,False,Clear,False,0.0,False,False,1.0,Severe,6.8,80.4,797.8,0.228,0.528,0.915,Heavy congestion detected - signal timing extended and reroute suggested
EVT438887,2025-05-27 18:15:32,Concert,J030,MG Road,6606,Weekday,False,Heavy Rain,True,38.0,False,False,1.0,Severe,8.8,71.5,439.2,0.169,0.389,0.895,Heavy rain reducing visibility and grip - reduced speed and longer buffer advised
EVT438888,2025-02-03 17:54:21,Local Market Day,J040,City Market,2493,Weekday,False,Clear,False,0.0,False,False,0.978,Severe,9.4,65.4,613.9,0.215,0.496,0.912,Heavy congestion detected - signal timing extended and reroute suggested
EVT438889,2025-05-14 11:21:04,Sports Fixture,J020,Malleshwaram Circle,16824,Weekday,False,Fog,False,0.0,False,False,0.393,Moderate,31.1,33.2,179.1,0.169,0.39,0.948,Moderate traffic flow - standard adaptive signal timing in effect
EVT438890,2025-12-18 00:13:22,Local Market Day,J023,Basavanagudi,3843,Weekday,False,Clear,False,0.0,False,False,0.163,Low,33.5,10.3,85.5,0.073,0.169,0.943,Normal free-flow traffic - standard signal timing maintained
EVT438891,2026-05-13 18:44:57,Trade Fair,J031,Cubbon Road,11795,Weekday,False,Rain,True,14.6,False,False,1.0,Severe,8.7,68.6,427.3,0.163,0.377,0.856,Heavy rain reducing visibility and grip - reduced speed and longer buffer advised
EVT438892,2025-05-22 18:45:56,Concert,J012,Koramangala Sony World,6404,Weekday,False,Clear,False,0.0,False,False,1.0,Severe,9.2,70.1,628.1,0.225,0.521,0.913,Heavy congestion detected - signal timing extended and reroute suggested
EVT438893,2025-11-08 15:22:41,Trade Fair,J011,Indiranagar 100ft Road,9711,Weekend,False,Clear,False,0.0,False,False,0.322,Low,27.9,27.5,135.6,0.089,0.206,0.972,Moderate traffic flow - standard adaptive signal timing in effect
EVT438894,2025-05-31 18:13:30,Concert,J040,City Market,16801,Weekend,False,Heavy Rain,True,43.0,False,False,1.0,Severe,7.1,74.4,615.8,0.178,0.41,0.849,Heavy rain reducing visibility and grip - reduced speed and longer buffer advised
EVT438895,2026-04-26 13:23:35,Sports Fixture,J020,Malleshwaram Circle,17276,Weekend,False,Clear,False,0.0,False,False,0.324,Low,28.4,23.7,190.1,0.135,0.312,0.99,Moderate traffic flow - standard adaptive signal timing in effect
EVT438896,2025-12-19 18:48:53,Local Market Day,J020,Malleshwaram Circle,3184,Weekday,False,Clear,False,0.0,False,False,0.954,Severe,10.7,68.5,261.3,0.13,0.301,0.918,Heavy congestion detected - signal timing extended and reroute suggested
EVT438897,2025-02-05 21:39:19,Local Market Day,J009,Majestic,5487,Weekday,False,Clear,False,0.0,False,False,0.35,Low,23.1,24.0,149.5,0.086,0.199,0.956,Moderate traffic flow - standard adaptive signal timing in effect
EVT438898,2025-03-10 07:01:17,Local Market Day,J030,MG Road,5760,Weekday,False,Clear,False,0.0,False,False,0.474,Moderate,26.3,35.4,250.2,0.198,0.457,0.976,Moderate traffic flow - standard adaptive signal timing in effect
EVT438899,2025-07-03 10:51:22,Trade Fair,J040,City Market,8859,Weekday,False,Heavy Rain,True,52.7,False,False,0.802,Severe,14.3,60.4,316.9,0.161,0.373,0.885,Heavy rain reducing visibility and grip - reduced speed and longer buffer advised
EVT438900,2025-05-11 20:54:06,Concert,J011,Indiranagar 100ft Road,12698,Weekend,False,Fog,False,0.0,False,False,0.5,Moderate,22.0,37.0,242.6,0.165,0.382,0.944,Moderate traffic flow - standard adaptive signal timing in effect
EVT438901,2026-06-14 09:52:29,Concert,J011,Indiranagar 100ft Road,10734,Weekend,False,Rain,True,14.4,False,False,1.0,Severe,8.6,65.3,737.4,0.248,0.573,0.881,Heavy rain reducing visibility and grip - reduced speed and longer buffer advised
EVT438902,2025-02-12 15:11:32,Local Market Day,J012,Koramangala Sony World,3753,Weekday,False,Clear,False,0.0,False,False,0.326,Low,27.4,19.9,254.2,0.185,0.428,0.961,Moderate traffic flow - standard adaptive signal timing in effect
EVT438903,2025-10-03 20:00:17,Religious Festival,J040,City Market,44819,Weekday,True,Rain,True,12.0,False,True,1.0,Severe,9.2,104.9,375.4,0.181,0.418,0.776,Road closure for event/procession - full detour recommended for through-traffic
EVT438904,2025-12-15 11:23:45,Local Market Day,J011,Indiranagar 100ft Road,4305,Weekday,False,Clear,False,0.0,False,False,0.29,Low,35.4,20.3,168.2,0.187,0.432,0.976,Moderate traffic flow - standard adaptive signal timing in effect
EVT438905,2025-01-09 20:50:34,Sports Fixture,J011,Indiranagar 100ft Road,19463,Weekday,False,Clear,False,0.0,False,False,0.508,Moderate,29.4,38.4,167.1,0.145,0.336,0.97,Moderate traffic flow - standard adaptive signal timing in effect
EVT438906,2026-02-12 06:37:25,Local Market Day,J011,Indiranagar 100ft Road,3204,Weekday,False,Clear,False,0.0,False,False,0.32,Low,26.0,25.2,185.3,0.106,0.245,0.988,Moderate traffic flow - standard adaptive signal timing in effect
EVT438907,2025-11-04 19:04:15,Sports Fixture,J031,Cubbon Road,14869,Weekday,False,Heavy Rain,True,34.2,False,False,1.0,Severe,6.6,69.5,752.7,0.225,0.519,0.889,Heavy rain reducing visibility and grip - reduced speed and longer buffer advised
EVT438908,2025-02-22 20:48:15,Trade Fair,J011,Indiranagar 100ft Road,15877,Weekend,False,Clear,False,0.0,False,False,0.543,Moderate,19.7,43.4,197.5,0.138,0.318,0.985,Moderate traffic flow - standard adaptive signal timing in effect
EVT438909,2026-02-23 17:06:37,Concert,J012,Koramangala Sony World,13465,Weekday,False,Clear,False,0.0,False,False,0.791,Severe,13.3,56.2,379.2,0.192,0.445,0.976,Heavy congestion detected - signal timing extended and reroute suggested
EVT438910,2025-10-24 11:19:29,Local Market Day,J040,City Market,3580,Weekday,False,Rain,True,17.1,False,False,0.55,High,24.4,37.4,193.8,0.152,0.352,0.913,Heavy rain reducing visibility and grip - reduced speed and longer buffer advised
EVT438911,2026-04-08 20:10:27,Trade Fair,J009,Majestic,5791,Weekday,False,Fog,False,0.0,False,False,0.581,High,25.8,40.7,170.0,0.099,0.229,0.957,Moderate traffic flow - standard adaptive signal timing in effect
EVT438912,2025-07-17 18:24:27,Local Market Day,J030,MG Road,4841,Weekday,False,Clear,False,0.0,False,False,1.0,Severe,8.0,69.8,665.6,0.226,0.521,0.908,Heavy congestion detected - signal timing extended and reroute suggested
EVT438913,2026-06-14 22:15:31,Sports Fixture,J011,Indiranagar 100ft Road,15629,Weekend,False,Clear,False,0.0,False,False,0.312,Low,26.2,21.8,281.5,0.193,0.447,0.99,Moderate traffic flow - standard adaptive signal timing in effect
EVT438914,2025-12-19 11:52:58,Local Market Day,J023,Basavanagudi,8117,Weekday,False,Clear,False,0.0,False,False,0.242,Low,26.3,20.1,192.9,0.119,0.275,0.99,Normal free-flow traffic - standard signal timing maintained
EVT438915,2025-10-15 12:09:12,Sports Fixture,J030,MG Road,27956,Weekday,False,Rain,True,19.9,False,False,0.599,High,24.1,41.3,165.7,0.128,0.295,0.905,Heavy rain reducing visibility and grip - reduced speed and longer buffer advised
EVT438916,2026-01-16 09:07:16,Political Rally,J012,Koramangala Sony World,10910,Weekday,False,Clear,False,0.0,False,False,1.0,Severe,10.5,78.1,509.5,0.22,0.508,0.915,Heavy congestion detected - signal timing extended and reroute suggested
EVT438917,2025-05-22 09:53:56,Local Market Day,J031,Cubbon Road,2895,Weekday,False,Rain,True,20.3,False,False,1.0,Severe,9.9,72.7,180.0,0.066,0.152,0.888,Heavy rain reducing visibility and grip - reduced speed and longer buffer advised
EVT438918,2025-07-11 16:51:58,Sports Fixture,J023,Basavanagudi,39598,Weekday,False,Clear,False,0.0,False,False,0.944,Severe,8.4,67.1,571.9,0.193,0.447,0.928,Heavy congestion detected - signal timing extended and reroute suggested
EVT438919,2025-07-12 16:48:51,Concert,J020,Malleshwaram Circle,13874,Weekend,False,Clear,False,0.0,False,False,0.706,High,17.5,45.2,291.6,0.172,0.397,0.96,Moderate traffic flow - standard adaptive signal timing in effect
EVT438920,2025-06-16 18:50:30,Sports Fixture,J023,Basavanagudi,25565,Weekday,False,Clear,False,0.0,False,False,1.0,Severe,9.6,74.0,381.4,0.149,0.344,0.922,Heavy congestion detected - signal timing extended and reroute suggested
EVT438921,2025-02-05 18:58:16,Trade Fair,J023,Basavanagudi,10723,Weekday,False,Clear,False,0.0,False,False,1.0,Severe,8.2,71.3,563.2,0.2,0.462,0.931,Heavy congestion detected - signal timing extended and reroute suggested
EVT438922,2025-03-06 19:52:31,Concert,J020,Malleshwaram Circle,8660,Weekday,False,Clear,False,0.0,False,False,0.755,Severe,15.7,58.4,437.0,0.235,0.543,0.971,Heavy congestion detected - signal timing extended and reroute suggested
EVT438923,2025-11-20 16:53:59,Sports Fixture,J023,Basavanagudi,24791,Weekday,False,Clear,False,0.0,False,False,0.794,Severe,15.4,59.2,384.7,0.209,0.483,0.966,Heavy congestion detected - signal timing extended and reroute suggested
EVT438924,2026-04-21 10:06:39,Sports Fixture,J023,Basavanagudi,21350,Weekday,False,Clear,False,0.0,False,False,0.847,Severe,12.9,62.8,175.1,0.078,0.181,0.941,Heavy congestion detected - signal timing extended and reroute suggested
EVT438925,2025-11-12 13:28:13,Sports Fixture,J040,City Market,20584,Weekday,False,Clear,False,0.0,False,False,0.283,Low,34.4,18.2,159.7,0.142,0.328,0.958,Moderate traffic flow - standard adaptive signal timing in effect
EVT438926,2025-09-19 17:09:43,Local Market Day,J030,MG Road,6751,Weekday,False,Rain,True,21.3,False,False,1.0,Severe,7.5,74.4,776.0,0.238,0.55,0.857,Heavy rain reducing visibility and grip - reduced speed and longer buffer advised
EVT438927,2026-04-14 07:45:35,Religious Festival,J023,Basavanagudi,35162,Weekday,True,Clear,False,0.0,False,True,1.0,Severe,9.0,105.2,532.0,0.198,0.457,0.837,Road closure for event/procession - full detour recommended for through-traffic
EVT438928,2025-12-16 14:18:58,Concert,J011,Indiranagar 100ft Road,10655,Weekday,False,Clear,False,0.0,False,False,0.203,Low,38.8,14.7,153.9,0.151,0.348,0.96,Normal free-flow traffic - standard signal timing maintained
EVT438929,2025-07-10 20:07:43,Trade Fair,J009,Majestic,6688,Weekday,False,Clear,False,0.0,False,False,0.712,High,21.5,44.8,224.8,0.161,0.373,0.951,Moderate traffic flow - standard adaptive signal timing in effect
EVT438930,2025-02-12 13:43:32,Sports Fixture,J012,Koramangala Sony World,24295,Weekday,False,Clear,False,0.0,False,False,0.344,Low,33.7,24.8,128.6,0.105,0.242,0.944,Moderate traffic flow - standard adaptive signal timing in effect
EVT438931,2025-06-30 17:34:18,Sports Fixture,J009,Majestic,25567,Weekday,False,Clear,False,0.0,False,False,1.0,Severe,7.5,66.3,656.4,0.219,0.505,0.9,Heavy congestion detected - signal timing extended and reroute suggested
EVT438932,2026-02-18 05:38:07,Concert,J009,Majestic,12612,Weekday,False,Clear,False,0.0,False,False,0.181,Low,32.6,16.0,159.3,0.126,0.291,0.928,Normal free-flow traffic - standard signal timing maintained
EVT438933,2025-12-30 12:16:50,Trade Fair,J030,MG Road,7679,Weekday,False,Clear,False,0.0,False,False,0.224,Low,32.2,17.2,126.5,0.099,0.23,0.971,Normal free-flow traffic - standard signal timing maintained
EVT438934,2025-05-18 19:14:54,Sports Fixture,J009,Majestic,33309,Weekend,False,Clear,False,0.0,False,False,0.958,Severe,6.7,68.7,260.6,0.099,0.228,0.926,Heavy congestion detected - signal timing extended and reroute suggested
EVT438935,2026-04-02 18:30:38,Local Market Day,J011,Indiranagar 100ft Road,4515,Weekday,False,Clear,False,0.0,False,False,1.0,Severe,7.6,68.1,1016.9,0.3,0.693,0.934,Heavy congestion detected - signal timing extended and reroute suggested
EVT438936,2026-02-07 17:10:50,Local Market Day,J031,Cubbon Road,2309,Weekend,False,Clear,False,0.0,False,False,0.75,High,15.6,49.6,449.0,0.233,0.539,0.99,Moderate traffic flow - standard adaptive signal timing in effect
EVT438937,2026-05-02 16:12:05,Religious Festival,J011,Indiranagar 100ft Road,53602,Weekend,True,Clear,False,0.0,False,True,1.0,Severe,9.3,100.5,854.5,0.339,0.783,0.828,Road closure for event/procession - full detour recommended for through-traffic
EVT438938,2025-03-02 09:56:06,Trade Fair,J020,Malleshwaram Circle,8911,Weekend,False,Clear,False,0.0,False,False,0.749,High,13.0,51.2,666.1,0.289,0.667,0.957,Moderate traffic flow - standard adaptive signal timing in effect
EVT438939,2026-02-09 17:37:29,Concert,J009,Majestic,10392,Weekday,False,Light Rain,True,2.5,False,False,0.976,Severe,11.8,70.5,269.5,0.122,0.281,0.893,Heavy rain reducing visibility and grip - reduced speed and longer buffer advised
EVT438940,2026-04-20 11:05:20,Local Market Day,J012,Koramangala Sony World,6224,Weekday,False,Clear,False,0.0,False,False,0.39,Moderate,27.3,29.8,134.4,0.1,0.232,0.956,Moderate traffic flow - standard adaptive signal timing in effect
EVT438941,2026-04-08 08:52:44,Trade Fair,J012,Koramangala Sony World,8407,Weekday,False,Clear,False,0.0,False,False,1.0,Severe,9.1,72.5,629.1,0.228,0.526,0.908,Heavy congestion detected - signal timing extended and reroute suggested
EVT438942,2025-08-13 21:29:11,Concert,J020,Malleshwaram Circle,16961,Weekday,False,Rain,True,15.0,False,False,0.62,High,21.3,51.3,211.3,0.13,0.299,0.922,Heavy rain reducing visibility and grip - reduced speed and longer buffer advised
EVT438943,2025-05-22 13:25:51,Local Market Day,J012,Koramangala Sony World,2545,Weekday,False,Clear,False,0.0,False,False,0.16,Low,35.9,12.7,109.1,0.094,0.216,0.962,Normal free-flow traffic - standard signal timing maintained
EVT438944,2025-04-06 19:14:05,Religious Festival,J012,Koramangala Sony World,45452,Weekend,True,Rain,True,18.2,False,True,1.0,Severe,7.6,105.6,410.9,0.16,0.369,0.76,Road closure for event/procession - full detour recommended for through-traffic
EVT438945,2026-04-02 17:11:37,Local Market Day,J012,Koramangala Sony World,7223,Weekday,False,Clear,False,0.0,False,False,0.841,Severe,16.1,58.4,240.9,0.143,0.33,0.954,Heavy congestion detected - signal timing extended and reroute suggested
EVT438946,2025-10-03 14:27:33,Religious Festival,J040,City Market,38794,Weekday,True,Clear,False,0.0,False,True,0.782,High,15.5,73.4,354.6,0.196,0.453,0.869,Road closure for event/procession - full detour recommended for through-traffic
EVT438947,2025-07-25 12:12:04,Local Market Day,J020,Malleshwaram Circle,3293,Weekday,False,Clear,False,0.0,False,False,0.227,Low,30.8,14.9,135.3,0.099,0.228,0.99,Normal free-flow traffic - standard signal timing maintained
EVT438948,2026-01-28 00:45:37,Sports Fixture,J031,Cubbon Road,27486,Weekday,False,Clear,False,0.0,False,False,0.269,Low,37.7,14.8,91.9,0.09,0.208,0.969,Moderate traffic flow - standard adaptive signal timing in effect
EVT438949,2026-05-18 08:40:42,Sports Fixture,J030,MG Road,22890,Weekday,False,Clear,False,0.0,False,False,1.0,Severe,8.2,75.6,523.0,0.174,0.401,0.933,Heavy congestion detected - signal timing extended and reroute suggested
EVT438950,2025-06-18 18:55:24,Local Market Day,J030,MG Road,3996,Weekday,False,Rain,True,14.1,False,False,1.0,Severe,9.1,74.4,572.8,0.207,0.478,0.876,Heavy rain reducing visibility and grip - reduced speed and longer buffer advised
EVT438951,2025-08-07 01:52:36,Sports Fixture,J012,Koramangala Sony World,27498,Weekday,False,Clear,False,0.0,False,False,0.327,Low,27.8,23.0,153.8,0.108,0.25,0.968,Moderate traffic flow - standard adaptive signal timing in effect
EVT438952,2026-03-18 13:20:39,Local Market Day,J011,Indiranagar 100ft Road,3114,Weekday,False,Clear,False,0.0,False,False,0.271,Low,30.8,21.9,177.9,0.14,0.322,0.956,Moderate traffic flow - standard adaptive signal timing in effect
EVT438953,2025-09-24 17:17:09,Local Market Day,J030,MG Road,4813,Weekday,False,Rain,True,22.1,False,False,1.0,Severe,9.4,71.4,186.6,0.066,0.153,0.883,Heavy rain reducing visibility and grip - reduced speed and longer buffer advised
EVT438954,2026-01-14 09:47:42,Religious Festival,J012,Koramangala Sony World,64363,Weekday,True,Clear,False,0.0,False,False,1.0,Severe,7.9,66.8,607.1,0.21,0.486,0.874,Festival crowd surge detected - alternate route and extended cycle recommended
EVT438955,2026-06-11 11:56:23,Sports Fixture,J011,Indiranagar 100ft Road,24309,Weekday,False,Clear,False,0.0,False,False,0.294,Low,37.4,16.4,106.0,0.104,0.241,0.949,Moderate traffic flow - standard adaptive signal timing in effect
EVT438956,2025-01-12 17:24:43,Concert,J012,Koramangala Sony World,9821,Weekend,False,Clear,False,0.0,False,False,0.835,Severe,17.5,55.9,365.4,0.236,0.544,0.939,Heavy congestion detected - signal timing extended and reroute suggested
EVT438957,2025-11-20 16:58:55,Trade Fair,J040,City Market,17103,Weekday,False,Clear,False,0.0,False,False,0.839,Severe,14.5,54.9,319.7,0.17,0.393,0.94,Heavy congestion detected - signal timing extended and reroute suggested
EVT438958,2025-04-11 09:04:28,Trade Fair,J031,Cubbon Road,9303,Weekday,False,Clear,False,0.0,False,False,1.0,Severe,7.7,71.5,534.0,0.179,0.413,0.879,Heavy congestion detected - signal timing extended and reroute suggested
EVT438959,2026-05-04 10:16:29,Local Market Day,J012,Koramangala Sony World,2907,Weekday,False,Clear,False,0.0,False,False,0.758,Severe,12.2,49.6,570.0,0.223,0.514,0.955,Heavy congestion detected - signal timing extended and reroute suggested
EVT438960,2025-05-06 18:24:54,Trade Fair,J012,Koramangala Sony World,8736,Weekday,False,Light Rain,True,6.0,False,False,1.0,Severe,8.5,72.5,290.7,0.114,0.263,0.889,Heavy rain reducing visibility and grip - reduced speed and longer buffer advised
EVT438961,2026-06-19 12:25:54,Trade Fair,J023,Basavanagudi,8842,Weekday,False,Rain,True,24.4,False,False,0.513,Moderate,19.4,35.9,148.9,0.073,0.169,0.921,Light rain detected - minor speed reduction advised
EVT438962,2026-03-12 18:40:04,Local Market Day,J009,Majestic,3573,Weekday,False,Light Rain,True,6.0,False,False,1.0,Severe,7.0,71.3,609.8,0.167,0.385,0.874,Heavy rain reducing visibility and grip - reduced speed and longer buffer advised
EVT438963,2025-11-26 07:07:48,Trade Fair,J009,Majestic,5357,Weekday,False,Clear,False,0.0,False,False,0.423,Moderate,23.3,30.3,114.9,0.083,0.191,0.973,Moderate traffic flow - standard adaptive signal timing in effect
EVT438964,2025-01-10 14:10:46,Sports Fixture,J030,MG Road,20062,Weekday,False,Clear,False,0.0,False,False,0.363,Moderate,29.8,25.1,96.4,0.068,0.156,0.965,Moderate traffic flow - standard adaptive signal timing in effect
EVT438965,2026-06-03 09:47:38,Local Market Day,J023,Basavanagudi,4204,Weekday,False,Heavy Rain,True,102.4,False,False,1.0,Severe,10.1,70.4,625.4,0.283,0.654,0.865,Heavy rain reducing visibility and grip - reduced speed and longer buffer advised
EVT438966,2025-12-27 06:29:34,Sports Fixture,J023,Basavanagudi,29807,Weekend,False,Clear,False,0.0,False,False,0.518,Moderate,17.2,31.2,358.4,0.19,0.44,0.956,Moderate traffic flow - standard adaptive signal timing in effect
EVT438967,2025-06-26 12:04:39,Local Market Day,J009,Majestic,2292,Weekday,False,Light Rain,True,6.3,False,False,0.306,Low,33.6,24.9,160.2,0.144,0.333,0.91,Light rain detected - minor speed reduction advised
EVT438968,2025-07-26 15:16:21,Political Rally,J020,Malleshwaram Circle,12872,Weekend,False,Clear,False,0.0,False,False,0.34,Low,24.2,25.9,132.8,0.08,0.184,0.958,Moderate traffic flow - standard adaptive signal timing in effect
EVT438969,2025-02-04 15:54:11,Concert,J023,Basavanagudi,18512,Weekday,False,Clear,False,0.0,False,False,0.494,Moderate,26.2,34.4,122.2,0.086,0.199,0.964,Moderate traffic flow - standard adaptive signal timing in effect
EVT438970,2026-05-09 10:33:43,Sports Fixture,J031,Cubbon Road,27819,Weekend,False,Clear,False,0.0,False,False,0.78,Severe,16.8,54.5,196.5,0.1,0.232,0.947,Heavy congestion detected - signal timing extended and reroute suggested
EVT438971,2025-09-22 17:43:58,Concert,J030,MG Road,13414,Weekday,False,Fog,False,0.0,False,False,0.929,Severe,9.0,67.7,284.5,0.118,0.274,0.909,Heavy congestion detected - signal timing extended and reroute suggested
EVT438972,2025-01-08 18:19:03,Concert,J040,City Market,7486,Weekday,False,Clear,False,0.0,False,False,1.0,Severe,6.7,76.1,519.0,0.144,0.332,0.901,Heavy congestion detected - signal timing extended and reroute suggested
EVT438973,2025-03-12 07:17:29,Political Rally,J020,Malleshwaram Circle,13096,Weekday,False,Clear,False,0.0,False,False,0.595,High,22.8,42.4,196.6,0.126,0.291,0.956,Moderate traffic flow - standard adaptive signal timing in effect
EVT438974,2026-05-13 07:15:41,Local Market Day,J011,Indiranagar 100ft Road,4596,Weekday,False,Clear,False,0.0,False,False,0.54,Moderate,31.1,39.1,220.8,0.202,0.468,0.949,Moderate traffic flow - standard adaptive signal timing in effect
EVT438975,2025-04-05 13:06:34,Local Market Day,J030,MG Road,3504,Weekend,False,Light Rain,True,4.2,False,False,0.262,Low,34.3,19.5,109.5,0.103,0.239,0.898,Light rain detected - minor speed reduction advised
EVT438976,2025-03-24 15:00:59,Political Rally,J023,Basavanagudi,25650,Weekday,False,Clear,False,0.0,False,False,0.467,Moderate,32.7,25.9,227.2,0.209,0.483,0.958,Moderate traffic flow - standard adaptive signal timing in effect
EVT438977,2025-09-20 14:52:43,Sports Fixture,J020,Malleshwaram Circle,27317,Weekend,False,Rain,True,8.6,False,False,0.497,Moderate,22.3,45.2,202.1,0.136,0.314,0.889,Light rain detected - minor speed reduction advised
EVT438978,2026-01-05 18:44:10,Local Market Day,J012,Koramangala Sony World,2943,Weekday,False,Clear,False,0.0,False,False,1.0,Severe,8.5,67.7,616.0,0.213,0.493,0.917,Heavy congestion detected - signal timing extended and reroute suggested
EVT438979,2025-12-01 11:23:50,Concert,J009,Majestic,20300,Weekday,False,Clear,False,0.0,False,False,0.416,Moderate,30.1,27.9,124.1,0.112,0.259,0.98,Moderate traffic flow - standard adaptive signal timing in effect
EVT438980,2025-06-22 15:07:53,Concert,J040,City Market,15698,Weekend,False,Heavy Rain,True,36.6,False,False,0.844,Severe,14.6,57.9,365.1,0.192,0.445,0.887,Heavy rain reducing visibility and grip - reduced speed and longer buffer advised
EVT438981,2025-05-09 19:59:47,Local Market Day,J031,Cubbon Road,8256,Weekday,False,Clear,False,0.0,False,False,0.751,Severe,14.3,49.4,224.0,0.115,0.266,0.978,Heavy congestion detected - signal timing extended and reroute suggested
EVT438982,2025-06-21 04:51:31,Local Market Day,J009,Majestic,3894,Weekend,False,Clear,False,0.0,False,False,0.189,Low,31.6,16.3,159.2,0.123,0.285,0.967,Normal free-flow traffic - standard signal timing maintained
EVT438983,2025-06-25 14:47:57,Trade Fair,J012,Koramangala Sony World,11667,Weekday,False,Rain,True,11.4,False,False,0.419,Moderate,26.4,26.2,189.7,0.147,0.339,0.924,Light rain detected - minor speed reduction advised
EVT438984,2025-04-16 10:10:29,Trade Fair,J040,City Market,2813,Weekday,False,Clear,False,0.0,False,False,0.704,High,19.7,50.3,274.6,0.194,0.449,0.968,Moderate traffic flow - standard adaptive signal timing in effect
EVT438985,2025-10-11 18:36:21,Sports Fixture,J030,MG Road,18444,Weekend,False,Rain,True,19.7,False,False,1.0,Severe,6.8,74.6,686.9,0.203,0.47,0.883,Heavy rain reducing visibility and grip - reduced speed and longer buffer advised
EVT438986,2025-04-02 13:57:18,Local Market Day,J040,City Market,6014,Weekday,False,Clear,False,0.0,False,False,0.205,Low,38.8,15.9,175.4,0.154,0.355,0.974,Normal free-flow traffic - standard signal timing maintained
EVT438987,2025-04-18 18:32:41,Trade Fair,J040,City Market,14701,Weekday,False,Clear,False,0.0,False,False,1.0,Severe,8.1,71.2,571.7,0.191,0.44,0.894,Heavy congestion detected - signal timing extended and reroute suggested
EVT438988,2026-04-22 08:00:01,Local Market Day,J011,Indiranagar 100ft Road,2261,Weekday,False,Rain,True,8.7,False,False,0.976,Severe,10.0,66.1,391.0,0.169,0.391,0.882,Heavy rain reducing visibility and grip - reduced speed and longer buffer advised
EVT438989,2025-11-07 08:05:35,Trade Fair,J020,Malleshwaram Circle,7388,Weekday,False,Clear,False,0.0,False,False,0.806,Severe,15.2,54.1,344.7,0.189,0.436,0.946,Heavy congestion detected - signal timing extended and reroute suggested
EVT438990,2025-10-05 13:31:42,Local Market Day,J030,MG Road,4659,Weekend,False,Clear,False,0.0,False,False,0.209,Low,37.1,18.3,190.9,0.176,0.407,0.964,Normal free-flow traffic - standard signal timing maintained
EVT438991,2025-06-25 19:47:49,Sports Fixture,J009,Majestic,28217,Weekday,False,Clear,False,0.0,False,False,0.938,Severe,11.2,63.6,632.4,0.264,0.61,0.952,Heavy congestion detected - signal timing extended and reroute suggested
EVT438992,2025-07-09 12:10:19,Local Market Day,J020,Malleshwaram Circle,8271,Weekday,False,Clear,False,0.0,False,False,0.278,Low,32.2,16.2,176.6,0.151,0.348,0.985,Moderate traffic flow - standard adaptive signal timing in effect
EVT438993,2025-01-22 19:25:51,Sports Fixture,J030,MG Road,20607,Weekday,False,Clear,False,0.0,False,False,0.977,Severe,10.0,73.0,258.7,0.127,0.294,0.9,Heavy congestion detected - signal timing extended and reroute suggested
EVT438994,2025-12-09 10:27:02,Sports Fixture,J023,Basavanagudi,23916,Weekday,False,Clear,False,0.0,False,False,0.719,High,20.6,54.3,249.6,0.168,0.388,0.971,Moderate traffic flow - standard adaptive signal timing in effect
EVT438995,2026-01-10 15:53:32,Concert,J011,Indiranagar 100ft Road,23350,Weekend,False,Clear,False,0.0,False,False,0.652,High,23.4,54.4,191.6,0.13,0.301,0.964,Moderate traffic flow - standard adaptive signal timing in effect
EVT438996,2025-09-18 17:23:25,Trade Fair,J023,Basavanagudi,7355,Weekday,False,Rain,True,21.6,False,False,1.0,Severe,8.9,71.7,516.0,0.188,0.435,0.849,Heavy rain reducing visibility and grip - reduced speed and longer buffer advised
EVT438997,2026-03-17 17:57:04,Trade Fair,J011,Indiranagar 100ft Road,5777,Weekday,False,Clear,False,0.0,False,False,0.924,Severe,11.6,64.7,811.0,0.337,0.778,0.944,Heavy congestion detected - signal timing extended and reroute suggested
EVT438998,2026-06-21 06:27:28,Trade Fair,J040,City Market,5607,Weekend,False,Clear,False,0.0,False,False,0.335,Low,25.4,26.4,128.6,0.08,0.184,0.972,Moderate traffic flow - standard adaptive signal timing in effect
EVT438999,2025-09-15 11:46:54,Political Rally,J011,Indiranagar 100ft Road,17264,Weekday,False,Clear,False,0.0,False,False,0.331,Low,29.1,24.4,133.9,0.095,0.22,0.973,Moderate traffic flow - standard adaptive signal timing in effect
EVT439000,2025-03-23 10:22:00,Concert,J020,Malleshwaram Circle,14100,Weekend,False,Clear,False,0.0,False,False,0.61,High,19.7,37.4,266.6,0.164,0.378,0.968,Moderate traffic flow - standard adaptive signal timing in effect
EVT439001,2026-01-06 19:35:34,Local Market Day,J011,Indiranagar 100ft Road,4918,Weekday,False,Clear,False,0.0,False,False,0.869,Severe,11.1,63.2,285.8,0.129,0.298,0.899,Heavy congestion detected - signal timing extended and reroute suggested
EVT439002,2026-05-28 19:14:37,Sports Fixture,J012,Koramangala Sony World,25169,Weekday,False,Clear,False,0.0,False,False,1.0,Severe,9.0,71.6,446.6,0.171,0.394,0.911,Heavy congestion detected - signal timing extended and reroute suggested
EVT439003,2025-12-15 21:44:44,Local Market Day,J031,Cubbon Road,6308,Weekday,False,Clear,False,0.0,False,False,0.278,Low,31.0,20.5,181.1,0.152,0.35,0.99,Moderate traffic flow - standard adaptive signal timing in effect
EVT439004,2026-06-11 23:39:11,Sports Fixture,J023,Basavanagudi,16772,Weekday,False,Clear,False,0.0,False,False,0.189,Low,36.6,17.1,123.1,0.104,0.239,0.971,Normal free-flow traffic - standard signal timing maintained
EVT439005,2026-01-16 07:54:48,Political Rally,J023,Basavanagudi,25873,Weekday,False,Clear,False,0.0,False,False,0.976,Severe,8.8,72.7,512.3,0.17,0.392,0.916,Heavy congestion detected - signal timing extended and reroute suggested
EVT439006,2025-12-21 10:18:40,Local Market Day,J012,Koramangala Sony World,4136,Weekend,False,Clear,False,0.0,False,False,0.622,High,14.3,46.4,255.9,0.146,0.338,0.957,Moderate traffic flow - standard adaptive signal timing in effect
EVT439007,2025-03-23 06:51:21,Local Market Day,J031,Cubbon Road,2818,Weekend,False,Clear,False,0.0,False,False,0.382,Moderate,30.0,29.0,137.3,0.116,0.267,0.944,Moderate traffic flow - standard adaptive signal timing in effect
EVT439008,2026-01-11 14:17:19,Local Market Day,J030,MG Road,5644,Weekend,False,Clear,False,0.0,False,False,0.336,Low,29.5,23.3,172.7,0.145,0.335,0.959,Moderate traffic flow - standard adaptive signal timing in effect
EVT439009,2025-11-11 14:51:11,Sports Fixture,J040,City Market,7652,Weekday,False,Clear,False,0.0,False,False,0.355,Moderate,29.8,29.3,164.5,0.132,0.305,0.985,Moderate traffic flow - standard adaptive signal timing in effect
EVT439010,2026-02-09 20:26:10,Concert,J030,MG Road,10732,Weekday,False,Fog,False,0.0,False,False,0.575,High,23.3,39.6,257.0,0.199,0.46,0.958,Moderate traffic flow - standard adaptive signal timing in effect
EVT439011,2025-05-25 23:32:05,Trade Fair,J009,Majestic,4933,Weekend,False,Clear,False,0.0,False,False,0.257,Low,36.1,19.8,90.4,0.091,0.211,0.97,Moderate traffic flow - standard adaptive signal timing in effect
EVT439012,2025-08-14 16:36:44,Local Market Day,J009,Majestic,5088,Weekday,False,Clear,False,0.0,False,False,0.672,High,18.4,48.9,206.3,0.137,0.317,0.965,Moderate traffic flow - standard adaptive signal timing in effect
EVT439013,2025-02-19 16:51:26,Local Market Day,J012,Koramangala Sony World,2342,Weekday,False,Clear,False,0.0,False,False,0.739,High,18.1,54.6,177.5,0.123,0.285,0.985,Moderate traffic flow - standard adaptive signal timing in effect
EVT439014,2026-01-08 22:21:45,Local Market Day,J040,City Market,6628,Weekday,False,Clear,False,0.0,False,False,0.238,Low,33.6,11.5,121.5,0.122,0.282,0.968,Normal free-flow traffic - standard signal timing maintained
EVT439015,2025-04-15 08:18:25,Cultural Procession,J011,Indiranagar 100ft Road,30517,Weekday,True,Clear,False,0.0,False,False,1.0,Severe,9.1,71.0,527.5,0.176,0.407,0.874,Festival crowd surge detected - alternate route and extended cycle recommended
EVT439016,2026-05-15 19:09:51,Concert,J023,Basavanagudi,4401,Weekday,False,Light Rain,True,0.2,False,False,1.0,Severe,8.2,64.6,748.9,0.255,0.59,0.876,Heavy rain reducing visibility and grip - reduced speed and longer buffer advised
EVT439017,2025-09-18 14:03:07,Local Market Day,J009,Majestic,3178,Weekday,False,Rain,True,23.2,False,False,0.457,Moderate,25.8,34.0,233.7,0.163,0.376,0.91,Light rain detected - minor speed reduction advised
EVT439018,2025-01-22 16:49:38,Local Market Day,J023,Basavanagudi,3319,Weekday,False,Clear,False,0.0,False,False,0.553,High,20.8,40.9,99.2,0.049,0.112,0.953,Moderate traffic flow - standard adaptive signal timing in effect
EVT439019,2025-03-14 13:26:56,Religious Festival,J020,Malleshwaram Circle,43152,Weekday,True,Clear,False,0.0,False,True,0.856,High,15.6,88.7,322.9,0.183,0.422,0.832,Road closure for event/procession - full detour recommended for through-traffic
EVT439020,2025-06-09 09:44:01,Local Market Day,J020,Malleshwaram Circle,3946,Weekday,False,Rain,True,21.1,False,False,1.0,Severe,7.4,70.4,537.6,0.169,0.39,0.857,Heavy rain reducing visibility and grip - reduced speed and longer buffer advised
EVT439021,2025-03-23 20:49:34,Sports Fixture,J031,Cubbon Road,26237,Weekend,False,Clear,False,0.0,False,False,0.587,High,27.3,39.7,184.7,0.151,0.349,0.964,Moderate traffic flow - standard adaptive signal timing in effect
EVT439022,2025-10-31 13:02:33,Sports Fixture,J023,Basavanagudi,35370,Weekday,False,Clear,False,0.0,False,False,0.349,Low,28.7,26.4,230.9,0.195,0.451,0.971,Moderate traffic flow - standard adaptive signal timing in effect
EVT439023,2026-04-10 11:18:03,Sports Fixture,J023,Basavanagudi,26553,Weekday,False,Clear,False,0.0,False,False,0.495,Moderate,27.7,42.4,172.5,0.14,0.323,0.98,Moderate traffic flow - standard adaptive signal timing in effect
EVT439024,2026-02-24 15:18:29,Concert,J020,Malleshwaram Circle,9364,Weekday,False,Clear,False,0.0,False,False,0.354,Moderate,26.7,28.5,143.2,0.105,0.242,0.944,Moderate traffic flow - standard adaptive signal timing in effect
EVT439025,2026-03-29 06:14:08,Local Market Day,J020,Malleshwaram Circle,3136,Weekend,False,Clear,False,0.0,False,False,0.321,Low,34.6,25.4,157.6,0.108,0.25,0.961,Moderate traffic flow - standard adaptive signal timing in effect
EVT439026,2025-02-24 15:30:59,Concert,J030,MG Road,11393,Weekday,False,Clear,False,0.0,False,False,0.393,Moderate,29.6,24.5,170.5,0.147,0.34,0.989,Moderate traffic flow - standard adaptive signal timing in effect
EVT439027,2025-11-09 20:41:50,Political Rally,J040,City Market,16792,Weekend,False,Clear,False,0.0,False,False,0.564,High,20.3,41.6,218.5,0.138,0.318,0.943,Moderate traffic flow - standard adaptive signal timing in effect
EVT439028,2025-12-07 11:43:19,Local Market Day,J020,Malleshwaram Circle,3160,Weekend,False,Clear,False,0.0,False,False,0.344,Low,26.8,24.5,148.6,0.112,0.259,0.96,Moderate traffic flow - standard adaptive signal timing in effect
EVT439029,2025-09-12 21:06:07,Sports Fixture,J011,Indiranagar 100ft Road,23284,Weekday,False,Light Rain,True,1.1,False,False,0.564,High,23.6,42.6,154.5,0.116,0.267,0.923,Heavy rain reducing visibility and grip - reduced speed and longer buffer advised
EVT439030,2025-07-07 11:41:13,Concert,J012,Koramangala Sony World,10115,Weekday,False,Clear,False,0.0,False,False,0.275,Low,36.3,14.2,197.1,0.185,0.426,0.958,Moderate traffic flow - standard adaptive signal timing in effect
EVT439031,2026-02-15 22:12:33,Trade Fair,J011,Indiranagar 100ft Road,8369,Weekend,False,Clear,False,0.0,False,False,0.352,Moderate,28.0,24.7,153.5,0.124,0.286,0.946,Moderate traffic flow - standard adaptive signal timing in effect
EVT439032,2025-03-11 21:27:01,Local Market Day,J020,Malleshwaram Circle,5556,Weekday,False,Fog,False,0.0,False,False,0.317,Low,30.6,23.7,153.2,0.132,0.304,0.977,Moderate traffic flow - standard adaptive signal timing in effect
EVT439033,2025-12-05 10:00:01,Sports Fixture,J040,City Market,27059,Weekday,False,Clear,False,0.0,False,False,1.0,Severe,7.7,63.9,828.1,0.256,0.591,0.92,Heavy congestion detected - signal timing extended and reroute suggested
EVT439034,2025-11-05 19:20:52,Local Market Day,J031,Cubbon Road,4310,Weekday,False,Fog,False,0.0,False,False,0.908,Severe,11.3,68.5,292.4,0.134,0.309,0.941,Heavy congestion detected - signal timing extended and reroute suggested
EVT439035,2025-10-31 19:29:02,Trade Fair,J009,Majestic,6522,Weekday,False,Clear,False,0.0,False,False,0.97,Severe,9.7,71.8,573.8,0.226,0.521,0.918,Heavy congestion detected - signal timing extended and reroute suggested
EVT439036,2025-06-14 15:12:39,Local Market Day,J031,Cubbon Road,5730,Weekend,False,Clear,False,0.0,False,False,0.277,Low,28.7,27.5,158.7,0.096,0.222,0.989,Moderate traffic flow - standard adaptive signal timing in effect
EVT439037,2025-10-12 17:29:39,Concert,J030,MG Road,7924,Weekend,False,Clear,False,0.0,False,False,0.768,Severe,17.4,53.9,206.1,0.111,0.256,0.965,Heavy congestion detected - signal timing extended and reroute suggested
EVT439038,2026-01-15 20:11:17,Religious Festival,J030,MG Road,53335,Weekday,True,Clear,False,0.0,False,False,1.0,Severe,7.9,75.0,321.6,0.115,0.267,0.874,Festival crowd surge detected - alternate route and extended cycle recommended
EVT439039,2026-01-31 20:59:29,Trade Fair,J023,Basavanagudi,6450,Weekend,False,Clear,False,0.0,False,False,0.456,Moderate,19.2,30.9,275.5,0.149,0.345,0.964,Moderate traffic flow - standard adaptive signal timing in effect
EVT439040,2025-10-03 20:13:16,Religious Festival,J023,Basavanagudi,52733,Weekday,True,Clear,False,0.0,False,True,1.0,Severe,6.3,101.7,780.8,0.222,0.513,0.837,Road closure for event/procession - full detour recommended for through-traffic
EVT439041,2026-06-04 07:21:13,Trade Fair,J023,Basavanagudi,4807,Weekday,False,Heavy Rain,True,43.1,False,False,0.877,Severe,11.7,62.8,257.5,0.126,0.292,0.905,Heavy rain reducing visibility and grip - reduced speed and longer buffer advised
EVT439042,2026-01-29 09:08:56,Sports Fixture,J020,Malleshwaram Circle,16397,Weekday,False,Clear,False,0.0,False,False,1.0,Severe,6.8,75.1,670.7,0.197,0.454,0.916,Heavy congestion detected - signal timing extended and reroute suggested
EVT439043,2025-06-09 07:59:53,Local Market Day,J011,Indiranagar 100ft Road,3858,Weekday,False,Clear,False,0.0,False,False,0.806,Severe,15.7,59.6,259.0,0.159,0.368,0.959,Heavy congestion detected - signal timing extended and reroute suggested
EVT439044,2025-02-12 13:57:49,Local Market Day,J023,Basavanagudi,4243,Weekday,False,Clear,False,0.0,False,False,0.175,Low,35.5,6.2,98.0,0.094,0.218,0.987,Normal free-flow traffic - standard signal timing maintained
EVT439045,2025-02-10 17:28:54,Trade Fair,J023,Basavanagudi,11661,Weekday,False,Clear,False,0.0,False,False,0.897,Severe,11.8,60.5,516.5,0.212,0.49,0.942,Heavy congestion detected - signal timing extended and reroute suggested
EVT439046,2025-12-23 08:10:04,Local Market Day,J030,MG Road,4840,Weekday,False,Clear,False,0.0,False,False,0.831,Severe,15.3,56.7,203.3,0.112,0.259,0.956,Heavy congestion detected - signal timing extended and reroute suggested
EVT439047,2026-01-09 06:47:48,Local Market Day,J031,Cubbon Road,5816,Weekday,False,Clear,False,0.0,False,False,0.34,Low,31.6,18.1,163.2,0.158,0.365,0.968,Moderate traffic flow - standard adaptive signal timing in effect
EVT439048,2025-09-22 17:02:20,Local Market Day,J020,Malleshwaram Circle,5541,Weekday,False,Clear,False,0.0,False,False,0.758,Severe,13.2,53.4,257.5,0.121,0.28,0.975,Heavy congestion detected - signal timing extended and reroute suggested
EVT439049,2025-02-13 16:10:05,Local Market Day,J011,Indiranagar 100ft Road,3314,Weekday,False,Clear,False,0.0,False,False,0.453,Moderate,30.4,35.3,138.7,0.112,0.258,0.986,Moderate traffic flow - standard adaptive signal timing in effect
EVT439050,2026-06-12 11:10:06,Political Rally,J011,Indiranagar 100ft Road,9923,Weekday,False,Heavy Rain,True,28.7,False,False,0.711,High,20.0,51.8,311.2,0.189,0.437,0.909,Heavy rain reducing visibility and grip - reduced speed and longer buffer advised
EVT439051,2025-05-29 09:29:40,Local Market Day,J011,Indiranagar 100ft Road,5563,Weekday,False,Clear,False,0.0,False,False,0.953,Severe,11.0,64.0,451.4,0.203,0.47,0.936,Heavy congestion detected - signal timing extended and reroute suggested
EVT439052,2025-02-26 19:04:52,Local Market Day,J011,Indiranagar 100ft Road,3533,Weekday,False,Clear,False,0.0,False,False,1.0,Severe,8.3,75.0,558.9,0.19,0.438,0.908,Heavy congestion detected - signal timing extended and reroute suggested
EVT439053,2025-12-28 11:40:37,Concert,J030,MG Road,13955,Weekend,False,Clear,False,0.0,False,False,0.389,Moderate,28.6,32.8,179.4,0.14,0.323,0.953,Moderate traffic flow - standard adaptive signal timing in effect
EVT439054,2025-11-18 20:33:22,Concert,J011,Indiranagar 100ft Road,9603,Weekday,False,Rain,True,15.4,False,False,0.769,Severe,16.5,53.7,273.2,0.17,0.394,0.942,Heavy rain reducing visibility and grip - reduced speed and longer buffer advised
EVT439055,2026-05-16 10:21:02,Political Rally,J012,Koramangala Sony World,24816,Weekend,False,Clear,False,0.0,False,False,0.769,Severe,14.2,57.4,303.6,0.153,0.354,0.979,Heavy congestion detected - signal timing extended and reroute suggested
EVT439056,2026-05-17 09:41:27,Concert,J012,Koramangala Sony World,13234,Weekend,False,Rain,True,9.6,False,False,0.945,Severe,11.5,67.3,217.4,0.122,0.283,0.896,Heavy rain reducing visibility and grip - reduced speed and longer buffer advised
EVT439057,2025-08-30 09:34:13,Local Market Day,J012,Koramangala Sony World,5491,Weekend,False,Clear,False,0.0,False,False,0.812,Severe,15.9,53.9,279.5,0.17,0.393,0.931,Heavy congestion detected - signal timing extended and reroute suggested
EVT439058,2025-05-31 09:33:46,Local Market Day,J040,City Market,5087,Weekend,False,Clear,False,0.0,False,False,0.862,Severe,12.1,65.3,501.4,0.221,0.512,0.937,Heavy congestion detected - signal timing extended and reroute suggested
EVT439059,2025-05-12 10:56:41,Local Market Day,J040,City Market,3557,Weekday,False,Clear,False,0.0,False,False,0.514,Moderate,20.3,39.1,247.1,0.163,0.376,0.973,Moderate traffic flow - standard adaptive signal timing in effect
EVT439060,2025-09-19 20:03:13,Political Rally,J012,Koramangala Sony World,23528,Weekday,False,Light Rain,True,5.7,False,False,0.959,Severe,7.8,71.9,584.4,0.176,0.407,0.871,Heavy rain reducing visibility and grip - reduced speed and longer buffer advised
EVT439061,2025-06-10 14:56:49,Trade Fair,J009,Majestic,15528,Weekday,False,Heavy Rain,True,56.3,False,False,0.602,High,21.8,50.6,266.5,0.184,0.425,0.903,Heavy rain reducing visibility and grip - reduced speed and longer buffer advised
EVT439062,2026-01-28 19:30:25,Trade Fair,J009,Majestic,8748,Weekday,False,Clear,False,0.0,False,False,0.885,Severe,13.0,63.5,383.7,0.178,0.41,0.932,Heavy congestion detected - signal timing extended and reroute suggested
EVT439063,2026-03-17 20:49:12,Sports Fixture,J030,MG Road,26589,Weekday,False,Clear,False,0.0,False,False,0.615,High,22.5,47.5,288.4,0.214,0.494,0.967,Moderate traffic flow - standard adaptive signal timing in effect
EVT439064,2025-04-11 15:22:32,Sports Fixture,J011,Indiranagar 100ft Road,20954,Weekday,False,Clear,False,0.0,False,False,0.344,Low,28.1,25.4,224.8,0.172,0.398,0.943,Moderate traffic flow - standard adaptive signal timing in effect
EVT439065,2025-09-29 18:59:12,Trade Fair,J009,Majestic,4842,Weekday,False,Heavy Rain,True,62.6,False,False,1.0,Severe,8.5,72.9,672.9,0.228,0.527,0.856,Heavy rain reducing visibility and grip - reduced speed and longer buffer advised
EVT439066,2025-02-23 18:37:15,Concert,J020,Malleshwaram Circle,11924,Weekend,False,Clear,False,0.0,False,False,0.969,Severe,8.1,69.3,435.3,0.148,0.341,0.929,Heavy congestion detected - signal timing extended and reroute suggested
EVT439067,2025-08-26 16:17:30,Sports Fixture,J040,City Market,30541,Weekday,False,Clear,False,0.0,False,False,0.681,High,19.7,48.3,314.6,0.199,0.459,0.964,Moderate traffic flow - standard adaptive signal timing in effect
EVT439068,2025-11-25 11:18:38,Sports Fixture,J030,MG Road,39176,Weekday,False,Clear,False,0.0,False,False,0.496,Moderate,26.1,31.4,132.6,0.094,0.216,0.972,Moderate traffic flow - standard adaptive signal timing in effect
EVT439069,2025-02-04 07:38:31,Concert,J012,Koramangala Sony World,9500,Weekday,False,Clear,False,0.0,False,False,0.688,High,14.1,49.5,397.0,0.207,0.477,0.964,Moderate traffic flow - standard adaptive signal timing in effect
EVT439070,2026-04-01 08:33:42,Sports Fixture,J009,Majestic,27326,Weekday,False,Clear,False,0.0,False,False,1.0,Severe,9.3,66.8,613.9,0.225,0.519,0.9,Heavy congestion detected - signal timing extended and reroute suggested
EVT439071,2026-01-17 08:26:02,Trade Fair,J009,Majestic,9105,Weekend,False,Clear,False,0.0,False,False,0.81,Severe,13.6,49.7,340.7,0.18,0.416,0.963,Heavy congestion detected - signal timing extended and reroute suggested
EVT439072,2025-08-10 18:00:33,Local Market Day,J030,MG Road,3657,Weekend,False,Heavy Rain,True,74.0,False,False,1.0,Severe,7.7,69.4,487.8,0.138,0.319,0.854,Heavy rain reducing visibility and grip - reduced speed and longer buffer advised
EVT439073,2025-12-24 18:14:21,Sports Fixture,J009,Majestic,17613,Weekday,False,Clear,False,0.0,False,False,1.0,Severe,9.0,72.2,812.1,0.306,0.707,0.92,Heavy congestion detected - signal timing extended and reroute suggested
EVT439074,2025-04-08 19:21:49,Concert,J031,Cubbon Road,19273,Weekday,False,Clear,False,0.0,False,False,0.983,Severe,9.4,68.6,233.6,0.098,0.227,0.937,Heavy congestion detected - signal timing extended and reroute suggested
EVT439075,2026-06-10 09:34:55,Sports Fixture,J020,Malleshwaram Circle,29348,Weekday,False,Clear,False,0.0,False,False,1.0,Severe,10.0,71.8,600.7,0.247,0.57,0.915,Heavy congestion detected - signal timing extended and reroute suggested
EVT439076,2026-01-12 10:37:02,Sports Fixture,J030,MG Road,14176,Weekday,False,Clear,False,0.0,False,False,0.618,High,25.3,48.7,274.4,0.199,0.46,0.958,Moderate traffic flow - standard adaptive signal timing in effect
EVT439077,2026-03-07 21:31:28,Sports Fixture,J040,City Market,29968,Weekend,False,Fog,False,0.0,False,False,0.513,Moderate,20.9,36.9,199.2,0.125,0.288,0.967,Moderate traffic flow - standard adaptive signal timing in effect
EVT439078,2026-01-24 19:32:31,Sports Fixture,J012,Koramangala Sony World,41301,Weekend,False,Clear,False,0.0,False,False,0.967,Severe,7.3,68.7,923.7,0.282,0.651,0.898,Heavy congestion detected - signal timing extended and reroute suggested
EVT439079,2025-10-03 04:16:16,Religious Festival,J031,Cubbon Road,95224,Weekday,True,Clear,False,0.0,False,True,1.0,Severe,6.8,100.9,799.0,0.243,0.561,0.868,Road closure for event/procession - full detour recommended for through-traffic
EVT439080,2026-05-17 13:29:22,Trade Fair,J009,Majestic,10535,Weekend,False,Clear,False,0.0,False,False,0.37,Moderate,36.7,27.0,121.2,0.126,0.29,0.946,Moderate traffic flow - standard adaptive signal timing in effect
EVT439081,2025-02-07 10:37:33,Concert,J031,Cubbon Road,11433,Weekday,False,Clear,False,0.0,False,False,0.553,High,20.1,41.6,358.6,0.226,0.523,0.972,Moderate traffic flow - standard adaptive signal timing in effect
EVT439082,2025-07-28 22:05:21,Sports Fixture,J031,Cubbon Road,17760,Weekday,False,Clear,False,0.0,False,False,0.324,Low,24.5,21.1,207.1,0.136,0.315,0.974,Moderate traffic flow - standard adaptive signal timing in effect
EVT439083,2025-09-13 07:25:03,Political Rally,J020,Malleshwaram Circle,18167,Weekend,False,Clear,False,0.0,False,False,0.632,High,22.7,50.2,252.9,0.173,0.4,0.99,Moderate traffic flow - standard adaptive signal timing in effect
EVT439084,2025-08-13 17:35:35,Political Rally,J023,Basavanagudi,22152,Weekday,False,Light Rain,True,7.0,False,False,1.0,Severe,8.5,74.8,685.5,0.226,0.522,0.882,Heavy rain reducing visibility and grip - reduced speed and longer buffer advised
EVT439085,2025-05-23 09:21:47,Concert,J020,Malleshwaram Circle,8867,Weekday,False,Clear,False,0.0,False,False,1.0,Severe,7.4,71.8,416.9,0.137,0.316,0.947,Heavy congestion detected - signal timing extended and reroute suggested
EVT439086,2025-09-07 11:10:57,Concert,J011,Indiranagar 100ft Road,9778,Weekend,False,Heavy Rain,True,37.6,False,False,0.828,Severe,14.6,64.3,363.1,0.189,0.437,0.92,Heavy rain reducing visibility and grip - reduced speed and longer buffer advised
EVT439087,2026-05-02 20:57:43,Religious Festival,J020,Malleshwaram Circle,45416,Weekend,True,Heavy Rain,True,32.7,False,False,1.0,Severe,8.7,76.9,638.3,0.212,0.49,0.799,Festival crowd surge detected - alternate route and extended cycle recommended
EVT439088,2025-01-14 17:03:35,Cultural Procession,J031,Cubbon Road,15836,Weekday,True,Clear,False,0.0,False,True,1.0,Severe,8.6,96.2,555.8,0.207,0.478,0.827,Road closure for event/procession - full detour recommended for through-traffic
EVT439089,2025-11-05 08:12:04,Sports Fixture,J011,Indiranagar 100ft Road,16662,Weekday,False,Light Rain,True,3.3,False,False,1.0,Severe,9.2,73.2,706.0,0.227,0.525,0.886,Heavy rain reducing visibility and grip - reduced speed and longer buffer advised
EVT439090,2025-10-23 13:15:47,Sports Fixture,J020,Malleshwaram Circle,9860,Weekday,False,Clear,False,0.0,False,False,0.2,Low,31.1,12.8,114.5,0.085,0.197,0.933,Normal free-flow traffic - standard signal timing maintained
EVT439091,2025-04-22 18:48:45,Concert,J040,City Market,19705,Weekday,False,Clear,False,0.0,False,False,1.0,Severe,9.4,71.6,571.3,0.236,0.546,0.926,Heavy congestion detected - signal timing extended and reroute suggested
EVT439092,2026-06-22 08:36:02,Sports Fixture,J030,MG Road,42937,Weekday,False,Clear,False,0.0,False,False,1.0,Severe,9.9,79.7,285.3,0.129,0.298,0.913,Heavy congestion detected - signal timing extended and reroute suggested
EVT439093,2025-07-06 20:08:22,Trade Fair,J012,Koramangala Sony World,13091,Weekend,False,Heavy Rain,True,53.4,False,False,1.0,Severe,8.1,68.2,485.2,0.158,0.365,0.877,Heavy rain reducing visibility and grip - reduced speed and longer buffer advised
EVT439094,2025-11-28 16:52:13,Trade Fair,J040,City Market,8123,Weekday,False,Clear,False,0.0,False,False,0.677,High,18.6,56.0,316.4,0.192,0.444,0.983,Moderate traffic flow - standard adaptive signal timing in effect
EVT439095,2025-10-18 20:39:53,Political Rally,J009,Majestic,9353,Weekend,False,Rain,True,12.2,False,False,0.655,High,22.8,50.7,167.4,0.11,0.254,0.894,Heavy rain reducing visibility and grip - reduced speed and longer buffer advised
EVT439096,2025-12-16 18:27:59,Sports Fixture,J011,Indiranagar 100ft Road,23864,Weekday,False,Clear,False,0.0,False,False,1.0,Severe,9.1,70.1,429.4,0.176,0.405,0.906,Heavy congestion detected - signal timing extended and reroute suggested
EVT439097,2025-08-23 18:03:24,Concert,J011,Indiranagar 100ft Road,14738,Weekend,False,Clear,False,0.0,False,False,0.894,Severe,11.7,67.3,515.8,0.22,0.507,0.909,Heavy congestion detected - signal timing extended and reroute suggested
EVT439098,2025-03-18 12:38:23,Trade Fair,J020,Malleshwaram Circle,15808,Weekday,False,Clear,False,0.0,False,False,0.182,Low,37.0,14.6,209.5,0.206,0.477,0.967,Normal free-flow traffic - standard signal timing maintained
EVT439099,2026-06-07 22:12:38,Trade Fair,J020,Malleshwaram Circle,12443,Weekend,False,Rain,True,19.2,False,False,0.584,High,22.2,42.5,150.0,0.104,0.241,0.918,Heavy rain reducing visibility and grip - reduced speed and longer buffer advised
EVT439100,2025-11-11 18:04:26,Sports Fixture,J040,City Market,18604,Weekday,False,Clear,False,0.0,False,False,1.0,Severe,7.7,74.4,859.6,0.272,0.629,0.9,Heavy congestion detected - signal timing extended and reroute suggested
EVT439101,2025-10-30 10:12:21,Local Market Day,J040,City Market,2015,Weekday,False,Heavy Rain,True,44.7,False,False,1.0,Severe,6.4,68.6,663.7,0.175,0.405,0.861,Heavy rain reducing visibility and grip - reduced speed and longer buffer advised
EVT439102,2025-12-20 05:15:33,Trade Fair,J031,Cubbon Road,8834,Weekend,False,Clear,False,0.0,False,False,0.241,Low,29.9,11.6,107.9,0.093,0.215,0.959,Normal free-flow traffic - standard signal timing maintained
EVT439103,2025-03-27 08:37:40,Trade Fair,J009,Majestic,8717,Weekday,False,Clear,False,0.0,False,False,1.0,Severe,9.1,64.9,488.4,0.184,0.426,0.93,Heavy congestion detected - signal timing extended and reroute suggested
EVT439104,2026-01-21 10:16:50,Political Rally,J031,Cubbon Road,16417,Weekday,False,Clear,False,0.0,False,False,0.817,Severe,16.9,58.6,213.6,0.135,0.311,0.965,Heavy congestion detected - signal timing extended and reroute suggested
EVT439105,2025-12-02 01:24:58,Local Market Day,J012,Koramangala Sony World,2505,Weekday,False,Clear,False,0.0,False,False,0.163,Low,32.1,13.7,198.2,0.168,0.389,0.981,Normal free-flow traffic - standard signal timing maintained
EVT439106,2026-03-03 20:23:55,Concert,J020,Malleshwaram Circle,9112,Weekday,False,Clear,False,0.0,False,False,0.645,High,18.7,44.4,184.6,0.099,0.229,0.96,Moderate traffic flow - standard adaptive signal timing in effect
EVT439107,2025-11-29 09:34:18,Trade Fair,J030,MG Road,8946,Weekend,False,Heavy Rain,True,29.8,False,False,1.0,Severe,7.0,68.3,671.1,0.2,0.463,0.891,Heavy rain reducing visibility and grip - reduced speed and longer buffer advised
EVT439108,2025-01-06 14:25:31,Local Market Day,J020,Malleshwaram Circle,3209,Weekday,False,Clear,False,0.0,False,False,0.237,Low,38.0,17.0,115.8,0.153,0.354,0.969,Normal free-flow traffic - standard signal timing maintained
EVT439109,2026-02-03 10:24:44,Political Rally,J012,Koramangala Sony World,12271,Weekday,False,Clear,False,0.0,False,False,0.727,High,16.7,50.3,245.2,0.156,0.361,0.956,Moderate traffic flow - standard adaptive signal timing in effect
EVT439110,2026-06-22 08:28:36,Concert,J020,Malleshwaram Circle,6409,Weekday,False,Heavy Rain,True,34.8,False,False,1.0,Severe,9.9,75.0,578.7,0.239,0.552,0.864,Heavy rain reducing visibility and grip - reduced speed and longer buffer advised
EVT439111,2025-05-09 09:52:28,Local Market Day,J030,MG Road,7217,Weekday,False,Heavy Rain,True,27.4,False,False,1.0,Severe,8.4,69.4,967.5,0.298,0.688,0.868,Heavy rain reducing visibility and grip - reduced speed and longer buffer advised
EVT439112,2025-04-15 22:47:30,Religious Festival,J012,Koramangala Sony World,40214,Weekday,True,Clear,False,0.0,False,False,0.705,High,16.3,50.4,435.8,0.235,0.543,0.933,Festival crowd surge detected - alternate route and extended cycle recommended
EVT439113,2026-05-26 07:08:18,Trade Fair,J030,MG Road,7488,Weekday,False,Rain,True,15.6,False,False,0.666,High,19.9,50.7,333.4,0.205,0.474,0.919,Heavy rain reducing visibility and grip - reduced speed and longer buffer advised
EVT439114,2026-03-31 18:28:19,Local Market Day,J012,Koramangala Sony World,4042,Weekday,False,Clear,False,0.0,False,False,1.0,Severe,8.5,72.4,606.3,0.236,0.546,0.928,Heavy congestion detected - signal timing extended and reroute suggested
EVT439115,2025-09-11 17:03:21,Local Market Day,J011,Indiranagar 100ft Road,3369,Weekday,False,Light Rain,True,3.7,False,False,0.815,Severe,16.6,58.3,267.2,0.159,0.368,0.901,Heavy rain reducing visibility and grip - reduced speed and longer buffer advised
EVT439116,2025-05-14 14:52:25,Concert,J031,Cubbon Road,8091,Weekday,False,Clear,False,0.0,False,False,0.222,Low,34.6,20.1,145.2,0.125,0.288,0.962,Normal free-flow traffic - standard signal timing maintained
EVT439117,2025-09-01 16:57:28,Trade Fair,J030,MG Road,8599,Weekday,False,Heavy Rain,True,54.2,False,False,1.0,Severe,9.1,72.0,592.8,0.23,0.531,0.855,Heavy rain reducing visibility and grip - reduced speed and longer buffer advised
EVT439118,2026-03-06 11:49:34,Sports Fixture,J011,Indiranagar 100ft Road,18385,Weekday,False,Clear,False,0.0,False,False,0.388,Moderate,28.0,34.4,73.0,0.066,0.153,0.962,Moderate traffic flow - standard adaptive signal timing in effect
EVT439119,2025-02-12 18:38:36,Local Market Day,J012,Koramangala Sony World,5126,Weekday,False,Clear,False,0.0,False,False,1.0,Severe,7.4,68.0,930.3,0.29,0.669,0.929,Heavy congestion detected - signal timing extended and reroute suggested
EVT439120,2025-05-19 09:27:10,Local Market Day,J030,MG Road,3710,Weekday,False,Clear,False,0.0,False,False,0.987,Severe,8.4,70.2,370.7,0.125,0.288,0.916,Heavy congestion detected - signal timing extended and reroute suggested
EVT439121,2025-08-27 15:16:15,Religious Festival,J030,MG Road,90995,Weekday,True,Rain,True,22.5,False,True,1.0,Severe,8.5,107.4,551.4,0.192,0.443,0.761,Road closure for event/procession - full detour recommended for through-traffic
EVT439122,2026-06-08 08:59:21,Sports Fixture,J012,Koramangala Sony World,21512,Weekday,False,Clear,False,0.0,False,False,1.0,Severe,6.7,74.8,632.6,0.185,0.428,0.916,Heavy congestion detected - signal timing extended and reroute suggested
EVT439123,2026-01-29 23:31:00,Sports Fixture,J040,City Market,17668,Weekday,False,Clear,False,0.0,False,False,0.249,Low,28.3,19.6,169.5,0.126,0.291,0.957,Normal free-flow traffic - standard signal timing maintained
EVT439124,2025-09-06 10:38:41,Religious Festival,J040,City Market,37401,Weekend,True,Heavy Rain,True,25.6,False,True,1.0,Severe,8.2,102.7,731.2,0.254,0.588,0.783,Road closure for event/procession - full detour recommended for through-traffic
EVT439125,2025-08-27 09:06:33,Fireworks Display,J030,MG Road,26981,Weekday,True,Fog,False,0.0,False,False,1.0,Severe,7.2,71.8,427.9,0.138,0.319,0.844,Festival crowd surge detected - alternate route and extended cycle recommended
EVT439126,2026-02-22 08:09:08,Sports Fixture,J009,Majestic,28294,Weekend,False,Clear,False,0.0,False,False,0.779,Severe,16.3,58.4,329.0,0.176,0.406,0.983,Heavy congestion detected - signal timing extended and reroute suggested
EVT439127,2025-08-20 20:22:27,Concert,J020,Malleshwaram Circle,17790,Weekday,False,Clear,False,0.0,False,False,0.68,High,18.1,45.8,207.1,0.129,0.299,0.974,Moderate traffic flow - standard adaptive signal timing in effect
EVT439128,2026-03-22 14:55:37,Concert,J020,Malleshwaram Circle,18845,Weekend,False,Clear,False,0.0,False,False,0.348,Low,30.0,20.9,53.5,0.061,0.14,0.978,Moderate traffic flow - standard adaptive signal timing in effect
EVT439129,2026-01-14 08:04:43,Fireworks Display,J009,Majestic,22991,Weekday,True,Clear,False,0.0,False,False,1.0,Severe,9.8,68.5,180.6,0.078,0.179,0.876,Festival crowd surge detected - alternate route and extended cycle recommended
EVT439130,2026-06-09 08:57:56,Local Market Day,J011,Indiranagar 100ft Road,4277,Weekday,False,Light Rain,True,2.0,False,False,1.0,Severe,8.7,76.4,413.8,0.165,0.381,0.872,Heavy rain reducing visibility and grip - reduced speed and longer buffer advised
EVT439131,2025-02-11 08:08:40,Concert,J040,City Market,12014,Weekday,False,Clear,False,0.0,False,False,0.901,Severe,13.8,66.7,649.8,0.316,0.729,0.936,Heavy congestion detected - signal timing extended and reroute suggested
EVT439132,2025-01-14 16:30:38,Religious Festival,J011,Indiranagar 100ft Road,31771,Weekday,True,Clear,False,0.0,False,False,0.981,Severe,7.8,73.7,801.3,0.241,0.558,0.867,Festival crowd surge detected - alternate route and extended cycle recommended
EVT439133,2026-04-18 07:14:25,Trade Fair,J011,Indiranagar 100ft Road,15631,Weekend,False,Clear,False,0.0,False,False,0.564,High,20.7,43.4,339.0,0.239,0.552,0.972,Moderate traffic flow - standard adaptive signal timing in effect
EVT439134,2025-09-04 20:34:08,Political Rally,J009,Majestic,17595,Weekday,False,Heavy Rain,True,35.3,False,False,0.926,Severe,11.2,65.4,358.1,0.159,0.368,0.863,Heavy rain reducing visibility and grip - reduced speed and longer buffer advised
EVT439135,2025-08-28 15:05:52,Religious Festival,J031,Cubbon Road,57846,Weekday,True,Heavy Rain,True,82.7,False,False,1.0,Severe,8.2,76.0,522.8,0.203,0.468,0.832,Festival crowd surge detected - alternate route and extended cycle recommended
EVT439136,2026-05-24 18:58:11,Local Market Day,J030,MG Road,2226,Weekend,False,Clear,False,0.0,False,False,0.819,Severe,12.3,55.3,322.4,0.166,0.384,0.95,Heavy congestion detected - signal timing extended and reroute suggested
EVT439137,2025-12-06 01:58:46,Sports Fixture,J009,Majestic,24542,Weekend,False,Clear,False,0.0,False,False,0.377,Moderate,26.9,25.3,139.5,0.098,0.226,0.967,Moderate traffic flow - standard adaptive signal timing in effect
EVT439138,2025-01-10 21:40:04,Local Market Day,J040,City Market,6206,Weekday,False,Clear,False,0.0,False,False,0.386,Moderate,29.6,29.9,128.2,0.107,0.247,0.968,Moderate traffic flow - standard adaptive signal timing in effect
EVT439139,2026-01-25 09:22:47,Local Market Day,J012,Koramangala Sony World,4550,Weekend,False,Clear,False,0.0,False,False,0.754,Severe,17.2,54.8,299.7,0.166,0.383,0.969,Heavy congestion detected - signal timing extended and reroute suggested
EVT439140,2025-03-11 13:36:15,Concert,J031,Cubbon Road,10486,Weekday,False,Clear,False,0.0,False,False,0.258,Low,30.8,19.8,82.7,0.069,0.159,0.978,Moderate traffic flow - standard adaptive signal timing in effect
EVT439141,2025-12-02 17:44:58,Sports Fixture,J020,Malleshwaram Circle,18211,Weekday,False,Light Rain,True,2.2,False,False,1.0,Severe,10.7,67.2,658.0,0.284,0.655,0.845,Heavy rain reducing visibility and grip - reduced speed and longer buffer advised
EVT439142,2026-05-12 09:38:27,Local Market Day,J009,Majestic,3213,Weekday,False,Clear,False,0.0,False,False,0.928,Severe,9.2,63.7,412.4,0.149,0.345,0.943,Heavy congestion detected - signal timing extended and reroute suggested
EVT439143,2025-09-05 17:11:29,Fireworks Display,J020,Malleshwaram Circle,35858,Weekday,True,Heavy Rain,True,26.6,False,False,1.0,Severe,9.5,66.8,346.7,0.147,0.339,0.818,Festival crowd surge detected - alternate route and extended cycle recommended
EVT439144,2025-09-21 18:59:43,Sports Fixture,J020,Malleshwaram Circle,28116,Weekend,False,Clear,False,0.0,True,False,1.0,Severe,10.2,68.1,519.2,0.217,0.501,0.776,Accident detected nearby - reroute and reduced speed advised
EVT439145,2025-02-16 17:03:56,Trade Fair,J031,Cubbon Road,7523,Weekend,False,Light Rain,True,3.3,False,False,0.751,Severe,16.6,53.7,371.6,0.22,0.509,0.925,Heavy rain reducing visibility and grip - reduced speed and longer buffer advised
EVT439146,2026-04-05 11:24:09,Trade Fair,J012,Koramangala Sony World,8036,Weekend,False,Clear,False,0.0,False,False,0.392,Moderate,20.4,29.3,159.4,0.1,0.231,0.943,Moderate traffic flow - standard adaptive signal timing in effect
EVT439147,2026-03-19 18:21:40,Religious Festival,J009,Majestic,46814,Weekday,True,Clear,False,0.0,False,True,1.0,Severe,8.5,106.9,576.5,0.2,0.462,0.867,Road closure for event/procession - full detour recommended for through-traffic
EVT439148,2025-03-13 17:04:21,Sports Fixture,J030,MG Road,15053,Weekday,False,Clear,False,0.0,False,False,0.823,Severe,11.4,59.3,403.9,0.157,0.362,0.937,Heavy congestion detected - signal timing extended and reroute suggested
EVT439149,2025-02-02 13:54:57,Local Market Day,J009,Majestic,2818,Weekend,False,Clear,False,0.0,False,False,0.198,Low,38.9,16.1,99.8,0.11,0.254,0.943,Normal free-flow traffic - standard signal timing maintained
EVT439150,2026-02-10 04:00:03,Sports Fixture,J040,City Market,16859,Weekday,False,Clear,False,0.0,False,False,0.3,Low,31.7,24.2,92.2,0.069,0.159,0.979,Moderate traffic flow - standard adaptive signal timing in effect
EVT439151,2025-07-09 20:01:27,Concert,J011,Indiranagar 100ft Road,7221,Weekday,False,Heavy Rain,True,29.7,False,False,1.0,Severe,8.9,70.2,516.2,0.194,0.448,0.875,Heavy rain reducing visibility and grip - reduced speed and longer buffer advised
EVT439152,2026-05-08 17:34:30,Local Market Day,J030,MG Road,4932,Weekday,False,Clear,False,0.0,False,False,0.948,Severe,10.7,67.1,223.0,0.1,0.231,0.919,Heavy congestion detected - signal timing extended and reroute suggested
EVT439153,2025-07-20 20:09:47,Sports Fixture,J011,Indiranagar 100ft Road,23778,Weekend,False,Heavy Rain,True,87.1,False,False,1.0,Severe,7.9,76.6,672.3,0.245,0.565,0.868,Heavy rain reducing visibility and grip - reduced speed and longer buffer advised
EVT439154,2025-03-16 15:19:45,Local Market Day,J009,Majestic,3330,Weekend,False,Clear,False,0.0,False,False,0.317,Low,29.6,16.6,60.0,0.053,0.122,0.963,Moderate traffic flow - standard adaptive signal timing in effect
EVT439155,2025-08-14 15:59:45,Political Rally,J012,Koramangala Sony World,24610,Weekday,False,Rain,True,16.5,True,False,1.0,Severe,7.8,67.2,806.4,0.262,0.606,0.694,Accident detected nearby - reroute and reduced speed advised
EVT439156,2026-03-28 09:16:53,Trade Fair,J031,Cubbon Road,10212,Weekend,False,Clear,False,0.0,False,False,0.835,Severe,12.3,58.2,527.8,0.243,0.561,0.922,Heavy congestion detected - signal timing extended and reroute suggested
EVT439157,2025-02-13 16:55:35,Local Market Day,J023,Basavanagudi,5575,Weekday,False,Light Rain,True,4.0,False,False,0.781,Severe,16.3,54.0,344.9,0.198,0.457,0.88,Heavy rain reducing visibility and grip - reduced speed and longer buffer advised
EVT439158,2025-09-14 18:44:00,Political Rally,J011,Indiranagar 100ft Road,12579,Weekend,False,Clear,False,0.0,False,False,0.943,Severe,7.9,69.2,441.3,0.146,0.338,0.943,Heavy congestion detected - signal timing extended and reroute suggested
EVT439159,2025-07-03 22:25:36,Local Market Day,J040,City Market,4298,Weekday,False,Heavy Rain,True,34.7,False,False,0.586,High,23.5,38.0,241.5,0.157,0.362,0.937,Heavy rain reducing visibility and grip - reduced speed and longer buffer advised
EVT439160,2025-08-16 18:42:34,Religious Festival,J031,Cubbon Road,56327,Weekend,True,Rain,True,14.9,False,True,1.0,Severe,6.9,92.8,794.6,0.214,0.494,0.775,Road closure for event/procession - full detour recommended for through-traffic
EVT439161,2026-01-31 13:27:39,Sports Fixture,J040,City Market,21350,Weekend,False,Clear,False,0.0,False,False,0.368,Moderate,27.6,27.7,144.2,0.122,0.281,0.951,Moderate traffic flow - standard adaptive signal timing in effect
EVT439162,2025-01-11 09:00:25,Local Market Day,J009,Majestic,3685,Weekend,False,Clear,False,0.0,False,False,0.838,Severe,16.4,58.3,305.7,0.171,0.395,0.973,Heavy congestion detected - signal timing extended and reroute suggested
EVT439163,2025-06-02 18:56:57,Local Market Day,J012,Koramangala Sony World,4829,Weekday,False,Heavy Rain,True,47.3,False,False,1.0,Severe,9.9,76.6,402.6,0.148,0.342,0.854,Heavy rain reducing visibility and grip - reduced speed and longer buffer advised
EVT439164,2026-02-21 19:34:48,Concert,J040,City Market,15263,Weekend,False,Clear,False,0.0,False,False,0.823,Severe,16.7,59.4,300.9,0.166,0.383,0.965,Heavy congestion detected - signal timing extended and reroute suggested
EVT439165,2025-09-26 17:14:26,Trade Fair,J012,Koramangala Sony World,7790,Weekday,False,Clear,False,0.0,False,False,0.864,Severe,13.7,65.7,376.7,0.179,0.413,0.932,Heavy congestion detected - signal timing extended and reroute suggested
EVT439166,2025-08-19 17:06:31,Local Market Day,J011,Indiranagar 100ft Road,2987,Weekday,False,Heavy Rain,True,45.5,False,False,1.0,Severe,8.5,67.2,393.7,0.138,0.318,0.873,Heavy rain reducing visibility and grip - reduced speed and longer buffer advised
EVT439167,2025-01-12 20:17:04,Local Market Day,J009,Majestic,3163,Weekend,False,Clear,False,0.0,False,False,0.595,High,23.3,46.4,196.7,0.146,0.337,0.947,Moderate traffic flow - standard adaptive signal timing in effect
EVT439168,2025-06-26 08:26:09,Local Market Day,J020,Malleshwaram Circle,3395,Weekday,False,Clear,False,0.0,False,False,0.96,Severe,9.0,69.3,511.3,0.184,0.426,0.934,Heavy congestion detected - signal timing extended and reroute suggested
EVT439169,2026-03-27 13:02:50,Cultural Procession,J030,MG Road,21829,Weekday,True,Clear,False,0.0,False,True,0.673,Moderate,20.5,68.8,165.9,0.1,0.231,0.886,Road closure for event/procession - full detour recommended for through-traffic
EVT439170,2025-10-17 14:15:25,Trade Fair,J030,MG Road,11079,Weekday,False,Light Rain,True,5.8,False,False,0.259,Low,31.7,22.9,160.8,0.145,0.334,0.916,Light rain detected - minor speed reduction advised
EVT439171,2026-01-24 21:39:20,Local Market Day,J023,Basavanagudi,4226,Weekend,False,Clear,False,0.0,False,False,0.366,Moderate,26.2,22.3,147.6,0.114,0.264,0.967,Moderate traffic flow - standard adaptive signal timing in effect
EVT439172,2025-02-09 05:36:37,Sports Fixture,J030,MG Road,25361,Weekend,False,Clear,False,0.0,False,False,0.399,Moderate,27.9,25.1,129.9,0.106,0.244,0.972,Moderate traffic flow - standard adaptive signal timing in effect
EVT439173,2026-03-01 09:52:45,Sports Fixture,J031,Cubbon Road,21189,Weekend,False,Clear,False,0.0,False,False,0.888,Severe,12.3,59.0,349.5,0.17,0.392,0.96,Heavy congestion detected - signal timing extended and reroute suggested
EVT439174,2026-02-11 14:40:02,Concert,J031,Cubbon Road,10966,Weekday,False,Light Rain,True,2.6,False,False,0.265,Low,32.3,14.4,78.4,0.075,0.172,0.897,Light rain detected - minor speed reduction advised
EVT439175,2025-07-25 22:09:02,Concert,J011,Indiranagar 100ft Road,23242,Weekday,False,Heavy Rain,True,33.8,False,False,0.679,High,14.2,44.7,403.0,0.196,0.453,0.912,Heavy rain reducing visibility and grip - reduced speed and longer buffer advised
EVT439176,2025-09-10 15:49:32,Concert,J031,Cubbon Road,8826,Weekday,False,Clear,False,0.0,False,False,0.431,Moderate,29.7,28.8,133.4,0.106,0.244,0.948,Moderate traffic flow - standard adaptive signal timing in effect
EVT439177,2026-05-30 19:57:38,Trade Fair,J031,Cubbon Road,5337,Weekend,False,Rain,True,8.5,False,False,0.754,Severe,19.2,48.7,207.2,0.123,0.284,0.935,Heavy rain reducing visibility and grip - reduced speed and longer buffer advised
EVT439178,2026-01-24 17:33:28,Trade Fair,J012,Koramangala Sony World,15471,Weekend,False,Clear,False,0.0,False,False,0.775,Severe,17.3,48.0,521.9,0.311,0.719,0.951,Heavy congestion detected - signal timing extended and reroute suggested
EVT439179,2025-03-29 15:34:28,Concert,J012,Koramangala Sony World,10131,Weekend,False,Clear,False,0.0,False,False,0.347,Low,24.9,24.7,143.4,0.119,0.274,0.977,Moderate traffic flow - standard adaptive signal timing in effect
EVT439180,2026-05-18 20:23:18,Local Market Day,J040,City Market,6905,Weekday,False,Clear,False,0.0,False,False,0.621,High,24.1,40.8,221.3,0.187,0.433,0.975,Moderate traffic flow - standard adaptive signal timing in effect
EVT439181,2025-09-01 17:43:15,Trade Fair,J023,Basavanagudi,11018,Weekday,False,Clear,False,0.0,False,False,0.979,Severe,8.1,71.2,426.8,0.151,0.348,0.92,Heavy congestion detected - signal timing extended and reroute suggested
EVT439182,2026-04-17 14:12:27,Trade Fair,J023,Basavanagudi,6963,Weekday,False,Clear,False,0.0,False,False,0.26,Low,35.8,16.3,159.5,0.162,0.374,0.972,Moderate traffic flow - standard adaptive signal timing in effect
EVT439183,2025-09-14 16:02:21,Concert,J030,MG Road,14017,Weekend,False,Clear,False,0.0,False,False,0.44,Moderate,24.7,34.1,240.4,0.18,0.416,0.949,Moderate traffic flow - standard adaptive signal timing in effect
EVT439184,2025-04-19 11:05:48,Local Market Day,J011,Indiranagar 100ft Road,4363,Weekend,False,Clear,False,0.0,False,False,0.449,Moderate,23.8,33.3,176.2,0.13,0.3,0.964,Moderate traffic flow - standard adaptive signal timing in effect
EVT439185,2026-03-14 12:20:46,Sports Fixture,J030,MG Road,24732,Weekend,False,Clear,False,0.0,False,False,0.373,Moderate,26.8,30.9,216.2,0.158,0.365,0.965,Moderate traffic flow - standard adaptive signal timing in effect
EVT439186,2025-07-17 08:09:51,Local Market Day,J031,Cubbon Road,4201,Weekday,False,Rain,True,15.8,False,False,1.0,Severe,8.9,74.0,366.0,0.155,0.357,0.868,Heavy rain reducing visibility and grip - reduced speed and longer buffer advised
EVT439187,2025-02-13 19:51:44,Concert,J020,Malleshwaram Circle,22158,Weekday,False,Clear,False,0.0,False,False,0.835,Severe,11.5,62.8,533.6,0.224,0.517,0.952,Heavy congestion detected - signal timing extended and reroute suggested
EVT439188,2025-07-14 14:19:29,Trade Fair,J012,Koramangala Sony World,10072,Weekday,False,Heavy Rain,True,44.0,False,False,0.569,High,18.3,38.6,233.9,0.152,0.352,0.938,Heavy rain reducing visibility and grip - reduced speed and longer buffer advised
EVT439189,2025-09-04 07:17:45,Local Market Day,J040,City Market,4520,Weekday,False,Clear,False,0.0,False,False,0.522,Moderate,25.0,33.2,103.1,0.081,0.186,0.99,Moderate traffic flow - standard adaptive signal timing in effect
EVT439190,2025-11-23 15:43:58,Local Market Day,J020,Malleshwaram Circle,3940,Weekend,False,Clear,False,0.0,False,False,0.386,Moderate,27.8,29.6,206.6,0.159,0.367,0.954,Moderate traffic flow - standard adaptive signal timing in effect
EVT439191,2025-03-27 17:51:50,Sports Fixture,J031,Cubbon Road,22237,Weekday,False,Clear,False,0.0,False,False,1.0,Severe,9.3,71.3,435.2,0.175,0.404,0.92,Heavy congestion detected - signal timing extended and reroute suggested
EVT439192,2026-05-07 11:32:38,Sports Fixture,J023,Basavanagudi,36306,Weekday,False,Rain,True,10.4,False,False,0.693,High,17.4,51.7,338.0,0.176,0.407,0.906,Heavy rain reducing visibility and grip - reduced speed and longer buffer advised
EVT439193,2025-01-17 14:36:24,Concert,J031,Cubbon Road,11985,Weekday,False,Clear,False,0.0,False,False,0.229,Low,31.6,16.3,149.9,0.118,0.272,0.967,Normal free-flow traffic - standard signal timing maintained
EVT439194,2025-09-29 09:18:42,Concert,J009,Majestic,17159,Weekday,False,Heavy Rain,True,25.2,False,False,1.0,Severe,7.8,75.4,567.4,0.176,0.406,0.882,Heavy rain reducing visibility and grip - reduced speed and longer buffer advised
EVT439195,2025-07-27 17:14:52,Sports Fixture,J012,Koramangala Sony World,14838,Weekend,False,Fog,False,0.0,False,False,0.735,High,15.7,50.9,173.1,0.105,0.243,0.99,Moderate traffic flow - standard adaptive signal timing in effect
EVT439196,2025-07-28 06:11:18,Sports Fixture,J040,City Market,18276,Weekday,False,Clear,False,0.0,False,False,0.36,Moderate,31.2,28.9,146.1,0.13,0.301,0.987,Moderate traffic flow - standard adaptive signal timing in effect
EVT439197,2025-10-14 16:03:55,Concert,J031,Cubbon Road,7496,Weekday,False,Clear,False,0.0,False,False,0.409,Moderate,30.6,33.4,114.8,0.082,0.189,0.969,Moderate traffic flow - standard adaptive signal timing in effect
EVT439198,2026-04-11 15:16:24,Concert,J030,MG Road,27009,Weekend,False,Clear,False,0.0,False,False,0.512,Moderate,21.7,37.3,249.2,0.146,0.337,0.963,Moderate traffic flow - standard adaptive signal timing in effect
EVT439199,2025-09-04 17:13:46,Local Market Day,J012,Koramangala Sony World,4654,Weekday,False,Clear,False,0.0,False,False,0.763,Severe,17.6,52.9,308.8,0.173,0.399,0.948,Heavy congestion detected - signal timing extended and reroute suggested
EVT439200,2025-11-07 20:28:46,Local Market Day,J040,City Market,3881,Weekday,False,Clear,False,0.0,False,False,0.598,High,20.2,42.0,191.3,0.123,0.283,0.979,Moderate traffic flow - standard adaptive signal timing in effect
EVT439201,2026-03-03 18:56:32,Sports Fixture,J031,Cubbon Road,27229,Weekday,False,Fog,False,0.0,False,False,1.0,Severe,8.3,69.4,227.0,0.087,0.201,0.901,Heavy congestion detected - signal timing extended and reroute suggested
EVT439202,2025-11-28 20:51:53,Local Market Day,J012,Koramangala Sony World,2941,Weekday,False,Rain,True,11.2,False,False,0.68,High,23.0,47.0,173.2,0.118,0.272,0.923,Heavy rain reducing visibility and grip - reduced speed and longer buffer advised
EVT439203,2025-08-11 17:59:01,Trade Fair,J030,MG Road,4829,Weekday,False,Clear,False,0.0,False,False,1.0,Severe,8.3,70.2,392.0,0.147,0.339,0.921,Heavy congestion detected - signal timing extended and reroute suggested
EVT439204,2025-02-22 12:20:15,Local Market Day,J040,City Market,3116,Weekend,False,Clear,False,0.0,False,False,0.205,Low,39.4,14.1,209.5,0.218,0.503,0.956,Normal free-flow traffic - standard signal timing maintained
EVT439205,2026-05-10 13:37:54,Sports Fixture,J020,Malleshwaram Circle,23332,Weekend,False,Clear,False,0.0,False,False,0.341,Low,32.0,25.6,159.2,0.14,0.323,0.959,Moderate traffic flow - standard adaptive signal timing in effect
EVT439206,2026-05-19 12:01:16,Sports Fixture,J009,Majestic,19901,Weekday,False,Clear,False,0.0,False,False,0.36,Moderate,22.3,22.2,216.3,0.151,0.35,0.964,Moderate traffic flow - standard adaptive signal timing in effect
EVT439207,2025-12-07 17:19:29,Sports Fixture,J040,City Market,22143,Weekend,False,Clear,False,0.0,False,False,0.838,Severe,12.8,64.0,460.8,0.236,0.546,0.949,Heavy congestion detected - signal timing extended and reroute suggested
EVT439208,2025-04-20 06:56:24,Sports Fixture,J009,Majestic,21737,Weekend,False,Rain,True,7.8,False,False,0.654,High,18.9,41.7,254.7,0.143,0.33,0.916,Heavy rain reducing visibility and grip - reduced speed and longer buffer advised
EVT439209,2025-04-17 14:02:30,Concert,J040,City Market,22249,Weekday,False,Clear,False,0.0,False,False,0.257,Low,35.1,23.2,103.1,0.105,0.243,0.98,Moderate traffic flow - standard adaptive signal timing in effect
EVT439210,2025-03-07 16:36:37,Sports Fixture,J012,Koramangala Sony World,39962,Weekday,False,Clear,False,0.0,False,False,0.919,Severe,8.8,68.7,495.6,0.17,0.392,0.898,Heavy congestion detected - signal timing extended and reroute suggested
EVT439211,2025-09-06 08:56:56,Fireworks Display,J023,Basavanagudi,39671,Weekend,True,Clear,False,0.0,False,False,1.0,Severe,8.5,69.5,190.6,0.098,0.227,0.885,Festival crowd surge detected - alternate route and extended cycle recommended
EVT439212,2025-08-25 15:51:42,Local Market Day,J009,Majestic,2379,Weekday,False,Clear,False,0.0,False,False,0.345,Low,31.3,28.4,140.1,0.111,0.256,0.961,Moderate traffic flow - standard adaptive signal timing in effect
EVT439213,2026-01-14 19:34:21,Religious Festival,J011,Indiranagar 100ft Road,46287,Weekday,True,Clear,False,0.0,False,True,1.0,Severe,8.7,91.6,318.9,0.124,0.287,0.817,Road closure for event/procession - full detour recommended for through-traffic
EVT439214,2025-10-17 07:37:11,Local Market Day,J023,Basavanagudi,2454,Weekday,False,Clear,False,0.0,False,False,0.616,High,20.2,44.9,291.3,0.195,0.451,0.947,Moderate traffic flow - standard adaptive signal timing in effect
EVT439215,2025-09-12 07:24:53,Trade Fair,J011,Indiranagar 100ft Road,12346,Weekday,False,Clear,False,0.0,False,False,0.623,High,18.4,42.3,427.7,0.243,0.562,0.958,Moderate traffic flow - standard adaptive signal timing in effect
EVT439216,2025-07-12 19:34:51,Sports Fixture,J030,MG Road,27576,Weekend,False,Heavy Rain,True,37.6,False,False,1.0,Severe,7.9,75.6,718.7,0.253,0.584,0.871,Heavy rain reducing visibility and grip - reduced speed and longer buffer advised
EVT439217,2025-09-03 19:50:30,Concert,J009,Majestic,15278,Weekday,False,Fog,False,0.0,False,False,0.867,Severe,10.6,62.3,399.0,0.16,0.371,0.952,Heavy congestion detected - signal timing extended and reroute suggested
EVT439218,2025-05-03 08:06:33,Local Market Day,J030,MG Road,2493,Weekend,False,Clear,False,0.0,False,False,0.723,High,17.7,52.3,184.3,0.115,0.265,0.975,Moderate traffic flow - standard adaptive signal timing in effect
EVT439219,2025-11-03 08:19:28,Trade Fair,J030,MG Road,9717,Weekday,False,Rain,True,17.5,False,False,1.0,Severe,8.6,73.7,534.5,0.199,0.46,0.895,Heavy rain reducing visibility and grip - reduced speed and longer buffer advised
EVT439220,2025-03-30 17:43:51,Cultural Procession,J009,Majestic,22221,Weekend,True,Clear,False,0.0,False,False,1.0,Severe,9.7,78.1,589.4,0.242,0.558,0.846,Festival crowd surge detected - alternate route and extended cycle recommended
EVT439221,2025-05-04 13:24:49,Concert,J040,City Market,12635,Weekend,False,Clear,False,0.0,False,False,0.327,Low,25.9,20.9,176.9,0.124,0.287,0.947,Moderate traffic flow - standard adaptive signal timing in effect
EVT439222,2025-02-14 20:09:53,Local Market Day,J023,Basavanagudi,3675,Weekday,False,Clear,False,0.0,False,False,0.718,High,19.0,52.6,402.7,0.266,0.615,0.959,Moderate traffic flow - standard adaptive signal timing in effect
EVT439223,2025-12-27 12:19:21,Sports Fixture,J020,Malleshwaram Circle,18332,Weekend,False,Clear,False,0.0,False,False,0.35,Moderate,25.1,27.5,133.1,0.095,0.22,0.932,Moderate traffic flow - standard adaptive signal timing in effect
EVT439224,2026-04-20 18:56:49,Local Market Day,J031,Cubbon Road,5747,Weekday,False,Clear,False,0.0,False,False,0.998,Severe,8.8,75.3,516.6,0.193,0.447,0.92,Heavy congestion detected - signal timing extended and reroute suggested
EVT439225,2025-06-12 12:59:09,Concert,J031,Cubbon Road,23647,Weekday,False,Clear,False,0.0,False,False,0.304,Low,36.1,18.8,188.8,0.187,0.433,0.972,Moderate traffic flow - standard adaptive signal timing in effect
EVT439226,2025-02-11 12:28:04,Sports Fixture,J020,Malleshwaram Circle,27671,Weekday,False,Clear,False,0.0,False,False,0.381,Moderate,29.0,26.2,193.4,0.169,0.392,0.957,Moderate traffic flow - standard adaptive signal timing in effect
EVT439227,2025-10-19 02:56:32,Local Market Day,J030,MG Road,3975,Weekend,False,Clear,False,0.0,False,False,0.311,Low,31.8,24.2,226.1,0.177,0.409,0.979,Moderate traffic flow - standard adaptive signal timing in effect
EVT439228,2025-05-13 14:46:04,Trade Fair,J012,Koramangala Sony World,13491,Weekday,False,Clear,False,0.0,False,False,0.246,Low,29.9,19.9,163.3,0.139,0.321,0.975,Normal free-flow traffic - standard signal timing maintained
EVT439229,2025-08-19 18:53:30,Local Market Day,J020,Malleshwaram Circle,2211,Weekday,False,Heavy Rain,True,30.5,False,False,1.0,Severe,8.8,73.1,535.6,0.198,0.458,0.87,Heavy rain reducing visibility and grip - reduced speed and longer buffer advised
EVT439230,2025-01-24 07:51:47,Local Market Day,J012,Koramangala Sony World,4453,Weekday,False,Clear,False,0.0,False,False,0.673,High,18.1,45.1,139.2,0.084,0.193,0.957,Moderate traffic flow - standard adaptive signal timing in effect
EVT439231,2025-02-06 20:40:25,Local Market Day,J009,Majestic,5411,Weekday,False,Clear,False,0.0,False,False,0.457,Moderate,25.6,32.9,277.7,0.192,0.445,0.952,Moderate traffic flow - standard adaptive signal timing in effect
EVT439232,2025-03-05 15:12:42,Local Market Day,J023,Basavanagudi,3033,Weekday,False,Clear,False,0.0,False,False,0.319,Low,29.1,20.1,138.3,0.111,0.255,0.965,Moderate traffic flow - standard adaptive signal timing in effect
EVT439233,2025-05-17 21:56:13,Concert,J012,Koramangala Sony World,15151,Weekend,False,Clear,False,0.0,False,False,0.352,Moderate,25.2,22.6,230.3,0.138,0.319,0.956,Moderate traffic flow - standard adaptive signal timing in effect
EVT439234,2025-07-26 18:01:02,Sports Fixture,J020,Malleshwaram Circle,14318,Weekend,False,Light Rain,True,4.0,False,False,1.0,Severe,6.7,71.9,504.0,0.134,0.309,0.866,Heavy rain reducing visibility and grip - reduced speed and longer buffer advised
EVT439235,2025-11-15 17:03:23,Concert,J023,Basavanagudi,9138,Weekend,False,Light Rain,True,6.4,False,False,0.876,Severe,14.0,63.4,434.0,0.227,0.525,0.903,Heavy rain reducing visibility and grip - reduced speed and longer buffer advised
EVT439236,2026-05-04 06:23:22,Sports Fixture,J023,Basavanagudi,13996,Weekday,False,Clear,False,0.0,False,False,0.328,Low,29.2,21.5,153.6,0.113,0.262,0.968,Moderate traffic flow - standard adaptive signal timing in effect
EVT439237,2026-03-31 17:18:35,Concert,J031,Cubbon Road,11571,Weekday,False,Clear,False,0.0,False,False,0.86,Severe,12.6,60.9,460.6,0.236,0.544,0.968,Heavy congestion detected - signal timing extended and reroute suggested
EVT439238,2026-02-05 09:34:59,Sports Fixture,J031,Cubbon Road,26658,Weekday,False,Clear,False,0.0,False,False,1.0,Severe,9.5,75.8,535.2,0.205,0.474,0.927,Heavy congestion detected - signal timing extended and reroute suggested
EVT439239,2025-06-26 01:50:52,Local Market Day,J040,City Market,3386,Weekday,False,Clear,False,0.0,False,False,0.133,Low,29.1,9.7,140.6,0.109,0.252,0.977,Normal free-flow traffic - standard signal timing maintained
EVT439240,2025-09-04 16:06:20,Concert,J020,Malleshwaram Circle,11679,Weekday,False,Clear,False,0.0,False,False,0.493,Moderate,28.2,34.6,152.1,0.129,0.299,0.954,Moderate traffic flow - standard adaptive signal timing in effect
EVT439241,2026-05-29 13:40:54,Political Rally,J030,MG Road,17835,Weekday,False,Light Rain,True,3.2,False,False,0.427,Moderate,29.2,32.6,161.4,0.145,0.334,0.923,Light rain detected - minor speed reduction advised
EVT439242,2025-04-07 15:28:43,Fireworks Display,J030,MG Road,15013,Weekday,True,Clear,False,0.0,False,False,0.611,High,21.3,39.6,352.4,0.23,0.531,0.937,Festival crowd surge detected - alternate route and extended cycle recommended
EVT439243,2025-05-11 07:39:58,Political Rally,J020,Malleshwaram Circle,16978,Weekend,False,Rain,True,15.2,True,False,1.0,Severe,4.8,66.6,754.4,0.161,0.371,0.696,Accident detected nearby - reroute and reduced speed advised
EVT439244,2025-07-09 07:28:38,Local Market Day,J020,Malleshwaram Circle,4919,Weekday,False,Clear,False,0.0,False,False,0.611,High,17.0,40.6,298.2,0.158,0.366,0.964,Moderate traffic flow - standard adaptive signal timing in effect
EVT439245,2026-03-09 08:20:00,Local Market Day,J020,Malleshwaram Circle,6054,Weekday,False,Clear,False,0.0,False,False,0.998,Severe,8.9,73.8,642.4,0.235,0.542,0.911,Heavy congestion detected - signal timing extended and reroute suggested
EVT439246,2025-04-23 19:25:55,Trade Fair,J031,Cubbon Road,10073,Weekday,False,Clear,False,0.0,False,False,0.991,Severe,7.1,66.0,819.7,0.267,0.617,0.924,Heavy congestion detected - signal timing extended and reroute suggested
EVT439247,2026-06-08 17:38:36,Local Market Day,J030,MG Road,4598,Weekday,False,Clear,False,0.0,False,False,0.966,Severe,7.4,66.1,616.9,0.18,0.417,0.905,Heavy congestion detected - signal timing extended and reroute suggested
EVT439248,2025-12-15 13:24:29,Concert,J011,Indiranagar 100ft Road,17538,Weekday,False,Clear,False,0.0,False,False,0.282,Low,27.8,25.0,175.8,0.125,0.288,0.964,Moderate traffic flow - standard adaptive signal timing in effect
EVT439249,2025-08-18 09:13:54,Local Market Day,J031,Cubbon Road,6410,Weekday,False,Heavy Rain,True,27.7,False,False,1.0,Severe,7.7,69.7,663.1,0.222,0.512,0.875,Heavy rain reducing visibility and grip - reduced speed and longer buffer advised
EVT439250,2025-10-29 19:20:27,Local Market Day,J030,MG Road,3730,Weekday,False,Clear,False,0.0,False,False,0.813,Severe,15.2,58.6,332.8,0.171,0.394,0.933,Heavy congestion detected - signal timing extended and reroute suggested
EVT439251,2025-12-20 21:13:54,Concert,J031,Cubbon Road,8625,Weekend,False,Clear,False,0.0,False,False,0.463,Moderate,22.6,26.6,137.5,0.086,0.199,0.97,Moderate traffic flow - standard adaptive signal timing in effect
EVT439252,2026-03-10 14:01:58,Trade Fair,J009,Majestic,3403,Weekday,False,Clear,False,0.0,False,False,0.209,Low,37.9,17.8,72.6,0.062,0.143,0.973,Normal free-flow traffic - standard signal timing maintained
EVT439253,2026-01-12 15:43:03,Local Market Day,J012,Koramangala Sony World,5563,Weekday,False,Clear,False,0.0,False,False,0.316,Low,25.1,14.9,143.0,0.095,0.22,0.953,Moderate traffic flow - standard adaptive signal timing in effect
EVT439254,2025-10-20 11:09:55,Religious Festival,J020,Malleshwaram Circle,58129,Weekday,True,Rain,True,24.4,False,False,1.0,Severe,6.3,60.6,823.3,0.211,0.487,0.829,Festival crowd surge detected - alternate route and extended cycle recommended
EVT439255,2025-04-04 21:46:57,Local Market Day,J012,Koramangala Sony World,5742,Weekday,False,Clear,False,0.0,False,False,0.25,Low,22.6,18.0,194.9,0.117,0.27,0.961,Normal free-flow traffic - standard signal timing maintained
EVT439256,2025-07-27 07:53:37,Trade Fair,J012,Koramangala Sony World,6644,Weekend,False,Heavy Rain,True,40.7,False,False,1.0,Severe,6.1,64.5,322.1,0.114,0.264,0.882,Heavy rain reducing visibility and grip - reduced speed and longer buffer advised
EVT439257,2025-06-09 20:28:48,Trade Fair,J040,City Market,7485,Weekday,False,Clear,False,0.0,False,False,0.627,High,23.8,42.5,142.2,0.084,0.195,0.962,Moderate traffic flow - standard adaptive signal timing in effect
EVT439258,2025-10-21 17:08:42,Cultural Procession,J020,Malleshwaram Circle,18981,Weekday,True,Clear,False,0.0,False,True,1.0,Severe,9.2,103.3,607.4,0.239,0.551,0.826,Road closure for event/procession - full detour recommended for through-traffic
EVT439259,2025-05-28 12:01:37,Trade Fair,J023,Basavanagudi,7875,Weekday,False,Fog,False,0.0,False,False,0.218,Low,34.7,16.1,127.1,0.134,0.309,0.971,Normal free-flow traffic - standard signal timing maintained
EVT439260,2025-09-26 16:12:46,Local Market Day,J031,Cubbon Road,3615,Weekday,False,Rain,True,12.0,False,False,0.607,High,26.0,40.6,81.7,0.048,0.111,0.905,Heavy rain reducing visibility and grip - reduced speed and longer buffer advised
EVT439261,2025-01-11 20:56:50,Local Market Day,J011,Indiranagar 100ft Road,3711,Weekend,False,Clear,False,0.0,False,False,0.356,Moderate,37.8,24.6,99.1,0.082,0.19,0.977,Moderate traffic flow - standard adaptive signal timing in effect
EVT439262,2026-05-12 09:53:38,Political Rally,J020,Malleshwaram Circle,13779,Weekday,False,Heavy Rain,True,25.2,False,False,1.0,Severe,8.0,74.8,620.3,0.203,0.469,0.852,Heavy rain reducing visibility and grip - reduced speed and longer buffer advised
EVT439263,2025-12-21 12:32:07,Local Market Day,J023,Basavanagudi,3785,Weekend,False,Clear,False,0.0,False,False,0.191,Low,30.4,11.1,81.2,0.036,0.084,0.938,Normal free-flow traffic - standard signal timing maintained
EVT439264,2025-08-06 14:14:55,Local Market Day,J011,Indiranagar 100ft Road,5051,Weekday,False,Heavy Rain,True,30.4,False,False,0.506,Moderate,29.3,35.2,158.6,0.107,0.248,0.899,Light rain detected - minor speed reduction advised
EVT439265,2025-01-17 18:28:04,Local Market Day,J011,Indiranagar 100ft Road,4692,Weekday,False,Clear,False,0.0,False,False,1.0,Severe,8.9,65.0,508.4,0.186,0.429,0.921,Heavy congestion detected - signal timing extended and reroute suggested
EVT439266,2025-04-12 23:29:36,Local Market Day,J031,Cubbon Road,5331,Weekend,False,Clear,False,0.0,False,False,0.286,Low,38.7,19.0,136.8,0.14,0.324,0.978,Moderate traffic flow - standard adaptive signal timing in effect
EVT439267,2025-08-22 16:32:26,Trade Fair,J030,MG Road,6845,Weekday,False,Heavy Rain,True,36.2,False,False,0.99,Severe,7.9,76.9,497.6,0.185,0.428,0.871,Heavy rain reducing visibility and grip - reduced speed and longer buffer advised
EVT439268,2025-10-05 07:40:16,Local Market Day,J031,Cubbon Road,4512,Weekend,False,Light Rain,True,5.7,False,False,0.751,Severe,13.2,53.1,348.1,0.16,0.371,0.895,Heavy rain reducing visibility and grip - reduced speed and longer buffer advised
EVT439269,2025-07-20 18:23:36,Sports Fixture,J031,Cubbon Road,22679,Weekend,False,Heavy Rain,True,94.6,False,False,1.0,Severe,10.0,75.8,728.5,0.271,0.625,0.864,Heavy rain reducing visibility and grip - reduced speed and longer buffer advised
EVT439270,2025-03-13 10:41:17,Trade Fair,J011,Indiranagar 100ft Road,5669,Weekday,False,Clear,False,0.0,False,False,0.47,Moderate,28.0,33.0,116.6,0.092,0.212,0.989,Moderate traffic flow - standard adaptive signal timing in effect
EVT439271,2025-11-15 21:03:46,Sports Fixture,J009,Majestic,25353,Weekend,False,Clear,False,0.0,False,False,0.59,High,22.0,42.9,266.6,0.168,0.387,0.973,Moderate traffic flow - standard adaptive signal timing in effect
EVT439272,2025-05-13 17:52:12,Sports Fixture,J031,Cubbon Road,19934,Weekday,False,Light Rain,True,6.2,False,False,1.0,Severe,8.0,75.9,361.7,0.133,0.307,0.874,Heavy rain reducing visibility and grip - reduced speed and longer buffer advised
EVT439273,2026-06-19 09:44:42,Local Market Day,J031,Cubbon Road,3143,Weekday,False,Clear,False,0.0,False,False,0.91,Severe,11.2,68.4,303.4,0.125,0.288,0.943,Heavy congestion detected - signal timing extended and reroute suggested
EVT439274,2025-07-09 16:50:34,Local Market Day,J031,Cubbon Road,5310,Weekday,False,Heavy Rain,True,45.6,False,False,1.0,Severe,8.9,74.3,562.6,0.206,0.477,0.858,Heavy rain reducing visibility and grip - reduced speed and longer buffer advised
EVT439275,2026-01-01 09:27:06,Religious Festival,J023,Basavanagudi,60266,Weekday,True,Clear,False,0.0,False,True,1.0,Severe,8.0,92.5,463.2,0.176,0.408,0.818,Road closure for event/procession - full detour recommended for through-traffic
EVT439276,2026-03-29 17:15:51,Local Market Day,J031,Cubbon Road,5260,Weekend,False,Clear,False,0.0,False,False,0.689,High,18.9,45.7,191.6,0.097,0.225,0.966,Moderate traffic flow - standard adaptive signal timing in effect
EVT439277,2026-05-10 16:18:17,Local Market Day,J030,MG Road,4614,Weekend,False,Light Rain,True,3.2,False,False,0.514,Moderate,24.4,35.9,200.7,0.14,0.322,0.909,Light rain detected - minor speed reduction advised
EVT439278,2026-03-30 10:37:13,Local Market Day,J031,Cubbon Road,3755,Weekday,False,Fog,False,0.0,False,False,0.566,High,19.2,38.1,313.9,0.184,0.426,0.984,Moderate traffic flow - standard adaptive signal timing in effect
EVT439279,2026-06-16 07:40:52,Concert,J040,City Market,9811,Weekday,False,Heavy Rain,True,53.7,False,False,1.0,Severe,8.8,66.8,485.8,0.17,0.393,0.871,Heavy rain reducing visibility and grip - reduced speed and longer buffer advised
EVT439280,2025-12-29 18:55:48,Sports Fixture,J012,Koramangala Sony World,33364,Weekday,False,Clear,False,0.0,False,False,1.0,Severe,9.7,72.6,316.3,0.124,0.287,0.93,Heavy congestion detected - signal timing extended and reroute suggested
EVT439281,2026-03-02 14:45:42,Sports Fixture,J020,Malleshwaram Circle,29441,Weekday,False,Clear,False,0.0,False,False,0.316,Low,22.6,25.7,90.8,0.045,0.105,0.949,Moderate traffic flow - standard adaptive signal timing in effect
EVT439282,2026-06-09 22:33:17,Concert,J030,MG Road,12613,Weekday,False,Clear,False,0.0,False,False,0.236,Low,32.0,18.4,63.2,0.031,0.07,0.956,Normal free-flow traffic - standard signal timing maintained
EVT439283,2025-07-06 08:25:51,Political Rally,J011,Indiranagar 100ft Road,14771,Weekend,False,Clear,False,0.0,False,False,0.941,Severe,11.0,63.5,361.8,0.147,0.339,0.916,Heavy congestion detected - signal timing extended and reroute suggested
EVT439284,2025-05-03 20:10:26,Trade Fair,J020,Malleshwaram Circle,8848,Weekend,False,Clear,False,0.0,False,False,0.679,High,11.0,50.3,556.7,0.214,0.495,0.982,Moderate traffic flow - standard adaptive signal timing in effect
EVT439285,2025-10-30 17:36:09,Local Market Day,J020,Malleshwaram Circle,7974,Weekday,False,Clear,False,0.0,False,False,0.893,Severe,11.7,71.7,320.5,0.152,0.351,0.951,Heavy congestion detected - signal timing extended and reroute suggested
EVT439286,2025-01-04 10:54:27,Political Rally,J030,MG Road,14221,Weekend,False,Clear,False,0.0,False,False,0.508,Moderate,24.0,36.7,237.0,0.142,0.328,0.962,Moderate traffic flow - standard adaptive signal timing in effect
EVT439287,2025-03-09 16:46:25,Local Market Day,J031,Cubbon Road,3517,Weekend,False,Clear,False,0.0,False,False,0.62,High,19.5,46.1,190.6,0.122,0.283,0.941,Moderate traffic flow - standard adaptive signal timing in effect
EVT439288,2025-09-26 22:24:23,Political Rally,J012,Koramangala Sony World,12568,Weekday,False,Heavy Rain,True,28.8,False,False,0.539,Moderate,29.6,40.7,89.4,0.07,0.161,0.934,Light rain detected - minor speed reduction advised
EVT439289,2026-01-19 10:42:59,Concert,J009,Majestic,21345,Weekday,False,Light Rain,True,0.9,False,False,0.693,High,15.5,49.9,236.8,0.132,0.306,0.928,Heavy rain reducing visibility and grip - reduced speed and longer buffer advised
EVT439290,2026-01-11 19:25:03,Trade Fair,J040,City Market,7576,Weekend,False,Clear,False,0.0,False,False,0.781,Severe,15.9,55.2,400.4,0.211,0.487,0.968,Heavy congestion detected - signal timing extended and reroute suggested
EVT439291,2026-03-31 20:38:27,Political Rally,J012,Koramangala Sony World,12922,Weekday,False,Clear,False,0.0,False,False,0.684,High,18.1,48.3,382.0,0.229,0.529,0.933,Moderate traffic flow - standard adaptive signal timing in effect
EVT439292,2025-11-13 15:47:45,Local Market Day,J020,Malleshwaram Circle,1644,Weekday,False,Fog,False,0.0,False,False,0.313,Low,28.7,23.4,180.0,0.125,0.289,0.941,Moderate traffic flow - standard adaptive signal timing in effect
EVT439293,2025-02-26 18:26:20,Local Market Day,J031,Cubbon Road,3731,Weekday,False,Clear,False,0.0,False,False,1.0,Severe,5.5,71.8,455.0,0.121,0.279,0.915,Heavy congestion detected - signal timing extended and reroute suggested
EVT439294,2026-01-26 21:48:45,Religious Festival,J030,MG Road,36430,Weekday,True,Clear,False,0.0,False,True,0.897,High,10.8,96.0,363.1,0.17,0.392,0.843,Road closure for event/procession - full detour recommended for through-traffic
EVT439295,2026-06-06 16:55:19,Local Market Day,J011,Indiranagar 100ft Road,3351,Weekend,False,Rain,True,19.7,False,False,0.875,Severe,13.9,64.9,408.2,0.197,0.454,0.866,Heavy rain reducing visibility and grip - reduced speed and longer buffer advised
EVT439296,2025-09-29 08:55:01,Sports Fixture,J011,Indiranagar 100ft Road,26732,Weekday,False,Clear,False,0.0,False,False,1.0,Severe,7.4,72.1,427.5,0.14,0.322,0.931,Heavy congestion detected - signal timing extended and reroute suggested
EVT439297,2025-05-18 08:33:31,Concert,J023,Basavanagudi,15393,Weekend,False,Clear,False,0.0,False,False,0.91,Severe,12.0,66.8,160.0,0.084,0.193,0.935,Heavy congestion detected - signal timing extended and reroute suggested
EVT439298,2026-02-02 08:08:41,Local Market Day,J009,Majestic,5926,Weekday,False,Fog,False,0.0,False,False,0.809,Severe,14.9,52.5,408.0,0.211,0.488,0.964,Heavy congestion detected - signal timing extended and reroute suggested
EVT439299,2026-03-06 16:52:00,Local Market Day,J040,City Market,4966,Weekday,False,Clear,False,0.0,False,False,0.675,High,17.2,43.5,176.4,0.102,0.236,0.981,Moderate traffic flow - standard adaptive signal timing in effect
EVT439300,2026-06-20 15:55:15,Concert,J020,Malleshwaram Circle,11676,Weekend,False,Heavy Rain,True,31.6,False,False,0.705,High,20.4,47.9,215.5,0.145,0.335,0.9,Heavy rain reducing visibility and grip - reduced speed and longer buffer advised
EVT439301,2025-06-06 17:14:56,Local Market Day,J020,Malleshwaram Circle,3006,Weekday,False,Heavy Rain,True,33.0,False,False,1.0,Severe,7.8,70.4,987.5,0.304,0.702,0.864,Heavy rain reducing visibility and grip - reduced speed and longer buffer advised
EVT439302,2025-11-25 17:46:24,Trade Fair,J023,Basavanagudi,13460,Weekday,False,Fog,False,0.0,False,False,1.0,Severe,7.1,62.6,544.6,0.144,0.333,0.891,Heavy congestion detected - signal timing extended and reroute suggested
EVT439303,2025-08-13 17:48:55,Trade Fair,J011,Indiranagar 100ft Road,7049,Weekday,False,Clear,False,0.0,False,False,0.988,Severe,7.7,75.9,219.1,0.101,0.232,0.894,Heavy congestion detected - signal timing extended and reroute suggested
EVT439304,2026-01-17 09:37:09,Concert,J040,City Market,12244,Weekend,False,Fog,False,0.0,False,False,0.817,Severe,12.9,58.4,336.6,0.16,0.37,0.964,Heavy congestion detected - signal timing extended and reroute suggested
EVT439305,2025-01-30 09:39:26,Political Rally,J031,Cubbon Road,9480,Weekday,False,Clear,False,0.0,False,False,0.979,Severe,8.4,69.4,446.1,0.166,0.382,0.905,Heavy congestion detected - signal timing extended and reroute suggested
EVT439306,2025-07-13 15:42:33,Concert,J011,Indiranagar 100ft Road,8679,Weekend,False,Heavy Rain,True,41.6,False,False,0.706,High,20.4,65.3,182.1,0.113,0.262,0.891,Heavy rain reducing visibility and grip - reduced speed and longer buffer advised
EVT439307,2026-05-25 04:23:29,Sports Fixture,J030,MG Road,31348,Weekday,False,Clear,False,0.0,False,False,0.335,Low,31.3,23.2,74.7,0.068,0.158,0.989,Moderate traffic flow - standard adaptive signal timing in effect
EVT439308,2025-01-17 19:17:46,Local Market Day,J040,City Market,6915,Weekday,False,Clear,False,0.0,False,False,0.942,Severe,9.5,67.7,615.6,0.246,0.569,0.922,Heavy congestion detected - signal timing extended and reroute suggested
EVT439309,2025-09-06 11:49:32,Religious Festival,J030,MG Road,51540,Weekend,True,Heavy Rain,True,73.2,False,False,1.0,Severe,7.1,64.8,656.9,0.199,0.46,0.803,Festival crowd surge detected - alternate route and extended cycle recommended
EVT439310,2025-03-14 16:57:55,Religious Festival,J020,Malleshwaram Circle,46936,Weekday,True,Clear,False,0.0,False,True,1.0,Severe,9.3,99.4,465.2,0.199,0.459,0.794,Road closure for event/procession - full detour recommended for through-traffic
EVT439311,2025-01-19 07:10:31,Concert,J030,MG Road,12758,Weekend,False,Clear,False,0.0,False,False,0.531,Moderate,23.3,39.1,220.6,0.159,0.367,0.99,Moderate traffic flow - standard adaptive signal timing in effect
EVT439312,2026-06-21 08:05:07,Local Market Day,J012,Koramangala Sony World,7594,Weekend,False,Heavy Rain,True,28.6,False,False,1.0,Severe,8.4,70.3,299.6,0.119,0.275,0.865,Heavy rain reducing visibility and grip - reduced speed and longer buffer advised
EVT439313,2026-04-08 06:24:00,Sports Fixture,J030,MG Road,15389,Weekday,False,Clear,False,0.0,False,False,0.447,Moderate,27.2,27.1,217.8,0.182,0.42,0.961,Moderate traffic flow - standard adaptive signal timing in effect
EVT439314,2026-03-28 08:41:58,Trade Fair,J012,Koramangala Sony World,9243,Weekend,False,Clear,False,0.0,False,False,0.889,Severe,11.9,59.6,366.2,0.19,0.44,0.939,Heavy congestion detected - signal timing extended and reroute suggested
EVT439315,2025-10-09 17:51:11,Sports Fixture,J012,Koramangala Sony World,20922,Weekday,False,Light Rain,True,5.0,False,False,1.0,Severe,9.0,68.2,802.8,0.269,0.621,0.867,Heavy rain reducing visibility and grip - reduced speed and longer buffer advised
EVT439316,2025-07-06 17:14:57,Sports Fixture,J040,City Market,34000,Weekend,False,Rain,True,20.7,False,False,1.0,Severe,6.8,63.7,867.4,0.255,0.589,0.87,Heavy rain reducing visibility and grip - reduced speed and longer buffer advised
EVT439317,2025-12-13 07:43:16,Local Market Day,J031,Cubbon Road,5056,Weekend,False,Clear,False,0.0,False,False,0.544,Moderate,27.4,37.3,136.8,0.11,0.253,0.966,Moderate traffic flow - standard adaptive signal timing in effect
EVT439318,2026-02-05 12:24:24,Sports Fixture,J040,City Market,23662,Weekday,False,Clear,False,0.0,False,False,0.303,Low,36.3,18.8,110.1,0.104,0.241,0.952,Moderate traffic flow - standard adaptive signal timing in effect
EVT439319,2026-02-13 08:09:11,Trade Fair,J020,Malleshwaram Circle,6865,Weekday,False,Clear,False,0.0,False,False,0.904,Severe,12.3,62.8,349.8,0.162,0.374,0.904,Heavy congestion detected - signal timing extended and reroute suggested
EVT439320,2025-06-26 11:10:22,Concert,J030,MG Road,14825,Weekday,False,Heavy Rain,True,38.6,False,False,0.821,Severe,12.6,53.5,190.2,0.091,0.21,0.898,Heavy rain reducing visibility and grip - reduced speed and longer buffer advised
EVT439321,2026-02-16 21:07:55,Concert,J020,Malleshwaram Circle,8889,Weekday,False,Clear,False,0.0,False,False,0.33,Low,24.5,28.8,121.9,0.085,0.196,0.966,Moderate traffic flow - standard adaptive signal timing in effect
EVT439322,2026-04-18 09:02:20,Trade Fair,J020,Malleshwaram Circle,10433,Weekend,False,Clear,False,0.0,False,False,0.909,Severe,11.6,62.0,453.1,0.191,0.441,0.944,Heavy congestion detected - signal timing extended and reroute suggested
EVT439323,2025-03-28 14:52:51,Sports Fixture,J031,Cubbon Road,38916,Weekday,False,Fog,False,0.0,False,False,0.518,Moderate,18.4,32.6,153.9,0.093,0.215,0.954,Moderate traffic flow - standard adaptive signal timing in effect
EVT439324,2025-03-25 12:25:39,Trade Fair,J009,Majestic,12174,Weekday,False,Clear,False,0.0,False,False,0.265,Low,35.9,9.5,89.4,0.089,0.205,0.945,Moderate traffic flow - standard adaptive signal timing in effect
EVT439325,2025-06-19 18:45:22,Local Market Day,J031,Cubbon Road,3010,Weekday,False,Clear,False,0.0,False,False,1.0,Severe,8.2,66.5,853.4,0.288,0.666,0.924,Heavy congestion detected - signal timing extended and reroute suggested
EVT439326,2025-07-14 19:57:04,Local Market Day,J030,MG Road,5215,Weekday,False,Clear,False,0.0,False,False,0.698,High,18.6,47.0,245.7,0.13,0.3,0.954,Moderate traffic flow - standard adaptive signal timing in effect
EVT439327,2025-09-18 15:41:48,Political Rally,J011,Indiranagar 100ft Road,9523,Weekday,False,Clear,False,0.0,False,False,0.383,Moderate,23.3,28.2,174.5,0.116,0.268,0.959,Moderate traffic flow - standard adaptive signal timing in effect
EVT439328,2025-07-05 09:22:47,Sports Fixture,J020,Malleshwaram Circle,40465,Weekend,False,Heavy Rain,True,43.3,False,False,1.0,Severe,8.6,67.7,910.4,0.315,0.728,0.857,Heavy rain reducing visibility and grip - reduced speed and longer buffer advised
EVT439329,2026-06-03 15:45:35,Local Market Day,J020,Malleshwaram Circle,5017,Weekday,False,Heavy Rain,True,29.5,False,False,0.63,High,19.1,44.8,274.7,0.178,0.41,0.913,Heavy rain reducing visibility and grip - reduced speed and longer buffer advised
EVT439330,2026-02-07 17:11:59,Sports Fixture,J012,Koramangala Sony World,16036,Weekend,False,Clear,False,0.0,False,False,0.66,High,13.1,41.6,458.0,0.206,0.475,0.95,Moderate traffic flow - standard adaptive signal timing in effect
EVT439331,2025-01-25 12:01:55,Trade Fair,J009,Majestic,4806,Weekend,False,Clear,False,0.0,False,False,0.252,Low,27.9,17.2,131.5,0.096,0.222,0.986,Moderate traffic flow - standard adaptive signal timing in effect
EVT439332,2025-05-19 15:09:52,Local Market Day,J031,Cubbon Road,3783,Weekday,False,Light Rain,True,0.6,False,False,0.345,Low,25.4,27.6,182.2,0.137,0.317,0.923,Light rain detected - minor speed reduction advised
EVT439333,2026-06-04 16:57:14,Trade Fair,J023,Basavanagudi,3243,Weekday,False,Heavy Rain,True,64.0,False,False,1.0,Severe,8.6,75.1,423.5,0.151,0.35,0.886,Heavy rain reducing visibility and grip - reduced speed and longer buffer advised
EVT439334,2025-07-02 07:44:41,Trade Fair,J031,Cubbon Road,10649,Weekday,False,Heavy Rain,True,69.5,False,False,1.0,Severe,8.4,69.8,577.7,0.197,0.455,0.86,Heavy rain reducing visibility and grip - reduced speed and longer buffer advised
EVT439335,2025-01-11 13:07:33,Concert,J023,Basavanagudi,9714,Weekend,False,Clear,False,0.0,False,False,0.378,Moderate,32.4,23.7,177.7,0.148,0.341,0.97,Moderate traffic flow - standard adaptive signal timing in effect
EVT439336,2025-12-05 18:03:06,Sports Fixture,J023,Basavanagudi,32462,Weekday,False,Clear,False,0.0,False,False,1.0,Severe,7.8,67.2,517.4,0.179,0.413,0.918,Heavy congestion detected - signal timing extended and reroute suggested
EVT439337,2025-01-23 09:39:23,Local Market Day,J020,Malleshwaram Circle,4513,Weekday,False,Light Rain,True,2.9,False,False,1.0,Severe,9.1,74.3,361.7,0.136,0.315,0.878,Heavy rain reducing visibility and grip - reduced speed and longer buffer advised
EVT439338,2025-10-09 18:39:39,Political Rally,J030,MG Road,21641,Weekday,False,Clear,False,0.0,False,False,1.0,Severe,8.6,68.5,504.6,0.185,0.427,0.907,Heavy congestion detected - signal timing extended and reroute suggested
EVT439339,2025-12-18 18:01:47,Local Market Day,J012,Koramangala Sony World,3907,Weekday,False,Clear,False,0.0,False,False,1.0,Severe,8.3,69.8,509.2,0.183,0.424,0.9,Heavy congestion detected - signal timing extended and reroute suggested
EVT439340,2026-03-06 13:13:34,Local Market Day,J030,MG Road,3386,Weekday,False,Clear,False,0.0,False,False,0.163,Low,38.0,12.1,115.7,0.112,0.258,0.942,Normal free-flow traffic - standard signal timing maintained
EVT439341,2025-08-27 15:41:59,Cultural Procession,J011,Indiranagar 100ft Road,30232,Weekday,True,Rain,True,14.8,False,True,1.0,Severe,9.5,97.5,532.1,0.217,0.501,0.791,Road closure for event/procession - full detour recommended for through-traffic
EVT439342,2026-06-18 16:51:10,Sports Fixture,J031,Cubbon Road,33963,Weekday,False,Heavy Rain,True,29.0,False,False,1.0,Severe,8.3,70.4,620.3,0.216,0.498,0.855,Heavy rain reducing visibility and grip - reduced speed and longer buffer advised
EVT439343,2025-09-12 11:23:09,Sports Fixture,J023,Basavanagudi,19681,Weekday,False,Clear,False,0.0,False,False,0.394,Moderate,26.9,28.9,186.1,0.134,0.309,0.964,Moderate traffic flow - standard adaptive signal timing in effect
EVT439344,2025-02-03 00:06:17,Local Market Day,J011,Indiranagar 100ft Road,6272,Weekday,False,Clear,False,0.0,False,False,0.227,Low,36.5,10.6,79.0,0.071,0.165,0.985,Normal free-flow traffic - standard signal timing maintained
EVT439345,2025-11-30 17:37:43,Political Rally,J009,Majestic,11324,Weekend,False,Clear,False,0.0,False,False,0.749,High,12.1,56.3,437.4,0.173,0.4,0.979,Moderate traffic flow - standard adaptive signal timing in effect
EVT439346,2025-12-05 11:03:45,Political Rally,J009,Majestic,25619,Weekday,False,Clear,False,0.0,False,False,0.506,Moderate,25.5,41.8,130.5,0.085,0.197,0.956,Moderate traffic flow - standard adaptive signal timing in effect
EVT439347,2026-06-13 19:11:44,Sports Fixture,J031,Cubbon Road,32017,Weekend,False,Rain,True,22.5,False,False,1.0,Severe,7.3,79.7,868.5,0.274,0.634,0.887,Heavy rain reducing visibility and grip - reduced speed and longer buffer advised
EVT439348,2026-02-09 12:52:45,Political Rally,J020,Malleshwaram Circle,24189,Weekday,False,Clear,False,0.0,False,False,0.266,Low,30.2,18.3,124.6,0.096,0.222,0.96,Moderate traffic flow - standard adaptive signal timing in effect
EVT439349,2025-04-16 19:26:40,Local Market Day,J023,Basavanagudi,3405,Weekday,False,Clear,False,0.0,False,False,0.868,Severe,11.7,62.5,350.6,0.157,0.364,0.914,Heavy congestion detected - signal timing extended and reroute suggested
EVT439350,2025-05-11 17:52:52,Local Market Day,J012,Koramangala Sony World,3798,Weekend,False,Clear,False,0.0,False,False,0.869,Severe,14.5,62.2,416.6,0.239,0.552,0.942,Heavy congestion detected - signal timing extended and reroute suggested
EVT439351,2026-02-23 11:53:55,Concert,J031,Cubbon Road,12379,Weekday,False,Fog,False,0.0,False,False,0.336,Low,27.0,21.7,165.3,0.125,0.288,0.99,Moderate traffic flow - standard adaptive signal timing in effect
EVT439352,2025-10-17 14:51:09,Sports Fixture,J012,Koramangala Sony World,28478,Weekday,False,Clear,False,0.0,False,False,0.392,Moderate,25.4,28.1,83.4,0.065,0.15,0.948,Moderate traffic flow - standard adaptive signal timing in effect
EVT439353,2026-06-29 13:01:11,Political Rally,J012,Koramangala Sony World,11367,Weekday,False,Heavy Rain,True,25.8,False,False,0.552,High,21.5,47.2,237.7,0.123,0.284,0.902,Heavy rain reducing visibility and grip - reduced speed and longer buffer advised
EVT439354,2026-02-20 10:25:40,Sports Fixture,J023,Basavanagudi,21652,Weekday,False,Fog,False,0.0,False,False,0.747,High,17.5,57.0,235.6,0.15,0.347,0.974,Moderate traffic flow - standard adaptive signal timing in effect
EVT439355,2025-07-12 10:15:19,Concert,J009,Majestic,13469,Weekend,False,Clear,False,0.0,False,False,0.686,High,16.6,45.2,263.9,0.152,0.35,0.967,Moderate traffic flow - standard adaptive signal timing in effect
EVT439356,2025-01-02 16:27:32,Sports Fixture,J023,Basavanagudi,22600,Weekday,False,Clear,False,0.0,False,False,0.66,High,20.2,44.8,391.3,0.224,0.517,0.95,Moderate traffic flow - standard adaptive signal timing in effect
EVT439357,2025-01-28 13:20:44,Concert,J012,Koramangala Sony World,15702,Weekday,False,Clear,False,0.0,True,False,0.615,High,19.6,44.3,284.4,0.163,0.376,0.789,Accident detected nearby - reroute and reduced speed advised
EVT439358,2026-05-25 21:02:38,Political Rally,J011,Indiranagar 100ft Road,25862,Weekday,False,Clear,False,0.0,False,False,0.483,Moderate,23.8,33.2,168.5,0.103,0.239,0.947,Moderate traffic flow - standard adaptive signal timing in effect
EVT439359,2026-03-09 19:14:17,Sports Fixture,J011,Indiranagar 100ft Road,29543,Weekday,False,Clear,False,0.0,False,False,1.0,Severe,9.4,68.3,495.5,0.193,0.447,0.924,Heavy congestion detected - signal timing extended and reroute suggested
EVT439360,2026-06-11 05:26:46,Trade Fair,J030,MG Road,6037,Weekday,False,Light Rain,True,1.8,False,False,0.305,Low,32.1,23.3,158.1,0.143,0.33,0.927,Light rain detected - minor speed reduction advised
EVT439361,2025-01-23 20:13:53,Political Rally,J012,Koramangala Sony World,13165,Weekday,False,Clear,False,0.0,False,False,0.661,High,22.7,52.2,197.5,0.141,0.326,0.976,Moderate traffic flow - standard adaptive signal timing in effect
EVT439362,2025-04-13 20:25:19,Concert,J031,Cubbon Road,10678,Weekend,False,Clear,False,0.0,False,False,0.579,High,22.9,41.2,375.9,0.287,0.663,0.968,Moderate traffic flow - standard adaptive signal timing in effect
EVT439363,2026-01-04 08:29:34,Local Market Day,J011,Indiranagar 100ft Road,3977,Weekend,False,Clear,False,0.0,False,False,0.8,Severe,17.5,61.0,317.5,0.202,0.468,0.951,Heavy congestion detected - signal timing extended and reroute suggested
EVT439364,2025-01-17 16:33:37,Sports Fixture,J023,Basavanagudi,32016,Weekday,False,Clear,False,0.0,False,False,0.744,High,17.5,53.3,270.8,0.173,0.399,0.969,Moderate traffic flow - standard adaptive signal timing in effect
EVT439365,2026-03-30 11:54:58,Local Market Day,J012,Koramangala Sony World,3739,Weekday,False,Clear,False,0.0,False,False,0.287,Low,32.0,19.5,54.5,0.046,0.107,0.952,Moderate traffic flow - standard adaptive signal timing in effect
EVT439366,2025-09-25 10:23:39,Local Market Day,J023,Basavanagudi,4479,Weekday,False,Light Rain,True,5.4,False,False,0.752,Severe,17.0,56.2,261.4,0.148,0.341,0.907,Heavy rain reducing visibility and grip - reduced speed and longer buffer advised
EVT439367,2026-06-24 19:08:27,Concert,J012,Koramangala Sony World,14308,Weekday,False,Clear,False,0.0,False,False,0.952,Severe,9.8,68.5,577.2,0.236,0.546,0.926,Heavy congestion detected - signal timing extended and reroute suggested
EVT439368,2025-10-28 12:20:13,Local Market Day,J011,Indiranagar 100ft Road,4547,Weekday,False,Fog,False,0.0,False,False,0.238,Low,29.8,15.7,142.5,0.131,0.303,0.965,Normal free-flow traffic - standard signal timing maintained
EVT439369,2025-07-27 18:37:41,Sports Fixture,J009,Majestic,16358,Weekend,False,Rain,True,22.4,False,False,1.0,Severe,8.9,67.1,217.8,0.079,0.183,0.879,Heavy rain reducing visibility and grip - reduced speed and longer buffer advised
EVT439370,2025-05-03 09:51:43,Concert,J023,Basavanagudi,14592,Weekend,False,Clear,False,0.0,False,False,0.825,Severe,17.1,51.3,274.8,0.164,0.38,0.947,Heavy congestion detected - signal timing extended and reroute suggested
EVT439371,2025-07-31 09:22:49,Concert,J023,Basavanagudi,8151,Weekday,False,Clear,False,0.0,False,False,0.979,Severe,8.7,71.4,309.9,0.121,0.279,0.921,Heavy congestion detected - signal timing extended and reroute suggested
EVT439372,2026-01-14 19:33:43,Fireworks Display,J009,Majestic,17194,Weekday,True,Fog,False,0.0,False,False,1.0,Severe,7.7,77.9,739.2,0.248,0.573,0.871,Festival crowd surge detected - alternate route and extended cycle recommended
EVT439373,2026-01-31 21:44:08,Sports Fixture,J030,MG Road,30637,Weekend,False,Fog,False,0.0,False,False,0.504,Moderate,26.4,37.7,223.4,0.169,0.391,0.929,Moderate traffic flow - standard adaptive signal timing in effect
EVT439374,2026-05-13 17:20:33,Concert,J011,Indiranagar 100ft Road,11181,Weekday,False,Clear,False,0.0,False,False,0.835,Severe,14.5,55.7,493.7,0.248,0.573,0.94,Heavy congestion detected - signal timing extended and reroute suggested
EVT439375,2025-08-16 18:35:01,Religious Festival,J040,City Market,42679,Weekend,True,Light Rain,True,3.2,False,False,1.0,Severe,9.1,72.7,640.3,0.24,0.555,0.814,Festival crowd surge detected - alternate route and extended cycle recommended
EVT439376,2026-04-27 11:29:32,Trade Fair,J040,City Market,14573,Weekday,False,Clear,False,0.0,False,False,0.414,Moderate,25.4,26.8,229.9,0.162,0.375,0.965,Moderate traffic flow - standard adaptive signal timing in effect
EVT439377,2025-04-25 10:46:48,Trade Fair,J009,Majestic,20576,Weekday,False,Clear,False,0.0,False,False,0.685,High,22.5,46.2,193.7,0.145,0.334,0.955,Moderate traffic flow - standard adaptive signal timing in effect
EVT439378,2025-06-04 09:24:25,Concert,J012,Koramangala Sony World,9947,Weekday,False,Light Rain,True,0.5,False,False,1.0,Severe,6.6,69.1,884.2,0.243,0.562,0.864,Heavy rain reducing visibility and grip - reduced speed and longer buffer advised
EVT439379,2025-09-12 19:20:32,Political Rally,J011,Indiranagar 100ft Road,27192,Weekday,False,Clear,False,0.0,False,False,0.943,Severe,11.4,62.3,355.0,0.175,0.404,0.93,Heavy congestion detected - signal timing extended and reroute suggested
EVT439380,2025-05-25 16:24:03,Local Market Day,J031,Cubbon Road,2357,Weekend,False,Clear,False,0.0,False,False,0.546,Moderate,19.5,36.2,327.9,0.195,0.449,0.973,Moderate traffic flow - standard adaptive signal timing in effect
EVT439381,2025-10-10 06:07:14,Local Market Day,J009,Majestic,2578,Weekday,False,Clear,False,0.0,False,False,0.267,Low,31.4,20.7,106.1,0.074,0.171,0.985,Moderate traffic flow - standard adaptive signal timing in effect
EVT439382,2025-02-17 16:58:23,Trade Fair,J009,Majestic,10564,Weekday,False,Clear,False,0.0,False,False,0.68,High,18.9,51.1,284.4,0.188,0.435,0.958,Moderate traffic flow - standard adaptive signal timing in effect
EVT439383,2026-01-26 16:03:56,Cultural Procession,J023,Basavanagudi,23916,Weekday,True,Clear,False,0.0,False,True,0.924,Severe,14.0,101.2,471.2,0.239,0.552,0.845,Road closure for event/procession - full detour recommended for through-traffic
EVT439384,2025-03-13 22:23:41,Sports Fixture,J023,Basavanagudi,25130,Weekday,False,Clear,False,0.0,False,False,0.357,Moderate,29.5,24.5,116.4,0.083,0.192,0.971,Moderate traffic flow - standard adaptive signal timing in effect
EVT439385,2025-08-01 19:00:44,Trade Fair,J009,Majestic,7827,Weekday,False,Heavy Rain,True,65.0,False,False,1.0,Severe,10.5,75.6,389.7,0.143,0.331,0.848,Heavy rain reducing visibility and grip - reduced speed and longer buffer advised
EVT439386,2025-06-15 18:48:16,Local Market Day,J040,City Market,4965,Weekend,False,Clear,False,0.0,False,False,0.868,Severe,8.9,58.1,185.9,0.071,0.163,0.957,Heavy congestion detected - signal timing extended and reroute suggested
EVT439387,2025-01-02 10:00:28,Local Market Day,J009,Majestic,7007,Weekday,False,Clear,False,0.0,False,False,0.879,Severe,14.7,64.5,415.5,0.211,0.487,0.965,Heavy congestion detected - signal timing extended and reroute suggested
EVT439388,2026-04-07 08:16:18,Sports Fixture,J030,MG Road,25075,Weekday,False,Clear,False,0.0,False,False,1.0,Severe,9.6,74.9,513.6,0.177,0.41,0.902,Heavy congestion detected - signal timing extended and reroute suggested
EVT439389,2025-01-08 11:03:21,Political Rally,J031,Cubbon Road,10870,Weekday,False,Clear,False,0.0,False,False,0.497,Moderate,25.0,36.6,164.8,0.116,0.267,0.99,Moderate traffic flow - standard adaptive signal timing in effect
EVT439390,2025-07-10 07:37:41,Local Market Day,J011,Indiranagar 100ft Road,4007,Weekday,False,Clear,False,0.0,False,False,0.62,High,24.5,48.7,298.1,0.218,0.502,0.93,Moderate traffic flow - standard adaptive signal timing in effect
EVT439391,2025-04-04 12:38:51,Local Market Day,J031,Cubbon Road,4070,Weekday,False,Clear,False,0.0,False,False,0.243,Low,23.7,12.2,121.5,0.072,0.166,0.987,Normal free-flow traffic - standard signal timing maintained
EVT439392,2026-06-26 16:10:08,Local Market Day,J011,Indiranagar 100ft Road,4031,Weekday,False,Rain,True,17.5,False,False,0.708,High,16.7,47.5,274.1,0.15,0.347,0.91,Heavy rain reducing visibility and grip - reduced speed and longer buffer advised
EVT439393,2025-04-27 14:58:08,Sports Fixture,J030,MG Road,21054,Weekend,False,Clear,False,0.0,False,False,0.37,Moderate,24.1,25.3,219.1,0.152,0.352,0.96,Moderate traffic flow - standard adaptive signal timing in effect
EVT439394,2025-10-06 12:59:32,Sports Fixture,J009,Majestic,14319,Weekday,False,Rain,True,15.5,False,False,0.431,Moderate,24.5,33.6,124.5,0.081,0.186,0.901,Light rain detected - minor speed reduction advised
EVT439395,2025-01-23 18:41:15,Local Market Day,J040,City Market,5956,Weekday,False,Clear,False,0.0,False,False,1.0,Severe,7.2,70.5,630.1,0.195,0.449,0.907,Heavy congestion detected - signal timing extended and reroute suggested
EVT439396,2026-05-26 18:05:10,Local Market Day,J009,Majestic,4603,Weekday,False,Rain,True,17.6,False,False,1.0,Severe,7.6,71.6,795.2,0.241,0.556,0.861,Heavy rain reducing visibility and grip - reduced speed and longer buffer advised
EVT439397,2025-10-01 07:57:16,Concert,J040,City Market,11665,Weekday,False,Clear,False,0.0,False,False,0.832,Severe,17.8,57.6,265.2,0.151,0.349,0.95,Heavy congestion detected - signal timing extended and reroute suggested
EVT439398,2026-03-17 10:55:56,Sports Fixture,J030,MG Road,20639,Weekday,False,Clear,False,0.0,False,False,0.555,High,27.9,34.7,103.3,0.079,0.183,0.956,Moderate traffic flow - standard adaptive signal timing in effect
EVT439399,2025-01-14 17:44:46,Fireworks Display,J030,MG Road,35540,Weekday,True,Clear,False,0.0,False,False,1.0,Severe,9.2,70.5,602.7,0.233,0.537,0.853,Festival crowd surge detected - alternate route and extended cycle recommended
EVT439400,2025-02-15 12:10:14,Local Market Day,J020,Malleshwaram Circle,4456,Weekend,False,Clear,False,0.0,False,False,0.229,Low,35.4,13.0,115.3,0.095,0.219,0.985,Normal free-flow traffic - standard signal timing maintained
EVT439401,2025-02-10 14:59:13,Concert,J040,City Market,7939,Weekday,False,Clear,False,0.0,False,False,0.387,Moderate,24.3,29.8,198.1,0.138,0.318,0.978,Moderate traffic flow - standard adaptive signal timing in effect
EVT439402,2025-06-29 18:34:19,Sports Fixture,J023,Basavanagudi,14941,Weekend,False,Heavy Rain,True,30.1,False,False,1.0,Severe,10.2,70.5,234.6,0.118,0.273,0.887,Heavy rain reducing visibility and grip - reduced speed and longer buffer advised
EVT439403,2025-01-28 16:15:06,Trade Fair,J020,Malleshwaram Circle,7649,Weekday,False,Clear,False,0.0,False,False,0.456,Moderate,27.7,34.8,160.6,0.129,0.298,0.979,Moderate traffic flow - standard adaptive signal timing in effect
EVT439404,2025-06-24 09:23:33,Sports Fixture,J023,Basavanagudi,17014,Weekday,False,Fog,False,0.0,False,False,1.0,Severe,9.1,72.6,476.3,0.187,0.433,0.914,Heavy congestion detected - signal timing extended and reroute suggested
EVT439405,2025-04-03 09:51:18,Concert,J023,Basavanagudi,10125,Weekday,False,Clear,False,0.0,False,False,0.864,Severe,12.2,62.3,666.2,0.279,0.646,0.932,Heavy congestion detected - signal timing extended and reroute suggested
EVT439406,2025-05-23 12:16:36,Local Market Day,J040,City Market,6499,Weekday,False,Clear,False,0.0,False,False,0.272,Low,35.2,24.2,140.5,0.125,0.289,0.959,Moderate traffic flow - standard adaptive signal timing in effect
EVT439407,2026-03-10 08:48:50,Concert,J031,Cubbon Road,6259,Weekday,False,Fog,False,0.0,False,False,1.0,Severe,7.1,80.4,802.6,0.223,0.514,0.919,Heavy congestion detected - signal timing extended and reroute suggested
EVT439408,2025-08-21 12:40:01,Local Market Day,J023,Basavanagudi,3463,Weekday,False,Clear,False,0.0,False,False,0.275,Low,32.6,25.6,160.1,0.13,0.301,0.938,Moderate traffic flow - standard adaptive signal timing in effect
EVT439409,2025-02-16 10:14:08,Concert,J031,Cubbon Road,8590,Weekend,False,Clear,False,0.0,False,False,0.637,High,22.1,44.0,204.0,0.143,0.33,0.97,Moderate traffic flow - standard adaptive signal timing in effect
EVT439410,2026-03-04 11:05:44,Cultural Procession,J023,Basavanagudi,14772,Weekday,True,Clear,False,0.0,False,True,0.852,High,13.2,82.7,374.2,0.215,0.497,0.864,Road closure for event/procession - full detour recommended for through-traffic
EVT439411,2025-01-11 08:42:41,Local Market Day,J031,Cubbon Road,5138,Weekend,False,Clear,False,0.0,False,False,0.858,Severe,11.6,64.1,460.2,0.193,0.446,0.944,Heavy congestion detected - signal timing extended and reroute suggested
EVT439412,2026-05-27 14:33:16,Concert,J012,Koramangala Sony World,12090,Weekday,False,Clear,False,0.0,False,False,0.273,Low,31.7,17.1,128.8,0.11,0.254,0.953,Moderate traffic flow - standard adaptive signal timing in effect
EVT439413,2026-03-29 18:48:38,Concert,J011,Indiranagar 100ft Road,5379,Weekend,False,Clear,False,0.0,False,False,0.901,Severe,11.1,63.1,430.8,0.189,0.437,0.918,Heavy congestion detected - signal timing extended and reroute suggested
EVT439414,2025-02-22 18:13:39,Trade Fair,J040,City Market,9269,Weekend,False,Clear,False,0.0,False,False,0.92,Severe,12.9,76.3,367.5,0.202,0.467,0.914,Heavy congestion detected - signal timing extended and reroute suggested
EVT439415,2025-11-18 09:41:05,Local Market Day,J011,Indiranagar 100ft Road,3170,Weekday,False,Clear,False,0.0,False,False,0.9,Severe,8.8,67.8,637.8,0.205,0.472,0.909,Heavy congestion detected - signal timing extended and reroute suggested
EVT439416,2025-04-10 13:15:42,Local Market Day,J009,Majestic,3517,Weekday,False,Clear,False,0.0,False,False,0.165,Low,36.4,12.0,129.3,0.112,0.26,0.974,Normal free-flow traffic - standard signal timing maintained
EVT439417,2025-06-23 08:29:50,Local Market Day,J031,Cubbon Road,3024,Weekday,False,Rain,True,15.2,False,False,1.0,Severe,10.1,74.0,447.3,0.193,0.446,0.852,Heavy rain reducing visibility and grip - reduced speed and longer buffer advised
EVT439418,2025-12-11 11:56:52,Concert,J040,City Market,10262,Weekday,False,Clear,False,0.0,False,False,0.343,Low,25.1,22.5,174.4,0.119,0.275,0.954,Moderate traffic flow - standard adaptive signal timing in effect
EVT439419,2025-03-10 23:35:53,Local Market Day,J040,City Market,4632,Weekday,False,Clear,False,0.0,False,False,0.164,Low,41.1,2.0,134.3,0.143,0.331,0.955,Normal free-flow traffic - standard signal timing maintained
EVT439420,2025-01-19 09:54:39,Sports Fixture,J012,Koramangala Sony World,37431,Weekend,False,Clear,False,0.0,False,False,1.0,Severe,10.1,71.4,349.7,0.143,0.331,0.92,Heavy congestion detected - signal timing extended and reroute suggested
EVT439421,2025-10-05 20:24:24,Local Market Day,J023,Basavanagudi,3596,Weekend,False,Rain,True,12.5,False,False,0.8,Severe,16.4,52.8,187.7,0.094,0.217,0.895,Heavy rain reducing visibility and grip - reduced speed and longer buffer advised
EVT439422,2026-05-23 17:19:28,Sports Fixture,J011,Indiranagar 100ft Road,19095,Weekend,False,Rain,True,16.3,False,False,0.945,Severe,11.9,67.5,351.4,0.178,0.411,0.844,Heavy rain reducing visibility and grip - reduced speed and longer buffer advised
EVT439423,2026-05-25 22:04:37,Sports Fixture,J012,Koramangala Sony World,24019,Weekday,False,Clear,False,0.0,False,False,0.402,Moderate,25.7,27.2,211.0,0.152,0.351,0.966,Moderate traffic flow - standard adaptive signal timing in effect
EVT439424,2025-08-25 15:40:31,Local Market Day,J011,Indiranagar 100ft Road,7924,Weekday,False,Clear,False,0.0,False,False,0.334,Low,23.9,25.8,263.1,0.169,0.391,0.983,Moderate traffic flow - standard adaptive signal timing in effect
EVT439425,2025-04-09 09:56:30,Local Market Day,J020,Malleshwaram Circle,9339,Weekday,False,Clear,False,0.0,False,False,0.902,Severe,11.1,63.8,534.2,0.191,0.441,0.898,Heavy congestion detected - signal timing extended and reroute suggested
EVT439426,2026-02-01 21:05:03,Local Market Day,J023,Basavanagudi,3043,Weekend,False,Clear,False,0.0,False,False,0.358,Moderate,28.8,26.2,174.1,0.148,0.342,0.953,Moderate traffic flow - standard adaptive signal timing in effect
EVT439427,2025-03-20 22:09:42,Trade Fair,J031,Cubbon Road,12591,Weekday,False,Clear,False,0.0,False,False,0.347,Low,27.4,22.7,201.0,0.154,0.355,0.984,Moderate traffic flow - standard adaptive signal timing in effect
EVT439428,2025-06-04 17:29:56,Local Market Day,J023,Basavanagudi,3636,Weekday,False,Clear,False,0.0,False,False,0.862,Severe,10.2,67.3,559.3,0.236,0.545,0.949,Heavy congestion detected - signal timing extended and reroute suggested
EVT439429,2025-11-21 08:23:01,Local Market Day,J023,Basavanagudi,3636,Weekday,False,Clear,False,0.0,False,False,0.911,Severe,9.7,64.5,359.9,0.132,0.304,0.937,Heavy congestion detected - signal timing extended and reroute suggested
EVT439430,2026-06-08 08:16:20,Political Rally,J012,Koramangala Sony World,12510,Weekday,False,Rain,True,24.5,False,False,1.0,Severe,10.9,67.5,490.6,0.221,0.511,0.878,Heavy rain reducing visibility and grip - reduced speed and longer buffer advised
EVT439431,2025-06-02 15:34:42,Concert,J009,Majestic,6579,Weekday,False,Heavy Rain,True,43.5,False,False,0.763,Severe,16.0,53.4,315.7,0.2,0.461,0.906,Heavy rain reducing visibility and grip - reduced speed and longer buffer advised
EVT439432,2025-12-16 08:04:59,Concert,J023,Basavanagudi,15853,Weekday,False,Clear,False,0.0,False,False,0.906,Severe,10.7,61.2,636.0,0.256,0.592,0.924,Heavy congestion detected - signal timing extended and reroute suggested
EVT439433,2026-05-25 21:31:40,Trade Fair,J011,Indiranagar 100ft Road,11099,Weekday,False,Rain,True,18.3,False,False,0.439,Moderate,23.5,27.5,130.2,0.084,0.195,0.901,Light rain detected - minor speed reduction advised
EVT439434,2026-01-04 19:14:55,Trade Fair,J020,Malleshwaram Circle,11100,Weekend,False,Clear,False,0.0,False,False,0.876,Severe,13.0,60.1,476.0,0.235,0.543,0.938,Heavy congestion detected - signal timing extended and reroute suggested
EVT439435,2026-03-26 22:04:02,Religious Festival,J020,Malleshwaram Circle,31336,Weekday,True,Clear,False,0.0,False,False,0.675,High,23.2,44.1,190.2,0.126,0.29,0.918,Festival crowd surge detected - alternate route and extended cycle recommended
EVT439436,2025-12-22 10:18:20,Concert,J012,Koramangala Sony World,9078,Weekday,False,Clear,False,0.0,False,False,0.771,Severe,16.0,54.3,219.5,0.118,0.273,0.961,Heavy congestion detected - signal timing extended and reroute suggested
EVT439437,2026-06-08 11:18:23,Political Rally,J012,Koramangala Sony World,9843,Weekday,False,Clear,False,0.0,False,False,0.297,Low,24.4,23.4,187.1,0.111,0.256,0.965,Moderate traffic flow - standard adaptive signal timing in effect
EVT439438,2025-07-05 09:12:51,Sports Fixture,J012,Koramangala Sony World,23253,Weekend,False,Heavy Rain,True,81.3,False,False,1.0,Severe,9.4,70.6,682.6,0.238,0.549,0.866,Heavy rain reducing visibility and grip - reduced speed and longer buffer advised
EVT439439,2025-07-24 16:15:59,Sports Fixture,J030,MG Road,16726,Weekday,False,Clear,False,0.0,False,False,0.608,High,22.4,41.0,176.7,0.136,0.314,0.953,Moderate traffic flow - standard adaptive signal timing in effect
EVT439440,2025-03-08 17:52:25,Sports Fixture,J030,MG Road,18480,Weekend,False,Clear,False,0.0,False,False,0.838,Severe,13.6,63.4,268.0,0.139,0.321,0.965,Heavy congestion detected - signal timing extended and reroute suggested
EVT439441,2025-11-23 16:56:19,Trade Fair,J009,Majestic,10352,Weekend,False,Clear,False,0.0,False,False,0.633,High,20.2,47.1,161.9,0.106,0.244,0.964,Moderate traffic flow - standard adaptive signal timing in effect
EVT439442,2025-01-04 20:19:58,Trade Fair,J012,Koramangala Sony World,8739,Weekend,False,Clear,False,0.0,False,False,0.62,High,19.3,40.8,197.9,0.105,0.243,0.98,Moderate traffic flow - standard adaptive signal timing in effect
EVT439443,2026-05-14 17:54:05,Local Market Day,J023,Basavanagudi,4337,Weekday,False,Rain,True,19.9,False,False,1.0,Severe,6.8,75.0,885.0,0.242,0.56,0.887,Heavy rain reducing visibility and grip - reduced speed and longer buffer advised
EVT439444,2026-03-18 06:07:23,Local Market Day,J011,Indiranagar 100ft Road,3309,Weekday,False,Clear,False,0.0,False,False,0.237,Low,39.2,16.5,145.5,0.142,0.329,0.975,Normal free-flow traffic - standard signal timing maintained
EVT439445,2025-03-12 11:51:44,Local Market Day,J030,MG Road,5469,Weekday,False,Clear,False,0.0,False,False,0.222,Low,35.1,14.5,120.3,0.105,0.243,0.958,Normal free-flow traffic - standard signal timing maintained
EVT439446,2025-11-25 21:17:11,Sports Fixture,J009,Majestic,18692,Weekday,False,Clear,False,0.0,False,False,0.527,Moderate,29.0,35.5,191.8,0.163,0.376,0.975,Moderate traffic flow - standard adaptive signal timing in effect
EVT439447,2026-06-16 19:59:56,Sports Fixture,J020,Malleshwaram Circle,15533,Weekday,False,Rain,True,16.4,False,False,0.949,Severe,7.0,74.3,798.8,0.224,0.517,0.87,Heavy rain reducing visibility and grip - reduced speed and longer buffer advised
EVT439448,2025-02-22 06:22:48,Trade Fair,J009,Majestic,10992,Weekend,False,Clear,False,0.0,False,False,0.467,Moderate,27.8,33.5,178.2,0.146,0.336,0.976,Moderate traffic flow - standard adaptive signal timing in effect
EVT439449,2025-02-06 14:49:10,Local Market Day,J012,Koramangala Sony World,4437,Weekday,False,Clear,False,0.0,False,False,0.304,Low,33.5,22.6,125.7,0.117,0.27,0.953,Moderate traffic flow - standard adaptive signal timing in effect
EVT439450,2026-06-19 19:40:26,Local Market Day,J040,City Market,5094,Weekday,False,Rain,True,16.2,False,False,1.0,Severe,9.1,70.2,285.6,0.115,0.265,0.872,Heavy rain reducing visibility and grip - reduced speed and longer buffer advised
EVT439451,2025-05-22 10:18:55,Local Market Day,J020,Malleshwaram Circle,3307,Weekday,False,Clear,False,0.0,False,False,0.725,High,19.1,50.8,344.1,0.212,0.489,0.978,Moderate traffic flow - standard adaptive signal timing in effect
EVT439452,2025-12-13 07:18:39,Concert,J012,Koramangala Sony World,9536,Weekend,False,Clear,False,0.0,False,False,0.527,Moderate,22.0,38.1,175.1,0.126,0.29,0.979,Moderate traffic flow - standard adaptive signal timing in effect
EVT439453,2026-01-10 16:41:00,Concert,J020,Malleshwaram Circle,9525,Weekend,False,Clear,False,0.0,False,False,0.654,High,22.6,40.9,202.5,0.148,0.341,0.969,Moderate traffic flow - standard adaptive signal timing in effect
EVT439454,2026-02-08 09:49:02,Local Market Day,J023,Basavanagudi,3980,Weekend,False,Clear,False,0.0,False,False,0.78,Severe,12.3,56.1,360.5,0.146,0.338,0.96,Heavy congestion detected - signal timing extended and reroute suggested
EVT439455,2026-06-09 17:45:17,Local Market Day,J011,Indiranagar 100ft Road,3420,Weekday,False,Clear,False,0.0,False,False,0.976,Severe,9.2,70.1,579.4,0.206,0.475,0.937,Heavy congestion detected - signal timing extended and reroute suggested
EVT439456,2025-01-16 09:31:25,Concert,J009,Majestic,12301,Weekday,False,Clear,False,0.0,False,False,1.0,Severe,5.9,80.7,515.9,0.16,0.37,0.925,Heavy congestion detected - signal timing extended and reroute suggested
EVT439457,2025-11-15 09:31:01,Local Market Day,J020,Malleshwaram Circle,4118,Weekend,False,Clear,False,0.0,False,False,0.851,Severe,14.1,50.7,221.9,0.102,0.236,0.951,Heavy congestion detected - signal timing extended and reroute suggested
EVT439458,2025-09-04 19:17:07,Sports Fixture,J011,Indiranagar 100ft Road,34638,Weekday,False,Heavy Rain,True,25.5,False,False,1.0,Severe,8.9,70.1,352.2,0.143,0.331,0.88,Heavy rain reducing visibility and grip - reduced speed and longer buffer advised
EVT439459,2025-08-15 10:38:44,Religious Festival,J020,Malleshwaram Circle,30680,Weekday,True,Clear,False,0.0,False,True,1.0,Severe,7.5,96.8,693.0,0.222,0.513,0.883,Road closure for event/procession - full detour recommended for through-traffic
EVT439460,2025-09-23 19:25:29,Political Rally,J023,Basavanagudi,31770,Weekday,False,Clear,False,0.0,False,False,1.0,Severe,9.8,69.2,437.0,0.165,0.38,0.906,Heavy congestion detected - signal timing extended and reroute suggested
EVT439461,2025-05-03 19:10:43,Trade Fair,J023,Basavanagudi,5606,Weekend,False,Clear,False,0.0,False,False,0.735,High,19.2,52.5,225.5,0.13,0.3,0.989,Moderate traffic flow - standard adaptive signal timing in effect
EVT439462,2025-05-28 18:54:02,Sports Fixture,J023,Basavanagudi,29534,Weekday,False,Clear,False,0.0,False,False,1.0,Severe,9.8,70.8,477.7,0.205,0.473,0.919,Heavy congestion detected - signal timing extended and reroute suggested
EVT439463,2026-01-03 08:45:03,Political Rally,J012,Koramangala Sony World,19068,Weekend,False,Clear,False,0.0,False,False,0.895,Severe,13.8,59.1,290.2,0.134,0.31,0.962,Heavy congestion detected - signal timing extended and reroute suggested
EVT439464,2026-03-13 12:50:32,Concert,J030,MG Road,9079,Weekday,False,Clear,False,0.0,False,False,0.253,Low,36.0,21.3,188.6,0.176,0.406,0.981,Moderate traffic flow - standard adaptive signal timing in effect
EVT439465,2025-03-11 13:45:28,Local Market Day,J030,MG Road,4867,Weekday,False,Clear,False,0.0,False,False,0.251,Low,20.5,14.7,216.0,0.126,0.291,0.968,Moderate traffic flow - standard adaptive signal timing in effect
EVT439466,2026-04-17 07:41:33,Local Market Day,J011,Indiranagar 100ft Road,2836,Weekday,False,Clear,False,0.0,False,False,0.715,High,18.1,53.6,393.4,0.23,0.532,0.945,Moderate traffic flow - standard adaptive signal timing in effect
EVT439467,2026-04-18 14:50:57,Local Market Day,J020,Malleshwaram Circle,6119,Weekend,False,Fog,False,0.0,False,False,0.326,Low,33.4,18.8,120.8,0.119,0.274,0.971,Moderate traffic flow - standard adaptive signal timing in effect
EVT439468,2025-11-06 11:02:37,Concert,J023,Basavanagudi,11651,Weekday,False,Clear,False,0.0,False,False,0.445,Moderate,27.0,29.4,82.0,0.062,0.143,0.95,Moderate traffic flow - standard adaptive signal timing in effect
EVT439469,2026-03-23 19:25:05,Concert,J030,MG Road,16219,Weekday,False,Clear,False,0.0,False,False,0.907,Severe,11.8,66.2,329.8,0.137,0.317,0.925,Heavy congestion detected - signal timing extended and reroute suggested
EVT439470,2025-09-02 09:12:53,Concert,J012,Koramangala Sony World,16744,Weekday,False,Clear,False,0.0,False,False,1.0,Severe,5.1,65.3,855.5,0.19,0.438,0.927,Heavy congestion detected - signal timing extended and reroute suggested
EVT439471,2026-04-03 18:43:41,Concert,J020,Malleshwaram Circle,6974,Weekday,False,Clear,False,0.0,False,False,1.0,Severe,8.0,72.7,783.0,0.262,0.605,0.922,Heavy congestion detected - signal timing extended and reroute suggested
EVT439472,2025-12-21 05:20:38,Sports Fixture,J040,City Market,28715,Weekend,False,Fog,False,0.0,False,False,0.388,Moderate,38.2,23.5,153.8,0.164,0.378,0.986,Moderate traffic flow - standard adaptive signal timing in effect
EVT439473,2025-09-23 15:23:12,Concert,J031,Cubbon Road,15937,Weekday,False,Clear,False,0.0,False,False,0.411,Moderate,36.2,25.7,170.0,0.176,0.406,0.974,Moderate traffic flow - standard adaptive signal timing in effect
EVT439474,2025-06-17 08:49:02,Local Market Day,J009,Majestic,2989,Weekday,False,Clear,False,0.0,False,False,0.977,Severe,9.6,75.6,241.4,0.126,0.291,0.902,Heavy congestion detected - signal timing extended and reroute suggested
EVT439475,2025-05-24 18:47:52,Sports Fixture,J020,Malleshwaram Circle,24749,Weekend,False,Clear,False,0.0,False,False,0.938,Severe,11.6,63.7,497.1,0.23,0.532,0.941,Heavy congestion detected - signal timing extended and reroute suggested
EVT439476,2025-08-12 18:08:34,Political Rally,J040,City Market,10857,Weekday,False,Rain,True,16.9,False,False,1.0,Severe,8.4,72.6,234.2,0.097,0.225,0.858,Heavy rain reducing visibility and grip - reduced speed and longer buffer advised
EVT439477,2026-01-01 18:08:33,Fireworks Display,J020,Malleshwaram Circle,41819,Weekday,True,Clear,False,0.0,False,False,1.0,Severe,8.1,70.4,462.7,0.153,0.354,0.906,Festival crowd surge detected - alternate route and extended cycle recommended
EVT439478,2026-03-29 08:02:13,Concert,J020,Malleshwaram Circle,12793,Weekend,False,Fog,False,0.0,False,False,0.722,High,14.7,48.8,173.6,0.086,0.199,0.987,Moderate traffic flow - standard adaptive signal timing in effect
EVT439479,2026-06-13 09:20:45,Sports Fixture,J020,Malleshwaram Circle,18259,Weekend,False,Clear,False,0.0,False,False,0.93,Severe,6.2,68.0,944.2,0.252,0.581,0.937,Heavy congestion detected - signal timing extended and reroute suggested
EVT439480,2025-11-29 14:44:44,Political Rally,J031,Cubbon Road,8443,Weekend,False,Clear,False,0.0,False,False,0.267,Low,27.2,14.7,182.8,0.138,0.319,0.946,Moderate traffic flow - standard adaptive signal timing in effect
EVT439481,2025-03-21 11:45:14,Concert,J009,Majestic,14185,Weekday,False,Clear,False,0.0,False,False,0.348,Low,27.5,24.6,168.7,0.108,0.249,0.947,Moderate traffic flow - standard adaptive signal timing in effect
EVT439482,2026-01-09 17:54:09,Trade Fair,J031,Cubbon Road,15446,Weekday,False,Clear,False,0.0,False,False,1.0,Severe,8.7,64.7,436.4,0.151,0.35,0.934,Heavy congestion detected - signal timing extended and reroute suggested
EVT439483,2025-01-16 06:16:44,Local Market Day,J040,City Market,6184,Weekday,False,Clear,False,0.0,False,False,0.185,Low,33.5,15.4,156.7,0.126,0.291,0.962,Normal free-flow traffic - standard signal timing maintained
EVT439484,2026-02-03 15:43:28,Trade Fair,J023,Basavanagudi,12218,Weekday,False,Clear,False,0.0,False,False,0.378,Moderate,31.2,28.4,162.0,0.134,0.309,0.977,Moderate traffic flow - standard adaptive signal timing in effect
EVT439485,2026-06-04 10:43:00,Concert,J020,Malleshwaram Circle,11106,Weekday,False,Clear,False,0.0,False,False,0.581,High,24.9,47.4,181.8,0.135,0.312,0.979,Moderate traffic flow - standard adaptive signal timing in effect
EVT439486,2025-10-08 05:24:18,Concert,J023,Basavanagudi,16890,Weekday,False,Clear,False,0.0,True,False,0.596,High,22.0,44.5,244.5,0.159,0.367,0.803,Accident detected nearby - reroute and reduced speed advised
EVT439487,2025-03-23 08:34:57,Sports Fixture,J023,Basavanagudi,13549,Weekend,False,Clear,False,0.0,False,False,0.883,Severe,12.4,66.3,527.6,0.248,0.572,0.948,Heavy congestion detected - signal timing extended and reroute suggested
EVT439488,2025-05-06 10:50:36,Concert,J030,MG Road,19851,Weekday,False,Clear,False,0.0,False,False,0.531,Moderate,21.5,39.3,351.4,0.249,0.574,0.979,Moderate traffic flow - standard adaptive signal timing in effect
EVT439489,2026-04-20 21:37:35,Local Market Day,J030,MG Road,3622,Weekday,False,Rain,True,14.9,False,False,0.389,Moderate,32.1,22.5,190.0,0.171,0.395,0.931,Light rain detected - minor speed reduction advised
EVT439490,2026-03-05 20:56:37,Religious Festival,J009,Majestic,43483,Weekday,True,Clear,False,0.0,False,True,1.0,Severe,10.7,95.4,451.6,0.201,0.465,0.837,Road closure for event/procession - full detour recommended for through-traffic
EVT439491,2025-02-08 06:21:16,Political Rally,J030,MG Road,17705,Weekend,False,Clear,False,0.0,False,False,0.428,Moderate,22.0,29.1,213.7,0.108,0.249,0.962,Moderate traffic flow - standard adaptive signal timing in effect
EVT439492,2025-10-11 08:22:48,Political Rally,J012,Koramangala Sony World,14264,Weekend,False,Clear,False,0.0,False,False,0.907,Severe,13.1,69.5,391.7,0.234,0.54,0.935,Heavy congestion detected - signal timing extended and reroute suggested
EVT439493,2025-01-14 18:46:35,Cultural Procession,J031,Cubbon Road,49398,Weekday,True,Clear,False,0.0,False,False,1.0,Severe,9.7,66.0,666.5,0.234,0.54,0.873,Festival crowd surge detected - alternate route and extended cycle recommended
EVT439494,2026-04-26 15:17:44,Sports Fixture,J020,Malleshwaram Circle,25028,Weekend,False,Clear,False,0.0,False,False,0.449,Moderate,19.4,32.4,284.7,0.149,0.344,0.929,Moderate traffic flow - standard adaptive signal timing in effect
EVT439495,2025-12-12 08:35:19,Local Market Day,J023,Basavanagudi,4565,Weekday,False,Clear,False,0.0,False,False,0.928,Severe,10.8,64.3,438.0,0.191,0.441,0.938,Heavy congestion detected - signal timing extended and reroute suggested
EVT439496,2025-12-09 08:15:18,Sports Fixture,J040,City Market,14849,Weekday,False,Clear,False,0.0,False,False,0.931,Severe,10.4,68.3,469.3,0.188,0.434,0.941,Heavy congestion detected - signal timing extended and reroute suggested
EVT439497,2026-06-27 07:38:02,Political Rally,J031,Cubbon Road,21203,Weekend,False,Clear,False,0.0,False,False,0.664,High,16.5,45.9,454.1,0.268,0.62,0.942,Moderate traffic flow - standard adaptive signal timing in effect
EVT439498,2026-01-17 16:04:51,Political Rally,J030,MG Road,11447,Weekend,False,Clear,False,0.0,False,False,0.439,Moderate,22.5,34.5,239.0,0.155,0.359,0.948,Moderate traffic flow - standard adaptive signal timing in effect
EVT439499,2026-04-02 23:41:09,Trade Fair,J030,MG Road,13086,Weekday,False,Clear,False,0.0,False,False,0.241,Low,30.5,17.4,157.5,0.115,0.265,0.962,Normal free-flow traffic - standard signal timing maintained
EVT439500,2025-09-24 15:31:43,Sports Fixture,J031,Cubbon Road,29734,Weekday,False,Clear,False,0.0,False,False,0.468,Moderate,20.7,35.7,255.5,0.138,0.319,0.953,Moderate traffic flow - standard adaptive signal timing in effect
EVT439501,2025-06-03 08:59:32,Concert,J023,Basavanagudi,12362,Weekday,False,Clear,False,0.0,False,False,1.0,Severe,9.6,73.1,474.1,0.154,0.355,0.912,Heavy congestion detected - signal timing extended and reroute suggested
EVT439502,2026-05-24 07:35:07,Concert,J012,Koramangala Sony World,16137,Weekend,False,Clear,False,0.0,False,False,0.6,High,15.7,46.7,320.9,0.141,0.325,0.954,Moderate traffic flow - standard adaptive signal timing in effect
EVT439503,2025-09-07 18:09:02,Trade Fair,J030,MG Road,12328,Weekend,False,Heavy Rain,True,25.6,False,False,1.0,Severe,8.2,73.0,665.4,0.21,0.486,0.861,Heavy rain reducing visibility and grip - reduced speed and longer buffer advised
EVT439504,2026-02-13 17:02:25,Concert,J031,Cubbon Road,11858,Weekday,False,Clear,False,0.0,False,False,0.735,High,15.1,50.8,413.6,0.2,0.462,0.963,Moderate traffic flow - standard adaptive signal timing in effect
EVT439505,2025-01-28 16:43:08,Trade Fair,J023,Basavanagudi,13613,Weekday,False,Clear,False,0.0,False,False,0.675,High,19.2,43.5,98.6,0.072,0.166,0.99,Moderate traffic flow - standard adaptive signal timing in effect
EVT439506,2025-10-14 19:48:37,Local Market Day,J011,Indiranagar 100ft Road,6281,Weekday,False,Clear,False,0.0,False,False,0.816,Severe,15.3,62.1,324.7,0.183,0.423,0.922,Heavy congestion detected - signal timing extended and reroute suggested
EVT439507,2026-05-12 06:35:49,Sports Fixture,J023,Basavanagudi,23499,Weekday,False,Clear,False,0.0,False,False,0.459,Moderate,28.2,35.7,256.1,0.191,0.441,0.964,Moderate traffic flow - standard adaptive signal timing in effect
EVT439508,2026-05-18 10:39:23,Local Market Day,J031,Cubbon Road,4542,Weekday,False,Clear,False,0.0,True,False,0.916,Severe,12.2,60.9,381.3,0.17,0.393,0.759,Accident detected nearby - reroute and reduced speed advised
EVT439509,2026-05-30 07:08:31,Sports Fixture,J012,Koramangala Sony World,33026,Weekend,False,Rain,True,9.1,False,False,0.835,Severe,13.1,56.5,384.1,0.195,0.449,0.896,Heavy rain reducing visibility and grip - reduced speed and longer buffer advised
EVT439510,2025-07-27 12:46:28,Concert,J012,Koramangala Sony World,13621,Weekend,False,Heavy Rain,True,29.2,False,False,0.625,High,22.9,46.2,280.8,0.198,0.458,0.939,Heavy rain reducing visibility and grip - reduced speed and longer buffer advised
EVT439511,2026-06-17 18:58:02,Trade Fair,J031,Cubbon Road,6379,Weekday,False,Light Rain,True,1.8,False,False,1.0,Severe,9.1,73.5,624.9,0.214,0.494,0.876,Heavy rain reducing visibility and grip - reduced speed and longer buffer advised
EVT439512,2026-05-02 17:52:21,Religious Festival,J030,MG Road,31938,Weekend,True,Clear,False,0.0,False,False,1.0,Severe,9.7,67.6,657.7,0.266,0.614,0.871,Festival crowd surge detected - alternate route and extended cycle recommended
EVT439513,2025-01-14 16:25:09,Cultural Procession,J011,Indiranagar 100ft Road,24030,Weekday,True,Light Rain,True,4.1,False,False,0.916,Severe,13.2,62.1,542.2,0.23,0.532,0.833,Festival crowd surge detected - alternate route and extended cycle recommended
EVT439514,2025-08-10 20:51:44,Local Market Day,J009,Majestic,2304,Weekend,False,Heavy Rain,True,26.0,False,False,0.647,High,21.2,45.5,241.6,0.182,0.42,0.928,Heavy rain reducing visibility and grip - reduced speed and longer buffer advised
EVT439515,2025-04-07 09:51:02,Cultural Procession,J012,Koramangala Sony World,31220,Weekday,True,Clear,False,0.0,False,True,1.0,Severe,9.4,110.9,316.1,0.124,0.285,0.843,Road closure for event/procession - full detour recommended for through-traffic
EVT439516,2025-05-02 09:12:40,Religious Festival,J023,Basavanagudi,64263,Weekday,True,Fog,False,0.0,False,True,1.0,Severe,8.3,105.5,549.2,0.217,0.502,0.847,Road closure for event/procession - full detour recommended for through-traffic
EVT439517,2025-03-04 19:23:51,Concert,J012,Koramangala Sony World,31483,Weekday,False,Clear,False,0.0,False,False,1.0,Severe,6.6,75.3,759.6,0.223,0.515,0.887,Heavy congestion detected - signal timing extended and reroute suggested
EVT439518,2025-08-04 10:18:57,Concert,J031,Cubbon Road,13597,Weekday,False,Clear,False,0.0,False,False,0.68,High,22.2,46.8,196.9,0.127,0.295,0.978,Moderate traffic flow - standard adaptive signal timing in effect
EVT439519,2025-03-08 20:46:03,Local Market Day,J011,Indiranagar 100ft Road,4397,Weekend,False,Clear,False,0.0,False,False,0.457,Moderate,26.4,40.6,157.0,0.128,0.295,0.985,Moderate traffic flow - standard adaptive signal timing in effect
EVT439520,2025-06-18 18:03:48,Political Rally,J030,MG Road,13540,Weekday,False,Rain,True,13.3,False,False,1.0,Severe,8.0,67.7,550.9,0.184,0.426,0.871,Heavy rain reducing visibility and grip - reduced speed and longer buffer advised
EVT439521,2026-01-23 09:10:28,Local Market Day,J040,City Market,3992,Weekday,False,Clear,False,0.0,False,False,1.0,Severe,8.4,63.4,634.9,0.21,0.484,0.912,Heavy congestion detected - signal timing extended and reroute suggested
EVT439522,2025-08-19 10:52:38,Concert,J023,Basavanagudi,12020,Weekday,False,Heavy Rain,True,27.5,False,False,0.801,Severe,15.3,54.0,524.6,0.277,0.64,0.901,Heavy rain reducing visibility and grip - reduced speed and longer buffer advised
EVT439523,2025-09-23 10:50:55,Sports Fixture,J012,Koramangala Sony World,16925,Weekday,False,Clear,False,0.0,False,False,0.611,High,22.4,46.5,287.5,0.204,0.47,0.963,Moderate traffic flow - standard adaptive signal timing in effect
EVT439524,2026-02-14 09:52:11,Trade Fair,J023,Basavanagudi,14525,Weekend,False,Clear,False,0.0,False,False,0.91,Severe,10.4,64.7,557.7,0.221,0.51,0.927,Heavy congestion detected - signal timing extended and reroute suggested
EVT439525,2025-09-23 09:53:46,Local Market Day,J023,Basavanagudi,5352,Weekday,False,Heavy Rain,True,29.7,True,False,1.0,Severe,7.5,68.8,254.2,0.086,0.198,0.694,Accident detected nearby - reroute and reduced speed advised
EVT439526,2025-02-20 18:06:51,Trade Fair,J031,Cubbon Road,7360,Weekday,False,Clear,False,0.0,False,False,0.966,Severe,7.6,69.8,682.6,0.216,0.499,0.91,Heavy congestion detected - signal timing extended and reroute suggested
EVT439527,2026-01-22 17:15:40,Concert,J023,Basavanagudi,23440,Weekday,False,Clear,False,0.0,False,False,0.863,Severe,13.2,65.5,429.5,0.201,0.465,0.939,Heavy congestion detected - signal timing extended and reroute suggested
EVT439528,2025-10-21 19:55:14,Cultural Procession,J011,Indiranagar 100ft Road,24781,Weekday,True,Clear,False,0.0,False,True,1.0,Severe,8.0,98.5,579.8,0.198,0.457,0.825,Road closure for event/procession - full detour recommended for through-traffic
EVT439529,2025-07-27 18:30:23,Trade Fair,J009,Majestic,6593,Weekend,False,Heavy Rain,True,29.7,False,False,1.0,Severe,7.5,74.9,912.1,0.253,0.584,0.858,Heavy rain reducing visibility and grip - reduced speed and longer buffer advised
EVT439530,2025-07-13 11:27:10,Sports Fixture,J011,Indiranagar 100ft Road,17333,Weekend,False,Clear,False,0.0,False,False,0.418,Moderate,30.5,27.0,94.7,0.084,0.194,0.989,Moderate traffic flow - standard adaptive signal timing in effect
EVT439531,2025-07-13 09:42:27,Concert,J040,City Market,6060,Weekend,False,Clear,False,0.0,False,False,0.812,Severe,15.0,58.9,375.7,0.185,0.428,0.961,Heavy congestion detected - signal timing extended and reroute suggested
EVT439532,2025-10-03 19:53:06,Religious Festival,J030,MG Road,43863,Weekday,True,Clear,False,0.0,False,True,1.0,Severe,11.3,100.4,554.6,0.262,0.605,0.85,Road closure for event/procession - full detour recommended for through-traffic
EVT439533,2025-01-14 08:38:11,Fireworks Display,J020,Malleshwaram Circle,24327,Weekday,True,Clear,False,0.0,False,False,1.0,Severe,7.0,73.0,773.7,0.222,0.512,0.868,Festival crowd surge detected - alternate route and extended cycle recommended
EVT439534,2025-05-14 14:29:37,Local Market Day,J020,Malleshwaram Circle,8800,Weekday,False,Clear,False,0.0,False,False,0.28,Low,28.4,15.7,152.0,0.119,0.275,0.974,Moderate traffic flow - standard adaptive signal timing in effect
EVT439535,2025-10-22 09:51:20,Religious Festival,J040,City Market,47497,Weekday,True,Clear,False,0.0,False,False,1.0,Severe,8.4,65.9,674.8,0.224,0.517,0.849,Festival crowd surge detected - alternate route and extended cycle recommended
EVT439536,2025-01-15 11:35:21,Cultural Procession,J009,Majestic,25989,Weekday,True,Clear,False,0.0,False,False,0.682,High,20.4,47.0,270.7,0.164,0.379,0.893,Festival crowd surge detected - alternate route and extended cycle recommended
EVT439537,2025-11-04 11:20:35,Local Market Day,J040,City Market,6115,Weekday,False,Rain,True,23.3,False,False,0.557,High,22.0,38.1,241.8,0.162,0.375,0.914,Heavy rain reducing visibility and grip - reduced speed and longer buffer advised
EVT439538,2025-10-24 17:02:51,Trade Fair,J009,Majestic,12891,Weekday,False,Rain,True,12.7,False,False,0.955,Severe,8.4,69.0,356.7,0.122,0.282,0.9,Heavy rain reducing visibility and grip - reduced speed and longer buffer advised
EVT439539,2025-11-07 19:50:48,Concert,J011,Indiranagar 100ft Road,7103,Weekday,False,Clear,False,0.0,False,False,0.742,High,17.0,49.6,353.0,0.222,0.514,0.957,Moderate traffic flow - standard adaptive signal timing in effect
EVT439540,2025-03-21 18:57:42,Local Market Day,J012,Koramangala Sony World,4591,Weekday,False,Clear,False,0.0,False,False,1.0,Severe,8.1,73.3,638.8,0.214,0.493,0.922,Heavy congestion detected - signal timing extended and reroute suggested
EVT439541,2025-09-05 21:18:26,Religious Festival,J009,Majestic,37950,Weekday,True,Clear,False,0.0,False,False,0.815,Severe,17.5,59.6,277.0,0.169,0.391,0.898,Festival crowd surge detected - alternate route and extended cycle recommended
EVT439542,2026-05-31 18:15:35,Local Market Day,J031,Cubbon Road,4189,Weekend,False,Clear,False,0.0,False,False,0.838,Severe,12.7,62.6,187.9,0.103,0.239,0.952,Heavy congestion detected - signal timing extended and reroute suggested
EVT439543,2026-04-19 13:33:27,Sports Fixture,J030,MG Road,13613,Weekend,False,Clear,False,0.0,False,False,0.252,Low,32.2,25.2,73.5,0.065,0.149,0.948,Moderate traffic flow - standard adaptive signal timing in effect
EVT439544,2026-06-07 17:10:42,Political Rally,J020,Malleshwaram Circle,13628,Weekend,False,Clear,False,0.0,False,False,0.733,High,16.9,54.9,220.2,0.133,0.308,0.956,Moderate traffic flow - standard adaptive signal timing in effect
EVT439545,2026-01-13 10:57:40,Local Market Day,J011,Indiranagar 100ft Road,2967,Weekday,False,Clear,False,0.0,False,False,0.447,Moderate,29.0,31.5,173.1,0.134,0.309,0.981,Moderate traffic flow - standard adaptive signal timing in effect
EVT439546,2025-07-01 12:17:39,Trade Fair,J011,Indiranagar 100ft Road,6676,Weekday,False,Clear,False,0.0,False,False,0.283,Low,22.8,20.8,82.5,0.047,0.109,0.978,Moderate traffic flow - standard adaptive signal timing in effect
EVT439547,2025-02-20 19:31:44,Trade Fair,J011,Indiranagar 100ft Road,11700,Weekday,False,Clear,False,0.0,False,False,0.893,Severe,16.2,65.6,299.5,0.175,0.403,0.942,Heavy congestion detected - signal timing extended and reroute suggested
EVT439548,2026-03-31 10:01:24,Trade Fair,J040,City Market,11255,Weekday,False,Clear,False,0.0,False,False,0.783,Severe,15.8,60.6,293.4,0.163,0.377,0.954,Heavy congestion detected - signal timing extended and reroute suggested
EVT439549,2026-01-25 09:20:03,Local Market Day,J011,Indiranagar 100ft Road,8770,Weekend,False,Clear,False,0.0,False,False,0.876,Severe,11.4,63.1,392.5,0.175,0.404,0.945,Heavy congestion detected - signal timing extended and reroute suggested
EVT439550,2025-04-19 09:58:49,Trade Fair,J011,Indiranagar 100ft Road,5955,Weekend,False,Clear,False,0.0,False,False,0.792,Severe,16.5,55.6,326.9,0.185,0.427,0.966,Heavy congestion detected - signal timing extended and reroute suggested
EVT439551,2025-03-18 16:12:33,Local Market Day,J020,Malleshwaram Circle,2010,Weekday,False,Light Rain,True,3.4,False,False,0.577,High,17.7,31.2,315.3,0.192,0.443,0.922,Heavy rain reducing visibility and grip - reduced speed and longer buffer advised
EVT439552,2026-03-18 08:06:54,Sports Fixture,J030,MG Road,25451,Weekday,False,Clear,False,0.0,False,False,0.969,Severe,8.8,70.3,786.4,0.266,0.614,0.934,Heavy congestion detected - signal timing extended and reroute suggested
EVT439553,2026-01-28 19:37:13,Local Market Day,J023,Basavanagudi,2664,Weekday,False,Clear,False,0.0,False,False,0.832,Severe,13.8,60.3,179.0,0.108,0.25,0.936,Heavy congestion detected - signal timing extended and reroute suggested
EVT439554,2025-03-31 16:26:49,Religious Festival,J020,Malleshwaram Circle,41960,Weekday,True,Clear,False,0.0,False,True,1.0,Severe,7.8,98.5,512.0,0.198,0.457,0.843,Road closure for event/procession - full detour recommended for through-traffic
EVT439555,2025-09-05 08:04:26,Cultural Procession,J009,Majestic,17779,Weekday,True,Clear,False,0.0,False,False,1.0,Severe,10.4,72.5,181.6,0.088,0.204,0.866,Festival crowd surge detected - alternate route and extended cycle recommended
EVT439556,2026-02-13 10:19:53,Trade Fair,J011,Indiranagar 100ft Road,9059,Weekday,False,Clear,False,0.0,False,False,0.767,Severe,17.9,52.9,308.5,0.189,0.437,0.953,Heavy congestion detected - signal timing extended and reroute suggested
EVT439557,2026-03-09 22:20:53,Political Rally,J040,City Market,21569,Weekday,False,Clear,False,0.0,False,False,0.275,Low,26.4,19.3,175.7,0.122,0.281,0.954,Moderate traffic flow - standard adaptive signal timing in effect
EVT439558,2025-03-15 15:30:04,Religious Festival,J031,Cubbon Road,64175,Weekend,True,Light Rain,True,2.3,False,False,0.989,Severe,9.4,68.0,306.1,0.131,0.303,0.824,Festival crowd surge detected - alternate route and extended cycle recommended
EVT439559,2025-01-30 09:47:05,Trade Fair,J020,Malleshwaram Circle,13842,Weekday,False,Clear,False,0.0,False,False,1.0,Severe,8.7,77.3,502.5,0.187,0.432,0.914,Heavy congestion detected - signal timing extended and reroute suggested
EVT439560,2025-01-31 14:15:47,Trade Fair,J031,Cubbon Road,8326,Weekday,False,Fog,False,0.0,False,False,0.151,Low,32.5,13.7,120.8,0.098,0.226,0.964,Normal free-flow traffic - standard signal timing maintained
EVT439561,2025-07-09 07:37:35,Trade Fair,J009,Majestic,4853,Weekday,False,Clear,False,0.0,False,False,0.618,High,24.9,42.3,271.6,0.207,0.477,0.962,Moderate traffic flow - standard adaptive signal timing in effect
EVT439562,2025-04-07 17:32:22,Religious Festival,J040,City Market,37016,Weekday,True,Clear,False,0.0,False,True,1.0,Severe,10.6,99.9,630.0,0.274,0.633,0.851,Road closure for event/procession - full detour recommended for through-traffic
EVT439563,2026-03-23 17:05:40,Trade Fair,J020,Malleshwaram Circle,7919,Weekday,False,Clear,False,0.0,False,False,0.768,Severe,12.2,59.1,325.0,0.145,0.334,0.963,Heavy congestion detected - signal timing extended and reroute suggested
EVT439564,2026-04-13 09:04:58,Concert,J031,Cubbon Road,7467,Weekday,False,Clear,False,0.0,False,False,1.0,Severe,8.7,70.6,545.7,0.194,0.448,0.941,Heavy congestion detected - signal timing extended and reroute suggested
EVT439565,2025-12-24 17:53:08,Concert,J009,Majestic,14652,Weekday,False,Clear,False,0.0,False,False,1.0,Severe,8.9,73.4,438.1,0.171,0.395,0.895,Heavy congestion detected - signal timing extended and reroute suggested
EVT439566,2026-06-29 10:25:57,Sports Fixture,J030,MG Road,40400,Weekday,False,Clear,False,0.0,False,False,0.745,High,16.5,56.9,280.3,0.163,0.376,0.968,Moderate traffic flow - standard adaptive signal timing in effect
EVT439567,2025-07-17 16:53:30,Local Market Day,J030,MG Road,4549,Weekday,False,Heavy Rain,True,40.8,False,False,1.0,Severe,8.0,73.6,565.7,0.198,0.458,0.872,Heavy rain reducing visibility and grip - reduced speed and longer buffer advised
EVT439568,2025-09-13 18:45:51,Political Rally,J011,Indiranagar 100ft Road,9086,Weekend,False,Rain,True,21.2,False,False,1.0,Severe,9.4,72.7,366.5,0.154,0.355,0.869,Heavy rain reducing visibility and grip - reduced speed and longer buffer advised
EVT439569,2025-10-13 18:16:28,Political Rally,J009,Majestic,17991,Weekday,False,Fog,False,0.0,False,False,1.0,Severe,6.5,69.6,784.0,0.208,0.48,0.911,Heavy congestion detected - signal timing extended and reroute suggested
EVT439570,2026-01-27 09:07:57,Religious Festival,J023,Basavanagudi,30398,Weekday,True,Clear,False,0.0,False,True,1.0,Severe,7.6,103.0,878.3,0.278,0.642,0.845,Road closure for event/procession - full detour recommended for through-traffic
EVT439571,2025-04-21 13:30:13,Sports Fixture,J011,Indiranagar 100ft Road,23190,Weekday,False,Clear,False,0.0,False,False,0.299,Low,29.0,16.0,187.0,0.14,0.324,0.96,Moderate traffic flow - standard adaptive signal timing in effect
EVT439572,2025-02-26 11:23:08,Local Market Day,J009,Majestic,5063,Weekday,False,Clear,False,0.0,False,False,0.26,Low,29.0,20.6,154.5,0.12,0.278,0.959,Moderate traffic flow - standard adaptive signal timing in effect
EVT439573,2025-09-10 15:36:20,Concert,J040,City Market,11778,Weekday,False,Clear,False,0.0,False,False,0.365,Moderate,27.3,21.9,190.1,0.149,0.345,0.969,Moderate traffic flow - standard adaptive signal timing in effect
EVT439574,2025-03-24 12:01:19,Local Market Day,J020,Malleshwaram Circle,2912,Weekday,False,Clear,False,0.0,False,False,0.152,Low,32.4,12.5,143.1,0.115,0.265,0.978,Normal free-flow traffic - standard signal timing maintained
EVT439575,2025-06-29 08:41:28,Sports Fixture,J020,Malleshwaram Circle,24993,Weekend,False,Rain,True,9.9,False,False,1.0,Severe,8.2,75.0,542.9,0.201,0.464,0.855,Heavy rain reducing visibility and grip - reduced speed and longer buffer advised
EVT439576,2025-10-16 16:09:50,Trade Fair,J011,Indiranagar 100ft Road,9303,Weekday,False,Clear,False,0.0,False,False,0.471,Moderate,24.8,39.6,148.3,0.097,0.225,0.977,Moderate traffic flow - standard adaptive signal timing in effect
EVT439577,2025-12-16 09:48:37,Concert,J030,MG Road,8397,Weekday,False,Clear,False,0.0,False,False,0.94,Severe,9.6,67.6,409.8,0.144,0.332,0.937,Heavy congestion detected - signal timing extended and reroute suggested
EVT439578,2025-07-30 10:51:13,Sports Fixture,J012,Koramangala Sony World,26232,Weekday,False,Clear,False,0.0,False,False,0.625,High,17.3,43.0,291.8,0.177,0.409,0.955,Moderate traffic flow - standard adaptive signal timing in effect
EVT439579,2025-06-28 17:30:17,Local Market Day,J009,Majestic,5876,Weekend,False,Rain,True,21.4,False,False,1.0,Severe,7.7,70.3,844.5,0.236,0.544,0.867,Heavy rain reducing visibility and grip - reduced speed and longer buffer advised
EVT439580,2025-09-14 09:24:50,Sports Fixture,J030,MG Road,35944,Weekend,False,Clear,False,0.0,False,False,1.0,Severe,7.3,72.6,606.2,0.182,0.42,0.912,Heavy congestion detected - signal timing extended and reroute suggested
EVT439581,2025-11-10 12:14:29,Concert,J030,MG Road,8455,Weekday,False,Clear,False,0.0,False,False,0.251,Low,24.0,14.8,277.7,0.185,0.428,0.952,Moderate traffic flow - standard adaptive signal timing in effect
EVT439582,2026-06-03 04:38:08,Local Market Day,J030,MG Road,3062,Weekday,False,Heavy Rain,True,37.2,False,False,0.481,Moderate,25.1,31.5,155.8,0.103,0.238,0.917,Light rain detected - minor speed reduction advised
EVT439583,2025-03-21 07:16:28,Trade Fair,J012,Koramangala Sony World,10240,Weekday,False,Clear,False,0.0,False,False,0.547,Moderate,24.9,31.0,212.8,0.147,0.34,0.966,Moderate traffic flow - standard adaptive signal timing in effect
EVT439584,2026-05-19 12:21:23,Local Market Day,J020,Malleshwaram Circle,3584,Weekday,False,Rain,True,16.2,False,False,0.406,Moderate,31.6,27.9,174.3,0.16,0.369,0.883,Light rain detected - minor speed reduction advised
EVT439585,2025-01-24 10:29:13,Sports Fixture,J023,Basavanagudi,19981,Weekday,False,Clear,False,0.0,False,False,0.752,Severe,14.7,49.6,353.4,0.176,0.407,0.974,Heavy congestion detected - signal timing extended and reroute suggested
EVT439586,2026-03-01 05:52:21,Trade Fair,J030,MG Road,13069,Weekend,False,Clear,False,0.0,False,False,0.295,Low,23.8,22.1,235.2,0.163,0.376,0.947,Moderate traffic flow - standard adaptive signal timing in effect
EVT439587,2025-05-21 12:45:35,Trade Fair,J020,Malleshwaram Circle,15158,Weekday,False,Rain,True,22.0,False,False,0.453,Moderate,26.9,35.8,144.9,0.112,0.259,0.927,Light rain detected - minor speed reduction advised
EVT439588,2025-06-11 19:44:31,Concert,J023,Basavanagudi,9899,Weekday,False,Heavy Rain,True,41.4,False,False,1.0,Severe,8.1,74.3,603.5,0.217,0.501,0.839,Heavy rain reducing visibility and grip - reduced speed and longer buffer advised
EVT439589,2026-03-23 22:34:42,Trade Fair,J030,MG Road,5885,Weekday,False,Clear,False,0.0,False,False,0.262,Low,29.5,18.9,195.5,0.148,0.341,0.964,Moderate traffic flow - standard adaptive signal timing in effect
EVT439590,2025-09-02 08:44:01,Political Rally,J011,Indiranagar 100ft Road,16152,Weekday,False,Rain,True,21.6,False,False,1.0,Severe,8.5,69.4,549.3,0.188,0.434,0.849,Heavy rain reducing visibility and grip - reduced speed and longer buffer advised
EVT439591,2026-01-04 16:52:38,Trade Fair,J011,Indiranagar 100ft Road,9974,Weekend,False,Clear,False,0.0,False,False,0.762,Severe,18.7,54.5,326.4,0.182,0.421,0.95,Heavy congestion detected - signal timing extended and reroute suggested
EVT439592,2025-07-09 15:08:53,Local Market Day,J040,City Market,4139,Weekday,False,Clear,False,0.0,False,False,0.185,Low,26.5,11.9,226.1,0.171,0.395,0.988,Normal free-flow traffic - standard signal timing maintained
EVT439593,2026-05-09 17:58:42,Trade Fair,J030,MG Road,5427,Weekend,False,Light Rain,True,6.9,False,False,0.873,Severe,12.4,62.8,191.4,0.086,0.199,0.865,Heavy rain reducing visibility and grip - reduced speed and longer buffer advised
EVT439594,2026-03-17 13:43:18,Trade Fair,J009,Majestic,15289,Weekday,False,Clear,False,0.0,False,False,0.226,Low,35.2,19.9,101.7,0.093,0.214,0.988,Normal free-flow traffic - standard signal timing maintained
EVT439595,2025-02-03 17:01:35,Concert,J031,Cubbon Road,16777,Weekday,False,Clear,False,0.0,False,False,0.824,Severe,12.9,59.3,304.0,0.162,0.374,0.956,Heavy congestion detected - signal timing extended and reroute suggested
EVT439596,2025-07-12 07:33:41,Sports Fixture,J009,Majestic,27336,Weekend,False,Heavy Rain,True,60.5,False,False,1.0,Severe,8.7,69.4,325.2,0.125,0.288,0.886,Heavy rain reducing visibility and grip - reduced speed and longer buffer advised
EVT439597,2026-03-03 16:33:59,Local Market Day,J023,Basavanagudi,4508,Weekday,False,Clear,False,0.0,False,False,0.658,High,17.9,50.0,266.4,0.138,0.319,0.969,Moderate traffic flow - standard adaptive signal timing in effect
EVT439598,2025-08-26 18:51:21,Local Market Day,J009,Majestic,3400,Weekday,False,Rain,True,17.0,False,False,1.0,Severe,8.0,71.0,833.0,0.281,0.649,0.853,Heavy rain reducing visibility and grip - reduced speed and longer buffer advised
EVT439599,2026-04-24 07:06:52,Sports Fixture,J012,Koramangala Sony World,27214,Weekday,False,Clear,False,0.0,False,False,0.652,High,19.4,49.6,267.8,0.163,0.378,0.99,Moderate traffic flow - standard adaptive signal timing in effect
EVT439600,2025-05-28 16:22:38,Political Rally,J012,Koramangala Sony World,16303,Weekday,False,Rain,True,10.5,True,False,1.0,Severe,10.0,63.9,386.1,0.15,0.346,0.695,Accident detected nearby - reroute and reduced speed advised
EVT439601,2026-03-24 16:05:05,Sports Fixture,J030,MG Road,14230,Weekday,False,Clear,False,0.0,False,False,0.494,Moderate,19.6,38.5,240.6,0.144,0.332,0.977,Moderate traffic flow - standard adaptive signal timing in effect
EVT439602,2025-11-16 22:29:37,Concert,J009,Majestic,17816,Weekend,False,Clear,False,0.0,False,False,0.378,Moderate,27.3,21.1,149.5,0.113,0.262,0.957,Moderate traffic flow - standard adaptive signal timing in effect
EVT439603,2025-05-10 12:55:42,Concert,J009,Majestic,9882,Weekend,False,Clear,False,0.0,False,False,0.266,Low,25.7,23.7,114.4,0.081,0.186,0.965,Moderate traffic flow - standard adaptive signal timing in effect
EVT439604,2025-09-15 21:54:37,Political Rally,J040,City Market,9828,Weekday,False,Clear,False,0.0,False,False,0.275,Low,43.2,17.5,121.5,0.136,0.314,0.987,Moderate traffic flow - standard adaptive signal timing in effect
EVT439605,2025-04-21 18:30:36,Concert,J012,Koramangala Sony World,23291,Weekday,False,Rain,True,11.0,False,False,1.0,Severe,8.5,71.2,604.2,0.213,0.493,0.848,Heavy rain reducing visibility and grip - reduced speed and longer buffer advised
EVT439606,2026-03-12 18:05:25,Local Market Day,J009,Majestic,5559,Weekday,False,Clear,False,0.0,False,False,1.0,Severe,7.3,75.2,238.3,0.092,0.212,0.925,Heavy congestion detected - signal timing extended and reroute suggested
EVT439607,2025-06-15 15:46:16,Local Market Day,J012,Koramangala Sony World,3782,Weekend,False,Rain,True,18.0,False,False,0.655,High,19.0,45.0,162.1,0.113,0.261,0.919,Heavy rain reducing visibility and grip - reduced speed and longer buffer advised
EVT439608,2025-01-04 12:40:44,Trade Fair,J012,Koramangala Sony World,6089,Weekend,False,Clear,False,0.0,False,False,0.267,Low,33.7,20.6,121.5,0.105,0.243,0.97,Moderate traffic flow - standard adaptive signal timing in effect
EVT439609,2026-05-29 09:16:39,Sports Fixture,J012,Koramangala Sony World,23680,Weekday,False,Clear,False,0.0,False,False,1.0,Severe,9.0,78.0,664.0,0.207,0.478,0.931,Heavy congestion detected - signal timing extended and reroute suggested
EVT439610,2025-07-16 20:11:44,Trade Fair,J031,Cubbon Road,5709,Weekday,False,Clear,False,0.0,False,False,0.716,High,24.4,45.3,249.2,0.189,0.436,0.981,Moderate traffic flow - standard adaptive signal timing in effect
EVT439611,2026-03-03 07:01:03,Local Market Day,J031,Cubbon Road,4363,Weekday,False,Clear,False,0.0,False,False,0.501,Moderate,24.6,39.6,282.9,0.215,0.496,0.968,Moderate traffic flow - standard adaptive signal timing in effect
EVT439612,2025-02-06 05:08:23,Political Rally,J040,City Market,22928,Weekday,False,Clear,False,0.0,False,False,0.313,Low,30.7,27.7,181.5,0.131,0.301,0.984,Moderate traffic flow - standard adaptive signal timing in effect
EVT439613,2025-05-26 09:09:18,Local Market Day,J040,City Market,9274,Weekday,False,Clear,False,0.0,False,False,1.0,Severe,9.1,77.3,707.3,0.272,0.629,0.905,Heavy congestion detected - signal timing extended and reroute suggested
EVT439614,2025-02-19 08:08:47,Sports Fixture,J012,Koramangala Sony World,14188,Weekday,False,Clear,False,0.0,False,False,0.848,Severe,15.4,60.3,351.0,0.215,0.497,0.926,Heavy congestion detected - signal timing extended and reroute suggested
EVT439615,2025-06-11 12:07:27,Local Market Day,J009,Majestic,4951,Weekday,False,Clear,False,0.0,False,False,0.203,Low,24.3,16.5,311.6,0.204,0.471,0.965,Normal free-flow traffic - standard signal timing maintained
EVT439616,2025-03-09 04:27:51,Local Market Day,J012,Koramangala Sony World,3705,Weekend,False,Clear,False,0.0,False,False,0.204,Low,32.3,16.4,265.5,0.224,0.518,0.971,Normal free-flow traffic - standard signal timing maintained
EVT439617,2025-11-16 09:46:11,Concert,J011,Indiranagar 100ft Road,8674,Weekend,False,Clear,False,0.0,False,False,0.832,Severe,12.8,57.9,329.1,0.148,0.341,0.938,Heavy congestion detected - signal timing extended and reroute suggested
EVT439618,2025-05-02 13:34:10,Cultural Procession,J020,Malleshwaram Circle,14345,Weekday,True,Clear,False,0.0,False,False,0.463,Moderate,22.9,32.3,285.0,0.208,0.481,0.923,Moderate traffic flow - standard adaptive signal timing in effect
EVT439619,2025-01-04 13:42:06,Trade Fair,J031,Cubbon Road,10750,Weekend,False,Clear,False,0.0,False,False,0.321,Low,31.4,27.1,130.7,0.106,0.246,0.973,Moderate traffic flow - standard adaptive signal timing in effect
EVT439620,2026-03-28 09:09:24,Local Market Day,J011,Indiranagar 100ft Road,2598,Weekend,False,Clear,False,0.0,False,False,0.843,Severe,11.5,60.8,291.8,0.127,0.293,0.926,Heavy congestion detected - signal timing extended and reroute suggested
EVT439621,2026-04-30 21:49:53,Political Rally,J011,Indiranagar 100ft Road,15711,Weekday,False,Clear,False,0.0,False,False,0.372,Moderate,26.0,27.0,292.2,0.233,0.537,0.965,Moderate traffic flow - standard adaptive signal timing in effect
EVT439622,2025-01-29 18:04:59,Trade Fair,J040,City Market,9275,Weekday,False,Clear,False,0.0,False,False,1.0,Severe,6.7,73.8,902.4,0.246,0.568,0.925,Heavy congestion detected - signal timing extended and reroute suggested
EVT439623,2025-07-29 07:09:33,Local Market Day,J023,Basavanagudi,4052,Weekday,False,Rain,True,7.7,False,False,0.586,High,23.7,32.9,264.8,0.19,0.439,0.892,Heavy rain reducing visibility and grip - reduced speed and longer buffer advised
EVT439624,2026-05-17 17:58:02,Sports Fixture,J012,Koramangala Sony World,16465,Weekend,False,Clear,False,0.0,False,False,0.936,Severe,10.7,71.1,372.4,0.148,0.342,0.927,Heavy congestion detected - signal timing extended and reroute suggested
EVT439625,2026-01-26 10:45:26,Religious Festival,J030,MG Road,85965,Weekday,True,Light Rain,True,3.6,False,True,1.0,Severe,7.9,100.5,405.9,0.153,0.354,0.768,Road closure for event/procession - full detour recommended for through-traffic
EVT439626,2026-01-26 10:18:24,Religious Festival,J031,Cubbon Road,35869,Weekday,True,Fog,False,0.0,False,True,1.0,Severe,8.6,93.4,243.5,0.106,0.245,0.836,Road closure for event/procession - full detour recommended for through-traffic
EVT439627,2025-12-03 13:13:48,Political Rally,J020,Malleshwaram Circle,15595,Weekday,False,Clear,False,0.0,False,False,0.31,Low,33.5,18.9,102.7,0.097,0.224,0.935,Moderate traffic flow - standard adaptive signal timing in effect
EVT439628,2025-02-05 18:15:53,Concert,J012,Koramangala Sony World,10053,Weekday,False,Clear,False,0.0,False,False,1.0,Severe,8.2,74.1,574.5,0.21,0.484,0.899,Heavy congestion detected - signal timing extended and reroute suggested
EVT439629,2026-01-22 16:21:58,Trade Fair,J011,Indiranagar 100ft Road,7922,Weekday,False,Fog,False,0.0,False,False,0.554,High,25.4,39.4,201.4,0.158,0.365,0.936,Moderate traffic flow - standard adaptive signal timing in effect
EVT439630,2026-01-28 18:05:01,Concert,J020,Malleshwaram Circle,12238,Weekday,False,Clear,False,0.0,False,False,1.0,Severe,7.9,70.4,488.3,0.163,0.376,0.938,Heavy congestion detected - signal timing extended and reroute suggested
EVT439631,2026-01-29 19:30:51,Sports Fixture,J023,Basavanagudi,47017,Weekday,False,Clear,False,0.0,False,False,1.0,Severe,9.4,70.2,560.5,0.206,0.476,0.922,Heavy congestion detected - signal timing extended and reroute suggested
EVT439632,2026-02-24 12:44:10,Local Market Day,J031,Cubbon Road,4958,Weekday,False,Clear,False,0.0,False,False,0.08,Low,29.1,8.0,150.7,0.097,0.224,0.951,Normal free-flow traffic - standard signal timing maintained
EVT439633,2025-08-28 17:47:25,Religious Festival,J031,Cubbon Road,45484,Weekday,True,Heavy Rain,True,33.0,False,True,1.0,Severe,6.8,95.0,581.4,0.173,0.401,0.799,Road closure for event/procession - full detour recommended for through-traffic
EVT439634,2025-11-03 08:35:38,Local Market Day,J030,MG Road,1964,Weekday,False,Clear,False,0.0,False,False,0.959,Severe,8.7,67.7,258.5,0.107,0.246,0.94,Heavy congestion detected - signal timing extended and reroute suggested
EVT439635,2025-04-05 09:09:36,Concert,J012,Koramangala Sony World,8320,Weekend,False,Clear,False,0.0,False,False,0.891,Severe,13.7,67.9,293.8,0.158,0.365,0.914,Heavy congestion detected - signal timing extended and reroute suggested
EVT439636,2025-08-14 15:13:33,Sports Fixture,J009,Majestic,11447,Weekday,False,Heavy Rain,True,29.5,False,False,0.649,High,20.9,50.1,421.8,0.278,0.643,0.915,Heavy rain reducing visibility and grip - reduced speed and longer buffer advised
EVT439637,2026-06-12 17:12:52,Sports Fixture,J040,City Market,18294,Weekday,False,Clear,False,0.0,False,False,0.802,Severe,15.5,66.6,289.2,0.15,0.346,0.945,Heavy congestion detected - signal timing extended and reroute suggested
EVT439638,2025-01-12 21:45:31,Local Market Day,J040,City Market,2959,Weekend,False,Clear,False,0.0,False,False,0.249,Low,35.3,15.0,86.1,0.081,0.187,0.977,Normal free-flow traffic - standard signal timing maintained
EVT439639,2025-11-19 17:28:53,Concert,J009,Majestic,12712,Weekday,False,Clear,False,0.0,False,False,0.959,Severe,8.1,73.0,657.7,0.218,0.504,0.936,Heavy congestion detected - signal timing extended and reroute suggested
EVT439640,2025-07-28 11:48:55,Trade Fair,J009,Majestic,5198,Weekday,False,Clear,False,0.0,False,False,0.373,Moderate,25.6,28.0,201.5,0.141,0.325,0.949,Moderate traffic flow - standard adaptive signal timing in effect
EVT439641,2026-02-16 17:03:44,Concert,J012,Koramangala Sony World,15309,Weekday,False,Clear,False,0.0,False,False,0.889,Severe,12.8,62.4,621.3,0.281,0.648,0.925,Heavy congestion detected - signal timing extended and reroute suggested
EVT439642,2025-11-22 20:45:50,Concert,J030,MG Road,19201,Weekend,False,Clear,False,0.0,False,False,0.646,High,16.1,48.9,209.0,0.121,0.279,0.945,Moderate traffic flow - standard adaptive signal timing in effect
EVT439643,2025-03-27 08:06:44,Sports Fixture,J009,Majestic,25789,Weekday,False,Clear,False,0.0,False,False,0.999,Severe,7.5,72.8,483.0,0.154,0.355,0.92,Heavy congestion detected - signal timing extended and reroute suggested
EVT439644,2025-07-05 10:23:07,Political Rally,J009,Majestic,20997,Weekend,False,Rain,True,17.2,False,False,0.882,Severe,11.1,58.1,450.5,0.19,0.439,0.886,Heavy rain reducing visibility and grip - reduced speed and longer buffer advised
EVT439645,2025-06-15 17:05:07,Local Market Day,J031,Cubbon Road,7257,Weekend,False,Heavy Rain,True,27.1,False,False,0.936,Severe,8.3,66.3,486.1,0.187,0.432,0.86,Heavy rain reducing visibility and grip - reduced speed and longer buffer advised
EVT439646,2025-11-10 17:46:36,Trade Fair,J011,Indiranagar 100ft Road,8088,Weekday,False,Clear,False,0.0,False,False,1.0,Severe,9.4,68.1,419.9,0.159,0.368,0.913,Heavy congestion detected - signal timing extended and reroute suggested
EVT439647,2025-08-28 15:12:42,Religious Festival,J020,Malleshwaram Circle,29802,Weekday,True,Heavy Rain,True,33.8,False,False,0.98,Severe,8.4,69.2,464.1,0.182,0.421,0.823,Festival crowd surge detected - alternate route and extended cycle recommended
EVT439648,2025-03-25 19:15:37,Trade Fair,J009,Majestic,6338,Weekday,False,Clear,False,0.0,False,False,0.917,Severe,12.0,59.7,366.1,0.184,0.424,0.934,Heavy congestion detected - signal timing extended and reroute suggested
EVT439649,2026-01-29 17:58:26,Trade Fair,J030,MG Road,8128,Weekday,False,Clear,False,0.0,False,False,0.95,Severe,11.4,67.3,461.1,0.207,0.477,0.937,Heavy congestion detected - signal timing extended and reroute suggested
EVT439650,2026-05-09 15:56:06,Concert,J030,MG Road,13819,Weekend,False,Clear,False,0.0,False,False,0.509,Moderate,20.8,29.7,178.3,0.095,0.219,0.952,Moderate traffic flow - standard adaptive signal timing in effect
EVT439651,2025-03-23 08:02:43,Sports Fixture,J040,City Market,22919,Weekend,False,Clear,False,0.0,False,False,0.835,Severe,14.1,59.7,339.4,0.172,0.398,0.975,Heavy congestion detected - signal timing extended and reroute suggested
EVT439652,2025-08-27 18:11:15,Cultural Procession,J023,Basavanagudi,23896,Weekday,True,Clear,False,0.0,False,True,1.0,Severe,6.8,95.3,1110.2,0.303,0.7,0.84,Road closure for event/procession - full detour recommended for through-traffic
EVT439653,2025-09-27 08:42:33,Trade Fair,J023,Basavanagudi,4624,Weekend,False,Heavy Rain,True,26.5,False,False,1.0,Severe,6.8,71.9,786.3,0.235,0.544,0.862,Heavy rain reducing visibility and grip - reduced speed and longer buffer advised
EVT439654,2026-05-04 10:29:44,Political Rally,J023,Basavanagudi,21032,Weekday,False,Rain,True,15.1,False,False,0.933,Severe,10.5,63.4,340.1,0.138,0.318,0.882,Heavy rain reducing visibility and grip - reduced speed and longer buffer advised
EVT439655,2025-04-25 08:25:53,Trade Fair,J023,Basavanagudi,8662,Weekday,False,Clear,False,0.0,False,False,0.995,Severe,9.4,74.3,385.8,0.166,0.383,0.899,Heavy congestion detected - signal timing extended and reroute suggested
EVT439656,2025-12-17 20:07:49,Political Rally,J009,Majestic,28138,Weekday,False,Fog,False,0.0,False,False,0.832,Severe,12.2,52.9,346.8,0.162,0.374,0.966,Heavy congestion detected - signal timing extended and reroute suggested
EVT439657,2026-02-17 07:00:01,Local Market Day,J020,Malleshwaram Circle,2262,Weekday,False,Clear,False,0.0,False,False,0.37,Moderate,31.5,26.3,116.3,0.097,0.225,0.941,Moderate traffic flow - standard adaptive signal timing in effect
EVT439658,2026-03-09 15:35:52,Concert,J009,Majestic,11241,Weekday,False,Clear,False,0.0,False,False,0.377,Moderate,32.1,33.6,224.4,0.205,0.475,0.967,Moderate traffic flow - standard adaptive signal timing in effect
EVT439659,2025-11-03 04:00:12,Sports Fixture,J023,Basavanagudi,13245,Weekday,False,Clear,False,0.0,False,False,0.309,Low,32.1,25.8,71.3,0.042,0.097,0.965,Moderate traffic flow - standard adaptive signal timing in effect
EVT439660,2025-07-10 12:46:13,Concert,J009,Majestic,12735,Weekday,False,Clear,False,0.0,False,False,0.254,Low,40.5,18.0,109.2,0.107,0.247,0.982,Moderate traffic flow - standard adaptive signal timing in effect
EVT439661,2026-02-17 17:33:30,Local Market Day,J020,Malleshwaram Circle,3379,Weekday,False,Clear,False,0.0,False,False,0.855,Severe,12.1,58.2,256.0,0.124,0.286,0.948,Heavy congestion detected - signal timing extended and reroute suggested
EVT439662,2026-05-23 17:13:13,Local Market Day,J040,City Market,3750,Weekend,False,Fog,False,0.0,False,False,0.825,Severe,13.5,54.7,522.0,0.267,0.616,0.946,Heavy congestion detected - signal timing extended and reroute suggested
EVT439663,2026-02-26 17:24:12,Local Market Day,J012,Koramangala Sony World,5575,Weekday,False,Clear,False,0.0,False,False,0.855,Severe,12.8,61.6,442.9,0.197,0.454,0.926,Heavy congestion detected - signal timing extended and reroute suggested
EVT439664,2025-03-27 10:51:36,Local Market Day,J009,Majestic,3061,Weekday,False,Clear,False,0.0,False,False,0.461,Moderate,26.2,31.9,218.4,0.168,0.389,0.962,Moderate traffic flow - standard adaptive signal timing in effect
EVT439665,2025-05-22 08:44:51,Local Market Day,J012,Koramangala Sony World,3288,Weekday,False,Clear,False,0.0,False,False,1.0,Severe,8.0,69.9,599.7,0.2,0.462,0.908,Heavy congestion detected - signal timing extended and reroute suggested
EVT439666,2026-05-31 13:00:49,Sports Fixture,J009,Majestic,18303,Weekend,False,Clear,False,0.0,False,False,0.283,Low,27.8,22.9,174.7,0.129,0.298,0.92,Moderate traffic flow - standard adaptive signal timing in effect
EVT439667,2025-02-19 18:36:49,Local Market Day,J040,City Market,1757,Weekday,False,Clear,False,0.0,False,False,0.977,Severe,12.5,64.4,538.0,0.245,0.566,0.914,Heavy congestion detected - signal timing extended and reroute suggested
EVT439668,2026-01-17 13:29:34,Concert,J031,Cubbon Road,14485,Weekend,False,Fog,False,0.0,False,False,0.317,Low,25.5,22.4,91.9,0.063,0.146,0.961,Moderate traffic flow - standard adaptive signal timing in effect
EVT439669,2025-09-08 22:26:54,Trade Fair,J023,Basavanagudi,7917,Weekday,False,Light Rain,True,4.7,False,False,0.343,Low,24.3,23.6,208.7,0.147,0.339,0.92,Light rain detected - minor speed reduction advised
EVT439670,2025-04-15 06:54:39,Religious Festival,J023,Basavanagudi,22390,Weekday,True,Clear,False,0.0,False,False,0.85,Severe,11.9,64.9,502.4,0.216,0.498,0.889,Festival crowd surge detected - alternate route and extended cycle recommended
EVT439671,2025-07-02 20:54:21,Political Rally,J023,Basavanagudi,13289,Weekday,False,Clear,False,0.0,False,False,0.473,Moderate,24.0,37.9,147.8,0.106,0.245,0.979,Moderate traffic flow - standard adaptive signal timing in effect
EVT439672,2025-11-27 12:10:05,Local Market Day,J011,Indiranagar 100ft Road,3574,Weekday,False,Clear,False,0.0,False,False,0.22,Low,38.3,18.0,168.8,0.175,0.403,0.947,Normal free-flow traffic - standard signal timing maintained
EVT439673,2025-09-07 09:25:36,Sports Fixture,J011,Indiranagar 100ft Road,21056,Weekend,False,Clear,False,0.0,False,False,0.903,Severe,10.8,65.0,289.8,0.125,0.288,0.952,Heavy congestion detected - signal timing extended and reroute suggested
EVT439674,2025-11-28 18:40:03,Sports Fixture,J030,MG Road,29984,Weekday,False,Light Rain,True,6.2,False,False,1.0,Severe,8.4,74.9,350.6,0.132,0.305,0.857,Heavy rain reducing visibility and grip - reduced speed and longer buffer advised
EVT439675,2025-06-27 08:35:44,Sports Fixture,J030,MG Road,17649,Weekday,False,Clear,False,0.0,False,False,0.989,Severe,8.4,67.3,356.1,0.125,0.288,0.912,Heavy congestion detected - signal timing extended and reroute suggested
EVT439676,2025-06-10 17:33:55,Concert,J030,MG Road,19221,Weekday,False,Clear,False,0.0,False,False,0.946,Severe,10.0,74.6,255.3,0.113,0.262,0.933,Heavy congestion detected - signal timing extended and reroute suggested
EVT439677,2025-06-04 09:23:23,Local Market Day,J040,City Market,5766,Weekday,False,Rain,True,8.9,False,False,1.0,Severe,7.2,70.3,257.0,0.08,0.186,0.865,Heavy rain reducing visibility and grip - reduced speed and longer buffer advised
EVT439678,2025-08-26 17:29:38,Trade Fair,J020,Malleshwaram Circle,7387,Weekday,False,Clear,False,0.0,False,False,0.889,Severe,8.8,61.5,464.8,0.17,0.392,0.918,Heavy congestion detected - signal timing extended and reroute suggested
EVT439679,2025-04-10 22:24:32,Concert,J040,City Market,15893,Weekday,False,Clear,False,0.0,False,False,0.248,Low,27.5,19.3,161.6,0.123,0.284,0.99,Normal free-flow traffic - standard signal timing maintained
EVT439680,2025-02-22 09:09:40,Local Market Day,J040,City Market,2884,Weekend,False,Clear,False,0.0,False,False,0.766,Severe,16.8,56.6,265.8,0.142,0.328,0.963,Heavy congestion detected - signal timing extended and reroute suggested
EVT439681,2025-03-06 06:10:37,Local Market Day,J009,Majestic,3829,Weekday,False,Clear,False,0.0,False,False,0.26,Low,27.4,23.3,214.9,0.158,0.365,0.94,Moderate traffic flow - standard adaptive signal timing in effect
EVT439682,2026-05-20 17:57:26,Trade Fair,J020,Malleshwaram Circle,10316,Weekday,False,Clear,False,0.0,False,False,0.973,Severe,9.3,75.7,180.2,0.078,0.18,0.918,Heavy congestion detected - signal timing extended and reroute suggested
EVT439683,2025-05-22 16:58:42,Local Market Day,J020,Malleshwaram Circle,7634,Weekday,False,Clear,False,0.0,False,False,0.784,Severe,18.4,53.9,219.5,0.124,0.287,0.947,Heavy congestion detected - signal timing extended and reroute suggested
EVT439684,2026-03-09 10:26:08,Political Rally,J040,City Market,11594,Weekday,False,Clear,False,0.0,False,False,0.684,High,18.6,51.8,190.3,0.107,0.248,0.964,Moderate traffic flow - standard adaptive signal timing in effect
EVT439685,2025-05-01 17:12:53,Religious Festival,J011,Indiranagar 100ft Road,50061,Weekday,True,Clear,False,0.0,False,True,1.0,Severe,7.9,101.0,502.4,0.179,0.414,0.827,Road closure for event/procession - full detour recommended for through-traffic
EVT439686,2026-06-07 15:49:07,Sports Fixture,J011,Indiranagar 100ft Road,47195,Weekend,False,Rain,True,17.9,False,False,0.837,Severe,11.4,69.2,601.9,0.242,0.558,0.873,Heavy rain reducing visibility and grip - reduced speed and longer buffer advised
EVT439687,2026-03-04 17:28:17,Fireworks Display,J030,MG Road,43238,Weekday,True,Clear,False,0.0,False,False,1.0,Severe,8.2,72.2,458.7,0.165,0.381,0.864,Festival crowd surge detected - alternate route and extended cycle recommended
EVT439688,2026-02-15 15:19:51,Concert,J040,City Market,14595,Weekend,False,Clear,False,0.0,False,False,0.424,Moderate,27.2,27.9,271.5,0.201,0.465,0.96,Moderate traffic flow - standard adaptive signal timing in effect
EVT439689,2025-02-14 10:14:29,Sports Fixture,J009,Majestic,22879,Weekday,False,Clear,False,0.0,False,False,0.834,Severe,15.2,52.3,455.7,0.239,0.551,0.961,Heavy congestion detected - signal timing extended and reroute suggested
EVT439690,2025-07-29 19:41:29,Local Market Day,J020,Malleshwaram Circle,4084,Weekday,False,Clear,False,0.0,False,False,0.839,Severe,15.8,63.2,245.3,0.131,0.303,0.951,Heavy congestion detected - signal timing extended and reroute suggested
EVT439691,2025-08-22 15:07:18,Sports Fixture,J030,MG Road,26092,Weekday,False,Heavy Rain,True,43.5,False,False,0.753,Severe,16.7,62.0,430.5,0.226,0.522,0.923,Heavy rain reducing visibility and grip - reduced speed and longer buffer advised
EVT439692,2026-06-26 00:28:12,Sports Fixture,J040,City Market,39183,Weekday,False,Clear,False,0.0,False,False,0.317,Low,32.2,24.9,181.3,0.167,0.387,0.946,Moderate traffic flow - standard adaptive signal timing in effect
EVT439693,2026-03-17 16:59:27,Sports Fixture,J023,Basavanagudi,21345,Weekday,False,Light Rain,True,0.8,False,False,0.937,Severe,7.9,65.9,650.1,0.234,0.54,0.893,Heavy rain reducing visibility and grip - reduced speed and longer buffer advised
EVT439694,2025-01-18 05:56:06,Concert,J030,MG Road,14764,Weekend,False,Clear,False,0.0,False,False,0.299,Low,20.1,22.3,305.4,0.171,0.396,0.968,Moderate traffic flow - standard adaptive signal timing in effect
EVT439695,2025-02-12 09:06:26,Trade Fair,J023,Basavanagudi,8285,Weekday,False,Clear,False,0.0,False,False,1.0,Severe,6.8,71.0,739.9,0.212,0.489,0.911,Heavy congestion detected - signal timing extended and reroute suggested
EVT439696,2026-03-10 11:01:41,Political Rally,J023,Basavanagudi,32550,Weekday,False,Clear,False,0.0,False,False,0.61,High,20.5,42.5,139.7,0.081,0.186,0.942,Moderate traffic flow - standard adaptive signal timing in effect
EVT439697,2025-10-10 05:48:47,Sports Fixture,J040,City Market,20108,Weekday,False,Clear,False,0.0,False,False,0.333,Low,29.2,24.4,161.3,0.117,0.271,0.986,Moderate traffic flow - standard adaptive signal timing in effect
EVT439698,2025-12-18 07:44:24,Sports Fixture,J012,Koramangala Sony World,18593,Weekday,False,Clear,False,0.0,False,False,0.805,Severe,12.3,56.4,276.7,0.106,0.244,0.945,Heavy congestion detected - signal timing extended and reroute suggested
EVT439699,2026-03-29 14:55:02,Political Rally,J011,Indiranagar 100ft Road,13809,Weekend,False,Clear,False,0.0,False,False,0.351,Moderate,25.0,25.9,148.1,0.096,0.222,0.983,Moderate traffic flow - standard adaptive signal timing in effect
EVT439700,2025-09-07 08:07:11,Trade Fair,J023,Basavanagudi,7864,Weekend,False,Rain,True,21.2,False,False,0.936,Severe,9.5,68.9,619.9,0.233,0.539,0.885,Heavy rain reducing visibility and grip - reduced speed and longer buffer advised
EVT439701,2025-05-04 19:10:46,Local Market Day,J023,Basavanagudi,5880,Weekend,False,Clear,False,0.0,False,False,0.788,Severe,13.2,59.2,239.7,0.111,0.256,0.954,Heavy congestion detected - signal timing extended and reroute suggested
EVT439702,2025-07-21 19:02:08,Political Rally,J012,Koramangala Sony World,7499,Weekday,False,Clear,False,0.0,False,False,1.0,Severe,8.2,75.2,302.9,0.103,0.239,0.919,Heavy congestion detected - signal timing extended and reroute suggested
EVT439703,2025-11-30 10:30:15,Political Rally,J040,City Market,11784,Weekend,False,Clear,False,0.0,False,False,0.585,High,23.4,39.5,205.3,0.143,0.329,0.952,Moderate traffic flow - standard adaptive signal timing in effect
EVT439704,2026-02-06 20:59:08,Trade Fair,J011,Indiranagar 100ft Road,10776,Weekday,False,Clear,False,0.0,False,False,0.406,Moderate,26.6,33.6,169.6,0.123,0.283,0.955,Moderate traffic flow - standard adaptive signal timing in effect
EVT439705,2026-05-13 23:45:04,Political Rally,J023,Basavanagudi,18791,Weekday,False,Rain,True,13.0,False,False,0.444,Moderate,27.8,33.6,222.6,0.159,0.367,0.921,Light rain detected - minor speed reduction advised
EVT439706,2026-01-15 18:57:27,Cultural Procession,J040,City Market,18042,Weekday,True,Clear,False,0.0,False,False,1.0,Severe,8.3,71.3,506.7,0.206,0.477,0.897,Festival crowd surge detected - alternate route and extended cycle recommended
EVT439707,2026-02-06 10:48:04,Sports Fixture,J030,MG Road,36529,Weekday,False,Light Rain,True,5.0,False,False,0.805,Severe,17.9,56.5,462.5,0.291,0.672,0.885,Heavy rain reducing visibility and grip - reduced speed and longer buffer advised
EVT439708,2026-06-29 17:40:21,Concert,J030,MG Road,14527,Weekday,False,Clear,False,0.0,False,False,0.905,Severe,11.5,63.8,155.5,0.06,0.138,0.943,Heavy congestion detected - signal timing extended and reroute suggested
EVT439709,2025-04-09 18:50:04,Trade Fair,J040,City Market,8203,Weekday,False,Clear,False,0.0,False,False,1.0,Severe,7.4,67.9,675.8,0.211,0.487,0.913,Heavy congestion detected - signal timing extended and reroute suggested
EVT439710,2025-07-25 06:52:29,Concert,J020,Malleshwaram Circle,11746,Weekday,False,Heavy Rain,True,61.5,False,False,0.749,High,16.6,57.8,372.2,0.219,0.506,0.91,Heavy rain reducing visibility and grip - reduced speed and longer buffer advised
EVT439711,2026-03-05 01:28:58,Religious Festival,J023,Basavanagudi,97655,Weekday,True,Clear,False,0.0,False,False,0.938,Severe,8.7,65.3,566.5,0.205,0.473,0.894,Festival crowd surge detected - alternate route and extended cycle recommended
EVT439712,2025-03-23 13:44:30,Concert,J009,Majestic,14713,Weekend,False,Clear,False,0.0,False,False,0.331,Low,31.1,24.2,70.6,0.075,0.173,0.951,Moderate traffic flow - standard adaptive signal timing in effect
EVT439713,2025-09-26 17:19:04,Local Market Day,J040,City Market,2108,Weekday,False,Clear,False,0.0,False,False,0.898,Severe,12.6,55.9,684.7,0.313,0.724,0.932,Heavy congestion detected - signal timing extended and reroute suggested
EVT439714,2026-05-07 05:48:16,Concert,J023,Basavanagudi,10930,Weekday,False,Clear,False,0.0,False,False,0.196,Low,28.8,4.3,168.6,0.128,0.295,0.981,Normal free-flow traffic - standard signal timing maintained
EVT439715,2025-07-11 13:29:35,Trade Fair,J009,Majestic,7457,Weekday,False,Clear,False,0.0,False,False,0.189,Low,38.2,12.0,167.7,0.15,0.348,0.968,Normal free-flow traffic - standard signal timing maintained
EVT439716,2025-07-01 21:51:33,Local Market Day,J023,Basavanagudi,4523,Weekday,False,Heavy Rain,True,30.8,False,False,0.555,High,21.6,42.2,269.5,0.204,0.471,0.914,Heavy rain reducing visibility and grip - reduced speed and longer buffer advised
EVT439717,2025-09-30 18:07:52,Trade Fair,J031,Cubbon Road,6467,Weekday,False,Rain,True,23.3,False,False,1.0,Severe,9.8,72.5,570.4,0.22,0.509,0.888,Heavy rain reducing visibility and grip - reduced speed and longer buffer advised
EVT439718,2025-12-08 17:05:06,Trade Fair,J040,City Market,11364,Weekday,False,Clear,False,0.0,False,False,0.764,Severe,19.4,54.6,230.5,0.146,0.338,0.977,Heavy congestion detected - signal timing extended and reroute suggested
EVT439719,2025-01-26 18:39:23,Fireworks Display,J020,Malleshwaram Circle,23723,Weekend,True,Clear,False,0.0,False,False,1.0,Severe,8.9,69.2,683.5,0.221,0.511,0.874,Festival crowd surge detected - alternate route and extended cycle recommended
EVT439720,2025-11-05 13:48:59,Local Market Day,J023,Basavanagudi,3247,Weekday,False,Clear,False,0.0,False,False,0.123,Low,34.8,9.1,87.4,0.069,0.159,0.948,Normal free-flow traffic - standard signal timing maintained
EVT439721,2026-05-13 06:49:37,Local Market Day,J030,MG Road,6367,Weekday,False,Clear,False,0.0,False,False,0.379,Moderate,38.1,32.5,128.1,0.13,0.301,0.952,Moderate traffic flow - standard adaptive signal timing in effect
EVT439722,2026-02-18 21:01:38,Trade Fair,J011,Indiranagar 100ft Road,6890,Weekday,False,Clear,False,0.0,False,False,0.447,Moderate,21.1,33.8,145.6,0.08,0.186,0.93,Moderate traffic flow - standard adaptive signal timing in effect
EVT439723,2025-11-07 11:11:10,Local Market Day,J012,Koramangala Sony World,3423,Weekday,False,Clear,False,0.0,False,False,0.333,Low,25.3,18.8,175.2,0.107,0.248,0.957,Moderate traffic flow - standard adaptive signal timing in effect
EVT439724,2026-05-30 21:35:08,Sports Fixture,J040,City Market,15810,Weekend,False,Rain,True,17.2,False,False,0.581,High,18.4,41.2,276.4,0.15,0.347,0.933,Heavy rain reducing visibility and grip - reduced speed and longer buffer advised
EVT439725,2025-09-20 09:06:06,Local Market Day,J040,City Market,2798,Weekend,False,Light Rain,True,0.4,False,False,0.822,Severe,12.1,60.2,491.5,0.235,0.544,0.908,Heavy rain reducing visibility and grip - reduced speed and longer buffer advised
EVT439726,2025-12-13 06:53:09,Political Rally,J040,City Market,15706,Weekend,False,Clear,False,0.0,False,False,0.484,Moderate,25.4,34.5,117.2,0.072,0.166,0.967,Moderate traffic flow - standard adaptive signal timing in effect
EVT439727,2026-02-16 12:11:39,Sports Fixture,J023,Basavanagudi,33806,Weekday,False,Light Rain,True,4.2,False,False,0.494,Moderate,33.5,34.9,88.0,0.057,0.133,0.944,Light rain detected - minor speed reduction advised
EVT439728,2025-06-17 08:53:13,Concert,J012,Koramangala Sony World,11052,Weekday,False,Fog,False,0.0,False,False,1.0,Severe,9.1,71.3,575.8,0.186,0.429,0.906,Heavy congestion detected - signal timing extended and reroute suggested
EVT439729,2025-09-02 08:06:17,Local Market Day,J012,Koramangala Sony World,4579,Weekday,False,Rain,True,23.9,False,False,1.0,Severe,10.7,69.9,400.9,0.169,0.389,0.887,Heavy rain reducing visibility and grip - reduced speed and longer buffer advised
EVT439730,2025-10-25 15:16:27,Concert,J023,Basavanagudi,12349,Weekend,False,Clear,False,0.0,False,False,0.394,Moderate,21.4,33.7,87.8,0.058,0.134,0.959,Moderate traffic flow - standard adaptive signal timing in effect
EVT439731,2025-09-28 18:33:41,Trade Fair,J030,MG Road,6065,Weekend,False,Clear,False,0.0,False,False,0.862,Severe,11.5,63.5,675.4,0.288,0.666,0.934,Heavy congestion detected - signal timing extended and reroute suggested
EVT439732,2025-09-26 07:12:58,Concert,J031,Cubbon Road,9342,Weekday,False,Clear,False,0.0,False,False,0.486,Moderate,24.9,36.3,209.9,0.16,0.369,0.974,Moderate traffic flow - standard adaptive signal timing in effect
EVT439733,2025-08-31 18:55:05,Local Market Day,J012,Koramangala Sony World,4376,Weekend,False,Rain,True,16.5,False,False,1.0,Severe,9.7,80.1,548.2,0.209,0.483,0.858,Heavy rain reducing visibility and grip - reduced speed and longer buffer advised
EVT439734,2026-04-09 21:30:18,Local Market Day,J031,Cubbon Road,4271,Weekday,False,Clear,False,0.0,False,False,0.323,Low,36.5,24.0,187.0,0.181,0.418,0.964,Moderate traffic flow - standard adaptive signal timing in effect
EVT439735,2025-12-28 12:15:02,Concert,J009,Majestic,3920,Weekend,False,Clear,False,0.0,False,False,0.269,Low,24.3,18.2,193.5,0.121,0.279,0.97,Moderate traffic flow - standard adaptive signal timing in effect
EVT439736,2025-10-28 08:51:08,Local Market Day,J012,Koramangala Sony World,6579,Weekday,False,Heavy Rain,True,42.7,False,False,1.0,Severe,8.4,75.6,838.9,0.29,0.671,0.829,Heavy rain reducing visibility and grip - reduced speed and longer buffer advised
EVT439737,2025-02-27 10:24:25,Concert,J023,Basavanagudi,10790,Weekday,False,Clear,False,0.0,False,False,0.701,High,19.5,45.6,239.8,0.165,0.382,0.954,Moderate traffic flow - standard adaptive signal timing in effect
EVT439738,2026-01-22 16:12:58,Local Market Day,J030,MG Road,2386,Weekday,False,Clear,False,0.0,False,False,0.537,Moderate,28.8,35.0,132.0,0.097,0.223,0.983,Moderate traffic flow - standard adaptive signal timing in effect
EVT439739,2025-05-04 11:09:36,Local Market Day,J012,Koramangala Sony World,3342,Weekend,False,Light Rain,True,1.5,False,False,0.47,Moderate,22.9,31.7,241.4,0.17,0.392,0.913,Light rain detected - minor speed reduction advised
EVT439740,2026-06-21 17:29:12,Sports Fixture,J030,MG Road,9404,Weekend,False,Clear,False,0.0,False,False,0.773,Severe,14.5,53.7,268.5,0.166,0.382,0.955,Heavy congestion detected - signal timing extended and reroute suggested
EVT439741,2026-06-01 15:43:28,Trade Fair,J012,Koramangala Sony World,9443,Weekday,False,Heavy Rain,True,40.8,False,False,0.73,High,17.5,60.1,169.4,0.108,0.249,0.875,Heavy rain reducing visibility and grip - reduced speed and longer buffer advised
EVT439742,2025-08-25 08:56:36,Sports Fixture,J040,City Market,24540,Weekday,False,Clear,False,0.0,False,False,1.0,Severe,8.9,69.0,404.5,0.159,0.367,0.905,Heavy congestion detected - signal timing extended and reroute suggested
EVT439743,2025-05-20 22:28:22,Sports Fixture,J009,Majestic,17775,Weekday,False,Clear,False,0.0,False,False,0.325,Low,30.5,14.7,105.3,0.092,0.213,0.979,Moderate traffic flow - standard adaptive signal timing in effect
EVT439744,2026-04-02 19:58:43,Local Market Day,J031,Cubbon Road,4771,Weekday,False,Clear,False,0.0,False,False,0.695,High,20.5,52.1,282.8,0.188,0.434,0.942,Moderate traffic flow - standard adaptive signal timing in effect
EVT439745,2025-07-26 19:21:20,Trade Fair,J009,Majestic,7659,Weekend,False,Clear,False,0.0,False,False,0.785,Severe,14.2,54.8,373.3,0.19,0.439,0.964,Heavy congestion detected - signal timing extended and reroute suggested
EVT439746,2025-04-23 12:19:40,Political Rally,J023,Basavanagudi,9792,Weekday,False,Clear,False,0.0,False,False,0.232,Low,24.8,14.3,193.6,0.132,0.306,0.928,Normal free-flow traffic - standard signal timing maintained
EVT439747,2025-09-05 18:57:45,Religious Festival,J031,Cubbon Road,53576,Weekday,True,Rain,True,20.8,False,True,1.0,Severe,9.2,106.2,478.0,0.193,0.446,0.801,Road closure for event/procession - full detour recommended for through-traffic
EVT439748,2025-07-19 08:22:41,Trade Fair,J009,Majestic,11117,Weekend,False,Heavy Rain,True,54.7,False,False,1.0,Severe,8.2,74.6,744.1,0.248,0.574,0.843,Heavy rain reducing visibility and grip - reduced speed and longer buffer advised
EVT439749,2025-04-20 08:55:55,Local Market Day,J020,Malleshwaram Circle,6930,Weekend,False,Light Rain,True,1.6,False,False,0.939,Severe,9.9,67.3,739.4,0.288,0.665,0.882,Heavy rain reducing visibility and grip - reduced speed and longer buffer advised
EVT439750,2025-12-10 15:50:46,Trade Fair,J020,Malleshwaram Circle,8607,Weekday,False,Clear,False,0.0,False,False,0.457,Moderate,23.8,34.9,151.6,0.111,0.255,0.954,Moderate traffic flow - standard adaptive signal timing in effect
EVT439751,2025-09-13 07:12:28,Political Rally,J031,Cubbon Road,20182,Weekend,False,Rain,True,22.9,False,False,0.745,High,16.7,59.4,476.4,0.257,0.594,0.887,Heavy rain reducing visibility and grip - reduced speed and longer buffer advised
EVT439752,2026-05-19 12:05:14,Concert,J031,Cubbon Road,9468,Weekday,False,Clear,False,0.0,False,False,0.194,Low,32.6,17.0,111.2,0.078,0.181,0.971,Normal free-flow traffic - standard signal timing maintained
EVT439753,2026-01-06 16:35:23,Sports Fixture,J030,MG Road,18750,Weekday,False,Clear,False,0.0,False,False,0.619,High,25.4,42.6,199.6,0.15,0.346,0.928,Moderate traffic flow - standard adaptive signal timing in effect
EVT439754,2025-09-11 06:19:19,Sports Fixture,J012,Koramangala Sony World,17551,Weekday,False,Clear,False,0.0,False,False,0.329,Low,28.2,19.9,157.2,0.14,0.323,0.967,Moderate traffic flow - standard adaptive signal timing in effect
EVT439755,2025-09-12 16:18:31,Local Market Day,J011,Indiranagar 100ft Road,2751,Weekday,False,Clear,False,0.0,False,False,0.41,Moderate,24.8,33.7,196.6,0.143,0.33,0.974,Moderate traffic flow - standard adaptive signal timing in effect
EVT439756,2025-02-21 09:01:09,Local Market Day,J012,Koramangala Sony World,3219,Weekday,False,Light Rain,True,0.2,False,False,1.0,Severe,9.7,70.1,650.2,0.237,0.547,0.841,Heavy rain reducing visibility and grip - reduced speed and longer buffer advised
EVT439757,2025-11-23 19:56:44,Political Rally,J012,Koramangala Sony World,21578,Weekend,False,Clear,False,0.0,False,False,0.764,Severe,15.5,49.8,362.8,0.197,0.455,0.953,Heavy congestion detected - signal timing extended and reroute suggested
EVT439758,2025-01-07 08:20:47,Trade Fair,J023,Basavanagudi,14175,Weekday,False,Clear,False,0.0,False,False,1.0,Severe,7.2,71.8,669.3,0.201,0.465,0.901,Heavy congestion detected - signal timing extended and reroute suggested
EVT439759,2026-03-06 09:45:30,Trade Fair,J031,Cubbon Road,8400,Weekday,False,Clear,False,0.0,False,False,0.922,Severe,13.1,60.8,369.3,0.165,0.382,0.935,Heavy congestion detected - signal timing extended and reroute suggested
EVT439760,2026-02-01 14:41:17,Local Market Day,J020,Malleshwaram Circle,2034,Weekend,False,Clear,False,0.0,False,False,0.266,Low,33.6,14.8,129.6,0.112,0.259,0.949,Moderate traffic flow - standard adaptive signal timing in effect
EVT439761,2025-08-08 18:18:08,Trade Fair,J023,Basavanagudi,11863,Weekday,False,Clear,False,0.0,False,False,0.983,Severe,7.6,61.9,645.0,0.208,0.481,0.926,Heavy congestion detected - signal timing extended and reroute suggested
EVT439762,2026-06-16 08:46:48,Trade Fair,J020,Malleshwaram Circle,6754,Weekday,False,Rain,True,17.7,False,False,1.0,Severe,9.5,74.0,630.8,0.249,0.576,0.869,Heavy rain reducing visibility and grip - reduced speed and longer buffer advised
EVT439763,2025-01-09 17:58:40,Sports Fixture,J011,Indiranagar 100ft Road,35012,Weekday,False,Clear,False,0.0,False,False,1.0,Severe,8.5,73.4,622.7,0.229,0.53,0.906,Heavy congestion detected - signal timing extended and reroute suggested
EVT439764,2025-08-02 11:52:22,Sports Fixture,J040,City Market,11829,Weekend,False,Light Rain,True,6.6,False,False,0.461,Moderate,30.7,32.4,88.7,0.062,0.144,0.93,Light rain detected - minor speed reduction advised
EVT439765,2025-06-13 18:22:09,Sports Fixture,J031,Cubbon Road,17339,Weekday,False,Clear,False,0.0,False,False,1.0,Severe,7.7,75.3,634.5,0.199,0.46,0.929,Heavy congestion detected - signal timing extended and reroute suggested
EVT439766,2025-05-26 07:49:03,Concert,J023,Basavanagudi,13126,Weekday,False,Clear,False,0.0,False,False,0.833,Severe,14.6,60.8,344.5,0.19,0.438,0.952,Heavy congestion detected - signal timing extended and reroute suggested
EVT439767,2025-02-18 18:20:40,Sports Fixture,J040,City Market,16956,Weekday,False,Clear,False,0.0,False,False,1.0,Severe,9.2,68.3,441.2,0.181,0.418,0.92,Heavy congestion detected - signal timing extended and reroute suggested
EVT439768,2026-02-02 17:37:15,Trade Fair,J040,City Market,8962,Weekday,False,Clear,False,0.0,False,False,1.0,Severe,7.8,69.7,439.7,0.146,0.336,0.892,Heavy congestion detected - signal timing extended and reroute suggested
EVT439769,2026-06-25 23:49:28,Trade Fair,J020,Malleshwaram Circle,10385,Weekday,False,Light Rain,True,7.4,False,False,0.282,Low,22.4,16.1,216.9,0.139,0.322,0.923,Light rain detected - minor speed reduction advised
EVT439770,2026-04-04 07:36:58,Trade Fair,J040,City Market,7035,Weekend,False,Clear,False,0.0,False,False,0.736,High,17.1,51.1,433.8,0.233,0.539,0.968,Moderate traffic flow - standard adaptive signal timing in effect
EVT439771,2025-09-27 13:12:53,Sports Fixture,J011,Indiranagar 100ft Road,22987,Weekend,False,Clear,False,0.0,False,False,0.429,Moderate,24.5,35.6,148.3,0.107,0.246,0.969,Moderate traffic flow - standard adaptive signal timing in effect
EVT439772,2025-06-18 09:14:09,Concert,J023,Basavanagudi,10620,Weekday,False,Clear,False,0.0,False,False,1.0,Severe,8.7,69.4,963.4,0.338,0.781,0.905,Heavy congestion detected - signal timing extended and reroute suggested
EVT439773,2026-05-27 18:27:21,Local Market Day,J012,Koramangala Sony World,7757,Weekday,False,Clear,False,0.0,False,False,0.979,Severe,8.1,69.0,634.7,0.207,0.478,0.907,Heavy congestion detected - signal timing extended and reroute suggested
EVT439774,2025-03-03 08:58:25,Trade Fair,J023,Basavanagudi,5261,Weekday,False,Clear,False,0.0,False,False,0.956,Severe,9.9,70.0,405.5,0.144,0.333,0.908,Heavy congestion detected - signal timing extended and reroute suggested
EVT439775,2026-02-22 10:39:07,Sports Fixture,J009,Majestic,23539,Weekend,False,Clear,False,0.0,False,False,0.644,High,20.3,51.0,242.6,0.173,0.4,0.961,Moderate traffic flow - standard adaptive signal timing in effect
EVT439776,2025-03-13 06:26:37,Trade Fair,J009,Majestic,8682,Weekday,False,Clear,False,0.0,False,False,0.363,Moderate,37.2,25.4,172.4,0.169,0.391,0.97,Moderate traffic flow - standard adaptive signal timing in effect
EVT439777,2025-02-12 21:33:32,Local Market Day,J023,Basavanagudi,5755,Weekday,False,Clear,False,0.0,False,False,0.289,Low,29.2,21.0,213.8,0.175,0.404,0.978,Moderate traffic flow - standard adaptive signal timing in effect
EVT439778,2025-05-01 19:58:42,Religious Festival,J031,Cubbon Road,35907,Weekday,True,Light Rain,True,2.6,False,True,1.0,Severe,10.3,113.2,516.1,0.229,0.53,0.773,Road closure for event/procession - full detour recommended for through-traffic
EVT439779,2026-04-24 10:39:38,Concert,J020,Malleshwaram Circle,16065,Weekday,False,Clear,False,0.0,False,False,0.589,High,23.0,47.4,269.4,0.179,0.414,0.967,Moderate traffic flow - standard adaptive signal timing in effect
EVT439780,2025-11-07 20:43:28,Sports Fixture,J011,Indiranagar 100ft Road,26413,Weekday,False,Clear,False,0.0,False,False,0.641,High,24.7,48.6,308.7,0.219,0.507,0.978,Moderate traffic flow - standard adaptive signal timing in effect
EVT439781,2025-05-06 16:57:12,Local Market Day,J012,Koramangala Sony World,2638,Weekday,False,Clear,False,0.0,False,False,0.707,High,16.7,49.8,297.1,0.185,0.428,0.968,Moderate traffic flow - standard adaptive signal timing in effect
EVT439782,2025-07-11 14:32:16,Local Market Day,J011,Indiranagar 100ft Road,5054,Weekday,False,Heavy Rain,True,48.4,False,False,0.601,High,21.5,46.6,122.6,0.083,0.192,0.912,Heavy rain reducing visibility and grip - reduced speed and longer buffer advised
EVT439783,2026-05-07 17:27:39,Sports Fixture,J020,Malleshwaram Circle,22915,Weekday,False,Clear,False,0.0,False,False,0.926,Severe,12.1,63.9,447.2,0.2,0.462,0.929,Heavy congestion detected - signal timing extended and reroute suggested
EVT439784,2025-07-03 17:04:40,Sports Fixture,J012,Koramangala Sony World,14141,Weekday,False,Clear,False,0.0,False,False,0.771,Severe,15.6,51.6,311.4,0.18,0.417,0.971,Heavy congestion detected - signal timing extended and reroute suggested
EVT439785,2025-01-01 12:17:55,Trade Fair,J011,Indiranagar 100ft Road,12307,Weekday,False,Clear,False,0.0,False,False,0.214,Low,34.0,9.7,107.0,0.11,0.255,0.981,Normal free-flow traffic - standard signal timing maintained
EVT439786,2025-04-21 14:54:55,Concert,J023,Basavanagudi,8226,Weekday,False,Clear,False,0.0,False,False,0.27,Low,25.5,22.3,88.8,0.056,0.13,0.964,Moderate traffic flow - standard adaptive signal timing in effect
EVT439787,2026-06-11 10:07:47,Local Market Day,J020,Malleshwaram Circle,5345,Weekday,False,Clear,False,0.0,False,False,0.786,Severe,14.3,64.1,428.9,0.199,0.46,0.967,Heavy congestion detected - signal timing extended and reroute suggested
EVT439788,2025-05-10 09:32:37,Local Market Day,J030,MG Road,3942,Weekend,False,Clear,False,0.0,False,False,0.825,Severe,12.3,56.6,381.5,0.18,0.415,0.971,Heavy congestion detected - signal timing extended and reroute suggested
EVT439789,2026-03-05 08:41:33,Religious Festival,J011,Indiranagar 100ft Road,48759,Weekday,True,Clear,False,0.0,False,True,1.0,Severe,8.4,103.7,702.3,0.256,0.591,0.832,Road closure for event/procession - full detour recommended for through-traffic
EVT439790,2025-04-03 11:13:12,Political Rally,J040,City Market,17793,Weekday,False,Clear,False,0.0,False,False,0.497,Moderate,20.2,40.5,225.8,0.156,0.36,0.945,Moderate traffic flow - standard adaptive signal timing in effect
EVT439791,2025-05-03 22:37:31,Local Market Day,J030,MG Road,1916,Weekend,False,Clear,False,0.0,False,False,0.261,Low,26.7,20.6,92.2,0.076,0.175,0.956,Moderate traffic flow - standard adaptive signal timing in effect
EVT439792,2025-04-06 12:23:58,Fireworks Display,J030,MG Road,20229,Weekend,True,Clear,False,0.0,False,False,0.605,High,24.7,37.9,260.3,0.22,0.508,0.907,Festival crowd surge detected - alternate route and extended cycle recommended
EVT439793,2026-05-08 17:04:58,Local Market Day,J030,MG Road,3903,Weekday,False,Clear,False,0.0,False,False,0.796,Severe,14.1,54.5,363.4,0.179,0.414,0.945,Heavy congestion detected - signal timing extended and reroute suggested
EVT439794,2026-05-11 17:54:06,Political Rally,J011,Indiranagar 100ft Road,13052,Weekday,False,Rain,True,22.7,False,False,1.0,Severe,8.3,67.3,847.6,0.268,0.618,0.865,Heavy rain reducing visibility and grip - reduced speed and longer buffer advised
EVT439795,2025-08-01 09:22:34,Sports Fixture,J040,City Market,17264,Weekday,False,Heavy Rain,True,65.0,False,False,1.0,Severe,7.8,73.3,907.5,0.284,0.655,0.862,Heavy rain reducing visibility and grip - reduced speed and longer buffer advised
EVT439796,2025-12-13 18:22:26,Trade Fair,J009,Majestic,11162,Weekend,False,Clear,False,0.0,False,False,0.846,Severe,16.8,63.0,414.8,0.229,0.53,0.966,Heavy congestion detected - signal timing extended and reroute suggested
EVT439797,2025-06-07 19:49:07,Concert,J023,Basavanagudi,16441,Weekend,False,Clear,False,0.0,False,False,0.834,Severe,13.9,62.3,420.8,0.217,0.502,0.967,Heavy congestion detected - signal timing extended and reroute suggested
EVT439798,2025-04-03 19:53:30,Concert,J011,Indiranagar 100ft Road,10065,Weekday,False,Clear,False,0.0,False,False,0.728,High,19.3,55.8,226.6,0.139,0.322,0.969,Moderate traffic flow - standard adaptive signal timing in effect
EVT439799,2026-03-17 09:09:53,Local Market Day,J040,City Market,4956,Weekday,False,Clear,False,0.0,False,False,1.0,Severe,9.3,71.5,492.9,0.197,0.454,0.924,Heavy congestion detected - signal timing extended and reroute suggested
EVT439800,2025-02-11 17:33:00,Local Market Day,J009,Majestic,1521,Weekday,False,Clear,False,0.0,False,False,0.862,Severe,13.7,61.4,446.4,0.238,0.549,0.946,Heavy congestion detected - signal timing extended and reroute suggested
EVT439801,2025-11-18 18:23:34,Trade Fair,J009,Majestic,7992,Weekday,False,Clear,False,0.0,False,False,0.994,Severe,7.7,75.8,435.6,0.166,0.383,0.912,Heavy congestion detected - signal timing extended and reroute suggested
EVT439802,2025-11-08 08:10:35,Sports Fixture,J012,Koramangala Sony World,13722,Weekend,False,Clear,False,0.0,False,False,0.738,High,17.7,45.7,190.8,0.13,0.299,0.96,Moderate traffic flow - standard adaptive signal timing in effect
EVT439803,2025-06-10 08:56:35,Trade Fair,J023,Basavanagudi,7784,Weekday,False,Clear,False,0.0,False,False,0.978,Severe,10.0,67.1,416.0,0.195,0.449,0.903,Heavy congestion detected - signal timing extended and reroute suggested
EVT439804,2025-03-22 20:56:20,Concert,J009,Majestic,11777,Weekend,False,Clear,False,0.0,False,False,0.472,Moderate,28.7,27.8,199.1,0.165,0.381,0.966,Moderate traffic flow - standard adaptive signal timing in effect
EVT439805,2025-08-12 16:56:18,Local Market Day,J011,Indiranagar 100ft Road,3435,Weekday,False,Light Rain,True,7.0,False,False,0.81,Severe,13.7,58.6,474.0,0.25,0.577,0.911,Heavy rain reducing visibility and grip - reduced speed and longer buffer advised
EVT439806,2025-04-27 10:27:43,Trade Fair,J011,Indiranagar 100ft Road,14226,Weekend,False,Clear,False,0.0,False,False,0.622,High,24.9,43.7,177.3,0.14,0.324,0.953,Moderate traffic flow - standard adaptive signal timing in effect
EVT439807,2025-08-19 16:30:39,Trade Fair,J031,Cubbon Road,9610,Weekday,False,Rain,True,11.8,False,False,0.711,High,17.1,51.4,391.0,0.208,0.481,0.901,Heavy rain reducing visibility and grip - reduced speed and longer buffer advised
EVT439808,2026-01-30 20:03:17,Sports Fixture,J031,Cubbon Road,15589,Weekday,False,Clear,False,0.0,False,False,0.754,Severe,15.3,49.3,383.9,0.201,0.465,0.948,Heavy congestion detected - signal timing extended and reroute suggested
EVT439809,2026-05-05 18:10:42,Sports Fixture,J031,Cubbon Road,8524,Weekday,False,Clear,False,0.0,False,False,1.0,Severe,9.1,72.7,294.8,0.12,0.277,0.929,Heavy congestion detected - signal timing extended and reroute suggested
EVT439810,2025-01-23 21:16:46,Sports Fixture,J031,Cubbon Road,16953,Weekday,False,Clear,False,0.0,False,False,0.473,Moderate,21.3,37.2,200.6,0.132,0.306,0.953,Moderate traffic flow - standard adaptive signal timing in effect
EVT439811,2026-05-03 19:58:43,Concert,J040,City Market,7696,Weekend,False,Clear,False,0.0,False,False,0.716,High,22.2,49.8,318.1,0.221,0.511,0.978,Moderate traffic flow - standard adaptive signal timing in effect
EVT439812,2025-09-25 18:51:56,Trade Fair,J040,City Market,9740,Weekday,False,Clear,False,0.0,False,False,1.0,Severe,7.6,72.9,672.7,0.212,0.489,0.911,Heavy congestion detected - signal timing extended and reroute suggested
EVT439813,2026-01-22 17:54:57,Concert,J009,Majestic,12522,Weekday,False,Clear,False,0.0,False,False,1.0,Severe,9.1,68.2,889.7,0.29,0.67,0.91,Heavy congestion detected - signal timing extended and reroute suggested
EVT439814,2025-07-27 16:54:03,Concert,J031,Cubbon Road,12748,Weekend,False,Heavy Rain,True,42.8,False,False,0.98,Severe,9.9,66.2,472.6,0.188,0.434,0.877,Heavy rain reducing visibility and grip - reduced speed and longer buffer advised
EVT439815,2025-10-28 14:51:08,Local Market Day,J011,Indiranagar 100ft Road,4175,Weekday,False,Clear,False,0.0,False,False,0.248,Low,33.4,18.8,50.3,0.051,0.117,0.95,Normal free-flow traffic - standard signal timing maintained
EVT439816,2025-03-14 18:07:23,Religious Festival,J023,Basavanagudi,35134,Weekday,True,Clear,False,0.0,False,False,1.0,Severe,6.1,75.9,854.3,0.213,0.492,0.855,Festival crowd surge detected - alternate route and extended cycle recommended
EVT439817,2025-02-13 20:21:34,Concert,J030,MG Road,12245,Weekday,False,Clear,False,0.0,False,False,0.713,High,18.3,44.6,279.7,0.172,0.398,0.969,Moderate traffic flow - standard adaptive signal timing in effect
EVT439818,2025-10-02 17:51:16,Religious Festival,J040,City Market,43992,Weekday,True,Clear,False,0.0,False,True,1.0,Severe,8.1,106.2,793.6,0.242,0.56,0.833,Road closure for event/procession - full detour recommended for through-traffic
EVT439819,2026-05-25 06:05:27,Sports Fixture,J023,Basavanagudi,13355,Weekday,False,Clear,False,0.0,False,False,0.337,Low,27.3,22.7,211.4,0.156,0.36,0.983,Moderate traffic flow - standard adaptive signal timing in effect
EVT439820,2025-09-13 17:27:44,Concert,J009,Majestic,12185,Weekend,False,Clear,False,0.0,False,False,0.878,Severe,12.9,66.1,403.0,0.202,0.467,0.954,Heavy congestion detected - signal timing extended and reroute suggested
EVT439821,2025-01-13 12:35:18,Local Market Day,J030,MG Road,2749,Weekday,False,Clear,False,0.0,False,False,0.274,Low,31.8,15.6,163.0,0.123,0.285,0.98,Moderate traffic flow - standard adaptive signal timing in effect
EVT439822,2026-04-30 18:54:38,Sports Fixture,J030,MG Road,41581,Weekday,False,Light Rain,True,3.7,False,False,1.0,Severe,7.2,76.1,857.4,0.258,0.597,0.862,Heavy rain reducing visibility and grip - reduced speed and longer buffer advised
EVT439823,2025-03-29 16:19:23,Concert,J031,Cubbon Road,18558,Weekend,False,Clear,False,0.0,False,False,0.571,High,22.7,37.2,179.8,0.12,0.277,0.956,Moderate traffic flow - standard adaptive signal timing in effect
EVT439824,2025-08-10 19:31:17,Sports Fixture,J009,Majestic,20133,Weekend,False,Light Rain,True,2.3,False,False,0.905,Severe,11.4,65.3,369.0,0.177,0.41,0.903,Heavy rain reducing visibility and grip - reduced speed and longer buffer advised
EVT439825,2026-02-16 18:32:07,Concert,J031,Cubbon Road,15633,Weekday,False,Clear,False,0.0,False,False,1.0,Severe,8.2,73.2,575.3,0.184,0.426,0.915,Heavy congestion detected - signal timing extended and reroute suggested
EVT439826,2025-01-20 09:49:29,Trade Fair,J040,City Market,13987,Weekday,False,Clear,False,0.0,False,False,0.93,Severe,10.4,67.2,557.3,0.245,0.565,0.941,Heavy congestion detected - signal timing extended and reroute suggested
EVT439827,2025-05-23 23:47:35,Sports Fixture,J020,Malleshwaram Circle,20899,Weekday,False,Light Rain,True,6.7,False,False,0.383,Moderate,27.5,30.9,259.7,0.18,0.416,0.922,Light rain detected - minor speed reduction advised
EVT439828,2025-03-15 12:57:27,Religious Festival,J030,MG Road,60062,Weekend,True,Clear,False,0.0,False,True,0.93,Severe,11.1,91.1,660.0,0.275,0.634,0.861,Road closure for event/procession - full detour recommended for through-traffic
EVT439829,2026-06-27 07:28:59,Trade Fair,J023,Basavanagudi,12948,Weekend,False,Clear,False,0.0,False,False,0.559,High,19.6,42.3,201.4,0.131,0.303,0.961,Moderate traffic flow - standard adaptive signal timing in effect
EVT439830,2025-03-21 18:02:28,Local Market Day,J023,Basavanagudi,2949,Weekday,False,Clear,False,0.0,False,False,1.0,Severe,9.8,77.8,394.0,0.174,0.401,0.895,Heavy congestion detected - signal timing extended and reroute suggested
EVT439831,2025-06-20 18:55:12,Local Market Day,J011,Indiranagar 100ft Road,3751,Weekday,False,Fog,False,0.0,False,False,1.0,Severe,7.6,72.5,265.2,0.106,0.245,0.906,Heavy congestion detected - signal timing extended and reroute suggested
EVT439832,2026-05-02 08:25:02,Religious Festival,J030,MG Road,56442,Weekend,True,Heavy Rain,True,29.4,False,True,1.0,Severe,7.7,99.8,1113.8,0.338,0.781,0.8,Road closure for event/procession - full detour recommended for through-traffic
EVT439833,2025-03-20 14:16:36,Concert,J009,Majestic,7767,Weekday,False,Clear,False,0.0,False,False,0.166,Low,41.3,12.9,97.4,0.102,0.235,0.99,Normal free-flow traffic - standard signal timing maintained
EVT439834,2025-12-05 19:19:56,Local Market Day,J011,Indiranagar 100ft Road,2495,Weekday,False,Clear,False,0.0,False,False,0.925,Severe,10.8,63.9,660.9,0.261,0.603,0.918,Heavy congestion detected - signal timing extended and reroute suggested
EVT439835,2026-04-14 18:41:18,Cultural Procession,J020,Malleshwaram Circle,36328,Weekday,True,Rain,True,7.8,False,True,1.0,Severe,8.6,103.2,565.9,0.197,0.455,0.776,Road closure for event/procession - full detour recommended for through-traffic
EVT439836,2025-10-17 18:34:03,Political Rally,J040,City Market,21732,Weekday,False,Light Rain,True,5.6,False,False,1.0,Severe,7.4,74.6,461.3,0.138,0.319,0.883,Heavy rain reducing visibility and grip - reduced speed and longer buffer advised
EVT439837,2026-01-12 07:48:40,Local Market Day,J011,Indiranagar 100ft Road,2248,Weekday,False,Clear,False,0.0,False,False,0.716,High,14.6,49.7,428.3,0.189,0.436,0.987,Moderate traffic flow - standard adaptive signal timing in effect
EVT439838,2025-06-27 08:20:56,Sports Fixture,J040,City Market,11874,Weekday,False,Rain,True,24.9,False,False,1.0,Severe,7.2,70.8,394.7,0.115,0.266,0.87,Heavy rain reducing visibility and grip - reduced speed and longer buffer advised
EVT439839,2025-02-12 18:55:34,Trade Fair,J011,Indiranagar 100ft Road,10558,Weekday,False,Clear,False,0.0,False,False,1.0,Severe,9.3,73.7,583.1,0.214,0.494,0.899,Heavy congestion detected - signal timing extended and reroute suggested
EVT439840,2025-10-17 08:00:21,Trade Fair,J020,Malleshwaram Circle,8199,Weekday,False,Clear,False,0.0,False,False,0.833,Severe,19.0,60.3,311.4,0.189,0.436,0.958,Heavy congestion detected - signal timing extended and reroute suggested
EVT439841,2025-06-24 07:26:39,Sports Fixture,J030,MG Road,21043,Weekday,False,Clear,False,0.0,False,False,0.737,High,18.3,53.7,130.7,0.079,0.182,0.975,Moderate traffic flow - standard adaptive signal timing in effect
EVT439842,2025-02-15 12:51:01,Political Rally,J009,Majestic,15064,Weekend,False,Clear,False,0.0,False,False,0.289,Low,32.6,19.0,148.0,0.126,0.291,0.99,Moderate traffic flow - standard adaptive signal timing in effect
EVT439843,2025-12-30 12:44:57,Concert,J040,City Market,23183,Weekday,False,Clear,False,0.0,False,False,0.293,Low,38.3,18.3,143.5,0.146,0.336,0.964,Moderate traffic flow - standard adaptive signal timing in effect
EVT439844,2025-02-15 13:05:33,Concert,J020,Malleshwaram Circle,12003,Weekend,False,Clear,False,0.0,False,False,0.342,Low,25.8,22.2,216.6,0.151,0.349,0.939,Moderate traffic flow - standard adaptive signal timing in effect
EVT439845,2025-12-31 11:15:56,Sports Fixture,J020,Malleshwaram Circle,25636,Weekday,False,Clear,False,0.0,False,False,0.574,High,16.5,36.2,259.7,0.126,0.29,0.961,Moderate traffic flow - standard adaptive signal timing in effect
EVT439846,2025-10-01 09:54:32,Sports Fixture,J030,MG Road,32420,Weekday,False,Rain,True,11.2,False,False,1.0,Severe,7.5,72.2,522.0,0.173,0.399,0.874,Heavy rain reducing visibility and grip - reduced speed and longer buffer advised
EVT439847,2026-03-11 18:22:39,Local Market Day,J020,Malleshwaram Circle,5274,Weekday,False,Clear,False,0.0,False,False,0.943,Severe,9.9,65.2,609.8,0.236,0.544,0.938,Heavy congestion detected - signal timing extended and reroute suggested
EVT439848,2025-08-08 23:07:29,Political Rally,J009,Majestic,10426,Weekday,False,Fog,False,0.0,False,False,0.241,Low,25.3,15.6,95.1,0.076,0.177,0.958,Normal free-flow traffic - standard signal timing maintained
EVT439849,2025-11-15 14:58:35,Sports Fixture,J020,Malleshwaram Circle,16919,Weekend,False,Clear,False,0.0,False,False,0.379,Moderate,29.5,29.5,134.7,0.111,0.256,0.946,Moderate traffic flow - standard adaptive signal timing in effect
EVT439850,2025-12-12 22:26:31,Local Market Day,J023,Basavanagudi,4187,Weekday,False,Clear,False,0.0,False,False,0.163,Low,36.4,13.2,124.2,0.117,0.271,0.982,Normal free-flow traffic - standard signal timing maintained
EVT439851,2025-06-12 08:31:19,Concert,J023,Basavanagudi,12105,Weekday,False,Clear,False,0.0,False,False,0.999,Severe,8.4,73.2,289.0,0.108,0.248,0.914,Heavy congestion detected - signal timing extended and reroute suggested
EVT439852,2026-03-27 15:50:56,Religious Festival,J009,Majestic,66437,Weekday,True,Clear,False,0.0,False,True,1.0,Severe,8.7,104.3,540.1,0.211,0.489,0.824,Road closure for event/procession - full detour recommended for through-traffic
EVT439853,2026-02-07 16:31:58,Local Market Day,J020,Malleshwaram Circle,4614,Weekend,False,Clear,False,0.0,False,False,0.537,Moderate,26.5,37.4,126.7,0.093,0.216,0.945,Moderate traffic flow - standard adaptive signal timing in effect
EVT439854,2025-11-24 12:04:47,Local Market Day,J012,Koramangala Sony World,2838,Weekday,False,Clear,False,0.0,False,False,0.172,Low,38.2,12.6,138.8,0.142,0.327,0.976,Normal free-flow traffic - standard signal timing maintained
EVT439855,2025-12-14 00:01:14,Concert,J020,Malleshwaram Circle,13655,Weekend,False,Clear,False,0.0,False,False,0.205,Low,36.1,16.9,180.7,0.173,0.399,0.955,Normal free-flow traffic - standard signal timing maintained
EVT439856,2026-02-27 12:50:27,Sports Fixture,J009,Majestic,27314,Weekday,False,Clear,False,0.0,False,False,0.316,Low,31.4,30.7,63.6,0.032,0.074,0.973,Moderate traffic flow - standard adaptive signal timing in effect
EVT439857,2026-01-22 20:50:01,Concert,J031,Cubbon Road,8463,Weekday,False,Clear,False,0.0,False,False,0.521,Moderate,22.2,37.5,167.4,0.102,0.235,0.956,Moderate traffic flow - standard adaptive signal timing in effect
EVT439858,2025-09-26 11:03:13,Local Market Day,J009,Majestic,5677,Weekday,False,Light Rain,True,6.2,False,False,0.576,High,21.5,37.4,223.2,0.145,0.335,0.917,Heavy rain reducing visibility and grip - reduced speed and longer buffer advised
EVT439859,2025-11-23 18:42:57,Sports Fixture,J011,Indiranagar 100ft Road,15773,Weekend,False,Clear,False,0.0,False,False,0.918,Severe,11.2,66.6,412.1,0.199,0.459,0.929,Heavy congestion detected - signal timing extended and reroute suggested
EVT439860,2025-02-03 19:49:36,Sports Fixture,J023,Basavanagudi,20140,Weekday,False,Clear,False,0.0,False,False,0.942,Severe,11.2,68.3,333.1,0.149,0.345,0.929,Heavy congestion detected - signal timing extended and reroute suggested
EVT439861,2025-08-10 20:17:22,Sports Fixture,J030,MG Road,30168,Weekend,False,Heavy Rain,True,25.5,False,False,0.976,Severe,8.7,70.5,694.8,0.237,0.546,0.871,Heavy rain reducing visibility and grip - reduced speed and longer buffer advised
EVT439862,2026-01-25 09:48:49,Local Market Day,J012,Koramangala Sony World,2756,Weekend,False,Clear,False,0.0,False,False,0.759,Severe,18.4,57.9,117.4,0.065,0.151,0.984,Heavy congestion detected - signal timing extended and reroute suggested
EVT439863,2025-02-10 08:11:34,Concert,J040,City Market,12779,Weekday,False,Clear,False,0.0,False,False,0.947,Severe,9.1,63.4,441.2,0.163,0.377,0.909,Heavy congestion detected - signal timing extended and reroute suggested
EVT439864,2025-04-25 18:35:37,Trade Fair,J011,Indiranagar 100ft Road,13978,Weekday,False,Clear,False,0.0,False,False,1.0,Severe,8.5,71.8,879.6,0.31,0.717,0.895,Heavy congestion detected - signal timing extended and reroute suggested
EVT439865,2025-04-15 15:40:57,Religious Festival,J023,Basavanagudi,44156,Weekday,True,Clear,False,0.0,False,True,0.95,Severe,6.2,100.9,568.5,0.165,0.381,0.826,Road closure for event/procession - full detour recommended for through-traffic
EVT439866,2026-06-02 17:51:12,Local Market Day,J009,Majestic,4349,Weekday,False,Heavy Rain,True,36.5,False,False,1.0,Severe,6.2,72.3,850.0,0.237,0.547,0.845,Heavy rain reducing visibility and grip - reduced speed and longer buffer advised
EVT439867,2025-09-28 10:17:31,Political Rally,J040,City Market,16313,Weekend,False,Heavy Rain,True,32.1,False,False,1.0,Severe,9.0,63.0,499.8,0.171,0.394,0.881,Heavy rain reducing visibility and grip - reduced speed and longer buffer advised
EVT439868,2025-03-15 07:27:12,Cultural Procession,J030,MG Road,13345,Weekend,True,Clear,False,0.0,False,True,1.0,Severe,7.9,102.7,538.1,0.187,0.432,0.85,Road closure for event/procession - full detour recommended for through-traffic
EVT439869,2025-10-25 16:11:30,Local Market Day,J023,Basavanagudi,5558,Weekend,False,Clear,False,0.0,False,False,0.518,Moderate,21.2,31.5,257.3,0.202,0.466,0.968,Moderate traffic flow - standard adaptive signal timing in effect
EVT439870,2025-12-31 08:23:02,Trade Fair,J031,Cubbon Road,14198,Weekday,False,Clear,False,0.0,False,False,0.986,Severe,7.9,74.0,574.7,0.178,0.412,0.906,Heavy congestion detected - signal timing extended and reroute suggested
EVT439871,2025-04-20 20:51:04,Trade Fair,J012,Koramangala Sony World,7560,Weekend,False,Clear,False,0.0,False,False,0.523,Moderate,24.8,36.7,360.0,0.27,0.624,0.948,Moderate traffic flow - standard adaptive signal timing in effect
EVT439872,2025-10-01 18:06:29,Sports Fixture,J012,Koramangala Sony World,18611,Weekday,False,Clear,False,0.0,False,False,1.0,Severe,9.1,75.7,495.4,0.167,0.385,0.927,Heavy congestion detected - signal timing extended and reroute suggested
EVT439873,2025-05-11 15:31:09,Local Market Day,J020,Malleshwaram Circle,3608,Weekend,False,Rain,True,12.1,False,False,0.52,Moderate,24.7,38.7,184.1,0.132,0.304,0.906,Light rain detected - minor speed reduction advised
EVT439874,2025-01-11 16:29:30,Local Market Day,J012,Koramangala Sony World,2872,Weekend,False,Clear,False,0.0,False,False,0.542,Moderate,26.1,33.1,258.5,0.207,0.478,0.97,Moderate traffic flow - standard adaptive signal timing in effect
EVT439875,2025-08-10 07:55:30,Political Rally,J009,Majestic,18320,Weekend,False,Clear,False,0.0,False,False,0.773,Severe,12.7,51.5,312.2,0.149,0.343,0.95,Heavy congestion detected - signal timing extended and reroute suggested
EVT439876,2025-08-15 16:51:43,Fireworks Display,J011,Indiranagar 100ft Road,20446,Weekday,True,Heavy Rain,True,27.1,False,False,1.0,Severe,9.7,75.0,628.6,0.226,0.522,0.829,Festival crowd surge detected - alternate route and extended cycle recommended
EVT439877,2025-10-27 17:16:01,Trade Fair,J009,Majestic,7789,Weekday,False,Clear,False,0.0,False,False,0.781,Severe,13.0,53.4,286.9,0.131,0.304,0.966,Heavy congestion detected - signal timing extended and reroute suggested
EVT439878,2025-12-06 16:03:49,Concert,J012,Koramangala Sony World,9970,Weekend,False,Clear,False,0.0,False,False,0.464,Moderate,24.3,35.6,234.8,0.145,0.336,0.955,Moderate traffic flow - standard adaptive signal timing in effect
EVT439879,2025-09-26 08:08:56,Trade Fair,J023,Basavanagudi,17660,Weekday,False,Rain,True,14.9,False,False,1.0,Severe,10.3,74.1,303.3,0.136,0.314,0.849,Heavy rain reducing visibility and grip - reduced speed and longer buffer advised
EVT439880,2026-06-24 18:10:40,Sports Fixture,J020,Malleshwaram Circle,21203,Weekday,False,Heavy Rain,True,37.0,False,False,1.0,Severe,7.3,68.1,353.7,0.127,0.294,0.888,Heavy rain reducing visibility and grip - reduced speed and longer buffer advised
EVT439881,2026-05-05 03:00:22,Concert,J023,Basavanagudi,13428,Weekday,False,Clear,False,0.0,False,False,0.232,Low,32.8,13.2,165.8,0.152,0.352,0.99,Normal free-flow traffic - standard signal timing maintained
EVT439882,2025-12-13 19:23:59,Concert,J040,City Market,13397,Weekend,False,Clear,False,0.0,False,False,0.764,Severe,18.5,53.3,329.5,0.209,0.483,0.957,Heavy congestion detected - signal timing extended and reroute suggested
EVT439883,2025-02-22 19:20:50,Concert,J020,Malleshwaram Circle,11028,Weekend,False,Clear,False,0.0,False,False,0.802,Severe,15.5,55.7,449.5,0.254,0.586,0.95,Heavy congestion detected - signal timing extended and reroute suggested
EVT439884,2026-06-08 09:05:24,Concert,J023,Basavanagudi,10828,Weekday,False,Heavy Rain,True,27.5,False,False,1.0,Severe,10.1,67.1,687.6,0.254,0.588,0.878,Heavy rain reducing visibility and grip - reduced speed and longer buffer advised
EVT439885,2025-10-04 22:30:18,Local Market Day,J040,City Market,3229,Weekend,False,Rain,True,9.5,False,False,0.45,Moderate,25.0,34.7,177.4,0.139,0.322,0.911,Light rain detected - minor speed reduction advised
EVT439886,2026-05-16 15:29:10,Local Market Day,J012,Koramangala Sony World,2887,Weekend,False,Clear,False,0.0,False,False,0.35,Low,30.8,25.5,225.0,0.19,0.439,0.968,Moderate traffic flow - standard adaptive signal timing in effect
EVT439887,2025-10-03 13:47:31,Cultural Procession,J020,Malleshwaram Circle,21844,Weekday,True,Clear,False,0.0,False,True,0.606,Moderate,19.9,56.0,148.8,0.089,0.206,0.908,Road closure for event/procession - full detour recommended for through-traffic
EVT439888,2026-02-06 22:25:17,Trade Fair,J020,Malleshwaram Circle,5170,Weekday,False,Clear,False,0.0,False,False,0.207,Low,34.3,14.1,152.8,0.126,0.291,0.953,Normal free-flow traffic - standard signal timing maintained
EVT439889,2025-03-31 20:55:45,Religious Festival,J020,Malleshwaram Circle,117552,Weekday,True,Clear,False,0.0,False,True,1.0,Severe,10.2,105.4,720.8,0.289,0.668,0.82,Road closure for event/procession - full detour recommended for through-traffic
EVT439890,2025-02-23 16:53:56,Sports Fixture,J011,Indiranagar 100ft Road,25302,Weekend,False,Clear,False,0.0,False,False,0.688,High,18.3,51.3,287.1,0.167,0.386,0.96,Moderate traffic flow - standard adaptive signal timing in effect
EVT439891,2025-09-18 17:53:06,Local Market Day,J011,Indiranagar 100ft Road,4426,Weekday,False,Rain,True,17.5,False,False,1.0,Severe,6.9,69.4,755.0,0.218,0.504,0.857,Heavy rain reducing visibility and grip - reduced speed and longer buffer advised
EVT439892,2026-04-04 18:00:21,Sports Fixture,J031,Cubbon Road,14651,Weekend,False,Clear,False,0.0,False,False,0.857,Severe,14.5,62.8,479.6,0.225,0.521,0.954,Heavy congestion detected - signal timing extended and reroute suggested
EVT439893,2025-05-05 12:23:12,Trade Fair,J009,Majestic,8439,Weekday,False,Clear,False,0.0,False,False,0.228,Low,33.5,18.1,87.1,0.069,0.158,0.977,Normal free-flow traffic - standard signal timing maintained
EVT439894,2025-11-08 11:42:35,Local Market Day,J020,Malleshwaram Circle,3106,Weekend,False,Clear,False,0.0,False,False,0.294,Low,25.4,21.6,193.4,0.103,0.239,0.964,Moderate traffic flow - standard adaptive signal timing in effect
EVT439895,2025-05-18 16:34:28,Sports Fixture,J020,Malleshwaram Circle,18410,Weekend,False,Fog,False,0.0,False,False,0.627,High,19.2,49.6,368.5,0.24,0.555,0.949,Moderate traffic flow - standard adaptive signal timing in effect
EVT439896,2026-04-20 16:38:52,Local Market Day,J040,City Market,3433,Weekday,False,Clear,False,0.0,False,False,0.57,High,19.2,40.1,329.1,0.201,0.463,0.968,Moderate traffic flow - standard adaptive signal timing in effect
EVT439897,2025-10-08 16:24:16,Political Rally,J040,City Market,21308,Weekday,False,Clear,False,0.0,False,False,0.732,High,18.6,60.5,256.7,0.164,0.379,0.961,Moderate traffic flow - standard adaptive signal timing in effect
EVT439898,2025-07-19 16:07:11,Sports Fixture,J009,Majestic,22171,Weekend,False,Clear,False,0.0,False,False,0.501,Moderate,26.9,40.1,190.7,0.146,0.338,0.982,Moderate traffic flow - standard adaptive signal timing in effect
EVT439899,2025-09-08 07:32:44,Sports Fixture,J012,Koramangala Sony World,17566,Weekday,False,Clear,False,0.0,False,False,0.734,High,18.6,53.2,135.3,0.089,0.207,0.964,Moderate traffic flow - standard adaptive signal timing in effect
EVT439900,2026-03-16 13:19:22,Trade Fair,J023,Basavanagudi,13152,Weekday,False,Clear,False,0.0,False,False,0.279,Low,27.0,27.5,130.8,0.081,0.187,0.958,Moderate traffic flow - standard adaptive signal timing in effect
EVT439901,2025-02-25 23:19:48,Concert,J009,Majestic,11270,Weekday,False,Clear,False,0.0,False,False,0.199,Low,38.9,7.7,101.8,0.104,0.239,0.97,Normal free-flow traffic - standard signal timing maintained
EVT439902,2025-06-19 07:47:08,Political Rally,J020,Malleshwaram Circle,12484,Weekday,False,Clear,False,0.0,False,False,0.787,Severe,18.9,55.4,263.6,0.158,0.364,0.961,Heavy congestion detected - signal timing extended and reroute suggested
EVT439903,2026-04-25 06:30:52,Political Rally,J030,MG Road,14191,Weekend,False,Clear,False,0.0,False,False,0.435,Moderate,29.1,30.7,175.6,0.155,0.357,0.99,Moderate traffic flow - standard adaptive signal timing in effect
EVT439904,2025-09-04 17:12:15,Concert,J031,Cubbon Road,7981,Weekday,False,Clear,False,0.0,False,False,0.858,Severe,13.6,61.7,337.2,0.162,0.375,0.943,Heavy congestion detected - signal timing extended and reroute suggested
EVT439905,2025-09-20 18:26:27,Local Market Day,J040,City Market,1955,Weekend,False,Clear,False,0.0,False,False,0.847,Severe,12.7,55.9,152.1,0.056,0.13,0.958,Heavy congestion detected - signal timing extended and reroute suggested
EVT439906,2026-05-16 07:48:49,Local Market Day,J030,MG Road,4737,Weekend,False,Clear,False,0.0,False,False,0.666,High,17.3,41.7,302.5,0.184,0.425,0.975,Moderate traffic flow - standard adaptive signal timing in effect
EVT439907,2025-02-11 22:41:14,Sports Fixture,J031,Cubbon Road,22712,Weekday,False,Clear,False,0.0,False,False,0.321,Low,29.3,26.2,147.4,0.119,0.274,0.99,Moderate traffic flow - standard adaptive signal timing in effect
EVT439908,2026-01-16 00:23:37,Concert,J012,Koramangala Sony World,6886,Weekday,False,Clear,False,0.0,False,False,0.223,Low,37.4,21.0,186.9,0.178,0.411,0.982,Normal free-flow traffic - standard signal timing maintained
EVT439909,2025-07-05 07:54:28,Sports Fixture,J009,Majestic,30011,Weekend,False,Rain,True,22.7,False,False,1.0,Severe,10.2,70.4,444.0,0.181,0.419,0.867,Heavy rain reducing visibility and grip - reduced speed and longer buffer advised
EVT439910,2025-02-01 10:06:17,Concert,J012,Koramangala Sony World,7765,Weekend,False,Clear,False,0.0,False,False,0.655,High,24.1,51.5,144.3,0.096,0.222,0.98,Moderate traffic flow - standard adaptive signal timing in effect
EVT439911,2025-04-23 01:46:50,Trade Fair,J023,Basavanagudi,6805,Weekday,False,Clear,False,0.0,False,False,0.231,Low,33.5,16.4,161.1,0.144,0.332,0.95,Normal free-flow traffic - standard signal timing maintained
EVT439912,2025-02-27 08:01:43,Local Market Day,J009,Majestic,2981,Weekday,False,Clear,False,0.0,False,False,0.782,Severe,14.9,56.9,235.8,0.12,0.276,0.966,Heavy congestion detected - signal timing extended and reroute suggested
EVT439913,2025-07-17 08:47:24,Local Market Day,J020,Malleshwaram Circle,3147,Weekday,False,Clear,False,0.0,False,False,1.0,Severe,9.4,73.9,628.4,0.264,0.611,0.891,Heavy congestion detected - signal timing extended and reroute suggested
EVT439914,2025-08-26 17:03:31,Local Market Day,J040,City Market,6200,Weekday,False,Clear,False,0.0,False,False,0.783,Severe,14.7,59.0,452.0,0.216,0.499,0.96,Heavy congestion detected - signal timing extended and reroute suggested
EVT439915,2025-07-29 07:56:16,Concert,J012,Koramangala Sony World,11251,Weekday,False,Rain,True,23.0,False,False,1.0,Severe,8.3,72.3,635.2,0.205,0.473,0.854,Heavy rain reducing visibility and grip - reduced speed and longer buffer advised
EVT439916,2025-10-28 15:08:28,Concert,J040,City Market,7655,Weekday,False,Rain,True,10.9,False,False,0.481,Moderate,19.4,33.0,300.3,0.181,0.419,0.898,Light rain detected - minor speed reduction advised
EVT439917,2025-11-05 12:14:59,Concert,J040,City Market,12556,Weekday,False,Clear,False,0.0,False,False,0.234,Low,34.8,14.1,96.3,0.082,0.19,0.978,Normal free-flow traffic - standard signal timing maintained
EVT439918,2025-10-16 21:35:14,Concert,J040,City Market,10800,Weekday,False,Clear,False,0.0,False,False,0.304,Low,30.3,21.8,233.6,0.172,0.397,0.986,Moderate traffic flow - standard adaptive signal timing in effect
EVT439919,2026-03-17 20:02:27,Concert,J012,Koramangala Sony World,8719,Weekday,False,Fog,False,0.0,False,False,0.859,Severe,15.3,61.6,288.9,0.158,0.365,0.957,Heavy congestion detected - signal timing extended and reroute suggested
EVT439920,2025-03-17 11:10:24,Trade Fair,J040,City Market,16052,Weekday,False,Light Rain,True,1.3,False,False,0.477,Moderate,28.1,33.6,221.3,0.191,0.442,0.897,Light rain detected - minor speed reduction advised
EVT439921,2025-09-21 15:56:55,Trade Fair,J040,City Market,8977,Weekend,False,Clear,False,0.0,False,False,0.47,Moderate,25.3,36.3,298.2,0.242,0.559,0.972,Moderate traffic flow - standard adaptive signal timing in effect
EVT439922,2026-02-05 09:26:50,Sports Fixture,J012,Koramangala Sony World,34995,Weekday,False,Clear,False,0.0,False,False,1.0,Severe,8.3,69.5,673.8,0.235,0.544,0.901,Heavy congestion detected - signal timing extended and reroute suggested
EVT439923,2026-05-16 11:00:22,Trade Fair,J030,MG Road,11741,Weekend,False,Clear,False,0.0,False,False,0.494,Moderate,24.3,33.1,158.0,0.127,0.294,0.96,Moderate traffic flow - standard adaptive signal timing in effect
EVT439924,2025-10-22 19:38:52,Religious Festival,J030,MG Road,56002,Weekday,True,Clear,False,0.0,False,True,1.0,Severe,8.2,100.8,458.9,0.161,0.372,0.813,Road closure for event/procession - full detour recommended for through-traffic
EVT439925,2026-06-19 12:57:42,Sports Fixture,J040,City Market,17140,Weekday,False,Heavy Rain,True,44.7,False,False,0.605,High,19.9,38.1,233.1,0.144,0.333,0.918,Heavy rain reducing visibility and grip - reduced speed and longer buffer advised
EVT439926,2025-08-03 17:40:03,Sports Fixture,J030,MG Road,30136,Weekend,False,Clear,False,0.0,False,False,0.985,Severe,7.7,70.4,838.7,0.268,0.62,0.931,Heavy congestion detected - signal timing extended and reroute suggested
EVT439927,2026-03-26 19:06:22,Religious Festival,J009,Majestic,53600,Weekday,True,Clear,False,0.0,False,True,1.0,Severe,8.1,93.1,377.0,0.16,0.37,0.848,Road closure for event/procession - full detour recommended for through-traffic
EVT439928,2025-06-30 23:15:21,Concert,J009,Majestic,9446,Weekday,False,Rain,True,7.8,False,False,0.36,Moderate,26.6,26.1,238.7,0.158,0.365,0.896,Light rain detected - minor speed reduction advised
EVT439929,2026-03-13 08:59:00,Sports Fixture,J011,Indiranagar 100ft Road,19702,Weekday,False,Clear,False,0.0,False,False,1.0,Severe,9.4,77.3,373.7,0.171,0.395,0.918,Heavy congestion detected - signal timing extended and reroute suggested
EVT439930,2025-11-18 16:53:45,Trade Fair,J030,MG Road,5288,Weekday,False,Light Rain,True,4.2,False,False,0.839,Severe,12.0,58.7,407.8,0.181,0.419,0.911,Heavy rain reducing visibility and grip - reduced speed and longer buffer advised
EVT439931,2025-07-22 18:38:01,Local Market Day,J012,Koramangala Sony World,4486,Weekday,False,Clear,False,0.0,False,False,1.0,Severe,11.2,68.1,570.9,0.243,0.562,0.924,Heavy congestion detected - signal timing extended and reroute suggested
EVT439932,2026-01-21 14:14:40,Concert,J020,Malleshwaram Circle,10604,Weekday,False,Clear,False,0.0,False,False,0.184,Low,28.8,5.3,153.6,0.125,0.29,0.934,Normal free-flow traffic - standard signal timing maintained
EVT439933,2025-03-23 18:11:51,Trade Fair,J023,Basavanagudi,12547,Weekend,False,Clear,False,0.0,False,False,0.919,Severe,12.7,61.9,241.8,0.128,0.295,0.928,Heavy congestion detected - signal timing extended and reroute suggested
EVT439934,2026-03-17 08:22:53,Concert,J009,Majestic,7834,Weekday,False,Fog,False,0.0,False,False,0.912,Severe,11.5,68.4,527.8,0.22,0.508,0.937,Heavy congestion detected - signal timing extended and reroute suggested
EVT439935,2026-03-16 18:37:05,Sports Fixture,J009,Majestic,20757,Weekday,False,Clear,False,0.0,False,False,1.0,Severe,7.3,71.4,618.3,0.192,0.444,0.944,Heavy congestion detected - signal timing extended and reroute suggested
EVT439936,2026-05-29 05:28:18,Concert,J031,Cubbon Road,18007,Weekday,False,Clear,False,0.0,False,False,0.281,Low,21.2,18.5,232.6,0.161,0.371,0.982,Moderate traffic flow - standard adaptive signal timing in effect
EVT439937,2025-10-01 09:29:04,Concert,J009,Majestic,12592,Weekday,False,Clear,False,0.0,False,False,1.0,Severe,9.7,69.6,276.2,0.122,0.283,0.9,Heavy congestion detected - signal timing extended and reroute suggested
EVT439938,2025-09-03 16:51:19,Trade Fair,J031,Cubbon Road,11128,Weekday,False,Clear,False,0.0,False,False,0.73,High,16.8,43.3,255.8,0.14,0.323,0.955,Moderate traffic flow - standard adaptive signal timing in effect
EVT439939,2026-03-11 09:26:43,Sports Fixture,J040,City Market,32147,Weekday,False,Clear,False,0.0,False,False,1.0,Severe,9.3,77.4,313.1,0.139,0.321,0.919,Heavy congestion detected - signal timing extended and reroute suggested
EVT439940,2025-05-23 08:22:29,Trade Fair,J009,Majestic,6826,Weekday,False,Rain,True,15.8,False,False,1.0,Severe,7.7,72.1,784.3,0.258,0.595,0.861,Heavy rain reducing visibility and grip - reduced speed and longer buffer advised
EVT439941,2026-05-01 20:14:41,Religious Festival,J011,Indiranagar 100ft Road,32500,Weekday,True,Clear,False,0.0,False,True,1.0,Severe,7.4,107.0,854.4,0.278,0.642,0.819,Road closure for event/procession - full detour recommended for through-traffic
EVT439942,2025-09-26 16:08:06,Local Market Day,J040,City Market,2739,Weekday,False,Clear,False,0.0,False,False,0.409,Moderate,27.4,30.6,225.6,0.174,0.401,0.955,Moderate traffic flow - standard adaptive signal timing in effect
EVT439943,2026-03-19 09:35:21,Religious Festival,J023,Basavanagudi,20316,Weekday,True,Clear,False,0.0,False,False,1.0,Severe,8.0,65.2,692.1,0.22,0.508,0.851,Festival crowd surge detected - alternate route and extended cycle recommended
EVT439944,2026-06-08 08:16:24,Trade Fair,J031,Cubbon Road,12295,Weekday,False,Heavy Rain,True,31.6,False,False,1.0,Severe,7.6,63.7,341.8,0.115,0.265,0.877,Heavy rain reducing visibility and grip - reduced speed and longer buffer advised
EVT439945,2025-03-13 16:49:12,Trade Fair,J031,Cubbon Road,12293,Weekday,False,Clear,False,0.0,False,False,0.623,High,20.1,45.8,200.9,0.137,0.316,0.99,Moderate traffic flow - standard adaptive signal timing in effect
EVT439946,2026-06-13 11:14:24,Local Market Day,J030,MG Road,4930,Weekend,False,Rain,True,13.7,False,False,0.597,High,21.8,43.7,276.7,0.198,0.458,0.917,Heavy rain reducing visibility and grip - reduced speed and longer buffer advised
EVT439947,2026-03-03 15:45:32,Sports Fixture,J040,City Market,17775,Weekday,False,Clear,False,0.0,False,False,0.454,Moderate,29.1,33.6,223.5,0.185,0.428,0.977,Moderate traffic flow - standard adaptive signal timing in effect
EVT439948,2025-04-14 12:12:24,Cultural Procession,J011,Indiranagar 100ft Road,24273,Weekday,True,Clear,False,0.0,False,True,0.751,High,16.2,69.2,394.9,0.243,0.562,0.867,Road closure for event/procession - full detour recommended for through-traffic
EVT439949,2025-01-14 18:22:14,Religious Festival,J023,Basavanagudi,73324,Weekday,True,Clear,False,0.0,False,True,1.0,Severe,7.8,101.4,643.8,0.204,0.472,0.844,Road closure for event/procession - full detour recommended for through-traffic
EVT439950,2025-11-29 22:55:32,Concert,J009,Majestic,6289,Weekend,False,Clear,False,0.0,False,False,0.327,Low,23.8,26.2,375.1,0.219,0.506,0.951,Moderate traffic flow - standard adaptive signal timing in effect
EVT439951,2025-06-28 06:36:39,Sports Fixture,J030,MG Road,15126,Weekend,False,Clear,False,0.0,False,False,0.458,Moderate,21.0,35.8,245.6,0.169,0.39,0.925,Moderate traffic flow - standard adaptive signal timing in effect
EVT439952,2025-03-27 17:11:46,Trade Fair,J012,Koramangala Sony World,8491,Weekday,False,Clear,False,0.0,False,False,0.772,Severe,15.7,54.2,314.4,0.161,0.372,0.946,Heavy congestion detected - signal timing extended and reroute suggested
EVT439953,2025-06-11 09:06:05,Political Rally,J030,MG Road,10492,Weekday,False,Clear,False,0.0,False,False,1.0,Severe,9.5,69.7,245.4,0.107,0.247,0.907,Heavy congestion detected - signal timing extended and reroute suggested
EVT439954,2025-02-05 07:35:34,Local Market Day,J030,MG Road,2264,Weekday,False,Clear,False,0.0,False,False,0.623,High,18.8,54.0,202.4,0.111,0.257,0.936,Moderate traffic flow - standard adaptive signal timing in effect
EVT439955,2026-03-31 15:10:54,Political Rally,J040,City Market,20557,Weekday,False,Clear,False,0.0,False,False,0.305,Low,33.4,21.2,103.2,0.087,0.201,0.942,Moderate traffic flow - standard adaptive signal timing in effect
EVT439956,2026-04-15 21:03:19,Cultural Procession,J040,City Market,15841,Weekday,True,Clear,False,0.0,False,True,0.792,High,16.3,70.0,165.4,0.098,0.226,0.894,Road closure for event/procession - full detour recommended for through-traffic
EVT439957,2025-09-24 19:33:42,Local Market Day,J030,MG Road,3058,Weekday,False,Rain,True,10.7,False,False,0.99,Severe,10.0,79.8,265.8,0.104,0.241,0.851,Heavy rain reducing visibility and grip - reduced speed and longer buffer advised
EVT439958,2025-01-13 10:51:45,Trade Fair,J040,City Market,7941,Weekday,False,Clear,False,0.0,False,False,0.476,Moderate,27.4,36.9,193.0,0.159,0.367,0.955,Moderate traffic flow - standard adaptive signal timing in effect
EVT439959,2025-03-14 21:24:29,Religious Festival,J011,Indiranagar 100ft Road,51444,Weekday,True,Clear,False,0.0,False,True,1.0,Severe,8.0,97.2,793.9,0.266,0.615,0.81,Road closure for event/procession - full detour recommended for through-traffic
EVT439960,2025-04-05 18:23:18,Concert,J031,Cubbon Road,10144,Weekend,False,Clear,False,0.0,False,False,0.832,Severe,18.0,62.6,316.9,0.202,0.468,0.951,Heavy congestion detected - signal timing extended and reroute suggested
EVT439961,2026-06-23 19:23:31,Sports Fixture,J009,Majestic,20104,Weekday,False,Clear,False,0.0,False,False,1.0,Severe,7.8,75.2,408.9,0.141,0.326,0.909,Heavy congestion detected - signal timing extended and reroute suggested
EVT439962,2026-03-26 12:47:35,Religious Festival,J023,Basavanagudi,42005,Weekday,True,Clear,False,0.0,False,False,0.623,High,19.7,36.5,261.8,0.175,0.404,0.911,Festival crowd surge detected - alternate route and extended cycle recommended
EVT439963,2025-05-09 12:35:30,Political Rally,J009,Majestic,18000,Weekday,False,Clear,False,0.0,False,False,0.257,Low,34.8,20.3,146.8,0.146,0.337,0.959,Moderate traffic flow - standard adaptive signal timing in effect
EVT439964,2025-10-16 12:17:29,Concert,J011,Indiranagar 100ft Road,9895,Weekday,False,Fog,False,0.0,False,False,0.291,Low,33.1,21.0,122.6,0.118,0.272,0.99,Moderate traffic flow - standard adaptive signal timing in effect
EVT439965,2026-06-21 21:39:18,Sports Fixture,J012,Koramangala Sony World,22884,Weekend,False,Rain,True,19.1,False,False,0.69,High,19.0,43.9,178.0,0.12,0.278,0.888,Heavy rain reducing visibility and grip - reduced speed and longer buffer advised
EVT439966,2025-10-25 18:55:09,Trade Fair,J030,MG Road,13532,Weekend,False,Clear,False,0.0,False,False,0.922,Severe,9.4,64.6,651.8,0.239,0.552,0.907,Heavy congestion detected - signal timing extended and reroute suggested
EVT439967,2025-01-26 06:00:07,Cultural Procession,J009,Majestic,51996,Weekend,True,Clear,False,0.0,False,True,0.951,Severe,8.4,94.6,883.1,0.294,0.68,0.866,Road closure for event/procession - full detour recommended for through-traffic
EVT439968,2025-09-26 15:52:05,Local Market Day,J030,MG Road,3690,Weekday,False,Rain,True,22.4,False,False,0.721,High,22.3,54.4,224.5,0.161,0.371,0.913,Heavy rain reducing visibility and grip - reduced speed and longer buffer advised
EVT439969,2025-01-08 12:35:40,Trade Fair,J011,Indiranagar 100ft Road,12964,Weekday,False,Clear,False,0.0,False,False,0.172,Low,32.1,5.3,78.7,0.049,0.113,0.987,Normal free-flow traffic - standard signal timing maintained
EVT439970,2025-05-07 11:28:52,Sports Fixture,J023,Basavanagudi,25582,Weekday,False,Clear,False,0.0,False,False,0.451,Moderate,29.5,31.6,233.2,0.189,0.437,0.977,Moderate traffic flow - standard adaptive signal timing in effect
EVT439971,2025-07-19 17:04:00,Trade Fair,J009,Majestic,6950,Weekend,False,Rain,True,17.1,False,False,0.956,Severe,12.2,66.7,236.5,0.111,0.257,0.864,Heavy rain reducing visibility and grip - reduced speed and longer buffer advised
EVT439972,2025-08-15 17:26:45,Fireworks Display,J031,Cubbon Road,16435,Weekday,True,Clear,False,0.0,False,False,1.0,Severe,7.5,68.0,363.4,0.132,0.305,0.843,Festival crowd surge detected - alternate route and extended cycle recommended
EVT439973,2025-11-29 15:54:44,Local Market Day,J020,Malleshwaram Circle,5512,Weekend,False,Clear,False,0.0,False,False,0.38,Moderate,31.6,30.3,215.9,0.188,0.433,0.938,Moderate traffic flow - standard adaptive signal timing in effect
EVT439974,2026-02-24 12:13:11,Sports Fixture,J040,City Market,13376,Weekday,False,Clear,False,0.0,False,False,0.335,Low,32.6,23.1,140.7,0.13,0.3,0.968,Moderate traffic flow - standard adaptive signal timing in effect
EVT439975,2025-01-21 20:46:19,Local Market Day,J031,Cubbon Road,4123,Weekday,False,Clear,False,0.0,False,False,0.442,Moderate,26.1,30.9,203.9,0.147,0.339,0.974,Moderate traffic flow - standard adaptive signal timing in effect
EVT439976,2025-08-04 12:21:17,Local Market Day,J020,Malleshwaram Circle,2132,Weekday,False,Heavy Rain,True,31.4,False,False,0.571,High,25.0,46.6,180.3,0.143,0.33,0.912,Heavy rain reducing visibility and grip - reduced speed and longer buffer advised
EVT439977,2026-02-13 15:41:26,Political Rally,J011,Indiranagar 100ft Road,22187,Weekday,False,Clear,False,0.0,False,False,0.411,Moderate,26.2,29.5,197.3,0.15,0.346,0.953,Moderate traffic flow - standard adaptive signal timing in effect
EVT439978,2025-11-09 20:34:51,Local Market Day,J030,MG Road,5028,Weekend,False,Clear,False,0.0,False,False,0.556,High,19.6,34.8,239.2,0.164,0.379,0.972,Moderate traffic flow - standard adaptive signal timing in effect
EVT439979,2026-05-09 08:33:39,Concert,J040,City Market,10520,Weekend,False,Clear,False,0.0,False,False,0.912,Severe,12.2,66.2,380.6,0.179,0.413,0.921,Heavy congestion detected - signal timing extended and reroute suggested
EVT439980,2025-07-01 20:40:02,Local Market Day,J011,Indiranagar 100ft Road,4087,Weekday,False,Clear,False,0.0,False,False,0.552,High,21.5,37.0,158.7,0.084,0.195,0.933,Moderate traffic flow - standard adaptive signal timing in effect
EVT439981,2025-01-01 16:52:55,Trade Fair,J030,MG Road,13792,Weekday,False,Clear,False,0.0,False,False,0.713,High,20.5,49.5,199.3,0.124,0.286,0.99,Moderate traffic flow - standard adaptive signal timing in effect
EVT439982,2025-09-20 07:34:24,Political Rally,J020,Malleshwaram Circle,7464,Weekend,False,Heavy Rain,True,32.0,False,False,0.889,Severe,11.7,58.0,491.4,0.224,0.517,0.907,Heavy rain reducing visibility and grip - reduced speed and longer buffer advised
EVT439983,2026-06-02 09:52:33,Local Market Day,J012,Koramangala Sony World,4973,Weekday,False,Clear,False,0.0,False,False,0.86,Severe,15.3,63.8,284.0,0.155,0.358,0.966,Heavy congestion detected - signal timing extended and reroute suggested
EVT439984,2025-05-03 21:21:48,Local Market Day,J011,Indiranagar 100ft Road,3953,Weekend,False,Clear,False,0.0,False,False,0.365,Moderate,25.2,32.2,157.0,0.083,0.192,0.948,Moderate traffic flow - standard adaptive signal timing in effect
EVT439985,2025-08-19 13:13:32,Local Market Day,J020,Malleshwaram Circle,2287,Weekday,False,Heavy Rain,True,84.0,False,False,0.542,Moderate,22.7,36.0,208.7,0.145,0.335,0.93,Light rain detected - minor speed reduction advised
EVT439986,2026-04-01 11:14:31,Concert,J023,Basavanagudi,7136,Weekday,False,Clear,False,0.0,False,False,0.317,Low,29.0,26.7,87.3,0.082,0.189,0.97,Moderate traffic flow - standard adaptive signal timing in effect
EVT439987,2025-03-04 16:06:10,Sports Fixture,J012,Koramangala Sony World,23944,Weekday,False,Light Rain,True,1.2,False,False,0.588,High,22.8,43.4,345.5,0.25,0.577,0.959,Heavy rain reducing visibility and grip - reduced speed and longer buffer advised
EVT439988,2025-08-02 09:49:46,Local Market Day,J030,MG Road,5186,Weekend,False,Heavy Rain,True,31.7,True,False,1.0,Severe,7.7,71.6,772.0,0.231,0.534,0.712,Accident detected nearby - reroute and reduced speed advised
EVT439989,2026-01-07 16:32:21,Local Market Day,J009,Majestic,3260,Weekday,False,Fog,False,0.0,False,False,0.584,High,21.7,38.3,244.9,0.163,0.376,0.944,Moderate traffic flow - standard adaptive signal timing in effect
EVT439990,2025-05-03 18:03:01,Local Market Day,J012,Koramangala Sony World,5036,Weekend,False,Clear,False,0.0,False,False,0.82,Severe,12.3,60.7,302.7,0.152,0.35,0.953,Heavy congestion detected - signal timing extended and reroute suggested
EVT439991,2025-01-12 01:31:50,Sports Fixture,J009,Majestic,27316,Weekend,False,Clear,False,0.0,False,False,0.422,Moderate,31.5,33.4,186.2,0.174,0.402,0.975,Moderate traffic flow - standard adaptive signal timing in effect
EVT439992,2025-10-06 09:33:31,Concert,J009,Majestic,17278,Weekday,False,Clear,False,0.0,False,False,1.0,Severe,8.8,71.3,225.3,0.085,0.197,0.906,Heavy congestion detected - signal timing extended and reroute suggested
EVT439993,2025-11-28 19:30:13,Sports Fixture,J031,Cubbon Road,16886,Weekday,False,Clear,False,0.0,False,False,1.0,Severe,8.6,73.7,494.4,0.18,0.416,0.914,Heavy congestion detected - signal timing extended and reroute suggested
EVT439994,2025-11-11 18:03:04,Political Rally,J023,Basavanagudi,20440,Weekday,False,Clear,False,0.0,False,False,1.0,Severe,8.8,76.5,690.0,0.224,0.516,0.916,Heavy congestion detected - signal timing extended and reroute suggested
EVT439995,2025-09-24 20:20:38,Local Market Day,J023,Basavanagudi,2810,Weekday,False,Clear,False,0.0,False,False,0.577,High,20.6,42.0,175.5,0.116,0.268,0.975,Moderate traffic flow - standard adaptive signal timing in effect
EVT439996,2025-11-23 10:49:35,Local Market Day,J011,Indiranagar 100ft Road,3465,Weekend,False,Clear,False,0.0,False,False,0.511,Moderate,25.3,34.4,195.3,0.14,0.324,0.959,Moderate traffic flow - standard adaptive signal timing in effect
EVT439997,2026-04-21 15:46:59,Political Rally,J012,Koramangala Sony World,14388,Weekday,False,Clear,False,0.0,False,False,0.396,Moderate,26.4,34.0,185.3,0.145,0.334,0.956,Moderate traffic flow - standard adaptive signal timing in effect
EVT439998,2026-05-05 13:55:29,Trade Fair,J030,MG Road,10534,Weekday,False,Clear,False,0.0,False,False,0.12,Low,32.6,8.8,79.4,0.057,0.133,0.966,Normal free-flow traffic - standard signal timing maintained
EVT439999,2026-05-15 07:52:45,Concert,J012,Koramangala Sony World,14980,Weekday,False,Rain,True,7.6,False,False,0.953,Severe,11.7,62.2,336.7,0.158,0.364,0.852,Heavy rain reducing visibility and grip - reduced speed and longer buffer advised
EVT440000,2026-03-17 15:44:51,Concert,J040,City Market,11474,Weekday,False,Clear,False,0.0,False,False,0.474,Moderate,20.8,30.7,200.6,0.131,0.302,0.978,Moderate traffic flow - standard adaptive signal timing in effect
EVT440001,2026-01-11 17:04:48,Local Market Day,J040,City Market,2542,Weekend,False,Clear,False,0.0,False,False,0.667,High,21.2,51.6,305.1,0.208,0.481,0.977,Moderate traffic flow - standard adaptive signal timing in effect
EVT440002,2025-10-22 16:39:16,Religious Festival,J023,Basavanagudi,54618,Weekday,True,Heavy Rain,True,27.4,False,True,1.0,Severe,9.4,103.5,566.9,0.228,0.526,0.778,Road closure for event/procession - full detour recommended for through-traffic
EVT440003,2026-05-04 10:57:35,Sports Fixture,J009,Majestic,27469,Weekday,False,Rain,True,19.9,False,False,0.805,Severe,15.6,56.8,378.5,0.212,0.491,0.892,Heavy rain reducing visibility and grip - reduced speed and longer buffer advised
EVT440004,2026-01-14 09:30:25,Fireworks Display,J012,Koramangala Sony World,22450,Weekday,True,Clear,False,0.0,False,False,1.0,Severe,8.2,73.0,693.9,0.232,0.537,0.86,Festival crowd surge detected - alternate route and extended cycle recommended
EVT440005,2026-03-23 20:18:42,Political Rally,J011,Indiranagar 100ft Road,15731,Weekday,False,Clear,False,0.0,False,False,0.696,High,24.4,50.2,285.6,0.208,0.481,0.99,Moderate traffic flow - standard adaptive signal timing in effect
EVT440006,2026-05-27 15:39:37,Sports Fixture,J012,Koramangala Sony World,20764,Weekday,False,Clear,False,0.0,False,False,0.419,Moderate,22.8,31.5,193.2,0.117,0.27,0.977,Moderate traffic flow - standard adaptive signal timing in effect
EVT440007,2025-09-10 16:11:51,Local Market Day,J012,Koramangala Sony World,5383,Weekday,False,Clear,False,0.0,False,False,0.502,Moderate,23.8,41.1,203.6,0.134,0.309,0.969,Moderate traffic flow - standard adaptive signal timing in effect
EVT440008,2026-02-02 18:12:28,Local Market Day,J030,MG Road,7402,Weekday,False,Fog,False,0.0,False,False,0.982,Severe,7.7,68.6,499.1,0.162,0.374,0.938,Heavy congestion detected - signal timing extended and reroute suggested
EVT440009,2025-05-27 16:07:27,Sports Fixture,J031,Cubbon Road,11783,Weekday,False,Clear,False,0.0,False,False,0.484,Moderate,26.1,39.4,291.0,0.236,0.544,0.946,Moderate traffic flow - standard adaptive signal timing in effect
EVT440010,2026-03-26 09:16:39,Cultural Procession,J011,Indiranagar 100ft Road,22554,Weekday,True,Clear,False,0.0,False,True,1.0,Severe,7.5,104.8,733.6,0.248,0.573,0.819,Road closure for event/procession - full detour recommended for through-traffic
EVT440011,2025-02-09 12:09:58,Concert,J031,Cubbon Road,12109,Weekend,False,Clear,False,0.0,False,False,0.349,Low,30.0,21.0,146.2,0.134,0.31,0.975,Moderate traffic flow - standard adaptive signal timing in effect
EVT440012,2025-10-17 11:31:27,Political Rally,J011,Indiranagar 100ft Road,21411,Weekday,False,Clear,False,0.0,False,False,0.509,Moderate,22.8,35.3,238.3,0.16,0.37,0.968,Moderate traffic flow - standard adaptive signal timing in effect
EVT440013,2026-05-29 18:27:39,Sports Fixture,J023,Basavanagudi,17878,Weekday,False,Fog,False,0.0,False,False,1.0,Severe,9.5,74.5,427.9,0.15,0.347,0.909,Heavy congestion detected - signal timing extended and reroute suggested
EVT440014,2025-07-02 08:58:42,Political Rally,J031,Cubbon Road,12063,Weekday,False,Clear,False,0.0,False,False,1.0,Severe,8.2,76.7,390.4,0.127,0.293,0.911,Heavy congestion detected - signal timing extended and reroute suggested
EVT440015,2025-07-29 08:19:01,Local Market Day,J031,Cubbon Road,1894,Weekday,False,Clear,False,0.0,False,False,0.957,Severe,7.6,73.7,899.0,0.266,0.615,0.965,Heavy congestion detected - signal timing extended and reroute suggested
EVT440016,2025-10-19 14:36:54,Trade Fair,J020,Malleshwaram Circle,15860,Weekend,False,Clear,False,0.0,False,False,0.398,Moderate,24.8,32.3,215.6,0.17,0.393,0.954,Moderate traffic flow - standard adaptive signal timing in effect
EVT440017,2025-03-25 09:12:10,Trade Fair,J012,Koramangala Sony World,12344,Weekday,False,Clear,False,0.0,False,False,1.0,Severe,8.9,70.9,740.5,0.275,0.635,0.93,Heavy congestion detected - signal timing extended and reroute suggested
EVT440018,2026-01-04 14:08:51,Local Market Day,J012,Koramangala Sony World,5801,Weekend,False,Clear,False,0.0,False,False,0.263,Low,37.2,15.1,109.2,0.106,0.244,0.97,Moderate traffic flow - standard adaptive signal timing in effect
EVT440019,2026-06-09 19:51:17,Sports Fixture,J009,Majestic,28384,Weekday,False,Rain,True,22.8,False,False,1.0,Severe,7.3,71.6,595.3,0.173,0.399,0.82,Heavy rain reducing visibility and grip - reduced speed and longer buffer advised
EVT440020,2026-04-25 08:39:04,Sports Fixture,J009,Majestic,15988,Weekend,False,Rain,True,9.6,False,False,1.0,Severe,8.1,72.4,693.8,0.219,0.505,0.87,Heavy rain reducing visibility and grip - reduced speed and longer buffer advised
EVT440021,2025-12-25 14:00:07,Cultural Procession,J020,Malleshwaram Circle,18325,Weekday,True,Clear,False,0.0,False,True,0.689,Moderate,15.9,69.0,244.4,0.126,0.29,0.885,Road closure for event/procession - full detour recommended for through-traffic
EVT440022,2025-10-26 12:32:59,Political Rally,J011,Indiranagar 100ft Road,14285,Weekend,False,Clear,False,0.0,False,False,0.302,Low,32.7,18.2,172.3,0.138,0.318,0.977,Moderate traffic flow - standard adaptive signal timing in effect
EVT440023,2025-10-17 16:12:15,Concert,J030,MG Road,11653,Weekday,False,Clear,False,0.0,False,False,0.536,Moderate,25.3,36.2,150.7,0.096,0.222,0.969,Moderate traffic flow - standard adaptive signal timing in effect
EVT440024,2025-09-27 21:57:08,Concert,J012,Koramangala Sony World,14945,Weekend,False,Clear,False,0.0,False,False,0.323,Low,30.4,27.0,97.2,0.085,0.197,0.977,Moderate traffic flow - standard adaptive signal timing in effect
EVT440025,2026-05-24 11:13:12,Local Market Day,J011,Indiranagar 100ft Road,1998,Weekend,False,Clear,False,0.0,False,False,0.352,Moderate,25.9,22.0,67.1,0.059,0.136,0.987,Moderate traffic flow - standard adaptive signal timing in effect
EVT440026,2026-05-26 23:58:32,Trade Fair,J009,Majestic,5978,Weekday,False,Clear,False,0.0,False,False,0.127,Low,32.5,6.1,101.8,0.085,0.197,0.945,Normal free-flow traffic - standard signal timing maintained
EVT440027,2025-02-04 12:30:28,Trade Fair,J040,City Market,6591,Weekday,False,Clear,False,0.0,False,False,0.221,Low,38.3,14.6,127.4,0.133,0.308,0.95,Normal free-flow traffic - standard signal timing maintained
EVT440028,2025-11-04 18:30:33,Local Market Day,J011,Indiranagar 100ft Road,3457,Weekday,False,Clear,False,0.0,False,False,1.0,Severe,8.7,71.0,341.4,0.133,0.307,0.923,Heavy congestion detected - signal timing extended and reroute suggested
EVT440029,2025-01-31 08:59:05,Local Market Day,J012,Koramangala Sony World,4768,Weekday,False,Clear,False,0.0,False,False,1.0,Severe,8.4,71.3,474.5,0.173,0.4,0.922,Heavy congestion detected - signal timing extended and reroute suggested
EVT440030,2026-02-01 18:27:06,Local Market Day,J011,Indiranagar 100ft Road,3072,Weekend,False,Clear,False,0.0,False,False,0.84,Severe,10.5,64.6,559.6,0.228,0.526,0.965,Heavy congestion detected - signal timing extended and reroute suggested
EVT440031,2026-05-29 20:45:27,Concert,J031,Cubbon Road,12488,Weekday,False,Rain,True,11.4,False,False,0.702,High,22.6,49.3,239.1,0.18,0.415,0.927,Heavy rain reducing visibility and grip - reduced speed and longer buffer advised
EVT440032,2025-02-19 22:47:13,Trade Fair,J040,City Market,14038,Weekday,False,Clear,False,0.0,True,False,0.707,High,19.5,50.5,230.6,0.154,0.356,0.797,Accident detected nearby - reroute and reduced speed advised
EVT440033,2025-12-22 17:23:45,Sports Fixture,J011,Indiranagar 100ft Road,25481,Weekday,False,Clear,False,0.0,False,False,0.967,Severe,10.6,71.8,619.1,0.259,0.598,0.935,Heavy congestion detected - signal timing extended and reroute suggested
EVT440034,2026-06-18 10:25:15,Political Rally,J023,Basavanagudi,15948,Weekday,False,Clear,False,0.0,False,False,0.744,High,19.4,52.7,378.3,0.234,0.542,0.968,Moderate traffic flow - standard adaptive signal timing in effect
EVT440035,2025-04-22 19:01:36,Local Market Day,J030,MG Road,4459,Weekday,False,Clear,False,0.0,False,False,0.935,Severe,10.1,62.7,358.9,0.132,0.304,0.924,Heavy congestion detected - signal timing extended and reroute suggested
EVT440036,2026-04-30 08:43:48,Concert,J011,Indiranagar 100ft Road,9932,Weekday,False,Clear,False,0.0,False,False,1.0,Severe,10.0,69.6,315.3,0.132,0.304,0.942,Heavy congestion detected - signal timing extended and reroute suggested
EVT440037,2025-11-21 17:42:54,Concert,J020,Malleshwaram Circle,17098,Weekday,False,Rain,True,9.7,False,False,1.0,Severe,10.3,69.8,369.7,0.165,0.382,0.877,Heavy rain reducing visibility and grip - reduced speed and longer buffer advised
EVT440038,2025-10-11 10:08:37,Concert,J031,Cubbon Road,12532,Weekend,False,Heavy Rain,True,49.7,False,False,1.0,Severe,7.4,68.3,534.3,0.154,0.357,0.877,Heavy rain reducing visibility and grip - reduced speed and longer buffer advised
EVT440039,2026-01-10 18:56:04,Political Rally,J031,Cubbon Road,11934,Weekend,False,Clear,False,0.0,False,False,0.905,Severe,9.3,69.4,467.2,0.171,0.395,0.944,Heavy congestion detected - signal timing extended and reroute suggested
EVT440040,2025-01-25 09:18:19,Local Market Day,J020,Malleshwaram Circle,4184,Weekend,False,Clear,False,0.0,False,False,0.916,Severe,10.1,64.5,225.9,0.103,0.239,0.927,Heavy congestion detected - signal timing extended and reroute suggested
EVT440041,2025-03-09 20:45:06,Concert,J031,Cubbon Road,14185,Weekend,False,Clear,False,0.0,False,False,0.601,High,21.2,34.5,224.9,0.182,0.42,0.956,Moderate traffic flow - standard adaptive signal timing in effect
EVT440042,2025-01-27 14:00:24,Fireworks Display,J023,Basavanagudi,36516,Weekday,True,Clear,False,0.0,False,False,0.625,High,21.2,42.0,196.3,0.145,0.336,0.902,Festival crowd surge detected - alternate route and extended cycle recommended
EVT440043,2025-11-07 18:09:12,Sports Fixture,J031,Cubbon Road,27446,Weekday,False,Clear,False,0.0,False,False,1.0,Severe,7.6,76.2,591.4,0.189,0.438,0.919,Heavy congestion detected - signal timing extended and reroute suggested
EVT440044,2025-07-12 17:07:55,Political Rally,J009,Majestic,17935,Weekend,False,Clear,False,0.0,False,False,0.785,Severe,15.6,60.6,347.1,0.198,0.457,0.961,Heavy congestion detected - signal timing extended and reroute suggested
EVT440045,2025-02-01 15:34:47,Local Market Day,J009,Majestic,4165,Weekend,False,Clear,False,0.0,False,False,0.376,Moderate,24.2,24.2,177.4,0.111,0.256,0.939,Moderate traffic flow - standard adaptive signal timing in effect
EVT440046,2026-02-20 13:43:50,Sports Fixture,J020,Malleshwaram Circle,11764,Weekday,False,Clear,False,0.0,False,False,0.266,Low,29.4,20.9,126.7,0.092,0.213,0.958,Moderate traffic flow - standard adaptive signal timing in effect
EVT440047,2026-03-19 13:16:40,Religious Festival,J020,Malleshwaram Circle,35861,Weekday,True,Clear,False,0.0,False,False,0.624,High,16.2,40.7,330.3,0.166,0.383,0.913,Festival crowd surge detected - alternate route and extended cycle recommended
EVT440048,2025-10-18 21:35:33,Local Market Day,J020,Malleshwaram Circle,3410,Weekend,False,Clear,False,0.0,False,False,0.374,Moderate,29.3,26.7,200.9,0.176,0.407,0.981,Moderate traffic flow - standard adaptive signal timing in effect
EVT440049,2025-12-26 11:51:32,Religious Festival,J011,Indiranagar 100ft Road,51196,Weekday,True,Clear,False,0.0,False,False,0.802,Severe,17.1,59.4,305.9,0.196,0.452,0.919,Festival crowd surge detected - alternate route and extended cycle recommended
EVT440050,2025-12-26 13:20:51,Religious Festival,J040,City Market,38230,Weekday,True,Clear,False,0.0,False,True,0.704,High,18.7,81.3,414.4,0.249,0.574,0.897,Road closure for event/procession - full detour recommended for through-traffic
EVT440051,2025-02-15 08:49:18,Sports Fixture,J040,City Market,27289,Weekend,False,Light Rain,True,2.6,False,False,1.0,Severe,8.3,67.2,419.0,0.149,0.344,0.873,Heavy rain reducing visibility and grip - reduced speed and longer buffer advised
EVT440052,2025-02-23 20:00:36,Sports Fixture,J031,Cubbon Road,29761,Weekend,False,Clear,False,0.0,False,False,0.723,High,17.0,51.1,164.4,0.088,0.204,0.948,Moderate traffic flow - standard adaptive signal timing in effect
EVT440053,2025-01-23 19:20:37,Local Market Day,J031,Cubbon Road,3171,Weekday,False,Clear,False,0.0,False,False,0.94,Severe,10.2,67.5,599.0,0.238,0.551,0.95,Heavy congestion detected - signal timing extended and reroute suggested
EVT440054,2025-05-12 16:14:23,Trade Fair,J030,MG Road,7895,Weekday,False,Clear,False,0.0,False,False,0.547,Moderate,25.2,37.3,220.1,0.155,0.359,0.977,Moderate traffic flow - standard adaptive signal timing in effect
EVT440055,2025-07-09 18:22:42,Local Market Day,J030,MG Road,2314,Weekday,False,Clear,False,0.0,False,False,1.0,Severe,7.5,72.4,669.3,0.222,0.513,0.914,Heavy congestion detected - signal timing extended and reroute suggested
EVT440056,2025-04-23 18:49:05,Local Market Day,J023,Basavanagudi,4234,Weekday,False,Rain,True,12.5,False,False,1.0,Severe,9.9,68.0,201.5,0.093,0.215,0.902,Heavy rain reducing visibility and grip - reduced speed and longer buffer advised
EVT440057,2026-02-03 10:56:12,Trade Fair,J012,Koramangala Sony World,5847,Weekday,False,Clear,False,0.0,False,False,0.433,Moderate,29.5,28.6,218.6,0.188,0.434,0.987,Moderate traffic flow - standard adaptive signal timing in effect
EVT440058,2025-01-20 19:35:18,Sports Fixture,J012,Koramangala Sony World,17115,Weekday,False,Clear,False,0.0,False,False,0.876,Severe,13.2,60.7,484.0,0.246,0.568,0.949,Heavy congestion detected - signal timing extended and reroute suggested
EVT440059,2026-05-31 17:05:14,Sports Fixture,J031,Cubbon Road,39429,Weekend,False,Clear,False,0.0,False,False,0.873,Severe,12.6,61.3,259.8,0.135,0.312,0.925,Heavy congestion detected - signal timing extended and reroute suggested
EVT440060,2026-01-17 13:51:57,Concert,J020,Malleshwaram Circle,12916,Weekend,False,Clear,False,0.0,False,False,0.278,Low,30.2,19.2,99.0,0.075,0.173,0.942,Moderate traffic flow - standard adaptive signal timing in effect
EVT440061,2025-06-05 19:25:19,Concert,J023,Basavanagudi,7120,Weekday,False,Heavy Rain,True,31.4,False,False,1.0,Severe,8.7,71.0,508.9,0.155,0.358,0.872,Heavy rain reducing visibility and grip - reduced speed and longer buffer advised
EVT440062,2026-04-21 10:27:21,Political Rally,J030,MG Road,16506,Weekday,False,Clear,False,0.0,False,False,0.663,High,14.5,48.5,404.6,0.207,0.478,0.961,Moderate traffic flow - standard adaptive signal timing in effect
EVT440063,2026-04-19 08:10:04,Local Market Day,J031,Cubbon Road,2516,Weekend,False,Clear,False,0.0,False,False,0.814,Severe,18.7,59.4,130.2,0.06,0.14,0.951,Heavy congestion detected - signal timing extended and reroute suggested
EVT440064,2025-03-05 06:07:50,Political Rally,J031,Cubbon Road,14349,Weekday,False,Fog,False,0.0,False,False,0.362,Moderate,28.5,27.6,132.7,0.095,0.219,0.989,Moderate traffic flow - standard adaptive signal timing in effect
EVT440065,2025-07-03 14:31:25,Local Market Day,J031,Cubbon Road,7059,Weekday,False,Clear,False,0.0,False,False,0.244,Low,26.8,16.1,294.7,0.198,0.458,0.974,Normal free-flow traffic - standard signal timing maintained
EVT440066,2025-01-03 07:03:26,Local Market Day,J009,Majestic,2750,Weekday,False,Clear,False,0.0,False,False,0.471,Moderate,26.2,32.1,146.7,0.108,0.248,0.976,Moderate traffic flow - standard adaptive signal timing in effect
EVT440067,2026-03-26 06:22:39,Cultural Procession,J012,Koramangala Sony World,22782,Weekday,True,Clear,False,0.0,False,False,0.578,High,17.1,41.1,263.3,0.137,0.317,0.951,Festival crowd surge detected - alternate route and extended cycle recommended
EVT440068,2026-03-07 08:34:09,Trade Fair,J031,Cubbon Road,9835,Weekend,False,Clear,False,0.0,False,False,0.882,Severe,12.7,70.1,211.2,0.092,0.212,0.929,Heavy congestion detected - signal timing extended and reroute suggested
EVT440069,2026-01-15 21:43:18,Cultural Procession,J012,Koramangala Sony World,32709,Weekday,True,Clear,False,0.0,False,True,0.794,High,15.6,73.0,239.9,0.134,0.31,0.863,Road closure for event/procession - full detour recommended for through-traffic
EVT440070,2025-08-09 21:53:31,Concert,J031,Cubbon Road,11838,Weekend,False,Rain,True,14.8,False,False,0.439,Moderate,28.2,31.6,344.9,0.294,0.678,0.904,Light rain detected - minor speed reduction advised
EVT440071,2026-02-18 16:04:40,Trade Fair,J011,Indiranagar 100ft Road,8240,Weekday,False,Clear,False,0.0,False,False,0.451,Moderate,21.9,28.4,148.5,0.103,0.237,0.984,Moderate traffic flow - standard adaptive signal timing in effect
EVT440072,2026-03-06 16:50:49,Political Rally,J011,Indiranagar 100ft Road,23026,Weekday,False,Clear,False,0.0,False,False,0.742,High,15.7,62.0,259.7,0.138,0.32,0.98,Moderate traffic flow - standard adaptive signal timing in effect
EVT440073,2026-04-18 14:19:08,Concert,J020,Malleshwaram Circle,13171,Weekend,False,Clear,False,0.0,False,False,0.4,Moderate,31.4,25.3,178.9,0.153,0.355,0.972,Moderate traffic flow - standard adaptive signal timing in effect
EVT440074,2026-06-03 12:11:56,Concert,J009,Majestic,11792,Weekday,False,Clear,False,0.0,False,False,0.212,Low,32.2,16.2,86.3,0.061,0.14,0.986,Normal free-flow traffic - standard signal timing maintained
EVT440075,2025-02-09 10:23:09,Local Market Day,J040,City Market,2999,Weekend,False,Clear,False,0.0,False,False,0.582,High,19.0,43.1,221.4,0.137,0.317,0.99,Moderate traffic flow - standard adaptive signal timing in effect
EVT440076,2025-04-05 18:43:34,Concert,J023,Basavanagudi,19737,Weekend,False,Clear,False,0.0,False,False,0.876,Severe,9.8,64.0,575.1,0.21,0.486,0.938,Heavy congestion detected - signal timing extended and reroute suggested
EVT440077,2025-04-24 19:46:34,Trade Fair,J020,Malleshwaram Circle,13000,Weekday,False,Clear,False,0.0,False,False,0.841,Severe,16.2,60.2,214.3,0.121,0.28,0.92,Heavy congestion detected - signal timing extended and reroute suggested
EVT440078,2025-07-31 12:09:00,Local Market Day,J020,Malleshwaram Circle,4242,Weekday,False,Rain,True,9.4,False,False,0.393,Moderate,29.4,27.9,142.6,0.115,0.266,0.91,Light rain detected - minor speed reduction advised
EVT440079,2025-10-26 20:04:02,Concert,J023,Basavanagudi,18722,Weekend,False,Rain,True,14.3,False,False,0.848,Severe,12.3,66.3,487.1,0.232,0.535,0.899,Heavy rain reducing visibility and grip - reduced speed and longer buffer advised
EVT440080,2025-01-29 06:48:40,Sports Fixture,J009,Majestic,24919,Weekday,False,Clear,False,0.0,False,False,0.393,Moderate,28.7,24.4,196.8,0.181,0.417,0.962,Moderate traffic flow - standard adaptive signal timing in effect
EVT440081,2025-01-06 10:18:29,Political Rally,J023,Basavanagudi,19158,Weekday,False,Clear,False,0.0,False,False,0.813,Severe,14.6,52.2,148.3,0.078,0.18,0.98,Heavy congestion detected - signal timing extended and reroute suggested
EVT440082,2025-01-28 09:59:08,Sports Fixture,J012,Koramangala Sony World,25691,Weekday,False,Clear,False,0.0,False,False,0.923,Severe,12.4,62.5,184.8,0.082,0.19,0.929,Heavy congestion detected - signal timing extended and reroute suggested
EVT440083,2026-05-19 15:06:50,Political Rally,J011,Indiranagar 100ft Road,16864,Weekday,False,Clear,False,0.0,False,False,0.373,Moderate,25.9,19.7,125.5,0.088,0.204,0.976,Moderate traffic flow - standard adaptive signal timing in effect
EVT440084,2026-03-13 11:19:12,Local Market Day,J031,Cubbon Road,3876,Weekday,False,Clear,False,0.0,False,False,0.385,Moderate,30.2,27.0,179.4,0.121,0.279,0.967,Moderate traffic flow - standard adaptive signal timing in effect
EVT440085,2025-03-11 14:17:51,Concert,J011,Indiranagar 100ft Road,10266,Weekday,False,Clear,False,0.0,False,False,0.231,Low,33.9,15.3,213.9,0.186,0.43,0.971,Normal free-flow traffic - standard signal timing maintained
EVT440086,2026-05-23 16:36:48,Trade Fair,J040,City Market,10634,Weekend,False,Clear,False,0.0,False,False,0.56,High,27.1,38.7,224.6,0.188,0.434,0.959,Moderate traffic flow - standard adaptive signal timing in effect
EVT440087,2025-06-03 07:30:51,Trade Fair,J023,Basavanagudi,6045,Weekday,False,Clear,False,0.0,False,False,0.677,High,18.9,50.2,283.3,0.151,0.349,0.96,Moderate traffic flow - standard adaptive signal timing in effect
EVT440088,2025-11-18 08:27:25,Sports Fixture,J040,City Market,43524,Weekday,False,Clear,False,0.0,False,False,1.0,Severe,7.9,74.5,418.8,0.151,0.349,0.903,Heavy congestion detected - signal timing extended and reroute suggested
EVT440089,2026-04-13 22:20:46,Local Market Day,J012,Koramangala Sony World,4268,Weekday,False,Clear,False,0.0,False,False,0.157,Low,30.0,10.9,214.2,0.142,0.329,0.949,Normal free-flow traffic - standard signal timing maintained
EVT440090,2025-10-21 09:42:40,Religious Festival,J023,Basavanagudi,33594,Weekday,True,Rain,True,11.9,False,True,1.0,Severe,8.7,89.7,265.0,0.095,0.221,0.793,Road closure for event/procession - full detour recommended for through-traffic
EVT440091,2025-02-14 16:29:15,Sports Fixture,J030,MG Road,19136,Weekday,False,Fog,False,0.0,False,False,0.67,High,26.3,49.2,145.2,0.115,0.266,0.972,Moderate traffic flow - standard adaptive signal timing in effect
EVT440092,2026-05-29 16:34:06,Political Rally,J023,Basavanagudi,15898,Weekday,False,Clear,False,0.0,False,False,0.645,High,22.9,46.3,138.1,0.086,0.2,0.97,Moderate traffic flow - standard adaptive signal timing in effect
EVT440093,2025-04-07 09:31:18,Religious Festival,J023,Basavanagudi,67318,Weekday,True,Clear,False,0.0,False,False,1.0,Severe,8.8,70.9,552.5,0.187,0.431,0.873,Festival crowd surge detected - alternate route and extended cycle recommended
EVT440094,2025-10-21 18:42:33,Fireworks Display,J012,Koramangala Sony World,21656,Weekday,True,Rain,True,9.6,False,False,1.0,Severe,8.2,72.2,765.9,0.275,0.635,0.841,Festival crowd surge detected - alternate route and extended cycle recommended
EVT440095,2026-05-15 08:41:54,Sports Fixture,J020,Malleshwaram Circle,27129,Weekday,False,Clear,False,0.0,False,False,1.0,Severe,9.6,64.6,680.7,0.247,0.571,0.906,Heavy congestion detected - signal timing extended and reroute suggested
EVT440096,2026-01-11 16:21:31,Political Rally,J031,Cubbon Road,30245,Weekend,False,Clear,False,0.0,False,False,0.632,High,22.1,37.8,155.1,0.119,0.274,0.965,Moderate traffic flow - standard adaptive signal timing in effect
EVT440097,2025-07-03 16:33:45,Concert,J011,Indiranagar 100ft Road,12698,Weekday,False,Clear,False,0.0,False,False,0.693,High,19.6,48.4,325.0,0.224,0.518,0.949,Moderate traffic flow - standard adaptive signal timing in effect
EVT440098,2025-10-19 07:12:25,Local Market Day,J011,Indiranagar 100ft Road,5380,Weekend,False,Clear,False,0.0,False,False,0.481,Moderate,22.3,30.6,152.3,0.111,0.258,0.979,Moderate traffic flow - standard adaptive signal timing in effect
EVT440099,2025-09-18 10:02:10,Trade Fair,J031,Cubbon Road,11794,Weekday,False,Heavy Rain,True,28.9,False,False,1.0,Severe,9.6,75.4,695.2,0.26,0.602,0.869,Heavy rain reducing visibility and grip - reduced speed and longer buffer advised
EVT440100,2025-02-27 07:44:20,Concert,J020,Malleshwaram Circle,21621,Weekday,False,Clear,False,0.0,False,False,0.774,Severe,17.9,58.2,318.9,0.212,0.49,0.99,Heavy congestion detected - signal timing extended and reroute suggested
EVT440101,2026-06-24 16:21:48,Local Market Day,J030,MG Road,6391,Weekday,False,Light Rain,True,4.3,False,False,0.664,High,16.2,50.5,298.8,0.164,0.378,0.91,Heavy rain reducing visibility and grip - reduced speed and longer buffer advised
EVT440102,2026-05-10 16:47:46,Local Market Day,J020,Malleshwaram Circle,2913,Weekend,False,Clear,False,0.0,False,False,0.515,Moderate,23.4,37.3,149.6,0.109,0.253,0.975,Moderate traffic flow - standard adaptive signal timing in effect
EVT440103,2025-02-07 20:17:47,Sports Fixture,J011,Indiranagar 100ft Road,17250,Weekday,False,Clear,False,0.0,False,False,0.72,High,18.9,55.5,182.1,0.13,0.299,0.982,Moderate traffic flow - standard adaptive signal timing in effect
EVT440104,2025-12-14 09:40:26,Sports Fixture,J009,Majestic,18807,Weekend,False,Clear,False,0.0,False,False,0.812,Severe,16.2,63.3,216.9,0.124,0.287,0.929,Heavy congestion detected - signal timing extended and reroute suggested
EVT440105,2026-02-01 18:04:54,Trade Fair,J030,MG Road,8557,Weekend,False,Clear,False,0.0,False,False,0.882,Severe,14.5,60.4,272.9,0.165,0.381,0.928,Heavy congestion detected - signal timing extended and reroute suggested
EVT440106,2025-04-02 09:57:53,Concert,J009,Majestic,13357,Weekday,False,Clear,False,0.0,False,False,0.881,Severe,12.6,62.2,550.2,0.241,0.558,0.921,Heavy congestion detected - signal timing extended and reroute suggested
EVT440107,2026-02-13 16:53:31,Sports Fixture,J020,Malleshwaram Circle,19728,Weekday,False,Clear,False,0.0,False,False,0.763,Severe,22.7,57.7,244.0,0.175,0.405,0.973,Heavy congestion detected - signal timing extended and reroute suggested
EVT440108,2025-08-07 16:27:24,Sports Fixture,J020,Malleshwaram Circle,21981,Weekday,False,Heavy Rain,True,30.0,False,False,0.982,Severe,8.8,65.4,792.6,0.274,0.634,0.878,Heavy rain reducing visibility and grip - reduced speed and longer buffer advised
EVT440109,2025-12-20 19:15:55,Concert,J009,Majestic,4671,Weekend,False,Clear,False,0.0,False,False,0.713,High,21.3,52.7,296.6,0.208,0.481,0.948,Moderate traffic flow - standard adaptive signal timing in effect
EVT440110,2025-11-19 18:15:04,Political Rally,J030,MG Road,11143,Weekday,False,Clear,False,0.0,False,False,1.0,Severe,8.4,70.4,667.8,0.213,0.492,0.934,Heavy congestion detected - signal timing extended and reroute suggested
EVT440111,2026-03-20 14:16:25,Religious Festival,J009,Majestic,70543,Weekday,True,Clear,False,0.0,False,True,1.0,Severe,7.9,91.7,440.4,0.164,0.379,0.834,Road closure for event/procession - full detour recommended for through-traffic
EVT440112,2025-03-01 09:04:22,Local Market Day,J031,Cubbon Road,7434,Weekend,False,Fog,False,0.0,False,False,0.908,Severe,12.9,54.1,421.0,0.216,0.499,0.949,Heavy congestion detected - signal timing extended and reroute suggested
EVT440113,2025-03-12 21:10:22,Trade Fair,J023,Basavanagudi,11576,Weekday,False,Clear,False,0.0,False,False,0.401,Moderate,30.4,37.6,142.2,0.115,0.266,0.965,Moderate traffic flow - standard adaptive signal timing in effect
EVT440114,2025-03-15 18:02:26,Religious Festival,J031,Cubbon Road,72860,Weekend,True,Clear,False,0.0,False,True,1.0,Severe,10.0,101.3,376.6,0.152,0.352,0.826,Road closure for event/procession - full detour recommended for through-traffic
EVT440115,2025-11-05 18:48:50,Political Rally,J012,Koramangala Sony World,14718,Weekday,False,Clear,False,0.0,False,False,1.0,Severe,8.5,74.0,409.6,0.148,0.343,0.896,Heavy congestion detected - signal timing extended and reroute suggested
EVT440116,2026-02-28 16:25:13,Sports Fixture,J020,Malleshwaram Circle,21928,Weekend,False,Clear,False,0.0,False,False,0.606,High,18.7,44.4,395.6,0.237,0.548,0.943,Moderate traffic flow - standard adaptive signal timing in effect
EVT440117,2025-10-21 12:46:42,Religious Festival,J031,Cubbon Road,43450,Weekday,True,Clear,False,0.0,False,True,0.801,High,13.6,84.6,259.9,0.129,0.297,0.858,Road closure for event/procession - full detour recommended for through-traffic
EVT440118,2025-10-17 14:22:43,Local Market Day,J012,Koramangala Sony World,4559,Weekday,False,Light Rain,True,3.8,False,False,0.328,Low,32.0,22.0,143.6,0.119,0.275,0.936,Light rain detected - minor speed reduction advised
EVT440119,2025-04-11 18:31:13,Trade Fair,J020,Malleshwaram Circle,9466,Weekday,False,Clear,False,0.0,False,False,1.0,Severe,8.2,75.5,786.1,0.252,0.583,0.897,Heavy congestion detected - signal timing extended and reroute suggested
EVT440120,2026-06-03 07:14:59,Local Market Day,J012,Koramangala Sony World,2943,Weekday,False,Rain,True,10.6,False,False,0.655,High,18.3,49.0,312.1,0.191,0.441,0.921,Heavy rain reducing visibility and grip - reduced speed and longer buffer advised
EVT440121,2025-09-20 17:30:01,Trade Fair,J040,City Market,10265,Weekend,False,Clear,False,0.0,False,False,0.741,High,17.2,50.7,232.5,0.134,0.31,0.968,Moderate traffic flow - standard adaptive signal timing in effect
EVT440122,2026-06-18 11:51:46,Local Market Day,J009,Majestic,3206,Weekday,False,Rain,True,18.8,False,False,0.492,Moderate,19.3,39.0,236.0,0.121,0.28,0.903,Light rain detected - minor speed reduction advised
EVT440123,2025-07-31 17:34:49,Trade Fair,J012,Koramangala Sony World,11165,Weekday,False,Clear,False,0.0,False,False,0.969,Severe,10.2,65.9,271.4,0.119,0.275,0.916,Heavy congestion detected - signal timing extended and reroute suggested
EVT440124,2025-11-24 16:13:16,Local Market Day,J020,Malleshwaram Circle,3343,Weekday,False,Clear,False,0.0,False,False,0.407,Moderate,24.9,32.1,167.6,0.115,0.266,0.965,Moderate traffic flow - standard adaptive signal timing in effect
EVT440125,2026-06-21 19:15:23,Concert,J040,City Market,14226,Weekend,False,Light Rain,True,6.3,False,False,0.971,Severe,10.9,63.6,653.2,0.286,0.661,0.874,Heavy rain reducing visibility and grip - reduced speed and longer buffer advised
EVT440126,2025-11-28 16:11:55,Concert,J030,MG Road,11919,Weekday,False,Clear,False,0.0,False,False,0.545,Moderate,20.9,36.5,247.7,0.167,0.386,0.974,Moderate traffic flow - standard adaptive signal timing in effect
EVT440127,2026-05-09 10:01:45,Trade Fair,J009,Majestic,10927,Weekend,False,Clear,False,0.0,False,False,0.797,Severe,15.7,59.1,288.7,0.146,0.336,0.941,Heavy congestion detected - signal timing extended and reroute suggested
EVT440128,2025-04-11 09:19:47,Sports Fixture,J023,Basavanagudi,14249,Weekday,False,Clear,False,0.0,False,False,1.0,Severe,7.3,73.0,605.6,0.178,0.411,0.917,Heavy congestion detected - signal timing extended and reroute suggested
EVT440129,2026-03-25 07:28:40,Sports Fixture,J011,Indiranagar 100ft Road,18160,Weekday,False,Clear,False,0.0,False,False,0.654,High,20.2,44.4,238.4,0.157,0.363,0.952,Moderate traffic flow - standard adaptive signal timing in effect
EVT440130,2026-02-14 09:47:16,Local Market Day,J023,Basavanagudi,7757,Weekend,False,Clear,False,0.0,False,False,0.802,Severe,10.7,58.5,467.9,0.171,0.395,0.955,Heavy congestion detected - signal timing extended and reroute suggested
EVT440131,2025-06-07 16:44:58,Political Rally,J012,Koramangala Sony World,11250,Weekend,False,Rain,True,9.2,False,False,0.706,High,16.5,46.0,273.2,0.139,0.322,0.922,Heavy rain reducing visibility and grip - reduced speed and longer buffer advised
EVT440132,2026-05-16 18:35:03,Trade Fair,J023,Basavanagudi,7810,Weekend,False,Clear,False,0.0,False,False,0.814,Severe,18.9,60.7,198.3,0.12,0.278,0.968,Heavy congestion detected - signal timing extended and reroute suggested
EVT440133,2025-04-10 06:10:15,Sports Fixture,J030,MG Road,21205,Weekday,False,Clear,False,0.0,False,False,0.348,Low,27.5,26.2,232.1,0.173,0.4,0.944,Moderate traffic flow - standard adaptive signal timing in effect
EVT440134,2026-01-24 19:21:18,Trade Fair,J012,Koramangala Sony World,6749,Weekend,False,Clear,False,0.0,False,False,0.836,Severe,12.0,60.6,265.7,0.115,0.265,0.959,Heavy congestion detected - signal timing extended and reroute suggested
EVT440135,2026-04-19 05:13:36,Concert,J030,MG Road,16288,Weekend,False,Clear,False,0.0,False,False,0.366,Moderate,28.2,19.5,115.5,0.083,0.192,0.99,Moderate traffic flow - standard adaptive signal timing in effect
EVT440136,2025-03-29 08:17:08,Trade Fair,J020,Malleshwaram Circle,7156,Weekend,False,Clear,False,0.0,False,False,0.812,Severe,15.2,59.1,304.2,0.158,0.364,0.958,Heavy congestion detected - signal timing extended and reroute suggested
EVT440137,2025-10-29 07:08:31,Local Market Day,J020,Malleshwaram Circle,2745,Weekday,False,Clear,False,0.0,False,False,0.478,Moderate,27.2,41.9,125.1,0.095,0.22,0.973,Moderate traffic flow - standard adaptive signal timing in effect
EVT440138,2025-03-26 17:38:31,Political Rally,J020,Malleshwaram Circle,19031,Weekday,False,Clear,False,0.0,False,False,0.98,Severe,8.5,61.4,489.6,0.147,0.34,0.932,Heavy congestion detected - signal timing extended and reroute suggested
EVT440139,2026-02-09 09:29:33,Concert,J009,Majestic,9656,Weekday,False,Fog,False,0.0,False,False,0.991,Severe,8.7,66.2,284.3,0.094,0.216,0.915,Heavy congestion detected - signal timing extended and reroute suggested
EVT440140,2026-05-19 08:55:44,Local Market Day,J031,Cubbon Road,4472,Weekday,False,Clear,False,0.0,False,False,0.951,Severe,9.9,68.2,715.2,0.274,0.632,0.908,Heavy congestion detected - signal timing extended and reroute suggested
EVT440141,2025-07-15 20:33:28,Sports Fixture,J020,Malleshwaram Circle,26636,Weekday,False,Heavy Rain,True,46.3,False,False,1.0,Severe,6.7,72.3,713.3,0.208,0.48,0.852,Heavy rain reducing visibility and grip - reduced speed and longer buffer advised
EVT440142,2025-09-13 13:20:18,Trade Fair,J040,City Market,6526,Weekend,False,Clear,False,0.0,False,False,0.224,Low,33.7,14.0,151.4,0.132,0.304,0.951,Normal free-flow traffic - standard signal timing maintained
EVT440143,2025-08-16 09:29:13,Religious Festival,J023,Basavanagudi,64300,Weekend,True,Rain,True,24.7,False,False,1.0,Severe,8.8,73.8,643.6,0.249,0.576,0.823,Festival crowd surge detected - alternate route and extended cycle recommended
EVT440144,2026-02-19 08:00:58,Sports Fixture,J012,Koramangala Sony World,14035,Weekday,False,Clear,False,0.0,False,False,0.868,Severe,12.5,57.3,718.8,0.309,0.714,0.964,Heavy congestion detected - signal timing extended and reroute suggested
EVT440145,2025-07-31 08:08:30,Concert,J011,Indiranagar 100ft Road,6085,Weekday,False,Heavy Rain,True,40.6,False,False,1.0,Severe,7.2,73.1,559.3,0.177,0.409,0.852,Heavy rain reducing visibility and grip - reduced speed and longer buffer advised
EVT440146,2025-08-20 07:58:51,Concert,J011,Indiranagar 100ft Road,8550,Weekday,False,Clear,False,0.0,False,False,0.841,Severe,12.7,55.7,394.9,0.187,0.432,0.923,Heavy congestion detected - signal timing extended and reroute suggested
EVT440147,2025-02-05 18:02:25,Concert,J020,Malleshwaram Circle,17226,Weekday,False,Clear,False,0.0,False,False,1.0,Severe,8.6,70.2,397.2,0.138,0.319,0.949,Heavy congestion detected - signal timing extended and reroute suggested
EVT440148,2025-05-22 10:24:05,Local Market Day,J020,Malleshwaram Circle,4387,Weekday,False,Rain,True,19.4,False,False,0.909,Severe,10.9,62.2,532.3,0.196,0.452,0.881,Heavy rain reducing visibility and grip - reduced speed and longer buffer advised
EVT440149,2025-03-04 12:35:45,Political Rally,J011,Indiranagar 100ft Road,8693,Weekday,False,Clear,False,0.0,False,False,0.168,Low,31.5,9.0,68.7,0.057,0.132,0.974,Normal free-flow traffic - standard signal timing maintained
EVT440150,2025-02-11 07:06:33,Political Rally,J040,City Market,15224,Weekday,False,Clear,False,0.0,False,False,0.576,High,24.6,43.2,100.7,0.078,0.179,0.984,Moderate traffic flow - standard adaptive signal timing in effect
EVT440151,2025-05-22 17:07:09,Trade Fair,J031,Cubbon Road,13255,Weekday,False,Clear,False,0.0,False,False,0.847,Severe,11.2,68.0,374.3,0.157,0.362,0.932,Heavy congestion detected - signal timing extended and reroute suggested
EVT440152,2025-08-18 20:57:41,Local Market Day,J030,MG Road,5187,Weekday,False,Clear,False,0.0,False,False,0.447,Moderate,24.1,33.3,204.2,0.128,0.295,0.964,Moderate traffic flow - standard adaptive signal timing in effect
EVT440153,2026-02-26 12:32:28,Concert,J031,Cubbon Road,9142,Weekday,False,Clear,False,0.0,False,False,0.215,Low,30.7,15.5,73.2,0.061,0.141,0.979,Normal free-flow traffic - standard signal timing maintained
EVT440154,2026-03-06 20:23:04,Political Rally,J031,Cubbon Road,14119,Weekday,False,Clear,False,0.0,False,False,0.628,High,15.5,40.7,376.8,0.178,0.412,0.981,Moderate traffic flow - standard adaptive signal timing in effect
EVT440155,2025-09-15 06:52:13,Trade Fair,J040,City Market,6815,Weekday,False,Clear,False,0.0,False,False,0.423,Moderate,34.1,27.2,172.6,0.139,0.32,0.972,Moderate traffic flow - standard adaptive signal timing in effect
EVT440156,2025-04-19 11:45:45,Local Market Day,J023,Basavanagudi,4800,Weekend,False,Clear,False,0.0,False,False,0.346,Low,32.2,30.1,118.8,0.096,0.222,0.99,Moderate traffic flow - standard adaptive signal timing in effect
EVT440157,2025-12-24 13:56:53,Local Market Day,J030,MG Road,2568,Weekday,False,Clear,False,0.0,False,False,0.111,Low,39.7,9.3,93.2,0.09,0.207,0.966,Normal free-flow traffic - standard signal timing maintained
EVT440158,2025-12-19 10:17:44,Concert,J012,Koramangala Sony World,12208,Weekday,False,Fog,False,0.0,False,False,0.733,High,18.7,57.7,222.6,0.152,0.351,0.955,Moderate traffic flow - standard adaptive signal timing in effect
EVT440159,2026-03-24 10:38:15,Political Rally,J011,Indiranagar 100ft Road,13992,Weekday,False,Clear,False,0.0,False,False,0.719,High,16.0,55.2,242.9,0.141,0.325,0.98,Moderate traffic flow - standard adaptive signal timing in effect
EVT440160,2025-04-14 16:31:46,Religious Festival,J011,Indiranagar 100ft Road,35066,Weekday,True,Rain,True,8.0,False,True,1.0,Severe,8.5,102.9,609.3,0.21,0.486,0.793,Road closure for event/procession - full detour recommended for through-traffic
EVT440161,2026-03-11 08:31:04,Sports Fixture,J012,Koramangala Sony World,20117,Weekday,False,Clear,False,0.0,False,False,1.0,Severe,6.7,74.3,241.9,0.082,0.19,0.943,Heavy congestion detected - signal timing extended and reroute suggested
EVT440162,2026-01-17 08:16:49,Political Rally,J009,Majestic,17142,Weekend,False,Clear,False,0.0,False,False,0.834,Severe,12.6,57.5,615.0,0.29,0.669,0.951,Heavy congestion detected - signal timing extended and reroute suggested
EVT440163,2025-09-24 15:29:37,Local Market Day,J009,Majestic,2538,Weekday,False,Clear,False,0.0,False,False,0.311,Low,23.0,19.9,175.7,0.129,0.298,0.951,Moderate traffic flow - standard adaptive signal timing in effect
EVT440164,2025-11-05 08:34:56,Concert,J020,Malleshwaram Circle,8186,Weekday,False,Clear,False,0.0,False,False,1.0,Severe,6.8,67.1,732.7,0.218,0.503,0.921,Heavy congestion detected - signal timing extended and reroute suggested
EVT440165,2025-02-15 12:43:19,Sports Fixture,J009,Majestic,25023,Weekend,False,Clear,False,0.0,False,False,0.462,Moderate,27.1,37.7,143.3,0.113,0.26,0.976,Moderate traffic flow - standard adaptive signal timing in effect
EVT440166,2026-01-11 19:19:35,Local Market Day,J011,Indiranagar 100ft Road,3349,Weekend,False,Clear,False,0.0,False,False,0.775,Severe,11.5,56.9,458.0,0.201,0.465,0.958,Heavy congestion detected - signal timing extended and reroute suggested
EVT440167,2025-02-22 23:52:48,Trade Fair,J040,City Market,8546,Weekend,False,Clear,False,0.0,False,False,0.193,Low,31.4,15.6,97.8,0.096,0.221,0.962,Normal free-flow traffic - standard signal timing maintained
EVT440168,2025-04-16 20:57:30,Concert,J012,Koramangala Sony World,15489,Weekday,False,Clear,False,0.0,False,False,0.569,High,18.0,30.3,393.1,0.202,0.467,0.99,Moderate traffic flow - standard adaptive signal timing in effect
EVT440169,2025-08-22 18:06:23,Local Market Day,J020,Malleshwaram Circle,4206,Weekday,False,Rain,True,22.6,False,False,1.0,Severe,4.8,73.9,879.7,0.192,0.443,0.869,Heavy rain reducing visibility and grip - reduced speed and longer buffer advised
EVT440170,2025-12-19 13:24:10,Concert,J012,Koramangala Sony World,15134,Weekday,False,Clear,False,0.0,False,False,0.237,Low,30.7,14.5,167.9,0.137,0.317,0.97,Normal free-flow traffic - standard signal timing maintained
EVT440171,2025-01-28 18:05:20,Concert,J012,Koramangala Sony World,13385,Weekday,False,Clear,False,0.0,False,False,1.0,Severe,8.7,70.4,353.6,0.144,0.332,0.944,Heavy congestion detected - signal timing extended and reroute suggested
EVT440172,2025-10-05 23:09:05,Sports Fixture,J040,City Market,63668,Weekend,False,Clear,False,0.0,False,False,0.553,High,21.2,37.7,175.5,0.126,0.29,0.978,Moderate traffic flow - standard adaptive signal timing in effect
EVT440173,2025-04-14 22:01:48,Cultural Procession,J012,Koramangala Sony World,23156,Weekday,True,Light Rain,True,5.1,False,True,0.807,High,17.9,85.2,188.9,0.113,0.26,0.821,Road closure for event/procession - full detour recommended for through-traffic
EVT440174,2025-08-13 08:12:54,Local Market Day,J030,MG Road,5258,Weekday,False,Clear,False,0.0,False,False,0.929,Severe,9.9,72.7,670.2,0.247,0.571,0.915,Heavy congestion detected - signal timing extended and reroute suggested
EVT440175,2026-06-20 17:03:16,Trade Fair,J011,Indiranagar 100ft Road,13052,Weekend,False,Clear,False,0.0,False,False,0.674,High,17.3,50.0,373.5,0.214,0.495,0.974,Moderate traffic flow - standard adaptive signal timing in effect
EVT440176,2025-05-31 15:11:14,Local Market Day,J040,City Market,5768,Weekend,False,Clear,False,0.0,False,False,0.35,Low,25.3,21.8,210.8,0.147,0.34,0.967,Moderate traffic flow - standard adaptive signal timing in effect
EVT440177,2025-11-12 17:00:39,Sports Fixture,J030,MG Road,30717,Weekday,False,Clear,False,0.0,False,False,0.859,Severe,9.8,60.1,575.6,0.234,0.541,0.934,Heavy congestion detected - signal timing extended and reroute suggested
EVT440178,2026-06-06 15:33:01,Sports Fixture,J009,Majestic,21817,Weekend,False,Heavy Rain,True,49.3,False,False,0.857,Severe,14.4,56.2,481.8,0.258,0.595,0.893,Heavy rain reducing visibility and grip - reduced speed and longer buffer advised
EVT440179,2026-03-27 13:29:29,Cultural Procession,J023,Basavanagudi,11923,Weekday,True,Clear,False,0.0,False,True,0.591,Moderate,18.8,58.5,314.1,0.201,0.464,0.89,Road closure for event/procession - full detour recommended for through-traffic
EVT440180,2025-09-06 16:34:09,Cultural Procession,J012,Koramangala Sony World,20342,Weekend,True,Clear,False,0.0,False,True,0.99,Severe,8.3,94.2,219.9,0.099,0.228,0.812,Road closure for event/procession - full detour recommended for through-traffic
EVT440181,2025-05-09 16:58:03,Local Market Day,J011,Indiranagar 100ft Road,3776,Weekday,False,Clear,False,0.0,False,False,0.697,High,19.4,50.8,237.3,0.158,0.365,0.921,Moderate traffic flow - standard adaptive signal timing in effect
EVT440182,2026-03-15 19:10:35,Local Market Day,J020,Malleshwaram Circle,3933,Weekend,False,Light Rain,True,0.9,False,False,0.92,Severe,10.5,56.4,319.6,0.14,0.323,0.883,Heavy rain reducing visibility and grip - reduced speed and longer buffer advised
EVT440183,2026-06-21 13:18:36,Sports Fixture,J011,Indiranagar 100ft Road,16169,Weekend,False,Clear,False,0.0,False,False,0.365,Moderate,25.4,28.8,183.7,0.124,0.286,0.965,Moderate traffic flow - standard adaptive signal timing in effect
EVT440184,2025-08-15 09:29:45,Religious Festival,J030,MG Road,78666,Weekday,True,Clear,False,0.0,False,False,1.0,Severe,10.1,76.2,489.0,0.208,0.482,0.868,Festival crowd surge detected - alternate route and extended cycle recommended
EVT440185,2025-02-04 06:15:58,Sports Fixture,J040,City Market,33094,Weekday,False,Clear,False,0.0,False,False,0.436,Moderate,29.2,26.6,188.5,0.132,0.305,0.951,Moderate traffic flow - standard adaptive signal timing in effect
EVT440186,2025-05-28 17:16:40,Political Rally,J011,Indiranagar 100ft Road,20443,Weekday,False,Rain,True,11.2,False,False,1.0,Severe,8.4,77.2,438.3,0.152,0.35,0.885,Heavy rain reducing visibility and grip - reduced speed and longer buffer advised
EVT440187,2026-03-30 12:32:35,Concert,J040,City Market,13941,Weekday,False,Clear,False,0.0,False,False,0.207,Low,28.4,19.4,187.1,0.144,0.333,0.953,Normal free-flow traffic - standard signal timing maintained
EVT440188,2026-02-05 18:48:19,Concert,J009,Majestic,11128,Weekday,False,Clear,False,0.0,False,False,1.0,Severe,7.5,70.7,527.0,0.18,0.415,0.902,Heavy congestion detected - signal timing extended and reroute suggested
EVT440189,2026-06-22 10:44:32,Trade Fair,J020,Malleshwaram Circle,6442,Weekday,False,Clear,False,0.0,False,False,0.55,Moderate,22.2,41.5,178.7,0.145,0.335,0.962,Moderate traffic flow - standard adaptive signal timing in effect
EVT440190,2026-03-19 20:37:32,Religious Festival,J011,Indiranagar 100ft Road,33802,Weekday,True,Clear,False,0.0,False,True,1.0,Severe,7.3,101.2,715.3,0.207,0.477,0.863,Road closure for event/procession - full detour recommended for through-traffic
EVT440191,2025-05-29 16:40:27,Concert,J030,MG Road,9532,Weekday,False,Rain,True,13.2,False,False,0.741,High,16.5,46.6,286.2,0.148,0.343,0.897,Heavy rain reducing visibility and grip - reduced speed and longer buffer advised
EVT440192,2026-05-09 14:59:16,Sports Fixture,J040,City Market,47726,Weekend,False,Clear,False,0.0,False,False,0.591,High,26.1,39.7,156.0,0.117,0.27,0.956,Moderate traffic flow - standard adaptive signal timing in effect
EVT440193,2025-10-16 19:08:56,Local Market Day,J040,City Market,4608,Weekday,False,Heavy Rain,True,45.6,False,False,1.0,Severe,7.5,70.0,809.2,0.24,0.554,0.878,Heavy rain reducing visibility and grip - reduced speed and longer buffer advised
EVT440194,2026-06-05 18:53:59,Political Rally,J011,Indiranagar 100ft Road,12416,Weekday,False,Clear,False,0.0,False,False,0.974,Severe,8.2,71.2,307.2,0.12,0.278,0.911,Heavy congestion detected - signal timing extended and reroute suggested
EVT440195,2025-12-18 21:42:38,Sports Fixture,J011,Indiranagar 100ft Road,25577,Weekday,False,Clear,False,0.0,False,False,0.399,Moderate,34.6,28.0,203.2,0.198,0.458,0.978,Moderate traffic flow - standard adaptive signal timing in effect
EVT440196,2025-03-03 08:59:17,Local Market Day,J030,MG Road,5075,Weekday,False,Clear,False,0.0,False,False,1.0,Severe,8.7,71.0,367.9,0.148,0.343,0.898,Heavy congestion detected - signal timing extended and reroute suggested
EVT440197,2025-02-09 20:23:50,Local Market Day,J009,Majestic,3903,Weekend,False,Clear,False,0.0,False,False,0.507,Moderate,20.6,44.1,203.8,0.127,0.294,0.938,Moderate traffic flow - standard adaptive signal timing in effect
EVT440198,2025-04-28 11:30:31,Local Market Day,J009,Majestic,5889,Weekday,False,Clear,False,0.0,False,False,0.301,Low,35.1,21.7,188.0,0.184,0.424,0.915,Moderate traffic flow - standard adaptive signal timing in effect
EVT440199,2025-04-29 16:58:46,Local Market Day,J009,Majestic,5721,Weekday,False,Clear,False,0.0,False,False,0.744,High,15.3,52.2,318.5,0.16,0.37,0.99,Moderate traffic flow - standard adaptive signal timing in effect
EVT440200,2025-09-24 09:11:21,Local Market Day,J040,City Market,3253,Weekday,False,Light Rain,True,6.0,False,False,1.0,Severe,7.3,73.0,502.2,0.15,0.347,0.868,Heavy rain reducing visibility and grip - reduced speed and longer buffer advised
EVT440201,2025-05-08 18:14:09,Trade Fair,J020,Malleshwaram Circle,14807,Weekday,False,Fog,False,0.0,False,False,1.0,Severe,6.9,70.3,447.4,0.149,0.343,0.91,Heavy congestion detected - signal timing extended and reroute suggested
EVT440202,2025-03-12 08:24:52,Trade Fair,J012,Koramangala Sony World,11951,Weekday,False,Clear,False,0.0,False,False,0.975,Severe,10.6,69.4,772.5,0.335,0.773,0.903,Heavy congestion detected - signal timing extended and reroute suggested
EVT440203,2025-05-21 17:03:19,Sports Fixture,J011,Indiranagar 100ft Road,20150,Weekday,False,Clear,False,0.0,False,False,0.79,Severe,13.3,58.8,411.4,0.2,0.461,0.955,Heavy congestion detected - signal timing extended and reroute suggested
EVT440204,2025-11-19 19:53:47,Trade Fair,J023,Basavanagudi,9383,Weekday,False,Clear,False,0.0,False,False,0.781,Severe,16.9,53.2,202.7,0.11,0.254,0.943,Heavy congestion detected - signal timing extended and reroute suggested
EVT440205,2026-05-16 07:02:34,Local Market Day,J020,Malleshwaram Circle,4598,Weekend,False,Clear,False,0.0,False,False,0.442,Moderate,33.6,26.6,220.5,0.2,0.462,0.99,Moderate traffic flow - standard adaptive signal timing in effect
EVT440206,2025-06-06 20:00:51,Concert,J012,Koramangala Sony World,10613,Weekday,False,Clear,False,0.0,False,False,0.751,Severe,15.6,54.2,284.2,0.167,0.387,0.969,Heavy congestion detected - signal timing extended and reroute suggested
EVT440207,2025-09-19 12:06:27,Local Market Day,J009,Majestic,6194,Weekday,False,Clear,False,0.0,False,False,0.235,Low,34.9,17.3,157.0,0.135,0.312,0.986,Normal free-flow traffic - standard signal timing maintained
EVT440208,2025-01-28 15:30:12,Local Market Day,J023,Basavanagudi,1677,Weekday,False,Clear,False,0.0,False,False,0.328,Low,26.3,22.7,143.0,0.115,0.267,0.964,Moderate traffic flow - standard adaptive signal timing in effect
EVT440209,2025-02-27 07:44:33,Political Rally,J012,Koramangala Sony World,21695,Weekday,False,Clear,False,0.0,False,False,0.82,Severe,12.5,57.6,506.6,0.218,0.503,0.924,Heavy congestion detected - signal timing extended and reroute suggested
EVT440210,2026-06-26 16:52:14,Sports Fixture,J012,Koramangala Sony World,32769,Weekday,False,Heavy Rain,True,28.5,False,False,1.0,Severe,7.5,67.9,690.3,0.218,0.504,0.856,Heavy rain reducing visibility and grip - reduced speed and longer buffer advised
EVT440211,2025-01-24 11:35:06,Trade Fair,J012,Koramangala Sony World,7939,Weekday,False,Clear,False,0.0,False,False,0.395,Moderate,25.4,27.7,267.1,0.188,0.435,0.94,Moderate traffic flow - standard adaptive signal timing in effect
EVT440212,2025-06-14 14:55:15,Trade Fair,J009,Majestic,8775,Weekend,False,Clear,False,0.0,False,False,0.302,Low,28.0,22.7,77.1,0.055,0.127,0.971,Moderate traffic flow - standard adaptive signal timing in effect
EVT440213,2025-08-01 11:35:56,Concert,J023,Basavanagudi,16341,Weekday,False,Clear,False,0.0,False,False,0.432,Moderate,24.9,33.7,188.6,0.129,0.298,0.96,Moderate traffic flow - standard adaptive signal timing in effect
EVT440214,2025-01-02 16:26:47,Concert,J011,Indiranagar 100ft Road,16077,Weekday,False,Clear,False,0.0,False,False,0.612,High,22.6,50.5,289.7,0.198,0.457,0.948,Moderate traffic flow - standard adaptive signal timing in effect
EVT440215,2025-07-31 19:38:19,Local Market Day,J009,Majestic,5771,Weekday,False,Clear,False,0.0,False,False,0.811,Severe,12.4,54.4,496.0,0.233,0.539,0.945,Heavy congestion detected - signal timing extended and reroute suggested
EVT440216,2026-02-08 23:53:49,Local Market Day,J031,Cubbon Road,3640,Weekend,False,Light Rain,True,6.1,False,False,0.308,Low,29.4,20.9,85.9,0.081,0.187,0.91,Light rain detected - minor speed reduction advised
EVT440217,2025-03-15 19:43:06,Religious Festival,J012,Koramangala Sony World,39476,Weekend,True,Fog,False,0.0,False,False,1.0,Severe,7.2,72.6,530.8,0.171,0.394,0.865,Festival crowd surge detected - alternate route and extended cycle recommended
EVT440218,2026-02-19 15:22:17,Local Market Day,J023,Basavanagudi,5013,Weekday,False,Clear,False,0.0,False,False,0.267,Low,32.8,20.7,189.0,0.166,0.383,0.989,Moderate traffic flow - standard adaptive signal timing in effect
EVT440219,2025-05-05 13:01:48,Sports Fixture,J012,Koramangala Sony World,20115,Weekday,False,Clear,False,0.0,False,False,0.253,Low,26.2,20.1,100.2,0.087,0.201,0.983,Moderate traffic flow - standard adaptive signal timing in effect
EVT440220,2025-06-20 07:02:30,Trade Fair,J023,Basavanagudi,5219,Weekday,False,Rain,True,19.8,False,False,0.663,High,18.7,57.8,173.4,0.116,0.268,0.907,Heavy rain reducing visibility and grip - reduced speed and longer buffer advised
EVT440221,2025-05-03 20:02:23,Political Rally,J031,Cubbon Road,10090,Weekend,False,Clear,False,0.0,False,False,0.721,High,17.8,46.0,294.2,0.155,0.358,0.983,Moderate traffic flow - standard adaptive signal timing in effect
EVT440222,2026-04-06 08:58:20,Local Market Day,J012,Koramangala Sony World,3613,Weekday,False,Clear,False,0.0,False,False,1.0,Severe,8.2,69.8,977.2,0.306,0.708,0.906,Heavy congestion detected - signal timing extended and reroute suggested
EVT440223,2025-04-21 07:54:59,Sports Fixture,J011,Indiranagar 100ft Road,27120,Weekday,False,Clear,False,0.0,False,False,0.953,Severe,7.6,68.7,475.9,0.149,0.344,0.931,Heavy congestion detected - signal timing extended and reroute suggested
EVT440224,2026-05-22 12:15:26,Trade Fair,J009,Majestic,11655,Weekday,False,Clear,False,0.0,False,False,0.329,Low,34.2,25.9,107.4,0.082,0.19,0.961,Moderate traffic flow - standard adaptive signal timing in effect
EVT440225,2025-08-22 14:26:42,Sports Fixture,J020,Malleshwaram Circle,39437,Weekday,False,Rain,True,16.4,False,False,0.569,High,22.3,43.9,140.4,0.079,0.182,0.938,Heavy rain reducing visibility and grip - reduced speed and longer buffer advised
EVT440226,2025-09-30 16:03:43,Local Market Day,J011,Indiranagar 100ft Road,6629,Weekday,False,Clear,False,0.0,False,False,0.454,Moderate,32.9,33.3,101.9,0.087,0.2,0.954,Moderate traffic flow - standard adaptive signal timing in effect
EVT440227,2025-03-25 00:16:41,Concert,J011,Indiranagar 100ft Road,12679,Weekday,False,Clear,False,0.0,False,False,0.249,Low,26.0,19.5,86.9,0.045,0.105,0.976,Normal free-flow traffic - standard signal timing maintained
EVT440228,2025-07-18 17:52:23,Local Market Day,J011,Indiranagar 100ft Road,3294,Weekday,False,Clear,False,0.0,False,False,0.995,Severe,7.2,65.8,1009.9,0.31,0.717,0.945,Heavy congestion detected - signal timing extended and reroute suggested
EVT440229,2025-08-20 17:20:12,Concert,J009,Majestic,7252,Weekday,False,Clear,False,0.0,False,False,0.878,Severe,12.5,63.1,494.4,0.231,0.533,0.944,Heavy congestion detected - signal timing extended and reroute suggested
EVT440230,2025-10-18 11:48:51,Local Market Day,J020,Malleshwaram Circle,7054,Weekend,False,Clear,False,0.0,False,False,0.321,Low,29.5,23.2,123.3,0.105,0.241,0.979,Moderate traffic flow - standard adaptive signal timing in effect
EVT440231,2025-12-29 20:25:33,Local Market Day,J040,City Market,6635,Weekday,False,Clear,False,0.0,False,False,0.609,High,20.1,39.6,214.2,0.13,0.299,0.968,Moderate traffic flow - standard adaptive signal timing in effect
EVT440232,2026-01-08 19:16:14,Political Rally,J030,MG Road,13574,Weekday,False,Clear,False,0.0,False,False,0.975,Severe,10.1,68.7,591.9,0.199,0.461,0.913,Heavy congestion detected - signal timing extended and reroute suggested
EVT440233,2025-04-05 16:44:29,Concert,J030,MG Road,13706,Weekend,False,Clear,False,0.0,False,False,0.658,High,19.5,42.6,395.6,0.245,0.566,0.976,Moderate traffic flow - standard adaptive signal timing in effect
EVT440234,2025-01-25 09:37:00,Local Market Day,J020,Malleshwaram Circle,6881,Weekend,False,Clear,False,0.0,False,False,0.854,Severe,11.2,63.1,330.9,0.146,0.337,0.934,Heavy congestion detected - signal timing extended and reroute suggested
EVT440235,2025-01-29 09:05:28,Trade Fair,J020,Malleshwaram Circle,13031,Weekday,False,Clear,False,0.0,False,False,1.0,Severe,10.5,72.8,381.4,0.173,0.399,0.942,Heavy congestion detected - signal timing extended and reroute suggested
EVT440236,2025-09-07 10:51:30,Local Market Day,J011,Indiranagar 100ft Road,4050,Weekend,False,Clear,False,0.0,False,False,0.477,Moderate,21.9,36.1,185.9,0.115,0.266,0.958,Moderate traffic flow - standard adaptive signal timing in effect
EVT440237,2025-09-30 09:29:55,Local Market Day,J011,Indiranagar 100ft Road,3535,Weekday,False,Clear,False,0.0,False,False,0.897,Severe,13.4,65.6,417.3,0.197,0.455,0.915,Heavy congestion detected - signal timing extended and reroute suggested
EVT440238,2025-06-27 08:55:08,Local Market Day,J011,Indiranagar 100ft Road,5128,Weekday,False,Clear,False,0.0,False,False,1.0,Severe,7.3,69.4,429.4,0.148,0.343,0.921,Heavy congestion detected - signal timing extended and reroute suggested
EVT440239,2025-03-02 06:14:00,Local Market Day,J011,Indiranagar 100ft Road,5945,Weekend,False,Clear,False,0.0,False,False,0.415,Moderate,30.3,32.6,278.7,0.243,0.561,0.956,Moderate traffic flow - standard adaptive signal timing in effect
EVT440240,2025-02-17 18:57:41,Trade Fair,J011,Indiranagar 100ft Road,7057,Weekday,False,Clear,False,0.0,False,False,0.974,Severe,8.9,61.9,387.2,0.149,0.343,0.924,Heavy congestion detected - signal timing extended and reroute suggested
EVT440241,2025-09-26 06:07:36,Trade Fair,J011,Indiranagar 100ft Road,4677,Weekday,False,Clear,False,0.0,False,False,0.277,Low,33.1,19.8,126.8,0.108,0.25,0.954,Moderate traffic flow - standard adaptive signal timing in effect
EVT440242,2026-04-06 19:48:50,Local Market Day,J023,Basavanagudi,4636,Weekday,False,Clear,False,0.0,False,False,0.767,Severe,16.6,54.0,366.7,0.21,0.485,0.959,Heavy congestion detected - signal timing extended and reroute suggested
EVT440243,2025-08-18 07:58:29,Trade Fair,J030,MG Road,6609,Weekday,False,Clear,False,0.0,False,False,0.755,Severe,18.1,50.9,283.5,0.181,0.419,0.963,Heavy congestion detected - signal timing extended and reroute suggested
EVT440244,2025-10-27 19:25:28,Political Rally,J040,City Market,14887,Weekday,False,Light Rain,True,5.2,False,False,1.0,Severe,8.6,70.6,481.9,0.143,0.331,0.874,Heavy rain reducing visibility and grip - reduced speed and longer buffer advised
EVT440245,2025-08-31 07:52:41,Political Rally,J009,Majestic,16335,Weekend,False,Clear,False,0.0,False,False,0.728,High,17.6,54.9,263.6,0.156,0.36,0.961,Moderate traffic flow - standard adaptive signal timing in effect
EVT440246,2026-01-15 13:33:30,Cultural Procession,J031,Cubbon Road,29120,Weekday,True,Clear,False,0.0,False,True,0.787,High,13.1,71.5,496.3,0.225,0.519,0.878,Road closure for event/procession - full detour recommended for through-traffic
EVT440247,2025-04-02 16:34:27,Local Market Day,J020,Malleshwaram Circle,2743,Weekday,False,Clear,False,0.0,False,False,0.557,High,27.0,35.5,177.1,0.148,0.342,0.969,Moderate traffic flow - standard adaptive signal timing in effect
EVT440248,2026-06-21 13:27:04,Concert,J040,City Market,21374,Weekend,False,Heavy Rain,True,27.8,False,False,0.571,High,25.2,42.0,190.5,0.131,0.302,0.933,Heavy rain reducing visibility and grip - reduced speed and longer buffer advised
EVT440249,2025-09-29 07:14:21,Political Rally,J023,Basavanagudi,14931,Weekday,False,Fog,False,0.0,False,False,0.604,High,22.7,51.7,167.1,0.104,0.241,0.99,Moderate traffic flow - standard adaptive signal timing in effect
EVT440250,2026-01-09 06:02:49,Trade Fair,J009,Majestic,10186,Weekday,False,Clear,False,0.0,False,False,0.196,Low,31.7,11.8,103.9,0.069,0.16,0.969,Normal free-flow traffic - standard signal timing maintained
EVT440251,2025-12-27 22:18:30,Concert,J020,Malleshwaram Circle,21221,Weekend,False,Clear,False,0.0,False,False,0.408,Moderate,25.5,33.2,204.7,0.153,0.354,0.951,Moderate traffic flow - standard adaptive signal timing in effect
EVT440252,2025-04-13 18:53:46,Local Market Day,J031,Cubbon Road,5890,Weekend,False,Clear,False,0.0,False,False,0.793,Severe,13.6,59.0,159.3,0.079,0.182,0.974,Heavy congestion detected - signal timing extended and reroute suggested
EVT440253,2025-09-23 13:42:34,Political Rally,J009,Majestic,9384,Weekday,False,Rain,True,24.3,False,False,0.405,Moderate,26.4,28.8,146.3,0.11,0.254,0.911,Light rain detected - minor speed reduction advised
EVT440254,2025-04-22 05:07:43,Local Market Day,J012,Koramangala Sony World,5163,Weekday,False,Clear,False,0.0,False,False,0.18,Low,32.2,19.9,122.5,0.08,0.185,0.945,Normal free-flow traffic - standard signal timing maintained
EVT440255,2025-07-15 07:29:23,Local Market Day,J009,Majestic,3018,Weekday,False,Clear,False,0.0,False,False,0.553,High,25.0,39.8,177.7,0.13,0.3,0.99,Moderate traffic flow - standard adaptive signal timing in effect
EVT440256,2025-07-01 17:55:08,Local Market Day,J030,MG Road,3200,Weekday,False,Heavy Rain,True,27.1,False,False,1.0,Severe,10.0,77.1,742.5,0.29,0.67,0.876,Heavy rain reducing visibility and grip - reduced speed and longer buffer advised
EVT440257,2026-04-01 06:50:20,Trade Fair,J030,MG Road,12126,Weekday,False,Clear,False,0.0,False,False,0.429,Moderate,24.3,32.5,260.1,0.168,0.388,0.952,Moderate traffic flow - standard adaptive signal timing in effect
EVT440258,2025-03-08 09:00:54,Concert,J012,Koramangala Sony World,14057,Weekend,False,Clear,False,0.0,False,False,0.915,Severe,12.9,67.8,400.9,0.217,0.501,0.933,Heavy congestion detected - signal timing extended and reroute suggested
EVT440259,2026-01-23 10:18:58,Trade Fair,J009,Majestic,9064,Weekday,False,Clear,False,0.0,False,False,0.743,High,14.5,56.0,348.7,0.162,0.375,0.941,Moderate traffic flow - standard adaptive signal timing in effect
EVT440260,2025-09-08 07:30:52,Local Market Day,J040,City Market,4187,Weekday,False,Heavy Rain,True,40.5,False,False,0.965,Severe,8.4,62.1,677.9,0.246,0.568,0.833,Heavy rain reducing visibility and grip - reduced speed and longer buffer advised
EVT440261,2025-08-16 11:09:16,Fireworks Display,J009,Majestic,46351,Weekend,True,Rain,True,16.6,False,False,1.0,Severe,8.4,63.3,187.9,0.086,0.199,0.818,Festival crowd surge detected - alternate route and extended cycle recommended
EVT440262,2025-05-27 09:22:59,Local Market Day,J011,Indiranagar 100ft Road,3860,Weekday,False,Rain,True,7.7,False,False,1.0,Severe,8.5,74.7,498.9,0.196,0.453,0.855,Heavy rain reducing visibility and grip - reduced speed and longer buffer advised
EVT440263,2026-04-12 18:27:36,Trade Fair,J023,Basavanagudi,12830,Weekend,False,Rain,True,9.7,False,False,1.0,Severe,9.9,69.7,515.4,0.218,0.504,0.862,Heavy rain reducing visibility and grip - reduced speed and longer buffer advised
EVT440264,2025-08-01 11:58:14,Local Market Day,J040,City Market,2570,Weekday,False,Fog,False,0.0,False,False,0.198,Low,34.7,18.3,124.8,0.1,0.231,0.982,Normal free-flow traffic - standard signal timing maintained
EVT440265,2025-02-28 07:52:01,Local Market Day,J030,MG Road,4303,Weekday,False,Clear,False,0.0,False,False,0.776,Severe,15.9,48.9,495.5,0.263,0.608,0.961,Heavy congestion detected - signal timing extended and reroute suggested
EVT440266,2025-03-20 08:38:24,Sports Fixture,J040,City Market,31946,Weekday,False,Clear,False,0.0,False,False,1.0,Severe,7.7,72.5,473.1,0.139,0.321,0.904,Heavy congestion detected - signal timing extended and reroute suggested
EVT440267,2026-01-31 06:44:13,Concert,J020,Malleshwaram Circle,7884,Weekend,False,Clear,False,0.0,False,False,0.387,Moderate,26.3,29.8,188.2,0.132,0.305,0.962,Moderate traffic flow - standard adaptive signal timing in effect
EVT440268,2026-05-28 16:04:33,Trade Fair,J009,Majestic,8846,Weekday,False,Clear,False,0.0,False,False,0.515,Moderate,24.6,32.2,164.0,0.115,0.265,0.945,Moderate traffic flow - standard adaptive signal timing in effect
EVT440269,2025-03-26 10:58:36,Local Market Day,J012,Koramangala Sony World,3063,Weekday,False,Clear,False,0.0,False,False,0.408,Moderate,23.9,27.5,177.4,0.14,0.324,0.951,Moderate traffic flow - standard adaptive signal timing in effect
EVT440270,2025-01-09 20:16:31,Local Market Day,J040,City Market,4316,Weekday,False,Clear,False,0.0,False,False,0.681,High,19.0,44.4,278.6,0.184,0.425,0.939,Moderate traffic flow - standard adaptive signal timing in effect
EVT440271,2026-02-27 08:11:48,Trade Fair,J009,Majestic,9563,Weekday,False,Clear,False,0.0,False,False,0.91,Severe,10.9,62.3,472.9,0.188,0.434,0.955,Heavy congestion detected - signal timing extended and reroute suggested
EVT440272,2026-06-15 17:01:48,Political Rally,J009,Majestic,15097,Weekday,False,Clear,False,0.0,False,False,0.773,Severe,12.5,63.1,328.7,0.161,0.373,0.976,Heavy congestion detected - signal timing extended and reroute suggested
EVT440273,2026-01-24 18:04:48,Concert,J031,Cubbon Road,13879,Weekend,False,Clear,False,0.0,False,False,0.907,Severe,11.6,61.1,594.4,0.259,0.598,0.926,Heavy congestion detected - signal timing extended and reroute suggested
EVT440274,2025-09-04 06:08:13,Political Rally,J030,MG Road,27655,Weekday,False,Heavy Rain,True,28.8,False,False,0.649,High,24.1,46.2,188.4,0.142,0.328,0.91,Heavy rain reducing visibility and grip - reduced speed and longer buffer advised
EVT440275,2026-03-17 12:15:53,Sports Fixture,J009,Majestic,19509,Weekday,False,Clear,False,0.0,False,False,0.305,Low,27.9,15.7,157.1,0.134,0.309,0.99,Moderate traffic flow - standard adaptive signal timing in effect
EVT440276,2026-01-23 09:31:58,Trade Fair,J012,Koramangala Sony World,9516,Weekday,False,Clear,False,0.0,False,False,0.982,Severe,11.3,61.8,353.9,0.157,0.362,0.92,Heavy congestion detected - signal timing extended and reroute suggested
EVT440277,2025-11-29 17:58:43,Sports Fixture,J009,Majestic,29780,Weekend,False,Clear,False,0.0,False,False,0.98,Severe,7.7,69.6,613.5,0.207,0.478,0.919,Heavy congestion detected - signal timing extended and reroute suggested
EVT440278,2026-03-11 05:26:05,Sports Fixture,J031,Cubbon Road,24296,Weekday,False,Clear,False,0.0,False,False,0.307,Low,28.0,19.2,115.9,0.07,0.162,0.964,Moderate traffic flow - standard adaptive signal timing in effect
EVT440279,2025-08-04 17:02:52,Sports Fixture,J040,City Market,16417,Weekday,False,Clear,False,0.0,False,False,0.784,Severe,16.0,55.5,243.3,0.138,0.318,0.941,Heavy congestion detected - signal timing extended and reroute suggested
EVT440280,2026-05-30 16:47:40,Sports Fixture,J011,Indiranagar 100ft Road,15525,Weekend,False,Clear,False,0.0,False,False,0.683,High,15.5,54.1,321.6,0.177,0.41,0.953,Moderate traffic flow - standard adaptive signal timing in effect
EVT440281,2025-05-19 09:26:30,Local Market Day,J030,MG Road,2475,Weekday,False,Light Rain,True,6.1,False,False,1.0,Severe,8.3,73.6,447.0,0.187,0.431,0.863,Heavy rain reducing visibility and grip - reduced speed and longer buffer advised
EVT440282,2026-04-02 15:46:16,Sports Fixture,J009,Majestic,24359,Weekday,False,Light Rain,True,1.9,False,False,0.607,High,21.1,40.0,156.3,0.108,0.249,0.909,Heavy rain reducing visibility and grip - reduced speed and longer buffer advised
EVT440283,2025-01-19 16:34:35,Sports Fixture,J009,Majestic,18993,Weekend,False,Clear,False,0.0,False,False,0.759,Severe,16.5,47.9,194.2,0.105,0.242,0.963,Heavy congestion detected - signal timing extended and reroute suggested
EVT440284,2025-09-22 18:48:39,Concert,J011,Indiranagar 100ft Road,8795,Weekday,False,Clear,False,0.0,False,False,0.934,Severe,13.1,69.8,277.1,0.138,0.318,0.955,Heavy congestion detected - signal timing extended and reroute suggested
EVT440285,2026-03-10 08:30:10,Concert,J020,Malleshwaram Circle,10015,Weekday,False,Clear,False,0.0,False,False,0.934,Severe,12.5,66.1,504.7,0.24,0.554,0.918,Heavy congestion detected - signal timing extended and reroute suggested
EVT440286,2025-04-10 19:21:17,Political Rally,J040,City Market,9943,Weekday,False,Clear,False,0.0,False,False,0.98,Severe,9.9,65.2,559.7,0.203,0.469,0.912,Heavy congestion detected - signal timing extended and reroute suggested
EVT440287,2026-05-22 08:32:51,Concert,J020,Malleshwaram Circle,14549,Weekday,False,Clear,False,0.0,False,False,1.0,Severe,7.4,71.0,619.5,0.197,0.456,0.927,Heavy congestion detected - signal timing extended and reroute suggested
EVT440288,2025-08-09 16:33:39,Sports Fixture,J040,City Market,29207,Weekend,False,Clear,False,0.0,False,False,0.699,High,16.0,51.4,258.6,0.115,0.265,0.975,Moderate traffic flow - standard adaptive signal timing in effect
EVT440289,2026-05-26 19:12:54,Local Market Day,J031,Cubbon Road,5699,Weekday,False,Rain,True,7.9,False,False,1.0,Severe,9.3,77.7,850.2,0.297,0.686,0.827,Heavy rain reducing visibility and grip - reduced speed and longer buffer advised
EVT440290,2026-04-13 17:06:36,Trade Fair,J040,City Market,7643,Weekday,False,Clear,False,0.0,False,False,0.784,Severe,15.7,55.1,407.0,0.23,0.532,0.961,Heavy congestion detected - signal timing extended and reroute suggested
EVT440291,2025-03-23 07:39:36,Trade Fair,J020,Malleshwaram Circle,7666,Weekend,False,Clear,False,0.0,False,False,0.649,High,19.9,49.4,247.6,0.151,0.349,0.961,Moderate traffic flow - standard adaptive signal timing in effect
EVT440292,2025-01-07 16:32:57,Concert,J020,Malleshwaram Circle,16312,Weekday,False,Clear,False,0.0,False,False,0.669,High,17.5,48.5,214.9,0.118,0.272,0.971,Moderate traffic flow - standard adaptive signal timing in effect
EVT440293,2025-08-11 08:20:05,Local Market Day,J012,Koramangala Sony World,6821,Weekday,False,Rain,True,18.6,False,False,1.0,Severe,9.3,68.1,316.0,0.122,0.282,0.839,Heavy rain reducing visibility and grip - reduced speed and longer buffer advised
EVT440294,2025-04-13 18:08:49,Local Market Day,J012,Koramangala Sony World,4607,Weekend,False,Clear,False,0.0,False,False,0.888,Severe,10.8,59.7,426.3,0.177,0.41,0.911,Heavy congestion detected - signal timing extended and reroute suggested
EVT440295,2025-04-22 11:42:04,Sports Fixture,J012,Koramangala Sony World,20074,Weekday,False,Fog,False,0.0,False,False,0.408,Moderate,29.0,27.5,186.9,0.152,0.351,0.986,Moderate traffic flow - standard adaptive signal timing in effect
EVT440296,2025-11-06 12:03:01,Trade Fair,J009,Majestic,7796,Weekday,False,Light Rain,True,2.7,False,False,0.322,Low,43.4,22.3,121.3,0.122,0.281,0.924,Light rain detected - minor speed reduction advised
EVT440297,2025-11-18 10:09:16,Concert,J030,MG Road,10902,Weekday,False,Light Rain,True,1.5,False,False,0.948,Severe,12.4,66.4,358.1,0.181,0.418,0.897,Heavy rain reducing visibility and grip - reduced speed and longer buffer advised
EVT440298,2026-03-12 13:32:08,Concert,J020,Malleshwaram Circle,12730,Weekday,False,Fog,False,0.0,False,False,0.298,Low,24.4,22.2,194.7,0.11,0.254,0.956,Moderate traffic flow - standard adaptive signal timing in effect
EVT440299,2025-11-16 20:02:38,Local Market Day,J011,Indiranagar 100ft Road,3444,Weekend,False,Clear,False,0.0,False,False,0.565,High,20.2,37.5,341.8,0.201,0.464,0.973,Moderate traffic flow - standard adaptive signal timing in effect
EVT440300,2025-08-08 14:20:13,Local Market Day,J012,Koramangala Sony World,3642,Weekday,False,Clear,False,0.0,False,False,0.305,Low,28.4,20.4,143.6,0.104,0.239,0.969,Moderate traffic flow - standard adaptive signal timing in effect
EVT440301,2025-12-25 13:11:16,Religious Festival,J040,City Market,51464,Weekday,True,Clear,False,0.0,False,True,0.861,High,13.2,81.5,222.4,0.122,0.282,0.843,Road closure for event/procession - full detour recommended for through-traffic
EVT440302,2025-05-16 19:03:14,Concert,J030,MG Road,9903,Weekday,False,Clear,False,0.0,False,False,1.0,Severe,7.7,69.8,585.4,0.194,0.448,0.918,Heavy congestion detected - signal timing extended and reroute suggested
EVT440303,2025-02-21 21:57:42,Political Rally,J031,Cubbon Road,15815,Weekday,False,Fog,False,0.0,False,False,0.294,Low,36.5,17.7,132.2,0.139,0.32,0.977,Moderate traffic flow - standard adaptive signal timing in effect
EVT440304,2026-01-11 12:43:37,Sports Fixture,J023,Basavanagudi,22699,Weekend,False,Clear,False,0.0,False,False,0.441,Moderate,24.8,34.4,190.5,0.148,0.342,0.972,Moderate traffic flow - standard adaptive signal timing in effect
EVT440305,2026-03-03 08:07:32,Trade Fair,J011,Indiranagar 100ft Road,4688,Weekday,False,Clear,False,0.0,False,False,0.969,Severe,9.2,69.0,546.7,0.217,0.501,0.936,Heavy congestion detected - signal timing extended and reroute suggested
EVT440306,2025-06-18 19:56:52,Trade Fair,J020,Malleshwaram Circle,8508,Weekday,False,Light Rain,True,2.6,False,False,0.772,Severe,18.3,55.7,225.2,0.143,0.329,0.91,Heavy rain reducing visibility and grip - reduced speed and longer buffer advised
EVT440307,2025-03-26 14:05:45,Sports Fixture,J040,City Market,13985,Weekday,False,Clear,False,0.0,False,False,0.165,Low,37.1,14.6,153.0,0.15,0.346,0.962,Normal free-flow traffic - standard signal timing maintained
EVT440308,2026-02-14 08:09:31,Local Market Day,J030,MG Road,3087,Weekend,False,Clear,False,0.0,True,False,1.0,Severe,7.8,68.4,995.9,0.31,0.717,0.734,Accident detected nearby - reroute and reduced speed advised
EVT440309,2026-06-03 16:28:17,Concert,J012,Koramangala Sony World,16716,Weekday,False,Clear,False,0.0,False,False,0.727,High,20.0,53.0,223.6,0.146,0.337,0.952,Moderate traffic flow - standard adaptive signal timing in effect
EVT440310,2025-03-05 16:25:58,Trade Fair,J031,Cubbon Road,12217,Weekday,False,Clear,False,0.0,False,False,0.566,High,23.5,36.3,273.2,0.201,0.463,0.99,Moderate traffic flow - standard adaptive signal timing in effect
EVT440311,2026-05-05 11:46:11,Sports Fixture,J009,Majestic,31909,Weekday,False,Clear,False,0.0,False,False,0.47,Moderate,25.2,37.8,238.0,0.182,0.421,0.931,Moderate traffic flow - standard adaptive signal timing in effect
EVT440312,2026-01-12 13:01:59,Local Market Day,J030,MG Road,3001,Weekday,False,Clear,False,0.0,False,False,0.158,Low,28.6,14.2,105.6,0.078,0.18,0.972,Normal free-flow traffic - standard signal timing maintained
EVT440313,2025-06-29 09:31:48,Concert,J031,Cubbon Road,9659,Weekend,False,Clear,False,0.0,False,False,0.853,Severe,11.9,68.6,234.0,0.11,0.254,0.933,Heavy congestion detected - signal timing extended and reroute suggested
EVT440314,2025-05-04 11:27:35,Political Rally,J030,MG Road,14833,Weekend,False,Rain,True,15.0,False,False,0.6,High,21.9,46.9,238.0,0.16,0.37,0.912,Heavy rain reducing visibility and grip - reduced speed and longer buffer advised
EVT440315,2026-06-03 08:55:41,Concert,J023,Basavanagudi,8608,Weekday,False,Heavy Rain,True,73.7,False,False,1.0,Severe,8.8,69.7,454.7,0.185,0.426,0.883,Heavy rain reducing visibility and grip - reduced speed and longer buffer advised
EVT440316,2025-03-14 09:51:15,Cultural Procession,J023,Basavanagudi,23023,Weekday,True,Clear,False,0.0,False,True,1.0,Severe,7.2,90.1,466.0,0.141,0.326,0.83,Road closure for event/procession - full detour recommended for through-traffic
EVT440317,2025-02-10 18:59:42,Local Market Day,J009,Majestic,2643,Weekday,False,Clear,False,0.0,False,False,0.936,Severe,10.3,74.6,477.1,0.21,0.484,0.932,Heavy congestion detected - signal timing extended and reroute suggested
EVT440318,2026-02-08 07:32:39,Local Market Day,J009,Majestic,6438,Weekend,False,Clear,False,0.0,False,False,0.546,Moderate,27.8,33.9,148.3,0.105,0.243,0.962,Moderate traffic flow - standard adaptive signal timing in effect
EVT440319,2025-08-22 20:30:38,Sports Fixture,J030,MG Road,26086,Weekday,False,Rain,True,15.9,False,False,0.869,Severe,14.7,65.9,346.9,0.183,0.422,0.902,Heavy rain reducing visibility and grip - reduced speed and longer buffer advised
EVT440320,2025-08-15 13:47:35,Cultural Procession,J009,Majestic,10368,Weekday,True,Light Rain,True,7.4,False,True,0.731,High,18.9,77.5,214.4,0.134,0.31,0.797,Road closure for event/procession - full detour recommended for through-traffic
EVT440321,2025-06-18 09:12:47,Concert,J009,Majestic,11202,Weekday,False,Clear,False,0.0,False,False,1.0,Severe,8.3,69.8,353.9,0.108,0.251,0.895,Heavy congestion detected - signal timing extended and reroute suggested
EVT440322,2025-11-20 18:20:16,Sports Fixture,J030,MG Road,30547,Weekday,False,Fog,False,0.0,False,False,1.0,Severe,9.0,74.1,464.1,0.161,0.371,0.901,Heavy congestion detected - signal timing extended and reroute suggested
EVT440323,2025-03-01 16:14:24,Political Rally,J012,Koramangala Sony World,29393,Weekend,False,Clear,False,0.0,False,False,0.681,High,14.1,44.5,321.5,0.149,0.345,0.945,Moderate traffic flow - standard adaptive signal timing in effect
EVT440324,2025-04-24 19:40:42,Concert,J031,Cubbon Road,18115,Weekday,False,Clear,False,0.0,False,False,0.926,Severe,11.2,69.5,400.2,0.209,0.483,0.937,Heavy congestion detected - signal timing extended and reroute suggested
EVT440325,2025-09-21 18:45:37,Local Market Day,J030,MG Road,2795,Weekend,False,Rain,True,19.3,False,False,1.0,Severe,8.2,73.3,297.1,0.121,0.28,0.881,Heavy rain reducing visibility and grip - reduced speed and longer buffer advised
EVT440326,2026-01-14 16:23:12,Fireworks Display,J011,Indiranagar 100ft Road,19703,Weekday,True,Clear,False,0.0,False,False,0.859,Severe,16.9,59.2,308.8,0.174,0.401,0.901,Festival crowd surge detected - alternate route and extended cycle recommended
EVT440327,2025-08-28 00:00:10,Fireworks Display,J020,Malleshwaram Circle,28497,Weekday,True,Clear,False,0.0,False,False,0.617,High,21.3,40.2,285.8,0.19,0.439,0.932,Festival crowd surge detected - alternate route and extended cycle recommended
EVT440328,2026-04-11 21:26:30,Local Market Day,J009,Majestic,3324,Weekend,False,Rain,True,8.1,False,False,0.468,Moderate,23.9,22.9,268.3,0.193,0.447,0.903,Light rain detected - minor speed reduction advised
EVT440329,2025-12-19 14:29:33,Trade Fair,J009,Majestic,7583,Weekday,False,Clear,False,0.0,False,False,0.235,Low,36.6,17.4,122.5,0.111,0.258,0.971,Normal free-flow traffic - standard signal timing maintained
EVT440330,2025-08-30 12:48:37,Sports Fixture,J040,City Market,24666,Weekend,False,Heavy Rain,True,30.8,False,False,0.703,High,16.2,48.3,330.4,0.196,0.453,0.897,Heavy rain reducing visibility and grip - reduced speed and longer buffer advised
EVT440331,2025-07-01 12:02:50,Concert,J020,Malleshwaram Circle,9279,Weekday,False,Heavy Rain,True,66.2,False,False,0.572,High,20.7,39.9,189.8,0.13,0.3,0.915,Heavy rain reducing visibility and grip - reduced speed and longer buffer advised
EVT440332,2025-07-28 09:12:43,Local Market Day,J031,Cubbon Road,3169,Weekday,False,Clear,False,0.0,False,False,1.0,Severe,9.2,69.8,371.9,0.141,0.326,0.898,Heavy congestion detected - signal timing extended and reroute suggested
EVT440333,2026-01-28 17:58:41,Local Market Day,J023,Basavanagudi,6058,Weekday,False,Clear,False,0.0,False,False,1.0,Severe,9.3,64.9,876.5,0.311,0.719,0.891,Heavy congestion detected - signal timing extended and reroute suggested
EVT440334,2025-06-23 07:22:49,Local Market Day,J009,Majestic,3428,Weekday,False,Fog,False,0.0,False,False,0.546,Moderate,19.7,41.2,164.8,0.097,0.223,0.951,Moderate traffic flow - standard adaptive signal timing in effect
EVT440335,2026-01-17 15:00:10,Trade Fair,J020,Malleshwaram Circle,11288,Weekend,False,Clear,False,0.0,False,False,0.32,Low,28.3,23.3,181.1,0.133,0.306,0.968,Moderate traffic flow - standard adaptive signal timing in effect
EVT440336,2026-06-22 06:48:44,Local Market Day,J023,Basavanagudi,3858,Weekday,False,Clear,False,0.0,False,False,0.406,Moderate,26.8,25.3,156.9,0.108,0.249,0.959,Moderate traffic flow - standard adaptive signal timing in effect
EVT440337,2025-03-23 07:56:42,Local Market Day,J031,Cubbon Road,3513,Weekend,False,Clear,False,0.0,False,False,0.655,High,21.3,48.0,231.2,0.161,0.372,0.949,Moderate traffic flow - standard adaptive signal timing in effect
EVT440338,2025-04-06 08:47:21,Religious Festival,J040,City Market,31326,Weekend,True,Clear,False,0.0,False,True,1.0,Severe,7.4,93.3,483.1,0.143,0.33,0.859,Road closure for event/procession - full detour recommended for through-traffic
EVT440339,2025-04-01 16:09:56,Political Rally,J009,Majestic,17812,Weekday,False,Clear,False,0.0,False,False,0.52,Moderate,19.8,37.6,210.1,0.139,0.321,0.97,Moderate traffic flow - standard adaptive signal timing in effect
EVT440340,2025-06-26 10:37:14,Local Market Day,J031,Cubbon Road,4610,Weekday,False,Fog,False,0.0,False,False,0.605,High,20.1,44.3,397.8,0.24,0.553,0.957,Moderate traffic flow - standard adaptive signal timing in effect
EVT440341,2025-11-09 00:22:55,Political Rally,J012,Koramangala Sony World,19989,Weekend,False,Clear,False,0.0,False,False,0.387,Moderate,19.4,31.2,404.7,0.241,0.557,0.948,Moderate traffic flow - standard adaptive signal timing in effect
EVT440342,2025-02-07 10:34:05,Local Market Day,J031,Cubbon Road,3966,Weekday,False,Clear,False,0.0,False,False,0.589,High,21.1,49.0,169.6,0.105,0.242,0.951,Moderate traffic flow - standard adaptive signal timing in effect
EVT440343,2026-01-30 17:38:09,Trade Fair,J020,Malleshwaram Circle,10573,Weekday,False,Clear,False,0.0,False,False,1.0,Severe,10.8,76.9,183.5,0.094,0.216,0.937,Heavy congestion detected - signal timing extended and reroute suggested
EVT440344,2025-11-23 16:06:55,Trade Fair,J020,Malleshwaram Circle,7538,Weekend,False,Clear,False,0.0,False,False,0.518,Moderate,26.0,37.4,196.0,0.158,0.366,0.984,Moderate traffic flow - standard adaptive signal timing in effect
EVT440345,2025-07-19 16:49:44,Concert,J011,Indiranagar 100ft Road,14975,Weekend,False,Rain,True,14.8,False,False,0.855,Severe,12.4,66.6,281.7,0.135,0.312,0.891,Heavy rain reducing visibility and grip - reduced speed and longer buffer advised
EVT440346,2025-01-07 11:34:55,Local Market Day,J009,Majestic,4666,Weekday,False,Clear,False,0.0,False,False,0.278,Low,36.0,23.0,113.3,0.104,0.241,0.968,Moderate traffic flow - standard adaptive signal timing in effect
EVT440347,2025-12-26 22:02:28,Cultural Procession,J031,Cubbon Road,18331,Weekday,True,Light Rain,True,3.3,False,True,0.735,High,14.0,74.4,444.5,0.2,0.461,0.848,Road closure for event/procession - full detour recommended for through-traffic
EVT440348,2026-04-20 10:49:38,Political Rally,J012,Koramangala Sony World,25918,Weekday,False,Clear,False,0.0,False,False,0.665,High,20.1,44.3,341.1,0.221,0.51,0.949,Moderate traffic flow - standard adaptive signal timing in effect
EVT440349,2025-06-16 22:09:00,Local Market Day,J012,Koramangala Sony World,2672,Weekday,False,Clear,False,0.0,False,False,0.247,Low,32.9,9.5,176.5,0.149,0.344,0.98,Normal free-flow traffic - standard signal timing maintained
EVT440350,2026-02-25 17:04:54,Political Rally,J030,MG Road,26138,Weekday,False,Clear,False,0.0,False,False,0.83,Severe,15.2,68.7,319.9,0.167,0.386,0.921,Heavy congestion detected - signal timing extended and reroute suggested
EVT440351,2025-04-21 10:49:06,Trade Fair,J023,Basavanagudi,12090,Weekday,False,Clear,False,0.0,False,False,0.579,High,19.3,38.5,102.5,0.065,0.151,0.95,Moderate traffic flow - standard adaptive signal timing in effect
EVT440352,2025-09-19 13:05:07,Concert,J020,Malleshwaram Circle,10772,Weekday,False,Rain,True,13.5,False,False,0.449,Moderate,24.9,37.2,164.4,0.139,0.322,0.897,Light rain detected - minor speed reduction advised
EVT440353,2026-05-28 10:26:52,Local Market Day,J012,Koramangala Sony World,2919,Weekday,False,Clear,False,0.0,False,False,0.682,High,16.4,45.3,254.4,0.124,0.285,0.947,Moderate traffic flow - standard adaptive signal timing in effect
EVT440354,2025-09-13 17:39:13,Local Market Day,J012,Koramangala Sony World,3189,Weekend,False,Rain,True,24.7,False,False,1.0,Severe,8.6,74.7,517.5,0.203,0.468,0.86,Heavy rain reducing visibility and grip - reduced speed and longer buffer advised
EVT440355,2025-12-17 09:22:32,Trade Fair,J023,Basavanagudi,7642,Weekday,False,Clear,False,0.0,False,False,0.937,Severe,10.9,64.4,419.9,0.175,0.405,0.916,Heavy congestion detected - signal timing extended and reroute suggested
EVT440356,2026-01-02 21:12:48,Religious Festival,J012,Koramangala Sony World,22104,Weekday,True,Clear,False,0.0,False,False,0.719,High,15.4,51.8,247.6,0.109,0.252,0.903,Festival crowd surge detected - alternate route and extended cycle recommended
EVT440357,2025-04-10 13:54:07,Local Market Day,J023,Basavanagudi,3256,Weekday,False,Light Rain,True,2.9,False,False,0.281,Low,32.6,15.3,169.5,0.152,0.352,0.93,Light rain detected - minor speed reduction advised
EVT440358,2026-03-03 10:08:16,Trade Fair,J040,City Market,7432,Weekday,False,Clear,False,0.0,False,False,0.786,Severe,17.7,52.2,187.7,0.113,0.261,0.978,Heavy congestion detected - signal timing extended and reroute suggested
EVT440359,2026-04-12 07:37:10,Trade Fair,J012,Koramangala Sony World,8144,Weekend,False,Clear,False,0.0,False,False,0.657,High,15.6,47.1,296.2,0.143,0.33,0.954,Moderate traffic flow - standard adaptive signal timing in effect
EVT440360,2025-01-30 19:48:19,Concert,J030,MG Road,10779,Weekday,False,Clear,False,0.0,False,False,0.848,Severe,16.7,60.6,441.2,0.269,0.621,0.971,Heavy congestion detected - signal timing extended and reroute suggested
EVT440361,2026-01-12 14:36:49,Concert,J011,Indiranagar 100ft Road,11374,Weekday,False,Clear,False,0.0,False,False,0.358,Moderate,31.3,25.0,152.4,0.132,0.305,0.953,Moderate traffic flow - standard adaptive signal timing in effect
EVT440362,2025-04-23 10:43:48,Concert,J012,Koramangala Sony World,26461,Weekday,False,Clear,False,0.0,False,False,0.729,High,20.4,51.1,195.6,0.151,0.35,0.968,Moderate traffic flow - standard adaptive signal timing in effect
EVT440363,2025-08-12 12:25:53,Concert,J009,Majestic,17310,Weekday,False,Heavy Rain,True,25.9,False,False,0.56,High,24.3,36.5,329.4,0.232,0.535,0.913,Heavy rain reducing visibility and grip - reduced speed and longer buffer advised
EVT440364,2026-04-27 14:05:13,Local Market Day,J040,City Market,3662,Weekday,False,Clear,False,0.0,False,False,0.235,Low,36.8,13.3,121.1,0.117,0.269,0.953,Normal free-flow traffic - standard signal timing maintained
EVT440365,2025-12-26 12:42:10,Cultural Procession,J030,MG Road,22073,Weekday,True,Clear,False,0.0,False,True,0.626,Moderate,22.3,61.6,264.7,0.199,0.461,0.869,Road closure for event/procession - full detour recommended for through-traffic
EVT440366,2026-05-15 18:01:54,Concert,J012,Koramangala Sony World,17206,Weekday,False,Clear,False,0.0,False,False,1.0,Severe,8.5,75.8,282.2,0.128,0.296,0.933,Heavy congestion detected - signal timing extended and reroute suggested
EVT440367,2026-06-03 17:56:56,Local Market Day,J009,Majestic,4340,Weekday,False,Heavy Rain,True,41.2,False,False,1.0,Severe,8.0,74.5,714.2,0.225,0.519,0.87,Heavy rain reducing visibility and grip - reduced speed and longer buffer advised
EVT440368,2025-03-23 08:58:44,Sports Fixture,J020,Malleshwaram Circle,22664,Weekend,False,Clear,False,0.0,False,False,1.0,Severe,8.9,64.2,528.5,0.2,0.463,0.906,Heavy congestion detected - signal timing extended and reroute suggested
EVT440369,2025-12-15 18:40:44,Local Market Day,J012,Koramangala Sony World,3788,Weekday,False,Clear,False,0.0,False,False,1.0,Severe,8.6,72.8,452.7,0.147,0.34,0.949,Heavy congestion detected - signal timing extended and reroute suggested
EVT440370,2025-08-06 07:26:50,Concert,J030,MG Road,11894,Weekday,False,Rain,True,20.2,False,False,0.845,Severe,12.9,56.8,159.5,0.088,0.204,0.897,Heavy rain reducing visibility and grip - reduced speed and longer buffer advised
EVT440371,2025-10-13 15:44:13,Trade Fair,J031,Cubbon Road,5847,Weekday,False,Clear,False,0.0,False,False,0.46,Moderate,27.0,33.4,116.2,0.095,0.218,0.971,Moderate traffic flow - standard adaptive signal timing in effect
EVT440372,2025-12-17 17:55:05,Local Market Day,J020,Malleshwaram Circle,4084,Weekday,False,Clear,False,0.0,False,False,0.938,Severe,9.9,72.5,549.4,0.23,0.532,0.94,Heavy congestion detected - signal timing extended and reroute suggested
EVT440373,2025-09-21 18:19:29,Political Rally,J012,Koramangala Sony World,16737,Weekend,False,Light Rain,True,6.2,False,False,1.0,Severe,8.6,73.6,659.2,0.206,0.476,0.877,Heavy rain reducing visibility and grip - reduced speed and longer buffer advised
EVT440374,2026-06-12 08:16:30,Local Market Day,J009,Majestic,5318,Weekday,False,Clear,False,0.0,False,False,0.912,Severe,10.5,64.3,169.0,0.077,0.179,0.926,Heavy congestion detected - signal timing extended and reroute suggested
EVT440375,2025-04-29 17:57:07,Trade Fair,J009,Majestic,11767,Weekday,False,Clear,False,0.0,False,False,0.987,Severe,9.1,64.5,616.5,0.221,0.51,0.912,Heavy congestion detected - signal timing extended and reroute suggested
EVT440376,2025-06-12 16:49:03,Sports Fixture,J040,City Market,22336,Weekday,False,Clear,False,0.0,False,False,0.751,Severe,16.3,51.5,206.8,0.114,0.264,0.974,Heavy congestion detected - signal timing extended and reroute suggested
EVT440377,2025-09-11 23:54:11,Local Market Day,J020,Malleshwaram Circle,3571,Weekday,False,Clear,False,0.0,False,False,0.17,Low,34.0,13.4,148.0,0.138,0.32,0.964,Normal free-flow traffic - standard signal timing maintained
EVT440378,2025-09-05 14:52:49,Religious Festival,J020,Malleshwaram Circle,52013,Weekday,True,Clear,False,0.0,False,False,0.685,High,19.2,50.6,176.1,0.109,0.251,0.916,Festival crowd surge detected - alternate route and extended cycle recommended
EVT440379,2025-07-31 22:08:52,Trade Fair,J030,MG Road,5681,Weekday,False,Light Rain,True,5.4,False,False,0.265,Low,34.0,25.8,235.7,0.192,0.443,0.926,Light rain detected - minor speed reduction advised
EVT440380,2025-01-12 18:22:03,Concert,J040,City Market,17800,Weekend,False,Clear,False,0.0,False,False,0.989,Severe,6.7,69.9,453.5,0.133,0.307,0.905,Heavy congestion detected - signal timing extended and reroute suggested
EVT440381,2025-08-04 08:57:58,Sports Fixture,J012,Koramangala Sony World,36825,Weekday,False,Heavy Rain,True,27.8,False,False,1.0,Severe,8.2,64.7,675.1,0.222,0.513,0.861,Heavy rain reducing visibility and grip - reduced speed and longer buffer advised
EVT440382,2026-04-05 14:33:39,Concert,J030,MG Road,10142,Weekend,False,Clear,False,0.0,False,False,0.327,Low,24.0,24.2,103.3,0.072,0.166,0.955,Moderate traffic flow - standard adaptive signal timing in effect
EVT440383,2025-11-11 14:48:50,Trade Fair,J011,Indiranagar 100ft Road,13394,Weekday,False,Clear,False,0.0,False,False,0.245,Low,34.8,23.4,111.0,0.085,0.197,0.965,Normal free-flow traffic - standard signal timing maintained
EVT440384,2025-09-16 23:58:27,Concert,J020,Malleshwaram Circle,14132,Weekday,False,Clear,False,0.0,False,False,0.175,Low,34.5,16.1,120.3,0.107,0.246,0.978,Normal free-flow traffic - standard signal timing maintained
EVT440385,2026-02-02 13:32:15,Sports Fixture,J031,Cubbon Road,25664,Weekday,False,Clear,False,0.0,False,False,0.332,Low,28.7,17.0,212.1,0.167,0.387,0.959,Moderate traffic flow - standard adaptive signal timing in effect
EVT440386,2025-11-18 10:26:05,Political Rally,J012,Koramangala Sony World,19961,Weekday,False,Clear,False,0.0,False,False,0.793,Severe,16.5,59.6,136.7,0.077,0.179,0.94,Heavy congestion detected - signal timing extended and reroute suggested
EVT440387,2025-07-27 21:07:49,Concert,J012,Koramangala Sony World,9637,Weekend,False,Clear,False,0.0,False,False,0.435,Moderate,23.5,35.3,250.2,0.168,0.388,0.969,Moderate traffic flow - standard adaptive signal timing in effect
EVT440388,2026-05-11 11:10:06,Trade Fair,J040,City Market,11525,Weekday,False,Light Rain,True,5.6,False,False,0.573,High,22.5,48.1,230.6,0.144,0.332,0.895,Heavy rain reducing visibility and grip - reduced speed and longer buffer advised
EVT440389,2026-04-28 20:28:37,Concert,J011,Indiranagar 100ft Road,10976,Weekday,False,Clear,False,0.0,False,False,0.62,High,16.2,45.1,355.1,0.177,0.41,0.965,Moderate traffic flow - standard adaptive signal timing in effect
EVT440390,2026-03-27 10:51:44,Religious Festival,J040,City Market,68585,Weekday,True,Clear,False,0.0,False,False,1.0,Severe,7.5,70.2,851.7,0.263,0.609,0.862,Festival crowd surge detected - alternate route and extended cycle recommended
EVT440391,2025-10-11 17:22:19,Concert,J023,Basavanagudi,18449,Weekend,False,Clear,False,0.0,False,False,0.747,High,15.5,48.8,279.6,0.168,0.388,0.974,Moderate traffic flow - standard adaptive signal timing in effect
EVT440392,2025-04-02 13:52:10,Sports Fixture,J009,Majestic,23673,Weekday,False,Clear,False,0.0,False,False,0.289,Low,34.9,20.6,135.7,0.134,0.31,0.975,Moderate traffic flow - standard adaptive signal timing in effect
EVT440393,2025-09-23 20:47:48,Trade Fair,J020,Malleshwaram Circle,8974,Weekday,False,Clear,False,0.0,False,False,0.501,Moderate,22.8,32.9,244.8,0.159,0.368,0.947,Moderate traffic flow - standard adaptive signal timing in effect
EVT440394,2025-10-30 21:20:53,Political Rally,J040,City Market,17331,Weekday,False,Rain,True,10.6,False,False,0.501,Moderate,27.7,30.1,177.0,0.149,0.343,0.903,Light rain detected - minor speed reduction advised
EVT440395,2025-11-26 21:06:02,Local Market Day,J012,Koramangala Sony World,4815,Weekday,False,Rain,True,10.5,False,False,0.542,Moderate,22.0,41.3,338.7,0.231,0.534,0.932,Light rain detected - minor speed reduction advised
EVT440396,2025-10-05 18:23:18,Local Market Day,J012,Koramangala Sony World,8981,Weekend,False,Clear,False,0.0,False,False,0.803,Severe,9.8,60.0,432.3,0.158,0.365,0.965,Heavy congestion detected - signal timing extended and reroute suggested
EVT440397,2026-06-04 16:44:49,Trade Fair,J023,Basavanagudi,7580,Weekday,False,Clear,False,0.0,False,False,0.625,High,24.5,46.7,188.0,0.154,0.356,0.983,Moderate traffic flow - standard adaptive signal timing in effect
EVT440398,2025-09-14 19:27:10,Sports Fixture,J012,Koramangala Sony World,22658,Weekend,False,Rain,True,19.2,False,False,1.0,Severe,9.1,72.6,557.3,0.195,0.451,0.849,Heavy rain reducing visibility and grip - reduced speed and longer buffer advised
EVT440399,2025-11-06 23:28:05,Concert,J009,Majestic,10723,Weekday,False,Clear,False,0.0,False,False,0.242,Low,32.8,12.8,163.2,0.153,0.353,0.959,Normal free-flow traffic - standard signal timing maintained
EVT440400,2026-04-24 17:23:13,Sports Fixture,J009,Majestic,23751,Weekday,False,Clear,False,0.0,False,False,0.954,Severe,11.3,69.1,646.1,0.261,0.604,0.945,Heavy congestion detected - signal timing extended and reroute suggested
EVT440401,2025-02-02 22:37:10,Local Market Day,J012,Koramangala Sony World,6432,Weekend,False,Clear,False,0.0,False,False,0.308,Low,30.1,18.0,166.8,0.14,0.324,0.981,Moderate traffic flow - standard adaptive signal timing in effect
EVT440402,2025-04-16 14:45:42,Sports Fixture,J012,Koramangala Sony World,39687,Weekday,False,Clear,False,0.0,False,False,0.469,Moderate,22.7,34.8,196.3,0.117,0.271,0.988,Moderate traffic flow - standard adaptive signal timing in effect
EVT440403,2025-08-11 13:56:52,Concert,J009,Majestic,18315,Weekday,False,Clear,False,0.0,False,False,0.254,Low,31.3,15.9,55.5,0.025,0.057,0.962,Moderate traffic flow - standard adaptive signal timing in effect
EVT440404,2025-08-28 21:27:40,Religious Festival,J030,MG Road,36188,Weekday,True,Fog,False,0.0,False,False,0.696,High,16.1,51.9,284.8,0.153,0.353,0.924,Festival crowd surge detected - alternate route and extended cycle recommended
EVT440405,2026-05-20 07:01:15,Local Market Day,J023,Basavanagudi,6368,Weekday,False,Clear,False,0.0,False,False,0.469,Moderate,30.5,39.1,146.4,0.117,0.271,0.976,Moderate traffic flow - standard adaptive signal timing in effect
EVT440406,2025-08-11 21:10:33,Local Market Day,J012,Koramangala Sony World,4449,Weekday,False,Rain,True,21.3,False,False,0.552,High,24.6,38.5,205.0,0.156,0.359,0.903,Heavy rain reducing visibility and grip - reduced speed and longer buffer advised
EVT440407,2026-02-01 08:48:34,Trade Fair,J012,Koramangala Sony World,16494,Weekend,False,Clear,False,0.0,False,False,0.912,Severe,11.3,70.9,414.0,0.183,0.424,0.922,Heavy congestion detected - signal timing extended and reroute suggested
EVT440408,2025-04-08 22:32:09,Sports Fixture,J009,Majestic,21630,Weekday,False,Clear,False,0.0,False,False,0.215,Low,32.2,15.2,121.8,0.106,0.245,0.969,Normal free-flow traffic - standard signal timing maintained
EVT440409,2025-09-21 09:40:46,Local Market Day,J023,Basavanagudi,5240,Weekend,False,Clear,False,0.0,False,False,0.772,Severe,11.1,51.7,375.1,0.147,0.339,0.966,Heavy congestion detected - signal timing extended and reroute suggested
EVT440410,2025-12-16 17:07:25,Political Rally,J031,Cubbon Road,20713,Weekday,False,Clear,False,0.0,False,False,0.82,Severe,16.4,59.6,341.7,0.22,0.509,0.978,Heavy congestion detected - signal timing extended and reroute suggested
EVT440411,2026-02-07 14:07:52,Sports Fixture,J031,Cubbon Road,16613,Weekend,False,Clear,False,0.0,False,False,0.361,Moderate,29.1,27.4,101.5,0.074,0.171,0.975,Moderate traffic flow - standard adaptive signal timing in effect
EVT440412,2026-06-26 15:20:15,Trade Fair,J009,Majestic,8820,Weekday,False,Clear,False,0.0,False,False,0.264,Low,31.9,19.8,156.9,0.126,0.291,0.965,Moderate traffic flow - standard adaptive signal timing in effect
EVT440413,2025-05-19 17:50:37,Sports Fixture,J012,Koramangala Sony World,28029,Weekday,False,Clear,False,0.0,False,False,1.0,Severe,7.5,67.3,208.2,0.076,0.175,0.921,Heavy congestion detected - signal timing extended and reroute suggested
EVT440414,2025-07-25 09:30:53,Trade Fair,J012,Koramangala Sony World,4986,Weekday,False,Clear,False,0.0,False,False,0.882,Severe,9.6,64.9,788.3,0.288,0.665,0.943,Heavy congestion detected - signal timing extended and reroute suggested
EVT440415,2026-06-20 02:14:36,Local Market Day,J009,Majestic,3654,Weekend,False,Clear,False,0.0,False,False,0.28,Low,29.0,22.8,140.5,0.111,0.257,0.943,Moderate traffic flow - standard adaptive signal timing in effect
EVT440416,2026-06-19 19:18:08,Political Rally,J011,Indiranagar 100ft Road,9756,Weekday,False,Rain,True,15.6,False,False,1.0,Severe,7.0,65.8,441.9,0.142,0.328,0.872,Heavy rain reducing visibility and grip - reduced speed and longer buffer advised
EVT440417,2026-01-03 08:46:18,Trade Fair,J011,Indiranagar 100ft Road,8436,Weekend,False,Clear,False,0.0,False,False,0.866,Severe,11.5,60.8,441.3,0.208,0.48,0.978,Heavy congestion detected - signal timing extended and reroute suggested
EVT440418,2026-04-11 11:53:47,Trade Fair,J020,Malleshwaram Circle,4257,Weekend,False,Clear,False,0.0,False,False,0.325,Low,27.8,23.2,141.2,0.108,0.249,0.95,Moderate traffic flow - standard adaptive signal timing in effect
EVT440419,2025-08-15 23:14:34,Religious Festival,J020,Malleshwaram Circle,24806,Weekday,True,Clear,False,0.0,False,False,0.541,Moderate,22.1,38.6,202.3,0.143,0.33,0.882,Festival crowd surge detected - alternate route and extended cycle recommended
EVT440420,2026-03-03 17:58:47,Local Market Day,J040,City Market,3355,Weekday,False,Clear,False,0.0,False,False,0.969,Severe,9.5,62.9,616.3,0.238,0.549,0.923,Heavy congestion detected - signal timing extended and reroute suggested
EVT440421,2025-02-06 18:51:53,Local Market Day,J040,City Market,3114,Weekday,False,Clear,False,0.0,False,False,1.0,Severe,8.5,78.2,332.6,0.144,0.332,0.905,Heavy congestion detected - signal timing extended and reroute suggested
EVT440422,2026-03-15 18:51:54,Trade Fair,J031,Cubbon Road,7458,Weekend,False,Clear,False,0.0,False,False,0.836,Severe,13.1,61.8,486.9,0.238,0.549,0.954,Heavy congestion detected - signal timing extended and reroute suggested
EVT440423,2025-08-02 11:11:29,Local Market Day,J009,Majestic,2018,Weekend,False,Rain,True,19.1,False,False,0.61,High,18.3,32.4,233.4,0.143,0.329,0.941,Heavy rain reducing visibility and grip - reduced speed and longer buffer advised
EVT440424,2025-05-16 11:44:12,Local Market Day,J020,Malleshwaram Circle,2358,Weekday,False,Fog,False,0.0,False,False,0.209,Low,34.3,14.5,74.6,0.07,0.161,0.966,Normal free-flow traffic - standard signal timing maintained
EVT440425,2025-05-10 10:10:58,Local Market Day,J031,Cubbon Road,3033,Weekend,False,Clear,False,0.0,False,False,0.643,High,18.5,44.4,425.5,0.255,0.589,0.949,Moderate traffic flow - standard adaptive signal timing in effect
EVT440426,2025-08-19 19:29:39,Trade Fair,J040,City Market,8910,Weekday,False,Rain,True,12.3,False,False,1.0,Severe,7.2,69.8,413.9,0.143,0.331,0.875,Heavy rain reducing visibility and grip - reduced speed and longer buffer advised
EVT440427,2025-09-13 09:14:09,Concert,J011,Indiranagar 100ft Road,7444,Weekend,False,Clear,False,0.0,False,False,0.899,Severe,11.1,64.3,573.9,0.201,0.465,0.953,Heavy congestion detected - signal timing extended and reroute suggested
EVT440428,2025-02-26 18:17:45,Political Rally,J011,Indiranagar 100ft Road,23212,Weekday,False,Fog,False,0.0,False,False,1.0,Severe,8.1,67.3,611.2,0.196,0.453,0.903,Heavy congestion detected - signal timing extended and reroute suggested
EVT440429,2025-04-21 17:41:31,Concert,J023,Basavanagudi,11540,Weekday,False,Light Rain,True,4.7,False,False,0.99,Severe,6.8,64.3,551.5,0.159,0.368,0.874,Heavy rain reducing visibility and grip - reduced speed and longer buffer advised
EVT440430,2026-06-05 09:30:26,Local Market Day,J040,City Market,5111,Weekday,False,Clear,False,0.0,False,False,0.927,Severe,11.5,63.0,478.6,0.199,0.459,0.949,Heavy congestion detected - signal timing extended and reroute suggested
EVT440431,2025-08-06 00:25:30,Concert,J011,Indiranagar 100ft Road,13649,Weekday,False,Heavy Rain,True,32.1,False,False,0.538,Moderate,27.7,34.4,238.3,0.185,0.427,0.92,Light rain detected - minor speed reduction advised
EVT440432,2025-01-13 07:03:57,Trade Fair,J030,MG Road,8540,Weekday,False,Clear,False,0.0,False,False,0.435,Moderate,28.7,32.5,248.0,0.196,0.453,0.963,Moderate traffic flow - standard adaptive signal timing in effect
EVT440433,2026-03-14 18:06:13,Trade Fair,J012,Koramangala Sony World,14728,Weekend,False,Clear,False,0.0,False,False,0.906,Severe,12.4,62.4,434.8,0.22,0.509,0.939,Heavy congestion detected - signal timing extended and reroute suggested
EVT440434,2025-09-04 15:11:17,Local Market Day,J011,Indiranagar 100ft Road,3784,Weekday,False,Clear,False,0.0,False,False,0.31,Low,27.9,21.0,143.0,0.113,0.26,0.966,Moderate traffic flow - standard adaptive signal timing in effect
EVT440435,2025-09-22 23:10:14,Local Market Day,J023,Basavanagudi,2991,Weekday,False,Clear,False,0.0,False,False,0.089,Low,33.7,9.1,49.8,0.046,0.107,0.958,Normal free-flow traffic - standard signal timing maintained
EVT440436,2025-02-13 11:41:14,Local Market Day,J011,Indiranagar 100ft Road,4325,Weekday,False,Clear,False,0.0,False,False,0.318,Low,33.8,13.8,159.4,0.135,0.313,0.964,Moderate traffic flow - standard adaptive signal timing in effect
EVT440437,2025-03-22 16:51:28,Concert,J031,Cubbon Road,9799,Weekend,False,Clear,False,0.0,False,False,0.634,High,21.7,44.3,321.1,0.234,0.541,0.973,Moderate traffic flow - standard adaptive signal timing in effect
EVT440438,2026-06-28 08:13:30,Sports Fixture,J020,Malleshwaram Circle,23481,Weekend,False,Clear,False,0.0,False,False,0.872,Severe,13.6,60.9,321.7,0.172,0.396,0.959,Heavy congestion detected - signal timing extended and reroute suggested
EVT440439,2025-02-12 07:20:51,Sports Fixture,J031,Cubbon Road,21734,Weekday,False,Clear,False,0.0,False,False,0.624,High,21.7,41.6,227.5,0.163,0.377,0.964,Moderate traffic flow - standard adaptive signal timing in effect
EVT440440,2025-12-01 17:57:29,Local Market Day,J020,Malleshwaram Circle,4176,Weekday,False,Clear,False,0.0,False,False,1.0,Severe,7.9,68.6,474.8,0.174,0.401,0.912,Heavy congestion detected - signal timing extended and reroute suggested
EVT440441,2026-04-02 19:40:23,Concert,J012,Koramangala Sony World,9647,Weekday,False,Clear,False,0.0,False,False,0.831,Severe,16.9,51.8,255.1,0.155,0.359,0.95,Heavy congestion detected - signal timing extended and reroute suggested
EVT440442,2025-06-12 20:29:38,Sports Fixture,J020,Malleshwaram Circle,18388,Weekday,False,Heavy Rain,True,44.2,False,False,1.0,Severe,7.9,68.1,498.7,0.169,0.39,0.879,Heavy rain reducing visibility and grip - reduced speed and longer buffer advised
EVT440443,2025-05-02 08:07:14,Religious Festival,J009,Majestic,28203,Weekday,True,Clear,False,0.0,False,False,1.0,Severe,8.8,74.6,525.1,0.197,0.454,0.849,Festival crowd surge detected - alternate route and extended cycle recommended
EVT440444,2026-05-01 07:13:54,Religious Festival,J031,Cubbon Road,37712,Weekday,True,Clear,False,0.0,False,False,0.9,Severe,10.1,69.6,482.7,0.172,0.397,0.885,Festival crowd surge detected - alternate route and extended cycle recommended
EVT440445,2025-10-11 09:28:08,Concert,J020,Malleshwaram Circle,14485,Weekend,False,Clear,False,0.0,False,False,0.912,Severe,12.2,65.2,267.1,0.144,0.333,0.962,Heavy congestion detected - signal timing extended and reroute suggested
EVT440446,2025-10-24 11:46:51,Trade Fair,J011,Indiranagar 100ft Road,8146,Weekday,False,Light Rain,True,6.5,False,False,0.385,Moderate,26.5,29.5,192.9,0.123,0.284,0.902,Light rain detected - minor speed reduction advised
EVT440447,2025-06-20 09:18:53,Sports Fixture,J030,MG Road,19359,Weekday,False,Clear,False,0.0,False,False,1.0,Severe,8.0,69.4,819.5,0.246,0.569,0.914,Heavy congestion detected - signal timing extended and reroute suggested
EVT440448,2025-08-11 18:21:43,Local Market Day,J012,Koramangala Sony World,4479,Weekday,False,Clear,False,0.0,False,False,1.0,Severe,9.5,69.0,559.9,0.217,0.502,0.912,Heavy congestion detected - signal timing extended and reroute suggested
EVT440449,2025-06-15 09:37:17,Political Rally,J011,Indiranagar 100ft Road,8046,Weekend,False,Heavy Rain,True,34.9,False,False,1.0,Severe,8.6,74.5,356.3,0.151,0.349,0.865,Heavy rain reducing visibility and grip - reduced speed and longer buffer advised
EVT440450,2026-04-18 17:06:11,Political Rally,J023,Basavanagudi,12532,Weekend,False,Clear,False,0.0,False,False,0.726,High,18.0,52.6,125.9,0.082,0.19,0.942,Moderate traffic flow - standard adaptive signal timing in effect
EVT440451,2025-08-30 15:51:59,Concert,J040,City Market,9347,Weekend,False,Light Rain,True,7.4,False,False,0.528,Moderate,22.0,38.8,259.8,0.19,0.438,0.896,Light rain detected - minor speed reduction advised
EVT440452,2025-01-19 19:35:27,Local Market Day,J040,City Market,2484,Weekend,False,Clear,False,0.0,False,False,0.784,Severe,14.9,57.4,348.9,0.177,0.408,0.96,Heavy congestion detected - signal timing extended and reroute suggested
EVT440453,2026-05-28 07:33:10,Concert,J030,MG Road,7312,Weekday,False,Clear,False,0.0,False,False,0.633,High,17.4,48.3,227.2,0.12,0.276,0.96,Moderate traffic flow - standard adaptive signal timing in effect
EVT440454,2025-10-20 19:46:08,Religious Festival,J040,City Market,40649,Weekday,True,Clear,False,0.0,False,True,1.0,Severe,9.1,96.5,511.2,0.212,0.491,0.828,Road closure for event/procession - full detour recommended for through-traffic
EVT440455,2025-02-17 14:50:14,Trade Fair,J023,Basavanagudi,6160,Weekday,False,Clear,False,0.0,False,False,0.295,Low,27.5,23.2,110.5,0.091,0.209,0.945,Moderate traffic flow - standard adaptive signal timing in effect
EVT440456,2025-08-03 07:44:36,Sports Fixture,J030,MG Road,27838,Weekend,False,Clear,False,0.0,False,False,0.769,Severe,16.8,58.1,326.2,0.198,0.457,0.958,Heavy congestion detected - signal timing extended and reroute suggested
EVT440457,2026-03-28 03:51:15,Local Market Day,J011,Indiranagar 100ft Road,4252,Weekend,False,Clear,False,0.0,False,False,0.321,Low,25.1,18.8,198.4,0.143,0.33,0.966,Moderate traffic flow - standard adaptive signal timing in effect
EVT440458,2026-05-09 13:41:59,Trade Fair,J031,Cubbon Road,14044,Weekend,False,Clear,False,0.0,False,False,0.282,Low,34.5,20.0,87.4,0.086,0.198,0.96,Moderate traffic flow - standard adaptive signal timing in effect
EVT440459,2026-03-16 07:06:09,Sports Fixture,J031,Cubbon Road,30129,Weekday,False,Clear,False,0.0,False,False,0.611,High,22.2,40.1,320.8,0.249,0.576,0.976,Moderate traffic flow - standard adaptive signal timing in effect
EVT440460,2025-12-05 17:42:38,Local Market Day,J031,Cubbon Road,3190,Weekday,False,Clear,False,0.0,False,False,0.869,Severe,14.7,58.5,342.0,0.189,0.437,0.929,Heavy congestion detected - signal timing extended and reroute suggested
EVT440461,2026-04-06 13:15:55,Trade Fair,J040,City Market,10301,Weekday,False,Clear,False,0.0,False,False,0.254,Low,27.7,17.8,126.8,0.07,0.163,0.966,Moderate traffic flow - standard adaptive signal timing in effect
EVT440462,2025-03-15 16:18:33,Religious Festival,J012,Koramangala Sony World,79906,Weekend,True,Clear,False,0.0,False,True,1.0,Severe,7.7,102.5,643.1,0.239,0.552,0.845,Road closure for event/procession - full detour recommended for through-traffic
EVT440463,2025-08-24 11:24:46,Local Market Day,J020,Malleshwaram Circle,5009,Weekend,False,Light Rain,True,2.3,False,False,0.478,Moderate,18.9,35.5,165.8,0.091,0.21,0.941,Light rain detected - minor speed reduction advised
EVT440464,2025-06-05 13:09:28,Trade Fair,J030,MG Road,6062,Weekday,False,Clear,False,0.0,False,False,0.19,Low,36.2,8.2,131.9,0.1,0.231,0.981,Normal free-flow traffic - standard signal timing maintained
EVT440465,2025-10-22 19:28:30,Religious Festival,J040,City Market,65118,Weekday,True,Clear,False,0.0,False,True,1.0,Severe,6.5,96.2,582.4,0.17,0.392,0.83,Road closure for event/procession - full detour recommended for through-traffic
EVT440466,2025-01-14 09:26:23,Religious Festival,J011,Indiranagar 100ft Road,29970,Weekday,True,Clear,False,0.0,False,False,1.0,Severe,7.7,69.8,483.2,0.162,0.375,0.859,Festival crowd surge detected - alternate route and extended cycle recommended
EVT440467,2025-10-31 20:31:40,Political Rally,J009,Majestic,13539,Weekday,False,Clear,False,0.0,False,False,0.659,High,16.5,44.4,322.3,0.186,0.43,0.973,Moderate traffic flow - standard adaptive signal timing in effect
EVT440468,2025-08-18 15:03:35,Concert,J012,Koramangala Sony World,13846,Weekday,False,Heavy Rain,True,54.4,False,False,0.68,High,20.1,50.1,262.5,0.165,0.381,0.917,Heavy rain reducing visibility and grip - reduced speed and longer buffer advised
EVT440469,2025-06-17 12:34:05,Political Rally,J012,Koramangala Sony World,14063,Weekday,False,Clear,False,0.0,False,False,0.319,Low,24.4,23.6,240.3,0.16,0.369,0.964,Moderate traffic flow - standard adaptive signal timing in effect
EVT440470,2026-01-11 17:33:57,Concert,J012,Koramangala Sony World,11538,Weekend,False,Clear,False,0.0,False,False,0.783,Severe,15.9,52.9,255.3,0.141,0.325,0.964,Heavy congestion detected - signal timing extended and reroute suggested
EVT440471,2025-09-01 19:41:03,Local Market Day,J023,Basavanagudi,4638,Weekday,False,Clear,False,0.0,False,False,0.821,Severe,12.3,58.7,233.2,0.115,0.265,0.96,Heavy congestion detected - signal timing extended and reroute suggested
EVT440472,2025-11-02 19:07:43,Fireworks Display,J023,Basavanagudi,18128,Weekend,True,Light Rain,True,2.2,False,False,1.0,Severe,8.7,72.0,536.9,0.178,0.412,0.82,Festival crowd surge detected - alternate route and extended cycle recommended
EVT440473,2025-09-04 17:02:40,Trade Fair,J030,MG Road,9248,Weekday,False,Clear,False,0.0,False,False,0.793,Severe,16.2,58.3,479.2,0.254,0.587,0.953,Heavy congestion detected - signal timing extended and reroute suggested
EVT440474,2025-03-03 20:17:23,Local Market Day,J030,MG Road,4397,Weekday,False,Clear,False,0.0,False,False,0.678,High,16.6,41.0,435.2,0.212,0.49,0.939,Moderate traffic flow - standard adaptive signal timing in effect
EVT440475,2025-11-14 18:25:24,Concert,J009,Majestic,10180,Weekday,False,Clear,False,0.0,False,False,1.0,Severe,8.9,73.6,650.6,0.236,0.545,0.935,Heavy congestion detected - signal timing extended and reroute suggested
EVT440476,2026-04-12 11:22:19,Local Market Day,J012,Koramangala Sony World,4356,Weekend,False,Light Rain,True,6.4,False,False,0.482,Moderate,25.9,42.2,194.9,0.138,0.32,0.923,Light rain detected - minor speed reduction advised
EVT440477,2025-01-16 17:54:09,Local Market Day,J009,Majestic,6997,Weekday,False,Clear,False,0.0,False,False,0.909,Severe,12.4,61.8,487.2,0.213,0.492,0.938,Heavy congestion detected - signal timing extended and reroute suggested
EVT440478,2026-04-06 08:22:12,Trade Fair,J009,Majestic,12753,Weekday,False,Clear,False,0.0,False,False,0.998,Severe,9.7,68.1,548.4,0.213,0.492,0.925,Heavy congestion detected - signal timing extended and reroute suggested
EVT440479,2025-07-15 10:27:54,Local Market Day,J023,Basavanagudi,5050,Weekday,False,Rain,True,7.9,False,False,0.801,Severe,19.1,66.5,397.0,0.236,0.546,0.907,Heavy rain reducing visibility and grip - reduced speed and longer buffer advised
EVT440480,2026-01-14 08:46:06,Religious Festival,J011,Indiranagar 100ft Road,58189,Weekday,True,Clear,False,0.0,False,True,1.0,Severe,7.1,93.5,671.3,0.203,0.469,0.842,Road closure for event/procession - full detour recommended for through-traffic
EVT440481,2025-05-09 19:22:41,Political Rally,J040,City Market,9439,Weekday,False,Clear,False,0.0,False,False,0.911,Severe,11.6,60.5,480.0,0.203,0.47,0.934,Heavy congestion detected - signal timing extended and reroute suggested
EVT440482,2026-03-05 09:25:20,Cultural Procession,J020,Malleshwaram Circle,16946,Weekday,True,Clear,False,0.0,False,True,1.0,Severe,7.9,86.3,738.7,0.236,0.545,0.807,Road closure for event/procession - full detour recommended for through-traffic
EVT440483,2025-12-03 19:23:23,Concert,J020,Malleshwaram Circle,12627,Weekday,False,Clear,False,0.0,False,False,0.948,Severe,7.3,65.2,562.1,0.174,0.402,0.934,Heavy congestion detected - signal timing extended and reroute suggested
EVT440484,2025-10-15 12:34:18,Local Market Day,J020,Malleshwaram Circle,4216,Weekday,False,Clear,False,0.0,False,False,0.235,Low,36.0,17.4,109.2,0.112,0.26,0.99,Normal free-flow traffic - standard signal timing maintained
EVT440485,2025-09-19 14:48:08,Concert,J030,MG Road,4451,Weekday,False,Light Rain,True,3.6,False,False,0.377,Moderate,33.0,24.0,208.6,0.168,0.388,0.944,Light rain detected - minor speed reduction advised
EVT440486,2025-04-02 18:55:57,Political Rally,J031,Cubbon Road,10757,Weekday,False,Clear,False,0.0,False,False,1.0,Severe,10.2,64.5,249.6,0.125,0.29,0.905,Heavy congestion detected - signal timing extended and reroute suggested
EVT440487,2025-02-26 05:49:52,Concert,J020,Malleshwaram Circle,12704,Weekday,False,Clear,False,0.0,False,False,0.315,Low,31.5,19.4,183.9,0.155,0.358,0.969,Moderate traffic flow - standard adaptive signal timing in effect
EVT440488,2025-04-13 07:29:54,Sports Fixture,J030,MG Road,18563,Weekend,False,Clear,False,0.0,False,False,0.676,High,20.5,52.6,285.0,0.211,0.487,0.976,Moderate traffic flow - standard adaptive signal timing in effect
EVT440489,2026-02-15 09:11:59,Local Market Day,J020,Malleshwaram Circle,5319,Weekend,False,Clear,False,0.0,False,False,0.879,Severe,9.3,62.4,726.6,0.258,0.595,0.942,Heavy congestion detected - signal timing extended and reroute suggested
EVT440490,2025-01-14 06:11:51,Religious Festival,J040,City Market,42118,Weekday,True,Fog,False,0.0,False,False,0.757,Severe,17.2,52.3,363.9,0.209,0.482,0.933,Festival crowd surge detected - alternate route and extended cycle recommended
EVT440491,2025-05-21 11:06:25,Sports Fixture,J040,City Market,19145,Weekday,False,Clear,False,0.0,False,False,0.499,Moderate,26.1,33.3,199.3,0.163,0.377,0.962,Moderate traffic flow - standard adaptive signal timing in effect
EVT440492,2026-05-21 20:23:52,Sports Fixture,J040,City Market,21557,Weekday,False,Light Rain,True,5.6,False,False,0.839,Severe,14.0,55.4,395.4,0.19,0.44,0.895,Heavy rain reducing visibility and grip - reduced speed and longer buffer advised
EVT440493,2025-10-02 07:54:45,Cultural Procession,J031,Cubbon Road,8972,Weekday,True,Clear,False,0.0,False,True,1.0,Severe,10.3,104.4,700.0,0.278,0.643,0.845,Road closure for event/procession - full detour recommended for through-traffic
EVT440494,2026-04-28 11:00:29,Concert,J031,Cubbon Road,12752,Weekday,False,Clear,False,0.0,False,False,0.482,Moderate,20.8,36.7,184.4,0.115,0.266,0.964,Moderate traffic flow - standard adaptive signal timing in effect
EVT440495,2025-01-23 17:19:07,Concert,J009,Majestic,17133,Weekday,False,Clear,False,0.0,False,False,0.802,Severe,17.2,58.8,360.9,0.202,0.467,0.96,Heavy congestion detected - signal timing extended and reroute suggested
EVT440496,2025-06-28 10:25:40,Sports Fixture,J023,Basavanagudi,25207,Weekend,False,Clear,False,0.0,False,False,0.755,Severe,15.6,51.9,189.6,0.103,0.238,0.977,Heavy congestion detected - signal timing extended and reroute suggested
EVT440497,2025-06-20 09:15:12,Sports Fixture,J009,Majestic,20454,Weekday,False,Clear,False,0.0,False,False,1.0,Severe,8.9,70.0,492.7,0.181,0.419,0.931,Heavy congestion detected - signal timing extended and reroute suggested
EVT440498,2026-06-28 19:54:23,Local Market Day,J030,MG Road,7026,Weekend,False,Rain,True,21.9,False,False,0.927,Severe,11.9,64.0,204.0,0.092,0.213,0.896,Heavy rain reducing visibility and grip - reduced speed and longer buffer advised
EVT440499,2025-03-12 08:48:59,Sports Fixture,J020,Malleshwaram Circle,25734,Weekday,False,Clear,False,0.0,False,False,1.0,Severe,8.1,70.5,541.9,0.181,0.418,0.929,Heavy congestion detected - signal timing extended and reroute suggested
EVT440500,2026-06-29 12:34:20,Concert,J011,Indiranagar 100ft Road,6737,Weekday,False,Clear,False,0.0,False,False,0.155,Low,26.7,12.2,199.1,0.134,0.311,0.963,Normal free-flow traffic - standard signal timing maintained
EVT440501,2025-03-14 19:50:12,Religious Festival,J020,Malleshwaram Circle,42285,Weekday,True,Light Rain,True,5.9,False,True,1.0,Severe,8.6,93.7,325.9,0.129,0.298,0.769,Road closure for event/procession - full detour recommended for through-traffic
EVT440502,2025-10-17 16:10:11,Concert,J011,Indiranagar 100ft Road,20073,Weekday,False,Clear,False,0.0,False,False,0.607,High,21.2,38.1,191.1,0.144,0.332,0.967,Moderate traffic flow - standard adaptive signal timing in effect
EVT440503,2026-02-17 17:30:02,Concert,J031,Cubbon Road,9889,Weekday,False,Clear,False,0.0,False,False,0.894,Severe,10.1,65.8,402.8,0.169,0.39,0.919,Heavy congestion detected - signal timing extended and reroute suggested
EVT440504,2025-02-07 19:09:11,Sports Fixture,J012,Koramangala Sony World,17472,Weekday,False,Clear,False,0.0,False,False,1.0,Severe,6.7,72.9,538.7,0.15,0.346,0.899,Heavy congestion detected - signal timing extended and reroute suggested
EVT440505,2026-06-23 10:29:33,Local Market Day,J023,Basavanagudi,3378,Weekday,False,Clear,False,0.0,False,False,0.545,Moderate,22.2,43.6,335.3,0.234,0.54,0.965,Moderate traffic flow - standard adaptive signal timing in effect
EVT440506,2026-03-31 23:46:21,Sports Fixture,J012,Koramangala Sony World,15124,Weekday,False,Light Rain,True,6.0,False,False,0.416,Moderate,27.4,32.9,218.8,0.165,0.381,0.933,Light rain detected - minor speed reduction advised
EVT440507,2026-04-06 07:27:01,Local Market Day,J012,Koramangala Sony World,3556,Weekday,False,Clear,False,0.0,False,False,0.561,High,23.9,44.3,254.8,0.193,0.445,0.96,Moderate traffic flow - standard adaptive signal timing in effect
EVT440508,2026-04-06 09:13:28,Trade Fair,J009,Majestic,11825,Weekday,False,Clear,False,0.0,False,False,0.981,Severe,7.9,71.3,259.9,0.108,0.25,0.933,Heavy congestion detected - signal timing extended and reroute suggested
EVT440509,2026-02-25 12:07:09,Sports Fixture,J030,MG Road,21567,Weekday,False,Clear,False,0.0,False,False,0.255,Low,35.7,17.0,157.8,0.152,0.351,0.978,Moderate traffic flow - standard adaptive signal timing in effect
EVT440510,2026-03-23 10:52:03,Concert,J011,Indiranagar 100ft Road,6935,Weekday,False,Clear,False,0.0,False,False,0.475,Moderate,26.3,33.1,197.0,0.135,0.311,0.99,Moderate traffic flow - standard adaptive signal timing in effect
EVT440511,2026-02-28 13:53:30,Sports Fixture,J012,Koramangala Sony World,18031,Weekend,False,Clear,False,0.0,False,False,0.356,Moderate,27.2,24.9,235.5,0.182,0.419,0.96,Moderate traffic flow - standard adaptive signal timing in effect
EVT440512,2025-11-25 10:05:00,Concert,J012,Koramangala Sony World,12717,Weekday,False,Clear,False,0.0,False,False,0.805,Severe,15.6,53.5,404.8,0.207,0.478,0.98,Heavy congestion detected - signal timing extended and reroute suggested
EVT440513,2025-06-20 08:35:07,Concert,J020,Malleshwaram Circle,16187,Weekday,False,Rain,True,7.7,False,False,1.0,Severe,6.5,70.0,966.8,0.246,0.569,0.864,Heavy rain reducing visibility and grip - reduced speed and longer buffer advised
EVT440514,2025-05-17 17:50:01,Local Market Day,J040,City Market,8081,Weekend,False,Rain,True,18.3,False,False,1.0,Severe,8.7,74.0,264.4,0.103,0.238,0.887,Heavy rain reducing visibility and grip - reduced speed and longer buffer advised
EVT440515,2025-01-18 17:48:54,Concert,J030,MG Road,11252,Weekend,False,Clear,False,0.0,False,False,0.857,Severe,12.6,59.4,269.7,0.118,0.272,0.957,Heavy congestion detected - signal timing extended and reroute suggested
EVT440516,2025-09-19 10:44:31,Local Market Day,J012,Koramangala Sony World,3055,Weekday,False,Rain,True,19.7,False,False,0.695,High,17.0,51.4,191.7,0.11,0.255,0.909,Heavy rain reducing visibility and grip - reduced speed and longer buffer advised
EVT440517,2025-10-21 16:57:07,Cultural Procession,J011,Indiranagar 100ft Road,15747,Weekday,True,Clear,False,0.0,False,True,1.0,Severe,7.7,96.4,444.4,0.151,0.35,0.832,Road closure for event/procession - full detour recommended for through-traffic
EVT440518,2026-01-01 18:11:41,Fireworks Display,J009,Majestic,13948,Weekday,True,Clear,False,0.0,False,False,1.0,Severe,7.9,69.5,235.8,0.087,0.202,0.844,Festival crowd surge detected - alternate route and extended cycle recommended
EVT440519,2026-02-18 19:31:35,Concert,J030,MG Road,8322,Weekday,False,Clear,False,0.0,False,False,0.872,Severe,13.4,59.9,279.9,0.125,0.288,0.924,Heavy congestion detected - signal timing extended and reroute suggested
EVT440520,2025-12-19 20:21:41,Trade Fair,J012,Koramangala Sony World,9053,Weekday,False,Clear,False,0.0,False,False,0.6,High,19.9,42.3,400.3,0.235,0.544,0.954,Moderate traffic flow - standard adaptive signal timing in effect
EVT440521,2025-02-08 21:34:46,Concert,J023,Basavanagudi,12819,Weekend,False,Clear,False,0.0,False,False,0.413,Moderate,29.9,28.0,187.4,0.154,0.355,0.967,Moderate traffic flow - standard adaptive signal timing in effect
EVT440522,2025-08-15 10:29:40,Cultural Procession,J011,Indiranagar 100ft Road,19671,Weekday,True,Clear,False,0.0,False,False,0.85,Severe,15.0,69.2,270.7,0.147,0.34,0.91,Festival crowd surge detected - alternate route and extended cycle recommended
EVT440523,2025-03-12 08:45:04,Local Market Day,J011,Indiranagar 100ft Road,7695,Weekday,False,Clear,False,0.0,False,False,1.0,Severe,7.2,73.2,755.4,0.21,0.486,0.938,Heavy congestion detected - signal timing extended and reroute suggested
EVT440524,2025-08-20 17:43:30,Local Market Day,J011,Indiranagar 100ft Road,5274,Weekday,False,Clear,False,0.0,False,False,0.999,Severe,6.7,71.0,535.9,0.162,0.374,0.924,Heavy congestion detected - signal timing extended and reroute suggested
EVT440525,2025-06-26 19:03:18,Trade Fair,J020,Malleshwaram Circle,5561,Weekday,False,Clear,False,0.0,False,False,0.948,Severe,9.5,71.5,337.4,0.145,0.336,0.932,Heavy congestion detected - signal timing extended and reroute suggested
EVT440526,2025-06-18 11:46:44,Local Market Day,J009,Majestic,5131,Weekday,False,Heavy Rain,True,26.2,False,False,0.491,Moderate,26.9,31.6,238.7,0.198,0.456,0.913,Light rain detected - minor speed reduction advised
EVT440527,2026-04-18 11:29:08,Local Market Day,J031,Cubbon Road,3470,Weekend,False,Clear,False,0.0,False,False,0.334,Low,29.7,22.0,151.7,0.107,0.247,0.99,Moderate traffic flow - standard adaptive signal timing in effect
EVT440528,2025-03-19 11:36:37,Concert,J023,Basavanagudi,9593,Weekday,False,Clear,False,0.0,False,False,0.24,Low,30.1,14.8,144.2,0.114,0.264,0.976,Normal free-flow traffic - standard signal timing maintained
EVT440529,2025-05-02 17:55:02,Religious Festival,J009,Majestic,32086,Weekday,True,Clear,False,0.0,False,True,1.0,Severe,8.2,91.8,381.1,0.138,0.318,0.821,Road closure for event/procession - full detour recommended for through-traffic
EVT440530,2025-11-19 11:04:06,Sports Fixture,J011,Indiranagar 100ft Road,23613,Weekday,False,Clear,False,0.0,False,False,0.544,Moderate,23.8,39.6,259.3,0.184,0.425,0.952,Moderate traffic flow - standard adaptive signal timing in effect
EVT440531,2025-06-21 08:33:16,Local Market Day,J030,MG Road,3469,Weekend,False,Clear,False,0.0,False,False,0.832,Severe,13.2,55.1,444.8,0.209,0.483,0.943,Heavy congestion detected - signal timing extended and reroute suggested
EVT440532,2025-04-24 20:20:54,Trade Fair,J009,Majestic,5226,Weekday,False,Clear,False,0.0,False,False,0.703,High,18.4,53.6,336.8,0.198,0.458,0.967,Moderate traffic flow - standard adaptive signal timing in effect
EVT440533,2026-01-12 12:32:19,Trade Fair,J009,Majestic,5916,Weekday,False,Clear,False,0.0,False,False,0.196,Low,33.3,13.7,136.0,0.123,0.284,0.982,Normal free-flow traffic - standard signal timing maintained
EVT440534,2026-04-16 17:35:55,Local Market Day,J020,Malleshwaram Circle,5056,Weekday,False,Rain,True,10.2,False,False,1.0,Severe,6.7,67.7,792.0,0.229,0.529,0.846,Heavy rain reducing visibility and grip - reduced speed and longer buffer advised
EVT440535,2025-01-22 09:16:56,Local Market Day,J011,Indiranagar 100ft Road,2680,Weekday,False,Clear,False,0.0,False,False,0.985,Severe,9.1,71.4,390.0,0.154,0.356,0.922,Heavy congestion detected - signal timing extended and reroute suggested
EVT440536,2025-07-12 12:51:06,Concert,J031,Cubbon Road,14375,Weekend,False,Clear,False,0.0,False,False,0.269,Low,29.3,21.1,111.3,0.095,0.219,0.974,Moderate traffic flow - standard adaptive signal timing in effect
EVT440537,2025-08-07 06:03:55,Local Market Day,J009,Majestic,4054,Weekday,False,Clear,False,0.0,False,False,0.189,Low,37.3,15.8,55.0,0.026,0.059,0.969,Normal free-flow traffic - standard signal timing maintained
EVT440538,2025-12-24 09:28:44,Local Market Day,J009,Majestic,4089,Weekday,False,Clear,False,0.0,False,False,0.981,Severe,10.2,66.0,491.6,0.214,0.494,0.898,Heavy congestion detected - signal timing extended and reroute suggested
EVT440539,2026-06-03 11:56:55,Concert,J009,Majestic,7419,Weekday,False,Clear,False,0.0,False,False,0.25,Low,30.5,18.6,83.3,0.068,0.156,0.972,Normal free-flow traffic - standard signal timing maintained
EVT440540,2026-02-22 18:00:39,Local Market Day,J009,Majestic,1546,Weekend,False,Clear,False,0.0,False,False,0.756,Severe,13.7,57.7,327.7,0.159,0.368,0.947,Heavy congestion detected - signal timing extended and reroute suggested
EVT440541,2026-01-08 20:52:21,Trade Fair,J040,City Market,12931,Weekday,False,Clear,False,0.0,False,False,0.459,Moderate,25.3,33.4,234.6,0.165,0.381,0.962,Moderate traffic flow - standard adaptive signal timing in effect
EVT440542,2025-11-29 18:31:30,Sports Fixture,J030,MG Road,14950,Weekend,False,Clear,False,0.0,False,False,0.964,Severe,11.0,61.9,507.6,0.21,0.484,0.909,Heavy congestion detected - signal timing extended and reroute suggested
EVT440543,2026-03-27 18:29:53,Religious Festival,J030,MG Road,34163,Weekday,True,Clear,False,0.0,False,True,1.0,Severe,8.8,102.1,466.9,0.201,0.465,0.825,Road closure for event/procession - full detour recommended for through-traffic
EVT440544,2025-07-19 19:01:22,Sports Fixture,J031,Cubbon Road,18276,Weekend,False,Rain,True,16.7,False,False,1.0,Severe,7.8,81.1,338.1,0.128,0.296,0.845,Heavy rain reducing visibility and grip - reduced speed and longer buffer advised
EVT440545,2025-03-04 17:55:40,Concert,J023,Basavanagudi,12555,Weekday,False,Clear,False,0.0,False,False,1.0,Severe,7.7,71.2,489.4,0.153,0.353,0.893,Heavy congestion detected - signal timing extended and reroute suggested
EVT440546,2025-11-17 17:06:45,Local Market Day,J031,Cubbon Road,2724,Weekday,False,Clear,False,0.0,False,False,0.809,Severe,13.3,62.1,374.3,0.181,0.419,0.962,Heavy congestion detected - signal timing extended and reroute suggested
EVT440547,2025-02-02 16:54:27,Sports Fixture,J040,City Market,14776,Weekend,False,Clear,False,0.0,False,False,0.753,Severe,17.6,51.3,261.5,0.18,0.416,0.961,Heavy congestion detected - signal timing extended and reroute suggested
EVT440548,2025-09-26 18:22:07,Sports Fixture,J011,Indiranagar 100ft Road,17125,Weekday,False,Rain,True,9.4,False,False,1.0,Severe,7.9,70.5,579.0,0.215,0.496,0.851,Heavy rain reducing visibility and grip - reduced speed and longer buffer advised
EVT440549,2025-01-22 08:37:41,Concert,J012,Koramangala Sony World,8670,Weekday,False,Clear,False,0.0,False,False,1.0,Severe,7.5,77.6,631.9,0.179,0.413,0.941,Heavy congestion detected - signal timing extended and reroute suggested
EVT440550,2025-04-26 16:51:56,Trade Fair,J031,Cubbon Road,15100,Weekend,False,Clear,False,0.0,False,False,0.681,High,24.6,46.4,241.2,0.151,0.35,0.97,Moderate traffic flow - standard adaptive signal timing in effect
EVT440551,2025-06-25 19:19:56,Concert,J023,Basavanagudi,18294,Weekday,False,Clear,False,0.0,True,False,1.0,Severe,10.4,72.8,408.3,0.18,0.415,0.737,Accident detected nearby - reroute and reduced speed advised
EVT440552,2026-01-15 17:32:01,Cultural Procession,J012,Koramangala Sony World,17948,Weekday,True,Clear,False,0.0,False,True,1.0,Severe,6.8,98.5,736.9,0.23,0.531,0.827,Road closure for event/procession - full detour recommended for through-traffic
EVT440553,2025-08-06 00:30:01,Local Market Day,J012,Koramangala Sony World,3571,Weekday,False,Clear,False,0.0,False,False,0.162,Low,36.5,6.1,116.6,0.09,0.207,0.94,Normal free-flow traffic - standard signal timing maintained
EVT440554,2026-05-19 09:10:01,Trade Fair,J020,Malleshwaram Circle,19282,Weekday,False,Clear,False,0.0,False,False,1.0,Severe,9.2,75.0,525.9,0.206,0.476,0.932,Heavy congestion detected - signal timing extended and reroute suggested
EVT440555,2025-03-09 09:39:17,Concert,J020,Malleshwaram Circle,18968,Weekend,False,Clear,False,0.0,False,False,0.867,Severe,12.8,56.7,304.0,0.175,0.403,0.977,Heavy congestion detected - signal timing extended and reroute suggested
EVT440556,2025-08-11 16:31:33,Local Market Day,J009,Majestic,2170,Weekday,False,Clear,False,0.0,False,False,0.561,High,16.2,44.1,142.5,0.085,0.197,0.971,Moderate traffic flow - standard adaptive signal timing in effect
EVT440557,2025-02-23 12:01:00,Local Market Day,J023,Basavanagudi,1924,Weekend,False,Clear,False,0.0,False,False,0.31,Low,31.9,26.1,188.3,0.16,0.37,0.954,Moderate traffic flow - standard adaptive signal timing in effect
EVT440558,2025-03-28 12:12:23,Local Market Day,J020,Malleshwaram Circle,7179,Weekday,False,Clear,False,0.0,False,False,0.197,Low,32.7,8.7,144.1,0.13,0.301,0.955,Normal free-flow traffic - standard signal timing maintained
EVT440559,2025-06-21 19:46:33,Local Market Day,J040,City Market,4019,Weekend,False,Heavy Rain,True,26.0,False,False,1.0,Severe,8.0,70.0,411.0,0.153,0.354,0.846,Heavy rain reducing visibility and grip - reduced speed and longer buffer advised
EVT440560,2025-07-13 21:29:14,Local Market Day,J011,Indiranagar 100ft Road,4820,Weekend,False,Rain,True,24.0,False,False,0.573,High,22.7,37.0,316.7,0.214,0.494,0.912,Heavy rain reducing visibility and grip - reduced speed and longer buffer advised
EVT440561,2025-12-21 20:17:24,Concert,J023,Basavanagudi,19442,Weekend,False,Clear,False,0.0,False,False,0.584,High,23.8,44.3,274.5,0.217,0.501,0.958,Moderate traffic flow - standard adaptive signal timing in effect
EVT440562,2025-08-22 19:51:17,Political Rally,J040,City Market,13595,Weekday,False,Clear,False,0.0,False,False,0.944,Severe,9.7,67.0,771.8,0.304,0.703,0.918,Heavy congestion detected - signal timing extended and reroute suggested
EVT440563,2025-09-23 09:20:01,Trade Fair,J030,MG Road,8744,Weekday,False,Rain,True,13.2,False,False,1.0,Severe,9.0,69.1,322.4,0.123,0.284,0.883,Heavy rain reducing visibility and grip - reduced speed and longer buffer advised
EVT440564,2025-09-22 10:29:08,Sports Fixture,J009,Majestic,10685,Weekday,False,Light Rain,True,7.2,False,False,0.742,High,17.5,53.8,203.3,0.119,0.274,0.912,Heavy rain reducing visibility and grip - reduced speed and longer buffer advised
EVT440565,2026-06-27 17:41:29,Local Market Day,J031,Cubbon Road,7241,Weekend,False,Clear,False,0.0,False,False,0.876,Severe,12.6,61.1,198.1,0.084,0.194,0.955,Heavy congestion detected - signal timing extended and reroute suggested
EVT440566,2025-01-26 14:29:44,Cultural Procession,J012,Koramangala Sony World,25965,Weekend,True,Clear,False,0.0,False,True,0.803,High,13.7,77.8,383.6,0.177,0.41,0.859,Road closure for event/procession - full detour recommended for through-traffic
EVT440567,2026-02-17 07:20:11,Sports Fixture,J023,Basavanagudi,19410,Weekday,False,Clear,False,0.0,False,False,0.659,High,19.3,47.7,332.5,0.193,0.446,0.967,Moderate traffic flow - standard adaptive signal timing in effect
EVT440568,2025-05-25 07:53:46,Local Market Day,J009,Majestic,8340,Weekend,False,Heavy Rain,True,51.0,False,False,0.981,Severe,8.0,71.9,517.6,0.158,0.365,0.886,Heavy rain reducing visibility and grip - reduced speed and longer buffer advised
EVT440569,2025-07-05 10:57:02,Trade Fair,J012,Koramangala Sony World,10159,Weekend,False,Clear,False,0.0,False,False,0.396,Moderate,26.4,24.2,183.8,0.129,0.299,0.967,Moderate traffic flow - standard adaptive signal timing in effect
EVT440570,2025-01-27 21:45:47,Religious Festival,J030,MG Road,64086,Weekday,True,Clear,False,0.0,False,True,1.0,Severe,6.9,99.7,511.0,0.157,0.363,0.804,Road closure for event/procession - full detour recommended for through-traffic
EVT440571,2025-01-22 12:52:42,Concert,J012,Koramangala Sony World,12211,Weekday,False,Clear,False,0.0,False,False,0.275,Low,24.5,17.7,111.8,0.067,0.155,0.979,Moderate traffic flow - standard adaptive signal timing in effect
EVT440572,2025-07-22 14:44:59,Concert,J040,City Market,10273,Weekday,False,Clear,False,0.0,False,False,0.235,Low,28.3,15.3,225.0,0.165,0.381,0.961,Normal free-flow traffic - standard signal timing maintained
EVT440573,2026-03-07 08:04:22,Sports Fixture,J030,MG Road,29048,Weekend,False,Clear,False,0.0,False,False,0.874,Severe,11.0,64.5,425.7,0.181,0.417,0.935,Heavy congestion detected - signal timing extended and reroute suggested
EVT440574,2025-11-24 17:09:07,Local Market Day,J031,Cubbon Road,3175,Weekday,False,Clear,False,0.0,False,False,0.82,Severe,13.2,58.5,263.8,0.146,0.337,0.953,Heavy congestion detected - signal timing extended and reroute suggested
EVT440575,2025-09-14 08:37:45,Local Market Day,J009,Majestic,2736,Weekend,False,Clear,False,0.0,False,False,0.768,Severe,16.1,49.9,111.5,0.056,0.129,0.956,Heavy congestion detected - signal timing extended and reroute suggested
EVT440576,2025-06-21 07:12:46,Local Market Day,J009,Majestic,4251,Weekend,False,Clear,False,0.0,False,False,0.5,Moderate,32.3,35.6,131.2,0.114,0.264,0.985,Moderate traffic flow - standard adaptive signal timing in effect
EVT440577,2026-05-22 10:44:12,Concert,J012,Koramangala Sony World,10405,Weekday,False,Clear,False,0.0,False,False,0.6,High,27.8,46.6,155.0,0.129,0.297,0.969,Moderate traffic flow - standard adaptive signal timing in effect
EVT440578,2025-06-18 11:58:38,Trade Fair,J012,Koramangala Sony World,8393,Weekday,False,Rain,True,22.2,False,False,0.49,Moderate,27.6,34.2,180.6,0.128,0.296,0.908,Light rain detected - minor speed reduction advised
EVT440579,2025-04-07 08:39:39,Religious Festival,J023,Basavanagudi,31934,Weekday,True,Clear,False,0.0,False,True,1.0,Severe,7.1,106.3,1133.1,0.336,0.776,0.829,Road closure for event/procession - full detour recommended for through-traffic
EVT440580,2025-05-28 07:40:25,Concert,J011,Indiranagar 100ft Road,8011,Weekday,False,Clear,False,0.0,False,False,0.776,Severe,18.9,62.6,234.6,0.153,0.353,0.96,Heavy congestion detected - signal timing extended and reroute suggested
EVT440581,2026-04-29 12:36:03,Trade Fair,J023,Basavanagudi,14193,Weekday,False,Rain,True,9.5,False,False,0.377,Moderate,23.0,30.9,220.4,0.136,0.314,0.895,Light rain detected - minor speed reduction advised
EVT440582,2025-09-25 18:06:29,Sports Fixture,J031,Cubbon Road,19720,Weekday,False,Clear,False,0.0,False,False,1.0,Severe,7.9,69.4,415.0,0.15,0.346,0.916,Heavy congestion detected - signal timing extended and reroute suggested
EVT440583,2026-06-22 09:25:30,Sports Fixture,J011,Indiranagar 100ft Road,50365,Weekday,False,Heavy Rain,True,54.8,False,False,1.0,Severe,9.0,64.1,233.5,0.083,0.192,0.87,Heavy rain reducing visibility and grip - reduced speed and longer buffer advised
EVT440584,2025-04-11 10:24:43,Concert,J020,Malleshwaram Circle,10098,Weekday,False,Clear,False,0.0,False,False,0.683,High,17.9,47.7,384.2,0.235,0.543,0.983,Moderate traffic flow - standard adaptive signal timing in effect
EVT440585,2025-03-27 19:36:02,Trade Fair,J009,Majestic,7816,Weekday,False,Clear,False,0.0,False,False,0.939,Severe,10.0,66.9,735.6,0.278,0.643,0.926,Heavy congestion detected - signal timing extended and reroute suggested
EVT440586,2025-04-10 12:32:52,Political Rally,J012,Koramangala Sony World,15204,Weekday,False,Clear,False,0.0,False,False,0.267,Low,36.5,15.1,124.3,0.097,0.224,0.964,Moderate traffic flow - standard adaptive signal timing in effect
EVT440587,2025-11-10 17:07:19,Trade Fair,J009,Majestic,8067,Weekday,False,Clear,False,0.0,False,False,0.813,Severe,14.1,55.8,405.2,0.195,0.451,0.957,Heavy congestion detected - signal timing extended and reroute suggested
EVT440588,2025-09-29 20:10:31,Concert,J020,Malleshwaram Circle,10671,Weekday,False,Rain,True,20.7,False,False,0.892,Severe,9.5,65.5,470.1,0.178,0.411,0.87,Heavy rain reducing visibility and grip - reduced speed and longer buffer advised
EVT440589,2025-06-02 10:25:18,Concert,J040,City Market,16146,Weekday,False,Clear,False,0.0,False,False,0.783,Severe,13.9,60.9,440.5,0.217,0.5,0.973,Heavy congestion detected - signal timing extended and reroute suggested
EVT440590,2026-03-08 16:50:24,Concert,J011,Indiranagar 100ft Road,3837,Weekend,False,Clear,False,0.0,False,False,0.601,High,26.7,42.9,274.7,0.199,0.459,0.97,Moderate traffic flow - standard adaptive signal timing in effect
EVT440591,2025-03-26 18:41:33,Local Market Day,J012,Koramangala Sony World,4489,Weekday,False,Fog,False,0.0,False,False,1.0,Severe,8.6,67.8,579.2,0.212,0.49,0.909,Heavy congestion detected - signal timing extended and reroute suggested
EVT440592,2026-03-19 14:23:00,Cultural Procession,J040,City Market,22067,Weekday,True,Clear,False,0.0,False,True,0.666,Moderate,20.5,63.8,217.5,0.15,0.347,0.868,Road closure for event/procession - full detour recommended for through-traffic
EVT440593,2026-01-18 17:26:12,Local Market Day,J030,MG Road,7053,Weekend,False,Clear,False,0.0,False,False,0.665,High,16.4,54.4,127.3,0.065,0.15,0.969,Moderate traffic flow - standard adaptive signal timing in effect
EVT440594,2025-10-05 10:29:09,Political Rally,J030,MG Road,17171,Weekend,False,Rain,True,8.8,False,False,0.821,Severe,15.2,60.2,241.6,0.106,0.246,0.898,Heavy rain reducing visibility and grip - reduced speed and longer buffer advised
EVT440595,2025-12-27 11:18:10,Concert,J011,Indiranagar 100ft Road,7081,Weekend,False,Light Rain,True,2.4,False,False,0.488,Moderate,22.8,31.8,188.2,0.145,0.334,0.917,Light rain detected - minor speed reduction advised
EVT440596,2025-07-05 19:01:12,Concert,J031,Cubbon Road,7212,Weekend,False,Rain,True,13.3,False,False,1.0,Severe,7.5,71.5,592.2,0.207,0.478,0.852,Heavy rain reducing visibility and grip - reduced speed and longer buffer advised
EVT440597,2025-10-07 18:25:33,Concert,J040,City Market,8682,Weekday,False,Light Rain,True,3.8,False,False,1.0,Severe,8.8,71.4,770.2,0.273,0.63,0.853,Heavy rain reducing visibility and grip - reduced speed and longer buffer advised
EVT440598,2025-07-02 10:18:04,Concert,J031,Cubbon Road,7834,Weekday,False,Heavy Rain,True,34.2,False,False,1.0,Severe,9.9,69.3,332.8,0.148,0.341,0.864,Heavy rain reducing visibility and grip - reduced speed and longer buffer advised
EVT440599,2026-03-01 11:05:50,Trade Fair,J020,Malleshwaram Circle,11712,Weekend,False,Clear,False,0.0,False,False,0.479,Moderate,24.9,32.9,255.1,0.179,0.413,0.974,Moderate traffic flow - standard adaptive signal timing in effect
EVT440600,2026-05-15 09:31:31,Local Market Day,J030,MG Road,3721,Weekday,False,Clear,False,0.0,False,False,0.977,Severe,9.3,68.4,407.1,0.159,0.367,0.92,Heavy congestion detected - signal timing extended and reroute suggested
EVT440601,2025-05-01 22:06:01,Cultural Procession,J023,Basavanagudi,23315,Weekday,True,Clear,False,0.0,False,True,0.688,Moderate,18.5,67.3,253.9,0.163,0.376,0.905,Road closure for event/procession - full detour recommended for through-traffic
EVT440602,2026-03-12 09:06:50,Sports Fixture,J030,MG Road,50737,Weekday,False,Clear,False,0.0,False,False,1.0,Severe,8.1,75.6,215.7,0.084,0.195,0.926,Heavy congestion detected - signal timing extended and reroute suggested
EVT440603,2026-03-22 21:06:21,Local Market Day,J011,Indiranagar 100ft Road,6367,Weekend,False,Clear,False,0.0,False,False,0.467,Moderate,22.1,29.3,205.6,0.136,0.315,0.98,Moderate traffic flow - standard adaptive signal timing in effect
EVT440604,2026-03-06 17:05:02,Sports Fixture,J012,Koramangala Sony World,14552,Weekday,False,Clear,False,0.0,False,False,0.868,Severe,13.0,61.3,294.6,0.135,0.311,0.943,Heavy congestion detected - signal timing extended and reroute suggested
EVT440605,2025-04-23 08:34:52,Trade Fair,J020,Malleshwaram Circle,5865,Weekday,False,Clear,False,0.0,False,False,1.0,Severe,6.8,70.2,605.4,0.174,0.401,0.915,Heavy congestion detected - signal timing extended and reroute suggested
EVT440606,2025-06-02 15:12:32,Political Rally,J031,Cubbon Road,21120,Weekday,False,Clear,False,0.0,False,False,0.399,Moderate,29.0,33.8,167.9,0.119,0.275,0.961,Moderate traffic flow - standard adaptive signal timing in effect
EVT440607,2025-04-21 08:22:09,Political Rally,J040,City Market,20599,Weekday,False,Clear,False,0.0,False,False,1.0,Severe,6.6,75.3,232.1,0.069,0.16,0.915,Heavy congestion detected - signal timing extended and reroute suggested
EVT440608,2025-10-10 10:44:59,Local Market Day,J040,City Market,1895,Weekday,False,Clear,False,0.0,False,False,0.589,High,25.6,39.9,216.0,0.169,0.39,0.971,Moderate traffic flow - standard adaptive signal timing in effect
EVT440609,2025-05-08 10:16:15,Sports Fixture,J020,Malleshwaram Circle,29669,Weekday,False,Rain,True,12.3,False,False,1.0,Severe,7.3,72.1,577.8,0.182,0.42,0.866,Heavy rain reducing visibility and grip - reduced speed and longer buffer advised
EVT440610,2025-01-21 22:54:25,Local Market Day,J030,MG Road,5160,Weekday,False,Clear,False,0.0,False,False,0.204,Low,39.3,18.4,83.1,0.085,0.197,0.959,Normal free-flow traffic - standard signal timing maintained
EVT440611,2025-11-21 09:22:08,Sports Fixture,J012,Koramangala Sony World,27918,Weekday,False,Clear,False,0.0,False,False,1.0,Severe,8.5,72.5,680.4,0.227,0.524,0.902,Heavy congestion detected - signal timing extended and reroute suggested
EVT440612,2025-05-26 08:35:30,Concert,J009,Majestic,7540,Weekday,False,Clear,False,0.0,False,False,0.906,Severe,11.0,59.3,473.8,0.21,0.486,0.925,Heavy congestion detected - signal timing extended and reroute suggested
EVT440613,2025-08-29 16:05:38,Political Rally,J040,City Market,27386,Weekday,False,Clear,False,0.0,False,False,0.558,High,24.0,42.2,268.0,0.199,0.461,0.962,Moderate traffic flow - standard adaptive signal timing in effect
EVT440614,2026-02-09 13:54:58,Sports Fixture,J012,Koramangala Sony World,20220,Weekday,False,Clear,False,0.0,False,False,0.258,Low,37.5,23.7,105.1,0.097,0.225,0.973,Moderate traffic flow - standard adaptive signal timing in effect
EVT440615,2025-07-01 19:32:19,Concert,J012,Koramangala Sony World,14229,Weekday,False,Rain,True,21.9,False,False,1.0,Severe,7.7,73.9,341.4,0.116,0.269,0.836,Heavy rain reducing visibility and grip - reduced speed and longer buffer advised
EVT440616,2025-05-14 15:27:15,Trade Fair,J023,Basavanagudi,5582,Weekday,False,Clear,False,0.0,False,False,0.367,Moderate,24.6,22.4,132.9,0.096,0.223,0.952,Moderate traffic flow - standard adaptive signal timing in effect
EVT440617,2026-01-05 21:08:53,Concert,J030,MG Road,8647,Weekday,False,Clear,False,0.0,False,False,0.341,Low,20.6,22.0,219.1,0.143,0.33,0.971,Moderate traffic flow - standard adaptive signal timing in effect
EVT440618,2025-10-30 16:33:34,Political Rally,J009,Majestic,17686,Weekday,False,Clear,False,0.0,False,False,0.75,High,14.3,54.4,292.6,0.154,0.356,0.953,Moderate traffic flow - standard adaptive signal timing in effect
EVT440619,2025-10-14 10:33:06,Sports Fixture,J012,Koramangala Sony World,19176,Weekday,False,Clear,False,0.0,False,False,0.719,High,15.7,50.9,292.3,0.173,0.4,0.952,Moderate traffic flow - standard adaptive signal timing in effect
EVT440620,2025-10-19 13:21:01,Political Rally,J030,MG Road,8409,Weekend,False,Clear,False,0.0,False,False,0.254,Low,31.0,21.3,184.8,0.139,0.32,0.985,Moderate traffic flow - standard adaptive signal timing in effect
EVT440621,2025-11-06 15:01:08,Concert,J009,Majestic,15767,Weekday,False,Rain,True,11.7,False,False,0.457,Moderate,22.1,34.4,231.2,0.17,0.393,0.935,Light rain detected - minor speed reduction advised
EVT440622,2025-03-18 11:08:34,Sports Fixture,J011,Indiranagar 100ft Road,22740,Weekday,False,Clear,False,0.0,False,False,0.47,Moderate,24.6,40.9,170.6,0.1,0.23,0.972,Moderate traffic flow - standard adaptive signal timing in effect
EVT440623,2025-07-18 15:02:48,Concert,J009,Majestic,8955,Weekday,False,Clear,False,0.0,False,False,0.371,Moderate,25.5,28.6,131.8,0.069,0.159,0.972,Moderate traffic flow - standard adaptive signal timing in effect
EVT440624,2025-10-23 21:16:20,Local Market Day,J031,Cubbon Road,3809,Weekday,False,Clear,False,0.0,False,False,0.359,Moderate,27.8,21.6,169.0,0.144,0.333,0.949,Moderate traffic flow - standard adaptive signal timing in effect
EVT440625,2025-10-11 15:11:10,Sports Fixture,J020,Malleshwaram Circle,23538,Weekend,False,Clear,False,0.0,False,False,0.402,Moderate,24.1,24.2,177.4,0.108,0.25,0.961,Moderate traffic flow - standard adaptive signal timing in effect
EVT440626,2025-07-24 09:36:47,Trade Fair,J012,Koramangala Sony World,12682,Weekday,False,Clear,False,0.0,False,False,1.0,Severe,7.0,74.6,482.9,0.145,0.336,0.9,Heavy congestion detected - signal timing extended and reroute suggested
EVT440627,2025-04-26 08:12:07,Local Market Day,J040,City Market,2367,Weekend,False,Clear,False,0.0,False,False,0.754,Severe,21.2,52.5,167.0,0.13,0.299,0.978,Heavy congestion detected - signal timing extended and reroute suggested
EVT440628,2025-06-04 11:20:06,Political Rally,J030,MG Road,20786,Weekday,False,Clear,False,0.0,False,False,0.438,Moderate,19.8,29.7,169.5,0.1,0.231,0.983,Moderate traffic flow - standard adaptive signal timing in effect
EVT440629,2025-06-04 09:56:02,Political Rally,J009,Majestic,26225,Weekday,False,Clear,False,0.0,False,False,0.938,Severe,10.6,69.2,420.2,0.176,0.407,0.925,Heavy congestion detected - signal timing extended and reroute suggested
EVT440630,2026-06-11 09:48:33,Political Rally,J031,Cubbon Road,7228,Weekday,False,Clear,False,0.0,False,False,0.829,Severe,13.5,61.6,371.1,0.191,0.441,0.964,Heavy congestion detected - signal timing extended and reroute suggested
EVT440631,2025-10-21 17:56:54,Religious Festival,J011,Indiranagar 100ft Road,67915,Weekday,True,Clear,False,0.0,False,True,1.0,Severe,9.8,90.8,649.9,0.236,0.546,0.812,Road closure for event/procession - full detour recommended for through-traffic
EVT440632,2025-07-22 14:13:03,Concert,J012,Koramangala Sony World,12077,Weekday,False,Clear,False,0.0,False,False,0.331,Low,31.0,27.7,103.4,0.104,0.239,0.966,Moderate traffic flow - standard adaptive signal timing in effect
EVT440633,2026-04-01 18:44:43,Trade Fair,J011,Indiranagar 100ft Road,4294,Weekday,False,Light Rain,True,3.7,False,False,1.0,Severe,9.3,74.1,638.4,0.246,0.568,0.854,Heavy rain reducing visibility and grip - reduced speed and longer buffer advised
EVT440634,2025-08-23 09:13:11,Local Market Day,J023,Basavanagudi,3756,Weekend,False,Clear,False,0.0,False,False,0.841,Severe,15.1,63.0,131.4,0.082,0.19,0.953,Heavy congestion detected - signal timing extended and reroute suggested
EVT440635,2025-06-25 10:52:38,Trade Fair,J012,Koramangala Sony World,14405,Weekday,False,Heavy Rain,True,31.6,False,False,0.832,Severe,13.8,57.9,370.3,0.175,0.405,0.903,Heavy rain reducing visibility and grip - reduced speed and longer buffer advised
EVT440636,2025-07-23 08:15:59,Local Market Day,J030,MG Road,3213,Weekday,False,Heavy Rain,True,31.2,False,False,1.0,Severe,7.4,70.8,543.0,0.166,0.383,0.888,Heavy rain reducing visibility and grip - reduced speed and longer buffer advised
EVT440637,2025-11-08 18:21:37,Sports Fixture,J023,Basavanagudi,13312,Weekend,False,Clear,False,0.0,False,False,0.92,Severe,11.0,62.3,275.2,0.109,0.252,0.938,Heavy congestion detected - signal timing extended and reroute suggested
EVT440638,2026-04-13 18:04:46,Local Market Day,J011,Indiranagar 100ft Road,3739,Weekday,False,Rain,True,9.3,False,False,1.0,Severe,9.9,75.6,543.6,0.222,0.514,0.875,Heavy rain reducing visibility and grip - reduced speed and longer buffer advised
EVT440639,2025-10-31 18:20:21,Local Market Day,J020,Malleshwaram Circle,3295,Weekday,False,Clear,False,0.0,False,False,0.948,Severe,9.7,67.6,385.4,0.138,0.318,0.906,Heavy congestion detected - signal timing extended and reroute suggested
EVT440640,2025-12-12 12:37:33,Trade Fair,J012,Koramangala Sony World,10189,Weekday,False,Clear,False,0.0,False,False,0.259,Low,32.8,11.2,85.2,0.053,0.122,0.966,Moderate traffic flow - standard adaptive signal timing in effect
EVT440641,2025-12-31 08:37:22,Political Rally,J040,City Market,18322,Weekday,False,Clear,False,0.0,False,False,1.0,Severe,7.6,68.5,434.1,0.151,0.348,0.913,Heavy congestion detected - signal timing extended and reroute suggested
EVT440642,2026-01-22 14:20:20,Sports Fixture,J023,Basavanagudi,22677,Weekday,False,Clear,False,0.0,False,False,0.307,Low,31.8,17.3,149.7,0.129,0.297,0.98,Moderate traffic flow - standard adaptive signal timing in effect
EVT440643,2026-05-11 18:58:37,Concert,J040,City Market,10922,Weekday,False,Clear,False,0.0,False,False,1.0,Severe,7.9,75.4,750.4,0.248,0.574,0.934,Heavy congestion detected - signal timing extended and reroute suggested
EVT440644,2025-11-29 11:59:19,Local Market Day,J030,MG Road,2234,Weekend,False,Light Rain,True,4.2,False,False,0.357,Moderate,23.7,28.2,159.7,0.116,0.267,0.899,Light rain detected - minor speed reduction advised
EVT440645,2025-11-30 17:30:45,Local Market Day,J020,Malleshwaram Circle,2830,Weekend,False,Clear,False,0.0,False,False,0.709,High,20.2,46.9,157.4,0.097,0.223,0.97,Moderate traffic flow - standard adaptive signal timing in effect
EVT440646,2025-12-24 07:40:34,Local Market Day,J031,Cubbon Road,2738,Weekday,False,Clear,False,0.0,False,False,0.607,High,21.9,47.8,240.6,0.169,0.39,0.951,Moderate traffic flow - standard adaptive signal timing in effect
EVT440647,2025-01-07 14:36:52,Sports Fixture,J009,Majestic,16133,Weekday,False,Clear,False,0.0,False,False,0.4,Moderate,23.7,23.3,184.5,0.128,0.296,0.972,Moderate traffic flow - standard adaptive signal timing in effect
EVT440648,2025-05-26 22:24:39,Local Market Day,J031,Cubbon Road,4442,Weekday,False,Clear,False,0.0,False,False,0.195,Low,19.4,15.9,296.1,0.149,0.344,0.954,Normal free-flow traffic - standard signal timing maintained
EVT440649,2026-01-22 15:53:40,Political Rally,J031,Cubbon Road,16086,Weekday,False,Clear,False,0.0,False,False,0.454,Moderate,25.3,33.1,149.3,0.118,0.272,0.95,Moderate traffic flow - standard adaptive signal timing in effect
EVT440650,2026-03-28 00:54:48,Concert,J012,Koramangala Sony World,11377,Weekend,False,Clear,False,0.0,False,False,0.36,Moderate,28.1,21.7,162.8,0.123,0.283,0.963,Moderate traffic flow - standard adaptive signal timing in effect
EVT440651,2025-07-22 21:09:15,Political Rally,J031,Cubbon Road,11542,Weekday,False,Heavy Rain,True,52.7,False,False,0.693,High,16.7,50.5,354.2,0.208,0.48,0.923,Heavy rain reducing visibility and grip - reduced speed and longer buffer advised
EVT440652,2025-09-26 17:44:01,Local Market Day,J040,City Market,4609,Weekday,False,Clear,False,0.0,False,False,0.922,Severe,11.6,63.5,470.8,0.205,0.473,0.936,Heavy congestion detected - signal timing extended and reroute suggested
EVT440653,2025-10-15 07:03:24,Trade Fair,J040,City Market,6822,Weekday,False,Clear,False,0.0,False,False,0.517,Moderate,24.8,37.8,107.5,0.072,0.165,0.965,Moderate traffic flow - standard adaptive signal timing in effect
EVT440654,2025-02-26 09:46:48,Sports Fixture,J030,MG Road,20900,Weekday,False,Light Rain,True,0.8,False,False,1.0,Severe,7.8,69.5,500.5,0.16,0.371,0.857,Heavy rain reducing visibility and grip - reduced speed and longer buffer advised
EVT440655,2025-11-26 19:56:44,Political Rally,J020,Malleshwaram Circle,18924,Weekday,False,Clear,False,0.0,False,False,0.897,Severe,10.9,67.4,439.9,0.197,0.456,0.942,Heavy congestion detected - signal timing extended and reroute suggested
EVT440656,2025-10-13 15:17:03,Local Market Day,J031,Cubbon Road,2279,Weekday,False,Clear,False,0.0,False,False,0.266,Low,36.2,15.9,128.9,0.098,0.226,0.942,Moderate traffic flow - standard adaptive signal timing in effect
EVT440657,2025-12-31 19:26:38,Concert,J031,Cubbon Road,11248,Weekday,False,Clear,False,0.0,False,False,0.943,Severe,10.1,62.8,644.8,0.237,0.548,0.921,Heavy congestion detected - signal timing extended and reroute suggested
EVT440658,2025-08-29 11:18:28,Trade Fair,J040,City Market,8657,Weekday,False,Clear,False,0.0,False,False,0.378,Moderate,24.3,30.7,275.9,0.196,0.453,0.987,Moderate traffic flow - standard adaptive signal timing in effect
EVT440659,2025-07-27 06:37:51,Sports Fixture,J040,City Market,48521,Weekend,False,Heavy Rain,True,58.2,False,False,1.0,Severe,9.0,69.0,206.0,0.092,0.212,0.876,Heavy rain reducing visibility and grip - reduced speed and longer buffer advised
EVT440660,2025-09-28 18:02:32,Local Market Day,J023,Basavanagudi,3618,Weekend,False,Heavy Rain,True,27.8,False,False,1.0,Severe,8.5,67.4,531.9,0.174,0.402,0.869,Heavy rain reducing visibility and grip - reduced speed and longer buffer advised
EVT440661,2025-07-29 15:07:53,Local Market Day,J023,Basavanagudi,3426,Weekday,False,Clear,False,0.0,False,False,0.229,Low,32.5,15.6,122.1,0.097,0.224,0.99,Normal free-flow traffic - standard signal timing maintained
EVT440662,2025-09-18 19:32:58,Trade Fair,J020,Malleshwaram Circle,9478,Weekday,False,Heavy Rain,True,39.2,False,False,1.0,Severe,6.6,66.4,735.5,0.184,0.426,0.848,Heavy rain reducing visibility and grip - reduced speed and longer buffer advised
EVT440663,2026-03-16 18:32:19,Local Market Day,J030,MG Road,4552,Weekday,False,Clear,False,0.0,False,False,1.0,Severe,8.7,77.1,590.0,0.207,0.479,0.898,Heavy congestion detected - signal timing extended and reroute suggested
EVT440664,2025-01-20 00:25:59,Trade Fair,J023,Basavanagudi,10857,Weekday,False,Clear,False,0.0,False,False,0.203,Low,39.3,9.1,101.4,0.09,0.207,0.958,Normal free-flow traffic - standard signal timing maintained
EVT440665,2026-03-17 16:42:40,Trade Fair,J040,City Market,6318,Weekday,False,Clear,False,0.0,False,False,0.622,High,24.2,46.1,320.1,0.241,0.557,0.982,Moderate traffic flow - standard adaptive signal timing in effect
EVT440666,2026-02-09 08:33:06,Local Market Day,J031,Cubbon Road,2291,Weekday,False,Clear,False,0.0,False,False,0.97,Severe,10.6,73.4,463.1,0.194,0.449,0.903,Heavy congestion detected - signal timing extended and reroute suggested
EVT440667,2026-06-17 18:46:38,Political Rally,J023,Basavanagudi,9149,Weekday,False,Clear,False,0.0,False,False,1.0,Severe,9.5,74.4,789.7,0.297,0.685,0.884,Heavy congestion detected - signal timing extended and reroute suggested
EVT440668,2025-09-29 18:12:30,Trade Fair,J030,MG Road,6231,Weekday,False,Clear,False,0.0,False,False,1.0,Severe,8.9,73.0,204.2,0.078,0.181,0.915,Heavy congestion detected - signal timing extended and reroute suggested
EVT440669,2025-07-03 20:37:30,Local Market Day,J023,Basavanagudi,3774,Weekday,False,Clear,False,0.0,False,False,0.551,High,23.3,36.5,221.1,0.148,0.342,0.964,Moderate traffic flow - standard adaptive signal timing in effect
EVT440670,2025-06-19 09:06:32,Local Market Day,J040,City Market,5233,Weekday,False,Heavy Rain,True,63.7,False,False,1.0,Severe,9.2,71.8,484.5,0.191,0.442,0.853,Heavy rain reducing visibility and grip - reduced speed and longer buffer advised
EVT440671,2026-06-22 22:10:45,Concert,J020,Malleshwaram Circle,18145,Weekday,False,Clear,False,0.0,False,False,0.385,Moderate,28.1,29.5,158.1,0.13,0.301,0.953,Moderate traffic flow - standard adaptive signal timing in effect
EVT440672,2025-10-23 21:22:55,Political Rally,J031,Cubbon Road,10499,Weekday,False,Clear,False,0.0,False,False,0.339,Low,28.9,27.1,196.5,0.136,0.315,0.978,Moderate traffic flow - standard adaptive signal timing in effect
EVT440673,2025-10-31 07:09:47,Sports Fixture,J031,Cubbon Road,41058,Weekday,False,Clear,False,0.0,False,False,0.637,High,19.2,46.1,226.2,0.137,0.317,0.952,Moderate traffic flow - standard adaptive signal timing in effect
EVT440674,2025-07-03 20:54:38,Trade Fair,J011,Indiranagar 100ft Road,12900,Weekday,False,Rain,True,19.6,False,False,0.734,High,14.1,53.6,312.1,0.152,0.351,0.92,Heavy rain reducing visibility and grip - reduced speed and longer buffer advised
EVT440675,2025-04-04 18:48:55,Concert,J040,City Market,13980,Weekday,False,Clear,False,0.0,False,False,1.0,Severe,8.5,75.5,734.4,0.248,0.573,0.892,Heavy congestion detected - signal timing extended and reroute suggested
EVT440676,2026-03-09 16:33:36,Concert,J040,City Market,11941,Weekday,False,Clear,False,0.0,False,False,0.623,High,18.7,46.5,240.0,0.146,0.337,0.99,Moderate traffic flow - standard adaptive signal timing in effect
EVT440677,2025-05-10 16:34:14,Concert,J012,Koramangala Sony World,5969,Weekend,False,Clear,False,0.0,False,False,0.586,High,20.5,39.5,302.7,0.2,0.463,0.965,Moderate traffic flow - standard adaptive signal timing in effect
EVT440678,2025-08-21 18:31:49,Concert,J023,Basavanagudi,17411,Weekday,False,Rain,True,21.0,False,False,1.0,Severe,7.0,72.2,632.0,0.205,0.474,0.869,Heavy rain reducing visibility and grip - reduced speed and longer buffer advised
EVT440679,2026-01-21 07:55:48,Concert,J031,Cubbon Road,7727,Weekday,False,Clear,False,0.0,False,False,0.848,Severe,13.6,61.7,195.1,0.103,0.239,0.944,Heavy congestion detected - signal timing extended and reroute suggested
EVT440680,2025-10-01 06:10:59,Political Rally,J020,Malleshwaram Circle,17601,Weekday,False,Light Rain,True,6.5,False,False,0.447,Moderate,29.1,30.3,122.8,0.088,0.204,0.92,Light rain detected - minor speed reduction advised
EVT440681,2025-12-05 14:09:16,Trade Fair,J012,Koramangala Sony World,7022,Weekday,False,Clear,False,0.0,True,False,0.613,High,13.9,45.4,205.1,0.088,0.204,0.782,Accident detected nearby - reroute and reduced speed advised
EVT440682,2025-11-14 06:35:47,Sports Fixture,J020,Malleshwaram Circle,21890,Weekday,False,Rain,True,9.6,True,False,0.924,Severe,12.8,63.9,409.7,0.201,0.464,0.691,Accident detected nearby - reroute and reduced speed advised
EVT440683,2026-04-20 22:18:13,Sports Fixture,J023,Basavanagudi,17740,Weekday,False,Clear,False,0.0,False,False,0.379,Moderate,28.3,27.3,187.0,0.148,0.342,0.969,Moderate traffic flow - standard adaptive signal timing in effect
EVT440684,2025-10-14 08:03:40,Sports Fixture,J020,Malleshwaram Circle,20936,Weekday,False,Clear,False,0.0,False,False,0.979,Severe,7.9,69.7,599.1,0.205,0.475,0.944,Heavy congestion detected - signal timing extended and reroute suggested
EVT440685,2026-03-01 18:23:15,Sports Fixture,J030,MG Road,9570,Weekend,False,Clear,False,0.0,False,False,0.832,Severe,14.4,57.0,295.7,0.136,0.313,0.94,Heavy congestion detected - signal timing extended and reroute suggested
EVT440686,2025-01-18 16:03:59,Local Market Day,J020,Malleshwaram Circle,2180,Weekend,False,Clear,False,0.0,False,False,0.375,Moderate,21.9,26.1,146.9,0.1,0.231,0.961,Moderate traffic flow - standard adaptive signal timing in effect
EVT440687,2026-02-03 18:10:54,Local Market Day,J020,Malleshwaram Circle,3129,Weekday,False,Clear,False,0.0,False,False,1.0,Severe,9.2,65.0,336.2,0.136,0.315,0.886,Heavy congestion detected - signal timing extended and reroute suggested
EVT440688,2025-09-29 10:21:36,Local Market Day,J011,Indiranagar 100ft Road,5211,Weekday,False,Rain,True,19.4,False,False,0.792,Severe,14.7,61.1,451.7,0.241,0.556,0.905,Heavy rain reducing visibility and grip - reduced speed and longer buffer advised
EVT440689,2025-12-02 05:35:17,Concert,J009,Majestic,11267,Weekday,False,Clear,False,0.0,False,False,0.386,Moderate,27.6,29.0,202.2,0.133,0.308,0.989,Moderate traffic flow - standard adaptive signal timing in effect
EVT440690,2025-05-18 22:47:22,Local Market Day,J011,Indiranagar 100ft Road,5901,Weekend,False,Clear,False,0.0,False,False,0.258,Low,31.3,26.6,140.6,0.112,0.259,0.96,Moderate traffic flow - standard adaptive signal timing in effect
EVT440691,2025-04-07 19:23:17,Fireworks Display,J011,Indiranagar 100ft Road,23558,Weekday,True,Clear,False,0.0,False,False,1.0,Severe,9.0,72.8,484.8,0.177,0.409,0.869,Festival crowd surge detected - alternate route and extended cycle recommended
EVT440692,2025-10-08 23:40:37,Local Market Day,J031,Cubbon Road,3246,Weekday,False,Rain,True,24.5,False,False,0.382,Moderate,30.1,25.0,139.2,0.123,0.283,0.931,Light rain detected - minor speed reduction advised
EVT440693,2025-12-14 22:09:52,Concert,J012,Koramangala Sony World,12784,Weekend,False,Clear,False,0.0,False,False,0.363,Moderate,29.6,29.5,174.4,0.148,0.341,0.947,Moderate traffic flow - standard adaptive signal timing in effect
EVT440694,2025-09-03 18:57:10,Political Rally,J020,Malleshwaram Circle,12460,Weekday,False,Heavy Rain,True,49.3,False,False,1.0,Severe,6.2,73.3,998.6,0.271,0.626,0.859,Heavy rain reducing visibility and grip - reduced speed and longer buffer advised
EVT440695,2026-05-01 07:16:26,Fireworks Display,J020,Malleshwaram Circle,23434,Weekday,True,Clear,False,0.0,False,False,0.783,Severe,16.7,58.5,162.4,0.11,0.253,0.91,Festival crowd surge detected - alternate route and extended cycle recommended
EVT440696,2025-02-05 08:32:17,Local Market Day,J040,City Market,5346,Weekday,False,Clear,False,0.0,False,False,0.977,Severe,7.6,65.6,287.9,0.099,0.228,0.909,Heavy congestion detected - signal timing extended and reroute suggested
EVT440697,2025-02-23 17:58:28,Local Market Day,J030,MG Road,3940,Weekend,False,Clear,False,0.0,False,False,0.81,Severe,15.6,56.0,242.2,0.135,0.312,0.977,Heavy congestion detected - signal timing extended and reroute suggested
EVT440698,2025-02-14 12:27:27,Concert,J031,Cubbon Road,12222,Weekday,False,Clear,False,0.0,False,False,0.224,Low,31.3,16.0,105.5,0.085,0.196,0.965,Normal free-flow traffic - standard signal timing maintained
EVT440699,2026-01-08 07:45:10,Local Market Day,J009,Majestic,2979,Weekday,False,Clear,False,0.0,False,False,0.726,High,15.5,50.3,340.3,0.188,0.433,0.973,Moderate traffic flow - standard adaptive signal timing in effect
EVT440700,2026-01-11 16:03:51,Local Market Day,J040,City Market,4206,Weekend,False,Clear,False,0.0,False,False,0.466,Moderate,34.3,34.0,159.9,0.139,0.322,0.974,Moderate traffic flow - standard adaptive signal timing in effect
EVT440701,2025-11-11 12:00:20,Trade Fair,J031,Cubbon Road,7125,Weekday,False,Clear,False,0.0,False,False,0.252,Low,30.6,14.7,235.3,0.191,0.442,0.946,Moderate traffic flow - standard adaptive signal timing in effect
EVT440702,2026-03-07 13:55:26,Political Rally,J031,Cubbon Road,17552,Weekend,False,Clear,False,0.0,False,False,0.323,Low,32.2,23.4,146.9,0.129,0.297,0.969,Moderate traffic flow - standard adaptive signal timing in effect
EVT440703,2026-03-07 22:50:35,Local Market Day,J012,Koramangala Sony World,3315,Weekend,False,Clear,False,0.0,False,False,0.196,Low,35.4,11.1,178.0,0.126,0.291,0.973,Normal free-flow traffic - standard signal timing maintained
EVT440704,2025-07-18 18:44:28,Local Market Day,J040,City Market,7418,Weekday,False,Clear,False,0.0,False,False,1.0,Severe,9.6,72.2,504.7,0.164,0.378,0.887,Heavy congestion detected - signal timing extended and reroute suggested
EVT440705,2026-01-31 06:38:06,Political Rally,J030,MG Road,19333,Weekend,False,Clear,False,0.0,False,False,0.432,Moderate,25.1,38.7,164.8,0.09,0.207,0.957,Moderate traffic flow - standard adaptive signal timing in effect
EVT440706,2026-05-11 07:12:11,Local Market Day,J009,Majestic,4139,Weekday,False,Clear,False,0.0,False,False,0.441,Moderate,34.3,30.2,78.4,0.055,0.126,0.99,Moderate traffic flow - standard adaptive signal timing in effect
EVT440707,2025-03-03 20:20:43,Sports Fixture,J040,City Market,21135,Weekday,False,Clear,False,0.0,False,False,0.734,High,13.8,54.4,524.5,0.282,0.652,0.943,Moderate traffic flow - standard adaptive signal timing in effect
EVT440708,2026-05-23 14:05:31,Sports Fixture,J031,Cubbon Road,17506,Weekend,False,Clear,False,0.0,False,False,0.26,Low,33.5,17.4,154.9,0.138,0.318,0.978,Moderate traffic flow - standard adaptive signal timing in effect
EVT440709,2025-03-03 19:45:16,Local Market Day,J009,Majestic,4787,Weekday,False,Light Rain,True,1.2,False,False,0.863,Severe,12.0,61.0,328.3,0.152,0.352,0.904,Heavy rain reducing visibility and grip - reduced speed and longer buffer advised
EVT440710,2025-08-07 09:01:10,Trade Fair,J011,Indiranagar 100ft Road,8470,Weekday,False,Fog,False,0.0,False,False,1.0,Severe,8.6,71.2,200.3,0.079,0.182,0.91,Heavy congestion detected - signal timing extended and reroute suggested
EVT440711,2025-03-03 18:07:18,Sports Fixture,J023,Basavanagudi,37988,Weekday,False,Clear,False,0.0,False,False,1.0,Severe,7.8,69.2,627.8,0.195,0.45,0.906,Heavy congestion detected - signal timing extended and reroute suggested
EVT440712,2025-07-29 20:43:09,Trade Fair,J023,Basavanagudi,9618,Weekday,False,Heavy Rain,True,25.3,False,False,0.785,Severe,13.6,59.1,418.4,0.184,0.425,0.892,Heavy rain reducing visibility and grip - reduced speed and longer buffer advised
EVT440713,2026-01-13 08:53:22,Local Market Day,J020,Malleshwaram Circle,6542,Weekday,False,Clear,False,0.0,False,False,1.0,Severe,9.1,75.8,344.7,0.141,0.327,0.922,Heavy congestion detected - signal timing extended and reroute suggested
EVT440714,2025-09-07 17:40:03,Concert,J040,City Market,15458,Weekend,False,Heavy Rain,True,28.3,False,False,1.0,Severe,8.5,65.5,700.8,0.246,0.568,0.854,Heavy rain reducing visibility and grip - reduced speed and longer buffer advised
EVT440715,2025-01-09 16:52:56,Trade Fair,J020,Malleshwaram Circle,4979,Weekday,False,Clear,False,0.0,False,False,0.666,High,24.3,46.2,260.4,0.196,0.452,0.95,Moderate traffic flow - standard adaptive signal timing in effect
EVT440716,2025-03-03 11:28:41,Sports Fixture,J011,Indiranagar 100ft Road,13718,Weekday,False,Clear,False,0.0,False,False,0.403,Moderate,29.2,28.1,208.5,0.169,0.391,0.967,Moderate traffic flow - standard adaptive signal timing in effect
EVT440717,2025-10-19 21:10:09,Sports Fixture,J009,Majestic,24592,Weekend,False,Clear,False,0.0,False,False,0.449,Moderate,26.9,26.6,189.4,0.158,0.365,0.99,Moderate traffic flow - standard adaptive signal timing in effect
EVT440718,2026-01-21 08:55:04,Sports Fixture,J012,Koramangala Sony World,17012,Weekday,False,Clear,False,0.0,False,False,1.0,Severe,7.4,69.8,375.2,0.122,0.282,0.918,Heavy congestion detected - signal timing extended and reroute suggested
EVT440719,2026-03-20 09:12:18,Cultural Procession,J009,Majestic,13138,Weekday,True,Clear,False,0.0,False,True,1.0,Severe,10.1,95.4,588.2,0.239,0.552,0.841,Road closure for event/procession - full detour recommended for through-traffic
EVT440720,2025-05-09 06:42:17,Trade Fair,J030,MG Road,17417,Weekday,False,Clear,False,0.0,False,False,0.462,Moderate,27.7,31.1,157.2,0.122,0.283,0.986,Moderate traffic flow - standard adaptive signal timing in effect
EVT440721,2025-01-23 19:29:53,Concert,J012,Koramangala Sony World,18326,Weekday,False,Clear,False,0.0,False,False,0.987,Severe,9.1,68.5,303.9,0.11,0.255,0.929,Heavy congestion detected - signal timing extended and reroute suggested
EVT440722,2026-05-06 23:10:26,Local Market Day,J020,Malleshwaram Circle,3467,Weekday,False,Light Rain,True,7.3,False,False,0.297,Low,26.8,23.4,232.3,0.165,0.381,0.902,Light rain detected - minor speed reduction advised
EVT440723,2026-03-03 07:29:42,Concert,J009,Majestic,8085,Weekday,False,Clear,False,0.0,False,False,0.682,High,16.4,48.7,238.2,0.148,0.343,0.968,Moderate traffic flow - standard adaptive signal timing in effect
EVT440724,2025-02-01 07:03:46,Sports Fixture,J012,Koramangala Sony World,27613,Weekend,False,Clear,False,0.0,False,False,0.588,High,18.9,44.4,153.9,0.073,0.17,0.969,Moderate traffic flow - standard adaptive signal timing in effect
EVT440725,2026-01-31 15:11:14,Local Market Day,J011,Indiranagar 100ft Road,4576,Weekend,False,Clear,False,0.0,False,False,0.31,Low,29.1,26.4,240.5,0.178,0.412,0.958,Moderate traffic flow - standard adaptive signal timing in effect
EVT440726,2025-12-26 22:27:56,Fireworks Display,J012,Koramangala Sony World,7757,Weekday,True,Clear,False,0.0,False,False,0.465,Moderate,19.4,36.2,349.6,0.189,0.436,0.93,Moderate traffic flow - standard adaptive signal timing in effect
EVT440727,2025-05-13 19:47:18,Local Market Day,J009,Majestic,2803,Weekday,False,Clear,False,0.0,False,False,0.737,High,17.8,52.0,262.2,0.131,0.303,0.948,Moderate traffic flow - standard adaptive signal timing in effect
EVT440728,2025-10-06 12:43:55,Local Market Day,J031,Cubbon Road,3483,Weekday,False,Clear,False,0.0,False,False,0.235,Low,36.7,19.5,188.1,0.181,0.419,0.966,Normal free-flow traffic - standard signal timing maintained
EVT440729,2025-02-24 21:56:44,Trade Fair,J030,MG Road,6466,Weekday,False,Clear,False,0.0,False,False,0.16,Low,31.0,9.0,138.1,0.102,0.236,0.967,Normal free-flow traffic - standard signal timing maintained
EVT440730,2026-03-01 17:33:20,Sports Fixture,J023,Basavanagudi,31699,Weekend,False,Clear,False,0.0,False,False,0.959,Severe,8.3,64.1,655.1,0.227,0.525,0.923,Heavy congestion detected - signal timing extended and reroute suggested
EVT440731,2026-04-26 17:38:48,Political Rally,J009,Majestic,12254,Weekend,False,Clear,False,0.0,False,False,0.843,Severe,12.6,61.7,386.0,0.208,0.48,0.943,Heavy congestion detected - signal timing extended and reroute suggested
EVT440732,2025-12-12 23:07:48,Trade Fair,J023,Basavanagudi,9172,Weekday,False,Clear,False,0.0,False,False,0.239,Low,31.0,14.8,178.6,0.147,0.34,0.981,Normal free-flow traffic - standard signal timing maintained
EVT440733,2026-06-10 19:19:40,Sports Fixture,J031,Cubbon Road,18429,Weekday,False,Heavy Rain,True,37.0,False,False,1.0,Severe,10.3,74.1,189.9,0.095,0.219,0.836,Heavy rain reducing visibility and grip - reduced speed and longer buffer advised
EVT440734,2026-03-08 15:17:44,Sports Fixture,J009,Majestic,22811,Weekend,False,Clear,False,0.0,False,False,0.361,Moderate,30.3,23.6,175.7,0.141,0.326,0.978,Moderate traffic flow - standard adaptive signal timing in effect
EVT440735,2025-05-11 18:23:15,Local Market Day,J009,Majestic,3612,Weekend,False,Clear,False,0.0,False,False,0.992,Severe,9.0,75.2,364.9,0.141,0.327,0.902,Heavy congestion detected - signal timing extended and reroute suggested
EVT440736,2025-09-18 08:12:40,Sports Fixture,J020,Malleshwaram Circle,24107,Weekday,False,Clear,False,0.0,False,False,0.957,Severe,8.0,74.7,402.3,0.161,0.372,0.908,Heavy congestion detected - signal timing extended and reroute suggested
EVT440737,2025-04-27 07:09:24,Sports Fixture,J011,Indiranagar 100ft Road,12804,Weekend,False,Clear,False,0.0,False,False,0.504,Moderate,29.9,37.8,184.4,0.148,0.342,0.966,Moderate traffic flow - standard adaptive signal timing in effect
EVT440738,2025-09-30 09:08:49,Political Rally,J023,Basavanagudi,9824,Weekday,False,Clear,False,0.0,False,False,1.0,Severe,9.0,73.1,230.6,0.105,0.243,0.892,Heavy congestion detected - signal timing extended and reroute suggested
EVT440739,2025-01-06 07:39:52,Concert,J040,City Market,11273,Weekday,False,Clear,False,0.0,False,False,0.696,High,23.4,51.8,236.1,0.183,0.423,0.977,Moderate traffic flow - standard adaptive signal timing in effect
EVT440740,2026-04-30 10:19:10,Political Rally,J011,Indiranagar 100ft Road,15564,Weekday,False,Clear,False,0.0,False,False,0.708,High,20.7,51.1,212.6,0.155,0.357,0.966,Moderate traffic flow - standard adaptive signal timing in effect
EVT440741,2025-02-16 11:58:17,Political Rally,J023,Basavanagudi,12518,Weekend,False,Clear,False,0.0,False,False,0.353,Moderate,33.2,21.8,181.2,0.164,0.379,0.966,Moderate traffic flow - standard adaptive signal timing in effect
EVT440742,2026-01-20 20:02:15,Local Market Day,J031,Cubbon Road,2559,Weekday,False,Clear,False,0.0,False,False,0.739,High,18.3,61.2,195.3,0.11,0.255,0.986,Moderate traffic flow - standard adaptive signal timing in effect
EVT440743,2025-11-18 20:16:38,Local Market Day,J020,Malleshwaram Circle,6610,Weekday,False,Clear,False,0.0,False,False,0.642,High,16.9,39.5,307.7,0.167,0.387,0.977,Moderate traffic flow - standard adaptive signal timing in effect
EVT440744,2026-01-04 17:16:21,Political Rally,J012,Koramangala Sony World,27237,Weekend,False,Clear,False,0.0,False,False,0.797,Severe,19.1,64.3,254.7,0.144,0.332,0.953,Heavy congestion detected - signal timing extended and reroute suggested
EVT440745,2025-04-01 04:48:50,Sports Fixture,J030,MG Road,11996,Weekday,False,Clear,False,0.0,False,False,0.273,Low,20.3,15.0,315.1,0.173,0.399,0.948,Moderate traffic flow - standard adaptive signal timing in effect
EVT440746,2026-05-11 12:44:41,Sports Fixture,J023,Basavanagudi,10062,Weekday,False,Clear,False,0.0,False,False,0.152,Low,38.4,10.5,118.5,0.107,0.248,0.939,Normal free-flow traffic - standard signal timing maintained
EVT440747,2025-03-18 19:29:35,Concert,J030,MG Road,13883,Weekday,False,Clear,False,0.0,False,False,0.948,Severe,10.2,64.2,217.8,0.104,0.24,0.933,Heavy congestion detected - signal timing extended and reroute suggested
EVT440748,2025-02-13 16:28:13,Trade Fair,J030,MG Road,15740,Weekday,False,Clear,False,0.0,False,False,0.683,High,17.3,48.8,332.8,0.199,0.459,0.98,Moderate traffic flow - standard adaptive signal timing in effect
EVT440749,2026-05-22 18:00:58,Trade Fair,J040,City Market,12101,Weekday,False,Rain,True,11.3,False,False,1.0,Severe,7.0,75.5,526.2,0.156,0.36,0.876,Heavy rain reducing visibility and grip - reduced speed and longer buffer advised
EVT440750,2025-01-08 14:15:32,Concert,J020,Malleshwaram Circle,12568,Weekday,False,Clear,False,0.0,False,False,0.246,Low,36.6,19.3,55.6,0.038,0.088,0.973,Normal free-flow traffic - standard signal timing maintained
EVT440751,2026-02-12 08:26:52,Local Market Day,J040,City Market,3868,Weekday,False,Clear,False,0.0,False,False,0.933,Severe,9.4,67.1,531.7,0.183,0.423,0.906,Heavy congestion detected - signal timing extended and reroute suggested
EVT440752,2025-02-24 15:05:00,Trade Fair,J023,Basavanagudi,11961,Weekday,False,Clear,False,0.0,False,False,0.343,Low,31.1,21.3,188.4,0.152,0.351,0.972,Moderate traffic flow - standard adaptive signal timing in effect
EVT440753,2026-05-15 05:43:27,Local Market Day,J020,Malleshwaram Circle,3017,Weekday,False,Clear,False,0.0,False,False,0.161,Low,28.7,8.8,141.4,0.081,0.188,0.957,Normal free-flow traffic - standard signal timing maintained
EVT440754,2025-04-03 16:40:02,Local Market Day,J030,MG Road,2532,Weekday,False,Clear,False,0.0,False,False,0.644,High,19.1,48.4,396.3,0.225,0.52,0.969,Moderate traffic flow - standard adaptive signal timing in effect
EVT440755,2025-11-24 19:15:16,Trade Fair,J031,Cubbon Road,10335,Weekday,False,Clear,False,0.0,False,False,0.958,Severe,10.0,66.6,364.5,0.154,0.356,0.896,Heavy congestion detected - signal timing extended and reroute suggested
EVT440756,2025-12-22 00:18:43,Concert,J020,Malleshwaram Circle,8009,Weekday,False,Clear,False,0.0,False,False,0.23,Low,25.5,10.2,63.0,0.064,0.148,0.986,Normal free-flow traffic - standard signal timing maintained
EVT440757,2025-03-20 19:18:13,Local Market Day,J020,Malleshwaram Circle,3221,Weekday,False,Clear,False,0.0,False,False,0.899,Severe,16.0,63.5,191.0,0.097,0.223,0.96,Heavy congestion detected - signal timing extended and reroute suggested
EVT440758,2025-07-09 19:53:49,Concert,J023,Basavanagudi,9743,Weekday,False,Fog,False,0.0,False,False,0.764,Severe,19.7,53.0,364.2,0.253,0.584,0.964,Heavy congestion detected - signal timing extended and reroute suggested
EVT440759,2026-04-06 09:48:52,Local Market Day,J012,Koramangala Sony World,5559,Weekday,False,Clear,False,0.0,False,False,0.837,Severe,13.0,56.4,256.9,0.126,0.29,0.946,Heavy congestion detected - signal timing extended and reroute suggested
EVT440760,2025-04-04 09:22:20,Sports Fixture,J020,Malleshwaram Circle,27410,Weekday,False,Clear,False,0.0,False,False,1.0,Severe,7.1,70.8,725.2,0.235,0.542,0.935,Heavy congestion detected - signal timing extended and reroute suggested
EVT440761,2025-10-20 18:37:17,Cultural Procession,J012,Koramangala Sony World,22568,Weekday,True,Rain,True,15.4,False,False,1.0,Severe,8.0,76.7,567.5,0.194,0.448,0.829,Festival crowd surge detected - alternate route and extended cycle recommended
EVT440762,2026-04-07 23:27:59,Local Market Day,J012,Koramangala Sony World,2572,Weekday,False,Clear,False,0.0,False,False,0.2,Low,34.8,19.4,154.4,0.129,0.298,0.967,Normal free-flow traffic - standard signal timing maintained
EVT440763,2025-04-20 17:56:28,Trade Fair,J009,Majestic,7098,Weekend,False,Clear,False,0.0,False,False,0.857,Severe,13.3,65.2,215.6,0.122,0.283,0.963,Heavy congestion detected - signal timing extended and reroute suggested
EVT440764,2025-08-13 11:25:25,Trade Fair,J012,Koramangala Sony World,9391,Weekday,False,Heavy Rain,True,46.1,False,False,0.779,Severe,13.9,53.1,333.8,0.157,0.363,0.928,Heavy rain reducing visibility and grip - reduced speed and longer buffer advised
EVT440765,2025-08-10 21:35:17,Sports Fixture,J020,Malleshwaram Circle,21721,Weekend,False,Heavy Rain,True,33.1,False,False,0.793,Severe,16.0,54.2,160.7,0.083,0.192,0.932,Heavy rain reducing visibility and grip - reduced speed and longer buffer advised
EVT440766,2026-01-22 18:58:08,Local Market Day,J031,Cubbon Road,3097,Weekday,False,Clear,False,0.0,False,False,0.98,Severe,9.4,67.8,468.4,0.184,0.425,0.87,Heavy congestion detected - signal timing extended and reroute suggested
EVT440767,2025-09-05 16:26:37,Religious Festival,J012,Koramangala Sony World,33497,Weekday,True,Clear,False,0.0,False,True,1.0,Severe,9.1,95.6,534.5,0.198,0.457,0.814,Road closure for event/procession - full detour recommended for through-traffic
EVT440768,2025-08-04 16:12:29,Trade Fair,J011,Indiranagar 100ft Road,8127,Weekday,False,Clear,False,0.0,False,False,0.455,Moderate,22.6,32.9,225.6,0.149,0.345,0.968,Moderate traffic flow - standard adaptive signal timing in effect
EVT440769,2026-03-22 20:08:48,Local Market Day,J023,Basavanagudi,6266,Weekend,False,Clear,False,0.0,False,False,0.593,High,17.4,44.1,137.2,0.065,0.15,0.946,Moderate traffic flow - standard adaptive signal timing in effect
EVT440770,2025-09-05 20:18:12,Cultural Procession,J030,MG Road,16164,Weekday,True,Clear,False,0.0,False,True,1.0,Severe,8.2,103.4,423.7,0.161,0.371,0.866,Road closure for event/procession - full detour recommended for through-traffic
EVT440771,2026-05-31 10:47:57,Sports Fixture,J023,Basavanagudi,24555,Weekend,False,Clear,False,0.0,False,False,0.595,High,19.5,41.0,374.0,0.221,0.512,0.985,Moderate traffic flow - standard adaptive signal timing in effect
EVT440772,2025-01-03 16:22:20,Local Market Day,J009,Majestic,4990,Weekday,False,Clear,False,0.0,False,False,0.51,Moderate,20.4,33.3,331.3,0.199,0.461,0.941,Moderate traffic flow - standard adaptive signal timing in effect
EVT440773,2025-12-09 17:28:28,Local Market Day,J012,Koramangala Sony World,3627,Weekday,False,Fog,False,0.0,False,False,0.873,Severe,11.4,63.2,455.4,0.198,0.457,0.914,Heavy congestion detected - signal timing extended and reroute suggested
EVT440774,2025-03-08 13:46:45,Local Market Day,J031,Cubbon Road,5411,Weekend,False,Fog,False,0.0,False,False,0.354,Moderate,25.7,24.8,63.0,0.042,0.098,0.955,Moderate traffic flow - standard adaptive signal timing in effect
EVT440775,2026-03-28 17:40:11,Local Market Day,J009,Majestic,2346,Weekend,False,Clear,False,0.0,False,False,0.749,High,18.8,54.2,322.1,0.22,0.509,0.939,Moderate traffic flow - standard adaptive signal timing in effect
EVT440776,2026-03-22 18:05:33,Local Market Day,J023,Basavanagudi,5685,Weekend,False,Clear,False,0.0,False,False,0.878,Severe,13.4,60.0,337.6,0.152,0.351,0.924,Heavy congestion detected - signal timing extended and reroute suggested
EVT440777,2025-02-10 18:29:35,Concert,J023,Basavanagudi,10376,Weekday,False,Clear,False,0.0,False,False,0.952,Severe,11.6,66.4,450.8,0.214,0.495,0.917,Heavy congestion detected - signal timing extended and reroute suggested
EVT440778,2025-09-28 16:14:17,Local Market Day,J020,Malleshwaram Circle,3629,Weekend,False,Clear,False,0.0,False,False,0.509,Moderate,26.8,42.4,176.3,0.121,0.28,0.99,Moderate traffic flow - standard adaptive signal timing in effect
EVT440779,2025-10-01 06:04:24,Local Market Day,J009,Majestic,5427,Weekday,False,Clear,False,0.0,False,False,0.258,Low,35.6,10.3,271.2,0.238,0.549,0.982,Moderate traffic flow - standard adaptive signal timing in effect
EVT440780,2026-06-21 19:54:48,Local Market Day,J040,City Market,4109,Weekend,False,Clear,False,0.0,False,False,0.679,High,17.2,42.7,221.1,0.115,0.266,0.963,Moderate traffic flow - standard adaptive signal timing in effect
EVT440781,2025-09-22 19:59:17,Local Market Day,J012,Koramangala Sony World,6526,Weekday,False,Heavy Rain,True,31.8,False,False,1.0,Severe,9.2,67.2,172.5,0.079,0.181,0.85,Heavy rain reducing visibility and grip - reduced speed and longer buffer advised
EVT440782,2025-02-20 21:29:01,Trade Fair,J040,City Market,7752,Weekday,False,Clear,False,0.0,False,False,0.381,Moderate,27.0,21.7,190.0,0.131,0.304,0.971,Moderate traffic flow - standard adaptive signal timing in effect
EVT440783,2025-01-01 15:44:21,Concert,J030,MG Road,14691,Weekday,False,Clear,False,0.0,False,False,0.508,Moderate,17.8,38.6,343.4,0.201,0.464,0.975,Moderate traffic flow - standard adaptive signal timing in effect
EVT440784,2025-08-14 17:44:36,Political Rally,J012,Koramangala Sony World,10392,Weekday,False,Rain,True,9.5,False,False,1.0,Severe,8.0,72.9,412.6,0.151,0.348,0.884,Heavy rain reducing visibility and grip - reduced speed and longer buffer advised
EVT440785,2025-10-18 20:48:15,Sports Fixture,J023,Basavanagudi,26495,Weekend,False,Rain,True,15.8,False,False,0.77,Severe,14.0,49.5,386.0,0.191,0.441,0.914,Heavy rain reducing visibility and grip - reduced speed and longer buffer advised
EVT440786,2025-05-25 19:23:13,Concert,J020,Malleshwaram Circle,8273,Weekend,False,Clear,False,0.0,False,False,0.804,Severe,16.0,53.8,347.7,0.187,0.431,0.968,Heavy congestion detected - signal timing extended and reroute suggested
EVT440787,2026-02-13 11:59:11,Sports Fixture,J031,Cubbon Road,21707,Weekday,False,Clear,False,0.0,False,False,0.287,Low,31.1,28.7,207.3,0.157,0.363,0.968,Moderate traffic flow - standard adaptive signal timing in effect
EVT440788,2025-02-25 20:03:23,Concert,J009,Majestic,5717,Weekday,False,Clear,False,0.0,False,False,0.735,High,17.0,50.0,276.4,0.142,0.328,0.966,Moderate traffic flow - standard adaptive signal timing in effect
EVT440789,2025-06-29 09:44:46,Trade Fair,J023,Basavanagudi,9258,Weekend,False,Clear,False,0.0,False,False,0.863,Severe,10.9,64.8,252.3,0.09,0.209,0.922,Heavy congestion detected - signal timing extended and reroute suggested
EVT440790,2026-05-10 08:45:35,Political Rally,J020,Malleshwaram Circle,8749,Weekend,False,Clear,False,0.0,False,False,0.891,Severe,15.9,66.5,196.1,0.13,0.3,0.941,Heavy congestion detected - signal timing extended and reroute suggested
EVT440791,2026-03-21 21:15:01,Local Market Day,J020,Malleshwaram Circle,5155,Weekend,False,Clear,False,0.0,False,False,0.441,Moderate,32.0,34.0,118.6,0.104,0.24,0.978,Moderate traffic flow - standard adaptive signal timing in effect
EVT440792,2025-01-21 08:19:03,Local Market Day,J011,Indiranagar 100ft Road,3638,Weekday,False,Clear,False,0.0,False,False,0.953,Severe,8.0,71.8,561.6,0.198,0.457,0.934,Heavy congestion detected - signal timing extended and reroute suggested
EVT440793,2026-04-01 05:30:02,Concert,J012,Koramangala Sony World,10368,Weekday,False,Clear,False,0.0,False,False,0.252,Low,36.0,20.9,154.9,0.151,0.349,0.967,Moderate traffic flow - standard adaptive signal timing in effect
EVT440794,2025-12-04 12:57:21,Concert,J030,MG Road,16067,Weekday,False,Clear,False,0.0,False,False,0.266,Low,37.1,22.6,142.1,0.136,0.315,0.957,Moderate traffic flow - standard adaptive signal timing in effect
EVT440795,2025-10-15 19:00:47,Political Rally,J020,Malleshwaram Circle,13867,Weekday,False,Clear,False,0.0,False,False,1.0,Severe,7.4,64.5,951.7,0.3,0.693,0.913,Heavy congestion detected - signal timing extended and reroute suggested
EVT440796,2025-06-05 14:06:23,Political Rally,J031,Cubbon Road,11059,Weekday,False,Clear,False,0.0,False,False,0.195,Low,27.4,14.0,73.5,0.045,0.103,0.96,Normal free-flow traffic - standard signal timing maintained
EVT440797,2026-03-15 04:20:29,Local Market Day,J023,Basavanagudi,3231,Weekend,False,Clear,False,0.0,False,False,0.299,Low,28.9,27.2,225.4,0.166,0.383,0.98,Moderate traffic flow - standard adaptive signal timing in effect
EVT440798,2026-06-08 18:35:30,Local Market Day,J020,Malleshwaram Circle,4499,Weekday,False,Clear,False,0.0,False,False,1.0,Severe,8.5,73.3,456.3,0.176,0.406,0.895,Heavy congestion detected - signal timing extended and reroute suggested
EVT440799,2025-08-15 18:23:46,Cultural Procession,J040,City Market,9755,Weekday,True,Rain,True,7.7,False,True,1.0,Severe,8.3,105.0,360.6,0.137,0.317,0.784,Road closure for event/procession - full detour recommended for through-traffic
EVT440800,2025-12-27 19:37:58,Concert,J040,City Market,9307,Weekend,False,Clear,False,0.0,False,False,0.801,Severe,17.7,51.6,254.2,0.155,0.358,0.976,Heavy congestion detected - signal timing extended and reroute suggested
EVT440801,2025-10-03 17:13:05,Religious Festival,J009,Majestic,19134,Weekday,True,Clear,False,0.0,False,False,1.0,Severe,7.6,74.3,547.5,0.194,0.448,0.875,Festival crowd surge detected - alternate route and extended cycle recommended
EVT440802,2025-03-01 23:41:55,Trade Fair,J040,City Market,5798,Weekend,False,Clear,False,0.0,False,False,0.3,Low,33.2,20.6,127.7,0.098,0.225,0.953,Moderate traffic flow - standard adaptive signal timing in effect
EVT440803,2025-08-26 17:36:32,Local Market Day,J031,Cubbon Road,3388,Weekday,False,Heavy Rain,True,37.3,False,False,1.0,Severe,9.0,77.2,604.9,0.224,0.518,0.883,Heavy rain reducing visibility and grip - reduced speed and longer buffer advised
EVT440804,2025-11-22 19:21:22,Trade Fair,J020,Malleshwaram Circle,15590,Weekend,False,Clear,False,0.0,False,False,0.803,Severe,14.2,54.8,283.9,0.162,0.375,0.957,Heavy congestion detected - signal timing extended and reroute suggested
EVT440805,2025-10-21 07:12:54,Cultural Procession,J023,Basavanagudi,46707,Weekday,True,Rain,True,21.2,False,True,1.0,Severe,9.0,95.0,296.2,0.127,0.294,0.783,Road closure for event/procession - full detour recommended for through-traffic
EVT440806,2025-05-13 13:09:31,Concert,J011,Indiranagar 100ft Road,11464,Weekday,False,Clear,False,0.0,False,False,0.227,Low,37.2,12.7,139.3,0.132,0.306,0.934,Normal free-flow traffic - standard signal timing maintained
EVT440807,2025-05-19 04:04:13,Local Market Day,J031,Cubbon Road,3478,Weekday,False,Rain,True,16.5,False,False,0.355,Moderate,24.7,19.3,144.2,0.084,0.195,0.937,Light rain detected - minor speed reduction advised
EVT440808,2026-01-17 17:10:43,Trade Fair,J009,Majestic,10986,Weekend,False,Clear,False,0.0,False,False,0.738,High,19.0,60.7,398.6,0.224,0.518,0.968,Moderate traffic flow - standard adaptive signal timing in effect
EVT440809,2025-07-14 16:02:46,Concert,J020,Malleshwaram Circle,9672,Weekday,False,Rain,True,15.4,False,False,0.657,High,18.8,49.2,287.8,0.179,0.412,0.909,Heavy rain reducing visibility and grip - reduced speed and longer buffer advised
EVT440810,2025-03-04 16:48:48,Sports Fixture,J031,Cubbon Road,28305,Weekday,False,Clear,False,0.0,False,False,0.838,Severe,16.4,59.3,443.8,0.243,0.561,0.937,Heavy congestion detected - signal timing extended and reroute suggested
EVT440811,2025-11-29 05:14:33,Local Market Day,J009,Majestic,2070,Weekend,False,Clear,False,0.0,False,False,0.276,Low,34.5,18.1,122.7,0.095,0.22,0.96,Moderate traffic flow - standard adaptive signal timing in effect
EVT440812,2026-03-07 11:15:52,Trade Fair,J030,MG Road,11322,Weekend,False,Clear,False,0.0,False,False,0.505,Moderate,27.7,39.8,146.5,0.08,0.185,0.977,Moderate traffic flow - standard adaptive signal timing in effect
EVT440813,2025-02-14 23:23:48,Sports Fixture,J030,MG Road,17063,Weekday,False,Clear,False,0.0,False,False,0.304,Low,22.2,28.2,228.6,0.135,0.312,0.972,Moderate traffic flow - standard adaptive signal timing in effect
EVT440814,2025-03-31 06:04:08,Religious Festival,J009,Majestic,56674,Weekday,True,Clear,False,0.0,False,True,0.925,Severe,11.4,82.0,463.0,0.202,0.467,0.85,Road closure for event/procession - full detour recommended for through-traffic
EVT440815,2025-10-03 20:44:29,Religious Festival,J011,Indiranagar 100ft Road,43671,Weekday,True,Clear,False,0.0,False,False,0.901,Severe,12.3,64.1,287.9,0.156,0.361,0.88,Festival crowd surge detected - alternate route and extended cycle recommended
EVT440816,2026-02-25 10:15:12,Sports Fixture,J011,Indiranagar 100ft Road,15233,Weekday,False,Clear,False,0.0,False,False,0.821,Severe,14.5,59.9,418.8,0.204,0.472,0.971,Heavy congestion detected - signal timing extended and reroute suggested
EVT440817,2025-09-28 09:57:07,Sports Fixture,J012,Koramangala Sony World,22179,Weekend,False,Heavy Rain,True,28.8,False,False,1.0,Severe,7.4,72.0,548.4,0.169,0.389,0.853,Heavy rain reducing visibility and grip - reduced speed and longer buffer advised
EVT440818,2026-03-10 19:01:23,Trade Fair,J031,Cubbon Road,6256,Weekday,False,Clear,False,0.0,False,False,1.0,Severe,10.4,71.9,471.0,0.186,0.43,0.92,Heavy congestion detected - signal timing extended and reroute suggested
EVT440819,2025-10-19 09:58:54,Local Market Day,J009,Majestic,3532,Weekend,False,Clear,False,0.0,False,False,0.698,High,18.1,55.9,358.3,0.239,0.553,0.984,Moderate traffic flow - standard adaptive signal timing in effect
EVT440820,2025-03-27 22:11:17,Trade Fair,J009,Majestic,18461,Weekday,False,Clear,False,0.0,True,False,0.719,High,18.3,53.5,290.5,0.162,0.374,0.797,Accident detected nearby - reroute and reduced speed advised
EVT440821,2025-07-21 15:32:40,Sports Fixture,J023,Basavanagudi,28166,Weekday,False,Rain,True,15.7,False,False,0.707,High,13.0,47.4,483.7,0.217,0.501,0.888,Heavy rain reducing visibility and grip - reduced speed and longer buffer advised
EVT440822,2025-08-18 06:40:49,Local Market Day,J011,Indiranagar 100ft Road,3905,Weekday,False,Rain,True,15.3,False,False,0.574,High,23.6,42.4,163.7,0.122,0.281,0.94,Heavy rain reducing visibility and grip - reduced speed and longer buffer advised
EVT440823,2025-02-28 13:50:52,Concert,J023,Basavanagudi,9678,Weekday,False,Clear,False,0.0,False,False,0.178,Low,33.4,14.2,95.3,0.085,0.196,0.924,Normal free-flow traffic - standard signal timing maintained
EVT440824,2025-07-31 15:03:01,Sports Fixture,J040,City Market,10227,Weekday,False,Fog,False,0.0,False,False,0.337,Low,36.8,26.7,142.0,0.142,0.329,0.98,Moderate traffic flow - standard adaptive signal timing in effect
EVT440825,2025-05-17 16:16:47,Concert,J020,Malleshwaram Circle,6531,Weekend,False,Clear,False,0.0,False,False,0.557,High,24.0,44.7,217.1,0.148,0.343,0.951,Moderate traffic flow - standard adaptive signal timing in effect
EVT440826,2025-05-20 07:18:17,Local Market Day,J020,Malleshwaram Circle,1658,Weekday,False,Clear,False,0.0,False,False,0.594,High,19.0,43.6,299.8,0.202,0.466,0.978,Moderate traffic flow - standard adaptive signal timing in effect
EVT440827,2025-12-12 07:25:44,Local Market Day,J020,Malleshwaram Circle,5736,Weekday,False,Clear,False,0.0,False,False,0.598,High,23.1,45.2,144.3,0.115,0.265,0.977,Moderate traffic flow - standard adaptive signal timing in effect
EVT440828,2025-03-27 13:41:37,Local Market Day,J031,Cubbon Road,3043,Weekday,False,Clear,False,0.0,False,False,0.228,Low,24.5,7.5,52.5,0.037,0.085,0.978,Normal free-flow traffic - standard signal timing maintained
EVT440829,2026-02-10 08:52:17,Local Market Day,J011,Indiranagar 100ft Road,4866,Weekday,False,Clear,False,0.0,False,False,1.0,Severe,7.5,71.7,385.0,0.129,0.298,0.931,Heavy congestion detected - signal timing extended and reroute suggested
EVT440830,2025-09-04 23:26:53,Local Market Day,J011,Indiranagar 100ft Road,4327,Weekday,False,Clear,False,0.0,False,False,0.131,Low,29.6,6.9,69.3,0.053,0.122,0.965,Normal free-flow traffic - standard signal timing maintained
EVT440831,2026-05-23 06:02:42,Local Market Day,J030,MG Road,4908,Weekend,False,Clear,False,0.0,False,False,0.317,Low,18.7,20.2,136.3,0.07,0.162,0.966,Moderate traffic flow - standard adaptive signal timing in effect
EVT440832,2025-01-31 08:47:22,Concert,J023,Basavanagudi,15020,Weekday,False,Clear,False,0.0,False,False,1.0,Severe,7.8,74.9,536.2,0.177,0.41,0.93,Heavy congestion detected - signal timing extended and reroute suggested
EVT440833,2025-05-18 00:59:15,Trade Fair,J031,Cubbon Road,10013,Weekend,False,Light Rain,True,7.2,False,False,0.323,Low,28.1,23.0,69.1,0.039,0.089,0.906,Light rain detected - minor speed reduction advised
EVT440834,2026-04-21 10:12:40,Local Market Day,J020,Malleshwaram Circle,3223,Weekday,False,Clear,False,0.0,False,False,0.686,High,19.6,48.5,333.8,0.231,0.533,0.968,Moderate traffic flow - standard adaptive signal timing in effect
EVT440835,2025-03-18 14:49:53,Sports Fixture,J012,Koramangala Sony World,27297,Weekday,False,Clear,False,0.0,False,False,0.419,Moderate,21.4,29.3,338.6,0.211,0.487,0.966,Moderate traffic flow - standard adaptive signal timing in effect
EVT440836,2025-04-16 16:40:05,Trade Fair,J023,Basavanagudi,15617,Weekday,False,Clear,False,0.0,False,False,0.685,High,23.4,44.8,202.6,0.16,0.369,0.96,Moderate traffic flow - standard adaptive signal timing in effect
EVT440837,2025-12-09 07:29:52,Local Market Day,J040,City Market,3012,Weekday,False,Clear,False,0.0,False,False,0.578,High,20.9,40.9,273.9,0.165,0.382,0.97,Moderate traffic flow - standard adaptive signal timing in effect
EVT440838,2026-04-15 10:46:28,Religious Festival,J011,Indiranagar 100ft Road,33007,Weekday,True,Clear,False,0.0,False,True,1.0,Severe,7.3,100.7,590.8,0.205,0.474,0.867,Road closure for event/procession - full detour recommended for through-traffic
EVT440839,2025-02-12 09:44:08,Trade Fair,J031,Cubbon Road,6690,Weekday,False,Clear,False,0.0,False,False,0.855,Severe,12.8,53.8,263.9,0.125,0.289,0.953,Heavy congestion detected - signal timing extended and reroute suggested
EVT440840,2025-02-05 18:28:42,Trade Fair,J012,Koramangala Sony World,5986,Weekday,False,Clear,False,0.0,False,False,1.0,Severe,7.1,75.9,775.4,0.243,0.561,0.935,Heavy congestion detected - signal timing extended and reroute suggested
EVT440841,2025-11-08 17:23:44,Local Market Day,J031,Cubbon Road,3217,Weekend,False,Clear,False,0.0,False,False,0.661,High,18.0,49.8,320.2,0.185,0.427,0.957,Moderate traffic flow - standard adaptive signal timing in effect
EVT440842,2025-02-11 20:47:21,Sports Fixture,J020,Malleshwaram Circle,28903,Weekday,False,Clear,False,0.0,False,False,0.628,High,15.7,41.3,223.9,0.119,0.275,0.966,Moderate traffic flow - standard adaptive signal timing in effect
EVT440843,2025-01-30 08:49:07,Trade Fair,J012,Koramangala Sony World,7523,Weekday,False,Clear,False,0.0,False,False,1.0,Severe,10.5,72.4,670.6,0.258,0.595,0.945,Heavy congestion detected - signal timing extended and reroute suggested
EVT440844,2025-02-25 19:15:07,Sports Fixture,J023,Basavanagudi,16834,Weekday,False,Clear,False,0.0,False,False,0.983,Severe,9.9,68.4,625.6,0.235,0.542,0.915,Heavy congestion detected - signal timing extended and reroute suggested
EVT440845,2025-11-05 20:22:49,Concert,J020,Malleshwaram Circle,6105,Weekday,False,Clear,False,0.0,False,False,0.569,High,23.4,45.2,224.0,0.172,0.397,0.973,Moderate traffic flow - standard adaptive signal timing in effect
EVT440846,2025-11-05 08:34:29,Sports Fixture,J009,Majestic,32058,Weekday,False,Clear,False,0.0,False,False,1.0,Severe,9.5,68.3,357.0,0.144,0.334,0.878,Heavy congestion detected - signal timing extended and reroute suggested
EVT440847,2026-06-05 07:53:25,Local Market Day,J020,Malleshwaram Circle,5417,Weekday,False,Clear,False,0.0,False,False,0.788,Severe,17.2,54.3,266.7,0.16,0.371,0.951,Heavy congestion detected - signal timing extended and reroute suggested
EVT440848,2026-02-03 14:00:24,Sports Fixture,J023,Basavanagudi,45018,Weekday,False,Clear,False,0.0,False,False,0.493,Moderate,26.2,32.5,104.7,0.077,0.178,0.958,Moderate traffic flow - standard adaptive signal timing in effect
EVT440849,2025-11-16 17:02:27,Local Market Day,J023,Basavanagudi,4748,Weekend,False,Clear,False,0.0,False,False,0.633,High,22.3,45.0,125.8,0.091,0.21,0.944,Moderate traffic flow - standard adaptive signal timing in effect
EVT440850,2026-05-18 16:51:28,Sports Fixture,J012,Koramangala Sony World,31444,Weekday,False,Clear,False,0.0,False,False,0.791,Severe,18.7,52.1,351.3,0.221,0.51,0.964,Heavy congestion detected - signal timing extended and reroute suggested
EVT440851,2025-10-03 22:29:58,Cultural Procession,J009,Majestic,25465,Weekday,True,Clear,False,0.0,False,True,0.669,Moderate,19.0,68.0,422.7,0.266,0.613,0.896,Road closure for event/procession - full detour recommended for through-traffic
EVT440852,2025-07-26 18:28:07,Local Market Day,J023,Basavanagudi,2044,Weekend,False,Clear,False,0.0,False,False,0.761,Severe,17.9,59.2,133.6,0.083,0.193,0.967,Heavy congestion detected - signal timing extended and reroute suggested
EVT440853,2026-02-11 19:17:23,Sports Fixture,J009,Majestic,25325,Weekday,False,Clear,False,0.0,False,False,1.0,Severe,7.3,72.9,513.5,0.163,0.377,0.919,Heavy congestion detected - signal timing extended and reroute suggested
EVT440854,2026-06-29 10:14:58,Local Market Day,J031,Cubbon Road,5519,Weekday,False,Rain,True,11.0,False,False,0.898,Severe,10.3,69.0,634.9,0.247,0.572,0.887,Heavy rain reducing visibility and grip - reduced speed and longer buffer advised
EVT440855,2026-01-05 17:48:53,Sports Fixture,J023,Basavanagudi,51112,Weekday,False,Clear,False,0.0,False,False,1.0,Severe,8.7,69.5,523.0,0.184,0.424,0.907,Heavy congestion detected - signal timing extended and reroute suggested
EVT440856,2025-12-12 07:03:49,Political Rally,J040,City Market,13605,Weekday,False,Clear,False,0.0,False,False,0.535,Moderate,26.6,39.0,320.6,0.277,0.64,0.978,Moderate traffic flow - standard adaptive signal timing in effect
EVT440857,2026-06-04 09:24:30,Trade Fair,J030,MG Road,6633,Weekday,False,Clear,False,0.0,False,False,0.994,Severe,10.4,72.5,539.6,0.234,0.54,0.903,Heavy congestion detected - signal timing extended and reroute suggested
EVT440858,2025-01-25 19:44:44,Concert,J009,Majestic,12576,Weekend,False,Clear,False,0.0,False,False,0.726,High,15.1,52.5,243.7,0.126,0.291,0.972,Moderate traffic flow - standard adaptive signal timing in effect
EVT440859,2025-11-24 08:49:26,Sports Fixture,J030,MG Road,42356,Weekday,False,Clear,False,0.0,False,False,1.0,Severe,9.0,78.2,648.2,0.237,0.548,0.934,Heavy congestion detected - signal timing extended and reroute suggested
EVT440860,2026-02-01 13:29:18,Sports Fixture,J023,Basavanagudi,21188,Weekend,False,Clear,False,0.0,False,False,0.368,Moderate,27.0,23.9,208.7,0.164,0.38,0.963,Moderate traffic flow - standard adaptive signal timing in effect
EVT440861,2025-03-10 13:55:31,Local Market Day,J030,MG Road,4085,Weekday,False,Clear,False,0.0,False,False,0.166,Low,37.2,13.6,45.3,0.04,0.093,0.975,Normal free-flow traffic - standard signal timing maintained
EVT440862,2025-10-17 06:18:30,Trade Fair,J030,MG Road,5212,Weekday,False,Clear,False,0.0,False,False,0.337,Low,23.5,26.6,179.1,0.12,0.276,0.955,Moderate traffic flow - standard adaptive signal timing in effect
EVT440863,2026-04-16 10:35:10,Concert,J031,Cubbon Road,19042,Weekday,False,Clear,False,0.0,False,False,0.633,High,15.8,42.3,462.1,0.254,0.587,0.963,Moderate traffic flow - standard adaptive signal timing in effect
EVT440864,2026-03-12 11:54:53,Local Market Day,J023,Basavanagudi,4828,Weekday,False,Clear,False,0.0,False,False,0.286,Low,32.9,23.0,176.3,0.144,0.333,0.961,Moderate traffic flow - standard adaptive signal timing in effect
EVT440865,2026-04-13 11:45:04,Local Market Day,J009,Majestic,4412,Weekday,False,Clear,False,0.0,False,False,0.32,Low,32.0,22.4,134.9,0.119,0.276,0.985,Moderate traffic flow - standard adaptive signal timing in effect
EVT440866,2026-04-13 18:30:29,Sports Fixture,J020,Malleshwaram Circle,14518,Weekday,False,Clear,False,0.0,False,False,1.0,Severe,6.6,67.1,610.0,0.194,0.448,0.879,Heavy congestion detected - signal timing extended and reroute suggested
EVT440867,2025-07-07 15:04:35,Local Market Day,J030,MG Road,3977,Weekday,False,Rain,True,7.8,False,False,0.32,Low,31.9,18.1,139.3,0.132,0.304,0.957,Light rain detected - minor speed reduction advised
EVT440868,2025-07-02 09:45:51,Concert,J020,Malleshwaram Circle,7740,Weekday,False,Clear,False,0.0,False,False,0.937,Severe,10.2,61.6,243.4,0.094,0.217,0.917,Heavy congestion detected - signal timing extended and reroute suggested
EVT440869,2025-02-17 13:43:29,Political Rally,J011,Indiranagar 100ft Road,11615,Weekday,False,Clear,False,0.0,False,False,0.271,Low,31.7,20.5,140.3,0.114,0.263,0.973,Moderate traffic flow - standard adaptive signal timing in effect
EVT440870,2025-11-13 18:18:52,Sports Fixture,J030,MG Road,18839,Weekday,False,Clear,False,0.0,False,False,1.0,Severe,8.0,72.9,663.5,0.215,0.498,0.931,Heavy congestion detected - signal timing extended and reroute suggested
EVT440871,2026-03-16 09:53:47,Concert,J011,Indiranagar 100ft Road,19704,Weekday,False,Clear,False,0.0,False,False,0.89,Severe,14.8,63.0,340.5,0.193,0.445,0.928,Heavy congestion detected - signal timing extended and reroute suggested
EVT440872,2026-05-08 15:39:41,Concert,J011,Indiranagar 100ft Road,12686,Weekday,False,Fog,False,0.0,False,False,0.294,Low,31.9,18.4,105.8,0.072,0.167,0.99,Moderate traffic flow - standard adaptive signal timing in effect
EVT440873,2026-06-16 07:01:00,Concert,J012,Koramangala Sony World,14497,Weekday,False,Clear,False,0.0,False,False,0.455,Moderate,31.8,29.3,233.0,0.203,0.47,0.942,Moderate traffic flow - standard adaptive signal timing in effect
EVT440874,2025-08-20 19:49:50,Local Market Day,J011,Indiranagar 100ft Road,3372,Weekday,False,Clear,False,0.0,False,False,0.754,Severe,16.6,53.3,325.0,0.165,0.382,0.946,Heavy congestion detected - signal timing extended and reroute suggested
EVT440875,2026-06-13 09:43:06,Local Market Day,J009,Majestic,6721,Weekend,False,Heavy Rain,True,36.7,False,False,1.0,Severe,8.0,76.5,601.9,0.214,0.495,0.887,Heavy rain reducing visibility and grip - reduced speed and longer buffer advised
EVT440876,2025-01-26 12:05:22,Cultural Procession,J023,Basavanagudi,19341,Weekend,True,Clear,False,0.0,False,False,0.575,High,18.9,36.5,159.4,0.095,0.22,0.912,Festival crowd surge detected - alternate route and extended cycle recommended
EVT440877,2026-04-05 15:58:10,Trade Fair,J023,Basavanagudi,4269,Weekend,False,Clear,False,0.0,False,False,0.34,Low,38.4,19.8,98.9,0.1,0.23,0.95,Moderate traffic flow - standard adaptive signal timing in effect
EVT440878,2025-03-02 14:20:42,Trade Fair,J012,Koramangala Sony World,8307,Weekend,False,Clear,False,0.0,False,False,0.283,Low,29.5,23.6,124.3,0.091,0.211,0.95,Moderate traffic flow - standard adaptive signal timing in effect
EVT440879,2025-03-25 09:19:27,Trade Fair,J031,Cubbon Road,5326,Weekday,False,Fog,False,0.0,False,False,1.0,Severe,8.1,68.4,527.3,0.204,0.47,0.939,Heavy congestion detected - signal timing extended and reroute suggested
EVT440880,2026-03-25 20:10:27,Concert,J011,Indiranagar 100ft Road,11332,Weekday,False,Clear,False,0.0,False,False,0.702,High,17.9,43.9,183.2,0.112,0.258,0.962,Moderate traffic flow - standard adaptive signal timing in effect
EVT440881,2025-06-11 09:35:47,Local Market Day,J009,Majestic,7790,Weekday,False,Clear,False,0.0,False,False,0.907,Severe,12.3,61.7,461.1,0.214,0.495,0.948,Heavy congestion detected - signal timing extended and reroute suggested
EVT440882,2026-04-29 07:52:18,Local Market Day,J040,City Market,5332,Weekday,False,Light Rain,True,1.8,False,False,0.853,Severe,14.5,66.4,366.7,0.197,0.455,0.896,Heavy rain reducing visibility and grip - reduced speed and longer buffer advised
EVT440883,2025-08-20 08:25:29,Local Market Day,J012,Koramangala Sony World,4798,Weekday,False,Rain,True,13.0,False,False,1.0,Severe,7.1,67.6,765.1,0.239,0.551,0.835,Heavy rain reducing visibility and grip - reduced speed and longer buffer advised
EVT440884,2025-04-25 13:39:42,Sports Fixture,J020,Malleshwaram Circle,14755,Weekday,False,Clear,False,0.0,False,False,0.138,Low,33.6,11.3,200.8,0.155,0.359,0.965,Normal free-flow traffic - standard signal timing maintained
EVT440885,2025-01-13 18:22:44,Concert,J012,Koramangala Sony World,11910,Weekday,False,Clear,False,0.0,False,False,1.0,Severe,8.5,68.1,386.5,0.15,0.346,0.932,Heavy congestion detected - signal timing extended and reroute suggested
EVT440886,2025-11-14 21:44:47,Political Rally,J011,Indiranagar 100ft Road,14799,Weekday,False,Clear,False,0.0,True,False,0.701,High,19.4,54.8,229.8,0.137,0.317,0.792,Accident detected nearby - reroute and reduced speed advised
EVT440887,2026-05-13 15:42:19,Political Rally,J011,Indiranagar 100ft Road,10251,Weekday,False,Light Rain,True,7.0,False,False,0.504,Moderate,26.8,38.2,177.6,0.131,0.303,0.919,Light rain detected - minor speed reduction advised
EVT440888,2025-02-17 19:44:33,Political Rally,J030,MG Road,11495,Weekday,False,Clear,False,0.0,False,False,0.882,Severe,14.0,69.4,245.0,0.134,0.31,0.952,Heavy congestion detected - signal timing extended and reroute suggested
EVT440889,2025-06-01 22:53:18,Sports Fixture,J020,Malleshwaram Circle,23084,Weekend,False,Heavy Rain,True,26.3,False,False,0.668,High,22.1,45.7,185.7,0.138,0.32,0.922,Heavy rain reducing visibility and grip - reduced speed and longer buffer advised
EVT440890,2026-03-24 15:26:50,Concert,J011,Indiranagar 100ft Road,8732,Weekday,False,Light Rain,True,6.6,True,False,0.743,High,20.7,50.7,186.0,0.118,0.273,0.744,Accident detected nearby - reroute and reduced speed advised
EVT440891,2025-08-13 10:44:13,Concert,J012,Koramangala Sony World,23366,Weekday,False,Heavy Rain,True,64.7,False,False,0.912,Severe,13.0,59.8,313.2,0.144,0.333,0.889,Heavy rain reducing visibility and grip - reduced speed and longer buffer advised
EVT440892,2025-03-11 00:03:18,Local Market Day,J031,Cubbon Road,6526,Weekday,False,Clear,False,0.0,False,False,0.271,Low,35.0,13.9,124.0,0.112,0.259,0.971,Moderate traffic flow - standard adaptive signal timing in effect
EVT440893,2026-02-14 12:30:08,Local Market Day,J012,Koramangala Sony World,2321,Weekend,False,Clear,False,0.0,False,False,0.251,Low,34.9,18.7,100.8,0.083,0.192,0.939,Moderate traffic flow - standard adaptive signal timing in effect
EVT440894,2025-07-19 08:35:30,Local Market Day,J012,Koramangala Sony World,3296,Weekend,False,Clear,False,0.0,False,False,0.792,Severe,14.6,55.0,404.5,0.221,0.511,0.975,Heavy congestion detected - signal timing extended and reroute suggested
EVT440895,2025-05-23 20:32:30,Trade Fair,J020,Malleshwaram Circle,6412,Weekday,False,Clear,False,0.0,False,False,0.576,High,21.3,36.8,175.2,0.124,0.286,0.962,Moderate traffic flow - standard adaptive signal timing in effect
EVT440896,2025-10-22 19:39:23,Religious Festival,J012,Koramangala Sony World,20432,Weekday,True,Clear,False,0.0,False,False,1.0,Severe,8.3,68.7,331.5,0.112,0.258,0.855,Festival crowd surge detected - alternate route and extended cycle recommended
EVT440897,2025-01-01 16:41:59,Concert,J031,Cubbon Road,23315,Weekday,False,Clear,False,0.0,False,False,0.774,Severe,16.5,58.1,264.5,0.142,0.327,0.963,Heavy congestion detected - signal timing extended and reroute suggested
EVT440898,2025-06-26 09:43:52,Concert,J040,City Market,9450,Weekday,False,Heavy Rain,True,61.3,False,False,1.0,Severe,7.9,72.5,749.2,0.225,0.519,0.849,Heavy rain reducing visibility and grip - reduced speed and longer buffer advised
EVT440899,2026-04-12 10:00:08,Local Market Day,J009,Majestic,3027,Weekend,False,Clear,False,0.0,False,False,0.65,High,24.2,51.0,235.7,0.178,0.41,0.962,Moderate traffic flow - standard adaptive signal timing in effect
EVT440900,2026-02-12 15:20:27,Trade Fair,J040,City Market,13027,Weekday,False,Clear,False,0.0,False,False,0.371,Moderate,34.6,30.1,176.7,0.181,0.418,0.956,Moderate traffic flow - standard adaptive signal timing in effect
EVT440901,2025-11-07 10:55:45,Local Market Day,J020,Malleshwaram Circle,2686,Weekday,False,Rain,True,11.8,False,False,0.64,High,21.4,46.4,118.4,0.088,0.203,0.907,Heavy rain reducing visibility and grip - reduced speed and longer buffer advised
EVT440902,2025-01-19 19:19:52,Trade Fair,J040,City Market,8723,Weekend,False,Clear,False,0.0,False,False,0.802,Severe,13.6,56.3,366.5,0.175,0.404,0.942,Heavy congestion detected - signal timing extended and reroute suggested
EVT440903,2026-05-14 06:26:05,Sports Fixture,J020,Malleshwaram Circle,25886,Weekday,False,Clear,False,0.0,False,False,0.43,Moderate,24.0,30.4,148.1,0.106,0.245,0.959,Moderate traffic flow - standard adaptive signal timing in effect
EVT440904,2025-12-26 18:13:36,Cultural Procession,J020,Malleshwaram Circle,17535,Weekday,True,Clear,False,0.0,False,True,1.0,Severe,8.0,90.3,521.4,0.171,0.394,0.832,Road closure for event/procession - full detour recommended for through-traffic
EVT440905,2025-12-24 10:03:57,Local Market Day,J023,Basavanagudi,5076,Weekday,False,Clear,False,0.0,False,False,0.824,Severe,14.1,53.6,267.0,0.147,0.341,0.967,Heavy congestion detected - signal timing extended and reroute suggested
EVT440906,2025-12-16 11:25:27,Local Market Day,J012,Koramangala Sony World,12874,Weekday,False,Clear,False,0.0,False,False,0.386,Moderate,24.2,28.9,232.9,0.171,0.395,0.957,Moderate traffic flow - standard adaptive signal timing in effect
EVT440907,2025-04-19 11:14:11,Local Market Day,J023,Basavanagudi,2592,Weekend,False,Clear,False,0.0,False,False,0.322,Low,33.6,22.7,115.1,0.092,0.212,0.965,Moderate traffic flow - standard adaptive signal timing in effect
EVT440908,2025-03-25 04:31:52,Concert,J011,Indiranagar 100ft Road,10956,Weekday,False,Clear,False,0.0,False,False,0.217,Low,34.9,17.6,77.7,0.055,0.128,0.934,Normal free-flow traffic - standard signal timing maintained
EVT440909,2025-10-08 12:05:52,Local Market Day,J020,Malleshwaram Circle,3749,Weekday,False,Clear,False,0.0,False,False,0.239,Low,24.7,17.9,231.6,0.153,0.353,0.95,Normal free-flow traffic - standard signal timing maintained
EVT440910,2025-02-12 16:05:46,Political Rally,J012,Koramangala Sony World,9321,Weekday,False,Clear,False,0.0,False,False,0.53,Moderate,24.9,36.1,239.8,0.171,0.395,0.973,Moderate traffic flow - standard adaptive signal timing in effect
EVT440911,2025-05-28 10:34:29,Trade Fair,J031,Cubbon Road,6797,Weekday,False,Clear,False,0.0,False,False,0.653,High,18.0,47.9,357.6,0.203,0.469,0.967,Moderate traffic flow - standard adaptive signal timing in effect
EVT440912,2025-07-10 07:43:25,Local Market Day,J031,Cubbon Road,4971,Weekday,False,Clear,False,0.0,False,False,0.689,High,20.8,45.7,99.1,0.06,0.14,0.949,Moderate traffic flow - standard adaptive signal timing in effect
EVT440913,2026-06-24 17:38:49,Concert,J012,Koramangala Sony World,22078,Weekday,False,Clear,False,0.0,False,False,1.0,Severe,9.9,76.3,776.7,0.31,0.717,0.9,Heavy congestion detected - signal timing extended and reroute suggested
EVT440914,2025-11-11 12:01:50,Sports Fixture,J031,Cubbon Road,26470,Weekday,False,Light Rain,True,1.9,False,False,0.514,Moderate,26.2,37.3,181.8,0.125,0.289,0.928,Light rain detected - minor speed reduction advised
EVT440915,2026-05-11 18:01:38,Trade Fair,J020,Malleshwaram Circle,10005,Weekday,False,Fog,False,0.0,False,False,1.0,Severe,10.6,70.0,590.1,0.247,0.57,0.911,Heavy congestion detected - signal timing extended and reroute suggested
EVT440916,2026-01-01 18:06:05,Cultural Procession,J012,Koramangala Sony World,36108,Weekday,True,Clear,False,0.0,False,True,1.0,Severe,6.3,93.9,914.3,0.24,0.555,0.816,Road closure for event/procession - full detour recommended for through-traffic
EVT440917,2026-01-25 17:59:25,Local Market Day,J023,Basavanagudi,5748,Weekend,False,Clear,False,0.0,False,False,0.845,Severe,13.9,59.3,440.8,0.243,0.561,0.958,Heavy congestion detected - signal timing extended and reroute suggested
EVT440918,2025-02-12 13:00:30,Political Rally,J009,Majestic,18718,Weekday,False,Clear,False,0.0,False,False,0.263,Low,30.3,15.6,182.3,0.159,0.366,0.969,Moderate traffic flow - standard adaptive signal timing in effect
EVT440919,2026-04-03 08:39:39,Sports Fixture,J023,Basavanagudi,18499,Weekday,False,Clear,False,0.0,False,False,1.0,Severe,5.9,65.2,338.6,0.104,0.241,0.921,Heavy congestion detected - signal timing extended and reroute suggested
EVT440920,2025-01-23 13:55:21,Political Rally,J023,Basavanagudi,15329,Weekday,False,Clear,False,0.0,False,False,0.295,Low,26.5,21.8,139.1,0.105,0.243,0.966,Moderate traffic flow - standard adaptive signal timing in effect
EVT440921,2025-03-10 08:14:53,Sports Fixture,J023,Basavanagudi,13742,Weekday,False,Clear,False,0.0,False,False,1.0,Severe,9.0,70.1,508.5,0.187,0.433,0.929,Heavy congestion detected - signal timing extended and reroute suggested
EVT440922,2025-11-07 09:10:53,Political Rally,J031,Cubbon Road,12354,Weekday,False,Clear,False,0.0,False,False,1.0,Severe,8.2,74.3,658.0,0.222,0.513,0.913,Heavy congestion detected - signal timing extended and reroute suggested
EVT440923,2025-08-13 17:09:15,Trade Fair,J009,Majestic,14427,Weekday,False,Clear,False,0.0,False,False,0.842,Severe,12.9,61.2,407.1,0.186,0.43,0.953,Heavy congestion detected - signal timing extended and reroute suggested
EVT440924,2025-04-21 19:52:04,Local Market Day,J012,Koramangala Sony World,4809,Weekday,False,Clear,False,0.0,False,False,0.806,Severe,13.4,58.8,497.0,0.227,0.525,0.933,Heavy congestion detected - signal timing extended and reroute suggested
EVT440925,2026-02-26 13:41:33,Sports Fixture,J040,City Market,28172,Weekday,False,Clear,False,0.0,False,False,0.414,Moderate,26.4,26.0,106.7,0.06,0.138,0.964,Moderate traffic flow - standard adaptive signal timing in effect
EVT440926,2025-02-08 18:46:13,Concert,J011,Indiranagar 100ft Road,8687,Weekend,False,Clear,False,0.0,False,False,0.929,Severe,10.0,66.0,334.3,0.137,0.317,0.922,Heavy congestion detected - signal timing extended and reroute suggested
EVT440927,2026-01-27 13:26:11,Religious Festival,J020,Malleshwaram Circle,52371,Weekday,True,Clear,False,0.0,False,False,0.653,High,18.8,44.7,317.5,0.184,0.425,0.929,Festival crowd surge detected - alternate route and extended cycle recommended
EVT440928,2025-02-14 16:04:14,Sports Fixture,J020,Malleshwaram Circle,20249,Weekday,False,Clear,False,0.0,False,False,0.465,Moderate,28.7,28.4,219.7,0.204,0.471,0.938,Moderate traffic flow - standard adaptive signal timing in effect
EVT440929,2025-05-05 02:42:22,Political Rally,J040,City Market,31011,Weekday,False,Clear,False,0.0,False,False,0.349,Low,27.8,23.8,58.3,0.034,0.078,0.943,Moderate traffic flow - standard adaptive signal timing in effect
EVT440930,2025-01-23 18:33:10,Sports Fixture,J009,Majestic,35826,Weekday,False,Clear,False,0.0,False,False,1.0,Severe,8.1,74.7,548.5,0.197,0.455,0.897,Heavy congestion detected - signal timing extended and reroute suggested
EVT440931,2025-10-20 06:46:55,Religious Festival,J020,Malleshwaram Circle,49560,Weekday,True,Rain,True,9.3,False,False,0.997,Severe,7.1,69.8,760.9,0.235,0.542,0.803,Festival crowd surge detected - alternate route and extended cycle recommended
EVT440932,2025-03-08 11:32:50,Sports Fixture,J030,MG Road,21463,Weekend,False,Clear,False,0.0,False,False,0.493,Moderate,22.9,38.2,202.3,0.127,0.294,0.974,Moderate traffic flow - standard adaptive signal timing in effect
EVT440933,2025-09-15 10:19:54,Sports Fixture,J030,MG Road,28059,Weekday,False,Heavy Rain,True,39.6,False,False,1.0,Severe,8.3,70.1,610.3,0.212,0.49,0.832,Heavy rain reducing visibility and grip - reduced speed and longer buffer advised
EVT440934,2026-03-09 10:20:01,Local Market Day,J009,Majestic,5285,Weekday,False,Clear,False,0.0,False,False,0.662,High,18.6,47.5,243.7,0.171,0.395,0.97,Moderate traffic flow - standard adaptive signal timing in effect
EVT440935,2025-12-31 09:40:25,Political Rally,J031,Cubbon Road,14561,Weekday,False,Clear,False,0.0,False,False,1.0,Severe,7.9,72.7,990.9,0.319,0.736,0.885,Heavy congestion detected - signal timing extended and reroute suggested
EVT440936,2025-02-23 09:02:07,Local Market Day,J040,City Market,6025,Weekend,False,Clear,False,0.0,False,False,0.855,Severe,13.0,55.0,409.5,0.193,0.447,0.951,Heavy congestion detected - signal timing extended and reroute suggested
EVT440937,2025-09-29 07:15:37,Concert,J011,Indiranagar 100ft Road,11592,Weekday,False,Rain,True,9.9,False,False,0.646,High,23.4,46.8,185.1,0.143,0.331,0.907,Heavy rain reducing visibility and grip - reduced speed and longer buffer advised
EVT440938,2025-01-31 01:23:03,Sports Fixture,J023,Basavanagudi,18827,Weekday,False,Clear,False,0.0,False,False,0.214,Low,32.2,11.8,82.3,0.057,0.131,0.964,Normal free-flow traffic - standard signal timing maintained
EVT440939,2025-05-29 10:09:22,Concert,J023,Basavanagudi,19002,Weekday,False,Clear,False,0.0,False,False,0.856,Severe,11.0,56.6,584.5,0.25,0.577,0.93,Heavy congestion detected - signal timing extended and reroute suggested
EVT440940,2025-07-03 08:03:19,Sports Fixture,J020,Malleshwaram Circle,20561,Weekday,False,Rain,True,20.9,False,False,1.0,Severe,7.6,76.9,671.6,0.223,0.514,0.872,Heavy rain reducing visibility and grip - reduced speed and longer buffer advised
EVT440941,2026-03-03 10:32:35,Local Market Day,J011,Indiranagar 100ft Road,4876,Weekday,False,Clear,False,0.0,False,False,0.608,High,22.9,44.8,254.8,0.197,0.455,0.969,Moderate traffic flow - standard adaptive signal timing in effect
EVT440942,2025-05-02 12:49:55,Cultural Procession,J030,MG Road,24962,Weekday,True,Heavy Rain,True,28.0,False,True,0.958,Severe,9.7,96.1,239.1,0.108,0.25,0.788,Road closure for event/procession - full detour recommended for through-traffic
EVT440943,2025-08-18 20:09:08,Local Market Day,J023,Basavanagudi,3384,Weekday,False,Heavy Rain,True,56.2,False,False,0.984,Severe,6.1,75.8,512.9,0.141,0.325,0.886,Heavy rain reducing visibility and grip - reduced speed and longer buffer advised
EVT440944,2025-05-29 22:55:18,Sports Fixture,J009,Majestic,12522,Weekday,False,Clear,False,0.0,False,False,0.302,Low,29.2,21.5,53.2,0.044,0.101,0.936,Moderate traffic flow - standard adaptive signal timing in effect
EVT440945,2025-06-29 17:19:22,Local Market Day,J009,Majestic,1943,Weekend,False,Clear,False,0.0,False,False,0.715,High,22.0,45.8,193.2,0.132,0.305,0.961,Moderate traffic flow - standard adaptive signal timing in effect
EVT440946,2025-09-24 19:17:05,Local Market Day,J009,Majestic,5323,Weekday,False,Clear,False,0.0,False,False,0.961,Severe,8.8,70.5,496.4,0.174,0.401,0.955,Heavy congestion detected - signal timing extended and reroute suggested
EVT440947,2025-09-02 20:53:11,Political Rally,J020,Malleshwaram Circle,30296,Weekday,False,Clear,False,0.0,False,False,0.609,High,21.5,42.4,215.9,0.138,0.32,0.972,Moderate traffic flow - standard adaptive signal timing in effect
EVT440948,2025-06-29 07:08:21,Sports Fixture,J011,Indiranagar 100ft Road,18554,Weekend,False,Heavy Rain,True,28.5,False,False,0.899,Severe,12.4,67.6,359.5,0.175,0.405,0.879,Heavy rain reducing visibility and grip - reduced speed and longer buffer advised
EVT440949,2026-06-17 04:52:07,Sports Fixture,J023,Basavanagudi,26565,Weekday,False,Clear,False,0.0,False,False,0.277,Low,31.3,18.3,153.2,0.127,0.294,0.972,Moderate traffic flow - standard adaptive signal timing in effect
EVT440950,2025-08-31 08:18:19,Sports Fixture,J030,MG Road,20495,Weekend,False,Clear,False,0.0,False,False,0.85,Severe,12.7,63.7,613.9,0.283,0.654,0.956,Heavy congestion detected - signal timing extended and reroute suggested
EVT440951,2025-03-08 16:40:34,Trade Fair,J020,Malleshwaram Circle,10432,Weekend,False,Clear,False,0.0,False,False,0.6,High,21.0,39.1,247.1,0.178,0.412,0.962,Moderate traffic flow - standard adaptive signal timing in effect
EVT440952,2026-05-30 18:27:22,Concert,J009,Majestic,8501,Weekend,False,Rain,True,23.6,False,False,1.0,Severe,7.4,72.2,873.2,0.265,0.613,0.844,Heavy rain reducing visibility and grip - reduced speed and longer buffer advised
EVT440953,2025-03-14 16:10:58,Fireworks Display,J020,Malleshwaram Circle,61421,Weekday,True,Clear,False,0.0,False,False,1.0,Severe,8.9,78.3,755.9,0.29,0.671,0.844,Festival crowd surge detected - alternate route and extended cycle recommended
EVT440954,2025-10-19 21:21:12,Local Market Day,J023,Basavanagudi,1737,Weekend,False,Clear,False,0.0,False,False,0.384,Moderate,28.7,28.7,176.3,0.127,0.292,0.956,Moderate traffic flow - standard adaptive signal timing in effect
EVT440955,2026-05-18 07:56:39,Political Rally,J030,MG Road,6032,Weekday,False,Rain,True,14.4,False,False,0.888,Severe,10.7,67.4,535.4,0.221,0.51,0.875,Heavy rain reducing visibility and grip - reduced speed and longer buffer advised
EVT440956,2025-12-15 22:58:15,Political Rally,J011,Indiranagar 100ft Road,33683,Weekday,False,Clear,False,0.0,False,False,0.413,Moderate,25.5,31.6,203.8,0.143,0.33,0.99,Moderate traffic flow - standard adaptive signal timing in effect
EVT440957,2026-04-10 18:52:16,Political Rally,J040,City Market,16468,Weekday,False,Clear,False,0.0,False,False,1.0,Severe,7.8,72.9,830.5,0.282,0.65,0.916,Heavy congestion detected - signal timing extended and reroute suggested
EVT440958,2025-06-13 13:09:04,Local Market Day,J030,MG Road,2540,Weekday,False,Clear,False,0.0,False,False,0.17,Low,34.1,9.3,168.6,0.14,0.323,0.946,Normal free-flow traffic - standard signal timing maintained
EVT440959,2025-04-08 14:37:38,Sports Fixture,J011,Indiranagar 100ft Road,15339,Weekday,False,Clear,False,0.0,False,False,0.299,Low,28.4,23.6,201.3,0.16,0.37,0.966,Moderate traffic flow - standard adaptive signal timing in effect
EVT440960,2025-04-19 17:03:37,Local Market Day,J011,Indiranagar 100ft Road,5105,Weekend,False,Clear,False,0.0,False,False,0.682,High,19.4,47.3,287.1,0.195,0.451,0.969,Moderate traffic flow - standard adaptive signal timing in effect
EVT440961,2025-06-01 19:42:30,Concert,J009,Majestic,17882,Weekend,False,Clear,False,0.0,False,False,0.829,Severe,9.9,61.8,453.5,0.168,0.388,0.926,Heavy congestion detected - signal timing extended and reroute suggested
EVT440962,2025-09-03 19:24:16,Sports Fixture,J011,Indiranagar 100ft Road,20738,Weekday,False,Clear,False,0.0,False,False,1.0,Severe,8.2,67.2,764.3,0.234,0.54,0.923,Heavy congestion detected - signal timing extended and reroute suggested
EVT440963,2025-09-21 11:22:38,Local Market Day,J030,MG Road,4881,Weekend,False,Clear,False,0.0,False,False,0.342,Low,32.6,20.8,185.9,0.139,0.321,0.972,Moderate traffic flow - standard adaptive signal timing in effect
EVT440964,2026-04-06 18:32:55,Trade Fair,J009,Majestic,8150,Weekday,False,Clear,False,0.0,False,False,1.0,Severe,8.8,65.9,464.6,0.155,0.359,0.914,Heavy congestion detected - signal timing extended and reroute suggested
EVT440965,2025-09-05 17:27:47,Fireworks Display,J011,Indiranagar 100ft Road,9727,Weekday,True,Rain,True,10.7,False,False,1.0,Severe,10.8,74.6,644.1,0.27,0.624,0.832,Festival crowd surge detected - alternate route and extended cycle recommended
EVT440966,2026-06-26 23:51:57,Political Rally,J031,Cubbon Road,16743,Weekday,False,Clear,False,0.0,False,False,0.364,Moderate,21.0,29.1,428.2,0.27,0.623,0.976,Moderate traffic flow - standard adaptive signal timing in effect
EVT440967,2025-03-30 19:54:22,Cultural Procession,J020,Malleshwaram Circle,11516,Weekend,True,Clear,False,0.0,False,True,1.0,Severe,10.4,99.8,201.6,0.093,0.216,0.822,Road closure for event/procession - full detour recommended for through-traffic
EVT440968,2026-03-23 12:21:13,Political Rally,J040,City Market,11264,Weekday,False,Clear,False,0.0,False,False,0.235,Low,39.7,13.0,167.1,0.183,0.422,0.96,Normal free-flow traffic - standard signal timing maintained
EVT440969,2026-03-14 19:02:35,Sports Fixture,J040,City Market,16665,Weekend,False,Clear,False,0.0,False,False,0.903,Severe,12.1,63.3,161.9,0.074,0.171,0.914,Heavy congestion detected - signal timing extended and reroute suggested
EVT440970,2025-05-03 14:40:48,Local Market Day,J030,MG Road,5410,Weekend,False,Clear,False,0.0,False,False,0.388,Moderate,18.0,29.2,307.8,0.169,0.39,0.939,Moderate traffic flow - standard adaptive signal timing in effect
EVT440971,2026-02-08 09:58:50,Sports Fixture,J031,Cubbon Road,27542,Weekend,False,Clear,False,0.0,False,False,0.886,Severe,8.0,63.9,672.3,0.202,0.468,0.933,Heavy congestion detected - signal timing extended and reroute suggested
EVT440972,2025-06-12 10:36:28,Concert,J023,Basavanagudi,15838,Weekday,False,Heavy Rain,True,26.9,False,False,0.897,Severe,12.7,63.1,360.3,0.171,0.394,0.891,Heavy rain reducing visibility and grip - reduced speed and longer buffer advised
EVT440973,2025-12-06 09:08:29,Sports Fixture,J012,Koramangala Sony World,28841,Weekend,False,Clear,False,0.0,False,False,1.0,Severe,7.6,73.9,425.2,0.139,0.321,0.928,Heavy congestion detected - signal timing extended and reroute suggested
EVT440974,2025-08-27 17:14:13,Cultural Procession,J030,MG Road,25670,Weekday,True,Clear,False,0.0,False,True,1.0,Severe,7.1,94.3,819.8,0.24,0.555,0.84,Road closure for event/procession - full detour recommended for through-traffic
EVT440975,2025-01-22 14:41:53,Concert,J012,Koramangala Sony World,14462,Weekday,False,Clear,False,0.0,False,False,0.382,Moderate,30.1,20.9,116.5,0.099,0.23,0.984,Moderate traffic flow - standard adaptive signal timing in effect
EVT440976,2026-05-10 20:23:34,Concert,J012,Koramangala Sony World,8803,Weekend,False,Clear,False,0.0,False,False,0.591,High,22.1,40.6,130.9,0.093,0.215,0.97,Moderate traffic flow - standard adaptive signal timing in effect
EVT440977,2025-09-27 19:22:57,Sports Fixture,J011,Indiranagar 100ft Road,27132,Weekend,False,Clear,False,0.0,False,False,0.822,Severe,13.7,61.3,334.7,0.172,0.398,0.961,Heavy congestion detected - signal timing extended and reroute suggested
EVT440978,2025-06-20 09:49:49,Local Market Day,J040,City Market,4202,Weekday,False,Clear,False,0.0,False,False,0.862,Severe,13.0,57.1,270.9,0.121,0.28,0.948,Heavy congestion detected - signal timing extended and reroute suggested
EVT440979,2025-03-17 10:40:23,Political Rally,J020,Malleshwaram Circle,17557,Weekday,False,Clear,False,0.0,False,False,0.608,High,16.5,39.3,262.9,0.154,0.356,0.977,Moderate traffic flow - standard adaptive signal timing in effect
EVT440980,2026-03-29 13:40:13,Concert,J023,Basavanagudi,17604,Weekend,False,Light Rain,True,0.2,False,False,0.284,Low,32.4,17.3,146.6,0.133,0.308,0.891,Light rain detected - minor speed reduction advised
EVT440981,2025-05-28 18:10:43,Political Rally,J011,Indiranagar 100ft Road,19033,Weekday,False,Clear,False,0.0,False,False,1.0,Severe,7.9,71.7,1013.2,0.311,0.718,0.934,Heavy congestion detected - signal timing extended and reroute suggested
EVT440982,2025-12-28 16:30:28,Concert,J031,Cubbon Road,16501,Weekend,False,Clear,False,0.0,False,False,0.592,High,15.3,39.2,131.5,0.074,0.172,0.955,Moderate traffic flow - standard adaptive signal timing in effect
EVT440983,2025-06-26 20:21:31,Local Market Day,J023,Basavanagudi,3201,Weekday,False,Heavy Rain,True,31.5,False,False,0.899,Severe,10.6,66.5,592.4,0.249,0.575,0.876,Heavy rain reducing visibility and grip - reduced speed and longer buffer advised
EVT440984,2026-02-27 08:05:45,Sports Fixture,J040,City Market,21672,Weekday,False,Clear,False,0.0,False,False,0.961,Severe,8.9,69.5,595.4,0.222,0.514,0.919,Heavy congestion detected - signal timing extended and reroute suggested
EVT440985,2026-01-09 11:40:22,Trade Fair,J023,Basavanagudi,6095,Weekday,False,Clear,False,0.0,False,False,0.195,Low,39.7,12.7,65.7,0.077,0.177,0.948,Normal free-flow traffic - standard signal timing maintained
EVT440986,2026-06-12 08:25:13,Political Rally,J009,Majestic,8260,Weekday,False,Heavy Rain,True,27.9,False,False,1.0,Severe,9.1,66.2,645.8,0.236,0.545,0.881,Heavy rain reducing visibility and grip - reduced speed and longer buffer advised
EVT440987,2025-10-31 21:45:28,Local Market Day,J031,Cubbon Road,6905,Weekday,False,Clear,False,0.0,False,False,0.39,Moderate,26.1,31.9,168.0,0.128,0.296,0.972,Moderate traffic flow - standard adaptive signal timing in effect
EVT440988,2026-02-06 17:19:33,Local Market Day,J031,Cubbon Road,3758,Weekday,False,Rain,True,8.8,False,False,0.976,Severe,8.8,66.9,535.5,0.196,0.454,0.871,Heavy rain reducing visibility and grip - reduced speed and longer buffer advised
EVT440989,2025-07-19 17:22:30,Sports Fixture,J011,Indiranagar 100ft Road,29347,Weekend,False,Clear,False,0.0,False,False,0.849,Severe,16.6,57.9,318.0,0.177,0.409,0.927,Heavy congestion detected - signal timing extended and reroute suggested
EVT440990,2026-06-09 11:06:46,Local Market Day,J030,MG Road,2617,Weekday,False,Clear,False,0.0,False,False,0.426,Moderate,28.3,34.7,92.2,0.055,0.127,0.939,Moderate traffic flow - standard adaptive signal timing in effect
EVT440991,2025-07-30 18:27:50,Sports Fixture,J020,Malleshwaram Circle,23798,Weekday,False,Heavy Rain,True,67.4,False,False,1.0,Severe,7.7,80.5,218.5,0.094,0.217,0.867,Heavy rain reducing visibility and grip - reduced speed and longer buffer advised
EVT440992,2026-06-01 16:03:02,Trade Fair,J012,Koramangala Sony World,9938,Weekday,False,Clear,False,0.0,False,False,0.459,Moderate,24.9,31.5,171.6,0.116,0.268,0.968,Moderate traffic flow - standard adaptive signal timing in effect
EVT440993,2025-04-09 12:33:18,Sports Fixture,J031,Cubbon Road,40042,Weekday,False,Clear,False,0.0,False,False,0.443,Moderate,29.2,36.5,189.1,0.149,0.345,0.99,Moderate traffic flow - standard adaptive signal timing in effect
EVT440994,2025-11-01 09:47:13,Religious Festival,J040,City Market,53307,Weekend,True,Clear,False,0.0,False,True,1.0,Severe,9.0,98.0,538.7,0.202,0.466,0.828,Road closure for event/procession - full detour recommended for through-traffic
EVT440995,2025-10-11 12:11:42,Trade Fair,J030,MG Road,8570,Weekend,False,Clear,False,0.0,False,False,0.312,Low,31.0,24.0,81.1,0.071,0.163,0.973,Moderate traffic flow - standard adaptive signal timing in effect
EVT440996,2025-01-26 12:08:35,Cultural Procession,J031,Cubbon Road,15527,Weekend,True,Clear,False,0.0,False,True,0.585,Moderate,21.8,66.1,298.7,0.202,0.465,0.883,Road closure for event/procession - full detour recommended for through-traffic
EVT440997,2025-05-17 11:26:05,Local Market Day,J030,MG Road,4821,Weekend,False,Light Rain,True,4.3,False,False,0.438,Moderate,26.8,29.2,115.1,0.078,0.18,0.923,Light rain detected - minor speed reduction advised
EVT440998,2025-09-20 09:41:48,Trade Fair,J012,Koramangala Sony World,14899,Weekend,False,Clear,False,0.0,False,False,0.916,Severe,10.1,72.5,368.5,0.151,0.349,0.941,Heavy congestion detected - signal timing extended and reroute suggested
EVT440999,2025-08-27 21:29:19,Religious Festival,J040,City Market,37166,Weekday,True,Clear,False,0.0,False,True,0.892,High,12.2,91.1,206.9,0.115,0.266,0.88,Road closure for event/procession - full detour recommended for through-traffic
EVT441000,2026-04-23 08:21:41,Sports Fixture,J012,Koramangala Sony World,27918,Weekday,False,Clear,False,0.0,False,False,1.0,Severe,8.4,77.5,332.8,0.12,0.278,0.93,Heavy congestion detected - signal timing extended and reroute suggested
EVT441001,2026-05-30 10:29:27,Local Market Day,J030,MG Road,6374,Weekend,False,Clear,False,0.0,False,False,0.532,Moderate,18.7,34.2,225.0,0.153,0.352,0.982,Moderate traffic flow - standard adaptive signal timing in effect
EVT441002,2025-11-30 19:21:27,Local Market Day,J012,Koramangala Sony World,2864,Weekend,False,Clear,False,0.0,False,False,0.785,Severe,15.3,57.1,402.4,0.222,0.514,0.924,Heavy congestion detected - signal timing extended and reroute suggested
EVT441003,2025-10-02 07:03:39,Fireworks Display,J040,City Market,25976,Weekday,True,Heavy Rain,True,46.3,False,False,1.0,Severe,7.1,71.2,405.1,0.13,0.299,0.824,Festival crowd surge detected - alternate route and extended cycle recommended
EVT441004,2026-05-14 08:41:26,Local Market Day,J009,Majestic,4948,Weekday,False,Rain,True,9.0,False,False,1.0,Severe,8.2,69.7,529.3,0.182,0.42,0.854,Heavy rain reducing visibility and grip - reduced speed and longer buffer advised
EVT441005,2025-10-06 16:39:28,Political Rally,J012,Koramangala Sony World,28482,Weekday,False,Clear,False,0.0,False,False,0.805,Severe,13.7,51.5,373.4,0.175,0.405,0.946,Heavy congestion detected - signal timing extended and reroute suggested
EVT441006,2025-07-23 18:35:32,Concert,J040,City Market,21215,Weekday,False,Clear,False,0.0,False,False,1.0,Severe,6.5,70.0,222.8,0.08,0.186,0.919,Heavy congestion detected - signal timing extended and reroute suggested
EVT441007,2025-02-17 14:11:04,Political Rally,J009,Majestic,7884,Weekday,False,Clear,False,0.0,False,False,0.233,Low,32.5,17.8,179.7,0.167,0.386,0.979,Normal free-flow traffic - standard signal timing maintained
EVT441008,2025-09-11 18:21:28,Concert,J020,Malleshwaram Circle,16507,Weekday,False,Rain,True,13.1,False,False,1.0,Severe,7.2,68.5,746.0,0.216,0.499,0.87,Heavy rain reducing visibility and grip - reduced speed and longer buffer advised
EVT441009,2025-11-23 12:45:10,Concert,J040,City Market,18555,Weekend,False,Rain,True,8.4,False,False,0.523,Moderate,24.5,36.7,167.8,0.104,0.239,0.925,Light rain detected - minor speed reduction advised
EVT441010,2025-09-19 07:19:15,Sports Fixture,J020,Malleshwaram Circle,33448,Weekday,False,Clear,False,0.0,False,False,0.72,High,18.1,52.6,284.7,0.178,0.411,0.97,Moderate traffic flow - standard adaptive signal timing in effect
EVT441011,2025-02-07 15:06:00,Sports Fixture,J012,Koramangala Sony World,20037,Weekday,False,Clear,False,0.0,False,False,0.436,Moderate,32.1,32.8,166.6,0.131,0.302,0.974,Moderate traffic flow - standard adaptive signal timing in effect
EVT441012,2025-07-28 03:10:35,Trade Fair,J020,Malleshwaram Circle,9861,Weekday,False,Clear,False,0.0,False,False,0.179,Low,29.7,14.1,109.5,0.071,0.164,0.99,Normal free-flow traffic - standard signal timing maintained
EVT441013,2026-03-09 16:29:57,Local Market Day,J009,Majestic,2879,Weekday,False,Clear,False,0.0,False,False,0.54,Moderate,23.1,37.4,142.9,0.113,0.261,0.953,Moderate traffic flow - standard adaptive signal timing in effect
EVT441014,2025-08-26 19:19:37,Concert,J011,Indiranagar 100ft Road,11577,Weekday,False,Rain,True,18.2,False,False,1.0,Severe,9.7,65.4,430.0,0.177,0.409,0.86,Heavy rain reducing visibility and grip - reduced speed and longer buffer advised
EVT441015,2026-03-31 11:11:39,Local Market Day,J009,Majestic,6422,Weekday,False,Clear,False,0.0,False,False,0.447,Moderate,23.1,31.7,146.7,0.095,0.219,0.971,Moderate traffic flow - standard adaptive signal timing in effect
EVT441016,2025-03-12 19:15:16,Local Market Day,J023,Basavanagudi,8835,Weekday,False,Clear,False,0.0,False,False,1.0,Severe,8.0,69.2,629.4,0.194,0.448,0.895,Heavy congestion detected - signal timing extended and reroute suggested
EVT441017,2025-06-07 11:45:04,Trade Fair,J012,Koramangala Sony World,7108,Weekend,False,Fog,False,0.0,False,False,0.409,Moderate,23.7,30.8,218.0,0.157,0.362,0.977,Moderate traffic flow - standard adaptive signal timing in effect
EVT441018,2026-04-03 06:54:55,Sports Fixture,J030,MG Road,14694,Weekday,False,Clear,False,0.0,False,False,0.469,Moderate,24.3,40.3,237.6,0.162,0.374,0.99,Moderate traffic flow - standard adaptive signal timing in effect
EVT441019,2026-03-26 22:02:52,Religious Festival,J031,Cubbon Road,32007,Weekday,True,Clear,False,0.0,False,True,0.746,High,15.7,81.2,333.3,0.188,0.435,0.883,Road closure for event/procession - full detour recommended for through-traffic
EVT441020,2026-03-06 16:13:29,Concert,J031,Cubbon Road,7402,Weekday,False,Clear,False,0.0,False,False,0.512,Moderate,24.0,38.0,172.6,0.12,0.278,0.985,Moderate traffic flow - standard adaptive signal timing in effect
EVT441021,2025-05-09 06:58:52,Local Market Day,J012,Koramangala Sony World,4779,Weekday,False,Light Rain,True,1.2,False,False,0.547,Moderate,26.7,40.7,185.3,0.155,0.358,0.923,Light rain detected - minor speed reduction advised
EVT441022,2026-03-20 10:38:07,Religious Festival,J012,Koramangala Sony World,38514,Weekday,True,Clear,False,0.0,False,False,0.968,Severe,7.4,66.7,366.1,0.108,0.248,0.87,Festival crowd surge detected - alternate route and extended cycle recommended
EVT441023,2025-03-16 12:02:21,Trade Fair,J009,Majestic,4495,Weekend,False,Clear,False,0.0,False,False,0.27,Low,29.3,14.1,143.9,0.133,0.308,0.954,Moderate traffic flow - standard adaptive signal timing in effect
EVT441024,2025-08-02 13:47:29,Sports Fixture,J031,Cubbon Road,23284,Weekend,False,Rain,True,19.1,False,False,0.606,High,23.7,45.6,208.0,0.171,0.394,0.93,Heavy rain reducing visibility and grip - reduced speed and longer buffer advised
EVT441025,2025-08-30 18:56:16,Political Rally,J020,Malleshwaram Circle,12573,Weekend,False,Rain,True,22.4,False,False,1.0,Severe,7.9,72.6,535.4,0.171,0.394,0.892,Heavy rain reducing visibility and grip - reduced speed and longer buffer advised
EVT441026,2025-12-15 20:00:14,Trade Fair,J020,Malleshwaram Circle,8812,Weekday,False,Clear,False,0.0,False,False,0.754,Severe,13.9,51.7,276.0,0.146,0.338,0.979,Heavy congestion detected - signal timing extended and reroute suggested
EVT441027,2025-05-30 07:15:37,Trade Fair,J040,City Market,9218,Weekday,False,Clear,False,0.0,False,False,0.513,Moderate,27.8,40.6,76.7,0.059,0.135,0.986,Moderate traffic flow - standard adaptive signal timing in effect
EVT441028,2025-10-31 17:44:33,Concert,J020,Malleshwaram Circle,11267,Weekday,False,Clear,False,0.0,False,False,0.931,Severe,11.0,69.6,461.1,0.186,0.43,0.941,Heavy congestion detected - signal timing extended and reroute suggested
EVT441029,2026-03-26 17:57:53,Religious Festival,J012,Koramangala Sony World,41056,Weekday,True,Fog,False,0.0,False,True,1.0,Severe,8.6,97.7,656.3,0.226,0.522,0.847,Road closure for event/procession - full detour recommended for through-traffic
EVT441030,2025-11-12 08:10:28,Concert,J023,Basavanagudi,14060,Weekday,False,Heavy Rain,True,27.7,False,False,1.0,Severe,9.8,76.1,415.8,0.18,0.416,0.86,Heavy rain reducing visibility and grip - reduced speed and longer buffer advised
EVT441031,2025-10-02 09:41:59,Religious Festival,J031,Cubbon Road,38383,Weekday,True,Clear,False,0.0,False,False,1.0,Severe,10.7,70.0,381.1,0.177,0.41,0.865,Festival crowd surge detected - alternate route and extended cycle recommended
EVT441032,2026-01-04 06:55:42,Sports Fixture,J012,Koramangala Sony World,37637,Weekend,False,Clear,False,0.0,False,False,0.6,High,21.9,41.4,128.5,0.083,0.193,0.981,Moderate traffic flow - standard adaptive signal timing in effect
EVT441033,2025-02-26 20:50:47,Local Market Day,J023,Basavanagudi,4923,Weekday,False,Clear,False,0.0,False,False,0.4,Moderate,28.0,33.6,106.0,0.078,0.181,0.99,Moderate traffic flow - standard adaptive signal timing in effect
EVT441034,2025-09-06 23:15:30,Fireworks Display,J012,Koramangala Sony World,39455,Weekend,True,Clear,False,0.0,False,False,0.704,High,21.4,52.8,196.9,0.107,0.246,0.915,Festival crowd surge detected - alternate route and extended cycle recommended
EVT441035,2026-04-25 08:26:33,Concert,J023,Basavanagudi,11164,Weekend,False,Clear,False,0.0,False,False,0.843,Severe,12.4,54.1,351.0,0.164,0.379,0.935,Heavy congestion detected - signal timing extended and reroute suggested
EVT441036,2026-01-16 17:46:57,Trade Fair,J012,Koramangala Sony World,8516,Weekday,False,Clear,False,0.0,False,False,0.962,Severe,10.8,71.6,651.2,0.275,0.636,0.93,Heavy congestion detected - signal timing extended and reroute suggested
EVT441037,2025-04-05 06:09:48,Local Market Day,J009,Majestic,3666,Weekend,False,Clear,False,0.0,False,False,0.303,Low,31.6,23.9,92.3,0.058,0.134,0.96,Moderate traffic flow - standard adaptive signal timing in effect
EVT441038,2025-09-02 15:28:24,Trade Fair,J011,Indiranagar 100ft Road,11905,Weekday,False,Clear,False,0.0,False,False,0.447,Moderate,20.4,23.4,363.4,0.217,0.501,0.986,Moderate traffic flow - standard adaptive signal timing in effect
EVT441039,2026-04-04 19:15:35,Local Market Day,J031,Cubbon Road,3347,Weekend,False,Clear,False,0.0,False,False,0.812,Severe,14.6,54.9,386.9,0.216,0.498,0.98,Heavy congestion detected - signal timing extended and reroute suggested
EVT441040,2026-04-27 06:21:19,Local Market Day,J012,Koramangala Sony World,3230,Weekday,False,Clear,False,0.0,False,False,0.269,Low,38.8,26.8,96.6,0.09,0.209,0.969,Moderate traffic flow - standard adaptive signal timing in effect
EVT441041,2025-03-24 18:14:09,Sports Fixture,J011,Indiranagar 100ft Road,24435,Weekday,False,Clear,False,0.0,False,False,1.0,Severe,7.5,69.7,332.8,0.125,0.289,0.907,Heavy congestion detected - signal timing extended and reroute suggested
EVT441042,2025-07-01 09:24:10,Local Market Day,J009,Majestic,4274,Weekday,False,Clear,False,0.0,False,False,0.954,Severe,13.4,65.7,279.0,0.137,0.316,0.931,Heavy congestion detected - signal timing extended and reroute suggested
EVT441043,2026-05-23 18:32:22,Local Market Day,J031,Cubbon Road,4227,Weekend,False,Clear,False,0.0,False,False,0.85,Severe,12.1,61.9,497.9,0.232,0.537,0.957,Heavy congestion detected - signal timing extended and reroute suggested
EVT441044,2025-04-30 15:02:10,Trade Fair,J031,Cubbon Road,7058,Weekday,False,Clear,False,0.0,False,False,0.241,Low,27.9,18.1,202.3,0.161,0.373,0.967,Normal free-flow traffic - standard signal timing maintained
EVT441045,2025-03-03 08:46:41,Sports Fixture,J011,Indiranagar 100ft Road,30423,Weekday,False,Clear,False,0.0,False,False,1.0,Severe,7.3,65.2,209.7,0.066,0.152,0.9,Heavy congestion detected - signal timing extended and reroute suggested
EVT441046,2026-04-19 17:57:20,Trade Fair,J040,City Market,9012,Weekend,False,Clear,False,0.0,False,False,0.856,Severe,11.9,60.5,435.4,0.185,0.427,0.93,Heavy congestion detected - signal timing extended and reroute suggested
EVT441047,2025-05-19 15:49:53,Local Market Day,J030,MG Road,5123,Weekday,False,Clear,False,0.0,False,False,0.372,Moderate,33.2,29.5,105.8,0.099,0.228,0.948,Moderate traffic flow - standard adaptive signal timing in effect
EVT441048,2025-09-08 19:48:14,Trade Fair,J023,Basavanagudi,10101,Weekday,False,Rain,True,21.5,False,False,1.0,Severe,9.3,73.8,652.6,0.231,0.535,0.87,Heavy rain reducing visibility and grip - reduced speed and longer buffer advised
EVT441049,2026-06-25 19:17:30,Trade Fair,J012,Koramangala Sony World,6073,Weekday,False,Clear,False,0.0,False,False,0.937,Severe,11.3,70.9,453.9,0.187,0.431,0.919,Heavy congestion detected - signal timing extended and reroute suggested
EVT441050,2025-11-10 22:15:13,Trade Fair,J012,Koramangala Sony World,10073,Weekday,False,Clear,False,0.0,False,False,0.283,Low,27.5,18.8,155.3,0.117,0.271,0.976,Moderate traffic flow - standard adaptive signal timing in effect
EVT441051,2026-02-04 19:39:40,Trade Fair,J009,Majestic,7461,Weekday,False,Clear,False,0.0,False,False,0.9,Severe,11.9,61.0,328.9,0.139,0.321,0.946,Heavy congestion detected - signal timing extended and reroute suggested
EVT441052,2025-07-04 17:43:05,Sports Fixture,J040,City Market,11895,Weekday,False,Heavy Rain,True,39.0,False,False,1.0,Severe,7.6,71.2,219.6,0.085,0.196,0.885,Heavy rain reducing visibility and grip - reduced speed and longer buffer advised
EVT441053,2026-06-28 16:55:33,Local Market Day,J040,City Market,4771,Weekend,False,Clear,False,0.0,False,False,0.642,High,20.2,47.1,119.1,0.068,0.156,0.939,Moderate traffic flow - standard adaptive signal timing in effect
EVT441054,2026-06-20 14:54:03,Concert,J023,Basavanagudi,19278,Weekend,False,Rain,True,20.5,False,False,0.581,High,25.9,41.9,153.2,0.097,0.223,0.928,Heavy rain reducing visibility and grip - reduced speed and longer buffer advised
EVT441055,2026-06-24 14:41:15,Local Market Day,J009,Majestic,5573,Weekday,False,Clear,False,0.0,False,False,0.275,Low,32.2,15.6,147.9,0.12,0.276,0.951,Moderate traffic flow - standard adaptive signal timing in effect
EVT441056,2025-05-31 18:11:09,Political Rally,J009,Majestic,19380,Weekend,False,Rain,True,7.5,False,False,1.0,Severe,6.8,76.1,238.1,0.087,0.2,0.847,Heavy rain reducing visibility and grip - reduced speed and longer buffer advised
EVT441057,2026-01-24 11:36:35,Concert,J009,Majestic,8691,Weekend,False,Clear,False,0.0,False,False,0.504,Moderate,25.0,40.3,165.6,0.113,0.262,0.982,Moderate traffic flow - standard adaptive signal timing in effect
EVT441058,2026-04-29 18:44:51,Concert,J030,MG Road,10610,Weekday,False,Clear,False,0.0,False,False,1.0,Severe,7.5,77.2,971.7,0.292,0.674,0.911,Heavy congestion detected - signal timing extended and reroute suggested
EVT441059,2025-12-07 10:53:50,Local Market Day,J031,Cubbon Road,4520,Weekend,False,Clear,False,0.0,False,False,0.496,Moderate,29.4,32.3,167.0,0.162,0.374,0.984,Moderate traffic flow - standard adaptive signal timing in effect
EVT441060,2025-08-17 19:30:48,Concert,J009,Majestic,9471,Weekend,False,Rain,True,13.5,True,False,1.0,Severe,9.6,71.7,498.7,0.181,0.417,0.702,Accident detected nearby - reroute and reduced speed advised
EVT441061,2026-05-13 13:02:31,Local Market Day,J030,MG Road,3662,Weekday,False,Clear,False,0.0,False,False,0.191,Low,33.7,12.6,153.4,0.115,0.266,0.98,Normal free-flow traffic - standard signal timing maintained
EVT441062,2025-07-10 08:26:06,Local Market Day,J009,Majestic,4470,Weekday,False,Rain,True,13.1,False,False,1.0,Severe,7.8,71.7,755.3,0.241,0.556,0.877,Heavy rain reducing visibility and grip - reduced speed and longer buffer advised
EVT441063,2025-08-30 15:50:36,Concert,J031,Cubbon Road,10291,Weekend,False,Rain,True,12.6,False,False,0.638,High,17.1,47.6,246.3,0.126,0.29,0.899,Heavy rain reducing visibility and grip - reduced speed and longer buffer advised
EVT441064,2026-02-14 15:32:05,Local Market Day,J011,Indiranagar 100ft Road,3786,Weekend,False,Clear,False,0.0,False,False,0.376,Moderate,28.8,31.7,197.3,0.146,0.338,0.974,Moderate traffic flow - standard adaptive signal timing in effect
EVT441065,2026-01-09 16:26:45,Sports Fixture,J009,Majestic,18545,Weekday,False,Clear,False,0.0,False,False,0.622,High,19.1,40.4,276.1,0.167,0.387,0.964,Moderate traffic flow - standard adaptive signal timing in effect
EVT441066,2026-06-29 18:33:59,Trade Fair,J040,City Market,6315,Weekday,False,Clear,False,0.0,False,False,1.0,Severe,7.2,71.6,1319.9,0.361,0.834,0.919,Heavy congestion detected - signal timing extended and reroute suggested
EVT441067,2026-02-23 09:37:46,Sports Fixture,J030,MG Road,32483,Weekday,False,Clear,False,0.0,False,False,1.0,Severe,9.3,70.8,335.7,0.133,0.308,0.924,Heavy congestion detected - signal timing extended and reroute suggested
EVT441068,2026-04-02 06:47:52,Local Market Day,J009,Majestic,6177,Weekday,False,Clear,False,0.0,False,False,0.361,Moderate,26.6,25.1,186.0,0.139,0.322,0.96,Moderate traffic flow - standard adaptive signal timing in effect
EVT441069,2026-01-01 09:44:11,Cultural Procession,J012,Koramangala Sony World,20549,Weekday,True,Clear,False,0.0,False,False,1.0,Severe,8.7,73.0,595.1,0.221,0.511,0.875,Festival crowd surge detected - alternate route and extended cycle recommended
EVT441070,2025-10-06 13:10:51,Concert,J020,Malleshwaram Circle,29084,Weekday,False,Rain,True,10.1,False,False,0.544,Moderate,15.9,42.5,342.2,0.162,0.374,0.926,Light rain detected - minor speed reduction advised
EVT441071,2025-07-25 18:43:00,Trade Fair,J023,Basavanagudi,9392,Weekday,False,Clear,False,0.0,False,False,1.0,Severe,8.4,74.2,759.0,0.243,0.561,0.916,Heavy congestion detected - signal timing extended and reroute suggested
EVT441072,2026-05-22 17:35:54,Sports Fixture,J011,Indiranagar 100ft Road,29393,Weekday,False,Clear,False,0.0,False,False,0.947,Severe,10.7,62.4,349.0,0.145,0.336,0.909,Heavy congestion detected - signal timing extended and reroute suggested
EVT441073,2025-01-15 18:49:18,Religious Festival,J031,Cubbon Road,51346,Weekday,True,Clear,False,0.0,False,True,1.0,Severe,8.4,94.5,438.9,0.181,0.417,0.823,Road closure for event/procession - full detour recommended for through-traffic
EVT441074,2025-04-01 19:27:49,Political Rally,J040,City Market,13972,Weekday,False,Clear,False,0.0,False,False,0.961,Severe,8.6,64.1,591.6,0.222,0.512,0.924,Heavy congestion detected - signal timing extended and reroute suggested
EVT441075,2025-01-18 09:43:15,Sports Fixture,J012,Koramangala Sony World,18755,Weekend,False,Light Rain,True,2.1,False,False,0.991,Severe,8.3,75.1,602.5,0.226,0.521,0.857,Heavy rain reducing visibility and grip - reduced speed and longer buffer advised
EVT441076,2025-04-18 09:00:18,Political Rally,J031,Cubbon Road,13009,Weekday,False,Clear,False,0.0,False,False,1.0,Severe,9.6,69.4,498.0,0.201,0.464,0.913,Heavy congestion detected - signal timing extended and reroute suggested
EVT441077,2025-10-11 16:37:44,Sports Fixture,J011,Indiranagar 100ft Road,25774,Weekend,False,Clear,False,0.0,False,False,0.621,High,21.5,48.9,184.4,0.102,0.236,0.937,Moderate traffic flow - standard adaptive signal timing in effect
EVT441078,2025-05-30 18:35:59,Concert,J023,Basavanagudi,17864,Weekday,False,Clear,False,0.0,False,False,1.0,Severe,7.2,72.9,675.3,0.196,0.452,0.91,Heavy congestion detected - signal timing extended and reroute suggested
EVT441079,2025-09-12 08:20:45,Concert,J009,Majestic,8606,Weekday,False,Clear,False,0.0,False,False,0.889,Severe,12.6,55.1,426.8,0.201,0.464,0.944,Heavy congestion detected - signal timing extended and reroute suggested
EVT441080,2025-12-27 20:12:16,Local Market Day,J031,Cubbon Road,2979,Weekend,False,Clear,False,0.0,False,False,0.513,Moderate,24.1,40.8,169.1,0.121,0.281,0.956,Moderate traffic flow - standard adaptive signal timing in effect
EVT441081,2025-07-08 19:19:16,Concert,J012,Koramangala Sony World,11446,Weekday,False,Clear,False,0.0,False,False,0.983,Severe,10.2,69.8,402.9,0.151,0.349,0.927,Heavy congestion detected - signal timing extended and reroute suggested
EVT441082,2026-06-13 18:58:13,Trade Fair,J020,Malleshwaram Circle,8222,Weekend,False,Clear,False,0.0,False,False,0.864,Severe,11.3,60.1,404.3,0.187,0.432,0.938,Heavy congestion detected - signal timing extended and reroute suggested
EVT441083,2026-04-01 11:01:56,Trade Fair,J030,MG Road,5311,Weekday,False,Clear,False,0.0,False,False,0.439,Moderate,29.6,41.7,130.6,0.081,0.187,0.982,Moderate traffic flow - standard adaptive signal timing in effect
EVT441084,2025-01-21 23:28:30,Local Market Day,J030,MG Road,4907,Weekday,False,Clear,False,0.0,False,False,0.122,Low,33.3,8.1,77.7,0.062,0.142,0.989,Normal free-flow traffic - standard signal timing maintained
EVT441085,2026-01-19 07:30:41,Trade Fair,J031,Cubbon Road,16960,Weekday,False,Clear,False,0.0,False,False,0.753,Severe,20.5,48.0,221.4,0.134,0.31,0.99,Heavy congestion detected - signal timing extended and reroute suggested
EVT441086,2025-12-18 18:56:48,Local Market Day,J020,Malleshwaram Circle,2840,Weekday,False,Clear,False,0.0,False,False,0.898,Severe,10.6,66.3,461.2,0.187,0.431,0.943,Heavy congestion detected - signal timing extended and reroute suggested
EVT441087,2025-06-16 18:31:58,Sports Fixture,J031,Cubbon Road,27092,Weekday,False,Heavy Rain,True,33.8,False,False,1.0,Severe,8.5,79.9,811.0,0.301,0.696,0.862,Heavy rain reducing visibility and grip - reduced speed and longer buffer advised
EVT441088,2025-02-28 19:28:43,Local Market Day,J023,Basavanagudi,12943,Weekday,False,Clear,False,0.0,False,False,0.919,Severe,12.2,64.0,290.3,0.123,0.285,0.917,Heavy congestion detected - signal timing extended and reroute suggested
EVT441089,2026-02-13 19:50:24,Sports Fixture,J031,Cubbon Road,29526,Weekday,False,Clear,False,0.0,False,False,0.891,Severe,12.3,62.1,351.4,0.187,0.433,0.978,Heavy congestion detected - signal timing extended and reroute suggested
EVT441090,2025-01-04 14:18:44,Concert,J009,Majestic,10326,Weekend,False,Clear,False,0.0,False,False,0.287,Low,26.8,19.8,183.7,0.134,0.311,0.947,Moderate traffic flow - standard adaptive signal timing in effect
EVT441091,2025-04-23 20:20:43,Sports Fixture,J009,Majestic,32244,Weekday,False,Clear,False,0.0,False,False,0.768,Severe,15.2,47.4,187.0,0.097,0.225,0.978,Heavy congestion detected - signal timing extended and reroute suggested
EVT441092,2025-09-04 12:55:38,Trade Fair,J040,City Market,9568,Weekday,False,Clear,False,0.0,False,False,0.142,Low,32.7,6.6,96.6,0.068,0.157,0.959,Normal free-flow traffic - standard signal timing maintained
EVT441093,2025-10-07 15:47:52,Concert,J023,Basavanagudi,14299,Weekday,False,Heavy Rain,True,44.3,False,False,0.867,Severe,12.8,67.6,377.5,0.2,0.462,0.889,Heavy rain reducing visibility and grip - reduced speed and longer buffer advised
EVT441094,2025-07-23 22:30:25,Concert,J009,Majestic,8707,Weekday,False,Fog,False,0.0,False,False,0.26,Low,36.6,16.5,137.7,0.133,0.308,0.962,Moderate traffic flow - standard adaptive signal timing in effect
EVT441095,2025-02-19 20:27:19,Trade Fair,J031,Cubbon Road,8517,Weekday,False,Clear,False,0.0,False,False,0.617,High,19.1,41.2,315.5,0.192,0.442,0.976,Moderate traffic flow - standard adaptive signal timing in effect
EVT441096,2025-03-14 22:22:20,Religious Festival,J023,Basavanagudi,53443,Weekday,True,Clear,False,0.0,False,True,0.882,High,11.6,78.8,490.9,0.199,0.46,0.885,Road closure for event/procession - full detour recommended for through-traffic
EVT441097,2025-07-15 19:07:37,Trade Fair,J011,Indiranagar 100ft Road,9201,Weekday,False,Clear,False,0.0,False,False,1.0,Severe,7.7,69.9,226.5,0.067,0.155,0.919,Heavy congestion detected - signal timing extended and reroute suggested
EVT441098,2025-04-08 14:46:30,Local Market Day,J011,Indiranagar 100ft Road,1804,Weekday,False,Clear,False,0.0,False,False,0.136,Low,40.2,20.0,138.4,0.122,0.282,0.966,Normal free-flow traffic - standard signal timing maintained
EVT441099,2025-04-11 11:57:33,Trade Fair,J023,Basavanagudi,16563,Weekday,False,Clear,False,0.0,False,False,0.345,Low,25.0,26.1,233.5,0.151,0.349,0.938,Moderate traffic flow - standard adaptive signal timing in effect
EVT441100,2025-09-05 19:11:28,Religious Festival,J011,Indiranagar 100ft Road,60479,Weekday,True,Clear,False,0.0,False,True,1.0,Severe,9.5,101.2,654.1,0.238,0.55,0.836,Road closure for event/procession - full detour recommended for through-traffic
EVT441101,2025-11-26 07:09:34,Local Market Day,J009,Majestic,3340,Weekday,False,Clear,False,0.0,False,False,0.515,Moderate,18.5,35.2,305.0,0.177,0.408,0.989,Moderate traffic flow - standard adaptive signal timing in effect
EVT441102,2025-02-03 19:27:29,Concert,J009,Majestic,7121,Weekday,False,Clear,False,0.0,False,False,0.897,Severe,11.4,66.9,447.0,0.187,0.432,0.931,Heavy congestion detected - signal timing extended and reroute suggested
EVT441103,2026-04-04 17:14:54,Concert,J030,MG Road,9347,Weekend,False,Clear,False,0.0,False,False,0.679,High,18.8,53.1,175.2,0.116,0.269,0.941,Moderate traffic flow - standard adaptive signal timing in effect
EVT441104,2025-10-27 20:16:00,Trade Fair,J012,Koramangala Sony World,10777,Weekday,False,Clear,False,0.0,False,False,0.635,High,19.5,46.1,319.0,0.203,0.469,0.978,Moderate traffic flow - standard adaptive signal timing in effect
EVT441105,2025-03-13 17:15:10,Political Rally,J012,Koramangala Sony World,15643,Weekday,False,Clear,False,0.0,False,False,0.879,Severe,7.2,61.1,949.8,0.247,0.57,0.935,Heavy congestion detected - signal timing extended and reroute suggested
EVT441106,2026-02-16 11:25:54,Sports Fixture,J012,Koramangala Sony World,19319,Weekday,False,Clear,False,0.0,False,False,0.412,Moderate,29.7,27.0,69.4,0.054,0.125,0.986,Moderate traffic flow - standard adaptive signal timing in effect
EVT441107,2025-05-06 16:43:41,Sports Fixture,J031,Cubbon Road,21971,Weekday,False,Rain,True,23.5,False,False,1.0,Severe,8.0,74.0,636.6,0.217,0.501,0.886,Heavy rain reducing visibility and grip - reduced speed and longer buffer advised
EVT441108,2025-04-13 10:06:24,Sports Fixture,J040,City Market,20222,Weekend,False,Clear,False,0.0,False,False,0.861,Severe,17.9,62.5,172.0,0.109,0.252,0.97,Heavy congestion detected - signal timing extended and reroute suggested
EVT441109,2025-05-22 13:17:29,Local Market Day,J030,MG Road,5658,Weekday,False,Clear,False,0.0,False,False,0.205,Low,38.5,16.2,103.6,0.088,0.202,0.952,Normal free-flow traffic - standard signal timing maintained
EVT441110,2025-06-18 06:10:19,Local Market Day,J040,City Market,4226,Weekday,False,Clear,False,0.0,False,False,0.254,Low,29.6,13.4,93.0,0.069,0.159,0.96,Moderate traffic flow - standard adaptive signal timing in effect
EVT441111,2025-11-07 12:20:39,Concert,J030,MG Road,5619,Weekday,False,Light Rain,True,3.7,False,False,0.224,Low,34.7,14.6,138.1,0.129,0.298,0.893,Light rain detected - minor speed reduction advised
EVT441112,2025-05-30 07:09:18,Sports Fixture,J030,MG Road,21754,Weekday,False,Clear,False,0.0,False,False,0.684,High,14.4,44.7,460.7,0.211,0.487,0.99,Moderate traffic flow - standard adaptive signal timing in effect
EVT441113,2025-03-12 06:49:27,Trade Fair,J031,Cubbon Road,13091,Weekday,False,Clear,False,0.0,False,False,0.409,Moderate,23.1,29.5,127.7,0.07,0.161,0.974,Moderate traffic flow - standard adaptive signal timing in effect
EVT441114,2025-07-07 08:17:36,Local Market Day,J030,MG Road,3087,Weekday,False,Heavy Rain,True,51.3,False,False,1.0,Severe,9.0,73.6,412.9,0.159,0.368,0.848,Heavy rain reducing visibility and grip - reduced speed and longer buffer advised
EVT441115,2025-01-05 16:15:17,Political Rally,J031,Cubbon Road,10347,Weekend,False,Clear,False,0.0,False,False,0.401,Moderate,26.5,30.0,164.4,0.128,0.296,0.938,Moderate traffic flow - standard adaptive signal timing in effect
EVT441116,2026-05-22 09:14:41,Political Rally,J020,Malleshwaram Circle,17679,Weekday,False,Fog,False,0.0,False,False,1.0,Severe,7.0,72.9,1025.5,0.291,0.673,0.917,Heavy congestion detected - signal timing extended and reroute suggested
EVT441117,2025-08-17 18:18:21,Concert,J012,Koramangala Sony World,9786,Weekend,False,Clear,False,0.0,False,False,0.891,Severe,13.6,65.4,539.5,0.262,0.604,0.963,Heavy congestion detected - signal timing extended and reroute suggested
EVT441118,2025-11-08 05:18:01,Political Rally,J011,Indiranagar 100ft Road,13614,Weekend,False,Clear,False,0.0,False,False,0.374,Moderate,24.3,26.6,172.3,0.119,0.274,0.969,Moderate traffic flow - standard adaptive signal timing in effect
EVT441119,2026-01-18 17:43:43,Local Market Day,J012,Koramangala Sony World,4851,Weekend,False,Clear,False,0.0,False,False,0.825,Severe,12.3,59.2,316.3,0.147,0.34,0.971,Heavy congestion detected - signal timing extended and reroute suggested
EVT441120,2025-04-23 19:49:22,Local Market Day,J040,City Market,3456,Weekday,False,Clear,False,0.0,False,False,0.795,Severe,17.0,49.2,204.5,0.122,0.281,0.934,Heavy congestion detected - signal timing extended and reroute suggested
EVT441121,2026-04-02 22:17:39,Political Rally,J020,Malleshwaram Circle,14365,Weekday,False,Clear,False,0.0,False,False,0.306,Low,31.9,20.3,169.4,0.149,0.344,0.938,Moderate traffic flow - standard adaptive signal timing in effect
EVT441122,2026-02-27 06:41:46,Trade Fair,J023,Basavanagudi,12874,Weekday,False,Clear,False,0.0,False,False,0.472,Moderate,20.8,34.9,166.4,0.106,0.245,0.971,Moderate traffic flow - standard adaptive signal timing in effect
EVT441123,2026-04-02 19:52:29,Trade Fair,J020,Malleshwaram Circle,6944,Weekday,False,Clear,False,0.0,False,False,0.806,Severe,16.2,60.9,463.2,0.272,0.627,0.945,Heavy congestion detected - signal timing extended and reroute suggested
EVT441124,2025-04-17 14:18:17,Sports Fixture,J020,Malleshwaram Circle,15293,Weekday,False,Clear,False,0.0,False,False,0.25,Low,27.7,22.2,139.8,0.103,0.239,0.947,Normal free-flow traffic - standard signal timing maintained
EVT441125,2025-01-07 06:31:43,Concert,J040,City Market,13352,Weekday,False,Clear,False,0.0,False,False,0.336,Low,30.8,25.6,196.5,0.17,0.392,0.973,Moderate traffic flow - standard adaptive signal timing in effect
EVT441126,2025-01-02 15:53:20,Local Market Day,J011,Indiranagar 100ft Road,5094,Weekday,False,Clear,False,0.0,False,False,0.37,Moderate,30.3,27.7,108.0,0.089,0.205,0.99,Moderate traffic flow - standard adaptive signal timing in effect
EVT441127,2025-01-24 15:35:56,Local Market Day,J023,Basavanagudi,2885,Weekday,False,Fog,False,0.0,False,False,0.355,Moderate,30.5,19.8,149.8,0.128,0.297,0.972,Moderate traffic flow - standard adaptive signal timing in effect
EVT441128,2026-05-31 05:12:46,Trade Fair,J012,Koramangala Sony World,21375,Weekend,False,Clear,False,0.0,False,False,0.353,Moderate,28.4,27.0,180.4,0.131,0.304,0.963,Moderate traffic flow - standard adaptive signal timing in effect
EVT441129,2025-09-06 09:06:30,Cultural Procession,J009,Majestic,28765,Weekend,True,Heavy Rain,True,26.0,False,False,1.0,Severe,9.3,67.9,455.3,0.179,0.414,0.807,Festival crowd surge detected - alternate route and extended cycle recommended
EVT441130,2025-08-30 11:58:50,Political Rally,J040,City Market,13712,Weekend,False,Clear,False,0.0,False,False,0.281,Low,30.4,24.3,84.3,0.053,0.122,0.958,Moderate traffic flow - standard adaptive signal timing in effect
EVT441131,2025-03-12 09:29:39,Sports Fixture,J009,Majestic,9446,Weekday,False,Clear,False,0.0,False,False,1.0,Severe,9.3,68.0,349.7,0.141,0.325,0.923,Heavy congestion detected - signal timing extended and reroute suggested
EVT441132,2025-06-07 11:55:48,Local Market Day,J030,MG Road,3941,Weekend,False,Clear,False,0.0,False,False,0.309,Low,31.6,24.4,153.0,0.124,0.287,0.978,Moderate traffic flow - standard adaptive signal timing in effect
EVT441133,2025-08-08 09:31:50,Local Market Day,J030,MG Road,1977,Weekday,False,Rain,True,10.8,False,False,1.0,Severe,9.4,73.6,238.4,0.083,0.192,0.86,Heavy rain reducing visibility and grip - reduced speed and longer buffer advised
EVT441134,2025-07-11 11:50:49,Concert,J030,MG Road,12302,Weekday,False,Rain,True,11.9,False,False,0.482,Moderate,21.3,32.3,203.0,0.135,0.311,0.908,Light rain detected - minor speed reduction advised
EVT441135,2025-09-10 18:57:45,Sports Fixture,J020,Malleshwaram Circle,20841,Weekday,False,Rain,True,22.0,False,False,1.0,Severe,9.3,77.3,488.9,0.174,0.402,0.867,Heavy rain reducing visibility and grip - reduced speed and longer buffer advised
EVT441136,2025-02-05 11:39:53,Political Rally,J009,Majestic,14840,Weekday,False,Clear,False,0.0,False,False,0.408,Moderate,25.1,33.8,200.4,0.135,0.312,0.951,Moderate traffic flow - standard adaptive signal timing in effect
EVT441137,2025-01-19 22:43:28,Sports Fixture,J030,MG Road,17510,Weekend,False,Clear,False,0.0,False,False,0.316,Low,30.3,18.6,167.4,0.16,0.37,0.99,Moderate traffic flow - standard adaptive signal timing in effect
EVT441138,2025-12-25 20:26:54,Fireworks Display,J023,Basavanagudi,21540,Weekday,True,Clear,False,0.0,False,False,0.921,Severe,9.0,65.7,467.1,0.178,0.411,0.896,Festival crowd surge detected - alternate route and extended cycle recommended
EVT441139,2025-09-05 19:33:59,Cultural Procession,J030,MG Road,15158,Weekday,True,Heavy Rain,True,25.5,False,True,1.0,Severe,8.3,107.2,659.9,0.226,0.522,0.772,Road closure for event/procession - full detour recommended for through-traffic
EVT441140,2026-03-11 07:21:11,Local Market Day,J012,Koramangala Sony World,4717,Weekday,False,Clear,False,0.0,False,False,0.579,High,22.7,37.2,204.7,0.118,0.273,0.953,Moderate traffic flow - standard adaptive signal timing in effect
EVT441141,2025-05-01 21:18:28,Cultural Procession,J012,Koramangala Sony World,24054,Weekday,True,Clear,False,0.0,False,True,0.857,High,15.6,84.7,529.3,0.293,0.676,0.894,Road closure for event/procession - full detour recommended for through-traffic
EVT441142,2025-05-08 19:50:25,Local Market Day,J012,Koramangala Sony World,4386,Weekday,False,Clear,False,0.0,False,False,0.753,Severe,19.1,54.1,254.0,0.175,0.405,0.99,Heavy congestion detected - signal timing extended and reroute suggested
EVT441143,2025-05-25 14:24:09,Trade Fair,J020,Malleshwaram Circle,6385,Weekend,False,Clear,False,0.0,False,False,0.344,Low,28.6,24.4,205.9,0.138,0.318,0.956,Moderate traffic flow - standard adaptive signal timing in effect
EVT441144,2025-05-12 18:28:45,Local Market Day,J012,Koramangala Sony World,3460,Weekday,False,Clear,False,0.0,False,False,1.0,Severe,6.7,70.2,1044.7,0.266,0.614,0.912,Heavy congestion detected - signal timing extended and reroute suggested
EVT441145,2025-06-01 15:58:01,Concert,J012,Koramangala Sony World,9600,Weekend,False,Clear,False,0.0,False,False,0.457,Moderate,22.6,32.3,244.4,0.162,0.374,0.976,Moderate traffic flow - standard adaptive signal timing in effect
EVT441146,2025-09-02 18:08:47,Local Market Day,J011,Indiranagar 100ft Road,3631,Weekday,False,Clear,False,0.0,False,False,0.945,Severe,10.8,72.3,438.9,0.164,0.379,0.923,Heavy congestion detected - signal timing extended and reroute suggested
EVT441147,2025-12-14 18:23:59,Concert,J023,Basavanagudi,15260,Weekend,False,Clear,False,0.0,False,False,0.808,Severe,16.5,52.0,333.2,0.204,0.471,0.958,Heavy congestion detected - signal timing extended and reroute suggested
EVT441148,2026-05-20 20:56:15,Concert,J009,Majestic,9585,Weekday,False,Clear,False,0.0,False,False,0.467,Moderate,26.4,37.2,138.8,0.094,0.218,0.922,Moderate traffic flow - standard adaptive signal timing in effect
EVT441149,2025-06-22 12:25:11,Concert,J012,Koramangala Sony World,20147,Weekend,False,Heavy Rain,True,32.1,False,False,0.726,High,17.8,51.0,301.9,0.188,0.435,0.919,Heavy rain reducing visibility and grip - reduced speed and longer buffer advised
EVT441150,2025-12-21 07:58:57,Political Rally,J031,Cubbon Road,10007,Weekend,False,Clear,False,0.0,False,False,0.683,High,24.6,51.8,303.4,0.222,0.513,0.975,Moderate traffic flow - standard adaptive signal timing in effect
EVT441151,2025-03-03 16:01:35,Political Rally,J040,City Market,10316,Weekday,False,Clear,False,0.0,False,False,0.346,Low,31.7,27.3,169.8,0.151,0.348,0.965,Moderate traffic flow - standard adaptive signal timing in effect
EVT441152,2025-07-23 17:45:24,Sports Fixture,J040,City Market,29846,Weekday,False,Light Rain,True,1.8,False,False,1.0,Severe,9.0,70.8,651.5,0.248,0.574,0.873,Heavy rain reducing visibility and grip - reduced speed and longer buffer advised
EVT441153,2026-03-09 03:57:25,Concert,J012,Koramangala Sony World,11070,Weekday,False,Clear,False,0.0,False,False,0.206,Low,31.5,19.0,104.9,0.077,0.179,0.971,Normal free-flow traffic - standard signal timing maintained
EVT441154,2025-01-27 18:53:04,Religious Festival,J009,Majestic,36204,Weekday,True,Fog,False,0.0,False,False,1.0,Severe,7.8,70.4,720.2,0.251,0.579,0.867,Festival crowd surge detected - alternate route and extended cycle recommended
EVT441155,2025-07-11 14:18:18,Trade Fair,J009,Majestic,5472,Weekday,False,Clear,False,0.0,False,False,0.252,Low,33.4,21.7,162.6,0.136,0.314,0.976,Moderate traffic flow - standard adaptive signal timing in effect
EVT441156,2026-03-27 14:55:43,Cultural Procession,J031,Cubbon Road,14961,Weekday,True,Clear,False,0.0,False,False,0.56,High,24.0,38.1,215.2,0.159,0.368,0.913,Festival crowd surge detected - alternate route and extended cycle recommended
EVT441157,2026-06-16 13:50:13,Local Market Day,J023,Basavanagudi,3828,Weekday,False,Heavy Rain,True,42.5,False,False,0.564,High,25.3,42.5,265.2,0.177,0.409,0.923,Heavy rain reducing visibility and grip - reduced speed and longer buffer advised
EVT441158,2026-03-18 09:55:34,Sports Fixture,J009,Majestic,11914,Weekday,False,Clear,False,0.0,False,False,0.825,Severe,15.0,61.0,305.5,0.18,0.415,0.934,Heavy congestion detected - signal timing extended and reroute suggested
EVT441159,2025-10-05 01:22:23,Political Rally,J011,Indiranagar 100ft Road,15612,Weekend,False,Heavy Rain,True,32.6,False,False,0.635,High,15.4,48.5,207.2,0.107,0.246,0.897,Heavy rain reducing visibility and grip - reduced speed and longer buffer advised
EVT441160,2025-04-12 08:40:51,Concert,J030,MG Road,14363,Weekend,False,Rain,True,15.7,False,False,1.0,Severe,8.1,69.6,441.1,0.159,0.367,0.869,Heavy rain reducing visibility and grip - reduced speed and longer buffer advised
EVT441161,2025-05-31 07:10:18,Local Market Day,J009,Majestic,5929,Weekend,False,Rain,True,10.3,False,False,0.577,High,23.5,40.8,252.9,0.158,0.365,0.937,Heavy rain reducing visibility and grip - reduced speed and longer buffer advised
EVT441162,2025-10-24 09:23:00,Concert,J012,Koramangala Sony World,13600,Weekday,False,Clear,False,0.0,False,False,1.0,Severe,8.8,67.9,522.3,0.183,0.422,0.912,Heavy congestion detected - signal timing extended and reroute suggested
EVT441163,2025-08-03 17:04:32,Local Market Day,J011,Indiranagar 100ft Road,3306,Weekend,False,Rain,True,14.0,False,False,0.848,Severe,14.4,60.4,362.3,0.2,0.462,0.912,Heavy rain reducing visibility and grip - reduced speed and longer buffer advised
EVT441164,2025-04-14 12:47:15,Religious Festival,J030,MG Road,60625,Weekday,True,Clear,False,0.0,False,True,0.987,Severe,6.7,94.5,733.0,0.207,0.478,0.844,Road closure for event/procession - full detour recommended for through-traffic
EVT441165,2025-02-12 15:10:21,Trade Fair,J031,Cubbon Road,8284,Weekday,False,Clear,False,0.0,False,False,0.26,Low,30.9,17.4,143.4,0.126,0.29,0.99,Moderate traffic flow - standard adaptive signal timing in effect
EVT441166,2025-05-22 15:57:59,Sports Fixture,J012,Koramangala Sony World,27651,Weekday,False,Clear,False,0.0,False,False,0.532,Moderate,25.8,38.0,247.3,0.18,0.415,0.967,Moderate traffic flow - standard adaptive signal timing in effect
EVT441167,2025-10-08 17:54:50,Concert,J020,Malleshwaram Circle,17440,Weekday,False,Clear,False,0.0,False,False,1.0,Severe,10.0,70.1,334.0,0.136,0.314,0.924,Heavy congestion detected - signal timing extended and reroute suggested
EVT441168,2026-06-27 19:40:06,Local Market Day,J040,City Market,5514,Weekend,False,Heavy Rain,True,40.6,False,False,1.0,Severe,10.8,71.2,352.6,0.156,0.361,0.86,Heavy rain reducing visibility and grip - reduced speed and longer buffer advised
EVT441169,2026-03-22 17:15:42,Sports Fixture,J031,Cubbon Road,47873,Weekend,False,Clear,False,0.0,False,False,1.0,Severe,8.7,74.7,799.9,0.268,0.62,0.903,Heavy congestion detected - signal timing extended and reroute suggested
EVT441170,2025-03-13 19:08:45,Sports Fixture,J020,Malleshwaram Circle,23220,Weekday,False,Clear,False,0.0,False,False,1.0,Severe,8.9,72.7,364.6,0.154,0.356,0.928,Heavy congestion detected - signal timing extended and reroute suggested
EVT441171,2025-03-29 17:34:59,Concert,J011,Indiranagar 100ft Road,12072,Weekend,False,Clear,False,0.0,False,False,0.809,Severe,14.8,59.5,439.2,0.233,0.538,0.95,Heavy congestion detected - signal timing extended and reroute suggested
EVT441172,2025-09-24 16:36:44,Sports Fixture,J012,Koramangala Sony World,37327,Weekday,False,Fog,False,0.0,False,False,0.761,Severe,16.3,55.6,418.1,0.225,0.521,0.971,Heavy congestion detected - signal timing extended and reroute suggested
EVT441173,2025-10-29 20:35:28,Local Market Day,J020,Malleshwaram Circle,3745,Weekday,False,Clear,False,0.0,False,False,0.509,Moderate,25.7,37.4,199.2,0.147,0.341,0.951,Moderate traffic flow - standard adaptive signal timing in effect
EVT441174,2026-03-30 07:21:06,Concert,J030,MG Road,9751,Weekday,False,Clear,False,0.0,False,False,0.605,High,16.7,37.9,395.9,0.219,0.505,0.963,Moderate traffic flow - standard adaptive signal timing in effect
EVT441175,2026-01-05 18:36:25,Sports Fixture,J030,MG Road,12817,Weekday,False,Clear,False,0.0,False,False,1.0,Severe,7.2,68.3,389.5,0.106,0.246,0.902,Heavy congestion detected - signal timing extended and reroute suggested
EVT441176,2026-03-31 18:20:44,Sports Fixture,J009,Majestic,18278,Weekday,False,Clear,False,0.0,False,False,1.0,Severe,7.4,71.0,782.6,0.261,0.603,0.902,Heavy congestion detected - signal timing extended and reroute suggested
EVT441177,2025-01-26 20:12:58,Cultural Procession,J020,Malleshwaram Circle,14707,Weekend,True,Clear,False,0.0,False,False,0.848,Severe,11.3,62.1,444.6,0.188,0.433,0.889,Festival crowd surge detected - alternate route and extended cycle recommended
EVT441178,2025-03-15 08:03:35,Cultural Procession,J020,Malleshwaram Circle,11891,Weekend,True,Clear,False,0.0,False,False,0.953,Severe,11.5,73.0,485.9,0.216,0.5,0.865,Festival crowd surge detected - alternate route and extended cycle recommended
EVT441179,2026-04-10 09:05:27,Concert,J040,City Market,11225,Weekday,False,Clear,False,0.0,False,False,1.0,Severe,8.4,70.9,570.9,0.214,0.494,0.92,Heavy congestion detected - signal timing extended and reroute suggested
EVT441180,2025-01-01 06:32:40,Concert,J040,City Market,10670,Weekday,False,Light Rain,True,1.4,False,False,0.321,Low,31.2,32.6,144.6,0.136,0.314,0.928,Light rain detected - minor speed reduction advised
EVT441181,2026-05-10 18:01:11,Local Market Day,J020,Malleshwaram Circle,6699,Weekend,False,Clear,False,0.0,False,False,0.789,Severe,13.3,55.3,302.5,0.164,0.379,0.967,Heavy congestion detected - signal timing extended and reroute suggested
EVT441182,2025-01-21 14:03:57,Concert,J011,Indiranagar 100ft Road,9899,Weekday,False,Clear,False,0.0,False,False,0.231,Low,34.9,11.0,82.4,0.063,0.145,0.969,Normal free-flow traffic - standard signal timing maintained
EVT441183,2025-11-18 08:01:09,Political Rally,J023,Basavanagudi,10372,Weekday,False,Clear,False,0.0,False,False,0.859,Severe,14.5,55.9,684.6,0.366,0.845,0.963,Heavy congestion detected - signal timing extended and reroute suggested
EVT441184,2026-02-13 10:03:02,Local Market Day,J030,MG Road,2280,Weekday,False,Clear,False,0.0,False,False,0.81,Severe,14.0,51.3,198.5,0.085,0.197,0.951,Heavy congestion detected - signal timing extended and reroute suggested
EVT441185,2026-05-12 18:52:43,Concert,J030,MG Road,10200,Weekday,False,Light Rain,True,3.7,False,False,1.0,Severe,6.8,65.0,602.9,0.169,0.39,0.861,Heavy rain reducing visibility and grip - reduced speed and longer buffer advised
EVT441186,2026-06-09 18:46:25,Local Market Day,J023,Basavanagudi,5309,Weekday,False,Clear,False,0.0,False,False,0.999,Severe,9.1,73.3,329.6,0.12,0.278,0.932,Heavy congestion detected - signal timing extended and reroute suggested
EVT441187,2025-06-02 18:22:31,Sports Fixture,J023,Basavanagudi,25637,Weekday,False,Clear,False,0.0,False,False,1.0,Severe,9.6,73.6,341.8,0.128,0.297,0.913,Heavy congestion detected - signal timing extended and reroute suggested
EVT441188,2025-11-17 17:46:46,Sports Fixture,J040,City Market,25279,Weekday,False,Fog,False,0.0,False,False,1.0,Severe,8.2,74.7,712.5,0.239,0.552,0.907,Heavy congestion detected - signal timing extended and reroute suggested
EVT441189,2026-02-07 15:44:36,Concert,J011,Indiranagar 100ft Road,16418,Weekend,False,Clear,False,0.0,False,False,0.448,Moderate,24.7,28.3,241.4,0.18,0.416,0.946,Moderate traffic flow - standard adaptive signal timing in effect
EVT441190,2025-11-29 13:48:55,Trade Fair,J040,City Market,9768,Weekend,False,Fog,False,0.0,False,False,0.285,Low,27.8,24.2,152.2,0.118,0.272,0.972,Moderate traffic flow - standard adaptive signal timing in effect
EVT441191,2026-04-30 17:36:09,Sports Fixture,J020,Malleshwaram Circle,20616,Weekday,False,Clear,False,0.0,False,False,0.994,Severe,10.1,73.5,595.0,0.24,0.555,0.941,Heavy congestion detected - signal timing extended and reroute suggested
EVT441192,2025-02-19 09:02:42,Trade Fair,J020,Malleshwaram Circle,10721,Weekday,False,Clear,False,0.0,False,False,0.917,Severe,12.4,69.2,256.3,0.116,0.268,0.908,Heavy congestion detected - signal timing extended and reroute suggested
EVT441193,2025-10-13 16:46:53,Political Rally,J011,Indiranagar 100ft Road,6817,Weekday,False,Clear,False,0.0,False,False,0.667,High,20.6,52.7,250.2,0.182,0.421,0.966,Moderate traffic flow - standard adaptive signal timing in effect
EVT441194,2025-11-08 18:15:59,Local Market Day,J020,Malleshwaram Circle,5563,Weekend,False,Rain,True,13.5,False,False,1.0,Severe,9.1,73.8,358.8,0.146,0.338,0.877,Heavy rain reducing visibility and grip - reduced speed and longer buffer advised
EVT441195,2026-05-12 13:19:44,Trade Fair,J040,City Market,11935,Weekday,False,Clear,False,0.0,False,False,0.219,Low,27.7,16.0,247.9,0.183,0.423,0.962,Normal free-flow traffic - standard signal timing maintained
EVT441196,2025-03-25 07:53:31,Local Market Day,J023,Basavanagudi,4393,Weekday,False,Clear,False,0.0,False,False,0.737,High,15.0,57.0,402.7,0.219,0.505,0.959,Moderate traffic flow - standard adaptive signal timing in effect
EVT441197,2025-06-01 08:56:45,Concert,J012,Koramangala Sony World,14601,Weekend,False,Clear,False,0.0,False,False,0.902,Severe,10.4,69.7,494.1,0.201,0.464,0.941,Heavy congestion detected - signal timing extended and reroute suggested
EVT441198,2025-09-05 08:34:47,Religious Festival,J023,Basavanagudi,37788,Weekday,True,Clear,False,0.0,False,False,1.0,Severe,8.4,70.9,565.6,0.214,0.494,0.869,Festival crowd surge detected - alternate route and extended cycle recommended
EVT441199,2025-01-09 12:21:40,Trade Fair,J030,MG Road,10766,Weekday,False,Clear,False,0.0,False,False,0.245,Low,35.9,24.8,141.3,0.116,0.269,0.967,Normal free-flow traffic - standard signal timing maintained
EVT441200,2026-05-07 09:45:05,Concert,J020,Malleshwaram Circle,5688,Weekday,False,Clear,False,0.0,False,False,0.903,Severe,10.9,63.7,247.4,0.104,0.24,0.912,Heavy congestion detected - signal timing extended and reroute suggested
EVT441201,2025-02-11 15:04:12,Concert,J012,Koramangala Sony World,15705,Weekday,False,Clear,False,0.0,False,False,0.314,Low,28.9,28.8,191.5,0.148,0.341,0.961,Moderate traffic flow - standard adaptive signal timing in effect
EVT441202,2025-06-02 16:43:40,Political Rally,J023,Basavanagudi,17120,Weekday,False,Clear,False,0.0,False,False,0.669,High,16.5,46.7,281.3,0.146,0.337,0.947,Moderate traffic flow - standard adaptive signal timing in effect
EVT441203,2025-12-28 10:33:07,Trade Fair,J009,Majestic,9087,Weekend,False,Clear,False,0.0,False,False,0.607,High,23.1,46.5,201.2,0.152,0.352,0.957,Moderate traffic flow - standard adaptive signal timing in effect
EVT441204,2025-03-24 20:36:15,Concert,J012,Koramangala Sony World,11257,Weekday,False,Clear,False,0.0,False,False,0.567,High,19.6,35.3,190.3,0.109,0.251,0.958,Moderate traffic flow - standard adaptive signal timing in effect
EVT441205,2026-06-08 13:08:57,Sports Fixture,J031,Cubbon Road,27723,Weekday,False,Rain,True,12.8,False,False,0.507,Moderate,25.9,33.1,155.1,0.131,0.303,0.893,Light rain detected - minor speed reduction advised
EVT441206,2026-03-21 16:47:56,Local Market Day,J012,Koramangala Sony World,3700,Weekend,False,Clear,False,0.0,False,False,0.529,Moderate,29.6,35.6,115.4,0.094,0.217,0.952,Moderate traffic flow - standard adaptive signal timing in effect
EVT441207,2025-12-20 04:01:53,Trade Fair,J020,Malleshwaram Circle,10685,Weekend,False,Fog,False,0.0,False,False,0.269,Low,29.1,16.0,172.3,0.129,0.299,0.983,Moderate traffic flow - standard adaptive signal timing in effect
EVT441208,2026-04-05 19:06:04,Political Rally,J030,MG Road,10416,Weekend,False,Clear,False,0.0,False,False,0.799,Severe,13.1,57.4,280.6,0.132,0.305,0.951,Heavy congestion detected - signal timing extended and reroute suggested
EVT441209,2026-06-15 15:19:35,Concert,J012,Koramangala Sony World,10976,Weekday,False,Clear,False,0.0,False,False,0.396,Moderate,28.1,30.1,95.6,0.076,0.175,0.946,Moderate traffic flow - standard adaptive signal timing in effect
EVT441210,2026-05-19 18:11:44,Political Rally,J011,Indiranagar 100ft Road,18977,Weekday,False,Clear,False,0.0,False,False,1.0,Severe,9.6,70.0,350.8,0.133,0.308,0.928,Heavy congestion detected - signal timing extended and reroute suggested
EVT441211,2025-02-05 17:47:08,Local Market Day,J011,Indiranagar 100ft Road,4013,Weekday,False,Clear,False,0.0,False,False,0.938,Severe,10.6,67.1,557.6,0.227,0.525,0.939,Heavy congestion detected - signal timing extended and reroute suggested
EVT441212,2025-12-23 17:05:55,Concert,J023,Basavanagudi,19368,Weekday,False,Clear,False,0.0,False,False,0.806,Severe,16.8,51.2,205.8,0.127,0.294,0.947,Heavy congestion detected - signal timing extended and reroute suggested
EVT441213,2025-01-30 18:50:07,Political Rally,J020,Malleshwaram Circle,7801,Weekday,False,Clear,False,0.0,False,False,1.0,Severe,10.8,69.7,311.6,0.142,0.327,0.923,Heavy congestion detected - signal timing extended and reroute suggested
EVT441214,2025-09-29 04:45:26,Trade Fair,J040,City Market,9025,Weekday,False,Fog,False,0.0,False,False,0.282,Low,26.8,23.8,187.5,0.139,0.32,0.969,Moderate traffic flow - standard adaptive signal timing in effect
EVT441215,2026-06-19 17:55:10,Local Market Day,J030,MG Road,3471,Weekday,False,Rain,True,16.7,False,False,1.0,Severe,9.1,71.0,514.2,0.192,0.444,0.859,Heavy rain reducing visibility and grip - reduced speed and longer buffer advised
EVT441216,2025-12-13 05:22:39,Trade Fair,J020,Malleshwaram Circle,10784,Weekend,False,Clear,False,0.0,False,False,0.32,Low,39.5,20.8,150.7,0.136,0.315,0.96,Moderate traffic flow - standard adaptive signal timing in effect
EVT441217,2025-06-06 16:36:12,Sports Fixture,J009,Majestic,16827,Weekday,False,Light Rain,True,6.6,False,False,0.809,Severe,14.5,54.2,351.8,0.165,0.381,0.914,Heavy rain reducing visibility and grip - reduced speed and longer buffer advised
EVT441218,2025-03-31 13:10:55,Fireworks Display,J040,City Market,21254,Weekday,True,Clear,False,0.0,False,False,0.375,Moderate,39.7,25.5,103.6,0.094,0.216,0.895,Moderate traffic flow - standard adaptive signal timing in effect
EVT441219,2025-10-17 18:35:02,Sports Fixture,J023,Basavanagudi,26274,Weekday,False,Heavy Rain,True,25.4,False,False,1.0,Severe,9.3,78.3,445.9,0.148,0.342,0.867,Heavy rain reducing visibility and grip - reduced speed and longer buffer advised
EVT441220,2025-10-27 05:58:52,Trade Fair,J011,Indiranagar 100ft Road,9566,Weekday,False,Clear,False,0.0,False,False,0.231,Low,28.7,14.3,159.0,0.111,0.257,0.966,Normal free-flow traffic - standard signal timing maintained
EVT441221,2025-05-05 22:45:03,Concert,J020,Malleshwaram Circle,11083,Weekday,False,Clear,False,0.0,False,False,0.281,Low,29.4,19.6,218.9,0.167,0.386,0.984,Moderate traffic flow - standard adaptive signal timing in effect
EVT441222,2025-07-08 07:55:29,Political Rally,J012,Koramangala Sony World,25014,Weekday,False,Heavy Rain,True,54.1,False,False,1.0,Severe,9.4,68.2,469.5,0.186,0.43,0.864,Heavy rain reducing visibility and grip - reduced speed and longer buffer advised
EVT441223,2025-08-17 13:38:04,Sports Fixture,J030,MG Road,21745,Weekend,False,Rain,True,24.0,False,False,0.625,High,23.9,51.2,230.7,0.171,0.395,0.898,Heavy rain reducing visibility and grip - reduced speed and longer buffer advised
EVT441224,2025-08-15 19:10:05,Religious Festival,J011,Indiranagar 100ft Road,53638,Weekday,True,Rain,True,19.6,False,True,1.0,Severe,7.3,98.6,740.9,0.253,0.584,0.786,Road closure for event/procession - full detour recommended for through-traffic
EVT441225,2026-03-09 09:38:58,Sports Fixture,J040,City Market,24003,Weekday,False,Clear,False,0.0,False,False,0.987,Severe,8.4,67.1,384.1,0.128,0.296,0.929,Heavy congestion detected - signal timing extended and reroute suggested
EVT441226,2025-04-15 18:50:00,Cultural Procession,J030,MG Road,22608,Weekday,True,Clear,False,0.0,False,True,1.0,Severe,8.6,104.4,817.4,0.287,0.664,0.833,Road closure for event/procession - full detour recommended for through-traffic
EVT441227,2026-04-09 19:47:10,Local Market Day,J011,Indiranagar 100ft Road,4135,Weekday,False,Clear,False,0.0,False,False,0.827,Severe,10.9,59.3,156.8,0.068,0.156,0.93,Heavy congestion detected - signal timing extended and reroute suggested
EVT441228,2025-08-10 20:32:15,Local Market Day,J023,Basavanagudi,5966,Weekend,False,Clear,False,0.0,False,False,0.545,Moderate,24.8,37.2,309.0,0.216,0.499,0.95,Moderate traffic flow - standard adaptive signal timing in effect
EVT441229,2026-04-16 07:45:38,Concert,J020,Malleshwaram Circle,11460,Weekday,False,Rain,True,21.7,False,False,0.971,Severe,7.8,70.6,360.6,0.115,0.267,0.896,Heavy rain reducing visibility and grip - reduced speed and longer buffer advised
EVT441230,2026-01-07 16:52:09,Concert,J020,Malleshwaram Circle,17665,Weekday,False,Clear,False,0.0,False,False,0.884,Severe,15.2,68.2,379.1,0.224,0.517,0.919,Heavy congestion detected - signal timing extended and reroute suggested
EVT441231,2026-05-30 17:52:16,Sports Fixture,J011,Indiranagar 100ft Road,27920,Weekend,False,Light Rain,True,4.9,False,False,1.0,Severe,7.4,73.8,962.7,0.305,0.704,0.844,Heavy rain reducing visibility and grip - reduced speed and longer buffer advised
EVT441232,2025-05-29 10:04:46,Concert,J009,Majestic,20819,Weekday,False,Light Rain,True,5.3,False,False,1.0,Severe,6.8,75.7,500.3,0.167,0.385,0.856,Heavy rain reducing visibility and grip - reduced speed and longer buffer advised
EVT441233,2025-08-14 10:21:48,Local Market Day,J020,Malleshwaram Circle,5648,Weekday,False,Clear,False,0.0,False,False,0.688,High,18.7,51.0,140.0,0.094,0.218,0.951,Moderate traffic flow - standard adaptive signal timing in effect
EVT441234,2025-05-30 10:43:18,Concert,J030,MG Road,8700,Weekday,False,Clear,False,0.0,False,False,0.542,Moderate,25.4,34.0,288.4,0.227,0.524,0.953,Moderate traffic flow - standard adaptive signal timing in effect
EVT441235,2026-06-22 14:47:23,Concert,J040,City Market,16729,Weekday,False,Rain,True,16.9,False,False,0.485,Moderate,27.2,34.7,72.5,0.057,0.132,0.919,Light rain detected - minor speed reduction advised
EVT441236,2026-06-24 13:24:29,Political Rally,J030,MG Road,23462,Weekday,False,Clear,False,0.0,False,False,0.341,Low,25.8,20.8,166.2,0.128,0.296,0.952,Moderate traffic flow - standard adaptive signal timing in effect
EVT441237,2026-05-22 17:24:40,Sports Fixture,J031,Cubbon Road,18075,Weekday,False,Clear,False,0.0,False,False,0.993,Severe,9.0,66.3,744.7,0.26,0.6,0.92,Heavy congestion detected - signal timing extended and reroute suggested
EVT441238,2025-09-23 17:48:00,Sports Fixture,J040,City Market,20987,Weekday,False,Clear,False,0.0,False,False,1.0,Severe,8.7,68.0,400.6,0.146,0.337,0.959,Heavy congestion detected - signal timing extended and reroute suggested
EVT441239,2025-11-22 15:34:36,Local Market Day,J011,Indiranagar 100ft Road,5012,Weekend,False,Clear,False,0.0,False,False,0.384,Moderate,29.7,34.0,189.2,0.152,0.351,0.969,Moderate traffic flow - standard adaptive signal timing in effect
EVT441240,2025-12-15 11:47:10,Local Market Day,J009,Majestic,3128,Weekday,False,Clear,False,0.0,False,False,0.288,Low,35.0,13.8,171.8,0.155,0.357,0.96,Moderate traffic flow - standard adaptive signal timing in effect
EVT441241,2025-01-11 19:59:34,Sports Fixture,J020,Malleshwaram Circle,12038,Weekend,False,Fog,False,0.0,False,False,0.642,High,22.4,39.7,272.0,0.199,0.459,0.95,Moderate traffic flow - standard adaptive signal timing in effect
EVT441242,2026-02-22 11:21:19,Sports Fixture,J030,MG Road,28619,Weekend,False,Clear,False,0.0,False,False,0.481,Moderate,22.5,38.8,216.3,0.147,0.341,0.969,Moderate traffic flow - standard adaptive signal timing in effect
EVT441243,2025-08-13 12:53:24,Local Market Day,J040,City Market,4145,Weekday,False,Clear,False,0.0,False,False,0.15,Low,37.4,10.5,228.7,0.197,0.456,0.984,Normal free-flow traffic - standard signal timing maintained
EVT441244,2025-07-03 20:28:53,Local Market Day,J012,Koramangala Sony World,5654,Weekday,False,Clear,False,0.0,False,False,0.485,Moderate,21.7,42.0,298.1,0.209,0.484,0.963,Moderate traffic flow - standard adaptive signal timing in effect
EVT441245,2025-08-01 23:44:52,Trade Fair,J009,Majestic,11561,Weekday,False,Rain,True,12.6,False,False,0.388,Moderate,29.3,23.8,100.4,0.072,0.166,0.92,Light rain detected - minor speed reduction advised
EVT441246,2025-07-25 20:28:14,Trade Fair,J011,Indiranagar 100ft Road,10751,Weekday,False,Light Rain,True,6.6,False,False,0.739,High,17.0,55.1,225.6,0.144,0.332,0.889,Heavy rain reducing visibility and grip - reduced speed and longer buffer advised
EVT441247,2026-03-10 06:46:00,Trade Fair,J009,Majestic,12381,Weekday,False,Clear,False,0.0,False,False,0.357,Moderate,37.6,17.7,96.1,0.078,0.181,0.945,Moderate traffic flow - standard adaptive signal timing in effect
EVT441248,2026-01-10 09:40:47,Trade Fair,J011,Indiranagar 100ft Road,6037,Weekend,False,Clear,False,0.0,False,False,0.82,Severe,14.0,58.4,264.7,0.155,0.359,0.952,Heavy congestion detected - signal timing extended and reroute suggested
EVT441249,2026-01-02 14:03:22,Religious Festival,J011,Indiranagar 100ft Road,42448,Weekday,True,Clear,False,0.0,False,True,0.836,High,10.9,81.2,495.1,0.212,0.491,0.887,Road closure for event/procession - full detour recommended for through-traffic
EVT441250,2025-11-19 10:45:44,Concert,J011,Indiranagar 100ft Road,10102,Weekday,False,Clear,False,0.0,False,False,0.554,High,26.5,32.8,143.1,0.113,0.261,0.987,Moderate traffic flow - standard adaptive signal timing in effect
EVT441251,2025-05-25 13:17:43,Concert,J009,Majestic,16712,Weekend,False,Clear,False,0.0,False,False,0.311,Low,25.8,19.7,269.3,0.191,0.441,0.962,Moderate traffic flow - standard adaptive signal timing in effect
EVT441252,2025-04-27 20:56:00,Trade Fair,J030,MG Road,6377,Weekend,False,Clear,False,0.0,False,False,0.488,Moderate,23.3,35.8,249.7,0.16,0.369,0.959,Moderate traffic flow - standard adaptive signal timing in effect
EVT441253,2025-07-25 20:55:19,Political Rally,J011,Indiranagar 100ft Road,17624,Weekday,False,Heavy Rain,True,96.3,False,False,0.936,Severe,10.8,70.1,321.5,0.143,0.331,0.884,Heavy rain reducing visibility and grip - reduced speed and longer buffer advised
EVT441254,2025-11-02 18:24:24,Religious Festival,J020,Malleshwaram Circle,67108,Weekend,True,Clear,False,0.0,False,True,1.0,Severe,7.8,103.0,686.7,0.23,0.532,0.847,Road closure for event/procession - full detour recommended for through-traffic
EVT441255,2026-05-02 16:37:00,Cultural Procession,J009,Majestic,8920,Weekend,True,Light Rain,True,1.9,False,True,1.0,Severe,8.8,95.9,348.0,0.158,0.365,0.789,Road closure for event/procession - full detour recommended for through-traffic
EVT441256,2026-06-09 09:05:24,Sports Fixture,J031,Cubbon Road,36791,Weekday,False,Clear,False,0.0,False,False,1.0,Severe,7.7,71.7,456.5,0.166,0.384,0.905,Heavy congestion detected - signal timing extended and reroute suggested
EVT441257,2026-05-23 16:30:13,Local Market Day,J030,MG Road,5122,Weekend,False,Clear,False,0.0,False,False,0.535,Moderate,24.9,44.2,222.6,0.165,0.382,0.947,Moderate traffic flow - standard adaptive signal timing in effect
EVT441258,2025-09-08 20:59:32,Local Market Day,J009,Majestic,4956,Weekday,False,Clear,False,0.0,False,False,0.452,Moderate,26.2,28.3,131.1,0.1,0.232,0.961,Moderate traffic flow - standard adaptive signal timing in effect
EVT441259,2026-05-02 18:49:50,Cultural Procession,J011,Indiranagar 100ft Road,27169,Weekend,True,Clear,False,0.0,False,True,1.0,Severe,8.4,96.5,556.9,0.199,0.46,0.86,Road closure for event/procession - full detour recommended for through-traffic
EVT441260,2026-02-27 08:00:13,Trade Fair,J023,Basavanagudi,10343,Weekday,False,Clear,False,0.0,False,False,0.822,Severe,13.7,60.9,445.6,0.228,0.528,0.947,Heavy congestion detected - signal timing extended and reroute suggested
EVT441261,2025-04-11 11:48:58,Political Rally,J030,MG Road,9444,Weekday,False,Clear,False,0.0,False,False,0.246,Low,32.9,24.5,173.4,0.156,0.361,0.948,Normal free-flow traffic - standard signal timing maintained
EVT441262,2025-09-04 19:56:19,Local Market Day,J012,Koramangala Sony World,3193,Weekday,False,Rain,True,12.5,False,False,0.847,Severe,16.1,60.0,249.6,0.121,0.28,0.894,Heavy rain reducing visibility and grip - reduced speed and longer buffer advised
EVT441263,2026-03-21 19:36:39,Sports Fixture,J012,Koramangala Sony World,29435,Weekend,False,Clear,False,0.0,False,False,0.86,Severe,9.3,62.5,375.3,0.124,0.286,0.963,Heavy congestion detected - signal timing extended and reroute suggested
EVT441264,2025-12-12 11:58:44,Concert,J011,Indiranagar 100ft Road,12372,Weekday,False,Clear,False,0.0,False,False,0.324,Low,35.2,25.3,83.1,0.066,0.152,0.971,Moderate traffic flow - standard adaptive signal timing in effect
EVT441265,2025-10-08 19:33:56,Local Market Day,J020,Malleshwaram Circle,4051,Weekday,False,Light Rain,True,2.6,False,False,0.972,Severe,8.6,66.0,567.1,0.208,0.481,0.857,Heavy rain reducing visibility and grip - reduced speed and longer buffer advised
EVT441266,2026-01-07 09:23:23,Local Market Day,J009,Majestic,3459,Weekday,False,Clear,False,0.0,False,False,0.956,Severe,7.2,71.8,954.8,0.315,0.728,0.907,Heavy congestion detected - signal timing extended and reroute suggested
EVT441267,2026-02-01 15:55:11,Local Market Day,J023,Basavanagudi,3844,Weekend,False,Clear,False,0.0,False,False,0.4,Moderate,30.3,30.8,120.1,0.093,0.215,0.978,Moderate traffic flow - standard adaptive signal timing in effect
EVT441268,2026-01-01 20:19:51,Religious Festival,J040,City Market,44069,Weekday,True,Light Rain,True,1.2,False,True,1.0,Severe,9.1,99.3,537.2,0.22,0.508,0.78,Road closure for event/procession - full detour recommended for through-traffic
EVT441269,2025-08-21 20:17:27,Trade Fair,J030,MG Road,17135,Weekday,False,Heavy Rain,True,29.1,False,False,1.0,Severe,6.9,72.6,404.8,0.116,0.267,0.888,Heavy rain reducing visibility and grip - reduced speed and longer buffer advised
EVT441270,2025-05-05 07:46:42,Concert,J012,Koramangala Sony World,12666,Weekday,False,Clear,False,0.0,False,False,0.841,Severe,11.1,62.1,306.3,0.118,0.272,0.945,Heavy congestion detected - signal timing extended and reroute suggested
EVT441271,2025-09-22 19:01:14,Local Market Day,J023,Basavanagudi,7132,Weekday,False,Clear,False,0.0,False,False,0.936,Severe,12.8,65.3,154.2,0.072,0.167,0.927,Heavy congestion detected - signal timing extended and reroute suggested
EVT441272,2025-04-17 14:51:42,Trade Fair,J020,Malleshwaram Circle,9746,Weekday,False,Clear,False,0.0,False,False,0.258,Low,32.6,19.4,150.8,0.099,0.229,0.963,Moderate traffic flow - standard adaptive signal timing in effect
EVT441273,2025-11-16 08:57:03,Local Market Day,J020,Malleshwaram Circle,3645,Weekend,False,Rain,True,13.4,False,False,0.98,Severe,10.9,68.8,487.0,0.203,0.468,0.854,Heavy rain reducing visibility and grip - reduced speed and longer buffer advised
EVT441274,2025-11-02 06:05:16,Fireworks Display,J023,Basavanagudi,42285,Weekend,True,Clear,False,0.0,False,False,0.691,High,16.0,46.8,247.4,0.134,0.309,0.919,Festival crowd surge detected - alternate route and extended cycle recommended
EVT441275,2025-10-21 09:07:45,Religious Festival,J023,Basavanagudi,82471,Weekday,True,Clear,False,0.0,False,True,1.0,Severe,6.8,106.0,268.4,0.107,0.247,0.843,Road closure for event/procession - full detour recommended for through-traffic
EVT441276,2026-01-19 20:39:39,Local Market Day,J020,Malleshwaram Circle,4347,Weekday,False,Clear,False,0.0,False,False,0.556,High,24.0,41.2,242.1,0.159,0.368,0.947,Moderate traffic flow - standard adaptive signal timing in effect
EVT441277,2026-03-04 10:16:54,Religious Festival,J020,Malleshwaram Circle,51271,Weekday,True,Clear,False,0.0,False,True,1.0,Severe,8.9,94.6,452.7,0.169,0.391,0.836,Road closure for event/procession - full detour recommended for through-traffic
EVT441278,2026-04-04 11:48:39,Sports Fixture,J023,Basavanagudi,17475,Weekend,False,Clear,False,0.0,False,False,0.405,Moderate,28.9,31.3,133.3,0.11,0.254,0.966,Moderate traffic flow - standard adaptive signal timing in effect
EVT441279,2025-08-25 08:21:39,Concert,J020,Malleshwaram Circle,9549,Weekday,False,Clear,False,0.0,False,False,1.0,Severe,8.1,74.4,486.4,0.176,0.407,0.903,Heavy congestion detected - signal timing extended and reroute suggested
EVT441280,2026-05-27 08:51:59,Trade Fair,J020,Malleshwaram Circle,6238,Weekday,False,Clear,False,0.0,False,False,1.0,Severe,7.7,68.6,612.6,0.194,0.447,0.894,Heavy congestion detected - signal timing extended and reroute suggested
EVT441281,2026-02-07 08:01:19,Local Market Day,J011,Indiranagar 100ft Road,3004,Weekend,False,Clear,False,0.0,False,False,0.737,High,18.4,42.1,155.3,0.102,0.236,0.929,Moderate traffic flow - standard adaptive signal timing in effect
EVT441282,2026-04-23 15:02:17,Local Market Day,J040,City Market,5464,Weekday,False,Clear,False,0.0,False,False,0.246,Low,34.0,18.8,127.6,0.117,0.271,0.962,Normal free-flow traffic - standard signal timing maintained
EVT441283,2026-05-18 19:14:30,Trade Fair,J040,City Market,9502,Weekday,False,Fog,False,0.0,False,False,0.929,Severe,11.8,64.5,290.6,0.156,0.361,0.946,Heavy congestion detected - signal timing extended and reroute suggested
EVT441284,2025-12-13 13:22:44,Local Market Day,J030,MG Road,4028,Weekend,False,Clear,False,0.0,False,False,0.28,Low,25.1,12.7,174.7,0.109,0.251,0.981,Moderate traffic flow - standard adaptive signal timing in effect
EVT441285,2025-07-23 09:47:06,Local Market Day,J012,Koramangala Sony World,3445,Weekday,False,Light Rain,True,7.2,False,False,1.0,Severe,9.9,76.5,588.0,0.227,0.525,0.861,Heavy rain reducing visibility and grip - reduced speed and longer buffer advised
EVT441286,2026-05-31 07:22:30,Trade Fair,J030,MG Road,8592,Weekend,False,Clear,False,0.0,False,False,0.573,High,23.1,42.3,205.9,0.151,0.349,0.972,Moderate traffic flow - standard adaptive signal timing in effect
EVT441287,2025-03-09 06:45:59,Sports Fixture,J009,Majestic,22323,Weekend,False,Clear,False,0.0,False,False,0.515,Moderate,20.4,38.2,293.7,0.207,0.477,0.97,Moderate traffic flow - standard adaptive signal timing in effect
EVT441288,2026-05-12 18:28:58,Trade Fair,J011,Indiranagar 100ft Road,6589,Weekday,False,Clear,False,0.0,False,False,1.0,Severe,7.6,74.3,547.2,0.178,0.41,0.933,Heavy congestion detected - signal timing extended and reroute suggested
EVT441289,2025-03-08 06:23:46,Local Market Day,J012,Koramangala Sony World,3026,Weekend,False,Fog,False,0.0,False,False,0.362,Moderate,34.9,22.9,107.8,0.102,0.235,0.976,Moderate traffic flow - standard adaptive signal timing in effect
EVT441290,2025-12-19 08:53:32,Trade Fair,J040,City Market,9672,Weekday,False,Clear,False,0.0,False,False,1.0,Severe,8.6,72.1,640.5,0.211,0.486,0.908,Heavy congestion detected - signal timing extended and reroute suggested
EVT441291,2025-11-12 13:48:45,Local Market Day,J020,Malleshwaram Circle,2362,Weekday,False,Clear,False,0.0,False,False,0.145,Low,38.9,6.4,110.2,0.093,0.214,0.957,Normal free-flow traffic - standard signal timing maintained
EVT441292,2026-05-29 21:18:25,Trade Fair,J009,Majestic,9082,Weekday,False,Rain,True,13.4,False,False,0.719,High,14.5,52.4,120.5,0.061,0.142,0.908,Heavy rain reducing visibility and grip - reduced speed and longer buffer advised
EVT441293,2025-01-19 16:17:11,Local Market Day,J012,Koramangala Sony World,5531,Weekend,False,Clear,False,0.0,False,False,0.491,Moderate,24.9,35.4,156.9,0.127,0.292,0.951,Moderate traffic flow - standard adaptive signal timing in effect
EVT441294,2025-01-13 09:37:55,Local Market Day,J020,Malleshwaram Circle,4925,Weekday,False,Clear,False,0.0,False,False,1.0,Severe,10.2,71.8,600.4,0.258,0.595,0.925,Heavy congestion detected - signal timing extended and reroute suggested
EVT441295,2025-06-16 17:14:15,Political Rally,J020,Malleshwaram Circle,11741,Weekday,False,Clear,False,0.0,False,False,0.825,Severe,14.8,60.5,203.4,0.119,0.275,0.964,Heavy congestion detected - signal timing extended and reroute suggested
EVT441296,2025-04-09 08:03:58,Local Market Day,J012,Koramangala Sony World,6606,Weekday,False,Clear,False,0.0,False,False,0.811,Severe,12.4,58.2,560.5,0.232,0.535,0.967,Heavy congestion detected - signal timing extended and reroute suggested
EVT441297,2026-05-10 07:55:24,Political Rally,J030,MG Road,20260,Weekend,False,Rain,True,14.5,False,False,0.973,Severe,9.0,66.4,631.5,0.228,0.526,0.886,Heavy rain reducing visibility and grip - reduced speed and longer buffer advised
EVT441298,2026-01-14 23:49:49,Religious Festival,J011,Indiranagar 100ft Road,71988,Weekday,True,Clear,False,0.0,False,True,0.921,Severe,11.6,93.1,632.2,0.284,0.655,0.843,Road closure for event/procession - full detour recommended for through-traffic
EVT441299,2025-07-21 18:17:03,Trade Fair,J040,City Market,9561,Weekday,False,Rain,True,9.7,False,False,1.0,Severe,10.2,77.2,524.9,0.219,0.506,0.856,Heavy rain reducing visibility and grip - reduced speed and longer buffer advised
EVT441300,2025-10-15 14:17:38,Concert,J011,Indiranagar 100ft Road,10206,Weekday,False,Fog,False,0.0,False,False,0.254,Low,35.4,20.6,105.9,0.079,0.183,0.969,Moderate traffic flow - standard adaptive signal timing in effect
EVT441301,2025-10-21 09:44:41,Religious Festival,J030,MG Road,44352,Weekday,True,Clear,False,0.0,False,False,1.0,Severe,8.3,68.2,831.8,0.268,0.62,0.862,Festival crowd surge detected - alternate route and extended cycle recommended
EVT441302,2025-01-12 09:23:11,Local Market Day,J040,City Market,3944,Weekend,False,Clear,False,0.0,False,False,0.865,Severe,13.0,63.3,505.7,0.235,0.543,0.952,Heavy congestion detected - signal timing extended and reroute suggested
EVT441303,2025-06-12 19:11:36,Local Market Day,J009,Majestic,3158,Weekday,False,Clear,False,0.0,False,False,0.893,Severe,13.7,64.2,228.9,0.106,0.246,0.958,Heavy congestion detected - signal timing extended and reroute suggested
EVT441304,2025-03-25 12:49:05,Sports Fixture,J020,Malleshwaram Circle,23816,Weekday,False,Clear,False,0.0,False,False,0.38,Moderate,28.8,30.1,193.5,0.153,0.352,0.978,Moderate traffic flow - standard adaptive signal timing in effect
EVT441305,2025-10-24 01:54:46,Trade Fair,J011,Indiranagar 100ft Road,13497,Weekday,False,Light Rain,True,6.8,False,False,0.388,Moderate,21.2,30.9,138.4,0.089,0.205,0.899,Light rain detected - minor speed reduction advised
EVT441306,2026-06-09 16:52:25,Trade Fair,J020,Malleshwaram Circle,9623,Weekday,False,Clear,False,0.0,False,False,0.699,High,16.6,51.9,196.9,0.121,0.279,0.942,Moderate traffic flow - standard adaptive signal timing in effect
EVT441307,2025-10-06 10:31:01,Trade Fair,J023,Basavanagudi,3488,Weekday,False,Heavy Rain,True,26.4,False,False,0.903,Severe,11.5,64.6,549.1,0.252,0.582,0.887,Heavy rain reducing visibility and grip - reduced speed and longer buffer advised
EVT441308,2025-03-26 11:10:22,Sports Fixture,J030,MG Road,22964,Weekday,False,Clear,False,0.0,False,False,0.459,Moderate,25.0,35.2,185.8,0.134,0.309,0.971,Moderate traffic flow - standard adaptive signal timing in effect
EVT441309,2026-04-02 10:22:23,Concert,J031,Cubbon Road,13134,Weekday,False,Clear,False,0.0,False,False,0.71,High,16.6,49.9,344.8,0.195,0.45,0.946,Moderate traffic flow - standard adaptive signal timing in effect
EVT441310,2025-10-18 20:52:43,Local Market Day,J031,Cubbon Road,2708,Weekend,False,Rain,True,21.7,False,False,0.65,High,17.3,43.0,319.0,0.175,0.404,0.895,Heavy rain reducing visibility and grip - reduced speed and longer buffer advised
EVT441311,2026-03-20 18:21:47,Cultural Procession,J030,MG Road,13289,Weekday,True,Clear,False,0.0,False,True,1.0,Severe,8.4,102.2,373.8,0.134,0.31,0.845,Road closure for event/procession - full detour recommended for through-traffic
EVT441312,2025-10-26 10:20:28,Local Market Day,J031,Cubbon Road,2418,Weekend,False,Rain,True,20.7,False,False,0.801,Severe,10.7,59.0,339.2,0.138,0.318,0.881,Heavy rain reducing visibility and grip - reduced speed and longer buffer advised
EVT441313,2025-11-22 14:39:04,Political Rally,J011,Indiranagar 100ft Road,9882,Weekend,False,Clear,False,0.0,False,False,0.329,Low,32.7,28.0,166.6,0.146,0.338,0.938,Moderate traffic flow - standard adaptive signal timing in effect
EVT441314,2025-09-06 19:46:40,Religious Festival,J020,Malleshwaram Circle,29562,Weekend,True,Clear,False,0.0,False,False,1.0,Severe,8.8,73.6,592.9,0.212,0.491,0.851,Festival crowd surge detected - alternate route and extended cycle recommended
EVT441315,2026-05-11 08:50:55,Sports Fixture,J009,Majestic,27578,Weekday,False,Clear,False,0.0,False,False,1.0,Severe,7.1,69.7,564.1,0.141,0.326,0.924,Heavy congestion detected - signal timing extended and reroute suggested
EVT441316,2025-04-09 20:35:12,Sports Fixture,J012,Koramangala Sony World,18411,Weekday,False,Fog,False,0.0,False,False,0.652,High,19.5,48.0,383.8,0.263,0.607,0.956,Moderate traffic flow - standard adaptive signal timing in effect
EVT441317,2025-01-14 11:15:50,Fireworks Display,J012,Koramangala Sony World,18364,Weekday,True,Clear,False,0.0,False,False,0.646,High,18.8,44.8,226.7,0.136,0.315,0.886,Festival crowd surge detected - alternate route and extended cycle recommended
EVT441318,2026-03-30 19:39:31,Local Market Day,J011,Indiranagar 100ft Road,9761,Weekday,False,Clear,False,0.0,False,False,0.915,Severe,13.8,73.6,151.6,0.099,0.229,0.909,Heavy congestion detected - signal timing extended and reroute suggested
EVT441319,2025-12-12 19:33:55,Sports Fixture,J040,City Market,16196,Weekday,False,Clear,False,0.0,False,False,0.93,Severe,10.1,67.9,388.9,0.169,0.391,0.913,Heavy congestion detected - signal timing extended and reroute suggested
EVT441320,2025-07-09 18:53:59,Local Market Day,J009,Majestic,2740,Weekday,False,Clear,False,0.0,False,False,1.0,Severe,6.5,66.9,488.2,0.153,0.354,0.907,Heavy congestion detected - signal timing extended and reroute suggested
EVT441321,2025-01-11 11:39:45,Sports Fixture,J009,Majestic,17448,Weekend,False,Clear,False,0.0,False,False,0.368,Moderate,24.2,27.6,223.3,0.176,0.408,0.971,Moderate traffic flow - standard adaptive signal timing in effect
EVT441322,2026-06-04 03:25:42,Local Market Day,J020,Malleshwaram Circle,4317,Weekday,False,Clear,False,0.0,False,False,0.259,Low,34.5,19.2,126.2,0.132,0.305,0.95,Moderate traffic flow - standard adaptive signal timing in effect
EVT441323,2025-01-30 07:05:14,Sports Fixture,J040,City Market,23950,Weekday,False,Clear,False,0.0,False,False,0.574,High,24.1,40.2,185.2,0.118,0.273,0.96,Moderate traffic flow - standard adaptive signal timing in effect
EVT441324,2025-01-17 16:20:36,Trade Fair,J011,Indiranagar 100ft Road,6364,Weekday,False,Clear,False,0.0,False,False,0.496,Moderate,27.9,37.8,153.5,0.134,0.309,0.96,Moderate traffic flow - standard adaptive signal timing in effect
EVT441325,2025-09-28 07:44:51,Concert,J030,MG Road,7750,Weekend,False,Light Rain,True,2.8,False,False,0.696,High,14.0,47.0,340.7,0.16,0.37,0.901,Heavy rain reducing visibility and grip - reduced speed and longer buffer advised
EVT441326,2025-10-11 08:07:08,Concert,J030,MG Road,9061,Weekend,False,Clear,False,0.0,False,False,0.695,High,13.7,47.5,271.8,0.112,0.259,0.97,Moderate traffic flow - standard adaptive signal timing in effect
EVT441327,2025-10-11 17:34:36,Political Rally,J030,MG Road,19081,Weekend,False,Rain,True,14.3,False,False,1.0,Severe,8.5,72.5,585.3,0.216,0.499,0.869,Heavy rain reducing visibility and grip - reduced speed and longer buffer advised
EVT441328,2025-09-07 19:00:04,Sports Fixture,J023,Basavanagudi,29324,Weekend,False,Heavy Rain,True,46.6,False,False,1.0,Severe,7.7,68.8,783.5,0.239,0.552,0.873,Heavy rain reducing visibility and grip - reduced speed and longer buffer advised
EVT441329,2026-01-26 08:44:54,Religious Festival,J020,Malleshwaram Circle,38890,Weekday,True,Clear,False,0.0,False,True,1.0,Severe,8.0,98.3,920.1,0.3,0.693,0.814,Road closure for event/procession - full detour recommended for through-traffic
EVT441330,2026-02-16 16:14:36,Sports Fixture,J020,Malleshwaram Circle,46120,Weekday,False,Clear,False,0.0,False,False,0.737,High,18.0,49.6,166.9,0.091,0.211,0.975,Moderate traffic flow - standard adaptive signal timing in effect
EVT441331,2025-04-24 16:46:28,Local Market Day,J023,Basavanagudi,3602,Weekday,False,Clear,False,0.0,False,False,0.649,High,18.3,47.1,320.3,0.181,0.417,0.932,Moderate traffic flow - standard adaptive signal timing in effect
EVT441332,2026-05-28 22:01:51,Concert,J009,Majestic,11001,Weekday,False,Clear,False,0.0,False,False,0.369,Moderate,29.5,28.3,213.4,0.17,0.393,0.969,Moderate traffic flow - standard adaptive signal timing in effect
EVT441333,2026-06-23 16:19:59,Sports Fixture,J040,City Market,23204,Weekday,False,Heavy Rain,True,34.5,False,False,0.934,Severe,11.3,63.2,558.4,0.227,0.523,0.884,Heavy rain reducing visibility and grip - reduced speed and longer buffer advised
EVT441334,2025-10-02 20:39:49,Fireworks Display,J012,Koramangala Sony World,16528,Weekday,True,Clear,False,0.0,False,False,0.9,Severe,11.8,67.2,477.8,0.184,0.425,0.862,Festival crowd surge detected - alternate route and extended cycle recommended
EVT441335,2026-02-17 08:00:32,Local Market Day,J030,MG Road,8093,Weekday,False,Clear,False,0.0,False,False,0.762,Severe,16.0,60.4,261.9,0.128,0.295,0.968,Heavy congestion detected - signal timing extended and reroute suggested
EVT441336,2026-03-07 13:03:00,Local Market Day,J012,Koramangala Sony World,2956,Weekend,False,Clear,False,0.0,False,False,0.231,Low,31.9,12.1,84.7,0.072,0.166,0.953,Normal free-flow traffic - standard signal timing maintained
EVT441337,2025-01-26 08:59:23,Fireworks Display,J020,Malleshwaram Circle,20943,Weekend,True,Clear,False,0.0,False,False,1.0,Severe,8.3,76.3,667.0,0.237,0.547,0.844,Festival crowd surge detected - alternate route and extended cycle recommended
EVT441338,2025-12-14 15:46:47,Sports Fixture,J040,City Market,15433,Weekend,False,Clear,False,0.0,False,False,0.54,Moderate,23.1,41.3,222.4,0.14,0.323,0.962,Moderate traffic flow - standard adaptive signal timing in effect
EVT441339,2026-02-13 19:39:36,Trade Fair,J040,City Market,9725,Weekday,False,Clear,False,0.0,False,False,0.851,Severe,13.8,56.4,424.5,0.206,0.475,0.937,Heavy congestion detected - signal timing extended and reroute suggested
EVT441340,2026-01-06 09:47:41,Sports Fixture,J023,Basavanagudi,24835,Weekday,False,Clear,False,0.0,False,False,1.0,Severe,9.2,72.9,380.9,0.146,0.338,0.908,Heavy congestion detected - signal timing extended and reroute suggested
EVT441341,2026-06-13 07:34:30,Local Market Day,J020,Malleshwaram Circle,5521,Weekend,False,Rain,True,20.4,False,False,0.794,Severe,14.0,59.3,250.5,0.134,0.31,0.885,Heavy rain reducing visibility and grip - reduced speed and longer buffer advised
EVT441342,2025-11-24 08:44:48,Political Rally,J012,Koramangala Sony World,16875,Weekday,False,Rain,True,8.6,False,False,1.0,Severe,8.6,66.2,510.8,0.174,0.403,0.88,Heavy rain reducing visibility and grip - reduced speed and longer buffer advised
EVT441343,2025-12-21 13:44:26,Trade Fair,J020,Malleshwaram Circle,11689,Weekend,False,Clear,False,0.0,False,False,0.35,Low,36.2,25.9,130.4,0.118,0.272,0.951,Moderate traffic flow - standard adaptive signal timing in effect
EVT441344,2025-11-05 18:32:47,Trade Fair,J031,Cubbon Road,15713,Weekday,False,Clear,False,0.0,False,False,1.0,Severe,10.4,67.6,248.1,0.114,0.262,0.898,Heavy congestion detected - signal timing extended and reroute suggested
EVT441345,2026-02-13 18:09:33,Political Rally,J030,MG Road,16138,Weekday,False,Clear,False,0.0,False,False,1.0,Severe,9.4,67.0,596.3,0.227,0.524,0.911,Heavy congestion detected - signal timing extended and reroute suggested
EVT441346,2025-03-05 15:11:31,Local Market Day,J031,Cubbon Road,5244,Weekday,False,Clear,False,0.0,False,False,0.312,Low,29.1,25.3,120.6,0.08,0.185,0.97,Moderate traffic flow - standard adaptive signal timing in effect
EVT441347,2026-04-08 18:54:15,Concert,J030,MG Road,14483,Weekday,False,Clear,False,0.0,False,False,1.0,Severe,8.9,75.9,349.7,0.133,0.307,0.913,Heavy congestion detected - signal timing extended and reroute suggested
EVT441348,2025-05-29 09:54:03,Local Market Day,J012,Koramangala Sony World,4987,Weekday,False,Clear,False,0.0,False,False,0.849,Severe,11.2,55.9,526.0,0.225,0.52,0.964,Heavy congestion detected - signal timing extended and reroute suggested
EVT441349,2026-05-14 12:42:53,Trade Fair,J040,City Market,11223,Weekday,False,Clear,False,0.0,False,False,0.257,Low,23.7,20.8,203.5,0.147,0.339,0.961,Moderate traffic flow - standard adaptive signal timing in effect
EVT441350,2025-05-15 11:33:01,Trade Fair,J030,MG Road,11207,Weekday,False,Clear,False,0.0,False,False,0.312,Low,33.6,27.3,125.0,0.116,0.267,0.976,Moderate traffic flow - standard adaptive signal timing in effect
EVT441351,2025-10-13 07:33:48,Sports Fixture,J040,City Market,17783,Weekday,False,Clear,False,0.0,False,False,0.733,High,17.3,55.3,174.4,0.116,0.268,0.952,Moderate traffic flow - standard adaptive signal timing in effect
EVT441352,2025-10-10 18:46:04,Local Market Day,J031,Cubbon Road,3701,Weekday,False,Clear,False,0.0,False,False,0.981,Severe,9.2,62.3,768.4,0.265,0.611,0.886,Heavy congestion detected - signal timing extended and reroute suggested
EVT441353,2025-01-09 17:24:12,Concert,J011,Indiranagar 100ft Road,12411,Weekday,False,Clear,False,0.0,False,False,0.899,Severe,11.4,66.7,251.9,0.128,0.296,0.961,Heavy congestion detected - signal timing extended and reroute suggested
EVT441354,2025-09-30 15:52:36,Concert,J012,Koramangala Sony World,10223,Weekday,False,Clear,False,0.0,False,False,0.386,Moderate,29.1,30.7,228.4,0.187,0.433,0.974,Moderate traffic flow - standard adaptive signal timing in effect
EVT441355,2026-01-10 17:10:27,Trade Fair,J009,Majestic,11321,Weekend,False,Clear,False,0.0,False,False,0.69,High,23.1,50.3,244.7,0.17,0.394,0.969,Moderate traffic flow - standard adaptive signal timing in effect
EVT441356,2025-04-30 07:38:08,Concert,J011,Indiranagar 100ft Road,10644,Weekday,False,Clear,False,0.0,False,False,0.702,High,21.2,48.4,279.1,0.188,0.434,0.99,Moderate traffic flow - standard adaptive signal timing in effect
EVT441357,2025-05-23 16:35:49,Concert,J031,Cubbon Road,10269,Weekday,False,Clear,False,0.0,False,False,0.665,High,24.2,47.7,215.6,0.16,0.369,0.963,Moderate traffic flow - standard adaptive signal timing in effect
EVT441358,2025-09-06 18:41:35,Cultural Procession,J009,Majestic,11769,Weekend,True,Clear,False,0.0,False,True,1.0,Severe,7.8,86.8,541.9,0.178,0.41,0.868,Road closure for event/procession - full detour recommended for through-traffic
EVT441359,2025-07-13 07:08:17,Sports Fixture,J031,Cubbon Road,31057,Weekend,False,Rain,True,17.2,False,False,0.817,Severe,19.1,61.4,209.7,0.128,0.296,0.883,Heavy rain reducing visibility and grip - reduced speed and longer buffer advised
EVT441360,2025-03-26 07:09:52,Local Market Day,J020,Malleshwaram Circle,2952,Weekday,False,Clear,False,0.0,False,False,0.439,Moderate,27.9,36.5,208.6,0.169,0.391,0.946,Moderate traffic flow - standard adaptive signal timing in effect
EVT441361,2025-01-30 18:50:30,Local Market Day,J012,Koramangala Sony World,2620,Weekday,False,Clear,False,0.0,False,False,0.993,Severe,8.3,68.7,300.9,0.122,0.282,0.909,Heavy congestion detected - signal timing extended and reroute suggested
EVT441362,2026-01-22 10:02:56,Sports Fixture,J011,Indiranagar 100ft Road,42173,Weekday,False,Clear,False,0.0,False,False,1.0,Severe,8.4,79.5,583.3,0.212,0.49,0.916,Heavy congestion detected - signal timing extended and reroute suggested
EVT441363,2025-01-10 10:46:55,Sports Fixture,J011,Indiranagar 100ft Road,17540,Weekday,False,Clear,False,0.0,False,False,0.571,High,23.7,39.7,131.0,0.082,0.188,0.98,Moderate traffic flow - standard adaptive signal timing in effect
EVT441364,2026-05-17 08:43:42,Concert,J031,Cubbon Road,25160,Weekend,False,Clear,False,0.0,False,False,0.957,Severe,8.9,67.0,465.5,0.17,0.392,0.896,Heavy congestion detected - signal timing extended and reroute suggested
EVT441365,2026-05-27 08:18:53,Sports Fixture,J011,Indiranagar 100ft Road,24387,Weekday,False,Clear,False,0.0,False,False,1.0,Severe,8.4,75.0,747.3,0.242,0.56,0.907,Heavy congestion detected - signal timing extended and reroute suggested
EVT441366,2025-06-02 07:54:14,Trade Fair,J011,Indiranagar 100ft Road,10073,Weekday,False,Clear,False,0.0,False,False,0.798,Severe,15.3,52.7,279.7,0.164,0.378,0.955,Heavy congestion detected - signal timing extended and reroute suggested
EVT441367,2025-03-21 18:23:12,Concert,J012,Koramangala Sony World,16080,Weekday,False,Clear,False,0.0,False,False,1.0,Severe,8.3,75.3,897.2,0.324,0.748,0.939,Heavy congestion detected - signal timing extended and reroute suggested
EVT441368,2025-09-30 19:03:51,Concert,J020,Malleshwaram Circle,9982,Weekday,False,Clear,False,0.0,False,False,0.975,Severe,7.6,63.2,618.2,0.184,0.424,0.919,Heavy congestion detected - signal timing extended and reroute suggested
EVT441369,2025-01-13 20:19:57,Trade Fair,J031,Cubbon Road,6638,Weekday,False,Clear,False,0.0,False,False,0.59,High,20.6,41.6,245.6,0.161,0.371,0.967,Moderate traffic flow - standard adaptive signal timing in effect
EVT441370,2025-01-15 21:14:55,Religious Festival,J031,Cubbon Road,85615,Weekday,True,Clear,False,0.0,False,True,1.0,Severe,8.0,100.2,614.5,0.192,0.442,0.815,Road closure for event/procession - full detour recommended for through-traffic
EVT441371,2025-01-05 10:06:56,Trade Fair,J020,Malleshwaram Circle,5112,Weekend,False,Clear,False,0.0,False,False,0.72,High,17.4,47.0,169.7,0.096,0.221,0.951,Moderate traffic flow - standard adaptive signal timing in effect
EVT441372,2025-06-10 11:11:03,Political Rally,J012,Koramangala Sony World,35472,Weekday,False,Clear,False,0.0,False,False,0.633,High,23.8,40.8,277.7,0.2,0.461,0.968,Moderate traffic flow - standard adaptive signal timing in effect
EVT441373,2025-07-30 15:10:41,Trade Fair,J023,Basavanagudi,5350,Weekday,False,Heavy Rain,True,26.0,False,False,0.549,Moderate,23.3,35.6,196.6,0.127,0.294,0.919,Light rain detected - minor speed reduction advised
EVT441374,2025-01-02 12:18:42,Sports Fixture,J011,Indiranagar 100ft Road,39668,Weekday,False,Clear,False,0.0,False,False,0.456,Moderate,24.5,33.9,192.5,0.138,0.319,0.971,Moderate traffic flow - standard adaptive signal timing in effect
EVT441375,2025-08-28 14:10:00,Cultural Procession,J023,Basavanagudi,7225,Weekday,True,Heavy Rain,True,31.0,False,True,0.919,Severe,10.0,86.0,745.8,0.291,0.671,0.781,Road closure for event/procession - full detour recommended for through-traffic
EVT441376,2026-02-25 18:06:12,Concert,J023,Basavanagudi,5444,Weekday,False,Clear,False,0.0,False,False,1.0,Severe,7.9,70.1,512.2,0.172,0.396,0.919,Heavy congestion detected - signal timing extended and reroute suggested
EVT441377,2025-07-15 03:24:23,Concert,J040,City Market,11766,Weekday,False,Light Rain,True,7.3,False,False,0.355,Moderate,27.1,24.1,184.2,0.142,0.327,0.926,Light rain detected - minor speed reduction advised
EVT441378,2026-05-09 15:52:40,Local Market Day,J011,Indiranagar 100ft Road,2507,Weekend,False,Clear,False,0.0,False,False,0.352,Moderate,32.4,25.1,148.6,0.14,0.323,0.966,Moderate traffic flow - standard adaptive signal timing in effect
EVT441379,2026-01-21 21:36:11,Local Market Day,J040,City Market,2355,Weekday,False,Clear,False,0.0,False,False,0.218,Low,39.6,14.4,158.4,0.164,0.378,0.976,Normal free-flow traffic - standard signal timing maintained
EVT441380,2025-08-17 08:24:53,Trade Fair,J009,Majestic,16752,Weekend,False,Heavy Rain,True,25.3,False,False,1.0,Severe,8.2,71.6,736.9,0.26,0.6,0.854,Heavy rain reducing visibility and grip - reduced speed and longer buffer advised
EVT441381,2026-04-07 22:51:34,Sports Fixture,J012,Koramangala Sony World,22538,Weekday,False,Clear,False,0.0,False,False,0.244,Low,40.9,16.9,108.2,0.113,0.262,0.963,Normal free-flow traffic - standard signal timing maintained
EVT441382,2025-09-29 10:26:07,Local Market Day,J009,Majestic,3808,Weekday,False,Clear,False,0.0,False,False,0.638,High,14.2,44.0,432.8,0.207,0.478,0.96,Moderate traffic flow - standard adaptive signal timing in effect
EVT441383,2026-05-16 17:58:54,Local Market Day,J012,Koramangala Sony World,7705,Weekend,False,Clear,False,0.0,False,False,0.801,Severe,17.8,56.2,317.1,0.178,0.412,0.955,Heavy congestion detected - signal timing extended and reroute suggested
EVT441384,2025-09-10 19:48:57,Local Market Day,J011,Indiranagar 100ft Road,7598,Weekday,False,Clear,False,0.0,False,False,0.771,Severe,20.2,58.4,159.7,0.11,0.254,0.965,Heavy congestion detected - signal timing extended and reroute suggested
EVT441385,2025-12-15 05:07:36,Sports Fixture,J020,Malleshwaram Circle,18643,Weekday,False,Clear,False,0.0,False,False,0.277,Low,33.2,15.3,207.6,0.199,0.46,0.968,Moderate traffic flow - standard adaptive signal timing in effect
EVT441386,2025-02-14 08:07:11,Political Rally,J040,City Market,10403,Weekday,False,Clear,False,0.0,False,False,0.916,Severe,12.2,69.8,461.0,0.204,0.47,0.902,Heavy congestion detected - signal timing extended and reroute suggested
EVT441387,2025-06-28 22:25:45,Sports Fixture,J031,Cubbon Road,24797,Weekend,False,Clear,False,0.0,False,False,0.419,Moderate,24.2,23.6,172.3,0.14,0.324,0.955,Moderate traffic flow - standard adaptive signal timing in effect
EVT441388,2026-02-06 19:29:10,Concert,J040,City Market,11716,Weekday,False,Clear,False,0.0,False,False,0.921,Severe,11.6,65.0,701.5,0.298,0.688,0.932,Heavy congestion detected - signal timing extended and reroute suggested
EVT441389,2025-02-23 12:05:15,Local Market Day,J030,MG Road,2658,Weekend,False,Fog,False,0.0,False,False,0.211,Low,32.8,13.5,72.6,0.068,0.157,0.99,Normal free-flow traffic - standard signal timing maintained
EVT441390,2026-02-25 07:51:27,Sports Fixture,J020,Malleshwaram Circle,31760,Weekday,False,Clear,False,0.0,False,False,0.949,Severe,11.2,69.2,266.4,0.125,0.289,0.943,Heavy congestion detected - signal timing extended and reroute suggested
EVT441391,2025-06-28 19:30:04,Trade Fair,J020,Malleshwaram Circle,18031,Weekend,False,Rain,True,11.7,False,False,0.952,Severe,12.3,66.6,569.6,0.263,0.608,0.874,Heavy rain reducing visibility and grip - reduced speed and longer buffer advised
EVT441392,2025-01-04 18:36:45,Sports Fixture,J031,Cubbon Road,19722,Weekend,False,Clear,False,0.0,False,False,0.989,Severe,9.6,72.7,471.9,0.184,0.425,0.933,Heavy congestion detected - signal timing extended and reroute suggested
EVT441393,2026-03-15 19:33:30,Local Market Day,J031,Cubbon Road,3552,Weekend,False,Clear,False,0.0,False,False,0.752,Severe,13.5,57.6,285.4,0.142,0.328,0.953,Heavy congestion detected - signal timing extended and reroute suggested
EVT441394,2025-03-29 19:58:10,Sports Fixture,J040,City Market,10576,Weekend,False,Clear,False,0.0,False,False,0.628,High,22.2,43.7,132.8,0.089,0.206,0.973,Moderate traffic flow - standard adaptive signal timing in effect
EVT441395,2025-11-14 16:05:23,Trade Fair,J031,Cubbon Road,10849,Weekday,False,Clear,False,0.0,False,False,0.477,Moderate,27.4,31.7,198.3,0.155,0.358,0.96,Moderate traffic flow - standard adaptive signal timing in effect
EVT441396,2025-07-18 17:55:44,Local Market Day,J030,MG Road,2917,Weekday,False,Clear,False,0.0,False,False,1.0,Severe,10.5,73.0,617.8,0.279,0.644,0.913,Heavy congestion detected - signal timing extended and reroute suggested
EVT441397,2025-01-20 13:45:43,Political Rally,J030,MG Road,11029,Weekday,False,Clear,False,0.0,False,False,0.256,Low,31.9,10.2,119.7,0.111,0.257,0.951,Moderate traffic flow - standard adaptive signal timing in effect
EVT441398,2026-04-04 20:20:53,Political Rally,J011,Indiranagar 100ft Road,11286,Weekend,False,Clear,False,0.0,False,False,0.58,High,15.0,36.3,226.7,0.113,0.26,0.963,Moderate traffic flow - standard adaptive signal timing in effect
EVT441399,2025-02-03 13:22:11,Political Rally,J020,Malleshwaram Circle,11949,Weekday,False,Clear,False,0.0,False,False,0.194,Low,24.1,17.4,176.9,0.114,0.262,0.974,Normal free-flow traffic - standard signal timing maintained
EVT441400,2025-03-24 15:17:07,Sports Fixture,J030,MG Road,23851,Weekday,False,Clear,False,0.0,False,False,0.348,Low,28.4,24.5,234.5,0.153,0.353,0.967,Moderate traffic flow - standard adaptive signal timing in effect
EVT441401,2025-11-17 19:59:54,Concert,J012,Koramangala Sony World,15124,Weekday,False,Clear,False,0.0,False,False,0.801,Severe,16.9,56.7,171.9,0.107,0.247,0.977,Heavy congestion detected - signal timing extended and reroute suggested
EVT441402,2025-02-07 08:33:25,Concert,J020,Malleshwaram Circle,10012,Weekday,False,Clear,False,0.0,False,False,0.97,Severe,9.3,73.3,568.2,0.204,0.471,0.911,Heavy congestion detected - signal timing extended and reroute suggested
EVT441403,2025-12-04 07:39:14,Political Rally,J012,Koramangala Sony World,13822,Weekday,False,Clear,False,0.0,False,False,0.73,High,18.0,53.7,445.2,0.282,0.651,0.962,Moderate traffic flow - standard adaptive signal timing in effect
EVT441404,2026-02-01 08:37:01,Trade Fair,J020,Malleshwaram Circle,11112,Weekend,False,Clear,False,0.0,False,False,0.909,Severe,11.5,64.3,479.7,0.201,0.465,0.914,Heavy congestion detected - signal timing extended and reroute suggested
EVT441405,2025-05-01 08:45:11,Religious Festival,J040,City Market,25030,Weekday,True,Fog,False,0.0,False,False,1.0,Severe,6.4,65.5,580.0,0.173,0.401,0.868,Festival crowd surge detected - alternate route and extended cycle recommended
EVT441406,2025-08-11 12:19:10,Sports Fixture,J023,Basavanagudi,28611,Weekday,False,Clear,False,0.0,False,False,0.367,Moderate,29.4,28.2,243.7,0.195,0.45,0.962,Moderate traffic flow - standard adaptive signal timing in effect
EVT441407,2025-01-16 18:50:10,Local Market Day,J020,Malleshwaram Circle,4614,Weekday,False,Clear,False,0.0,False,False,1.0,Severe,10.2,68.0,319.9,0.122,0.282,0.909,Heavy congestion detected - signal timing extended and reroute suggested
EVT441408,2025-11-21 08:16:36,Sports Fixture,J023,Basavanagudi,26365,Weekday,False,Clear,False,0.0,False,False,1.0,Severe,7.7,75.1,557.6,0.181,0.418,0.932,Heavy congestion detected - signal timing extended and reroute suggested
EVT441409,2026-06-09 13:55:39,Concert,J031,Cubbon Road,7222,Weekday,False,Clear,False,0.0,False,False,0.214,Low,33.5,17.9,73.0,0.067,0.155,0.965,Normal free-flow traffic - standard signal timing maintained
EVT441410,2025-06-24 17:04:25,Concert,J030,MG Road,12844,Weekday,False,Heavy Rain,True,39.3,False,False,1.0,Severe,9.5,71.3,450.0,0.186,0.429,0.85,Heavy rain reducing visibility and grip - reduced speed and longer buffer advised
EVT441411,2025-08-20 17:23:16,Local Market Day,J040,City Market,2903,Weekday,False,Rain,True,8.0,False,False,0.979,Severe,9.6,65.8,581.5,0.231,0.533,0.846,Heavy rain reducing visibility and grip - reduced speed and longer buffer advised
EVT441412,2026-04-21 17:45:38,Trade Fair,J030,MG Road,6861,Weekday,False,Clear,False,0.0,False,False,0.956,Severe,10.0,64.8,691.0,0.261,0.602,0.906,Heavy congestion detected - signal timing extended and reroute suggested
EVT441413,2025-12-17 11:36:07,Concert,J020,Malleshwaram Circle,11575,Weekday,False,Clear,False,0.0,False,False,0.309,Low,32.3,22.1,107.0,0.086,0.198,0.971,Moderate traffic flow - standard adaptive signal timing in effect
EVT441414,2025-04-28 07:46:06,Trade Fair,J040,City Market,9072,Weekday,False,Clear,False,0.0,False,False,0.777,Severe,13.7,56.5,343.7,0.157,0.363,0.945,Heavy congestion detected - signal timing extended and reroute suggested
EVT441415,2026-02-22 08:58:45,Sports Fixture,J009,Majestic,34915,Weekend,False,Clear,False,0.0,False,False,1.0,Severe,10.3,69.3,539.4,0.215,0.496,0.9,Heavy congestion detected - signal timing extended and reroute suggested
EVT441416,2026-06-01 10:57:11,Local Market Day,J031,Cubbon Road,4427,Weekday,False,Clear,False,0.0,False,False,0.43,Moderate,26.7,32.1,253.0,0.178,0.412,0.947,Moderate traffic flow - standard adaptive signal timing in effect
EVT441417,2025-03-08 11:39:33,Trade Fair,J031,Cubbon Road,8916,Weekend,False,Clear,False,0.0,False,False,0.361,Moderate,34.3,21.8,150.8,0.15,0.346,0.99,Moderate traffic flow - standard adaptive signal timing in effect
EVT441418,2026-02-07 09:03:58,Sports Fixture,J031,Cubbon Road,18725,Weekend,False,Clear,False,0.0,False,False,0.859,Severe,16.8,58.1,262.8,0.153,0.354,0.945,Heavy congestion detected - signal timing extended and reroute suggested
EVT441419,2026-04-05 07:01:35,Local Market Day,J040,City Market,3801,Weekend,False,Clear,False,0.0,False,False,0.493,Moderate,23.9,39.7,207.6,0.146,0.338,0.956,Moderate traffic flow - standard adaptive signal timing in effect
EVT441420,2025-04-06 19:21:48,Religious Festival,J023,Basavanagudi,47768,Weekend,True,Clear,False,0.0,False,True,1.0,Severe,9.3,98.9,437.8,0.177,0.409,0.867,Road closure for event/procession - full detour recommended for through-traffic
EVT441421,2026-03-29 10:54:16,Local Market Day,J011,Indiranagar 100ft Road,5419,Weekend,False,Clear,False,0.0,False,False,0.515,Moderate,24.7,38.1,173.1,0.138,0.319,0.976,Moderate traffic flow - standard adaptive signal timing in effect
EVT441422,2026-06-14 05:25:38,Political Rally,J020,Malleshwaram Circle,26037,Weekend,False,Clear,False,0.0,False,False,0.506,Moderate,29.4,37.8,225.2,0.192,0.444,0.956,Moderate traffic flow - standard adaptive signal timing in effect
EVT441423,2025-08-16 14:20:29,Religious Festival,J040,City Market,45386,Weekend,True,Clear,False,0.0,False,True,0.79,High,15.4,72.2,229.1,0.124,0.285,0.859,Road closure for event/procession - full detour recommended for through-traffic
EVT441424,2025-01-19 05:24:26,Local Market Day,J009,Majestic,4782,Weekend,False,Clear,False,0.0,False,False,0.292,Low,25.8,15.6,258.2,0.181,0.419,0.954,Moderate traffic flow - standard adaptive signal timing in effect
EVT441425,2026-05-30 17:43:04,Trade Fair,J011,Indiranagar 100ft Road,5519,Weekend,False,Clear,False,0.0,False,False,0.757,Severe,16.9,55.7,242.4,0.158,0.364,0.974,Heavy congestion detected - signal timing extended and reroute suggested
EVT441426,2025-12-27 10:19:22,Concert,J020,Malleshwaram Circle,16652,Weekend,False,Clear,False,0.0,False,False,0.691,High,14.9,47.1,441.4,0.224,0.518,0.956,Moderate traffic flow - standard adaptive signal timing in effect
EVT441427,2025-07-09 12:54:51,Local Market Day,J023,Basavanagudi,4801,Weekday,False,Heavy Rain,True,65.8,False,False,0.502,Moderate,16.2,35.1,201.9,0.098,0.225,0.931,Light rain detected - minor speed reduction advised
EVT441428,2026-02-07 17:51:57,Concert,J012,Koramangala Sony World,15365,Weekend,False,Clear,False,0.0,False,False,0.82,Severe,15.3,64.0,154.6,0.089,0.204,0.959,Heavy congestion detected - signal timing extended and reroute suggested
EVT441429,2025-01-08 06:07:10,Trade Fair,J040,City Market,9889,Weekday,False,Clear,False,0.0,False,False,0.271,Low,34.1,22.2,221.7,0.176,0.407,0.961,Moderate traffic flow - standard adaptive signal timing in effect
EVT441430,2025-11-17 17:38:35,Local Market Day,J031,Cubbon Road,2390,Weekday,False,Clear,False,0.0,False,False,0.896,Severe,14.2,64.4,230.6,0.127,0.294,0.924,Heavy congestion detected - signal timing extended and reroute suggested
EVT441431,2025-12-16 21:52:08,Trade Fair,J023,Basavanagudi,10901,Weekday,False,Clear,False,0.0,False,False,0.312,Low,35.6,20.9,51.3,0.046,0.105,0.978,Moderate traffic flow - standard adaptive signal timing in effect
EVT441432,2025-04-05 14:58:08,Concert,J040,City Market,18373,Weekend,False,Clear,False,0.0,False,False,0.486,Moderate,24.9,34.3,246.8,0.182,0.421,0.95,Moderate traffic flow - standard adaptive signal timing in effect
EVT441433,2025-11-25 08:16:11,Trade Fair,J040,City Market,10477,Weekday,False,Rain,True,12.2,False,False,1.0,Severe,8.8,72.3,952.2,0.316,0.73,0.859,Heavy rain reducing visibility and grip - reduced speed and longer buffer advised
EVT441434,2026-04-06 12:24:54,Sports Fixture,J040,City Market,9038,Weekday,False,Clear,False,0.0,False,False,0.23,Low,33.7,11.3,175.6,0.139,0.32,0.956,Normal free-flow traffic - standard signal timing maintained
EVT441435,2026-06-09 08:41:38,Sports Fixture,J031,Cubbon Road,18712,Weekday,False,Clear,False,0.0,False,False,1.0,Severe,9.4,70.7,412.3,0.159,0.367,0.881,Heavy congestion detected - signal timing extended and reroute suggested
EVT441436,2025-01-11 05:17:48,Concert,J023,Basavanagudi,14460,Weekend,False,Rain,True,9.0,False,False,0.301,Low,34.1,26.0,157.8,0.143,0.33,0.88,Light rain detected - minor speed reduction advised
EVT441437,2025-01-10 15:21:54,Concert,J023,Basavanagudi,14667,Weekday,False,Clear,False,0.0,False,False,0.38,Moderate,24.9,25.9,69.6,0.048,0.11,0.978,Moderate traffic flow - standard adaptive signal timing in effect
EVT441438,2026-05-18 11:20:16,Concert,J020,Malleshwaram Circle,9973,Weekday,False,Clear,False,0.0,False,False,0.322,Low,31.9,28.0,162.2,0.138,0.32,0.944,Moderate traffic flow - standard adaptive signal timing in effect
EVT441439,2025-09-14 19:01:30,Concert,J012,Koramangala Sony World,10661,Weekend,False,Heavy Rain,True,63.0,False,False,1.0,Severe,7.1,73.6,689.8,0.215,0.497,0.868,Heavy rain reducing visibility and grip - reduced speed and longer buffer advised
EVT441440,2025-06-11 18:16:11,Local Market Day,J031,Cubbon Road,3868,Weekday,False,Clear,False,0.0,False,False,1.0,Severe,8.4,74.9,486.2,0.156,0.361,0.898,Heavy congestion detected - signal timing extended and reroute suggested
EVT441441,2025-01-06 09:46:39,Trade Fair,J012,Koramangala Sony World,6343,Weekday,False,Clear,False,0.0,False,False,0.912,Severe,13.2,59.1,357.5,0.172,0.398,0.918,Heavy congestion detected - signal timing extended and reroute suggested
EVT441442,2025-08-07 19:49:26,Local Market Day,J011,Indiranagar 100ft Road,4231,Weekday,False,Clear,False,0.0,False,False,0.811,Severe,15.8,60.5,433.9,0.251,0.581,0.974,Heavy congestion detected - signal timing extended and reroute suggested
EVT441443,2025-10-15 13:21:57,Sports Fixture,J009,Majestic,47325,Weekday,False,Rain,True,18.3,False,False,0.682,High,18.6,45.6,283.8,0.169,0.39,0.943,Heavy rain reducing visibility and grip - reduced speed and longer buffer advised
EVT441444,2025-04-18 12:53:22,Local Market Day,J030,MG Road,4847,Weekday,False,Fog,False,0.0,False,False,0.147,Low,37.9,7.9,97.7,0.071,0.164,0.979,Normal free-flow traffic - standard signal timing maintained
EVT441445,2025-11-11 12:19:19,Concert,J020,Malleshwaram Circle,18008,Weekday,False,Light Rain,True,0.9,False,False,0.315,Low,26.8,14.9,185.1,0.136,0.313,0.912,Light rain detected - minor speed reduction advised
EVT441446,2025-10-21 07:02:50,Religious Festival,J030,MG Road,47786,Weekday,True,Clear,False,0.0,True,True,1.0,Severe,8.5,95.1,289.1,0.121,0.28,0.678,Road closure for event/procession - full detour recommended for through-traffic
EVT441447,2025-02-03 12:49:04,Local Market Day,J012,Koramangala Sony World,2918,Weekday,False,Clear,False,0.0,False,False,0.148,Low,25.1,10.2,163.9,0.079,0.182,0.96,Normal free-flow traffic - standard signal timing maintained
EVT441448,2025-05-03 19:29:08,Local Market Day,J020,Malleshwaram Circle,2064,Weekend,False,Clear,False,0.0,False,False,0.75,Severe,18.7,57.5,122.7,0.074,0.172,0.937,Heavy congestion detected - signal timing extended and reroute suggested
EVT441449,2025-03-19 14:40:57,Trade Fair,J012,Koramangala Sony World,8233,Weekday,False,Clear,False,0.0,False,False,0.338,Low,32.7,24.4,132.1,0.117,0.271,0.976,Moderate traffic flow - standard adaptive signal timing in effect
EVT441450,2025-08-29 07:11:53,Sports Fixture,J040,City Market,13169,Weekday,False,Clear,False,0.0,False,False,0.559,High,21.8,40.4,242.5,0.163,0.377,0.969,Moderate traffic flow - standard adaptive signal timing in effect
EVT441451,2025-02-05 12:41:13,Local Market Day,J012,Koramangala Sony World,3639,Weekday,False,Clear,False,0.0,False,False,0.171,Low,42.6,12.9,130.7,0.118,0.272,0.964,Normal free-flow traffic - standard signal timing maintained
EVT441452,2025-03-24 21:30:48,Trade Fair,J009,Majestic,10501,Weekday,False,Clear,False,0.0,False,False,0.362,Moderate,26.5,28.8,211.1,0.175,0.404,0.954,Moderate traffic flow - standard adaptive signal timing in effect
EVT441453,2025-07-06 09:59:14,Sports Fixture,J009,Majestic,13555,Weekend,False,Rain,True,14.2,False,False,0.859,Severe,13.8,60.4,461.5,0.243,0.561,0.888,Heavy rain reducing visibility and grip - reduced speed and longer buffer advised
EVT441454,2026-05-28 16:25:49,Trade Fair,J011,Indiranagar 100ft Road,13201,Weekday,False,Clear,False,0.0,False,False,0.558,High,22.6,41.3,156.3,0.118,0.272,0.97,Moderate traffic flow - standard adaptive signal timing in effect
EVT441455,2025-06-02 09:42:07,Local Market Day,J023,Basavanagudi,5731,Weekday,False,Heavy Rain,True,26.0,False,False,1.0,Severe,7.7,73.8,547.7,0.198,0.458,0.872,Heavy rain reducing visibility and grip - reduced speed and longer buffer advised
EVT441456,2025-09-02 15:03:30,Concert,J020,Malleshwaram Circle,11270,Weekday,False,Clear,False,0.0,False,False,0.256,Low,32.1,17.5,224.4,0.186,0.429,0.972,Moderate traffic flow - standard adaptive signal timing in effect
EVT441457,2025-10-10 06:42:02,Local Market Day,J020,Malleshwaram Circle,4009,Weekday,False,Clear,False,0.0,False,False,0.283,Low,21.9,19.1,81.6,0.057,0.133,0.99,Moderate traffic flow - standard adaptive signal timing in effect
EVT441458,2025-10-04 18:52:29,Local Market Day,J011,Indiranagar 100ft Road,2803,Weekend,False,Clear,False,0.0,False,False,0.803,Severe,15.0,63.7,321.4,0.166,0.383,0.959,Heavy congestion detected - signal timing extended and reroute suggested
EVT441459,2026-02-07 21:48:14,Sports Fixture,J031,Cubbon Road,25069,Weekend,False,Clear,False,0.0,False,False,0.54,Moderate,19.3,38.0,286.3,0.186,0.43,0.961,Moderate traffic flow - standard adaptive signal timing in effect
EVT441460,2026-06-20 18:52:51,Trade Fair,J023,Basavanagudi,12161,Weekend,False,Heavy Rain,True,40.8,False,False,1.0,Severe,8.0,73.4,581.7,0.206,0.475,0.857,Heavy rain reducing visibility and grip - reduced speed and longer buffer advised
EVT441461,2026-02-18 06:49:57,Concert,J011,Indiranagar 100ft Road,8932,Weekday,False,Clear,False,0.0,False,False,0.367,Moderate,24.4,21.4,100.9,0.085,0.195,0.947,Moderate traffic flow - standard adaptive signal timing in effect
EVT441462,2025-11-10 18:34:41,Local Market Day,J011,Indiranagar 100ft Road,2669,Weekday,False,Clear,False,0.0,False,False,1.0,Severe,9.4,73.4,379.6,0.169,0.39,0.884,Heavy congestion detected - signal timing extended and reroute suggested
EVT441463,2025-03-11 05:24:20,Local Market Day,J023,Basavanagudi,4689,Weekday,False,Clear,False,0.0,False,False,0.155,Low,38.8,15.9,76.4,0.065,0.149,0.962,Normal free-flow traffic - standard signal timing maintained
EVT441464,2025-07-19 10:41:32,Trade Fair,J012,Koramangala Sony World,5613,Weekend,False,Clear,False,0.0,False,False,0.501,Moderate,26.8,38.1,273.6,0.217,0.502,0.959,Moderate traffic flow - standard adaptive signal timing in effect
EVT441465,2025-08-05 13:53:40,Local Market Day,J030,MG Road,5350,Weekday,False,Light Rain,True,7.3,False,False,0.232,Low,33.1,20.4,118.5,0.122,0.282,0.92,Light rain detected - minor speed reduction advised
EVT441466,2025-11-29 17:11:04,Concert,J030,MG Road,18222,Weekend,False,Clear,False,0.0,False,False,0.835,Severe,14.1,62.9,287.6,0.124,0.287,0.925,Heavy congestion detected - signal timing extended and reroute suggested
EVT441467,2025-06-17 00:26:17,Local Market Day,J020,Malleshwaram Circle,5109,Weekday,False,Clear,False,0.0,False,False,0.197,Low,36.4,13.8,122.7,0.109,0.251,0.983,Normal free-flow traffic - standard signal timing maintained
EVT441468,2026-03-09 07:55:46,Political Rally,J040,City Market,21300,Weekday,False,Clear,False,0.0,False,False,0.851,Severe,13.4,62.9,196.1,0.092,0.212,0.93,Heavy congestion detected - signal timing extended and reroute suggested
EVT441469,2025-03-21 12:29:21,Sports Fixture,J030,MG Road,19662,Weekday,False,Clear,False,0.0,False,False,0.273,Low,18.8,20.1,321.6,0.164,0.38,0.972,Moderate traffic flow - standard adaptive signal timing in effect
EVT441470,2025-12-30 07:12:29,Concert,J012,Koramangala Sony World,13277,Weekday,False,Clear,False,0.0,False,False,0.618,High,20.1,45.2,186.6,0.137,0.316,0.982,Moderate traffic flow - standard adaptive signal timing in effect
EVT441471,2025-05-24 01:53:37,Local Market Day,J040,City Market,7334,Weekend,False,Clear,False,0.0,False,False,0.279,Low,37.5,23.9,158.9,0.159,0.367,0.986,Moderate traffic flow - standard adaptive signal timing in effect
EVT441472,2025-10-29 08:01:43,Sports Fixture,J011,Indiranagar 100ft Road,18039,Weekday,False,Clear,False,0.0,True,False,1.0,Severe,10.0,73.0,654.9,0.286,0.662,0.735,Accident detected nearby - reroute and reduced speed advised
EVT441473,2025-11-26 09:02:10,Concert,J012,Koramangala Sony World,17029,Weekday,False,Clear,False,0.0,False,False,1.0,Severe,8.6,71.0,341.1,0.133,0.308,0.926,Heavy congestion detected - signal timing extended and reroute suggested
EVT441474,2025-10-08 08:46:57,Trade Fair,J040,City Market,8688,Weekday,False,Clear,False,0.0,False,False,1.0,Severe,11.4,68.4,341.7,0.159,0.367,0.939,Heavy congestion detected - signal timing extended and reroute suggested
EVT441475,2026-05-08 00:24:47,Sports Fixture,J040,City Market,14734,Weekday,False,Clear,False,0.0,False,False,0.168,Low,37.5,5.9,64.3,0.064,0.147,0.961,Normal free-flow traffic - standard signal timing maintained
EVT441476,2025-05-27 17:14:32,Concert,J040,City Market,6668,Weekday,False,Fog,False,0.0,False,False,0.812,Severe,14.5,56.9,214.1,0.113,0.262,0.967,Heavy congestion detected - signal timing extended and reroute suggested
EVT441477,2025-10-18 08:34:17,Sports Fixture,J012,Koramangala Sony World,13286,Weekend,False,Clear,False,0.0,False,False,0.882,Severe,11.2,62.8,296.6,0.131,0.304,0.945,Heavy congestion detected - signal timing extended and reroute suggested
EVT441478,2026-05-17 14:16:15,Local Market Day,J030,MG Road,2766,Weekend,False,Clear,False,0.0,False,False,0.265,Low,24.8,19.4,162.3,0.127,0.293,0.961,Moderate traffic flow - standard adaptive signal timing in effect
EVT441479,2025-08-13 08:31:52,Sports Fixture,J020,Malleshwaram Circle,34007,Weekday,False,Clear,False,0.0,False,False,1.0,Severe,8.3,66.0,555.0,0.163,0.376,0.924,Heavy congestion detected - signal timing extended and reroute suggested
EVT441480,2025-11-11 03:08:53,Local Market Day,J031,Cubbon Road,2593,Weekday,False,Clear,False,0.0,False,False,0.083,Low,44.3,2.0,75.1,0.079,0.183,0.961,Normal free-flow traffic - standard signal timing maintained
EVT441481,2025-06-16 07:08:11,Sports Fixture,J020,Malleshwaram Circle,27628,Weekday,False,Rain,True,17.0,False,False,0.776,Severe,18.0,52.8,229.9,0.165,0.38,0.927,Heavy rain reducing visibility and grip - reduced speed and longer buffer advised
EVT441482,2025-07-18 09:06:31,Concert,J011,Indiranagar 100ft Road,11906,Weekday,False,Light Rain,True,7.2,False,False,1.0,Severe,6.4,76.3,585.9,0.187,0.433,0.886,Heavy rain reducing visibility and grip - reduced speed and longer buffer advised
EVT441483,2026-04-10 06:55:29,Concert,J020,Malleshwaram Circle,11404,Weekday,False,Clear,False,0.0,False,False,0.466,Moderate,20.7,32.7,229.0,0.148,0.341,0.955,Moderate traffic flow - standard adaptive signal timing in effect
EVT441484,2025-12-21 06:01:51,Concert,J020,Malleshwaram Circle,10797,Weekend,False,Clear,False,0.0,False,False,0.39,Moderate,30.0,22.6,200.1,0.158,0.365,0.97,Moderate traffic flow - standard adaptive signal timing in effect
EVT441485,2025-08-22 18:23:32,Trade Fair,J030,MG Road,19013,Weekday,False,Clear,False,0.0,False,False,1.0,Severe,7.0,74.6,237.5,0.073,0.17,0.946,Heavy congestion detected - signal timing extended and reroute suggested
EVT441486,2025-08-12 08:58:28,Local Market Day,J040,City Market,5448,Weekday,False,Clear,False,0.0,False,False,0.968,Severe,10.0,69.6,469.1,0.194,0.448,0.945,Heavy congestion detected - signal timing extended and reroute suggested
EVT441487,2025-03-16 08:44:51,Sports Fixture,J011,Indiranagar 100ft Road,19653,Weekend,False,Clear,False,0.0,False,False,0.98,Severe,11.1,68.9,457.7,0.187,0.432,0.907,Heavy congestion detected - signal timing extended and reroute suggested
EVT441488,2026-01-30 21:24:27,Concert,J020,Malleshwaram Circle,11563,Weekday,False,Clear,False,0.0,False,False,0.46,Moderate,24.4,31.8,121.2,0.073,0.168,0.95,Moderate traffic flow - standard adaptive signal timing in effect
EVT441489,2025-01-28 19:57:15,Trade Fair,J011,Indiranagar 100ft Road,7019,Weekday,False,Clear,False,0.0,False,False,0.703,High,16.2,50.0,205.6,0.11,0.254,0.981,Moderate traffic flow - standard adaptive signal timing in effect
EVT441490,2025-05-18 22:05:24,Trade Fair,J012,Koramangala Sony World,11485,Weekend,False,Clear,False,0.0,False,False,0.394,Moderate,28.7,39.2,165.6,0.113,0.261,0.969,Moderate traffic flow - standard adaptive signal timing in effect
EVT441491,2026-03-28 17:20:27,Concert,J020,Malleshwaram Circle,4114,Weekend,False,Clear,False,0.0,False,False,0.662,High,17.9,43.9,312.4,0.179,0.414,0.99,Moderate traffic flow - standard adaptive signal timing in effect
EVT441492,2026-02-27 19:01:20,Trade Fair,J012,Koramangala Sony World,7553,Weekday,False,Clear,False,0.0,False,False,0.915,Severe,13.9,68.3,280.0,0.161,0.371,0.925,Heavy congestion detected - signal timing extended and reroute suggested
EVT441493,2025-03-20 10:09:55,Sports Fixture,J011,Indiranagar 100ft Road,47102,Weekday,False,Clear,False,0.0,False,False,1.0,Severe,7.7,69.0,316.7,0.109,0.253,0.9,Heavy congestion detected - signal timing extended and reroute suggested
EVT441494,2025-11-27 20:22:36,Local Market Day,J011,Indiranagar 100ft Road,4264,Weekday,False,Clear,False,0.0,False,False,0.616,High,22.4,44.0,219.8,0.148,0.342,0.946,Moderate traffic flow - standard adaptive signal timing in effect
EVT441495,2025-07-25 15:10:46,Trade Fair,J023,Basavanagudi,9984,Weekday,False,Clear,False,0.0,False,False,0.259,Low,24.1,18.8,250.2,0.161,0.371,0.943,Moderate traffic flow - standard adaptive signal timing in effect
EVT441496,2026-04-24 13:34:57,Sports Fixture,J040,City Market,40284,Weekday,False,Clear,False,0.0,False,False,0.436,Moderate,25.1,29.9,284.0,0.181,0.419,0.968,Moderate traffic flow - standard adaptive signal timing in effect
EVT441497,2026-01-08 08:23:02,Trade Fair,J012,Koramangala Sony World,8388,Weekday,False,Clear,False,0.0,False,False,1.0,Severe,6.5,66.3,452.0,0.131,0.303,0.922,Heavy congestion detected - signal timing extended and reroute suggested
EVT441498,2025-05-05 19:00:07,Local Market Day,J012,Koramangala Sony World,5384,Weekday,False,Clear,False,0.0,False,False,0.954,Severe,8.6,64.2,399.3,0.13,0.299,0.923,Heavy congestion detected - signal timing extended and reroute suggested
EVT441499,2026-05-14 18:55:23,Trade Fair,J011,Indiranagar 100ft Road,9528,Weekday,False,Clear,False,0.0,False,False,1.0,Severe,5.4,70.7,1029.1,0.243,0.561,0.909,Heavy congestion detected - signal timing extended and reroute suggested
EVT441500,2025-04-06 16:32:08,Fireworks Display,J023,Basavanagudi,21159,Weekend,True,Clear,False,0.0,False,False,0.831,Severe,14.6,56.4,284.1,0.145,0.335,0.915,Festival crowd surge detected - alternate route and extended cycle recommended
EVT441501,2025-01-04 08:07:23,Local Market Day,J012,Koramangala Sony World,7297,Weekend,False,Fog,False,0.0,False,False,0.794,Severe,15.9,58.6,200.3,0.108,0.25,0.943,Heavy congestion detected - signal timing extended and reroute suggested
EVT441502,2025-03-13 18:25:47,Local Market Day,J030,MG Road,4496,Weekday,False,Clear,False,0.0,False,False,1.0,Severe,8.9,75.3,696.6,0.251,0.581,0.91,Heavy congestion detected - signal timing extended and reroute suggested
EVT441503,2025-04-04 11:10:42,Sports Fixture,J009,Majestic,28160,Weekday,False,Clear,False,0.0,False,False,0.515,Moderate,27.2,27.6,198.5,0.169,0.391,0.975,Moderate traffic flow - standard adaptive signal timing in effect
EVT441504,2025-12-14 14:44:30,Sports Fixture,J023,Basavanagudi,21229,Weekend,False,Clear,False,0.0,False,False,0.364,Moderate,29.8,24.9,225.2,0.186,0.43,0.968,Moderate traffic flow - standard adaptive signal timing in effect
EVT441505,2025-02-27 15:50:26,Trade Fair,J040,City Market,8382,Weekday,False,Clear,False,0.0,False,False,0.359,Moderate,32.3,24.1,128.8,0.126,0.291,0.942,Moderate traffic flow - standard adaptive signal timing in effect
EVT441506,2026-03-19 16:24:40,Cultural Procession,J030,MG Road,20315,Weekday,True,Light Rain,True,2.1,False,True,0.976,Severe,8.1,99.5,738.9,0.224,0.517,0.774,Road closure for event/procession - full detour recommended for through-traffic
EVT441507,2025-06-01 17:48:55,Trade Fair,J012,Koramangala Sony World,12939,Weekend,False,Clear,False,0.0,False,False,0.961,Severe,10.6,72.5,325.5,0.153,0.353,0.915,Heavy congestion detected - signal timing extended and reroute suggested
EVT441508,2025-03-05 19:46:51,Concert,J012,Koramangala Sony World,18388,Weekday,False,Fog,False,0.0,False,False,0.826,Severe,13.4,55.6,495.3,0.252,0.582,0.967,Heavy congestion detected - signal timing extended and reroute suggested
EVT441509,2026-03-10 10:49:17,Sports Fixture,J030,MG Road,26079,Weekday,False,Clear,False,0.0,False,False,0.591,High,22.5,43.8,293.8,0.192,0.443,0.955,Moderate traffic flow - standard adaptive signal timing in effect
EVT441510,2025-01-09 19:55:28,Local Market Day,J011,Indiranagar 100ft Road,2469,Weekday,False,Clear,False,0.0,False,False,0.653,High,15.2,44.7,274.0,0.169,0.391,0.968,Moderate traffic flow - standard adaptive signal timing in effect
EVT441511,2026-04-16 07:47:32,Local Market Day,J011,Indiranagar 100ft Road,3944,Weekday,False,Clear,False,0.0,False,False,0.784,Severe,17.6,54.2,367.7,0.199,0.459,0.962,Heavy congestion detected - signal timing extended and reroute suggested
EVT441512,2025-09-06 21:40:51,Cultural Procession,J009,Majestic,17056,Weekend,True,Clear,False,0.0,False,True,0.793,High,13.4,78.8,513.1,0.223,0.515,0.883,Road closure for event/procession - full detour recommended for through-traffic
EVT441513,2025-03-02 17:11:23,Sports Fixture,J011,Indiranagar 100ft Road,34490,Weekend,False,Clear,False,0.0,False,False,0.775,Severe,12.8,57.5,325.2,0.138,0.318,0.955,Heavy congestion detected - signal timing extended and reroute suggested
EVT441514,2025-12-19 08:16:19,Political Rally,J011,Indiranagar 100ft Road,13527,Weekday,False,Clear,False,0.0,False,False,0.925,Severe,12.8,62.8,336.6,0.149,0.344,0.942,Heavy congestion detected - signal timing extended and reroute suggested
EVT441515,2025-11-10 20:14:55,Trade Fair,J031,Cubbon Road,10588,Weekday,False,Clear,False,0.0,False,False,0.744,High,15.5,55.1,412.3,0.246,0.568,0.978,Moderate traffic flow - standard adaptive signal timing in effect
EVT441516,2025-03-20 06:19:48,Sports Fixture,J012,Koramangala Sony World,25966,Weekday,False,Clear,False,0.0,False,False,0.46,Moderate,28.2,27.7,99.7,0.083,0.192,0.972,Moderate traffic flow - standard adaptive signal timing in effect
EVT441517,2026-01-08 18:59:15,Trade Fair,J020,Malleshwaram Circle,9759,Weekday,False,Clear,False,0.0,False,False,1.0,Severe,9.4,68.0,490.8,0.189,0.436,0.917,Heavy congestion detected - signal timing extended and reroute suggested
EVT441518,2025-08-29 18:36:12,Political Rally,J040,City Market,22479,Weekday,False,Clear,False,0.0,False,False,1.0,Severe,9.1,71.8,471.6,0.192,0.443,0.924,Heavy congestion detected - signal timing extended and reroute suggested
EVT441519,2025-06-29 18:52:35,Concert,J030,MG Road,9405,Weekend,False,Clear,False,0.0,False,False,0.845,Severe,15.4,59.9,313.6,0.195,0.45,0.945,Heavy congestion detected - signal timing extended and reroute suggested
EVT441520,2025-04-28 16:16:41,Local Market Day,J030,MG Road,3408,Weekday,False,Clear,False,0.0,False,False,0.542,Moderate,27.1,40.4,202.0,0.147,0.339,0.99,Moderate traffic flow - standard adaptive signal timing in effect
EVT441521,2026-03-14 09:39:11,Trade Fair,J012,Koramangala Sony World,8051,Weekend,False,Clear,False,0.0,False,False,0.84,Severe,13.2,62.0,274.7,0.131,0.304,0.944,Heavy congestion detected - signal timing extended and reroute suggested
EVT441522,2025-09-08 17:54:18,Trade Fair,J031,Cubbon Road,9962,Weekday,False,Rain,True,11.0,False,False,1.0,Severe,8.9,73.8,352.4,0.123,0.283,0.897,Heavy rain reducing visibility and grip - reduced speed and longer buffer advised
EVT441523,2025-11-07 14:09:10,Sports Fixture,J031,Cubbon Road,31141,Weekday,False,Rain,True,12.5,False,False,0.472,Moderate,26.3,41.5,112.6,0.078,0.18,0.906,Light rain detected - minor speed reduction advised
EVT441524,2025-11-25 16:49:59,Political Rally,J009,Majestic,13996,Weekday,False,Fog,False,0.0,False,False,0.738,High,16.7,47.4,346.5,0.18,0.417,0.947,Moderate traffic flow - standard adaptive signal timing in effect
EVT441525,2026-06-29 06:17:30,Sports Fixture,J020,Malleshwaram Circle,29878,Weekday,False,Rain,True,21.3,False,False,0.582,High,19.6,45.0,153.8,0.099,0.229,0.934,Heavy rain reducing visibility and grip - reduced speed and longer buffer advised
EVT441526,2025-10-11 18:28:39,Political Rally,J020,Malleshwaram Circle,18831,Weekend,False,Heavy Rain,True,30.7,False,False,1.0,Severe,9.7,71.9,611.3,0.224,0.518,0.892,Heavy rain reducing visibility and grip - reduced speed and longer buffer advised
EVT441527,2026-05-01 19:03:45,Religious Festival,J011,Indiranagar 100ft Road,48904,Weekday,True,Fog,False,0.0,False,True,1.0,Severe,8.9,104.7,681.8,0.255,0.59,0.843,Road closure for event/procession - full detour recommended for through-traffic
EVT441528,2025-04-08 09:30:48,Trade Fair,J031,Cubbon Road,9007,Weekday,False,Fog,False,0.0,False,False,1.0,Severe,9.3,67.7,389.6,0.123,0.285,0.941,Heavy congestion detected - signal timing extended and reroute suggested
EVT441529,2025-12-28 08:15:57,Local Market Day,J040,City Market,6339,Weekend,False,Clear,False,0.0,False,False,0.791,Severe,14.6,62.7,326.3,0.188,0.435,0.943,Heavy congestion detected - signal timing extended and reroute suggested
EVT441530,2026-01-12 02:37:48,Sports Fixture,J020,Malleshwaram Circle,23532,Weekday,False,Clear,False,0.0,False,False,0.227,Low,32.3,11.3,136.9,0.133,0.308,0.967,Normal free-flow traffic - standard signal timing maintained
EVT441531,2025-03-05 07:49:09,Local Market Day,J030,MG Road,5775,Weekday,False,Clear,False,0.0,False,False,0.763,Severe,15.4,53.0,334.8,0.19,0.438,0.95,Heavy congestion detected - signal timing extended and reroute suggested
EVT441532,2026-02-12 09:46:43,Concert,J009,Majestic,11138,Weekday,False,Clear,False,0.0,False,False,0.944,Severe,7.7,73.7,429.5,0.146,0.337,0.94,Heavy congestion detected - signal timing extended and reroute suggested
EVT441533,2025-08-17 12:32:43,Sports Fixture,J031,Cubbon Road,32121,Weekend,False,Clear,False,0.0,False,False,0.487,Moderate,20.4,35.7,292.0,0.169,0.391,0.955,Moderate traffic flow - standard adaptive signal timing in effect
EVT441534,2026-02-05 15:28:38,Concert,J023,Basavanagudi,12596,Weekday,False,Clear,False,0.0,False,False,0.42,Moderate,28.0,26.0,224.9,0.167,0.385,0.987,Moderate traffic flow - standard adaptive signal timing in effect
EVT441535,2026-03-20 17:12:27,Religious Festival,J030,MG Road,39404,Weekday,True,Clear,False,0.0,False,False,1.0,Severe,9.3,69.3,421.1,0.164,0.379,0.883,Festival crowd surge detected - alternate route and extended cycle recommended
EVT441536,2025-06-16 19:55:44,Local Market Day,J023,Basavanagudi,3775,Weekday,False,Clear,False,0.0,False,False,0.823,Severe,12.5,65.2,282.4,0.141,0.326,0.969,Heavy congestion detected - signal timing extended and reroute suggested
EVT441537,2025-03-23 20:56:27,Local Market Day,J031,Cubbon Road,7171,Weekend,False,Clear,False,0.0,False,False,0.437,Moderate,30.2,31.2,139.6,0.113,0.261,0.984,Moderate traffic flow - standard adaptive signal timing in effect
EVT441538,2026-03-24 20:30:53,Sports Fixture,J030,MG Road,20230,Weekday,False,Clear,False,0.0,False,False,0.726,High,16.7,47.9,346.3,0.19,0.439,0.966,Moderate traffic flow - standard adaptive signal timing in effect
EVT441539,2026-03-14 11:24:58,Trade Fair,J030,MG Road,13935,Weekend,False,Clear,False,0.0,False,False,0.454,Moderate,26.5,26.4,168.7,0.134,0.309,0.963,Moderate traffic flow - standard adaptive signal timing in effect
EVT441540,2026-02-01 06:28:29,Local Market Day,J040,City Market,4729,Weekend,False,Clear,False,0.0,False,False,0.366,Moderate,29.9,24.6,84.5,0.069,0.16,0.96,Moderate traffic flow - standard adaptive signal timing in effect
EVT441541,2025-07-27 00:09:03,Sports Fixture,J030,MG Road,20090,Weekend,False,Heavy Rain,True,25.5,False,False,0.555,High,25.3,45.3,235.4,0.178,0.412,0.915,Heavy rain reducing visibility and grip - reduced speed and longer buffer advised
EVT441542,2026-06-23 09:35:25,Concert,J020,Malleshwaram Circle,14345,Weekday,False,Clear,False,0.0,False,False,1.0,Severe,6.9,66.2,531.7,0.169,0.391,0.932,Heavy congestion detected - signal timing extended and reroute suggested
EVT441543,2025-09-02 04:11:28,Concert,J023,Basavanagudi,15054,Weekday,False,Clear,False,0.0,False,False,0.224,Low,22.6,19.0,218.0,0.127,0.293,0.964,Normal free-flow traffic - standard signal timing maintained
EVT441544,2025-01-27 10:12:14,Religious Festival,J031,Cubbon Road,99962,Weekday,True,Clear,False,0.0,False,True,1.0,Severe,8.7,102.6,485.2,0.181,0.419,0.842,Road closure for event/procession - full detour recommended for through-traffic
EVT441545,2026-06-14 18:23:59,Concert,J031,Cubbon Road,13095,Weekend,False,Clear,False,0.0,False,False,0.964,Severe,13.4,72.1,428.8,0.23,0.532,0.913,Heavy congestion detected - signal timing extended and reroute suggested
EVT441546,2026-01-27 09:52:00,Cultural Procession,J023,Basavanagudi,21623,Weekday,True,Clear,False,0.0,False,True,1.0,Severe,6.2,106.9,282.7,0.098,0.226,0.833,Road closure for event/procession - full detour recommended for through-traffic
EVT441547,2026-05-30 16:47:40,Local Market Day,J023,Basavanagudi,2699,Weekend,False,Heavy Rain,True,44.1,False,False,0.915,Severe,9.9,67.0,173.6,0.088,0.203,0.882,Heavy rain reducing visibility and grip - reduced speed and longer buffer advised
EVT441548,2025-11-11 20:34:05,Local Market Day,J023,Basavanagudi,6455,Weekday,False,Clear,False,0.0,False,False,0.508,Moderate,24.4,38.6,155.6,0.122,0.283,0.97,Moderate traffic flow - standard adaptive signal timing in effect
EVT441549,2025-06-23 21:15:32,Trade Fair,J009,Majestic,9398,Weekday,False,Rain,True,24.4,False,False,0.657,High,26.3,44.6,87.5,0.065,0.149,0.916,Heavy rain reducing visibility and grip - reduced speed and longer buffer advised
EVT441550,2025-02-17 20:06:21,Local Market Day,J031,Cubbon Road,4665,Weekday,False,Clear,False,0.0,False,False,0.636,High,25.6,48.8,192.1,0.139,0.322,0.98,Moderate traffic flow - standard adaptive signal timing in effect
EVT441551,2025-10-23 17:21:59,Political Rally,J031,Cubbon Road,22879,Weekday,False,Clear,False,0.0,False,False,0.901,Severe,13.6,69.9,435.1,0.219,0.506,0.937,Heavy congestion detected - signal timing extended and reroute suggested
EVT441552,2025-11-16 10:08:03,Trade Fair,J023,Basavanagudi,12596,Weekend,False,Clear,False,0.0,False,False,0.648,High,17.5,46.1,348.1,0.219,0.506,0.965,Moderate traffic flow - standard adaptive signal timing in effect
EVT441553,2026-04-30 13:39:11,Concert,J011,Indiranagar 100ft Road,5082,Weekday,False,Clear,False,0.0,False,False,0.237,Low,31.0,16.4,186.4,0.171,0.394,0.964,Normal free-flow traffic - standard signal timing maintained
EVT441554,2025-08-07 19:09:02,Sports Fixture,J031,Cubbon Road,20075,Weekday,False,Heavy Rain,True,47.5,False,False,1.0,Severe,9.2,64.0,812.7,0.299,0.69,0.872,Heavy rain reducing visibility and grip - reduced speed and longer buffer advised
EVT441555,2025-07-19 08:52:02,Political Rally,J020,Malleshwaram Circle,12254,Weekend,False,Clear,False,0.0,False,False,0.953,Severe,9.8,69.5,547.3,0.208,0.481,0.913,Heavy congestion detected - signal timing extended and reroute suggested
EVT441556,2025-04-14 08:13:09,Religious Festival,J009,Majestic,52203,Weekday,True,Clear,False,0.0,False,False,1.0,Severe,9.4,75.6,377.5,0.146,0.338,0.857,Festival crowd surge detected - alternate route and extended cycle recommended
EVT441557,2025-10-06 10:30:59,Concert,J012,Koramangala Sony World,7276,Weekday,False,Clear,False,0.0,False,False,0.616,High,23.3,41.4,433.1,0.308,0.712,0.95,Moderate traffic flow - standard adaptive signal timing in effect
EVT441558,2026-02-05 16:36:58,Trade Fair,J023,Basavanagudi,3666,Weekday,False,Clear,False,0.0,True,False,0.974,Severe,10.6,72.7,483.0,0.194,0.448,0.767,Accident detected nearby - reroute and reduced speed advised
EVT441559,2026-06-05 17:56:19,Local Market Day,J009,Majestic,5676,Weekday,False,Clear,False,0.0,False,False,0.988,Severe,8.4,70.8,682.9,0.227,0.524,0.929,Heavy congestion detected - signal timing extended and reroute suggested
EVT441560,2025-11-19 09:41:26,Concert,J030,MG Road,17343,Weekday,False,Clear,False,0.0,False,False,0.987,Severe,8.8,67.7,440.2,0.164,0.378,0.92,Heavy congestion detected - signal timing extended and reroute suggested
EVT441561,2025-10-14 14:38:09,Trade Fair,J011,Indiranagar 100ft Road,11838,Weekday,False,Clear,False,0.0,False,False,0.237,Low,40.0,18.8,201.1,0.216,0.499,0.96,Normal free-flow traffic - standard signal timing maintained
EVT441562,2025-01-26 11:21:01,Religious Festival,J011,Indiranagar 100ft Road,78817,Weekend,True,Clear,False,0.0,False,True,1.0,Severe,7.2,96.0,1134.9,0.374,0.864,0.824,Road closure for event/procession - full detour recommended for through-traffic
EVT441563,2025-06-22 14:53:39,Sports Fixture,J023,Basavanagudi,18766,Weekend,False,Rain,True,20.1,False,False,0.547,Moderate,23.2,40.0,184.5,0.12,0.276,0.94,Light rain detected - minor speed reduction advised
EVT441564,2025-02-11 08:32:56,Political Rally,J012,Koramangala Sony World,16896,Weekday,False,Fog,False,0.0,False,False,1.0,Severe,8.3,77.6,740.2,0.255,0.59,0.933,Heavy congestion detected - signal timing extended and reroute suggested
EVT441565,2025-12-21 08:00:10,Political Rally,J020,Malleshwaram Circle,16111,Weekend,False,Clear,False,0.0,False,False,0.752,Severe,15.1,56.4,199.7,0.106,0.246,0.974,Heavy congestion detected - signal timing extended and reroute suggested
EVT441566,2025-09-30 15:44:36,Concert,J040,City Market,7829,Weekday,False,Clear,False,0.0,False,False,0.449,Moderate,28.9,29.4,162.1,0.132,0.306,0.967,Moderate traffic flow - standard adaptive signal timing in effect
EVT441567,2025-06-16 17:53:56,Local Market Day,J009,Majestic,3344,Weekday,False,Clear,False,0.0,False,False,0.958,Severe,10.7,69.4,428.6,0.196,0.453,0.908,Heavy congestion detected - signal timing extended and reroute suggested
EVT441568,2025-08-24 06:12:24,Sports Fixture,J030,MG Road,22821,Weekend,False,Clear,False,0.0,False,False,0.368,Moderate,34.6,24.3,119.2,0.126,0.291,0.963,Moderate traffic flow - standard adaptive signal timing in effect
EVT441569,2026-06-15 09:14:41,Concert,J040,City Market,9686,Weekday,False,Heavy Rain,True,91.3,True,False,1.0,Severe,7.9,69.9,201.9,0.077,0.177,0.717,Accident detected nearby - reroute and reduced speed advised
EVT441570,2025-10-02 09:28:54,Religious Festival,J023,Basavanagudi,58158,Weekday,True,Clear,False,0.0,False,False,1.0,Severe,7.6,68.2,486.0,0.152,0.351,0.85,Festival crowd surge detected - alternate route and extended cycle recommended
EVT441571,2026-05-29 08:25:19,Local Market Day,J030,MG Road,3271,Weekday,False,Clear,False,0.0,False,False,0.92,Severe,11.0,64.1,425.6,0.169,0.39,0.937,Heavy congestion detected - signal timing extended and reroute suggested
EVT441572,2025-09-18 15:06:31,Sports Fixture,J031,Cubbon Road,29581,Weekday,False,Clear,False,0.0,False,False,0.441,Moderate,26.3,32.0,189.8,0.148,0.341,0.982,Moderate traffic flow - standard adaptive signal timing in effect
EVT441573,2025-05-16 19:09:18,Concert,J030,MG Road,6134,Weekday,False,Clear,False,0.0,False,False,1.0,Severe,8.2,78.2,612.7,0.209,0.483,0.913,Heavy congestion detected - signal timing extended and reroute suggested
EVT441574,2025-02-13 12:29:41,Local Market Day,J020,Malleshwaram Circle,4665,Weekday,False,Clear,False,0.0,False,False,0.157,Low,35.1,13.3,201.7,0.185,0.426,0.969,Normal free-flow traffic - standard signal timing maintained
EVT441575,2025-06-15 10:04:56,Sports Fixture,J020,Malleshwaram Circle,15668,Weekend,False,Heavy Rain,True,36.2,False,False,1.0,Severe,8.4,72.5,467.6,0.178,0.412,0.86,Heavy rain reducing visibility and grip - reduced speed and longer buffer advised
EVT441576,2025-04-27 09:11:54,Trade Fair,J020,Malleshwaram Circle,7821,Weekend,False,Clear,False,0.0,False,False,0.821,Severe,10.8,61.4,330.0,0.162,0.374,0.942,Heavy congestion detected - signal timing extended and reroute suggested
EVT441577,2025-05-29 11:18:01,Local Market Day,J023,Basavanagudi,3882,Weekday,False,Clear,False,0.0,False,False,0.332,Low,25.9,20.2,120.0,0.094,0.217,0.947,Moderate traffic flow - standard adaptive signal timing in effect
EVT441578,2025-03-13 16:42:56,Local Market Day,J011,Indiranagar 100ft Road,8418,Weekday,False,Clear,False,0.0,False,False,0.585,High,23.6,40.2,349.6,0.242,0.56,0.947,Moderate traffic flow - standard adaptive signal timing in effect
EVT441579,2025-12-07 17:45:19,Trade Fair,J020,Malleshwaram Circle,8666,Weekend,False,Clear,False,0.0,False,False,0.775,Severe,17.9,54.2,199.6,0.114,0.262,0.962,Heavy congestion detected - signal timing extended and reroute suggested
EVT441580,2025-02-05 21:34:18,Trade Fair,J012,Koramangala Sony World,5918,Weekday,False,Clear,False,0.0,False,False,0.228,Low,41.9,21.8,101.6,0.116,0.268,0.941,Normal free-flow traffic - standard signal timing maintained
EVT441581,2025-09-15 16:59:33,Local Market Day,J012,Koramangala Sony World,1138,Weekday,False,Clear,False,0.0,False,False,0.694,High,17.6,45.3,130.6,0.081,0.187,0.975,Moderate traffic flow - standard adaptive signal timing in effect
EVT441582,2026-06-03 23:19:18,Sports Fixture,J023,Basavanagudi,18258,Weekday,False,Clear,False,0.0,False,False,0.287,Low,34.2,23.8,139.3,0.116,0.269,0.97,Moderate traffic flow - standard adaptive signal timing in effect
EVT441583,2026-03-23 07:01:37,Local Market Day,J030,MG Road,3584,Weekday,False,Clear,False,0.0,False,False,0.47,Moderate,27.5,38.8,209.2,0.173,0.4,0.99,Moderate traffic flow - standard adaptive signal timing in effect
EVT441584,2025-06-12 06:17:06,Concert,J030,MG Road,13019,Weekday,False,Clear,False,0.0,False,False,0.397,Moderate,29.0,24.6,187.6,0.165,0.381,0.957,Moderate traffic flow - standard adaptive signal timing in effect
EVT441585,2025-06-07 10:27:46,Concert,J040,City Market,17233,Weekend,False,Clear,False,0.0,False,False,0.704,High,19.2,48.9,355.4,0.226,0.522,0.957,Moderate traffic flow - standard adaptive signal timing in effect
EVT441586,2025-04-16 17:24:35,Trade Fair,J040,City Market,6177,Weekday,False,Clear,False,0.0,False,False,0.881,Severe,11.2,59.2,363.2,0.18,0.416,0.934,Heavy congestion detected - signal timing extended and reroute suggested
EVT441587,2025-03-14 21:23:08,Religious Festival,J040,City Market,41258,Weekday,True,Clear,False,0.0,False,True,0.871,High,11.7,70.4,308.2,0.148,0.343,0.843,Road closure for event/procession - full detour recommended for through-traffic
EVT441588,2025-06-04 23:41:13,Trade Fair,J011,Indiranagar 100ft Road,15653,Weekday,False,Clear,False,0.0,False,False,0.234,Low,35.9,13.7,154.7,0.132,0.305,0.99,Normal free-flow traffic - standard signal timing maintained
EVT441589,2025-10-08 18:50:13,Trade Fair,J030,MG Road,13240,Weekday,False,Clear,False,0.0,False,False,1.0,Severe,7.2,65.8,624.8,0.194,0.449,0.94,Heavy congestion detected - signal timing extended and reroute suggested
EVT441590,2025-12-23 19:14:11,Trade Fair,J011,Indiranagar 100ft Road,7668,Weekday,False,Clear,False,0.0,False,False,0.943,Severe,9.2,71.1,416.3,0.161,0.372,0.929,Heavy congestion detected - signal timing extended and reroute suggested
EVT441591,2025-02-01 16:39:04,Concert,J031,Cubbon Road,11930,Weekend,False,Clear,False,0.0,False,False,0.515,Moderate,23.7,32.0,232.4,0.151,0.348,0.975,Moderate traffic flow - standard adaptive signal timing in effect
EVT441592,2026-04-07 19:43:21,Trade Fair,J009,Majestic,7561,Weekday,False,Clear,False,0.0,False,False,0.812,Severe,15.2,55.8,179.9,0.11,0.255,0.947,Heavy congestion detected - signal timing extended and reroute suggested
EVT441593,2025-12-21 20:31:58,Concert,J009,Majestic,14226,Weekend,False,Clear,False,0.0,False,False,0.593,High,21.5,43.6,265.4,0.167,0.387,0.99,Moderate traffic flow - standard adaptive signal timing in effect
EVT441594,2025-01-29 08:18:08,Sports Fixture,J009,Majestic,40395,Weekday,False,Clear,False,0.0,False,False,1.0,Severe,9.2,69.6,545.7,0.188,0.435,0.92,Heavy congestion detected - signal timing extended and reroute suggested
EVT441595,2025-11-07 15:07:27,Trade Fair,J012,Koramangala Sony World,9142,Weekday,False,Clear,False,0.0,False,False,0.311,Low,34.1,22.0,161.6,0.147,0.339,0.954,Moderate traffic flow - standard adaptive signal timing in effect
EVT441596,2025-01-13 19:20:54,Local Market Day,J012,Koramangala Sony World,5787,Weekday,False,Clear,False,0.0,False,False,0.964,Severe,9.9,69.2,808.0,0.29,0.67,0.899,Heavy congestion detected - signal timing extended and reroute suggested
EVT441597,2026-02-21 19:42:12,Political Rally,J011,Indiranagar 100ft Road,17578,Weekend,False,Fog,False,0.0,False,False,0.723,High,19.0,51.1,317.6,0.222,0.512,0.957,Moderate traffic flow - standard adaptive signal timing in effect
EVT441598,2025-06-13 21:02:14,Trade Fair,J030,MG Road,9585,Weekday,False,Rain,True,16.1,False,False,0.621,High,23.0,49.0,147.7,0.09,0.208,0.924,Heavy rain reducing visibility and grip - reduced speed and longer buffer advised
EVT441599,2025-06-07 12:19:12,Concert,J020,Malleshwaram Circle,8793,Weekend,False,Clear,False,0.0,False,False,0.289,Low,27.5,26.8,274.2,0.192,0.444,0.987,Moderate traffic flow - standard adaptive signal timing in effect
EVT441600,2026-05-25 18:59:31,Trade Fair,J023,Basavanagudi,7221,Weekday,False,Light Rain,True,7.1,False,False,1.0,Severe,7.4,74.7,731.4,0.221,0.511,0.878,Heavy rain reducing visibility and grip - reduced speed and longer buffer advised
EVT441601,2026-04-18 08:17:58,Trade Fair,J023,Basavanagudi,4888,Weekend,False,Clear,False,0.0,False,False,0.796,Severe,15.4,52.1,315.1,0.161,0.372,0.957,Heavy congestion detected - signal timing extended and reroute suggested
EVT441602,2025-12-21 15:13:50,Trade Fair,J030,MG Road,11823,Weekend,False,Clear,False,0.0,False,False,0.365,Moderate,27.7,34.1,191.6,0.147,0.34,0.969,Moderate traffic flow - standard adaptive signal timing in effect
EVT441603,2026-06-23 00:08:39,Local Market Day,J031,Cubbon Road,5328,Weekday,False,Clear,False,0.0,False,False,0.225,Low,31.5,19.4,109.1,0.104,0.241,0.982,Normal free-flow traffic - standard signal timing maintained
EVT441604,2025-08-20 20:11:38,Political Rally,J011,Indiranagar 100ft Road,10132,Weekday,False,Rain,True,15.0,False,False,0.855,Severe,14.5,60.5,301.4,0.161,0.372,0.902,Heavy rain reducing visibility and grip - reduced speed and longer buffer advised
EVT441605,2025-05-12 19:56:06,Local Market Day,J023,Basavanagudi,7331,Weekday,False,Rain,True,13.8,False,False,0.958,Severe,10.6,64.9,208.4,0.089,0.206,0.864,Heavy rain reducing visibility and grip - reduced speed and longer buffer advised
EVT441606,2026-03-05 13:03:00,Cultural Procession,J030,MG Road,12429,Weekday,True,Clear,False,0.0,False,False,0.43,Moderate,27.0,28.5,201.4,0.158,0.365,0.916,Moderate traffic flow - standard adaptive signal timing in effect
EVT441607,2025-10-12 09:33:28,Trade Fair,J040,City Market,6377,Weekend,False,Clear,False,0.0,False,False,0.8,Severe,13.7,61.6,267.2,0.12,0.277,0.965,Heavy congestion detected - signal timing extended and reroute suggested
EVT441608,2025-07-17 11:10:49,Concert,J023,Basavanagudi,8158,Weekday,False,Rain,True,15.1,False,False,0.601,High,23.5,41.5,225.5,0.155,0.358,0.895,Heavy rain reducing visibility and grip - reduced speed and longer buffer advised
EVT441609,2026-04-28 08:12:04,Sports Fixture,J030,MG Road,14291,Weekday,False,Clear,False,0.0,False,False,0.905,Severe,13.7,61.2,428.1,0.201,0.464,0.945,Heavy congestion detected - signal timing extended and reroute suggested
EVT441610,2025-03-05 07:13:53,Concert,J031,Cubbon Road,8918,Weekday,False,Clear,False,0.0,False,False,0.534,Moderate,24.4,37.7,250.2,0.181,0.419,0.972,Moderate traffic flow - standard adaptive signal timing in effect
EVT441611,2025-05-22 12:45:33,Local Market Day,J009,Majestic,3347,Weekday,False,Fog,False,0.0,False,False,0.213,Low,33.6,15.3,112.2,0.086,0.199,0.98,Normal free-flow traffic - standard signal timing maintained
EVT441612,2025-04-18 10:10:45,Trade Fair,J012,Koramangala Sony World,10889,Weekday,False,Clear,False,0.0,False,False,0.853,Severe,14.7,59.7,333.5,0.183,0.422,0.962,Heavy congestion detected - signal timing extended and reroute suggested
EVT441613,2025-08-05 21:35:27,Local Market Day,J040,City Market,2134,Weekday,False,Heavy Rain,True,53.6,False,False,0.623,High,21.3,41.7,289.4,0.204,0.472,0.929,Heavy rain reducing visibility and grip - reduced speed and longer buffer advised
EVT441614,2026-05-27 15:17:26,Local Market Day,J009,Majestic,5305,Weekday,False,Clear,False,0.0,False,False,0.303,Low,39.5,27.5,166.3,0.155,0.359,0.99,Moderate traffic flow - standard adaptive signal timing in effect
EVT441615,2025-01-27 07:58:17,Cultural Procession,J031,Cubbon Road,22635,Weekday,True,Clear,False,0.0,False,True,1.0,Severe,8.8,97.2,504.4,0.178,0.411,0.861,Road closure for event/procession - full detour recommended for through-traffic
EVT441616,2025-05-02 13:24:00,Religious Festival,J040,City Market,42705,Weekday,True,Clear,False,0.0,False,True,0.842,High,14.4,85.4,297.6,0.142,0.328,0.872,Road closure for event/procession - full detour recommended for through-traffic
EVT441617,2025-04-19 07:09:35,Political Rally,J031,Cubbon Road,18023,Weekend,False,Rain,True,18.5,False,False,0.779,Severe,18.3,53.5,317.0,0.185,0.427,0.908,Heavy rain reducing visibility and grip - reduced speed and longer buffer advised
EVT441618,2025-11-01 14:21:58,Religious Festival,J023,Basavanagudi,31507,Weekend,True,Clear,False,0.0,False,True,0.763,High,14.6,81.2,444.7,0.232,0.535,0.895,Road closure for event/procession - full detour recommended for through-traffic
EVT441619,2026-01-24 12:04:48,Concert,J009,Majestic,12828,Weekend,False,Clear,False,0.0,False,False,0.311,Low,31.1,23.6,215.0,0.18,0.417,0.968,Moderate traffic flow - standard adaptive signal timing in effect
EVT441620,2025-09-09 20:48:01,Local Market Day,J012,Koramangala Sony World,2902,Weekday,False,Rain,True,19.2,False,False,0.665,High,16.7,51.2,290.5,0.158,0.364,0.947,Heavy rain reducing visibility and grip - reduced speed and longer buffer advised
EVT441621,2025-05-07 18:02:31,Concert,J009,Majestic,11193,Weekday,False,Fog,False,0.0,False,False,1.0,Severe,6.8,78.3,1061.4,0.286,0.662,0.918,Heavy congestion detected - signal timing extended and reroute suggested
EVT441622,2025-01-15 20:45:09,Fireworks Display,J012,Koramangala Sony World,38861,Weekday,True,Clear,False,0.0,False,False,0.967,Severe,10.0,66.0,427.2,0.18,0.417,0.87,Festival crowd surge detected - alternate route and extended cycle recommended
EVT441623,2025-12-21 08:35:17,Concert,J009,Majestic,12965,Weekend,False,Clear,False,0.0,False,False,0.929,Severe,8.5,66.6,415.1,0.166,0.383,0.895,Heavy congestion detected - signal timing extended and reroute suggested
EVT441624,2025-03-09 17:04:33,Local Market Day,J012,Koramangala Sony World,3757,Weekend,False,Clear,False,0.0,False,False,0.633,High,21.9,49.3,184.3,0.121,0.28,0.965,Moderate traffic flow - standard adaptive signal timing in effect
EVT441625,2025-05-26 08:38:22,Local Market Day,J023,Basavanagudi,4261,Weekday,False,Rain,True,17.8,False,False,1.0,Severe,8.0,70.0,637.2,0.223,0.515,0.874,Heavy rain reducing visibility and grip - reduced speed and longer buffer advised
EVT441626,2025-07-26 00:39:40,Trade Fair,J011,Indiranagar 100ft Road,11808,Weekend,False,Heavy Rain,True,33.9,False,False,0.553,High,23.1,41.4,192.2,0.115,0.265,0.939,Heavy rain reducing visibility and grip - reduced speed and longer buffer advised
EVT441627,2026-01-16 18:13:04,Trade Fair,J012,Koramangala Sony World,6934,Weekday,False,Clear,False,0.0,True,False,1.0,Severe,7.9,73.9,368.9,0.122,0.281,0.755,Accident detected nearby - reroute and reduced speed advised
EVT441628,2026-04-04 15:52:42,Sports Fixture,J031,Cubbon Road,13893,Weekend,False,Clear,False,0.0,False,False,0.502,Moderate,25.4,42.0,266.2,0.178,0.411,0.969,Moderate traffic flow - standard adaptive signal timing in effect
EVT441629,2025-03-12 14:32:43,Concert,J009,Majestic,10381,Weekday,False,Clear,False,0.0,False,False,0.214,Low,33.6,13.8,58.1,0.063,0.147,0.966,Normal free-flow traffic - standard signal timing maintained
EVT441630,2025-11-07 22:06:22,Local Market Day,J011,Indiranagar 100ft Road,4185,Weekday,False,Clear,False,0.0,False,False,0.273,Low,30.6,22.6,165.8,0.113,0.261,0.954,Moderate traffic flow - standard adaptive signal timing in effect
EVT441631,2026-05-08 20:17:32,Concert,J009,Majestic,10362,Weekday,False,Clear,False,0.0,False,False,0.629,High,20.5,45.0,277.4,0.177,0.409,0.962,Moderate traffic flow - standard adaptive signal timing in effect
EVT441632,2025-11-20 08:19:34,Local Market Day,J040,City Market,2365,Weekday,False,Clear,False,0.0,False,False,0.834,Severe,12.6,65.6,311.4,0.143,0.331,0.916,Heavy congestion detected - signal timing extended and reroute suggested
EVT441633,2025-03-31 18:23:47,Fireworks Display,J011,Indiranagar 100ft Road,15570,Weekday,True,Rain,True,9.5,False,False,1.0,Severe,8.1,70.6,499.1,0.151,0.349,0.815,Festival crowd surge detected - alternate route and extended cycle recommended
EVT441634,2025-04-13 08:25:02,Local Market Day,J020,Malleshwaram Circle,3575,Weekend,False,Clear,False,0.0,False,False,0.841,Severe,18.0,59.7,168.9,0.101,0.233,0.924,Heavy congestion detected - signal timing extended and reroute suggested
EVT441635,2025-05-23 18:49:13,Trade Fair,J030,MG Road,10120,Weekday,False,Fog,False,0.0,False,False,0.943,Severe,10.3,64.5,314.3,0.142,0.327,0.946,Heavy congestion detected - signal timing extended and reroute suggested
EVT441636,2025-10-13 08:42:12,Local Market Day,J011,Indiranagar 100ft Road,4976,Weekday,False,Clear,False,0.0,False,False,1.0,Severe,7.7,76.4,455.8,0.16,0.37,0.929,Heavy congestion detected - signal timing extended and reroute suggested
EVT441637,2026-05-05 18:48:08,Sports Fixture,J020,Malleshwaram Circle,23821,Weekday,False,Clear,False,0.0,False,False,1.0,Severe,6.9,66.9,651.9,0.187,0.431,0.92,Heavy congestion detected - signal timing extended and reroute suggested
EVT441638,2026-03-01 16:06:24,Local Market Day,J023,Basavanagudi,3948,Weekend,False,Clear,False,0.0,False,False,0.479,Moderate,25.9,36.2,163.4,0.129,0.299,0.96,Moderate traffic flow - standard adaptive signal timing in effect
EVT441639,2025-05-23 08:03:18,Concert,J020,Malleshwaram Circle,19047,Weekday,False,Clear,False,0.0,False,False,0.904,Severe,14.8,70.9,480.6,0.265,0.612,0.928,Heavy congestion detected - signal timing extended and reroute suggested
EVT441640,2026-05-12 17:50:39,Concert,J031,Cubbon Road,10477,Weekday,False,Clear,False,0.0,False,False,0.974,Severe,8.5,67.4,676.1,0.194,0.448,0.911,Heavy congestion detected - signal timing extended and reroute suggested
EVT441641,2025-04-19 06:31:56,Concert,J031,Cubbon Road,17816,Weekend,False,Clear,False,0.0,False,False,0.473,Moderate,27.5,31.2,205.8,0.183,0.423,0.937,Moderate traffic flow - standard adaptive signal timing in effect
EVT441642,2025-07-15 19:30:18,Concert,J011,Indiranagar 100ft Road,7103,Weekday,False,Clear,False,0.0,False,False,0.883,Severe,12.7,63.0,312.7,0.161,0.371,0.925,Heavy congestion detected - signal timing extended and reroute suggested
EVT441643,2025-03-12 11:02:25,Sports Fixture,J020,Malleshwaram Circle,28986,Weekday,False,Clear,False,0.0,False,False,0.52,Moderate,25.3,37.0,245.4,0.175,0.405,0.963,Moderate traffic flow - standard adaptive signal timing in effect
EVT441644,2025-09-02 08:16:17,Sports Fixture,J011,Indiranagar 100ft Road,17468,Weekday,False,Clear,False,0.0,False,False,0.965,Severe,7.9,71.1,503.1,0.166,0.383,0.908,Heavy congestion detected - signal timing extended and reroute suggested
EVT441645,2025-05-16 20:49:53,Local Market Day,J020,Malleshwaram Circle,4167,Weekday,False,Heavy Rain,True,28.1,False,False,0.75,High,16.2,59.9,361.8,0.218,0.503,0.895,Heavy rain reducing visibility and grip - reduced speed and longer buffer advised
EVT441646,2025-12-11 08:26:16,Local Market Day,J011,Indiranagar 100ft Road,4333,Weekday,False,Fog,False,0.0,False,False,0.896,Severe,9.8,64.3,736.2,0.257,0.593,0.92,Heavy congestion detected - signal timing extended and reroute suggested
EVT441647,2025-07-22 17:48:15,Concert,J009,Majestic,8606,Weekday,False,Clear,False,0.0,False,False,1.0,Severe,8.1,72.1,850.7,0.263,0.607,0.909,Heavy congestion detected - signal timing extended and reroute suggested
EVT441648,2025-05-25 09:13:40,Sports Fixture,J023,Basavanagudi,17845,Weekend,False,Clear,False,0.0,False,False,0.923,Severe,13.4,61.9,491.2,0.26,0.6,0.954,Heavy congestion detected - signal timing extended and reroute suggested
EVT441649,2025-02-21 10:00:11,Political Rally,J020,Malleshwaram Circle,27394,Weekday,False,Clear,False,0.0,False,False,0.932,Severe,11.4,65.8,465.6,0.184,0.424,0.953,Heavy congestion detected - signal timing extended and reroute suggested
EVT441650,2026-01-09 12:42:18,Local Market Day,J020,Malleshwaram Circle,6214,Weekday,False,Clear,False,0.0,False,False,0.252,Low,33.2,11.3,62.2,0.051,0.119,0.99,Moderate traffic flow - standard adaptive signal timing in effect
EVT441651,2025-09-18 22:55:01,Sports Fixture,J040,City Market,14761,Weekday,False,Clear,False,0.0,False,False,0.244,Low,44.1,19.9,81.4,0.092,0.212,0.961,Normal free-flow traffic - standard signal timing maintained
EVT441652,2026-03-15 18:55:22,Political Rally,J020,Malleshwaram Circle,9991,Weekend,False,Clear,False,0.0,False,False,0.901,Severe,12.3,64.8,380.4,0.174,0.401,0.952,Heavy congestion detected - signal timing extended and reroute suggested
EVT441653,2026-06-14 15:07:15,Local Market Day,J011,Indiranagar 100ft Road,3464,Weekend,False,Clear,False,0.0,False,False,0.373,Moderate,25.6,20.8,63.7,0.068,0.157,0.975,Moderate traffic flow - standard adaptive signal timing in effect
EVT441654,2025-02-08 19:49:48,Trade Fair,J020,Malleshwaram Circle,9754,Weekend,False,Clear,False,0.0,False,False,0.71,High,17.8,47.5,274.0,0.164,0.38,0.964,Moderate traffic flow - standard adaptive signal timing in effect
EVT441655,2025-05-28 14:58:44,Concert,J020,Malleshwaram Circle,19101,Weekday,False,Clear,False,0.0,False,False,0.318,Low,25.7,18.1,188.7,0.138,0.319,0.977,Moderate traffic flow - standard adaptive signal timing in effect
EVT441656,2026-03-20 18:18:05,Cultural Procession,J023,Basavanagudi,21957,Weekday,True,Clear,False,0.0,False,False,1.0,Severe,7.1,70.5,411.2,0.154,0.357,0.838,Festival crowd surge detected - alternate route and extended cycle recommended
EVT441657,2025-10-24 19:05:01,Local Market Day,J011,Indiranagar 100ft Road,3318,Weekday,False,Clear,False,0.0,False,False,0.99,Severe,8.5,67.7,480.7,0.17,0.392,0.928,Heavy congestion detected - signal timing extended and reroute suggested
EVT441658,2025-06-02 15:54:10,Trade Fair,J023,Basavanagudi,4061,Weekday,False,Heavy Rain,True,38.2,False,False,0.745,High,14.3,52.3,171.3,0.102,0.236,0.912,Heavy rain reducing visibility and grip - reduced speed and longer buffer advised
EVT441659,2025-05-24 19:21:03,Concert,J011,Indiranagar 100ft Road,12224,Weekend,False,Rain,True,13.3,False,False,1.0,Severe,10.4,76.4,893.0,0.34,0.786,0.862,Heavy rain reducing visibility and grip - reduced speed and longer buffer advised
EVT441660,2025-01-24 08:14:04,Concert,J031,Cubbon Road,13677,Weekday,False,Clear,False,0.0,False,False,0.953,Severe,10.5,71.1,513.7,0.208,0.481,0.934,Heavy congestion detected - signal timing extended and reroute suggested
EVT441661,2026-04-08 00:29:30,Sports Fixture,J030,MG Road,20619,Weekday,False,Clear,False,0.0,False,False,0.362,Moderate,30.0,26.3,174.3,0.169,0.39,0.97,Moderate traffic flow - standard adaptive signal timing in effect
EVT441662,2025-03-06 13:43:50,Sports Fixture,J009,Majestic,17591,Weekday,False,Clear,False,0.0,False,False,0.301,Low,27.2,17.9,110.9,0.075,0.173,0.966,Moderate traffic flow - standard adaptive signal timing in effect
EVT441663,2026-04-12 18:06:07,Local Market Day,J030,MG Road,2864,Weekend,False,Clear,False,0.0,False,False,0.819,Severe,18.2,55.6,285.5,0.162,0.374,0.951,Heavy congestion detected - signal timing extended and reroute suggested
EVT441664,2026-05-15 20:10:38,Concert,J031,Cubbon Road,19090,Weekday,False,Clear,False,0.0,False,False,0.81,Severe,13.4,52.8,218.0,0.09,0.208,0.938,Heavy congestion detected - signal timing extended and reroute suggested
EVT441665,2026-05-25 20:45:22,Sports Fixture,J011,Indiranagar 100ft Road,24632,Weekday,False,Clear,False,0.0,False,False,0.608,High,20.0,44.2,287.9,0.173,0.401,0.96,Moderate traffic flow - standard adaptive signal timing in effect
EVT441666,2025-11-27 18:03:21,Trade Fair,J011,Indiranagar 100ft Road,7593,Weekday,False,Clear,False,0.0,False,False,0.996,Severe,8.9,75.8,657.9,0.248,0.574,0.917,Heavy congestion detected - signal timing extended and reroute suggested
EVT441667,2026-04-15 07:12:35,Religious Festival,J040,City Market,25681,Weekday,True,Clear,False,0.0,False,False,0.869,Severe,12.0,57.8,370.8,0.18,0.416,0.874,Festival crowd surge detected - alternate route and extended cycle recommended
EVT441668,2025-06-12 17:19:39,Political Rally,J020,Malleshwaram Circle,18013,Weekday,False,Clear,False,0.0,False,False,0.907,Severe,10.4,64.7,490.9,0.182,0.421,0.921,Heavy congestion detected - signal timing extended and reroute suggested
EVT441669,2026-05-18 16:39:44,Local Market Day,J011,Indiranagar 100ft Road,2155,Weekday,False,Clear,False,0.0,False,False,0.541,Moderate,27.3,38.5,116.6,0.078,0.18,0.946,Moderate traffic flow - standard adaptive signal timing in effect
EVT441670,2025-12-28 19:04:48,Concert,J023,Basavanagudi,10201,Weekend,False,Clear,False,0.0,False,False,0.888,Severe,13.2,63.5,187.8,0.098,0.225,0.897,Heavy congestion detected - signal timing extended and reroute suggested
EVT441671,2025-08-05 13:57:07,Political Rally,J009,Majestic,19298,Weekday,False,Clear,False,0.0,False,False,0.271,Low,26.8,18.2,205.0,0.162,0.374,0.955,Moderate traffic flow - standard adaptive signal timing in effect
EVT441672,2025-02-21 22:19:50,Sports Fixture,J011,Indiranagar 100ft Road,20220,Weekday,False,Clear,False,0.0,False,False,0.361,Moderate,24.7,20.1,62.8,0.045,0.103,0.958,Moderate traffic flow - standard adaptive signal timing in effect
EVT441673,2025-07-27 17:47:39,Trade Fair,J009,Majestic,8102,Weekend,False,Clear,False,0.0,False,False,0.732,High,13.7,54.9,168.8,0.072,0.166,0.976,Moderate traffic flow - standard adaptive signal timing in effect
EVT441674,2025-04-07 07:45:38,Cultural Procession,J031,Cubbon Road,23139,Weekday,True,Clear,False,0.0,False,False,1.0,Severe,10.5,72.7,325.7,0.141,0.326,0.869,Festival crowd surge detected - alternate route and extended cycle recommended
EVT441675,2025-06-06 17:21:03,Trade Fair,J040,City Market,5017,Weekday,False,Clear,False,0.0,False,False,0.797,Severe,15.2,56.0,199.0,0.116,0.267,0.959,Heavy congestion detected - signal timing extended and reroute suggested
EVT441676,2025-06-17 20:01:20,Sports Fixture,J031,Cubbon Road,27726,Weekday,False,Heavy Rain,True,41.8,False,False,1.0,Severe,8.4,65.0,505.4,0.165,0.381,0.856,Heavy rain reducing visibility and grip - reduced speed and longer buffer advised
EVT441677,2026-06-21 14:13:42,Local Market Day,J012,Koramangala Sony World,5071,Weekend,False,Clear,False,0.0,False,False,0.316,Low,34.4,24.9,162.7,0.16,0.37,0.99,Moderate traffic flow - standard adaptive signal timing in effect
EVT441678,2025-09-24 08:39:55,Local Market Day,J031,Cubbon Road,3765,Weekday,False,Clear,False,0.0,False,False,0.941,Severe,11.5,69.2,606.2,0.259,0.598,0.921,Heavy congestion detected - signal timing extended and reroute suggested
EVT441679,2026-03-23 12:25:40,Political Rally,J020,Malleshwaram Circle,14081,Weekday,False,Clear,False,0.0,False,False,0.202,Low,40.6,17.6,110.0,0.109,0.252,0.99,Normal free-flow traffic - standard signal timing maintained
EVT441680,2026-03-19 16:24:02,Fireworks Display,J020,Malleshwaram Circle,34878,Weekday,True,Clear,False,0.0,False,False,0.892,Severe,9.2,64.6,427.7,0.161,0.372,0.865,Festival crowd surge detected - alternate route and extended cycle recommended
EVT441681,2025-04-30 00:07:26,Concert,J009,Majestic,10810,Weekday,False,Clear,False,0.0,False,False,0.202,Low,32.6,20.1,163.6,0.113,0.261,0.951,Normal free-flow traffic - standard signal timing maintained
EVT441682,2025-01-04 09:15:46,Sports Fixture,J031,Cubbon Road,26953,Weekend,False,Clear,False,0.0,False,False,1.0,Severe,7.0,74.6,850.1,0.243,0.562,0.944,Heavy congestion detected - signal timing extended and reroute suggested
EVT441683,2025-03-18 06:59:26,Local Market Day,J020,Malleshwaram Circle,2650,Weekday,False,Clear,False,0.0,False,False,0.395,Moderate,24.3,32.0,221.4,0.153,0.353,0.981,Moderate traffic flow - standard adaptive signal timing in effect
EVT441684,2026-04-21 17:22:15,Concert,J030,MG Road,12927,Weekday,False,Clear,False,0.0,False,False,0.925,Severe,11.2,69.7,465.7,0.234,0.54,0.927,Heavy congestion detected - signal timing extended and reroute suggested
EVT441685,2025-03-18 11:07:08,Political Rally,J020,Malleshwaram Circle,16728,Weekday,False,Clear,False,0.0,False,False,0.478,Moderate,27.7,31.2,67.6,0.056,0.129,0.95,Moderate traffic flow - standard adaptive signal timing in effect
EVT441686,2025-03-19 14:51:38,Sports Fixture,J030,MG Road,29740,Weekday,False,Clear,False,0.0,False,False,0.403,Moderate,33.5,24.0,128.6,0.133,0.307,0.97,Moderate traffic flow - standard adaptive signal timing in effect
EVT441687,2025-09-27 17:44:16,Concert,J023,Basavanagudi,10971,Weekend,False,Clear,False,0.0,False,False,0.855,Severe,13.6,65.1,483.5,0.253,0.584,0.958,Heavy congestion detected - signal timing extended and reroute suggested
EVT441688,2025-10-16 08:06:56,Concert,J011,Indiranagar 100ft Road,7663,Weekday,False,Rain,True,18.8,False,False,1.0,Severe,9.0,69.1,463.3,0.19,0.438,0.856,Heavy rain reducing visibility and grip - reduced speed and longer buffer advised
EVT441689,2026-06-04 08:27:35,Local Market Day,J031,Cubbon Road,3004,Weekday,False,Clear,False,0.0,False,False,1.0,Severe,7.3,67.4,681.0,0.204,0.472,0.899,Heavy congestion detected - signal timing extended and reroute suggested
EVT441690,2025-05-21 07:54:38,Trade Fair,J020,Malleshwaram Circle,25237,Weekday,False,Clear,False,0.0,False,False,0.794,Severe,14.8,54.7,457.0,0.248,0.573,0.929,Heavy congestion detected - signal timing extended and reroute suggested
EVT441691,2025-11-02 14:33:58,Fireworks Display,J009,Majestic,25416,Weekend,True,Clear,False,0.0,False,False,0.591,High,18.3,48.6,189.1,0.108,0.249,0.906,Festival crowd surge detected - alternate route and extended cycle recommended
EVT441692,2026-04-25 19:14:05,Sports Fixture,J012,Koramangala Sony World,30147,Weekend,False,Clear,False,0.0,False,False,0.992,Severe,9.1,69.2,479.6,0.181,0.419,0.886,Heavy congestion detected - signal timing extended and reroute suggested
EVT441693,2025-04-28 19:21:51,Local Market Day,J030,MG Road,3198,Weekday,False,Clear,False,0.0,False,False,0.924,Severe,8.7,66.7,497.0,0.189,0.436,0.914,Heavy congestion detected - signal timing extended and reroute suggested
EVT441694,2025-12-20 08:18:50,Concert,J012,Koramangala Sony World,9467,Weekend,False,Light Rain,True,5.4,False,False,0.948,Severe,9.9,65.0,530.2,0.21,0.486,0.872,Heavy rain reducing visibility and grip - reduced speed and longer buffer advised
EVT441695,2026-05-18 20:33:55,Local Market Day,J011,Indiranagar 100ft Road,5837,Weekday,False,Clear,False,0.0,False,False,0.612,High,22.8,43.2,273.8,0.195,0.45,0.99,Moderate traffic flow - standard adaptive signal timing in effect
EVT441696,2026-06-20 21:17:49,Trade Fair,J020,Malleshwaram Circle,16411,Weekend,False,Heavy Rain,True,58.3,False,False,0.795,Severe,18.9,58.6,446.1,0.29,0.671,0.898,Heavy rain reducing visibility and grip - reduced speed and longer buffer advised
EVT441697,2025-06-06 09:03:53,Concert,J020,Malleshwaram Circle,5632,Weekday,False,Clear,False,0.0,False,False,1.0,Severe,8.3,79.0,558.5,0.187,0.433,0.878,Heavy congestion detected - signal timing extended and reroute suggested
EVT441698,2026-05-09 15:11:15,Political Rally,J023,Basavanagudi,12881,Weekend,False,Rain,True,18.7,False,False,0.617,High,21.7,44.2,215.7,0.138,0.319,0.909,Heavy rain reducing visibility and grip - reduced speed and longer buffer advised
EVT441699,2025-06-18 09:13:58,Local Market Day,J023,Basavanagudi,5394,Weekday,False,Rain,True,23.8,False,False,1.0,Severe,6.7,73.9,317.1,0.1,0.231,0.87,Heavy rain reducing visibility and grip - reduced speed and longer buffer advised
EVT441700,2026-05-30 16:12:21,Political Rally,J012,Koramangala Sony World,18039,Weekend,False,Light Rain,True,5.6,False,False,0.72,High,20.5,47.1,263.0,0.161,0.373,0.908,Heavy rain reducing visibility and grip - reduced speed and longer buffer advised
EVT441701,2025-06-20 18:29:16,Sports Fixture,J030,MG Road,34436,Weekday,False,Rain,True,19.0,False,False,1.0,Severe,9.4,72.0,606.2,0.231,0.533,0.853,Heavy rain reducing visibility and grip - reduced speed and longer buffer advised
EVT441702,2026-06-24 12:02:04,Sports Fixture,J040,City Market,30447,Weekday,False,Heavy Rain,True,25.0,False,False,0.652,High,13.1,49.4,563.4,0.261,0.602,0.919,Heavy rain reducing visibility and grip - reduced speed and longer buffer advised
EVT441703,2025-06-07 12:19:14,Sports Fixture,J011,Indiranagar 100ft Road,18818,Weekend,False,Heavy Rain,True,46.9,False,False,0.759,Severe,17.7,53.6,276.7,0.176,0.406,0.901,Heavy rain reducing visibility and grip - reduced speed and longer buffer advised
EVT441704,2026-02-12 10:01:17,Local Market Day,J023,Basavanagudi,3088,Weekday,False,Clear,False,0.0,False,False,0.745,High,17.5,58.7,168.4,0.108,0.249,0.983,Moderate traffic flow - standard adaptive signal timing in effect
EVT441705,2025-08-07 16:58:45,Local Market Day,J020,Malleshwaram Circle,6579,Weekday,False,Fog,False,0.0,False,False,0.809,Severe,15.1,55.5,246.0,0.117,0.27,0.961,Heavy congestion detected - signal timing extended and reroute suggested
EVT441706,2025-11-14 23:41:26,Local Market Day,J023,Basavanagudi,4328,Weekday,False,Clear,False,0.0,True,False,0.527,Moderate,32.1,39.5,153.6,0.123,0.285,0.803,Accident detected nearby - reroute and reduced speed advised
EVT441707,2026-03-09 09:20:33,Local Market Day,J009,Majestic,3801,Weekday,False,Clear,False,0.0,False,False,1.0,Severe,8.6,79.0,364.0,0.138,0.318,0.901,Heavy congestion detected - signal timing extended and reroute suggested
EVT441708,2026-04-22 08:32:36,Concert,J012,Koramangala Sony World,13496,Weekday,False,Clear,False,0.0,False,False,0.962,Severe,11.0,75.5,471.9,0.215,0.496,0.919,Heavy congestion detected - signal timing extended and reroute suggested
EVT441709,2025-03-04 06:14:57,Trade Fair,J040,City Market,15859,Weekday,False,Clear,False,0.0,False,False,0.319,Low,30.1,27.7,109.6,0.08,0.185,0.978,Moderate traffic flow - standard adaptive signal timing in effect
EVT441710,2026-02-01 17:57:34,Trade Fair,J023,Basavanagudi,12175,Weekend,False,Clear,False,0.0,False,False,0.822,Severe,12.3,57.3,155.5,0.077,0.178,0.932,Heavy congestion detected - signal timing extended and reroute suggested
EVT441711,2025-12-01 15:52:23,Political Rally,J030,MG Road,15614,Weekday,False,Clear,False,0.0,False,False,0.489,Moderate,24.9,41.7,181.6,0.136,0.315,0.97,Moderate traffic flow - standard adaptive signal timing in effect
EVT441712,2025-05-08 07:02:31,Concert,J012,Koramangala Sony World,8090,Weekday,False,Clear,False,0.0,False,False,0.468,Moderate,27.6,35.4,172.0,0.144,0.332,0.98,Moderate traffic flow - standard adaptive signal timing in effect
EVT441713,2025-05-27 19:33:57,Local Market Day,J009,Majestic,5529,Weekday,False,Clear,False,0.0,False,False,0.828,Severe,12.2,61.0,402.6,0.186,0.429,0.94,Heavy congestion detected - signal timing extended and reroute suggested
EVT441714,2026-04-21 07:38:15,Sports Fixture,J040,City Market,27504,Weekday,False,Clear,False,0.0,False,False,0.8,Severe,15.7,55.0,254.5,0.159,0.366,0.929,Heavy congestion detected - signal timing extended and reroute suggested
EVT441715,2025-05-05 14:24:23,Political Rally,J040,City Market,24860,Weekday,False,Clear,False,0.0,False,False,0.359,Moderate,31.3,30.2,234.8,0.217,0.5,0.99,Moderate traffic flow - standard adaptive signal timing in effect
EVT441716,2025-05-20 07:39:01,Trade Fair,J011,Indiranagar 100ft Road,9051,Weekday,False,Clear,False,0.0,False,False,0.668,High,19.4,46.0,192.5,0.132,0.304,0.99,Moderate traffic flow - standard adaptive signal timing in effect
EVT441717,2026-04-26 19:18:18,Local Market Day,J012,Koramangala Sony World,6401,Weekend,False,Clear,False,0.0,False,False,0.824,Severe,12.7,65.3,271.2,0.137,0.317,0.957,Heavy congestion detected - signal timing extended and reroute suggested
EVT441718,2026-02-09 17:31:53,Local Market Day,J023,Basavanagudi,2026,Weekday,False,Clear,False,0.0,False,False,0.836,Severe,13.7,60.3,500.9,0.262,0.606,0.94,Heavy congestion detected - signal timing extended and reroute suggested
EVT441719,2026-06-06 17:48:38,Sports Fixture,J011,Indiranagar 100ft Road,17603,Weekend,False,Clear,False,0.0,False,False,0.842,Severe,12.1,62.7,346.9,0.145,0.334,0.963,Heavy congestion detected - signal timing extended and reroute suggested
EVT441720,2025-07-02 16:07:10,Concert,J031,Cubbon Road,24040,Weekday,False,Heavy Rain,True,54.4,False,False,0.89,Severe,12.9,65.0,407.5,0.185,0.428,0.912,Heavy rain reducing visibility and grip - reduced speed and longer buffer advised
EVT441721,2025-10-23 12:52:48,Local Market Day,J031,Cubbon Road,4717,Weekday,False,Heavy Rain,True,41.8,False,False,0.499,Moderate,22.7,38.7,238.7,0.151,0.349,0.927,Light rain detected - minor speed reduction advised
EVT441722,2026-04-12 07:45:09,Trade Fair,J023,Basavanagudi,8162,Weekend,False,Clear,False,0.0,False,False,0.591,High,22.7,39.0,154.0,0.125,0.289,0.983,Moderate traffic flow - standard adaptive signal timing in effect
EVT441723,2025-01-20 08:18:04,Trade Fair,J020,Malleshwaram Circle,10226,Weekday,False,Clear,False,0.0,False,False,0.938,Severe,11.1,72.7,301.4,0.131,0.303,0.96,Heavy congestion detected - signal timing extended and reroute suggested
EVT441724,2026-04-23 15:32:04,Local Market Day,J031,Cubbon Road,4123,Weekday,False,Fog,False,0.0,False,False,0.297,Low,25.6,20.7,94.1,0.074,0.171,0.969,Moderate traffic flow - standard adaptive signal timing in effect
EVT441725,2025-04-13 21:23:02,Local Market Day,J011,Indiranagar 100ft Road,4829,Weekend,False,Clear,False,0.0,False,False,0.405,Moderate,26.7,25.7,175.5,0.12,0.278,0.957,Moderate traffic flow - standard adaptive signal timing in effect
EVT441726,2026-05-28 08:15:47,Sports Fixture,J011,Indiranagar 100ft Road,19327,Weekday,False,Clear,False,0.0,False,False,1.0,Severe,10.0,71.2,406.3,0.16,0.369,0.928,Heavy congestion detected - signal timing extended and reroute suggested
EVT441727,2025-05-12 07:22:23,Trade Fair,J031,Cubbon Road,7642,Weekday,False,Clear,False,0.0,False,False,0.624,High,21.8,42.0,373.0,0.271,0.627,0.968,Moderate traffic flow - standard adaptive signal timing in effect
EVT441728,2026-05-04 10:33:36,Concert,J040,City Market,12091,Weekday,False,Clear,False,0.0,False,False,0.727,High,18.1,49.8,265.4,0.16,0.369,0.983,Moderate traffic flow - standard adaptive signal timing in effect
EVT441729,2025-01-13 08:39:47,Political Rally,J020,Malleshwaram Circle,15637,Weekday,False,Clear,False,0.0,False,False,1.0,Severe,10.5,67.9,836.8,0.345,0.797,0.94,Heavy congestion detected - signal timing extended and reroute suggested
EVT441730,2025-03-07 15:55:50,Concert,J031,Cubbon Road,14880,Weekday,False,Clear,False,0.0,False,False,0.41,Moderate,29.9,35.1,205.8,0.181,0.418,0.951,Moderate traffic flow - standard adaptive signal timing in effect
EVT441731,2025-06-01 15:12:24,Sports Fixture,J009,Majestic,43532,Weekend,False,Clear,False,0.0,False,False,0.597,High,25.0,43.3,248.5,0.184,0.425,0.955,Moderate traffic flow - standard adaptive signal timing in effect
EVT441732,2026-04-26 13:00:38,Concert,J031,Cubbon Road,11230,Weekend,False,Clear,False,0.0,False,False,0.274,Low,27.5,23.0,253.8,0.19,0.438,0.965,Moderate traffic flow - standard adaptive signal timing in effect
EVT441733,2025-03-29 23:49:51,Political Rally,J009,Majestic,29488,Weekend,False,Clear,False,0.0,False,False,0.369,Moderate,26.4,28.3,198.5,0.145,0.335,0.96,Moderate traffic flow - standard adaptive signal timing in effect
EVT441734,2025-06-09 19:28:02,Local Market Day,J030,MG Road,5868,Weekday,False,Clear,False,0.0,False,False,0.901,Severe,14.1,62.3,230.7,0.115,0.265,0.92,Heavy congestion detected - signal timing extended and reroute suggested
EVT441735,2025-11-02 19:25:14,Cultural Procession,J030,MG Road,16293,Weekend,True,Clear,False,0.0,False,True,1.0,Severe,7.8,104.9,377.0,0.151,0.348,0.833,Road closure for event/procession - full detour recommended for through-traffic
EVT441736,2026-03-26 18:19:29,Cultural Procession,J009,Majestic,12171,Weekday,True,Clear,False,0.0,False,True,1.0,Severe,9.8,103.4,760.1,0.298,0.688,0.835,Road closure for event/procession - full detour recommended for through-traffic
EVT441737,2026-05-20 17:32:29,Concert,J012,Koramangala Sony World,15578,Weekday,False,Clear,False,0.0,False,False,0.964,Severe,10.3,59.1,501.7,0.201,0.465,0.921,Heavy congestion detected - signal timing extended and reroute suggested
EVT441738,2025-08-02 07:41:43,Sports Fixture,J020,Malleshwaram Circle,37614,Weekend,False,Clear,False,0.0,False,False,0.832,Severe,15.5,59.7,421.7,0.238,0.55,0.945,Heavy congestion detected - signal timing extended and reroute suggested
EVT441739,2025-04-11 15:34:07,Local Market Day,J009,Majestic,5691,Weekday,False,Clear,False,0.0,False,False,0.353,Moderate,37.6,28.6,114.9,0.102,0.236,0.975,Moderate traffic flow - standard adaptive signal timing in effect
EVT441740,2025-09-27 18:09:17,Concert,J011,Indiranagar 100ft Road,13821,Weekend,False,Clear,False,0.0,False,False,0.802,Severe,17.1,52.6,245.0,0.143,0.33,0.97,Heavy congestion detected - signal timing extended and reroute suggested
EVT441741,2025-02-21 18:34:26,Local Market Day,J031,Cubbon Road,2634,Weekday,False,Clear,False,0.0,False,False,1.0,Severe,6.7,70.6,695.3,0.187,0.432,0.913,Heavy congestion detected - signal timing extended and reroute suggested
EVT441742,2025-01-02 14:00:09,Sports Fixture,J009,Majestic,23849,Weekday,False,Clear,False,0.0,False,False,0.32,Low,23.5,19.8,128.9,0.076,0.176,0.968,Moderate traffic flow - standard adaptive signal timing in effect
EVT441743,2026-02-13 13:19:22,Trade Fair,J031,Cubbon Road,8502,Weekday,False,Clear,False,0.0,False,False,0.155,Low,34.3,10.9,150.4,0.116,0.268,0.952,Normal free-flow traffic - standard signal timing maintained
EVT441744,2026-04-12 13:22:44,Sports Fixture,J011,Indiranagar 100ft Road,24915,Weekend,False,Fog,False,0.0,False,False,0.333,Low,24.3,23.8,150.3,0.117,0.27,0.99,Moderate traffic flow - standard adaptive signal timing in effect
EVT441745,2025-03-26 19:45:48,Concert,J020,Malleshwaram Circle,6499,Weekday,False,Clear,False,0.0,False,False,0.759,Severe,19.0,54.4,242.1,0.146,0.338,0.971,Heavy congestion detected - signal timing extended and reroute suggested
EVT441746,2025-05-09 07:03:48,Concert,J040,City Market,14702,Weekday,False,Clear,False,0.0,False,False,0.448,Moderate,21.7,35.3,181.1,0.111,0.257,0.969,Moderate traffic flow - standard adaptive signal timing in effect
EVT441747,2025-02-21 17:54:28,Sports Fixture,J030,MG Road,21066,Weekday,False,Clear,False,0.0,False,False,1.0,Severe,7.4,73.3,726.8,0.208,0.48,0.884,Heavy congestion detected - signal timing extended and reroute suggested
EVT441748,2025-10-08 17:26:07,Trade Fair,J020,Malleshwaram Circle,6632,Weekday,False,Clear,False,0.0,False,False,0.893,Severe,13.1,68.5,403.8,0.201,0.465,0.92,Heavy congestion detected - signal timing extended and reroute suggested
EVT441749,2026-06-24 18:54:26,Concert,J012,Koramangala Sony World,13875,Weekday,False,Heavy Rain,True,37.5,False,False,1.0,Severe,6.4,68.9,957.5,0.228,0.528,0.833,Heavy rain reducing visibility and grip - reduced speed and longer buffer advised
EVT441750,2025-12-20 17:36:13,Sports Fixture,J020,Malleshwaram Circle,40622,Weekend,False,Fog,False,0.0,False,False,1.0,Severe,7.8,67.1,209.1,0.079,0.181,0.896,Heavy congestion detected - signal timing extended and reroute suggested
EVT441751,2026-01-01 18:46:01,Religious Festival,J031,Cubbon Road,46934,Weekday,True,Clear,False,0.0,False,False,1.0,Severe,6.8,74.7,578.0,0.183,0.424,0.819,Festival crowd surge detected - alternate route and extended cycle recommended
EVT441752,2025-04-22 11:15:59,Trade Fair,J011,Indiranagar 100ft Road,12716,Weekday,False,Clear,False,0.0,False,False,0.422,Moderate,30.9,30.6,149.5,0.122,0.281,0.954,Moderate traffic flow - standard adaptive signal timing in effect
EVT441753,2025-04-04 08:50:18,Concert,J012,Koramangala Sony World,16801,Weekday,False,Clear,False,0.0,False,False,0.964,Severe,10.6,71.1,427.7,0.173,0.4,0.911,Heavy congestion detected - signal timing extended and reroute suggested
EVT441754,2025-01-09 16:04:33,Local Market Day,J009,Majestic,6671,Weekday,False,Clear,False,0.0,False,False,0.497,Moderate,28.6,38.9,262.3,0.221,0.511,0.971,Moderate traffic flow - standard adaptive signal timing in effect
EVT441755,2025-03-26 17:29:13,Sports Fixture,J031,Cubbon Road,48880,Weekday,False,Clear,False,0.0,False,False,1.0,Severe,9.3,70.1,417.4,0.183,0.423,0.942,Heavy congestion detected - signal timing extended and reroute suggested
EVT441756,2025-02-03 08:44:04,Trade Fair,J020,Malleshwaram Circle,7028,Weekday,False,Fog,False,0.0,False,False,0.964,Severe,9.0,64.9,470.1,0.192,0.444,0.931,Heavy congestion detected - signal timing extended and reroute suggested
EVT441757,2026-06-16 09:05:47,Political Rally,J009,Majestic,15925,Weekday,False,Heavy Rain,True,32.5,False,False,1.0,Severe,8.3,66.6,669.1,0.221,0.51,0.853,Heavy rain reducing visibility and grip - reduced speed and longer buffer advised
EVT441758,2025-11-21 10:02:36,Concert,J023,Basavanagudi,17704,Weekday,False,Clear,False,0.0,False,False,0.887,Severe,11.0,63.4,514.7,0.212,0.49,0.941,Heavy congestion detected - signal timing extended and reroute suggested
EVT441759,2026-05-08 19:22:05,Trade Fair,J020,Malleshwaram Circle,7774,Weekday,False,Clear,False,0.0,False,False,0.963,Severe,9.7,68.3,600.7,0.243,0.562,0.919,Heavy congestion detected - signal timing extended and reroute suggested
EVT441760,2025-01-14 11:13:32,Religious Festival,J031,Cubbon Road,79908,Weekday,True,Clear,False,0.0,False,False,0.978,Severe,10.5,64.6,546.7,0.227,0.525,0.863,Festival crowd surge detected - alternate route and extended cycle recommended
EVT441761,2026-03-28 21:53:59,Sports Fixture,J031,Cubbon Road,17245,Weekend,False,Clear,False,0.0,False,False,0.365,Moderate,25.6,23.4,240.1,0.164,0.379,0.945,Moderate traffic flow - standard adaptive signal timing in effect
EVT441762,2025-12-26 08:24:34,Cultural Procession,J030,MG Road,14287,Weekday,True,Clear,False,0.0,False,False,1.0,Severe,8.1,69.9,528.5,0.171,0.396,0.887,Festival crowd surge detected - alternate route and extended cycle recommended
EVT441763,2025-06-09 14:22:21,Local Market Day,J012,Koramangala Sony World,4451,Weekday,False,Clear,False,0.0,False,False,0.215,Low,30.8,15.0,120.4,0.089,0.205,0.973,Normal free-flow traffic - standard signal timing maintained
EVT441764,2026-06-13 04:15:19,Trade Fair,J023,Basavanagudi,7039,Weekend,False,Clear,False,0.0,False,False,0.297,Low,28.8,21.0,146.3,0.124,0.287,0.988,Moderate traffic flow - standard adaptive signal timing in effect
EVT441765,2026-01-13 17:01:46,Sports Fixture,J011,Indiranagar 100ft Road,27004,Weekday,False,Clear,False,0.0,False,False,0.808,Severe,12.8,54.4,140.8,0.047,0.11,0.946,Heavy congestion detected - signal timing extended and reroute suggested
EVT441766,2025-04-30 17:47:10,Sports Fixture,J030,MG Road,19365,Weekday,False,Clear,False,0.0,False,False,1.0,Severe,8.8,70.6,730.2,0.259,0.599,0.924,Heavy congestion detected - signal timing extended and reroute suggested
EVT441767,2025-04-08 15:09:47,Concert,J023,Basavanagudi,17259,Weekday,False,Clear,False,0.0,False,False,0.384,Moderate,30.3,27.2,121.0,0.103,0.239,0.978,Moderate traffic flow - standard adaptive signal timing in effect
EVT441768,2026-01-21 20:56:36,Trade Fair,J012,Koramangala Sony World,8475,Weekday,False,Clear,False,0.0,False,False,0.47,Moderate,28.4,34.3,137.0,0.105,0.242,0.972,Moderate traffic flow - standard adaptive signal timing in effect
EVT441769,2026-04-15 09:20:15,Religious Festival,J012,Koramangala Sony World,53266,Weekday,True,Clear,False,0.0,False,True,1.0,Severe,7.6,100.7,483.3,0.163,0.376,0.813,Road closure for event/procession - full detour recommended for through-traffic
EVT441770,2025-11-18 10:08:03,Local Market Day,J031,Cubbon Road,4100,Weekday,False,Rain,True,17.7,False,False,0.925,Severe,12.6,63.2,568.7,0.27,0.624,0.896,Heavy rain reducing visibility and grip - reduced speed and longer buffer advised
EVT441771,2025-06-13 18:51:36,Concert,J012,Koramangala Sony World,7409,Weekday,False,Rain,True,8.8,False,False,1.0,Severe,7.7,75.1,326.6,0.131,0.302,0.854,Heavy rain reducing visibility and grip - reduced speed and longer buffer advised
EVT441772,2026-04-26 16:42:33,Sports Fixture,J011,Indiranagar 100ft Road,30356,Weekend,False,Clear,False,0.0,False,False,0.753,Severe,17.4,52.0,217.0,0.128,0.296,0.949,Heavy congestion detected - signal timing extended and reroute suggested
EVT441773,2025-10-14 20:20:48,Political Rally,J030,MG Road,24282,Weekday,False,Clear,False,0.0,False,False,0.75,Severe,13.8,45.3,287.2,0.136,0.314,0.965,Heavy congestion detected - signal timing extended and reroute suggested
EVT441774,2026-06-17 08:25:44,Sports Fixture,J023,Basavanagudi,24379,Weekday,False,Clear,False,0.0,False,False,1.0,Severe,7.9,71.3,365.4,0.134,0.31,0.914,Heavy congestion detected - signal timing extended and reroute suggested
EVT441775,2026-06-20 15:05:44,Sports Fixture,J040,City Market,29018,Weekend,False,Rain,True,20.3,False,False,0.675,High,18.4,44.1,278.3,0.187,0.431,0.904,Heavy rain reducing visibility and grip - reduced speed and longer buffer advised
EVT441776,2026-03-29 17:42:53,Local Market Day,J011,Indiranagar 100ft Road,1653,Weekend,False,Clear,False,0.0,False,False,0.842,Severe,15.0,53.6,259.6,0.137,0.317,0.945,Heavy congestion detected - signal timing extended and reroute suggested
EVT441777,2026-02-26 19:13:34,Trade Fair,J012,Koramangala Sony World,8786,Weekday,False,Clear,False,0.0,False,False,0.92,Severe,11.6,66.3,403.2,0.179,0.414,0.943,Heavy congestion detected - signal timing extended and reroute suggested
EVT441778,2025-04-02 14:18:46,Concert,J009,Majestic,15466,Weekday,False,Rain,True,11.5,False,False,0.471,Moderate,20.7,34.5,171.2,0.097,0.224,0.901,Light rain detected - minor speed reduction advised
EVT441779,2026-02-19 21:54:51,Concert,J023,Basavanagudi,6081,Weekday,False,Clear,False,0.0,False,False,0.233,Low,36.1,15.7,122.0,0.095,0.22,0.962,Normal free-flow traffic - standard signal timing maintained
EVT441780,2025-11-30 16:48:29,Sports Fixture,J030,MG Road,22465,Weekend,False,Clear,False,0.0,False,False,0.73,High,16.9,50.2,214.7,0.119,0.274,0.989,Moderate traffic flow - standard adaptive signal timing in effect
EVT441781,2025-04-28 09:25:56,Sports Fixture,J023,Basavanagudi,20520,Weekday,False,Clear,False,0.0,False,False,1.0,Severe,8.9,72.1,475.8,0.175,0.404,0.893,Heavy congestion detected - signal timing extended and reroute suggested
EVT441782,2025-07-13 16:37:44,Concert,J012,Koramangala Sony World,14450,Weekend,False,Rain,True,24.8,False,False,0.921,Severe,9.9,62.4,461.0,0.158,0.364,0.895,Heavy rain reducing visibility and grip - reduced speed and longer buffer advised
EVT441783,2025-10-02 19:05:52,Cultural Procession,J040,City Market,14738,Weekday,True,Light Rain,True,5.0,False,True,1.0,Severe,9.2,102.6,501.7,0.21,0.486,0.786,Road closure for event/procession - full detour recommended for through-traffic
EVT441784,2025-02-25 06:40:00,Trade Fair,J012,Koramangala Sony World,10475,Weekday,False,Clear,False,0.0,False,False,0.391,Moderate,32.4,19.1,128.8,0.12,0.278,0.985,Moderate traffic flow - standard adaptive signal timing in effect
EVT441785,2026-06-10 18:14:46,Local Market Day,J009,Majestic,2879,Weekday,False,Clear,False,0.0,False,False,0.986,Severe,12.1,68.8,429.2,0.211,0.488,0.912,Heavy congestion detected - signal timing extended and reroute suggested
EVT441786,2025-03-08 11:55:23,Trade Fair,J011,Indiranagar 100ft Road,9574,Weekend,False,Clear,False,0.0,False,False,0.283,Low,31.0,17.9,169.7,0.132,0.305,0.952,Moderate traffic flow - standard adaptive signal timing in effect
EVT441787,2026-04-21 06:44:30,Trade Fair,J020,Malleshwaram Circle,11699,Weekday,False,Clear,False,0.0,True,False,0.728,High,17.7,51.5,373.5,0.224,0.517,0.809,Accident detected nearby - reroute and reduced speed advised
EVT441788,2026-05-27 19:14:02,Trade Fair,J040,City Market,9107,Weekday,False,Heavy Rain,True,52.2,False,False,1.0,Severe,9.2,76.7,375.3,0.183,0.422,0.887,Heavy rain reducing visibility and grip - reduced speed and longer buffer advised
EVT441789,2025-07-12 08:02:43,Local Market Day,J011,Indiranagar 100ft Road,5323,Weekend,False,Heavy Rain,True,66.7,False,False,1.0,Severe,9.2,65.5,661.1,0.243,0.562,0.872,Heavy rain reducing visibility and grip - reduced speed and longer buffer advised
EVT441790,2025-09-13 22:08:53,Political Rally,J023,Basavanagudi,11729,Weekend,False,Rain,True,21.5,True,False,0.941,Severe,9.5,65.7,496.1,0.195,0.451,0.701,Accident detected nearby - reroute and reduced speed advised
EVT441791,2025-08-27 18:38:45,Religious Festival,J023,Basavanagudi,31253,Weekday,True,Heavy Rain,True,65.1,False,True,1.0,Severe,8.4,103.5,1149.1,0.365,0.844,0.781,Road closure for event/procession - full detour recommended for through-traffic
EVT441792,2026-04-01 19:46:42,Local Market Day,J023,Basavanagudi,4573,Weekday,False,Clear,False,0.0,False,False,0.787,Severe,14.2,54.3,239.1,0.109,0.252,0.957,Heavy congestion detected - signal timing extended and reroute suggested
EVT441793,2026-04-03 20:56:03,Sports Fixture,J031,Cubbon Road,27361,Weekday,False,Clear,False,0.0,False,False,0.666,High,19.3,53.5,244.7,0.155,0.357,0.97,Moderate traffic flow - standard adaptive signal timing in effect
EVT441794,2026-02-16 18:38:22,Political Rally,J009,Majestic,8447,Weekday,False,Clear,False,0.0,False,False,1.0,Severe,10.3,73.3,443.2,0.192,0.443,0.894,Heavy congestion detected - signal timing extended and reroute suggested
EVT441795,2025-07-19 09:40:57,Political Rally,J040,City Market,20211,Weekend,False,Rain,True,7.6,False,False,0.974,Severe,8.5,68.5,354.8,0.133,0.308,0.894,Heavy rain reducing visibility and grip - reduced speed and longer buffer advised
EVT441796,2025-11-22 20:32:07,Trade Fair,J012,Koramangala Sony World,16204,Weekend,False,Clear,False,0.0,False,False,0.6,High,22.3,48.1,99.4,0.055,0.126,0.936,Moderate traffic flow - standard adaptive signal timing in effect
EVT441797,2025-04-07 06:31:42,Religious Festival,J031,Cubbon Road,56792,Weekday,True,Fog,False,0.0,False,False,0.847,Severe,12.3,57.9,503.1,0.209,0.483,0.905,Festival crowd surge detected - alternate route and extended cycle recommended
EVT441798,2026-02-03 09:36:45,Concert,J020,Malleshwaram Circle,9112,Weekday,False,Fog,False,0.0,False,False,0.911,Severe,10.4,63.7,522.8,0.225,0.519,0.945,Heavy congestion detected - signal timing extended and reroute suggested
EVT441799,2025-10-12 20:33:22,Concert,J009,Majestic,14196,Weekend,False,Rain,True,15.5,False,False,0.767,Severe,17.4,57.4,228.7,0.12,0.277,0.912,Heavy rain reducing visibility and grip - reduced speed and longer buffer advised
EVT441800,2026-02-08 19:03:17,Sports Fixture,J020,Malleshwaram Circle,19091,Weekend,False,Light Rain,True,4.2,False,False,1.0,Severe,6.4,74.8,784.9,0.223,0.515,0.874,Heavy rain reducing visibility and grip - reduced speed and longer buffer advised
EVT441801,2025-10-29 20:08:42,Local Market Day,J023,Basavanagudi,6393,Weekday,False,Heavy Rain,True,28.9,False,False,0.951,Severe,10.6,69.0,329.9,0.133,0.308,0.864,Heavy rain reducing visibility and grip - reduced speed and longer buffer advised
EVT441802,2025-12-31 07:04:36,Sports Fixture,J023,Basavanagudi,29251,Weekday,False,Clear,False,0.0,False,False,0.623,High,24.4,40.1,117.6,0.072,0.166,0.95,Moderate traffic flow - standard adaptive signal timing in effect
EVT441803,2025-10-13 13:26:45,Trade Fair,J031,Cubbon Road,16187,Weekday,False,Clear,False,0.0,False,False,0.254,Low,32.8,12.9,80.5,0.068,0.156,0.958,Moderate traffic flow - standard adaptive signal timing in effect
EVT441804,2025-03-06 08:40:40,Trade Fair,J012,Koramangala Sony World,9400,Weekday,False,Clear,False,0.0,False,False,1.0,Severe,7.1,70.3,391.8,0.139,0.321,0.939,Heavy congestion detected - signal timing extended and reroute suggested
EVT441805,2026-01-25 15:44:58,Trade Fair,J012,Koramangala Sony World,9881,Weekend,False,Clear,False,0.0,False,False,0.476,Moderate,23.3,34.2,287.8,0.206,0.475,0.944,Moderate traffic flow - standard adaptive signal timing in effect
EVT441806,2025-07-03 20:51:48,Concert,J030,MG Road,16694,Weekday,False,Clear,False,0.0,False,False,0.479,Moderate,27.1,31.2,152.3,0.105,0.244,0.969,Moderate traffic flow - standard adaptive signal timing in effect
EVT441807,2025-08-12 11:05:22,Local Market Day,J009,Majestic,2642,Weekday,False,Clear,False,0.0,False,False,0.399,Moderate,34.3,27.2,160.5,0.181,0.419,0.977,Moderate traffic flow - standard adaptive signal timing in effect
EVT441808,2026-02-04 18:27:22,Sports Fixture,J031,Cubbon Road,60518,Weekday,False,Clear,False,0.0,False,False,1.0,Severe,8.9,76.3,349.3,0.13,0.301,0.927,Heavy congestion detected - signal timing extended and reroute suggested
EVT441809,2025-10-14 15:59:59,Concert,J020,Malleshwaram Circle,17925,Weekday,False,Clear,False,0.0,False,False,0.47,Moderate,22.2,40.7,248.9,0.172,0.397,0.979,Moderate traffic flow - standard adaptive signal timing in effect
EVT441810,2025-10-23 20:50:42,Trade Fair,J030,MG Road,11657,Weekday,False,Clear,False,0.0,False,False,0.542,Moderate,24.9,33.8,102.3,0.074,0.171,0.969,Moderate traffic flow - standard adaptive signal timing in effect
EVT441811,2025-03-08 15:41:07,Sports Fixture,J011,Indiranagar 100ft Road,19802,Weekend,False,Clear,False,0.0,False,False,0.47,Moderate,23.0,35.9,323.6,0.214,0.495,0.976,Moderate traffic flow - standard adaptive signal timing in effect
EVT441812,2025-07-15 13:36:46,Political Rally,J011,Indiranagar 100ft Road,28528,Weekday,False,Clear,False,0.0,False,False,0.312,Low,27.3,24.8,205.9,0.15,0.348,0.979,Moderate traffic flow - standard adaptive signal timing in effect
EVT441813,2025-09-05 10:49:55,Religious Festival,J030,MG Road,35714,Weekday,True,Heavy Rain,True,28.7,False,False,1.0,Severe,6.5,71.8,498.6,0.133,0.308,0.82,Festival crowd surge detected - alternate route and extended cycle recommended
EVT441814,2025-02-02 14:27:11,Local Market Day,J040,City Market,3226,Weekend,False,Clear,False,0.0,False,False,0.328,Low,22.8,21.1,108.9,0.07,0.162,0.966,Moderate traffic flow - standard adaptive signal timing in effect
EVT441815,2026-04-05 08:39:01,Concert,J040,City Market,11710,Weekend,False,Clear,False,0.0,False,False,0.894,Severe,9.8,63.3,497.5,0.198,0.456,0.936,Heavy congestion detected - signal timing extended and reroute suggested
EVT441816,2025-03-15 14:22:46,Religious Festival,J030,MG Road,39353,Weekend,True,Clear,False,0.0,False,True,0.904,Severe,12.9,103.1,483.5,0.23,0.53,0.824,Road closure for event/procession - full detour recommended for through-traffic
EVT441817,2026-06-06 18:47:07,Trade Fair,J030,MG Road,9342,Weekend,False,Clear,False,0.0,False,False,0.811,Severe,14.2,59.5,367.3,0.164,0.379,0.949,Heavy congestion detected - signal timing extended and reroute suggested
EVT441818,2025-03-09 16:50:14,Concert,J031,Cubbon Road,10070,Weekend,False,Clear,False,0.0,False,False,0.655,High,21.0,46.7,283.7,0.205,0.474,0.979,Moderate traffic flow - standard adaptive signal timing in effect
EVT441819,2026-05-30 18:40:25,Local Market Day,J020,Malleshwaram Circle,4840,Weekend,False,Fog,False,0.0,False,False,0.92,Severe,12.7,69.4,394.1,0.179,0.413,0.922,Heavy congestion detected - signal timing extended and reroute suggested
EVT441820,2025-02-02 14:44:13,Local Market Day,J011,Indiranagar 100ft Road,3635,Weekend,False,Clear,False,0.0,False,False,0.263,Low,31.9,21.8,120.0,0.087,0.202,0.952,Moderate traffic flow - standard adaptive signal timing in effect
EVT441821,2025-10-23 18:57:47,Concert,J023,Basavanagudi,11505,Weekday,False,Clear,False,0.0,False,False,1.0,Severe,7.8,65.1,765.9,0.242,0.558,0.911,Heavy congestion detected - signal timing extended and reroute suggested
EVT441822,2025-03-31 11:52:21,Cultural Procession,J040,City Market,18990,Weekday,True,Clear,False,0.0,False,True,0.738,High,14.0,77.8,448.2,0.212,0.489,0.888,Road closure for event/procession - full detour recommended for through-traffic
EVT441823,2025-12-03 20:54:18,Local Market Day,J040,City Market,4542,Weekday,False,Clear,False,0.0,False,False,0.455,Moderate,29.7,30.9,247.0,0.201,0.465,0.964,Moderate traffic flow - standard adaptive signal timing in effect
EVT441824,2025-02-22 09:28:29,Concert,J020,Malleshwaram Circle,6578,Weekend,False,Clear,False,0.0,False,False,0.864,Severe,11.0,69.4,594.4,0.233,0.539,0.942,Heavy congestion detected - signal timing extended and reroute suggested
EVT441825,2026-03-23 09:53:08,Sports Fixture,J031,Cubbon Road,36451,Weekday,False,Clear,False,0.0,False,False,1.0,Severe,8.9,75.2,553.5,0.165,0.382,0.921,Heavy congestion detected - signal timing extended and reroute suggested
EVT441826,2025-09-07 18:31:20,Local Market Day,J011,Indiranagar 100ft Road,3519,Weekend,False,Clear,False,0.0,False,False,0.825,Severe,16.6,58.8,442.4,0.258,0.596,0.948,Heavy congestion detected - signal timing extended and reroute suggested
EVT441827,2025-08-07 10:33:32,Sports Fixture,J040,City Market,22114,Weekday,False,Clear,False,0.0,False,False,0.745,High,19.1,52.7,357.4,0.219,0.505,0.965,Moderate traffic flow - standard adaptive signal timing in effect
EVT441828,2025-10-09 20:57:31,Trade Fair,J020,Malleshwaram Circle,4192,Weekday,False,Rain,True,10.8,False,False,0.607,High,21.0,43.7,139.8,0.093,0.215,0.936,Heavy rain reducing visibility and grip - reduced speed and longer buffer advised
EVT441829,2025-10-31 16:48:43,Local Market Day,J030,MG Road,3985,Weekday,False,Fog,False,0.0,False,False,0.702,High,20.9,54.3,232.2,0.144,0.333,0.981,Moderate traffic flow - standard adaptive signal timing in effect
EVT441830,2025-03-01 11:47:33,Concert,J040,City Market,7774,Weekend,False,Clear,False,0.0,False,False,0.361,Moderate,31.0,24.5,101.9,0.099,0.228,0.966,Moderate traffic flow - standard adaptive signal timing in effect
EVT441831,2025-01-17 15:12:38,Concert,J012,Koramangala Sony World,13956,Weekday,False,Clear,False,0.0,False,False,0.34,Low,29.4,26.5,84.1,0.064,0.149,0.99,Moderate traffic flow - standard adaptive signal timing in effect
EVT441832,2026-01-08 09:57:11,Trade Fair,J031,Cubbon Road,6748,Weekday,False,Clear,False,0.0,False,False,0.873,Severe,13.7,56.3,134.7,0.074,0.171,0.929,Heavy congestion detected - signal timing extended and reroute suggested
EVT441833,2026-05-09 06:36:49,Local Market Day,J040,City Market,3496,Weekend,False,Clear,False,0.0,False,False,0.37,Moderate,24.2,24.7,178.5,0.127,0.293,0.973,Moderate traffic flow - standard adaptive signal timing in effect
EVT441834,2025-06-06 12:53:07,Sports Fixture,J009,Majestic,19365,Weekday,False,Clear,False,0.0,False,False,0.287,Low,40.2,20.7,99.6,0.098,0.227,0.916,Moderate traffic flow - standard adaptive signal timing in effect
EVT441835,2025-01-24 14:32:01,Local Market Day,J009,Majestic,4173,Weekday,False,Clear,False,0.0,False,False,0.255,Low,28.7,25.4,104.7,0.079,0.181,0.968,Moderate traffic flow - standard adaptive signal timing in effect
EVT441836,2026-05-31 14:47:26,Local Market Day,J012,Koramangala Sony World,3501,Weekend,False,Clear,False,0.0,False,False,0.142,Low,32.7,6.6,207.7,0.165,0.381,0.937,Normal free-flow traffic - standard signal timing maintained
EVT441837,2025-11-27 09:44:00,Political Rally,J012,Koramangala Sony World,10578,Weekday,False,Clear,False,0.0,False,False,0.915,Severe,10.2,64.9,523.4,0.183,0.424,0.944,Heavy congestion detected - signal timing extended and reroute suggested
EVT441838,2025-07-03 09:29:53,Sports Fixture,J009,Majestic,16159,Weekday,False,Rain,True,17.0,False,False,1.0,Severe,8.7,68.4,416.6,0.16,0.369,0.865,Heavy rain reducing visibility and grip - reduced speed and longer buffer advised
EVT441839,2025-06-05 09:58:58,Sports Fixture,J031,Cubbon Road,10885,Weekday,False,Clear,False,0.0,False,False,0.879,Severe,15.0,56.4,177.8,0.104,0.241,0.94,Heavy congestion detected - signal timing extended and reroute suggested
EVT441840,2026-06-27 06:30:02,Concert,J030,MG Road,15084,Weekend,False,Rain,True,17.1,False,False,0.521,Moderate,25.5,35.2,138.5,0.11,0.255,0.926,Light rain detected - minor speed reduction advised
EVT441841,2026-04-30 20:11:31,Political Rally,J020,Malleshwaram Circle,16324,Weekday,False,Clear,False,0.0,False,False,0.831,Severe,11.0,60.8,586.5,0.242,0.558,0.953,Heavy congestion detected - signal timing extended and reroute suggested
EVT441842,2026-04-03 17:40:13,Trade Fair,J011,Indiranagar 100ft Road,14761,Weekday,False,Clear,False,0.0,False,False,0.978,Severe,9.6,72.0,402.2,0.166,0.384,0.919,Heavy congestion detected - signal timing extended and reroute suggested
EVT441843,2025-06-15 13:57:36,Political Rally,J020,Malleshwaram Circle,16009,Weekend,False,Clear,False,0.0,False,False,0.326,Low,39.0,18.7,66.3,0.037,0.086,0.974,Moderate traffic flow - standard adaptive signal timing in effect
EVT441844,2026-05-19 15:28:31,Sports Fixture,J023,Basavanagudi,43865,Weekday,False,Clear,False,0.0,False,False,0.554,High,23.6,39.5,138.7,0.103,0.237,0.969,Moderate traffic flow - standard adaptive signal timing in effect
EVT441845,2025-05-15 08:54:15,Local Market Day,J030,MG Road,4968,Weekday,False,Clear,False,0.0,False,False,1.0,Severe,10.2,72.7,186.6,0.077,0.177,0.897,Heavy congestion detected - signal timing extended and reroute suggested
EVT441846,2025-03-28 15:33:21,Sports Fixture,J040,City Market,13107,Weekday,False,Clear,False,0.0,False,False,0.358,Moderate,31.0,26.9,82.6,0.062,0.143,0.942,Moderate traffic flow - standard adaptive signal timing in effect
EVT441847,2026-04-20 11:05:13,Local Market Day,J012,Koramangala Sony World,5827,Weekday,False,Light Rain,True,6.6,False,False,0.51,Moderate,23.6,41.0,295.9,0.199,0.46,0.927,Light rain detected - minor speed reduction advised
EVT441848,2025-01-27 07:53:29,Cultural Procession,J040,City Market,15655,Weekday,True,Clear,False,0.0,False,True,1.0,Severe,7.8,103.5,652.6,0.22,0.508,0.839,Road closure for event/procession - full detour recommended for through-traffic
EVT441849,2025-01-11 09:26:17,Local Market Day,J012,Koramangala Sony World,5235,Weekend,False,Clear,False,0.0,False,False,0.832,Severe,14.0,55.9,440.1,0.2,0.462,0.962,Heavy congestion detected - signal timing extended and reroute suggested
EVT441850,2025-06-29 13:28:07,Political Rally,J020,Malleshwaram Circle,14171,Weekend,False,Clear,False,0.0,False,False,0.341,Low,25.8,24.4,120.2,0.089,0.205,0.963,Moderate traffic flow - standard adaptive signal timing in effect
EVT441851,2026-04-17 08:32:55,Local Market Day,J040,City Market,6334,Weekday,False,Clear,False,0.0,False,False,0.864,Severe,12.4,59.9,305.7,0.139,0.321,0.912,Heavy congestion detected - signal timing extended and reroute suggested
EVT441852,2025-10-13 13:30:34,Trade Fair,J011,Indiranagar 100ft Road,9583,Weekday,False,Clear,False,0.0,False,False,0.161,Low,35.6,10.1,137.5,0.126,0.292,0.962,Normal free-flow traffic - standard signal timing maintained
EVT441853,2026-03-30 17:12:22,Trade Fair,J030,MG Road,13938,Weekday,False,Clear,False,0.0,False,False,0.88,Severe,13.7,62.6,347.4,0.176,0.406,0.953,Heavy congestion detected - signal timing extended and reroute suggested
EVT441854,2025-05-22 18:22:37,Local Market Day,J009,Majestic,4947,Weekday,False,Clear,False,0.0,False,False,1.0,Severe,8.9,76.4,477.1,0.168,0.389,0.948,Heavy congestion detected - signal timing extended and reroute suggested
EVT441855,2025-03-12 09:28:04,Local Market Day,J040,City Market,3352,Weekday,False,Clear,False,0.0,False,False,0.949,Severe,9.7,68.3,497.7,0.188,0.435,0.926,Heavy congestion detected - signal timing extended and reroute suggested
EVT441856,2026-05-28 08:11:12,Trade Fair,J040,City Market,5607,Weekday,False,Rain,True,9.3,False,False,0.984,Severe,6.7,70.4,807.7,0.22,0.508,0.843,Heavy rain reducing visibility and grip - reduced speed and longer buffer advised
EVT441857,2025-03-11 10:10:10,Local Market Day,J023,Basavanagudi,2917,Weekday,False,Clear,False,0.0,False,False,0.76,Severe,16.6,54.6,354.5,0.211,0.486,0.948,Heavy congestion detected - signal timing extended and reroute suggested
EVT441858,2025-09-18 21:50:02,Local Market Day,J012,Koramangala Sony World,5081,Weekday,False,Heavy Rain,True,47.4,False,False,0.626,High,18.2,44.5,132.3,0.053,0.122,0.916,Heavy rain reducing visibility and grip - reduced speed and longer buffer advised
EVT441859,2026-04-18 19:50:56,Trade Fair,J009,Majestic,8825,Weekend,False,Clear,False,0.0,False,False,0.765,Severe,16.3,59.9,287.1,0.173,0.4,0.963,Heavy congestion detected - signal timing extended and reroute suggested
EVT441860,2025-04-19 15:13:53,Trade Fair,J009,Majestic,10155,Weekend,False,Clear,False,0.0,False,False,0.406,Moderate,26.9,22.7,244.7,0.176,0.406,0.985,Moderate traffic flow - standard adaptive signal timing in effect
EVT441861,2026-01-11 16:17:42,Sports Fixture,J030,MG Road,31319,Weekend,False,Clear,False,0.0,False,False,0.63,High,15.8,46.9,207.9,0.124,0.286,0.975,Moderate traffic flow - standard adaptive signal timing in effect
EVT441862,2026-03-22 08:13:44,Trade Fair,J040,City Market,10158,Weekend,False,Clear,False,0.0,False,False,0.821,Severe,14.7,60.0,435.2,0.231,0.533,0.959,Heavy congestion detected - signal timing extended and reroute suggested
EVT441863,2025-11-23 18:57:15,Concert,J031,Cubbon Road,15820,Weekend,False,Clear,False,0.0,False,False,0.91,Severe,11.3,59.7,516.5,0.203,0.469,0.92,Heavy congestion detected - signal timing extended and reroute suggested
EVT441864,2026-06-08 17:05:43,Concert,J030,MG Road,14310,Weekday,False,Fog,False,0.0,False,False,0.837,Severe,12.1,57.9,454.6,0.232,0.537,0.931,Heavy congestion detected - signal timing extended and reroute suggested
EVT441865,2026-06-07 12:47:25,Local Market Day,J020,Malleshwaram Circle,8912,Weekend,False,Clear,False,0.0,False,False,0.279,Low,34.9,22.4,149.5,0.14,0.324,0.967,Moderate traffic flow - standard adaptive signal timing in effect
EVT441866,2025-06-03 20:42:07,Sports Fixture,J023,Basavanagudi,22589,Weekday,False,Heavy Rain,True,27.0,False,False,0.886,Severe,12.4,63.1,256.9,0.111,0.256,0.902,Heavy rain reducing visibility and grip - reduced speed and longer buffer advised
EVT441867,2025-09-12 07:39:16,Concert,J011,Indiranagar 100ft Road,6735,Weekday,False,Clear,False,0.0,False,False,0.812,Severe,14.8,55.5,285.5,0.15,0.346,0.971,Heavy congestion detected - signal timing extended and reroute suggested
EVT441868,2026-01-08 13:10:46,Local Market Day,J030,MG Road,5123,Weekday,False,Clear,False,0.0,False,False,0.189,Low,33.8,19.4,165.8,0.14,0.324,0.99,Normal free-flow traffic - standard signal timing maintained
EVT441869,2025-08-17 13:40:06,Sports Fixture,J031,Cubbon Road,19480,Weekend,False,Clear,False,0.0,False,False,0.407,Moderate,37.7,27.7,91.5,0.084,0.195,0.974,Moderate traffic flow - standard adaptive signal timing in effect
EVT441870,2025-03-16 20:10:42,Trade Fair,J031,Cubbon Road,12761,Weekend,False,Clear,False,0.0,False,False,0.63,High,16.2,42.9,112.4,0.048,0.111,0.974,Moderate traffic flow - standard adaptive signal timing in effect
EVT441871,2025-12-20 08:16:51,Political Rally,J030,MG Road,17849,Weekend,False,Clear,False,0.0,False,False,0.816,Severe,15.3,57.4,346.4,0.19,0.438,0.978,Heavy congestion detected - signal timing extended and reroute suggested
EVT441872,2026-06-07 13:46:12,Sports Fixture,J012,Koramangala Sony World,23078,Weekend,False,Clear,False,0.0,False,False,0.348,Low,28.7,17.8,183.3,0.138,0.319,0.963,Moderate traffic flow - standard adaptive signal timing in effect
EVT441873,2025-12-28 09:17:07,Local Market Day,J011,Indiranagar 100ft Road,7992,Weekend,False,Clear,False,0.0,False,False,0.867,Severe,12.7,64.0,446.4,0.224,0.516,0.95,Heavy congestion detected - signal timing extended and reroute suggested
EVT441874,2025-05-12 21:12:22,Local Market Day,J011,Indiranagar 100ft Road,3079,Weekday,False,Clear,False,0.0,False,False,0.306,Low,35.3,23.2,175.0,0.135,0.312,0.942,Moderate traffic flow - standard adaptive signal timing in effect
EVT441875,2026-03-12 09:21:16,Trade Fair,J030,MG Road,8553,Weekday,False,Clear,False,0.0,False,False,1.0,Severe,7.9,67.3,704.3,0.218,0.504,0.899,Heavy congestion detected - signal timing extended and reroute suggested
EVT441876,2025-02-11 14:37:12,Sports Fixture,J023,Basavanagudi,21200,Weekday,False,Clear,False,0.0,False,False,0.379,Moderate,31.3,27.3,167.5,0.12,0.278,0.963,Moderate traffic flow - standard adaptive signal timing in effect
EVT441877,2025-05-05 21:26:48,Sports Fixture,J009,Majestic,27156,Weekday,False,Clear,False,0.0,False,False,0.496,Moderate,27.2,30.6,205.5,0.149,0.345,0.939,Moderate traffic flow - standard adaptive signal timing in effect
EVT441878,2026-05-18 15:07:07,Concert,J030,MG Road,10071,Weekday,False,Clear,False,0.0,False,False,0.302,Low,30.9,29.5,156.5,0.132,0.305,0.923,Moderate traffic flow - standard adaptive signal timing in effect
EVT441879,2025-04-19 17:28:23,Local Market Day,J009,Majestic,5339,Weekend,False,Clear,False,0.0,False,False,0.818,Severe,15.6,60.0,404.7,0.24,0.554,0.92,Heavy congestion detected - signal timing extended and reroute suggested
EVT441880,2025-07-22 17:14:48,Sports Fixture,J012,Koramangala Sony World,22140,Weekday,False,Heavy Rain,True,30.4,False,False,1.0,Severe,8.6,70.4,477.5,0.18,0.416,0.857,Heavy rain reducing visibility and grip - reduced speed and longer buffer advised
EVT441881,2025-12-19 23:22:38,Trade Fair,J031,Cubbon Road,8174,Weekday,False,Clear,False,0.0,False,False,0.202,Low,32.8,11.0,135.5,0.124,0.287,0.946,Normal free-flow traffic - standard signal timing maintained
EVT441882,2025-02-20 20:22:47,Local Market Day,J031,Cubbon Road,3025,Weekday,False,Clear,False,0.0,False,False,0.609,High,24.9,47.5,177.1,0.117,0.269,0.951,Moderate traffic flow - standard adaptive signal timing in effect
EVT441883,2025-01-23 11:10:31,Concert,J012,Koramangala Sony World,8261,Weekday,False,Clear,False,0.0,False,False,0.454,Moderate,24.1,30.4,212.2,0.149,0.345,0.971,Moderate traffic flow - standard adaptive signal timing in effect
EVT441884,2026-01-13 17:24:54,Political Rally,J011,Indiranagar 100ft Road,11878,Weekday,False,Clear,False,0.0,False,False,0.953,Severe,11.6,74.9,520.6,0.26,0.599,0.921,Heavy congestion detected - signal timing extended and reroute suggested
EVT441885,2025-05-12 12:42:37,Sports Fixture,J011,Indiranagar 100ft Road,36040,Weekday,False,Clear,False,0.0,False,False,0.406,Moderate,28.9,27.6,229.4,0.2,0.461,0.96,Moderate traffic flow - standard adaptive signal timing in effect
EVT441886,2026-03-08 20:16:34,Local Market Day,J023,Basavanagudi,4404,Weekend,False,Clear,False,0.0,False,False,0.667,High,21.7,48.8,201.2,0.141,0.325,0.966,Moderate traffic flow - standard adaptive signal timing in effect
EVT441887,2025-12-21 08:39:23,Concert,J009,Majestic,9244,Weekend,False,Clear,False,0.0,False,False,0.818,Severe,17.7,56.6,320.1,0.171,0.395,0.96,Heavy congestion detected - signal timing extended and reroute suggested
EVT441888,2025-05-31 08:22:34,Political Rally,J023,Basavanagudi,10568,Weekend,False,Light Rain,True,4.0,False,False,0.942,Severe,10.7,70.4,496.7,0.24,0.554,0.872,Heavy rain reducing visibility and grip - reduced speed and longer buffer advised
EVT441889,2026-01-15 21:23:38,Cultural Procession,J030,MG Road,13502,Weekday,True,Clear,False,0.0,False,True,0.8,High,14.7,79.9,399.7,0.201,0.464,0.859,Road closure for event/procession - full detour recommended for through-traffic
EVT441890,2026-04-19 09:18:58,Trade Fair,J023,Basavanagudi,7459,Weekend,False,Clear,False,0.0,False,False,0.894,Severe,12.9,65.9,301.1,0.129,0.298,0.948,Heavy congestion detected - signal timing extended and reroute suggested
EVT441891,2026-06-26 15:50:47,Trade Fair,J040,City Market,13214,Weekday,False,Clear,False,0.0,False,False,0.432,Moderate,29.4,31.0,207.6,0.163,0.375,0.952,Moderate traffic flow - standard adaptive signal timing in effect
EVT441892,2025-10-20 20:48:22,Religious Festival,J031,Cubbon Road,27992,Weekday,True,Fog,False,0.0,False,False,0.814,Severe,12.3,58.0,506.0,0.246,0.567,0.933,Festival crowd surge detected - alternate route and extended cycle recommended
EVT441893,2025-11-20 21:19:14,Sports Fixture,J040,City Market,14018,Weekday,False,Clear,False,0.0,False,False,0.405,Moderate,23.1,26.5,333.9,0.234,0.542,0.99,Moderate traffic flow - standard adaptive signal timing in effect
EVT441894,2025-01-13 16:09:04,Local Market Day,J031,Cubbon Road,4213,Weekday,False,Light Rain,True,1.7,False,False,0.55,Moderate,25.2,39.7,160.9,0.133,0.306,0.923,Light rain detected - minor speed reduction advised
EVT441895,2025-07-09 00:51:18,Local Market Day,J030,MG Road,2246,Weekday,False,Clear,False,0.0,False,False,0.222,Low,32.4,15.1,152.5,0.125,0.288,0.968,Normal free-flow traffic - standard signal timing maintained
EVT441896,2025-04-10 05:37:46,Political Rally,J023,Basavanagudi,11503,Weekday,False,Clear,False,0.0,False,False,0.17,Low,36.8,19.7,103.0,0.077,0.178,0.984,Normal free-flow traffic - standard signal timing maintained
EVT441897,2025-09-05 19:41:23,Religious Festival,J012,Koramangala Sony World,41355,Weekday,True,Clear,False,0.0,False,True,1.0,Severe,8.7,99.5,817.3,0.284,0.655,0.831,Road closure for event/procession - full detour recommended for through-traffic
EVT441898,2025-01-26 14:52:23,Religious Festival,J040,City Market,34014,Weekend,True,Clear,False,0.0,False,True,0.878,High,10.7,91.4,427.9,0.179,0.415,0.881,Road closure for event/procession - full detour recommended for through-traffic
EVT441899,2025-07-22 21:48:08,Trade Fair,J020,Malleshwaram Circle,6099,Weekday,False,Fog,False,0.0,False,False,0.246,Low,28.3,16.7,197.2,0.15,0.347,0.982,Normal free-flow traffic - standard signal timing maintained
EVT441900,2025-04-18 18:47:35,Political Rally,J011,Indiranagar 100ft Road,31813,Weekday,False,Clear,False,0.0,False,False,1.0,Severe,8.5,71.7,406.2,0.144,0.333,0.9,Heavy congestion detected - signal timing extended and reroute suggested
EVT441901,2025-09-18 10:58:29,Local Market Day,J012,Koramangala Sony World,7129,Weekday,False,Rain,True,22.3,False,False,0.727,High,17.3,49.3,233.2,0.131,0.303,0.903,Heavy rain reducing visibility and grip - reduced speed and longer buffer advised
EVT441902,2026-02-18 07:26:14,Concert,J011,Indiranagar 100ft Road,7878,Weekday,False,Clear,False,0.0,False,False,0.551,High,21.0,41.2,241.0,0.147,0.338,0.984,Moderate traffic flow - standard adaptive signal timing in effect
EVT441903,2026-02-24 09:45:23,Local Market Day,J023,Basavanagudi,4040,Weekday,False,Clear,False,0.0,False,False,0.908,Severe,12.1,68.0,343.7,0.179,0.413,0.891,Heavy congestion detected - signal timing extended and reroute suggested
EVT441904,2026-02-21 08:55:07,Local Market Day,J011,Indiranagar 100ft Road,1433,Weekend,False,Clear,False,0.0,False,False,0.856,Severe,11.5,62.5,533.1,0.223,0.515,0.956,Heavy congestion detected - signal timing extended and reroute suggested
EVT441905,2025-04-15 15:59:37,Cultural Procession,J030,MG Road,20841,Weekday,True,Light Rain,True,6.7,False,True,1.0,Severe,8.1,98.3,590.8,0.223,0.516,0.773,Road closure for event/procession - full detour recommended for through-traffic
EVT441906,2025-03-15 11:22:02,Religious Festival,J009,Majestic,69322,Weekend,True,Clear,False,0.0,False,True,1.0,Severe,8.3,93.9,531.9,0.188,0.434,0.855,Road closure for event/procession - full detour recommended for through-traffic
EVT441907,2025-11-24 09:11:37,Local Market Day,J040,City Market,5584,Weekday,False,Rain,True,21.7,False,False,1.0,Severe,10.2,66.8,412.7,0.185,0.427,0.861,Heavy rain reducing visibility and grip - reduced speed and longer buffer advised
EVT441908,2025-04-15 20:53:01,Fireworks Display,J031,Cubbon Road,23837,Weekday,True,Clear,False,0.0,False,False,0.822,Severe,12.0,55.4,492.9,0.226,0.523,0.9,Festival crowd surge detected - alternate route and extended cycle recommended
EVT441909,2026-02-28 16:55:31,Local Market Day,J031,Cubbon Road,3702,Weekend,False,Clear,False,0.0,False,False,0.668,High,15.4,47.8,336.6,0.186,0.43,0.973,Moderate traffic flow - standard adaptive signal timing in effect
EVT441910,2026-05-23 01:29:25,Local Market Day,J023,Basavanagudi,4760,Weekend,False,Clear,False,0.0,False,False,0.264,Low,27.3,21.0,275.9,0.208,0.481,0.955,Moderate traffic flow - standard adaptive signal timing in effect
EVT441911,2026-02-01 09:38:01,Sports Fixture,J011,Indiranagar 100ft Road,21675,Weekend,False,Fog,False,0.0,False,False,0.874,Severe,12.8,62.8,185.4,0.095,0.219,0.921,Heavy congestion detected - signal timing extended and reroute suggested
EVT441912,2025-11-22 07:47:26,Trade Fair,J040,City Market,5873,Weekend,False,Clear,False,0.0,False,False,0.669,High,22.9,55.7,166.6,0.128,0.297,0.932,Moderate traffic flow - standard adaptive signal timing in effect
EVT441913,2025-03-26 19:24:54,Trade Fair,J020,Malleshwaram Circle,9819,Weekday,False,Clear,False,0.0,False,False,0.916,Severe,11.1,63.1,479.5,0.191,0.441,0.944,Heavy congestion detected - signal timing extended and reroute suggested
EVT441914,2026-01-23 13:32:32,Local Market Day,J023,Basavanagudi,2468,Weekday,False,Clear,False,0.0,False,False,0.135,Low,38.2,17.0,134.3,0.125,0.288,0.964,Normal free-flow traffic - standard signal timing maintained
EVT441915,2026-01-12 00:02:26,Concert,J040,City Market,12731,Weekday,False,Clear,False,0.0,False,False,0.176,Low,33.6,10.2,104.6,0.102,0.235,0.975,Normal free-flow traffic - standard signal timing maintained
EVT441916,2026-01-01 14:18:54,Religious Festival,J023,Basavanagudi,60472,Weekday,True,Clear,False,0.0,False,True,0.913,Severe,9.9,84.5,485.8,0.193,0.445,0.869,Road closure for event/procession - full detour recommended for through-traffic
EVT441917,2025-02-10 12:02:13,Concert,J040,City Market,8709,Weekday,False,Light Rain,True,0.3,False,False,0.339,Low,29.0,18.2,180.7,0.131,0.302,0.915,Light rain detected - minor speed reduction advised
EVT441918,2025-02-22 10:28:41,Local Market Day,J012,Koramangala Sony World,2071,Weekend,False,Clear,False,0.0,False,False,0.621,High,22.9,45.0,247.7,0.152,0.351,0.964,Moderate traffic flow - standard adaptive signal timing in effect
EVT441919,2025-01-31 20:50:49,Sports Fixture,J031,Cubbon Road,12263,Weekday,False,Clear,False,0.0,False,False,0.542,Moderate,27.9,37.3,335.2,0.287,0.663,0.97,Moderate traffic flow - standard adaptive signal timing in effect
EVT441920,2025-11-07 14:01:57,Political Rally,J031,Cubbon Road,25542,Weekday,False,Light Rain,True,1.6,False,False,0.453,Moderate,20.5,37.5,358.4,0.235,0.542,0.903,Light rain detected - minor speed reduction advised
EVT441921,2025-04-17 08:42:06,Political Rally,J023,Basavanagudi,32071,Weekday,False,Clear,False,0.0,False,False,1.0,Severe,6.7,74.7,627.0,0.179,0.413,0.941,Heavy congestion detected - signal timing extended and reroute suggested
EVT441922,2025-10-22 06:21:32,Fireworks Display,J023,Basavanagudi,32513,Weekday,True,Clear,False,0.0,False,False,0.657,High,21.4,46.9,219.9,0.135,0.311,0.901,Festival crowd surge detected - alternate route and extended cycle recommended
EVT441923,2026-03-01 17:58:08,Local Market Day,J023,Basavanagudi,2538,Weekend,False,Light Rain,True,3.0,False,False,0.856,Severe,14.2,64.8,389.2,0.204,0.472,0.911,Heavy rain reducing visibility and grip - reduced speed and longer buffer advised
EVT441924,2025-01-29 23:19:17,Trade Fair,J020,Malleshwaram Circle,7966,Weekday,False,Clear,False,0.0,False,False,0.295,Low,32.5,19.4,179.2,0.147,0.34,0.964,Moderate traffic flow - standard adaptive signal timing in effect
EVT441925,2025-07-04 19:43:32,Concert,J031,Cubbon Road,11549,Weekday,False,Clear,False,0.0,False,False,0.78,Severe,14.6,58.9,287.9,0.141,0.325,0.952,Heavy congestion detected - signal timing extended and reroute suggested
EVT441926,2025-10-04 07:21:52,Local Market Day,J040,City Market,3476,Weekend,False,Clear,False,0.0,False,False,0.533,Moderate,21.2,41.2,251.4,0.161,0.372,0.952,Moderate traffic flow - standard adaptive signal timing in effect
EVT441927,2026-02-22 09:05:44,Sports Fixture,J040,City Market,28276,Weekend,False,Clear,False,0.0,False,False,1.0,Severe,8.0,72.8,478.1,0.166,0.383,0.924,Heavy congestion detected - signal timing extended and reroute suggested
EVT441928,2026-03-23 19:36:20,Sports Fixture,J012,Koramangala Sony World,18727,Weekday,False,Clear,False,0.0,False,False,0.969,Severe,8.3,72.0,902.5,0.291,0.672,0.918,Heavy congestion detected - signal timing extended and reroute suggested
EVT441929,2025-03-14 19:27:55,Religious Festival,J023,Basavanagudi,45965,Weekday,True,Clear,False,0.0,False,False,1.0,Severe,8.8,70.6,532.0,0.193,0.447,0.836,Festival crowd surge detected - alternate route and extended cycle recommended
EVT441930,2026-06-18 15:22:29,Trade Fair,J023,Basavanagudi,7216,Weekday,False,Heavy Rain,True,45.5,False,False,0.668,High,17.5,48.8,280.3,0.17,0.392,0.919,Heavy rain reducing visibility and grip - reduced speed and longer buffer advised
EVT441931,2025-07-22 16:23:28,Local Market Day,J030,MG Road,3627,Weekday,False,Clear,False,0.0,False,False,0.586,High,21.2,39.8,121.7,0.088,0.203,0.932,Moderate traffic flow - standard adaptive signal timing in effect
EVT441932,2025-03-06 15:22:50,Local Market Day,J020,Malleshwaram Circle,2706,Weekday,False,Light Rain,True,2.2,False,False,0.355,Moderate,25.7,25.7,199.7,0.16,0.37,0.936,Light rain detected - minor speed reduction advised
EVT441933,2025-12-26 16:57:59,Fireworks Display,J040,City Market,30282,Weekday,True,Clear,False,0.0,False,False,1.0,Severe,8.4,70.8,596.6,0.197,0.456,0.876,Festival crowd surge detected - alternate route and extended cycle recommended
EVT441934,2025-06-13 21:22:40,Political Rally,J012,Koramangala Sony World,14913,Weekday,False,Heavy Rain,True,27.8,False,False,0.669,High,19.1,47.2,185.3,0.105,0.241,0.938,Heavy rain reducing visibility and grip - reduced speed and longer buffer advised
EVT441935,2026-03-24 11:24:52,Local Market Day,J020,Malleshwaram Circle,4210,Weekday,False,Clear,False,0.0,False,False,0.332,Low,29.5,23.2,115.5,0.112,0.258,0.951,Moderate traffic flow - standard adaptive signal timing in effect
EVT441936,2026-03-04 22:50:31,Cultural Procession,J040,City Market,27046,Weekday,True,Clear,False,0.0,False,False,0.584,High,18.0,39.6,100.1,0.063,0.146,0.922,Festival crowd surge detected - alternate route and extended cycle recommended
EVT441937,2025-07-02 08:38:20,Concert,J020,Malleshwaram Circle,9658,Weekday,False,Clear,False,0.0,False,False,1.0,Severe,7.3,65.3,716.7,0.203,0.468,0.922,Heavy congestion detected - signal timing extended and reroute suggested
EVT441938,2025-01-31 13:07:56,Local Market Day,J040,City Market,4487,Weekday,False,Clear,False,0.0,False,False,0.186,Low,29.4,13.8,185.7,0.132,0.304,0.978,Normal free-flow traffic - standard signal timing maintained
EVT441939,2025-01-12 08:50:21,Sports Fixture,J031,Cubbon Road,14777,Weekend,False,Clear,False,0.0,False,False,0.952,Severe,10.5,66.0,475.4,0.195,0.451,0.921,Heavy congestion detected - signal timing extended and reroute suggested
EVT441940,2026-03-04 14:56:51,Fireworks Display,J030,MG Road,23714,Weekday,True,Fog,False,0.0,False,False,0.577,High,19.2,38.8,217.0,0.138,0.319,0.911,Festival crowd surge detected - alternate route and extended cycle recommended
EVT441941,2025-05-13 10:52:32,Trade Fair,J031,Cubbon Road,7602,Weekday,False,Clear,False,0.0,False,False,0.484,Moderate,29.3,28.5,171.9,0.141,0.325,0.942,Moderate traffic flow - standard adaptive signal timing in effect
EVT441942,2025-05-24 20:11:12,Trade Fair,J030,MG Road,7596,Weekend,False,Clear,False,0.0,False,False,0.635,High,29.1,47.7,185.4,0.171,0.394,0.959,Moderate traffic flow - standard adaptive signal timing in effect
EVT441943,2025-07-14 16:57:03,Concert,J012,Koramangala Sony World,14950,Weekday,False,Clear,False,0.0,False,False,0.726,High,18.3,51.5,292.8,0.188,0.433,0.964,Moderate traffic flow - standard adaptive signal timing in effect
EVT441944,2025-02-12 09:47:53,Trade Fair,J040,City Market,8768,Weekday,False,Clear,False,0.0,False,False,0.888,Severe,12.0,62.0,405.4,0.185,0.428,0.926,Heavy congestion detected - signal timing extended and reroute suggested
EVT441945,2026-04-26 13:02:05,Trade Fair,J009,Majestic,6399,Weekend,False,Fog,False,0.0,False,False,0.307,Low,30.6,21.6,101.6,0.076,0.174,0.966,Moderate traffic flow - standard adaptive signal timing in effect
EVT441946,2025-01-18 06:59:52,Local Market Day,J020,Malleshwaram Circle,5039,Weekend,False,Clear,False,0.0,False,False,0.415,Moderate,34.1,28.9,227.4,0.187,0.433,0.948,Moderate traffic flow - standard adaptive signal timing in effect
EVT441947,2025-06-09 17:19:57,Sports Fixture,J031,Cubbon Road,21987,Weekday,False,Heavy Rain,True,44.1,False,False,1.0,Severe,7.1,68.0,806.4,0.213,0.493,0.862,Heavy rain reducing visibility and grip - reduced speed and longer buffer advised
EVT441948,2025-09-24 08:24:14,Local Market Day,J023,Basavanagudi,1920,Weekday,False,Heavy Rain,True,38.6,False,False,1.0,Severe,9.6,64.6,243.5,0.104,0.241,0.861,Heavy rain reducing visibility and grip - reduced speed and longer buffer advised
EVT441949,2025-03-19 20:08:05,Local Market Day,J009,Majestic,4141,Weekday,False,Clear,False,0.0,False,False,0.622,High,26.1,40.9,147.6,0.115,0.265,0.96,Moderate traffic flow - standard adaptive signal timing in effect
EVT441950,2026-04-20 17:52:46,Sports Fixture,J020,Malleshwaram Circle,24834,Weekday,False,Clear,False,0.0,False,False,1.0,Severe,8.2,72.1,462.5,0.16,0.37,0.907,Heavy congestion detected - signal timing extended and reroute suggested
EVT441951,2025-11-16 16:52:35,Sports Fixture,J012,Koramangala Sony World,23019,Weekend,False,Rain,True,11.4,False,False,0.849,Severe,14.0,63.0,342.3,0.182,0.421,0.892,Heavy rain reducing visibility and grip - reduced speed and longer buffer advised
EVT441952,2026-02-22 18:22:22,Local Market Day,J023,Basavanagudi,10683,Weekend,False,Clear,False,0.0,False,False,0.828,Severe,12.9,66.9,375.7,0.177,0.409,0.937,Heavy congestion detected - signal timing extended and reroute suggested
EVT441953,2025-07-12 12:50:14,Political Rally,J040,City Market,11513,Weekend,False,Clear,False,0.0,False,False,0.26,Low,30.0,20.8,79.4,0.058,0.134,0.972,Moderate traffic flow - standard adaptive signal timing in effect
EVT441954,2025-06-13 18:06:53,Concert,J009,Majestic,10759,Weekday,False,Heavy Rain,True,43.7,False,False,1.0,Severe,7.3,70.6,573.5,0.167,0.385,0.857,Heavy rain reducing visibility and grip - reduced speed and longer buffer advised
EVT441955,2025-02-27 10:12:20,Political Rally,J009,Majestic,10392,Weekday,False,Clear,False,0.0,False,False,0.815,Severe,13.9,59.5,431.5,0.185,0.427,0.95,Heavy congestion detected - signal timing extended and reroute suggested
EVT441956,2026-06-16 22:24:38,Local Market Day,J009,Majestic,5067,Weekday,False,Heavy Rain,True,31.0,False,False,0.477,Moderate,30.5,34.4,140.9,0.102,0.235,0.943,Light rain detected - minor speed reduction advised
EVT441957,2025-01-16 11:29:33,Trade Fair,J031,Cubbon Road,11667,Weekday,False,Clear,False,0.0,False,False,0.383,Moderate,26.7,32.9,156.6,0.104,0.241,0.961,Moderate traffic flow - standard adaptive signal timing in effect
EVT441958,2025-03-24 11:22:17,Sports Fixture,J030,MG Road,53118,Weekday,False,Clear,False,0.0,False,False,0.591,High,17.5,43.9,363.9,0.203,0.469,0.952,Moderate traffic flow - standard adaptive signal timing in effect
EVT441959,2025-09-03 15:56:17,Sports Fixture,J040,City Market,19202,Weekday,False,Heavy Rain,True,48.0,False,False,0.817,Severe,11.8,57.0,368.9,0.168,0.388,0.911,Heavy rain reducing visibility and grip - reduced speed and longer buffer advised
EVT441960,2026-02-14 22:44:52,Sports Fixture,J023,Basavanagudi,14387,Weekend,False,Clear,False,0.0,False,False,0.428,Moderate,25.4,27.7,231.1,0.195,0.451,0.972,Moderate traffic flow - standard adaptive signal timing in effect
EVT441961,2025-05-01 10:57:50,Religious Festival,J040,City Market,44000,Weekday,True,Clear,False,0.0,False,True,1.0,Severe,8.2,101.3,342.3,0.129,0.298,0.831,Road closure for event/procession - full detour recommended for through-traffic
EVT441962,2025-04-17 22:53:54,Local Market Day,J020,Malleshwaram Circle,4189,Weekday,False,Clear,False,0.0,False,False,0.118,Low,44.0,9.9,121.7,0.132,0.305,0.938,Normal free-flow traffic - standard signal timing maintained
EVT441963,2025-11-24 08:23:47,Political Rally,J031,Cubbon Road,11779,Weekday,False,Clear,False,0.0,False,False,0.961,Severe,8.0,67.3,501.2,0.181,0.418,0.92,Heavy congestion detected - signal timing extended and reroute suggested
EVT441964,2025-03-04 17:35:54,Political Rally,J030,MG Road,17429,Weekday,False,Clear,False,0.0,False,False,0.949,Severe,12.8,66.3,282.4,0.139,0.32,0.895,Heavy congestion detected - signal timing extended and reroute suggested
EVT441965,2025-01-04 19:24:19,Local Market Day,J009,Majestic,3555,Weekend,False,Clear,False,0.0,False,False,0.822,Severe,13.5,61.7,513.0,0.253,0.584,0.932,Heavy congestion detected - signal timing extended and reroute suggested
EVT441966,2026-04-07 15:31:41,Trade Fair,J009,Majestic,7291,Weekday,False,Fog,False,0.0,False,False,0.373,Moderate,28.0,23.8,150.8,0.101,0.233,0.99,Moderate traffic flow - standard adaptive signal timing in effect
EVT441967,2025-05-11 11:12:06,Sports Fixture,J011,Indiranagar 100ft Road,24387,Weekend,False,Light Rain,True,4.0,False,False,0.619,High,21.3,39.7,308.3,0.222,0.513,0.921,Heavy rain reducing visibility and grip - reduced speed and longer buffer advised
EVT441968,2025-11-14 13:04:32,Political Rally,J030,MG Road,13554,Weekday,False,Clear,False,0.0,False,False,0.221,Low,35.9,24.9,114.8,0.091,0.21,0.964,Normal free-flow traffic - standard signal timing maintained
EVT441969,2025-06-14 17:31:12,Local Market Day,J012,Koramangala Sony World,4880,Weekend,False,Rain,True,19.6,False,False,1.0,Severe,6.3,66.6,410.7,0.125,0.289,0.856,Heavy rain reducing visibility and grip - reduced speed and longer buffer advised
EVT441970,2025-01-03 00:01:25,Sports Fixture,J012,Koramangala Sony World,17916,Weekday,False,Clear,False,0.0,False,False,0.293,Low,36.7,27.6,149.9,0.131,0.303,0.96,Moderate traffic flow - standard adaptive signal timing in effect
EVT441971,2025-08-08 17:23:06,Local Market Day,J031,Cubbon Road,2841,Weekday,False,Rain,True,7.5,False,False,0.954,Severe,12.2,75.2,375.0,0.187,0.432,0.863,Heavy rain reducing visibility and grip - reduced speed and longer buffer advised
EVT441972,2025-10-30 16:49:20,Local Market Day,J011,Indiranagar 100ft Road,4375,Weekday,False,Rain,True,20.1,False,False,0.966,Severe,9.1,73.4,611.9,0.257,0.593,0.867,Heavy rain reducing visibility and grip - reduced speed and longer buffer advised
EVT441973,2025-01-11 18:47:41,Local Market Day,J040,City Market,4246,Weekend,False,Fog,False,0.0,False,False,0.835,Severe,15.8,62.3,188.2,0.097,0.223,0.938,Heavy congestion detected - signal timing extended and reroute suggested
EVT441974,2025-06-22 10:53:03,Sports Fixture,J040,City Market,38082,Weekend,False,Clear,False,0.0,False,False,0.614,High,26.2,48.5,131.6,0.099,0.229,0.938,Moderate traffic flow - standard adaptive signal timing in effect
EVT441975,2026-04-17 11:36:19,Trade Fair,J023,Basavanagudi,12007,Weekday,False,Light Rain,True,3.1,False,False,0.479,Moderate,26.6,32.6,118.1,0.106,0.245,0.922,Light rain detected - minor speed reduction advised
EVT441976,2025-04-14 10:40:33,Religious Festival,J012,Koramangala Sony World,52957,Weekday,True,Clear,False,0.0,False,False,1.0,Severe,8.4,67.8,675.3,0.247,0.57,0.857,Festival crowd surge detected - alternate route and extended cycle recommended
EVT441977,2025-01-05 13:11:09,Concert,J020,Malleshwaram Circle,14935,Weekend,False,Clear,False,0.0,False,False,0.294,Low,30.3,20.3,118.6,0.091,0.21,0.964,Moderate traffic flow - standard adaptive signal timing in effect
EVT441978,2025-08-11 06:37:27,Sports Fixture,J012,Koramangala Sony World,37317,Weekday,False,Heavy Rain,True,51.9,False,False,0.897,Severe,15.6,66.0,297.1,0.155,0.358,0.894,Heavy rain reducing visibility and grip - reduced speed and longer buffer advised
EVT441979,2025-12-05 15:44:36,Trade Fair,J031,Cubbon Road,7416,Weekday,False,Clear,False,0.0,False,False,0.398,Moderate,25.9,30.6,213.7,0.15,0.346,0.971,Moderate traffic flow - standard adaptive signal timing in effect
EVT441980,2025-01-23 17:47:14,Local Market Day,J030,MG Road,7654,Weekday,False,Clear,False,0.0,False,False,0.982,Severe,9.3,68.5,456.4,0.183,0.423,0.922,Heavy congestion detected - signal timing extended and reroute suggested
EVT441981,2025-04-07 19:18:58,Religious Festival,J009,Majestic,43486,Weekday,True,Clear,False,0.0,False,False,1.0,Severe,8.8,73.0,790.5,0.279,0.645,0.858,Festival crowd surge detected - alternate route and extended cycle recommended
EVT441982,2025-08-24 09:09:23,Local Market Day,J040,City Market,4101,Weekend,False,Clear,False,0.0,False,False,0.933,Severe,10.9,70.8,565.5,0.253,0.585,0.926,Heavy congestion detected - signal timing extended and reroute suggested
EVT441983,2026-05-03 19:07:07,Local Market Day,J030,MG Road,4006,Weekend,False,Clear,False,0.0,False,False,0.888,Severe,13.4,67.4,295.3,0.169,0.39,0.936,Heavy congestion detected - signal timing extended and reroute suggested
EVT441984,2026-06-26 19:24:33,Sports Fixture,J030,MG Road,19046,Weekday,False,Clear,False,0.0,False,False,1.0,Severe,9.5,65.6,377.6,0.14,0.323,0.907,Heavy congestion detected - signal timing extended and reroute suggested
EVT441985,2025-09-03 23:48:29,Concert,J030,MG Road,14797,Weekday,False,Heavy Rain,True,38.0,False,False,0.595,High,15.0,37.0,226.8,0.119,0.275,0.901,Heavy rain reducing visibility and grip - reduced speed and longer buffer advised
EVT441986,2025-07-02 09:56:24,Political Rally,J023,Basavanagudi,14241,Weekday,False,Clear,False,0.0,False,False,0.842,Severe,15.6,59.2,174.8,0.103,0.238,0.951,Heavy congestion detected - signal timing extended and reroute suggested
EVT441987,2026-03-02 20:14:41,Trade Fair,J040,City Market,13365,Weekday,False,Clear,False,0.0,False,False,0.657,High,23.6,46.1,196.3,0.145,0.336,0.98,Moderate traffic flow - standard adaptive signal timing in effect
EVT441988,2025-08-27 17:50:31,Cultural Procession,J040,City Market,12787,Weekday,True,Heavy Rain,True,28.0,False,True,1.0,Severe,6.9,100.1,799.2,0.229,0.53,0.78,Road closure for event/procession - full detour recommended for through-traffic
EVT441989,2025-12-18 07:58:18,Local Market Day,J009,Majestic,2930,Weekday,False,Clear,False,0.0,False,False,0.733,High,15.9,57.2,246.9,0.113,0.26,0.958,Moderate traffic flow - standard adaptive signal timing in effect
EVT441990,2025-11-30 16:08:38,Trade Fair,J012,Koramangala Sony World,13144,Weekend,False,Rain,True,9.4,False,False,0.676,High,19.5,53.9,290.2,0.181,0.418,0.928,Heavy rain reducing visibility and grip - reduced speed and longer buffer advised
EVT441991,2025-08-06 17:24:20,Concert,J023,Basavanagudi,12077,Weekday,False,Rain,True,13.6,False,False,1.0,Severe,10.4,68.4,903.7,0.377,0.87,0.889,Heavy rain reducing visibility and grip - reduced speed and longer buffer advised
EVT441992,2025-09-09 09:23:26,Local Market Day,J009,Majestic,10659,Weekday,False,Heavy Rain,True,37.9,False,False,1.0,Severe,7.5,69.7,198.9,0.099,0.23,0.872,Heavy rain reducing visibility and grip - reduced speed and longer buffer advised
EVT441993,2025-11-27 17:33:22,Local Market Day,J020,Malleshwaram Circle,5351,Weekday,False,Light Rain,True,3.7,False,False,1.0,Severe,7.3,71.5,771.6,0.224,0.517,0.868,Heavy rain reducing visibility and grip - reduced speed and longer buffer advised
EVT441994,2025-11-29 18:54:37,Local Market Day,J012,Koramangala Sony World,4175,Weekend,False,Clear,False,0.0,False,False,0.827,Severe,13.6,58.5,231.9,0.122,0.283,0.922,Heavy congestion detected - signal timing extended and reroute suggested
EVT441995,2025-02-01 10:35:22,Political Rally,J040,City Market,19327,Weekend,False,Clear,False,0.0,False,False,0.672,High,17.8,44.1,243.3,0.13,0.301,0.975,Moderate traffic flow - standard adaptive signal timing in effect
EVT441996,2025-04-12 12:28:11,Concert,J023,Basavanagudi,10720,Weekend,False,Clear,False,0.0,False,False,0.273,Low,33.7,18.4,120.9,0.115,0.265,0.939,Moderate traffic flow - standard adaptive signal timing in effect
EVT441997,2025-04-15 13:50:12,Cultural Procession,J023,Basavanagudi,18515,Weekday,True,Rain,True,21.5,False,True,0.858,High,12.6,84.6,531.5,0.256,0.592,0.84,Road closure for event/procession - full detour recommended for through-traffic
EVT441998,2025-02-23 17:35:20,Concert,J040,City Market,10869,Weekend,False,Clear,False,0.0,False,False,0.825,Severe,13.8,59.2,468.6,0.233,0.538,0.947,Heavy congestion detected - signal timing extended and reroute suggested
EVT441999,2025-12-05 18:14:36,Trade Fair,J023,Basavanagudi,7063,Weekday,False,Clear,False,0.0,False,False,0.988,Severe,6.5,75.5,627.6,0.198,0.458,0.864,Heavy congestion detected - signal timing extended and reroute suggested
EVT442000,2025-03-27 08:21:21,Trade Fair,J040,City Market,9480,Weekday,False,Clear,False,0.0,False,False,0.972,Severe,12.1,74.3,520.5,0.239,0.552,0.908,Heavy congestion detected - signal timing extended and reroute suggested
EVT442001,2025-05-13 05:00:01,Concert,J012,Koramangala Sony World,5797,Weekday,False,Rain,True,24.8,False,False,0.426,Moderate,30.3,31.7,209.4,0.177,0.408,0.9,Light rain detected - minor speed reduction advised
EVT442002,2026-03-21 09:20:46,Local Market Day,J009,Majestic,4195,Weekend,False,Clear,False,0.0,False,False,0.827,Severe,12.5,59.9,535.0,0.244,0.565,0.984,Heavy congestion detected - signal timing extended and reroute suggested
EVT442003,2026-05-19 17:45:24,Concert,J031,Cubbon Road,13941,Weekday,False,Clear,False,0.0,False,False,1.0,Severe,9.7,65.7,490.1,0.191,0.441,0.93,Heavy congestion detected - signal timing extended and reroute suggested
EVT442004,2025-07-03 08:53:02,Political Rally,J030,MG Road,13244,Weekday,False,Clear,False,0.0,False,False,1.0,Severe,8.4,71.4,586.5,0.199,0.461,0.921,Heavy congestion detected - signal timing extended and reroute suggested
EVT442005,2025-07-14 11:50:45,Political Rally,J030,MG Road,23704,Weekday,False,Clear,False,0.0,False,False,0.348,Low,28.0,19.8,151.5,0.111,0.256,0.978,Moderate traffic flow - standard adaptive signal timing in effect
EVT442006,2026-04-28 07:53:12,Sports Fixture,J011,Indiranagar 100ft Road,33133,Weekday,False,Clear,False,0.0,False,False,0.896,Severe,10.1,66.8,495.4,0.186,0.43,0.93,Heavy congestion detected - signal timing extended and reroute suggested
EVT442007,2025-03-22 10:04:10,Concert,J020,Malleshwaram Circle,11064,Weekend,False,Clear,False,0.0,False,False,0.683,High,18.0,50.9,236.8,0.128,0.295,0.959,Moderate traffic flow - standard adaptive signal timing in effect
EVT442008,2025-03-03 13:53:49,Political Rally,J023,Basavanagudi,15096,Weekday,False,Clear,False,0.0,False,False,0.262,Low,34.8,15.5,139.8,0.127,0.293,0.965,Moderate traffic flow - standard adaptive signal timing in effect
EVT442009,2025-04-18 07:56:06,Local Market Day,J020,Malleshwaram Circle,3488,Weekday,False,Clear,False,0.0,False,False,0.82,Severe,15.0,60.4,387.4,0.224,0.518,0.927,Heavy congestion detected - signal timing extended and reroute suggested
EVT442010,2025-11-22 06:00:58,Concert,J012,Koramangala Sony World,13104,Weekend,False,Fog,False,0.0,False,False,0.383,Moderate,30.5,28.7,110.4,0.083,0.191,0.965,Moderate traffic flow - standard adaptive signal timing in effect
EVT442011,2026-06-22 09:31:07,Concert,J011,Indiranagar 100ft Road,18884,Weekday,False,Clear,False,0.0,False,False,1.0,Severe,7.6,75.2,564.9,0.201,0.464,0.909,Heavy congestion detected - signal timing extended and reroute suggested
EVT442012,2025-08-04 08:51:18,Concert,J031,Cubbon Road,13477,Weekday,False,Clear,False,0.0,False,False,1.0,Severe,7.2,71.8,607.7,0.173,0.401,0.889,Heavy congestion detected - signal timing extended and reroute suggested
EVT442013,2026-03-28 18:54:13,Trade Fair,J031,Cubbon Road,4961,Weekend,False,Clear,False,0.0,False,False,0.888,Severe,11.5,62.0,485.8,0.215,0.496,0.973,Heavy congestion detected - signal timing extended and reroute suggested
EVT442014,2025-08-30 11:24:08,Concert,J012,Koramangala Sony World,9867,Weekend,False,Heavy Rain,True,45.1,False,False,0.75,High,18.8,49.8,342.0,0.212,0.491,0.9,Heavy rain reducing visibility and grip - reduced speed and longer buffer advised
EVT442015,2026-03-28 10:31:21,Political Rally,J030,MG Road,5234,Weekend,False,Clear,False,0.0,False,False,0.55,High,21.0,36.7,232.5,0.154,0.355,0.988,Moderate traffic flow - standard adaptive signal timing in effect
EVT442016,2025-03-17 06:14:46,Local Market Day,J012,Koramangala Sony World,3279,Weekday,False,Clear,False,0.0,False,False,0.196,Low,32.1,18.8,150.8,0.128,0.296,0.973,Normal free-flow traffic - standard signal timing maintained
EVT442017,2025-05-02 19:48:53,Cultural Procession,J011,Indiranagar 100ft Road,16271,Weekday,True,Clear,False,0.0,False,True,1.0,Severe,8.7,95.7,803.0,0.298,0.688,0.842,Road closure for event/procession - full detour recommended for through-traffic
EVT442018,2026-04-19 06:09:52,Sports Fixture,J009,Majestic,16573,Weekend,False,Clear,False,0.0,False,False,0.386,Moderate,30.1,26.7,168.7,0.161,0.371,0.965,Moderate traffic flow - standard adaptive signal timing in effect
EVT442019,2026-01-13 19:48:42,Concert,J031,Cubbon Road,17734,Weekday,False,Clear,False,0.0,False,False,0.921,Severe,11.7,81.0,486.3,0.218,0.503,0.929,Heavy congestion detected - signal timing extended and reroute suggested
EVT442020,2026-04-08 18:04:02,Concert,J031,Cubbon Road,13771,Weekday,False,Clear,False,0.0,False,False,1.0,Severe,7.6,74.7,405.3,0.14,0.323,0.915,Heavy congestion detected - signal timing extended and reroute suggested
EVT442021,2026-02-15 18:08:47,Trade Fair,J030,MG Road,6960,Weekend,False,Clear,False,0.0,False,False,0.931,Severe,12.3,64.5,449.0,0.213,0.492,0.94,Heavy congestion detected - signal timing extended and reroute suggested
EVT442022,2025-05-05 07:08:01,Concert,J031,Cubbon Road,10939,Weekday,False,Clear,False,0.0,False,False,0.468,Moderate,28.6,35.0,242.2,0.211,0.488,0.983,Moderate traffic flow - standard adaptive signal timing in effect
EVT442023,2025-03-10 12:42:54,Trade Fair,J012,Koramangala Sony World,7004,Weekday,False,Clear,False,0.0,False,False,0.24,Low,26.2,17.8,58.2,0.04,0.092,0.963,Normal free-flow traffic - standard signal timing maintained
EVT442024,2026-01-28 13:34:13,Political Rally,J009,Majestic,11177,Weekday,False,Clear,False,0.0,False,False,0.209,Low,33.4,14.0,197.4,0.178,0.411,0.957,Normal free-flow traffic - standard signal timing maintained
EVT442025,2026-04-10 19:39:55,Trade Fair,J023,Basavanagudi,8645,Weekday,False,Clear,False,0.0,False,False,0.835,Severe,15.0,56.7,320.0,0.176,0.407,0.97,Heavy congestion detected - signal timing extended and reroute suggested
EVT442026,2026-04-12 04:44:15,Trade Fair,J031,Cubbon Road,19807,Weekend,False,Clear,False,0.0,False,False,0.383,Moderate,29.2,25.9,195.8,0.151,0.35,0.978,Moderate traffic flow - standard adaptive signal timing in effect
EVT442027,2026-03-18 07:17:26,Sports Fixture,J031,Cubbon Road,24523,Weekday,False,Clear,False,0.0,False,False,0.639,High,18.8,50.8,203.9,0.116,0.267,0.953,Moderate traffic flow - standard adaptive signal timing in effect
EVT442028,2025-03-09 05:59:53,Local Market Day,J011,Indiranagar 100ft Road,3265,Weekend,False,Clear,False,0.0,False,False,0.293,Low,28.7,13.4,134.4,0.091,0.21,0.967,Moderate traffic flow - standard adaptive signal timing in effect
EVT442029,2025-08-30 15:41:34,Concert,J023,Basavanagudi,17166,Weekend,False,Light Rain,True,6.3,False,False,0.692,High,16.0,53.2,250.9,0.138,0.319,0.922,Heavy rain reducing visibility and grip - reduced speed and longer buffer advised
EVT442030,2025-08-17 15:01:40,Concert,J040,City Market,13125,Weekend,False,Clear,False,0.0,False,False,0.406,Moderate,27.5,28.8,139.0,0.099,0.23,0.967,Moderate traffic flow - standard adaptive signal timing in effect
EVT442031,2025-04-12 10:32:52,Sports Fixture,J040,City Market,37131,Weekend,False,Clear,False,0.0,False,False,0.781,Severe,15.2,55.1,238.4,0.111,0.255,0.945,Heavy congestion detected - signal timing extended and reroute suggested
EVT442032,2025-10-24 09:56:53,Sports Fixture,J023,Basavanagudi,48520,Weekday,False,Clear,False,0.0,False,False,1.0,Severe,9.2,69.1,805.2,0.26,0.601,0.916,Heavy congestion detected - signal timing extended and reroute suggested
EVT442033,2025-03-01 16:32:45,Local Market Day,J012,Koramangala Sony World,2986,Weekend,False,Clear,False,0.0,False,False,0.432,Moderate,31.4,33.8,193.3,0.162,0.375,0.968,Moderate traffic flow - standard adaptive signal timing in effect
EVT442034,2025-05-20 18:15:18,Concert,J012,Koramangala Sony World,12043,Weekday,False,Clear,False,0.0,False,False,1.0,Severe,10.4,69.3,382.4,0.147,0.339,0.926,Heavy congestion detected - signal timing extended and reroute suggested
EVT442035,2025-02-14 09:44:16,Political Rally,J020,Malleshwaram Circle,21238,Weekday,False,Clear,False,0.0,False,False,1.0,Severe,9.2,69.8,604.8,0.246,0.569,0.909,Heavy congestion detected - signal timing extended and reroute suggested
EVT442036,2025-06-26 23:00:39,Concert,J023,Basavanagudi,29475,Weekday,False,Clear,False,0.0,False,False,0.332,Low,30.6,26.8,233.7,0.181,0.418,0.97,Moderate traffic flow - standard adaptive signal timing in effect
EVT442037,2026-01-11 08:54:34,Local Market Day,J011,Indiranagar 100ft Road,4307,Weekend,False,Clear,False,0.0,False,False,0.912,Severe,9.3,65.0,381.4,0.162,0.375,0.945,Heavy congestion detected - signal timing extended and reroute suggested
EVT442038,2025-05-04 14:37:42,Sports Fixture,J011,Indiranagar 100ft Road,34391,Weekend,False,Rain,True,15.0,False,False,0.615,High,16.6,44.9,374.2,0.194,0.448,0.917,Heavy rain reducing visibility and grip - reduced speed and longer buffer advised
EVT442039,2026-02-16 09:53:44,Trade Fair,J009,Majestic,12307,Weekday,False,Clear,False,0.0,False,False,0.897,Severe,11.5,61.2,457.4,0.185,0.427,0.916,Heavy congestion detected - signal timing extended and reroute suggested
EVT442040,2026-02-04 15:10:47,Local Market Day,J040,City Market,4271,Weekday,False,Clear,False,0.0,False,False,0.368,Moderate,25.3,26.2,162.1,0.099,0.229,0.953,Moderate traffic flow - standard adaptive signal timing in effect
EVT442041,2025-05-18 15:11:13,Sports Fixture,J040,City Market,25961,Weekend,False,Clear,False,0.0,False,False,0.462,Moderate,29.8,29.7,111.9,0.095,0.22,0.963,Moderate traffic flow - standard adaptive signal timing in effect
EVT442042,2025-02-02 20:02:08,Concert,J020,Malleshwaram Circle,10894,Weekend,False,Clear,False,0.0,False,False,0.668,High,18.5,46.0,211.9,0.113,0.261,0.981,Moderate traffic flow - standard adaptive signal timing in effect
EVT442043,2026-01-21 10:24:49,Sports Fixture,J023,Basavanagudi,28172,Weekday,False,Clear,False,0.0,False,False,0.79,Severe,13.5,57.1,209.2,0.1,0.232,0.952,Heavy congestion detected - signal timing extended and reroute suggested
EVT442044,2025-03-21 17:31:28,Local Market Day,J009,Majestic,3704,Weekday,False,Light Rain,True,5.7,False,False,0.987,Severe,10.4,76.0,405.6,0.177,0.409,0.865,Heavy rain reducing visibility and grip - reduced speed and longer buffer advised
EVT442045,2025-01-13 19:48:53,Sports Fixture,J009,Majestic,26775,Weekday,False,Clear,False,0.0,False,False,0.904,Severe,10.7,72.4,670.2,0.259,0.599,0.927,Heavy congestion detected - signal timing extended and reroute suggested
EVT442046,2026-03-16 14:54:01,Sports Fixture,J009,Majestic,17584,Weekday,False,Clear,False,0.0,False,False,0.366,Moderate,31.5,33.0,119.8,0.085,0.197,0.985,Moderate traffic flow - standard adaptive signal timing in effect
EVT442047,2025-06-07 04:06:18,Political Rally,J040,City Market,10604,Weekend,False,Rain,True,9.6,False,False,0.364,Moderate,27.8,27.1,153.8,0.11,0.254,0.938,Light rain detected - minor speed reduction advised
EVT442048,2025-05-02 19:17:27,Fireworks Display,J011,Indiranagar 100ft Road,53943,Weekday,True,Light Rain,True,3.7,False,False,1.0,Severe,8.7,74.4,326.6,0.148,0.341,0.827,Festival crowd surge detected - alternate route and extended cycle recommended
EVT442049,2025-04-06 15:57:40,Religious Festival,J009,Majestic,41462,Weekend,True,Clear,False,0.0,False,True,1.0,Severe,8.6,99.9,359.3,0.146,0.336,0.819,Road closure for event/procession - full detour recommended for through-traffic
EVT442050,2025-09-01 13:48:58,Local Market Day,J023,Basavanagudi,3663,Weekday,False,Clear,False,0.0,False,False,0.18,Low,36.0,13.9,127.7,0.114,0.263,0.946,Normal free-flow traffic - standard signal timing maintained
EVT442051,2026-06-23 12:46:50,Local Market Day,J023,Basavanagudi,2904,Weekday,False,Rain,True,18.7,False,False,0.328,Low,24.4,23.9,244.5,0.183,0.424,0.896,Light rain detected - minor speed reduction advised
EVT442052,2026-03-08 09:25:19,Sports Fixture,J020,Malleshwaram Circle,32556,Weekend,False,Clear,False,0.0,False,False,0.99,Severe,8.7,65.3,534.0,0.198,0.456,0.922,Heavy congestion detected - signal timing extended and reroute suggested
EVT442053,2026-03-14 20:52:22,Trade Fair,J040,City Market,4937,Weekend,False,Light Rain,True,6.8,False,False,0.541,Moderate,20.9,37.5,232.3,0.145,0.336,0.919,Light rain detected - minor speed reduction advised
EVT442054,2025-02-07 12:07:52,Sports Fixture,J031,Cubbon Road,27922,Weekday,False,Clear,False,0.0,False,False,0.385,Moderate,31.9,22.8,192.6,0.187,0.432,0.979,Moderate traffic flow - standard adaptive signal timing in effect
EVT442055,2025-08-15 08:19:47,Fireworks Display,J031,Cubbon Road,32048,Weekday,True,Heavy Rain,True,42.2,False,False,1.0,Severe,7.3,67.1,692.2,0.205,0.474,0.83,Festival crowd surge detected - alternate route and extended cycle recommended
EVT442056,2025-01-10 09:25:00,Local Market Day,J011,Indiranagar 100ft Road,2819,Weekday,False,Clear,False,0.0,False,False,0.97,Severe,10.4,66.7,559.0,0.223,0.515,0.915,Heavy congestion detected - signal timing extended and reroute suggested
EVT442057,2025-04-04 19:21:53,Local Market Day,J023,Basavanagudi,4128,Weekday,False,Clear,False,0.0,False,False,0.864,Severe,14.8,58.8,327.4,0.187,0.432,0.933,Heavy congestion detected - signal timing extended and reroute suggested
EVT442058,2026-04-18 20:59:16,Local Market Day,J040,City Market,2730,Weekend,False,Clear,False,0.0,False,False,0.546,Moderate,19.3,44.4,294.8,0.169,0.391,0.955,Moderate traffic flow - standard adaptive signal timing in effect
EVT442059,2025-06-20 07:41:58,Local Market Day,J020,Malleshwaram Circle,3470,Weekday,False,Clear,False,0.0,False,False,0.661,High,21.7,51.7,215.1,0.14,0.323,0.987,Moderate traffic flow - standard adaptive signal timing in effect
EVT442060,2025-11-23 18:59:26,Local Market Day,J020,Malleshwaram Circle,4988,Weekend,False,Clear,False,0.0,False,False,0.942,Severe,9.5,66.1,285.4,0.131,0.303,0.923,Heavy congestion detected - signal timing extended and reroute suggested
EVT442061,2025-08-12 10:10:03,Sports Fixture,J012,Koramangala Sony World,22944,Weekday,False,Clear,False,0.0,False,False,0.864,Severe,13.2,61.8,401.3,0.208,0.481,0.949,Heavy congestion detected - signal timing extended and reroute suggested
EVT442062,2025-12-16 18:02:28,Trade Fair,J009,Majestic,7867,Weekday,False,Clear,False,0.0,False,False,0.961,Severe,9.8,69.0,355.7,0.129,0.298,0.917,Heavy congestion detected - signal timing extended and reroute suggested
EVT442063,2026-01-22 15:47:27,Concert,J012,Koramangala Sony World,16105,Weekday,False,Clear,False,0.0,False,False,0.463,Moderate,19.2,39.6,254.8,0.144,0.333,0.924,Moderate traffic flow - standard adaptive signal timing in effect
EVT442064,2025-12-13 09:41:53,Local Market Day,J009,Majestic,4103,Weekend,False,Clear,False,0.0,False,False,0.838,Severe,10.1,63.6,271.9,0.117,0.269,0.932,Heavy congestion detected - signal timing extended and reroute suggested
EVT442065,2026-06-10 07:37:42,Concert,J031,Cubbon Road,9956,Weekday,False,Rain,True,10.8,False,False,0.858,Severe,12.8,55.0,133.4,0.056,0.128,0.883,Heavy rain reducing visibility and grip - reduced speed and longer buffer advised
EVT442066,2025-05-25 12:35:51,Local Market Day,J023,Basavanagudi,3981,Weekend,False,Rain,True,12.9,False,False,0.436,Moderate,20.8,30.2,157.7,0.101,0.234,0.906,Light rain detected - minor speed reduction advised
EVT442067,2026-04-07 16:12:39,Local Market Day,J020,Malleshwaram Circle,2993,Weekday,False,Light Rain,True,0.7,False,False,0.491,Moderate,22.4,37.8,209.3,0.136,0.314,0.917,Light rain detected - minor speed reduction advised
EVT442068,2025-11-24 20:37:47,Local Market Day,J023,Basavanagudi,3135,Weekday,False,Light Rain,True,2.0,False,False,0.645,High,22.8,44.0,124.1,0.086,0.2,0.925,Heavy rain reducing visibility and grip - reduced speed and longer buffer advised
EVT442069,2026-06-21 21:51:48,Political Rally,J040,City Market,16363,Weekend,False,Clear,False,0.0,False,False,0.403,Moderate,25.5,33.3,171.5,0.119,0.276,0.965,Moderate traffic flow - standard adaptive signal timing in effect
EVT442070,2025-02-18 19:53:49,Concert,J023,Basavanagudi,12736,Weekday,False,Clear,False,0.0,False,False,0.804,Severe,16.4,61.8,243.3,0.144,0.332,0.906,Heavy congestion detected - signal timing extended and reroute suggested
EVT442071,2026-01-24 17:29:51,Concert,J011,Indiranagar 100ft Road,7113,Weekend,False,Clear,False,0.0,False,False,0.792,Severe,13.4,58.8,253.3,0.113,0.262,0.944,Heavy congestion detected - signal timing extended and reroute suggested
EVT442072,2025-12-13 19:38:34,Trade Fair,J023,Basavanagudi,10995,Weekend,False,Clear,False,0.0,False,False,0.753,Severe,16.4,53.4,376.3,0.212,0.491,0.951,Heavy congestion detected - signal timing extended and reroute suggested
EVT442073,2025-01-18 19:42:49,Trade Fair,J009,Majestic,7868,Weekend,False,Clear,False,0.0,False,False,0.739,High,15.3,56.4,308.4,0.144,0.332,0.958,Moderate traffic flow - standard adaptive signal timing in effect
EVT442074,2025-01-17 19:52:44,Local Market Day,J009,Majestic,4604,Weekday,False,Clear,False,0.0,False,False,0.78,Severe,18.6,59.4,243.0,0.124,0.286,0.942,Heavy congestion detected - signal timing extended and reroute suggested
EVT442075,2026-05-16 08:59:58,Sports Fixture,J040,City Market,27260,Weekend,False,Clear,False,0.0,False,False,1.0,Severe,7.9,70.6,561.2,0.21,0.486,0.891,Heavy congestion detected - signal timing extended and reroute suggested
EVT442076,2025-09-01 07:13:36,Political Rally,J030,MG Road,23137,Weekday,False,Clear,False,0.0,False,False,0.618,High,18.7,47.0,266.2,0.178,0.411,0.97,Moderate traffic flow - standard adaptive signal timing in effect
EVT442077,2026-04-04 17:18:09,Local Market Day,J009,Majestic,6946,Weekend,False,Clear,False,0.0,False,False,0.725,High,13.8,54.2,314.7,0.147,0.34,0.964,Moderate traffic flow - standard adaptive signal timing in effect
EVT442078,2025-08-06 18:59:26,Political Rally,J023,Basavanagudi,20069,Weekday,False,Rain,True,14.7,False,False,1.0,Severe,8.9,73.9,883.4,0.318,0.735,0.883,Heavy rain reducing visibility and grip - reduced speed and longer buffer advised
EVT442079,2025-02-15 10:30:44,Sports Fixture,J011,Indiranagar 100ft Road,24096,Weekend,False,Clear,False,0.0,False,False,0.668,High,17.3,52.1,293.9,0.165,0.381,0.969,Moderate traffic flow - standard adaptive signal timing in effect
EVT442080,2026-06-20 19:34:19,Local Market Day,J031,Cubbon Road,3965,Weekend,False,Heavy Rain,True,51.1,False,False,1.0,Severe,9.1,66.3,305.9,0.114,0.264,0.847,Heavy rain reducing visibility and grip - reduced speed and longer buffer advised
EVT442081,2026-02-11 12:44:13,Local Market Day,J023,Basavanagudi,8862,Weekday,False,Clear,False,0.0,False,False,0.266,Low,31.7,23.2,136.2,0.091,0.21,0.98,Moderate traffic flow - standard adaptive signal timing in effect
EVT442082,2026-03-14 15:08:54,Sports Fixture,J011,Indiranagar 100ft Road,17306,Weekend,False,Clear,False,0.0,False,False,0.405,Moderate,28.9,27.7,237.7,0.201,0.464,0.953,Moderate traffic flow - standard adaptive signal timing in effect
EVT442083,2025-10-13 21:30:57,Political Rally,J040,City Market,11150,Weekday,False,Clear,False,0.0,False,False,0.375,Moderate,31.1,21.0,108.2,0.081,0.188,0.982,Moderate traffic flow - standard adaptive signal timing in effect
EVT442084,2025-03-02 23:31:22,Political Rally,J023,Basavanagudi,18658,Weekend,False,Clear,False,0.0,False,False,0.385,Moderate,26.3,31.0,198.7,0.171,0.396,0.943,Moderate traffic flow - standard adaptive signal timing in effect
EVT442085,2025-02-08 09:11:31,Trade Fair,J023,Basavanagudi,7928,Weekend,False,Clear,False,0.0,False,False,0.959,Severe,11.6,70.3,486.6,0.208,0.48,0.91,Heavy congestion detected - signal timing extended and reroute suggested
EVT442086,2026-03-04 11:11:39,Fireworks Display,J040,City Market,29992,Weekday,True,Clear,False,0.0,False,False,0.789,Severe,15.1,53.3,436.9,0.204,0.472,0.92,Festival crowd surge detected - alternate route and extended cycle recommended
EVT442087,2025-06-09 18:05:16,Trade Fair,J012,Koramangala Sony World,6580,Weekday,False,Heavy Rain,True,40.1,False,False,1.0,Severe,8.5,68.2,664.3,0.228,0.526,0.887,Heavy rain reducing visibility and grip - reduced speed and longer buffer advised
EVT442088,2026-01-14 07:24:07,Religious Festival,J011,Indiranagar 100ft Road,80084,Weekday,True,Clear,False,0.0,False,True,1.0,Severe,5.5,82.8,907.7,0.213,0.493,0.827,Road closure for event/procession - full detour recommended for through-traffic
EVT442089,2026-04-10 07:50:31,Concert,J030,MG Road,15033,Weekday,False,Clear,False,0.0,False,False,0.819,Severe,18.8,59.7,353.0,0.238,0.55,0.955,Heavy congestion detected - signal timing extended and reroute suggested
EVT442090,2025-08-14 19:38:54,Local Market Day,J011,Indiranagar 100ft Road,4829,Weekday,False,Heavy Rain,True,99.8,False,False,1.0,Severe,8.3,74.6,577.4,0.203,0.468,0.88,Heavy rain reducing visibility and grip - reduced speed and longer buffer advised
EVT442091,2026-04-26 08:43:34,Local Market Day,J030,MG Road,1481,Weekend,False,Clear,False,0.0,False,False,0.891,Severe,10.7,61.7,530.6,0.178,0.412,0.933,Heavy congestion detected - signal timing extended and reroute suggested
EVT442092,2025-08-04 07:32:56,Concert,J040,City Market,5298,Weekday,False,Heavy Rain,True,26.0,False,False,0.878,Severe,13.1,64.1,319.3,0.161,0.371,0.887,Heavy rain reducing visibility and grip - reduced speed and longer buffer advised
EVT442093,2026-04-26 15:00:15,Sports Fixture,J030,MG Road,26853,Weekend,False,Rain,True,17.0,False,False,0.754,Severe,15.2,56.5,455.3,0.24,0.555,0.896,Heavy rain reducing visibility and grip - reduced speed and longer buffer advised
EVT442094,2025-10-02 15:58:50,Religious Festival,J011,Indiranagar 100ft Road,72800,Weekday,True,Clear,False,0.0,False,True,1.0,Severe,9.1,89.6,525.8,0.19,0.44,0.844,Road closure for event/procession - full detour recommended for through-traffic
EVT442095,2025-01-26 22:42:52,Cultural Procession,J031,Cubbon Road,17807,Weekend,True,Clear,False,0.0,False,True,0.709,High,16.6,70.7,336.8,0.18,0.416,0.888,Road closure for event/procession - full detour recommended for through-traffic
EVT442096,2025-02-05 17:42:33,Concert,J023,Basavanagudi,5975,Weekday,False,Clear,False,0.0,False,False,0.912,Severe,10.1,61.0,601.5,0.231,0.534,0.942,Heavy congestion detected - signal timing extended and reroute suggested
EVT442097,2026-06-26 18:04:19,Trade Fair,J030,MG Road,6294,Weekday,False,Rain,True,21.1,False,False,1.0,Severe,9.0,66.8,237.4,0.099,0.228,0.868,Heavy rain reducing visibility and grip - reduced speed and longer buffer advised
EVT442098,2026-06-05 15:44:21,Local Market Day,J012,Koramangala Sony World,2361,Weekday,False,Rain,True,17.8,False,False,0.566,High,20.4,40.0,309.9,0.201,0.465,0.893,Heavy rain reducing visibility and grip - reduced speed and longer buffer advised
EVT442099,2026-04-06 19:08:45,Trade Fair,J031,Cubbon Road,21376,Weekday,False,Clear,False,0.0,False,False,1.0,Severe,7.6,71.9,496.2,0.165,0.382,0.9,Heavy congestion detected - signal timing extended and reroute suggested
EVT442100,2026-05-02 19:31:06,Cultural Procession,J020,Malleshwaram Circle,22381,Weekend,True,Clear,False,0.0,False,True,1.0,Severe,9.0,100.3,422.3,0.172,0.398,0.84,Road closure for event/procession - full detour recommended for through-traffic
EVT442101,2025-07-01 08:41:15,Concert,J031,Cubbon Road,18308,Weekday,False,Heavy Rain,True,74.5,False,False,1.0,Severe,8.9,69.7,442.8,0.168,0.388,0.846,Heavy rain reducing visibility and grip - reduced speed and longer buffer advised
EVT442102,2026-06-07 08:53:41,Concert,J011,Indiranagar 100ft Road,22233,Weekend,False,Light Rain,True,5.8,False,False,1.0,Severe,7.7,72.3,503.1,0.151,0.349,0.864,Heavy rain reducing visibility and grip - reduced speed and longer buffer advised
EVT442103,2025-06-20 08:08:56,Political Rally,J040,City Market,20135,Weekday,False,Heavy Rain,True,44.6,False,False,1.0,Severe,7.8,76.2,518.8,0.173,0.4,0.863,Heavy rain reducing visibility and grip - reduced speed and longer buffer advised
EVT442104,2025-03-21 07:29:55,Sports Fixture,J012,Koramangala Sony World,16472,Weekday,False,Clear,False,0.0,False,False,0.707,High,17.3,57.4,172.5,0.101,0.233,0.926,Moderate traffic flow - standard adaptive signal timing in effect
EVT442105,2026-04-13 15:51:50,Sports Fixture,J020,Malleshwaram Circle,33880,Weekday,False,Clear,False,0.0,False,False,0.54,Moderate,24.5,39.7,233.7,0.171,0.396,0.966,Moderate traffic flow - standard adaptive signal timing in effect
EVT442106,2025-08-07 20:06:54,Sports Fixture,J020,Malleshwaram Circle,13122,Weekday,False,Clear,False,0.0,False,False,0.694,High,20.6,48.2,278.4,0.195,0.45,0.967,Moderate traffic flow - standard adaptive signal timing in effect
EVT442107,2026-03-03 21:32:21,Political Rally,J030,MG Road,9389,Weekday,False,Clear,False,0.0,False,False,0.437,Moderate,26.7,33.8,206.7,0.135,0.312,0.962,Moderate traffic flow - standard adaptive signal timing in effect
EVT442108,2026-06-17 08:06:15,Sports Fixture,J009,Majestic,18666,Weekday,False,Rain,True,21.3,False,False,1.0,Severe,7.4,71.6,498.8,0.183,0.424,0.848,Heavy rain reducing visibility and grip - reduced speed and longer buffer advised
EVT442109,2026-05-29 06:19:35,Sports Fixture,J023,Basavanagudi,34169,Weekday,False,Clear,False,0.0,False,False,0.502,Moderate,23.4,38.6,274.1,0.19,0.439,0.973,Moderate traffic flow - standard adaptive signal timing in effect
EVT442110,2025-06-29 15:28:47,Concert,J040,City Market,16716,Weekend,False,Clear,False,0.0,False,False,0.41,Moderate,29.3,36.9,204.1,0.16,0.37,0.99,Moderate traffic flow - standard adaptive signal timing in effect
EVT442111,2025-06-28 08:35:30,Local Market Day,J031,Cubbon Road,4409,Weekend,False,Clear,False,0.0,False,False,0.842,Severe,16.0,63.3,344.1,0.198,0.457,0.953,Heavy congestion detected - signal timing extended and reroute suggested
EVT442112,2025-07-13 13:57:58,Trade Fair,J012,Koramangala Sony World,6570,Weekend,False,Rain,True,15.0,False,False,0.445,Moderate,19.1,27.5,365.4,0.209,0.483,0.92,Light rain detected - minor speed reduction advised
EVT442113,2025-01-04 12:22:31,Local Market Day,J020,Malleshwaram Circle,3496,Weekend,False,Clear,False,0.0,False,False,0.248,Low,33.0,16.9,185.7,0.14,0.323,0.951,Normal free-flow traffic - standard signal timing maintained
EVT442114,2025-09-15 15:51:08,Concert,J012,Koramangala Sony World,9790,Weekday,False,Rain,True,18.1,False,False,0.638,High,16.5,44.8,324.7,0.176,0.407,0.903,Heavy rain reducing visibility and grip - reduced speed and longer buffer advised
EVT442115,2026-03-23 16:45:17,Concert,J020,Malleshwaram Circle,10074,Weekday,False,Fog,False,0.0,False,False,0.657,High,17.7,43.2,396.3,0.24,0.555,0.965,Moderate traffic flow - standard adaptive signal timing in effect
EVT442116,2025-10-12 12:19:35,Local Market Day,J011,Indiranagar 100ft Road,1854,Weekend,False,Clear,False,0.0,False,False,0.333,Low,23.2,26.4,213.2,0.144,0.334,0.974,Moderate traffic flow - standard adaptive signal timing in effect
EVT442117,2025-06-08 19:03:58,Local Market Day,J023,Basavanagudi,4770,Weekend,False,Clear,False,0.0,False,False,0.85,Severe,16.2,63.5,390.3,0.232,0.535,0.954,Heavy congestion detected - signal timing extended and reroute suggested
EVT442118,2025-08-20 07:23:54,Local Market Day,J030,MG Road,2852,Weekday,False,Rain,True,19.9,False,False,0.757,Severe,14.0,53.1,194.6,0.111,0.257,0.949,Heavy rain reducing visibility and grip - reduced speed and longer buffer advised
EVT442119,2025-07-18 08:30:12,Sports Fixture,J009,Majestic,24976,Weekday,False,Clear,False,0.0,False,False,1.0,Severe,9.4,66.3,183.8,0.082,0.19,0.918,Heavy congestion detected - signal timing extended and reroute suggested
EVT442120,2025-04-25 14:24:45,Trade Fair,J012,Koramangala Sony World,10656,Weekday,False,Rain,True,12.7,False,False,0.495,Moderate,26.2,35.1,204.9,0.145,0.334,0.922,Light rain detected - minor speed reduction advised
EVT442121,2025-06-09 18:29:15,Trade Fair,J009,Majestic,8616,Weekday,False,Clear,False,0.0,False,False,1.0,Severe,9.1,70.8,351.2,0.139,0.321,0.928,Heavy congestion detected - signal timing extended and reroute suggested
EVT442122,2026-06-12 17:57:35,Concert,J040,City Market,10720,Weekday,False,Heavy Rain,True,30.4,False,False,1.0,Severe,7.6,77.4,263.4,0.096,0.222,0.861,Heavy rain reducing visibility and grip - reduced speed and longer buffer advised
EVT442123,2026-02-06 18:42:21,Sports Fixture,J020,Malleshwaram Circle,19972,Weekday,False,Clear,False,0.0,False,False,1.0,Severe,8.9,69.7,435.4,0.166,0.384,0.905,Heavy congestion detected - signal timing extended and reroute suggested
EVT442124,2026-06-20 08:42:38,Local Market Day,J012,Koramangala Sony World,4049,Weekend,False,Heavy Rain,True,29.0,False,False,1.0,Severe,7.8,70.7,733.1,0.24,0.555,0.874,Heavy rain reducing visibility and grip - reduced speed and longer buffer advised
EVT442125,2025-04-22 07:24:36,Local Market Day,J040,City Market,3538,Weekday,False,Clear,False,0.0,False,False,0.562,High,25.0,42.4,207.5,0.182,0.421,0.976,Moderate traffic flow - standard adaptive signal timing in effect
EVT442126,2026-04-28 15:46:36,Concert,J020,Malleshwaram Circle,13168,Weekday,False,Clear,False,0.0,False,False,0.508,Moderate,22.6,41.4,317.2,0.211,0.488,0.948,Moderate traffic flow - standard adaptive signal timing in effect
EVT442127,2025-07-06 20:31:10,Local Market Day,J023,Basavanagudi,3659,Weekend,False,Clear,False,0.0,False,False,0.55,Moderate,24.7,35.7,295.9,0.236,0.546,0.973,Moderate traffic flow - standard adaptive signal timing in effect
EVT442128,2026-03-18 12:52:58,Concert,J009,Majestic,14682,Weekday,False,Clear,False,0.0,False,False,0.245,Low,26.1,14.3,84.4,0.05,0.116,0.971,Normal free-flow traffic - standard signal timing maintained
EVT442129,2025-09-09 20:11:43,Concert,J012,Koramangala Sony World,9482,Weekday,False,Heavy Rain,True,61.0,False,False,1.0,Severe,6.4,70.3,785.3,0.209,0.484,0.845,Heavy rain reducing visibility and grip - reduced speed and longer buffer advised
EVT442130,2025-12-19 08:17:53,Political Rally,J040,City Market,14121,Weekday,False,Clear,False,0.0,False,False,0.931,Severe,10.9,71.2,355.8,0.134,0.309,0.899,Heavy congestion detected - signal timing extended and reroute suggested
EVT442131,2026-01-23 17:21:53,Trade Fair,J012,Koramangala Sony World,10440,Weekday,False,Clear,False,0.0,False,False,0.857,Severe,13.8,52.3,270.6,0.131,0.303,0.945,Heavy congestion detected - signal timing extended and reroute suggested
EVT442132,2025-02-06 17:02:00,Local Market Day,J031,Cubbon Road,3111,Weekday,False,Clear,False,0.0,False,False,0.664,High,16.8,46.8,254.3,0.125,0.29,0.957,Moderate traffic flow - standard adaptive signal timing in effect
EVT442133,2026-04-04 08:39:50,Local Market Day,J009,Majestic,6685,Weekend,False,Clear,False,0.0,False,False,0.841,Severe,11.1,63.5,495.2,0.206,0.475,0.956,Heavy congestion detected - signal timing extended and reroute suggested
EVT442134,2026-03-03 17:13:44,Trade Fair,J040,City Market,7412,Weekday,False,Clear,False,0.0,False,False,0.802,Severe,15.4,65.3,276.2,0.136,0.313,0.953,Heavy congestion detected - signal timing extended and reroute suggested
EVT442135,2026-03-11 07:10:46,Local Market Day,J031,Cubbon Road,4767,Weekday,False,Clear,False,0.0,False,False,0.479,Moderate,27.4,31.2,160.1,0.134,0.31,0.955,Moderate traffic flow - standard adaptive signal timing in effect
EVT442136,2025-05-01 17:11:40,Fireworks Display,J020,Malleshwaram Circle,41621,Weekday,True,Light Rain,True,4.2,False,False,1.0,Severe,8.8,73.4,555.3,0.183,0.422,0.789,Festival crowd surge detected - alternate route and extended cycle recommended
EVT442137,2025-01-21 08:30:00,Local Market Day,J020,Malleshwaram Circle,4070,Weekday,False,Clear,False,0.0,False,False,0.962,Severe,11.8,66.1,486.6,0.24,0.554,0.916,Heavy congestion detected - signal timing extended and reroute suggested
EVT442138,2026-02-19 20:16:16,Local Market Day,J030,MG Road,4532,Weekday,False,Clear,False,0.0,False,False,0.642,High,21.7,48.9,375.9,0.253,0.585,0.975,Moderate traffic flow - standard adaptive signal timing in effect
EVT442139,2025-03-03 18:41:58,Local Market Day,J009,Majestic,5195,Weekday,False,Clear,False,0.0,False,False,0.993,Severe,9.0,75.7,388.3,0.15,0.347,0.924,Heavy congestion detected - signal timing extended and reroute suggested
EVT442140,2026-03-04 12:09:27,Religious Festival,J011,Indiranagar 100ft Road,37651,Weekday,True,Clear,False,0.0,False,False,0.578,High,17.8,43.1,321.4,0.186,0.429,0.913,Festival crowd surge detected - alternate route and extended cycle recommended
EVT442141,2026-05-01 12:49:18,Fireworks Display,J011,Indiranagar 100ft Road,21731,Weekday,True,Clear,False,0.0,False,False,0.509,Moderate,21.7,37.0,356.6,0.231,0.533,0.926,Festival crowd surge detected - alternate route and extended cycle recommended
EVT442142,2026-06-18 23:49:33,Sports Fixture,J011,Indiranagar 100ft Road,16992,Weekday,False,Clear,False,0.0,False,False,0.196,Low,32.0,15.6,123.9,0.094,0.216,0.946,Normal free-flow traffic - standard signal timing maintained
EVT442143,2025-12-21 11:52:38,Sports Fixture,J030,MG Road,22082,Weekend,False,Fog,False,0.0,False,False,0.401,Moderate,29.2,24.5,146.4,0.143,0.33,0.958,Moderate traffic flow - standard adaptive signal timing in effect
EVT442144,2025-12-05 13:04:46,Trade Fair,J040,City Market,9756,Weekday,False,Clear,False,0.0,False,False,0.272,Low,30.3,18.0,141.4,0.114,0.263,0.959,Moderate traffic flow - standard adaptive signal timing in effect
EVT442145,2026-06-02 21:55:05,Concert,J023,Basavanagudi,14006,Weekday,False,Clear,False,0.0,False,False,0.351,Moderate,30.4,25.5,219.4,0.176,0.406,0.964,Moderate traffic flow - standard adaptive signal timing in effect
EVT442146,2025-11-16 19:12:43,Local Market Day,J040,City Market,6728,Weekend,False,Clear,False,0.0,False,False,0.819,Severe,18.7,55.3,442.2,0.271,0.625,0.947,Heavy congestion detected - signal timing extended and reroute suggested
EVT442147,2025-12-05 09:32:37,Trade Fair,J040,City Market,10501,Weekday,False,Clear,False,0.0,False,False,0.944,Severe,9.6,66.7,398.6,0.175,0.404,0.918,Heavy congestion detected - signal timing extended and reroute suggested
EVT442148,2025-03-14 17:57:39,Fireworks Display,J009,Majestic,28220,Weekday,True,Clear,False,0.0,False,False,1.0,Severe,9.7,72.3,455.0,0.189,0.436,0.877,Festival crowd surge detected - alternate route and extended cycle recommended
EVT442149,2025-12-19 08:07:20,Sports Fixture,J011,Indiranagar 100ft Road,19188,Weekday,False,Light Rain,True,3.8,False,False,1.0,Severe,9.0,67.7,491.0,0.176,0.406,0.861,Heavy rain reducing visibility and grip - reduced speed and longer buffer advised
EVT442150,2025-10-19 16:20:33,Sports Fixture,J011,Indiranagar 100ft Road,20934,Weekend,False,Rain,True,18.9,False,False,0.753,Severe,14.8,51.1,191.3,0.109,0.251,0.911,Heavy rain reducing visibility and grip - reduced speed and longer buffer advised
EVT442151,2025-07-08 10:34:39,Local Market Day,J040,City Market,4037,Weekday,False,Rain,True,11.4,False,False,0.723,High,21.2,54.0,321.4,0.215,0.497,0.888,Heavy rain reducing visibility and grip - reduced speed and longer buffer advised
EVT442152,2025-09-24 14:18:23,Concert,J020,Malleshwaram Circle,9239,Weekday,False,Heavy Rain,True,29.6,False,False,0.536,Moderate,22.8,33.4,269.6,0.169,0.391,0.896,Light rain detected - minor speed reduction advised
EVT442153,2025-09-22 10:38:20,Sports Fixture,J023,Basavanagudi,13125,Weekday,False,Heavy Rain,True,50.1,False,False,0.93,Severe,10.0,68.5,280.5,0.112,0.259,0.859,Heavy rain reducing visibility and grip - reduced speed and longer buffer advised
EVT442154,2026-05-03 10:12:51,Local Market Day,J020,Malleshwaram Circle,3270,Weekend,False,Clear,False,0.0,False,False,0.639,High,18.7,52.8,145.6,0.079,0.183,0.971,Moderate traffic flow - standard adaptive signal timing in effect
EVT442155,2025-09-27 12:37:14,Concert,J030,MG Road,8941,Weekend,False,Heavy Rain,True,35.7,False,False,0.729,High,14.7,50.8,395.6,0.204,0.472,0.931,Heavy rain reducing visibility and grip - reduced speed and longer buffer advised
EVT442156,2025-06-30 14:45:06,Local Market Day,J011,Indiranagar 100ft Road,2764,Weekday,False,Light Rain,True,7.2,False,False,0.418,Moderate,30.8,37.7,154.3,0.127,0.294,0.925,Light rain detected - minor speed reduction advised
EVT442157,2026-01-30 11:24:49,Local Market Day,J012,Koramangala Sony World,4073,Weekday,False,Clear,False,0.0,False,False,0.287,Low,30.0,15.8,125.8,0.095,0.219,0.951,Moderate traffic flow - standard adaptive signal timing in effect
EVT442158,2025-01-21 19:24:40,Local Market Day,J040,City Market,3016,Weekday,False,Clear,False,0.0,False,False,0.902,Severe,13.8,57.1,552.7,0.283,0.653,0.932,Heavy congestion detected - signal timing extended and reroute suggested
EVT442159,2025-09-21 13:01:14,Political Rally,J020,Malleshwaram Circle,15050,Weekend,False,Clear,False,0.0,False,False,0.311,Low,36.6,24.3,60.0,0.067,0.155,0.986,Moderate traffic flow - standard adaptive signal timing in effect
EVT442160,2025-09-14 08:26:12,Sports Fixture,J009,Majestic,31223,Weekend,False,Clear,False,0.0,False,False,0.938,Severe,11.1,62.2,496.4,0.199,0.459,0.932,Heavy congestion detected - signal timing extended and reroute suggested
EVT442161,2025-07-10 10:47:09,Sports Fixture,J030,MG Road,21480,Weekday,False,Clear,False,0.0,False,False,0.606,High,24.3,47.5,204.6,0.136,0.314,0.954,Moderate traffic flow - standard adaptive signal timing in effect
EVT442162,2025-06-09 20:35:56,Political Rally,J030,MG Road,24253,Weekday,False,Heavy Rain,True,38.9,False,False,0.982,Severe,7.2,64.6,976.3,0.309,0.714,0.854,Heavy rain reducing visibility and grip - reduced speed and longer buffer advised
EVT442163,2026-03-21 08:24:12,Local Market Day,J012,Koramangala Sony World,2493,Weekend,False,Clear,False,0.0,False,False,0.822,Severe,13.1,61.3,318.5,0.142,0.328,0.962,Heavy congestion detected - signal timing extended and reroute suggested
EVT442164,2026-06-26 19:56:21,Sports Fixture,J023,Basavanagudi,27967,Weekday,False,Heavy Rain,True,54.5,False,False,1.0,Severe,10.6,75.8,561.5,0.247,0.572,0.85,Heavy rain reducing visibility and grip - reduced speed and longer buffer advised
EVT442165,2025-02-18 09:02:55,Trade Fair,J040,City Market,11042,Weekday,False,Clear,False,0.0,False,False,0.967,Severe,11.7,69.7,310.7,0.147,0.339,0.921,Heavy congestion detected - signal timing extended and reroute suggested
EVT442166,2026-03-06 09:37:46,Sports Fixture,J009,Majestic,9481,Weekday,False,Clear,False,0.0,False,False,1.0,Severe,7.8,70.3,366.3,0.127,0.294,0.918,Heavy congestion detected - signal timing extended and reroute suggested
EVT442167,2025-08-01 20:52:19,Local Market Day,J009,Majestic,2619,Weekday,False,Fog,False,0.0,False,False,0.469,Moderate,29.8,33.9,189.0,0.168,0.388,0.963,Moderate traffic flow - standard adaptive signal timing in effect
EVT442168,2026-03-23 09:51:49,Local Market Day,J012,Koramangala Sony World,7276,Weekday,False,Clear,False,0.0,False,False,0.821,Severe,13.9,59.1,436.8,0.246,0.568,0.967,Heavy congestion detected - signal timing extended and reroute suggested
EVT442169,2025-11-09 07:45:00,Sports Fixture,J023,Basavanagudi,14874,Weekend,False,Clear,False,0.0,False,False,0.745,High,17.8,53.7,265.5,0.169,0.391,0.968,Moderate traffic flow - standard adaptive signal timing in effect
EVT442170,2025-01-12 11:35:32,Local Market Day,J040,City Market,6520,Weekend,False,Fog,False,0.0,False,False,0.398,Moderate,25.4,31.2,197.5,0.15,0.347,0.952,Moderate traffic flow - standard adaptive signal timing in effect
EVT442171,2026-03-05 14:27:44,Cultural Procession,J031,Cubbon Road,26583,Weekday,True,Clear,False,0.0,False,False,0.48,Moderate,21.6,35.4,129.2,0.099,0.228,0.937,Moderate traffic flow - standard adaptive signal timing in effect
EVT442172,2026-05-15 11:39:42,Concert,J031,Cubbon Road,9932,Weekday,False,Fog,False,0.0,False,False,0.287,Low,26.8,18.4,262.8,0.207,0.479,0.962,Moderate traffic flow - standard adaptive signal timing in effect
EVT442173,2025-02-01 07:46:10,Trade Fair,J030,MG Road,11259,Weekend,False,Light Rain,True,2.7,False,False,0.842,Severe,13.2,61.9,337.8,0.169,0.39,0.906,Heavy rain reducing visibility and grip - reduced speed and longer buffer advised
EVT442174,2026-02-13 20:43:29,Local Market Day,J030,MG Road,4994,Weekday,False,Clear,False,0.0,False,False,0.474,Moderate,25.1,31.9,281.1,0.186,0.431,0.958,Moderate traffic flow - standard adaptive signal timing in effect
EVT442175,2025-09-29 19:30:04,Concert,J011,Indiranagar 100ft Road,22871,Weekday,False,Clear,False,0.0,False,False,0.934,Severe,9.4,66.6,719.8,0.271,0.625,0.95,Heavy congestion detected - signal timing extended and reroute suggested
EVT442176,2025-10-14 11:32:11,Concert,J009,Majestic,6183,Weekday,False,Clear,False,0.0,False,False,0.298,Low,26.0,21.0,99.5,0.067,0.154,0.953,Moderate traffic flow - standard adaptive signal timing in effect
EVT442177,2025-11-29 08:50:20,Sports Fixture,J011,Indiranagar 100ft Road,21343,Weekend,False,Clear,False,0.0,False,False,0.902,Severe,9.9,63.8,417.1,0.183,0.424,0.924,Heavy congestion detected - signal timing extended and reroute suggested
EVT442178,2025-03-14 19:55:22,Religious Festival,J030,MG Road,35141,Weekday,True,Clear,False,0.0,False,True,1.0,Severe,9.6,99.6,356.9,0.153,0.353,0.828,Road closure for event/procession - full detour recommended for through-traffic
EVT442179,2025-11-23 10:27:00,Local Market Day,J012,Koramangala Sony World,7274,Weekend,False,Clear,False,0.0,False,False,0.64,High,22.2,42.5,200.6,0.123,0.284,0.957,Moderate traffic flow - standard adaptive signal timing in effect
EVT442180,2026-06-24 09:42:55,Local Market Day,J031,Cubbon Road,3088,Weekday,False,Clear,False,0.0,False,False,0.848,Severe,13.3,59.2,593.0,0.243,0.561,0.941,Heavy congestion detected - signal timing extended and reroute suggested
EVT442181,2025-07-09 06:29:11,Political Rally,J040,City Market,13349,Weekday,False,Clear,False,0.0,False,False,0.419,Moderate,26.1,33.7,164.1,0.118,0.271,0.967,Moderate traffic flow - standard adaptive signal timing in effect
EVT442182,2025-08-16 21:37:10,Religious Festival,J040,City Market,45245,Weekend,True,Clear,False,0.0,False,True,0.913,Severe,10.4,90.1,509.1,0.223,0.515,0.854,Road closure for event/procession - full detour recommended for through-traffic
EVT442183,2025-04-11 17:32:33,Political Rally,J023,Basavanagudi,9642,Weekday,False,Clear,False,0.0,False,False,0.96,Severe,9.3,70.6,487.7,0.174,0.403,0.9,Heavy congestion detected - signal timing extended and reroute suggested
EVT442184,2026-02-06 16:21:24,Trade Fair,J031,Cubbon Road,8106,Weekday,False,Clear,False,0.0,False,False,0.613,High,21.0,45.8,232.1,0.154,0.356,0.959,Moderate traffic flow - standard adaptive signal timing in effect
EVT442185,2025-01-07 12:53:46,Sports Fixture,J012,Koramangala Sony World,12400,Weekday,False,Clear,False,0.0,False,False,0.162,Low,26.8,10.9,110.6,0.072,0.166,0.957,Normal free-flow traffic - standard signal timing maintained
EVT442186,2025-05-09 18:21:27,Concert,J011,Indiranagar 100ft Road,15546,Weekday,False,Clear,False,0.0,False,False,1.0,Severe,6.3,68.8,723.7,0.175,0.405,0.937,Heavy congestion detected - signal timing extended and reroute suggested
EVT442187,2025-11-08 16:33:11,Trade Fair,J031,Cubbon Road,7710,Weekend,False,Clear,False,0.0,False,False,0.605,High,17.3,41.9,182.0,0.099,0.229,0.96,Moderate traffic flow - standard adaptive signal timing in effect
EVT442188,2025-02-26 22:03:30,Concert,J023,Basavanagudi,12806,Weekday,False,Clear,False,0.0,False,False,0.338,Low,31.6,18.6,111.6,0.106,0.246,0.983,Moderate traffic flow - standard adaptive signal timing in effect
EVT442189,2025-03-16 18:07:15,Concert,J012,Koramangala Sony World,21024,Weekend,False,Fog,False,0.0,False,False,0.899,Severe,10.4,60.7,586.6,0.224,0.518,0.939,Heavy congestion detected - signal timing extended and reroute suggested
EVT442190,2026-01-28 10:27:29,Political Rally,J012,Koramangala Sony World,20827,Weekday,False,Clear,False,0.0,False,False,0.853,Severe,16.8,59.8,322.0,0.198,0.458,0.928,Heavy congestion detected - signal timing extended and reroute suggested
EVT442191,2025-08-03 18:01:23,Concert,J011,Indiranagar 100ft Road,20883,Weekend,False,Clear,False,0.0,False,False,0.92,Severe,12.0,69.5,534.9,0.237,0.546,0.976,Heavy congestion detected - signal timing extended and reroute suggested
EVT442192,2025-01-25 18:08:48,Political Rally,J012,Koramangala Sony World,10693,Weekend,False,Clear,False,0.0,False,False,0.925,Severe,9.3,68.1,413.0,0.15,0.348,0.907,Heavy congestion detected - signal timing extended and reroute suggested
EVT442193,2025-08-25 09:19:06,Concert,J011,Indiranagar 100ft Road,10186,Weekday,False,Heavy Rain,True,41.0,False,False,1.0,Severe,7.1,68.3,583.6,0.195,0.45,0.843,Heavy rain reducing visibility and grip - reduced speed and longer buffer advised
EVT442194,2025-03-27 21:59:03,Political Rally,J023,Basavanagudi,18656,Weekday,False,Clear,False,0.0,False,False,0.314,Low,36.5,21.3,152.6,0.142,0.327,0.97,Moderate traffic flow - standard adaptive signal timing in effect
EVT442195,2025-06-27 21:05:22,Trade Fair,J020,Malleshwaram Circle,11672,Weekday,False,Clear,False,0.0,False,False,0.517,Moderate,22.4,39.2,235.8,0.144,0.332,0.952,Moderate traffic flow - standard adaptive signal timing in effect
EVT442196,2026-06-16 18:02:48,Trade Fair,J023,Basavanagudi,5896,Weekday,False,Rain,True,18.5,False,False,1.0,Severe,8.1,70.2,460.4,0.172,0.396,0.861,Heavy rain reducing visibility and grip - reduced speed and longer buffer advised
EVT442197,2025-06-15 10:07:16,Sports Fixture,J009,Majestic,19275,Weekend,False,Clear,False,0.0,False,False,0.68,High,19.5,50.8,310.8,0.213,0.491,0.96,Moderate traffic flow - standard adaptive signal timing in effect
EVT442198,2025-03-29 19:19:35,Sports Fixture,J040,City Market,24589,Weekend,False,Clear,False,0.0,False,False,0.999,Severe,6.6,69.6,539.9,0.162,0.374,0.915,Heavy congestion detected - signal timing extended and reroute suggested
EVT442199,2026-06-25 15:50:20,Local Market Day,J012,Koramangala Sony World,2790,Weekday,False,Heavy Rain,True,31.2,False,False,0.677,High,18.8,46.2,252.7,0.141,0.325,0.888,Heavy rain reducing visibility and grip - reduced speed and longer buffer advised
EVT442200,2026-04-28 16:54:29,Local Market Day,J030,MG Road,5225,Weekday,False,Clear,False,0.0,False,False,0.692,High,17.7,47.6,230.1,0.135,0.312,0.968,Moderate traffic flow - standard adaptive signal timing in effect
EVT442201,2025-07-03 06:27:47,Local Market Day,J011,Indiranagar 100ft Road,3670,Weekday,False,Heavy Rain,True,91.0,False,False,0.616,High,19.9,47.8,320.2,0.189,0.436,0.895,Heavy rain reducing visibility and grip - reduced speed and longer buffer advised
EVT442202,2025-02-08 18:53:05,Sports Fixture,J030,MG Road,22272,Weekend,False,Clear,False,0.0,False,False,0.957,Severe,11.1,68.7,541.1,0.234,0.54,0.958,Heavy congestion detected - signal timing extended and reroute suggested
EVT442203,2026-01-26 10:00:44,Religious Festival,J011,Indiranagar 100ft Road,42382,Weekday,True,Clear,False,0.0,False,True,1.0,Severe,7.4,102.0,750.4,0.254,0.588,0.842,Road closure for event/procession - full detour recommended for through-traffic
EVT442204,2025-10-27 19:16:35,Concert,J030,MG Road,7543,Weekday,False,Clear,False,0.0,False,False,0.957,Severe,9.1,74.2,664.0,0.238,0.55,0.934,Heavy congestion detected - signal timing extended and reroute suggested
EVT442205,2025-12-06 14:58:58,Trade Fair,J012,Koramangala Sony World,13996,Weekend,False,Clear,False,0.0,False,False,0.309,Low,28.1,29.2,156.5,0.093,0.214,0.953,Moderate traffic flow - standard adaptive signal timing in effect
EVT442206,2025-07-20 19:10:42,Local Market Day,J012,Koramangala Sony World,3835,Weekend,False,Heavy Rain,True,46.8,True,False,1.0,Severe,7.0,70.3,762.6,0.228,0.527,0.679,Accident detected nearby - reroute and reduced speed advised
EVT442207,2026-05-20 18:59:08,Concert,J012,Koramangala Sony World,6775,Weekday,False,Clear,False,0.0,False,False,1.0,Severe,10.2,76.2,367.0,0.155,0.358,0.931,Heavy congestion detected - signal timing extended and reroute suggested
EVT442208,2026-02-04 11:30:36,Concert,J023,Basavanagudi,14230,Weekday,False,Clear,False,0.0,False,False,0.345,Low,25.5,21.1,293.5,0.195,0.45,0.959,Moderate traffic flow - standard adaptive signal timing in effect
EVT442209,2025-09-22 18:24:05,Local Market Day,J023,Basavanagudi,2590,Weekday,False,Clear,False,0.0,False,False,0.997,Severe,8.2,64.4,783.0,0.257,0.595,0.924,Heavy congestion detected - signal timing extended and reroute suggested
EVT442210,2025-09-19 06:59:59,Local Market Day,J012,Koramangala Sony World,2186,Weekday,False,Clear,False,0.0,False,False,0.325,Low,24.1,18.9,279.9,0.195,0.449,0.974,Moderate traffic flow - standard adaptive signal timing in effect
EVT442211,2025-12-30 15:34:34,Concert,J040,City Market,21183,Weekday,False,Clear,False,0.0,False,False,0.473,Moderate,22.5,32.7,183.3,0.128,0.295,0.975,Moderate traffic flow - standard adaptive signal timing in effect
EVT442212,2026-01-01 14:18:24,Religious Festival,J009,Majestic,40561,Weekday,True,Clear,False,0.0,False,True,0.776,High,16.7,80.8,352.9,0.207,0.478,0.899,Road closure for event/procession - full detour recommended for through-traffic
EVT442213,2026-03-10 10:34:52,Political Rally,J011,Indiranagar 100ft Road,16298,Weekday,False,Clear,False,0.0,False,False,0.683,High,19.4,50.7,172.8,0.13,0.301,0.961,Moderate traffic flow - standard adaptive signal timing in effect
EVT442214,2025-01-01 08:32:01,Local Market Day,J023,Basavanagudi,3939,Weekday,False,Clear,False,0.0,False,False,0.921,Severe,9.2,67.8,407.7,0.139,0.321,0.954,Heavy congestion detected - signal timing extended and reroute suggested
EVT442215,2025-03-23 21:38:37,Local Market Day,J023,Basavanagudi,5026,Weekend,False,Clear,False,0.0,False,False,0.359,Moderate,28.7,25.8,151.3,0.124,0.287,0.96,Moderate traffic flow - standard adaptive signal timing in effect
EVT442216,2026-03-23 10:53:42,Sports Fixture,J011,Indiranagar 100ft Road,25750,Weekday,False,Clear,False,0.0,False,False,0.589,High,23.3,48.9,239.2,0.185,0.427,0.98,Moderate traffic flow - standard adaptive signal timing in effect
EVT442217,2025-04-13 06:21:05,Concert,J020,Malleshwaram Circle,18133,Weekend,False,Clear,False,0.0,False,False,0.492,Moderate,24.7,33.7,169.5,0.127,0.294,0.944,Moderate traffic flow - standard adaptive signal timing in effect
EVT442218,2026-02-23 16:16:55,Local Market Day,J012,Koramangala Sony World,7573,Weekday,False,Clear,False,0.0,False,False,0.514,Moderate,22.4,35.0,191.5,0.117,0.27,0.957,Moderate traffic flow - standard adaptive signal timing in effect
EVT442219,2026-02-05 08:14:16,Sports Fixture,J023,Basavanagudi,17513,Weekday,False,Clear,False,0.0,False,False,0.949,Severe,10.9,66.3,733.9,0.323,0.745,0.908,Heavy congestion detected - signal timing extended and reroute suggested
EVT442220,2025-01-01 18:26:49,Local Market Day,J009,Majestic,6577,Weekday,False,Clear,False,0.0,False,False,0.995,Severe,10.7,75.6,630.7,0.25,0.577,0.913,Heavy congestion detected - signal timing extended and reroute suggested
EVT442221,2025-10-31 10:22:13,Trade Fair,J031,Cubbon Road,11276,Weekday,False,Rain,True,22.0,False,False,0.96,Severe,10.6,67.0,737.1,0.283,0.655,0.89,Heavy rain reducing visibility and grip - reduced speed and longer buffer advised
EVT442222,2025-02-09 13:44:31,Sports Fixture,J011,Indiranagar 100ft Road,15377,Weekend,False,Clear,False,0.0,False,False,0.4,Moderate,25.5,32.5,245.3,0.166,0.383,0.967,Moderate traffic flow - standard adaptive signal timing in effect
EVT442223,2025-07-02 15:39:08,Political Rally,J012,Koramangala Sony World,17130,Weekday,False,Heavy Rain,True,34.6,False,False,0.799,Severe,16.1,58.4,368.6,0.189,0.437,0.889,Heavy rain reducing visibility and grip - reduced speed and longer buffer advised
EVT442224,2025-10-17 07:24:34,Trade Fair,J031,Cubbon Road,5509,Weekday,False,Rain,True,23.1,False,False,0.884,Severe,13.3,60.9,390.1,0.203,0.47,0.895,Heavy rain reducing visibility and grip - reduced speed and longer buffer advised
EVT442225,2026-06-26 16:39:46,Trade Fair,J023,Basavanagudi,11752,Weekday,False,Clear,False,0.0,False,False,0.72,High,18.5,58.4,408.5,0.266,0.615,0.989,Moderate traffic flow - standard adaptive signal timing in effect
EVT442226,2026-06-24 09:30:06,Concert,J031,Cubbon Road,9624,Weekday,False,Clear,False,0.0,False,False,1.0,Severe,8.6,67.7,480.8,0.186,0.43,0.939,Heavy congestion detected - signal timing extended and reroute suggested
EVT442227,2025-11-16 21:57:39,Local Market Day,J030,MG Road,3454,Weekend,False,Clear,False,0.0,False,False,0.308,Low,33.9,24.0,169.8,0.175,0.404,0.919,Moderate traffic flow - standard adaptive signal timing in effect
EVT442228,2026-04-06 17:16:55,Sports Fixture,J020,Malleshwaram Circle,37760,Weekday,False,Clear,False,0.0,False,False,1.0,Severe,6.3,68.2,804.7,0.215,0.497,0.915,Heavy congestion detected - signal timing extended and reroute suggested
EVT442229,2026-05-27 12:49:57,Concert,J030,MG Road,12151,Weekday,False,Clear,False,0.0,False,False,0.177,Low,38.4,11.7,95.4,0.089,0.206,0.966,Normal free-flow traffic - standard signal timing maintained
EVT442230,2025-06-23 14:16:23,Trade Fair,J009,Majestic,5204,Weekday,False,Rain,True,19.9,False,False,0.384,Moderate,26.4,28.4,83.4,0.069,0.159,0.892,Light rain detected - minor speed reduction advised
EVT442231,2025-11-08 08:12:22,Sports Fixture,J030,MG Road,20941,Weekend,False,Light Rain,True,6.3,False,False,0.924,Severe,10.8,62.2,268.6,0.114,0.264,0.874,Heavy rain reducing visibility and grip - reduced speed and longer buffer advised
EVT442232,2026-05-02 11:45:45,Religious Festival,J011,Indiranagar 100ft Road,31176,Weekend,True,Clear,False,0.0,False,True,0.793,High,11.1,76.2,171.5,0.068,0.158,0.879,Road closure for event/procession - full detour recommended for through-traffic
EVT442233,2026-05-13 17:56:26,Trade Fair,J011,Indiranagar 100ft Road,4977,Weekday,False,Clear,False,0.0,False,False,0.966,Severe,7.8,71.1,737.0,0.238,0.549,0.909,Heavy congestion detected - signal timing extended and reroute suggested
EVT442234,2026-06-03 17:21:22,Concert,J009,Majestic,9726,Weekday,False,Rain,True,15.7,False,False,1.0,Severe,9.4,70.1,435.7,0.182,0.421,0.88,Heavy rain reducing visibility and grip - reduced speed and longer buffer advised
EVT442235,2026-01-25 09:58:25,Sports Fixture,J030,MG Road,39997,Weekend,False,Fog,False,0.0,False,False,0.869,Severe,9.8,60.1,610.3,0.231,0.533,0.916,Heavy congestion detected - signal timing extended and reroute suggested
EVT442236,2025-12-21 22:37:20,Concert,J040,City Market,17712,Weekend,False,Clear,False,0.0,False,False,0.411,Moderate,20.6,25.7,230.9,0.13,0.301,0.959,Moderate traffic flow - standard adaptive signal timing in effect
EVT442237,2025-12-27 23:40:40,Trade Fair,J012,Koramangala Sony World,4634,Weekend,False,Clear,False,0.0,False,False,0.242,Low,35.7,14.3,144.8,0.127,0.293,0.977,Normal free-flow traffic - standard signal timing maintained
EVT442238,2026-04-16 15:36:46,Concert,J030,MG Road,22790,Weekday,False,Fog,False,0.0,False,False,0.448,Moderate,26.7,35.8,266.2,0.198,0.457,0.964,Moderate traffic flow - standard adaptive signal timing in effect
EVT442239,2025-01-01 07:09:36,Concert,J031,Cubbon Road,10528,Weekday,False,Clear,False,0.0,True,False,0.918,Severe,12.3,68.6,160.1,0.095,0.22,0.781,Accident detected nearby - reroute and reduced speed advised
EVT442240,2025-12-15 07:24:51,Concert,J012,Koramangala Sony World,11693,Weekday,False,Clear,False,0.0,False,False,0.599,High,27.4,42.1,202.7,0.152,0.351,0.951,Moderate traffic flow - standard adaptive signal timing in effect
EVT442241,2025-12-24 20:48:58,Local Market Day,J023,Basavanagudi,2954,Weekday,False,Clear,False,0.0,False,False,0.411,Moderate,26.3,20.7,137.6,0.112,0.258,0.96,Moderate traffic flow - standard adaptive signal timing in effect
EVT442242,2026-04-16 19:08:28,Sports Fixture,J020,Malleshwaram Circle,20648,Weekday,False,Clear,False,0.0,False,False,1.0,Severe,8.3,69.0,399.3,0.16,0.369,0.88,Heavy congestion detected - signal timing extended and reroute suggested
EVT442243,2025-12-05 20:33:35,Sports Fixture,J009,Majestic,38016,Weekday,False,Clear,False,0.0,False,False,0.766,Severe,19.8,50.4,281.7,0.182,0.42,0.964,Heavy congestion detected - signal timing extended and reroute suggested
EVT442244,2025-04-22 20:29:31,Concert,J031,Cubbon Road,13812,Weekday,False,Rain,True,9.2,False,False,0.769,Severe,15.0,48.7,354.4,0.187,0.431,0.908,Heavy rain reducing visibility and grip - reduced speed and longer buffer advised
EVT442245,2025-11-09 15:43:42,Concert,J023,Basavanagudi,15610,Weekend,False,Clear,False,0.0,False,False,0.425,Moderate,28.9,30.0,107.8,0.082,0.189,0.989,Moderate traffic flow - standard adaptive signal timing in effect
EVT442246,2025-12-11 12:40:19,Trade Fair,J011,Indiranagar 100ft Road,10946,Weekday,False,Clear,False,0.0,False,False,0.288,Low,31.0,20.6,162.9,0.153,0.354,0.946,Moderate traffic flow - standard adaptive signal timing in effect
EVT442247,2025-08-29 16:31:18,Trade Fair,J009,Majestic,9018,Weekday,False,Heavy Rain,True,27.9,False,False,1.0,Severe,10.5,69.8,648.8,0.264,0.61,0.871,Heavy rain reducing visibility and grip - reduced speed and longer buffer advised
EVT442248,2025-09-06 09:21:57,Religious Festival,J011,Indiranagar 100ft Road,32186,Weekend,True,Clear,False,0.0,False,True,1.0,Severe,9.4,98.8,514.9,0.188,0.435,0.83,Road closure for event/procession - full detour recommended for through-traffic
EVT442249,2026-03-21 10:32:53,Concert,J009,Majestic,9278,Weekend,False,Clear,False,0.0,False,False,0.592,High,25.0,42.5,240.0,0.199,0.46,0.959,Moderate traffic flow - standard adaptive signal timing in effect
EVT442250,2025-12-11 14:23:21,Local Market Day,J012,Koramangala Sony World,5159,Weekday,False,Light Rain,True,6.0,False,False,0.237,Low,36.0,19.7,117.7,0.116,0.267,0.927,Light rain detected - minor speed reduction advised
EVT442251,2025-06-18 05:18:07,Sports Fixture,J040,City Market,15285,Weekday,False,Clear,False,0.0,False,False,0.267,Low,34.0,24.1,106.9,0.1,0.23,0.955,Moderate traffic flow - standard adaptive signal timing in effect
EVT442252,2025-01-17 06:29:43,Local Market Day,J011,Indiranagar 100ft Road,4733,Weekday,False,Clear,False,0.0,False,False,0.362,Moderate,30.8,24.6,201.7,0.161,0.371,0.976,Moderate traffic flow - standard adaptive signal timing in effect
EVT442253,2025-02-04 14:04:14,Sports Fixture,J009,Majestic,18877,Weekday,False,Clear,False,0.0,False,False,0.301,Low,35.3,19.4,145.5,0.122,0.283,0.961,Moderate traffic flow - standard adaptive signal timing in effect
EVT442254,2026-02-13 19:03:19,Sports Fixture,J023,Basavanagudi,21674,Weekday,False,Clear,False,0.0,False,False,1.0,Severe,7.9,70.7,492.6,0.176,0.406,0.903,Heavy congestion detected - signal timing extended and reroute suggested
EVT442255,2025-01-08 19:36:45,Sports Fixture,J030,MG Road,37965,Weekday,False,Clear,False,0.0,False,False,1.0,Severe,9.2,69.5,649.7,0.256,0.591,0.901,Heavy congestion detected - signal timing extended and reroute suggested
EVT442256,2025-01-04 07:01:03,Local Market Day,J040,City Market,4060,Weekend,False,Clear,False,0.0,False,False,0.449,Moderate,25.2,26.5,225.6,0.185,0.427,0.94,Moderate traffic flow - standard adaptive signal timing in effect
EVT442257,2026-02-18 19:11:04,Concert,J023,Basavanagudi,12393,Weekday,False,Clear,False,0.0,False,False,0.925,Severe,13.3,61.7,265.8,0.138,0.318,0.9,Heavy congestion detected - signal timing extended and reroute suggested
EVT442258,2025-08-26 09:40:01,Concert,J012,Koramangala Sony World,12927,Weekday,False,Clear,False,0.0,False,False,0.935,Severe,11.0,67.5,236.7,0.101,0.233,0.928,Heavy congestion detected - signal timing extended and reroute suggested
EVT442259,2026-05-23 09:07:44,Sports Fixture,J023,Basavanagudi,18365,Weekend,False,Clear,False,0.0,False,False,0.944,Severe,10.9,63.1,327.9,0.138,0.319,0.927,Heavy congestion detected - signal timing extended and reroute suggested
EVT442260,2026-04-03 08:06:44,Local Market Day,J020,Malleshwaram Circle,5101,Weekday,False,Clear,False,0.0,False,False,0.86,Severe,15.5,59.3,256.2,0.168,0.389,0.944,Heavy congestion detected - signal timing extended and reroute suggested
EVT442261,2025-01-13 13:10:59,Trade Fair,J009,Majestic,12036,Weekday,False,Clear,False,0.0,False,False,0.253,Low,35.6,15.9,97.8,0.089,0.206,0.937,Moderate traffic flow - standard adaptive signal timing in effect
EVT442262,2026-01-27 07:14:08,Cultural Procession,J020,Malleshwaram Circle,23506,Weekday,True,Clear,False,0.0,False,False,0.916,Severe,10.6,60.2,386.1,0.17,0.393,0.885,Festival crowd surge detected - alternate route and extended cycle recommended
EVT442263,2025-06-11 15:36:18,Sports Fixture,J031,Cubbon Road,15045,Weekday,False,Light Rain,True,3.7,False,False,0.547,Moderate,22.9,34.6,115.3,0.062,0.144,0.919,Light rain detected - minor speed reduction advised
EVT442264,2026-01-31 05:19:33,Political Rally,J009,Majestic,11739,Weekend,False,Clear,False,0.0,False,False,0.336,Low,33.4,22.6,116.2,0.087,0.202,0.943,Moderate traffic flow - standard adaptive signal timing in effect
EVT442265,2026-03-16 17:41:39,Concert,J011,Indiranagar 100ft Road,9802,Weekday,False,Clear,False,0.0,False,False,0.987,Severe,11.0,73.5,361.4,0.167,0.385,0.918,Heavy congestion detected - signal timing extended and reroute suggested
EVT442266,2026-03-22 09:33:44,Sports Fixture,J023,Basavanagudi,11867,Weekend,False,Clear,False,0.0,False,False,0.868,Severe,12.7,60.1,222.5,0.119,0.274,0.947,Heavy congestion detected - signal timing extended and reroute suggested
EVT442267,2025-09-01 18:36:52,Trade Fair,J040,City Market,7506,Weekday,False,Clear,False,0.0,False,False,1.0,Severe,9.8,65.8,527.6,0.204,0.471,0.92,Heavy congestion detected - signal timing extended and reroute suggested
EVT442268,2026-03-03 11:21:35,Trade Fair,J030,MG Road,10222,Weekday,False,Clear,False,0.0,False,False,0.362,Moderate,22.7,23.7,314.8,0.192,0.445,0.985,Moderate traffic flow - standard adaptive signal timing in effect
EVT442269,2026-03-09 19:22:29,Sports Fixture,J012,Koramangala Sony World,26037,Weekday,False,Clear,False,0.0,False,False,1.0,Severe,9.8,74.1,564.4,0.221,0.511,0.915,Heavy congestion detected - signal timing extended and reroute suggested
EVT442270,2026-02-05 08:21:46,Sports Fixture,J012,Koramangala Sony World,14763,Weekday,False,Fog,False,0.0,False,False,0.943,Severe,7.3,69.6,478.6,0.146,0.338,0.95,Heavy congestion detected - signal timing extended and reroute suggested
EVT442271,2025-05-02 17:13:19,Religious Festival,J012,Koramangala Sony World,52772,Weekday,True,Clear,False,0.0,False,True,1.0,Severe,7.4,103.7,846.9,0.276,0.638,0.856,Road closure for event/procession - full detour recommended for through-traffic
EVT442272,2025-08-07 18:31:00,Concert,J012,Koramangala Sony World,11746,Weekday,False,Heavy Rain,True,38.4,False,False,1.0,Severe,10.0,67.9,245.4,0.1,0.232,0.863,Heavy rain reducing visibility and grip - reduced speed and longer buffer advised
EVT442273,2025-08-24 00:26:00,Local Market Day,J040,City Market,3689,Weekend,False,Rain,True,20.5,False,False,0.463,Moderate,23.3,34.0,130.9,0.104,0.241,0.942,Light rain detected - minor speed reduction advised
EVT442274,2026-02-12 19:47:25,Trade Fair,J011,Indiranagar 100ft Road,9826,Weekday,False,Clear,False,0.0,False,False,0.785,Severe,15.0,56.5,410.6,0.229,0.53,0.985,Heavy congestion detected - signal timing extended and reroute suggested
EVT442275,2025-09-21 15:06:35,Political Rally,J040,City Market,15971,Weekend,False,Rain,True,16.2,False,False,0.554,High,23.1,47.8,136.2,0.093,0.216,0.912,Heavy rain reducing visibility and grip - reduced speed and longer buffer advised
EVT442276,2025-04-15 13:10:26,Religious Festival,J023,Basavanagudi,45250,Weekday,True,Clear,False,0.0,False,False,0.678,High,22.5,46.3,132.0,0.088,0.204,0.904,Festival crowd surge detected - alternate route and extended cycle recommended
EVT442277,2026-02-16 18:28:30,Trade Fair,J012,Koramangala Sony World,8217,Weekday,False,Clear,False,0.0,False,False,1.0,Severe,8.2,66.4,208.7,0.116,0.267,0.929,Heavy congestion detected - signal timing extended and reroute suggested
EVT442278,2026-06-25 23:29:50,Local Market Day,J020,Malleshwaram Circle,3262,Weekday,False,Clear,False,0.0,False,False,0.173,Low,43.1,14.0,110.6,0.106,0.245,0.966,Normal free-flow traffic - standard signal timing maintained
EVT442279,2025-02-23 10:45:59,Political Rally,J011,Indiranagar 100ft Road,24093,Weekend,False,Clear,False,0.0,False,False,0.605,High,20.2,41.5,290.8,0.179,0.414,0.99,Moderate traffic flow - standard adaptive signal timing in effect
EVT442280,2026-01-06 14:01:27,Political Rally,J040,City Market,14797,Weekday,False,Clear,False,0.0,False,False,0.221,Low,36.6,18.1,148.4,0.14,0.323,0.97,Normal free-flow traffic - standard signal timing maintained
EVT442281,2025-03-08 17:39:28,Sports Fixture,J020,Malleshwaram Circle,37812,Weekend,False,Clear,False,0.0,False,False,0.939,Severe,13.2,67.3,343.9,0.163,0.376,0.925,Heavy congestion detected - signal timing extended and reroute suggested
EVT442282,2025-07-14 06:35:59,Local Market Day,J040,City Market,3827,Weekday,False,Clear,False,0.0,False,False,0.29,Low,20.9,12.6,156.8,0.094,0.217,0.956,Moderate traffic flow - standard adaptive signal timing in effect
EVT442283,2025-11-01 19:42:20,Religious Festival,J040,City Market,55058,Weekend,True,Clear,False,0.0,False,True,1.0,Severe,9.6,97.5,536.1,0.217,0.5,0.828,Road closure for event/procession - full detour recommended for through-traffic
EVT442284,2025-02-10 15:48:59,Sports Fixture,J009,Majestic,22333,Weekday,False,Clear,False,0.0,False,False,0.498,Moderate,28.9,33.0,148.2,0.104,0.24,0.966,Moderate traffic flow - standard adaptive signal timing in effect
EVT442285,2025-02-05 08:52:20,Sports Fixture,J009,Majestic,14072,Weekday,False,Clear,False,0.0,False,False,0.982,Severe,12.1,73.8,273.4,0.134,0.309,0.913,Heavy congestion detected - signal timing extended and reroute suggested
EVT442286,2026-02-09 12:23:51,Trade Fair,J009,Majestic,11907,Weekday,False,Clear,False,0.0,False,False,0.16,Low,32.9,14.5,146.4,0.136,0.314,0.955,Normal free-flow traffic - standard signal timing maintained
EVT442287,2025-11-13 15:23:32,Trade Fair,J012,Koramangala Sony World,13352,Weekday,False,Clear,False,0.0,False,False,0.452,Moderate,19.9,30.1,157.5,0.092,0.213,0.972,Moderate traffic flow - standard adaptive signal timing in effect
EVT442288,2025-12-17 17:01:12,Trade Fair,J012,Koramangala Sony World,7458,Weekday,False,Clear,False,0.0,False,False,0.633,High,18.0,49.6,361.5,0.237,0.547,0.977,Moderate traffic flow - standard adaptive signal timing in effect
EVT442289,2025-02-05 15:40:20,Sports Fixture,J012,Koramangala Sony World,17421,Weekday,False,Clear,False,0.0,False,False,0.422,Moderate,25.7,27.9,175.4,0.135,0.313,0.955,Moderate traffic flow - standard adaptive signal timing in effect
EVT442290,2025-03-10 20:39:05,Sports Fixture,J023,Basavanagudi,22847,Weekday,False,Clear,False,0.0,False,False,0.711,High,20.2,47.6,242.8,0.168,0.389,0.941,Moderate traffic flow - standard adaptive signal timing in effect
EVT442291,2026-06-10 10:57:24,Local Market Day,J011,Indiranagar 100ft Road,4545,Weekday,False,Fog,False,0.0,False,False,0.468,Moderate,28.5,36.9,76.1,0.039,0.089,0.935,Moderate traffic flow - standard adaptive signal timing in effect
EVT442292,2025-07-08 14:43:31,Concert,J040,City Market,12830,Weekday,False,Fog,False,0.0,False,False,0.189,Low,34.5,14.4,185.3,0.163,0.376,0.979,Normal free-flow traffic - standard signal timing maintained
EVT442293,2025-10-09 06:39:47,Political Rally,J031,Cubbon Road,19758,Weekday,False,Light Rain,True,4.7,False,False,0.519,Moderate,18.7,37.1,150.2,0.069,0.16,0.935,Light rain detected - minor speed reduction advised
EVT442294,2025-01-13 14:48:47,Local Market Day,J023,Basavanagudi,2897,Weekday,False,Clear,False,0.0,False,False,0.217,Low,40.6,13.6,85.0,0.091,0.209,0.958,Normal free-flow traffic - standard signal timing maintained
EVT442295,2026-05-12 21:17:39,Trade Fair,J012,Koramangala Sony World,10423,Weekday,False,Rain,True,13.2,False,False,0.567,High,21.9,44.8,255.7,0.179,0.414,0.934,Heavy rain reducing visibility and grip - reduced speed and longer buffer advised
EVT442296,2025-04-17 12:41:06,Local Market Day,J023,Basavanagudi,3283,Weekday,False,Clear,False,0.0,False,False,0.173,Low,40.3,15.6,142.2,0.14,0.324,0.984,Normal free-flow traffic - standard signal timing maintained
EVT442297,2026-06-26 12:01:55,Local Market Day,J011,Indiranagar 100ft Road,6164,Weekday,False,Rain,True,14.1,False,False,0.381,Moderate,27.0,28.6,196.3,0.125,0.289,0.933,Light rain detected - minor speed reduction advised
EVT442298,2026-04-12 08:35:40,Sports Fixture,J009,Majestic,17886,Weekend,False,Clear,False,0.0,False,False,0.932,Severe,11.8,62.4,437.3,0.203,0.468,0.926,Heavy congestion detected - signal timing extended and reroute suggested
EVT442299,2025-01-15 18:00:03,Fireworks Display,J012,Koramangala Sony World,25546,Weekday,True,Clear,False,0.0,False,False,1.0,Severe,8.5,78.7,577.7,0.204,0.472,0.856,Festival crowd surge detected - alternate route and extended cycle recommended
EVT442300,2025-07-27 08:29:34,Local Market Day,J030,MG Road,4953,Weekend,False,Clear,False,0.0,False,False,0.871,Severe,13.5,58.3,243.2,0.131,0.303,0.943,Heavy congestion detected - signal timing extended and reroute suggested
EVT442301,2025-06-26 07:46:43,Local Market Day,J009,Majestic,3075,Weekday,False,Clear,False,0.0,False,False,0.718,High,16.8,52.8,219.8,0.118,0.274,0.986,Moderate traffic flow - standard adaptive signal timing in effect
EVT442302,2025-10-19 14:40:47,Political Rally,J031,Cubbon Road,23816,Weekend,False,Clear,False,0.0,False,False,0.448,Moderate,21.5,32.4,240.5,0.152,0.351,0.941,Moderate traffic flow - standard adaptive signal timing in effect
EVT442303,2026-06-09 19:09:03,Trade Fair,J012,Koramangala Sony World,7801,Weekday,False,Heavy Rain,True,66.4,False,False,1.0,Severe,6.6,71.2,716.0,0.181,0.419,0.881,Heavy rain reducing visibility and grip - reduced speed and longer buffer advised
EVT442304,2026-05-07 06:18:19,Concert,J009,Majestic,10525,Weekday,False,Clear,False,0.0,False,False,0.244,Low,36.5,13.2,81.5,0.082,0.189,0.979,Normal free-flow traffic - standard signal timing maintained
EVT442305,2025-04-16 07:18:50,Sports Fixture,J023,Basavanagudi,21382,Weekday,False,Clear,False,0.0,False,False,0.737,High,15.1,48.8,487.3,0.245,0.566,0.976,Moderate traffic flow - standard adaptive signal timing in effect
EVT442306,2026-03-11 12:16:38,Trade Fair,J020,Malleshwaram Circle,8612,Weekday,False,Clear,False,0.0,False,False,0.208,Low,26.4,16.7,196.0,0.126,0.291,0.943,Normal free-flow traffic - standard signal timing maintained
EVT442307,2025-05-16 20:16:57,Local Market Day,J011,Indiranagar 100ft Road,5623,Weekday,False,Clear,False,0.0,False,False,0.656,High,15.8,46.2,406.6,0.207,0.479,0.979,Moderate traffic flow - standard adaptive signal timing in effect
EVT442308,2026-05-10 16:56:55,Political Rally,J012,Koramangala Sony World,6487,Weekend,False,Light Rain,True,6.8,False,False,0.733,High,16.1,52.0,298.8,0.181,0.419,0.909,Heavy rain reducing visibility and grip - reduced speed and longer buffer advised
EVT442309,2025-08-28 16:23:21,Religious Festival,J030,MG Road,34371,Weekday,True,Clear,False,0.0,False,True,1.0,Severe,8.3,106.1,541.0,0.212,0.49,0.834,Road closure for event/procession - full detour recommended for through-traffic
EVT442310,2025-11-18 20:45:35,Trade Fair,J023,Basavanagudi,5603,Weekday,False,Clear,False,0.0,False,False,0.539,Moderate,25.3,39.9,203.3,0.147,0.341,0.977,Moderate traffic flow - standard adaptive signal timing in effect
EVT442311,2025-10-30 17:18:53,Trade Fair,J023,Basavanagudi,4707,Weekday,False,Clear,False,0.0,False,False,0.843,Severe,13.9,60.3,363.2,0.201,0.463,0.94,Heavy congestion detected - signal timing extended and reroute suggested
EVT442312,2026-04-08 14:23:55,Concert,J030,MG Road,10452,Weekday,False,Clear,False,0.0,False,False,0.223,Low,38.6,11.5,124.4,0.112,0.259,0.965,Normal free-flow traffic - standard signal timing maintained
EVT442313,2025-12-13 18:17:10,Sports Fixture,J011,Indiranagar 100ft Road,20257,Weekend,False,Clear,False,0.0,False,False,0.95,Severe,9.1,70.2,350.7,0.119,0.274,0.933,Heavy congestion detected - signal timing extended and reroute suggested
EVT442314,2025-05-07 21:02:22,Trade Fair,J012,Koramangala Sony World,14423,Weekday,False,Clear,False,0.0,False,False,0.408,Moderate,22.8,29.4,255.1,0.169,0.39,0.938,Moderate traffic flow - standard adaptive signal timing in effect
EVT442315,2026-03-11 13:06:39,Trade Fair,J012,Koramangala Sony World,7904,Weekday,False,Clear,False,0.0,False,False,0.218,Low,31.2,11.6,168.9,0.122,0.282,0.934,Normal free-flow traffic - standard signal timing maintained
EVT442316,2025-08-19 09:22:45,Sports Fixture,J012,Koramangala Sony World,22022,Weekday,False,Clear,False,0.0,False,False,1.0,Severe,8.7,72.4,581.3,0.195,0.451,0.915,Heavy congestion detected - signal timing extended and reroute suggested
EVT442317,2026-02-06 12:37:36,Sports Fixture,J023,Basavanagudi,17915,Weekday,False,Clear,False,0.0,False,False,0.243,Low,27.6,23.5,206.5,0.13,0.3,0.948,Normal free-flow traffic - standard signal timing maintained
EVT442318,2025-10-13 16:07:57,Concert,J009,Majestic,11119,Weekday,False,Clear,False,0.0,False,False,0.573,High,20.2,47.3,330.3,0.206,0.477,0.973,Moderate traffic flow - standard adaptive signal timing in effect
EVT442319,2025-03-28 13:28:37,Sports Fixture,J020,Malleshwaram Circle,12139,Weekday,False,Clear,False,0.0,False,False,0.247,Low,28.7,17.5,223.2,0.195,0.45,0.972,Normal free-flow traffic - standard signal timing maintained
EVT442320,2026-04-18 17:32:41,Local Market Day,J031,Cubbon Road,7336,Weekend,False,Clear,False,0.0,False,False,0.822,Severe,15.2,53.5,183.7,0.106,0.246,0.97,Heavy congestion detected - signal timing extended and reroute suggested
EVT442321,2025-01-02 20:18:36,Local Market Day,J012,Koramangala Sony World,4873,Weekday,False,Clear,False,0.0,False,False,0.564,High,23.3,36.0,268.2,0.209,0.483,0.95,Moderate traffic flow - standard adaptive signal timing in effect
EVT442322,2025-05-09 10:20:34,Sports Fixture,J040,City Market,11789,Weekday,False,Rain,True,14.6,False,False,0.919,Severe,9.7,65.0,623.4,0.213,0.492,0.877,Heavy rain reducing visibility and grip - reduced speed and longer buffer advised
EVT442323,2025-08-05 07:31:59,Concert,J009,Majestic,26252,Weekday,False,Clear,False,0.0,False,False,0.773,Severe,15.8,50.3,317.2,0.178,0.412,0.975,Heavy congestion detected - signal timing extended and reroute suggested
EVT442324,2026-05-23 17:27:41,Concert,J030,MG Road,11762,Weekend,False,Heavy Rain,True,37.2,False,False,1.0,Severe,9.1,73.6,495.8,0.197,0.455,0.894,Heavy rain reducing visibility and grip - reduced speed and longer buffer advised
EVT442325,2025-09-20 14:40:29,Sports Fixture,J012,Koramangala Sony World,20283,Weekend,False,Rain,True,18.0,False,False,0.601,High,17.4,42.8,298.1,0.189,0.436,0.917,Heavy rain reducing visibility and grip - reduced speed and longer buffer advised
EVT442326,2026-04-12 10:31:37,Sports Fixture,J023,Basavanagudi,16982,Weekend,False,Heavy Rain,True,27.9,False,False,0.916,Severe,12.0,67.5,553.7,0.229,0.53,0.888,Heavy rain reducing visibility and grip - reduced speed and longer buffer advised
EVT442327,2026-03-13 13:22:06,Sports Fixture,J020,Malleshwaram Circle,14714,Weekday,False,Clear,False,0.0,False,False,0.178,Low,31.7,15.9,197.7,0.162,0.374,0.962,Normal free-flow traffic - standard signal timing maintained
EVT442328,2025-03-09 16:06:31,Sports Fixture,J040,City Market,16854,Weekend,False,Clear,False,0.0,False,False,0.493,Moderate,20.3,37.0,233.8,0.155,0.359,0.972,Moderate traffic flow - standard adaptive signal timing in effect
EVT442329,2026-05-31 17:27:04,Sports Fixture,J040,City Market,25834,Weekend,False,Clear,False,0.0,False,False,0.885,Severe,10.1,66.1,181.6,0.101,0.233,0.935,Heavy congestion detected - signal timing extended and reroute suggested
EVT442330,2025-02-12 22:38:13,Local Market Day,J020,Malleshwaram Circle,3507,Weekday,False,Clear,False,0.0,False,False,0.238,Low,28.3,17.0,52.3,0.042,0.098,0.961,Normal free-flow traffic - standard signal timing maintained
EVT442331,2025-10-29 20:11:25,Trade Fair,J012,Koramangala Sony World,13897,Weekday,False,Fog,False,0.0,False,False,0.785,Severe,13.0,55.4,324.2,0.148,0.342,0.955,Heavy congestion detected - signal timing extended and reroute suggested
EVT442332,2026-05-19 23:42:30,Sports Fixture,J009,Majestic,19461,Weekday,False,Clear,False,0.0,False,False,0.306,Low,31.2,25.1,171.1,0.149,0.344,0.964,Moderate traffic flow - standard adaptive signal timing in effect
EVT442333,2025-03-05 09:57:37,Concert,J030,MG Road,8907,Weekday,False,Clear,False,0.0,False,False,0.905,Severe,10.4,61.5,596.3,0.223,0.515,0.945,Heavy congestion detected - signal timing extended and reroute suggested
EVT442334,2026-04-18 16:43:19,Concert,J030,MG Road,11039,Weekend,False,Rain,True,9.4,False,False,0.71,High,16.3,49.5,141.0,0.076,0.176,0.915,Heavy rain reducing visibility and grip - reduced speed and longer buffer advised
EVT442335,2026-01-23 13:23:13,Political Rally,J012,Koramangala Sony World,9546,Weekday,False,Clear,False,0.0,False,False,0.167,Low,34.5,7.9,126.0,0.132,0.305,0.985,Normal free-flow traffic - standard signal timing maintained
EVT442336,2026-06-29 10:40:32,Political Rally,J020,Malleshwaram Circle,20962,Weekday,False,Heavy Rain,True,58.6,False,False,0.958,Severe,8.0,79.1,599.3,0.217,0.501,0.844,Heavy rain reducing visibility and grip - reduced speed and longer buffer advised
EVT442337,2025-04-28 08:01:22,Sports Fixture,J023,Basavanagudi,17937,Weekday,False,Clear,False,0.0,False,False,0.845,Severe,13.0,61.7,474.0,0.227,0.525,0.96,Heavy congestion detected - signal timing extended and reroute suggested
EVT442338,2026-02-26 19:48:19,Sports Fixture,J023,Basavanagudi,54853,Weekday,False,Clear,False,0.0,False,False,0.998,Severe,9.0,67.5,175.2,0.085,0.196,0.886,Heavy congestion detected - signal timing extended and reroute suggested
EVT442339,2025-01-09 07:58:20,Local Market Day,J012,Koramangala Sony World,2994,Weekday,False,Clear,False,0.0,False,False,0.791,Severe,15.6,57.6,282.4,0.158,0.364,0.95,Heavy congestion detected - signal timing extended and reroute suggested
EVT442340,2026-06-19 06:02:11,Local Market Day,J020,Malleshwaram Circle,4192,Weekday,False,Clear,False,0.0,False,False,0.275,Low,41.3,16.9,144.4,0.167,0.386,0.967,Moderate traffic flow - standard adaptive signal timing in effect
EVT442341,2025-05-23 14:29:55,Concert,J030,MG Road,15374,Weekday,False,Clear,False,0.0,False,False,0.237,Low,35.9,17.3,60.0,0.039,0.091,0.96,Normal free-flow traffic - standard signal timing maintained
EVT442342,2025-12-18 08:18:47,Concert,J023,Basavanagudi,11850,Weekday,False,Fog,False,0.0,False,False,0.991,Severe,8.4,71.3,401.1,0.14,0.322,0.918,Heavy congestion detected - signal timing extended and reroute suggested
EVT442343,2025-02-09 21:46:47,Local Market Day,J023,Basavanagudi,4456,Weekend,False,Light Rain,True,1.7,False,False,0.382,Moderate,28.9,24.2,154.8,0.104,0.24,0.903,Light rain detected - minor speed reduction advised
EVT442344,2025-05-11 12:26:11,Concert,J040,City Market,11069,Weekend,False,Clear,False,0.0,False,False,0.322,Low,28.8,32.4,136.5,0.113,0.262,0.989,Moderate traffic flow - standard adaptive signal timing in effect
EVT442345,2026-03-26 05:06:21,Religious Festival,J030,MG Road,31616,Weekday,True,Clear,False,0.0,False,False,0.577,High,21.6,39.9,126.9,0.091,0.211,0.883,Festival crowd surge detected - alternate route and extended cycle recommended
EVT442346,2025-03-22 09:36:33,Local Market Day,J011,Indiranagar 100ft Road,5497,Weekend,False,Clear,False,0.0,False,False,0.734,High,17.2,55.1,261.1,0.165,0.382,0.971,Moderate traffic flow - standard adaptive signal timing in effect
EVT442347,2025-04-29 06:28:07,Sports Fixture,J040,City Market,23373,Weekday,False,Rain,True,16.9,False,False,0.581,High,19.6,47.3,231.7,0.149,0.344,0.92,Heavy rain reducing visibility and grip - reduced speed and longer buffer advised
EVT442348,2026-06-07 19:58:22,Sports Fixture,J020,Malleshwaram Circle,28481,Weekend,False,Rain,True,14.0,False,False,0.867,Severe,14.6,60.8,345.6,0.178,0.411,0.884,Heavy rain reducing visibility and grip - reduced speed and longer buffer advised
EVT442349,2026-06-19 18:13:52,Political Rally,J030,MG Road,14813,Weekday,False,Clear,False,0.0,False,False,1.0,Severe,6.5,74.8,887.3,0.233,0.538,0.917,Heavy congestion detected - signal timing extended and reroute suggested
EVT442350,2026-04-14 20:29:17,Religious Festival,J023,Basavanagudi,39518,Weekday,True,Light Rain,True,0.3,False,True,1.0,Severe,9.0,105.4,348.5,0.145,0.336,0.791,Road closure for event/procession - full detour recommended for through-traffic
EVT442351,2025-04-13 17:21:04,Concert,J020,Malleshwaram Circle,23661,Weekend,False,Clear,False,0.0,False,False,0.882,Severe,8.9,63.0,528.4,0.18,0.416,0.966,Heavy congestion detected - signal timing extended and reroute suggested
EVT442352,2026-02-27 10:39:04,Local Market Day,J031,Cubbon Road,4980,Weekday,False,Clear,False,0.0,False,False,0.578,High,21.8,44.5,268.5,0.205,0.473,0.953,Moderate traffic flow - standard adaptive signal timing in effect
EVT442353,2026-01-19 16:51:20,Local Market Day,J023,Basavanagudi,3840,Weekday,False,Clear,False,0.0,False,False,0.627,High,20.1,43.2,193.1,0.132,0.306,0.943,Moderate traffic flow - standard adaptive signal timing in effect
EVT442354,2025-11-16 09:29:52,Political Rally,J020,Malleshwaram Circle,12680,Weekend,False,Clear,False,0.0,False,False,0.933,Severe,7.5,66.6,693.6,0.208,0.48,0.922,Heavy congestion detected - signal timing extended and reroute suggested
EVT442355,2025-03-07 08:31:43,Sports Fixture,J040,City Market,21739,Weekday,False,Clear,False,0.0,False,False,1.0,Severe,9.7,64.8,641.6,0.27,0.625,0.934,Heavy congestion detected - signal timing extended and reroute suggested
EVT442356,2025-12-27 09:39:23,Concert,J031,Cubbon Road,17984,Weekend,False,Clear,False,0.0,False,False,0.918,Severe,10.2,64.9,572.4,0.205,0.473,0.932,Heavy congestion detected - signal timing extended and reroute suggested
EVT442357,2026-03-02 07:31:58,Political Rally,J011,Indiranagar 100ft Road,18323,Weekday,False,Clear,False,0.0,False,False,0.688,High,17.7,53.4,259.1,0.146,0.338,0.967,Moderate traffic flow - standard adaptive signal timing in effect
EVT442358,2025-08-31 10:22:28,Sports Fixture,J023,Basavanagudi,13434,Weekend,False,Light Rain,True,4.0,False,False,0.819,Severe,12.4,59.3,173.4,0.089,0.205,0.908,Heavy rain reducing visibility and grip - reduced speed and longer buffer advised
EVT442359,2025-09-08 09:30:57,Sports Fixture,J031,Cubbon Road,29274,Weekday,False,Clear,False,0.0,False,False,1.0,Severe,10.1,71.1,265.8,0.131,0.303,0.926,Heavy congestion detected - signal timing extended and reroute suggested
EVT442360,2025-11-13 21:33:25,Trade Fair,J011,Indiranagar 100ft Road,20392,Weekday,False,Clear,False,0.0,False,False,0.381,Moderate,24.1,31.8,184.4,0.122,0.282,0.982,Moderate traffic flow - standard adaptive signal timing in effect
EVT442361,2025-12-11 09:34:50,Sports Fixture,J023,Basavanagudi,32532,Weekday,False,Clear,False,0.0,False,False,1.0,Severe,9.2,70.6,726.5,0.252,0.582,0.911,Heavy congestion detected - signal timing extended and reroute suggested
EVT442362,2025-09-17 14:00:15,Political Rally,J030,MG Road,12761,Weekday,False,Clear,False,0.0,False,False,0.241,Low,36.5,15.7,127.4,0.119,0.274,0.979,Normal free-flow traffic - standard signal timing maintained
EVT442363,2025-06-26 17:41:02,Sports Fixture,J009,Majestic,35769,Weekday,False,Light Rain,True,7.3,False,False,1.0,Severe,9.7,73.8,725.9,0.256,0.591,0.849,Heavy rain reducing visibility and grip - reduced speed and longer buffer advised
EVT442364,2025-08-09 11:35:29,Trade Fair,J023,Basavanagudi,10949,Weekend,False,Clear,False,0.0,False,False,0.385,Moderate,32.3,22.0,118.5,0.097,0.224,0.971,Moderate traffic flow - standard adaptive signal timing in effect
EVT442365,2025-05-25 20:30:37,Concert,J020,Malleshwaram Circle,15397,Weekend,False,Clear,False,0.0,False,False,0.59,High,22.5,40.9,165.0,0.112,0.258,0.954,Moderate traffic flow - standard adaptive signal timing in effect
EVT442366,2026-01-12 08:35:28,Concert,J023,Basavanagudi,11079,Weekday,False,Clear,False,0.0,False,False,1.0,Severe,10.7,71.6,572.5,0.247,0.57,0.928,Heavy congestion detected - signal timing extended and reroute suggested
EVT442367,2025-01-23 15:30:28,Trade Fair,J009,Majestic,6614,Weekday,False,Clear,False,0.0,False,False,0.33,Low,28.6,26.2,235.5,0.192,0.444,0.972,Moderate traffic flow - standard adaptive signal timing in effect
EVT442368,2025-06-06 11:54:36,Sports Fixture,J011,Indiranagar 100ft Road,18013,Weekday,False,Clear,False,0.0,False,False,0.296,Low,29.6,24.7,155.9,0.108,0.249,0.969,Moderate traffic flow - standard adaptive signal timing in effect
EVT442369,2026-06-08 07:56:31,Trade Fair,J040,City Market,7809,Weekday,False,Light Rain,True,6.4,False,False,0.911,Severe,14.1,69.5,343.1,0.172,0.397,0.872,Heavy rain reducing visibility and grip - reduced speed and longer buffer advised
EVT442370,2026-06-09 16:53:56,Trade Fair,J031,Cubbon Road,7894,Weekday,False,Clear,False,0.0,False,False,0.61,High,23.1,48.5,304.9,0.208,0.481,0.945,Moderate traffic flow - standard adaptive signal timing in effect
EVT442371,2025-06-09 10:49:43,Concert,J011,Indiranagar 100ft Road,17037,Weekday,False,Clear,False,0.0,False,False,0.532,Moderate,22.1,42.4,173.5,0.118,0.273,0.961,Moderate traffic flow - standard adaptive signal timing in effect
EVT442372,2026-05-15 13:01:39,Local Market Day,J023,Basavanagudi,3053,Weekday,False,Clear,False,0.0,False,False,0.175,Low,34.7,10.5,158.4,0.167,0.385,0.987,Normal free-flow traffic - standard signal timing maintained
EVT442373,2026-05-11 17:12:24,Sports Fixture,J031,Cubbon Road,25541,Weekday,False,Rain,True,13.0,False,False,1.0,Severe,8.4,71.4,793.8,0.273,0.63,0.852,Heavy rain reducing visibility and grip - reduced speed and longer buffer advised
EVT442374,2025-07-23 10:26:17,Concert,J011,Indiranagar 100ft Road,13480,Weekday,False,Clear,False,0.0,False,False,0.756,Severe,17.0,53.6,455.0,0.26,0.6,0.947,Heavy congestion detected - signal timing extended and reroute suggested
EVT442375,2026-01-17 15:43:34,Local Market Day,J012,Koramangala Sony World,4314,Weekend,False,Clear,False,0.0,False,False,0.394,Moderate,29.4,28.8,151.8,0.126,0.291,0.979,Moderate traffic flow - standard adaptive signal timing in effect
EVT442376,2026-06-07 18:05:18,Trade Fair,J030,MG Road,14144,Weekend,False,Heavy Rain,True,64.9,False,False,1.0,Severe,8.0,71.0,469.4,0.179,0.414,0.838,Heavy rain reducing visibility and grip - reduced speed and longer buffer advised
EVT442377,2026-04-09 13:55:22,Trade Fair,J040,City Market,13872,Weekday,False,Clear,False,0.0,False,False,0.258,Low,34.4,18.0,148.2,0.13,0.3,0.967,Moderate traffic flow - standard adaptive signal timing in effect
EVT442378,2025-01-04 17:54:26,Trade Fair,J031,Cubbon Road,6067,Weekend,False,Fog,False,0.0,False,False,0.844,Severe,13.1,57.9,201.6,0.099,0.23,0.948,Heavy congestion detected - signal timing extended and reroute suggested
EVT442379,2025-11-12 17:09:52,Concert,J031,Cubbon Road,18589,Weekday,False,Clear,False,0.0,False,False,0.922,Severe,11.2,65.9,517.6,0.226,0.523,0.954,Heavy congestion detected - signal timing extended and reroute suggested
EVT442380,2026-03-01 14:31:00,Local Market Day,J009,Majestic,3035,Weekend,False,Clear,False,0.0,False,False,0.326,Low,33.0,25.8,256.3,0.247,0.57,0.985,Moderate traffic flow - standard adaptive signal timing in effect
EVT442381,2025-12-09 18:40:59,Trade Fair,J011,Indiranagar 100ft Road,5621,Weekday,False,Clear,False,0.0,False,False,1.0,Severe,9.3,71.4,493.3,0.198,0.458,0.915,Heavy congestion detected - signal timing extended and reroute suggested
EVT442382,2025-03-03 07:47:32,Sports Fixture,J023,Basavanagudi,21022,Weekday,False,Clear,False,0.0,False,False,0.928,Severe,10.9,64.2,541.7,0.226,0.522,0.926,Heavy congestion detected - signal timing extended and reroute suggested
EVT442383,2026-04-20 14:11:24,Concert,J009,Majestic,22368,Weekday,False,Clear,False,0.0,False,False,0.229,Low,36.1,11.2,49.8,0.048,0.11,0.949,Normal free-flow traffic - standard signal timing maintained
EVT442384,2025-04-02 17:37:35,Concert,J040,City Market,8107,Weekday,False,Clear,False,0.0,False,False,0.891,Severe,8.9,60.8,542.1,0.192,0.444,0.924,Heavy congestion detected - signal timing extended and reroute suggested
EVT442385,2026-01-13 05:24:58,Local Market Day,J012,Koramangala Sony World,3380,Weekday,False,Clear,False,0.0,False,False,0.248,Low,27.0,12.6,216.0,0.147,0.34,0.954,Normal free-flow traffic - standard signal timing maintained
EVT442386,2025-09-16 16:54:58,Local Market Day,J009,Majestic,2809,Weekday,False,Rain,True,10.3,False,False,0.799,Severe,16.5,52.5,355.2,0.229,0.528,0.904,Heavy rain reducing visibility and grip - reduced speed and longer buffer advised
EVT442387,2026-04-27 21:59:59,Concert,J020,Malleshwaram Circle,6865,Weekday,False,Fog,False,0.0,False,False,0.243,Low,34.2,21.6,138.4,0.098,0.225,0.96,Normal free-flow traffic - standard signal timing maintained
EVT442388,2025-04-22 14:01:01,Local Market Day,J040,City Market,6189,Weekday,False,Clear,False,0.0,False,False,0.239,Low,26.6,22.8,184.1,0.137,0.315,0.976,Normal free-flow traffic - standard signal timing maintained
EVT442389,2026-01-22 21:07:59,Political Rally,J012,Koramangala Sony World,21023,Weekday,False,Fog,False,0.0,False,False,0.493,Moderate,25.3,34.3,225.2,0.178,0.411,0.948,Moderate traffic flow - standard adaptive signal timing in effect
EVT442390,2025-11-06 20:01:29,Sports Fixture,J012,Koramangala Sony World,10701,Weekday,False,Clear,False,0.0,False,False,0.728,High,16.2,49.8,388.7,0.218,0.503,0.956,Moderate traffic flow - standard adaptive signal timing in effect
EVT442391,2025-01-07 16:42:40,Concert,J031,Cubbon Road,12809,Weekday,False,Clear,False,0.0,False,False,0.722,High,16.0,50.6,208.1,0.113,0.26,0.959,Moderate traffic flow - standard adaptive signal timing in effect
EVT442392,2025-11-29 16:56:00,Trade Fair,J012,Koramangala Sony World,11349,Weekend,False,Clear,False,0.0,False,False,0.668,High,19.8,48.0,256.1,0.151,0.348,0.948,Moderate traffic flow - standard adaptive signal timing in effect
EVT442393,2025-08-28 19:54:17,Fireworks Display,J031,Cubbon Road,18900,Weekday,True,Rain,True,16.9,False,False,1.0,Severe,6.4,69.4,887.9,0.263,0.607,0.822,Festival crowd surge detected - alternate route and extended cycle recommended
EVT442394,2025-02-17 20:48:07,Concert,J009,Majestic,8847,Weekday,False,Light Rain,True,7.3,False,False,0.628,High,17.5,40.2,307.5,0.167,0.385,0.915,Heavy rain reducing visibility and grip - reduced speed and longer buffer advised
EVT442395,2025-12-16 07:59:15,Sports Fixture,J040,City Market,26652,Weekday,False,Clear,False,0.0,False,False,0.873,Severe,13.1,58.4,361.6,0.17,0.392,0.952,Heavy congestion detected - signal timing extended and reroute suggested
EVT442396,2025-11-26 18:23:24,Trade Fair,J031,Cubbon Road,9501,Weekday,False,Clear,False,0.0,False,False,1.0,Severe,8.7,79.5,373.1,0.126,0.29,0.906,Heavy congestion detected - signal timing extended and reroute suggested
EVT442397,2025-02-10 13:04:04,Concert,J009,Majestic,8970,Weekday,False,Clear,False,0.0,False,False,0.152,Low,33.1,9.9,124.5,0.109,0.252,0.957,Normal free-flow traffic - standard signal timing maintained
EVT442398,2025-04-26 17:09:50,Local Market Day,J011,Indiranagar 100ft Road,4925,Weekend,False,Rain,True,9.2,False,False,0.865,Severe,12.9,62.5,468.0,0.245,0.566,0.898,Heavy rain reducing visibility and grip - reduced speed and longer buffer advised
EVT442399,2025-04-24 13:18:50,Local Market Day,J031,Cubbon Road,3625,Weekday,False,Clear,False,0.0,False,False,0.185,Low,25.6,8.6,233.2,0.156,0.36,0.973,Normal free-flow traffic - standard signal timing maintained
EVT442400,2025-12-15 13:01:11,Trade Fair,J012,Koramangala Sony World,4760,Weekday,False,Clear,False,0.0,False,False,0.147,Low,31.9,8.2,145.8,0.135,0.311,0.972,Normal free-flow traffic - standard signal timing maintained
EVT442401,2025-09-27 17:29:10,Concert,J031,Cubbon Road,17189,Weekend,False,Clear,False,0.0,False,False,0.788,Severe,17.9,60.3,123.2,0.084,0.195,0.95,Heavy congestion detected - signal timing extended and reroute suggested
EVT442402,2025-08-15 08:23:17,Cultural Procession,J040,City Market,15199,Weekday,True,Heavy Rain,True,50.6,False,True,1.0,Severe,8.9,90.1,378.4,0.139,0.322,0.773,Road closure for event/procession - full detour recommended for through-traffic
EVT442403,2025-07-17 08:41:14,Sports Fixture,J030,MG Road,30664,Weekday,False,Clear,False,0.0,False,False,1.0,Severe,7.6,62.9,848.8,0.268,0.618,0.919,Heavy congestion detected - signal timing extended and reroute suggested
EVT442404,2025-08-17 19:06:07,Local Market Day,J030,MG Road,3886,Weekend,False,Clear,False,0.0,False,False,0.782,Severe,13.2,55.4,462.3,0.231,0.533,0.96,Heavy congestion detected - signal timing extended and reroute suggested
EVT442405,2026-04-02 21:23:55,Concert,J031,Cubbon Road,7536,Weekday,False,Clear,False,0.0,False,False,0.411,Moderate,21.8,28.2,204.1,0.121,0.281,0.966,Moderate traffic flow - standard adaptive signal timing in effect
EVT442406,2025-07-05 17:21:19,Local Market Day,J012,Koramangala Sony World,3878,Weekend,False,Clear,False,0.0,False,False,0.698,High,18.8,49.9,497.3,0.286,0.66,0.966,Moderate traffic flow - standard adaptive signal timing in effect
EVT442407,2025-10-24 16:04:08,Political Rally,J009,Majestic,23615,Weekday,False,Clear,False,0.0,False,False,0.529,Moderate,22.2,46.3,233.6,0.153,0.352,0.971,Moderate traffic flow - standard adaptive signal timing in effect
EVT442408,2025-03-26 02:39:42,Concert,J009,Majestic,12543,Weekday,False,Light Rain,True,1.5,False,False,0.257,Low,33.1,15.7,86.3,0.08,0.184,0.915,Light rain detected - minor speed reduction advised
EVT442409,2026-04-23 20:54:40,Local Market Day,J031,Cubbon Road,5324,Weekday,False,Light Rain,True,5.3,False,False,0.606,High,15.2,45.4,623.4,0.319,0.737,0.895,Heavy rain reducing visibility and grip - reduced speed and longer buffer advised
EVT442410,2025-11-06 16:27:02,Concert,J023,Basavanagudi,8807,Weekday,False,Clear,False,0.0,False,False,0.496,Moderate,25.4,35.5,205.0,0.161,0.371,0.964,Moderate traffic flow - standard adaptive signal timing in effect
EVT442411,2025-07-10 08:09:34,Trade Fair,J031,Cubbon Road,12033,Weekday,False,Rain,True,9.5,False,False,1.0,Severe,9.7,68.9,523.7,0.222,0.513,0.872,Heavy rain reducing visibility and grip - reduced speed and longer buffer advised
EVT442412,2025-08-20 00:56:15,Local Market Day,J030,MG Road,3756,Weekday,False,Rain,True,10.8,False,False,0.316,Low,30.1,30.0,244.0,0.194,0.448,0.918,Light rain detected - minor speed reduction advised
EVT442413,2025-11-08 07:49:45,Sports Fixture,J012,Koramangala Sony World,26615,Weekend,False,Clear,False,0.0,False,False,0.769,Severe,18.3,55.1,442.8,0.267,0.618,0.948,Heavy congestion detected - signal timing extended and reroute suggested
EVT442414,2025-04-11 20:18:17,Sports Fixture,J023,Basavanagudi,18592,Weekday,False,Clear,False,0.0,False,False,0.649,High,22.3,44.3,205.4,0.167,0.385,0.954,Moderate traffic flow - standard adaptive signal timing in effect
EVT442415,2025-04-12 21:27:48,Trade Fair,J011,Indiranagar 100ft Road,6216,Weekend,False,Clear,False,0.0,False,False,0.407,Moderate,20.6,29.7,166.3,0.081,0.188,0.948,Moderate traffic flow - standard adaptive signal timing in effect
EVT442416,2025-02-15 16:47:24,Political Rally,J009,Majestic,11989,Weekend,False,Clear,False,0.0,False,False,0.668,High,20.7,47.2,292.8,0.193,0.446,0.961,Moderate traffic flow - standard adaptive signal timing in effect
EVT442417,2025-08-15 09:53:04,Religious Festival,J020,Malleshwaram Circle,45331,Weekday,True,Rain,True,18.7,True,False,1.0,Severe,7.9,74.1,405.5,0.151,0.348,0.676,Accident detected nearby - reroute and reduced speed advised
EVT442418,2025-01-06 17:17:40,Sports Fixture,J012,Koramangala Sony World,73052,Weekday,False,Fog,False,0.0,False,False,1.0,Severe,7.3,77.8,1022.9,0.319,0.737,0.928,Heavy congestion detected - signal timing extended and reroute suggested
EVT442419,2026-04-13 17:27:31,Political Rally,J012,Koramangala Sony World,15959,Weekday,False,Clear,False,0.0,False,False,0.875,Severe,11.4,62.4,304.2,0.118,0.273,0.942,Heavy congestion detected - signal timing extended and reroute suggested
EVT442420,2025-10-21 20:24:53,Cultural Procession,J009,Majestic,14396,Weekday,True,Clear,False,0.0,False,True,1.0,Severe,8.1,104.0,696.6,0.256,0.592,0.843,Road closure for event/procession - full detour recommended for through-traffic
EVT442421,2026-01-16 09:10:46,Sports Fixture,J031,Cubbon Road,25572,Weekday,False,Clear,False,0.0,False,False,1.0,Severe,8.5,71.6,564.4,0.205,0.472,0.95,Heavy congestion detected - signal timing extended and reroute suggested
EVT442422,2025-04-08 12:55:04,Sports Fixture,J031,Cubbon Road,15132,Weekday,False,Clear,False,0.0,False,False,0.253,Low,32.6,23.5,148.9,0.138,0.318,0.988,Moderate traffic flow - standard adaptive signal timing in effect
EVT442423,2025-05-21 21:15:47,Political Rally,J020,Malleshwaram Circle,8526,Weekday,False,Clear,False,0.0,False,False,0.391,Moderate,33.1,31.7,185.7,0.162,0.374,0.953,Moderate traffic flow - standard adaptive signal timing in effect
EVT442424,2025-04-09 20:18:24,Sports Fixture,J030,MG Road,16724,Weekday,False,Clear,False,0.0,False,False,0.752,Severe,16.4,52.3,163.2,0.101,0.234,0.983,Heavy congestion detected - signal timing extended and reroute suggested
EVT442425,2025-09-09 06:21:34,Political Rally,J020,Malleshwaram Circle,18902,Weekday,False,Clear,False,0.0,False,False,0.376,Moderate,23.6,27.1,209.5,0.148,0.342,0.959,Moderate traffic flow - standard adaptive signal timing in effect
EVT442426,2025-05-13 13:47:28,Concert,J031,Cubbon Road,8538,Weekday,False,Clear,False,0.0,False,False,0.198,Low,28.0,20.0,89.8,0.065,0.15,0.935,Normal free-flow traffic - standard signal timing maintained
EVT442427,2025-03-15 18:53:01,Fireworks Display,J040,City Market,18098,Weekend,True,Clear,False,0.0,False,False,1.0,Severe,7.5,77.2,800.8,0.232,0.537,0.863,Festival crowd surge detected - alternate route and extended cycle recommended
EVT442428,2025-03-14 19:00:15,Religious Festival,J030,MG Road,33733,Weekday,True,Clear,False,0.0,False,False,1.0,Severe,9.1,72.3,611.5,0.238,0.549,0.857,Festival crowd surge detected - alternate route and extended cycle recommended
EVT442429,2026-05-08 10:31:20,Local Market Day,J009,Majestic,5828,Weekday,False,Clear,False,0.0,False,False,0.537,Moderate,27.5,41.6,124.8,0.116,0.269,0.99,Moderate traffic flow - standard adaptive signal timing in effect
EVT442430,2025-11-01 08:59:01,Religious Festival,J031,Cubbon Road,61606,Weekend,True,Clear,False,0.0,False,True,1.0,Severe,9.3,99.9,770.3,0.274,0.632,0.825,Road closure for event/procession - full detour recommended for through-traffic
EVT442431,2025-02-19 09:36:26,Sports Fixture,J011,Indiranagar 100ft Road,19325,Weekday,False,Clear,False,0.0,False,False,0.972,Severe,10.8,72.9,465.4,0.186,0.429,0.924,Heavy congestion detected - signal timing extended and reroute suggested
EVT442432,2026-06-06 09:01:31,Local Market Day,J011,Indiranagar 100ft Road,5501,Weekend,False,Clear,False,0.0,False,False,0.856,Severe,13.0,63.5,246.6,0.118,0.273,0.95,Heavy congestion detected - signal timing extended and reroute suggested
EVT442433,2026-03-11 08:48:24,Local Market Day,J012,Koramangala Sony World,3798,Weekday,False,Clear,False,0.0,False,False,1.0,Severe,8.8,76.6,711.5,0.241,0.557,0.896,Heavy congestion detected - signal timing extended and reroute suggested
EVT442434,2026-05-18 12:20:35,Political Rally,J040,City Market,14131,Weekday,False,Clear,False,0.0,False,False,0.27,Low,32.8,16.8,174.8,0.162,0.375,0.99,Moderate traffic flow - standard adaptive signal timing in effect
EVT442435,2026-05-02 14:09:46,Cultural Procession,J023,Basavanagudi,21041,Weekend,True,Clear,False,0.0,False,True,0.85,High,11.4,82.5,396.0,0.184,0.426,0.89,Road closure for event/procession - full detour recommended for through-traffic
EVT442436,2025-01-22 14:36:58,Local Market Day,J012,Koramangala Sony World,2900,Weekday,False,Clear,False,0.0,False,False,0.19,Low,30.3,13.2,184.8,0.139,0.322,0.95,Normal free-flow traffic - standard signal timing maintained
EVT442437,2026-04-06 13:56:26,Trade Fair,J031,Cubbon Road,6223,Weekday,False,Clear,False,0.0,False,False,0.18,Low,29.9,8.0,103.7,0.083,0.193,0.935,Normal free-flow traffic - standard signal timing maintained
EVT442438,2025-12-13 15:39:44,Local Market Day,J012,Koramangala Sony World,4615,Weekend,False,Light Rain,True,4.7,False,False,0.529,Moderate,26.5,33.9,187.1,0.148,0.341,0.919,Light rain detected - minor speed reduction advised
EVT442439,2025-02-10 20:19:07,Concert,J023,Basavanagudi,16339,Weekday,False,Light Rain,True,5.9,False,False,0.856,Severe,13.0,62.8,524.5,0.22,0.509,0.912,Heavy rain reducing visibility and grip - reduced speed and longer buffer advised
EVT442440,2025-08-21 16:43:18,Local Market Day,J012,Koramangala Sony World,5288,Weekday,False,Clear,False,0.0,False,False,0.702,High,15.6,52.3,337.7,0.174,0.403,0.968,Moderate traffic flow - standard adaptive signal timing in effect
EVT442441,2025-04-12 08:05:36,Concert,J011,Indiranagar 100ft Road,6561,Weekend,False,Clear,False,0.0,False,False,0.794,Severe,12.9,60.7,417.7,0.152,0.352,0.955,Heavy congestion detected - signal timing extended and reroute suggested
EVT442442,2026-06-29 09:28:36,Concert,J009,Majestic,11966,Weekday,False,Rain,True,10.2,False,False,1.0,Severe,9.0,74.9,386.8,0.142,0.328,0.865,Heavy rain reducing visibility and grip - reduced speed and longer buffer advised
EVT442443,2026-03-07 08:51:34,Concert,J009,Majestic,14663,Weekend,False,Clear,False,0.0,False,False,0.902,Severe,10.6,62.3,387.9,0.172,0.397,0.924,Heavy congestion detected - signal timing extended and reroute suggested
EVT442444,2025-09-08 22:50:18,Sports Fixture,J031,Cubbon Road,13269,Weekday,False,Clear,False,0.0,False,False,0.257,Low,29.1,25.5,190.9,0.168,0.388,0.97,Moderate traffic flow - standard adaptive signal timing in effect
EVT442445,2025-12-02 13:51:49,Concert,J009,Majestic,11080,Weekday,False,Clear,False,0.0,False,False,0.11,Low,37.9,14.3,163.8,0.134,0.309,0.961,Normal free-flow traffic - standard signal timing maintained
EVT442446,2025-08-19 20:23:47,Trade Fair,J020,Malleshwaram Circle,12676,Weekday,False,Clear,False,0.0,False,False,0.684,High,16.5,46.3,278.1,0.159,0.367,0.975,Moderate traffic flow - standard adaptive signal timing in effect
EVT442447,2025-11-17 16:57:59,Sports Fixture,J031,Cubbon Road,24875,Weekday,False,Rain,True,13.2,False,False,1.0,Severe,6.7,70.9,608.2,0.197,0.454,0.854,Heavy rain reducing visibility and grip - reduced speed and longer buffer advised
EVT442448,2025-12-22 20:05:32,Sports Fixture,J011,Indiranagar 100ft Road,30787,Weekday,False,Fog,False,0.0,False,False,0.911,Severe,11.9,67.2,498.2,0.242,0.559,0.905,Heavy congestion detected - signal timing extended and reroute suggested
EVT442449,2026-06-11 19:51:59,Trade Fair,J020,Malleshwaram Circle,11480,Weekday,False,Heavy Rain,True,36.6,False,False,1.0,Severe,8.1,67.4,678.5,0.217,0.502,0.873,Heavy rain reducing visibility and grip - reduced speed and longer buffer advised
EVT442450,2026-02-16 17:05:31,Concert,J011,Indiranagar 100ft Road,11981,Weekday,False,Clear,False,0.0,False,False,0.769,Severe,13.7,52.7,345.2,0.153,0.352,0.981,Heavy congestion detected - signal timing extended and reroute suggested
EVT442451,2026-05-27 19:20:59,Political Rally,J009,Majestic,19156,Weekday,False,Clear,False,0.0,False,False,0.997,Severe,9.7,75.8,577.3,0.216,0.499,0.91,Heavy congestion detected - signal timing extended and reroute suggested
EVT442452,2025-05-22 13:47:25,Political Rally,J040,City Market,12678,Weekday,False,Clear,False,0.0,False,False,0.225,Low,32.7,13.9,116.1,0.107,0.248,0.99,Normal free-flow traffic - standard signal timing maintained
EVT442453,2025-10-01 15:35:48,Sports Fixture,J009,Majestic,19872,Weekday,False,Clear,False,0.0,False,False,0.42,Moderate,24.0,25.5,207.1,0.158,0.365,0.964,Moderate traffic flow - standard adaptive signal timing in effect
EVT442454,2026-06-20 17:26:28,Local Market Day,J011,Indiranagar 100ft Road,3286,Weekend,False,Heavy Rain,True,52.3,False,False,1.0,Severe,4.8,73.1,1247.2,0.249,0.575,0.86,Heavy rain reducing visibility and grip - reduced speed and longer buffer advised
EVT442455,2026-03-07 10:30:47,Concert,J030,MG Road,16765,Weekend,False,Rain,True,9.9,False,False,0.802,Severe,15.0,54.4,364.4,0.201,0.464,0.916,Heavy rain reducing visibility and grip - reduced speed and longer buffer advised
EVT442456,2025-02-11 20:33:41,Sports Fixture,J040,City Market,18866,Weekday,False,Clear,False,0.0,False,False,0.655,High,19.6,56.0,163.8,0.099,0.228,0.956,Moderate traffic flow - standard adaptive signal timing in effect
EVT442457,2026-03-12 18:45:58,Concert,J023,Basavanagudi,7171,Weekday,False,Clear,False,0.0,False,False,1.0,Severe,6.9,70.4,749.8,0.196,0.453,0.919,Heavy congestion detected - signal timing extended and reroute suggested
EVT442458,2026-04-19 14:02:33,Concert,J023,Basavanagudi,15015,Weekend,False,Fog,False,0.0,False,False,0.377,Moderate,29.1,27.3,196.1,0.173,0.4,0.96,Moderate traffic flow - standard adaptive signal timing in effect
EVT442459,2026-05-13 20:18:44,Political Rally,J020,Malleshwaram Circle,11930,Weekday,False,Clear,False,0.0,False,False,0.698,High,18.7,52.7,172.0,0.115,0.266,0.951,Moderate traffic flow - standard adaptive signal timing in effect
EVT442460,2025-11-05 06:31:34,Local Market Day,J012,Koramangala Sony World,4367,Weekday,False,Clear,False,0.0,False,False,0.328,Low,35.9,17.5,131.7,0.127,0.293,0.955,Moderate traffic flow - standard adaptive signal timing in effect
EVT442461,2025-01-01 09:24:58,Sports Fixture,J040,City Market,20189,Weekday,False,Clear,False,0.0,False,False,1.0,Severe,6.1,70.8,937.4,0.223,0.516,0.918,Heavy congestion detected - signal timing extended and reroute suggested
EVT442462,2025-04-28 17:28:06,Local Market Day,J020,Malleshwaram Circle,4883,Weekday,False,Rain,True,23.5,False,False,1.0,Severe,7.1,73.4,654.0,0.195,0.45,0.861,Heavy rain reducing visibility and grip - reduced speed and longer buffer advised
EVT442463,2026-05-23 20:33:04,Local Market Day,J011,Indiranagar 100ft Road,6130,Weekend,False,Clear,False,0.0,False,False,0.528,Moderate,24.8,40.2,183.1,0.146,0.336,0.985,Moderate traffic flow - standard adaptive signal timing in effect
EVT442464,2025-04-25 12:38:13,Concert,J030,MG Road,8938,Weekday,False,Clear,False,0.0,False,False,0.215,Low,28.6,17.3,124.0,0.096,0.221,0.967,Normal free-flow traffic - standard signal timing maintained
EVT442465,2025-02-18 17:13:22,Sports Fixture,J012,Koramangala Sony World,18293,Weekday,False,Clear,False,0.0,False,False,0.929,Severe,13.4,65.8,548.6,0.251,0.58,0.939,Heavy congestion detected - signal timing extended and reroute suggested
EVT442466,2025-09-18 09:34:46,Political Rally,J012,Koramangala Sony World,15716,Weekday,False,Clear,False,0.0,False,False,0.999,Severe,7.9,69.3,882.9,0.28,0.646,0.916,Heavy congestion detected - signal timing extended and reroute suggested
EVT442467,2025-07-23 10:32:39,Concert,J031,Cubbon Road,9551,Weekday,False,Clear,False,0.0,False,False,0.656,High,23.2,48.3,152.8,0.108,0.249,0.961,Moderate traffic flow - standard adaptive signal timing in effect
EVT442468,2025-05-25 19:26:34,Concert,J040,City Market,7044,Weekend,False,Rain,True,17.4,False,False,0.899,Severe,12.3,61.5,529.1,0.251,0.579,0.899,Heavy rain reducing visibility and grip - reduced speed and longer buffer advised
EVT442469,2025-02-09 18:31:45,Local Market Day,J040,City Market,5667,Weekend,False,Clear,False,0.0,False,False,0.916,Severe,9.4,61.5,452.5,0.188,0.435,0.953,Heavy congestion detected - signal timing extended and reroute suggested
EVT442470,2025-04-12 18:28:20,Political Rally,J020,Malleshwaram Circle,13755,Weekend,False,Clear,False,0.0,False,False,0.904,Severe,9.8,66.2,436.6,0.161,0.373,0.941,Heavy congestion detected - signal timing extended and reroute suggested
EVT442471,2026-04-08 08:15:16,Concert,J011,Indiranagar 100ft Road,12608,Weekday,False,Rain,True,9.9,False,False,1.0,Severe,8.3,68.0,229.3,0.081,0.187,0.869,Heavy rain reducing visibility and grip - reduced speed and longer buffer advised
EVT442472,2026-05-26 18:36:21,Local Market Day,J009,Majestic,2932,Weekday,False,Clear,False,0.0,False,False,1.0,Severe,9.5,67.4,301.5,0.123,0.284,0.913,Heavy congestion detected - signal timing extended and reroute suggested
EVT442473,2025-09-20 12:05:34,Sports Fixture,J009,Majestic,18097,Weekend,False,Heavy Rain,True,85.3,False,False,0.699,High,19.0,45.4,239.9,0.144,0.332,0.914,Heavy rain reducing visibility and grip - reduced speed and longer buffer advised
EVT442474,2025-02-07 14:22:58,Sports Fixture,J020,Malleshwaram Circle,20217,Weekday,False,Clear,False,0.0,False,False,0.298,Low,34.5,19.9,72.2,0.059,0.136,0.924,Moderate traffic flow - standard adaptive signal timing in effect
EVT442475,2025-10-28 08:31:59,Political Rally,J009,Majestic,16002,Weekday,False,Rain,True,13.9,False,False,1.0,Severe,8.7,74.4,502.8,0.195,0.451,0.871,Heavy rain reducing visibility and grip - reduced speed and longer buffer advised
EVT442476,2025-07-30 10:33:38,Sports Fixture,J011,Indiranagar 100ft Road,19311,Weekday,False,Clear,False,0.0,False,False,0.788,Severe,12.6,52.4,329.4,0.163,0.377,0.932,Heavy congestion detected - signal timing extended and reroute suggested
EVT442477,2026-05-20 06:14:30,Sports Fixture,J020,Malleshwaram Circle,13882,Weekday,False,Clear,False,0.0,False,False,0.383,Moderate,31.2,24.5,121.9,0.111,0.256,0.966,Moderate traffic flow - standard adaptive signal timing in effect
EVT442478,2025-08-07 18:53:32,Political Rally,J020,Malleshwaram Circle,13540,Weekday,False,Heavy Rain,True,45.9,False,False,1.0,Severe,8.1,71.6,600.0,0.204,0.471,0.839,Heavy rain reducing visibility and grip - reduced speed and longer buffer advised
EVT442479,2025-12-29 08:42:36,Concert,J011,Indiranagar 100ft Road,8384,Weekday,False,Light Rain,True,3.0,True,False,1.0,Severe,7.9,80.0,488.6,0.164,0.379,0.709,Accident detected nearby - reroute and reduced speed advised
EVT442480,2025-07-06 19:08:37,Trade Fair,J011,Indiranagar 100ft Road,7767,Weekend,False,Heavy Rain,True,47.8,False,False,1.0,Severe,8.1,67.4,564.3,0.209,0.484,0.885,Heavy rain reducing visibility and grip - reduced speed and longer buffer advised
EVT442481,2025-05-27 20:20:36,Local Market Day,J020,Malleshwaram Circle,4017,Weekday,False,Clear,False,0.0,False,False,0.594,High,21.7,33.9,202.9,0.142,0.329,0.954,Moderate traffic flow - standard adaptive signal timing in effect
EVT442482,2025-07-09 17:53:29,Concert,J030,MG Road,8742,Weekday,False,Clear,False,0.0,False,False,0.923,Severe,11.4,69.3,379.1,0.153,0.355,0.937,Heavy congestion detected - signal timing extended and reroute suggested
EVT442483,2025-01-17 06:45:20,Sports Fixture,J012,Koramangala Sony World,29057,Weekday,False,Clear,False,0.0,False,False,0.513,Moderate,20.1,40.6,173.0,0.12,0.277,0.943,Moderate traffic flow - standard adaptive signal timing in effect
EVT442484,2025-07-19 17:22:58,Trade Fair,J023,Basavanagudi,13116,Weekend,False,Heavy Rain,True,29.0,False,False,1.0,Severe,7.6,73.5,575.4,0.207,0.479,0.846,Heavy rain reducing visibility and grip - reduced speed and longer buffer advised
EVT442485,2025-09-02 16:08:48,Concert,J030,MG Road,11136,Weekday,False,Clear,False,0.0,False,False,0.494,Moderate,25.9,34.9,293.8,0.201,0.465,0.987,Moderate traffic flow - standard adaptive signal timing in effect
EVT442486,2025-04-23 13:55:54,Sports Fixture,J009,Majestic,57694,Weekday,False,Clear,False,0.0,False,False,0.452,Moderate,30.3,29.9,172.5,0.145,0.335,0.969,Moderate traffic flow - standard adaptive signal timing in effect
EVT442487,2025-12-27 06:43:22,Sports Fixture,J030,MG Road,27193,Weekend,False,Light Rain,True,2.1,False,False,0.574,High,21.5,43.0,160.6,0.124,0.287,0.899,Heavy rain reducing visibility and grip - reduced speed and longer buffer advised
EVT442488,2025-04-01 19:00:14,Sports Fixture,J030,MG Road,29773,Weekday,False,Rain,True,13.9,False,False,1.0,Severe,10.6,73.0,515.6,0.217,0.501,0.853,Heavy rain reducing visibility and grip - reduced speed and longer buffer advised
EVT442489,2025-10-11 20:28:40,Concert,J009,Majestic,8349,Weekend,False,Clear,False,0.0,False,False,0.593,High,25.1,40.0,234.2,0.204,0.472,0.954,Moderate traffic flow - standard adaptive signal timing in effect
EVT442490,2025-10-23 18:13:17,Sports Fixture,J011,Indiranagar 100ft Road,15024,Weekday,False,Heavy Rain,True,51.5,False,False,1.0,Severe,8.3,71.9,531.0,0.177,0.409,0.864,Heavy rain reducing visibility and grip - reduced speed and longer buffer advised
EVT442491,2026-03-20 18:38:42,Religious Festival,J011,Indiranagar 100ft Road,32035,Weekday,True,Clear,False,0.0,False,True,1.0,Severe,8.2,94.7,704.7,0.247,0.57,0.824,Road closure for event/procession - full detour recommended for through-traffic
EVT442492,2026-01-08 18:44:13,Concert,J040,City Market,12068,Weekday,False,Fog,False,0.0,True,False,1.0,Severe,9.1,69.7,555.1,0.217,0.501,0.716,Accident detected nearby - reroute and reduced speed advised
EVT442493,2025-07-22 18:53:33,Local Market Day,J023,Basavanagudi,4529,Weekday,False,Rain,True,23.0,False,False,1.0,Severe,8.3,65.6,634.1,0.209,0.484,0.888,Heavy rain reducing visibility and grip - reduced speed and longer buffer advised
EVT442494,2026-04-10 20:53:02,Sports Fixture,J023,Basavanagudi,17978,Weekday,False,Fog,False,0.0,False,False,0.474,Moderate,26.1,31.5,268.6,0.185,0.428,0.937,Moderate traffic flow - standard adaptive signal timing in effect
EVT442495,2025-07-31 16:31:34,Concert,J030,MG Road,13523,Weekday,False,Rain,True,17.2,False,False,0.785,Severe,16.2,56.4,431.7,0.256,0.59,0.903,Heavy rain reducing visibility and grip - reduced speed and longer buffer advised
EVT442496,2026-04-01 22:58:38,Concert,J030,MG Road,14884,Weekday,False,Clear,False,0.0,False,False,0.233,Low,34.7,15.1,147.1,0.145,0.336,0.967,Normal free-flow traffic - standard signal timing maintained
EVT442497,2025-11-10 07:24:44,Sports Fixture,J023,Basavanagudi,30569,Weekday,False,Clear,False,0.0,False,False,0.643,High,21.7,50.0,177.1,0.122,0.282,0.972,Moderate traffic flow - standard adaptive signal timing in effect
EVT442498,2025-05-10 09:12:22,Local Market Day,J012,Koramangala Sony World,4488,Weekend,False,Clear,False,0.0,False,False,0.826,Severe,13.2,59.4,361.1,0.178,0.411,0.939,Heavy congestion detected - signal timing extended and reroute suggested
EVT442499,2025-12-07 15:24:31,Local Market Day,J031,Cubbon Road,2631,Weekend,False,Clear,False,0.0,False,False,0.359,Moderate,31.2,23.1,193.1,0.175,0.403,0.984,Moderate traffic flow - standard adaptive signal timing in effect
EVT442500,2026-02-21 22:41:58,Sports Fixture,J031,Cubbon Road,20170,Weekend,False,Clear,False,0.0,False,False,0.337,Low,24.7,26.1,188.7,0.131,0.303,0.967,Moderate traffic flow - standard adaptive signal timing in effect
EVT442501,2026-01-25 13:28:16,Local Market Day,J011,Indiranagar 100ft Road,2540,Weekend,False,Clear,False,0.0,False,False,0.263,Low,30.1,15.3,126.0,0.112,0.26,0.962,Moderate traffic flow - standard adaptive signal timing in effect
EVT442502,2025-07-03 15:24:33,Political Rally,J040,City Market,17413,Weekday,False,Rain,True,17.9,False,False,0.578,High,22.8,40.6,241.4,0.149,0.345,0.94,Heavy rain reducing visibility and grip - reduced speed and longer buffer advised
EVT442503,2026-04-05 17:11:51,Concert,J030,MG Road,13563,Weekend,False,Clear,False,0.0,False,False,0.782,Severe,13.7,60.7,227.9,0.113,0.26,0.98,Heavy congestion detected - signal timing extended and reroute suggested
EVT442504,2025-04-20 10:47:47,Concert,J030,MG Road,14123,Weekend,False,Fog,False,0.0,False,False,0.587,High,23.9,41.3,169.8,0.121,0.281,0.954,Moderate traffic flow - standard adaptive signal timing in effect
EVT442505,2025-04-16 08:08:49,Sports Fixture,J023,Basavanagudi,35793,Weekday,False,Clear,False,0.0,False,False,1.0,Severe,10.1,65.4,266.7,0.113,0.261,0.941,Heavy congestion detected - signal timing extended and reroute suggested
EVT442506,2025-12-08 08:52:22,Local Market Day,J030,MG Road,3366,Weekday,False,Clear,False,0.0,False,False,1.0,Severe,10.1,71.3,536.6,0.214,0.493,0.892,Heavy congestion detected - signal timing extended and reroute suggested
EVT442507,2026-04-02 11:39:19,Sports Fixture,J023,Basavanagudi,22874,Weekday,False,Clear,False,0.0,False,False,0.411,Moderate,26.3,31.7,119.8,0.089,0.206,0.952,Moderate traffic flow - standard adaptive signal timing in effect
EVT442508,2025-02-01 08:09:12,Political Rally,J030,MG Road,9222,Weekend,False,Fog,False,0.0,False,False,0.818,Severe,15.8,62.2,391.4,0.205,0.474,0.945,Heavy congestion detected - signal timing extended and reroute suggested
EVT442509,2025-10-04 09:25:20,Political Rally,J031,Cubbon Road,17304,Weekend,False,Clear,False,0.0,False,False,0.87,Severe,13.1,65.5,507.7,0.236,0.545,0.935,Heavy congestion detected - signal timing extended and reroute suggested
EVT442510,2025-10-16 06:48:50,Sports Fixture,J011,Indiranagar 100ft Road,22122,Weekday,False,Clear,False,0.0,False,False,0.545,Moderate,18.5,38.3,151.3,0.072,0.166,0.965,Moderate traffic flow - standard adaptive signal timing in effect
EVT442511,2025-04-27 09:56:25,Sports Fixture,J030,MG Road,24532,Weekend,False,Clear,False,0.0,False,False,0.748,High,14.9,49.7,289.8,0.152,0.351,0.962,Moderate traffic flow - standard adaptive signal timing in effect
EVT442512,2026-01-05 14:27:40,Sports Fixture,J009,Majestic,29712,Weekday,False,Clear,False,0.0,False,False,0.325,Low,33.2,25.0,145.2,0.141,0.326,0.952,Moderate traffic flow - standard adaptive signal timing in effect
EVT442513,2026-01-04 12:57:45,Concert,J011,Indiranagar 100ft Road,11099,Weekend,False,Clear,False,0.0,False,False,0.34,Low,28.0,26.5,195.6,0.153,0.355,0.97,Moderate traffic flow - standard adaptive signal timing in effect
EVT442514,2026-01-20 12:34:04,Sports Fixture,J030,MG Road,16021,Weekday,False,Clear,False,0.0,False,False,0.265,Low,28.7,12.1,217.9,0.183,0.422,0.971,Moderate traffic flow - standard adaptive signal timing in effect
EVT442515,2025-07-13 11:02:10,Trade Fair,J020,Malleshwaram Circle,12502,Weekend,False,Rain,True,20.4,False,False,0.708,High,17.4,46.6,198.6,0.125,0.288,0.926,Heavy rain reducing visibility and grip - reduced speed and longer buffer advised
EVT442516,2025-03-13 12:47:50,Local Market Day,J031,Cubbon Road,3901,Weekday,False,Clear,False,0.0,False,False,0.166,Low,35.9,7.6,139.7,0.117,0.271,0.958,Normal free-flow traffic - standard signal timing maintained
EVT442517,2026-01-15 07:07:22,Religious Festival,J020,Malleshwaram Circle,30920,Weekday,True,Clear,False,0.0,False,False,0.9,Severe,13.0,62.2,531.4,0.275,0.636,0.882,Festival crowd surge detected - alternate route and extended cycle recommended
EVT442518,2026-06-18 16:20:53,Local Market Day,J023,Basavanagudi,5663,Weekday,False,Clear,False,0.0,False,False,0.46,Moderate,24.2,30.4,138.0,0.083,0.193,0.988,Moderate traffic flow - standard adaptive signal timing in effect
EVT442519,2025-02-27 06:38:21,Local Market Day,J012,Koramangala Sony World,2763,Weekday,False,Clear,False,0.0,False,False,0.393,Moderate,23.1,32.8,357.7,0.234,0.54,0.969,Moderate traffic flow - standard adaptive signal timing in effect
EVT442520,2026-06-15 19:12:32,Political Rally,J012,Koramangala Sony World,14108,Weekday,False,Clear,False,0.0,False,False,0.931,Severe,8.3,62.1,780.6,0.274,0.633,0.911,Heavy congestion detected - signal timing extended and reroute suggested
EVT442521,2025-09-23 09:13:39,Local Market Day,J009,Majestic,4707,Weekday,False,Clear,False,0.0,False,False,0.963,Severe,10.4,69.0,745.9,0.287,0.662,0.964,Heavy congestion detected - signal timing extended and reroute suggested
EVT442522,2026-04-25 13:01:30,Concert,J012,Koramangala Sony World,9900,Weekend,False,Clear,False,0.0,False,False,0.214,Low,34.9,17.7,187.7,0.155,0.357,0.961,Normal free-flow traffic - standard signal timing maintained
EVT442523,2025-07-06 19:06:07,Local Market Day,J023,Basavanagudi,3403,Weekend,False,Light Rain,True,4.0,False,False,0.871,Severe,12.1,66.3,531.6,0.263,0.608,0.887,Heavy rain reducing visibility and grip - reduced speed and longer buffer advised
EVT442524,2026-02-18 19:29:45,Sports Fixture,J012,Koramangala Sony World,22939,Weekday,False,Clear,False,0.0,False,False,1.0,Severe,9.0,73.7,590.6,0.214,0.495,0.881,Heavy congestion detected - signal timing extended and reroute suggested
EVT442525,2025-04-05 08:58:47,Local Market Day,J040,City Market,5857,Weekend,False,Clear,False,0.0,False,False,0.918,Severe,9.3,61.1,500.0,0.188,0.434,0.929,Heavy congestion detected - signal timing extended and reroute suggested
EVT442526,2025-05-16 06:28:42,Political Rally,J023,Basavanagudi,9639,Weekday,False,Clear,False,0.0,False,False,0.288,Low,35.3,14.8,76.6,0.072,0.167,0.976,Moderate traffic flow - standard adaptive signal timing in effect
EVT442527,2025-04-30 09:52:11,Concert,J009,Majestic,9899,Weekday,False,Clear,False,0.0,False,False,0.804,Severe,11.5,60.4,371.0,0.156,0.36,0.95,Heavy congestion detected - signal timing extended and reroute suggested
EVT442528,2026-02-19 07:03:55,Sports Fixture,J020,Malleshwaram Circle,18612,Weekday,False,Clear,False,0.0,False,False,0.654,High,18.4,45.1,292.2,0.168,0.388,0.938,Moderate traffic flow - standard adaptive signal timing in effect
EVT442529,2025-10-20 16:48:59,Cultural Procession,J031,Cubbon Road,24644,Weekday,True,Heavy Rain,True,28.4,False,False,1.0,Severe,8.7,76.3,541.5,0.203,0.469,0.835,Festival crowd surge detected - alternate route and extended cycle recommended
EVT442530,2026-03-17 11:32:39,Concert,J040,City Market,7345,Weekday,False,Fog,False,0.0,False,False,0.234,Low,29.2,15.4,136.8,0.111,0.257,0.973,Normal free-flow traffic - standard signal timing maintained
EVT442531,2025-02-07 06:33:35,Concert,J023,Basavanagudi,16381,Weekday,False,Clear,False,0.0,False,False,0.432,Moderate,20.2,33.6,302.8,0.172,0.398,0.961,Moderate traffic flow - standard adaptive signal timing in effect
EVT442532,2025-10-15 12:16:31,Concert,J040,City Market,12559,Weekday,False,Rain,True,22.2,False,False,0.45,Moderate,24.3,33.6,182.4,0.133,0.308,0.889,Light rain detected - minor speed reduction advised
EVT442533,2025-12-28 20:13:59,Concert,J030,MG Road,15017,Weekend,False,Clear,False,0.0,False,False,0.727,High,18.6,51.9,181.7,0.114,0.264,0.949,Moderate traffic flow - standard adaptive signal timing in effect
EVT442534,2025-07-16 22:10:59,Local Market Day,J030,MG Road,2049,Weekday,False,Heavy Rain,True,37.9,False,False,0.562,High,24.0,38.1,168.2,0.095,0.218,0.92,Heavy rain reducing visibility and grip - reduced speed and longer buffer advised
EVT442535,2025-08-01 20:07:24,Trade Fair,J030,MG Road,8253,Weekday,False,Heavy Rain,True,55.1,True,False,1.0,Severe,9.3,74.5,622.4,0.223,0.514,0.72,Accident detected nearby - reroute and reduced speed advised
EVT442536,2025-12-18 21:49:24,Concert,J009,Majestic,11154,Weekday,False,Clear,False,0.0,False,False,0.339,Low,28.5,27.2,92.4,0.048,0.112,0.973,Moderate traffic flow - standard adaptive signal timing in effect
EVT442537,2026-03-15 21:01:09,Local Market Day,J020,Malleshwaram Circle,2790,Weekend,False,Fog,False,0.0,False,False,0.389,Moderate,19.6,26.0,315.7,0.16,0.369,0.948,Moderate traffic flow - standard adaptive signal timing in effect
EVT442538,2026-02-04 11:11:36,Local Market Day,J011,Indiranagar 100ft Road,4058,Weekday,False,Clear,False,0.0,False,False,0.365,Moderate,29.2,31.4,82.1,0.06,0.139,0.941,Moderate traffic flow - standard adaptive signal timing in effect
EVT442539,2025-03-17 19:09:15,Local Market Day,J023,Basavanagudi,4930,Weekday,False,Fog,False,0.0,False,False,0.937,Severe,10.6,62.7,499.1,0.186,0.431,0.931,Heavy congestion detected - signal timing extended and reroute suggested
EVT442540,2026-06-03 14:56:24,Trade Fair,J020,Malleshwaram Circle,12190,Weekday,False,Heavy Rain,True,29.4,False,False,0.602,High,21.1,44.9,268.7,0.179,0.414,0.902,Heavy rain reducing visibility and grip - reduced speed and longer buffer advised
EVT442541,2025-10-01 20:33:25,Sports Fixture,J040,City Market,24347,Weekday,False,Clear,False,0.0,False,False,0.705,High,22.0,47.0,228.1,0.153,0.354,0.959,Moderate traffic flow - standard adaptive signal timing in effect
EVT442542,2025-07-28 07:28:16,Local Market Day,J030,MG Road,6371,Weekday,False,Heavy Rain,True,32.1,False,False,0.939,Severe,8.3,69.4,194.0,0.079,0.183,0.885,Heavy rain reducing visibility and grip - reduced speed and longer buffer advised
EVT442543,2025-11-14 18:26:17,Trade Fair,J030,MG Road,9846,Weekday,False,Clear,False,0.0,False,False,1.0,Severe,8.8,67.0,401.8,0.128,0.296,0.898,Heavy congestion detected - signal timing extended and reroute suggested
EVT442544,2026-04-09 17:59:15,Sports Fixture,J012,Koramangala Sony World,22519,Weekday,False,Clear,False,0.0,False,False,1.0,Severe,7.5,70.0,583.2,0.202,0.466,0.899,Heavy congestion detected - signal timing extended and reroute suggested
EVT442545,2026-04-16 12:30:07,Sports Fixture,J023,Basavanagudi,13823,Weekday,False,Clear,False,0.0,False,False,0.218,Low,30.4,10.6,202.0,0.169,0.391,0.978,Normal free-flow traffic - standard signal timing maintained
EVT442546,2025-08-09 06:33:06,Concert,J009,Majestic,9114,Weekend,False,Heavy Rain,True,87.8,False,False,0.756,Severe,14.5,61.2,414.2,0.209,0.482,0.932,Heavy rain reducing visibility and grip - reduced speed and longer buffer advised
EVT442547,2025-02-12 08:31:05,Trade Fair,J023,Basavanagudi,18077,Weekday,False,Clear,False,0.0,False,False,1.0,Severe,8.4,72.7,211.6,0.102,0.235,0.905,Heavy congestion detected - signal timing extended and reroute suggested
EVT442548,2026-01-14 07:28:55,Cultural Procession,J012,Koramangala Sony World,20060,Weekday,True,Clear,False,0.0,False,False,0.895,Severe,12.2,63.6,506.0,0.245,0.566,0.907,Festival crowd surge detected - alternate route and extended cycle recommended
EVT442549,2025-09-15 12:45:26,Trade Fair,J012,Koramangala Sony World,7276,Weekday,False,Clear,False,0.0,False,False,0.26,Low,27.3,21.1,151.6,0.121,0.28,0.951,Moderate traffic flow - standard adaptive signal timing in effect
EVT442550,2026-02-04 18:41:05,Local Market Day,J030,MG Road,2171,Weekday,False,Clear,False,0.0,False,False,1.0,Severe,8.5,72.0,443.4,0.144,0.332,0.922,Heavy congestion detected - signal timing extended and reroute suggested
EVT442551,2025-02-09 07:07:00,Local Market Day,J040,City Market,3835,Weekend,False,Clear,False,0.0,False,False,0.489,Moderate,21.8,37.7,313.4,0.197,0.456,0.961,Moderate traffic flow - standard adaptive signal timing in effect
EVT442552,2025-04-20 08:33:33,Concert,J020,Malleshwaram Circle,14450,Weekend,False,Clear,False,0.0,False,False,0.882,Severe,10.8,63.2,814.2,0.355,0.82,0.964,Heavy congestion detected - signal timing extended and reroute suggested
EVT442553,2025-10-17 11:33:37,Sports Fixture,J012,Koramangala Sony World,29863,Weekday,False,Clear,False,0.0,False,False,0.503,Moderate,19.0,36.1,265.1,0.157,0.362,0.975,Moderate traffic flow - standard adaptive signal timing in effect
EVT442554,2025-12-07 16:04:33,Trade Fair,J023,Basavanagudi,4392,Weekend,False,Clear,False,0.0,False,False,0.455,Moderate,27.6,32.4,206.7,0.173,0.399,0.976,Moderate traffic flow - standard adaptive signal timing in effect
EVT442555,2026-05-30 12:09:40,Local Market Day,J030,MG Road,6778,Weekend,False,Clear,False,0.0,False,False,0.297,Low,29.2,23.2,94.5,0.071,0.163,0.99,Moderate traffic flow - standard adaptive signal timing in effect
EVT442556,2025-01-02 11:40:20,Political Rally,J040,City Market,13407,Weekday,False,Clear,False,0.0,False,False,0.282,Low,34.6,14.5,144.8,0.131,0.302,0.988,Moderate traffic flow - standard adaptive signal timing in effect
EVT442557,2026-04-15 12:32:21,Fireworks Display,J023,Basavanagudi,13238,Weekday,True,Clear,False,0.0,False,False,0.463,Moderate,26.5,33.4,74.2,0.063,0.146,0.93,Moderate traffic flow - standard adaptive signal timing in effect
EVT442558,2026-02-03 17:51:06,Concert,J031,Cubbon Road,7642,Weekday,False,Clear,False,0.0,False,False,1.0,Severe,9.4,75.6,376.1,0.156,0.361,0.911,Heavy congestion detected - signal timing extended and reroute suggested
EVT442559,2025-10-14 18:48:33,Concert,J031,Cubbon Road,17524,Weekday,False,Rain,True,20.4,False,False,1.0,Severe,7.5,76.4,667.4,0.212,0.489,0.867,Heavy rain reducing visibility and grip - reduced speed and longer buffer advised
EVT442560,2025-07-22 05:58:53,Concert,J040,City Market,11822,Weekday,False,Clear,False,0.0,False,False,0.346,Low,33.1,22.8,105.1,0.098,0.227,0.945,Moderate traffic flow - standard adaptive signal timing in effect
EVT442561,2025-04-04 06:16:02,Local Market Day,J030,MG Road,3228,Weekday,False,Light Rain,True,1.5,False,False,0.39,Moderate,31.5,31.1,74.9,0.071,0.163,0.926,Light rain detected - minor speed reduction advised
EVT442562,2026-05-25 17:13:20,Concert,J012,Koramangala Sony World,9158,Weekday,False,Rain,True,11.5,False,False,1.0,Severe,7.4,69.9,671.7,0.209,0.482,0.863,Heavy rain reducing visibility and grip - reduced speed and longer buffer advised
EVT442563,2026-03-29 21:01:03,Local Market Day,J020,Malleshwaram Circle,9621,Weekend,False,Clear,False,0.0,False,False,0.588,High,19.3,41.7,279.7,0.168,0.388,0.955,Moderate traffic flow - standard adaptive signal timing in effect
EVT442564,2025-12-13 17:32:03,Sports Fixture,J012,Koramangala Sony World,42620,Weekend,False,Clear,False,0.0,False,False,0.955,Severe,9.3,67.9,489.7,0.172,0.396,0.92,Heavy congestion detected - signal timing extended and reroute suggested
EVT442565,2025-11-07 19:37:24,Local Market Day,J020,Malleshwaram Circle,3295,Weekday,False,Clear,False,0.0,False,False,0.958,Severe,11.9,71.0,279.9,0.128,0.295,0.913,Heavy congestion detected - signal timing extended and reroute suggested
EVT442566,2025-07-24 17:01:34,Local Market Day,J009,Majestic,3329,Weekday,False,Heavy Rain,True,61.5,False,False,1.0,Severe,7.3,69.2,754.1,0.229,0.529,0.878,Heavy rain reducing visibility and grip - reduced speed and longer buffer advised
EVT442567,2026-01-14 09:40:08,Religious Festival,J020,Malleshwaram Circle,35180,Weekday,True,Clear,False,0.0,False,True,1.0,Severe,7.9,98.6,267.4,0.084,0.195,0.855,Road closure for event/procession - full detour recommended for through-traffic
EVT442568,2026-05-27 14:10:52,Concert,J011,Indiranagar 100ft Road,9719,Weekday,False,Rain,True,7.8,False,False,0.404,Moderate,25.3,25.7,151.4,0.127,0.294,0.945,Light rain detected - minor speed reduction advised
EVT442569,2025-05-03 05:19:31,Local Market Day,J031,Cubbon Road,2038,Weekend,False,Clear,False,0.0,False,False,0.241,Low,36.4,19.4,78.8,0.085,0.196,0.969,Normal free-flow traffic - standard signal timing maintained
EVT442570,2025-07-28 17:54:08,Local Market Day,J011,Indiranagar 100ft Road,4080,Weekday,False,Clear,False,0.0,False,False,0.971,Severe,9.5,68.4,532.3,0.203,0.469,0.902,Heavy congestion detected - signal timing extended and reroute suggested
EVT442571,2025-12-13 21:19:13,Local Market Day,J020,Malleshwaram Circle,3491,Weekend,False,Light Rain,True,5.9,False,False,0.426,Moderate,28.1,33.1,319.2,0.251,0.58,0.882,Light rain detected - minor speed reduction advised
EVT442572,2025-01-09 18:52:21,Local Market Day,J030,MG Road,2615,Weekday,False,Fog,False,0.0,False,False,0.96,Severe,9.5,66.3,665.4,0.224,0.518,0.921,Heavy congestion detected - signal timing extended and reroute suggested
EVT442573,2025-03-09 09:07:22,Sports Fixture,J040,City Market,23474,Weekend,False,Clear,False,0.0,False,False,0.87,Severe,9.6,62.0,575.1,0.22,0.507,0.924,Heavy congestion detected - signal timing extended and reroute suggested
EVT442574,2025-02-20 16:41:42,Political Rally,J023,Basavanagudi,19389,Weekday,False,Clear,False,0.0,False,False,0.701,High,16.0,46.0,317.1,0.173,0.399,0.956,Moderate traffic flow - standard adaptive signal timing in effect
EVT442575,2025-10-03 18:34:44,Cultural Procession,J020,Malleshwaram Circle,24578,Weekday,True,Rain,True,8.1,False,True,1.0,Severe,7.7,99.9,417.6,0.148,0.341,0.796,Road closure for event/procession - full detour recommended for through-traffic
EVT442576,2025-09-02 09:17:03,Local Market Day,J023,Basavanagudi,4299,Weekday,False,Clear,False,0.0,False,False,0.954,Severe,8.2,66.8,371.8,0.142,0.329,0.933,Heavy congestion detected - signal timing extended and reroute suggested
EVT442577,2025-08-25 16:29:43,Concert,J031,Cubbon Road,20544,Weekday,False,Rain,True,11.3,False,False,0.856,Severe,14.2,65.2,451.6,0.237,0.547,0.883,Heavy rain reducing visibility and grip - reduced speed and longer buffer advised
EVT442578,2025-12-04 11:10:33,Concert,J011,Indiranagar 100ft Road,9967,Weekday,False,Clear,False,0.0,False,False,0.411,Moderate,28.5,29.4,69.1,0.035,0.08,0.99,Moderate traffic flow - standard adaptive signal timing in effect
EVT442579,2026-05-18 12:26:31,Sports Fixture,J030,MG Road,36663,Weekday,False,Clear,False,0.0,False,False,0.409,Moderate,28.0,24.8,171.3,0.131,0.303,0.989,Moderate traffic flow - standard adaptive signal timing in effect
EVT442580,2025-01-03 11:57:27,Sports Fixture,J023,Basavanagudi,18086,Weekday,False,Clear,False,0.0,False,False,0.4,Moderate,30.1,26.7,196.2,0.158,0.366,0.978,Moderate traffic flow - standard adaptive signal timing in effect
EVT442581,2025-01-11 13:36:59,Political Rally,J030,MG Road,19184,Weekend,False,Clear,False,0.0,False,False,0.343,Low,26.9,28.4,95.1,0.061,0.142,0.934,Moderate traffic flow - standard adaptive signal timing in effect
EVT442582,2025-02-08 07:47:52,Local Market Day,J011,Indiranagar 100ft Road,2875,Weekend,False,Clear,False,0.0,False,False,0.552,High,23.0,38.0,189.0,0.121,0.279,0.961,Moderate traffic flow - standard adaptive signal timing in effect
EVT442583,2025-05-13 08:45:29,Local Market Day,J020,Malleshwaram Circle,3486,Weekday,False,Clear,False,0.0,False,False,1.0,Severe,9.9,70.0,404.7,0.156,0.359,0.931,Heavy congestion detected - signal timing extended and reroute suggested
EVT442584,2025-04-02 17:20:09,Trade Fair,J023,Basavanagudi,5536,Weekday,False,Clear,False,0.0,False,False,0.85,Severe,14.1,59.6,420.9,0.208,0.48,0.963,Heavy congestion detected - signal timing extended and reroute suggested
EVT442585,2026-01-05 03:03:56,Local Market Day,J023,Basavanagudi,3120,Weekday,False,Clear,False,0.0,False,False,0.196,Low,37.7,10.3,128.0,0.127,0.293,0.962,Normal free-flow traffic - standard signal timing maintained
EVT442586,2025-01-07 17:51:51,Political Rally,J009,Majestic,11424,Weekday,False,Clear,False,0.0,False,False,1.0,Severe,10.5,72.1,210.4,0.076,0.175,0.905,Heavy congestion detected - signal timing extended and reroute suggested
EVT442587,2026-01-13 09:51:13,Concert,J020,Malleshwaram Circle,7803,Weekday,False,Clear,False,0.0,False,False,0.926,Severe,10.9,65.9,517.8,0.215,0.498,0.905,Heavy congestion detected - signal timing extended and reroute suggested
EVT442588,2025-02-22 20:15:40,Concert,J030,MG Road,12436,Weekend,False,Clear,False,0.0,False,False,0.577,High,22.7,37.5,233.6,0.181,0.417,0.966,Moderate traffic flow - standard adaptive signal timing in effect
EVT442589,2025-01-05 10:09:35,Concert,J012,Koramangala Sony World,7761,Weekend,False,Clear,False,0.0,False,False,0.699,High,18.8,48.2,233.8,0.163,0.376,0.954,Moderate traffic flow - standard adaptive signal timing in effect
EVT442590,2025-10-17 09:47:14,Local Market Day,J040,City Market,1967,Weekday,False,Clear,False,0.0,False,False,0.801,Severe,15.7,64.2,315.0,0.177,0.408,0.976,Heavy congestion detected - signal timing extended and reroute suggested
EVT442591,2026-02-12 08:20:07,Political Rally,J023,Basavanagudi,27144,Weekday,False,Clear,False,0.0,False,False,1.0,Severe,7.2,72.1,926.2,0.292,0.673,0.942,Heavy congestion detected - signal timing extended and reroute suggested
EVT442592,2025-09-04 14:28:33,Trade Fair,J023,Basavanagudi,5316,Weekday,False,Rain,True,16.9,False,False,0.415,Moderate,24.0,27.0,207.8,0.146,0.338,0.886,Light rain detected - minor speed reduction advised
EVT442593,2026-02-21 18:18:30,Local Market Day,J012,Koramangala Sony World,3977,Weekend,False,Clear,False,0.0,False,False,0.923,Severe,10.3,64.3,327.6,0.12,0.278,0.934,Heavy congestion detected - signal timing extended and reroute suggested
EVT442594,2025-08-21 18:51:51,Local Market Day,J031,Cubbon Road,3756,Weekday,False,Clear,False,0.0,False,False,1.0,Severe,8.4,73.3,682.8,0.225,0.52,0.899,Heavy congestion detected - signal timing extended and reroute suggested
EVT442595,2025-08-02 15:51:56,Local Market Day,J040,City Market,3338,Weekend,False,Clear,False,0.0,False,False,0.371,Moderate,29.1,28.8,161.2,0.144,0.332,0.957,Moderate traffic flow - standard adaptive signal timing in effect
EVT442596,2025-01-12 15:47:18,Political Rally,J012,Koramangala Sony World,15306,Weekend,False,Clear,False,0.0,False,False,0.358,Moderate,26.2,27.6,237.9,0.158,0.365,0.977,Moderate traffic flow - standard adaptive signal timing in effect
EVT442597,2026-06-07 15:32:28,Sports Fixture,J040,City Market,23726,Weekend,False,Clear,False,0.0,False,False,0.518,Moderate,24.8,40.8,160.7,0.1,0.231,0.958,Moderate traffic flow - standard adaptive signal timing in effect
EVT442598,2025-03-17 17:23:55,Sports Fixture,J040,City Market,28899,Weekday,False,Fog,False,0.0,False,False,1.0,Severe,8.1,69.7,786.3,0.261,0.603,0.933,Heavy congestion detected - signal timing extended and reroute suggested
EVT442599,2026-04-07 12:31:48,Concert,J012,Koramangala Sony World,12027,Weekday,False,Clear,False,0.0,False,False,0.296,Low,33.3,14.6,212.4,0.192,0.443,0.971,Moderate traffic flow - standard adaptive signal timing in effect
EVT442600,2025-03-16 08:46:41,Concert,J023,Basavanagudi,19238,Weekend,False,Clear,False,0.0,False,False,0.943,Severe,9.1,75.7,315.4,0.132,0.306,0.928,Heavy congestion detected - signal timing extended and reroute suggested
EVT442601,2025-08-22 19:45:25,Sports Fixture,J031,Cubbon Road,31484,Weekday,False,Heavy Rain,True,36.0,False,False,1.0,Severe,9.1,72.0,486.5,0.202,0.466,0.859,Heavy rain reducing visibility and grip - reduced speed and longer buffer advised
EVT442602,2025-09-14 12:07:59,Concert,J031,Cubbon Road,8708,Weekend,False,Clear,False,0.0,False,False,0.321,Low,32.9,23.9,144.0,0.144,0.332,0.967,Moderate traffic flow - standard adaptive signal timing in effect
EVT442603,2025-10-28 15:42:28,Sports Fixture,J040,City Market,20406,Weekday,False,Fog,False,0.0,False,False,0.45,Moderate,24.5,28.1,215.5,0.135,0.312,0.959,Moderate traffic flow - standard adaptive signal timing in effect
EVT442604,2025-12-22 17:26:14,Concert,J040,City Market,22142,Weekday,False,Clear,False,0.0,False,False,0.948,Severe,9.6,63.2,530.7,0.193,0.446,0.924,Heavy congestion detected - signal timing extended and reroute suggested
EVT442605,2025-12-31 11:13:51,Concert,J031,Cubbon Road,11094,Weekday,False,Clear,False,0.0,False,False,0.425,Moderate,24.4,30.0,114.0,0.08,0.184,0.942,Moderate traffic flow - standard adaptive signal timing in effect
EVT442606,2025-11-27 20:02:34,Trade Fair,J023,Basavanagudi,7136,Weekday,False,Clear,False,0.0,False,False,0.729,High,17.3,55.2,327.2,0.205,0.474,0.932,Moderate traffic flow - standard adaptive signal timing in effect
EVT442607,2025-04-05 13:40:40,Trade Fair,J031,Cubbon Road,12257,Weekend,False,Clear,False,0.0,False,False,0.274,Low,27.6,21.2,211.0,0.131,0.303,0.972,Moderate traffic flow - standard adaptive signal timing in effect
EVT442608,2025-06-16 20:55:58,Trade Fair,J020,Malleshwaram Circle,6087,Weekday,False,Heavy Rain,True,29.5,False,False,0.786,Severe,14.8,56.8,250.7,0.146,0.337,0.912,Heavy rain reducing visibility and grip - reduced speed and longer buffer advised
EVT442609,2026-05-19 07:55:13,Sports Fixture,J020,Malleshwaram Circle,18699,Weekday,False,Clear,False,0.0,False,False,0.916,Severe,10.7,67.2,245.8,0.106,0.245,0.933,Heavy congestion detected - signal timing extended and reroute suggested
EVT442610,2026-03-28 08:27:45,Concert,J020,Malleshwaram Circle,11709,Weekend,False,Rain,True,10.4,False,False,0.985,Severe,8.9,62.5,715.1,0.241,0.556,0.848,Heavy rain reducing visibility and grip - reduced speed and longer buffer advised
EVT442611,2025-10-05 09:48:21,Concert,J023,Basavanagudi,17553,Weekend,False,Clear,False,0.0,False,False,0.835,Severe,15.4,58.6,341.1,0.17,0.394,0.963,Heavy congestion detected - signal timing extended and reroute suggested
EVT442612,2026-06-09 12:58:15,Local Market Day,J023,Basavanagudi,6120,Weekday,False,Light Rain,True,4.0,False,False,0.249,Low,29.2,14.6,129.8,0.09,0.209,0.915,Light rain detected - minor speed reduction advised
EVT442613,2026-03-13 17:51:44,Trade Fair,J030,MG Road,24997,Weekday,False,Clear,False,0.0,False,False,1.0,Severe,9.1,70.1,342.7,0.119,0.275,0.922,Heavy congestion detected - signal timing extended and reroute suggested
EVT442614,2025-05-23 06:09:57,Trade Fair,J040,City Market,15596,Weekday,False,Clear,False,0.0,False,False,0.362,Moderate,29.4,25.0,122.8,0.093,0.215,0.987,Moderate traffic flow - standard adaptive signal timing in effect
EVT442615,2025-06-14 18:52:19,Trade Fair,J040,City Market,8564,Weekend,False,Clear,False,0.0,False,False,0.864,Severe,14.3,60.6,220.7,0.123,0.285,0.939,Heavy congestion detected - signal timing extended and reroute suggested
EVT442616,2025-12-30 09:26:02,Concert,J011,Indiranagar 100ft Road,8156,Weekday,False,Clear,False,0.0,False,False,1.0,Severe,9.6,72.8,688.4,0.259,0.598,0.935,Heavy congestion detected - signal timing extended and reroute suggested
EVT442617,2025-12-16 14:45:20,Sports Fixture,J040,City Market,14632,Weekday,False,Clear,False,0.0,False,False,0.252,Low,28.8,21.7,117.6,0.089,0.205,0.944,Moderate traffic flow - standard adaptive signal timing in effect
EVT442618,2025-09-15 19:20:38,Sports Fixture,J023,Basavanagudi,20320,Weekday,False,Clear,False,0.0,True,False,1.0,Severe,7.8,71.2,805.9,0.242,0.56,0.751,Accident detected nearby - reroute and reduced speed advised
EVT442619,2026-02-20 08:13:25,Sports Fixture,J023,Basavanagudi,30775,Weekday,False,Clear,False,0.0,False,False,1.0,Severe,8.5,70.0,731.3,0.241,0.558,0.921,Heavy congestion detected - signal timing extended and reroute suggested
EVT442620,2025-05-03 21:04:35,Local Market Day,J023,Basavanagudi,4141,Weekend,False,Clear,False,0.0,False,False,0.386,Moderate,25.5,23.0,240.8,0.189,0.436,0.937,Moderate traffic flow - standard adaptive signal timing in effect
EVT442621,2025-01-02 21:42:20,Sports Fixture,J020,Malleshwaram Circle,13676,Weekday,False,Clear,False,0.0,False,False,0.321,Low,25.4,23.8,149.9,0.103,0.239,0.958,Moderate traffic flow - standard adaptive signal timing in effect
EVT442622,2026-03-05 10:59:15,Religious Festival,J009,Majestic,19974,Weekday,True,Clear,False,0.0,False,False,0.779,Severe,14.2,55.8,468.2,0.231,0.533,0.887,Festival crowd surge detected - alternate route and extended cycle recommended
EVT442623,2025-05-03 15:34:23,Trade Fair,J030,MG Road,11343,Weekend,False,Clear,False,0.0,False,False,0.437,Moderate,21.9,27.6,101.7,0.049,0.113,0.955,Moderate traffic flow - standard adaptive signal timing in effect
EVT442624,2026-01-17 08:54:21,Local Market Day,J040,City Market,3645,Weekend,False,Clear,False,0.0,False,False,0.861,Severe,13.7,57.0,132.7,0.069,0.159,0.93,Heavy congestion detected - signal timing extended and reroute suggested
EVT442625,2025-10-06 08:26:48,Trade Fair,J040,City Market,7059,Weekday,False,Clear,False,0.0,False,False,1.0,Severe,10.0,68.1,336.5,0.144,0.332,0.888,Heavy congestion detected - signal timing extended and reroute suggested
EVT442626,2025-02-03 18:29:11,Sports Fixture,J009,Majestic,25955,Weekday,False,Clear,False,0.0,False,False,1.0,Severe,6.6,76.1,584.2,0.157,0.363,0.901,Heavy congestion detected - signal timing extended and reroute suggested
EVT442627,2026-01-29 14:24:27,Political Rally,J012,Koramangala Sony World,19033,Weekday,False,Fog,False,0.0,False,False,0.366,Moderate,29.2,21.2,140.6,0.122,0.281,0.956,Moderate traffic flow - standard adaptive signal timing in effect
EVT442628,2026-02-17 12:55:15,Political Rally,J030,MG Road,15672,Weekday,False,Clear,False,0.0,False,False,0.31,Low,28.5,17.9,108.8,0.074,0.17,0.985,Moderate traffic flow - standard adaptive signal timing in effect
EVT442629,2025-08-04 12:35:13,Local Market Day,J020,Malleshwaram Circle,4448,Weekday,False,Clear,False,0.0,False,False,0.205,Low,30.1,14.3,82.1,0.054,0.126,0.965,Normal free-flow traffic - standard signal timing maintained
EVT442630,2025-01-08 15:58:55,Political Rally,J023,Basavanagudi,17591,Weekday,False,Clear,False,0.0,False,False,0.383,Moderate,28.1,26.0,211.8,0.167,0.385,0.948,Moderate traffic flow - standard adaptive signal timing in effect
EVT442631,2026-01-22 18:10:56,Sports Fixture,J031,Cubbon Road,15741,Weekday,False,Clear,False,0.0,False,False,1.0,Severe,8.7,74.1,373.9,0.133,0.307,0.891,Heavy congestion detected - signal timing extended and reroute suggested
EVT442632,2025-04-09 14:33:16,Trade Fair,J012,Koramangala Sony World,8196,Weekday,False,Clear,False,0.0,False,False,0.281,Low,30.5,18.5,123.2,0.101,0.233,0.981,Moderate traffic flow - standard adaptive signal timing in effect
EVT442633,2025-04-17 21:23:55,Trade Fair,J012,Koramangala Sony World,16133,Weekday,False,Clear,False,0.0,False,False,0.39,Moderate,29.7,29.6,132.6,0.108,0.249,0.98,Moderate traffic flow - standard adaptive signal timing in effect
EVT442634,2025-05-26 05:45:33,Sports Fixture,J009,Majestic,21282,Weekday,False,Clear,False,0.0,True,False,0.7,High,19.4,48.7,280.6,0.182,0.421,0.821,Accident detected nearby - reroute and reduced speed advised
EVT442635,2025-05-02 19:03:30,Cultural Procession,J030,MG Road,16920,Weekday,True,Clear,False,0.0,False,True,1.0,Severe,6.5,105.5,649.3,0.191,0.441,0.829,Road closure for event/procession - full detour recommended for through-traffic
EVT442636,2025-11-18 08:46:11,Sports Fixture,J012,Koramangala Sony World,24238,Weekday,False,Clear,False,0.0,True,False,1.0,Severe,7.8,72.4,802.3,0.249,0.575,0.745,Accident detected nearby - reroute and reduced speed advised
EVT442637,2026-05-13 17:23:46,Local Market Day,J031,Cubbon Road,3580,Weekday,False,Fog,False,0.0,False,False,0.867,Severe,13.1,60.5,240.5,0.116,0.269,0.931,Heavy congestion detected - signal timing extended and reroute suggested
EVT442638,2026-06-03 06:06:22,Trade Fair,J031,Cubbon Road,4194,Weekday,False,Fog,False,0.0,False,False,0.272,Low,35.0,14.9,46.6,0.045,0.104,0.961,Moderate traffic flow - standard adaptive signal timing in effect
EVT442639,2025-02-20 18:13:43,Sports Fixture,J009,Majestic,22103,Weekday,False,Clear,False,0.0,False,False,1.0,Severe,9.2,67.7,686.0,0.246,0.568,0.905,Heavy congestion detected - signal timing extended and reroute suggested
EVT442640,2025-02-20 20:50:59,Local Market Day,J011,Indiranagar 100ft Road,6467,Weekday,False,Clear,False,0.0,False,False,0.501,Moderate,26.3,35.8,219.7,0.169,0.39,0.948,Moderate traffic flow - standard adaptive signal timing in effect
EVT442641,2025-12-26 20:12:02,Fireworks Display,J040,City Market,21414,Weekday,True,Clear,False,0.0,False,False,1.0,Severe,9.3,66.7,770.5,0.257,0.594,0.853,Festival crowd surge detected - alternate route and extended cycle recommended
EVT442642,2026-03-27 18:23:48,Cultural Procession,J031,Cubbon Road,16762,Weekday,True,Clear,False,0.0,False,True,1.0,Severe,7.5,96.0,374.0,0.132,0.304,0.82,Road closure for event/procession - full detour recommended for through-traffic
EVT442643,2025-05-27 07:26:58,Concert,J011,Indiranagar 100ft Road,18880,Weekday,False,Clear,False,0.0,False,False,0.651,High,21.7,47.8,339.1,0.228,0.528,0.948,Moderate traffic flow - standard adaptive signal timing in effect
EVT442644,2025-07-29 17:14:53,Sports Fixture,J023,Basavanagudi,20343,Weekday,False,Heavy Rain,True,52.7,False,False,1.0,Severe,8.9,75.8,646.2,0.216,0.499,0.839,Heavy rain reducing visibility and grip - reduced speed and longer buffer advised
EVT442645,2025-10-28 19:02:18,Local Market Day,J012,Koramangala Sony World,2318,Weekday,False,Clear,False,0.0,False,False,0.99,Severe,7.6,70.3,570.9,0.176,0.406,0.905,Heavy congestion detected - signal timing extended and reroute suggested
EVT442646,2025-12-07 09:33:13,Concert,J031,Cubbon Road,12647,Weekend,False,Clear,False,0.0,False,False,0.895,Severe,11.4,66.0,322.2,0.133,0.307,0.938,Heavy congestion detected - signal timing extended and reroute suggested
EVT442647,2025-02-18 08:08:50,Concert,J012,Koramangala Sony World,19028,Weekday,False,Clear,False,0.0,False,False,0.907,Severe,12.2,65.4,380.4,0.18,0.415,0.932,Heavy congestion detected - signal timing extended and reroute suggested
EVT442648,2025-10-08 13:01:01,Sports Fixture,J020,Malleshwaram Circle,37126,Weekday,False,Clear,False,0.0,False,False,0.362,Moderate,22.9,19.1,303.6,0.224,0.517,0.98,Moderate traffic flow - standard adaptive signal timing in effect
EVT442649,2025-05-30 20:50:54,Trade Fair,J009,Majestic,10284,Weekday,False,Clear,False,0.0,False,False,0.515,Moderate,26.7,35.7,208.4,0.154,0.356,0.966,Moderate traffic flow - standard adaptive signal timing in effect
EVT442650,2026-04-06 17:09:14,Trade Fair,J023,Basavanagudi,9242,Weekday,False,Clear,False,0.0,False,False,0.769,Severe,15.9,54.5,372.4,0.199,0.46,0.959,Heavy congestion detected - signal timing extended and reroute suggested
EVT442651,2026-06-23 05:09:06,Sports Fixture,J040,City Market,11931,Weekday,False,Clear,False,0.0,False,False,0.193,Low,33.8,14.0,195.0,0.173,0.4,0.974,Normal free-flow traffic - standard signal timing maintained
EVT442652,2026-04-26 18:17:55,Trade Fair,J030,MG Road,6956,Weekend,False,Clear,False,0.0,False,False,0.824,Severe,11.3,58.0,635.8,0.261,0.602,0.945,Heavy congestion detected - signal timing extended and reroute suggested
EVT442653,2025-03-10 10:33:06,Sports Fixture,J009,Majestic,18225,Weekday,False,Clear,False,0.0,False,False,0.688,High,15.0,50.0,286.4,0.149,0.344,0.971,Moderate traffic flow - standard adaptive signal timing in effect
EVT442654,2026-03-13 16:59:25,Sports Fixture,J009,Majestic,22327,Weekday,False,Clear,False,0.0,False,False,0.805,Severe,17.9,58.2,362.8,0.231,0.535,0.988,Heavy congestion detected - signal timing extended and reroute suggested
EVT442655,2025-01-22 19:15:57,Concert,J040,City Market,23405,Weekday,False,Clear,False,0.0,False,False,1.0,Severe,7.5,73.4,622.1,0.222,0.512,0.919,Heavy congestion detected - signal timing extended and reroute suggested
EVT442656,2026-01-12 12:50:10,Sports Fixture,J031,Cubbon Road,19040,Weekday,False,Clear,False,0.0,False,False,0.287,Low,26.3,12.7,122.1,0.095,0.22,0.967,Moderate traffic flow - standard adaptive signal timing in effect
EVT442657,2025-06-18 17:27:47,Local Market Day,J031,Cubbon Road,2895,Weekday,False,Clear,False,0.0,False,False,0.882,Severe,10.1,70.7,482.6,0.191,0.442,0.922,Heavy congestion detected - signal timing extended and reroute suggested
EVT442658,2026-03-28 17:07:57,Local Market Day,J023,Basavanagudi,5702,Weekend,False,Clear,False,0.0,False,False,0.673,High,16.0,52.7,219.6,0.117,0.27,0.949,Moderate traffic flow - standard adaptive signal timing in effect
EVT442659,2026-06-15 17:14:04,Concert,J020,Malleshwaram Circle,12416,Weekday,False,Rain,True,18.6,False,False,1.0,Severe,8.5,69.9,234.4,0.097,0.223,0.881,Heavy rain reducing visibility and grip - reduced speed and longer buffer advised
EVT442660,2026-04-20 08:48:28,Sports Fixture,J031,Cubbon Road,14329,Weekday,False,Clear,False,0.0,False,False,1.0,Severe,7.4,68.3,579.6,0.167,0.386,0.916,Heavy congestion detected - signal timing extended and reroute suggested
EVT442661,2025-12-11 15:32:57,Local Market Day,J009,Majestic,3131,Weekday,False,Clear,False,0.0,False,False,0.267,Low,30.1,22.5,110.3,0.071,0.163,0.969,Moderate traffic flow - standard adaptive signal timing in effect
EVT442662,2026-05-03 14:22:23,Concert,J012,Koramangala Sony World,9587,Weekend,False,Clear,False,0.0,False,False,0.302,Low,33.3,22.5,88.9,0.081,0.187,0.977,Moderate traffic flow - standard adaptive signal timing in effect
EVT442663,2026-03-28 14:58:57,Local Market Day,J009,Majestic,3083,Weekend,False,Clear,False,0.0,False,False,0.334,Low,30.4,20.1,134.7,0.11,0.254,0.955,Moderate traffic flow - standard adaptive signal timing in effect
EVT442664,2026-05-12 18:10:43,Sports Fixture,J040,City Market,20906,Weekday,False,Rain,True,23.7,False,False,1.0,Severe,8.2,72.4,457.5,0.188,0.435,0.879,Heavy rain reducing visibility and grip - reduced speed and longer buffer advised
EVT442665,2025-11-04 11:47:23,Sports Fixture,J030,MG Road,18025,Weekday,False,Fog,False,0.0,False,False,0.392,Moderate,30.7,28.5,138.5,0.125,0.289,0.958,Moderate traffic flow - standard adaptive signal timing in effect
EVT442666,2025-05-29 23:30:36,Trade Fair,J011,Indiranagar 100ft Road,8734,Weekday,False,Clear,False,0.0,False,False,0.155,Low,41.8,13.1,66.7,0.081,0.187,0.983,Normal free-flow traffic - standard signal timing maintained
EVT442667,2026-05-16 22:46:34,Sports Fixture,J009,Majestic,28408,Weekend,False,Clear,False,0.0,False,False,0.394,Moderate,24.7,27.7,175.5,0.093,0.214,0.984,Moderate traffic flow - standard adaptive signal timing in effect
EVT442668,2026-04-21 18:34:57,Trade Fair,J040,City Market,5071,Weekday,False,Clear,False,0.0,False,False,0.981,Severe,8.4,67.0,629.2,0.228,0.528,0.951,Heavy congestion detected - signal timing extended and reroute suggested
EVT442669,2026-01-07 10:41:26,Local Market Day,J030,MG Road,2985,Weekday,False,Clear,False,0.0,False,False,0.494,Moderate,22.5,36.8,87.2,0.043,0.1,0.983,Moderate traffic flow - standard adaptive signal timing in effect
EVT442670,2025-02-16 14:06:58,Local Market Day,J009,Majestic,3604,Weekend,False,Clear,False,0.0,False,False,0.25,Low,36.0,12.4,119.0,0.108,0.249,0.975,Normal free-flow traffic - standard signal timing maintained
EVT442671,2025-01-20 14:13:06,Sports Fixture,J023,Basavanagudi,21056,Weekday,False,Clear,False,0.0,False,False,0.268,Low,30.0,18.2,135.3,0.124,0.285,0.931,Moderate traffic flow - standard adaptive signal timing in effect
EVT442672,2025-09-27 08:05:46,Trade Fair,J020,Malleshwaram Circle,9611,Weekend,False,Rain,True,21.9,False,False,0.926,Severe,9.3,67.5,698.3,0.26,0.6,0.895,Heavy rain reducing visibility and grip - reduced speed and longer buffer advised
EVT442673,2025-04-16 11:05:19,Local Market Day,J040,City Market,3555,Weekday,False,Clear,False,0.0,False,False,0.46,Moderate,18.7,36.2,210.7,0.128,0.296,0.984,Moderate traffic flow - standard adaptive signal timing in effect
EVT442674,2026-05-20 07:05:47,Trade Fair,J011,Indiranagar 100ft Road,16767,Weekday,False,Light Rain,True,4.0,False,False,0.614,High,16.5,40.6,479.8,0.243,0.56,0.933,Heavy rain reducing visibility and grip - reduced speed and longer buffer advised
EVT442675,2025-01-16 08:58:44,Concert,J030,MG Road,13634,Weekday,False,Clear,False,0.0,False,False,1.0,Severe,7.5,67.8,1053.5,0.322,0.743,0.921,Heavy congestion detected - signal timing extended and reroute suggested
EVT442676,2025-08-20 22:47:17,Concert,J012,Koramangala Sony World,20058,Weekday,False,Light Rain,True,3.7,False,False,0.49,Moderate,19.6,36.3,273.6,0.158,0.366,0.906,Light rain detected - minor speed reduction advised
EVT442677,2026-01-01 09:39:27,Religious Festival,J020,Malleshwaram Circle,56821,Weekday,True,Clear,False,0.0,False,True,1.0,Severe,8.3,98.6,438.5,0.165,0.382,0.853,Road closure for event/procession - full detour recommended for through-traffic
EVT442678,2025-08-05 16:17:28,Concert,J009,Majestic,7951,Weekday,False,Clear,False,0.0,False,False,0.557,High,21.8,38.4,245.8,0.16,0.369,0.936,Moderate traffic flow - standard adaptive signal timing in effect
EVT442679,2026-04-28 03:54:06,Sports Fixture,J023,Basavanagudi,27701,Weekday,False,Fog,False,0.0,False,False,0.361,Moderate,26.9,24.2,277.5,0.206,0.476,0.97,Moderate traffic flow - standard adaptive signal timing in effect
EVT442680,2025-07-20 10:53:32,Concert,J030,MG Road,12547,Weekend,False,Clear,False,0.0,False,False,0.518,Moderate,22.8,33.1,152.1,0.109,0.251,0.955,Moderate traffic flow - standard adaptive signal timing in effect
EVT442681,2026-05-05 14:32:25,Concert,J011,Indiranagar 100ft Road,10582,Weekday,False,Clear,False,0.0,False,False,0.207,Low,37.8,14.2,94.4,0.102,0.235,0.975,Normal free-flow traffic - standard signal timing maintained
EVT442682,2025-01-03 18:00:13,Concert,J011,Indiranagar 100ft Road,13578,Weekday,False,Clear,False,0.0,False,False,1.0,Severe,9.7,67.6,547.6,0.23,0.531,0.9,Heavy congestion detected - signal timing extended and reroute suggested
EVT442683,2026-02-19 08:03:44,Trade Fair,J009,Majestic,7254,Weekday,False,Clear,False,0.0,False,False,0.907,Severe,8.2,66.9,687.1,0.21,0.485,0.928,Heavy congestion detected - signal timing extended and reroute suggested
EVT442684,2026-01-20 14:35:05,Trade Fair,J031,Cubbon Road,16103,Weekday,False,Clear,False,0.0,False,False,0.327,Low,38.3,19.4,186.7,0.187,0.432,0.969,Moderate traffic flow - standard adaptive signal timing in effect
EVT442685,2025-08-26 17:01:02,Trade Fair,J011,Indiranagar 100ft Road,12392,Weekday,False,Clear,False,0.0,False,False,0.772,Severe,14.7,55.3,399.7,0.21,0.486,0.969,Heavy congestion detected - signal timing extended and reroute suggested
EVT442686,2026-03-03 09:48:28,Sports Fixture,J031,Cubbon Road,32606,Weekday,False,Fog,False,0.0,False,False,1.0,Severe,9.8,67.4,573.7,0.244,0.564,0.9,Heavy congestion detected - signal timing extended and reroute suggested
EVT442687,2026-04-22 18:48:56,Sports Fixture,J020,Malleshwaram Circle,13220,Weekday,False,Clear,False,0.0,False,False,1.0,Severe,8.3,63.4,495.9,0.169,0.389,0.923,Heavy congestion detected - signal timing extended and reroute suggested
EVT442688,2025-04-04 14:06:26,Local Market Day,J011,Indiranagar 100ft Road,2930,Weekday,False,Rain,True,24.5,True,False,0.883,Severe,11.9,61.4,356.3,0.154,0.356,0.717,Accident detected nearby - reroute and reduced speed advised
EVT442689,2026-03-14 15:05:42,Concert,J031,Cubbon Road,11239,Weekend,False,Clear,False,0.0,False,False,0.387,Moderate,30.3,28.5,158.5,0.138,0.319,0.963,Moderate traffic flow - standard adaptive signal timing in effect
EVT442690,2026-02-19 10:56:45,Local Market Day,J020,Malleshwaram Circle,6877,Weekday,False,Clear,False,0.0,False,False,0.513,Moderate,24.2,39.3,127.5,0.076,0.176,0.955,Moderate traffic flow - standard adaptive signal timing in effect
EVT442691,2025-08-09 16:12:03,Local Market Day,J011,Indiranagar 100ft Road,5326,Weekend,False,Clear,False,0.0,False,False,0.401,Moderate,25.9,23.9,265.5,0.176,0.407,0.962,Moderate traffic flow - standard adaptive signal timing in effect
EVT442692,2025-10-06 04:40:12,Local Market Day,J031,Cubbon Road,7482,Weekday,False,Clear,False,0.0,False,False,0.175,Low,33.6,12.1,46.5,0.032,0.073,0.955,Normal free-flow traffic - standard signal timing maintained
EVT442693,2026-01-21 20:38:01,Local Market Day,J009,Majestic,3524,Weekday,False,Clear,False,0.0,False,False,0.519,Moderate,23.8,40.8,228.2,0.154,0.356,0.961,Moderate traffic flow - standard adaptive signal timing in effect
EVT442694,2025-07-08 08:52:41,Concert,J023,Basavanagudi,15165,Weekday,False,Clear,False,0.0,False,False,1.0,Severe,8.4,68.5,635.0,0.209,0.483,0.877,Heavy congestion detected - signal timing extended and reroute suggested
EVT442695,2026-03-07 21:42:57,Concert,J031,Cubbon Road,7814,Weekend,False,Clear,False,0.0,False,False,0.416,Moderate,29.9,31.1,166.6,0.124,0.287,0.972,Moderate traffic flow - standard adaptive signal timing in effect
EVT442696,2026-05-19 10:13:22,Sports Fixture,J040,City Market,18093,Weekday,False,Rain,True,9.8,False,False,0.972,Severe,11.1,68.8,458.3,0.225,0.519,0.844,Heavy rain reducing visibility and grip - reduced speed and longer buffer advised
EVT442697,2026-04-14 10:30:26,Religious Festival,J031,Cubbon Road,53685,Weekday,True,Clear,False,0.0,False,False,1.0,Severe,9.5,71.9,521.4,0.228,0.526,0.864,Festival crowd surge detected - alternate route and extended cycle recommended
EVT442698,2025-06-07 18:39:05,Trade Fair,J012,Koramangala Sony World,12018,Weekend,False,Clear,False,0.0,False,False,0.848,Severe,13.8,61.6,357.2,0.209,0.482,0.949,Heavy congestion detected - signal timing extended and reroute suggested
EVT442699,2026-04-05 16:44:58,Trade Fair,J023,Basavanagudi,11336,Weekend,False,Fog,False,0.0,False,False,0.663,High,19.2,48.1,306.1,0.191,0.442,0.954,Moderate traffic flow - standard adaptive signal timing in effect
EVT442700,2025-01-15 00:08:38,Religious Festival,J012,Koramangala Sony World,61361,Weekday,True,Clear,False,0.0,False,True,0.933,Severe,8.3,92.5,510.1,0.178,0.412,0.832,Road closure for event/procession - full detour recommended for through-traffic
EVT442701,2025-12-19 12:12:39,Sports Fixture,J009,Majestic,19017,Weekday,False,Rain,True,8.3,False,False,0.407,Moderate,29.5,23.8,115.6,0.083,0.192,0.94,Light rain detected - minor speed reduction advised
EVT442702,2026-03-24 10:54:34,Trade Fair,J030,MG Road,5228,Weekday,False,Clear,False,0.0,False,False,0.469,Moderate,27.7,35.7,202.5,0.172,0.398,0.952,Moderate traffic flow - standard adaptive signal timing in effect
EVT442703,2025-04-18 09:47:13,Concert,J040,City Market,8615,Weekday,False,Clear,False,0.0,False,False,0.868,Severe,14.0,60.6,240.5,0.109,0.251,0.91,Heavy congestion detected - signal timing extended and reroute suggested
EVT442704,2026-04-28 13:24:28,Sports Fixture,J011,Indiranagar 100ft Road,27095,Weekday,False,Clear,False,0.0,False,False,0.325,Low,27.7,24.9,154.0,0.112,0.26,0.988,Moderate traffic flow - standard adaptive signal timing in effect
EVT442705,2026-06-17 15:36:31,Local Market Day,J030,MG Road,5999,Weekday,False,Clear,False,0.0,False,False,0.333,Low,35.7,15.8,134.2,0.111,0.257,0.938,Moderate traffic flow - standard adaptive signal timing in effect
EVT442706,2025-04-22 19:33:09,Local Market Day,J040,City Market,3879,Weekday,False,Clear,False,0.0,False,False,0.838,Severe,13.5,59.1,423.2,0.184,0.425,0.945,Heavy congestion detected - signal timing extended and reroute suggested
EVT442707,2025-12-27 07:37:37,Local Market Day,J020,Malleshwaram Circle,2594,Weekend,False,Clear,False,0.0,False,False,0.541,Moderate,26.3,36.1,176.7,0.131,0.303,0.981,Moderate traffic flow - standard adaptive signal timing in effect
EVT442708,2025-07-28 13:15:05,Concert,J040,City Market,8029,Weekday,False,Rain,True,14.5,False,False,0.406,Moderate,21.4,21.5,223.0,0.13,0.3,0.934,Light rain detected - minor speed reduction advised
EVT442709,2025-06-02 08:47:06,Concert,J011,Indiranagar 100ft Road,7972,Weekday,False,Clear,False,0.0,False,False,1.0,Severe,6.9,72.2,1109.8,0.279,0.644,0.93,Heavy congestion detected - signal timing extended and reroute suggested
EVT442710,2026-01-09 09:03:35,Sports Fixture,J009,Majestic,10776,Weekday,False,Clear,False,0.0,False,False,1.0,Severe,10.2,73.2,552.9,0.215,0.496,0.92,Heavy congestion detected - signal timing extended and reroute suggested
EVT442711,2025-08-23 02:49:51,Concert,J040,City Market,14228,Weekend,False,Clear,False,0.0,False,False,0.328,Low,30.7,25.4,86.4,0.059,0.137,0.985,Moderate traffic flow - standard adaptive signal timing in effect
EVT442712,2025-08-24 11:46:15,Sports Fixture,J020,Malleshwaram Circle,19775,Weekend,False,Clear,False,0.0,False,False,0.387,Moderate,37.6,34.5,178.8,0.189,0.437,0.971,Moderate traffic flow - standard adaptive signal timing in effect
EVT442713,2025-11-27 18:05:44,Trade Fair,J023,Basavanagudi,10741,Weekday,False,Clear,False,0.0,False,False,1.0,Severe,7.9,69.1,790.4,0.255,0.588,0.931,Heavy congestion detected - signal timing extended and reroute suggested
EVT442714,2026-02-15 08:08:48,Trade Fair,J012,Koramangala Sony World,12247,Weekend,False,Clear,False,0.0,False,False,0.802,Severe,14.8,51.8,128.8,0.058,0.134,0.978,Heavy congestion detected - signal timing extended and reroute suggested
EVT442715,2025-10-14 09:22:16,Concert,J023,Basavanagudi,8546,Weekday,False,Rain,True,16.9,False,False,1.0,Severe,10.5,71.9,410.8,0.182,0.42,0.858,Heavy rain reducing visibility and grip - reduced speed and longer buffer advised
EVT442716,2025-01-17 11:09:54,Local Market Day,J030,MG Road,2954,Weekday,False,Clear,False,0.0,False,False,0.411,Moderate,29.2,35.1,104.6,0.081,0.187,0.971,Moderate traffic flow - standard adaptive signal timing in effect
EVT442717,2025-04-09 19:13:19,Sports Fixture,J030,MG Road,52404,Weekday,False,Clear,False,0.0,False,False,1.0,Severe,8.3,71.9,265.8,0.1,0.232,0.907,Heavy congestion detected - signal timing extended and reroute suggested
EVT442718,2026-06-24 18:44:22,Concert,J012,Koramangala Sony World,10524,Weekday,False,Heavy Rain,True,26.3,False,False,1.0,Severe,7.9,76.0,574.3,0.203,0.468,0.881,Heavy rain reducing visibility and grip - reduced speed and longer buffer advised
EVT442719,2025-02-17 23:11:54,Political Rally,J040,City Market,10351,Weekday,False,Clear,False,0.0,False,False,0.186,Low,28.5,13.8,161.1,0.13,0.3,0.949,Normal free-flow traffic - standard signal timing maintained
EVT442720,2025-04-21 16:46:42,Local Market Day,J020,Malleshwaram Circle,2136,Weekday,False,Clear,False,0.0,False,False,0.687,High,16.9,53.8,229.7,0.13,0.3,0.971,Moderate traffic flow - standard adaptive signal timing in effect
EVT442721,2025-02-05 16:09:16,Concert,J040,City Market,13952,Weekday,False,Clear,False,0.0,False,False,0.439,Moderate,31.7,29.0,213.6,0.19,0.438,0.967,Moderate traffic flow - standard adaptive signal timing in effect
EVT442722,2025-01-24 13:29:44,Concert,J023,Basavanagudi,9597,Weekday,False,Clear,False,0.0,False,False,0.215,Low,35.8,19.8,122.3,0.111,0.256,0.985,Normal free-flow traffic - standard signal timing maintained
EVT442723,2025-01-23 09:38:15,Local Market Day,J040,City Market,3185,Weekday,False,Clear,False,0.0,False,False,0.937,Severe,10.3,66.2,704.9,0.262,0.606,0.956,Heavy congestion detected - signal timing extended and reroute suggested
EVT442724,2025-02-09 17:57:32,Sports Fixture,J009,Majestic,18939,Weekend,False,Clear,False,0.0,False,False,0.908,Severe,11.5,65.6,472.2,0.22,0.508,0.929,Heavy congestion detected - signal timing extended and reroute suggested
EVT442725,2026-03-05 16:15:27,Religious Festival,J020,Malleshwaram Circle,38008,Weekday,True,Clear,False,0.0,False,True,1.0,Severe,10.2,102.9,677.1,0.258,0.595,0.831,Road closure for event/procession - full detour recommended for through-traffic
EVT442726,2026-03-18 06:18:14,Political Rally,J031,Cubbon Road,8658,Weekday,False,Clear,False,0.0,False,False,0.248,Low,32.0,17.7,171.8,0.144,0.332,0.932,Normal free-flow traffic - standard signal timing maintained
EVT442727,2025-04-01 10:04:35,Concert,J040,City Market,8608,Weekday,False,Clear,False,0.0,False,False,0.788,Severe,17.4,57.4,243.3,0.139,0.322,0.969,Heavy congestion detected - signal timing extended and reroute suggested
EVT442728,2025-07-21 10:04:16,Trade Fair,J012,Koramangala Sony World,7432,Weekday,False,Rain,True,18.3,False,False,1.0,Severe,6.9,73.6,690.9,0.207,0.478,0.881,Heavy rain reducing visibility and grip - reduced speed and longer buffer advised
EVT442729,2025-08-24 15:14:21,Political Rally,J009,Majestic,11983,Weekend,False,Clear,False,0.0,False,False,0.457,Moderate,28.3,30.6,314.2,0.252,0.582,0.965,Moderate traffic flow - standard adaptive signal timing in effect
EVT442730,2025-10-29 17:53:59,Political Rally,J023,Basavanagudi,13761,Weekday,False,Clear,False,0.0,False,False,1.0,Severe,9.6,70.6,239.3,0.099,0.23,0.924,Heavy congestion detected - signal timing extended and reroute suggested
EVT442731,2025-01-07 11:22:51,Sports Fixture,J011,Indiranagar 100ft Road,32808,Weekday,False,Light Rain,True,3.8,False,False,0.591,High,26.8,42.5,211.6,0.155,0.359,0.916,Heavy rain reducing visibility and grip - reduced speed and longer buffer advised
EVT442732,2025-10-04 08:45:58,Sports Fixture,J031,Cubbon Road,19338,Weekend,False,Rain,True,15.3,False,False,1.0,Severe,10.0,65.8,408.3,0.169,0.389,0.848,Heavy rain reducing visibility and grip - reduced speed and longer buffer advised
EVT442733,2026-01-09 20:15:49,Trade Fair,J040,City Market,8140,Weekday,False,Clear,False,0.0,False,False,0.692,High,17.7,50.3,194.4,0.139,0.321,0.971,Moderate traffic flow - standard adaptive signal timing in effect
EVT442734,2026-06-15 15:45:25,Local Market Day,J023,Basavanagudi,5933,Weekday,False,Clear,False,0.0,False,False,0.403,Moderate,26.7,28.9,221.6,0.178,0.411,0.966,Moderate traffic flow - standard adaptive signal timing in effect
EVT442735,2026-02-19 07:39:38,Local Market Day,J031,Cubbon Road,2638,Weekday,False,Clear,False,0.0,False,False,0.648,High,21.5,47.1,238.8,0.156,0.361,0.99,Moderate traffic flow - standard adaptive signal timing in effect
EVT442736,2025-08-18 07:01:47,Sports Fixture,J020,Malleshwaram Circle,27386,Weekday,False,Heavy Rain,True,61.6,False,False,0.962,Severe,10.5,69.2,386.5,0.183,0.424,0.868,Heavy rain reducing visibility and grip - reduced speed and longer buffer advised
EVT442737,2025-08-20 10:30:09,Sports Fixture,J031,Cubbon Road,16340,Weekday,False,Light Rain,True,7.3,False,False,0.82,Severe,17.6,58.9,412.8,0.253,0.585,0.922,Heavy rain reducing visibility and grip - reduced speed and longer buffer advised
EVT442738,2025-10-04 14:48:28,Concert,J009,Majestic,10640,Weekend,False,Rain,True,12.1,False,False,0.401,Moderate,27.8,34.3,191.4,0.162,0.374,0.943,Light rain detected - minor speed reduction advised
EVT442739,2026-02-04 09:42:59,Local Market Day,J020,Malleshwaram Circle,4017,Weekday,False,Clear,False,0.0,False,False,0.943,Severe,11.4,71.2,347.4,0.163,0.376,0.933,Heavy congestion detected - signal timing extended and reroute suggested
EVT442740,2026-06-20 14:18:00,Sports Fixture,J023,Basavanagudi,17061,Weekend,False,Rain,True,16.9,False,False,0.64,High,18.6,44.2,256.7,0.155,0.358,0.91,Heavy rain reducing visibility and grip - reduced speed and longer buffer advised
EVT442741,2026-04-10 07:55:59,Concert,J020,Malleshwaram Circle,9969,Weekday,False,Light Rain,True,1.8,False,False,0.846,Severe,14.6,66.1,256.9,0.145,0.336,0.896,Heavy rain reducing visibility and grip - reduced speed and longer buffer advised
EVT442742,2025-02-04 21:24:40,Political Rally,J031,Cubbon Road,12709,Weekday,False,Clear,False,0.0,False,False,0.321,Low,28.8,22.2,137.9,0.115,0.267,0.99,Moderate traffic flow - standard adaptive signal timing in effect
EVT442743,2026-06-06 11:15:11,Local Market Day,J009,Majestic,3620,Weekend,False,Heavy Rain,True,67.2,False,False,0.773,Severe,13.8,57.6,429.3,0.22,0.507,0.933,Heavy rain reducing visibility and grip - reduced speed and longer buffer advised
EVT442744,2025-12-10 19:30:30,Concert,J011,Indiranagar 100ft Road,18803,Weekday,False,Clear,False,0.0,False,False,0.928,Severe,10.8,68.9,380.0,0.164,0.379,0.925,Heavy congestion detected - signal timing extended and reroute suggested
EVT442745,2026-03-28 11:17:45,Local Market Day,J030,MG Road,4663,Weekend,False,Clear,False,0.0,False,False,0.438,Moderate,25.9,33.4,155.8,0.107,0.247,0.968,Moderate traffic flow - standard adaptive signal timing in effect
EVT442746,2026-02-17 09:56:08,Local Market Day,J009,Majestic,9586,Weekday,False,Clear,False,0.0,False,False,0.85,Severe,14.2,63.2,317.9,0.171,0.395,0.916,Heavy congestion detected - signal timing extended and reroute suggested
EVT442747,2026-04-11 15:11:39,Local Market Day,J020,Malleshwaram Circle,3734,Weekend,False,Clear,False,0.0,False,False,0.349,Low,27.7,27.8,262.1,0.217,0.502,0.959,Moderate traffic flow - standard adaptive signal timing in effect
EVT442748,2025-04-11 07:33:31,Political Rally,J031,Cubbon Road,17337,Weekday,False,Clear,False,0.0,False,False,0.709,High,16.5,44.8,252.9,0.141,0.327,0.958,Moderate traffic flow - standard adaptive signal timing in effect
EVT442749,2025-10-09 13:58:32,Trade Fair,J012,Koramangala Sony World,4943,Weekday,False,Clear,False,0.0,False,False,0.163,Low,32.2,7.9,84.4,0.053,0.122,0.962,Normal free-flow traffic - standard signal timing maintained
EVT442750,2025-09-03 19:48:05,Concert,J020,Malleshwaram Circle,18747,Weekday,False,Heavy Rain,True,34.6,False,False,1.0,Severe,8.0,76.5,329.2,0.106,0.244,0.863,Heavy rain reducing visibility and grip - reduced speed and longer buffer advised
EVT442751,2026-04-29 18:45:29,Local Market Day,J023,Basavanagudi,3934,Weekday,False,Clear,False,0.0,False,False,1.0,Severe,9.1,69.5,511.6,0.2,0.461,0.908,Heavy congestion detected - signal timing extended and reroute suggested
EVT442752,2026-02-25 08:55:06,Local Market Day,J023,Basavanagudi,3071,Weekday,False,Clear,False,0.0,False,False,0.967,Severe,9.1,63.9,190.9,0.082,0.191,0.921,Heavy congestion detected - signal timing extended and reroute suggested
EVT442753,2025-06-11 18:33:20,Sports Fixture,J020,Malleshwaram Circle,28539,Weekday,False,Clear,False,0.0,False,False,1.0,Severe,8.4,75.6,599.1,0.209,0.482,0.91,Heavy congestion detected - signal timing extended and reroute suggested
EVT442754,2026-05-17 22:07:57,Political Rally,J030,MG Road,5788,Weekend,False,Clear,False,0.0,False,False,0.4,Moderate,19.0,31.9,477.9,0.261,0.602,0.987,Moderate traffic flow - standard adaptive signal timing in effect
EVT442755,2025-07-02 16:38:29,Concert,J023,Basavanagudi,10941,Weekday,False,Clear,False,0.0,False,False,0.597,High,24.4,39.9,208.8,0.151,0.348,0.979,Moderate traffic flow - standard adaptive signal timing in effect
EVT442756,2026-04-17 18:25:29,Local Market Day,J040,City Market,5828,Weekday,False,Clear,False,0.0,False,False,1.0,Severe,10.1,72.1,239.2,0.123,0.284,0.913,Heavy congestion detected - signal timing extended and reroute suggested
EVT442757,2025-06-25 08:09:29,Trade Fair,J020,Malleshwaram Circle,8789,Weekday,False,Clear,False,0.0,False,False,0.869,Severe,11.2,63.8,476.7,0.186,0.43,0.961,Heavy congestion detected - signal timing extended and reroute suggested
EVT442758,2025-10-19 17:33:03,Trade Fair,J012,Koramangala Sony World,7540,Weekend,False,Heavy Rain,True,30.3,False,False,1.0,Severe,7.3,70.3,666.6,0.198,0.457,0.891,Heavy rain reducing visibility and grip - reduced speed and longer buffer advised
EVT442759,2026-03-04 11:41:46,Religious Festival,J009,Majestic,37160,Weekday,True,Fog,False,0.0,False,True,0.865,High,14.7,88.4,325.6,0.173,0.4,0.852,Road closure for event/procession - full detour recommended for through-traffic
EVT442760,2025-11-09 17:09:42,Concert,J011,Indiranagar 100ft Road,16491,Weekend,False,Clear,False,0.0,False,False,0.716,High,22.8,52.9,192.8,0.134,0.311,0.961,Moderate traffic flow - standard adaptive signal timing in effect
EVT442761,2026-06-06 10:46:40,Trade Fair,J031,Cubbon Road,6299,Weekend,False,Clear,False,0.0,False,False,0.505,Moderate,26.3,40.2,275.8,0.197,0.454,0.983,Moderate traffic flow - standard adaptive signal timing in effect
EVT442762,2026-01-25 17:24:57,Trade Fair,J023,Basavanagudi,6615,Weekend,False,Clear,False,0.0,False,False,0.759,Severe,17.6,56.7,244.7,0.15,0.346,0.967,Heavy congestion detected - signal timing extended and reroute suggested
EVT442763,2025-11-26 06:57:11,Concert,J040,City Market,7227,Weekday,False,Clear,False,0.0,False,False,0.44,Moderate,31.1,31.4,161.9,0.147,0.34,0.969,Moderate traffic flow - standard adaptive signal timing in effect
EVT442764,2025-02-18 13:23:37,Trade Fair,J031,Cubbon Road,16520,Weekday,False,Clear,False,0.0,False,False,0.227,Low,32.3,14.1,179.7,0.147,0.339,0.951,Normal free-flow traffic - standard signal timing maintained
EVT442765,2025-02-10 17:47:49,Political Rally,J011,Indiranagar 100ft Road,33768,Weekday,False,Clear,False,0.0,False,False,1.0,Severe,9.7,73.0,286.9,0.11,0.253,0.917,Heavy congestion detected - signal timing extended and reroute suggested
EVT442766,2026-06-20 18:11:06,Local Market Day,J020,Malleshwaram Circle,4694,Weekend,False,Clear,False,0.0,False,False,0.813,Severe,15.1,56.7,261.0,0.133,0.307,0.944,Heavy congestion detected - signal timing extended and reroute suggested
EVT442767,2025-07-30 09:10:41,Concert,J020,Malleshwaram Circle,12119,Weekday,False,Rain,True,13.4,False,False,1.0,Severe,8.7,65.8,743.6,0.266,0.614,0.856,Heavy rain reducing visibility and grip - reduced speed and longer buffer advised
EVT442768,2026-01-09 15:24:04,Sports Fixture,J031,Cubbon Road,25154,Weekday,False,Clear,False,0.0,False,False,0.454,Moderate,25.2,29.7,110.3,0.086,0.198,0.99,Moderate traffic flow - standard adaptive signal timing in effect
EVT442769,2025-01-13 19:06:22,Sports Fixture,J020,Malleshwaram Circle,25197,Weekday,False,Clear,False,0.0,False,False,1.0,Severe,9.4,78.6,384.9,0.147,0.34,0.92,Heavy congestion detected - signal timing extended and reroute suggested
EVT442770,2026-01-14 10:15:12,Fireworks Display,J020,Malleshwaram Circle,15183,Weekday,True,Clear,False,0.0,False,False,1.0,Severe,8.6,68.8,680.8,0.226,0.523,0.888,Festival crowd surge detected - alternate route and extended cycle recommended
EVT442771,2025-11-18 18:36:27,Local Market Day,J012,Koramangala Sony World,3228,Weekday,False,Rain,True,16.8,False,False,1.0,Severe,9.2,69.9,632.2,0.215,0.496,0.857,Heavy rain reducing visibility and grip - reduced speed and longer buffer advised
EVT442772,2025-11-26 21:22:17,Political Rally,J020,Malleshwaram Circle,5503,Weekday,False,Clear,False,0.0,False,False,0.427,Moderate,30.0,23.6,174.4,0.146,0.338,0.969,Moderate traffic flow - standard adaptive signal timing in effect
EVT442773,2026-06-06 07:43:11,Sports Fixture,J011,Indiranagar 100ft Road,20375,Weekend,False,Heavy Rain,True,26.6,False,False,0.971,Severe,12.1,65.8,372.7,0.17,0.392,0.891,Heavy rain reducing visibility and grip - reduced speed and longer buffer advised
EVT442774,2025-08-13 18:28:55,Local Market Day,J009,Majestic,5468,Weekday,False,Heavy Rain,True,36.0,False,False,1.0,Severe,7.2,69.8,751.0,0.214,0.495,0.874,Heavy rain reducing visibility and grip - reduced speed and longer buffer advised
EVT442775,2025-06-12 13:51:07,Sports Fixture,J023,Basavanagudi,21269,Weekday,False,Rain,True,15.8,False,False,0.497,Moderate,22.5,37.1,281.3,0.186,0.43,0.917,Light rain detected - minor speed reduction advised
EVT442776,2026-01-22 18:55:31,Sports Fixture,J023,Basavanagudi,28968,Weekday,False,Clear,False,0.0,False,False,1.0,Severe,8.3,67.1,520.6,0.189,0.437,0.917,Heavy congestion detected - signal timing extended and reroute suggested
EVT442777,2026-05-21 14:40:52,Local Market Day,J023,Basavanagudi,2941,Weekday,False,Clear,False,0.0,False,False,0.264,Low,33.9,16.9,173.1,0.181,0.419,0.986,Moderate traffic flow - standard adaptive signal timing in effect
EVT442778,2026-03-20 15:48:20,Fireworks Display,J031,Cubbon Road,18831,Weekday,True,Clear,False,0.0,False,False,0.704,High,18.2,51.3,419.9,0.238,0.55,0.899,Festival crowd surge detected - alternate route and extended cycle recommended
EVT442779,2026-05-07 20:15:40,Sports Fixture,J040,City Market,19886,Weekday,False,Clear,False,0.0,True,False,1.0,Severe,9.1,71.9,624.4,0.204,0.471,0.732,Accident detected nearby - reroute and reduced speed advised
EVT442780,2025-12-09 08:07:36,Concert,J020,Malleshwaram Circle,11176,Weekday,False,Clear,False,0.0,False,False,0.851,Severe,14.1,57.8,396.7,0.194,0.448,0.963,Heavy congestion detected - signal timing extended and reroute suggested
EVT442781,2025-08-12 09:55:21,Sports Fixture,J012,Koramangala Sony World,16887,Weekday,False,Heavy Rain,True,29.2,False,False,1.0,Severe,9.5,73.0,587.4,0.237,0.547,0.862,Heavy rain reducing visibility and grip - reduced speed and longer buffer advised
EVT442782,2025-06-19 08:42:28,Local Market Day,J023,Basavanagudi,4773,Weekday,False,Rain,True,17.5,False,False,1.0,Severe,10.7,69.6,417.2,0.215,0.497,0.88,Heavy rain reducing visibility and grip - reduced speed and longer buffer advised
EVT442783,2026-01-23 13:09:33,Trade Fair,J031,Cubbon Road,6700,Weekday,False,Clear,False,0.0,False,False,0.304,Low,37.0,27.3,127.4,0.124,0.287,0.963,Moderate traffic flow - standard adaptive signal timing in effect
EVT442784,2026-05-01 09:01:22,Cultural Procession,J023,Basavanagudi,15694,Weekday,True,Clear,False,0.0,False,True,1.0,Severe,7.5,100.0,586.5,0.202,0.466,0.841,Road closure for event/procession - full detour recommended for through-traffic
EVT442785,2026-05-23 06:35:43,Local Market Day,J023,Basavanagudi,2614,Weekend,False,Clear,False,0.0,False,False,0.362,Moderate,26.1,29.4,143.9,0.105,0.244,0.968,Moderate traffic flow - standard adaptive signal timing in effect
EVT442786,2025-11-23 08:01:12,Concert,J040,City Market,13940,Weekend,False,Clear,False,0.0,False,False,0.804,Severe,12.8,60.2,189.5,0.096,0.221,0.953,Heavy congestion detected - signal timing extended and reroute suggested
EVT442787,2025-05-29 09:45:31,Concert,J020,Malleshwaram Circle,13260,Weekday,False,Clear,False,0.0,False,False,0.96,Severe,7.6,70.4,674.4,0.211,0.488,0.911,Heavy congestion detected - signal timing extended and reroute suggested
EVT442788,2025-09-07 08:22:41,Local Market Day,J031,Cubbon Road,3851,Weekend,False,Rain,True,13.4,False,False,0.975,Severe,10.2,69.4,420.3,0.167,0.385,0.88,Heavy rain reducing visibility and grip - reduced speed and longer buffer advised
EVT442789,2025-09-03 21:58:16,Trade Fair,J009,Majestic,4958,Weekday,False,Clear,False,0.0,False,False,0.253,Low,35.5,23.3,149.0,0.135,0.311,0.975,Moderate traffic flow - standard adaptive signal timing in effect
EVT442790,2026-06-18 18:30:29,Local Market Day,J009,Majestic,2915,Weekday,False,Heavy Rain,True,34.2,False,False,1.0,Severe,5.3,67.2,1352.1,0.283,0.654,0.859,Heavy rain reducing visibility and grip - reduced speed and longer buffer advised
EVT442791,2026-02-09 09:43:48,Concert,J031,Cubbon Road,10736,Weekday,False,Clear,False,0.0,False,False,0.938,Severe,11.1,64.5,264.8,0.12,0.277,0.939,Heavy congestion detected - signal timing extended and reroute suggested
EVT442792,2025-01-04 18:27:18,Concert,J011,Indiranagar 100ft Road,5799,Weekend,False,Clear,False,0.0,False,False,0.912,Severe,10.8,68.7,562.7,0.254,0.587,0.92,Heavy congestion detected - signal timing extended and reroute suggested
EVT442793,2025-10-19 19:52:51,Trade Fair,J009,Majestic,8777,Weekend,False,Clear,False,0.0,False,False,0.707,High,16.2,54.0,229.8,0.132,0.305,0.967,Moderate traffic flow - standard adaptive signal timing in effect
EVT442794,2025-05-12 19:39:10,Sports Fixture,J031,Cubbon Road,22536,Weekday,False,Heavy Rain,True,57.1,False,False,1.0,Severe,6.5,65.0,879.4,0.23,0.531,0.874,Heavy rain reducing visibility and grip - reduced speed and longer buffer advised
EVT442795,2025-10-17 18:47:46,Local Market Day,J020,Malleshwaram Circle,4258,Weekday,False,Clear,False,0.0,False,False,0.964,Severe,11.2,69.3,465.3,0.219,0.505,0.941,Heavy congestion detected - signal timing extended and reroute suggested
EVT442796,2025-08-08 12:29:55,Concert,J040,City Market,10351,Weekday,False,Clear,False,0.0,False,False,0.238,Low,30.5,18.6,139.0,0.119,0.275,0.94,Normal free-flow traffic - standard signal timing maintained
EVT442797,2025-06-03 20:47:15,Local Market Day,J030,MG Road,4207,Weekday,False,Clear,False,0.0,False,False,0.47,Moderate,23.5,37.7,179.2,0.124,0.287,0.99,Moderate traffic flow - standard adaptive signal timing in effect
EVT442798,2025-07-02 17:24:02,Sports Fixture,J009,Majestic,23169,Weekday,False,Rain,True,22.5,False,False,1.0,Severe,8.6,72.4,466.3,0.176,0.408,0.874,Heavy rain reducing visibility and grip - reduced speed and longer buffer advised
EVT442799,2026-03-17 17:31:09,Trade Fair,J040,City Market,12125,Weekday,False,Clear,False,0.0,False,False,0.875,Severe,13.9,62.2,229.5,0.118,0.272,0.9,Heavy congestion detected - signal timing extended and reroute suggested
EVT442800,2025-07-22 06:53:15,Political Rally,J012,Koramangala Sony World,12162,Weekday,False,Clear,False,0.0,False,False,0.501,Moderate,28.5,35.4,224.2,0.171,0.396,0.954,Moderate traffic flow - standard adaptive signal timing in effect
EVT442801,2026-02-28 12:36:15,Sports Fixture,J030,MG Road,34049,Weekend,False,Clear,False,0.0,False,False,0.472,Moderate,28.4,35.9,143.3,0.088,0.202,0.99,Moderate traffic flow - standard adaptive signal timing in effect
EVT442802,2025-02-09 06:21:38,Concert,J011,Indiranagar 100ft Road,10218,Weekend,False,Clear,False,0.0,False,False,0.378,Moderate,32.4,21.1,159.5,0.161,0.372,0.97,Moderate traffic flow - standard adaptive signal timing in effect
EVT442803,2026-06-17 07:01:09,Sports Fixture,J020,Malleshwaram Circle,22068,Weekday,False,Rain,True,17.9,False,False,0.835,Severe,15.8,60.3,434.7,0.258,0.595,0.908,Heavy rain reducing visibility and grip - reduced speed and longer buffer advised
EVT442804,2025-01-22 18:02:18,Concert,J031,Cubbon Road,16502,Weekday,False,Clear,False,0.0,False,False,1.0,Severe,7.5,69.9,511.1,0.164,0.379,0.907,Heavy congestion detected - signal timing extended and reroute suggested
EVT442805,2025-08-10 10:09:47,Local Market Day,J020,Malleshwaram Circle,2810,Weekend,False,Heavy Rain,True,31.7,False,False,0.881,Severe,10.9,67.6,563.5,0.228,0.526,0.9,Heavy rain reducing visibility and grip - reduced speed and longer buffer advised
EVT442806,2026-06-19 00:09:18,Concert,J012,Koramangala Sony World,8245,Weekday,False,Clear,False,0.0,False,False,0.128,Low,32.6,11.4,111.6,0.086,0.199,0.983,Normal free-flow traffic - standard signal timing maintained
EVT442807,2026-04-09 09:55:05,Sports Fixture,J031,Cubbon Road,14587,Weekday,False,Clear,False,0.0,False,False,0.838,Severe,15.5,51.6,296.1,0.18,0.416,0.949,Heavy congestion detected - signal timing extended and reroute suggested
EVT442808,2025-06-16 08:52:42,Trade Fair,J012,Koramangala Sony World,8359,Weekday,False,Clear,False,0.0,False,False,1.0,Severe,9.8,74.9,227.3,0.091,0.21,0.915,Heavy congestion detected - signal timing extended and reroute suggested
EVT442809,2025-09-20 20:23:20,Trade Fair,J011,Indiranagar 100ft Road,9964,Weekend,False,Clear,False,0.0,False,False,0.646,High,20.0,45.4,320.6,0.214,0.495,0.951,Moderate traffic flow - standard adaptive signal timing in effect
EVT442810,2025-06-11 07:47:24,Political Rally,J031,Cubbon Road,29767,Weekday,False,Light Rain,True,4.2,False,False,0.959,Severe,10.4,68.2,468.0,0.15,0.347,0.887,Heavy rain reducing visibility and grip - reduced speed and longer buffer advised
EVT442811,2026-06-20 06:26:06,Trade Fair,J012,Koramangala Sony World,8708,Weekend,False,Light Rain,True,3.4,False,False,0.46,Moderate,21.8,36.8,211.3,0.151,0.348,0.913,Light rain detected - minor speed reduction advised
EVT442812,2025-12-22 10:35:37,Sports Fixture,J012,Koramangala Sony World,27874,Weekday,False,Clear,False,0.0,False,False,0.783,Severe,16.2,56.3,323.9,0.193,0.446,0.981,Heavy congestion detected - signal timing extended and reroute suggested
EVT442813,2025-07-30 11:38:46,Sports Fixture,J030,MG Road,26869,Weekday,False,Clear,False,0.0,False,False,0.395,Moderate,24.1,22.7,348.0,0.23,0.53,0.956,Moderate traffic flow - standard adaptive signal timing in effect
EVT442814,2026-02-20 07:13:25,Local Market Day,J040,City Market,4380,Weekday,False,Clear,False,0.0,False,False,0.526,Moderate,26.7,32.1,229.4,0.174,0.401,0.972,Moderate traffic flow - standard adaptive signal timing in effect
EVT442815,2026-04-21 09:23:25,Trade Fair,J012,Koramangala Sony World,4769,Weekday,False,Clear,False,0.0,False,False,0.967,Severe,9.4,65.0,622.0,0.235,0.543,0.956,Heavy congestion detected - signal timing extended and reroute suggested
EVT442816,2026-04-05 13:05:24,Political Rally,J012,Koramangala Sony World,9213,Weekend,False,Clear,False,0.0,False,False,0.275,Low,35.5,14.1,167.7,0.17,0.393,0.951,Moderate traffic flow - standard adaptive signal timing in effect
EVT442817,2025-01-28 07:02:57,Sports Fixture,J012,Koramangala Sony World,12777,Weekday,False,Clear,False,0.0,False,False,0.383,Moderate,26.0,28.1,196.6,0.162,0.375,0.932,Moderate traffic flow - standard adaptive signal timing in effect
EVT442818,2025-10-01 15:24:38,Sports Fixture,J040,City Market,13653,Weekday,False,Fog,False,0.0,False,False,0.358,Moderate,25.7,20.1,165.2,0.116,0.268,0.946,Moderate traffic flow - standard adaptive signal timing in effect
EVT442819,2025-02-05 18:25:12,Sports Fixture,J020,Malleshwaram Circle,24226,Weekday,False,Clear,False,0.0,False,False,1.0,Severe,9.1,73.3,426.6,0.169,0.391,0.886,Heavy congestion detected - signal timing extended and reroute suggested
EVT442820,2025-06-21 07:49:29,Local Market Day,J012,Koramangala Sony World,6065,Weekend,False,Clear,False,0.0,False,False,0.746,High,17.6,51.9,156.7,0.095,0.219,0.986,Moderate traffic flow - standard adaptive signal timing in effect
EVT442821,2025-06-10 12:34:19,Trade Fair,J031,Cubbon Road,11054,Weekday,False,Clear,False,0.0,False,False,0.287,Low,31.4,20.6,84.1,0.08,0.184,0.976,Moderate traffic flow - standard adaptive signal timing in effect
EVT442822,2025-09-28 19:53:03,Concert,J020,Malleshwaram Circle,9733,Weekend,False,Rain,True,19.0,False,False,0.943,Severe,11.5,67.5,329.0,0.145,0.334,0.895,Heavy rain reducing visibility and grip - reduced speed and longer buffer advised
EVT442823,2025-12-07 13:02:10,Local Market Day,J011,Indiranagar 100ft Road,5532,Weekend,False,Clear,False,0.0,False,False,0.277,Low,30.2,19.2,174.2,0.147,0.34,0.98,Moderate traffic flow - standard adaptive signal timing in effect
EVT442824,2025-03-06 04:27:02,Concert,J030,MG Road,8493,Weekday,False,Clear,False,0.0,False,False,0.167,Low,45.0,9.8,73.3,0.064,0.148,0.964,Normal free-flow traffic - standard signal timing maintained
EVT442825,2025-02-26 10:39:52,Political Rally,J030,MG Road,15779,Weekday,False,Clear,False,0.0,False,False,0.612,High,26.7,44.5,269.3,0.236,0.544,0.978,Moderate traffic flow - standard adaptive signal timing in effect
EVT442826,2025-09-15 09:50:38,Concert,J031,Cubbon Road,17766,Weekday,False,Heavy Rain,True,25.3,False,False,1.0,Severe,8.0,69.9,327.6,0.127,0.293,0.874,Heavy rain reducing visibility and grip - reduced speed and longer buffer advised
EVT442827,2025-04-17 12:29:10,Local Market Day,J023,Basavanagudi,2222,Weekday,False,Light Rain,True,2.1,False,False,0.269,Low,34.7,19.7,119.8,0.099,0.228,0.881,Light rain detected - minor speed reduction advised
EVT442828,2026-02-02 01:24:16,Trade Fair,J031,Cubbon Road,18707,Weekday,False,Clear,False,0.0,False,False,0.201,Low,40.4,16.4,123.4,0.145,0.334,0.957,Normal free-flow traffic - standard signal timing maintained
EVT442829,2026-04-30 07:06:12,Sports Fixture,J040,City Market,12583,Weekday,False,Clear,False,0.0,False,False,0.555,High,21.6,35.8,220.7,0.132,0.306,0.968,Moderate traffic flow - standard adaptive signal timing in effect
EVT442830,2026-05-15 07:24:42,Concert,J009,Majestic,8738,Weekday,False,Clear,False,0.0,False,False,0.544,Moderate,23.7,41.7,234.6,0.169,0.391,0.953,Moderate traffic flow - standard adaptive signal timing in effect
EVT442831,2025-10-20 06:05:40,Religious Festival,J031,Cubbon Road,56826,Weekday,True,Light Rain,True,4.9,False,True,1.0,Severe,6.6,101.0,435.3,0.128,0.295,0.803,Road closure for event/procession - full detour recommended for through-traffic
EVT442832,2025-08-17 06:50:57,Sports Fixture,J011,Indiranagar 100ft Road,20301,Weekend,False,Rain,True,20.8,False,False,0.726,High,19.5,51.2,211.7,0.127,0.293,0.909,Heavy rain reducing visibility and grip - reduced speed and longer buffer advised
EVT442833,2025-06-02 17:31:08,Local Market Day,J009,Majestic,3651,Weekday,False,Heavy Rain,True,41.7,False,False,1.0,Severe,8.2,73.7,617.9,0.235,0.542,0.856,Heavy rain reducing visibility and grip - reduced speed and longer buffer advised
EVT442834,2025-02-23 06:25:54,Local Market Day,J009,Majestic,5259,Weekend,False,Clear,False,0.0,False,False,0.392,Moderate,32.0,23.9,189.5,0.152,0.351,0.967,Moderate traffic flow - standard adaptive signal timing in effect
EVT442835,2025-04-16 18:57:18,Concert,J020,Malleshwaram Circle,11508,Weekday,False,Fog,False,0.0,False,False,1.0,Severe,6.6,68.7,498.1,0.153,0.354,0.902,Heavy congestion detected - signal timing extended and reroute suggested
EVT442836,2026-05-03 19:54:55,Sports Fixture,J040,City Market,10492,Weekend,False,Clear,False,0.0,False,False,0.725,High,13.0,47.1,377.0,0.197,0.456,0.958,Moderate traffic flow - standard adaptive signal timing in effect
EVT442837,2025-08-01 16:40:07,Local Market Day,J009,Majestic,8324,Weekday,False,Clear,False,0.0,False,False,0.65,High,24.0,46.4,284.8,0.215,0.497,0.973,Moderate traffic flow - standard adaptive signal timing in effect
EVT442838,2025-01-09 12:48:27,Concert,J030,MG Road,14676,Weekday,False,Clear,False,0.0,False,False,0.248,Low,39.3,20.4,107.7,0.108,0.25,0.953,Normal free-flow traffic - standard signal timing maintained
EVT442839,2025-02-02 19:44:25,Local Market Day,J030,MG Road,3994,Weekend,False,Clear,False,0.0,False,False,0.725,High,20.3,52.5,184.1,0.14,0.324,0.964,Moderate traffic flow - standard adaptive signal timing in effect
EVT442840,2025-11-25 10:58:43,Trade Fair,J023,Basavanagudi,14338,Weekday,False,Clear,False,0.0,False,False,0.427,Moderate,26.3,33.7,167.7,0.118,0.273,0.968,Moderate traffic flow - standard adaptive signal timing in effect
EVT442841,2025-09-11 19:42:59,Political Rally,J023,Basavanagudi,18575,Weekday,False,Rain,True,12.3,False,False,1.0,Severe,9.7,72.6,482.9,0.186,0.43,0.84,Heavy rain reducing visibility and grip - reduced speed and longer buffer advised
EVT442842,2026-05-21 11:59:10,Sports Fixture,J012,Koramangala Sony World,19149,Weekday,False,Clear,False,0.0,False,False,0.305,Low,30.5,23.3,167.6,0.129,0.299,0.977,Moderate traffic flow - standard adaptive signal timing in effect
EVT442843,2025-01-08 08:44:21,Trade Fair,J031,Cubbon Road,9782,Weekday,False,Clear,False,0.0,False,False,1.0,Severe,7.1,64.7,858.0,0.254,0.588,0.9,Heavy congestion detected - signal timing extended and reroute suggested
EVT442844,2026-02-11 15:04:21,Sports Fixture,J011,Indiranagar 100ft Road,19077,Weekday,False,Clear,False,0.0,False,False,0.306,Low,36.9,23.8,82.5,0.057,0.131,0.97,Moderate traffic flow - standard adaptive signal timing in effect
EVT442845,2026-06-25 16:13:16,Sports Fixture,J011,Indiranagar 100ft Road,23163,Weekday,False,Rain,True,17.5,False,False,0.778,Severe,16.4,59.4,457.0,0.25,0.578,0.918,Heavy rain reducing visibility and grip - reduced speed and longer buffer advised
EVT442846,2025-11-27 13:23:58,Sports Fixture,J011,Indiranagar 100ft Road,22914,Weekday,False,Clear,False,0.0,False,False,0.332,Low,29.0,28.2,153.7,0.112,0.259,0.957,Moderate traffic flow - standard adaptive signal timing in effect
EVT442847,2026-05-03 14:51:30,Trade Fair,J023,Basavanagudi,9274,Weekend,False,Fog,False,0.0,False,False,0.336,Low,29.1,25.4,128.6,0.094,0.216,0.96,Moderate traffic flow - standard adaptive signal timing in effect
EVT442848,2026-01-06 04:14:02,Trade Fair,J020,Malleshwaram Circle,11732,Weekday,False,Fog,False,0.0,False,False,0.213,Low,39.6,14.7,170.5,0.155,0.359,0.945,Normal free-flow traffic - standard signal timing maintained
EVT442849,2026-03-16 15:39:54,Local Market Day,J030,MG Road,5499,Weekday,False,Clear,False,0.0,False,False,0.371,Moderate,25.5,24.8,159.5,0.121,0.28,0.959,Moderate traffic flow - standard adaptive signal timing in effect
EVT442850,2025-07-24 18:30:17,Sports Fixture,J023,Basavanagudi,14027,Weekday,False,Light Rain,True,5.7,False,False,1.0,Severe,10.4,70.5,510.3,0.209,0.483,0.878,Heavy rain reducing visibility and grip - reduced speed and longer buffer advised
EVT442851,2025-12-26 15:51:51,Religious Festival,J012,Koramangala Sony World,49843,Weekday,True,Clear,False,0.0,False,True,1.0,Severe,8.9,98.4,705.6,0.261,0.603,0.845,Road closure for event/procession - full detour recommended for through-traffic
EVT442852,2025-09-09 18:32:07,Political Rally,J023,Basavanagudi,11469,Weekday,False,Clear,False,0.0,False,False,1.0,Severe,7.6,74.4,642.1,0.206,0.476,0.921,Heavy congestion detected - signal timing extended and reroute suggested
EVT442853,2025-02-23 09:17:35,Political Rally,J023,Basavanagudi,13968,Weekend,False,Clear,False,0.0,False,False,0.866,Severe,12.3,58.4,467.6,0.209,0.484,0.961,Heavy congestion detected - signal timing extended and reroute suggested
EVT442854,2026-01-28 19:01:11,Concert,J011,Indiranagar 100ft Road,11732,Weekday,False,Clear,False,0.0,False,False,1.0,Severe,8.9,74.6,417.0,0.154,0.355,0.919,Heavy congestion detected - signal timing extended and reroute suggested
EVT442855,2025-08-06 18:24:17,Concert,J023,Basavanagudi,12356,Weekday,False,Clear,False,0.0,False,False,1.0,Severe,7.4,62.0,209.3,0.079,0.182,0.917,Heavy congestion detected - signal timing extended and reroute suggested
EVT442856,2025-11-09 10:12:34,Trade Fair,J020,Malleshwaram Circle,3897,Weekend,False,Clear,False,0.0,False,False,0.673,High,18.7,47.5,222.4,0.152,0.35,0.982,Moderate traffic flow - standard adaptive signal timing in effect
EVT442857,2025-03-31 08:15:51,Religious Festival,J040,City Market,83366,Weekday,True,Clear,False,0.0,False,True,1.0,Severe,7.7,99.5,359.3,0.141,0.325,0.81,Road closure for event/procession - full detour recommended for through-traffic
EVT442858,2025-07-25 15:01:27,Local Market Day,J009,Majestic,7064,Weekday,False,Fog,False,0.0,False,False,0.24,Low,39.8,15.9,93.6,0.089,0.205,0.984,Normal free-flow traffic - standard signal timing maintained
EVT442859,2025-06-25 16:03:57,Concert,J009,Majestic,16388,Weekday,False,Fog,False,0.0,False,False,0.542,Moderate,26.8,46.1,200.5,0.148,0.342,0.956,Moderate traffic flow - standard adaptive signal timing in effect
EVT442860,2026-01-30 21:56:42,Concert,J023,Basavanagudi,16836,Weekday,False,Clear,False,0.0,False,False,0.269,Low,34.5,16.3,163.1,0.127,0.294,0.949,Moderate traffic flow - standard adaptive signal timing in effect
EVT442861,2025-10-13 15:12:21,Local Market Day,J011,Indiranagar 100ft Road,3680,Weekday,False,Clear,False,0.0,False,False,0.302,Low,30.1,18.0,53.8,0.025,0.059,0.956,Moderate traffic flow - standard adaptive signal timing in effect
EVT442862,2025-01-06 18:46:24,Trade Fair,J040,City Market,6488,Weekday,False,Clear,False,0.0,False,False,0.978,Severe,6.6,70.6,655.0,0.156,0.361,0.894,Heavy congestion detected - signal timing extended and reroute suggested
EVT442863,2025-05-31 10:51:06,Sports Fixture,J020,Malleshwaram Circle,21213,Weekend,False,Light Rain,True,6.8,False,False,0.661,High,19.4,48.8,361.0,0.235,0.543,0.908,Heavy rain reducing visibility and grip - reduced speed and longer buffer advised
EVT442864,2026-03-04 08:16:24,Fireworks Display,J023,Basavanagudi,17935,Weekday,True,Clear,False,0.0,False,False,1.0,Severe,8.9,73.1,407.9,0.15,0.347,0.876,Festival crowd surge detected - alternate route and extended cycle recommended
EVT442865,2025-02-04 10:53:35,Local Market Day,J040,City Market,3200,Weekday,False,Clear,False,0.0,False,False,0.506,Moderate,24.6,38.7,220.5,0.161,0.371,0.99,Moderate traffic flow - standard adaptive signal timing in effect
EVT442866,2026-05-27 19:51:11,Sports Fixture,J011,Indiranagar 100ft Road,19511,Weekday,False,Clear,False,0.0,False,False,0.76,Severe,15.6,59.1,314.3,0.166,0.383,0.976,Heavy congestion detected - signal timing extended and reroute suggested
EVT442867,2025-10-25 19:01:11,Local Market Day,J030,MG Road,5088,Weekend,False,Clear,False,0.0,False,False,0.774,Severe,20.6,50.4,266.7,0.179,0.414,0.95,Heavy congestion detected - signal timing extended and reroute suggested
EVT442868,2026-04-04 09:34:41,Sports Fixture,J040,City Market,21749,Weekend,False,Light Rain,True,5.9,False,False,0.9,Severe,11.4,72.6,346.7,0.172,0.398,0.888,Heavy rain reducing visibility and grip - reduced speed and longer buffer advised
EVT442869,2025-01-15 15:19:43,Religious Festival,J030,MG Road,43266,Weekday,True,Clear,False,0.0,False,False,0.841,Severe,13.1,70.8,331.5,0.16,0.371,0.862,Festival crowd surge detected - alternate route and extended cycle recommended
EVT442870,2026-01-10 08:57:08,Concert,J020,Malleshwaram Circle,8159,Weekend,False,Clear,False,0.0,False,False,0.936,Severe,7.8,66.2,511.8,0.163,0.376,0.923,Heavy congestion detected - signal timing extended and reroute suggested
EVT442871,2025-07-26 13:34:21,Concert,J011,Indiranagar 100ft Road,14462,Weekend,False,Rain,True,14.1,False,False,0.529,Moderate,25.3,34.4,281.9,0.218,0.504,0.921,Light rain detected - minor speed reduction advised
EVT442872,2026-02-06 18:14:16,Concert,J023,Basavanagudi,9134,Weekday,False,Clear,False,0.0,False,False,1.0,Severe,8.7,69.1,684.0,0.251,0.58,0.916,Heavy congestion detected - signal timing extended and reroute suggested
EVT442873,2026-01-05 03:05:43,Local Market Day,J031,Cubbon Road,3927,Weekday,False,Clear,False,0.0,False,False,0.199,Low,27.3,15.8,162.8,0.113,0.26,0.933,Normal free-flow traffic - standard signal timing maintained
EVT442874,2026-05-06 17:13:26,Local Market Day,J030,MG Road,3520,Weekday,False,Rain,True,17.6,False,False,0.999,Severe,8.6,67.8,251.8,0.099,0.229,0.847,Heavy rain reducing visibility and grip - reduced speed and longer buffer advised
EVT442875,2026-04-17 05:16:45,Local Market Day,J030,MG Road,2613,Weekday,False,Clear,False,0.0,False,False,0.175,Low,35.5,11.0,102.7,0.092,0.213,0.945,Normal free-flow traffic - standard signal timing maintained
EVT442876,2025-07-25 09:56:42,Sports Fixture,J012,Koramangala Sony World,14383,Weekday,False,Clear,False,0.0,False,False,0.763,Severe,15.4,54.2,293.6,0.143,0.33,0.98,Heavy congestion detected - signal timing extended and reroute suggested
EVT442877,2025-01-22 18:12:44,Trade Fair,J031,Cubbon Road,4230,Weekday,False,Clear,False,0.0,False,False,0.974,Severe,9.9,73.4,439.0,0.153,0.353,0.914,Heavy congestion detected - signal timing extended and reroute suggested
EVT442878,2025-01-09 15:46:55,Concert,J020,Malleshwaram Circle,11007,Weekday,False,Clear,False,0.0,False,False,0.363,Moderate,26.6,24.5,157.2,0.099,0.228,0.974,Moderate traffic flow - standard adaptive signal timing in effect
EVT442879,2026-05-09 16:08:15,Political Rally,J023,Basavanagudi,8340,Weekend,False,Clear,False,0.0,False,False,0.556,High,24.8,41.7,122.7,0.072,0.165,0.934,Moderate traffic flow - standard adaptive signal timing in effect
EVT442880,2025-05-04 17:51:04,Concert,J020,Malleshwaram Circle,19008,Weekend,False,Clear,False,0.0,False,False,0.913,Severe,12.3,65.8,580.1,0.265,0.613,0.93,Heavy congestion detected - signal timing extended and reroute suggested
EVT442881,2025-09-21 07:22:36,Local Market Day,J009,Majestic,2932,Weekend,False,Heavy Rain,True,32.1,False,False,0.864,Severe,15.5,60.8,435.4,0.261,0.602,0.893,Heavy rain reducing visibility and grip - reduced speed and longer buffer advised
EVT442882,2025-09-07 21:15:29,Local Market Day,J030,MG Road,3947,Weekend,False,Clear,False,0.0,False,False,0.347,Low,36.7,24.6,139.1,0.14,0.323,0.98,Moderate traffic flow - standard adaptive signal timing in effect
EVT442883,2026-05-05 19:32:43,Political Rally,J012,Koramangala Sony World,12125,Weekday,False,Clear,False,0.0,False,False,0.925,Severe,14.6,69.9,362.2,0.206,0.475,0.943,Heavy congestion detected - signal timing extended and reroute suggested
EVT442884,2025-08-03 17:46:03,Concert,J009,Majestic,10554,Weekend,False,Fog,False,0.0,False,False,0.735,High,14.9,58.9,242.3,0.129,0.297,0.969,Moderate traffic flow - standard adaptive signal timing in effect
EVT442885,2025-07-29 06:45:36,Trade Fair,J020,Malleshwaram Circle,13350,Weekday,False,Heavy Rain,True,35.7,False,False,0.802,Severe,14.0,60.7,391.5,0.21,0.484,0.893,Heavy rain reducing visibility and grip - reduced speed and longer buffer advised
EVT442886,2025-01-05 19:22:33,Trade Fair,J011,Indiranagar 100ft Road,7938,Weekend,False,Clear,False,0.0,False,False,0.746,High,16.0,55.5,421.7,0.242,0.559,0.967,Moderate traffic flow - standard adaptive signal timing in effect
EVT442887,2025-01-03 22:03:28,Concert,J011,Indiranagar 100ft Road,11718,Weekday,False,Clear,False,0.0,False,False,0.286,Low,30.0,22.8,122.2,0.088,0.204,0.971,Moderate traffic flow - standard adaptive signal timing in effect
EVT442888,2025-12-19 21:07:58,Trade Fair,J011,Indiranagar 100ft Road,8932,Weekday,False,Clear,False,0.0,False,False,0.462,Moderate,25.0,35.6,210.2,0.145,0.335,0.985,Moderate traffic flow - standard adaptive signal timing in effect
EVT442889,2026-03-01 12:21:01,Concert,J030,MG Road,17824,Weekend,False,Clear,False,0.0,False,False,0.416,Moderate,24.1,29.6,220.6,0.173,0.401,0.954,Moderate traffic flow - standard adaptive signal timing in effect
EVT442890,2026-04-28 13:37:09,Local Market Day,J040,City Market,2564,Weekday,False,Fog,False,0.0,False,False,0.098,Low,41.7,2.8,36.8,0.057,0.133,0.978,Normal free-flow traffic - standard signal timing maintained
EVT442891,2025-10-23 12:40:07,Sports Fixture,J009,Majestic,43091,Weekday,False,Clear,False,0.0,False,False,0.406,Moderate,21.6,24.0,233.2,0.163,0.376,0.937,Moderate traffic flow - standard adaptive signal timing in effect
EVT442892,2025-01-07 08:30:24,Trade Fair,J023,Basavanagudi,11882,Weekday,False,Clear,False,0.0,False,False,1.0,Severe,7.7,66.6,439.9,0.143,0.33,0.933,Heavy congestion detected - signal timing extended and reroute suggested
EVT442893,2026-03-29 09:50:00,Concert,J031,Cubbon Road,11164,Weekend,False,Clear,False,0.0,False,False,0.859,Severe,14.0,67.1,394.1,0.181,0.418,0.959,Heavy congestion detected - signal timing extended and reroute suggested
EVT442894,2025-04-11 08:38:50,Concert,J030,MG Road,7140,Weekday,False,Clear,False,0.0,False,False,0.992,Severe,9.3,71.0,652.3,0.257,0.594,0.922,Heavy congestion detected - signal timing extended and reroute suggested
EVT442895,2026-01-30 14:56:22,Sports Fixture,J012,Koramangala Sony World,24316,Weekday,False,Clear,False,0.0,False,False,0.341,Low,32.4,26.6,176.6,0.158,0.365,0.961,Moderate traffic flow - standard adaptive signal timing in effect
EVT442896,2026-03-16 08:22:17,Local Market Day,J012,Koramangala Sony World,3616,Weekday,False,Clear,False,0.0,False,False,0.94,Severe,10.9,74.2,459.2,0.203,0.469,0.924,Heavy congestion detected - signal timing extended and reroute suggested
EVT442897,2025-11-26 18:19:17,Sports Fixture,J040,City Market,15949,Weekday,False,Clear,False,0.0,False,False,1.0,Severe,6.7,72.5,872.6,0.225,0.52,0.934,Heavy congestion detected - signal timing extended and reroute suggested
EVT442898,2026-05-17 11:47:25,Political Rally,J009,Majestic,15557,Weekend,False,Clear,False,0.0,False,False,0.405,Moderate,33.3,31.6,165.6,0.149,0.344,0.977,Moderate traffic flow - standard adaptive signal timing in effect
EVT442899,2026-05-15 09:29:41,Local Market Day,J030,MG Road,3690,Weekday,False,Clear,False,0.0,False,False,0.955,Severe,10.6,77.4,686.5,0.304,0.702,0.926,Heavy congestion detected - signal timing extended and reroute suggested
EVT442900,2025-08-28 05:41:30,Religious Festival,J012,Koramangala Sony World,59293,Weekday,True,Rain,True,24.8,True,True,1.0,Severe,10.1,100.2,714.7,0.311,0.719,0.631,Road closure for event/procession - full detour recommended for through-traffic
EVT442901,2026-03-24 17:54:03,Local Market Day,J011,Indiranagar 100ft Road,3233,Weekday,False,Clear,False,0.0,False,False,0.974,Severe,10.5,66.9,454.7,0.195,0.45,0.918,Heavy congestion detected - signal timing extended and reroute suggested
EVT442902,2025-07-24 19:49:15,Trade Fair,J011,Indiranagar 100ft Road,9808,Weekday,False,Clear,False,0.0,False,False,0.759,Severe,15.7,53.0,378.0,0.212,0.49,0.99,Heavy congestion detected - signal timing extended and reroute suggested
EVT442903,2026-01-11 17:55:30,Sports Fixture,J011,Indiranagar 100ft Road,31694,Weekend,False,Clear,False,0.0,False,False,0.996,Severe,7.3,73.5,703.8,0.224,0.517,0.914,Heavy congestion detected - signal timing extended and reroute suggested
EVT442904,2025-12-08 17:54:14,Local Market Day,J023,Basavanagudi,4863,Weekday,False,Clear,False,0.0,False,False,0.95,Severe,9.6,69.0,633.4,0.241,0.557,0.891,Heavy congestion detected - signal timing extended and reroute suggested
EVT442905,2025-01-21 18:14:19,Trade Fair,J020,Malleshwaram Circle,10663,Weekday,False,Clear,False,0.0,False,False,1.0,Severe,9.5,75.4,395.0,0.156,0.361,0.913,Heavy congestion detected - signal timing extended and reroute suggested
EVT442906,2025-02-23 16:03:36,Local Market Day,J020,Malleshwaram Circle,3099,Weekend,False,Clear,False,0.0,False,False,0.431,Moderate,27.0,31.8,183.5,0.161,0.372,0.967,Moderate traffic flow - standard adaptive signal timing in effect
EVT442907,2026-04-05 09:44:16,Concert,J020,Malleshwaram Circle,22023,Weekend,False,Clear,False,0.0,False,False,0.939,Severe,9.1,69.6,521.6,0.176,0.406,0.945,Heavy congestion detected - signal timing extended and reroute suggested
EVT442908,2026-02-07 15:36:39,Local Market Day,J011,Indiranagar 100ft Road,3899,Weekend,False,Clear,False,0.0,False,False,0.331,Low,29.9,27.1,163.9,0.14,0.325,0.962,Moderate traffic flow - standard adaptive signal timing in effect
EVT442909,2026-05-24 17:40:08,Trade Fair,J031,Cubbon Road,20739,Weekend,False,Clear,False,0.0,False,False,0.956,Severe,11.6,71.2,206.4,0.082,0.189,0.946,Heavy congestion detected - signal timing extended and reroute suggested
EVT442910,2025-01-25 18:56:41,Concert,J012,Koramangala Sony World,10682,Weekend,False,Clear,False,0.0,False,False,0.881,Severe,13.5,67.5,254.0,0.118,0.272,0.926,Heavy congestion detected - signal timing extended and reroute suggested
EVT442911,2026-03-26 18:34:15,Cultural Procession,J012,Koramangala Sony World,17104,Weekday,True,Clear,False,0.0,False,True,1.0,Severe,7.6,94.1,481.0,0.17,0.393,0.834,Road closure for event/procession - full detour recommended for through-traffic
EVT442912,2025-10-29 13:39:48,Sports Fixture,J023,Basavanagudi,30794,Weekday,False,Heavy Rain,True,72.2,False,False,0.765,Severe,18.4,52.2,273.0,0.154,0.357,0.9,Heavy rain reducing visibility and grip - reduced speed and longer buffer advised
EVT442913,2025-09-20 17:50:19,Concert,J012,Koramangala Sony World,9502,Weekend,False,Clear,False,0.0,False,False,0.888,Severe,12.8,69.9,354.3,0.183,0.423,0.931,Heavy congestion detected - signal timing extended and reroute suggested
EVT442914,2026-03-12 11:37:20,Local Market Day,J020,Malleshwaram Circle,4056,Weekday,False,Clear,False,0.0,False,False,0.332,Low,24.1,19.0,248.6,0.163,0.377,0.942,Moderate traffic flow - standard adaptive signal timing in effect
EVT442915,2025-11-20 19:21:23,Local Market Day,J009,Majestic,2671,Weekday,False,Clear,False,0.0,False,False,0.967,Severe,7.7,71.6,587.8,0.191,0.441,0.922,Heavy congestion detected - signal timing extended and reroute suggested
EVT442916,2026-06-11 11:30:38,Trade Fair,J023,Basavanagudi,10940,Weekday,False,Clear,False,0.0,False,False,0.363,Moderate,31.7,31.4,98.1,0.072,0.166,0.974,Moderate traffic flow - standard adaptive signal timing in effect
EVT442917,2025-07-23 19:48:16,Local Market Day,J023,Basavanagudi,3935,Weekday,False,Heavy Rain,True,42.8,False,False,1.0,Severe,9.7,71.2,508.9,0.193,0.445,0.868,Heavy rain reducing visibility and grip - reduced speed and longer buffer advised
EVT442918,2025-07-28 17:30:29,Sports Fixture,J030,MG Road,36718,Weekday,False,Rain,True,24.1,False,False,1.0,Severe,8.0,68.6,331.2,0.112,0.26,0.859,Heavy rain reducing visibility and grip - reduced speed and longer buffer advised
EVT442919,2025-03-30 18:56:56,Religious Festival,J012,Koramangala Sony World,63752,Weekend,True,Light Rain,True,4.0,False,False,1.0,Severe,9.1,67.3,598.6,0.214,0.495,0.794,Festival crowd surge detected - alternate route and extended cycle recommended
EVT442920,2025-04-10 15:40:59,Local Market Day,J031,Cubbon Road,4562,Weekday,False,Clear,False,0.0,False,False,0.379,Moderate,26.2,27.8,69.3,0.053,0.122,0.964,Moderate traffic flow - standard adaptive signal timing in effect
EVT442921,2026-04-28 00:54:36,Local Market Day,J040,City Market,5548,Weekday,False,Clear,False,0.0,False,False,0.178,Low,44.9,9.3,115.9,0.13,0.301,0.955,Normal free-flow traffic - standard signal timing maintained
EVT442922,2025-05-08 09:51:24,Local Market Day,J040,City Market,2080,Weekday,False,Clear,False,0.0,False,False,0.842,Severe,12.2,65.0,383.1,0.174,0.401,0.949,Heavy congestion detected - signal timing extended and reroute suggested
EVT442923,2025-07-08 20:18:33,Concert,J023,Basavanagudi,7506,Weekday,False,Clear,False,0.0,False,False,0.72,High,15.3,50.0,204.0,0.124,0.287,0.99,Moderate traffic flow - standard adaptive signal timing in effect
EVT442924,2025-05-16 10:30:24,Trade Fair,J023,Basavanagudi,7223,Weekday,False,Clear,False,0.0,False,False,0.613,High,19.4,49.8,310.4,0.189,0.437,0.942,Moderate traffic flow - standard adaptive signal timing in effect
EVT442925,2026-05-13 09:00:06,Political Rally,J009,Majestic,12312,Weekday,False,Clear,False,0.0,False,False,1.0,Severe,7.4,70.4,502.7,0.178,0.412,0.932,Heavy congestion detected - signal timing extended and reroute suggested
EVT442926,2026-01-18 09:03:07,Concert,J031,Cubbon Road,10504,Weekend,False,Clear,False,0.0,False,False,0.951,Severe,12.8,71.9,321.4,0.185,0.428,0.92,Heavy congestion detected - signal timing extended and reroute suggested
EVT442927,2025-09-27 09:58:24,Local Market Day,J009,Majestic,3671,Weekend,False,Clear,False,0.0,False,False,0.734,High,18.2,63.2,196.9,0.119,0.276,0.954,Moderate traffic flow - standard adaptive signal timing in effect
EVT442928,2026-01-12 13:19:50,Sports Fixture,J031,Cubbon Road,12988,Weekday,False,Clear,False,0.0,False,False,0.208,Low,28.5,17.7,151.1,0.122,0.282,0.98,Normal free-flow traffic - standard signal timing maintained
EVT442929,2025-07-27 13:06:55,Local Market Day,J040,City Market,2146,Weekend,False,Fog,False,0.0,False,False,0.286,Low,26.2,19.4,139.8,0.084,0.195,0.958,Moderate traffic flow - standard adaptive signal timing in effect
EVT442930,2025-12-30 07:16:43,Concert,J009,Majestic,13608,Weekday,False,Clear,False,0.0,False,False,0.563,High,22.8,42.8,240.1,0.181,0.418,0.989,Moderate traffic flow - standard adaptive signal timing in effect
EVT442931,2026-01-12 18:52:11,Concert,J023,Basavanagudi,12729,Weekday,False,Clear,False,0.0,False,False,1.0,Severe,7.0,70.0,779.4,0.25,0.577,0.897,Heavy congestion detected - signal timing extended and reroute suggested
EVT442932,2026-03-06 07:17:11,Political Rally,J023,Basavanagudi,9511,Weekday,False,Clear,False,0.0,False,False,0.493,Moderate,22.8,36.1,231.1,0.171,0.396,0.973,Moderate traffic flow - standard adaptive signal timing in effect
EVT442933,2026-04-25 18:29:44,Trade Fair,J030,MG Road,5185,Weekend,False,Clear,False,0.0,False,False,0.863,Severe,14.4,61.6,473.6,0.243,0.561,0.928,Heavy congestion detected - signal timing extended and reroute suggested
EVT442934,2025-07-11 09:49:26,Local Market Day,J020,Malleshwaram Circle,5109,Weekday,False,Heavy Rain,True,84.8,False,False,1.0,Severe,9.1,68.4,647.0,0.221,0.51,0.862,Heavy rain reducing visibility and grip - reduced speed and longer buffer advised
EVT442935,2025-06-12 17:05:46,Local Market Day,J009,Majestic,7478,Weekday,False,Clear,False,0.0,False,False,0.79,Severe,15.9,55.2,364.4,0.209,0.482,0.964,Heavy congestion detected - signal timing extended and reroute suggested
EVT442936,2025-04-13 00:54:21,Sports Fixture,J009,Majestic,41779,Weekend,False,Clear,False,0.0,False,False,0.495,Moderate,20.6,39.3,208.5,0.131,0.302,0.969,Moderate traffic flow - standard adaptive signal timing in effect
EVT442937,2026-04-21 08:29:27,Concert,J012,Koramangala Sony World,12574,Weekday,False,Light Rain,True,3.2,False,False,1.0,Severe,10.0,70.0,685.3,0.277,0.641,0.879,Heavy rain reducing visibility and grip - reduced speed and longer buffer advised
EVT442938,2025-11-22 21:59:07,Concert,J031,Cubbon Road,10771,Weekend,False,Clear,False,0.0,False,False,0.425,Moderate,19.8,31.2,242.0,0.129,0.297,0.976,Moderate traffic flow - standard adaptive signal timing in effect
EVT442939,2026-04-06 18:53:02,Political Rally,J020,Malleshwaram Circle,8230,Weekday,False,Clear,False,0.0,False,False,1.0,Severe,8.8,65.7,597.6,0.227,0.524,0.934,Heavy congestion detected - signal timing extended and reroute suggested
EVT442940,2026-03-27 18:31:34,Religious Festival,J009,Majestic,36352,Weekday,True,Clear,False,0.0,False,True,1.0,Severe,10.2,101.8,356.1,0.154,0.356,0.853,Road closure for event/procession - full detour recommended for through-traffic
EVT442941,2025-07-01 17:47:30,Sports Fixture,J011,Indiranagar 100ft Road,19923,Weekday,False,Heavy Rain,True,36.1,False,False,1.0,Severe,9.8,67.4,405.2,0.186,0.429,0.878,Heavy rain reducing visibility and grip - reduced speed and longer buffer advised
EVT442942,2025-07-29 11:26:04,Trade Fair,J030,MG Road,9293,Weekday,False,Clear,False,0.0,False,False,0.4,Moderate,27.2,27.6,169.7,0.104,0.24,0.963,Moderate traffic flow - standard adaptive signal timing in effect
EVT442943,2025-09-26 06:14:51,Concert,J040,City Market,10648,Weekday,False,Clear,False,0.0,False,False,0.317,Low,30.3,19.6,145.3,0.115,0.267,0.935,Moderate traffic flow - standard adaptive signal timing in effect
EVT442944,2025-09-01 11:40:37,Sports Fixture,J040,City Market,40751,Weekday,False,Clear,False,0.0,False,False,0.482,Moderate,29.9,33.3,170.5,0.158,0.365,0.948,Moderate traffic flow - standard adaptive signal timing in effect
EVT442945,2025-04-10 17:48:26,Trade Fair,J040,City Market,5317,Weekday,False,Clear,False,0.0,False,False,0.988,Severe,8.9,69.9,603.9,0.215,0.496,0.934,Heavy congestion detected - signal timing extended and reroute suggested
EVT442946,2026-06-10 08:10:14,Sports Fixture,J023,Basavanagudi,19303,Weekday,False,Rain,True,15.8,False,False,1.0,Severe,7.2,69.2,588.0,0.184,0.424,0.852,Heavy rain reducing visibility and grip - reduced speed and longer buffer advised
EVT442947,2025-06-18 19:01:59,Trade Fair,J020,Malleshwaram Circle,11687,Weekday,False,Fog,False,0.0,False,False,1.0,Severe,9.0,70.7,482.4,0.188,0.434,0.911,Heavy congestion detected - signal timing extended and reroute suggested
EVT442948,2026-01-18 19:01:18,Concert,J030,MG Road,10339,Weekend,False,Clear,False,0.0,False,False,0.921,Severe,10.0,63.1,629.2,0.247,0.572,0.942,Heavy congestion detected - signal timing extended and reroute suggested
EVT442949,2025-09-26 09:35:38,Sports Fixture,J031,Cubbon Road,23302,Weekday,False,Clear,False,0.0,False,False,1.0,Severe,8.2,73.2,334.1,0.108,0.249,0.899,Heavy congestion detected - signal timing extended and reroute suggested
EVT442950,2025-05-12 16:31:37,Trade Fair,J011,Indiranagar 100ft Road,9665,Weekday,False,Clear,False,0.0,False,False,0.496,Moderate,24.3,34.1,173.2,0.146,0.337,0.974,Moderate traffic flow - standard adaptive signal timing in effect
EVT442951,2025-07-02 08:15:29,Trade Fair,J020,Malleshwaram Circle,7577,Weekday,False,Clear,False,0.0,False,False,0.868,Severe,12.2,66.3,495.7,0.233,0.538,0.942,Heavy congestion detected - signal timing extended and reroute suggested
EVT442952,2026-06-28 19:16:21,Trade Fair,J023,Basavanagudi,16838,Weekend,False,Rain,True,17.4,False,False,1.0,Severe,9.0,68.5,528.2,0.195,0.45,0.869,Heavy rain reducing visibility and grip - reduced speed and longer buffer advised
EVT442953,2026-03-24 18:25:27,Trade Fair,J020,Malleshwaram Circle,11662,Weekday,False,Clear,False,0.0,False,False,1.0,Severe,7.2,76.0,800.3,0.235,0.543,0.895,Heavy congestion detected - signal timing extended and reroute suggested
EVT442954,2025-04-20 10:29:29,Sports Fixture,J040,City Market,19791,Weekend,False,Clear,False,0.0,False,False,0.759,Severe,14.8,62.4,503.1,0.278,0.642,0.99,Heavy congestion detected - signal timing extended and reroute suggested
EVT442955,2025-05-13 17:44:38,Trade Fair,J012,Koramangala Sony World,16224,Weekday,False,Clear,False,0.0,False,False,1.0,Severe,7.2,77.2,730.8,0.215,0.496,0.913,Heavy congestion detected - signal timing extended and reroute suggested
EVT442956,2025-03-23 11:40:50,Concert,J009,Majestic,9818,Weekend,False,Clear,False,0.0,False,False,0.356,Moderate,31.9,29.6,177.1,0.153,0.353,0.968,Moderate traffic flow - standard adaptive signal timing in effect
EVT442957,2025-12-14 19:53:42,Sports Fixture,J040,City Market,33285,Weekend,False,Clear,False,0.0,False,False,0.871,Severe,11.7,65.8,538.6,0.273,0.631,0.942,Heavy congestion detected - signal timing extended and reroute suggested
EVT442958,2025-01-04 07:40:55,Political Rally,J009,Majestic,8911,Weekend,False,Clear,False,0.0,False,False,0.672,High,21.4,48.7,401.8,0.278,0.643,0.956,Moderate traffic flow - standard adaptive signal timing in effect
EVT442959,2026-02-12 18:59:12,Local Market Day,J012,Koramangala Sony World,3632,Weekday,False,Clear,False,0.0,False,False,1.0,Severe,7.6,77.0,598.9,0.188,0.434,0.92,Heavy congestion detected - signal timing extended and reroute suggested
EVT442960,2026-02-21 18:11:50,Sports Fixture,J030,MG Road,21188,Weekend,False,Clear,False,0.0,False,False,0.927,Severe,12.2,66.7,536.3,0.257,0.593,0.927,Heavy congestion detected - signal timing extended and reroute suggested
EVT442961,2026-03-30 15:27:48,Local Market Day,J030,MG Road,4629,Weekday,False,Clear,False,0.0,False,False,0.34,Low,30.1,26.3,148.1,0.128,0.295,0.99,Moderate traffic flow - standard adaptive signal timing in effect
EVT442962,2025-10-28 16:08:50,Local Market Day,J031,Cubbon Road,2843,Weekday,False,Fog,False,0.0,False,False,0.389,Moderate,29.3,37.7,180.9,0.138,0.319,0.938,Moderate traffic flow - standard adaptive signal timing in effect
EVT442963,2025-12-02 13:11:37,Political Rally,J031,Cubbon Road,17475,Weekday,False,Clear,False,0.0,False,False,0.303,Low,34.5,21.7,53.5,0.05,0.116,0.985,Moderate traffic flow - standard adaptive signal timing in effect
EVT442964,2025-12-27 18:23:20,Local Market Day,J020,Malleshwaram Circle,8310,Weekend,False,Light Rain,True,0.9,False,False,0.94,Severe,8.9,73.9,559.1,0.214,0.495,0.863,Heavy rain reducing visibility and grip - reduced speed and longer buffer advised
EVT442965,2026-05-10 17:56:22,Trade Fair,J012,Koramangala Sony World,8425,Weekend,False,Clear,False,0.0,False,False,0.862,Severe,12.4,64.8,467.1,0.217,0.501,0.94,Heavy congestion detected - signal timing extended and reroute suggested
EVT442966,2026-03-18 18:52:51,Concert,J009,Majestic,24398,Weekday,False,Light Rain,True,3.6,False,False,1.0,Severe,8.7,70.0,535.3,0.209,0.483,0.868,Heavy rain reducing visibility and grip - reduced speed and longer buffer advised
EVT442967,2025-02-15 21:04:33,Local Market Day,J009,Majestic,9092,Weekend,False,Clear,False,0.0,False,False,0.416,Moderate,27.4,26.6,143.2,0.122,0.282,0.968,Moderate traffic flow - standard adaptive signal timing in effect
EVT442968,2025-02-04 15:33:55,Political Rally,J040,City Market,14100,Weekday,False,Clear,False,0.0,False,False,0.28,Low,23.3,24.1,212.3,0.15,0.346,0.946,Moderate traffic flow - standard adaptive signal timing in effect
EVT442969,2026-03-29 20:56:17,Local Market Day,J009,Majestic,2050,Weekend,False,Clear,False,0.0,False,False,0.458,Moderate,24.9,35.8,243.6,0.159,0.367,0.969,Moderate traffic flow - standard adaptive signal timing in effect
EVT442970,2026-05-21 09:20:16,Concert,J011,Indiranagar 100ft Road,8322,Weekday,False,Clear,False,0.0,False,False,0.99,Severe,9.2,75.0,566.1,0.212,0.489,0.904,Heavy congestion detected - signal timing extended and reroute suggested
EVT442971,2025-01-02 19:32:54,Local Market Day,J020,Malleshwaram Circle,2818,Weekday,False,Clear,False,0.0,False,False,0.813,Severe,13.7,53.9,263.2,0.146,0.337,0.94,Heavy congestion detected - signal timing extended and reroute suggested
EVT442972,2025-05-12 18:57:48,Local Market Day,J011,Indiranagar 100ft Road,4123,Weekday,False,Light Rain,True,2.3,False,False,1.0,Severe,7.0,67.8,457.6,0.133,0.308,0.868,Heavy rain reducing visibility and grip - reduced speed and longer buffer advised
EVT442973,2025-06-28 11:09:09,Local Market Day,J030,MG Road,6671,Weekend,False,Light Rain,True,5.8,False,False,0.499,Moderate,27.5,35.7,207.5,0.172,0.398,0.935,Light rain detected - minor speed reduction advised
EVT442974,2025-10-05 16:43:22,Local Market Day,J011,Indiranagar 100ft Road,3332,Weekend,False,Rain,True,10.6,False,False,0.712,High,17.5,50.7,288.0,0.176,0.407,0.904,Heavy rain reducing visibility and grip - reduced speed and longer buffer advised
EVT442975,2025-08-24 17:38:25,Local Market Day,J031,Cubbon Road,2440,Weekend,False,Clear,False,0.0,False,False,0.747,High,18.7,49.5,424.2,0.278,0.643,0.99,Moderate traffic flow - standard adaptive signal timing in effect
EVT442976,2025-10-12 18:43:24,Concert,J040,City Market,10973,Weekend,False,Clear,False,0.0,False,False,0.976,Severe,7.8,54.7,961.1,0.315,0.728,0.947,Heavy congestion detected - signal timing extended and reroute suggested
EVT442977,2025-03-18 22:31:41,Concert,J040,City Market,11672,Weekday,False,Clear,False,0.0,False,False,0.212,Low,30.6,16.4,144.4,0.102,0.235,0.958,Normal free-flow traffic - standard signal timing maintained
EVT442978,2025-07-31 17:04:43,Local Market Day,J011,Indiranagar 100ft Road,5765,Weekday,False,Clear,False,0.0,False,False,0.769,Severe,16.7,56.5,248.8,0.152,0.351,0.986,Heavy congestion detected - signal timing extended and reroute suggested
EVT442979,2026-01-29 19:01:55,Local Market Day,J020,Malleshwaram Circle,4091,Weekday,False,Clear,False,0.0,False,False,0.883,Severe,12.2,63.0,264.2,0.129,0.298,0.926,Heavy congestion detected - signal timing extended and reroute suggested
EVT442980,2025-02-18 17:34:40,Trade Fair,J040,City Market,5109,Weekday,False,Clear,False,0.0,False,False,0.861,Severe,14.5,59.0,363.3,0.198,0.457,0.94,Heavy congestion detected - signal timing extended and reroute suggested
EVT442981,2026-01-17 07:10:09,Sports Fixture,J023,Basavanagudi,24827,Weekend,False,Clear,False,0.0,False,False,0.542,Moderate,26.9,40.6,121.0,0.091,0.211,0.971,Moderate traffic flow - standard adaptive signal timing in effect
EVT442982,2026-04-14 17:15:46,Religious Festival,J011,Indiranagar 100ft Road,39381,Weekday,True,Clear,False,0.0,False,True,1.0,Severe,10.8,99.6,625.5,0.269,0.622,0.852,Road closure for event/procession - full detour recommended for through-traffic
EVT442983,2025-10-30 10:21:49,Sports Fixture,J030,MG Road,24422,Weekday,False,Light Rain,True,7.4,False,False,0.985,Severe,9.6,71.8,452.8,0.177,0.408,0.884,Heavy rain reducing visibility and grip - reduced speed and longer buffer advised
EVT442984,2025-11-01 17:36:28,Cultural Procession,J030,MG Road,14947,Weekend,True,Clear,False,0.0,False,True,1.0,Severe,7.0,103.3,518.0,0.173,0.4,0.827,Road closure for event/procession - full detour recommended for through-traffic
EVT442985,2025-03-26 17:46:01,Sports Fixture,J023,Basavanagudi,14195,Weekday,False,Clear,False,0.0,False,False,0.981,Severe,7.9,76.9,351.1,0.12,0.277,0.928,Heavy congestion detected - signal timing extended and reroute suggested
EVT442986,2025-12-21 16:12:05,Political Rally,J012,Koramangala Sony World,18047,Weekend,False,Clear,False,0.0,False,False,0.614,High,24.0,45.7,96.3,0.061,0.141,0.934,Moderate traffic flow - standard adaptive signal timing in effect
EVT442987,2025-10-13 17:44:50,Sports Fixture,J023,Basavanagudi,34639,Weekday,False,Clear,False,0.0,False,False,1.0,Severe,9.3,74.5,568.5,0.213,0.492,0.933,Heavy congestion detected - signal timing extended and reroute suggested
EVT442988,2025-05-19 11:53:00,Trade Fair,J031,Cubbon Road,14596,Weekday,False,Heavy Rain,True,25.0,False,False,0.562,High,20.4,38.8,278.8,0.168,0.388,0.909,Heavy rain reducing visibility and grip - reduced speed and longer buffer advised
EVT442989,2026-03-24 15:23:11,Concert,J009,Majestic,10202,Weekday,False,Clear,False,0.0,False,False,0.354,Moderate,31.0,29.1,170.5,0.149,0.344,0.955,Moderate traffic flow - standard adaptive signal timing in effect
EVT442990,2025-04-09 17:26:50,Sports Fixture,J020,Malleshwaram Circle,30132,Weekday,False,Clear,False,0.0,False,False,0.999,Severe,9.2,78.1,374.7,0.151,0.348,0.919,Heavy congestion detected - signal timing extended and reroute suggested
EVT442991,2025-04-12 16:11:42,Local Market Day,J011,Indiranagar 100ft Road,4013,Weekend,False,Clear,False,0.0,False,False,0.493,Moderate,22.1,34.1,160.8,0.096,0.221,0.959,Moderate traffic flow - standard adaptive signal timing in effect
EVT442992,2025-07-29 21:11:03,Sports Fixture,J009,Majestic,9909,Weekday,False,Rain,True,8.6,False,False,0.562,High,19.4,41.5,212.1,0.127,0.294,0.923,Heavy rain reducing visibility and grip - reduced speed and longer buffer advised
EVT442993,2025-10-04 17:16:38,Local Market Day,J030,MG Road,4312,Weekend,False,Clear,False,0.0,False,False,0.638,High,17.9,46.7,267.2,0.162,0.374,0.956,Moderate traffic flow - standard adaptive signal timing in effect
EVT442994,2026-02-06 09:52:27,Concert,J023,Basavanagudi,8132,Weekday,False,Clear,False,0.0,False,False,0.854,Severe,15.3,51.4,276.9,0.14,0.325,0.955,Heavy congestion detected - signal timing extended and reroute suggested
EVT442995,2025-03-20 11:02:02,Political Rally,J023,Basavanagudi,12973,Weekday,False,Clear,False,0.0,False,False,0.459,Moderate,23.7,23.8,112.5,0.088,0.202,0.981,Moderate traffic flow - standard adaptive signal timing in effect
EVT442996,2026-03-04 13:44:29,Religious Festival,J040,City Market,23623,Weekday,True,Clear,False,0.0,False,False,0.531,Moderate,26.9,43.3,218.4,0.163,0.376,0.898,Festival crowd surge detected - alternate route and extended cycle recommended
EVT442997,2026-03-20 16:39:43,Religious Festival,J020,Malleshwaram Circle,57805,Weekday,True,Clear,False,0.0,False,True,1.0,Severe,8.4,96.2,591.7,0.219,0.506,0.825,Road closure for event/procession - full detour recommended for through-traffic
EVT442998,2025-10-29 07:23:40,Sports Fixture,J040,City Market,22044,Weekday,False,Heavy Rain,True,34.4,False,False,1.0,Severe,7.2,68.1,726.1,0.214,0.494,0.869,Heavy rain reducing visibility and grip - reduced speed and longer buffer advised
EVT442999,2025-07-12 15:10:25,Sports Fixture,J009,Majestic,26860,Weekend,False,Heavy Rain,True,27.5,False,False,0.694,High,17.6,48.5,313.6,0.196,0.452,0.917,Heavy rain reducing visibility and grip - reduced speed and longer buffer advised
EVT443000,2026-06-15 12:49:13,Trade Fair,J011,Indiranagar 100ft Road,10170,Weekday,False,Fog,False,0.0,False,False,0.272,Low,31.4,23.9,140.2,0.109,0.253,0.969,Moderate traffic flow - standard adaptive signal timing in effect
EVT443001,2025-11-20 13:58:58,Trade Fair,J030,MG Road,11047,Weekday,False,Clear,False,0.0,False,False,0.218,Low,31.3,20.5,217.1,0.196,0.452,0.955,Normal free-flow traffic - standard signal timing maintained
EVT443002,2026-04-11 19:17:48,Concert,J040,City Market,8093,Weekend,False,Clear,False,0.0,False,False,0.705,High,13.3,52.2,291.1,0.155,0.359,0.942,Moderate traffic flow - standard adaptive signal timing in effect
EVT443003,2025-04-12 23:45:50,Concert,J030,MG Road,6254,Weekend,False,Clear,False,0.0,False,False,0.219,Low,32.4,6.8,85.1,0.076,0.176,0.976,Normal free-flow traffic - standard signal timing maintained
EVT443004,2026-06-23 13:00:45,Local Market Day,J031,Cubbon Road,3187,Weekday,False,Clear,False,0.0,False,False,0.167,Low,32.2,10.4,168.0,0.141,0.325,0.962,Normal free-flow traffic - standard signal timing maintained
EVT443005,2026-06-29 17:20:13,Local Market Day,J020,Malleshwaram Circle,6003,Weekday,False,Clear,False,0.0,False,False,0.81,Severe,14.6,53.7,312.6,0.169,0.391,0.977,Heavy congestion detected - signal timing extended and reroute suggested
EVT443006,2026-05-08 20:18:17,Political Rally,J009,Majestic,13066,Weekday,False,Clear,False,0.0,False,False,0.662,High,17.2,50.2,248.9,0.143,0.329,0.961,Moderate traffic flow - standard adaptive signal timing in effect
EVT443007,2025-10-22 13:46:11,Religious Festival,J011,Indiranagar 100ft Road,32294,Weekday,True,Clear,False,0.0,False,False,0.563,High,23.6,38.4,233.7,0.172,0.396,0.923,Festival crowd surge detected - alternate route and extended cycle recommended
EVT443008,2025-11-25 18:40:32,Trade Fair,J031,Cubbon Road,8303,Weekday,False,Clear,False,0.0,False,False,1.0,Severe,8.9,75.2,806.9,0.286,0.66,0.933,Heavy congestion detected - signal timing extended and reroute suggested
EVT443009,2026-03-31 18:37:21,Concert,J023,Basavanagudi,8408,Weekday,False,Clear,False,0.0,False,False,0.996,Severe,6.8,71.9,655.9,0.201,0.465,0.899,Heavy congestion detected - signal timing extended and reroute suggested
EVT443010,2025-02-21 19:31:42,Concert,J020,Malleshwaram Circle,16266,Weekday,False,Clear,False,0.0,False,False,0.833,Severe,13.5,56.7,193.2,0.098,0.226,0.964,Heavy congestion detected - signal timing extended and reroute suggested
EVT443011,2026-06-02 17:44:01,Concert,J023,Basavanagudi,16177,Weekday,False,Clear,False,0.0,False,False,0.97,Severe,8.5,71.2,337.5,0.114,0.262,0.918,Heavy congestion detected - signal timing extended and reroute suggested
EVT443012,2025-11-03 14:37:05,Political Rally,J011,Indiranagar 100ft Road,13724,Weekday,False,Clear,False,0.0,False,False,0.279,Low,30.6,23.6,199.9,0.144,0.333,0.958,Moderate traffic flow - standard adaptive signal timing in effect
EVT443013,2026-06-18 05:09:03,Trade Fair,J023,Basavanagudi,12185,Weekday,False,Clear,False,0.0,False,False,0.239,Low,38.6,15.2,42.9,0.062,0.143,0.971,Normal free-flow traffic - standard signal timing maintained
EVT443014,2026-03-09 07:34:47,Sports Fixture,J023,Basavanagudi,21902,Weekday,False,Clear,False,0.0,False,False,0.758,Severe,14.7,55.1,417.8,0.222,0.513,0.951,Heavy congestion detected - signal timing extended and reroute suggested
EVT443015,2025-12-12 11:14:16,Local Market Day,J040,City Market,3428,Weekday,False,Clear,False,0.0,False,False,0.444,Moderate,25.6,36.8,207.4,0.156,0.36,0.99,Moderate traffic flow - standard adaptive signal timing in effect
EVT443016,2026-04-22 18:28:46,Concert,J040,City Market,16250,Weekday,False,Clear,False,0.0,False,False,1.0,Severe,7.7,78.4,672.0,0.228,0.527,0.916,Heavy congestion detected - signal timing extended and reroute suggested
EVT443017,2026-03-19 20:47:08,Cultural Procession,J009,Majestic,10458,Weekday,True,Clear,False,0.0,False,True,0.863,High,16.1,88.8,363.2,0.198,0.457,0.862,Road closure for event/procession - full detour recommended for through-traffic
EVT443018,2025-08-28 16:18:32,Fireworks Display,J040,City Market,27538,Weekday,True,Rain,True,23.3,False,False,1.0,Severe,6.9,68.5,390.0,0.121,0.279,0.823,Festival crowd surge detected - alternate route and extended cycle recommended
EVT443019,2025-02-11 18:27:21,Local Market Day,J030,MG Road,2500,Weekday,False,Clear,False,0.0,False,False,0.973,Severe,8.7,72.4,609.5,0.228,0.528,0.922,Heavy congestion detected - signal timing extended and reroute suggested
EVT443020,2026-04-01 09:48:21,Sports Fixture,J012,Koramangala Sony World,20869,Weekday,False,Clear,False,0.0,False,False,0.911,Severe,12.4,68.9,530.3,0.231,0.533,0.947,Heavy congestion detected - signal timing extended and reroute suggested
EVT443021,2025-12-11 15:19:30,Local Market Day,J040,City Market,3474,Weekday,False,Clear,False,0.0,False,False,0.314,Low,25.7,22.4,109.7,0.084,0.193,0.957,Moderate traffic flow - standard adaptive signal timing in effect
EVT443022,2026-03-17 20:21:05,Local Market Day,J023,Basavanagudi,4554,Weekday,False,Clear,False,0.0,False,False,0.567,High,24.0,40.3,178.3,0.118,0.273,0.982,Moderate traffic flow - standard adaptive signal timing in effect
EVT443023,2025-01-17 17:55:29,Trade Fair,J031,Cubbon Road,9968,Weekday,False,Clear,False,0.0,False,False,1.0,Severe,11.0,71.7,464.8,0.223,0.514,0.904,Heavy congestion detected - signal timing extended and reroute suggested
EVT443024,2026-01-16 22:56:43,Sports Fixture,J020,Malleshwaram Circle,20643,Weekday,False,Clear,False,0.0,False,False,0.324,Low,29.2,22.2,203.9,0.185,0.427,0.955,Moderate traffic flow - standard adaptive signal timing in effect
EVT443025,2025-08-31 21:12:14,Sports Fixture,J030,MG Road,18166,Weekend,False,Clear,False,0.0,False,False,0.49,Moderate,20.2,40.8,239.5,0.155,0.358,0.965,Moderate traffic flow - standard adaptive signal timing in effect
EVT443026,2026-05-11 12:56:11,Local Market Day,J030,MG Road,5374,Weekday,False,Clear,False,0.0,False,False,0.124,Low,30.7,10.5,73.0,0.057,0.132,0.963,Normal free-flow traffic - standard signal timing maintained
EVT443027,2026-04-05 04:23:53,Concert,J009,Majestic,20282,Weekend,False,Clear,False,0.0,False,False,0.344,Low,25.9,22.8,193.7,0.135,0.312,0.966,Moderate traffic flow - standard adaptive signal timing in effect
EVT443028,2026-04-29 19:12:34,Local Market Day,J040,City Market,3956,Weekday,False,Clear,False,0.0,False,False,0.941,Severe,9.2,65.3,560.7,0.195,0.45,0.927,Heavy congestion detected - signal timing extended and reroute suggested
EVT443029,2025-03-21 09:01:51,Sports Fixture,J011,Indiranagar 100ft Road,20240,Weekday,False,Clear,False,0.0,False,False,1.0,Severe,9.0,73.9,216.9,0.088,0.204,0.911,Heavy congestion detected - signal timing extended and reroute suggested
EVT443030,2026-04-20 08:45:34,Concert,J012,Koramangala Sony World,9822,Weekday,False,Rain,True,10.8,False,False,1.0,Severe,8.6,74.1,670.4,0.215,0.496,0.842,Heavy rain reducing visibility and grip - reduced speed and longer buffer advised
EVT443031,2026-02-08 20:07:45,Trade Fair,J040,City Market,3912,Weekend,False,Fog,False,0.0,False,False,0.648,High,22.5,42.8,315.9,0.212,0.49,0.96,Moderate traffic flow - standard adaptive signal timing in effect
EVT443032,2025-12-01 20:57:39,Local Market Day,J012,Koramangala Sony World,3457,Weekday,False,Clear,False,0.0,False,False,0.426,Moderate,30.2,28.9,193.4,0.172,0.398,0.98,Moderate traffic flow - standard adaptive signal timing in effect
EVT443033,2025-08-27 09:36:06,Cultural Procession,J023,Basavanagudi,29817,Weekday,True,Clear,False,0.0,False,False,1.0,Severe,9.4,65.4,661.7,0.253,0.584,0.892,Festival crowd surge detected - alternate route and extended cycle recommended
EVT443034,2026-06-08 13:59:29,Sports Fixture,J023,Basavanagudi,23797,Weekday,False,Clear,False,0.0,False,False,0.316,Low,33.2,21.4,117.0,0.098,0.225,0.942,Moderate traffic flow - standard adaptive signal timing in effect
EVT443035,2026-05-26 18:57:29,Sports Fixture,J012,Koramangala Sony World,23450,Weekday,False,Fog,False,0.0,False,False,1.0,Severe,9.2,71.4,496.0,0.188,0.434,0.95,Heavy congestion detected - signal timing extended and reroute suggested
EVT443036,2026-06-12 22:02:26,Concert,J009,Majestic,10925,Weekday,False,Clear,False,0.0,False,False,0.275,Low,27.4,21.5,199.1,0.146,0.337,0.968,Moderate traffic flow - standard adaptive signal timing in effect
EVT443037,2025-04-30 19:14:08,Sports Fixture,J030,MG Road,20949,Weekday,False,Light Rain,True,1.4,False,False,1.0,Severe,8.9,71.3,280.4,0.122,0.283,0.868,Heavy rain reducing visibility and grip - reduced speed and longer buffer advised
EVT443038,2026-03-13 06:55:11,Local Market Day,J040,City Market,5758,Weekday,False,Clear,False,0.0,False,False,0.331,Low,25.5,22.5,144.2,0.107,0.247,0.947,Moderate traffic flow - standard adaptive signal timing in effect
EVT443039,2025-09-08 19:48:51,Local Market Day,J009,Majestic,3272,Weekday,False,Rain,True,20.3,False,False,1.0,Severe,7.3,72.6,930.3,0.273,0.631,0.855,Heavy rain reducing visibility and grip - reduced speed and longer buffer advised
EVT443040,2026-01-13 06:02:03,Sports Fixture,J009,Majestic,23987,Weekday,False,Clear,False,0.0,False,False,0.379,Moderate,35.1,26.9,62.3,0.061,0.141,0.961,Moderate traffic flow - standard adaptive signal timing in effect
EVT443041,2025-10-10 18:19:57,Trade Fair,J020,Malleshwaram Circle,6187,Weekday,False,Clear,False,0.0,False,False,1.0,Severe,9.3,73.9,397.4,0.141,0.326,0.928,Heavy congestion detected - signal timing extended and reroute suggested
EVT443042,2025-06-10 17:33:12,Local Market Day,J012,Koramangala Sony World,3219,Weekday,False,Heavy Rain,True,51.6,False,False,1.0,Severe,7.9,69.5,725.3,0.223,0.516,0.85,Heavy rain reducing visibility and grip - reduced speed and longer buffer advised
EVT443043,2026-04-22 19:17:07,Concert,J023,Basavanagudi,8065,Weekday,False,Rain,True,9.0,False,False,1.0,Severe,9.0,77.7,477.6,0.182,0.421,0.858,Heavy rain reducing visibility and grip - reduced speed and longer buffer advised
EVT443044,2025-01-13 13:04:18,Sports Fixture,J012,Koramangala Sony World,27782,Weekday,False,Clear,False,0.0,False,False,0.327,Low,28.0,21.0,239.1,0.197,0.455,0.935,Moderate traffic flow - standard adaptive signal timing in effect
EVT443045,2025-08-26 13:59:09,Local Market Day,J023,Basavanagudi,5995,Weekday,False,Heavy Rain,True,30.1,False,False,0.501,Moderate,29.1,38.4,134.5,0.109,0.251,0.908,Light rain detected - minor speed reduction advised
EVT443046,2025-07-30 10:28:50,Political Rally,J031,Cubbon Road,19094,Weekday,False,Heavy Rain,True,42.0,False,False,1.0,Severe,8.9,74.4,389.9,0.15,0.346,0.882,Heavy rain reducing visibility and grip - reduced speed and longer buffer advised
EVT443047,2026-03-14 18:45:50,Sports Fixture,J020,Malleshwaram Circle,15998,Weekend,False,Clear,False,0.0,False,False,0.901,Severe,15.2,65.3,209.1,0.115,0.265,0.928,Heavy congestion detected - signal timing extended and reroute suggested
EVT443048,2025-12-07 16:44:22,Trade Fair,J012,Koramangala Sony World,7605,Weekend,False,Clear,False,0.0,False,False,0.579,High,23.2,40.7,309.6,0.212,0.49,0.949,Moderate traffic flow - standard adaptive signal timing in effect
EVT443049,2025-03-25 13:50:01,Sports Fixture,J011,Indiranagar 100ft Road,11963,Weekday,False,Clear,False,0.0,False,False,0.182,Low,39.6,16.8,75.2,0.073,0.168,0.97,Normal free-flow traffic - standard signal timing maintained
EVT443050,2025-08-23 11:15:53,Sports Fixture,J023,Basavanagudi,28075,Weekend,False,Heavy Rain,True,31.4,False,False,0.875,Severe,12.9,59.7,336.6,0.17,0.393,0.9,Heavy rain reducing visibility and grip - reduced speed and longer buffer advised
EVT443051,2026-01-03 16:27:48,Political Rally,J020,Malleshwaram Circle,15168,Weekend,False,Clear,False,0.0,False,False,0.637,High,20.0,46.9,299.0,0.168,0.388,0.979,Moderate traffic flow - standard adaptive signal timing in effect
EVT443052,2026-01-13 16:31:43,Political Rally,J031,Cubbon Road,20664,Weekday,False,Clear,False,0.0,False,False,0.674,High,18.9,46.2,137.8,0.09,0.208,0.97,Moderate traffic flow - standard adaptive signal timing in effect
EVT443053,2026-02-02 19:42:01,Local Market Day,J023,Basavanagudi,2256,Weekday,False,Clear,False,0.0,False,False,0.81,Severe,12.3,59.1,304.9,0.123,0.284,0.946,Heavy congestion detected - signal timing extended and reroute suggested
EVT443054,2025-01-30 17:31:41,Concert,J023,Basavanagudi,15787,Weekday,False,Clear,False,0.0,False,False,0.94,Severe,11.2,61.7,379.5,0.166,0.383,0.947,Heavy congestion detected - signal timing extended and reroute suggested
EVT443055,2025-04-15 08:41:35,Cultural Procession,J009,Majestic,18169,Weekday,True,Clear,False,0.0,False,True,1.0,Severe,6.7,108.4,353.8,0.119,0.275,0.805,Road closure for event/procession - full detour recommended for through-traffic
EVT443056,2026-02-05 05:21:25,Trade Fair,J020,Malleshwaram Circle,10338,Weekday,False,Clear,False,0.0,False,False,0.262,Low,35.1,19.9,105.0,0.079,0.183,0.967,Moderate traffic flow - standard adaptive signal timing in effect
EVT443057,2026-04-01 07:03:00,Sports Fixture,J020,Malleshwaram Circle,14206,Weekday,False,Clear,False,0.0,False,False,0.409,Moderate,26.4,28.1,67.4,0.056,0.13,0.967,Moderate traffic flow - standard adaptive signal timing in effect
EVT443058,2026-04-17 19:03:20,Local Market Day,J030,MG Road,4444,Weekday,False,Clear,False,0.0,False,False,0.981,Severe,11.2,71.0,323.2,0.149,0.343,0.952,Heavy congestion detected - signal timing extended and reroute suggested
EVT443059,2025-11-15 10:28:12,Trade Fair,J031,Cubbon Road,4715,Weekend,False,Clear,False,0.0,False,False,0.467,Moderate,21.5,32.8,193.1,0.134,0.31,0.986,Moderate traffic flow - standard adaptive signal timing in effect
EVT443060,2025-10-26 05:13:31,Political Rally,J020,Malleshwaram Circle,20975,Weekend,False,Clear,False,0.0,False,False,0.327,Low,29.9,24.7,139.9,0.125,0.289,0.982,Moderate traffic flow - standard adaptive signal timing in effect
EVT443061,2026-05-10 19:29:55,Sports Fixture,J023,Basavanagudi,18854,Weekend,False,Clear,False,0.0,False,False,0.821,Severe,10.5,56.3,495.6,0.202,0.466,0.918,Heavy congestion detected - signal timing extended and reroute suggested
EVT443062,2026-04-28 08:44:15,Concert,J040,City Market,8549,Weekday,False,Clear,False,0.0,False,False,1.0,Severe,6.7,71.8,616.8,0.173,0.401,0.891,Heavy congestion detected - signal timing extended and reroute suggested
EVT443063,2025-07-05 12:05:45,Concert,J011,Indiranagar 100ft Road,5853,Weekend,False,Heavy Rain,True,33.8,False,False,0.629,High,20.6,37.2,238.7,0.14,0.324,0.907,Heavy rain reducing visibility and grip - reduced speed and longer buffer advised
EVT443064,2025-08-11 20:21:03,Trade Fair,J009,Majestic,10690,Weekday,False,Heavy Rain,True,36.1,False,False,1.0,Severe,10.2,66.6,609.6,0.247,0.57,0.873,Heavy rain reducing visibility and grip - reduced speed and longer buffer advised
EVT443065,2026-05-27 18:22:14,Sports Fixture,J009,Majestic,22978,Weekday,False,Clear,False,0.0,False,False,1.0,Severe,7.5,73.1,423.8,0.157,0.363,0.959,Heavy congestion detected - signal timing extended and reroute suggested
EVT443066,2026-03-20 08:41:34,Religious Festival,J040,City Market,27251,Weekday,True,Clear,False,0.0,False,False,1.0,Severe,8.2,75.3,612.1,0.221,0.512,0.855,Festival crowd surge detected - alternate route and extended cycle recommended
EVT443067,2025-10-16 18:53:53,Local Market Day,J020,Malleshwaram Circle,3766,Weekday,False,Clear,False,0.0,False,False,1.0,Severe,7.8,67.8,440.6,0.141,0.326,0.915,Heavy congestion detected - signal timing extended and reroute suggested
EVT443068,2025-05-08 19:22:00,Local Market Day,J011,Indiranagar 100ft Road,4237,Weekday,False,Clear,False,0.0,False,False,0.892,Severe,10.2,67.0,645.0,0.243,0.562,0.942,Heavy congestion detected - signal timing extended and reroute suggested
EVT443069,2026-03-19 21:47:51,Religious Festival,J020,Malleshwaram Circle,99607,Weekday,True,Clear,False,0.0,False,True,1.0,Severe,7.7,103.0,532.6,0.178,0.412,0.857,Road closure for event/procession - full detour recommended for through-traffic
EVT443070,2025-12-16 22:04:22,Local Market Day,J011,Indiranagar 100ft Road,3400,Weekday,False,Clear,False,0.0,False,False,0.219,Low,26.0,15.3,246.6,0.173,0.399,0.954,Normal free-flow traffic - standard signal timing maintained
EVT443071,2025-12-26 09:36:52,Cultural Procession,J023,Basavanagudi,14724,Weekday,True,Clear,False,0.0,False,False,1.0,Severe,9.1,70.9,680.3,0.226,0.522,0.834,Festival crowd surge detected - alternate route and extended cycle recommended
EVT443072,2025-01-28 05:26:49,Local Market Day,J030,MG Road,6910,Weekday,False,Clear,False,0.0,False,False,0.226,Low,34.0,15.8,75.1,0.07,0.161,0.96,Normal free-flow traffic - standard signal timing maintained
EVT443073,2026-06-22 14:55:41,Sports Fixture,J012,Koramangala Sony World,17413,Weekday,False,Heavy Rain,True,44.3,False,False,0.586,High,18.3,33.9,226.1,0.139,0.321,0.922,Heavy rain reducing visibility and grip - reduced speed and longer buffer advised
EVT443074,2025-11-19 18:26:11,Sports Fixture,J012,Koramangala Sony World,17952,Weekday,False,Clear,False,0.0,False,False,1.0,Severe,6.6,73.2,296.7,0.099,0.228,0.915,Heavy congestion detected - signal timing extended and reroute suggested
EVT443075,2025-11-17 19:01:33,Concert,J040,City Market,7054,Weekday,False,Clear,False,0.0,False,False,1.0,Severe,9.6,66.2,698.0,0.269,0.62,0.912,Heavy congestion detected - signal timing extended and reroute suggested
EVT443076,2025-05-19 21:58:40,Local Market Day,J009,Majestic,3187,Weekday,False,Clear,False,0.0,False,False,0.206,Low,25.3,12.1,172.3,0.108,0.249,0.968,Normal free-flow traffic - standard signal timing maintained
EVT443077,2025-12-20 16:07:17,Concert,J012,Koramangala Sony World,15543,Weekend,False,Clear,False,0.0,False,False,0.603,High,20.3,37.8,162.6,0.105,0.243,0.99,Moderate traffic flow - standard adaptive signal timing in effect
EVT443078,2025-03-11 13:37:04,Trade Fair,J031,Cubbon Road,16564,Weekday,False,Clear,False,0.0,False,False,0.282,Low,31.0,22.0,116.1,0.099,0.228,0.975,Moderate traffic flow - standard adaptive signal timing in effect
EVT443079,2026-06-28 19:49:33,Local Market Day,J023,Basavanagudi,3002,Weekend,False,Clear,False,0.0,False,False,0.674,High,12.8,49.8,132.4,0.032,0.073,0.972,Moderate traffic flow - standard adaptive signal timing in effect
EVT443080,2026-06-22 08:19:17,Local Market Day,J030,MG Road,3513,Weekday,False,Rain,True,21.5,False,False,1.0,Severe,8.5,71.7,632.2,0.192,0.444,0.871,Heavy rain reducing visibility and grip - reduced speed and longer buffer advised
EVT443081,2025-08-22 21:04:31,Concert,J020,Malleshwaram Circle,20288,Weekday,False,Heavy Rain,True,32.3,False,False,0.861,Severe,10.8,64.4,422.5,0.184,0.425,0.885,Heavy rain reducing visibility and grip - reduced speed and longer buffer advised
EVT443082,2025-02-25 09:00:46,Local Market Day,J031,Cubbon Road,2762,Weekday,False,Clear,False,0.0,False,False,1.0,Severe,7.7,71.9,584.6,0.197,0.456,0.936,Heavy congestion detected - signal timing extended and reroute suggested
EVT443083,2026-04-02 20:08:44,Sports Fixture,J040,City Market,47482,Weekday,False,Clear,False,0.0,False,False,0.962,Severe,10.5,66.2,694.4,0.271,0.625,0.923,Heavy congestion detected - signal timing extended and reroute suggested
EVT443084,2026-01-30 09:38:55,Sports Fixture,J009,Majestic,13434,Weekday,False,Clear,False,0.0,False,False,1.0,Severe,10.6,70.3,188.2,0.08,0.184,0.93,Heavy congestion detected - signal timing extended and reroute suggested
EVT443085,2025-07-30 09:06:43,Sports Fixture,J040,City Market,14007,Weekday,False,Clear,False,0.0,False,False,1.0,Severe,7.3,68.7,684.9,0.221,0.511,0.92,Heavy congestion detected - signal timing extended and reroute suggested
EVT443086,2025-05-09 10:34:31,Political Rally,J040,City Market,15670,Weekday,False,Rain,True,12.0,False,False,0.866,Severe,13.6,61.5,405.2,0.199,0.459,0.886,Heavy rain reducing visibility and grip - reduced speed and longer buffer advised
EVT443087,2026-05-17 13:22:30,Sports Fixture,J020,Malleshwaram Circle,24477,Weekend,False,Clear,False,0.0,False,False,0.372,Moderate,25.8,25.7,109.2,0.081,0.187,0.97,Moderate traffic flow - standard adaptive signal timing in effect
EVT443088,2025-05-24 13:29:28,Local Market Day,J012,Koramangala Sony World,4313,Weekend,False,Clear,False,0.0,False,False,0.278,Low,41.3,17.5,150.7,0.143,0.33,0.984,Moderate traffic flow - standard adaptive signal timing in effect
EVT443089,2025-02-15 09:02:44,Sports Fixture,J040,City Market,29280,Weekend,False,Clear,False,0.0,False,False,1.0,Severe,9.0,67.8,236.3,0.092,0.213,0.924,Heavy congestion detected - signal timing extended and reroute suggested
EVT443090,2026-05-01 13:16:19,Religious Festival,J031,Cubbon Road,49466,Weekday,True,Clear,False,0.0,False,False,0.72,High,19.2,50.6,178.8,0.109,0.252,0.937,Festival crowd surge detected - alternate route and extended cycle recommended
EVT443091,2026-02-25 20:23:40,Local Market Day,J040,City Market,4084,Weekday,False,Clear,False,0.0,False,False,0.536,Moderate,23.2,38.7,296.6,0.214,0.495,0.978,Moderate traffic flow - standard adaptive signal timing in effect
EVT443092,2026-02-07 18:19:11,Political Rally,J031,Cubbon Road,20578,Weekend,False,Clear,False,0.0,False,False,0.953,Severe,9.0,75.3,293.6,0.127,0.294,0.955,Heavy congestion detected - signal timing extended and reroute suggested
EVT443093,2025-02-06 16:59:05,Concert,J023,Basavanagudi,15796,Weekday,False,Clear,False,0.0,False,False,0.822,Severe,18.5,55.5,200.3,0.132,0.306,0.955,Heavy congestion detected - signal timing extended and reroute suggested
EVT443094,2025-08-17 06:35:13,Local Market Day,J040,City Market,2210,Weekend,False,Clear,False,0.0,False,False,0.305,Low,34.3,21.4,103.6,0.092,0.212,0.972,Moderate traffic flow - standard adaptive signal timing in effect
EVT443095,2025-09-26 16:32:14,Sports Fixture,J009,Majestic,23715,Weekday,False,Clear,False,0.0,False,False,0.667,High,18.7,44.0,216.0,0.135,0.313,0.956,Moderate traffic flow - standard adaptive signal timing in effect
EVT443096,2025-05-31 17:53:49,Sports Fixture,J030,MG Road,24951,Weekend,False,Clear,False,0.0,False,False,0.887,Severe,13.0,62.7,155.8,0.07,0.162,0.923,Heavy congestion detected - signal timing extended and reroute suggested
EVT443097,2025-07-25 16:41:06,Trade Fair,J011,Indiranagar 100ft Road,13583,Weekday,False,Rain,True,19.7,False,False,1.0,Severe,8.0,71.3,555.7,0.195,0.45,0.863,Heavy rain reducing visibility and grip - reduced speed and longer buffer advised
EVT443098,2025-12-22 11:49:55,Sports Fixture,J030,MG Road,12283,Weekday,False,Clear,False,0.0,False,False,0.296,Low,28.0,18.6,107.4,0.073,0.169,0.924,Moderate traffic flow - standard adaptive signal timing in effect
EVT443099,2025-02-11 07:41:26,Local Market Day,J031,Cubbon Road,4286,Weekday,False,Fog,False,0.0,False,False,0.626,High,16.1,47.0,344.4,0.188,0.434,0.948,Moderate traffic flow - standard adaptive signal timing in effect
EVT443100,2025-10-25 16:44:39,Concert,J031,Cubbon Road,14669,Weekend,False,Clear,False,0.0,False,False,0.608,High,20.7,41.8,203.2,0.13,0.301,0.99,Moderate traffic flow - standard adaptive signal timing in effect
EVT443101,2025-06-28 07:57:04,Political Rally,J012,Koramangala Sony World,10571,Weekend,False,Clear,False,0.0,False,False,0.751,Severe,15.9,58.6,322.7,0.196,0.452,0.971,Heavy congestion detected - signal timing extended and reroute suggested
EVT443102,2026-04-08 19:02:33,Trade Fair,J020,Malleshwaram Circle,10042,Weekday,False,Clear,False,0.0,False,False,1.0,Severe,8.7,72.7,603.4,0.21,0.486,0.928,Heavy congestion detected - signal timing extended and reroute suggested
EVT443103,2026-05-01 19:36:48,Religious Festival,J009,Majestic,42801,Weekday,True,Rain,True,8.6,False,True,1.0,Severe,10.6,105.5,346.4,0.156,0.361,0.788,Road closure for event/procession - full detour recommended for through-traffic
EVT443104,2026-06-22 18:57:40,Sports Fixture,J009,Majestic,19392,Weekday,False,Clear,False,0.0,False,False,1.0,Severe,9.6,66.9,482.9,0.193,0.446,0.901,Heavy congestion detected - signal timing extended and reroute suggested
EVT443105,2026-05-21 20:20:23,Sports Fixture,J040,City Market,23958,Weekday,False,Rain,True,22.1,False,False,1.0,Severe,8.7,74.0,375.6,0.12,0.277,0.888,Heavy rain reducing visibility and grip - reduced speed and longer buffer advised
EVT443106,2025-08-01 10:08:34,Trade Fair,J031,Cubbon Road,6159,Weekday,False,Fog,False,0.0,False,False,0.71,High,17.6,49.5,376.7,0.226,0.523,0.962,Moderate traffic flow - standard adaptive signal timing in effect
EVT443107,2025-01-10 02:29:20,Sports Fixture,J030,MG Road,21861,Weekday,False,Clear,False,0.0,False,False,0.264,Low,24.4,16.4,213.3,0.165,0.381,0.951,Moderate traffic flow - standard adaptive signal timing in effect
EVT443108,2026-03-04 13:33:49,Cultural Procession,J023,Basavanagudi,27361,Weekday,True,Clear,False,0.0,False,False,0.594,High,19.2,42.1,288.9,0.172,0.397,0.928,Festival crowd surge detected - alternate route and extended cycle recommended
EVT443109,2025-08-04 19:06:26,Local Market Day,J012,Koramangala Sony World,3744,Weekday,False,Clear,False,0.0,False,False,0.956,Severe,11.4,67.2,495.7,0.202,0.466,0.937,Heavy congestion detected - signal timing extended and reroute suggested
EVT443110,2025-07-23 09:14:20,Local Market Day,J030,MG Road,9376,Weekday,False,Clear,False,0.0,False,False,1.0,Severe,9.4,72.1,495.8,0.182,0.42,0.93,Heavy congestion detected - signal timing extended and reroute suggested
EVT443111,2025-12-03 05:40:43,Sports Fixture,J011,Indiranagar 100ft Road,26492,Weekday,False,Clear,False,0.0,False,False,0.301,Low,28.9,14.8,162.6,0.129,0.298,0.954,Moderate traffic flow - standard adaptive signal timing in effect
EVT443112,2025-10-06 14:30:34,Local Market Day,J020,Malleshwaram Circle,2380,Weekday,False,Clear,False,0.0,False,False,0.269,Low,31.8,16.2,53.8,0.043,0.1,0.962,Moderate traffic flow - standard adaptive signal timing in effect
EVT443113,2025-10-16 11:02:47,Concert,J040,City Market,17548,Weekday,False,Clear,False,0.0,False,False,0.521,Moderate,22.3,42.2,154.4,0.089,0.206,0.965,Moderate traffic flow - standard adaptive signal timing in effect
EVT443114,2025-09-01 18:07:02,Trade Fair,J040,City Market,11102,Weekday,False,Heavy Rain,True,60.7,False,False,1.0,Severe,9.6,70.3,612.5,0.24,0.554,0.868,Heavy rain reducing visibility and grip - reduced speed and longer buffer advised
EVT443115,2025-10-05 17:25:10,Sports Fixture,J020,Malleshwaram Circle,22299,Weekend,False,Heavy Rain,True,34.2,False,False,1.0,Severe,6.4,77.2,561.7,0.188,0.435,0.905,Heavy rain reducing visibility and grip - reduced speed and longer buffer advised
EVT443116,2025-09-10 13:29:25,Concert,J009,Majestic,16497,Weekday,False,Clear,False,0.0,False,False,0.281,Low,30.2,19.8,214.0,0.167,0.386,0.956,Moderate traffic flow - standard adaptive signal timing in effect
EVT443117,2025-11-06 14:44:06,Political Rally,J011,Indiranagar 100ft Road,10258,Weekday,False,Clear,False,0.0,False,False,0.29,Low,33.7,22.8,159.9,0.123,0.285,0.966,Moderate traffic flow - standard adaptive signal timing in effect
EVT443118,2026-03-04 21:18:51,Religious Festival,J020,Malleshwaram Circle,34968,Weekday,True,Clear,False,0.0,False,True,0.936,Severe,9.7,101.3,554.8,0.215,0.497,0.842,Road closure for event/procession - full detour recommended for through-traffic
EVT443119,2025-11-05 17:25:15,Political Rally,J011,Indiranagar 100ft Road,12524,Weekday,False,Clear,False,0.0,False,False,0.905,Severe,12.3,67.9,361.2,0.191,0.441,0.956,Heavy congestion detected - signal timing extended and reroute suggested
EVT443120,2025-11-06 11:51:29,Political Rally,J031,Cubbon Road,23114,Weekday,False,Clear,False,0.0,False,False,0.386,Moderate,26.5,31.3,125.8,0.099,0.229,0.939,Moderate traffic flow - standard adaptive signal timing in effect
EVT443121,2025-11-11 13:26:30,Local Market Day,J030,MG Road,5349,Weekday,False,Clear,False,0.0,False,False,0.197,Low,27.0,16.6,216.8,0.161,0.373,0.966,Normal free-flow traffic - standard signal timing maintained
EVT443122,2026-05-06 19:18:13,Trade Fair,J023,Basavanagudi,11409,Weekday,False,Clear,False,0.0,False,False,0.958,Severe,12.6,69.1,517.0,0.259,0.599,0.938,Heavy congestion detected - signal timing extended and reroute suggested
EVT443123,2025-07-30 09:08:05,Local Market Day,J012,Koramangala Sony World,8263,Weekday,False,Heavy Rain,True,91.4,False,False,1.0,Severe,9.3,66.9,395.4,0.165,0.381,0.855,Heavy rain reducing visibility and grip - reduced speed and longer buffer advised
EVT443124,2026-01-09 19:18:26,Sports Fixture,J020,Malleshwaram Circle,28439,Weekday,False,Clear,False,0.0,False,False,1.0,Severe,8.4,74.3,417.3,0.176,0.407,0.921,Heavy congestion detected - signal timing extended and reroute suggested
EVT443125,2025-03-14 19:06:00,Cultural Procession,J020,Malleshwaram Circle,30093,Weekday,True,Clear,False,0.0,False,True,1.0,Severe,10.6,100.5,767.7,0.327,0.756,0.809,Road closure for event/procession - full detour recommended for through-traffic
EVT443126,2025-10-12 19:38:56,Trade Fair,J012,Koramangala Sony World,9638,Weekend,False,Clear,False,0.0,False,False,0.735,High,19.7,49.6,333.6,0.222,0.513,0.96,Moderate traffic flow - standard adaptive signal timing in effect
EVT443127,2026-03-31 19:18:09,Concert,J012,Koramangala Sony World,6670,Weekday,False,Clear,False,0.0,False,False,0.909,Severe,9.5,55.7,380.2,0.148,0.341,0.934,Heavy congestion detected - signal timing extended and reroute suggested
EVT443128,2026-02-13 05:12:57,Trade Fair,J040,City Market,11297,Weekday,False,Clear,False,0.0,False,False,0.244,Low,34.2,22.9,72.5,0.057,0.132,0.953,Normal free-flow traffic - standard signal timing maintained
EVT443129,2026-06-12 09:21:36,Local Market Day,J009,Majestic,4106,Weekday,False,Rain,True,9.7,False,False,1.0,Severe,7.7,73.8,431.7,0.161,0.371,0.863,Heavy rain reducing visibility and grip - reduced speed and longer buffer advised
EVT443130,2025-10-04 08:49:53,Sports Fixture,J023,Basavanagudi,11320,Weekend,False,Clear,False,0.0,False,False,0.962,Severe,7.9,63.6,574.8,0.191,0.441,0.915,Heavy congestion detected - signal timing extended and reroute suggested
EVT443131,2025-03-21 09:29:52,Concert,J040,City Market,12334,Weekday,False,Clear,False,0.0,False,False,1.0,Severe,10.0,69.8,399.1,0.157,0.362,0.894,Heavy congestion detected - signal timing extended and reroute suggested
EVT443132,2025-03-16 19:12:49,Sports Fixture,J009,Majestic,13640,Weekend,False,Clear,False,0.0,False,False,0.893,Severe,10.0,61.3,365.2,0.154,0.356,0.961,Heavy congestion detected - signal timing extended and reroute suggested
EVT443133,2025-01-05 07:39:28,Concert,J023,Basavanagudi,10053,Weekend,False,Clear,False,0.0,False,False,0.67,High,23.0,44.7,297.4,0.21,0.486,0.953,Moderate traffic flow - standard adaptive signal timing in effect
EVT443134,2026-02-26 07:06:33,Local Market Day,J011,Indiranagar 100ft Road,4681,Weekday,False,Clear,False,0.0,False,False,0.526,Moderate,20.2,37.1,288.2,0.168,0.389,0.949,Moderate traffic flow - standard adaptive signal timing in effect
EVT443135,2025-05-02 17:33:01,Religious Festival,J023,Basavanagudi,52930,Weekday,True,Clear,False,0.0,False,False,1.0,Severe,8.6,69.5,661.9,0.249,0.575,0.861,Festival crowd surge detected - alternate route and extended cycle recommended
EVT443136,2025-07-22 19:14:04,Sports Fixture,J030,MG Road,17397,Weekday,False,Heavy Rain,True,29.5,False,False,1.0,Severe,9.2,73.2,626.7,0.229,0.529,0.891,Heavy rain reducing visibility and grip - reduced speed and longer buffer advised
EVT443137,2025-09-12 18:37:18,Local Market Day,J023,Basavanagudi,2656,Weekday,False,Rain,True,16.0,False,False,1.0,Severe,8.5,71.7,583.9,0.201,0.464,0.847,Heavy rain reducing visibility and grip - reduced speed and longer buffer advised
EVT443138,2026-06-14 15:02:49,Concert,J031,Cubbon Road,9211,Weekend,False,Heavy Rain,True,71.7,False,False,0.553,High,21.9,37.6,291.0,0.197,0.455,0.919,Heavy rain reducing visibility and grip - reduced speed and longer buffer advised
EVT443139,2025-04-23 16:16:56,Concert,J011,Indiranagar 100ft Road,9832,Weekday,False,Clear,False,0.0,False,False,0.546,Moderate,19.9,38.9,276.2,0.186,0.429,0.956,Moderate traffic flow - standard adaptive signal timing in effect
EVT443140,2025-02-06 09:00:29,Local Market Day,J020,Malleshwaram Circle,3351,Weekday,False,Fog,False,0.0,False,False,1.0,Severe,7.4,67.1,632.2,0.193,0.447,0.91,Heavy congestion detected - signal timing extended and reroute suggested
EVT443141,2026-03-13 19:46:16,Local Market Day,J030,MG Road,6398,Weekday,False,Clear,False,0.0,False,False,0.896,Severe,12.1,66.0,503.6,0.24,0.554,0.948,Heavy congestion detected - signal timing extended and reroute suggested
EVT443142,2026-02-05 17:28:06,Local Market Day,J020,Malleshwaram Circle,2519,Weekday,False,Clear,False,0.0,False,False,0.869,Severe,10.0,66.5,463.9,0.199,0.46,0.946,Heavy congestion detected - signal timing extended and reroute suggested
EVT443143,2025-11-06 11:27:48,Local Market Day,J031,Cubbon Road,2028,Weekday,False,Clear,False,0.0,False,False,0.328,Low,34.9,21.2,147.3,0.136,0.314,0.965,Moderate traffic flow - standard adaptive signal timing in effect
EVT443144,2025-03-16 16:04:45,Sports Fixture,J023,Basavanagudi,22076,Weekend,False,Clear,False,0.0,False,False,0.518,Moderate,23.1,45.3,206.7,0.131,0.302,0.975,Moderate traffic flow - standard adaptive signal timing in effect
EVT443145,2025-09-16 12:35:53,Sports Fixture,J012,Koramangala Sony World,28529,Weekday,False,Fog,False,0.0,False,False,0.418,Moderate,27.6,30.2,176.7,0.145,0.335,0.957,Moderate traffic flow - standard adaptive signal timing in effect
EVT443146,2026-06-13 17:12:12,Sports Fixture,J030,MG Road,18041,Weekend,False,Rain,True,14.0,False,False,0.953,Severe,10.4,64.4,413.2,0.177,0.409,0.896,Heavy rain reducing visibility and grip - reduced speed and longer buffer advised
EVT443147,2025-07-19 21:16:27,Trade Fair,J023,Basavanagudi,9241,Weekend,False,Heavy Rain,True,45.1,False,False,0.809,Severe,12.5,60.8,622.5,0.257,0.593,0.906,Heavy rain reducing visibility and grip - reduced speed and longer buffer advised
EVT443148,2025-11-14 16:51:29,Sports Fixture,J009,Majestic,18570,Weekday,False,Clear,False,0.0,False,False,0.832,Severe,12.0,62.6,352.1,0.169,0.39,0.921,Heavy congestion detected - signal timing extended and reroute suggested
EVT443149,2025-01-13 10:40:47,Local Market Day,J020,Malleshwaram Circle,4940,Weekday,False,Clear,False,0.0,False,False,0.49,Moderate,25.9,32.7,219.4,0.164,0.379,0.973,Moderate traffic flow - standard adaptive signal timing in effect
EVT443150,2026-06-04 09:53:24,Concert,J009,Majestic,12019,Weekday,False,Clear,False,0.0,False,False,0.818,Severe,15.6,52.3,326.4,0.173,0.399,0.925,Heavy congestion detected - signal timing extended and reroute suggested
EVT443151,2025-07-13 12:51:56,Local Market Day,J023,Basavanagudi,4476,Weekend,False,Light Rain,True,2.0,False,False,0.316,Low,29.9,26.2,172.6,0.151,0.349,0.914,Light rain detected - minor speed reduction advised
EVT443152,2026-04-04 18:04:49,Sports Fixture,J023,Basavanagudi,21710,Weekend,False,Clear,False,0.0,False,False,0.989,Severe,8.3,70.5,581.2,0.221,0.512,0.913,Heavy congestion detected - signal timing extended and reroute suggested
EVT443153,2025-04-18 18:09:47,Local Market Day,J040,City Market,1853,Weekday,False,Clear,False,0.0,False,False,0.952,Severe,11.1,69.3,484.3,0.205,0.474,0.955,Heavy congestion detected - signal timing extended and reroute suggested
EVT443154,2025-05-24 06:25:59,Sports Fixture,J023,Basavanagudi,20450,Weekend,False,Clear,False,0.0,False,False,0.434,Moderate,24.7,32.3,92.7,0.069,0.158,0.955,Moderate traffic flow - standard adaptive signal timing in effect
EVT443155,2025-07-21 17:20:48,Local Market Day,J009,Majestic,3431,Weekday,False,Heavy Rain,True,37.6,False,False,1.0,Severe,9.3,67.7,640.9,0.25,0.576,0.88,Heavy rain reducing visibility and grip - reduced speed and longer buffer advised
EVT443156,2026-06-03 10:38:59,Local Market Day,J023,Basavanagudi,3649,Weekday,False,Clear,False,0.0,False,False,0.579,High,24.5,42.5,179.5,0.163,0.377,0.964,Moderate traffic flow - standard adaptive signal timing in effect
EVT443157,2025-06-18 21:57:02,Trade Fair,J030,MG Road,12322,Weekday,False,Heavy Rain,True,27.4,False,False,0.662,High,21.0,46.7,157.6,0.114,0.263,0.924,Heavy rain reducing visibility and grip - reduced speed and longer buffer advised
EVT443158,2025-05-24 09:31:35,Local Market Day,J011,Indiranagar 100ft Road,4750,Weekend,False,Clear,False,0.0,False,False,0.881,Severe,12.7,58.8,658.2,0.315,0.728,0.944,Heavy congestion detected - signal timing extended and reroute suggested
EVT443159,2025-10-22 17:51:18,Religious Festival,J030,MG Road,76138,Weekday,True,Clear,False,0.0,False,True,1.0,Severe,11.0,99.1,602.7,0.283,0.653,0.82,Road closure for event/procession - full detour recommended for through-traffic
EVT443160,2026-03-18 20:52:38,Trade Fair,J012,Koramangala Sony World,15548,Weekday,False,Clear,False,0.0,False,False,0.539,Moderate,25.1,30.9,199.9,0.145,0.335,0.97,Moderate traffic flow - standard adaptive signal timing in effect
EVT443161,2025-08-04 05:26:41,Concert,J009,Majestic,11428,Weekday,False,Clear,False,0.0,False,False,0.171,Low,35.0,14.6,157.7,0.157,0.362,0.98,Normal free-flow traffic - standard signal timing maintained
EVT443162,2025-04-04 20:46:38,Trade Fair,J031,Cubbon Road,7092,Weekday,False,Clear,False,0.0,False,False,0.554,High,23.0,40.4,289.5,0.196,0.452,0.972,Moderate traffic flow - standard adaptive signal timing in effect
EVT443163,2025-05-24 10:25:27,Concert,J031,Cubbon Road,15913,Weekend,False,Clear,False,0.0,False,False,0.651,High,23.2,41.6,158.0,0.118,0.272,0.956,Moderate traffic flow - standard adaptive signal timing in effect
EVT443164,2026-01-29 15:46:31,Trade Fair,J012,Koramangala Sony World,9909,Weekday,False,Clear,False,0.0,False,False,0.406,Moderate,25.0,26.8,137.2,0.09,0.208,0.99,Moderate traffic flow - standard adaptive signal timing in effect
EVT443165,2025-07-28 15:21:05,Sports Fixture,J031,Cubbon Road,27945,Weekday,False,Clear,False,0.0,False,False,0.497,Moderate,29.6,32.6,142.0,0.122,0.283,0.944,Moderate traffic flow - standard adaptive signal timing in effect
EVT443166,2026-01-04 08:02:35,Local Market Day,J023,Basavanagudi,4276,Weekend,False,Clear,False,0.0,False,False,0.731,High,19.6,58.0,320.5,0.212,0.49,0.958,Moderate traffic flow - standard adaptive signal timing in effect
EVT443167,2025-10-21 18:37:49,Religious Festival,J031,Cubbon Road,70245,Weekday,True,Fog,False,0.0,False,False,1.0,Severe,8.7,70.6,233.3,0.089,0.205,0.837,Festival crowd surge detected - alternate route and extended cycle recommended
EVT443168,2025-07-07 14:11:40,Concert,J030,MG Road,12284,Weekday,False,Heavy Rain,True,38.9,True,False,0.934,Severe,10.9,67.7,157.4,0.084,0.194,0.706,Accident detected nearby - reroute and reduced speed advised
EVT443169,2025-05-24 18:36:04,Concert,J020,Malleshwaram Circle,17229,Weekend,False,Clear,False,0.0,False,False,0.895,Severe,11.2,68.9,351.7,0.158,0.366,0.933,Heavy congestion detected - signal timing extended and reroute suggested
EVT443170,2025-11-28 22:00:42,Sports Fixture,J031,Cubbon Road,25445,Weekday,False,Clear,False,0.0,False,False,0.354,Moderate,34.0,25.9,132.7,0.11,0.254,0.986,Moderate traffic flow - standard adaptive signal timing in effect
EVT443171,2025-02-08 18:35:37,Sports Fixture,J011,Indiranagar 100ft Road,15157,Weekend,False,Clear,False,0.0,False,False,0.932,Severe,11.4,65.4,324.8,0.149,0.343,0.937,Heavy congestion detected - signal timing extended and reroute suggested
EVT443172,2026-04-26 09:38:11,Concert,J023,Basavanagudi,12412,Weekend,False,Clear,False,0.0,False,False,0.853,Severe,14.2,60.0,187.0,0.099,0.228,0.962,Heavy congestion detected - signal timing extended and reroute suggested
EVT443173,2025-07-17 06:42:41,Local Market Day,J040,City Market,3295,Weekday,False,Heavy Rain,True,32.0,False,False,0.612,High,22.7,39.8,298.6,0.189,0.436,0.898,Heavy rain reducing visibility and grip - reduced speed and longer buffer advised
EVT443174,2025-08-06 14:24:59,Concert,J009,Majestic,9078,Weekday,False,Clear,False,0.0,False,False,0.2,Low,34.6,13.2,123.0,0.134,0.31,0.925,Normal free-flow traffic - standard signal timing maintained
EVT443175,2025-09-06 18:06:00,Religious Festival,J009,Majestic,48511,Weekend,True,Clear,False,0.0,False,True,1.0,Severe,8.4,94.6,446.0,0.172,0.397,0.825,Road closure for event/procession - full detour recommended for through-traffic
EVT443176,2026-06-05 17:29:03,Local Market Day,J011,Indiranagar 100ft Road,6475,Weekday,False,Heavy Rain,True,42.6,False,False,1.0,Severe,8.6,72.5,400.2,0.131,0.303,0.879,Heavy rain reducing visibility and grip - reduced speed and longer buffer advised
EVT443177,2025-10-23 23:49:24,Local Market Day,J011,Indiranagar 100ft Road,4061,Weekday,False,Clear,False,0.0,False,False,0.081,Low,38.3,2.8,150.6,0.14,0.324,0.978,Normal free-flow traffic - standard signal timing maintained
EVT443178,2025-11-06 13:49:26,Concert,J020,Malleshwaram Circle,6550,Weekday,False,Clear,False,0.0,False,False,0.211,Low,27.1,14.5,302.2,0.226,0.522,0.965,Normal free-flow traffic - standard signal timing maintained
EVT443179,2025-08-27 08:00:39,Religious Festival,J020,Malleshwaram Circle,47749,Weekday,True,Clear,False,0.0,False,True,1.0,Severe,9.0,96.2,411.3,0.179,0.414,0.839,Road closure for event/procession - full detour recommended for through-traffic
EVT443180,2025-04-24 15:20:58,Sports Fixture,J011,Indiranagar 100ft Road,23943,Weekday,False,Clear,False,0.0,False,False,0.37,Moderate,28.5,21.2,183.0,0.161,0.372,0.963,Moderate traffic flow - standard adaptive signal timing in effect
EVT443181,2025-03-15 06:17:27,Fireworks Display,J030,MG Road,26814,Weekend,True,Fog,False,0.0,False,False,0.625,High,24.6,50.6,305.7,0.215,0.496,0.91,Festival crowd surge detected - alternate route and extended cycle recommended
EVT443182,2026-03-14 11:49:28,Trade Fair,J020,Malleshwaram Circle,6851,Weekend,False,Clear,False,0.0,False,False,0.239,Low,27.8,20.2,144.9,0.108,0.25,0.951,Normal free-flow traffic - standard signal timing maintained
EVT443183,2025-07-04 15:48:24,Political Rally,J012,Koramangala Sony World,8877,Weekday,False,Heavy Rain,True,58.8,False,False,0.759,Severe,18.8,51.5,278.8,0.188,0.435,0.922,Heavy rain reducing visibility and grip - reduced speed and longer buffer advised
EVT443184,2025-10-07 08:15:23,Concert,J031,Cubbon Road,15699,Weekday,False,Clear,False,0.0,False,False,1.0,Severe,10.3,74.0,437.7,0.214,0.494,0.932,Heavy congestion detected - signal timing extended and reroute suggested
EVT443185,2026-01-10 15:21:35,Sports Fixture,J040,City Market,18244,Weekend,False,Clear,False,0.0,False,False,0.402,Moderate,26.9,31.4,200.4,0.142,0.328,0.945,Moderate traffic flow - standard adaptive signal timing in effect
EVT443186,2025-07-14 05:40:01,Political Rally,J011,Indiranagar 100ft Road,21082,Weekday,False,Clear,False,0.0,False,False,0.285,Low,27.1,21.8,261.4,0.177,0.408,0.947,Moderate traffic flow - standard adaptive signal timing in effect
EVT443187,2026-03-19 18:05:59,Fireworks Display,J020,Malleshwaram Circle,14474,Weekday,True,Clear,False,0.0,False,False,1.0,Severe,8.6,70.5,631.8,0.254,0.586,0.842,Festival crowd surge detected - alternate route and extended cycle recommended
EVT443188,2026-04-15 22:26:02,Religious Festival,J012,Koramangala Sony World,30300,Weekday,True,Clear,False,0.0,False,False,0.576,High,24.8,37.9,199.0,0.144,0.333,0.892,Festival crowd surge detected - alternate route and extended cycle recommended
EVT443189,2025-01-05 15:42:28,Local Market Day,J040,City Market,3465,Weekend,False,Clear,False,0.0,False,False,0.434,Moderate,28.8,31.7,144.0,0.126,0.291,0.956,Moderate traffic flow - standard adaptive signal timing in effect
EVT443190,2026-01-27 22:55:25,Religious Festival,J020,Malleshwaram Circle,56220,Weekday,True,Clear,False,0.0,False,True,0.804,High,13.5,83.8,319.3,0.164,0.378,0.884,Road closure for event/procession - full detour recommended for through-traffic
EVT443191,2026-04-15 15:26:45,Fireworks Display,J030,MG Road,35920,Weekday,True,Clear,False,0.0,False,False,0.692,High,21.2,51.1,270.0,0.186,0.429,0.919,Festival crowd surge detected - alternate route and extended cycle recommended
EVT443192,2025-08-23 11:43:51,Sports Fixture,J009,Majestic,16421,Weekend,False,Rain,True,18.5,False,False,0.613,High,20.3,44.2,234.9,0.156,0.359,0.901,Heavy rain reducing visibility and grip - reduced speed and longer buffer advised
EVT443193,2025-04-20 19:43:16,Trade Fair,J012,Koramangala Sony World,7339,Weekend,False,Clear,False,0.0,False,False,0.785,Severe,19.1,54.2,167.3,0.11,0.254,0.955,Heavy congestion detected - signal timing extended and reroute suggested
EVT443194,2025-02-24 14:40:01,Local Market Day,J031,Cubbon Road,2735,Weekday,False,Clear,False,0.0,False,False,0.26,Low,29.9,17.7,184.6,0.149,0.344,0.949,Moderate traffic flow - standard adaptive signal timing in effect
EVT443195,2025-11-14 10:59:05,Sports Fixture,J012,Koramangala Sony World,20319,Weekday,False,Clear,False,0.0,False,False,0.603,High,22.5,43.6,200.8,0.128,0.295,0.968,Moderate traffic flow - standard adaptive signal timing in effect
EVT443196,2025-05-14 17:26:05,Trade Fair,J009,Majestic,9619,Weekday,False,Clear,False,0.0,False,False,0.859,Severe,15.8,60.5,424.8,0.238,0.549,0.968,Heavy congestion detected - signal timing extended and reroute suggested
EVT443197,2025-09-12 08:24:39,Local Market Day,J009,Majestic,6295,Weekday,False,Clear,False,0.0,False,False,0.898,Severe,8.4,67.5,387.8,0.115,0.266,0.939,Heavy congestion detected - signal timing extended and reroute suggested
EVT443198,2026-06-10 11:27:46,Trade Fair,J023,Basavanagudi,10279,Weekday,False,Clear,False,0.0,False,False,0.312,Low,27.9,20.9,262.8,0.213,0.492,0.963,Moderate traffic flow - standard adaptive signal timing in effect
EVT443199,2026-03-14 17:29:57,Trade Fair,J012,Koramangala Sony World,12912,Weekend,False,Clear,False,0.0,False,False,0.818,Severe,13.8,58.2,369.0,0.188,0.435,0.966,Heavy congestion detected - signal timing extended and reroute suggested
EVT443200,2025-06-07 08:22:31,Local Market Day,J009,Majestic,6079,Weekend,False,Heavy Rain,True,71.4,False,False,1.0,Severe,9.1,71.7,650.5,0.253,0.585,0.871,Heavy rain reducing visibility and grip - reduced speed and longer buffer advised
EVT443201,2025-12-01 10:39:25,Sports Fixture,J020,Malleshwaram Circle,17757,Weekday,False,Clear,False,0.0,False,False,0.655,High,18.3,44.6,266.3,0.164,0.379,0.959,Moderate traffic flow - standard adaptive signal timing in effect
EVT443202,2025-01-18 19:36:36,Local Market Day,J040,City Market,5425,Weekend,False,Clear,False,0.0,False,False,0.743,High,16.2,55.5,428.1,0.226,0.521,0.964,Moderate traffic flow - standard adaptive signal timing in effect
EVT443203,2025-06-24 20:49:37,Trade Fair,J030,MG Road,14741,Weekday,False,Light Rain,True,6.5,False,False,0.656,High,16.2,47.8,272.4,0.164,0.379,0.926,Heavy rain reducing visibility and grip - reduced speed and longer buffer advised
EVT443204,2025-11-16 14:11:53,Trade Fair,J031,Cubbon Road,4401,Weekend,False,Clear,False,0.0,False,False,0.206,Low,32.8,13.6,183.3,0.15,0.346,0.966,Normal free-flow traffic - standard signal timing maintained
EVT443205,2025-05-29 19:56:26,Sports Fixture,J012,Koramangala Sony World,42149,Weekday,False,Clear,False,0.0,False,False,1.0,Severe,8.3,71.1,676.6,0.252,0.582,0.877,Heavy congestion detected - signal timing extended and reroute suggested
EVT443206,2025-07-28 07:29:15,Trade Fair,J040,City Market,13587,Weekday,False,Heavy Rain,True,28.1,False,False,1.0,Severe,9.3,71.8,242.7,0.095,0.219,0.858,Heavy rain reducing visibility and grip - reduced speed and longer buffer advised
EVT443207,2026-03-25 11:12:50,Concert,J020,Malleshwaram Circle,15897,Weekday,False,Clear,False,0.0,False,False,0.487,Moderate,23.5,30.2,161.0,0.098,0.227,0.99,Moderate traffic flow - standard adaptive signal timing in effect
EVT443208,2025-08-05 19:11:37,Local Market Day,J011,Indiranagar 100ft Road,3299,Weekday,False,Clear,False,0.0,False,False,0.932,Severe,11.6,65.9,423.7,0.203,0.469,0.925,Heavy congestion detected - signal timing extended and reroute suggested
EVT443209,2025-12-25 13:39:38,Cultural Procession,J040,City Market,11182,Weekday,True,Clear,False,0.0,False,True,0.665,Moderate,21.8,62.3,234.3,0.173,0.401,0.891,Road closure for event/procession - full detour recommended for through-traffic
EVT443210,2025-03-24 07:32:20,Concert,J040,City Market,8384,Weekday,False,Clear,False,0.0,False,False,0.634,High,24.1,44.2,114.3,0.086,0.198,0.946,Moderate traffic flow - standard adaptive signal timing in effect
EVT443211,2025-11-25 20:20:05,Local Market Day,J009,Majestic,2727,Weekday,False,Clear,False,0.0,False,False,0.503,Moderate,22.0,36.6,177.4,0.127,0.292,0.976,Moderate traffic flow - standard adaptive signal timing in effect
EVT443212,2026-01-14 07:25:43,Fireworks Display,J023,Basavanagudi,25033,Weekday,True,Clear,False,0.0,False,False,0.855,Severe,15.5,55.1,289.0,0.156,0.361,0.877,Festival crowd surge detected - alternate route and extended cycle recommended
EVT443213,2026-01-05 15:55:58,Trade Fair,J020,Malleshwaram Circle,6525,Weekday,False,Clear,False,0.0,False,False,0.407,Moderate,27.8,29.7,141.4,0.118,0.272,0.95,Moderate traffic flow - standard adaptive signal timing in effect
EVT443214,2025-05-28 22:19:51,Local Market Day,J020,Malleshwaram Circle,3227,Weekday,False,Clear,False,0.0,True,False,0.611,High,24.0,41.8,250.0,0.193,0.446,0.8,Accident detected nearby - reroute and reduced speed advised
EVT443215,2025-12-29 05:11:29,Trade Fair,J012,Koramangala Sony World,11908,Weekday,False,Clear,False,0.0,False,False,0.31,Low,25.4,20.6,142.8,0.115,0.265,0.986,Moderate traffic flow - standard adaptive signal timing in effect
EVT443216,2025-01-05 18:02:39,Sports Fixture,J012,Koramangala Sony World,18126,Weekend,False,Clear,False,0.0,False,False,0.935,Severe,10.9,74.0,321.7,0.138,0.319,0.932,Heavy congestion detected - signal timing extended and reroute suggested
EVT443217,2026-03-04 20:32:54,Religious Festival,J020,Malleshwaram Circle,28354,Weekday,True,Clear,False,0.0,False,False,0.942,Severe,9.2,67.9,674.6,0.246,0.569,0.88,Festival crowd surge detected - alternate route and extended cycle recommended
EVT443218,2026-05-01 09:21:24,Religious Festival,J030,MG Road,49368,Weekday,True,Light Rain,True,6.6,False,True,1.0,Severe,8.3,102.6,760.4,0.241,0.557,0.794,Road closure for event/procession - full detour recommended for through-traffic
EVT443219,2025-10-14 08:54:34,Local Market Day,J040,City Market,3066,Weekday,False,Heavy Rain,True,36.6,False,False,1.0,Severe,9.1,77.0,769.5,0.261,0.604,0.876,Heavy rain reducing visibility and grip - reduced speed and longer buffer advised
EVT443220,2026-05-06 19:07:49,Sports Fixture,J009,Majestic,18634,Weekday,False,Clear,False,0.0,False,False,1.0,Severe,7.0,72.2,505.4,0.146,0.336,0.913,Heavy congestion detected - signal timing extended and reroute suggested
EVT443221,2026-03-25 19:35:53,Political Rally,J031,Cubbon Road,14735,Weekday,False,Clear,False,0.0,False,False,0.975,Severe,9.3,68.9,204.6,0.073,0.168,0.95,Heavy congestion detected - signal timing extended and reroute suggested
EVT443222,2025-08-10 15:02:17,Sports Fixture,J020,Malleshwaram Circle,18780,Weekend,False,Fog,False,0.0,False,False,0.451,Moderate,30.1,27.6,233.5,0.201,0.464,0.958,Moderate traffic flow - standard adaptive signal timing in effect
EVT443223,2025-04-02 08:05:10,Local Market Day,J011,Indiranagar 100ft Road,5190,Weekday,False,Rain,True,16.8,False,False,0.965,Severe,8.5,70.1,497.5,0.176,0.406,0.878,Heavy rain reducing visibility and grip - reduced speed and longer buffer advised
EVT443224,2026-02-26 19:27:32,Sports Fixture,J031,Cubbon Road,25090,Weekday,False,Clear,False,0.0,False,False,1.0,Severe,9.0,67.3,330.6,0.137,0.316,0.927,Heavy congestion detected - signal timing extended and reroute suggested
EVT443225,2025-08-24 18:21:28,Trade Fair,J020,Malleshwaram Circle,15359,Weekend,False,Clear,False,0.0,False,False,0.809,Severe,14.4,58.2,379.1,0.187,0.432,0.966,Heavy congestion detected - signal timing extended and reroute suggested
EVT443226,2025-01-08 09:39:23,Trade Fair,J020,Malleshwaram Circle,8097,Weekday,False,Clear,False,0.0,False,False,0.951,Severe,8.0,64.0,376.0,0.109,0.251,0.923,Heavy congestion detected - signal timing extended and reroute suggested
EVT443227,2025-09-30 15:53:05,Local Market Day,J030,MG Road,3780,Weekday,False,Light Rain,True,4.0,False,False,0.437,Moderate,23.6,33.6,264.3,0.18,0.417,0.899,Light rain detected - minor speed reduction advised
EVT443228,2025-07-25 20:42:20,Political Rally,J012,Koramangala Sony World,15966,Weekday,False,Clear,False,0.0,False,False,0.626,High,21.1,44.5,364.4,0.237,0.548,0.954,Moderate traffic flow - standard adaptive signal timing in effect
EVT443229,2025-10-15 13:25:14,Trade Fair,J030,MG Road,10217,Weekday,False,Clear,False,0.0,False,False,0.184,Low,33.6,6.0,65.2,0.051,0.118,0.952,Normal free-flow traffic - standard signal timing maintained
EVT443230,2025-10-28 22:41:15,Local Market Day,J040,City Market,5020,Weekday,False,Heavy Rain,True,37.8,False,False,0.557,High,14.5,37.4,364.4,0.152,0.351,0.914,Heavy rain reducing visibility and grip - reduced speed and longer buffer advised
EVT443231,2026-01-02 17:36:20,Fireworks Display,J020,Malleshwaram Circle,20004,Weekday,True,Clear,False,0.0,False,False,1.0,Severe,8.6,72.8,599.4,0.196,0.452,0.848,Festival crowd surge detected - alternate route and extended cycle recommended
EVT443232,2025-10-17 14:27:16,Trade Fair,J011,Indiranagar 100ft Road,9524,Weekday,False,Clear,False,0.0,False,False,0.27,Low,27.9,17.2,167.7,0.107,0.248,0.964,Moderate traffic flow - standard adaptive signal timing in effect
EVT443233,2025-07-12 18:43:53,Political Rally,J009,Majestic,20674,Weekend,False,Heavy Rain,True,28.2,False,False,1.0,Severe,7.6,70.4,380.8,0.121,0.28,0.869,Heavy rain reducing visibility and grip - reduced speed and longer buffer advised
EVT443234,2025-02-12 13:29:10,Local Market Day,J020,Malleshwaram Circle,2671,Weekday,False,Clear,False,0.0,False,False,0.205,Low,40.9,14.7,68.1,0.083,0.191,0.975,Normal free-flow traffic - standard signal timing maintained
EVT443235,2025-09-26 16:13:39,Concert,J023,Basavanagudi,16743,Weekday,False,Clear,False,0.0,False,False,0.554,High,20.6,31.9,165.8,0.09,0.209,0.946,Moderate traffic flow - standard adaptive signal timing in effect
EVT443236,2025-09-25 17:02:59,Local Market Day,J011,Indiranagar 100ft Road,2179,Weekday,False,Clear,False,0.0,False,False,0.69,High,20.8,51.1,192.0,0.123,0.284,0.953,Moderate traffic flow - standard adaptive signal timing in effect
EVT443237,2025-06-21 19:26:55,Concert,J023,Basavanagudi,7257,Weekend,False,Clear,False,0.0,False,False,0.735,High,18.0,51.6,215.3,0.133,0.306,0.97,Moderate traffic flow - standard adaptive signal timing in effect
EVT443238,2026-03-17 09:43:11,Local Market Day,J030,MG Road,6531,Weekday,False,Clear,False,0.0,False,False,0.848,Severe,10.7,63.5,372.9,0.146,0.338,0.94,Heavy congestion detected - signal timing extended and reroute suggested
EVT443239,2025-05-26 04:24:36,Concert,J009,Majestic,11166,Weekday,False,Clear,False,0.0,False,False,0.21,Low,33.1,11.1,142.5,0.144,0.334,0.97,Normal free-flow traffic - standard signal timing maintained
EVT443240,2025-05-23 17:50:01,Political Rally,J040,City Market,17835,Weekday,False,Rain,True,20.5,False,False,1.0,Severe,7.8,65.1,458.2,0.172,0.398,0.856,Heavy rain reducing visibility and grip - reduced speed and longer buffer advised
EVT443241,2025-03-25 19:42:47,Concert,J009,Majestic,10899,Weekday,False,Clear,False,0.0,False,False,0.874,Severe,13.4,57.8,382.4,0.167,0.385,0.939,Heavy congestion detected - signal timing extended and reroute suggested
EVT443242,2025-08-31 01:06:07,Local Market Day,J012,Koramangala Sony World,3266,Weekend,False,Clear,False,0.0,False,False,0.221,Low,26.8,12.4,241.9,0.158,0.366,0.942,Normal free-flow traffic - standard signal timing maintained
EVT443243,2025-01-24 12:57:48,Local Market Day,J011,Indiranagar 100ft Road,3673,Weekday,False,Fog,False,0.0,False,False,0.237,Low,29.2,24.4,142.5,0.127,0.293,0.954,Normal free-flow traffic - standard signal timing maintained
EVT443244,2025-11-29 13:33:29,Local Market Day,J031,Cubbon Road,3987,Weekend,False,Rain,True,9.1,False,False,0.386,Moderate,30.8,25.5,141.3,0.14,0.324,0.912,Light rain detected - minor speed reduction advised
EVT443245,2026-04-28 10:24:35,Concert,J012,Koramangala Sony World,10764,Weekday,False,Clear,False,0.0,False,False,0.691,High,15.3,54.4,265.8,0.156,0.36,0.968,Moderate traffic flow - standard adaptive signal timing in effect
EVT443246,2025-11-29 17:27:49,Local Market Day,J020,Malleshwaram Circle,3433,Weekend,False,Clear,False,0.0,False,False,0.718,High,22.8,48.7,176.5,0.128,0.295,0.977,Moderate traffic flow - standard adaptive signal timing in effect
EVT443247,2026-06-02 18:30:25,Sports Fixture,J020,Malleshwaram Circle,19237,Weekday,False,Clear,False,0.0,False,False,1.0,Severe,9.0,77.6,464.3,0.169,0.391,0.876,Heavy congestion detected - signal timing extended and reroute suggested
EVT443248,2025-08-27 18:54:06,Religious Festival,J009,Majestic,45302,Weekday,True,Clear,False,0.0,False,True,1.0,Severe,8.6,96.0,408.6,0.157,0.363,0.827,Road closure for event/procession - full detour recommended for through-traffic
EVT443249,2025-03-25 21:42:47,Local Market Day,J020,Malleshwaram Circle,3510,Weekday,False,Clear,False,0.0,False,False,0.269,Low,31.1,13.8,109.4,0.105,0.242,0.974,Moderate traffic flow - standard adaptive signal timing in effect
EVT443250,2026-04-08 08:49:01,Trade Fair,J030,MG Road,9524,Weekday,False,Fog,False,0.0,False,False,0.996,Severe,9.8,74.7,618.1,0.229,0.528,0.876,Heavy congestion detected - signal timing extended and reroute suggested
EVT443251,2025-01-04 14:03:52,Sports Fixture,J023,Basavanagudi,39750,Weekend,False,Clear,False,0.0,False,False,0.459,Moderate,24.0,31.1,262.9,0.196,0.453,0.949,Moderate traffic flow - standard adaptive signal timing in effect
EVT443252,2025-08-22 07:17:25,Trade Fair,J012,Koramangala Sony World,4609,Weekday,False,Clear,False,0.0,False,False,0.55,High,19.6,31.7,234.5,0.139,0.32,0.976,Moderate traffic flow - standard adaptive signal timing in effect
EVT443253,2025-10-31 19:32:31,Concert,J012,Koramangala Sony World,9662,Weekday,False,Clear,False,0.0,False,False,0.848,Severe,10.4,63.4,421.8,0.159,0.368,0.946,Heavy congestion detected - signal timing extended and reroute suggested
EVT443254,2026-04-15 11:21:27,Cultural Procession,J023,Basavanagudi,27580,Weekday,True,Clear,False,0.0,False,True,0.867,High,10.8,82.9,593.1,0.241,0.556,0.855,Road closure for event/procession - full detour recommended for through-traffic
EVT443255,2025-07-15 17:21:57,Sports Fixture,J031,Cubbon Road,21466,Weekday,False,Clear,False,0.0,False,False,0.955,Severe,10.0,73.2,277.1,0.122,0.282,0.918,Heavy congestion detected - signal timing extended and reroute suggested
EVT443256,2025-03-09 20:37:48,Concert,J030,MG Road,10047,Weekend,False,Clear,False,0.0,False,False,0.58,High,19.4,40.0,329.4,0.194,0.449,0.951,Moderate traffic flow - standard adaptive signal timing in effect
EVT443257,2026-03-15 01:05:04,Trade Fair,J031,Cubbon Road,9816,Weekend,False,Clear,False,0.0,False,False,0.321,Low,38.5,16.5,111.7,0.105,0.243,0.956,Moderate traffic flow - standard adaptive signal timing in effect
EVT443258,2025-06-12 19:36:54,Political Rally,J040,City Market,12760,Weekday,False,Heavy Rain,True,67.5,False,False,1.0,Severe,7.7,78.3,1040.8,0.301,0.695,0.866,Heavy rain reducing visibility and grip - reduced speed and longer buffer advised
EVT443259,2025-06-08 07:53:59,Local Market Day,J020,Malleshwaram Circle,4838,Weekend,False,Clear,False,0.0,False,False,0.731,High,16.6,54.8,519.8,0.292,0.674,0.967,Moderate traffic flow - standard adaptive signal timing in effect
EVT443260,2026-01-06 19:09:27,Trade Fair,J040,City Market,10821,Weekday,False,Clear,False,0.0,False,False,1.0,Severe,6.6,69.2,855.6,0.221,0.509,0.919,Heavy congestion detected - signal timing extended and reroute suggested
EVT443261,2026-01-25 22:33:23,Sports Fixture,J020,Malleshwaram Circle,24290,Weekend,False,Clear,False,0.0,False,False,0.384,Moderate,32.0,28.9,114.7,0.093,0.214,0.954,Moderate traffic flow - standard adaptive signal timing in effect
EVT443262,2026-03-16 20:32:37,Trade Fair,J031,Cubbon Road,6293,Weekday,False,Clear,False,0.0,False,False,0.472,Moderate,23.0,36.2,295.7,0.204,0.472,0.963,Moderate traffic flow - standard adaptive signal timing in effect
EVT443263,2026-03-09 13:50:55,Local Market Day,J012,Koramangala Sony World,3353,Weekday,False,Clear,False,0.0,False,False,0.176,Low,30.9,15.2,62.2,0.029,0.067,0.972,Normal free-flow traffic - standard signal timing maintained
EVT443264,2026-01-28 14:37:33,Sports Fixture,J020,Malleshwaram Circle,23890,Weekday,False,Clear,False,0.0,False,False,0.355,Moderate,23.3,29.9,205.3,0.116,0.268,0.97,Moderate traffic flow - standard adaptive signal timing in effect
EVT443265,2025-04-26 08:13:52,Political Rally,J020,Malleshwaram Circle,16587,Weekend,False,Clear,False,0.0,False,False,0.859,Severe,13.7,57.1,392.0,0.195,0.45,0.962,Heavy congestion detected - signal timing extended and reroute suggested
EVT443266,2025-04-21 22:11:12,Local Market Day,J040,City Market,2779,Weekday,False,Clear,False,0.0,False,False,0.261,Low,33.8,16.5,105.5,0.092,0.213,0.965,Moderate traffic flow - standard adaptive signal timing in effect
EVT443267,2025-01-15 14:23:42,Religious Festival,J023,Basavanagudi,49753,Weekday,True,Clear,False,0.0,False,True,0.851,High,11.1,82.0,562.1,0.241,0.556,0.896,Road closure for event/procession - full detour recommended for through-traffic
EVT443268,2025-03-08 14:26:37,Trade Fair,J020,Malleshwaram Circle,4618,Weekend,False,Clear,False,0.0,False,False,0.22,Low,31.5,9.5,148.0,0.117,0.269,0.972,Normal free-flow traffic - standard signal timing maintained
EVT443269,2025-06-15 14:59:41,Political Rally,J040,City Market,21765,Weekend,False,Clear,False,0.0,False,False,0.492,Moderate,26.8,29.0,259.0,0.194,0.449,0.947,Moderate traffic flow - standard adaptive signal timing in effect
EVT443270,2025-08-28 16:26:16,Religious Festival,J023,Basavanagudi,35620,Weekday,True,Clear,False,0.0,False,False,0.975,Severe,8.8,72.2,553.9,0.186,0.429,0.867,Festival crowd surge detected - alternate route and extended cycle recommended
EVT443271,2025-06-25 18:43:22,Sports Fixture,J031,Cubbon Road,14195,Weekday,False,Clear,False,0.0,False,False,1.0,Severe,8.4,66.7,364.5,0.121,0.279,0.904,Heavy congestion detected - signal timing extended and reroute suggested
EVT443272,2025-07-22 17:48:04,Sports Fixture,J031,Cubbon Road,18997,Weekday,False,Heavy Rain,True,66.7,False,False,1.0,Severe,8.3,63.4,630.8,0.21,0.485,0.862,Heavy rain reducing visibility and grip - reduced speed and longer buffer advised
EVT443273,2025-03-02 06:08:37,Local Market Day,J030,MG Road,2753,Weekend,False,Clear,False,0.0,False,False,0.357,Moderate,32.6,24.2,202.4,0.175,0.404,0.962,Moderate traffic flow - standard adaptive signal timing in effect
EVT443274,2026-01-18 12:38:43,Local Market Day,J040,City Market,5761,Weekend,False,Clear,False,0.0,False,False,0.226,Low,27.3,22.3,220.1,0.162,0.373,0.99,Normal free-flow traffic - standard signal timing maintained
EVT443275,2025-02-11 07:53:24,Sports Fixture,J011,Indiranagar 100ft Road,19047,Weekday,False,Clear,False,0.0,False,False,0.844,Severe,14.7,60.3,317.1,0.182,0.419,0.943,Heavy congestion detected - signal timing extended and reroute suggested
EVT443276,2026-01-07 14:31:40,Concert,J011,Indiranagar 100ft Road,25065,Weekday,False,Clear,False,0.0,False,False,0.328,Low,31.5,30.0,128.9,0.091,0.21,0.951,Moderate traffic flow - standard adaptive signal timing in effect
EVT443277,2025-01-21 18:18:16,Sports Fixture,J040,City Market,13220,Weekday,False,Clear,False,0.0,False,False,1.0,Severe,9.2,69.1,187.9,0.078,0.18,0.922,Heavy congestion detected - signal timing extended and reroute suggested
EVT443278,2025-04-24 19:14:00,Local Market Day,J040,City Market,3818,Weekday,False,Clear,False,0.0,False,False,0.834,Severe,14.6,57.0,216.9,0.112,0.258,0.937,Heavy congestion detected - signal timing extended and reroute suggested
EVT443279,2025-06-18 10:32:34,Sports Fixture,J011,Indiranagar 100ft Road,33924,Weekday,False,Clear,False,0.0,False,False,0.742,High,20.6,48.9,269.0,0.164,0.378,0.956,Moderate traffic flow - standard adaptive signal timing in effect
EVT443280,2025-05-28 21:56:45,Local Market Day,J023,Basavanagudi,5083,Weekday,False,Clear,False,0.0,False,False,0.15,Low,31.3,2.7,139.0,0.117,0.27,0.958,Normal free-flow traffic - standard signal timing maintained
EVT443281,2025-11-30 13:09:23,Concert,J011,Indiranagar 100ft Road,17580,Weekend,False,Clear,False,0.0,False,False,0.342,Low,36.3,27.0,197.2,0.189,0.436,0.945,Moderate traffic flow - standard adaptive signal timing in effect
EVT443282,2026-01-16 17:17:41,Local Market Day,J012,Koramangala Sony World,6550,Weekday,False,Clear,False,0.0,False,False,0.873,Severe,9.9,62.6,606.8,0.251,0.581,0.925,Heavy congestion detected - signal timing extended and reroute suggested
EVT443283,2025-12-11 12:40:49,Concert,J040,City Market,8255,Weekday,False,Clear,False,0.0,False,False,0.319,Low,30.8,21.3,103.8,0.085,0.197,0.983,Moderate traffic flow - standard adaptive signal timing in effect
EVT443284,2025-11-22 20:31:27,Trade Fair,J020,Malleshwaram Circle,8763,Weekend,False,Rain,True,14.3,False,False,0.732,High,16.4,49.1,270.8,0.136,0.314,0.917,Heavy rain reducing visibility and grip - reduced speed and longer buffer advised
EVT443285,2025-09-09 10:16:59,Trade Fair,J009,Majestic,9374,Weekday,False,Rain,True,15.3,False,False,0.93,Severe,11.6,72.5,213.0,0.09,0.209,0.904,Heavy rain reducing visibility and grip - reduced speed and longer buffer advised
EVT443286,2025-11-06 23:31:17,Trade Fair,J023,Basavanagudi,9283,Weekday,False,Clear,False,0.0,False,False,0.195,Low,29.2,15.0,142.1,0.11,0.255,0.982,Normal free-flow traffic - standard signal timing maintained
EVT443287,2025-04-01 16:39:07,Trade Fair,J012,Koramangala Sony World,16439,Weekday,False,Light Rain,True,6.5,False,False,0.894,Severe,7.3,62.1,874.6,0.245,0.566,0.876,Heavy rain reducing visibility and grip - reduced speed and longer buffer advised
EVT443288,2025-12-14 17:02:32,Trade Fair,J011,Indiranagar 100ft Road,9594,Weekend,False,Clear,False,0.0,False,False,0.676,High,21.1,48.2,175.3,0.123,0.283,0.98,Moderate traffic flow - standard adaptive signal timing in effect
EVT443289,2025-11-20 07:54:17,Concert,J030,MG Road,8909,Weekday,False,Clear,False,0.0,False,False,0.836,Severe,15.4,66.5,271.9,0.146,0.337,0.934,Heavy congestion detected - signal timing extended and reroute suggested
EVT443290,2025-07-07 17:36:18,Local Market Day,J009,Majestic,2240,Weekday,False,Clear,False,0.0,False,False,0.874,Severe,9.6,67.0,626.8,0.232,0.535,0.951,Heavy congestion detected - signal timing extended and reroute suggested
EVT443291,2025-07-12 08:39:13,Concert,J009,Majestic,7121,Weekend,False,Clear,False,0.0,False,False,0.877,Severe,13.3,65.7,397.1,0.181,0.419,0.928,Heavy congestion detected - signal timing extended and reroute suggested
EVT443292,2025-01-11 16:11:06,Local Market Day,J040,City Market,2302,Weekend,False,Clear,False,0.0,False,False,0.433,Moderate,32.6,41.6,113.1,0.088,0.203,0.945,Moderate traffic flow - standard adaptive signal timing in effect
EVT443293,2025-01-09 18:10:56,Local Market Day,J012,Koramangala Sony World,3669,Weekday,False,Clear,False,0.0,False,False,1.0,Severe,7.6,74.0,975.9,0.295,0.681,0.933,Heavy congestion detected - signal timing extended and reroute suggested
EVT443294,2025-06-23 07:56:46,Sports Fixture,J012,Koramangala Sony World,20665,Weekday,False,Clear,False,0.0,False,False,0.916,Severe,9.2,68.4,521.9,0.209,0.483,0.959,Heavy congestion detected - signal timing extended and reroute suggested
EVT443295,2025-07-07 08:52:38,Local Market Day,J011,Indiranagar 100ft Road,4223,Weekday,False,Heavy Rain,True,49.3,False,False,1.0,Severe,6.5,61.3,513.0,0.16,0.369,0.843,Heavy rain reducing visibility and grip - reduced speed and longer buffer advised
EVT443296,2025-02-16 20:47:11,Concert,J012,Koramangala Sony World,22809,Weekend,False,Clear,False,0.0,False,False,0.531,Moderate,25.4,45.6,175.1,0.137,0.317,0.964,Moderate traffic flow - standard adaptive signal timing in effect
EVT443297,2025-09-30 09:09:42,Sports Fixture,J020,Malleshwaram Circle,22443,Weekday,False,Clear,False,0.0,False,False,1.0,Severe,7.6,67.9,739.8,0.239,0.553,0.921,Heavy congestion detected - signal timing extended and reroute suggested
EVT443298,2026-03-26 10:50:28,Religious Festival,J009,Majestic,71804,Weekday,True,Clear,False,0.0,False,False,1.0,Severe,8.9,68.1,512.3,0.195,0.45,0.859,Festival crowd surge detected - alternate route and extended cycle recommended
EVT443299,2025-11-19 08:56:08,Local Market Day,J020,Malleshwaram Circle,4028,Weekday,False,Rain,True,9.4,False,False,1.0,Severe,9.3,70.2,514.8,0.198,0.457,0.848,Heavy rain reducing visibility and grip - reduced speed and longer buffer advised
EVT443300,2025-01-20 15:50:23,Sports Fixture,J040,City Market,15530,Weekday,False,Clear,False,0.0,False,False,0.448,Moderate,34.0,28.2,157.4,0.174,0.402,0.982,Moderate traffic flow - standard adaptive signal timing in effect
EVT443301,2026-01-06 21:06:31,Sports Fixture,J009,Majestic,20982,Weekday,False,Clear,False,0.0,False,False,0.574,High,23.4,38.7,238.9,0.176,0.408,0.93,Moderate traffic flow - standard adaptive signal timing in effect
EVT443302,2025-09-01 15:17:47,Local Market Day,J030,MG Road,2650,Weekday,False,Rain,True,12.3,False,False,0.4,Moderate,33.8,31.3,186.6,0.178,0.412,0.917,Light rain detected - minor speed reduction advised
EVT443303,2025-02-15 10:08:29,Local Market Day,J012,Koramangala Sony World,4452,Weekend,False,Clear,False,0.0,False,False,0.734,High,16.8,50.9,191.1,0.102,0.237,0.99,Moderate traffic flow - standard adaptive signal timing in effect
EVT443304,2025-03-25 16:57:32,Sports Fixture,J009,Majestic,10142,Weekday,False,Clear,False,0.0,False,False,0.684,High,16.4,45.8,358.9,0.202,0.467,0.972,Moderate traffic flow - standard adaptive signal timing in effect
EVT443305,2025-07-08 07:27:55,Concert,J011,Indiranagar 100ft Road,22084,Weekday,False,Rain,True,23.4,False,False,0.987,Severe,8.9,66.8,570.1,0.203,0.468,0.836,Heavy rain reducing visibility and grip - reduced speed and longer buffer advised
EVT443306,2025-07-11 19:27:40,Local Market Day,J020,Malleshwaram Circle,3682,Weekday,False,Heavy Rain,True,25.6,False,False,1.0,Severe,7.7,71.0,293.9,0.103,0.237,0.881,Heavy rain reducing visibility and grip - reduced speed and longer buffer advised
EVT443307,2026-06-01 08:25:42,Local Market Day,J020,Malleshwaram Circle,4082,Weekday,False,Clear,False,0.0,False,False,0.965,Severe,10.4,72.1,713.7,0.293,0.676,0.907,Heavy congestion detected - signal timing extended and reroute suggested
EVT443308,2026-05-29 15:29:53,Concert,J031,Cubbon Road,7674,Weekday,False,Clear,False,0.0,False,False,0.306,Low,32.6,22.6,233.0,0.199,0.459,0.981,Moderate traffic flow - standard adaptive signal timing in effect
EVT443309,2026-01-27 09:07:45,Cultural Procession,J030,MG Road,33536,Weekday,True,Clear,False,0.0,False,True,1.0,Severe,9.3,113.1,272.0,0.116,0.267,0.824,Road closure for event/procession - full detour recommended for through-traffic
EVT443310,2025-12-25 21:32:45,Fireworks Display,J009,Majestic,22684,Weekday,True,Clear,False,0.0,False,False,0.587,High,21.3,41.6,166.6,0.089,0.205,0.917,Festival crowd surge detected - alternate route and extended cycle recommended
EVT443311,2025-12-24 21:42:52,Concert,J030,MG Road,11046,Weekday,False,Clear,False,0.0,False,False,0.301,Low,34.7,19.4,108.5,0.098,0.226,0.949,Moderate traffic flow - standard adaptive signal timing in effect
EVT443312,2025-06-18 19:20:33,Local Market Day,J023,Basavanagudi,2323,Weekday,False,Rain,True,11.5,False,False,0.964,Severe,8.4,62.8,361.2,0.104,0.241,0.866,Heavy rain reducing visibility and grip - reduced speed and longer buffer advised
EVT443313,2025-12-25 09:21:47,Religious Festival,J012,Koramangala Sony World,28952,Weekday,True,Clear,False,0.0,False,False,1.0,Severe,9.0,70.6,746.4,0.266,0.615,0.846,Festival crowd surge detected - alternate route and extended cycle recommended
EVT443314,2026-03-01 12:37:57,Local Market Day,J020,Malleshwaram Circle,4282,Weekend,False,Clear,False,0.0,False,False,0.243,Low,28.8,12.9,94.5,0.072,0.166,0.952,Normal free-flow traffic - standard signal timing maintained
EVT443315,2025-02-26 09:07:11,Trade Fair,J040,City Market,11527,Weekday,False,Clear,False,0.0,False,False,1.0,Severe,7.5,71.9,438.6,0.133,0.307,0.934,Heavy congestion detected - signal timing extended and reroute suggested
EVT443316,2026-03-14 08:26:18,Concert,J023,Basavanagudi,8572,Weekend,False,Clear,False,0.0,False,False,0.933,Severe,9.1,69.3,548.1,0.198,0.457,0.927,Heavy congestion detected - signal timing extended and reroute suggested
EVT443317,2026-01-19 15:32:12,Concert,J031,Cubbon Road,13926,Weekday,False,Clear,False,0.0,False,False,0.382,Moderate,25.4,21.8,140.3,0.099,0.23,0.974,Moderate traffic flow - standard adaptive signal timing in effect
EVT443318,2025-11-18 21:16:29,Political Rally,J012,Koramangala Sony World,15793,Weekday,False,Clear,False,0.0,False,False,0.405,Moderate,25.3,30.7,205.0,0.142,0.328,0.984,Moderate traffic flow - standard adaptive signal timing in effect
EVT443319,2025-11-13 10:31:20,Political Rally,J020,Malleshwaram Circle,15385,Weekday,False,Rain,True,14.6,False,False,0.841,Severe,16.6,62.6,173.1,0.093,0.215,0.896,Heavy rain reducing visibility and grip - reduced speed and longer buffer advised
EVT443320,2025-10-20 17:26:48,Religious Festival,J031,Cubbon Road,32075,Weekday,True,Clear,False,0.0,False,True,1.0,Severe,8.5,102.0,538.7,0.206,0.476,0.818,Road closure for event/procession - full detour recommended for through-traffic
EVT443321,2026-03-13 10:20:36,Local Market Day,J023,Basavanagudi,3243,Weekday,False,Clear,False,0.0,False,False,0.667,High,18.7,58.0,398.4,0.228,0.527,0.957,Moderate traffic flow - standard adaptive signal timing in effect
EVT443322,2025-10-09 15:03:40,Concert,J031,Cubbon Road,25935,Weekday,False,Clear,False,0.0,False,False,0.324,Low,28.0,25.3,122.9,0.118,0.272,0.957,Moderate traffic flow - standard adaptive signal timing in effect
EVT443323,2025-05-07 09:14:08,Trade Fair,J031,Cubbon Road,12117,Weekday,False,Clear,False,0.0,False,False,1.0,Severe,7.7,70.5,546.4,0.191,0.441,0.908,Heavy congestion detected - signal timing extended and reroute suggested
EVT443324,2025-09-15 12:14:18,Trade Fair,J009,Majestic,7928,Weekday,False,Clear,False,0.0,False,False,0.196,Low,35.0,15.2,150.1,0.127,0.294,0.978,Normal free-flow traffic - standard signal timing maintained
EVT443325,2025-12-08 12:33:40,Concert,J020,Malleshwaram Circle,13193,Weekday,False,Clear,False,0.0,False,False,0.308,Low,30.5,19.4,81.5,0.058,0.134,0.98,Moderate traffic flow - standard adaptive signal timing in effect
EVT443326,2025-02-13 19:27:17,Political Rally,J031,Cubbon Road,20635,Weekday,False,Clear,False,0.0,False,False,1.0,Severe,8.6,69.9,373.7,0.15,0.346,0.911,Heavy congestion detected - signal timing extended and reroute suggested
EVT443327,2026-06-25 08:22:58,Local Market Day,J031,Cubbon Road,4350,Weekday,False,Clear,False,0.0,False,False,0.94,Severe,9.8,65.2,503.9,0.209,0.483,0.921,Heavy congestion detected - signal timing extended and reroute suggested
EVT443328,2025-12-16 16:31:32,Trade Fair,J040,City Market,11052,Weekday,False,Clear,False,0.0,False,False,0.71,High,16.4,51.1,263.3,0.155,0.358,0.973,Moderate traffic flow - standard adaptive signal timing in effect
EVT443329,2026-04-26 06:33:51,Local Market Day,J040,City Market,5611,Weekend,False,Clear,False,0.0,False,False,0.404,Moderate,28.7,24.9,171.1,0.121,0.28,0.99,Moderate traffic flow - standard adaptive signal timing in effect
EVT443330,2025-07-23 20:57:53,Local Market Day,J020,Malleshwaram Circle,4617,Weekday,False,Light Rain,True,2.6,False,False,0.497,Moderate,20.3,37.4,334.9,0.202,0.468,0.93,Light rain detected - minor speed reduction advised
EVT443331,2025-07-20 10:41:53,Trade Fair,J031,Cubbon Road,6815,Weekend,False,Fog,False,0.0,False,False,0.48,Moderate,29.3,37.3,140.9,0.106,0.244,0.985,Moderate traffic flow - standard adaptive signal timing in effect
EVT443332,2026-03-03 18:24:42,Concert,J009,Majestic,12824,Weekday,False,Clear,False,0.0,False,False,1.0,Severe,9.6,65.4,555.4,0.225,0.52,0.911,Heavy congestion detected - signal timing extended and reroute suggested
EVT443333,2025-09-07 05:47:23,Sports Fixture,J011,Indiranagar 100ft Road,21206,Weekend,False,Clear,False,0.0,False,False,0.403,Moderate,25.4,30.4,212.9,0.168,0.388,0.97,Moderate traffic flow - standard adaptive signal timing in effect
EVT443334,2026-03-01 11:15:20,Sports Fixture,J030,MG Road,41729,Weekend,False,Clear,False,0.0,False,False,0.631,High,23.6,45.1,190.1,0.138,0.318,0.949,Moderate traffic flow - standard adaptive signal timing in effect
EVT443335,2025-11-24 13:41:12,Local Market Day,J023,Basavanagudi,2263,Weekday,False,Clear,False,0.0,False,False,0.128,Low,34.5,10.7,112.0,0.089,0.205,0.944,Normal free-flow traffic - standard signal timing maintained
EVT443336,2025-01-12 08:30:19,Concert,J012,Koramangala Sony World,9724,Weekend,False,Clear,False,0.0,False,False,0.852,Severe,13.7,60.6,423.9,0.21,0.484,0.965,Heavy congestion detected - signal timing extended and reroute suggested
EVT443337,2025-11-21 09:52:12,Political Rally,J012,Koramangala Sony World,24940,Weekday,False,Clear,False,0.0,False,False,0.997,Severe,8.0,71.0,812.3,0.232,0.537,0.904,Heavy congestion detected - signal timing extended and reroute suggested
EVT443338,2025-11-15 19:35:52,Trade Fair,J009,Majestic,4801,Weekend,False,Rain,True,11.6,False,False,0.914,Severe,14.1,67.1,358.0,0.188,0.434,0.864,Heavy rain reducing visibility and grip - reduced speed and longer buffer advised
EVT443339,2025-03-15 08:53:40,Religious Festival,J031,Cubbon Road,74915,Weekend,True,Clear,False,0.0,False,True,1.0,Severe,7.6,105.1,591.8,0.209,0.483,0.851,Road closure for event/procession - full detour recommended for through-traffic
EVT443340,2025-07-09 15:56:47,Sports Fixture,J023,Basavanagudi,13365,Weekday,False,Fog,False,0.0,False,False,0.434,Moderate,19.0,25.8,329.2,0.18,0.416,0.99,Moderate traffic flow - standard adaptive signal timing in effect
EVT443341,2025-11-29 16:42:44,Local Market Day,J031,Cubbon Road,3323,Weekend,False,Light Rain,True,3.4,False,False,0.582,High,24.5,41.7,189.5,0.139,0.321,0.901,Heavy rain reducing visibility and grip - reduced speed and longer buffer advised
EVT443342,2025-01-24 18:09:21,Local Market Day,J012,Koramangala Sony World,4228,Weekday,False,Clear,False,0.0,False,False,1.0,Severe,8.4,71.3,711.0,0.251,0.581,0.909,Heavy congestion detected - signal timing extended and reroute suggested
EVT443343,2025-11-13 17:51:24,Local Market Day,J023,Basavanagudi,4278,Weekday,False,Clear,False,0.0,False,False,1.0,Severe,11.0,72.8,587.0,0.247,0.57,0.95,Heavy congestion detected - signal timing extended and reroute suggested
EVT443344,2026-04-22 19:24:53,Concert,J011,Indiranagar 100ft Road,13136,Weekday,False,Fog,False,0.0,False,False,1.0,Severe,8.3,72.2,618.6,0.209,0.483,0.922,Heavy congestion detected - signal timing extended and reroute suggested
EVT443345,2025-08-16 16:52:44,Cultural Procession,J012,Koramangala Sony World,23983,Weekend,True,Heavy Rain,True,38.1,False,False,1.0,Severe,8.4,73.9,384.6,0.156,0.36,0.796,Festival crowd surge detected - alternate route and extended cycle recommended
EVT443346,2025-08-21 02:42:50,Concert,J030,MG Road,12438,Weekday,False,Clear,False,0.0,False,False,0.255,Low,26.4,23.5,245.4,0.21,0.485,0.987,Moderate traffic flow - standard adaptive signal timing in effect
EVT443347,2026-04-18 13:44:20,Trade Fair,J012,Koramangala Sony World,8645,Weekend,False,Clear,False,0.0,False,False,0.322,Low,32.0,26.0,187.5,0.154,0.355,0.94,Moderate traffic flow - standard adaptive signal timing in effect
EVT443348,2025-01-13 07:25:27,Sports Fixture,J009,Majestic,31379,Weekday,False,Fog,False,0.0,False,False,0.769,Severe,16.5,51.2,368.0,0.196,0.453,0.956,Heavy congestion detected - signal timing extended and reroute suggested
EVT443349,2026-03-23 18:10:15,Trade Fair,J030,MG Road,10966,Weekday,False,Clear,False,0.0,False,False,1.0,Severe,7.9,71.0,564.7,0.179,0.415,0.918,Heavy congestion detected - signal timing extended and reroute suggested
EVT443350,2025-04-12 08:24:57,Concert,J011,Indiranagar 100ft Road,4748,Weekend,False,Rain,True,7.8,False,False,0.872,Severe,11.1,59.3,434.2,0.179,0.415,0.877,Heavy rain reducing visibility and grip - reduced speed and longer buffer advised
EVT443351,2025-10-03 07:25:48,Fireworks Display,J040,City Market,38238,Weekday,True,Clear,False,0.0,False,False,0.936,Severe,9.7,62.3,336.0,0.136,0.314,0.855,Festival crowd surge detected - alternate route and extended cycle recommended
EVT443352,2025-02-28 09:59:07,Sports Fixture,J040,City Market,19780,Weekday,False,Clear,False,0.0,False,False,0.929,Severe,9.4,71.8,598.0,0.256,0.59,0.938,Heavy congestion detected - signal timing extended and reroute suggested
EVT443353,2025-08-05 19:43:57,Trade Fair,J023,Basavanagudi,6554,Weekday,False,Light Rain,True,5.6,False,False,0.859,Severe,14.3,59.8,221.9,0.144,0.333,0.883,Heavy rain reducing visibility and grip - reduced speed and longer buffer advised
EVT443354,2025-09-24 15:53:04,Sports Fixture,J020,Malleshwaram Circle,30209,Weekday,False,Heavy Rain,True,28.5,False,False,0.894,Severe,12.2,60.7,390.4,0.179,0.414,0.895,Heavy rain reducing visibility and grip - reduced speed and longer buffer advised
EVT443355,2026-01-03 10:23:12,Sports Fixture,J011,Indiranagar 100ft Road,27328,Weekend,False,Fog,False,0.0,False,False,0.715,High,21.5,58.3,293.7,0.192,0.443,0.961,Moderate traffic flow - standard adaptive signal timing in effect
EVT443356,2026-01-26 16:02:02,Religious Festival,J009,Majestic,72919,Weekday,True,Clear,False,0.0,False,False,1.0,Severe,9.8,75.5,572.2,0.253,0.585,0.888,Festival crowd surge detected - alternate route and extended cycle recommended
EVT443357,2026-01-17 09:04:17,Trade Fair,J023,Basavanagudi,8443,Weekend,False,Clear,False,0.0,False,False,0.975,Severe,9.7,66.1,210.1,0.086,0.2,0.912,Heavy congestion detected - signal timing extended and reroute suggested
EVT443358,2025-08-02 12:24:01,Concert,J020,Malleshwaram Circle,11731,Weekend,False,Clear,False,0.0,False,False,0.315,Low,26.1,17.5,145.4,0.109,0.252,0.967,Moderate traffic flow - standard adaptive signal timing in effect
EVT443359,2025-05-15 15:42:35,Concert,J012,Koramangala Sony World,11768,Weekday,False,Rain,True,16.4,False,False,0.63,High,17.8,44.4,141.2,0.075,0.174,0.909,Heavy rain reducing visibility and grip - reduced speed and longer buffer advised
EVT443360,2025-07-20 18:42:30,Trade Fair,J012,Koramangala Sony World,7077,Weekend,False,Heavy Rain,True,34.0,False,False,1.0,Severe,8.9,72.0,556.9,0.208,0.48,0.865,Heavy rain reducing visibility and grip - reduced speed and longer buffer advised
EVT443361,2025-01-07 20:20:20,Local Market Day,J011,Indiranagar 100ft Road,3289,Weekday,False,Clear,False,0.0,False,False,0.639,High,20.9,42.9,155.8,0.103,0.238,0.959,Moderate traffic flow - standard adaptive signal timing in effect
EVT443362,2025-08-08 19:25:07,Sports Fixture,J030,MG Road,20686,Weekday,False,Clear,False,0.0,False,False,1.0,Severe,9.4,66.9,441.5,0.173,0.399,0.882,Heavy congestion detected - signal timing extended and reroute suggested
EVT443363,2026-06-25 10:41:32,Political Rally,J031,Cubbon Road,5448,Weekday,False,Rain,True,21.4,False,False,0.783,Severe,15.4,54.6,323.1,0.17,0.393,0.896,Heavy rain reducing visibility and grip - reduced speed and longer buffer advised
EVT443364,2026-04-07 19:15:33,Concert,J020,Malleshwaram Circle,9055,Weekday,False,Light Rain,True,3.3,False,False,1.0,Severe,8.6,73.1,543.6,0.203,0.469,0.86,Heavy rain reducing visibility and grip - reduced speed and longer buffer advised
EVT443365,2025-11-08 16:39:37,Sports Fixture,J040,City Market,36047,Weekend,False,Clear,False,0.0,False,False,0.69,High,19.6,46.9,348.0,0.228,0.526,0.947,Moderate traffic flow - standard adaptive signal timing in effect
EVT443366,2025-03-02 04:22:32,Trade Fair,J031,Cubbon Road,10373,Weekend,False,Clear,False,0.0,False,False,0.348,Low,33.1,19.7,135.8,0.116,0.269,0.955,Moderate traffic flow - standard adaptive signal timing in effect
EVT443367,2026-05-25 19:06:24,Trade Fair,J009,Majestic,7411,Weekday,False,Rain,True,23.0,False,False,1.0,Severe,7.3,64.2,682.1,0.202,0.466,0.877,Heavy rain reducing visibility and grip - reduced speed and longer buffer advised
EVT443368,2026-01-17 09:17:51,Local Market Day,J009,Majestic,2937,Weekend,False,Clear,False,0.0,False,False,0.883,Severe,12.8,61.8,663.9,0.319,0.738,0.929,Heavy congestion detected - signal timing extended and reroute suggested
EVT443369,2025-08-12 10:17:53,Local Market Day,J040,City Market,3713,Weekday,False,Clear,False,0.0,False,False,0.788,Severe,14.8,56.6,194.6,0.1,0.23,0.951,Heavy congestion detected - signal timing extended and reroute suggested
EVT443370,2026-03-02 11:21:09,Political Rally,J040,City Market,31814,Weekday,False,Clear,False,0.0,False,False,0.502,Moderate,27.9,35.7,147.7,0.109,0.252,0.959,Moderate traffic flow - standard adaptive signal timing in effect
EVT443371,2026-01-13 13:18:06,Sports Fixture,J040,City Market,28299,Weekday,False,Clear,False,0.0,False,False,0.308,Low,26.3,15.6,242.0,0.178,0.41,0.98,Moderate traffic flow - standard adaptive signal timing in effect
EVT443372,2025-06-07 06:02:27,Concert,J009,Majestic,14605,Weekend,False,Clear,False,0.0,False,False,0.338,Low,29.5,20.1,156.1,0.126,0.29,0.955,Moderate traffic flow - standard adaptive signal timing in effect
EVT443373,2025-11-01 19:01:27,Cultural Procession,J023,Basavanagudi,23666,Weekend,True,Clear,False,0.0,False,False,1.0,Severe,8.7,68.4,899.6,0.285,0.658,0.83,Festival crowd surge detected - alternate route and extended cycle recommended
EVT443374,2026-03-27 07:34:23,Cultural Procession,J012,Koramangala Sony World,10085,Weekday,True,Clear,False,0.0,False,False,0.963,Severe,8.4,72.5,512.3,0.178,0.411,0.848,Festival crowd surge detected - alternate route and extended cycle recommended
EVT443375,2025-09-05 17:02:38,Cultural Procession,J012,Koramangala Sony World,25946,Weekday,True,Rain,True,20.5,False,True,1.0,Severe,9.6,102.8,496.2,0.197,0.454,0.786,Road closure for event/procession - full detour recommended for through-traffic
EVT443376,2026-03-28 21:50:38,Sports Fixture,J030,MG Road,33456,Weekend,False,Clear,False,0.0,False,False,0.514,Moderate,21.3,37.1,141.1,0.106,0.244,0.967,Moderate traffic flow - standard adaptive signal timing in effect
EVT443377,2025-07-12 16:06:43,Trade Fair,J020,Malleshwaram Circle,8984,Weekend,False,Heavy Rain,True,31.0,False,False,0.82,Severe,15.0,56.9,236.8,0.121,0.279,0.891,Heavy rain reducing visibility and grip - reduced speed and longer buffer advised
EVT443378,2026-04-20 15:35:00,Political Rally,J011,Indiranagar 100ft Road,21074,Weekday,False,Clear,False,0.0,False,False,0.427,Moderate,29.1,30.5,164.0,0.152,0.351,0.964,Moderate traffic flow - standard adaptive signal timing in effect
EVT443379,2025-09-06 08:39:23,Cultural Procession,J009,Majestic,44302,Weekend,True,Rain,True,17.5,False,True,1.0,Severe,10.9,102.6,500.4,0.22,0.508,0.772,Road closure for event/procession - full detour recommended for through-traffic
EVT443380,2025-03-12 15:32:30,Concert,J023,Basavanagudi,13322,Weekday,False,Clear,False,0.0,False,False,0.334,Low,32.6,24.2,92.3,0.069,0.16,0.98,Moderate traffic flow - standard adaptive signal timing in effect
EVT443381,2025-07-13 18:32:45,Concert,J020,Malleshwaram Circle,20046,Weekend,False,Clear,False,0.0,False,False,0.979,Severe,7.1,73.3,333.4,0.114,0.264,0.92,Heavy congestion detected - signal timing extended and reroute suggested
EVT443382,2025-01-12 09:56:45,Trade Fair,J040,City Market,15177,Weekend,False,Clear,False,0.0,False,False,0.852,Severe,15.7,57.8,167.2,0.087,0.201,0.937,Heavy congestion detected - signal timing extended and reroute suggested
EVT443383,2025-07-31 15:59:30,Local Market Day,J040,City Market,4013,Weekday,False,Clear,False,0.0,False,False,0.489,Moderate,27.8,39.3,185.6,0.145,0.335,0.969,Moderate traffic flow - standard adaptive signal timing in effect
EVT443384,2025-05-12 19:41:37,Local Market Day,J040,City Market,2808,Weekday,False,Heavy Rain,True,43.5,False,False,1.0,Severe,7.8,76.0,617.1,0.207,0.479,0.851,Heavy rain reducing visibility and grip - reduced speed and longer buffer advised
EVT443385,2025-08-07 10:37:11,Sports Fixture,J030,MG Road,42653,Weekday,False,Clear,False,0.0,False,False,0.752,Severe,16.4,49.1,326.6,0.23,0.532,0.951,Heavy congestion detected - signal timing extended and reroute suggested
EVT443386,2026-05-28 17:34:37,Sports Fixture,J009,Majestic,21380,Weekday,False,Clear,False,0.0,False,False,0.92,Severe,9.3,60.1,284.9,0.126,0.291,0.936,Heavy congestion detected - signal timing extended and reroute suggested
EVT443387,2026-05-17 08:11:58,Trade Fair,J012,Koramangala Sony World,7923,Weekend,False,Clear,False,0.0,False,False,0.828,Severe,18.3,61.4,202.4,0.128,0.295,0.932,Heavy congestion detected - signal timing extended and reroute suggested
EVT443388,2026-04-03 19:28:34,Concert,J009,Majestic,12977,Weekday,False,Clear,False,0.0,False,False,0.982,Severe,10.3,71.0,422.7,0.195,0.45,0.905,Heavy congestion detected - signal timing extended and reroute suggested
EVT443389,2025-06-11 17:35:27,Local Market Day,J031,Cubbon Road,3488,Weekday,False,Clear,False,0.0,False,False,0.841,Severe,14.9,63.6,316.0,0.181,0.417,0.948,Heavy congestion detected - signal timing extended and reroute suggested
EVT443390,2026-01-23 14:12:05,Political Rally,J023,Basavanagudi,10434,Weekday,False,Clear,False,0.0,False,False,0.304,Low,32.2,21.5,285.6,0.241,0.556,0.965,Moderate traffic flow - standard adaptive signal timing in effect
EVT443391,2026-02-04 23:57:34,Trade Fair,J031,Cubbon Road,9188,Weekday,False,Light Rain,True,1.7,False,False,0.283,Low,29.3,23.6,217.5,0.172,0.397,0.899,Light rain detected - minor speed reduction advised
EVT443392,2025-04-18 08:13:08,Local Market Day,J031,Cubbon Road,3552,Weekday,False,Clear,False,0.0,False,False,0.868,Severe,12.8,62.0,310.5,0.149,0.345,0.918,Heavy congestion detected - signal timing extended and reroute suggested
EVT443393,2025-10-31 16:49:37,Trade Fair,J011,Indiranagar 100ft Road,11102,Weekday,False,Clear,False,0.0,False,False,0.804,Severe,17.2,60.7,280.4,0.167,0.386,0.977,Heavy congestion detected - signal timing extended and reroute suggested
EVT443394,2025-03-02 12:37:28,Sports Fixture,J030,MG Road,25264,Weekend,False,Clear,False,0.0,False,False,0.37,Moderate,30.1,26.8,181.1,0.143,0.33,0.987,Moderate traffic flow - standard adaptive signal timing in effect
EVT443395,2025-04-29 21:30:04,Local Market Day,J031,Cubbon Road,2490,Weekday,False,Clear,False,0.0,False,False,0.288,Low,28.0,16.7,172.5,0.123,0.285,0.981,Moderate traffic flow - standard adaptive signal timing in effect
EVT443396,2025-10-04 12:32:55,Concert,J040,City Market,6954,Weekend,False,Clear,False,0.0,False,False,0.267,Low,29.8,16.6,140.7,0.124,0.287,0.98,Moderate traffic flow - standard adaptive signal timing in effect
EVT443397,2026-06-26 10:49:34,Sports Fixture,J031,Cubbon Road,22225,Weekday,False,Clear,False,0.0,False,False,0.666,High,20.3,46.1,241.9,0.144,0.332,0.952,Moderate traffic flow - standard adaptive signal timing in effect
EVT443398,2025-09-27 06:07:38,Sports Fixture,J020,Malleshwaram Circle,18790,Weekend,False,Heavy Rain,True,32.9,False,False,0.747,High,18.2,55.4,305.8,0.215,0.496,0.899,Heavy rain reducing visibility and grip - reduced speed and longer buffer advised
EVT443399,2025-04-16 14:20:35,Concert,J020,Malleshwaram Circle,22778,Weekday,False,Clear,False,0.0,False,False,0.272,Low,27.7,21.7,160.6,0.103,0.239,0.99,Moderate traffic flow - standard adaptive signal timing in effect
EVT443400,2025-08-17 20:57:38,Concert,J040,City Market,14126,Weekend,False,Clear,False,0.0,False,False,0.498,Moderate,27.9,44.7,155.0,0.119,0.275,0.968,Moderate traffic flow - standard adaptive signal timing in effect
EVT443401,2025-04-22 15:47:11,Concert,J031,Cubbon Road,16295,Weekday,False,Clear,False,0.0,False,False,0.525,Moderate,21.3,42.5,166.7,0.117,0.271,0.962,Moderate traffic flow - standard adaptive signal timing in effect
EVT443402,2025-10-26 13:41:01,Concert,J009,Majestic,22456,Weekend,False,Clear,False,0.0,False,False,0.392,Moderate,35.1,23.9,102.1,0.1,0.23,0.953,Moderate traffic flow - standard adaptive signal timing in effect
EVT443403,2026-03-28 06:05:08,Local Market Day,J009,Majestic,4481,Weekend,False,Clear,False,0.0,False,False,0.32,Low,27.3,28.8,70.1,0.054,0.125,0.977,Moderate traffic flow - standard adaptive signal timing in effect
EVT443404,2026-04-10 19:44:54,Local Market Day,J030,MG Road,2140,Weekday,False,Light Rain,True,7.0,False,False,0.905,Severe,12.0,66.1,537.9,0.231,0.533,0.885,Heavy rain reducing visibility and grip - reduced speed and longer buffer advised
EVT443405,2025-01-09 14:00:33,Concert,J030,MG Road,13029,Weekday,False,Rain,True,14.8,False,False,0.515,Moderate,23.9,37.5,223.5,0.156,0.36,0.902,Light rain detected - minor speed reduction advised
EVT443406,2025-09-17 12:19:18,Political Rally,J011,Indiranagar 100ft Road,14969,Weekday,False,Clear,False,0.0,False,False,0.234,Low,39.1,14.2,65.6,0.069,0.16,0.972,Normal free-flow traffic - standard signal timing maintained
EVT443407,2026-01-16 06:31:04,Sports Fixture,J023,Basavanagudi,13589,Weekday,False,Clear,False,0.0,False,False,0.39,Moderate,26.8,29.6,164.0,0.115,0.267,0.973,Moderate traffic flow - standard adaptive signal timing in effect
EVT443408,2026-02-18 12:40:25,Political Rally,J012,Koramangala Sony World,10313,Weekday,False,Clear,False,0.0,False,False,0.185,Low,37.7,12.6,75.7,0.072,0.167,0.969,Normal free-flow traffic - standard signal timing maintained
EVT443409,2026-05-21 19:40:09,Sports Fixture,J009,Majestic,15705,Weekday,False,Clear,False,0.0,False,False,0.774,Severe,12.7,51.4,256.4,0.114,0.263,0.933,Heavy congestion detected - signal timing extended and reroute suggested
EVT443410,2025-08-03 09:45:13,Political Rally,J031,Cubbon Road,17138,Weekend,False,Heavy Rain,True,32.4,False,False,1.0,Severe,8.3,66.3,701.4,0.236,0.545,0.864,Heavy rain reducing visibility and grip - reduced speed and longer buffer advised
EVT443411,2025-08-30 15:56:49,Local Market Day,J020,Malleshwaram Circle,5042,Weekend,False,Clear,False,0.0,False,False,0.395,Moderate,31.0,24.2,97.3,0.074,0.171,0.967,Moderate traffic flow - standard adaptive signal timing in effect
EVT443412,2025-10-29 13:47:56,Local Market Day,J009,Majestic,4410,Weekday,False,Rain,True,17.3,False,False,0.393,Moderate,25.5,30.5,120.2,0.097,0.224,0.906,Light rain detected - minor speed reduction advised
EVT443413,2025-09-30 10:54:19,Local Market Day,J040,City Market,3988,Weekday,False,Clear,False,0.0,False,False,0.48,Moderate,21.8,29.9,326.9,0.208,0.48,0.947,Moderate traffic flow - standard adaptive signal timing in effect
EVT443414,2025-02-22 08:01:06,Political Rally,J031,Cubbon Road,14500,Weekend,False,Clear,False,0.0,False,False,0.722,High,17.9,46.9,246.4,0.154,0.356,0.952,Moderate traffic flow - standard adaptive signal timing in effect
EVT443415,2025-02-27 16:37:01,Concert,J020,Malleshwaram Circle,8539,Weekday,False,Clear,False,0.0,False,False,0.66,High,20.8,46.6,152.3,0.105,0.242,0.945,Moderate traffic flow - standard adaptive signal timing in effect
EVT443416,2026-05-02 08:48:40,Religious Festival,J040,City Market,57492,Weekend,True,Heavy Rain,True,30.1,False,True,1.0,Severe,8.7,99.6,847.7,0.274,0.633,0.79,Road closure for event/procession - full detour recommended for through-traffic
EVT443417,2025-06-22 07:02:55,Concert,J031,Cubbon Road,13968,Weekend,False,Clear,False,0.0,False,False,0.471,Moderate,28.4,28.8,198.7,0.155,0.358,0.961,Moderate traffic flow - standard adaptive signal timing in effect
EVT443418,2026-04-07 16:56:37,Political Rally,J023,Basavanagudi,12010,Weekday,False,Fog,False,0.0,False,False,0.736,High,14.9,54.9,295.4,0.148,0.343,0.973,Moderate traffic flow - standard adaptive signal timing in effect
EVT443419,2025-11-26 20:26:13,Trade Fair,J009,Majestic,14634,Weekday,False,Clear,False,0.0,False,False,0.702,High,20.7,45.8,170.2,0.122,0.281,0.956,Moderate traffic flow - standard adaptive signal timing in effect
EVT443420,2026-01-31 21:08:55,Local Market Day,J020,Malleshwaram Circle,4309,Weekend,False,Clear,False,0.0,False,False,0.38,Moderate,18.5,29.1,292.0,0.168,0.389,0.965,Moderate traffic flow - standard adaptive signal timing in effect
EVT443421,2025-05-19 19:24:15,Trade Fair,J020,Malleshwaram Circle,13001,Weekday,False,Light Rain,True,3.5,False,False,1.0,Severe,7.7,70.4,564.5,0.175,0.405,0.884,Heavy rain reducing visibility and grip - reduced speed and longer buffer advised
EVT443422,2026-03-31 19:17:59,Concert,J031,Cubbon Road,11755,Weekday,False,Clear,False,0.0,False,False,1.0,Severe,7.4,69.2,409.6,0.147,0.34,0.894,Heavy congestion detected - signal timing extended and reroute suggested
EVT443423,2026-06-14 09:31:58,Local Market Day,J012,Koramangala Sony World,4752,Weekend,False,Heavy Rain,True,62.9,False,False,1.0,Severe,8.2,69.6,743.5,0.248,0.573,0.876,Heavy rain reducing visibility and grip - reduced speed and longer buffer advised
EVT443424,2026-05-31 10:58:24,Concert,J012,Koramangala Sony World,7711,Weekend,False,Rain,True,9.0,False,False,0.48,Moderate,25.6,39.9,236.0,0.179,0.414,0.917,Light rain detected - minor speed reduction advised
EVT443425,2025-10-05 16:37:36,Sports Fixture,J030,MG Road,26549,Weekend,False,Heavy Rain,True,45.8,False,False,1.0,Severe,7.5,71.6,763.8,0.23,0.531,0.882,Heavy rain reducing visibility and grip - reduced speed and longer buffer advised
EVT443426,2025-01-05 16:31:24,Concert,J012,Koramangala Sony World,14819,Weekend,False,Light Rain,True,3.1,False,False,0.683,High,18.8,45.7,331.1,0.215,0.496,0.932,Heavy rain reducing visibility and grip - reduced speed and longer buffer advised
EVT443427,2026-05-20 00:24:33,Concert,J009,Majestic,12305,Weekday,False,Clear,False,0.0,False,False,0.191,Low,28.1,16.2,139.2,0.098,0.227,0.968,Normal free-flow traffic - standard signal timing maintained
EVT443428,2025-07-21 16:00:02,Trade Fair,J030,MG Road,9697,Weekday,False,Heavy Rain,True,70.2,False,False,0.848,Severe,10.2,57.3,324.1,0.124,0.287,0.896,Heavy rain reducing visibility and grip - reduced speed and longer buffer advised
EVT443429,2026-01-19 10:28:57,Local Market Day,J023,Basavanagudi,4057,Weekday,False,Clear,False,0.0,False,False,0.62,High,19.9,45.4,279.0,0.169,0.39,0.956,Moderate traffic flow - standard adaptive signal timing in effect
EVT443430,2025-12-24 17:58:32,Sports Fixture,J012,Koramangala Sony World,21981,Weekday,False,Clear,False,0.0,False,False,1.0,Severe,8.2,75.1,439.7,0.179,0.412,0.949,Heavy congestion detected - signal timing extended and reroute suggested
EVT443431,2025-05-07 16:08:47,Sports Fixture,J009,Majestic,15079,Weekday,False,Heavy Rain,True,30.6,False,False,0.903,Severe,12.7,69.8,260.1,0.131,0.304,0.872,Heavy rain reducing visibility and grip - reduced speed and longer buffer advised
EVT443432,2025-10-17 15:27:22,Trade Fair,J031,Cubbon Road,7913,Weekday,False,Clear,False,0.0,False,False,0.324,Low,34.3,23.3,145.3,0.146,0.337,0.95,Moderate traffic flow - standard adaptive signal timing in effect
EVT443433,2026-06-14 09:28:19,Concert,J012,Koramangala Sony World,7687,Weekend,False,Clear,False,0.0,False,False,0.892,Severe,12.2,65.7,470.6,0.21,0.486,0.936,Heavy congestion detected - signal timing extended and reroute suggested
EVT443434,2026-05-17 11:01:10,Sports Fixture,J040,City Market,27093,Weekend,False,Clear,False,0.0,False,False,0.67,High,15.1,47.5,341.7,0.164,0.38,0.953,Moderate traffic flow - standard adaptive signal timing in effect
EVT443435,2025-06-14 23:32:39,Concert,J009,Majestic,20479,Weekend,False,Clear,False,0.0,False,False,0.367,Moderate,35.5,16.6,71.0,0.071,0.163,0.99,Moderate traffic flow - standard adaptive signal timing in effect
EVT443436,2025-02-13 21:45:33,Trade Fair,J020,Malleshwaram Circle,6195,Weekday,False,Clear,False,0.0,False,False,0.238,Low,24.9,18.7,169.1,0.113,0.262,0.979,Normal free-flow traffic - standard signal timing maintained
EVT443437,2026-03-13 08:30:18,Trade Fair,J009,Majestic,13326,Weekday,False,Clear,False,0.0,False,False,1.0,Severe,7.0,63.6,748.8,0.206,0.476,0.898,Heavy congestion detected - signal timing extended and reroute suggested
EVT443438,2026-06-17 16:38:23,Sports Fixture,J020,Malleshwaram Circle,24720,Weekday,False,Clear,False,0.0,False,False,0.75,High,15.5,48.8,396.0,0.196,0.452,0.971,Moderate traffic flow - standard adaptive signal timing in effect
EVT443439,2025-06-30 09:44:13,Local Market Day,J031,Cubbon Road,4691,Weekday,False,Clear,False,0.0,False,False,0.886,Severe,10.9,64.2,483.6,0.187,0.432,0.916,Heavy congestion detected - signal timing extended and reroute suggested
EVT443440,2025-05-24 19:36:04,Local Market Day,J009,Majestic,8286,Weekend,False,Clear,False,0.0,False,False,0.791,Severe,17.3,56.3,335.1,0.21,0.486,0.943,Heavy congestion detected - signal timing extended and reroute suggested
EVT443441,2026-02-25 16:09:31,Concert,J011,Indiranagar 100ft Road,12888,Weekday,False,Clear,False,0.0,False,False,0.383,Moderate,25.8,24.2,152.2,0.089,0.206,0.969,Moderate traffic flow - standard adaptive signal timing in effect
EVT443442,2026-03-07 16:01:10,Concert,J009,Majestic,15453,Weekend,False,Clear,False,0.0,False,False,0.467,Moderate,23.1,32.7,180.3,0.116,0.268,0.937,Moderate traffic flow - standard adaptive signal timing in effect
EVT443443,2026-06-14 15:49:39,Sports Fixture,J031,Cubbon Road,23653,Weekend,False,Heavy Rain,True,42.2,False,False,0.895,Severe,15.4,63.4,290.7,0.179,0.414,0.863,Heavy rain reducing visibility and grip - reduced speed and longer buffer advised
EVT443444,2025-03-01 07:58:12,Political Rally,J011,Indiranagar 100ft Road,29875,Weekend,False,Clear,False,0.0,False,False,0.916,Severe,13.4,58.6,469.1,0.229,0.529,0.924,Heavy congestion detected - signal timing extended and reroute suggested
EVT443445,2025-04-13 18:14:31,Trade Fair,J030,MG Road,8990,Weekend,False,Clear,False,0.0,False,False,0.928,Severe,9.8,62.2,201.4,0.083,0.193,0.933,Heavy congestion detected - signal timing extended and reroute suggested
EVT443446,2026-03-16 17:39:40,Local Market Day,J009,Majestic,2877,Weekday,False,Clear,False,0.0,False,False,0.911,Severe,10.1,63.9,426.3,0.187,0.431,0.921,Heavy congestion detected - signal timing extended and reroute suggested
EVT443447,2026-04-15 22:16:02,Religious Festival,J012,Koramangala Sony World,37754,Weekday,True,Clear,False,0.0,False,True,0.798,High,14.7,77.0,419.9,0.237,0.548,0.882,Road closure for event/procession - full detour recommended for through-traffic
EVT443448,2026-05-28 16:33:07,Concert,J031,Cubbon Road,15566,Weekday,False,Clear,False,0.0,False,False,0.642,High,21.5,43.3,190.5,0.126,0.292,0.951,Moderate traffic flow - standard adaptive signal timing in effect
EVT443449,2026-04-04 19:31:26,Concert,J020,Malleshwaram Circle,10779,Weekend,False,Clear,False,0.0,False,False,0.78,Severe,14.9,54.6,368.0,0.204,0.471,0.964,Heavy congestion detected - signal timing extended and reroute suggested
EVT443450,2025-11-19 10:10:30,Concert,J023,Basavanagudi,17820,Weekday,False,Light Rain,True,4.7,False,False,0.857,Severe,15.4,62.9,277.2,0.153,0.355,0.919,Heavy rain reducing visibility and grip - reduced speed and longer buffer advised
EVT443451,2025-07-17 10:23:54,Concert,J020,Malleshwaram Circle,11773,Weekday,False,Clear,False,0.0,False,False,0.678,High,20.9,48.3,182.7,0.119,0.275,0.969,Moderate traffic flow - standard adaptive signal timing in effect
EVT443452,2025-12-15 18:43:41,Local Market Day,J012,Koramangala Sony World,2355,Weekday,False,Clear,False,0.0,False,False,1.0,Severe,7.3,77.3,602.4,0.2,0.461,0.938,Heavy congestion detected - signal timing extended and reroute suggested
EVT443453,2025-12-18 16:49:44,Local Market Day,J020,Malleshwaram Circle,4981,Weekday,False,Clear,False,0.0,False,False,0.643,High,18.9,42.0,359.0,0.231,0.534,0.969,Moderate traffic flow - standard adaptive signal timing in effect
EVT443454,2025-01-17 13:43:48,Local Market Day,J012,Koramangala Sony World,2555,Weekday,False,Clear,False,0.0,False,False,0.25,Low,28.1,23.7,212.4,0.151,0.348,0.952,Moderate traffic flow - standard adaptive signal timing in effect
EVT443455,2025-09-30 08:46:16,Political Rally,J012,Koramangala Sony World,20820,Weekday,False,Clear,False,0.0,False,False,1.0,Severe,9.7,75.0,574.7,0.217,0.502,0.921,Heavy congestion detected - signal timing extended and reroute suggested
EVT443456,2026-03-16 09:29:30,Political Rally,J030,MG Road,17061,Weekday,False,Clear,False,0.0,False,False,1.0,Severe,9.0,68.8,480.4,0.177,0.408,0.929,Heavy congestion detected - signal timing extended and reroute suggested
EVT443457,2025-07-03 13:27:44,Trade Fair,J011,Indiranagar 100ft Road,7408,Weekday,False,Rain,True,24.5,False,False,0.417,Moderate,25.1,28.0,188.7,0.136,0.314,0.919,Light rain detected - minor speed reduction advised
EVT443458,2025-02-28 18:16:38,Local Market Day,J009,Majestic,4390,Weekday,False,Clear,False,0.0,False,False,1.0,Severe,8.1,70.3,871.5,0.311,0.718,0.93,Heavy congestion detected - signal timing extended and reroute suggested
EVT443459,2026-06-02 11:50:57,Local Market Day,J009,Majestic,3214,Weekday,False,Clear,False,0.0,False,False,0.17,Low,32.1,11.5,127.0,0.109,0.252,0.952,Normal free-flow traffic - standard signal timing maintained
EVT443460,2025-01-09 09:09:44,Local Market Day,J031,Cubbon Road,5306,Weekday,False,Clear,False,0.0,False,False,1.0,Severe,8.0,66.8,450.1,0.163,0.377,0.901,Heavy congestion detected - signal timing extended and reroute suggested
EVT443461,2026-03-27 23:17:55,Fireworks Display,J012,Koramangala Sony World,18360,Weekday,True,Clear,False,0.0,False,False,0.578,High,28.2,38.0,187.6,0.16,0.37,0.912,Festival crowd surge detected - alternate route and extended cycle recommended
EVT443462,2026-02-13 08:53:11,Sports Fixture,J040,City Market,29940,Weekday,False,Clear,False,0.0,False,False,1.0,Severe,9.7,73.1,575.7,0.221,0.51,0.937,Heavy congestion detected - signal timing extended and reroute suggested
EVT443463,2026-06-12 10:04:49,Local Market Day,J020,Malleshwaram Circle,3524,Weekday,False,Rain,True,23.1,False,False,1.0,Severe,10.0,73.1,544.0,0.218,0.505,0.882,Heavy rain reducing visibility and grip - reduced speed and longer buffer advised
EVT443464,2026-04-14 09:57:57,Religious Festival,J023,Basavanagudi,44750,Weekday,True,Clear,False,0.0,False,False,1.0,Severe,7.0,77.5,537.5,0.185,0.428,0.838,Festival crowd surge detected - alternate route and extended cycle recommended
EVT443465,2025-08-29 08:06:47,Sports Fixture,J011,Indiranagar 100ft Road,27778,Weekday,False,Clear,False,0.0,False,False,0.96,Severe,9.9,69.6,515.8,0.224,0.518,0.946,Heavy congestion detected - signal timing extended and reroute suggested
EVT443466,2025-09-23 15:27:50,Political Rally,J030,MG Road,21621,Weekday,False,Light Rain,True,3.4,False,False,0.4,Moderate,25.2,30.9,161.9,0.106,0.244,0.882,Light rain detected - minor speed reduction advised
EVT443467,2025-04-07 18:14:56,Religious Festival,J031,Cubbon Road,41202,Weekday,True,Fog,False,0.0,False,True,1.0,Severe,8.4,100.4,861.9,0.301,0.695,0.842,Road closure for event/procession - full detour recommended for through-traffic
EVT443468,2025-12-24 21:19:53,Local Market Day,J040,City Market,3642,Weekday,False,Clear,False,0.0,False,False,0.286,Low,34.3,14.2,119.6,0.106,0.244,0.976,Moderate traffic flow - standard adaptive signal timing in effect
EVT443469,2025-11-02 17:13:50,Cultural Procession,J040,City Market,42539,Weekend,True,Clear,False,0.0,False,True,1.0,Severe,8.8,99.9,330.7,0.122,0.281,0.841,Road closure for event/procession - full detour recommended for through-traffic
EVT443470,2025-05-25 18:02:33,Concert,J040,City Market,10740,Weekend,False,Rain,True,23.9,False,False,1.0,Severe,7.6,75.6,497.2,0.172,0.398,0.837,Heavy rain reducing visibility and grip - reduced speed and longer buffer advised
EVT443471,2025-12-05 09:52:06,Local Market Day,J023,Basavanagudi,3974,Weekday,False,Clear,False,0.0,False,False,0.833,Severe,13.6,49.3,550.7,0.271,0.626,0.948,Heavy congestion detected - signal timing extended and reroute suggested
EVT443472,2026-01-29 13:03:02,Political Rally,J012,Koramangala Sony World,15287,Weekday,False,Clear,False,0.0,False,False,0.208,Low,36.2,14.1,118.9,0.125,0.288,0.944,Normal free-flow traffic - standard signal timing maintained
EVT443473,2026-04-06 12:35:17,Local Market Day,J040,City Market,3765,Weekday,False,Rain,True,14.1,False,False,0.341,Low,30.8,23.2,103.9,0.07,0.162,0.904,Light rain detected - minor speed reduction advised
EVT443474,2026-04-24 09:01:18,Trade Fair,J040,City Market,12374,Weekday,False,Clear,False,0.0,False,False,1.0,Severe,8.0,65.0,657.3,0.222,0.513,0.941,Heavy congestion detected - signal timing extended and reroute suggested
EVT443475,2025-09-30 09:24:53,Sports Fixture,J009,Majestic,28367,Weekday,False,Heavy Rain,True,55.4,False,False,1.0,Severe,8.1,76.9,750.4,0.239,0.552,0.901,Heavy rain reducing visibility and grip - reduced speed and longer buffer advised
EVT443476,2025-04-11 09:15:33,Trade Fair,J040,City Market,8448,Weekday,False,Clear,False,0.0,False,False,1.0,Severe,7.8,68.7,858.7,0.263,0.608,0.917,Heavy congestion detected - signal timing extended and reroute suggested
EVT443477,2025-12-02 23:41:42,Local Market Day,J023,Basavanagudi,6573,Weekday,False,Clear,False,0.0,False,False,0.234,Low,32.5,17.0,211.8,0.194,0.447,0.962,Normal free-flow traffic - standard signal timing maintained
EVT443478,2026-04-14 10:00:45,Cultural Procession,J012,Koramangala Sony World,14195,Weekday,True,Clear,False,0.0,False,False,1.0,Severe,9.3,71.9,623.0,0.239,0.553,0.895,Festival crowd surge detected - alternate route and extended cycle recommended
EVT443479,2026-01-25 07:04:02,Trade Fair,J023,Basavanagudi,7062,Weekend,False,Clear,False,0.0,False,False,0.464,Moderate,23.7,38.2,193.8,0.13,0.301,0.927,Moderate traffic flow - standard adaptive signal timing in effect
EVT443480,2025-12-04 17:21:40,Trade Fair,J031,Cubbon Road,5244,Weekday,False,Clear,False,0.0,False,False,0.796,Severe,13.5,55.0,384.7,0.19,0.44,0.958,Heavy congestion detected - signal timing extended and reroute suggested
EVT443481,2025-12-12 21:27:33,Local Market Day,J030,MG Road,5847,Weekday,False,Clear,False,0.0,False,False,0.349,Low,31.8,22.7,198.7,0.174,0.401,0.956,Moderate traffic flow - standard adaptive signal timing in effect
EVT443482,2026-05-31 14:50:58,Concert,J011,Indiranagar 100ft Road,13329,Weekend,False,Clear,False,0.0,False,False,0.327,Low,35.3,18.4,154.5,0.13,0.3,0.958,Moderate traffic flow - standard adaptive signal timing in effect
EVT443483,2025-03-27 20:52:00,Local Market Day,J011,Indiranagar 100ft Road,3003,Weekday,False,Clear,False,0.0,False,False,0.468,Moderate,24.6,37.8,239.5,0.167,0.386,0.968,Moderate traffic flow - standard adaptive signal timing in effect
EVT443484,2026-06-19 08:18:20,Sports Fixture,J011,Indiranagar 100ft Road,16054,Weekday,False,Clear,False,0.0,False,False,1.0,Severe,9.6,74.5,748.8,0.272,0.629,0.899,Heavy congestion detected - signal timing extended and reroute suggested
EVT443485,2025-05-25 17:48:37,Local Market Day,J011,Indiranagar 100ft Road,5537,Weekend,False,Rain,True,8.8,False,False,0.959,Severe,10.6,63.4,313.5,0.152,0.351,0.867,Heavy rain reducing visibility and grip - reduced speed and longer buffer advised
EVT443486,2025-10-07 08:13:30,Sports Fixture,J023,Basavanagudi,13890,Weekday,False,Clear,False,0.0,False,False,0.865,Severe,15.7,62.4,348.0,0.166,0.384,0.926,Heavy congestion detected - signal timing extended and reroute suggested
EVT443487,2025-07-24 18:57:03,Trade Fair,J031,Cubbon Road,13836,Weekday,False,Rain,True,16.1,False,False,1.0,Severe,9.3,68.8,619.7,0.243,0.562,0.899,Heavy rain reducing visibility and grip - reduced speed and longer buffer advised
EVT443488,2025-11-27 18:17:10,Local Market Day,J031,Cubbon Road,4348,Weekday,False,Rain,True,8.2,False,False,1.0,Severe,7.3,68.5,872.7,0.243,0.562,0.846,Heavy rain reducing visibility and grip - reduced speed and longer buffer advised
EVT443489,2026-02-23 18:27:54,Concert,J012,Koramangala Sony World,14356,Weekday,False,Clear,False,0.0,False,False,0.978,Severe,10.6,68.3,405.8,0.167,0.385,0.896,Heavy congestion detected - signal timing extended and reroute suggested
EVT443490,2025-07-12 19:06:37,Sports Fixture,J030,MG Road,13315,Weekend,False,Heavy Rain,True,40.1,False,False,1.0,Severe,11.1,74.8,370.0,0.169,0.39,0.844,Heavy rain reducing visibility and grip - reduced speed and longer buffer advised
EVT443491,2025-03-11 14:41:06,Sports Fixture,J020,Malleshwaram Circle,35363,Weekday,False,Light Rain,True,6.9,False,False,0.521,Moderate,24.3,32.5,116.5,0.063,0.146,0.919,Light rain detected - minor speed reduction advised
EVT443492,2026-06-26 10:48:17,Trade Fair,J040,City Market,11058,Weekday,False,Clear,False,0.0,False,False,0.583,High,22.5,44.0,272.5,0.175,0.404,0.962,Moderate traffic flow - standard adaptive signal timing in effect
EVT443493,2025-08-23 10:14:10,Sports Fixture,J023,Basavanagudi,28257,Weekend,False,Clear,False,0.0,False,False,0.793,Severe,14.2,51.6,228.9,0.111,0.257,0.958,Heavy congestion detected - signal timing extended and reroute suggested
EVT443494,2026-05-08 10:16:33,Sports Fixture,J030,MG Road,27022,Weekday,False,Light Rain,True,2.8,False,False,0.947,Severe,11.1,66.1,522.4,0.214,0.494,0.852,Heavy rain reducing visibility and grip - reduced speed and longer buffer advised
EVT443495,2025-11-10 18:14:08,Trade Fair,J023,Basavanagudi,14270,Weekday,False,Clear,False,0.0,False,False,1.0,Severe,7.7,73.7,597.0,0.197,0.455,0.915,Heavy congestion detected - signal timing extended and reroute suggested
EVT443496,2025-01-24 23:40:21,Trade Fair,J031,Cubbon Road,10795,Weekday,False,Fog,False,0.0,False,False,0.224,Low,23.9,17.1,320.6,0.213,0.491,0.954,Normal free-flow traffic - standard signal timing maintained
EVT443497,2026-02-17 19:23:05,Local Market Day,J023,Basavanagudi,5214,Weekday,False,Clear,False,0.0,False,False,0.826,Severe,13.9,54.8,496.6,0.251,0.581,0.984,Heavy congestion detected - signal timing extended and reroute suggested
EVT443498,2025-07-19 10:04:26,Political Rally,J012,Koramangala Sony World,17816,Weekend,False,Clear,False,0.0,False,False,0.748,High,15.7,51.7,134.0,0.069,0.16,0.976,Moderate traffic flow - standard adaptive signal timing in effect
EVT443499,2025-12-30 18:41:31,Local Market Day,J031,Cubbon Road,6346,Weekday,False,Fog,False,0.0,False,False,1.0,Severe,8.8,69.3,662.2,0.238,0.55,0.923,Heavy congestion detected - signal timing extended and reroute suggested
EVT443500,2025-06-13 08:28:46,Concert,J030,MG Road,9453,Weekday,False,Clear,False,0.0,False,False,1.0,Severe,6.7,77.4,972.7,0.262,0.604,0.903,Heavy congestion detected - signal timing extended and reroute suggested
EVT443501,2026-03-20 13:31:46,Religious Festival,J011,Indiranagar 100ft Road,65477,Weekday,True,Clear,False,0.0,False,False,0.801,Severe,13.2,58.5,204.6,0.1,0.23,0.933,Festival crowd surge detected - alternate route and extended cycle recommended
EVT443502,2026-02-25 16:38:45,Political Rally,J031,Cubbon Road,15776,Weekday,False,Clear,False,0.0,False,False,0.62,High,21.7,43.0,225.3,0.183,0.423,0.959,Moderate traffic flow - standard adaptive signal timing in effect
EVT443503,2026-02-19 17:19:08,Political Rally,J012,Koramangala Sony World,24302,Weekday,False,Clear,False,0.0,False,False,0.914,Severe,11.0,65.3,645.6,0.272,0.628,0.913,Heavy congestion detected - signal timing extended and reroute suggested
EVT443504,2025-12-14 18:06:32,Sports Fixture,J009,Majestic,24550,Weekend,False,Clear,False,0.0,False,False,0.869,Severe,11.9,66.7,495.6,0.232,0.535,0.949,Heavy congestion detected - signal timing extended and reroute suggested
EVT443505,2025-02-21 19:51:07,Trade Fair,J009,Majestic,8804,Weekday,False,Clear,False,0.0,False,False,0.87,Severe,15.2,63.7,406.5,0.247,0.57,0.939,Heavy congestion detected - signal timing extended and reroute suggested
EVT443506,2025-05-03 17:36:20,Local Market Day,J030,MG Road,3888,Weekend,False,Clear,False,0.0,False,False,0.806,Severe,14.4,58.6,370.9,0.182,0.421,0.942,Heavy congestion detected - signal timing extended and reroute suggested
EVT443507,2025-02-05 20:42:26,Local Market Day,J040,City Market,4684,Weekday,False,Clear,False,0.0,False,False,0.496,Moderate,23.3,35.1,222.9,0.17,0.392,0.963,Moderate traffic flow - standard adaptive signal timing in effect
EVT443508,2025-12-25 21:47:40,Cultural Procession,J031,Cubbon Road,23797,Weekday,True,Clear,False,0.0,False,True,0.83,High,13.8,84.0,187.4,0.093,0.214,0.872,Road closure for event/procession - full detour recommended for through-traffic
EVT443509,2025-01-17 18:43:12,Trade Fair,J023,Basavanagudi,15178,Weekday,False,Clear,False,0.0,False,False,1.0,Severe,6.9,75.3,524.3,0.155,0.358,0.914,Heavy congestion detected - signal timing extended and reroute suggested
EVT443510,2025-05-17 11:40:45,Trade Fair,J011,Indiranagar 100ft Road,6292,Weekend,False,Clear,False,0.0,False,False,0.348,Low,26.9,27.3,187.2,0.137,0.316,0.957,Moderate traffic flow - standard adaptive signal timing in effect
EVT443511,2025-10-13 11:11:00,Sports Fixture,J011,Indiranagar 100ft Road,14819,Weekday,False,Rain,True,15.4,False,False,0.638,High,19.5,47.4,226.2,0.134,0.309,0.906,Heavy rain reducing visibility and grip - reduced speed and longer buffer advised
EVT443512,2025-06-21 07:32:36,Trade Fair,J020,Malleshwaram Circle,17869,Weekend,False,Clear,False,0.0,False,False,0.687,High,17.3,49.7,188.3,0.119,0.274,0.956,Moderate traffic flow - standard adaptive signal timing in effect
EVT443513,2026-04-27 08:18:28,Sports Fixture,J040,City Market,17932,Weekday,False,Clear,False,0.0,False,False,1.0,Severe,9.0,75.1,626.9,0.23,0.531,0.928,Heavy congestion detected - signal timing extended and reroute suggested
EVT443514,2026-04-02 07:52:12,Concert,J023,Basavanagudi,14783,Weekday,False,Clear,False,0.0,False,False,0.804,Severe,13.4,57.5,348.3,0.163,0.377,0.964,Heavy congestion detected - signal timing extended and reroute suggested
EVT443515,2026-03-16 14:50:28,Concert,J023,Basavanagudi,20820,Weekday,False,Clear,False,0.0,False,False,0.292,Low,32.4,18.6,164.8,0.129,0.297,0.981,Moderate traffic flow - standard adaptive signal timing in effect
EVT443516,2026-05-20 17:10:05,Sports Fixture,J031,Cubbon Road,13824,Weekday,False,Rain,True,11.1,False,False,1.0,Severe,8.3,71.9,587.9,0.211,0.486,0.847,Heavy rain reducing visibility and grip - reduced speed and longer buffer advised
EVT443517,2026-04-17 12:28:41,Political Rally,J023,Basavanagudi,16931,Weekday,False,Clear,False,0.0,False,False,0.243,Low,25.0,18.0,102.3,0.097,0.225,0.979,Normal free-flow traffic - standard signal timing maintained
EVT443518,2025-10-21 16:35:01,Religious Festival,J040,City Market,42657,Weekday,True,Clear,False,0.0,True,False,1.0,Severe,9.2,69.0,861.4,0.333,0.768,0.716,Accident detected nearby - reroute and reduced speed advised
EVT443519,2025-07-23 18:26:36,Trade Fair,J030,MG Road,4513,Weekday,False,Heavy Rain,True,26.1,False,False,1.0,Severe,8.1,67.5,770.5,0.256,0.591,0.885,Heavy rain reducing visibility and grip - reduced speed and longer buffer advised
EVT443520,2025-11-20 15:28:04,Concert,J012,Koramangala Sony World,8838,Weekday,False,Clear,False,0.0,False,False,0.381,Moderate,26.2,20.8,312.2,0.238,0.549,0.926,Moderate traffic flow - standard adaptive signal timing in effect
EVT443521,2025-10-05 18:16:24,Local Market Day,J023,Basavanagudi,4928,Weekend,False,Heavy Rain,True,35.0,False,False,1.0,Severe,8.4,72.7,694.8,0.23,0.532,0.853,Heavy rain reducing visibility and grip - reduced speed and longer buffer advised
EVT443522,2025-02-20 16:04:37,Political Rally,J023,Basavanagudi,14654,Weekday,False,Clear,False,0.0,False,False,0.534,Moderate,21.6,34.6,345.4,0.225,0.519,0.978,Moderate traffic flow - standard adaptive signal timing in effect
EVT443523,2025-03-23 15:18:36,Trade Fair,J023,Basavanagudi,11147,Weekend,False,Clear,False,0.0,False,False,0.393,Moderate,22.3,28.3,269.8,0.198,0.458,0.963,Moderate traffic flow - standard adaptive signal timing in effect
EVT443524,2026-05-20 09:44:11,Sports Fixture,J009,Majestic,11933,Weekday,False,Clear,False,0.0,False,False,0.997,Severe,7.9,64.9,199.0,0.085,0.196,0.92,Heavy congestion detected - signal timing extended and reroute suggested
EVT443525,2025-12-22 18:01:16,Sports Fixture,J031,Cubbon Road,38408,Weekday,False,Clear,False,0.0,False,False,1.0,Severe,7.8,71.5,677.5,0.232,0.537,0.906,Heavy congestion detected - signal timing extended and reroute suggested
EVT443526,2025-06-17 16:29:04,Sports Fixture,J023,Basavanagudi,19279,Weekday,False,Clear,False,0.0,False,False,0.633,High,19.9,42.9,275.2,0.186,0.429,0.982,Moderate traffic flow - standard adaptive signal timing in effect
EVT443527,2025-02-19 12:10:20,Trade Fair,J023,Basavanagudi,10318,Weekday,False,Fog,False,0.0,False,False,0.265,Low,29.8,14.8,250.3,0.205,0.474,0.972,Moderate traffic flow - standard adaptive signal timing in effect
EVT443528,2026-06-26 08:39:14,Concert,J011,Indiranagar 100ft Road,13776,Weekday,False,Clear,False,0.0,False,False,1.0,Severe,7.6,70.2,715.0,0.224,0.518,0.91,Heavy congestion detected - signal timing extended and reroute suggested
EVT443529,2026-02-21 14:49:18,Local Market Day,J031,Cubbon Road,2834,Weekend,False,Clear,False,0.0,False,False,0.293,Low,28.5,21.0,117.3,0.1,0.23,0.957,Moderate traffic flow - standard adaptive signal timing in effect
EVT443530,2026-04-16 17:40:00,Local Market Day,J040,City Market,4046,Weekday,False,Clear,False,0.0,False,False,0.974,Severe,9.4,74.5,465.0,0.18,0.416,0.911,Heavy congestion detected - signal timing extended and reroute suggested
EVT443531,2025-11-16 21:36:32,Concert,J023,Basavanagudi,7856,Weekend,False,Clear,False,0.0,False,False,0.358,Moderate,29.1,23.4,128.7,0.126,0.291,0.974,Moderate traffic flow - standard adaptive signal timing in effect
EVT443532,2025-08-12 05:21:30,Trade Fair,J020,Malleshwaram Circle,15877,Weekday,False,Heavy Rain,True,60.8,True,False,0.958,Severe,11.1,66.7,482.1,0.216,0.498,0.737,Accident detected nearby - reroute and reduced speed advised
EVT443533,2025-12-31 12:48:29,Sports Fixture,J020,Malleshwaram Circle,19731,Weekday,False,Clear,False,0.0,False,False,0.177,Low,33.8,8.9,149.5,0.142,0.327,0.95,Normal free-flow traffic - standard signal timing maintained
EVT443534,2025-12-27 08:06:27,Concert,J040,City Market,8273,Weekend,False,Clear,False,0.0,False,False,0.851,Severe,14.8,63.7,319.6,0.156,0.361,0.951,Heavy congestion detected - signal timing extended and reroute suggested
EVT443535,2026-04-29 17:43:18,Local Market Day,J020,Malleshwaram Circle,5342,Weekday,False,Clear,False,0.0,False,False,0.826,Severe,12.5,67.9,355.4,0.177,0.41,0.941,Heavy congestion detected - signal timing extended and reroute suggested
EVT443536,2025-10-26 10:53:42,Concert,J040,City Market,12265,Weekend,False,Rain,True,13.2,False,False,0.643,High,15.7,53.3,295.4,0.163,0.377,0.917,Heavy rain reducing visibility and grip - reduced speed and longer buffer advised
EVT443537,2025-10-14 07:51:37,Sports Fixture,J031,Cubbon Road,17629,Weekday,False,Clear,False,0.0,False,False,0.829,Severe,14.5,56.5,314.2,0.186,0.43,0.982,Heavy congestion detected - signal timing extended and reroute suggested
EVT443538,2025-12-13 22:57:20,Concert,J012,Koramangala Sony World,10236,Weekend,False,Clear,False,0.0,False,False,0.329,Low,26.3,26.8,89.5,0.05,0.115,0.938,Moderate traffic flow - standard adaptive signal timing in effect
EVT443539,2026-05-19 13:48:56,Concert,J009,Majestic,13317,Weekday,False,Clear,False,0.0,False,False,0.218,Low,33.3,10.0,178.7,0.154,0.356,0.962,Normal free-flow traffic - standard signal timing maintained
EVT443540,2025-12-29 17:46:14,Local Market Day,J040,City Market,8060,Weekday,False,Clear,False,0.0,False,False,0.968,Severe,12.2,71.4,574.7,0.303,0.701,0.938,Heavy congestion detected - signal timing extended and reroute suggested
EVT443541,2026-04-27 08:52:13,Sports Fixture,J020,Malleshwaram Circle,29946,Weekday,False,Light Rain,True,5.0,False,False,1.0,Severe,9.5,72.3,549.4,0.214,0.495,0.881,Heavy rain reducing visibility and grip - reduced speed and longer buffer advised
EVT443542,2025-10-07 20:26:53,Local Market Day,J031,Cubbon Road,2298,Weekday,False,Clear,False,0.0,False,False,0.562,High,15.4,43.4,271.9,0.137,0.316,0.948,Moderate traffic flow - standard adaptive signal timing in effect
EVT443543,2025-10-11 02:24:36,Trade Fair,J031,Cubbon Road,8352,Weekend,False,Heavy Rain,True,37.7,False,False,0.577,High,27.6,43.7,339.1,0.281,0.65,0.935,Heavy rain reducing visibility and grip - reduced speed and longer buffer advised
EVT443544,2025-11-14 07:28:16,Local Market Day,J030,MG Road,3005,Weekday,False,Clear,False,0.0,False,False,0.561,High,23.8,41.3,307.2,0.208,0.48,0.937,Moderate traffic flow - standard adaptive signal timing in effect
EVT443545,2025-04-03 08:37:38,Political Rally,J030,MG Road,15808,Weekday,False,Clear,False,0.0,False,False,1.0,Severe,8.7,69.1,585.3,0.227,0.525,0.928,Heavy congestion detected - signal timing extended and reroute suggested
EVT443546,2025-04-09 16:08:26,Concert,J023,Basavanagudi,15294,Weekday,False,Clear,False,0.0,False,False,0.526,Moderate,18.5,37.7,141.7,0.089,0.205,0.953,Moderate traffic flow - standard adaptive signal timing in effect
EVT443547,2026-06-20 06:30:40,Sports Fixture,J009,Majestic,15626,Weekend,False,Clear,False,0.0,False,False,0.38,Moderate,31.3,30.8,269.2,0.221,0.51,0.965,Moderate traffic flow - standard adaptive signal timing in effect
EVT443548,2026-05-08 18:54:13,Local Market Day,J023,Basavanagudi,3754,Weekday,False,Clear,False,0.0,False,False,0.982,Severe,6.6,74.7,335.0,0.129,0.299,0.902,Heavy congestion detected - signal timing extended and reroute suggested
EVT443549,2025-01-04 12:53:13,Sports Fixture,J031,Cubbon Road,36114,Weekend,False,Clear,False,0.0,False,False,0.447,Moderate,23.9,37.6,205.9,0.14,0.324,0.971,Moderate traffic flow - standard adaptive signal timing in effect
EVT443550,2025-05-25 12:07:31,Sports Fixture,J040,City Market,28298,Weekend,False,Rain,True,16.3,False,False,0.69,High,18.5,46.0,228.3,0.137,0.316,0.889,Heavy rain reducing visibility and grip - reduced speed and longer buffer advised
EVT443551,2025-12-25 15:08:00,Religious Festival,J023,Basavanagudi,48834,Weekday,True,Clear,False,0.0,False,True,0.932,Severe,9.1,92.5,471.7,0.191,0.442,0.853,Road closure for event/procession - full detour recommended for through-traffic
EVT443552,2025-03-05 07:47:25,Sports Fixture,J020,Malleshwaram Circle,14493,Weekday,False,Clear,False,0.0,False,False,0.77,Severe,15.0,55.3,465.6,0.241,0.556,0.948,Heavy congestion detected - signal timing extended and reroute suggested
EVT443553,2026-02-22 18:19:38,Trade Fair,J012,Koramangala Sony World,9232,Weekend,False,Clear,False,0.0,False,False,0.903,Severe,10.2,67.2,500.3,0.209,0.484,0.924,Heavy congestion detected - signal timing extended and reroute suggested
EVT443554,2025-09-30 07:41:51,Sports Fixture,J011,Indiranagar 100ft Road,21729,Weekday,False,Clear,False,0.0,False,False,0.891,Severe,13.0,60.9,349.7,0.169,0.391,0.929,Heavy congestion detected - signal timing extended and reroute suggested
EVT443555,2025-02-22 16:27:44,Concert,J009,Majestic,16944,Weekend,False,Clear,False,0.0,False,False,0.532,Moderate,22.7,38.6,215.9,0.157,0.363,0.951,Moderate traffic flow - standard adaptive signal timing in effect
EVT443556,2025-01-02 15:42:44,Concert,J011,Indiranagar 100ft Road,8269,Weekday,False,Clear,False,0.0,False,False,0.372,Moderate,32.5,29.6,153.0,0.14,0.324,0.947,Moderate traffic flow - standard adaptive signal timing in effect
EVT443557,2025-07-31 17:10:58,Local Market Day,J023,Basavanagudi,7618,Weekday,False,Light Rain,True,5.8,False,False,0.854,Severe,14.1,58.0,362.9,0.204,0.472,0.901,Heavy rain reducing visibility and grip - reduced speed and longer buffer advised
EVT443558,2025-01-15 19:27:23,Religious Festival,J030,MG Road,37331,Weekday,True,Clear,False,0.0,False,False,1.0,Severe,9.0,67.6,766.1,0.283,0.653,0.847,Festival crowd surge detected - alternate route and extended cycle recommended
EVT443559,2025-09-12 21:03:30,Local Market Day,J020,Malleshwaram Circle,8212,Weekday,False,Heavy Rain,True,31.7,False,False,0.759,Severe,15.6,48.6,470.0,0.243,0.561,0.902,Heavy rain reducing visibility and grip - reduced speed and longer buffer advised
EVT443560,2025-09-29 10:51:01,Local Market Day,J009,Majestic,4774,Weekday,False,Clear,False,0.0,False,False,0.452,Moderate,25.1,36.4,249.9,0.174,0.402,0.959,Moderate traffic flow - standard adaptive signal timing in effect
EVT443561,2026-06-23 20:51:42,Trade Fair,J040,City Market,4323,Weekday,False,Heavy Rain,True,50.5,False,False,0.78,Severe,17.4,64.6,201.4,0.117,0.27,0.924,Heavy rain reducing visibility and grip - reduced speed and longer buffer advised
EVT443562,2025-04-01 08:14:04,Local Market Day,J023,Basavanagudi,2480,Weekday,False,Clear,False,0.0,False,False,0.867,Severe,11.6,59.4,383.6,0.154,0.357,0.928,Heavy congestion detected - signal timing extended and reroute suggested
EVT443563,2026-04-09 19:21:42,Trade Fair,J030,MG Road,9236,Weekday,False,Clear,False,0.0,False,False,0.943,Severe,11.8,68.5,524.9,0.243,0.562,0.921,Heavy congestion detected - signal timing extended and reroute suggested
EVT443564,2025-06-27 17:01:03,Local Market Day,J031,Cubbon Road,4773,Weekday,False,Heavy Rain,True,27.8,False,False,1.0,Severe,10.7,73.9,565.1,0.25,0.578,0.87,Heavy rain reducing visibility and grip - reduced speed and longer buffer advised
EVT443565,2025-12-28 17:20:00,Local Market Day,J031,Cubbon Road,2006,Weekend,False,Clear,False,0.0,False,False,0.764,Severe,14.0,57.9,362.5,0.196,0.453,0.93,Heavy congestion detected - signal timing extended and reroute suggested
EVT443566,2026-01-17 20:18:34,Sports Fixture,J023,Basavanagudi,28806,Weekend,False,Fog,False,0.0,False,False,0.705,High,15.5,51.5,392.7,0.215,0.498,0.952,Moderate traffic flow - standard adaptive signal timing in effect
EVT443567,2025-07-25 14:38:23,Concert,J009,Majestic,6909,Weekday,False,Heavy Rain,True,75.6,False,False,0.573,High,28.4,47.6,168.1,0.106,0.245,0.91,Heavy rain reducing visibility and grip - reduced speed and longer buffer advised
EVT443568,2025-06-22 05:26:40,Local Market Day,J040,City Market,2341,Weekend,False,Clear,False,0.0,False,False,0.304,Low,28.4,20.6,126.0,0.085,0.196,0.964,Moderate traffic flow - standard adaptive signal timing in effect
EVT443569,2025-11-12 07:13:49,Sports Fixture,J023,Basavanagudi,9737,Weekday,False,Clear,False,0.0,False,False,0.548,Moderate,24.4,36.5,238.0,0.176,0.407,0.978,Moderate traffic flow - standard adaptive signal timing in effect
EVT443570,2026-04-18 18:57:21,Local Market Day,J009,Majestic,4576,Weekend,False,Clear,False,0.0,False,False,0.888,Severe,11.5,55.4,298.6,0.138,0.319,0.912,Heavy congestion detected - signal timing extended and reroute suggested
EVT443571,2025-11-10 15:37:56,Trade Fair,J011,Indiranagar 100ft Road,5419,Weekday,False,Clear,False,0.0,False,False,0.341,Low,30.0,24.6,140.6,0.107,0.247,0.945,Moderate traffic flow - standard adaptive signal timing in effect
EVT443572,2026-02-17 12:02:12,Concert,J030,MG Road,9666,Weekday,False,Clear,False,0.0,False,False,0.252,Low,23.2,19.7,248.7,0.17,0.394,0.942,Moderate traffic flow - standard adaptive signal timing in effect
EVT443573,2025-11-04 10:53:12,Trade Fair,J023,Basavanagudi,14517,Weekday,False,Clear,False,0.0,False,False,0.476,Moderate,25.8,33.0,223.9,0.168,0.388,0.976,Moderate traffic flow - standard adaptive signal timing in effect
EVT443574,2026-06-07 15:31:22,Political Rally,J040,City Market,25072,Weekend,False,Clear,False,0.0,False,False,0.477,Moderate,30.4,36.9,270.7,0.218,0.503,0.948,Moderate traffic flow - standard adaptive signal timing in effect
EVT443575,2025-06-28 21:39:53,Sports Fixture,J031,Cubbon Road,21242,Weekend,False,Clear,False,0.0,False,False,0.521,Moderate,23.5,40.1,223.6,0.169,0.391,0.978,Moderate traffic flow - standard adaptive signal timing in effect
EVT443576,2025-07-14 19:43:55,Concert,J009,Majestic,14086,Weekday,False,Clear,False,0.0,False,False,0.901,Severe,12.0,58.1,590.3,0.259,0.598,0.935,Heavy congestion detected - signal timing extended and reroute suggested
EVT443577,2025-02-20 15:08:21,Concert,J030,MG Road,5497,Weekday,False,Clear,False,0.0,False,False,0.286,Low,29.8,18.4,126.4,0.111,0.255,0.975,Moderate traffic flow - standard adaptive signal timing in effect
EVT443578,2025-06-12 13:35:11,Concert,J031,Cubbon Road,13291,Weekday,False,Clear,False,0.0,False,False,0.231,Low,34.2,19.1,101.8,0.094,0.218,0.958,Normal free-flow traffic - standard signal timing maintained
EVT443579,2026-04-22 18:37:12,Political Rally,J023,Basavanagudi,20350,Weekday,False,Clear,False,0.0,False,False,1.0,Severe,7.8,70.4,833.9,0.272,0.628,0.938,Heavy congestion detected - signal timing extended and reroute suggested
EVT443580,2026-04-23 15:14:15,Local Market Day,J031,Cubbon Road,5893,Weekday,False,Light Rain,True,4.4,False,False,0.449,Moderate,25.5,35.3,179.8,0.137,0.317,0.948,Light rain detected - minor speed reduction advised
EVT443581,2026-04-19 19:26:04,Political Rally,J012,Koramangala Sony World,18875,Weekend,False,Clear,False,0.0,False,False,0.802,Severe,12.3,54.5,230.4,0.107,0.246,0.941,Heavy congestion detected - signal timing extended and reroute suggested
EVT443582,2025-09-22 20:40:03,Concert,J030,MG Road,11268,Weekday,False,Clear,False,0.0,False,False,0.452,Moderate,23.3,36.6,187.9,0.123,0.283,0.988,Moderate traffic flow - standard adaptive signal timing in effect
EVT443583,2026-03-09 06:10:42,Local Market Day,J030,MG Road,3540,Weekday,False,Clear,False,0.0,False,False,0.321,Low,25.5,20.8,60.4,0.049,0.114,0.964,Moderate traffic flow - standard adaptive signal timing in effect
EVT443584,2025-07-06 22:47:11,Local Market Day,J031,Cubbon Road,3564,Weekend,False,Rain,True,21.6,False,False,0.589,High,18.5,42.9,234.4,0.126,0.292,0.891,Heavy rain reducing visibility and grip - reduced speed and longer buffer advised
EVT443585,2026-05-18 08:57:39,Local Market Day,J030,MG Road,3972,Weekday,False,Clear,False,0.0,False,False,1.0,Severe,9.9,73.8,594.8,0.224,0.517,0.939,Heavy congestion detected - signal timing extended and reroute suggested
EVT443586,2025-04-01 13:28:11,Concert,J020,Malleshwaram Circle,7498,Weekday,False,Clear,False,0.0,False,False,0.133,Low,44.1,9.2,104.7,0.107,0.247,0.954,Normal free-flow traffic - standard signal timing maintained
EVT443587,2025-01-15 07:43:33,Cultural Procession,J040,City Market,16011,Weekday,True,Clear,False,0.0,False,True,1.0,Severe,9.4,105.3,634.9,0.249,0.574,0.818,Road closure for event/procession - full detour recommended for through-traffic
EVT443588,2026-03-25 15:58:57,Local Market Day,J020,Malleshwaram Circle,5593,Weekday,False,Clear,False,0.0,False,False,0.372,Moderate,31.4,25.7,194.2,0.155,0.359,0.944,Moderate traffic flow - standard adaptive signal timing in effect
EVT443589,2025-05-18 14:11:13,Local Market Day,J011,Indiranagar 100ft Road,3460,Weekend,False,Rain,True,12.5,False,False,0.459,Moderate,20.8,33.8,177.6,0.118,0.273,0.913,Light rain detected - minor speed reduction advised
EVT443590,2026-04-10 16:49:10,Political Rally,J040,City Market,11403,Weekday,False,Clear,False,0.0,False,False,0.694,High,15.9,52.3,437.1,0.231,0.533,0.954,Moderate traffic flow - standard adaptive signal timing in effect
EVT443591,2025-05-09 19:08:59,Political Rally,J040,City Market,11199,Weekday,False,Clear,False,0.0,False,False,1.0,Severe,7.0,70.7,744.6,0.215,0.497,0.913,Heavy congestion detected - signal timing extended and reroute suggested
EVT443592,2025-09-04 09:24:36,Local Market Day,J011,Indiranagar 100ft Road,3705,Weekday,False,Clear,False,0.0,False,False,0.946,Severe,9.8,68.8,331.7,0.129,0.297,0.927,Heavy congestion detected - signal timing extended and reroute suggested
EVT443593,2026-06-22 09:44:28,Concert,J023,Basavanagudi,11804,Weekday,False,Clear,False,0.0,False,False,0.972,Severe,8.8,65.0,456.7,0.166,0.384,0.942,Heavy congestion detected - signal timing extended and reroute suggested
EVT443594,2026-03-08 22:28:01,Sports Fixture,J011,Indiranagar 100ft Road,19007,Weekend,False,Clear,False,0.0,False,False,0.418,Moderate,26.0,31.9,205.1,0.154,0.356,0.974,Moderate traffic flow - standard adaptive signal timing in effect
EVT443595,2025-11-08 19:22:09,Sports Fixture,J040,City Market,50109,Weekend,False,Clear,False,0.0,False,False,1.0,Severe,8.2,72.4,605.6,0.215,0.496,0.909,Heavy congestion detected - signal timing extended and reroute suggested
EVT443596,2026-06-01 12:41:28,Sports Fixture,J040,City Market,20967,Weekday,False,Fog,False,0.0,False,False,0.315,Low,26.7,21.2,177.5,0.133,0.308,0.99,Moderate traffic flow - standard adaptive signal timing in effect
EVT443597,2025-01-24 18:22:08,Concert,J012,Koramangala Sony World,9286,Weekday,False,Clear,False,0.0,False,False,1.0,Severe,8.5,74.1,697.7,0.26,0.6,0.902,Heavy congestion detected - signal timing extended and reroute suggested
EVT443598,2025-08-26 19:05:34,Political Rally,J012,Koramangala Sony World,11290,Weekday,False,Rain,True,18.7,False,False,1.0,Severe,7.3,73.2,1088.0,0.309,0.713,0.884,Heavy rain reducing visibility and grip - reduced speed and longer buffer advised
EVT443599,2025-09-11 12:28:34,Local Market Day,J040,City Market,4947,Weekday,False,Clear,False,0.0,False,False,0.209,Low,35.0,16.7,160.0,0.144,0.333,0.982,Normal free-flow traffic - standard signal timing maintained
EVT443600,2025-06-05 19:56:43,Local Market Day,J040,City Market,6054,Weekday,False,Clear,False,0.0,False,False,0.73,High,17.8,52.9,290.7,0.156,0.36,0.966,Moderate traffic flow - standard adaptive signal timing in effect
EVT443601,2025-05-21 19:33:23,Political Rally,J031,Cubbon Road,14464,Weekday,False,Rain,True,8.4,False,False,1.0,Severe,9.3,74.3,295.0,0.097,0.224,0.873,Heavy rain reducing visibility and grip - reduced speed and longer buffer advised
EVT443602,2025-11-11 15:35:54,Concert,J011,Indiranagar 100ft Road,12516,Weekday,False,Light Rain,True,3.5,False,False,0.457,Moderate,28.3,31.7,107.0,0.089,0.206,0.915,Light rain detected - minor speed reduction advised
EVT443603,2025-01-06 16:16:55,Sports Fixture,J031,Cubbon Road,19021,Weekday,False,Clear,False,0.0,False,False,0.594,High,22.1,47.0,92.8,0.076,0.176,0.961,Moderate traffic flow - standard adaptive signal timing in effect
EVT443604,2026-03-02 10:29:45,Local Market Day,J011,Indiranagar 100ft Road,2666,Weekday,False,Clear,False,0.0,False,False,0.602,High,23.7,41.6,360.0,0.229,0.53,0.961,Moderate traffic flow - standard adaptive signal timing in effect
EVT443605,2026-04-15 17:30:50,Fireworks Display,J023,Basavanagudi,17944,Weekday,True,Clear,False,0.0,False,False,1.0,Severe,9.8,73.5,527.8,0.205,0.473,0.898,Festival crowd surge detected - alternate route and extended cycle recommended
EVT443606,2025-06-06 02:19:29,Political Rally,J030,MG Road,18932,Weekday,False,Heavy Rain,True,40.2,False,False,0.625,High,17.5,49.6,394.4,0.224,0.518,0.894,Heavy rain reducing visibility and grip - reduced speed and longer buffer advised
EVT443607,2026-06-24 15:01:36,Local Market Day,J009,Majestic,5011,Weekday,False,Light Rain,True,4.1,False,False,0.336,Low,38.3,22.7,155.9,0.15,0.346,0.912,Light rain detected - minor speed reduction advised
EVT443608,2026-03-16 17:44:56,Local Market Day,J009,Majestic,5161,Weekday,False,Clear,False,0.0,False,False,0.882,Severe,9.4,57.6,230.8,0.097,0.224,0.947,Heavy congestion detected - signal timing extended and reroute suggested
EVT443609,2025-09-19 19:21:06,Local Market Day,J040,City Market,4185,Weekday,False,Heavy Rain,True,25.9,False,False,1.0,Severe,7.7,68.3,270.6,0.086,0.2,0.878,Heavy rain reducing visibility and grip - reduced speed and longer buffer advised
EVT443610,2025-02-27 21:54:00,Concert,J030,MG Road,6629,Weekday,False,Clear,False,0.0,False,False,0.35,Moderate,39.7,30.6,128.6,0.146,0.338,0.975,Moderate traffic flow - standard adaptive signal timing in effect
EVT443611,2025-01-16 11:43:58,Sports Fixture,J009,Majestic,72713,Weekday,False,Clear,False,0.0,False,False,0.607,High,18.0,49.2,216.6,0.103,0.237,0.957,Moderate traffic flow - standard adaptive signal timing in effect
EVT443612,2026-04-03 21:44:22,Sports Fixture,J020,Malleshwaram Circle,11984,Weekday,False,Clear,False,0.0,False,False,0.393,Moderate,30.7,24.9,84.1,0.068,0.157,0.923,Moderate traffic flow - standard adaptive signal timing in effect
EVT443613,2026-05-14 06:58:01,Sports Fixture,J040,City Market,22340,Weekday,False,Clear,False,0.0,False,False,0.447,Moderate,26.9,32.0,278.0,0.219,0.505,0.986,Moderate traffic flow - standard adaptive signal timing in effect
EVT443614,2026-05-15 19:37:25,Concert,J030,MG Road,18135,Weekday,False,Clear,False,0.0,False,False,0.863,Severe,11.3,57.9,258.3,0.133,0.308,0.95,Heavy congestion detected - signal timing extended and reroute suggested
EVT443615,2026-05-24 09:49:13,Concert,J009,Majestic,10385,Weekend,False,Clear,False,0.0,False,False,0.783,Severe,16.9,60.5,358.8,0.198,0.458,0.928,Heavy congestion detected - signal timing extended and reroute suggested
EVT443616,2026-05-24 07:39:13,Sports Fixture,J020,Malleshwaram Circle,20949,Weekend,False,Heavy Rain,True,29.9,False,False,1.0,Severe,7.9,73.0,919.1,0.306,0.706,0.845,Heavy rain reducing visibility and grip - reduced speed and longer buffer advised
EVT443617,2025-05-21 17:24:14,Concert,J012,Koramangala Sony World,13847,Weekday,False,Clear,False,0.0,False,False,0.937,Severe,10.3,56.9,300.7,0.156,0.361,0.95,Heavy congestion detected - signal timing extended and reroute suggested
EVT443618,2025-03-02 12:10:29,Trade Fair,J020,Malleshwaram Circle,6643,Weekend,False,Clear,False,0.0,False,False,0.309,Low,32.3,26.4,124.1,0.118,0.272,0.942,Moderate traffic flow - standard adaptive signal timing in effect
EVT443619,2025-06-22 12:18:31,Local Market Day,J012,Koramangala Sony World,2472,Weekend,False,Heavy Rain,True,65.5,False,False,0.537,Moderate,17.8,35.2,282.7,0.155,0.357,0.894,Light rain detected - minor speed reduction advised
EVT443620,2025-02-11 21:12:15,Local Market Day,J011,Indiranagar 100ft Road,3960,Weekday,False,Clear,False,0.0,False,False,0.35,Low,30.7,23.9,110.8,0.083,0.191,0.953,Moderate traffic flow - standard adaptive signal timing in effect
EVT443621,2025-08-16 09:51:23,Cultural Procession,J030,MG Road,25352,Weekend,True,Heavy Rain,True,27.8,True,True,1.0,Severe,6.8,90.2,802.3,0.222,0.512,0.626,Road closure for event/procession - full detour recommended for through-traffic
EVT443622,2025-11-02 18:54:23,Religious Festival,J009,Majestic,49664,Weekend,True,Clear,False,0.0,False,False,1.0,Severe,7.1,73.4,455.8,0.154,0.356,0.885,Festival crowd surge detected - alternate route and extended cycle recommended
EVT443623,2026-04-02 12:06:02,Sports Fixture,J012,Koramangala Sony World,15843,Weekday,False,Rain,True,14.2,False,False,0.454,Moderate,24.8,36.1,161.3,0.117,0.27,0.927,Light rain detected - minor speed reduction advised
EVT443624,2025-09-30 21:15:41,Trade Fair,J012,Koramangala Sony World,8467,Weekday,False,Heavy Rain,True,42.2,False,False,0.725,High,18.4,49.8,173.0,0.123,0.284,0.935,Heavy rain reducing visibility and grip - reduced speed and longer buffer advised
EVT443625,2025-06-03 09:54:59,Local Market Day,J020,Malleshwaram Circle,5870,Weekday,False,Clear,False,0.0,False,False,0.826,Severe,14.2,58.9,373.2,0.192,0.443,0.954,Heavy congestion detected - signal timing extended and reroute suggested
EVT443626,2026-03-28 07:16:37,Concert,J011,Indiranagar 100ft Road,10122,Weekend,False,Clear,False,0.0,False,False,0.653,High,22.5,47.5,206.1,0.144,0.332,0.979,Moderate traffic flow - standard adaptive signal timing in effect
EVT443627,2026-04-06 10:16:03,Concert,J020,Malleshwaram Circle,11397,Weekday,False,Clear,False,0.0,False,False,0.701,High,15.8,47.7,355.4,0.172,0.398,0.964,Moderate traffic flow - standard adaptive signal timing in effect
EVT443628,2026-03-24 19:17:04,Local Market Day,J012,Koramangala Sony World,3338,Weekday,False,Clear,False,0.0,False,False,1.0,Severe,8.9,70.5,371.4,0.122,0.281,0.907,Heavy congestion detected - signal timing extended and reroute suggested
EVT443629,2025-06-19 19:00:45,Political Rally,J030,MG Road,19832,Weekday,False,Clear,False,0.0,False,False,1.0,Severe,8.1,75.7,895.2,0.291,0.672,0.908,Heavy congestion detected - signal timing extended and reroute suggested
EVT443630,2025-12-07 00:11:46,Sports Fixture,J040,City Market,21077,Weekend,False,Clear,False,0.0,False,False,0.324,Low,33.6,24.9,209.3,0.193,0.447,0.963,Moderate traffic flow - standard adaptive signal timing in effect
EVT443631,2026-03-02 17:12:11,Concert,J009,Majestic,9995,Weekday,False,Clear,False,0.0,False,False,0.843,Severe,14.6,62.1,352.3,0.199,0.461,0.945,Heavy congestion detected - signal timing extended and reroute suggested
EVT443632,2026-03-17 08:13:58,Local Market Day,J011,Indiranagar 100ft Road,4575,Weekday,False,Clear,False,0.0,False,False,0.877,Severe,10.9,60.6,238.3,0.116,0.268,0.916,Heavy congestion detected - signal timing extended and reroute suggested
EVT443633,2025-12-04 19:26:34,Trade Fair,J011,Indiranagar 100ft Road,12188,Weekday,False,Clear,False,0.0,False,False,0.924,Severe,9.3,61.8,621.9,0.238,0.549,0.954,Heavy congestion detected - signal timing extended and reroute suggested
EVT443634,2025-12-28 20:26:30,Concert,J012,Koramangala Sony World,27146,Weekend,False,Clear,False,0.0,False,False,0.776,Severe,19.2,59.4,248.4,0.171,0.394,0.96,Heavy congestion detected - signal timing extended and reroute suggested
EVT443635,2025-12-02 13:35:09,Sports Fixture,J031,Cubbon Road,29366,Weekday,False,Clear,False,0.0,False,False,0.351,Moderate,19.9,31.7,137.8,0.071,0.165,0.98,Moderate traffic flow - standard adaptive signal timing in effect
EVT443636,2025-08-11 13:16:07,Local Market Day,J023,Basavanagudi,4290,Weekday,False,Clear,False,0.0,False,False,0.165,Low,30.0,8.5,123.7,0.084,0.194,0.97,Normal free-flow traffic - standard signal timing maintained
EVT443637,2026-03-09 21:09:27,Local Market Day,J020,Malleshwaram Circle,4799,Weekday,False,Clear,False,0.0,False,False,0.344,Low,25.3,22.6,259.2,0.186,0.429,0.97,Moderate traffic flow - standard adaptive signal timing in effect
EVT443638,2025-04-25 19:00:56,Local Market Day,J023,Basavanagudi,3769,Weekday,False,Fog,False,0.0,False,False,0.952,Severe,11.7,69.1,472.6,0.234,0.54,0.936,Heavy congestion detected - signal timing extended and reroute suggested
EVT443639,2026-06-15 17:49:03,Political Rally,J020,Malleshwaram Circle,15254,Weekday,False,Clear,False,0.0,False,False,0.957,Severe,8.2,74.1,652.2,0.221,0.51,0.922,Heavy congestion detected - signal timing extended and reroute suggested
EVT443640,2025-02-01 08:49:20,Sports Fixture,J009,Majestic,30309,Weekend,False,Clear,False,0.0,False,False,1.0,Severe,7.3,71.9,563.9,0.184,0.424,0.927,Heavy congestion detected - signal timing extended and reroute suggested
EVT443641,2026-05-03 07:07:02,Local Market Day,J011,Indiranagar 100ft Road,5888,Weekend,False,Rain,True,17.4,False,False,0.667,High,16.7,48.0,319.3,0.176,0.407,0.922,Heavy rain reducing visibility and grip - reduced speed and longer buffer advised
EVT443642,2025-07-16 18:34:01,Concert,J040,City Market,11491,Weekday,False,Rain,True,23.1,False,False,1.0,Severe,8.9,80.7,430.9,0.177,0.409,0.861,Heavy rain reducing visibility and grip - reduced speed and longer buffer advised
EVT443643,2025-10-12 09:55:35,Concert,J031,Cubbon Road,15217,Weekend,False,Clear,False,0.0,False,False,0.834,Severe,15.0,60.9,326.9,0.199,0.461,0.941,Heavy congestion detected - signal timing extended and reroute suggested
EVT443644,2025-01-28 12:46:30,Concert,J020,Malleshwaram Circle,7428,Weekday,False,Clear,False,0.0,False,False,0.226,Low,37.7,15.0,195.6,0.191,0.441,0.946,Normal free-flow traffic - standard signal timing maintained
EVT443645,2025-09-17 14:46:34,Sports Fixture,J031,Cubbon Road,21610,Weekday,False,Light Rain,True,6.7,False,False,0.423,Moderate,23.0,29.4,168.8,0.126,0.291,0.93,Light rain detected - minor speed reduction advised
EVT443646,2025-12-15 15:52:28,Local Market Day,J012,Koramangala Sony World,4543,Weekday,False,Clear,False,0.0,False,False,0.466,Moderate,23.0,31.3,155.1,0.109,0.251,0.971,Moderate traffic flow - standard adaptive signal timing in effect
EVT443647,2025-02-17 09:04:15,Trade Fair,J012,Koramangala Sony World,8606,Weekday,False,Clear,False,0.0,False,False,1.0,Severe,9.1,72.9,663.5,0.246,0.568,0.907,Heavy congestion detected - signal timing extended and reroute suggested
EVT443648,2026-04-23 09:44:10,Sports Fixture,J009,Majestic,43736,Weekday,False,Fog,False,0.0,False,False,1.0,Severe,8.7,72.5,431.3,0.156,0.36,0.895,Heavy congestion detected - signal timing extended and reroute suggested
EVT443649,2025-10-19 11:21:33,Sports Fixture,J023,Basavanagudi,30786,Weekend,False,Clear,False,0.0,False,False,0.535,Moderate,24.3,35.9,217.1,0.173,0.399,0.969,Moderate traffic flow - standard adaptive signal timing in effect
EVT443650,2025-09-13 09:12:35,Trade Fair,J030,MG Road,7813,Weekend,False,Clear,False,0.0,False,False,0.945,Severe,10.1,67.1,491.9,0.193,0.445,0.956,Heavy congestion detected - signal timing extended and reroute suggested
EVT443651,2025-03-16 18:34:58,Concert,J040,City Market,21566,Weekend,False,Clear,False,0.0,False,False,0.953,Severe,12.6,70.5,292.2,0.145,0.336,0.897,Heavy congestion detected - signal timing extended and reroute suggested
EVT443652,2025-02-16 10:21:35,Local Market Day,J023,Basavanagudi,2847,Weekend,False,Clear,False,0.0,False,False,0.605,High,22.3,44.9,231.4,0.155,0.358,0.952,Moderate traffic flow - standard adaptive signal timing in effect
EVT443653,2025-08-24 18:24:34,Concert,J023,Basavanagudi,14609,Weekend,False,Clear,False,0.0,False,False,0.958,Severe,10.1,75.6,326.8,0.143,0.33,0.935,Heavy congestion detected - signal timing extended and reroute suggested
EVT443654,2025-04-24 08:17:25,Concert,J011,Indiranagar 100ft Road,16798,Weekday,False,Clear,False,0.0,False,False,0.918,Severe,10.2,56.6,467.2,0.19,0.439,0.931,Heavy congestion detected - signal timing extended and reroute suggested
EVT443655,2025-04-25 08:57:51,Sports Fixture,J009,Majestic,32173,Weekday,False,Clear,False,0.0,False,False,1.0,Severe,5.8,72.7,988.7,0.24,0.555,0.9,Heavy congestion detected - signal timing extended and reroute suggested
EVT443656,2025-05-14 13:42:09,Sports Fixture,J012,Koramangala Sony World,38064,Weekday,False,Rain,True,13.5,False,False,0.55,Moderate,19.2,39.1,323.4,0.207,0.479,0.891,Light rain detected - minor speed reduction advised
EVT443657,2026-01-22 06:30:08,Local Market Day,J030,MG Road,3592,Weekday,False,Clear,False,0.0,False,False,0.252,Low,33.4,12.2,105.3,0.08,0.185,0.959,Moderate traffic flow - standard adaptive signal timing in effect
EVT443658,2025-07-19 19:46:39,Local Market Day,J031,Cubbon Road,3099,Weekend,False,Rain,True,12.7,False,False,0.812,Severe,15.6,59.2,182.1,0.088,0.202,0.888,Heavy rain reducing visibility and grip - reduced speed and longer buffer advised
EVT443659,2025-09-01 08:44:30,Sports Fixture,J023,Basavanagudi,16303,Weekday,False,Clear,False,0.0,False,False,1.0,Severe,9.1,78.7,461.2,0.186,0.429,0.926,Heavy congestion detected - signal timing extended and reroute suggested
EVT443660,2025-02-12 12:43:00,Concert,J031,Cubbon Road,10728,Weekday,False,Clear,False,0.0,False,False,0.251,Low,34.0,13.5,132.9,0.12,0.276,0.966,Moderate traffic flow - standard adaptive signal timing in effect
EVT443661,2025-07-28 10:22:33,Concert,J009,Majestic,14461,Weekday,False,Light Rain,True,2.8,False,False,0.782,Severe,17.8,60.2,202.4,0.116,0.267,0.91,Heavy rain reducing visibility and grip - reduced speed and longer buffer advised
EVT443662,2025-08-29 10:55:39,Local Market Day,J009,Majestic,2784,Weekday,False,Rain,True,14.6,False,False,0.582,High,25.0,43.4,159.9,0.12,0.278,0.896,Heavy rain reducing visibility and grip - reduced speed and longer buffer advised
EVT443663,2025-02-10 09:54:11,Trade Fair,J012,Koramangala Sony World,8006,Weekday,False,Light Rain,True,1.8,False,False,0.95,Severe,11.0,71.2,345.4,0.159,0.367,0.885,Heavy rain reducing visibility and grip - reduced speed and longer buffer advised
EVT443664,2026-01-20 13:00:02,Sports Fixture,J031,Cubbon Road,21445,Weekday,False,Clear,False,0.0,False,False,0.325,Low,19.6,22.1,178.2,0.086,0.199,0.962,Moderate traffic flow - standard adaptive signal timing in effect
EVT443665,2025-10-18 17:47:08,Trade Fair,J020,Malleshwaram Circle,15895,Weekend,False,Clear,False,0.0,False,False,0.947,Severe,7.7,74.1,327.6,0.107,0.248,0.926,Heavy congestion detected - signal timing extended and reroute suggested
EVT443666,2026-05-04 06:03:09,Concert,J009,Majestic,9503,Weekday,False,Clear,False,0.0,False,False,0.255,Low,30.4,14.4,89.7,0.087,0.202,0.969,Moderate traffic flow - standard adaptive signal timing in effect
EVT443667,2025-02-03 20:06:48,Concert,J040,City Market,13355,Weekday,False,Clear,False,0.0,False,False,0.76,Severe,21.0,52.4,242.5,0.166,0.384,0.974,Heavy congestion detected - signal timing extended and reroute suggested
EVT443668,2025-08-01 10:06:19,Concert,J020,Malleshwaram Circle,12348,Weekday,False,Clear,False,0.0,False,False,0.812,Severe,16.1,58.0,207.1,0.114,0.263,0.985,Heavy congestion detected - signal timing extended and reroute suggested
EVT443669,2025-10-22 17:15:44,Religious Festival,J009,Majestic,45494,Weekday,True,Clear,False,0.0,False,True,1.0,Severe,7.9,100.2,629.0,0.217,0.501,0.821,Road closure for event/procession - full detour recommended for through-traffic
EVT443670,2025-01-17 07:55:15,Sports Fixture,J040,City Market,19613,Weekday,False,Clear,False,0.0,False,False,0.888,Severe,12.5,62.5,318.3,0.152,0.352,0.926,Heavy congestion detected - signal timing extended and reroute suggested
EVT443671,2025-08-12 19:33:02,Local Market Day,J020,Malleshwaram Circle,4728,Weekday,False,Clear,False,0.0,False,False,0.894,Severe,10.7,60.8,317.8,0.155,0.359,0.948,Heavy congestion detected - signal timing extended and reroute suggested
EVT443672,2025-04-10 13:03:41,Political Rally,J040,City Market,14817,Weekday,False,Clear,False,0.0,False,False,0.269,Low,34.8,16.5,133.9,0.11,0.253,0.978,Moderate traffic flow - standard adaptive signal timing in effect
EVT443673,2025-09-25 13:05:44,Trade Fair,J023,Basavanagudi,12143,Weekday,False,Clear,False,0.0,False,False,0.286,Low,25.9,20.2,206.1,0.157,0.363,0.959,Moderate traffic flow - standard adaptive signal timing in effect
EVT443674,2025-10-08 19:34:03,Local Market Day,J040,City Market,3903,Weekday,False,Clear,False,0.0,False,False,0.802,Severe,13.3,56.5,329.7,0.158,0.366,0.942,Heavy congestion detected - signal timing extended and reroute suggested
EVT443675,2026-06-22 08:13:11,Local Market Day,J023,Basavanagudi,5188,Weekday,False,Clear,False,0.0,False,False,0.877,Severe,14.8,60.7,232.5,0.116,0.269,0.918,Heavy congestion detected - signal timing extended and reroute suggested
EVT443676,2025-08-01 15:34:17,Local Market Day,J040,City Market,3712,Weekday,False,Heavy Rain,True,85.4,False,False,0.682,High,19.2,49.4,286.2,0.177,0.408,0.934,Heavy rain reducing visibility and grip - reduced speed and longer buffer advised
EVT443677,2025-09-04 16:43:35,Concert,J023,Basavanagudi,19080,Weekday,False,Heavy Rain,True,34.9,False,False,1.0,Severe,7.4,72.1,637.3,0.206,0.476,0.863,Heavy rain reducing visibility and grip - reduced speed and longer buffer advised
EVT443678,2025-04-28 19:13:26,Local Market Day,J040,City Market,4837,Weekday,False,Clear,False,0.0,False,False,0.954,Severe,11.8,70.1,613.8,0.259,0.599,0.927,Heavy congestion detected - signal timing extended and reroute suggested
EVT443679,2025-08-29 09:12:10,Sports Fixture,J030,MG Road,26163,Weekday,False,Heavy Rain,True,30.9,False,False,1.0,Severe,7.8,73.4,937.3,0.275,0.634,0.845,Heavy rain reducing visibility and grip - reduced speed and longer buffer advised
EVT443680,2025-07-02 09:15:39,Local Market Day,J030,MG Road,7943,Weekday,False,Clear,False,0.0,False,False,1.0,Severe,9.4,64.1,454.0,0.171,0.396,0.899,Heavy congestion detected - signal timing extended and reroute suggested
EVT443681,2025-09-20 08:44:21,Local Market Day,J009,Majestic,4936,Weekend,False,Rain,True,19.7,False,False,1.0,Severe,8.6,74.0,679.9,0.239,0.553,0.864,Heavy rain reducing visibility and grip - reduced speed and longer buffer advised
EVT443682,2025-02-25 12:22:41,Local Market Day,J011,Indiranagar 100ft Road,4830,Weekday,False,Clear,False,0.0,False,False,0.15,Low,35.5,11.0,108.5,0.111,0.256,0.948,Normal free-flow traffic - standard signal timing maintained
EVT443683,2025-11-09 18:04:51,Political Rally,J030,MG Road,12160,Weekend,False,Clear,False,0.0,False,False,0.929,Severe,10.9,63.4,454.1,0.212,0.49,0.937,Heavy congestion detected - signal timing extended and reroute suggested
EVT443684,2025-09-06 10:33:28,Religious Festival,J020,Malleshwaram Circle,31088,Weekend,True,Fog,False,0.0,False,False,1.0,Severe,9.4,79.3,678.2,0.248,0.573,0.893,Festival crowd surge detected - alternate route and extended cycle recommended
EVT443685,2025-01-16 20:30:32,Local Market Day,J020,Malleshwaram Circle,3981,Weekday,False,Clear,False,0.0,False,False,0.635,High,15.0,45.3,365.4,0.161,0.371,0.952,Moderate traffic flow - standard adaptive signal timing in effect
EVT443686,2025-06-05 18:15:08,Political Rally,J023,Basavanagudi,15785,Weekday,False,Clear,False,0.0,False,False,1.0,Severe,7.1,74.2,1015.1,0.287,0.663,0.912,Heavy congestion detected - signal timing extended and reroute suggested
EVT443687,2025-07-22 17:06:38,Political Rally,J011,Indiranagar 100ft Road,16947,Weekday,False,Clear,False,0.0,False,False,0.873,Severe,12.2,56.6,392.4,0.186,0.43,0.935,Heavy congestion detected - signal timing extended and reroute suggested
EVT443688,2025-04-05 20:47:53,Local Market Day,J031,Cubbon Road,2382,Weekend,False,Fog,False,0.0,False,False,0.487,Moderate,27.5,35.7,101.6,0.08,0.185,0.969,Moderate traffic flow - standard adaptive signal timing in effect
EVT443689,2025-01-26 12:08:05,Cultural Procession,J031,Cubbon Road,13885,Weekend,True,Clear,False,0.0,False,True,0.586,Moderate,17.7,48.9,251.1,0.148,0.341,0.901,Road closure for event/procession - full detour recommended for through-traffic
EVT443690,2025-04-25 12:55:22,Local Market Day,J011,Indiranagar 100ft Road,2793,Weekday,False,Clear,False,0.0,False,False,0.21,Low,34.5,17.7,104.0,0.087,0.202,0.96,Normal free-flow traffic - standard signal timing maintained
EVT443691,2025-09-16 21:27:12,Concert,J012,Koramangala Sony World,12246,Weekday,False,Clear,False,0.0,False,False,0.386,Moderate,32.1,29.4,171.1,0.125,0.288,0.976,Moderate traffic flow - standard adaptive signal timing in effect
EVT443692,2025-02-13 08:41:09,Political Rally,J030,MG Road,15248,Weekday,False,Fog,False,0.0,False,False,1.0,Severe,7.6,71.3,619.6,0.211,0.487,0.896,Heavy congestion detected - signal timing extended and reroute suggested
EVT443693,2025-02-14 00:23:39,Trade Fair,J020,Malleshwaram Circle,7648,Weekday,False,Clear,False,0.0,False,False,0.262,Low,35.5,18.1,119.4,0.107,0.246,0.966,Moderate traffic flow - standard adaptive signal timing in effect
EVT443694,2026-06-24 19:30:57,Trade Fair,J030,MG Road,11029,Weekday,False,Heavy Rain,True,97.9,False,False,1.0,Severe,8.3,69.0,459.3,0.162,0.374,0.91,Heavy rain reducing visibility and grip - reduced speed and longer buffer advised
EVT443695,2025-06-03 20:18:32,Sports Fixture,J023,Basavanagudi,25651,Weekday,False,Clear,False,0.0,False,False,0.826,Severe,15.3,57.2,343.7,0.186,0.43,0.944,Heavy congestion detected - signal timing extended and reroute suggested
EVT443696,2025-06-21 08:28:15,Concert,J009,Majestic,7778,Weekend,False,Clear,False,0.0,False,False,0.817,Severe,11.2,54.0,148.1,0.08,0.184,0.929,Heavy congestion detected - signal timing extended and reroute suggested
EVT443697,2025-01-12 06:53:15,Political Rally,J009,Majestic,13392,Weekend,False,Clear,False,0.0,False,False,0.531,Moderate,26.6,37.1,243.1,0.181,0.417,0.957,Moderate traffic flow - standard adaptive signal timing in effect
EVT443698,2025-09-06 10:24:56,Religious Festival,J023,Basavanagudi,77091,Weekend,True,Rain,True,15.5,False,True,1.0,Severe,7.9,95.9,433.9,0.147,0.339,0.79,Road closure for event/procession - full detour recommended for through-traffic
EVT443699,2026-05-08 09:55:22,Political Rally,J020,Malleshwaram Circle,15676,Weekday,False,Clear,False,0.0,False,False,0.834,Severe,13.3,61.2,601.9,0.273,0.632,0.941,Heavy congestion detected - signal timing extended and reroute suggested
EVT443700,2025-10-19 08:20:42,Local Market Day,J023,Basavanagudi,5227,Weekend,False,Clear,False,0.0,False,False,0.8,Severe,14.6,54.7,264.4,0.147,0.34,0.964,Heavy congestion detected - signal timing extended and reroute suggested
EVT443701,2026-01-20 09:55:34,Sports Fixture,J040,City Market,15375,Weekday,False,Clear,False,0.0,False,False,0.985,Severe,6.6,70.9,516.3,0.132,0.304,0.922,Heavy congestion detected - signal timing extended and reroute suggested
EVT443702,2026-01-26 13:55:34,Religious Festival,J011,Indiranagar 100ft Road,34272,Weekday,True,Light Rain,True,2.7,True,True,1.0,Severe,8.8,104.9,388.0,0.163,0.377,0.61,Road closure for event/procession - full detour recommended for through-traffic
EVT443703,2025-12-26 16:06:25,Religious Festival,J012,Koramangala Sony World,40175,Weekday,True,Clear,False,0.0,False,True,1.0,Severe,7.1,91.5,552.1,0.18,0.416,0.848,Road closure for event/procession - full detour recommended for through-traffic
EVT443704,2026-02-13 05:01:41,Concert,J020,Malleshwaram Circle,7829,Weekday,False,Clear,False,0.0,False,False,0.221,Low,30.3,16.9,131.8,0.072,0.167,0.967,Normal free-flow traffic - standard signal timing maintained
EVT443705,2025-04-14 08:24:29,Fireworks Display,J020,Malleshwaram Circle,33865,Weekday,True,Rain,True,9.3,False,False,1.0,Severe,8.5,75.6,602.1,0.197,0.454,0.832,Festival crowd surge detected - alternate route and extended cycle recommended
EVT443706,2026-04-02 23:24:42,Local Market Day,J023,Basavanagudi,4211,Weekday,False,Clear,False,0.0,False,False,0.16,Low,27.5,10.6,198.4,0.114,0.263,0.967,Normal free-flow traffic - standard signal timing maintained
EVT443707,2025-09-28 08:20:07,Local Market Day,J009,Majestic,7078,Weekend,False,Clear,False,0.0,False,False,0.845,Severe,10.8,60.8,403.3,0.175,0.403,0.937,Heavy congestion detected - signal timing extended and reroute suggested
EVT443708,2025-01-14 18:18:49,Religious Festival,J040,City Market,47142,Weekday,True,Clear,False,0.0,False,False,1.0,Severe,6.8,73.1,874.0,0.25,0.576,0.867,Festival crowd surge detected - alternate route and extended cycle recommended
EVT443709,2026-06-13 11:58:06,Local Market Day,J020,Malleshwaram Circle,6201,Weekend,False,Rain,True,10.9,False,False,0.434,Moderate,26.0,34.5,212.0,0.148,0.343,0.919,Light rain detected - minor speed reduction advised
EVT443710,2026-06-09 18:53:03,Local Market Day,J012,Koramangala Sony World,3593,Weekday,False,Clear,False,0.0,False,False,0.997,Severe,8.9,74.6,454.1,0.175,0.405,0.924,Heavy congestion detected - signal timing extended and reroute suggested
EVT443711,2025-02-09 12:07:21,Local Market Day,J030,MG Road,7423,Weekend,False,Clear,False,0.0,False,False,0.27,Low,27.3,19.5,203.3,0.136,0.315,0.957,Moderate traffic flow - standard adaptive signal timing in effect
EVT443712,2025-10-01 13:14:00,Political Rally,J040,City Market,14580,Weekday,False,Clear,False,0.0,False,False,0.276,Low,30.2,21.5,103.3,0.066,0.153,0.971,Moderate traffic flow - standard adaptive signal timing in effect
EVT443713,2025-09-29 08:57:48,Concert,J012,Koramangala Sony World,13540,Weekday,False,Clear,False,0.0,False,False,1.0,Severe,9.4,69.4,519.2,0.187,0.431,0.942,Heavy congestion detected - signal timing extended and reroute suggested
EVT443714,2025-02-02 08:01:18,Local Market Day,J011,Indiranagar 100ft Road,2974,Weekend,False,Clear,False,0.0,False,False,0.755,Severe,15.8,56.1,446.2,0.251,0.579,0.97,Heavy congestion detected - signal timing extended and reroute suggested
EVT443715,2026-03-19 18:41:01,Religious Festival,J031,Cubbon Road,33145,Weekday,True,Clear,False,0.0,False,False,1.0,Severe,7.9,69.1,917.2,0.273,0.631,0.85,Festival crowd surge detected - alternate route and extended cycle recommended
EVT443716,2025-07-16 20:29:51,Sports Fixture,J030,MG Road,29345,Weekday,False,Clear,False,0.0,False,False,0.722,High,22.0,46.6,240.5,0.186,0.429,0.976,Moderate traffic flow - standard adaptive signal timing in effect
EVT443717,2025-07-04 17:43:54,Local Market Day,J040,City Market,5300,Weekday,False,Heavy Rain,True,44.9,False,False,1.0,Severe,9.7,71.8,459.3,0.168,0.389,0.889,Heavy rain reducing visibility and grip - reduced speed and longer buffer advised
EVT443718,2025-07-14 07:15:56,Sports Fixture,J012,Koramangala Sony World,23639,Weekday,False,Clear,False,0.0,False,False,0.677,High,20.4,42.7,284.4,0.188,0.434,0.959,Moderate traffic flow - standard adaptive signal timing in effect
EVT443719,2025-12-12 14:06:11,Local Market Day,J023,Basavanagudi,6217,Weekday,False,Fog,False,0.0,False,False,0.212,Low,35.6,11.8,111.5,0.106,0.246,0.982,Normal free-flow traffic - standard signal timing maintained
EVT443720,2025-07-26 21:51:37,Local Market Day,J009,Majestic,5298,Weekend,False,Heavy Rain,True,48.9,False,False,0.646,High,23.5,42.4,182.0,0.121,0.28,0.927,Heavy rain reducing visibility and grip - reduced speed and longer buffer advised
EVT443721,2026-04-25 22:59:42,Sports Fixture,J040,City Market,36141,Weekend,False,Clear,False,0.0,False,False,0.432,Moderate,31.1,26.6,155.9,0.15,0.346,0.97,Moderate traffic flow - standard adaptive signal timing in effect
EVT443722,2025-03-23 13:22:07,Local Market Day,J009,Majestic,4831,Weekend,False,Clear,False,0.0,False,False,0.275,Low,31.7,17.2,133.2,0.107,0.248,0.947,Moderate traffic flow - standard adaptive signal timing in effect
EVT443723,2026-01-25 19:33:40,Concert,J020,Malleshwaram Circle,9080,Weekend,False,Clear,False,0.0,False,False,0.725,High,13.0,51.9,426.8,0.17,0.392,0.95,Moderate traffic flow - standard adaptive signal timing in effect
EVT443724,2026-02-26 09:21:57,Local Market Day,J023,Basavanagudi,3874,Weekday,False,Clear,False,0.0,False,False,1.0,Severe,9.1,80.1,429.8,0.181,0.417,0.936,Heavy congestion detected - signal timing extended and reroute suggested
EVT443725,2025-12-05 17:11:28,Trade Fair,J020,Malleshwaram Circle,10950,Weekday,False,Clear,False,0.0,False,False,0.809,Severe,13.6,59.5,575.9,0.282,0.651,0.983,Heavy congestion detected - signal timing extended and reroute suggested
EVT443726,2026-04-17 11:18:18,Sports Fixture,J009,Majestic,25106,Weekday,False,Clear,False,0.0,False,False,0.46,Moderate,28.2,29.2,135.0,0.135,0.311,0.989,Moderate traffic flow - standard adaptive signal timing in effect
EVT443727,2025-08-24 19:02:02,Concert,J031,Cubbon Road,12083,Weekend,False,Heavy Rain,True,37.4,False,False,1.0,Severe,6.6,73.2,609.4,0.172,0.396,0.851,Heavy rain reducing visibility and grip - reduced speed and longer buffer advised
EVT443728,2025-07-08 13:43:55,Sports Fixture,J011,Indiranagar 100ft Road,24344,Weekday,False,Rain,True,24.3,False,False,0.466,Moderate,24.1,29.1,190.0,0.133,0.307,0.93,Light rain detected - minor speed reduction advised
EVT443729,2026-04-10 15:12:45,Concert,J011,Indiranagar 100ft Road,12593,Weekday,False,Clear,False,0.0,False,False,0.272,Low,28.2,25.8,124.0,0.089,0.205,0.939,Moderate traffic flow - standard adaptive signal timing in effect
EVT443730,2026-04-20 09:01:24,Political Rally,J031,Cubbon Road,17174,Weekday,False,Clear,False,0.0,False,False,1.0,Severe,8.8,70.1,288.7,0.113,0.262,0.911,Heavy congestion detected - signal timing extended and reroute suggested
EVT443731,2026-01-23 14:41:15,Political Rally,J012,Koramangala Sony World,17700,Weekday,False,Clear,False,0.0,False,False,0.307,Low,34.1,18.9,109.5,0.088,0.202,0.938,Moderate traffic flow - standard adaptive signal timing in effect
EVT443732,2026-02-22 20:30:28,Concert,J023,Basavanagudi,16271,Weekend,False,Clear,False,0.0,False,False,0.546,Moderate,25.8,39.5,252.1,0.204,0.472,0.955,Moderate traffic flow - standard adaptive signal timing in effect
EVT443733,2025-09-21 13:38:35,Concert,J009,Majestic,6991,Weekend,False,Rain,True,15.3,False,False,0.465,Moderate,33.9,33.2,145.4,0.149,0.345,0.91,Light rain detected - minor speed reduction advised
EVT443734,2026-03-12 18:06:36,Sports Fixture,J030,MG Road,40631,Weekday,False,Clear,False,0.0,False,False,1.0,Severe,8.4,75.1,538.6,0.196,0.454,0.938,Heavy congestion detected - signal timing extended and reroute suggested
EVT443735,2025-07-08 16:26:48,Local Market Day,J020,Malleshwaram Circle,7779,Weekday,False,Clear,False,0.0,False,False,0.569,High,20.8,42.3,201.2,0.116,0.269,0.957,Moderate traffic flow - standard adaptive signal timing in effect
EVT443736,2025-08-05 20:36:22,Sports Fixture,J040,City Market,31942,Weekday,False,Rain,True,16.9,False,False,0.891,Severe,12.3,63.4,517.8,0.227,0.525,0.914,Heavy rain reducing visibility and grip - reduced speed and longer buffer advised
EVT443737,2026-04-05 19:51:42,Trade Fair,J009,Majestic,10713,Weekend,False,Clear,False,0.0,False,False,0.721,High,24.1,55.1,226.2,0.17,0.393,0.987,Moderate traffic flow - standard adaptive signal timing in effect
EVT443738,2026-03-28 08:16:53,Sports Fixture,J030,MG Road,19808,Weekend,False,Clear,False,0.0,False,False,0.849,Severe,11.4,60.9,183.0,0.094,0.217,0.941,Heavy congestion detected - signal timing extended and reroute suggested
EVT443739,2025-01-24 10:44:31,Concert,J031,Cubbon Road,17320,Weekday,False,Clear,False,0.0,False,False,0.573,High,25.2,39.2,188.6,0.148,0.343,0.964,Moderate traffic flow - standard adaptive signal timing in effect
EVT443740,2025-05-12 20:02:36,Trade Fair,J009,Majestic,4032,Weekday,False,Clear,False,0.0,False,False,0.768,Severe,15.7,52.4,433.5,0.241,0.558,0.932,Heavy congestion detected - signal timing extended and reroute suggested
EVT443741,2026-06-04 10:19:37,Concert,J040,City Market,12537,Weekday,False,Clear,False,0.0,False,False,0.706,High,19.0,44.9,100.3,0.038,0.087,0.975,Moderate traffic flow - standard adaptive signal timing in effect
EVT443742,2025-04-17 11:42:37,Concert,J030,MG Road,11198,Weekday,False,Light Rain,True,5.2,False,False,0.319,Low,27.6,21.2,59.6,0.045,0.105,0.93,Light rain detected - minor speed reduction advised
EVT443743,2025-11-24 17:40:01,Concert,J009,Majestic,11797,Weekday,False,Clear,False,0.0,False,False,0.98,Severe,7.6,67.6,1048.3,0.342,0.791,0.92,Heavy congestion detected - signal timing extended and reroute suggested
EVT443744,2025-06-19 09:49:51,Local Market Day,J011,Indiranagar 100ft Road,3143,Weekday,False,Clear,False,0.0,False,False,0.867,Severe,13.8,58.9,362.3,0.184,0.424,0.952,Heavy congestion detected - signal timing extended and reroute suggested
EVT443745,2026-03-23 20:54:57,Political Rally,J031,Cubbon Road,10375,Weekday,False,Clear,False,0.0,False,False,0.486,Moderate,22.0,31.3,82.3,0.067,0.154,0.965,Moderate traffic flow - standard adaptive signal timing in effect
EVT443746,2025-09-24 19:16:38,Local Market Day,J020,Malleshwaram Circle,8925,Weekday,False,Rain,True,8.6,False,False,1.0,Severe,7.0,71.1,629.7,0.191,0.442,0.862,Heavy rain reducing visibility and grip - reduced speed and longer buffer advised
EVT443747,2025-06-25 20:39:05,Political Rally,J031,Cubbon Road,15736,Weekday,False,Clear,False,0.0,False,False,0.626,High,22.5,42.8,256.3,0.187,0.431,0.961,Moderate traffic flow - standard adaptive signal timing in effect
EVT443748,2025-08-31 16:56:06,Sports Fixture,J009,Majestic,17236,Weekend,False,Heavy Rain,True,38.6,False,False,1.0,Severe,7.4,70.3,476.8,0.157,0.362,0.876,Heavy rain reducing visibility and grip - reduced speed and longer buffer advised
EVT443749,2025-05-08 15:01:14,Trade Fair,J031,Cubbon Road,5109,Weekday,False,Clear,False,0.0,False,False,0.223,Low,34.7,12.4,47.9,0.041,0.094,0.955,Normal free-flow traffic - standard signal timing maintained
EVT443750,2025-09-10 20:18:36,Local Market Day,J030,MG Road,2512,Weekday,False,Heavy Rain,True,35.8,False,False,0.991,Severe,9.7,72.1,785.6,0.288,0.666,0.875,Heavy rain reducing visibility and grip - reduced speed and longer buffer advised
EVT443751,2025-03-30 09:59:27,Religious Festival,J031,Cubbon Road,45131,Weekend,True,Clear,False,0.0,False,False,1.0,Severe,7.7,83.5,1173.6,0.367,0.847,0.861,Festival crowd surge detected - alternate route and extended cycle recommended
EVT443752,2025-06-01 19:06:59,Local Market Day,J031,Cubbon Road,5055,Weekend,False,Fog,False,0.0,False,False,0.851,Severe,13.6,64.5,477.0,0.243,0.56,0.957,Heavy congestion detected - signal timing extended and reroute suggested
EVT443753,2025-03-17 11:09:18,Local Market Day,J012,Koramangala Sony World,3692,Weekday,False,Light Rain,True,6.8,False,False,0.459,Moderate,25.8,32.1,129.3,0.092,0.212,0.93,Light rain detected - minor speed reduction advised
EVT443754,2025-12-16 09:18:23,Sports Fixture,J009,Majestic,19440,Weekday,False,Clear,False,0.0,False,False,1.0,Severe,8.5,74.2,218.3,0.077,0.179,0.935,Heavy congestion detected - signal timing extended and reroute suggested
EVT443755,2025-05-10 10:51:45,Sports Fixture,J031,Cubbon Road,25691,Weekend,False,Clear,False,0.0,False,False,0.57,High,25.0,47.3,181.2,0.143,0.329,0.95,Moderate traffic flow - standard adaptive signal timing in effect
EVT443756,2026-01-30 19:21:35,Local Market Day,J030,MG Road,5557,Weekday,False,Clear,False,0.0,False,False,0.953,Severe,9.9,61.8,328.0,0.149,0.343,0.94,Heavy congestion detected - signal timing extended and reroute suggested
EVT443757,2026-02-05 11:02:46,Political Rally,J031,Cubbon Road,20498,Weekday,False,Clear,False,0.0,False,False,0.548,Moderate,22.1,34.0,158.1,0.122,0.281,0.97,Moderate traffic flow - standard adaptive signal timing in effect
EVT443758,2025-07-05 16:15:47,Sports Fixture,J040,City Market,20568,Weekend,False,Clear,False,0.0,False,False,0.566,High,28.5,43.3,129.5,0.101,0.234,0.951,Moderate traffic flow - standard adaptive signal timing in effect
EVT443759,2025-07-15 10:24:18,Local Market Day,J040,City Market,5834,Weekday,False,Heavy Rain,True,42.4,False,False,1.0,Severe,8.2,68.8,582.2,0.193,0.445,0.85,Heavy rain reducing visibility and grip - reduced speed and longer buffer advised
EVT443760,2026-03-11 19:08:24,Sports Fixture,J030,MG Road,34133,Weekday,False,Clear,False,0.0,False,False,1.0,Severe,8.9,70.4,481.4,0.194,0.449,0.917,Heavy congestion detected - signal timing extended and reroute suggested
EVT443761,2025-06-05 09:09:23,Concert,J031,Cubbon Road,5017,Weekday,False,Clear,False,0.0,False,False,1.0,Severe,11.2,66.3,515.2,0.211,0.488,0.923,Heavy congestion detected - signal timing extended and reroute suggested
EVT443762,2026-04-17 08:59:12,Trade Fair,J009,Majestic,7660,Weekday,False,Clear,False,0.0,False,False,0.987,Severe,8.5,70.5,482.0,0.176,0.408,0.895,Heavy congestion detected - signal timing extended and reroute suggested
EVT443763,2025-03-24 14:58:57,Local Market Day,J030,MG Road,2725,Weekday,False,Light Rain,True,0.5,False,False,0.27,Low,46.0,23.7,120.3,0.144,0.331,0.922,Light rain detected - minor speed reduction advised
EVT443764,2026-01-29 07:11:33,Local Market Day,J011,Indiranagar 100ft Road,4835,Weekday,False,Clear,False,0.0,False,False,0.531,Moderate,30.0,34.4,185.2,0.145,0.334,0.99,Moderate traffic flow - standard adaptive signal timing in effect
EVT443765,2025-12-30 16:31:37,Concert,J009,Majestic,8921,Weekday,False,Clear,False,0.0,False,False,0.521,Moderate,23.7,36.3,143.4,0.106,0.246,0.959,Moderate traffic flow - standard adaptive signal timing in effect
EVT443766,2026-02-12 19:24:40,Trade Fair,J020,Malleshwaram Circle,9653,Weekday,False,Clear,False,0.0,False,False,0.901,Severe,10.6,73.5,657.7,0.237,0.546,0.921,Heavy congestion detected - signal timing extended and reroute suggested
EVT443767,2025-04-23 20:45:51,Trade Fair,J012,Koramangala Sony World,11269,Weekday,False,Clear,False,0.0,False,False,0.525,Moderate,27.6,39.8,129.7,0.094,0.217,0.99,Moderate traffic flow - standard adaptive signal timing in effect
EVT443768,2025-01-14 15:52:57,Cultural Procession,J020,Malleshwaram Circle,22244,Weekday,True,Clear,False,0.0,False,False,0.746,High,15.6,50.8,173.2,0.102,0.236,0.91,Festival crowd surge detected - alternate route and extended cycle recommended
EVT443769,2025-08-27 19:13:51,Religious Festival,J020,Malleshwaram Circle,35867,Weekday,True,Heavy Rain,True,40.0,True,False,1.0,Severe,7.9,73.5,531.4,0.155,0.359,0.652,Accident detected nearby - reroute and reduced speed advised
EVT443770,2025-10-18 18:56:00,Local Market Day,J020,Malleshwaram Circle,6128,Weekend,False,Clear,False,0.0,False,False,0.83,Severe,10.5,60.5,676.0,0.267,0.618,0.967,Heavy congestion detected - signal timing extended and reroute suggested
EVT443771,2026-05-23 17:21:29,Concert,J040,City Market,8889,Weekend,False,Clear,False,0.0,False,False,0.771,Severe,18.6,60.1,217.5,0.132,0.305,0.987,Heavy congestion detected - signal timing extended and reroute suggested
EVT443772,2026-03-04 10:03:22,Cultural Procession,J020,Malleshwaram Circle,26366,Weekday,True,Clear,False,0.0,False,True,1.0,Severe,10.2,105.5,517.7,0.217,0.5,0.841,Road closure for event/procession - full detour recommended for through-traffic
EVT443773,2025-07-20 16:36:16,Local Market Day,J009,Majestic,2533,Weekend,False,Rain,True,17.7,False,False,0.733,High,12.6,56.5,328.9,0.119,0.275,0.9,Heavy rain reducing visibility and grip - reduced speed and longer buffer advised
EVT443774,2025-02-27 08:32:17,Political Rally,J020,Malleshwaram Circle,16925,Weekday,False,Clear,False,0.0,False,False,1.0,Severe,7.6,68.6,657.8,0.216,0.498,0.916,Heavy congestion detected - signal timing extended and reroute suggested
EVT443775,2026-03-22 18:53:38,Political Rally,J030,MG Road,12051,Weekend,False,Clear,False,0.0,False,False,0.868,Severe,12.8,68.3,411.5,0.207,0.478,0.971,Heavy congestion detected - signal timing extended and reroute suggested
EVT443776,2025-05-18 19:32:49,Sports Fixture,J009,Majestic,21577,Weekend,False,Clear,False,0.0,False,False,0.884,Severe,13.8,62.9,381.3,0.187,0.433,0.921,Heavy congestion detected - signal timing extended and reroute suggested
EVT443777,2025-02-17 15:26:31,Concert,J040,City Market,12818,Weekday,False,Clear,False,0.0,False,False,0.404,Moderate,28.8,34.8,210.7,0.159,0.368,0.946,Moderate traffic flow - standard adaptive signal timing in effect
EVT443778,2026-02-15 19:10:07,Political Rally,J012,Koramangala Sony World,16099,Weekend,False,Clear,False,0.0,False,False,0.917,Severe,10.7,64.9,426.6,0.166,0.384,0.938,Heavy congestion detected - signal timing extended and reroute suggested
EVT443779,2026-06-15 20:04:11,Concert,J023,Basavanagudi,16301,Weekday,False,Rain,True,13.9,False,False,0.941,Severe,9.9,63.3,686.8,0.253,0.585,0.899,Heavy rain reducing visibility and grip - reduced speed and longer buffer advised
EVT443780,2025-03-03 09:05:42,Local Market Day,J030,MG Road,3739,Weekday,False,Clear,False,0.0,False,False,0.982,Severe,8.3,67.7,549.3,0.186,0.43,0.893,Heavy congestion detected - signal timing extended and reroute suggested
EVT443781,2025-09-26 18:52:17,Local Market Day,J030,MG Road,5135,Weekday,False,Clear,False,0.0,False,False,0.999,Severe,6.6,72.1,669.4,0.202,0.467,0.924,Heavy congestion detected - signal timing extended and reroute suggested
EVT443782,2026-01-20 19:27:35,Local Market Day,J011,Indiranagar 100ft Road,3535,Weekday,False,Clear,False,0.0,False,False,0.875,Severe,11.0,67.3,477.0,0.199,0.459,0.959,Heavy congestion detected - signal timing extended and reroute suggested
EVT443783,2025-09-06 06:31:20,Religious Festival,J040,City Market,46314,Weekend,True,Heavy Rain,True,48.5,False,True,1.0,Severe,9.0,98.0,432.4,0.186,0.431,0.787,Road closure for event/procession - full detour recommended for through-traffic
EVT443784,2026-06-22 20:00:19,Sports Fixture,J011,Indiranagar 100ft Road,18663,Weekday,False,Heavy Rain,True,32.0,False,False,1.0,Severe,9.1,62.4,830.1,0.278,0.643,0.848,Heavy rain reducing visibility and grip - reduced speed and longer buffer advised
EVT443785,2025-03-09 20:25:46,Local Market Day,J023,Basavanagudi,2136,Weekend,False,Clear,False,0.0,False,False,0.481,Moderate,31.1,36.1,166.7,0.132,0.304,0.99,Moderate traffic flow - standard adaptive signal timing in effect
EVT443786,2026-05-24 08:31:58,Local Market Day,J040,City Market,3383,Weekend,False,Clear,False,0.0,False,False,0.815,Severe,13.1,50.8,326.2,0.165,0.382,0.97,Heavy congestion detected - signal timing extended and reroute suggested
EVT443787,2026-02-11 22:21:13,Sports Fixture,J012,Koramangala Sony World,23601,Weekday,False,Clear,False,0.0,False,False,0.3,Low,22.9,15.7,281.4,0.171,0.396,0.941,Moderate traffic flow - standard adaptive signal timing in effect
EVT443788,2025-09-06 08:55:28,Religious Festival,J031,Cubbon Road,55141,Weekend,True,Heavy Rain,True,27.6,False,False,1.0,Severe,8.4,71.9,664.4,0.219,0.506,0.795,Festival crowd surge detected - alternate route and extended cycle recommended
EVT443789,2025-10-12 16:34:15,Local Market Day,J009,Majestic,4197,Weekend,False,Clear,False,0.0,False,False,0.613,High,18.9,41.6,234.2,0.14,0.323,0.961,Moderate traffic flow - standard adaptive signal timing in effect
EVT443790,2025-01-02 17:57:05,Concert,J023,Basavanagudi,5069,Weekday,False,Clear,False,0.0,False,False,1.0,Severe,10.4,69.6,597.2,0.259,0.599,0.9,Heavy congestion detected - signal timing extended and reroute suggested
EVT443791,2026-01-22 11:39:26,Trade Fair,J031,Cubbon Road,6961,Weekday,False,Clear,False,0.0,False,False,0.289,Low,28.4,26.3,163.3,0.137,0.317,0.961,Moderate traffic flow - standard adaptive signal timing in effect
EVT443792,2025-10-04 13:06:04,Political Rally,J023,Basavanagudi,19368,Weekend,False,Rain,True,14.9,False,False,0.514,Moderate,30.5,33.7,143.1,0.109,0.251,0.917,Light rain detected - minor speed reduction advised
EVT443793,2026-05-21 16:56:50,Trade Fair,J009,Majestic,8888,Weekday,False,Clear,False,0.0,False,False,0.759,Severe,20.7,53.8,149.4,0.102,0.236,0.958,Heavy congestion detected - signal timing extended and reroute suggested
EVT443794,2025-06-27 12:10:02,Concert,J030,MG Road,12612,Weekday,False,Clear,False,0.0,False,False,0.248,Low,32.9,16.7,118.9,0.092,0.212,0.945,Normal free-flow traffic - standard signal timing maintained
EVT443795,2025-05-16 07:37:07,Sports Fixture,J011,Indiranagar 100ft Road,25143,Weekday,False,Clear,False,0.0,False,False,0.763,Severe,14.4,51.9,496.1,0.245,0.566,0.952,Heavy congestion detected - signal timing extended and reroute suggested
EVT443796,2025-04-01 15:11:05,Sports Fixture,J031,Cubbon Road,47867,Weekday,False,Clear,False,0.0,False,False,0.515,Moderate,26.4,41.3,194.1,0.139,0.322,0.961,Moderate traffic flow - standard adaptive signal timing in effect
EVT443797,2025-03-08 14:48:30,Sports Fixture,J009,Majestic,11740,Weekend,False,Clear,False,0.0,False,False,0.356,Moderate,33.6,28.4,109.8,0.098,0.226,0.968,Moderate traffic flow - standard adaptive signal timing in effect
EVT443798,2025-04-11 11:27:32,Local Market Day,J020,Malleshwaram Circle,5382,Weekday,False,Clear,False,0.0,False,False,0.276,Low,30.0,12.2,173.4,0.154,0.355,0.969,Moderate traffic flow - standard adaptive signal timing in effect
EVT443799,2025-10-17 18:18:37,Trade Fair,J011,Indiranagar 100ft Road,7833,Weekday,False,Rain,True,18.3,False,False,1.0,Severe,10.6,70.7,170.2,0.087,0.2,0.885,Heavy rain reducing visibility and grip - reduced speed and longer buffer advised
EVT443800,2025-10-17 08:15:37,Local Market Day,J031,Cubbon Road,4874,Weekday,False,Clear,False,0.0,False,False,0.973,Severe,7.9,75.7,443.0,0.161,0.372,0.95,Heavy congestion detected - signal timing extended and reroute suggested
EVT443801,2025-10-15 09:14:05,Local Market Day,J020,Malleshwaram Circle,2826,Weekday,False,Clear,False,0.0,False,False,1.0,Severe,9.2,67.6,321.6,0.131,0.303,0.92,Heavy congestion detected - signal timing extended and reroute suggested
EVT443802,2025-12-30 16:02:25,Local Market Day,J012,Koramangala Sony World,2624,Weekday,False,Clear,False,0.0,False,False,0.476,Moderate,25.7,27.8,235.4,0.186,0.429,0.968,Moderate traffic flow - standard adaptive signal timing in effect
EVT443803,2026-01-04 09:40:31,Trade Fair,J040,City Market,12887,Weekend,False,Clear,False,0.0,False,False,0.771,Severe,16.7,58.1,355.4,0.219,0.507,0.933,Heavy congestion detected - signal timing extended and reroute suggested
EVT443804,2025-06-23 08:03:12,Concert,J011,Indiranagar 100ft Road,10659,Weekday,False,Heavy Rain,True,29.1,True,False,1.0,Severe,8.9,70.3,767.6,0.277,0.64,0.719,Accident detected nearby - reroute and reduced speed advised
EVT443805,2026-03-13 15:50:00,Sports Fixture,J030,MG Road,15018,Weekday,False,Clear,False,0.0,False,False,0.422,Moderate,25.0,37.4,126.1,0.08,0.184,0.955,Moderate traffic flow - standard adaptive signal timing in effect
EVT443806,2025-11-18 08:29:50,Trade Fair,J031,Cubbon Road,12315,Weekday,False,Clear,False,0.0,False,False,1.0,Severe,9.6,71.0,237.5,0.097,0.224,0.912,Heavy congestion detected - signal timing extended and reroute suggested
EVT443807,2025-10-06 18:31:42,Sports Fixture,J031,Cubbon Road,16585,Weekday,False,Clear,False,0.0,False,False,1.0,Severe,8.3,69.5,645.6,0.207,0.478,0.92,Heavy congestion detected - signal timing extended and reroute suggested
EVT443808,2026-04-14 08:56:43,Religious Festival,J012,Koramangala Sony World,51833,Weekday,True,Rain,True,15.7,False,False,1.0,Severe,9.5,69.4,615.1,0.235,0.542,0.819,Festival crowd surge detected - alternate route and extended cycle recommended
EVT443809,2026-02-19 16:19:59,Political Rally,J031,Cubbon Road,17547,Weekday,False,Clear,False,0.0,False,False,0.605,High,21.5,44.1,242.7,0.17,0.392,0.953,Moderate traffic flow - standard adaptive signal timing in effect
EVT443810,2025-06-12 14:55:39,Concert,J030,MG Road,8870,Weekday,False,Clear,False,0.0,False,False,0.297,Low,26.2,23.8,235.3,0.164,0.379,0.951,Moderate traffic flow - standard adaptive signal timing in effect
EVT443811,2025-01-10 05:36:55,Trade Fair,J009,Majestic,9828,Weekday,False,Clear,False,0.0,False,False,0.203,Low,27.7,14.6,183.5,0.123,0.285,0.943,Normal free-flow traffic - standard signal timing maintained
EVT443812,2026-03-20 09:17:46,Religious Festival,J012,Koramangala Sony World,34397,Weekday,True,Clear,False,0.0,False,True,1.0,Severe,7.9,91.5,242.4,0.114,0.264,0.825,Road closure for event/procession - full detour recommended for through-traffic
EVT443813,2026-06-22 14:00:32,Local Market Day,J030,MG Road,4629,Weekday,False,Clear,False,0.0,False,False,0.187,Low,35.3,14.4,159.2,0.16,0.369,0.952,Normal free-flow traffic - standard signal timing maintained
EVT443814,2025-08-22 08:29:29,Local Market Day,J031,Cubbon Road,3755,Weekday,False,Clear,False,0.0,False,False,0.917,Severe,11.2,66.7,221.3,0.093,0.214,0.91,Heavy congestion detected - signal timing extended and reroute suggested
EVT443815,2025-12-15 18:53:03,Trade Fair,J031,Cubbon Road,7545,Weekday,False,Clear,False,0.0,False,False,1.0,Severe,8.6,71.2,411.8,0.17,0.392,0.902,Heavy congestion detected - signal timing extended and reroute suggested
EVT443816,2025-02-07 09:06:47,Political Rally,J030,MG Road,11963,Weekday,False,Clear,False,0.0,False,False,1.0,Severe,8.4,75.3,474.7,0.183,0.423,0.918,Heavy congestion detected - signal timing extended and reroute suggested
EVT443817,2026-03-26 20:23:29,Fireworks Display,J009,Majestic,24148,Weekday,True,Clear,False,0.0,False,False,0.957,Severe,10.5,69.4,540.7,0.223,0.514,0.862,Festival crowd surge detected - alternate route and extended cycle recommended
EVT443818,2026-03-14 14:38:53,Sports Fixture,J011,Indiranagar 100ft Road,34839,Weekend,False,Fog,False,0.0,False,False,0.44,Moderate,25.1,28.7,190.1,0.128,0.295,0.95,Moderate traffic flow - standard adaptive signal timing in effect
EVT443819,2025-09-16 19:38:28,Concert,J009,Majestic,16762,Weekday,False,Clear,False,0.0,False,False,0.874,Severe,11.3,60.6,470.9,0.178,0.41,0.939,Heavy congestion detected - signal timing extended and reroute suggested
EVT443820,2025-06-15 07:39:46,Sports Fixture,J040,City Market,13855,Weekend,False,Light Rain,True,5.9,False,False,0.722,High,18.5,50.3,242.5,0.151,0.349,0.923,Heavy rain reducing visibility and grip - reduced speed and longer buffer advised
EVT443821,2026-05-29 12:11:59,Concert,J009,Majestic,8113,Weekday,False,Heavy Rain,True,28.3,False,False,0.616,High,16.3,41.6,140.4,0.066,0.153,0.919,Heavy rain reducing visibility and grip - reduced speed and longer buffer advised
EVT443822,2025-08-09 18:43:31,Local Market Day,J020,Malleshwaram Circle,3169,Weekend,False,Heavy Rain,True,35.5,False,False,1.0,Severe,9.7,68.9,601.7,0.258,0.596,0.837,Heavy rain reducing visibility and grip - reduced speed and longer buffer advised
EVT443823,2026-06-02 13:09:49,Local Market Day,J009,Majestic,4117,Weekday,False,Clear,False,0.0,False,False,0.121,Low,33.9,8.3,44.4,0.045,0.103,0.949,Normal free-flow traffic - standard signal timing maintained
EVT443824,2026-06-15 08:01:28,Sports Fixture,J020,Malleshwaram Circle,11620,Weekday,False,Clear,False,0.0,False,False,0.862,Severe,11.5,68.1,559.8,0.244,0.563,0.952,Heavy congestion detected - signal timing extended and reroute suggested
EVT443825,2025-09-22 22:47:00,Concert,J011,Indiranagar 100ft Road,10828,Weekday,False,Clear,False,0.0,False,False,0.17,Low,42.9,10.9,105.0,0.095,0.22,0.977,Normal free-flow traffic - standard signal timing maintained
EVT443826,2025-06-14 16:08:45,Sports Fixture,J012,Koramangala Sony World,18481,Weekend,False,Clear,False,0.0,False,False,0.528,Moderate,25.3,42.1,106.7,0.074,0.172,0.955,Moderate traffic flow - standard adaptive signal timing in effect
EVT443827,2025-12-03 16:39:12,Trade Fair,J030,MG Road,4285,Weekday,False,Clear,False,0.0,False,False,0.619,High,16.9,42.5,307.7,0.161,0.373,0.953,Moderate traffic flow - standard adaptive signal timing in effect
EVT443828,2025-08-06 16:56:33,Sports Fixture,J030,MG Road,27940,Weekday,False,Clear,False,0.0,False,False,0.858,Severe,14.2,61.5,395.1,0.222,0.512,0.931,Heavy congestion detected - signal timing extended and reroute suggested
EVT443829,2025-12-22 17:46:13,Local Market Day,J009,Majestic,4520,Weekday,False,Clear,False,0.0,False,False,0.936,Severe,7.9,68.1,633.3,0.215,0.497,0.944,Heavy congestion detected - signal timing extended and reroute suggested
EVT443830,2025-09-10 15:42:55,Local Market Day,J009,Majestic,2681,Weekday,False,Rain,True,21.9,False,False,0.704,High,17.0,48.8,261.9,0.143,0.33,0.921,Heavy rain reducing visibility and grip - reduced speed and longer buffer advised
EVT443831,2025-11-29 18:23:42,Concert,J009,Majestic,13733,Weekend,False,Clear,False,0.0,False,False,0.917,Severe,11.9,68.5,606.1,0.283,0.653,0.946,Heavy congestion detected - signal timing extended and reroute suggested
EVT443832,2026-02-23 20:16:01,Local Market Day,J012,Koramangala Sony World,3666,Weekday,False,Clear,False,0.0,False,False,0.577,High,24.9,37.8,125.3,0.094,0.217,0.97,Moderate traffic flow - standard adaptive signal timing in effect
EVT443833,2026-01-30 00:09:15,Political Rally,J020,Malleshwaram Circle,14211,Weekday,False,Clear,False,0.0,False,False,0.221,Low,33.3,19.9,80.6,0.06,0.138,0.981,Normal free-flow traffic - standard signal timing maintained
EVT443834,2025-11-28 23:04:18,Sports Fixture,J009,Majestic,28178,Weekday,False,Light Rain,True,2.9,True,False,0.755,Severe,15.5,55.8,359.6,0.209,0.482,0.761,Accident detected nearby - reroute and reduced speed advised
EVT443835,2025-11-11 20:45:25,Local Market Day,J020,Malleshwaram Circle,4644,Weekday,False,Light Rain,True,3.8,False,False,0.632,High,20.9,41.9,221.6,0.138,0.318,0.924,Heavy rain reducing visibility and grip - reduced speed and longer buffer advised
EVT443836,2026-03-26 17:00:07,Religious Festival,J020,Malleshwaram Circle,29591,Weekday,True,Clear,False,0.0,False,False,1.0,Severe,10.0,73.1,214.8,0.071,0.164,0.876,Festival crowd surge detected - alternate route and extended cycle recommended
EVT443837,2025-11-06 12:56:37,Sports Fixture,J011,Indiranagar 100ft Road,32825,Weekday,False,Clear,False,0.0,False,False,0.404,Moderate,27.8,24.1,204.9,0.161,0.372,0.967,Moderate traffic flow - standard adaptive signal timing in effect
EVT443838,2025-09-02 07:47:49,Concert,J031,Cubbon Road,8491,Weekday,False,Heavy Rain,True,54.4,False,False,1.0,Severe,8.5,74.0,710.1,0.241,0.556,0.844,Heavy rain reducing visibility and grip - reduced speed and longer buffer advised
EVT443839,2025-07-25 07:00:22,Sports Fixture,J030,MG Road,19612,Weekday,False,Clear,False,0.0,False,False,0.499,Moderate,32.4,33.1,173.1,0.158,0.366,0.941,Moderate traffic flow - standard adaptive signal timing in effect
EVT443840,2025-07-16 07:51:12,Local Market Day,J020,Malleshwaram Circle,4205,Weekday,False,Heavy Rain,True,66.2,False,False,0.977,Severe,11.9,63.9,268.3,0.135,0.312,0.853,Heavy rain reducing visibility and grip - reduced speed and longer buffer advised
EVT443841,2025-06-08 09:30:54,Sports Fixture,J009,Majestic,20177,Weekend,False,Heavy Rain,True,42.7,False,False,1.0,Severe,10.2,76.3,487.2,0.181,0.419,0.873,Heavy rain reducing visibility and grip - reduced speed and longer buffer advised
EVT443842,2025-12-07 19:11:54,Local Market Day,J040,City Market,4998,Weekend,False,Clear,False,0.0,False,False,0.822,Severe,13.6,59.2,336.2,0.153,0.352,0.953,Heavy congestion detected - signal timing extended and reroute suggested
EVT443843,2026-05-11 18:22:07,Sports Fixture,J011,Indiranagar 100ft Road,34920,Weekday,False,Rain,True,8.6,False,False,1.0,Severe,8.1,76.7,513.2,0.175,0.405,0.869,Heavy rain reducing visibility and grip - reduced speed and longer buffer advised
EVT443844,2025-08-10 08:22:45,Concert,J030,MG Road,16738,Weekend,False,Rain,True,20.7,False,False,1.0,Severe,8.5,73.3,402.7,0.151,0.348,0.875,Heavy rain reducing visibility and grip - reduced speed and longer buffer advised
EVT443845,2026-02-27 18:27:56,Political Rally,J040,City Market,18583,Weekday,False,Clear,False,0.0,False,False,1.0,Severe,7.1,70.0,822.3,0.244,0.565,0.92,Heavy congestion detected - signal timing extended and reroute suggested
EVT443846,2026-06-02 17:58:49,Concert,J009,Majestic,11134,Weekday,False,Light Rain,True,5.3,False,False,1.0,Severe,6.0,69.5,1087.3,0.279,0.645,0.875,Heavy rain reducing visibility and grip - reduced speed and longer buffer advised
EVT443847,2025-07-24 15:59:07,Trade Fair,J020,Malleshwaram Circle,10133,Weekday,False,Heavy Rain,True,54.2,False,False,0.675,High,20.2,53.1,301.6,0.181,0.419,0.93,Heavy rain reducing visibility and grip - reduced speed and longer buffer advised
EVT443848,2025-05-19 20:40:40,Local Market Day,J011,Indiranagar 100ft Road,4373,Weekday,False,Clear,False,0.0,False,False,0.423,Moderate,27.0,32.7,138.6,0.083,0.192,0.952,Moderate traffic flow - standard adaptive signal timing in effect
EVT443849,2025-06-28 14:03:07,Sports Fixture,J012,Koramangala Sony World,11359,Weekend,False,Heavy Rain,True,33.7,False,False,0.653,High,23.0,47.1,151.1,0.111,0.256,0.912,Heavy rain reducing visibility and grip - reduced speed and longer buffer advised
EVT443850,2025-11-02 14:14:21,Religious Festival,J011,Indiranagar 100ft Road,58439,Weekend,True,Clear,False,0.0,False,True,1.0,Severe,8.9,96.8,762.6,0.285,0.657,0.846,Road closure for event/procession - full detour recommended for through-traffic
EVT443851,2025-07-03 15:41:55,Local Market Day,J030,MG Road,4854,Weekday,False,Heavy Rain,True,74.7,False,False,0.702,High,16.0,43.6,292.0,0.17,0.392,0.916,Heavy rain reducing visibility and grip - reduced speed and longer buffer advised
EVT443852,2026-03-21 14:05:14,Local Market Day,J040,City Market,5493,Weekend,False,Clear,False,0.0,False,False,0.269,Low,28.3,16.7,156.0,0.13,0.301,0.983,Moderate traffic flow - standard adaptive signal timing in effect
EVT443853,2026-06-21 15:34:33,Trade Fair,J011,Indiranagar 100ft Road,13855,Weekend,False,Heavy Rain,True,28.8,False,False,0.656,High,20.3,42.9,226.1,0.154,0.355,0.912,Heavy rain reducing visibility and grip - reduced speed and longer buffer advised
EVT443854,2025-07-22 08:05:51,Local Market Day,J031,Cubbon Road,2210,Weekday,False,Clear,False,0.0,False,False,0.834,Severe,13.2,65.5,372.5,0.186,0.43,0.926,Heavy congestion detected - signal timing extended and reroute suggested
EVT443855,2026-04-08 23:52:58,Concert,J020,Malleshwaram Circle,9898,Weekday,False,Clear,False,0.0,False,False,0.237,Low,31.8,21.1,215.6,0.176,0.406,0.989,Normal free-flow traffic - standard signal timing maintained
EVT443856,2025-04-19 21:00:29,Concert,J030,MG Road,11903,Weekend,False,Clear,False,0.0,False,False,0.527,Moderate,22.0,41.1,252.1,0.155,0.358,0.97,Moderate traffic flow - standard adaptive signal timing in effect
EVT443857,2025-12-02 19:25:12,Local Market Day,J031,Cubbon Road,1952,Weekday,False,Clear,False,0.0,False,False,0.871,Severe,13.4,60.7,354.2,0.169,0.39,0.922,Heavy congestion detected - signal timing extended and reroute suggested
EVT443858,2025-07-06 19:42:13,Local Market Day,J023,Basavanagudi,5000,Weekend,False,Fog,False,0.0,True,False,1.0,Severe,8.6,68.1,443.6,0.172,0.397,0.768,Accident detected nearby - reroute and reduced speed advised
EVT443859,2026-02-12 19:56:34,Political Rally,J009,Majestic,21405,Weekday,False,Clear,False,0.0,False,False,0.916,Severe,10.7,67.6,319.0,0.141,0.326,0.943,Heavy congestion detected - signal timing extended and reroute suggested
EVT443860,2026-01-19 20:38:30,Sports Fixture,J030,MG Road,21198,Weekday,False,Clear,False,0.0,False,False,0.592,High,21.9,40.1,190.0,0.12,0.278,0.947,Moderate traffic flow - standard adaptive signal timing in effect
EVT443861,2025-05-26 15:21:08,Local Market Day,J012,Koramangala Sony World,5856,Weekday,False,Light Rain,True,7.1,False,False,0.438,Moderate,25.4,26.6,167.3,0.125,0.289,0.938,Light rain detected - minor speed reduction advised
EVT443862,2025-09-11 15:30:49,Political Rally,J040,City Market,17744,Weekday,False,Rain,True,24.9,False,False,0.648,High,20.4,44.8,316.2,0.21,0.486,0.922,Heavy rain reducing visibility and grip - reduced speed and longer buffer advised
EVT443863,2026-01-14 08:03:29,Cultural Procession,J030,MG Road,15043,Weekday,True,Clear,False,0.0,False,True,1.0,Severe,7.5,100.7,338.5,0.124,0.287,0.812,Road closure for event/procession - full detour recommended for through-traffic
EVT443864,2025-02-28 19:27:29,Political Rally,J011,Indiranagar 100ft Road,12709,Weekday,False,Clear,False,0.0,False,False,1.0,Severe,7.0,74.1,517.0,0.172,0.398,0.898,Heavy congestion detected - signal timing extended and reroute suggested
EVT443865,2025-01-06 07:21:55,Trade Fair,J012,Koramangala Sony World,18758,Weekday,False,Clear,False,0.0,False,False,0.624,High,16.9,41.8,356.3,0.204,0.471,0.971,Moderate traffic flow - standard adaptive signal timing in effect
EVT443866,2026-05-22 20:52:38,Sports Fixture,J040,City Market,25458,Weekday,False,Clear,False,0.0,False,False,0.576,High,21.2,42.8,261.6,0.17,0.392,0.93,Moderate traffic flow - standard adaptive signal timing in effect
EVT443867,2026-03-09 08:17:02,Political Rally,J012,Koramangala Sony World,16488,Weekday,False,Clear,False,0.0,False,False,0.971,Severe,9.9,64.2,629.1,0.242,0.56,0.936,Heavy congestion detected - signal timing extended and reroute suggested
EVT443868,2025-02-17 15:07:11,Sports Fixture,J011,Indiranagar 100ft Road,21065,Weekday,False,Clear,False,0.0,False,False,0.387,Moderate,29.7,25.8,193.6,0.163,0.378,0.958,Moderate traffic flow - standard adaptive signal timing in effect
EVT443869,2025-09-01 08:55:07,Sports Fixture,J020,Malleshwaram Circle,16708,Weekday,False,Rain,True,12.9,False,False,1.0,Severe,8.0,67.3,699.3,0.214,0.495,0.845,Heavy rain reducing visibility and grip - reduced speed and longer buffer advised
EVT443870,2025-11-07 17:28:54,Sports Fixture,J011,Indiranagar 100ft Road,18684,Weekday,False,Clear,False,0.0,False,False,0.964,Severe,9.3,66.6,544.1,0.202,0.466,0.949,Heavy congestion detected - signal timing extended and reroute suggested
EVT443871,2025-03-26 10:19:41,Local Market Day,J031,Cubbon Road,4406,Weekday,False,Clear,False,0.0,False,False,0.648,High,24.4,38.6,123.0,0.08,0.184,0.981,Moderate traffic flow - standard adaptive signal timing in effect
EVT443872,2025-04-16 19:16:30,Local Market Day,J031,Cubbon Road,3576,Weekday,False,Light Rain,True,6.7,False,False,0.974,Severe,10.8,71.5,394.7,0.17,0.392,0.88,Heavy rain reducing visibility and grip - reduced speed and longer buffer advised
EVT443873,2025-07-28 18:33:15,Local Market Day,J009,Majestic,6037,Weekday,False,Heavy Rain,True,43.2,False,False,1.0,Severe,8.1,72.9,592.3,0.196,0.452,0.88,Heavy rain reducing visibility and grip - reduced speed and longer buffer advised
EVT443874,2025-12-27 11:34:04,Local Market Day,J023,Basavanagudi,3007,Weekend,False,Clear,False,0.0,False,False,0.38,Moderate,30.4,27.7,227.9,0.184,0.425,0.963,Moderate traffic flow - standard adaptive signal timing in effect
EVT443875,2025-02-04 11:55:52,Political Rally,J031,Cubbon Road,18242,Weekday,False,Clear,False,0.0,False,False,0.283,Low,27.3,22.6,185.3,0.145,0.336,0.94,Moderate traffic flow - standard adaptive signal timing in effect
EVT443876,2025-11-18 08:38:54,Political Rally,J031,Cubbon Road,15063,Weekday,False,Clear,False,0.0,False,False,1.0,Severe,8.0,74.3,827.7,0.276,0.637,0.894,Heavy congestion detected - signal timing extended and reroute suggested
EVT443877,2025-04-07 11:42:54,Cultural Procession,J012,Koramangala Sony World,14306,Weekday,True,Rain,True,11.6,False,True,0.844,High,13.0,81.6,293.0,0.139,0.322,0.823,Road closure for event/procession - full detour recommended for through-traffic
EVT443878,2026-02-13 08:00:31,Concert,J023,Basavanagudi,16089,Weekday,False,Clear,False,0.0,False,False,0.846,Severe,12.6,58.1,246.2,0.129,0.298,0.929,Heavy congestion detected - signal timing extended and reroute suggested
EVT443879,2025-08-21 00:28:32,Concert,J020,Malleshwaram Circle,22375,Weekday,False,Light Rain,True,4.4,False,False,0.385,Moderate,27.1,28.8,106.0,0.076,0.175,0.944,Light rain detected - minor speed reduction advised
EVT443880,2026-02-02 17:56:40,Sports Fixture,J023,Basavanagudi,17851,Weekday,False,Clear,False,0.0,False,False,1.0,Severe,7.9,66.2,661.9,0.197,0.454,0.931,Heavy congestion detected - signal timing extended and reroute suggested
EVT443881,2025-05-14 07:40:42,Local Market Day,J023,Basavanagudi,4620,Weekday,False,Clear,False,0.0,False,False,0.678,High,19.6,46.9,220.4,0.17,0.392,0.938,Moderate traffic flow - standard adaptive signal timing in effect
EVT443882,2026-01-05 19:13:35,Local Market Day,J023,Basavanagudi,4900,Weekday,False,Clear,False,0.0,False,False,0.93,Severe,11.0,68.4,318.7,0.136,0.313,0.903,Heavy congestion detected - signal timing extended and reroute suggested
EVT443883,2025-01-21 16:02:53,Local Market Day,J011,Indiranagar 100ft Road,4745,Weekday,False,Clear,False,0.0,False,False,0.421,Moderate,26.2,29.9,153.0,0.119,0.275,0.978,Moderate traffic flow - standard adaptive signal timing in effect
EVT443884,2025-04-14 11:32:57,Cultural Procession,J012,Koramangala Sony World,11367,Weekday,True,Clear,False,0.0,False,True,0.674,Moderate,19.1,66.6,455.7,0.245,0.566,0.88,Road closure for event/procession - full detour recommended for through-traffic
EVT443885,2025-11-16 01:08:54,Local Market Day,J020,Malleshwaram Circle,4821,Weekend,False,Clear,False,0.0,False,False,0.306,Low,25.0,25.6,266.0,0.205,0.473,0.99,Moderate traffic flow - standard adaptive signal timing in effect
EVT443886,2025-12-10 13:10:04,Trade Fair,J030,MG Road,13972,Weekday,False,Clear,False,0.0,False,False,0.24,Low,35.9,15.1,42.5,0.033,0.075,0.971,Normal free-flow traffic - standard signal timing maintained
EVT443887,2025-12-25 20:25:12,Religious Festival,J012,Koramangala Sony World,32796,Weekday,True,Clear,False,0.0,False,True,1.0,Severe,8.4,104.0,640.2,0.227,0.523,0.855,Road closure for event/procession - full detour recommended for through-traffic
EVT443888,2026-01-22 14:51:59,Sports Fixture,J020,Malleshwaram Circle,26270,Weekday,False,Clear,False,0.0,False,False,0.343,Low,27.3,25.2,147.8,0.114,0.264,0.963,Moderate traffic flow - standard adaptive signal timing in effect
EVT443889,2025-06-29 11:38:38,Concert,J011,Indiranagar 100ft Road,9969,Weekend,False,Clear,False,0.0,False,False,0.363,Moderate,34.8,27.7,162.7,0.151,0.349,0.971,Moderate traffic flow - standard adaptive signal timing in effect
EVT443890,2026-05-17 14:53:34,Local Market Day,J040,City Market,4190,Weekend,False,Clear,False,0.0,False,False,0.308,Low,27.8,19.5,159.8,0.119,0.275,0.966,Moderate traffic flow - standard adaptive signal timing in effect
EVT443891,2025-08-12 16:06:12,Concert,J011,Indiranagar 100ft Road,10880,Weekday,False,Heavy Rain,True,27.1,False,False,0.822,Severe,12.1,57.7,429.2,0.212,0.489,0.936,Heavy rain reducing visibility and grip - reduced speed and longer buffer advised
EVT443892,2025-07-22 21:43:26,Trade Fair,J009,Majestic,7678,Weekday,False,Clear,False,0.0,False,False,0.37,Moderate,34.1,22.6,121.0,0.114,0.264,0.975,Moderate traffic flow - standard adaptive signal timing in effect
EVT443893,2025-05-26 09:13:45,Trade Fair,J023,Basavanagudi,8839,Weekday,False,Clear,False,0.0,False,False,1.0,Severe,7.3,70.3,519.6,0.175,0.403,0.895,Heavy congestion detected - signal timing extended and reroute suggested
EVT443894,2026-01-28 21:23:20,Trade Fair,J031,Cubbon Road,9118,Weekday,False,Fog,False,0.0,False,False,0.295,Low,27.1,19.9,323.1,0.248,0.573,0.99,Moderate traffic flow - standard adaptive signal timing in effect
EVT443895,2025-09-19 06:44:25,Trade Fair,J031,Cubbon Road,6285,Weekday,False,Clear,False,0.0,False,False,0.426,Moderate,27.7,26.4,197.4,0.162,0.374,0.978,Moderate traffic flow - standard adaptive signal timing in effect
EVT443896,2026-06-29 07:55:38,Local Market Day,J040,City Market,4072,Weekday,False,Heavy Rain,True,39.5,False,False,1.0,Severe,7.6,73.6,374.2,0.121,0.28,0.869,Heavy rain reducing visibility and grip - reduced speed and longer buffer advised
EVT443897,2025-06-30 23:23:10,Trade Fair,J020,Malleshwaram Circle,10759,Weekday,False,Rain,True,12.5,False,False,0.368,Moderate,27.7,22.9,80.4,0.048,0.111,0.929,Light rain detected - minor speed reduction advised
EVT443898,2025-03-18 21:24:18,Trade Fair,J031,Cubbon Road,10047,Weekday,False,Clear,False,0.0,False,False,0.397,Moderate,24.2,29.1,286.0,0.2,0.463,0.969,Moderate traffic flow - standard adaptive signal timing in effect
EVT443899,2026-05-15 17:37:41,Local Market Day,J009,Majestic,4356,Weekday,False,Clear,False,0.0,False,False,0.939,Severe,11.4,66.2,454.2,0.208,0.48,0.936,Heavy congestion detected - signal timing extended and reroute suggested
EVT443900,2025-03-16 08:08:13,Sports Fixture,J011,Indiranagar 100ft Road,17800,Weekend,False,Clear,False,0.0,False,False,0.785,Severe,15.0,57.3,293.1,0.145,0.335,0.951,Heavy congestion detected - signal timing extended and reroute suggested
EVT443901,2025-07-31 11:58:33,Concert,J020,Malleshwaram Circle,14182,Weekday,False,Heavy Rain,True,26.4,False,False,0.503,Moderate,22.5,33.5,245.3,0.159,0.368,0.921,Light rain detected - minor speed reduction advised
EVT443902,2026-03-25 08:11:46,Trade Fair,J031,Cubbon Road,7060,Weekday,False,Clear,False,0.0,False,False,0.809,Severe,15.8,58.8,454.3,0.279,0.644,0.942,Heavy congestion detected - signal timing extended and reroute suggested
EVT443903,2025-10-16 17:30:06,Concert,J009,Majestic,12545,Weekday,False,Rain,True,20.1,False,False,1.0,Severe,8.8,65.9,604.9,0.207,0.477,0.873,Heavy rain reducing visibility and grip - reduced speed and longer buffer advised
EVT443904,2025-10-29 16:24:26,Sports Fixture,J011,Indiranagar 100ft Road,20765,Weekday,False,Clear,False,0.0,False,False,0.67,High,20.2,45.4,284.8,0.188,0.434,0.961,Moderate traffic flow - standard adaptive signal timing in effect
EVT443905,2026-04-01 11:30:50,Political Rally,J020,Malleshwaram Circle,14452,Weekday,False,Light Rain,True,4.4,False,False,0.381,Moderate,28.1,29.7,176.3,0.135,0.311,0.901,Light rain detected - minor speed reduction advised
EVT443906,2026-02-02 21:45:49,Trade Fair,J023,Basavanagudi,8669,Weekday,False,Light Rain,True,1.2,False,False,0.356,Moderate,32.5,24.8,197.4,0.179,0.413,0.874,Light rain detected - minor speed reduction advised
EVT443907,2025-07-09 15:14:51,Concert,J011,Indiranagar 100ft Road,9128,Weekday,False,Clear,False,0.0,False,False,0.358,Moderate,27.4,27.1,189.0,0.144,0.333,0.99,Moderate traffic flow - standard adaptive signal timing in effect
EVT443908,2026-03-31 15:07:56,Local Market Day,J009,Majestic,3493,Weekday,False,Clear,False,0.0,False,False,0.234,Low,30.0,19.2,167.6,0.124,0.286,0.99,Normal free-flow traffic - standard signal timing maintained
EVT443909,2025-07-12 19:06:38,Trade Fair,J020,Malleshwaram Circle,13673,Weekend,False,Heavy Rain,True,66.2,False,False,1.0,Severe,7.0,71.4,590.2,0.17,0.393,0.871,Heavy rain reducing visibility and grip - reduced speed and longer buffer advised
EVT443910,2025-11-26 18:53:18,Concert,J023,Basavanagudi,16446,Weekday,False,Clear,False,0.0,False,False,1.0,Severe,10.0,76.0,377.9,0.156,0.361,0.923,Heavy congestion detected - signal timing extended and reroute suggested
EVT443911,2025-02-16 15:21:36,Concert,J031,Cubbon Road,13958,Weekend,False,Clear,False,0.0,False,False,0.349,Low,31.7,31.4,189.4,0.153,0.355,0.967,Moderate traffic flow - standard adaptive signal timing in effect
EVT443912,2026-03-06 21:26:07,Local Market Day,J011,Indiranagar 100ft Road,4460,Weekday,False,Clear,False,0.0,False,False,0.324,Low,24.9,21.3,133.8,0.085,0.196,0.973,Moderate traffic flow - standard adaptive signal timing in effect
EVT443913,2025-02-07 18:59:23,Trade Fair,J009,Majestic,5362,Weekday,False,Clear,False,0.0,False,False,1.0,Severe,9.5,66.1,694.6,0.237,0.546,0.925,Heavy congestion detected - signal timing extended and reroute suggested
EVT443914,2025-12-17 08:21:00,Local Market Day,J012,Koramangala Sony World,4729,Weekday,False,Clear,False,0.0,False,False,0.863,Severe,14.1,65.6,424.6,0.225,0.521,0.94,Heavy congestion detected - signal timing extended and reroute suggested
EVT443915,2025-07-11 17:19:20,Local Market Day,J011,Indiranagar 100ft Road,3981,Weekday,False,Clear,False,0.0,False,False,0.771,Severe,12.6,56.4,395.9,0.173,0.4,0.975,Heavy congestion detected - signal timing extended and reroute suggested
EVT443916,2025-01-25 19:06:28,Local Market Day,J012,Koramangala Sony World,3951,Weekend,False,Clear,False,0.0,False,False,0.873,Severe,14.0,60.8,202.6,0.114,0.262,0.932,Heavy congestion detected - signal timing extended and reroute suggested
EVT443917,2025-11-29 17:07:01,Local Market Day,J012,Koramangala Sony World,5376,Weekend,False,Clear,False,0.0,False,False,0.658,High,19.2,47.5,307.9,0.196,0.453,0.984,Moderate traffic flow - standard adaptive signal timing in effect
EVT443918,2025-04-22 17:26:10,Political Rally,J040,City Market,13713,Weekday,False,Clear,False,0.0,False,False,0.927,Severe,9.1,69.7,797.7,0.283,0.654,0.938,Heavy congestion detected - signal timing extended and reroute suggested
EVT443919,2025-01-11 09:28:46,Sports Fixture,J031,Cubbon Road,29921,Weekend,False,Clear,False,0.0,False,False,1.0,Severe,7.8,66.9,560.7,0.17,0.394,0.908,Heavy congestion detected - signal timing extended and reroute suggested
EVT443920,2025-05-27 11:19:17,Local Market Day,J030,MG Road,3590,Weekday,False,Clear,False,0.0,False,False,0.281,Low,28.6,18.1,201.2,0.159,0.367,0.982,Moderate traffic flow - standard adaptive signal timing in effect
EVT443921,2025-12-02 07:30:25,Concert,J023,Basavanagudi,9457,Weekday,False,Clear,False,0.0,False,False,0.656,High,19.6,51.1,233.6,0.15,0.347,0.977,Moderate traffic flow - standard adaptive signal timing in effect
EVT443922,2025-04-24 18:29:13,Local Market Day,J030,MG Road,3179,Weekday,False,Clear,False,0.0,False,False,1.0,Severe,6.4,77.3,1016.8,0.273,0.63,0.908,Heavy congestion detected - signal timing extended and reroute suggested
EVT443923,2026-06-26 08:23:33,Concert,J009,Majestic,18501,Weekday,False,Light Rain,True,7.2,False,False,1.0,Severe,9.7,75.3,501.2,0.221,0.511,0.863,Heavy rain reducing visibility and grip - reduced speed and longer buffer advised
EVT443924,2026-03-12 15:34:39,Trade Fair,J030,MG Road,9736,Weekday,False,Clear,False,0.0,False,False,0.387,Moderate,23.4,25.7,85.6,0.051,0.117,0.967,Moderate traffic flow - standard adaptive signal timing in effect
EVT443925,2026-05-07 08:12:43,Political Rally,J020,Malleshwaram Circle,13716,Weekday,False,Clear,False,0.0,False,False,0.829,Severe,13.0,66.2,305.8,0.137,0.316,0.923,Heavy congestion detected - signal timing extended and reroute suggested
EVT443926,2026-01-06 10:09:15,Concert,J012,Koramangala Sony World,8947,Weekday,False,Clear,False,0.0,False,False,0.785,Severe,16.8,53.7,319.1,0.189,0.436,0.942,Heavy congestion detected - signal timing extended and reroute suggested
EVT443927,2025-09-29 10:27:20,Trade Fair,J030,MG Road,6436,Weekday,False,Clear,False,0.0,False,False,0.628,High,18.9,45.3,144.8,0.081,0.188,0.944,Moderate traffic flow - standard adaptive signal timing in effect
EVT443928,2026-02-26 17:22:33,Concert,J012,Koramangala Sony World,24389,Weekday,False,Clear,False,0.0,False,False,1.0,Severe,10.4,73.9,581.3,0.247,0.57,0.932,Heavy congestion detected - signal timing extended and reroute suggested
EVT443929,2025-06-02 20:56:55,Sports Fixture,J020,Malleshwaram Circle,15728,Weekday,False,Heavy Rain,True,33.1,False,False,0.875,Severe,9.6,67.7,799.1,0.275,0.635,0.901,Heavy rain reducing visibility and grip - reduced speed and longer buffer advised
EVT443930,2026-05-22 14:53:42,Local Market Day,J031,Cubbon Road,4418,Weekday,False,Clear,False,0.0,False,False,0.191,Low,38.9,16.1,146.9,0.142,0.329,0.973,Normal free-flow traffic - standard signal timing maintained
EVT443931,2025-06-02 22:03:10,Sports Fixture,J040,City Market,30046,Weekday,False,Clear,False,0.0,False,False,0.485,Moderate,24.3,41.0,257.2,0.19,0.438,0.961,Moderate traffic flow - standard adaptive signal timing in effect
EVT443932,2025-08-01 21:38:02,Concert,J012,Koramangala Sony World,9591,Weekday,False,Clear,False,0.0,False,False,0.428,Moderate,26.7,31.8,134.5,0.097,0.223,0.962,Moderate traffic flow - standard adaptive signal timing in effect
EVT443933,2026-01-06 12:01:55,Concert,J040,City Market,8334,Weekday,False,Clear,False,0.0,False,False,0.194,Low,28.6,9.2,180.3,0.13,0.299,0.96,Normal free-flow traffic - standard signal timing maintained
EVT443934,2025-04-06 08:08:38,Religious Festival,J009,Majestic,38063,Weekend,True,Clear,False,0.0,False,True,1.0,Severe,9.6,108.6,666.1,0.252,0.582,0.834,Road closure for event/procession - full detour recommended for through-traffic
EVT443935,2025-06-09 19:27:17,Local Market Day,J012,Koramangala Sony World,4468,Weekday,False,Rain,True,24.6,False,False,1.0,Severe,8.1,70.3,295.8,0.099,0.229,0.884,Heavy rain reducing visibility and grip - reduced speed and longer buffer advised
EVT443936,2025-03-22 14:32:29,Sports Fixture,J020,Malleshwaram Circle,23796,Weekend,False,Clear,False,0.0,False,False,0.42,Moderate,24.1,29.0,179.5,0.101,0.233,0.967,Moderate traffic flow - standard adaptive signal timing in effect
EVT443937,2025-07-26 16:58:40,Local Market Day,J009,Majestic,6448,Weekend,False,Heavy Rain,True,26.9,False,False,0.959,Severe,7.8,66.8,531.6,0.175,0.403,0.874,Heavy rain reducing visibility and grip - reduced speed and longer buffer advised
EVT443938,2025-12-19 16:06:32,Trade Fair,J012,Koramangala Sony World,6026,Weekday,False,Clear,False,0.0,False,False,0.481,Moderate,17.0,31.3,254.3,0.133,0.308,0.984,Moderate traffic flow - standard adaptive signal timing in effect
EVT443939,2025-02-06 16:58:18,Sports Fixture,J040,City Market,24054,Weekday,False,Clear,False,0.0,False,False,0.958,Severe,6.8,72.4,659.7,0.192,0.443,0.907,Heavy congestion detected - signal timing extended and reroute suggested
EVT443940,2025-09-05 06:31:10,Religious Festival,J009,Majestic,38129,Weekday,True,Fog,False,0.0,False,False,0.803,Severe,15.8,59.1,183.2,0.106,0.246,0.891,Festival crowd surge detected - alternate route and extended cycle recommended
EVT443941,2025-12-10 10:37:18,Sports Fixture,J020,Malleshwaram Circle,30306,Weekday,False,Clear,False,0.0,False,False,0.752,Severe,18.3,49.8,201.9,0.113,0.261,0.956,Heavy congestion detected - signal timing extended and reroute suggested
EVT443942,2025-09-17 22:20:51,Local Market Day,J023,Basavanagudi,2741,Weekday,False,Clear,False,0.0,False,False,0.155,Low,38.7,14.4,162.1,0.169,0.391,0.97,Normal free-flow traffic - standard signal timing maintained
EVT443943,2026-04-09 20:04:19,Sports Fixture,J040,City Market,17795,Weekday,False,Clear,False,0.0,False,False,0.769,Severe,12.5,57.7,286.6,0.146,0.337,0.989,Heavy congestion detected - signal timing extended and reroute suggested
EVT443944,2025-08-19 21:39:50,Local Market Day,J011,Indiranagar 100ft Road,5404,Weekday,False,Clear,False,0.0,False,False,0.264,Low,32.1,20.9,88.2,0.068,0.158,0.962,Moderate traffic flow - standard adaptive signal timing in effect
EVT443945,2025-01-18 13:25:47,Concert,J012,Koramangala Sony World,7267,Weekend,False,Clear,False,0.0,False,False,0.307,Low,31.0,22.4,79.0,0.05,0.115,0.955,Moderate traffic flow - standard adaptive signal timing in effect
EVT443946,2025-01-16 14:43:06,Local Market Day,J020,Malleshwaram Circle,2751,Weekday,False,Fog,False,0.0,False,False,0.169,Low,38.6,11.5,97.3,0.08,0.184,0.965,Normal free-flow traffic - standard signal timing maintained
EVT443947,2025-05-13 09:59:36,Local Market Day,J040,City Market,5409,Weekday,False,Clear,False,0.0,False,False,0.849,Severe,14.8,65.0,467.7,0.265,0.611,0.928,Heavy congestion detected - signal timing extended and reroute suggested
EVT443948,2026-04-06 17:10:30,Concert,J012,Koramangala Sony World,18833,Weekday,False,Clear,False,0.0,False,False,0.856,Severe,16.4,59.4,488.6,0.277,0.639,0.939,Heavy congestion detected - signal timing extended and reroute suggested
EVT443949,2025-10-28 21:37:53,Sports Fixture,J040,City Market,25271,Weekday,False,Clear,False,0.0,False,False,0.475,Moderate,26.8,35.4,199.9,0.155,0.358,0.94,Moderate traffic flow - standard adaptive signal timing in effect
EVT443950,2025-10-19 13:13:43,Political Rally,J031,Cubbon Road,21017,Weekend,False,Heavy Rain,True,32.6,False,False,0.668,High,19.1,47.1,154.5,0.096,0.221,0.931,Heavy rain reducing visibility and grip - reduced speed and longer buffer advised
EVT443951,2025-08-26 18:08:50,Concert,J009,Majestic,21854,Weekday,False,Clear,False,0.0,False,False,1.0,Severe,7.2,72.2,542.3,0.174,0.401,0.91,Heavy congestion detected - signal timing extended and reroute suggested
EVT443952,2025-10-23 04:30:52,Political Rally,J009,Majestic,10657,Weekday,False,Light Rain,True,6.3,False,False,0.325,Low,29.4,27.0,105.6,0.073,0.17,0.896,Light rain detected - minor speed reduction advised
EVT443953,2025-01-27 15:42:04,Fireworks Display,J030,MG Road,23075,Weekday,True,Clear,False,0.0,False,False,0.667,High,18.9,52.1,182.0,0.093,0.215,0.9,Festival crowd surge detected - alternate route and extended cycle recommended
EVT443954,2025-11-19 09:21:35,Sports Fixture,J009,Majestic,19685,Weekday,False,Clear,False,0.0,False,False,1.0,Severe,8.6,72.6,311.8,0.135,0.311,0.923,Heavy congestion detected - signal timing extended and reroute suggested
EVT443955,2026-02-28 15:45:23,Sports Fixture,J009,Majestic,15954,Weekend,False,Clear,False,0.0,False,False,0.405,Moderate,22.4,23.3,252.0,0.147,0.339,0.978,Moderate traffic flow - standard adaptive signal timing in effect
EVT443956,2025-12-05 05:22:12,Local Market Day,J030,MG Road,3074,Weekday,False,Clear,False,0.0,False,False,0.241,Low,30.2,18.8,159.3,0.113,0.261,0.953,Normal free-flow traffic - standard signal timing maintained
EVT443957,2025-03-08 20:52:41,Trade Fair,J020,Malleshwaram Circle,6564,Weekend,False,Light Rain,True,2.3,False,False,0.464,Moderate,25.4,35.2,189.2,0.125,0.289,0.912,Light rain detected - minor speed reduction advised
EVT443958,2025-05-25 21:11:32,Sports Fixture,J030,MG Road,15806,Weekend,False,Clear,False,0.0,False,False,0.468,Moderate,25.1,33.2,136.8,0.097,0.224,0.978,Moderate traffic flow - standard adaptive signal timing in effect
EVT443959,2025-05-02 08:29:13,Fireworks Display,J020,Malleshwaram Circle,18773,Weekday,True,Clear,False,0.0,False,False,1.0,Severe,10.5,72.9,715.5,0.263,0.607,0.833,Festival crowd surge detected - alternate route and extended cycle recommended
EVT443960,2025-04-13 09:20:30,Trade Fair,J011,Indiranagar 100ft Road,8959,Weekend,False,Fog,False,0.0,False,False,0.946,Severe,12.0,63.8,427.6,0.213,0.491,0.902,Heavy congestion detected - signal timing extended and reroute suggested
EVT443961,2026-03-19 16:03:12,Religious Festival,J012,Koramangala Sony World,50008,Weekday,True,Clear,False,0.0,False,False,0.931,Severe,9.6,66.0,638.1,0.251,0.579,0.882,Festival crowd surge detected - alternate route and extended cycle recommended
EVT443962,2025-07-29 10:40:07,Local Market Day,J040,City Market,2194,Weekday,False,Clear,False,0.0,False,False,0.567,High,19.5,42.8,309.0,0.198,0.457,0.975,Moderate traffic flow - standard adaptive signal timing in effect
EVT443963,2026-02-03 11:09:36,Sports Fixture,J011,Indiranagar 100ft Road,36262,Weekday,False,Clear,False,0.0,False,False,0.528,Moderate,21.4,34.7,142.1,0.093,0.215,0.945,Moderate traffic flow - standard adaptive signal timing in effect
EVT443964,2025-01-05 15:20:59,Political Rally,J023,Basavanagudi,7400,Weekend,False,Clear,False,0.0,False,False,0.364,Moderate,28.5,27.4,150.1,0.109,0.251,0.936,Moderate traffic flow - standard adaptive signal timing in effect
EVT443965,2025-11-03 06:24:40,Concert,J011,Indiranagar 100ft Road,18938,Weekday,False,Clear,False,0.0,False,False,0.316,Low,27.7,15.9,92.3,0.068,0.158,0.964,Moderate traffic flow - standard adaptive signal timing in effect
EVT443966,2025-11-24 16:38:20,Concert,J012,Koramangala Sony World,13562,Weekday,False,Fog,False,0.0,False,False,0.608,High,22.0,44.7,185.3,0.136,0.315,0.954,Moderate traffic flow - standard adaptive signal timing in effect
EVT443967,2025-12-06 11:57:46,Sports Fixture,J011,Indiranagar 100ft Road,27397,Weekend,False,Light Rain,True,0.4,False,False,0.433,Moderate,25.8,26.3,217.0,0.168,0.387,0.928,Light rain detected - minor speed reduction advised
EVT443968,2025-04-23 09:20:00,Local Market Day,J023,Basavanagudi,4037,Weekday,False,Clear,False,0.0,False,False,1.0,Severe,9.1,70.2,435.1,0.171,0.395,0.912,Heavy congestion detected - signal timing extended and reroute suggested
EVT443969,2025-01-07 14:30:40,Trade Fair,J023,Basavanagudi,12505,Weekday,False,Clear,False,0.0,False,False,0.34,Low,26.6,26.6,117.6,0.103,0.237,0.973,Moderate traffic flow - standard adaptive signal timing in effect
EVT443970,2025-05-24 08:06:18,Sports Fixture,J020,Malleshwaram Circle,14069,Weekend,False,Fog,False,0.0,False,False,0.774,Severe,17.3,55.3,276.3,0.18,0.416,0.972,Heavy congestion detected - signal timing extended and reroute suggested
EVT443971,2025-05-04 15:52:57,Trade Fair,J031,Cubbon Road,18177,Weekend,False,Clear,False,0.0,False,False,0.568,High,27.1,44.4,248.4,0.215,0.496,0.958,Moderate traffic flow - standard adaptive signal timing in effect
EVT443972,2025-09-23 08:37:15,Sports Fixture,J030,MG Road,30694,Weekday,False,Fog,False,0.0,False,False,1.0,Severe,8.8,71.4,485.2,0.171,0.395,0.924,Heavy congestion detected - signal timing extended and reroute suggested
EVT443973,2026-04-30 00:15:54,Concert,J009,Majestic,5576,Weekday,False,Fog,False,0.0,False,False,0.211,Low,28.9,7.9,225.4,0.157,0.363,0.942,Normal free-flow traffic - standard signal timing maintained
EVT443974,2025-08-04 17:00:59,Local Market Day,J031,Cubbon Road,6522,Weekday,False,Clear,False,0.0,False,False,0.683,High,19.0,43.0,280.5,0.164,0.379,0.943,Moderate traffic flow - standard adaptive signal timing in effect
EVT443975,2025-03-20 09:48:10,Concert,J023,Basavanagudi,8060,Weekday,False,Clear,False,0.0,False,False,0.901,Severe,8.8,62.6,469.3,0.172,0.398,0.963,Heavy congestion detected - signal timing extended and reroute suggested
EVT443976,2025-01-07 22:01:57,Trade Fair,J023,Basavanagudi,9086,Weekday,False,Fog,False,0.0,False,False,0.213,Low,33.7,9.2,147.6,0.145,0.336,0.947,Normal free-flow traffic - standard signal timing maintained
EVT443977,2025-01-16 15:44:20,Local Market Day,J009,Majestic,3079,Weekday,False,Clear,False,0.0,False,False,0.4,Moderate,23.4,27.9,112.6,0.063,0.146,0.99,Moderate traffic flow - standard adaptive signal timing in effect
EVT443978,2026-02-02 10:31:33,Concert,J040,City Market,8430,Weekday,False,Light Rain,True,5.9,False,False,0.752,Severe,13.3,56.2,296.1,0.136,0.315,0.907,Heavy rain reducing visibility and grip - reduced speed and longer buffer advised
EVT443979,2025-10-10 08:39:03,Trade Fair,J023,Basavanagudi,10224,Weekday,False,Fog,False,0.0,False,False,1.0,Severe,9.4,70.5,679.8,0.25,0.578,0.911,Heavy congestion detected - signal timing extended and reroute suggested
EVT443980,2026-01-14 08:44:06,Religious Festival,J023,Basavanagudi,53816,Weekday,True,Clear,False,0.0,False,False,1.0,Severe,9.4,68.6,653.7,0.264,0.609,0.859,Festival crowd surge detected - alternate route and extended cycle recommended
EVT443981,2025-05-25 10:48:48,Concert,J040,City Market,13185,Weekend,False,Clear,False,0.0,False,False,0.575,High,23.9,36.1,207.0,0.152,0.352,0.951,Moderate traffic flow - standard adaptive signal timing in effect
EVT443982,2025-04-02 17:36:35,Sports Fixture,J030,MG Road,23289,Weekday,False,Clear,False,0.0,False,False,1.0,Severe,5.8,75.8,922.6,0.231,0.534,0.907,Heavy congestion detected - signal timing extended and reroute suggested
EVT443983,2025-07-11 18:00:02,Trade Fair,J012,Koramangala Sony World,7829,Weekday,False,Rain,True,8.4,False,False,1.0,Severe,7.3,62.7,713.7,0.212,0.489,0.869,Heavy rain reducing visibility and grip - reduced speed and longer buffer advised
EVT443984,2025-06-04 10:05:37,Concert,J011,Indiranagar 100ft Road,8049,Weekday,False,Clear,False,0.0,False,False,0.794,Severe,13.6,56.5,507.3,0.243,0.561,0.974,Heavy congestion detected - signal timing extended and reroute suggested
EVT443985,2025-01-05 16:40:28,Sports Fixture,J031,Cubbon Road,24300,Weekend,False,Fog,False,0.0,False,False,0.64,High,18.3,48.7,237.4,0.152,0.35,0.971,Moderate traffic flow - standard adaptive signal timing in effect
EVT443986,2025-07-20 22:29:25,Local Market Day,J030,MG Road,3522,Weekend,False,Heavy Rain,True,29.3,False,False,0.58,High,23.2,42.2,197.6,0.128,0.296,0.922,Heavy rain reducing visibility and grip - reduced speed and longer buffer advised
EVT443987,2026-02-05 20:44:00,Sports Fixture,J011,Indiranagar 100ft Road,21890,Weekday,False,Clear,False,0.0,False,False,0.612,High,22.5,45.7,216.9,0.17,0.392,0.946,Moderate traffic flow - standard adaptive signal timing in effect
EVT443988,2025-04-07 12:33:24,Religious Festival,J009,Majestic,36874,Weekday,True,Clear,False,0.0,False,True,0.722,High,19.5,76.0,395.0,0.252,0.582,0.909,Road closure for event/procession - full detour recommended for through-traffic
EVT443989,2025-03-04 18:14:00,Local Market Day,J020,Malleshwaram Circle,3889,Weekday,False,Clear,False,0.0,False,False,1.0,Severe,9.1,68.4,616.2,0.211,0.487,0.916,Heavy congestion detected - signal timing extended and reroute suggested
EVT443990,2026-04-09 16:31:17,Sports Fixture,J012,Koramangala Sony World,24451,Weekday,False,Clear,False,0.0,False,False,0.678,High,20.6,56.7,242.0,0.174,0.403,0.964,Moderate traffic flow - standard adaptive signal timing in effect
EVT443991,2025-09-21 14:47:24,Concert,J009,Majestic,8651,Weekend,False,Heavy Rain,True,42.6,False,False,0.661,High,19.7,44.5,185.8,0.134,0.309,0.89,Heavy rain reducing visibility and grip - reduced speed and longer buffer advised
EVT443992,2025-01-21 16:54:14,Trade Fair,J040,City Market,6823,Weekday,False,Clear,False,0.0,False,False,0.731,High,17.0,48.4,274.7,0.17,0.392,0.97,Moderate traffic flow - standard adaptive signal timing in effect
EVT443993,2026-06-12 18:34:16,Local Market Day,J011,Indiranagar 100ft Road,2399,Weekday,False,Rain,True,10.0,False,False,1.0,Severe,7.0,70.1,519.3,0.162,0.373,0.857,Heavy rain reducing visibility and grip - reduced speed and longer buffer advised
EVT443994,2025-07-18 10:41:03,Local Market Day,J031,Cubbon Road,4077,Weekday,False,Clear,False,0.0,False,False,0.44,Moderate,21.2,30.1,176.5,0.119,0.275,0.96,Moderate traffic flow - standard adaptive signal timing in effect
EVT443995,2025-03-18 06:45:30,Sports Fixture,J030,MG Road,12861,Weekday,False,Clear,False,0.0,False,False,0.343,Low,30.5,29.9,147.2,0.111,0.257,0.989,Moderate traffic flow - standard adaptive signal timing in effect
EVT443996,2025-08-21 18:38:45,Concert,J030,MG Road,7124,Weekday,False,Clear,False,0.0,False,False,1.0,Severe,8.9,74.2,353.4,0.139,0.321,0.947,Heavy congestion detected - signal timing extended and reroute suggested
EVT443997,2025-04-10 08:00:50,Concert,J023,Basavanagudi,12126,Weekday,False,Rain,True,14.3,False,False,1.0,Severe,9.1,66.5,710.8,0.238,0.549,0.84,Heavy rain reducing visibility and grip - reduced speed and longer buffer advised
EVT443998,2026-06-05 18:23:30,Local Market Day,J020,Malleshwaram Circle,4748,Weekday,False,Fog,False,0.0,False,False,0.987,Severe,8.0,78.0,733.2,0.24,0.555,0.918,Heavy congestion detected - signal timing extended and reroute suggested
EVT443999,2025-07-31 15:55:33,Local Market Day,J012,Koramangala Sony World,4425,Weekday,False,Clear,False,0.0,False,False,0.399,Moderate,24.5,24.8,97.3,0.055,0.127,0.949,Moderate traffic flow - standard adaptive signal timing in effect
EVT444000,2026-01-15 16:26:30,Cultural Procession,J009,Majestic,14342,Weekday,True,Clear,False,0.0,False,True,1.0,Severe,8.5,97.8,402.0,0.158,0.365,0.845,Road closure for event/procession - full detour recommended for through-traffic
EVT444001,2026-04-13 22:16:06,Sports Fixture,J012,Koramangala Sony World,24228,Weekday,False,Rain,True,13.6,False,False,0.595,High,20.3,43.7,269.6,0.166,0.383,0.908,Heavy rain reducing visibility and grip - reduced speed and longer buffer advised
EVT444002,2025-08-16 18:32:37,Religious Festival,J012,Koramangala Sony World,43640,Weekend,True,Heavy Rain,True,67.1,False,True,1.0,Severe,9.8,107.5,434.9,0.177,0.41,0.789,Road closure for event/procession - full detour recommended for through-traffic
EVT444003,2026-04-19 17:41:00,Political Rally,J009,Majestic,14964,Weekend,False,Clear,False,0.0,False,False,0.965,Severe,10.9,70.2,727.5,0.285,0.657,0.921,Heavy congestion detected - signal timing extended and reroute suggested
EVT444004,2026-02-21 16:39:41,Political Rally,J023,Basavanagudi,24637,Weekend,False,Clear,False,0.0,False,False,0.683,High,17.2,53.1,259.8,0.145,0.334,0.968,Moderate traffic flow - standard adaptive signal timing in effect
EVT444005,2025-06-04 16:15:41,Concert,J023,Basavanagudi,6815,Weekday,False,Heavy Rain,True,64.2,False,False,0.908,Severe,10.7,67.0,402.1,0.182,0.42,0.891,Heavy rain reducing visibility and grip - reduced speed and longer buffer advised
EVT444006,2025-11-29 06:54:54,Political Rally,J012,Koramangala Sony World,11166,Weekend,False,Clear,False,0.0,False,False,0.443,Moderate,19.0,34.0,203.9,0.114,0.263,0.955,Moderate traffic flow - standard adaptive signal timing in effect
EVT444007,2025-07-20 19:58:07,Concert,J009,Majestic,11919,Weekend,False,Heavy Rain,True,41.3,False,False,0.929,Severe,12.5,61.7,247.3,0.119,0.276,0.881,Heavy rain reducing visibility and grip - reduced speed and longer buffer advised
EVT444008,2025-04-20 22:37:14,Sports Fixture,J011,Indiranagar 100ft Road,10509,Weekend,False,Clear,False,0.0,False,False,0.314,Low,31.2,28.5,83.4,0.077,0.179,0.962,Moderate traffic flow - standard adaptive signal timing in effect
EVT444009,2025-10-23 11:18:06,Sports Fixture,J012,Koramangala Sony World,21197,Weekday,False,Clear,False,0.0,False,False,0.46,Moderate,24.1,32.5,246.9,0.184,0.425,0.971,Moderate traffic flow - standard adaptive signal timing in effect
EVT444010,2026-02-14 08:44:00,Sports Fixture,J012,Koramangala Sony World,16030,Weekend,False,Clear,False,0.0,False,False,0.962,Severe,7.5,62.2,618.0,0.202,0.466,0.934,Heavy congestion detected - signal timing extended and reroute suggested
EVT444011,2025-10-20 17:36:13,Religious Festival,J012,Koramangala Sony World,48333,Weekday,True,Clear,False,0.0,False,True,1.0,Severe,6.4,103.5,288.5,0.118,0.274,0.858,Road closure for event/procession - full detour recommended for through-traffic
EVT444012,2025-04-09 18:02:45,Trade Fair,J023,Basavanagudi,6607,Weekday,False,Clear,False,0.0,False,False,1.0,Severe,7.8,72.8,845.2,0.283,0.655,0.931,Heavy congestion detected - signal timing extended and reroute suggested
EVT444013,2025-05-10 09:26:21,Concert,J020,Malleshwaram Circle,7605,Weekend,False,Clear,False,0.0,False,False,0.858,Severe,13.3,58.8,350.8,0.17,0.392,0.941,Heavy congestion detected - signal timing extended and reroute suggested
EVT444014,2026-06-15 18:29:10,Trade Fair,J030,MG Road,4955,Weekday,False,Rain,True,15.1,False,False,1.0,Severe,7.8,68.0,507.8,0.175,0.403,0.863,Heavy rain reducing visibility and grip - reduced speed and longer buffer advised
EVT444015,2026-01-26 17:40:45,Religious Festival,J031,Cubbon Road,66729,Weekday,True,Clear,False,0.0,False,True,1.0,Severe,9.0,105.0,349.5,0.153,0.353,0.854,Road closure for event/procession - full detour recommended for through-traffic
EVT444016,2026-01-25 18:53:55,Trade Fair,J020,Malleshwaram Circle,16825,Weekend,False,Clear,False,0.0,False,False,0.883,Severe,11.2,65.8,460.6,0.2,0.463,0.942,Heavy congestion detected - signal timing extended and reroute suggested
EVT444017,2025-10-07 13:22:12,Local Market Day,J011,Indiranagar 100ft Road,3698,Weekday,False,Clear,False,0.0,False,False,0.192,Low,25.0,11.1,215.9,0.137,0.318,0.948,Normal free-flow traffic - standard signal timing maintained
EVT444018,2025-12-19 16:53:34,Concert,J009,Majestic,8719,Weekday,False,Light Rain,True,1.1,False,False,0.744,High,23.1,52.2,270.7,0.226,0.522,0.881,Heavy rain reducing visibility and grip - reduced speed and longer buffer advised
EVT444019,2026-05-25 20:57:07,Trade Fair,J030,MG Road,8518,Weekday,False,Clear,False,0.0,False,False,0.449,Moderate,32.2,33.8,103.4,0.089,0.206,0.971,Moderate traffic flow - standard adaptive signal timing in effect
EVT444020,2026-04-27 22:30:23,Sports Fixture,J020,Malleshwaram Circle,17832,Weekday,False,Clear,False,0.0,False,False,0.231,Low,26.7,16.7,70.0,0.052,0.12,0.983,Normal free-flow traffic - standard signal timing maintained
EVT444021,2025-08-09 15:49:43,Local Market Day,J031,Cubbon Road,5120,Weekend,False,Heavy Rain,True,68.4,False,False,0.771,Severe,14.0,56.4,490.7,0.223,0.516,0.899,Heavy rain reducing visibility and grip - reduced speed and longer buffer advised
EVT444022,2025-12-30 18:06:17,Trade Fair,J023,Basavanagudi,14294,Weekday,False,Clear,False,0.0,False,False,1.0,Severe,6.8,70.5,792.4,0.229,0.53,0.957,Heavy congestion detected - signal timing extended and reroute suggested
EVT444023,2025-09-03 07:08:22,Sports Fixture,J012,Koramangala Sony World,54502,Weekday,False,Clear,False,0.0,False,False,0.755,Severe,16.3,55.1,409.8,0.215,0.497,0.934,Heavy congestion detected - signal timing extended and reroute suggested
EVT444024,2025-04-30 07:54:13,Local Market Day,J030,MG Road,3474,Weekday,False,Clear,False,0.0,False,False,0.858,Severe,13.1,62.6,344.6,0.159,0.367,0.935,Heavy congestion detected - signal timing extended and reroute suggested
EVT444025,2025-01-21 16:20:10,Sports Fixture,J012,Koramangala Sony World,16629,Weekday,False,Clear,False,0.0,False,False,0.532,Moderate,23.4,38.4,115.6,0.085,0.196,0.965,Moderate traffic flow - standard adaptive signal timing in effect
EVT444026,2026-01-09 09:08:39,Local Market Day,J040,City Market,4150,Weekday,False,Clear,False,0.0,False,False,1.0,Severe,7.1,75.7,459.5,0.161,0.371,0.934,Heavy congestion detected - signal timing extended and reroute suggested
EVT444027,2025-01-14 18:01:07,Religious Festival,J011,Indiranagar 100ft Road,47276,Weekday,True,Clear,False,0.0,False,False,1.0,Severe,9.6,78.9,376.4,0.149,0.344,0.881,Festival crowd surge detected - alternate route and extended cycle recommended
EVT444028,2025-04-05 07:27:32,Local Market Day,J031,Cubbon Road,6231,Weekend,False,Clear,False,0.0,False,False,0.64,High,23.8,45.5,239.8,0.17,0.394,0.971,Moderate traffic flow - standard adaptive signal timing in effect
EVT444029,2026-05-26 08:19:03,Local Market Day,J023,Basavanagudi,4130,Weekday,False,Clear,False,0.0,False,False,0.86,Severe,16.3,68.3,339.8,0.19,0.439,0.948,Heavy congestion detected - signal timing extended and reroute suggested
EVT444030,2025-02-03 14:18:31,Sports Fixture,J020,Malleshwaram Circle,37790,Weekday,False,Clear,False,0.0,False,False,0.448,Moderate,27.1,28.4,192.7,0.138,0.319,0.988,Moderate traffic flow - standard adaptive signal timing in effect
EVT444031,2025-10-18 05:43:22,Concert,J031,Cubbon Road,12554,Weekend,False,Rain,True,8.3,False,False,0.457,Moderate,30.4,29.6,156.2,0.134,0.309,0.919,Light rain detected - minor speed reduction advised
EVT444032,2025-12-06 18:17:09,Local Market Day,J040,City Market,2364,Weekend,False,Clear,False,0.0,False,False,0.902,Severe,11.4,64.0,510.1,0.221,0.51,0.964,Heavy congestion detected - signal timing extended and reroute suggested
EVT444033,2025-04-12 21:18:05,Political Rally,J040,City Market,10781,Weekend,False,Clear,False,0.0,False,False,0.423,Moderate,23.4,28.9,227.1,0.152,0.351,0.984,Moderate traffic flow - standard adaptive signal timing in effect
EVT444034,2026-05-27 11:34:57,Concert,J031,Cubbon Road,12400,Weekday,False,Clear,False,0.0,False,False,0.345,Low,26.7,23.9,123.0,0.087,0.2,0.974,Moderate traffic flow - standard adaptive signal timing in effect
EVT444035,2026-06-08 09:15:12,Concert,J020,Malleshwaram Circle,6043,Weekday,False,Rain,True,16.8,False,False,1.0,Severe,10.3,66.2,613.8,0.239,0.552,0.875,Heavy rain reducing visibility and grip - reduced speed and longer buffer advised
EVT444036,2025-11-29 17:20:35,Sports Fixture,J020,Malleshwaram Circle,31404,Weekend,False,Clear,False,0.0,False,False,0.845,Severe,11.7,62.8,466.7,0.2,0.462,0.955,Heavy congestion detected - signal timing extended and reroute suggested
EVT444037,2025-12-05 17:39:11,Trade Fair,J020,Malleshwaram Circle,13887,Weekday,False,Clear,False,0.0,False,False,0.936,Severe,8.7,67.7,551.4,0.208,0.481,0.927,Heavy congestion detected - signal timing extended and reroute suggested
EVT444038,2025-04-19 22:45:41,Political Rally,J040,City Market,8493,Weekend,False,Clear,False,0.0,False,False,0.292,Low,33.1,24.1,130.2,0.101,0.234,0.974,Moderate traffic flow - standard adaptive signal timing in effect
EVT444039,2025-12-30 09:02:33,Concert,J011,Indiranagar 100ft Road,15504,Weekday,False,Clear,False,0.0,False,False,1.0,Severe,7.1,69.3,712.3,0.206,0.475,0.912,Heavy congestion detected - signal timing extended and reroute suggested
EVT444040,2026-02-25 17:16:20,Local Market Day,J009,Majestic,4356,Weekday,False,Clear,False,0.0,False,False,0.778,Severe,17.3,51.9,384.8,0.241,0.557,0.962,Heavy congestion detected - signal timing extended and reroute suggested
EVT444041,2026-01-31 09:35:53,Sports Fixture,J031,Cubbon Road,17124,Weekend,False,Clear,False,0.0,False,False,0.887,Severe,14.7,62.9,415.4,0.2,0.462,0.945,Heavy congestion detected - signal timing extended and reroute suggested
EVT444042,2026-03-30 12:44:09,Concert,J040,City Market,6593,Weekday,False,Clear,False,0.0,False,False,0.214,Low,31.0,13.6,97.8,0.073,0.168,0.98,Normal free-flow traffic - standard signal timing maintained
EVT444043,2025-08-18 01:24:48,Political Rally,J040,City Market,30523,Weekday,False,Rain,True,15.7,False,False,0.509,Moderate,32.3,33.9,194.9,0.181,0.419,0.915,Light rain detected - minor speed reduction advised
EVT444044,2026-05-21 22:24:27,Sports Fixture,J031,Cubbon Road,11043,Weekday,False,Clear,False,0.0,False,False,0.148,Low,40.2,17.5,83.7,0.074,0.171,0.974,Normal free-flow traffic - standard signal timing maintained
EVT444045,2026-06-15 07:37:49,Concert,J012,Koramangala Sony World,24515,Weekday,False,Clear,False,0.0,False,False,0.725,High,18.8,54.9,179.3,0.099,0.229,0.946,Moderate traffic flow - standard adaptive signal timing in effect
EVT444046,2025-09-24 17:46:56,Trade Fair,J011,Indiranagar 100ft Road,11632,Weekday,False,Heavy Rain,True,33.0,False,False,1.0,Severe,8.9,75.1,804.1,0.279,0.646,0.859,Heavy rain reducing visibility and grip - reduced speed and longer buffer advised
EVT444047,2025-01-13 12:35:34,Concert,J012,Koramangala Sony World,8636,Weekday,False,Clear,False,0.0,False,False,0.235,Low,30.1,14.8,194.2,0.149,0.344,0.959,Normal free-flow traffic - standard signal timing maintained
EVT444048,2026-03-09 18:10:19,Sports Fixture,J009,Majestic,26529,Weekday,False,Rain,True,11.5,False,False,1.0,Severe,7.9,74.1,528.1,0.167,0.385,0.848,Heavy rain reducing visibility and grip - reduced speed and longer buffer advised
EVT444049,2025-07-30 12:11:50,Sports Fixture,J020,Malleshwaram Circle,18981,Weekday,False,Heavy Rain,True,35.7,False,False,0.689,High,18.4,49.4,226.9,0.124,0.287,0.91,Heavy rain reducing visibility and grip - reduced speed and longer buffer advised
EVT444050,2025-02-05 18:36:17,Sports Fixture,J012,Koramangala Sony World,18373,Weekday,False,Clear,False,0.0,False,False,1.0,Severe,6.8,69.7,653.7,0.196,0.453,0.941,Heavy congestion detected - signal timing extended and reroute suggested
EVT444051,2025-06-23 21:28:56,Sports Fixture,J031,Cubbon Road,35051,Weekday,False,Clear,False,0.0,False,False,0.568,High,21.8,39.7,272.2,0.19,0.439,0.987,Moderate traffic flow - standard adaptive signal timing in effect
EVT444052,2025-12-18 10:16:20,Local Market Day,J011,Indiranagar 100ft Road,2790,Weekday,False,Clear,False,0.0,False,False,0.594,High,20.0,42.8,337.6,0.223,0.516,0.964,Moderate traffic flow - standard adaptive signal timing in effect
EVT444053,2026-04-26 18:33:44,Local Market Day,J040,City Market,4394,Weekend,False,Clear,False,0.0,False,False,0.886,Severe,12.7,62.4,268.3,0.13,0.3,0.936,Heavy congestion detected - signal timing extended and reroute suggested
EVT444054,2025-04-14 12:52:43,Religious Festival,J023,Basavanagudi,43104,Weekday,True,Clear,False,0.0,False,True,0.81,High,15.4,83.8,329.9,0.183,0.423,0.883,Road closure for event/procession - full detour recommended for through-traffic
EVT444055,2026-03-19 15:19:54,Religious Festival,J031,Cubbon Road,79183,Weekday,True,Clear,False,0.0,False,False,0.92,Severe,13.2,63.0,267.7,0.121,0.28,0.879,Festival crowd surge detected - alternate route and extended cycle recommended
EVT444056,2026-06-23 11:49:09,Concert,J031,Cubbon Road,11851,Weekday,False,Clear,False,0.0,False,False,0.363,Moderate,31.1,17.1,51.7,0.027,0.062,0.969,Moderate traffic flow - standard adaptive signal timing in effect
EVT444057,2026-05-07 20:50:04,Sports Fixture,J040,City Market,28688,Weekday,False,Light Rain,True,6.3,True,False,1.0,Severe,8.5,77.4,547.0,0.205,0.474,0.716,Accident detected nearby - reroute and reduced speed advised
EVT444058,2026-04-08 13:23:42,Concert,J012,Koramangala Sony World,14132,Weekday,False,Clear,False,0.0,False,False,0.218,Low,19.6,10.9,187.9,0.103,0.238,0.973,Normal free-flow traffic - standard signal timing maintained
EVT444059,2025-11-26 14:14:25,Political Rally,J023,Basavanagudi,19797,Weekday,False,Clear,False,0.0,False,False,0.288,Low,30.1,20.7,161.1,0.126,0.29,0.975,Moderate traffic flow - standard adaptive signal timing in effect
EVT444060,2025-05-31 09:38:57,Trade Fair,J023,Basavanagudi,13610,Weekend,False,Clear,False,0.0,False,False,0.826,Severe,15.5,59.9,360.4,0.214,0.495,0.948,Heavy congestion detected - signal timing extended and reroute suggested
EVT444061,2025-06-27 11:49:29,Trade Fair,J012,Koramangala Sony World,7598,Weekday,False,Heavy Rain,True,56.8,False,False,0.603,High,22.9,47.7,209.5,0.147,0.339,0.918,Heavy rain reducing visibility and grip - reduced speed and longer buffer advised
EVT444062,2025-10-10 09:04:32,Trade Fair,J040,City Market,11165,Weekday,False,Clear,False,0.0,False,False,1.0,Severe,8.0,70.9,306.6,0.119,0.275,0.916,Heavy congestion detected - signal timing extended and reroute suggested
EVT444063,2026-03-05 08:25:46,Fireworks Display,J030,MG Road,23273,Weekday,True,Clear,False,0.0,False,False,1.0,Severe,8.0,72.4,764.5,0.249,0.575,0.865,Festival crowd surge detected - alternate route and extended cycle recommended
EVT444064,2026-06-02 06:04:39,Local Market Day,J040,City Market,9524,Weekday,False,Clear,False,0.0,False,False,0.262,Low,31.1,17.2,105.5,0.08,0.186,0.97,Moderate traffic flow - standard adaptive signal timing in effect
EVT444065,2025-01-18 08:54:18,Trade Fair,J023,Basavanagudi,12654,Weekend,False,Clear,False,0.0,False,False,0.868,Severe,12.5,57.4,437.0,0.195,0.449,0.942,Heavy congestion detected - signal timing extended and reroute suggested
EVT444066,2026-03-13 18:58:25,Concert,J040,City Market,12697,Weekday,False,Clear,False,0.0,False,False,0.997,Severe,7.8,72.5,627.3,0.216,0.499,0.884,Heavy congestion detected - signal timing extended and reroute suggested
EVT444067,2025-02-10 16:58:28,Local Market Day,J012,Koramangala Sony World,4675,Weekday,False,Clear,False,0.0,False,False,0.704,High,19.3,52.5,346.9,0.224,0.517,0.99,Moderate traffic flow - standard adaptive signal timing in effect
EVT444068,2026-03-29 20:26:10,Concert,J023,Basavanagudi,13193,Weekend,False,Clear,False,0.0,False,False,0.549,Moderate,17.8,46.2,365.2,0.208,0.48,0.957,Moderate traffic flow - standard adaptive signal timing in effect
EVT444069,2026-01-14 08:25:50,Cultural Procession,J030,MG Road,18159,Weekday,True,Clear,False,0.0,False,False,1.0,Severe,6.7,69.3,541.3,0.162,0.375,0.868,Festival crowd surge detected - alternate route and extended cycle recommended
EVT444070,2025-10-08 18:36:07,Local Market Day,J030,MG Road,2515,Weekday,False,Clear,False,0.0,False,False,1.0,Severe,9.0,71.8,620.1,0.215,0.498,0.925,Heavy congestion detected - signal timing extended and reroute suggested
EVT444071,2025-08-31 16:01:47,Concert,J040,City Market,9588,Weekend,False,Fog,False,0.0,False,False,0.416,Moderate,32.4,35.1,197.1,0.182,0.42,0.95,Moderate traffic flow - standard adaptive signal timing in effect
EVT444072,2026-01-25 12:07:30,Political Rally,J040,City Market,12684,Weekend,False,Fog,False,0.0,False,False,0.384,Moderate,29.7,29.9,236.5,0.206,0.475,0.968,Moderate traffic flow - standard adaptive signal timing in effect
EVT444073,2025-06-06 17:24:35,Political Rally,J031,Cubbon Road,12433,Weekday,False,Rain,True,21.4,False,False,1.0,Severe,7.2,70.0,578.9,0.18,0.416,0.863,Heavy rain reducing visibility and grip - reduced speed and longer buffer advised
EVT444074,2025-05-11 11:26:54,Local Market Day,J012,Koramangala Sony World,5658,Weekend,False,Clear,False,0.0,False,False,0.4,Moderate,29.8,34.2,130.5,0.103,0.238,0.962,Moderate traffic flow - standard adaptive signal timing in effect
EVT444075,2025-03-23 18:39:37,Concert,J030,MG Road,17648,Weekend,False,Clear,False,0.0,False,False,0.953,Severe,10.2,64.7,680.6,0.276,0.637,0.927,Heavy congestion detected - signal timing extended and reroute suggested
EVT444076,2025-01-17 17:26:34,Sports Fixture,J020,Malleshwaram Circle,21191,Weekday,False,Clear,False,0.0,False,False,0.979,Severe,8.7,75.8,308.4,0.134,0.309,0.908,Heavy congestion detected - signal timing extended and reroute suggested
EVT444077,2026-05-26 15:29:47,Sports Fixture,J023,Basavanagudi,18975,Weekday,False,Heavy Rain,True,38.5,False,False,0.789,Severe,11.7,55.8,293.3,0.126,0.292,0.9,Heavy rain reducing visibility and grip - reduced speed and longer buffer advised
EVT444078,2025-04-09 09:08:51,Local Market Day,J009,Majestic,4990,Weekday,False,Clear,False,0.0,False,False,1.0,Severe,11.3,71.3,537.4,0.226,0.522,0.921,Heavy congestion detected - signal timing extended and reroute suggested
EVT444079,2026-06-27 18:22:47,Concert,J009,Majestic,11115,Weekend,False,Fog,False,0.0,False,False,0.817,Severe,16.4,58.5,292.5,0.172,0.397,0.967,Heavy congestion detected - signal timing extended and reroute suggested
EVT444080,2026-06-01 07:48:18,Sports Fixture,J020,Malleshwaram Circle,23387,Weekday,False,Clear,False,0.0,False,False,0.881,Severe,14.0,64.1,319.4,0.186,0.43,0.933,Heavy congestion detected - signal timing extended and reroute suggested
EVT444081,2025-05-26 09:14:30,Sports Fixture,J040,City Market,20126,Weekday,False,Clear,False,0.0,False,False,1.0,Severe,8.2,66.8,683.1,0.261,0.603,0.921,Heavy congestion detected - signal timing extended and reroute suggested
EVT444082,2025-08-06 18:55:22,Local Market Day,J012,Koramangala Sony World,5178,Weekday,False,Heavy Rain,True,40.0,False,False,1.0,Severe,8.4,77.3,708.7,0.265,0.613,0.844,Heavy rain reducing visibility and grip - reduced speed and longer buffer advised
EVT444083,2025-10-01 21:47:45,Sports Fixture,J012,Koramangala Sony World,15717,Weekday,False,Clear,False,0.0,False,False,0.342,Low,37.8,31.8,137.5,0.136,0.315,0.969,Moderate traffic flow - standard adaptive signal timing in effect
EVT444084,2026-02-08 11:46:09,Local Market Day,J020,Malleshwaram Circle,1873,Weekend,False,Clear,False,0.0,False,False,0.36,Moderate,29.4,29.4,199.0,0.159,0.368,0.95,Moderate traffic flow - standard adaptive signal timing in effect
EVT444085,2026-01-24 19:43:24,Concert,J020,Malleshwaram Circle,16202,Weekend,False,Clear,False,0.0,False,False,0.83,Severe,13.5,64.1,268.5,0.127,0.293,0.976,Heavy congestion detected - signal timing extended and reroute suggested
EVT444086,2025-01-21 19:02:24,Sports Fixture,J030,MG Road,14649,Weekday,False,Clear,False,0.0,False,False,1.0,Severe,8.7,76.3,358.4,0.14,0.323,0.914,Heavy congestion detected - signal timing extended and reroute suggested
EVT444087,2026-06-28 19:48:51,Concert,J031,Cubbon Road,11982,Weekend,False,Rain,True,23.9,False,False,0.926,Severe,8.7,60.5,558.4,0.208,0.48,0.901,Heavy rain reducing visibility and grip - reduced speed and longer buffer advised
EVT444088,2025-08-26 09:35:59,Local Market Day,J012,Koramangala Sony World,1990,Weekday,False,Rain,True,13.0,False,False,1.0,Severe,9.8,71.8,510.2,0.203,0.468,0.866,Heavy rain reducing visibility and grip - reduced speed and longer buffer advised
EVT444089,2025-07-30 17:10:10,Concert,J009,Majestic,19234,Weekday,False,Clear,False,0.0,False,False,0.878,Severe,10.5,61.9,381.4,0.149,0.344,0.948,Heavy congestion detected - signal timing extended and reroute suggested
EVT444090,2026-03-20 16:34:19,Cultural Procession,J012,Koramangala Sony World,23121,Weekday,True,Clear,False,0.0,False,True,1.0,Severe,8.7,99.4,833.0,0.278,0.641,0.843,Road closure for event/procession - full detour recommended for through-traffic
EVT444091,2026-03-19 08:06:14,Religious Festival,J040,City Market,23504,Weekday,True,Clear,False,0.0,False,False,1.0,Severe,8.4,68.2,562.4,0.197,0.455,0.85,Festival crowd surge detected - alternate route and extended cycle recommended
EVT444092,2025-02-10 22:51:26,Concert,J031,Cubbon Road,6909,Weekday,False,Clear,False,0.0,False,False,0.274,Low,28.9,20.9,90.7,0.071,0.164,0.929,Moderate traffic flow - standard adaptive signal timing in effect
EVT444093,2025-08-06 18:59:09,Local Market Day,J030,MG Road,3554,Weekday,False,Clear,False,0.0,False,False,0.956,Severe,9.4,66.1,400.0,0.16,0.369,0.925,Heavy congestion detected - signal timing extended and reroute suggested
EVT444094,2025-11-09 08:55:57,Trade Fair,J023,Basavanagudi,9701,Weekend,False,Light Rain,True,3.4,False,False,0.975,Severe,8.7,72.2,698.5,0.239,0.553,0.865,Heavy rain reducing visibility and grip - reduced speed and longer buffer advised
EVT444095,2026-05-12 21:07:52,Local Market Day,J012,Koramangala Sony World,3390,Weekday,False,Clear,False,0.0,False,False,0.349,Low,27.5,24.0,195.4,0.18,0.415,0.963,Moderate traffic flow - standard adaptive signal timing in effect
EVT444096,2025-02-08 09:33:00,Concert,J009,Majestic,17713,Weekend,False,Clear,False,0.0,False,False,0.895,Severe,9.6,65.1,560.1,0.184,0.424,0.933,Heavy congestion detected - signal timing extended and reroute suggested
EVT444097,2025-11-06 06:22:57,Local Market Day,J040,City Market,4265,Weekday,False,Clear,False,0.0,False,False,0.29,Low,32.6,20.3,150.6,0.136,0.313,0.939,Moderate traffic flow - standard adaptive signal timing in effect
EVT444098,2025-09-15 18:25:12,Local Market Day,J020,Malleshwaram Circle,6068,Weekday,False,Clear,False,0.0,False,False,1.0,Severe,6.8,73.0,357.8,0.114,0.262,0.909,Heavy congestion detected - signal timing extended and reroute suggested
EVT444099,2025-04-04 09:37:49,Concert,J023,Basavanagudi,13603,Weekday,False,Clear,False,0.0,False,False,0.972,Severe,8.0,70.3,699.8,0.23,0.531,0.921,Heavy congestion detected - signal timing extended and reroute suggested
EVT444100,2025-01-08 18:01:11,Sports Fixture,J009,Majestic,14150,Weekday,False,Clear,False,0.0,False,False,1.0,Severe,5.9,69.8,853.7,0.214,0.495,0.921,Heavy congestion detected - signal timing extended and reroute suggested
EVT444101,2025-08-28 12:11:14,Fireworks Display,J030,MG Road,24284,Weekday,True,Rain,True,16.7,False,False,0.685,High,17.2,44.5,312.1,0.162,0.375,0.85,Festival crowd surge detected - alternate route and extended cycle recommended
EVT444102,2025-07-08 06:19:27,Local Market Day,J011,Indiranagar 100ft Road,3411,Weekday,False,Heavy Rain,True,57.2,False,False,0.634,High,18.5,53.3,326.1,0.158,0.365,0.938,Heavy rain reducing visibility and grip - reduced speed and longer buffer advised
EVT444103,2025-03-19 15:11:04,Political Rally,J023,Basavanagudi,10824,Weekday,False,Clear,False,0.0,False,False,0.262,Low,35.5,22.3,142.9,0.128,0.295,0.962,Moderate traffic flow - standard adaptive signal timing in effect
EVT444104,2025-06-18 08:26:58,Trade Fair,J011,Indiranagar 100ft Road,5562,Weekday,False,Clear,False,0.0,False,False,0.961,Severe,8.8,70.8,463.4,0.15,0.347,0.909,Heavy congestion detected - signal timing extended and reroute suggested
EVT444105,2026-05-29 07:49:44,Political Rally,J011,Indiranagar 100ft Road,16878,Weekday,False,Clear,False,0.0,False,False,0.782,Severe,13.9,56.9,177.0,0.09,0.208,0.946,Heavy congestion detected - signal timing extended and reroute suggested
EVT444106,2025-07-15 08:48:28,Concert,J009,Majestic,15925,Weekday,False,Clear,False,0.0,False,False,1.0,Severe,10.2,71.0,618.0,0.244,0.564,0.934,Heavy congestion detected - signal timing extended and reroute suggested
EVT444107,2026-06-17 08:43:21,Local Market Day,J020,Malleshwaram Circle,2835,Weekday,False,Clear,False,0.0,False,False,0.965,Severe,6.4,65.5,770.9,0.191,0.441,0.914,Heavy congestion detected - signal timing extended and reroute suggested
EVT444108,2026-01-13 07:26:53,Sports Fixture,J031,Cubbon Road,30793,Weekday,False,Clear,False,0.0,False,False,0.698,High,15.8,50.2,171.1,0.093,0.215,0.95,Moderate traffic flow - standard adaptive signal timing in effect
EVT444109,2025-12-22 17:47:42,Local Market Day,J020,Malleshwaram Circle,5348,Weekday,False,Clear,False,0.0,False,False,0.872,Severe,12.2,63.7,567.9,0.242,0.559,0.942,Heavy congestion detected - signal timing extended and reroute suggested
EVT444110,2025-02-14 16:44:00,Sports Fixture,J009,Majestic,23079,Weekday,False,Clear,False,0.0,False,False,0.706,High,17.4,52.0,339.7,0.197,0.456,0.967,Moderate traffic flow - standard adaptive signal timing in effect
EVT444111,2026-02-18 11:57:28,Local Market Day,J023,Basavanagudi,3627,Weekday,False,Clear,False,0.0,False,False,0.255,Low,32.2,15.0,146.9,0.127,0.293,0.941,Moderate traffic flow - standard adaptive signal timing in effect
EVT444112,2026-01-25 10:58:59,Local Market Day,J023,Basavanagudi,4297,Weekend,False,Clear,False,0.0,False,False,0.465,Moderate,19.3,32.7,298.9,0.158,0.365,0.976,Moderate traffic flow - standard adaptive signal timing in effect
EVT444113,2025-01-24 08:24:34,Sports Fixture,J030,MG Road,24031,Weekday,False,Clear,False,0.0,False,False,1.0,Severe,7.4,72.9,577.3,0.189,0.437,0.954,Heavy congestion detected - signal timing extended and reroute suggested
EVT444114,2025-02-23 13:53:29,Sports Fixture,J009,Majestic,26398,Weekend,False,Clear,False,0.0,False,False,0.41,Moderate,24.4,26.8,134.4,0.075,0.172,0.981,Moderate traffic flow - standard adaptive signal timing in effect
EVT444115,2025-10-06 15:20:37,Local Market Day,J011,Indiranagar 100ft Road,3378,Weekday,False,Light Rain,True,5.6,False,False,0.416,Moderate,23.6,29.7,369.4,0.227,0.524,0.91,Light rain detected - minor speed reduction advised
EVT444116,2026-06-22 20:55:34,Sports Fixture,J040,City Market,40065,Weekday,False,Rain,True,18.0,False,False,0.824,Severe,15.3,55.0,387.7,0.209,0.483,0.921,Heavy rain reducing visibility and grip - reduced speed and longer buffer advised
EVT444117,2025-09-27 17:52:11,Concert,J009,Majestic,6006,Weekend,False,Heavy Rain,True,50.1,True,False,1.0,Severe,6.0,71.0,952.1,0.243,0.562,0.703,Accident detected nearby - reroute and reduced speed advised
EVT444118,2025-11-17 17:12:01,Trade Fair,J030,MG Road,8879,Weekday,False,Clear,False,0.0,False,False,0.771,Severe,12.3,61.5,442.6,0.188,0.434,0.95,Heavy congestion detected - signal timing extended and reroute suggested
EVT444119,2025-12-17 08:28:44,Sports Fixture,J030,MG Road,12768,Weekday,False,Clear,False,0.0,False,False,1.0,Severe,8.4,70.8,376.9,0.132,0.305,0.914,Heavy congestion detected - signal timing extended and reroute suggested
EVT444120,2026-06-12 19:37:33,Local Market Day,J040,City Market,2294,Weekday,False,Clear,False,0.0,False,False,0.792,Severe,16.3,55.5,219.1,0.127,0.293,0.968,Heavy congestion detected - signal timing extended and reroute suggested
EVT444121,2026-01-12 04:57:58,Sports Fixture,J031,Cubbon Road,34891,Weekday,False,Clear,False,0.0,False,False,0.381,Moderate,25.4,24.8,218.7,0.145,0.335,0.963,Moderate traffic flow - standard adaptive signal timing in effect
EVT444122,2026-04-06 08:45:57,Concert,J040,City Market,20921,Weekday,False,Clear,False,0.0,False,False,1.0,Severe,7.3,76.5,503.0,0.156,0.36,0.899,Heavy congestion detected - signal timing extended and reroute suggested
EVT444123,2025-06-19 09:41:48,Local Market Day,J020,Malleshwaram Circle,3451,Weekday,False,Clear,False,0.0,False,False,0.9,Severe,9.2,64.0,554.2,0.201,0.464,0.914,Heavy congestion detected - signal timing extended and reroute suggested
EVT444124,2025-07-20 18:06:20,Trade Fair,J030,MG Road,10940,Weekend,False,Heavy Rain,True,26.9,False,False,1.0,Severe,9.2,69.1,348.9,0.129,0.297,0.86,Heavy rain reducing visibility and grip - reduced speed and longer buffer advised
EVT444125,2026-06-25 17:31:13,Sports Fixture,J040,City Market,19734,Weekday,False,Clear,False,0.0,False,False,0.985,Severe,8.2,72.8,599.9,0.211,0.488,0.917,Heavy congestion detected - signal timing extended and reroute suggested
EVT444126,2026-06-28 16:38:39,Political Rally,J020,Malleshwaram Circle,16763,Weekend,False,Heavy Rain,True,26.2,False,False,0.966,Severe,10.1,63.9,406.0,0.142,0.327,0.883,Heavy rain reducing visibility and grip - reduced speed and longer buffer advised
EVT444127,2025-12-24 20:23:30,Local Market Day,J023,Basavanagudi,7308,Weekday,False,Clear,False,0.0,False,False,0.648,High,13.8,43.3,293.1,0.144,0.332,0.983,Moderate traffic flow - standard adaptive signal timing in effect
EVT444128,2026-01-04 18:37:40,Trade Fair,J011,Indiranagar 100ft Road,7106,Weekend,False,Clear,False,0.0,False,False,0.896,Severe,10.5,67.3,360.4,0.154,0.355,0.945,Heavy congestion detected - signal timing extended and reroute suggested
EVT444129,2025-12-10 18:07:39,Local Market Day,J020,Malleshwaram Circle,4898,Weekday,False,Clear,False,0.0,False,False,0.981,Severe,10.1,72.3,633.6,0.237,0.548,0.924,Heavy congestion detected - signal timing extended and reroute suggested
EVT444130,2025-11-21 13:37:39,Concert,J012,Koramangala Sony World,12550,Weekday,False,Clear,False,0.0,False,False,0.22,Low,28.5,16.6,179.0,0.133,0.308,0.986,Normal free-flow traffic - standard signal timing maintained
EVT444131,2025-03-19 16:46:13,Trade Fair,J012,Koramangala Sony World,8122,Weekday,False,Clear,False,0.0,False,False,0.598,High,21.0,47.2,238.0,0.188,0.435,0.976,Moderate traffic flow - standard adaptive signal timing in effect
EVT444132,2025-03-26 16:20:00,Sports Fixture,J012,Koramangala Sony World,39122,Weekday,False,Clear,False,0.0,False,False,0.697,High,20.1,51.8,165.3,0.117,0.27,0.99,Moderate traffic flow - standard adaptive signal timing in effect
EVT444133,2025-02-13 16:23:53,Trade Fair,J020,Malleshwaram Circle,11654,Weekday,False,Clear,False,0.0,False,False,0.618,High,21.2,46.3,207.3,0.135,0.313,0.946,Moderate traffic flow - standard adaptive signal timing in effect
EVT444134,2025-06-12 17:39:02,Local Market Day,J011,Indiranagar 100ft Road,4715,Weekday,False,Clear,False,0.0,False,False,0.948,Severe,9.9,62.8,379.0,0.14,0.324,0.919,Heavy congestion detected - signal timing extended and reroute suggested
EVT444135,2026-03-09 12:10:26,Sports Fixture,J020,Malleshwaram Circle,33491,Weekday,False,Clear,False,0.0,False,False,0.468,Moderate,26.1,29.0,216.1,0.187,0.431,0.982,Moderate traffic flow - standard adaptive signal timing in effect
EVT444136,2026-02-17 16:23:13,Sports Fixture,J012,Koramangala Sony World,26627,Weekday,False,Clear,False,0.0,False,False,0.65,High,22.6,39.4,216.2,0.147,0.34,0.949,Moderate traffic flow - standard adaptive signal timing in effect
EVT444137,2025-09-06 10:31:40,Religious Festival,J009,Majestic,75666,Weekend,True,Clear,False,0.0,False,False,1.0,Severe,7.1,69.0,644.5,0.187,0.432,0.873,Festival crowd surge detected - alternate route and extended cycle recommended
EVT444138,2025-03-28 08:55:13,Trade Fair,J040,City Market,5154,Weekday,False,Clear,False,0.0,False,False,0.979,Severe,12.9,71.8,461.5,0.221,0.511,0.916,Heavy congestion detected - signal timing extended and reroute suggested
EVT444139,2026-02-14 16:38:16,Concert,J009,Majestic,22564,Weekend,False,Clear,False,0.0,False,False,0.707,High,19.4,51.6,325.9,0.208,0.481,0.971,Moderate traffic flow - standard adaptive signal timing in effect
EVT444140,2025-04-29 14:35:11,Sports Fixture,J012,Koramangala Sony World,17529,Weekday,False,Clear,False,0.0,False,False,0.337,Low,22.9,23.1,130.0,0.085,0.195,0.949,Moderate traffic flow - standard adaptive signal timing in effect
EVT444141,2026-03-15 17:02:00,Local Market Day,J031,Cubbon Road,4444,Weekend,False,Clear,False,0.0,False,False,0.586,High,21.6,41.2,280.3,0.219,0.505,0.964,Moderate traffic flow - standard adaptive signal timing in effect
EVT444142,2025-08-21 19:59:37,Concert,J030,MG Road,13248,Weekday,False,Heavy Rain,True,56.0,False,False,1.0,Severe,9.3,72.0,712.5,0.271,0.626,0.877,Heavy rain reducing visibility and grip - reduced speed and longer buffer advised
EVT444143,2025-07-10 06:40:34,Local Market Day,J020,Malleshwaram Circle,4494,Weekday,False,Light Rain,True,6.1,False,False,0.432,Moderate,28.3,35.0,169.8,0.117,0.27,0.905,Light rain detected - minor speed reduction advised
EVT444144,2025-03-23 20:09:42,Local Market Day,J031,Cubbon Road,3080,Weekend,False,Clear,False,0.0,False,False,0.592,High,23.2,42.8,244.8,0.176,0.406,0.979,Moderate traffic flow - standard adaptive signal timing in effect
EVT444145,2026-05-10 09:20:27,Trade Fair,J040,City Market,14077,Weekend,False,Clear,False,0.0,False,False,0.927,Severe,10.1,63.4,464.1,0.18,0.416,0.927,Heavy congestion detected - signal timing extended and reroute suggested
EVT444146,2025-03-28 23:01:19,Local Market Day,J023,Basavanagudi,5591,Weekday,False,Clear,False,0.0,False,False,0.196,Low,32.2,11.2,180.4,0.158,0.364,0.969,Normal free-flow traffic - standard signal timing maintained
EVT444147,2026-05-13 20:30:57,Trade Fair,J040,City Market,7904,Weekday,False,Rain,True,16.3,False,False,0.76,Severe,17.4,54.1,250.6,0.131,0.302,0.917,Heavy rain reducing visibility and grip - reduced speed and longer buffer advised
EVT444148,2025-04-11 11:10:22,Trade Fair,J011,Indiranagar 100ft Road,11500,Weekday,False,Clear,False,0.0,False,False,0.385,Moderate,36.5,23.1,64.4,0.078,0.179,0.928,Moderate traffic flow - standard adaptive signal timing in effect
EVT444149,2025-09-19 19:26:15,Concert,J030,MG Road,9127,Weekday,False,Clear,False,0.0,False,False,0.953,Severe,9.6,66.5,505.1,0.18,0.415,0.925,Heavy congestion detected - signal timing extended and reroute suggested
EVT444150,2025-05-14 12:48:35,Local Market Day,J020,Malleshwaram Circle,4476,Weekday,False,Clear,False,0.0,False,False,0.21,Low,34.0,9.8,121.9,0.087,0.202,0.99,Normal free-flow traffic - standard signal timing maintained
EVT444151,2025-12-19 07:15:43,Local Market Day,J031,Cubbon Road,7316,Weekday,False,Clear,False,0.0,False,False,0.574,High,22.6,35.1,122.1,0.079,0.182,0.97,Moderate traffic flow - standard adaptive signal timing in effect
EVT444152,2025-07-27 15:49:56,Local Market Day,J012,Koramangala Sony World,3226,Weekend,False,Clear,False,0.0,False,False,0.449,Moderate,32.5,33.2,185.2,0.181,0.418,0.961,Moderate traffic flow - standard adaptive signal timing in effect
EVT444153,2025-01-28 21:05:13,Local Market Day,J023,Basavanagudi,3767,Weekday,False,Clear,False,0.0,False,False,0.36,Moderate,31.5,23.4,160.1,0.115,0.267,0.972,Moderate traffic flow - standard adaptive signal timing in effect
EVT444154,2025-11-19 19:59:01,Concert,J011,Indiranagar 100ft Road,10749,Weekday,False,Clear,False,0.0,False,False,0.762,Severe,17.3,54.3,442.2,0.257,0.593,0.978,Heavy congestion detected - signal timing extended and reroute suggested
EVT444155,2025-11-04 16:43:13,Political Rally,J030,MG Road,22255,Weekday,False,Clear,False,0.0,False,False,0.647,High,18.2,48.7,159.9,0.096,0.221,0.982,Moderate traffic flow - standard adaptive signal timing in effect
EVT444156,2025-01-22 17:31:07,Sports Fixture,J023,Basavanagudi,24004,Weekday,False,Clear,False,0.0,False,False,1.0,Severe,8.6,67.8,415.3,0.15,0.346,0.925,Heavy congestion detected - signal timing extended and reroute suggested
EVT444157,2025-07-01 07:08:39,Local Market Day,J011,Indiranagar 100ft Road,7573,Weekday,False,Clear,False,0.0,False,False,0.543,Moderate,21.3,43.1,155.4,0.096,0.222,0.953,Moderate traffic flow - standard adaptive signal timing in effect
EVT444158,2026-04-19 12:59:48,Political Rally,J012,Koramangala Sony World,15464,Weekend,False,Clear,False,0.0,False,False,0.329,Low,24.0,15.7,271.0,0.198,0.457,0.943,Moderate traffic flow - standard adaptive signal timing in effect
EVT444159,2025-05-05 18:16:27,Local Market Day,J012,Koramangala Sony World,4026,Weekday,False,Rain,True,18.3,False,False,1.0,Severe,8.6,67.6,619.1,0.221,0.511,0.85,Heavy rain reducing visibility and grip - reduced speed and longer buffer advised
EVT444160,2026-01-06 07:20:44,Concert,J020,Malleshwaram Circle,18070,Weekday,False,Clear,False,0.0,False,False,0.616,High,21.7,45.5,248.8,0.174,0.401,0.961,Moderate traffic flow - standard adaptive signal timing in effect
EVT444161,2026-01-10 08:57:23,Local Market Day,J009,Majestic,5036,Weekend,False,Clear,False,0.0,False,False,0.876,Severe,15.9,59.2,237.5,0.135,0.312,0.945,Heavy congestion detected - signal timing extended and reroute suggested
EVT444162,2025-08-11 06:02:03,Trade Fair,J030,MG Road,8886,Weekday,False,Heavy Rain,True,44.9,False,False,0.621,High,23.1,41.4,176.4,0.136,0.314,0.934,Heavy rain reducing visibility and grip - reduced speed and longer buffer advised
EVT444163,2025-12-27 11:12:24,Trade Fair,J009,Majestic,14766,Weekend,False,Clear,False,0.0,False,False,0.414,Moderate,25.5,25.5,256.2,0.208,0.481,0.98,Moderate traffic flow - standard adaptive signal timing in effect
EVT444164,2025-06-06 08:39:40,Political Rally,J009,Majestic,12653,Weekday,False,Light Rain,True,6.0,True,False,1.0,Severe,8.9,68.4,615.7,0.228,0.527,0.727,Accident detected nearby - reroute and reduced speed advised
EVT444165,2026-04-16 20:11:18,Concert,J009,Majestic,12372,Weekday,False,Clear,False,0.0,False,False,0.807,Severe,14.2,57.9,300.2,0.137,0.317,0.982,Heavy congestion detected - signal timing extended and reroute suggested
EVT444166,2026-05-23 19:46:05,Concert,J031,Cubbon Road,19684,Weekend,False,Clear,False,0.0,False,False,0.716,High,16.0,51.3,303.2,0.157,0.362,0.961,Moderate traffic flow - standard adaptive signal timing in effect
EVT444167,2025-02-22 16:05:24,Sports Fixture,J011,Indiranagar 100ft Road,16389,Weekend,False,Fog,False,0.0,False,False,0.552,High,22.5,46.8,284.4,0.193,0.445,0.961,Moderate traffic flow - standard adaptive signal timing in effect
EVT444168,2025-04-26 19:41:14,Political Rally,J040,City Market,15714,Weekend,False,Clear,False,0.0,False,False,0.823,Severe,12.1,55.0,585.7,0.258,0.597,0.953,Heavy congestion detected - signal timing extended and reroute suggested
EVT444169,2025-04-19 06:29:58,Political Rally,J011,Indiranagar 100ft Road,13918,Weekend,False,Clear,False,0.0,False,False,0.421,Moderate,30.9,30.6,107.0,0.091,0.21,0.981,Moderate traffic flow - standard adaptive signal timing in effect
EVT444170,2025-12-20 08:22:52,Local Market Day,J023,Basavanagudi,3580,Weekend,False,Clear,False,0.0,False,False,0.779,Severe,14.6,55.6,476.2,0.234,0.541,0.977,Heavy congestion detected - signal timing extended and reroute suggested
EVT444171,2026-06-12 08:06:11,Local Market Day,J040,City Market,5777,Weekday,False,Heavy Rain,True,38.4,False,False,1.0,Severe,7.3,76.6,240.9,0.067,0.154,0.875,Heavy rain reducing visibility and grip - reduced speed and longer buffer advised
EVT444172,2026-05-01 10:57:50,Cultural Procession,J030,MG Road,8075,Weekday,True,Clear,False,0.0,False,True,0.841,High,11.4,86.6,230.0,0.095,0.218,0.872,Road closure for event/procession - full detour recommended for through-traffic
EVT444173,2026-02-19 10:21:55,Concert,J030,MG Road,15790,Weekday,False,Clear,False,0.0,False,False,0.744,High,17.5,50.8,155.2,0.092,0.213,0.959,Moderate traffic flow - standard adaptive signal timing in effect
EVT444174,2025-12-25 09:35:09,Fireworks Display,J012,Koramangala Sony World,25700,Weekday,True,Clear,False,0.0,False,False,1.0,Severe,9.4,71.8,454.2,0.173,0.4,0.893,Festival crowd surge detected - alternate route and extended cycle recommended
EVT444175,2025-07-12 22:07:12,Sports Fixture,J030,MG Road,18868,Weekend,False,Heavy Rain,True,57.9,False,False,0.753,Severe,15.5,49.6,118.5,0.069,0.159,0.936,Heavy rain reducing visibility and grip - reduced speed and longer buffer advised
EVT444176,2025-01-11 08:59:56,Political Rally,J023,Basavanagudi,9600,Weekend,False,Clear,False,0.0,False,False,0.927,Severe,7.5,64.6,1002.2,0.307,0.709,0.95,Heavy congestion detected - signal timing extended and reroute suggested
EVT444177,2026-06-25 09:32:35,Concert,J030,MG Road,24743,Weekday,False,Clear,False,0.0,False,False,1.0,Severe,8.6,75.2,361.6,0.144,0.333,0.89,Heavy congestion detected - signal timing extended and reroute suggested
EVT444178,2026-04-02 12:19:12,Sports Fixture,J011,Indiranagar 100ft Road,23888,Weekday,False,Clear,False,0.0,False,False,0.272,Low,29.3,25.7,152.7,0.095,0.219,0.968,Moderate traffic flow - standard adaptive signal timing in effect
EVT444179,2025-01-19 17:59:40,Concert,J040,City Market,15401,Weekend,False,Clear,False,0.0,False,False,0.897,Severe,14.8,58.7,392.5,0.202,0.467,0.921,Heavy congestion detected - signal timing extended and reroute suggested
EVT444180,2025-03-12 16:39:58,Concert,J031,Cubbon Road,12870,Weekday,False,Clear,False,0.0,False,False,0.685,High,18.3,46.7,279.0,0.189,0.437,0.969,Moderate traffic flow - standard adaptive signal timing in effect
EVT444181,2026-06-05 17:40:02,Sports Fixture,J020,Malleshwaram Circle,28224,Weekday,False,Clear,False,0.0,False,False,1.0,Severe,8.3,68.8,707.2,0.251,0.581,0.919,Heavy congestion detected - signal timing extended and reroute suggested
EVT444182,2026-04-04 18:37:38,Sports Fixture,J040,City Market,31559,Weekend,False,Fog,False,0.0,False,False,1.0,Severe,8.1,74.8,297.6,0.112,0.258,0.931,Heavy congestion detected - signal timing extended and reroute suggested
EVT444183,2025-01-10 04:28:39,Sports Fixture,J011,Indiranagar 100ft Road,10790,Weekday,False,Clear,False,0.0,False,False,0.242,Low,32.3,15.2,52.3,0.036,0.084,0.98,Normal free-flow traffic - standard signal timing maintained
EVT444184,2025-05-09 19:56:06,Trade Fair,J040,City Market,9572,Weekday,False,Clear,False,0.0,False,False,0.826,Severe,13.2,57.2,381.4,0.18,0.416,0.988,Heavy congestion detected - signal timing extended and reroute suggested
EVT444185,2025-11-09 16:23:33,Sports Fixture,J020,Malleshwaram Circle,39250,Weekend,False,Clear,False,0.0,False,False,0.593,High,22.1,42.7,221.7,0.142,0.328,0.968,Moderate traffic flow - standard adaptive signal timing in effect
EVT444186,2025-12-23 11:19:49,Political Rally,J012,Koramangala Sony World,18860,Weekday,False,Clear,False,0.0,False,False,0.392,Moderate,28.8,28.6,180.1,0.162,0.374,0.964,Moderate traffic flow - standard adaptive signal timing in effect
EVT444187,2025-11-13 18:44:16,Concert,J040,City Market,10178,Weekday,False,Clear,False,0.0,False,False,1.0,Severe,9.3,73.5,702.6,0.273,0.63,0.867,Heavy congestion detected - signal timing extended and reroute suggested
EVT444188,2025-06-30 19:33:39,Trade Fair,J040,City Market,5062,Weekday,False,Heavy Rain,True,31.9,False,False,1.0,Severe,8.3,68.9,635.7,0.219,0.505,0.867,Heavy rain reducing visibility and grip - reduced speed and longer buffer advised
EVT444189,2025-05-10 17:22:56,Sports Fixture,J009,Majestic,20883,Weekend,False,Clear,False,0.0,False,False,0.862,Severe,14.6,58.4,270.5,0.14,0.323,0.955,Heavy congestion detected - signal timing extended and reroute suggested
EVT444190,2026-05-21 11:05:57,Local Market Day,J023,Basavanagudi,4079,Weekday,False,Clear,False,0.0,False,False,0.433,Moderate,28.2,32.6,118.5,0.08,0.186,0.964,Moderate traffic flow - standard adaptive signal timing in effect
EVT444191,2025-04-23 20:43:56,Sports Fixture,J011,Indiranagar 100ft Road,18240,Weekday,False,Clear,False,0.0,False,False,0.564,High,26.3,41.6,139.2,0.104,0.24,0.976,Moderate traffic flow - standard adaptive signal timing in effect
EVT444192,2025-12-01 07:25:36,Trade Fair,J012,Koramangala Sony World,12426,Weekday,False,Clear,False,0.0,False,False,0.602,High,23.0,45.8,165.8,0.115,0.267,0.988,Moderate traffic flow - standard adaptive signal timing in effect
EVT444193,2026-04-17 14:29:28,Trade Fair,J040,City Market,6625,Weekday,False,Clear,False,0.0,False,False,0.228,Low,38.6,14.9,131.3,0.115,0.267,0.982,Normal free-flow traffic - standard signal timing maintained
EVT444194,2025-11-16 10:27:42,Trade Fair,J009,Majestic,11085,Weekend,False,Rain,True,14.5,False,False,0.846,Severe,11.5,62.4,364.2,0.176,0.406,0.871,Heavy rain reducing visibility and grip - reduced speed and longer buffer advised
EVT444195,2025-09-02 12:07:06,Sports Fixture,J011,Indiranagar 100ft Road,24861,Weekday,False,Clear,False,0.0,False,False,0.355,Moderate,25.1,22.2,197.4,0.132,0.306,0.974,Moderate traffic flow - standard adaptive signal timing in effect
EVT444196,2025-07-22 17:50:05,Local Market Day,J009,Majestic,4707,Weekday,False,Light Rain,True,5.8,False,False,1.0,Severe,8.5,67.3,243.9,0.107,0.247,0.877,Heavy rain reducing visibility and grip - reduced speed and longer buffer advised
EVT444197,2025-12-07 16:30:36,Sports Fixture,J030,MG Road,29145,Weekend,False,Clear,False,0.0,False,False,0.734,High,21.0,59.5,229.9,0.154,0.356,0.97,Moderate traffic flow - standard adaptive signal timing in effect
EVT444198,2026-02-06 11:54:41,Political Rally,J011,Indiranagar 100ft Road,17568,Weekday,False,Clear,False,0.0,False,False,0.327,Low,30.3,18.8,215.0,0.152,0.352,0.96,Moderate traffic flow - standard adaptive signal timing in effect
EVT444199,2026-02-13 18:25:38,Political Rally,J012,Koramangala Sony World,13982,Weekday,False,Clear,False,0.0,False,False,1.0,Severe,9.8,76.6,686.0,0.285,0.659,0.916,Heavy congestion detected - signal timing extended and reroute suggested
EVT444200,2025-09-16 08:19:11,Concert,J020,Malleshwaram Circle,15907,Weekday,False,Heavy Rain,True,63.2,False,False,1.0,Severe,8.6,73.2,840.1,0.279,0.645,0.88,Heavy rain reducing visibility and grip - reduced speed and longer buffer advised
EVT444201,2026-02-07 19:17:27,Sports Fixture,J040,City Market,29487,Weekend,False,Clear,False,0.0,False,False,0.844,Severe,17.1,60.6,447.8,0.267,0.617,0.944,Heavy congestion detected - signal timing extended and reroute suggested
EVT444202,2025-04-05 07:28:46,Concert,J009,Majestic,11968,Weekend,False,Clear,False,0.0,False,False,0.594,High,21.1,44.6,234.7,0.153,0.353,0.956,Moderate traffic flow - standard adaptive signal timing in effect
EVT444203,2026-04-27 22:13:46,Sports Fixture,J023,Basavanagudi,11054,Weekday,False,Clear,False,0.0,False,False,0.222,Low,28.4,14.9,219.3,0.156,0.361,0.983,Normal free-flow traffic - standard signal timing maintained
EVT444204,2025-05-18 23:16:41,Concert,J040,City Market,17320,Weekend,False,Clear,False,0.0,False,False,0.33,Low,31.1,30.0,163.8,0.146,0.337,0.944,Moderate traffic flow - standard adaptive signal timing in effect
EVT444205,2026-05-16 07:02:05,Sports Fixture,J009,Majestic,31638,Weekend,False,Clear,False,0.0,False,False,0.554,High,20.8,38.3,101.5,0.068,0.158,0.98,Moderate traffic flow - standard adaptive signal timing in effect
EVT444206,2025-12-29 09:05:26,Sports Fixture,J011,Indiranagar 100ft Road,13088,Weekday,False,Clear,False,0.0,False,False,1.0,Severe,8.5,72.9,208.5,0.09,0.208,0.908,Heavy congestion detected - signal timing extended and reroute suggested
EVT444207,2025-01-20 20:57:30,Local Market Day,J011,Indiranagar 100ft Road,3674,Weekday,False,Fog,False,0.0,False,False,0.434,Moderate,23.9,33.8,255.8,0.163,0.377,0.957,Moderate traffic flow - standard adaptive signal timing in effect
EVT444208,2025-11-23 10:20:59,Local Market Day,J023,Basavanagudi,1979,Weekend,False,Light Rain,True,4.6,False,False,0.645,High,24.1,46.0,173.2,0.132,0.305,0.91,Heavy rain reducing visibility and grip - reduced speed and longer buffer advised
EVT444209,2026-01-04 22:45:04,Concert,J040,City Market,12266,Weekend,False,Clear,False,0.0,False,False,0.265,Low,41.8,18.1,59.4,0.054,0.124,0.952,Moderate traffic flow - standard adaptive signal timing in effect
EVT444210,2025-07-04 19:53:33,Local Market Day,J009,Majestic,4710,Weekday,False,Clear,False,0.0,False,False,0.778,Severe,16.9,53.3,303.0,0.183,0.423,0.99,Heavy congestion detected - signal timing extended and reroute suggested
EVT444211,2025-08-21 10:47:53,Concert,J011,Indiranagar 100ft Road,10851,Weekday,False,Heavy Rain,True,25.2,False,False,0.876,Severe,10.4,62.6,519.6,0.206,0.477,0.898,Heavy rain reducing visibility and grip - reduced speed and longer buffer advised
EVT444212,2025-12-10 06:04:48,Political Rally,J031,Cubbon Road,7533,Weekday,False,Clear,False,0.0,False,False,0.177,Low,34.9,7.5,107.6,0.11,0.253,0.958,Normal free-flow traffic - standard signal timing maintained
EVT444213,2025-01-30 05:36:46,Local Market Day,J020,Malleshwaram Circle,2372,Weekday,False,Clear,False,0.0,False,False,0.195,Low,37.3,15.5,156.2,0.145,0.335,0.944,Normal free-flow traffic - standard signal timing maintained
EVT444214,2025-02-10 19:55:35,Sports Fixture,J009,Majestic,27733,Weekday,False,Clear,False,0.0,False,False,0.902,Severe,10.4,66.8,556.6,0.227,0.523,0.92,Heavy congestion detected - signal timing extended and reroute suggested
EVT444215,2025-04-24 12:58:43,Political Rally,J030,MG Road,12806,Weekday,False,Clear,False,0.0,False,False,0.294,Low,26.0,22.4,153.3,0.098,0.226,0.968,Moderate traffic flow - standard adaptive signal timing in effect
EVT444216,2026-06-11 18:54:47,Political Rally,J009,Majestic,15182,Weekday,False,Clear,False,0.0,False,False,1.0,Severe,7.5,71.7,944.1,0.291,0.671,0.88,Heavy congestion detected - signal timing extended and reroute suggested
EVT444217,2025-07-11 11:13:46,Trade Fair,J012,Koramangala Sony World,12238,Weekday,False,Heavy Rain,True,30.7,False,False,0.728,High,19.1,55.0,252.9,0.169,0.391,0.915,Heavy rain reducing visibility and grip - reduced speed and longer buffer advised
EVT444218,2026-06-15 18:14:08,Trade Fair,J011,Indiranagar 100ft Road,8383,Weekday,False,Clear,False,0.0,False,False,1.0,Severe,8.1,70.5,387.3,0.144,0.332,0.913,Heavy congestion detected - signal timing extended and reroute suggested
EVT444219,2025-08-13 19:12:27,Local Market Day,J040,City Market,2692,Weekday,False,Clear,False,0.0,False,False,0.899,Severe,11.6,72.1,386.8,0.162,0.374,0.941,Heavy congestion detected - signal timing extended and reroute suggested
EVT444220,2025-09-07 06:57:18,Trade Fair,J040,City Market,10918,Weekend,False,Clear,False,0.0,False,False,0.41,Moderate,25.9,27.8,198.8,0.153,0.352,0.962,Moderate traffic flow - standard adaptive signal timing in effect
EVT444221,2025-07-31 16:06:29,Sports Fixture,J030,MG Road,27024,Weekday,False,Heavy Rain,True,29.1,False,False,0.872,Severe,13.2,59.5,604.1,0.282,0.652,0.868,Heavy rain reducing visibility and grip - reduced speed and longer buffer advised
EVT444222,2025-10-19 09:42:17,Concert,J009,Majestic,15034,Weekend,False,Rain,True,21.4,False,False,1.0,Severe,8.9,72.9,661.4,0.24,0.555,0.859,Heavy rain reducing visibility and grip - reduced speed and longer buffer advised
EVT444223,2025-06-10 14:14:06,Local Market Day,J012,Koramangala Sony World,3282,Weekday,False,Clear,False,0.0,False,False,0.2,Low,42.7,14.2,51.9,0.039,0.09,0.929,Normal free-flow traffic - standard signal timing maintained
EVT444224,2025-04-18 09:40:33,Sports Fixture,J012,Koramangala Sony World,16874,Weekday,False,Clear,False,0.0,True,False,1.0,Severe,9.6,71.1,582.3,0.218,0.505,0.729,Accident detected nearby - reroute and reduced speed advised
EVT444225,2026-03-24 07:16:20,Political Rally,J009,Majestic,11884,Weekday,False,Clear,False,0.0,False,False,0.612,High,22.9,44.3,154.7,0.12,0.278,0.978,Moderate traffic flow - standard adaptive signal timing in effect
EVT444226,2026-05-30 12:57:55,Local Market Day,J040,City Market,6166,Weekend,False,Clear,False,0.0,False,False,0.28,Low,32.0,19.3,84.8,0.086,0.198,0.99,Moderate traffic flow - standard adaptive signal timing in effect
EVT444227,2025-02-08 06:11:21,Trade Fair,J009,Majestic,11414,Weekend,False,Clear,False,0.0,False,False,0.358,Moderate,28.2,14.2,161.6,0.138,0.319,0.975,Moderate traffic flow - standard adaptive signal timing in effect
EVT444228,2025-02-15 07:05:45,Sports Fixture,J020,Malleshwaram Circle,20177,Weekend,False,Clear,False,0.0,False,False,0.623,High,23.0,49.5,267.8,0.192,0.444,0.962,Moderate traffic flow - standard adaptive signal timing in effect
EVT444229,2026-03-29 19:05:33,Sports Fixture,J020,Malleshwaram Circle,11409,Weekend,False,Clear,False,0.0,False,False,0.898,Severe,10.0,68.9,478.9,0.189,0.437,0.929,Heavy congestion detected - signal timing extended and reroute suggested
EVT444230,2026-04-17 18:38:03,Sports Fixture,J040,City Market,18862,Weekday,False,Fog,False,0.0,False,False,1.0,Severe,9.3,71.0,527.2,0.18,0.416,0.893,Heavy congestion detected - signal timing extended and reroute suggested
EVT444231,2026-02-23 21:12:39,Local Market Day,J023,Basavanagudi,3416,Weekday,False,Clear,False,0.0,False,False,0.33,Low,31.1,17.4,177.9,0.158,0.365,0.984,Moderate traffic flow - standard adaptive signal timing in effect
EVT444232,2025-07-25 15:13:55,Political Rally,J040,City Market,13976,Weekday,False,Clear,False,0.0,False,False,0.319,Low,32.4,28.2,186.5,0.188,0.433,0.95,Moderate traffic flow - standard adaptive signal timing in effect
EVT444233,2025-04-18 20:16:44,Trade Fair,J030,MG Road,23664,Weekday,False,Clear,False,0.0,False,False,0.758,Severe,15.0,49.2,118.4,0.069,0.159,0.947,Heavy congestion detected - signal timing extended and reroute suggested
EVT444234,2025-12-11 10:49:15,Local Market Day,J009,Majestic,3474,Weekday,False,Clear,False,0.0,False,False,0.53,Moderate,24.3,29.4,197.1,0.158,0.365,0.961,Moderate traffic flow - standard adaptive signal timing in effect
EVT444235,2026-02-04 08:29:37,Trade Fair,J040,City Market,9694,Weekday,False,Clear,False,0.0,False,False,1.0,Severe,9.5,74.3,549.0,0.207,0.477,0.909,Heavy congestion detected - signal timing extended and reroute suggested
EVT444236,2025-08-06 17:32:34,Trade Fair,J023,Basavanagudi,8261,Weekday,False,Heavy Rain,True,35.2,False,False,1.0,Severe,8.0,75.3,481.3,0.167,0.385,0.868,Heavy rain reducing visibility and grip - reduced speed and longer buffer advised
EVT444237,2025-10-14 18:32:36,Trade Fair,J020,Malleshwaram Circle,11266,Weekday,False,Rain,True,18.7,False,False,1.0,Severe,8.3,71.1,534.2,0.211,0.487,0.861,Heavy rain reducing visibility and grip - reduced speed and longer buffer advised
EVT444238,2025-05-05 17:55:37,Local Market Day,J023,Basavanagudi,3234,Weekday,False,Clear,False,0.0,False,False,0.974,Severe,8.0,69.8,874.2,0.269,0.622,0.912,Heavy congestion detected - signal timing extended and reroute suggested
EVT444239,2026-04-22 07:04:05,Local Market Day,J023,Basavanagudi,5062,Weekday,False,Clear,False,0.0,False,False,0.483,Moderate,24.4,33.6,171.2,0.119,0.274,0.98,Moderate traffic flow - standard adaptive signal timing in effect
EVT444240,2025-12-23 05:33:37,Concert,J011,Indiranagar 100ft Road,6465,Weekday,False,Clear,False,0.0,False,False,0.268,Low,40.0,15.7,113.1,0.122,0.281,0.959,Moderate traffic flow - standard adaptive signal timing in effect
EVT444241,2026-05-28 10:11:59,Local Market Day,J031,Cubbon Road,5768,Weekday,False,Clear,False,0.0,False,False,0.735,High,15.7,50.4,214.7,0.11,0.255,0.965,Moderate traffic flow - standard adaptive signal timing in effect
EVT444242,2025-11-30 10:32:40,Trade Fair,J040,City Market,8259,Weekend,False,Clear,False,0.0,False,False,0.552,High,19.5,35.5,313.6,0.188,0.434,0.97,Moderate traffic flow - standard adaptive signal timing in effect
EVT444243,2025-10-24 08:16:19,Political Rally,J020,Malleshwaram Circle,10864,Weekday,False,Clear,False,0.0,False,False,1.0,Severe,8.6,76.4,548.3,0.203,0.468,0.916,Heavy congestion detected - signal timing extended and reroute suggested
EVT444244,2025-09-23 06:51:06,Sports Fixture,J009,Majestic,26290,Weekday,False,Clear,False,0.0,False,False,0.473,Moderate,22.2,35.2,209.8,0.134,0.31,0.96,Moderate traffic flow - standard adaptive signal timing in effect
EVT444245,2026-03-13 16:12:20,Local Market Day,J012,Koramangala Sony World,7297,Weekday,False,Clear,False,0.0,False,False,0.493,Moderate,27.1,42.2,101.9,0.078,0.18,0.961,Moderate traffic flow - standard adaptive signal timing in effect
EVT444246,2025-04-19 17:28:21,Sports Fixture,J040,City Market,21271,Weekend,False,Clear,False,0.0,False,False,0.843,Severe,14.0,63.3,367.0,0.202,0.466,0.934,Heavy congestion detected - signal timing extended and reroute suggested
EVT444247,2026-05-23 09:23:47,Sports Fixture,J031,Cubbon Road,16149,Weekend,False,Clear,False,0.0,False,False,0.977,Severe,7.3,68.2,664.0,0.222,0.513,0.934,Heavy congestion detected - signal timing extended and reroute suggested
EVT444248,2026-04-03 19:03:16,Trade Fair,J009,Majestic,6248,Weekday,False,Clear,False,0.0,False,False,0.984,Severe,8.2,67.7,341.7,0.123,0.284,0.909,Heavy congestion detected - signal timing extended and reroute suggested
EVT444249,2025-10-15 12:26:37,Trade Fair,J012,Koramangala Sony World,10189,Weekday,False,Clear,False,0.0,False,False,0.215,Low,37.2,11.5,165.1,0.168,0.388,0.98,Normal free-flow traffic - standard signal timing maintained
EVT444250,2025-06-02 18:10:33,Trade Fair,J009,Majestic,7712,Weekday,False,Clear,False,0.0,False,False,1.0,Severe,9.0,71.5,347.8,0.151,0.348,0.923,Heavy congestion detected - signal timing extended and reroute suggested
EVT444251,2026-04-11 19:16:31,Trade Fair,J040,City Market,11233,Weekend,False,Clear,False,0.0,False,False,0.793,Severe,10.4,56.2,514.2,0.202,0.467,0.959,Heavy congestion detected - signal timing extended and reroute suggested
EVT444252,2025-07-06 18:37:59,Concert,J040,City Market,11833,Weekend,False,Clear,False,0.0,False,False,0.893,Severe,9.3,71.4,656.0,0.236,0.546,0.948,Heavy congestion detected - signal timing extended and reroute suggested
EVT444253,2025-11-20 07:23:05,Sports Fixture,J040,City Market,25798,Weekday,False,Clear,False,0.0,False,False,0.694,High,21.2,49.4,252.9,0.166,0.383,0.945,Moderate traffic flow - standard adaptive signal timing in effect
EVT444254,2026-02-18 08:24:10,Local Market Day,J009,Majestic,4445,Weekday,False,Clear,False,0.0,False,False,0.958,Severe,8.9,70.9,567.9,0.198,0.457,0.934,Heavy congestion detected - signal timing extended and reroute suggested
EVT444255,2025-04-08 16:12:32,Concert,J023,Basavanagudi,18738,Weekday,False,Clear,False,0.0,False,False,0.42,Moderate,23.1,32.2,223.9,0.143,0.33,0.965,Moderate traffic flow - standard adaptive signal timing in effect
EVT444256,2026-02-05 06:38:54,Local Market Day,J009,Majestic,3002,Weekday,False,Clear,False,0.0,False,False,0.345,Low,32.8,25.5,159.3,0.146,0.338,0.965,Moderate traffic flow - standard adaptive signal timing in effect
EVT444257,2025-12-08 08:34:26,Local Market Day,J030,MG Road,2504,Weekday,False,Clear,False,0.0,False,False,1.0,Severe,9.3,68.8,478.4,0.197,0.454,0.924,Heavy congestion detected - signal timing extended and reroute suggested
EVT444258,2026-04-09 19:17:01,Political Rally,J040,City Market,30910,Weekday,False,Heavy Rain,True,53.8,False,False,1.0,Severe,8.9,72.8,384.3,0.151,0.349,0.89,Heavy rain reducing visibility and grip - reduced speed and longer buffer advised
EVT444259,2025-04-11 18:17:15,Concert,J031,Cubbon Road,10939,Weekday,False,Clear,False,0.0,False,False,1.0,Severe,6.9,70.8,1032.6,0.281,0.649,0.921,Heavy congestion detected - signal timing extended and reroute suggested
EVT444260,2025-08-20 13:18:40,Sports Fixture,J009,Majestic,16150,Weekday,False,Rain,True,11.8,False,False,0.338,Low,30.4,24.6,260.2,0.234,0.541,0.917,Light rain detected - minor speed reduction advised
EVT444261,2025-08-22 20:24:11,Local Market Day,J020,Malleshwaram Circle,5434,Weekday,False,Clear,False,0.0,False,False,0.639,High,19.1,38.8,287.7,0.192,0.443,0.966,Moderate traffic flow - standard adaptive signal timing in effect
EVT444262,2025-05-08 09:31:09,Sports Fixture,J020,Malleshwaram Circle,23604,Weekday,False,Clear,False,0.0,False,False,1.0,Severe,8.2,72.1,645.5,0.228,0.526,0.92,Heavy congestion detected - signal timing extended and reroute suggested
EVT444263,2025-11-16 18:14:12,Local Market Day,J020,Malleshwaram Circle,4337,Weekend,False,Rain,True,8.9,False,False,0.953,Severe,10.2,69.1,740.7,0.309,0.713,0.89,Heavy rain reducing visibility and grip - reduced speed and longer buffer advised
EVT444264,2026-01-04 17:35:15,Political Rally,J009,Majestic,7538,Weekend,False,Clear,False,0.0,False,False,0.781,Severe,15.2,59.4,234.8,0.133,0.307,0.961,Heavy congestion detected - signal timing extended and reroute suggested
EVT444265,2025-12-13 07:03:53,Political Rally,J031,Cubbon Road,14450,Weekend,False,Clear,False,0.0,False,False,0.566,High,21.6,36.3,166.7,0.096,0.221,0.99,Moderate traffic flow - standard adaptive signal timing in effect
EVT444266,2025-08-29 11:07:32,Concert,J031,Cubbon Road,11143,Weekday,False,Light Rain,True,7.2,False,False,0.562,High,24.8,37.7,285.8,0.202,0.467,0.883,Heavy rain reducing visibility and grip - reduced speed and longer buffer advised
EVT444267,2025-12-02 05:03:22,Local Market Day,J011,Indiranagar 100ft Road,5218,Weekday,False,Clear,False,0.0,False,False,0.189,Low,34.6,12.5,92.8,0.091,0.209,0.945,Normal free-flow traffic - standard signal timing maintained
EVT444268,2026-03-08 08:55:13,Sports Fixture,J040,City Market,12782,Weekend,False,Clear,False,0.0,False,False,0.966,Severe,7.9,71.5,880.9,0.262,0.604,0.923,Heavy congestion detected - signal timing extended and reroute suggested
EVT444269,2025-01-19 16:26:21,Local Market Day,J012,Koramangala Sony World,6197,Weekend,False,Clear,False,0.0,False,False,0.434,Moderate,25.0,28.6,205.1,0.155,0.358,0.962,Moderate traffic flow - standard adaptive signal timing in effect
EVT444270,2026-06-28 11:20:37,Local Market Day,J030,MG Road,4932,Weekend,False,Clear,False,0.0,False,False,0.408,Moderate,27.6,28.8,68.7,0.054,0.124,0.939,Moderate traffic flow - standard adaptive signal timing in effect
EVT444271,2025-02-08 20:12:18,Concert,J009,Majestic,12513,Weekend,False,Clear,False,0.0,False,False,0.644,High,20.0,45.7,312.2,0.186,0.429,0.947,Moderate traffic flow - standard adaptive signal timing in effect
EVT444272,2025-12-18 20:14:13,Local Market Day,J040,City Market,4195,Weekday,False,Clear,False,0.0,False,False,0.61,High,21.2,45.2,174.0,0.116,0.267,0.93,Moderate traffic flow - standard adaptive signal timing in effect
EVT444273,2026-04-11 06:47:01,Trade Fair,J040,City Market,8364,Weekend,False,Clear,False,0.0,False,False,0.457,Moderate,26.3,30.6,218.4,0.178,0.41,0.942,Moderate traffic flow - standard adaptive signal timing in effect
EVT444274,2025-06-26 08:09:17,Sports Fixture,J031,Cubbon Road,25663,Weekday,False,Light Rain,True,1.6,False,False,0.993,Severe,10.4,69.3,585.6,0.226,0.523,0.864,Heavy rain reducing visibility and grip - reduced speed and longer buffer advised
EVT444275,2025-08-21 17:50:00,Trade Fair,J031,Cubbon Road,10635,Weekday,False,Heavy Rain,True,92.2,False,False,1.0,Severe,8.7,74.8,605.1,0.228,0.526,0.866,Heavy rain reducing visibility and grip - reduced speed and longer buffer advised
EVT444276,2025-07-11 21:58:52,Local Market Day,J011,Indiranagar 100ft Road,2820,Weekday,False,Rain,True,12.0,False,False,0.446,Moderate,27.1,35.0,133.8,0.114,0.263,0.928,Light rain detected - minor speed reduction advised
EVT444277,2025-10-01 14:14:45,Local Market Day,J023,Basavanagudi,6057,Weekday,False,Clear,False,0.0,False,False,0.223,Low,32.7,10.5,151.5,0.148,0.342,0.963,Normal free-flow traffic - standard signal timing maintained
EVT444278,2026-04-04 22:12:33,Concert,J023,Basavanagudi,12612,Weekend,False,Clear,False,0.0,False,False,0.433,Moderate,26.8,35.7,170.9,0.125,0.288,0.953,Moderate traffic flow - standard adaptive signal timing in effect
EVT444279,2026-05-06 09:53:47,Sports Fixture,J020,Malleshwaram Circle,24181,Weekday,False,Clear,False,0.0,False,False,0.931,Severe,7.6,66.0,443.4,0.142,0.328,0.905,Heavy congestion detected - signal timing extended and reroute suggested
EVT444280,2025-10-25 19:11:55,Sports Fixture,J012,Koramangala Sony World,17014,Weekend,False,Clear,False,0.0,False,False,0.916,Severe,12.9,65.6,253.0,0.122,0.281,0.963,Heavy congestion detected - signal timing extended and reroute suggested
EVT444281,2026-01-17 10:40:04,Sports Fixture,J020,Malleshwaram Circle,11408,Weekend,False,Clear,False,0.0,False,False,0.59,High,19.0,47.8,365.5,0.217,0.502,0.99,Moderate traffic flow - standard adaptive signal timing in effect
EVT444282,2026-06-06 07:34:32,Local Market Day,J020,Malleshwaram Circle,6618,Weekend,False,Rain,True,9.4,False,False,0.688,High,20.0,47.4,252.6,0.171,0.395,0.912,Heavy rain reducing visibility and grip - reduced speed and longer buffer advised
EVT444283,2025-01-03 09:54:28,Local Market Day,J030,MG Road,3254,Weekday,False,Clear,False,0.0,False,False,0.786,Severe,12.8,59.4,302.3,0.147,0.34,0.948,Heavy congestion detected - signal timing extended and reroute suggested
EVT444284,2025-10-26 20:41:14,Trade Fair,J020,Malleshwaram Circle,10414,Weekend,False,Clear,False,0.0,False,False,0.471,Moderate,27.6,30.9,156.6,0.134,0.31,0.984,Moderate traffic flow - standard adaptive signal timing in effect
EVT444285,2026-06-10 15:16:23,Concert,J011,Indiranagar 100ft Road,13997,Weekday,False,Rain,True,21.2,False,False,0.578,High,22.6,44.8,225.5,0.169,0.39,0.929,Heavy rain reducing visibility and grip - reduced speed and longer buffer advised
EVT444286,2025-03-17 17:35:44,Sports Fixture,J023,Basavanagudi,10297,Weekday,False,Clear,False,0.0,False,False,1.0,Severe,8.7,74.2,611.6,0.207,0.479,0.897,Heavy congestion detected - signal timing extended and reroute suggested
EVT444287,2025-05-04 06:27:53,Local Market Day,J030,MG Road,2347,Weekend,False,Clear,False,0.0,False,False,0.35,Moderate,25.5,21.3,155.2,0.127,0.293,0.959,Moderate traffic flow - standard adaptive signal timing in effect
EVT444288,2025-10-16 16:42:47,Political Rally,J030,MG Road,23448,Weekday,False,Clear,False,0.0,False,False,0.758,Severe,15.9,52.2,372.0,0.206,0.475,0.955,Heavy congestion detected - signal timing extended and reroute suggested
EVT444289,2026-02-06 15:47:42,Concert,J012,Koramangala Sony World,20142,Weekday,False,Clear,False,0.0,False,False,0.517,Moderate,24.6,30.9,146.8,0.085,0.196,0.971,Moderate traffic flow - standard adaptive signal timing in effect
EVT444290,2025-08-02 17:54:50,Local Market Day,J023,Basavanagudi,4335,Weekend,False,Clear,False,0.0,False,False,0.863,Severe,13.0,67.2,384.1,0.189,0.437,0.933,Heavy congestion detected - signal timing extended and reroute suggested
EVT444291,2025-12-19 19:00:24,Local Market Day,J031,Cubbon Road,6113,Weekday,False,Clear,False,0.0,False,False,1.0,Severe,9.1,79.2,772.4,0.271,0.625,0.913,Heavy congestion detected - signal timing extended and reroute suggested
EVT444292,2026-06-19 18:37:34,Political Rally,J030,MG Road,9396,Weekday,False,Heavy Rain,True,45.7,False,False,1.0,Severe,9.6,75.3,222.9,0.085,0.197,0.84,Heavy rain reducing visibility and grip - reduced speed and longer buffer advised
EVT444293,2025-10-30 17:58:45,Trade Fair,J040,City Market,11547,Weekday,False,Rain,True,9.0,False,False,1.0,Severe,8.3,74.1,650.1,0.239,0.551,0.863,Heavy rain reducing visibility and grip - reduced speed and longer buffer advised
EVT444294,2025-03-24 09:11:48,Sports Fixture,J012,Koramangala Sony World,17796,Weekday,False,Clear,False,0.0,False,False,1.0,Severe,7.1,70.6,847.7,0.252,0.582,0.923,Heavy congestion detected - signal timing extended and reroute suggested
EVT444295,2025-04-24 08:08:06,Concert,J012,Koramangala Sony World,9115,Weekday,False,Clear,False,0.0,False,False,0.911,Severe,12.4,56.9,445.7,0.197,0.455,0.94,Heavy congestion detected - signal timing extended and reroute suggested
EVT444296,2026-05-23 09:27:59,Sports Fixture,J012,Koramangala Sony World,19896,Weekend,False,Clear,False,0.0,False,False,0.851,Severe,12.4,67.8,443.4,0.201,0.464,0.937,Heavy congestion detected - signal timing extended and reroute suggested
EVT444297,2026-04-13 12:03:55,Trade Fair,J011,Indiranagar 100ft Road,7875,Weekday,False,Clear,False,0.0,False,False,0.341,Low,28.2,25.4,268.2,0.2,0.462,0.961,Moderate traffic flow - standard adaptive signal timing in effect
EVT444298,2025-07-26 07:50:50,Local Market Day,J020,Malleshwaram Circle,3632,Weekend,False,Rain,True,12.7,False,False,0.719,High,18.7,48.6,420.5,0.257,0.594,0.923,Heavy rain reducing visibility and grip - reduced speed and longer buffer advised
EVT444299,2025-11-27 07:58:34,Concert,J030,MG Road,18236,Weekday,False,Clear,False,0.0,False,False,0.843,Severe,11.6,60.5,321.8,0.148,0.342,0.956,Heavy congestion detected - signal timing extended and reroute suggested
EVT444300,2025-07-27 10:57:31,Sports Fixture,J031,Cubbon Road,22993,Weekend,False,Clear,False,0.0,False,False,0.554,High,24.0,40.3,284.8,0.192,0.443,0.965,Moderate traffic flow - standard adaptive signal timing in effect
EVT444301,2025-04-27 11:43:15,Local Market Day,J031,Cubbon Road,4520,Weekend,False,Clear,False,0.0,False,False,0.249,Low,31.3,22.0,186.3,0.174,0.401,0.957,Normal free-flow traffic - standard signal timing maintained
EVT444302,2025-09-04 17:53:48,Local Market Day,J040,City Market,2886,Weekday,False,Clear,False,0.0,False,False,0.905,Severe,11.8,62.4,260.0,0.142,0.328,0.958,Heavy congestion detected - signal timing extended and reroute suggested
EVT444303,2026-04-21 04:41:14,Concert,J020,Malleshwaram Circle,15666,Weekday,False,Clear,False,0.0,False,False,0.27,Low,31.2,19.9,134.8,0.127,0.293,0.974,Moderate traffic flow - standard adaptive signal timing in effect
EVT444304,2025-01-07 12:34:48,Concert,J009,Majestic,18498,Weekday,False,Clear,False,0.0,False,False,0.214,Low,32.0,16.4,164.6,0.142,0.328,0.981,Normal free-flow traffic - standard signal timing maintained
EVT444305,2025-12-21 09:42:13,Sports Fixture,J023,Basavanagudi,35364,Weekend,False,Fog,False,0.0,False,False,1.0,Severe,8.2,68.8,451.6,0.175,0.403,0.902,Heavy congestion detected - signal timing extended and reroute suggested
EVT444306,2025-10-22 11:59:11,Religious Festival,J009,Majestic,51264,Weekday,True,Heavy Rain,True,33.3,False,True,1.0,Severe,10.3,102.0,444.6,0.204,0.47,0.741,Road closure for event/procession - full detour recommended for through-traffic
EVT444307,2026-01-27 07:06:35,Fireworks Display,J009,Majestic,26327,Weekday,True,Clear,False,0.0,False,False,0.737,High,16.7,55.9,187.3,0.099,0.229,0.877,Festival crowd surge detected - alternate route and extended cycle recommended
EVT444308,2025-08-20 19:30:32,Local Market Day,J040,City Market,3477,Weekday,False,Rain,True,10.4,False,False,1.0,Severe,6.7,73.3,340.4,0.11,0.255,0.87,Heavy rain reducing visibility and grip - reduced speed and longer buffer advised
EVT444309,2025-04-06 16:43:52,Cultural Procession,J011,Indiranagar 100ft Road,19827,Weekend,True,Clear,False,0.0,False,False,0.939,Severe,9.0,70.6,455.2,0.155,0.358,0.86,Festival crowd surge detected - alternate route and extended cycle recommended
EVT444310,2026-03-21 09:11:55,Concert,J011,Indiranagar 100ft Road,20489,Weekend,False,Clear,False,0.0,False,False,0.904,Severe,12.9,57.8,334.0,0.168,0.389,0.956,Heavy congestion detected - signal timing extended and reroute suggested
EVT444311,2026-05-19 08:25:37,Local Market Day,J023,Basavanagudi,4506,Weekday,False,Clear,False,0.0,False,False,0.969,Severe,11.1,71.3,459.2,0.186,0.429,0.907,Heavy congestion detected - signal timing extended and reroute suggested
EVT444312,2025-06-01 08:18:34,Concert,J012,Koramangala Sony World,9808,Weekend,False,Clear,False,0.0,False,False,0.868,Severe,9.2,66.5,524.5,0.183,0.424,0.938,Heavy congestion detected - signal timing extended and reroute suggested
EVT444313,2025-01-29 06:53:11,Local Market Day,J031,Cubbon Road,2555,Weekday,False,Clear,False,0.0,False,False,0.357,Moderate,27.9,22.0,183.5,0.137,0.317,0.96,Moderate traffic flow - standard adaptive signal timing in effect
EVT444314,2026-05-27 22:19:50,Trade Fair,J011,Indiranagar 100ft Road,9524,Weekday,False,Rain,True,7.6,False,False,0.375,Moderate,26.1,26.7,282.3,0.224,0.518,0.915,Light rain detected - minor speed reduction advised
EVT444315,2025-01-09 17:50:22,Concert,J020,Malleshwaram Circle,13366,Weekday,False,Clear,False,0.0,False,False,1.0,Severe,8.3,73.3,434.4,0.144,0.333,0.914,Heavy congestion detected - signal timing extended and reroute suggested
EVT444316,2025-07-14 04:44:11,Local Market Day,J031,Cubbon Road,4027,Weekday,False,Rain,True,21.8,False,False,0.36,Moderate,23.9,27.1,134.9,0.09,0.209,0.933,Light rain detected - minor speed reduction advised
EVT444317,2026-01-26 11:28:32,Religious Festival,J030,MG Road,47536,Weekday,True,Clear,False,0.0,False,True,0.925,Severe,9.5,97.4,319.2,0.125,0.289,0.852,Road closure for event/procession - full detour recommended for through-traffic
EVT444318,2025-04-29 19:02:02,Concert,J020,Malleshwaram Circle,7974,Weekday,False,Clear,False,0.0,False,False,1.0,Severe,9.1,75.8,189.0,0.07,0.162,0.905,Heavy congestion detected - signal timing extended and reroute suggested
EVT444319,2025-10-22 08:56:41,Cultural Procession,J020,Malleshwaram Circle,20355,Weekday,True,Rain,True,10.4,False,False,1.0,Severe,8.9,75.7,495.7,0.171,0.396,0.793,Festival crowd surge detected - alternate route and extended cycle recommended
EVT444320,2025-10-07 06:57:29,Political Rally,J011,Indiranagar 100ft Road,13386,Weekday,False,Rain,True,8.5,False,False,0.576,High,25.6,41.2,268.3,0.2,0.461,0.938,Heavy rain reducing visibility and grip - reduced speed and longer buffer advised
EVT444321,2025-01-20 18:25:53,Trade Fair,J023,Basavanagudi,10767,Weekday,False,Clear,False,0.0,False,False,1.0,Severe,8.1,73.2,800.7,0.268,0.62,0.934,Heavy congestion detected - signal timing extended and reroute suggested
EVT444322,2025-12-08 08:40:17,Political Rally,J020,Malleshwaram Circle,20395,Weekday,False,Fog,False,0.0,False,False,1.0,Severe,9.4,69.7,370.7,0.124,0.285,0.919,Heavy congestion detected - signal timing extended and reroute suggested
EVT444323,2026-01-17 11:30:27,Local Market Day,J011,Indiranagar 100ft Road,3866,Weekend,False,Clear,False,0.0,False,False,0.278,Low,30.4,18.6,112.1,0.084,0.194,0.935,Moderate traffic flow - standard adaptive signal timing in effect
EVT444324,2025-12-29 13:17:17,Local Market Day,J031,Cubbon Road,4094,Weekday,False,Clear,False,0.0,False,False,0.285,Low,31.8,22.5,181.8,0.134,0.31,0.964,Moderate traffic flow - standard adaptive signal timing in effect
EVT444325,2025-09-26 20:16:19,Concert,J011,Indiranagar 100ft Road,7815,Weekday,False,Rain,True,13.6,False,False,0.857,Severe,11.3,59.7,396.3,0.194,0.447,0.887,Heavy rain reducing visibility and grip - reduced speed and longer buffer advised
EVT444326,2026-01-30 21:31:48,Sports Fixture,J012,Koramangala Sony World,22994,Weekday,False,Clear,False,0.0,False,False,0.462,Moderate,20.9,38.3,192.8,0.135,0.312,0.957,Moderate traffic flow - standard adaptive signal timing in effect
EVT444327,2026-05-28 17:40:11,Local Market Day,J030,MG Road,5340,Weekday,False,Clear,False,0.0,False,False,0.903,Severe,13.2,67.2,347.6,0.179,0.413,0.937,Heavy congestion detected - signal timing extended and reroute suggested
EVT444328,2026-01-24 09:26:43,Concert,J011,Indiranagar 100ft Road,9675,Weekend,False,Clear,False,0.0,False,False,0.795,Severe,18.3,63.2,264.5,0.164,0.378,0.926,Heavy congestion detected - signal timing extended and reroute suggested
EVT444329,2025-01-12 16:10:17,Local Market Day,J040,City Market,6173,Weekend,False,Fog,False,0.0,False,False,0.528,Moderate,18.7,38.1,358.3,0.203,0.468,0.972,Moderate traffic flow - standard adaptive signal timing in effect
EVT444330,2025-03-29 18:37:31,Sports Fixture,J023,Basavanagudi,31650,Weekend,False,Clear,False,0.0,False,False,0.952,Severe,8.8,66.1,194.7,0.065,0.15,0.886,Heavy congestion detected - signal timing extended and reroute suggested
EVT444331,2025-09-03 18:23:38,Trade Fair,J031,Cubbon Road,7877,Weekday,False,Rain,True,19.9,False,False,1.0,Severe,9.2,76.6,313.8,0.117,0.27,0.886,Heavy rain reducing visibility and grip - reduced speed and longer buffer advised
EVT444332,2026-06-10 13:21:02,Sports Fixture,J011,Indiranagar 100ft Road,23412,Weekday,False,Rain,True,23.2,False,False,0.512,Moderate,23.2,33.6,118.4,0.078,0.18,0.895,Light rain detected - minor speed reduction advised
EVT444333,2025-02-07 16:23:38,Local Market Day,J031,Cubbon Road,3762,Weekday,False,Clear,False,0.0,False,False,0.443,Moderate,28.3,29.6,191.9,0.16,0.37,0.978,Moderate traffic flow - standard adaptive signal timing in effect
EVT444334,2026-06-29 07:02:01,Trade Fair,J020,Malleshwaram Circle,14821,Weekday,False,Rain,True,23.2,False,False,0.719,High,21.5,56.7,288.2,0.213,0.491,0.919,Heavy rain reducing visibility and grip - reduced speed and longer buffer advised
EVT444335,2025-02-26 13:45:43,Concert,J030,MG Road,12507,Weekday,False,Clear,False,0.0,False,False,0.235,Low,31.6,15.4,213.3,0.172,0.398,0.951,Normal free-flow traffic - standard signal timing maintained
EVT444336,2026-02-01 11:57:34,Local Market Day,J011,Indiranagar 100ft Road,2643,Weekend,False,Clear,False,0.0,False,False,0.323,Low,30.1,22.3,124.3,0.107,0.247,0.972,Moderate traffic flow - standard adaptive signal timing in effect
EVT444337,2026-02-25 18:31:21,Sports Fixture,J031,Cubbon Road,12875,Weekday,False,Clear,False,0.0,False,False,1.0,Severe,8.9,75.6,419.7,0.162,0.374,0.921,Heavy congestion detected - signal timing extended and reroute suggested
EVT444338,2025-06-11 09:46:25,Trade Fair,J031,Cubbon Road,10166,Weekday,False,Heavy Rain,True,30.5,False,False,1.0,Severe,7.8,70.4,666.5,0.219,0.505,0.838,Heavy rain reducing visibility and grip - reduced speed and longer buffer advised
EVT444339,2025-02-21 12:11:12,Local Market Day,J031,Cubbon Road,3536,Weekday,False,Clear,False,0.0,False,False,0.173,Low,34.1,11.7,125.1,0.123,0.284,0.96,Normal free-flow traffic - standard signal timing maintained
EVT444340,2026-06-02 18:44:06,Trade Fair,J009,Majestic,8864,Weekday,False,Clear,False,0.0,False,False,1.0,Severe,7.9,71.0,633.7,0.213,0.491,0.941,Heavy congestion detected - signal timing extended and reroute suggested
EVT444341,2026-02-04 16:44:41,Local Market Day,J023,Basavanagudi,3938,Weekday,False,Clear,False,0.0,False,False,0.585,High,21.6,46.4,191.5,0.126,0.291,0.974,Moderate traffic flow - standard adaptive signal timing in effect
EVT444342,2025-06-27 20:04:58,Sports Fixture,J009,Majestic,20646,Weekday,False,Heavy Rain,True,52.9,False,False,1.0,Severe,6.8,73.2,832.1,0.254,0.588,0.883,Heavy rain reducing visibility and grip - reduced speed and longer buffer advised
EVT444343,2026-06-11 14:31:13,Sports Fixture,J020,Malleshwaram Circle,31951,Weekday,False,Clear,False,0.0,False,False,0.319,Low,31.2,25.1,120.7,0.116,0.268,0.983,Moderate traffic flow - standard adaptive signal timing in effect
EVT444344,2026-05-28 16:19:41,Political Rally,J011,Indiranagar 100ft Road,17802,Weekday,False,Clear,False,0.0,False,False,0.642,High,18.2,44.3,322.9,0.188,0.433,0.965,Moderate traffic flow - standard adaptive signal timing in effect
EVT444345,2025-09-28 07:27:27,Local Market Day,J030,MG Road,2316,Weekend,False,Heavy Rain,True,40.4,False,False,0.875,Severe,11.5,63.1,541.4,0.228,0.527,0.905,Heavy rain reducing visibility and grip - reduced speed and longer buffer advised
EVT444346,2026-05-23 22:41:38,Sports Fixture,J009,Majestic,23219,Weekend,False,Clear,False,0.0,False,False,0.352,Moderate,32.5,22.9,106.7,0.074,0.17,0.976,Moderate traffic flow - standard adaptive signal timing in effect
EVT444347,2025-08-14 17:37:41,Sports Fixture,J023,Basavanagudi,32422,Weekday,False,Rain,True,12.3,False,False,1.0,Severe,9.4,67.1,406.4,0.168,0.388,0.917,Heavy rain reducing visibility and grip - reduced speed and longer buffer advised
EVT444348,2026-01-10 15:56:44,Trade Fair,J040,City Market,11726,Weekend,False,Clear,False,0.0,False,False,0.447,Moderate,25.1,32.7,122.1,0.095,0.22,0.97,Moderate traffic flow - standard adaptive signal timing in effect
EVT444349,2025-09-02 16:32:21,Concert,J009,Majestic,16095,Weekday,False,Clear,False,0.0,False,False,0.672,High,17.7,48.4,287.6,0.161,0.372,0.99,Moderate traffic flow - standard adaptive signal timing in effect
EVT444350,2025-04-17 11:21:29,Trade Fair,J020,Malleshwaram Circle,7587,Weekday,False,Clear,False,0.0,False,False,0.337,Low,35.9,17.9,173.2,0.149,0.345,0.965,Moderate traffic flow - standard adaptive signal timing in effect
EVT444351,2025-01-27 09:01:34,Religious Festival,J030,MG Road,97825,Weekday,True,Clear,False,0.0,False,False,1.0,Severe,8.3,76.7,481.0,0.153,0.354,0.879,Festival crowd surge detected - alternate route and extended cycle recommended
EVT444352,2026-03-03 18:51:07,Trade Fair,J023,Basavanagudi,14088,Weekday,False,Clear,False,0.0,False,False,1.0,Severe,8.8,69.8,744.4,0.257,0.594,0.939,Heavy congestion detected - signal timing extended and reroute suggested
EVT444353,2026-02-16 04:46:07,Political Rally,J023,Basavanagudi,11552,Weekday,False,Clear,False,0.0,False,False,0.226,Low,35.4,23.2,172.0,0.134,0.31,0.964,Normal free-flow traffic - standard signal timing maintained
EVT444354,2025-08-08 08:31:13,Concert,J012,Koramangala Sony World,11373,Weekday,False,Clear,False,0.0,False,False,1.0,Severe,9.1,72.2,282.7,0.102,0.235,0.905,Heavy congestion detected - signal timing extended and reroute suggested
EVT444355,2025-04-27 20:28:42,Sports Fixture,J023,Basavanagudi,20365,Weekend,False,Clear,False,0.0,False,False,0.611,High,22.5,38.1,125.3,0.069,0.16,0.964,Moderate traffic flow - standard adaptive signal timing in effect
EVT444356,2025-09-14 09:14:03,Concert,J031,Cubbon Road,15516,Weekend,False,Clear,False,0.0,False,False,0.881,Severe,13.3,58.9,396.5,0.171,0.396,0.949,Heavy congestion detected - signal timing extended and reroute suggested
EVT444357,2025-02-23 07:26:48,Political Rally,J020,Malleshwaram Circle,7686,Weekend,False,Clear,False,0.0,False,False,0.559,High,22.9,38.2,178.0,0.135,0.311,0.975,Moderate traffic flow - standard adaptive signal timing in effect
EVT444358,2026-06-04 09:49:57,Local Market Day,J020,Malleshwaram Circle,3515,Weekday,False,Rain,True,14.9,False,False,0.976,Severe,7.7,68.9,626.6,0.198,0.458,0.865,Heavy rain reducing visibility and grip - reduced speed and longer buffer advised
EVT444359,2026-06-02 05:20:25,Local Market Day,J030,MG Road,4432,Weekday,False,Light Rain,True,1.1,False,False,0.21,Low,30.6,11.2,157.8,0.124,0.286,0.913,Light rain detected - minor speed reduction advised
EVT444360,2025-10-21 19:04:31,Religious Festival,J020,Malleshwaram Circle,35681,Weekday,True,Clear,False,0.0,False,True,1.0,Severe,4.8,104.6,1158.1,0.223,0.514,0.817,Road closure for event/procession - full detour recommended for through-traffic
EVT444361,2025-07-03 08:53:35,Local Market Day,J012,Koramangala Sony World,6467,Weekday,False,Clear,False,0.0,False,False,0.986,Severe,10.2,78.3,420.4,0.168,0.387,0.919,Heavy congestion detected - signal timing extended and reroute suggested
EVT444362,2026-02-18 09:53:31,Political Rally,J040,City Market,22719,Weekday,False,Clear,False,0.0,False,False,0.918,Severe,9.9,62.3,582.1,0.237,0.548,0.904,Heavy congestion detected - signal timing extended and reroute suggested
EVT444363,2025-04-14 18:16:52,Fireworks Display,J031,Cubbon Road,31065,Weekday,True,Clear,False,0.0,False,False,1.0,Severe,8.0,72.6,495.2,0.141,0.327,0.857,Festival crowd surge detected - alternate route and extended cycle recommended
EVT444364,2025-06-21 19:02:27,Sports Fixture,J031,Cubbon Road,17583,Weekend,False,Clear,False,0.0,False,False,0.991,Severe,9.0,69.9,278.7,0.111,0.255,0.914,Heavy congestion detected - signal timing extended and reroute suggested
EVT444365,2025-05-10 22:24:26,Sports Fixture,J023,Basavanagudi,15148,Weekend,False,Clear,False,0.0,False,False,0.342,Low,31.0,18.2,122.8,0.085,0.196,0.982,Moderate traffic flow - standard adaptive signal timing in effect
EVT444366,2025-03-16 16:38:58,Concert,J023,Basavanagudi,10834,Weekend,False,Clear,False,0.0,False,False,0.592,High,26.4,45.9,119.1,0.085,0.196,0.967,Moderate traffic flow - standard adaptive signal timing in effect
EVT444367,2025-12-29 10:10:13,Political Rally,J009,Majestic,12786,Weekday,False,Clear,False,0.0,False,False,0.814,Severe,16.4,59.1,126.1,0.058,0.133,0.949,Heavy congestion detected - signal timing extended and reroute suggested
EVT444368,2025-03-27 14:43:41,Local Market Day,J030,MG Road,2891,Weekday,False,Clear,False,0.0,False,False,0.253,Low,27.8,15.3,201.0,0.155,0.357,0.934,Moderate traffic flow - standard adaptive signal timing in effect
EVT444369,2025-06-01 10:09:47,Political Rally,J012,Koramangala Sony World,16964,Weekend,False,Clear,False,0.0,False,False,0.692,High,21.9,45.5,317.1,0.224,0.517,0.939,Moderate traffic flow - standard adaptive signal timing in effect
EVT444370,2025-05-16 20:18:28,Concert,J012,Koramangala Sony World,17159,Weekday,False,Clear,False,0.0,False,False,0.711,High,13.0,52.5,361.6,0.179,0.415,0.982,Moderate traffic flow - standard adaptive signal timing in effect
EVT444371,2025-11-28 09:17:21,Trade Fair,J030,MG Road,8156,Weekday,False,Clear,False,0.0,False,False,1.0,Severe,7.4,71.3,880.8,0.241,0.557,0.925,Heavy congestion detected - signal timing extended and reroute suggested
EVT444372,2025-04-24 13:52:15,Local Market Day,J020,Malleshwaram Circle,4336,Weekday,False,Clear,False,0.0,False,False,0.214,Low,29.1,13.4,123.1,0.091,0.211,0.961,Normal free-flow traffic - standard signal timing maintained
EVT444373,2025-12-20 08:07:17,Local Market Day,J009,Majestic,1799,Weekend,False,Clear,False,0.0,False,False,0.682,High,20.7,47.0,276.8,0.19,0.44,0.967,Moderate traffic flow - standard adaptive signal timing in effect
EVT444374,2025-06-26 17:52:03,Local Market Day,J012,Koramangala Sony World,2704,Weekday,False,Clear,False,0.0,False,False,0.975,Severe,8.0,64.2,294.9,0.119,0.275,0.912,Heavy congestion detected - signal timing extended and reroute suggested
EVT444375,2025-02-09 09:42:49,Local Market Day,J011,Indiranagar 100ft Road,4491,Weekend,False,Clear,False,0.0,False,False,0.85,Severe,13.5,62.4,225.5,0.121,0.279,0.937,Heavy congestion detected - signal timing extended and reroute suggested
EVT444376,2025-05-25 21:05:49,Local Market Day,J023,Basavanagudi,4855,Weekend,False,Clear,False,0.0,False,False,0.437,Moderate,27.0,31.8,173.8,0.128,0.295,0.958,Moderate traffic flow - standard adaptive signal timing in effect
EVT444377,2025-07-29 11:10:08,Sports Fixture,J023,Basavanagudi,40189,Weekday,False,Rain,True,14.0,False,False,0.805,Severe,15.6,54.8,433.7,0.235,0.544,0.897,Heavy rain reducing visibility and grip - reduced speed and longer buffer advised
EVT444378,2026-04-25 21:46:53,Sports Fixture,J020,Malleshwaram Circle,28187,Weekend,False,Clear,False,0.0,False,False,0.524,Moderate,23.7,38.6,295.9,0.202,0.466,0.983,Moderate traffic flow - standard adaptive signal timing in effect
EVT444379,2025-01-20 15:22:47,Local Market Day,J030,MG Road,3107,Weekday,False,Clear,False,0.0,False,False,0.342,Low,26.2,29.2,180.2,0.119,0.275,0.97,Moderate traffic flow - standard adaptive signal timing in effect
EVT444380,2025-12-12 18:43:48,Local Market Day,J020,Malleshwaram Circle,2987,Weekday,False,Rain,True,10.7,False,False,1.0,Severe,8.3,74.4,427.4,0.146,0.338,0.883,Heavy rain reducing visibility and grip - reduced speed and longer buffer advised
EVT444381,2025-11-19 18:52:35,Concert,J023,Basavanagudi,6035,Weekday,False,Light Rain,True,6.9,False,False,1.0,Severe,9.3,75.7,778.8,0.305,0.704,0.85,Heavy rain reducing visibility and grip - reduced speed and longer buffer advised
EVT444382,2026-03-21 09:57:43,Local Market Day,J031,Cubbon Road,6825,Weekend,False,Fog,False,0.0,False,False,0.657,High,18.5,44.5,247.0,0.161,0.371,0.953,Moderate traffic flow - standard adaptive signal timing in effect
EVT444383,2025-08-29 07:55:57,Sports Fixture,J040,City Market,42689,Weekday,False,Clear,False,0.0,False,False,1.0,Severe,6.8,71.6,411.6,0.118,0.273,0.902,Heavy congestion detected - signal timing extended and reroute suggested
EVT444384,2025-03-22 21:41:12,Sports Fixture,J040,City Market,18810,Weekend,False,Clear,False,0.0,False,False,0.457,Moderate,28.9,27.2,67.6,0.051,0.117,0.966,Moderate traffic flow - standard adaptive signal timing in effect
EVT444385,2026-04-26 18:23:55,Local Market Day,J011,Indiranagar 100ft Road,3983,Weekend,False,Clear,False,0.0,False,False,0.85,Severe,16.0,63.5,199.8,0.111,0.257,0.955,Heavy congestion detected - signal timing extended and reroute suggested
EVT444386,2026-05-10 08:59:17,Concert,J031,Cubbon Road,13549,Weekend,False,Clear,False,0.0,False,False,0.927,Severe,11.0,59.3,299.6,0.121,0.279,0.934,Heavy congestion detected - signal timing extended and reroute suggested
EVT444387,2026-04-14 19:35:45,Religious Festival,J030,MG Road,51676,Weekday,True,Fog,False,0.0,False,True,1.0,Severe,6.9,92.5,667.8,0.213,0.492,0.868,Road closure for event/procession - full detour recommended for through-traffic
EVT444388,2025-10-12 21:03:40,Concert,J023,Basavanagudi,11694,Weekend,False,Rain,True,14.6,False,False,0.698,High,19.7,52.6,241.0,0.165,0.381,0.929,Heavy rain reducing visibility and grip - reduced speed and longer buffer advised
EVT444389,2026-02-26 15:07:16,Political Rally,J040,City Market,12997,Weekday,False,Clear,False,0.0,False,False,0.314,Low,30.8,22.9,147.4,0.129,0.298,0.963,Moderate traffic flow - standard adaptive signal timing in effect
EVT444390,2025-08-25 13:59:19,Political Rally,J011,Indiranagar 100ft Road,22681,Weekday,False,Clear,False,0.0,False,False,0.242,Low,35.1,13.3,127.8,0.109,0.252,0.99,Normal free-flow traffic - standard signal timing maintained
EVT444391,2026-02-19 18:04:31,Sports Fixture,J031,Cubbon Road,12892,Weekday,False,Clear,False,0.0,False,False,1.0,Severe,7.6,75.1,659.3,0.208,0.481,0.902,Heavy congestion detected - signal timing extended and reroute suggested
EVT444392,2025-09-07 16:20:51,Political Rally,J020,Malleshwaram Circle,14304,Weekend,False,Clear,False,0.0,False,False,0.559,High,25.3,40.2,303.7,0.237,0.547,0.984,Moderate traffic flow - standard adaptive signal timing in effect
EVT444393,2025-03-02 15:09:55,Trade Fair,J031,Cubbon Road,6097,Weekend,False,Clear,False,0.0,False,False,0.369,Moderate,35.0,23.7,123.3,0.115,0.266,0.949,Moderate traffic flow - standard adaptive signal timing in effect
EVT444394,2025-10-29 12:18:50,Sports Fixture,J023,Basavanagudi,15118,Weekday,False,Fog,False,0.0,False,False,0.275,Low,30.8,24.0,163.3,0.125,0.288,0.967,Moderate traffic flow - standard adaptive signal timing in effect
EVT444395,2025-12-27 14:30:17,Concert,J040,City Market,8745,Weekend,False,Clear,False,0.0,False,False,0.27,Low,28.1,16.0,163.9,0.125,0.288,0.975,Moderate traffic flow - standard adaptive signal timing in effect
EVT444396,2026-03-14 15:25:13,Local Market Day,J031,Cubbon Road,4426,Weekend,False,Clear,False,0.0,False,False,0.391,Moderate,27.8,27.4,100.3,0.065,0.151,0.944,Moderate traffic flow - standard adaptive signal timing in effect
EVT444397,2025-06-05 14:13:52,Sports Fixture,J020,Malleshwaram Circle,48929,Weekday,False,Clear,False,0.0,False,False,0.416,Moderate,28.1,25.6,111.5,0.082,0.19,0.968,Moderate traffic flow - standard adaptive signal timing in effect
EVT444398,2026-02-27 18:30:21,Local Market Day,J030,MG Road,2418,Weekday,False,Clear,False,0.0,False,False,0.974,Severe,10.0,67.7,672.6,0.251,0.58,0.911,Heavy congestion detected - signal timing extended and reroute suggested
EVT444399,2025-03-21 09:42:00,Trade Fair,J012,Koramangala Sony World,6087,Weekday,False,Clear,False,0.0,False,False,0.943,Severe,7.8,67.0,797.1,0.245,0.566,0.919,Heavy congestion detected - signal timing extended and reroute suggested
EVT444400,2025-12-06 22:50:40,Concert,J030,MG Road,5337,Weekend,False,Clear,False,0.0,False,False,0.268,Low,32.5,17.8,181.6,0.155,0.358,0.983,Moderate traffic flow - standard adaptive signal timing in effect
EVT444401,2025-09-01 10:40:20,Concert,J040,City Market,11569,Weekday,False,Clear,False,0.0,False,False,0.573,High,23.9,42.6,136.3,0.104,0.239,0.953,Moderate traffic flow - standard adaptive signal timing in effect
EVT444402,2025-05-31 12:49:49,Trade Fair,J040,City Market,8721,Weekend,False,Clear,False,0.0,False,False,0.288,Low,25.0,15.9,171.5,0.111,0.255,0.959,Moderate traffic flow - standard adaptive signal timing in effect
EVT444403,2025-08-24 21:45:08,Local Market Day,J012,Koramangala Sony World,5474,Weekend,False,Clear,False,0.0,False,False,0.326,Low,35.4,18.5,119.7,0.111,0.256,0.98,Moderate traffic flow - standard adaptive signal timing in effect
EVT444404,2025-05-23 08:56:26,Concert,J011,Indiranagar 100ft Road,11227,Weekday,False,Clear,False,0.0,False,False,1.0,Severe,7.8,74.9,448.4,0.194,0.449,0.901,Heavy congestion detected - signal timing extended and reroute suggested
EVT444405,2025-08-16 16:01:54,Fireworks Display,J020,Malleshwaram Circle,24686,Weekend,True,Heavy Rain,True,34.2,False,False,1.0,Severe,9.7,67.8,571.1,0.244,0.563,0.798,Festival crowd surge detected - alternate route and extended cycle recommended
EVT444406,2026-05-08 12:25:59,Trade Fair,J012,Koramangala Sony World,9626,Weekday,False,Light Rain,True,7.3,False,False,0.4,Moderate,23.6,28.8,314.3,0.219,0.505,0.926,Light rain detected - minor speed reduction advised
EVT444407,2026-03-02 07:45:28,Concert,J030,MG Road,12583,Weekday,False,Clear,False,0.0,False,False,0.812,Severe,14.1,51.7,332.1,0.176,0.408,0.953,Heavy congestion detected - signal timing extended and reroute suggested
EVT444408,2025-07-23 16:29:39,Local Market Day,J031,Cubbon Road,7840,Weekday,False,Clear,False,0.0,False,False,0.634,High,22.3,42.1,163.6,0.119,0.274,0.954,Moderate traffic flow - standard adaptive signal timing in effect
EVT444409,2026-01-28 13:43:49,Sports Fixture,J031,Cubbon Road,28981,Weekday,False,Fog,False,0.0,False,False,0.385,Moderate,25.2,22.3,165.8,0.099,0.229,0.951,Moderate traffic flow - standard adaptive signal timing in effect
EVT444410,2025-06-04 21:52:54,Trade Fair,J009,Majestic,12051,Weekday,False,Clear,False,0.0,False,False,0.303,Low,27.9,23.8,88.5,0.072,0.167,0.97,Moderate traffic flow - standard adaptive signal timing in effect
EVT444411,2026-03-05 17:31:25,Religious Festival,J020,Malleshwaram Circle,34339,Weekday,True,Clear,False,0.0,False,True,1.0,Severe,9.1,95.1,502.6,0.173,0.4,0.841,Road closure for event/procession - full detour recommended for through-traffic
EVT444412,2025-08-08 19:28:33,Local Market Day,J009,Majestic,5594,Weekday,False,Rain,True,7.5,False,False,0.979,Severe,7.0,67.9,1088.5,0.301,0.695,0.857,Heavy rain reducing visibility and grip - reduced speed and longer buffer advised
EVT444413,2026-02-01 14:13:18,Local Market Day,J040,City Market,6870,Weekend,False,Fog,False,0.0,False,False,0.189,Low,28.6,9.6,86.3,0.068,0.157,0.938,Normal free-flow traffic - standard signal timing maintained
EVT444414,2025-09-12 13:25:47,Trade Fair,J030,MG Road,11223,Weekday,False,Clear,False,0.0,False,False,0.239,Low,30.4,18.7,152.9,0.123,0.285,0.962,Normal free-flow traffic - standard signal timing maintained
EVT444415,2025-05-16 14:55:34,Concert,J020,Malleshwaram Circle,13156,Weekday,False,Clear,False,0.0,False,False,0.343,Low,30.9,18.9,173.2,0.129,0.298,0.986,Moderate traffic flow - standard adaptive signal timing in effect
EVT444416,2025-12-19 12:57:50,Local Market Day,J040,City Market,4418,Weekday,False,Light Rain,True,7.0,False,False,0.291,Low,31.4,18.4,53.7,0.035,0.081,0.916,Light rain detected - minor speed reduction advised
EVT444417,2025-03-10 08:39:31,Concert,J020,Malleshwaram Circle,9632,Weekday,False,Clear,False,0.0,False,False,1.0,Severe,9.1,76.9,398.1,0.157,0.363,0.88,Heavy congestion detected - signal timing extended and reroute suggested
EVT444418,2025-12-16 16:42:50,Local Market Day,J030,MG Road,7888,Weekday,False,Clear,False,0.0,False,False,0.656,High,20.2,45.2,200.5,0.109,0.252,0.945,Moderate traffic flow - standard adaptive signal timing in effect
EVT444419,2025-03-27 12:58:41,Political Rally,J040,City Market,11827,Weekday,False,Clear,False,0.0,False,False,0.324,Low,28.0,23.9,135.2,0.096,0.221,0.953,Moderate traffic flow - standard adaptive signal timing in effect
EVT444420,2025-11-05 15:04:05,Concert,J023,Basavanagudi,11606,Weekday,False,Fog,False,0.0,False,False,0.241,Low,31.3,20.4,209.4,0.176,0.406,0.98,Normal free-flow traffic - standard signal timing maintained
EVT444421,2025-02-26 17:28:18,Political Rally,J020,Malleshwaram Circle,11130,Weekday,False,Clear,False,0.0,False,False,0.881,Severe,11.7,64.5,251.7,0.131,0.302,0.934,Heavy congestion detected - signal timing extended and reroute suggested
EVT444422,2026-04-11 15:14:51,Trade Fair,J040,City Market,6861,Weekend,False,Rain,True,10.7,False,False,0.477,Moderate,23.0,29.4,152.0,0.116,0.268,0.895,Light rain detected - minor speed reduction advised
EVT444423,2025-08-21 07:11:10,Sports Fixture,J031,Cubbon Road,36882,Weekday,False,Rain,True,18.5,False,False,0.917,Severe,13.5,64.4,469.4,0.225,0.521,0.902,Heavy rain reducing visibility and grip - reduced speed and longer buffer advised
EVT444424,2025-08-31 10:01:02,Local Market Day,J040,City Market,4473,Weekend,False,Fog,False,0.0,False,False,0.737,High,17.1,46.7,225.6,0.157,0.363,0.958,Moderate traffic flow - standard adaptive signal timing in effect
EVT444425,2025-10-16 14:23:50,Sports Fixture,J040,City Market,15930,Weekday,False,Clear,False,0.0,False,False,0.266,Low,32.0,22.4,113.0,0.096,0.222,0.975,Moderate traffic flow - standard adaptive signal timing in effect
EVT444426,2025-05-13 13:00:47,Local Market Day,J012,Koramangala Sony World,2046,Weekday,False,Clear,False,0.0,False,False,0.205,Low,37.2,12.2,136.6,0.133,0.308,0.953,Normal free-flow traffic - standard signal timing maintained
EVT444427,2025-10-28 20:12:24,Concert,J020,Malleshwaram Circle,18117,Weekday,False,Clear,False,0.0,False,False,0.673,High,21.3,45.5,207.5,0.142,0.328,0.971,Moderate traffic flow - standard adaptive signal timing in effect
EVT444428,2025-10-12 17:59:34,Concert,J023,Basavanagudi,4354,Weekend,False,Clear,False,0.0,False,False,0.764,Severe,13.3,57.6,385.7,0.191,0.442,0.977,Heavy congestion detected - signal timing extended and reroute suggested
EVT444429,2026-05-08 11:39:37,Local Market Day,J040,City Market,10073,Weekday,False,Heavy Rain,True,50.7,False,False,0.653,High,22.8,50.3,207.4,0.147,0.341,0.902,Heavy rain reducing visibility and grip - reduced speed and longer buffer advised
EVT444430,2025-02-14 15:27:16,Concert,J040,City Market,13798,Weekday,False,Clear,False,0.0,False,False,0.404,Moderate,33.7,27.5,223.0,0.218,0.503,0.971,Moderate traffic flow - standard adaptive signal timing in effect
EVT444431,2026-06-07 16:36:09,Trade Fair,J009,Majestic,10657,Weekend,False,Rain,True,8.9,False,False,0.677,High,22.6,51.1,187.0,0.144,0.333,0.908,Heavy rain reducing visibility and grip - reduced speed and longer buffer advised
EVT444432,2025-04-07 22:11:41,Cultural Procession,J031,Cubbon Road,45540,Weekday,True,Clear,False,0.0,False,True,0.835,High,11.8,82.0,419.1,0.194,0.449,0.853,Road closure for event/procession - full detour recommended for through-traffic
EVT444433,2025-05-10 19:04:50,Concert,J040,City Market,11878,Weekend,False,Clear,False,0.0,False,False,0.845,Severe,12.5,62.4,406.4,0.185,0.428,0.92,Heavy congestion detected - signal timing extended and reroute suggested
EVT444434,2026-02-06 17:28:33,Trade Fair,J023,Basavanagudi,7709,Weekday,False,Clear,False,0.0,False,False,0.92,Severe,10.7,63.6,522.4,0.22,0.507,0.953,Heavy congestion detected - signal timing extended and reroute suggested
EVT444435,2026-06-14 17:26:06,Trade Fair,J040,City Market,4256,Weekend,False,Clear,False,0.0,False,False,0.708,High,17.3,47.7,386.0,0.205,0.474,0.976,Moderate traffic flow - standard adaptive signal timing in effect
EVT444436,2026-06-01 19:08:45,Concert,J030,MG Road,12630,Weekday,False,Heavy Rain,True,28.1,False,False,1.0,Severe,8.7,76.0,558.3,0.218,0.504,0.885,Heavy rain reducing visibility and grip - reduced speed and longer buffer advised
EVT444437,2026-04-16 21:57:11,Local Market Day,J020,Malleshwaram Circle,2873,Weekday,False,Clear,False,0.0,False,False,0.233,Low,35.4,16.5,152.9,0.142,0.329,0.95,Normal free-flow traffic - standard signal timing maintained
EVT444438,2025-06-12 10:17:10,Local Market Day,J030,MG Road,3543,Weekday,False,Heavy Rain,True,50.0,False,False,1.0,Severe,8.5,74.7,516.2,0.157,0.362,0.872,Heavy rain reducing visibility and grip - reduced speed and longer buffer advised
EVT444439,2026-06-16 15:01:33,Sports Fixture,J012,Koramangala Sony World,12507,Weekday,False,Rain,True,17.5,False,False,0.497,Moderate,24.5,33.0,149.1,0.106,0.244,0.926,Light rain detected - minor speed reduction advised
EVT444440,2025-09-05 08:44:42,Religious Festival,J012,Koramangala Sony World,21240,Weekday,True,Light Rain,True,5.1,False,False,1.0,Severe,9.3,70.7,657.8,0.262,0.606,0.806,Festival crowd surge detected - alternate route and extended cycle recommended
EVT444441,2026-01-01 08:11:50,Religious Festival,J020,Malleshwaram Circle,38742,Weekday,True,Clear,False,0.0,False,True,1.0,Severe,6.5,100.0,786.0,0.228,0.527,0.829,Road closure for event/procession - full detour recommended for through-traffic
EVT444442,2025-01-29 13:32:45,Local Market Day,J012,Koramangala Sony World,3484,Weekday,False,Clear,False,0.0,False,False,0.198,Low,36.0,18.8,118.3,0.095,0.219,0.953,Normal free-flow traffic - standard signal timing maintained
EVT444443,2025-09-19 17:49:36,Local Market Day,J011,Indiranagar 100ft Road,5949,Weekday,False,Heavy Rain,True,31.0,False,False,1.0,Severe,7.6,65.5,750.2,0.24,0.555,0.884,Heavy rain reducing visibility and grip - reduced speed and longer buffer advised
EVT444444,2025-03-13 07:31:59,Concert,J031,Cubbon Road,14730,Weekday,False,Clear,False,0.0,False,False,0.681,High,17.1,52.3,265.3,0.16,0.369,0.962,Moderate traffic flow - standard adaptive signal timing in effect
EVT444445,2025-04-27 08:28:27,Concert,J020,Malleshwaram Circle,9005,Weekend,False,Fog,False,0.0,False,False,0.907,Severe,11.2,63.6,320.2,0.161,0.372,0.922,Heavy congestion detected - signal timing extended and reroute suggested
EVT444446,2026-02-03 22:00:45,Trade Fair,J009,Majestic,7768,Weekday,False,Clear,False,0.0,False,False,0.28,Low,43.9,19.5,128.8,0.129,0.299,0.971,Moderate traffic flow - standard adaptive signal timing in effect
EVT444447,2025-12-28 17:35:30,Concert,J040,City Market,11983,Weekend,False,Fog,False,0.0,False,False,0.79,Severe,17.0,52.6,363.7,0.222,0.513,0.961,Heavy congestion detected - signal timing extended and reroute suggested
EVT444448,2025-08-17 18:42:22,Sports Fixture,J011,Indiranagar 100ft Road,23397,Weekend,False,Clear,False,0.0,False,False,0.98,Severe,8.8,69.1,620.6,0.216,0.5,0.937,Heavy congestion detected - signal timing extended and reroute suggested
EVT444449,2026-05-02 04:14:39,Religious Festival,J031,Cubbon Road,42975,Weekend,True,Clear,False,0.0,True,True,1.0,Severe,7.8,97.8,403.6,0.159,0.367,0.658,Road closure for event/procession - full detour recommended for through-traffic
EVT444450,2025-05-26 21:26:14,Trade Fair,J012,Koramangala Sony World,8658,Weekday,False,Clear,False,0.0,False,False,0.352,Moderate,26.3,20.3,150.9,0.103,0.238,0.982,Moderate traffic flow - standard adaptive signal timing in effect
EVT444451,2025-05-14 13:06:36,Sports Fixture,J009,Majestic,16747,Weekday,False,Clear,False,0.0,False,False,0.195,Low,41.8,11.5,89.8,0.102,0.236,0.975,Normal free-flow traffic - standard signal timing maintained
EVT444452,2025-01-27 15:46:43,Cultural Procession,J030,MG Road,11163,Weekday,True,Clear,False,0.0,False,True,0.745,High,17.5,65.5,297.6,0.186,0.43,0.877,Road closure for event/procession - full detour recommended for through-traffic
EVT444453,2025-11-08 13:32:55,Concert,J023,Basavanagudi,9190,Weekend,False,Clear,False,0.0,False,False,0.203,Low,25.6,13.8,156.0,0.1,0.23,0.967,Normal free-flow traffic - standard signal timing maintained
EVT444454,2025-02-04 07:42:54,Sports Fixture,J030,MG Road,30403,Weekday,False,Clear,False,0.0,False,False,0.79,Severe,19.1,53.3,221.9,0.126,0.29,0.99,Heavy congestion detected - signal timing extended and reroute suggested
EVT444455,2026-06-01 11:53:28,Concert,J012,Koramangala Sony World,9586,Weekday,False,Clear,False,0.0,False,False,0.178,Low,37.4,9.3,97.1,0.084,0.194,0.927,Normal free-flow traffic - standard signal timing maintained
EVT444456,2025-10-24 18:16:20,Trade Fair,J030,MG Road,9918,Weekday,False,Clear,False,0.0,False,False,1.0,Severe,7.8,70.0,714.0,0.252,0.582,0.91,Heavy congestion detected - signal timing extended and reroute suggested
EVT444457,2025-03-19 22:14:40,Concert,J012,Koramangala Sony World,13354,Weekday,False,Clear,False,0.0,True,False,0.572,High,24.6,40.1,239.8,0.174,0.403,0.804,Accident detected nearby - reroute and reduced speed advised
EVT444458,2025-04-18 19:34:53,Local Market Day,J011,Indiranagar 100ft Road,5399,Weekday,False,Clear,False,0.0,False,False,0.824,Severe,12.0,56.3,393.4,0.173,0.399,0.947,Heavy congestion detected - signal timing extended and reroute suggested
EVT444459,2025-05-06 10:32:29,Political Rally,J040,City Market,12984,Weekday,False,Clear,False,0.0,False,False,0.684,High,18.4,55.1,261.8,0.156,0.36,0.965,Moderate traffic flow - standard adaptive signal timing in effect
EVT444460,2025-08-17 17:59:19,Local Market Day,J012,Koramangala Sony World,2560,Weekend,False,Clear,False,0.0,False,False,0.739,High,12.4,50.2,270.1,0.113,0.261,0.972,Moderate traffic flow - standard adaptive signal timing in effect
EVT444461,2026-04-11 23:47:05,Sports Fixture,J031,Cubbon Road,13903,Weekend,False,Clear,False,0.0,False,False,0.279,Low,31.6,19.9,184.7,0.162,0.373,0.99,Moderate traffic flow - standard adaptive signal timing in effect
EVT444462,2025-06-24 16:19:44,Local Market Day,J009,Majestic,3528,Weekday,False,Rain,True,19.5,False,False,0.722,High,17.8,51.1,308.3,0.206,0.476,0.907,Heavy rain reducing visibility and grip - reduced speed and longer buffer advised
EVT444463,2026-02-23 18:10:00,Sports Fixture,J040,City Market,36403,Weekday,False,Fog,False,0.0,False,False,1.0,Severe,6.8,68.1,618.1,0.169,0.39,0.916,Heavy congestion detected - signal timing extended and reroute suggested
EVT444464,2026-03-11 19:22:50,Sports Fixture,J011,Indiranagar 100ft Road,47275,Weekday,False,Clear,False,0.0,False,False,1.0,Severe,7.5,68.7,299.7,0.102,0.236,0.909,Heavy congestion detected - signal timing extended and reroute suggested
EVT444465,2026-04-16 18:16:49,Concert,J009,Majestic,14037,Weekday,False,Clear,False,0.0,False,False,1.0,Severe,9.4,75.0,469.3,0.187,0.432,0.913,Heavy congestion detected - signal timing extended and reroute suggested
EVT444466,2025-07-01 08:19:38,Trade Fair,J011,Indiranagar 100ft Road,11184,Weekday,False,Heavy Rain,True,59.2,False,False,1.0,Severe,7.0,67.6,1102.8,0.318,0.734,0.88,Heavy rain reducing visibility and grip - reduced speed and longer buffer advised
EVT444467,2026-01-19 08:13:52,Local Market Day,J030,MG Road,12994,Weekday,False,Clear,False,0.0,False,False,0.835,Severe,11.2,59.8,158.0,0.072,0.167,0.935,Heavy congestion detected - signal timing extended and reroute suggested
EVT444468,2025-10-25 16:21:21,Sports Fixture,J020,Malleshwaram Circle,31333,Weekend,False,Fog,False,0.0,False,False,0.624,High,24.6,43.2,296.9,0.224,0.517,0.964,Moderate traffic flow - standard adaptive signal timing in effect
EVT444469,2025-08-22 14:53:18,Sports Fixture,J012,Koramangala Sony World,34966,Weekday,False,Heavy Rain,True,60.3,False,False,0.863,Severe,12.6,61.8,289.8,0.133,0.307,0.891,Heavy rain reducing visibility and grip - reduced speed and longer buffer advised
EVT444470,2025-07-05 06:10:22,Local Market Day,J023,Basavanagudi,3229,Weekend,False,Rain,True,21.6,True,False,0.893,Severe,10.8,72.2,364.5,0.158,0.366,0.711,Accident detected nearby - reroute and reduced speed advised
EVT444471,2025-10-15 08:23:31,Local Market Day,J011,Indiranagar 100ft Road,5806,Weekday,False,Clear,False,0.0,False,False,0.96,Severe,7.9,66.1,584.0,0.19,0.439,0.926,Heavy congestion detected - signal timing extended and reroute suggested
EVT444472,2025-08-23 12:55:00,Concert,J031,Cubbon Road,8191,Weekend,False,Clear,False,0.0,False,False,0.31,Low,27.2,24.5,142.4,0.113,0.261,0.946,Moderate traffic flow - standard adaptive signal timing in effect
EVT444473,2025-04-23 12:29:07,Local Market Day,J011,Indiranagar 100ft Road,4589,Weekday,False,Clear,False,0.0,False,False,0.241,Low,27.8,14.3,231.6,0.166,0.384,0.968,Normal free-flow traffic - standard signal timing maintained
EVT444474,2025-02-16 13:51:26,Trade Fair,J011,Indiranagar 100ft Road,10455,Weekend,False,Clear,False,0.0,False,False,0.28,Low,35.8,15.6,101.3,0.093,0.214,0.982,Moderate traffic flow - standard adaptive signal timing in effect
EVT444475,2025-11-01 16:48:30,Religious Festival,J011,Indiranagar 100ft Road,32495,Weekend,True,Clear,False,0.0,False,False,0.982,Severe,8.7,71.1,685.3,0.213,0.491,0.901,Festival crowd surge detected - alternate route and extended cycle recommended
EVT444476,2025-04-08 12:42:33,Local Market Day,J011,Indiranagar 100ft Road,2677,Weekday,False,Clear,False,0.0,False,False,0.156,Low,40.1,13.5,120.2,0.125,0.288,0.969,Normal free-flow traffic - standard signal timing maintained
EVT444477,2026-01-13 16:49:51,Local Market Day,J020,Malleshwaram Circle,4460,Weekday,False,Clear,False,0.0,False,False,0.691,High,19.5,49.9,209.5,0.127,0.292,0.941,Moderate traffic flow - standard adaptive signal timing in effect
EVT444478,2025-10-10 10:55:07,Local Market Day,J023,Basavanagudi,3282,Weekday,False,Clear,False,0.0,False,False,0.474,Moderate,28.9,29.4,221.3,0.188,0.434,0.99,Moderate traffic flow - standard adaptive signal timing in effect
EVT444479,2025-12-22 12:56:51,Local Market Day,J040,City Market,5839,Weekday,False,Clear,False,0.0,False,False,0.234,Low,31.4,21.0,185.7,0.156,0.359,0.99,Normal free-flow traffic - standard signal timing maintained
EVT444480,2025-09-27 20:43:03,Sports Fixture,J012,Koramangala Sony World,7797,Weekend,False,Fog,False,0.0,False,False,0.563,High,30.3,41.7,116.3,0.098,0.227,0.964,Moderate traffic flow - standard adaptive signal timing in effect
EVT444481,2025-11-22 20:47:52,Trade Fair,J011,Indiranagar 100ft Road,7155,Weekend,False,Clear,False,0.0,False,False,0.574,High,22.7,47.1,212.1,0.127,0.295,0.975,Moderate traffic flow - standard adaptive signal timing in effect
EVT444482,2026-06-07 08:38:25,Local Market Day,J012,Koramangala Sony World,3377,Weekend,False,Rain,True,14.0,False,False,1.0,Severe,9.8,73.7,655.6,0.26,0.599,0.846,Heavy rain reducing visibility and grip - reduced speed and longer buffer advised
EVT444483,2026-05-31 17:26:38,Trade Fair,J030,MG Road,7608,Weekend,False,Clear,False,0.0,False,False,0.797,Severe,14.2,60.2,327.9,0.164,0.379,0.941,Heavy congestion detected - signal timing extended and reroute suggested
EVT444484,2025-07-20 16:54:07,Political Rally,J040,City Market,19011,Weekend,False,Clear,False,0.0,False,False,0.666,High,21.5,45.8,327.7,0.236,0.544,0.947,Moderate traffic flow - standard adaptive signal timing in effect
EVT444485,2025-08-28 09:01:44,Religious Festival,J031,Cubbon Road,41840,Weekday,True,Clear,False,0.0,False,True,1.0,Severe,8.2,98.5,468.8,0.174,0.403,0.858,Road closure for event/procession - full detour recommended for through-traffic
EVT444486,2025-01-05 18:26:37,Concert,J030,MG Road,13526,Weekend,False,Clear,False,0.0,False,False,0.919,Severe,9.5,65.2,345.7,0.14,0.324,0.931,Heavy congestion detected - signal timing extended and reroute suggested
EVT444487,2026-06-10 18:00:25,Political Rally,J011,Indiranagar 100ft Road,12209,Weekday,False,Clear,False,0.0,False,False,1.0,Severe,9.0,72.5,750.6,0.276,0.637,0.935,Heavy congestion detected - signal timing extended and reroute suggested
EVT444488,2026-05-15 17:14:03,Trade Fair,J030,MG Road,3575,Weekday,False,Clear,False,0.0,False,False,0.755,Severe,13.6,54.6,358.6,0.183,0.423,0.979,Heavy congestion detected - signal timing extended and reroute suggested
EVT444489,2025-11-08 09:41:22,Local Market Day,J031,Cubbon Road,3531,Weekend,False,Clear,False,0.0,False,False,0.775,Severe,15.4,55.7,352.8,0.205,0.473,0.949,Heavy congestion detected - signal timing extended and reroute suggested
EVT444490,2025-11-16 08:57:43,Concert,J020,Malleshwaram Circle,12647,Weekend,False,Clear,False,0.0,False,False,0.977,Severe,9.1,72.9,289.4,0.128,0.295,0.915,Heavy congestion detected - signal timing extended and reroute suggested
EVT444491,2025-04-01 08:37:57,Local Market Day,J011,Indiranagar 100ft Road,4173,Weekday,False,Light Rain,True,5.6,False,False,1.0,Severe,8.7,67.7,528.8,0.206,0.475,0.859,Heavy rain reducing visibility and grip - reduced speed and longer buffer advised
EVT444492,2025-03-30 06:39:09,Religious Festival,J020,Malleshwaram Circle,47689,Weekend,True,Clear,False,0.0,False,True,1.0,Severe,6.1,97.2,887.9,0.214,0.494,0.846,Road closure for event/procession - full detour recommended for through-traffic
EVT444493,2025-04-06 17:02:02,Religious Festival,J009,Majestic,40997,Weekend,True,Clear,False,0.0,False,False,1.0,Severe,7.8,69.0,885.4,0.29,0.671,0.836,Festival crowd surge detected - alternate route and extended cycle recommended
EVT444494,2025-12-01 14:47:52,Political Rally,J031,Cubbon Road,15431,Weekday,False,Clear,False,0.0,False,False,0.271,Low,36.2,10.4,170.1,0.157,0.362,0.96,Moderate traffic flow - standard adaptive signal timing in effect
EVT444495,2025-03-05 06:59:49,Concert,J040,City Market,16725,Weekday,False,Clear,False,0.0,False,False,0.458,Moderate,22.8,31.5,117.0,0.098,0.225,0.953,Moderate traffic flow - standard adaptive signal timing in effect
EVT444496,2025-06-14 09:30:22,Political Rally,J011,Indiranagar 100ft Road,13594,Weekend,False,Clear,False,0.0,False,False,0.873,Severe,13.5,61.0,355.5,0.177,0.408,0.95,Heavy congestion detected - signal timing extended and reroute suggested
EVT444497,2026-03-28 22:14:23,Sports Fixture,J011,Indiranagar 100ft Road,31968,Weekend,False,Light Rain,True,5.1,False,False,0.51,Moderate,24.7,35.9,102.8,0.079,0.183,0.929,Light rain detected - minor speed reduction advised
EVT444498,2026-03-26 10:28:14,Religious Festival,J011,Indiranagar 100ft Road,46892,Weekday,True,Light Rain,True,1.3,False,True,1.0,Severe,9.0,93.5,261.0,0.103,0.237,0.753,Road closure for event/procession - full detour recommended for through-traffic
EVT444499,2025-08-31 19:33:19,Concert,J040,City Market,9339,Weekend,False,Clear,False,0.0,False,False,0.721,High,17.1,48.0,135.9,0.083,0.191,0.964,Moderate traffic flow - standard adaptive signal timing in effect
EVT444500,2025-07-16 22:54:36,Local Market Day,J023,Basavanagudi,7580,Weekday,False,Clear,False,0.0,False,False,0.305,Low,26.9,22.5,140.4,0.09,0.207,0.967,Moderate traffic flow - standard adaptive signal timing in effect
EVT444501,2025-11-28 09:56:29,Concert,J012,Koramangala Sony World,13489,Weekday,False,Clear,False,0.0,False,False,0.858,Severe,10.5,64.0,692.6,0.284,0.656,0.957,Heavy congestion detected - signal timing extended and reroute suggested
EVT444502,2026-04-11 19:33:24,Concert,J031,Cubbon Road,12062,Weekend,False,Clear,False,0.0,False,False,0.74,High,16.5,53.9,310.9,0.184,0.425,0.978,Moderate traffic flow - standard adaptive signal timing in effect
EVT444503,2025-11-23 18:20:35,Local Market Day,J040,City Market,5612,Weekend,False,Clear,False,0.0,False,False,0.89,Severe,11.4,64.7,390.1,0.153,0.354,0.914,Heavy congestion detected - signal timing extended and reroute suggested
EVT444504,2025-04-11 08:09:21,Local Market Day,J020,Malleshwaram Circle,4565,Weekday,False,Clear,False,0.0,False,False,0.854,Severe,13.8,58.0,253.2,0.116,0.267,0.945,Heavy congestion detected - signal timing extended and reroute suggested
EVT444505,2025-07-22 16:38:20,Trade Fair,J040,City Market,15017,Weekday,False,Clear,False,0.0,False,False,0.66,High,17.1,49.7,500.5,0.252,0.583,0.972,Moderate traffic flow - standard adaptive signal timing in effect
EVT444506,2025-01-15 09:38:16,Religious Festival,J011,Indiranagar 100ft Road,39517,Weekday,True,Clear,False,0.0,False,False,1.0,Severe,8.3,62.7,903.6,0.273,0.631,0.862,Festival crowd surge detected - alternate route and extended cycle recommended
EVT444507,2025-11-01 08:17:17,Religious Festival,J031,Cubbon Road,65592,Weekend,True,Clear,False,0.0,False,True,1.0,Severe,9.4,96.9,469.5,0.188,0.433,0.831,Road closure for event/procession - full detour recommended for through-traffic
EVT444508,2026-06-09 18:37:21,Concert,J020,Malleshwaram Circle,8596,Weekday,False,Clear,False,0.0,False,False,1.0,Severe,8.4,70.5,363.3,0.135,0.312,0.935,Heavy congestion detected - signal timing extended and reroute suggested
EVT444509,2025-12-24 20:46:38,Concert,J023,Basavanagudi,12469,Weekday,False,Clear,False,0.0,False,False,0.593,High,20.2,40.3,207.6,0.12,0.276,0.97,Moderate traffic flow - standard adaptive signal timing in effect
EVT444510,2025-02-26 18:51:39,Political Rally,J009,Majestic,18720,Weekday,False,Clear,False,0.0,False,False,1.0,Severe,9.5,69.9,423.8,0.157,0.363,0.938,Heavy congestion detected - signal timing extended and reroute suggested
EVT444511,2025-01-30 14:38:04,Sports Fixture,J011,Indiranagar 100ft Road,19662,Weekday,False,Clear,False,0.0,False,False,0.363,Moderate,31.5,29.0,218.7,0.18,0.417,0.958,Moderate traffic flow - standard adaptive signal timing in effect
EVT444512,2026-05-10 07:42:20,Local Market Day,J030,MG Road,3030,Weekend,False,Heavy Rain,True,52.9,False,False,0.965,Severe,10.7,70.5,479.1,0.21,0.486,0.858,Heavy rain reducing visibility and grip - reduced speed and longer buffer advised
EVT444513,2025-02-19 12:20:41,Concert,J009,Majestic,7659,Weekday,False,Clear,False,0.0,False,False,0.212,Low,30.0,15.0,167.8,0.128,0.297,0.957,Normal free-flow traffic - standard signal timing maintained
EVT444514,2026-03-17 11:34:46,Concert,J031,Cubbon Road,25296,Weekday,False,Clear,False,0.0,False,False,0.376,Moderate,35.2,32.4,166.6,0.146,0.338,0.962,Moderate traffic flow - standard adaptive signal timing in effect
EVT444515,2025-12-19 20:55:01,Sports Fixture,J023,Basavanagudi,21482,Weekday,False,Clear,False,0.0,False,False,0.598,High,18.0,45.9,337.0,0.179,0.414,0.976,Moderate traffic flow - standard adaptive signal timing in effect
EVT444516,2025-01-24 20:17:51,Sports Fixture,J023,Basavanagudi,9224,Weekday,False,Clear,False,0.0,False,False,0.656,High,19.8,43.3,176.8,0.128,0.295,0.976,Moderate traffic flow - standard adaptive signal timing in effect
EVT444517,2026-01-16 01:40:17,Local Market Day,J012,Koramangala Sony World,4092,Weekday,False,Clear,False,0.0,False,False,0.209,Low,36.4,9.7,129.0,0.134,0.309,0.956,Normal free-flow traffic - standard signal timing maintained
EVT444518,2025-05-11 20:35:35,Local Market Day,J012,Koramangala Sony World,3335,Weekend,False,Clear,False,0.0,False,False,0.501,Moderate,25.6,33.6,215.3,0.154,0.357,0.984,Moderate traffic flow - standard adaptive signal timing in effect
EVT444519,2025-11-06 17:34:54,Local Market Day,J009,Majestic,4879,Weekday,False,Clear,False,0.0,False,False,0.872,Severe,9.9,66.7,412.3,0.171,0.396,0.956,Heavy congestion detected - signal timing extended and reroute suggested
EVT444520,2025-10-28 21:31:00,Local Market Day,J011,Indiranagar 100ft Road,3480,Weekday,False,Clear,False,0.0,False,False,0.359,Moderate,31.6,25.6,94.3,0.078,0.181,0.966,Moderate traffic flow - standard adaptive signal timing in effect
EVT444521,2025-01-02 10:15:08,Local Market Day,J012,Koramangala Sony World,4439,Weekday,False,Clear,False,0.0,False,False,0.679,High,20.3,49.4,145.1,0.082,0.188,0.952,Moderate traffic flow - standard adaptive signal timing in effect
EVT444522,2026-01-01 18:29:23,Cultural Procession,J012,Koramangala Sony World,24567,Weekday,True,Clear,False,0.0,False,True,1.0,Severe,9.4,93.0,724.2,0.291,0.671,0.833,Road closure for event/procession - full detour recommended for through-traffic
EVT444523,2025-10-16 21:47:09,Trade Fair,J023,Basavanagudi,9204,Weekday,False,Clear,False,0.0,True,False,0.7,High,13.7,44.8,389.0,0.182,0.421,0.817,Accident detected nearby - reroute and reduced speed advised
EVT444524,2025-12-10 08:45:19,Local Market Day,J030,MG Road,3085,Weekday,False,Clear,False,0.0,False,False,1.0,Severe,8.1,76.9,592.8,0.183,0.422,0.942,Heavy congestion detected - signal timing extended and reroute suggested
EVT444525,2025-01-21 18:19:24,Trade Fair,J012,Koramangala Sony World,9202,Weekday,False,Clear,False,0.0,False,False,1.0,Severe,9.5,66.4,492.1,0.209,0.484,0.893,Heavy congestion detected - signal timing extended and reroute suggested
EVT444526,2025-12-27 06:30:18,Local Market Day,J020,Malleshwaram Circle,2833,Weekend,False,Light Rain,True,5.1,False,False,0.456,Moderate,27.6,35.4,167.5,0.117,0.271,0.897,Light rain detected - minor speed reduction advised
EVT444527,2025-05-27 10:53:19,Concert,J012,Koramangala Sony World,8685,Weekday,False,Clear,False,0.0,False,False,0.57,High,25.5,40.5,195.8,0.136,0.315,0.971,Moderate traffic flow - standard adaptive signal timing in effect
EVT444528,2025-10-30 14:59:50,Local Market Day,J030,MG Road,5568,Weekday,False,Clear,False,0.0,False,False,0.255,Low,34.1,22.5,155.3,0.145,0.336,0.971,Moderate traffic flow - standard adaptive signal timing in effect
EVT444529,2025-07-23 16:12:29,Trade Fair,J030,MG Road,6178,Weekday,False,Clear,False,0.0,False,False,0.468,Moderate,27.0,32.9,148.1,0.109,0.252,0.975,Moderate traffic flow - standard adaptive signal timing in effect
EVT444530,2025-11-21 18:44:31,Sports Fixture,J031,Cubbon Road,14045,Weekday,False,Rain,True,18.9,False,False,1.0,Severe,9.0,72.2,332.1,0.14,0.324,0.878,Heavy rain reducing visibility and grip - reduced speed and longer buffer advised
EVT444531,2025-01-29 16:19:15,Concert,J020,Malleshwaram Circle,12928,Weekday,False,Clear,False,0.0,False,False,0.631,High,21.9,52.5,185.8,0.125,0.289,0.977,Moderate traffic flow - standard adaptive signal timing in effect
EVT444532,2025-09-13 19:41:29,Trade Fair,J030,MG Road,5628,Weekend,False,Clear,False,0.0,False,False,0.672,High,20.2,51.7,307.6,0.185,0.428,0.977,Moderate traffic flow - standard adaptive signal timing in effect
EVT444533,2025-06-09 19:30:11,Concert,J030,MG Road,12672,Weekday,False,Clear,False,0.0,False,False,0.867,Severe,14.0,61.8,269.9,0.157,0.362,0.921,Heavy congestion detected - signal timing extended and reroute suggested
EVT444534,2025-03-13 12:54:25,Concert,J009,Majestic,11685,Weekday,False,Clear,False,0.0,False,False,0.233,Low,25.7,17.2,227.7,0.163,0.376,0.976,Normal free-flow traffic - standard signal timing maintained
EVT444535,2025-05-27 12:57:24,Concert,J011,Indiranagar 100ft Road,7638,Weekday,False,Clear,False,0.0,False,False,0.221,Low,34.1,12.6,144.9,0.142,0.328,0.967,Normal free-flow traffic - standard signal timing maintained
EVT444536,2026-04-14 08:06:59,Religious Festival,J009,Majestic,50250,Weekday,True,Clear,False,0.0,False,False,1.0,Severe,7.9,69.6,320.8,0.126,0.291,0.891,Festival crowd surge detected - alternate route and extended cycle recommended
EVT444537,2026-03-10 12:33:12,Local Market Day,J040,City Market,2969,Weekday,False,Clear,False,0.0,False,False,0.213,Low,41.9,13.2,95.9,0.108,0.249,0.99,Normal free-flow traffic - standard signal timing maintained
EVT444538,2025-11-21 21:55:59,Local Market Day,J012,Koramangala Sony World,4430,Weekday,False,Clear,False,0.0,False,False,0.364,Moderate,37.2,27.2,130.7,0.134,0.31,0.966,Moderate traffic flow - standard adaptive signal timing in effect
EVT444539,2025-06-09 19:48:45,Trade Fair,J023,Basavanagudi,8810,Weekday,False,Clear,False,0.0,False,False,0.771,Severe,15.1,57.4,408.4,0.223,0.514,0.952,Heavy congestion detected - signal timing extended and reroute suggested
EVT444540,2026-02-27 18:42:23,Sports Fixture,J023,Basavanagudi,41359,Weekday,False,Clear,False,0.0,False,False,1.0,Severe,9.6,71.9,338.3,0.124,0.286,0.902,Heavy congestion detected - signal timing extended and reroute suggested
EVT444541,2025-07-30 09:31:27,Local Market Day,J009,Majestic,5410,Weekday,False,Clear,False,0.0,False,False,1.0,Severe,8.3,75.2,374.2,0.137,0.316,0.913,Heavy congestion detected - signal timing extended and reroute suggested
EVT444542,2025-06-22 16:38:36,Concert,J020,Malleshwaram Circle,11602,Weekend,False,Heavy Rain,True,53.9,False,False,1.0,Severe,8.0,62.5,605.5,0.194,0.447,0.857,Heavy rain reducing visibility and grip - reduced speed and longer buffer advised
EVT444543,2025-09-23 07:28:17,Sports Fixture,J023,Basavanagudi,26296,Weekday,False,Clear,False,0.0,False,False,0.734,High,17.9,50.2,303.3,0.172,0.397,0.941,Moderate traffic flow - standard adaptive signal timing in effect
EVT444544,2025-02-19 15:48:33,Concert,J011,Indiranagar 100ft Road,8131,Weekday,False,Clear,False,0.0,False,False,0.399,Moderate,30.9,31.8,98.7,0.072,0.167,0.984,Moderate traffic flow - standard adaptive signal timing in effect
EVT444545,2026-02-12 12:27:12,Local Market Day,J009,Majestic,4273,Weekday,False,Clear,False,0.0,False,False,0.269,Low,31.0,17.4,157.3,0.154,0.357,0.978,Moderate traffic flow - standard adaptive signal timing in effect
EVT444546,2025-05-27 19:57:38,Local Market Day,J030,MG Road,4288,Weekday,False,Clear,False,0.0,False,False,0.7,High,16.6,51.4,408.7,0.241,0.556,0.965,Moderate traffic flow - standard adaptive signal timing in effect
EVT444547,2025-11-29 22:45:47,Sports Fixture,J023,Basavanagudi,44186,Weekend,False,Clear,False,0.0,False,False,0.462,Moderate,27.2,33.1,131.1,0.081,0.187,0.977,Moderate traffic flow - standard adaptive signal timing in effect
EVT444548,2025-10-22 18:04:33,Fireworks Display,J040,City Market,21325,Weekday,True,Clear,False,0.0,False,False,1.0,Severe,8.6,73.8,591.2,0.212,0.489,0.853,Festival crowd surge detected - alternate route and extended cycle recommended
EVT444549,2026-03-20 14:10:55,Cultural Procession,J030,MG Road,14499,Weekday,True,Clear,False,0.0,False,True,0.647,Moderate,19.9,63.6,169.3,0.116,0.268,0.893,Road closure for event/procession - full detour recommended for through-traffic
EVT444550,2026-06-14 09:19:58,Trade Fair,J023,Basavanagudi,7089,Weekend,False,Clear,False,0.0,False,False,0.842,Severe,13.5,65.5,481.7,0.236,0.546,0.961,Heavy congestion detected - signal timing extended and reroute suggested
EVT444551,2026-03-26 17:30:40,Cultural Procession,J009,Majestic,30113,Weekday,True,Clear,False,0.0,False,True,1.0,Severe,6.9,98.6,748.4,0.229,0.529,0.825,Road closure for event/procession - full detour recommended for through-traffic
EVT444552,2025-11-23 17:29:05,Concert,J030,MG Road,7657,Weekend,False,Fog,False,0.0,False,False,0.85,Severe,11.8,62.8,359.1,0.144,0.333,0.936,Heavy congestion detected - signal timing extended and reroute suggested
EVT444553,2025-08-30 06:58:52,Sports Fixture,J031,Cubbon Road,13022,Weekend,False,Clear,False,0.0,False,False,0.517,Moderate,24.2,39.0,118.1,0.078,0.179,0.971,Moderate traffic flow - standard adaptive signal timing in effect
EVT444554,2026-01-13 17:33:19,Local Market Day,J023,Basavanagudi,3594,Weekday,False,Fog,False,0.0,False,False,0.906,Severe,10.3,66.4,325.6,0.144,0.333,0.907,Heavy congestion detected - signal timing extended and reroute suggested
EVT444555,2025-04-05 21:28:27,Trade Fair,J040,City Market,6457,Weekend,False,Clear,False,0.0,False,False,0.408,Moderate,31.4,30.0,119.0,0.088,0.204,0.954,Moderate traffic flow - standard adaptive signal timing in effect
EVT444556,2025-09-05 06:16:23,Religious Festival,J023,Basavanagudi,40042,Weekday,True,Clear,False,0.0,False,True,0.885,High,10.9,84.9,533.4,0.234,0.54,0.823,Road closure for event/procession - full detour recommended for through-traffic
EVT444557,2026-05-13 09:05:36,Political Rally,J023,Basavanagudi,21622,Weekday,False,Clear,False,0.0,False,False,1.0,Severe,9.2,72.2,463.3,0.177,0.409,0.907,Heavy congestion detected - signal timing extended and reroute suggested
EVT444558,2025-04-01 08:23:20,Local Market Day,J011,Indiranagar 100ft Road,3525,Weekday,False,Clear,False,0.0,False,False,0.894,Severe,11.3,65.8,434.5,0.194,0.449,0.956,Heavy congestion detected - signal timing extended and reroute suggested
EVT444559,2025-01-31 06:58:33,Concert,J020,Malleshwaram Circle,19206,Weekday,False,Clear,False,0.0,False,False,0.435,Moderate,25.0,33.8,89.2,0.06,0.138,0.965,Moderate traffic flow - standard adaptive signal timing in effect
EVT444560,2025-10-13 17:57:29,Trade Fair,J031,Cubbon Road,8337,Weekday,False,Rain,True,14.3,False,False,1.0,Severe,8.0,66.9,371.7,0.147,0.34,0.875,Heavy rain reducing visibility and grip - reduced speed and longer buffer advised
EVT444561,2025-07-27 16:54:53,Political Rally,J009,Majestic,13292,Weekend,False,Clear,False,0.0,False,False,0.659,High,21.6,45.7,259.8,0.203,0.469,0.962,Moderate traffic flow - standard adaptive signal timing in effect
EVT444562,2025-03-19 10:05:21,Local Market Day,J009,Majestic,5518,Weekday,False,Clear,False,0.0,False,False,0.767,Severe,17.0,60.6,235.9,0.127,0.294,0.964,Heavy congestion detected - signal timing extended and reroute suggested
EVT444563,2025-11-29 18:27:14,Political Rally,J011,Indiranagar 100ft Road,24143,Weekend,False,Rain,True,8.9,False,False,1.0,Severe,10.2,73.6,374.8,0.147,0.34,0.895,Heavy rain reducing visibility and grip - reduced speed and longer buffer advised
EVT444564,2026-02-08 18:18:34,Sports Fixture,J011,Indiranagar 100ft Road,26378,Weekend,False,Clear,False,0.0,False,False,0.975,Severe,9.7,69.3,604.4,0.224,0.518,0.888,Heavy congestion detected - signal timing extended and reroute suggested
EVT444565,2026-02-02 19:46:41,Local Market Day,J009,Majestic,3869,Weekday,False,Clear,False,0.0,False,False,0.801,Severe,13.8,57.9,295.3,0.14,0.324,0.952,Heavy congestion detected - signal timing extended and reroute suggested
EVT444566,2026-02-13 12:55:13,Political Rally,J040,City Market,23761,Weekday,False,Clear,False,0.0,False,False,0.312,Low,28.9,29.9,295.3,0.249,0.576,0.955,Moderate traffic flow - standard adaptive signal timing in effect
EVT444567,2026-02-13 17:16:14,Local Market Day,J012,Koramangala Sony World,2724,Weekday,False,Clear,False,0.0,False,False,0.847,Severe,12.4,63.3,217.3,0.1,0.231,0.95,Heavy congestion detected - signal timing extended and reroute suggested
EVT444568,2026-02-14 20:33:04,Local Market Day,J040,City Market,5452,Weekend,False,Clear,False,0.0,False,False,0.508,Moderate,24.5,36.1,225.2,0.157,0.363,0.962,Moderate traffic flow - standard adaptive signal timing in effect
EVT444569,2026-06-08 18:24:21,Local Market Day,J020,Malleshwaram Circle,3678,Weekday,False,Clear,False,0.0,False,False,1.0,Severe,8.6,73.3,243.2,0.099,0.228,0.914,Heavy congestion detected - signal timing extended and reroute suggested
EVT444570,2025-05-15 15:31:22,Local Market Day,J012,Koramangala Sony World,5570,Weekday,False,Clear,False,0.0,False,False,0.342,Low,31.8,26.9,136.9,0.118,0.272,0.955,Moderate traffic flow - standard adaptive signal timing in effect
EVT444571,2026-04-14 18:08:44,Religious Festival,J030,MG Road,32435,Weekday,True,Clear,False,0.0,False,True,1.0,Severe,8.4,105.6,304.2,0.126,0.291,0.845,Road closure for event/procession - full detour recommended for through-traffic
EVT444572,2026-05-09 09:57:01,Local Market Day,J023,Basavanagudi,4431,Weekend,False,Heavy Rain,True,36.9,False,False,1.0,Severe,7.8,68.1,860.9,0.27,0.624,0.862,Heavy rain reducing visibility and grip - reduced speed and longer buffer advised
EVT444573,2025-08-12 08:02:58,Local Market Day,J030,MG Road,4519,Weekday,False,Heavy Rain,True,58.1,False,False,1.0,Severe,7.1,78.1,528.8,0.168,0.387,0.892,Heavy rain reducing visibility and grip - reduced speed and longer buffer advised
EVT444574,2025-11-28 16:48:53,Trade Fair,J031,Cubbon Road,7402,Weekday,False,Light Rain,True,2.3,True,False,1.0,Severe,9.0,68.5,462.4,0.153,0.354,0.693,Accident detected nearby - reroute and reduced speed advised
EVT444575,2025-10-18 15:53:51,Sports Fixture,J030,MG Road,27997,Weekend,False,Clear,False,0.0,False,False,0.547,Moderate,16.3,41.2,309.0,0.152,0.351,0.964,Moderate traffic flow - standard adaptive signal timing in effect
EVT444576,2025-04-06 08:58:18,Cultural Procession,J023,Basavanagudi,11036,Weekend,True,Rain,True,9.5,False,False,1.0,Severe,8.7,72.8,679.7,0.228,0.528,0.822,Festival crowd surge detected - alternate route and extended cycle recommended
EVT444577,2025-12-10 19:50:04,Local Market Day,J040,City Market,3891,Weekday,False,Clear,False,0.0,False,False,0.735,High,18.8,51.0,318.4,0.226,0.522,0.952,Moderate traffic flow - standard adaptive signal timing in effect
EVT444578,2025-01-23 20:49:30,Concert,J040,City Market,15528,Weekday,False,Clear,False,0.0,False,False,0.525,Moderate,24.5,37.6,103.4,0.085,0.196,0.957,Moderate traffic flow - standard adaptive signal timing in effect
EVT444579,2025-08-07 13:18:45,Local Market Day,J009,Majestic,6044,Weekday,False,Clear,False,0.0,False,False,0.195,Low,32.3,9.7,167.0,0.146,0.337,0.966,Normal free-flow traffic - standard signal timing maintained
EVT444580,2025-06-09 21:19:58,Trade Fair,J011,Indiranagar 100ft Road,5612,Weekday,False,Rain,True,11.6,False,False,0.472,Moderate,23.5,37.8,188.1,0.132,0.306,0.894,Light rain detected - minor speed reduction advised
EVT444581,2026-05-18 10:43:09,Sports Fixture,J020,Malleshwaram Circle,25247,Weekday,False,Clear,False,0.0,False,False,0.671,High,23.2,50.6,305.2,0.223,0.515,0.989,Moderate traffic flow - standard adaptive signal timing in effect
EVT444582,2026-04-12 09:56:17,Sports Fixture,J030,MG Road,15737,Weekend,False,Clear,False,0.0,False,False,0.852,Severe,11.0,65.3,463.7,0.186,0.43,0.952,Heavy congestion detected - signal timing extended and reroute suggested
EVT444583,2026-03-24 09:47:55,Political Rally,J020,Malleshwaram Circle,8789,Weekday,False,Clear,False,0.0,False,False,0.868,Severe,13.8,60.1,388.2,0.201,0.463,0.958,Heavy congestion detected - signal timing extended and reroute suggested
EVT444584,2025-02-20 14:12:52,Trade Fair,J012,Koramangala Sony World,9834,Weekday,False,Clear,False,0.0,False,False,0.233,Low,37.3,20.0,155.0,0.148,0.343,0.957,Normal free-flow traffic - standard signal timing maintained
EVT444585,2025-06-01 19:38:24,Trade Fair,J012,Koramangala Sony World,6498,Weekend,False,Heavy Rain,True,40.8,False,False,1.0,Severe,7.0,69.5,280.8,0.105,0.243,0.865,Heavy rain reducing visibility and grip - reduced speed and longer buffer advised
EVT444586,2025-07-26 09:39:45,Concert,J020,Malleshwaram Circle,12046,Weekend,False,Clear,False,0.0,False,False,0.841,Severe,14.2,63.0,472.6,0.25,0.577,0.915,Heavy congestion detected - signal timing extended and reroute suggested
EVT444587,2026-02-15 16:35:57,Sports Fixture,J011,Indiranagar 100ft Road,18608,Weekend,False,Clear,False,0.0,False,False,0.672,High,19.2,50.1,266.4,0.177,0.408,0.962,Moderate traffic flow - standard adaptive signal timing in effect
EVT444588,2026-02-10 08:35:32,Concert,J009,Majestic,15549,Weekday,False,Clear,False,0.0,False,False,1.0,Severe,6.8,75.3,510.1,0.146,0.337,0.895,Heavy congestion detected - signal timing extended and reroute suggested
EVT444589,2025-04-03 11:58:56,Political Rally,J009,Majestic,23179,Weekday,False,Clear,False,0.0,False,False,0.328,Low,33.7,29.4,173.6,0.146,0.337,0.955,Moderate traffic flow - standard adaptive signal timing in effect
EVT444590,2025-07-31 15:12:35,Local Market Day,J012,Koramangala Sony World,5929,Weekday,False,Rain,True,20.3,False,False,0.537,Moderate,25.8,38.5,165.7,0.119,0.275,0.925,Light rain detected - minor speed reduction advised
EVT444591,2026-03-02 18:44:54,Concert,J023,Basavanagudi,7127,Weekday,False,Clear,False,0.0,False,False,1.0,Severe,7.3,73.5,478.6,0.142,0.328,0.932,Heavy congestion detected - signal timing extended and reroute suggested
EVT444592,2026-02-09 15:28:10,Concert,J012,Koramangala Sony World,13805,Weekday,False,Clear,False,0.0,False,False,0.467,Moderate,21.6,37.7,207.3,0.142,0.329,0.981,Moderate traffic flow - standard adaptive signal timing in effect
EVT444593,2025-10-25 16:05:18,Concert,J009,Majestic,10722,Weekend,False,Light Rain,True,2.8,False,False,0.585,High,20.9,40.4,92.3,0.046,0.106,0.926,Heavy rain reducing visibility and grip - reduced speed and longer buffer advised
EVT444594,2025-06-04 09:28:26,Local Market Day,J011,Indiranagar 100ft Road,7152,Weekday,False,Fog,False,0.0,False,False,1.0,Severe,10.6,69.2,459.3,0.208,0.481,0.906,Heavy congestion detected - signal timing extended and reroute suggested
EVT444595,2025-07-05 17:31:53,Sports Fixture,J030,MG Road,13686,Weekend,False,Clear,False,0.0,False,False,0.769,Severe,17.7,47.5,218.8,0.143,0.33,0.958,Heavy congestion detected - signal timing extended and reroute suggested
EVT444596,2026-01-13 07:23:09,Concert,J012,Koramangala Sony World,13838,Weekday,False,Clear,False,0.0,False,False,0.552,High,22.2,39.3,222.4,0.122,0.282,0.951,Moderate traffic flow - standard adaptive signal timing in effect
EVT444597,2026-06-09 18:30:57,Trade Fair,J020,Malleshwaram Circle,10180,Weekday,False,Clear,False,0.0,False,False,1.0,Severe,11.2,71.3,458.0,0.191,0.441,0.921,Heavy congestion detected - signal timing extended and reroute suggested
EVT444598,2026-04-12 17:58:07,Local Market Day,J012,Koramangala Sony World,3805,Weekend,False,Fog,False,0.0,False,False,0.853,Severe,15.6,64.4,338.2,0.19,0.438,0.965,Heavy congestion detected - signal timing extended and reroute suggested
EVT444599,2025-02-22 08:35:24,Concert,J011,Indiranagar 100ft Road,7286,Weekend,False,Clear,False,0.0,False,False,0.885,Severe,13.9,61.7,176.1,0.084,0.195,0.949,Heavy congestion detected - signal timing extended and reroute suggested
EVT444600,2025-09-12 14:24:41,Concert,J031,Cubbon Road,10513,Weekday,False,Clear,False,0.0,False,False,0.2,Low,37.2,15.8,166.3,0.144,0.333,0.957,Normal free-flow traffic - standard signal timing maintained
EVT444601,2025-08-14 12:24:03,Sports Fixture,J040,City Market,24482,Weekday,False,Rain,True,22.3,True,False,0.952,Severe,10.9,72.1,397.3,0.175,0.403,0.711,Accident detected nearby - reroute and reduced speed advised
EVT444602,2025-10-24 17:36:36,Concert,J009,Majestic,9241,Weekday,False,Clear,False,0.0,False,False,0.936,Severe,10.1,71.2,241.5,0.092,0.213,0.927,Heavy congestion detected - signal timing extended and reroute suggested
EVT444603,2026-03-26 15:34:16,Religious Festival,J011,Indiranagar 100ft Road,33900,Weekday,True,Clear,False,0.0,False,True,0.921,Severe,9.5,92.2,385.2,0.159,0.367,0.85,Road closure for event/procession - full detour recommended for through-traffic
EVT444604,2025-03-15 12:39:43,Religious Festival,J009,Majestic,36687,Weekend,True,Clear,False,0.0,False,True,0.777,High,19.0,77.7,284.9,0.18,0.417,0.871,Road closure for event/procession - full detour recommended for through-traffic
EVT444605,2025-05-14 20:42:10,Local Market Day,J031,Cubbon Road,3622,Weekday,False,Clear,False,0.0,False,False,0.462,Moderate,32.9,28.4,150.4,0.134,0.311,0.94,Moderate traffic flow - standard adaptive signal timing in effect
EVT444606,2025-06-21 20:29:42,Trade Fair,J023,Basavanagudi,9741,Weekend,False,Rain,True,19.1,False,False,0.825,Severe,16.3,60.3,205.8,0.127,0.293,0.903,Heavy rain reducing visibility and grip - reduced speed and longer buffer advised
EVT444607,2026-05-11 00:11:44,Trade Fair,J011,Indiranagar 100ft Road,7753,Weekday,False,Clear,False,0.0,False,False,0.183,Low,44.2,15.0,90.5,0.088,0.203,0.976,Normal free-flow traffic - standard signal timing maintained
EVT444608,2025-08-01 19:07:09,Sports Fixture,J009,Majestic,13636,Weekday,False,Rain,True,20.3,False,False,1.0,Severe,8.0,69.7,252.8,0.097,0.223,0.855,Heavy rain reducing visibility and grip - reduced speed and longer buffer advised
EVT444609,2026-04-24 08:32:47,Trade Fair,J031,Cubbon Road,15585,Weekday,False,Light Rain,True,5.3,False,False,1.0,Severe,7.8,68.6,484.0,0.173,0.401,0.87,Heavy rain reducing visibility and grip - reduced speed and longer buffer advised
EVT444610,2026-03-11 07:11:33,Political Rally,J030,MG Road,8807,Weekday,False,Clear,False,0.0,False,False,0.638,High,23.4,49.1,248.4,0.162,0.373,0.983,Moderate traffic flow - standard adaptive signal timing in effect
EVT444611,2025-12-15 13:13:54,Sports Fixture,J040,City Market,17563,Weekday,False,Light Rain,True,3.9,False,False,0.31,Low,34.8,25.1,157.8,0.132,0.306,0.895,Light rain detected - minor speed reduction advised
EVT444612,2025-02-09 04:40:52,Political Rally,J009,Majestic,15955,Weekend,False,Clear,False,0.0,False,False,0.334,Low,39.5,18.8,200.7,0.192,0.442,0.98,Moderate traffic flow - standard adaptive signal timing in effect
EVT444613,2025-06-15 17:05:43,Sports Fixture,J009,Majestic,34871,Weekend,False,Clear,False,0.0,False,False,0.8,Severe,16.3,60.3,284.2,0.15,0.346,0.95,Heavy congestion detected - signal timing extended and reroute suggested
EVT444614,2025-05-02 12:11:17,Fireworks Display,J030,MG Road,20211,Weekday,True,Rain,True,9.0,False,False,0.62,High,16.3,52.6,262.6,0.148,0.342,0.862,Festival crowd surge detected - alternate route and extended cycle recommended
EVT444615,2025-07-13 17:32:21,Trade Fair,J031,Cubbon Road,8275,Weekend,False,Heavy Rain,True,34.1,False,False,1.0,Severe,10.0,72.4,799.9,0.294,0.678,0.855,Heavy rain reducing visibility and grip - reduced speed and longer buffer advised
EVT444616,2025-09-07 23:48:20,Trade Fair,J023,Basavanagudi,9648,Weekend,False,Clear,False,0.0,False,False,0.301,Low,40.1,24.0,115.3,0.122,0.281,0.973,Moderate traffic flow - standard adaptive signal timing in effect
EVT444617,2025-07-26 17:59:43,Concert,J031,Cubbon Road,6778,Weekend,False,Clear,False,0.0,False,False,0.817,Severe,17.2,60.2,236.3,0.136,0.315,0.947,Heavy congestion detected - signal timing extended and reroute suggested
EVT444618,2026-03-06 19:32:10,Trade Fair,J012,Koramangala Sony World,8856,Weekday,False,Clear,False,0.0,False,False,0.878,Severe,9.6,62.0,516.1,0.187,0.431,0.933,Heavy congestion detected - signal timing extended and reroute suggested
EVT444619,2025-09-01 19:36:28,Trade Fair,J020,Malleshwaram Circle,28391,Weekday,False,Clear,False,0.0,False,False,1.0,Severe,9.3,71.9,403.5,0.135,0.312,0.905,Heavy congestion detected - signal timing extended and reroute suggested
EVT444620,2025-02-11 09:46:50,Trade Fair,J023,Basavanagudi,8582,Weekday,False,Clear,False,0.0,False,False,0.908,Severe,12.2,65.5,390.3,0.175,0.404,0.99,Heavy congestion detected - signal timing extended and reroute suggested
EVT444621,2025-07-28 08:23:35,Local Market Day,J011,Indiranagar 100ft Road,5012,Weekday,False,Clear,False,0.0,False,False,0.956,Severe,10.8,69.6,172.6,0.092,0.213,0.921,Heavy congestion detected - signal timing extended and reroute suggested
EVT444622,2026-01-22 22:45:36,Concert,J020,Malleshwaram Circle,10666,Weekday,False,Clear,False,0.0,False,False,0.251,Low,31.1,16.2,149.1,0.117,0.27,0.962,Moderate traffic flow - standard adaptive signal timing in effect
EVT444623,2026-04-28 17:45:47,Local Market Day,J011,Indiranagar 100ft Road,2503,Weekday,False,Light Rain,True,1.5,False,False,0.992,Severe,10.4,70.8,477.7,0.214,0.495,0.871,Heavy rain reducing visibility and grip - reduced speed and longer buffer advised
EVT444624,2025-07-03 12:46:52,Concert,J011,Indiranagar 100ft Road,8552,Weekday,False,Clear,False,0.0,False,False,0.148,Low,39.4,13.9,155.8,0.168,0.388,0.961,Normal free-flow traffic - standard signal timing maintained
EVT444625,2025-07-25 16:21:45,Political Rally,J011,Indiranagar 100ft Road,15714,Weekday,False,Clear,False,0.0,False,False,0.635,High,23.6,44.9,226.1,0.181,0.419,0.967,Moderate traffic flow - standard adaptive signal timing in effect
EVT444626,2026-04-27 18:17:16,Sports Fixture,J030,MG Road,16536,Weekday,False,Clear,False,0.0,False,False,1.0,Severe,8.5,73.6,460.5,0.157,0.362,0.93,Heavy congestion detected - signal timing extended and reroute suggested
EVT444627,2026-02-13 18:21:46,Political Rally,J012,Koramangala Sony World,26121,Weekday,False,Clear,False,0.0,False,False,1.0,Severe,9.2,68.9,443.9,0.188,0.434,0.909,Heavy congestion detected - signal timing extended and reroute suggested
EVT444628,2025-06-11 07:34:39,Sports Fixture,J012,Koramangala Sony World,21935,Weekday,False,Heavy Rain,True,42.2,False,False,1.0,Severe,8.6,69.6,449.9,0.17,0.392,0.877,Heavy rain reducing visibility and grip - reduced speed and longer buffer advised
EVT444629,2025-01-01 17:53:18,Sports Fixture,J023,Basavanagudi,29662,Weekday,False,Clear,False,0.0,False,False,1.0,Severe,8.0,70.6,620.4,0.217,0.502,0.93,Heavy congestion detected - signal timing extended and reroute suggested
EVT444630,2025-12-24 19:38:01,Local Market Day,J009,Majestic,4038,Weekday,False,Clear,False,0.0,False,False,0.815,Severe,11.7,62.9,369.6,0.183,0.422,0.974,Heavy congestion detected - signal timing extended and reroute suggested
EVT444631,2025-08-07 21:23:41,Sports Fixture,J040,City Market,19722,Weekday,False,Clear,False,0.0,False,False,0.41,Moderate,28.4,26.1,140.9,0.086,0.198,0.955,Moderate traffic flow - standard adaptive signal timing in effect
EVT444632,2025-08-01 18:11:50,Local Market Day,J012,Koramangala Sony World,3645,Weekday,False,Clear,False,0.0,False,False,0.992,Severe,6.6,63.7,866.8,0.231,0.535,0.916,Heavy congestion detected - signal timing extended and reroute suggested
EVT444633,2025-01-06 12:31:34,Trade Fair,J031,Cubbon Road,13869,Weekday,False,Clear,False,0.0,False,False,0.247,Low,39.3,19.2,185.8,0.184,0.426,0.94,Normal free-flow traffic - standard signal timing maintained
EVT444634,2025-03-11 08:12:58,Local Market Day,J020,Malleshwaram Circle,2726,Weekday,False,Clear,False,0.0,False,False,0.922,Severe,10.5,67.7,500.0,0.164,0.378,0.919,Heavy congestion detected - signal timing extended and reroute suggested
EVT444635,2026-06-05 16:55:10,Concert,J040,City Market,9580,Weekday,False,Clear,False,0.0,False,False,0.732,High,15.4,54.2,316.9,0.174,0.402,0.973,Moderate traffic flow - standard adaptive signal timing in effect
EVT444636,2026-04-30 18:35:30,Political Rally,J040,City Market,18905,Weekday,False,Clear,False,0.0,False,False,1.0,Severe,6.8,73.4,590.9,0.192,0.444,0.915,Heavy congestion detected - signal timing extended and reroute suggested
EVT444637,2025-03-17 20:58:37,Local Market Day,J012,Koramangala Sony World,2854,Weekday,False,Clear,False,0.0,False,False,0.433,Moderate,27.1,32.2,142.2,0.113,0.261,0.981,Moderate traffic flow - standard adaptive signal timing in effect
EVT444638,2025-03-22 16:35:39,Local Market Day,J031,Cubbon Road,2520,Weekend,False,Clear,False,0.0,False,False,0.615,High,22.2,43.5,249.2,0.177,0.408,0.977,Moderate traffic flow - standard adaptive signal timing in effect
EVT444639,2025-03-05 16:36:10,Sports Fixture,J020,Malleshwaram Circle,19277,Weekday,False,Clear,False,0.0,False,False,0.65,High,18.4,45.8,164.4,0.098,0.226,0.977,Moderate traffic flow - standard adaptive signal timing in effect
EVT444640,2025-05-15 20:47:11,Local Market Day,J040,City Market,4858,Weekday,False,Clear,False,0.0,False,False,0.478,Moderate,25.2,29.1,202.7,0.149,0.343,0.984,Moderate traffic flow - standard adaptive signal timing in effect
EVT444641,2026-03-23 12:30:30,Local Market Day,J020,Malleshwaram Circle,3114,Weekday,False,Clear,False,0.0,False,False,0.249,Low,32.3,20.2,192.5,0.158,0.366,0.942,Normal free-flow traffic - standard signal timing maintained
EVT444642,2025-08-18 08:32:35,Local Market Day,J030,MG Road,4479,Weekday,False,Clear,False,0.0,False,False,0.852,Severe,11.5,59.5,409.0,0.182,0.421,0.936,Heavy congestion detected - signal timing extended and reroute suggested
EVT444643,2026-01-16 20:29:14,Trade Fair,J011,Indiranagar 100ft Road,11405,Weekday,False,Clear,False,0.0,False,False,0.566,High,21.2,32.2,155.6,0.122,0.283,0.986,Moderate traffic flow - standard adaptive signal timing in effect
EVT444644,2025-07-08 10:50:06,Trade Fair,J012,Koramangala Sony World,6222,Weekday,False,Clear,False,0.0,False,False,0.443,Moderate,17.4,27.8,225.7,0.124,0.287,0.981,Moderate traffic flow - standard adaptive signal timing in effect
EVT444645,2026-06-27 18:18:42,Trade Fair,J023,Basavanagudi,10574,Weekend,False,Clear,False,0.0,False,False,0.886,Severe,11.0,61.2,316.8,0.138,0.318,0.909,Heavy congestion detected - signal timing extended and reroute suggested
EVT444646,2025-01-24 20:13:47,Local Market Day,J040,City Market,1906,Weekday,False,Clear,False,0.0,False,False,0.707,High,18.7,47.8,232.7,0.115,0.265,0.966,Moderate traffic flow - standard adaptive signal timing in effect
EVT444647,2025-03-14 20:45:21,Religious Festival,J012,Koramangala Sony World,67406,Weekday,True,Clear,False,0.0,False,True,1.0,Severe,7.9,101.3,438.6,0.154,0.356,0.839,Road closure for event/procession - full detour recommended for through-traffic
EVT444648,2025-11-10 11:03:51,Trade Fair,J030,MG Road,10460,Weekday,False,Clear,False,0.0,False,False,0.412,Moderate,24.4,29.1,292.5,0.19,0.438,0.977,Moderate traffic flow - standard adaptive signal timing in effect
EVT444649,2025-07-31 11:03:58,Concert,J030,MG Road,8256,Weekday,False,Clear,False,0.0,False,False,0.45,Moderate,25.1,37.8,197.8,0.151,0.349,0.962,Moderate traffic flow - standard adaptive signal timing in effect
EVT444650,2025-04-24 05:12:58,Concert,J011,Indiranagar 100ft Road,14728,Weekday,False,Clear,False,0.0,False,False,0.209,Low,32.3,9.7,145.8,0.113,0.261,0.948,Normal free-flow traffic - standard signal timing maintained
EVT444651,2025-10-19 09:50:01,Trade Fair,J009,Majestic,8229,Weekend,False,Rain,True,11.5,False,False,0.891,Severe,13.7,64.3,379.9,0.172,0.397,0.866,Heavy rain reducing visibility and grip - reduced speed and longer buffer advised
EVT444652,2026-03-11 18:11:57,Sports Fixture,J040,City Market,22560,Weekday,False,Clear,False,0.0,False,False,1.0,Severe,7.8,67.6,725.0,0.233,0.539,0.912,Heavy congestion detected - signal timing extended and reroute suggested
EVT444653,2026-06-01 08:21:39,Local Market Day,J031,Cubbon Road,4540,Weekday,False,Heavy Rain,True,63.0,False,False,1.0,Severe,7.9,75.0,477.9,0.141,0.326,0.857,Heavy rain reducing visibility and grip - reduced speed and longer buffer advised
EVT444654,2025-10-10 17:51:02,Sports Fixture,J011,Indiranagar 100ft Road,21569,Weekday,False,Heavy Rain,True,32.2,False,False,1.0,Severe,9.0,74.2,210.3,0.095,0.219,0.884,Heavy rain reducing visibility and grip - reduced speed and longer buffer advised
EVT444655,2025-06-10 21:48:18,Trade Fair,J020,Malleshwaram Circle,9054,Weekday,False,Rain,True,21.0,False,False,0.564,High,25.1,30.2,134.5,0.099,0.23,0.9,Heavy rain reducing visibility and grip - reduced speed and longer buffer advised
EVT444656,2025-11-06 13:56:28,Political Rally,J009,Majestic,20385,Weekday,False,Clear,False,0.0,False,False,0.21,Low,36.7,13.9,88.0,0.097,0.224,0.934,Normal free-flow traffic - standard signal timing maintained
EVT444657,2026-03-19 11:22:40,Religious Festival,J040,City Market,79127,Weekday,True,Clear,False,0.0,False,True,1.0,Severe,7.3,104.9,583.9,0.217,0.5,0.823,Road closure for event/procession - full detour recommended for through-traffic
EVT444658,2025-06-11 09:48:43,Local Market Day,J012,Koramangala Sony World,4061,Weekday,False,Rain,True,22.2,False,False,1.0,Severe,8.3,65.0,798.6,0.254,0.587,0.863,Heavy rain reducing visibility and grip - reduced speed and longer buffer advised
EVT444659,2026-03-30 15:43:17,Sports Fixture,J031,Cubbon Road,16245,Weekday,False,Clear,False,0.0,False,False,0.539,Moderate,26.9,34.1,130.5,0.077,0.179,0.95,Moderate traffic flow - standard adaptive signal timing in effect
EVT444660,2025-07-08 16:48:47,Concert,J030,MG Road,10340,Weekday,False,Rain,True,12.9,False,False,0.88,Severe,12.1,59.2,526.6,0.262,0.605,0.896,Heavy rain reducing visibility and grip - reduced speed and longer buffer advised
EVT444661,2025-03-03 09:26:04,Sports Fixture,J009,Majestic,32439,Weekday,False,Clear,False,0.0,False,False,1.0,Severe,7.4,72.5,620.4,0.178,0.411,0.931,Heavy congestion detected - signal timing extended and reroute suggested
EVT444662,2025-03-14 20:30:13,Cultural Procession,J009,Majestic,14109,Weekday,True,Clear,False,0.0,False,False,0.794,Severe,17.1,57.9,332.8,0.186,0.429,0.906,Festival crowd surge detected - alternate route and extended cycle recommended
EVT444663,2025-11-16 09:13:16,Sports Fixture,J030,MG Road,24938,Weekend,False,Fog,False,0.0,False,False,0.98,Severe,8.5,78.3,410.6,0.169,0.389,0.921,Heavy congestion detected - signal timing extended and reroute suggested
EVT444664,2026-05-14 18:30:36,Sports Fixture,J012,Koramangala Sony World,26464,Weekday,False,Clear,False,0.0,False,False,1.0,Severe,8.3,74.8,751.1,0.248,0.573,0.922,Heavy congestion detected - signal timing extended and reroute suggested
EVT444665,2025-04-16 11:55:09,Concert,J023,Basavanagudi,10677,Weekday,False,Clear,False,0.0,False,False,0.241,Low,29.2,15.2,114.8,0.09,0.208,0.956,Normal free-flow traffic - standard signal timing maintained
EVT444666,2025-05-31 09:50:47,Local Market Day,J020,Malleshwaram Circle,4860,Weekend,False,Clear,False,0.0,False,False,0.753,Severe,12.6,46.2,429.1,0.186,0.429,0.947,Heavy congestion detected - signal timing extended and reroute suggested
EVT444667,2025-08-13 10:20:40,Local Market Day,J011,Indiranagar 100ft Road,2836,Weekday,False,Clear,False,0.0,False,False,0.714,High,17.4,53.4,407.6,0.225,0.519,0.971,Moderate traffic flow - standard adaptive signal timing in effect
EVT444668,2025-05-18 18:29:19,Concert,J011,Indiranagar 100ft Road,7484,Weekend,False,Clear,False,0.0,False,False,0.82,Severe,11.7,50.0,577.6,0.276,0.637,0.966,Heavy congestion detected - signal timing extended and reroute suggested
EVT444669,2025-04-22 07:33:16,Local Market Day,J009,Majestic,3632,Weekday,False,Rain,True,18.4,False,False,0.842,Severe,10.6,64.1,375.3,0.174,0.402,0.918,Heavy rain reducing visibility and grip - reduced speed and longer buffer advised
EVT444670,2025-04-10 18:10:58,Local Market Day,J012,Koramangala Sony World,6854,Weekday,False,Clear,False,0.0,False,False,0.992,Severe,8.8,73.5,244.1,0.116,0.267,0.927,Heavy congestion detected - signal timing extended and reroute suggested
EVT444671,2025-06-29 19:19:46,Local Market Day,J012,Koramangala Sony World,2861,Weekend,False,Clear,False,0.0,False,False,0.822,Severe,15.4,53.5,292.9,0.137,0.317,0.952,Heavy congestion detected - signal timing extended and reroute suggested
EVT444672,2026-03-28 21:17:28,Concert,J011,Indiranagar 100ft Road,10738,Weekend,False,Clear,False,0.0,False,False,0.369,Moderate,29.8,28.7,199.2,0.167,0.386,0.941,Moderate traffic flow - standard adaptive signal timing in effect
EVT444673,2026-05-18 11:23:57,Local Market Day,J030,MG Road,3858,Weekday,False,Rain,True,15.1,False,False,0.563,High,24.4,40.6,232.5,0.179,0.413,0.923,Heavy rain reducing visibility and grip - reduced speed and longer buffer advised
EVT444674,2026-02-23 13:14:19,Political Rally,J012,Koramangala Sony World,19495,Weekday,False,Clear,False,0.0,False,False,0.19,Low,36.5,16.1,83.7,0.081,0.187,0.968,Normal free-flow traffic - standard signal timing maintained
EVT444675,2026-02-14 16:21:12,Sports Fixture,J031,Cubbon Road,50929,Weekend,False,Clear,False,0.0,False,False,0.843,Severe,12.9,56.7,417.7,0.179,0.413,0.94,Heavy congestion detected - signal timing extended and reroute suggested
EVT444676,2025-07-31 19:37:48,Sports Fixture,J031,Cubbon Road,22133,Weekday,False,Heavy Rain,True,41.2,False,False,1.0,Severe,8.8,71.4,373.5,0.141,0.325,0.874,Heavy rain reducing visibility and grip - reduced speed and longer buffer advised
EVT444677,2025-03-27 11:19:56,Local Market Day,J009,Majestic,1491,Weekday,False,Clear,False,0.0,False,False,0.312,Low,29.0,21.5,146.6,0.113,0.261,0.967,Moderate traffic flow - standard adaptive signal timing in effect
EVT444678,2025-09-11 17:03:19,Local Market Day,J012,Koramangala Sony World,8220,Weekday,False,Clear,False,0.0,False,False,0.739,High,19.1,55.7,369.3,0.252,0.581,0.99,Moderate traffic flow - standard adaptive signal timing in effect
EVT444679,2025-05-16 19:35:19,Local Market Day,J009,Majestic,2392,Weekday,False,Heavy Rain,True,40.2,False,False,1.0,Severe,9.3,73.7,363.6,0.14,0.324,0.883,Heavy rain reducing visibility and grip - reduced speed and longer buffer advised
EVT444680,2026-05-31 12:56:19,Local Market Day,J040,City Market,4100,Weekend,False,Clear,False,0.0,False,False,0.292,Low,24.9,20.1,210.6,0.149,0.345,0.96,Moderate traffic flow - standard adaptive signal timing in effect
EVT444681,2025-11-28 20:55:48,Concert,J009,Majestic,29096,Weekday,False,Clear,False,0.0,False,False,0.577,High,18.8,44.3,332.6,0.199,0.459,0.955,Moderate traffic flow - standard adaptive signal timing in effect
EVT444682,2026-06-26 11:51:24,Concert,J040,City Market,7344,Weekday,False,Heavy Rain,True,28.3,False,False,0.557,High,20.6,37.4,202.4,0.123,0.284,0.909,Heavy rain reducing visibility and grip - reduced speed and longer buffer advised
EVT444683,2025-06-14 12:39:17,Local Market Day,J009,Majestic,6886,Weekend,False,Clear,False,0.0,False,False,0.338,Low,25.8,22.7,155.7,0.095,0.219,0.965,Moderate traffic flow - standard adaptive signal timing in effect
EVT444684,2026-06-01 20:14:41,Sports Fixture,J020,Malleshwaram Circle,26416,Weekday,False,Clear,False,0.0,False,False,0.785,Severe,16.6,60.8,196.2,0.135,0.313,0.937,Heavy congestion detected - signal timing extended and reroute suggested
EVT444685,2026-02-19 13:01:37,Concert,J040,City Market,12076,Weekday,False,Clear,False,0.0,False,False,0.251,Low,37.5,11.7,74.5,0.076,0.176,0.958,Moderate traffic flow - standard adaptive signal timing in effect
EVT444686,2026-04-29 16:38:03,Political Rally,J031,Cubbon Road,12688,Weekday,False,Clear,False,0.0,False,False,0.578,High,22.4,37.4,189.9,0.131,0.302,0.949,Moderate traffic flow - standard adaptive signal timing in effect
EVT444687,2026-06-16 18:54:36,Local Market Day,J030,MG Road,3453,Weekday,False,Clear,False,0.0,False,False,0.981,Severe,8.0,67.8,610.9,0.201,0.465,0.938,Heavy congestion detected - signal timing extended and reroute suggested
EVT444688,2025-05-01 18:50:43,Cultural Procession,J011,Indiranagar 100ft Road,14759,Weekday,True,Clear,False,0.0,False,True,1.0,Severe,7.8,100.1,714.4,0.245,0.566,0.821,Road closure for event/procession - full detour recommended for through-traffic
EVT444689,2025-09-22 10:09:38,Concert,J040,City Market,13288,Weekday,False,Clear,False,0.0,False,False,0.741,High,14.1,56.7,371.2,0.171,0.395,0.97,Moderate traffic flow - standard adaptive signal timing in effect
EVT444690,2025-05-04 07:49:25,Local Market Day,J011,Indiranagar 100ft Road,5196,Weekend,False,Clear,False,0.0,False,False,0.668,High,18.8,44.1,302.1,0.186,0.429,0.965,Moderate traffic flow - standard adaptive signal timing in effect
EVT444691,2025-04-17 16:03:18,Local Market Day,J009,Majestic,2674,Weekday,False,Clear,False,0.0,False,False,0.417,Moderate,30.5,25.0,69.5,0.056,0.128,0.946,Moderate traffic flow - standard adaptive signal timing in effect
EVT444692,2025-10-31 07:10:08,Concert,J030,MG Road,16333,Weekday,False,Clear,False,0.0,False,False,0.468,Moderate,28.7,34.6,210.8,0.185,0.427,0.966,Moderate traffic flow - standard adaptive signal timing in effect
EVT444693,2025-10-14 09:02:01,Sports Fixture,J009,Majestic,15690,Weekday,False,Clear,False,0.0,False,False,1.0,Severe,9.9,69.8,472.6,0.193,0.445,0.916,Heavy congestion detected - signal timing extended and reroute suggested
EVT444694,2026-03-06 14:32:42,Concert,J023,Basavanagudi,9253,Weekday,False,Clear,False,0.0,False,False,0.27,Low,27.1,20.2,215.3,0.149,0.344,0.972,Moderate traffic flow - standard adaptive signal timing in effect
EVT444695,2026-04-27 16:24:50,Trade Fair,J031,Cubbon Road,7815,Weekday,False,Clear,False,0.0,False,False,0.572,High,23.3,38.5,147.3,0.094,0.218,0.971,Moderate traffic flow - standard adaptive signal timing in effect
EVT444696,2026-06-02 19:28:11,Sports Fixture,J040,City Market,21712,Weekday,False,Rain,True,10.4,False,False,1.0,Severe,6.7,63.1,853.2,0.221,0.51,0.874,Heavy rain reducing visibility and grip - reduced speed and longer buffer advised
EVT444697,2026-06-15 13:30:53,Trade Fair,J009,Majestic,10418,Weekday,False,Clear,False,0.0,False,False,0.245,Low,26.9,16.7,228.3,0.188,0.435,0.942,Normal free-flow traffic - standard signal timing maintained
EVT444698,2026-05-26 21:00:53,Sports Fixture,J020,Malleshwaram Circle,19049,Weekday,False,Clear,False,0.0,False,False,0.563,High,21.9,43.3,282.0,0.198,0.457,0.963,Moderate traffic flow - standard adaptive signal timing in effect
EVT444699,2026-05-25 22:06:11,Local Market Day,J011,Indiranagar 100ft Road,6096,Weekday,False,Clear,False,0.0,False,False,0.21,Low,35.6,15.1,120.8,0.111,0.255,0.977,Normal free-flow traffic - standard signal timing maintained
EVT444700,2026-06-21 15:32:40,Local Market Day,J023,Basavanagudi,2813,Weekend,False,Clear,False,0.0,False,False,0.319,Low,30.0,20.4,192.6,0.142,0.328,0.941,Moderate traffic flow - standard adaptive signal timing in effect
EVT444701,2025-05-05 18:30:55,Sports Fixture,J031,Cubbon Road,17423,Weekday,False,Clear,False,0.0,False,False,1.0,Severe,9.2,72.6,356.9,0.141,0.327,0.886,Heavy congestion detected - signal timing extended and reroute suggested
EVT444702,2025-09-14 20:45:03,Local Market Day,J031,Cubbon Road,3565,Weekend,False,Light Rain,True,5.1,False,False,0.556,High,29.9,46.9,130.0,0.103,0.239,0.918,Heavy rain reducing visibility and grip - reduced speed and longer buffer advised
EVT444703,2025-01-09 09:32:15,Local Market Day,J030,MG Road,3936,Weekday,False,Clear,False,0.0,False,False,0.987,Severe,8.6,75.7,590.0,0.22,0.509,0.914,Heavy congestion detected - signal timing extended and reroute suggested
EVT444704,2025-04-26 12:02:23,Trade Fair,J020,Malleshwaram Circle,7612,Weekend,False,Clear,False,0.0,False,False,0.266,Low,35.8,24.1,126.9,0.108,0.25,0.964,Moderate traffic flow - standard adaptive signal timing in effect
EVT444705,2026-04-12 08:04:43,Concert,J012,Koramangala Sony World,13827,Weekend,False,Clear,False,0.0,False,False,0.834,Severe,15.7,61.7,133.7,0.066,0.152,0.928,Heavy congestion detected - signal timing extended and reroute suggested
EVT444706,2025-02-14 12:09:16,Local Market Day,J031,Cubbon Road,3732,Weekday,False,Clear,False,0.0,False,False,0.279,Low,35.6,18.6,97.4,0.091,0.21,0.963,Moderate traffic flow - standard adaptive signal timing in effect
EVT444707,2025-06-23 11:54:55,Sports Fixture,J009,Majestic,23564,Weekday,False,Clear,False,0.0,False,False,0.447,Moderate,27.6,36.8,300.3,0.223,0.515,0.955,Moderate traffic flow - standard adaptive signal timing in effect
EVT444708,2025-06-13 20:06:44,Sports Fixture,J011,Indiranagar 100ft Road,29869,Weekday,False,Clear,False,0.0,False,False,0.84,Severe,14.5,61.7,365.6,0.18,0.415,0.94,Heavy congestion detected - signal timing extended and reroute suggested
EVT444709,2025-10-20 13:15:31,Cultural Procession,J040,City Market,18839,Weekday,True,Clear,False,0.0,False,True,0.586,Moderate,23.2,64.2,136.8,0.094,0.217,0.866,Road closure for event/procession - full detour recommended for through-traffic
EVT444710,2025-09-11 09:58:12,Political Rally,J031,Cubbon Road,15025,Weekday,False,Rain,True,14.6,False,False,1.0,Severe,9.2,74.7,563.0,0.219,0.506,0.882,Heavy rain reducing visibility and grip - reduced speed and longer buffer advised
EVT444711,2026-06-02 21:12:16,Local Market Day,J030,MG Road,4030,Weekday,False,Clear,False,0.0,False,False,0.43,Moderate,22.8,32.5,203.9,0.123,0.283,0.931,Moderate traffic flow - standard adaptive signal timing in effect
EVT444712,2026-04-06 12:00:32,Sports Fixture,J011,Indiranagar 100ft Road,33951,Weekday,False,Light Rain,True,4.7,False,False,0.491,Moderate,26.2,37.0,176.3,0.136,0.315,0.93,Light rain detected - minor speed reduction advised
EVT444713,2025-06-05 08:01:29,Political Rally,J011,Indiranagar 100ft Road,16967,Weekday,False,Heavy Rain,True,25.4,False,False,1.0,Severe,8.9,70.1,616.9,0.212,0.491,0.852,Heavy rain reducing visibility and grip - reduced speed and longer buffer advised
EVT444714,2025-02-07 20:46:48,Concert,J031,Cubbon Road,7606,Weekday,False,Clear,False,0.0,False,False,0.461,Moderate,26.2,33.8,74.2,0.035,0.081,0.969,Moderate traffic flow - standard adaptive signal timing in effect
EVT444715,2025-11-06 16:21:20,Local Market Day,J020,Malleshwaram Circle,2785,Weekday,False,Clear,False,0.0,False,False,0.444,Moderate,33.0,31.7,189.0,0.184,0.425,0.976,Moderate traffic flow - standard adaptive signal timing in effect
EVT444716,2025-09-18 20:09:16,Local Market Day,J040,City Market,2242,Weekday,False,Rain,True,9.9,False,False,0.799,Severe,15.2,54.0,387.3,0.225,0.519,0.916,Heavy rain reducing visibility and grip - reduced speed and longer buffer advised
EVT444717,2025-04-30 09:34:42,Sports Fixture,J023,Basavanagudi,12920,Weekday,False,Clear,False,0.0,False,False,1.0,Severe,9.3,72.1,674.3,0.238,0.551,0.92,Heavy congestion detected - signal timing extended and reroute suggested
EVT444718,2025-08-11 08:21:29,Trade Fair,J011,Indiranagar 100ft Road,11515,Weekday,False,Rain,True,22.8,False,False,1.0,Severe,9.6,63.2,511.2,0.198,0.457,0.841,Heavy rain reducing visibility and grip - reduced speed and longer buffer advised
EVT444719,2026-06-13 12:25:04,Sports Fixture,J023,Basavanagudi,31841,Weekend,False,Clear,False,0.0,False,False,0.41,Moderate,28.1,26.0,196.9,0.162,0.375,0.97,Moderate traffic flow - standard adaptive signal timing in effect
EVT444720,2026-02-17 19:52:30,Local Market Day,J023,Basavanagudi,3206,Weekday,False,Clear,False,0.0,False,False,0.709,High,16.6,55.8,241.8,0.156,0.359,0.936,Moderate traffic flow - standard adaptive signal timing in effect
EVT444721,2026-02-04 16:22:58,Sports Fixture,J009,Majestic,20453,Weekday,False,Clear,False,0.0,False,False,0.613,High,24.4,47.3,172.9,0.143,0.329,0.968,Moderate traffic flow - standard adaptive signal timing in effect
EVT444722,2026-01-04 07:47:09,Local Market Day,J020,Malleshwaram Circle,4687,Weekend,False,Clear,False,0.0,False,False,0.585,High,23.4,40.5,171.2,0.145,0.334,0.948,Moderate traffic flow - standard adaptive signal timing in effect
EVT444723,2025-08-29 08:20:09,Trade Fair,J040,City Market,11616,Weekday,False,Clear,False,0.0,False,False,0.927,Severe,9.5,64.4,421.9,0.168,0.387,0.945,Heavy congestion detected - signal timing extended and reroute suggested
EVT444724,2025-04-30 08:10:41,Local Market Day,J020,Malleshwaram Circle,3457,Weekday,False,Clear,False,0.0,False,False,0.78,Severe,14.5,55.5,228.0,0.118,0.272,0.957,Heavy congestion detected - signal timing extended and reroute suggested
EVT444725,2025-10-03 19:45:12,Cultural Procession,J011,Indiranagar 100ft Road,12984,Weekday,True,Clear,False,0.0,False,True,1.0,Severe,8.8,96.9,462.2,0.175,0.405,0.841,Road closure for event/procession - full detour recommended for through-traffic
EVT444726,2025-11-18 07:12:00,Local Market Day,J040,City Market,5643,Weekday,False,Clear,False,0.0,False,False,0.535,Moderate,20.4,43.2,280.4,0.194,0.449,0.943,Moderate traffic flow - standard adaptive signal timing in effect
EVT444727,2025-03-17 20:45:16,Local Market Day,J040,City Market,3547,Weekday,False,Clear,False,0.0,False,False,0.455,Moderate,22.2,30.2,244.6,0.165,0.381,0.965,Moderate traffic flow - standard adaptive signal timing in effect
EVT444728,2026-05-28 13:52:38,Local Market Day,J030,MG Road,3496,Weekday,False,Clear,False,0.0,False,False,0.224,Low,29.1,18.9,179.9,0.138,0.318,0.958,Normal free-flow traffic - standard signal timing maintained
EVT444729,2026-06-13 18:03:49,Local Market Day,J012,Koramangala Sony World,4072,Weekend,False,Clear,False,0.0,False,False,0.881,Severe,10.6,63.4,602.2,0.245,0.566,0.95,Heavy congestion detected - signal timing extended and reroute suggested
EVT444730,2025-07-12 21:09:00,Local Market Day,J012,Koramangala Sony World,4867,Weekend,False,Rain,True,9.6,False,False,0.452,Moderate,23.3,28.8,265.5,0.188,0.435,0.917,Light rain detected - minor speed reduction advised
EVT444731,2025-11-04 08:03:51,Local Market Day,J011,Indiranagar 100ft Road,6105,Weekday,False,Clear,False,0.0,False,False,0.815,Severe,13.1,60.2,183.7,0.114,0.263,0.939,Heavy congestion detected - signal timing extended and reroute suggested
EVT444732,2026-04-09 18:03:15,Trade Fair,J009,Majestic,6364,Weekday,False,Clear,False,0.0,False,False,1.0,Severe,8.3,62.7,624.4,0.207,0.477,0.909,Heavy congestion detected - signal timing extended and reroute suggested
EVT444733,2026-04-08 11:21:28,Political Rally,J020,Malleshwaram Circle,35080,Weekday,False,Clear,False,0.0,False,False,0.523,Moderate,23.8,31.5,187.5,0.135,0.312,0.955,Moderate traffic flow - standard adaptive signal timing in effect
EVT444734,2025-02-23 08:53:44,Concert,J040,City Market,8869,Weekend,False,Clear,False,0.0,False,False,0.877,Severe,13.8,74.3,317.2,0.17,0.393,0.927,Heavy congestion detected - signal timing extended and reroute suggested
EVT444735,2025-05-22 20:12:15,Trade Fair,J011,Indiranagar 100ft Road,8633,Weekday,False,Clear,False,0.0,False,False,0.698,High,20.6,46.5,272.4,0.19,0.44,0.977,Moderate traffic flow - standard adaptive signal timing in effect
EVT444736,2025-11-09 10:50:30,Local Market Day,J020,Malleshwaram Circle,4224,Weekend,False,Clear,False,0.0,False,False,0.487,Moderate,25.8,31.6,115.4,0.101,0.233,0.969,Moderate traffic flow - standard adaptive signal timing in effect
EVT444737,2025-12-19 23:53:16,Concert,J009,Majestic,10245,Weekday,False,Clear,False,0.0,False,False,0.235,Low,29.1,14.1,125.2,0.061,0.142,0.955,Normal free-flow traffic - standard signal timing maintained
EVT444738,2026-06-13 09:08:42,Concert,J011,Indiranagar 100ft Road,12698,Weekend,False,Heavy Rain,True,30.2,False,False,1.0,Severe,8.2,71.8,225.3,0.096,0.223,0.861,Heavy rain reducing visibility and grip - reduced speed and longer buffer advised
EVT444739,2025-03-03 16:09:38,Political Rally,J011,Indiranagar 100ft Road,24375,Weekday,False,Clear,False,0.0,False,False,0.541,Moderate,23.3,45.8,248.3,0.166,0.384,0.956,Moderate traffic flow - standard adaptive signal timing in effect
EVT444740,2025-03-20 11:44:04,Sports Fixture,J030,MG Road,24268,Weekday,False,Clear,False,0.0,False,False,0.359,Moderate,23.8,22.8,196.7,0.138,0.319,0.978,Moderate traffic flow - standard adaptive signal timing in effect
EVT444741,2025-09-15 17:30:07,Concert,J023,Basavanagudi,9298,Weekday,False,Rain,True,20.6,False,False,1.0,Severe,6.2,71.8,802.2,0.223,0.515,0.879,Heavy rain reducing visibility and grip - reduced speed and longer buffer advised
EVT444742,2025-02-05 07:00:07,Sports Fixture,J040,City Market,16810,Weekday,False,Clear,False,0.0,False,False,0.54,Moderate,25.7,37.3,154.6,0.119,0.275,0.974,Moderate traffic flow - standard adaptive signal timing in effect
EVT444743,2025-05-08 11:40:52,Political Rally,J023,Basavanagudi,25930,Weekday,False,Clear,False,0.0,False,False,0.373,Moderate,32.5,26.2,133.6,0.129,0.299,0.989,Moderate traffic flow - standard adaptive signal timing in effect
EVT444744,2025-03-19 07:43:50,Concert,J009,Majestic,17944,Weekday,False,Clear,False,0.0,False,False,0.777,Severe,19.5,53.9,266.4,0.178,0.412,0.96,Heavy congestion detected - signal timing extended and reroute suggested
EVT444745,2025-02-23 08:18:42,Sports Fixture,J040,City Market,26165,Weekend,False,Clear,False,0.0,False,False,0.895,Severe,9.9,65.3,519.8,0.198,0.458,0.94,Heavy congestion detected - signal timing extended and reroute suggested
EVT444746,2026-04-18 05:28:01,Concert,J031,Cubbon Road,16799,Weekend,False,Clear,False,0.0,False,False,0.378,Moderate,25.2,25.1,88.5,0.048,0.111,0.957,Moderate traffic flow - standard adaptive signal timing in effect
EVT444747,2026-03-08 11:20:55,Local Market Day,J031,Cubbon Road,5997,Weekend,False,Clear,False,0.0,False,False,0.4,Moderate,28.0,30.9,197.1,0.155,0.357,0.955,Moderate traffic flow - standard adaptive signal timing in effect
EVT444748,2025-04-14 15:50:28,Fireworks Display,J011,Indiranagar 100ft Road,29628,Weekday,True,Clear,False,0.0,False,False,0.769,Severe,14.2,54.2,472.5,0.243,0.561,0.885,Festival crowd surge detected - alternate route and extended cycle recommended
EVT444749,2025-02-08 13:33:31,Concert,J011,Indiranagar 100ft Road,14888,Weekend,False,Clear,False,0.0,False,False,0.343,Low,28.0,26.4,262.3,0.197,0.456,0.977,Moderate traffic flow - standard adaptive signal timing in effect
EVT444750,2025-07-31 21:25:46,Concert,J012,Koramangala Sony World,11870,Weekday,False,Clear,False,0.0,False,False,0.296,Low,38.8,23.9,54.3,0.033,0.076,0.932,Moderate traffic flow - standard adaptive signal timing in effect
EVT444751,2025-10-03 07:32:38,Cultural Procession,J030,MG Road,14650,Weekday,True,Fog,False,0.0,False,True,1.0,Severe,8.3,104.3,668.3,0.257,0.593,0.829,Road closure for event/procession - full detour recommended for through-traffic
EVT444752,2025-07-09 14:59:41,Sports Fixture,J009,Majestic,15572,Weekday,False,Clear,False,0.0,True,False,0.796,Severe,13.6,64.2,263.9,0.146,0.337,0.775,Accident detected nearby - reroute and reduced speed advised
EVT444753,2025-10-03 17:03:44,Fireworks Display,J030,MG Road,20960,Weekday,True,Clear,False,0.0,False,False,1.0,Severe,9.6,73.3,499.7,0.189,0.437,0.882,Festival crowd surge detected - alternate route and extended cycle recommended
EVT444754,2026-02-10 16:23:30,Political Rally,J031,Cubbon Road,24915,Weekday,False,Clear,False,0.0,False,False,0.651,High,16.7,46.8,346.4,0.179,0.414,0.966,Moderate traffic flow - standard adaptive signal timing in effect
EVT444755,2025-04-16 17:37:21,Local Market Day,J012,Koramangala Sony World,3696,Weekday,False,Clear,False,0.0,False,False,0.961,Severe,10.6,75.3,395.7,0.183,0.423,0.93,Heavy congestion detected - signal timing extended and reroute suggested
EVT444756,2025-12-29 17:54:33,Concert,J009,Majestic,15962,Weekday,False,Clear,False,0.0,False,False,1.0,Severe,9.5,73.4,414.5,0.161,0.372,0.904,Heavy congestion detected - signal timing extended and reroute suggested
EVT444757,2026-03-12 15:02:46,Sports Fixture,J040,City Market,17647,Weekday,False,Clear,False,0.0,False,False,0.263,Low,40.2,20.3,129.2,0.128,0.297,0.979,Moderate traffic flow - standard adaptive signal timing in effect
EVT444758,2026-05-21 17:46:41,Local Market Day,J023,Basavanagudi,5290,Weekday,False,Clear,False,0.0,False,False,0.986,Severe,8.4,70.6,210.1,0.098,0.227,0.926,Heavy congestion detected - signal timing extended and reroute suggested
EVT444759,2025-04-02 09:37:12,Sports Fixture,J011,Indiranagar 100ft Road,29785,Weekday,False,Clear,False,0.0,False,False,1.0,Severe,11.4,69.6,406.8,0.174,0.403,0.91,Heavy congestion detected - signal timing extended and reroute suggested
EVT444760,2026-04-08 12:12:39,Local Market Day,J040,City Market,3189,Weekday,False,Clear,False,0.0,False,False,0.175,Low,35.1,6.0,93.2,0.088,0.203,0.952,Normal free-flow traffic - standard signal timing maintained
EVT444761,2025-05-23 20:34:54,Trade Fair,J011,Indiranagar 100ft Road,12035,Weekday,False,Clear,False,0.0,False,False,0.545,Moderate,22.4,39.1,214.4,0.17,0.393,0.971,Moderate traffic flow - standard adaptive signal timing in effect
EVT444762,2025-06-09 14:51:46,Political Rally,J020,Malleshwaram Circle,23979,Weekday,False,Clear,False,0.0,False,False,0.302,Low,27.4,23.6,130.2,0.095,0.22,0.983,Moderate traffic flow - standard adaptive signal timing in effect
EVT444763,2025-05-20 15:43:20,Local Market Day,J023,Basavanagudi,3009,Weekday,False,Rain,True,8.7,False,False,0.481,Moderate,25.6,37.1,235.1,0.163,0.376,0.903,Light rain detected - minor speed reduction advised
EVT444764,2026-06-16 05:30:02,Concert,J040,City Market,19834,Weekday,False,Heavy Rain,True,38.4,False,False,0.614,High,22.0,48.0,273.7,0.194,0.449,0.914,Heavy rain reducing visibility and grip - reduced speed and longer buffer advised
EVT444765,2025-08-07 08:53:10,Sports Fixture,J009,Majestic,26994,Weekday,False,Clear,False,0.0,False,False,1.0,Severe,6.0,71.3,757.7,0.2,0.462,0.905,Heavy congestion detected - signal timing extended and reroute suggested
EVT444766,2025-01-30 10:34:56,Trade Fair,J030,MG Road,13281,Weekday,False,Clear,False,0.0,False,False,0.662,High,21.9,49.8,240.2,0.17,0.392,0.937,Moderate traffic flow - standard adaptive signal timing in effect
EVT444767,2026-02-25 15:18:54,Sports Fixture,J012,Koramangala Sony World,20631,Weekday,False,Clear,False,0.0,False,False,0.417,Moderate,28.3,32.8,238.1,0.184,0.425,0.972,Moderate traffic flow - standard adaptive signal timing in effect
EVT444768,2026-05-27 10:30:51,Local Market Day,J009,Majestic,2792,Weekday,False,Clear,False,0.0,False,False,0.589,High,21.9,44.9,325.7,0.203,0.47,0.969,Moderate traffic flow - standard adaptive signal timing in effect
EVT444769,2025-06-22 22:05:37,Local Market Day,J030,MG Road,5115,Weekend,False,Clear,False,0.0,False,False,0.306,Low,28.8,25.5,185.5,0.172,0.398,0.989,Moderate traffic flow - standard adaptive signal timing in effect
EVT444770,2025-04-20 16:26:12,Concert,J030,MG Road,15598,Weekend,False,Clear,False,0.0,False,False,0.594,High,18.8,37.3,305.6,0.181,0.418,0.976,Moderate traffic flow - standard adaptive signal timing in effect
EVT444771,2025-03-25 10:55:07,Local Market Day,J030,MG Road,2990,Weekday,False,Clear,False,0.0,False,False,0.51,Moderate,21.6,33.8,269.3,0.16,0.371,0.952,Moderate traffic flow - standard adaptive signal timing in effect
EVT444772,2026-06-04 19:19:38,Local Market Day,J020,Malleshwaram Circle,5237,Weekday,False,Clear,False,0.0,False,False,0.875,Severe,13.8,66.9,451.3,0.217,0.501,0.915,Heavy congestion detected - signal timing extended and reroute suggested
EVT444773,2025-06-29 06:03:29,Concert,J012,Koramangala Sony World,12770,Weekend,False,Clear,False,0.0,False,False,0.418,Moderate,19.8,26.7,333.3,0.194,0.447,0.97,Moderate traffic flow - standard adaptive signal timing in effect
EVT444774,2026-06-07 22:33:57,Trade Fair,J031,Cubbon Road,7756,Weekend,False,Heavy Rain,True,29.0,False,False,0.623,High,23.6,48.8,132.3,0.089,0.206,0.935,Heavy rain reducing visibility and grip - reduced speed and longer buffer advised
EVT444775,2025-05-09 17:38:28,Local Market Day,J011,Indiranagar 100ft Road,7643,Weekday,False,Rain,True,7.7,False,False,1.0,Severe,8.0,75.4,661.2,0.212,0.49,0.867,Heavy rain reducing visibility and grip - reduced speed and longer buffer advised
EVT444776,2025-01-05 22:32:24,Concert,J011,Indiranagar 100ft Road,11292,Weekend,False,Clear,False,0.0,False,False,0.316,Low,32.3,20.8,157.1,0.142,0.328,0.971,Moderate traffic flow - standard adaptive signal timing in effect
EVT444777,2025-01-31 14:25:29,Concert,J009,Majestic,12690,Weekday,False,Clear,False,0.0,False,False,0.283,Low,26.8,16.8,201.2,0.138,0.318,0.952,Moderate traffic flow - standard adaptive signal timing in effect
EVT444778,2025-03-13 06:05:44,Concert,J030,MG Road,7460,Weekday,False,Clear,False,0.0,False,False,0.166,Low,37.7,6.1,117.2,0.098,0.227,0.974,Normal free-flow traffic - standard signal timing maintained
EVT444779,2026-06-24 10:42:45,Local Market Day,J011,Indiranagar 100ft Road,5297,Weekday,False,Heavy Rain,True,54.1,False,False,0.895,Severe,10.2,63.4,456.2,0.206,0.475,0.865,Heavy rain reducing visibility and grip - reduced speed and longer buffer advised
EVT444780,2025-03-18 15:00:53,Concert,J011,Indiranagar 100ft Road,8009,Weekday,False,Clear,False,0.0,False,False,0.212,Low,37.4,18.9,107.8,0.089,0.206,0.982,Normal free-flow traffic - standard signal timing maintained
EVT444781,2026-03-27 06:17:05,Religious Festival,J031,Cubbon Road,57973,Weekday,True,Clear,False,0.0,False,True,0.981,Severe,9.1,102.5,334.1,0.148,0.342,0.835,Road closure for event/procession - full detour recommended for through-traffic
EVT444782,2025-04-23 12:55:20,Trade Fair,J031,Cubbon Road,6387,Weekday,False,Clear,False,0.0,False,False,0.236,Low,30.8,16.0,134.1,0.125,0.289,0.958,Normal free-flow traffic - standard signal timing maintained
EVT444783,2026-01-30 18:21:46,Local Market Day,J020,Malleshwaram Circle,3867,Weekday,False,Clear,False,0.0,False,False,1.0,Severe,7.8,71.2,590.0,0.187,0.432,0.93,Heavy congestion detected - signal timing extended and reroute suggested
EVT444784,2026-04-19 19:10:04,Concert,J020,Malleshwaram Circle,9652,Weekend,False,Clear,False,0.0,False,False,0.835,Severe,12.6,66.4,496.0,0.248,0.574,0.947,Heavy congestion detected - signal timing extended and reroute suggested
EVT444785,2025-12-31 08:47:13,Local Market Day,J020,Malleshwaram Circle,5585,Weekday,False,Clear,False,0.0,False,False,0.987,Severe,7.0,68.7,757.0,0.237,0.549,0.924,Heavy congestion detected - signal timing extended and reroute suggested
EVT444786,2026-05-16 09:24:36,Local Market Day,J011,Indiranagar 100ft Road,2971,Weekend,False,Rain,True,19.9,False,False,1.0,Severe,7.5,82.8,415.0,0.138,0.319,0.873,Heavy rain reducing visibility and grip - reduced speed and longer buffer advised
EVT444787,2026-01-01 17:26:43,Religious Festival,J011,Indiranagar 100ft Road,71979,Weekday,True,Clear,False,0.0,False,True,1.0,Severe,8.6,88.4,609.2,0.214,0.495,0.863,Road closure for event/procession - full detour recommended for through-traffic
EVT444788,2026-02-09 07:27:05,Trade Fair,J020,Malleshwaram Circle,16416,Weekday,False,Clear,False,0.0,False,False,0.651,High,13.1,43.0,333.1,0.154,0.356,0.969,Moderate traffic flow - standard adaptive signal timing in effect
EVT444789,2025-06-09 10:05:11,Sports Fixture,J030,MG Road,23832,Weekday,False,Rain,True,8.5,False,False,1.0,Severe,7.2,74.5,338.4,0.125,0.288,0.892,Heavy rain reducing visibility and grip - reduced speed and longer buffer advised
EVT444790,2025-01-08 16:28:23,Trade Fair,J012,Koramangala Sony World,7606,Weekday,False,Clear,False,0.0,False,False,0.572,High,18.8,46.4,229.7,0.119,0.276,0.951,Moderate traffic flow - standard adaptive signal timing in effect
EVT444791,2025-04-05 15:27:00,Sports Fixture,J011,Indiranagar 100ft Road,18696,Weekend,False,Clear,False,0.0,False,False,0.519,Moderate,22.0,38.6,208.9,0.128,0.295,0.983,Moderate traffic flow - standard adaptive signal timing in effect
EVT444792,2025-11-24 16:39:04,Trade Fair,J011,Indiranagar 100ft Road,11850,Weekday,False,Clear,False,0.0,False,False,0.585,High,18.5,42.4,255.6,0.181,0.418,0.983,Moderate traffic flow - standard adaptive signal timing in effect
EVT444793,2025-12-08 19:30:01,Local Market Day,J030,MG Road,4242,Weekday,False,Clear,False,0.0,False,False,0.743,High,19.5,53.2,280.9,0.16,0.371,0.973,Moderate traffic flow - standard adaptive signal timing in effect
EVT444794,2025-06-09 19:21:25,Concert,J012,Koramangala Sony World,10750,Weekday,False,Clear,False,0.0,False,False,1.0,Severe,7.7,69.0,582.0,0.189,0.437,0.918,Heavy congestion detected - signal timing extended and reroute suggested
EVT444795,2025-12-07 14:45:33,Local Market Day,J030,MG Road,3640,Weekend,False,Clear,False,0.0,False,False,0.324,Low,25.7,18.3,144.8,0.092,0.212,0.949,Moderate traffic flow - standard adaptive signal timing in effect
EVT444796,2025-08-29 11:36:14,Trade Fair,J031,Cubbon Road,9285,Weekday,False,Clear,False,0.0,False,False,0.327,Low,27.6,30.5,120.7,0.077,0.179,0.973,Moderate traffic flow - standard adaptive signal timing in effect
EVT444797,2025-08-31 07:39:35,Local Market Day,J012,Koramangala Sony World,3584,Weekend,False,Clear,False,0.0,False,False,0.535,Moderate,23.2,40.0,189.9,0.13,0.299,0.975,Moderate traffic flow - standard adaptive signal timing in effect
EVT444798,2025-01-12 07:20:31,Trade Fair,J011,Indiranagar 100ft Road,12465,Weekend,False,Clear,False,0.0,False,False,0.551,High,27.3,39.2,114.9,0.095,0.219,0.965,Moderate traffic flow - standard adaptive signal timing in effect
EVT444799,2026-01-21 16:41:48,Local Market Day,J030,MG Road,5560,Weekday,False,Clear,False,0.0,False,False,0.614,High,19.6,42.1,190.1,0.133,0.307,0.963,Moderate traffic flow - standard adaptive signal timing in effect
EVT444800,2025-09-17 21:19:20,Local Market Day,J020,Malleshwaram Circle,3311,Weekday,False,Clear,False,0.0,False,False,0.246,Low,42.9,16.0,184.7,0.195,0.45,0.96,Normal free-flow traffic - standard signal timing maintained
EVT444801,2026-03-07 15:42:55,Sports Fixture,J023,Basavanagudi,15851,Weekend,False,Clear,False,0.0,False,False,0.467,Moderate,23.6,33.2,78.2,0.05,0.115,0.953,Moderate traffic flow - standard adaptive signal timing in effect
EVT444802,2025-01-08 01:57:33,Political Rally,J030,MG Road,9285,Weekday,False,Clear,False,0.0,False,False,0.226,Low,37.6,11.7,52.6,0.047,0.109,0.961,Normal free-flow traffic - standard signal timing maintained
EVT444803,2025-06-05 12:00:14,Trade Fair,J012,Koramangala Sony World,20422,Weekday,False,Clear,False,0.0,False,False,0.393,Moderate,28.7,28.3,166.2,0.152,0.351,0.945,Moderate traffic flow - standard adaptive signal timing in effect
EVT444804,2025-08-19 17:57:59,Sports Fixture,J009,Majestic,12968,Weekday,False,Heavy Rain,True,74.2,False,False,1.0,Severe,7.6,74.8,634.6,0.204,0.472,0.851,Heavy rain reducing visibility and grip - reduced speed and longer buffer advised
EVT444805,2026-02-06 04:47:56,Local Market Day,J011,Indiranagar 100ft Road,3443,Weekday,False,Clear,False,0.0,False,False,0.171,Low,38.1,14.7,110.0,0.116,0.269,0.982,Normal free-flow traffic - standard signal timing maintained
EVT444806,2025-06-20 08:43:12,Sports Fixture,J023,Basavanagudi,21374,Weekday,False,Clear,False,0.0,False,False,1.0,Severe,7.4,74.2,518.9,0.158,0.364,0.951,Heavy congestion detected - signal timing extended and reroute suggested
EVT444807,2025-03-03 16:21:52,Local Market Day,J031,Cubbon Road,1712,Weekday,False,Clear,False,0.0,False,False,0.491,Moderate,26.8,30.6,155.2,0.107,0.247,0.985,Moderate traffic flow - standard adaptive signal timing in effect
EVT444808,2025-11-26 14:39:30,Trade Fair,J020,Malleshwaram Circle,11624,Weekday,False,Clear,False,0.0,False,False,0.282,Low,27.0,23.9,216.6,0.16,0.371,0.953,Moderate traffic flow - standard adaptive signal timing in effect
EVT444809,2025-04-10 17:22:30,Local Market Day,J012,Koramangala Sony World,3636,Weekday,False,Clear,False,0.0,False,False,0.893,Severe,9.8,65.8,724.5,0.232,0.537,0.949,Heavy congestion detected - signal timing extended and reroute suggested
EVT444810,2025-06-16 17:29:15,Trade Fair,J023,Basavanagudi,4435,Weekday,False,Rain,True,8.2,False,False,1.0,Severe,7.7,66.0,347.3,0.107,0.247,0.865,Heavy rain reducing visibility and grip - reduced speed and longer buffer advised
EVT444811,2025-12-19 10:55:24,Trade Fair,J011,Indiranagar 100ft Road,9809,Weekday,False,Rain,True,9.2,False,False,0.641,High,27.1,47.9,179.3,0.152,0.351,0.909,Heavy rain reducing visibility and grip - reduced speed and longer buffer advised
EVT444812,2025-05-24 10:02:24,Local Market Day,J031,Cubbon Road,2544,Weekend,False,Clear,False,0.0,False,False,0.732,High,17.3,44.6,315.6,0.167,0.387,0.951,Moderate traffic flow - standard adaptive signal timing in effect
EVT444813,2025-05-26 18:53:35,Trade Fair,J011,Indiranagar 100ft Road,5506,Weekday,False,Clear,False,0.0,False,False,1.0,Severe,9.5,73.6,364.9,0.161,0.372,0.905,Heavy congestion detected - signal timing extended and reroute suggested
EVT444814,2025-06-08 21:12:46,Political Rally,J030,MG Road,17509,Weekend,False,Rain,True,18.4,False,False,0.624,High,17.7,38.2,235.8,0.143,0.33,0.916,Heavy rain reducing visibility and grip - reduced speed and longer buffer advised
EVT444815,2025-12-11 15:38:31,Political Rally,J040,City Market,20662,Weekday,False,Clear,False,0.0,False,False,0.456,Moderate,27.4,36.4,239.0,0.161,0.371,0.965,Moderate traffic flow - standard adaptive signal timing in effect
EVT444816,2025-12-11 07:30:31,Trade Fair,J020,Malleshwaram Circle,11268,Weekday,False,Clear,False,0.0,False,False,0.734,High,19.4,53.7,301.6,0.183,0.422,0.955,Moderate traffic flow - standard adaptive signal timing in effect
EVT444817,2026-05-04 17:52:40,Sports Fixture,J020,Malleshwaram Circle,18541,Weekday,False,Clear,False,0.0,False,False,1.0,Severe,8.5,73.6,620.0,0.21,0.485,0.919,Heavy congestion detected - signal timing extended and reroute suggested
EVT444818,2025-08-04 08:41:49,Trade Fair,J009,Majestic,7429,Weekday,False,Heavy Rain,True,47.5,False,False,1.0,Severe,8.3,65.4,667.9,0.206,0.475,0.856,Heavy rain reducing visibility and grip - reduced speed and longer buffer advised
EVT444819,2025-06-14 11:28:05,Concert,J020,Malleshwaram Circle,18914,Weekend,False,Rain,True,13.8,False,False,0.583,High,23.8,39.2,145.0,0.107,0.246,0.905,Heavy rain reducing visibility and grip - reduced speed and longer buffer advised
EVT444820,2026-01-30 23:40:50,Local Market Day,J009,Majestic,3577,Weekday,False,Clear,False,0.0,False,False,0.21,Low,34.2,16.4,179.7,0.158,0.365,0.98,Normal free-flow traffic - standard signal timing maintained
EVT444821,2026-05-20 16:27:20,Sports Fixture,J012,Koramangala Sony World,17763,Weekday,False,Clear,False,0.0,False,False,0.651,High,20.8,47.5,202.1,0.133,0.306,0.961,Moderate traffic flow - standard adaptive signal timing in effect
EVT444822,2025-10-08 05:27:27,Local Market Day,J023,Basavanagudi,2372,Weekday,False,Heavy Rain,True,40.0,False,False,0.528,Moderate,23.2,31.3,162.7,0.125,0.29,0.904,Light rain detected - minor speed reduction advised
EVT444823,2025-11-20 11:13:24,Political Rally,J023,Basavanagudi,22800,Weekday,False,Light Rain,True,5.7,False,False,0.611,High,23.2,51.2,268.6,0.189,0.436,0.879,Heavy rain reducing visibility and grip - reduced speed and longer buffer advised
EVT444824,2026-02-13 19:38:10,Local Market Day,J011,Indiranagar 100ft Road,4320,Weekday,False,Clear,False,0.0,False,False,0.883,Severe,10.4,61.7,299.3,0.126,0.29,0.942,Heavy congestion detected - signal timing extended and reroute suggested
EVT444825,2025-11-17 06:28:58,Sports Fixture,J009,Majestic,10697,Weekday,False,Clear,False,0.0,False,False,0.309,Low,30.6,20.8,133.6,0.098,0.226,0.944,Moderate traffic flow - standard adaptive signal timing in effect
EVT444826,2025-08-19 14:54:24,Local Market Day,J030,MG Road,3827,Weekday,False,Clear,False,0.0,False,False,0.225,Low,33.2,11.9,106.9,0.076,0.175,0.974,Normal free-flow traffic - standard signal timing maintained
EVT444827,2025-11-06 18:54:23,Concert,J040,City Market,9424,Weekday,False,Light Rain,True,4.6,False,False,1.0,Severe,6.8,67.1,772.6,0.216,0.5,0.876,Heavy rain reducing visibility and grip - reduced speed and longer buffer advised
EVT444828,2026-03-18 09:39:52,Local Market Day,J020,Malleshwaram Circle,3177,Weekday,False,Clear,False,0.0,False,False,0.922,Severe,13.3,65.7,318.4,0.166,0.383,0.929,Heavy congestion detected - signal timing extended and reroute suggested
EVT444829,2025-02-25 18:37:43,Sports Fixture,J011,Indiranagar 100ft Road,18501,Weekday,False,Clear,False,0.0,False,False,1.0,Severe,9.8,71.5,277.7,0.13,0.301,0.916,Heavy congestion detected - signal timing extended and reroute suggested
EVT444830,2026-05-13 10:20:27,Local Market Day,J023,Basavanagudi,4601,Weekday,False,Light Rain,True,2.6,False,False,0.751,Severe,15.8,54.4,348.6,0.207,0.479,0.934,Heavy rain reducing visibility and grip - reduced speed and longer buffer advised
EVT444831,2025-07-13 20:15:01,Sports Fixture,J023,Basavanagudi,22936,Weekend,False,Clear,False,0.0,False,False,0.675,High,17.8,52.2,220.3,0.147,0.339,0.99,Moderate traffic flow - standard adaptive signal timing in effect
EVT444832,2025-06-11 10:42:53,Trade Fair,J023,Basavanagudi,7771,Weekday,False,Rain,True,9.8,False,False,0.659,High,18.8,49.3,265.2,0.163,0.377,0.928,Heavy rain reducing visibility and grip - reduced speed and longer buffer advised
EVT444833,2025-05-27 11:12:17,Local Market Day,J009,Majestic,3567,Weekday,False,Clear,False,0.0,False,False,0.34,Low,27.7,22.7,210.3,0.171,0.396,0.949,Moderate traffic flow - standard adaptive signal timing in effect
EVT444834,2025-01-20 07:38:14,Concert,J012,Koramangala Sony World,14719,Weekday,False,Clear,False,0.0,False,False,0.698,High,23.4,48.1,163.6,0.13,0.3,0.96,Moderate traffic flow - standard adaptive signal timing in effect
EVT444835,2025-07-07 20:02:04,Local Market Day,J031,Cubbon Road,4278,Weekday,False,Clear,False,0.0,False,False,0.665,High,20.5,48.5,311.1,0.203,0.469,0.935,Moderate traffic flow - standard adaptive signal timing in effect
EVT444836,2025-05-16 17:00:11,Political Rally,J040,City Market,17691,Weekday,False,Clear,False,0.0,False,False,0.808,Severe,17.5,63.7,202.0,0.123,0.283,0.94,Heavy congestion detected - signal timing extended and reroute suggested
EVT444837,2026-03-11 13:00:02,Concert,J011,Indiranagar 100ft Road,10216,Weekday,False,Clear,False,0.0,False,False,0.22,Low,32.7,18.6,160.0,0.151,0.35,0.972,Normal free-flow traffic - standard signal timing maintained
EVT444838,2025-11-10 12:25:22,Concert,J009,Majestic,16349,Weekday,False,Clear,False,0.0,False,False,0.367,Moderate,28.4,29.9,120.5,0.104,0.24,0.947,Moderate traffic flow - standard adaptive signal timing in effect
EVT444839,2026-02-09 10:42:36,Trade Fair,J012,Koramangala Sony World,11436,Weekday,False,Clear,False,0.0,False,False,0.537,Moderate,28.3,34.9,172.6,0.15,0.345,0.959,Moderate traffic flow - standard adaptive signal timing in effect
EVT444840,2025-01-07 17:27:43,Trade Fair,J009,Majestic,8103,Weekday,False,Clear,False,0.0,False,False,0.971,Severe,8.9,67.1,745.1,0.267,0.616,0.934,Heavy congestion detected - signal timing extended and reroute suggested
EVT444841,2025-05-24 16:37:16,Trade Fair,J040,City Market,8109,Weekend,False,Heavy Rain,True,38.2,False,False,0.907,Severe,14.5,65.5,379.4,0.201,0.465,0.902,Heavy rain reducing visibility and grip - reduced speed and longer buffer advised
EVT444842,2026-04-06 19:13:42,Sports Fixture,J031,Cubbon Road,23555,Weekday,False,Clear,False,0.0,False,False,1.0,Severe,7.5,70.3,208.2,0.071,0.164,0.909,Heavy congestion detected - signal timing extended and reroute suggested
EVT444843,2025-08-16 11:50:43,Religious Festival,J040,City Market,70845,Weekend,True,Light Rain,True,4.0,False,True,1.0,Severe,7.7,102.8,770.8,0.264,0.61,0.8,Road closure for event/procession - full detour recommended for through-traffic
EVT444844,2025-03-18 13:34:33,Sports Fixture,J023,Basavanagudi,18108,Weekday,False,Fog,False,0.0,False,False,0.253,Low,28.6,21.8,220.0,0.169,0.39,0.975,Moderate traffic flow - standard adaptive signal timing in effect
EVT444845,2025-11-11 17:37:00,Local Market Day,J020,Malleshwaram Circle,5951,Weekday,False,Clear,False,0.0,False,False,0.884,Severe,12.4,66.2,274.6,0.121,0.28,0.914,Heavy congestion detected - signal timing extended and reroute suggested
EVT444846,2026-03-09 08:59:04,Trade Fair,J009,Majestic,6161,Weekday,False,Clear,False,0.0,False,False,1.0,Severe,7.9,73.8,555.6,0.178,0.411,0.928,Heavy congestion detected - signal timing extended and reroute suggested
EVT444847,2026-02-13 11:33:01,Local Market Day,J012,Koramangala Sony World,4292,Weekday,False,Clear,False,0.0,False,False,0.284,Low,30.5,20.1,123.8,0.104,0.24,0.952,Moderate traffic flow - standard adaptive signal timing in effect
EVT444848,2025-12-17 19:11:02,Local Market Day,J040,City Market,3392,Weekday,False,Clear,False,0.0,False,False,1.0,Severe,8.3,74.4,486.9,0.172,0.397,0.933,Heavy congestion detected - signal timing extended and reroute suggested
EVT444849,2026-04-13 17:27:08,Local Market Day,J011,Indiranagar 100ft Road,3343,Weekday,False,Clear,False,0.0,False,False,0.851,Severe,13.3,62.6,160.9,0.06,0.138,0.974,Heavy congestion detected - signal timing extended and reroute suggested
EVT444850,2025-07-07 09:06:06,Sports Fixture,J009,Majestic,28558,Weekday,False,Clear,False,0.0,False,False,1.0,Severe,6.2,73.3,1015.7,0.261,0.603,0.914,Heavy congestion detected - signal timing extended and reroute suggested
EVT444851,2025-11-15 13:28:02,Sports Fixture,J031,Cubbon Road,32858,Weekend,False,Clear,False,0.0,False,False,0.412,Moderate,31.6,29.4,154.0,0.117,0.27,0.968,Moderate traffic flow - standard adaptive signal timing in effect
EVT444852,2025-02-16 14:07:23,Local Market Day,J011,Indiranagar 100ft Road,5071,Weekend,False,Clear,False,0.0,False,False,0.312,Low,30.2,20.2,87.5,0.065,0.15,0.985,Moderate traffic flow - standard adaptive signal timing in effect
EVT444853,2025-08-17 23:58:09,Concert,J011,Indiranagar 100ft Road,11676,Weekend,False,Heavy Rain,True,27.9,False,False,0.611,High,22.9,45.2,213.7,0.122,0.281,0.926,Heavy rain reducing visibility and grip - reduced speed and longer buffer advised
EVT444854,2025-09-01 11:24:31,Sports Fixture,J040,City Market,16334,Weekday,False,Clear,False,0.0,False,False,0.412,Moderate,23.1,30.8,235.0,0.129,0.298,0.949,Moderate traffic flow - standard adaptive signal timing in effect
EVT444855,2025-08-10 17:59:11,Local Market Day,J011,Indiranagar 100ft Road,5207,Weekend,False,Fog,False,0.0,False,False,0.843,Severe,17.2,63.1,339.4,0.205,0.473,0.942,Heavy congestion detected - signal timing extended and reroute suggested
EVT444856,2026-03-09 08:38:24,Trade Fair,J020,Malleshwaram Circle,3727,Weekday,False,Clear,False,0.0,False,False,0.977,Severe,7.9,67.4,572.3,0.209,0.483,0.943,Heavy congestion detected - signal timing extended and reroute suggested
EVT444857,2025-05-05 16:21:17,Concert,J023,Basavanagudi,18801,Weekday,False,Clear,False,0.0,False,False,0.653,High,21.4,44.9,369.0,0.239,0.552,0.959,Moderate traffic flow - standard adaptive signal timing in effect
EVT444858,2025-08-31 15:09:38,Local Market Day,J023,Basavanagudi,4903,Weekend,False,Rain,True,19.9,False,False,0.564,High,20.3,33.6,197.7,0.133,0.308,0.932,Heavy rain reducing visibility and grip - reduced speed and longer buffer advised
EVT444859,2025-10-29 09:55:37,Sports Fixture,J040,City Market,29472,Weekday,False,Rain,True,19.5,False,False,1.0,Severe,7.8,73.5,582.8,0.182,0.42,0.883,Heavy rain reducing visibility and grip - reduced speed and longer buffer advised
EVT444860,2025-04-17 13:12:38,Sports Fixture,J031,Cubbon Road,17139,Weekday,False,Clear,False,0.0,False,False,0.297,Low,36.6,22.0,48.3,0.033,0.076,0.981,Moderate traffic flow - standard adaptive signal timing in effect
EVT444861,2026-02-24 08:16:39,Local Market Day,J020,Malleshwaram Circle,3710,Weekday,False,Clear,False,0.0,False,False,0.892,Severe,10.8,65.5,646.6,0.249,0.576,0.969,Heavy congestion detected - signal timing extended and reroute suggested
EVT444862,2025-09-29 16:56:20,Trade Fair,J031,Cubbon Road,13138,Weekday,False,Clear,False,0.0,False,False,0.807,Severe,11.1,63.9,533.4,0.22,0.508,0.976,Heavy congestion detected - signal timing extended and reroute suggested
EVT444863,2025-02-16 19:03:44,Concert,J020,Malleshwaram Circle,11301,Weekend,False,Clear,False,0.0,False,False,0.911,Severe,11.0,64.3,438.6,0.196,0.453,0.91,Heavy congestion detected - signal timing extended and reroute suggested
EVT444864,2025-10-15 18:45:22,Trade Fair,J023,Basavanagudi,8021,Weekday,False,Clear,False,0.0,False,False,1.0,Severe,8.3,68.1,755.0,0.257,0.594,0.931,Heavy congestion detected - signal timing extended and reroute suggested
EVT444865,2025-07-27 19:42:00,Concert,J009,Majestic,17738,Weekend,False,Clear,False,0.0,False,False,0.734,High,22.5,56.4,364.2,0.273,0.63,0.95,Moderate traffic flow - standard adaptive signal timing in effect
EVT444866,2026-02-14 09:13:48,Political Rally,J040,City Market,14018,Weekend,False,Clear,False,0.0,False,False,0.881,Severe,13.9,60.7,228.6,0.127,0.293,0.967,Heavy congestion detected - signal timing extended and reroute suggested
EVT444867,2025-06-20 09:49:10,Local Market Day,J030,MG Road,3340,Weekday,False,Clear,False,0.0,False,False,0.897,Severe,11.4,68.9,379.2,0.178,0.41,0.948,Heavy congestion detected - signal timing extended and reroute suggested
EVT444868,2025-08-11 06:55:37,Local Market Day,J011,Indiranagar 100ft Road,3245,Weekday,False,Heavy Rain,True,43.2,False,False,0.698,High,18.3,48.8,287.3,0.163,0.376,0.921,Heavy rain reducing visibility and grip - reduced speed and longer buffer advised
EVT444869,2025-11-16 17:37:53,Local Market Day,J030,MG Road,3410,Weekend,False,Clear,False,0.0,False,False,0.855,Severe,11.9,59.4,379.2,0.182,0.421,0.942,Heavy congestion detected - signal timing extended and reroute suggested
EVT444870,2025-12-21 14:37:50,Concert,J009,Majestic,14176,Weekend,False,Clear,False,0.0,False,False,0.347,Low,30.4,27.5,137.1,0.132,0.304,0.963,Moderate traffic flow - standard adaptive signal timing in effect
EVT444871,2025-06-16 11:44:28,Local Market Day,J012,Koramangala Sony World,4450,Weekday,False,Clear,False,0.0,False,False,0.338,Low,26.6,22.1,131.8,0.113,0.262,0.983,Moderate traffic flow - standard adaptive signal timing in effect
EVT444872,2025-04-24 08:21:39,Political Rally,J012,Koramangala Sony World,21505,Weekday,False,Clear,False,0.0,False,False,1.0,Severe,9.6,72.1,560.7,0.237,0.547,0.93,Heavy congestion detected - signal timing extended and reroute suggested
EVT444873,2026-05-04 17:21:02,Local Market Day,J040,City Market,3250,Weekday,False,Clear,False,0.0,False,False,0.747,High,17.4,50.8,313.8,0.186,0.43,0.978,Moderate traffic flow - standard adaptive signal timing in effect
EVT444874,2026-05-11 23:30:19,Concert,J011,Indiranagar 100ft Road,8970,Weekday,False,Rain,True,12.9,False,False,0.349,Low,24.2,21.4,189.1,0.118,0.273,0.908,Light rain detected - minor speed reduction advised
EVT444875,2025-03-02 17:30:43,Concert,J030,MG Road,6963,Weekend,False,Clear,False,0.0,False,False,0.796,Severe,13.3,59.4,334.7,0.149,0.345,0.949,Heavy congestion detected - signal timing extended and reroute suggested
EVT444876,2025-05-24 20:42:52,Sports Fixture,J009,Majestic,18948,Weekend,False,Rain,True,10.8,False,False,0.743,High,18.8,56.4,171.3,0.108,0.249,0.902,Heavy rain reducing visibility and grip - reduced speed and longer buffer advised
EVT444877,2026-04-26 12:45:18,Sports Fixture,J031,Cubbon Road,21850,Weekend,False,Clear,False,0.0,False,False,0.39,Moderate,26.2,26.4,263.5,0.212,0.49,0.948,Moderate traffic flow - standard adaptive signal timing in effect
EVT444878,2026-06-26 17:43:49,Local Market Day,J020,Malleshwaram Circle,3663,Weekday,False,Clear,False,0.0,False,False,0.923,Severe,11.4,72.8,335.0,0.152,0.352,0.922,Heavy congestion detected - signal timing extended and reroute suggested
EVT444879,2025-02-15 06:04:48,Trade Fair,J023,Basavanagudi,18043,Weekend,False,Clear,False,0.0,False,False,0.288,Low,32.7,18.9,120.7,0.087,0.202,0.988,Moderate traffic flow - standard adaptive signal timing in effect
EVT444880,2025-08-05 17:18:26,Local Market Day,J040,City Market,3745,Weekday,False,Clear,False,0.0,False,False,0.853,Severe,11.7,61.0,325.2,0.138,0.318,0.964,Heavy congestion detected - signal timing extended and reroute suggested
EVT444881,2025-12-08 07:57:30,Local Market Day,J011,Indiranagar 100ft Road,5705,Weekday,False,Clear,False,0.0,False,False,0.792,Severe,13.0,54.8,334.4,0.137,0.317,0.968,Heavy congestion detected - signal timing extended and reroute suggested
EVT444882,2025-08-21 20:05:59,Sports Fixture,J023,Basavanagudi,13377,Weekday,False,Clear,False,0.0,False,False,0.785,Severe,18.5,58.1,296.6,0.204,0.471,0.942,Heavy congestion detected - signal timing extended and reroute suggested
EVT444883,2026-01-31 07:15:02,Local Market Day,J031,Cubbon Road,2151,Weekend,False,Clear,False,0.0,False,False,0.485,Moderate,19.2,34.8,197.6,0.109,0.251,0.968,Moderate traffic flow - standard adaptive signal timing in effect
EVT444884,2025-09-29 06:30:38,Local Market Day,J040,City Market,5825,Weekday,False,Heavy Rain,True,27.4,False,False,0.613,High,17.8,42.1,261.7,0.15,0.347,0.915,Heavy rain reducing visibility and grip - reduced speed and longer buffer advised
EVT444885,2025-08-20 06:44:37,Sports Fixture,J030,MG Road,19260,Weekday,False,Clear,False,0.0,False,False,0.486,Moderate,24.3,33.0,148.8,0.107,0.248,0.933,Moderate traffic flow - standard adaptive signal timing in effect
EVT444886,2026-01-29 14:06:53,Concert,J030,MG Road,13304,Weekday,False,Clear,False,0.0,False,False,0.267,Low,39.8,18.7,120.0,0.125,0.288,0.979,Moderate traffic flow - standard adaptive signal timing in effect
EVT444887,2026-05-01 14:20:02,Cultural Procession,J020,Malleshwaram Circle,25253,Weekday,True,Clear,False,0.0,False,False,0.608,High,15.6,43.0,113.8,0.061,0.142,0.895,Festival crowd surge detected - alternate route and extended cycle recommended
EVT444888,2025-01-24 10:43:04,Sports Fixture,J030,MG Road,19147,Weekday,False,Clear,False,0.0,False,False,0.63,High,22.0,46.2,102.3,0.064,0.147,0.966,Moderate traffic flow - standard adaptive signal timing in effect
EVT444889,2026-03-30 07:04:39,Concert,J023,Basavanagudi,8474,Weekday,False,Clear,False,0.0,True,False,0.829,Severe,16.0,59.6,200.7,0.121,0.28,0.79,Accident detected nearby - reroute and reduced speed advised
EVT444890,2025-12-09 08:15:03,Trade Fair,J020,Malleshwaram Circle,5722,Weekday,False,Clear,False,0.0,False,False,0.842,Severe,15.9,59.4,228.7,0.132,0.305,0.94,Heavy congestion detected - signal timing extended and reroute suggested
EVT444891,2026-03-22 10:48:00,Trade Fair,J011,Indiranagar 100ft Road,11811,Weekend,False,Clear,False,0.0,False,False,0.547,Moderate,22.5,40.8,159.3,0.094,0.218,0.948,Moderate traffic flow - standard adaptive signal timing in effect
EVT444892,2025-09-04 09:31:30,Local Market Day,J020,Malleshwaram Circle,4186,Weekday,False,Clear,False,0.0,False,False,1.0,Severe,9.5,74.6,592.2,0.238,0.55,0.913,Heavy congestion detected - signal timing extended and reroute suggested
EVT444893,2025-08-15 16:06:06,Religious Festival,J012,Koramangala Sony World,31713,Weekday,True,Rain,True,10.8,False,False,0.95,Severe,9.1,71.4,598.2,0.253,0.584,0.821,Festival crowd surge detected - alternate route and extended cycle recommended
EVT444894,2025-12-04 16:10:27,Concert,J040,City Market,10198,Weekday,False,Clear,False,0.0,False,False,0.449,Moderate,31.6,25.7,183.3,0.178,0.41,0.961,Moderate traffic flow - standard adaptive signal timing in effect
EVT444895,2026-05-22 15:04:14,Concert,J040,City Market,13879,Weekday,False,Clear,False,0.0,False,False,0.33,Low,26.7,26.5,201.4,0.134,0.31,0.962,Moderate traffic flow - standard adaptive signal timing in effect
EVT444896,2025-08-30 07:19:32,Trade Fair,J031,Cubbon Road,6778,Weekend,False,Clear,False,0.0,False,False,0.499,Moderate,27.3,39.3,237.3,0.196,0.452,0.984,Moderate traffic flow - standard adaptive signal timing in effect
EVT444897,2026-01-17 10:52:27,Sports Fixture,J009,Majestic,26779,Weekend,False,Clear,False,0.0,False,False,0.608,High,19.9,46.9,120.4,0.072,0.167,0.936,Moderate traffic flow - standard adaptive signal timing in effect
EVT444898,2025-06-28 14:52:35,Trade Fair,J011,Indiranagar 100ft Road,6670,Weekend,False,Rain,True,20.0,False,False,0.544,Moderate,22.4,42.3,224.8,0.131,0.302,0.912,Light rain detected - minor speed reduction advised
EVT444899,2025-08-21 18:06:37,Trade Fair,J011,Indiranagar 100ft Road,11754,Weekday,False,Light Rain,True,5.7,False,False,1.0,Severe,7.7,69.2,416.3,0.153,0.353,0.855,Heavy rain reducing visibility and grip - reduced speed and longer buffer advised
EVT444900,2025-02-16 17:10:36,Local Market Day,J012,Koramangala Sony World,3864,Weekend,False,Clear,False,0.0,False,False,0.668,High,17.9,53.7,191.4,0.117,0.27,0.946,Moderate traffic flow - standard adaptive signal timing in effect
EVT444901,2026-06-09 17:42:06,Sports Fixture,J031,Cubbon Road,25379,Weekday,False,Clear,False,0.0,False,False,1.0,Severe,7.3,62.0,550.0,0.16,0.37,0.901,Heavy congestion detected - signal timing extended and reroute suggested
EVT444902,2025-07-27 19:39:33,Sports Fixture,J012,Koramangala Sony World,43817,Weekend,False,Clear,False,0.0,False,False,0.998,Severe,9.4,77.5,424.9,0.169,0.389,0.909,Heavy congestion detected - signal timing extended and reroute suggested
EVT444903,2026-02-06 21:42:59,Sports Fixture,J040,City Market,19301,Weekday,False,Clear,False,0.0,False,False,0.348,Low,21.1,28.6,141.4,0.084,0.194,0.948,Moderate traffic flow - standard adaptive signal timing in effect
EVT444904,2025-08-04 13:22:01,Sports Fixture,J011,Indiranagar 100ft Road,51773,Weekday,False,Clear,False,0.0,False,False,0.499,Moderate,21.4,35.6,104.5,0.058,0.134,0.969,Moderate traffic flow - standard adaptive signal timing in effect
EVT444905,2026-06-10 16:06:57,Local Market Day,J040,City Market,2508,Weekday,False,Clear,False,0.0,False,False,0.39,Moderate,30.3,29.7,162.4,0.121,0.279,0.948,Moderate traffic flow - standard adaptive signal timing in effect
EVT444906,2025-10-20 19:48:41,Religious Festival,J011,Indiranagar 100ft Road,59390,Weekday,True,Clear,False,0.0,False,False,1.0,Severe,6.5,68.7,1004.1,0.263,0.608,0.875,Festival crowd surge detected - alternate route and extended cycle recommended
EVT444907,2025-02-11 07:29:36,Sports Fixture,J031,Cubbon Road,29141,Weekday,False,Clear,False,0.0,False,False,0.747,High,20.5,51.4,320.4,0.193,0.446,0.979,Moderate traffic flow - standard adaptive signal timing in effect
EVT444908,2025-02-07 09:32:53,Local Market Day,J012,Koramangala Sony World,4208,Weekday,False,Clear,False,0.0,False,False,0.933,Severe,13.3,67.6,351.3,0.183,0.422,0.94,Heavy congestion detected - signal timing extended and reroute suggested
EVT444909,2025-01-07 18:55:21,Concert,J023,Basavanagudi,11595,Weekday,False,Clear,False,0.0,False,False,1.0,Severe,7.2,62.2,827.2,0.253,0.584,0.92,Heavy congestion detected - signal timing extended and reroute suggested
EVT444910,2026-06-23 21:02:00,Political Rally,J012,Koramangala Sony World,6246,Weekday,False,Rain,True,9.3,False,False,0.538,Moderate,23.4,36.5,80.2,0.043,0.099,0.905,Light rain detected - minor speed reduction advised
EVT444911,2025-08-14 16:50:14,Local Market Day,J012,Koramangala Sony World,3238,Weekday,False,Clear,False,0.0,False,False,0.626,High,22.5,40.5,189.8,0.117,0.27,0.977,Moderate traffic flow - standard adaptive signal timing in effect
EVT444912,2025-12-24 12:51:11,Local Market Day,J023,Basavanagudi,4711,Weekday,False,Clear,False,0.0,False,False,0.151,Low,33.2,18.8,181.9,0.162,0.374,0.976,Normal free-flow traffic - standard signal timing maintained
EVT444913,2026-04-09 13:08:22,Local Market Day,J023,Basavanagudi,2805,Weekday,False,Clear,False,0.0,False,False,0.168,Low,27.1,13.7,138.1,0.087,0.2,0.961,Normal free-flow traffic - standard signal timing maintained
EVT444914,2025-09-27 18:20:29,Sports Fixture,J011,Indiranagar 100ft Road,30620,Weekend,False,Fog,False,0.0,False,False,1.0,Severe,7.4,73.5,541.9,0.184,0.425,0.897,Heavy congestion detected - signal timing extended and reroute suggested
EVT444915,2026-03-06 11:45:26,Local Market Day,J020,Malleshwaram Circle,5178,Weekday,False,Light Rain,True,3.9,False,False,0.398,Moderate,26.1,23.7,165.6,0.131,0.303,0.924,Light rain detected - minor speed reduction advised
EVT444916,2025-11-16 14:27:06,Concert,J009,Majestic,9564,Weekend,False,Clear,False,0.0,False,False,0.294,Low,39.7,21.9,124.5,0.118,0.272,0.961,Moderate traffic flow - standard adaptive signal timing in effect
EVT444917,2025-01-12 20:59:52,Political Rally,J031,Cubbon Road,23007,Weekend,False,Fog,False,0.0,False,False,0.537,Moderate,19.4,40.5,366.7,0.22,0.509,0.968,Moderate traffic flow - standard adaptive signal timing in effect
EVT444918,2025-12-06 23:46:56,Sports Fixture,J011,Indiranagar 100ft Road,44844,Weekend,False,Clear,False,0.0,False,False,0.456,Moderate,29.3,38.0,192.3,0.163,0.376,0.96,Moderate traffic flow - standard adaptive signal timing in effect
EVT444919,2026-05-17 13:01:49,Local Market Day,J023,Basavanagudi,7298,Weekend,False,Rain,True,10.0,False,False,0.427,Moderate,21.6,30.8,233.4,0.15,0.347,0.906,Light rain detected - minor speed reduction advised
EVT444920,2026-05-22 06:09:12,Concert,J009,Majestic,13016,Weekday,False,Rain,True,11.1,False,False,0.438,Moderate,25.0,26.8,168.1,0.111,0.257,0.902,Light rain detected - minor speed reduction advised
EVT444921,2025-10-26 20:30:55,Concert,J023,Basavanagudi,13965,Weekend,False,Clear,False,0.0,False,False,0.524,Moderate,24.5,33.0,153.2,0.121,0.28,0.943,Moderate traffic flow - standard adaptive signal timing in effect
EVT444922,2026-01-29 10:25:44,Local Market Day,J020,Malleshwaram Circle,4356,Weekday,False,Clear,False,0.0,False,False,0.632,High,17.7,48.3,166.5,0.118,0.272,0.971,Moderate traffic flow - standard adaptive signal timing in effect
EVT444923,2026-01-14 23:01:55,Religious Festival,J020,Malleshwaram Circle,43252,Weekday,True,Clear,False,0.0,False,False,0.691,High,20.4,53.0,303.9,0.211,0.487,0.914,Festival crowd surge detected - alternate route and extended cycle recommended
EVT444924,2026-04-26 07:30:40,Concert,J040,City Market,6781,Weekend,False,Clear,False,0.0,False,False,0.598,High,20.9,40.9,263.4,0.179,0.413,0.951,Moderate traffic flow - standard adaptive signal timing in effect
EVT444925,2026-04-03 12:56:42,Concert,J023,Basavanagudi,17303,Weekday,False,Clear,False,0.0,False,False,0.271,Low,28.7,14.7,119.8,0.092,0.212,0.973,Moderate traffic flow - standard adaptive signal timing in effect
EVT444926,2025-05-14 18:06:56,Concert,J030,MG Road,9605,Weekday,False,Clear,False,0.0,False,False,1.0,Severe,9.8,77.5,310.0,0.137,0.316,0.91,Heavy congestion detected - signal timing extended and reroute suggested
EVT444927,2025-08-12 17:25:10,Trade Fair,J020,Malleshwaram Circle,8728,Weekday,False,Rain,True,12.2,False,False,1.0,Severe,7.8,74.0,519.9,0.168,0.388,0.852,Heavy rain reducing visibility and grip - reduced speed and longer buffer advised
EVT444928,2025-03-22 20:21:58,Sports Fixture,J020,Malleshwaram Circle,33145,Weekend,False,Clear,False,0.0,False,False,0.741,High,15.8,57.4,324.2,0.169,0.39,0.978,Moderate traffic flow - standard adaptive signal timing in effect
EVT444929,2026-01-03 09:00:37,Sports Fixture,J030,MG Road,15944,Weekend,False,Clear,False,0.0,False,False,0.906,Severe,11.9,67.6,305.7,0.138,0.319,0.926,Heavy congestion detected - signal timing extended and reroute suggested
EVT444930,2025-05-09 15:18:31,Political Rally,J040,City Market,13689,Weekday,False,Clear,False,0.0,False,False,0.379,Moderate,33.4,29.5,136.6,0.127,0.294,0.943,Moderate traffic flow - standard adaptive signal timing in effect
EVT444931,2025-06-15 15:03:00,Concert,J009,Majestic,15124,Weekend,False,Clear,False,0.0,False,False,0.344,Low,26.8,24.9,272.8,0.191,0.442,0.97,Moderate traffic flow - standard adaptive signal timing in effect
EVT444932,2025-11-21 09:19:35,Local Market Day,J011,Indiranagar 100ft Road,3841,Weekday,False,Clear,False,0.0,False,False,1.0,Severe,6.7,71.7,708.2,0.217,0.501,0.909,Heavy congestion detected - signal timing extended and reroute suggested
EVT444933,2026-06-29 20:01:58,Trade Fair,J023,Basavanagudi,6655,Weekday,False,Clear,False,0.0,False,False,0.772,Severe,19.1,52.7,263.4,0.168,0.389,0.934,Heavy congestion detected - signal timing extended and reroute suggested
EVT444934,2025-01-19 20:10:53,Trade Fair,J011,Indiranagar 100ft Road,8125,Weekend,False,Clear,False,0.0,False,False,0.685,High,20.6,45.0,394.6,0.271,0.627,0.979,Moderate traffic flow - standard adaptive signal timing in effect
EVT444935,2026-01-25 07:23:10,Concert,J023,Basavanagudi,14112,Weekend,False,Clear,False,0.0,False,False,0.588,High,24.7,43.7,107.7,0.046,0.106,0.969,Moderate traffic flow - standard adaptive signal timing in effect
EVT444936,2026-03-18 07:40:08,Political Rally,J009,Majestic,18764,Weekday,False,Clear,False,0.0,False,False,0.656,High,16.4,47.5,106.5,0.066,0.153,0.99,Moderate traffic flow - standard adaptive signal timing in effect
EVT444937,2025-11-11 07:34:37,Concert,J020,Malleshwaram Circle,15610,Weekday,False,Clear,False,0.0,False,False,0.626,High,20.0,38.8,326.8,0.198,0.458,0.965,Moderate traffic flow - standard adaptive signal timing in effect
EVT444938,2026-01-29 19:16:51,Concert,J023,Basavanagudi,11427,Weekday,False,Clear,False,0.0,False,False,0.984,Severe,6.8,71.0,910.4,0.253,0.583,0.939,Heavy congestion detected - signal timing extended and reroute suggested
EVT444939,2025-03-14 18:39:58,Religious Festival,J011,Indiranagar 100ft Road,58034,Weekday,True,Clear,False,0.0,False,True,1.0,Severe,9.8,96.8,692.2,0.278,0.641,0.821,Road closure for event/procession - full detour recommended for through-traffic
EVT444940,2026-03-19 15:34:26,Religious Festival,J031,Cubbon Road,100194,Weekday,True,Rain,True,9.9,False,True,1.0,Severe,8.0,92.0,949.8,0.31,0.716,0.762,Road closure for event/procession - full detour recommended for through-traffic
EVT444941,2025-11-14 18:45:42,Trade Fair,J012,Koramangala Sony World,17635,Weekday,False,Fog,False,0.0,False,False,1.0,Severe,9.4,70.3,606.6,0.229,0.528,0.906,Heavy congestion detected - signal timing extended and reroute suggested
EVT444942,2025-03-27 23:00:49,Trade Fair,J023,Basavanagudi,10485,Weekday,False,Clear,False,0.0,False,False,0.225,Low,34.1,23.2,122.8,0.119,0.276,0.949,Normal free-flow traffic - standard signal timing maintained
EVT444943,2025-09-18 13:10:19,Concert,J020,Malleshwaram Circle,9997,Weekday,False,Rain,True,10.9,False,False,0.388,Moderate,34.4,28.1,181.3,0.156,0.361,0.93,Light rain detected - minor speed reduction advised
EVT444944,2025-11-17 21:00:00,Trade Fair,J040,City Market,10192,Weekday,False,Rain,True,8.8,False,False,0.614,High,25.3,50.4,207.9,0.153,0.353,0.879,Heavy rain reducing visibility and grip - reduced speed and longer buffer advised
EVT444945,2025-03-22 22:47:58,Local Market Day,J011,Indiranagar 100ft Road,3172,Weekend,False,Clear,False,0.0,False,False,0.253,Low,32.4,26.0,152.2,0.133,0.308,0.988,Moderate traffic flow - standard adaptive signal timing in effect
EVT444946,2025-02-24 21:37:39,Concert,J012,Koramangala Sony World,8609,Weekday,False,Clear,False,0.0,False,False,0.382,Moderate,30.0,27.1,225.1,0.212,0.49,0.964,Moderate traffic flow - standard adaptive signal timing in effect
EVT444947,2026-04-24 05:20:46,Concert,J012,Koramangala Sony World,14801,Weekday,False,Clear,False,0.0,False,False,0.2,Low,30.8,2.0,124.3,0.089,0.207,0.957,Normal free-flow traffic - standard signal timing maintained
EVT444948,2026-01-30 08:15:16,Local Market Day,J012,Koramangala Sony World,6071,Weekday,False,Clear,False,0.0,False,False,0.93,Severe,10.3,70.0,507.3,0.2,0.463,0.914,Heavy congestion detected - signal timing extended and reroute suggested
EVT444949,2025-06-29 18:16:21,Local Market Day,J020,Malleshwaram Circle,4207,Weekend,False,Clear,False,0.0,False,False,0.886,Severe,14.6,60.7,440.9,0.213,0.491,0.937,Heavy congestion detected - signal timing extended and reroute suggested
EVT444950,2026-04-21 14:19:27,Local Market Day,J009,Majestic,1906,Weekday,False,Clear,False,0.0,False,False,0.208,Low,34.0,12.7,114.2,0.089,0.206,0.955,Normal free-flow traffic - standard signal timing maintained
EVT444951,2026-01-24 17:33:22,Local Market Day,J023,Basavanagudi,1690,Weekend,False,Clear,False,0.0,False,False,0.753,Severe,17.6,54.2,335.6,0.195,0.451,0.976,Heavy congestion detected - signal timing extended and reroute suggested
EVT444952,2025-12-07 11:35:23,Sports Fixture,J040,City Market,29718,Weekend,False,Clear,False,0.0,False,False,0.532,Moderate,20.6,41.6,242.0,0.145,0.336,0.949,Moderate traffic flow - standard adaptive signal timing in effect
EVT444953,2026-01-25 08:06:38,Sports Fixture,J020,Malleshwaram Circle,14779,Weekend,False,Clear,False,0.0,False,False,0.775,Severe,21.2,51.2,173.9,0.125,0.29,0.969,Heavy congestion detected - signal timing extended and reroute suggested
EVT444954,2025-07-15 23:55:39,Political Rally,J020,Malleshwaram Circle,14491,Weekday,False,Rain,True,19.2,False,False,0.458,Moderate,28.4,36.0,231.4,0.182,0.421,0.91,Light rain detected - minor speed reduction advised
EVT444955,2025-07-30 23:26:29,Sports Fixture,J012,Koramangala Sony World,12983,Weekday,False,Rain,True,24.0,False,False,0.483,Moderate,23.8,38.2,195.3,0.143,0.33,0.921,Light rain detected - minor speed reduction advised
EVT444956,2025-10-03 16:36:37,Religious Festival,J009,Majestic,49152,Weekday,True,Heavy Rain,True,38.2,False,True,1.0,Severe,7.0,109.2,919.3,0.274,0.632,0.773,Road closure for event/procession - full detour recommended for through-traffic
EVT444957,2026-05-29 18:55:26,Trade Fair,J023,Basavanagudi,12263,Weekday,False,Clear,False,0.0,False,False,1.0,Severe,9.7,69.6,301.6,0.11,0.254,0.922,Heavy congestion detected - signal timing extended and reroute suggested
EVT444958,2025-04-02 14:23:35,Local Market Day,J023,Basavanagudi,4587,Weekday,False,Clear,False,0.0,False,False,0.204,Low,32.5,13.3,121.3,0.102,0.236,0.963,Normal free-flow traffic - standard signal timing maintained
EVT444959,2025-06-30 14:08:18,Trade Fair,J012,Koramangala Sony World,12114,Weekday,False,Light Rain,True,4.8,False,False,0.357,Moderate,29.0,28.9,193.8,0.158,0.365,0.913,Light rain detected - minor speed reduction advised
EVT444960,2025-06-25 07:53:16,Sports Fixture,J009,Majestic,30020,Weekday,False,Light Rain,True,4.3,False,False,0.945,Severe,10.6,69.4,518.9,0.23,0.531,0.891,Heavy rain reducing visibility and grip - reduced speed and longer buffer advised
EVT444961,2025-10-31 09:02:29,Trade Fair,J023,Basavanagudi,9547,Weekday,False,Light Rain,True,5.4,True,False,1.0,Severe,9.1,70.5,478.2,0.174,0.402,0.697,Accident detected nearby - reroute and reduced speed advised
EVT444962,2025-09-17 20:03:56,Trade Fair,J011,Indiranagar 100ft Road,9594,Weekday,False,Clear,False,0.0,False,False,0.709,High,19.9,55.1,289.7,0.196,0.452,0.936,Moderate traffic flow - standard adaptive signal timing in effect
EVT444963,2025-12-06 16:13:00,Local Market Day,J030,MG Road,2864,Weekend,False,Clear,False,0.0,False,False,0.468,Moderate,26.0,33.4,199.8,0.155,0.357,0.95,Moderate traffic flow - standard adaptive signal timing in effect
EVT444964,2025-05-15 07:24:34,Concert,J040,City Market,17888,Weekday,False,Clear,False,0.0,False,False,0.649,High,19.6,43.1,265.8,0.173,0.4,0.975,Moderate traffic flow - standard adaptive signal timing in effect
EVT444965,2026-01-18 21:47:22,Concert,J009,Majestic,9976,Weekend,False,Clear,False,0.0,False,False,0.34,Low,28.0,25.3,155.3,0.135,0.312,0.962,Moderate traffic flow - standard adaptive signal timing in effect
EVT444966,2025-08-13 09:25:32,Concert,J012,Koramangala Sony World,9654,Weekday,False,Clear,False,0.0,False,False,1.0,Severe,9.2,68.0,619.6,0.212,0.489,0.938,Heavy congestion detected - signal timing extended and reroute suggested
EVT444967,2025-01-09 17:22:37,Local Market Day,J030,MG Road,2467,Weekday,False,Clear,False,0.0,False,False,0.84,Severe,10.3,57.3,523.7,0.219,0.505,0.956,Heavy congestion detected - signal timing extended and reroute suggested
EVT444968,2025-04-06 18:28:32,Cultural Procession,J030,MG Road,20565,Weekend,True,Clear,False,0.0,False,False,1.0,Severe,9.8,70.0,481.9,0.189,0.436,0.875,Festival crowd surge detected - alternate route and extended cycle recommended
EVT444969,2026-03-08 18:57:53,Trade Fair,J030,MG Road,7294,Weekend,False,Clear,False,0.0,False,False,0.822,Severe,12.8,61.1,294.0,0.135,0.313,0.958,Heavy congestion detected - signal timing extended and reroute suggested
EVT444970,2025-08-21 10:42:00,Concert,J040,City Market,14950,Weekday,False,Heavy Rain,True,29.9,False,False,0.892,Severe,12.0,63.6,478.7,0.225,0.519,0.866,Heavy rain reducing visibility and grip - reduced speed and longer buffer advised
EVT444971,2026-01-01 13:19:31,Religious Festival,J031,Cubbon Road,46019,Weekday,True,Clear,False,0.0,False,True,0.848,High,14.1,78.3,388.8,0.186,0.431,0.866,Road closure for event/procession - full detour recommended for through-traffic
EVT444972,2025-02-27 16:10:13,Local Market Day,J012,Koramangala Sony World,4894,Weekday,False,Clear,False,0.0,False,False,0.51,Moderate,25.6,33.8,111.9,0.062,0.143,0.962,Moderate traffic flow - standard adaptive signal timing in effect
EVT444973,2025-03-12 09:41:26,Political Rally,J020,Malleshwaram Circle,15012,Weekday,False,Clear,False,0.0,False,False,0.976,Severe,10.2,68.1,434.2,0.178,0.412,0.928,Heavy congestion detected - signal timing extended and reroute suggested
EVT444974,2025-01-27 16:03:09,Religious Festival,J040,City Market,36194,Weekday,True,Clear,False,0.0,False,False,0.861,Severe,13.6,62.9,375.7,0.195,0.45,0.891,Festival crowd surge detected - alternate route and extended cycle recommended
EVT444975,2025-08-03 13:51:07,Local Market Day,J040,City Market,4521,Weekend,False,Clear,False,0.0,False,False,0.232,Low,23.4,17.6,65.0,0.036,0.083,0.93,Normal free-flow traffic - standard signal timing maintained
EVT444976,2026-06-17 11:22:40,Trade Fair,J031,Cubbon Road,13236,Weekday,False,Rain,True,18.0,False,False,0.562,High,32.4,39.8,207.0,0.203,0.469,0.884,Heavy rain reducing visibility and grip - reduced speed and longer buffer advised
EVT444977,2026-01-29 18:22:26,Local Market Day,J040,City Market,4773,Weekday,False,Clear,False,0.0,False,False,0.983,Severe,10.3,77.1,646.4,0.253,0.584,0.915,Heavy congestion detected - signal timing extended and reroute suggested
EVT444978,2025-12-03 07:51:52,Concert,J023,Basavanagudi,27617,Weekday,False,Clear,False,0.0,False,False,0.947,Severe,10.1,65.1,344.6,0.15,0.348,0.921,Heavy congestion detected - signal timing extended and reroute suggested
EVT444979,2026-02-26 20:41:55,Local Market Day,J040,City Market,4531,Weekday,False,Clear,False,0.0,False,False,0.571,High,21.8,42.3,211.2,0.144,0.332,0.948,Moderate traffic flow - standard adaptive signal timing in effect
EVT444980,2025-01-27 07:27:23,Religious Festival,J040,City Market,34697,Weekday,True,Clear,False,0.0,False,True,1.0,Severe,11.5,108.2,603.6,0.271,0.625,0.819,Road closure for event/procession - full detour recommended for through-traffic
EVT444981,2025-12-03 16:59:06,Sports Fixture,J009,Majestic,25698,Weekday,False,Clear,False,0.0,False,False,0.844,Severe,10.8,55.4,375.6,0.151,0.349,0.964,Heavy congestion detected - signal timing extended and reroute suggested
EVT444982,2025-08-04 17:47:19,Sports Fixture,J031,Cubbon Road,26367,Weekday,False,Clear,False,0.0,False,False,1.0,Severe,9.6,70.7,386.0,0.139,0.321,0.915,Heavy congestion detected - signal timing extended and reroute suggested
EVT444983,2025-11-08 07:02:24,Sports Fixture,J012,Koramangala Sony World,17152,Weekend,False,Clear,False,0.0,False,False,0.501,Moderate,21.0,38.3,183.3,0.096,0.221,0.978,Moderate traffic flow - standard adaptive signal timing in effect
EVT444984,2025-09-25 12:25:40,Trade Fair,J031,Cubbon Road,8065,Weekday,False,Clear,False,0.0,False,False,0.217,Low,41.3,13.9,92.3,0.107,0.248,0.963,Normal free-flow traffic - standard signal timing maintained
EVT444985,2025-10-02 08:39:32,Religious Festival,J040,City Market,57871,Weekday,True,Clear,False,0.0,False,True,1.0,Severe,7.3,102.2,762.5,0.221,0.51,0.841,Road closure for event/procession - full detour recommended for through-traffic
EVT444986,2025-09-24 00:42:47,Trade Fair,J023,Basavanagudi,6209,Weekday,False,Clear,False,0.0,False,False,0.207,Low,39.1,18.2,194.4,0.171,0.396,0.951,Normal free-flow traffic - standard signal timing maintained
EVT444987,2025-10-21 08:02:15,Religious Festival,J023,Basavanagudi,37215,Weekday,True,Clear,False,0.0,False,True,1.0,Severe,10.3,96.0,411.2,0.177,0.408,0.851,Road closure for event/procession - full detour recommended for through-traffic
EVT444988,2025-12-01 20:22:36,Sports Fixture,J023,Basavanagudi,49188,Weekday,False,Clear,False,0.0,False,False,0.934,Severe,13.0,68.7,344.3,0.182,0.42,0.933,Heavy congestion detected - signal timing extended and reroute suggested
EVT444989,2026-04-15 14:49:50,Religious Festival,J012,Koramangala Sony World,49435,Weekday,True,Clear,False,0.0,False,True,0.871,High,14.4,91.3,257.7,0.134,0.31,0.853,Road closure for event/procession - full detour recommended for through-traffic
EVT444990,2026-02-22 16:43:28,Concert,J020,Malleshwaram Circle,10747,Weekend,False,Clear,False,0.0,False,False,0.678,High,13.7,45.0,452.1,0.216,0.5,0.961,Moderate traffic flow - standard adaptive signal timing in effect
EVT444991,2026-03-15 16:31:46,Local Market Day,J011,Indiranagar 100ft Road,5410,Weekend,False,Clear,False,0.0,False,False,0.584,High,18.8,45.6,221.3,0.112,0.26,0.983,Moderate traffic flow - standard adaptive signal timing in effect
EVT444992,2026-01-12 10:01:59,Sports Fixture,J040,City Market,26059,Weekday,False,Clear,False,0.0,False,False,0.896,Severe,11.7,65.3,344.0,0.164,0.379,0.943,Heavy congestion detected - signal timing extended and reroute suggested
EVT444993,2025-05-29 08:45:02,Sports Fixture,J011,Indiranagar 100ft Road,26371,Weekday,False,Fog,False,0.0,False,False,1.0,Severe,8.3,71.6,203.1,0.064,0.148,0.923,Heavy congestion detected - signal timing extended and reroute suggested
EVT444994,2026-05-04 19:21:46,Local Market Day,J011,Indiranagar 100ft Road,3087,Weekday,False,Light Rain,True,1.3,False,False,0.952,Severe,9.3,63.7,608.5,0.244,0.563,0.867,Heavy rain reducing visibility and grip - reduced speed and longer buffer advised
EVT444995,2025-02-08 19:17:02,Trade Fair,J020,Malleshwaram Circle,6647,Weekend,False,Clear,False,0.0,False,False,0.812,Severe,15.6,52.7,359.9,0.215,0.496,0.942,Heavy congestion detected - signal timing extended and reroute suggested
EVT444996,2025-05-01 10:07:24,Religious Festival,J040,City Market,44864,Weekday,True,Rain,True,13.7,True,True,1.0,Severe,6.8,106.3,721.4,0.224,0.517,0.639,Road closure for event/procession - full detour recommended for through-traffic
EVT444997,2025-12-20 16:40:59,Local Market Day,J009,Majestic,3368,Weekend,False,Clear,False,0.0,False,False,0.49,Moderate,21.3,34.1,284.3,0.206,0.476,0.947,Moderate traffic flow - standard adaptive signal timing in effect
EVT444998,2026-05-28 17:47:08,Sports Fixture,J009,Majestic,18166,Weekday,False,Clear,False,0.0,False,False,1.0,Severe,9.0,69.9,623.7,0.242,0.559,0.933,Heavy congestion detected - signal timing extended and reroute suggested
EVT444999,2026-05-30 14:14:48,Local Market Day,J031,Cubbon Road,3360,Weekend,False,Clear,False,0.0,False,False,0.261,Low,33.8,27.4,161.9,0.137,0.316,0.984,Moderate traffic flow - standard adaptive signal timing in effect
EVT445000,2026-02-25 21:49:47,Trade Fair,J012,Koramangala Sony World,5512,Weekday,False,Light Rain,True,4.9,False,False,0.332,Low,27.5,26.2,193.6,0.133,0.307,0.92,Light rain detected - minor speed reduction advised
EVT445001,2026-02-04 20:16:27,Local Market Day,J011,Indiranagar 100ft Road,6041,Weekday,False,Clear,False,0.0,False,False,0.732,High,18.2,53.8,260.5,0.16,0.37,0.956,Moderate traffic flow - standard adaptive signal timing in effect
EVT445002,2025-04-27 12:37:11,Concert,J012,Koramangala Sony World,8076,Weekend,False,Clear,False,0.0,False,False,0.34,Low,26.5,32.1,311.9,0.237,0.547,0.96,Moderate traffic flow - standard adaptive signal timing in effect
EVT445003,2025-12-11 18:07:48,Concert,J009,Majestic,26357,Weekday,False,Clear,False,0.0,False,False,1.0,Severe,8.4,72.6,894.8,0.31,0.715,0.926,Heavy congestion detected - signal timing extended and reroute suggested
EVT445004,2025-10-02 20:18:39,Cultural Procession,J020,Malleshwaram Circle,15208,Weekday,True,Heavy Rain,True,59.1,False,True,1.0,Severe,11.4,93.0,571.7,0.269,0.622,0.783,Road closure for event/procession - full detour recommended for through-traffic
EVT445005,2026-05-17 21:30:58,Sports Fixture,J009,Majestic,37272,Weekend,False,Clear,False,0.0,False,False,0.649,High,23.5,40.5,216.6,0.174,0.402,0.963,Moderate traffic flow - standard adaptive signal timing in effect
EVT445006,2026-05-10 09:15:06,Trade Fair,J030,MG Road,8382,Weekend,False,Clear,False,0.0,False,False,0.792,Severe,19.7,58.8,228.8,0.156,0.36,0.975,Heavy congestion detected - signal timing extended and reroute suggested
EVT445007,2026-03-02 21:28:04,Trade Fair,J023,Basavanagudi,7568,Weekday,False,Clear,False,0.0,False,False,0.367,Moderate,28.7,23.3,109.4,0.08,0.184,0.969,Moderate traffic flow - standard adaptive signal timing in effect
EVT445008,2025-02-11 08:08:22,Local Market Day,J020,Malleshwaram Circle,2586,Weekday,False,Clear,False,0.0,False,False,0.863,Severe,12.4,58.4,600.2,0.305,0.704,0.931,Heavy congestion detected - signal timing extended and reroute suggested
EVT445009,2026-03-30 18:35:16,Concert,J023,Basavanagudi,8595,Weekday,False,Clear,False,0.0,False,False,1.0,Severe,7.5,69.4,517.6,0.166,0.384,0.93,Heavy congestion detected - signal timing extended and reroute suggested
EVT445010,2025-09-23 20:43:47,Local Market Day,J012,Koramangala Sony World,3651,Weekday,False,Rain,True,13.3,False,False,0.639,High,16.4,45.0,348.1,0.197,0.455,0.928,Heavy rain reducing visibility and grip - reduced speed and longer buffer advised
EVT445011,2025-05-26 07:16:11,Trade Fair,J023,Basavanagudi,8188,Weekday,False,Clear,False,0.0,False,False,0.599,High,25.1,44.8,184.2,0.158,0.365,0.96,Moderate traffic flow - standard adaptive signal timing in effect
EVT445012,2025-03-13 11:06:05,Sports Fixture,J009,Majestic,18191,Weekday,False,Clear,False,0.0,False,False,0.424,Moderate,34.6,27.4,170.1,0.171,0.395,0.971,Moderate traffic flow - standard adaptive signal timing in effect
EVT445013,2025-08-02 20:13:21,Concert,J023,Basavanagudi,9784,Weekend,False,Rain,True,13.8,False,False,0.843,Severe,17.6,61.7,197.1,0.114,0.264,0.894,Heavy rain reducing visibility and grip - reduced speed and longer buffer advised
EVT445014,2025-08-04 19:52:47,Political Rally,J012,Koramangala Sony World,12988,Weekday,False,Heavy Rain,True,27.9,False,False,1.0,Severe,9.3,75.2,487.0,0.204,0.471,0.886,Heavy rain reducing visibility and grip - reduced speed and longer buffer advised
EVT445015,2026-01-06 15:57:51,Trade Fair,J031,Cubbon Road,7937,Weekday,False,Clear,False,0.0,False,False,0.475,Moderate,28.2,31.7,175.7,0.136,0.315,0.951,Moderate traffic flow - standard adaptive signal timing in effect
EVT445016,2026-06-03 15:04:03,Sports Fixture,J040,City Market,20939,Weekday,False,Rain,True,7.6,False,False,0.422,Moderate,30.7,27.9,251.3,0.21,0.486,0.904,Light rain detected - minor speed reduction advised
EVT445017,2025-04-30 10:24:22,Sports Fixture,J009,Majestic,36376,Weekday,False,Clear,False,0.0,False,False,0.876,Severe,12.4,60.5,316.0,0.141,0.326,0.946,Heavy congestion detected - signal timing extended and reroute suggested
EVT445018,2025-05-12 09:46:22,Trade Fair,J009,Majestic,10065,Weekday,False,Fog,False,0.0,False,False,0.892,Severe,12.2,62.0,576.6,0.264,0.61,0.942,Heavy congestion detected - signal timing extended and reroute suggested
EVT445019,2025-02-18 08:19:11,Trade Fair,J031,Cubbon Road,7949,Weekday,False,Clear,False,0.0,False,False,0.816,Severe,13.3,57.1,328.3,0.15,0.347,0.946,Heavy congestion detected - signal timing extended and reroute suggested
EVT445020,2025-05-23 07:17:10,Trade Fair,J030,MG Road,8872,Weekday,False,Clear,False,0.0,False,False,0.509,Moderate,18.3,34.5,282.9,0.156,0.36,0.99,Moderate traffic flow - standard adaptive signal timing in effect
EVT445021,2025-05-06 07:16:14,Local Market Day,J023,Basavanagudi,2244,Weekday,False,Light Rain,True,5.8,False,False,0.643,High,20.1,41.6,272.6,0.154,0.355,0.946,Heavy rain reducing visibility and grip - reduced speed and longer buffer advised
EVT445022,2026-03-07 17:18:54,Sports Fixture,J012,Koramangala Sony World,23067,Weekend,False,Clear,False,0.0,False,False,0.8,Severe,12.8,54.8,436.9,0.201,0.464,0.934,Heavy congestion detected - signal timing extended and reroute suggested
EVT445023,2026-04-21 16:16:52,Concert,J020,Malleshwaram Circle,8808,Weekday,False,Clear,False,0.0,False,False,0.557,High,21.2,34.4,177.6,0.112,0.258,0.973,Moderate traffic flow - standard adaptive signal timing in effect
EVT445024,2025-12-05 17:15:45,Sports Fixture,J031,Cubbon Road,27132,Weekday,False,Clear,False,0.0,False,False,0.947,Severe,9.0,69.3,701.2,0.27,0.624,0.943,Heavy congestion detected - signal timing extended and reroute suggested
EVT445025,2025-07-04 15:29:35,Trade Fair,J040,City Market,9336,Weekday,False,Clear,False,0.0,False,False,0.356,Moderate,21.9,26.5,229.3,0.151,0.35,0.96,Moderate traffic flow - standard adaptive signal timing in effect
EVT445026,2026-04-05 17:37:23,Sports Fixture,J012,Koramangala Sony World,10586,Weekend,False,Clear,False,0.0,False,False,0.813,Severe,16.4,58.7,476.9,0.264,0.609,0.955,Heavy congestion detected - signal timing extended and reroute suggested
EVT445027,2026-02-11 09:49:55,Sports Fixture,J011,Indiranagar 100ft Road,45587,Weekday,False,Clear,False,0.0,False,False,1.0,Severe,11.1,75.7,491.3,0.235,0.542,0.914,Heavy congestion detected - signal timing extended and reroute suggested
EVT445028,2026-06-05 21:31:20,Sports Fixture,J009,Majestic,15031,Weekday,False,Heavy Rain,True,88.8,False,False,0.759,Severe,12.8,51.0,312.0,0.154,0.355,0.921,Heavy rain reducing visibility and grip - reduced speed and longer buffer advised
EVT445029,2025-03-29 12:13:22,Concert,J030,MG Road,23329,Weekend,False,Clear,False,0.0,False,False,0.439,Moderate,20.3,33.3,217.3,0.126,0.291,0.948,Moderate traffic flow - standard adaptive signal timing in effect
EVT445030,2025-11-21 22:14:32,Concert,J020,Malleshwaram Circle,6988,Weekday,False,Light Rain,True,3.3,False,False,0.333,Low,31.9,24.0,228.6,0.194,0.449,0.922,Light rain detected - minor speed reduction advised
EVT445031,2025-10-21 07:22:36,Religious Festival,J020,Malleshwaram Circle,56164,Weekday,True,Rain,True,16.2,False,True,1.0,Severe,7.7,100.6,243.7,0.109,0.251,0.797,Road closure for event/procession - full detour recommended for through-traffic
EVT445032,2025-03-30 12:13:01,Religious Festival,J030,MG Road,55269,Weekend,True,Clear,False,0.0,False,False,0.88,Severe,15.9,65.8,314.6,0.174,0.402,0.888,Festival crowd surge detected - alternate route and extended cycle recommended
EVT445033,2025-08-29 08:37:08,Local Market Day,J011,Indiranagar 100ft Road,2359,Weekday,False,Clear,False,0.0,False,False,1.0,Severe,7.8,69.9,366.5,0.112,0.258,0.892,Heavy congestion detected - signal timing extended and reroute suggested
EVT445034,2025-06-26 13:06:20,Trade Fair,J020,Malleshwaram Circle,7102,Weekday,False,Fog,False,0.0,False,False,0.227,Low,35.8,15.0,128.7,0.119,0.274,0.958,Normal free-flow traffic - standard signal timing maintained
EVT445035,2025-08-03 18:30:08,Sports Fixture,J020,Malleshwaram Circle,18357,Weekend,False,Clear,False,0.0,False,False,0.951,Severe,11.0,63.1,320.4,0.144,0.332,0.914,Heavy congestion detected - signal timing extended and reroute suggested
EVT445036,2025-10-17 08:42:28,Local Market Day,J023,Basavanagudi,4986,Weekday,False,Clear,False,0.0,False,False,1.0,Severe,7.2,72.7,1070.2,0.301,0.695,0.923,Heavy congestion detected - signal timing extended and reroute suggested
EVT445037,2025-11-02 20:12:05,Cultural Procession,J030,MG Road,14216,Weekend,True,Clear,False,0.0,False,True,1.0,Severe,8.0,98.1,236.6,0.091,0.211,0.85,Road closure for event/procession - full detour recommended for through-traffic
EVT445038,2025-08-16 19:05:51,Religious Festival,J030,MG Road,36132,Weekend,True,Light Rain,True,3.2,False,True,1.0,Severe,7.0,91.0,779.1,0.206,0.476,0.769,Road closure for event/procession - full detour recommended for through-traffic
EVT445039,2025-06-30 16:30:06,Concert,J009,Majestic,11784,Weekday,False,Clear,False,0.0,False,False,0.605,High,22.7,41.1,284.6,0.187,0.432,0.989,Moderate traffic flow - standard adaptive signal timing in effect
EVT445040,2025-02-09 23:23:56,Sports Fixture,J020,Malleshwaram Circle,27840,Weekend,False,Clear,False,0.0,False,False,0.411,Moderate,30.8,31.0,247.7,0.199,0.459,0.967,Moderate traffic flow - standard adaptive signal timing in effect
EVT445041,2025-08-20 06:17:50,Local Market Day,J030,MG Road,8850,Weekday,False,Heavy Rain,True,33.2,False,False,0.659,High,17.5,45.4,315.0,0.199,0.459,0.896,Heavy rain reducing visibility and grip - reduced speed and longer buffer advised
EVT445042,2025-09-02 22:26:42,Concert,J012,Koramangala Sony World,11092,Weekday,False,Heavy Rain,True,34.2,False,False,0.666,High,18.7,51.1,198.8,0.133,0.306,0.923,Heavy rain reducing visibility and grip - reduced speed and longer buffer advised
EVT445043,2025-04-23 17:28:07,Local Market Day,J020,Malleshwaram Circle,4372,Weekday,False,Clear,False,0.0,False,False,0.9,Severe,12.5,59.9,289.5,0.14,0.324,0.942,Heavy congestion detected - signal timing extended and reroute suggested
EVT445044,2026-03-26 00:44:17,Cultural Procession,J011,Indiranagar 100ft Road,33306,Weekday,True,Clear,False,0.0,False,True,0.748,High,16.4,72.1,318.7,0.181,0.419,0.899,Road closure for event/procession - full detour recommended for through-traffic
EVT445045,2025-02-20 15:54:42,Sports Fixture,J012,Koramangala Sony World,19977,Weekday,False,Clear,False,0.0,False,False,0.486,Moderate,21.7,39.1,323.5,0.213,0.492,0.969,Moderate traffic flow - standard adaptive signal timing in effect
EVT445046,2025-11-28 19:44:51,Local Market Day,J040,City Market,3750,Weekday,False,Clear,False,0.0,False,False,0.71,High,19.5,48.4,258.3,0.168,0.389,0.984,Moderate traffic flow - standard adaptive signal timing in effect
EVT445047,2026-04-17 14:22:40,Political Rally,J040,City Market,17341,Weekday,False,Clear,False,0.0,False,False,0.325,Low,30.5,29.3,199.7,0.174,0.402,0.956,Moderate traffic flow - standard adaptive signal timing in effect
EVT445048,2025-07-27 18:23:03,Local Market Day,J031,Cubbon Road,5871,Weekend,False,Rain,True,10.7,False,False,0.966,Severe,9.3,71.5,392.2,0.145,0.336,0.904,Heavy rain reducing visibility and grip - reduced speed and longer buffer advised
EVT445049,2025-05-29 15:40:54,Sports Fixture,J020,Malleshwaram Circle,33432,Weekday,False,Rain,True,17.5,True,False,1.0,Severe,8.5,72.0,818.5,0.295,0.68,0.687,Accident detected nearby - reroute and reduced speed advised
EVT445050,2025-09-06 15:41:39,Religious Festival,J012,Koramangala Sony World,73449,Weekend,True,Clear,False,0.0,False,True,1.0,Severe,10.1,96.2,616.5,0.232,0.535,0.849,Road closure for event/procession - full detour recommended for through-traffic
EVT445051,2026-01-02 10:54:32,Cultural Procession,J012,Koramangala Sony World,15835,Weekday,True,Clear,False,0.0,False,False,0.732,High,17.5,51.8,145.7,0.069,0.16,0.911,Festival crowd surge detected - alternate route and extended cycle recommended
EVT445052,2026-06-23 06:55:11,Local Market Day,J009,Majestic,3849,Weekday,False,Heavy Rain,True,73.5,False,False,0.786,Severe,14.4,54.8,412.3,0.216,0.498,0.921,Heavy rain reducing visibility and grip - reduced speed and longer buffer advised
EVT445053,2026-01-14 17:19:52,Cultural Procession,J040,City Market,28019,Weekday,True,Clear,False,0.0,False,True,1.0,Severe,9.4,96.3,625.9,0.237,0.547,0.845,Road closure for event/procession - full detour recommended for through-traffic
EVT445054,2026-04-16 14:18:22,Local Market Day,J009,Majestic,3859,Weekday,False,Fog,False,0.0,False,False,0.118,Low,28.4,5.4,155.0,0.102,0.235,0.977,Normal free-flow traffic - standard signal timing maintained
EVT445055,2025-09-27 19:30:12,Political Rally,J023,Basavanagudi,13427,Weekend,False,Heavy Rain,True,26.1,False,False,1.0,Severe,9.1,69.9,429.9,0.171,0.394,0.852,Heavy rain reducing visibility and grip - reduced speed and longer buffer advised
EVT445056,2025-01-31 10:32:18,Political Rally,J040,City Market,15159,Weekday,False,Clear,False,0.0,False,False,0.655,High,20.9,46.4,275.7,0.178,0.411,0.981,Moderate traffic flow - standard adaptive signal timing in effect
EVT445057,2025-01-21 16:26:38,Concert,J009,Majestic,17018,Weekday,False,Clear,False,0.0,False,False,0.613,High,17.5,42.1,238.2,0.125,0.289,0.981,Moderate traffic flow - standard adaptive signal timing in effect
EVT445058,2025-12-24 17:46:46,Concert,J020,Malleshwaram Circle,15134,Weekday,False,Clear,False,0.0,False,False,0.998,Severe,8.3,74.4,457.7,0.172,0.396,0.879,Heavy congestion detected - signal timing extended and reroute suggested
EVT445059,2025-02-14 17:19:36,Sports Fixture,J020,Malleshwaram Circle,18959,Weekday,False,Light Rain,True,3.6,False,False,1.0,Severe,7.2,68.0,710.0,0.23,0.532,0.859,Heavy rain reducing visibility and grip - reduced speed and longer buffer advised
EVT445060,2025-10-26 17:39:50,Political Rally,J030,MG Road,33885,Weekend,False,Clear,False,0.0,False,False,1.0,Severe,9.3,75.6,564.8,0.212,0.49,0.912,Heavy congestion detected - signal timing extended and reroute suggested
EVT445061,2025-03-06 10:33:37,Concert,J020,Malleshwaram Circle,14169,Weekday,False,Clear,False,0.0,False,False,0.571,High,26.8,38.7,202.2,0.157,0.363,0.982,Moderate traffic flow - standard adaptive signal timing in effect
EVT445062,2025-03-20 08:00:03,Concert,J020,Malleshwaram Circle,22521,Weekday,False,Clear,False,0.0,False,False,0.896,Severe,13.4,64.7,410.9,0.201,0.465,0.917,Heavy congestion detected - signal timing extended and reroute suggested
EVT445063,2026-02-06 11:46:09,Political Rally,J040,City Market,25195,Weekday,False,Clear,False,0.0,False,False,0.348,Low,31.7,24.5,94.6,0.078,0.181,0.951,Moderate traffic flow - standard adaptive signal timing in effect
EVT445064,2025-01-03 18:52:23,Concert,J030,MG Road,8761,Weekday,False,Clear,False,0.0,False,False,1.0,Severe,8.9,66.5,322.6,0.127,0.293,0.91,Heavy congestion detected - signal timing extended and reroute suggested
EVT445065,2026-05-10 09:02:19,Concert,J011,Indiranagar 100ft Road,10514,Weekend,False,Rain,True,8.5,False,False,0.971,Severe,9.8,64.9,358.5,0.153,0.353,0.847,Heavy rain reducing visibility and grip - reduced speed and longer buffer advised
EVT445066,2025-12-09 09:08:31,Trade Fair,J020,Malleshwaram Circle,10902,Weekday,False,Fog,False,0.0,False,False,1.0,Severe,9.5,69.4,611.8,0.233,0.539,0.936,Heavy congestion detected - signal timing extended and reroute suggested
EVT445067,2025-04-28 14:35:03,Sports Fixture,J030,MG Road,16533,Weekday,False,Clear,False,0.0,False,False,0.273,Low,36.2,20.6,142.0,0.142,0.328,0.947,Moderate traffic flow - standard adaptive signal timing in effect
EVT445068,2025-12-26 10:19:28,Cultural Procession,J030,MG Road,17611,Weekday,True,Clear,False,0.0,False,True,1.0,Severe,6.7,92.6,584.9,0.183,0.424,0.851,Road closure for event/procession - full detour recommended for through-traffic
EVT445069,2025-09-20 19:49:07,Concert,J020,Malleshwaram Circle,9825,Weekend,False,Rain,True,16.5,False,False,0.943,Severe,10.0,67.9,507.1,0.193,0.445,0.908,Heavy rain reducing visibility and grip - reduced speed and longer buffer advised
EVT445070,2025-02-24 22:07:40,Local Market Day,J020,Malleshwaram Circle,5210,Weekday,False,Clear,False,0.0,False,False,0.313,Low,31.5,15.9,98.4,0.076,0.176,0.959,Moderate traffic flow - standard adaptive signal timing in effect
EVT445071,2026-04-17 11:29:59,Local Market Day,J011,Indiranagar 100ft Road,3953,Weekday,False,Fog,False,0.0,False,False,0.364,Moderate,25.4,27.2,201.6,0.135,0.311,0.99,Moderate traffic flow - standard adaptive signal timing in effect
EVT445072,2025-07-20 20:35:14,Political Rally,J011,Indiranagar 100ft Road,16072,Weekend,False,Clear,False,0.0,False,False,0.554,High,19.0,43.6,255.5,0.155,0.357,0.958,Moderate traffic flow - standard adaptive signal timing in effect
EVT445073,2025-11-20 10:26:56,Concert,J030,MG Road,15114,Weekday,False,Clear,False,0.0,False,False,0.707,High,17.5,43.9,217.5,0.122,0.283,0.95,Moderate traffic flow - standard adaptive signal timing in effect
EVT445074,2026-06-16 14:37:17,Sports Fixture,J012,Koramangala Sony World,19467,Weekday,False,Heavy Rain,True,36.6,False,False,0.583,High,20.0,40.0,281.6,0.193,0.445,0.916,Heavy rain reducing visibility and grip - reduced speed and longer buffer advised
EVT445075,2026-01-02 13:24:45,Cultural Procession,J023,Basavanagudi,14531,Weekday,True,Clear,False,0.0,False,False,0.437,Moderate,27.9,33.7,191.9,0.158,0.365,0.925,Moderate traffic flow - standard adaptive signal timing in effect
EVT445076,2026-05-27 16:46:06,Local Market Day,J012,Koramangala Sony World,5668,Weekday,False,Clear,False,0.0,False,False,0.583,High,19.1,41.9,219.5,0.137,0.316,0.976,Moderate traffic flow - standard adaptive signal timing in effect
EVT445077,2025-10-01 15:28:35,Local Market Day,J009,Majestic,2551,Weekday,False,Clear,False,0.0,False,False,0.35,Moderate,26.7,26.8,173.1,0.119,0.275,0.975,Moderate traffic flow - standard adaptive signal timing in effect
EVT445078,2025-02-19 15:00:43,Concert,J020,Malleshwaram Circle,10303,Weekday,False,Clear,False,0.0,False,False,0.237,Low,29.2,18.7,217.6,0.169,0.389,0.962,Normal free-flow traffic - standard signal timing maintained
EVT445079,2025-05-10 18:52:48,Local Market Day,J040,City Market,5239,Weekend,False,Light Rain,True,7.0,False,False,0.927,Severe,10.2,64.1,319.0,0.121,0.28,0.875,Heavy rain reducing visibility and grip - reduced speed and longer buffer advised
EVT445080,2025-02-12 09:17:55,Local Market Day,J040,City Market,5111,Weekday,False,Clear,False,0.0,False,False,0.96,Severe,9.7,70.6,707.1,0.287,0.662,0.923,Heavy congestion detected - signal timing extended and reroute suggested
EVT445081,2025-05-21 21:24:37,Sports Fixture,J023,Basavanagudi,17269,Weekday,False,Clear,False,0.0,False,False,0.435,Moderate,25.7,32.2,163.4,0.121,0.278,0.953,Moderate traffic flow - standard adaptive signal timing in effect
EVT445082,2025-04-14 14:43:28,Religious Festival,J012,Koramangala Sony World,48310,Weekday,True,Clear,False,0.0,False,True,0.857,High,12.8,82.5,501.0,0.238,0.55,0.852,Road closure for event/procession - full detour recommended for through-traffic
EVT445083,2025-11-02 08:01:51,Religious Festival,J011,Indiranagar 100ft Road,45390,Weekend,True,Clear,False,0.0,False,True,1.0,Severe,5.6,103.7,942.7,0.223,0.514,0.85,Road closure for event/procession - full detour recommended for through-traffic
EVT445084,2026-02-17 09:59:20,Local Market Day,J023,Basavanagudi,2287,Weekday,False,Clear,False,0.0,False,False,0.81,Severe,13.5,61.6,173.8,0.102,0.237,0.954,Heavy congestion detected - signal timing extended and reroute suggested
EVT445085,2025-10-11 10:54:16,Local Market Day,J009,Majestic,1525,Weekend,False,Rain,True,18.6,False,False,0.584,High,17.2,42.5,365.3,0.181,0.418,0.904,Heavy rain reducing visibility and grip - reduced speed and longer buffer advised
EVT445086,2025-05-11 05:33:21,Trade Fair,J011,Indiranagar 100ft Road,7789,Weekend,False,Clear,False,0.0,False,False,0.199,Low,38.7,14.0,86.5,0.091,0.21,0.958,Normal free-flow traffic - standard signal timing maintained
EVT445087,2025-09-04 17:50:37,Local Market Day,J020,Malleshwaram Circle,3834,Weekday,False,Clear,False,0.0,False,False,0.882,Severe,11.1,69.2,546.4,0.238,0.551,0.946,Heavy congestion detected - signal timing extended and reroute suggested
EVT445088,2025-06-01 21:46:46,Local Market Day,J012,Koramangala Sony World,3526,Weekend,False,Heavy Rain,True,31.9,False,False,0.632,High,16.1,45.4,301.5,0.158,0.366,0.911,Heavy rain reducing visibility and grip - reduced speed and longer buffer advised
EVT445089,2025-02-06 17:11:20,Local Market Day,J020,Malleshwaram Circle,4055,Weekday,False,Clear,False,0.0,False,False,0.787,Severe,20.0,55.9,202.8,0.127,0.294,0.956,Heavy congestion detected - signal timing extended and reroute suggested
EVT445090,2026-03-23 14:06:11,Local Market Day,J011,Indiranagar 100ft Road,3902,Weekday,False,Light Rain,True,2.1,False,False,0.235,Low,38.1,19.3,104.5,0.096,0.223,0.918,Light rain detected - minor speed reduction advised
EVT445091,2025-05-25 08:33:37,Local Market Day,J009,Majestic,4200,Weekend,False,Clear,False,0.0,False,False,0.905,Severe,11.6,60.9,529.4,0.217,0.501,0.922,Heavy congestion detected - signal timing extended and reroute suggested
EVT445092,2026-01-18 09:58:30,Concert,J020,Malleshwaram Circle,11015,Weekend,False,Clear,False,0.0,False,False,0.799,Severe,14.4,56.1,236.9,0.126,0.291,0.981,Heavy congestion detected - signal timing extended and reroute suggested
EVT445093,2026-06-15 21:29:02,Local Market Day,J012,Koramangala Sony World,3777,Weekday,False,Clear,False,0.0,False,False,0.347,Low,28.7,28.7,199.4,0.15,0.346,0.96,Moderate traffic flow - standard adaptive signal timing in effect
EVT445094,2025-02-26 07:53:18,Sports Fixture,J011,Indiranagar 100ft Road,14203,Weekday,False,Clear,False,0.0,False,False,0.822,Severe,16.2,60.1,185.0,0.091,0.211,0.973,Heavy congestion detected - signal timing extended and reroute suggested
EVT445095,2025-12-12 16:59:12,Local Market Day,J009,Majestic,5986,Weekday,False,Clear,False,0.0,False,False,0.7,High,16.7,55.1,342.0,0.164,0.378,0.949,Moderate traffic flow - standard adaptive signal timing in effect
EVT445096,2025-11-10 09:13:18,Local Market Day,J020,Malleshwaram Circle,3761,Weekday,False,Clear,False,0.0,False,False,1.0,Severe,7.2,71.3,776.2,0.239,0.552,0.927,Heavy congestion detected - signal timing extended and reroute suggested
EVT445097,2025-06-22 11:24:40,Sports Fixture,J040,City Market,19160,Weekend,False,Heavy Rain,True,43.4,False,False,0.794,Severe,18.2,59.5,359.5,0.237,0.546,0.898,Heavy rain reducing visibility and grip - reduced speed and longer buffer advised
EVT445098,2025-06-07 17:19:37,Concert,J040,City Market,12409,Weekend,False,Clear,False,0.0,False,False,0.766,Severe,18.3,51.4,247.2,0.166,0.383,0.972,Heavy congestion detected - signal timing extended and reroute suggested
EVT445099,2026-04-02 05:54:52,Sports Fixture,J040,City Market,12764,Weekday,False,Fog,False,0.0,False,False,0.232,Low,39.1,18.8,127.3,0.111,0.256,0.953,Normal free-flow traffic - standard signal timing maintained
EVT445100,2026-04-03 11:57:52,Concert,J009,Majestic,7681,Weekday,False,Clear,False,0.0,False,False,0.32,Low,29.9,20.7,141.2,0.117,0.27,0.99,Moderate traffic flow - standard adaptive signal timing in effect
EVT445101,2025-04-13 16:01:06,Concert,J020,Malleshwaram Circle,12212,Weekend,False,Clear,False,0.0,False,False,0.31,Low,35.5,23.0,173.9,0.167,0.387,0.949,Moderate traffic flow - standard adaptive signal timing in effect
EVT445102,2025-09-16 06:15:26,Sports Fixture,J020,Malleshwaram Circle,24464,Weekday,False,Rain,True,21.1,False,False,0.645,High,18.2,45.5,290.0,0.181,0.418,0.944,Heavy rain reducing visibility and grip - reduced speed and longer buffer advised
EVT445103,2026-01-12 12:57:22,Sports Fixture,J031,Cubbon Road,41860,Weekday,False,Clear,False,0.0,False,False,0.439,Moderate,26.9,29.0,154.0,0.112,0.258,0.98,Moderate traffic flow - standard adaptive signal timing in effect
EVT445104,2025-11-30 15:36:51,Local Market Day,J012,Koramangala Sony World,5714,Weekend,False,Clear,False,0.0,False,False,0.396,Moderate,28.0,21.3,133.8,0.114,0.263,0.951,Moderate traffic flow - standard adaptive signal timing in effect
EVT445105,2025-01-26 17:25:09,Religious Festival,J009,Majestic,28959,Weekend,True,Clear,False,0.0,False,False,1.0,Severe,8.2,71.0,467.3,0.157,0.363,0.863,Festival crowd surge detected - alternate route and extended cycle recommended
EVT445106,2025-01-13 08:58:47,Trade Fair,J030,MG Road,12244,Weekday,False,Clear,False,0.0,False,False,1.0,Severe,8.4,67.7,435.0,0.152,0.352,0.91,Heavy congestion detected - signal timing extended and reroute suggested
EVT445107,2025-10-25 08:48:09,Trade Fair,J023,Basavanagudi,4958,Weekend,False,Clear,False,0.0,False,False,0.881,Severe,12.6,58.0,452.5,0.179,0.415,0.923,Heavy congestion detected - signal timing extended and reroute suggested
EVT445108,2026-04-17 19:47:32,Concert,J031,Cubbon Road,13073,Weekday,False,Clear,False,0.0,False,False,0.895,Severe,14.8,61.6,252.3,0.144,0.333,0.938,Heavy congestion detected - signal timing extended and reroute suggested
EVT445109,2025-07-19 15:57:39,Political Rally,J020,Malleshwaram Circle,13901,Weekend,False,Fog,False,0.0,False,False,0.476,Moderate,23.6,33.3,138.6,0.096,0.222,0.967,Moderate traffic flow - standard adaptive signal timing in effect
EVT445110,2026-01-15 23:46:30,Religious Festival,J030,MG Road,31295,Weekday,True,Clear,False,0.0,False,True,0.74,High,17.0,65.4,301.4,0.159,0.367,0.916,Road closure for event/procession - full detour recommended for through-traffic
EVT445111,2025-12-21 16:45:37,Concert,J009,Majestic,16494,Weekend,False,Clear,False,0.0,False,False,0.622,High,16.7,47.8,306.2,0.167,0.387,0.957,Moderate traffic flow - standard adaptive signal timing in effect
EVT445112,2025-02-06 06:36:13,Sports Fixture,J011,Indiranagar 100ft Road,28979,Weekday,False,Clear,False,0.0,False,False,0.446,Moderate,24.0,35.0,167.5,0.105,0.242,0.974,Moderate traffic flow - standard adaptive signal timing in effect
EVT445113,2025-12-30 10:16:45,Sports Fixture,J011,Indiranagar 100ft Road,28832,Weekday,False,Clear,False,0.0,False,False,0.852,Severe,12.6,58.6,544.4,0.258,0.595,0.932,Heavy congestion detected - signal timing extended and reroute suggested
EVT445114,2025-04-04 10:43:53,Sports Fixture,J031,Cubbon Road,22951,Weekday,False,Light Rain,True,4.5,False,False,0.734,High,19.2,55.2,144.4,0.118,0.273,0.907,Heavy rain reducing visibility and grip - reduced speed and longer buffer advised
EVT445115,2025-07-22 16:42:30,Trade Fair,J030,MG Road,6859,Weekday,False,Heavy Rain,True,33.1,False,False,0.975,Severe,7.6,70.4,503.4,0.17,0.392,0.885,Heavy rain reducing visibility and grip - reduced speed and longer buffer advised
EVT445116,2026-03-15 18:54:52,Sports Fixture,J011,Indiranagar 100ft Road,20840,Weekend,False,Clear,False,0.0,False,False,0.885,Severe,10.6,58.6,496.0,0.195,0.452,0.954,Heavy congestion detected - signal timing extended and reroute suggested
EVT445117,2025-08-04 05:37:14,Trade Fair,J009,Majestic,8576,Weekday,False,Rain,True,21.2,False,False,0.43,Moderate,23.0,28.5,155.8,0.096,0.222,0.931,Light rain detected - minor speed reduction advised
EVT445118,2025-09-20 09:03:12,Trade Fair,J011,Indiranagar 100ft Road,10221,Weekend,False,Clear,False,0.0,False,False,0.873,Severe,9.3,68.5,811.8,0.268,0.619,0.926,Heavy congestion detected - signal timing extended and reroute suggested
EVT445119,2026-03-17 18:18:52,Trade Fair,J030,MG Road,10473,Weekday,False,Clear,False,0.0,False,False,1.0,Severe,8.7,79.0,669.1,0.245,0.566,0.908,Heavy congestion detected - signal timing extended and reroute suggested
EVT445120,2025-11-09 09:46:44,Local Market Day,J020,Malleshwaram Circle,5055,Weekend,False,Clear,False,0.0,False,False,0.774,Severe,14.4,55.7,216.3,0.115,0.265,0.964,Heavy congestion detected - signal timing extended and reroute suggested
EVT445121,2025-12-17 18:11:45,Trade Fair,J020,Malleshwaram Circle,8326,Weekday,False,Clear,False,0.0,False,False,1.0,Severe,8.6,76.0,721.1,0.255,0.589,0.908,Heavy congestion detected - signal timing extended and reroute suggested
EVT445122,2026-02-26 08:06:35,Local Market Day,J030,MG Road,3514,Weekday,False,Clear,False,0.0,False,False,0.831,Severe,16.8,60.8,295.3,0.174,0.402,0.951,Heavy congestion detected - signal timing extended and reroute suggested
EVT445123,2026-04-28 12:37:12,Political Rally,J012,Koramangala Sony World,10315,Weekday,False,Clear,False,0.0,False,False,0.203,Low,41.7,16.7,135.4,0.138,0.318,0.986,Normal free-flow traffic - standard signal timing maintained
EVT445124,2025-06-08 09:09:24,Trade Fair,J009,Majestic,8400,Weekend,False,Clear,False,0.0,False,False,0.859,Severe,14.1,58.6,168.1,0.066,0.153,0.962,Heavy congestion detected - signal timing extended and reroute suggested
EVT445125,2026-01-03 08:20:58,Sports Fixture,J023,Basavanagudi,20354,Weekend,False,Fog,False,0.0,False,False,0.874,Severe,13.6,65.0,389.7,0.199,0.459,0.945,Heavy congestion detected - signal timing extended and reroute suggested
EVT445126,2025-10-24 23:39:05,Trade Fair,J031,Cubbon Road,5081,Weekday,False,Clear,False,0.0,False,False,0.203,Low,31.0,11.6,108.1,0.099,0.229,0.973,Normal free-flow traffic - standard signal timing maintained
EVT445127,2025-09-18 19:11:30,Sports Fixture,J023,Basavanagudi,10296,Weekday,False,Rain,True,11.6,False,False,1.0,Severe,7.9,66.7,397.4,0.125,0.288,0.869,Heavy rain reducing visibility and grip - reduced speed and longer buffer advised
EVT445128,2025-04-05 12:21:36,Political Rally,J009,Majestic,26862,Weekend,False,Light Rain,True,3.0,False,False,0.4,Moderate,31.4,31.6,196.2,0.158,0.365,0.936,Light rain detected - minor speed reduction advised
EVT445129,2025-02-05 09:28:52,Sports Fixture,J031,Cubbon Road,20752,Weekday,False,Clear,False,0.0,False,False,1.0,Severe,7.7,71.7,534.2,0.198,0.456,0.948,Heavy congestion detected - signal timing extended and reroute suggested
EVT445130,2026-02-13 11:18:19,Concert,J031,Cubbon Road,13424,Weekday,False,Clear,False,0.0,False,False,0.411,Moderate,25.8,33.4,97.9,0.071,0.165,0.957,Moderate traffic flow - standard adaptive signal timing in effect
EVT445131,2025-07-16 07:25:22,Local Market Day,J040,City Market,4603,Weekday,False,Clear,False,0.0,False,False,0.602,High,23.7,47.1,311.6,0.235,0.542,0.952,Moderate traffic flow - standard adaptive signal timing in effect
EVT445132,2025-07-29 10:10:32,Sports Fixture,J009,Majestic,19076,Weekday,False,Rain,True,7.7,False,False,0.88,Severe,12.7,67.9,262.1,0.117,0.27,0.885,Heavy rain reducing visibility and grip - reduced speed and longer buffer advised
EVT445133,2025-05-11 08:45:40,Sports Fixture,J009,Majestic,23537,Weekend,False,Clear,False,0.0,False,False,0.937,Severe,10.5,70.7,321.0,0.133,0.307,0.92,Heavy congestion detected - signal timing extended and reroute suggested
EVT445134,2025-09-19 20:44:49,Sports Fixture,J040,City Market,17459,Weekday,False,Clear,False,0.0,False,False,0.558,High,29.0,39.3,178.1,0.133,0.307,0.959,Moderate traffic flow - standard adaptive signal timing in effect
EVT445135,2026-02-25 09:43:26,Trade Fair,J011,Indiranagar 100ft Road,8522,Weekday,False,Clear,False,0.0,False,False,0.969,Severe,10.9,70.0,415.6,0.189,0.438,0.921,Heavy congestion detected - signal timing extended and reroute suggested
EVT445136,2025-09-23 09:15:38,Local Market Day,J020,Malleshwaram Circle,2870,Weekday,False,Heavy Rain,True,43.0,False,False,1.0,Severe,9.0,68.4,588.0,0.195,0.45,0.885,Heavy rain reducing visibility and grip - reduced speed and longer buffer advised
EVT445137,2025-11-10 09:50:24,Political Rally,J020,Malleshwaram Circle,15285,Weekday,False,Clear,False,0.0,False,False,0.966,Severe,9.3,72.8,357.8,0.132,0.305,0.928,Heavy congestion detected - signal timing extended and reroute suggested
EVT445138,2025-09-12 21:14:18,Political Rally,J011,Indiranagar 100ft Road,15172,Weekday,False,Rain,True,20.2,False,False,0.684,High,18.0,45.8,436.0,0.261,0.603,0.919,Heavy rain reducing visibility and grip - reduced speed and longer buffer advised
EVT445139,2026-04-24 03:52:34,Local Market Day,J012,Koramangala Sony World,5211,Weekday,False,Clear,False,0.0,False,False,0.162,Low,37.7,15.2,117.2,0.107,0.247,0.947,Normal free-flow traffic - standard signal timing maintained
EVT445140,2026-01-29 03:53:08,Concert,J030,MG Road,4526,Weekday,False,Clear,False,0.0,False,False,0.205,Low,24.1,16.2,214.0,0.118,0.273,0.928,Normal free-flow traffic - standard signal timing maintained
EVT445141,2025-01-20 11:24:37,Sports Fixture,J023,Basavanagudi,16725,Weekday,False,Clear,False,0.0,False,False,0.414,Moderate,24.4,31.2,276.0,0.166,0.383,0.969,Moderate traffic flow - standard adaptive signal timing in effect
EVT445142,2025-10-07 17:24:11,Political Rally,J030,MG Road,25313,Weekday,False,Rain,True,22.8,False,False,1.0,Severe,6.7,68.6,597.9,0.189,0.437,0.853,Heavy rain reducing visibility and grip - reduced speed and longer buffer advised
EVT445143,2026-03-04 17:48:49,Cultural Procession,J020,Malleshwaram Circle,21578,Weekday,True,Clear,False,0.0,False,False,1.0,Severe,7.3,69.5,677.2,0.196,0.452,0.879,Festival crowd surge detected - alternate route and extended cycle recommended
EVT445144,2026-03-29 12:50:39,Concert,J009,Majestic,7023,Weekend,False,Clear,False,0.0,False,False,0.272,Low,28.5,18.5,302.2,0.209,0.483,0.97,Moderate traffic flow - standard adaptive signal timing in effect
EVT445145,2025-03-27 14:49:12,Concert,J023,Basavanagudi,9582,Weekday,False,Clear,False,0.0,False,False,0.258,Low,32.9,14.6,99.3,0.081,0.186,0.942,Moderate traffic flow - standard adaptive signal timing in effect
EVT445146,2025-06-27 11:52:04,Concert,J020,Malleshwaram Circle,18260,Weekday,False,Clear,False,0.0,False,False,0.365,Moderate,27.4,21.2,170.1,0.14,0.322,0.952,Moderate traffic flow - standard adaptive signal timing in effect
EVT445147,2026-04-05 16:32:02,Trade Fair,J011,Indiranagar 100ft Road,9142,Weekend,False,Clear,False,0.0,False,False,0.536,Moderate,26.2,40.6,157.1,0.13,0.301,0.957,Moderate traffic flow - standard adaptive signal timing in effect
EVT445148,2026-04-18 11:46:06,Trade Fair,J012,Koramangala Sony World,8125,Weekend,False,Clear,False,0.0,False,False,0.378,Moderate,35.6,31.5,97.4,0.065,0.149,0.979,Moderate traffic flow - standard adaptive signal timing in effect
EVT445149,2026-02-02 16:52:47,Sports Fixture,J011,Indiranagar 100ft Road,45472,Weekday,False,Clear,False,0.0,False,False,0.906,Severe,10.6,64.7,334.7,0.131,0.302,0.945,Heavy congestion detected - signal timing extended and reroute suggested
EVT445150,2025-12-15 20:44:13,Trade Fair,J031,Cubbon Road,4354,Weekday,False,Clear,False,0.0,False,False,0.56,High,17.9,39.6,147.4,0.068,0.157,0.988,Moderate traffic flow - standard adaptive signal timing in effect
EVT445151,2025-06-16 22:38:41,Concert,J023,Basavanagudi,28492,Weekday,False,Rain,True,18.4,False,False,0.502,Moderate,23.2,34.4,249.1,0.171,0.394,0.894,Light rain detected - minor speed reduction advised
EVT445152,2025-01-02 20:23:18,Trade Fair,J009,Majestic,8869,Weekday,False,Clear,False,0.0,False,False,0.749,High,20.9,55.0,262.0,0.167,0.387,0.983,Moderate traffic flow - standard adaptive signal timing in effect
EVT445153,2025-10-19 16:42:44,Local Market Day,J020,Malleshwaram Circle,3901,Weekend,False,Clear,False,0.0,False,False,0.467,Moderate,23.1,30.8,178.3,0.13,0.301,0.969,Moderate traffic flow - standard adaptive signal timing in effect
EVT445154,2026-03-06 15:41:59,Local Market Day,J040,City Market,6398,Weekday,False,Clear,False,0.0,False,False,0.281,Low,34.4,19.2,112.7,0.097,0.223,0.96,Moderate traffic flow - standard adaptive signal timing in effect
EVT445155,2025-09-23 12:20:20,Trade Fair,J009,Majestic,7004,Weekday,False,Rain,True,22.4,False,False,0.486,Moderate,22.0,34.5,135.8,0.099,0.229,0.905,Light rain detected - minor speed reduction advised
EVT445156,2025-05-11 17:20:19,Concert,J011,Indiranagar 100ft Road,5961,Weekend,False,Clear,False,0.0,False,False,0.728,High,19.5,53.8,402.6,0.277,0.64,0.981,Moderate traffic flow - standard adaptive signal timing in effect
EVT445157,2025-04-09 15:44:51,Sports Fixture,J040,City Market,46230,Weekday,False,Clear,False,0.0,False,False,0.652,High,18.7,49.0,261.7,0.158,0.364,0.981,Moderate traffic flow - standard adaptive signal timing in effect
EVT445158,2025-01-15 12:36:48,Religious Festival,J020,Malleshwaram Circle,47682,Weekday,True,Clear,False,0.0,False,True,0.827,High,14.2,90.0,365.3,0.184,0.425,0.876,Road closure for event/procession - full detour recommended for through-traffic
EVT445159,2026-03-25 11:03:57,Local Market Day,J009,Majestic,3968,Weekday,False,Clear,False,0.0,False,False,0.473,Moderate,24.1,24.2,240.9,0.152,0.352,0.97,Moderate traffic flow - standard adaptive signal timing in effect
EVT445160,2025-10-17 16:58:42,Local Market Day,J023,Basavanagudi,3161,Weekday,False,Clear,False,0.0,False,False,0.676,High,18.2,51.5,414.5,0.249,0.575,0.966,Moderate traffic flow - standard adaptive signal timing in effect
EVT445161,2026-06-17 13:18:35,Sports Fixture,J009,Majestic,43940,Weekday,False,Rain,True,15.4,False,False,0.679,High,17.9,44.5,299.3,0.183,0.422,0.907,Heavy rain reducing visibility and grip - reduced speed and longer buffer advised
EVT445162,2026-04-06 22:01:21,Concert,J040,City Market,15057,Weekday,False,Clear,False,0.0,False,False,0.323,Low,31.7,20.2,127.4,0.112,0.258,0.989,Moderate traffic flow - standard adaptive signal timing in effect
EVT445163,2025-02-07 18:32:32,Concert,J009,Majestic,7742,Weekday,False,Clear,False,0.0,False,False,1.0,Severe,7.4,69.2,778.7,0.231,0.533,0.942,Heavy congestion detected - signal timing extended and reroute suggested
EVT445164,2025-12-08 20:04:38,Concert,J009,Majestic,47660,Weekday,False,Clear,False,0.0,False,False,0.893,Severe,13.4,62.8,500.3,0.254,0.587,0.934,Heavy congestion detected - signal timing extended and reroute suggested
EVT445165,2026-02-10 21:47:02,Concert,J020,Malleshwaram Circle,13017,Weekday,False,Clear,False,0.0,False,False,0.282,Low,29.0,23.8,197.7,0.153,0.353,0.966,Moderate traffic flow - standard adaptive signal timing in effect
EVT445166,2025-07-07 07:43:47,Sports Fixture,J023,Basavanagudi,11454,Weekday,False,Heavy Rain,True,42.1,False,False,1.0,Severe,11.3,71.0,422.2,0.196,0.453,0.842,Heavy rain reducing visibility and grip - reduced speed and longer buffer advised
EVT445167,2025-04-05 07:25:37,Concert,J020,Malleshwaram Circle,12461,Weekend,False,Clear,False,0.0,False,False,0.584,High,21.0,41.2,261.6,0.173,0.4,0.978,Moderate traffic flow - standard adaptive signal timing in effect
EVT445168,2026-03-15 12:27:22,Sports Fixture,J031,Cubbon Road,32040,Weekend,False,Clear,False,0.0,False,False,0.53,Moderate,24.2,36.3,184.3,0.141,0.325,0.966,Moderate traffic flow - standard adaptive signal timing in effect
EVT445169,2025-12-13 07:31:16,Concert,J031,Cubbon Road,12031,Weekend,False,Clear,False,0.0,False,False,0.607,High,25.6,41.9,238.6,0.168,0.389,0.971,Moderate traffic flow - standard adaptive signal timing in effect
EVT445170,2025-08-18 07:49:11,Trade Fair,J040,City Market,14198,Weekday,False,Clear,False,0.0,False,False,0.85,Severe,13.0,59.5,572.6,0.246,0.569,0.945,Heavy congestion detected - signal timing extended and reroute suggested
EVT445171,2025-04-10 17:05:45,Trade Fair,J009,Majestic,7249,Weekday,False,Clear,False,0.0,False,False,0.771,Severe,17.7,58.6,245.2,0.139,0.321,0.978,Heavy congestion detected - signal timing extended and reroute suggested
EVT445172,2025-07-04 19:26:21,Trade Fair,J031,Cubbon Road,9190,Weekday,False,Heavy Rain,True,49.3,False,False,1.0,Severe,7.2,80.5,436.1,0.128,0.295,0.833,Heavy rain reducing visibility and grip - reduced speed and longer buffer advised
EVT445173,2025-05-28 17:04:10,Trade Fair,J012,Koramangala Sony World,11937,Weekday,False,Rain,True,14.3,False,False,0.918,Severe,9.9,58.1,174.2,0.074,0.17,0.887,Heavy rain reducing visibility and grip - reduced speed and longer buffer advised
EVT445174,2026-02-22 12:36:37,Local Market Day,J040,City Market,2954,Weekend,False,Clear,False,0.0,False,False,0.204,Low,39.5,16.9,179.5,0.171,0.395,0.983,Normal free-flow traffic - standard signal timing maintained
EVT445175,2025-03-23 16:41:05,Local Market Day,J009,Majestic,3266,Weekend,False,Clear,False,0.0,False,False,0.577,High,20.2,43.6,229.1,0.162,0.373,0.974,Moderate traffic flow - standard adaptive signal timing in effect
EVT445176,2025-04-19 19:47:02,Political Rally,J020,Malleshwaram Circle,31448,Weekend,False,Rain,True,16.6,False,False,0.988,Severe,11.1,70.2,405.3,0.165,0.381,0.882,Heavy rain reducing visibility and grip - reduced speed and longer buffer advised
EVT445177,2025-06-20 08:36:27,Trade Fair,J031,Cubbon Road,3910,Weekday,False,Clear,False,0.0,False,False,1.0,Severe,7.1,68.1,798.8,0.236,0.545,0.915,Heavy congestion detected - signal timing extended and reroute suggested
EVT445178,2025-02-23 11:49:07,Local Market Day,J020,Malleshwaram Circle,5893,Weekend,False,Clear,False,0.0,False,False,0.367,Moderate,33.5,25.9,181.1,0.167,0.385,0.964,Moderate traffic flow - standard adaptive signal timing in effect
EVT445179,2025-02-04 07:43:33,Sports Fixture,J020,Malleshwaram Circle,24954,Weekday,False,Clear,False,0.0,False,False,0.848,Severe,17.5,60.7,343.4,0.216,0.5,0.942,Heavy congestion detected - signal timing extended and reroute suggested
EVT445180,2025-07-17 11:52:37,Local Market Day,J031,Cubbon Road,5263,Weekday,False,Heavy Rain,True,48.8,False,False,0.678,High,24.4,47.9,264.3,0.208,0.481,0.923,Heavy rain reducing visibility and grip - reduced speed and longer buffer advised
EVT445181,2026-03-30 10:55:48,Sports Fixture,J009,Majestic,28950,Weekday,False,Clear,False,0.0,False,False,0.595,High,19.1,41.3,191.1,0.122,0.281,0.938,Moderate traffic flow - standard adaptive signal timing in effect
EVT445182,2025-05-14 19:56:45,Concert,J030,MG Road,13586,Weekday,False,Clear,False,0.0,False,False,0.838,Severe,14.1,62.1,220.7,0.114,0.264,0.939,Heavy congestion detected - signal timing extended and reroute suggested
EVT445183,2026-03-22 16:19:27,Concert,J020,Malleshwaram Circle,7503,Weekend,False,Fog,False,0.0,False,False,0.511,Moderate,21.1,34.8,318.8,0.207,0.479,0.95,Moderate traffic flow - standard adaptive signal timing in effect
EVT445184,2025-11-28 10:25:05,Local Market Day,J023,Basavanagudi,4264,Weekday,False,Clear,False,0.0,False,False,0.596,High,21.2,37.3,335.4,0.215,0.496,0.955,Moderate traffic flow - standard adaptive signal timing in effect
EVT445185,2025-08-16 08:40:54,Religious Festival,J011,Indiranagar 100ft Road,65076,Weekend,True,Clear,False,0.0,False,True,1.0,Severe,8.6,93.7,757.9,0.27,0.624,0.81,Road closure for event/procession - full detour recommended for through-traffic
EVT445186,2026-06-16 11:25:33,Political Rally,J009,Majestic,17955,Weekday,False,Heavy Rain,True,43.3,False,False,0.79,Severe,16.2,55.3,255.8,0.125,0.288,0.91,Heavy rain reducing visibility and grip - reduced speed and longer buffer advised
EVT445187,2026-03-15 14:33:37,Sports Fixture,J031,Cubbon Road,21281,Weekend,False,Clear,False,0.0,False,False,0.386,Moderate,36.0,27.1,118.8,0.1,0.232,0.96,Moderate traffic flow - standard adaptive signal timing in effect
EVT445188,2026-03-24 15:43:12,Trade Fair,J011,Indiranagar 100ft Road,10689,Weekday,False,Clear,False,0.0,False,False,0.432,Moderate,21.0,30.0,283.0,0.189,0.436,0.966,Moderate traffic flow - standard adaptive signal timing in effect
EVT445189,2025-05-11 15:49:07,Sports Fixture,J031,Cubbon Road,24487,Weekend,False,Clear,False,0.0,False,False,0.566,High,17.4,42.8,119.7,0.057,0.132,0.969,Moderate traffic flow - standard adaptive signal timing in effect
EVT445190,2025-07-28 15:02:58,Sports Fixture,J012,Koramangala Sony World,33415,Weekday,False,Rain,True,23.9,False,False,0.636,High,20.9,42.6,216.3,0.148,0.342,0.911,Heavy rain reducing visibility and grip - reduced speed and longer buffer advised
EVT445191,2026-04-08 07:26:20,Trade Fair,J040,City Market,3801,Weekday,False,Clear,False,0.0,False,False,0.612,High,19.2,43.4,162.9,0.103,0.237,0.959,Moderate traffic flow - standard adaptive signal timing in effect
EVT445192,2026-06-24 15:27:44,Local Market Day,J031,Cubbon Road,2889,Weekday,False,Clear,False,0.0,False,False,0.291,Low,33.7,19.8,195.9,0.149,0.344,0.946,Moderate traffic flow - standard adaptive signal timing in effect
EVT445193,2025-09-30 12:10:40,Sports Fixture,J023,Basavanagudi,16809,Weekday,False,Rain,True,19.1,False,False,0.465,Moderate,20.8,34.3,178.9,0.1,0.231,0.899,Light rain detected - minor speed reduction advised
EVT445194,2025-07-31 10:53:15,Trade Fair,J009,Majestic,5273,Weekday,False,Rain,True,14.7,False,False,0.562,High,22.7,38.7,135.3,0.097,0.225,0.903,Heavy rain reducing visibility and grip - reduced speed and longer buffer advised
EVT445195,2025-12-27 22:43:07,Concert,J031,Cubbon Road,19733,Weekend,False,Clear,False,0.0,False,False,0.346,Low,30.1,23.4,222.9,0.182,0.421,0.954,Moderate traffic flow - standard adaptive signal timing in effect
EVT445196,2025-07-27 10:39:37,Political Rally,J040,City Market,17093,Weekend,False,Clear,False,0.0,False,False,0.588,High,21.8,37.2,222.4,0.147,0.34,0.976,Moderate traffic flow - standard adaptive signal timing in effect
EVT445197,2026-06-04 17:34:18,Local Market Day,J012,Koramangala Sony World,3150,Weekday,False,Rain,True,16.7,False,False,1.0,Severe,7.9,73.6,432.9,0.157,0.364,0.854,Heavy rain reducing visibility and grip - reduced speed and longer buffer advised
EVT445198,2025-10-28 10:36:16,Trade Fair,J011,Indiranagar 100ft Road,4784,Weekday,False,Clear,False,0.0,False,False,0.577,High,17.7,39.8,200.3,0.132,0.304,0.962,Moderate traffic flow - standard adaptive signal timing in effect
EVT445199,2026-03-09 14:11:14,Sports Fixture,J040,City Market,21017,Weekday,False,Clear,False,0.0,False,False,0.281,Low,33.0,16.4,133.9,0.089,0.204,0.964,Moderate traffic flow - standard adaptive signal timing in effect
EVT445200,2026-05-13 10:12:13,Trade Fair,J023,Basavanagudi,10190,Weekday,False,Clear,False,0.0,False,False,0.725,High,17.1,52.2,444.5,0.27,0.625,0.97,Moderate traffic flow - standard adaptive signal timing in effect
EVT445201,2025-09-22 18:38:15,Sports Fixture,J040,City Market,33046,Weekday,False,Heavy Rain,True,30.5,False,False,1.0,Severe,10.0,74.3,570.5,0.234,0.541,0.863,Heavy rain reducing visibility and grip - reduced speed and longer buffer advised
EVT445202,2026-01-19 17:10:15,Local Market Day,J040,City Market,3637,Weekday,False,Clear,False,0.0,False,False,0.721,High,15.0,42.3,314.6,0.173,0.399,0.948,Moderate traffic flow - standard adaptive signal timing in effect
EVT445203,2026-05-20 22:15:27,Trade Fair,J040,City Market,2888,Weekday,False,Light Rain,True,1.1,False,False,0.28,Low,26.6,21.6,102.7,0.088,0.204,0.908,Light rain detected - minor speed reduction advised
EVT445204,2025-07-29 21:24:54,Political Rally,J040,City Market,25430,Weekday,False,Rain,True,21.5,False,False,0.659,High,24.6,46.4,105.8,0.073,0.17,0.963,Heavy rain reducing visibility and grip - reduced speed and longer buffer advised
EVT445205,2025-01-11 09:46:14,Trade Fair,J020,Malleshwaram Circle,9621,Weekend,False,Clear,False,0.0,False,False,0.781,Severe,14.6,56.7,188.1,0.093,0.214,0.951,Heavy congestion detected - signal timing extended and reroute suggested
EVT445206,2025-08-14 21:14:03,Trade Fair,J020,Malleshwaram Circle,9576,Weekday,False,Heavy Rain,True,37.0,False,False,0.769,Severe,19.4,52.0,214.5,0.132,0.304,0.93,Heavy rain reducing visibility and grip - reduced speed and longer buffer advised
EVT445207,2025-06-02 07:34:06,Sports Fixture,J030,MG Road,17815,Weekday,False,Clear,False,0.0,False,False,0.669,High,22.0,43.7,234.8,0.161,0.371,0.967,Moderate traffic flow - standard adaptive signal timing in effect
EVT445208,2026-06-18 18:21:06,Concert,J009,Majestic,14551,Weekday,False,Heavy Rain,True,51.1,False,False,1.0,Severe,7.5,66.6,232.7,0.07,0.161,0.874,Heavy rain reducing visibility and grip - reduced speed and longer buffer advised
EVT445209,2025-10-17 18:52:30,Local Market Day,J031,Cubbon Road,4996,Weekday,False,Clear,False,0.0,False,False,0.897,Severe,11.6,59.3,152.2,0.074,0.17,0.932,Heavy congestion detected - signal timing extended and reroute suggested
EVT445210,2025-09-24 16:31:54,Sports Fixture,J023,Basavanagudi,20865,Weekday,False,Heavy Rain,True,25.9,False,False,0.932,Severe,11.5,59.9,635.2,0.281,0.648,0.919,Heavy rain reducing visibility and grip - reduced speed and longer buffer advised
EVT445211,2025-08-18 11:14:27,Concert,J030,MG Road,12166,Weekday,False,Rain,True,16.9,False,False,0.714,High,18.0,49.0,404.9,0.25,0.578,0.926,Heavy rain reducing visibility and grip - reduced speed and longer buffer advised
EVT445212,2025-09-15 08:07:09,Sports Fixture,J030,MG Road,35763,Weekday,False,Clear,False,0.0,False,False,1.0,Severe,7.6,73.7,471.7,0.135,0.311,0.932,Heavy congestion detected - signal timing extended and reroute suggested
EVT445213,2026-01-08 17:06:56,Local Market Day,J023,Basavanagudi,7906,Weekday,False,Clear,False,0.0,False,False,0.793,Severe,17.4,57.1,329.5,0.207,0.477,0.969,Heavy congestion detected - signal timing extended and reroute suggested
EVT445214,2025-06-12 18:21:45,Political Rally,J012,Koramangala Sony World,15052,Weekday,False,Clear,False,0.0,False,False,1.0,Severe,8.5,72.1,288.0,0.107,0.246,0.899,Heavy congestion detected - signal timing extended and reroute suggested
EVT445215,2026-01-30 18:20:51,Concert,J023,Basavanagudi,10084,Weekday,False,Clear,False,0.0,False,False,1.0,Severe,9.7,68.9,572.3,0.212,0.49,0.917,Heavy congestion detected - signal timing extended and reroute suggested
EVT445216,2025-03-30 20:13:12,Cultural Procession,J023,Basavanagudi,21624,Weekend,True,Clear,False,0.0,False,True,1.0,Severe,7.2,104.3,1045.5,0.342,0.791,0.844,Road closure for event/procession - full detour recommended for through-traffic
EVT445217,2026-05-02 07:06:44,Fireworks Display,J040,City Market,23649,Weekend,True,Heavy Rain,True,42.1,False,False,1.0,Severe,8.6,75.6,296.1,0.117,0.271,0.829,Festival crowd surge detected - alternate route and extended cycle recommended
EVT445218,2025-11-11 12:10:15,Sports Fixture,J031,Cubbon Road,17779,Weekday,False,Clear,False,0.0,False,False,0.2,Low,31.5,20.8,171.1,0.152,0.351,0.964,Normal free-flow traffic - standard signal timing maintained
EVT445219,2025-03-22 17:42:36,Sports Fixture,J030,MG Road,25854,Weekend,False,Clear,False,0.0,False,False,0.913,Severe,11.7,64.2,459.5,0.202,0.466,0.921,Heavy congestion detected - signal timing extended and reroute suggested
EVT445220,2026-04-24 11:41:18,Trade Fair,J031,Cubbon Road,7647,Weekday,False,Clear,False,0.0,False,False,0.351,Moderate,24.8,29.7,134.2,0.106,0.246,0.94,Moderate traffic flow - standard adaptive signal timing in effect
EVT445221,2025-02-16 12:35:27,Local Market Day,J023,Basavanagudi,3761,Weekend,False,Clear,False,0.0,False,False,0.274,Low,29.0,12.8,184.1,0.136,0.314,0.982,Moderate traffic flow - standard adaptive signal timing in effect
EVT445222,2026-05-09 05:31:12,Trade Fair,J040,City Market,5649,Weekend,False,Rain,True,17.0,False,False,0.443,Moderate,26.1,37.0,176.2,0.136,0.313,0.914,Light rain detected - minor speed reduction advised
EVT445223,2025-09-01 02:07:28,Sports Fixture,J031,Cubbon Road,27340,Weekday,False,Clear,False,0.0,False,False,0.317,Low,24.4,21.4,164.6,0.124,0.285,0.978,Moderate traffic flow - standard adaptive signal timing in effect
EVT445224,2026-06-11 07:00:06,Local Market Day,J031,Cubbon Road,2652,Weekday,False,Clear,False,0.0,False,False,0.492,Moderate,27.3,33.6,206.2,0.173,0.401,0.984,Moderate traffic flow - standard adaptive signal timing in effect
EVT445225,2025-07-03 08:01:12,Sports Fixture,J023,Basavanagudi,29300,Weekday,False,Clear,False,0.0,False,False,0.951,Severe,9.9,71.3,274.6,0.098,0.227,0.924,Heavy congestion detected - signal timing extended and reroute suggested
EVT445226,2025-12-09 19:35:08,Local Market Day,J040,City Market,3225,Weekday,False,Light Rain,True,1.7,False,False,0.857,Severe,12.8,58.5,444.6,0.196,0.453,0.895,Heavy rain reducing visibility and grip - reduced speed and longer buffer advised
EVT445227,2026-03-20 18:39:22,Religious Festival,J031,Cubbon Road,61492,Weekday,True,Clear,False,0.0,False,True,1.0,Severe,7.5,105.5,688.8,0.231,0.534,0.843,Road closure for event/procession - full detour recommended for through-traffic
EVT445228,2025-05-10 17:24:12,Local Market Day,J023,Basavanagudi,3780,Weekend,False,Rain,True,14.2,False,False,0.837,Severe,15.1,61.1,313.6,0.174,0.401,0.866,Heavy rain reducing visibility and grip - reduced speed and longer buffer advised
EVT445229,2026-02-11 19:47:36,Concert,J009,Majestic,22498,Weekday,False,Clear,False,0.0,False,False,0.888,Severe,13.1,64.9,335.3,0.154,0.355,0.922,Heavy congestion detected - signal timing extended and reroute suggested
EVT445230,2025-09-02 08:29:53,Sports Fixture,J023,Basavanagudi,21990,Weekday,False,Rain,True,17.4,False,False,1.0,Severe,10.9,77.0,411.2,0.179,0.414,0.856,Heavy rain reducing visibility and grip - reduced speed and longer buffer advised
EVT445231,2025-07-16 21:10:09,Concert,J040,City Market,13323,Weekday,False,Clear,False,0.0,False,False,0.487,Moderate,27.0,41.0,156.3,0.119,0.276,0.95,Moderate traffic flow - standard adaptive signal timing in effect
EVT445232,2025-02-17 09:47:13,Political Rally,J023,Basavanagudi,9366,Weekday,False,Clear,False,0.0,False,False,0.931,Severe,10.8,65.5,372.3,0.175,0.404,0.923,Heavy congestion detected - signal timing extended and reroute suggested
EVT445233,2026-01-27 10:21:43,Religious Festival,J040,City Market,30365,Weekday,True,Clear,False,0.0,False,True,1.0,Severe,10.5,101.2,593.6,0.251,0.581,0.837,Road closure for event/procession - full detour recommended for through-traffic
EVT445234,2026-04-27 17:18:28,Concert,J030,MG Road,15017,Weekday,False,Light Rain,True,6.8,False,False,0.873,Severe,10.3,59.7,470.7,0.185,0.427,0.895,Heavy rain reducing visibility and grip - reduced speed and longer buffer advised
EVT445235,2025-08-21 12:06:45,Trade Fair,J012,Koramangala Sony World,11280,Weekday,False,Clear,False,0.0,False,False,0.243,Low,33.6,16.3,194.6,0.151,0.348,0.99,Normal free-flow traffic - standard signal timing maintained
EVT445236,2025-11-24 18:51:41,Local Market Day,J009,Majestic,4351,Weekday,False,Clear,False,0.0,False,False,1.0,Severe,7.1,71.2,708.5,0.218,0.505,0.927,Heavy congestion detected - signal timing extended and reroute suggested
EVT445237,2025-03-15 22:36:42,Cultural Procession,J020,Malleshwaram Circle,34801,Weekend,True,Clear,False,0.0,False,True,0.794,High,17.9,84.8,335.4,0.197,0.454,0.872,Road closure for event/procession - full detour recommended for through-traffic
EVT445238,2025-05-22 09:16:31,Trade Fair,J012,Koramangala Sony World,8637,Weekday,False,Clear,False,0.0,False,False,1.0,Severe,10.1,70.0,638.7,0.251,0.58,0.898,Heavy congestion detected - signal timing extended and reroute suggested
EVT445239,2025-04-02 14:50:24,Trade Fair,J031,Cubbon Road,12526,Weekday,False,Clear,False,0.0,False,False,0.264,Low,35.8,16.6,159.0,0.132,0.306,0.958,Moderate traffic flow - standard adaptive signal timing in effect
EVT445240,2025-02-10 22:53:25,Concert,J012,Koramangala Sony World,12155,Weekday,False,Clear,False,0.0,False,False,0.236,Low,34.2,16.2,179.4,0.149,0.344,0.976,Normal free-flow traffic - standard signal timing maintained
EVT445241,2026-01-23 20:58:01,Trade Fair,J020,Malleshwaram Circle,7245,Weekday,False,Clear,False,0.0,False,False,0.443,Moderate,28.0,29.7,66.3,0.039,0.09,0.974,Moderate traffic flow - standard adaptive signal timing in effect
EVT445242,2025-03-26 08:32:15,Trade Fair,J020,Malleshwaram Circle,8798,Weekday,False,Clear,False,0.0,False,False,1.0,Severe,9.8,69.2,511.8,0.195,0.451,0.899,Heavy congestion detected - signal timing extended and reroute suggested
EVT445243,2025-02-04 06:38:52,Sports Fixture,J040,City Market,29434,Weekday,False,Clear,False,0.0,False,False,0.558,High,23.8,40.1,243.2,0.178,0.411,0.948,Moderate traffic flow - standard adaptive signal timing in effect
EVT445244,2025-11-18 18:45:30,Local Market Day,J040,City Market,7489,Weekday,False,Clear,False,0.0,False,False,1.0,Severe,8.6,71.5,253.5,0.104,0.241,0.896,Heavy congestion detected - signal timing extended and reroute suggested
EVT445245,2025-03-08 10:56:16,Local Market Day,J023,Basavanagudi,5622,Weekend,False,Clear,False,0.0,False,False,0.52,Moderate,22.7,39.9,276.7,0.181,0.418,0.982,Moderate traffic flow - standard adaptive signal timing in effect
EVT445246,2026-01-08 17:53:20,Political Rally,J009,Majestic,18511,Weekday,False,Clear,False,0.0,False,False,1.0,Severe,9.4,71.3,534.8,0.193,0.445,0.908,Heavy congestion detected - signal timing extended and reroute suggested
EVT445247,2025-10-13 12:59:20,Sports Fixture,J040,City Market,65204,Weekday,False,Clear,False,0.0,False,False,0.535,Moderate,20.1,36.3,270.0,0.144,0.333,0.98,Moderate traffic flow - standard adaptive signal timing in effect
EVT445248,2026-04-13 16:37:20,Local Market Day,J031,Cubbon Road,3783,Weekday,False,Clear,False,0.0,False,False,0.588,High,26.6,40.0,180.5,0.14,0.323,0.972,Moderate traffic flow - standard adaptive signal timing in effect
EVT445249,2025-11-11 14:29:01,Political Rally,J012,Koramangala Sony World,21069,Weekday,False,Clear,False,0.0,False,False,0.324,Low,27.0,24.2,203.4,0.165,0.381,0.99,Moderate traffic flow - standard adaptive signal timing in effect
EVT445250,2026-02-22 14:44:17,Sports Fixture,J011,Indiranagar 100ft Road,13490,Weekend,False,Clear,False,0.0,False,False,0.292,Low,30.7,25.8,161.3,0.139,0.321,0.968,Moderate traffic flow - standard adaptive signal timing in effect
EVT445251,2025-12-12 17:29:51,Local Market Day,J030,MG Road,4542,Weekday,False,Clear,False,0.0,False,False,0.867,Severe,10.8,62.1,565.2,0.235,0.543,0.943,Heavy congestion detected - signal timing extended and reroute suggested
EVT445252,2025-01-05 14:20:35,Local Market Day,J020,Malleshwaram Circle,5780,Weekend,False,Clear,False,0.0,False,False,0.296,Low,29.2,21.9,182.9,0.142,0.327,0.965,Moderate traffic flow - standard adaptive signal timing in effect
EVT445253,2026-01-13 07:52:29,Local Market Day,J009,Majestic,4873,Weekday,False,Clear,False,0.0,False,False,0.754,Severe,16.4,50.3,406.8,0.239,0.552,0.964,Heavy congestion detected - signal timing extended and reroute suggested
EVT445254,2025-12-29 22:51:04,Trade Fair,J040,City Market,13084,Weekday,False,Clear,False,0.0,False,False,0.298,Low,33.8,18.4,112.5,0.107,0.247,0.959,Moderate traffic flow - standard adaptive signal timing in effect
EVT445255,2025-06-09 16:26:05,Local Market Day,J009,Majestic,4993,Weekday,False,Clear,False,0.0,False,False,0.586,High,28.6,44.3,246.2,0.214,0.494,0.976,Moderate traffic flow - standard adaptive signal timing in effect
EVT445256,2025-07-23 17:43:17,Trade Fair,J030,MG Road,3721,Weekday,False,Heavy Rain,True,96.5,False,False,1.0,Severe,7.8,74.7,210.1,0.083,0.191,0.859,Heavy rain reducing visibility and grip - reduced speed and longer buffer advised
EVT445257,2025-11-08 17:33:48,Local Market Day,J009,Majestic,5160,Weekend,False,Clear,False,0.0,False,False,0.765,Severe,17.4,57.0,189.5,0.106,0.244,0.951,Heavy congestion detected - signal timing extended and reroute suggested
EVT445258,2025-03-11 08:41:43,Sports Fixture,J020,Malleshwaram Circle,34941,Weekday,False,Clear,False,0.0,False,False,1.0,Severe,9.3,69.3,715.3,0.266,0.613,0.925,Heavy congestion detected - signal timing extended and reroute suggested
EVT445259,2025-02-26 13:38:10,Concert,J009,Majestic,17555,Weekday,False,Clear,False,0.0,False,False,0.215,Low,35.7,10.2,174.1,0.148,0.342,0.975,Normal free-flow traffic - standard signal timing maintained
EVT445260,2025-03-04 16:31:05,Local Market Day,J040,City Market,3739,Weekday,False,Clear,False,0.0,False,False,0.536,Moderate,19.4,36.0,342.4,0.171,0.396,0.946,Moderate traffic flow - standard adaptive signal timing in effect
EVT445261,2026-04-20 15:39:02,Trade Fair,J020,Malleshwaram Circle,4975,Weekday,False,Clear,False,0.0,False,False,0.376,Moderate,30.1,30.0,187.5,0.143,0.331,0.982,Moderate traffic flow - standard adaptive signal timing in effect
EVT445262,2025-10-11 10:43:24,Concert,J023,Basavanagudi,15893,Weekend,False,Clear,False,0.0,False,False,0.597,High,22.2,39.3,271.3,0.197,0.454,0.963,Moderate traffic flow - standard adaptive signal timing in effect
EVT445263,2026-04-29 15:27:44,Trade Fair,J023,Basavanagudi,9294,Weekday,False,Clear,False,0.0,False,False,0.268,Low,35.1,14.4,159.8,0.15,0.347,0.941,Moderate traffic flow - standard adaptive signal timing in effect
EVT445264,2025-06-08 14:11:07,Concert,J012,Koramangala Sony World,10584,Weekend,False,Clear,False,0.0,False,False,0.269,Low,29.8,20.9,123.8,0.099,0.229,0.965,Moderate traffic flow - standard adaptive signal timing in effect
EVT445265,2026-02-23 16:07:52,Sports Fixture,J031,Cubbon Road,20969,Weekday,False,Clear,False,0.0,False,False,0.522,Moderate,24.4,44.7,210.6,0.149,0.344,0.949,Moderate traffic flow - standard adaptive signal timing in effect
EVT445266,2026-01-10 15:52:28,Political Rally,J040,City Market,9492,Weekend,False,Clear,False,0.0,False,False,0.579,High,21.8,43.9,209.4,0.147,0.338,0.975,Moderate traffic flow - standard adaptive signal timing in effect
EVT445267,2025-12-20 09:29:16,Political Rally,J009,Majestic,16918,Weekend,False,Clear,False,0.0,False,False,0.921,Severe,11.6,67.7,511.7,0.236,0.546,0.923,Heavy congestion detected - signal timing extended and reroute suggested
EVT445268,2025-10-17 10:47:05,Trade Fair,J030,MG Road,10896,Weekday,False,Clear,False,0.0,False,False,0.514,Moderate,27.0,35.9,169.5,0.135,0.311,0.939,Moderate traffic flow - standard adaptive signal timing in effect
EVT445269,2026-03-26 20:48:00,Religious Festival,J012,Koramangala Sony World,36831,Weekday,True,Clear,False,0.0,False,True,1.0,Severe,8.9,98.9,551.7,0.224,0.517,0.85,Road closure for event/procession - full detour recommended for through-traffic
EVT445270,2026-01-07 11:30:24,Concert,J031,Cubbon Road,9844,Weekday,False,Clear,False,0.0,False,False,0.344,Low,31.5,24.8,211.8,0.193,0.445,0.98,Moderate traffic flow - standard adaptive signal timing in effect
EVT445271,2026-04-06 09:36:17,Trade Fair,J031,Cubbon Road,10728,Weekday,False,Clear,False,0.0,False,False,0.953,Severe,10.2,74.7,285.0,0.122,0.282,0.954,Heavy congestion detected - signal timing extended and reroute suggested
EVT445272,2025-08-31 16:02:41,Local Market Day,J012,Koramangala Sony World,2116,Weekend,False,Rain,True,9.1,False,False,0.547,Moderate,22.6,34.9,266.6,0.176,0.406,0.925,Light rain detected - minor speed reduction advised
EVT445273,2025-03-15 22:10:17,Religious Festival,J009,Majestic,59326,Weekend,True,Clear,False,0.0,False,True,1.0,Severe,6.1,111.2,676.7,0.193,0.447,0.842,Road closure for event/procession - full detour recommended for through-traffic
EVT445274,2025-10-06 08:55:08,Trade Fair,J009,Majestic,7364,Weekday,False,Clear,False,0.0,False,False,1.0,Severe,9.3,76.4,486.4,0.165,0.382,0.908,Heavy congestion detected - signal timing extended and reroute suggested
EVT445275,2025-03-28 09:57:37,Political Rally,J031,Cubbon Road,14430,Weekday,False,Clear,False,0.0,False,False,0.939,Severe,9.9,76.5,198.3,0.089,0.205,0.916,Heavy congestion detected - signal timing extended and reroute suggested
EVT445276,2026-03-28 10:29:04,Sports Fixture,J031,Cubbon Road,15546,Weekend,False,Clear,False,0.0,False,False,0.675,High,14.6,48.9,122.7,0.038,0.087,0.972,Moderate traffic flow - standard adaptive signal timing in effect
EVT445277,2026-06-03 17:38:48,Local Market Day,J020,Malleshwaram Circle,2924,Weekday,False,Clear,False,0.0,False,False,0.898,Severe,10.6,63.5,464.1,0.19,0.438,0.938,Heavy congestion detected - signal timing extended and reroute suggested
EVT445278,2025-12-09 16:46:19,Trade Fair,J009,Majestic,5410,Weekday,False,Clear,False,0.0,False,False,0.711,High,15.0,50.1,436.9,0.229,0.53,0.977,Moderate traffic flow - standard adaptive signal timing in effect
EVT445279,2025-03-28 18:26:02,Political Rally,J020,Malleshwaram Circle,16026,Weekday,False,Clear,False,0.0,False,False,1.0,Severe,10.5,72.7,255.0,0.106,0.244,0.922,Heavy congestion detected - signal timing extended and reroute suggested
EVT445280,2025-05-28 18:34:58,Local Market Day,J031,Cubbon Road,3560,Weekday,False,Clear,False,0.0,False,False,0.989,Severe,7.7,72.8,715.4,0.238,0.551,0.933,Heavy congestion detected - signal timing extended and reroute suggested
EVT445281,2025-11-28 09:53:52,Trade Fair,J009,Majestic,11076,Weekday,False,Clear,False,0.0,False,False,0.914,Severe,12.2,67.2,465.0,0.216,0.498,0.949,Heavy congestion detected - signal timing extended and reroute suggested
EVT445282,2025-07-15 08:09:02,Concert,J020,Malleshwaram Circle,15720,Weekday,False,Clear,False,0.0,False,False,0.921,Severe,11.9,69.6,464.7,0.215,0.497,0.94,Heavy congestion detected - signal timing extended and reroute suggested
EVT445283,2025-01-12 10:00:16,Sports Fixture,J012,Koramangala Sony World,32733,Weekend,False,Clear,False,0.0,False,False,0.909,Severe,11.8,66.0,440.1,0.217,0.501,0.925,Heavy congestion detected - signal timing extended and reroute suggested
EVT445284,2025-01-11 10:30:23,Trade Fair,J012,Koramangala Sony World,4385,Weekend,False,Clear,False,0.0,False,False,0.572,High,21.1,42.0,148.1,0.086,0.198,0.953,Moderate traffic flow - standard adaptive signal timing in effect
EVT445285,2025-11-24 08:29:21,Sports Fixture,J031,Cubbon Road,7908,Weekday,False,Clear,False,0.0,False,False,0.91,Severe,11.6,66.3,295.8,0.129,0.299,0.955,Heavy congestion detected - signal timing extended and reroute suggested
EVT445286,2026-01-14 19:08:25,Fireworks Display,J031,Cubbon Road,39483,Weekday,True,Clear,False,0.0,False,False,1.0,Severe,10.3,72.6,337.2,0.133,0.307,0.86,Festival crowd surge detected - alternate route and extended cycle recommended
EVT445287,2025-06-11 09:12:17,Trade Fair,J040,City Market,11024,Weekday,False,Clear,False,0.0,False,False,1.0,Severe,9.1,72.3,529.8,0.183,0.422,0.912,Heavy congestion detected - signal timing extended and reroute suggested
EVT445288,2026-01-02 15:05:38,Religious Festival,J011,Indiranagar 100ft Road,43943,Weekday,True,Clear,False,0.0,False,True,0.884,High,13.6,95.8,324.4,0.173,0.4,0.859,Road closure for event/procession - full detour recommended for through-traffic
EVT445289,2025-06-09 02:13:09,Sports Fixture,J031,Cubbon Road,26689,Weekday,False,Clear,False,0.0,False,False,0.353,Moderate,33.0,21.7,191.4,0.182,0.421,0.962,Moderate traffic flow - standard adaptive signal timing in effect
EVT445290,2025-11-11 13:04:50,Local Market Day,J009,Majestic,5713,Weekday,False,Clear,False,0.0,False,False,0.17,Low,30.2,9.7,133.1,0.111,0.257,0.99,Normal free-flow traffic - standard signal timing maintained
EVT445291,2025-07-16 23:53:05,Trade Fair,J023,Basavanagudi,15508,Weekday,False,Heavy Rain,True,113.4,False,False,0.586,High,25.3,42.7,147.5,0.11,0.255,0.924,Heavy rain reducing visibility and grip - reduced speed and longer buffer advised
EVT445292,2025-07-31 14:55:30,Sports Fixture,J009,Majestic,36195,Weekday,False,Heavy Rain,True,88.9,False,False,0.778,Severe,17.6,58.3,149.6,0.095,0.219,0.918,Heavy rain reducing visibility and grip - reduced speed and longer buffer advised
EVT445293,2026-05-09 17:06:23,Sports Fixture,J020,Malleshwaram Circle,24270,Weekend,False,Clear,False,0.0,False,False,0.754,Severe,17.1,58.3,333.2,0.21,0.485,0.954,Heavy congestion detected - signal timing extended and reroute suggested
EVT445294,2025-01-23 20:01:19,Political Rally,J009,Majestic,20169,Weekday,False,Clear,False,0.0,False,False,0.779,Severe,12.0,57.4,375.8,0.15,0.346,0.94,Heavy congestion detected - signal timing extended and reroute suggested
EVT445295,2025-02-27 13:25:59,Sports Fixture,J012,Koramangala Sony World,17502,Weekday,False,Light Rain,True,0.5,False,False,0.31,Low,29.0,23.3,221.9,0.152,0.35,0.923,Light rain detected - minor speed reduction advised
EVT445296,2025-05-27 06:30:30,Local Market Day,J031,Cubbon Road,4776,Weekday,False,Clear,False,0.0,False,False,0.311,Low,24.8,18.8,224.5,0.147,0.34,0.972,Moderate traffic flow - standard adaptive signal timing in effect
EVT445297,2025-10-11 14:36:10,Political Rally,J011,Indiranagar 100ft Road,10816,Weekend,False,Rain,True,14.0,False,False,0.442,Moderate,22.7,34.8,161.3,0.108,0.25,0.901,Light rain detected - minor speed reduction advised
EVT445298,2026-06-15 19:12:22,Trade Fair,J031,Cubbon Road,9049,Weekday,False,Rain,True,9.2,False,False,1.0,Severe,7.9,69.6,605.8,0.202,0.467,0.85,Heavy rain reducing visibility and grip - reduced speed and longer buffer advised
EVT445299,2026-04-11 17:54:23,Sports Fixture,J009,Majestic,16393,Weekend,False,Clear,False,0.0,False,False,0.855,Severe,13.7,61.2,142.0,0.074,0.17,0.915,Heavy congestion detected - signal timing extended and reroute suggested
EVT445300,2026-02-07 14:44:58,Local Market Day,J031,Cubbon Road,2615,Weekend,False,Light Rain,True,1.7,False,False,0.293,Low,28.5,20.0,144.8,0.117,0.27,0.905,Light rain detected - minor speed reduction advised
EVT445301,2025-07-06 12:41:45,Local Market Day,J023,Basavanagudi,3069,Weekend,False,Clear,False,0.0,False,False,0.245,Low,27.9,17.4,164.4,0.146,0.336,0.952,Normal free-flow traffic - standard signal timing maintained
EVT445302,2026-01-12 18:32:32,Political Rally,J009,Majestic,19877,Weekday,False,Clear,False,0.0,False,False,1.0,Severe,9.8,67.8,819.3,0.31,0.716,0.899,Heavy congestion detected - signal timing extended and reroute suggested
EVT445303,2025-09-14 17:50:40,Trade Fair,J012,Koramangala Sony World,16838,Weekend,False,Heavy Rain,True,25.1,False,False,1.0,Severe,7.0,81.6,378.1,0.128,0.296,0.894,Heavy rain reducing visibility and grip - reduced speed and longer buffer advised
EVT445304,2025-11-10 14:17:18,Trade Fair,J011,Indiranagar 100ft Road,5024,Weekday,False,Clear,False,0.0,False,False,0.269,Low,31.4,17.3,103.4,0.084,0.193,0.961,Moderate traffic flow - standard adaptive signal timing in effect
EVT445305,2025-10-04 09:34:02,Local Market Day,J040,City Market,4011,Weekend,False,Clear,False,0.0,False,False,0.81,Severe,14.6,57.8,428.1,0.216,0.499,0.967,Heavy congestion detected - signal timing extended and reroute suggested
EVT445306,2025-01-17 10:58:15,Concert,J031,Cubbon Road,6705,Weekday,False,Clear,False,0.0,False,False,0.498,Moderate,26.7,27.7,118.9,0.091,0.209,0.972,Moderate traffic flow - standard adaptive signal timing in effect
EVT445307,2025-10-12 09:14:33,Local Market Day,J023,Basavanagudi,6059,Weekend,False,Clear,False,0.0,False,False,0.81,Severe,15.4,58.7,357.4,0.196,0.453,0.953,Heavy congestion detected - signal timing extended and reroute suggested
EVT445308,2026-05-17 13:45:01,Local Market Day,J040,City Market,2662,Weekend,False,Rain,True,9.2,False,False,0.416,Moderate,23.8,29.6,163.2,0.111,0.257,0.917,Light rain detected - minor speed reduction advised
EVT445309,2025-08-04 05:56:06,Trade Fair,J011,Indiranagar 100ft Road,10110,Weekday,False,Clear,False,0.0,False,False,0.245,Low,33.0,19.0,212.8,0.186,0.43,0.946,Normal free-flow traffic - standard signal timing maintained
EVT445310,2025-02-12 15:20:32,Trade Fair,J012,Koramangala Sony World,9800,Weekday,False,Clear,False,0.0,False,False,0.281,Low,29.0,18.5,118.1,0.115,0.265,0.954,Moderate traffic flow - standard adaptive signal timing in effect
EVT445311,2026-02-17 18:39:25,Local Market Day,J020,Malleshwaram Circle,2509,Weekday,False,Clear,False,0.0,False,False,1.0,Severe,9.4,71.1,358.0,0.142,0.327,0.924,Heavy congestion detected - signal timing extended and reroute suggested
EVT445312,2025-10-09 09:12:25,Concert,J011,Indiranagar 100ft Road,21947,Weekday,False,Clear,False,0.0,False,False,1.0,Severe,7.9,74.0,588.6,0.174,0.403,0.935,Heavy congestion detected - signal timing extended and reroute suggested
EVT445313,2025-05-22 09:18:23,Political Rally,J031,Cubbon Road,18903,Weekday,False,Rain,True,13.5,False,False,1.0,Severe,7.4,71.8,1142.2,0.339,0.782,0.875,Heavy rain reducing visibility and grip - reduced speed and longer buffer advised
EVT445314,2026-01-17 18:20:39,Political Rally,J040,City Market,15281,Weekend,False,Light Rain,True,2.5,False,False,0.913,Severe,11.4,62.4,476.0,0.237,0.549,0.898,Heavy rain reducing visibility and grip - reduced speed and longer buffer advised
EVT445315,2025-07-14 16:45:46,Concert,J023,Basavanagudi,9799,Weekday,False,Heavy Rain,True,75.1,False,False,1.0,Severe,8.3,74.1,336.7,0.123,0.284,0.861,Heavy rain reducing visibility and grip - reduced speed and longer buffer advised
EVT445316,2025-11-14 07:44:44,Local Market Day,J031,Cubbon Road,10856,Weekday,False,Clear,False,0.0,False,False,0.711,High,22.3,49.9,212.0,0.128,0.295,0.977,Moderate traffic flow - standard adaptive signal timing in effect
EVT445317,2025-12-16 07:37:47,Sports Fixture,J040,City Market,21856,Weekday,False,Clear,False,0.0,False,False,0.797,Severe,12.1,58.9,493.2,0.207,0.477,0.952,Heavy congestion detected - signal timing extended and reroute suggested
EVT445318,2025-11-04 17:26:23,Trade Fair,J040,City Market,9695,Weekday,False,Rain,True,18.6,False,False,1.0,Severe,6.5,73.7,406.2,0.127,0.294,0.842,Heavy rain reducing visibility and grip - reduced speed and longer buffer advised
EVT445319,2025-05-12 18:08:41,Local Market Day,J012,Koramangala Sony World,1927,Weekday,False,Clear,False,0.0,False,False,1.0,Severe,9.3,68.3,304.0,0.116,0.267,0.888,Heavy congestion detected - signal timing extended and reroute suggested
EVT445320,2025-07-12 13:26:04,Concert,J040,City Market,7771,Weekend,False,Clear,False,0.0,False,False,0.319,Low,32.5,21.0,84.5,0.068,0.157,0.956,Moderate traffic flow - standard adaptive signal timing in effect
EVT445321,2025-02-28 11:13:27,Sports Fixture,J023,Basavanagudi,41517,Weekday,False,Clear,False,0.0,False,False,0.669,High,19.2,49.1,206.4,0.114,0.263,0.973,Moderate traffic flow - standard adaptive signal timing in effect
EVT445322,2025-12-25 13:16:09,Cultural Procession,J011,Indiranagar 100ft Road,17387,Weekday,True,Clear,False,0.0,False,True,0.707,High,16.7,73.3,236.9,0.119,0.275,0.876,Road closure for event/procession - full detour recommended for through-traffic
EVT445323,2026-02-06 18:52:53,Sports Fixture,J031,Cubbon Road,23071,Weekday,False,Clear,False,0.0,False,False,1.0,Severe,7.4,68.4,706.4,0.198,0.458,0.908,Heavy congestion detected - signal timing extended and reroute suggested
EVT445324,2025-04-30 19:56:19,Local Market Day,J020,Malleshwaram Circle,4599,Weekday,False,Clear,False,0.0,False,False,0.771,Severe,17.3,51.6,255.3,0.141,0.325,0.92,Heavy congestion detected - signal timing extended and reroute suggested
EVT445325,2025-07-26 15:03:55,Sports Fixture,J031,Cubbon Road,33111,Weekend,False,Heavy Rain,True,57.7,False,False,0.822,Severe,15.2,64.6,509.6,0.259,0.598,0.898,Heavy rain reducing visibility and grip - reduced speed and longer buffer advised
EVT445326,2025-05-10 15:10:23,Concert,J030,MG Road,15713,Weekend,False,Clear,False,0.0,False,False,0.368,Moderate,31.8,27.6,179.7,0.158,0.365,0.953,Moderate traffic flow - standard adaptive signal timing in effect
EVT445327,2026-02-13 17:51:11,Concert,J011,Indiranagar 100ft Road,15129,Weekday,False,Clear,False,0.0,False,False,1.0,Severe,6.4,66.8,854.6,0.236,0.545,0.904,Heavy congestion detected - signal timing extended and reroute suggested
EVT445328,2026-03-18 10:50:35,Sports Fixture,J009,Majestic,19106,Weekday,False,Clear,False,0.0,False,False,0.536,Moderate,22.6,39.3,161.7,0.11,0.254,0.989,Moderate traffic flow - standard adaptive signal timing in effect
EVT445329,2026-06-08 10:45:12,Local Market Day,J040,City Market,2635,Weekday,False,Clear,False,0.0,False,False,0.589,High,18.4,41.4,451.6,0.254,0.588,0.979,Moderate traffic flow - standard adaptive signal timing in effect
EVT445330,2025-01-25 20:05:49,Trade Fair,J030,MG Road,15561,Weekend,False,Clear,False,0.0,False,False,0.569,High,24.4,38.7,231.8,0.166,0.383,0.972,Moderate traffic flow - standard adaptive signal timing in effect
EVT445331,2025-06-27 20:11:41,Local Market Day,J031,Cubbon Road,4929,Weekday,False,Rain,True,9.2,False,False,0.841,Severe,12.4,62.7,170.0,0.097,0.224,0.906,Heavy rain reducing visibility and grip - reduced speed and longer buffer advised
EVT445332,2026-05-22 02:38:26,Concert,J009,Majestic,17794,Weekday,False,Rain,True,17.2,False,False,0.386,Moderate,31.0,26.1,103.4,0.078,0.181,0.917,Light rain detected - minor speed reduction advised
EVT445333,2025-10-22 21:41:07,Religious Festival,J023,Basavanagudi,25716,Weekday,True,Clear,False,0.0,False,False,0.716,High,17.6,55.4,311.9,0.18,0.415,0.901,Festival crowd surge detected - alternate route and extended cycle recommended
EVT445334,2025-03-20 13:00:35,Concert,J030,MG Road,4823,Weekday,False,Clear,False,0.0,False,False,0.207,Low,35.0,18.9,136.1,0.1,0.231,0.965,Normal free-flow traffic - standard signal timing maintained
EVT445335,2026-06-02 16:42:14,Trade Fair,J020,Malleshwaram Circle,5706,Weekday,False,Light Rain,True,4.5,False,False,0.741,High,16.7,51.9,145.3,0.07,0.162,0.93,Heavy rain reducing visibility and grip - reduced speed and longer buffer advised
EVT445336,2026-05-22 08:01:42,Local Market Day,J009,Majestic,3289,Weekday,False,Clear,False,0.0,False,False,0.771,Severe,14.6,52.9,201.1,0.095,0.219,0.973,Heavy congestion detected - signal timing extended and reroute suggested
EVT445337,2025-02-03 12:55:42,Local Market Day,J011,Indiranagar 100ft Road,5679,Weekday,False,Clear,False,0.0,False,False,0.129,Low,29.4,8.5,138.6,0.118,0.272,0.97,Normal free-flow traffic - standard signal timing maintained
EVT445338,2026-04-11 18:38:08,Concert,J040,City Market,17215,Weekend,False,Rain,True,10.6,False,False,1.0,Severe,8.0,81.1,551.1,0.189,0.437,0.876,Heavy rain reducing visibility and grip - reduced speed and longer buffer advised
EVT445339,2025-11-25 21:01:30,Sports Fixture,J030,MG Road,26129,Weekday,False,Clear,False,0.0,False,False,0.581,High,25.3,34.7,318.6,0.241,0.558,0.947,Moderate traffic flow - standard adaptive signal timing in effect
EVT445340,2025-05-29 18:50:25,Concert,J020,Malleshwaram Circle,13583,Weekday,False,Light Rain,True,5.0,False,False,1.0,Severe,8.5,70.6,624.3,0.241,0.556,0.864,Heavy rain reducing visibility and grip - reduced speed and longer buffer advised
EVT445341,2026-03-20 13:40:04,Religious Festival,J009,Majestic,72119,Weekday,True,Clear,False,0.0,False,True,0.918,Severe,9.9,87.8,410.0,0.179,0.413,0.856,Road closure for event/procession - full detour recommended for through-traffic
EVT445342,2026-04-04 08:56:18,Sports Fixture,J030,MG Road,12135,Weekend,False,Light Rain,True,0.9,False,False,0.894,Severe,11.4,61.4,318.3,0.137,0.316,0.896,Heavy rain reducing visibility and grip - reduced speed and longer buffer advised
EVT445343,2025-11-05 20:49:18,Concert,J012,Koramangala Sony World,23618,Weekday,False,Clear,False,0.0,False,False,0.56,High,19.4,45.4,336.9,0.208,0.48,0.944,Moderate traffic flow - standard adaptive signal timing in effect
EVT445344,2026-02-26 10:41:48,Sports Fixture,J030,MG Road,23245,Weekday,False,Clear,False,0.0,False,False,0.62,High,16.6,48.3,275.1,0.144,0.333,0.957,Moderate traffic flow - standard adaptive signal timing in effect
EVT445345,2025-09-19 08:42:10,Political Rally,J012,Koramangala Sony World,14589,Weekday,False,Clear,False,0.0,False,False,1.0,Severe,9.9,69.0,610.0,0.232,0.536,0.888,Heavy congestion detected - signal timing extended and reroute suggested
EVT445346,2026-04-22 18:19:27,Trade Fair,J031,Cubbon Road,6909,Weekday,False,Clear,False,0.0,False,False,1.0,Severe,6.5,73.0,1131.0,0.299,0.691,0.912,Heavy congestion detected - signal timing extended and reroute suggested
EVT445347,2025-11-21 14:29:12,Sports Fixture,J023,Basavanagudi,20907,Weekday,False,Rain,True,7.8,False,False,0.446,Moderate,32.0,30.3,211.6,0.2,0.462,0.908,Light rain detected - minor speed reduction advised
EVT445348,2025-02-25 13:45:44,Concert,J012,Koramangala Sony World,13515,Weekday,False,Clear,False,0.0,False,False,0.25,Low,31.2,12.4,99.1,0.073,0.168,0.97,Normal free-flow traffic - standard signal timing maintained
EVT445349,2025-08-17 15:02:31,Trade Fair,J020,Malleshwaram Circle,8541,Weekend,False,Heavy Rain,True,29.6,True,False,0.943,Severe,9.4,68.0,397.7,0.141,0.327,0.717,Accident detected nearby - reroute and reduced speed advised
EVT445350,2026-06-03 16:09:27,Political Rally,J011,Indiranagar 100ft Road,8962,Weekday,False,Clear,False,0.0,False,False,0.519,Moderate,23.3,32.8,153.8,0.109,0.253,0.956,Moderate traffic flow - standard adaptive signal timing in effect
EVT445351,2025-07-31 09:12:00,Local Market Day,J040,City Market,7823,Weekday,False,Clear,False,0.0,False,False,0.998,Severe,6.4,73.4,1160.5,0.279,0.644,0.93,Heavy congestion detected - signal timing extended and reroute suggested
EVT445352,2025-06-06 16:43:39,Local Market Day,J031,Cubbon Road,6376,Weekday,False,Clear,False,0.0,False,False,0.666,High,15.1,45.0,447.6,0.216,0.499,0.96,Moderate traffic flow - standard adaptive signal timing in effect
EVT445353,2025-01-12 13:37:01,Concert,J040,City Market,12552,Weekend,False,Clear,False,0.0,False,False,0.279,Low,31.9,23.8,53.0,0.051,0.118,0.988,Moderate traffic flow - standard adaptive signal timing in effect
EVT445354,2025-06-16 06:37:22,Trade Fair,J030,MG Road,6149,Weekday,False,Clear,False,0.0,False,False,0.412,Moderate,28.0,32.4,129.9,0.099,0.229,0.941,Moderate traffic flow - standard adaptive signal timing in effect
EVT445355,2025-05-19 16:51:15,Political Rally,J030,MG Road,9342,Weekday,False,Clear,False,0.0,False,False,0.761,Severe,13.9,54.3,301.4,0.155,0.357,0.937,Heavy congestion detected - signal timing extended and reroute suggested
EVT445356,2025-10-02 17:03:50,Cultural Procession,J009,Majestic,16818,Weekday,True,Light Rain,True,2.5,False,False,1.0,Severe,7.4,73.8,523.0,0.149,0.343,0.819,Festival crowd surge detected - alternate route and extended cycle recommended
EVT445357,2026-02-10 06:39:07,Local Market Day,J020,Malleshwaram Circle,3496,Weekday,False,Clear,False,0.0,False,False,0.323,Low,33.0,26.1,77.1,0.082,0.189,0.968,Moderate traffic flow - standard adaptive signal timing in effect
EVT445358,2026-05-01 22:56:14,Religious Festival,J031,Cubbon Road,36995,Weekday,True,Heavy Rain,True,30.4,False,True,1.0,Severe,7.8,96.3,940.6,0.311,0.718,0.765,Road closure for event/procession - full detour recommended for through-traffic
EVT445359,2025-06-16 19:43:04,Local Market Day,J020,Malleshwaram Circle,2711,Weekday,False,Clear,False,0.0,False,False,0.786,Severe,13.3,56.7,380.6,0.198,0.458,0.967,Heavy congestion detected - signal timing extended and reroute suggested
EVT445360,2026-03-29 13:27:41,Local Market Day,J040,City Market,3068,Weekend,False,Clear,False,0.0,False,False,0.263,Low,26.4,22.6,249.8,0.171,0.396,0.981,Moderate traffic flow - standard adaptive signal timing in effect
EVT445361,2025-04-07 10:30:16,Cultural Procession,J040,City Market,7707,Weekday,True,Clear,False,0.0,False,True,1.0,Severe,7.4,99.9,573.6,0.195,0.45,0.839,Road closure for event/procession - full detour recommended for through-traffic
EVT445362,2026-03-07 09:53:57,Concert,J023,Basavanagudi,19366,Weekend,False,Fog,False,0.0,False,False,0.817,Severe,11.8,54.7,388.8,0.169,0.391,0.941,Heavy congestion detected - signal timing extended and reroute suggested
EVT445363,2025-05-25 05:30:44,Political Rally,J040,City Market,10882,Weekend,False,Clear,False,0.0,False,False,0.36,Moderate,30.1,27.9,172.8,0.14,0.323,0.967,Moderate traffic flow - standard adaptive signal timing in effect
EVT445364,2025-12-30 08:31:41,Trade Fair,J011,Indiranagar 100ft Road,16252,Weekday,False,Clear,False,0.0,False,False,1.0,Severe,10.2,72.0,581.5,0.227,0.525,0.93,Heavy congestion detected - signal timing extended and reroute suggested
EVT445365,2025-10-16 13:27:51,Concert,J031,Cubbon Road,15978,Weekday,False,Clear,False,0.0,False,False,0.2,Low,28.6,9.9,140.6,0.09,0.207,0.977,Normal free-flow traffic - standard signal timing maintained
EVT445366,2025-05-05 17:08:43,Political Rally,J040,City Market,26686,Weekday,False,Clear,False,0.0,False,False,0.91,Severe,11.2,65.6,656.8,0.269,0.621,0.903,Heavy congestion detected - signal timing extended and reroute suggested
EVT445367,2026-05-26 09:43:09,Trade Fair,J020,Malleshwaram Circle,9240,Weekday,False,Rain,True,23.3,False,False,1.0,Severe,10.1,71.6,504.6,0.213,0.492,0.89,Heavy rain reducing visibility and grip - reduced speed and longer buffer advised
EVT445368,2025-08-17 08:21:36,Concert,J023,Basavanagudi,6192,Weekend,False,Light Rain,True,4.5,False,False,0.834,Severe,10.9,59.7,387.2,0.166,0.384,0.921,Heavy rain reducing visibility and grip - reduced speed and longer buffer advised
EVT445369,2025-04-16 09:14:36,Concert,J030,MG Road,10675,Weekday,False,Clear,False,0.0,False,False,1.0,Severe,8.0,69.5,397.0,0.142,0.327,0.902,Heavy congestion detected - signal timing extended and reroute suggested
EVT445370,2025-09-17 19:28:21,Local Market Day,J023,Basavanagudi,4762,Weekday,False,Clear,False,0.0,False,False,0.898,Severe,10.7,61.5,221.1,0.081,0.186,0.944,Heavy congestion detected - signal timing extended and reroute suggested
EVT445371,2025-07-30 07:33:25,Sports Fixture,J040,City Market,26256,Weekday,False,Rain,True,18.1,False,False,0.925,Severe,9.3,65.0,285.9,0.122,0.281,0.894,Heavy rain reducing visibility and grip - reduced speed and longer buffer advised
EVT445372,2025-09-28 06:24:53,Sports Fixture,J030,MG Road,11498,Weekend,False,Clear,False,0.0,False,False,0.3,Low,28.5,19.4,130.3,0.101,0.234,0.96,Moderate traffic flow - standard adaptive signal timing in effect
EVT445373,2025-03-25 17:01:37,Local Market Day,J009,Majestic,7218,Weekday,False,Clear,False,0.0,False,False,0.728,High,21.2,53.7,141.2,0.111,0.257,0.964,Moderate traffic flow - standard adaptive signal timing in effect
EVT445374,2025-01-25 08:28:11,Local Market Day,J009,Majestic,5102,Weekend,False,Clear,False,0.0,False,False,0.792,Severe,16.6,59.9,370.2,0.216,0.499,0.957,Heavy congestion detected - signal timing extended and reroute suggested
EVT445375,2025-11-18 12:12:38,Concert,J030,MG Road,11281,Weekday,False,Clear,False,0.0,False,False,0.297,Low,36.4,22.2,144.3,0.142,0.328,0.973,Moderate traffic flow - standard adaptive signal timing in effect
EVT445376,2025-02-24 17:08:34,Local Market Day,J012,Koramangala Sony World,5332,Weekday,False,Fog,False,0.0,False,False,0.787,Severe,12.3,54.0,435.3,0.198,0.458,0.954,Heavy congestion detected - signal timing extended and reroute suggested
EVT445377,2025-01-30 06:44:18,Local Market Day,J009,Majestic,7200,Weekday,False,Clear,False,0.0,False,False,0.37,Moderate,25.2,18.6,278.1,0.201,0.465,0.975,Moderate traffic flow - standard adaptive signal timing in effect
EVT445378,2026-03-23 09:55:59,Political Rally,J012,Koramangala Sony World,21785,Weekday,False,Clear,False,0.0,False,False,1.0,Severe,8.1,71.4,407.7,0.127,0.293,0.915,Heavy congestion detected - signal timing extended and reroute suggested
EVT445379,2025-06-22 13:12:08,Concert,J020,Malleshwaram Circle,15418,Weekend,False,Clear,False,0.0,False,False,0.298,Low,27.5,20.5,160.1,0.125,0.289,0.986,Moderate traffic flow - standard adaptive signal timing in effect
EVT445380,2025-04-06 22:47:06,Cultural Procession,J020,Malleshwaram Circle,16161,Weekend,True,Clear,False,0.0,False,False,0.571,High,15.2,36.1,265.3,0.123,0.283,0.903,Festival crowd surge detected - alternate route and extended cycle recommended
EVT445381,2025-06-03 19:20:32,Local Market Day,J023,Basavanagudi,2884,Weekday,False,Clear,False,0.0,False,False,0.928,Severe,9.8,65.6,639.4,0.253,0.584,0.917,Heavy congestion detected - signal timing extended and reroute suggested
EVT445382,2025-03-04 11:28:52,Local Market Day,J031,Cubbon Road,6162,Weekday,False,Clear,False,0.0,False,False,0.35,Low,30.5,27.9,102.1,0.069,0.159,0.967,Moderate traffic flow - standard adaptive signal timing in effect
EVT445383,2025-06-28 19:05:49,Local Market Day,J009,Majestic,3665,Weekend,False,Heavy Rain,True,37.8,False,False,1.0,Severe,6.4,77.9,663.1,0.168,0.388,0.858,Heavy rain reducing visibility and grip - reduced speed and longer buffer advised
EVT445384,2025-07-05 14:49:12,Local Market Day,J012,Koramangala Sony World,2512,Weekend,False,Heavy Rain,True,25.4,True,False,0.944,Severe,9.8,71.0,571.5,0.227,0.525,0.719,Accident detected nearby - reroute and reduced speed advised
EVT445385,2026-05-12 16:18:55,Concert,J009,Majestic,10029,Weekday,False,Clear,False,0.0,False,False,0.553,High,26.1,48.0,86.9,0.035,0.081,0.96,Moderate traffic flow - standard adaptive signal timing in effect
EVT445386,2025-01-06 08:59:32,Concert,J030,MG Road,10419,Weekday,False,Clear,False,0.0,False,False,1.0,Severe,7.9,70.2,677.8,0.217,0.501,0.923,Heavy congestion detected - signal timing extended and reroute suggested
EVT445387,2026-06-27 12:55:26,Local Market Day,J011,Indiranagar 100ft Road,5642,Weekend,False,Clear,False,0.0,False,False,0.288,Low,29.3,25.0,171.4,0.14,0.324,0.982,Moderate traffic flow - standard adaptive signal timing in effect
EVT445388,2026-02-17 14:47:05,Sports Fixture,J011,Indiranagar 100ft Road,43083,Weekday,False,Clear,False,0.0,False,False,0.482,Moderate,21.8,40.5,162.8,0.108,0.248,0.927,Moderate traffic flow - standard adaptive signal timing in effect
EVT445389,2025-08-05 18:06:36,Concert,J031,Cubbon Road,8808,Weekday,False,Heavy Rain,True,43.6,False,False,1.0,Severe,9.7,70.6,374.3,0.149,0.344,0.855,Heavy rain reducing visibility and grip - reduced speed and longer buffer advised
EVT445390,2025-12-10 05:02:17,Concert,J011,Indiranagar 100ft Road,9076,Weekday,False,Clear,False,0.0,False,False,0.228,Low,31.7,8.8,139.5,0.134,0.308,0.981,Normal free-flow traffic - standard signal timing maintained
EVT445391,2026-01-03 10:52:55,Concert,J023,Basavanagudi,10764,Weekend,False,Clear,False,0.0,False,False,0.616,High,22.7,51.0,167.6,0.156,0.361,0.976,Moderate traffic flow - standard adaptive signal timing in effect
EVT445392,2026-02-01 08:45:50,Local Market Day,J009,Majestic,3634,Weekend,False,Clear,False,0.0,False,False,0.86,Severe,11.1,68.8,396.5,0.166,0.384,0.945,Heavy congestion detected - signal timing extended and reroute suggested
EVT445393,2025-11-18 05:13:41,Sports Fixture,J023,Basavanagudi,20253,Weekday,False,Light Rain,True,1.2,False,False,0.32,Low,27.4,19.4,157.3,0.123,0.284,0.917,Light rain detected - minor speed reduction advised
EVT445394,2025-01-29 17:17:21,Sports Fixture,J040,City Market,23024,Weekday,False,Clear,False,0.0,False,False,0.961,Severe,11.3,73.4,563.2,0.254,0.588,0.915,Heavy congestion detected - signal timing extended and reroute suggested
EVT445395,2025-08-03 13:38:40,Sports Fixture,J023,Basavanagudi,30129,Weekend,False,Rain,True,13.9,False,False,0.54,Moderate,24.7,37.9,151.0,0.098,0.227,0.932,Light rain detected - minor speed reduction advised
EVT445396,2025-04-13 10:56:04,Concert,J012,Koramangala Sony World,11883,Weekend,False,Clear,False,0.0,False,False,0.499,Moderate,21.9,33.7,185.9,0.116,0.268,0.952,Moderate traffic flow - standard adaptive signal timing in effect
EVT445397,2025-01-12 18:18:51,Local Market Day,J012,Koramangala Sony World,3120,Weekend,False,Clear,False,0.0,False,False,0.818,Severe,12.9,57.5,452.9,0.202,0.467,0.932,Heavy congestion detected - signal timing extended and reroute suggested
EVT445398,2026-06-20 18:36:00,Local Market Day,J020,Malleshwaram Circle,5658,Weekend,False,Heavy Rain,True,25.2,False,False,1.0,Severe,8.3,67.1,541.7,0.203,0.469,0.883,Heavy rain reducing visibility and grip - reduced speed and longer buffer advised
EVT445399,2025-01-15 17:46:13,Religious Festival,J031,Cubbon Road,24297,Weekday,True,Clear,False,0.0,False,False,1.0,Severe,8.3,70.3,428.1,0.152,0.352,0.848,Festival crowd surge detected - alternate route and extended cycle recommended
EVT445400,2025-09-03 11:29:23,Sports Fixture,J030,MG Road,31570,Weekday,False,Clear,False,0.0,False,False,0.443,Moderate,25.5,30.1,221.1,0.149,0.344,0.967,Moderate traffic flow - standard adaptive signal timing in effect
EVT445401,2025-12-28 13:21:17,Sports Fixture,J023,Basavanagudi,15955,Weekend,False,Clear,False,0.0,False,False,0.308,Low,28.7,15.7,165.5,0.138,0.319,0.943,Moderate traffic flow - standard adaptive signal timing in effect
EVT445402,2026-01-03 21:36:23,Concert,J012,Koramangala Sony World,15731,Weekend,False,Clear,False,0.0,False,False,0.439,Moderate,29.0,35.4,126.5,0.088,0.203,0.958,Moderate traffic flow - standard adaptive signal timing in effect
EVT445403,2025-01-24 08:46:19,Concert,J030,MG Road,6270,Weekday,False,Clear,False,0.0,False,False,1.0,Severe,6.9,70.7,579.5,0.174,0.402,0.921,Heavy congestion detected - signal timing extended and reroute suggested
EVT445404,2025-09-22 10:26:06,Trade Fair,J012,Koramangala Sony World,9549,Weekday,False,Clear,False,0.0,False,False,0.587,High,28.3,39.9,219.8,0.175,0.404,0.99,Moderate traffic flow - standard adaptive signal timing in effect
EVT445405,2026-01-20 14:21:26,Sports Fixture,J012,Koramangala Sony World,22057,Weekday,False,Clear,False,0.0,False,False,0.207,Low,34.3,14.0,114.0,0.103,0.237,0.99,Normal free-flow traffic - standard signal timing maintained
EVT445406,2026-04-27 14:40:57,Sports Fixture,J040,City Market,11810,Weekday,False,Clear,False,0.0,False,False,0.288,Low,36.1,25.2,196.6,0.196,0.452,0.966,Moderate traffic flow - standard adaptive signal timing in effect
EVT445407,2026-06-03 14:24:33,Trade Fair,J020,Malleshwaram Circle,17631,Weekday,False,Clear,False,0.0,False,False,0.315,Low,39.9,25.2,157.1,0.149,0.343,0.944,Moderate traffic flow - standard adaptive signal timing in effect
EVT445408,2026-02-13 19:33:29,Trade Fair,J031,Cubbon Road,8300,Weekday,False,Clear,False,0.0,False,False,0.845,Severe,18.7,59.4,237.2,0.164,0.379,0.941,Heavy congestion detected - signal timing extended and reroute suggested
EVT445409,2025-09-06 16:36:34,Religious Festival,J011,Indiranagar 100ft Road,30925,Weekend,True,Clear,False,0.0,False,False,0.965,Severe,10.2,65.9,252.3,0.097,0.225,0.854,Festival crowd surge detected - alternate route and extended cycle recommended
EVT445410,2025-07-17 07:56:20,Local Market Day,J011,Indiranagar 100ft Road,2421,Weekday,False,Rain,True,19.9,False,False,0.953,Severe,8.8,65.6,444.2,0.149,0.345,0.878,Heavy rain reducing visibility and grip - reduced speed and longer buffer advised
EVT445411,2025-08-11 15:57:04,Political Rally,J040,City Market,12474,Weekday,False,Clear,False,0.0,False,False,0.579,High,22.4,37.7,310.7,0.227,0.524,0.961,Moderate traffic flow - standard adaptive signal timing in effect
EVT445412,2025-10-02 22:57:45,Religious Festival,J030,MG Road,55737,Weekday,True,Heavy Rain,True,27.0,False,True,1.0,Severe,10.9,99.3,384.4,0.162,0.373,0.809,Road closure for event/procession - full detour recommended for through-traffic
EVT445413,2025-11-05 18:47:29,Concert,J020,Malleshwaram Circle,6546,Weekday,False,Clear,False,0.0,False,False,0.99,Severe,6.7,71.0,432.1,0.142,0.329,0.924,Heavy congestion detected - signal timing extended and reroute suggested
EVT445414,2025-12-11 11:33:24,Political Rally,J040,City Market,19671,Weekday,False,Clear,False,0.0,False,False,0.399,Moderate,27.2,25.8,99.3,0.081,0.187,0.97,Moderate traffic flow - standard adaptive signal timing in effect
EVT445415,2026-01-30 09:40:59,Political Rally,J023,Basavanagudi,15570,Weekday,False,Fog,False,0.0,False,False,0.932,Severe,11.1,67.7,216.9,0.112,0.258,0.917,Heavy congestion detected - signal timing extended and reroute suggested
EVT445416,2025-02-09 13:55:48,Concert,J009,Majestic,8652,Weekend,False,Clear,False,0.0,False,False,0.208,Low,24.9,10.7,214.2,0.156,0.361,0.956,Normal free-flow traffic - standard signal timing maintained
EVT445417,2025-07-11 20:25:17,Local Market Day,J009,Majestic,5326,Weekday,False,Heavy Rain,True,29.3,False,False,0.924,Severe,12.8,66.8,375.3,0.189,0.438,0.878,Heavy rain reducing visibility and grip - reduced speed and longer buffer advised
EVT445418,2025-04-20 21:14:46,Trade Fair,J030,MG Road,7704,Weekend,False,Clear,False,0.0,False,False,0.386,Moderate,30.1,28.9,195.7,0.145,0.336,0.964,Moderate traffic flow - standard adaptive signal timing in effect
EVT445419,2026-02-01 16:54:11,Concert,J030,MG Road,8379,Weekend,False,Clear,False,0.0,False,False,0.642,High,18.2,45.1,254.3,0.156,0.36,0.959,Moderate traffic flow - standard adaptive signal timing in effect
EVT445420,2025-09-09 16:02:26,Local Market Day,J023,Basavanagudi,4181,Weekday,False,Heavy Rain,True,44.0,False,False,0.79,Severe,11.2,55.9,616.4,0.24,0.553,0.924,Heavy rain reducing visibility and grip - reduced speed and longer buffer advised
EVT445421,2026-01-31 08:29:11,Local Market Day,J012,Koramangala Sony World,2617,Weekend,False,Clear,False,0.0,False,False,0.861,Severe,16.5,60.5,204.9,0.142,0.329,0.937,Heavy congestion detected - signal timing extended and reroute suggested
EVT445422,2026-02-04 18:25:10,Sports Fixture,J030,MG Road,13415,Weekday,False,Clear,False,0.0,False,False,1.0,Severe,7.4,71.2,802.6,0.249,0.574,0.904,Heavy congestion detected - signal timing extended and reroute suggested
EVT445423,2025-12-04 13:50:10,Local Market Day,J040,City Market,4772,Weekday,False,Clear,False,0.0,False,False,0.096,Low,42.5,10.2,89.2,0.088,0.204,0.974,Normal free-flow traffic - standard signal timing maintained
EVT445424,2025-11-18 08:16:27,Sports Fixture,J040,City Market,23210,Weekday,False,Clear,False,0.0,False,False,0.924,Severe,12.7,64.2,406.7,0.179,0.414,0.938,Heavy congestion detected - signal timing extended and reroute suggested
EVT445425,2026-05-28 13:50:17,Sports Fixture,J031,Cubbon Road,14291,Weekday,False,Clear,False,0.0,False,False,0.227,Low,40.0,24.6,122.6,0.137,0.317,0.946,Normal free-flow traffic - standard signal timing maintained
EVT445426,2025-05-17 02:14:59,Sports Fixture,J012,Koramangala Sony World,22377,Weekend,False,Light Rain,True,7.1,False,False,0.543,Moderate,18.2,42.5,322.7,0.184,0.425,0.937,Light rain detected - minor speed reduction advised
EVT445427,2025-06-06 11:16:47,Sports Fixture,J040,City Market,18745,Weekday,False,Heavy Rain,True,56.3,False,False,0.813,Severe,17.9,63.1,182.0,0.117,0.271,0.886,Heavy rain reducing visibility and grip - reduced speed and longer buffer advised
EVT445428,2026-03-24 05:39:17,Local Market Day,J030,MG Road,7585,Weekday,False,Clear,False,0.0,False,False,0.179,Low,25.8,9.7,195.2,0.105,0.241,0.961,Normal free-flow traffic - standard signal timing maintained
EVT445429,2025-05-30 17:34:52,Local Market Day,J012,Koramangala Sony World,4938,Weekday,False,Light Rain,True,3.7,False,False,0.972,Severe,7.5,64.4,448.7,0.147,0.339,0.859,Heavy rain reducing visibility and grip - reduced speed and longer buffer advised
EVT445430,2026-04-11 16:06:40,Sports Fixture,J011,Indiranagar 100ft Road,14600,Weekend,False,Clear,False,0.0,False,False,0.556,High,24.1,38.9,285.1,0.213,0.493,0.95,Moderate traffic flow - standard adaptive signal timing in effect
EVT445431,2025-01-16 19:12:23,Sports Fixture,J009,Majestic,8954,Weekday,False,Clear,False,0.0,False,False,1.0,Severe,9.1,75.0,538.3,0.206,0.476,0.936,Heavy congestion detected - signal timing extended and reroute suggested
EVT445432,2026-01-30 01:56:38,Trade Fair,J030,MG Road,15729,Weekday,False,Clear,False,0.0,False,False,0.211,Low,34.7,20.6,121.0,0.102,0.236,0.965,Normal free-flow traffic - standard signal timing maintained
EVT445433,2025-05-13 13:43:08,Concert,J040,City Market,8188,Weekday,False,Clear,False,0.0,False,False,0.229,Low,34.8,16.0,121.0,0.11,0.254,0.955,Normal free-flow traffic - standard signal timing maintained
EVT445434,2025-06-03 07:21:53,Sports Fixture,J023,Basavanagudi,25758,Weekday,False,Clear,False,0.0,False,False,0.658,High,22.2,44.7,207.5,0.154,0.355,0.949,Moderate traffic flow - standard adaptive signal timing in effect
EVT445435,2026-06-17 17:41:56,Trade Fair,J009,Majestic,12353,Weekday,False,Heavy Rain,True,39.0,False,False,1.0,Severe,7.0,71.1,538.7,0.157,0.363,0.839,Heavy rain reducing visibility and grip - reduced speed and longer buffer advised
EVT445436,2025-04-01 16:24:54,Political Rally,J031,Cubbon Road,10555,Weekday,False,Clear,False,0.0,False,False,0.523,Moderate,20.6,39.6,289.9,0.188,0.433,0.99,Moderate traffic flow - standard adaptive signal timing in effect
EVT445437,2025-09-24 18:32:11,Trade Fair,J020,Malleshwaram Circle,7699,Weekday,False,Clear,False,0.0,False,False,0.997,Severe,8.4,68.5,546.6,0.187,0.432,0.903,Heavy congestion detected - signal timing extended and reroute suggested
EVT445438,2025-03-18 18:23:04,Local Market Day,J030,MG Road,1776,Weekday,False,Clear,False,0.0,False,False,1.0,Severe,7.9,73.1,272.8,0.101,0.234,0.903,Heavy congestion detected - signal timing extended and reroute suggested
EVT445439,2025-05-15 10:45:48,Political Rally,J030,MG Road,21570,Weekday,False,Rain,True,20.7,False,False,0.832,Severe,11.0,56.6,174.4,0.093,0.215,0.88,Heavy rain reducing visibility and grip - reduced speed and longer buffer advised
EVT445440,2025-06-29 23:46:21,Local Market Day,J012,Koramangala Sony World,4152,Weekend,False,Clear,False,0.0,False,False,0.306,Low,27.2,20.8,248.5,0.188,0.435,0.949,Moderate traffic flow - standard adaptive signal timing in effect
EVT445441,2025-11-22 16:11:17,Sports Fixture,J012,Koramangala Sony World,13913,Weekend,False,Fog,False,0.0,False,False,0.55,Moderate,23.9,46.1,228.4,0.155,0.359,0.989,Moderate traffic flow - standard adaptive signal timing in effect
EVT445442,2026-03-05 23:35:01,Fireworks Display,J012,Koramangala Sony World,18003,Weekday,True,Clear,False,0.0,False,False,0.518,Moderate,22.1,45.0,258.0,0.165,0.38,0.92,Festival crowd surge detected - alternate route and extended cycle recommended
EVT445443,2025-12-09 22:28:32,Trade Fair,J030,MG Road,9107,Weekday,False,Clear,False,0.0,False,False,0.28,Low,33.2,23.5,74.9,0.041,0.094,0.943,Moderate traffic flow - standard adaptive signal timing in effect
EVT445444,2025-03-13 18:47:47,Local Market Day,J031,Cubbon Road,2410,Weekday,False,Clear,False,0.0,False,False,1.0,Severe,10.0,72.3,177.6,0.085,0.196,0.899,Heavy congestion detected - signal timing extended and reroute suggested
EVT445445,2026-05-17 16:18:09,Local Market Day,J030,MG Road,3831,Weekend,False,Clear,False,0.0,False,False,0.557,High,23.2,34.1,158.1,0.115,0.265,0.955,Moderate traffic flow - standard adaptive signal timing in effect
EVT445446,2025-10-31 17:19:34,Sports Fixture,J023,Basavanagudi,14584,Weekday,False,Light Rain,True,2.9,False,False,0.959,Severe,7.9,65.7,965.7,0.321,0.742,0.873,Heavy rain reducing visibility and grip - reduced speed and longer buffer advised
EVT445447,2025-05-06 21:13:14,Sports Fixture,J009,Majestic,23470,Weekday,False,Rain,True,13.8,False,False,0.587,High,20.6,45.0,217.7,0.164,0.379,0.918,Heavy rain reducing visibility and grip - reduced speed and longer buffer advised
EVT445448,2025-12-29 08:28:34,Sports Fixture,J031,Cubbon Road,26653,Weekday,False,Clear,False,0.0,False,False,1.0,Severe,9.6,67.8,638.9,0.22,0.508,0.918,Heavy congestion detected - signal timing extended and reroute suggested
EVT445449,2025-11-24 16:10:57,Local Market Day,J009,Majestic,5500,Weekday,False,Clear,False,0.0,False,False,0.437,Moderate,26.3,34.5,209.5,0.15,0.347,0.953,Moderate traffic flow - standard adaptive signal timing in effect
EVT445450,2026-06-16 15:44:34,Local Market Day,J031,Cubbon Road,2904,Weekday,False,Heavy Rain,True,60.3,False,False,0.708,High,17.5,52.0,133.9,0.077,0.178,0.933,Heavy rain reducing visibility and grip - reduced speed and longer buffer advised
EVT445451,2025-07-13 17:16:50,Trade Fair,J009,Majestic,11188,Weekend,False,Clear,False,0.0,False,False,0.731,High,16.5,51.7,421.4,0.24,0.553,0.949,Moderate traffic flow - standard adaptive signal timing in effect
EVT445452,2025-08-28 20:45:51,Religious Festival,J040,City Market,43633,Weekday,True,Clear,False,0.0,False,False,0.982,Severe,7.9,69.6,448.4,0.144,0.332,0.861,Festival crowd surge detected - alternate route and extended cycle recommended
EVT445453,2026-03-27 15:20:29,Cultural Procession,J031,Cubbon Road,9452,Weekday,True,Clear,False,0.0,False,False,0.52,Moderate,26.1,36.1,256.0,0.201,0.464,0.933,Festival crowd surge detected - alternate route and extended cycle recommended
EVT445454,2026-04-02 15:49:43,Local Market Day,J009,Majestic,2945,Weekday,False,Clear,False,0.0,False,False,0.394,Moderate,27.2,24.7,117.8,0.078,0.181,0.955,Moderate traffic flow - standard adaptive signal timing in effect
EVT445455,2026-03-28 19:59:39,Trade Fair,J009,Majestic,10439,Weekend,False,Clear,False,0.0,False,False,0.728,High,16.7,55.6,291.4,0.168,0.388,0.938,Moderate traffic flow - standard adaptive signal timing in effect
EVT445456,2025-09-27 06:59:01,Local Market Day,J012,Koramangala Sony World,4759,Weekend,False,Rain,True,8.1,False,False,0.636,High,19.5,42.0,266.7,0.179,0.413,0.916,Heavy rain reducing visibility and grip - reduced speed and longer buffer advised
EVT445457,2026-01-19 20:47:59,Local Market Day,J020,Malleshwaram Circle,5087,Weekday,False,Clear,False,0.0,False,False,0.482,Moderate,26.3,28.5,131.0,0.096,0.223,0.955,Moderate traffic flow - standard adaptive signal timing in effect
EVT445458,2025-12-16 16:05:37,Sports Fixture,J011,Indiranagar 100ft Road,19280,Weekday,False,Clear,False,0.0,False,False,0.502,Moderate,23.9,36.1,139.3,0.099,0.229,0.97,Moderate traffic flow - standard adaptive signal timing in effect
EVT445459,2025-01-22 06:07:33,Sports Fixture,J012,Koramangala Sony World,17397,Weekday,False,Clear,False,0.0,False,False,0.288,Low,20.9,22.1,231.7,0.141,0.327,0.982,Moderate traffic flow - standard adaptive signal timing in effect
EVT445460,2025-01-26 09:18:31,Fireworks Display,J020,Malleshwaram Circle,14148,Weekend,True,Clear,False,0.0,False,False,1.0,Severe,7.7,74.2,714.0,0.233,0.539,0.895,Festival crowd surge detected - alternate route and extended cycle recommended
EVT445461,2025-07-11 10:19:37,Sports Fixture,J009,Majestic,12948,Weekday,False,Light Rain,True,5.0,False,False,0.809,Severe,16.7,60.9,338.7,0.205,0.473,0.912,Heavy rain reducing visibility and grip - reduced speed and longer buffer advised
EVT445462,2026-02-09 17:56:18,Sports Fixture,J012,Koramangala Sony World,36738,Weekday,False,Clear,False,0.0,False,False,1.0,Severe,7.0,64.2,754.7,0.205,0.475,0.934,Heavy congestion detected - signal timing extended and reroute suggested
EVT445463,2025-12-15 03:57:10,Sports Fixture,J020,Malleshwaram Circle,17437,Weekday,False,Clear,False,0.0,True,False,0.716,High,13.7,50.2,386.5,0.171,0.395,0.769,Accident detected nearby - reroute and reduced speed advised
EVT445464,2025-04-29 07:57:21,Concert,J040,City Market,11776,Weekday,False,Clear,False,0.0,False,False,0.805,Severe,13.5,54.6,430.5,0.199,0.46,0.962,Heavy congestion detected - signal timing extended and reroute suggested
EVT445465,2025-12-13 10:56:54,Local Market Day,J012,Koramangala Sony World,4913,Weekend,False,Clear,False,0.0,False,False,0.488,Moderate,20.4,35.3,230.5,0.167,0.386,0.958,Moderate traffic flow - standard adaptive signal timing in effect
EVT445466,2025-02-08 14:35:23,Local Market Day,J023,Basavanagudi,6253,Weekend,False,Clear,False,0.0,False,False,0.309,Low,36.6,25.2,132.4,0.129,0.297,0.954,Moderate traffic flow - standard adaptive signal timing in effect
EVT445467,2026-03-23 20:43:32,Concert,J012,Koramangala Sony World,16300,Weekday,False,Clear,False,0.0,False,False,0.619,High,24.6,46.0,208.8,0.152,0.351,0.978,Moderate traffic flow - standard adaptive signal timing in effect
EVT445468,2026-03-25 09:37:34,Local Market Day,J011,Indiranagar 100ft Road,4683,Weekday,False,Clear,False,0.0,False,False,0.94,Severe,9.9,70.5,525.6,0.208,0.48,0.912,Heavy congestion detected - signal timing extended and reroute suggested
EVT445469,2025-08-11 04:43:45,Concert,J031,Cubbon Road,8452,Weekday,False,Heavy Rain,True,65.9,False,False,0.569,High,16.2,41.8,357.8,0.196,0.453,0.93,Heavy rain reducing visibility and grip - reduced speed and longer buffer advised
EVT445470,2026-03-23 09:36:19,Trade Fair,J030,MG Road,10002,Weekday,False,Clear,False,0.0,False,False,0.961,Severe,11.3,68.7,475.8,0.225,0.519,0.915,Heavy congestion detected - signal timing extended and reroute suggested
EVT445471,2025-08-31 10:38:17,Local Market Day,J011,Indiranagar 100ft Road,5170,Weekend,False,Clear,False,0.0,False,False,0.561,High,22.5,40.4,135.2,0.08,0.185,0.962,Moderate traffic flow - standard adaptive signal timing in effect
EVT445472,2025-09-11 07:28:14,Trade Fair,J040,City Market,6665,Weekday,False,Clear,False,0.0,False,False,0.612,High,18.7,42.7,276.4,0.17,0.392,0.975,Moderate traffic flow - standard adaptive signal timing in effect
EVT445473,2025-02-20 10:44:27,Trade Fair,J009,Majestic,12830,Weekday,False,Clear,False,0.0,False,False,0.535,Moderate,22.4,42.6,161.6,0.132,0.305,0.99,Moderate traffic flow - standard adaptive signal timing in effect
EVT445474,2025-08-28 19:09:40,Religious Festival,J020,Malleshwaram Circle,74296,Weekday,True,Clear,False,0.0,True,False,1.0,Severe,10.0,63.6,157.0,0.074,0.171,0.684,Accident detected nearby - reroute and reduced speed advised
EVT445475,2025-11-17 14:04:56,Trade Fair,J020,Malleshwaram Circle,8739,Weekday,False,Clear,False,0.0,False,False,0.259,Low,29.0,19.0,91.7,0.052,0.12,0.957,Moderate traffic flow - standard adaptive signal timing in effect
EVT445476,2025-05-26 18:27:19,Local Market Day,J023,Basavanagudi,5493,Weekday,False,Clear,False,0.0,False,False,1.0,Severe,9.0,67.3,523.3,0.207,0.478,0.898,Heavy congestion detected - signal timing extended and reroute suggested
EVT445477,2025-12-23 10:55:00,Concert,J030,MG Road,8421,Weekday,False,Clear,False,0.0,False,False,0.521,Moderate,19.5,36.6,306.9,0.187,0.433,0.962,Moderate traffic flow - standard adaptive signal timing in effect
EVT445478,2026-05-09 12:11:16,Political Rally,J030,MG Road,26975,Weekend,False,Clear,False,0.0,False,False,0.419,Moderate,25.7,27.3,111.2,0.064,0.147,0.949,Moderate traffic flow - standard adaptive signal timing in effect
EVT445479,2025-01-28 09:13:13,Trade Fair,J023,Basavanagudi,10298,Weekday,False,Clear,False,0.0,False,False,1.0,Severe,8.0,68.7,841.5,0.26,0.6,0.923,Heavy congestion detected - signal timing extended and reroute suggested
EVT445480,2026-05-26 08:18:42,Trade Fair,J040,City Market,8101,Weekday,False,Clear,False,0.0,False,False,0.866,Severe,13.6,64.4,351.4,0.186,0.429,0.959,Heavy congestion detected - signal timing extended and reroute suggested
EVT445481,2025-10-06 06:21:17,Sports Fixture,J040,City Market,24642,Weekday,False,Clear,False,0.0,False,False,0.374,Moderate,29.1,29.9,104.7,0.094,0.218,0.961,Moderate traffic flow - standard adaptive signal timing in effect
EVT445482,2025-06-11 19:06:11,Local Market Day,J040,City Market,3486,Weekday,False,Clear,False,0.0,False,False,0.931,Severe,12.7,71.4,555.8,0.267,0.616,0.917,Heavy congestion detected - signal timing extended and reroute suggested
EVT445483,2026-03-07 08:19:38,Political Rally,J012,Koramangala Sony World,17242,Weekend,False,Clear,False,0.0,False,False,0.867,Severe,10.4,67.1,287.6,0.112,0.26,0.954,Heavy congestion detected - signal timing extended and reroute suggested
EVT445484,2025-06-15 16:21:18,Local Market Day,J023,Basavanagudi,4052,Weekend,False,Heavy Rain,True,38.2,False,False,0.838,Severe,13.6,63.1,227.0,0.118,0.272,0.904,Heavy rain reducing visibility and grip - reduced speed and longer buffer advised
EVT445485,2025-10-22 06:29:15,Cultural Procession,J011,Indiranagar 100ft Road,21395,Weekday,True,Clear,False,0.0,False,True,0.776,High,15.6,70.1,292.3,0.176,0.407,0.878,Road closure for event/procession - full detour recommended for through-traffic
EVT445486,2025-05-13 20:43:24,Sports Fixture,J020,Malleshwaram Circle,19675,Weekday,False,Rain,True,21.4,False,False,0.832,Severe,16.9,55.8,147.2,0.103,0.238,0.899,Heavy rain reducing visibility and grip - reduced speed and longer buffer advised
EVT445487,2025-03-23 15:23:28,Local Market Day,J040,City Market,2977,Weekend,False,Fog,False,0.0,False,False,0.362,Moderate,28.3,24.3,134.7,0.099,0.229,0.965,Moderate traffic flow - standard adaptive signal timing in effect
EVT445488,2025-08-02 15:52:23,Sports Fixture,J012,Koramangala Sony World,41692,Weekend,False,Clear,False,0.0,False,False,0.679,High,18.9,48.9,178.0,0.137,0.316,0.966,Moderate traffic flow - standard adaptive signal timing in effect
EVT445489,2025-05-29 07:07:14,Local Market Day,J030,MG Road,3320,Weekday,False,Clear,False,0.0,False,False,0.346,Low,33.6,27.8,62.7,0.049,0.113,0.966,Moderate traffic flow - standard adaptive signal timing in effect
EVT445490,2025-02-02 18:21:24,Trade Fair,J030,MG Road,15123,Weekend,False,Clear,False,0.0,False,False,1.0,Severe,9.4,69.3,399.1,0.163,0.378,0.932,Heavy congestion detected - signal timing extended and reroute suggested
EVT445491,2025-05-24 10:16:29,Local Market Day,J023,Basavanagudi,3630,Weekend,False,Clear,False,0.0,False,False,0.717,High,18.9,46.6,338.4,0.211,0.488,0.98,Moderate traffic flow - standard adaptive signal timing in effect
EVT445492,2025-08-25 11:24:31,Concert,J020,Malleshwaram Circle,9118,Weekday,False,Clear,False,0.0,False,False,0.326,Low,23.8,25.1,215.7,0.145,0.334,0.977,Moderate traffic flow - standard adaptive signal timing in effect
EVT445493,2025-11-21 08:22:15,Sports Fixture,J030,MG Road,13896,Weekday,False,Clear,False,0.0,False,False,0.932,Severe,11.6,64.5,324.5,0.147,0.34,0.941,Heavy congestion detected - signal timing extended and reroute suggested
EVT445494,2025-03-07 16:46:09,Local Market Day,J030,MG Road,4100,Weekday,False,Fog,False,0.0,False,False,0.651,High,22.5,41.4,126.2,0.09,0.208,0.974,Moderate traffic flow - standard adaptive signal timing in effect
EVT445495,2025-10-31 07:13:22,Local Market Day,J011,Indiranagar 100ft Road,3115,Weekday,False,Rain,True,17.5,False,False,0.758,Severe,16.7,49.4,175.8,0.1,0.23,0.926,Heavy rain reducing visibility and grip - reduced speed and longer buffer advised
EVT445496,2025-08-01 08:17:22,Sports Fixture,J020,Malleshwaram Circle,9337,Weekday,False,Heavy Rain,True,32.6,True,False,1.0,Severe,9.5,69.2,374.7,0.17,0.393,0.683,Accident detected nearby - reroute and reduced speed advised
EVT445497,2026-02-27 19:57:19,Local Market Day,J011,Indiranagar 100ft Road,4576,Weekday,False,Fog,False,0.0,False,False,0.797,Severe,15.5,63.7,409.9,0.225,0.521,0.983,Heavy congestion detected - signal timing extended and reroute suggested
EVT445498,2025-06-23 15:43:13,Trade Fair,J012,Koramangala Sony World,11446,Weekday,False,Clear,False,0.0,False,False,0.483,Moderate,21.0,38.1,241.6,0.147,0.339,0.963,Moderate traffic flow - standard adaptive signal timing in effect
EVT445499,2025-06-02 08:44:52,Concert,J030,MG Road,14513,Weekday,False,Heavy Rain,True,32.4,False,False,1.0,Severe,7.0,65.0,944.6,0.266,0.615,0.862,Heavy rain reducing visibility and grip - reduced speed and longer buffer advised
EVT445500,2026-04-13 14:16:26,Concert,J030,MG Road,17991,Weekday,False,Clear,False,0.0,False,False,0.263,Low,32.7,21.9,184.9,0.141,0.326,0.987,Moderate traffic flow - standard adaptive signal timing in effect
EVT445501,2025-07-06 22:04:05,Local Market Day,J030,MG Road,5944,Weekend,False,Rain,True,21.5,False,False,0.513,Moderate,26.4,40.7,190.2,0.161,0.371,0.895,Light rain detected - minor speed reduction advised
EVT445502,2025-11-08 08:56:36,Concert,J009,Majestic,9536,Weekend,False,Fog,False,0.0,False,False,0.896,Severe,8.7,62.4,278.8,0.106,0.245,0.889,Heavy congestion detected - signal timing extended and reroute suggested
EVT445503,2026-05-09 20:07:16,Political Rally,J031,Cubbon Road,19878,Weekend,False,Clear,False,0.0,False,False,0.678,High,16.4,49.0,286.0,0.139,0.321,0.951,Moderate traffic flow - standard adaptive signal timing in effect
EVT445504,2026-02-03 17:24:31,Concert,J009,Majestic,17721,Weekday,False,Fog,False,0.0,False,False,0.993,Severe,9.4,72.6,370.7,0.142,0.328,0.901,Heavy congestion detected - signal timing extended and reroute suggested
EVT445505,2025-04-05 00:49:50,Concert,J023,Basavanagudi,10154,Weekend,False,Clear,False,0.0,False,False,0.359,Moderate,27.9,22.7,209.7,0.16,0.37,0.946,Moderate traffic flow - standard adaptive signal timing in effect
EVT445506,2026-06-29 17:02:33,Political Rally,J012,Koramangala Sony World,15081,Weekday,False,Clear,False,0.0,False,False,0.83,Severe,10.0,63.5,507.3,0.192,0.444,0.947,Heavy congestion detected - signal timing extended and reroute suggested
EVT445507,2025-04-02 15:39:16,Trade Fair,J031,Cubbon Road,5871,Weekday,False,Clear,False,0.0,True,False,0.71,High,14.3,50.7,305.4,0.161,0.372,0.801,Accident detected nearby - reroute and reduced speed advised
EVT445508,2026-06-26 14:45:22,Local Market Day,J012,Koramangala Sony World,5393,Weekday,False,Heavy Rain,True,36.1,False,False,0.611,High,22.3,45.1,227.9,0.16,0.37,0.904,Heavy rain reducing visibility and grip - reduced speed and longer buffer advised
EVT445509,2025-06-15 14:18:50,Political Rally,J020,Malleshwaram Circle,25741,Weekend,False,Heavy Rain,True,45.6,False,False,0.781,Severe,14.0,54.9,396.4,0.201,0.465,0.901,Heavy rain reducing visibility and grip - reduced speed and longer buffer advised
EVT445510,2026-01-21 19:20:52,Local Market Day,J011,Indiranagar 100ft Road,4976,Weekday,False,Clear,False,0.0,False,False,0.973,Severe,9.1,70.3,499.4,0.18,0.416,0.924,Heavy congestion detected - signal timing extended and reroute suggested
EVT445511,2026-03-28 18:55:21,Local Market Day,J030,MG Road,8553,Weekend,False,Clear,False,0.0,False,False,0.813,Severe,13.1,51.7,241.1,0.105,0.243,0.947,Heavy congestion detected - signal timing extended and reroute suggested
EVT445512,2025-04-11 11:31:18,Political Rally,J023,Basavanagudi,12685,Weekday,False,Clear,False,0.0,False,False,0.303,Low,28.8,21.1,135.4,0.102,0.236,0.965,Moderate traffic flow - standard adaptive signal timing in effect
EVT445513,2025-05-26 19:01:23,Concert,J030,MG Road,10510,Weekday,False,Clear,False,0.0,False,False,0.942,Severe,10.9,67.3,459.3,0.191,0.442,0.929,Heavy congestion detected - signal timing extended and reroute suggested
EVT445514,2025-10-24 09:43:44,Local Market Day,J012,Koramangala Sony World,3708,Weekday,False,Clear,False,0.0,False,False,0.858,Severe,12.3,66.0,391.8,0.177,0.408,0.96,Heavy congestion detected - signal timing extended and reroute suggested
EVT445515,2025-06-07 08:04:02,Political Rally,J031,Cubbon Road,14070,Weekend,False,Clear,False,0.0,False,False,0.796,Severe,12.7,54.1,138.1,0.077,0.179,0.952,Heavy congestion detected - signal timing extended and reroute suggested
EVT445516,2026-01-02 11:12:32,Cultural Procession,J012,Koramangala Sony World,15681,Weekday,True,Clear,False,0.0,False,True,0.799,High,14.2,74.3,325.6,0.17,0.394,0.868,Road closure for event/procession - full detour recommended for through-traffic
EVT445517,2025-12-13 18:14:49,Local Market Day,J020,Malleshwaram Circle,4877,Weekend,False,Clear,False,0.0,False,False,0.933,Severe,6.6,64.6,593.8,0.155,0.359,0.906,Heavy congestion detected - signal timing extended and reroute suggested
EVT445518,2025-05-09 08:55:21,Political Rally,J011,Indiranagar 100ft Road,13585,Weekday,False,Rain,True,9.7,False,False,1.0,Severe,9.2,70.3,192.5,0.093,0.215,0.882,Heavy rain reducing visibility and grip - reduced speed and longer buffer advised
EVT445519,2026-02-14 07:32:22,Trade Fair,J020,Malleshwaram Circle,6988,Weekend,False,Clear,False,0.0,False,False,0.526,Moderate,27.2,44.9,247.3,0.201,0.464,0.969,Moderate traffic flow - standard adaptive signal timing in effect
EVT445520,2025-01-07 09:44:14,Sports Fixture,J020,Malleshwaram Circle,12061,Weekday,False,Clear,False,0.0,False,False,0.993,Severe,8.1,61.7,556.2,0.18,0.415,0.917,Heavy congestion detected - signal timing extended and reroute suggested
EVT445521,2026-01-13 09:31:56,Trade Fair,J031,Cubbon Road,7942,Weekday,False,Clear,False,0.0,False,False,0.97,Severe,8.8,65.1,194.3,0.084,0.195,0.915,Heavy congestion detected - signal timing extended and reroute suggested
EVT445522,2025-01-17 07:54:46,Local Market Day,J012,Koramangala Sony World,4258,Weekday,False,Clear,False,0.0,False,False,0.809,Severe,14.0,58.1,299.2,0.154,0.355,0.948,Heavy congestion detected - signal timing extended and reroute suggested
EVT445523,2026-04-06 18:17:32,Local Market Day,J023,Basavanagudi,3960,Weekday,False,Clear,False,0.0,False,False,0.969,Severe,12.2,69.5,544.9,0.255,0.589,0.922,Heavy congestion detected - signal timing extended and reroute suggested
EVT445524,2025-09-19 12:23:44,Sports Fixture,J031,Cubbon Road,18899,Weekday,False,Clear,False,0.0,False,False,0.307,Low,29.4,23.2,112.4,0.067,0.155,0.952,Moderate traffic flow - standard adaptive signal timing in effect
EVT445525,2025-01-15 06:41:09,Fireworks Display,J023,Basavanagudi,24807,Weekday,True,Clear,False,0.0,False,False,0.638,High,22.1,49.6,219.5,0.152,0.351,0.9,Festival crowd surge detected - alternate route and extended cycle recommended
EVT445526,2025-05-10 08:44:25,Trade Fair,J020,Malleshwaram Circle,8473,Weekend,False,Clear,False,0.0,False,False,0.943,Severe,9.9,68.2,564.2,0.234,0.542,0.908,Heavy congestion detected - signal timing extended and reroute suggested
EVT445527,2025-01-21 19:20:16,Concert,J031,Cubbon Road,14248,Weekday,False,Clear,False,0.0,False,False,0.988,Severe,9.3,74.6,612.1,0.235,0.543,0.882,Heavy congestion detected - signal timing extended and reroute suggested
EVT445528,2025-12-16 17:22:18,Sports Fixture,J030,MG Road,14568,Weekday,False,Clear,False,0.0,False,False,0.859,Severe,14.2,63.1,285.5,0.161,0.373,0.937,Heavy congestion detected - signal timing extended and reroute suggested
EVT445529,2025-08-15 15:41:06,Fireworks Display,J023,Basavanagudi,16442,Weekday,True,Heavy Rain,True,49.2,False,False,1.0,Severe,7.2,66.1,402.4,0.11,0.253,0.801,Festival crowd surge detected - alternate route and extended cycle recommended
EVT445530,2025-05-23 13:23:26,Sports Fixture,J009,Majestic,20472,Weekday,False,Clear,False,0.0,False,False,0.346,Low,27.3,26.8,218.5,0.157,0.363,0.99,Moderate traffic flow - standard adaptive signal timing in effect
EVT445531,2025-09-08 23:24:33,Trade Fair,J011,Indiranagar 100ft Road,9152,Weekday,False,Clear,False,0.0,False,False,0.223,Low,27.8,8.8,246.0,0.155,0.359,0.99,Normal free-flow traffic - standard signal timing maintained
EVT445532,2026-05-21 08:42:29,Local Market Day,J031,Cubbon Road,3886,Weekday,False,Heavy Rain,True,33.1,False,False,1.0,Severe,8.6,69.7,1030.1,0.317,0.733,0.837,Heavy rain reducing visibility and grip - reduced speed and longer buffer advised
EVT445533,2026-03-29 22:03:58,Sports Fixture,J012,Koramangala Sony World,13874,Weekend,False,Clear,False,0.0,False,False,0.398,Moderate,28.2,31.0,159.2,0.111,0.257,0.951,Moderate traffic flow - standard adaptive signal timing in effect
EVT445534,2025-06-22 05:07:24,Local Market Day,J023,Basavanagudi,5369,Weekend,False,Clear,False,0.0,False,False,0.314,Low,28.1,19.1,118.1,0.099,0.228,0.962,Moderate traffic flow - standard adaptive signal timing in effect
EVT445535,2026-01-12 13:55:41,Local Market Day,J040,City Market,5751,Weekday,False,Clear,False,0.0,False,False,0.247,Low,30.0,22.8,114.8,0.081,0.187,0.98,Normal free-flow traffic - standard signal timing maintained
EVT445536,2025-01-30 18:57:35,Local Market Day,J040,City Market,3665,Weekday,False,Clear,False,0.0,False,False,0.873,Severe,12.1,63.2,382.2,0.172,0.397,0.948,Heavy congestion detected - signal timing extended and reroute suggested
EVT445537,2025-05-13 19:56:46,Political Rally,J009,Majestic,11543,Weekday,False,Rain,True,14.1,False,False,1.0,Severe,10.0,73.7,387.6,0.155,0.358,0.878,Heavy rain reducing visibility and grip - reduced speed and longer buffer advised
EVT445538,2026-04-20 08:39:32,Trade Fair,J009,Majestic,4775,Weekday,False,Clear,False,0.0,False,False,1.0,Severe,9.0,69.9,249.4,0.097,0.224,0.927,Heavy congestion detected - signal timing extended and reroute suggested
EVT445539,2026-02-13 18:15:55,Local Market Day,J009,Majestic,5282,Weekday,False,Clear,False,0.0,False,False,1.0,Severe,10.6,69.2,382.9,0.163,0.375,0.89,Heavy congestion detected - signal timing extended and reroute suggested
EVT445540,2025-04-22 08:41:43,Sports Fixture,J011,Indiranagar 100ft Road,33989,Weekday,False,Clear,False,0.0,False,False,1.0,Severe,9.9,71.7,434.8,0.179,0.413,0.896,Heavy congestion detected - signal timing extended and reroute suggested
EVT445541,2026-06-09 07:16:00,Political Rally,J031,Cubbon Road,18560,Weekday,False,Clear,False,0.0,False,False,0.627,High,21.2,43.2,179.6,0.124,0.287,0.947,Moderate traffic flow - standard adaptive signal timing in effect
EVT445542,2025-11-18 19:10:32,Local Market Day,J012,Koramangala Sony World,3306,Weekday,False,Clear,False,0.0,False,False,0.987,Severe,10.7,69.6,440.3,0.19,0.439,0.924,Heavy congestion detected - signal timing extended and reroute suggested
EVT445543,2026-03-21 20:43:05,Political Rally,J023,Basavanagudi,9624,Weekend,False,Clear,False,0.0,False,False,0.58,High,25.0,37.1,188.3,0.132,0.306,0.975,Moderate traffic flow - standard adaptive signal timing in effect
EVT445544,2025-03-16 09:52:34,Concert,J011,Indiranagar 100ft Road,14618,Weekend,False,Clear,False,0.0,False,False,0.787,Severe,13.7,55.1,386.0,0.175,0.405,0.975,Heavy congestion detected - signal timing extended and reroute suggested
EVT445545,2025-09-21 12:57:21,Local Market Day,J012,Koramangala Sony World,6437,Weekend,False,Rain,True,11.5,False,False,0.421,Moderate,19.7,32.5,227.5,0.128,0.297,0.919,Light rain detected - minor speed reduction advised
EVT445546,2025-11-14 21:03:48,Sports Fixture,J011,Indiranagar 100ft Road,34505,Weekday,False,Clear,False,0.0,False,False,0.673,High,17.1,49.3,196.4,0.133,0.306,0.969,Moderate traffic flow - standard adaptive signal timing in effect
EVT445547,2026-05-25 19:31:09,Trade Fair,J012,Koramangala Sony World,8121,Weekday,False,Clear,False,0.0,False,False,0.903,Severe,12.0,66.8,276.8,0.141,0.325,0.935,Heavy congestion detected - signal timing extended and reroute suggested
EVT445548,2025-03-23 20:41:02,Local Market Day,J023,Basavanagudi,4726,Weekend,False,Clear,False,0.0,False,False,0.446,Moderate,28.2,30.9,148.0,0.127,0.294,0.981,Moderate traffic flow - standard adaptive signal timing in effect
EVT445549,2025-11-06 08:11:37,Local Market Day,J023,Basavanagudi,4662,Weekday,False,Clear,False,0.0,False,False,0.888,Severe,15.4,63.1,240.0,0.139,0.322,0.96,Heavy congestion detected - signal timing extended and reroute suggested
EVT445550,2025-04-25 16:50:57,Local Market Day,J020,Malleshwaram Circle,2738,Weekday,False,Clear,False,0.0,False,False,0.619,High,14.4,42.9,379.5,0.171,0.396,0.957,Moderate traffic flow - standard adaptive signal timing in effect
EVT445551,2025-03-22 18:40:48,Local Market Day,J023,Basavanagudi,5544,Weekend,False,Clear,False,0.0,False,False,0.922,Severe,12.3,66.7,421.9,0.189,0.437,0.924,Heavy congestion detected - signal timing extended and reroute suggested
EVT445552,2026-03-26 07:47:46,Fireworks Display,J012,Koramangala Sony World,20650,Weekday,True,Clear,False,0.0,False,False,1.0,Severe,8.2,70.7,748.3,0.255,0.59,0.854,Festival crowd surge detected - alternate route and extended cycle recommended
EVT445553,2026-01-27 08:09:54,Religious Festival,J030,MG Road,34829,Weekday,True,Clear,False,0.0,False,False,1.0,Severe,8.0,66.1,236.3,0.096,0.222,0.858,Festival crowd surge detected - alternate route and extended cycle recommended
EVT445554,2025-03-01 10:02:51,Political Rally,J030,MG Road,11931,Weekend,False,Clear,False,0.0,False,False,0.729,High,19.9,54.1,208.4,0.123,0.283,0.967,Moderate traffic flow - standard adaptive signal timing in effect
EVT445555,2025-10-14 20:23:56,Concert,J030,MG Road,13775,Weekday,False,Clear,False,0.0,False,False,0.726,High,18.2,51.8,271.6,0.166,0.383,0.972,Moderate traffic flow - standard adaptive signal timing in effect
EVT445556,2026-01-17 14:24:40,Sports Fixture,J020,Malleshwaram Circle,20067,Weekend,False,Clear,False,0.0,False,False,0.344,Low,33.8,25.5,97.1,0.093,0.215,0.967,Moderate traffic flow - standard adaptive signal timing in effect
EVT445557,2025-02-15 08:56:10,Local Market Day,J012,Koramangala Sony World,3528,Weekend,False,Clear,False,0.0,False,False,0.861,Severe,11.7,65.3,496.1,0.212,0.489,0.958,Heavy congestion detected - signal timing extended and reroute suggested
EVT445558,2025-09-29 09:29:59,Sports Fixture,J040,City Market,21993,Weekday,False,Rain,True,21.7,False,False,1.0,Severe,5.4,68.2,1064.5,0.268,0.619,0.873,Heavy rain reducing visibility and grip - reduced speed and longer buffer advised
EVT445559,2026-03-07 02:40:39,Local Market Day,J040,City Market,4804,Weekend,False,Clear,False,0.0,False,False,0.338,Low,31.2,26.4,178.5,0.156,0.361,0.972,Moderate traffic flow - standard adaptive signal timing in effect
EVT445560,2026-06-08 19:59:18,Local Market Day,J012,Koramangala Sony World,4587,Weekday,False,Clear,False,0.0,False,False,0.685,High,17.0,44.6,339.2,0.184,0.426,0.968,Moderate traffic flow - standard adaptive signal timing in effect
EVT445561,2025-10-25 16:10:06,Trade Fair,J031,Cubbon Road,20252,Weekend,False,Heavy Rain,True,30.6,False,False,0.938,Severe,10.6,61.9,386.7,0.153,0.355,0.874,Heavy rain reducing visibility and grip - reduced speed and longer buffer advised
EVT445562,2025-02-25 18:42:23,Political Rally,J031,Cubbon Road,14130,Weekday,False,Clear,False,0.0,False,False,1.0,Severe,8.2,67.4,377.2,0.123,0.284,0.925,Heavy congestion detected - signal timing extended and reroute suggested
EVT445563,2026-05-26 14:25:24,Concert,J030,MG Road,5729,Weekday,False,Fog,False,0.0,False,False,0.185,Low,36.8,8.3,147.8,0.136,0.313,0.969,Normal free-flow traffic - standard signal timing maintained
EVT445564,2025-05-16 16:21:27,Sports Fixture,J040,City Market,14628,Weekday,False,Clear,False,0.0,False,False,0.573,High,21.5,39.0,265.8,0.195,0.451,0.975,Moderate traffic flow - standard adaptive signal timing in effect
EVT445565,2025-05-18 09:20:17,Sports Fixture,J020,Malleshwaram Circle,15052,Weekend,False,Clear,False,0.0,False,False,0.882,Severe,13.5,64.2,332.3,0.183,0.423,0.946,Heavy congestion detected - signal timing extended and reroute suggested
EVT445566,2026-06-13 08:51:28,Local Market Day,J023,Basavanagudi,4210,Weekend,False,Heavy Rain,True,31.1,False,False,1.0,Severe,8.2,75.8,514.0,0.187,0.431,0.851,Heavy rain reducing visibility and grip - reduced speed and longer buffer advised
EVT445567,2025-06-05 12:32:50,Sports Fixture,J040,City Market,28492,Weekday,False,Clear,False,0.0,False,False,0.42,Moderate,25.0,33.4,212.5,0.146,0.338,0.951,Moderate traffic flow - standard adaptive signal timing in effect
EVT445568,2025-05-07 20:21:01,Local Market Day,J030,MG Road,6390,Weekday,False,Clear,False,0.0,False,False,0.61,High,24.7,46.7,232.2,0.171,0.394,0.964,Moderate traffic flow - standard adaptive signal timing in effect
EVT445569,2026-04-27 11:13:34,Concert,J020,Malleshwaram Circle,7168,Weekday,False,Clear,False,0.0,False,False,0.404,Moderate,27.3,26.5,104.8,0.079,0.182,0.979,Moderate traffic flow - standard adaptive signal timing in effect
EVT445570,2025-12-24 12:07:53,Political Rally,J020,Malleshwaram Circle,13162,Weekday,False,Clear,False,0.0,False,False,0.301,Low,29.9,20.6,124.3,0.096,0.221,0.956,Moderate traffic flow - standard adaptive signal timing in effect
EVT445571,2025-03-21 18:07:38,Concert,J020,Malleshwaram Circle,9021,Weekday,False,Clear,False,0.0,False,False,1.0,Severe,8.7,72.1,445.3,0.157,0.363,0.921,Heavy congestion detected - signal timing extended and reroute suggested
EVT445572,2025-10-03 18:46:56,Religious Festival,J012,Koramangala Sony World,48828,Weekday,True,Clear,False,0.0,False,True,1.0,Severe,9.7,95.7,593.1,0.212,0.491,0.83,Road closure for event/procession - full detour recommended for through-traffic
EVT445573,2026-05-04 19:47:09,Trade Fair,J031,Cubbon Road,14332,Weekday,False,Clear,False,0.0,False,False,0.87,Severe,11.8,62.0,537.0,0.227,0.525,0.963,Heavy congestion detected - signal timing extended and reroute suggested
EVT445574,2025-08-30 12:21:37,Concert,J031,Cubbon Road,11089,Weekend,False,Heavy Rain,True,61.8,False,False,0.642,High,20.2,49.5,246.2,0.144,0.333,0.914,Heavy rain reducing visibility and grip - reduced speed and longer buffer advised
EVT445575,2026-03-31 15:46:35,Political Rally,J023,Basavanagudi,11934,Weekday,False,Clear,False,0.0,False,False,0.413,Moderate,28.8,29.9,194.0,0.185,0.428,0.972,Moderate traffic flow - standard adaptive signal timing in effect
EVT445576,2025-02-22 11:40:50,Sports Fixture,J040,City Market,20453,Weekend,False,Clear,False,0.0,False,False,0.456,Moderate,24.2,34.3,125.9,0.073,0.169,0.982,Moderate traffic flow - standard adaptive signal timing in effect
EVT445577,2025-02-23 09:35:59,Trade Fair,J020,Malleshwaram Circle,5544,Weekend,False,Clear,False,0.0,False,False,0.822,Severe,14.3,57.7,447.7,0.21,0.486,0.961,Heavy congestion detected - signal timing extended and reroute suggested
EVT445578,2026-06-04 14:04:43,Local Market Day,J012,Koramangala Sony World,4405,Weekday,False,Clear,False,0.0,False,False,0.21,Low,32.6,18.5,177.7,0.145,0.335,0.99,Normal free-flow traffic - standard signal timing maintained
EVT445579,2026-03-17 12:03:13,Trade Fair,J023,Basavanagudi,4367,Weekday,False,Clear,False,0.0,False,False,0.23,Low,32.2,24.1,200.2,0.178,0.412,0.954,Normal free-flow traffic - standard signal timing maintained
EVT445580,2026-01-29 12:56:27,Concert,J040,City Market,14151,Weekday,False,Clear,False,0.0,False,False,0.187,Low,28.8,18.9,198.8,0.146,0.336,0.96,Normal free-flow traffic - standard signal timing maintained
EVT445581,2025-06-04 22:51:49,Sports Fixture,J011,Indiranagar 100ft Road,22788,Weekday,False,Clear,False,0.0,False,False,0.309,Low,25.1,22.8,161.6,0.112,0.258,0.949,Moderate traffic flow - standard adaptive signal timing in effect
EVT445582,2025-06-12 21:44:31,Trade Fair,J023,Basavanagudi,10004,Weekday,False,Clear,False,0.0,False,False,0.256,Low,35.2,7.7,133.3,0.142,0.328,0.98,Moderate traffic flow - standard adaptive signal timing in effect
EVT445583,2025-02-10 18:42:17,Political Rally,J040,City Market,12914,Weekday,False,Clear,False,0.0,False,False,1.0,Severe,8.9,78.0,495.5,0.196,0.453,0.939,Heavy congestion detected - signal timing extended and reroute suggested
EVT445584,2026-01-03 17:32:34,Concert,J030,MG Road,11106,Weekend,False,Clear,False,0.0,False,False,0.757,Severe,17.1,54.3,307.6,0.196,0.452,0.983,Heavy congestion detected - signal timing extended and reroute suggested
EVT445585,2026-06-05 12:29:39,Local Market Day,J040,City Market,4087,Weekday,False,Rain,True,15.1,False,False,0.402,Moderate,29.1,28.7,128.5,0.105,0.241,0.901,Light rain detected - minor speed reduction advised
EVT445586,2025-10-24 23:49:56,Sports Fixture,J030,MG Road,28612,Weekday,False,Heavy Rain,True,50.4,False,False,0.652,High,21.3,51.7,288.7,0.21,0.485,0.899,Heavy rain reducing visibility and grip - reduced speed and longer buffer advised
EVT445587,2025-06-18 11:13:31,Political Rally,J020,Malleshwaram Circle,13322,Weekday,False,Rain,True,16.2,False,False,0.545,Moderate,25.4,38.6,129.1,0.101,0.233,0.913,Light rain detected - minor speed reduction advised
EVT445588,2025-02-17 17:12:29,Local Market Day,J040,City Market,4608,Weekday,False,Clear,False,0.0,False,False,0.817,Severe,12.8,55.0,267.5,0.117,0.269,0.965,Heavy congestion detected - signal timing extended and reroute suggested
EVT445589,2025-11-17 08:27:35,Political Rally,J020,Malleshwaram Circle,14889,Weekday,False,Clear,False,0.0,False,False,1.0,Severe,10.4,72.8,311.7,0.134,0.309,0.91,Heavy congestion detected - signal timing extended and reroute suggested
EVT445590,2025-08-11 09:41:26,Concert,J009,Majestic,14218,Weekday,False,Rain,True,20.0,False,False,1.0,Severe,8.4,71.4,546.7,0.206,0.477,0.879,Heavy rain reducing visibility and grip - reduced speed and longer buffer advised
EVT445591,2025-03-08 19:01:48,Sports Fixture,J023,Basavanagudi,16751,Weekend,False,Clear,False,0.0,False,False,0.88,Severe,15.2,64.2,338.3,0.189,0.437,0.937,Heavy congestion detected - signal timing extended and reroute suggested
EVT445592,2025-11-05 13:31:33,Trade Fair,J031,Cubbon Road,10565,Weekday,False,Clear,False,0.0,False,False,0.205,Low,41.0,14.0,81.5,0.073,0.169,0.956,Normal free-flow traffic - standard signal timing maintained
EVT445593,2026-03-17 17:20:06,Trade Fair,J023,Basavanagudi,9043,Weekday,False,Clear,False,0.0,False,False,0.836,Severe,16.0,58.9,203.1,0.1,0.232,0.941,Heavy congestion detected - signal timing extended and reroute suggested
EVT445594,2025-04-14 16:39:53,Cultural Procession,J011,Indiranagar 100ft Road,20484,Weekday,True,Clear,False,0.0,False,True,1.0,Severe,8.1,94.4,747.8,0.24,0.554,0.825,Road closure for event/procession - full detour recommended for through-traffic
EVT445595,2026-03-03 11:40:47,Concert,J031,Cubbon Road,17711,Weekday,False,Clear,False,0.0,False,False,0.292,Low,29.4,27.2,164.3,0.113,0.261,0.963,Moderate traffic flow - standard adaptive signal timing in effect
EVT445596,2026-03-17 16:58:56,Local Market Day,J011,Indiranagar 100ft Road,3076,Weekday,False,Clear,False,0.0,False,False,0.775,Severe,13.5,58.9,231.9,0.122,0.281,0.954,Heavy congestion detected - signal timing extended and reroute suggested
EVT445597,2025-12-31 16:41:37,Local Market Day,J009,Majestic,6097,Weekday,False,Clear,False,0.0,False,False,0.628,High,20.3,43.5,393.5,0.26,0.6,0.956,Moderate traffic flow - standard adaptive signal timing in effect
EVT445598,2025-10-22 17:35:45,Religious Festival,J009,Majestic,40291,Weekday,True,Clear,False,0.0,False,True,1.0,Severe,8.1,99.1,673.1,0.244,0.565,0.854,Road closure for event/procession - full detour recommended for through-traffic
EVT445599,2025-06-07 08:59:27,Concert,J009,Majestic,8930,Weekend,False,Fog,False,0.0,False,False,0.87,Severe,14.0,62.5,435.7,0.236,0.545,0.969,Heavy congestion detected - signal timing extended and reroute suggested
EVT445600,2026-03-26 17:52:24,Religious Festival,J012,Koramangala Sony World,44809,Weekday,True,Clear,False,0.0,False,False,1.0,Severe,9.9,74.1,370.3,0.132,0.305,0.888,Festival crowd surge detected - alternate route and extended cycle recommended
EVT445601,2026-06-28 07:45:01,Sports Fixture,J012,Koramangala Sony World,25901,Weekend,False,Rain,True,23.0,False,False,0.992,Severe,8.9,69.7,647.0,0.234,0.539,0.875,Heavy rain reducing visibility and grip - reduced speed and longer buffer advised
EVT445602,2025-01-07 07:23:59,Political Rally,J012,Koramangala Sony World,23114,Weekday,False,Clear,False,0.0,False,False,0.686,High,15.9,47.0,353.7,0.183,0.422,0.972,Moderate traffic flow - standard adaptive signal timing in effect
EVT445603,2026-03-01 09:19:22,Sports Fixture,J031,Cubbon Road,12383,Weekend,False,Clear,False,0.0,False,False,0.915,Severe,10.3,67.8,544.8,0.199,0.461,0.916,Heavy congestion detected - signal timing extended and reroute suggested
EVT445604,2025-01-12 18:06:53,Sports Fixture,J031,Cubbon Road,16584,Weekend,False,Clear,False,0.0,False,False,0.936,Severe,11.5,66.0,569.0,0.245,0.566,0.914,Heavy congestion detected - signal timing extended and reroute suggested
EVT445605,2026-05-04 19:30:00,Sports Fixture,J020,Malleshwaram Circle,27100,Weekday,False,Clear,False,0.0,False,False,1.0,Severe,9.6,71.0,755.0,0.29,0.67,0.88,Heavy congestion detected - signal timing extended and reroute suggested
EVT445606,2025-07-24 18:28:33,Local Market Day,J011,Indiranagar 100ft Road,3003,Weekday,False,Rain,True,12.0,False,False,1.0,Severe,7.9,70.4,699.6,0.221,0.511,0.885,Heavy rain reducing visibility and grip - reduced speed and longer buffer advised
EVT445607,2026-05-19 17:18:53,Trade Fair,J023,Basavanagudi,10622,Weekday,False,Clear,False,0.0,False,False,0.862,Severe,14.4,58.4,244.4,0.103,0.239,0.954,Heavy congestion detected - signal timing extended and reroute suggested
EVT445608,2026-04-03 07:33:02,Sports Fixture,J020,Malleshwaram Circle,36545,Weekday,False,Clear,False,0.0,False,False,0.843,Severe,15.4,62.0,316.1,0.178,0.411,0.937,Heavy congestion detected - signal timing extended and reroute suggested
EVT445609,2025-11-07 05:51:08,Concert,J020,Malleshwaram Circle,11473,Weekday,False,Clear,False,0.0,False,False,0.293,Low,33.0,28.8,186.3,0.154,0.356,0.953,Moderate traffic flow - standard adaptive signal timing in effect
EVT445610,2025-03-23 08:46:23,Sports Fixture,J009,Majestic,21594,Weekend,False,Clear,False,0.0,False,False,0.972,Severe,9.3,70.3,175.0,0.068,0.156,0.933,Heavy congestion detected - signal timing extended and reroute suggested
EVT445611,2026-04-11 13:18:07,Concert,J020,Malleshwaram Circle,10022,Weekend,False,Clear,False,0.0,False,False,0.329,Low,26.1,23.8,112.1,0.084,0.193,0.97,Moderate traffic flow - standard adaptive signal timing in effect
EVT445612,2025-06-02 18:58:57,Concert,J023,Basavanagudi,7955,Weekday,False,Clear,False,0.0,False,False,1.0,Severe,9.5,74.5,554.5,0.196,0.453,0.897,Heavy congestion detected - signal timing extended and reroute suggested
EVT445613,2026-02-25 20:20:01,Sports Fixture,J012,Koramangala Sony World,35668,Weekday,False,Light Rain,True,1.5,False,False,0.849,Severe,13.5,67.5,347.1,0.177,0.409,0.893,Heavy rain reducing visibility and grip - reduced speed and longer buffer advised
EVT445614,2026-02-04 09:46:46,Sports Fixture,J031,Cubbon Road,17017,Weekday,False,Clear,False,0.0,False,False,1.0,Severe,8.5,67.7,366.6,0.134,0.31,0.905,Heavy congestion detected - signal timing extended and reroute suggested
EVT445615,2026-01-27 10:09:54,Religious Festival,J009,Majestic,71880,Weekday,True,Fog,False,0.0,False,True,1.0,Severe,8.6,97.8,461.8,0.178,0.41,0.821,Road closure for event/procession - full detour recommended for through-traffic
EVT445616,2025-12-01 17:41:41,Trade Fair,J031,Cubbon Road,7329,Weekday,False,Clear,False,0.0,False,False,0.925,Severe,11.9,70.3,550.5,0.264,0.61,0.93,Heavy congestion detected - signal timing extended and reroute suggested
EVT445617,2026-04-18 13:50:39,Political Rally,J009,Majestic,26017,Weekend,False,Clear,False,0.0,False,False,0.403,Moderate,29.0,33.1,152.6,0.12,0.278,0.961,Moderate traffic flow - standard adaptive signal timing in effect
EVT445618,2026-03-08 07:34:36,Local Market Day,J011,Indiranagar 100ft Road,5463,Weekend,False,Clear,False,0.0,False,False,0.618,High,23.6,42.1,104.2,0.084,0.194,0.964,Moderate traffic flow - standard adaptive signal timing in effect
EVT445619,2025-06-02 09:54:39,Concert,J030,MG Road,12049,Weekday,False,Clear,False,0.0,False,False,0.912,Severe,12.0,68.0,410.9,0.196,0.453,0.907,Heavy congestion detected - signal timing extended and reroute suggested
EVT445620,2025-10-13 15:46:23,Concert,J020,Malleshwaram Circle,9835,Weekday,False,Rain,True,12.3,False,False,0.567,High,25.9,39.4,245.8,0.188,0.435,0.909,Heavy rain reducing visibility and grip - reduced speed and longer buffer advised
EVT445621,2025-12-02 08:08:54,Trade Fair,J040,City Market,11213,Weekday,False,Clear,False,0.0,False,False,0.973,Severe,8.6,67.8,608.7,0.231,0.533,0.912,Heavy congestion detected - signal timing extended and reroute suggested
EVT445622,2026-05-15 17:26:08,Concert,J012,Koramangala Sony World,12703,Weekday,False,Rain,True,12.4,False,False,0.982,Severe,6.9,66.6,949.7,0.24,0.555,0.871,Heavy rain reducing visibility and grip - reduced speed and longer buffer advised
EVT445623,2026-06-03 09:20:14,Trade Fair,J030,MG Road,12064,Weekday,False,Rain,True,14.1,False,False,1.0,Severe,11.0,77.9,569.8,0.262,0.605,0.844,Heavy rain reducing visibility and grip - reduced speed and longer buffer advised
EVT445624,2025-03-05 12:41:06,Local Market Day,J011,Indiranagar 100ft Road,3860,Weekday,False,Light Rain,True,1.2,False,False,0.253,Low,30.6,20.4,169.3,0.137,0.317,0.904,Light rain detected - minor speed reduction advised
EVT445625,2025-05-20 17:57:48,Concert,J011,Indiranagar 100ft Road,10877,Weekday,False,Clear,False,0.0,False,False,1.0,Severe,8.2,70.5,631.5,0.243,0.561,0.905,Heavy congestion detected - signal timing extended and reroute suggested
EVT445626,2025-02-24 16:51:10,Concert,J040,City Market,11946,Weekday,False,Clear,False,0.0,False,False,0.779,Severe,16.0,54.9,289.9,0.163,0.376,0.953,Heavy congestion detected - signal timing extended and reroute suggested
EVT445627,2025-10-23 12:59:23,Local Market Day,J031,Cubbon Road,2807,Weekday,False,Clear,False,0.0,False,False,0.099,Low,32.7,4.6,116.9,0.098,0.226,0.981,Normal free-flow traffic - standard signal timing maintained
EVT445628,2025-03-19 07:46:40,Concert,J030,MG Road,13884,Weekday,False,Clear,False,0.0,False,False,0.716,High,20.1,49.3,196.4,0.128,0.296,0.962,Moderate traffic flow - standard adaptive signal timing in effect
EVT445629,2026-01-08 16:25:17,Political Rally,J023,Basavanagudi,20268,Weekday,False,Clear,False,0.0,False,False,0.605,High,28.1,40.3,176.9,0.138,0.319,0.99,Moderate traffic flow - standard adaptive signal timing in effect
EVT445630,2025-02-22 19:13:17,Local Market Day,J030,MG Road,4190,Weekend,False,Clear,False,0.0,False,False,0.848,Severe,13.4,60.3,147.4,0.086,0.199,0.929,Heavy congestion detected - signal timing extended and reroute suggested
EVT445631,2025-02-03 06:59:54,Trade Fair,J020,Malleshwaram Circle,4967,Weekday,False,Clear,False,0.0,False,False,0.435,Moderate,23.9,31.3,246.1,0.167,0.385,0.969,Moderate traffic flow - standard adaptive signal timing in effect
EVT445632,2025-06-19 08:35:26,Local Market Day,J030,MG Road,3764,Weekday,False,Clear,False,0.0,False,False,1.0,Severe,10.1,72.7,402.4,0.173,0.399,0.915,Heavy congestion detected - signal timing extended and reroute suggested
EVT445633,2026-02-26 07:55:52,Sports Fixture,J023,Basavanagudi,40727,Weekday,False,Clear,False,0.0,False,False,0.983,Severe,9.2,72.3,342.1,0.144,0.332,0.913,Heavy congestion detected - signal timing extended and reroute suggested
EVT445634,2026-06-29 16:35:24,Local Market Day,J040,City Market,8142,Weekday,False,Rain,True,11.3,False,False,0.698,High,20.4,48.6,246.4,0.161,0.373,0.906,Heavy rain reducing visibility and grip - reduced speed and longer buffer advised
EVT445635,2025-02-28 08:42:50,Trade Fair,J040,City Market,11640,Weekday,False,Clear,False,0.0,False,False,1.0,Severe,8.8,80.2,381.8,0.128,0.296,0.918,Heavy congestion detected - signal timing extended and reroute suggested
EVT445636,2026-02-07 17:30:25,Political Rally,J031,Cubbon Road,16858,Weekend,False,Clear,False,0.0,False,False,0.837,Severe,12.3,58.5,442.3,0.2,0.463,0.97,Heavy congestion detected - signal timing extended and reroute suggested
EVT445637,2025-07-13 16:06:29,Sports Fixture,J040,City Market,13584,Weekend,False,Clear,False,0.0,False,False,0.45,Moderate,23.3,31.6,119.4,0.076,0.175,0.968,Moderate traffic flow - standard adaptive signal timing in effect
EVT445638,2025-02-21 09:34:18,Concert,J012,Koramangala Sony World,12996,Weekday,False,Clear,False,0.0,False,False,0.962,Severe,9.7,68.4,404.6,0.136,0.313,0.918,Heavy congestion detected - signal timing extended and reroute suggested
EVT445639,2026-06-14 15:15:45,Local Market Day,J040,City Market,3637,Weekend,False,Clear,False,0.0,False,False,0.334,Low,25.7,21.3,140.1,0.089,0.205,0.962,Moderate traffic flow - standard adaptive signal timing in effect
EVT445640,2025-11-27 18:07:47,Trade Fair,J031,Cubbon Road,4579,Weekday,False,Clear,False,0.0,False,False,0.99,Severe,9.1,72.5,469.3,0.188,0.433,0.923,Heavy congestion detected - signal timing extended and reroute suggested
EVT445641,2025-02-21 17:21:06,Local Market Day,J023,Basavanagudi,4607,Weekday,False,Clear,False,0.0,False,False,0.832,Severe,15.1,58.0,160.1,0.079,0.183,0.944,Heavy congestion detected - signal timing extended and reroute suggested
EVT445642,2025-07-15 15:47:59,Concert,J040,City Market,13098,Weekday,False,Clear,False,0.0,False,False,0.417,Moderate,32.2,26.1,64.5,0.031,0.072,0.958,Moderate traffic flow - standard adaptive signal timing in effect
EVT445643,2025-07-05 21:13:53,Local Market Day,J023,Basavanagudi,4645,Weekend,False,Rain,True,23.1,False,False,0.631,High,28.1,48.3,156.2,0.114,0.263,0.913,Heavy rain reducing visibility and grip - reduced speed and longer buffer advised
EVT445644,2025-09-11 14:04:54,Concert,J011,Indiranagar 100ft Road,9546,Weekday,False,Clear,False,0.0,False,False,0.256,Low,28.2,20.1,89.7,0.063,0.145,0.979,Moderate traffic flow - standard adaptive signal timing in effect
EVT445645,2025-07-13 21:51:01,Concert,J011,Indiranagar 100ft Road,16110,Weekend,False,Clear,False,0.0,False,False,0.384,Moderate,27.1,27.5,98.6,0.074,0.17,0.934,Moderate traffic flow - standard adaptive signal timing in effect
EVT445646,2025-02-12 13:43:08,Political Rally,J012,Koramangala Sony World,15142,Weekday,False,Clear,False,0.0,False,False,0.262,Low,32.0,17.6,165.8,0.104,0.239,0.957,Moderate traffic flow - standard adaptive signal timing in effect
EVT445647,2025-05-01 14:23:06,Religious Festival,J030,MG Road,43546,Weekday,True,Rain,True,19.0,False,True,1.0,Severe,8.7,96.2,650.7,0.246,0.568,0.771,Road closure for event/procession - full detour recommended for through-traffic
EVT445648,2025-10-06 10:30:40,Sports Fixture,J020,Malleshwaram Circle,30960,Weekday,False,Clear,False,0.0,False,False,0.742,High,16.4,55.3,268.3,0.147,0.34,0.961,Moderate traffic flow - standard adaptive signal timing in effect
EVT445649,2025-03-21 16:09:24,Local Market Day,J012,Koramangala Sony World,6194,Weekday,False,Clear,False,0.0,False,False,0.48,Moderate,23.3,35.9,129.1,0.085,0.196,0.983,Moderate traffic flow - standard adaptive signal timing in effect
EVT445650,2025-12-12 16:06:08,Sports Fixture,J040,City Market,26457,Weekday,False,Clear,False,0.0,False,False,0.597,High,13.6,44.7,352.8,0.175,0.404,0.97,Moderate traffic flow - standard adaptive signal timing in effect
EVT445651,2025-03-23 14:34:22,Concert,J040,City Market,29123,Weekend,False,Clear,False,0.0,False,False,0.386,Moderate,21.7,31.8,202.5,0.119,0.274,0.967,Moderate traffic flow - standard adaptive signal timing in effect
EVT445652,2026-01-12 15:02:58,Sports Fixture,J031,Cubbon Road,18893,Weekday,False,Clear,False,0.0,False,False,0.335,Low,28.3,22.7,196.5,0.15,0.346,0.959,Moderate traffic flow - standard adaptive signal timing in effect
EVT445653,2025-02-16 17:18:03,Political Rally,J009,Majestic,22476,Weekend,False,Clear,False,0.0,False,False,0.851,Severe,13.4,59.1,485.6,0.24,0.554,0.937,Heavy congestion detected - signal timing extended and reroute suggested
EVT445654,2025-07-03 16:01:06,Trade Fair,J031,Cubbon Road,13594,Weekday,False,Clear,False,0.0,False,False,0.576,High,25.1,42.7,299.5,0.214,0.495,0.98,Moderate traffic flow - standard adaptive signal timing in effect
EVT445655,2025-06-09 22:46:02,Local Market Day,J009,Majestic,5454,Weekday,False,Clear,False,0.0,True,False,0.535,Moderate,26.7,43.7,148.1,0.115,0.265,0.815,Accident detected nearby - reroute and reduced speed advised
EVT445656,2025-10-22 08:38:13,Religious Festival,J020,Malleshwaram Circle,22742,Weekday,True,Heavy Rain,True,28.4,False,False,1.0,Severe,7.0,72.9,534.0,0.153,0.353,0.794,Festival crowd surge detected - alternate route and extended cycle recommended
EVT445657,2025-08-27 09:23:50,Cultural Procession,J011,Indiranagar 100ft Road,23573,Weekday,True,Clear,False,0.0,False,True,1.0,Severe,7.5,99.6,722.2,0.243,0.562,0.814,Road closure for event/procession - full detour recommended for through-traffic
EVT445658,2026-02-08 18:55:12,Political Rally,J012,Koramangala Sony World,15539,Weekend,False,Clear,False,0.0,False,False,0.973,Severe,9.6,67.9,442.6,0.167,0.385,0.912,Heavy congestion detected - signal timing extended and reroute suggested
EVT445659,2025-08-03 06:01:16,Concert,J009,Majestic,12862,Weekend,False,Clear,False,0.0,False,False,0.37,Moderate,16.9,20.6,192.5,0.095,0.219,0.935,Moderate traffic flow - standard adaptive signal timing in effect
EVT445660,2025-10-12 11:30:31,Local Market Day,J031,Cubbon Road,2203,Weekend,False,Fog,False,0.0,False,False,0.349,Low,27.5,25.6,153.5,0.116,0.268,0.968,Moderate traffic flow - standard adaptive signal timing in effect
EVT445661,2025-02-03 09:59:40,Sports Fixture,J020,Malleshwaram Circle,26073,Weekday,False,Clear,False,0.0,False,False,0.877,Severe,12.2,64.4,508.5,0.274,0.633,0.944,Heavy congestion detected - signal timing extended and reroute suggested
EVT445662,2025-02-16 20:59:54,Trade Fair,J020,Malleshwaram Circle,12708,Weekend,False,Clear,False,0.0,False,False,0.408,Moderate,31.6,30.9,241.3,0.207,0.479,0.965,Moderate traffic flow - standard adaptive signal timing in effect
EVT445663,2025-01-07 08:07:22,Concert,J030,MG Road,18776,Weekday,False,Clear,False,0.0,False,False,0.929,Severe,9.2,71.5,752.4,0.266,0.615,0.935,Heavy congestion detected - signal timing extended and reroute suggested
EVT445664,2025-11-11 15:53:20,Local Market Day,J011,Indiranagar 100ft Road,8104,Weekday,False,Clear,False,0.0,False,False,0.384,Moderate,26.6,28.6,167.9,0.128,0.296,0.968,Moderate traffic flow - standard adaptive signal timing in effect
EVT445665,2025-03-01 16:23:03,Political Rally,J040,City Market,17066,Weekend,False,Clear,False,0.0,False,False,0.562,High,20.1,35.8,261.4,0.163,0.375,0.97,Moderate traffic flow - standard adaptive signal timing in effect
EVT445666,2025-07-02 10:46:50,Local Market Day,J020,Malleshwaram Circle,2063,Weekday,False,Light Rain,True,1.4,False,False,0.484,Moderate,24.0,32.9,162.7,0.102,0.235,0.904,Light rain detected - minor speed reduction advised
EVT445667,2026-04-13 08:14:44,Political Rally,J030,MG Road,21100,Weekday,False,Clear,False,0.0,False,False,0.956,Severe,11.5,75.4,340.3,0.156,0.359,0.914,Heavy congestion detected - signal timing extended and reroute suggested
EVT445668,2025-02-25 19:01:17,Political Rally,J030,MG Road,14411,Weekday,False,Clear,False,0.0,False,False,1.0,Severe,7.1,70.4,428.8,0.138,0.319,0.922,Heavy congestion detected - signal timing extended and reroute suggested
EVT445669,2025-03-24 09:43:34,Political Rally,J009,Majestic,11240,Weekday,False,Clear,False,0.0,False,False,0.966,Severe,9.6,72.1,358.6,0.147,0.339,0.915,Heavy congestion detected - signal timing extended and reroute suggested
EVT445670,2025-04-05 20:25:03,Sports Fixture,J040,City Market,29735,Weekend,False,Fog,False,0.0,False,False,0.72,High,16.1,49.7,336.3,0.193,0.445,0.99,Moderate traffic flow - standard adaptive signal timing in effect
EVT445671,2026-03-22 15:57:57,Trade Fair,J040,City Market,14462,Weekend,False,Clear,False,0.0,False,False,0.478,Moderate,22.1,37.9,149.5,0.085,0.197,0.955,Moderate traffic flow - standard adaptive signal timing in effect
EVT445672,2026-02-12 17:37:29,Concert,J040,City Market,10811,Weekday,False,Clear,False,0.0,False,False,0.992,Severe,12.1,82.7,541.1,0.229,0.53,0.913,Heavy congestion detected - signal timing extended and reroute suggested
EVT445673,2025-10-17 10:52:05,Concert,J009,Majestic,13079,Weekday,False,Clear,False,0.0,False,False,0.502,Moderate,24.7,35.5,200.5,0.145,0.334,0.99,Moderate traffic flow - standard adaptive signal timing in effect
EVT445674,2026-01-15 16:06:52,Cultural Procession,J031,Cubbon Road,20383,Weekday,True,Clear,False,0.0,False,True,0.928,Severe,9.1,92.6,357.2,0.149,0.345,0.863,Road closure for event/procession - full detour recommended for through-traffic
EVT445675,2026-04-11 07:41:36,Political Rally,J023,Basavanagudi,13964,Weekend,False,Clear,False,0.0,False,False,0.63,High,20.9,45.6,277.2,0.176,0.408,0.958,Moderate traffic flow - standard adaptive signal timing in effect
EVT445676,2025-12-11 20:20:03,Local Market Day,J012,Koramangala Sony World,2342,Weekday,False,Clear,False,0.0,False,False,0.576,High,28.4,47.2,168.7,0.134,0.311,0.959,Moderate traffic flow - standard adaptive signal timing in effect
EVT445677,2026-04-01 10:58:17,Sports Fixture,J023,Basavanagudi,18178,Weekday,False,Clear,False,0.0,False,False,0.462,Moderate,18.0,33.8,96.8,0.059,0.137,0.953,Moderate traffic flow - standard adaptive signal timing in effect
EVT445678,2025-03-22 19:59:27,Concert,J009,Majestic,8422,Weekend,False,Clear,False,0.0,False,False,0.657,High,19.6,48.6,361.0,0.216,0.499,0.949,Moderate traffic flow - standard adaptive signal timing in effect
EVT445679,2025-05-10 18:35:59,Political Rally,J009,Majestic,13247,Weekend,False,Clear,False,0.0,False,False,0.902,Severe,11.1,65.4,461.4,0.185,0.428,0.914,Heavy congestion detected - signal timing extended and reroute suggested
EVT445680,2025-06-18 19:49:43,Trade Fair,J031,Cubbon Road,6431,Weekday,False,Light Rain,True,2.5,False,False,0.871,Severe,9.8,62.1,547.5,0.179,0.413,0.88,Heavy rain reducing visibility and grip - reduced speed and longer buffer advised
EVT445681,2025-09-17 10:46:50,Sports Fixture,J020,Malleshwaram Circle,15491,Weekday,False,Rain,True,11.1,False,False,0.741,High,13.9,53.2,462.1,0.228,0.526,0.92,Heavy rain reducing visibility and grip - reduced speed and longer buffer advised
EVT445682,2025-03-01 19:16:14,Sports Fixture,J030,MG Road,42574,Weekend,False,Clear,False,0.0,False,False,1.0,Severe,8.0,70.2,590.4,0.204,0.471,0.913,Heavy congestion detected - signal timing extended and reroute suggested
EVT445683,2025-01-01 18:16:02,Sports Fixture,J030,MG Road,19099,Weekday,False,Clear,False,0.0,False,False,1.0,Severe,6.6,78.1,1033.8,0.271,0.626,0.911,Heavy congestion detected - signal timing extended and reroute suggested
EVT445684,2025-07-14 19:19:13,Concert,J040,City Market,12648,Weekday,False,Heavy Rain,True,47.4,False,False,1.0,Severe,9.0,64.4,688.1,0.234,0.54,0.88,Heavy rain reducing visibility and grip - reduced speed and longer buffer advised
EVT445685,2025-07-04 08:13:27,Local Market Day,J023,Basavanagudi,2386,Weekday,False,Clear,False,0.0,False,False,0.858,Severe,12.2,62.7,154.8,0.101,0.233,0.949,Heavy congestion detected - signal timing extended and reroute suggested
EVT445686,2026-02-06 16:13:45,Concert,J031,Cubbon Road,11423,Weekday,False,Clear,False,0.0,False,False,0.542,Moderate,23.6,34.7,171.2,0.121,0.28,0.976,Moderate traffic flow - standard adaptive signal timing in effect
EVT445687,2026-01-21 22:49:48,Local Market Day,J011,Indiranagar 100ft Road,2891,Weekday,False,Clear,False,0.0,False,False,0.296,Low,30.7,22.6,155.3,0.119,0.276,0.975,Moderate traffic flow - standard adaptive signal timing in effect
EVT445688,2025-03-19 18:04:19,Local Market Day,J012,Koramangala Sony World,4253,Weekday,False,Clear,False,0.0,False,False,1.0,Severe,8.3,75.0,769.8,0.271,0.627,0.919,Heavy congestion detected - signal timing extended and reroute suggested
EVT445689,2025-07-15 16:20:43,Trade Fair,J030,MG Road,4966,Weekday,False,Clear,False,0.0,False,False,0.537,Moderate,16.5,36.5,379.6,0.182,0.42,0.976,Moderate traffic flow - standard adaptive signal timing in effect
EVT445690,2026-02-21 10:10:04,Sports Fixture,J009,Majestic,19309,Weekend,False,Clear,False,0.0,False,False,0.792,Severe,13.3,58.1,418.3,0.194,0.447,0.958,Heavy congestion detected - signal timing extended and reroute suggested
EVT445691,2026-03-19 18:42:24,Religious Festival,J011,Indiranagar 100ft Road,39166,Weekday,True,Clear,False,0.0,False,True,1.0,Severe,10.8,94.5,303.5,0.14,0.323,0.838,Road closure for event/procession - full detour recommended for through-traffic
EVT445692,2025-08-28 19:08:10,Cultural Procession,J031,Cubbon Road,15561,Weekday,True,Clear,False,0.0,False,True,1.0,Severe,8.2,97.6,478.1,0.19,0.44,0.83,Road closure for event/procession - full detour recommended for through-traffic
EVT445693,2025-01-01 10:03:30,Trade Fair,J011,Indiranagar 100ft Road,12349,Weekday,False,Clear,False,0.0,False,False,0.932,Severe,8.6,67.0,286.8,0.11,0.253,0.935,Heavy congestion detected - signal timing extended and reroute suggested
EVT445694,2026-05-08 21:23:43,Sports Fixture,J011,Indiranagar 100ft Road,38266,Weekday,False,Fog,False,0.0,False,False,0.525,Moderate,19.6,39.4,279.9,0.174,0.401,0.962,Moderate traffic flow - standard adaptive signal timing in effect
EVT445695,2026-03-07 10:57:18,Concert,J030,MG Road,16098,Weekend,False,Clear,False,0.0,False,False,0.558,High,25.8,38.2,135.0,0.107,0.246,0.974,Moderate traffic flow - standard adaptive signal timing in effect
EVT445696,2026-04-19 14:53:48,Political Rally,J020,Malleshwaram Circle,10432,Weekend,False,Clear,False,0.0,False,False,0.304,Low,29.7,24.0,127.8,0.092,0.212,0.957,Moderate traffic flow - standard adaptive signal timing in effect
EVT445697,2026-06-27 20:32:26,Sports Fixture,J040,City Market,18906,Weekend,False,Clear,False,0.0,False,False,0.578,High,24.1,39.1,157.1,0.12,0.278,0.971,Moderate traffic flow - standard adaptive signal timing in effect
EVT445698,2025-01-05 19:41:32,Sports Fixture,J030,MG Road,21071,Weekend,False,Fog,False,0.0,False,False,0.851,Severe,12.8,62.1,672.7,0.301,0.696,0.947,Heavy congestion detected - signal timing extended and reroute suggested
EVT445699,2025-06-23 15:15:01,Political Rally,J040,City Market,20007,Weekday,False,Rain,True,11.8,False,False,0.521,Moderate,24.1,37.8,285.4,0.203,0.47,0.923,Light rain detected - minor speed reduction advised
EVT445700,2026-01-18 21:51:59,Local Market Day,J023,Basavanagudi,2966,Weekend,False,Clear,False,0.0,False,False,0.336,Low,33.8,23.4,158.7,0.147,0.34,0.966,Moderate traffic flow - standard adaptive signal timing in effect
EVT445701,2026-05-26 16:50:02,Local Market Day,J009,Majestic,6286,Weekday,False,Clear,False,0.0,False,False,0.752,Severe,15.8,52.6,280.9,0.154,0.355,0.931,Heavy congestion detected - signal timing extended and reroute suggested
EVT445702,2025-12-22 13:09:56,Concert,J011,Indiranagar 100ft Road,15030,Weekday,False,Clear,False,0.0,False,False,0.216,Low,31.6,12.4,84.0,0.079,0.183,0.969,Normal free-flow traffic - standard signal timing maintained
EVT445703,2025-03-02 19:36:10,Trade Fair,J030,MG Road,9276,Weekend,False,Clear,False,0.0,False,False,0.701,High,16.2,54.8,243.6,0.125,0.289,0.942,Moderate traffic flow - standard adaptive signal timing in effect
EVT445704,2025-01-18 16:16:34,Local Market Day,J031,Cubbon Road,2276,Weekend,False,Clear,False,0.0,False,False,0.449,Moderate,31.4,25.9,228.4,0.198,0.457,0.975,Moderate traffic flow - standard adaptive signal timing in effect
EVT445705,2025-01-06 07:35:32,Concert,J030,MG Road,16931,Weekday,False,Clear,False,0.0,False,False,0.736,High,15.1,51.4,255.0,0.121,0.28,0.971,Moderate traffic flow - standard adaptive signal timing in effect
EVT445706,2025-03-03 10:21:38,Sports Fixture,J023,Basavanagudi,17484,Weekday,False,Clear,False,0.0,False,False,0.71,High,18.7,47.9,269.2,0.159,0.367,0.961,Moderate traffic flow - standard adaptive signal timing in effect
EVT445707,2025-02-16 13:15:19,Political Rally,J009,Majestic,21565,Weekend,False,Clear,False,0.0,False,False,0.386,Moderate,33.4,27.1,140.4,0.12,0.276,0.965,Moderate traffic flow - standard adaptive signal timing in effect
EVT445708,2026-03-25 16:55:43,Concert,J009,Majestic,14540,Weekday,False,Clear,False,0.0,False,False,0.712,High,20.2,44.4,381.4,0.239,0.552,0.958,Moderate traffic flow - standard adaptive signal timing in effect
EVT445709,2025-09-10 07:12:49,Local Market Day,J011,Indiranagar 100ft Road,6778,Weekday,False,Clear,False,0.0,False,False,0.536,Moderate,22.8,36.7,333.7,0.216,0.5,0.953,Moderate traffic flow - standard adaptive signal timing in effect
EVT445710,2025-05-24 17:09:28,Concert,J011,Indiranagar 100ft Road,10248,Weekend,False,Clear,False,0.0,False,False,0.787,Severe,13.7,56.4,571.9,0.257,0.594,0.94,Heavy congestion detected - signal timing extended and reroute suggested
EVT445711,2025-04-22 18:58:37,Concert,J009,Majestic,9647,Weekday,False,Clear,False,0.0,False,False,0.973,Severe,8.0,70.3,241.4,0.088,0.204,0.893,Heavy congestion detected - signal timing extended and reroute suggested
EVT445712,2026-03-04 20:25:38,Religious Festival,J030,MG Road,30163,Weekday,True,Clear,False,0.0,False,False,0.966,Severe,10.1,67.3,381.9,0.136,0.314,0.865,Festival crowd surge detected - alternate route and extended cycle recommended
EVT445713,2025-08-23 21:07:18,Trade Fair,J009,Majestic,6840,Weekend,False,Heavy Rain,True,63.1,False,False,0.764,Severe,14.4,56.3,341.9,0.177,0.409,0.929,Heavy rain reducing visibility and grip - reduced speed and longer buffer advised
EVT445714,2025-03-25 11:13:42,Local Market Day,J011,Indiranagar 100ft Road,3481,Weekday,False,Clear,False,0.0,False,False,0.44,Moderate,23.2,34.5,234.7,0.175,0.405,0.967,Moderate traffic flow - standard adaptive signal timing in effect
EVT445715,2025-08-16 14:25:12,Fireworks Display,J023,Basavanagudi,39877,Weekend,True,Clear,False,0.0,False,False,0.773,Severe,15.1,57.9,457.7,0.248,0.572,0.937,Festival crowd surge detected - alternate route and extended cycle recommended
EVT445716,2025-11-05 20:50:31,Sports Fixture,J023,Basavanagudi,14639,Weekday,False,Clear,False,0.0,False,False,0.541,Moderate,23.5,39.0,167.6,0.123,0.285,0.954,Moderate traffic flow - standard adaptive signal timing in effect
EVT445717,2026-04-21 08:24:54,Sports Fixture,J009,Majestic,23296,Weekday,False,Rain,True,12.1,False,False,1.0,Severe,8.3,73.3,531.1,0.184,0.424,0.881,Heavy rain reducing visibility and grip - reduced speed and longer buffer advised
EVT445718,2025-06-16 15:59:54,Concert,J030,MG Road,30669,Weekday,False,Clear,False,0.0,False,False,0.601,High,20.4,39.9,281.2,0.184,0.424,0.977,Moderate traffic flow - standard adaptive signal timing in effect
EVT445719,2026-02-13 17:58:35,Local Market Day,J031,Cubbon Road,5689,Weekday,False,Clear,False,0.0,False,False,0.978,Severe,9.8,70.6,195.0,0.072,0.167,0.914,Heavy congestion detected - signal timing extended and reroute suggested
EVT445720,2026-01-23 08:03:58,Local Market Day,J023,Basavanagudi,4739,Weekday,False,Clear,False,0.0,False,False,0.769,Severe,17.5,54.9,230.1,0.154,0.356,0.965,Heavy congestion detected - signal timing extended and reroute suggested
EVT445721,2025-12-13 16:32:41,Sports Fixture,J023,Basavanagudi,17903,Weekend,False,Clear,False,0.0,False,False,0.599,High,27.5,41.7,156.6,0.128,0.295,0.971,Moderate traffic flow - standard adaptive signal timing in effect
EVT445722,2025-07-19 14:17:50,Local Market Day,J023,Basavanagudi,5204,Weekend,False,Clear,False,0.0,False,False,0.271,Low,33.6,29.1,127.9,0.094,0.217,0.982,Moderate traffic flow - standard adaptive signal timing in effect
EVT445723,2025-04-18 10:40:20,Sports Fixture,J031,Cubbon Road,37579,Weekday,False,Clear,False,0.0,False,False,0.773,Severe,13.5,52.9,419.7,0.18,0.416,0.953,Heavy congestion detected - signal timing extended and reroute suggested
EVT445724,2025-08-07 18:19:09,Concert,J011,Indiranagar 100ft Road,9779,Weekday,False,Rain,True,18.5,False,False,1.0,Severe,9.9,73.3,273.2,0.108,0.249,0.866,Heavy rain reducing visibility and grip - reduced speed and longer buffer advised
EVT445725,2025-04-09 17:05:57,Trade Fair,J031,Cubbon Road,8424,Weekday,False,Clear,False,0.0,False,False,0.701,High,19.2,38.6,129.2,0.086,0.198,0.96,Moderate traffic flow - standard adaptive signal timing in effect
EVT445726,2025-06-05 14:25:58,Trade Fair,J011,Indiranagar 100ft Road,6949,Weekday,False,Fog,False,0.0,False,False,0.252,Low,34.7,22.3,137.3,0.126,0.291,0.958,Moderate traffic flow - standard adaptive signal timing in effect
EVT445727,2025-05-20 09:24:50,Local Market Day,J020,Malleshwaram Circle,3703,Weekday,False,Clear,False,0.0,False,False,1.0,Severe,9.8,71.2,590.4,0.244,0.563,0.906,Heavy congestion detected - signal timing extended and reroute suggested
EVT445728,2026-04-02 17:58:52,Concert,J023,Basavanagudi,9520,Weekday,False,Clear,False,0.0,False,False,1.0,Severe,8.8,71.9,523.6,0.188,0.435,0.893,Heavy congestion detected - signal timing extended and reroute suggested
EVT445729,2026-01-01 16:25:10,Religious Festival,J030,MG Road,55441,Weekday,True,Fog,False,0.0,False,True,1.0,Severe,7.2,105.7,438.3,0.149,0.343,0.842,Road closure for event/procession - full detour recommended for through-traffic
EVT445730,2025-07-17 19:32:50,Sports Fixture,J023,Basavanagudi,10712,Weekday,False,Clear,False,0.0,False,False,0.887,Severe,13.9,66.3,478.0,0.266,0.613,0.939,Heavy congestion detected - signal timing extended and reroute suggested
EVT445731,2025-11-17 06:16:22,Concert,J012,Koramangala Sony World,7112,Weekday,False,Fog,False,0.0,False,False,0.217,Low,23.1,11.8,195.3,0.117,0.271,0.969,Normal free-flow traffic - standard signal timing maintained
EVT445732,2025-11-22 15:42:54,Local Market Day,J023,Basavanagudi,5920,Weekend,False,Clear,False,0.0,False,False,0.406,Moderate,34.2,24.6,228.5,0.212,0.489,0.973,Moderate traffic flow - standard adaptive signal timing in effect
EVT445733,2025-06-12 11:06:16,Local Market Day,J020,Malleshwaram Circle,1859,Weekday,False,Heavy Rain,True,29.6,False,False,0.727,High,20.3,51.1,249.4,0.169,0.39,0.927,Heavy rain reducing visibility and grip - reduced speed and longer buffer advised
EVT445734,2025-10-24 18:39:17,Local Market Day,J040,City Market,3309,Weekday,False,Clear,False,0.0,False,False,1.0,Severe,7.3,72.4,266.4,0.098,0.226,0.924,Heavy congestion detected - signal timing extended and reroute suggested
EVT445735,2026-04-21 09:58:27,Local Market Day,J012,Koramangala Sony World,4821,Weekday,False,Clear,False,0.0,False,False,0.881,Severe,11.9,66.6,446.2,0.212,0.49,0.927,Heavy congestion detected - signal timing extended and reroute suggested
EVT445736,2025-10-22 14:33:01,Religious Festival,J040,City Market,33763,Weekday,True,Clear,False,0.0,False,True,0.716,High,14.2,68.4,380.3,0.186,0.431,0.86,Road closure for event/procession - full detour recommended for through-traffic
EVT445737,2026-01-26 17:53:05,Religious Festival,J012,Koramangala Sony World,61513,Weekday,True,Light Rain,True,6.7,False,True,1.0,Severe,7.3,101.1,1326.1,0.382,0.882,0.775,Road closure for event/procession - full detour recommended for through-traffic
EVT445738,2026-06-24 15:40:48,Trade Fair,J009,Majestic,6178,Weekday,False,Clear,False,0.0,False,False,0.377,Moderate,29.0,26.8,133.5,0.102,0.235,0.947,Moderate traffic flow - standard adaptive signal timing in effect
EVT445739,2025-10-25 17:26:14,Political Rally,J012,Koramangala Sony World,17659,Weekend,False,Clear,False,0.0,False,False,0.719,High,20.0,50.2,237.2,0.157,0.363,0.964,Moderate traffic flow - standard adaptive signal timing in effect
EVT445740,2025-10-30 18:56:28,Trade Fair,J009,Majestic,14527,Weekday,False,Rain,True,21.5,False,False,1.0,Severe,6.6,70.5,1140.3,0.314,0.726,0.879,Heavy rain reducing visibility and grip - reduced speed and longer buffer advised
EVT445741,2026-03-31 08:03:05,Political Rally,J020,Malleshwaram Circle,19966,Weekday,False,Clear,False,0.0,False,False,0.92,Severe,11.5,68.8,390.8,0.177,0.408,0.947,Heavy congestion detected - signal timing extended and reroute suggested
EVT445742,2025-02-16 08:29:34,Local Market Day,J031,Cubbon Road,4142,Weekend,False,Light Rain,True,6.6,False,False,0.946,Severe,7.4,66.6,459.6,0.134,0.309,0.871,Heavy rain reducing visibility and grip - reduced speed and longer buffer advised
EVT445743,2025-10-29 23:03:24,Sports Fixture,J040,City Market,23937,Weekday,False,Heavy Rain,True,27.4,False,False,0.58,High,21.4,41.4,203.7,0.134,0.31,0.933,Heavy rain reducing visibility and grip - reduced speed and longer buffer advised
EVT445744,2025-03-09 10:24:34,Sports Fixture,J012,Koramangala Sony World,16483,Weekend,False,Clear,False,0.0,False,False,0.703,High,17.1,46.3,336.1,0.193,0.445,0.963,Moderate traffic flow - standard adaptive signal timing in effect
EVT445745,2026-01-06 13:32:12,Concert,J030,MG Road,16622,Weekday,False,Clear,False,0.0,False,False,0.221,Low,28.6,15.8,210.4,0.167,0.387,0.948,Normal free-flow traffic - standard signal timing maintained
EVT445746,2025-01-26 09:21:28,Cultural Procession,J023,Basavanagudi,9552,Weekend,True,Light Rain,True,2.9,False,False,1.0,Severe,8.5,65.5,460.2,0.179,0.414,0.822,Festival crowd surge detected - alternate route and extended cycle recommended
EVT445747,2025-03-01 23:05:44,Sports Fixture,J040,City Market,16426,Weekend,False,Clear,False,0.0,False,False,0.343,Low,32.5,22.4,116.5,0.096,0.221,0.942,Moderate traffic flow - standard adaptive signal timing in effect
EVT445748,2025-06-29 17:22:43,Concert,J009,Majestic,16388,Weekend,False,Rain,True,13.5,False,False,0.943,Severe,10.2,62.8,604.1,0.235,0.542,0.846,Heavy rain reducing visibility and grip - reduced speed and longer buffer advised
EVT445749,2026-04-12 07:28:01,Local Market Day,J030,MG Road,2389,Weekend,False,Clear,False,0.0,False,False,0.626,High,22.3,46.8,180.8,0.141,0.325,0.949,Moderate traffic flow - standard adaptive signal timing in effect
EVT445750,2025-09-13 20:19:50,Local Market Day,J012,Koramangala Sony World,4147,Weekend,False,Heavy Rain,True,42.0,False,False,0.942,Severe,10.5,65.7,462.1,0.196,0.453,0.883,Heavy rain reducing visibility and grip - reduced speed and longer buffer advised
EVT445751,2025-08-28 22:43:23,Religious Festival,J030,MG Road,37521,Weekday,True,Clear,False,0.0,False,True,0.749,High,13.2,73.1,386.5,0.189,0.436,0.869,Road closure for event/procession - full detour recommended for through-traffic
EVT445752,2025-02-24 11:42:46,Sports Fixture,J030,MG Road,21654,Weekday,False,Clear,False,0.0,False,False,0.432,Moderate,22.5,29.3,118.7,0.077,0.178,0.981,Moderate traffic flow - standard adaptive signal timing in effect
EVT445753,2025-09-22 07:04:17,Local Market Day,J020,Malleshwaram Circle,6287,Weekday,False,Rain,True,9.2,False,False,0.655,High,18.6,47.0,251.6,0.143,0.331,0.927,Heavy rain reducing visibility and grip - reduced speed and longer buffer advised
EVT445754,2025-10-18 09:07:20,Local Market Day,J040,City Market,4419,Weekend,False,Clear,False,0.0,False,False,0.845,Severe,13.9,63.6,279.8,0.144,0.332,0.968,Heavy congestion detected - signal timing extended and reroute suggested
EVT445755,2025-01-13 07:47:21,Trade Fair,J020,Malleshwaram Circle,17881,Weekday,False,Clear,False,0.0,False,False,0.803,Severe,14.0,54.3,309.6,0.159,0.368,0.978,Heavy congestion detected - signal timing extended and reroute suggested
EVT445756,2025-06-27 18:24:03,Political Rally,J012,Koramangala Sony World,11628,Weekday,False,Clear,False,0.0,False,False,1.0,Severe,9.0,73.9,757.8,0.267,0.617,0.928,Heavy congestion detected - signal timing extended and reroute suggested
EVT445757,2025-09-06 10:44:43,Religious Festival,J012,Koramangala Sony World,36631,Weekend,True,Clear,False,0.0,False,True,1.0,Severe,9.5,97.6,338.9,0.138,0.319,0.831,Road closure for event/procession - full detour recommended for through-traffic
EVT445758,2025-06-01 07:37:39,Sports Fixture,J040,City Market,28873,Weekend,False,Rain,True,17.7,False,False,0.923,Severe,12.2,67.3,420.5,0.216,0.499,0.854,Heavy rain reducing visibility and grip - reduced speed and longer buffer advised
EVT445759,2025-03-29 18:21:56,Sports Fixture,J011,Indiranagar 100ft Road,36832,Weekend,False,Clear,False,0.0,False,False,1.0,Severe,6.5,65.3,518.4,0.156,0.36,0.901,Heavy congestion detected - signal timing extended and reroute suggested
EVT445760,2026-01-16 13:40:59,Sports Fixture,J012,Koramangala Sony World,30472,Weekday,False,Clear,False,0.0,False,False,0.372,Moderate,27.5,26.9,147.0,0.114,0.262,0.962,Moderate traffic flow - standard adaptive signal timing in effect
EVT445761,2025-11-28 08:33:55,Concert,J030,MG Road,14999,Weekday,False,Clear,False,0.0,False,False,1.0,Severe,6.5,68.2,931.3,0.234,0.54,0.926,Heavy congestion detected - signal timing extended and reroute suggested
EVT445762,2026-05-27 07:02:44,Concert,J023,Basavanagudi,12686,Weekday,False,Clear,False,0.0,False,False,0.466,Moderate,24.6,31.6,203.3,0.137,0.317,0.935,Moderate traffic flow - standard adaptive signal timing in effect
EVT445763,2025-09-27 16:52:18,Local Market Day,J020,Malleshwaram Circle,3060,Weekend,False,Clear,False,0.0,False,False,0.677,High,19.5,48.1,203.4,0.12,0.276,0.974,Moderate traffic flow - standard adaptive signal timing in effect
EVT445764,2025-10-27 18:38:04,Political Rally,J030,MG Road,17484,Weekday,False,Clear,False,0.0,False,False,1.0,Severe,8.8,73.0,439.6,0.174,0.403,0.907,Heavy congestion detected - signal timing extended and reroute suggested
EVT445765,2026-03-17 22:35:39,Concert,J009,Majestic,12004,Weekday,False,Clear,False,0.0,False,False,0.228,Low,35.1,18.3,139.3,0.119,0.274,0.973,Normal free-flow traffic - standard signal timing maintained
EVT445766,2025-07-28 07:22:47,Sports Fixture,J030,MG Road,21261,Weekday,False,Clear,False,0.0,False,False,0.721,High,16.5,50.2,421.8,0.206,0.475,0.958,Moderate traffic flow - standard adaptive signal timing in effect
EVT445767,2026-03-28 21:43:25,Trade Fair,J009,Majestic,6489,Weekend,False,Clear,False,0.0,False,False,0.315,Low,17.5,23.7,165.8,0.079,0.182,0.94,Moderate traffic flow - standard adaptive signal timing in effect
EVT445768,2026-06-17 17:08:01,Sports Fixture,J031,Cubbon Road,32362,Weekday,False,Clear,False,0.0,False,False,0.947,Severe,9.5,70.7,612.9,0.206,0.477,0.905,Heavy congestion detected - signal timing extended and reroute suggested
EVT445769,2026-03-11 08:00:14,Local Market Day,J011,Indiranagar 100ft Road,3291,Weekday,False,Clear,False,0.0,False,False,0.788,Severe,11.6,58.9,190.4,0.067,0.154,0.957,Heavy congestion detected - signal timing extended and reroute suggested
EVT445770,2026-01-28 06:09:27,Political Rally,J023,Basavanagudi,11906,Weekday,False,Clear,False,0.0,False,False,0.276,Low,34.1,13.7,138.8,0.125,0.29,0.96,Moderate traffic flow - standard adaptive signal timing in effect
EVT445771,2025-06-21 18:34:41,Concert,J030,MG Road,13598,Weekend,False,Rain,True,12.6,False,False,1.0,Severe,7.8,69.6,660.8,0.211,0.487,0.848,Heavy rain reducing visibility and grip - reduced speed and longer buffer advised
EVT445772,2025-10-07 12:40:36,Sports Fixture,J040,City Market,24831,Weekday,False,Clear,False,0.0,False,False,0.257,Low,34.7,16.7,114.7,0.101,0.233,0.943,Moderate traffic flow - standard adaptive signal timing in effect
EVT445773,2025-07-16 08:58:34,Concert,J009,Majestic,14423,Weekday,False,Clear,False,0.0,False,False,1.0,Severe,7.9,64.8,402.4,0.118,0.273,0.93,Heavy congestion detected - signal timing extended and reroute suggested
EVT445774,2025-01-09 06:30:19,Local Market Day,J030,MG Road,7628,Weekday,False,Clear,False,0.0,False,False,0.381,Moderate,35.3,21.7,136.7,0.138,0.32,0.947,Moderate traffic flow - standard adaptive signal timing in effect
EVT445775,2026-05-29 17:51:10,Concert,J011,Indiranagar 100ft Road,25807,Weekday,False,Clear,False,0.0,False,False,1.0,Severe,10.0,68.7,281.4,0.128,0.295,0.901,Heavy congestion detected - signal timing extended and reroute suggested
EVT445776,2025-09-28 19:37:22,Concert,J012,Koramangala Sony World,10763,Weekend,False,Clear,False,0.0,False,False,0.769,Severe,19.5,57.1,340.0,0.213,0.491,0.957,Heavy congestion detected - signal timing extended and reroute suggested
EVT445777,2026-04-09 18:38:24,Trade Fair,J012,Koramangala Sony World,4569,Weekday,False,Clear,False,0.0,False,False,0.929,Severe,10.8,67.1,539.2,0.226,0.523,0.909,Heavy congestion detected - signal timing extended and reroute suggested
EVT445778,2025-02-24 17:50:51,Trade Fair,J011,Indiranagar 100ft Road,4820,Weekday,False,Clear,False,0.0,False,False,0.977,Severe,10.0,73.7,432.2,0.177,0.409,0.921,Heavy congestion detected - signal timing extended and reroute suggested
EVT445779,2026-03-23 18:36:08,Trade Fair,J023,Basavanagudi,9869,Weekday,False,Clear,False,0.0,False,False,1.0,Severe,8.6,69.0,442.4,0.158,0.366,0.906,Heavy congestion detected - signal timing extended and reroute suggested
EVT445780,2025-10-12 19:04:06,Concert,J012,Koramangala Sony World,15413,Weekend,False,Clear,False,0.0,False,False,0.892,Severe,12.8,64.6,325.5,0.16,0.37,0.926,Heavy congestion detected - signal timing extended and reroute suggested
EVT445781,2025-10-01 09:14:12,Local Market Day,J040,City Market,5177,Weekday,False,Rain,True,11.5,False,False,1.0,Severe,6.6,68.2,1091.5,0.281,0.648,0.863,Heavy rain reducing visibility and grip - reduced speed and longer buffer advised
EVT445782,2025-01-12 07:00:13,Local Market Day,J030,MG Road,4981,Weekend,False,Clear,False,0.0,False,False,0.455,Moderate,28.8,26.7,112.7,0.079,0.182,0.947,Moderate traffic flow - standard adaptive signal timing in effect
EVT445783,2026-02-03 19:23:58,Political Rally,J009,Majestic,26779,Weekday,False,Clear,False,0.0,False,False,1.0,Severe,7.0,71.0,777.3,0.237,0.548,0.94,Heavy congestion detected - signal timing extended and reroute suggested
EVT445784,2025-03-25 09:02:24,Local Market Day,J012,Koramangala Sony World,5055,Weekday,False,Clear,False,0.0,False,False,1.0,Severe,8.1,67.5,711.7,0.248,0.574,0.918,Heavy congestion detected - signal timing extended and reroute suggested
EVT445785,2026-04-26 10:53:03,Concert,J011,Indiranagar 100ft Road,15488,Weekend,False,Clear,False,0.0,False,False,0.486,Moderate,24.8,41.9,271.8,0.207,0.478,0.97,Moderate traffic flow - standard adaptive signal timing in effect
EVT445786,2025-12-27 17:00:50,Sports Fixture,J009,Majestic,20950,Weekend,False,Fog,False,0.0,False,False,0.718,High,16.5,46.1,368.9,0.208,0.48,0.949,Moderate traffic flow - standard adaptive signal timing in effect
EVT445787,2025-08-05 16:10:29,Local Market Day,J023,Basavanagudi,3050,Weekday,False,Clear,False,0.0,False,False,0.526,Moderate,19.1,36.7,318.4,0.184,0.425,0.938,Moderate traffic flow - standard adaptive signal timing in effect
EVT445788,2025-10-25 15:47:27,Local Market Day,J031,Cubbon Road,2962,Weekend,False,Clear,False,0.0,False,False,0.412,Moderate,32.4,31.0,211.7,0.187,0.431,0.961,Moderate traffic flow - standard adaptive signal timing in effect
EVT445789,2025-07-17 18:27:23,Trade Fair,J020,Malleshwaram Circle,10049,Weekday,False,Clear,False,0.0,False,False,1.0,Severe,9.0,70.8,274.6,0.099,0.23,0.916,Heavy congestion detected - signal timing extended and reroute suggested
EVT445790,2025-12-22 15:15:25,Trade Fair,J031,Cubbon Road,12042,Weekday,False,Clear,False,0.0,False,False,0.281,Low,32.4,23.0,184.9,0.146,0.337,0.961,Moderate traffic flow - standard adaptive signal timing in effect
EVT445791,2025-11-25 06:49:07,Sports Fixture,J040,City Market,27149,Weekday,False,Clear,False,0.0,False,False,0.594,High,19.5,40.8,192.1,0.13,0.3,0.942,Moderate traffic flow - standard adaptive signal timing in effect
EVT445792,2025-07-27 16:18:02,Local Market Day,J040,City Market,4152,Weekend,False,Heavy Rain,True,47.4,False,False,0.843,Severe,13.6,59.1,496.8,0.236,0.545,0.905,Heavy rain reducing visibility and grip - reduced speed and longer buffer advised
EVT445793,2025-12-04 07:16:57,Trade Fair,J031,Cubbon Road,16284,Weekday,False,Light Rain,True,7.3,False,False,0.742,High,18.3,50.3,259.3,0.148,0.343,0.921,Heavy rain reducing visibility and grip - reduced speed and longer buffer advised
EVT445794,2025-11-17 12:28:39,Sports Fixture,J023,Basavanagudi,15931,Weekday,False,Clear,False,0.0,False,False,0.259,Low,25.2,17.5,190.4,0.125,0.29,0.984,Moderate traffic flow - standard adaptive signal timing in effect
EVT445795,2025-08-26 16:49:29,Local Market Day,J023,Basavanagudi,3502,Weekday,False,Heavy Rain,True,33.2,False,False,0.942,Severe,9.6,63.5,525.6,0.204,0.471,0.859,Heavy rain reducing visibility and grip - reduced speed and longer buffer advised
EVT445796,2025-07-01 10:09:53,Concert,J009,Majestic,7776,Weekday,False,Heavy Rain,True,53.3,False,False,1.0,Severe,8.6,64.6,346.1,0.13,0.3,0.885,Heavy rain reducing visibility and grip - reduced speed and longer buffer advised
EVT445797,2025-05-19 11:09:47,Sports Fixture,J012,Koramangala Sony World,14049,Weekday,False,Clear,False,0.0,False,False,0.448,Moderate,33.1,34.9,180.9,0.146,0.338,0.956,Moderate traffic flow - standard adaptive signal timing in effect
EVT445798,2025-09-02 18:17:45,Local Market Day,J020,Malleshwaram Circle,4304,Weekday,False,Heavy Rain,True,41.9,False,False,1.0,Severe,9.8,69.2,335.8,0.152,0.351,0.862,Heavy rain reducing visibility and grip - reduced speed and longer buffer advised
EVT445799,2026-05-02 15:45:57,Religious Festival,J009,Majestic,55054,Weekend,True,Clear,False,0.0,False,False,1.0,Severe,6.7,74.6,855.0,0.256,0.592,0.853,Festival crowd surge detected - alternate route and extended cycle recommended
EVT445800,2025-07-06 06:14:29,Local Market Day,J031,Cubbon Road,4048,Weekend,False,Clear,False,0.0,False,False,0.302,Low,33.3,23.4,93.3,0.081,0.188,0.978,Moderate traffic flow - standard adaptive signal timing in effect
EVT445801,2026-01-13 20:08:11,Local Market Day,J031,Cubbon Road,5365,Weekday,False,Clear,False,0.0,False,False,0.645,High,19.1,42.8,210.3,0.138,0.32,0.975,Moderate traffic flow - standard adaptive signal timing in effect
EVT445802,2025-08-30 08:36:07,Local Market Day,J030,MG Road,4690,Weekend,False,Clear,False,0.0,False,False,0.846,Severe,14.3,51.9,306.8,0.162,0.375,0.938,Heavy congestion detected - signal timing extended and reroute suggested
EVT445803,2026-03-14 09:44:00,Concert,J012,Koramangala Sony World,6610,Weekend,False,Clear,False,0.0,False,False,0.765,Severe,15.8,51.6,405.5,0.234,0.539,0.958,Heavy congestion detected - signal timing extended and reroute suggested
EVT445804,2026-01-11 08:06:20,Political Rally,J023,Basavanagudi,18936,Weekend,False,Clear,False,0.0,False,False,0.831,Severe,15.6,51.4,208.4,0.12,0.276,0.953,Heavy congestion detected - signal timing extended and reroute suggested
EVT445805,2026-01-21 14:30:31,Local Market Day,J011,Indiranagar 100ft Road,5614,Weekday,False,Clear,False,0.0,False,False,0.251,Low,32.9,17.9,86.0,0.082,0.188,0.967,Moderate traffic flow - standard adaptive signal timing in effect
EVT445806,2025-09-08 08:15:19,Local Market Day,J031,Cubbon Road,4027,Weekday,False,Light Rain,True,3.2,False,False,1.0,Severe,6.9,73.8,272.2,0.101,0.234,0.873,Heavy rain reducing visibility and grip - reduced speed and longer buffer advised
EVT445807,2025-11-22 09:46:45,Concert,J009,Majestic,10086,Weekend,False,Fog,False,0.0,False,False,0.814,Severe,12.2,56.1,430.2,0.2,0.462,0.948,Heavy congestion detected - signal timing extended and reroute suggested
EVT445808,2026-04-29 17:38:28,Local Market Day,J040,City Market,2753,Weekday,False,Clear,False,0.0,False,False,0.912,Severe,11.3,60.9,427.5,0.187,0.432,0.954,Heavy congestion detected - signal timing extended and reroute suggested
EVT445809,2025-08-18 09:02:01,Political Rally,J011,Indiranagar 100ft Road,14761,Weekday,False,Clear,False,0.0,False,False,1.0,Severe,8.0,66.3,314.5,0.113,0.26,0.905,Heavy congestion detected - signal timing extended and reroute suggested
EVT445810,2026-05-07 19:05:11,Sports Fixture,J020,Malleshwaram Circle,16708,Weekday,False,Rain,True,8.1,False,False,1.0,Severe,5.4,71.1,600.2,0.14,0.324,0.878,Heavy rain reducing visibility and grip - reduced speed and longer buffer advised
EVT445811,2025-07-11 09:21:36,Political Rally,J031,Cubbon Road,9783,Weekday,False,Clear,False,0.0,False,False,1.0,Severe,8.7,71.2,662.4,0.235,0.543,0.882,Heavy congestion detected - signal timing extended and reroute suggested
EVT445812,2026-04-19 10:05:03,Concert,J030,MG Road,11980,Weekend,False,Clear,False,0.0,False,False,0.757,Severe,15.3,56.2,354.5,0.185,0.428,0.961,Heavy congestion detected - signal timing extended and reroute suggested
EVT445813,2025-12-05 17:27:28,Concert,J011,Indiranagar 100ft Road,6320,Weekday,False,Clear,False,0.0,False,False,0.912,Severe,8.9,63.9,256.7,0.073,0.169,0.9,Heavy congestion detected - signal timing extended and reroute suggested
EVT445814,2025-01-02 19:56:46,Concert,J012,Koramangala Sony World,23052,Weekday,False,Clear,False,0.0,False,False,0.897,Severe,8.4,66.4,504.1,0.167,0.385,0.932,Heavy congestion detected - signal timing extended and reroute suggested
EVT445815,2025-09-22 21:47:10,Local Market Day,J031,Cubbon Road,2358,Weekday,False,Heavy Rain,True,53.0,False,False,0.621,High,26.0,34.9,164.4,0.134,0.309,0.92,Heavy rain reducing visibility and grip - reduced speed and longer buffer advised
EVT445816,2025-11-14 16:02:08,Trade Fair,J031,Cubbon Road,7227,Weekday,False,Clear,False,0.0,False,False,0.466,Moderate,21.6,40.2,216.4,0.141,0.327,0.937,Moderate traffic flow - standard adaptive signal timing in effect
EVT445817,2025-03-14 08:19:03,Religious Festival,J020,Malleshwaram Circle,24563,Weekday,True,Clear,False,0.0,False,False,1.0,Severe,7.4,70.1,508.2,0.161,0.373,0.858,Festival crowd surge detected - alternate route and extended cycle recommended
EVT445818,2025-03-28 08:48:28,Local Market Day,J020,Malleshwaram Circle,3098,Weekday,False,Clear,False,0.0,False,False,0.983,Severe,8.7,65.3,574.3,0.207,0.477,0.912,Heavy congestion detected - signal timing extended and reroute suggested
EVT445819,2025-06-19 14:05:19,Sports Fixture,J012,Koramangala Sony World,15981,Weekday,False,Heavy Rain,True,72.4,False,False,0.674,High,18.4,50.1,161.3,0.099,0.228,0.907,Heavy rain reducing visibility and grip - reduced speed and longer buffer advised
EVT445820,2025-05-03 06:56:17,Trade Fair,J011,Indiranagar 100ft Road,11960,Weekend,False,Clear,False,0.0,False,False,0.448,Moderate,32.3,34.0,159.0,0.129,0.297,0.989,Moderate traffic flow - standard adaptive signal timing in effect
EVT445821,2026-01-13 19:00:30,Sports Fixture,J012,Koramangala Sony World,16880,Weekday,False,Clear,False,0.0,False,False,1.0,Severe,9.0,69.2,420.8,0.169,0.391,0.933,Heavy congestion detected - signal timing extended and reroute suggested
EVT445822,2025-03-02 09:56:45,Trade Fair,J012,Koramangala Sony World,7389,Weekend,False,Clear,False,0.0,False,False,0.766,Severe,16.5,56.0,436.9,0.236,0.546,0.967,Heavy congestion detected - signal timing extended and reroute suggested
EVT445823,2026-04-14 09:45:31,Fireworks Display,J011,Indiranagar 100ft Road,28270,Weekday,True,Clear,False,0.0,False,False,1.0,Severe,7.9,71.0,529.3,0.159,0.367,0.893,Festival crowd surge detected - alternate route and extended cycle recommended
EVT445824,2025-10-09 05:34:41,Local Market Day,J020,Malleshwaram Circle,5995,Weekday,False,Clear,False,0.0,False,False,0.16,Low,30.4,8.5,154.6,0.125,0.289,0.965,Normal free-flow traffic - standard signal timing maintained
EVT445825,2026-03-17 17:36:32,Concert,J030,MG Road,12020,Weekday,False,Clear,False,0.0,False,False,0.909,Severe,11.4,65.6,415.7,0.201,0.465,0.919,Heavy congestion detected - signal timing extended and reroute suggested
EVT445826,2026-02-04 18:21:16,Concert,J031,Cubbon Road,8229,Weekday,False,Clear,False,0.0,False,False,0.99,Severe,8.1,68.1,308.2,0.112,0.258,0.91,Heavy congestion detected - signal timing extended and reroute suggested
EVT445827,2026-04-21 18:49:07,Local Market Day,J023,Basavanagudi,3543,Weekday,False,Clear,False,0.0,False,False,1.0,Severe,8.3,65.6,458.4,0.179,0.413,0.912,Heavy congestion detected - signal timing extended and reroute suggested
EVT445828,2025-06-30 18:32:10,Sports Fixture,J011,Indiranagar 100ft Road,25781,Weekday,False,Heavy Rain,True,36.0,False,False,1.0,Severe,7.1,79.3,674.2,0.213,0.492,0.861,Heavy rain reducing visibility and grip - reduced speed and longer buffer advised
EVT445829,2026-06-28 23:39:26,Concert,J011,Indiranagar 100ft Road,13879,Weekend,False,Clear,False,0.0,False,False,0.372,Moderate,32.2,30.6,74.0,0.056,0.129,0.974,Moderate traffic flow - standard adaptive signal timing in effect
EVT445830,2025-08-01 21:49:42,Sports Fixture,J012,Koramangala Sony World,25139,Weekday,False,Rain,True,15.8,False,False,0.541,Moderate,21.3,40.9,136.8,0.102,0.237,0.893,Light rain detected - minor speed reduction advised
EVT445831,2026-03-04 11:55:08,Religious Festival,J023,Basavanagudi,29777,Weekday,True,Clear,False,0.0,False,False,0.697,High,19.2,44.7,241.7,0.164,0.379,0.908,Festival crowd surge detected - alternate route and extended cycle recommended
EVT445832,2025-11-26 18:31:11,Local Market Day,J009,Majestic,4264,Weekday,False,Clear,False,0.0,False,False,1.0,Severe,7.5,72.4,727.2,0.23,0.532,0.922,Heavy congestion detected - signal timing extended and reroute suggested
EVT445833,2025-04-07 11:07:01,Religious Festival,J040,City Market,38656,Weekday,True,Fog,False,0.0,False,True,1.0,Severe,8.4,98.1,616.3,0.224,0.518,0.816,Road closure for event/procession - full detour recommended for through-traffic
EVT445834,2026-06-27 13:39:01,Local Market Day,J040,City Market,2969,Weekend,False,Rain,True,11.5,False,False,0.379,Moderate,31.2,24.5,135.4,0.11,0.255,0.924,Light rain detected - minor speed reduction advised
EVT445835,2025-07-23 18:40:49,Trade Fair,J012,Koramangala Sony World,7751,Weekday,False,Rain,True,19.9,False,False,1.0,Severe,8.2,70.7,517.7,0.182,0.419,0.858,Heavy rain reducing visibility and grip - reduced speed and longer buffer advised
EVT445836,2025-01-25 20:22:22,Trade Fair,J040,City Market,5518,Weekend,False,Clear,False,0.0,False,False,0.573,High,20.3,34.1,117.0,0.067,0.154,0.986,Moderate traffic flow - standard adaptive signal timing in effect
EVT445837,2025-12-16 13:34:35,Local Market Day,J031,Cubbon Road,4035,Weekday,False,Clear,False,0.0,False,False,0.262,Low,31.2,17.2,120.3,0.106,0.244,0.957,Moderate traffic flow - standard adaptive signal timing in effect
EVT445838,2025-01-30 07:04:37,Trade Fair,J030,MG Road,10659,Weekday,False,Clear,False,0.0,False,False,0.46,Moderate,27.3,29.2,271.1,0.194,0.448,0.962,Moderate traffic flow - standard adaptive signal timing in effect
EVT445839,2025-10-15 19:52:14,Local Market Day,J040,City Market,3178,Weekday,False,Clear,False,0.0,False,False,0.753,Severe,21.9,54.8,225.6,0.151,0.349,0.953,Heavy congestion detected - signal timing extended and reroute suggested
EVT445840,2026-05-20 18:36:21,Local Market Day,J020,Malleshwaram Circle,3487,Weekday,False,Clear,False,0.0,False,False,1.0,Severe,9.9,73.4,449.1,0.135,0.311,0.912,Heavy congestion detected - signal timing extended and reroute suggested
EVT445841,2026-01-05 04:57:09,Sports Fixture,J023,Basavanagudi,30732,Weekday,False,Clear,False,0.0,False,False,0.408,Moderate,20.7,16.9,307.9,0.193,0.445,0.941,Moderate traffic flow - standard adaptive signal timing in effect
EVT445842,2025-07-16 14:40:23,Local Market Day,J012,Koramangala Sony World,4358,Weekday,False,Heavy Rain,True,33.7,False,False,0.498,Moderate,18.2,35.8,312.1,0.184,0.424,0.898,Light rain detected - minor speed reduction advised
EVT445843,2026-04-19 13:10:19,Trade Fair,J023,Basavanagudi,10308,Weekend,False,Clear,False,0.0,False,False,0.227,Low,34.1,17.8,148.2,0.124,0.286,0.985,Normal free-flow traffic - standard signal timing maintained
EVT445844,2026-05-15 19:01:32,Concert,J011,Indiranagar 100ft Road,11072,Weekday,False,Clear,False,0.0,False,False,1.0,Severe,9.5,70.8,536.8,0.199,0.459,0.928,Heavy congestion detected - signal timing extended and reroute suggested
EVT445845,2025-03-20 06:07:33,Political Rally,J011,Indiranagar 100ft Road,17698,Weekday,False,Fog,False,0.0,False,False,0.356,Moderate,34.6,29.4,128.8,0.083,0.191,0.962,Moderate traffic flow - standard adaptive signal timing in effect
EVT445846,2025-01-08 09:07:39,Concert,J011,Indiranagar 100ft Road,12040,Weekday,False,Clear,False,0.0,False,False,1.0,Severe,7.7,66.8,204.6,0.069,0.16,0.928,Heavy congestion detected - signal timing extended and reroute suggested
EVT445847,2026-03-10 14:11:09,Local Market Day,J040,City Market,3880,Weekday,False,Clear,False,0.0,False,False,0.303,Low,27.9,18.6,267.7,0.169,0.39,0.978,Moderate traffic flow - standard adaptive signal timing in effect
EVT445848,2025-06-29 07:03:54,Local Market Day,J012,Koramangala Sony World,3924,Weekend,False,Clear,False,0.0,False,False,0.413,Moderate,34.9,25.3,146.6,0.136,0.315,0.953,Moderate traffic flow - standard adaptive signal timing in effect
EVT445849,2025-03-28 17:32:48,Local Market Day,J012,Koramangala Sony World,4019,Weekday,False,Clear,False,0.0,False,False,0.791,Severe,16.6,53.9,344.8,0.182,0.42,0.948,Heavy congestion detected - signal timing extended and reroute suggested
EVT445850,2026-01-16 19:41:01,Trade Fair,J009,Majestic,12397,Weekday,False,Clear,False,0.0,False,False,0.882,Severe,9.8,64.0,203.0,0.084,0.194,0.941,Heavy congestion detected - signal timing extended and reroute suggested
EVT445851,2025-12-25 21:03:08,Cultural Procession,J012,Koramangala Sony World,12464,Weekday,True,Clear,False,0.0,False,True,0.829,High,14.7,87.8,339.6,0.168,0.388,0.863,Road closure for event/procession - full detour recommended for through-traffic
EVT445852,2025-07-25 14:46:11,Local Market Day,J040,City Market,4947,Weekday,False,Heavy Rain,True,89.7,False,False,0.516,Moderate,22.8,33.4,271.4,0.189,0.436,0.907,Light rain detected - minor speed reduction advised
EVT445853,2025-10-05 14:12:00,Political Rally,J040,City Market,12674,Weekend,False,Clear,False,0.0,False,False,0.319,Low,33.7,25.8,118.5,0.088,0.203,0.961,Moderate traffic flow - standard adaptive signal timing in effect
EVT445854,2025-05-28 11:38:39,Concert,J023,Basavanagudi,12356,Weekday,False,Clear,False,0.0,False,False,0.287,Low,29.4,20.8,178.5,0.143,0.331,0.977,Moderate traffic flow - standard adaptive signal timing in effect
EVT445855,2025-07-23 10:44:27,Trade Fair,J012,Koramangala Sony World,9355,Weekday,False,Clear,False,0.0,False,False,0.519,Moderate,30.5,38.1,187.3,0.135,0.311,0.97,Moderate traffic flow - standard adaptive signal timing in effect
EVT445856,2025-06-30 13:20:24,Local Market Day,J040,City Market,2928,Weekday,False,Heavy Rain,True,30.2,False,False,0.434,Moderate,26.6,30.8,171.3,0.133,0.306,0.922,Light rain detected - minor speed reduction advised
EVT445857,2025-06-19 18:50:25,Sports Fixture,J023,Basavanagudi,22909,Weekday,False,Clear,False,0.0,False,False,1.0,Severe,7.8,66.2,677.7,0.202,0.467,0.926,Heavy congestion detected - signal timing extended and reroute suggested
EVT445858,2025-06-16 17:27:34,Local Market Day,J040,City Market,4969,Weekday,False,Rain,True,16.6,False,False,1.0,Severe,7.9,67.0,477.2,0.17,0.393,0.884,Heavy rain reducing visibility and grip - reduced speed and longer buffer advised
EVT445859,2025-12-03 19:43:39,Trade Fair,J030,MG Road,7881,Weekday,False,Clear,False,0.0,False,False,0.874,Severe,13.6,63.9,343.5,0.164,0.378,0.926,Heavy congestion detected - signal timing extended and reroute suggested
EVT445860,2026-02-26 12:29:57,Political Rally,J030,MG Road,14282,Weekday,False,Clear,False,0.0,False,False,0.206,Low,35.6,12.3,130.2,0.124,0.287,0.951,Normal free-flow traffic - standard signal timing maintained
EVT445861,2025-08-15 13:02:19,Cultural Procession,J031,Cubbon Road,15436,Weekday,True,Heavy Rain,True,28.6,False,True,1.0,Severe,8.5,105.2,232.1,0.101,0.232,0.776,Road closure for event/procession - full detour recommended for through-traffic
EVT445862,2026-01-18 14:40:00,Local Market Day,J011,Indiranagar 100ft Road,5361,Weekend,False,Clear,False,0.0,False,False,0.358,Moderate,21.4,25.0,200.5,0.107,0.248,0.974,Moderate traffic flow - standard adaptive signal timing in effect
EVT445863,2025-05-16 20:35:56,Concert,J030,MG Road,15898,Weekday,False,Clear,False,0.0,False,False,0.527,Moderate,26.4,37.7,136.4,0.103,0.237,0.976,Moderate traffic flow - standard adaptive signal timing in effect
EVT445864,2025-12-03 19:21:45,Political Rally,J009,Majestic,13588,Weekday,False,Clear,False,0.0,False,False,0.976,Severe,11.2,69.5,255.4,0.098,0.226,0.932,Heavy congestion detected - signal timing extended and reroute suggested
EVT445865,2026-01-15 17:20:34,Religious Festival,J031,Cubbon Road,30535,Weekday,True,Clear,False,0.0,True,True,1.0,Severe,7.6,103.8,566.7,0.183,0.423,0.675,Road closure for event/procession - full detour recommended for through-traffic
EVT445866,2025-11-20 09:51:16,Local Market Day,J040,City Market,5229,Weekday,False,Clear,False,0.0,False,False,0.872,Severe,14.4,66.4,533.5,0.272,0.629,0.982,Heavy congestion detected - signal timing extended and reroute suggested
EVT445867,2025-04-23 15:35:39,Trade Fair,J011,Indiranagar 100ft Road,6911,Weekday,False,Clear,False,0.0,False,False,0.359,Moderate,24.8,25.8,227.3,0.145,0.334,0.961,Moderate traffic flow - standard adaptive signal timing in effect
EVT445868,2026-05-22 19:58:15,Trade Fair,J009,Majestic,11682,Weekday,False,Clear,False,0.0,False,False,0.724,High,12.7,51.6,591.0,0.282,0.65,0.964,Moderate traffic flow - standard adaptive signal timing in effect
EVT445869,2025-12-06 18:30:49,Political Rally,J011,Indiranagar 100ft Road,16127,Weekend,False,Clear,False,0.0,True,False,1.0,Severe,8.6,73.6,417.1,0.154,0.355,0.769,Accident detected nearby - reroute and reduced speed advised
EVT445870,2025-06-07 18:27:48,Concert,J040,City Market,19409,Weekend,False,Fog,False,0.0,False,False,0.949,Severe,11.0,58.1,589.2,0.255,0.589,0.941,Heavy congestion detected - signal timing extended and reroute suggested
EVT445871,2025-01-15 12:22:31,Religious Festival,J009,Majestic,50656,Weekday,True,Clear,False,0.0,False,True,0.825,High,14.1,80.8,264.6,0.143,0.33,0.837,Road closure for event/procession - full detour recommended for through-traffic
EVT445872,2025-04-24 12:54:29,Trade Fair,J011,Indiranagar 100ft Road,7140,Weekday,False,Clear,False,0.0,False,False,0.27,Low,34.8,18.2,149.0,0.12,0.277,0.96,Moderate traffic flow - standard adaptive signal timing in effect
EVT445873,2026-05-10 08:21:26,Trade Fair,J040,City Market,10101,Weekend,False,Clear,False,0.0,False,False,0.802,Severe,11.7,60.1,315.3,0.129,0.299,0.947,Heavy congestion detected - signal timing extended and reroute suggested
EVT445874,2025-11-14 17:29:42,Sports Fixture,J009,Majestic,31893,Weekday,False,Rain,True,9.8,False,False,1.0,Severe,7.9,71.6,667.0,0.203,0.468,0.884,Heavy rain reducing visibility and grip - reduced speed and longer buffer advised
EVT445875,2026-05-24 16:48:33,Concert,J023,Basavanagudi,13252,Weekend,False,Rain,True,14.2,False,False,0.805,Severe,17.5,52.2,355.4,0.205,0.472,0.874,Heavy rain reducing visibility and grip - reduced speed and longer buffer advised
EVT445876,2025-10-04 15:20:36,Local Market Day,J030,MG Road,2910,Weekend,False,Clear,False,0.0,False,False,0.359,Moderate,26.8,24.0,257.9,0.209,0.484,0.963,Moderate traffic flow - standard adaptive signal timing in effect
EVT445877,2026-01-12 08:17:44,Sports Fixture,J012,Koramangala Sony World,19728,Weekday,False,Clear,False,0.0,False,False,1.0,Severe,9.7,70.1,714.1,0.275,0.636,0.914,Heavy congestion detected - signal timing extended and reroute suggested
EVT445878,2025-11-27 19:33:28,Trade Fair,J023,Basavanagudi,7337,Weekday,False,Clear,False,0.0,False,False,0.905,Severe,10.7,63.9,296.1,0.123,0.283,0.957,Heavy congestion detected - signal timing extended and reroute suggested
EVT445879,2026-05-18 17:20:37,Sports Fixture,J012,Koramangala Sony World,10209,Weekday,False,Clear,False,0.0,False,False,0.857,Severe,12.7,59.3,383.8,0.191,0.441,0.95,Heavy congestion detected - signal timing extended and reroute suggested
EVT445880,2025-03-15 16:11:33,Religious Festival,J040,City Market,45656,Weekend,True,Clear,False,0.0,False,True,0.945,Severe,12.1,91.1,392.0,0.165,0.381,0.862,Road closure for event/procession - full detour recommended for through-traffic
EVT445881,2025-09-15 14:17:29,Political Rally,J040,City Market,11312,Weekday,False,Heavy Rain,True,40.3,False,False,0.603,High,23.8,50.4,241.9,0.16,0.37,0.927,Heavy rain reducing visibility and grip - reduced speed and longer buffer advised
EVT445882,2025-02-04 09:10:14,Local Market Day,J031,Cubbon Road,3374,Weekday,False,Clear,False,0.0,False,False,1.0,Severe,8.1,69.5,835.1,0.255,0.59,0.899,Heavy congestion detected - signal timing extended and reroute suggested
EVT445883,2025-03-26 22:30:48,Local Market Day,J011,Indiranagar 100ft Road,5579,Weekday,False,Clear,False,0.0,False,False,0.165,Low,31.2,16.2,148.2,0.122,0.282,0.951,Normal free-flow traffic - standard signal timing maintained
EVT445884,2025-03-18 18:42:19,Concert,J023,Basavanagudi,8012,Weekday,False,Clear,False,0.0,False,False,1.0,Severe,7.4,69.0,704.2,0.23,0.531,0.896,Heavy congestion detected - signal timing extended and reroute suggested
EVT445885,2026-03-15 21:49:14,Local Market Day,J009,Majestic,3908,Weekend,False,Clear,False,0.0,False,False,0.296,Low,27.5,25.9,222.9,0.147,0.339,0.968,Moderate traffic flow - standard adaptive signal timing in effect
EVT445886,2025-05-26 15:04:41,Local Market Day,J009,Majestic,4614,Weekday,False,Rain,True,19.6,False,False,0.413,Moderate,27.4,26.3,248.7,0.187,0.431,0.918,Light rain detected - minor speed reduction advised
EVT445887,2026-03-11 17:42:48,Local Market Day,J023,Basavanagudi,2162,Weekday,False,Clear,False,0.0,False,False,0.913,Severe,12.4,67.3,460.3,0.222,0.514,0.935,Heavy congestion detected - signal timing extended and reroute suggested
EVT445888,2025-11-17 15:32:00,Local Market Day,J012,Koramangala Sony World,2911,Weekday,False,Clear,False,0.0,False,False,0.42,Moderate,22.6,38.3,167.7,0.093,0.216,0.954,Moderate traffic flow - standard adaptive signal timing in effect
EVT445889,2026-04-27 14:46:31,Local Market Day,J023,Basavanagudi,4486,Weekday,False,Light Rain,True,5.6,False,False,0.35,Low,26.7,23.2,221.4,0.153,0.354,0.923,Light rain detected - minor speed reduction advised
EVT445890,2026-02-19 10:51:51,Political Rally,J030,MG Road,10008,Weekday,False,Clear,False,0.0,False,False,0.496,Moderate,25.7,31.8,309.6,0.244,0.564,0.99,Moderate traffic flow - standard adaptive signal timing in effect
EVT445891,2025-05-06 17:09:40,Local Market Day,J011,Indiranagar 100ft Road,9614,Weekday,False,Clear,False,0.0,False,False,0.816,Severe,12.8,55.9,442.5,0.213,0.491,0.953,Heavy congestion detected - signal timing extended and reroute suggested
EVT445892,2025-07-06 10:51:06,Local Market Day,J020,Malleshwaram Circle,5254,Weekend,False,Clear,False,0.0,False,False,0.476,Moderate,23.5,34.8,166.5,0.079,0.182,0.965,Moderate traffic flow - standard adaptive signal timing in effect
EVT445893,2025-08-09 07:50:52,Political Rally,J040,City Market,11512,Weekend,False,Clear,False,0.0,False,False,0.638,High,14.2,47.7,340.9,0.178,0.41,0.99,Moderate traffic flow - standard adaptive signal timing in effect
EVT445894,2025-08-28 15:47:01,Religious Festival,J023,Basavanagudi,50981,Weekday,True,Fog,False,0.0,False,True,1.0,Severe,7.7,96.5,352.5,0.127,0.292,0.852,Road closure for event/procession - full detour recommended for through-traffic
EVT445895,2025-07-07 14:56:28,Trade Fair,J020,Malleshwaram Circle,5850,Weekday,False,Clear,False,0.0,False,False,0.203,Low,37.5,15.5,49.1,0.05,0.116,0.963,Normal free-flow traffic - standard signal timing maintained
EVT445896,2026-05-27 23:19:56,Sports Fixture,J030,MG Road,23473,Weekday,False,Clear,False,0.0,False,False,0.344,Low,25.8,26.3,193.5,0.149,0.345,0.964,Moderate traffic flow - standard adaptive signal timing in effect
EVT445897,2025-01-15 14:11:21,Religious Festival,J031,Cubbon Road,85160,Weekday,True,Fog,False,0.0,False,True,0.986,Severe,9.3,95.3,595.3,0.232,0.536,0.815,Road closure for event/procession - full detour recommended for through-traffic
EVT445898,2026-06-04 07:17:39,Concert,J040,City Market,15841,Weekday,False,Clear,False,0.0,False,False,0.643,High,19.4,47.0,198.2,0.12,0.276,0.972,Moderate traffic flow - standard adaptive signal timing in effect
EVT445899,2025-10-25 09:21:55,Sports Fixture,J040,City Market,23762,Weekend,False,Clear,False,0.0,False,False,0.968,Severe,10.6,74.8,446.7,0.197,0.455,0.933,Heavy congestion detected - signal timing extended and reroute suggested
EVT445900,2025-12-09 06:39:43,Trade Fair,J009,Majestic,4614,Weekday,False,Clear,False,0.0,False,False,0.331,Low,29.8,25.8,128.1,0.112,0.259,0.948,Moderate traffic flow - standard adaptive signal timing in effect
EVT445901,2025-02-16 16:08:09,Concert,J009,Majestic,5706,Weekend,False,Clear,False,0.0,False,False,0.437,Moderate,28.1,25.9,98.4,0.068,0.157,0.955,Moderate traffic flow - standard adaptive signal timing in effect
EVT445902,2025-06-16 01:08:27,Local Market Day,J020,Malleshwaram Circle,5372,Weekday,False,Clear,False,0.0,False,False,0.278,Low,25.6,14.0,226.3,0.168,0.388,0.958,Moderate traffic flow - standard adaptive signal timing in effect
EVT445903,2025-09-29 11:07:43,Sports Fixture,J031,Cubbon Road,17706,Weekday,False,Clear,False,0.0,False,False,0.502,Moderate,25.0,28.9,211.9,0.176,0.408,0.974,Moderate traffic flow - standard adaptive signal timing in effect
EVT445904,2025-10-20 07:00:07,Cultural Procession,J023,Basavanagudi,20652,Weekday,True,Heavy Rain,True,26.1,False,True,1.0,Severe,8.2,94.7,549.2,0.215,0.496,0.761,Road closure for event/procession - full detour recommended for through-traffic
EVT445905,2026-06-19 15:58:02,Political Rally,J040,City Market,15846,Weekday,False,Clear,False,0.0,False,False,0.515,Moderate,24.1,36.9,140.2,0.115,0.266,0.982,Moderate traffic flow - standard adaptive signal timing in effect
EVT445906,2025-04-09 14:18:33,Sports Fixture,J023,Basavanagudi,30340,Weekday,False,Light Rain,True,3.2,False,False,0.415,Moderate,31.9,28.7,66.6,0.056,0.129,0.897,Light rain detected - minor speed reduction advised
EVT445907,2025-01-05 09:49:40,Local Market Day,J011,Indiranagar 100ft Road,3554,Weekend,False,Clear,False,0.0,False,False,0.777,Severe,14.7,59.0,158.5,0.087,0.201,0.968,Heavy congestion detected - signal timing extended and reroute suggested
EVT445908,2026-06-04 12:01:53,Sports Fixture,J031,Cubbon Road,19104,Weekday,False,Rain,True,15.3,False,False,0.502,Moderate,20.7,34.4,306.0,0.189,0.436,0.904,Light rain detected - minor speed reduction advised
EVT445909,2025-12-21 18:16:07,Concert,J030,MG Road,24646,Weekend,False,Clear,False,0.0,True,False,1.0,Severe,8.0,79.8,432.9,0.155,0.358,0.773,Accident detected nearby - reroute and reduced speed advised
EVT445910,2025-10-09 16:46:43,Local Market Day,J023,Basavanagudi,2435,Weekday,False,Heavy Rain,True,26.0,False,False,0.861,Severe,15.2,60.5,578.9,0.318,0.735,0.9,Heavy rain reducing visibility and grip - reduced speed and longer buffer advised
EVT445911,2025-11-04 08:56:42,Concert,J011,Indiranagar 100ft Road,10529,Weekday,False,Clear,False,0.0,False,False,1.0,Severe,8.2,68.2,374.4,0.137,0.317,0.913,Heavy congestion detected - signal timing extended and reroute suggested
EVT445912,2025-08-08 09:15:14,Concert,J011,Indiranagar 100ft Road,13247,Weekday,False,Clear,False,0.0,False,False,1.0,Severe,8.5,71.4,841.3,0.259,0.597,0.922,Heavy congestion detected - signal timing extended and reroute suggested
EVT445913,2025-01-06 15:20:50,Local Market Day,J009,Majestic,2896,Weekday,False,Clear,False,0.0,False,False,0.299,Low,24.1,19.9,283.0,0.183,0.422,0.953,Moderate traffic flow - standard adaptive signal timing in effect
EVT445914,2025-01-14 06:18:41,Religious Festival,J031,Cubbon Road,28535,Weekday,True,Clear,False,0.0,False,False,0.69,High,18.6,49.2,326.9,0.216,0.5,0.923,Festival crowd surge detected - alternate route and extended cycle recommended
EVT445915,2026-04-22 19:13:15,Local Market Day,J030,MG Road,5922,Weekday,False,Fog,False,0.0,False,False,0.91,Severe,12.4,64.2,469.7,0.23,0.532,0.947,Heavy congestion detected - signal timing extended and reroute suggested
EVT445916,2025-02-28 09:24:25,Sports Fixture,J030,MG Road,20522,Weekday,False,Clear,False,0.0,False,False,1.0,Severe,8.9,67.8,445.2,0.163,0.376,0.925,Heavy congestion detected - signal timing extended and reroute suggested
EVT445917,2025-02-14 19:07:44,Local Market Day,J023,Basavanagudi,6795,Weekday,False,Clear,False,0.0,False,False,0.944,Severe,9.8,62.0,584.9,0.234,0.54,0.928,Heavy congestion detected - signal timing extended and reroute suggested
EVT445918,2025-03-09 20:48:20,Political Rally,J009,Majestic,14817,Weekend,False,Fog,False,0.0,False,False,0.438,Moderate,24.4,28.9,269.7,0.209,0.482,0.949,Moderate traffic flow - standard adaptive signal timing in effect
EVT445919,2025-09-14 17:18:51,Sports Fixture,J020,Malleshwaram Circle,21818,Weekend,False,Clear,False,0.0,False,False,0.753,Severe,19.2,55.5,127.5,0.102,0.236,0.961,Heavy congestion detected - signal timing extended and reroute suggested
EVT445920,2026-02-05 06:02:45,Sports Fixture,J031,Cubbon Road,26837,Weekday,False,Clear,False,0.0,False,False,0.428,Moderate,24.1,33.0,186.4,0.131,0.302,0.955,Moderate traffic flow - standard adaptive signal timing in effect
EVT445921,2025-05-17 06:00:01,Trade Fair,J012,Koramangala Sony World,11205,Weekend,False,Clear,False,0.0,False,False,0.396,Moderate,25.3,26.2,189.3,0.135,0.311,0.961,Moderate traffic flow - standard adaptive signal timing in effect
EVT445922,2025-04-17 13:24:28,Trade Fair,J011,Indiranagar 100ft Road,14031,Weekday,False,Clear,False,0.0,False,False,0.217,Low,34.1,11.8,110.2,0.108,0.25,0.954,Normal free-flow traffic - standard signal timing maintained
EVT445923,2025-10-24 09:27:40,Trade Fair,J040,City Market,12397,Weekday,False,Clear,False,0.0,False,False,1.0,Severe,9.7,67.5,429.9,0.171,0.396,0.901,Heavy congestion detected - signal timing extended and reroute suggested
EVT445924,2025-01-15 09:22:28,Religious Festival,J030,MG Road,59307,Weekday,True,Clear,False,0.0,False,True,1.0,Severe,8.3,101.3,465.1,0.173,0.4,0.847,Road closure for event/procession - full detour recommended for through-traffic
EVT445925,2025-09-09 17:44:28,Political Rally,J023,Basavanagudi,14032,Weekday,False,Heavy Rain,True,28.2,False,False,1.0,Severe,9.8,73.0,667.7,0.237,0.546,0.862,Heavy rain reducing visibility and grip - reduced speed and longer buffer advised
EVT445926,2026-05-19 16:51:24,Local Market Day,J023,Basavanagudi,5279,Weekday,False,Clear,False,0.0,False,False,0.624,High,20.2,46.3,134.5,0.08,0.186,0.952,Moderate traffic flow - standard adaptive signal timing in effect
EVT445927,2025-06-11 21:32:07,Concert,J040,City Market,16210,Weekday,False,Clear,False,0.0,False,False,0.375,Moderate,26.5,31.0,165.2,0.117,0.271,0.956,Moderate traffic flow - standard adaptive signal timing in effect
EVT445928,2026-01-26 11:28:46,Fireworks Display,J020,Malleshwaram Circle,21210,Weekday,True,Clear,False,0.0,False,False,0.693,High,15.5,52.2,175.4,0.081,0.187,0.914,Festival crowd surge detected - alternate route and extended cycle recommended
EVT445929,2025-01-17 07:37:18,Trade Fair,J023,Basavanagudi,5325,Weekday,False,Clear,False,0.0,False,False,0.617,High,26.5,44.0,146.1,0.102,0.235,0.981,Moderate traffic flow - standard adaptive signal timing in effect
EVT445930,2025-03-14 18:21:00,Religious Festival,J040,City Market,72127,Weekday,True,Clear,False,0.0,False,False,1.0,Severe,8.3,73.1,399.8,0.15,0.346,0.887,Festival crowd surge detected - alternate route and extended cycle recommended
EVT445931,2026-05-05 08:32:03,Political Rally,J012,Koramangala Sony World,16709,Weekday,False,Rain,True,23.9,False,False,1.0,Severe,9.1,64.7,737.4,0.271,0.626,0.847,Heavy rain reducing visibility and grip - reduced speed and longer buffer advised
EVT445932,2025-05-09 07:43:48,Local Market Day,J020,Malleshwaram Circle,6378,Weekday,False,Clear,False,0.0,False,False,0.738,High,16.8,53.1,231.8,0.122,0.281,0.972,Moderate traffic flow - standard adaptive signal timing in effect
EVT445933,2025-02-20 08:28:04,Local Market Day,J020,Malleshwaram Circle,3959,Weekday,False,Clear,False,0.0,False,False,0.968,Severe,9.9,68.9,343.8,0.145,0.334,0.938,Heavy congestion detected - signal timing extended and reroute suggested
EVT445934,2025-08-28 13:35:17,Fireworks Display,J030,MG Road,20520,Weekday,True,Clear,False,0.0,False,False,0.533,Moderate,25.9,35.6,198.7,0.158,0.364,0.898,Festival crowd surge detected - alternate route and extended cycle recommended
EVT445935,2026-03-08 15:42:55,Sports Fixture,J030,MG Road,23637,Weekend,False,Light Rain,True,5.2,False,False,0.533,Moderate,24.5,38.8,242.6,0.172,0.398,0.913,Light rain detected - minor speed reduction advised
EVT445936,2025-02-28 14:41:16,Concert,J031,Cubbon Road,12072,Weekday,False,Clear,False,0.0,False,False,0.266,Low,31.2,18.2,97.3,0.059,0.136,0.99,Moderate traffic flow - standard adaptive signal timing in effect
EVT445937,2025-04-23 16:22:50,Political Rally,J012,Koramangala Sony World,12966,Weekday,False,Clear,False,0.0,False,False,0.608,High,24.8,44.0,84.5,0.058,0.134,0.983,Moderate traffic flow - standard adaptive signal timing in effect
EVT445938,2025-05-18 18:46:57,Local Market Day,J023,Basavanagudi,4763,Weekend,False,Rain,True,9.6,False,False,0.955,Severe,12.2,70.0,245.6,0.102,0.236,0.844,Heavy rain reducing visibility and grip - reduced speed and longer buffer advised
EVT445939,2025-11-16 17:32:44,Sports Fixture,J020,Malleshwaram Circle,22633,Weekend,False,Clear,False,0.0,False,False,0.868,Severe,13.6,63.0,401.3,0.193,0.446,0.942,Heavy congestion detected - signal timing extended and reroute suggested
EVT445940,2025-05-10 20:01:52,Political Rally,J009,Majestic,18249,Weekend,False,Clear,False,0.0,False,False,0.705,High,20.7,52.0,192.9,0.133,0.308,0.977,Moderate traffic flow - standard adaptive signal timing in effect
EVT445941,2025-09-23 09:05:13,Local Market Day,J020,Malleshwaram Circle,4756,Weekday,False,Clear,False,0.0,False,False,0.996,Severe,8.1,73.8,548.7,0.179,0.414,0.899,Heavy congestion detected - signal timing extended and reroute suggested
EVT445942,2025-03-21 10:13:05,Local Market Day,J040,City Market,4932,Weekday,False,Clear,False,0.0,False,False,0.698,High,17.4,46.7,261.6,0.141,0.326,0.968,Moderate traffic flow - standard adaptive signal timing in effect
EVT445943,2025-03-25 18:06:55,Sports Fixture,J012,Koramangala Sony World,27933,Weekday,False,Clear,False,0.0,False,False,1.0,Severe,8.9,63.9,830.8,0.278,0.641,0.926,Heavy congestion detected - signal timing extended and reroute suggested
EVT445944,2025-09-25 12:03:46,Concert,J031,Cubbon Road,12099,Weekday,False,Clear,False,0.0,False,False,0.278,Low,33.3,17.0,149.9,0.135,0.311,0.959,Moderate traffic flow - standard adaptive signal timing in effect
EVT445945,2025-08-28 22:46:38,Religious Festival,J031,Cubbon Road,53058,Weekday,True,Clear,False,0.0,False,True,0.849,High,13.1,83.4,657.2,0.28,0.646,0.843,Road closure for event/procession - full detour recommended for through-traffic
EVT445946,2025-12-08 08:00:44,Trade Fair,J023,Basavanagudi,8905,Weekday,False,Clear,False,0.0,False,False,0.841,Severe,14.8,54.4,447.6,0.245,0.567,0.941,Heavy congestion detected - signal timing extended and reroute suggested
EVT445947,2025-05-09 19:59:06,Concert,J020,Malleshwaram Circle,10208,Weekday,False,Clear,False,0.0,False,False,0.728,High,20.8,49.3,190.3,0.142,0.328,0.947,Moderate traffic flow - standard adaptive signal timing in effect
EVT445948,2025-02-19 07:40:33,Concert,J011,Indiranagar 100ft Road,15834,Weekday,False,Clear,False,0.0,False,False,0.761,Severe,9.7,56.1,453.0,0.172,0.397,0.962,Heavy congestion detected - signal timing extended and reroute suggested
EVT445949,2025-06-25 13:19:12,Sports Fixture,J009,Majestic,33310,Weekday,False,Clear,False,0.0,False,False,0.314,Low,27.8,27.1,150.8,0.115,0.266,0.974,Moderate traffic flow - standard adaptive signal timing in effect
EVT445950,2025-08-04 00:27:17,Trade Fair,J023,Basavanagudi,8820,Weekday,False,Clear,False,0.0,False,False,0.239,Low,35.4,22.0,215.5,0.193,0.446,0.945,Normal free-flow traffic - standard signal timing maintained
EVT445951,2025-07-15 14:24:22,Concert,J011,Indiranagar 100ft Road,11215,Weekday,False,Rain,True,23.9,False,False,0.588,High,24.1,40.0,104.1,0.088,0.202,0.905,Heavy rain reducing visibility and grip - reduced speed and longer buffer advised
EVT445952,2025-11-11 15:56:38,Sports Fixture,J009,Majestic,13800,Weekday,False,Rain,True,11.2,False,False,0.679,High,14.2,53.2,504.3,0.25,0.576,0.935,Heavy rain reducing visibility and grip - reduced speed and longer buffer advised
EVT445953,2025-03-20 13:27:09,Sports Fixture,J023,Basavanagudi,22071,Weekday,False,Clear,False,0.0,False,False,0.319,Low,29.4,25.3,159.4,0.117,0.27,0.946,Moderate traffic flow - standard adaptive signal timing in effect
EVT445954,2025-07-03 18:24:08,Political Rally,J030,MG Road,10336,Weekday,False,Clear,False,0.0,False,False,1.0,Severe,10.5,74.2,436.6,0.171,0.395,0.905,Heavy congestion detected - signal timing extended and reroute suggested
EVT445955,2025-10-17 21:10:04,Local Market Day,J020,Malleshwaram Circle,6948,Weekday,False,Clear,False,0.0,False,False,0.334,Low,34.7,24.4,218.0,0.197,0.456,0.985,Moderate traffic flow - standard adaptive signal timing in effect
EVT445956,2025-10-05 20:31:57,Local Market Day,J040,City Market,1937,Weekend,False,Clear,False,0.0,False,False,0.541,Moderate,22.6,41.2,212.0,0.141,0.326,0.963,Moderate traffic flow - standard adaptive signal timing in effect
EVT445957,2025-04-26 08:21:58,Political Rally,J030,MG Road,22732,Weekend,False,Clear,False,0.0,False,False,0.799,Severe,15.6,56.8,573.0,0.285,0.659,0.96,Heavy congestion detected - signal timing extended and reroute suggested
EVT445958,2025-03-08 13:19:21,Local Market Day,J023,Basavanagudi,6070,Weekend,False,Clear,False,0.0,False,False,0.247,Low,35.7,15.9,93.5,0.081,0.188,0.963,Normal free-flow traffic - standard signal timing maintained
EVT445959,2025-08-27 19:36:29,Fireworks Display,J030,MG Road,17683,Weekday,True,Heavy Rain,True,42.1,False,False,1.0,Severe,8.9,73.2,320.1,0.116,0.267,0.794,Festival crowd surge detected - alternate route and extended cycle recommended
EVT445960,2025-02-01 18:43:40,Concert,J011,Indiranagar 100ft Road,14801,Weekend,False,Clear,False,0.0,False,False,0.893,Severe,13.8,63.6,286.3,0.155,0.358,0.922,Heavy congestion detected - signal timing extended and reroute suggested
EVT445961,2026-04-03 21:03:26,Local Market Day,J030,MG Road,3451,Weekday,False,Clear,False,0.0,False,False,0.404,Moderate,25.0,30.0,131.6,0.103,0.237,0.966,Moderate traffic flow - standard adaptive signal timing in effect
EVT445962,2025-07-05 20:24:56,Local Market Day,J040,City Market,2042,Weekend,False,Heavy Rain,True,52.4,False,False,0.927,Severe,8.9,75.7,517.3,0.2,0.461,0.892,Heavy rain reducing visibility and grip - reduced speed and longer buffer advised
EVT445963,2025-07-04 19:02:13,Concert,J030,MG Road,7529,Weekday,False,Clear,False,0.0,False,False,0.945,Severe,9.8,73.2,579.1,0.228,0.527,0.943,Heavy congestion detected - signal timing extended and reroute suggested
EVT445964,2025-11-11 09:24:16,Trade Fair,J011,Indiranagar 100ft Road,4541,Weekday,False,Clear,False,0.0,False,False,0.998,Severe,7.9,74.8,811.5,0.274,0.633,0.932,Heavy congestion detected - signal timing extended and reroute suggested
EVT445965,2025-12-08 15:20:33,Trade Fair,J012,Koramangala Sony World,12494,Weekday,False,Clear,False,0.0,False,False,0.25,Low,29.1,21.9,114.9,0.091,0.21,0.981,Moderate traffic flow - standard adaptive signal timing in effect
EVT445966,2025-11-01 20:11:34,Religious Festival,J023,Basavanagudi,42345,Weekend,True,Rain,True,18.0,False,False,1.0,Severe,9.0,80.8,527.4,0.181,0.418,0.8,Festival crowd surge detected - alternate route and extended cycle recommended
EVT445967,2025-09-01 10:27:30,Local Market Day,J012,Koramangala Sony World,3096,Weekday,False,Clear,False,0.0,False,False,0.619,High,18.6,47.9,277.0,0.169,0.389,0.971,Moderate traffic flow - standard adaptive signal timing in effect
EVT445968,2025-05-23 09:16:49,Political Rally,J040,City Market,8764,Weekday,False,Clear,False,0.0,False,False,1.0,Severe,8.6,71.2,433.2,0.15,0.347,0.921,Heavy congestion detected - signal timing extended and reroute suggested
EVT445969,2026-04-10 14:18:18,Trade Fair,J009,Majestic,5791,Weekday,False,Clear,False,0.0,False,False,0.203,Low,33.2,19.8,68.7,0.055,0.127,0.977,Normal free-flow traffic - standard signal timing maintained
EVT445970,2025-05-13 05:03:50,Political Rally,J031,Cubbon Road,16759,Weekday,False,Clear,False,0.0,False,False,0.275,Low,26.4,18.8,249.2,0.188,0.435,0.975,Moderate traffic flow - standard adaptive signal timing in effect
EVT445971,2025-12-13 16:10:19,Sports Fixture,J031,Cubbon Road,28694,Weekend,False,Clear,False,0.0,True,False,1.0,Severe,7.9,70.4,551.1,0.182,0.42,0.771,Accident detected nearby - reroute and reduced speed advised
EVT445972,2026-01-13 10:45:14,Local Market Day,J009,Majestic,5552,Weekday,False,Light Rain,True,2.7,False,False,0.584,High,24.8,46.0,277.0,0.202,0.467,0.887,Heavy rain reducing visibility and grip - reduced speed and longer buffer advised
EVT445973,2025-07-11 16:49:52,Concert,J009,Majestic,14622,Weekday,False,Clear,False,0.0,False,False,0.748,High,15.8,65.6,262.4,0.154,0.355,0.977,Moderate traffic flow - standard adaptive signal timing in effect
EVT445974,2026-03-16 07:37:11,Sports Fixture,J020,Malleshwaram Circle,19781,Weekday,False,Clear,False,0.0,False,False,0.752,Severe,15.8,56.5,394.9,0.219,0.507,0.974,Heavy congestion detected - signal timing extended and reroute suggested
EVT445975,2025-08-10 18:26:32,Concert,J020,Malleshwaram Circle,7163,Weekend,False,Clear,False,0.0,False,False,0.874,Severe,9.6,55.9,560.7,0.195,0.451,0.943,Heavy congestion detected - signal timing extended and reroute suggested
EVT445976,2025-04-09 10:10:06,Concert,J030,MG Road,11062,Weekday,False,Rain,True,15.4,False,False,0.95,Severe,13.0,66.8,237.4,0.13,0.3,0.888,Heavy rain reducing visibility and grip - reduced speed and longer buffer advised
EVT445977,2026-06-07 12:02:31,Political Rally,J011,Indiranagar 100ft Road,17104,Weekend,False,Rain,True,23.8,False,False,0.603,High,24.5,43.7,215.5,0.162,0.374,0.916,Heavy rain reducing visibility and grip - reduced speed and longer buffer advised
EVT445978,2025-12-13 15:58:14,Local Market Day,J031,Cubbon Road,4243,Weekend,False,Clear,False,0.0,False,False,0.445,Moderate,21.8,27.3,182.2,0.099,0.23,0.961,Moderate traffic flow - standard adaptive signal timing in effect
EVT445979,2026-03-18 06:41:53,Local Market Day,J012,Koramangala Sony World,2923,Weekday,False,Clear,False,0.0,False,False,0.301,Low,38.6,22.2,159.5,0.164,0.378,0.99,Moderate traffic flow - standard adaptive signal timing in effect
EVT445980,2025-12-10 19:21:08,Trade Fair,J011,Indiranagar 100ft Road,7123,Weekday,False,Clear,False,0.0,False,False,0.943,Severe,11.7,65.5,285.5,0.144,0.334,0.918,Heavy congestion detected - signal timing extended and reroute suggested
EVT445981,2025-03-18 18:23:37,Concert,J020,Malleshwaram Circle,11015,Weekday,False,Clear,False,0.0,False,False,1.0,Severe,8.1,68.0,549.9,0.171,0.395,0.94,Heavy congestion detected - signal timing extended and reroute suggested
EVT445982,2025-09-13 11:41:31,Sports Fixture,J040,City Market,36652,Weekend,False,Heavy Rain,True,26.8,False,False,0.813,Severe,14.1,58.0,361.8,0.149,0.344,0.92,Heavy rain reducing visibility and grip - reduced speed and longer buffer advised
EVT445983,2025-08-23 19:13:54,Concert,J011,Indiranagar 100ft Road,6952,Weekend,False,Heavy Rain,True,41.3,False,False,1.0,Severe,8.4,78.1,695.0,0.246,0.568,0.857,Heavy rain reducing visibility and grip - reduced speed and longer buffer advised
EVT445984,2026-04-15 18:55:24,Cultural Procession,J023,Basavanagudi,36247,Weekday,True,Clear,False,0.0,False,True,1.0,Severe,7.7,100.3,745.1,0.226,0.522,0.859,Road closure for event/procession - full detour recommended for through-traffic
EVT445985,2025-02-06 19:53:46,Sports Fixture,J030,MG Road,20975,Weekday,False,Clear,False,0.0,False,False,0.902,Severe,10.8,64.6,340.1,0.14,0.324,0.918,Heavy congestion detected - signal timing extended and reroute suggested
EVT445986,2025-11-03 18:09:37,Trade Fair,J023,Basavanagudi,11432,Weekday,False,Clear,False,0.0,False,False,1.0,Severe,8.4,65.6,496.0,0.189,0.436,0.922,Heavy congestion detected - signal timing extended and reroute suggested
EVT445987,2025-04-15 16:40:33,Cultural Procession,J023,Basavanagudi,13117,Weekday,True,Clear,False,0.0,False,True,1.0,Severe,8.4,101.6,592.9,0.229,0.529,0.824,Road closure for event/procession - full detour recommended for through-traffic
EVT445988,2025-03-19 19:22:51,Concert,J030,MG Road,18813,Weekday,False,Clear,False,0.0,False,False,1.0,Severe,7.9,75.9,872.8,0.273,0.63,0.905,Heavy congestion detected - signal timing extended and reroute suggested
EVT445989,2025-01-27 18:35:55,Religious Festival,J011,Indiranagar 100ft Road,65848,Weekday,True,Clear,False,0.0,False,True,1.0,Severe,8.3,101.7,748.5,0.281,0.65,0.824,Road closure for event/procession - full detour recommended for through-traffic
EVT445990,2025-12-05 07:31:45,Local Market Day,J020,Malleshwaram Circle,6033,Weekday,False,Clear,False,0.0,False,False,0.632,High,20.2,36.6,87.8,0.053,0.122,0.984,Moderate traffic flow - standard adaptive signal timing in effect
EVT445991,2026-02-18 08:31:25,Trade Fair,J011,Indiranagar 100ft Road,6487,Weekday,False,Clear,False,0.0,False,False,0.97,Severe,8.1,67.1,774.6,0.259,0.598,0.93,Heavy congestion detected - signal timing extended and reroute suggested
EVT445992,2025-04-05 10:57:25,Trade Fair,J023,Basavanagudi,14457,Weekend,False,Light Rain,True,2.0,False,False,0.558,High,23.3,41.6,260.5,0.18,0.415,0.927,Heavy rain reducing visibility and grip - reduced speed and longer buffer advised
EVT445993,2025-10-01 17:58:51,Trade Fair,J011,Indiranagar 100ft Road,9007,Weekday,False,Heavy Rain,True,34.4,False,False,1.0,Severe,9.1,76.7,406.9,0.164,0.38,0.867,Heavy rain reducing visibility and grip - reduced speed and longer buffer advised
EVT445994,2025-04-13 07:44:50,Trade Fair,J030,MG Road,5726,Weekend,False,Clear,False,0.0,False,False,0.625,High,21.6,50.0,277.0,0.195,0.45,0.955,Moderate traffic flow - standard adaptive signal timing in effect
EVT445995,2026-04-15 10:47:26,Cultural Procession,J031,Cubbon Road,7547,Weekday,True,Clear,False,0.0,False,True,0.926,Severe,12.1,91.5,285.8,0.153,0.354,0.853,Road closure for event/procession - full detour recommended for through-traffic
EVT445996,2026-01-25 12:37:11,Trade Fair,J030,MG Road,12241,Weekend,False,Clear,False,0.0,False,False,0.25,Low,21.2,20.3,211.7,0.118,0.272,0.978,Normal free-flow traffic - standard signal timing maintained
EVT445997,2026-03-30 14:44:55,Sports Fixture,J031,Cubbon Road,38445,Weekday,False,Clear,False,0.0,False,False,0.43,Moderate,25.1,33.9,225.7,0.166,0.384,0.954,Moderate traffic flow - standard adaptive signal timing in effect
EVT445998,2025-11-02 00:05:27,Fireworks Display,J009,Majestic,19317,Weekend,True,Clear,False,0.0,False,False,0.621,High,23.2,55.4,189.8,0.13,0.301,0.896,Festival crowd surge detected - alternate route and extended cycle recommended
EVT445999,2026-01-31 14:45:08,Trade Fair,J040,City Market,10778,Weekend,False,Clear,False,0.0,False,False,0.266,Low,27.2,18.0,224.2,0.163,0.377,0.937,Moderate traffic flow - standard adaptive signal timing in effect
EVT446000,2026-06-14 17:00:09,Trade Fair,J031,Cubbon Road,6116,Weekend,False,Heavy Rain,True,52.4,False,False,1.0,Severe,7.5,71.6,671.1,0.241,0.556,0.838,Heavy rain reducing visibility and grip - reduced speed and longer buffer advised
EVT446001,2026-03-28 11:00:48,Political Rally,J020,Malleshwaram Circle,15708,Weekend,False,Clear,False,0.0,False,False,0.531,Moderate,27.4,39.8,208.0,0.152,0.351,0.964,Moderate traffic flow - standard adaptive signal timing in effect
EVT446002,2026-02-09 17:47:05,Trade Fair,J040,City Market,10623,Weekday,False,Clear,False,0.0,False,False,0.961,Severe,9.8,69.7,201.6,0.094,0.218,0.928,Heavy congestion detected - signal timing extended and reroute suggested
EVT446003,2025-01-05 15:36:10,Local Market Day,J012,Koramangala Sony World,6657,Weekend,False,Clear,False,0.0,False,False,0.309,Low,36.0,22.0,113.6,0.091,0.211,0.939,Moderate traffic flow - standard adaptive signal timing in effect
EVT446004,2026-06-05 18:35:47,Local Market Day,J030,MG Road,4513,Weekday,False,Rain,True,18.7,False,False,1.0,Severe,8.0,70.2,512.9,0.175,0.405,0.88,Heavy rain reducing visibility and grip - reduced speed and longer buffer advised
EVT446005,2025-04-01 19:13:38,Local Market Day,J012,Koramangala Sony World,3428,Weekday,False,Heavy Rain,True,26.7,False,False,1.0,Severe,9.0,78.8,548.8,0.207,0.477,0.838,Heavy rain reducing visibility and grip - reduced speed and longer buffer advised
EVT446006,2025-08-25 14:25:12,Sports Fixture,J031,Cubbon Road,22673,Weekday,False,Clear,False,0.0,False,False,0.156,Low,31.1,9.8,197.9,0.136,0.315,0.987,Normal free-flow traffic - standard signal timing maintained
EVT446007,2026-02-20 11:49:03,Local Market Day,J009,Majestic,2054,Weekday,False,Clear,False,0.0,False,False,0.321,Low,31.1,20.9,179.1,0.153,0.354,0.978,Moderate traffic flow - standard adaptive signal timing in effect
EVT446008,2026-05-12 12:43:32,Trade Fair,J040,City Market,14535,Weekday,False,Clear,False,0.0,False,False,0.324,Low,32.4,22.5,111.4,0.099,0.229,0.981,Moderate traffic flow - standard adaptive signal timing in effect
EVT446009,2025-08-11 17:00:06,Local Market Day,J009,Majestic,2226,Weekday,False,Light Rain,True,5.7,False,False,0.834,Severe,11.6,63.5,249.0,0.108,0.251,0.908,Heavy rain reducing visibility and grip - reduced speed and longer buffer advised
EVT446010,2025-02-18 14:37:06,Local Market Day,J012,Koramangala Sony World,3222,Weekday,False,Clear,False,0.0,False,False,0.194,Low,40.4,16.2,82.5,0.091,0.21,0.976,Normal free-flow traffic - standard signal timing maintained
EVT446011,2026-05-11 13:21:52,Sports Fixture,J040,City Market,27184,Weekday,False,Clear,False,0.0,False,False,0.238,Low,30.7,19.0,57.0,0.05,0.116,0.972,Normal free-flow traffic - standard signal timing maintained
EVT446012,2026-03-13 09:43:52,Trade Fair,J023,Basavanagudi,8952,Weekday,False,Clear,False,0.0,False,False,0.907,Severe,10.9,63.8,561.4,0.235,0.543,0.94,Heavy congestion detected - signal timing extended and reroute suggested
EVT446013,2025-12-12 11:13:08,Concert,J030,MG Road,17806,Weekday,False,Clear,False,0.0,False,False,0.467,Moderate,33.2,35.3,160.2,0.146,0.336,0.96,Moderate traffic flow - standard adaptive signal timing in effect
EVT446014,2025-10-07 08:26:54,Trade Fair,J011,Indiranagar 100ft Road,7991,Weekday,False,Heavy Rain,True,37.3,False,False,1.0,Severe,7.8,65.8,611.1,0.202,0.465,0.869,Heavy rain reducing visibility and grip - reduced speed and longer buffer advised
EVT446015,2025-11-09 10:57:49,Trade Fair,J040,City Market,7722,Weekend,False,Clear,False,0.0,False,False,0.49,Moderate,27.8,33.0,175.2,0.124,0.287,0.984,Moderate traffic flow - standard adaptive signal timing in effect
EVT446016,2026-04-28 16:26:01,Political Rally,J023,Basavanagudi,20388,Weekday,False,Clear,False,0.0,False,False,0.635,High,21.6,45.6,249.8,0.178,0.41,0.956,Moderate traffic flow - standard adaptive signal timing in effect
EVT446017,2025-08-20 18:27:24,Sports Fixture,J040,City Market,18905,Weekday,False,Rain,True,12.7,False,False,1.0,Severe,8.2,71.8,974.5,0.33,0.763,0.848,Heavy rain reducing visibility and grip - reduced speed and longer buffer advised
EVT446018,2025-04-07 22:06:37,Cultural Procession,J023,Basavanagudi,20203,Weekday,True,Fog,False,0.0,False,False,0.562,High,20.6,40.1,186.1,0.114,0.263,0.927,Festival crowd surge detected - alternate route and extended cycle recommended
EVT446019,2025-05-12 15:13:17,Sports Fixture,J011,Indiranagar 100ft Road,9618,Weekday,False,Clear,False,0.0,False,False,0.282,Low,26.5,18.9,213.0,0.157,0.362,0.959,Moderate traffic flow - standard adaptive signal timing in effect
EVT446020,2025-05-04 10:21:53,Local Market Day,J011,Indiranagar 100ft Road,3930,Weekend,False,Light Rain,True,7.3,False,False,0.68,High,23.1,46.5,197.6,0.138,0.319,0.93,Heavy rain reducing visibility and grip - reduced speed and longer buffer advised
EVT446021,2025-01-22 20:03:52,Sports Fixture,J040,City Market,30443,Weekday,False,Clear,False,0.0,False,False,0.895,Severe,13.6,66.1,430.0,0.213,0.491,0.93,Heavy congestion detected - signal timing extended and reroute suggested
EVT446022,2025-12-30 17:30:59,Sports Fixture,J031,Cubbon Road,32033,Weekday,False,Clear,False,0.0,False,False,0.962,Severe,9.9,73.3,275.5,0.13,0.3,0.912,Heavy congestion detected - signal timing extended and reroute suggested
EVT446023,2025-01-03 19:49:15,Political Rally,J009,Majestic,6924,Weekday,False,Clear,False,0.0,False,False,0.743,High,14.1,49.9,298.4,0.14,0.324,0.972,Moderate traffic flow - standard adaptive signal timing in effect
EVT446024,2025-08-27 10:38:09,Fireworks Display,J031,Cubbon Road,23551,Weekday,True,Clear,False,0.0,False,False,0.881,Severe,12.7,57.9,403.7,0.189,0.438,0.88,Festival crowd surge detected - alternate route and extended cycle recommended
EVT446025,2025-03-20 16:15:13,Concert,J031,Cubbon Road,9563,Weekday,False,Clear,False,0.0,False,False,0.487,Moderate,23.3,40.5,302.3,0.206,0.476,0.963,Moderate traffic flow - standard adaptive signal timing in effect
EVT446026,2026-02-17 15:23:19,Political Rally,J031,Cubbon Road,12714,Weekday,False,Fog,False,0.0,False,False,0.374,Moderate,28.6,21.0,136.8,0.108,0.25,0.974,Moderate traffic flow - standard adaptive signal timing in effect
EVT446027,2025-10-09 23:00:10,Sports Fixture,J023,Basavanagudi,31091,Weekday,False,Clear,False,0.0,False,False,0.446,Moderate,26.1,36.2,188.1,0.131,0.303,0.958,Moderate traffic flow - standard adaptive signal timing in effect
EVT446028,2026-01-03 14:04:37,Local Market Day,J020,Malleshwaram Circle,4754,Weekend,False,Clear,False,0.0,False,False,0.224,Low,38.1,14.0,54.8,0.063,0.146,0.974,Normal free-flow traffic - standard signal timing maintained
EVT446029,2025-01-05 12:20:22,Sports Fixture,J040,City Market,16779,Weekend,False,Clear,False,0.0,False,False,0.377,Moderate,23.8,20.4,65.8,0.034,0.079,0.967,Moderate traffic flow - standard adaptive signal timing in effect
EVT446030,2025-08-01 08:22:30,Sports Fixture,J030,MG Road,15981,Weekday,False,Clear,False,0.0,False,False,1.0,Severe,7.9,67.4,894.6,0.301,0.696,0.901,Heavy congestion detected - signal timing extended and reroute suggested
EVT446031,2025-07-29 09:59:40,Political Rally,J023,Basavanagudi,21271,Weekday,False,Rain,True,9.8,False,False,1.0,Severe,9.9,74.4,543.0,0.223,0.516,0.886,Heavy rain reducing visibility and grip - reduced speed and longer buffer advised
EVT446032,2026-04-01 12:33:19,Sports Fixture,J020,Malleshwaram Circle,24748,Weekday,False,Clear,False,0.0,False,False,0.343,Low,26.8,21.1,133.8,0.099,0.23,0.944,Moderate traffic flow - standard adaptive signal timing in effect
EVT446033,2025-02-20 17:46:37,Sports Fixture,J012,Koramangala Sony World,27904,Weekday,False,Clear,False,0.0,False,False,1.0,Severe,9.1,71.6,291.1,0.125,0.289,0.899,Heavy congestion detected - signal timing extended and reroute suggested
EVT446034,2025-11-22 19:21:54,Sports Fixture,J009,Majestic,18929,Weekend,False,Clear,False,0.0,False,False,0.891,Severe,12.9,61.9,199.5,0.11,0.254,0.93,Heavy congestion detected - signal timing extended and reroute suggested
EVT446035,2025-07-10 09:31:24,Local Market Day,J040,City Market,3578,Weekday,False,Clear,False,0.0,False,False,0.947,Severe,9.6,69.5,632.8,0.232,0.536,0.93,Heavy congestion detected - signal timing extended and reroute suggested
EVT446036,2025-08-22 18:57:47,Trade Fair,J011,Indiranagar 100ft Road,6419,Weekday,False,Rain,True,21.8,False,False,1.0,Severe,6.7,69.8,523.5,0.166,0.383,0.848,Heavy rain reducing visibility and grip - reduced speed and longer buffer advised
EVT446037,2025-04-12 21:44:38,Sports Fixture,J011,Indiranagar 100ft Road,27620,Weekend,False,Clear,False,0.0,False,False,0.515,Moderate,25.0,33.6,79.7,0.046,0.107,0.971,Moderate traffic flow - standard adaptive signal timing in effect
EVT446038,2026-01-23 16:42:17,Political Rally,J020,Malleshwaram Circle,19631,Weekday,False,Clear,False,0.0,False,False,0.681,High,19.2,53.8,354.6,0.217,0.501,0.944,Moderate traffic flow - standard adaptive signal timing in effect
EVT446039,2025-12-03 12:58:28,Local Market Day,J040,City Market,3145,Weekday,False,Clear,False,0.0,False,False,0.181,Low,39.7,6.5,97.9,0.116,0.267,0.99,Normal free-flow traffic - standard signal timing maintained
EVT446040,2026-02-04 18:50:06,Local Market Day,J009,Majestic,5393,Weekday,False,Clear,False,0.0,False,False,0.979,Severe,7.5,68.2,667.4,0.194,0.448,0.931,Heavy congestion detected - signal timing extended and reroute suggested
EVT446041,2025-08-17 18:22:17,Local Market Day,J012,Koramangala Sony World,2936,Weekend,False,Heavy Rain,True,87.7,False,False,1.0,Severe,10.0,71.3,632.4,0.227,0.524,0.851,Heavy rain reducing visibility and grip - reduced speed and longer buffer advised
EVT446042,2025-01-15 19:56:50,Religious Festival,J023,Basavanagudi,49339,Weekday,True,Clear,False,0.0,False,False,1.0,Severe,8.1,74.5,622.5,0.213,0.493,0.862,Festival crowd surge detected - alternate route and extended cycle recommended
EVT446043,2026-06-15 06:56:53,Concert,J040,City Market,5036,Weekday,False,Rain,True,17.9,False,False,0.596,High,18.2,48.6,146.4,0.092,0.212,0.923,Heavy rain reducing visibility and grip - reduced speed and longer buffer advised
EVT446044,2026-03-26 16:01:46,Fireworks Display,J030,MG Road,10686,Weekday,True,Clear,False,0.0,False,False,0.634,High,21.8,46.7,264.9,0.184,0.425,0.945,Festival crowd surge detected - alternate route and extended cycle recommended
EVT446045,2025-03-30 17:10:14,Religious Festival,J023,Basavanagudi,43573,Weekend,True,Clear,False,0.0,False,True,1.0,Severe,9.3,108.0,574.1,0.226,0.523,0.823,Road closure for event/procession - full detour recommended for through-traffic
EVT446046,2025-09-17 19:12:33,Sports Fixture,J040,City Market,13243,Weekday,False,Heavy Rain,True,50.1,False,False,1.0,Severe,7.8,69.5,382.8,0.141,0.325,0.873,Heavy rain reducing visibility and grip - reduced speed and longer buffer advised
EVT446047,2025-12-31 08:13:20,Trade Fair,J031,Cubbon Road,10924,Weekday,False,Clear,False,0.0,False,False,0.888,Severe,11.8,63.8,157.8,0.081,0.187,0.947,Heavy congestion detected - signal timing extended and reroute suggested
EVT446048,2025-05-09 07:28:18,Trade Fair,J020,Malleshwaram Circle,5603,Weekday,False,Rain,True,23.6,False,False,0.903,Severe,12.2,64.8,397.2,0.198,0.456,0.88,Heavy rain reducing visibility and grip - reduced speed and longer buffer advised
EVT446049,2025-07-17 17:00:56,Sports Fixture,J020,Malleshwaram Circle,27334,Weekday,False,Clear,False,0.0,False,False,0.779,Severe,14.8,58.1,355.6,0.182,0.42,0.951,Heavy congestion detected - signal timing extended and reroute suggested
EVT446050,2025-02-14 16:47:49,Local Market Day,J020,Malleshwaram Circle,4472,Weekday,False,Clear,False,0.0,False,False,0.648,High,22.2,46.4,193.3,0.12,0.277,0.987,Moderate traffic flow - standard adaptive signal timing in effect
EVT446051,2026-05-23 20:59:28,Concert,J023,Basavanagudi,11464,Weekend,False,Rain,True,11.1,False,False,0.584,High,18.0,41.2,108.8,0.068,0.158,0.912,Heavy rain reducing visibility and grip - reduced speed and longer buffer advised
EVT446052,2026-03-11 07:50:51,Concert,J009,Majestic,13992,Weekday,False,Clear,False,0.0,False,False,0.845,Severe,11.6,60.7,388.9,0.19,0.439,0.927,Heavy congestion detected - signal timing extended and reroute suggested
EVT446053,2025-05-21 08:24:23,Political Rally,J020,Malleshwaram Circle,12960,Weekday,False,Light Rain,True,6.9,False,False,1.0,Severe,7.6,66.3,576.2,0.186,0.431,0.871,Heavy rain reducing visibility and grip - reduced speed and longer buffer advised
EVT446054,2026-04-07 22:31:46,Trade Fair,J020,Malleshwaram Circle,9922,Weekday,False,Clear,False,0.0,False,False,0.313,Low,29.0,14.5,188.8,0.151,0.35,0.974,Moderate traffic flow - standard adaptive signal timing in effect
EVT446055,2025-06-03 14:51:25,Trade Fair,J012,Koramangala Sony World,10590,Weekday,False,Clear,False,0.0,False,False,0.323,Low,30.2,23.9,156.1,0.144,0.332,0.972,Moderate traffic flow - standard adaptive signal timing in effect
EVT446056,2025-11-21 19:20:01,Sports Fixture,J012,Koramangala Sony World,10527,Weekday,False,Clear,False,0.0,False,False,0.952,Severe,10.0,69.6,539.5,0.234,0.539,0.908,Heavy congestion detected - signal timing extended and reroute suggested
EVT446057,2025-01-05 07:07:40,Local Market Day,J011,Indiranagar 100ft Road,3044,Weekend,False,Clear,False,0.0,False,False,0.44,Moderate,28.0,34.4,92.2,0.078,0.18,0.974,Moderate traffic flow - standard adaptive signal timing in effect
EVT446058,2025-07-16 08:33:52,Local Market Day,J020,Malleshwaram Circle,3638,Weekday,False,Heavy Rain,True,48.1,False,False,1.0,Severe,7.5,68.2,858.9,0.282,0.65,0.867,Heavy rain reducing visibility and grip - reduced speed and longer buffer advised
EVT446059,2026-06-20 08:02:54,Political Rally,J030,MG Road,8758,Weekend,False,Heavy Rain,True,84.4,False,False,1.0,Severe,7.4,78.3,262.4,0.088,0.204,0.87,Heavy rain reducing visibility and grip - reduced speed and longer buffer advised
EVT446060,2025-04-04 13:09:14,Local Market Day,J023,Basavanagudi,2667,Weekday,False,Clear,False,0.0,False,False,0.173,Low,38.9,10.4,98.2,0.084,0.193,0.976,Normal free-flow traffic - standard signal timing maintained
EVT446061,2025-12-29 07:37:47,Sports Fixture,J009,Majestic,16332,Weekday,False,Clear,False,0.0,False,False,0.684,High,18.6,51.5,280.1,0.179,0.413,0.982,Moderate traffic flow - standard adaptive signal timing in effect
EVT446062,2025-02-19 08:48:35,Concert,J012,Koramangala Sony World,8943,Weekday,False,Clear,False,0.0,False,False,0.999,Severe,9.3,71.7,419.1,0.159,0.367,0.919,Heavy congestion detected - signal timing extended and reroute suggested
EVT446063,2025-03-08 08:36:09,Local Market Day,J020,Malleshwaram Circle,4853,Weekend,False,Clear,False,0.0,False,False,0.775,Severe,17.4,56.2,131.6,0.07,0.163,0.941,Heavy congestion detected - signal timing extended and reroute suggested
EVT446064,2025-05-29 08:21:31,Sports Fixture,J020,Malleshwaram Circle,14065,Weekday,False,Clear,False,0.0,False,False,0.923,Severe,9.6,68.6,590.3,0.232,0.537,0.932,Heavy congestion detected - signal timing extended and reroute suggested
EVT446065,2026-06-22 07:33:15,Sports Fixture,J009,Majestic,13364,Weekday,False,Light Rain,True,2.8,False,False,0.767,Severe,15.9,59.0,246.5,0.149,0.343,0.933,Heavy rain reducing visibility and grip - reduced speed and longer buffer advised
EVT446066,2025-05-30 05:31:10,Trade Fair,J012,Koramangala Sony World,5909,Weekday,False,Clear,False,0.0,False,False,0.166,Low,39.4,9.6,103.9,0.104,0.24,0.939,Normal free-flow traffic - standard signal timing maintained
EVT446067,2025-02-20 15:11:15,Local Market Day,J012,Koramangala Sony World,4453,Weekday,False,Clear,False,0.0,False,False,0.277,Low,27.2,25.5,112.0,0.067,0.154,0.96,Moderate traffic flow - standard adaptive signal timing in effect
EVT446068,2026-06-23 07:43:05,Political Rally,J031,Cubbon Road,7393,Weekday,False,Clear,False,0.0,False,False,0.726,High,14.8,49.9,342.9,0.155,0.359,0.946,Moderate traffic flow - standard adaptive signal timing in effect
EVT446069,2025-01-22 15:08:35,Sports Fixture,J012,Koramangala Sony World,26562,Weekday,False,Clear,False,0.0,False,False,0.482,Moderate,29.2,34.5,142.9,0.129,0.299,0.932,Moderate traffic flow - standard adaptive signal timing in effect
EVT446070,2026-03-13 11:47:17,Concert,J011,Indiranagar 100ft Road,14857,Weekday,False,Clear,False,0.0,False,False,0.326,Low,29.9,29.0,142.1,0.086,0.198,0.956,Moderate traffic flow - standard adaptive signal timing in effect
EVT446071,2025-09-17 14:42:08,Local Market Day,J009,Majestic,2539,Weekday,False,Clear,False,0.0,False,False,0.154,Low,36.1,12.9,194.8,0.176,0.406,0.98,Normal free-flow traffic - standard signal timing maintained
EVT446072,2025-08-24 19:29:10,Concert,J012,Koramangala Sony World,19792,Weekend,False,Clear,False,0.0,False,False,0.9,Severe,12.8,63.6,237.7,0.112,0.258,0.968,Heavy congestion detected - signal timing extended and reroute suggested
EVT446073,2025-10-21 09:45:52,Religious Festival,J011,Indiranagar 100ft Road,32868,Weekday,True,Clear,False,0.0,False,True,1.0,Severe,9.0,99.2,634.9,0.256,0.592,0.828,Road closure for event/procession - full detour recommended for through-traffic
EVT446074,2026-02-17 10:32:53,Sports Fixture,J023,Basavanagudi,37884,Weekday,False,Clear,False,0.0,False,False,0.843,Severe,18.1,62.6,386.3,0.249,0.575,0.955,Heavy congestion detected - signal timing extended and reroute suggested
EVT446075,2025-07-05 10:51:43,Political Rally,J030,MG Road,13379,Weekend,False,Rain,True,22.8,False,False,0.792,Severe,16.1,54.6,311.2,0.17,0.394,0.921,Heavy rain reducing visibility and grip - reduced speed and longer buffer advised
EVT446076,2025-06-23 19:34:23,Local Market Day,J031,Cubbon Road,4329,Weekday,False,Clear,False,0.0,False,False,0.874,Severe,9.7,66.1,398.4,0.145,0.335,0.938,Heavy congestion detected - signal timing extended and reroute suggested
EVT446077,2025-05-22 14:49:29,Local Market Day,J023,Basavanagudi,2720,Weekday,False,Clear,False,0.0,False,False,0.249,Low,30.0,22.3,119.7,0.078,0.181,0.983,Normal free-flow traffic - standard signal timing maintained
EVT446078,2025-02-11 11:03:23,Political Rally,J040,City Market,12599,Weekday,False,Clear,False,0.0,False,False,0.489,Moderate,27.2,29.7,229.1,0.198,0.458,0.969,Moderate traffic flow - standard adaptive signal timing in effect
EVT446079,2025-03-11 20:01:16,Sports Fixture,J023,Basavanagudi,26974,Weekday,False,Clear,False,0.0,False,False,0.777,Severe,16.4,55.9,386.0,0.243,0.562,0.948,Heavy congestion detected - signal timing extended and reroute suggested
EVT446080,2025-06-21 12:25:36,Local Market Day,J020,Malleshwaram Circle,4906,Weekend,False,Heavy Rain,True,29.5,False,False,0.568,High,21.8,42.8,163.6,0.106,0.246,0.952,Heavy rain reducing visibility and grip - reduced speed and longer buffer advised
EVT446081,2025-03-25 09:44:17,Sports Fixture,J030,MG Road,24629,Weekday,False,Clear,False,0.0,False,False,0.985,Severe,8.5,69.8,836.1,0.267,0.616,0.924,Heavy congestion detected - signal timing extended and reroute suggested
EVT446082,2025-07-31 10:40:00,Trade Fair,J031,Cubbon Road,13051,Weekday,False,Clear,False,0.0,False,False,0.599,High,27.6,40.2,181.3,0.172,0.397,0.99,Moderate traffic flow - standard adaptive signal timing in effect
EVT446083,2026-04-15 16:24:46,Cultural Procession,J012,Koramangala Sony World,21078,Weekday,True,Rain,True,10.2,False,True,1.0,Severe,9.4,102.8,593.3,0.25,0.576,0.785,Road closure for event/procession - full detour recommended for through-traffic
EVT446084,2025-01-30 00:14:23,Sports Fixture,J040,City Market,38966,Weekday,False,Clear,False,0.0,False,False,0.458,Moderate,26.5,30.2,64.9,0.043,0.099,0.985,Moderate traffic flow - standard adaptive signal timing in effect
EVT446085,2025-08-16 08:49:13,Religious Festival,J009,Majestic,70567,Weekend,True,Clear,False,0.0,False,False,1.0,Severe,5.4,75.4,957.7,0.214,0.495,0.872,Festival crowd surge detected - alternate route and extended cycle recommended
EVT446086,2026-03-16 20:36:06,Trade Fair,J023,Basavanagudi,6559,Weekday,False,Clear,False,0.0,False,False,0.631,High,19.5,48.0,207.9,0.142,0.328,0.965,Moderate traffic flow - standard adaptive signal timing in effect
EVT446087,2025-02-28 13:35:18,Concert,J040,City Market,35264,Weekday,False,Clear,False,0.0,True,False,0.719,High,15.4,56.2,403.7,0.235,0.544,0.789,Accident detected nearby - reroute and reduced speed advised
EVT446088,2025-12-16 19:50:46,Political Rally,J040,City Market,13185,Weekday,False,Clear,False,0.0,False,False,0.813,Severe,14.3,62.7,192.5,0.124,0.286,0.973,Heavy congestion detected - signal timing extended and reroute suggested
EVT446089,2025-07-16 12:55:45,Trade Fair,J030,MG Road,11364,Weekday,False,Clear,False,0.0,False,False,0.308,Low,29.7,21.0,197.3,0.168,0.388,0.954,Moderate traffic flow - standard adaptive signal timing in effect
EVT446090,2025-11-26 06:58:58,Sports Fixture,J030,MG Road,24717,Weekday,False,Clear,False,0.0,False,False,0.595,High,24.2,45.5,290.4,0.231,0.534,0.962,Moderate traffic flow - standard adaptive signal timing in effect
EVT446091,2026-02-13 17:42:06,Concert,J023,Basavanagudi,12462,Weekday,False,Clear,False,0.0,False,False,1.0,Severe,8.9,73.7,579.9,0.206,0.477,0.919,Heavy congestion detected - signal timing extended and reroute suggested
EVT446092,2025-02-04 10:32:52,Local Market Day,J009,Majestic,4303,Weekday,False,Clear,False,0.0,False,False,0.601,High,22.8,46.7,318.9,0.214,0.494,0.925,Moderate traffic flow - standard adaptive signal timing in effect
EVT446093,2025-08-01 10:58:27,Local Market Day,J031,Cubbon Road,4495,Weekday,False,Clear,False,0.0,False,False,0.446,Moderate,27.0,33.1,238.1,0.189,0.437,0.965,Moderate traffic flow - standard adaptive signal timing in effect
EVT446094,2025-11-14 09:09:31,Sports Fixture,J030,MG Road,12638,Weekday,False,Clear,False,0.0,False,False,1.0,Severe,8.0,68.6,421.8,0.139,0.321,0.909,Heavy congestion detected - signal timing extended and reroute suggested
EVT446095,2025-04-18 10:58:54,Political Rally,J030,MG Road,27115,Weekday,False,Clear,False,0.0,False,False,0.65,High,18.2,47.7,209.5,0.111,0.256,0.94,Moderate traffic flow - standard adaptive signal timing in effect
EVT446096,2025-04-16 17:57:22,Concert,J040,City Market,7993,Weekday,False,Clear,False,0.0,False,False,1.0,Severe,9.0,70.0,413.9,0.167,0.386,0.886,Heavy congestion detected - signal timing extended and reroute suggested
EVT446097,2025-04-11 17:22:06,Trade Fair,J009,Majestic,6960,Weekday,False,Clear,False,0.0,False,False,0.847,Severe,14.3,61.3,143.1,0.075,0.174,0.959,Heavy congestion detected - signal timing extended and reroute suggested
EVT446098,2026-02-09 10:20:46,Trade Fair,J030,MG Road,8601,Weekday,False,Clear,False,0.0,False,False,0.663,High,21.8,55.8,204.0,0.14,0.324,0.953,Moderate traffic flow - standard adaptive signal timing in effect
EVT446099,2026-04-24 18:00:25,Concert,J023,Basavanagudi,9739,Weekday,False,Clear,False,0.0,False,False,0.971,Severe,8.8,66.2,224.8,0.093,0.214,0.951,Heavy congestion detected - signal timing extended and reroute suggested
EVT446100,2026-05-23 15:40:35,Sports Fixture,J020,Malleshwaram Circle,24906,Weekend,False,Clear,False,0.0,False,False,0.513,Moderate,23.9,34.5,166.2,0.125,0.289,0.99,Moderate traffic flow - standard adaptive signal timing in effect
EVT446101,2025-02-12 19:37:36,Local Market Day,J020,Malleshwaram Circle,3183,Weekday,False,Clear,False,0.0,False,False,0.857,Severe,14.5,58.7,205.4,0.104,0.239,0.949,Heavy congestion detected - signal timing extended and reroute suggested
EVT446102,2025-08-02 19:58:51,Political Rally,J040,City Market,9878,Weekend,False,Clear,False,0.0,False,False,0.693,High,17.7,44.5,322.5,0.201,0.463,0.98,Moderate traffic flow - standard adaptive signal timing in effect
EVT446103,2025-04-25 17:17:34,Trade Fair,J011,Indiranagar 100ft Road,10443,Weekday,False,Clear,False,0.0,False,False,0.911,Severe,12.6,64.3,668.8,0.305,0.706,0.928,Heavy congestion detected - signal timing extended and reroute suggested
EVT446104,2026-04-25 20:01:11,Political Rally,J023,Basavanagudi,9407,Weekend,False,Fog,False,0.0,False,False,0.688,High,18.6,44.0,175.5,0.112,0.258,0.943,Moderate traffic flow - standard adaptive signal timing in effect
EVT446105,2026-06-26 16:58:47,Political Rally,J011,Indiranagar 100ft Road,16233,Weekday,False,Clear,False,0.0,False,False,0.789,Severe,16.0,60.0,138.9,0.069,0.16,0.951,Heavy congestion detected - signal timing extended and reroute suggested
EVT446106,2026-05-20 18:47:09,Trade Fair,J009,Majestic,6837,Weekday,False,Clear,False,0.0,False,False,1.0,Severe,6.5,72.5,766.8,0.205,0.474,0.925,Heavy congestion detected - signal timing extended and reroute suggested
EVT446107,2026-03-11 14:01:52,Trade Fair,J009,Majestic,4686,Weekday,False,Clear,False,0.0,False,False,0.145,Low,46.2,11.9,84.8,0.1,0.23,0.966,Normal free-flow traffic - standard signal timing maintained
EVT446108,2025-04-23 19:59:40,Trade Fair,J040,City Market,10595,Weekday,False,Clear,False,0.0,False,False,0.746,High,18.9,55.3,272.2,0.157,0.363,0.968,Moderate traffic flow - standard adaptive signal timing in effect
EVT446109,2025-08-02 19:32:57,Political Rally,J023,Basavanagudi,9729,Weekend,False,Clear,False,0.0,False,False,0.829,Severe,8.9,60.3,453.3,0.149,0.344,0.986,Heavy congestion detected - signal timing extended and reroute suggested
EVT446110,2026-06-25 21:21:43,Local Market Day,J040,City Market,3234,Weekday,False,Clear,False,0.0,False,False,0.317,Low,35.7,24.4,126.7,0.135,0.312,0.96,Moderate traffic flow - standard adaptive signal timing in effect
EVT446111,2025-03-05 10:13:49,Concert,J023,Basavanagudi,8368,Weekday,False,Fog,False,0.0,False,False,0.768,Severe,14.4,51.2,253.8,0.125,0.288,0.951,Heavy congestion detected - signal timing extended and reroute suggested
EVT446112,2026-06-07 09:33:35,Sports Fixture,J009,Majestic,36692,Weekend,False,Clear,False,0.0,False,False,1.0,Severe,10.1,79.0,501.2,0.208,0.481,0.888,Heavy congestion detected - signal timing extended and reroute suggested
EVT446113,2025-09-09 10:48:21,Trade Fair,J009,Majestic,9409,Weekday,False,Rain,True,10.4,False,False,0.653,High,22.9,46.8,103.1,0.052,0.119,0.899,Heavy rain reducing visibility and grip - reduced speed and longer buffer advised
EVT446114,2026-06-27 14:45:26,Concert,J011,Indiranagar 100ft Road,12672,Weekend,False,Clear,False,0.0,False,False,0.355,Moderate,24.0,21.7,148.7,0.105,0.243,0.959,Moderate traffic flow - standard adaptive signal timing in effect
EVT446115,2025-12-16 19:57:08,Sports Fixture,J023,Basavanagudi,19083,Weekday,False,Light Rain,True,5.4,False,False,0.908,Severe,13.9,58.9,180.6,0.09,0.207,0.877,Heavy rain reducing visibility and grip - reduced speed and longer buffer advised
EVT446116,2026-04-12 05:45:19,Concert,J020,Malleshwaram Circle,6612,Weekend,False,Clear,False,0.0,False,False,0.294,Low,26.6,23.5,229.6,0.169,0.39,0.952,Moderate traffic flow - standard adaptive signal timing in effect
EVT446117,2026-03-06 15:51:37,Trade Fair,J020,Malleshwaram Circle,7350,Weekday,False,Fog,False,0.0,False,False,0.405,Moderate,24.5,27.9,71.0,0.048,0.111,0.967,Moderate traffic flow - standard adaptive signal timing in effect
EVT446118,2025-07-21 18:54:16,Local Market Day,J020,Malleshwaram Circle,3938,Weekday,False,Clear,False,0.0,False,False,0.988,Severe,8.8,69.4,430.3,0.165,0.38,0.932,Heavy congestion detected - signal timing extended and reroute suggested
EVT446119,2025-09-13 08:52:19,Sports Fixture,J023,Basavanagudi,20563,Weekend,False,Clear,False,0.0,False,False,0.954,Severe,10.4,65.7,346.1,0.144,0.333,0.935,Heavy congestion detected - signal timing extended and reroute suggested
EVT446120,2025-02-09 18:19:08,Local Market Day,J040,City Market,4208,Weekend,False,Clear,False,0.0,False,False,0.86,Severe,10.8,58.9,295.4,0.115,0.266,0.962,Heavy congestion detected - signal timing extended and reroute suggested
EVT446121,2025-05-12 19:46:27,Local Market Day,J011,Indiranagar 100ft Road,2254,Weekday,False,Rain,True,15.3,False,False,0.896,Severe,13.0,56.6,445.9,0.214,0.495,0.881,Heavy rain reducing visibility and grip - reduced speed and longer buffer advised
EVT446122,2025-12-02 15:02:22,Trade Fair,J011,Indiranagar 100ft Road,12714,Weekday,False,Clear,False,0.0,False,False,0.238,Low,30.2,14.3,190.5,0.158,0.366,0.973,Normal free-flow traffic - standard signal timing maintained
EVT446123,2026-03-04 15:18:28,Fireworks Display,J031,Cubbon Road,35136,Weekday,True,Clear,False,0.0,False,False,0.651,High,23.3,46.0,319.5,0.224,0.516,0.919,Festival crowd surge detected - alternate route and extended cycle recommended
EVT446124,2025-08-12 06:36:23,Local Market Day,J020,Malleshwaram Circle,2327,Weekday,False,Light Rain,True,7.1,False,False,0.42,Moderate,22.1,34.8,242.9,0.163,0.377,0.926,Light rain detected - minor speed reduction advised
EVT446125,2025-06-24 17:35:11,Local Market Day,J011,Indiranagar 100ft Road,3976,Weekday,False,Clear,False,0.0,False,False,0.975,Severe,9.3,66.5,585.3,0.214,0.494,0.924,Heavy congestion detected - signal timing extended and reroute suggested
EVT446126,2025-12-25 16:49:26,Religious Festival,J020,Malleshwaram Circle,32655,Weekday,True,Clear,False,0.0,False,True,1.0,Severe,8.0,107.3,314.3,0.126,0.292,0.832,Road closure for event/procession - full detour recommended for through-traffic
EVT446127,2026-05-31 07:38:36,Concert,J011,Indiranagar 100ft Road,13731,Weekend,False,Clear,False,0.0,False,False,0.693,High,24.8,46.2,220.4,0.171,0.396,0.975,Moderate traffic flow - standard adaptive signal timing in effect
EVT446128,2025-03-11 18:47:12,Sports Fixture,J009,Majestic,16379,Weekday,False,Fog,False,0.0,False,False,1.0,Severe,8.2,67.0,364.3,0.107,0.248,0.928,Heavy congestion detected - signal timing extended and reroute suggested
EVT446129,2025-01-20 12:12:23,Sports Fixture,J009,Majestic,8596,Weekday,False,Clear,False,0.0,False,False,0.208,Low,31.3,9.7,116.6,0.095,0.22,0.962,Normal free-flow traffic - standard signal timing maintained
EVT446130,2026-03-23 12:47:12,Trade Fair,J009,Majestic,11554,Weekday,False,Light Rain,True,2.8,False,False,0.34,Low,32.3,26.2,101.9,0.09,0.208,0.896,Light rain detected - minor speed reduction advised
EVT446131,2025-10-31 09:42:40,Local Market Day,J011,Indiranagar 100ft Road,3600,Weekday,False,Clear,False,0.0,False,False,0.927,Severe,11.9,71.6,414.9,0.186,0.429,0.928,Heavy congestion detected - signal timing extended and reroute suggested
EVT446132,2025-04-25 09:52:18,Trade Fair,J023,Basavanagudi,9950,Weekday,False,Clear,False,0.0,False,False,0.944,Severe,11.8,62.9,368.2,0.178,0.41,0.906,Heavy congestion detected - signal timing extended and reroute suggested
EVT446133,2026-04-15 09:19:19,Fireworks Display,J030,MG Road,38457,Weekday,True,Clear,False,0.0,False,False,1.0,Severe,6.9,70.6,663.6,0.207,0.478,0.877,Festival crowd surge detected - alternate route and extended cycle recommended
EVT446134,2025-10-23 08:58:11,Sports Fixture,J030,MG Road,28722,Weekday,False,Rain,True,23.6,False,False,1.0,Severe,9.4,73.4,653.2,0.237,0.549,0.877,Heavy rain reducing visibility and grip - reduced speed and longer buffer advised
EVT446135,2026-01-28 07:51:47,Local Market Day,J030,MG Road,3653,Weekday,False,Clear,False,0.0,False,False,0.672,High,20.2,49.2,163.0,0.093,0.214,0.969,Moderate traffic flow - standard adaptive signal timing in effect
EVT446136,2025-09-25 13:03:00,Concert,J009,Majestic,13226,Weekday,False,Clear,False,0.0,False,False,0.21,Low,35.5,14.4,77.6,0.074,0.172,0.957,Normal free-flow traffic - standard signal timing maintained
EVT446137,2025-10-15 17:29:05,Sports Fixture,J009,Majestic,23425,Weekday,False,Clear,False,0.0,False,False,0.976,Severe,10.1,68.6,465.9,0.192,0.443,0.902,Heavy congestion detected - signal timing extended and reroute suggested
EVT446138,2025-09-13 08:41:37,Concert,J023,Basavanagudi,11226,Weekend,False,Rain,True,12.1,False,False,0.985,Severe,8.4,68.3,425.1,0.154,0.356,0.867,Heavy rain reducing visibility and grip - reduced speed and longer buffer advised
EVT446139,2025-05-07 10:20:11,Concert,J009,Majestic,18847,Weekday,False,Clear,False,0.0,False,False,0.698,High,15.0,49.1,435.5,0.203,0.469,0.963,Moderate traffic flow - standard adaptive signal timing in effect
EVT446140,2025-07-02 18:26:25,Concert,J020,Malleshwaram Circle,14036,Weekday,False,Light Rain,True,3.3,False,False,1.0,Severe,8.7,68.1,568.0,0.201,0.464,0.874,Heavy rain reducing visibility and grip - reduced speed and longer buffer advised
EVT446141,2026-03-13 18:34:38,Political Rally,J031,Cubbon Road,11064,Weekday,False,Clear,False,0.0,False,False,1.0,Severe,8.9,77.6,685.7,0.235,0.543,0.919,Heavy congestion detected - signal timing extended and reroute suggested
EVT446142,2025-04-10 09:30:45,Sports Fixture,J009,Majestic,19506,Weekday,False,Clear,False,0.0,False,False,1.0,Severe,7.8,67.5,757.6,0.25,0.578,0.906,Heavy congestion detected - signal timing extended and reroute suggested
EVT446143,2025-05-25 07:47:36,Trade Fair,J011,Indiranagar 100ft Road,7846,Weekend,False,Clear,False,0.0,False,False,0.641,High,23.3,40.7,249.1,0.212,0.49,0.957,Moderate traffic flow - standard adaptive signal timing in effect
EVT446144,2026-02-22 19:17:02,Sports Fixture,J012,Koramangala Sony World,17772,Weekend,False,Clear,False,0.0,False,False,0.891,Severe,12.3,62.6,374.8,0.18,0.417,0.927,Heavy congestion detected - signal timing extended and reroute suggested
EVT446145,2025-03-01 20:43:57,Concert,J011,Indiranagar 100ft Road,7499,Weekend,False,Clear,False,0.0,False,False,0.545,Moderate,21.9,38.8,226.5,0.157,0.362,0.969,Moderate traffic flow - standard adaptive signal timing in effect
EVT446146,2026-02-23 11:01:21,Local Market Day,J012,Koramangala Sony World,2599,Weekday,False,Clear,False,0.0,False,False,0.403,Moderate,26.1,32.7,159.0,0.098,0.227,0.964,Moderate traffic flow - standard adaptive signal timing in effect
EVT446147,2025-09-03 18:48:13,Local Market Day,J009,Majestic,9073,Weekday,False,Heavy Rain,True,58.3,False,False,1.0,Severe,8.6,76.9,810.6,0.289,0.667,0.853,Heavy rain reducing visibility and grip - reduced speed and longer buffer advised
EVT446148,2025-09-11 11:36:29,Local Market Day,J020,Malleshwaram Circle,3753,Weekday,False,Heavy Rain,True,36.9,False,False,0.694,High,21.4,48.2,282.1,0.208,0.482,0.917,Heavy rain reducing visibility and grip - reduced speed and longer buffer advised
EVT446149,2026-04-17 09:35:36,Trade Fair,J012,Koramangala Sony World,9864,Weekday,False,Clear,False,0.0,False,False,1.0,Severe,8.1,72.9,232.7,0.072,0.166,0.898,Heavy congestion detected - signal timing extended and reroute suggested
EVT446150,2025-01-14 20:57:55,Cultural Procession,J011,Indiranagar 100ft Road,15693,Weekday,True,Clear,False,0.0,False,False,0.789,Severe,16.2,59.6,341.4,0.185,0.427,0.89,Festival crowd surge detected - alternate route and extended cycle recommended
EVT446151,2025-05-29 08:26:48,Sports Fixture,J030,MG Road,18999,Weekday,False,Clear,False,0.0,False,False,0.996,Severe,9.2,77.8,424.1,0.168,0.387,0.903,Heavy congestion detected - signal timing extended and reroute suggested
EVT446152,2025-05-12 09:30:49,Concert,J009,Majestic,9066,Weekday,False,Light Rain,True,2.6,False,False,1.0,Severe,6.8,69.9,826.4,0.228,0.526,0.89,Heavy rain reducing visibility and grip - reduced speed and longer buffer advised
EVT446153,2026-01-30 16:24:31,Local Market Day,J011,Indiranagar 100ft Road,7747,Weekday,False,Clear,False,0.0,False,False,0.525,Moderate,25.1,35.6,240.0,0.154,0.355,0.966,Moderate traffic flow - standard adaptive signal timing in effect
EVT446154,2025-08-21 10:26:48,Sports Fixture,J030,MG Road,34506,Weekday,False,Heavy Rain,True,54.2,False,False,1.0,Severe,6.5,73.3,494.1,0.148,0.342,0.836,Heavy rain reducing visibility and grip - reduced speed and longer buffer advised
EVT446155,2025-03-25 11:48:38,Sports Fixture,J031,Cubbon Road,23281,Weekday,False,Clear,False,0.0,False,False,0.331,Low,33.1,29.5,78.4,0.053,0.121,0.99,Moderate traffic flow - standard adaptive signal timing in effect
EVT446156,2025-06-15 15:24:05,Political Rally,J031,Cubbon Road,7831,Weekend,False,Heavy Rain,True,30.4,False,False,0.669,High,18.1,51.6,288.9,0.176,0.408,0.906,Heavy rain reducing visibility and grip - reduced speed and longer buffer advised
EVT446157,2025-06-19 09:08:46,Trade Fair,J040,City Market,9165,Weekday,False,Heavy Rain,True,50.2,False,False,1.0,Severe,8.7,70.4,550.9,0.212,0.49,0.885,Heavy rain reducing visibility and grip - reduced speed and longer buffer advised
EVT446158,2025-10-21 19:32:10,Religious Festival,J020,Malleshwaram Circle,38336,Weekday,True,Heavy Rain,True,42.7,False,False,1.0,Severe,8.9,71.3,578.2,0.219,0.505,0.807,Festival crowd surge detected - alternate route and extended cycle recommended
EVT446159,2026-02-04 22:09:32,Local Market Day,J011,Indiranagar 100ft Road,6800,Weekday,False,Clear,False,0.0,False,False,0.192,Low,31.4,9.5,135.6,0.115,0.266,0.983,Normal free-flow traffic - standard signal timing maintained
EVT446160,2025-03-15 10:14:04,Religious Festival,J009,Majestic,55844,Weekend,True,Clear,False,0.0,False,True,1.0,Severe,9.5,106.1,606.2,0.233,0.538,0.825,Road closure for event/procession - full detour recommended for through-traffic
EVT446161,2025-08-15 16:09:51,Cultural Procession,J030,MG Road,18012,Weekday,True,Clear,False,0.0,False,False,0.676,High,16.2,45.5,293.6,0.168,0.389,0.927,Festival crowd surge detected - alternate route and extended cycle recommended
EVT446162,2025-01-01 20:07:37,Sports Fixture,J020,Malleshwaram Circle,24239,Weekday,False,Clear,False,0.0,False,False,0.769,Severe,18.8,52.4,272.1,0.192,0.444,0.952,Heavy congestion detected - signal timing extended and reroute suggested
EVT446163,2025-12-16 17:03:30,Local Market Day,J020,Malleshwaram Circle,4078,Weekday,False,Clear,False,0.0,False,False,0.69,High,16.8,51.9,324.6,0.188,0.435,0.961,Moderate traffic flow - standard adaptive signal timing in effect
EVT446164,2025-09-20 18:04:20,Local Market Day,J023,Basavanagudi,4663,Weekend,False,Clear,False,0.0,False,False,0.857,Severe,14.9,62.7,562.6,0.314,0.725,0.945,Heavy congestion detected - signal timing extended and reroute suggested
EVT446165,2026-02-28 14:13:54,Local Market Day,J012,Koramangala Sony World,5222,Weekend,False,Clear,False,0.0,False,False,0.273,Low,38.7,22.7,115.5,0.115,0.265,0.975,Moderate traffic flow - standard adaptive signal timing in effect
EVT446166,2026-03-20 09:06:29,Religious Festival,J009,Majestic,44596,Weekday,True,Clear,False,0.0,False,True,1.0,Severe,8.8,104.5,516.4,0.189,0.437,0.845,Road closure for event/procession - full detour recommended for through-traffic
EVT446167,2025-01-20 20:07:24,Concert,J030,MG Road,12209,Weekday,False,Clear,False,0.0,False,False,0.682,High,18.3,50.8,232.8,0.147,0.339,0.929,Moderate traffic flow - standard adaptive signal timing in effect
EVT446168,2025-01-09 00:12:35,Concert,J020,Malleshwaram Circle,6156,Weekday,False,Clear,False,0.0,False,False,0.201,Low,33.4,15.4,184.3,0.149,0.344,0.95,Normal free-flow traffic - standard signal timing maintained
EVT446169,2025-02-27 20:28:04,Local Market Day,J020,Malleshwaram Circle,2284,Weekday,False,Clear,False,0.0,False,False,0.552,High,20.0,35.1,154.5,0.091,0.211,0.951,Moderate traffic flow - standard adaptive signal timing in effect
EVT446170,2026-03-22 06:01:13,Sports Fixture,J011,Indiranagar 100ft Road,24576,Weekend,False,Clear,False,0.0,False,False,0.411,Moderate,26.7,22.2,220.8,0.161,0.372,0.99,Moderate traffic flow - standard adaptive signal timing in effect
EVT446171,2025-11-04 09:56:44,Local Market Day,J020,Malleshwaram Circle,4396,Weekday,False,Clear,False,0.0,False,False,0.809,Severe,15.9,52.7,314.2,0.172,0.397,0.971,Heavy congestion detected - signal timing extended and reroute suggested
EVT446172,2025-05-19 13:13:51,Local Market Day,J012,Koramangala Sony World,3129,Weekday,False,Light Rain,True,7.1,False,False,0.266,Low,23.1,15.9,276.0,0.18,0.416,0.925,Light rain detected - minor speed reduction advised
EVT446173,2025-07-06 15:39:41,Local Market Day,J040,City Market,6898,Weekend,False,Rain,True,19.2,False,False,0.654,High,15.0,44.5,412.5,0.202,0.466,0.916,Heavy rain reducing visibility and grip - reduced speed and longer buffer advised
EVT446174,2025-10-15 16:10:00,Local Market Day,J023,Basavanagudi,3201,Weekday,False,Clear,False,0.0,False,False,0.504,Moderate,26.9,33.6,161.5,0.13,0.3,0.969,Moderate traffic flow - standard adaptive signal timing in effect
EVT446175,2026-04-29 17:30:51,Local Market Day,J031,Cubbon Road,2378,Weekday,False,Clear,False,0.0,False,False,0.896,Severe,10.0,62.1,307.5,0.123,0.283,0.936,Heavy congestion detected - signal timing extended and reroute suggested
EVT446176,2025-12-08 15:14:28,Political Rally,J009,Majestic,13593,Weekday,False,Clear,False,0.0,False,False,0.285,Low,30.8,17.1,66.4,0.065,0.149,0.979,Moderate traffic flow - standard adaptive signal timing in effect
EVT446177,2026-04-07 08:13:33,Local Market Day,J030,MG Road,2767,Weekday,False,Clear,False,0.0,True,False,1.0,Severe,7.6,74.6,581.7,0.18,0.416,0.735,Accident detected nearby - reroute and reduced speed advised
EVT446178,2025-05-20 18:50:16,Trade Fair,J009,Majestic,7709,Weekday,False,Rain,True,12.5,False,False,1.0,Severe,7.9,73.0,286.3,0.119,0.274,0.879,Heavy rain reducing visibility and grip - reduced speed and longer buffer advised
EVT446179,2025-08-31 20:27:22,Concert,J020,Malleshwaram Circle,6313,Weekend,False,Clear,False,0.0,False,False,0.62,High,27.1,37.0,217.7,0.176,0.407,0.979,Moderate traffic flow - standard adaptive signal timing in effect
EVT446180,2026-04-11 17:13:56,Local Market Day,J040,City Market,3408,Weekend,False,Clear,False,0.0,False,False,0.692,High,20.0,42.1,241.4,0.141,0.325,0.971,Moderate traffic flow - standard adaptive signal timing in effect
EVT446181,2025-05-20 13:20:47,Sports Fixture,J012,Koramangala Sony World,21819,Weekday,False,Clear,False,0.0,False,False,0.193,Low,35.8,15.2,193.0,0.176,0.407,0.956,Normal free-flow traffic - standard signal timing maintained
EVT446182,2025-12-05 19:43:38,Sports Fixture,J011,Indiranagar 100ft Road,34188,Weekday,False,Clear,False,0.0,False,False,0.966,Severe,9.7,72.4,473.2,0.194,0.447,0.893,Heavy congestion detected - signal timing extended and reroute suggested
EVT446183,2026-04-29 18:57:38,Trade Fair,J020,Malleshwaram Circle,13423,Weekday,False,Clear,False,0.0,False,False,1.0,Severe,8.9,73.9,513.1,0.193,0.446,0.925,Heavy congestion detected - signal timing extended and reroute suggested
EVT446184,2025-11-25 14:44:23,Concert,J020,Malleshwaram Circle,14256,Weekday,False,Clear,False,0.0,False,False,0.216,Low,36.0,13.9,118.3,0.105,0.242,0.974,Normal free-flow traffic - standard signal timing maintained
EVT446185,2025-05-16 09:14:56,Trade Fair,J030,MG Road,8600,Weekday,False,Light Rain,True,4.4,False,False,1.0,Severe,7.9,71.6,417.9,0.151,0.349,0.85,Heavy rain reducing visibility and grip - reduced speed and longer buffer advised
EVT446186,2025-12-20 07:21:34,Local Market Day,J012,Koramangala Sony World,3767,Weekend,False,Clear,False,0.0,False,False,0.511,Moderate,31.4,30.5,209.4,0.173,0.399,0.962,Moderate traffic flow - standard adaptive signal timing in effect
EVT446187,2025-03-21 16:00:10,Sports Fixture,J012,Koramangala Sony World,27487,Weekday,False,Clear,False,0.0,False,False,0.581,High,25.1,44.3,248.6,0.185,0.428,0.954,Moderate traffic flow - standard adaptive signal timing in effect
EVT446188,2025-12-20 18:59:57,Local Market Day,J011,Indiranagar 100ft Road,2682,Weekend,False,Clear,False,0.0,False,False,0.81,Severe,17.7,56.4,467.6,0.274,0.632,0.969,Heavy congestion detected - signal timing extended and reroute suggested
EVT446189,2025-10-24 16:21:09,Local Market Day,J011,Indiranagar 100ft Road,6299,Weekday,False,Clear,False,0.0,False,False,0.602,High,20.9,45.5,247.8,0.168,0.388,0.971,Moderate traffic flow - standard adaptive signal timing in effect
EVT446190,2025-02-06 08:57:50,Sports Fixture,J012,Koramangala Sony World,18549,Weekday,False,Clear,False,0.0,False,False,1.0,Severe,8.0,70.8,455.9,0.174,0.403,0.911,Heavy congestion detected - signal timing extended and reroute suggested
EVT446191,2026-06-01 08:21:16,Sports Fixture,J012,Koramangala Sony World,26474,Weekday,False,Fog,False,0.0,False,False,1.0,Severe,8.6,70.9,380.1,0.133,0.307,0.91,Heavy congestion detected - signal timing extended and reroute suggested
EVT446192,2025-06-21 17:41:10,Concert,J011,Indiranagar 100ft Road,19048,Weekend,False,Rain,True,10.5,False,False,1.0,Severe,8.1,75.2,357.5,0.134,0.309,0.871,Heavy rain reducing visibility and grip - reduced speed and longer buffer advised
EVT446193,2025-08-03 07:47:16,Concert,J031,Cubbon Road,13314,Weekend,False,Clear,False,0.0,False,False,0.744,High,15.4,52.4,245.1,0.124,0.286,0.952,Moderate traffic flow - standard adaptive signal timing in effect
EVT446194,2025-11-23 07:09:30,Local Market Day,J020,Malleshwaram Circle,4899,Weekend,False,Clear,False,0.0,False,False,0.525,Moderate,17.6,37.8,359.0,0.188,0.433,0.975,Moderate traffic flow - standard adaptive signal timing in effect
EVT446195,2025-06-15 20:04:18,Local Market Day,J030,MG Road,4107,Weekend,False,Rain,True,20.9,False,False,0.753,Severe,17.0,53.0,325.5,0.199,0.46,0.905,Heavy rain reducing visibility and grip - reduced speed and longer buffer advised
EVT446196,2026-05-24 08:37:15,Concert,J040,City Market,7961,Weekend,False,Clear,False,0.0,False,False,0.89,Severe,11.5,65.9,495.4,0.231,0.533,0.933,Heavy congestion detected - signal timing extended and reroute suggested
EVT446197,2025-07-01 07:33:08,Local Market Day,J030,MG Road,3787,Weekday,False,Clear,False,0.0,False,False,0.678,High,18.6,50.2,314.2,0.185,0.427,0.956,Moderate traffic flow - standard adaptive signal timing in effect
EVT446198,2025-09-23 15:37:26,Concert,J023,Basavanagudi,14523,Weekday,False,Clear,False,0.0,False,False,0.334,Low,28.2,25.4,110.4,0.097,0.223,0.982,Moderate traffic flow - standard adaptive signal timing in effect
EVT446199,2026-05-24 16:37:31,Sports Fixture,J011,Indiranagar 100ft Road,24024,Weekend,False,Rain,True,19.1,False,False,0.884,Severe,13.4,62.5,341.1,0.164,0.378,0.904,Heavy rain reducing visibility and grip - reduced speed and longer buffer advised
EVT446200,2025-01-20 19:20:19,Sports Fixture,J030,MG Road,27955,Weekday,False,Clear,False,0.0,False,False,1.0,Severe,8.5,75.3,854.2,0.289,0.668,0.903,Heavy congestion detected - signal timing extended and reroute suggested
EVT446201,2025-09-02 08:33:08,Sports Fixture,J020,Malleshwaram Circle,26700,Weekday,False,Rain,True,19.6,False,False,1.0,Severe,9.3,69.9,485.4,0.173,0.399,0.888,Heavy rain reducing visibility and grip - reduced speed and longer buffer advised
EVT446202,2025-10-01 12:59:41,Trade Fair,J009,Majestic,10830,Weekday,False,Clear,False,0.0,False,False,0.265,Low,33.7,18.3,102.3,0.094,0.218,0.977,Moderate traffic flow - standard adaptive signal timing in effect
EVT446203,2025-06-05 18:13:20,Trade Fair,J030,MG Road,5647,Weekday,False,Fog,False,0.0,False,False,0.983,Severe,10.7,68.9,415.8,0.188,0.434,0.909,Heavy congestion detected - signal timing extended and reroute suggested
EVT446204,2025-08-12 04:52:40,Local Market Day,J012,Koramangala Sony World,4718,Weekday,False,Rain,True,12.8,False,False,0.254,Low,31.9,13.5,195.1,0.164,0.38,0.931,Light rain detected - minor speed reduction advised
EVT446205,2025-04-21 13:48:49,Trade Fair,J012,Koramangala Sony World,9953,Weekday,False,Clear,False,0.0,False,False,0.147,Low,36.6,12.6,126.8,0.116,0.267,0.962,Normal free-flow traffic - standard signal timing maintained
EVT446206,2026-01-19 08:28:35,Local Market Day,J030,MG Road,4766,Weekday,False,Clear,False,0.0,False,False,0.907,Severe,10.8,63.5,343.5,0.139,0.321,0.955,Heavy congestion detected - signal timing extended and reroute suggested
EVT446207,2025-09-22 06:37:47,Concert,J040,City Market,10228,Weekday,False,Fog,False,0.0,False,False,0.369,Moderate,25.5,18.8,253.3,0.163,0.375,0.953,Moderate traffic flow - standard adaptive signal timing in effect
EVT446208,2025-06-29 15:15:52,Sports Fixture,J020,Malleshwaram Circle,23286,Weekend,False,Clear,False,0.0,False,False,0.459,Moderate,21.0,34.0,175.6,0.128,0.295,0.949,Moderate traffic flow - standard adaptive signal timing in effect
EVT446209,2026-04-06 08:25:03,Concert,J040,City Market,13542,Weekday,False,Clear,False,0.0,False,False,0.993,Severe,9.4,74.1,655.9,0.264,0.61,0.922,Heavy congestion detected - signal timing extended and reroute suggested
EVT446210,2025-03-11 17:24:39,Local Market Day,J009,Majestic,4458,Weekday,False,Clear,False,0.0,False,False,0.832,Severe,14.5,61.5,479.6,0.262,0.605,0.951,Heavy congestion detected - signal timing extended and reroute suggested
EVT446211,2026-03-07 09:03:00,Trade Fair,J023,Basavanagudi,10610,Weekend,False,Clear,False,0.0,False,False,0.909,Severe,10.0,59.0,546.7,0.205,0.474,0.947,Heavy congestion detected - signal timing extended and reroute suggested
EVT446212,2025-03-15 23:57:40,Religious Festival,J012,Koramangala Sony World,25472,Weekend,True,Clear,False,0.0,False,False,0.613,High,20.2,41.9,370.4,0.235,0.542,0.939,Festival crowd surge detected - alternate route and extended cycle recommended
EVT446213,2025-05-10 19:18:16,Sports Fixture,J011,Indiranagar 100ft Road,21377,Weekend,False,Fog,False,0.0,False,False,0.936,Severe,10.9,66.5,468.0,0.196,0.452,0.924,Heavy congestion detected - signal timing extended and reroute suggested
EVT446214,2026-06-01 09:12:38,Trade Fair,J023,Basavanagudi,8174,Weekday,False,Clear,False,0.0,False,False,1.0,Severe,9.0,68.0,493.8,0.191,0.441,0.915,Heavy congestion detected - signal timing extended and reroute suggested
EVT446215,2025-07-03 15:40:24,Local Market Day,J023,Basavanagudi,3479,Weekday,False,Rain,True,16.6,False,False,0.546,Moderate,23.1,39.0,225.6,0.159,0.367,0.933,Light rain detected - minor speed reduction advised
EVT446216,2025-02-22 08:27:45,Local Market Day,J012,Koramangala Sony World,3389,Weekend,False,Clear,False,0.0,False,False,0.719,High,21.6,47.3,178.7,0.12,0.278,0.965,Moderate traffic flow - standard adaptive signal timing in effect
EVT446217,2026-03-11 22:01:53,Local Market Day,J023,Basavanagudi,5682,Weekday,False,Clear,False,0.0,False,False,0.264,Low,34.0,19.0,126.0,0.127,0.294,0.945,Moderate traffic flow - standard adaptive signal timing in effect
EVT446218,2025-09-30 17:48:59,Local Market Day,J030,MG Road,3064,Weekday,False,Clear,False,0.0,False,False,0.949,Severe,9.8,70.0,355.6,0.141,0.327,0.906,Heavy congestion detected - signal timing extended and reroute suggested
EVT446219,2026-02-25 20:09:04,Trade Fair,J023,Basavanagudi,11110,Weekday,False,Clear,False,0.0,False,False,0.711,High,21.1,59.2,384.0,0.233,0.539,0.945,Moderate traffic flow - standard adaptive signal timing in effect
EVT446220,2025-10-13 10:56:14,Political Rally,J012,Koramangala Sony World,10604,Weekday,False,Clear,False,0.0,False,False,0.488,Moderate,20.4,41.7,260.1,0.14,0.323,0.94,Moderate traffic flow - standard adaptive signal timing in effect
EVT446221,2025-08-08 17:44:35,Local Market Day,J012,Koramangala Sony World,7640,Weekday,False,Heavy Rain,True,38.3,False,False,1.0,Severe,7.8,65.1,470.5,0.168,0.387,0.857,Heavy rain reducing visibility and grip - reduced speed and longer buffer advised
EVT446222,2026-01-29 09:16:39,Political Rally,J031,Cubbon Road,11703,Weekday,False,Clear,False,0.0,False,False,1.0,Severe,6.9,72.8,321.6,0.12,0.277,0.912,Heavy congestion detected - signal timing extended and reroute suggested
EVT446223,2026-04-24 11:12:48,Local Market Day,J009,Majestic,3611,Weekday,False,Clear,False,0.0,False,False,0.326,Low,25.5,20.5,195.3,0.137,0.316,0.976,Moderate traffic flow - standard adaptive signal timing in effect
EVT446224,2025-09-15 18:19:30,Sports Fixture,J012,Koramangala Sony World,20214,Weekday,False,Clear,False,0.0,False,False,1.0,Severe,8.7,68.0,461.8,0.159,0.368,0.891,Heavy congestion detected - signal timing extended and reroute suggested
EVT446225,2025-03-31 09:28:46,Cultural Procession,J040,City Market,19896,Weekday,True,Clear,False,0.0,False,True,1.0,Severe,6.8,106.3,611.2,0.183,0.422,0.846,Road closure for event/procession - full detour recommended for through-traffic
EVT446226,2025-08-30 17:01:51,Sports Fixture,J009,Majestic,12791,Weekend,False,Clear,False,0.0,False,False,0.725,High,19.5,53.2,373.9,0.259,0.599,0.971,Moderate traffic flow - standard adaptive signal timing in effect
EVT446227,2026-02-23 10:48:19,Concert,J040,City Market,19342,Weekday,False,Clear,False,0.0,False,False,0.626,High,20.3,45.9,275.0,0.168,0.388,0.99,Moderate traffic flow - standard adaptive signal timing in effect
EVT446228,2026-05-15 11:14:09,Sports Fixture,J020,Malleshwaram Circle,16780,Weekday,False,Clear,False,0.0,False,False,0.436,Moderate,26.6,25.7,148.2,0.105,0.243,0.966,Moderate traffic flow - standard adaptive signal timing in effect
EVT446229,2025-09-05 11:15:39,Religious Festival,J031,Cubbon Road,39909,Weekday,True,Clear,False,0.0,False,False,0.912,Severe,12.6,70.1,573.3,0.255,0.589,0.894,Festival crowd surge detected - alternate route and extended cycle recommended
EVT446230,2026-02-24 21:35:48,Sports Fixture,J023,Basavanagudi,21883,Weekday,False,Clear,False,0.0,False,False,0.444,Moderate,28.8,30.5,195.1,0.147,0.34,0.965,Moderate traffic flow - standard adaptive signal timing in effect
EVT446231,2025-02-16 13:03:27,Trade Fair,J012,Koramangala Sony World,6395,Weekend,False,Clear,False,0.0,False,False,0.272,Low,29.4,19.6,185.9,0.137,0.316,0.976,Moderate traffic flow - standard adaptive signal timing in effect
EVT446232,2025-12-12 21:18:33,Sports Fixture,J031,Cubbon Road,21332,Weekday,False,Clear,False,0.0,False,False,0.486,Moderate,21.2,27.2,207.6,0.139,0.322,0.954,Moderate traffic flow - standard adaptive signal timing in effect
EVT446233,2026-06-03 15:41:50,Concert,J031,Cubbon Road,15981,Weekday,False,Heavy Rain,True,39.7,False,False,0.802,Severe,16.5,54.9,259.8,0.156,0.361,0.889,Heavy rain reducing visibility and grip - reduced speed and longer buffer advised
EVT446234,2025-09-22 18:10:07,Local Market Day,J011,Indiranagar 100ft Road,3751,Weekday,False,Rain,True,24.4,False,False,1.0,Severe,8.8,73.6,453.6,0.162,0.375,0.863,Heavy rain reducing visibility and grip - reduced speed and longer buffer advised
EVT446235,2025-07-07 17:17:13,Sports Fixture,J020,Malleshwaram Circle,26834,Weekday,False,Clear,False,0.0,False,False,0.964,Severe,9.7,73.5,413.4,0.166,0.384,0.919,Heavy congestion detected - signal timing extended and reroute suggested
EVT446236,2026-04-12 16:02:06,Sports Fixture,J040,City Market,17550,Weekend,False,Clear,False,0.0,False,False,0.537,Moderate,24.0,44.0,201.0,0.156,0.361,0.99,Moderate traffic flow - standard adaptive signal timing in effect
EVT446237,2026-01-04 08:41:58,Sports Fixture,J011,Indiranagar 100ft Road,18674,Weekend,False,Clear,False,0.0,False,False,0.947,Severe,11.4,62.6,158.8,0.078,0.179,0.889,Heavy congestion detected - signal timing extended and reroute suggested
EVT446238,2026-03-31 18:45:29,Trade Fair,J030,MG Road,10850,Weekday,False,Clear,False,0.0,False,False,1.0,Severe,7.5,69.1,912.6,0.262,0.606,0.895,Heavy congestion detected - signal timing extended and reroute suggested
EVT446239,2025-11-02 11:18:42,Religious Festival,J040,City Market,45017,Weekend,True,Clear,False,0.0,False,False,0.891,Severe,13.0,67.3,452.7,0.232,0.537,0.878,Festival crowd surge detected - alternate route and extended cycle recommended
EVT446240,2026-03-23 10:00:29,Local Market Day,J031,Cubbon Road,6211,Weekday,False,Clear,False,0.0,False,False,0.811,Severe,8.9,59.2,450.7,0.145,0.335,0.968,Heavy congestion detected - signal timing extended and reroute suggested
EVT446241,2025-09-08 18:44:58,Sports Fixture,J012,Koramangala Sony World,16434,Weekday,False,Clear,False,0.0,False,False,1.0,Severe,7.7,72.3,915.6,0.297,0.686,0.906,Heavy congestion detected - signal timing extended and reroute suggested
EVT446242,2025-05-02 01:48:27,Cultural Procession,J040,City Market,29916,Weekday,True,Clear,False,0.0,False,False,0.5,Moderate,29.1,35.1,123.4,0.11,0.254,0.932,Festival crowd surge detected - alternate route and extended cycle recommended
EVT446243,2025-06-03 06:20:33,Concert,J040,City Market,24613,Weekday,False,Clear,False,0.0,False,False,0.478,Moderate,25.1,26.9,256.9,0.169,0.39,0.965,Moderate traffic flow - standard adaptive signal timing in effect
EVT446244,2026-01-22 18:15:46,Local Market Day,J009,Majestic,8680,Weekday,False,Clear,False,0.0,False,False,0.991,Severe,9.0,75.8,715.7,0.249,0.575,0.938,Heavy congestion detected - signal timing extended and reroute suggested
EVT446245,2025-04-17 17:26:24,Trade Fair,J040,City Market,7047,Weekday,False,Clear,False,0.0,False,False,0.908,Severe,10.0,56.2,186.9,0.071,0.164,0.926,Heavy congestion detected - signal timing extended and reroute suggested
EVT446246,2026-02-25 19:11:43,Local Market Day,J011,Indiranagar 100ft Road,3879,Weekday,False,Clear,False,0.0,False,False,0.936,Severe,9.6,63.6,613.0,0.23,0.531,0.927,Heavy congestion detected - signal timing extended and reroute suggested
EVT446247,2025-10-24 13:21:32,Local Market Day,J020,Malleshwaram Circle,5111,Weekday,False,Heavy Rain,True,39.5,False,False,0.571,High,22.2,39.0,219.2,0.145,0.335,0.914,Heavy rain reducing visibility and grip - reduced speed and longer buffer advised
EVT446248,2025-01-13 17:00:57,Trade Fair,J011,Indiranagar 100ft Road,7855,Weekday,False,Clear,False,0.0,False,False,0.679,High,21.5,46.4,324.3,0.215,0.496,0.965,Moderate traffic flow - standard adaptive signal timing in effect
EVT446249,2025-10-09 09:11:51,Concert,J030,MG Road,15590,Weekday,False,Clear,False,0.0,False,False,1.0,Severe,9.1,75.4,474.0,0.169,0.39,0.926,Heavy congestion detected - signal timing extended and reroute suggested
EVT446250,2025-06-21 18:09:24,Trade Fair,J020,Malleshwaram Circle,9124,Weekend,False,Clear,False,0.0,False,False,0.894,Severe,13.6,66.5,499.6,0.257,0.593,0.911,Heavy congestion detected - signal timing extended and reroute suggested
EVT446251,2025-08-27 16:28:30,Cultural Procession,J031,Cubbon Road,23997,Weekday,True,Rain,True,12.5,False,False,1.0,Severe,9.4,72.8,742.1,0.298,0.689,0.814,Festival crowd surge detected - alternate route and extended cycle recommended
EVT446252,2025-01-31 18:11:50,Trade Fair,J012,Koramangala Sony World,7204,Weekday,False,Clear,False,0.0,False,False,1.0,Severe,9.7,71.4,462.8,0.182,0.419,0.92,Heavy congestion detected - signal timing extended and reroute suggested
EVT446253,2025-07-06 16:48:25,Sports Fixture,J011,Indiranagar 100ft Road,17745,Weekend,False,Clear,False,0.0,False,False,0.722,High,17.1,55.1,256.3,0.161,0.371,0.977,Moderate traffic flow - standard adaptive signal timing in effect
EVT446254,2026-01-30 20:37:11,Concert,J011,Indiranagar 100ft Road,7358,Weekday,False,Clear,False,0.0,False,False,0.476,Moderate,24.3,35.6,88.1,0.059,0.137,0.969,Moderate traffic flow - standard adaptive signal timing in effect
EVT446255,2025-12-10 18:04:43,Sports Fixture,J031,Cubbon Road,17103,Weekday,False,Clear,False,0.0,False,False,1.0,Severe,9.0,64.7,816.7,0.265,0.613,0.906,Heavy congestion detected - signal timing extended and reroute suggested
EVT446256,2025-12-26 20:11:07,Cultural Procession,J009,Majestic,20180,Weekday,True,Clear,False,0.0,False,False,1.0,Severe,7.9,73.5,599.6,0.199,0.46,0.833,Festival crowd surge detected - alternate route and extended cycle recommended
EVT446257,2025-02-13 17:03:24,Sports Fixture,J020,Malleshwaram Circle,38451,Weekday,False,Clear,False,0.0,False,False,1.0,Severe,8.5,70.0,498.7,0.193,0.447,0.913,Heavy congestion detected - signal timing extended and reroute suggested
EVT446258,2025-05-03 15:56:32,Local Market Day,J011,Indiranagar 100ft Road,2595,Weekend,False,Light Rain,True,7.4,False,False,0.591,High,18.7,40.2,183.1,0.102,0.237,0.912,Heavy rain reducing visibility and grip - reduced speed and longer buffer advised
EVT446259,2025-09-26 13:06:53,Local Market Day,J023,Basavanagudi,3138,Weekday,False,Clear,False,0.0,False,False,0.2,Low,36.4,19.9,95.5,0.075,0.173,0.977,Normal free-flow traffic - standard signal timing maintained
EVT446260,2025-03-05 20:39:19,Trade Fair,J009,Majestic,5521,Weekday,False,Clear,False,0.0,False,False,0.574,High,20.6,42.3,298.6,0.187,0.432,0.964,Moderate traffic flow - standard adaptive signal timing in effect
EVT446261,2025-04-28 08:42:23,Trade Fair,J012,Koramangala Sony World,5828,Weekday,False,Clear,False,0.0,False,False,1.0,Severe,9.2,72.7,390.9,0.152,0.351,0.889,Heavy congestion detected - signal timing extended and reroute suggested
EVT446262,2025-12-21 15:17:38,Local Market Day,J023,Basavanagudi,6257,Weekend,False,Clear,False,0.0,False,False,0.426,Moderate,25.6,33.3,211.4,0.155,0.357,0.953,Moderate traffic flow - standard adaptive signal timing in effect
EVT446263,2026-02-05 16:07:16,Trade Fair,J030,MG Road,11388,Weekday,False,Clear,False,0.0,False,False,0.491,Moderate,21.0,30.6,134.9,0.068,0.157,0.961,Moderate traffic flow - standard adaptive signal timing in effect
EVT446264,2025-08-02 11:28:56,Local Market Day,J009,Majestic,5666,Weekend,False,Rain,True,8.9,False,False,0.521,Moderate,23.3,45.0,162.2,0.102,0.236,0.905,Light rain detected - minor speed reduction advised
EVT446265,2026-02-14 09:16:07,Local Market Day,J012,Koramangala Sony World,5394,Weekend,False,Clear,False,0.0,False,False,0.833,Severe,12.5,59.3,384.1,0.184,0.424,0.95,Heavy congestion detected - signal timing extended and reroute suggested
EVT446266,2026-03-13 09:07:11,Sports Fixture,J009,Majestic,40756,Weekday,False,Clear,False,0.0,False,False,1.0,Severe,9.6,80.5,615.1,0.268,0.619,0.905,Heavy congestion detected - signal timing extended and reroute suggested
EVT446267,2026-04-07 18:19:36,Trade Fair,J011,Indiranagar 100ft Road,5299,Weekday,False,Clear,False,0.0,False,False,1.0,Severe,8.2,75.3,710.8,0.245,0.565,0.899,Heavy congestion detected - signal timing extended and reroute suggested
EVT446268,2025-10-05 09:41:44,Concert,J040,City Market,21899,Weekend,False,Clear,False,0.0,False,False,0.902,Severe,8.2,72.4,315.9,0.114,0.263,0.95,Heavy congestion detected - signal timing extended and reroute suggested
EVT446269,2025-01-17 00:56:17,Sports Fixture,J023,Basavanagudi,21223,Weekday,False,Clear,False,0.0,False,False,0.327,Low,32.2,20.9,187.3,0.168,0.389,0.976,Moderate traffic flow - standard adaptive signal timing in effect
EVT446270,2025-01-07 19:17:56,Sports Fixture,J031,Cubbon Road,31377,Weekday,False,Clear,False,0.0,False,False,1.0,Severe,8.9,70.8,454.5,0.175,0.405,0.919,Heavy congestion detected - signal timing extended and reroute suggested
EVT446271,2025-12-15 17:57:38,Concert,J023,Basavanagudi,10088,Weekday,False,Clear,False,0.0,False,False,1.0,Severe,7.3,67.4,504.7,0.147,0.34,0.923,Heavy congestion detected - signal timing extended and reroute suggested
EVT446272,2025-04-04 17:18:09,Local Market Day,J031,Cubbon Road,5621,Weekday,False,Clear,False,0.0,False,False,0.829,Severe,13.2,56.8,443.4,0.208,0.48,0.943,Heavy congestion detected - signal timing extended and reroute suggested
EVT446273,2026-06-08 19:41:28,Sports Fixture,J023,Basavanagudi,18865,Weekday,False,Clear,False,0.0,False,False,0.904,Severe,9.4,63.9,321.2,0.106,0.245,0.926,Heavy congestion detected - signal timing extended and reroute suggested
EVT446274,2025-12-31 12:15:16,Sports Fixture,J023,Basavanagudi,38023,Weekday,False,Clear,False,0.0,False,False,0.486,Moderate,20.6,35.3,282.3,0.166,0.383,0.949,Moderate traffic flow - standard adaptive signal timing in effect
EVT446275,2025-04-15 09:28:19,Religious Festival,J011,Indiranagar 100ft Road,73110,Weekday,True,Clear,False,0.0,False,True,1.0,Severe,9.0,100.1,681.0,0.263,0.609,0.83,Road closure for event/procession - full detour recommended for through-traffic
EVT446276,2025-05-11 09:47:59,Sports Fixture,J012,Koramangala Sony World,29479,Weekend,False,Clear,False,0.0,False,False,0.966,Severe,9.7,71.6,502.2,0.21,0.486,0.949,Heavy congestion detected - signal timing extended and reroute suggested
EVT446277,2026-01-12 18:14:40,Concert,J040,City Market,12882,Weekday,False,Fog,False,0.0,False,False,1.0,Severe,8.5,74.0,490.2,0.19,0.438,0.929,Heavy congestion detected - signal timing extended and reroute suggested
EVT446278,2025-12-12 09:36:07,Local Market Day,J011,Indiranagar 100ft Road,2161,Weekday,False,Rain,True,8.2,False,False,0.944,Severe,11.5,63.7,391.5,0.161,0.372,0.868,Heavy rain reducing visibility and grip - reduced speed and longer buffer advised
EVT446279,2026-04-27 09:06:44,Sports Fixture,J012,Koramangala Sony World,13682,Weekday,False,Clear,False,0.0,False,False,1.0,Severe,8.8,75.3,606.6,0.208,0.481,0.931,Heavy congestion detected - signal timing extended and reroute suggested
EVT446280,2026-04-29 07:56:38,Sports Fixture,J031,Cubbon Road,29066,Weekday,False,Clear,False,0.0,False,False,0.975,Severe,8.7,64.9,643.0,0.229,0.529,0.888,Heavy congestion detected - signal timing extended and reroute suggested
EVT446281,2025-10-13 09:16:38,Sports Fixture,J012,Koramangala Sony World,8918,Weekday,False,Heavy Rain,True,25.1,False,False,1.0,Severe,8.7,71.3,455.0,0.169,0.391,0.865,Heavy rain reducing visibility and grip - reduced speed and longer buffer advised
EVT446282,2025-02-26 18:11:45,Local Market Day,J030,MG Road,3112,Weekday,False,Light Rain,True,0.9,False,False,1.0,Severe,7.4,70.8,769.1,0.226,0.522,0.873,Heavy rain reducing visibility and grip - reduced speed and longer buffer advised
EVT446283,2026-02-21 09:40:53,Local Market Day,J012,Koramangala Sony World,2559,Weekend,False,Clear,False,0.0,False,False,0.756,Severe,18.7,45.9,279.4,0.178,0.41,0.973,Heavy congestion detected - signal timing extended and reroute suggested
EVT446284,2025-11-02 03:13:46,Cultural Procession,J011,Indiranagar 100ft Road,13208,Weekend,True,Clear,False,0.0,False,True,0.697,Moderate,21.3,69.0,287.8,0.191,0.441,0.869,Road closure for event/procession - full detour recommended for through-traffic
EVT446285,2026-03-25 20:23:12,Local Market Day,J012,Koramangala Sony World,5505,Weekday,False,Fog,False,0.0,False,False,0.643,High,12.4,47.2,230.8,0.104,0.241,0.975,Moderate traffic flow - standard adaptive signal timing in effect
EVT446286,2025-06-03 20:20:12,Trade Fair,J030,MG Road,6881,Weekday,False,Clear,False,0.0,False,False,0.669,High,19.8,51.4,265.7,0.173,0.4,0.969,Moderate traffic flow - standard adaptive signal timing in effect
EVT446287,2025-06-20 19:42:56,Local Market Day,J023,Basavanagudi,2943,Weekday,False,Clear,False,0.0,False,False,0.825,Severe,12.7,53.9,249.4,0.12,0.276,0.958,Heavy congestion detected - signal timing extended and reroute suggested
EVT446288,2026-04-15 20:08:04,Religious Festival,J030,MG Road,24464,Weekday,True,Clear,False,0.0,False,False,1.0,Severe,8.1,68.4,464.5,0.146,0.338,0.839,Festival crowd surge detected - alternate route and extended cycle recommended
EVT446289,2026-03-22 14:40:39,Local Market Day,J011,Indiranagar 100ft Road,4598,Weekend,False,Clear,False,0.0,False,False,0.327,Low,33.9,27.3,154.5,0.131,0.303,0.972,Moderate traffic flow - standard adaptive signal timing in effect
EVT446290,2025-08-12 13:30:42,Local Market Day,J023,Basavanagudi,4479,Weekday,False,Clear,False,0.0,False,False,0.154,Low,32.6,11.9,44.4,0.032,0.073,0.971,Normal free-flow traffic - standard signal timing maintained
EVT446291,2025-07-09 18:50:24,Local Market Day,J009,Majestic,2422,Weekday,False,Light Rain,True,5.5,False,False,1.0,Severe,7.7,68.2,818.7,0.259,0.598,0.883,Heavy rain reducing visibility and grip - reduced speed and longer buffer advised
EVT446292,2026-02-07 09:40:19,Trade Fair,J011,Indiranagar 100ft Road,11673,Weekend,False,Clear,False,0.0,False,False,0.836,Severe,12.9,52.5,361.3,0.178,0.412,0.955,Heavy congestion detected - signal timing extended and reroute suggested
EVT446293,2025-08-15 11:52:39,Religious Festival,J030,MG Road,92331,Weekday,True,Clear,False,0.0,False,True,1.0,Severe,8.8,99.8,839.8,0.312,0.721,0.835,Road closure for event/procession - full detour recommended for through-traffic
EVT446294,2025-11-01 22:21:45,Religious Festival,J012,Koramangala Sony World,61933,Weekend,True,Rain,True,18.7,False,False,1.0,Severe,8.4,70.1,796.2,0.269,0.621,0.803,Festival crowd surge detected - alternate route and extended cycle recommended
EVT446295,2025-08-07 08:20:58,Sports Fixture,J009,Majestic,19876,Weekday,False,Heavy Rain,True,25.2,False,False,1.0,Severe,8.3,69.1,329.9,0.105,0.243,0.861,Heavy rain reducing visibility and grip - reduced speed and longer buffer advised
EVT446296,2025-12-03 19:35:37,Sports Fixture,J023,Basavanagudi,19426,Weekday,False,Clear,False,0.0,False,False,0.904,Severe,11.2,61.9,362.3,0.182,0.419,0.942,Heavy congestion detected - signal timing extended and reroute suggested
EVT446297,2026-01-19 06:09:34,Trade Fair,J031,Cubbon Road,8356,Weekday,False,Clear,False,0.0,False,False,0.251,Low,26.5,19.5,184.9,0.13,0.301,0.96,Moderate traffic flow - standard adaptive signal timing in effect
EVT446298,2025-08-15 19:31:57,Religious Festival,J023,Basavanagudi,31042,Weekday,True,Heavy Rain,True,25.1,True,False,1.0,Severe,6.6,67.5,800.1,0.214,0.495,0.652,Accident detected nearby - reroute and reduced speed advised
EVT446299,2025-02-24 12:40:36,Sports Fixture,J031,Cubbon Road,27475,Weekday,False,Clear,False,0.0,False,False,0.386,Moderate,30.0,29.7,176.0,0.156,0.36,0.983,Moderate traffic flow - standard adaptive signal timing in effect
EVT446300,2026-05-25 08:34:51,Sports Fixture,J011,Indiranagar 100ft Road,17915,Weekday,False,Clear,False,0.0,False,False,1.0,Severe,8.7,69.9,240.6,0.083,0.192,0.915,Heavy congestion detected - signal timing extended and reroute suggested
EVT446301,2025-11-15 17:21:34,Local Market Day,J020,Malleshwaram Circle,2262,Weekend,False,Clear,False,0.0,False,False,0.786,Severe,10.3,55.4,530.5,0.191,0.441,0.938,Heavy congestion detected - signal timing extended and reroute suggested
EVT446302,2025-06-29 17:38:37,Trade Fair,J012,Koramangala Sony World,5979,Weekend,False,Clear,False,0.0,False,False,0.841,Severe,14.9,56.3,339.6,0.189,0.436,0.934,Heavy congestion detected - signal timing extended and reroute suggested
EVT446303,2026-04-01 10:26:29,Local Market Day,J031,Cubbon Road,4116,Weekday,False,Clear,False,0.0,False,False,0.633,High,22.4,48.2,259.1,0.164,0.378,0.974,Moderate traffic flow - standard adaptive signal timing in effect
EVT446304,2025-05-11 11:25:28,Concert,J009,Majestic,10937,Weekend,False,Clear,False,0.0,False,False,0.402,Moderate,26.3,20.8,160.1,0.105,0.242,0.971,Moderate traffic flow - standard adaptive signal timing in effect
EVT446305,2025-03-22 16:26:15,Concert,J030,MG Road,13266,Weekend,False,Clear,False,0.0,False,False,0.606,High,22.8,45.2,210.5,0.13,0.299,0.959,Moderate traffic flow - standard adaptive signal timing in effect
EVT446306,2026-03-18 14:00:12,Political Rally,J020,Malleshwaram Circle,13577,Weekday,False,Clear,False,0.0,False,False,0.274,Low,39.4,20.2,80.1,0.067,0.155,0.99,Moderate traffic flow - standard adaptive signal timing in effect
EVT446307,2026-04-20 20:32:38,Sports Fixture,J020,Malleshwaram Circle,31825,Weekday,False,Clear,False,0.0,False,False,0.72,High,14.9,46.0,413.9,0.255,0.588,0.954,Moderate traffic flow - standard adaptive signal timing in effect
EVT446308,2025-08-30 22:49:32,Concert,J031,Cubbon Road,11805,Weekend,False,Clear,False,0.0,False,False,0.313,Low,29.4,18.7,87.7,0.068,0.158,0.969,Moderate traffic flow - standard adaptive signal timing in effect
EVT446309,2025-10-04 11:19:48,Sports Fixture,J012,Koramangala Sony World,10715,Weekend,False,Clear,False,0.0,False,False,0.387,Moderate,29.6,25.2,170.6,0.146,0.337,0.958,Moderate traffic flow - standard adaptive signal timing in effect
EVT446310,2026-04-10 07:38:33,Local Market Day,J023,Basavanagudi,5272,Weekday,False,Light Rain,True,7.4,False,False,0.876,Severe,13.0,66.1,424.5,0.207,0.479,0.909,Heavy rain reducing visibility and grip - reduced speed and longer buffer advised
EVT446311,2026-06-08 08:09:13,Local Market Day,J009,Majestic,4732,Weekday,False,Clear,False,0.0,False,False,0.842,Severe,12.7,63.7,274.9,0.123,0.285,0.953,Heavy congestion detected - signal timing extended and reroute suggested
EVT446312,2026-05-17 10:47:42,Local Market Day,J031,Cubbon Road,6833,Weekend,False,Heavy Rain,True,28.8,False,False,0.799,Severe,16.4,58.9,454.2,0.263,0.608,0.904,Heavy rain reducing visibility and grip - reduced speed and longer buffer advised
EVT446313,2026-01-15 07:35:19,Religious Festival,J020,Malleshwaram Circle,45774,Weekday,True,Clear,False,0.0,False,True,1.0,Severe,7.6,105.4,744.4,0.252,0.582,0.826,Road closure for event/procession - full detour recommended for through-traffic
EVT446314,2025-09-04 10:03:16,Trade Fair,J012,Koramangala Sony World,9030,Weekday,False,Clear,False,0.0,False,False,0.836,Severe,12.7,62.6,463.8,0.196,0.453,0.927,Heavy congestion detected - signal timing extended and reroute suggested
EVT446315,2025-10-05 18:28:45,Trade Fair,J023,Basavanagudi,6186,Weekend,False,Clear,False,0.0,False,False,0.859,Severe,11.1,59.3,497.9,0.199,0.459,0.917,Heavy congestion detected - signal timing extended and reroute suggested
EVT446316,2026-01-15 12:37:27,Religious Festival,J030,MG Road,69252,Weekday,True,Clear,False,0.0,False,False,0.797,Severe,13.9,57.5,133.8,0.082,0.189,0.902,Festival crowd surge detected - alternate route and extended cycle recommended
EVT446317,2025-02-07 19:16:30,Local Market Day,J012,Koramangala Sony World,3561,Weekday,False,Clear,False,0.0,False,False,0.969,Severe,11.9,63.0,418.1,0.196,0.452,0.931,Heavy congestion detected - signal timing extended and reroute suggested
EVT446318,2025-01-20 08:06:45,Trade Fair,J023,Basavanagudi,5344,Weekday,False,Clear,False,0.0,False,False,0.873,Severe,12.6,55.9,314.2,0.131,0.302,0.937,Heavy congestion detected - signal timing extended and reroute suggested
EVT446319,2025-06-24 11:19:04,Trade Fair,J040,City Market,9464,Weekday,False,Clear,False,0.0,False,False,0.438,Moderate,24.8,27.6,68.0,0.043,0.1,0.987,Moderate traffic flow - standard adaptive signal timing in effect
EVT446320,2025-07-16 12:38:53,Political Rally,J030,MG Road,15046,Weekday,False,Heavy Rain,True,25.5,False,False,0.488,Moderate,21.1,33.3,99.1,0.062,0.144,0.919,Light rain detected - minor speed reduction advised
EVT446321,2025-06-10 17:34:54,Sports Fixture,J011,Indiranagar 100ft Road,17436,Weekday,False,Rain,True,7.6,False,False,1.0,Severe,8.2,75.2,528.5,0.194,0.449,0.851,Heavy rain reducing visibility and grip - reduced speed and longer buffer advised
EVT446322,2025-12-26 18:22:52,Cultural Procession,J011,Indiranagar 100ft Road,24575,Weekday,True,Clear,False,0.0,False,False,1.0,Severe,9.2,70.4,536.4,0.214,0.493,0.863,Festival crowd surge detected - alternate route and extended cycle recommended
EVT446323,2026-02-03 07:40:05,Concert,J009,Majestic,20613,Weekday,False,Clear,False,0.0,False,False,0.734,High,18.0,53.1,363.6,0.208,0.48,0.96,Moderate traffic flow - standard adaptive signal timing in effect
EVT446324,2025-01-26 08:11:10,Religious Festival,J012,Koramangala Sony World,53509,Weekend,True,Clear,False,0.0,False,True,1.0,Severe,7.6,97.4,569.6,0.197,0.456,0.847,Road closure for event/procession - full detour recommended for through-traffic
EVT446325,2025-07-16 17:36:55,Political Rally,J020,Malleshwaram Circle,16474,Weekday,False,Heavy Rain,True,35.2,False,False,1.0,Severe,8.0,72.2,318.3,0.13,0.299,0.903,Heavy rain reducing visibility and grip - reduced speed and longer buffer advised
EVT446326,2025-08-01 07:55:35,Political Rally,J020,Malleshwaram Circle,20921,Weekday,False,Rain,True,12.5,False,False,1.0,Severe,8.9,66.1,544.9,0.19,0.438,0.894,Heavy rain reducing visibility and grip - reduced speed and longer buffer advised
EVT446327,2025-05-15 11:38:50,Local Market Day,J023,Basavanagudi,4259,Weekday,False,Clear,False,0.0,False,False,0.32,Low,39.0,23.3,137.2,0.141,0.326,0.98,Moderate traffic flow - standard adaptive signal timing in effect
EVT446328,2025-02-14 13:39:25,Political Rally,J009,Majestic,24784,Weekday,False,Clear,False,0.0,False,False,0.233,Low,33.0,15.9,178.4,0.147,0.339,0.965,Normal free-flow traffic - standard signal timing maintained
EVT446329,2025-09-29 18:37:13,Local Market Day,J040,City Market,5821,Weekday,False,Heavy Rain,True,34.9,False,False,1.0,Severe,6.6,72.5,619.7,0.193,0.445,0.868,Heavy rain reducing visibility and grip - reduced speed and longer buffer advised
EVT446330,2026-05-09 19:43:07,Trade Fair,J023,Basavanagudi,5912,Weekend,False,Clear,False,0.0,False,False,0.748,High,16.7,56.7,273.4,0.142,0.328,0.973,Moderate traffic flow - standard adaptive signal timing in effect
EVT446331,2026-02-04 08:04:22,Local Market Day,J011,Indiranagar 100ft Road,3459,Weekday,False,Clear,False,0.0,False,False,0.867,Severe,14.2,64.1,287.4,0.161,0.373,0.954,Heavy congestion detected - signal timing extended and reroute suggested
EVT446332,2025-11-12 07:37:28,Concert,J012,Koramangala Sony World,8115,Weekday,False,Clear,False,0.0,False,False,0.731,High,18.5,46.9,176.6,0.114,0.264,0.93,Moderate traffic flow - standard adaptive signal timing in effect
EVT446333,2025-06-06 19:19:27,Political Rally,J012,Koramangala Sony World,15300,Weekday,False,Rain,True,9.1,False,False,1.0,Severe,7.5,71.6,411.9,0.14,0.324,0.884,Heavy rain reducing visibility and grip - reduced speed and longer buffer advised
EVT446334,2025-08-05 08:36:58,Local Market Day,J023,Basavanagudi,1564,Weekday,False,Heavy Rain,True,31.2,False,False,1.0,Severe,7.6,70.6,530.5,0.172,0.398,0.867,Heavy rain reducing visibility and grip - reduced speed and longer buffer advised
EVT446335,2025-08-23 17:32:53,Local Market Day,J040,City Market,2443,Weekend,False,Rain,True,18.2,False,False,1.0,Severe,9.8,73.9,675.8,0.264,0.609,0.883,Heavy rain reducing visibility and grip - reduced speed and longer buffer advised
EVT446336,2026-05-27 08:06:50,Local Market Day,J009,Majestic,4738,Weekday,False,Clear,False,0.0,False,False,0.87,Severe,13.1,63.4,360.4,0.188,0.434,0.925,Heavy congestion detected - signal timing extended and reroute suggested
EVT446337,2025-10-29 19:17:39,Local Market Day,J020,Malleshwaram Circle,5037,Weekday,False,Heavy Rain,True,34.8,False,False,1.0,Severe,10.1,72.6,352.6,0.132,0.306,0.849,Heavy rain reducing visibility and grip - reduced speed and longer buffer advised
EVT446338,2025-09-06 08:12:32,Religious Festival,J030,MG Road,33139,Weekend,True,Clear,False,0.0,False,False,1.0,Severe,7.1,68.8,627.2,0.209,0.482,0.89,Festival crowd surge detected - alternate route and extended cycle recommended
EVT446339,2025-10-07 16:39:19,Concert,J009,Majestic,12400,Weekday,False,Clear,False,0.0,False,False,0.661,High,15.6,50.9,243.8,0.129,0.298,0.957,Moderate traffic flow - standard adaptive signal timing in effect
EVT446340,2025-07-29 09:56:53,Concert,J031,Cubbon Road,10761,Weekday,False,Clear,False,0.0,False,False,0.957,Severe,11.3,68.1,478.1,0.207,0.477,0.954,Heavy congestion detected - signal timing extended and reroute suggested
EVT446341,2025-05-09 16:30:16,Sports Fixture,J011,Indiranagar 100ft Road,21865,Weekday,False,Clear,False,0.0,False,False,0.759,Severe,13.5,55.5,379.8,0.205,0.474,0.972,Heavy congestion detected - signal timing extended and reroute suggested
EVT446342,2025-03-11 12:36:46,Trade Fair,J011,Indiranagar 100ft Road,7266,Weekday,False,Fog,False,0.0,False,False,0.218,Low,35.4,15.4,162.6,0.172,0.398,0.95,Normal free-flow traffic - standard signal timing maintained
EVT446343,2025-11-10 14:09:17,Sports Fixture,J040,City Market,9998,Weekday,False,Clear,False,0.0,False,False,0.216,Low,30.5,13.0,81.4,0.057,0.132,0.952,Normal free-flow traffic - standard signal timing maintained
EVT446344,2025-06-10 07:39:58,Concert,J030,MG Road,8399,Weekday,False,Clear,False,0.0,False,False,0.72,High,19.5,49.3,220.3,0.137,0.316,0.946,Moderate traffic flow - standard adaptive signal timing in effect
EVT446345,2026-01-03 09:26:14,Local Market Day,J040,City Market,3120,Weekend,False,Clear,False,0.0,False,False,0.811,Severe,12.5,56.6,502.8,0.258,0.595,0.93,Heavy congestion detected - signal timing extended and reroute suggested
EVT446346,2025-12-23 15:11:15,Concert,J040,City Market,17828,Weekday,False,Clear,False,0.0,False,False,0.33,Low,28.3,17.3,91.4,0.071,0.165,0.97,Moderate traffic flow - standard adaptive signal timing in effect
EVT446347,2025-10-18 10:57:59,Local Market Day,J009,Majestic,5269,Weekend,False,Light Rain,True,2.1,False,False,0.558,High,24.4,44.0,143.0,0.108,0.249,0.941,Heavy rain reducing visibility and grip - reduced speed and longer buffer advised
EVT446348,2025-03-06 16:24:58,Local Market Day,J011,Indiranagar 100ft Road,5356,Weekday,False,Clear,False,0.0,False,False,0.483,Moderate,23.9,41.4,143.4,0.093,0.216,0.99,Moderate traffic flow - standard adaptive signal timing in effect
EVT446349,2025-04-16 19:49:39,Concert,J031,Cubbon Road,8203,Weekday,False,Clear,False,0.0,False,False,0.862,Severe,13.0,56.6,369.0,0.165,0.38,0.934,Heavy congestion detected - signal timing extended and reroute suggested
EVT446350,2025-11-30 16:03:38,Local Market Day,J030,MG Road,4637,Weekend,False,Clear,False,0.0,False,False,0.569,High,21.6,45.6,233.6,0.151,0.35,0.947,Moderate traffic flow - standard adaptive signal timing in effect
EVT446351,2026-04-09 20:47:56,Local Market Day,J030,MG Road,5984,Weekday,False,Clear,False,0.0,False,False,0.451,Moderate,21.2,32.9,210.7,0.122,0.281,0.963,Moderate traffic flow - standard adaptive signal timing in effect
EVT446352,2025-04-21 15:29:03,Local Market Day,J030,MG Road,8144,Weekday,False,Clear,False,0.0,False,False,0.397,Moderate,30.9,32.9,210.1,0.161,0.371,0.954,Moderate traffic flow - standard adaptive signal timing in effect
EVT446353,2025-03-04 20:33:05,Trade Fair,J011,Indiranagar 100ft Road,5540,Weekday,False,Clear,False,0.0,False,False,0.566,High,23.2,38.4,136.5,0.104,0.241,0.949,Moderate traffic flow - standard adaptive signal timing in effect
EVT446354,2026-05-01 20:26:35,Cultural Procession,J040,City Market,13269,Weekday,True,Clear,False,0.0,False,True,0.912,Severe,10.1,93.8,336.1,0.152,0.351,0.844,Road closure for event/procession - full detour recommended for through-traffic
EVT446355,2026-05-28 08:29:49,Concert,J020,Malleshwaram Circle,16459,Weekday,False,Clear,False,0.0,False,False,1.0,Severe,10.7,72.1,415.4,0.173,0.4,0.893,Heavy congestion detected - signal timing extended and reroute suggested
EVT446356,2025-06-24 21:38:48,Concert,J011,Indiranagar 100ft Road,11012,Weekday,False,Clear,False,0.0,False,False,0.41,Moderate,26.1,27.6,100.5,0.076,0.175,0.957,Moderate traffic flow - standard adaptive signal timing in effect
EVT446357,2025-12-14 12:21:09,Trade Fair,J023,Basavanagudi,6484,Weekend,False,Clear,False,0.0,False,False,0.278,Low,28.9,22.8,125.1,0.098,0.226,0.959,Moderate traffic flow - standard adaptive signal timing in effect
EVT446358,2026-01-04 21:52:59,Concert,J011,Indiranagar 100ft Road,19739,Weekend,False,Light Rain,True,2.1,False,False,0.443,Moderate,25.2,34.4,264.5,0.2,0.462,0.933,Light rain detected - minor speed reduction advised
EVT446359,2026-06-15 21:18:33,Sports Fixture,J030,MG Road,31919,Weekday,False,Clear,False,0.0,False,False,0.585,High,21.3,42.4,175.9,0.108,0.249,0.964,Moderate traffic flow - standard adaptive signal timing in effect
EVT446360,2025-05-14 16:27:22,Sports Fixture,J031,Cubbon Road,32536,Weekday,False,Clear,False,0.0,False,False,0.773,Severe,13.8,54.3,428.8,0.216,0.498,0.962,Heavy congestion detected - signal timing extended and reroute suggested
EVT446361,2025-02-19 09:14:42,Local Market Day,J031,Cubbon Road,7585,Weekday,False,Clear,False,0.0,False,False,1.0,Severe,9.0,76.7,495.3,0.18,0.416,0.927,Heavy congestion detected - signal timing extended and reroute suggested
EVT446362,2025-01-06 06:35:33,Trade Fair,J030,MG Road,5485,Weekday,False,Clear,False,0.0,False,False,0.353,Moderate,22.2,26.3,217.0,0.123,0.285,0.975,Moderate traffic flow - standard adaptive signal timing in effect
EVT446363,2025-08-20 18:00:35,Sports Fixture,J011,Indiranagar 100ft Road,16287,Weekday,False,Rain,True,8.0,False,False,1.0,Severe,8.9,73.4,424.7,0.18,0.415,0.868,Heavy rain reducing visibility and grip - reduced speed and longer buffer advised
EVT446364,2026-03-04 15:38:49,Religious Festival,J040,City Market,50441,Weekday,True,Clear,False,0.0,False,True,1.0,Severe,9.5,98.4,213.9,0.102,0.236,0.848,Road closure for event/procession - full detour recommended for through-traffic
EVT446365,2025-02-13 06:10:44,Trade Fair,J031,Cubbon Road,6495,Weekday,False,Clear,False,0.0,False,False,0.317,Low,26.0,23.8,199.0,0.146,0.337,0.962,Moderate traffic flow - standard adaptive signal timing in effect
EVT446366,2026-01-28 16:32:15,Trade Fair,J040,City Market,10484,Weekday,False,Clear,False,0.0,False,False,0.672,High,18.4,46.0,244.3,0.141,0.326,0.944,Moderate traffic flow - standard adaptive signal timing in effect
EVT446367,2025-06-08 19:12:47,Trade Fair,J023,Basavanagudi,8418,Weekend,False,Clear,False,0.0,False,False,0.831,Severe,14.2,62.1,426.3,0.235,0.543,0.939,Heavy congestion detected - signal timing extended and reroute suggested
EVT446368,2025-08-29 18:14:41,Local Market Day,J020,Malleshwaram Circle,2162,Weekday,False,Clear,False,0.0,False,False,0.932,Severe,7.7,71.0,439.0,0.135,0.311,0.92,Heavy congestion detected - signal timing extended and reroute suggested
EVT446369,2026-01-17 16:07:06,Concert,J012,Koramangala Sony World,6008,Weekend,False,Light Rain,True,5.6,False,False,0.57,High,14.1,45.2,355.6,0.17,0.394,0.931,Heavy rain reducing visibility and grip - reduced speed and longer buffer advised
EVT446370,2025-08-04 19:47:17,Trade Fair,J030,MG Road,10800,Weekday,False,Light Rain,True,2.7,False,False,0.903,Severe,11.3,70.5,338.9,0.173,0.399,0.85,Heavy rain reducing visibility and grip - reduced speed and longer buffer advised
EVT446371,2026-01-08 13:23:39,Concert,J012,Koramangala Sony World,9395,Weekday,False,Clear,False,0.0,False,False,0.204,Low,25.0,15.2,145.5,0.097,0.225,0.962,Normal free-flow traffic - standard signal timing maintained
EVT446372,2025-02-06 07:47:17,Trade Fair,J030,MG Road,10202,Weekday,False,Clear,False,0.0,False,False,0.796,Severe,15.1,62.1,213.3,0.118,0.273,0.983,Heavy congestion detected - signal timing extended and reroute suggested
EVT446373,2025-09-16 17:04:15,Sports Fixture,J040,City Market,23645,Weekday,False,Clear,False,0.0,False,False,0.89,Severe,12.5,61.6,348.7,0.187,0.432,0.922,Heavy congestion detected - signal timing extended and reroute suggested
EVT446374,2026-03-07 08:58:31,Local Market Day,J011,Indiranagar 100ft Road,5326,Weekend,False,Light Rain,True,1.4,False,False,0.902,Severe,14.0,57.4,241.7,0.131,0.304,0.863,Heavy rain reducing visibility and grip - reduced speed and longer buffer advised
EVT446375,2026-04-09 18:59:55,Political Rally,J009,Majestic,13641,Weekday,False,Clear,False,0.0,False,False,1.0,Severe,8.9,72.9,441.2,0.164,0.378,0.892,Heavy congestion detected - signal timing extended and reroute suggested
EVT446376,2025-10-02 10:54:44,Cultural Procession,J040,City Market,21904,Weekday,True,Rain,True,24.0,False,False,1.0,Severe,7.9,69.4,612.7,0.215,0.497,0.811,Festival crowd surge detected - alternate route and extended cycle recommended
EVT446377,2025-05-20 07:26:39,Concert,J011,Indiranagar 100ft Road,11623,Weekday,False,Clear,False,0.0,False,False,0.599,High,24.2,39.7,181.3,0.116,0.267,0.975,Moderate traffic flow - standard adaptive signal timing in effect
EVT446378,2025-12-21 08:43:52,Sports Fixture,J009,Majestic,46439,Weekend,False,Clear,False,0.0,False,False,1.0,Severe,9.0,72.6,433.6,0.166,0.384,0.921,Heavy congestion detected - signal timing extended and reroute suggested
EVT446379,2026-06-28 20:37:31,Trade Fair,J011,Indiranagar 100ft Road,9152,Weekend,False,Fog,False,0.0,False,False,0.536,Moderate,22.1,38.5,210.0,0.14,0.324,0.977,Moderate traffic flow - standard adaptive signal timing in effect
EVT446380,2025-05-24 17:50:46,Sports Fixture,J011,Indiranagar 100ft Road,38243,Weekend,False,Clear,False,0.0,False,False,0.983,Severe,8.4,76.0,543.9,0.213,0.491,0.906,Heavy congestion detected - signal timing extended and reroute suggested
EVT446381,2026-02-19 17:04:07,Local Market Day,J011,Indiranagar 100ft Road,3614,Weekday,False,Clear,False,0.0,False,False,0.83,Severe,14.3,60.9,292.9,0.157,0.363,0.967,Heavy congestion detected - signal timing extended and reroute suggested
EVT446382,2025-04-09 13:52:49,Trade Fair,J030,MG Road,4271,Weekday,False,Clear,False,0.0,False,False,0.203,Low,33.8,15.3,77.7,0.044,0.101,0.975,Normal free-flow traffic - standard signal timing maintained
EVT446383,2025-11-01 11:32:09,Religious Festival,J009,Majestic,27347,Weekend,True,Clear,False,0.0,False,False,0.737,High,17.2,54.4,238.3,0.137,0.316,0.943,Festival crowd surge detected - alternate route and extended cycle recommended
EVT446384,2025-10-28 09:23:30,Local Market Day,J031,Cubbon Road,5285,Weekday,False,Clear,False,0.0,False,False,1.0,Severe,10.5,76.2,288.0,0.144,0.332,0.913,Heavy congestion detected - signal timing extended and reroute suggested
EVT446385,2025-10-21 17:29:52,Cultural Procession,J040,City Market,11157,Weekday,True,Clear,False,0.0,False,False,1.0,Severe,7.7,65.0,801.2,0.257,0.593,0.881,Festival crowd surge detected - alternate route and extended cycle recommended
EVT446386,2026-05-26 08:35:28,Trade Fair,J020,Malleshwaram Circle,8278,Weekday,False,Clear,False,0.0,False,False,1.0,Severe,7.3,66.5,634.8,0.185,0.426,0.92,Heavy congestion detected - signal timing extended and reroute suggested
EVT446387,2025-10-10 13:00:32,Concert,J011,Indiranagar 100ft Road,13329,Weekday,False,Clear,False,0.0,False,False,0.26,Low,31.9,21.2,171.5,0.132,0.305,0.963,Moderate traffic flow - standard adaptive signal timing in effect
EVT446388,2025-09-07 07:50:41,Sports Fixture,J020,Malleshwaram Circle,28142,Weekend,False,Heavy Rain,True,39.8,False,False,1.0,Severe,7.2,68.1,476.7,0.148,0.343,0.876,Heavy rain reducing visibility and grip - reduced speed and longer buffer advised
EVT446389,2025-12-05 14:40:32,Trade Fair,J031,Cubbon Road,10368,Weekday,False,Clear,False,0.0,False,False,0.259,Low,32.0,14.1,140.9,0.115,0.266,0.978,Moderate traffic flow - standard adaptive signal timing in effect
EVT446390,2025-06-24 07:37:05,Political Rally,J009,Majestic,16117,Weekday,False,Rain,True,14.5,False,False,1.0,Severe,8.3,68.2,608.9,0.214,0.494,0.861,Heavy rain reducing visibility and grip - reduced speed and longer buffer advised
EVT446391,2026-03-10 12:22:54,Concert,J011,Indiranagar 100ft Road,9044,Weekday,False,Clear,False,0.0,False,False,0.262,Low,32.3,18.4,90.1,0.089,0.205,0.954,Moderate traffic flow - standard adaptive signal timing in effect
EVT446392,2026-03-18 09:53:13,Trade Fair,J020,Malleshwaram Circle,9471,Weekday,False,Clear,False,0.0,False,False,0.878,Severe,12.2,57.1,254.4,0.102,0.235,0.949,Heavy congestion detected - signal timing extended and reroute suggested
EVT446393,2025-02-09 16:36:14,Trade Fair,J023,Basavanagudi,12867,Weekend,False,Clear,False,0.0,False,False,0.633,High,18.9,45.1,325.7,0.203,0.469,0.959,Moderate traffic flow - standard adaptive signal timing in effect
EVT446394,2026-02-10 18:54:44,Local Market Day,J012,Koramangala Sony World,4756,Weekday,False,Clear,False,0.0,False,False,1.0,Severe,8.2,69.6,338.9,0.14,0.322,0.925,Heavy congestion detected - signal timing extended and reroute suggested
EVT446395,2025-03-19 18:50:09,Trade Fair,J020,Malleshwaram Circle,5913,Weekday,False,Clear,False,0.0,False,False,0.978,Severe,8.7,71.5,696.9,0.251,0.58,0.898,Heavy congestion detected - signal timing extended and reroute suggested
EVT446396,2025-11-02 19:53:37,Cultural Procession,J009,Majestic,12337,Weekend,True,Heavy Rain,True,33.6,False,True,1.0,Severe,6.9,92.1,844.8,0.25,0.578,0.791,Road closure for event/procession - full detour recommended for through-traffic
EVT446397,2026-01-14 12:55:05,Religious Festival,J012,Koramangala Sony World,42458,Weekday,True,Clear,False,0.0,False,True,0.812,High,18.6,79.0,220.4,0.147,0.339,0.882,Road closure for event/procession - full detour recommended for through-traffic
EVT446398,2026-03-17 06:57:50,Concert,J012,Koramangala Sony World,12364,Weekday,False,Clear,False,0.0,False,False,0.473,Moderate,23.7,31.1,304.5,0.22,0.509,0.948,Moderate traffic flow - standard adaptive signal timing in effect
EVT446399,2026-03-03 15:46:40,Trade Fair,J023,Basavanagudi,7724,Weekday,False,Clear,False,0.0,False,False,0.327,Low,28.2,27.3,138.8,0.098,0.227,0.961,Moderate traffic flow - standard adaptive signal timing in effect
EVT446400,2025-11-22 18:34:21,Local Market Day,J023,Basavanagudi,3385,Weekend,False,Fog,False,0.0,False,False,0.841,Severe,15.8,64.9,490.2,0.28,0.647,0.987,Heavy congestion detected - signal timing extended and reroute suggested
EVT446401,2026-06-10 12:07:55,Trade Fair,J011,Indiranagar 100ft Road,8017,Weekday,False,Clear,False,0.0,False,False,0.264,Low,32.1,21.1,182.0,0.156,0.359,0.963,Moderate traffic flow - standard adaptive signal timing in effect
EVT446402,2025-12-18 13:14:53,Local Market Day,J040,City Market,4344,Weekday,False,Clear,False,0.0,False,False,0.229,Low,29.7,17.5,145.5,0.121,0.28,0.961,Normal free-flow traffic - standard signal timing maintained
EVT446403,2026-02-23 19:19:36,Local Market Day,J009,Majestic,5610,Weekday,False,Clear,False,0.0,False,False,0.856,Severe,15.8,63.7,503.5,0.248,0.572,0.952,Heavy congestion detected - signal timing extended and reroute suggested
EVT446404,2025-08-08 18:38:49,Local Market Day,J030,MG Road,6004,Weekday,False,Clear,False,0.0,False,False,0.869,Severe,12.4,58.1,521.0,0.223,0.515,0.94,Heavy congestion detected - signal timing extended and reroute suggested
EVT446405,2026-03-29 09:09:38,Local Market Day,J011,Indiranagar 100ft Road,4026,Weekend,False,Clear,False,0.0,False,False,0.914,Severe,10.6,58.4,467.5,0.205,0.472,0.95,Heavy congestion detected - signal timing extended and reroute suggested
EVT446406,2025-04-25 16:57:47,Local Market Day,J009,Majestic,4332,Weekday,False,Clear,False,0.0,False,False,0.767,Severe,20.1,52.7,267.9,0.174,0.401,0.974,Heavy congestion detected - signal timing extended and reroute suggested
EVT446407,2025-04-03 10:04:05,Local Market Day,J023,Basavanagudi,2322,Weekday,False,Clear,False,0.0,False,False,0.683,High,15.5,47.6,363.2,0.188,0.435,0.986,Moderate traffic flow - standard adaptive signal timing in effect
EVT446408,2026-06-08 17:53:42,Political Rally,J030,MG Road,13911,Weekday,False,Rain,True,20.7,False,False,1.0,Severe,6.4,71.4,601.4,0.164,0.378,0.863,Heavy rain reducing visibility and grip - reduced speed and longer buffer advised
EVT446409,2025-10-29 14:48:36,Concert,J030,MG Road,11622,Weekday,False,Clear,False,0.0,False,False,0.217,Low,31.3,13.6,147.7,0.11,0.254,0.953,Normal free-flow traffic - standard signal timing maintained
EVT446410,2026-03-02 16:17:20,Local Market Day,J020,Malleshwaram Circle,6019,Weekday,False,Clear,False,0.0,False,False,0.508,Moderate,20.6,31.8,125.9,0.109,0.251,0.964,Moderate traffic flow - standard adaptive signal timing in effect
EVT446411,2025-09-21 01:53:47,Sports Fixture,J040,City Market,23073,Weekend,False,Clear,False,0.0,False,False,0.356,Moderate,20.0,28.3,158.9,0.081,0.186,0.959,Moderate traffic flow - standard adaptive signal timing in effect
EVT446412,2025-10-24 12:58:34,Concert,J031,Cubbon Road,9147,Weekday,False,Clear,False,0.0,False,False,0.303,Low,25.1,25.0,164.4,0.139,0.321,0.974,Moderate traffic flow - standard adaptive signal timing in effect
EVT446413,2025-05-23 16:21:54,Local Market Day,J023,Basavanagudi,2395,Weekday,False,Clear,False,0.0,False,False,0.502,Moderate,23.0,36.3,236.8,0.15,0.346,0.969,Moderate traffic flow - standard adaptive signal timing in effect
EVT446414,2025-07-07 12:09:31,Trade Fair,J040,City Market,11334,Weekday,False,Clear,False,0.0,False,False,0.273,Low,32.9,20.2,132.1,0.106,0.245,0.947,Moderate traffic flow - standard adaptive signal timing in effect
EVT446415,2026-01-07 08:29:06,Local Market Day,J030,MG Road,3794,Weekday,False,Clear,False,0.0,False,False,0.927,Severe,12.1,62.8,306.2,0.133,0.307,0.952,Heavy congestion detected - signal timing extended and reroute suggested
EVT446416,2026-05-25 10:29:16,Sports Fixture,J011,Indiranagar 100ft Road,16473,Weekday,False,Clear,False,0.0,False,False,0.568,High,25.1,43.4,111.2,0.093,0.216,0.953,Moderate traffic flow - standard adaptive signal timing in effect
EVT446417,2026-06-27 17:17:10,Local Market Day,J020,Malleshwaram Circle,3118,Weekend,False,Rain,True,21.9,False,False,0.855,Severe,14.1,60.9,333.2,0.172,0.398,0.906,Heavy rain reducing visibility and grip - reduced speed and longer buffer advised
EVT446418,2026-06-22 18:49:18,Trade Fair,J023,Basavanagudi,8288,Weekday,False,Heavy Rain,True,29.6,True,False,1.0,Severe,8.6,76.9,282.2,0.111,0.257,0.686,Accident detected nearby - reroute and reduced speed advised
EVT446419,2025-06-24 19:29:55,Local Market Day,J009,Majestic,3294,Weekday,False,Clear,False,0.0,False,False,0.866,Severe,14.4,63.8,133.0,0.074,0.172,0.964,Heavy congestion detected - signal timing extended and reroute suggested
EVT446420,2026-05-27 19:28:16,Local Market Day,J023,Basavanagudi,4485,Weekday,False,Clear,False,0.0,False,False,0.847,Severe,12.8,62.8,247.8,0.138,0.319,0.954,Heavy congestion detected - signal timing extended and reroute suggested
EVT446421,2026-02-03 19:09:16,Political Rally,J030,MG Road,7557,Weekday,False,Clear,False,0.0,False,False,0.989,Severe,11.2,68.5,510.6,0.214,0.495,0.917,Heavy congestion detected - signal timing extended and reroute suggested
EVT446422,2025-08-28 23:17:02,Religious Festival,J023,Basavanagudi,43869,Weekday,True,Clear,False,0.0,False,True,0.752,High,18.1,71.0,381.8,0.235,0.543,0.88,Road closure for event/procession - full detour recommended for through-traffic
EVT446423,2026-03-31 13:28:54,Concert,J040,City Market,12839,Weekday,False,Clear,False,0.0,False,False,0.252,Low,26.2,11.8,184.4,0.14,0.323,0.99,Moderate traffic flow - standard adaptive signal timing in effect
EVT446424,2026-04-15 07:01:25,Cultural Procession,J012,Koramangala Sony World,22221,Weekday,True,Clear,False,0.0,False,True,0.867,High,13.3,81.3,402.3,0.182,0.421,0.861,Road closure for event/procession - full detour recommended for through-traffic
EVT446425,2025-12-31 15:38:33,Local Market Day,J009,Majestic,4305,Weekday,False,Clear,False,0.0,False,False,0.305,Low,30.6,29.2,203.3,0.18,0.415,0.955,Moderate traffic flow - standard adaptive signal timing in effect
EVT446426,2026-03-29 08:27:04,Political Rally,J031,Cubbon Road,18445,Weekend,False,Clear,False,0.0,False,False,0.926,Severe,10.1,65.7,651.2,0.257,0.595,0.923,Heavy congestion detected - signal timing extended and reroute suggested
EVT446427,2025-02-21 08:48:37,Local Market Day,J011,Indiranagar 100ft Road,7225,Weekday,False,Light Rain,True,3.9,False,False,1.0,Severe,7.8,73.3,703.5,0.238,0.549,0.872,Heavy rain reducing visibility and grip - reduced speed and longer buffer advised
EVT446428,2026-03-24 10:11:49,Local Market Day,J020,Malleshwaram Circle,3830,Weekday,False,Clear,False,0.0,False,False,0.749,High,12.6,55.6,357.8,0.172,0.398,0.973,Moderate traffic flow - standard adaptive signal timing in effect
EVT446429,2025-12-16 17:30:23,Trade Fair,J040,City Market,11442,Weekday,False,Fog,False,0.0,False,False,0.935,Severe,10.9,66.4,337.3,0.139,0.321,0.912,Heavy congestion detected - signal timing extended and reroute suggested
EVT446430,2026-05-15 17:06:01,Sports Fixture,J012,Koramangala Sony World,29416,Weekday,False,Light Rain,True,6.0,False,False,1.0,Severe,7.6,69.1,242.7,0.065,0.149,0.879,Heavy rain reducing visibility and grip - reduced speed and longer buffer advised
EVT446431,2025-07-03 11:27:29,Concert,J009,Majestic,14008,Weekday,False,Clear,False,0.0,False,False,0.398,Moderate,27.0,28.3,181.9,0.137,0.316,0.967,Moderate traffic flow - standard adaptive signal timing in effect
EVT446432,2026-04-04 09:44:39,Local Market Day,J040,City Market,4451,Weekend,False,Clear,False,0.0,False,False,0.777,Severe,15.0,50.5,378.3,0.209,0.483,0.951,Heavy congestion detected - signal timing extended and reroute suggested
EVT446433,2025-03-21 06:00:21,Sports Fixture,J040,City Market,13587,Weekday,False,Clear,False,0.0,False,False,0.249,Low,29.3,18.0,229.5,0.176,0.407,0.963,Normal free-flow traffic - standard signal timing maintained
EVT446434,2026-02-03 18:55:58,Local Market Day,J040,City Market,7654,Weekday,False,Clear,False,0.0,False,False,1.0,Severe,9.0,70.1,764.8,0.292,0.674,0.912,Heavy congestion detected - signal timing extended and reroute suggested
EVT446435,2025-08-29 15:52:10,Concert,J009,Majestic,13047,Weekday,False,Clear,False,0.0,False,False,0.436,Moderate,40.3,38.3,137.5,0.167,0.386,0.952,Moderate traffic flow - standard adaptive signal timing in effect
EVT446436,2025-05-18 06:53:44,Local Market Day,J023,Basavanagudi,8208,Weekend,False,Rain,True,11.5,False,False,0.622,High,18.0,43.8,119.6,0.069,0.16,0.911,Heavy rain reducing visibility and grip - reduced speed and longer buffer advised
EVT446437,2026-03-10 13:10:35,Local Market Day,J031,Cubbon Road,3079,Weekday,False,Clear,False,0.0,False,False,0.161,Low,29.1,3.7,181.3,0.134,0.31,0.926,Normal free-flow traffic - standard signal timing maintained
EVT446438,2026-05-30 20:55:50,Sports Fixture,J030,MG Road,46649,Weekend,False,Clear,False,0.0,False,False,0.635,High,21.4,50.2,225.4,0.18,0.417,0.972,Moderate traffic flow - standard adaptive signal timing in effect
EVT446439,2025-05-01 17:48:40,Fireworks Display,J012,Koramangala Sony World,23616,Weekday,True,Clear,False,0.0,False,False,1.0,Severe,7.5,69.8,808.5,0.238,0.549,0.851,Festival crowd surge detected - alternate route and extended cycle recommended
EVT446440,2025-09-12 19:30:29,Trade Fair,J012,Koramangala Sony World,7228,Weekday,False,Clear,False,0.0,False,False,0.937,Severe,11.6,68.0,482.9,0.207,0.479,0.924,Heavy congestion detected - signal timing extended and reroute suggested
EVT446441,2025-01-13 08:00:40,Concert,J031,Cubbon Road,16919,Weekday,False,Clear,False,0.0,False,False,0.746,High,15.7,52.3,304.8,0.154,0.355,0.941,Moderate traffic flow - standard adaptive signal timing in effect
EVT446442,2026-02-20 11:11:06,Trade Fair,J011,Indiranagar 100ft Road,7139,Weekday,False,Clear,False,0.0,False,False,0.359,Moderate,30.0,25.0,172.7,0.131,0.302,0.954,Moderate traffic flow - standard adaptive signal timing in effect
EVT446443,2025-07-17 19:39:25,Local Market Day,J030,MG Road,4484,Weekday,False,Heavy Rain,True,31.5,False,False,1.0,Severe,7.4,72.6,714.2,0.237,0.548,0.866,Heavy rain reducing visibility and grip - reduced speed and longer buffer advised
EVT446444,2025-02-03 15:41:29,Sports Fixture,J023,Basavanagudi,37651,Weekday,False,Clear,False,0.0,False,False,0.57,High,22.9,40.9,210.5,0.149,0.345,0.99,Moderate traffic flow - standard adaptive signal timing in effect
EVT446445,2026-01-24 15:50:50,Local Market Day,J030,MG Road,3006,Weekend,False,Clear,False,0.0,False,False,0.396,Moderate,27.3,24.6,230.2,0.162,0.375,0.958,Moderate traffic flow - standard adaptive signal timing in effect
EVT446446,2025-01-12 18:03:13,Political Rally,J023,Basavanagudi,13022,Weekend,False,Clear,False,0.0,False,False,0.908,Severe,13.1,70.4,332.8,0.164,0.38,0.921,Heavy congestion detected - signal timing extended and reroute suggested
EVT446447,2025-08-05 10:14:56,Local Market Day,J030,MG Road,5063,Weekday,False,Rain,True,12.6,False,False,0.881,Severe,11.5,61.1,153.4,0.096,0.221,0.907,Heavy rain reducing visibility and grip - reduced speed and longer buffer advised
EVT446448,2025-08-05 07:39:12,Trade Fair,J031,Cubbon Road,15834,Weekday,False,Heavy Rain,True,28.9,False,False,1.0,Severe,8.5,71.5,479.5,0.17,0.392,0.866,Heavy rain reducing visibility and grip - reduced speed and longer buffer advised
EVT446449,2025-04-21 13:24:19,Concert,J030,MG Road,14908,Weekday,False,Clear,False,0.0,False,False,0.195,Low,32.4,17.6,112.6,0.094,0.217,0.96,Normal free-flow traffic - standard signal timing maintained
EVT446450,2026-06-02 18:07:57,Trade Fair,J012,Koramangala Sony World,6790,Weekday,False,Light Rain,True,5.6,False,False,1.0,Severe,9.7,68.3,313.4,0.125,0.288,0.866,Heavy rain reducing visibility and grip - reduced speed and longer buffer advised
EVT446451,2025-11-06 08:23:30,Sports Fixture,J023,Basavanagudi,34105,Weekday,False,Clear,False,0.0,False,False,1.0,Severe,8.4,71.2,406.3,0.168,0.387,0.928,Heavy congestion detected - signal timing extended and reroute suggested
EVT446452,2025-10-09 16:41:38,Political Rally,J009,Majestic,10184,Weekday,False,Rain,True,17.9,False,False,0.807,Severe,11.7,58.2,253.8,0.115,0.266,0.898,Heavy rain reducing visibility and grip - reduced speed and longer buffer advised
EVT446453,2026-06-11 22:33:09,Local Market Day,J009,Majestic,2171,Weekday,False,Rain,True,17.0,False,False,0.398,Moderate,25.4,28.5,106.5,0.092,0.212,0.927,Light rain detected - minor speed reduction advised
EVT446454,2025-11-23 12:03:19,Political Rally,J020,Malleshwaram Circle,16036,Weekend,False,Clear,False,0.0,False,False,0.412,Moderate,26.5,29.3,198.6,0.154,0.356,0.954,Moderate traffic flow - standard adaptive signal timing in effect
EVT446455,2026-03-19 16:31:33,Cultural Procession,J011,Indiranagar 100ft Road,24516,Weekday,True,Fog,False,0.0,False,False,0.907,Severe,13.6,60.4,486.5,0.262,0.605,0.852,Festival crowd surge detected - alternate route and extended cycle recommended
EVT446456,2026-05-21 16:25:13,Concert,J012,Koramangala Sony World,9062,Weekday,False,Clear,False,0.0,False,False,0.579,High,19.6,44.3,233.9,0.138,0.32,0.951,Moderate traffic flow - standard adaptive signal timing in effect
EVT446457,2025-09-21 13:37:28,Local Market Day,J011,Indiranagar 100ft Road,4167,Weekend,False,Clear,False,0.0,False,False,0.267,Low,27.9,21.3,211.8,0.17,0.392,0.946,Moderate traffic flow - standard adaptive signal timing in effect
EVT446458,2025-12-07 14:28:46,Local Market Day,J009,Majestic,5810,Weekend,False,Clear,False,0.0,False,False,0.258,Low,34.3,16.8,124.5,0.117,0.271,0.965,Moderate traffic flow - standard adaptive signal timing in effect
EVT446459,2026-06-18 10:48:15,Trade Fair,J030,MG Road,7231,Weekday,False,Clear,False,0.0,False,False,0.416,Moderate,21.0,32.6,271.2,0.155,0.358,0.976,Moderate traffic flow - standard adaptive signal timing in effect
EVT446460,2025-10-06 21:42:15,Concert,J031,Cubbon Road,8483,Weekday,False,Clear,False,0.0,False,False,0.486,Moderate,21.8,37.0,221.3,0.152,0.35,0.958,Moderate traffic flow - standard adaptive signal timing in effect
EVT446461,2026-05-13 09:31:19,Concert,J030,MG Road,8853,Weekday,False,Clear,False,0.0,False,False,1.0,Severe,8.2,74.7,747.5,0.241,0.557,0.908,Heavy congestion detected - signal timing extended and reroute suggested
EVT446462,2025-03-16 10:51:38,Sports Fixture,J012,Koramangala Sony World,11246,Weekend,False,Clear,False,0.0,False,False,0.411,Moderate,34.1,30.1,121.7,0.121,0.28,0.961,Moderate traffic flow - standard adaptive signal timing in effect
EVT446463,2025-11-11 15:15:02,Concert,J030,MG Road,5655,Weekday,False,Clear,False,0.0,False,False,0.289,Low,37.1,15.6,80.2,0.083,0.192,0.959,Moderate traffic flow - standard adaptive signal timing in effect
EVT446464,2025-09-01 17:14:44,Concert,J023,Basavanagudi,9543,Weekday,False,Clear,False,0.0,False,False,0.816,Severe,17.1,55.8,311.8,0.204,0.471,0.926,Heavy congestion detected - signal timing extended and reroute suggested
EVT446465,2025-12-15 19:23:02,Local Market Day,J020,Malleshwaram Circle,3399,Weekday,False,Clear,False,0.0,False,False,0.985,Severe,9.9,65.8,529.6,0.195,0.451,0.937,Heavy congestion detected - signal timing extended and reroute suggested
EVT446466,2026-01-01 18:40:18,Religious Festival,J012,Koramangala Sony World,41638,Weekday,True,Clear,False,0.0,False,True,1.0,Severe,9.2,91.0,608.9,0.223,0.516,0.823,Road closure for event/procession - full detour recommended for through-traffic
EVT446467,2025-02-05 19:00:38,Concert,J031,Cubbon Road,11807,Weekday,False,Clear,False,0.0,False,False,0.971,Severe,9.0,65.7,456.3,0.181,0.418,0.905,Heavy congestion detected - signal timing extended and reroute suggested
EVT446468,2025-10-11 07:30:29,Local Market Day,J020,Malleshwaram Circle,5315,Weekend,False,Rain,True,14.1,False,False,0.701,High,20.5,55.2,267.8,0.18,0.415,0.914,Heavy rain reducing visibility and grip - reduced speed and longer buffer advised
EVT446469,2025-10-31 07:10:37,Trade Fair,J012,Koramangala Sony World,9116,Weekday,False,Heavy Rain,True,64.1,False,False,0.955,Severe,9.2,65.3,536.3,0.187,0.431,0.893,Heavy rain reducing visibility and grip - reduced speed and longer buffer advised
EVT446470,2025-04-27 10:10:26,Concert,J030,MG Road,18926,Weekend,False,Clear,False,0.0,False,False,0.645,High,24.0,45.4,381.9,0.273,0.632,0.988,Moderate traffic flow - standard adaptive signal timing in effect
EVT446471,2025-11-20 14:29:36,Sports Fixture,J012,Koramangala Sony World,16806,Weekday,False,Clear,False,0.0,False,False,0.226,Low,39.1,18.3,110.3,0.11,0.254,0.978,Normal free-flow traffic - standard signal timing maintained
EVT446472,2025-10-05 14:03:59,Local Market Day,J040,City Market,3959,Weekend,False,Clear,False,0.0,False,False,0.269,Low,28.1,19.2,185.4,0.129,0.298,0.963,Moderate traffic flow - standard adaptive signal timing in effect
EVT446473,2026-03-02 11:06:49,Concert,J012,Koramangala Sony World,17121,Weekday,False,Clear,False,0.0,False,False,0.473,Moderate,27.0,33.2,95.4,0.058,0.134,0.948,Moderate traffic flow - standard adaptive signal timing in effect
EVT446474,2025-04-12 07:11:14,Concert,J030,MG Road,8569,Weekend,False,Clear,False,0.0,False,False,0.572,High,21.8,41.3,156.2,0.089,0.206,0.99,Moderate traffic flow - standard adaptive signal timing in effect
EVT446475,2025-08-06 07:25:18,Political Rally,J020,Malleshwaram Circle,24501,Weekday,False,Clear,False,0.0,False,False,0.664,High,23.6,53.1,172.8,0.126,0.292,0.98,Moderate traffic flow - standard adaptive signal timing in effect
EVT446476,2026-01-27 10:55:54,Religious Festival,J030,MG Road,23284,Weekday,True,Clear,False,0.0,False,False,0.704,High,19.7,48.1,262.1,0.168,0.389,0.938,Festival crowd surge detected - alternate route and extended cycle recommended
EVT446477,2026-02-05 23:43:16,Sports Fixture,J023,Basavanagudi,20085,Weekday,False,Light Rain,True,2.0,False,False,0.342,Low,32.0,22.8,128.5,0.099,0.228,0.943,Light rain detected - minor speed reduction advised
EVT446478,2025-12-13 08:00:33,Local Market Day,J023,Basavanagudi,5540,Weekend,False,Clear,False,0.0,False,False,0.767,Severe,15.1,54.4,498.3,0.256,0.591,0.948,Heavy congestion detected - signal timing extended and reroute suggested
EVT446479,2025-10-03 15:19:13,Religious Festival,J011,Indiranagar 100ft Road,47143,Weekday,True,Clear,False,0.0,False,True,0.912,Severe,12.4,89.9,588.7,0.3,0.692,0.86,Road closure for event/procession - full detour recommended for through-traffic
EVT446480,2026-05-31 12:57:58,Local Market Day,J030,MG Road,5036,Weekend,False,Heavy Rain,True,33.5,False,False,0.601,High,22.6,41.6,226.2,0.163,0.376,0.927,Heavy rain reducing visibility and grip - reduced speed and longer buffer advised
EVT446481,2026-01-16 10:17:32,Sports Fixture,J020,Malleshwaram Circle,32099,Weekday,False,Fog,False,0.0,False,False,0.836,Severe,11.9,62.0,747.5,0.318,0.734,0.982,Heavy congestion detected - signal timing extended and reroute suggested
EVT446482,2025-11-26 14:06:10,Sports Fixture,J023,Basavanagudi,33043,Weekday,False,Clear,False,0.0,False,False,0.343,Low,24.8,22.0,160.4,0.093,0.215,0.99,Moderate traffic flow - standard adaptive signal timing in effect
EVT446483,2026-02-06 10:38:52,Sports Fixture,J009,Majestic,20536,Weekday,False,Fog,False,0.0,False,False,0.636,High,24.1,42.9,137.6,0.094,0.217,0.943,Moderate traffic flow - standard adaptive signal timing in effect
EVT446484,2026-05-24 16:21:08,Concert,J020,Malleshwaram Circle,16042,Weekend,False,Rain,True,8.0,False,False,0.685,High,20.6,45.0,102.7,0.056,0.13,0.935,Heavy rain reducing visibility and grip - reduced speed and longer buffer advised
EVT446485,2026-01-13 19:20:22,Concert,J009,Majestic,15861,Weekday,False,Clear,False,0.0,False,False,0.974,Severe,9.2,68.4,213.0,0.092,0.213,0.939,Heavy congestion detected - signal timing extended and reroute suggested
EVT446486,2025-12-12 19:39:38,Sports Fixture,J020,Malleshwaram Circle,25194,Weekday,False,Fog,False,0.0,False,False,1.0,Severe,8.3,74.4,476.1,0.175,0.404,0.92,Heavy congestion detected - signal timing extended and reroute suggested
EVT446487,2025-12-03 20:39:33,Sports Fixture,J009,Majestic,29815,Weekday,False,Clear,False,0.0,False,False,0.632,High,17.5,44.9,228.0,0.136,0.313,0.963,Moderate traffic flow - standard adaptive signal timing in effect
EVT446488,2026-04-27 20:11:56,Concert,J009,Majestic,7331,Weekday,False,Clear,False,0.0,False,False,0.646,High,18.2,45.5,237.9,0.139,0.322,0.99,Moderate traffic flow - standard adaptive signal timing in effect
EVT446489,2025-09-26 12:46:19,Local Market Day,J030,MG Road,6934,Weekday,False,Rain,True,10.7,False,False,0.305,Low,31.0,12.6,104.9,0.087,0.2,0.907,Light rain detected - minor speed reduction advised
EVT446490,2025-08-15 06:00:41,Fireworks Display,J009,Majestic,27911,Weekday,True,Heavy Rain,True,43.5,False,False,0.934,Severe,9.9,67.2,467.6,0.176,0.406,0.778,Festival crowd surge detected - alternate route and extended cycle recommended
EVT446491,2025-07-14 10:14:03,Concert,J031,Cubbon Road,11469,Weekday,False,Clear,False,0.0,False,False,0.703,High,18.8,45.5,278.8,0.183,0.423,0.986,Moderate traffic flow - standard adaptive signal timing in effect
EVT446492,2025-06-23 04:40:02,Local Market Day,J031,Cubbon Road,2940,Weekday,False,Rain,True,21.7,False,False,0.377,Moderate,30.6,34.5,190.5,0.134,0.31,0.914,Light rain detected - minor speed reduction advised
EVT446493,2025-09-06 18:19:17,Religious Festival,J020,Malleshwaram Circle,52591,Weekend,True,Rain,True,15.6,False,False,1.0,Severe,8.2,70.4,424.0,0.164,0.379,0.841,Festival crowd surge detected - alternate route and extended cycle recommended
EVT446494,2025-01-13 09:02:05,Sports Fixture,J011,Indiranagar 100ft Road,19788,Weekday,False,Clear,False,0.0,False,False,1.0,Severe,8.8,66.7,359.8,0.143,0.33,0.935,Heavy congestion detected - signal timing extended and reroute suggested
EVT446495,2026-03-17 08:56:23,Local Market Day,J020,Malleshwaram Circle,5314,Weekday,False,Clear,False,0.0,False,False,1.0,Severe,8.1,71.7,207.1,0.088,0.203,0.896,Heavy congestion detected - signal timing extended and reroute suggested
EVT446496,2026-06-02 06:05:03,Concert,J040,City Market,13916,Weekday,False,Rain,True,8.7,False,False,0.352,Moderate,33.1,22.3,125.2,0.1,0.23,0.905,Light rain detected - minor speed reduction advised
EVT446497,2026-04-24 20:56:20,Political Rally,J012,Koramangala Sony World,21282,Weekday,False,Rain,True,11.8,False,False,0.659,High,21.9,51.3,132.1,0.101,0.232,0.927,Heavy rain reducing visibility and grip - reduced speed and longer buffer advised
EVT446498,2025-07-17 15:59:54,Political Rally,J031,Cubbon Road,9622,Weekday,False,Clear,False,0.0,False,False,0.456,Moderate,26.4,31.6,193.1,0.143,0.331,0.979,Moderate traffic flow - standard adaptive signal timing in effect
EVT446499,2025-07-05 18:55:10,Local Market Day,J012,Koramangala Sony World,4194,Weekend,False,Heavy Rain,True,29.6,False,False,1.0,Severe,6.4,65.9,608.4,0.176,0.406,0.874,Heavy rain reducing visibility and grip - reduced speed and longer buffer advised
EVT446500,2026-05-19 19:21:20,Trade Fair,J030,MG Road,6413,Weekday,False,Clear,False,0.0,False,False,0.868,Severe,14.5,58.6,406.1,0.233,0.539,0.951,Heavy congestion detected - signal timing extended and reroute suggested
EVT446501,2025-05-30 07:42:11,Local Market Day,J030,MG Road,2661,Weekday,False,Heavy Rain,True,35.0,False,False,1.0,Severe,8.0,67.9,778.1,0.262,0.605,0.867,Heavy rain reducing visibility and grip - reduced speed and longer buffer advised
EVT446502,2025-04-15 19:47:54,Cultural Procession,J012,Koramangala Sony World,18459,Weekday,True,Clear,False,0.0,False,True,1.0,Severe,7.5,100.4,781.2,0.26,0.6,0.833,Road closure for event/procession - full detour recommended for through-traffic
EVT446503,2025-04-13 18:32:27,Sports Fixture,J011,Indiranagar 100ft Road,47448,Weekend,False,Rain,True,16.0,False,False,1.0,Severe,8.6,78.7,713.5,0.277,0.639,0.832,Heavy rain reducing visibility and grip - reduced speed and longer buffer advised
EVT446504,2025-10-20 14:49:42,Cultural Procession,J031,Cubbon Road,24629,Weekday,True,Light Rain,True,6.1,False,False,0.682,High,14.2,49.3,260.5,0.145,0.336,0.875,Festival crowd surge detected - alternate route and extended cycle recommended
EVT446505,2025-12-13 17:28:53,Local Market Day,J012,Koramangala Sony World,4440,Weekend,False,Rain,True,8.2,False,False,0.928,Severe,10.4,70.1,600.9,0.247,0.57,0.887,Heavy rain reducing visibility and grip - reduced speed and longer buffer advised
EVT446506,2025-04-14 08:10:31,Religious Festival,J030,MG Road,40881,Weekday,True,Clear,False,0.0,False,False,1.0,Severe,8.9,69.8,570.4,0.241,0.558,0.874,Festival crowd surge detected - alternate route and extended cycle recommended
EVT446507,2025-05-16 08:23:57,Concert,J031,Cubbon Road,6661,Weekday,False,Clear,False,0.0,False,False,0.924,Severe,11.0,65.1,511.6,0.222,0.513,0.941,Heavy congestion detected - signal timing extended and reroute suggested
EVT446508,2026-01-26 10:00:07,Fireworks Display,J023,Basavanagudi,22503,Weekday,True,Clear,False,0.0,False,False,1.0,Severe,7.8,75.3,532.6,0.195,0.45,0.858,Festival crowd surge detected - alternate route and extended cycle recommended
EVT446509,2025-02-22 07:49:24,Political Rally,J011,Indiranagar 100ft Road,15181,Weekend,False,Fog,False,0.0,False,False,0.694,High,20.2,54.9,241.9,0.146,0.338,0.974,Moderate traffic flow - standard adaptive signal timing in effect
EVT446510,2025-03-28 05:04:28,Trade Fair,J012,Koramangala Sony World,4023,Weekday,False,Clear,False,0.0,False,False,0.149,Low,28.5,10.2,194.0,0.152,0.35,0.975,Normal free-flow traffic - standard signal timing maintained
EVT446511,2025-09-27 19:01:37,Trade Fair,J011,Indiranagar 100ft Road,4971,Weekend,False,Rain,True,23.8,False,False,1.0,Severe,7.5,71.5,568.9,0.183,0.423,0.854,Heavy rain reducing visibility and grip - reduced speed and longer buffer advised
EVT446512,2025-04-25 08:33:52,Sports Fixture,J040,City Market,18882,Weekday,False,Clear,False,0.0,False,False,1.0,Severe,6.7,71.8,774.4,0.203,0.469,0.954,Heavy congestion detected - signal timing extended and reroute suggested
EVT446513,2025-08-08 08:32:30,Sports Fixture,J030,MG Road,20080,Weekday,False,Rain,True,19.7,False,False,1.0,Severe,8.4,72.9,774.6,0.25,0.577,0.836,Heavy rain reducing visibility and grip - reduced speed and longer buffer advised
EVT446514,2026-01-15 11:23:23,Cultural Procession,J011,Indiranagar 100ft Road,19248,Weekday,True,Clear,False,0.0,False,True,0.887,High,10.9,85.0,543.5,0.248,0.573,0.839,Road closure for event/procession - full detour recommended for through-traffic
EVT446515,2025-10-25 11:09:49,Local Market Day,J031,Cubbon Road,6795,Weekend,False,Clear,False,0.0,False,False,0.395,Moderate,25.0,26.7,241.1,0.168,0.388,0.962,Moderate traffic flow - standard adaptive signal timing in effect
EVT446516,2025-02-08 07:02:23,Local Market Day,J023,Basavanagudi,4634,Weekend,False,Clear,False,0.0,False,False,0.516,Moderate,23.9,43.4,276.4,0.216,0.498,0.934,Moderate traffic flow - standard adaptive signal timing in effect
EVT446517,2025-09-05 09:05:20,Cultural Procession,J023,Basavanagudi,22190,Weekday,True,Clear,False,0.0,False,True,1.0,Severe,9.1,94.3,411.5,0.169,0.39,0.816,Road closure for event/procession - full detour recommended for through-traffic
EVT446518,2025-11-20 18:01:32,Trade Fair,J011,Indiranagar 100ft Road,9975,Weekday,False,Light Rain,True,3.8,False,False,1.0,Severe,8.2,70.7,351.2,0.121,0.279,0.877,Heavy rain reducing visibility and grip - reduced speed and longer buffer advised
EVT446519,2025-09-05 19:44:30,Religious Festival,J020,Malleshwaram Circle,35368,Weekday,True,Fog,False,0.0,False,True,1.0,Severe,7.8,102.8,600.1,0.204,0.472,0.847,Road closure for event/procession - full detour recommended for through-traffic
EVT446520,2026-03-04 15:03:12,Cultural Procession,J011,Indiranagar 100ft Road,13506,Weekday,True,Clear,False,0.0,False,True,0.663,Moderate,20.9,70.8,132.5,0.078,0.179,0.878,Road closure for event/procession - full detour recommended for through-traffic
EVT446521,2026-02-10 20:49:42,Local Market Day,J040,City Market,2832,Weekday,False,Clear,False,0.0,False,False,0.505,Moderate,24.0,41.7,229.9,0.171,0.396,0.965,Moderate traffic flow - standard adaptive signal timing in effect
EVT446522,2025-02-24 07:11:10,Local Market Day,J030,MG Road,5820,Weekday,False,Clear,False,0.0,False,False,0.482,Moderate,24.4,36.1,223.5,0.171,0.394,0.976,Moderate traffic flow - standard adaptive signal timing in effect
EVT446523,2025-02-03 15:48:17,Concert,J031,Cubbon Road,9751,Weekday,False,Clear,False,0.0,False,False,0.374,Moderate,28.6,18.5,173.9,0.149,0.345,0.973,Moderate traffic flow - standard adaptive signal timing in effect
EVT446524,2026-05-13 07:30:31,Local Market Day,J030,MG Road,4432,Weekday,False,Clear,False,0.0,False,False,0.615,High,18.3,45.4,246.8,0.137,0.317,0.971,Moderate traffic flow - standard adaptive signal timing in effect
EVT446525,2025-11-26 11:52:09,Concert,J023,Basavanagudi,13997,Weekday,False,Clear,False,0.0,False,False,0.26,Low,33.8,17.8,109.8,0.106,0.244,0.981,Moderate traffic flow - standard adaptive signal timing in effect
EVT446526,2025-09-14 10:53:28,Concert,J040,City Market,13941,Weekend,False,Clear,False,0.0,False,False,0.514,Moderate,28.6,37.2,241.1,0.186,0.429,0.969,Moderate traffic flow - standard adaptive signal timing in effect
EVT446527,2025-07-09 15:45:18,Political Rally,J009,Majestic,15088,Weekday,False,Clear,False,0.0,False,False,0.394,Moderate,28.6,22.5,165.9,0.132,0.304,0.967,Moderate traffic flow - standard adaptive signal timing in effect
EVT446528,2025-04-13 15:43:38,Local Market Day,J009,Majestic,2402,Weekend,False,Clear,False,0.0,False,False,0.387,Moderate,31.3,32.6,187.2,0.163,0.376,0.934,Moderate traffic flow - standard adaptive signal timing in effect
EVT446529,2026-04-23 15:50:27,Sports Fixture,J040,City Market,37287,Weekday,False,Clear,False,0.0,False,False,0.605,High,21.6,46.0,312.5,0.241,0.556,0.939,Moderate traffic flow - standard adaptive signal timing in effect
EVT446530,2025-04-17 09:41:11,Sports Fixture,J030,MG Road,17736,Weekday,False,Clear,False,0.0,False,False,1.0,Severe,9.3,71.0,206.5,0.093,0.215,0.911,Heavy congestion detected - signal timing extended and reroute suggested
EVT446531,2025-05-30 05:16:43,Trade Fair,J020,Malleshwaram Circle,13009,Weekday,False,Light Rain,True,4.6,False,False,0.408,Moderate,20.6,29.0,146.7,0.083,0.192,0.9,Light rain detected - minor speed reduction advised
EVT446532,2025-04-08 09:08:38,Political Rally,J031,Cubbon Road,11730,Weekday,False,Clear,False,0.0,False,False,1.0,Severe,7.7,70.8,679.1,0.204,0.472,0.929,Heavy congestion detected - signal timing extended and reroute suggested
EVT446533,2026-01-03 08:25:04,Trade Fair,J012,Koramangala Sony World,7210,Weekend,False,Clear,False,0.0,False,False,0.837,Severe,13.6,63.0,510.0,0.265,0.613,0.968,Heavy congestion detected - signal timing extended and reroute suggested
EVT446534,2025-09-13 21:43:58,Local Market Day,J030,MG Road,3129,Weekend,False,Light Rain,True,5.0,False,False,0.32,Low,32.2,23.8,161.0,0.148,0.342,0.904,Light rain detected - minor speed reduction advised
EVT446535,2025-01-01 17:02:57,Trade Fair,J040,City Market,10924,Weekday,False,Clear,False,0.0,False,False,0.838,Severe,13.6,61.9,359.1,0.195,0.449,0.91,Heavy congestion detected - signal timing extended and reroute suggested
EVT446536,2026-01-01 06:50:19,Religious Festival,J012,Koramangala Sony World,76434,Weekday,True,Clear,False,0.0,False,True,1.0,Severe,9.1,93.2,562.8,0.219,0.506,0.841,Road closure for event/procession - full detour recommended for through-traffic
EVT446537,2025-07-25 07:57:18,Concert,J030,MG Road,24642,Weekday,False,Light Rain,True,4.7,False,False,1.0,Severe,7.4,66.5,571.6,0.18,0.415,0.85,Heavy rain reducing visibility and grip - reduced speed and longer buffer advised
EVT446538,2025-02-24 19:30:35,Local Market Day,J031,Cubbon Road,2133,Weekday,False,Clear,False,0.0,False,False,0.884,Severe,10.6,64.2,688.9,0.264,0.609,0.94,Heavy congestion detected - signal timing extended and reroute suggested
EVT446539,2026-04-03 18:42:57,Concert,J030,MG Road,6061,Weekday,False,Clear,False,0.0,False,False,1.0,Severe,9.2,75.8,720.4,0.266,0.615,0.891,Heavy congestion detected - signal timing extended and reroute suggested
EVT446540,2025-08-03 11:05:32,Local Market Day,J011,Indiranagar 100ft Road,2906,Weekend,False,Heavy Rain,True,47.7,False,False,0.691,High,20.8,44.0,208.5,0.13,0.3,0.941,Heavy rain reducing visibility and grip - reduced speed and longer buffer advised
EVT446541,2025-12-28 22:44:24,Local Market Day,J023,Basavanagudi,4623,Weekend,False,Clear,False,0.0,False,False,0.32,Low,29.2,21.6,225.9,0.18,0.416,0.955,Moderate traffic flow - standard adaptive signal timing in effect
EVT446542,2026-04-19 19:10:44,Trade Fair,J030,MG Road,12761,Weekend,False,Clear,False,0.0,False,False,0.849,Severe,12.3,59.5,226.0,0.128,0.296,0.945,Heavy congestion detected - signal timing extended and reroute suggested
EVT446543,2025-02-06 19:34:55,Local Market Day,J020,Malleshwaram Circle,3186,Weekday,False,Clear,False,0.0,False,False,0.915,Severe,11.3,64.1,670.6,0.31,0.715,0.935,Heavy congestion detected - signal timing extended and reroute suggested
EVT446544,2025-11-16 17:30:50,Political Rally,J012,Koramangala Sony World,15985,Weekend,False,Heavy Rain,True,26.2,False,False,1.0,Severe,7.7,74.6,224.0,0.094,0.217,0.87,Heavy rain reducing visibility and grip - reduced speed and longer buffer advised
EVT446545,2025-02-03 10:39:06,Trade Fair,J011,Indiranagar 100ft Road,9318,Weekday,False,Clear,False,0.0,False,False,0.602,High,23.2,41.9,174.6,0.122,0.282,0.936,Moderate traffic flow - standard adaptive signal timing in effect
EVT446546,2025-10-26 15:17:43,Trade Fair,J009,Majestic,10490,Weekend,False,Clear,False,0.0,False,False,0.368,Moderate,28.2,30.7,141.6,0.121,0.28,0.963,Moderate traffic flow - standard adaptive signal timing in effect
EVT446547,2025-09-16 06:33:11,Political Rally,J030,MG Road,13927,Weekday,False,Light Rain,True,3.3,False,False,0.516,Moderate,22.9,36.3,109.3,0.074,0.172,0.924,Light rain detected - minor speed reduction advised
EVT446548,2025-12-14 20:32:31,Sports Fixture,J011,Indiranagar 100ft Road,42899,Weekend,False,Light Rain,True,3.6,False,False,0.8,Severe,18.0,63.3,163.5,0.129,0.298,0.92,Heavy rain reducing visibility and grip - reduced speed and longer buffer advised
EVT446549,2026-04-12 19:06:34,Concert,J020,Malleshwaram Circle,11343,Weekend,False,Clear,False,0.0,False,False,0.87,Severe,14.7,56.4,462.3,0.26,0.602,0.95,Heavy congestion detected - signal timing extended and reroute suggested
EVT446550,2026-06-15 17:21:00,Concert,J031,Cubbon Road,11445,Weekday,False,Heavy Rain,True,47.3,False,False,1.0,Severe,7.0,71.0,706.8,0.201,0.464,0.87,Heavy rain reducing visibility and grip - reduced speed and longer buffer advised
EVT446551,2025-01-26 17:01:34,Religious Festival,J031,Cubbon Road,55078,Weekend,True,Clear,False,0.0,False,True,1.0,Severe,9.7,98.3,418.7,0.165,0.381,0.8,Road closure for event/procession - full detour recommended for through-traffic
EVT446552,2025-06-21 18:49:48,Sports Fixture,J020,Malleshwaram Circle,16119,Weekend,False,Clear,False,0.0,False,False,0.863,Severe,13.6,65.8,407.6,0.19,0.439,0.925,Heavy congestion detected - signal timing extended and reroute suggested
EVT446553,2026-03-08 08:47:45,Local Market Day,J012,Koramangala Sony World,4623,Weekend,False,Clear,False,0.0,False,False,0.886,Severe,11.9,63.6,316.5,0.12,0.278,0.959,Heavy congestion detected - signal timing extended and reroute suggested
EVT446554,2025-06-05 15:17:12,Political Rally,J040,City Market,12469,Weekday,False,Clear,False,0.0,False,False,0.345,Low,22.2,26.8,252.4,0.168,0.389,0.971,Moderate traffic flow - standard adaptive signal timing in effect
EVT446555,2025-07-30 15:35:47,Local Market Day,J009,Majestic,3992,Weekday,False,Clear,False,0.0,False,False,0.202,Low,27.7,19.2,196.1,0.136,0.313,0.942,Normal free-flow traffic - standard signal timing maintained
EVT446556,2025-06-23 18:13:02,Concert,J031,Cubbon Road,7927,Weekday,False,Clear,False,0.0,False,False,0.97,Severe,9.9,73.6,559.4,0.226,0.521,0.919,Heavy congestion detected - signal timing extended and reroute suggested
EVT446557,2025-08-30 10:00:57,Local Market Day,J030,MG Road,3635,Weekend,False,Clear,False,0.0,False,False,0.751,Severe,10.6,57.6,377.9,0.14,0.323,0.947,Heavy congestion detected - signal timing extended and reroute suggested
EVT446558,2025-07-29 19:45:56,Concert,J012,Koramangala Sony World,19166,Weekday,False,Rain,True,17.4,False,False,1.0,Severe,7.2,68.0,860.9,0.244,0.565,0.88,Heavy rain reducing visibility and grip - reduced speed and longer buffer advised
EVT446559,2025-11-21 10:38:07,Local Market Day,J020,Malleshwaram Circle,3184,Weekday,False,Clear,False,0.0,False,False,0.563,High,23.6,41.3,241.1,0.179,0.412,0.942,Moderate traffic flow - standard adaptive signal timing in effect
EVT446560,2025-07-14 11:17:58,Sports Fixture,J030,MG Road,24711,Weekday,False,Fog,False,0.0,False,False,0.497,Moderate,30.8,31.5,140.4,0.129,0.298,0.969,Moderate traffic flow - standard adaptive signal timing in effect
EVT446561,2026-05-15 09:34:15,Sports Fixture,J020,Malleshwaram Circle,20890,Weekday,False,Clear,False,0.0,False,False,1.0,Severe,8.9,70.6,627.9,0.25,0.577,0.897,Heavy congestion detected - signal timing extended and reroute suggested
EVT446562,2025-08-07 16:41:13,Concert,J030,MG Road,12640,Weekday,False,Clear,False,0.0,False,False,0.725,High,19.7,53.7,197.0,0.119,0.274,0.979,Moderate traffic flow - standard adaptive signal timing in effect
EVT446563,2025-01-07 11:52:51,Trade Fair,J023,Basavanagudi,8044,Weekday,False,Clear,False,0.0,False,False,0.227,Low,35.5,12.5,147.7,0.136,0.313,0.967,Normal free-flow traffic - standard signal timing maintained
EVT446564,2025-05-24 17:17:43,Sports Fixture,J009,Majestic,21484,Weekend,False,Clear,False,0.0,False,False,0.777,Severe,16.9,57.7,220.2,0.139,0.322,0.968,Heavy congestion detected - signal timing extended and reroute suggested
EVT446565,2026-03-05 11:09:57,Cultural Procession,J031,Cubbon Road,10665,Weekday,True,Clear,False,0.0,False,False,0.618,High,22.1,47.7,202.2,0.136,0.315,0.902,Festival crowd surge detected - alternate route and extended cycle recommended
EVT446566,2025-09-25 07:13:06,Local Market Day,J012,Koramangala Sony World,3255,Weekday,False,Rain,True,20.2,False,False,0.723,High,17.8,56.3,193.1,0.117,0.27,0.917,Heavy rain reducing visibility and grip - reduced speed and longer buffer advised
EVT446567,2025-12-29 05:14:28,Local Market Day,J020,Malleshwaram Circle,2370,Weekday,False,Clear,False,0.0,False,False,0.146,Low,30.9,13.1,170.8,0.15,0.347,0.953,Normal free-flow traffic - standard signal timing maintained
EVT446568,2026-03-22 16:01:38,Local Market Day,J020,Malleshwaram Circle,5928,Weekend,False,Clear,False,0.0,False,False,0.438,Moderate,23.1,32.7,166.6,0.104,0.239,0.961,Moderate traffic flow - standard adaptive signal timing in effect
EVT446569,2025-02-25 14:26:58,Sports Fixture,J020,Malleshwaram Circle,27497,Weekday,False,Clear,False,0.0,False,False,0.416,Moderate,24.7,26.2,218.6,0.157,0.363,0.969,Moderate traffic flow - standard adaptive signal timing in effect
EVT446570,2025-05-08 14:26:41,Political Rally,J012,Koramangala Sony World,14192,Weekday,False,Clear,False,0.0,False,False,0.233,Low,28.7,11.5,226.4,0.179,0.413,0.956,Normal free-flow traffic - standard signal timing maintained
EVT446571,2025-01-11 16:32:10,Sports Fixture,J031,Cubbon Road,15102,Weekend,False,Fog,False,0.0,False,False,0.63,High,18.3,43.2,245.4,0.152,0.351,0.97,Moderate traffic flow - standard adaptive signal timing in effect
EVT446572,2025-02-16 16:08:31,Political Rally,J040,City Market,14877,Weekend,False,Fog,False,0.0,False,False,0.537,Moderate,22.8,37.4,231.4,0.145,0.334,0.96,Moderate traffic flow - standard adaptive signal timing in effect
EVT446573,2025-10-19 15:52:56,Local Market Day,J023,Basavanagudi,5377,Weekend,False,Clear,False,0.0,False,False,0.365,Moderate,27.4,17.2,204.3,0.154,0.355,0.94,Moderate traffic flow - standard adaptive signal timing in effect
EVT446574,2026-04-14 10:31:00,Cultural Procession,J020,Malleshwaram Circle,8404,Weekday,True,Clear,False,0.0,False,True,1.0,Severe,9.8,100.2,573.8,0.272,0.627,0.849,Road closure for event/procession - full detour recommended for through-traffic
EVT446575,2025-06-19 12:22:51,Sports Fixture,J023,Basavanagudi,20432,Weekday,False,Heavy Rain,True,35.4,False,False,0.64,High,21.4,46.8,222.6,0.149,0.345,0.916,Heavy rain reducing visibility and grip - reduced speed and longer buffer advised
EVT446576,2025-03-25 15:32:29,Concert,J011,Indiranagar 100ft Road,13353,Weekday,False,Clear,False,0.0,False,False,0.479,Moderate,27.7,38.7,124.9,0.083,0.191,0.946,Moderate traffic flow - standard adaptive signal timing in effect
EVT446577,2025-11-06 11:39:42,Local Market Day,J011,Indiranagar 100ft Road,4695,Weekday,False,Clear,False,0.0,False,False,0.272,Low,29.7,21.1,128.9,0.096,0.221,0.951,Moderate traffic flow - standard adaptive signal timing in effect
EVT446578,2025-11-09 06:35:18,Trade Fair,J031,Cubbon Road,12996,Weekend,False,Clear,False,0.0,False,False,0.354,Moderate,30.6,24.3,99.5,0.07,0.163,0.975,Moderate traffic flow - standard adaptive signal timing in effect
EVT446579,2026-03-14 15:01:24,Sports Fixture,J030,MG Road,23153,Weekend,False,Clear,False,0.0,False,False,0.408,Moderate,21.7,34.3,167.3,0.118,0.272,0.958,Moderate traffic flow - standard adaptive signal timing in effect
EVT446580,2026-04-02 09:23:26,Sports Fixture,J009,Majestic,23103,Weekday,False,Clear,False,0.0,False,False,1.0,Severe,6.8,64.9,706.8,0.186,0.43,0.902,Heavy congestion detected - signal timing extended and reroute suggested
EVT446581,2026-02-01 08:49:05,Local Market Day,J011,Indiranagar 100ft Road,2171,Weekend,False,Clear,False,0.0,False,False,0.916,Severe,6.5,65.6,647.4,0.177,0.41,0.918,Heavy congestion detected - signal timing extended and reroute suggested
EVT446582,2025-07-16 18:05:47,Sports Fixture,J011,Indiranagar 100ft Road,22546,Weekday,False,Clear,False,0.0,False,False,1.0,Severe,10.6,67.9,599.1,0.237,0.547,0.899,Heavy congestion detected - signal timing extended and reroute suggested
EVT446583,2026-04-04 18:30:21,Local Market Day,J012,Koramangala Sony World,4969,Weekend,False,Clear,False,0.0,False,False,0.879,Severe,10.9,65.2,620.1,0.258,0.595,0.948,Heavy congestion detected - signal timing extended and reroute suggested
EVT446584,2025-07-22 16:58:33,Local Market Day,J031,Cubbon Road,3142,Weekday,False,Clear,False,0.0,False,False,0.694,High,18.3,49.2,189.2,0.112,0.258,0.963,Moderate traffic flow - standard adaptive signal timing in effect
EVT446585,2025-01-01 22:30:32,Local Market Day,J031,Cubbon Road,2862,Weekday,False,Clear,False,0.0,False,False,0.218,Low,29.2,10.0,166.9,0.155,0.358,0.961,Normal free-flow traffic - standard signal timing maintained
EVT446586,2026-03-24 14:10:23,Local Market Day,J020,Malleshwaram Circle,3377,Weekday,False,Clear,False,0.0,False,False,0.185,Low,37.2,9.9,108.5,0.084,0.194,0.949,Normal free-flow traffic - standard signal timing maintained
EVT446587,2026-03-29 18:30:40,Sports Fixture,J023,Basavanagudi,27528,Weekend,False,Light Rain,True,6.4,False,False,1.0,Severe,8.0,69.3,355.7,0.121,0.28,0.873,Heavy rain reducing visibility and grip - reduced speed and longer buffer advised
EVT446588,2025-01-19 20:17:19,Sports Fixture,J030,MG Road,18249,Weekend,False,Clear,False,0.0,False,False,0.674,High,21.3,47.6,299.9,0.195,0.451,0.972,Moderate traffic flow - standard adaptive signal timing in effect
EVT446589,2025-08-25 08:09:24,Sports Fixture,J009,Majestic,26495,Weekday,False,Clear,False,0.0,False,False,0.967,Severe,10.9,65.1,408.1,0.167,0.385,0.924,Heavy congestion detected - signal timing extended and reroute suggested
EVT446590,2025-11-13 19:16:22,Local Market Day,J009,Majestic,3891,Weekday,False,Clear,False,0.0,False,False,0.925,Severe,9.9,66.9,493.5,0.2,0.462,0.929,Heavy congestion detected - signal timing extended and reroute suggested
EVT446591,2025-08-24 08:27:17,Sports Fixture,J009,Majestic,15536,Weekend,False,Clear,False,0.0,False,False,0.955,Severe,8.8,66.7,179.1,0.089,0.205,0.932,Heavy congestion detected - signal timing extended and reroute suggested
EVT446592,2025-01-18 08:44:11,Trade Fair,J020,Malleshwaram Circle,7094,Weekend,False,Clear,False,0.0,False,False,0.91,Severe,11.5,61.7,211.0,0.099,0.23,0.949,Heavy congestion detected - signal timing extended and reroute suggested
EVT446593,2025-11-06 20:11:23,Political Rally,J020,Malleshwaram Circle,14160,Weekday,False,Clear,False,0.0,False,False,0.739,High,16.0,48.5,277.2,0.162,0.375,0.953,Moderate traffic flow - standard adaptive signal timing in effect
EVT446594,2025-07-28 20:08:35,Trade Fair,J030,MG Road,9383,Weekday,False,Clear,False,0.0,False,False,0.733,High,16.1,53.5,235.4,0.121,0.279,0.945,Moderate traffic flow - standard adaptive signal timing in effect
EVT446595,2025-08-09 14:08:50,Trade Fair,J040,City Market,11193,Weekend,False,Clear,False,0.0,False,False,0.258,Low,27.8,21.4,112.7,0.074,0.17,0.944,Moderate traffic flow - standard adaptive signal timing in effect
EVT446596,2025-07-03 19:34:55,Local Market Day,J030,MG Road,3414,Weekday,False,Clear,False,0.0,False,False,0.791,Severe,19.4,53.3,396.5,0.242,0.558,0.951,Heavy congestion detected - signal timing extended and reroute suggested
EVT446597,2026-05-17 07:36:29,Local Market Day,J031,Cubbon Road,6304,Weekend,False,Clear,False,0.0,False,False,0.633,High,24.8,49.5,208.0,0.162,0.374,0.956,Moderate traffic flow - standard adaptive signal timing in effect
EVT446598,2025-09-03 10:34:41,Sports Fixture,J012,Koramangala Sony World,35573,Weekday,False,Clear,False,0.0,False,False,0.719,High,17.7,50.8,301.4,0.177,0.408,0.976,Moderate traffic flow - standard adaptive signal timing in effect
EVT446599,2025-11-20 15:04:55,Trade Fair,J012,Koramangala Sony World,18224,Weekday,False,Clear,False,0.0,False,False,0.357,Moderate,25.9,27.7,162.7,0.102,0.235,0.98,Moderate traffic flow - standard adaptive signal timing in effect
EVT446600,2026-02-08 10:48:30,Local Market Day,J009,Majestic,5053,Weekend,False,Clear,False,0.0,False,False,0.536,Moderate,19.3,42.0,300.4,0.176,0.405,0.963,Moderate traffic flow - standard adaptive signal timing in effect
EVT446601,2026-01-07 06:23:05,Local Market Day,J040,City Market,3538,Weekday,False,Clear,False,0.0,False,False,0.297,Low,33.9,22.3,120.8,0.126,0.291,0.975,Moderate traffic flow - standard adaptive signal timing in effect
EVT446602,2025-08-04 13:39:55,Sports Fixture,J030,MG Road,19798,Weekday,False,Clear,False,0.0,False,False,0.276,Low,23.3,17.1,149.0,0.11,0.254,0.964,Moderate traffic flow - standard adaptive signal timing in effect
EVT446603,2026-04-26 18:48:30,Trade Fair,J009,Majestic,14918,Weekend,False,Clear,False,0.0,False,False,0.934,Severe,8.9,67.8,440.3,0.178,0.41,0.949,Heavy congestion detected - signal timing extended and reroute suggested
EVT446604,2025-10-30 16:23:34,Local Market Day,J040,City Market,3426,Weekday,False,Clear,False,0.0,False,False,0.551,High,18.8,35.1,251.6,0.155,0.359,0.954,Moderate traffic flow - standard adaptive signal timing in effect
EVT446605,2025-11-27 15:04:40,Concert,J023,Basavanagudi,19764,Weekday,False,Clear,False,0.0,False,False,0.367,Moderate,26.6,26.1,188.0,0.142,0.327,0.988,Moderate traffic flow - standard adaptive signal timing in effect
EVT446606,2025-02-11 08:18:29,Trade Fair,J040,City Market,16386,Weekday,False,Clear,False,0.0,False,False,0.947,Severe,9.7,67.1,543.9,0.207,0.477,0.902,Heavy congestion detected - signal timing extended and reroute suggested
EVT446607,2026-04-26 09:32:57,Local Market Day,J020,Malleshwaram Circle,3711,Weekend,False,Clear,False,0.0,False,False,0.892,Severe,10.5,64.9,550.1,0.215,0.498,0.936,Heavy congestion detected - signal timing extended and reroute suggested
EVT446608,2025-11-14 07:16:27,Trade Fair,J031,Cubbon Road,7012,Weekday,False,Clear,False,0.0,False,False,0.55,High,24.5,34.8,215.0,0.14,0.323,0.949,Moderate traffic flow - standard adaptive signal timing in effect
EVT446609,2025-09-12 10:57:14,Concert,J023,Basavanagudi,9650,Weekday,False,Fog,False,0.0,False,False,0.561,High,25.5,42.9,253.4,0.193,0.445,0.978,Moderate traffic flow - standard adaptive signal timing in effect
EVT446610,2025-01-22 08:18:33,Political Rally,J012,Koramangala Sony World,8536,Weekday,False,Clear,False,0.0,False,False,0.929,Severe,13.6,70.3,277.5,0.135,0.311,0.937,Heavy congestion detected - signal timing extended and reroute suggested
EVT446611,2025-02-18 22:07:14,Concert,J031,Cubbon Road,8235,Weekday,False,Clear,False,0.0,True,False,0.586,High,23.1,44.1,268.2,0.189,0.437,0.774,Accident detected nearby - reroute and reduced speed advised
EVT446612,2026-01-19 17:34:42,Trade Fair,J040,City Market,4322,Weekday,False,Clear,False,0.0,False,False,0.923,Severe,10.7,62.4,445.0,0.172,0.397,0.913,Heavy congestion detected - signal timing extended and reroute suggested
EVT446613,2025-07-14 08:12:33,Trade Fair,J023,Basavanagudi,15517,Weekday,False,Clear,False,0.0,False,False,0.96,Severe,9.3,69.7,753.0,0.284,0.655,0.936,Heavy congestion detected - signal timing extended and reroute suggested
EVT446614,2025-05-22 12:01:11,Political Rally,J020,Malleshwaram Circle,9703,Weekday,False,Rain,True,8.4,False,False,0.456,Moderate,22.1,26.0,266.3,0.172,0.396,0.922,Light rain detected - minor speed reduction advised
EVT446615,2025-03-07 13:14:37,Sports Fixture,J020,Malleshwaram Circle,26212,Weekday,False,Clear,False,0.0,False,False,0.357,Moderate,34.8,25.1,140.2,0.131,0.303,0.971,Moderate traffic flow - standard adaptive signal timing in effect
EVT446616,2025-11-28 16:09:57,Concert,J040,City Market,15659,Weekday,False,Clear,False,0.0,False,False,0.488,Moderate,26.1,32.9,127.7,0.1,0.231,0.945,Moderate traffic flow - standard adaptive signal timing in effect
EVT446617,2025-05-31 20:09:50,Trade Fair,J031,Cubbon Road,10923,Weekend,False,Clear,False,0.0,False,False,0.73,High,13.1,52.0,231.2,0.1,0.231,0.95,Moderate traffic flow - standard adaptive signal timing in effect
EVT446618,2025-01-24 08:27:54,Trade Fair,J031,Cubbon Road,8763,Weekday,False,Clear,False,0.0,False,False,1.0,Severe,9.0,72.1,348.6,0.138,0.319,0.928,Heavy congestion detected - signal timing extended and reroute suggested
EVT446619,2025-12-10 13:18:49,Concert,J023,Basavanagudi,18960,Weekday,False,Clear,False,0.0,False,False,0.294,Low,24.8,21.5,102.5,0.04,0.093,0.962,Moderate traffic flow - standard adaptive signal timing in effect
EVT446620,2025-12-30 19:30:03,Sports Fixture,J040,City Market,45868,Weekday,False,Clear,False,0.0,False,False,1.0,Severe,7.8,69.7,378.5,0.127,0.293,0.914,Heavy congestion detected - signal timing extended and reroute suggested
EVT446621,2025-02-06 19:32:06,Concert,J020,Malleshwaram Circle,21109,Weekday,False,Fog,False,0.0,False,False,1.0,Severe,8.7,74.4,440.4,0.167,0.386,0.916,Heavy congestion detected - signal timing extended and reroute suggested
EVT446622,2025-04-20 16:15:41,Sports Fixture,J012,Koramangala Sony World,36594,Weekend,False,Rain,True,7.5,False,False,0.7,High,18.4,49.3,223.6,0.139,0.321,0.916,Heavy rain reducing visibility and grip - reduced speed and longer buffer advised
EVT446623,2025-05-11 09:06:25,Sports Fixture,J009,Majestic,39093,Weekend,False,Clear,False,0.0,False,False,1.0,Severe,8.2,70.8,276.3,0.115,0.266,0.893,Heavy congestion detected - signal timing extended and reroute suggested
EVT446624,2025-06-18 09:36:37,Concert,J023,Basavanagudi,8623,Weekday,False,Clear,False,0.0,False,False,1.0,Severe,10.2,69.9,309.6,0.141,0.325,0.925,Heavy congestion detected - signal timing extended and reroute suggested
EVT446625,2026-06-10 19:35:42,Political Rally,J020,Malleshwaram Circle,30287,Weekday,False,Fog,False,0.0,False,False,1.0,Severe,9.0,72.1,315.0,0.136,0.313,0.892,Heavy congestion detected - signal timing extended and reroute suggested
EVT446626,2025-10-30 06:59:21,Local Market Day,J031,Cubbon Road,2639,Weekday,False,Clear,False,0.0,False,False,0.399,Moderate,27.8,31.2,231.4,0.173,0.399,0.975,Moderate traffic flow - standard adaptive signal timing in effect
EVT446627,2025-06-25 21:01:18,Local Market Day,J009,Majestic,5214,Weekday,False,Clear,False,0.0,False,False,0.379,Moderate,25.2,29.4,175.2,0.127,0.293,0.952,Moderate traffic flow - standard adaptive signal timing in effect
EVT446628,2026-01-31 18:13:47,Local Market Day,J030,MG Road,3723,Weekend,False,Clear,False,0.0,False,False,0.937,Severe,12.0,68.5,308.0,0.16,0.369,0.934,Heavy congestion detected - signal timing extended and reroute suggested
EVT446629,2026-01-22 17:30:58,Trade Fair,J011,Indiranagar 100ft Road,13157,Weekday,False,Clear,False,0.0,False,False,0.865,Severe,13.2,59.0,534.4,0.249,0.574,0.974,Heavy congestion detected - signal timing extended and reroute suggested
EVT446630,2026-02-11 08:13:32,Local Market Day,J011,Indiranagar 100ft Road,3573,Weekday,False,Clear,False,0.0,False,False,0.877,Severe,11.4,65.2,567.0,0.236,0.545,0.942,Heavy congestion detected - signal timing extended and reroute suggested
EVT446631,2025-07-16 13:44:48,Concert,J030,MG Road,25570,Weekday,False,Rain,True,10.4,False,False,0.443,Moderate,26.2,37.2,148.1,0.114,0.263,0.902,Light rain detected - minor speed reduction advised
EVT446632,2025-10-23 11:21:42,Political Rally,J030,MG Road,20160,Weekday,False,Rain,True,21.6,False,False,0.734,High,22.5,54.1,302.2,0.201,0.465,0.894,Heavy rain reducing visibility and grip - reduced speed and longer buffer advised
EVT446633,2026-06-15 16:44:56,Sports Fixture,J031,Cubbon Road,30565,Weekday,False,Clear,False,0.0,False,False,0.841,Severe,16.3,53.6,210.0,0.123,0.285,0.952,Heavy congestion detected - signal timing extended and reroute suggested
EVT446634,2026-02-12 04:55:34,Sports Fixture,J031,Cubbon Road,16604,Weekday,False,Clear,False,0.0,False,False,0.217,Low,31.5,18.9,96.8,0.086,0.2,0.945,Normal free-flow traffic - standard signal timing maintained
EVT446635,2025-06-21 07:14:06,Sports Fixture,J012,Koramangala Sony World,17702,Weekend,False,Clear,False,0.0,False,False,0.588,High,24.7,35.6,182.5,0.133,0.307,0.963,Moderate traffic flow - standard adaptive signal timing in effect
EVT446636,2025-03-02 07:59:19,Local Market Day,J030,MG Road,4831,Weekend,False,Clear,False,0.0,False,False,0.705,High,20.2,48.5,308.5,0.216,0.5,0.956,Moderate traffic flow - standard adaptive signal timing in effect
EVT446637,2026-06-13 16:33:49,Concert,J020,Malleshwaram Circle,15377,Weekend,False,Light Rain,True,6.6,False,False,0.695,High,16.5,48.0,260.8,0.136,0.313,0.896,Heavy rain reducing visibility and grip - reduced speed and longer buffer advised
EVT446638,2025-11-26 10:06:33,Local Market Day,J031,Cubbon Road,3775,Weekday,False,Clear,False,0.0,False,False,0.773,Severe,17.0,61.0,338.0,0.191,0.441,0.959,Heavy congestion detected - signal timing extended and reroute suggested
EVT446639,2025-08-16 19:49:59,Religious Festival,J020,Malleshwaram Circle,45899,Weekend,True,Rain,True,20.2,False,True,1.0,Severe,8.8,98.7,229.3,0.1,0.23,0.794,Road closure for event/procession - full detour recommended for through-traffic
EVT446640,2025-12-25 20:48:43,Fireworks Display,J012,Koramangala Sony World,20367,Weekday,True,Clear,False,0.0,False,False,0.818,Severe,17.0,58.6,203.7,0.117,0.271,0.923,Festival crowd surge detected - alternate route and extended cycle recommended
EVT446641,2026-03-11 18:49:08,Trade Fair,J011,Indiranagar 100ft Road,9919,Weekday,False,Clear,False,0.0,False,False,1.0,Severe,8.2,69.3,307.3,0.134,0.308,0.918,Heavy congestion detected - signal timing extended and reroute suggested
EVT446642,2025-08-02 20:18:09,Local Market Day,J023,Basavanagudi,5000,Weekend,False,Clear,False,0.0,False,False,0.553,High,20.4,36.7,315.1,0.212,0.49,0.969,Moderate traffic flow - standard adaptive signal timing in effect
EVT446643,2026-04-09 17:27:36,Concert,J040,City Market,12691,Weekday,False,Clear,False,0.0,False,False,0.955,Severe,9.4,66.6,509.7,0.189,0.437,0.925,Heavy congestion detected - signal timing extended and reroute suggested
EVT446644,2026-02-12 11:16:49,Trade Fair,J031,Cubbon Road,9727,Weekday,False,Clear,False,0.0,False,False,0.403,Moderate,32.4,26.4,92.7,0.072,0.167,0.956,Moderate traffic flow - standard adaptive signal timing in effect
EVT446645,2025-02-03 10:52:29,Concert,J020,Malleshwaram Circle,12272,Weekday,False,Clear,False,0.0,False,False,0.527,Moderate,28.1,34.3,144.5,0.126,0.29,0.981,Moderate traffic flow - standard adaptive signal timing in effect
EVT446646,2025-07-23 08:34:17,Concert,J031,Cubbon Road,10440,Weekday,False,Clear,False,0.0,False,False,1.0,Severe,9.0,63.8,607.9,0.213,0.491,0.91,Heavy congestion detected - signal timing extended and reroute suggested
EVT446647,2026-06-15 06:22:25,Concert,J011,Indiranagar 100ft Road,15494,Weekday,False,Clear,False,0.0,False,False,0.345,Low,29.7,26.2,103.7,0.089,0.206,0.979,Moderate traffic flow - standard adaptive signal timing in effect
EVT446648,2025-09-08 10:27:42,Local Market Day,J030,MG Road,5038,Weekday,False,Heavy Rain,True,34.1,False,False,0.942,Severe,8.4,71.0,765.0,0.242,0.56,0.848,Heavy rain reducing visibility and grip - reduced speed and longer buffer advised
EVT446649,2026-01-04 16:21:43,Trade Fair,J031,Cubbon Road,8259,Weekend,False,Clear,False,0.0,False,False,0.476,Moderate,28.9,38.3,191.1,0.152,0.351,0.958,Moderate traffic flow - standard adaptive signal timing in effect
EVT446650,2025-07-15 20:33:12,Political Rally,J009,Majestic,15310,Weekday,False,Clear,False,0.0,False,False,0.645,High,20.2,45.1,350.5,0.217,0.501,0.957,Moderate traffic flow - standard adaptive signal timing in effect
EVT446651,2025-08-19 14:00:26,Sports Fixture,J012,Koramangala Sony World,16722,Weekday,False,Light Rain,True,4.5,False,False,0.401,Moderate,25.1,28.3,181.5,0.14,0.324,0.9,Light rain detected - minor speed reduction advised
EVT446652,2025-11-28 14:35:00,Concert,J012,Koramangala Sony World,13351,Weekday,False,Clear,False,0.0,False,False,0.245,Low,28.6,20.3,131.3,0.101,0.233,0.955,Normal free-flow traffic - standard signal timing maintained
EVT446653,2025-02-05 17:02:57,Sports Fixture,J040,City Market,15985,Weekday,False,Clear,False,0.0,False,False,0.735,High,16.6,52.1,174.5,0.123,0.283,0.977,Moderate traffic flow - standard adaptive signal timing in effect
EVT446654,2026-02-25 07:18:35,Sports Fixture,J023,Basavanagudi,32477,Weekday,False,Clear,False,0.0,False,False,0.724,High,13.2,40.3,385.1,0.166,0.383,0.962,Moderate traffic flow - standard adaptive signal timing in effect
EVT446655,2026-05-09 20:25:10,Local Market Day,J012,Koramangala Sony World,5494,Weekend,False,Clear,False,0.0,False,False,0.586,High,22.9,40.8,280.5,0.214,0.495,0.963,Moderate traffic flow - standard adaptive signal timing in effect
EVT446656,2025-09-27 12:36:56,Sports Fixture,J012,Koramangala Sony World,14325,Weekend,False,Clear,False,0.0,False,False,0.421,Moderate,22.7,30.8,196.2,0.135,0.312,0.959,Moderate traffic flow - standard adaptive signal timing in effect
EVT446657,2026-01-11 01:14:44,Trade Fair,J040,City Market,10339,Weekend,False,Clear,False,0.0,False,False,0.291,Low,25.8,14.1,287.0,0.196,0.453,0.952,Moderate traffic flow - standard adaptive signal timing in effect
EVT446658,2025-10-23 16:50:23,Sports Fixture,J031,Cubbon Road,12520,Weekday,False,Rain,True,11.8,False,False,0.9,Severe,9.4,65.5,596.7,0.232,0.537,0.895,Heavy rain reducing visibility and grip - reduced speed and longer buffer advised
EVT446659,2026-04-06 07:17:53,Concert,J009,Majestic,19265,Weekday,False,Clear,False,0.0,False,False,0.692,High,19.3,53.4,151.8,0.12,0.277,0.931,Moderate traffic flow - standard adaptive signal timing in effect
EVT446660,2025-11-08 19:23:25,Trade Fair,J040,City Market,7030,Weekend,False,Clear,False,0.0,False,False,0.877,Severe,13.9,62.7,459.8,0.233,0.539,0.935,Heavy congestion detected - signal timing extended and reroute suggested
EVT446661,2025-11-29 08:14:45,Local Market Day,J011,Indiranagar 100ft Road,4833,Weekend,False,Clear,False,0.0,False,False,0.775,Severe,16.4,57.1,187.4,0.101,0.232,0.958,Heavy congestion detected - signal timing extended and reroute suggested
EVT446662,2026-05-08 19:30:23,Sports Fixture,J023,Basavanagudi,17363,Weekday,False,Clear,False,0.0,False,False,0.998,Severe,9.4,77.0,637.4,0.247,0.57,0.893,Heavy congestion detected - signal timing extended and reroute suggested
EVT446663,2026-06-07 19:09:17,Local Market Day,J009,Majestic,5229,Weekend,False,Clear,False,0.0,False,False,0.83,Severe,11.8,54.9,548.2,0.236,0.545,0.97,Heavy congestion detected - signal timing extended and reroute suggested
EVT446664,2025-10-29 11:04:11,Local Market Day,J009,Majestic,4527,Weekday,False,Clear,False,0.0,False,False,0.392,Moderate,27.8,23.1,178.1,0.138,0.319,0.966,Moderate traffic flow - standard adaptive signal timing in effect
EVT446665,2026-03-04 15:25:55,Cultural Procession,J009,Majestic,29706,Weekday,True,Clear,False,0.0,False,True,0.779,High,12.4,67.6,396.9,0.185,0.427,0.876,Road closure for event/procession - full detour recommended for through-traffic
EVT446666,2025-10-13 17:59:06,Sports Fixture,J031,Cubbon Road,32729,Weekday,False,Light Rain,True,6.1,False,False,1.0,Severe,8.0,68.0,742.2,0.256,0.592,0.872,Heavy rain reducing visibility and grip - reduced speed and longer buffer advised
EVT446667,2025-04-06 08:13:39,Religious Festival,J030,MG Road,38809,Weekend,True,Clear,False,0.0,False,True,1.0,Severe,5.6,105.3,734.1,0.193,0.445,0.842,Road closure for event/procession - full detour recommended for through-traffic
EVT446668,2025-12-07 07:39:24,Local Market Day,J030,MG Road,5964,Weekend,False,Clear,False,0.0,False,False,0.584,High,24.8,43.2,219.0,0.148,0.343,0.971,Moderate traffic flow - standard adaptive signal timing in effect
EVT446669,2025-06-11 12:35:39,Local Market Day,J040,City Market,2909,Weekday,False,Clear,False,0.0,False,False,0.15,Low,38.8,3.5,132.6,0.138,0.319,0.962,Normal free-flow traffic - standard signal timing maintained
EVT446670,2026-02-14 23:19:37,Political Rally,J040,City Market,23197,Weekend,False,Clear,False,0.0,False,False,0.406,Moderate,30.7,31.0,66.9,0.051,0.119,0.976,Moderate traffic flow - standard adaptive signal timing in effect
EVT446671,2025-08-25 18:54:54,Trade Fair,J012,Koramangala Sony World,8301,Weekday,False,Fog,False,0.0,False,False,1.0,Severe,8.8,72.6,501.7,0.187,0.432,0.924,Heavy congestion detected - signal timing extended and reroute suggested
EVT446672,2026-03-19 17:39:03,Religious Festival,J040,City Market,46528,Weekday,True,Clear,False,0.0,False,False,1.0,Severe,7.7,77.1,773.4,0.238,0.551,0.878,Festival crowd surge detected - alternate route and extended cycle recommended
EVT446673,2026-04-27 15:20:52,Local Market Day,J009,Majestic,4381,Weekday,False,Clear,False,0.0,False,False,0.368,Moderate,29.6,26.2,213.1,0.162,0.375,0.962,Moderate traffic flow - standard adaptive signal timing in effect
EVT446674,2026-02-12 08:12:30,Sports Fixture,J030,MG Road,20267,Weekday,False,Clear,False,0.0,False,False,0.893,Severe,10.2,60.0,698.0,0.267,0.616,0.925,Heavy congestion detected - signal timing extended and reroute suggested
EVT446675,2026-03-14 06:06:38,Local Market Day,J011,Indiranagar 100ft Road,6053,Weekend,False,Clear,False,0.0,False,False,0.337,Low,29.1,23.8,109.5,0.084,0.194,0.934,Moderate traffic flow - standard adaptive signal timing in effect
EVT446676,2026-03-05 11:02:26,Cultural Procession,J040,City Market,10298,Weekday,True,Clear,False,0.0,False,True,0.748,High,17.1,74.2,313.9,0.179,0.414,0.904,Road closure for event/procession - full detour recommended for through-traffic
EVT446677,2025-04-12 17:07:36,Local Market Day,J023,Basavanagudi,4771,Weekend,False,Clear,False,0.0,False,False,0.684,High,20.7,54.3,243.6,0.172,0.397,0.956,Moderate traffic flow - standard adaptive signal timing in effect
EVT446678,2025-09-20 16:36:11,Concert,J012,Koramangala Sony World,13105,Weekend,False,Clear,False,0.0,False,False,0.621,High,17.5,47.8,208.4,0.113,0.262,0.955,Moderate traffic flow - standard adaptive signal timing in effect
EVT446679,2025-05-26 11:09:52,Local Market Day,J009,Majestic,5077,Weekday,False,Clear,False,0.0,False,False,0.381,Moderate,38.3,23.5,103.2,0.108,0.249,0.939,Moderate traffic flow - standard adaptive signal timing in effect
EVT446680,2026-04-17 17:54:07,Sports Fixture,J030,MG Road,21851,Weekday,False,Clear,False,0.0,False,False,1.0,Severe,6.7,75.0,501.8,0.143,0.33,0.905,Heavy congestion detected - signal timing extended and reroute suggested
EVT446681,2026-01-08 12:58:04,Sports Fixture,J009,Majestic,19408,Weekday,False,Clear,False,0.0,False,False,0.253,Low,31.6,20.0,147.6,0.119,0.276,0.963,Moderate traffic flow - standard adaptive signal timing in effect
EVT446682,2026-02-22 05:40:48,Local Market Day,J031,Cubbon Road,5318,Weekend,False,Fog,False,0.0,False,False,0.285,Low,23.5,18.8,216.7,0.143,0.33,0.934,Moderate traffic flow - standard adaptive signal timing in effect
EVT446683,2026-05-16 07:53:15,Local Market Day,J023,Basavanagudi,2017,Weekend,False,Clear,False,0.0,False,False,0.69,High,17.3,47.5,194.2,0.111,0.257,0.987,Moderate traffic flow - standard adaptive signal timing in effect
EVT446684,2025-08-21 08:21:46,Local Market Day,J020,Malleshwaram Circle,3859,Weekday,False,Clear,False,0.0,False,False,0.933,Severe,9.5,65.8,515.5,0.192,0.444,0.952,Heavy congestion detected - signal timing extended and reroute suggested
EVT446685,2026-03-24 08:42:52,Local Market Day,J031,Cubbon Road,5413,Weekday,False,Clear,False,0.0,False,False,1.0,Severe,9.2,72.8,516.6,0.194,0.448,0.914,Heavy congestion detected - signal timing extended and reroute suggested
EVT446686,2025-08-07 08:09:14,Concert,J012,Koramangala Sony World,13310,Weekday,False,Rain,True,21.7,False,False,1.0,Severe,8.4,70.1,498.4,0.178,0.412,0.877,Heavy rain reducing visibility and grip - reduced speed and longer buffer advised
EVT446687,2025-05-14 13:19:59,Local Market Day,J020,Malleshwaram Circle,3326,Weekday,False,Clear,False,0.0,False,False,0.205,Low,39.3,13.0,124.5,0.111,0.257,0.955,Normal free-flow traffic - standard signal timing maintained
EVT446688,2025-02-06 10:51:35,Sports Fixture,J012,Koramangala Sony World,17129,Weekday,False,Clear,False,0.0,False,False,0.585,High,24.6,42.5,191.6,0.133,0.308,0.965,Moderate traffic flow - standard adaptive signal timing in effect
EVT446689,2025-03-19 07:24:53,Trade Fair,J040,City Market,5541,Weekday,False,Clear,False,0.0,False,False,0.557,High,24.5,43.1,195.9,0.135,0.312,0.957,Moderate traffic flow - standard adaptive signal timing in effect
EVT446690,2025-09-16 19:57:42,Local Market Day,J030,MG Road,5790,Weekday,False,Heavy Rain,True,37.1,False,False,1.0,Severe,7.9,71.0,215.2,0.075,0.172,0.845,Heavy rain reducing visibility and grip - reduced speed and longer buffer advised
EVT446691,2026-02-20 07:28:17,Sports Fixture,J031,Cubbon Road,16550,Weekday,False,Light Rain,True,4.6,False,False,0.78,Severe,14.5,57.4,396.0,0.181,0.419,0.908,Heavy rain reducing visibility and grip - reduced speed and longer buffer advised
EVT446692,2026-06-17 18:23:43,Sports Fixture,J040,City Market,22309,Weekday,False,Rain,True,24.9,False,False,1.0,Severe,8.6,74.5,269.8,0.102,0.236,0.85,Heavy rain reducing visibility and grip - reduced speed and longer buffer advised
EVT446693,2025-12-11 16:02:58,Local Market Day,J020,Malleshwaram Circle,2386,Weekday,False,Clear,False,0.0,False,False,0.338,Low,26.9,19.6,165.8,0.139,0.32,0.968,Moderate traffic flow - standard adaptive signal timing in effect
EVT446694,2025-09-18 11:25:06,Concert,J031,Cubbon Road,13833,Weekday,False,Clear,False,0.0,False,False,0.35,Low,25.1,20.6,248.3,0.171,0.395,0.96,Moderate traffic flow - standard adaptive signal timing in effect
EVT446695,2025-08-14 21:27:25,Political Rally,J012,Koramangala Sony World,17776,Weekday,False,Rain,True,7.9,False,False,0.515,Moderate,26.5,34.6,182.7,0.14,0.323,0.918,Light rain detected - minor speed reduction advised
EVT446696,2026-03-06 12:28:17,Sports Fixture,J009,Majestic,21127,Weekday,False,Clear,False,0.0,False,False,0.277,Low,31.5,15.5,99.7,0.084,0.194,0.96,Moderate traffic flow - standard adaptive signal timing in effect
EVT446697,2026-03-29 20:10:36,Sports Fixture,J009,Majestic,29549,Weekend,False,Fog,False,0.0,False,False,0.734,High,18.3,52.0,329.7,0.188,0.434,0.948,Moderate traffic flow - standard adaptive signal timing in effect
EVT446698,2026-06-23 18:32:36,Local Market Day,J009,Majestic,3961,Weekday,False,Clear,False,0.0,False,False,1.0,Severe,9.2,74.1,550.5,0.226,0.522,0.906,Heavy congestion detected - signal timing extended and reroute suggested
EVT446699,2025-12-26 17:56:35,Religious Festival,J012,Koramangala Sony World,37295,Weekday,True,Clear,False,0.0,False,False,1.0,Severe,8.4,65.4,427.8,0.163,0.378,0.865,Festival crowd surge detected - alternate route and extended cycle recommended
EVT446700,2025-05-26 23:53:29,Local Market Day,J040,City Market,1929,Weekday,False,Clear,False,0.0,False,False,0.134,Low,43.0,13.4,112.0,0.113,0.261,0.969,Normal free-flow traffic - standard signal timing maintained
EVT446701,2026-01-18 17:24:21,Concert,J031,Cubbon Road,18025,Weekend,False,Clear,False,0.0,False,False,0.788,Severe,13.4,51.0,385.4,0.177,0.41,0.946,Heavy congestion detected - signal timing extended and reroute suggested
EVT446702,2025-01-27 23:50:14,Religious Festival,J030,MG Road,41319,Weekday,True,Clear,False,0.0,False,False,0.581,High,25.2,39.4,286.6,0.232,0.536,0.901,Festival crowd surge detected - alternate route and extended cycle recommended
EVT446703,2025-03-20 10:02:41,Local Market Day,J012,Koramangala Sony World,3648,Weekday,False,Clear,False,0.0,False,False,0.756,Severe,19.6,50.3,228.2,0.153,0.354,0.948,Heavy congestion detected - signal timing extended and reroute suggested
EVT446704,2025-12-30 07:05:22,Trade Fair,J023,Basavanagudi,5533,Weekday,False,Clear,False,0.0,False,False,0.481,Moderate,29.6,32.7,190.5,0.156,0.36,0.955,Moderate traffic flow - standard adaptive signal timing in effect
EVT446705,2025-09-25 08:49:05,Concert,J012,Koramangala Sony World,7243,Weekday,False,Clear,False,0.0,False,False,1.0,Severe,8.9,76.0,404.1,0.17,0.393,0.892,Heavy congestion detected - signal timing extended and reroute suggested
EVT446706,2025-10-15 15:56:21,Trade Fair,J030,MG Road,8131,Weekday,False,Clear,False,0.0,False,False,0.507,Moderate,21.5,35.9,84.3,0.05,0.115,0.99,Moderate traffic flow - standard adaptive signal timing in effect
EVT446707,2025-01-07 16:00:41,Concert,J030,MG Road,14348,Weekday,False,Clear,False,0.0,False,False,0.475,Moderate,24.9,29.6,188.1,0.143,0.331,0.966,Moderate traffic flow - standard adaptive signal timing in effect
EVT446708,2025-12-02 18:32:49,Sports Fixture,J012,Koramangala Sony World,17436,Weekday,False,Clear,False,0.0,False,False,1.0,Severe,9.4,64.4,424.1,0.167,0.385,0.931,Heavy congestion detected - signal timing extended and reroute suggested
EVT446709,2025-01-13 14:55:38,Sports Fixture,J040,City Market,26051,Weekday,False,Clear,False,0.0,False,False,0.381,Moderate,24.7,26.1,157.7,0.111,0.255,0.939,Moderate traffic flow - standard adaptive signal timing in effect
EVT446710,2025-11-06 13:58:49,Local Market Day,J031,Cubbon Road,2697,Weekday,False,Clear,False,0.0,False,False,0.156,Low,37.5,13.1,60.8,0.049,0.113,0.954,Normal free-flow traffic - standard signal timing maintained
EVT446711,2025-01-17 12:12:04,Political Rally,J020,Malleshwaram Circle,11356,Weekday,False,Clear,False,0.0,False,False,0.251,Low,24.4,19.1,213.3,0.147,0.339,0.978,Moderate traffic flow - standard adaptive signal timing in effect
EVT446712,2025-06-18 16:14:48,Trade Fair,J023,Basavanagudi,10283,Weekday,False,Clear,False,0.0,False,False,0.488,Moderate,29.3,35.6,188.5,0.145,0.334,0.967,Moderate traffic flow - standard adaptive signal timing in effect
EVT446713,2025-03-10 19:50:24,Political Rally,J009,Majestic,15959,Weekday,False,Clear,False,0.0,False,False,0.914,Severe,11.0,64.2,401.6,0.183,0.422,0.952,Heavy congestion detected - signal timing extended and reroute suggested
EVT446714,2025-07-20 16:31:03,Sports Fixture,J031,Cubbon Road,38747,Weekend,False,Heavy Rain,True,78.8,False,False,1.0,Severe,8.6,75.5,419.7,0.158,0.366,0.859,Heavy rain reducing visibility and grip - reduced speed and longer buffer advised
EVT446715,2026-04-17 11:07:24,Local Market Day,J040,City Market,4927,Weekday,False,Clear,False,0.0,False,False,0.338,Low,38.4,21.9,153.0,0.125,0.289,0.982,Moderate traffic flow - standard adaptive signal timing in effect
EVT446716,2025-07-09 17:58:53,Trade Fair,J023,Basavanagudi,12872,Weekday,False,Clear,False,0.0,False,False,1.0,Severe,7.9,68.9,522.0,0.18,0.416,0.916,Heavy congestion detected - signal timing extended and reroute suggested
EVT446717,2025-01-05 08:59:16,Local Market Day,J020,Malleshwaram Circle,5293,Weekend,False,Light Rain,True,3.0,False,False,0.942,Severe,10.0,64.2,511.3,0.193,0.445,0.872,Heavy rain reducing visibility and grip - reduced speed and longer buffer advised
EVT446718,2025-08-26 14:51:27,Sports Fixture,J012,Koramangala Sony World,24500,Weekday,False,Clear,False,0.0,False,False,0.457,Moderate,28.5,37.2,235.2,0.192,0.444,0.97,Moderate traffic flow - standard adaptive signal timing in effect
EVT446719,2025-08-23 07:41:06,Concert,J031,Cubbon Road,10897,Weekend,False,Rain,True,12.4,False,False,0.75,High,17.6,52.3,279.5,0.174,0.401,0.913,Heavy rain reducing visibility and grip - reduced speed and longer buffer advised
EVT446720,2025-02-20 15:13:13,Trade Fair,J009,Majestic,9330,Weekday,False,Clear,False,0.0,False,False,0.239,Low,28.2,16.0,142.1,0.112,0.259,0.965,Normal free-flow traffic - standard signal timing maintained
EVT446721,2026-05-16 08:30:28,Sports Fixture,J030,MG Road,14934,Weekend,False,Clear,False,0.0,False,False,0.858,Severe,12.8,61.3,346.3,0.167,0.385,0.934,Heavy congestion detected - signal timing extended and reroute suggested
EVT446722,2026-05-08 07:02:00,Local Market Day,J020,Malleshwaram Circle,3216,Weekday,False,Rain,True,17.2,False,False,0.67,High,14.4,51.9,335.4,0.159,0.368,0.905,Heavy rain reducing visibility and grip - reduced speed and longer buffer advised
EVT446723,2026-02-28 15:46:38,Trade Fair,J020,Malleshwaram Circle,7823,Weekend,False,Clear,False,0.0,False,False,0.412,Moderate,26.3,34.0,175.4,0.122,0.281,0.943,Moderate traffic flow - standard adaptive signal timing in effect
EVT446724,2025-10-08 09:38:13,Sports Fixture,J030,MG Road,21997,Weekday,False,Clear,False,0.0,False,False,0.985,Severe,10.4,68.8,642.5,0.271,0.626,0.915,Heavy congestion detected - signal timing extended and reroute suggested
EVT446725,2025-07-02 14:51:01,Concert,J020,Malleshwaram Circle,11721,Weekday,False,Rain,True,18.5,False,False,0.484,Moderate,26.8,34.2,160.4,0.132,0.305,0.897,Light rain detected - minor speed reduction advised
EVT446726,2026-03-14 20:57:22,Political Rally,J020,Malleshwaram Circle,12115,Weekend,False,Clear,False,0.0,False,False,0.483,Moderate,19.5,33.9,326.0,0.209,0.483,0.966,Moderate traffic flow - standard adaptive signal timing in effect
EVT446727,2025-01-16 18:19:46,Sports Fixture,J020,Malleshwaram Circle,15015,Weekday,False,Clear,False,0.0,False,False,0.983,Severe,10.2,70.0,409.5,0.173,0.399,0.906,Heavy congestion detected - signal timing extended and reroute suggested
EVT446728,2025-05-11 14:35:20,Sports Fixture,J040,City Market,19412,Weekend,False,Clear,False,0.0,False,False,0.486,Moderate,29.3,34.6,159.2,0.142,0.328,0.976,Moderate traffic flow - standard adaptive signal timing in effect
EVT446729,2025-10-22 15:14:07,Religious Festival,J031,Cubbon Road,78210,Weekday,True,Rain,True,16.6,False,True,1.0,Severe,7.4,102.0,836.9,0.253,0.584,0.801,Road closure for event/procession - full detour recommended for through-traffic
EVT446730,2025-12-29 18:57:57,Political Rally,J023,Basavanagudi,11574,Weekday,False,Clear,False,0.0,False,False,0.929,Severe,11.4,65.2,358.5,0.175,0.404,0.924,Heavy congestion detected - signal timing extended and reroute suggested
EVT446731,2026-02-13 17:59:47,Local Market Day,J020,Malleshwaram Circle,3780,Weekday,False,Clear,False,0.0,False,False,1.0,Severe,9.7,72.2,383.2,0.137,0.317,0.922,Heavy congestion detected - signal timing extended and reroute suggested
EVT446732,2025-08-18 18:48:47,Sports Fixture,J040,City Market,22834,Weekday,False,Clear,False,0.0,False,False,1.0,Severe,9.0,68.1,548.5,0.194,0.449,0.91,Heavy congestion detected - signal timing extended and reroute suggested
EVT446733,2025-01-13 18:19:04,Concert,J009,Majestic,8793,Weekday,False,Fog,False,0.0,False,False,1.0,Severe,7.5,73.3,660.1,0.228,0.526,0.906,Heavy congestion detected - signal timing extended and reroute suggested
EVT446734,2025-01-25 19:13:03,Local Market Day,J011,Indiranagar 100ft Road,3159,Weekend,False,Clear,False,0.0,False,False,0.765,Severe,16.4,56.1,125.1,0.061,0.14,0.967,Heavy congestion detected - signal timing extended and reroute suggested
EVT446735,2025-01-22 09:27:12,Trade Fair,J009,Majestic,13536,Weekday,False,Clear,False,0.0,False,False,1.0,Severe,8.8,75.2,380.1,0.16,0.37,0.91,Heavy congestion detected - signal timing extended and reroute suggested
EVT446736,2026-04-04 17:07:51,Trade Fair,J020,Malleshwaram Circle,6328,Weekend,False,Clear,False,0.0,False,False,0.715,High,14.8,50.0,254.4,0.139,0.321,0.974,Moderate traffic flow - standard adaptive signal timing in effect
EVT446737,2025-03-03 19:17:50,Trade Fair,J012,Koramangala Sony World,11622,Weekday,False,Clear,False,0.0,False,False,1.0,Severe,8.5,62.9,675.9,0.226,0.521,0.91,Heavy congestion detected - signal timing extended and reroute suggested
EVT446738,2026-03-02 14:15:29,Local Market Day,J011,Indiranagar 100ft Road,3386,Weekday,False,Clear,False,0.0,False,False,0.296,Low,37.0,16.7,210.9,0.187,0.431,0.952,Moderate traffic flow - standard adaptive signal timing in effect
EVT446739,2025-11-09 14:00:02,Sports Fixture,J011,Indiranagar 100ft Road,11965,Weekend,False,Clear,False,0.0,False,False,0.266,Low,37.7,21.7,172.3,0.168,0.389,0.988,Moderate traffic flow - standard adaptive signal timing in effect
EVT446740,2025-03-12 22:00:06,Concert,J040,City Market,17208,Weekday,False,Clear,False,0.0,False,False,0.311,Low,36.8,23.3,85.6,0.081,0.187,0.99,Moderate traffic flow - standard adaptive signal timing in effect
EVT446741,2025-02-11 10:12:42,Trade Fair,J040,City Market,9194,Weekday,False,Clear,False,0.0,False,False,0.745,High,13.7,57.4,413.2,0.184,0.425,0.964,Moderate traffic flow - standard adaptive signal timing in effect
EVT446742,2026-04-04 16:40:22,Local Market Day,J009,Majestic,4571,Weekend,False,Light Rain,True,2.6,False,False,0.73,High,14.9,52.4,301.7,0.157,0.363,0.921,Heavy rain reducing visibility and grip - reduced speed and longer buffer advised
EVT446743,2025-03-03 08:06:58,Sports Fixture,J040,City Market,25298,Weekday,False,Clear,False,0.0,False,False,0.948,Severe,12.4,72.5,426.1,0.193,0.446,0.928,Heavy congestion detected - signal timing extended and reroute suggested
EVT446744,2025-05-09 20:03:49,Local Market Day,J009,Majestic,7736,Weekday,False,Clear,False,0.0,False,False,0.747,High,18.7,60.3,240.8,0.155,0.359,0.981,Moderate traffic flow - standard adaptive signal timing in effect
EVT446745,2026-02-14 08:24:53,Political Rally,J009,Majestic,11632,Weekend,False,Clear,False,0.0,False,False,0.779,Severe,14.1,55.4,279.4,0.117,0.27,0.99,Heavy congestion detected - signal timing extended and reroute suggested
EVT446746,2026-01-10 16:02:33,Political Rally,J023,Basavanagudi,15027,Weekend,False,Light Rain,True,1.6,False,False,0.563,High,21.2,39.6,258.5,0.194,0.448,0.912,Heavy rain reducing visibility and grip - reduced speed and longer buffer advised
EVT446747,2025-01-02 17:42:40,Concert,J009,Majestic,18919,Weekday,False,Clear,False,0.0,False,False,0.988,Severe,9.4,71.3,717.1,0.277,0.64,0.904,Heavy congestion detected - signal timing extended and reroute suggested
EVT446748,2026-05-25 08:10:13,Concert,J012,Koramangala Sony World,6547,Weekday,False,Rain,True,22.6,False,False,1.0,Severe,8.3,68.0,921.9,0.319,0.737,0.885,Heavy rain reducing visibility and grip - reduced speed and longer buffer advised
EVT446749,2025-07-30 15:51:35,Sports Fixture,J040,City Market,16534,Weekday,False,Clear,False,0.0,False,False,0.554,High,26.8,45.5,213.1,0.158,0.366,0.978,Moderate traffic flow - standard adaptive signal timing in effect
EVT446750,2025-09-30 15:03:23,Trade Fair,J009,Majestic,9216,Weekday,False,Clear,False,0.0,False,False,0.289,Low,27.1,21.0,210.2,0.133,0.307,0.954,Moderate traffic flow - standard adaptive signal timing in effect
EVT446751,2025-04-26 17:59:12,Sports Fixture,J011,Indiranagar 100ft Road,20919,Weekend,False,Clear,False,0.0,False,False,0.961,Severe,8.2,62.3,795.2,0.258,0.596,0.896,Heavy congestion detected - signal timing extended and reroute suggested
EVT446752,2025-07-20 19:50:46,Local Market Day,J020,Malleshwaram Circle,5508,Weekend,False,Light Rain,True,5.8,False,False,0.8,Severe,13.7,56.6,644.4,0.316,0.73,0.921,Heavy rain reducing visibility and grip - reduced speed and longer buffer advised
EVT446753,2026-01-02 09:55:38,Fireworks Display,J031,Cubbon Road,19973,Weekday,True,Clear,False,0.0,False,False,1.0,Severe,6.6,66.0,842.2,0.215,0.498,0.864,Festival crowd surge detected - alternate route and extended cycle recommended
EVT446754,2026-03-19 08:59:54,Religious Festival,J020,Malleshwaram Circle,40251,Weekday,True,Clear,False,0.0,False,True,1.0,Severe,9.2,105.1,310.3,0.138,0.319,0.816,Road closure for event/procession - full detour recommended for through-traffic
EVT446755,2026-04-29 16:58:54,Trade Fair,J031,Cubbon Road,10810,Weekday,False,Clear,False,0.0,False,False,0.714,High,19.4,50.3,316.0,0.182,0.421,0.971,Moderate traffic flow - standard adaptive signal timing in effect
EVT446756,2025-02-06 16:58:46,Concert,J011,Indiranagar 100ft Road,6592,Weekday,False,Light Rain,True,3.1,False,False,0.864,Severe,13.4,67.0,150.8,0.083,0.192,0.914,Heavy rain reducing visibility and grip - reduced speed and longer buffer advised
EVT446757,2025-09-24 18:21:31,Sports Fixture,J030,MG Road,31970,Weekday,False,Clear,False,0.0,False,False,1.0,Severe,9.3,74.9,485.0,0.187,0.433,0.889,Heavy congestion detected - signal timing extended and reroute suggested
EVT446758,2026-06-12 12:43:07,Local Market Day,J012,Koramangala Sony World,5381,Weekday,False,Clear,False,0.0,False,False,0.277,Low,34.4,15.3,157.5,0.145,0.335,0.983,Moderate traffic flow - standard adaptive signal timing in effect
EVT446759,2026-05-03 15:01:51,Local Market Day,J011,Indiranagar 100ft Road,2550,Weekend,False,Clear,False,0.0,False,False,0.269,Low,38.4,15.7,112.8,0.12,0.278,0.941,Moderate traffic flow - standard adaptive signal timing in effect
EVT446760,2026-04-19 12:27:34,Concert,J030,MG Road,12894,Weekend,False,Rain,True,17.7,False,False,0.516,Moderate,21.3,39.9,192.1,0.115,0.265,0.916,Light rain detected - minor speed reduction advised
EVT446761,2026-02-05 19:09:18,Sports Fixture,J011,Indiranagar 100ft Road,12740,Weekday,False,Clear,False,0.0,False,False,0.983,Severe,7.9,75.8,618.9,0.181,0.418,0.91,Heavy congestion detected - signal timing extended and reroute suggested
EVT446762,2025-09-29 12:57:41,Local Market Day,J030,MG Road,4130,Weekday,False,Rain,True,7.7,False,False,0.331,Low,26.7,18.0,167.6,0.129,0.298,0.932,Light rain detected - minor speed reduction advised
EVT446763,2026-04-25 16:50:18,Local Market Day,J023,Basavanagudi,7073,Weekend,False,Clear,False,0.0,False,False,0.669,High,15.9,48.9,378.9,0.201,0.464,0.962,Moderate traffic flow - standard adaptive signal timing in effect
EVT446764,2025-12-31 17:12:04,Concert,J011,Indiranagar 100ft Road,8416,Weekday,False,Clear,False,0.0,False,False,0.826,Severe,15.5,59.2,361.6,0.213,0.492,0.947,Heavy congestion detected - signal timing extended and reroute suggested
EVT446765,2025-09-02 08:05:32,Sports Fixture,J023,Basavanagudi,14861,Weekday,False,Heavy Rain,True,28.4,False,False,1.0,Severe,9.0,69.3,498.7,0.184,0.425,0.864,Heavy rain reducing visibility and grip - reduced speed and longer buffer advised
EVT446766,2025-09-02 10:12:27,Political Rally,J011,Indiranagar 100ft Road,25065,Weekday,False,Clear,False,0.0,False,False,0.908,Severe,12.1,72.6,473.1,0.2,0.462,0.935,Heavy congestion detected - signal timing extended and reroute suggested
EVT446767,2026-05-09 12:00:28,Concert,J030,MG Road,9431,Weekend,False,Clear,False,0.0,False,False,0.26,Low,37.6,24.3,88.8,0.079,0.182,0.977,Moderate traffic flow - standard adaptive signal timing in effect
EVT446768,2026-05-12 07:48:01,Local Market Day,J031,Cubbon Road,2592,Weekday,False,Rain,True,21.2,False,False,0.887,Severe,11.4,56.6,543.4,0.22,0.508,0.864,Heavy rain reducing visibility and grip - reduced speed and longer buffer advised
EVT446769,2026-05-17 08:58:15,Sports Fixture,J031,Cubbon Road,19574,Weekend,False,Rain,True,22.1,False,False,1.0,Severe,7.8,72.9,707.0,0.22,0.507,0.864,Heavy rain reducing visibility and grip - reduced speed and longer buffer advised
EVT446770,2025-11-28 17:45:23,Local Market Day,J009,Majestic,2134,Weekday,False,Clear,False,0.0,False,False,0.847,Severe,15.4,59.1,297.6,0.159,0.368,0.93,Heavy congestion detected - signal timing extended and reroute suggested
EVT446771,2026-05-02 11:37:16,Religious Festival,J023,Basavanagudi,65059,Weekend,True,Light Rain,True,3.0,False,False,0.99,Severe,9.3,69.5,494.2,0.176,0.407,0.8,Festival crowd surge detected - alternate route and extended cycle recommended
EVT446772,2026-03-22 18:58:19,Local Market Day,J009,Majestic,7209,Weekend,False,Clear,False,0.0,False,False,0.895,Severe,15.3,63.3,323.1,0.174,0.403,0.913,Heavy congestion detected - signal timing extended and reroute suggested
EVT446773,2025-09-13 16:10:52,Concert,J040,City Market,10802,Weekend,False,Fog,False,0.0,False,False,0.482,Moderate,25.2,31.6,135.6,0.102,0.235,0.963,Moderate traffic flow - standard adaptive signal timing in effect
EVT446774,2026-02-21 23:26:55,Sports Fixture,J040,City Market,27821,Weekend,False,Clear,False,0.0,False,False,0.408,Moderate,25.6,24.5,251.2,0.176,0.406,0.948,Moderate traffic flow - standard adaptive signal timing in effect
EVT446775,2026-04-02 08:08:36,Concert,J012,Koramangala Sony World,7307,Weekday,False,Clear,False,0.0,False,False,0.87,Severe,11.6,59.8,485.6,0.208,0.48,0.914,Heavy congestion detected - signal timing extended and reroute suggested
EVT446776,2025-01-21 16:48:29,Local Market Day,J030,MG Road,6052,Weekday,False,Clear,False,0.0,False,False,0.733,High,16.8,50.8,132.1,0.08,0.184,0.932,Moderate traffic flow - standard adaptive signal timing in effect
EVT446777,2025-11-17 08:45:06,Sports Fixture,J031,Cubbon Road,12769,Weekday,False,Clear,False,0.0,False,False,1.0,Severe,8.9,74.9,639.2,0.23,0.531,0.889,Heavy congestion detected - signal timing extended and reroute suggested
EVT446778,2025-08-05 12:28:59,Local Market Day,J020,Malleshwaram Circle,4572,Weekday,False,Heavy Rain,True,36.4,False,False,0.543,Moderate,21.2,41.9,246.9,0.168,0.389,0.919,Light rain detected - minor speed reduction advised
EVT446779,2026-02-08 12:53:22,Concert,J012,Koramangala Sony World,14725,Weekend,False,Clear,False,0.0,False,False,0.279,Low,27.0,24.3,193.6,0.145,0.335,0.973,Moderate traffic flow - standard adaptive signal timing in effect
EVT446780,2026-01-01 07:19:37,Religious Festival,J040,City Market,79153,Weekday,True,Clear,False,0.0,False,False,1.0,Severe,7.2,72.9,576.9,0.177,0.409,0.836,Festival crowd surge detected - alternate route and extended cycle recommended
EVT446781,2026-04-09 16:02:13,Trade Fair,J020,Malleshwaram Circle,13909,Weekday,False,Rain,True,22.5,False,False,0.655,High,23.9,45.3,195.3,0.152,0.351,0.914,Heavy rain reducing visibility and grip - reduced speed and longer buffer advised
EVT446782,2025-09-23 20:59:43,Trade Fair,J011,Indiranagar 100ft Road,14349,Weekday,False,Heavy Rain,True,53.4,False,False,0.821,Severe,12.8,67.6,443.9,0.218,0.503,0.892,Heavy rain reducing visibility and grip - reduced speed and longer buffer advised
EVT446783,2025-01-27 13:19:25,Religious Festival,J031,Cubbon Road,62447,Weekday,True,Clear,False,0.0,False,True,0.941,Severe,12.2,94.7,308.5,0.148,0.342,0.832,Road closure for event/procession - full detour recommended for through-traffic
EVT446784,2026-05-02 10:25:25,Cultural Procession,J031,Cubbon Road,9430,Weekend,True,Light Rain,True,5.1,False,True,1.0,Severe,9.2,93.2,231.2,0.089,0.205,0.764,Road closure for event/procession - full detour recommended for through-traffic
EVT446785,2026-04-01 16:33:34,Local Market Day,J009,Majestic,2777,Weekday,False,Clear,False,0.0,False,False,0.46,Moderate,22.2,34.4,236.7,0.172,0.396,0.971,Moderate traffic flow - standard adaptive signal timing in effect
EVT446786,2025-06-14 20:47:27,Sports Fixture,J040,City Market,38750,Weekend,False,Clear,False,0.0,False,False,0.701,High,16.5,55.1,360.9,0.188,0.435,0.953,Moderate traffic flow - standard adaptive signal timing in effect
EVT446787,2025-09-25 17:34:20,Sports Fixture,J031,Cubbon Road,25068,Weekday,False,Rain,True,16.4,False,False,1.0,Severe,7.8,73.3,567.6,0.171,0.395,0.868,Heavy rain reducing visibility and grip - reduced speed and longer buffer advised
EVT446788,2025-08-30 19:12:18,Local Market Day,J031,Cubbon Road,4909,Weekend,False,Heavy Rain,True,27.8,False,False,1.0,Severe,7.5,70.6,602.6,0.212,0.489,0.872,Heavy rain reducing visibility and grip - reduced speed and longer buffer advised
EVT446789,2025-05-21 10:16:45,Sports Fixture,J020,Malleshwaram Circle,16127,Weekday,False,Clear,False,0.0,False,False,0.784,Severe,17.5,56.3,304.3,0.175,0.405,0.936,Heavy congestion detected - signal timing extended and reroute suggested
EVT446790,2026-01-03 09:47:26,Local Market Day,J020,Malleshwaram Circle,5977,Weekend,False,Clear,False,0.0,False,False,0.774,Severe,13.5,52.6,301.8,0.147,0.339,0.943,Heavy congestion detected - signal timing extended and reroute suggested
EVT446791,2025-09-18 14:30:02,Sports Fixture,J030,MG Road,18818,Weekday,False,Clear,False,0.0,False,False,0.309,Low,29.8,18.6,197.9,0.169,0.39,0.966,Moderate traffic flow - standard adaptive signal timing in effect
EVT446792,2025-07-28 18:11:18,Political Rally,J030,MG Road,18537,Weekday,False,Clear,False,0.0,False,False,1.0,Severe,8.8,69.3,760.4,0.263,0.609,0.932,Heavy congestion detected - signal timing extended and reroute suggested
EVT446793,2025-11-25 17:18:16,Trade Fair,J011,Indiranagar 100ft Road,4242,Weekday,False,Clear,False,0.0,False,False,0.873,Severe,12.9,63.8,486.7,0.226,0.523,0.941,Heavy congestion detected - signal timing extended and reroute suggested
EVT446794,2025-09-18 14:26:59,Sports Fixture,J023,Basavanagudi,27734,Weekday,False,Clear,False,0.0,False,False,0.351,Moderate,28.7,32.4,151.3,0.117,0.27,0.977,Moderate traffic flow - standard adaptive signal timing in effect
EVT446795,2026-05-16 10:58:25,Trade Fair,J030,MG Road,8907,Weekend,False,Clear,False,0.0,False,False,0.503,Moderate,20.0,39.4,273.9,0.174,0.401,0.97,Moderate traffic flow - standard adaptive signal timing in effect
EVT446796,2026-06-18 19:04:13,Concert,J012,Koramangala Sony World,10423,Weekday,False,Heavy Rain,True,46.1,False,False,1.0,Severe,8.0,67.2,189.6,0.078,0.18,0.855,Heavy rain reducing visibility and grip - reduced speed and longer buffer advised
EVT446797,2026-05-12 11:38:54,Political Rally,J012,Koramangala Sony World,11930,Weekday,False,Clear,False,0.0,False,False,0.321,Low,31.4,25.4,200.9,0.157,0.363,0.953,Moderate traffic flow - standard adaptive signal timing in effect
EVT446798,2025-12-13 16:47:35,Sports Fixture,J020,Malleshwaram Circle,28936,Weekend,False,Clear,False,0.0,False,False,0.764,Severe,18.9,54.3,453.1,0.286,0.66,0.966,Heavy congestion detected - signal timing extended and reroute suggested
EVT446799,2025-01-14 18:29:24,Fireworks Display,J023,Basavanagudi,26416,Weekday,True,Clear,False,0.0,False,False,1.0,Severe,8.5,68.7,708.7,0.248,0.572,0.875,Festival crowd surge detected - alternate route and extended cycle recommended
EVT446800,2026-04-04 18:26:46,Trade Fair,J012,Koramangala Sony World,13165,Weekend,False,Clear,False,0.0,False,False,0.869,Severe,14.8,57.9,244.5,0.121,0.278,0.921,Heavy congestion detected - signal timing extended and reroute suggested
EVT446801,2025-10-21 21:44:43,Religious Festival,J009,Majestic,48826,Weekday,True,Clear,False,0.0,False,True,0.963,Severe,10.4,93.3,382.9,0.162,0.375,0.855,Road closure for event/procession - full detour recommended for through-traffic
EVT446802,2025-01-20 10:30:11,Local Market Day,J023,Basavanagudi,4985,Weekday,False,Clear,False,0.0,False,False,0.616,High,23.4,40.6,276.9,0.203,0.469,0.971,Moderate traffic flow - standard adaptive signal timing in effect
EVT446803,2025-02-16 08:28:13,Trade Fair,J012,Koramangala Sony World,7257,Weekend,False,Clear,False,0.0,False,False,0.831,Severe,11.9,53.0,339.6,0.159,0.367,0.93,Heavy congestion detected - signal timing extended and reroute suggested
EVT446804,2025-02-26 11:56:22,Local Market Day,J012,Koramangala Sony World,5365,Weekday,False,Clear,False,0.0,False,False,0.337,Low,32.5,26.6,165.0,0.145,0.335,0.957,Moderate traffic flow - standard adaptive signal timing in effect
EVT446805,2026-03-12 19:10:28,Sports Fixture,J040,City Market,13861,Weekday,False,Clear,False,0.0,False,False,1.0,Severe,8.3,72.6,669.5,0.218,0.504,0.93,Heavy congestion detected - signal timing extended and reroute suggested
EVT446806,2026-02-10 14:56:54,Sports Fixture,J030,MG Road,18189,Weekday,False,Clear,False,0.0,False,False,0.317,Low,32.9,12.3,154.4,0.14,0.324,0.982,Moderate traffic flow - standard adaptive signal timing in effect
EVT446807,2025-07-01 08:44:53,Local Market Day,J020,Malleshwaram Circle,4107,Weekday,False,Rain,True,21.3,False,False,1.0,Severe,8.4,74.6,512.6,0.188,0.433,0.882,Heavy rain reducing visibility and grip - reduced speed and longer buffer advised
EVT446808,2025-07-20 08:03:15,Local Market Day,J023,Basavanagudi,2247,Weekend,False,Clear,False,0.0,False,False,0.661,High,20.8,50.4,253.4,0.165,0.38,0.971,Moderate traffic flow - standard adaptive signal timing in effect
EVT446809,2025-07-27 16:13:25,Trade Fair,J009,Majestic,13717,Weekend,False,Clear,False,0.0,False,False,0.484,Moderate,19.4,30.2,84.2,0.061,0.14,0.965,Moderate traffic flow - standard adaptive signal timing in effect
EVT446810,2026-01-06 10:00:46,Sports Fixture,J012,Koramangala Sony World,40850,Weekday,False,Clear,False,0.0,False,False,1.0,Severe,10.7,74.4,419.0,0.191,0.442,0.921,Heavy congestion detected - signal timing extended and reroute suggested
EVT446811,2025-10-17 11:01:55,Sports Fixture,J011,Indiranagar 100ft Road,22888,Weekday,False,Clear,False,0.0,False,False,0.56,High,19.9,39.9,162.0,0.109,0.251,0.978,Moderate traffic flow - standard adaptive signal timing in effect
EVT446812,2026-01-22 17:40:27,Concert,J031,Cubbon Road,11100,Weekday,False,Clear,False,0.0,False,False,0.947,Severe,11.2,60.9,518.5,0.217,0.501,0.956,Heavy congestion detected - signal timing extended and reroute suggested
EVT446813,2025-01-20 19:12:15,Concert,J020,Malleshwaram Circle,4431,Weekday,False,Clear,False,0.0,False,False,1.0,Severe,6.5,70.3,528.6,0.132,0.305,0.908,Heavy congestion detected - signal timing extended and reroute suggested
EVT446814,2025-02-09 18:56:20,Local Market Day,J023,Basavanagudi,2958,Weekend,False,Clear,False,0.0,False,False,0.877,Severe,12.3,63.1,314.7,0.141,0.325,0.949,Heavy congestion detected - signal timing extended and reroute suggested
EVT446815,2025-11-26 14:47:09,Local Market Day,J012,Koramangala Sony World,4349,Weekday,False,Clear,False,0.0,False,False,0.212,Low,36.2,16.7,127.0,0.126,0.291,0.94,Normal free-flow traffic - standard signal timing maintained
EVT446816,2025-03-15 14:25:44,Religious Festival,J020,Malleshwaram Circle,43105,Weekend,True,Clear,False,0.0,False,False,0.703,High,20.0,49.5,382.0,0.283,0.653,0.918,Festival crowd surge detected - alternate route and extended cycle recommended
EVT446817,2025-01-21 11:02:15,Local Market Day,J009,Majestic,3220,Weekday,False,Clear,False,0.0,False,False,0.393,Moderate,28.3,27.7,92.0,0.059,0.137,0.955,Moderate traffic flow - standard adaptive signal timing in effect
EVT446818,2026-03-23 08:28:26,Sports Fixture,J011,Indiranagar 100ft Road,20617,Weekday,False,Clear,False,0.0,False,False,1.0,Severe,8.8,70.6,388.8,0.156,0.359,0.937,Heavy congestion detected - signal timing extended and reroute suggested
EVT446819,2026-02-27 15:52:27,Local Market Day,J030,MG Road,3145,Weekday,False,Clear,False,0.0,False,False,0.382,Moderate,34.0,32.5,105.6,0.097,0.223,0.986,Moderate traffic flow - standard adaptive signal timing in effect
EVT446820,2025-06-09 08:03:56,Local Market Day,J023,Basavanagudi,2693,Weekday,False,Rain,True,11.6,False,False,1.0,Severe,10.5,68.5,519.1,0.213,0.491,0.843,Heavy rain reducing visibility and grip - reduced speed and longer buffer advised
EVT446821,2026-03-14 07:22:07,Sports Fixture,J012,Koramangala Sony World,15580,Weekend,False,Clear,False,0.0,False,False,0.672,High,17.0,47.0,251.6,0.154,0.355,0.969,Moderate traffic flow - standard adaptive signal timing in effect
EVT446822,2025-11-28 15:43:33,Trade Fair,J023,Basavanagudi,9403,Weekday,False,Light Rain,True,1.7,False,False,0.41,Moderate,28.4,35.4,191.9,0.155,0.358,0.947,Light rain detected - minor speed reduction advised
EVT446823,2025-06-25 09:14:26,Concert,J012,Koramangala Sony World,21452,Weekday,False,Clear,False,0.0,False,False,1.0,Severe,7.2,75.8,704.4,0.232,0.536,0.936,Heavy congestion detected - signal timing extended and reroute suggested
EVT446824,2025-12-13 17:10:41,Local Market Day,J031,Cubbon Road,3784,Weekend,False,Clear,False,0.0,False,False,0.658,High,17.9,45.1,342.1,0.179,0.413,0.965,Moderate traffic flow - standard adaptive signal timing in effect
EVT446825,2025-04-30 15:39:05,Trade Fair,J030,MG Road,9757,Weekday,False,Clear,False,0.0,False,False,0.431,Moderate,30.7,29.1,150.4,0.135,0.311,0.968,Moderate traffic flow - standard adaptive signal timing in effect
EVT446826,2026-04-03 18:03:41,Trade Fair,J040,City Market,6698,Weekday,False,Clear,False,0.0,False,False,1.0,Severe,6.7,80.2,703.9,0.222,0.512,0.929,Heavy congestion detected - signal timing extended and reroute suggested
EVT446827,2025-02-01 14:47:15,Concert,J030,MG Road,14829,Weekend,False,Clear,False,0.0,False,False,0.327,Low,26.1,30.5,279.5,0.215,0.498,0.945,Moderate traffic flow - standard adaptive signal timing in effect
EVT446828,2026-01-08 07:00:57,Local Market Day,J023,Basavanagudi,3518,Weekday,False,Clear,False,0.0,False,False,0.467,Moderate,25.8,34.1,230.3,0.159,0.368,0.976,Moderate traffic flow - standard adaptive signal timing in effect
EVT446829,2026-02-15 05:47:48,Sports Fixture,J020,Malleshwaram Circle,18032,Weekend,False,Clear,False,0.0,False,False,0.424,Moderate,30.1,35.0,224.9,0.184,0.424,0.979,Moderate traffic flow - standard adaptive signal timing in effect
EVT446830,2025-01-11 10:35:56,Concert,J031,Cubbon Road,12783,Weekend,False,Fog,False,0.0,False,False,0.597,High,28.8,38.3,154.8,0.142,0.327,0.953,Moderate traffic flow - standard adaptive signal timing in effect
EVT446831,2026-04-22 17:55:21,Local Market Day,J009,Majestic,7062,Weekday,False,Fog,False,0.0,False,False,0.92,Severe,10.5,59.4,498.2,0.168,0.388,0.917,Heavy congestion detected - signal timing extended and reroute suggested
EVT446832,2025-09-16 18:26:46,Concert,J040,City Market,10924,Weekday,False,Rain,True,19.0,False,False,1.0,Severe,8.5,68.9,533.9,0.177,0.408,0.872,Heavy rain reducing visibility and grip - reduced speed and longer buffer advised
EVT446833,2026-01-06 20:16:16,Trade Fair,J030,MG Road,15734,Weekday,False,Clear,False,0.0,False,False,0.743,High,18.7,53.9,280.8,0.191,0.441,0.938,Moderate traffic flow - standard adaptive signal timing in effect
EVT446834,2025-08-12 17:01:32,Concert,J031,Cubbon Road,10509,Weekday,False,Clear,False,0.0,False,False,0.768,Severe,21.8,61.5,255.5,0.179,0.412,0.976,Heavy congestion detected - signal timing extended and reroute suggested
EVT446835,2025-03-14 17:30:25,Cultural Procession,J040,City Market,9484,Weekday,True,Clear,False,0.0,False,True,1.0,Severe,7.9,107.7,826.6,0.282,0.652,0.82,Road closure for event/procession - full detour recommended for through-traffic
EVT446836,2026-03-26 20:00:08,Religious Festival,J011,Indiranagar 100ft Road,76281,Weekday,True,Clear,False,0.0,False,True,1.0,Severe,10.3,98.1,586.8,0.229,0.529,0.826,Road closure for event/procession - full detour recommended for through-traffic
EVT446837,2025-05-04 18:28:51,Trade Fair,J030,MG Road,7763,Weekend,False,Clear,False,0.0,False,False,0.856,Severe,11.1,63.7,404.6,0.169,0.391,0.932,Heavy congestion detected - signal timing extended and reroute suggested
EVT446838,2025-05-11 18:24:15,Sports Fixture,J020,Malleshwaram Circle,21938,Weekend,False,Clear,False,0.0,False,False,0.965,Severe,9.5,67.1,562.6,0.207,0.478,0.928,Heavy congestion detected - signal timing extended and reroute suggested
EVT446839,2025-06-01 19:24:30,Political Rally,J012,Koramangala Sony World,8916,Weekend,False,Clear,False,0.0,False,False,0.78,Severe,13.1,49.0,513.8,0.223,0.514,0.961,Heavy congestion detected - signal timing extended and reroute suggested
EVT446840,2026-04-07 18:38:20,Sports Fixture,J030,MG Road,10915,Weekday,False,Clear,False,0.0,False,False,1.0,Severe,8.3,73.9,519.1,0.181,0.417,0.931,Heavy congestion detected - signal timing extended and reroute suggested
EVT446841,2025-11-15 15:30:41,Local Market Day,J020,Malleshwaram Circle,3837,Weekend,False,Light Rain,True,5.2,False,False,0.473,Moderate,23.5,39.5,175.7,0.113,0.26,0.93,Light rain detected - minor speed reduction advised
EVT446842,2025-05-10 17:23:49,Trade Fair,J011,Indiranagar 100ft Road,6781,Weekend,False,Clear,False,0.0,False,False,0.767,Severe,14.0,60.1,303.7,0.163,0.377,0.965,Heavy congestion detected - signal timing extended and reroute suggested
EVT446843,2025-07-21 21:20:40,Local Market Day,J011,Indiranagar 100ft Road,3756,Weekday,False,Light Rain,True,2.9,False,False,0.351,Moderate,24.2,23.6,73.7,0.047,0.108,0.901,Light rain detected - minor speed reduction advised
EVT446844,2026-01-29 19:38:53,Political Rally,J023,Basavanagudi,13563,Weekday,False,Clear,False,0.0,False,False,0.954,Severe,10.3,68.6,511.8,0.2,0.462,0.909,Heavy congestion detected - signal timing extended and reroute suggested
EVT446845,2026-02-02 09:08:53,Trade Fair,J011,Indiranagar 100ft Road,12653,Weekday,False,Light Rain,True,2.6,False,False,1.0,Severe,9.1,74.7,450.0,0.192,0.445,0.88,Heavy rain reducing visibility and grip - reduced speed and longer buffer advised
EVT446846,2026-05-11 14:17:49,Political Rally,J009,Majestic,12429,Weekday,False,Clear,False,0.0,True,False,0.644,High,23.5,45.6,233.3,0.192,0.443,0.794,Accident detected nearby - reroute and reduced speed advised
EVT446847,2025-07-03 09:17:49,Trade Fair,J012,Koramangala Sony World,11637,Weekday,False,Clear,False,0.0,False,False,1.0,Severe,7.5,73.6,687.4,0.211,0.487,0.91,Heavy congestion detected - signal timing extended and reroute suggested
EVT446848,2025-08-02 00:00:34,Trade Fair,J031,Cubbon Road,6490,Weekend,False,Heavy Rain,True,27.9,False,False,0.435,Moderate,25.9,36.3,87.6,0.075,0.174,0.928,Light rain detected - minor speed reduction advised
EVT446849,2026-03-16 08:14:17,Sports Fixture,J012,Koramangala Sony World,23823,Weekday,False,Clear,False,0.0,False,False,1.0,Severe,8.3,68.6,543.5,0.209,0.482,0.901,Heavy congestion detected - signal timing extended and reroute suggested
EVT446850,2025-05-30 20:30:26,Sports Fixture,J020,Malleshwaram Circle,13122,Weekday,False,Fog,False,0.0,False,False,0.542,Moderate,22.2,36.6,183.3,0.101,0.233,0.947,Moderate traffic flow - standard adaptive signal timing in effect
EVT446851,2025-12-04 21:41:49,Political Rally,J009,Majestic,10641,Weekday,False,Clear,False,0.0,False,False,0.351,Moderate,29.8,27.8,169.3,0.136,0.315,0.968,Moderate traffic flow - standard adaptive signal timing in effect
EVT446852,2025-08-29 19:33:41,Sports Fixture,J011,Indiranagar 100ft Road,33409,Weekday,False,Rain,True,10.5,False,False,1.0,Severe,8.9,75.6,507.7,0.191,0.44,0.847,Heavy rain reducing visibility and grip - reduced speed and longer buffer advised
EVT446853,2025-03-12 15:10:08,Concert,J040,City Market,13130,Weekday,False,Fog,False,0.0,False,False,0.288,Low,30.7,23.8,118.1,0.103,0.237,0.949,Moderate traffic flow - standard adaptive signal timing in effect
EVT446854,2026-02-26 16:14:12,Sports Fixture,J012,Koramangala Sony World,37311,Weekday,False,Clear,False,0.0,False,False,0.662,High,17.5,56.0,191.4,0.117,0.271,0.974,Moderate traffic flow - standard adaptive signal timing in effect
EVT446855,2025-04-24 18:56:42,Local Market Day,J020,Malleshwaram Circle,5902,Weekday,False,Clear,False,0.0,False,False,1.0,Severe,11.2,71.7,454.8,0.199,0.461,0.916,Heavy congestion detected - signal timing extended and reroute suggested
EVT446856,2025-05-21 19:34:05,Sports Fixture,J023,Basavanagudi,20757,Weekday,False,Clear,False,0.0,False,False,0.942,Severe,10.5,68.9,562.9,0.236,0.546,0.903,Heavy congestion detected - signal timing extended and reroute suggested
EVT446857,2026-06-24 16:28:55,Local Market Day,J009,Majestic,5062,Weekday,False,Clear,False,0.0,False,False,0.516,Moderate,27.3,36.5,166.6,0.149,0.344,0.975,Moderate traffic flow - standard adaptive signal timing in effect
EVT446858,2025-02-10 07:30:03,Trade Fair,J030,MG Road,18231,Weekday,False,Clear,False,0.0,False,False,0.791,Severe,13.0,58.3,247.9,0.142,0.329,0.931,Heavy congestion detected - signal timing extended and reroute suggested
EVT446859,2025-06-05 18:26:38,Political Rally,J031,Cubbon Road,13899,Weekday,False,Clear,False,0.0,False,False,1.0,Severe,8.4,68.0,825.2,0.283,0.653,0.913,Heavy congestion detected - signal timing extended and reroute suggested
EVT446860,2025-06-22 13:00:54,Local Market Day,J009,Majestic,4528,Weekend,False,Light Rain,True,5.6,False,False,0.375,Moderate,29.0,26.7,146.8,0.122,0.281,0.906,Light rain detected - minor speed reduction advised
EVT446861,2025-08-10 13:23:44,Sports Fixture,J012,Koramangala Sony World,24599,Weekend,False,Fog,False,0.0,False,False,0.35,Low,25.9,25.6,149.8,0.115,0.266,0.979,Moderate traffic flow - standard adaptive signal timing in effect
EVT446862,2025-05-03 10:09:27,Concert,J023,Basavanagudi,14383,Weekend,False,Clear,False,0.0,False,False,0.764,Severe,16.5,51.4,466.9,0.257,0.593,0.97,Heavy congestion detected - signal timing extended and reroute suggested
EVT446863,2025-11-14 22:21:39,Local Market Day,J012,Koramangala Sony World,3626,Weekday,False,Clear,False,0.0,False,False,0.295,Low,34.6,20.2,139.2,0.122,0.281,0.966,Moderate traffic flow - standard adaptive signal timing in effect
EVT446864,2025-08-07 19:13:30,Political Rally,J012,Koramangala Sony World,15115,Weekday,False,Clear,False,0.0,False,False,1.0,Severe,8.8,69.1,747.7,0.283,0.653,0.925,Heavy congestion detected - signal timing extended and reroute suggested
EVT446865,2025-07-17 19:16:32,Trade Fair,J009,Majestic,14272,Weekday,False,Heavy Rain,True,34.5,False,False,1.0,Severe,9.1,64.1,214.5,0.103,0.237,0.832,Heavy rain reducing visibility and grip - reduced speed and longer buffer advised
EVT446866,2026-01-15 11:45:36,Fireworks Display,J023,Basavanagudi,50122,Weekday,True,Light Rain,True,1.5,False,False,0.803,Severe,15.0,54.6,387.1,0.206,0.477,0.884,Festival crowd surge detected - alternate route and extended cycle recommended
EVT446867,2025-03-26 10:52:22,Concert,J012,Koramangala Sony World,16675,Weekday,False,Clear,False,0.0,False,False,0.495,Moderate,23.3,32.8,240.5,0.148,0.341,0.954,Moderate traffic flow - standard adaptive signal timing in effect
EVT446868,2025-06-18 07:53:18,Local Market Day,J023,Basavanagudi,4149,Weekday,False,Clear,False,0.0,False,False,0.703,High,22.2,47.6,257.9,0.199,0.459,0.977,Moderate traffic flow - standard adaptive signal timing in effect
EVT446869,2025-07-21 14:43:19,Trade Fair,J020,Malleshwaram Circle,6193,Weekday,False,Rain,True,20.8,False,False,0.444,Moderate,26.4,33.7,203.7,0.148,0.341,0.907,Light rain detected - minor speed reduction advised
EVT446870,2025-03-22 18:25:25,Local Market Day,J011,Indiranagar 100ft Road,6599,Weekend,False,Clear,False,0.0,False,False,0.866,Severe,13.4,62.8,400.5,0.203,0.469,0.934,Heavy congestion detected - signal timing extended and reroute suggested
EVT446871,2025-11-17 20:29:27,Local Market Day,J040,City Market,3271,Weekday,False,Rain,True,17.9,False,False,0.752,Severe,19.5,58.0,310.8,0.201,0.465,0.936,Heavy rain reducing visibility and grip - reduced speed and longer buffer advised
EVT446872,2025-08-11 16:45:27,Trade Fair,J020,Malleshwaram Circle,7367,Weekday,False,Clear,False,0.0,False,False,0.637,High,18.8,51.7,253.9,0.156,0.361,0.977,Moderate traffic flow - standard adaptive signal timing in effect
EVT446873,2026-06-22 00:33:02,Local Market Day,J023,Basavanagudi,2475,Weekday,False,Clear,False,0.0,False,False,0.167,Low,38.9,18.2,80.8,0.085,0.197,0.947,Normal free-flow traffic - standard signal timing maintained
EVT446874,2025-02-04 11:37:35,Trade Fair,J023,Basavanagudi,7535,Weekday,False,Clear,False,0.0,False,False,0.369,Moderate,30.6,24.3,168.8,0.134,0.31,0.964,Moderate traffic flow - standard adaptive signal timing in effect
EVT446875,2025-06-19 22:00:49,Local Market Day,J040,City Market,4456,Weekday,False,Clear,False,0.0,False,False,0.264,Low,24.2,17.5,206.9,0.11,0.254,0.97,Moderate traffic flow - standard adaptive signal timing in effect
EVT446876,2025-08-12 17:43:19,Trade Fair,J030,MG Road,10242,Weekday,False,Clear,False,0.0,False,False,0.99,Severe,9.1,68.7,296.7,0.121,0.28,0.909,Heavy congestion detected - signal timing extended and reroute suggested
EVT446877,2026-04-12 19:15:27,Local Market Day,J020,Malleshwaram Circle,3928,Weekend,False,Fog,False,0.0,False,False,0.686,High,16.4,48.4,265.3,0.139,0.322,0.945,Moderate traffic flow - standard adaptive signal timing in effect
EVT446878,2025-07-25 10:43:48,Concert,J012,Koramangala Sony World,12304,Weekday,False,Clear,False,0.0,False,False,0.629,High,23.2,52.0,257.6,0.196,0.452,0.952,Moderate traffic flow - standard adaptive signal timing in effect
EVT446879,2025-01-18 19:52:50,Political Rally,J031,Cubbon Road,15706,Weekend,False,Clear,False,0.0,False,False,0.718,High,16.3,52.4,242.8,0.134,0.31,0.953,Moderate traffic flow - standard adaptive signal timing in effect
EVT446880,2025-11-02 10:49:13,Cultural Procession,J030,MG Road,12802,Weekend,True,Clear,False,0.0,False,False,0.719,High,20.5,51.3,271.0,0.198,0.457,0.929,Festival crowd surge detected - alternate route and extended cycle recommended
EVT446881,2025-06-06 05:05:29,Sports Fixture,J023,Basavanagudi,29720,Weekday,False,Rain,True,9.4,False,False,0.498,Moderate,25.6,33.0,216.4,0.154,0.356,0.91,Light rain detected - minor speed reduction advised
EVT446882,2025-01-06 06:18:50,Concert,J012,Koramangala Sony World,13565,Weekday,False,Light Rain,True,7.0,False,False,0.365,Moderate,20.5,25.8,111.6,0.049,0.113,0.923,Light rain detected - minor speed reduction advised
EVT446883,2025-06-15 20:15:56,Trade Fair,J030,MG Road,14070,Weekend,False,Clear,False,0.0,False,False,0.651,High,23.1,46.5,195.4,0.135,0.313,0.952,Moderate traffic flow - standard adaptive signal timing in effect
EVT446884,2025-08-30 12:13:07,Local Market Day,J011,Indiranagar 100ft Road,3926,Weekend,False,Clear,False,0.0,True,False,0.6,High,17.1,43.5,431.3,0.24,0.555,0.791,Accident detected nearby - reroute and reduced speed advised
EVT446885,2025-10-07 13:15:48,Concert,J030,MG Road,19867,Weekday,False,Clear,False,0.0,False,False,0.281,Low,24.9,23.4,214.7,0.159,0.368,0.976,Moderate traffic flow - standard adaptive signal timing in effect
EVT446886,2026-02-04 15:46:41,Local Market Day,J009,Majestic,4205,Weekday,False,Clear,False,0.0,False,False,0.458,Moderate,27.7,31.5,125.5,0.101,0.234,0.951,Moderate traffic flow - standard adaptive signal timing in effect
EVT446887,2025-03-28 20:35:39,Local Market Day,J030,MG Road,3325,Weekday,False,Clear,False,0.0,False,False,0.6,High,21.6,44.5,219.3,0.139,0.321,0.98,Moderate traffic flow - standard adaptive signal timing in effect
EVT446888,2025-03-28 18:41:22,Sports Fixture,J031,Cubbon Road,24961,Weekday,False,Clear,False,0.0,False,False,1.0,Severe,7.9,66.5,1045.5,0.336,0.776,0.919,Heavy congestion detected - signal timing extended and reroute suggested
EVT446889,2026-05-05 09:32:05,Local Market Day,J030,MG Road,2155,Weekday,False,Clear,False,0.0,False,False,0.907,Severe,12.5,62.5,501.7,0.261,0.603,0.919,Heavy congestion detected - signal timing extended and reroute suggested
EVT446890,2025-01-14 07:04:26,Cultural Procession,J030,MG Road,36176,Weekday,True,Clear,False,0.0,False,True,1.0,Severe,8.8,99.7,419.9,0.172,0.398,0.845,Road closure for event/procession - full detour recommended for through-traffic
EVT446891,2025-01-15 09:09:08,Fireworks Display,J011,Indiranagar 100ft Road,32141,Weekday,True,Clear,False,0.0,False,False,1.0,Severe,8.3,73.5,794.8,0.257,0.595,0.878,Festival crowd surge detected - alternate route and extended cycle recommended
EVT446892,2025-02-16 13:15:01,Trade Fair,J023,Basavanagudi,6199,Weekend,False,Clear,False,0.0,False,False,0.287,Low,35.1,21.3,56.0,0.048,0.11,0.958,Moderate traffic flow - standard adaptive signal timing in effect
EVT446893,2025-04-25 13:12:03,Sports Fixture,J009,Majestic,26853,Weekday,False,Clear,False,0.0,False,False,0.239,Low,33.1,13.3,96.1,0.101,0.234,0.96,Normal free-flow traffic - standard signal timing maintained
EVT446894,2025-10-28 19:41:58,Sports Fixture,J009,Majestic,17653,Weekday,False,Clear,False,0.0,False,False,0.836,Severe,12.7,61.5,487.4,0.254,0.587,0.958,Heavy congestion detected - signal timing extended and reroute suggested
EVT446895,2025-03-16 10:43:30,Concert,J012,Koramangala Sony World,18388,Weekend,False,Clear,False,0.0,False,False,0.48,Moderate,20.9,34.7,163.2,0.104,0.24,0.951,Moderate traffic flow - standard adaptive signal timing in effect
EVT446896,2025-05-11 18:40:13,Trade Fair,J040,City Market,6939,Weekend,False,Clear,False,0.0,False,False,0.948,Severe,9.2,64.3,424.8,0.155,0.358,0.917,Heavy congestion detected - signal timing extended and reroute suggested
EVT446897,2026-06-26 11:00:51,Trade Fair,J011,Indiranagar 100ft Road,6016,Weekday,False,Clear,False,0.0,False,False,0.444,Moderate,21.0,29.3,216.5,0.142,0.327,0.973,Moderate traffic flow - standard adaptive signal timing in effect
EVT446898,2026-03-02 10:43:38,Concert,J009,Majestic,18111,Weekday,False,Clear,False,0.0,False,False,0.594,High,22.8,43.0,112.2,0.086,0.199,0.952,Moderate traffic flow - standard adaptive signal timing in effect
EVT446899,2026-03-13 16:13:44,Sports Fixture,J020,Malleshwaram Circle,8106,Weekday,False,Clear,False,0.0,False,False,0.466,Moderate,24.0,31.7,167.3,0.104,0.24,0.953,Moderate traffic flow - standard adaptive signal timing in effect
EVT446900,2026-01-11 20:11:46,Political Rally,J023,Basavanagudi,16354,Weekend,False,Clear,False,0.0,False,False,0.589,High,22.9,42.1,206.7,0.149,0.344,0.965,Moderate traffic flow - standard adaptive signal timing in effect
EVT446901,2025-11-13 06:20:45,Sports Fixture,J020,Malleshwaram Circle,29685,Weekday,False,Clear,False,0.0,False,False,0.373,Moderate,22.8,31.7,319.4,0.195,0.45,0.956,Moderate traffic flow - standard adaptive signal timing in effect
EVT446902,2025-11-12 09:52:05,Local Market Day,J020,Malleshwaram Circle,2977,Weekday,False,Clear,False,0.0,False,False,0.873,Severe,14.3,56.3,260.6,0.153,0.353,0.947,Heavy congestion detected - signal timing extended and reroute suggested
EVT446903,2025-02-03 14:48:28,Local Market Day,J040,City Market,2556,Weekday,False,Clear,False,0.0,False,False,0.284,Low,26.3,24.5,183.4,0.132,0.304,0.949,Moderate traffic flow - standard adaptive signal timing in effect
EVT446904,2026-05-12 13:11:17,Concert,J031,Cubbon Road,17642,Weekday,False,Clear,False,0.0,False,False,0.305,Low,34.5,21.4,202.4,0.175,0.403,0.94,Moderate traffic flow - standard adaptive signal timing in effect
EVT446905,2026-05-15 07:58:30,Concert,J011,Indiranagar 100ft Road,12883,Weekday,False,Clear,False,0.0,False,False,0.78,Severe,14.2,49.3,287.8,0.159,0.366,0.974,Heavy congestion detected - signal timing extended and reroute suggested
EVT446906,2026-05-16 10:50:52,Sports Fixture,J012,Koramangala Sony World,18504,Weekend,False,Clear,False,0.0,False,False,0.632,High,16.8,41.6,218.7,0.103,0.239,0.979,Moderate traffic flow - standard adaptive signal timing in effect
EVT446907,2025-06-19 17:27:28,Concert,J009,Majestic,9489,Weekday,False,Clear,False,0.0,False,False,0.887,Severe,14.2,70.5,276.4,0.143,0.331,0.945,Heavy congestion detected - signal timing extended and reroute suggested
EVT446908,2026-01-17 11:57:47,Concert,J011,Indiranagar 100ft Road,13073,Weekend,False,Light Rain,True,1.8,False,False,0.336,Low,24.1,20.7,180.7,0.108,0.249,0.899,Light rain detected - minor speed reduction advised
EVT446909,2025-04-17 09:04:22,Sports Fixture,J040,City Market,15680,Weekday,False,Clear,False,0.0,False,False,1.0,Severe,7.5,75.8,328.8,0.122,0.281,0.915,Heavy congestion detected - signal timing extended and reroute suggested
EVT446910,2026-03-11 18:17:04,Local Market Day,J009,Majestic,3619,Weekday,False,Clear,False,0.0,False,False,1.0,Severe,7.5,71.1,338.1,0.132,0.304,0.912,Heavy congestion detected - signal timing extended and reroute suggested
EVT446911,2025-06-08 17:58:41,Local Market Day,J012,Koramangala Sony World,4877,Weekend,False,Clear,False,0.0,False,False,0.874,Severe,11.9,59.9,301.9,0.137,0.317,0.946,Heavy congestion detected - signal timing extended and reroute suggested
EVT446912,2025-08-09 06:38:16,Local Market Day,J009,Majestic,2064,Weekend,False,Heavy Rain,True,45.1,False,False,0.685,High,17.0,49.3,296.5,0.181,0.418,0.89,Heavy rain reducing visibility and grip - reduced speed and longer buffer advised
EVT446913,2025-09-27 18:13:58,Local Market Day,J011,Indiranagar 100ft Road,2727,Weekend,False,Heavy Rain,True,32.1,False,False,1.0,Severe,7.0,68.8,654.6,0.19,0.438,0.856,Heavy rain reducing visibility and grip - reduced speed and longer buffer advised
EVT446914,2026-06-10 20:03:30,Local Market Day,J020,Malleshwaram Circle,3182,Weekday,False,Light Rain,True,5.8,False,False,0.85,Severe,12.2,58.8,531.2,0.225,0.52,0.909,Heavy rain reducing visibility and grip - reduced speed and longer buffer advised
EVT446915,2025-10-25 19:14:50,Local Market Day,J020,Malleshwaram Circle,3906,Weekend,False,Clear,False,0.0,False,False,0.705,High,14.5,54.3,207.5,0.121,0.28,0.975,Moderate traffic flow - standard adaptive signal timing in effect
EVT446916,2025-04-19 09:18:18,Concert,J023,Basavanagudi,21153,Weekend,False,Clear,False,0.0,False,False,0.91,Severe,10.2,62.4,437.6,0.191,0.44,0.942,Heavy congestion detected - signal timing extended and reroute suggested
EVT446917,2025-09-13 18:05:09,Trade Fair,J030,MG Road,4974,Weekend,False,Clear,False,0.0,False,False,0.908,Severe,10.1,66.7,494.2,0.201,0.464,0.901,Heavy congestion detected - signal timing extended and reroute suggested
EVT446918,2026-01-31 19:26:51,Local Market Day,J023,Basavanagudi,4710,Weekend,False,Clear,False,0.0,False,False,0.782,Severe,12.4,50.3,347.1,0.145,0.334,0.944,Heavy congestion detected - signal timing extended and reroute suggested
EVT446919,2025-01-13 07:51:29,Political Rally,J030,MG Road,5941,Weekday,False,Clear,False,0.0,False,False,0.754,Severe,12.9,56.3,327.2,0.154,0.356,0.953,Heavy congestion detected - signal timing extended and reroute suggested
EVT446920,2025-07-06 10:18:46,Local Market Day,J009,Majestic,2558,Weekend,False,Heavy Rain,True,83.9,False,False,0.971,Severe,10.6,73.0,660.0,0.281,0.65,0.843,Heavy rain reducing visibility and grip - reduced speed and longer buffer advised
EVT446921,2026-04-03 18:18:27,Sports Fixture,J030,MG Road,15950,Weekday,False,Clear,False,0.0,False,False,1.0,Severe,7.7,57.8,783.2,0.234,0.541,0.909,Heavy congestion detected - signal timing extended and reroute suggested
EVT446922,2026-05-16 06:21:11,Sports Fixture,J023,Basavanagudi,15191,Weekend,False,Clear,False,0.0,False,False,0.421,Moderate,22.3,28.7,159.6,0.112,0.258,0.979,Moderate traffic flow - standard adaptive signal timing in effect
EVT446923,2025-12-24 19:11:52,Trade Fair,J011,Indiranagar 100ft Road,10747,Weekday,False,Clear,False,0.0,False,False,1.0,Severe,7.7,61.1,705.8,0.249,0.574,0.912,Heavy congestion detected - signal timing extended and reroute suggested
EVT446924,2026-03-06 20:26:38,Sports Fixture,J009,Majestic,31597,Weekday,False,Clear,False,0.0,False,False,0.767,Severe,19.3,55.4,319.2,0.202,0.468,0.978,Heavy congestion detected - signal timing extended and reroute suggested
EVT446925,2025-07-28 22:14:39,Sports Fixture,J031,Cubbon Road,29004,Weekday,False,Clear,False,0.0,False,False,0.338,Low,25.3,27.5,123.1,0.079,0.182,0.939,Moderate traffic flow - standard adaptive signal timing in effect
EVT446926,2025-11-28 21:46:45,Local Market Day,J040,City Market,7586,Weekday,False,Clear,False,0.0,False,False,0.248,Low,30.0,20.2,211.1,0.187,0.432,0.986,Normal free-flow traffic - standard signal timing maintained
EVT446927,2025-06-18 12:11:44,Local Market Day,J023,Basavanagudi,3362,Weekday,False,Heavy Rain,True,100.7,False,False,0.656,High,21.9,47.9,196.4,0.122,0.281,0.918,Heavy rain reducing visibility and grip - reduced speed and longer buffer advised
EVT446928,2026-01-08 15:49:58,Political Rally,J031,Cubbon Road,9831,Weekday,False,Clear,False,0.0,False,False,0.454,Moderate,27.5,40.5,266.4,0.216,0.499,0.948,Moderate traffic flow - standard adaptive signal timing in effect
EVT446929,2025-04-28 18:19:14,Concert,J030,MG Road,8247,Weekday,False,Rain,True,13.8,False,False,1.0,Severe,7.0,79.5,932.2,0.248,0.574,0.849,Heavy rain reducing visibility and grip - reduced speed and longer buffer advised
EVT446930,2026-06-03 08:09:14,Sports Fixture,J040,City Market,25717,Weekday,False,Clear,False,0.0,False,False,0.95,Severe,13.0,72.3,579.8,0.278,0.643,0.948,Heavy congestion detected - signal timing extended and reroute suggested
EVT446931,2025-08-29 20:33:23,Trade Fair,J011,Indiranagar 100ft Road,8639,Weekday,False,Clear,False,0.0,False,False,0.531,Moderate,29.1,37.9,147.9,0.127,0.294,0.981,Moderate traffic flow - standard adaptive signal timing in effect
EVT446932,2026-05-26 19:49:38,Sports Fixture,J023,Basavanagudi,16552,Weekday,False,Clear,False,0.0,False,False,0.896,Severe,11.9,65.6,279.7,0.136,0.313,0.933,Heavy congestion detected - signal timing extended and reroute suggested
EVT446933,2026-01-31 22:57:09,Political Rally,J040,City Market,7474,Weekend,False,Clear,False,0.0,False,False,0.339,Low,28.0,23.6,261.7,0.223,0.514,0.961,Moderate traffic flow - standard adaptive signal timing in effect
EVT446934,2026-06-19 08:49:14,Political Rally,J031,Cubbon Road,8785,Weekday,False,Light Rain,True,6.3,False,False,1.0,Severe,8.3,69.3,558.4,0.192,0.442,0.884,Heavy rain reducing visibility and grip - reduced speed and longer buffer advised
EVT446935,2025-09-03 17:00:02,Trade Fair,J012,Koramangala Sony World,10173,Weekday,False,Rain,True,14.4,False,False,0.849,Severe,10.3,59.7,551.7,0.206,0.476,0.882,Heavy rain reducing visibility and grip - reduced speed and longer buffer advised
EVT446936,2025-03-03 12:59:01,Political Rally,J011,Indiranagar 100ft Road,13894,Weekday,False,Fog,False,0.0,False,False,0.196,Low,32.3,17.4,169.4,0.13,0.3,0.964,Normal free-flow traffic - standard signal timing maintained
EVT446937,2026-05-01 20:45:07,Fireworks Display,J031,Cubbon Road,38318,Weekday,True,Clear,False,0.0,False,False,0.971,Severe,11.7,69.7,354.0,0.159,0.368,0.873,Festival crowd surge detected - alternate route and extended cycle recommended
EVT446938,2025-11-25 08:06:46,Political Rally,J012,Koramangala Sony World,22809,Weekday,False,Clear,False,0.0,False,False,0.936,Severe,9.7,69.3,473.4,0.197,0.454,0.929,Heavy congestion detected - signal timing extended and reroute suggested
EVT446939,2026-02-19 19:54:25,Concert,J023,Basavanagudi,23850,Weekday,False,Clear,False,0.0,False,False,0.89,Severe,11.2,61.1,351.1,0.166,0.383,0.962,Heavy congestion detected - signal timing extended and reroute suggested
EVT446940,2025-06-14 10:15:19,Trade Fair,J030,MG Road,9676,Weekend,False,Clear,False,0.0,False,False,0.597,High,21.2,45.0,184.4,0.099,0.23,0.985,Moderate traffic flow - standard adaptive signal timing in effect
EVT446941,2026-02-09 12:56:56,Trade Fair,J012,Koramangala Sony World,6265,Weekday,False,Clear,False,0.0,False,False,0.259,Low,34.6,17.1,201.8,0.196,0.454,0.963,Moderate traffic flow - standard adaptive signal timing in effect
EVT446942,2025-12-27 21:58:23,Trade Fair,J040,City Market,9039,Weekend,False,Clear,False,0.0,False,False,0.313,Low,25.8,18.3,211.0,0.156,0.361,0.955,Moderate traffic flow - standard adaptive signal timing in effect
EVT446943,2026-05-16 00:34:29,Local Market Day,J023,Basavanagudi,9568,Weekend,False,Clear,False,0.0,False,False,0.26,Low,32.3,24.5,122.7,0.075,0.174,0.979,Moderate traffic flow - standard adaptive signal timing in effect
EVT446944,2025-04-27 17:55:11,Trade Fair,J040,City Market,8633,Weekend,False,Clear,False,0.0,False,False,0.879,Severe,13.6,69.9,278.0,0.151,0.348,0.976,Heavy congestion detected - signal timing extended and reroute suggested
EVT446945,2025-02-23 19:12:44,Local Market Day,J011,Indiranagar 100ft Road,6669,Weekend,False,Clear,False,0.0,False,False,0.831,Severe,12.1,59.1,391.1,0.177,0.409,0.913,Heavy congestion detected - signal timing extended and reroute suggested
EVT446946,2025-03-08 18:31:53,Political Rally,J030,MG Road,12832,Weekend,False,Clear,False,0.0,False,False,0.937,Severe,11.6,67.2,271.3,0.145,0.334,0.921,Heavy congestion detected - signal timing extended and reroute suggested
EVT446947,2025-01-25 17:01:07,Local Market Day,J023,Basavanagudi,4112,Weekend,False,Clear,False,0.0,False,False,0.643,High,19.7,48.4,331.7,0.193,0.446,0.962,Moderate traffic flow - standard adaptive signal timing in effect
EVT446948,2025-08-26 22:13:27,Concert,J012,Koramangala Sony World,8215,Weekday,False,Clear,False,0.0,False,False,0.194,Low,37.0,13.2,113.9,0.123,0.284,0.95,Normal free-flow traffic - standard signal timing maintained
EVT446949,2025-08-30 00:37:42,Sports Fixture,J040,City Market,19185,Weekend,False,Clear,False,0.0,False,False,0.362,Moderate,27.6,23.5,159.8,0.124,0.287,0.947,Moderate traffic flow - standard adaptive signal timing in effect
EVT446950,2025-12-28 16:09:01,Local Market Day,J030,MG Road,4433,Weekend,False,Fog,False,0.0,False,False,0.527,Moderate,27.3,35.8,140.1,0.082,0.189,0.972,Moderate traffic flow - standard adaptive signal timing in effect
EVT446951,2026-06-06 10:43:04,Sports Fixture,J040,City Market,22906,Weekend,False,Clear,False,0.0,False,False,0.654,High,19.1,50.6,219.8,0.131,0.302,0.965,Moderate traffic flow - standard adaptive signal timing in effect
EVT446952,2025-09-13 07:39:36,Local Market Day,J031,Cubbon Road,2284,Weekend,False,Rain,True,9.9,False,False,0.722,High,17.6,50.9,257.6,0.142,0.328,0.885,Heavy rain reducing visibility and grip - reduced speed and longer buffer advised
EVT446953,2025-05-07 16:35:32,Local Market Day,J009,Majestic,3199,Weekday,False,Clear,False,0.0,False,False,0.574,High,21.0,43.0,265.6,0.176,0.407,0.954,Moderate traffic flow - standard adaptive signal timing in effect
EVT446954,2026-06-01 09:34:52,Local Market Day,J020,Malleshwaram Circle,7141,Weekday,False,Clear,False,0.0,False,False,1.0,Severe,9.6,69.2,460.7,0.186,0.43,0.904,Heavy congestion detected - signal timing extended and reroute suggested
EVT446955,2025-11-29 20:16:52,Concert,J030,MG Road,13936,Weekend,False,Clear,False,0.0,False,False,0.59,High,16.5,41.6,242.8,0.117,0.27,0.95,Moderate traffic flow - standard adaptive signal timing in effect
EVT446956,2026-02-05 09:15:19,Local Market Day,J009,Majestic,3989,Weekday,False,Clear,False,0.0,True,False,1.0,Severe,9.6,81.2,570.3,0.209,0.482,0.752,Accident detected nearby - reroute and reduced speed advised
EVT446957,2025-06-04 12:37:01,Trade Fair,J020,Malleshwaram Circle,4619,Weekday,False,Heavy Rain,True,41.8,False,False,0.554,High,20.2,41.0,237.3,0.147,0.339,0.929,Heavy rain reducing visibility and grip - reduced speed and longer buffer advised
EVT446958,2026-04-12 19:42:40,Trade Fair,J031,Cubbon Road,8041,Weekend,False,Clear,False,0.0,False,False,0.7,High,13.2,47.3,463.5,0.216,0.499,0.99,Moderate traffic flow - standard adaptive signal timing in effect
EVT446959,2026-01-31 10:23:17,Sports Fixture,J011,Indiranagar 100ft Road,31777,Weekend,False,Clear,False,0.0,False,False,0.81,Severe,10.4,62.0,349.0,0.13,0.3,0.956,Heavy congestion detected - signal timing extended and reroute suggested
EVT446960,2025-04-07 15:42:04,Religious Festival,J040,City Market,62936,Weekday,True,Clear,False,0.0,False,True,1.0,Severe,8.9,97.1,482.2,0.182,0.421,0.821,Road closure for event/procession - full detour recommended for through-traffic
EVT446961,2026-04-25 18:35:30,Political Rally,J030,MG Road,21858,Weekend,False,Light Rain,True,3.6,False,False,1.0,Severe,9.8,77.1,405.2,0.162,0.374,0.889,Heavy rain reducing visibility and grip - reduced speed and longer buffer advised
EVT446962,2026-04-04 19:50:17,Concert,J023,Basavanagudi,14370,Weekend,False,Clear,False,0.0,False,False,0.816,Severe,17.0,56.4,208.1,0.125,0.289,0.945,Heavy congestion detected - signal timing extended and reroute suggested
EVT446963,2025-03-29 06:23:51,Local Market Day,J040,City Market,5123,Weekend,False,Clear,False,0.0,False,False,0.371,Moderate,27.6,21.5,219.1,0.171,0.394,0.972,Moderate traffic flow - standard adaptive signal timing in effect
EVT446964,2025-05-22 05:09:01,Trade Fair,J030,MG Road,9424,Weekday,False,Clear,False,0.0,False,False,0.193,Low,25.0,13.0,228.9,0.139,0.32,0.979,Normal free-flow traffic - standard signal timing maintained
EVT446965,2025-02-10 08:46:01,Local Market Day,J009,Majestic,3507,Weekday,False,Clear,False,0.0,False,False,1.0,Severe,9.4,68.3,516.5,0.193,0.447,0.92,Heavy congestion detected - signal timing extended and reroute suggested
EVT446966,2026-03-29 17:23:03,Concert,J011,Indiranagar 100ft Road,9887,Weekend,False,Clear,False,0.0,False,False,0.823,Severe,14.5,58.8,306.5,0.152,0.352,0.945,Heavy congestion detected - signal timing extended and reroute suggested
EVT446967,2025-07-26 07:35:52,Political Rally,J023,Basavanagudi,9180,Weekend,False,Clear,False,0.0,False,False,0.607,High,21.6,42.6,302.2,0.192,0.444,0.952,Moderate traffic flow - standard adaptive signal timing in effect
EVT446968,2025-06-11 07:01:26,Trade Fair,J020,Malleshwaram Circle,9524,Weekday,False,Heavy Rain,True,49.3,False,False,0.785,Severe,13.9,61.8,180.3,0.103,0.238,0.919,Heavy rain reducing visibility and grip - reduced speed and longer buffer advised
EVT446969,2025-05-20 19:16:16,Local Market Day,J011,Indiranagar 100ft Road,6512,Weekday,False,Clear,False,0.0,False,False,0.934,Severe,12.7,65.6,375.3,0.188,0.434,0.934,Heavy congestion detected - signal timing extended and reroute suggested
EVT446970,2025-12-18 12:59:55,Concert,J020,Malleshwaram Circle,13010,Weekday,False,Clear,False,0.0,False,False,0.327,Low,28.3,18.6,153.0,0.129,0.299,0.969,Moderate traffic flow - standard adaptive signal timing in effect
EVT446971,2026-05-22 09:01:43,Concert,J012,Koramangala Sony World,19863,Weekday,False,Clear,False,0.0,False,False,1.0,Severe,9.7,65.3,229.7,0.104,0.24,0.924,Heavy congestion detected - signal timing extended and reroute suggested
EVT446972,2026-03-25 20:18:27,Sports Fixture,J023,Basavanagudi,30292,Weekday,False,Clear,False,0.0,False,False,0.777,Severe,13.6,55.5,269.1,0.135,0.311,0.932,Heavy congestion detected - signal timing extended and reroute suggested
EVT446973,2025-12-26 14:03:01,Cultural Procession,J011,Indiranagar 100ft Road,20435,Weekday,True,Clear,False,0.0,False,True,0.636,Moderate,20.4,66.6,153.3,0.087,0.201,0.865,Road closure for event/procession - full detour recommended for through-traffic
EVT446974,2026-06-19 13:54:57,Political Rally,J040,City Market,13473,Weekday,False,Light Rain,True,3.6,False,False,0.348,Low,26.9,25.1,116.0,0.085,0.196,0.887,Light rain detected - minor speed reduction advised
EVT446975,2025-11-19 12:02:20,Local Market Day,J031,Cubbon Road,5356,Weekday,False,Fog,False,0.0,True,False,0.676,High,24.7,49.0,292.7,0.239,0.552,0.804,Accident detected nearby - reroute and reduced speed advised
EVT446976,2025-02-19 07:14:52,Trade Fair,J040,City Market,5879,Weekday,False,Clear,False,0.0,False,False,0.503,Moderate,20.8,31.0,295.2,0.179,0.414,0.98,Moderate traffic flow - standard adaptive signal timing in effect
EVT446977,2025-07-11 06:12:43,Political Rally,J011,Indiranagar 100ft Road,17919,Weekday,False,Rain,True,14.8,False,False,0.595,High,18.2,45.6,293.7,0.163,0.376,0.922,Heavy rain reducing visibility and grip - reduced speed and longer buffer advised
EVT446978,2026-06-22 14:10:47,Political Rally,J031,Cubbon Road,14202,Weekday,False,Rain,True,17.8,False,False,0.42,Moderate,28.1,33.1,102.6,0.076,0.175,0.92,Light rain detected - minor speed reduction advised
EVT446979,2025-06-09 22:19:05,Political Rally,J012,Koramangala Sony World,8003,Weekday,False,Rain,True,22.7,False,False,0.463,Moderate,19.6,30.1,247.4,0.142,0.327,0.918,Light rain detected - minor speed reduction advised
EVT446980,2026-01-17 22:13:05,Concert,J009,Majestic,11996,Weekend,False,Clear,False,0.0,False,False,0.323,Low,31.2,23.8,148.1,0.12,0.278,0.972,Moderate traffic flow - standard adaptive signal timing in effect
EVT446981,2026-01-22 21:58:33,Sports Fixture,J020,Malleshwaram Circle,16177,Weekday,False,Clear,False,0.0,False,False,0.369,Moderate,27.3,33.5,303.7,0.223,0.516,0.974,Moderate traffic flow - standard adaptive signal timing in effect
EVT446982,2026-05-03 14:26:13,Local Market Day,J011,Indiranagar 100ft Road,2123,Weekend,False,Clear,False,0.0,False,False,0.199,Low,35.8,13.8,130.5,0.122,0.281,0.939,Normal free-flow traffic - standard signal timing maintained
EVT446983,2025-12-18 11:30:02,Trade Fair,J009,Majestic,9973,Weekday,False,Clear,False,0.0,False,False,0.369,Moderate,22.2,21.8,119.1,0.073,0.168,0.951,Moderate traffic flow - standard adaptive signal timing in effect
EVT446984,2025-10-07 20:46:27,Sports Fixture,J012,Koramangala Sony World,17780,Weekday,False,Clear,False,0.0,False,False,0.622,High,17.0,41.0,325.3,0.16,0.369,0.976,Moderate traffic flow - standard adaptive signal timing in effect
EVT446985,2026-03-14 15:17:06,Sports Fixture,J011,Indiranagar 100ft Road,13551,Weekend,False,Clear,False,0.0,False,False,0.344,Low,34.0,23.0,165.7,0.153,0.353,0.977,Moderate traffic flow - standard adaptive signal timing in effect
EVT446986,2025-04-09 20:17:55,Sports Fixture,J011,Indiranagar 100ft Road,31611,Weekday,False,Clear,False,0.0,False,False,0.799,Severe,14.4,63.2,390.6,0.2,0.461,0.947,Heavy congestion detected - signal timing extended and reroute suggested
EVT446987,2025-03-21 06:23:28,Sports Fixture,J009,Majestic,39949,Weekday,False,Clear,False,0.0,False,False,0.507,Moderate,26.3,40.8,281.5,0.222,0.512,0.949,Moderate traffic flow - standard adaptive signal timing in effect
EVT446988,2025-06-13 08:52:01,Trade Fair,J020,Malleshwaram Circle,9230,Weekday,False,Clear,False,0.0,False,False,1.0,Severe,7.7,70.3,523.1,0.173,0.4,0.899,Heavy congestion detected - signal timing extended and reroute suggested
EVT446989,2025-03-06 19:15:10,Trade Fair,J020,Malleshwaram Circle,11154,Weekday,False,Clear,False,0.0,False,False,0.981,Severe,9.8,69.7,592.1,0.22,0.508,0.908,Heavy congestion detected - signal timing extended and reroute suggested
EVT446990,2026-03-10 19:30:34,Local Market Day,J031,Cubbon Road,6542,Weekday,False,Clear,False,0.0,False,False,0.886,Severe,11.9,63.0,428.2,0.181,0.417,0.917,Heavy congestion detected - signal timing extended and reroute suggested
EVT446991,2025-07-19 09:04:18,Local Market Day,J023,Basavanagudi,3556,Weekend,False,Clear,False,0.0,False,False,0.921,Severe,8.5,64.2,489.4,0.156,0.361,0.939,Heavy congestion detected - signal timing extended and reroute suggested
EVT446992,2026-06-27 16:32:09,Sports Fixture,J020,Malleshwaram Circle,18172,Weekend,False,Rain,True,10.9,False,False,0.842,Severe,14.6,59.4,199.5,0.11,0.255,0.887,Heavy rain reducing visibility and grip - reduced speed and longer buffer advised
EVT446993,2025-08-10 21:19:05,Concert,J023,Basavanagudi,6591,Weekend,False,Rain,True,13.6,False,False,0.565,High,23.3,35.6,261.0,0.188,0.434,0.904,Heavy rain reducing visibility and grip - reduced speed and longer buffer advised
EVT446994,2025-04-27 17:31:03,Sports Fixture,J020,Malleshwaram Circle,23173,Weekend,False,Clear,False,0.0,False,False,0.878,Severe,13.5,67.2,357.0,0.171,0.395,0.944,Heavy congestion detected - signal timing extended and reroute suggested
EVT446995,2026-01-20 14:00:42,Concert,J031,Cubbon Road,8166,Weekday,False,Clear,False,0.0,False,False,0.19,Low,23.8,10.4,132.0,0.076,0.175,0.99,Normal free-flow traffic - standard signal timing maintained
EVT446996,2025-03-05 06:03:01,Political Rally,J009,Majestic,21823,Weekday,False,Clear,False,0.0,False,False,0.363,Moderate,31.3,21.0,206.5,0.186,0.43,0.953,Moderate traffic flow - standard adaptive signal timing in effect
EVT446997,2025-04-30 18:11:48,Concert,J012,Koramangala Sony World,5495,Weekday,False,Clear,False,0.0,False,False,1.0,Severe,9.6,66.7,695.0,0.269,0.62,0.905,Heavy congestion detected - signal timing extended and reroute suggested
EVT446998,2026-02-06 08:24:33,Sports Fixture,J012,Koramangala Sony World,14455,Weekday,False,Clear,False,0.0,False,False,1.0,Severe,7.6,74.1,589.1,0.189,0.437,0.916,Heavy congestion detected - signal timing extended and reroute suggested
EVT446999,2025-01-25 09:02:24,Sports Fixture,J012,Koramangala Sony World,17887,Weekend,False,Clear,False,0.0,False,False,0.971,Severe,7.6,75.1,584.1,0.194,0.448,0.917,Heavy congestion detected - signal timing extended and reroute suggested
EVT447000,2025-05-20 07:00:37,Concert,J023,Basavanagudi,9199,Weekday,False,Clear,False,0.0,False,False,0.514,Moderate,21.9,37.3,218.6,0.129,0.298,0.962,Moderate traffic flow - standard adaptive signal timing in effect
EVT447001,2025-06-09 17:10:44,Political Rally,J020,Malleshwaram Circle,20454,Weekday,False,Heavy Rain,True,57.8,False,False,1.0,Severe,8.7,69.9,510.0,0.187,0.431,0.89,Heavy rain reducing visibility and grip - reduced speed and longer buffer advised
EVT447002,2025-09-14 17:36:18,Local Market Day,J023,Basavanagudi,5674,Weekend,False,Clear,False,0.0,False,False,0.768,Severe,21.2,53.4,332.6,0.216,0.498,0.975,Heavy congestion detected - signal timing extended and reroute suggested
EVT447003,2026-05-25 08:37:14,Local Market Day,J023,Basavanagudi,5152,Weekday,False,Clear,False,0.0,False,False,0.94,Severe,11.2,68.6,510.3,0.226,0.522,0.946,Heavy congestion detected - signal timing extended and reroute suggested
EVT447004,2025-02-06 15:23:53,Sports Fixture,J023,Basavanagudi,19618,Weekday,False,Clear,False,0.0,False,False,0.373,Moderate,27.4,24.7,77.2,0.059,0.137,0.95,Moderate traffic flow - standard adaptive signal timing in effect
EVT447005,2025-11-18 15:25:27,Local Market Day,J030,MG Road,4822,Weekday,False,Clear,False,0.0,False,False,0.293,Low,27.8,17.2,226.4,0.165,0.381,0.972,Moderate traffic flow - standard adaptive signal timing in effect
EVT447006,2025-07-15 20:40:51,Political Rally,J030,MG Road,10464,Weekday,False,Heavy Rain,True,58.9,False,False,0.946,Severe,9.6,64.0,397.6,0.17,0.393,0.893,Heavy rain reducing visibility and grip - reduced speed and longer buffer advised
EVT447007,2025-09-11 20:15:02,Political Rally,J031,Cubbon Road,10515,Weekday,False,Clear,False,0.0,False,False,0.75,High,18.0,52.7,337.7,0.195,0.45,0.974,Moderate traffic flow - standard adaptive signal timing in effect
EVT447008,2025-07-01 06:57:45,Sports Fixture,J023,Basavanagudi,16055,Weekday,False,Rain,True,20.8,False,False,0.771,Severe,15.5,54.5,472.6,0.222,0.513,0.92,Heavy rain reducing visibility and grip - reduced speed and longer buffer advised
EVT447009,2025-01-02 10:24:47,Sports Fixture,J011,Indiranagar 100ft Road,16360,Weekday,False,Clear,False,0.0,False,False,0.735,High,14.7,50.5,282.6,0.132,0.304,0.948,Moderate traffic flow - standard adaptive signal timing in effect
EVT447010,2025-08-17 10:33:03,Trade Fair,J031,Cubbon Road,12646,Weekend,False,Light Rain,True,2.6,False,False,0.694,High,17.6,51.5,309.7,0.194,0.449,0.907,Heavy rain reducing visibility and grip - reduced speed and longer buffer advised
EVT447011,2025-03-19 19:54:37,Local Market Day,J011,Indiranagar 100ft Road,6683,Weekday,False,Clear,False,0.0,False,False,0.684,High,21.7,56.6,166.2,0.116,0.269,0.927,Moderate traffic flow - standard adaptive signal timing in effect
EVT447012,2025-09-12 17:45:57,Local Market Day,J020,Malleshwaram Circle,4396,Weekday,False,Heavy Rain,True,30.7,False,False,1.0,Severe,7.9,69.9,341.4,0.122,0.281,0.853,Heavy rain reducing visibility and grip - reduced speed and longer buffer advised
EVT447013,2025-04-28 09:03:16,Political Rally,J009,Majestic,11301,Weekday,False,Clear,False,0.0,False,False,1.0,Severe,8.5,73.6,444.7,0.165,0.382,0.931,Heavy congestion detected - signal timing extended and reroute suggested
EVT447014,2026-05-28 02:54:15,Concert,J031,Cubbon Road,11695,Weekday,False,Clear,False,0.0,False,False,0.147,Low,33.0,3.5,159.1,0.14,0.324,0.953,Normal free-flow traffic - standard signal timing maintained
EVT447015,2025-03-01 18:44:41,Sports Fixture,J011,Indiranagar 100ft Road,31547,Weekend,False,Clear,False,0.0,False,False,1.0,Severe,7.3,72.7,207.1,0.077,0.179,0.904,Heavy congestion detected - signal timing extended and reroute suggested
EVT447016,2025-12-17 09:39:09,Trade Fair,J040,City Market,4373,Weekday,False,Clear,False,0.0,False,False,0.966,Severe,8.8,66.4,640.1,0.217,0.501,0.917,Heavy congestion detected - signal timing extended and reroute suggested
EVT447017,2025-07-07 20:35:36,Local Market Day,J012,Koramangala Sony World,2884,Weekday,False,Rain,True,10.9,False,False,0.729,High,21.7,50.8,225.3,0.153,0.353,0.915,Heavy rain reducing visibility and grip - reduced speed and longer buffer advised
EVT447018,2025-12-13 17:44:11,Local Market Day,J023,Basavanagudi,3274,Weekend,False,Fog,False,0.0,False,False,0.765,Severe,14.8,56.7,276.9,0.144,0.333,0.953,Heavy congestion detected - signal timing extended and reroute suggested
EVT447019,2025-10-27 22:23:48,Concert,J031,Cubbon Road,13716,Weekday,False,Light Rain,True,6.8,False,False,0.383,Moderate,20.5,27.1,333.5,0.221,0.511,0.941,Light rain detected - minor speed reduction advised
EVT447020,2025-10-10 15:50:12,Sports Fixture,J031,Cubbon Road,22459,Weekday,False,Clear,False,0.0,False,False,0.431,Moderate,28.4,29.8,119.4,0.102,0.236,0.966,Moderate traffic flow - standard adaptive signal timing in effect
EVT447021,2025-01-03 14:18:25,Local Market Day,J011,Indiranagar 100ft Road,3344,Weekday,False,Clear,False,0.0,False,False,0.182,Low,32.3,16.1,129.3,0.101,0.234,0.99,Normal free-flow traffic - standard signal timing maintained
EVT447022,2025-03-19 07:02:31,Sports Fixture,J011,Indiranagar 100ft Road,19982,Weekday,False,Clear,False,0.0,False,False,0.497,Moderate,28.9,35.7,211.0,0.174,0.401,0.943,Moderate traffic flow - standard adaptive signal timing in effect
EVT447023,2025-11-09 08:09:55,Sports Fixture,J009,Majestic,21541,Weekend,False,Clear,False,0.0,False,False,0.821,Severe,16.0,58.9,495.3,0.3,0.692,0.95,Heavy congestion detected - signal timing extended and reroute suggested
EVT447024,2025-10-06 21:42:48,Sports Fixture,J030,MG Road,36782,Weekday,False,Clear,False,0.0,False,False,0.492,Moderate,25.0,36.1,121.5,0.077,0.178,0.982,Moderate traffic flow - standard adaptive signal timing in effect
EVT447025,2025-04-22 10:11:06,Trade Fair,J031,Cubbon Road,11824,Weekday,False,Clear,False,0.0,False,False,0.742,High,12.8,51.4,362.6,0.183,0.422,0.99,Moderate traffic flow - standard adaptive signal timing in effect
EVT447026,2025-02-27 06:57:18,Sports Fixture,J012,Koramangala Sony World,25782,Weekday,False,Clear,False,0.0,False,False,0.558,High,23.2,36.5,261.9,0.194,0.449,0.97,Moderate traffic flow - standard adaptive signal timing in effect
EVT447027,2026-01-08 13:18:24,Local Market Day,J012,Koramangala Sony World,3604,Weekday,False,Clear,False,0.0,False,False,0.236,Low,37.3,25.8,222.6,0.229,0.529,0.981,Normal free-flow traffic - standard signal timing maintained
EVT447028,2026-01-17 17:13:07,Sports Fixture,J009,Majestic,23115,Weekend,False,Clear,False,0.0,False,False,0.806,Severe,14.1,60.1,263.3,0.109,0.253,0.966,Heavy congestion detected - signal timing extended and reroute suggested
EVT447029,2025-12-18 21:41:39,Concert,J040,City Market,8264,Weekday,False,Clear,False,0.0,False,False,0.327,Low,24.5,22.1,130.6,0.095,0.22,0.975,Moderate traffic flow - standard adaptive signal timing in effect
EVT447030,2025-02-26 09:29:22,Local Market Day,J012,Koramangala Sony World,2347,Weekday,False,Clear,False,0.0,False,False,0.887,Severe,13.5,67.1,284.0,0.124,0.285,0.957,Heavy congestion detected - signal timing extended and reroute suggested
EVT447031,2025-01-29 10:33:13,Political Rally,J031,Cubbon Road,19710,Weekday,False,Clear,False,0.0,False,False,0.757,Severe,16.9,53.3,245.3,0.156,0.36,0.947,Heavy congestion detected - signal timing extended and reroute suggested
EVT447032,2026-02-03 18:00:49,Concert,J020,Malleshwaram Circle,14585,Weekday,False,Clear,False,0.0,False,False,1.0,Severe,10.2,70.9,374.7,0.17,0.393,0.941,Heavy congestion detected - signal timing extended and reroute suggested
EVT447033,2025-07-16 17:50:44,Local Market Day,J040,City Market,4977,Weekday,False,Heavy Rain,True,52.2,False,False,1.0,Severe,7.2,71.7,431.2,0.149,0.343,0.869,Heavy rain reducing visibility and grip - reduced speed and longer buffer advised
EVT447034,2025-01-22 20:42:43,Local Market Day,J009,Majestic,5893,Weekday,False,Clear,False,0.0,False,False,0.505,Moderate,24.5,34.3,165.3,0.131,0.302,0.958,Moderate traffic flow - standard adaptive signal timing in effect
EVT447035,2026-03-29 08:13:05,Local Market Day,J030,MG Road,4379,Weekend,False,Light Rain,True,1.5,False,False,0.784,Severe,18.4,56.5,363.7,0.212,0.489,0.903,Heavy rain reducing visibility and grip - reduced speed and longer buffer advised
EVT447036,2025-01-24 08:24:06,Political Rally,J023,Basavanagudi,12754,Weekday,False,Clear,False,0.0,False,False,0.986,Severe,8.4,70.9,443.5,0.178,0.411,0.918,Heavy congestion detected - signal timing extended and reroute suggested
EVT447037,2025-05-30 10:20:37,Local Market Day,J012,Koramangala Sony World,7546,Weekday,False,Clear,False,0.0,False,False,0.657,High,17.8,43.3,253.7,0.153,0.354,0.974,Moderate traffic flow - standard adaptive signal timing in effect
EVT447038,2025-09-05 06:32:31,Fireworks Display,J011,Indiranagar 100ft Road,16260,Weekday,True,Clear,False,0.0,False,False,0.564,High,21.7,41.9,278.9,0.176,0.407,0.913,Festival crowd surge detected - alternate route and extended cycle recommended
EVT447039,2025-08-31 20:06:02,Local Market Day,J011,Indiranagar 100ft Road,3217,Weekend,False,Rain,True,23.1,False,False,0.87,Severe,17.3,64.4,391.4,0.227,0.525,0.88,Heavy rain reducing visibility and grip - reduced speed and longer buffer advised
EVT447040,2025-03-23 08:17:51,Concert,J009,Majestic,12492,Weekend,False,Clear,False,0.0,False,False,0.762,Severe,17.4,55.6,429.0,0.253,0.585,0.948,Heavy congestion detected - signal timing extended and reroute suggested
EVT447041,2025-09-06 19:09:04,Cultural Procession,J031,Cubbon Road,12452,Weekend,True,Rain,True,10.0,False,False,1.0,Severe,6.7,73.2,409.0,0.12,0.277,0.804,Festival crowd surge detected - alternate route and extended cycle recommended
EVT447042,2026-05-07 08:26:45,Sports Fixture,J023,Basavanagudi,19888,Weekday,False,Rain,True,7.6,False,False,1.0,Severe,8.8,68.0,627.2,0.219,0.505,0.858,Heavy rain reducing visibility and grip - reduced speed and longer buffer advised
EVT447043,2025-02-04 19:57:25,Trade Fair,J012,Koramangala Sony World,14772,Weekday,False,Clear,False,0.0,False,False,0.772,Severe,18.9,55.7,141.5,0.085,0.196,0.953,Heavy congestion detected - signal timing extended and reroute suggested
EVT447044,2025-02-15 05:02:50,Concert,J020,Malleshwaram Circle,9513,Weekend,False,Clear,False,0.0,False,False,0.288,Low,24.6,22.3,252.2,0.19,0.44,0.948,Moderate traffic flow - standard adaptive signal timing in effect
EVT447045,2025-03-18 08:31:37,Trade Fair,J031,Cubbon Road,12161,Weekday,False,Clear,False,0.0,False,False,1.0,Severe,8.2,70.2,618.2,0.226,0.523,0.916,Heavy congestion detected - signal timing extended and reroute suggested
EVT447046,2026-06-10 10:17:09,Trade Fair,J012,Koramangala Sony World,8273,Weekday,False,Heavy Rain,True,26.5,False,False,0.98,Severe,10.8,62.6,566.1,0.248,0.572,0.857,Heavy rain reducing visibility and grip - reduced speed and longer buffer advised
EVT447047,2025-04-20 09:54:21,Local Market Day,J012,Koramangala Sony World,4965,Weekend,False,Clear,False,0.0,False,False,0.808,Severe,15.2,60.0,401.4,0.206,0.477,0.938,Heavy congestion detected - signal timing extended and reroute suggested
EVT447048,2025-07-25 22:52:41,Local Market Day,J023,Basavanagudi,5089,Weekday,False,Heavy Rain,True,96.3,False,False,0.534,Moderate,24.2,39.8,254.6,0.208,0.48,0.933,Light rain detected - minor speed reduction advised
EVT447049,2026-02-24 21:37:34,Local Market Day,J012,Koramangala Sony World,4293,Weekday,False,Clear,False,0.0,False,False,0.339,Low,30.8,23.7,256.3,0.212,0.49,0.964,Moderate traffic flow - standard adaptive signal timing in effect
EVT447050,2026-03-03 17:20:20,Political Rally,J009,Majestic,19053,Weekday,False,Clear,False,0.0,False,False,0.873,Severe,15.4,59.2,245.0,0.136,0.314,0.921,Heavy congestion detected - signal timing extended and reroute suggested
EVT447051,2026-01-17 09:15:01,Trade Fair,J020,Malleshwaram Circle,11100,Weekend,False,Clear,False,0.0,False,False,0.85,Severe,13.9,65.1,372.5,0.186,0.429,0.93,Heavy congestion detected - signal timing extended and reroute suggested
EVT447052,2025-12-22 08:31:47,Local Market Day,J009,Majestic,3116,Weekday,False,Clear,False,0.0,False,False,1.0,Severe,8.1,67.1,506.3,0.155,0.358,0.903,Heavy congestion detected - signal timing extended and reroute suggested
EVT447053,2025-09-24 07:48:28,Trade Fair,J040,City Market,10702,Weekday,False,Clear,False,0.0,False,False,0.751,Severe,14.8,54.6,244.1,0.131,0.302,0.948,Heavy congestion detected - signal timing extended and reroute suggested
EVT447054,2026-04-03 06:57:25,Sports Fixture,J031,Cubbon Road,27012,Weekday,False,Clear,False,0.0,False,False,0.524,Moderate,22.9,40.0,341.7,0.243,0.56,0.975,Moderate traffic flow - standard adaptive signal timing in effect
EVT447055,2026-06-21 12:00:35,Local Market Day,J012,Koramangala Sony World,3041,Weekend,False,Rain,True,20.2,False,False,0.557,High,21.7,36.3,146.3,0.102,0.236,0.906,Heavy rain reducing visibility and grip - reduced speed and longer buffer advised
EVT447056,2025-10-16 11:19:43,Trade Fair,J009,Majestic,4840,Weekday,False,Clear,False,0.0,False,False,0.378,Moderate,21.4,23.2,169.0,0.113,0.26,0.97,Moderate traffic flow - standard adaptive signal timing in effect
EVT447057,2026-06-17 07:23:50,Concert,J030,MG Road,9058,Weekday,False,Clear,False,0.0,False,False,0.662,High,18.5,54.6,294.9,0.187,0.431,0.99,Moderate traffic flow - standard adaptive signal timing in effect
EVT447058,2025-01-14 10:49:08,Religious Festival,J023,Basavanagudi,34210,Weekday,True,Clear,False,0.0,False,True,1.0,Severe,8.1,103.6,675.2,0.21,0.486,0.826,Road closure for event/procession - full detour recommended for through-traffic
EVT447059,2025-11-27 14:45:52,Local Market Day,J012,Koramangala Sony World,1861,Weekday,False,Clear,False,0.0,False,False,0.158,Low,33.6,7.4,173.9,0.149,0.345,0.946,Normal free-flow traffic - standard signal timing maintained
EVT447060,2025-03-31 19:23:00,Religious Festival,J023,Basavanagudi,58726,Weekday,True,Clear,False,0.0,False,False,1.0,Severe,8.2,71.6,718.7,0.225,0.519,0.876,Festival crowd surge detected - alternate route and extended cycle recommended
EVT447061,2025-12-06 13:11:57,Political Rally,J020,Malleshwaram Circle,6492,Weekend,False,Clear,False,0.0,False,False,0.288,Low,25.8,23.3,188.8,0.119,0.275,0.977,Moderate traffic flow - standard adaptive signal timing in effect
EVT447062,2026-01-24 18:21:11,Local Market Day,J011,Indiranagar 100ft Road,3922,Weekend,False,Clear,False,0.0,False,False,0.771,Severe,18.3,56.5,378.1,0.248,0.572,0.973,Heavy congestion detected - signal timing extended and reroute suggested
EVT447063,2025-09-29 08:46:28,Trade Fair,J040,City Market,8700,Weekday,False,Rain,True,13.2,False,False,1.0,Severe,8.5,60.5,654.9,0.208,0.48,0.87,Heavy rain reducing visibility and grip - reduced speed and longer buffer advised
EVT447064,2025-08-04 13:17:08,Local Market Day,J012,Koramangala Sony World,3972,Weekday,False,Clear,False,0.0,False,False,0.198,Low,33.3,12.0,160.8,0.133,0.306,0.946,Normal free-flow traffic - standard signal timing maintained
EVT447065,2025-03-11 13:44:56,Local Market Day,J011,Indiranagar 100ft Road,2852,Weekday,False,Clear,False,0.0,False,False,0.213,Low,29.0,15.9,122.4,0.08,0.186,0.941,Normal free-flow traffic - standard signal timing maintained
EVT447066,2025-06-13 07:49:01,Concert,J012,Koramangala Sony World,11994,Weekday,False,Rain,True,16.0,False,False,0.96,Severe,10.5,72.2,377.5,0.156,0.359,0.865,Heavy rain reducing visibility and grip - reduced speed and longer buffer advised
EVT447067,2026-04-05 05:35:37,Local Market Day,J011,Indiranagar 100ft Road,3264,Weekend,False,Clear,False,0.0,False,False,0.241,Low,26.8,19.2,152.1,0.091,0.21,0.976,Normal free-flow traffic - standard signal timing maintained
EVT447068,2026-01-29 19:54:32,Local Market Day,J020,Malleshwaram Circle,2492,Weekday,False,Clear,False,0.0,False,False,0.751,Severe,18.6,58.9,119.4,0.092,0.211,0.98,Heavy congestion detected - signal timing extended and reroute suggested
EVT447069,2025-05-04 15:44:26,Sports Fixture,J009,Majestic,16449,Weekend,False,Clear,False,0.0,False,False,0.473,Moderate,27.8,31.7,214.8,0.149,0.344,0.967,Moderate traffic flow - standard adaptive signal timing in effect
EVT447070,2025-12-27 16:36:08,Concert,J023,Basavanagudi,17917,Weekend,False,Clear,False,0.0,False,False,0.606,High,21.6,40.0,298.7,0.207,0.478,0.964,Moderate traffic flow - standard adaptive signal timing in effect
EVT447071,2025-10-15 20:04:34,Local Market Day,J031,Cubbon Road,2370,Weekday,False,Clear,False,0.0,False,False,0.727,High,17.4,57.3,229.5,0.142,0.328,0.986,Moderate traffic flow - standard adaptive signal timing in effect
EVT447072,2025-08-21 16:26:54,Political Rally,J030,MG Road,17078,Weekday,False,Clear,False,0.0,False,False,0.6,High,23.5,39.6,126.2,0.077,0.177,0.959,Moderate traffic flow - standard adaptive signal timing in effect
EVT447073,2025-04-08 18:54:14,Concert,J011,Indiranagar 100ft Road,15020,Weekday,False,Fog,False,0.0,False,False,1.0,Severe,7.1,77.8,666.6,0.176,0.407,0.906,Heavy congestion detected - signal timing extended and reroute suggested
EVT447074,2025-08-09 17:04:21,Political Rally,J009,Majestic,19455,Weekend,False,Heavy Rain,True,63.8,False,False,1.0,Severe,8.8,76.8,591.6,0.19,0.439,0.861,Heavy rain reducing visibility and grip - reduced speed and longer buffer advised
EVT447075,2025-08-15 09:22:04,Fireworks Display,J023,Basavanagudi,26039,Weekday,True,Heavy Rain,True,80.7,False,False,1.0,Severe,6.4,70.8,767.6,0.182,0.42,0.79,Festival crowd surge detected - alternate route and extended cycle recommended
EVT447076,2026-04-26 16:48:11,Concert,J011,Indiranagar 100ft Road,9436,Weekend,False,Fog,False,0.0,False,False,0.611,High,20.9,42.2,171.8,0.12,0.277,0.961,Moderate traffic flow - standard adaptive signal timing in effect
EVT447077,2025-10-29 06:10:28,Sports Fixture,J011,Indiranagar 100ft Road,32949,Weekday,False,Clear,False,0.0,False,False,0.453,Moderate,23.8,31.1,189.3,0.119,0.276,0.938,Moderate traffic flow - standard adaptive signal timing in effect
EVT447078,2026-06-17 21:22:18,Local Market Day,J020,Malleshwaram Circle,3525,Weekday,False,Clear,False,0.0,False,False,0.338,Low,37.7,21.4,133.2,0.137,0.317,0.963,Moderate traffic flow - standard adaptive signal timing in effect
EVT447079,2025-01-21 20:18:27,Trade Fair,J030,MG Road,10337,Weekday,False,Clear,False,0.0,False,False,0.663,High,18.3,42.8,354.3,0.235,0.544,0.945,Moderate traffic flow - standard adaptive signal timing in effect
EVT447080,2026-03-28 09:28:03,Local Market Day,J009,Majestic,5469,Weekend,False,Fog,False,0.0,False,False,0.85,Severe,11.6,58.9,198.1,0.111,0.256,0.946,Heavy congestion detected - signal timing extended and reroute suggested
EVT447081,2025-04-27 06:10:18,Trade Fair,J011,Indiranagar 100ft Road,4208,Weekend,False,Clear,False,0.0,False,False,0.31,Low,33.6,20.8,80.1,0.073,0.17,0.955,Moderate traffic flow - standard adaptive signal timing in effect
EVT447082,2025-12-17 17:49:50,Local Market Day,J030,MG Road,3177,Weekday,False,Clear,False,0.0,False,False,1.0,Severe,7.1,73.6,855.2,0.26,0.6,0.896,Heavy congestion detected - signal timing extended and reroute suggested
EVT447083,2026-05-26 17:45:24,Local Market Day,J012,Koramangala Sony World,3531,Weekday,False,Clear,False,0.0,False,False,0.976,Severe,10.3,75.6,430.9,0.184,0.425,0.913,Heavy congestion detected - signal timing extended and reroute suggested
EVT447084,2025-02-06 19:15:53,Sports Fixture,J040,City Market,30404,Weekday,False,Clear,False,0.0,False,False,1.0,Severe,9.1,73.5,590.3,0.218,0.503,0.917,Heavy congestion detected - signal timing extended and reroute suggested
EVT447085,2025-10-18 18:43:16,Concert,J020,Malleshwaram Circle,14478,Weekend,False,Clear,False,0.0,False,False,0.93,Severe,9.8,68.4,570.9,0.204,0.47,0.916,Heavy congestion detected - signal timing extended and reroute suggested
EVT447086,2026-04-19 14:37:12,Local Market Day,J030,MG Road,3764,Weekend,False,Clear,False,0.0,False,False,0.263,Low,32.9,21.2,138.1,0.115,0.265,0.983,Moderate traffic flow - standard adaptive signal timing in effect
EVT447087,2025-07-16 15:38:15,Local Market Day,J009,Majestic,8867,Weekday,False,Rain,True,22.7,False,False,0.637,High,24.6,49.1,163.4,0.11,0.254,0.917,Heavy rain reducing visibility and grip - reduced speed and longer buffer advised
EVT447088,2025-03-27 10:25:02,Concert,J012,Koramangala Sony World,7770,Weekday,False,Clear,False,0.0,False,False,0.654,High,20.6,48.2,110.4,0.077,0.177,0.966,Moderate traffic flow - standard adaptive signal timing in effect
EVT447089,2025-05-24 19:02:58,Local Market Day,J020,Malleshwaram Circle,2538,Weekend,False,Fog,False,0.0,False,False,0.783,Severe,15.8,56.3,346.6,0.177,0.409,0.953,Heavy congestion detected - signal timing extended and reroute suggested
EVT447090,2025-05-08 04:35:42,Sports Fixture,J011,Indiranagar 100ft Road,20390,Weekday,False,Rain,True,7.6,False,False,0.387,Moderate,28.3,20.0,119.0,0.108,0.249,0.928,Light rain detected - minor speed reduction advised
EVT447091,2026-01-13 08:49:50,Local Market Day,J009,Majestic,5906,Weekday,False,Clear,False,0.0,False,False,0.987,Severe,9.3,66.2,445.5,0.188,0.433,0.915,Heavy congestion detected - signal timing extended and reroute suggested
EVT447092,2026-03-13 17:57:56,Political Rally,J023,Basavanagudi,18146,Weekday,False,Clear,False,0.0,False,False,1.0,Severe,9.4,71.3,700.2,0.268,0.619,0.912,Heavy congestion detected - signal timing extended and reroute suggested
EVT447093,2026-01-14 20:35:44,Religious Festival,J030,MG Road,57632,Weekday,True,Clear,False,0.0,False,False,1.0,Severe,7.9,77.0,680.9,0.214,0.493,0.839,Festival crowd surge detected - alternate route and extended cycle recommended
EVT447094,2026-05-03 17:13:50,Local Market Day,J023,Basavanagudi,3249,Weekend,False,Clear,False,0.0,False,False,0.727,High,17.8,51.7,172.2,0.119,0.274,0.949,Moderate traffic flow - standard adaptive signal timing in effect
EVT447095,2025-03-06 10:16:02,Local Market Day,J031,Cubbon Road,7600,Weekday,False,Clear,False,0.0,False,False,0.732,High,18.2,50.5,240.9,0.141,0.327,0.971,Moderate traffic flow - standard adaptive signal timing in effect
EVT447096,2026-03-03 22:33:59,Political Rally,J012,Koramangala Sony World,16497,Weekday,False,Clear,False,0.0,False,False,0.269,Low,38.6,17.5,149.1,0.142,0.329,0.965,Moderate traffic flow - standard adaptive signal timing in effect
EVT447097,2025-02-18 22:58:17,Local Market Day,J012,Koramangala Sony World,4244,Weekday,False,Clear,False,0.0,False,False,0.166,Low,39.0,13.9,130.1,0.117,0.271,0.947,Normal free-flow traffic - standard signal timing maintained
EVT447098,2026-06-27 08:07:30,Trade Fair,J009,Majestic,7348,Weekend,False,Clear,False,0.0,False,False,0.697,High,18.5,47.8,341.7,0.22,0.508,0.967,Moderate traffic flow - standard adaptive signal timing in effect
EVT447099,2026-03-17 15:13:15,Sports Fixture,J011,Indiranagar 100ft Road,24431,Weekday,False,Clear,False,0.0,False,False,0.455,Moderate,21.4,32.8,249.8,0.157,0.362,0.96,Moderate traffic flow - standard adaptive signal timing in effect
EVT447100,2025-11-01 16:30:11,Religious Festival,J011,Indiranagar 100ft Road,57076,Weekend,True,Clear,False,0.0,False,True,1.0,Severe,6.5,97.1,882.3,0.253,0.585,0.838,Road closure for event/procession - full detour recommended for through-traffic
EVT447101,2025-10-21 16:03:50,Cultural Procession,J023,Basavanagudi,17483,Weekday,True,Rain,True,11.4,False,True,0.974,Severe,9.6,93.1,211.1,0.099,0.23,0.783,Road closure for event/procession - full detour recommended for through-traffic
EVT447102,2025-10-18 10:37:31,Trade Fair,J012,Koramangala Sony World,10450,Weekend,False,Clear,False,0.0,False,False,0.582,High,22.0,35.1,184.2,0.119,0.275,0.971,Moderate traffic flow - standard adaptive signal timing in effect
EVT447103,2025-03-30 16:19:28,Fireworks Display,J012,Koramangala Sony World,18417,Weekend,True,Light Rain,True,7.0,False,False,0.803,Severe,15.7,56.9,205.0,0.127,0.294,0.853,Festival crowd surge detected - alternate route and extended cycle recommended
EVT447104,2026-06-04 14:49:34,Local Market Day,J030,MG Road,4539,Weekday,False,Heavy Rain,True,26.4,False,False,0.509,Moderate,22.3,34.2,230.0,0.155,0.357,0.926,Light rain detected - minor speed reduction advised
EVT447105,2025-12-19 19:08:28,Sports Fixture,J011,Indiranagar 100ft Road,25655,Weekday,False,Fog,False,0.0,False,False,1.0,Severe,9.1,63.2,349.9,0.13,0.301,0.926,Heavy congestion detected - signal timing extended and reroute suggested
EVT447106,2025-03-26 17:07:33,Concert,J011,Indiranagar 100ft Road,6358,Weekday,False,Clear,False,0.0,False,False,0.663,High,17.5,48.1,188.9,0.096,0.222,0.979,Moderate traffic flow - standard adaptive signal timing in effect
EVT447107,2026-02-22 10:04:42,Sports Fixture,J011,Indiranagar 100ft Road,18322,Weekend,False,Clear,False,0.0,False,False,0.847,Severe,13.6,56.7,355.9,0.178,0.412,0.93,Heavy congestion detected - signal timing extended and reroute suggested
EVT447108,2025-08-26 09:26:28,Local Market Day,J040,City Market,5956,Weekday,False,Rain,True,18.4,False,False,1.0,Severe,9.4,72.7,449.6,0.179,0.413,0.838,Heavy rain reducing visibility and grip - reduced speed and longer buffer advised
EVT447109,2026-03-03 09:51:24,Local Market Day,J020,Malleshwaram Circle,7141,Weekday,False,Clear,False,0.0,False,False,0.963,Severe,9.7,67.0,327.0,0.13,0.3,0.927,Heavy congestion detected - signal timing extended and reroute suggested
EVT447110,2025-09-29 13:02:25,Trade Fair,J020,Malleshwaram Circle,12096,Weekday,False,Clear,False,0.0,False,False,0.161,Low,35.4,12.8,118.6,0.1,0.231,0.978,Normal free-flow traffic - standard signal timing maintained
EVT447111,2026-01-08 07:40:30,Concert,J040,City Market,7120,Weekday,False,Clear,False,0.0,False,False,0.732,High,17.9,48.1,202.8,0.111,0.257,0.984,Moderate traffic flow - standard adaptive signal timing in effect
EVT447112,2025-06-14 16:55:57,Sports Fixture,J031,Cubbon Road,23666,Weekend,False,Clear,False,0.0,False,False,0.763,Severe,16.6,53.8,217.5,0.117,0.269,0.973,Heavy congestion detected - signal timing extended and reroute suggested
EVT447113,2025-01-08 13:27:28,Political Rally,J030,MG Road,16656,Weekday,False,Clear,False,0.0,False,False,0.251,Low,29.4,18.9,113.9,0.082,0.189,0.95,Moderate traffic flow - standard adaptive signal timing in effect
EVT447114,2026-06-08 07:31:17,Concert,J011,Indiranagar 100ft Road,11136,Weekday,False,Fog,False,0.0,False,False,0.724,High,15.4,47.8,358.9,0.19,0.439,0.965,Moderate traffic flow - standard adaptive signal timing in effect
EVT447115,2026-01-23 01:03:23,Local Market Day,J020,Malleshwaram Circle,4227,Weekday,False,Clear,False,0.0,False,False,0.219,Low,35.0,13.2,180.8,0.174,0.401,0.962,Normal free-flow traffic - standard signal timing maintained
EVT447116,2025-07-29 19:00:50,Local Market Day,J009,Majestic,3500,Weekday,False,Clear,False,0.0,False,False,1.0,Severe,8.4,68.5,563.4,0.203,0.47,0.896,Heavy congestion detected - signal timing extended and reroute suggested
EVT447117,2025-10-08 06:08:06,Trade Fair,J030,MG Road,8693,Weekday,False,Clear,False,0.0,False,False,0.277,Low,33.5,21.8,130.4,0.106,0.245,0.979,Moderate traffic flow - standard adaptive signal timing in effect
EVT447118,2025-07-20 12:55:15,Local Market Day,J023,Basavanagudi,6467,Weekend,False,Heavy Rain,True,46.9,False,False,0.637,High,22.3,43.1,197.7,0.15,0.347,0.929,Heavy rain reducing visibility and grip - reduced speed and longer buffer advised
EVT447119,2025-06-28 16:39:50,Local Market Day,J030,MG Road,3468,Weekend,False,Clear,False,0.0,False,False,0.497,Moderate,24.4,37.8,211.7,0.157,0.362,0.961,Moderate traffic flow - standard adaptive signal timing in effect
EVT447120,2026-05-04 07:11:36,Local Market Day,J012,Koramangala Sony World,4176,Weekday,False,Clear,False,0.0,False,False,0.427,Moderate,30.6,28.9,179.6,0.147,0.34,0.983,Moderate traffic flow - standard adaptive signal timing in effect
EVT447121,2025-08-15 09:09:17,Fireworks Display,J012,Koramangala Sony World,28433,Weekday,True,Clear,False,0.0,True,False,1.0,Severe,7.9,71.7,532.1,0.182,0.419,0.688,Accident detected nearby - reroute and reduced speed advised
EVT447122,2025-09-30 14:07:43,Sports Fixture,J031,Cubbon Road,34729,Weekday,False,Rain,True,14.7,False,False,0.555,High,24.0,36.7,141.4,0.093,0.216,0.907,Heavy rain reducing visibility and grip - reduced speed and longer buffer advised
EVT447123,2025-09-27 23:09:26,Sports Fixture,J023,Basavanagudi,21826,Weekend,False,Clear,False,0.0,False,False,0.398,Moderate,26.6,27.8,119.8,0.104,0.239,0.971,Moderate traffic flow - standard adaptive signal timing in effect
EVT447124,2025-03-22 12:09:44,Local Market Day,J031,Cubbon Road,2773,Weekend,False,Clear,False,0.0,False,False,0.227,Low,36.9,9.6,86.8,0.078,0.181,0.938,Normal free-flow traffic - standard signal timing maintained
EVT447125,2026-05-05 18:06:35,Sports Fixture,J009,Majestic,43119,Weekday,False,Clear,False,0.0,False,False,1.0,Severe,7.0,67.5,658.7,0.202,0.467,0.901,Heavy congestion detected - signal timing extended and reroute suggested
EVT447126,2025-09-24 08:01:35,Trade Fair,J031,Cubbon Road,9752,Weekday,False,Clear,False,0.0,False,False,0.88,Severe,13.6,60.1,296.0,0.153,0.355,0.945,Heavy congestion detected - signal timing extended and reroute suggested
EVT447127,2025-02-09 14:23:17,Local Market Day,J012,Koramangala Sony World,2756,Weekend,False,Light Rain,True,0.7,False,False,0.315,Low,29.3,19.1,155.7,0.137,0.317,0.924,Light rain detected - minor speed reduction advised
EVT447128,2025-09-03 20:25:28,Sports Fixture,J011,Indiranagar 100ft Road,20719,Weekday,False,Clear,False,0.0,False,False,0.725,High,17.2,56.2,286.7,0.146,0.336,0.961,Moderate traffic flow - standard adaptive signal timing in effect
EVT447129,2025-11-01 12:52:04,Cultural Procession,J023,Basavanagudi,25335,Weekend,True,Clear,False,0.0,False,True,0.759,High,16.9,74.8,233.0,0.133,0.307,0.892,Road closure for event/procession - full detour recommended for through-traffic
EVT447130,2026-01-16 08:20:30,Sports Fixture,J020,Malleshwaram Circle,51721,Weekday,False,Clear,False,0.0,False,False,1.0,Severe,10.1,69.8,218.4,0.113,0.261,0.912,Heavy congestion detected - signal timing extended and reroute suggested
EVT447131,2025-02-21 17:20:29,Concert,J011,Indiranagar 100ft Road,9047,Weekday,False,Fog,False,0.0,False,False,0.766,Severe,16.6,54.4,219.3,0.134,0.309,0.954,Heavy congestion detected - signal timing extended and reroute suggested
EVT447132,2025-08-26 18:24:52,Sports Fixture,J020,Malleshwaram Circle,26330,Weekday,False,Heavy Rain,True,53.1,False,False,1.0,Severe,6.8,67.1,496.5,0.138,0.319,0.867,Heavy rain reducing visibility and grip - reduced speed and longer buffer advised
EVT447133,2025-08-23 17:31:14,Concert,J009,Majestic,7861,Weekend,False,Heavy Rain,True,25.9,False,False,0.998,Severe,9.0,73.4,535.2,0.2,0.461,0.87,Heavy rain reducing visibility and grip - reduced speed and longer buffer advised
EVT447134,2025-08-08 08:14:04,Sports Fixture,J040,City Market,40817,Weekday,False,Fog,False,0.0,False,False,1.0,Severe,7.7,71.3,691.2,0.246,0.568,0.911,Heavy congestion detected - signal timing extended and reroute suggested
EVT447135,2025-03-31 20:42:54,Religious Festival,J031,Cubbon Road,35880,Weekday,True,Clear,False,0.0,False,True,1.0,Severe,9.4,100.6,545.9,0.208,0.481,0.831,Road closure for event/procession - full detour recommended for through-traffic
EVT447136,2025-10-25 15:27:30,Sports Fixture,J011,Indiranagar 100ft Road,25361,Weekend,False,Clear,False,0.0,False,False,0.47,Moderate,22.8,32.7,128.2,0.085,0.197,0.99,Moderate traffic flow - standard adaptive signal timing in effect
EVT447137,2025-09-15 20:11:20,Sports Fixture,J009,Majestic,24950,Weekday,False,Clear,False,0.0,False,False,0.773,Severe,17.5,54.8,279.4,0.155,0.358,0.956,Heavy congestion detected - signal timing extended and reroute suggested
EVT447138,2025-10-05 13:04:17,Concert,J031,Cubbon Road,7495,Weekend,False,Clear,False,0.0,False,False,0.307,Low,29.3,24.7,56.6,0.04,0.092,0.94,Moderate traffic flow - standard adaptive signal timing in effect
EVT447139,2026-06-23 10:29:20,Local Market Day,J009,Majestic,2566,Weekday,False,Heavy Rain,True,28.8,False,False,0.903,Severe,10.9,63.9,459.1,0.192,0.444,0.877,Heavy rain reducing visibility and grip - reduced speed and longer buffer advised
EVT447140,2025-03-06 18:34:19,Political Rally,J020,Malleshwaram Circle,8479,Weekday,False,Clear,False,0.0,False,False,1.0,Severe,7.7,77.6,627.8,0.202,0.467,0.937,Heavy congestion detected - signal timing extended and reroute suggested
EVT447141,2026-02-05 16:15:01,Sports Fixture,J030,MG Road,21245,Weekday,False,Clear,False,0.0,False,False,0.653,High,17.4,42.9,412.3,0.238,0.55,0.94,Moderate traffic flow - standard adaptive signal timing in effect
EVT447142,2025-05-14 17:23:53,Local Market Day,J030,MG Road,2241,Weekday,False,Clear,False,0.0,False,False,0.807,Severe,16.4,55.4,289.9,0.16,0.369,0.941,Heavy congestion detected - signal timing extended and reroute suggested
EVT447143,2025-12-31 10:15:58,Local Market Day,J023,Basavanagudi,3899,Weekday,False,Clear,False,0.0,False,False,0.736,High,19.8,56.7,207.0,0.151,0.348,0.973,Moderate traffic flow - standard adaptive signal timing in effect
EVT447144,2025-10-27 16:03:47,Local Market Day,J011,Indiranagar 100ft Road,4016,Weekday,False,Clear,False,0.0,False,False,0.451,Moderate,22.3,35.3,142.6,0.097,0.224,0.952,Moderate traffic flow - standard adaptive signal timing in effect
EVT447145,2025-07-02 20:18:56,Sports Fixture,J011,Indiranagar 100ft Road,48673,Weekday,False,Light Rain,True,1.9,False,False,0.966,Severe,8.7,67.6,557.2,0.208,0.48,0.895,Heavy rain reducing visibility and grip - reduced speed and longer buffer advised
EVT447146,2026-03-01 12:38:46,Trade Fair,J040,City Market,13877,Weekend,False,Clear,False,0.0,False,False,0.373,Moderate,28.9,24.1,150.0,0.126,0.291,0.962,Moderate traffic flow - standard adaptive signal timing in effect
EVT447147,2025-07-28 13:11:05,Local Market Day,J023,Basavanagudi,8863,Weekday,False,Clear,False,0.0,False,False,0.269,Low,27.0,23.2,147.0,0.085,0.195,0.99,Moderate traffic flow - standard adaptive signal timing in effect
EVT447148,2025-04-09 18:15:07,Local Market Day,J040,City Market,4364,Weekday,False,Clear,False,0.0,False,False,0.955,Severe,8.7,68.8,649.0,0.22,0.508,0.939,Heavy congestion detected - signal timing extended and reroute suggested
EVT447149,2026-03-11 13:09:08,Local Market Day,J011,Indiranagar 100ft Road,4876,Weekday,False,Clear,False,0.0,False,False,0.196,Low,35.8,13.8,157.4,0.138,0.319,0.967,Normal free-flow traffic - standard signal timing maintained
EVT447150,2026-06-15 10:53:52,Concert,J020,Malleshwaram Circle,10904,Weekday,False,Clear,False,0.0,False,False,0.411,Moderate,20.2,31.3,225.2,0.149,0.343,0.98,Moderate traffic flow - standard adaptive signal timing in effect
EVT447151,2025-12-08 09:03:08,Local Market Day,J009,Majestic,3136,Weekday,False,Clear,False,0.0,False,False,1.0,Severe,8.2,78.6,536.1,0.19,0.439,0.902,Heavy congestion detected - signal timing extended and reroute suggested
EVT447152,2025-05-16 12:04:37,Local Market Day,J009,Majestic,1943,Weekday,False,Clear,False,0.0,False,False,0.274,Low,31.4,21.6,157.2,0.11,0.255,0.955,Moderate traffic flow - standard adaptive signal timing in effect
EVT447153,2025-12-03 17:53:48,Sports Fixture,J012,Koramangala Sony World,22722,Weekday,False,Clear,False,0.0,False,False,1.0,Severe,8.9,79.5,546.6,0.196,0.453,0.909,Heavy congestion detected - signal timing extended and reroute suggested
EVT447154,2026-02-12 08:32:17,Concert,J040,City Market,8761,Weekday,False,Clear,False,0.0,False,False,1.0,Severe,9.1,73.3,514.9,0.191,0.44,0.9,Heavy congestion detected - signal timing extended and reroute suggested
EVT447155,2025-03-07 07:17:58,Concert,J031,Cubbon Road,12290,Weekday,False,Clear,False,0.0,False,False,0.593,High,22.5,44.7,226.8,0.143,0.331,0.967,Moderate traffic flow - standard adaptive signal timing in effect
EVT447156,2025-01-01 19:29:45,Sports Fixture,J009,Majestic,42593,Weekday,False,Clear,False,0.0,False,False,1.0,Severe,8.9,76.2,441.4,0.181,0.418,0.915,Heavy congestion detected - signal timing extended and reroute suggested
EVT447157,2026-03-01 23:12:01,Sports Fixture,J012,Koramangala Sony World,25362,Weekend,False,Clear,False,0.0,False,False,0.376,Moderate,36.0,25.8,169.4,0.146,0.337,0.99,Moderate traffic flow - standard adaptive signal timing in effect
EVT447158,2025-07-22 08:58:42,Trade Fair,J011,Indiranagar 100ft Road,4154,Weekday,False,Clear,False,0.0,False,False,0.98,Severe,11.4,70.6,342.1,0.147,0.34,0.897,Heavy congestion detected - signal timing extended and reroute suggested
EVT447159,2025-01-11 15:43:41,Sports Fixture,J011,Indiranagar 100ft Road,24937,Weekend,False,Clear,False,0.0,False,False,0.508,Moderate,25.5,35.5,212.3,0.152,0.352,0.99,Moderate traffic flow - standard adaptive signal timing in effect
EVT447160,2026-02-19 05:43:29,Political Rally,J009,Majestic,13616,Weekday,False,Clear,False,0.0,False,False,0.233,Low,32.3,16.2,227.1,0.184,0.425,0.951,Normal free-flow traffic - standard signal timing maintained
EVT447161,2026-05-02 22:15:56,Religious Festival,J011,Indiranagar 100ft Road,35350,Weekend,True,Light Rain,True,1.5,False,False,0.742,High,18.5,52.4,222.6,0.145,0.336,0.869,Festival crowd surge detected - alternate route and extended cycle recommended
EVT447162,2025-03-27 07:26:06,Concert,J011,Indiranagar 100ft Road,18281,Weekday,False,Clear,False,0.0,False,False,0.702,High,20.7,50.6,275.5,0.186,0.43,0.962,Moderate traffic flow - standard adaptive signal timing in effect
EVT447163,2025-03-03 19:47:04,Sports Fixture,J012,Koramangala Sony World,27524,Weekday,False,Clear,False,0.0,False,False,0.958,Severe,8.4,66.9,328.1,0.127,0.293,0.913,Heavy congestion detected - signal timing extended and reroute suggested
EVT447164,2025-05-05 13:17:09,Local Market Day,J012,Koramangala Sony World,2456,Weekday,False,Clear,False,0.0,False,False,0.153,Low,28.1,11.8,119.8,0.093,0.214,0.976,Normal free-flow traffic - standard signal timing maintained
EVT447165,2026-03-17 10:59:36,Concert,J040,City Market,11304,Weekday,False,Clear,False,0.0,False,False,0.424,Moderate,25.1,31.9,307.4,0.24,0.555,0.986,Moderate traffic flow - standard adaptive signal timing in effect
EVT447166,2025-06-16 18:59:20,Trade Fair,J023,Basavanagudi,6048,Weekday,False,Clear,False,0.0,False,False,0.933,Severe,10.2,67.5,495.1,0.179,0.414,0.932,Heavy congestion detected - signal timing extended and reroute suggested
EVT447167,2026-01-24 20:57:16,Local Market Day,J009,Majestic,5522,Weekend,False,Clear,False,0.0,False,False,0.47,Moderate,25.9,36.6,76.3,0.066,0.152,0.955,Moderate traffic flow - standard adaptive signal timing in effect
EVT447168,2026-03-19 18:07:25,Religious Festival,J020,Malleshwaram Circle,45612,Weekday,True,Clear,False,0.0,False,True,1.0,Severe,7.3,91.5,486.6,0.15,0.346,0.831,Road closure for event/procession - full detour recommended for through-traffic
EVT447169,2025-03-30 16:05:45,Religious Festival,J030,MG Road,32623,Weekend,True,Fog,False,0.0,False,True,1.0,Severe,8.0,104.1,488.2,0.185,0.428,0.833,Road closure for event/procession - full detour recommended for through-traffic
EVT447170,2026-01-13 16:11:58,Sports Fixture,J009,Majestic,16522,Weekday,False,Clear,False,0.0,False,False,0.543,Moderate,26.3,35.1,259.0,0.182,0.42,0.96,Moderate traffic flow - standard adaptive signal timing in effect
EVT447171,2025-06-12 08:46:32,Political Rally,J030,MG Road,12195,Weekday,False,Clear,False,0.0,False,False,1.0,Severe,7.2,64.8,672.1,0.2,0.463,0.93,Heavy congestion detected - signal timing extended and reroute suggested
EVT447172,2026-01-29 19:17:34,Trade Fair,J030,MG Road,11690,Weekday,False,Clear,False,0.0,False,False,0.912,Severe,13.5,64.0,340.4,0.173,0.4,0.969,Heavy congestion detected - signal timing extended and reroute suggested
EVT447173,2025-12-14 16:08:23,Sports Fixture,J009,Majestic,15862,Weekend,False,Clear,False,0.0,False,False,0.608,High,15.8,49.1,172.8,0.088,0.203,0.96,Moderate traffic flow - standard adaptive signal timing in effect
EVT447174,2025-09-01 18:33:45,Sports Fixture,J023,Basavanagudi,36945,Weekday,False,Clear,False,0.0,False,False,1.0,Severe,7.8,68.3,374.1,0.16,0.369,0.917,Heavy congestion detected - signal timing extended and reroute suggested
EVT447175,2026-01-19 11:50:14,Concert,J031,Cubbon Road,32236,Weekday,False,Clear,False,0.0,False,False,0.371,Moderate,27.1,19.3,100.0,0.069,0.16,0.974,Moderate traffic flow - standard adaptive signal timing in effect
EVT447176,2025-03-30 08:47:03,Cultural Procession,J030,MG Road,19702,Weekend,True,Clear,False,0.0,False,True,1.0,Severe,8.3,96.0,289.8,0.117,0.271,0.823,Road closure for event/procession - full detour recommended for through-traffic
EVT447177,2025-05-03 09:27:08,Sports Fixture,J011,Indiranagar 100ft Road,16626,Weekend,False,Clear,False,0.0,False,False,0.873,Severe,12.8,66.3,364.1,0.161,0.373,0.936,Heavy congestion detected - signal timing extended and reroute suggested
EVT447178,2026-05-31 06:50:20,Political Rally,J012,Koramangala Sony World,18953,Weekend,False,Light Rain,True,4.8,False,False,0.565,High,24.4,45.4,222.4,0.162,0.373,0.895,Heavy rain reducing visibility and grip - reduced speed and longer buffer advised
EVT447179,2026-01-22 20:54:53,Political Rally,J040,City Market,11573,Weekday,False,Clear,False,0.0,False,False,0.468,Moderate,30.3,37.4,207.4,0.206,0.476,0.964,Moderate traffic flow - standard adaptive signal timing in effect
EVT447180,2025-04-05 08:42:51,Concert,J023,Basavanagudi,14606,Weekend,False,Clear,False,0.0,False,False,0.844,Severe,14.3,60.0,353.3,0.17,0.392,0.942,Heavy congestion detected - signal timing extended and reroute suggested
EVT447181,2025-02-13 12:15:31,Local Market Day,J020,Malleshwaram Circle,3216,Weekday,False,Clear,False,0.0,False,False,0.257,Low,37.3,13.6,97.4,0.064,0.149,0.98,Moderate traffic flow - standard adaptive signal timing in effect
EVT447182,2025-01-24 13:05:00,Concert,J012,Koramangala Sony World,13184,Weekday,False,Clear,False,0.0,False,False,0.3,Low,33.3,23.5,139.8,0.134,0.309,0.95,Moderate traffic flow - standard adaptive signal timing in effect
EVT447183,2026-06-23 09:49:47,Political Rally,J040,City Market,17500,Weekday,False,Clear,False,0.0,False,False,0.906,Severe,10.1,55.1,699.6,0.264,0.609,0.924,Heavy congestion detected - signal timing extended and reroute suggested
EVT447184,2025-02-12 11:04:47,Political Rally,J020,Malleshwaram Circle,23782,Weekday,False,Clear,False,0.0,False,False,0.612,High,18.3,48.3,319.5,0.205,0.473,0.975,Moderate traffic flow - standard adaptive signal timing in effect
EVT447185,2025-09-28 09:27:12,Concert,J009,Majestic,8380,Weekend,False,Heavy Rain,True,31.7,False,False,1.0,Severe,11.4,77.1,817.0,0.331,0.766,0.86,Heavy rain reducing visibility and grip - reduced speed and longer buffer advised
EVT447186,2025-03-10 17:53:25,Sports Fixture,J012,Koramangala Sony World,15752,Weekday,False,Clear,False,0.0,False,False,1.0,Severe,10.1,67.6,593.3,0.233,0.539,0.89,Heavy congestion detected - signal timing extended and reroute suggested
EVT447187,2025-04-08 07:34:31,Trade Fair,J020,Malleshwaram Circle,13796,Weekday,False,Clear,False,0.0,False,False,0.623,High,15.1,47.0,337.2,0.151,0.349,0.952,Moderate traffic flow - standard adaptive signal timing in effect
EVT447188,2025-10-22 18:16:09,Religious Festival,J023,Basavanagudi,25315,Weekday,True,Clear,False,0.0,False,False,1.0,Severe,8.5,72.2,652.8,0.198,0.458,0.887,Festival crowd surge detected - alternate route and extended cycle recommended
EVT447189,2025-07-24 21:08:33,Local Market Day,J009,Majestic,2348,Weekday,False,Rain,True,7.8,False,False,0.457,Moderate,26.8,36.0,137.9,0.095,0.218,0.919,Light rain detected - minor speed reduction advised
EVT447190,2026-01-20 09:45:51,Sports Fixture,J023,Basavanagudi,14777,Weekday,False,Clear,False,0.0,False,False,0.863,Severe,11.0,65.2,336.7,0.146,0.338,0.94,Heavy congestion detected - signal timing extended and reroute suggested
EVT447191,2025-10-06 07:56:16,Local Market Day,J030,MG Road,3988,Weekday,False,Clear,False,0.0,False,False,0.752,Severe,17.5,50.0,330.5,0.208,0.48,0.925,Heavy congestion detected - signal timing extended and reroute suggested
EVT447192,2025-11-03 16:31:18,Political Rally,J011,Indiranagar 100ft Road,13155,Weekday,False,Clear,False,0.0,False,False,0.588,High,20.1,38.0,201.6,0.147,0.34,0.972,Moderate traffic flow - standard adaptive signal timing in effect
EVT447193,2025-04-03 19:51:28,Local Market Day,J020,Malleshwaram Circle,2130,Weekday,False,Clear,False,0.0,False,False,0.745,High,18.0,50.3,210.6,0.122,0.283,0.975,Moderate traffic flow - standard adaptive signal timing in effect
EVT447194,2025-02-03 12:57:02,Sports Fixture,J040,City Market,32861,Weekday,False,Light Rain,True,2.4,False,False,0.355,Moderate,27.5,22.4,122.1,0.083,0.192,0.923,Light rain detected - minor speed reduction advised
EVT447195,2025-09-09 17:24:12,Sports Fixture,J031,Cubbon Road,23047,Weekday,False,Clear,False,0.0,False,False,0.996,Severe,7.5,77.7,786.3,0.267,0.617,0.905,Heavy congestion detected - signal timing extended and reroute suggested
EVT447196,2025-05-31 16:09:43,Trade Fair,J011,Indiranagar 100ft Road,7574,Weekend,False,Clear,False,0.0,False,False,0.554,High,25.0,36.3,179.7,0.147,0.339,0.953,Moderate traffic flow - standard adaptive signal timing in effect
EVT447197,2025-04-08 18:53:56,Trade Fair,J031,Cubbon Road,9747,Weekday,False,Clear,False,0.0,False,False,1.0,Severe,9.6,74.2,577.4,0.202,0.467,0.915,Heavy congestion detected - signal timing extended and reroute suggested
EVT447198,2025-06-23 13:59:19,Sports Fixture,J040,City Market,16553,Weekday,False,Heavy Rain,True,33.7,False,False,0.564,High,20.6,45.9,201.0,0.142,0.328,0.919,Heavy rain reducing visibility and grip - reduced speed and longer buffer advised
EVT447199,2025-01-03 15:19:06,Trade Fair,J009,Majestic,8777,Weekday,False,Fog,False,0.0,False,False,0.177,Low,37.2,10.7,125.6,0.104,0.241,0.953,Normal free-flow traffic - standard signal timing maintained
EVT447200,2026-06-17 08:21:21,Trade Fair,J040,City Market,6153,Weekday,False,Heavy Rain,True,27.5,False,False,1.0,Severe,6.0,68.4,971.0,0.249,0.575,0.878,Heavy rain reducing visibility and grip - reduced speed and longer buffer advised
EVT447201,2026-04-22 19:30:26,Local Market Day,J009,Majestic,3001,Weekday,False,Clear,False,0.0,False,False,0.873,Severe,12.2,63.6,524.8,0.229,0.529,0.941,Heavy congestion detected - signal timing extended and reroute suggested
EVT447202,2025-10-21 08:11:24,Religious Festival,J040,City Market,44547,Weekday,True,Heavy Rain,True,31.9,False,False,1.0,Severe,8.1,67.4,523.9,0.173,0.401,0.822,Festival crowd surge detected - alternate route and extended cycle recommended
EVT447203,2025-06-26 19:06:06,Concert,J030,MG Road,30447,Weekday,False,Rain,True,12.9,False,False,1.0,Severe,9.3,68.3,186.5,0.067,0.154,0.848,Heavy rain reducing visibility and grip - reduced speed and longer buffer advised
EVT447204,2025-07-27 17:40:17,Trade Fair,J030,MG Road,9965,Weekend,False,Rain,True,11.3,False,False,1.0,Severe,8.8,75.3,206.8,0.086,0.199,0.866,Heavy rain reducing visibility and grip - reduced speed and longer buffer advised
EVT447205,2025-10-27 12:01:54,Local Market Day,J023,Basavanagudi,1574,Weekday,False,Clear,False,0.0,False,False,0.176,Low,27.9,10.7,195.6,0.136,0.314,0.966,Normal free-flow traffic - standard signal timing maintained
EVT447206,2026-02-02 07:59:17,Local Market Day,J040,City Market,4014,Weekday,False,Clear,False,0.0,False,False,0.74,High,11.5,53.7,257.1,0.11,0.255,0.95,Moderate traffic flow - standard adaptive signal timing in effect
EVT447207,2026-02-19 09:18:20,Concert,J020,Malleshwaram Circle,16048,Weekday,False,Clear,False,0.0,False,False,1.0,Severe,10.5,71.8,297.7,0.129,0.298,0.93,Heavy congestion detected - signal timing extended and reroute suggested
EVT447208,2026-01-03 22:05:41,Concert,J012,Koramangala Sony World,16856,Weekend,False,Clear,False,0.0,False,False,0.458,Moderate,28.8,35.5,217.9,0.167,0.385,0.975,Moderate traffic flow - standard adaptive signal timing in effect
EVT447209,2026-02-11 19:29:30,Political Rally,J040,City Market,23405,Weekday,False,Clear,False,0.0,False,False,1.0,Severe,8.5,76.3,497.5,0.173,0.401,0.893,Heavy congestion detected - signal timing extended and reroute suggested
EVT447210,2025-03-28 19:56:06,Concert,J011,Indiranagar 100ft Road,10333,Weekday,False,Clear,False,0.0,False,False,0.765,Severe,15.9,54.9,336.8,0.156,0.361,0.976,Heavy congestion detected - signal timing extended and reroute suggested
EVT447211,2025-01-06 09:33:53,Sports Fixture,J040,City Market,35525,Weekday,False,Clear,False,0.0,False,False,1.0,Severe,9.8,74.7,266.9,0.122,0.282,0.912,Heavy congestion detected - signal timing extended and reroute suggested
EVT447212,2025-07-12 08:16:27,Trade Fair,J040,City Market,11564,Weekend,False,Rain,True,20.1,False,False,1.0,Severe,9.0,70.6,582.3,0.208,0.48,0.88,Heavy rain reducing visibility and grip - reduced speed and longer buffer advised
EVT447213,2026-03-25 10:08:38,Trade Fair,J031,Cubbon Road,8398,Weekday,False,Clear,False,0.0,False,False,0.783,Severe,18.3,61.4,277.9,0.16,0.37,0.941,Heavy congestion detected - signal timing extended and reroute suggested
EVT447214,2025-06-06 08:59:37,Concert,J020,Malleshwaram Circle,12515,Weekday,False,Light Rain,True,5.0,False,False,1.0,Severe,8.7,64.0,404.2,0.163,0.377,0.855,Heavy rain reducing visibility and grip - reduced speed and longer buffer advised
EVT447215,2026-03-17 08:06:22,Trade Fair,J023,Basavanagudi,7640,Weekday,False,Clear,False,0.0,False,False,0.866,Severe,14.6,63.0,358.5,0.2,0.462,0.969,Heavy congestion detected - signal timing extended and reroute suggested
EVT447216,2025-09-29 21:30:02,Trade Fair,J012,Koramangala Sony World,11422,Weekday,False,Clear,False,0.0,False,False,0.359,Moderate,30.3,27.4,108.5,0.093,0.216,0.973,Moderate traffic flow - standard adaptive signal timing in effect
EVT447217,2025-11-11 09:53:24,Concert,J020,Malleshwaram Circle,6991,Weekday,False,Fog,False,0.0,False,False,0.867,Severe,10.4,68.3,304.1,0.13,0.301,0.935,Heavy congestion detected - signal timing extended and reroute suggested
EVT447218,2025-06-16 10:30:29,Local Market Day,J009,Majestic,1831,Weekday,False,Clear,False,0.0,False,False,0.653,High,14.6,46.4,191.9,0.107,0.248,0.978,Moderate traffic flow - standard adaptive signal timing in effect
EVT447219,2025-04-03 06:47:52,Local Market Day,J009,Majestic,3464,Weekday,False,Clear,False,0.0,False,False,0.39,Moderate,29.3,25.1,159.7,0.12,0.276,0.971,Moderate traffic flow - standard adaptive signal timing in effect
EVT447220,2026-01-03 11:07:24,Concert,J009,Majestic,10872,Weekend,False,Clear,False,0.0,False,False,0.458,Moderate,29.5,40.8,150.8,0.12,0.278,0.99,Moderate traffic flow - standard adaptive signal timing in effect
EVT447221,2025-07-15 17:07:22,Trade Fair,J020,Malleshwaram Circle,11297,Weekday,False,Clear,False,0.0,False,False,0.926,Severe,9.8,65.1,389.2,0.155,0.359,0.943,Heavy congestion detected - signal timing extended and reroute suggested
EVT447222,2025-04-19 23:59:44,Concert,J023,Basavanagudi,5736,Weekend,False,Light Rain,True,7.0,False,False,0.432,Moderate,24.7,33.2,267.8,0.181,0.419,0.921,Light rain detected - minor speed reduction advised
EVT447223,2025-03-26 17:18:32,Trade Fair,J009,Majestic,6442,Weekday,False,Clear,False,0.0,False,False,0.787,Severe,12.3,58.1,541.1,0.248,0.574,0.971,Heavy congestion detected - signal timing extended and reroute suggested
EVT447224,2025-10-14 14:36:58,Local Market Day,J011,Indiranagar 100ft Road,3188,Weekday,False,Clear,False,0.0,False,False,0.212,Low,39.4,20.9,148.5,0.122,0.281,0.957,Normal free-flow traffic - standard signal timing maintained
EVT447225,2026-04-14 08:57:25,Cultural Procession,J023,Basavanagudi,25178,Weekday,True,Clear,False,0.0,False,False,1.0,Severe,9.8,67.4,749.5,0.273,0.63,0.848,Festival crowd surge detected - alternate route and extended cycle recommended
EVT447226,2025-05-28 07:23:30,Sports Fixture,J023,Basavanagudi,22523,Weekday,False,Light Rain,True,0.6,False,False,0.658,High,20.2,44.4,203.6,0.14,0.323,0.918,Heavy rain reducing visibility and grip - reduced speed and longer buffer advised
EVT447227,2025-05-21 16:40:48,Concert,J031,Cubbon Road,13182,Weekday,False,Clear,False,0.0,False,False,0.733,High,19.2,51.9,269.0,0.176,0.406,0.987,Moderate traffic flow - standard adaptive signal timing in effect
EVT447228,2025-10-23 18:04:13,Trade Fair,J020,Malleshwaram Circle,10434,Weekday,False,Clear,False,0.0,False,False,0.953,Severe,9.3,71.4,401.2,0.157,0.364,0.94,Heavy congestion detected - signal timing extended and reroute suggested
EVT447229,2025-07-19 09:08:00,Local Market Day,J009,Majestic,3516,Weekend,False,Clear,False,0.0,False,False,0.834,Severe,13.6,58.3,238.8,0.132,0.306,0.953,Heavy congestion detected - signal timing extended and reroute suggested
EVT447230,2025-08-12 19:03:05,Sports Fixture,J023,Basavanagudi,38884,Weekday,False,Clear,False,0.0,False,False,1.0,Severe,8.2,71.6,748.3,0.238,0.549,0.879,Heavy congestion detected - signal timing extended and reroute suggested
EVT447231,2026-05-08 19:18:33,Concert,J040,City Market,10628,Weekday,False,Rain,True,17.8,False,False,1.0,Severe,9.5,73.3,527.3,0.197,0.454,0.874,Heavy rain reducing visibility and grip - reduced speed and longer buffer advised
EVT447232,2025-05-23 19:37:39,Sports Fixture,J020,Malleshwaram Circle,21876,Weekday,False,Clear,False,0.0,False,False,0.967,Severe,10.3,72.2,351.8,0.147,0.339,0.912,Heavy congestion detected - signal timing extended and reroute suggested
EVT447233,2025-05-06 21:09:46,Trade Fair,J031,Cubbon Road,6186,Weekday,False,Clear,False,0.0,False,False,0.365,Moderate,29.4,26.9,127.3,0.103,0.237,0.955,Moderate traffic flow - standard adaptive signal timing in effect
EVT447234,2025-03-19 09:54:25,Political Rally,J030,MG Road,18420,Weekday,False,Clear,False,0.0,False,False,0.922,Severe,10.2,68.8,440.9,0.187,0.431,0.921,Heavy congestion detected - signal timing extended and reroute suggested
EVT447235,2025-10-10 10:32:50,Sports Fixture,J012,Koramangala Sony World,14168,Weekday,False,Clear,False,0.0,False,False,0.619,High,20.2,39.8,344.0,0.214,0.495,0.985,Moderate traffic flow - standard adaptive signal timing in effect
EVT447236,2025-07-09 18:33:18,Trade Fair,J030,MG Road,10806,Weekday,False,Clear,False,0.0,False,False,1.0,Severe,9.4,73.4,441.5,0.175,0.405,0.9,Heavy congestion detected - signal timing extended and reroute suggested
EVT447237,2025-09-22 18:49:48,Political Rally,J040,City Market,8442,Weekday,False,Clear,False,0.0,False,False,1.0,Severe,8.8,70.9,255.7,0.099,0.228,0.914,Heavy congestion detected - signal timing extended and reroute suggested
EVT447238,2025-10-26 06:05:05,Political Rally,J020,Malleshwaram Circle,11979,Weekend,False,Clear,False,0.0,False,False,0.369,Moderate,32.5,28.2,196.4,0.179,0.414,0.965,Moderate traffic flow - standard adaptive signal timing in effect
EVT447239,2026-05-04 16:12:34,Political Rally,J011,Indiranagar 100ft Road,17238,Weekday,False,Light Rain,True,6.2,False,False,0.652,High,16.8,42.7,167.4,0.096,0.222,0.922,Heavy rain reducing visibility and grip - reduced speed and longer buffer advised
EVT447240,2025-10-24 16:42:33,Trade Fair,J040,City Market,3346,Weekday,False,Clear,False,0.0,False,False,0.554,High,26.8,35.8,182.0,0.143,0.33,0.959,Moderate traffic flow - standard adaptive signal timing in effect
EVT447241,2026-02-24 12:16:35,Sports Fixture,J009,Majestic,17223,Weekday,False,Clear,False,0.0,False,False,0.376,Moderate,16.9,23.9,260.4,0.128,0.297,0.966,Moderate traffic flow - standard adaptive signal timing in effect
EVT447242,2026-03-25 17:19:46,Sports Fixture,J031,Cubbon Road,9811,Weekday,False,Clear,False,0.0,False,False,0.949,Severe,10.6,70.2,415.4,0.169,0.392,0.932,Heavy congestion detected - signal timing extended and reroute suggested
EVT447243,2025-07-20 07:33:39,Sports Fixture,J040,City Market,18805,Weekend,False,Heavy Rain,True,58.4,False,False,0.953,Severe,10.1,70.0,555.7,0.205,0.473,0.866,Heavy rain reducing visibility and grip - reduced speed and longer buffer advised
EVT447244,2026-05-01 18:44:23,Religious Festival,J011,Indiranagar 100ft Road,46667,Weekday,True,Clear,False,0.0,False,False,1.0,Severe,8.1,77.4,613.5,0.213,0.492,0.876,Festival crowd surge detected - alternate route and extended cycle recommended
EVT447245,2026-04-22 11:29:48,Local Market Day,J030,MG Road,4567,Weekday,False,Clear,False,0.0,False,False,0.34,Low,31.2,23.6,136.5,0.12,0.277,0.959,Moderate traffic flow - standard adaptive signal timing in effect
EVT447246,2025-05-31 15:02:47,Political Rally,J030,MG Road,10084,Weekend,False,Clear,False,0.0,False,False,0.37,Moderate,19.0,28.5,398.9,0.222,0.513,0.961,Moderate traffic flow - standard adaptive signal timing in effect
EVT447247,2026-05-25 07:08:48,Political Rally,J009,Majestic,20087,Weekday,False,Clear,False,0.0,False,False,0.525,Moderate,22.4,40.8,230.7,0.136,0.313,0.943,Moderate traffic flow - standard adaptive signal timing in effect
EVT447248,2025-06-10 18:36:42,Trade Fair,J031,Cubbon Road,11958,Weekday,False,Clear,False,0.0,False,False,1.0,Severe,10.3,68.9,352.8,0.138,0.318,0.935,Heavy congestion detected - signal timing extended and reroute suggested
EVT447249,2026-03-07 18:18:15,Concert,J011,Indiranagar 100ft Road,11517,Weekend,False,Clear,False,0.0,False,False,0.948,Severe,11.0,67.2,351.9,0.187,0.433,0.907,Heavy congestion detected - signal timing extended and reroute suggested
EVT447250,2025-02-11 13:25:10,Trade Fair,J040,City Market,13914,Weekday,False,Clear,False,0.0,False,False,0.208,Low,31.1,12.0,148.7,0.091,0.209,0.957,Normal free-flow traffic - standard signal timing maintained
EVT447251,2025-06-20 11:57:11,Sports Fixture,J023,Basavanagudi,20934,Weekday,False,Clear,False,0.0,False,False,0.347,Low,32.3,19.1,171.4,0.131,0.302,0.963,Moderate traffic flow - standard adaptive signal timing in effect
EVT447252,2025-02-03 07:15:27,Local Market Day,J030,MG Road,7828,Weekday,False,Clear,False,0.0,False,False,0.522,Moderate,26.5,37.0,287.0,0.221,0.51,0.957,Moderate traffic flow - standard adaptive signal timing in effect
EVT447253,2025-01-14 16:58:08,Cultural Procession,J020,Malleshwaram Circle,22951,Weekday,True,Clear,False,0.0,False,True,1.0,Severe,7.9,111.0,825.2,0.271,0.625,0.844,Road closure for event/procession - full detour recommended for through-traffic
EVT447254,2025-07-13 18:50:07,Concert,J009,Majestic,7386,Weekend,False,Clear,False,0.0,False,False,0.765,Severe,19.1,48.5,414.0,0.265,0.613,0.949,Heavy congestion detected - signal timing extended and reroute suggested
EVT447255,2025-02-02 06:07:40,Local Market Day,J040,City Market,4424,Weekend,False,Clear,False,0.0,False,False,0.285,Low,29.2,21.4,73.7,0.058,0.134,0.99,Moderate traffic flow - standard adaptive signal timing in effect
EVT447256,2025-09-27 21:57:22,Concert,J023,Basavanagudi,9426,Weekend,False,Clear,False,0.0,False,False,0.311,Low,31.3,21.9,63.5,0.055,0.128,0.974,Moderate traffic flow - standard adaptive signal timing in effect
EVT447257,2026-05-30 13:45:43,Sports Fixture,J023,Basavanagudi,48319,Weekend,False,Clear,False,0.0,False,False,0.525,Moderate,23.9,40.0,292.5,0.219,0.506,0.958,Moderate traffic flow - standard adaptive signal timing in effect
EVT447258,2025-05-26 12:17:08,Sports Fixture,J009,Majestic,23450,Weekday,False,Heavy Rain,True,33.4,False,False,0.622,High,18.7,51.7,162.0,0.081,0.187,0.903,Heavy rain reducing visibility and grip - reduced speed and longer buffer advised
EVT447259,2026-03-31 17:32:53,Trade Fair,J031,Cubbon Road,6058,Weekday,False,Clear,False,0.0,False,False,0.869,Severe,9.9,57.2,669.8,0.286,0.661,0.914,Heavy congestion detected - signal timing extended and reroute suggested
EVT447260,2026-05-31 13:23:57,Local Market Day,J020,Malleshwaram Circle,3854,Weekend,False,Clear,False,0.0,False,False,0.205,Low,32.5,6.5,131.3,0.125,0.29,0.938,Normal free-flow traffic - standard signal timing maintained
EVT447261,2025-06-15 18:06:31,Local Market Day,J011,Indiranagar 100ft Road,6408,Weekend,False,Heavy Rain,True,64.3,False,False,1.0,Severe,8.2,69.6,578.2,0.214,0.495,0.859,Heavy rain reducing visibility and grip - reduced speed and longer buffer advised
EVT447262,2025-03-17 09:31:57,Local Market Day,J030,MG Road,4561,Weekday,False,Light Rain,True,3.5,False,False,1.0,Severe,9.3,70.1,642.8,0.236,0.545,0.878,Heavy rain reducing visibility and grip - reduced speed and longer buffer advised
EVT447263,2025-07-14 16:18:44,Local Market Day,J009,Majestic,4318,Weekday,False,Rain,True,24.1,False,False,0.77,Severe,19.8,55.1,296.8,0.197,0.455,0.93,Heavy rain reducing visibility and grip - reduced speed and longer buffer advised
EVT447264,2026-01-26 18:28:32,Cultural Procession,J011,Indiranagar 100ft Road,15681,Weekday,True,Clear,False,0.0,False,True,1.0,Severe,8.5,98.2,442.6,0.194,0.447,0.849,Road closure for event/procession - full detour recommended for through-traffic
EVT447265,2025-10-08 07:34:38,Political Rally,J011,Indiranagar 100ft Road,18136,Weekday,False,Clear,False,0.0,False,False,0.728,High,17.5,51.5,216.5,0.124,0.287,0.942,Moderate traffic flow - standard adaptive signal timing in effect
EVT447266,2025-05-21 09:33:42,Sports Fixture,J012,Koramangala Sony World,28702,Weekday,False,Clear,False,0.0,False,False,1.0,Severe,7.1,63.3,466.8,0.156,0.361,0.915,Heavy congestion detected - signal timing extended and reroute suggested
EVT447267,2025-07-15 19:34:57,Sports Fixture,J009,Majestic,25724,Weekday,False,Clear,False,0.0,False,False,0.935,Severe,11.9,67.4,431.4,0.196,0.453,0.944,Heavy congestion detected - signal timing extended and reroute suggested
EVT447268,2025-05-12 15:36:43,Sports Fixture,J031,Cubbon Road,30988,Weekday,False,Clear,False,0.0,False,False,0.469,Moderate,24.2,35.6,255.1,0.167,0.385,0.984,Moderate traffic flow - standard adaptive signal timing in effect
EVT447269,2026-01-01 15:03:23,Religious Festival,J023,Basavanagudi,45068,Weekday,True,Clear,False,0.0,False,True,0.869,High,11.3,80.1,438.9,0.201,0.465,0.864,Road closure for event/procession - full detour recommended for through-traffic
EVT447270,2025-10-13 20:57:12,Sports Fixture,J011,Indiranagar 100ft Road,44806,Weekday,False,Clear,False,0.0,False,False,0.715,High,18.4,49.6,317.8,0.185,0.427,0.967,Moderate traffic flow - standard adaptive signal timing in effect
EVT447271,2025-04-02 20:11:55,Local Market Day,J040,City Market,3867,Weekday,False,Clear,False,0.0,False,False,0.577,High,20.1,43.4,197.8,0.117,0.27,0.976,Moderate traffic flow - standard adaptive signal timing in effect
EVT447272,2025-03-21 12:25:30,Concert,J040,City Market,21207,Weekday,False,Clear,False,0.0,False,False,0.274,Low,30.8,20.0,122.3,0.111,0.257,0.96,Moderate traffic flow - standard adaptive signal timing in effect
EVT447273,2025-11-30 18:00:57,Trade Fair,J031,Cubbon Road,13192,Weekend,False,Light Rain,True,5.5,False,False,1.0,Severe,7.9,68.0,421.3,0.158,0.366,0.867,Heavy rain reducing visibility and grip - reduced speed and longer buffer advised
EVT447274,2026-05-13 20:45:19,Trade Fair,J023,Basavanagudi,11071,Weekday,False,Clear,False,0.0,False,False,0.498,Moderate,25.8,32.9,139.5,0.105,0.243,0.969,Moderate traffic flow - standard adaptive signal timing in effect
EVT447275,2025-12-27 11:09:47,Local Market Day,J011,Indiranagar 100ft Road,4624,Weekend,False,Fog,False,0.0,False,False,0.43,Moderate,28.7,30.7,220.2,0.171,0.394,0.976,Moderate traffic flow - standard adaptive signal timing in effect
EVT447276,2026-04-02 09:48:21,Local Market Day,J011,Indiranagar 100ft Road,4726,Weekday,False,Clear,False,0.0,False,False,0.823,Severe,11.9,59.7,394.6,0.165,0.381,0.956,Heavy congestion detected - signal timing extended and reroute suggested
EVT447277,2026-06-02 08:05:58,Trade Fair,J012,Koramangala Sony World,14363,Weekday,False,Clear,False,0.0,False,False,0.874,Severe,10.9,61.6,387.4,0.16,0.371,0.934,Heavy congestion detected - signal timing extended and reroute suggested
EVT447278,2025-10-21 08:36:30,Religious Festival,J023,Basavanagudi,29879,Weekday,True,Clear,False,0.0,False,False,1.0,Severe,6.2,66.1,226.0,0.069,0.159,0.875,Festival crowd surge detected - alternate route and extended cycle recommended
EVT447279,2026-01-24 14:01:27,Political Rally,J040,City Market,10313,Weekend,False,Clear,False,0.0,False,False,0.3,Low,25.5,14.2,107.8,0.067,0.155,0.988,Moderate traffic flow - standard adaptive signal timing in effect
EVT447280,2025-12-17 18:44:10,Concert,J009,Majestic,14170,Weekday,False,Clear,False,0.0,False,False,1.0,Severe,7.7,67.5,632.5,0.193,0.446,0.907,Heavy congestion detected - signal timing extended and reroute suggested
EVT447281,2026-04-16 15:18:24,Local Market Day,J040,City Market,4687,Weekday,False,Clear,False,0.0,False,False,0.343,Low,29.7,26.8,143.0,0.111,0.256,0.98,Moderate traffic flow - standard adaptive signal timing in effect
EVT447282,2025-07-22 02:31:21,Concert,J031,Cubbon Road,5982,Weekday,False,Clear,False,0.0,False,False,0.127,Low,40.9,9.6,142.7,0.163,0.377,0.971,Normal free-flow traffic - standard signal timing maintained
EVT447283,2025-01-09 13:21:41,Trade Fair,J012,Koramangala Sony World,9520,Weekday,False,Clear,False,0.0,False,False,0.249,Low,35.8,14.0,93.6,0.092,0.214,0.978,Normal free-flow traffic - standard signal timing maintained
EVT447284,2025-02-22 16:15:48,Local Market Day,J009,Majestic,4023,Weekend,False,Clear,False,0.0,False,False,0.447,Moderate,22.4,30.2,180.3,0.109,0.253,0.943,Moderate traffic flow - standard adaptive signal timing in effect
EVT447285,2025-05-02 16:10:23,Religious Festival,J040,City Market,53101,Weekday,True,Clear,False,0.0,False,True,1.0,Severe,8.4,98.8,312.3,0.138,0.319,0.839,Road closure for event/procession - full detour recommended for through-traffic
EVT447286,2025-10-09 07:45:51,Trade Fair,J031,Cubbon Road,21308,Weekday,False,Rain,True,9.0,False,False,0.955,Severe,9.8,70.0,485.4,0.215,0.496,0.869,Heavy rain reducing visibility and grip - reduced speed and longer buffer advised
EVT447287,2026-02-21 06:23:24,Concert,J009,Majestic,12640,Weekend,False,Clear,False,0.0,False,False,0.297,Low,28.6,14.3,164.7,0.126,0.29,0.968,Moderate traffic flow - standard adaptive signal timing in effect
EVT447288,2026-06-08 15:37:44,Local Market Day,J012,Koramangala Sony World,6871,Weekday,False,Clear,False,0.0,False,False,0.363,Moderate,26.3,27.1,128.5,0.093,0.214,0.976,Moderate traffic flow - standard adaptive signal timing in effect
EVT447289,2026-01-15 22:45:20,Religious Festival,J031,Cubbon Road,21941,Weekday,True,Clear,False,0.0,False,False,0.541,Moderate,23.0,37.5,234.0,0.175,0.405,0.936,Festival crowd surge detected - alternate route and extended cycle recommended
EVT447290,2025-08-16 08:42:30,Religious Festival,J030,MG Road,56911,Weekend,True,Rain,True,23.6,True,False,1.0,Severe,10.6,64.7,504.0,0.199,0.46,0.668,Accident detected nearby - reroute and reduced speed advised
EVT447291,2025-06-20 19:33:33,Local Market Day,J030,MG Road,4305,Weekday,False,Clear,False,0.0,False,False,0.879,Severe,12.6,61.8,476.3,0.218,0.503,0.95,Heavy congestion detected - signal timing extended and reroute suggested
EVT447292,2025-05-26 13:32:58,Local Market Day,J012,Koramangala Sony World,3182,Weekday,False,Clear,False,0.0,False,False,0.164,Low,34.7,9.4,135.1,0.097,0.223,0.938,Normal free-flow traffic - standard signal timing maintained
EVT447293,2026-05-05 07:56:36,Concert,J040,City Market,21390,Weekday,False,Clear,False,0.0,False,False,0.945,Severe,7.5,66.6,403.4,0.145,0.335,0.949,Heavy congestion detected - signal timing extended and reroute suggested
EVT447294,2026-02-03 18:58:22,Concert,J030,MG Road,9780,Weekday,False,Clear,False,0.0,False,False,1.0,Severe,8.5,76.4,383.0,0.134,0.309,0.885,Heavy congestion detected - signal timing extended and reroute suggested
EVT447295,2025-07-08 19:44:21,Sports Fixture,J012,Koramangala Sony World,18150,Weekday,False,Light Rain,True,6.0,False,False,1.0,Severe,7.8,73.1,447.8,0.129,0.298,0.866,Heavy rain reducing visibility and grip - reduced speed and longer buffer advised
EVT447296,2025-09-07 13:24:36,Concert,J020,Malleshwaram Circle,7360,Weekend,False,Light Rain,True,7.0,False,False,0.372,Moderate,21.5,29.4,240.4,0.162,0.373,0.89,Light rain detected - minor speed reduction advised
EVT447297,2025-03-25 20:01:46,Sports Fixture,J011,Indiranagar 100ft Road,27530,Weekday,False,Clear,False,0.0,False,False,0.866,Severe,15.7,62.2,302.6,0.159,0.368,0.94,Heavy congestion detected - signal timing extended and reroute suggested
EVT447298,2025-01-11 13:24:48,Local Market Day,J020,Malleshwaram Circle,8880,Weekend,False,Clear,False,0.0,False,False,0.217,Low,38.8,18.3,93.5,0.105,0.244,0.966,Normal free-flow traffic - standard signal timing maintained
EVT447299,2025-02-12 16:58:30,Political Rally,J030,MG Road,28616,Weekday,False,Clear,False,0.0,False,False,0.924,Severe,10.2,66.5,509.2,0.207,0.478,0.917,Heavy congestion detected - signal timing extended and reroute suggested
EVT447300,2025-07-05 10:55:37,Political Rally,J012,Koramangala Sony World,18494,Weekend,False,Clear,False,0.0,False,False,0.518,Moderate,20.6,38.4,226.1,0.155,0.357,0.95,Moderate traffic flow - standard adaptive signal timing in effect
EVT447301,2025-07-12 19:18:58,Trade Fair,J031,Cubbon Road,6866,Weekend,False,Rain,True,17.6,False,False,0.939,Severe,11.7,67.9,289.8,0.13,0.3,0.873,Heavy rain reducing visibility and grip - reduced speed and longer buffer advised
EVT447302,2026-06-21 12:11:31,Local Market Day,J012,Koramangala Sony World,3276,Weekend,False,Clear,False,0.0,False,False,0.274,Low,28.5,21.6,109.3,0.069,0.159,0.954,Moderate traffic flow - standard adaptive signal timing in effect
EVT447303,2026-01-28 21:15:12,Local Market Day,J011,Indiranagar 100ft Road,4595,Weekday,False,Clear,False,0.0,False,False,0.422,Moderate,26.9,30.1,187.9,0.146,0.338,0.99,Moderate traffic flow - standard adaptive signal timing in effect
EVT447304,2025-01-09 17:50:13,Trade Fair,J020,Malleshwaram Circle,13936,Weekday,False,Clear,False,0.0,False,False,1.0,Severe,7.2,69.9,501.3,0.151,0.348,0.915,Heavy congestion detected - signal timing extended and reroute suggested
EVT447305,2026-05-24 08:10:10,Political Rally,J020,Malleshwaram Circle,13890,Weekend,False,Heavy Rain,True,35.5,False,False,1.0,Severe,7.2,71.1,517.8,0.168,0.388,0.833,Heavy rain reducing visibility and grip - reduced speed and longer buffer advised
EVT447306,2025-08-27 17:46:31,Cultural Procession,J020,Malleshwaram Circle,15582,Weekday,True,Clear,False,0.0,True,True,1.0,Severe,8.6,97.3,638.3,0.236,0.545,0.674,Road closure for event/procession - full detour recommended for through-traffic
EVT447307,2025-05-26 14:55:02,Sports Fixture,J009,Majestic,23017,Weekday,False,Light Rain,True,2.6,False,False,0.4,Moderate,27.9,27.3,177.7,0.158,0.365,0.902,Light rain detected - minor speed reduction advised
EVT447308,2025-12-09 16:51:01,Trade Fair,J031,Cubbon Road,12740,Weekday,False,Clear,False,0.0,False,False,0.747,High,17.9,58.8,221.0,0.138,0.319,0.977,Moderate traffic flow - standard adaptive signal timing in effect
EVT447309,2026-01-23 20:14:59,Concert,J012,Koramangala Sony World,17241,Weekday,False,Clear,False,0.0,False,False,0.737,High,13.9,52.0,361.4,0.195,0.451,0.955,Moderate traffic flow - standard adaptive signal timing in effect
EVT447310,2026-06-03 18:30:03,Local Market Day,J023,Basavanagudi,2572,Weekday,False,Heavy Rain,True,41.2,False,False,1.0,Severe,7.7,76.0,598.2,0.184,0.426,0.865,Heavy rain reducing visibility and grip - reduced speed and longer buffer advised
EVT447311,2026-06-13 06:30:33,Local Market Day,J011,Indiranagar 100ft Road,4255,Weekend,False,Heavy Rain,True,42.5,False,False,0.738,High,20.6,59.0,114.2,0.086,0.199,0.901,Heavy rain reducing visibility and grip - reduced speed and longer buffer advised
EVT447312,2026-01-14 11:43:12,Religious Festival,J023,Basavanagudi,24390,Weekday,True,Clear,False,0.0,False,False,0.654,High,19.4,48.1,282.2,0.182,0.421,0.893,Festival crowd surge detected - alternate route and extended cycle recommended
EVT447313,2025-03-11 11:41:44,Trade Fair,J012,Koramangala Sony World,6893,Weekday,False,Clear,False,0.0,False,False,0.28,Low,38.0,21.8,168.2,0.153,0.354,0.951,Moderate traffic flow - standard adaptive signal timing in effect
EVT447314,2025-05-03 16:36:06,Concert,J012,Koramangala Sony World,7849,Weekend,False,Rain,True,9.5,False,False,0.638,High,21.2,47.5,272.2,0.183,0.422,0.898,Heavy rain reducing visibility and grip - reduced speed and longer buffer advised
EVT447315,2025-11-01 14:09:40,Cultural Procession,J020,Malleshwaram Circle,21831,Weekend,True,Clear,False,0.0,False,True,0.74,High,21.2,75.3,382.6,0.247,0.57,0.887,Road closure for event/procession - full detour recommended for through-traffic
EVT447316,2025-05-13 11:47:33,Concert,J040,City Market,11881,Weekday,False,Clear,False,0.0,False,False,0.309,Low,32.2,20.7,60.6,0.057,0.133,0.951,Moderate traffic flow - standard adaptive signal timing in effect
EVT447317,2025-10-05 18:51:51,Trade Fair,J011,Indiranagar 100ft Road,6399,Weekend,False,Clear,False,0.0,False,False,0.873,Severe,10.2,65.4,172.6,0.076,0.176,0.968,Heavy congestion detected - signal timing extended and reroute suggested
EVT447318,2025-04-08 18:54:02,Political Rally,J012,Koramangala Sony World,17040,Weekday,False,Clear,False,0.0,False,False,1.0,Severe,9.2,71.4,458.8,0.171,0.396,0.92,Heavy congestion detected - signal timing extended and reroute suggested
EVT447319,2026-04-16 07:15:12,Sports Fixture,J009,Majestic,19846,Weekday,False,Clear,False,0.0,False,False,0.574,High,24.8,45.3,158.4,0.124,0.287,0.95,Moderate traffic flow - standard adaptive signal timing in effect
EVT447320,2025-10-09 19:31:25,Concert,J031,Cubbon Road,10716,Weekday,False,Clear,False,0.0,False,False,0.89,Severe,10.1,60.5,690.5,0.257,0.593,0.941,Heavy congestion detected - signal timing extended and reroute suggested
EVT447321,2025-05-21 06:54:51,Concert,J023,Basavanagudi,23322,Weekday,False,Clear,False,0.0,False,False,0.542,Moderate,21.6,39.5,244.1,0.174,0.402,0.959,Moderate traffic flow - standard adaptive signal timing in effect
EVT447322,2025-03-11 22:48:12,Sports Fixture,J031,Cubbon Road,21296,Weekday,False,Clear,False,0.0,False,False,0.232,Low,37.6,19.6,156.1,0.138,0.318,0.99,Normal free-flow traffic - standard signal timing maintained
EVT447323,2026-02-28 17:04:52,Concert,J009,Majestic,13064,Weekend,False,Light Rain,True,6.3,False,False,0.873,Severe,11.2,62.6,630.2,0.27,0.623,0.886,Heavy rain reducing visibility and grip - reduced speed and longer buffer advised
EVT447324,2025-03-22 12:33:00,Concert,J012,Koramangala Sony World,7501,Weekend,False,Clear,False,0.0,False,False,0.201,Low,29.6,11.4,60.5,0.046,0.106,0.966,Normal free-flow traffic - standard signal timing maintained
EVT447325,2025-07-01 12:28:34,Sports Fixture,J040,City Market,14825,Weekday,False,Rain,True,18.3,False,False,0.562,High,19.9,46.7,273.2,0.183,0.422,0.902,Heavy rain reducing visibility and grip - reduced speed and longer buffer advised
EVT447326,2025-04-09 16:16:45,Trade Fair,J020,Malleshwaram Circle,6952,Weekday,False,Clear,False,0.0,False,False,0.513,Moderate,22.5,36.3,372.9,0.256,0.592,0.965,Moderate traffic flow - standard adaptive signal timing in effect
EVT447327,2026-06-20 18:04:30,Local Market Day,J020,Malleshwaram Circle,2616,Weekend,False,Clear,False,0.0,False,False,0.856,Severe,13.4,57.6,143.3,0.06,0.139,0.982,Heavy congestion detected - signal timing extended and reroute suggested
EVT447328,2026-03-02 06:02:02,Concert,J009,Majestic,12113,Weekday,False,Clear,False,0.0,False,False,0.245,Low,29.4,21.1,147.3,0.119,0.276,0.967,Normal free-flow traffic - standard signal timing maintained
EVT447329,2025-05-23 21:34:41,Concert,J020,Malleshwaram Circle,5865,Weekday,False,Clear,False,0.0,False,False,0.313,Low,29.5,21.3,167.1,0.144,0.332,0.948,Moderate traffic flow - standard adaptive signal timing in effect
EVT447330,2026-06-20 18:30:23,Local Market Day,J020,Malleshwaram Circle,3497,Weekend,False,Clear,False,0.0,False,False,0.768,Severe,15.9,61.4,232.9,0.139,0.321,0.948,Heavy congestion detected - signal timing extended and reroute suggested
EVT447331,2025-08-22 09:52:22,Local Market Day,J023,Basavanagudi,4102,Weekday,False,Heavy Rain,True,41.2,False,False,1.0,Severe,8.9,72.1,637.8,0.235,0.544,0.874,Heavy rain reducing visibility and grip - reduced speed and longer buffer advised
EVT447332,2025-07-27 08:18:19,Sports Fixture,J023,Basavanagudi,37493,Weekend,False,Clear,False,0.0,False,False,0.999,Severe,7.5,68.7,738.2,0.244,0.564,0.923,Heavy congestion detected - signal timing extended and reroute suggested
EVT447333,2025-01-20 11:37:44,Trade Fair,J020,Malleshwaram Circle,6243,Weekday,False,Clear,False,0.0,False,False,0.383,Moderate,27.3,27.1,301.7,0.247,0.57,0.925,Moderate traffic flow - standard adaptive signal timing in effect
EVT447334,2026-02-06 12:17:36,Local Market Day,J031,Cubbon Road,3302,Weekday,False,Clear,False,0.0,False,False,0.202,Low,40.1,13.5,94.7,0.082,0.19,0.948,Normal free-flow traffic - standard signal timing maintained
EVT447335,2026-02-03 17:40:20,Trade Fair,J012,Koramangala Sony World,5307,Weekday,False,Clear,False,0.0,False,False,0.905,Severe,13.1,65.9,433.1,0.203,0.47,0.932,Heavy congestion detected - signal timing extended and reroute suggested
EVT447336,2025-08-26 03:04:39,Local Market Day,J020,Malleshwaram Circle,3129,Weekday,False,Clear,False,0.0,False,False,0.177,Low,37.8,11.6,81.9,0.067,0.154,0.975,Normal free-flow traffic - standard signal timing maintained
EVT447337,2025-12-26 18:08:21,Religious Festival,J020,Malleshwaram Circle,87494,Weekday,True,Clear,False,0.0,False,True,1.0,Severe,8.4,102.1,440.2,0.168,0.389,0.833,Road closure for event/procession - full detour recommended for through-traffic
EVT447338,2025-08-28 10:34:31,Cultural Procession,J023,Basavanagudi,9693,Weekday,True,Rain,True,21.4,False,False,1.0,Severe,8.0,73.9,717.0,0.217,0.501,0.804,Festival crowd surge detected - alternate route and extended cycle recommended
EVT447339,2025-07-07 09:21:32,Concert,J030,MG Road,11959,Weekday,False,Clear,False,0.0,False,False,1.0,Severe,8.3,70.1,595.5,0.215,0.496,0.883,Heavy congestion detected - signal timing extended and reroute suggested
EVT447340,2025-08-17 12:57:00,Local Market Day,J020,Malleshwaram Circle,4686,Weekend,False,Heavy Rain,True,77.5,False,False,0.573,High,27.3,45.7,140.6,0.101,0.233,0.93,Heavy rain reducing visibility and grip - reduced speed and longer buffer advised
EVT447341,2025-09-30 13:34:53,Sports Fixture,J009,Majestic,14747,Weekday,False,Clear,False,0.0,False,False,0.252,Low,27.0,12.9,68.5,0.049,0.112,0.94,Moderate traffic flow - standard adaptive signal timing in effect
EVT447342,2025-07-16 08:15:25,Concert,J040,City Market,12451,Weekday,False,Clear,False,0.0,False,False,0.916,Severe,14.5,68.1,370.7,0.19,0.44,0.952,Heavy congestion detected - signal timing extended and reroute suggested
EVT447343,2026-04-18 00:42:20,Sports Fixture,J031,Cubbon Road,16006,Weekend,False,Clear,False,0.0,False,False,0.322,Low,25.8,20.8,134.6,0.106,0.246,0.972,Moderate traffic flow - standard adaptive signal timing in effect
EVT447344,2025-01-01 15:56:29,Trade Fair,J020,Malleshwaram Circle,7072,Weekday,False,Clear,False,0.0,False,False,0.403,Moderate,24.4,28.6,203.2,0.127,0.294,0.99,Moderate traffic flow - standard adaptive signal timing in effect
EVT447345,2025-04-17 18:21:04,Concert,J012,Koramangala Sony World,15093,Weekday,False,Clear,False,0.0,False,False,1.0,Severe,7.9,67.9,433.1,0.161,0.372,0.925,Heavy congestion detected - signal timing extended and reroute suggested
EVT447346,2025-09-21 07:04:19,Sports Fixture,J009,Majestic,26699,Weekend,False,Clear,False,0.0,False,False,0.587,High,18.4,41.1,194.4,0.11,0.253,0.958,Moderate traffic flow - standard adaptive signal timing in effect
EVT447347,2026-04-29 07:15:09,Sports Fixture,J012,Koramangala Sony World,27594,Weekday,False,Clear,False,0.0,False,False,0.637,High,16.8,50.7,286.1,0.162,0.375,0.966,Moderate traffic flow - standard adaptive signal timing in effect
EVT447348,2025-04-29 17:05:39,Concert,J020,Malleshwaram Circle,14676,Weekday,False,Clear,False,0.0,False,False,0.818,Severe,12.1,53.1,152.2,0.077,0.177,0.975,Heavy congestion detected - signal timing extended and reroute suggested
EVT447349,2025-01-03 14:24:06,Political Rally,J009,Majestic,23258,Weekday,False,Clear,False,0.0,False,False,0.406,Moderate,28.2,24.9,62.2,0.046,0.106,0.982,Moderate traffic flow - standard adaptive signal timing in effect
EVT447350,2026-06-09 11:04:57,Local Market Day,J009,Majestic,3586,Weekday,False,Clear,False,0.0,False,False,0.387,Moderate,26.1,29.8,151.9,0.114,0.264,0.969,Moderate traffic flow - standard adaptive signal timing in effect
EVT447351,2026-03-04 10:13:03,Religious Festival,J009,Majestic,62875,Weekday,True,Clear,False,0.0,False,False,1.0,Severe,6.5,71.2,768.1,0.217,0.501,0.858,Festival crowd surge detected - alternate route and extended cycle recommended
EVT447352,2025-09-07 19:40:49,Local Market Day,J030,MG Road,4338,Weekend,False,Clear,False,0.0,False,False,0.688,High,17.8,46.9,187.0,0.098,0.228,0.979,Moderate traffic flow - standard adaptive signal timing in effect
EVT447353,2025-10-23 06:02:28,Concert,J040,City Market,10891,Weekday,False,Rain,True,23.5,False,False,0.513,Moderate,27.0,37.8,258.6,0.191,0.442,0.902,Light rain detected - minor speed reduction advised
EVT447354,2025-11-16 12:47:51,Sports Fixture,J011,Indiranagar 100ft Road,10267,Weekend,False,Light Rain,True,7.0,False,False,0.463,Moderate,27.8,32.0,139.2,0.086,0.199,0.932,Light rain detected - minor speed reduction advised
EVT447355,2026-05-09 16:38:13,Sports Fixture,J023,Basavanagudi,24865,Weekend,False,Clear,False,0.0,False,False,0.74,High,17.3,53.2,202.9,0.125,0.289,0.99,Moderate traffic flow - standard adaptive signal timing in effect
EVT447356,2026-06-01 17:27:10,Concert,J009,Majestic,13263,Weekday,False,Clear,False,0.0,False,False,0.963,Severe,9.2,59.7,644.2,0.242,0.559,0.942,Heavy congestion detected - signal timing extended and reroute suggested
EVT447357,2026-05-02 08:10:25,Religious Festival,J023,Basavanagudi,48502,Weekend,True,Clear,False,0.0,False,True,1.0,Severe,5.9,95.5,845.1,0.232,0.536,0.834,Road closure for event/procession - full detour recommended for through-traffic
EVT447358,2025-01-21 09:14:21,Local Market Day,J040,City Market,2439,Weekday,False,Clear,False,0.0,False,False,1.0,Severe,7.8,64.8,634.3,0.232,0.537,0.924,Heavy congestion detected - signal timing extended and reroute suggested
EVT447359,2026-01-27 22:59:03,Fireworks Display,J040,City Market,30230,Weekday,True,Clear,False,0.0,False,False,0.585,High,24.8,41.3,133.0,0.092,0.213,0.9,Festival crowd surge detected - alternate route and extended cycle recommended
EVT447360,2025-01-06 11:50:06,Trade Fair,J023,Basavanagudi,9407,Weekday,False,Clear,False,0.0,False,False,0.281,Low,30.7,19.8,155.4,0.146,0.336,0.977,Moderate traffic flow - standard adaptive signal timing in effect
EVT447361,2026-04-02 15:25:49,Sports Fixture,J011,Indiranagar 100ft Road,18650,Weekday,False,Clear,False,0.0,False,False,0.414,Moderate,26.4,26.4,236.2,0.182,0.421,0.96,Moderate traffic flow - standard adaptive signal timing in effect
EVT447362,2025-05-08 14:01:04,Sports Fixture,J012,Koramangala Sony World,12018,Weekday,False,Clear,False,0.0,False,False,0.156,Low,29.5,8.9,124.4,0.085,0.197,0.972,Normal free-flow traffic - standard signal timing maintained
EVT447363,2025-11-17 07:11:26,Concert,J031,Cubbon Road,12669,Weekday,False,Clear,False,0.0,False,False,0.573,High,24.1,42.3,183.5,0.134,0.31,0.964,Moderate traffic flow - standard adaptive signal timing in effect
EVT447364,2026-01-17 20:41:10,Sports Fixture,J011,Indiranagar 100ft Road,16396,Weekend,False,Clear,False,0.0,False,False,0.553,High,14.6,41.8,430.0,0.189,0.437,0.957,Moderate traffic flow - standard adaptive signal timing in effect
EVT447365,2025-06-25 17:50:50,Local Market Day,J020,Malleshwaram Circle,3106,Weekday,False,Rain,True,15.2,False,False,1.0,Severe,7.7,69.9,453.5,0.155,0.357,0.844,Heavy rain reducing visibility and grip - reduced speed and longer buffer advised
EVT447366,2026-06-06 09:35:25,Concert,J030,MG Road,7894,Weekend,False,Clear,False,0.0,False,False,0.893,Severe,10.8,67.0,260.9,0.115,0.267,0.941,Heavy congestion detected - signal timing extended and reroute suggested
EVT447367,2025-08-28 16:01:09,Religious Festival,J012,Koramangala Sony World,66804,Weekday,True,Clear,False,0.0,False,True,1.0,Severe,7.3,103.0,677.7,0.225,0.52,0.863,Road closure for event/procession - full detour recommended for through-traffic
EVT447368,2025-08-19 14:39:24,Political Rally,J012,Koramangala Sony World,8016,Weekday,False,Clear,False,0.0,False,False,0.157,Low,29.5,4.8,94.9,0.081,0.188,0.971,Normal free-flow traffic - standard signal timing maintained
EVT447369,2025-07-19 08:25:26,Sports Fixture,J030,MG Road,26197,Weekend,False,Rain,True,23.0,False,False,1.0,Severe,7.3,64.6,396.9,0.126,0.29,0.836,Heavy rain reducing visibility and grip - reduced speed and longer buffer advised
EVT447370,2025-06-21 19:04:27,Concert,J030,MG Road,12808,Weekend,False,Clear,False,0.0,False,False,0.882,Severe,10.0,60.1,504.8,0.203,0.468,0.929,Heavy congestion detected - signal timing extended and reroute suggested
EVT447371,2025-07-10 16:21:01,Trade Fair,J030,MG Road,4884,Weekday,False,Clear,False,0.0,False,False,0.494,Moderate,27.8,34.8,252.9,0.216,0.5,0.944,Moderate traffic flow - standard adaptive signal timing in effect
EVT447372,2025-05-04 07:59:01,Local Market Day,J040,City Market,3083,Weekend,False,Clear,False,0.0,False,False,0.773,Severe,20.7,54.1,332.7,0.229,0.529,0.939,Heavy congestion detected - signal timing extended and reroute suggested
EVT447373,2025-12-25 16:17:17,Religious Festival,J040,City Market,48324,Weekday,True,Clear,False,0.0,False,True,1.0,Severe,9.2,98.8,531.9,0.18,0.417,0.811,Road closure for event/procession - full detour recommended for through-traffic
EVT447374,2025-04-10 19:12:45,Concert,J012,Koramangala Sony World,23986,Weekday,False,Clear,False,0.0,False,False,1.0,Severe,9.8,65.5,723.6,0.293,0.676,0.914,Heavy congestion detected - signal timing extended and reroute suggested
EVT447375,2026-03-11 07:57:33,Local Market Day,J030,MG Road,3306,Weekday,False,Clear,False,0.0,False,False,0.757,Severe,16.9,54.8,250.6,0.137,0.318,0.974,Heavy congestion detected - signal timing extended and reroute suggested
EVT447376,2025-07-19 09:17:00,Local Market Day,J020,Malleshwaram Circle,1987,Weekend,False,Clear,False,0.0,False,False,0.82,Severe,14.5,54.4,395.4,0.219,0.505,0.956,Heavy congestion detected - signal timing extended and reroute suggested
EVT447377,2025-02-21 10:38:25,Sports Fixture,J011,Indiranagar 100ft Road,18308,Weekday,False,Clear,False,0.0,False,False,0.638,High,22.7,45.6,89.6,0.057,0.131,0.965,Moderate traffic flow - standard adaptive signal timing in effect
EVT447378,2025-04-21 14:26:17,Local Market Day,J011,Indiranagar 100ft Road,4489,Weekday,False,Light Rain,True,4.3,False,False,0.34,Low,31.7,22.0,89.3,0.067,0.156,0.886,Light rain detected - minor speed reduction advised
EVT447379,2025-07-22 21:04:46,Sports Fixture,J030,MG Road,30213,Weekday,False,Heavy Rain,True,86.7,False,False,0.961,Severe,10.6,69.7,296.3,0.109,0.251,0.873,Heavy rain reducing visibility and grip - reduced speed and longer buffer advised
EVT447380,2025-12-21 21:36:54,Sports Fixture,J011,Indiranagar 100ft Road,18970,Weekend,False,Clear,False,0.0,False,False,0.503,Moderate,32.9,39.4,161.4,0.144,0.333,0.969,Moderate traffic flow - standard adaptive signal timing in effect
EVT447381,2026-03-11 21:23:11,Local Market Day,J040,City Market,5264,Weekday,False,Clear,False,0.0,False,False,0.381,Moderate,30.3,28.1,228.5,0.187,0.433,0.971,Moderate traffic flow - standard adaptive signal timing in effect
EVT447382,2025-12-02 17:01:40,Concert,J031,Cubbon Road,7788,Weekday,False,Clear,False,0.0,False,False,0.737,High,17.8,57.4,279.7,0.161,0.372,0.981,Moderate traffic flow - standard adaptive signal timing in effect
EVT447383,2026-03-24 21:00:45,Trade Fair,J040,City Market,5959,Weekday,False,Clear,False,0.0,False,False,0.394,Moderate,24.9,27.9,153.2,0.095,0.22,0.954,Moderate traffic flow - standard adaptive signal timing in effect
EVT447384,2025-09-02 07:47:26,Sports Fixture,J031,Cubbon Road,23613,Weekday,False,Clear,False,0.0,False,False,0.759,Severe,16.9,54.6,261.4,0.157,0.362,0.954,Heavy congestion detected - signal timing extended and reroute suggested
EVT447385,2025-03-15 21:23:37,Religious Festival,J009,Majestic,73350,Weekend,True,Clear,False,0.0,False,True,1.0,Severe,7.5,101.1,826.3,0.266,0.613,0.845,Road closure for event/procession - full detour recommended for through-traffic
EVT447386,2025-11-06 08:24:07,Concert,J040,City Market,24288,Weekday,False,Clear,False,0.0,False,False,1.0,Severe,7.5,72.4,814.6,0.23,0.531,0.911,Heavy congestion detected - signal timing extended and reroute suggested
EVT447387,2025-12-15 23:12:24,Sports Fixture,J031,Cubbon Road,27474,Weekday,False,Clear,False,0.0,False,False,0.329,Low,30.9,22.5,137.3,0.127,0.293,0.977,Moderate traffic flow - standard adaptive signal timing in effect
EVT447388,2025-05-29 06:03:45,Local Market Day,J040,City Market,6832,Weekday,False,Clear,False,0.0,False,False,0.171,Low,38.3,8.5,61.7,0.069,0.16,0.942,Normal free-flow traffic - standard signal timing maintained
EVT447389,2025-09-21 19:52:00,Concert,J012,Koramangala Sony World,12446,Weekend,False,Rain,True,14.2,False,False,0.968,Severe,7.7,73.2,795.3,0.242,0.558,0.857,Heavy rain reducing visibility and grip - reduced speed and longer buffer advised
EVT447390,2026-05-27 10:36:27,Local Market Day,J030,MG Road,3143,Weekday,False,Clear,False,0.0,False,False,0.523,Moderate,24.6,39.2,247.1,0.175,0.405,0.984,Moderate traffic flow - standard adaptive signal timing in effect
EVT447391,2025-02-23 20:16:19,Trade Fair,J011,Indiranagar 100ft Road,7933,Weekend,False,Clear,False,0.0,False,False,0.617,High,24.0,42.2,182.7,0.143,0.33,0.963,Moderate traffic flow - standard adaptive signal timing in effect
EVT447392,2025-10-12 13:15:48,Local Market Day,J023,Basavanagudi,7907,Weekend,False,Clear,False,0.0,False,False,0.241,Low,26.8,12.5,164.9,0.122,0.281,0.972,Normal free-flow traffic - standard signal timing maintained
EVT447393,2025-10-24 10:14:42,Trade Fair,J011,Indiranagar 100ft Road,15630,Weekday,False,Clear,False,0.0,False,False,0.808,Severe,17.1,57.7,375.3,0.211,0.488,0.965,Heavy congestion detected - signal timing extended and reroute suggested
EVT447394,2025-12-20 23:01:34,Political Rally,J011,Indiranagar 100ft Road,15056,Weekend,False,Clear,False,0.0,False,False,0.399,Moderate,27.7,28.9,149.6,0.123,0.285,0.972,Moderate traffic flow - standard adaptive signal timing in effect
EVT447395,2026-05-14 13:47:06,Local Market Day,J023,Basavanagudi,3916,Weekday,False,Clear,False,0.0,False,False,0.151,Low,36.2,14.3,138.2,0.095,0.219,0.99,Normal free-flow traffic - standard signal timing maintained
EVT447396,2025-05-20 18:43:32,Local Market Day,J020,Malleshwaram Circle,5745,Weekday,False,Clear,False,0.0,False,False,1.0,Severe,7.4,72.8,621.5,0.217,0.502,0.901,Heavy congestion detected - signal timing extended and reroute suggested
EVT447397,2025-08-21 09:43:39,Concert,J009,Majestic,8730,Weekday,False,Clear,False,0.0,False,False,0.957,Severe,9.1,66.4,335.1,0.128,0.295,0.925,Heavy congestion detected - signal timing extended and reroute suggested
EVT447398,2025-03-14 20:40:11,Cultural Procession,J030,MG Road,10648,Weekday,True,Clear,False,0.0,False,True,1.0,Severe,9.8,97.3,785.3,0.263,0.609,0.824,Road closure for event/procession - full detour recommended for through-traffic
EVT447399,2025-10-22 19:18:18,Religious Festival,J040,City Market,60776,Weekday,True,Clear,False,0.0,False,True,1.0,Severe,7.8,99.7,522.1,0.185,0.427,0.844,Road closure for event/procession - full detour recommended for through-traffic
EVT447400,2025-03-30 08:54:00,Cultural Procession,J012,Koramangala Sony World,12732,Weekend,True,Clear,False,0.0,False,True,1.0,Severe,9.1,100.6,492.6,0.194,0.447,0.844,Road closure for event/procession - full detour recommended for through-traffic
EVT447401,2025-11-06 15:46:49,Local Market Day,J040,City Market,2042,Weekday,False,Light Rain,True,6.1,False,False,0.525,Moderate,20.8,36.8,281.0,0.191,0.442,0.921,Light rain detected - minor speed reduction advised
EVT447402,2026-03-22 10:30:58,Trade Fair,J040,City Market,7910,Weekend,False,Clear,False,0.0,False,False,0.6,High,22.0,43.0,91.4,0.039,0.089,0.952,Moderate traffic flow - standard adaptive signal timing in effect
EVT447403,2026-02-14 17:18:05,Sports Fixture,J040,City Market,14786,Weekend,False,Clear,False,0.0,False,False,0.757,Severe,15.8,57.3,264.4,0.129,0.298,0.936,Heavy congestion detected - signal timing extended and reroute suggested
EVT447404,2025-03-07 17:11:53,Local Market Day,J012,Koramangala Sony World,5354,Weekday,False,Clear,False,0.0,False,False,0.867,Severe,13.4,61.8,145.8,0.077,0.178,0.923,Heavy congestion detected - signal timing extended and reroute suggested
EVT447405,2025-12-02 20:34:26,Trade Fair,J009,Majestic,13664,Weekday,False,Clear,False,0.0,False,False,0.609,High,17.9,43.6,221.4,0.123,0.284,0.979,Moderate traffic flow - standard adaptive signal timing in effect
EVT447406,2025-07-27 05:54:31,Trade Fair,J020,Malleshwaram Circle,9442,Weekend,False,Heavy Rain,True,63.1,True,False,1.0,Severe,9.7,70.1,679.4,0.262,0.606,0.69,Accident detected nearby - reroute and reduced speed advised
EVT447407,2026-01-26 19:10:52,Cultural Procession,J030,MG Road,26016,Weekday,True,Clear,False,0.0,False,True,1.0,Severe,7.6,106.6,560.8,0.19,0.439,0.847,Road closure for event/procession - full detour recommended for through-traffic
EVT447408,2025-09-06 07:51:33,Religious Festival,J009,Majestic,41016,Weekend,True,Clear,False,0.0,False,True,1.0,Severe,9.5,105.3,354.8,0.142,0.329,0.812,Road closure for event/procession - full detour recommended for through-traffic
EVT447409,2025-06-14 20:51:43,Sports Fixture,J030,MG Road,47866,Weekend,False,Clear,False,0.0,False,False,0.641,High,20.1,42.5,309.9,0.219,0.506,0.969,Moderate traffic flow - standard adaptive signal timing in effect
EVT447410,2025-06-23 18:08:18,Concert,J012,Koramangala Sony World,15887,Weekday,False,Clear,False,0.0,False,False,1.0,Severe,8.0,75.5,246.8,0.092,0.212,0.922,Heavy congestion detected - signal timing extended and reroute suggested
EVT447411,2025-12-09 17:52:58,Concert,J012,Koramangala Sony World,11206,Weekday,False,Clear,False,0.0,False,False,0.986,Severe,10.7,74.1,359.1,0.149,0.345,0.91,Heavy congestion detected - signal timing extended and reroute suggested
EVT447412,2025-06-08 18:52:30,Trade Fair,J009,Majestic,13504,Weekend,False,Light Rain,True,3.8,False,False,0.924,Severe,9.2,65.5,591.7,0.219,0.506,0.892,Heavy rain reducing visibility and grip - reduced speed and longer buffer advised
EVT447413,2026-04-30 17:31:48,Local Market Day,J011,Indiranagar 100ft Road,3629,Weekday,False,Clear,False,0.0,False,False,0.88,Severe,14.2,64.3,295.0,0.163,0.376,0.945,Heavy congestion detected - signal timing extended and reroute suggested
EVT447414,2026-05-23 09:51:17,Concert,J009,Majestic,12048,Weekend,False,Clear,False,0.0,False,False,0.721,High,19.2,48.3,194.7,0.121,0.279,0.973,Moderate traffic flow - standard adaptive signal timing in effect
EVT447415,2025-09-08 09:30:40,Concert,J040,City Market,24904,Weekday,False,Clear,False,0.0,False,False,1.0,Severe,7.2,73.9,807.2,0.249,0.575,0.905,Heavy congestion detected - signal timing extended and reroute suggested
EVT447416,2025-10-03 14:10:30,Religious Festival,J011,Indiranagar 100ft Road,31078,Weekday,True,Clear,False,0.0,False,True,0.765,High,14.5,72.5,395.0,0.195,0.451,0.902,Road closure for event/procession - full detour recommended for through-traffic
EVT447417,2025-11-30 10:22:47,Sports Fixture,J020,Malleshwaram Circle,15826,Weekend,False,Clear,False,0.0,False,False,0.621,High,21.6,36.5,304.2,0.205,0.473,0.937,Moderate traffic flow - standard adaptive signal timing in effect
EVT447418,2025-06-06 05:56:00,Concert,J009,Majestic,15379,Weekday,False,Clear,False,0.0,False,False,0.333,Low,34.2,25.8,99.0,0.103,0.237,0.961,Moderate traffic flow - standard adaptive signal timing in effect
EVT447419,2025-05-31 05:43:28,Political Rally,J040,City Market,11529,Weekend,False,Clear,False,0.0,False,False,0.35,Moderate,27.9,21.5,154.4,0.123,0.284,0.974,Moderate traffic flow - standard adaptive signal timing in effect
EVT447420,2025-07-20 18:40:07,Sports Fixture,J023,Basavanagudi,27261,Weekend,False,Rain,True,14.3,False,False,1.0,Severe,6.5,71.4,682.5,0.185,0.428,0.866,Heavy rain reducing visibility and grip - reduced speed and longer buffer advised
EVT447421,2025-03-03 17:57:30,Political Rally,J023,Basavanagudi,11917,Weekday,False,Clear,False,0.0,False,False,1.0,Severe,8.6,77.1,447.4,0.163,0.377,0.923,Heavy congestion detected - signal timing extended and reroute suggested
EVT447422,2026-01-29 13:20:01,Political Rally,J012,Koramangala Sony World,21663,Weekday,False,Clear,False,0.0,False,False,0.298,Low,29.6,17.8,151.1,0.117,0.27,0.958,Moderate traffic flow - standard adaptive signal timing in effect
EVT447423,2025-11-29 19:37:33,Sports Fixture,J040,City Market,27393,Weekend,False,Clear,False,0.0,False,False,0.792,Severe,15.0,51.9,359.8,0.176,0.407,0.937,Heavy congestion detected - signal timing extended and reroute suggested
EVT447424,2025-07-01 17:38:15,Political Rally,J009,Majestic,16422,Weekday,False,Rain,True,11.9,False,False,1.0,Severe,9.5,71.8,614.9,0.225,0.52,0.876,Heavy rain reducing visibility and grip - reduced speed and longer buffer advised
EVT447425,2025-04-06 19:46:12,Religious Festival,J011,Indiranagar 100ft Road,30529,Weekend,True,Clear,False,0.0,False,True,1.0,Severe,7.2,100.2,534.4,0.166,0.384,0.839,Road closure for event/procession - full detour recommended for through-traffic
EVT447426,2025-05-21 16:57:28,Political Rally,J023,Basavanagudi,11930,Weekday,False,Clear,False,0.0,False,False,0.71,High,20.1,46.0,204.6,0.138,0.318,0.936,Moderate traffic flow - standard adaptive signal timing in effect
EVT447427,2026-01-05 22:10:54,Local Market Day,J012,Koramangala Sony World,3625,Weekday,False,Clear,False,0.0,False,False,0.201,Low,38.1,15.5,152.4,0.158,0.366,0.951,Normal free-flow traffic - standard signal timing maintained
EVT447428,2026-01-23 11:36:30,Local Market Day,J012,Koramangala Sony World,5116,Weekday,False,Clear,False,0.0,False,False,0.283,Low,29.4,20.1,95.6,0.077,0.178,0.977,Moderate traffic flow - standard adaptive signal timing in effect
EVT447429,2026-04-24 16:56:50,Local Market Day,J031,Cubbon Road,3783,Weekday,False,Clear,False,0.0,False,False,0.776,Severe,15.9,54.6,351.7,0.194,0.449,0.974,Heavy congestion detected - signal timing extended and reroute suggested
EVT447430,2025-06-02 20:15:00,Political Rally,J020,Malleshwaram Circle,14867,Weekday,False,Fog,False,0.0,False,False,0.676,High,19.5,50.8,322.3,0.219,0.507,0.958,Moderate traffic flow - standard adaptive signal timing in effect
EVT447431,2025-02-18 20:41:51,Concert,J023,Basavanagudi,10980,Weekday,False,Clear,False,0.0,False,False,0.504,Moderate,25.5,33.0,118.9,0.099,0.229,0.958,Moderate traffic flow - standard adaptive signal timing in effect
EVT447432,2026-03-25 06:05:01,Trade Fair,J011,Indiranagar 100ft Road,10672,Weekday,False,Clear,False,0.0,False,False,0.324,Low,29.7,30.2,100.4,0.082,0.189,0.97,Moderate traffic flow - standard adaptive signal timing in effect
EVT447433,2025-07-20 07:04:02,Sports Fixture,J040,City Market,32761,Weekend,False,Heavy Rain,True,31.9,False,False,0.928,Severe,12.4,65.7,532.2,0.244,0.564,0.894,Heavy rain reducing visibility and grip - reduced speed and longer buffer advised
EVT447434,2025-10-25 09:09:20,Sports Fixture,J040,City Market,24194,Weekend,False,Clear,False,0.0,False,False,0.95,Severe,9.6,64.1,653.7,0.264,0.61,0.918,Heavy congestion detected - signal timing extended and reroute suggested
EVT447435,2025-11-03 06:16:45,Local Market Day,J011,Indiranagar 100ft Road,5704,Weekday,False,Clear,False,0.0,False,False,0.271,Low,29.0,19.6,98.6,0.063,0.145,0.955,Moderate traffic flow - standard adaptive signal timing in effect
EVT447436,2026-06-05 07:18:37,Concert,J040,City Market,13416,Weekday,False,Clear,False,0.0,False,False,0.567,High,17.6,37.9,241.2,0.118,0.272,0.939,Moderate traffic flow - standard adaptive signal timing in effect
EVT447437,2025-09-17 09:22:20,Sports Fixture,J031,Cubbon Road,36417,Weekday,False,Rain,True,12.8,False,False,1.0,Severe,9.2,71.2,403.1,0.18,0.417,0.876,Heavy rain reducing visibility and grip - reduced speed and longer buffer advised
EVT447438,2025-02-13 11:26:55,Local Market Day,J023,Basavanagudi,4111,Weekday,False,Clear,False,0.0,False,False,0.354,Moderate,29.0,28.6,167.4,0.133,0.306,0.99,Moderate traffic flow - standard adaptive signal timing in effect
EVT447439,2025-06-17 19:11:52,Local Market Day,J040,City Market,3528,Weekday,False,Heavy Rain,True,75.8,False,False,1.0,Severe,8.0,68.7,749.7,0.225,0.521,0.865,Heavy rain reducing visibility and grip - reduced speed and longer buffer advised
EVT447440,2026-03-26 09:16:47,Religious Festival,J012,Koramangala Sony World,25726,Weekday,True,Clear,False,0.0,False,False,1.0,Severe,9.3,66.8,401.7,0.169,0.39,0.864,Festival crowd surge detected - alternate route and extended cycle recommended
EVT447441,2026-04-05 16:52:07,Local Market Day,J009,Majestic,4328,Weekend,False,Clear,False,0.0,False,False,0.612,High,20.5,51.5,230.4,0.155,0.357,0.982,Moderate traffic flow - standard adaptive signal timing in effect
EVT447442,2026-02-19 12:58:51,Trade Fair,J011,Indiranagar 100ft Road,11270,Weekday,False,Clear,False,0.0,False,False,0.204,Low,35.7,9.8,92.9,0.089,0.205,0.978,Normal free-flow traffic - standard signal timing maintained
EVT447443,2025-07-08 10:18:43,Local Market Day,J030,MG Road,4180,Weekday,False,Clear,False,0.0,False,False,0.653,High,17.9,43.4,277.1,0.185,0.426,0.942,Moderate traffic flow - standard adaptive signal timing in effect
EVT447444,2025-11-12 18:30:31,Sports Fixture,J030,MG Road,16205,Weekday,False,Clear,False,0.0,False,False,0.994,Severe,8.5,74.2,410.5,0.142,0.328,0.916,Heavy congestion detected - signal timing extended and reroute suggested
EVT447445,2025-01-27 10:46:04,Religious Festival,J031,Cubbon Road,51425,Weekday,True,Clear,False,0.0,False,True,1.0,Severe,8.1,98.6,448.2,0.185,0.427,0.825,Road closure for event/procession - full detour recommended for through-traffic
EVT447446,2025-10-14 18:42:03,Sports Fixture,J030,MG Road,26003,Weekday,False,Rain,True,20.7,False,False,1.0,Severe,7.7,74.0,860.3,0.258,0.597,0.856,Heavy rain reducing visibility and grip - reduced speed and longer buffer advised
EVT447447,2026-04-23 07:58:20,Concert,J031,Cubbon Road,7917,Weekday,False,Clear,False,0.0,False,False,0.864,Severe,13.5,63.1,326.9,0.164,0.379,0.948,Heavy congestion detected - signal timing extended and reroute suggested
EVT447448,2026-06-03 10:04:59,Trade Fair,J020,Malleshwaram Circle,12727,Weekday,False,Fog,False,0.0,False,False,0.861,Severe,14.2,64.3,309.1,0.149,0.344,0.946,Heavy congestion detected - signal timing extended and reroute suggested
EVT447449,2025-07-28 15:28:13,Local Market Day,J012,Koramangala Sony World,4696,Weekday,False,Heavy Rain,True,38.7,False,False,0.67,High,18.5,48.9,305.8,0.186,0.429,0.906,Heavy rain reducing visibility and grip - reduced speed and longer buffer advised
EVT447450,2025-05-03 10:29:03,Sports Fixture,J020,Malleshwaram Circle,25536,Weekend,False,Light Rain,True,4.2,False,False,0.805,Severe,16.4,56.1,271.0,0.16,0.37,0.919,Heavy rain reducing visibility and grip - reduced speed and longer buffer advised
EVT447451,2026-04-16 14:50:08,Local Market Day,J012,Koramangala Sony World,4568,Weekday,False,Clear,False,0.0,False,False,0.289,Low,41.3,17.9,73.4,0.077,0.177,0.953,Moderate traffic flow - standard adaptive signal timing in effect
EVT447452,2025-04-24 16:59:24,Political Rally,J020,Malleshwaram Circle,22858,Weekday,False,Clear,False,0.0,False,False,0.749,High,16.0,58.4,375.4,0.198,0.458,0.985,Moderate traffic flow - standard adaptive signal timing in effect
EVT447453,2026-04-14 20:41:01,Religious Festival,J020,Malleshwaram Circle,31273,Weekday,True,Clear,False,0.0,False,True,1.0,Severe,8.4,104.1,626.1,0.209,0.483,0.833,Road closure for event/procession - full detour recommended for through-traffic
EVT447454,2025-08-25 06:35:34,Political Rally,J011,Indiranagar 100ft Road,8190,Weekday,False,Clear,False,0.0,False,False,0.353,Moderate,32.9,24.6,131.8,0.112,0.259,0.99,Moderate traffic flow - standard adaptive signal timing in effect
EVT447455,2025-08-08 08:35:00,Local Market Day,J023,Basavanagudi,3546,Weekday,False,Clear,False,0.0,False,False,1.0,Severe,7.2,76.3,621.1,0.178,0.412,0.945,Heavy congestion detected - signal timing extended and reroute suggested
EVT447456,2025-12-30 09:57:50,Local Market Day,J009,Majestic,4863,Weekday,False,Clear,False,0.0,False,False,0.896,Severe,11.4,57.6,412.8,0.19,0.438,0.942,Heavy congestion detected - signal timing extended and reroute suggested
EVT447457,2026-06-02 11:50:21,Local Market Day,J031,Cubbon Road,4020,Weekday,False,Clear,False,0.0,False,False,0.152,Low,34.9,11.8,133.8,0.111,0.258,0.95,Normal free-flow traffic - standard signal timing maintained
EVT447458,2025-04-29 17:25:20,Sports Fixture,J009,Majestic,25415,Weekday,False,Clear,False,0.0,False,False,1.0,Severe,9.3,73.3,285.5,0.104,0.241,0.931,Heavy congestion detected - signal timing extended and reroute suggested
EVT447459,2025-04-20 09:56:14,Sports Fixture,J012,Koramangala Sony World,15227,Weekend,False,Light Rain,True,2.5,False,False,0.875,Severe,15.5,65.3,343.6,0.19,0.44,0.884,Heavy rain reducing visibility and grip - reduced speed and longer buffer advised
EVT447460,2026-06-26 16:39:30,Local Market Day,J023,Basavanagudi,3421,Weekday,False,Clear,False,0.0,False,False,0.547,Moderate,19.5,39.3,317.1,0.192,0.444,0.974,Moderate traffic flow - standard adaptive signal timing in effect
EVT447461,2025-09-29 19:59:53,Concert,J030,MG Road,11141,Weekday,False,Clear,False,0.0,False,False,0.742,High,17.7,53.9,386.9,0.235,0.544,0.973,Moderate traffic flow - standard adaptive signal timing in effect
EVT447462,2025-09-15 19:24:38,Concert,J011,Indiranagar 100ft Road,8688,Weekday,False,Clear,False,0.0,False,False,0.917,Severe,11.4,62.5,410.6,0.172,0.398,0.947,Heavy congestion detected - signal timing extended and reroute suggested
EVT447463,2025-12-19 08:56:46,Local Market Day,J020,Malleshwaram Circle,1708,Weekday,False,Clear,False,0.0,False,False,0.991,Severe,11.8,77.5,254.9,0.151,0.349,0.918,Heavy congestion detected - signal timing extended and reroute suggested
EVT447464,2026-04-28 18:39:34,Concert,J040,City Market,13333,Weekday,False,Clear,False,0.0,False,False,1.0,Severe,9.8,75.9,377.6,0.144,0.333,0.918,Heavy congestion detected - signal timing extended and reroute suggested
EVT447465,2025-07-23 18:51:54,Trade Fair,J012,Koramangala Sony World,7275,Weekday,False,Clear,False,0.0,False,False,0.993,Severe,7.6,66.2,208.7,0.076,0.176,0.905,Heavy congestion detected - signal timing extended and reroute suggested
EVT447466,2025-07-02 07:34:52,Political Rally,J031,Cubbon Road,13440,Weekday,False,Clear,False,0.0,True,False,1.0,Severe,7.8,71.9,561.1,0.173,0.4,0.748,Accident detected nearby - reroute and reduced speed advised
EVT447467,2026-02-27 16:59:52,Local Market Day,J030,MG Road,4434,Weekday,False,Clear,False,0.0,False,False,0.704,High,18.3,42.3,314.9,0.188,0.434,0.969,Moderate traffic flow - standard adaptive signal timing in effect
EVT447468,2025-09-16 14:21:09,Local Market Day,J012,Koramangala Sony World,2331,Weekday,False,Rain,True,13.6,False,False,0.261,Low,34.5,16.6,92.2,0.082,0.19,0.917,Light rain detected - minor speed reduction advised
EVT447469,2025-06-23 08:15:03,Concert,J040,City Market,8740,Weekday,False,Clear,False,0.0,False,False,0.902,Severe,10.2,59.7,321.9,0.124,0.286,0.949,Heavy congestion detected - signal timing extended and reroute suggested
EVT447470,2025-12-07 21:42:58,Sports Fixture,J030,MG Road,23801,Weekend,False,Clear,False,0.0,False,False,0.459,Moderate,26.1,33.3,139.0,0.125,0.288,0.973,Moderate traffic flow - standard adaptive signal timing in effect
EVT447471,2026-03-01 18:14:41,Local Market Day,J023,Basavanagudi,4067,Weekend,False,Clear,False,0.0,False,False,0.866,Severe,14.4,61.9,353.7,0.178,0.41,0.94,Heavy congestion detected - signal timing extended and reroute suggested
EVT447472,2025-09-20 09:58:40,Trade Fair,J040,City Market,9739,Weekend,False,Clear,False,0.0,False,False,0.767,Severe,13.6,56.0,510.1,0.24,0.555,0.94,Heavy congestion detected - signal timing extended and reroute suggested
EVT447473,2025-08-19 13:25:23,Trade Fair,J011,Indiranagar 100ft Road,5724,Weekday,False,Clear,False,0.0,False,False,0.192,Low,30.3,7.7,230.5,0.201,0.464,0.957,Normal free-flow traffic - standard signal timing maintained
EVT447474,2025-12-23 09:53:35,Local Market Day,J040,City Market,4299,Weekday,False,Clear,False,0.0,False,False,0.845,Severe,16.9,60.3,335.3,0.204,0.471,0.979,Heavy congestion detected - signal timing extended and reroute suggested
EVT447475,2026-01-22 18:21:00,Sports Fixture,J020,Malleshwaram Circle,36816,Weekday,False,Clear,False,0.0,False,False,1.0,Severe,8.0,69.0,512.7,0.192,0.443,0.913,Heavy congestion detected - signal timing extended and reroute suggested
EVT447476,2025-10-10 10:32:14,Local Market Day,J040,City Market,5714,Weekday,False,Clear,False,0.0,False,False,0.644,High,22.4,46.7,309.3,0.198,0.456,0.98,Moderate traffic flow - standard adaptive signal timing in effect
EVT447477,2025-03-13 16:29:17,Local Market Day,J012,Koramangala Sony World,3556,Weekday,False,Clear,False,0.0,False,False,0.557,High,30.6,45.0,131.9,0.105,0.243,0.971,Moderate traffic flow - standard adaptive signal timing in effect
EVT447478,2025-06-18 06:03:26,Local Market Day,J030,MG Road,3966,Weekday,False,Clear,False,0.0,False,False,0.162,Low,37.5,12.2,107.4,0.095,0.22,0.969,Normal free-flow traffic - standard signal timing maintained
EVT447479,2025-06-01 19:04:02,Local Market Day,J009,Majestic,3818,Weekend,False,Clear,False,0.0,False,False,0.841,Severe,11.6,66.5,542.5,0.255,0.59,0.966,Heavy congestion detected - signal timing extended and reroute suggested
EVT447480,2026-02-28 07:45:15,Political Rally,J023,Basavanagudi,36631,Weekend,False,Clear,False,0.0,False,False,0.891,Severe,10.5,60.9,185.1,0.095,0.22,0.944,Heavy congestion detected - signal timing extended and reroute suggested
EVT447481,2026-03-23 10:05:27,Local Market Day,J031,Cubbon Road,5697,Weekday,False,Clear,False,0.0,False,False,0.765,Severe,11.5,58.0,395.4,0.158,0.365,0.972,Heavy congestion detected - signal timing extended and reroute suggested
EVT447482,2025-07-28 18:10:23,Concert,J011,Indiranagar 100ft Road,13568,Weekday,False,Heavy Rain,True,81.9,False,False,1.0,Severe,7.4,69.7,210.3,0.073,0.169,0.873,Heavy rain reducing visibility and grip - reduced speed and longer buffer advised
EVT447483,2025-01-02 08:02:08,Concert,J031,Cubbon Road,7234,Weekday,False,Clear,False,0.0,False,False,0.823,Severe,17.4,58.1,245.7,0.169,0.39,0.938,Heavy congestion detected - signal timing extended and reroute suggested
EVT447484,2026-03-03 14:58:25,Political Rally,J009,Majestic,14118,Weekday,False,Clear,False,0.0,False,False,0.333,Low,36.0,27.5,202.4,0.197,0.455,0.954,Moderate traffic flow - standard adaptive signal timing in effect
EVT447485,2026-03-14 14:13:40,Sports Fixture,J030,MG Road,13982,Weekend,False,Clear,False,0.0,False,False,0.315,Low,28.4,15.5,133.7,0.11,0.254,0.965,Moderate traffic flow - standard adaptive signal timing in effect
EVT447486,2025-07-24 14:39:27,Local Market Day,J009,Majestic,4193,Weekday,False,Heavy Rain,True,61.3,False,False,0.52,Moderate,27.5,31.8,264.5,0.18,0.415,0.92,Light rain detected - minor speed reduction advised
EVT447487,2025-08-25 17:59:51,Sports Fixture,J040,City Market,21175,Weekday,False,Clear,False,0.0,False,False,1.0,Severe,7.1,68.6,386.0,0.114,0.262,0.937,Heavy congestion detected - signal timing extended and reroute suggested
EVT447488,2025-03-28 19:59:04,Trade Fair,J030,MG Road,9095,Weekday,False,Light Rain,True,4.2,False,False,0.873,Severe,15.2,59.3,299.6,0.173,0.399,0.909,Heavy rain reducing visibility and grip - reduced speed and longer buffer advised
EVT447489,2025-07-24 15:14:01,Local Market Day,J011,Indiranagar 100ft Road,5648,Weekday,False,Clear,False,0.0,False,False,0.316,Low,26.9,19.8,207.4,0.131,0.303,0.961,Moderate traffic flow - standard adaptive signal timing in effect
EVT447490,2025-12-28 16:16:25,Local Market Day,J023,Basavanagudi,2621,Weekend,False,Clear,False,0.0,False,False,0.427,Moderate,24.2,32.2,105.0,0.068,0.157,0.954,Moderate traffic flow - standard adaptive signal timing in effect
EVT447491,2026-04-05 12:40:49,Sports Fixture,J012,Koramangala Sony World,24080,Weekend,False,Clear,False,0.0,False,False,0.315,Low,27.5,22.8,235.8,0.175,0.405,0.952,Moderate traffic flow - standard adaptive signal timing in effect
EVT447492,2025-06-29 05:12:30,Sports Fixture,J011,Indiranagar 100ft Road,14178,Weekend,False,Clear,False,0.0,False,False,0.308,Low,25.4,23.3,206.4,0.143,0.329,0.989,Moderate traffic flow - standard adaptive signal timing in effect
EVT447493,2025-02-27 16:28:37,Concert,J011,Indiranagar 100ft Road,8120,Weekday,False,Clear,False,0.0,False,False,0.618,High,22.3,44.8,121.5,0.087,0.202,0.964,Moderate traffic flow - standard adaptive signal timing in effect
EVT447494,2025-08-20 06:27:22,Concert,J031,Cubbon Road,11484,Weekday,False,Clear,False,0.0,False,False,0.325,Low,36.0,24.8,148.8,0.128,0.296,0.947,Moderate traffic flow - standard adaptive signal timing in effect
EVT447495,2026-04-25 19:35:28,Concert,J031,Cubbon Road,7394,Weekend,False,Clear,False,0.0,False,False,0.777,Severe,14.9,57.4,382.0,0.179,0.413,0.922,Heavy congestion detected - signal timing extended and reroute suggested
EVT447496,2025-01-17 21:41:11,Local Market Day,J012,Koramangala Sony World,5195,Weekday,False,Clear,False,0.0,False,False,0.346,Low,24.3,26.8,207.9,0.124,0.286,0.962,Moderate traffic flow - standard adaptive signal timing in effect
EVT447497,2026-06-07 09:22:14,Local Market Day,J040,City Market,6370,Weekend,False,Clear,False,0.0,False,False,0.847,Severe,12.6,57.8,252.9,0.133,0.308,0.916,Heavy congestion detected - signal timing extended and reroute suggested
EVT447498,2025-08-10 17:20:18,Sports Fixture,J031,Cubbon Road,16609,Weekend,False,Fog,False,0.0,False,False,0.812,Severe,12.6,58.5,573.1,0.263,0.608,0.958,Heavy congestion detected - signal timing extended and reroute suggested
EVT447499,2026-02-12 18:28:39,Trade Fair,J023,Basavanagudi,10681,Weekday,False,Clear,False,0.0,False,False,1.0,Severe,5.6,79.6,535.8,0.129,0.299,0.934,Heavy congestion detected - signal timing extended and reroute suggested
EVT447500,2026-05-11 09:27:29,Local Market Day,J023,Basavanagudi,4853,Weekday,False,Rain,True,7.9,False,False,1.0,Severe,8.0,78.3,904.8,0.3,0.694,0.845,Heavy rain reducing visibility and grip - reduced speed and longer buffer advised
EVT447501,2025-11-01 09:11:52,Cultural Procession,J030,MG Road,14295,Weekend,True,Clear,False,0.0,False,False,1.0,Severe,9.9,70.5,236.8,0.1,0.23,0.881,Festival crowd surge detected - alternate route and extended cycle recommended
EVT447502,2025-02-09 13:57:39,Local Market Day,J012,Koramangala Sony World,1803,Weekend,False,Clear,False,0.0,False,False,0.288,Low,25.6,23.0,190.4,0.137,0.317,0.969,Moderate traffic flow - standard adaptive signal timing in effect
EVT447503,2025-08-03 18:05:40,Sports Fixture,J023,Basavanagudi,33252,Weekend,False,Rain,True,20.9,False,False,1.0,Severe,9.2,69.5,529.6,0.204,0.47,0.855,Heavy rain reducing visibility and grip - reduced speed and longer buffer advised
EVT447504,2026-03-19 08:02:05,Religious Festival,J011,Indiranagar 100ft Road,50523,Weekday,True,Clear,False,0.0,False,True,1.0,Severe,10.8,95.0,560.2,0.239,0.551,0.808,Road closure for event/procession - full detour recommended for through-traffic
EVT447505,2026-05-25 08:14:24,Political Rally,J012,Koramangala Sony World,25700,Weekday,False,Light Rain,True,4.8,False,False,1.0,Severe,8.3,76.1,712.4,0.225,0.52,0.865,Heavy rain reducing visibility and grip - reduced speed and longer buffer advised
EVT447506,2025-04-24 17:35:10,Local Market Day,J023,Basavanagudi,5743,Weekday,False,Clear,False,0.0,False,False,0.905,Severe,11.7,68.7,517.9,0.231,0.533,0.951,Heavy congestion detected - signal timing extended and reroute suggested
EVT447507,2025-12-07 20:24:40,Concert,J011,Indiranagar 100ft Road,22443,Weekend,False,Clear,False,0.0,False,False,0.578,High,13.2,42.5,188.7,0.093,0.214,0.977,Moderate traffic flow - standard adaptive signal timing in effect
EVT447508,2026-04-04 11:07:03,Local Market Day,J012,Koramangala Sony World,3763,Weekend,False,Clear,False,0.0,False,False,0.348,Low,24.8,27.2,96.0,0.055,0.127,0.986,Moderate traffic flow - standard adaptive signal timing in effect
EVT447509,2025-01-06 06:26:31,Trade Fair,J012,Koramangala Sony World,7929,Weekday,False,Fog,False,0.0,False,False,0.328,Low,28.8,22.5,74.2,0.056,0.13,0.972,Moderate traffic flow - standard adaptive signal timing in effect
EVT447510,2026-03-01 09:32:17,Trade Fair,J009,Majestic,12433,Weekend,False,Fog,False,0.0,False,False,0.88,Severe,13.3,58.6,260.9,0.125,0.289,0.929,Heavy congestion detected - signal timing extended and reroute suggested
EVT447511,2026-04-15 20:27:21,Fireworks Display,J023,Basavanagudi,45206,Weekday,True,Rain,True,7.6,False,False,1.0,Severe,6.0,68.0,629.1,0.206,0.477,0.837,Festival crowd surge detected - alternate route and extended cycle recommended
EVT447512,2025-05-02 23:21:10,Fireworks Display,J031,Cubbon Road,19742,Weekday,True,Clear,False,0.0,False,False,0.533,Moderate,22.1,39.8,134.2,0.094,0.216,0.919,Festival crowd surge detected - alternate route and extended cycle recommended
EVT447513,2025-05-04 01:06:58,Local Market Day,J040,City Market,2591,Weekend,False,Clear,False,0.0,False,False,0.238,Low,29.3,21.2,189.8,0.136,0.314,0.962,Normal free-flow traffic - standard signal timing maintained
EVT447514,2026-06-11 19:20:48,Sports Fixture,J031,Cubbon Road,35805,Weekday,False,Fog,False,0.0,False,False,1.0,Severe,7.3,68.1,608.9,0.17,0.393,0.915,Heavy congestion detected - signal timing extended and reroute suggested
EVT447515,2025-03-24 14:56:35,Trade Fair,J023,Basavanagudi,6310,Weekday,False,Clear,False,0.0,False,False,0.289,Low,31.7,22.4,182.4,0.137,0.318,0.963,Moderate traffic flow - standard adaptive signal timing in effect
EVT447516,2026-03-26 08:26:59,Fireworks Display,J011,Indiranagar 100ft Road,36765,Weekday,True,Clear,False,0.0,False,False,1.0,Severe,9.4,65.9,384.0,0.154,0.355,0.877,Festival crowd surge detected - alternate route and extended cycle recommended
EVT447517,2025-02-21 09:36:17,Trade Fair,J031,Cubbon Road,7232,Weekday,False,Clear,False,0.0,False,False,0.997,Severe,8.6,70.2,631.8,0.227,0.523,0.933,Heavy congestion detected - signal timing extended and reroute suggested
EVT447518,2026-04-05 08:22:24,Sports Fixture,J031,Cubbon Road,22634,Weekend,False,Clear,False,0.0,False,False,0.885,Severe,13.6,66.3,597.5,0.283,0.654,0.93,Heavy congestion detected - signal timing extended and reroute suggested
EVT447519,2025-08-24 18:56:34,Sports Fixture,J030,MG Road,22207,Weekend,False,Heavy Rain,True,81.8,False,False,1.0,Severe,8.1,71.5,688.0,0.26,0.602,0.894,Heavy rain reducing visibility and grip - reduced speed and longer buffer advised
EVT447520,2026-01-08 17:16:02,Concert,J012,Koramangala Sony World,9657,Weekday,False,Clear,False,0.0,False,False,0.831,Severe,17.0,61.1,350.1,0.19,0.438,0.928,Heavy congestion detected - signal timing extended and reroute suggested
EVT447521,2025-05-31 15:27:41,Concert,J020,Malleshwaram Circle,9710,Weekend,False,Clear,False,0.0,False,False,0.368,Moderate,28.7,29.6,175.3,0.148,0.341,0.96,Moderate traffic flow - standard adaptive signal timing in effect
EVT447522,2025-02-27 17:38:58,Sports Fixture,J023,Basavanagudi,24384,Weekday,False,Clear,False,0.0,False,False,1.0,Severe,7.5,73.6,423.8,0.145,0.334,0.912,Heavy congestion detected - signal timing extended and reroute suggested
EVT447523,2025-01-08 18:55:28,Local Market Day,J011,Indiranagar 100ft Road,1952,Weekday,False,Clear,False,0.0,False,False,0.962,Severe,8.9,72.3,687.3,0.249,0.575,0.93,Heavy congestion detected - signal timing extended and reroute suggested
EVT447524,2025-11-13 14:47:41,Trade Fair,J023,Basavanagudi,7332,Weekday,False,Clear,False,0.0,False,False,0.153,Low,30.4,10.5,107.0,0.077,0.178,0.96,Normal free-flow traffic - standard signal timing maintained
EVT447525,2026-01-18 14:18:41,Political Rally,J040,City Market,12398,Weekend,False,Clear,False,0.0,False,False,0.281,Low,37.1,26.8,116.6,0.099,0.228,0.984,Moderate traffic flow - standard adaptive signal timing in effect
EVT447526,2025-05-16 19:22:07,Local Market Day,J023,Basavanagudi,2968,Weekday,False,Clear,False,0.0,False,False,0.968,Severe,10.5,64.3,611.4,0.233,0.539,0.928,Heavy congestion detected - signal timing extended and reroute suggested
EVT447527,2025-06-13 15:44:31,Concert,J009,Majestic,9219,Weekday,False,Heavy Rain,True,27.7,False,False,0.741,High,18.8,53.1,202.2,0.142,0.329,0.926,Heavy rain reducing visibility and grip - reduced speed and longer buffer advised
EVT447528,2025-08-14 12:28:14,Trade Fair,J020,Malleshwaram Circle,8206,Weekday,False,Rain,True,21.3,False,False,0.44,Moderate,28.8,29.1,70.3,0.063,0.145,0.916,Light rain detected - minor speed reduction advised
EVT447529,2025-05-17 10:23:31,Sports Fixture,J012,Koramangala Sony World,34543,Weekend,False,Clear,False,0.0,False,False,0.79,Severe,14.0,60.8,180.4,0.079,0.182,0.947,Heavy congestion detected - signal timing extended and reroute suggested
EVT447530,2025-10-23 07:00:39,Local Market Day,J031,Cubbon Road,3674,Weekday,False,Clear,False,0.0,False,False,0.394,Moderate,25.7,29.0,166.2,0.12,0.278,0.976,Moderate traffic flow - standard adaptive signal timing in effect
EVT447531,2026-02-05 19:42:31,Concert,J030,MG Road,16659,Weekday,False,Clear,False,0.0,False,False,0.903,Severe,7.3,63.2,513.7,0.144,0.332,0.91,Heavy congestion detected - signal timing extended and reroute suggested
EVT447532,2025-10-26 20:22:40,Local Market Day,J011,Indiranagar 100ft Road,4490,Weekend,False,Clear,False,0.0,False,False,0.568,High,18.7,42.0,114.0,0.081,0.187,0.96,Moderate traffic flow - standard adaptive signal timing in effect
EVT447533,2025-08-30 07:23:54,Concert,J023,Basavanagudi,8821,Weekend,False,Clear,False,0.0,False,False,0.545,Moderate,26.0,37.0,185.9,0.131,0.302,0.966,Moderate traffic flow - standard adaptive signal timing in effect
EVT447534,2025-11-22 09:57:32,Sports Fixture,J040,City Market,27477,Weekend,False,Clear,False,0.0,True,False,1.0,Severe,9.5,70.9,558.3,0.21,0.485,0.77,Accident detected nearby - reroute and reduced speed advised
EVT447535,2025-11-04 17:37:45,Local Market Day,J023,Basavanagudi,3877,Weekday,False,Clear,False,0.0,False,False,0.92,Severe,13.4,69.0,423.4,0.22,0.508,0.923,Heavy congestion detected - signal timing extended and reroute suggested
EVT447536,2025-04-27 20:06:58,Trade Fair,J031,Cubbon Road,4936,Weekend,False,Clear,False,0.0,False,False,0.648,High,17.7,40.4,279.1,0.176,0.408,0.94,Moderate traffic flow - standard adaptive signal timing in effect
EVT447537,2025-03-06 16:28:34,Sports Fixture,J011,Indiranagar 100ft Road,19051,Weekday,False,Clear,False,0.0,False,False,0.648,High,21.3,44.1,299.9,0.215,0.497,0.95,Moderate traffic flow - standard adaptive signal timing in effect
EVT447538,2026-05-23 06:19:21,Political Rally,J031,Cubbon Road,11347,Weekend,False,Clear,False,0.0,False,False,0.367,Moderate,24.1,31.3,183.1,0.11,0.255,0.954,Moderate traffic flow - standard adaptive signal timing in effect
EVT447539,2026-06-27 18:10:12,Local Market Day,J020,Malleshwaram Circle,2576,Weekend,False,Clear,False,0.0,False,False,0.846,Severe,11.2,60.4,378.9,0.164,0.38,0.952,Heavy congestion detected - signal timing extended and reroute suggested
EVT447540,2026-06-16 19:53:44,Concert,J012,Koramangala Sony World,12777,Weekday,False,Clear,False,0.0,False,False,0.884,Severe,11.1,64.2,157.3,0.081,0.186,0.944,Heavy congestion detected - signal timing extended and reroute suggested
EVT447541,2025-04-25 08:46:53,Trade Fair,J040,City Market,10035,Weekday,False,Clear,False,0.0,False,False,1.0,Severe,8.2,76.3,403.7,0.123,0.285,0.929,Heavy congestion detected - signal timing extended and reroute suggested
EVT447542,2025-01-28 12:40:03,Local Market Day,J020,Malleshwaram Circle,4402,Weekday,False,Clear,False,0.0,False,False,0.222,Low,29.9,16.7,94.5,0.06,0.138,0.966,Normal free-flow traffic - standard signal timing maintained
EVT447543,2025-01-21 20:22:02,Local Market Day,J020,Malleshwaram Circle,3688,Weekday,False,Clear,False,0.0,False,False,0.682,High,19.0,48.7,238.0,0.151,0.348,0.982,Moderate traffic flow - standard adaptive signal timing in effect
EVT447544,2026-05-18 08:51:26,Political Rally,J023,Basavanagudi,10632,Weekday,False,Clear,False,0.0,False,False,1.0,Severe,8.2,75.5,219.6,0.096,0.223,0.922,Heavy congestion detected - signal timing extended and reroute suggested
EVT447545,2026-02-13 13:13:51,Local Market Day,J030,MG Road,3413,Weekday,False,Clear,False,0.0,False,False,0.212,Low,32.1,11.7,152.0,0.11,0.255,0.972,Normal free-flow traffic - standard signal timing maintained
EVT447546,2026-02-18 09:37:34,Sports Fixture,J020,Malleshwaram Circle,15726,Weekday,False,Clear,False,0.0,False,False,1.0,Severe,9.4,76.7,551.2,0.216,0.499,0.915,Heavy congestion detected - signal timing extended and reroute suggested
EVT447547,2025-03-17 20:02:01,Political Rally,J020,Malleshwaram Circle,10635,Weekday,False,Clear,False,0.0,False,False,0.76,Severe,15.1,57.0,298.9,0.159,0.368,0.985,Heavy congestion detected - signal timing extended and reroute suggested
EVT447548,2025-10-10 10:24:56,Sports Fixture,J031,Cubbon Road,15322,Weekday,False,Clear,False,0.0,False,False,0.771,Severe,10.7,57.3,280.2,0.112,0.258,0.955,Heavy congestion detected - signal timing extended and reroute suggested
EVT447549,2025-08-03 00:14:07,Trade Fair,J030,MG Road,8933,Weekend,False,Rain,True,22.8,False,False,0.513,Moderate,28.8,37.2,183.2,0.152,0.351,0.921,Light rain detected - minor speed reduction advised
EVT447550,2025-09-04 08:25:43,Concert,J030,MG Road,11658,Weekday,False,Heavy Rain,True,27.6,False,False,1.0,Severe,7.7,68.0,701.9,0.209,0.483,0.867,Heavy rain reducing visibility and grip - reduced speed and longer buffer advised
EVT447551,2026-06-12 07:47:57,Local Market Day,J012,Koramangala Sony World,6620,Weekday,False,Clear,False,0.0,False,False,0.715,High,15.5,51.9,314.8,0.164,0.379,0.941,Moderate traffic flow - standard adaptive signal timing in effect
EVT447552,2025-01-06 16:15:00,Concert,J031,Cubbon Road,14568,Weekday,False,Clear,False,0.0,False,False,0.539,Moderate,29.7,35.8,259.3,0.222,0.513,0.95,Moderate traffic flow - standard adaptive signal timing in effect
EVT447553,2026-05-28 13:02:13,Concert,J040,City Market,8989,Weekday,False,Clear,False,0.0,False,False,0.19,Low,38.1,15.7,172.4,0.172,0.397,0.945,Normal free-flow traffic - standard signal timing maintained
EVT447554,2025-10-10 14:17:41,Sports Fixture,J011,Indiranagar 100ft Road,16538,Weekday,False,Fog,False,0.0,False,False,0.235,Low,26.2,21.6,62.9,0.031,0.072,0.934,Normal free-flow traffic - standard signal timing maintained
EVT447555,2026-04-15 15:01:58,Cultural Procession,J031,Cubbon Road,21747,Weekday,True,Fog,False,0.0,False,True,0.708,High,19.4,70.1,397.7,0.256,0.592,0.891,Road closure for event/procession - full detour recommended for through-traffic
EVT447556,2025-02-23 12:49:08,Trade Fair,J030,MG Road,6258,Weekend,False,Clear,False,0.0,False,False,0.288,Low,42.2,22.0,136.8,0.162,0.374,0.956,Moderate traffic flow - standard adaptive signal timing in effect
EVT447557,2026-01-22 17:21:51,Sports Fixture,J040,City Market,29983,Weekday,False,Clear,False,0.0,False,False,0.92,Severe,9.5,65.0,450.9,0.175,0.403,0.962,Heavy congestion detected - signal timing extended and reroute suggested
EVT447558,2025-02-10 17:43:25,Sports Fixture,J040,City Market,18688,Weekday,False,Clear,False,0.0,False,False,1.0,Severe,7.5,78.6,335.5,0.116,0.268,0.918,Heavy congestion detected - signal timing extended and reroute suggested
EVT447559,2025-01-08 09:11:17,Sports Fixture,J023,Basavanagudi,17549,Weekday,False,Clear,False,0.0,False,False,1.0,Severe,6.1,71.3,753.1,0.194,0.449,0.94,Heavy congestion detected - signal timing extended and reroute suggested
EVT447560,2025-07-27 17:34:34,Trade Fair,J023,Basavanagudi,10005,Weekend,False,Heavy Rain,True,33.5,False,False,1.0,Severe,7.1,69.8,711.7,0.213,0.492,0.854,Heavy rain reducing visibility and grip - reduced speed and longer buffer advised
EVT447561,2025-07-14 16:51:45,Local Market Day,J023,Basavanagudi,4399,Weekday,False,Heavy Rain,True,27.5,False,False,0.903,Severe,12.6,64.7,332.0,0.173,0.399,0.902,Heavy rain reducing visibility and grip - reduced speed and longer buffer advised
EVT447562,2025-06-28 17:22:30,Local Market Day,J020,Malleshwaram Circle,2798,Weekend,False,Clear,False,0.0,False,False,0.77,Severe,19.7,48.5,242.6,0.157,0.363,0.964,Heavy congestion detected - signal timing extended and reroute suggested
EVT447563,2025-12-16 15:58:12,Concert,J023,Basavanagudi,21686,Weekday,False,Fog,False,0.0,False,False,0.594,High,23.0,41.4,295.3,0.215,0.496,0.963,Moderate traffic flow - standard adaptive signal timing in effect
EVT447564,2025-03-16 17:05:52,Local Market Day,J031,Cubbon Road,3220,Weekend,False,Clear,False,0.0,False,False,0.631,High,23.4,46.6,163.7,0.125,0.289,0.956,Moderate traffic flow - standard adaptive signal timing in effect
EVT447565,2025-05-31 06:13:58,Sports Fixture,J009,Majestic,19514,Weekend,False,Clear,False,0.0,False,False,0.47,Moderate,29.9,33.7,230.5,0.19,0.439,0.969,Moderate traffic flow - standard adaptive signal timing in effect
EVT447566,2026-06-21 07:21:56,Concert,J009,Majestic,9843,Weekend,False,Rain,True,24.2,False,False,0.801,Severe,17.6,59.1,285.3,0.173,0.4,0.889,Heavy rain reducing visibility and grip - reduced speed and longer buffer advised
EVT447567,2025-05-29 17:42:56,Political Rally,J031,Cubbon Road,19358,Weekday,False,Clear,False,0.0,False,False,1.0,Severe,9.0,78.5,600.0,0.216,0.5,0.91,Heavy congestion detected - signal timing extended and reroute suggested
EVT447568,2025-04-30 06:58:40,Concert,J011,Indiranagar 100ft Road,9385,Weekday,False,Rain,True,13.5,False,False,0.654,High,17.6,46.1,275.2,0.16,0.37,0.906,Heavy rain reducing visibility and grip - reduced speed and longer buffer advised
EVT447569,2025-04-08 17:20:05,Trade Fair,J040,City Market,8931,Weekday,False,Clear,False,0.0,False,False,0.859,Severe,12.4,65.8,206.6,0.101,0.234,0.973,Heavy congestion detected - signal timing extended and reroute suggested
EVT447570,2026-04-27 08:06:03,Local Market Day,J031,Cubbon Road,3843,Weekday,False,Clear,False,0.0,False,False,0.818,Severe,15.0,57.4,433.0,0.233,0.537,0.945,Heavy congestion detected - signal timing extended and reroute suggested
EVT447571,2025-01-08 19:31:21,Concert,J011,Indiranagar 100ft Road,5941,Weekday,False,Fog,False,0.0,False,False,0.936,Severe,9.6,66.0,607.8,0.237,0.548,0.937,Heavy congestion detected - signal timing extended and reroute suggested
EVT447572,2026-05-23 10:02:39,Concert,J009,Majestic,15991,Weekend,False,Light Rain,True,3.0,False,False,0.845,Severe,11.7,66.8,358.3,0.138,0.32,0.892,Heavy rain reducing visibility and grip - reduced speed and longer buffer advised
EVT447573,2026-03-09 08:40:28,Local Market Day,J020,Malleshwaram Circle,5553,Weekday,False,Clear,False,0.0,False,False,1.0,Severe,8.9,72.1,284.5,0.107,0.248,0.892,Heavy congestion detected - signal timing extended and reroute suggested
EVT447574,2026-02-15 12:04:43,Local Market Day,J040,City Market,3125,Weekend,False,Clear,False,0.0,False,False,0.249,Low,37.8,25.0,131.7,0.122,0.281,0.983,Normal free-flow traffic - standard signal timing maintained
EVT447575,2025-07-24 13:37:06,Local Market Day,J031,Cubbon Road,5242,Weekday,False,Rain,True,14.7,False,False,0.331,Low,33.6,28.9,152.7,0.125,0.288,0.888,Light rain detected - minor speed reduction advised
EVT447576,2025-01-28 09:44:57,Sports Fixture,J011,Indiranagar 100ft Road,10714,Weekday,False,Clear,False,0.0,True,False,1.0,Severe,9.2,73.2,767.4,0.303,0.7,0.757,Accident detected nearby - reroute and reduced speed advised
EVT447577,2026-02-24 08:17:33,Trade Fair,J020,Malleshwaram Circle,6619,Weekday,False,Clear,False,0.0,False,False,0.873,Severe,10.9,60.8,291.4,0.12,0.276,0.935,Heavy congestion detected - signal timing extended and reroute suggested
EVT447578,2025-11-05 07:20:05,Local Market Day,J009,Majestic,5684,Weekday,False,Clear,False,0.0,False,False,0.563,High,23.0,33.5,245.6,0.156,0.36,0.973,Moderate traffic flow - standard adaptive signal timing in effect
EVT447579,2025-05-20 19:48:43,Local Market Day,J012,Koramangala Sony World,5087,Weekday,False,Rain,True,13.4,False,False,0.96,Severe,9.4,71.3,418.4,0.152,0.351,0.877,Heavy rain reducing visibility and grip - reduced speed and longer buffer advised
EVT447580,2025-12-09 18:24:11,Local Market Day,J012,Koramangala Sony World,10515,Weekday,False,Clear,False,0.0,False,False,1.0,Severe,10.1,66.9,433.7,0.161,0.372,0.913,Heavy congestion detected - signal timing extended and reroute suggested
EVT447581,2025-07-06 08:23:24,Concert,J012,Koramangala Sony World,6248,Weekend,False,Clear,False,0.0,False,False,0.839,Severe,15.7,59.9,292.6,0.17,0.394,0.956,Heavy congestion detected - signal timing extended and reroute suggested
EVT447582,2025-10-21 19:23:56,Religious Festival,J030,MG Road,49090,Weekday,True,Clear,False,0.0,False,False,1.0,Severe,7.7,77.6,580.5,0.204,0.47,0.851,Festival crowd surge detected - alternate route and extended cycle recommended
EVT447583,2025-12-13 21:56:38,Trade Fair,J012,Koramangala Sony World,8818,Weekend,False,Clear,False,0.0,False,False,0.356,Moderate,31.0,20.1,180.8,0.162,0.375,0.983,Moderate traffic flow - standard adaptive signal timing in effect
EVT447584,2025-11-14 06:42:57,Political Rally,J040,City Market,16208,Weekday,False,Clear,False,0.0,False,False,0.43,Moderate,29.5,35.5,90.4,0.07,0.162,0.951,Moderate traffic flow - standard adaptive signal timing in effect
EVT447585,2026-02-14 12:12:41,Concert,J040,City Market,10799,Weekend,False,Clear,False,0.0,False,False,0.302,Low,32.7,25.4,128.0,0.106,0.245,0.963,Moderate traffic flow - standard adaptive signal timing in effect
EVT447586,2025-12-23 18:30:11,Sports Fixture,J012,Koramangala Sony World,29226,Weekday,False,Clear,False,0.0,False,False,1.0,Severe,8.9,73.3,729.2,0.233,0.537,0.913,Heavy congestion detected - signal timing extended and reroute suggested
EVT447587,2026-03-27 22:12:58,Religious Festival,J012,Koramangala Sony World,56754,Weekday,True,Clear,False,0.0,False,True,0.958,Severe,10.2,98.4,528.6,0.233,0.539,0.829,Road closure for event/procession - full detour recommended for through-traffic
EVT447588,2026-04-29 10:14:42,Local Market Day,J011,Indiranagar 100ft Road,3753,Weekday,False,Clear,False,0.0,False,False,0.716,High,16.7,45.1,252.1,0.144,0.333,0.948,Moderate traffic flow - standard adaptive signal timing in effect
EVT447589,2025-05-29 05:58:47,Trade Fair,J040,City Market,9052,Weekday,False,Clear,False,0.0,False,False,0.287,Low,32.0,21.4,84.4,0.059,0.137,0.953,Moderate traffic flow - standard adaptive signal timing in effect
EVT447590,2026-03-17 11:43:17,Local Market Day,J012,Koramangala Sony World,4466,Weekday,False,Clear,False,0.0,False,False,0.262,Low,34.7,17.9,134.7,0.138,0.319,0.953,Moderate traffic flow - standard adaptive signal timing in effect
EVT447591,2025-09-13 10:57:12,Local Market Day,J030,MG Road,2299,Weekend,False,Light Rain,True,4.8,False,False,0.509,Moderate,24.8,38.4,228.3,0.158,0.364,0.909,Light rain detected - minor speed reduction advised
EVT447592,2026-01-30 06:00:36,Trade Fair,J012,Koramangala Sony World,12405,Weekday,False,Clear,False,0.0,False,False,0.322,Low,30.3,26.8,257.2,0.224,0.518,0.959,Moderate traffic flow - standard adaptive signal timing in effect
EVT447593,2026-06-20 16:48:41,Local Market Day,J030,MG Road,3338,Weekend,False,Clear,False,0.0,False,False,0.647,High,19.5,49.1,101.7,0.079,0.182,0.951,Moderate traffic flow - standard adaptive signal timing in effect
EVT447594,2025-10-01 13:24:57,Sports Fixture,J011,Indiranagar 100ft Road,21595,Weekday,False,Heavy Rain,True,36.9,True,False,1.0,Severe,6.0,65.3,886.9,0.219,0.506,0.706,Accident detected nearby - reroute and reduced speed advised
EVT447595,2026-03-24 09:39:28,Concert,J011,Indiranagar 100ft Road,11258,Weekday,False,Clear,False,0.0,False,False,0.89,Severe,14.4,61.2,374.6,0.203,0.469,0.952,Heavy congestion detected - signal timing extended and reroute suggested
EVT447596,2025-07-03 20:47:24,Concert,J040,City Market,13711,Weekday,False,Clear,False,0.0,False,False,0.56,High,29.2,43.2,166.0,0.132,0.304,0.96,Moderate traffic flow - standard adaptive signal timing in effect
EVT447597,2025-05-12 15:33:27,Trade Fair,J012,Koramangala Sony World,9747,Weekday,False,Clear,False,0.0,False,False,0.391,Moderate,31.1,26.5,130.8,0.105,0.242,0.972,Moderate traffic flow - standard adaptive signal timing in effect
EVT447598,2026-04-03 22:53:31,Trade Fair,J031,Cubbon Road,8389,Weekday,False,Clear,False,0.0,False,False,0.199,Low,30.2,18.0,58.1,0.045,0.103,0.943,Normal free-flow traffic - standard signal timing maintained
EVT447599,2025-09-16 09:27:50,Concert,J012,Koramangala Sony World,8057,Weekday,False,Fog,False,0.0,False,False,0.937,Severe,11.9,67.3,307.2,0.159,0.368,0.952,Heavy congestion detected - signal timing extended and reroute suggested
EVT447600,2026-04-28 14:03:53,Local Market Day,J030,MG Road,4296,Weekday,False,Clear,False,0.0,False,False,0.16,Low,38.0,13.0,160.5,0.147,0.339,0.97,Normal free-flow traffic - standard signal timing maintained
EVT447601,2026-06-17 06:06:53,Concert,J040,City Market,15481,Weekday,False,Heavy Rain,True,45.0,False,False,0.608,High,26.5,43.4,159.2,0.104,0.24,0.908,Heavy rain reducing visibility and grip - reduced speed and longer buffer advised
EVT447602,2025-03-09 08:12:17,Local Market Day,J023,Basavanagudi,2650,Weekend,False,Clear,False,0.0,False,False,0.744,High,18.4,54.9,383.2,0.231,0.533,0.949,Moderate traffic flow - standard adaptive signal timing in effect
EVT447603,2025-10-23 17:50:57,Sports Fixture,J009,Majestic,32033,Weekday,False,Clear,False,0.0,False,False,1.0,Severe,8.0,70.7,419.8,0.132,0.305,0.894,Heavy congestion detected - signal timing extended and reroute suggested
EVT447604,2025-07-23 06:14:58,Sports Fixture,J031,Cubbon Road,19290,Weekday,False,Rain,True,9.2,False,False,0.506,Moderate,22.1,34.6,256.6,0.183,0.422,0.927,Light rain detected - minor speed reduction advised
EVT447605,2026-02-12 19:14:01,Concert,J011,Indiranagar 100ft Road,11774,Weekday,False,Clear,False,0.0,False,False,1.0,Severe,10.3,76.6,687.9,0.27,0.624,0.92,Heavy congestion detected - signal timing extended and reroute suggested
EVT447606,2026-04-02 09:13:31,Sports Fixture,J012,Koramangala Sony World,14855,Weekday,False,Clear,False,0.0,False,False,1.0,Severe,6.7,69.0,539.4,0.161,0.371,0.908,Heavy congestion detected - signal timing extended and reroute suggested
EVT447607,2025-09-30 10:08:09,Sports Fixture,J023,Basavanagudi,40200,Weekday,False,Clear,False,0.0,False,False,0.964,Severe,11.1,65.5,544.9,0.238,0.549,0.927,Heavy congestion detected - signal timing extended and reroute suggested
EVT447608,2025-11-18 22:55:07,Local Market Day,J009,Majestic,3322,Weekday,False,Rain,True,18.5,False,False,0.36,Moderate,33.4,26.4,164.0,0.166,0.384,0.903,Light rain detected - minor speed reduction advised
EVT447609,2025-06-08 08:50:38,Local Market Day,J020,Malleshwaram Circle,3599,Weekend,False,Clear,False,0.0,False,False,0.824,Severe,15.0,59.4,377.0,0.198,0.458,0.943,Heavy congestion detected - signal timing extended and reroute suggested
EVT447610,2026-01-10 18:01:18,Local Market Day,J012,Koramangala Sony World,2809,Weekend,False,Clear,False,0.0,False,False,0.856,Severe,14.0,57.7,329.1,0.181,0.418,0.955,Heavy congestion detected - signal timing extended and reroute suggested
EVT447611,2025-01-29 19:43:31,Sports Fixture,J030,MG Road,18935,Weekday,False,Light Rain,True,0.9,True,False,1.0,Severe,8.2,66.8,309.5,0.114,0.264,0.711,Accident detected nearby - reroute and reduced speed advised
EVT447612,2026-01-02 13:29:59,Cultural Procession,J023,Basavanagudi,28525,Weekday,True,Clear,False,0.0,False,True,0.685,Moderate,21.9,65.4,205.0,0.137,0.316,0.88,Road closure for event/procession - full detour recommended for through-traffic
EVT447613,2025-08-12 09:43:42,Political Rally,J040,City Market,23295,Weekday,False,Clear,False,0.0,False,False,0.963,Severe,9.5,69.0,568.4,0.224,0.517,0.918,Heavy congestion detected - signal timing extended and reroute suggested
EVT447614,2025-03-16 20:08:40,Trade Fair,J020,Malleshwaram Circle,5012,Weekend,False,Clear,False,0.0,False,False,0.639,High,21.8,45.7,208.4,0.153,0.353,0.951,Moderate traffic flow - standard adaptive signal timing in effect
EVT447615,2025-10-20 08:02:39,Cultural Procession,J023,Basavanagudi,17567,Weekday,True,Clear,False,0.0,False,True,1.0,Severe,7.5,101.7,463.9,0.154,0.355,0.846,Road closure for event/procession - full detour recommended for through-traffic
EVT447616,2025-09-07 19:20:22,Local Market Day,J009,Majestic,4592,Weekend,False,Clear,False,0.0,False,False,0.784,Severe,14.4,52.9,372.0,0.185,0.428,0.974,Heavy congestion detected - signal timing extended and reroute suggested
EVT447617,2025-10-11 15:46:20,Concert,J023,Basavanagudi,8753,Weekend,False,Clear,False,0.0,False,False,0.456,Moderate,29.4,34.7,222.9,0.183,0.422,0.946,Moderate traffic flow - standard adaptive signal timing in effect
EVT447618,2025-03-14 19:24:54,Cultural Procession,J009,Majestic,18801,Weekday,True,Clear,False,0.0,False,True,1.0,Severe,8.9,99.9,687.0,0.259,0.598,0.861,Road closure for event/procession - full detour recommended for through-traffic
EVT447619,2025-11-22 18:07:21,Local Market Day,J023,Basavanagudi,3022,Weekend,False,Rain,True,7.7,False,False,0.999,Severe,6.5,71.8,609.9,0.182,0.42,0.84,Heavy rain reducing visibility and grip - reduced speed and longer buffer advised
EVT447620,2026-01-06 18:58:45,Local Market Day,J020,Malleshwaram Circle,6471,Weekday,False,Clear,False,0.0,False,False,0.982,Severe,7.6,67.5,611.7,0.179,0.414,0.924,Heavy congestion detected - signal timing extended and reroute suggested
EVT447621,2025-03-23 22:54:15,Local Market Day,J031,Cubbon Road,6453,Weekend,False,Clear,False,0.0,False,False,0.35,Moderate,28.5,29.7,142.7,0.105,0.242,0.929,Moderate traffic flow - standard adaptive signal timing in effect
EVT447622,2026-03-12 14:17:14,Concert,J023,Basavanagudi,14489,Weekday,False,Fog,False,0.0,False,False,0.207,Low,28.6,20.1,87.9,0.057,0.132,0.976,Normal free-flow traffic - standard signal timing maintained
EVT447623,2025-11-02 18:47:29,Religious Festival,J031,Cubbon Road,63831,Weekend,True,Clear,False,0.0,False,True,1.0,Severe,7.5,107.9,532.2,0.168,0.388,0.824,Road closure for event/procession - full detour recommended for through-traffic
EVT447624,2025-12-09 11:10:27,Concert,J040,City Market,14877,Weekday,False,Clear,False,0.0,False,False,0.462,Moderate,23.0,35.1,315.6,0.211,0.487,0.967,Moderate traffic flow - standard adaptive signal timing in effect
EVT447625,2025-08-09 18:26:47,Concert,J009,Majestic,12077,Weekend,False,Clear,False,0.0,False,False,0.955,Severe,9.4,74.6,523.5,0.191,0.441,0.914,Heavy congestion detected - signal timing extended and reroute suggested
EVT447626,2025-05-24 09:12:06,Local Market Day,J030,MG Road,3931,Weekend,False,Clear,False,0.0,False,False,0.854,Severe,12.3,66.4,304.1,0.141,0.327,0.926,Heavy congestion detected - signal timing extended and reroute suggested
EVT447627,2026-02-18 20:21:25,Local Market Day,J009,Majestic,7277,Weekday,False,Clear,False,0.0,False,False,0.654,High,16.9,49.4,303.9,0.15,0.346,0.989,Moderate traffic flow - standard adaptive signal timing in effect
EVT447628,2025-11-26 16:17:36,Sports Fixture,J012,Koramangala Sony World,27289,Weekday,False,Clear,False,0.0,False,False,0.646,High,16.9,46.2,295.3,0.156,0.361,0.967,Moderate traffic flow - standard adaptive signal timing in effect
EVT447629,2025-11-18 18:12:14,Local Market Day,J009,Majestic,3897,Weekday,False,Clear,False,0.0,False,False,0.98,Severe,9.7,68.9,560.0,0.217,0.5,0.967,Heavy congestion detected - signal timing extended and reroute suggested
EVT447630,2025-06-27 14:31:01,Concert,J012,Koramangala Sony World,15767,Weekday,False,Rain,True,10.6,False,False,0.41,Moderate,29.7,29.0,235.3,0.174,0.402,0.901,Light rain detected - minor speed reduction advised
EVT447631,2025-09-29 14:15:24,Sports Fixture,J009,Majestic,26274,Weekday,False,Heavy Rain,True,44.5,False,False,0.734,High,21.4,51.6,243.4,0.157,0.362,0.907,Heavy rain reducing visibility and grip - reduced speed and longer buffer advised
EVT447632,2026-03-24 20:57:49,Trade Fair,J011,Indiranagar 100ft Road,5708,Weekday,False,Clear,False,0.0,False,False,0.474,Moderate,21.8,34.6,286.9,0.193,0.445,0.986,Moderate traffic flow - standard adaptive signal timing in effect
EVT447633,2025-12-01 18:11:55,Political Rally,J031,Cubbon Road,21808,Weekday,False,Light Rain,True,2.1,False,False,1.0,Severe,8.4,71.1,718.7,0.268,0.62,0.874,Heavy rain reducing visibility and grip - reduced speed and longer buffer advised
EVT447634,2025-03-16 22:32:01,Sports Fixture,J009,Majestic,20229,Weekend,False,Clear,False,0.0,False,False,0.249,Low,27.4,17.9,117.5,0.089,0.206,0.974,Normal free-flow traffic - standard signal timing maintained
EVT447635,2026-01-26 10:27:57,Fireworks Display,J023,Basavanagudi,18548,Weekday,True,Clear,False,0.0,False,False,0.977,Severe,7.7,64.0,537.9,0.17,0.393,0.864,Festival crowd surge detected - alternate route and extended cycle recommended
EVT447636,2026-05-29 11:50:07,Trade Fair,J009,Majestic,6145,Weekday,False,Clear,False,0.0,False,False,0.259,Low,31.2,14.3,133.3,0.124,0.287,0.977,Moderate traffic flow - standard adaptive signal timing in effect
EVT447637,2025-10-11 17:04:57,Trade Fair,J023,Basavanagudi,7473,Weekend,False,Clear,False,0.0,False,False,0.678,High,17.2,44.4,384.5,0.205,0.473,0.961,Moderate traffic flow - standard adaptive signal timing in effect
EVT447638,2025-03-18 09:42:24,Trade Fair,J011,Indiranagar 100ft Road,8433,Weekday,False,Clear,False,0.0,False,False,0.898,Severe,13.1,63.7,381.4,0.2,0.461,0.924,Heavy congestion detected - signal timing extended and reroute suggested
EVT447639,2025-01-12 08:06:00,Trade Fair,J011,Indiranagar 100ft Road,10837,Weekend,False,Clear,False,0.0,False,False,0.733,High,18.8,49.2,269.9,0.161,0.372,0.965,Moderate traffic flow - standard adaptive signal timing in effect
EVT447640,2025-04-27 17:59:57,Local Market Day,J020,Malleshwaram Circle,5459,Weekend,False,Clear,False,0.0,False,False,0.826,Severe,11.0,56.8,236.0,0.104,0.241,0.952,Heavy congestion detected - signal timing extended and reroute suggested
EVT447641,2025-03-19 20:33:48,Local Market Day,J031,Cubbon Road,6373,Weekday,False,Clear,False,0.0,False,False,0.574,High,22.9,37.0,173.2,0.124,0.286,0.98,Moderate traffic flow - standard adaptive signal timing in effect
EVT447642,2025-08-02 20:56:08,Local Market Day,J009,Majestic,6572,Weekend,False,Light Rain,True,6.3,False,False,0.607,High,23.5,44.6,117.0,0.082,0.189,0.9,Heavy rain reducing visibility and grip - reduced speed and longer buffer advised
EVT447643,2025-09-24 02:52:49,Sports Fixture,J009,Majestic,15332,Weekday,False,Clear,False,0.0,False,False,0.32,Low,29.3,25.2,141.9,0.129,0.297,0.957,Moderate traffic flow - standard adaptive signal timing in effect
EVT447644,2025-04-06 10:37:24,Cultural Procession,J012,Koramangala Sony World,23554,Weekend,True,Clear,False,0.0,False,True,1.0,Severe,8.2,102.8,703.7,0.241,0.558,0.824,Road closure for event/procession - full detour recommended for through-traffic
EVT447645,2025-01-26 13:03:31,Cultural Procession,J012,Koramangala Sony World,18004,Weekend,True,Clear,False,0.0,False,True,0.703,High,17.5,77.7,144.3,0.08,0.185,0.882,Road closure for event/procession - full detour recommended for through-traffic
EVT447646,2026-01-12 17:01:50,Local Market Day,J009,Majestic,3504,Weekday,False,Clear,False,0.0,False,False,0.671,High,18.0,49.9,352.8,0.205,0.473,0.972,Moderate traffic flow - standard adaptive signal timing in effect
EVT447647,2026-05-27 18:38:27,Local Market Day,J012,Koramangala Sony World,7478,Weekday,False,Clear,False,0.0,False,False,1.0,Severe,7.5,74.7,977.7,0.316,0.729,0.92,Heavy congestion detected - signal timing extended and reroute suggested
EVT447648,2026-04-08 12:44:11,Political Rally,J023,Basavanagudi,12114,Weekday,False,Clear,False,0.0,False,False,0.26,Low,29.1,14.5,144.3,0.125,0.288,0.984,Moderate traffic flow - standard adaptive signal timing in effect
EVT447649,2025-07-29 17:04:17,Political Rally,J023,Basavanagudi,11633,Weekday,False,Clear,False,0.0,False,False,0.802,Severe,13.9,64.6,216.8,0.114,0.264,0.965,Heavy congestion detected - signal timing extended and reroute suggested
EVT447650,2025-06-22 18:41:53,Trade Fair,J031,Cubbon Road,7104,Weekend,False,Clear,False,0.0,False,False,0.925,Severe,11.7,66.2,410.0,0.204,0.471,0.917,Heavy congestion detected - signal timing extended and reroute suggested
EVT447651,2026-04-13 13:42:55,Trade Fair,J020,Malleshwaram Circle,7612,Weekday,False,Clear,False,0.0,False,False,0.187,Low,33.2,15.2,192.4,0.165,0.382,0.99,Normal free-flow traffic - standard signal timing maintained
EVT447652,2025-01-30 16:05:11,Sports Fixture,J030,MG Road,35884,Weekday,False,Clear,False,0.0,False,False,0.684,High,17.1,50.5,326.9,0.179,0.413,0.969,Moderate traffic flow - standard adaptive signal timing in effect
EVT447653,2025-11-28 14:19:22,Political Rally,J012,Koramangala Sony World,9217,Weekday,False,Clear,False,0.0,False,False,0.183,Low,25.9,14.5,248.6,0.172,0.397,0.959,Normal free-flow traffic - standard signal timing maintained
EVT447654,2026-01-20 16:54:20,Local Market Day,J030,MG Road,3975,Weekday,False,Clear,False,0.0,False,False,0.708,High,17.8,52.3,291.3,0.169,0.39,0.96,Moderate traffic flow - standard adaptive signal timing in effect
EVT447655,2025-03-09 11:49:22,Sports Fixture,J031,Cubbon Road,67464,Weekend,False,Clear,False,0.0,False,False,0.68,High,22.0,50.7,202.1,0.139,0.321,0.986,Moderate traffic flow - standard adaptive signal timing in effect
EVT447656,2025-01-21 18:37:15,Concert,J011,Indiranagar 100ft Road,4184,Weekday,False,Clear,False,0.0,False,False,0.948,Severe,9.6,70.0,479.8,0.18,0.415,0.931,Heavy congestion detected - signal timing extended and reroute suggested
EVT447657,2025-07-09 23:54:28,Sports Fixture,J011,Indiranagar 100ft Road,24492,Weekday,False,Clear,False,0.0,False,False,0.257,Low,34.9,14.1,103.3,0.069,0.159,0.954,Moderate traffic flow - standard adaptive signal timing in effect
EVT447658,2025-04-04 06:43:26,Local Market Day,J012,Koramangala Sony World,6904,Weekday,False,Clear,False,0.0,False,False,0.401,Moderate,25.5,34.5,264.0,0.212,0.49,0.968,Moderate traffic flow - standard adaptive signal timing in effect
EVT447659,2025-08-21 09:01:40,Political Rally,J020,Malleshwaram Circle,39695,Weekday,False,Rain,True,13.2,False,False,1.0,Severe,9.8,75.1,634.3,0.242,0.559,0.85,Heavy rain reducing visibility and grip - reduced speed and longer buffer advised
EVT447660,2026-03-16 18:11:48,Concert,J012,Koramangala Sony World,11899,Weekday,False,Clear,False,0.0,False,False,1.0,Severe,9.4,67.6,389.2,0.16,0.369,0.937,Heavy congestion detected - signal timing extended and reroute suggested
EVT447661,2025-06-30 14:38:34,Sports Fixture,J020,Malleshwaram Circle,14610,Weekday,False,Fog,False,0.0,False,False,0.264,Low,34.9,22.5,158.1,0.14,0.324,0.964,Moderate traffic flow - standard adaptive signal timing in effect
EVT447662,2026-05-20 21:54:44,Sports Fixture,J012,Koramangala Sony World,31708,Weekday,False,Clear,False,0.0,False,False,0.43,Moderate,26.1,29.7,195.8,0.17,0.394,0.953,Moderate traffic flow - standard adaptive signal timing in effect
EVT447663,2025-05-21 22:31:42,Trade Fair,J031,Cubbon Road,14841,Weekday,False,Clear,False,0.0,False,False,0.258,Low,32.2,12.3,132.1,0.14,0.324,0.98,Moderate traffic flow - standard adaptive signal timing in effect
EVT447664,2025-02-23 17:51:35,Concert,J009,Majestic,13924,Weekend,False,Clear,False,0.0,False,False,0.835,Severe,12.3,63.6,356.6,0.166,0.383,0.94,Heavy congestion detected - signal timing extended and reroute suggested
EVT447665,2025-11-21 18:56:18,Sports Fixture,J040,City Market,12816,Weekday,False,Clear,False,0.0,False,False,1.0,Severe,9.5,65.1,864.0,0.306,0.707,0.908,Heavy congestion detected - signal timing extended and reroute suggested
EVT447666,2025-04-17 07:13:32,Political Rally,J030,MG Road,15294,Weekday,False,Fog,False,0.0,False,False,0.559,High,21.4,38.6,124.6,0.064,0.148,0.969,Moderate traffic flow - standard adaptive signal timing in effect
EVT447667,2025-06-15 08:28:40,Local Market Day,J040,City Market,8334,Weekend,False,Heavy Rain,True,46.1,False,False,1.0,Severe,8.1,72.3,811.2,0.248,0.572,0.836,Heavy rain reducing visibility and grip - reduced speed and longer buffer advised
EVT447668,2025-08-03 16:46:46,Sports Fixture,J009,Majestic,13038,Weekend,False,Clear,False,0.0,False,False,0.658,High,17.2,46.9,148.9,0.093,0.215,0.948,Moderate traffic flow - standard adaptive signal timing in effect
EVT447669,2025-11-25 13:55:46,Sports Fixture,J012,Koramangala Sony World,22125,Weekday,False,Clear,False,0.0,False,False,0.296,Low,26.3,22.4,222.8,0.143,0.331,0.955,Moderate traffic flow - standard adaptive signal timing in effect
EVT447670,2025-01-09 12:40:49,Trade Fair,J012,Koramangala Sony World,7760,Weekday,False,Clear,False,0.0,False,False,0.26,Low,28.5,26.3,185.4,0.148,0.343,0.957,Moderate traffic flow - standard adaptive signal timing in effect
EVT447671,2025-07-19 14:24:33,Trade Fair,J031,Cubbon Road,6677,Weekend,False,Clear,False,0.0,False,False,0.278,Low,26.9,15.2,95.5,0.072,0.167,0.979,Moderate traffic flow - standard adaptive signal timing in effect
EVT447672,2026-04-26 19:59:33,Trade Fair,J012,Koramangala Sony World,4285,Weekend,False,Clear,False,0.0,False,False,0.649,High,24.0,50.9,264.7,0.172,0.396,0.987,Moderate traffic flow - standard adaptive signal timing in effect
EVT447673,2025-01-18 09:35:52,Sports Fixture,J031,Cubbon Road,16811,Weekend,False,Clear,False,0.0,False,False,0.903,Severe,15.0,71.4,233.2,0.112,0.259,0.921,Heavy congestion detected - signal timing extended and reroute suggested
EVT447674,2025-06-17 14:38:43,Political Rally,J040,City Market,14839,Weekday,False,Heavy Rain,True,58.3,False,False,0.712,High,18.5,49.3,252.6,0.187,0.433,0.927,Heavy rain reducing visibility and grip - reduced speed and longer buffer advised
EVT447675,2026-03-01 15:22:33,Trade Fair,J023,Basavanagudi,11940,Weekend,False,Clear,False,0.0,False,False,0.472,Moderate,24.5,38.5,230.6,0.165,0.382,0.988,Moderate traffic flow - standard adaptive signal timing in effect
EVT447676,2025-04-25 08:36:34,Political Rally,J031,Cubbon Road,11847,Weekday,False,Rain,True,16.2,False,False,1.0,Severe,8.0,71.9,511.3,0.173,0.4,0.874,Heavy rain reducing visibility and grip - reduced speed and longer buffer advised
EVT447677,2025-12-30 19:16:19,Sports Fixture,J009,Majestic,37471,Weekday,False,Clear,False,0.0,False,False,1.0,Severe,8.4,70.6,553.1,0.191,0.44,0.925,Heavy congestion detected - signal timing extended and reroute suggested
EVT447678,2025-05-06 18:58:52,Local Market Day,J020,Malleshwaram Circle,2876,Weekday,False,Clear,False,0.0,False,False,0.933,Severe,9.7,64.0,842.5,0.314,0.726,0.935,Heavy congestion detected - signal timing extended and reroute suggested
EVT447679,2025-01-03 18:45:00,Trade Fair,J040,City Market,8392,Weekday,False,Clear,False,0.0,False,False,1.0,Severe,9.0,69.0,509.6,0.189,0.436,0.916,Heavy congestion detected - signal timing extended and reroute suggested
EVT447680,2026-02-23 13:24:05,Political Rally,J020,Malleshwaram Circle,45236,Weekday,False,Clear,False,0.0,False,False,0.472,Moderate,22.7,37.1,117.4,0.073,0.168,0.99,Moderate traffic flow - standard adaptive signal timing in effect
EVT447681,2026-06-16 13:04:37,Trade Fair,J009,Majestic,10030,Weekday,False,Clear,False,0.0,False,False,0.208,Low,26.5,18.8,157.5,0.127,0.292,0.972,Normal free-flow traffic - standard signal timing maintained
EVT447682,2025-02-11 19:55:27,Local Market Day,J023,Basavanagudi,3634,Weekday,False,Clear,False,0.0,False,False,0.758,Severe,16.6,48.6,210.9,0.126,0.291,0.978,Heavy congestion detected - signal timing extended and reroute suggested
EVT447683,2026-05-11 17:14:48,Trade Fair,J020,Malleshwaram Circle,5271,Weekday,False,Clear,False,0.0,False,False,0.822,Severe,12.2,64.8,201.8,0.096,0.222,0.961,Heavy congestion detected - signal timing extended and reroute suggested
EVT447684,2026-05-09 23:48:57,Sports Fixture,J030,MG Road,22840,Weekend,False,Clear,False,0.0,False,False,0.466,Moderate,25.2,33.8,153.6,0.109,0.251,0.96,Moderate traffic flow - standard adaptive signal timing in effect
EVT447685,2025-05-31 14:18:54,Local Market Day,J040,City Market,3363,Weekend,False,Clear,False,0.0,False,False,0.266,Low,28.1,23.7,192.5,0.143,0.33,0.96,Moderate traffic flow - standard adaptive signal timing in effect
EVT447686,2026-01-15 08:20:34,Cultural Procession,J009,Majestic,14503,Weekday,True,Clear,False,0.0,False,True,1.0,Severe,8.7,98.1,394.2,0.139,0.322,0.844,Road closure for event/procession - full detour recommended for through-traffic
EVT447687,2026-06-13 16:26:52,Concert,J012,Koramangala Sony World,8628,Weekend,False,Heavy Rain,True,25.3,False,False,0.833,Severe,14.6,57.7,168.1,0.09,0.208,0.914,Heavy rain reducing visibility and grip - reduced speed and longer buffer advised
EVT447688,2025-10-09 09:33:06,Political Rally,J023,Basavanagudi,7144,Weekday,False,Heavy Rain,True,29.4,False,False,1.0,Severe,8.2,62.1,453.2,0.165,0.38,0.857,Heavy rain reducing visibility and grip - reduced speed and longer buffer advised
EVT447689,2025-09-23 06:25:07,Trade Fair,J023,Basavanagudi,6077,Weekday,False,Fog,False,0.0,False,False,0.282,Low,32.1,25.0,125.1,0.098,0.226,0.969,Moderate traffic flow - standard adaptive signal timing in effect
EVT447690,2026-02-16 21:13:18,Sports Fixture,J012,Koramangala Sony World,23409,Weekday,False,Clear,False,0.0,False,False,0.47,Moderate,21.0,31.5,249.5,0.149,0.345,0.986,Moderate traffic flow - standard adaptive signal timing in effect
EVT447691,2025-05-25 13:03:16,Trade Fair,J020,Malleshwaram Circle,7530,Weekend,False,Light Rain,True,4.3,False,False,0.462,Moderate,24.7,30.3,165.2,0.117,0.27,0.905,Light rain detected - minor speed reduction advised
EVT447692,2025-08-12 17:25:20,Local Market Day,J040,City Market,2732,Weekday,False,Clear,False,0.0,False,False,0.803,Severe,15.7,52.7,280.4,0.167,0.387,0.958,Heavy congestion detected - signal timing extended and reroute suggested
EVT447693,2025-06-14 19:04:50,Concert,J020,Malleshwaram Circle,18186,Weekend,False,Rain,True,17.2,False,False,1.0,Severe,8.7,75.5,554.5,0.208,0.481,0.849,Heavy rain reducing visibility and grip - reduced speed and longer buffer advised
EVT447694,2025-07-22 18:12:16,Sports Fixture,J040,City Market,26852,Weekday,False,Heavy Rain,True,69.4,False,False,1.0,Severe,7.3,71.4,414.4,0.123,0.285,0.877,Heavy rain reducing visibility and grip - reduced speed and longer buffer advised
EVT447695,2025-05-26 14:29:21,Concert,J023,Basavanagudi,7833,Weekday,False,Rain,True,21.4,False,False,0.435,Moderate,25.6,36.4,130.6,0.118,0.272,0.92,Light rain detected - minor speed reduction advised
EVT447696,2025-03-01 09:26:53,Trade Fair,J031,Cubbon Road,8963,Weekend,False,Clear,False,0.0,False,False,0.921,Severe,11.9,62.0,383.5,0.169,0.391,0.955,Heavy congestion detected - signal timing extended and reroute suggested
EVT447697,2025-09-23 08:36:52,Local Market Day,J011,Indiranagar 100ft Road,2282,Weekday,False,Clear,False,0.0,False,False,1.0,Severe,10.0,76.9,516.5,0.215,0.496,0.935,Heavy congestion detected - signal timing extended and reroute suggested
EVT447698,2026-03-18 20:14:07,Local Market Day,J011,Indiranagar 100ft Road,3054,Weekday,False,Clear,False,0.0,False,False,0.61,High,22.8,37.4,122.3,0.085,0.196,0.979,Moderate traffic flow - standard adaptive signal timing in effect
EVT447699,2025-05-08 13:41:55,Concert,J020,Malleshwaram Circle,13190,Weekday,False,Clear,False,0.0,False,False,0.135,Low,34.3,8.5,122.1,0.096,0.222,0.946,Normal free-flow traffic - standard signal timing maintained
EVT447700,2025-01-18 16:43:05,Sports Fixture,J012,Koramangala Sony World,16717,Weekend,False,Clear,False,0.0,False,False,0.563,High,22.6,40.1,225.1,0.169,0.39,0.99,Moderate traffic flow - standard adaptive signal timing in effect
EVT447701,2025-03-15 20:06:24,Religious Festival,J023,Basavanagudi,37630,Weekend,True,Clear,False,0.0,False,False,0.992,Severe,6.8,71.2,542.3,0.169,0.39,0.886,Festival crowd surge detected - alternate route and extended cycle recommended
EVT447702,2025-10-09 17:22:03,Political Rally,J031,Cubbon Road,15713,Weekday,False,Clear,False,0.0,False,False,0.902,Severe,12.0,70.5,381.6,0.186,0.429,0.95,Heavy congestion detected - signal timing extended and reroute suggested
EVT447703,2025-07-04 09:21:09,Concert,J030,MG Road,6219,Weekday,False,Clear,False,0.0,False,False,1.0,Severe,9.2,72.2,619.6,0.241,0.558,0.94,Heavy congestion detected - signal timing extended and reroute suggested
EVT447704,2025-01-30 20:05:50,Trade Fair,J030,MG Road,7166,Weekday,False,Clear,False,0.0,False,False,0.659,High,17.9,53.6,176.5,0.095,0.219,0.957,Moderate traffic flow - standard adaptive signal timing in effect
EVT447705,2026-03-23 17:16:21,Sports Fixture,J011,Indiranagar 100ft Road,32290,Weekday,False,Clear,False,0.0,False,False,0.947,Severe,8.9,65.1,502.9,0.186,0.429,0.885,Heavy congestion detected - signal timing extended and reroute suggested
EVT447706,2025-10-26 07:12:55,Local Market Day,J012,Koramangala Sony World,3397,Weekend,False,Clear,False,0.0,False,False,0.5,Moderate,24.5,34.7,140.1,0.09,0.208,0.944,Moderate traffic flow - standard adaptive signal timing in effect
EVT447707,2026-01-05 08:32:25,Local Market Day,J020,Malleshwaram Circle,3743,Weekday,False,Clear,False,0.0,False,False,1.0,Severe,9.0,75.0,670.9,0.241,0.556,0.93,Heavy congestion detected - signal timing extended and reroute suggested
EVT447708,2025-02-12 18:56:16,Local Market Day,J012,Koramangala Sony World,2714,Weekday,False,Clear,False,0.0,False,False,0.981,Severe,8.7,68.6,1233.5,0.426,0.984,0.962,Heavy congestion detected - signal timing extended and reroute suggested
EVT447709,2025-06-20 07:25:14,Concert,J023,Basavanagudi,17084,Weekday,False,Clear,False,0.0,False,False,0.652,High,18.5,46.8,257.1,0.15,0.346,0.961,Moderate traffic flow - standard adaptive signal timing in effect
EVT447710,2025-05-03 08:17:30,Sports Fixture,J023,Basavanagudi,38244,Weekend,False,Light Rain,True,5.7,False,False,1.0,Severe,7.8,66.4,627.6,0.2,0.462,0.87,Heavy rain reducing visibility and grip - reduced speed and longer buffer advised
EVT447711,2026-03-22 12:56:30,Trade Fair,J023,Basavanagudi,8649,Weekend,False,Rain,True,13.4,False,False,0.395,Moderate,31.3,20.6,110.1,0.076,0.176,0.913,Light rain detected - minor speed reduction advised
EVT447712,2025-07-15 21:38:23,Sports Fixture,J009,Majestic,28432,Weekday,False,Clear,False,0.0,False,False,0.472,Moderate,29.4,30.1,179.5,0.154,0.355,0.947,Moderate traffic flow - standard adaptive signal timing in effect
EVT447713,2026-04-29 10:03:42,Sports Fixture,J020,Malleshwaram Circle,16447,Weekday,False,Clear,False,0.0,False,False,0.907,Severe,11.8,59.4,232.2,0.092,0.212,0.929,Heavy congestion detected - signal timing extended and reroute suggested
EVT447714,2026-03-13 20:28:14,Concert,J023,Basavanagudi,11203,Weekday,False,Clear,False,0.0,False,False,0.583,High,22.6,44.0,189.3,0.133,0.307,0.956,Moderate traffic flow - standard adaptive signal timing in effect
EVT447715,2025-11-14 16:21:22,Local Market Day,J040,City Market,2716,Weekday,False,Clear,False,0.0,False,False,0.491,Moderate,22.5,35.7,316.6,0.247,0.57,0.956,Moderate traffic flow - standard adaptive signal timing in effect
EVT447716,2025-03-24 09:30:32,Sports Fixture,J009,Majestic,19855,Weekday,False,Clear,False,0.0,False,False,1.0,Severe,12.3,70.8,541.6,0.293,0.677,0.906,Heavy congestion detected - signal timing extended and reroute suggested
EVT447717,2025-02-22 19:24:18,Concert,J011,Indiranagar 100ft Road,10834,Weekend,False,Clear,False,0.0,False,False,0.813,Severe,12.5,49.9,312.6,0.142,0.329,0.96,Heavy congestion detected - signal timing extended and reroute suggested
EVT447718,2025-10-03 11:26:20,Religious Festival,J009,Majestic,48914,Weekday,True,Clear,False,0.0,False,True,0.925,Severe,13.2,97.3,278.3,0.137,0.318,0.854,Road closure for event/procession - full detour recommended for through-traffic
EVT447719,2025-04-06 15:21:28,Religious Festival,J031,Cubbon Road,54202,Weekend,True,Clear,False,0.0,False,True,1.0,Severe,8.0,103.3,643.8,0.207,0.477,0.829,Road closure for event/procession - full detour recommended for through-traffic
EVT447720,2025-11-23 14:06:33,Trade Fair,J011,Indiranagar 100ft Road,8034,Weekend,False,Clear,False,0.0,False,False,0.255,Low,30.9,21.2,133.8,0.114,0.264,0.952,Moderate traffic flow - standard adaptive signal timing in effect
EVT447721,2026-06-11 12:12:19,Concert,J023,Basavanagudi,18997,Weekday,False,Heavy Rain,True,31.8,False,False,0.622,High,17.9,41.5,383.2,0.225,0.519,0.922,Heavy rain reducing visibility and grip - reduced speed and longer buffer advised
EVT447722,2025-07-10 09:30:40,Sports Fixture,J023,Basavanagudi,12205,Weekday,False,Clear,False,0.0,False,False,0.97,Severe,9.8,67.3,470.6,0.192,0.443,0.928,Heavy congestion detected - signal timing extended and reroute suggested
EVT447723,2025-09-10 06:39:30,Political Rally,J031,Cubbon Road,10114,Weekday,False,Clear,False,0.0,False,False,0.35,Moderate,28.9,26.3,211.7,0.166,0.384,0.94,Moderate traffic flow - standard adaptive signal timing in effect
EVT447724,2025-10-31 11:10:30,Sports Fixture,J030,MG Road,30555,Weekday,False,Clear,False,0.0,False,False,0.468,Moderate,28.1,36.0,162.4,0.111,0.257,0.942,Moderate traffic flow - standard adaptive signal timing in effect
EVT447725,2025-02-22 18:11:58,Sports Fixture,J011,Indiranagar 100ft Road,29143,Weekend,False,Clear,False,0.0,False,False,0.994,Severe,6.2,78.3,830.1,0.23,0.532,0.919,Heavy congestion detected - signal timing extended and reroute suggested
EVT447726,2025-06-11 16:18:10,Trade Fair,J040,City Market,12993,Weekday,False,Heavy Rain,True,31.8,False,False,0.827,Severe,16.1,62.6,343.9,0.21,0.485,0.917,Heavy rain reducing visibility and grip - reduced speed and longer buffer advised
EVT447727,2025-05-05 15:40:54,Sports Fixture,J023,Basavanagudi,21402,Weekday,False,Clear,False,0.0,False,False,0.462,Moderate,26.6,35.3,167.3,0.134,0.31,0.969,Moderate traffic flow - standard adaptive signal timing in effect
EVT447728,2025-06-02 17:26:27,Sports Fixture,J020,Malleshwaram Circle,15794,Weekday,False,Clear,False,0.0,False,False,0.964,Severe,9.6,67.0,438.3,0.166,0.382,0.937,Heavy congestion detected - signal timing extended and reroute suggested
EVT447729,2025-01-18 18:51:21,Sports Fixture,J023,Basavanagudi,17391,Weekend,False,Clear,False,0.0,False,False,0.944,Severe,10.3,65.2,289.3,0.116,0.268,0.926,Heavy congestion detected - signal timing extended and reroute suggested
EVT447730,2026-02-03 18:00:30,Sports Fixture,J009,Majestic,22804,Weekday,False,Light Rain,True,3.7,False,False,1.0,Severe,8.5,72.3,702.3,0.24,0.554,0.862,Heavy rain reducing visibility and grip - reduced speed and longer buffer advised
EVT447731,2026-05-10 06:53:47,Sports Fixture,J012,Koramangala Sony World,16341,Weekend,False,Clear,False,0.0,False,False,0.527,Moderate,23.8,36.6,324.4,0.216,0.5,0.971,Moderate traffic flow - standard adaptive signal timing in effect
EVT447732,2025-01-09 19:03:53,Local Market Day,J030,MG Road,4885,Weekday,False,Clear,False,0.0,False,False,1.0,Severe,10.0,69.6,438.8,0.179,0.414,0.916,Heavy congestion detected - signal timing extended and reroute suggested
EVT447733,2026-05-17 12:55:57,Concert,J009,Majestic,10219,Weekend,False,Clear,False,0.0,False,False,0.236,Low,25.1,13.0,206.7,0.135,0.312,0.967,Normal free-flow traffic - standard signal timing maintained
EVT447734,2026-03-05 17:54:11,Cultural Procession,J031,Cubbon Road,26336,Weekday,True,Light Rain,True,5.7,False,True,1.0,Severe,11.0,108.3,689.6,0.298,0.688,0.799,Road closure for event/procession - full detour recommended for through-traffic
EVT447735,2025-12-25 17:45:11,Religious Festival,J023,Basavanagudi,37951,Weekday,True,Fog,False,0.0,False,True,1.0,Severe,7.6,95.2,569.4,0.192,0.443,0.831,Road closure for event/procession - full detour recommended for through-traffic
EVT447736,2025-08-08 17:35:26,Political Rally,J030,MG Road,10312,Weekday,False,Clear,False,0.0,False,False,0.988,Severe,9.5,70.3,648.1,0.25,0.577,0.938,Heavy congestion detected - signal timing extended and reroute suggested
EVT447737,2025-09-25 14:59:18,Sports Fixture,J031,Cubbon Road,24557,Weekday,False,Clear,False,0.0,False,False,0.417,Moderate,18.2,32.3,146.0,0.068,0.156,0.951,Moderate traffic flow - standard adaptive signal timing in effect
EVT447738,2026-02-12 17:09:10,Political Rally,J011,Indiranagar 100ft Road,10132,Weekday,False,Clear,False,0.0,False,False,0.776,Severe,14.1,51.6,495.7,0.219,0.507,0.979,Heavy congestion detected - signal timing extended and reroute suggested
EVT447739,2026-01-13 21:50:49,Concert,J012,Koramangala Sony World,11232,Weekday,False,Clear,False,0.0,False,False,0.358,Moderate,30.6,25.7,304.4,0.234,0.542,0.954,Moderate traffic flow - standard adaptive signal timing in effect
EVT447740,2025-12-14 09:50:53,Trade Fair,J040,City Market,10795,Weekend,False,Light Rain,True,1.3,False,False,0.904,Severe,13.0,63.6,239.3,0.123,0.285,0.908,Heavy rain reducing visibility and grip - reduced speed and longer buffer advised
EVT447741,2026-02-12 11:56:41,Sports Fixture,J023,Basavanagudi,22725,Weekday,False,Clear,False,0.0,False,False,0.318,Low,24.0,22.0,234.2,0.142,0.328,0.971,Moderate traffic flow - standard adaptive signal timing in effect
EVT447742,2025-09-27 09:39:55,Sports Fixture,J011,Indiranagar 100ft Road,13943,Weekend,False,Clear,False,0.0,False,False,0.907,Severe,9.4,68.1,479.6,0.18,0.416,0.969,Heavy congestion detected - signal timing extended and reroute suggested
EVT447743,2025-05-11 19:29:31,Sports Fixture,J011,Indiranagar 100ft Road,23058,Weekend,False,Clear,False,0.0,False,False,0.906,Severe,11.2,70.6,689.9,0.306,0.706,0.93,Heavy congestion detected - signal timing extended and reroute suggested
EVT447744,2025-11-24 07:16:17,Sports Fixture,J023,Basavanagudi,27485,Weekday,False,Clear,False,0.0,False,False,0.681,High,18.3,50.0,300.7,0.17,0.392,0.975,Moderate traffic flow - standard adaptive signal timing in effect
EVT447745,2025-11-14 07:43:38,Concert,J030,MG Road,8195,Weekday,False,Clear,False,0.0,False,False,0.72,High,18.5,50.7,211.2,0.144,0.332,0.969,Moderate traffic flow - standard adaptive signal timing in effect
EVT447746,2026-01-17 10:17:08,Trade Fair,J040,City Market,10093,Weekend,False,Clear,False,0.0,False,False,0.673,High,20.2,46.8,350.4,0.226,0.522,0.956,Moderate traffic flow - standard adaptive signal timing in effect
EVT447747,2026-05-21 20:00:17,Trade Fair,J023,Basavanagudi,10063,Weekday,False,Clear,False,0.0,False,False,0.714,High,18.5,52.8,114.6,0.066,0.153,0.932,Moderate traffic flow - standard adaptive signal timing in effect
EVT447748,2026-03-02 15:23:42,Concert,J023,Basavanagudi,11824,Weekday,False,Clear,False,0.0,False,False,0.328,Low,34.4,21.7,153.0,0.13,0.3,0.961,Moderate traffic flow - standard adaptive signal timing in effect
EVT447749,2026-03-24 07:03:39,Concert,J011,Indiranagar 100ft Road,5616,Weekday,False,Clear,False,0.0,False,False,0.52,Moderate,26.1,38.4,210.8,0.165,0.38,0.973,Moderate traffic flow - standard adaptive signal timing in effect
EVT447750,2025-07-28 18:10:15,Sports Fixture,J009,Majestic,21235,Weekday,False,Clear,False,0.0,False,False,1.0,Severe,8.5,65.5,811.3,0.266,0.615,0.902,Heavy congestion detected - signal timing extended and reroute suggested
EVT447751,2025-11-29 19:59:07,Local Market Day,J020,Malleshwaram Circle,2946,Weekend,False,Clear,False,0.0,False,False,0.616,High,20.2,37.7,90.3,0.056,0.13,0.956,Moderate traffic flow - standard adaptive signal timing in effect
EVT447752,2026-02-01 08:51:24,Concert,J023,Basavanagudi,16685,Weekend,False,Clear,False,0.0,False,False,0.925,Severe,12.4,57.7,175.9,0.085,0.196,0.928,Heavy congestion detected - signal timing extended and reroute suggested
EVT447753,2025-09-01 21:30:33,Sports Fixture,J023,Basavanagudi,18452,Weekday,False,Clear,False,0.0,False,False,0.392,Moderate,25.1,24.8,161.0,0.115,0.267,0.96,Moderate traffic flow - standard adaptive signal timing in effect
EVT447754,2025-08-08 14:23:58,Concert,J023,Basavanagudi,9331,Weekday,False,Clear,False,0.0,False,False,0.249,Low,35.8,22.8,100.9,0.076,0.174,0.984,Normal free-flow traffic - standard signal timing maintained
EVT447755,2025-05-20 08:12:33,Concert,J009,Majestic,15827,Weekday,False,Clear,False,0.0,False,False,0.898,Severe,12.7,62.5,271.5,0.132,0.305,0.938,Heavy congestion detected - signal timing extended and reroute suggested
EVT447756,2025-10-09 13:14:44,Concert,J011,Indiranagar 100ft Road,11672,Weekday,False,Clear,False,0.0,False,False,0.223,Low,33.7,12.2,151.9,0.128,0.295,0.944,Normal free-flow traffic - standard signal timing maintained
EVT447757,2025-09-05 10:44:54,Religious Festival,J031,Cubbon Road,54625,Weekday,True,Clear,False,0.0,False,True,1.0,Severe,7.6,102.8,632.1,0.213,0.493,0.831,Road closure for event/procession - full detour recommended for through-traffic
EVT447758,2026-06-05 23:14:16,Sports Fixture,J030,MG Road,11719,Weekday,False,Clear,False,0.0,False,False,0.267,Low,36.5,15.3,109.7,0.112,0.258,0.973,Moderate traffic flow - standard adaptive signal timing in effect
EVT447759,2025-10-25 16:41:29,Local Market Day,J009,Majestic,3540,Weekend,False,Clear,False,0.0,False,False,0.583,High,22.1,44.4,176.9,0.127,0.294,0.965,Moderate traffic flow - standard adaptive signal timing in effect
EVT447760,2025-01-16 19:45:39,Trade Fair,J030,MG Road,10028,Weekday,False,Clear,False,0.0,False,False,0.804,Severe,18.8,61.3,211.6,0.122,0.281,0.966,Heavy congestion detected - signal timing extended and reroute suggested
EVT447761,2026-06-01 16:52:09,Concert,J011,Indiranagar 100ft Road,13219,Weekday,False,Fog,False,0.0,False,False,0.772,Severe,16.4,54.0,401.4,0.232,0.535,0.969,Heavy congestion detected - signal timing extended and reroute suggested
EVT447762,2025-01-18 05:27:01,Trade Fair,J031,Cubbon Road,7772,Weekend,False,Clear,False,0.0,False,False,0.326,Low,32.0,23.5,184.0,0.131,0.302,0.984,Moderate traffic flow - standard adaptive signal timing in effect
EVT447763,2025-11-03 19:39:13,Local Market Day,J023,Basavanagudi,4800,Weekday,False,Clear,False,0.0,False,False,0.875,Severe,12.2,57.4,144.0,0.09,0.209,0.923,Heavy congestion detected - signal timing extended and reroute suggested
EVT447764,2026-01-15 17:03:23,Religious Festival,J011,Indiranagar 100ft Road,28684,Weekday,True,Clear,False,0.0,False,False,1.0,Severe,7.2,63.9,908.8,0.263,0.607,0.872,Festival crowd surge detected - alternate route and extended cycle recommended
EVT447765,2026-01-18 16:25:51,Sports Fixture,J011,Indiranagar 100ft Road,15730,Weekend,False,Clear,False,0.0,False,False,0.618,High,16.8,41.4,266.2,0.149,0.345,0.963,Moderate traffic flow - standard adaptive signal timing in effect
EVT447766,2026-04-30 18:20:49,Sports Fixture,J009,Majestic,30527,Weekday,False,Clear,False,0.0,True,False,1.0,Severe,7.1,69.4,814.1,0.244,0.564,0.718,Accident detected nearby - reroute and reduced speed advised
EVT447767,2025-09-16 06:53:25,Political Rally,J040,City Market,12812,Weekday,False,Clear,False,0.0,False,False,0.424,Moderate,27.2,30.5,281.2,0.211,0.487,0.965,Moderate traffic flow - standard adaptive signal timing in effect
EVT447768,2025-10-23 09:33:32,Trade Fair,J012,Koramangala Sony World,11835,Weekday,False,Clear,False,0.0,False,False,1.0,Severe,8.0,73.1,484.1,0.156,0.361,0.906,Heavy congestion detected - signal timing extended and reroute suggested
EVT447769,2025-06-23 08:15:44,Local Market Day,J012,Koramangala Sony World,5897,Weekday,False,Clear,False,0.0,False,False,0.881,Severe,12.3,67.2,347.0,0.163,0.377,0.946,Heavy congestion detected - signal timing extended and reroute suggested
EVT447770,2026-01-01 20:59:00,Religious Festival,J030,MG Road,33507,Weekday,True,Clear,False,0.0,False,True,0.971,Severe,8.5,101.2,526.9,0.185,0.427,0.845,Road closure for event/procession - full detour recommended for through-traffic
EVT447771,2025-04-12 22:59:01,Political Rally,J030,MG Road,14282,Weekend,False,Fog,False,0.0,False,False,0.27,Low,30.6,25.8,188.9,0.169,0.39,0.958,Moderate traffic flow - standard adaptive signal timing in effect
EVT447772,2025-06-08 20:32:02,Concert,J011,Indiranagar 100ft Road,5564,Weekend,False,Fog,False,0.0,False,False,0.501,Moderate,24.4,37.9,226.5,0.16,0.37,0.973,Moderate traffic flow - standard adaptive signal timing in effect
EVT447773,2025-12-16 08:46:01,Concert,J040,City Market,10901,Weekday,False,Light Rain,True,6.5,False,False,1.0,Severe,8.1,74.4,602.3,0.201,0.464,0.83,Heavy rain reducing visibility and grip - reduced speed and longer buffer advised
EVT447774,2026-04-30 08:56:52,Sports Fixture,J009,Majestic,10605,Weekday,False,Clear,False,0.0,False,False,0.999,Severe,9.3,71.7,412.3,0.157,0.363,0.914,Heavy congestion detected - signal timing extended and reroute suggested
EVT447775,2025-11-15 13:48:14,Concert,J023,Basavanagudi,10660,Weekend,False,Rain,True,17.5,False,False,0.457,Moderate,16.4,33.7,275.5,0.133,0.308,0.912,Light rain detected - minor speed reduction advised
EVT447776,2026-03-30 12:42:19,Sports Fixture,J012,Koramangala Sony World,17281,Weekday,False,Clear,False,0.0,False,False,0.268,Low,33.9,24.0,86.4,0.078,0.18,0.949,Moderate traffic flow - standard adaptive signal timing in effect
EVT447777,2025-01-05 11:52:49,Trade Fair,J040,City Market,16984,Weekend,False,Clear,False,0.0,False,False,0.433,Moderate,26.3,29.9,135.7,0.116,0.268,0.961,Moderate traffic flow - standard adaptive signal timing in effect
EVT447778,2025-11-29 08:41:42,Local Market Day,J040,City Market,4421,Weekend,False,Clear,False,0.0,False,False,0.862,Severe,15.9,62.2,223.6,0.138,0.319,0.939,Heavy congestion detected - signal timing extended and reroute suggested
EVT447779,2025-04-20 16:10:03,Sports Fixture,J030,MG Road,27236,Weekend,False,Clear,False,0.0,False,False,0.567,High,23.2,42.8,203.0,0.158,0.365,0.958,Moderate traffic flow - standard adaptive signal timing in effect
EVT447780,2025-05-16 08:39:20,Local Market Day,J011,Indiranagar 100ft Road,2021,Weekday,False,Heavy Rain,True,25.8,False,False,1.0,Severe,8.2,67.6,652.2,0.23,0.531,0.855,Heavy rain reducing visibility and grip - reduced speed and longer buffer advised
EVT447781,2025-03-30 17:47:37,Religious Festival,J009,Majestic,28292,Weekend,True,Clear,False,0.0,False,False,1.0,Severe,8.7,71.4,378.6,0.153,0.354,0.841,Festival crowd surge detected - alternate route and extended cycle recommended
EVT447782,2025-08-10 13:25:38,Concert,J009,Majestic,12593,Weekend,False,Clear,False,0.0,False,False,0.328,Low,31.0,25.3,204.5,0.174,0.403,0.979,Moderate traffic flow - standard adaptive signal timing in effect
EVT447783,2025-01-05 07:25:51,Concert,J031,Cubbon Road,9700,Weekend,False,Clear,False,0.0,False,False,0.535,Moderate,23.0,39.7,140.4,0.095,0.221,0.95,Moderate traffic flow - standard adaptive signal timing in effect
EVT447784,2025-02-15 19:35:21,Concert,J023,Basavanagudi,7657,Weekend,False,Clear,False,0.0,False,False,0.713,High,17.2,49.0,369.4,0.216,0.5,0.974,Moderate traffic flow - standard adaptive signal timing in effect
EVT447785,2026-01-02 14:25:10,Religious Festival,J009,Majestic,27659,Weekday,True,Clear,False,0.0,False,False,0.652,High,18.7,51.8,287.6,0.176,0.407,0.911,Festival crowd surge detected - alternate route and extended cycle recommended
EVT447786,2025-03-15 15:14:47,Cultural Procession,J023,Basavanagudi,11205,Weekend,True,Clear,False,0.0,False,True,0.778,High,13.8,73.9,345.8,0.151,0.349,0.902,Road closure for event/procession - full detour recommended for through-traffic
EVT447787,2025-06-29 19:00:41,Local Market Day,J031,Cubbon Road,4167,Weekend,False,Rain,True,23.6,False,False,1.0,Severe,8.9,68.7,374.7,0.163,0.377,0.866,Heavy rain reducing visibility and grip - reduced speed and longer buffer advised
EVT447788,2025-09-01 20:26:07,Sports Fixture,J020,Malleshwaram Circle,15922,Weekday,False,Rain,True,22.9,False,False,0.934,Severe,10.7,70.7,576.6,0.248,0.573,0.873,Heavy rain reducing visibility and grip - reduced speed and longer buffer advised
EVT447789,2026-01-05 18:04:52,Sports Fixture,J023,Basavanagudi,21842,Weekday,False,Clear,False,0.0,False,False,1.0,Severe,8.7,77.4,759.6,0.246,0.568,0.91,Heavy congestion detected - signal timing extended and reroute suggested
EVT447790,2025-11-02 07:00:41,Religious Festival,J020,Malleshwaram Circle,90453,Weekend,True,Clear,False,0.0,False,True,1.0,Severe,5.0,105.3,1014.1,0.213,0.491,0.841,Road closure for event/procession - full detour recommended for through-traffic
EVT447791,2025-11-14 13:25:11,Sports Fixture,J011,Indiranagar 100ft Road,15448,Weekday,False,Clear,False,0.0,False,False,0.233,Low,29.9,8.6,95.4,0.074,0.17,0.948,Normal free-flow traffic - standard signal timing maintained
EVT447792,2025-09-28 18:27:39,Sports Fixture,J023,Basavanagudi,15753,Weekend,False,Clear,False,0.0,False,False,0.972,Severe,10.5,64.3,453.4,0.168,0.387,0.922,Heavy congestion detected - signal timing extended and reroute suggested
EVT447793,2025-01-26 14:08:15,Religious Festival,J031,Cubbon Road,51916,Weekend,True,Clear,False,0.0,False,True,0.927,Severe,10.1,97.6,557.8,0.202,0.465,0.835,Road closure for event/procession - full detour recommended for through-traffic
EVT447794,2026-02-15 05:02:03,Local Market Day,J030,MG Road,2996,Weekend,False,Clear,False,0.0,False,False,0.29,Low,31.6,27.8,162.0,0.131,0.303,0.944,Moderate traffic flow - standard adaptive signal timing in effect
EVT447795,2026-02-08 18:40:25,Political Rally,J012,Koramangala Sony World,11352,Weekend,False,Clear,False,0.0,False,False,0.941,Severe,10.5,67.6,194.8,0.075,0.173,0.909,Heavy congestion detected - signal timing extended and reroute suggested
EVT447796,2025-12-07 17:28:16,Political Rally,J023,Basavanagudi,17892,Weekend,False,Clear,False,0.0,False,False,0.84,Severe,14.2,55.8,403.0,0.196,0.453,0.944,Heavy congestion detected - signal timing extended and reroute suggested
EVT447797,2026-04-10 10:29:18,Sports Fixture,J009,Majestic,26859,Weekday,False,Clear,False,0.0,False,False,0.815,Severe,12.6,61.6,252.2,0.135,0.313,0.965,Heavy congestion detected - signal timing extended and reroute suggested
EVT447798,2025-02-15 07:59:10,Local Market Day,J030,MG Road,7970,Weekend,False,Clear,False,0.0,False,False,0.721,High,20.1,52.3,367.1,0.219,0.506,0.967,Moderate traffic flow - standard adaptive signal timing in effect
EVT447799,2026-05-04 08:09:00,Sports Fixture,J030,MG Road,30587,Weekday,False,Clear,False,0.0,False,False,1.0,Severe,8.8,73.0,313.2,0.148,0.341,0.919,Heavy congestion detected - signal timing extended and reroute suggested
EVT447800,2025-07-19 18:07:16,Trade Fair,J040,City Market,9584,Weekend,False,Heavy Rain,True,103.6,False,False,1.0,Severe,7.5,66.1,290.4,0.099,0.229,0.867,Heavy rain reducing visibility and grip - reduced speed and longer buffer advised
EVT447801,2025-09-13 07:29:40,Trade Fair,J020,Malleshwaram Circle,6457,Weekend,False,Rain,True,15.4,False,False,0.761,Severe,15.2,57.9,292.7,0.161,0.371,0.919,Heavy rain reducing visibility and grip - reduced speed and longer buffer advised
EVT447802,2025-12-02 14:19:37,Local Market Day,J009,Majestic,3388,Weekday,False,Clear,False,0.0,False,False,0.235,Low,32.8,10.2,90.4,0.075,0.173,0.967,Normal free-flow traffic - standard signal timing maintained
EVT447803,2025-01-16 14:39:40,Concert,J031,Cubbon Road,7810,Weekday,False,Clear,False,0.0,False,False,0.21,Low,24.9,15.6,96.0,0.064,0.148,0.965,Normal free-flow traffic - standard signal timing maintained
EVT447804,2025-12-05 18:18:34,Sports Fixture,J031,Cubbon Road,16312,Weekday,False,Clear,False,0.0,False,False,1.0,Severe,8.3,73.7,703.1,0.242,0.559,0.932,Heavy congestion detected - signal timing extended and reroute suggested
EVT447805,2025-10-04 19:39:21,Sports Fixture,J012,Koramangala Sony World,25573,Weekend,False,Clear,False,0.0,False,False,0.879,Severe,16.9,66.3,332.1,0.217,0.501,0.965,Heavy congestion detected - signal timing extended and reroute suggested
EVT447806,2026-04-12 12:01:25,Sports Fixture,J011,Indiranagar 100ft Road,26488,Weekend,False,Clear,False,0.0,False,False,0.459,Moderate,21.4,34.5,83.0,0.046,0.106,0.969,Moderate traffic flow - standard adaptive signal timing in effect
EVT447807,2025-04-24 20:19:42,Sports Fixture,J040,City Market,13172,Weekday,False,Light Rain,True,5.9,False,False,0.783,Severe,17.0,50.8,440.8,0.267,0.617,0.897,Heavy rain reducing visibility and grip - reduced speed and longer buffer advised
EVT447808,2026-02-17 10:55:43,Sports Fixture,J023,Basavanagudi,26826,Weekday,False,Clear,False,0.0,False,False,0.592,High,21.5,42.5,244.4,0.184,0.424,0.939,Moderate traffic flow - standard adaptive signal timing in effect
EVT447809,2025-09-03 07:48:36,Concert,J011,Indiranagar 100ft Road,9458,Weekday,False,Light Rain,True,4.2,False,False,0.822,Severe,14.1,57.8,510.4,0.286,0.661,0.894,Heavy rain reducing visibility and grip - reduced speed and longer buffer advised
EVT447810,2025-10-27 16:25:46,Local Market Day,J023,Basavanagudi,5328,Weekday,False,Rain,True,13.6,False,False,0.681,High,18.0,49.1,189.2,0.097,0.223,0.911,Heavy rain reducing visibility and grip - reduced speed and longer buffer advised
EVT447811,2025-10-17 10:44:40,Concert,J012,Koramangala Sony World,9446,Weekday,False,Clear,False,0.0,False,False,0.655,High,22.7,46.2,251.9,0.181,0.419,0.978,Moderate traffic flow - standard adaptive signal timing in effect
EVT447812,2026-05-15 14:14:52,Concert,J031,Cubbon Road,14937,Weekday,False,Clear,False,0.0,False,False,0.218,Low,30.7,12.6,104.1,0.097,0.225,0.957,Normal free-flow traffic - standard signal timing maintained
EVT447813,2026-03-12 07:40:39,Sports Fixture,J023,Basavanagudi,15208,Weekday,False,Clear,False,0.0,False,False,0.77,Severe,18.3,59.3,305.4,0.184,0.426,0.978,Heavy congestion detected - signal timing extended and reroute suggested
EVT447814,2026-06-16 07:27:14,Concert,J023,Basavanagudi,25365,Weekday,False,Rain,True,12.9,False,False,0.889,Severe,12.0,72.2,521.8,0.236,0.544,0.893,Heavy rain reducing visibility and grip - reduced speed and longer buffer advised
EVT447815,2025-06-04 16:09:52,Trade Fair,J030,MG Road,10725,Weekday,False,Clear,False,0.0,False,False,0.546,Moderate,14.3,34.7,405.1,0.186,0.43,0.954,Moderate traffic flow - standard adaptive signal timing in effect
EVT447816,2025-09-17 15:19:37,Sports Fixture,J012,Koramangala Sony World,20869,Weekday,False,Clear,False,0.0,False,False,0.315,Low,34.3,22.4,103.3,0.093,0.214,0.972,Moderate traffic flow - standard adaptive signal timing in effect
EVT447817,2025-10-24 17:41:34,Sports Fixture,J020,Malleshwaram Circle,18847,Weekday,False,Clear,False,0.0,False,False,1.0,Severe,8.4,66.8,571.9,0.189,0.436,0.91,Heavy congestion detected - signal timing extended and reroute suggested
EVT447818,2025-01-06 08:50:36,Concert,J012,Koramangala Sony World,18577,Weekday,False,Clear,False,0.0,False,False,1.0,Severe,9.3,70.4,366.5,0.128,0.295,0.923,Heavy congestion detected - signal timing extended and reroute suggested
EVT447819,2025-04-23 19:52:55,Sports Fixture,J020,Malleshwaram Circle,25909,Weekday,False,Clear,False,0.0,False,False,0.923,Severe,10.8,70.9,410.1,0.189,0.436,0.944,Heavy congestion detected - signal timing extended and reroute suggested
EVT447820,2026-06-05 09:14:37,Political Rally,J030,MG Road,18375,Weekday,False,Clear,False,0.0,False,False,1.0,Severe,8.7,71.4,696.5,0.268,0.619,0.888,Heavy congestion detected - signal timing extended and reroute suggested
EVT447821,2026-05-10 09:50:18,Sports Fixture,J040,City Market,16301,Weekend,False,Clear,False,0.0,False,False,0.878,Severe,12.3,64.6,232.7,0.125,0.289,0.933,Heavy congestion detected - signal timing extended and reroute suggested
EVT447822,2026-05-22 18:10:38,Sports Fixture,J023,Basavanagudi,21245,Weekday,False,Clear,False,0.0,False,False,1.0,Severe,9.8,68.0,448.8,0.178,0.412,0.92,Heavy congestion detected - signal timing extended and reroute suggested
EVT447823,2025-09-20 18:39:15,Sports Fixture,J023,Basavanagudi,11882,Weekend,False,Rain,True,11.2,False,False,0.983,Severe,7.0,72.4,786.6,0.229,0.529,0.869,Heavy rain reducing visibility and grip - reduced speed and longer buffer advised
EVT447824,2025-12-17 10:32:45,Political Rally,J023,Basavanagudi,13854,Weekday,False,Clear,False,0.0,True,False,1.0,Severe,8.6,74.8,237.2,0.095,0.219,0.774,Accident detected nearby - reroute and reduced speed advised
EVT447825,2025-06-20 07:30:19,Concert,J023,Basavanagudi,17948,Weekday,False,Heavy Rain,True,27.0,False,False,0.964,Severe,6.9,68.9,865.2,0.243,0.561,0.858,Heavy rain reducing visibility and grip - reduced speed and longer buffer advised
EVT447826,2025-07-10 09:19:12,Trade Fair,J009,Majestic,5970,Weekday,False,Rain,True,22.6,False,False,1.0,Severe,7.4,83.9,687.5,0.224,0.517,0.845,Heavy rain reducing visibility and grip - reduced speed and longer buffer advised
EVT447827,2025-09-06 19:30:36,Religious Festival,J040,City Market,57759,Weekend,True,Clear,False,0.0,False,True,1.0,Severe,7.4,101.4,697.3,0.23,0.532,0.834,Road closure for event/procession - full detour recommended for through-traffic
EVT447828,2026-06-26 14:32:21,Local Market Day,J009,Majestic,3376,Weekday,False,Clear,False,0.0,False,False,0.245,Low,37.3,16.5,180.7,0.165,0.381,0.966,Normal free-flow traffic - standard signal timing maintained
EVT447829,2025-11-18 08:10:13,Local Market Day,J012,Koramangala Sony World,7295,Weekday,False,Clear,False,0.0,False,False,0.819,Severe,16.5,56.4,324.8,0.2,0.462,0.949,Heavy congestion detected - signal timing extended and reroute suggested
EVT447830,2025-01-22 20:17:48,Local Market Day,J023,Basavanagudi,6572,Weekday,False,Clear,False,0.0,False,False,0.614,High,22.6,54.0,244.6,0.165,0.381,0.953,Moderate traffic flow - standard adaptive signal timing in effect
EVT447831,2025-12-24 09:17:57,Concert,J040,City Market,18594,Weekday,False,Clear,False,0.0,False,False,1.0,Severe,8.5,68.9,545.8,0.195,0.45,0.912,Heavy congestion detected - signal timing extended and reroute suggested
EVT447832,2026-03-26 07:10:03,Religious Festival,J030,MG Road,56426,Weekday,True,Clear,False,0.0,False,False,1.0,Severe,7.2,75.2,803.9,0.253,0.584,0.855,Festival crowd surge detected - alternate route and extended cycle recommended
EVT447833,2025-05-06 12:51:18,Political Rally,J040,City Market,26009,Weekday,False,Clear,False,0.0,False,False,0.327,Low,28.7,26.9,184.6,0.139,0.321,0.954,Moderate traffic flow - standard adaptive signal timing in effect
EVT447834,2026-04-25 10:11:52,Trade Fair,J031,Cubbon Road,12682,Weekend,False,Clear,False,0.0,False,False,0.704,High,16.8,48.1,164.4,0.092,0.213,0.988,Moderate traffic flow - standard adaptive signal timing in effect
EVT447835,2025-03-21 05:27:48,Concert,J023,Basavanagudi,16883,Weekday,False,Clear,False,0.0,False,False,0.345,Low,29.2,23.4,73.8,0.055,0.127,0.971,Moderate traffic flow - standard adaptive signal timing in effect
EVT447836,2026-02-06 20:20:39,Sports Fixture,J020,Malleshwaram Circle,16737,Weekday,False,Clear,False,0.0,False,False,0.645,High,22.4,47.3,204.4,0.134,0.309,0.987,Moderate traffic flow - standard adaptive signal timing in effect
EVT447837,2025-03-11 11:39:33,Local Market Day,J030,MG Road,4266,Weekday,False,Clear,False,0.0,False,False,0.332,Low,32.4,24.0,118.8,0.099,0.229,0.972,Moderate traffic flow - standard adaptive signal timing in effect
EVT447838,2025-01-19 11:41:57,Local Market Day,J023,Basavanagudi,3799,Weekend,False,Clear,False,0.0,False,False,0.324,Low,35.6,20.6,159.4,0.145,0.336,0.96,Moderate traffic flow - standard adaptive signal timing in effect
EVT447839,2025-01-15 15:01:47,Cultural Procession,J040,City Market,19559,Weekday,True,Clear,False,0.0,False,True,0.732,High,17.9,70.1,316.7,0.206,0.476,0.889,Road closure for event/procession - full detour recommended for through-traffic
EVT447840,2026-03-11 17:06:16,Concert,J011,Indiranagar 100ft Road,7764,Weekday,False,Clear,False,0.0,False,False,0.795,Severe,16.8,55.7,208.4,0.127,0.293,0.942,Heavy congestion detected - signal timing extended and reroute suggested
EVT447841,2025-01-29 14:50:05,Sports Fixture,J009,Majestic,28139,Weekday,False,Clear,False,0.0,False,False,0.348,Low,33.7,27.3,102.6,0.109,0.251,0.966,Moderate traffic flow - standard adaptive signal timing in effect
EVT447842,2025-06-05 10:54:47,Sports Fixture,J023,Basavanagudi,22639,Weekday,False,Clear,False,0.0,False,False,0.551,High,29.0,36.6,149.1,0.118,0.273,0.947,Moderate traffic flow - standard adaptive signal timing in effect
EVT447843,2025-08-02 14:16:49,Trade Fair,J040,City Market,11332,Weekend,False,Clear,False,0.0,False,False,0.334,Low,25.3,19.9,167.4,0.107,0.246,0.953,Moderate traffic flow - standard adaptive signal timing in effect
EVT447844,2026-06-24 17:30:32,Political Rally,J011,Indiranagar 100ft Road,22248,Weekday,False,Clear,False,0.0,False,False,0.966,Severe,9.4,68.3,928.2,0.339,0.784,0.938,Heavy congestion detected - signal timing extended and reroute suggested
EVT447845,2025-07-02 11:48:31,Local Market Day,J012,Koramangala Sony World,3529,Weekday,False,Heavy Rain,True,29.2,False,False,0.564,High,25.3,44.6,166.4,0.142,0.328,0.897,Heavy rain reducing visibility and grip - reduced speed and longer buffer advised
EVT447846,2025-07-28 09:28:20,Local Market Day,J040,City Market,2224,Weekday,False,Rain,True,17.8,True,False,1.0,Severe,8.4,63.8,351.1,0.128,0.295,0.723,Accident detected nearby - reroute and reduced speed advised
EVT447847,2025-07-03 15:06:45,Local Market Day,J020,Malleshwaram Circle,5069,Weekday,False,Clear,False,0.0,False,False,0.218,Low,36.2,11.8,178.1,0.159,0.367,0.93,Normal free-flow traffic - standard signal timing maintained
EVT447848,2025-12-01 17:11:55,Trade Fair,J023,Basavanagudi,9334,Weekday,False,Light Rain,True,4.1,False,False,0.841,Severe,13.6,65.6,197.3,0.116,0.269,0.877,Heavy rain reducing visibility and grip - reduced speed and longer buffer advised
EVT447849,2025-08-30 07:39:54,Sports Fixture,J011,Indiranagar 100ft Road,41410,Weekend,False,Clear,False,0.0,False,False,0.751,Severe,17.7,58.3,277.4,0.168,0.388,0.976,Heavy congestion detected - signal timing extended and reroute suggested
EVT447850,2026-03-07 14:03:03,Local Market Day,J023,Basavanagudi,5206,Weekend,False,Clear,False,0.0,False,False,0.256,Low,33.2,16.8,164.8,0.154,0.355,0.962,Moderate traffic flow - standard adaptive signal timing in effect
EVT447851,2025-07-26 09:36:20,Sports Fixture,J030,MG Road,38041,Weekend,False,Clear,False,0.0,False,False,1.0,Severe,9.8,69.8,442.0,0.182,0.421,0.897,Heavy congestion detected - signal timing extended and reroute suggested
EVT447852,2025-08-21 11:53:19,Concert,J009,Majestic,5940,Weekday,False,Rain,True,21.4,False,False,0.486,Moderate,23.7,37.0,233.3,0.157,0.362,0.918,Light rain detected - minor speed reduction advised
EVT447853,2025-12-11 21:54:43,Local Market Day,J023,Basavanagudi,9790,Weekday,False,Clear,False,0.0,False,False,0.313,Low,33.9,18.6,133.0,0.123,0.285,0.961,Moderate traffic flow - standard adaptive signal timing in effect
EVT447854,2025-06-15 19:23:51,Concert,J020,Malleshwaram Circle,21432,Weekend,False,Rain,True,22.5,False,False,1.0,Severe,7.1,69.8,573.5,0.151,0.348,0.857,Heavy rain reducing visibility and grip - reduced speed and longer buffer advised
EVT447855,2025-03-28 07:55:02,Local Market Day,J012,Koramangala Sony World,2406,Weekday,False,Clear,False,0.0,False,False,0.82,Severe,12.1,59.0,300.3,0.148,0.342,0.944,Heavy congestion detected - signal timing extended and reroute suggested
EVT447856,2025-02-21 15:20:59,Trade Fair,J012,Koramangala Sony World,13619,Weekday,False,Clear,False,0.0,False,False,0.31,Low,36.0,23.8,127.6,0.099,0.229,0.969,Moderate traffic flow - standard adaptive signal timing in effect
EVT447857,2025-04-25 13:59:02,Local Market Day,J012,Koramangala Sony World,8702,Weekday,False,Clear,False,0.0,False,False,0.228,Low,28.3,19.9,54.6,0.041,0.094,0.959,Normal free-flow traffic - standard signal timing maintained
EVT447858,2025-03-21 07:41:52,Concert,J011,Indiranagar 100ft Road,20141,Weekday,False,Clear,False,0.0,False,False,0.78,Severe,16.1,54.7,390.8,0.242,0.559,0.983,Heavy congestion detected - signal timing extended and reroute suggested
EVT447859,2026-04-16 06:49:20,Local Market Day,J030,MG Road,5008,Weekday,False,Clear,False,0.0,False,False,0.331,Low,25.8,19.5,89.5,0.083,0.192,0.943,Moderate traffic flow - standard adaptive signal timing in effect
EVT447860,2025-04-28 15:02:28,Trade Fair,J011,Indiranagar 100ft Road,7098,Weekday,False,Rain,True,17.1,True,False,0.875,Severe,12.8,63.4,301.9,0.143,0.33,0.732,Accident detected nearby - reroute and reduced speed advised
EVT447861,2025-10-16 08:16:50,Local Market Day,J040,City Market,4412,Weekday,False,Heavy Rain,True,39.4,False,False,1.0,Severe,9.1,66.6,891.3,0.339,0.783,0.839,Heavy rain reducing visibility and grip - reduced speed and longer buffer advised
EVT447862,2026-03-22 09:17:31,Local Market Day,J040,City Market,1903,Weekend,False,Clear,False,0.0,False,False,0.8,Severe,13.1,55.5,249.3,0.113,0.26,0.981,Heavy congestion detected - signal timing extended and reroute suggested
EVT447863,2026-01-05 18:49:04,Local Market Day,J031,Cubbon Road,4506,Weekday,False,Clear,False,0.0,False,False,1.0,Severe,7.3,72.1,444.3,0.165,0.381,0.938,Heavy congestion detected - signal timing extended and reroute suggested
EVT447864,2026-03-24 14:41:09,Political Rally,J011,Indiranagar 100ft Road,19480,Weekday,False,Clear,False,0.0,False,False,0.33,Low,34.3,17.4,152.9,0.153,0.353,0.937,Moderate traffic flow - standard adaptive signal timing in effect
EVT447865,2025-07-30 17:00:44,Trade Fair,J031,Cubbon Road,8373,Weekday,False,Heavy Rain,True,79.6,False,False,1.0,Severe,8.4,75.6,726.4,0.243,0.562,0.87,Heavy rain reducing visibility and grip - reduced speed and longer buffer advised
EVT447866,2025-05-10 07:17:03,Sports Fixture,J011,Indiranagar 100ft Road,19880,Weekend,False,Clear,False,0.0,False,False,0.671,High,20.4,55.3,107.2,0.079,0.182,0.975,Moderate traffic flow - standard adaptive signal timing in effect
EVT447867,2025-11-12 18:20:57,Local Market Day,J011,Indiranagar 100ft Road,4898,Weekday,False,Clear,False,0.0,False,False,1.0,Severe,8.2,71.2,747.1,0.261,0.603,0.94,Heavy congestion detected - signal timing extended and reroute suggested
EVT447868,2025-11-29 11:20:36,Sports Fixture,J020,Malleshwaram Circle,23071,Weekend,False,Clear,False,0.0,False,False,0.465,Moderate,24.4,30.6,234.6,0.143,0.331,0.958,Moderate traffic flow - standard adaptive signal timing in effect
EVT447869,2025-06-02 10:50:07,Concert,J040,City Market,7327,Weekday,False,Clear,False,0.0,False,False,0.467,Moderate,23.7,34.3,152.4,0.094,0.218,0.935,Moderate traffic flow - standard adaptive signal timing in effect
EVT447870,2025-02-20 10:53:55,Political Rally,J031,Cubbon Road,13420,Weekday,False,Clear,False,0.0,False,False,0.522,Moderate,24.2,37.2,228.2,0.167,0.386,0.983,Moderate traffic flow - standard adaptive signal timing in effect
EVT447871,2025-07-18 19:36:31,Political Rally,J011,Indiranagar 100ft Road,21322,Weekday,False,Clear,False,0.0,False,False,1.0,Severe,9.1,68.8,633.8,0.229,0.528,0.911,Heavy congestion detected - signal timing extended and reroute suggested
EVT447872,2026-02-10 08:23:40,Local Market Day,J009,Majestic,2492,Weekday,False,Clear,False,0.0,False,False,0.915,Severe,9.7,66.3,392.8,0.149,0.344,0.912,Heavy congestion detected - signal timing extended and reroute suggested
EVT447873,2025-06-10 17:38:34,Concert,J011,Indiranagar 100ft Road,9774,Weekday,False,Rain,True,21.0,False,False,1.0,Severe,9.7,72.8,283.9,0.122,0.281,0.841,Heavy rain reducing visibility and grip - reduced speed and longer buffer advised
EVT447874,2026-03-02 19:03:28,Concert,J031,Cubbon Road,12712,Weekday,False,Clear,False,0.0,False,False,1.0,Severe,10.8,74.9,247.3,0.126,0.29,0.934,Heavy congestion detected - signal timing extended and reroute suggested
EVT447875,2025-08-18 09:24:55,Sports Fixture,J011,Indiranagar 100ft Road,26378,Weekday,False,Clear,False,0.0,False,False,1.0,Severe,8.8,70.2,431.2,0.156,0.36,0.909,Heavy congestion detected - signal timing extended and reroute suggested
EVT447876,2025-12-26 21:01:43,Fireworks Display,J040,City Market,25163,Weekday,True,Clear,False,0.0,False,False,0.706,High,19.0,50.4,263.5,0.174,0.403,0.934,Festival crowd surge detected - alternate route and extended cycle recommended
EVT447877,2025-03-11 14:22:42,Concert,J020,Malleshwaram Circle,16437,Weekday,False,Fog,False,0.0,False,False,0.22,Low,30.2,19.6,102.0,0.073,0.169,0.976,Normal free-flow traffic - standard signal timing maintained
EVT447878,2025-05-06 12:16:06,Trade Fair,J012,Koramangala Sony World,8868,Weekday,False,Rain,True,12.6,False,False,0.433,Moderate,30.4,35.1,186.4,0.165,0.382,0.911,Light rain detected - minor speed reduction advised
EVT447879,2026-06-29 18:50:44,Trade Fair,J012,Koramangala Sony World,8618,Weekday,False,Clear,False,0.0,False,False,1.0,Severe,8.7,74.3,540.2,0.181,0.419,0.9,Heavy congestion detected - signal timing extended and reroute suggested
EVT447880,2025-04-23 09:24:01,Local Market Day,J031,Cubbon Road,2640,Weekday,False,Clear,False,0.0,False,False,0.976,Severe,10.3,74.8,476.4,0.185,0.428,0.914,Heavy congestion detected - signal timing extended and reroute suggested
EVT447881,2025-11-20 13:51:32,Trade Fair,J020,Malleshwaram Circle,4347,Weekday,False,Clear,False,0.0,False,False,0.196,Low,40.3,16.4,161.9,0.155,0.357,0.967,Normal free-flow traffic - standard signal timing maintained
EVT447882,2026-06-14 10:17:37,Trade Fair,J030,MG Road,9382,Weekend,False,Clear,False,0.0,False,False,0.686,High,18.8,48.1,221.4,0.143,0.33,0.99,Moderate traffic flow - standard adaptive signal timing in effect
EVT447883,2026-05-13 20:54:26,Trade Fair,J040,City Market,4950,Weekday,False,Rain,True,24.6,False,False,0.758,Severe,15.4,49.0,371.3,0.205,0.474,0.91,Heavy rain reducing visibility and grip - reduced speed and longer buffer advised
EVT447884,2026-04-09 13:22:50,Local Market Day,J030,MG Road,4187,Weekday,False,Clear,False,0.0,False,False,0.26,Low,29.3,15.7,139.2,0.084,0.193,0.956,Moderate traffic flow - standard adaptive signal timing in effect
EVT447885,2025-05-16 12:52:32,Political Rally,J031,Cubbon Road,15060,Weekday,False,Clear,False,0.0,False,False,0.253,Low,27.6,19.0,155.7,0.123,0.285,0.97,Moderate traffic flow - standard adaptive signal timing in effect
EVT447886,2026-05-14 22:15:45,Political Rally,J031,Cubbon Road,13745,Weekday,False,Clear,False,0.0,False,False,0.268,Low,31.9,20.8,119.1,0.108,0.25,0.977,Moderate traffic flow - standard adaptive signal timing in effect
EVT447887,2025-08-04 07:34:46,Concert,J011,Indiranagar 100ft Road,9099,Weekday,False,Clear,False,0.0,False,False,0.745,High,20.5,53.9,285.0,0.161,0.371,0.951,Moderate traffic flow - standard adaptive signal timing in effect
EVT447888,2025-10-30 17:40:42,Political Rally,J011,Indiranagar 100ft Road,13872,Weekday,False,Rain,True,21.2,False,False,1.0,Severe,7.0,71.8,532.6,0.166,0.383,0.863,Heavy rain reducing visibility and grip - reduced speed and longer buffer advised
EVT447889,2026-01-25 09:19:36,Local Market Day,J031,Cubbon Road,2386,Weekend,False,Clear,False,0.0,False,False,0.915,Severe,9.9,67.4,266.9,0.108,0.25,0.934,Heavy congestion detected - signal timing extended and reroute suggested
EVT447890,2025-02-19 18:39:56,Concert,J011,Indiranagar 100ft Road,16938,Weekday,False,Clear,False,0.0,False,False,1.0,Severe,9.7,66.6,560.8,0.213,0.491,0.933,Heavy congestion detected - signal timing extended and reroute suggested
EVT447891,2026-06-01 20:19:51,Sports Fixture,J012,Koramangala Sony World,19298,Weekday,False,Clear,False,0.0,False,False,0.727,High,16.4,53.9,347.8,0.201,0.465,0.972,Moderate traffic flow - standard adaptive signal timing in effect
EVT447892,2026-03-11 17:59:48,Local Market Day,J012,Koramangala Sony World,2874,Weekday,False,Clear,False,0.0,False,False,0.894,Severe,14.5,63.4,422.3,0.215,0.497,0.916,Heavy congestion detected - signal timing extended and reroute suggested
EVT447893,2026-06-14 13:45:04,Concert,J040,City Market,20656,Weekend,False,Heavy Rain,True,30.4,False,False,0.666,High,21.5,49.1,207.2,0.157,0.362,0.911,Heavy rain reducing visibility and grip - reduced speed and longer buffer advised
EVT447894,2025-10-07 15:51:49,Concert,J040,City Market,15127,Weekday,False,Clear,False,0.0,False,False,0.487,Moderate,30.6,27.8,98.2,0.09,0.209,0.982,Moderate traffic flow - standard adaptive signal timing in effect
EVT447895,2025-04-02 16:10:29,Local Market Day,J030,MG Road,4470,Weekday,False,Clear,False,0.0,False,False,0.513,Moderate,22.5,38.2,239.2,0.147,0.34,0.99,Moderate traffic flow - standard adaptive signal timing in effect
EVT447896,2025-02-19 09:31:21,Sports Fixture,J009,Majestic,18186,Weekday,False,Clear,False,0.0,False,False,1.0,Severe,10.0,76.2,637.7,0.286,0.66,0.921,Heavy congestion detected - signal timing extended and reroute suggested
EVT447897,2025-06-26 07:35:23,Concert,J011,Indiranagar 100ft Road,6755,Weekday,False,Heavy Rain,True,26.9,False,False,0.929,Severe,7.5,69.2,290.0,0.098,0.227,0.855,Heavy rain reducing visibility and grip - reduced speed and longer buffer advised
EVT447898,2025-09-17 17:47:29,Sports Fixture,J009,Majestic,10939,Weekday,False,Clear,False,0.0,False,False,0.957,Severe,8.7,66.3,572.3,0.195,0.451,0.898,Heavy congestion detected - signal timing extended and reroute suggested
EVT447899,2025-12-06 13:30:04,Concert,J030,MG Road,10783,Weekend,False,Clear,False,0.0,False,False,0.263,Low,35.8,15.4,132.6,0.117,0.269,0.962,Moderate traffic flow - standard adaptive signal timing in effect
EVT447900,2025-10-22 08:24:07,Cultural Procession,J023,Basavanagudi,20021,Weekday,True,Rain,True,21.2,False,True,1.0,Severe,8.9,93.8,613.7,0.221,0.51,0.791,Road closure for event/procession - full detour recommended for through-traffic
EVT447901,2025-02-10 06:33:47,Local Market Day,J030,MG Road,6956,Weekday,False,Fog,False,0.0,False,False,0.324,Low,30.8,18.6,194.2,0.146,0.336,0.966,Moderate traffic flow - standard adaptive signal timing in effect
EVT447902,2025-04-02 18:18:43,Local Market Day,J020,Malleshwaram Circle,2852,Weekday,False,Clear,False,0.0,False,False,1.0,Severe,8.4,68.6,202.1,0.067,0.156,0.918,Heavy congestion detected - signal timing extended and reroute suggested
EVT447903,2025-01-14 08:46:01,Religious Festival,J030,MG Road,63381,Weekday,True,Clear,False,0.0,False,True,1.0,Severe,7.7,94.7,634.5,0.215,0.497,0.823,Road closure for event/procession - full detour recommended for through-traffic
EVT447904,2025-06-24 20:13:28,Sports Fixture,J023,Basavanagudi,20258,Weekday,False,Heavy Rain,True,25.8,False,False,0.987,Severe,9.1,68.2,688.1,0.233,0.538,0.857,Heavy rain reducing visibility and grip - reduced speed and longer buffer advised
EVT447905,2025-11-16 12:02:29,Local Market Day,J040,City Market,4478,Weekend,False,Clear,False,0.0,False,False,0.277,Low,32.0,15.8,78.8,0.053,0.121,0.961,Moderate traffic flow - standard adaptive signal timing in effect
EVT447906,2025-11-30 15:25:31,Local Market Day,J030,MG Road,4260,Weekend,False,Clear,False,0.0,False,False,0.363,Moderate,30.6,23.6,175.5,0.146,0.337,0.976,Moderate traffic flow - standard adaptive signal timing in effect
EVT447907,2026-03-10 17:45:20,Trade Fair,J031,Cubbon Road,9151,Weekday,False,Clear,False,0.0,False,False,1.0,Severe,8.7,70.1,295.3,0.121,0.28,0.921,Heavy congestion detected - signal timing extended and reroute suggested
EVT447908,2026-05-29 13:22:06,Political Rally,J020,Malleshwaram Circle,6734,Weekday,False,Rain,True,13.3,False,False,0.307,Low,25.0,22.5,219.7,0.128,0.295,0.904,Light rain detected - minor speed reduction advised
EVT447909,2025-02-19 13:30:13,Local Market Day,J030,MG Road,3590,Weekday,False,Clear,False,0.0,True,False,0.611,High,21.4,42.2,178.7,0.109,0.252,0.813,Accident detected nearby - reroute and reduced speed advised
EVT447910,2025-01-03 12:51:23,Trade Fair,J031,Cubbon Road,4529,Weekday,False,Clear,False,0.0,False,False,0.203,Low,28.3,9.6,173.9,0.134,0.31,0.944,Normal free-flow traffic - standard signal timing maintained
EVT447911,2025-01-22 14:36:15,Local Market Day,J011,Indiranagar 100ft Road,3087,Weekday,False,Clear,False,0.0,False,False,0.203,Low,26.3,19.1,137.8,0.085,0.195,0.967,Normal free-flow traffic - standard signal timing maintained
EVT447912,2025-02-28 09:17:36,Local Market Day,J012,Koramangala Sony World,4177,Weekday,False,Clear,False,0.0,False,False,0.899,Severe,10.5,63.8,384.2,0.149,0.345,0.904,Heavy congestion detected - signal timing extended and reroute suggested
EVT447913,2026-06-20 06:42:03,Local Market Day,J011,Indiranagar 100ft Road,4063,Weekend,False,Clear,False,0.0,False,False,0.422,Moderate,23.5,29.6,184.2,0.146,0.337,0.96,Moderate traffic flow - standard adaptive signal timing in effect
EVT447914,2025-09-02 19:52:30,Trade Fair,J011,Indiranagar 100ft Road,16399,Weekday,False,Rain,True,24.1,False,False,1.0,Severe,6.3,71.7,616.8,0.176,0.406,0.851,Heavy rain reducing visibility and grip - reduced speed and longer buffer advised
EVT447915,2025-09-30 21:00:07,Political Rally,J009,Majestic,17930,Weekday,False,Heavy Rain,True,34.9,False,False,0.963,Severe,9.2,72.7,251.2,0.126,0.291,0.876,Heavy rain reducing visibility and grip - reduced speed and longer buffer advised
EVT447916,2025-02-07 09:07:12,Political Rally,J009,Majestic,19510,Weekday,False,Clear,False,0.0,False,False,1.0,Severe,5.9,72.2,648.1,0.171,0.395,0.895,Heavy congestion detected - signal timing extended and reroute suggested
EVT447917,2026-04-02 05:25:00,Local Market Day,J012,Koramangala Sony World,5678,Weekday,False,Light Rain,True,1.6,False,False,0.224,Low,33.5,14.1,135.5,0.122,0.281,0.895,Light rain detected - minor speed reduction advised
EVT447918,2026-01-15 11:58:41,Religious Festival,J012,Koramangala Sony World,49159,Weekday,True,Clear,False,0.0,False,True,0.922,Severe,9.5,95.4,312.3,0.139,0.32,0.817,Road closure for event/procession - full detour recommended for through-traffic
EVT447919,2026-03-14 21:53:08,Sports Fixture,J009,Majestic,26666,Weekend,False,Clear,False,0.0,False,False,0.497,Moderate,24.2,36.0,92.8,0.049,0.113,0.962,Moderate traffic flow - standard adaptive signal timing in effect
EVT447920,2025-08-24 18:51:36,Trade Fair,J031,Cubbon Road,9381,Weekend,False,Heavy Rain,True,32.2,False,False,1.0,Severe,9.1,70.1,583.1,0.218,0.504,0.858,Heavy rain reducing visibility and grip - reduced speed and longer buffer advised
EVT447921,2025-03-15 09:56:30,Fireworks Display,J012,Koramangala Sony World,60896,Weekend,True,Clear,False,0.0,False,False,1.0,Severe,7.1,67.7,894.7,0.23,0.532,0.9,Festival crowd surge detected - alternate route and extended cycle recommended
EVT447922,2025-07-17 06:03:39,Sports Fixture,J031,Cubbon Road,24312,Weekday,False,Clear,False,0.0,False,False,0.402,Moderate,21.7,27.2,263.1,0.162,0.374,0.963,Moderate traffic flow - standard adaptive signal timing in effect
EVT447923,2025-09-18 18:00:09,Local Market Day,J020,Malleshwaram Circle,4924,Weekday,False,Rain,True,16.4,False,False,1.0,Severe,7.4,69.9,505.6,0.144,0.334,0.862,Heavy rain reducing visibility and grip - reduced speed and longer buffer advised
EVT447924,2026-05-21 03:47:11,Trade Fair,J030,MG Road,17026,Weekday,False,Clear,False,0.0,False,False,0.212,Low,37.1,19.2,103.3,0.089,0.206,0.971,Normal free-flow traffic - standard signal timing maintained
EVT447925,2025-03-19 19:54:03,Concert,J012,Koramangala Sony World,14861,Weekday,False,Clear,False,0.0,False,False,0.809,Severe,14.6,61.0,360.0,0.183,0.423,0.952,Heavy congestion detected - signal timing extended and reroute suggested
EVT447926,2025-03-10 12:23:32,Concert,J012,Koramangala Sony World,10264,Weekday,False,Clear,False,0.0,False,False,0.345,Low,29.9,19.9,102.6,0.094,0.217,0.966,Moderate traffic flow - standard adaptive signal timing in effect
EVT447927,2025-04-14 07:53:50,Cultural Procession,J020,Malleshwaram Circle,9863,Weekday,True,Clear,False,0.0,False,False,1.0,Severe,9.8,72.2,586.4,0.236,0.546,0.859,Festival crowd surge detected - alternate route and extended cycle recommended
EVT447928,2025-06-06 16:59:12,Concert,J040,City Market,14386,Weekday,False,Rain,True,17.0,False,False,0.962,Severe,10.4,72.4,497.2,0.212,0.489,0.853,Heavy rain reducing visibility and grip - reduced speed and longer buffer advised
EVT447929,2025-02-25 21:17:02,Concert,J040,City Market,13908,Weekday,False,Clear,False,0.0,False,False,0.444,Moderate,27.9,32.1,89.1,0.071,0.164,0.973,Moderate traffic flow - standard adaptive signal timing in effect
EVT447930,2026-06-06 18:14:08,Sports Fixture,J040,City Market,35730,Weekend,False,Heavy Rain,True,49.4,False,False,1.0,Severe,6.9,75.4,613.6,0.187,0.433,0.847,Heavy rain reducing visibility and grip - reduced speed and longer buffer advised
EVT447931,2025-02-07 08:16:54,Trade Fair,J040,City Market,9241,Weekday,False,Clear,False,0.0,False,False,0.978,Severe,9.4,70.8,561.8,0.23,0.531,0.922,Heavy congestion detected - signal timing extended and reroute suggested
EVT447932,2026-01-03 16:17:44,Concert,J040,City Market,11215,Weekend,False,Clear,False,0.0,False,False,0.512,Moderate,20.3,37.8,98.3,0.053,0.122,0.983,Moderate traffic flow - standard adaptive signal timing in effect
EVT447933,2026-03-02 09:14:50,Local Market Day,J020,Malleshwaram Circle,4913,Weekday,False,Clear,False,0.0,False,False,0.984,Severe,8.0,67.9,482.2,0.166,0.383,0.923,Heavy congestion detected - signal timing extended and reroute suggested
EVT447934,2025-11-11 09:54:32,Sports Fixture,J009,Majestic,28775,Weekday,False,Light Rain,True,7.0,False,False,1.0,Severe,8.6,66.3,370.4,0.137,0.316,0.866,Heavy rain reducing visibility and grip - reduced speed and longer buffer advised
EVT447935,2025-02-09 10:50:41,Sports Fixture,J023,Basavanagudi,22660,Weekend,False,Clear,False,0.0,False,False,0.603,High,20.6,45.7,140.9,0.099,0.229,0.99,Moderate traffic flow - standard adaptive signal timing in effect
EVT447936,2026-04-24 16:34:18,Local Market Day,J040,City Market,2925,Weekday,False,Light Rain,True,4.7,False,False,0.649,High,19.3,45.7,398.7,0.239,0.553,0.913,Heavy rain reducing visibility and grip - reduced speed and longer buffer advised
EVT447937,2025-05-12 11:19:43,Concert,J020,Malleshwaram Circle,13316,Weekday,False,Clear,False,0.0,False,False,0.426,Moderate,22.4,30.1,292.2,0.184,0.424,0.941,Moderate traffic flow - standard adaptive signal timing in effect
EVT447938,2026-05-26 20:59:12,Local Market Day,J031,Cubbon Road,4565,Weekday,False,Clear,False,0.0,False,False,0.365,Moderate,24.9,27.2,246.1,0.162,0.374,0.944,Moderate traffic flow - standard adaptive signal timing in effect
EVT447939,2025-02-17 09:36:32,Concert,J031,Cubbon Road,5758,Weekday,False,Clear,False,0.0,False,False,0.951,Severe,9.0,63.7,792.1,0.251,0.58,0.91,Heavy congestion detected - signal timing extended and reroute suggested
EVT447940,2025-11-10 18:35:39,Political Rally,J011,Indiranagar 100ft Road,17347,Weekday,False,Clear,False,0.0,False,False,1.0,Severe,8.9,70.9,281.0,0.117,0.271,0.908,Heavy congestion detected - signal timing extended and reroute suggested
EVT447941,2025-10-05 08:54:06,Sports Fixture,J012,Koramangala Sony World,16965,Weekend,False,Rain,True,16.5,False,False,1.0,Severe,6.9,70.2,636.3,0.18,0.417,0.845,Heavy rain reducing visibility and grip - reduced speed and longer buffer advised
EVT447942,2026-05-30 14:20:33,Sports Fixture,J023,Basavanagudi,23596,Weekend,False,Rain,True,24.8,False,False,0.678,High,18.3,51.3,282.8,0.174,0.402,0.922,Heavy rain reducing visibility and grip - reduced speed and longer buffer advised
EVT447943,2025-08-18 17:03:27,Concert,J009,Majestic,10169,Weekday,False,Clear,False,0.0,False,False,0.765,Severe,14.8,57.2,360.5,0.205,0.474,0.976,Heavy congestion detected - signal timing extended and reroute suggested
EVT447944,2026-04-07 15:32:47,Local Market Day,J031,Cubbon Road,6530,Weekday,False,Clear,False,0.0,False,False,0.319,Low,33.7,24.8,168.4,0.142,0.328,0.975,Moderate traffic flow - standard adaptive signal timing in effect
EVT447945,2025-05-30 14:31:10,Trade Fair,J009,Majestic,9830,Weekday,False,Clear,False,0.0,False,False,0.302,Low,37.2,19.3,119.6,0.132,0.304,0.969,Moderate traffic flow - standard adaptive signal timing in effect
EVT447946,2025-06-23 18:59:40,Local Market Day,J023,Basavanagudi,3284,Weekday,False,Rain,True,18.7,False,False,1.0,Severe,6.9,61.0,591.7,0.182,0.42,0.866,Heavy rain reducing visibility and grip - reduced speed and longer buffer advised
EVT447947,2025-12-06 21:21:48,Sports Fixture,J009,Majestic,21924,Weekend,False,Clear,False,0.0,True,False,0.9,Severe,13.8,65.3,628.5,0.316,0.729,0.771,Accident detected nearby - reroute and reduced speed advised
EVT447948,2025-09-23 06:16:47,Political Rally,J040,City Market,19289,Weekday,False,Clear,False,0.0,False,False,0.286,Low,26.8,23.1,232.1,0.154,0.355,0.967,Moderate traffic flow - standard adaptive signal timing in effect
EVT447949,2025-04-14 07:37:57,Religious Festival,J031,Cubbon Road,41062,Weekday,True,Clear,False,0.0,False,True,1.0,Severe,9.5,106.1,420.5,0.171,0.395,0.796,Road closure for event/procession - full detour recommended for through-traffic
EVT447950,2025-05-24 07:38:17,Sports Fixture,J023,Basavanagudi,31412,Weekend,False,Clear,False,0.0,False,False,0.808,Severe,18.4,55.0,236.8,0.132,0.304,0.964,Heavy congestion detected - signal timing extended and reroute suggested
EVT447951,2026-03-07 12:27:46,Sports Fixture,J030,MG Road,23437,Weekend,False,Clear,False,0.0,False,False,0.311,Low,33.7,17.6,120.4,0.137,0.317,0.964,Moderate traffic flow - standard adaptive signal timing in effect
EVT447952,2025-06-12 11:48:16,Sports Fixture,J009,Majestic,38265,Weekday,False,Fog,False,0.0,False,False,0.505,Moderate,29.6,39.5,200.7,0.16,0.371,0.961,Moderate traffic flow - standard adaptive signal timing in effect
EVT447953,2025-10-29 12:28:44,Sports Fixture,J012,Koramangala Sony World,19765,Weekday,False,Rain,True,17.9,False,False,0.557,High,20.1,45.7,285.9,0.187,0.431,0.906,Heavy rain reducing visibility and grip - reduced speed and longer buffer advised
EVT447954,2026-01-29 20:10:38,Local Market Day,J031,Cubbon Road,2017,Weekday,False,Clear,False,0.0,False,False,0.697,High,13.5,44.8,221.8,0.108,0.249,0.98,Moderate traffic flow - standard adaptive signal timing in effect
EVT447955,2025-02-24 20:20:11,Local Market Day,J012,Koramangala Sony World,3389,Weekday,False,Clear,False,0.0,False,False,0.555,High,24.5,38.7,201.8,0.143,0.33,0.979,Moderate traffic flow - standard adaptive signal timing in effect
EVT447956,2025-11-18 09:39:47,Trade Fair,J030,MG Road,4779,Weekday,False,Clear,False,0.0,False,False,0.99,Severe,8.3,69.4,695.7,0.216,0.5,0.917,Heavy congestion detected - signal timing extended and reroute suggested
EVT447957,2025-01-03 10:33:20,Sports Fixture,J020,Malleshwaram Circle,12809,Weekday,False,Clear,False,0.0,False,False,0.669,High,22.1,44.8,164.5,0.101,0.232,0.979,Moderate traffic flow - standard adaptive signal timing in effect
EVT447958,2025-04-05 09:53:27,Concert,J031,Cubbon Road,13547,Weekend,False,Fog,False,0.0,False,False,0.722,High,19.7,50.0,160.3,0.132,0.305,0.96,Moderate traffic flow - standard adaptive signal timing in effect
EVT447959,2026-01-03 09:09:58,Local Market Day,J020,Malleshwaram Circle,3800,Weekend,False,Clear,False,0.0,False,False,0.857,Severe,12.2,64.1,604.1,0.28,0.646,0.945,Heavy congestion detected - signal timing extended and reroute suggested
EVT447960,2025-08-27 08:55:08,Fireworks Display,J031,Cubbon Road,17376,Weekday,True,Clear,False,0.0,False,False,1.0,Severe,7.9,71.2,805.6,0.265,0.612,0.879,Festival crowd surge detected - alternate route and extended cycle recommended
EVT447961,2025-05-01 10:45:51,Fireworks Display,J031,Cubbon Road,24070,Weekday,True,Rain,True,14.7,False,False,0.976,Severe,9.9,69.5,442.1,0.182,0.421,0.815,Festival crowd surge detected - alternate route and extended cycle recommended
EVT447962,2025-01-11 07:49:10,Local Market Day,J020,Malleshwaram Circle,8238,Weekend,False,Clear,False,0.0,False,False,0.763,Severe,11.2,56.4,410.8,0.196,0.453,0.97,Heavy congestion detected - signal timing extended and reroute suggested
EVT447963,2025-09-15 19:51:36,Trade Fair,J012,Koramangala Sony World,5790,Weekday,False,Clear,False,0.0,False,False,0.876,Severe,12.0,66.2,156.6,0.093,0.216,0.938,Heavy congestion detected - signal timing extended and reroute suggested
EVT447964,2025-09-30 09:11:09,Local Market Day,J023,Basavanagudi,6989,Weekday,False,Clear,False,0.0,False,False,1.0,Severe,6.1,69.0,488.3,0.142,0.327,0.861,Heavy congestion detected - signal timing extended and reroute suggested
EVT447965,2025-02-28 16:01:05,Trade Fair,J040,City Market,9540,Weekday,False,Clear,False,0.0,False,False,0.472,Moderate,20.9,37.1,225.7,0.132,0.304,0.953,Moderate traffic flow - standard adaptive signal timing in effect
EVT447966,2025-05-31 21:25:07,Sports Fixture,J011,Indiranagar 100ft Road,16982,Weekend,False,Clear,False,0.0,False,False,0.466,Moderate,23.9,33.0,251.1,0.152,0.352,0.974,Moderate traffic flow - standard adaptive signal timing in effect
EVT447967,2026-01-13 19:39:02,Concert,J009,Majestic,19277,Weekday,False,Clear,False,0.0,False,False,0.91,Severe,10.2,61.8,481.1,0.199,0.461,0.945,Heavy congestion detected - signal timing extended and reroute suggested
EVT447968,2025-05-07 16:02:26,Political Rally,J030,MG Road,11969,Weekday,False,Rain,True,22.1,False,False,0.705,High,19.3,49.6,311.6,0.185,0.428,0.927,Heavy rain reducing visibility and grip - reduced speed and longer buffer advised
EVT447969,2025-02-21 16:23:26,Concert,J009,Majestic,24256,Weekday,False,Clear,False,0.0,False,False,0.629,High,19.2,42.4,204.3,0.104,0.24,0.94,Moderate traffic flow - standard adaptive signal timing in effect
EVT447970,2025-05-21 09:50:21,Trade Fair,J020,Malleshwaram Circle,13343,Weekday,False,Clear,False,0.0,False,False,0.828,Severe,14.4,60.1,397.2,0.204,0.472,0.944,Heavy congestion detected - signal timing extended and reroute suggested
EVT447971,2026-03-07 09:42:02,Sports Fixture,J012,Koramangala Sony World,25060,Weekend,False,Clear,False,0.0,False,False,0.935,Severe,10.2,61.6,307.2,0.104,0.24,0.935,Heavy congestion detected - signal timing extended and reroute suggested
EVT447972,2025-03-01 07:03:47,Political Rally,J009,Majestic,12154,Weekend,False,Clear,False,0.0,False,False,0.554,High,21.3,40.1,124.8,0.074,0.171,0.987,Moderate traffic flow - standard adaptive signal timing in effect
EVT447973,2025-09-10 06:55:25,Local Market Day,J030,MG Road,7455,Weekday,False,Clear,False,0.0,False,False,0.46,Moderate,30.9,34.8,178.2,0.144,0.332,0.96,Moderate traffic flow - standard adaptive signal timing in effect
EVT447974,2025-02-25 11:04:10,Local Market Day,J020,Malleshwaram Circle,7965,Weekday,False,Clear,False,0.0,False,False,0.445,Moderate,27.8,34.2,122.3,0.112,0.258,0.959,Moderate traffic flow - standard adaptive signal timing in effect
EVT447975,2025-11-11 08:10:02,Concert,J040,City Market,10629,Weekday,False,Clear,False,0.0,False,False,0.876,Severe,11.3,66.5,409.4,0.191,0.441,0.92,Heavy congestion detected - signal timing extended and reroute suggested
EVT447976,2025-12-21 18:17:47,Local Market Day,J031,Cubbon Road,4175,Weekend,False,Light Rain,True,4.6,False,False,0.893,Severe,10.6,65.7,567.4,0.213,0.492,0.903,Heavy rain reducing visibility and grip - reduced speed and longer buffer advised
EVT447977,2026-05-12 08:44:01,Concert,J009,Majestic,16122,Weekday,False,Clear,False,0.0,False,False,1.0,Severe,8.2,75.0,531.3,0.19,0.44,0.913,Heavy congestion detected - signal timing extended and reroute suggested
EVT447978,2025-01-15 08:30:57,Religious Festival,J040,City Market,43944,Weekday,True,Clear,False,0.0,False,True,1.0,Severe,7.3,103.2,753.5,0.228,0.526,0.815,Road closure for event/procession - full detour recommended for through-traffic
EVT447979,2025-01-05 15:58:11,Sports Fixture,J040,City Market,16393,Weekend,False,Clear,False,0.0,False,False,0.535,Moderate,24.3,37.0,239.3,0.181,0.417,0.981,Moderate traffic flow - standard adaptive signal timing in effect
EVT447980,2025-10-21 17:43:52,Cultural Procession,J040,City Market,14241,Weekday,True,Clear,False,0.0,False,True,1.0,Severe,9.7,94.8,658.1,0.256,0.591,0.843,Road closure for event/procession - full detour recommended for through-traffic
EVT447981,2025-07-08 16:17:21,Sports Fixture,J040,City Market,33015,Weekday,False,Heavy Rain,True,72.3,False,False,1.0,Severe,7.8,78.5,536.2,0.167,0.386,0.893,Heavy rain reducing visibility and grip - reduced speed and longer buffer advised
EVT447982,2025-07-21 08:35:31,Political Rally,J023,Basavanagudi,15818,Weekday,False,Clear,False,0.0,False,False,1.0,Severe,8.9,73.6,506.9,0.18,0.416,0.933,Heavy congestion detected - signal timing extended and reroute suggested
EVT447983,2025-04-27 18:27:37,Political Rally,J031,Cubbon Road,11083,Weekend,False,Clear,False,0.0,False,False,0.819,Severe,14.4,67.4,321.6,0.156,0.359,0.954,Heavy congestion detected - signal timing extended and reroute suggested
EVT447984,2025-02-14 15:05:51,Concert,J030,MG Road,9397,Weekday,False,Clear,False,0.0,False,False,0.258,Low,35.3,24.1,170.0,0.135,0.312,0.969,Moderate traffic flow - standard adaptive signal timing in effect
EVT447985,2025-02-27 22:03:36,Trade Fair,J012,Koramangala Sony World,6422,Weekday,False,Clear,False,0.0,False,False,0.345,Low,32.1,23.0,101.4,0.076,0.175,0.962,Moderate traffic flow - standard adaptive signal timing in effect
EVT447986,2025-12-08 19:39:01,Trade Fair,J031,Cubbon Road,11471,Weekday,False,Clear,False,0.0,False,False,0.94,Severe,10.0,67.5,471.0,0.182,0.42,0.946,Heavy congestion detected - signal timing extended and reroute suggested
EVT447987,2026-06-21 13:51:01,Political Rally,J031,Cubbon Road,12673,Weekend,False,Clear,False,0.0,False,False,0.313,Low,28.6,17.2,89.8,0.104,0.241,0.967,Moderate traffic flow - standard adaptive signal timing in effect
EVT447988,2025-11-04 07:46:19,Sports Fixture,J040,City Market,35067,Weekday,False,Clear,False,0.0,False,False,0.861,Severe,14.2,62.9,328.2,0.175,0.405,0.921,Heavy congestion detected - signal timing extended and reroute suggested
EVT447989,2025-09-09 04:17:13,Local Market Day,J020,Malleshwaram Circle,6392,Weekday,False,Clear,False,0.0,False,False,0.255,Low,29.4,18.9,171.4,0.132,0.306,0.978,Moderate traffic flow - standard adaptive signal timing in effect
EVT447990,2025-08-28 21:51:23,Cultural Procession,J020,Malleshwaram Circle,24422,Weekday,True,Heavy Rain,True,30.1,False,True,1.0,Severe,7.2,108.7,815.5,0.266,0.614,0.789,Road closure for event/procession - full detour recommended for through-traffic
EVT447991,2025-03-08 18:22:41,Political Rally,J011,Indiranagar 100ft Road,14560,Weekend,False,Clear,False,0.0,False,False,0.949,Severe,8.1,69.1,713.4,0.215,0.498,0.914,Heavy congestion detected - signal timing extended and reroute suggested
EVT447992,2025-02-21 18:06:00,Concert,J009,Majestic,8541,Weekday,False,Clear,False,0.0,False,False,0.965,Severe,8.0,68.6,315.8,0.114,0.263,0.942,Heavy congestion detected - signal timing extended and reroute suggested
EVT447993,2025-05-11 14:55:29,Local Market Day,J020,Malleshwaram Circle,3705,Weekend,False,Clear,False,0.0,False,False,0.332,Low,30.8,28.3,189.5,0.148,0.343,0.973,Moderate traffic flow - standard adaptive signal timing in effect
EVT447994,2025-07-02 06:22:34,Sports Fixture,J031,Cubbon Road,15700,Weekday,False,Rain,True,18.8,False,False,0.581,High,23.2,41.3,232.3,0.139,0.322,0.887,Heavy rain reducing visibility and grip - reduced speed and longer buffer advised
EVT447995,2026-01-18 20:10:58,Local Market Day,J011,Indiranagar 100ft Road,3330,Weekend,False,Clear,False,0.0,False,False,0.621,High,21.1,45.4,170.7,0.115,0.265,0.955,Moderate traffic flow - standard adaptive signal timing in effect
EVT447996,2025-07-11 14:47:47,Concert,J012,Koramangala Sony World,8222,Weekday,False,Clear,False,0.0,False,False,0.227,Low,36.9,13.8,108.8,0.131,0.303,0.973,Normal free-flow traffic - standard signal timing maintained
EVT447997,2025-10-17 16:12:20,Concert,J012,Koramangala Sony World,4929,Weekday,False,Clear,False,0.0,False,False,0.54,Moderate,19.9,36.1,236.3,0.136,0.314,0.948,Moderate traffic flow - standard adaptive signal timing in effect
EVT447998,2025-02-03 19:02:10,Sports Fixture,J020,Malleshwaram Circle,15661,Weekday,False,Clear,False,0.0,False,False,1.0,Severe,6.8,69.2,602.2,0.177,0.408,0.908,Heavy congestion detected - signal timing extended and reroute suggested
EVT447999,2026-02-27 17:19:58,Local Market Day,J023,Basavanagudi,3792,Weekday,False,Clear,False,0.0,False,False,0.818,Severe,14.0,60.4,166.6,0.081,0.186,0.908,Heavy congestion detected - signal timing extended and reroute suggested
EVT448000,2026-05-10 20:15:02,Concert,J040,City Market,17816,Weekend,False,Clear,False,0.0,False,False,0.623,High,22.3,46.3,257.2,0.2,0.462,0.973,Moderate traffic flow - standard adaptive signal timing in effect
EVT448001,2025-11-14 08:30:05,Political Rally,J031,Cubbon Road,11121,Weekday,False,Clear,False,0.0,False,False,0.971,Severe,10.2,64.0,552.6,0.244,0.564,0.92,Heavy congestion detected - signal timing extended and reroute suggested
EVT448002,2026-06-29 23:10:07,Concert,J011,Indiranagar 100ft Road,15350,Weekday,False,Clear,False,0.0,False,False,0.286,Low,30.0,18.9,132.8,0.095,0.22,0.99,Moderate traffic flow - standard adaptive signal timing in effect
EVT448003,2025-03-31 13:03:26,Religious Festival,J031,Cubbon Road,48409,Weekday,True,Clear,False,0.0,False,False,0.657,High,19.3,46.6,303.6,0.2,0.463,0.914,Festival crowd surge detected - alternate route and extended cycle recommended
EVT448004,2025-09-09 07:36:08,Sports Fixture,J023,Basavanagudi,23683,Weekday,False,Clear,False,0.0,False,False,0.844,Severe,11.5,56.5,408.3,0.166,0.384,0.973,Heavy congestion detected - signal timing extended and reroute suggested
EVT448005,2025-08-15 07:30:31,Religious Festival,J023,Basavanagudi,26606,Weekday,True,Clear,False,0.0,False,False,0.93,Severe,9.1,68.2,326.8,0.119,0.274,0.859,Festival crowd surge detected - alternate route and extended cycle recommended
EVT448006,2025-10-09 07:54:49,Local Market Day,J023,Basavanagudi,3222,Weekday,False,Clear,False,0.0,False,False,0.763,Severe,13.4,47.2,126.4,0.069,0.159,0.947,Heavy congestion detected - signal timing extended and reroute suggested
EVT448007,2025-01-27 15:15:48,Religious Festival,J020,Malleshwaram Circle,31393,Weekday,True,Clear,False,0.0,False,True,0.798,High,11.8,77.3,284.3,0.126,0.291,0.883,Road closure for event/procession - full detour recommended for through-traffic
EVT448008,2026-03-30 13:43:04,Sports Fixture,J009,Majestic,31512,Weekday,False,Clear,False,0.0,False,False,0.31,Low,31.5,17.3,122.4,0.1,0.23,0.951,Moderate traffic flow - standard adaptive signal timing in effect
EVT448009,2026-04-18 19:58:28,Sports Fixture,J020,Malleshwaram Circle,22449,Weekend,False,Rain,True,9.2,False,False,1.0,Severe,7.6,70.3,750.9,0.22,0.508,0.881,Heavy rain reducing visibility and grip - reduced speed and longer buffer advised
EVT448010,2026-05-26 16:45:29,Local Market Day,J023,Basavanagudi,2895,Weekday,False,Rain,True,24.9,False,False,0.919,Severe,10.2,67.3,217.3,0.101,0.234,0.871,Heavy rain reducing visibility and grip - reduced speed and longer buffer advised
EVT448011,2026-06-23 08:54:52,Local Market Day,J031,Cubbon Road,3261,Weekday,False,Heavy Rain,True,61.7,False,False,1.0,Severe,8.1,72.4,407.9,0.158,0.365,0.863,Heavy rain reducing visibility and grip - reduced speed and longer buffer advised
EVT448012,2025-06-17 11:53:33,Concert,J040,City Market,7091,Weekday,False,Clear,False,0.0,False,False,0.283,Low,31.2,23.0,181.6,0.156,0.361,0.956,Moderate traffic flow - standard adaptive signal timing in effect
EVT448013,2026-04-24 12:35:48,Concert,J012,Koramangala Sony World,15959,Weekday,False,Clear,False,0.0,False,False,0.245,Low,35.0,16.5,79.3,0.079,0.182,0.951,Normal free-flow traffic - standard signal timing maintained
EVT448014,2025-07-29 07:00:35,Local Market Day,J009,Majestic,4076,Weekday,False,Clear,False,0.0,False,False,0.393,Moderate,28.2,27.0,183.4,0.15,0.346,0.977,Moderate traffic flow - standard adaptive signal timing in effect
EVT448015,2026-02-04 07:19:40,Trade Fair,J012,Koramangala Sony World,8639,Weekday,False,Clear,False,0.0,False,False,0.656,High,19.6,43.5,290.5,0.173,0.4,0.972,Moderate traffic flow - standard adaptive signal timing in effect
EVT448016,2025-11-30 23:18:21,Local Market Day,J030,MG Road,5029,Weekend,False,Clear,False,0.0,False,False,0.33,Low,26.2,20.6,206.1,0.145,0.335,0.988,Moderate traffic flow - standard adaptive signal timing in effect
EVT448017,2025-03-25 20:52:35,Concert,J020,Malleshwaram Circle,6609,Weekday,False,Clear,False,0.0,False,False,0.444,Moderate,20.4,34.9,231.2,0.127,0.293,0.965,Moderate traffic flow - standard adaptive signal timing in effect
EVT448018,2026-05-31 13:27:01,Local Market Day,J020,Malleshwaram Circle,4775,Weekend,False,Clear,False,0.0,False,False,0.313,Low,30.1,26.7,185.0,0.144,0.332,0.962,Moderate traffic flow - standard adaptive signal timing in effect
EVT448019,2025-10-19 14:42:05,Sports Fixture,J009,Majestic,13931,Weekend,False,Heavy Rain,True,47.9,False,False,0.67,High,20.6,45.5,159.7,0.094,0.216,0.915,Heavy rain reducing visibility and grip - reduced speed and longer buffer advised
EVT448020,2025-03-07 04:54:46,Concert,J012,Koramangala Sony World,10653,Weekday,False,Clear,False,0.0,False,False,0.195,Low,35.9,15.3,131.9,0.125,0.289,0.972,Normal free-flow traffic - standard signal timing maintained
EVT448021,2025-05-16 18:32:50,Trade Fair,J011,Indiranagar 100ft Road,7134,Weekday,False,Light Rain,True,6.5,False,False,1.0,Severe,7.3,69.8,792.3,0.232,0.535,0.864,Heavy rain reducing visibility and grip - reduced speed and longer buffer advised
EVT448022,2025-02-28 14:05:30,Concert,J030,MG Road,16675,Weekday,False,Clear,False,0.0,False,False,0.347,Low,28.3,29.5,145.7,0.114,0.263,0.956,Moderate traffic flow - standard adaptive signal timing in effect
EVT448023,2026-05-20 20:59:32,Concert,J031,Cubbon Road,5992,Weekday,False,Clear,False,0.0,False,False,0.332,Low,26.7,31.0,170.7,0.114,0.263,0.933,Moderate traffic flow - standard adaptive signal timing in effect
EVT448024,2025-06-15 19:56:25,Trade Fair,J009,Majestic,14467,Weekend,False,Clear,False,0.0,False,False,0.749,High,17.2,57.4,395.0,0.25,0.578,0.953,Moderate traffic flow - standard adaptive signal timing in effect
EVT448025,2025-04-15 13:50:09,Religious Festival,J040,City Market,62826,Weekday,True,Clear,False,0.0,False,True,0.87,High,12.0,79.3,299.2,0.139,0.322,0.892,Road closure for event/procession - full detour recommended for through-traffic
EVT448026,2025-06-29 18:54:58,Trade Fair,J030,MG Road,6130,Weekend,False,Clear,False,0.0,False,False,0.844,Severe,12.0,60.7,369.2,0.177,0.408,0.912,Heavy congestion detected - signal timing extended and reroute suggested
EVT448027,2025-05-07 12:38:33,Local Market Day,J023,Basavanagudi,3917,Weekday,False,Rain,True,20.8,False,False,0.377,Moderate,27.3,24.6,166.8,0.134,0.309,0.907,Light rain detected - minor speed reduction advised
EVT448028,2025-02-12 18:04:10,Concert,J040,City Market,13114,Weekday,False,Fog,False,0.0,False,False,1.0,Severe,8.7,71.2,276.9,0.107,0.246,0.891,Heavy congestion detected - signal timing extended and reroute suggested
EVT448029,2025-09-28 08:10:30,Trade Fair,J023,Basavanagudi,9186,Weekend,False,Clear,False,0.0,False,False,0.731,High,16.0,53.4,264.6,0.144,0.332,0.976,Moderate traffic flow - standard adaptive signal timing in effect
EVT448030,2025-08-09 11:15:39,Trade Fair,J009,Majestic,9164,Weekend,False,Clear,False,0.0,False,False,0.456,Moderate,28.1,28.3,162.9,0.143,0.331,0.969,Moderate traffic flow - standard adaptive signal timing in effect
EVT448031,2025-02-14 11:09:20,Local Market Day,J012,Koramangala Sony World,3032,Weekday,False,Clear,False,0.0,False,False,0.435,Moderate,25.3,26.9,88.6,0.042,0.097,0.97,Moderate traffic flow - standard adaptive signal timing in effect
EVT448032,2025-01-23 19:22:52,Concert,J009,Majestic,14116,Weekday,False,Clear,False,0.0,False,False,0.9,Severe,12.3,60.1,554.7,0.27,0.623,0.945,Heavy congestion detected - signal timing extended and reroute suggested
EVT448033,2025-01-22 13:25:54,Local Market Day,J009,Majestic,2959,Weekday,False,Clear,False,0.0,False,False,0.108,Low,41.6,10.5,89.5,0.086,0.198,0.963,Normal free-flow traffic - standard signal timing maintained
EVT448034,2025-02-16 17:42:20,Concert,J011,Indiranagar 100ft Road,18625,Weekend,False,Clear,False,0.0,False,False,0.916,Severe,12.7,64.3,254.8,0.133,0.308,0.965,Heavy congestion detected - signal timing extended and reroute suggested
EVT448035,2025-09-21 18:24:04,Local Market Day,J023,Basavanagudi,1733,Weekend,False,Clear,False,0.0,False,False,0.833,Severe,12.3,62.8,587.4,0.272,0.628,0.952,Heavy congestion detected - signal timing extended and reroute suggested
EVT448036,2025-11-01 21:54:43,Religious Festival,J009,Majestic,54914,Weekend,True,Clear,False,0.0,False,True,1.0,Severe,8.1,98.5,846.7,0.275,0.634,0.823,Road closure for event/procession - full detour recommended for through-traffic
EVT448037,2025-12-31 21:26:54,Trade Fair,J020,Malleshwaram Circle,13447,Weekday,False,Clear,False,0.0,False,False,0.403,Moderate,27.5,31.4,105.8,0.065,0.151,0.971,Moderate traffic flow - standard adaptive signal timing in effect
EVT448038,2026-03-06 18:16:30,Concert,J031,Cubbon Road,17876,Weekday,False,Clear,False,0.0,False,False,1.0,Severe,6.4,73.6,674.5,0.183,0.422,0.92,Heavy congestion detected - signal timing extended and reroute suggested
EVT448039,2026-05-18 08:34:40,Local Market Day,J031,Cubbon Road,3615,Weekday,False,Clear,False,0.0,False,False,1.0,Severe,8.0,70.8,535.3,0.181,0.417,0.918,Heavy congestion detected - signal timing extended and reroute suggested
EVT448040,2025-03-21 10:47:54,Local Market Day,J030,MG Road,11162,Weekday,False,Clear,False,0.0,False,False,0.586,High,21.8,44.3,290.7,0.197,0.455,0.946,Moderate traffic flow - standard adaptive signal timing in effect
EVT448041,2026-03-28 09:31:00,Local Market Day,J030,MG Road,2877,Weekend,False,Clear,False,0.0,False,False,0.778,Severe,17.0,57.2,342.2,0.194,0.449,0.985,Heavy congestion detected - signal timing extended and reroute suggested
EVT448042,2026-05-05 11:52:48,Concert,J040,City Market,7917,Weekday,False,Clear,False,0.0,False,False,0.29,Low,37.8,20.0,94.1,0.08,0.186,0.973,Moderate traffic flow - standard adaptive signal timing in effect
EVT448043,2025-10-03 00:51:24,Cultural Procession,J009,Majestic,21100,Weekday,True,Clear,False,0.0,False,False,0.536,Moderate,27.0,33.3,134.2,0.123,0.284,0.914,Festival crowd surge detected - alternate route and extended cycle recommended
EVT448044,2025-01-21 07:33:39,Sports Fixture,J011,Indiranagar 100ft Road,14719,Weekday,False,Fog,False,0.0,False,False,0.751,Severe,19.9,54.9,190.1,0.13,0.301,0.963,Heavy congestion detected - signal timing extended and reroute suggested
EVT448045,2025-01-09 09:30:53,Local Market Day,J040,City Market,4888,Weekday,False,Clear,False,0.0,False,False,1.0,Severe,8.4,76.9,425.1,0.163,0.376,0.913,Heavy congestion detected - signal timing extended and reroute suggested
EVT448046,2026-02-12 18:28:10,Concert,J040,City Market,5949,Weekday,False,Clear,False,0.0,False,False,1.0,Severe,9.6,69.5,438.8,0.181,0.419,0.931,Heavy congestion detected - signal timing extended and reroute suggested
EVT448047,2026-03-06 07:53:51,Trade Fair,J040,City Market,6837,Weekday,False,Clear,False,0.0,False,False,0.74,High,15.4,51.7,303.9,0.165,0.381,0.976,Moderate traffic flow - standard adaptive signal timing in effect
EVT448048,2025-10-12 07:11:18,Political Rally,J020,Malleshwaram Circle,13824,Weekend,False,Clear,False,0.0,False,False,0.508,Moderate,25.7,41.5,128.5,0.112,0.259,0.952,Moderate traffic flow - standard adaptive signal timing in effect
EVT448049,2026-06-01 14:29:58,Sports Fixture,J011,Indiranagar 100ft Road,27789,Weekday,False,Rain,True,20.2,False,False,0.545,Moderate,27.0,33.6,173.8,0.152,0.35,0.893,Light rain detected - minor speed reduction advised
EVT448050,2025-10-27 19:30:56,Local Market Day,J023,Basavanagudi,4258,Weekday,False,Clear,False,0.0,False,False,0.84,Severe,12.5,60.4,322.8,0.156,0.36,0.93,Heavy congestion detected - signal timing extended and reroute suggested
EVT448051,2025-04-14 16:10:31,Cultural Procession,J009,Majestic,29233,Weekday,True,Clear,False,0.0,False,False,0.879,Severe,13.9,62.1,181.2,0.106,0.246,0.892,Festival crowd surge detected - alternate route and extended cycle recommended
EVT448052,2025-04-20 19:01:39,Concert,J009,Majestic,11545,Weekend,False,Light Rain,True,6.6,False,False,1.0,Severe,8.5,70.1,779.2,0.255,0.59,0.881,Heavy rain reducing visibility and grip - reduced speed and longer buffer advised
EVT448053,2025-04-01 08:13:49,Local Market Day,J011,Indiranagar 100ft Road,4493,Weekday,False,Clear,False,0.0,False,False,0.838,Severe,15.7,63.1,295.2,0.18,0.416,0.955,Heavy congestion detected - signal timing extended and reroute suggested
EVT448054,2026-05-28 18:17:06,Sports Fixture,J023,Basavanagudi,36126,Weekday,False,Light Rain,True,5.4,False,False,1.0,Severe,6.8,71.8,569.9,0.157,0.363,0.885,Heavy rain reducing visibility and grip - reduced speed and longer buffer advised
EVT448055,2025-07-31 19:47:55,Sports Fixture,J011,Indiranagar 100ft Road,12763,Weekday,False,Rain,True,19.6,False,False,0.979,Severe,8.1,72.2,829.0,0.266,0.614,0.872,Heavy rain reducing visibility and grip - reduced speed and longer buffer advised
EVT448056,2026-03-14 16:49:49,Concert,J040,City Market,17130,Weekend,False,Clear,False,0.0,False,False,0.634,High,24.4,48.2,176.5,0.129,0.297,0.965,Moderate traffic flow - standard adaptive signal timing in effect
EVT448057,2025-03-04 21:15:10,Local Market Day,J031,Cubbon Road,2963,Weekday,False,Fog,False,0.0,False,False,0.408,Moderate,31.9,29.9,99.9,0.084,0.193,0.968,Moderate traffic flow - standard adaptive signal timing in effect
EVT448058,2025-03-26 16:43:34,Local Market Day,J040,City Market,5659,Weekday,False,Clear,False,0.0,False,False,0.71,High,15.6,52.3,277.2,0.162,0.375,0.949,Moderate traffic flow - standard adaptive signal timing in effect
EVT448059,2025-08-07 19:15:18,Sports Fixture,J012,Koramangala Sony World,10997,Weekday,False,Heavy Rain,True,55.8,False,False,1.0,Severe,9.3,72.6,742.6,0.285,0.658,0.867,Heavy rain reducing visibility and grip - reduced speed and longer buffer advised
EVT448060,2026-03-06 21:49:43,Concert,J012,Koramangala Sony World,6333,Weekday,False,Clear,False,0.0,False,False,0.232,Low,22.5,15.5,167.7,0.099,0.229,0.978,Normal free-flow traffic - standard signal timing maintained
EVT448061,2026-02-18 17:35:37,Trade Fair,J031,Cubbon Road,4502,Weekday,False,Clear,False,0.0,False,False,0.903,Severe,11.4,68.5,471.1,0.227,0.525,0.945,Heavy congestion detected - signal timing extended and reroute suggested
EVT448062,2026-05-19 07:51:51,Trade Fair,J020,Malleshwaram Circle,12673,Weekday,False,Clear,False,0.0,False,False,0.866,Severe,12.3,62.2,594.0,0.267,0.616,0.943,Heavy congestion detected - signal timing extended and reroute suggested
EVT448063,2025-08-12 21:16:47,Political Rally,J023,Basavanagudi,22935,Weekday,False,Heavy Rain,True,40.6,False,False,0.783,Severe,13.6,57.6,516.1,0.238,0.549,0.911,Heavy rain reducing visibility and grip - reduced speed and longer buffer advised
EVT448064,2026-04-20 22:11:05,Sports Fixture,J031,Cubbon Road,16327,Weekday,False,Clear,False,0.0,False,False,0.264,Low,25.5,18.0,236.4,0.153,0.353,0.986,Moderate traffic flow - standard adaptive signal timing in effect
EVT448065,2026-01-03 13:24:23,Local Market Day,J012,Koramangala Sony World,3904,Weekend,False,Clear,False,0.0,False,False,0.286,Low,30.1,23.3,165.9,0.13,0.3,0.966,Moderate traffic flow - standard adaptive signal timing in effect
EVT448066,2025-03-10 10:24:13,Concert,J040,City Market,11222,Weekday,False,Clear,False,0.0,False,False,0.663,High,23.6,42.2,129.7,0.108,0.25,0.99,Moderate traffic flow - standard adaptive signal timing in effect
EVT448067,2025-03-26 16:31:23,Trade Fair,J011,Indiranagar 100ft Road,8142,Weekday,False,Fog,False,0.0,False,False,0.574,High,25.9,35.3,314.2,0.271,0.625,0.969,Moderate traffic flow - standard adaptive signal timing in effect
EVT448068,2025-02-12 06:06:04,Trade Fair,J023,Basavanagudi,5181,Weekday,False,Clear,False,0.0,False,False,0.288,Low,28.6,25.5,277.0,0.235,0.544,0.937,Moderate traffic flow - standard adaptive signal timing in effect
EVT448069,2025-09-19 20:16:19,Political Rally,J031,Cubbon Road,10727,Weekday,False,Heavy Rain,True,27.8,False,False,0.888,Severe,12.7,71.0,227.5,0.11,0.255,0.887,Heavy rain reducing visibility and grip - reduced speed and longer buffer advised
EVT448070,2025-03-15 14:21:09,Religious Festival,J023,Basavanagudi,31714,Weekend,True,Clear,False,0.0,False,True,0.781,High,18.2,77.0,292.7,0.184,0.426,0.865,Road closure for event/procession - full detour recommended for through-traffic
EVT448071,2026-02-27 17:01:15,Concert,J040,City Market,7803,Weekday,False,Clear,False,0.0,False,False,0.729,High,11.5,52.1,444.4,0.177,0.41,0.967,Moderate traffic flow - standard adaptive signal timing in effect
EVT448072,2025-10-15 22:44:27,Trade Fair,J030,MG Road,4426,Weekday,False,Clear,False,0.0,False,False,0.213,Low,30.7,16.0,130.6,0.106,0.246,0.94,Normal free-flow traffic - standard signal timing maintained
EVT448073,2025-01-24 18:48:55,Sports Fixture,J009,Majestic,17243,Weekday,False,Clear,False,0.0,False,False,1.0,Severe,9.8,75.9,580.0,0.227,0.523,0.902,Heavy congestion detected - signal timing extended and reroute suggested
EVT448074,2026-04-14 13:06:41,Religious Festival,J011,Indiranagar 100ft Road,42133,Weekday,True,Clear,False,0.0,False,True,0.835,High,18.2,81.9,266.5,0.186,0.429,0.881,Road closure for event/procession - full detour recommended for through-traffic
EVT448075,2026-01-24 14:28:36,Concert,J023,Basavanagudi,14183,Weekend,False,Clear,False,0.0,False,False,0.314,Low,33.9,26.9,183.1,0.144,0.332,0.94,Moderate traffic flow - standard adaptive signal timing in effect
EVT448076,2026-02-28 15:40:32,Concert,J031,Cubbon Road,9356,Weekend,False,Clear,False,0.0,False,False,0.358,Moderate,32.0,21.6,114.0,0.082,0.19,0.955,Moderate traffic flow - standard adaptive signal timing in effect
EVT448077,2026-06-26 07:14:21,Sports Fixture,J031,Cubbon Road,23957,Weekday,False,Clear,False,0.0,False,False,0.668,High,13.1,50.3,414.5,0.175,0.405,0.974,Moderate traffic flow - standard adaptive signal timing in effect
EVT448078,2025-03-27 10:55:54,Trade Fair,J030,MG Road,12820,Weekday,False,Light Rain,True,0.4,False,False,0.599,High,20.4,44.5,197.5,0.11,0.254,0.902,Heavy rain reducing visibility and grip - reduced speed and longer buffer advised
EVT448079,2025-08-21 20:30:31,Concert,J012,Koramangala Sony World,17986,Weekday,False,Clear,False,0.0,False,False,0.594,High,23.5,43.7,326.3,0.228,0.526,0.965,Moderate traffic flow - standard adaptive signal timing in effect
EVT448080,2025-12-29 18:57:07,Trade Fair,J020,Malleshwaram Circle,9492,Weekday,False,Clear,False,0.0,False,False,0.96,Severe,10.0,66.8,552.5,0.213,0.492,0.943,Heavy congestion detected - signal timing extended and reroute suggested
EVT448081,2025-03-15 21:11:44,Cultural Procession,J040,City Market,24956,Weekend,True,Clear,False,0.0,False,True,0.949,Severe,8.7,92.5,577.9,0.198,0.458,0.842,Road closure for event/procession - full detour recommended for through-traffic
EVT448082,2026-02-06 13:14:02,Concert,J023,Basavanagudi,10183,Weekday,False,Clear,False,0.0,False,False,0.299,Low,31.3,17.8,101.7,0.081,0.186,0.945,Moderate traffic flow - standard adaptive signal timing in effect
EVT448083,2025-11-02 08:42:17,Cultural Procession,J030,MG Road,19023,Weekend,True,Clear,False,0.0,False,True,1.0,Severe,8.2,103.7,819.6,0.26,0.601,0.835,Road closure for event/procession - full detour recommended for through-traffic
EVT448084,2025-03-13 05:50:59,Local Market Day,J011,Indiranagar 100ft Road,3896,Weekday,False,Clear,False,0.0,False,False,0.274,Low,36.8,22.2,91.4,0.073,0.169,0.951,Moderate traffic flow - standard adaptive signal timing in effect
EVT448085,2025-12-09 22:21:45,Local Market Day,J040,City Market,4777,Weekday,False,Clear,False,0.0,False,False,0.222,Low,30.7,14.9,138.7,0.098,0.227,0.978,Normal free-flow traffic - standard signal timing maintained
EVT448086,2026-05-23 08:51:32,Local Market Day,J040,City Market,2307,Weekend,False,Clear,False,0.0,False,False,0.957,Severe,11.3,68.6,350.2,0.148,0.343,0.921,Heavy congestion detected - signal timing extended and reroute suggested
EVT448087,2025-09-04 10:50:52,Trade Fair,J030,MG Road,11817,Weekday,False,Clear,False,0.0,False,False,0.527,Moderate,18.7,36.8,220.2,0.12,0.277,0.969,Moderate traffic flow - standard adaptive signal timing in effect
EVT448088,2025-06-30 02:48:18,Local Market Day,J011,Indiranagar 100ft Road,4942,Weekday,False,Rain,True,13.0,False,False,0.409,Moderate,26.8,24.8,95.9,0.081,0.187,0.872,Light rain detected - minor speed reduction advised
EVT448089,2025-04-14 15:50:18,Cultural Procession,J011,Indiranagar 100ft Road,16391,Weekday,True,Clear,False,0.0,False,True,0.81,High,9.9,91.0,726.8,0.278,0.641,0.899,Road closure for event/procession - full detour recommended for through-traffic
EVT448090,2025-12-03 12:35:23,Sports Fixture,J023,Basavanagudi,36729,Weekday,False,Clear,False,0.0,False,False,0.372,Moderate,30.8,30.8,103.1,0.082,0.19,0.937,Moderate traffic flow - standard adaptive signal timing in effect
EVT448091,2025-08-11 14:43:40,Local Market Day,J011,Indiranagar 100ft Road,4475,Weekday,False,Clear,False,0.0,False,False,0.253,Low,29.8,20.5,121.2,0.083,0.191,0.951,Moderate traffic flow - standard adaptive signal timing in effect
EVT448092,2025-09-06 12:59:08,Fireworks Display,J020,Malleshwaram Circle,23844,Weekend,True,Rain,True,12.5,False,False,0.76,Severe,19.9,56.0,324.3,0.231,0.533,0.893,Festival crowd surge detected - alternate route and extended cycle recommended
EVT448093,2025-04-16 19:57:10,Sports Fixture,J020,Malleshwaram Circle,24729,Weekday,False,Clear,False,0.0,False,False,0.921,Severe,9.5,67.0,415.4,0.159,0.368,0.92,Heavy congestion detected - signal timing extended and reroute suggested
EVT448094,2025-07-14 20:17:29,Trade Fair,J031,Cubbon Road,9304,Weekday,False,Light Rain,True,6.8,False,False,0.729,High,19.7,51.5,220.1,0.136,0.314,0.871,Heavy rain reducing visibility and grip - reduced speed and longer buffer advised
EVT448095,2025-11-17 18:57:39,Sports Fixture,J030,MG Road,23399,Weekday,False,Clear,False,0.0,False,False,1.0,Severe,7.7,74.0,270.7,0.077,0.179,0.939,Heavy congestion detected - signal timing extended and reroute suggested
EVT448096,2025-08-23 16:53:23,Local Market Day,J012,Koramangala Sony World,4247,Weekend,False,Clear,False,0.0,False,False,0.54,Moderate,23.2,36.6,222.4,0.16,0.369,0.976,Moderate traffic flow - standard adaptive signal timing in effect
EVT448097,2025-02-07 10:11:45,Trade Fair,J011,Indiranagar 100ft Road,12007,Weekday,False,Clear,False,0.0,False,False,0.828,Severe,14.2,57.0,371.9,0.21,0.485,0.945,Heavy congestion detected - signal timing extended and reroute suggested
EVT448098,2025-06-14 08:10:52,Concert,J009,Majestic,15092,Weekend,False,Rain,True,11.4,False,False,0.943,Severe,10.6,67.1,378.3,0.167,0.385,0.86,Heavy rain reducing visibility and grip - reduced speed and longer buffer advised
EVT448099,2025-02-09 12:38:28,Trade Fair,J011,Indiranagar 100ft Road,4973,Weekend,False,Clear,False,0.0,False,False,0.28,Low,28.4,23.5,100.8,0.081,0.186,0.965,Moderate traffic flow - standard adaptive signal timing in effect
EVT448100,2025-03-30 05:44:10,Cultural Procession,J023,Basavanagudi,20937,Weekend,True,Clear,False,0.0,False,True,0.834,High,10.7,82.6,463.6,0.153,0.353,0.875,Road closure for event/procession - full detour recommended for through-traffic
EVT448101,2025-08-12 21:28:53,Local Market Day,J012,Koramangala Sony World,2247,Weekday,False,Rain,True,18.7,False,False,0.446,Moderate,29.4,31.1,184.2,0.144,0.332,0.943,Light rain detected - minor speed reduction advised
EVT448102,2025-01-20 06:52:15,Local Market Day,J011,Indiranagar 100ft Road,3515,Weekday,False,Clear,False,0.0,False,False,0.405,Moderate,32.7,31.6,157.9,0.133,0.308,0.971,Moderate traffic flow - standard adaptive signal timing in effect
EVT448103,2025-03-11 09:42:41,Local Market Day,J031,Cubbon Road,3176,Weekday,False,Clear,False,0.0,False,False,0.986,Severe,10.1,69.1,198.3,0.101,0.233,0.917,Heavy congestion detected - signal timing extended and reroute suggested
EVT448104,2025-07-24 06:12:19,Concert,J023,Basavanagudi,10408,Weekday,False,Clear,False,0.0,False,False,0.29,Low,27.5,18.4,158.5,0.103,0.239,0.957,Moderate traffic flow - standard adaptive signal timing in effect
EVT448105,2025-09-08 12:56:12,Trade Fair,J009,Majestic,11565,Weekday,False,Clear,False,0.0,False,False,0.218,Low,30.6,13.7,131.9,0.115,0.265,0.978,Normal free-flow traffic - standard signal timing maintained
EVT448106,2025-03-17 04:21:32,Sports Fixture,J020,Malleshwaram Circle,10095,Weekday,False,Clear,False,0.0,False,False,0.207,Low,33.4,10.0,134.9,0.125,0.289,0.977,Normal free-flow traffic - standard signal timing maintained
EVT448107,2025-10-16 10:46:29,Political Rally,J012,Koramangala Sony World,22278,Weekday,False,Clear,False,0.0,False,False,0.564,High,24.4,39.3,202.4,0.172,0.398,0.977,Moderate traffic flow - standard adaptive signal timing in effect
EVT448108,2025-07-06 23:26:44,Trade Fair,J012,Koramangala Sony World,9192,Weekend,False,Clear,False,0.0,False,False,0.324,Low,32.5,18.1,171.9,0.153,0.353,0.932,Moderate traffic flow - standard adaptive signal timing in effect
EVT448109,2025-02-24 20:40:36,Trade Fair,J011,Indiranagar 100ft Road,10342,Weekday,False,Clear,False,0.0,False,False,0.544,Moderate,23.6,44.0,164.4,0.109,0.252,0.96,Moderate traffic flow - standard adaptive signal timing in effect
EVT448110,2026-05-26 07:01:24,Sports Fixture,J011,Indiranagar 100ft Road,16987,Weekday,False,Clear,False,0.0,False,False,0.585,High,24.3,40.1,219.0,0.167,0.387,0.976,Moderate traffic flow - standard adaptive signal timing in effect
EVT448111,2025-07-18 05:10:38,Trade Fair,J012,Koramangala Sony World,9198,Weekday,False,Clear,False,0.0,False,False,0.236,Low,32.1,22.7,97.8,0.088,0.202,0.978,Normal free-flow traffic - standard signal timing maintained
EVT448112,2025-10-08 10:51:27,Local Market Day,J011,Indiranagar 100ft Road,5689,Weekday,False,Rain,True,18.3,False,False,0.707,High,18.8,51.7,290.3,0.179,0.415,0.941,Heavy rain reducing visibility and grip - reduced speed and longer buffer advised
EVT448113,2026-04-15 17:55:00,Fireworks Display,J030,MG Road,21147,Weekday,True,Rain,True,11.5,False,False,1.0,Severe,8.9,71.6,652.3,0.217,0.501,0.8,Festival crowd surge detected - alternate route and extended cycle recommended
EVT448114,2025-01-07 17:34:11,Political Rally,J023,Basavanagudi,31158,Weekday,False,Clear,False,0.0,False,False,1.0,Severe,8.3,70.1,455.0,0.155,0.358,0.918,Heavy congestion detected - signal timing extended and reroute suggested
EVT448115,2025-05-16 04:57:50,Sports Fixture,J020,Malleshwaram Circle,21098,Weekday,False,Clear,False,0.0,False,False,0.258,Low,27.7,16.1,169.8,0.125,0.288,0.943,Moderate traffic flow - standard adaptive signal timing in effect
EVT448116,2026-05-01 07:36:42,Cultural Procession,J009,Majestic,16707,Weekday,True,Rain,True,21.2,False,True,1.0,Severe,8.8,92.3,584.8,0.224,0.517,0.777,Road closure for event/procession - full detour recommended for through-traffic
EVT448117,2026-02-15 22:06:25,Local Market Day,J012,Koramangala Sony World,6665,Weekend,False,Clear,False,0.0,False,False,0.363,Moderate,26.9,24.0,165.1,0.127,0.293,0.95,Moderate traffic flow - standard adaptive signal timing in effect
EVT448118,2026-03-13 19:04:52,Concert,J040,City Market,5015,Weekday,False,Clear,False,0.0,False,False,0.88,Severe,11.7,68.0,218.7,0.102,0.235,0.939,Heavy congestion detected - signal timing extended and reroute suggested
EVT448119,2026-04-23 17:29:02,Trade Fair,J011,Indiranagar 100ft Road,12971,Weekday,False,Clear,False,0.0,False,False,0.923,Severe,11.6,63.0,369.5,0.166,0.383,0.937,Heavy congestion detected - signal timing extended and reroute suggested
EVT448120,2025-03-18 11:37:01,Local Market Day,J011,Indiranagar 100ft Road,4425,Weekday,False,Clear,False,0.0,False,False,0.273,Low,34.0,14.4,146.4,0.127,0.293,0.967,Moderate traffic flow - standard adaptive signal timing in effect
EVT448121,2025-05-07 17:55:22,Concert,J023,Basavanagudi,18203,Weekday,False,Clear,False,0.0,False,False,1.0,Severe,8.4,71.3,546.2,0.2,0.461,0.928,Heavy congestion detected - signal timing extended and reroute suggested
EVT448122,2026-03-12 18:28:09,Political Rally,J009,Majestic,16492,Weekday,False,Clear,False,0.0,False,False,1.0,Severe,8.5,73.7,605.6,0.234,0.542,0.907,Heavy congestion detected - signal timing extended and reroute suggested
EVT448123,2025-12-07 12:48:38,Local Market Day,J009,Majestic,3600,Weekend,False,Clear,False,0.0,False,False,0.195,Low,31.6,18.8,101.7,0.085,0.196,0.973,Normal free-flow traffic - standard signal timing maintained
EVT448124,2025-01-19 18:09:00,Trade Fair,J009,Majestic,8363,Weekend,False,Clear,False,0.0,False,False,0.849,Severe,12.0,53.9,353.8,0.149,0.345,0.945,Heavy congestion detected - signal timing extended and reroute suggested
EVT448125,2026-03-01 10:15:06,Concert,J011,Indiranagar 100ft Road,10149,Weekend,False,Light Rain,True,6.7,False,False,0.83,Severe,15.1,53.6,411.9,0.222,0.512,0.904,Heavy rain reducing visibility and grip - reduced speed and longer buffer advised
EVT448126,2025-09-22 20:27:14,Local Market Day,J023,Basavanagudi,9231,Weekday,False,Heavy Rain,True,29.3,False,False,0.88,Severe,14.2,57.4,489.5,0.268,0.618,0.891,Heavy rain reducing visibility and grip - reduced speed and longer buffer advised
EVT448127,2025-02-01 05:56:56,Local Market Day,J011,Indiranagar 100ft Road,2971,Weekend,False,Clear,False,0.0,False,False,0.314,Low,28.1,20.8,229.1,0.173,0.4,0.952,Moderate traffic flow - standard adaptive signal timing in effect
EVT448128,2025-11-06 14:20:02,Concert,J009,Majestic,7991,Weekday,False,Clear,False,0.0,False,False,0.211,Low,32.3,11.9,164.1,0.164,0.378,0.99,Normal free-flow traffic - standard signal timing maintained
EVT448129,2026-03-04 09:02:56,Cultural Procession,J020,Malleshwaram Circle,15115,Weekday,True,Clear,False,0.0,False,True,1.0,Severe,8.4,103.5,691.1,0.229,0.529,0.852,Road closure for event/procession - full detour recommended for through-traffic
EVT448130,2025-02-20 05:35:59,Local Market Day,J011,Indiranagar 100ft Road,3692,Weekday,False,Clear,False,0.0,False,False,0.145,Low,31.0,13.3,135.7,0.121,0.281,0.963,Normal free-flow traffic - standard signal timing maintained
EVT448131,2025-01-27 21:14:16,Cultural Procession,J023,Basavanagudi,12106,Weekday,True,Clear,False,0.0,False,True,0.763,High,14.1,73.7,321.5,0.151,0.35,0.882,Road closure for event/procession - full detour recommended for through-traffic
EVT448132,2025-06-13 07:07:34,Trade Fair,J023,Basavanagudi,4698,Weekday,False,Clear,False,0.0,False,False,0.441,Moderate,27.5,33.1,165.1,0.145,0.336,0.947,Moderate traffic flow - standard adaptive signal timing in effect
EVT448133,2025-11-25 17:29:09,Local Market Day,J012,Koramangala Sony World,5327,Weekday,False,Fog,False,0.0,False,False,0.862,Severe,12.5,64.2,371.0,0.17,0.393,0.968,Heavy congestion detected - signal timing extended and reroute suggested
EVT448134,2026-04-01 11:39:50,Sports Fixture,J030,MG Road,19072,Weekday,False,Clear,False,0.0,False,False,0.422,Moderate,30.4,26.9,108.9,0.08,0.185,0.954,Moderate traffic flow - standard adaptive signal timing in effect
EVT448135,2025-03-03 13:25:18,Local Market Day,J020,Malleshwaram Circle,3122,Weekday,False,Clear,False,0.0,False,False,0.129,Low,40.9,17.3,81.3,0.071,0.165,0.949,Normal free-flow traffic - standard signal timing maintained
EVT448136,2025-11-03 19:55:18,Local Market Day,J023,Basavanagudi,5036,Weekday,False,Clear,False,0.0,False,False,0.789,Severe,17.5,56.5,241.0,0.154,0.355,0.968,Heavy congestion detected - signal timing extended and reroute suggested
EVT448137,2025-01-10 18:58:56,Trade Fair,J020,Malleshwaram Circle,9054,Weekday,False,Clear,False,0.0,False,False,1.0,Severe,8.7,73.4,891.3,0.308,0.712,0.916,Heavy congestion detected - signal timing extended and reroute suggested
EVT448138,2025-10-21 13:02:42,Cultural Procession,J031,Cubbon Road,16293,Weekday,True,Clear,False,0.0,False,True,0.653,Moderate,16.2,68.1,319.5,0.161,0.372,0.88,Road closure for event/procession - full detour recommended for through-traffic
EVT448139,2025-05-25 09:53:20,Political Rally,J020,Malleshwaram Circle,18355,Weekend,False,Clear,False,0.0,False,False,0.789,Severe,13.8,61.1,325.3,0.165,0.38,0.964,Heavy congestion detected - signal timing extended and reroute suggested
EVT448140,2025-02-22 09:12:20,Local Market Day,J023,Basavanagudi,5023,Weekend,False,Clear,False,0.0,False,False,0.935,Severe,12.0,63.2,280.9,0.117,0.27,0.932,Heavy congestion detected - signal timing extended and reroute suggested
EVT448141,2026-04-28 19:49:52,Trade Fair,J030,MG Road,5681,Weekday,False,Clear,False,0.0,False,False,0.729,High,15.7,57.7,391.1,0.224,0.518,0.973,Moderate traffic flow - standard adaptive signal timing in effect
EVT448142,2026-02-13 20:34:48,Trade Fair,J011,Indiranagar 100ft Road,5988,Weekday,False,Clear,False,0.0,False,False,0.591,High,28.2,43.4,82.8,0.063,0.145,0.943,Moderate traffic flow - standard adaptive signal timing in effect
EVT448143,2026-06-03 08:03:47,Local Market Day,J040,City Market,2036,Weekday,False,Clear,False,0.0,False,False,0.828,Severe,14.0,59.2,302.6,0.151,0.349,0.968,Heavy congestion detected - signal timing extended and reroute suggested
EVT448144,2025-09-17 13:57:44,Political Rally,J020,Malleshwaram Circle,10513,Weekday,False,Rain,True,24.1,False,False,0.483,Moderate,24.7,33.1,322.1,0.242,0.559,0.92,Light rain detected - minor speed reduction advised
EVT448145,2026-05-17 11:25:57,Sports Fixture,J040,City Market,19706,Weekend,False,Clear,False,0.0,False,False,0.46,Moderate,28.6,36.1,85.3,0.065,0.149,0.975,Moderate traffic flow - standard adaptive signal timing in effect
EVT448146,2025-06-01 16:43:44,Trade Fair,J012,Koramangala Sony World,5438,Weekend,False,Heavy Rain,True,78.1,False,False,1.0,Severe,7.7,75.4,396.9,0.15,0.347,0.854,Heavy rain reducing visibility and grip - reduced speed and longer buffer advised
EVT448147,2026-05-24 20:05:08,Concert,J020,Malleshwaram Circle,10767,Weekend,False,Clear,False,0.0,False,False,0.61,High,24.9,42.1,308.5,0.233,0.538,0.99,Moderate traffic flow - standard adaptive signal timing in effect
EVT448148,2025-11-12 20:52:01,Trade Fair,J031,Cubbon Road,13966,Weekday,False,Clear,False,0.0,False,False,0.606,High,20.9,42.7,138.5,0.093,0.214,0.93,Moderate traffic flow - standard adaptive signal timing in effect
EVT448149,2026-01-12 08:31:34,Local Market Day,J009,Majestic,2393,Weekday,False,Clear,False,0.0,False,False,0.955,Severe,11.6,70.9,640.2,0.295,0.682,0.907,Heavy congestion detected - signal timing extended and reroute suggested
EVT448150,2026-05-31 18:47:34,Sports Fixture,J023,Basavanagudi,21219,Weekend,False,Clear,False,0.0,False,False,0.956,Severe,11.5,63.9,448.2,0.18,0.416,0.928,Heavy congestion detected - signal timing extended and reroute suggested
EVT448151,2025-08-26 17:33:13,Concert,J009,Majestic,24567,Weekday,False,Clear,False,0.0,False,False,0.979,Severe,10.3,68.4,541.8,0.222,0.513,0.904,Heavy congestion detected - signal timing extended and reroute suggested
EVT448152,2025-03-17 09:26:04,Trade Fair,J031,Cubbon Road,5695,Weekday,False,Clear,False,0.0,False,False,0.978,Severe,6.6,72.8,736.4,0.204,0.472,0.917,Heavy congestion detected - signal timing extended and reroute suggested
EVT448153,2025-06-10 11:28:38,Local Market Day,J030,MG Road,6341,Weekday,False,Clear,False,0.0,False,False,0.311,Low,32.7,25.1,180.5,0.166,0.383,0.948,Moderate traffic flow - standard adaptive signal timing in effect
EVT448154,2025-09-23 15:20:58,Sports Fixture,J030,MG Road,29477,Weekday,False,Rain,True,10.0,False,False,0.54,Moderate,17.7,46.2,304.1,0.161,0.372,0.912,Light rain detected - minor speed reduction advised
EVT448155,2025-02-20 08:31:50,Sports Fixture,J030,MG Road,21861,Weekday,False,Clear,False,0.0,False,False,1.0,Severe,9.2,68.7,512.7,0.182,0.42,0.92,Heavy congestion detected - signal timing extended and reroute suggested
EVT448156,2026-06-29 17:34:41,Concert,J023,Basavanagudi,11422,Weekday,False,Clear,False,0.0,False,False,0.943,Severe,10.5,68.5,607.4,0.256,0.59,0.932,Heavy congestion detected - signal timing extended and reroute suggested
EVT448157,2025-01-29 08:02:30,Concert,J012,Koramangala Sony World,11573,Weekday,False,Clear,False,0.0,False,False,0.909,Severe,11.3,69.1,363.2,0.158,0.366,0.937,Heavy congestion detected - signal timing extended and reroute suggested
EVT448158,2026-03-15 18:11:59,Concert,J011,Indiranagar 100ft Road,11312,Weekend,False,Clear,False,0.0,False,False,0.914,Severe,11.2,65.8,350.3,0.165,0.382,0.942,Heavy congestion detected - signal timing extended and reroute suggested
EVT448159,2026-03-25 20:48:39,Local Market Day,J030,MG Road,4550,Weekday,False,Clear,False,0.0,False,False,0.427,Moderate,32.1,27.5,241.7,0.218,0.503,0.945,Moderate traffic flow - standard adaptive signal timing in effect
EVT448160,2026-03-11 07:59:49,Trade Fair,J020,Malleshwaram Circle,11174,Weekday,False,Clear,False,0.0,False,False,0.912,Severe,11.1,64.3,274.2,0.119,0.276,0.946,Heavy congestion detected - signal timing extended and reroute suggested
EVT448161,2026-04-16 16:46:56,Local Market Day,J031,Cubbon Road,1985,Weekday,False,Clear,False,0.0,False,False,0.636,High,20.7,49.4,172.4,0.103,0.238,0.928,Moderate traffic flow - standard adaptive signal timing in effect
EVT448162,2025-04-07 08:10:08,Cultural Procession,J031,Cubbon Road,20291,Weekday,True,Rain,True,14.0,False,True,1.0,Severe,8.2,100.3,519.8,0.198,0.457,0.747,Road closure for event/procession - full detour recommended for through-traffic
EVT448163,2026-05-20 07:00:02,Political Rally,J040,City Market,28058,Weekday,False,Clear,False,0.0,False,False,0.547,Moderate,19.7,38.5,226.0,0.136,0.315,0.949,Moderate traffic flow - standard adaptive signal timing in effect
EVT448164,2026-03-24 19:23:17,Concert,J020,Malleshwaram Circle,12634,Weekday,False,Clear,False,0.0,False,False,0.983,Severe,10.1,72.6,286.3,0.119,0.275,0.909,Heavy congestion detected - signal timing extended and reroute suggested
EVT448165,2026-04-16 09:28:02,Local Market Day,J031,Cubbon Road,3442,Weekday,False,Clear,False,0.0,False,False,0.974,Severe,6.8,63.5,327.8,0.08,0.185,0.908,Heavy congestion detected - signal timing extended and reroute suggested
EVT448166,2025-06-24 11:17:29,Local Market Day,J020,Malleshwaram Circle,3742,Weekday,False,Rain,True,18.9,False,False,0.555,High,24.4,40.8,282.7,0.204,0.471,0.917,Heavy rain reducing visibility and grip - reduced speed and longer buffer advised
EVT448167,2026-06-24 09:55:37,Local Market Day,J020,Malleshwaram Circle,3760,Weekday,False,Clear,False,0.0,False,False,0.799,Severe,16.1,58.8,251.6,0.154,0.355,0.97,Heavy congestion detected - signal timing extended and reroute suggested
EVT448168,2025-04-10 17:07:31,Trade Fair,J011,Indiranagar 100ft Road,4280,Weekday,False,Clear,False,0.0,False,False,0.765,Severe,19.7,52.9,269.1,0.192,0.443,0.99,Heavy congestion detected - signal timing extended and reroute suggested
EVT448169,2025-10-01 03:35:49,Sports Fixture,J020,Malleshwaram Circle,16782,Weekday,False,Rain,True,11.0,False,False,0.406,Moderate,33.0,30.6,154.9,0.127,0.294,0.894,Light rain detected - minor speed reduction advised
EVT448170,2026-03-09 21:40:21,Concert,J030,MG Road,8436,Weekday,False,Clear,False,0.0,False,False,0.427,Moderate,32.4,27.8,95.1,0.087,0.2,0.99,Moderate traffic flow - standard adaptive signal timing in effect
EVT448171,2025-04-28 09:11:15,Local Market Day,J012,Koramangala Sony World,4440,Weekday,False,Clear,False,0.0,False,False,0.938,Severe,10.4,68.1,413.1,0.178,0.411,0.919,Heavy congestion detected - signal timing extended and reroute suggested
EVT448172,2025-12-26 21:19:22,Fireworks Display,J023,Basavanagudi,14946,Weekday,True,Clear,False,0.0,False,False,0.625,High,23.6,45.0,260.0,0.194,0.449,0.904,Festival crowd surge detected - alternate route and extended cycle recommended
EVT448173,2026-06-08 20:33:06,Local Market Day,J040,City Market,5129,Weekday,False,Clear,False,0.0,False,False,0.538,Moderate,31.6,39.2,212.2,0.19,0.439,0.962,Moderate traffic flow - standard adaptive signal timing in effect
EVT448174,2025-06-07 11:56:32,Concert,J030,MG Road,16489,Weekend,False,Clear,False,0.0,False,False,0.415,Moderate,24.5,29.7,164.9,0.128,0.297,0.98,Moderate traffic flow - standard adaptive signal timing in effect
EVT448175,2025-04-13 08:22:25,Concert,J009,Majestic,14127,Weekend,False,Clear,False,0.0,False,False,0.935,Severe,11.9,67.0,471.7,0.239,0.553,0.931,Heavy congestion detected - signal timing extended and reroute suggested
EVT448176,2025-02-26 13:52:01,Local Market Day,J023,Basavanagudi,4322,Weekday,False,Clear,False,0.0,False,False,0.176,Low,40.6,9.5,123.4,0.101,0.233,0.98,Normal free-flow traffic - standard signal timing maintained
EVT448177,2025-03-30 19:19:55,Religious Festival,J030,MG Road,47036,Weekend,True,Clear,False,0.0,False,True,1.0,Severe,9.5,93.0,606.1,0.21,0.485,0.836,Road closure for event/procession - full detour recommended for through-traffic
EVT448178,2025-07-13 17:52:30,Sports Fixture,J020,Malleshwaram Circle,25092,Weekend,False,Light Rain,True,4.6,False,False,1.0,Severe,7.9,72.8,419.3,0.158,0.366,0.882,Heavy rain reducing visibility and grip - reduced speed and longer buffer advised
EVT448179,2026-05-07 15:58:56,Concert,J011,Indiranagar 100ft Road,10859,Weekday,False,Clear,False,0.0,False,False,0.522,Moderate,25.6,33.5,212.4,0.171,0.394,0.953,Moderate traffic flow - standard adaptive signal timing in effect
EVT448180,2025-07-10 13:30:31,Local Market Day,J012,Koramangala Sony World,3663,Weekday,False,Rain,True,15.7,False,False,0.442,Moderate,27.3,28.6,168.2,0.131,0.303,0.9,Light rain detected - minor speed reduction advised
EVT448181,2025-03-12 13:15:43,Sports Fixture,J020,Malleshwaram Circle,32283,Weekday,False,Clear,False,0.0,False,False,0.31,Low,33.8,24.8,167.8,0.161,0.372,0.959,Moderate traffic flow - standard adaptive signal timing in effect
EVT448182,2025-08-20 18:30:51,Concert,J031,Cubbon Road,17088,Weekday,False,Heavy Rain,True,30.4,False,False,1.0,Severe,7.6,75.9,450.3,0.171,0.395,0.868,Heavy rain reducing visibility and grip - reduced speed and longer buffer advised
EVT448183,2025-06-24 15:01:17,Trade Fair,J040,City Market,9766,Weekday,False,Clear,False,0.0,False,False,0.258,Low,32.9,19.4,104.9,0.093,0.216,0.976,Moderate traffic flow - standard adaptive signal timing in effect
EVT448184,2025-05-15 14:31:30,Sports Fixture,J009,Majestic,26770,Weekday,False,Clear,False,0.0,False,False,0.336,Low,30.7,20.2,100.6,0.069,0.159,0.974,Moderate traffic flow - standard adaptive signal timing in effect
EVT448185,2025-12-22 19:13:13,Political Rally,J011,Indiranagar 100ft Road,19226,Weekday,False,Clear,False,0.0,False,False,1.0,Severe,7.7,68.3,603.8,0.192,0.444,0.9,Heavy congestion detected - signal timing extended and reroute suggested
EVT448186,2025-06-21 14:37:36,Sports Fixture,J009,Majestic,26151,Weekend,False,Clear,False,0.0,False,False,0.372,Moderate,31.4,23.9,104.3,0.07,0.161,0.963,Moderate traffic flow - standard adaptive signal timing in effect
EVT448187,2025-02-04 16:03:02,Sports Fixture,J030,MG Road,39576,Weekday,False,Clear,False,0.0,False,False,0.65,High,19.1,42.1,184.7,0.108,0.248,0.974,Moderate traffic flow - standard adaptive signal timing in effect
EVT448188,2026-04-11 20:50:28,Sports Fixture,J030,MG Road,11987,Weekend,False,Clear,False,0.0,False,False,0.463,Moderate,24.6,32.6,126.4,0.073,0.168,0.971,Moderate traffic flow - standard adaptive signal timing in effect
EVT448189,2025-04-07 17:14:03,Religious Festival,J040,City Market,34605,Weekday,True,Clear,False,0.0,False,False,1.0,Severe,10.0,71.7,173.3,0.081,0.186,0.869,Festival crowd surge detected - alternate route and extended cycle recommended
EVT448190,2026-04-08 20:34:34,Local Market Day,J040,City Market,2686,Weekday,False,Clear,False,0.0,False,False,0.542,Moderate,19.0,38.4,367.0,0.216,0.499,0.96,Moderate traffic flow - standard adaptive signal timing in effect
EVT448191,2025-03-05 08:01:59,Local Market Day,J023,Basavanagudi,5659,Weekday,False,Clear,False,0.0,False,False,0.788,Severe,16.0,56.3,171.2,0.101,0.233,0.94,Heavy congestion detected - signal timing extended and reroute suggested
EVT448192,2026-02-25 07:59:07,Concert,J011,Indiranagar 100ft Road,16041,Weekday,False,Clear,False,0.0,False,False,0.867,Severe,11.6,67.6,430.8,0.204,0.47,0.945,Heavy congestion detected - signal timing extended and reroute suggested
EVT448193,2025-04-29 11:56:23,Local Market Day,J031,Cubbon Road,5470,Weekday,False,Clear,False,0.0,False,False,0.235,Low,32.5,22.0,103.5,0.099,0.229,0.988,Normal free-flow traffic - standard signal timing maintained
EVT448194,2025-06-18 18:14:11,Sports Fixture,J023,Basavanagudi,31521,Weekday,False,Clear,False,0.0,False,False,1.0,Severe,8.6,66.1,362.5,0.131,0.302,0.874,Heavy congestion detected - signal timing extended and reroute suggested
EVT448195,2026-04-28 19:59:05,Sports Fixture,J009,Majestic,13546,Weekday,False,Light Rain,True,6.3,False,False,0.875,Severe,11.4,61.7,311.8,0.154,0.355,0.91,Heavy rain reducing visibility and grip - reduced speed and longer buffer advised
EVT448196,2025-10-04 10:31:41,Political Rally,J031,Cubbon Road,12274,Weekend,False,Fog,False,0.0,False,False,0.684,High,19.3,51.5,184.1,0.114,0.264,0.95,Moderate traffic flow - standard adaptive signal timing in effect
EVT448197,2026-02-07 12:11:46,Local Market Day,J011,Indiranagar 100ft Road,4011,Weekend,False,Clear,False,0.0,False,False,0.259,Low,32.1,21.7,100.1,0.09,0.209,0.961,Moderate traffic flow - standard adaptive signal timing in effect
EVT448198,2026-01-30 20:52:39,Local Market Day,J031,Cubbon Road,2995,Weekday,False,Clear,False,0.0,False,False,0.483,Moderate,22.5,39.3,235.7,0.14,0.324,0.966,Moderate traffic flow - standard adaptive signal timing in effect
EVT448199,2025-01-14 08:52:04,Religious Festival,J040,City Market,35096,Weekday,True,Clear,False,0.0,False,True,1.0,Severe,8.7,107.0,638.2,0.235,0.543,0.85,Road closure for event/procession - full detour recommended for through-traffic
EVT448200,2025-05-17 22:54:29,Political Rally,J011,Indiranagar 100ft Road,12499,Weekend,False,Clear,False,0.0,False,False,0.312,Low,32.3,25.9,94.8,0.077,0.177,0.953,Moderate traffic flow - standard adaptive signal timing in effect
EVT448201,2026-06-03 15:23:31,Sports Fixture,J020,Malleshwaram Circle,23367,Weekday,False,Clear,False,0.0,False,False,0.37,Moderate,26.8,22.8,185.7,0.143,0.331,0.942,Moderate traffic flow - standard adaptive signal timing in effect
EVT448202,2026-02-12 06:45:07,Sports Fixture,J012,Koramangala Sony World,12238,Weekday,False,Clear,False,0.0,False,False,0.405,Moderate,24.4,24.1,295.2,0.198,0.458,0.965,Moderate traffic flow - standard adaptive signal timing in effect
EVT448203,2026-04-04 16:12:07,Concert,J012,Koramangala Sony World,13313,Weekend,False,Fog,False,0.0,False,False,0.528,Moderate,24.4,39.8,205.8,0.16,0.371,0.977,Moderate traffic flow - standard adaptive signal timing in effect
EVT448204,2025-02-03 12:51:31,Sports Fixture,J040,City Market,18995,Weekday,False,Clear,False,0.0,False,False,0.318,Low,25.5,23.1,167.6,0.138,0.32,0.949,Moderate traffic flow - standard adaptive signal timing in effect
EVT448205,2026-04-17 16:11:09,Local Market Day,J012,Koramangala Sony World,5278,Weekday,False,Clear,False,0.0,False,False,0.433,Moderate,28.0,30.3,222.2,0.158,0.364,0.971,Moderate traffic flow - standard adaptive signal timing in effect
EVT448206,2025-06-04 07:49:09,Sports Fixture,J012,Koramangala Sony World,15136,Weekday,False,Heavy Rain,True,28.8,False,False,1.0,Severe,8.2,63.0,673.3,0.221,0.511,0.869,Heavy rain reducing visibility and grip - reduced speed and longer buffer advised
EVT448207,2026-02-21 18:18:10,Concert,J023,Basavanagudi,9635,Weekend,False,Clear,False,0.0,False,False,0.909,Severe,9.9,60.0,580.6,0.223,0.515,0.957,Heavy congestion detected - signal timing extended and reroute suggested
EVT448208,2025-01-24 13:22:10,Trade Fair,J040,City Market,11962,Weekday,False,Clear,False,0.0,False,False,0.295,Low,35.8,16.9,147.9,0.15,0.347,0.986,Moderate traffic flow - standard adaptive signal timing in effect
EVT448209,2025-04-01 08:44:59,Sports Fixture,J023,Basavanagudi,23243,Weekday,False,Clear,False,0.0,False,False,1.0,Severe,7.6,75.7,695.2,0.223,0.515,0.898,Heavy congestion detected - signal timing extended and reroute suggested
EVT448210,2025-03-09 21:23:48,Local Market Day,J009,Majestic,3529,Weekend,False,Clear,False,0.0,False,False,0.433,Moderate,24.1,30.2,237.9,0.153,0.352,0.947,Moderate traffic flow - standard adaptive signal timing in effect
EVT448211,2025-12-27 10:04:47,Local Market Day,J030,MG Road,4562,Weekend,False,Clear,False,0.0,False,False,0.653,High,11.7,46.3,505.8,0.187,0.432,0.968,Moderate traffic flow - standard adaptive signal timing in effect
EVT448212,2025-08-09 09:56:53,Trade Fair,J012,Koramangala Sony World,15123,Weekend,False,Clear,False,0.0,False,False,0.868,Severe,11.9,61.3,247.7,0.118,0.272,0.94,Heavy congestion detected - signal timing extended and reroute suggested
EVT448213,2026-02-15 10:21:23,Political Rally,J009,Majestic,31612,Weekend,False,Clear,False,0.0,False,False,0.795,Severe,14.0,56.1,400.2,0.199,0.46,0.956,Heavy congestion detected - signal timing extended and reroute suggested
EVT448214,2025-09-25 16:10:03,Sports Fixture,J040,City Market,10569,Weekday,False,Clear,False,0.0,False,False,0.487,Moderate,23.3,37.0,278.9,0.202,0.467,0.974,Moderate traffic flow - standard adaptive signal timing in effect
EVT448215,2025-07-18 06:59:03,Local Market Day,J030,MG Road,4891,Weekday,False,Heavy Rain,True,54.1,False,False,0.69,High,19.7,40.9,190.8,0.136,0.314,0.938,Heavy rain reducing visibility and grip - reduced speed and longer buffer advised
EVT448216,2025-11-14 13:39:25,Local Market Day,J030,MG Road,3407,Weekday,False,Rain,True,14.8,False,False,0.39,Moderate,27.6,28.3,167.1,0.12,0.277,0.924,Light rain detected - minor speed reduction advised
EVT448217,2026-02-14 18:48:41,Local Market Day,J030,MG Road,4548,Weekend,False,Clear,False,0.0,False,False,0.75,Severe,17.5,53.3,115.5,0.076,0.175,0.96,Heavy congestion detected - signal timing extended and reroute suggested
EVT448218,2025-08-08 10:52:16,Trade Fair,J030,MG Road,8315,Weekday,False,Heavy Rain,True,34.8,False,False,0.878,Severe,13.3,69.9,449.9,0.229,0.53,0.874,Heavy rain reducing visibility and grip - reduced speed and longer buffer advised
EVT448219,2025-08-04 09:50:23,Trade Fair,J012,Koramangala Sony World,6156,Weekday,False,Rain,True,22.5,False,False,1.0,Severe,7.8,72.6,824.5,0.252,0.583,0.865,Heavy rain reducing visibility and grip - reduced speed and longer buffer advised
EVT448220,2025-10-06 14:25:01,Concert,J020,Malleshwaram Circle,13002,Weekday,False,Heavy Rain,True,30.6,False,False,0.563,High,28.5,36.0,101.6,0.087,0.202,0.953,Heavy rain reducing visibility and grip - reduced speed and longer buffer advised
EVT448221,2025-07-17 15:34:47,Political Rally,J012,Koramangala Sony World,17573,Weekday,False,Rain,True,21.0,False,False,0.667,High,17.5,50.3,248.0,0.169,0.391,0.933,Heavy rain reducing visibility and grip - reduced speed and longer buffer advised
EVT448222,2026-02-09 10:46:49,Local Market Day,J023,Basavanagudi,6160,Weekday,False,Clear,False,0.0,False,False,0.537,Moderate,21.9,35.3,87.5,0.051,0.118,0.954,Moderate traffic flow - standard adaptive signal timing in effect
EVT448223,2026-06-29 06:51:11,Local Market Day,J023,Basavanagudi,2037,Weekday,False,Clear,False,0.0,False,False,0.341,Low,30.3,21.0,128.9,0.113,0.262,0.967,Moderate traffic flow - standard adaptive signal timing in effect
EVT448224,2025-01-19 15:00:37,Local Market Day,J011,Indiranagar 100ft Road,3247,Weekend,False,Clear,False,0.0,False,False,0.413,Moderate,23.4,26.5,97.1,0.066,0.152,0.99,Moderate traffic flow - standard adaptive signal timing in effect
EVT448225,2025-04-25 09:01:22,Sports Fixture,J031,Cubbon Road,12706,Weekday,False,Clear,False,0.0,False,False,1.0,Severe,7.3,77.0,511.0,0.163,0.378,0.922,Heavy congestion detected - signal timing extended and reroute suggested
EVT448226,2026-05-08 20:52:28,Trade Fair,J023,Basavanagudi,8463,Weekday,False,Clear,False,0.0,False,False,0.419,Moderate,27.0,30.7,189.2,0.145,0.334,0.958,Moderate traffic flow - standard adaptive signal timing in effect
EVT448227,2026-05-16 20:12:57,Sports Fixture,J040,City Market,16696,Weekend,False,Rain,True,8.9,False,False,0.857,Severe,15.5,58.1,146.4,0.079,0.182,0.9,Heavy rain reducing visibility and grip - reduced speed and longer buffer advised
EVT448228,2025-04-21 13:43:30,Local Market Day,J020,Malleshwaram Circle,2257,Weekday,False,Clear,False,0.0,False,False,0.172,Low,30.4,4.8,176.5,0.131,0.303,0.943,Normal free-flow traffic - standard signal timing maintained
EVT448229,2026-04-21 02:33:52,Trade Fair,J012,Koramangala Sony World,14820,Weekday,False,Clear,False,0.0,False,False,0.256,Low,29.6,12.9,194.6,0.163,0.376,0.981,Moderate traffic flow - standard adaptive signal timing in effect
EVT448230,2026-04-05 13:17:20,Sports Fixture,J023,Basavanagudi,18111,Weekend,False,Clear,False,0.0,False,False,0.266,Low,28.9,15.4,233.1,0.174,0.402,0.978,Moderate traffic flow - standard adaptive signal timing in effect
EVT448231,2025-06-24 19:02:22,Trade Fair,J009,Majestic,10550,Weekday,False,Clear,False,0.0,False,False,0.964,Severe,11.1,67.3,525.2,0.234,0.54,0.931,Heavy congestion detected - signal timing extended and reroute suggested
EVT448232,2026-03-26 09:22:46,Cultural Procession,J011,Indiranagar 100ft Road,32660,Weekday,True,Clear,False,0.0,False,False,1.0,Severe,7.5,73.5,723.3,0.223,0.514,0.861,Festival crowd surge detected - alternate route and extended cycle recommended
EVT448233,2026-02-04 07:14:51,Political Rally,J020,Malleshwaram Circle,13731,Weekday,False,Clear,False,0.0,False,False,0.532,Moderate,28.9,35.2,130.2,0.097,0.223,0.963,Moderate traffic flow - standard adaptive signal timing in effect
EVT448234,2025-10-29 15:37:39,Local Market Day,J020,Malleshwaram Circle,3631,Weekday,False,Clear,False,0.0,False,False,0.286,Low,37.2,26.2,160.2,0.157,0.363,0.96,Moderate traffic flow - standard adaptive signal timing in effect
EVT448235,2026-02-18 08:30:44,Trade Fair,J023,Basavanagudi,7980,Weekday,False,Clear,False,0.0,False,False,0.973,Severe,8.5,65.2,797.1,0.296,0.685,0.915,Heavy congestion detected - signal timing extended and reroute suggested
EVT448236,2025-09-03 00:48:38,Political Rally,J030,MG Road,14471,Weekday,False,Rain,True,19.7,False,False,0.391,Moderate,29.0,30.6,139.0,0.077,0.179,0.931,Light rain detected - minor speed reduction advised
EVT448237,2026-03-06 08:24:25,Local Market Day,J023,Basavanagudi,6313,Weekday,False,Clear,False,0.0,False,False,0.998,Severe,8.3,66.6,516.2,0.177,0.409,0.917,Heavy congestion detected - signal timing extended and reroute suggested
EVT448238,2026-03-19 12:28:32,Cultural Procession,J031,Cubbon Road,19984,Weekday,True,Rain,True,9.1,False,False,0.691,High,18.0,45.8,423.1,0.252,0.581,0.859,Festival crowd surge detected - alternate route and extended cycle recommended
EVT448239,2025-03-20 17:23:38,Concert,J040,City Market,12790,Weekday,False,Clear,False,0.0,False,False,0.867,Severe,13.0,68.7,317.6,0.147,0.339,0.95,Heavy congestion detected - signal timing extended and reroute suggested
EVT448240,2025-12-07 08:48:30,Sports Fixture,J031,Cubbon Road,22932,Weekend,False,Clear,False,0.0,False,False,0.944,Severe,10.7,66.0,560.6,0.227,0.523,0.922,Heavy congestion detected - signal timing extended and reroute suggested
EVT448241,2026-04-01 09:33:04,Local Market Day,J009,Majestic,4974,Weekday,False,Clear,False,0.0,False,False,0.949,Severe,8.4,70.4,368.5,0.132,0.304,0.93,Heavy congestion detected - signal timing extended and reroute suggested
EVT448242,2025-07-21 10:36:48,Political Rally,J012,Koramangala Sony World,17663,Weekday,False,Clear,False,0.0,False,False,0.697,High,18.4,50.9,347.1,0.203,0.47,0.975,Moderate traffic flow - standard adaptive signal timing in effect
EVT448243,2025-12-27 19:12:02,Political Rally,J012,Koramangala Sony World,6111,Weekend,False,Clear,False,0.0,False,False,0.784,Severe,18.0,58.5,336.9,0.222,0.513,0.955,Heavy congestion detected - signal timing extended and reroute suggested
EVT448244,2026-05-19 02:58:46,Trade Fair,J009,Majestic,12613,Weekday,False,Clear,False,0.0,False,False,0.238,Low,26.8,16.7,69.3,0.033,0.076,0.973,Normal free-flow traffic - standard signal timing maintained
EVT448245,2025-05-17 23:58:54,Sports Fixture,J020,Malleshwaram Circle,19770,Weekend,False,Light Rain,True,6.9,True,False,0.763,Severe,18.2,50.8,219.9,0.138,0.319,0.759,Accident detected nearby - reroute and reduced speed advised
EVT448246,2025-06-05 18:38:14,Local Market Day,J012,Koramangala Sony World,5232,Weekday,False,Light Rain,True,3.9,False,False,1.0,Severe,8.7,75.5,422.9,0.148,0.341,0.846,Heavy rain reducing visibility and grip - reduced speed and longer buffer advised
EVT448247,2026-03-12 15:12:37,Trade Fair,J009,Majestic,17584,Weekday,False,Clear,False,0.0,False,False,0.349,Low,30.0,22.5,206.9,0.163,0.377,0.977,Moderate traffic flow - standard adaptive signal timing in effect
EVT448248,2026-01-23 17:04:44,Sports Fixture,J011,Indiranagar 100ft Road,25801,Weekday,False,Clear,False,0.0,False,False,0.878,Severe,10.9,56.6,460.5,0.18,0.416,0.936,Heavy congestion detected - signal timing extended and reroute suggested
EVT448249,2025-07-02 19:16:57,Political Rally,J011,Indiranagar 100ft Road,14145,Weekday,False,Clear,False,0.0,False,False,0.961,Severe,10.9,67.7,441.8,0.194,0.448,0.915,Heavy congestion detected - signal timing extended and reroute suggested
EVT448250,2025-12-16 11:29:00,Local Market Day,J040,City Market,3732,Weekday,False,Clear,False,0.0,False,False,0.34,Low,32.1,28.3,142.5,0.113,0.261,0.975,Moderate traffic flow - standard adaptive signal timing in effect
EVT448251,2025-07-19 09:12:38,Local Market Day,J009,Majestic,4593,Weekend,False,Clear,False,0.0,False,False,0.875,Severe,11.1,57.1,397.3,0.187,0.433,0.952,Heavy congestion detected - signal timing extended and reroute suggested
EVT448252,2025-04-10 17:36:14,Local Market Day,J040,City Market,3231,Weekday,False,Clear,False,0.0,False,False,0.899,Severe,11.7,66.7,240.1,0.124,0.285,0.955,Heavy congestion detected - signal timing extended and reroute suggested
EVT448253,2025-03-12 08:12:01,Trade Fair,J040,City Market,10664,Weekday,False,Clear,False,0.0,False,False,0.993,Severe,8.9,72.1,490.8,0.186,0.429,0.913,Heavy congestion detected - signal timing extended and reroute suggested
EVT448254,2025-10-06 13:43:16,Sports Fixture,J012,Koramangala Sony World,17800,Weekday,False,Clear,False,0.0,False,False,0.254,Low,26.8,19.1,165.7,0.131,0.303,0.945,Moderate traffic flow - standard adaptive signal timing in effect
EVT448255,2026-05-03 11:01:45,Local Market Day,J012,Koramangala Sony World,6824,Weekend,False,Heavy Rain,True,26.3,False,False,0.694,High,17.3,51.3,267.3,0.158,0.365,0.901,Heavy rain reducing visibility and grip - reduced speed and longer buffer advised
EVT448256,2025-03-24 18:45:16,Local Market Day,J040,City Market,3865,Weekday,False,Clear,False,0.0,False,False,1.0,Severe,9.6,72.0,182.5,0.074,0.172,0.884,Heavy congestion detected - signal timing extended and reroute suggested
EVT448257,2026-01-02 09:43:12,Religious Festival,J009,Majestic,37631,Weekday,True,Clear,False,0.0,False,True,1.0,Severe,10.3,95.9,378.1,0.149,0.345,0.8,Road closure for event/procession - full detour recommended for through-traffic
EVT448258,2025-09-25 18:54:41,Political Rally,J030,MG Road,9853,Weekday,False,Clear,False,0.0,False,False,1.0,Severe,9.5,70.8,527.3,0.232,0.536,0.892,Heavy congestion detected - signal timing extended and reroute suggested
EVT448259,2026-03-01 07:00:01,Trade Fair,J031,Cubbon Road,10791,Weekend,False,Clear,False,0.0,False,False,0.531,Moderate,18.4,39.5,217.0,0.129,0.298,0.976,Moderate traffic flow - standard adaptive signal timing in effect
EVT448260,2026-06-24 21:29:11,Political Rally,J012,Koramangala Sony World,15245,Weekday,False,Clear,False,0.0,False,False,0.471,Moderate,29.1,32.6,118.0,0.09,0.208,0.962,Moderate traffic flow - standard adaptive signal timing in effect
EVT448261,2025-08-05 16:54:05,Concert,J009,Majestic,9720,Weekday,False,Clear,False,0.0,False,False,0.749,High,16.0,52.7,360.8,0.202,0.466,0.97,Moderate traffic flow - standard adaptive signal timing in effect
EVT448262,2025-11-08 15:38:22,Sports Fixture,J011,Indiranagar 100ft Road,35576,Weekend,False,Clear,False,0.0,False,False,0.568,High,23.1,44.9,185.9,0.105,0.242,0.969,Moderate traffic flow - standard adaptive signal timing in effect
EVT448263,2025-09-25 15:47:35,Concert,J020,Malleshwaram Circle,14528,Weekday,False,Rain,True,12.8,False,False,0.527,Moderate,24.8,34.6,241.7,0.164,0.379,0.917,Light rain detected - minor speed reduction advised
EVT448264,2025-06-02 17:33:49,Local Market Day,J011,Indiranagar 100ft Road,3656,Weekday,False,Clear,False,0.0,False,False,0.916,Severe,8.1,66.5,673.6,0.224,0.516,0.937,Heavy congestion detected - signal timing extended and reroute suggested
EVT448265,2025-12-18 18:57:14,Sports Fixture,J031,Cubbon Road,20549,Weekday,False,Fog,False,0.0,False,False,1.0,Severe,8.8,69.1,398.7,0.155,0.358,0.912,Heavy congestion detected - signal timing extended and reroute suggested
EVT448266,2026-02-15 19:26:30,Concert,J020,Malleshwaram Circle,14437,Weekend,False,Clear,False,0.0,False,False,0.864,Severe,11.6,58.5,516.7,0.193,0.446,0.912,Heavy congestion detected - signal timing extended and reroute suggested
EVT448267,2025-04-19 17:14:50,Sports Fixture,J020,Malleshwaram Circle,14275,Weekend,False,Clear,False,0.0,False,False,0.814,Severe,14.4,59.7,384.2,0.215,0.497,0.928,Heavy congestion detected - signal timing extended and reroute suggested
EVT448268,2025-03-07 18:53:46,Sports Fixture,J012,Koramangala Sony World,49654,Weekday,False,Clear,False,0.0,False,False,1.0,Severe,7.4,68.1,571.1,0.192,0.442,0.915,Heavy congestion detected - signal timing extended and reroute suggested
EVT448269,2025-02-02 11:10:02,Sports Fixture,J020,Malleshwaram Circle,13756,Weekend,False,Clear,False,0.0,False,False,0.57,High,21.6,43.3,223.9,0.139,0.322,0.967,Moderate traffic flow - standard adaptive signal timing in effect
EVT448270,2026-04-17 13:11:34,Concert,J040,City Market,5786,Weekday,False,Clear,False,0.0,False,False,0.154,Low,33.7,10.8,171.0,0.149,0.345,0.951,Normal free-flow traffic - standard signal timing maintained
EVT448271,2025-05-06 19:27:48,Local Market Day,J023,Basavanagudi,3472,Weekday,False,Clear,False,0.0,False,False,0.946,Severe,10.3,67.9,666.7,0.26,0.601,0.901,Heavy congestion detected - signal timing extended and reroute suggested
EVT448272,2026-03-10 16:57:17,Concert,J020,Malleshwaram Circle,7303,Weekday,False,Clear,False,0.0,False,False,0.737,High,17.9,50.4,285.5,0.165,0.381,0.97,Moderate traffic flow - standard adaptive signal timing in effect
EVT448273,2025-08-20 11:28:45,Local Market Day,J040,City Market,4452,Weekday,False,Clear,False,0.0,False,False,0.29,Low,25.4,13.7,134.9,0.096,0.221,0.985,Moderate traffic flow - standard adaptive signal timing in effect
EVT448274,2025-12-31 18:10:02,Local Market Day,J031,Cubbon Road,4126,Weekday,False,Clear,False,0.0,False,False,0.892,Severe,9.8,71.4,700.1,0.283,0.654,0.931,Heavy congestion detected - signal timing extended and reroute suggested
EVT448275,2025-03-12 09:41:23,Sports Fixture,J030,MG Road,26535,Weekday,False,Clear,False,0.0,False,False,1.0,Severe,6.9,73.5,653.2,0.187,0.433,0.919,Heavy congestion detected - signal timing extended and reroute suggested
EVT448276,2026-04-02 16:35:45,Concert,J040,City Market,8192,Weekday,False,Clear,False,0.0,False,False,0.675,High,18.3,51.3,266.4,0.146,0.338,0.941,Moderate traffic flow - standard adaptive signal timing in effect
EVT448277,2026-05-06 17:58:04,Trade Fair,J009,Majestic,16021,Weekday,False,Clear,False,0.0,False,False,1.0,Severe,10.2,75.8,513.8,0.205,0.474,0.881,Heavy congestion detected - signal timing extended and reroute suggested
EVT448278,2025-08-25 06:52:54,Trade Fair,J040,City Market,8304,Weekday,False,Rain,True,23.1,False,False,0.642,High,20.5,43.0,347.4,0.21,0.484,0.928,Heavy rain reducing visibility and grip - reduced speed and longer buffer advised
EVT448279,2025-02-13 18:25:30,Local Market Day,J030,MG Road,4541,Weekday,False,Clear,False,0.0,False,False,1.0,Severe,7.4,71.5,362.3,0.127,0.294,0.909,Heavy congestion detected - signal timing extended and reroute suggested
EVT448280,2026-03-24 17:44:22,Political Rally,J030,MG Road,22156,Weekday,False,Clear,False,0.0,False,False,1.0,Severe,8.6,72.4,428.1,0.177,0.408,0.914,Heavy congestion detected - signal timing extended and reroute suggested
EVT448281,2026-02-18 20:39:52,Local Market Day,J031,Cubbon Road,4276,Weekday,False,Clear,False,0.0,False,False,0.516,Moderate,24.4,34.7,292.6,0.219,0.506,0.949,Moderate traffic flow - standard adaptive signal timing in effect
EVT448282,2025-02-11 11:22:51,Local Market Day,J011,Indiranagar 100ft Road,1653,Weekday,False,Clear,False,0.0,False,False,0.292,Low,29.4,19.5,193.2,0.12,0.277,0.988,Moderate traffic flow - standard adaptive signal timing in effect
EVT448283,2025-10-17 19:59:16,Trade Fair,J009,Majestic,7101,Weekday,False,Clear,False,0.0,False,False,0.731,High,17.6,55.2,218.6,0.127,0.294,0.956,Moderate traffic flow - standard adaptive signal timing in effect
EVT448284,2025-02-28 19:29:05,Local Market Day,J009,Majestic,2653,Weekday,False,Light Rain,True,2.7,False,False,0.891,Severe,12.1,69.7,364.6,0.167,0.386,0.901,Heavy rain reducing visibility and grip - reduced speed and longer buffer advised
EVT448285,2025-04-04 19:15:36,Political Rally,J011,Indiranagar 100ft Road,9067,Weekday,False,Clear,False,0.0,False,False,0.945,Severe,10.7,66.4,384.8,0.152,0.352,0.909,Heavy congestion detected - signal timing extended and reroute suggested
EVT448286,2025-01-31 19:25:21,Trade Fair,J030,MG Road,11615,Weekday,False,Clear,False,0.0,False,False,0.941,Severe,11.7,71.3,405.8,0.175,0.403,0.933,Heavy congestion detected - signal timing extended and reroute suggested
EVT448287,2026-03-02 08:40:40,Sports Fixture,J009,Majestic,15865,Weekday,False,Clear,False,0.0,False,False,1.0,Severe,7.1,70.8,875.9,0.245,0.565,0.917,Heavy congestion detected - signal timing extended and reroute suggested
EVT448288,2026-01-19 14:30:54,Local Market Day,J031,Cubbon Road,4533,Weekday,False,Clear,False,0.0,False,False,0.245,Low,35.3,15.9,150.9,0.114,0.264,0.976,Normal free-flow traffic - standard signal timing maintained
EVT448289,2025-10-06 17:10:13,Trade Fair,J011,Indiranagar 100ft Road,22549,Weekday,False,Clear,False,0.0,False,False,0.896,Severe,12.4,63.9,305.9,0.129,0.299,0.974,Heavy congestion detected - signal timing extended and reroute suggested
EVT448290,2025-07-28 15:15:08,Political Rally,J012,Koramangala Sony World,22190,Weekday,False,Heavy Rain,True,49.5,False,False,0.691,High,21.2,49.8,201.3,0.139,0.321,0.886,Heavy rain reducing visibility and grip - reduced speed and longer buffer advised
EVT448291,2026-01-15 05:30:52,Fireworks Display,J020,Malleshwaram Circle,16033,Weekday,True,Clear,False,0.0,False,False,0.443,Moderate,26.4,34.9,221.9,0.171,0.395,0.913,Moderate traffic flow - standard adaptive signal timing in effect
EVT448292,2025-04-17 13:47:40,Trade Fair,J031,Cubbon Road,12809,Weekday,False,Clear,False,0.0,False,False,0.309,Low,29.7,22.6,146.2,0.108,0.25,0.988,Moderate traffic flow - standard adaptive signal timing in effect
EVT448293,2025-09-13 07:24:34,Concert,J011,Indiranagar 100ft Road,9737,Weekend,False,Rain,True,18.2,False,False,0.806,Severe,15.2,55.4,319.7,0.173,0.4,0.914,Heavy rain reducing visibility and grip - reduced speed and longer buffer advised
EVT448294,2026-02-23 20:09:53,Trade Fair,J009,Majestic,10829,Weekday,False,Clear,False,0.0,False,False,0.695,High,15.0,51.8,313.2,0.177,0.409,0.958,Moderate traffic flow - standard adaptive signal timing in effect
EVT448295,2025-12-01 09:07:45,Concert,J020,Malleshwaram Circle,8996,Weekday,False,Clear,False,0.0,False,False,1.0,Severe,8.1,71.2,462.2,0.16,0.37,0.923,Heavy congestion detected - signal timing extended and reroute suggested
EVT448296,2025-07-06 15:43:06,Sports Fixture,J023,Basavanagudi,13787,Weekend,False,Clear,False,0.0,False,False,0.46,Moderate,26.8,30.1,191.9,0.159,0.368,0.957,Moderate traffic flow - standard adaptive signal timing in effect
EVT448297,2025-05-20 13:41:04,Sports Fixture,J011,Indiranagar 100ft Road,19492,Weekday,False,Light Rain,True,5.1,False,False,0.416,Moderate,24.1,29.5,201.7,0.154,0.355,0.925,Light rain detected - minor speed reduction advised
EVT448298,2026-04-16 15:38:47,Trade Fair,J023,Basavanagudi,9764,Weekday,False,Clear,False,0.0,False,False,0.391,Moderate,24.2,27.6,122.0,0.066,0.152,0.964,Moderate traffic flow - standard adaptive signal timing in effect
EVT448299,2025-10-01 07:09:18,Trade Fair,J031,Cubbon Road,9316,Weekday,False,Clear,False,0.0,False,False,0.488,Moderate,26.6,37.3,197.5,0.156,0.361,0.974,Moderate traffic flow - standard adaptive signal timing in effect
EVT448300,2026-01-28 20:01:16,Local Market Day,J030,MG Road,1883,Weekday,False,Clear,False,0.0,False,False,0.695,High,17.9,51.7,307.0,0.187,0.431,0.988,Moderate traffic flow - standard adaptive signal timing in effect
EVT448301,2026-01-25 08:47:53,Sports Fixture,J023,Basavanagudi,15245,Weekend,False,Fog,False,0.0,False,False,0.903,Severe,12.3,62.5,397.0,0.189,0.438,0.935,Heavy congestion detected - signal timing extended and reroute suggested
EVT448302,2025-12-17 10:14:16,Sports Fixture,J012,Koramangala Sony World,26090,Weekday,False,Clear,False,0.0,False,False,0.884,Severe,13.3,65.2,415.5,0.218,0.503,0.944,Heavy congestion detected - signal timing extended and reroute suggested
EVT448303,2025-01-08 19:30:49,Sports Fixture,J009,Majestic,18765,Weekday,False,Clear,False,0.0,False,False,0.99,Severe,9.6,68.4,528.6,0.206,0.475,0.894,Heavy congestion detected - signal timing extended and reroute suggested
EVT448304,2026-01-27 23:21:59,Fireworks Display,J012,Koramangala Sony World,39538,Weekday,True,Clear,False,0.0,False,False,0.516,Moderate,19.5,34.9,165.4,0.11,0.254,0.914,Festival crowd surge detected - alternate route and extended cycle recommended
EVT448305,2025-10-09 11:41:26,Local Market Day,J009,Majestic,4793,Weekday,False,Clear,False,0.0,False,False,0.273,Low,27.5,21.2,132.5,0.117,0.27,0.97,Moderate traffic flow - standard adaptive signal timing in effect
EVT448306,2025-05-05 13:29:13,Concert,J012,Koramangala Sony World,6136,Weekday,False,Light Rain,True,6.9,False,False,0.288,Low,31.2,18.2,167.4,0.153,0.353,0.879,Light rain detected - minor speed reduction advised
EVT448307,2025-05-15 20:06:56,Trade Fair,J011,Indiranagar 100ft Road,8151,Weekday,False,Clear,False,0.0,False,False,0.675,High,18.4,48.0,170.9,0.093,0.215,0.962,Moderate traffic flow - standard adaptive signal timing in effect
EVT448308,2025-07-11 08:13:51,Sports Fixture,J023,Basavanagudi,45346,Weekday,False,Clear,False,0.0,False,False,1.0,Severe,8.7,75.9,646.7,0.245,0.567,0.91,Heavy congestion detected - signal timing extended and reroute suggested
EVT448309,2025-11-28 17:05:55,Local Market Day,J009,Majestic,5173,Weekday,False,Clear,False,0.0,False,False,0.732,High,16.8,52.1,224.5,0.139,0.32,0.972,Moderate traffic flow - standard adaptive signal timing in effect
EVT448310,2026-04-03 13:16:59,Concert,J009,Majestic,10539,Weekday,False,Clear,False,0.0,False,False,0.183,Low,36.8,11.3,100.0,0.101,0.234,0.96,Normal free-flow traffic - standard signal timing maintained
EVT448311,2025-10-02 03:38:18,Religious Festival,J009,Majestic,57835,Weekday,True,Heavy Rain,True,48.2,False,True,1.0,Severe,8.9,99.1,573.0,0.205,0.475,0.807,Road closure for event/procession - full detour recommended for through-traffic
EVT448312,2025-04-11 16:31:31,Political Rally,J031,Cubbon Road,9917,Weekday,False,Fog,False,0.0,False,False,0.553,High,13.7,38.6,157.7,0.071,0.165,0.942,Moderate traffic flow - standard adaptive signal timing in effect
EVT448313,2025-01-21 22:15:01,Concert,J020,Malleshwaram Circle,14041,Weekday,False,Clear,False,0.0,False,False,0.289,Low,33.3,22.4,88.4,0.082,0.19,0.969,Moderate traffic flow - standard adaptive signal timing in effect
EVT448314,2026-03-12 19:51:09,Concert,J012,Koramangala Sony World,12608,Weekday,False,Clear,False,0.0,False,False,0.833,Severe,15.5,56.1,241.5,0.154,0.355,0.959,Heavy congestion detected - signal timing extended and reroute suggested
EVT448315,2025-01-11 05:38:54,Concert,J031,Cubbon Road,14063,Weekend,False,Clear,False,0.0,False,False,0.294,Low,26.1,16.4,236.5,0.171,0.395,0.966,Moderate traffic flow - standard adaptive signal timing in effect
EVT448316,2025-08-22 08:09:21,Trade Fair,J020,Malleshwaram Circle,9736,Weekday,False,Light Rain,True,7.4,False,False,1.0,Severe,10.1,72.4,510.0,0.199,0.459,0.834,Heavy rain reducing visibility and grip - reduced speed and longer buffer advised
EVT448317,2026-03-09 09:43:13,Local Market Day,J012,Koramangala Sony World,6368,Weekday,False,Clear,False,0.0,False,False,0.916,Severe,13.0,59.6,549.3,0.271,0.627,0.948,Heavy congestion detected - signal timing extended and reroute suggested
EVT448318,2026-01-11 14:41:36,Trade Fair,J020,Malleshwaram Circle,10470,Weekend,False,Clear,False,0.0,False,False,0.412,Moderate,28.4,25.9,210.0,0.17,0.392,0.98,Moderate traffic flow - standard adaptive signal timing in effect
EVT448319,2025-06-10 19:07:33,Trade Fair,J012,Koramangala Sony World,8976,Weekday,False,Rain,True,22.3,False,False,1.0,Severe,9.1,75.3,784.8,0.275,0.635,0.879,Heavy rain reducing visibility and grip - reduced speed and longer buffer advised
EVT448320,2026-01-02 19:01:14,Religious Festival,J011,Indiranagar 100ft Road,45597,Weekday,True,Clear,False,0.0,False,True,1.0,Severe,9.4,99.4,776.1,0.297,0.685,0.858,Road closure for event/procession - full detour recommended for through-traffic
EVT448321,2026-05-09 09:38:01,Sports Fixture,J031,Cubbon Road,25086,Weekend,False,Rain,True,7.7,False,False,0.951,Severe,9.7,67.1,284.3,0.124,0.286,0.866,Heavy rain reducing visibility and grip - reduced speed and longer buffer advised
EVT448322,2025-12-07 23:34:46,Sports Fixture,J011,Indiranagar 100ft Road,27654,Weekend,False,Clear,False,0.0,False,False,0.359,Moderate,22.7,27.8,91.1,0.057,0.133,0.952,Moderate traffic flow - standard adaptive signal timing in effect
EVT448323,2026-01-03 10:55:32,Concert,J040,City Market,21550,Weekend,False,Clear,False,0.0,False,False,0.625,High,21.9,39.8,256.4,0.191,0.441,0.967,Moderate traffic flow - standard adaptive signal timing in effect
EVT448324,2025-09-12 08:34:09,Trade Fair,J040,City Market,5027,Weekday,False,Clear,False,0.0,False,False,0.974,Severe,7.5,68.6,430.4,0.161,0.372,0.91,Heavy congestion detected - signal timing extended and reroute suggested
EVT448325,2026-02-05 10:55:43,Sports Fixture,J031,Cubbon Road,29540,Weekday,False,Clear,False,0.0,False,False,0.547,Moderate,22.8,43.7,309.3,0.229,0.529,0.943,Moderate traffic flow - standard adaptive signal timing in effect
EVT448326,2025-06-11 12:24:58,Local Market Day,J020,Malleshwaram Circle,3537,Weekday,False,Clear,False,0.0,False,False,0.198,Low,34.5,21.7,143.3,0.127,0.293,0.946,Normal free-flow traffic - standard signal timing maintained
EVT448327,2026-05-19 13:39:01,Sports Fixture,J009,Majestic,18955,Weekday,False,Clear,False,0.0,False,False,0.327,Low,30.9,23.0,181.7,0.143,0.33,0.937,Moderate traffic flow - standard adaptive signal timing in effect
EVT448328,2026-02-28 20:07:34,Concert,J023,Basavanagudi,6068,Weekend,False,Clear,False,0.0,False,False,0.577,High,18.1,34.1,324.9,0.183,0.423,0.97,Moderate traffic flow - standard adaptive signal timing in effect
EVT448329,2026-02-01 17:07:41,Concert,J012,Koramangala Sony World,9139,Weekend,False,Clear,False,0.0,False,False,0.763,Severe,15.2,55.2,383.3,0.197,0.456,0.97,Heavy congestion detected - signal timing extended and reroute suggested
EVT448330,2025-09-27 10:41:11,Local Market Day,J023,Basavanagudi,4214,Weekend,False,Clear,False,0.0,False,False,0.506,Moderate,23.0,40.6,104.0,0.059,0.136,0.961,Moderate traffic flow - standard adaptive signal timing in effect
EVT448331,2026-02-22 21:04:57,Local Market Day,J009,Majestic,3989,Weekend,False,Clear,False,0.0,False,False,0.439,Moderate,30.1,35.2,183.3,0.171,0.395,0.942,Moderate traffic flow - standard adaptive signal timing in effect
EVT448332,2025-12-18 17:29:46,Concert,J031,Cubbon Road,10828,Weekday,False,Clear,False,0.0,False,False,0.921,Severe,10.9,61.7,469.7,0.194,0.449,0.916,Heavy congestion detected - signal timing extended and reroute suggested
EVT448333,2026-01-22 08:57:33,Concert,J023,Basavanagudi,14873,Weekday,False,Clear,False,0.0,False,False,1.0,Severe,9.4,70.1,631.6,0.233,0.538,0.939,Heavy congestion detected - signal timing extended and reroute suggested
EVT448334,2025-04-09 07:04:36,Political Rally,J020,Malleshwaram Circle,32177,Weekday,False,Clear,False,0.0,False,False,0.568,High,21.4,44.1,295.3,0.186,0.429,0.963,Moderate traffic flow - standard adaptive signal timing in effect
EVT448335,2025-08-21 14:54:54,Concert,J023,Basavanagudi,10627,Weekday,False,Rain,True,14.1,False,False,0.477,Moderate,25.4,39.3,110.9,0.083,0.191,0.91,Light rain detected - minor speed reduction advised
EVT448336,2025-03-03 20:35:58,Local Market Day,J040,City Market,4073,Weekday,False,Fog,False,0.0,False,False,0.516,Moderate,26.6,35.0,200.0,0.143,0.331,0.949,Moderate traffic flow - standard adaptive signal timing in effect
EVT448337,2025-01-21 05:15:51,Sports Fixture,J031,Cubbon Road,17892,Weekday,False,Clear,False,0.0,False,False,0.313,Low,31.7,17.7,149.2,0.117,0.271,0.963,Moderate traffic flow - standard adaptive signal timing in effect
EVT448338,2025-12-06 16:41:44,Trade Fair,J012,Koramangala Sony World,7941,Weekend,False,Clear,False,0.0,False,False,0.639,High,21.3,51.2,312.1,0.188,0.435,0.927,Moderate traffic flow - standard adaptive signal timing in effect
EVT448339,2025-12-19 15:06:41,Trade Fair,J031,Cubbon Road,6160,Weekday,False,Clear,False,0.0,False,False,0.332,Low,32.5,26.8,116.7,0.115,0.265,0.972,Moderate traffic flow - standard adaptive signal timing in effect
EVT448340,2025-08-30 15:26:45,Local Market Day,J031,Cubbon Road,5596,Weekend,False,Clear,False,0.0,False,False,0.387,Moderate,32.3,25.6,127.0,0.1,0.232,0.968,Moderate traffic flow - standard adaptive signal timing in effect
EVT448341,2026-02-14 17:48:43,Local Market Day,J023,Basavanagudi,2883,Weekend,False,Clear,False,0.0,False,False,0.82,Severe,14.5,57.2,563.7,0.28,0.647,0.944,Heavy congestion detected - signal timing extended and reroute suggested
EVT448342,2025-06-28 17:39:57,Sports Fixture,J030,MG Road,18085,Weekend,False,Heavy Rain,True,55.9,False,False,1.0,Severe,9.2,69.3,294.5,0.105,0.244,0.868,Heavy rain reducing visibility and grip - reduced speed and longer buffer advised
EVT448343,2025-08-19 18:35:55,Sports Fixture,J031,Cubbon Road,22192,Weekday,False,Rain,True,15.6,False,False,1.0,Severe,8.7,72.2,519.3,0.199,0.46,0.881,Heavy rain reducing visibility and grip - reduced speed and longer buffer advised
EVT448344,2026-01-29 14:03:51,Local Market Day,J011,Indiranagar 100ft Road,6100,Weekday,False,Clear,False,0.0,False,False,0.174,Low,32.4,13.1,151.0,0.111,0.257,0.954,Normal free-flow traffic - standard signal timing maintained
EVT448345,2025-12-05 17:51:03,Local Market Day,J031,Cubbon Road,5251,Weekday,False,Clear,False,0.0,False,False,0.98,Severe,8.9,71.2,478.6,0.186,0.43,0.918,Heavy congestion detected - signal timing extended and reroute suggested
EVT448346,2025-04-02 21:10:20,Political Rally,J030,MG Road,24976,Weekday,False,Clear,False,0.0,False,False,0.524,Moderate,22.7,34.8,172.1,0.114,0.264,0.957,Moderate traffic flow - standard adaptive signal timing in effect
EVT448347,2026-05-11 23:22:51,Local Market Day,J030,MG Road,4365,Weekday,False,Heavy Rain,True,26.6,False,False,0.53,Moderate,20.8,36.4,214.5,0.128,0.295,0.929,Light rain detected - minor speed reduction advised
EVT448348,2025-05-19 09:33:28,Concert,J012,Koramangala Sony World,15115,Weekday,False,Clear,False,0.0,False,False,1.0,Severe,9.6,71.4,504.1,0.199,0.46,0.924,Heavy congestion detected - signal timing extended and reroute suggested
EVT448349,2025-12-18 13:32:52,Concert,J012,Koramangala Sony World,21557,Weekday,False,Fog,False,0.0,False,False,0.258,Low,23.2,18.1,208.7,0.125,0.288,0.99,Moderate traffic flow - standard adaptive signal timing in effect
EVT448350,2025-11-14 05:32:33,Sports Fixture,J023,Basavanagudi,17584,Weekday,False,Clear,False,0.0,False,False,0.262,Low,27.4,18.6,149.3,0.107,0.247,0.969,Moderate traffic flow - standard adaptive signal timing in effect
EVT448351,2025-08-01 11:57:58,Trade Fair,J031,Cubbon Road,6942,Weekday,False,Clear,False,0.0,False,False,0.217,Low,31.9,14.4,92.1,0.077,0.177,0.971,Normal free-flow traffic - standard signal timing maintained
EVT448352,2025-05-16 10:23:24,Local Market Day,J020,Malleshwaram Circle,5980,Weekday,False,Clear,False,0.0,False,False,0.648,High,19.9,46.2,308.5,0.186,0.43,0.98,Moderate traffic flow - standard adaptive signal timing in effect
EVT448353,2025-01-26 13:53:40,Religious Festival,J030,MG Road,54692,Weekend,True,Clear,False,0.0,False,True,0.837,High,11.9,84.4,423.8,0.172,0.397,0.871,Road closure for event/procession - full detour recommended for through-traffic
EVT448354,2026-04-23 14:59:06,Local Market Day,J031,Cubbon Road,5769,Weekday,False,Clear,False,0.0,False,False,0.283,Low,30.2,23.3,155.5,0.105,0.243,0.956,Moderate traffic flow - standard adaptive signal timing in effect
EVT448355,2025-07-19 14:57:49,Sports Fixture,J040,City Market,15548,Weekend,False,Rain,True,20.9,False,False,0.569,High,22.5,45.8,178.0,0.13,0.301,0.902,Heavy rain reducing visibility and grip - reduced speed and longer buffer advised
EVT448356,2026-06-27 08:02:45,Sports Fixture,J023,Basavanagudi,15044,Weekend,False,Fog,False,0.0,False,False,0.837,Severe,12.7,58.9,336.9,0.17,0.392,0.953,Heavy congestion detected - signal timing extended and reroute suggested
EVT448357,2026-01-25 18:47:05,Sports Fixture,J040,City Market,18513,Weekend,False,Clear,False,0.0,False,False,0.932,Severe,10.9,70.5,501.6,0.206,0.475,0.934,Heavy congestion detected - signal timing extended and reroute suggested
EVT448358,2025-01-31 23:23:49,Trade Fair,J020,Malleshwaram Circle,8180,Weekday,False,Clear,False,0.0,False,False,0.252,Low,35.1,20.6,89.3,0.089,0.206,0.982,Moderate traffic flow - standard adaptive signal timing in effect
EVT448359,2026-01-07 16:33:44,Trade Fair,J012,Koramangala Sony World,8241,Weekday,False,Clear,False,0.0,False,False,0.613,High,21.0,43.4,353.8,0.221,0.511,0.98,Moderate traffic flow - standard adaptive signal timing in effect
EVT448360,2025-06-19 17:21:23,Sports Fixture,J040,City Market,22397,Weekday,False,Clear,False,0.0,False,False,0.92,Severe,10.0,67.3,510.7,0.188,0.435,0.936,Heavy congestion detected - signal timing extended and reroute suggested
EVT448361,2026-02-24 18:28:30,Trade Fair,J030,MG Road,4326,Weekday,False,Clear,False,0.0,False,False,0.997,Severe,8.1,69.1,722.5,0.247,0.571,0.924,Heavy congestion detected - signal timing extended and reroute suggested
EVT448362,2025-12-28 16:50:31,Concert,J009,Majestic,6755,Weekend,False,Clear,False,0.0,False,False,0.62,High,21.3,42.7,244.2,0.151,0.348,0.952,Moderate traffic flow - standard adaptive signal timing in effect
EVT448363,2025-11-19 07:25:54,Concert,J011,Indiranagar 100ft Road,14980,Weekday,False,Clear,False,0.0,False,False,0.591,High,20.6,41.9,240.1,0.187,0.432,0.954,Moderate traffic flow - standard adaptive signal timing in effect
EVT448364,2026-04-23 15:26:43,Concert,J020,Malleshwaram Circle,9646,Weekday,False,Clear,False,0.0,False,False,0.374,Moderate,29.0,26.4,168.9,0.131,0.302,0.962,Moderate traffic flow - standard adaptive signal timing in effect
EVT448365,2026-05-07 18:04:56,Local Market Day,J012,Koramangala Sony World,5943,Weekday,False,Clear,False,0.0,False,False,0.988,Severe,8.2,72.6,441.9,0.146,0.336,0.904,Heavy congestion detected - signal timing extended and reroute suggested
EVT448366,2025-04-21 14:25:25,Local Market Day,J031,Cubbon Road,2103,Weekday,False,Clear,False,0.0,False,False,0.218,Low,31.9,14.1,147.9,0.115,0.265,0.971,Normal free-flow traffic - standard signal timing maintained
EVT448367,2025-01-12 14:57:06,Local Market Day,J040,City Market,2205,Weekend,False,Clear,False,0.0,False,False,0.25,Low,34.9,17.2,133.1,0.109,0.252,0.972,Moderate traffic flow - standard adaptive signal timing in effect
EVT448368,2026-04-02 18:00:39,Local Market Day,J030,MG Road,3290,Weekday,False,Clear,False,0.0,False,False,1.0,Severe,8.1,71.3,550.7,0.176,0.408,0.96,Heavy congestion detected - signal timing extended and reroute suggested
EVT448369,2025-12-19 14:34:02,Sports Fixture,J012,Koramangala Sony World,28412,Weekday,False,Clear,False,0.0,False,False,0.327,Low,28.7,23.2,193.4,0.143,0.33,0.94,Moderate traffic flow - standard adaptive signal timing in effect
EVT448370,2025-04-28 17:16:58,Sports Fixture,J012,Koramangala Sony World,19952,Weekday,False,Clear,False,0.0,False,False,0.818,Severe,14.8,51.6,276.8,0.14,0.324,0.941,Heavy congestion detected - signal timing extended and reroute suggested
EVT448371,2026-04-08 12:46:45,Concert,J040,City Market,9227,Weekday,False,Clear,False,0.0,False,False,0.213,Low,30.0,19.0,111.9,0.095,0.219,0.969,Normal free-flow traffic - standard signal timing maintained
EVT448372,2026-01-01 20:47:20,Cultural Procession,J011,Indiranagar 100ft Road,15092,Weekday,True,Light Rain,True,4.9,False,True,1.0,Severe,6.9,98.7,614.0,0.195,0.451,0.773,Road closure for event/procession - full detour recommended for through-traffic
EVT448373,2025-12-24 20:49:09,Political Rally,J011,Indiranagar 100ft Road,15396,Weekday,False,Clear,False,0.0,False,False,0.663,High,19.6,50.1,282.2,0.174,0.402,0.962,Moderate traffic flow - standard adaptive signal timing in effect
EVT448374,2025-07-30 11:26:58,Local Market Day,J031,Cubbon Road,6450,Weekday,False,Clear,False,0.0,False,False,0.317,Low,25.3,23.3,126.4,0.094,0.217,0.989,Moderate traffic flow - standard adaptive signal timing in effect
EVT448375,2025-12-22 14:29:12,Sports Fixture,J012,Koramangala Sony World,18954,Weekday,False,Clear,False,0.0,False,False,0.32,Low,34.2,26.1,79.4,0.067,0.154,0.967,Moderate traffic flow - standard adaptive signal timing in effect
EVT448376,2026-04-11 18:17:51,Concert,J011,Indiranagar 100ft Road,11102,Weekend,False,Clear,False,0.0,False,False,0.884,Severe,10.6,63.3,421.8,0.179,0.415,0.909,Heavy congestion detected - signal timing extended and reroute suggested
EVT448377,2025-11-15 19:10:28,Political Rally,J009,Majestic,14329,Weekend,False,Clear,False,0.0,False,False,0.898,Severe,13.2,68.5,331.2,0.164,0.379,0.916,Heavy congestion detected - signal timing extended and reroute suggested
EVT448378,2025-07-18 14:17:52,Sports Fixture,J040,City Market,19245,Weekday,False,Clear,False,0.0,False,False,0.326,Low,30.7,24.9,166.8,0.141,0.326,0.971,Moderate traffic flow - standard adaptive signal timing in effect
EVT448379,2026-05-12 15:38:33,Local Market Day,J020,Malleshwaram Circle,2320,Weekday,False,Clear,False,0.0,False,False,0.291,Low,26.9,18.5,262.9,0.201,0.464,0.957,Moderate traffic flow - standard adaptive signal timing in effect
EVT448380,2025-06-12 08:00:06,Trade Fair,J012,Koramangala Sony World,4455,Weekday,False,Clear,False,0.0,False,False,0.867,Severe,13.4,63.7,463.1,0.239,0.551,0.953,Heavy congestion detected - signal timing extended and reroute suggested
EVT448381,2025-10-24 18:29:03,Local Market Day,J020,Malleshwaram Circle,5475,Weekday,False,Clear,False,0.0,False,False,1.0,Severe,9.3,64.6,887.6,0.336,0.775,0.923,Heavy congestion detected - signal timing extended and reroute suggested
EVT448382,2025-03-06 18:59:43,Concert,J023,Basavanagudi,11347,Weekday,False,Clear,False,0.0,False,False,0.934,Severe,9.6,66.6,449.2,0.157,0.363,0.935,Heavy congestion detected - signal timing extended and reroute suggested
EVT448383,2026-05-13 05:40:04,Local Market Day,J023,Basavanagudi,5486,Weekday,False,Clear,False,0.0,False,False,0.219,Low,41.7,16.7,86.9,0.061,0.141,0.95,Normal free-flow traffic - standard signal timing maintained
EVT448384,2026-01-25 18:28:20,Local Market Day,J012,Koramangala Sony World,4350,Weekend,False,Clear,False,0.0,False,False,0.868,Severe,13.4,61.0,317.7,0.153,0.354,0.934,Heavy congestion detected - signal timing extended and reroute suggested
EVT448385,2025-02-02 09:32:34,Sports Fixture,J009,Majestic,30863,Weekend,False,Clear,False,0.0,False,False,0.878,Severe,12.1,53.6,323.7,0.15,0.347,0.93,Heavy congestion detected - signal timing extended and reroute suggested
EVT448386,2025-04-24 12:11:28,Sports Fixture,J009,Majestic,13320,Weekday,False,Fog,False,0.0,False,False,0.256,Low,34.1,20.9,139.8,0.137,0.317,0.944,Moderate traffic flow - standard adaptive signal timing in effect
EVT448387,2025-07-12 18:25:11,Political Rally,J011,Indiranagar 100ft Road,21147,Weekend,False,Clear,False,0.0,False,False,1.0,Severe,8.8,72.2,421.3,0.165,0.382,0.919,Heavy congestion detected - signal timing extended and reroute suggested
EVT448388,2025-03-18 07:52:30,Sports Fixture,J020,Malleshwaram Circle,36494,Weekday,False,Clear,False,0.0,False,False,0.966,Severe,9.5,73.0,489.0,0.195,0.45,0.951,Heavy congestion detected - signal timing extended and reroute suggested
EVT448389,2025-01-10 15:22:58,Local Market Day,J031,Cubbon Road,4262,Weekday,False,Clear,False,0.0,False,False,0.304,Low,37.6,23.2,139.2,0.142,0.329,0.97,Moderate traffic flow - standard adaptive signal timing in effect
EVT448390,2026-03-27 14:21:33,Cultural Procession,J012,Koramangala Sony World,17276,Weekday,True,Clear,False,0.0,False,True,0.665,Moderate,19.5,70.3,206.6,0.131,0.302,0.887,Road closure for event/procession - full detour recommended for through-traffic
EVT448391,2025-08-07 16:46:03,Political Rally,J020,Malleshwaram Circle,10462,Weekday,False,Heavy Rain,True,60.7,False,False,1.0,Severe,8.5,73.1,488.2,0.171,0.396,0.881,Heavy rain reducing visibility and grip - reduced speed and longer buffer advised
EVT448392,2026-01-28 18:10:09,Local Market Day,J030,MG Road,4102,Weekday,False,Clear,False,0.0,False,False,1.0,Severe,5.6,71.0,733.7,0.204,0.471,0.905,Heavy congestion detected - signal timing extended and reroute suggested
EVT448393,2025-08-12 16:42:30,Concert,J020,Malleshwaram Circle,14326,Weekday,False,Clear,False,0.0,False,False,0.634,High,13.8,44.1,209.9,0.105,0.242,0.969,Moderate traffic flow - standard adaptive signal timing in effect
EVT448394,2025-03-03 10:10:39,Trade Fair,J011,Indiranagar 100ft Road,13083,Weekday,False,Clear,False,0.0,False,False,0.806,Severe,14.0,57.9,388.4,0.162,0.375,0.981,Heavy congestion detected - signal timing extended and reroute suggested
EVT448395,2025-05-03 12:56:22,Local Market Day,J011,Indiranagar 100ft Road,3120,Weekend,False,Clear,False,0.0,False,False,0.297,Low,26.3,23.4,130.3,0.102,0.236,0.984,Moderate traffic flow - standard adaptive signal timing in effect
EVT448396,2026-03-11 14:26:35,Local Market Day,J020,Malleshwaram Circle,4999,Weekday,False,Clear,False,0.0,False,False,0.237,Low,42.7,17.8,106.6,0.127,0.294,0.942,Normal free-flow traffic - standard signal timing maintained
EVT448397,2026-03-05 17:08:09,Religious Festival,J012,Koramangala Sony World,68665,Weekday,True,Clear,False,0.0,False,True,1.0,Severe,7.4,94.9,655.9,0.197,0.455,0.836,Road closure for event/procession - full detour recommended for through-traffic
EVT448398,2025-03-02 08:26:05,Sports Fixture,J040,City Market,23407,Weekend,False,Clear,False,0.0,False,False,0.964,Severe,8.6,66.2,595.2,0.211,0.488,0.919,Heavy congestion detected - signal timing extended and reroute suggested
EVT448399,2025-07-25 22:59:50,Local Market Day,J030,MG Road,3049,Weekday,False,Clear,False,0.0,False,False,0.156,Low,40.6,7.8,158.2,0.176,0.406,0.968,Normal free-flow traffic - standard signal timing maintained
EVT448400,2025-03-29 16:00:47,Local Market Day,J009,Majestic,6448,Weekend,False,Fog,False,0.0,False,False,0.469,Moderate,20.9,27.8,199.2,0.129,0.298,0.982,Moderate traffic flow - standard adaptive signal timing in effect
EVT448401,2025-08-03 18:32:25,Concert,J030,MG Road,13279,Weekend,False,Heavy Rain,True,56.5,False,False,1.0,Severe,8.1,67.0,595.3,0.211,0.488,0.867,Heavy rain reducing visibility and grip - reduced speed and longer buffer advised
EVT448402,2025-08-07 08:04:00,Local Market Day,J009,Majestic,2558,Weekday,False,Heavy Rain,True,74.9,False,False,1.0,Severe,8.3,71.0,516.2,0.19,0.439,0.847,Heavy rain reducing visibility and grip - reduced speed and longer buffer advised
EVT448403,2026-01-24 07:10:31,Concert,J031,Cubbon Road,16635,Weekend,False,Clear,False,0.0,False,False,0.531,Moderate,26.2,41.8,166.7,0.12,0.277,0.99,Moderate traffic flow - standard adaptive signal timing in effect
EVT448404,2026-02-19 18:57:46,Trade Fair,J023,Basavanagudi,8879,Weekday,False,Clear,False,0.0,False,False,1.0,Severe,8.2,72.0,394.7,0.117,0.27,0.921,Heavy congestion detected - signal timing extended and reroute suggested
EVT448405,2025-12-27 22:22:16,Sports Fixture,J030,MG Road,18374,Weekend,False,Clear,False,0.0,False,False,0.389,Moderate,27.4,28.4,173.7,0.145,0.335,0.961,Moderate traffic flow - standard adaptive signal timing in effect
EVT448406,2025-09-29 19:33:06,Local Market Day,J012,Koramangala Sony World,7288,Weekday,False,Heavy Rain,True,25.1,False,False,1.0,Severe,7.6,74.0,384.9,0.129,0.298,0.848,Heavy rain reducing visibility and grip - reduced speed and longer buffer advised
EVT448407,2025-03-21 09:18:13,Political Rally,J011,Indiranagar 100ft Road,18012,Weekday,False,Clear,False,0.0,False,False,1.0,Severe,8.0,73.5,315.6,0.115,0.265,0.91,Heavy congestion detected - signal timing extended and reroute suggested
EVT448408,2025-10-22 08:35:49,Religious Festival,J023,Basavanagudi,41532,Weekday,True,Clear,False,0.0,False,True,1.0,Severe,10.1,99.8,461.7,0.206,0.476,0.84,Road closure for event/procession - full detour recommended for through-traffic
EVT448409,2025-10-05 16:41:33,Concert,J020,Malleshwaram Circle,14698,Weekend,False,Clear,False,0.0,False,False,0.682,High,18.6,51.3,167.0,0.091,0.209,0.968,Moderate traffic flow - standard adaptive signal timing in effect
EVT448410,2025-01-12 09:00:53,Political Rally,J030,MG Road,21621,Weekend,False,Clear,False,0.0,False,False,0.953,Severe,10.1,69.5,259.1,0.101,0.234,0.921,Heavy congestion detected - signal timing extended and reroute suggested
EVT448411,2026-04-13 18:11:47,Trade Fair,J012,Koramangala Sony World,7154,Weekday,False,Light Rain,True,6.3,False,False,1.0,Severe,7.9,74.5,496.0,0.167,0.386,0.859,Heavy rain reducing visibility and grip - reduced speed and longer buffer advised
EVT448412,2025-12-01 17:09:06,Concert,J009,Majestic,14455,Weekday,False,Fog,False,0.0,False,False,0.86,Severe,11.5,66.3,297.4,0.133,0.307,0.941,Heavy congestion detected - signal timing extended and reroute suggested
EVT448413,2026-05-17 12:10:45,Concert,J012,Koramangala Sony World,7074,Weekend,False,Clear,False,0.0,False,False,0.169,Low,33.6,10.7,43.9,0.031,0.071,0.958,Normal free-flow traffic - standard signal timing maintained
EVT448414,2026-03-07 11:03:13,Sports Fixture,J011,Indiranagar 100ft Road,13357,Weekend,False,Clear,False,0.0,False,False,0.487,Moderate,25.6,30.3,211.2,0.148,0.342,0.936,Moderate traffic flow - standard adaptive signal timing in effect
EVT448415,2025-03-22 08:41:27,Sports Fixture,J023,Basavanagudi,16565,Weekend,False,Clear,False,0.0,False,False,0.906,Severe,11.5,70.2,472.8,0.197,0.454,0.961,Heavy congestion detected - signal timing extended and reroute suggested
EVT448416,2025-08-16 12:44:42,Religious Festival,J020,Malleshwaram Circle,32149,Weekend,True,Rain,True,23.6,False,True,1.0,Severe,6.5,97.8,538.2,0.158,0.364,0.787,Road closure for event/procession - full detour recommended for through-traffic
EVT448417,2025-10-09 04:07:39,Concert,J011,Indiranagar 100ft Road,6583,Weekday,False,Clear,False,0.0,False,False,0.229,Low,39.5,22.4,166.8,0.169,0.391,0.959,Normal free-flow traffic - standard signal timing maintained
EVT448418,2025-09-24 18:57:41,Local Market Day,J011,Indiranagar 100ft Road,3739,Weekday,False,Clear,False,0.0,False,False,0.912,Severe,10.4,65.6,233.9,0.1,0.231,0.963,Heavy congestion detected - signal timing extended and reroute suggested
EVT448419,2026-05-10 20:43:16,Trade Fair,J031,Cubbon Road,21480,Weekend,False,Clear,False,0.0,False,False,0.613,High,23.5,43.5,196.7,0.143,0.331,0.959,Moderate traffic flow - standard adaptive signal timing in effect
EVT448420,2025-12-24 13:13:32,Sports Fixture,J040,City Market,13861,Weekday,False,Clear,False,0.0,False,False,0.314,Low,32.1,21.7,137.3,0.103,0.239,0.955,Moderate traffic flow - standard adaptive signal timing in effect
EVT448421,2025-03-06 12:30:13,Sports Fixture,J011,Indiranagar 100ft Road,16732,Weekday,False,Clear,False,0.0,False,False,0.236,Low,30.7,14.6,143.1,0.123,0.285,0.962,Normal free-flow traffic - standard signal timing maintained
EVT448422,2025-01-06 13:14:36,Political Rally,J040,City Market,21580,Weekday,False,Clear,False,0.0,False,False,0.255,Low,29.4,25.9,115.0,0.101,0.233,0.969,Moderate traffic flow - standard adaptive signal timing in effect
EVT448423,2025-05-25 07:37:28,Concert,J012,Koramangala Sony World,9740,Weekend,False,Rain,True,18.5,False,False,0.806,Severe,14.4,58.3,390.2,0.205,0.473,0.902,Heavy rain reducing visibility and grip - reduced speed and longer buffer advised
EVT448424,2025-12-23 17:32:01,Local Market Day,J020,Malleshwaram Circle,5039,Weekday,False,Light Rain,True,4.0,False,False,0.975,Severe,9.6,73.5,408.2,0.16,0.37,0.889,Heavy rain reducing visibility and grip - reduced speed and longer buffer advised
EVT448425,2026-06-08 18:03:17,Sports Fixture,J031,Cubbon Road,10679,Weekday,False,Heavy Rain,True,62.6,False,False,1.0,Severe,8.9,75.5,381.7,0.144,0.332,0.841,Heavy rain reducing visibility and grip - reduced speed and longer buffer advised
EVT448426,2026-03-15 15:33:18,Sports Fixture,J020,Malleshwaram Circle,20312,Weekend,False,Clear,False,0.0,False,False,0.506,Moderate,26.9,37.1,155.8,0.128,0.297,0.943,Moderate traffic flow - standard adaptive signal timing in effect
EVT448427,2026-03-22 23:53:25,Concert,J023,Basavanagudi,12358,Weekend,False,Clear,False,0.0,False,False,0.282,Low,28.3,24.6,236.1,0.2,0.461,0.978,Moderate traffic flow - standard adaptive signal timing in effect
EVT448428,2025-09-27 12:15:39,Concert,J023,Basavanagudi,10178,Weekend,False,Clear,False,0.0,False,False,0.342,Low,28.3,22.8,151.9,0.098,0.227,0.969,Moderate traffic flow - standard adaptive signal timing in effect
EVT448429,2025-04-26 09:42:57,Concert,J040,City Market,11977,Weekend,False,Clear,False,0.0,False,False,0.884,Severe,17.9,67.3,203.7,0.13,0.301,0.916,Heavy congestion detected - signal timing extended and reroute suggested
EVT448430,2025-08-30 09:57:06,Sports Fixture,J040,City Market,14263,Weekend,False,Heavy Rain,True,96.5,False,False,1.0,Severe,9.4,71.8,621.3,0.239,0.552,0.872,Heavy rain reducing visibility and grip - reduced speed and longer buffer advised
EVT448431,2025-07-26 21:40:27,Political Rally,J011,Indiranagar 100ft Road,14945,Weekend,False,Clear,False,0.0,False,False,0.469,Moderate,27.6,34.9,161.0,0.112,0.258,0.943,Moderate traffic flow - standard adaptive signal timing in effect
EVT448432,2025-08-22 08:41:02,Concert,J020,Malleshwaram Circle,8999,Weekday,False,Rain,True,11.9,False,False,1.0,Severe,9.6,70.0,445.2,0.191,0.44,0.838,Heavy rain reducing visibility and grip - reduced speed and longer buffer advised
EVT448433,2026-03-29 07:42:39,Concert,J030,MG Road,16264,Weekend,False,Clear,False,0.0,False,False,0.673,High,21.1,52.8,249.3,0.165,0.381,0.959,Moderate traffic flow - standard adaptive signal timing in effect
EVT448434,2025-05-13 14:27:44,Local Market Day,J009,Majestic,4154,Weekday,False,Clear,False,0.0,False,False,0.13,Low,24.3,11.4,287.4,0.193,0.446,0.952,Normal free-flow traffic - standard signal timing maintained
EVT448435,2026-03-08 08:36:17,Local Market Day,J011,Indiranagar 100ft Road,4069,Weekend,False,Clear,False,0.0,False,False,0.858,Severe,12.5,57.6,398.3,0.181,0.417,0.946,Heavy congestion detected - signal timing extended and reroute suggested
EVT448436,2025-06-09 11:09:48,Sports Fixture,J031,Cubbon Road,23898,Weekday,False,Clear,False,0.0,False,False,0.513,Moderate,21.2,35.5,170.4,0.12,0.277,0.961,Moderate traffic flow - standard adaptive signal timing in effect
EVT448437,2025-06-02 11:13:40,Concert,J011,Indiranagar 100ft Road,6574,Weekday,False,Rain,True,21.3,False,False,0.653,High,20.4,44.1,276.2,0.179,0.413,0.919,Heavy rain reducing visibility and grip - reduced speed and longer buffer advised
EVT448438,2025-01-05 20:14:44,Trade Fair,J011,Indiranagar 100ft Road,4589,Weekend,False,Clear,False,0.0,False,False,0.595,High,17.6,46.0,256.9,0.114,0.264,0.948,Moderate traffic flow - standard adaptive signal timing in effect
EVT448439,2026-01-12 08:58:52,Political Rally,J031,Cubbon Road,14357,Weekday,False,Clear,False,0.0,False,False,1.0,Severe,8.6,81.5,857.6,0.29,0.671,0.922,Heavy congestion detected - signal timing extended and reroute suggested
EVT448440,2026-05-15 06:28:49,Concert,J030,MG Road,9352,Weekday,False,Clear,False,0.0,False,False,0.324,Low,31.2,24.5,180.8,0.151,0.349,0.99,Moderate traffic flow - standard adaptive signal timing in effect
EVT448441,2025-02-22 18:18:26,Local Market Day,J011,Indiranagar 100ft Road,3118,Weekend,False,Clear,False,0.0,False,False,0.839,Severe,16.7,58.6,322.2,0.192,0.444,0.923,Heavy congestion detected - signal timing extended and reroute suggested
EVT448442,2025-03-07 08:15:43,Concert,J040,City Market,10968,Weekday,False,Clear,False,0.0,False,False,0.97,Severe,9.7,64.9,499.5,0.192,0.443,0.922,Heavy congestion detected - signal timing extended and reroute suggested
EVT448443,2025-11-06 18:10:55,Concert,J031,Cubbon Road,11365,Weekday,False,Clear,False,0.0,False,False,1.0,Severe,8.6,74.3,603.6,0.207,0.478,0.899,Heavy congestion detected - signal timing extended and reroute suggested
EVT448444,2026-05-09 13:46:31,Trade Fair,J009,Majestic,9486,Weekend,False,Clear,False,0.0,False,False,0.256,Low,30.9,15.4,129.7,0.131,0.303,0.951,Moderate traffic flow - standard adaptive signal timing in effect
EVT448445,2025-07-31 14:05:55,Sports Fixture,J031,Cubbon Road,14451,Weekday,False,Clear,False,0.0,False,False,0.158,Low,35.7,5.4,95.3,0.09,0.207,0.962,Normal free-flow traffic - standard signal timing maintained
EVT448446,2026-05-03 18:07:46,Political Rally,J031,Cubbon Road,12561,Weekend,False,Clear,False,0.0,False,False,0.941,Severe,8.4,70.8,451.8,0.161,0.371,0.924,Heavy congestion detected - signal timing extended and reroute suggested
EVT448447,2025-02-08 15:53:17,Trade Fair,J023,Basavanagudi,12985,Weekend,False,Clear,False,0.0,False,False,0.572,High,26.5,35.7,223.5,0.171,0.395,0.967,Moderate traffic flow - standard adaptive signal timing in effect
EVT448448,2026-01-17 09:17:45,Local Market Day,J009,Majestic,4717,Weekend,False,Clear,False,0.0,False,False,0.821,Severe,14.3,58.6,372.2,0.209,0.484,0.933,Heavy congestion detected - signal timing extended and reroute suggested
EVT448449,2025-06-05 17:57:17,Concert,J020,Malleshwaram Circle,7685,Weekday,False,Clear,False,0.0,False,False,1.0,Severe,8.8,70.1,536.9,0.185,0.428,0.888,Heavy congestion detected - signal timing extended and reroute suggested
EVT448450,2025-11-15 07:28:23,Sports Fixture,J012,Koramangala Sony World,25199,Weekend,False,Clear,False,0.0,False,False,0.694,High,18.6,52.6,311.9,0.194,0.449,0.961,Moderate traffic flow - standard adaptive signal timing in effect
EVT448451,2025-06-12 18:38:52,Local Market Day,J030,MG Road,5379,Weekday,False,Clear,False,0.0,False,False,0.963,Severe,8.7,72.1,578.5,0.206,0.476,0.909,Heavy congestion detected - signal timing extended and reroute suggested
EVT448452,2025-01-17 13:23:02,Trade Fair,J020,Malleshwaram Circle,9744,Weekday,False,Clear,False,0.0,False,False,0.228,Low,31.4,11.0,213.5,0.184,0.424,0.968,Normal free-flow traffic - standard signal timing maintained
EVT448453,2026-04-29 09:40:12,Local Market Day,J030,MG Road,5036,Weekday,False,Clear,False,0.0,False,False,0.971,Severe,10.5,67.5,362.8,0.139,0.32,0.915,Heavy congestion detected - signal timing extended and reroute suggested
EVT448454,2025-08-28 08:16:10,Cultural Procession,J031,Cubbon Road,30991,Weekday,True,Clear,False,0.0,False,True,1.0,Severe,7.9,104.0,773.3,0.264,0.611,0.85,Road closure for event/procession - full detour recommended for through-traffic
EVT448455,2025-03-24 15:31:48,Concert,J011,Indiranagar 100ft Road,9937,Weekday,False,Clear,False,0.0,False,False,0.405,Moderate,22.9,25.1,278.5,0.194,0.449,0.985,Moderate traffic flow - standard adaptive signal timing in effect
EVT448456,2025-02-08 17:57:54,Sports Fixture,J040,City Market,22409,Weekend,False,Clear,False,0.0,False,False,0.918,Severe,11.5,63.1,351.7,0.151,0.348,0.927,Heavy congestion detected - signal timing extended and reroute suggested
EVT448457,2026-01-22 14:56:25,Concert,J011,Indiranagar 100ft Road,8316,Weekday,False,Clear,False,0.0,False,False,0.271,Low,29.7,21.5,114.0,0.096,0.222,0.967,Moderate traffic flow - standard adaptive signal timing in effect
EVT448458,2025-10-29 06:56:12,Trade Fair,J023,Basavanagudi,4466,Weekday,False,Heavy Rain,True,27.5,False,False,0.641,High,17.4,49.3,151.7,0.091,0.211,0.923,Heavy rain reducing visibility and grip - reduced speed and longer buffer advised
EVT448459,2025-08-03 13:26:53,Concert,J009,Majestic,20318,Weekend,False,Clear,False,0.0,False,False,0.397,Moderate,29.1,26.2,172.9,0.143,0.331,0.955,Moderate traffic flow - standard adaptive signal timing in effect
EVT448460,2025-11-03 18:25:41,Local Market Day,J020,Malleshwaram Circle,2851,Weekday,False,Clear,False,0.0,False,False,0.995,Severe,8.8,67.9,741.5,0.248,0.572,0.907,Heavy congestion detected - signal timing extended and reroute suggested
EVT448461,2025-10-09 13:27:19,Political Rally,J023,Basavanagudi,11599,Weekday,False,Clear,False,0.0,False,False,0.184,Low,36.6,5.8,175.7,0.145,0.336,0.961,Normal free-flow traffic - standard signal timing maintained
EVT448462,2025-11-06 12:39:17,Local Market Day,J012,Koramangala Sony World,4939,Weekday,False,Clear,False,0.0,False,False,0.179,Low,34.1,9.0,56.9,0.067,0.155,0.969,Normal free-flow traffic - standard signal timing maintained
EVT448463,2025-11-14 09:21:36,Local Market Day,J030,MG Road,5034,Weekday,False,Rain,True,9.5,False,False,1.0,Severe,6.4,73.3,682.7,0.185,0.428,0.847,Heavy rain reducing visibility and grip - reduced speed and longer buffer advised
EVT448464,2025-01-14 18:52:36,Religious Festival,J040,City Market,48233,Weekday,True,Clear,False,0.0,False,True,1.0,Severe,7.2,100.9,649.3,0.198,0.457,0.821,Road closure for event/procession - full detour recommended for through-traffic
EVT448465,2025-09-16 08:28:58,Sports Fixture,J040,City Market,23550,Weekday,False,Clear,False,0.0,False,False,1.0,Severe,6.4,66.1,589.9,0.18,0.416,0.923,Heavy congestion detected - signal timing extended and reroute suggested
EVT448466,2025-11-05 18:55:53,Local Market Day,J012,Koramangala Sony World,7546,Weekday,False,Clear,False,0.0,False,False,1.0,Severe,8.7,72.7,297.4,0.129,0.298,0.928,Heavy congestion detected - signal timing extended and reroute suggested
EVT448467,2026-06-25 21:35:29,Trade Fair,J040,City Market,9040,Weekday,False,Rain,True,15.9,False,False,0.506,Moderate,23.9,39.2,226.8,0.185,0.427,0.92,Light rain detected - minor speed reduction advised
EVT448468,2025-09-11 15:48:05,Local Market Day,J020,Malleshwaram Circle,5819,Weekday,False,Clear,False,0.0,False,False,0.382,Moderate,24.6,21.6,206.2,0.172,0.398,0.986,Moderate traffic flow - standard adaptive signal timing in effect
EVT448469,2026-04-02 06:58:25,Sports Fixture,J030,MG Road,46817,Weekday,False,Clear,False,0.0,False,False,0.638,High,21.9,46.8,258.3,0.194,0.448,0.979,Moderate traffic flow - standard adaptive signal timing in effect
EVT448470,2025-09-22 09:47:13,Local Market Day,J031,Cubbon Road,8243,Weekday,False,Rain,True,15.9,False,False,1.0,Severe,9.7,76.9,492.6,0.185,0.427,0.845,Heavy rain reducing visibility and grip - reduced speed and longer buffer advised
EVT448471,2026-05-22 20:41:20,Political Rally,J040,City Market,17189,Weekday,False,Clear,False,0.0,False,False,0.671,High,14.2,50.3,464.7,0.215,0.497,0.96,Moderate traffic flow - standard adaptive signal timing in effect
EVT448472,2025-08-12 18:19:00,Sports Fixture,J009,Majestic,22388,Weekday,False,Clear,False,0.0,False,False,1.0,Severe,8.7,65.5,424.4,0.169,0.391,0.92,Heavy congestion detected - signal timing extended and reroute suggested
EVT448473,2025-01-05 20:10:47,Trade Fair,J030,MG Road,10034,Weekend,False,Clear,False,0.0,False,False,0.659,High,21.8,43.5,134.5,0.09,0.207,0.973,Moderate traffic flow - standard adaptive signal timing in effect
EVT448474,2026-05-21 11:26:43,Sports Fixture,J023,Basavanagudi,27944,Weekday,False,Clear,False,0.0,False,False,0.407,Moderate,28.5,29.4,218.2,0.186,0.429,0.966,Moderate traffic flow - standard adaptive signal timing in effect
EVT448475,2025-02-07 19:43:33,Political Rally,J009,Majestic,9320,Weekday,False,Clear,False,0.0,False,False,0.815,Severe,12.0,55.2,282.1,0.138,0.32,0.948,Heavy congestion detected - signal timing extended and reroute suggested
EVT448476,2025-05-11 19:54:31,Local Market Day,J031,Cubbon Road,5009,Weekend,False,Rain,True,8.9,False,False,0.723,High,17.8,53.7,112.2,0.058,0.133,0.934,Heavy rain reducing visibility and grip - reduced speed and longer buffer advised
EVT448477,2025-07-01 10:57:48,Sports Fixture,J020,Malleshwaram Circle,24853,Weekday,False,Heavy Rain,True,31.2,False,False,0.934,Severe,10.6,60.9,467.7,0.199,0.459,0.876,Heavy rain reducing visibility and grip - reduced speed and longer buffer advised
EVT448478,2026-01-18 14:54:01,Trade Fair,J040,City Market,6010,Weekend,False,Clear,False,0.0,False,False,0.381,Moderate,26.4,27.7,136.1,0.103,0.238,0.957,Moderate traffic flow - standard adaptive signal timing in effect
EVT448479,2025-04-04 18:30:57,Concert,J011,Indiranagar 100ft Road,16542,Weekday,False,Clear,False,0.0,False,False,1.0,Severe,7.1,71.1,505.5,0.165,0.382,0.929,Heavy congestion detected - signal timing extended and reroute suggested
EVT448480,2026-01-20 13:02:38,Trade Fair,J012,Koramangala Sony World,7639,Weekday,False,Clear,False,0.0,False,False,0.206,Low,38.4,13.4,138.3,0.134,0.31,0.936,Normal free-flow traffic - standard signal timing maintained
EVT448481,2025-01-29 14:20:47,Sports Fixture,J020,Malleshwaram Circle,14203,Weekday,False,Clear,False,0.0,False,False,0.307,Low,27.1,19.1,224.9,0.182,0.42,0.97,Moderate traffic flow - standard adaptive signal timing in effect
EVT448482,2025-10-23 16:48:00,Local Market Day,J040,City Market,2118,Weekday,False,Rain,True,9.2,False,False,0.788,Severe,14.6,56.2,241.5,0.122,0.283,0.919,Heavy rain reducing visibility and grip - reduced speed and longer buffer advised
EVT448483,2025-06-22 14:56:57,Political Rally,J040,City Market,14171,Weekend,False,Heavy Rain,True,49.8,False,False,0.72,High,21.9,55.6,199.3,0.138,0.319,0.906,Heavy rain reducing visibility and grip - reduced speed and longer buffer advised
EVT448484,2025-03-25 09:42:34,Local Market Day,J009,Majestic,4278,Weekday,False,Clear,False,0.0,False,False,0.867,Severe,12.6,58.7,311.1,0.146,0.338,0.955,Heavy congestion detected - signal timing extended and reroute suggested
EVT448485,2025-08-23 20:56:23,Sports Fixture,J023,Basavanagudi,17618,Weekend,False,Clear,False,0.0,False,False,0.45,Moderate,24.7,37.1,90.9,0.066,0.153,0.966,Moderate traffic flow - standard adaptive signal timing in effect
EVT448486,2025-02-13 10:36:43,Trade Fair,J030,MG Road,7182,Weekday,False,Clear,False,0.0,False,False,0.657,High,21.7,54.2,146.0,0.095,0.22,0.988,Moderate traffic flow - standard adaptive signal timing in effect
EVT448487,2025-02-27 00:35:42,Trade Fair,J030,MG Road,12815,Weekday,False,Clear,False,0.0,False,False,0.234,Low,38.2,16.4,79.9,0.077,0.177,0.98,Normal free-flow traffic - standard signal timing maintained
EVT448488,2026-02-21 11:49:32,Local Market Day,J011,Indiranagar 100ft Road,2383,Weekend,False,Clear,False,0.0,False,False,0.324,Low,26.0,23.8,230.7,0.154,0.356,0.965,Moderate traffic flow - standard adaptive signal timing in effect
EVT448489,2025-05-18 18:59:50,Trade Fair,J020,Malleshwaram Circle,5493,Weekend,False,Rain,True,15.4,False,False,0.974,Severe,10.9,68.0,543.2,0.23,0.531,0.881,Heavy rain reducing visibility and grip - reduced speed and longer buffer advised
EVT448490,2025-03-15 17:22:01,Religious Festival,J040,City Market,33598,Weekend,True,Clear,False,0.0,False,True,1.0,Severe,7.7,101.1,515.1,0.186,0.429,0.828,Road closure for event/procession - full detour recommended for through-traffic
EVT448491,2025-08-31 13:22:37,Local Market Day,J031,Cubbon Road,3330,Weekend,False,Rain,True,19.1,False,False,0.524,Moderate,25.8,38.2,104.8,0.066,0.151,0.907,Light rain detected - minor speed reduction advised
EVT448492,2025-08-15 19:46:21,Fireworks Display,J040,City Market,36931,Weekday,True,Heavy Rain,True,87.0,False,False,1.0,Severe,9.0,71.8,448.2,0.178,0.411,0.823,Festival crowd surge detected - alternate route and extended cycle recommended
EVT448493,2025-12-29 20:58:46,Concert,J020,Malleshwaram Circle,23016,Weekday,False,Rain,True,10.5,False,False,0.714,High,21.1,58.0,231.5,0.157,0.363,0.916,Heavy rain reducing visibility and grip - reduced speed and longer buffer advised
EVT448494,2026-04-17 09:36:01,Concert,J012,Koramangala Sony World,8149,Weekday,False,Clear,False,0.0,False,False,0.868,Severe,14.7,61.6,383.3,0.208,0.481,0.917,Heavy congestion detected - signal timing extended and reroute suggested
EVT448495,2025-12-29 22:19:39,Concert,J023,Basavanagudi,12788,Weekday,False,Clear,False,0.0,False,False,0.282,Low,34.8,18.8,136.2,0.134,0.31,0.972,Moderate traffic flow - standard adaptive signal timing in effect
EVT448496,2025-06-08 18:05:39,Local Market Day,J011,Indiranagar 100ft Road,4014,Weekend,False,Light Rain,True,2.7,False,False,0.912,Severe,11.2,66.8,559.3,0.221,0.511,0.894,Heavy rain reducing visibility and grip - reduced speed and longer buffer advised
EVT448497,2025-03-23 03:37:15,Sports Fixture,J009,Majestic,58011,Weekend,False,Clear,False,0.0,False,False,0.534,Moderate,21.3,38.8,173.0,0.107,0.247,0.966,Moderate traffic flow - standard adaptive signal timing in effect
EVT448498,2025-06-11 14:09:16,Trade Fair,J009,Majestic,10548,Weekday,False,Clear,False,0.0,False,False,0.21,Low,39.3,11.5,134.9,0.142,0.328,0.965,Normal free-flow traffic - standard signal timing maintained
EVT448499,2025-12-03 09:52:29,Concert,J011,Indiranagar 100ft Road,11652,Weekday,False,Rain,True,11.0,False,False,1.0,Severe,7.8,67.6,337.8,0.13,0.3,0.856,Heavy rain reducing visibility and grip - reduced speed and longer buffer advised
EVT448500,2026-01-25 15:23:49,Trade Fair,J031,Cubbon Road,11173,Weekend,False,Clear,False,0.0,False,False,0.358,Moderate,28.6,26.9,136.5,0.11,0.253,0.971,Moderate traffic flow - standard adaptive signal timing in effect
EVT448501,2025-07-16 19:53:16,Sports Fixture,J012,Koramangala Sony World,13866,Weekday,False,Clear,False,0.0,False,False,0.871,Severe,16.4,66.9,221.9,0.125,0.288,0.925,Heavy congestion detected - signal timing extended and reroute suggested
EVT448502,2025-09-24 18:38:33,Concert,J031,Cubbon Road,7656,Weekday,False,Rain,True,12.5,False,False,1.0,Severe,10.4,71.4,749.6,0.301,0.696,0.871,Heavy rain reducing visibility and grip - reduced speed and longer buffer advised
EVT448503,2025-10-03 12:25:27,Religious Festival,J009,Majestic,49680,Weekday,True,Clear,False,0.0,False,True,0.822,High,13.3,80.1,504.4,0.246,0.569,0.866,Road closure for event/procession - full detour recommended for through-traffic
EVT448504,2025-07-30 21:20:21,Political Rally,J011,Indiranagar 100ft Road,20115,Weekday,False,Clear,False,0.0,False,False,0.448,Moderate,20.9,27.5,169.9,0.077,0.178,0.96,Moderate traffic flow - standard adaptive signal timing in effect
EVT448505,2025-03-29 23:22:07,Local Market Day,J011,Indiranagar 100ft Road,9800,Weekend,False,Clear,False,0.0,False,False,0.388,Moderate,25.1,31.8,198.5,0.152,0.352,0.967,Moderate traffic flow - standard adaptive signal timing in effect
EVT448506,2025-06-26 16:09:07,Local Market Day,J011,Indiranagar 100ft Road,2538,Weekday,False,Clear,False,0.0,False,False,0.475,Moderate,19.4,42.1,203.3,0.119,0.275,0.96,Moderate traffic flow - standard adaptive signal timing in effect
EVT448507,2026-02-06 18:56:03,Sports Fixture,J012,Koramangala Sony World,15171,Weekday,False,Clear,False,0.0,False,False,1.0,Severe,7.8,72.8,549.1,0.183,0.422,0.918,Heavy congestion detected - signal timing extended and reroute suggested
EVT448508,2025-09-13 18:50:32,Sports Fixture,J012,Koramangala Sony World,19417,Weekend,False,Clear,False,0.0,False,False,0.893,Severe,11.6,63.1,580.2,0.268,0.619,0.939,Heavy congestion detected - signal timing extended and reroute suggested
EVT448509,2026-05-13 20:27:19,Sports Fixture,J031,Cubbon Road,20358,Weekday,False,Clear,False,0.0,False,False,0.727,High,17.9,49.1,99.8,0.067,0.156,0.976,Moderate traffic flow - standard adaptive signal timing in effect
EVT448510,2025-08-14 07:27:02,Political Rally,J011,Indiranagar 100ft Road,13201,Weekday,False,Clear,False,0.0,False,False,0.621,High,22.7,46.3,151.6,0.097,0.224,0.974,Moderate traffic flow - standard adaptive signal timing in effect
EVT448511,2025-07-05 21:08:36,Local Market Day,J009,Majestic,4746,Weekend,False,Clear,False,0.0,False,False,0.424,Moderate,29.0,26.9,104.6,0.074,0.17,0.972,Moderate traffic flow - standard adaptive signal timing in effect
EVT448512,2025-09-13 01:18:00,Local Market Day,J011,Indiranagar 100ft Road,2035,Weekend,False,Clear,False,0.0,False,False,0.155,Low,38.1,8.8,141.7,0.128,0.297,0.975,Normal free-flow traffic - standard signal timing maintained
EVT448513,2025-02-09 15:30:22,Political Rally,J030,MG Road,27612,Weekend,False,Clear,False,0.0,False,False,0.594,High,20.5,44.3,245.3,0.162,0.374,0.934,Moderate traffic flow - standard adaptive signal timing in effect
EVT448514,2025-10-06 14:26:45,Concert,J009,Majestic,15649,Weekday,False,Rain,True,15.9,False,False,0.495,Moderate,24.5,39.0,220.7,0.163,0.378,0.931,Light rain detected - minor speed reduction advised
EVT448515,2025-10-18 13:46:44,Political Rally,J020,Malleshwaram Circle,17333,Weekend,False,Rain,True,17.4,False,False,0.56,High,25.8,37.0,263.1,0.211,0.488,0.917,Heavy rain reducing visibility and grip - reduced speed and longer buffer advised
EVT448516,2025-10-09 01:10:17,Sports Fixture,J023,Basavanagudi,16543,Weekday,False,Clear,False,0.0,False,False,0.27,Low,30.2,25.4,64.2,0.05,0.116,0.964,Moderate traffic flow - standard adaptive signal timing in effect
EVT448517,2025-01-19 17:09:58,Sports Fixture,J031,Cubbon Road,28029,Weekend,False,Clear,False,0.0,False,False,0.86,Severe,13.0,62.9,398.8,0.18,0.416,0.978,Heavy congestion detected - signal timing extended and reroute suggested
EVT448518,2026-04-05 03:12:03,Sports Fixture,J020,Malleshwaram Circle,14034,Weekend,False,Clear,False,0.0,False,False,0.336,Low,29.6,23.5,177.4,0.144,0.332,0.973,Moderate traffic flow - standard adaptive signal timing in effect
EVT448519,2025-10-07 11:07:10,Local Market Day,J012,Koramangala Sony World,4119,Weekday,False,Clear,False,0.0,False,False,0.39,Moderate,27.8,28.8,169.6,0.127,0.294,0.954,Moderate traffic flow - standard adaptive signal timing in effect
EVT448520,2025-02-08 15:48:18,Political Rally,J020,Malleshwaram Circle,17779,Weekend,False,Clear,False,0.0,False,False,0.489,Moderate,30.5,35.0,189.7,0.184,0.426,0.96,Moderate traffic flow - standard adaptive signal timing in effect
EVT448521,2025-12-10 08:49:36,Trade Fair,J011,Indiranagar 100ft Road,9051,Weekday,False,Clear,False,0.0,False,False,1.0,Severe,8.5,62.7,424.2,0.143,0.331,0.906,Heavy congestion detected - signal timing extended and reroute suggested
EVT448522,2025-04-30 22:01:46,Concert,J012,Koramangala Sony World,8408,Weekday,False,Light Rain,True,0.5,False,False,0.345,Low,32.5,21.6,174.7,0.158,0.364,0.939,Light rain detected - minor speed reduction advised
EVT448523,2025-07-27 19:09:38,Political Rally,J020,Malleshwaram Circle,28275,Weekend,False,Clear,False,0.0,False,False,0.935,Severe,10.0,66.3,365.1,0.164,0.378,0.923,Heavy congestion detected - signal timing extended and reroute suggested
EVT448524,2025-07-29 17:01:28,Concert,J012,Koramangala Sony World,8007,Weekday,False,Rain,True,24.2,False,False,1.0,Severe,9.3,69.3,510.7,0.212,0.49,0.86,Heavy rain reducing visibility and grip - reduced speed and longer buffer advised
EVT448525,2025-12-23 09:24:40,Local Market Day,J020,Malleshwaram Circle,3628,Weekday,False,Clear,False,0.0,False,False,0.905,Severe,13.3,63.9,331.4,0.185,0.428,0.943,Heavy congestion detected - signal timing extended and reroute suggested
EVT448526,2025-08-16 14:35:38,Fireworks Display,J030,MG Road,22688,Weekend,True,Clear,False,0.0,False,False,0.574,High,25.4,40.8,169.7,0.152,0.351,0.921,Festival crowd surge detected - alternate route and extended cycle recommended
EVT448527,2026-03-10 10:45:04,Local Market Day,J031,Cubbon Road,2086,Weekday,False,Clear,False,0.0,False,False,0.461,Moderate,22.4,30.0,221.2,0.162,0.375,0.936,Moderate traffic flow - standard adaptive signal timing in effect
EVT448528,2025-11-02 20:15:22,Religious Festival,J030,MG Road,34978,Weekend,True,Clear,False,0.0,False,False,0.999,Severe,9.3,67.0,184.6,0.082,0.189,0.858,Festival crowd surge detected - alternate route and extended cycle recommended
EVT448529,2025-12-29 09:33:26,Trade Fair,J009,Majestic,6617,Weekday,False,Clear,False,0.0,False,False,0.972,Severe,8.3,70.3,476.1,0.168,0.388,0.924,Heavy congestion detected - signal timing extended and reroute suggested
EVT448530,2025-11-22 18:43:56,Trade Fair,J040,City Market,6145,Weekend,False,Clear,False,0.0,False,False,0.851,Severe,13.6,60.4,477.3,0.222,0.514,0.97,Heavy congestion detected - signal timing extended and reroute suggested
EVT448531,2025-01-13 06:20:35,Trade Fair,J011,Indiranagar 100ft Road,7726,Weekday,False,Clear,False,0.0,False,False,0.331,Low,27.5,16.7,77.9,0.058,0.135,0.955,Moderate traffic flow - standard adaptive signal timing in effect
EVT448532,2026-04-04 19:03:21,Trade Fair,J031,Cubbon Road,13915,Weekend,False,Clear,False,0.0,False,False,0.842,Severe,14.5,58.2,452.6,0.233,0.538,0.973,Heavy congestion detected - signal timing extended and reroute suggested
EVT448533,2025-11-11 20:02:40,Local Market Day,J023,Basavanagudi,3397,Weekday,False,Clear,False,0.0,False,False,0.672,High,17.6,40.9,263.0,0.154,0.356,0.961,Moderate traffic flow - standard adaptive signal timing in effect
EVT448534,2026-04-20 10:35:53,Local Market Day,J023,Basavanagudi,3470,Weekday,False,Clear,False,0.0,False,False,0.618,High,22.8,43.5,182.9,0.127,0.293,0.948,Moderate traffic flow - standard adaptive signal timing in effect
EVT448535,2026-06-11 15:38:03,Sports Fixture,J030,MG Road,22105,Weekday,False,Heavy Rain,True,70.4,False,False,0.765,Severe,14.6,52.5,331.4,0.168,0.388,0.938,Heavy rain reducing visibility and grip - reduced speed and longer buffer advised
EVT448536,2025-07-01 16:08:18,Sports Fixture,J030,MG Road,28065,Weekday,False,Rain,True,12.7,False,False,0.814,Severe,14.4,61.9,430.0,0.208,0.48,0.908,Heavy rain reducing visibility and grip - reduced speed and longer buffer advised
EVT448537,2026-02-17 10:20:05,Local Market Day,J020,Malleshwaram Circle,4369,Weekday,False,Clear,False,0.0,False,False,0.66,High,22.0,47.0,155.4,0.104,0.24,0.969,Moderate traffic flow - standard adaptive signal timing in effect
EVT448538,2025-04-04 18:11:14,Sports Fixture,J009,Majestic,36324,Weekday,False,Light Rain,True,3.3,False,False,1.0,Severe,7.8,76.4,597.9,0.182,0.419,0.849,Heavy rain reducing visibility and grip - reduced speed and longer buffer advised
EVT448539,2025-01-20 21:29:28,Local Market Day,J011,Indiranagar 100ft Road,4042,Weekday,False,Clear,False,0.0,False,False,0.281,Low,31.0,16.5,189.9,0.156,0.36,0.954,Moderate traffic flow - standard adaptive signal timing in effect
EVT448540,2026-03-12 18:29:13,Concert,J011,Indiranagar 100ft Road,17957,Weekday,False,Clear,False,0.0,False,False,1.0,Severe,6.7,72.2,1124.3,0.305,0.705,0.912,Heavy congestion detected - signal timing extended and reroute suggested
EVT448541,2025-04-11 20:22:50,Local Market Day,J030,MG Road,4542,Weekday,False,Rain,True,10.7,False,False,0.738,High,15.5,59.5,296.2,0.166,0.384,0.9,Heavy rain reducing visibility and grip - reduced speed and longer buffer advised
EVT448542,2025-07-03 10:09:22,Local Market Day,J031,Cubbon Road,5071,Weekday,False,Light Rain,True,5.1,False,False,0.843,Severe,16.4,65.4,157.7,0.094,0.216,0.912,Heavy rain reducing visibility and grip - reduced speed and longer buffer advised
EVT448543,2025-05-31 17:30:07,Concert,J011,Indiranagar 100ft Road,11155,Weekend,False,Light Rain,True,4.5,False,False,0.879,Severe,10.2,60.1,170.1,0.063,0.146,0.919,Heavy rain reducing visibility and grip - reduced speed and longer buffer advised
EVT448544,2025-07-10 14:07:03,Sports Fixture,J011,Indiranagar 100ft Road,16199,Weekday,False,Rain,True,22.5,False,False,0.471,Moderate,23.5,36.3,159.8,0.109,0.252,0.909,Light rain detected - minor speed reduction advised
EVT448545,2025-12-10 20:20:38,Concert,J009,Majestic,7920,Weekday,False,Clear,False,0.0,False,False,0.72,High,19.9,44.9,171.8,0.105,0.243,0.958,Moderate traffic flow - standard adaptive signal timing in effect
EVT448546,2026-01-25 14:24:00,Concert,J020,Malleshwaram Circle,9071,Weekend,False,Clear,False,0.0,False,False,0.316,Low,31.5,24.6,176.2,0.122,0.283,0.966,Moderate traffic flow - standard adaptive signal timing in effect
EVT448547,2026-05-31 17:55:46,Trade Fair,J030,MG Road,7532,Weekend,False,Rain,True,24.6,False,False,1.0,Severe,8.8,70.5,462.3,0.16,0.37,0.881,Heavy rain reducing visibility and grip - reduced speed and longer buffer advised
EVT448548,2026-05-27 18:51:48,Sports Fixture,J012,Koramangala Sony World,22802,Weekday,False,Rain,True,18.8,False,False,1.0,Severe,7.1,76.7,296.6,0.1,0.232,0.872,Heavy rain reducing visibility and grip - reduced speed and longer buffer advised
EVT448549,2025-05-01 12:37:43,Cultural Procession,J011,Indiranagar 100ft Road,22782,Weekday,True,Clear,False,0.0,False,True,0.66,Moderate,18.2,65.5,257.2,0.152,0.351,0.884,Road closure for event/procession - full detour recommended for through-traffic
EVT448550,2025-10-25 17:19:21,Local Market Day,J011,Indiranagar 100ft Road,4914,Weekend,False,Rain,True,23.6,False,False,0.882,Severe,11.6,64.1,661.1,0.279,0.644,0.865,Heavy rain reducing visibility and grip - reduced speed and longer buffer advised
EVT448551,2025-04-28 08:41:04,Concert,J011,Indiranagar 100ft Road,5129,Weekday,False,Clear,False,0.0,False,False,1.0,Severe,7.1,72.1,433.7,0.146,0.337,0.891,Heavy congestion detected - signal timing extended and reroute suggested
EVT448552,2025-04-04 06:31:03,Sports Fixture,J031,Cubbon Road,22573,Weekday,False,Clear,False,0.0,False,False,0.352,Moderate,29.1,17.5,192.5,0.163,0.378,0.957,Moderate traffic flow - standard adaptive signal timing in effect
EVT448553,2026-01-13 11:19:42,Political Rally,J023,Basavanagudi,12707,Weekday,False,Clear,False,0.0,False,False,0.385,Moderate,32.9,23.3,118.3,0.091,0.211,0.986,Moderate traffic flow - standard adaptive signal timing in effect
EVT448554,2025-03-12 11:20:30,Concert,J020,Malleshwaram Circle,11009,Weekday,False,Clear,False,0.0,False,False,0.322,Low,24.4,21.5,126.9,0.072,0.167,0.977,Moderate traffic flow - standard adaptive signal timing in effect
EVT448555,2025-08-11 19:44:52,Trade Fair,J009,Majestic,6745,Weekday,False,Clear,False,0.0,False,False,0.828,Severe,16.4,53.6,185.5,0.127,0.294,0.944,Heavy congestion detected - signal timing extended and reroute suggested
EVT448556,2026-03-11 08:09:39,Local Market Day,J031,Cubbon Road,4303,Weekday,False,Clear,False,0.0,False,False,0.87,Severe,13.1,64.4,311.6,0.14,0.325,0.92,Heavy congestion detected - signal timing extended and reroute suggested
EVT448557,2026-01-29 16:25:49,Sports Fixture,J040,City Market,20862,Weekday,False,Clear,False,0.0,False,False,0.684,High,18.4,41.4,227.9,0.131,0.302,0.977,Moderate traffic flow - standard adaptive signal timing in effect
EVT448558,2025-02-25 07:18:23,Local Market Day,J009,Majestic,4581,Weekday,False,Clear,False,0.0,False,False,0.549,Moderate,24.4,43.7,179.6,0.112,0.258,0.988,Moderate traffic flow - standard adaptive signal timing in effect
EVT448559,2026-06-03 18:55:50,Concert,J020,Malleshwaram Circle,14439,Weekday,False,Clear,False,0.0,False,False,1.0,Severe,6.9,66.6,472.3,0.152,0.351,0.952,Heavy congestion detected - signal timing extended and reroute suggested
EVT448560,2025-05-12 16:16:45,Sports Fixture,J020,Malleshwaram Circle,22955,Weekday,False,Clear,False,0.0,False,False,0.528,Moderate,25.4,39.2,155.8,0.129,0.297,0.953,Moderate traffic flow - standard adaptive signal timing in effect
EVT448561,2025-07-02 09:52:50,Concert,J023,Basavanagudi,14298,Weekday,False,Heavy Rain,True,27.9,False,False,1.0,Severe,9.1,67.7,760.1,0.279,0.645,0.882,Heavy rain reducing visibility and grip - reduced speed and longer buffer advised
EVT448562,2025-04-01 18:19:54,Local Market Day,J031,Cubbon Road,4419,Weekday,False,Clear,False,0.0,False,False,0.978,Severe,10.7,72.1,410.9,0.188,0.434,0.914,Heavy congestion detected - signal timing extended and reroute suggested
EVT448563,2025-11-08 10:59:02,Trade Fair,J020,Malleshwaram Circle,9727,Weekend,False,Clear,False,0.0,False,False,0.438,Moderate,31.6,28.8,193.2,0.151,0.35,0.974,Moderate traffic flow - standard adaptive signal timing in effect
EVT448564,2026-03-21 14:44:18,Local Market Day,J023,Basavanagudi,5815,Weekend,False,Clear,False,0.0,False,False,0.275,Low,34.5,16.1,146.8,0.12,0.278,0.97,Moderate traffic flow - standard adaptive signal timing in effect
EVT448565,2026-04-27 16:21:12,Sports Fixture,J030,MG Road,12019,Weekday,False,Clear,False,0.0,False,False,0.63,High,17.2,43.0,166.0,0.067,0.154,0.964,Moderate traffic flow - standard adaptive signal timing in effect
EVT448566,2025-11-26 08:20:46,Concert,J011,Indiranagar 100ft Road,21870,Weekday,False,Clear,False,0.0,False,False,1.0,Severe,8.1,70.2,546.5,0.175,0.405,0.907,Heavy congestion detected - signal timing extended and reroute suggested
EVT448567,2026-03-24 18:35:25,Trade Fair,J009,Majestic,10842,Weekday,False,Clear,False,0.0,False,False,1.0,Severe,7.2,72.7,978.5,0.278,0.643,0.923,Heavy congestion detected - signal timing extended and reroute suggested
EVT448568,2025-05-21 12:11:46,Sports Fixture,J011,Indiranagar 100ft Road,23136,Weekday,False,Clear,False,0.0,False,False,0.406,Moderate,28.0,25.3,217.7,0.171,0.395,0.953,Moderate traffic flow - standard adaptive signal timing in effect
EVT448569,2026-03-18 19:02:40,Concert,J011,Indiranagar 100ft Road,9046,Weekday,False,Clear,False,0.0,False,False,0.946,Severe,8.8,68.3,387.6,0.144,0.333,0.935,Heavy congestion detected - signal timing extended and reroute suggested
EVT448570,2025-08-19 17:15:41,Local Market Day,J031,Cubbon Road,2642,Weekday,False,Clear,False,0.0,False,False,0.773,Severe,16.5,56.6,219.3,0.141,0.325,0.954,Heavy congestion detected - signal timing extended and reroute suggested
EVT448571,2025-11-05 07:45:01,Sports Fixture,J012,Koramangala Sony World,15321,Weekday,False,Clear,False,0.0,False,False,0.754,Severe,18.0,47.0,106.5,0.066,0.152,0.958,Heavy congestion detected - signal timing extended and reroute suggested
EVT448572,2025-01-01 14:50:45,Local Market Day,J031,Cubbon Road,7038,Weekday,False,Clear,False,0.0,False,False,0.248,Low,35.9,19.0,109.2,0.105,0.243,0.963,Normal free-flow traffic - standard signal timing maintained
EVT448573,2025-07-24 07:00:38,Trade Fair,J023,Basavanagudi,10350,Weekday,False,Heavy Rain,True,39.9,False,False,0.739,High,17.9,46.7,266.2,0.15,0.347,0.923,Heavy rain reducing visibility and grip - reduced speed and longer buffer advised
EVT448574,2026-01-28 17:00:28,Concert,J020,Malleshwaram Circle,16467,Weekday,False,Clear,False,0.0,False,False,0.84,Severe,15.5,64.0,306.1,0.159,0.367,0.94,Heavy congestion detected - signal timing extended and reroute suggested
EVT448575,2025-08-22 07:31:59,Concert,J030,MG Road,12331,Weekday,False,Clear,False,0.0,False,False,0.609,High,23.8,45.7,316.3,0.215,0.497,0.974,Moderate traffic flow - standard adaptive signal timing in effect
EVT448576,2025-06-28 17:28:21,Local Market Day,J031,Cubbon Road,3296,Weekend,False,Clear,False,0.0,True,False,1.0,Severe,8.9,71.4,614.0,0.255,0.59,0.773,Accident detected nearby - reroute and reduced speed advised
EVT448577,2025-12-07 09:46:32,Trade Fair,J040,City Market,10224,Weekend,False,Fog,False,0.0,False,False,0.777,Severe,17.7,57.1,321.4,0.178,0.412,0.943,Heavy congestion detected - signal timing extended and reroute suggested
EVT448578,2026-05-25 16:15:07,Sports Fixture,J031,Cubbon Road,20800,Weekday,False,Clear,False,0.0,False,False,0.67,High,22.8,49.3,191.2,0.138,0.319,0.972,Moderate traffic flow - standard adaptive signal timing in effect
EVT448579,2025-05-02 08:50:40,Cultural Procession,J040,City Market,8749,Weekday,True,Clear,False,0.0,False,True,1.0,Severe,10.3,93.1,534.4,0.228,0.528,0.837,Road closure for event/procession - full detour recommended for through-traffic
EVT448580,2025-08-14 16:15:43,Sports Fixture,J040,City Market,22210,Weekday,False,Clear,False,0.0,False,False,0.6,High,18.6,45.3,224.4,0.097,0.223,0.974,Moderate traffic flow - standard adaptive signal timing in effect
EVT448581,2026-03-25 17:07:48,Sports Fixture,J023,Basavanagudi,24231,Weekday,False,Clear,False,0.0,False,False,0.844,Severe,16.7,59.8,330.2,0.199,0.46,0.914,Heavy congestion detected - signal timing extended and reroute suggested
EVT448582,2026-04-06 06:26:06,Sports Fixture,J040,City Market,28389,Weekday,False,Clear,False,0.0,False,False,0.541,Moderate,29.2,40.2,228.5,0.213,0.492,0.976,Moderate traffic flow - standard adaptive signal timing in effect
EVT448583,2025-10-29 18:59:57,Political Rally,J023,Basavanagudi,13016,Weekday,False,Heavy Rain,True,35.9,False,False,1.0,Severe,8.3,71.4,602.8,0.189,0.436,0.85,Heavy rain reducing visibility and grip - reduced speed and longer buffer advised
EVT448584,2025-09-10 19:15:29,Sports Fixture,J009,Majestic,31594,Weekday,False,Rain,True,7.8,False,False,1.0,Severe,8.1,74.3,648.0,0.22,0.509,0.859,Heavy rain reducing visibility and grip - reduced speed and longer buffer advised
EVT448585,2026-04-06 12:30:54,Local Market Day,J030,MG Road,5282,Weekday,False,Clear,False,0.0,False,False,0.241,Low,23.5,15.7,264.9,0.168,0.388,0.965,Normal free-flow traffic - standard signal timing maintained
EVT448586,2025-07-11 20:33:05,Trade Fair,J023,Basavanagudi,10705,Weekday,False,Heavy Rain,True,67.8,False,False,1.0,Severe,7.9,69.2,755.2,0.253,0.584,0.867,Heavy rain reducing visibility and grip - reduced speed and longer buffer advised
EVT448587,2026-01-06 18:57:10,Trade Fair,J030,MG Road,10235,Weekday,False,Clear,False,0.0,False,False,1.0,Severe,10.4,60.5,550.4,0.226,0.522,0.92,Heavy congestion detected - signal timing extended and reroute suggested
EVT448588,2025-10-04 17:56:41,Local Market Day,J011,Indiranagar 100ft Road,3278,Weekend,False,Clear,False,0.0,False,False,0.905,Severe,11.6,58.8,561.9,0.244,0.563,0.917,Heavy congestion detected - signal timing extended and reroute suggested
EVT448589,2025-10-22 20:51:25,Religious Festival,J009,Majestic,21211,Weekday,True,Heavy Rain,True,38.1,False,False,1.0,Severe,7.6,65.2,614.8,0.166,0.383,0.847,Festival crowd surge detected - alternate route and extended cycle recommended
EVT448590,2025-08-13 08:58:28,Trade Fair,J030,MG Road,9284,Weekday,False,Clear,False,0.0,False,False,1.0,Severe,9.1,72.2,721.3,0.276,0.638,0.923,Heavy congestion detected - signal timing extended and reroute suggested
EVT448591,2025-09-30 12:03:21,Concert,J020,Malleshwaram Circle,7316,Weekday,False,Clear,False,0.0,False,False,0.145,Low,34.4,8.0,150.2,0.114,0.264,0.968,Normal free-flow traffic - standard signal timing maintained
EVT448592,2025-07-09 20:07:04,Local Market Day,J031,Cubbon Road,9160,Weekday,False,Heavy Rain,True,58.8,False,False,1.0,Severe,10.4,71.4,629.1,0.25,0.578,0.859,Heavy rain reducing visibility and grip - reduced speed and longer buffer advised
EVT448593,2025-12-10 19:54:34,Local Market Day,J011,Indiranagar 100ft Road,3812,Weekday,False,Clear,False,0.0,False,False,0.739,High,15.4,54.7,407.9,0.207,0.479,0.981,Moderate traffic flow - standard adaptive signal timing in effect
EVT448594,2025-01-28 04:03:01,Concert,J040,City Market,16805,Weekday,False,Fog,False,0.0,False,False,0.234,Low,32.8,21.9,170.1,0.173,0.4,0.973,Normal free-flow traffic - standard signal timing maintained
EVT448595,2025-03-25 16:47:09,Concert,J020,Malleshwaram Circle,8998,Weekday,False,Clear,False,0.0,False,False,0.736,High,15.2,53.2,210.1,0.111,0.257,0.97,Moderate traffic flow - standard adaptive signal timing in effect
EVT448596,2025-07-23 08:11:54,Concert,J020,Malleshwaram Circle,19472,Weekday,False,Clear,False,0.0,False,False,0.97,Severe,12.2,64.9,511.8,0.21,0.485,0.904,Heavy congestion detected - signal timing extended and reroute suggested
EVT448597,2026-05-21 17:06:23,Trade Fair,J011,Indiranagar 100ft Road,11772,Weekday,False,Fog,False,0.0,False,False,0.817,Severe,12.3,61.7,366.1,0.185,0.428,0.984,Heavy congestion detected - signal timing extended and reroute suggested
EVT448598,2025-04-05 13:34:05,Trade Fair,J020,Malleshwaram Circle,13739,Weekend,False,Clear,False,0.0,False,False,0.263,Low,33.9,20.5,129.4,0.121,0.279,0.974,Moderate traffic flow - standard adaptive signal timing in effect
EVT448599,2025-11-22 15:48:15,Local Market Day,J030,MG Road,2973,Weekend,False,Clear,False,0.0,False,False,0.396,Moderate,22.2,26.8,276.4,0.176,0.407,0.959,Moderate traffic flow - standard adaptive signal timing in effect
EVT448600,2026-05-11 14:06:42,Concert,J011,Indiranagar 100ft Road,10219,Weekday,False,Clear,False,0.0,False,False,0.265,Low,29.6,19.4,100.5,0.096,0.222,0.98,Moderate traffic flow - standard adaptive signal timing in effect
EVT448601,2025-05-24 19:21:46,Political Rally,J030,MG Road,15381,Weekend,False,Clear,False,0.0,False,False,0.846,Severe,12.4,59.2,361.7,0.157,0.362,0.967,Heavy congestion detected - signal timing extended and reroute suggested
EVT448602,2026-03-15 18:20:47,Sports Fixture,J030,MG Road,25168,Weekend,False,Clear,False,0.0,False,False,0.979,Severe,10.1,71.2,596.5,0.222,0.514,0.925,Heavy congestion detected - signal timing extended and reroute suggested
EVT448603,2025-05-15 18:16:51,Political Rally,J030,MG Road,8713,Weekday,False,Clear,False,0.0,False,False,1.0,Severe,7.5,68.2,418.4,0.139,0.321,0.927,Heavy congestion detected - signal timing extended and reroute suggested
EVT448604,2026-02-23 12:13:32,Local Market Day,J030,MG Road,5157,Weekday,False,Fog,False,0.0,False,False,0.237,Low,28.3,16.3,261.4,0.218,0.503,0.971,Normal free-flow traffic - standard signal timing maintained
EVT448605,2025-09-02 09:04:27,Local Market Day,J030,MG Road,4429,Weekday,False,Clear,False,0.0,False,False,0.97,Severe,10.9,68.8,581.5,0.25,0.577,0.926,Heavy congestion detected - signal timing extended and reroute suggested
EVT448606,2025-09-28 18:37:49,Concert,J020,Malleshwaram Circle,10779,Weekend,False,Clear,False,0.0,False,False,0.91,Severe,13.3,63.1,413.7,0.199,0.46,0.929,Heavy congestion detected - signal timing extended and reroute suggested
EVT448607,2025-08-11 18:20:06,Concert,J009,Majestic,15214,Weekday,False,Clear,False,0.0,False,False,1.0,Severe,8.1,72.9,493.9,0.165,0.38,0.897,Heavy congestion detected - signal timing extended and reroute suggested
EVT448608,2025-09-12 09:19:17,Local Market Day,J023,Basavanagudi,4729,Weekday,False,Rain,True,15.2,False,False,1.0,Severe,8.4,73.3,472.5,0.174,0.401,0.863,Heavy rain reducing visibility and grip - reduced speed and longer buffer advised
EVT448609,2025-01-21 05:24:51,Local Market Day,J020,Malleshwaram Circle,5724,Weekday,False,Clear,False,0.0,False,False,0.184,Low,31.6,14.6,118.0,0.089,0.205,0.972,Normal free-flow traffic - standard signal timing maintained
EVT448610,2026-04-26 15:35:34,Local Market Day,J009,Majestic,6156,Weekend,False,Clear,False,0.0,False,False,0.426,Moderate,27.1,24.5,84.1,0.053,0.123,0.966,Moderate traffic flow - standard adaptive signal timing in effect
EVT448611,2025-08-22 17:03:31,Sports Fixture,J030,MG Road,37294,Weekday,False,Heavy Rain,True,38.1,False,False,1.0,Severe,7.2,70.8,423.4,0.13,0.301,0.833,Heavy rain reducing visibility and grip - reduced speed and longer buffer advised
EVT448612,2025-01-10 07:57:53,Local Market Day,J030,MG Road,2745,Weekday,False,Clear,False,0.0,False,False,0.809,Severe,10.2,57.9,494.6,0.185,0.428,0.957,Heavy congestion detected - signal timing extended and reroute suggested
EVT448613,2025-07-12 17:17:12,Trade Fair,J009,Majestic,10846,Weekend,False,Heavy Rain,True,27.7,False,False,1.0,Severe,7.2,67.7,346.2,0.115,0.265,0.856,Heavy rain reducing visibility and grip - reduced speed and longer buffer advised
EVT448614,2025-11-11 07:07:50,Local Market Day,J011,Indiranagar 100ft Road,4152,Weekday,False,Clear,False,0.0,False,False,0.518,Moderate,24.7,36.1,322.6,0.243,0.561,0.955,Moderate traffic flow - standard adaptive signal timing in effect
EVT448615,2025-05-07 07:28:45,Sports Fixture,J023,Basavanagudi,15855,Weekday,False,Clear,False,0.0,False,False,0.641,High,22.8,46.4,176.8,0.116,0.269,0.961,Moderate traffic flow - standard adaptive signal timing in effect
EVT448616,2026-03-07 15:44:50,Local Market Day,J009,Majestic,3171,Weekend,False,Clear,False,0.0,False,False,0.446,Moderate,28.2,30.5,190.5,0.147,0.34,0.961,Moderate traffic flow - standard adaptive signal timing in effect
EVT448617,2025-06-28 10:49:58,Local Market Day,J009,Majestic,3372,Weekend,False,Rain,True,20.0,False,False,0.667,High,14.2,50.9,277.0,0.13,0.301,0.905,Heavy rain reducing visibility and grip - reduced speed and longer buffer advised
EVT448618,2025-01-03 16:04:04,Concert,J009,Majestic,9046,Weekday,False,Clear,False,0.0,False,False,0.477,Moderate,22.7,29.9,114.4,0.081,0.187,0.951,Moderate traffic flow - standard adaptive signal timing in effect
EVT448619,2026-03-18 18:33:39,Sports Fixture,J031,Cubbon Road,33077,Weekday,False,Clear,False,0.0,False,False,1.0,Severe,8.2,68.3,370.4,0.132,0.305,0.892,Heavy congestion detected - signal timing extended and reroute suggested
EVT448620,2025-10-02 16:43:02,Fireworks Display,J011,Indiranagar 100ft Road,30568,Weekday,True,Clear,False,0.0,False,False,1.0,Severe,7.9,75.4,549.7,0.187,0.432,0.876,Festival crowd surge detected - alternate route and extended cycle recommended
EVT448621,2026-05-08 12:03:42,Sports Fixture,J030,MG Road,23023,Weekday,False,Clear,False,0.0,False,False,0.319,Low,29.2,31.0,122.3,0.093,0.216,0.971,Moderate traffic flow - standard adaptive signal timing in effect
EVT448622,2025-11-18 15:17:36,Concert,J023,Basavanagudi,6895,Weekday,False,Clear,False,0.0,False,False,0.267,Low,31.0,20.3,118.9,0.085,0.197,0.951,Moderate traffic flow - standard adaptive signal timing in effect
EVT448623,2025-01-27 10:24:16,Cultural Procession,J020,Malleshwaram Circle,20172,Weekday,True,Clear,False,0.0,False,True,1.0,Severe,10.0,104.4,371.8,0.176,0.406,0.835,Road closure for event/procession - full detour recommended for through-traffic
EVT448624,2025-05-27 15:22:20,Sports Fixture,J031,Cubbon Road,21524,Weekday,False,Fog,False,0.0,False,False,0.402,Moderate,28.1,26.9,200.9,0.167,0.387,0.972,Moderate traffic flow - standard adaptive signal timing in effect
EVT448625,2025-08-15 18:18:26,Cultural Procession,J023,Basavanagudi,16225,Weekday,True,Rain,True,16.4,False,True,1.0,Severe,7.6,102.0,638.1,0.202,0.466,0.761,Road closure for event/procession - full detour recommended for through-traffic
EVT448626,2025-02-12 14:35:37,Local Market Day,J023,Basavanagudi,3366,Weekday,False,Clear,False,0.0,False,False,0.246,Low,25.3,7.5,178.4,0.114,0.262,0.971,Normal free-flow traffic - standard signal timing maintained
EVT448627,2025-07-27 18:19:03,Local Market Day,J030,MG Road,4881,Weekend,False,Fog,False,0.0,False,False,0.834,Severe,15.0,60.0,432.9,0.225,0.519,0.941,Heavy congestion detected - signal timing extended and reroute suggested
EVT448628,2025-05-08 20:35:26,Sports Fixture,J030,MG Road,20021,Weekday,False,Clear,False,0.0,False,False,0.6,High,29.1,46.0,246.3,0.207,0.478,0.981,Moderate traffic flow - standard adaptive signal timing in effect
EVT448629,2025-08-19 15:57:48,Concert,J020,Malleshwaram Circle,8613,Weekday,False,Heavy Rain,True,27.9,False,False,0.72,High,19.9,55.5,319.2,0.199,0.459,0.886,Heavy rain reducing visibility and grip - reduced speed and longer buffer advised
EVT448630,2025-10-31 15:08:36,Trade Fair,J031,Cubbon Road,7412,Weekday,False,Clear,False,0.0,False,False,0.352,Moderate,30.5,27.0,162.3,0.144,0.333,0.957,Moderate traffic flow - standard adaptive signal timing in effect
EVT448631,2026-03-25 14:44:05,Concert,J030,MG Road,18324,Weekday,False,Clear,False,0.0,False,False,0.39,Moderate,23.8,32.7,126.7,0.101,0.233,0.954,Moderate traffic flow - standard adaptive signal timing in effect
EVT448632,2025-09-14 09:07:17,Trade Fair,J020,Malleshwaram Circle,8188,Weekend,False,Clear,False,0.0,False,False,0.844,Severe,13.3,60.2,494.4,0.239,0.553,0.961,Heavy congestion detected - signal timing extended and reroute suggested
EVT448633,2025-08-19 13:35:05,Trade Fair,J030,MG Road,9259,Weekday,False,Clear,False,0.0,False,False,0.207,Low,34.0,13.7,128.0,0.109,0.253,0.973,Normal free-flow traffic - standard signal timing maintained
EVT448634,2025-07-16 09:45:01,Local Market Day,J031,Cubbon Road,3150,Weekday,False,Heavy Rain,True,27.4,False,False,1.0,Severe,7.9,64.7,561.4,0.18,0.415,0.863,Heavy rain reducing visibility and grip - reduced speed and longer buffer advised
EVT448635,2026-06-29 18:00:59,Local Market Day,J020,Malleshwaram Circle,4087,Weekday,False,Clear,False,0.0,False,False,1.0,Severe,8.5,75.4,729.2,0.239,0.551,0.894,Heavy congestion detected - signal timing extended and reroute suggested
EVT448636,2026-04-16 18:55:12,Sports Fixture,J009,Majestic,15929,Weekday,False,Clear,False,0.0,False,False,1.0,Severe,8.0,68.2,636.5,0.21,0.484,0.913,Heavy congestion detected - signal timing extended and reroute suggested
EVT448637,2025-03-15 09:33:30,Fireworks Display,J020,Malleshwaram Circle,26868,Weekend,True,Clear,False,0.0,False,False,1.0,Severe,9.4,70.6,520.8,0.181,0.418,0.873,Festival crowd surge detected - alternate route and extended cycle recommended
EVT448638,2026-04-27 13:23:40,Political Rally,J030,MG Road,21673,Weekday,False,Clear,False,0.0,False,False,0.341,Low,33.8,24.7,188.1,0.168,0.388,0.957,Moderate traffic flow - standard adaptive signal timing in effect
EVT448639,2025-10-01 12:26:15,Trade Fair,J031,Cubbon Road,7867,Weekday,False,Clear,False,0.0,False,False,0.196,Low,33.3,20.4,153.0,0.146,0.337,0.925,Normal free-flow traffic - standard signal timing maintained
EVT448640,2025-07-30 09:21:17,Sports Fixture,J023,Basavanagudi,14218,Weekday,False,Heavy Rain,True,40.2,False,False,1.0,Severe,8.2,68.8,580.0,0.206,0.475,0.847,Heavy rain reducing visibility and grip - reduced speed and longer buffer advised
EVT448641,2025-01-01 21:09:21,Trade Fair,J020,Malleshwaram Circle,8995,Weekday,False,Clear,False,0.0,False,False,0.43,Moderate,27.0,32.5,180.3,0.157,0.363,0.962,Moderate traffic flow - standard adaptive signal timing in effect
EVT448642,2026-05-26 17:17:12,Trade Fair,J020,Malleshwaram Circle,8133,Weekday,False,Clear,False,0.0,False,False,0.826,Severe,15.1,56.6,351.3,0.17,0.392,0.945,Heavy congestion detected - signal timing extended and reroute suggested
EVT448643,2025-04-16 10:57:11,Local Market Day,J030,MG Road,4247,Weekday,False,Light Rain,True,5.0,False,False,0.481,Moderate,24.4,35.0,192.1,0.122,0.283,0.942,Light rain detected - minor speed reduction advised
EVT448644,2025-03-18 17:00:41,Sports Fixture,J009,Majestic,9690,Weekday,False,Clear,False,0.0,False,False,0.786,Severe,17.5,52.9,197.1,0.116,0.269,0.959,Heavy congestion detected - signal timing extended and reroute suggested
EVT448645,2025-07-14 18:23:53,Sports Fixture,J009,Majestic,21246,Weekday,False,Fog,False,0.0,False,False,1.0,Severe,7.0,72.0,843.5,0.224,0.518,0.931,Heavy congestion detected - signal timing extended and reroute suggested
EVT448646,2026-03-13 19:23:10,Sports Fixture,J031,Cubbon Road,19428,Weekday,False,Clear,False,0.0,True,False,1.0,Severe,7.9,72.4,1034.1,0.331,0.764,0.746,Accident detected nearby - reroute and reduced speed advised
EVT448647,2025-10-08 14:36:38,Local Market Day,J040,City Market,1905,Weekday,False,Clear,False,0.0,False,False,0.183,Low,35.1,9.4,68.2,0.064,0.147,0.959,Normal free-flow traffic - standard signal timing maintained
EVT448648,2026-04-23 19:49:04,Concert,J012,Koramangala Sony World,11135,Weekday,False,Clear,False,0.0,False,False,0.848,Severe,13.3,62.7,237.6,0.106,0.245,0.97,Heavy congestion detected - signal timing extended and reroute suggested
EVT448649,2025-06-30 16:03:46,Local Market Day,J011,Indiranagar 100ft Road,6023,Weekday,False,Clear,False,0.0,False,False,0.466,Moderate,22.0,31.9,279.2,0.185,0.428,0.971,Moderate traffic flow - standard adaptive signal timing in effect
EVT448650,2025-06-01 10:02:24,Trade Fair,J012,Koramangala Sony World,12768,Weekend,False,Clear,False,0.0,False,False,0.776,Severe,17.1,59.5,247.2,0.149,0.343,0.971,Heavy congestion detected - signal timing extended and reroute suggested
EVT448651,2025-01-05 11:09:32,Sports Fixture,J009,Majestic,17608,Weekend,False,Clear,False,0.0,False,False,0.561,High,27.4,34.6,103.0,0.068,0.156,0.961,Moderate traffic flow - standard adaptive signal timing in effect
EVT448652,2025-08-02 17:25:55,Sports Fixture,J020,Malleshwaram Circle,29641,Weekend,False,Clear,False,0.0,False,False,0.86,Severe,9.9,58.3,625.7,0.217,0.502,0.951,Heavy congestion detected - signal timing extended and reroute suggested
EVT448653,2025-09-09 16:23:48,Trade Fair,J020,Malleshwaram Circle,12832,Weekday,False,Fog,False,0.0,False,False,0.513,Moderate,25.3,32.1,225.6,0.16,0.37,0.966,Moderate traffic flow - standard adaptive signal timing in effect
EVT448654,2025-10-04 07:43:31,Local Market Day,J040,City Market,5558,Weekend,False,Clear,False,0.0,False,False,0.565,High,22.4,46.0,174.3,0.122,0.282,0.986,Moderate traffic flow - standard adaptive signal timing in effect
EVT448655,2025-10-05 10:17:54,Local Market Day,J030,MG Road,4665,Weekend,False,Clear,False,0.0,False,False,0.634,High,24.1,44.0,173.7,0.123,0.284,0.956,Moderate traffic flow - standard adaptive signal timing in effect
EVT448656,2025-11-02 17:53:53,Religious Festival,J020,Malleshwaram Circle,56246,Weekend,True,Rain,True,7.8,False,False,1.0,Severe,9.0,72.9,596.6,0.236,0.546,0.805,Festival crowd surge detected - alternate route and extended cycle recommended
EVT448657,2025-03-16 20:27:56,Sports Fixture,J031,Cubbon Road,32089,Weekend,False,Clear,False,0.0,False,False,0.771,Severe,12.5,51.0,180.9,0.087,0.201,0.957,Heavy congestion detected - signal timing extended and reroute suggested
EVT448658,2025-07-06 13:58:35,Local Market Day,J009,Majestic,5453,Weekend,False,Clear,False,0.0,False,False,0.304,Low,28.1,24.3,110.6,0.064,0.148,0.962,Moderate traffic flow - standard adaptive signal timing in effect
EVT448659,2025-09-28 19:05:27,Local Market Day,J020,Malleshwaram Circle,3169,Weekend,False,Clear,False,0.0,False,False,0.788,Severe,13.0,56.7,429.3,0.201,0.465,0.961,Heavy congestion detected - signal timing extended and reroute suggested
EVT448660,2025-08-31 19:58:24,Local Market Day,J040,City Market,5238,Weekend,False,Heavy Rain,True,42.4,False,False,1.0,Severe,6.6,72.2,949.8,0.263,0.608,0.86,Heavy rain reducing visibility and grip - reduced speed and longer buffer advised
EVT448661,2025-01-30 21:27:11,Concert,J011,Indiranagar 100ft Road,12962,Weekday,False,Clear,False,0.0,False,False,0.401,Moderate,27.9,24.1,132.6,0.105,0.241,0.953,Moderate traffic flow - standard adaptive signal timing in effect
EVT448662,2025-03-02 22:07:24,Trade Fair,J020,Malleshwaram Circle,8910,Weekend,False,Clear,False,0.0,False,False,0.285,Low,29.7,16.5,209.4,0.156,0.361,0.96,Moderate traffic flow - standard adaptive signal timing in effect
EVT448663,2025-07-13 10:31:43,Sports Fixture,J031,Cubbon Road,18858,Weekend,False,Clear,False,0.0,False,False,0.635,High,15.3,48.6,506.3,0.272,0.628,0.974,Moderate traffic flow - standard adaptive signal timing in effect
EVT448664,2025-06-26 19:32:09,Local Market Day,J012,Koramangala Sony World,4673,Weekday,False,Clear,False,0.0,False,False,0.929,Severe,11.7,66.1,382.3,0.177,0.41,0.956,Heavy congestion detected - signal timing extended and reroute suggested
EVT448665,2025-02-18 20:03:00,Local Market Day,J031,Cubbon Road,2179,Weekday,False,Clear,False,0.0,False,False,0.7,High,13.7,55.4,232.0,0.111,0.255,0.963,Moderate traffic flow - standard adaptive signal timing in effect
EVT448666,2025-07-20 09:08:36,Sports Fixture,J031,Cubbon Road,28893,Weekend,False,Light Rain,True,7.1,False,False,1.0,Severe,7.9,76.1,380.1,0.148,0.342,0.87,Heavy rain reducing visibility and grip - reduced speed and longer buffer advised
EVT448667,2025-07-03 10:28:00,Sports Fixture,J031,Cubbon Road,25578,Weekday,False,Clear,False,0.0,False,False,0.891,Severe,8.7,67.5,353.1,0.145,0.335,0.934,Heavy congestion detected - signal timing extended and reroute suggested
EVT448668,2025-06-29 06:59:04,Local Market Day,J040,City Market,3753,Weekend,False,Clear,False,0.0,False,False,0.386,Moderate,30.6,29.2,219.1,0.2,0.462,0.99,Moderate traffic flow - standard adaptive signal timing in effect
EVT448669,2025-08-05 10:44:26,Trade Fair,J040,City Market,5517,Weekday,False,Clear,False,0.0,False,False,0.578,High,22.0,42.0,241.7,0.191,0.442,0.985,Moderate traffic flow - standard adaptive signal timing in effect
EVT448670,2025-10-11 21:51:35,Sports Fixture,J023,Basavanagudi,22594,Weekend,False,Rain,True,8.4,False,False,0.54,Moderate,19.5,37.5,204.6,0.11,0.255,0.938,Light rain detected - minor speed reduction advised
EVT448671,2025-10-31 22:05:23,Local Market Day,J023,Basavanagudi,4402,Weekday,False,Clear,False,0.0,False,False,0.185,Low,29.0,16.2,137.5,0.119,0.275,0.97,Normal free-flow traffic - standard signal timing maintained
EVT448672,2025-07-04 21:59:15,Sports Fixture,J031,Cubbon Road,16097,Weekday,False,Heavy Rain,True,63.7,False,False,0.687,High,16.5,56.0,188.2,0.12,0.276,0.922,Heavy rain reducing visibility and grip - reduced speed and longer buffer advised
EVT448673,2025-10-28 18:29:43,Sports Fixture,J030,MG Road,34584,Weekday,False,Heavy Rain,True,26.5,False,False,1.0,Severe,10.0,69.1,286.9,0.121,0.279,0.874,Heavy rain reducing visibility and grip - reduced speed and longer buffer advised
EVT448674,2025-12-27 17:04:24,Local Market Day,J009,Majestic,2776,Weekend,False,Clear,False,0.0,False,False,0.696,High,19.9,42.4,250.6,0.155,0.358,0.987,Moderate traffic flow - standard adaptive signal timing in effect
EVT448675,2025-12-03 09:56:41,Concert,J030,MG Road,10799,Weekday,False,Light Rain,True,4.9,False,False,1.0,Severe,7.1,74.4,380.6,0.122,0.282,0.85,Heavy rain reducing visibility and grip - reduced speed and longer buffer advised
EVT448676,2025-08-29 20:52:06,Local Market Day,J030,MG Road,2971,Weekday,False,Clear,False,0.0,False,False,0.405,Moderate,24.8,24.7,259.1,0.178,0.41,0.946,Moderate traffic flow - standard adaptive signal timing in effect
EVT448677,2025-10-31 19:12:47,Concert,J031,Cubbon Road,10820,Weekday,False,Clear,False,0.0,False,False,0.94,Severe,9.7,67.7,228.7,0.111,0.255,0.918,Heavy congestion detected - signal timing extended and reroute suggested
EVT448678,2025-12-03 14:14:36,Political Rally,J030,MG Road,16643,Weekday,False,Rain,True,8.2,False,False,0.339,Low,29.6,22.5,134.8,0.097,0.224,0.898,Light rain detected - minor speed reduction advised
EVT448679,2025-05-21 19:39:32,Concert,J023,Basavanagudi,10990,Weekday,False,Clear,False,0.0,False,False,0.838,Severe,15.1,58.9,378.3,0.19,0.439,0.924,Heavy congestion detected - signal timing extended and reroute suggested
EVT448680,2026-03-26 19:14:55,Cultural Procession,J031,Cubbon Road,29167,Weekday,True,Clear,False,0.0,False,True,1.0,Severe,8.4,101.3,439.1,0.153,0.354,0.838,Road closure for event/procession - full detour recommended for through-traffic
EVT448681,2025-05-09 17:28:15,Sports Fixture,J023,Basavanagudi,29738,Weekday,False,Rain,True,9.1,False,False,1.0,Severe,8.2,73.2,554.7,0.222,0.512,0.855,Heavy rain reducing visibility and grip - reduced speed and longer buffer advised
EVT448682,2025-11-28 16:23:43,Concert,J011,Indiranagar 100ft Road,9686,Weekday,False,Clear,False,0.0,False,False,0.607,High,19.8,43.4,243.5,0.157,0.362,0.981,Moderate traffic flow - standard adaptive signal timing in effect
EVT448683,2025-10-26 12:22:12,Local Market Day,J030,MG Road,2659,Weekend,False,Clear,False,0.0,False,False,0.319,Low,35.5,23.8,204.6,0.184,0.424,0.972,Moderate traffic flow - standard adaptive signal timing in effect
EVT448684,2025-01-21 13:08:11,Trade Fair,J009,Majestic,6698,Weekday,False,Clear,False,0.0,False,False,0.084,Low,37.3,2.8,109.1,0.091,0.211,0.978,Normal free-flow traffic - standard signal timing maintained
EVT448685,2025-01-27 16:25:21,Cultural Procession,J009,Majestic,22057,Weekday,True,Fog,False,0.0,False,False,0.951,Severe,11.3,69.5,458.8,0.209,0.483,0.902,Festival crowd surge detected - alternate route and extended cycle recommended
EVT448686,2025-09-21 09:11:35,Local Market Day,J031,Cubbon Road,2850,Weekend,False,Rain,True,19.4,False,False,1.0,Severe,8.4,75.9,718.6,0.226,0.522,0.849,Heavy rain reducing visibility and grip - reduced speed and longer buffer advised
EVT448687,2026-02-28 12:23:40,Political Rally,J040,City Market,11204,Weekend,False,Clear,False,0.0,False,False,0.345,Low,28.5,26.5,125.4,0.104,0.241,0.953,Moderate traffic flow - standard adaptive signal timing in effect
EVT448688,2026-02-22 12:09:31,Sports Fixture,J009,Majestic,17000,Weekend,False,Fog,False,0.0,False,False,0.347,Low,27.5,24.5,132.3,0.101,0.233,0.979,Moderate traffic flow - standard adaptive signal timing in effect
EVT448689,2025-10-27 17:19:14,Local Market Day,J011,Indiranagar 100ft Road,3470,Weekday,False,Clear,False,0.0,False,False,0.792,Severe,17.1,61.8,243.3,0.135,0.313,0.974,Heavy congestion detected - signal timing extended and reroute suggested
EVT448690,2025-12-14 14:27:23,Local Market Day,J020,Malleshwaram Circle,4815,Weekend,False,Clear,False,0.0,False,False,0.307,Low,34.4,26.7,119.9,0.096,0.223,0.95,Moderate traffic flow - standard adaptive signal timing in effect
EVT448691,2025-01-25 08:01:13,Sports Fixture,J023,Basavanagudi,34192,Weekend,False,Clear,False,0.0,False,False,0.905,Severe,13.7,63.1,375.1,0.188,0.435,0.915,Heavy congestion detected - signal timing extended and reroute suggested
EVT448692,2025-01-30 08:43:57,Trade Fair,J011,Indiranagar 100ft Road,12926,Weekday,False,Clear,False,0.0,False,False,1.0,Severe,9.6,71.8,635.5,0.239,0.552,0.909,Heavy congestion detected - signal timing extended and reroute suggested
EVT448693,2026-04-26 09:10:01,Concert,J009,Majestic,14621,Weekend,False,Clear,False,0.0,False,False,0.876,Severe,10.1,63.8,463.5,0.201,0.465,0.937,Heavy congestion detected - signal timing extended and reroute suggested
EVT448694,2025-06-12 08:04:47,Trade Fair,J012,Koramangala Sony World,12904,Weekday,False,Light Rain,True,2.1,False,False,0.998,Severe,9.1,73.9,448.1,0.183,0.422,0.845,Heavy rain reducing visibility and grip - reduced speed and longer buffer advised
EVT448695,2025-09-12 17:20:10,Local Market Day,J031,Cubbon Road,5357,Weekday,False,Clear,False,0.0,False,False,0.856,Severe,15.5,57.0,346.6,0.197,0.454,0.917,Heavy congestion detected - signal timing extended and reroute suggested
EVT448696,2025-11-20 09:11:49,Sports Fixture,J023,Basavanagudi,23674,Weekday,False,Clear,False,0.0,False,False,1.0,Severe,9.5,73.9,645.1,0.269,0.622,0.917,Heavy congestion detected - signal timing extended and reroute suggested
EVT448697,2025-07-06 15:39:38,Political Rally,J023,Basavanagudi,10079,Weekend,False,Heavy Rain,True,32.3,False,False,0.746,High,17.0,47.1,305.9,0.19,0.44,0.928,Heavy rain reducing visibility and grip - reduced speed and longer buffer advised
EVT448698,2026-03-11 17:55:03,Trade Fair,J020,Malleshwaram Circle,7519,Weekday,False,Clear,False,0.0,False,False,1.0,Severe,7.6,76.5,460.8,0.158,0.366,0.93,Heavy congestion detected - signal timing extended and reroute suggested
EVT448699,2025-09-13 22:40:52,Concert,J040,City Market,12549,Weekend,False,Heavy Rain,True,60.1,False,False,0.646,High,18.9,41.2,173.3,0.088,0.204,0.923,Heavy rain reducing visibility and grip - reduced speed and longer buffer advised
EVT448700,2025-12-13 19:33:25,Local Market Day,J020,Malleshwaram Circle,11226,Weekend,False,Clear,False,0.0,False,False,0.743,High,17.6,48.9,256.4,0.144,0.332,0.976,Moderate traffic flow - standard adaptive signal timing in effect
EVT448701,2025-08-04 09:39:48,Political Rally,J031,Cubbon Road,8728,Weekday,False,Clear,False,0.0,False,False,0.891,Severe,11.9,65.0,529.2,0.226,0.523,0.951,Heavy congestion detected - signal timing extended and reroute suggested
EVT448702,2026-02-24 20:32:30,Local Market Day,J023,Basavanagudi,5958,Weekday,False,Clear,False,0.0,False,False,0.548,Moderate,17.5,43.5,203.7,0.097,0.223,0.981,Moderate traffic flow - standard adaptive signal timing in effect
EVT448703,2026-01-20 20:51:50,Local Market Day,J030,MG Road,4478,Weekday,False,Clear,False,0.0,False,False,0.569,High,22.3,39.1,217.1,0.148,0.342,0.989,Moderate traffic flow - standard adaptive signal timing in effect
EVT448704,2026-04-26 19:49:43,Local Market Day,J009,Majestic,2951,Weekend,False,Clear,False,0.0,False,False,0.647,High,23.4,45.4,195.4,0.14,0.323,0.93,Moderate traffic flow - standard adaptive signal timing in effect
EVT448705,2025-05-09 22:32:24,Sports Fixture,J030,MG Road,21937,Weekday,False,Clear,False,0.0,False,False,0.336,Low,31.2,24.8,118.8,0.112,0.26,0.948,Moderate traffic flow - standard adaptive signal timing in effect
EVT448706,2026-06-15 08:22:25,Local Market Day,J020,Malleshwaram Circle,3112,Weekday,False,Rain,True,12.2,False,False,1.0,Severe,8.4,72.8,573.3,0.211,0.487,0.881,Heavy rain reducing visibility and grip - reduced speed and longer buffer advised
EVT448707,2026-05-24 10:31:07,Local Market Day,J040,City Market,3024,Weekend,False,Heavy Rain,True,35.6,False,False,0.883,Severe,12.0,58.1,268.0,0.139,0.321,0.89,Heavy rain reducing visibility and grip - reduced speed and longer buffer advised
EVT448708,2025-12-13 23:23:08,Concert,J011,Indiranagar 100ft Road,7797,Weekend,False,Clear,False,0.0,False,False,0.309,Low,27.5,19.9,220.1,0.168,0.389,0.968,Moderate traffic flow - standard adaptive signal timing in effect
EVT448709,2025-08-10 17:19:33,Local Market Day,J012,Koramangala Sony World,5740,Weekend,False,Clear,False,0.0,False,False,0.701,High,16.6,52.3,310.8,0.183,0.423,0.954,Moderate traffic flow - standard adaptive signal timing in effect
EVT448710,2026-05-07 20:16:22,Local Market Day,J011,Indiranagar 100ft Road,3667,Weekday,False,Clear,False,0.0,False,False,0.543,Moderate,25.4,38.0,189.5,0.126,0.29,0.955,Moderate traffic flow - standard adaptive signal timing in effect
EVT448711,2025-04-28 06:18:53,Concert,J012,Koramangala Sony World,11943,Weekday,False,Rain,True,11.1,False,False,0.416,Moderate,21.8,33.1,275.1,0.175,0.405,0.896,Light rain detected - minor speed reduction advised
EVT448712,2025-08-31 10:04:43,Local Market Day,J011,Indiranagar 100ft Road,2717,Weekend,False,Heavy Rain,True,26.9,False,False,0.87,Severe,11.4,63.9,462.0,0.212,0.49,0.914,Heavy rain reducing visibility and grip - reduced speed and longer buffer advised
EVT448713,2025-12-30 13:18:53,Political Rally,J023,Basavanagudi,15188,Weekday,False,Light Rain,True,3.0,False,False,0.321,Low,30.7,22.6,59.3,0.047,0.108,0.901,Light rain detected - minor speed reduction advised
EVT448714,2025-04-21 09:17:50,Local Market Day,J020,Malleshwaram Circle,4567,Weekday,False,Clear,False,0.0,False,False,1.0,Severe,7.0,67.6,491.4,0.138,0.319,0.92,Heavy congestion detected - signal timing extended and reroute suggested
EVT448715,2026-02-16 07:54:04,Local Market Day,J031,Cubbon Road,4715,Weekday,False,Clear,False,0.0,False,False,0.743,High,16.4,52.1,158.4,0.101,0.233,0.96,Moderate traffic flow - standard adaptive signal timing in effect
EVT448716,2025-03-01 17:32:51,Concert,J031,Cubbon Road,8167,Weekend,False,Clear,False,0.0,False,False,0.727,High,17.5,43.4,272.1,0.182,0.42,0.95,Moderate traffic flow - standard adaptive signal timing in effect
EVT448717,2026-02-19 16:25:12,Local Market Day,J020,Malleshwaram Circle,4620,Weekday,False,Clear,False,0.0,False,False,0.556,High,30.1,36.7,132.4,0.114,0.262,0.934,Moderate traffic flow - standard adaptive signal timing in effect
EVT448718,2025-03-06 22:14:23,Trade Fair,J023,Basavanagudi,10259,Weekday,False,Clear,False,0.0,False,False,0.286,Low,25.3,12.2,136.4,0.098,0.226,0.987,Moderate traffic flow - standard adaptive signal timing in effect
EVT448719,2026-05-26 07:28:51,Sports Fixture,J023,Basavanagudi,38143,Weekday,False,Clear,False,0.0,False,False,0.842,Severe,15.0,54.7,127.1,0.079,0.183,0.948,Heavy congestion detected - signal timing extended and reroute suggested
EVT448720,2026-05-13 13:00:54,Sports Fixture,J020,Malleshwaram Circle,12856,Weekday,False,Clear,False,0.0,False,False,0.144,Low,33.2,4.9,158.6,0.116,0.267,0.965,Normal free-flow traffic - standard signal timing maintained
EVT448721,2025-02-28 13:50:44,Local Market Day,J030,MG Road,4774,Weekday,False,Clear,False,0.0,False,False,0.173,Low,25.9,16.0,95.5,0.06,0.138,0.966,Normal free-flow traffic - standard signal timing maintained
EVT448722,2025-12-29 09:28:20,Trade Fair,J023,Basavanagudi,8846,Weekday,False,Clear,False,0.0,True,False,1.0,Severe,7.9,70.4,691.8,0.22,0.509,0.758,Accident detected nearby - reroute and reduced speed advised
EVT448723,2025-01-03 03:35:44,Local Market Day,J012,Koramangala Sony World,2518,Weekday,False,Clear,False,0.0,False,False,0.189,Low,36.8,16.4,44.3,0.027,0.062,0.98,Normal free-flow traffic - standard signal timing maintained
EVT448724,2026-04-26 19:48:59,Local Market Day,J031,Cubbon Road,2395,Weekend,False,Clear,False,0.0,False,False,0.763,Severe,16.5,49.5,198.8,0.116,0.268,0.981,Heavy congestion detected - signal timing extended and reroute suggested
EVT448725,2025-05-21 13:37:09,Sports Fixture,J031,Cubbon Road,21944,Weekday,False,Clear,False,0.0,False,False,0.243,Low,27.3,14.9,93.2,0.067,0.154,0.99,Normal free-flow traffic - standard signal timing maintained
EVT448726,2025-01-27 09:52:30,Religious Festival,J040,City Market,30598,Weekday,True,Clear,False,0.0,False,True,1.0,Severe,8.1,101.2,709.0,0.242,0.559,0.842,Road closure for event/procession - full detour recommended for through-traffic
EVT448727,2025-05-10 19:07:24,Trade Fair,J030,MG Road,4387,Weekend,False,Clear,False,0.0,False,False,0.854,Severe,11.2,60.1,374.5,0.149,0.344,0.964,Heavy congestion detected - signal timing extended and reroute suggested
EVT448728,2026-06-01 17:39:39,Political Rally,J030,MG Road,21134,Weekday,False,Clear,False,0.0,False,False,1.0,Severe,7.3,80.4,702.6,0.204,0.472,0.882,Heavy congestion detected - signal timing extended and reroute suggested
EVT448729,2025-03-07 12:45:38,Sports Fixture,J012,Koramangala Sony World,18336,Weekday,False,Clear,False,0.0,False,False,0.207,Low,31.8,13.2,175.9,0.148,0.342,0.99,Normal free-flow traffic - standard signal timing maintained
EVT448730,2025-11-16 20:24:45,Local Market Day,J012,Koramangala Sony World,4320,Weekend,False,Clear,False,0.0,False,False,0.564,High,23.7,41.0,190.7,0.124,0.287,0.961,Moderate traffic flow - standard adaptive signal timing in effect
EVT448731,2025-05-28 05:04:08,Sports Fixture,J031,Cubbon Road,22320,Weekday,False,Clear,False,0.0,False,False,0.293,Low,29.8,18.4,76.9,0.072,0.166,0.972,Moderate traffic flow - standard adaptive signal timing in effect
EVT448732,2025-06-02 17:27:56,Political Rally,J011,Indiranagar 100ft Road,20357,Weekday,False,Clear,False,0.0,False,False,0.92,Severe,10.5,61.5,457.2,0.171,0.394,0.939,Heavy congestion detected - signal timing extended and reroute suggested
EVT448733,2025-01-13 16:49:07,Trade Fair,J012,Koramangala Sony World,6241,Weekday,False,Clear,False,0.0,False,False,0.729,High,14.7,53.8,251.2,0.123,0.285,0.955,Moderate traffic flow - standard adaptive signal timing in effect
EVT448734,2025-03-21 06:40:57,Concert,J011,Indiranagar 100ft Road,9223,Weekday,False,Clear,False,0.0,False,False,0.367,Moderate,31.5,29.7,201.3,0.157,0.363,0.956,Moderate traffic flow - standard adaptive signal timing in effect
EVT448735,2026-06-23 18:02:39,Concert,J009,Majestic,11557,Weekday,False,Clear,False,0.0,False,False,1.0,Severe,8.9,68.6,182.8,0.079,0.182,0.914,Heavy congestion detected - signal timing extended and reroute suggested
EVT448736,2025-06-10 19:23:23,Local Market Day,J030,MG Road,7683,Weekday,False,Heavy Rain,True,32.9,False,False,1.0,Severe,7.9,68.1,498.4,0.164,0.379,0.868,Heavy rain reducing visibility and grip - reduced speed and longer buffer advised
EVT448737,2025-03-06 15:04:23,Local Market Day,J020,Malleshwaram Circle,4872,Weekday,False,Clear,False,0.0,False,False,0.279,Low,27.2,20.9,103.0,0.09,0.208,0.946,Moderate traffic flow - standard adaptive signal timing in effect
EVT448738,2026-02-25 18:41:10,Local Market Day,J011,Indiranagar 100ft Road,2629,Weekday,False,Clear,False,0.0,False,False,1.0,Severe,10.3,65.9,459.3,0.208,0.481,0.918,Heavy congestion detected - signal timing extended and reroute suggested
EVT448739,2025-08-05 12:22:51,Political Rally,J012,Koramangala Sony World,12596,Weekday,False,Clear,False,0.0,False,False,0.254,Low,38.8,21.9,123.4,0.113,0.26,0.971,Moderate traffic flow - standard adaptive signal timing in effect
EVT448740,2025-10-27 16:57:05,Sports Fixture,J009,Majestic,31944,Weekday,False,Clear,False,0.0,False,False,0.903,Severe,12.3,63.3,442.8,0.207,0.477,0.921,Heavy congestion detected - signal timing extended and reroute suggested
EVT448741,2026-03-27 08:12:57,Fireworks Display,J030,MG Road,9428,Weekday,True,Light Rain,True,2.9,False,False,1.0,Severe,9.2,66.7,467.2,0.166,0.384,0.778,Festival crowd surge detected - alternate route and extended cycle recommended
EVT448742,2025-06-15 07:33:50,Sports Fixture,J009,Majestic,19203,Weekend,False,Clear,False,0.0,False,False,0.644,High,25.3,44.5,196.9,0.158,0.365,0.981,Moderate traffic flow - standard adaptive signal timing in effect
EVT448743,2025-07-18 13:51:24,Sports Fixture,J020,Malleshwaram Circle,43287,Weekday,False,Clear,False,0.0,False,False,0.413,Moderate,23.8,35.9,186.3,0.123,0.285,0.969,Moderate traffic flow - standard adaptive signal timing in effect
EVT448744,2025-07-01 17:57:21,Local Market Day,J009,Majestic,3926,Weekday,False,Clear,False,0.0,False,False,1.0,Severe,9.2,67.2,341.9,0.126,0.291,0.909,Heavy congestion detected - signal timing extended and reroute suggested
EVT448745,2026-01-20 17:17:04,Trade Fair,J011,Indiranagar 100ft Road,9261,Weekday,False,Clear,False,0.0,False,False,0.804,Severe,16.5,55.8,347.3,0.198,0.457,0.934,Heavy congestion detected - signal timing extended and reroute suggested
EVT448746,2026-02-01 22:38:32,Concert,J030,MG Road,16454,Weekend,False,Clear,False,0.0,False,False,0.334,Low,31.5,25.7,115.2,0.075,0.172,0.947,Moderate traffic flow - standard adaptive signal timing in effect
EVT448747,2025-11-15 08:59:48,Local Market Day,J030,MG Road,5841,Weekend,False,Clear,False,0.0,False,False,0.833,Severe,15.1,58.4,256.9,0.129,0.299,0.934,Heavy congestion detected - signal timing extended and reroute suggested
EVT448748,2025-08-08 15:56:41,Trade Fair,J009,Majestic,11994,Weekday,False,Clear,False,0.0,False,False,0.429,Moderate,24.4,33.5,234.7,0.2,0.462,0.978,Moderate traffic flow - standard adaptive signal timing in effect
EVT448749,2025-02-18 11:37:38,Concert,J030,MG Road,9107,Weekday,False,Light Rain,True,1.3,False,False,0.335,Low,26.2,25.2,224.6,0.16,0.369,0.888,Light rain detected - minor speed reduction advised
EVT448750,2025-09-16 14:24:45,Trade Fair,J030,MG Road,10195,Weekday,False,Clear,False,0.0,False,False,0.187,Low,31.8,17.9,132.7,0.103,0.237,0.938,Normal free-flow traffic - standard signal timing maintained
EVT448751,2025-05-24 16:48:18,Local Market Day,J023,Basavanagudi,3750,Weekend,False,Clear,False,0.0,False,False,0.596,High,21.3,36.5,173.2,0.107,0.247,0.983,Moderate traffic flow - standard adaptive signal timing in effect
EVT448752,2026-04-03 12:20:17,Local Market Day,J012,Koramangala Sony World,4142,Weekday,False,Fog,False,0.0,False,False,0.151,Low,41.5,12.1,111.4,0.116,0.268,0.971,Normal free-flow traffic - standard signal timing maintained
EVT448753,2025-01-08 13:22:28,Concert,J020,Malleshwaram Circle,13402,Weekday,False,Clear,False,0.0,False,False,0.238,Low,28.9,20.3,103.0,0.077,0.177,0.972,Normal free-flow traffic - standard signal timing maintained
EVT448754,2025-07-23 20:04:19,Political Rally,J009,Majestic,16775,Weekday,False,Heavy Rain,True,42.0,False,False,1.0,Severe,8.3,74.7,193.7,0.078,0.181,0.883,Heavy rain reducing visibility and grip - reduced speed and longer buffer advised
EVT448755,2026-03-13 18:45:25,Concert,J023,Basavanagudi,11479,Weekday,False,Clear,False,0.0,False,False,1.0,Severe,8.4,78.4,498.5,0.18,0.416,0.938,Heavy congestion detected - signal timing extended and reroute suggested
EVT448756,2025-06-20 16:40:19,Political Rally,J011,Indiranagar 100ft Road,11938,Weekday,False,Clear,False,0.0,False,False,0.68,High,19.5,45.9,232.7,0.129,0.297,0.949,Moderate traffic flow - standard adaptive signal timing in effect
EVT448757,2025-11-16 11:32:29,Political Rally,J020,Malleshwaram Circle,13170,Weekend,False,Clear,False,0.0,False,False,0.408,Moderate,29.2,30.6,139.3,0.115,0.266,0.98,Moderate traffic flow - standard adaptive signal timing in effect
EVT448758,2025-08-15 10:34:53,Fireworks Display,J040,City Market,21490,Weekday,True,Clear,False,0.0,False,False,0.945,Severe,11.0,65.7,508.3,0.226,0.522,0.895,Festival crowd surge detected - alternate route and extended cycle recommended
EVT448759,2026-06-07 19:35:13,Sports Fixture,J009,Majestic,16366,Weekend,False,Clear,False,0.0,False,False,0.806,Severe,18.0,60.4,145.3,0.099,0.229,0.937,Heavy congestion detected - signal timing extended and reroute suggested
EVT448760,2026-06-26 05:43:39,Concert,J009,Majestic,12211,Weekday,False,Clear,False,0.0,False,False,0.272,Low,31.8,20.4,185.3,0.144,0.333,0.955,Moderate traffic flow - standard adaptive signal timing in effect
EVT448761,2025-11-10 15:19:54,Sports Fixture,J031,Cubbon Road,18372,Weekday,False,Clear,False,0.0,False,False,0.347,Low,25.7,20.1,177.8,0.127,0.293,0.975,Moderate traffic flow - standard adaptive signal timing in effect
EVT448762,2025-09-26 09:34:05,Local Market Day,J023,Basavanagudi,2187,Weekday,False,Clear,False,0.0,False,False,1.0,Severe,7.2,68.6,1034.6,0.314,0.725,0.928,Heavy congestion detected - signal timing extended and reroute suggested
EVT448763,2025-08-12 06:19:00,Trade Fair,J011,Indiranagar 100ft Road,14100,Weekday,False,Clear,False,0.0,False,False,0.283,Low,29.5,28.4,197.6,0.161,0.373,0.948,Moderate traffic flow - standard adaptive signal timing in effect
EVT448764,2025-03-15 09:53:26,Religious Festival,J012,Koramangala Sony World,50605,Weekend,True,Clear,False,0.0,False,True,1.0,Severe,9.1,94.5,209.5,0.098,0.226,0.817,Road closure for event/procession - full detour recommended for through-traffic
EVT448765,2026-06-18 19:18:39,Political Rally,J020,Malleshwaram Circle,8333,Weekday,False,Clear,False,0.0,False,False,0.874,Severe,13.1,59.5,384.7,0.218,0.504,0.925,Heavy congestion detected - signal timing extended and reroute suggested
EVT448766,2026-05-17 12:12:23,Trade Fair,J023,Basavanagudi,4489,Weekend,False,Clear,False,0.0,False,False,0.235,Low,34.5,16.7,139.1,0.119,0.275,0.939,Normal free-flow traffic - standard signal timing maintained
EVT448767,2025-12-23 18:54:24,Sports Fixture,J012,Koramangala Sony World,36442,Weekday,False,Fog,False,0.0,False,False,1.0,Severe,9.0,75.2,801.7,0.283,0.653,0.948,Heavy congestion detected - signal timing extended and reroute suggested
EVT448768,2025-01-20 07:58:36,Local Market Day,J030,MG Road,12247,Weekday,False,Clear,False,0.0,False,False,0.772,Severe,14.5,57.8,282.6,0.155,0.359,0.99,Heavy congestion detected - signal timing extended and reroute suggested
EVT448769,2025-07-14 17:07:54,Political Rally,J030,MG Road,24360,Weekday,False,Fog,False,0.0,False,False,0.886,Severe,9.3,59.3,573.4,0.206,0.476,0.975,Heavy congestion detected - signal timing extended and reroute suggested
EVT448770,2025-02-07 08:16:35,Concert,J030,MG Road,15642,Weekday,False,Clear,False,0.0,False,False,0.988,Severe,8.5,64.1,419.3,0.145,0.336,0.915,Heavy congestion detected - signal timing extended and reroute suggested
EVT448771,2025-02-02 14:54:48,Sports Fixture,J009,Majestic,31173,Weekend,False,Clear,False,0.0,False,False,0.545,Moderate,24.8,36.3,174.8,0.114,0.262,0.982,Moderate traffic flow - standard adaptive signal timing in effect
EVT448772,2025-03-05 12:32:52,Concert,J030,MG Road,11970,Weekday,False,Clear,False,0.0,False,False,0.188,Low,32.2,12.8,145.3,0.13,0.301,0.956,Normal free-flow traffic - standard signal timing maintained
EVT448773,2025-01-22 07:54:59,Sports Fixture,J040,City Market,32213,Weekday,False,Clear,False,0.0,False,False,0.907,Severe,12.1,63.9,427.8,0.197,0.456,0.934,Heavy congestion detected - signal timing extended and reroute suggested
EVT448774,2025-06-07 18:26:52,Sports Fixture,J031,Cubbon Road,32815,Weekend,False,Clear,False,0.0,False,False,0.981,Severe,9.3,72.1,440.6,0.181,0.418,0.912,Heavy congestion detected - signal timing extended and reroute suggested
EVT448775,2026-04-04 22:46:29,Sports Fixture,J040,City Market,33719,Weekend,False,Clear,False,0.0,False,False,0.416,Moderate,31.2,30.7,161.1,0.143,0.33,0.967,Moderate traffic flow - standard adaptive signal timing in effect
EVT448776,2026-03-27 13:05:39,Religious Festival,J020,Malleshwaram Circle,24375,Weekday,True,Fog,False,0.0,False,False,0.446,Moderate,21.4,35.7,203.1,0.122,0.282,0.911,Moderate traffic flow - standard adaptive signal timing in effect
EVT448777,2026-01-02 15:38:42,Religious Festival,J030,MG Road,80058,Weekday,True,Clear,False,0.0,False,True,1.0,Severe,7.9,100.1,525.0,0.178,0.411,0.82,Road closure for event/procession - full detour recommended for through-traffic
EVT448778,2025-09-28 13:49:02,Local Market Day,J040,City Market,6022,Weekend,False,Clear,False,0.0,False,False,0.194,Low,34.1,12.3,128.0,0.105,0.244,0.975,Normal free-flow traffic - standard signal timing maintained
EVT448779,2026-02-12 21:34:57,Local Market Day,J009,Majestic,3578,Weekday,False,Clear,False,0.0,False,False,0.274,Low,34.0,18.4,119.7,0.108,0.251,0.957,Moderate traffic flow - standard adaptive signal timing in effect
EVT448780,2025-03-08 14:42:08,Concert,J030,MG Road,13697,Weekend,False,Clear,False,0.0,False,False,0.34,Low,28.7,29.1,192.6,0.157,0.363,0.953,Moderate traffic flow - standard adaptive signal timing in effect
EVT448781,2026-03-01 12:01:36,Trade Fair,J040,City Market,13158,Weekend,False,Clear,False,0.0,False,False,0.332,Low,24.2,28.7,186.4,0.13,0.3,0.94,Moderate traffic flow - standard adaptive signal timing in effect
EVT448782,2026-01-16 09:19:42,Trade Fair,J020,Malleshwaram Circle,10687,Weekday,False,Clear,False,0.0,False,False,0.995,Severe,9.3,68.5,182.8,0.103,0.238,0.904,Heavy congestion detected - signal timing extended and reroute suggested
EVT448783,2026-01-01 07:19:48,Religious Festival,J009,Majestic,41891,Weekday,True,Clear,False,0.0,False,True,1.0,Severe,7.5,100.0,242.1,0.101,0.233,0.829,Road closure for event/procession - full detour recommended for through-traffic
EVT448784,2026-05-09 05:03:20,Sports Fixture,J040,City Market,29437,Weekend,False,Rain,True,8.1,False,False,0.513,Moderate,28.2,30.6,172.5,0.15,0.346,0.915,Light rain detected - minor speed reduction advised
EVT448785,2025-07-30 07:36:48,Trade Fair,J011,Indiranagar 100ft Road,16385,Weekday,False,Clear,False,0.0,False,False,0.736,High,15.7,52.6,256.6,0.145,0.335,0.973,Moderate traffic flow - standard adaptive signal timing in effect
EVT448786,2025-10-15 11:34:53,Political Rally,J009,Majestic,7117,Weekday,False,Clear,False,0.0,False,False,0.293,Low,32.3,16.1,153.3,0.134,0.31,0.944,Moderate traffic flow - standard adaptive signal timing in effect
EVT448787,2025-08-06 09:47:32,Local Market Day,J031,Cubbon Road,4206,Weekday,False,Rain,True,15.9,False,False,1.0,Severe,7.2,74.1,711.5,0.205,0.473,0.87,Heavy rain reducing visibility and grip - reduced speed and longer buffer advised
EVT448788,2026-05-16 18:30:49,Political Rally,J009,Majestic,8261,Weekend,False,Clear,False,0.0,False,False,0.887,Severe,10.9,64.0,518.6,0.24,0.555,0.943,Heavy congestion detected - signal timing extended and reroute suggested
EVT448789,2025-03-27 18:30:31,Trade Fair,J009,Majestic,7758,Weekday,False,Clear,False,0.0,False,False,0.991,Severe,8.1,72.3,564.9,0.201,0.465,0.914,Heavy congestion detected - signal timing extended and reroute suggested
EVT448790,2025-04-23 15:07:21,Local Market Day,J031,Cubbon Road,3119,Weekday,False,Fog,False,0.0,False,False,0.286,Low,30.2,19.0,90.7,0.056,0.129,0.958,Moderate traffic flow - standard adaptive signal timing in effect
EVT448791,2025-06-27 09:06:57,Local Market Day,J031,Cubbon Road,3530,Weekday,False,Clear,False,0.0,False,False,0.927,Severe,12.6,67.0,405.3,0.184,0.426,0.932,Heavy congestion detected - signal timing extended and reroute suggested
EVT448792,2025-06-27 18:15:55,Concert,J031,Cubbon Road,7520,Weekday,False,Heavy Rain,True,34.4,False,False,1.0,Severe,10.2,77.8,471.3,0.197,0.455,0.879,Heavy rain reducing visibility and grip - reduced speed and longer buffer advised
EVT448793,2026-04-20 06:57:11,Concert,J020,Malleshwaram Circle,20620,Weekday,False,Clear,False,0.0,False,False,0.513,Moderate,24.5,39.0,205.6,0.151,0.348,0.941,Moderate traffic flow - standard adaptive signal timing in effect
EVT448794,2026-05-07 16:23:51,Concert,J031,Cubbon Road,15776,Weekday,False,Rain,True,15.7,False,False,0.791,Severe,14.6,55.0,399.0,0.2,0.463,0.917,Heavy rain reducing visibility and grip - reduced speed and longer buffer advised
EVT448795,2026-02-04 15:16:20,Concert,J012,Koramangala Sony World,12364,Weekday,False,Fog,False,0.0,False,False,0.377,Moderate,28.3,31.4,105.5,0.079,0.182,0.969,Moderate traffic flow - standard adaptive signal timing in effect
EVT448796,2025-04-07 11:08:21,Religious Festival,J030,MG Road,24109,Weekday,True,Clear,False,0.0,False,False,0.651,High,20.3,42.9,231.7,0.142,0.328,0.93,Festival crowd surge detected - alternate route and extended cycle recommended
EVT448797,2026-03-19 21:54:45,Religious Festival,J031,Cubbon Road,73194,Weekday,True,Clear,False,0.0,False,True,1.0,Severe,7.8,105.4,820.0,0.25,0.577,0.821,Road closure for event/procession - full detour recommended for through-traffic
EVT448798,2026-04-29 19:25:04,Political Rally,J009,Majestic,8332,Weekday,False,Clear,False,0.0,False,False,0.855,Severe,13.5,63.9,451.5,0.22,0.509,0.972,Heavy congestion detected - signal timing extended and reroute suggested
EVT448799,2026-05-13 17:49:01,Trade Fair,J020,Malleshwaram Circle,7482,Weekday,False,Clear,False,0.0,False,False,0.987,Severe,9.1,70.7,534.9,0.214,0.494,0.894,Heavy congestion detected - signal timing extended and reroute suggested
EVT448800,2025-01-04 07:27:37,Trade Fair,J040,City Market,8406,Weekend,False,Clear,False,0.0,False,False,0.529,Moderate,25.8,37.0,217.9,0.147,0.339,0.951,Moderate traffic flow - standard adaptive signal timing in effect
EVT448801,2026-03-01 14:39:54,Local Market Day,J023,Basavanagudi,2991,Weekend,False,Clear,False,0.0,False,False,0.287,Low,27.7,21.4,194.7,0.158,0.366,0.965,Moderate traffic flow - standard adaptive signal timing in effect
EVT448802,2025-03-02 17:18:24,Concert,J009,Majestic,11567,Weekend,False,Clear,False,0.0,False,False,0.756,Severe,18.0,58.0,236.8,0.127,0.293,0.968,Heavy congestion detected - signal timing extended and reroute suggested
EVT448803,2025-07-09 11:18:06,Concert,J040,City Market,11667,Weekday,False,Rain,True,20.1,False,False,0.626,High,20.1,50.8,248.5,0.153,0.353,0.912,Heavy rain reducing visibility and grip - reduced speed and longer buffer advised
EVT448804,2025-10-10 12:32:58,Political Rally,J031,Cubbon Road,9154,Weekday,False,Clear,False,0.0,False,False,0.29,Low,28.2,18.6,147.2,0.098,0.225,0.951,Moderate traffic flow - standard adaptive signal timing in effect
EVT448805,2025-08-19 19:07:03,Sports Fixture,J030,MG Road,22842,Weekday,False,Clear,False,0.0,False,False,1.0,Severe,8.6,72.7,417.2,0.152,0.352,0.943,Heavy congestion detected - signal timing extended and reroute suggested
EVT448806,2025-05-19 20:41:15,Local Market Day,J009,Majestic,5932,Weekday,False,Clear,False,0.0,False,False,0.562,High,21.1,38.4,134.5,0.079,0.182,0.966,Moderate traffic flow - standard adaptive signal timing in effect
EVT448807,2026-02-11 10:11:25,Local Market Day,J023,Basavanagudi,3844,Weekday,False,Clear,False,0.0,False,False,0.688,High,17.7,51.0,182.6,0.112,0.259,0.964,Moderate traffic flow - standard adaptive signal timing in effect
EVT448808,2026-06-26 20:59:36,Trade Fair,J020,Malleshwaram Circle,8894,Weekday,False,Rain,True,16.2,False,False,0.641,High,21.7,45.6,314.5,0.213,0.493,0.933,Heavy rain reducing visibility and grip - reduced speed and longer buffer advised
EVT448809,2025-08-27 13:39:01,Cultural Procession,J009,Majestic,12660,Weekday,True,Rain,True,20.2,False,True,0.821,High,12.9,82.6,435.0,0.206,0.476,0.826,Road closure for event/procession - full detour recommended for through-traffic
EVT448810,2025-10-04 08:30:24,Sports Fixture,J030,MG Road,19300,Weekend,False,Fog,False,0.0,False,False,0.939,Severe,10.4,68.2,505.1,0.206,0.475,0.913,Heavy congestion detected - signal timing extended and reroute suggested
EVT448811,2026-03-19 20:36:20,Cultural Procession,J030,MG Road,24403,Weekday,True,Clear,False,0.0,False,True,1.0,Severe,8.0,105.2,281.2,0.115,0.266,0.822,Road closure for event/procession - full detour recommended for through-traffic
EVT448812,2026-02-09 09:36:19,Trade Fair,J020,Malleshwaram Circle,5676,Weekday,False,Clear,False,0.0,True,False,1.0,Severe,7.9,72.9,630.2,0.18,0.415,0.763,Accident detected nearby - reroute and reduced speed advised
EVT448813,2026-05-12 08:32:31,Local Market Day,J009,Majestic,4139,Weekday,False,Rain,True,10.2,False,False,1.0,Severe,8.9,69.3,510.4,0.189,0.437,0.867,Heavy rain reducing visibility and grip - reduced speed and longer buffer advised
EVT448814,2026-03-06 12:00:25,Sports Fixture,J040,City Market,19455,Weekday,False,Clear,False,0.0,False,False,0.309,Low,32.3,19.9,162.0,0.142,0.327,0.963,Moderate traffic flow - standard adaptive signal timing in effect
EVT448815,2025-05-15 11:22:39,Local Market Day,J012,Koramangala Sony World,5292,Weekday,False,Clear,False,0.0,False,False,0.322,Low,37.4,23.2,110.3,0.112,0.26,0.963,Moderate traffic flow - standard adaptive signal timing in effect
EVT448816,2025-03-24 10:07:58,Concert,J023,Basavanagudi,9165,Weekday,False,Clear,False,0.0,False,False,0.736,High,15.1,52.8,418.3,0.211,0.487,0.987,Moderate traffic flow - standard adaptive signal timing in effect
EVT448817,2026-01-03 07:20:55,Trade Fair,J031,Cubbon Road,11649,Weekend,False,Clear,False,0.0,False,False,0.564,High,29.0,43.9,317.4,0.27,0.623,0.968,Moderate traffic flow - standard adaptive signal timing in effect
EVT448818,2025-09-25 13:03:02,Concert,J031,Cubbon Road,13127,Weekday,False,Heavy Rain,True,33.5,False,False,0.534,Moderate,25.3,38.9,177.1,0.125,0.288,0.913,Light rain detected - minor speed reduction advised
EVT448819,2026-05-21 17:40:56,Local Market Day,J030,MG Road,3419,Weekday,False,Rain,True,20.3,False,False,1.0,Severe,9.2,70.4,576.1,0.22,0.508,0.858,Heavy rain reducing visibility and grip - reduced speed and longer buffer advised
EVT448820,2025-09-12 08:15:42,Sports Fixture,J009,Majestic,22937,Weekday,False,Clear,False,0.0,False,False,1.0,Severe,8.8,72.3,299.4,0.115,0.265,0.886,Heavy congestion detected - signal timing extended and reroute suggested
EVT448821,2025-05-11 12:05:56,Political Rally,J009,Majestic,24030,Weekend,False,Clear,False,0.0,False,False,0.321,Low,26.0,23.8,155.9,0.104,0.241,0.983,Moderate traffic flow - standard adaptive signal timing in effect
EVT448822,2025-01-24 18:31:36,Local Market Day,J023,Basavanagudi,3732,Weekday,False,Clear,False,0.0,False,False,1.0,Severe,5.7,75.6,1208.8,0.29,0.669,0.919,Heavy congestion detected - signal timing extended and reroute suggested
EVT448823,2025-01-24 08:50:33,Sports Fixture,J020,Malleshwaram Circle,12375,Weekday,False,Clear,False,0.0,False,False,1.0,Severe,8.7,75.7,754.9,0.246,0.569,0.902,Heavy congestion detected - signal timing extended and reroute suggested
EVT448824,2025-07-08 09:43:19,Concert,J011,Indiranagar 100ft Road,11715,Weekday,False,Rain,True,20.8,False,False,1.0,Severe,10.4,73.2,576.0,0.212,0.489,0.875,Heavy rain reducing visibility and grip - reduced speed and longer buffer advised
EVT448825,2025-03-27 15:09:26,Sports Fixture,J023,Basavanagudi,14070,Weekday,False,Clear,False,0.0,False,False,0.329,Low,34.9,25.4,176.1,0.152,0.351,0.976,Moderate traffic flow - standard adaptive signal timing in effect
EVT448826,2026-04-25 15:00:22,Local Market Day,J009,Majestic,3769,Weekend,False,Clear,False,0.0,False,False,0.322,Low,27.6,23.6,227.6,0.182,0.421,0.968,Moderate traffic flow - standard adaptive signal timing in effect
EVT448827,2026-01-24 15:01:21,Concert,J030,MG Road,10629,Weekend,False,Clear,False,0.0,True,False,0.702,High,22.0,52.3,295.0,0.211,0.487,0.813,Accident detected nearby - reroute and reduced speed advised
EVT448828,2026-05-12 06:11:49,Local Market Day,J011,Indiranagar 100ft Road,5586,Weekday,False,Clear,False,0.0,False,False,0.279,Low,33.3,15.1,159.0,0.15,0.347,0.983,Moderate traffic flow - standard adaptive signal timing in effect
EVT448829,2025-05-24 13:57:46,Political Rally,J012,Koramangala Sony World,19074,Weekend,False,Rain,True,8.7,False,False,0.494,Moderate,33.2,34.8,177.0,0.158,0.366,0.906,Light rain detected - minor speed reduction advised
EVT448830,2025-11-13 08:29:19,Sports Fixture,J030,MG Road,30979,Weekday,False,Clear,False,0.0,False,False,1.0,Severe,6.9,76.2,334.0,0.111,0.256,0.916,Heavy congestion detected - signal timing extended and reroute suggested
EVT448831,2026-02-09 17:53:10,Local Market Day,J011,Indiranagar 100ft Road,6339,Weekday,False,Light Rain,True,3.7,False,False,1.0,Severe,7.1,73.3,515.9,0.16,0.368,0.866,Heavy rain reducing visibility and grip - reduced speed and longer buffer advised
EVT448832,2026-04-09 14:02:04,Concert,J023,Basavanagudi,9545,Weekday,False,Clear,False,0.0,False,False,0.206,Low,38.7,17.1,64.7,0.034,0.079,0.99,Normal free-flow traffic - standard signal timing maintained
EVT448833,2025-03-21 16:03:40,Political Rally,J011,Indiranagar 100ft Road,10714,Weekday,False,Clear,False,0.0,False,False,0.439,Moderate,26.7,37.5,164.4,0.11,0.254,0.955,Moderate traffic flow - standard adaptive signal timing in effect
EVT448834,2025-11-06 14:39:02,Concert,J012,Koramangala Sony World,13730,Weekday,False,Rain,True,10.0,False,False,0.359,Moderate,29.3,23.7,185.6,0.146,0.337,0.909,Light rain detected - minor speed reduction advised
EVT448835,2025-01-30 17:38:04,Political Rally,J009,Majestic,15741,Weekday,False,Clear,False,0.0,False,False,0.972,Severe,9.2,65.6,355.5,0.153,0.353,0.913,Heavy congestion detected - signal timing extended and reroute suggested
EVT448836,2026-06-22 08:00:14,Local Market Day,J011,Indiranagar 100ft Road,4787,Weekday,False,Clear,False,0.0,False,False,0.902,Severe,8.8,62.8,740.2,0.248,0.573,0.922,Heavy congestion detected - signal timing extended and reroute suggested
EVT448837,2026-05-31 10:26:12,Concert,J040,City Market,13417,Weekend,False,Clear,False,0.0,False,False,0.686,High,19.9,48.9,190.4,0.126,0.292,0.961,Moderate traffic flow - standard adaptive signal timing in effect
EVT448838,2025-08-12 05:11:39,Sports Fixture,J011,Indiranagar 100ft Road,32011,Weekday,False,Heavy Rain,True,30.1,False,False,0.69,High,18.8,52.8,210.9,0.139,0.322,0.907,Heavy rain reducing visibility and grip - reduced speed and longer buffer advised
EVT448839,2025-09-06 18:51:14,Cultural Procession,J040,City Market,10914,Weekend,True,Heavy Rain,True,34.1,False,False,1.0,Severe,10.4,70.1,505.9,0.168,0.389,0.81,Festival crowd surge detected - alternate route and extended cycle recommended
EVT448840,2026-05-21 21:45:32,Concert,J031,Cubbon Road,16147,Weekday,False,Rain,True,18.0,False,False,0.54,Moderate,28.8,40.3,311.7,0.26,0.599,0.917,Light rain detected - minor speed reduction advised
EVT448841,2025-07-01 11:23:35,Local Market Day,J023,Basavanagudi,6029,Weekday,False,Clear,False,0.0,False,False,0.394,Moderate,26.2,26.2,138.6,0.116,0.267,0.983,Moderate traffic flow - standard adaptive signal timing in effect
EVT448842,2025-07-07 13:02:39,Trade Fair,J011,Indiranagar 100ft Road,7657,Weekday,False,Rain,True,10.3,False,False,0.316,Low,22.6,24.1,164.9,0.111,0.257,0.909,Light rain detected - minor speed reduction advised
EVT448843,2026-05-25 13:12:59,Sports Fixture,J023,Basavanagudi,29303,Weekday,False,Clear,False,0.0,False,False,0.354,Moderate,25.0,25.4,207.5,0.157,0.362,0.957,Moderate traffic flow - standard adaptive signal timing in effect
EVT448844,2026-03-22 07:19:22,Trade Fair,J011,Indiranagar 100ft Road,7874,Weekend,False,Clear,False,0.0,False,False,0.508,Moderate,17.5,35.5,146.7,0.054,0.124,0.939,Moderate traffic flow - standard adaptive signal timing in effect
EVT448845,2025-02-25 20:54:49,Sports Fixture,J011,Indiranagar 100ft Road,19041,Weekday,False,Clear,False,0.0,False,False,0.501,Moderate,27.5,27.7,217.3,0.177,0.409,0.971,Moderate traffic flow - standard adaptive signal timing in effect
EVT448846,2025-10-17 18:10:56,Local Market Day,J040,City Market,4372,Weekday,False,Clear,False,0.0,False,False,0.947,Severe,8.9,64.6,488.0,0.176,0.406,0.926,Heavy congestion detected - signal timing extended and reroute suggested
EVT448847,2025-01-05 19:41:56,Local Market Day,J031,Cubbon Road,5470,Weekend,False,Clear,False,0.0,False,False,0.739,High,15.0,51.5,262.2,0.145,0.335,0.953,Moderate traffic flow - standard adaptive signal timing in effect
EVT448848,2025-08-05 17:01:33,Sports Fixture,J011,Indiranagar 100ft Road,21748,Weekday,False,Clear,False,0.0,False,False,0.803,Severe,15.7,60.7,134.3,0.07,0.162,0.97,Heavy congestion detected - signal timing extended and reroute suggested
EVT448849,2026-01-25 05:26:26,Political Rally,J031,Cubbon Road,23274,Weekend,False,Clear,False,0.0,False,False,0.353,Moderate,38.4,21.0,161.0,0.171,0.396,0.948,Moderate traffic flow - standard adaptive signal timing in effect
EVT448850,2026-01-18 20:24:06,Sports Fixture,J030,MG Road,38874,Weekend,False,Clear,False,0.0,False,False,0.762,Severe,16.5,52.0,344.8,0.198,0.458,0.969,Heavy congestion detected - signal timing extended and reroute suggested
EVT448851,2026-02-13 12:55:38,Concert,J031,Cubbon Road,20317,Weekday,False,Clear,False,0.0,False,False,0.335,Low,28.1,23.4,161.3,0.121,0.28,0.967,Moderate traffic flow - standard adaptive signal timing in effect
EVT448852,2026-01-18 08:15:48,Local Market Day,J023,Basavanagudi,1854,Weekend,False,Clear,False,0.0,False,False,0.811,Severe,14.3,63.8,138.0,0.063,0.146,0.95,Heavy congestion detected - signal timing extended and reroute suggested
EVT448853,2025-04-04 09:24:37,Local Market Day,J040,City Market,2766,Weekday,False,Clear,False,0.0,False,False,1.0,Severe,6.8,74.8,861.4,0.234,0.541,0.912,Heavy congestion detected - signal timing extended and reroute suggested
EVT448854,2025-05-26 09:54:14,Concert,J012,Koramangala Sony World,12666,Weekday,False,Clear,False,0.0,False,False,0.927,Severe,11.3,60.8,313.1,0.126,0.29,0.936,Heavy congestion detected - signal timing extended and reroute suggested
EVT448855,2025-12-07 08:29:13,Local Market Day,J012,Koramangala Sony World,4137,Weekend,False,Clear,False,0.0,False,False,0.806,Severe,17.5,57.6,305.2,0.182,0.419,0.937,Heavy congestion detected - signal timing extended and reroute suggested
EVT448856,2025-09-23 09:21:55,Trade Fair,J040,City Market,8478,Weekday,False,Rain,True,18.0,False,False,1.0,Severe,6.5,72.2,492.0,0.15,0.346,0.865,Heavy rain reducing visibility and grip - reduced speed and longer buffer advised
EVT448857,2026-03-31 09:06:20,Local Market Day,J030,MG Road,5381,Weekday,False,Clear,False,0.0,False,False,0.948,Severe,9.7,70.0,243.7,0.103,0.237,0.915,Heavy congestion detected - signal timing extended and reroute suggested
EVT448858,2025-01-30 12:24:02,Local Market Day,J012,Koramangala Sony World,4284,Weekday,False,Clear,False,0.0,False,False,0.187,Low,36.7,14.7,138.7,0.138,0.32,0.964,Normal free-flow traffic - standard signal timing maintained
EVT448859,2025-10-19 16:31:49,Sports Fixture,J031,Cubbon Road,13180,Weekend,False,Clear,False,0.0,False,False,0.621,High,16.4,45.1,328.8,0.177,0.409,0.971,Moderate traffic flow - standard adaptive signal timing in effect
EVT448860,2026-06-11 18:20:48,Local Market Day,J030,MG Road,5687,Weekday,False,Clear,False,0.0,False,False,1.0,Severe,10.3,70.7,484.6,0.203,0.47,0.931,Heavy congestion detected - signal timing extended and reroute suggested
EVT448861,2026-06-01 05:54:40,Local Market Day,J012,Koramangala Sony World,3111,Weekday,False,Rain,True,16.8,False,False,0.42,Moderate,27.6,29.2,132.2,0.097,0.224,0.934,Light rain detected - minor speed reduction advised
EVT448862,2025-05-08 19:10:47,Local Market Day,J012,Koramangala Sony World,3489,Weekday,False,Rain,True,12.3,False,False,1.0,Severe,8.4,73.6,699.2,0.251,0.579,0.864,Heavy rain reducing visibility and grip - reduced speed and longer buffer advised
EVT448863,2025-07-28 18:16:28,Concert,J040,City Market,11016,Weekday,False,Rain,True,8.7,False,False,1.0,Severe,7.4,66.2,1104.8,0.33,0.762,0.858,Heavy rain reducing visibility and grip - reduced speed and longer buffer advised
EVT448864,2025-05-17 10:08:09,Sports Fixture,J011,Indiranagar 100ft Road,17043,Weekend,False,Rain,True,11.9,False,False,0.895,Severe,12.2,64.4,411.1,0.193,0.447,0.892,Heavy rain reducing visibility and grip - reduced speed and longer buffer advised
EVT448865,2025-11-05 14:45:27,Trade Fair,J031,Cubbon Road,6569,Weekday,False,Clear,False,0.0,False,False,0.212,Low,26.4,16.3,129.7,0.091,0.209,0.99,Normal free-flow traffic - standard signal timing maintained
EVT448866,2025-06-08 08:15:27,Political Rally,J012,Koramangala Sony World,15041,Weekend,False,Heavy Rain,True,33.3,False,False,1.0,Severe,8.9,66.0,744.9,0.261,0.603,0.909,Heavy rain reducing visibility and grip - reduced speed and longer buffer advised
EVT448867,2026-05-04 19:13:17,Trade Fair,J009,Majestic,6630,Weekday,False,Heavy Rain,True,46.7,False,False,1.0,Severe,8.2,76.8,526.1,0.177,0.408,0.856,Heavy rain reducing visibility and grip - reduced speed and longer buffer advised
EVT448868,2025-10-04 16:54:37,Local Market Day,J031,Cubbon Road,5102,Weekend,False,Heavy Rain,True,34.6,False,False,0.943,Severe,10.8,66.5,407.1,0.186,0.429,0.871,Heavy rain reducing visibility and grip - reduced speed and longer buffer advised
EVT448869,2025-10-20 17:17:12,Cultural Procession,J020,Malleshwaram Circle,26967,Weekday,True,Clear,False,0.0,False,True,1.0,Severe,7.9,103.7,543.8,0.166,0.383,0.841,Road closure for event/procession - full detour recommended for through-traffic
EVT448870,2025-05-02 19:59:40,Religious Festival,J009,Majestic,23583,Weekday,True,Fog,False,0.0,False,False,1.0,Severe,8.7,68.1,579.2,0.2,0.461,0.885,Festival crowd surge detected - alternate route and extended cycle recommended
EVT448871,2025-08-27 19:58:00,Religious Festival,J009,Majestic,52086,Weekday,True,Clear,False,0.0,False,False,1.0,Severe,7.8,72.4,694.4,0.22,0.509,0.882,Festival crowd surge detected - alternate route and extended cycle recommended
EVT448872,2025-07-16 17:21:19,Local Market Day,J031,Cubbon Road,6406,Weekday,False,Rain,True,15.6,False,False,1.0,Severe,9.1,75.2,723.6,0.271,0.625,0.895,Heavy rain reducing visibility and grip - reduced speed and longer buffer advised
EVT448873,2025-09-11 19:21:16,Local Market Day,J009,Majestic,4349,Weekday,False,Light Rain,True,4.3,False,False,0.971,Severe,9.7,68.4,367.6,0.154,0.357,0.876,Heavy rain reducing visibility and grip - reduced speed and longer buffer advised
EVT448874,2025-11-07 22:57:30,Trade Fair,J030,MG Road,8705,Weekday,False,Clear,False,0.0,False,False,0.232,Low,34.0,16.2,46.8,0.044,0.102,0.948,Normal free-flow traffic - standard signal timing maintained
EVT448875,2026-03-08 13:31:58,Local Market Day,J020,Malleshwaram Circle,6486,Weekend,False,Clear,False,0.0,False,False,0.235,Low,33.0,20.5,213.1,0.196,0.454,0.969,Normal free-flow traffic - standard signal timing maintained
EVT448876,2025-04-25 20:04:40,Local Market Day,J011,Indiranagar 100ft Road,3483,Weekday,False,Clear,False,0.0,False,False,0.688,High,15.9,45.9,352.3,0.18,0.416,0.94,Moderate traffic flow - standard adaptive signal timing in effect
EVT448877,2025-06-10 13:47:44,Trade Fair,J040,City Market,9684,Weekday,False,Clear,False,0.0,False,False,0.217,Low,29.7,18.0,95.5,0.069,0.159,0.971,Normal free-flow traffic - standard signal timing maintained
EVT448878,2026-06-29 07:33:42,Sports Fixture,J012,Koramangala Sony World,16736,Weekday,False,Fog,False,0.0,False,False,0.675,High,20.3,47.0,240.5,0.155,0.357,0.965,Moderate traffic flow - standard adaptive signal timing in effect
EVT448879,2025-06-30 01:44:18,Local Market Day,J012,Koramangala Sony World,8887,Weekday,False,Clear,False,0.0,False,False,0.173,Low,28.7,9.1,73.0,0.058,0.134,0.96,Normal free-flow traffic - standard signal timing maintained
EVT448880,2025-08-20 19:00:49,Local Market Day,J011,Indiranagar 100ft Road,5384,Weekday,False,Clear,False,0.0,False,False,0.936,Severe,9.6,67.2,336.5,0.155,0.359,0.918,Heavy congestion detected - signal timing extended and reroute suggested
EVT448881,2026-06-14 17:24:35,Political Rally,J009,Majestic,15199,Weekend,False,Clear,False,0.0,False,False,0.794,Severe,10.5,55.3,792.8,0.28,0.646,0.978,Heavy congestion detected - signal timing extended and reroute suggested
EVT448882,2026-04-21 07:32:17,Trade Fair,J040,City Market,7383,Weekday,False,Clear,False,0.0,False,False,0.652,High,19.6,41.8,113.6,0.052,0.121,0.983,Moderate traffic flow - standard adaptive signal timing in effect
EVT448883,2026-05-12 20:59:26,Trade Fair,J030,MG Road,13922,Weekday,False,Clear,False,0.0,False,False,0.557,High,23.3,37.5,170.7,0.12,0.277,0.98,Moderate traffic flow - standard adaptive signal timing in effect
EVT448884,2025-01-04 10:10:40,Local Market Day,J023,Basavanagudi,2435,Weekend,False,Clear,False,0.0,False,False,0.617,High,21.9,49.4,162.8,0.108,0.25,0.955,Moderate traffic flow - standard adaptive signal timing in effect
EVT448885,2025-10-30 17:06:49,Concert,J040,City Market,11148,Weekday,False,Clear,False,0.0,False,False,0.873,Severe,14.2,66.0,328.7,0.172,0.397,0.963,Heavy congestion detected - signal timing extended and reroute suggested
EVT448886,2025-11-26 03:55:37,Local Market Day,J012,Koramangala Sony World,8720,Weekday,False,Clear,False,0.0,False,False,0.206,Low,28.9,13.1,122.1,0.091,0.21,0.951,Normal free-flow traffic - standard signal timing maintained
EVT448887,2025-11-12 18:02:59,Concert,J011,Indiranagar 100ft Road,15798,Weekday,False,Clear,False,0.0,False,False,1.0,Severe,8.3,66.1,645.3,0.198,0.459,0.916,Heavy congestion detected - signal timing extended and reroute suggested
EVT448888,2026-04-27 05:37:50,Concert,J040,City Market,10145,Weekday,False,Clear,False,0.0,False,False,0.233,Low,34.2,12.7,191.4,0.166,0.384,0.952,Normal free-flow traffic - standard signal timing maintained
EVT448889,2025-04-05 21:27:13,Sports Fixture,J031,Cubbon Road,52425,Weekend,False,Clear,False,0.0,False,False,0.676,High,15.5,44.1,220.0,0.117,0.27,0.966,Moderate traffic flow - standard adaptive signal timing in effect
EVT448890,2025-06-17 12:48:50,Concert,J011,Indiranagar 100ft Road,13943,Weekday,False,Rain,True,10.7,False,False,0.352,Moderate,16.8,19.4,311.2,0.141,0.326,0.909,Light rain detected - minor speed reduction advised
EVT448891,2025-03-28 07:57:34,Trade Fair,J030,MG Road,8138,Weekday,False,Clear,False,0.0,False,False,0.846,Severe,13.4,58.0,378.2,0.196,0.453,0.911,Heavy congestion detected - signal timing extended and reroute suggested
EVT448892,2025-09-11 17:07:10,Concert,J020,Malleshwaram Circle,12767,Weekday,False,Clear,False,0.0,False,False,0.859,Severe,9.0,61.9,411.4,0.17,0.392,0.948,Heavy congestion detected - signal timing extended and reroute suggested
EVT448893,2026-01-30 19:12:18,Political Rally,J040,City Market,15456,Weekday,False,Clear,False,0.0,False,False,1.0,Severe,7.6,73.4,624.8,0.182,0.42,0.902,Heavy congestion detected - signal timing extended and reroute suggested
EVT448894,2025-10-17 06:38:39,Concert,J023,Basavanagudi,17651,Weekday,False,Rain,True,15.4,False,False,0.588,High,24.5,46.7,264.6,0.211,0.487,0.925,Heavy rain reducing visibility and grip - reduced speed and longer buffer advised
EVT448895,2025-09-30 22:40:41,Sports Fixture,J023,Basavanagudi,13729,Weekday,False,Clear,False,0.0,False,False,0.311,Low,28.8,19.4,166.9,0.151,0.348,0.951,Moderate traffic flow - standard adaptive signal timing in effect
EVT448896,2025-03-22 08:36:37,Trade Fair,J012,Koramangala Sony World,6768,Weekend,False,Fog,False,0.0,False,False,0.876,Severe,11.8,57.6,424.5,0.193,0.446,0.955,Heavy congestion detected - signal timing extended and reroute suggested
EVT448897,2026-06-02 18:31:33,Concert,J031,Cubbon Road,20468,Weekday,False,Fog,False,0.0,False,False,1.0,Severe,9.2,69.0,652.4,0.228,0.527,0.904,Heavy congestion detected - signal timing extended and reroute suggested
EVT448898,2026-06-25 18:58:35,Sports Fixture,J011,Indiranagar 100ft Road,22289,Weekday,False,Light Rain,True,6.3,False,False,1.0,Severe,8.4,74.1,611.1,0.214,0.494,0.871,Heavy rain reducing visibility and grip - reduced speed and longer buffer advised
EVT448899,2025-08-03 20:55:18,Sports Fixture,J009,Majestic,24111,Weekend,False,Rain,True,11.4,False,False,0.705,High,19.0,47.3,366.9,0.234,0.54,0.916,Heavy rain reducing visibility and grip - reduced speed and longer buffer advised
EVT448900,2025-06-25 08:54:26,Local Market Day,J031,Cubbon Road,4942,Weekday,False,Heavy Rain,True,28.3,False,False,1.0,Severe,9.2,71.3,585.1,0.222,0.513,0.854,Heavy rain reducing visibility and grip - reduced speed and longer buffer advised
EVT448901,2025-04-14 18:18:17,Religious Festival,J030,MG Road,69058,Weekday,True,Fog,False,0.0,False,False,1.0,Severe,8.4,67.5,389.0,0.12,0.278,0.867,Festival crowd surge detected - alternate route and extended cycle recommended
EVT448902,2026-05-10 20:44:34,Trade Fair,J040,City Market,8868,Weekend,False,Clear,False,0.0,False,False,0.528,Moderate,28.5,41.7,180.5,0.137,0.318,0.967,Moderate traffic flow - standard adaptive signal timing in effect
EVT448903,2025-07-08 08:19:07,Sports Fixture,J012,Koramangala Sony World,21520,Weekday,False,Heavy Rain,True,87.6,False,False,1.0,Severe,6.6,69.7,911.2,0.256,0.592,0.827,Heavy rain reducing visibility and grip - reduced speed and longer buffer advised
EVT448904,2025-09-28 11:30:16,Sports Fixture,J030,MG Road,29833,Weekend,False,Clear,False,0.0,False,False,0.465,Moderate,23.5,30.0,236.5,0.168,0.387,0.969,Moderate traffic flow - standard adaptive signal timing in effect
EVT448905,2025-06-28 06:12:10,Trade Fair,J011,Indiranagar 100ft Road,7941,Weekend,False,Heavy Rain,True,33.9,False,False,0.736,High,13.7,51.4,462.1,0.215,0.498,0.905,Heavy rain reducing visibility and grip - reduced speed and longer buffer advised
EVT448906,2026-02-02 23:51:32,Local Market Day,J020,Malleshwaram Circle,3940,Weekday,False,Clear,False,0.0,False,False,0.225,Low,41.1,13.0,127.8,0.149,0.344,0.955,Normal free-flow traffic - standard signal timing maintained
EVT448907,2025-09-26 08:09:20,Sports Fixture,J023,Basavanagudi,27120,Weekday,False,Heavy Rain,True,51.0,False,False,1.0,Severe,9.2,70.7,628.7,0.239,0.551,0.865,Heavy rain reducing visibility and grip - reduced speed and longer buffer advised
EVT448908,2025-07-06 06:25:21,Trade Fair,J030,MG Road,14733,Weekend,False,Clear,False,0.0,False,False,0.363,Moderate,32.0,28.4,228.6,0.183,0.423,0.975,Moderate traffic flow - standard adaptive signal timing in effect
EVT448909,2026-02-06 20:25:02,Sports Fixture,J040,City Market,16945,Weekday,False,Clear,False,0.0,False,False,0.739,High,15.0,48.9,458.1,0.232,0.537,0.989,Moderate traffic flow - standard adaptive signal timing in effect
EVT448910,2025-12-02 17:38:18,Local Market Day,J009,Majestic,3446,Weekday,False,Clear,False,0.0,False,False,0.907,Severe,9.9,63.3,485.8,0.18,0.416,0.933,Heavy congestion detected - signal timing extended and reroute suggested
EVT448911,2025-11-06 10:45:27,Trade Fair,J020,Malleshwaram Circle,17631,Weekday,False,Clear,False,0.0,False,False,0.623,High,18.1,46.6,323.2,0.194,0.447,0.969,Moderate traffic flow - standard adaptive signal timing in effect
EVT448912,2025-02-12 12:34:57,Sports Fixture,J012,Koramangala Sony World,18927,Weekday,False,Clear,False,0.0,False,False,0.267,Low,22.8,21.4,240.8,0.161,0.372,0.979,Moderate traffic flow - standard adaptive signal timing in effect
EVT448913,2026-05-30 08:14:45,Trade Fair,J040,City Market,11071,Weekend,False,Clear,False,0.0,False,False,0.808,Severe,14.9,59.6,308.0,0.168,0.387,0.976,Heavy congestion detected - signal timing extended and reroute suggested
EVT448914,2026-06-15 17:27:48,Sports Fixture,J020,Malleshwaram Circle,31566,Weekday,False,Rain,True,13.2,True,False,1.0,Severe,7.0,74.6,751.9,0.233,0.538,0.692,Accident detected nearby - reroute and reduced speed advised
EVT448915,2026-01-16 13:44:35,Sports Fixture,J012,Koramangala Sony World,17211,Weekday,False,Clear,False,0.0,False,False,0.275,Low,31.7,17.2,161.1,0.117,0.271,0.989,Moderate traffic flow - standard adaptive signal timing in effect
EVT448916,2025-09-15 15:51:07,Local Market Day,J012,Koramangala Sony World,4139,Weekday,False,Heavy Rain,True,25.1,False,False,0.628,High,17.6,42.9,323.7,0.198,0.456,0.943,Heavy rain reducing visibility and grip - reduced speed and longer buffer advised
EVT448917,2025-05-22 16:15:07,Local Market Day,J012,Koramangala Sony World,3962,Weekday,False,Heavy Rain,True,52.7,False,False,0.875,Severe,12.3,55.9,501.2,0.224,0.517,0.911,Heavy rain reducing visibility and grip - reduced speed and longer buffer advised
EVT448918,2026-03-31 20:06:35,Sports Fixture,J020,Malleshwaram Circle,28268,Weekday,False,Clear,False,0.0,False,False,0.789,Severe,14.5,56.8,478.9,0.235,0.542,0.961,Heavy congestion detected - signal timing extended and reroute suggested
EVT448919,2026-02-03 20:42:37,Local Market Day,J009,Majestic,5665,Weekday,False,Clear,False,0.0,False,False,0.537,Moderate,21.2,44.8,286.8,0.183,0.422,0.966,Moderate traffic flow - standard adaptive signal timing in effect
EVT448920,2025-04-18 10:18:48,Concert,J023,Basavanagudi,24447,Weekday,False,Clear,False,0.0,False,False,0.804,Severe,14.6,54.6,441.5,0.22,0.508,0.959,Heavy congestion detected - signal timing extended and reroute suggested
EVT448921,2025-11-25 07:32:39,Concert,J020,Malleshwaram Circle,12381,Weekday,False,Fog,False,0.0,False,False,0.601,High,17.8,42.1,338.1,0.181,0.418,0.959,Moderate traffic flow - standard adaptive signal timing in effect
EVT448922,2025-02-21 09:48:48,Local Market Day,J031,Cubbon Road,2186,Weekday,False,Clear,False,0.0,False,False,0.909,Severe,13.1,67.6,442.0,0.22,0.509,0.933,Heavy congestion detected - signal timing extended and reroute suggested
EVT448923,2025-10-29 08:15:59,Sports Fixture,J023,Basavanagudi,20342,Weekday,False,Clear,False,0.0,False,False,0.986,Severe,10.9,69.4,684.0,0.296,0.683,0.924,Heavy congestion detected - signal timing extended and reroute suggested
EVT448924,2026-04-07 17:48:24,Concert,J030,MG Road,13051,Weekday,False,Clear,False,0.0,False,False,1.0,Severe,8.4,71.1,811.4,0.262,0.604,0.917,Heavy congestion detected - signal timing extended and reroute suggested
EVT448925,2025-08-30 16:16:24,Sports Fixture,J040,City Market,10901,Weekend,False,Clear,False,0.0,False,False,0.436,Moderate,28.2,27.4,138.5,0.104,0.24,0.977,Moderate traffic flow - standard adaptive signal timing in effect
EVT448926,2026-06-18 05:12:01,Sports Fixture,J023,Basavanagudi,20306,Weekday,False,Rain,True,12.3,False,False,0.507,Moderate,25.4,33.8,202.7,0.152,0.351,0.907,Light rain detected - minor speed reduction advised
EVT448927,2025-10-27 22:52:02,Local Market Day,J009,Majestic,2198,Weekday,False,Rain,True,11.6,False,False,0.364,Moderate,29.2,28.9,94.7,0.085,0.197,0.882,Light rain detected - minor speed reduction advised
EVT448928,2025-02-26 11:03:42,Political Rally,J020,Malleshwaram Circle,9736,Weekday,False,Clear,False,0.0,False,False,0.454,Moderate,22.0,34.1,261.4,0.168,0.388,0.972,Moderate traffic flow - standard adaptive signal timing in effect
EVT448929,2026-06-24 09:38:51,Sports Fixture,J009,Majestic,22415,Weekday,False,Clear,False,0.0,False,False,1.0,Severe,8.2,74.7,482.7,0.17,0.393,0.918,Heavy congestion detected - signal timing extended and reroute suggested
EVT448930,2026-02-08 14:59:03,Sports Fixture,J012,Koramangala Sony World,11697,Weekend,False,Clear,False,0.0,False,False,0.395,Moderate,23.7,31.2,252.0,0.17,0.393,0.945,Moderate traffic flow - standard adaptive signal timing in effect
EVT448931,2026-03-15 18:34:50,Concert,J020,Malleshwaram Circle,9960,Weekend,False,Clear,False,0.0,False,False,0.892,Severe,12.9,70.9,320.8,0.168,0.389,0.964,Heavy congestion detected - signal timing extended and reroute suggested
EVT448932,2026-04-09 17:37:02,Political Rally,J011,Indiranagar 100ft Road,28250,Weekday,False,Clear,False,0.0,False,False,1.0,Severe,6.8,74.4,391.8,0.124,0.286,0.899,Heavy congestion detected - signal timing extended and reroute suggested
EVT448933,2025-07-10 06:30:17,Local Market Day,J023,Basavanagudi,3315,Weekday,False,Heavy Rain,True,28.6,False,False,0.602,High,22.4,41.4,262.0,0.181,0.419,0.925,Heavy rain reducing visibility and grip - reduced speed and longer buffer advised
EVT448934,2025-11-07 18:20:34,Sports Fixture,J011,Indiranagar 100ft Road,21063,Weekday,False,Clear,False,0.0,False,False,1.0,Severe,9.0,70.6,401.8,0.15,0.346,0.921,Heavy congestion detected - signal timing extended and reroute suggested
EVT448935,2025-10-13 10:06:19,Political Rally,J012,Koramangala Sony World,15659,Weekday,False,Clear,False,0.0,False,False,0.786,Severe,16.9,54.4,180.7,0.101,0.234,0.945,Heavy congestion detected - signal timing extended and reroute suggested
EVT448936,2025-04-25 08:00:31,Sports Fixture,J040,City Market,16432,Weekday,False,Clear,False,0.0,False,False,0.931,Severe,13.6,68.3,360.2,0.18,0.415,0.95,Heavy congestion detected - signal timing extended and reroute suggested
EVT448937,2026-06-14 15:01:30,Local Market Day,J030,MG Road,4468,Weekend,False,Heavy Rain,True,35.9,False,False,0.723,High,18.6,53.1,403.0,0.252,0.581,0.874,Heavy rain reducing visibility and grip - reduced speed and longer buffer advised
EVT448938,2026-02-15 13:08:06,Political Rally,J020,Malleshwaram Circle,8036,Weekend,False,Clear,False,0.0,False,False,0.259,Low,36.6,17.3,103.7,0.079,0.182,0.949,Moderate traffic flow - standard adaptive signal timing in effect
EVT448939,2026-01-14 09:55:00,Religious Festival,J012,Koramangala Sony World,35239,Weekday,True,Clear,False,0.0,False,True,1.0,Severe,9.0,98.9,609.1,0.227,0.524,0.841,Road closure for event/procession - full detour recommended for through-traffic
EVT448940,2026-01-16 17:02:18,Local Market Day,J009,Majestic,3614,Weekday,False,Clear,False,0.0,False,False,0.788,Severe,15.6,48.6,428.3,0.219,0.506,0.975,Heavy congestion detected - signal timing extended and reroute suggested
EVT448941,2025-11-06 08:26:51,Trade Fair,J011,Indiranagar 100ft Road,7173,Weekday,False,Clear,False,0.0,False,False,0.949,Severe,10.6,65.9,559.3,0.211,0.487,0.919,Heavy congestion detected - signal timing extended and reroute suggested
EVT448942,2025-10-24 09:01:01,Concert,J011,Indiranagar 100ft Road,8768,Weekday,False,Heavy Rain,True,29.1,False,False,1.0,Severe,8.3,67.4,491.0,0.182,0.421,0.865,Heavy rain reducing visibility and grip - reduced speed and longer buffer advised
EVT448943,2025-02-13 18:45:36,Sports Fixture,J020,Malleshwaram Circle,14162,Weekday,False,Clear,False,0.0,False,False,1.0,Severe,8.1,72.2,674.3,0.222,0.512,0.933,Heavy congestion detected - signal timing extended and reroute suggested
EVT448944,2026-04-23 20:39:48,Trade Fair,J012,Koramangala Sony World,8260,Weekday,False,Clear,False,0.0,False,False,0.621,High,26.9,42.3,226.2,0.185,0.428,0.971,Moderate traffic flow - standard adaptive signal timing in effect
EVT448945,2026-03-29 17:25:30,Sports Fixture,J012,Koramangala Sony World,20060,Weekend,False,Clear,False,0.0,False,False,0.822,Severe,15.1,55.8,316.5,0.191,0.442,0.92,Heavy congestion detected - signal timing extended and reroute suggested
EVT448946,2026-01-17 21:37:47,Concert,J040,City Market,17724,Weekend,False,Clear,False,0.0,False,False,0.359,Moderate,22.5,28.8,256.3,0.162,0.374,0.954,Moderate traffic flow - standard adaptive signal timing in effect
EVT448947,2025-01-28 11:43:55,Sports Fixture,J011,Indiranagar 100ft Road,11467,Weekday,False,Clear,False,0.0,False,False,0.317,Low,25.6,19.4,137.4,0.094,0.217,0.95,Moderate traffic flow - standard adaptive signal timing in effect
EVT448948,2025-10-07 10:17:09,Concert,J023,Basavanagudi,23301,Weekday,False,Rain,True,11.6,False,False,0.945,Severe,11.8,65.2,247.0,0.119,0.276,0.885,Heavy rain reducing visibility and grip - reduced speed and longer buffer advised
EVT448949,2025-05-21 18:16:54,Sports Fixture,J031,Cubbon Road,19095,Weekday,False,Clear,False,0.0,False,False,1.0,Severe,7.9,67.1,502.6,0.166,0.384,0.913,Heavy congestion detected - signal timing extended and reroute suggested
EVT448950,2025-08-28 19:21:32,Religious Festival,J009,Majestic,59283,Weekday,True,Clear,False,0.0,False,True,1.0,Severe,10.5,95.8,579.6,0.261,0.604,0.845,Road closure for event/procession - full detour recommended for through-traffic
EVT448951,2025-10-08 11:06:33,Political Rally,J030,MG Road,19241,Weekday,False,Clear,False,0.0,False,False,0.58,High,20.6,41.4,95.6,0.048,0.112,0.949,Moderate traffic flow - standard adaptive signal timing in effect
EVT448952,2026-06-18 10:24:39,Trade Fair,J011,Indiranagar 100ft Road,11422,Weekday,False,Heavy Rain,True,37.6,False,False,1.0,Severe,9.2,74.2,842.7,0.289,0.668,0.86,Heavy rain reducing visibility and grip - reduced speed and longer buffer advised
EVT448953,2025-07-09 09:25:27,Sports Fixture,J040,City Market,14401,Weekday,False,Heavy Rain,True,25.2,False,False,1.0,Severe,8.5,72.4,531.0,0.183,0.423,0.858,Heavy rain reducing visibility and grip - reduced speed and longer buffer advised
EVT448954,2025-12-18 08:17:57,Local Market Day,J023,Basavanagudi,1520,Weekday,False,Clear,False,0.0,False,False,0.934,Severe,10.6,70.0,320.7,0.124,0.287,0.932,Heavy congestion detected - signal timing extended and reroute suggested
EVT448955,2025-05-16 18:50:52,Political Rally,J031,Cubbon Road,9886,Weekday,False,Rain,True,16.0,False,False,1.0,Severe,9.2,70.0,465.8,0.184,0.426,0.866,Heavy rain reducing visibility and grip - reduced speed and longer buffer advised
EVT448956,2025-11-27 18:22:35,Trade Fair,J030,MG Road,15288,Weekday,False,Clear,False,0.0,False,False,1.0,Severe,8.8,77.3,723.4,0.261,0.603,0.919,Heavy congestion detected - signal timing extended and reroute suggested
EVT448957,2026-04-22 13:19:33,Trade Fair,J012,Koramangala Sony World,9992,Weekday,False,Clear,False,0.0,False,False,0.326,Low,30.4,20.5,193.5,0.143,0.33,0.961,Moderate traffic flow - standard adaptive signal timing in effect
EVT448958,2025-09-24 21:51:00,Concert,J030,MG Road,10016,Weekday,False,Rain,True,13.8,False,False,0.53,Moderate,19.1,33.8,154.0,0.101,0.233,0.914,Light rain detected - minor speed reduction advised
EVT448959,2025-09-04 16:28:50,Sports Fixture,J011,Indiranagar 100ft Road,18008,Weekday,False,Rain,True,15.4,False,False,0.821,Severe,16.1,59.5,127.7,0.087,0.2,0.876,Heavy rain reducing visibility and grip - reduced speed and longer buffer advised
EVT448960,2026-03-04 10:19:59,Cultural Procession,J040,City Market,8341,Weekday,True,Clear,False,0.0,False,True,1.0,Severe,6.7,98.3,788.5,0.232,0.537,0.862,Road closure for event/procession - full detour recommended for through-traffic
EVT448961,2025-11-03 16:48:40,Local Market Day,J031,Cubbon Road,3748,Weekday,False,Clear,False,0.0,False,False,0.649,High,25.0,46.9,103.5,0.058,0.134,0.968,Moderate traffic flow - standard adaptive signal timing in effect
EVT448962,2026-04-24 00:58:46,Sports Fixture,J031,Cubbon Road,12102,Weekday,False,Clear,False,0.0,False,False,0.247,Low,38.0,21.6,101.4,0.083,0.192,0.964,Normal free-flow traffic - standard signal timing maintained
EVT448963,2025-02-28 05:05:04,Trade Fair,J009,Majestic,5755,Weekday,False,Clear,False,0.0,False,False,0.29,Low,35.9,17.2,71.5,0.061,0.14,0.956,Moderate traffic flow - standard adaptive signal timing in effect
EVT448964,2025-03-14 10:09:10,Religious Festival,J011,Indiranagar 100ft Road,49797,Weekday,True,Clear,False,0.0,False,True,1.0,Severe,7.9,101.4,804.4,0.259,0.597,0.807,Road closure for event/procession - full detour recommended for through-traffic
EVT448965,2026-01-22 19:36:00,Concert,J031,Cubbon Road,6807,Weekday,False,Clear,False,0.0,False,False,0.833,Severe,14.3,56.1,310.7,0.17,0.393,0.955,Heavy congestion detected - signal timing extended and reroute suggested
EVT448966,2025-07-31 20:19:16,Political Rally,J030,MG Road,13750,Weekday,False,Fog,False,0.0,False,False,0.675,High,22.4,48.5,97.9,0.055,0.128,0.959,Moderate traffic flow - standard adaptive signal timing in effect
EVT448967,2026-01-13 04:57:24,Concert,J009,Majestic,15949,Weekday,False,Clear,False,0.0,False,False,0.303,Low,24.9,19.2,156.3,0.101,0.234,0.942,Moderate traffic flow - standard adaptive signal timing in effect
EVT448968,2025-08-22 10:38:44,Sports Fixture,J040,City Market,23018,Weekday,False,Clear,False,0.0,False,False,0.609,High,21.7,40.3,264.8,0.18,0.417,0.949,Moderate traffic flow - standard adaptive signal timing in effect
EVT448969,2025-09-03 13:42:49,Concert,J020,Malleshwaram Circle,9709,Weekday,False,Fog,False,0.0,False,False,0.302,Low,28.3,21.4,141.1,0.1,0.231,0.969,Moderate traffic flow - standard adaptive signal timing in effect
EVT448970,2025-05-25 09:53:18,Sports Fixture,J009,Majestic,28368,Weekend,False,Clear,False,0.0,False,False,0.867,Severe,14.6,62.2,368.4,0.202,0.467,0.973,Heavy congestion detected - signal timing extended and reroute suggested
EVT448971,2026-05-16 13:14:22,Trade Fair,J030,MG Road,7923,Weekend,False,Clear,False,0.0,False,False,0.277,Low,39.4,14.3,135.9,0.144,0.333,0.99,Moderate traffic flow - standard adaptive signal timing in effect
EVT448972,2025-12-07 16:09:16,Political Rally,J030,MG Road,11710,Weekend,False,Clear,False,0.0,False,False,0.529,Moderate,26.7,33.6,112.2,0.113,0.26,0.972,Moderate traffic flow - standard adaptive signal timing in effect
EVT448973,2026-03-24 11:24:21,Trade Fair,J023,Basavanagudi,11330,Weekday,False,Clear,False,0.0,False,False,0.367,Moderate,32.9,24.3,198.1,0.162,0.374,0.984,Moderate traffic flow - standard adaptive signal timing in effect
EVT448974,2025-10-27 23:29:46,Sports Fixture,J040,City Market,36456,Weekday,False,Rain,True,14.5,True,False,0.94,Severe,11.0,64.8,567.7,0.256,0.592,0.71,Accident detected nearby - reroute and reduced speed advised
EVT448975,2025-05-04 05:27:18,Local Market Day,J012,Koramangala Sony World,4811,Weekend,False,Light Rain,True,5.8,True,False,0.716,High,18.4,56.1,461.2,0.275,0.635,0.752,Accident detected nearby - reroute and reduced speed advised
EVT448976,2025-07-28 19:54:47,Concert,J012,Koramangala Sony World,12500,Weekday,False,Fog,False,0.0,False,False,0.81,Severe,15.0,58.4,322.4,0.161,0.371,0.971,Heavy congestion detected - signal timing extended and reroute suggested
EVT448977,2025-08-16 14:59:12,Religious Festival,J030,MG Road,74670,Weekend,True,Clear,False,0.0,False,False,0.886,Severe,12.8,67.5,444.7,0.209,0.483,0.869,Festival crowd surge detected - alternate route and extended cycle recommended
EVT448978,2026-02-26 09:41:02,Local Market Day,J031,Cubbon Road,2864,Weekday,False,Clear,False,0.0,False,False,0.943,Severe,10.1,66.3,355.9,0.142,0.329,0.929,Heavy congestion detected - signal timing extended and reroute suggested
EVT448979,2025-01-21 17:02:27,Local Market Day,J023,Basavanagudi,1762,Weekday,False,Clear,False,0.0,False,False,0.677,High,17.6,46.0,216.6,0.155,0.357,0.982,Moderate traffic flow - standard adaptive signal timing in effect
EVT448980,2025-03-18 20:40:46,Political Rally,J030,MG Road,14639,Weekday,False,Clear,False,0.0,False,False,0.55,High,26.7,38.6,151.1,0.116,0.268,0.955,Moderate traffic flow - standard adaptive signal timing in effect
EVT448981,2025-11-20 20:07:08,Trade Fair,J011,Indiranagar 100ft Road,8236,Weekday,False,Clear,False,0.0,False,False,0.765,Severe,18.9,56.2,225.7,0.158,0.364,0.953,Heavy congestion detected - signal timing extended and reroute suggested
EVT448982,2025-09-09 17:54:18,Local Market Day,J009,Majestic,6950,Weekday,False,Rain,True,7.8,False,False,1.0,Severe,8.9,68.8,657.4,0.259,0.597,0.893,Heavy rain reducing visibility and grip - reduced speed and longer buffer advised
EVT448983,2026-04-26 19:33:43,Trade Fair,J040,City Market,8444,Weekend,False,Rain,True,15.2,False,False,0.905,Severe,8.3,59.8,743.7,0.22,0.508,0.848,Heavy rain reducing visibility and grip - reduced speed and longer buffer advised
EVT448984,2025-02-28 14:03:53,Concert,J040,City Market,25086,Weekday,False,Clear,False,0.0,False,False,0.343,Low,27.8,26.6,143.0,0.092,0.213,0.959,Moderate traffic flow - standard adaptive signal timing in effect
EVT448985,2026-03-18 07:46:10,Local Market Day,J009,Majestic,2016,Weekday,False,Clear,False,0.0,False,False,0.743,High,12.4,54.1,444.4,0.214,0.493,0.957,Moderate traffic flow - standard adaptive signal timing in effect
EVT448986,2026-03-04 07:14:19,Religious Festival,J023,Basavanagudi,45995,Weekday,True,Clear,False,0.0,False,False,0.997,Severe,8.4,73.0,377.1,0.139,0.32,0.888,Festival crowd surge detected - alternate route and extended cycle recommended
EVT448987,2025-08-27 09:45:00,Religious Festival,J030,MG Road,36640,Weekday,True,Clear,False,0.0,False,False,1.0,Severe,5.1,73.8,534.3,0.136,0.313,0.861,Festival crowd surge detected - alternate route and extended cycle recommended
EVT448988,2025-09-07 06:34:39,Concert,J011,Indiranagar 100ft Road,17339,Weekend,False,Clear,False,0.0,False,False,0.465,Moderate,31.4,34.5,235.0,0.226,0.521,0.983,Moderate traffic flow - standard adaptive signal timing in effect
EVT448989,2025-07-01 08:20:47,Local Market Day,J011,Indiranagar 100ft Road,4502,Weekday,False,Rain,True,13.7,False,False,1.0,Severe,7.9,74.3,524.3,0.172,0.398,0.875,Heavy rain reducing visibility and grip - reduced speed and longer buffer advised
EVT448990,2026-02-26 12:04:30,Sports Fixture,J040,City Market,24866,Weekday,False,Clear,False,0.0,False,False,0.374,Moderate,26.9,25.2,90.7,0.067,0.155,0.979,Moderate traffic flow - standard adaptive signal timing in effect
EVT448991,2025-12-19 21:19:41,Local Market Day,J020,Malleshwaram Circle,5611,Weekday,False,Clear,False,0.0,False,False,0.357,Moderate,22.0,22.6,228.0,0.139,0.32,0.99,Moderate traffic flow - standard adaptive signal timing in effect
EVT448992,2025-12-03 18:34:10,Political Rally,J012,Koramangala Sony World,12403,Weekday,False,Clear,False,0.0,False,False,0.975,Severe,8.0,70.1,475.5,0.16,0.371,0.935,Heavy congestion detected - signal timing extended and reroute suggested
EVT448993,2025-02-24 17:21:57,Political Rally,J012,Koramangala Sony World,24576,Weekday,False,Clear,False,0.0,False,False,1.0,Severe,6.7,74.4,637.3,0.188,0.433,0.917,Heavy congestion detected - signal timing extended and reroute suggested
EVT448994,2026-02-04 10:52:10,Local Market Day,J012,Koramangala Sony World,2615,Weekday,False,Clear,False,0.0,False,False,0.584,High,18.9,41.7,219.4,0.115,0.265,0.99,Moderate traffic flow - standard adaptive signal timing in effect
EVT448995,2025-10-08 08:07:01,Concert,J020,Malleshwaram Circle,28051,Weekday,False,Clear,False,0.0,False,False,0.948,Severe,13.5,66.2,414.6,0.234,0.54,0.925,Heavy congestion detected - signal timing extended and reroute suggested
EVT448996,2025-03-08 17:06:00,Sports Fixture,J023,Basavanagudi,12050,Weekend,False,Clear,False,0.0,False,False,0.694,High,19.6,46.5,262.5,0.154,0.355,0.954,Moderate traffic flow - standard adaptive signal timing in effect
EVT448997,2026-05-09 15:04:30,Trade Fair,J031,Cubbon Road,13434,Weekend,False,Clear,False,0.0,False,False,0.4,Moderate,27.9,33.0,260.2,0.206,0.476,0.965,Moderate traffic flow - standard adaptive signal timing in effect
EVT448998,2025-11-17 16:45:19,Political Rally,J012,Koramangala Sony World,17616,Weekday,False,Clear,False,0.0,False,False,0.723,High,18.4,49.9,236.9,0.165,0.38,0.956,Moderate traffic flow - standard adaptive signal timing in effect
EVT448999,2025-01-24 20:19:23,Concert,J023,Basavanagudi,24480,Weekday,False,Clear,False,0.0,False,False,0.78,Severe,16.5,51.4,221.9,0.119,0.275,0.957,Heavy congestion detected - signal timing extended and reroute suggested
EVT449000,2026-06-15 17:55:01,Trade Fair,J012,Koramangala Sony World,4928,Weekday,False,Clear,False,0.0,False,False,1.0,Severe,9.3,69.2,301.3,0.126,0.291,0.936,Heavy congestion detected - signal timing extended and reroute suggested
EVT449001,2026-05-14 21:23:09,Sports Fixture,J012,Koramangala Sony World,37430,Weekday,False,Clear,False,0.0,False,False,0.607,High,19.0,39.7,316.4,0.188,0.435,0.985,Moderate traffic flow - standard adaptive signal timing in effect
EVT449002,2025-01-04 00:10:10,Concert,J009,Majestic,5952,Weekend,False,Clear,False,0.0,False,False,0.284,Low,29.0,26.8,195.4,0.161,0.371,0.982,Moderate traffic flow - standard adaptive signal timing in effect
EVT449003,2025-06-04 09:44:21,Local Market Day,J030,MG Road,6711,Weekday,False,Heavy Rain,True,42.0,False,False,1.0,Severe,8.7,76.3,362.6,0.144,0.334,0.861,Heavy rain reducing visibility and grip - reduced speed and longer buffer advised
EVT449004,2026-05-24 19:08:36,Concert,J040,City Market,9342,Weekend,False,Clear,False,0.0,False,False,0.862,Severe,13.6,54.1,507.2,0.25,0.579,0.938,Heavy congestion detected - signal timing extended and reroute suggested
EVT449005,2025-05-23 19:05:31,Concert,J030,MG Road,11226,Weekday,False,Heavy Rain,True,38.7,False,False,1.0,Severe,7.1,71.4,977.2,0.288,0.666,0.878,Heavy rain reducing visibility and grip - reduced speed and longer buffer advised
EVT449006,2026-06-28 18:27:12,Political Rally,J009,Majestic,15410,Weekend,False,Heavy Rain,True,25.4,False,False,1.0,Severe,9.0,72.3,493.1,0.185,0.427,0.87,Heavy rain reducing visibility and grip - reduced speed and longer buffer advised
EVT449007,2025-12-22 08:25:21,Local Market Day,J011,Indiranagar 100ft Road,2838,Weekday,False,Light Rain,True,6.3,False,False,1.0,Severe,8.4,74.4,825.9,0.263,0.607,0.863,Heavy rain reducing visibility and grip - reduced speed and longer buffer advised
EVT449008,2025-04-24 19:38:28,Local Market Day,J011,Indiranagar 100ft Road,3935,Weekday,False,Clear,False,0.0,False,False,0.81,Severe,13.7,50.9,265.3,0.135,0.311,0.948,Heavy congestion detected - signal timing extended and reroute suggested
EVT449009,2026-04-05 15:00:49,Local Market Day,J031,Cubbon Road,3178,Weekend,False,Clear,False,0.0,False,False,0.319,Low,23.2,21.7,259.5,0.187,0.432,0.969,Moderate traffic flow - standard adaptive signal timing in effect
EVT449010,2025-03-02 09:49:06,Concert,J023,Basavanagudi,7269,Weekend,False,Clear,False,0.0,False,False,0.799,Severe,14.3,55.5,389.3,0.191,0.44,0.978,Heavy congestion detected - signal timing extended and reroute suggested
EVT449011,2025-10-01 21:28:19,Local Market Day,J031,Cubbon Road,5101,Weekday,False,Heavy Rain,True,34.9,False,False,0.699,High,20.6,49.9,143.5,0.109,0.253,0.924,Heavy rain reducing visibility and grip - reduced speed and longer buffer advised
EVT449012,2025-06-28 16:27:00,Sports Fixture,J040,City Market,16864,Weekend,False,Heavy Rain,True,39.3,True,False,1.0,Severe,7.9,65.4,596.9,0.186,0.43,0.703,Accident detected nearby - reroute and reduced speed advised
EVT449013,2026-05-13 19:17:12,Trade Fair,J012,Koramangala Sony World,23114,Weekday,False,Clear,False,0.0,False,False,0.997,Severe,7.5,81.8,650.9,0.193,0.445,0.918,Heavy congestion detected - signal timing extended and reroute suggested
EVT449014,2025-07-07 06:29:36,Trade Fair,J012,Koramangala Sony World,5523,Weekday,False,Clear,False,0.0,False,False,0.335,Low,30.2,27.9,120.5,0.098,0.226,0.942,Moderate traffic flow - standard adaptive signal timing in effect
EVT449015,2025-03-06 17:11:06,Political Rally,J023,Basavanagudi,10476,Weekday,False,Clear,False,0.0,False,False,0.713,High,18.9,45.0,201.0,0.11,0.255,0.94,Moderate traffic flow - standard adaptive signal timing in effect
EVT449016,2025-04-28 08:29:00,Trade Fair,J020,Malleshwaram Circle,6634,Weekday,False,Fog,False,0.0,False,False,0.921,Severe,11.3,65.4,538.9,0.214,0.494,0.928,Heavy congestion detected - signal timing extended and reroute suggested
EVT449017,2025-07-13 21:03:28,Concert,J031,Cubbon Road,21413,Weekend,False,Clear,False,0.0,False,False,0.531,Moderate,24.6,42.2,228.4,0.164,0.38,0.984,Moderate traffic flow - standard adaptive signal timing in effect
EVT449018,2026-03-30 00:48:18,Political Rally,J023,Basavanagudi,13301,Weekday,False,Clear,False,0.0,False,False,0.243,Low,38.8,18.9,106.2,0.091,0.21,0.959,Normal free-flow traffic - standard signal timing maintained
EVT449019,2025-08-29 16:21:30,Sports Fixture,J040,City Market,37963,Weekday,False,Rain,True,11.4,False,False,0.914,Severe,11.5,64.6,364.5,0.185,0.427,0.891,Heavy rain reducing visibility and grip - reduced speed and longer buffer advised
EVT449020,2025-03-28 12:08:08,Political Rally,J011,Indiranagar 100ft Road,15719,Weekday,False,Clear,False,0.0,False,False,0.243,Low,36.4,14.5,114.5,0.117,0.271,0.96,Normal free-flow traffic - standard signal timing maintained
EVT449021,2026-01-23 11:49:58,Sports Fixture,J030,MG Road,18242,Weekday,False,Clear,False,0.0,False,False,0.444,Moderate,29.7,29.5,145.8,0.124,0.287,0.976,Moderate traffic flow - standard adaptive signal timing in effect
EVT449022,2025-12-03 05:49:42,Trade Fair,J020,Malleshwaram Circle,5539,Weekday,False,Clear,False,0.0,False,False,0.181,Low,25.1,16.1,108.4,0.077,0.178,0.947,Normal free-flow traffic - standard signal timing maintained
EVT449023,2026-02-28 12:25:18,Political Rally,J011,Indiranagar 100ft Road,16781,Weekend,False,Clear,False,0.0,False,False,0.389,Moderate,29.7,18.9,208.8,0.161,0.373,0.944,Moderate traffic flow - standard adaptive signal timing in effect
EVT449024,2025-03-30 17:45:08,Religious Festival,J031,Cubbon Road,45485,Weekend,True,Clear,False,0.0,False,True,1.0,Severe,7.3,97.4,710.5,0.209,0.483,0.838,Road closure for event/procession - full detour recommended for through-traffic
EVT449025,2025-02-21 08:48:26,Political Rally,J020,Malleshwaram Circle,19620,Weekday,False,Clear,False,0.0,False,False,1.0,Severe,7.7,79.1,538.2,0.161,0.371,0.908,Heavy congestion detected - signal timing extended and reroute suggested
EVT449026,2026-05-12 20:22:15,Local Market Day,J020,Malleshwaram Circle,3379,Weekday,False,Rain,True,10.1,False,False,0.672,High,20.2,45.3,121.3,0.093,0.216,0.906,Heavy rain reducing visibility and grip - reduced speed and longer buffer advised
EVT449027,2025-05-12 08:07:25,Trade Fair,J031,Cubbon Road,7953,Weekday,False,Clear,False,0.0,False,False,0.867,Severe,13.0,60.9,421.1,0.193,0.445,0.936,Heavy congestion detected - signal timing extended and reroute suggested
EVT449028,2026-04-07 17:46:00,Sports Fixture,J020,Malleshwaram Circle,21981,Weekday,False,Clear,False,0.0,False,False,1.0,Severe,9.4,69.4,588.7,0.23,0.532,0.926,Heavy congestion detected - signal timing extended and reroute suggested
EVT449029,2025-05-21 20:47:55,Trade Fair,J012,Koramangala Sony World,5241,Weekday,False,Heavy Rain,True,38.3,False,False,0.879,Severe,13.8,60.0,250.8,0.136,0.315,0.894,Heavy rain reducing visibility and grip - reduced speed and longer buffer advised
EVT449030,2026-02-02 11:24:12,Local Market Day,J023,Basavanagudi,3119,Weekday,False,Clear,False,0.0,False,False,0.31,Low,31.2,27.2,202.4,0.191,0.442,0.966,Moderate traffic flow - standard adaptive signal timing in effect
EVT449031,2025-05-26 08:57:27,Concert,J023,Basavanagudi,6319,Weekday,False,Clear,False,0.0,False,False,1.0,Severe,8.8,66.6,217.2,0.088,0.202,0.91,Heavy congestion detected - signal timing extended and reroute suggested
EVT449032,2026-05-12 19:36:20,Concert,J031,Cubbon Road,10263,Weekday,False,Clear,False,0.0,False,False,0.991,Severe,8.6,69.1,497.2,0.161,0.372,0.909,Heavy congestion detected - signal timing extended and reroute suggested
EVT449033,2025-06-07 18:35:26,Local Market Day,J011,Indiranagar 100ft Road,2850,Weekend,False,Clear,False,0.0,False,False,0.863,Severe,14.5,60.7,537.6,0.284,0.656,0.932,Heavy congestion detected - signal timing extended and reroute suggested
EVT449034,2025-02-13 17:14:27,Political Rally,J023,Basavanagudi,17284,Weekday,False,Clear,False,0.0,False,False,0.876,Severe,13.0,64.2,336.0,0.183,0.423,0.947,Heavy congestion detected - signal timing extended and reroute suggested
EVT449035,2025-04-04 19:15:01,Local Market Day,J031,Cubbon Road,4133,Weekday,False,Clear,False,0.0,False,False,0.946,Severe,10.2,63.8,523.2,0.228,0.526,0.908,Heavy congestion detected - signal timing extended and reroute suggested
EVT449036,2025-02-14 17:41:13,Sports Fixture,J030,MG Road,14465,Weekday,False,Clear,False,0.0,False,False,1.0,Severe,10.3,65.4,416.1,0.195,0.451,0.923,Heavy congestion detected - signal timing extended and reroute suggested
EVT449037,2025-02-06 15:20:14,Local Market Day,J012,Koramangala Sony World,6872,Weekday,False,Light Rain,True,3.3,False,False,0.397,Moderate,25.3,26.0,190.9,0.142,0.329,0.949,Light rain detected - minor speed reduction advised
EVT449038,2025-02-09 17:26:00,Concert,J011,Indiranagar 100ft Road,13716,Weekend,False,Clear,False,0.0,False,False,0.853,Severe,11.1,58.3,634.3,0.278,0.641,0.943,Heavy congestion detected - signal timing extended and reroute suggested
EVT449039,2025-08-02 14:14:23,Local Market Day,J020,Malleshwaram Circle,2237,Weekend,False,Clear,False,0.0,False,False,0.261,Low,25.6,18.4,129.8,0.105,0.243,0.974,Moderate traffic flow - standard adaptive signal timing in effect
EVT449040,2025-02-15 19:33:08,Local Market Day,J009,Majestic,2648,Weekend,False,Clear,False,0.0,False,False,0.686,High,23.5,46.0,206.4,0.149,0.344,0.938,Moderate traffic flow - standard adaptive signal timing in effect
EVT449041,2026-03-08 19:55:27,Local Market Day,J009,Majestic,2679,Weekend,False,Clear,False,0.0,False,False,0.579,High,23.1,43.4,242.6,0.17,0.392,0.959,Moderate traffic flow - standard adaptive signal timing in effect
EVT449042,2025-05-24 10:53:37,Concert,J030,MG Road,9737,Weekend,False,Clear,False,0.0,False,False,0.484,Moderate,27.3,29.7,245.5,0.16,0.369,0.98,Moderate traffic flow - standard adaptive signal timing in effect
EVT449043,2026-05-31 18:32:44,Local Market Day,J012,Koramangala Sony World,5004,Weekend,False,Clear,False,0.0,False,False,0.863,Severe,14.4,61.7,305.7,0.16,0.369,0.973,Heavy congestion detected - signal timing extended and reroute suggested
EVT449044,2025-07-22 18:38:55,Concert,J012,Koramangala Sony World,11513,Weekday,False,Rain,True,21.6,False,False,1.0,Severe,9.6,72.1,378.6,0.138,0.32,0.887,Heavy rain reducing visibility and grip - reduced speed and longer buffer advised
EVT449045,2025-01-13 17:16:50,Trade Fair,J020,Malleshwaram Circle,10866,Weekday,False,Clear,False,0.0,False,False,0.91,Severe,12.6,63.6,418.8,0.186,0.429,0.934,Heavy congestion detected - signal timing extended and reroute suggested
EVT449046,2025-10-04 16:12:09,Local Market Day,J020,Malleshwaram Circle,5112,Weekend,False,Clear,False,0.0,False,False,0.422,Moderate,27.6,29.9,196.0,0.14,0.324,0.949,Moderate traffic flow - standard adaptive signal timing in effect
EVT449047,2026-02-01 17:23:55,Local Market Day,J020,Malleshwaram Circle,4860,Weekend,False,Clear,False,0.0,False,False,0.765,Severe,16.0,54.4,227.0,0.115,0.265,0.982,Heavy congestion detected - signal timing extended and reroute suggested
EVT449048,2025-01-29 19:20:21,Political Rally,J011,Indiranagar 100ft Road,13202,Weekday,False,Fog,False,0.0,False,False,0.96,Severe,11.0,68.5,318.5,0.132,0.305,0.957,Heavy congestion detected - signal timing extended and reroute suggested
EVT449049,2025-05-30 08:28:45,Sports Fixture,J040,City Market,27764,Weekday,False,Clear,False,0.0,False,False,1.0,Severe,8.0,69.8,534.9,0.202,0.466,0.924,Heavy congestion detected - signal timing extended and reroute suggested
EVT449050,2026-04-27 17:02:09,Local Market Day,J020,Malleshwaram Circle,3383,Weekday,False,Clear,False,0.0,False,False,0.672,High,20.3,52.8,208.7,0.128,0.297,0.966,Moderate traffic flow - standard adaptive signal timing in effect
EVT449051,2026-05-08 19:59:57,Concert,J009,Majestic,17805,Weekday,False,Clear,False,0.0,False,False,0.855,Severe,10.7,67.6,589.5,0.249,0.576,0.939,Heavy congestion detected - signal timing extended and reroute suggested
EVT449052,2025-04-16 19:23:54,Sports Fixture,J030,MG Road,19984,Weekday,False,Clear,False,0.0,False,False,0.992,Severe,9.8,72.6,553.2,0.22,0.508,0.929,Heavy congestion detected - signal timing extended and reroute suggested
EVT449053,2025-11-21 00:05:12,Trade Fair,J023,Basavanagudi,8281,Weekday,False,Clear,False,0.0,False,False,0.165,Low,31.5,11.8,132.2,0.098,0.226,0.972,Normal free-flow traffic - standard signal timing maintained
EVT449054,2026-04-24 11:48:43,Concert,J023,Basavanagudi,10634,Weekday,False,Rain,True,9.6,False,False,0.447,Moderate,29.4,33.5,261.5,0.239,0.551,0.903,Light rain detected - minor speed reduction advised
EVT449055,2026-02-09 20:10:32,Political Rally,J009,Majestic,14369,Weekday,False,Light Rain,True,4.6,False,False,0.75,Severe,16.3,53.4,344.5,0.199,0.459,0.949,Heavy rain reducing visibility and grip - reduced speed and longer buffer advised
EVT449056,2026-03-02 12:32:05,Concert,J012,Koramangala Sony World,8493,Weekday,False,Fog,False,0.0,False,False,0.285,Low,27.1,18.7,131.8,0.102,0.236,0.971,Moderate traffic flow - standard adaptive signal timing in effect
EVT449057,2025-08-31 17:11:25,Local Market Day,J011,Indiranagar 100ft Road,3897,Weekend,False,Clear,False,0.0,False,False,0.708,High,17.3,46.9,287.0,0.159,0.368,0.951,Moderate traffic flow - standard adaptive signal timing in effect
EVT449058,2025-09-29 10:34:33,Trade Fair,J009,Majestic,8625,Weekday,False,Clear,False,0.0,False,False,0.639,High,21.5,46.1,109.2,0.057,0.131,0.965,Moderate traffic flow - standard adaptive signal timing in effect
EVT449059,2025-09-29 20:47:12,Concert,J023,Basavanagudi,20627,Weekday,False,Rain,True,13.8,False,False,0.705,High,18.0,50.2,303.2,0.183,0.423,0.897,Heavy rain reducing visibility and grip - reduced speed and longer buffer advised
EVT449060,2025-12-21 17:03:42,Concert,J031,Cubbon Road,11548,Weekend,False,Clear,False,0.0,False,False,0.681,High,20.0,47.6,329.4,0.225,0.519,0.966,Moderate traffic flow - standard adaptive signal timing in effect
EVT449061,2025-03-13 18:20:34,Concert,J011,Indiranagar 100ft Road,11413,Weekday,False,Clear,False,0.0,False,False,1.0,Severe,8.9,75.7,482.9,0.171,0.394,0.929,Heavy congestion detected - signal timing extended and reroute suggested
EVT449062,2025-05-09 19:46:04,Local Market Day,J009,Majestic,3361,Weekday,False,Clear,False,0.0,False,False,0.831,Severe,17.2,62.1,345.6,0.179,0.414,0.953,Heavy congestion detected - signal timing extended and reroute suggested
EVT449063,2026-03-14 16:19:43,Concert,J023,Basavanagudi,18700,Weekend,False,Clear,False,0.0,False,False,0.549,Moderate,22.7,37.1,285.7,0.195,0.452,0.979,Moderate traffic flow - standard adaptive signal timing in effect
EVT449064,2026-04-23 17:10:24,Local Market Day,J012,Koramangala Sony World,3404,Weekday,False,Clear,False,0.0,False,False,0.774,Severe,14.6,57.2,353.4,0.18,0.416,0.961,Heavy congestion detected - signal timing extended and reroute suggested
EVT449065,2026-02-12 12:08:43,Political Rally,J011,Indiranagar 100ft Road,19498,Weekday,False,Clear,False,0.0,False,False,0.3,Low,32.8,20.5,76.7,0.06,0.139,0.977,Moderate traffic flow - standard adaptive signal timing in effect
EVT449066,2025-11-24 01:47:23,Trade Fair,J023,Basavanagudi,8020,Weekday,False,Clear,False,0.0,False,False,0.211,Low,30.6,17.2,102.5,0.064,0.147,0.948,Normal free-flow traffic - standard signal timing maintained
EVT449067,2026-05-08 14:01:39,Local Market Day,J023,Basavanagudi,9236,Weekday,False,Clear,False,0.0,False,False,0.285,Low,31.0,20.4,197.9,0.169,0.389,0.944,Moderate traffic flow - standard adaptive signal timing in effect
EVT449068,2025-09-13 14:07:34,Trade Fair,J009,Majestic,7553,Weekend,False,Clear,False,0.0,False,False,0.264,Low,31.2,16.1,138.4,0.109,0.252,0.956,Moderate traffic flow - standard adaptive signal timing in effect
EVT449069,2026-06-01 19:00:22,Trade Fair,J020,Malleshwaram Circle,5306,Weekday,False,Clear,False,0.0,False,False,0.888,Severe,13.0,64.9,145.3,0.064,0.148,0.94,Heavy congestion detected - signal timing extended and reroute suggested
EVT449070,2026-02-11 20:46:52,Local Market Day,J012,Koramangala Sony World,9760,Weekday,False,Clear,False,0.0,False,False,0.546,Moderate,18.2,35.1,347.1,0.217,0.502,0.954,Moderate traffic flow - standard adaptive signal timing in effect
EVT449071,2026-03-22 07:17:45,Local Market Day,J040,City Market,4007,Weekend,False,Clear,False,0.0,False,False,0.466,Moderate,22.1,37.3,247.7,0.145,0.334,0.969,Moderate traffic flow - standard adaptive signal timing in effect
EVT449072,2026-02-10 16:29:42,Local Market Day,J023,Basavanagudi,3267,Weekday,False,Clear,False,0.0,False,False,0.572,High,22.1,47.5,257.2,0.174,0.401,0.967,Moderate traffic flow - standard adaptive signal timing in effect
EVT449073,2026-01-07 14:42:22,Local Market Day,J011,Indiranagar 100ft Road,4909,Weekday,False,Clear,False,0.0,False,False,0.315,Low,34.1,18.1,157.7,0.143,0.329,0.97,Moderate traffic flow - standard adaptive signal timing in effect
EVT449074,2025-11-26 22:10:13,Concert,J009,Majestic,26434,Weekday,False,Clear,False,0.0,False,False,0.347,Low,27.9,20.3,168.5,0.129,0.297,0.938,Moderate traffic flow - standard adaptive signal timing in effect
EVT449075,2026-06-03 16:21:23,Local Market Day,J009,Majestic,3140,Weekday,False,Rain,True,14.6,False,False,0.766,Severe,14.6,50.1,282.5,0.144,0.333,0.904,Heavy rain reducing visibility and grip - reduced speed and longer buffer advised
EVT449076,2025-04-22 21:30:38,Concert,J040,City Market,10979,Weekday,False,Clear,False,0.0,False,False,0.376,Moderate,29.0,28.5,177.8,0.135,0.312,0.96,Moderate traffic flow - standard adaptive signal timing in effect
EVT449077,2025-04-07 08:51:25,Cultural Procession,J040,City Market,13620,Weekday,True,Clear,False,0.0,False,True,1.0,Severe,7.7,98.5,526.2,0.181,0.417,0.837,Road closure for event/procession - full detour recommended for through-traffic
EVT449078,2026-05-15 08:40:25,Local Market Day,J009,Majestic,2217,Weekday,False,Fog,False,0.0,False,False,0.921,Severe,10.7,62.2,599.1,0.219,0.505,0.927,Heavy congestion detected - signal timing extended and reroute suggested
EVT449079,2026-04-18 10:30:22,Concert,J020,Malleshwaram Circle,15774,Weekend,False,Rain,True,8.7,False,False,0.756,Severe,19.3,54.4,323.5,0.211,0.487,0.902,Heavy rain reducing visibility and grip - reduced speed and longer buffer advised
EVT449080,2025-07-20 18:32:29,Sports Fixture,J030,MG Road,22092,Weekend,False,Heavy Rain,True,36.8,False,False,1.0,Severe,5.7,76.7,935.8,0.228,0.527,0.87,Heavy rain reducing visibility and grip - reduced speed and longer buffer advised
EVT449081,2025-05-08 09:32:01,Trade Fair,J030,MG Road,5967,Weekday,False,Clear,False,0.0,False,False,0.921,Severe,11.3,67.7,539.1,0.23,0.531,0.933,Heavy congestion detected - signal timing extended and reroute suggested
EVT449082,2025-05-10 21:16:00,Local Market Day,J040,City Market,5600,Weekend,False,Clear,False,0.0,False,False,0.425,Moderate,23.9,25.9,168.0,0.102,0.235,0.979,Moderate traffic flow - standard adaptive signal timing in effect
EVT449083,2025-10-08 09:23:38,Local Market Day,J009,Majestic,3081,Weekday,False,Clear,False,0.0,False,False,0.941,Severe,9.9,73.9,388.6,0.158,0.365,0.931,Heavy congestion detected - signal timing extended and reroute suggested
EVT449084,2025-11-19 22:18:51,Concert,J011,Indiranagar 100ft Road,13588,Weekday,False,Clear,False,0.0,False,False,0.3,Low,27.1,23.4,194.9,0.14,0.322,0.99,Moderate traffic flow - standard adaptive signal timing in effect
EVT449085,2025-03-22 19:36:29,Concert,J040,City Market,16124,Weekend,False,Clear,False,0.0,False,False,0.692,High,17.9,44.1,357.6,0.206,0.477,0.951,Moderate traffic flow - standard adaptive signal timing in effect
EVT449086,2026-02-01 16:23:46,Trade Fair,J030,MG Road,8339,Weekend,False,Clear,False,0.0,False,False,0.569,High,23.2,40.7,346.2,0.239,0.552,0.973,Moderate traffic flow - standard adaptive signal timing in effect
EVT449087,2025-01-02 17:45:46,Local Market Day,J040,City Market,4894,Weekday,False,Clear,False,0.0,False,False,0.966,Severe,10.3,68.3,312.5,0.122,0.282,0.921,Heavy congestion detected - signal timing extended and reroute suggested
EVT449088,2026-04-16 15:07:12,Concert,J009,Majestic,8014,Weekday,False,Clear,False,0.0,False,False,0.294,Low,33.5,22.5,125.5,0.113,0.262,0.986,Moderate traffic flow - standard adaptive signal timing in effect
EVT449089,2026-05-16 13:06:08,Concert,J020,Malleshwaram Circle,20721,Weekend,False,Clear,False,0.0,False,False,0.369,Moderate,28.3,19.3,57.1,0.047,0.11,0.954,Moderate traffic flow - standard adaptive signal timing in effect
EVT449090,2025-08-13 13:20:15,Sports Fixture,J030,MG Road,20290,Weekday,False,Heavy Rain,True,31.8,False,False,0.61,High,23.2,43.0,173.5,0.121,0.28,0.935,Heavy rain reducing visibility and grip - reduced speed and longer buffer advised
EVT449091,2026-06-28 19:56:03,Political Rally,J040,City Market,15498,Weekend,False,Rain,True,8.0,False,False,0.809,Severe,12.9,52.6,297.4,0.148,0.341,0.887,Heavy rain reducing visibility and grip - reduced speed and longer buffer advised
EVT449092,2026-01-14 14:00:20,Religious Festival,J020,Malleshwaram Circle,42720,Weekday,True,Clear,False,0.0,False,False,0.646,High,14.4,52.2,218.3,0.122,0.281,0.925,Festival crowd surge detected - alternate route and extended cycle recommended
EVT449093,2025-02-21 08:43:22,Concert,J023,Basavanagudi,11190,Weekday,False,Clear,False,0.0,False,False,1.0,Severe,9.0,73.6,581.4,0.233,0.538,0.905,Heavy congestion detected - signal timing extended and reroute suggested
EVT449094,2025-07-01 18:19:42,Sports Fixture,J030,MG Road,19986,Weekday,False,Clear,False,0.0,False,False,1.0,Severe,7.5,67.8,393.1,0.126,0.292,0.91,Heavy congestion detected - signal timing extended and reroute suggested
EVT449095,2026-02-28 10:49:56,Political Rally,J023,Basavanagudi,30862,Weekend,False,Clear,False,0.0,False,False,0.619,High,21.6,46.3,238.1,0.16,0.369,0.958,Moderate traffic flow - standard adaptive signal timing in effect
EVT449096,2026-05-10 18:19:26,Sports Fixture,J012,Koramangala Sony World,20757,Weekend,False,Clear,False,0.0,False,False,0.971,Severe,10.0,70.3,749.4,0.292,0.674,0.902,Heavy congestion detected - signal timing extended and reroute suggested
EVT449097,2025-11-02 19:38:29,Religious Festival,J031,Cubbon Road,33683,Weekend,True,Clear,False,0.0,False,True,1.0,Severe,7.6,106.3,627.6,0.204,0.472,0.838,Road closure for event/procession - full detour recommended for through-traffic
EVT449098,2025-08-12 08:10:30,Sports Fixture,J031,Cubbon Road,24186,Weekday,False,Clear,False,0.0,False,False,1.0,Severe,8.0,72.3,693.0,0.237,0.548,0.926,Heavy congestion detected - signal timing extended and reroute suggested
EVT449099,2025-03-13 07:51:08,Local Market Day,J009,Majestic,2810,Weekday,False,Clear,False,0.0,False,False,0.727,High,17.0,51.8,351.0,0.204,0.47,0.951,Moderate traffic flow - standard adaptive signal timing in effect
EVT449100,2025-12-01 13:59:57,Local Market Day,J031,Cubbon Road,3269,Weekday,False,Clear,False,0.0,False,False,0.133,Low,36.8,8.3,87.3,0.071,0.163,0.964,Normal free-flow traffic - standard signal timing maintained
EVT449101,2025-11-24 14:59:45,Concert,J011,Indiranagar 100ft Road,5169,Weekday,False,Clear,False,0.0,False,False,0.207,Low,27.1,17.0,126.1,0.075,0.172,0.96,Normal free-flow traffic - standard signal timing maintained
EVT449102,2026-04-14 09:29:52,Religious Festival,J023,Basavanagudi,25027,Weekday,True,Clear,False,0.0,False,False,1.0,Severe,8.1,75.2,516.6,0.174,0.402,0.857,Festival crowd surge detected - alternate route and extended cycle recommended
EVT449103,2025-04-18 21:15:44,Trade Fair,J030,MG Road,14233,Weekday,False,Clear,False,0.0,False,False,0.451,Moderate,26.4,27.3,203.9,0.165,0.381,0.952,Moderate traffic flow - standard adaptive signal timing in effect
EVT449104,2026-01-06 07:47:35,Local Market Day,J040,City Market,4135,Weekday,False,Clear,False,0.0,False,False,0.677,High,15.2,46.6,323.4,0.149,0.343,0.973,Moderate traffic flow - standard adaptive signal timing in effect
EVT449105,2025-08-12 10:25:31,Concert,J031,Cubbon Road,11194,Weekday,False,Heavy Rain,True,35.8,False,False,0.979,Severe,9.4,80.2,489.8,0.179,0.413,0.857,Heavy rain reducing visibility and grip - reduced speed and longer buffer advised
EVT449106,2025-11-08 09:14:36,Local Market Day,J012,Koramangala Sony World,5626,Weekend,False,Clear,False,0.0,False,False,0.815,Severe,12.4,57.9,411.8,0.192,0.443,0.984,Heavy congestion detected - signal timing extended and reroute suggested
EVT449107,2026-04-03 19:01:46,Sports Fixture,J040,City Market,18144,Weekday,False,Clear,False,0.0,False,False,1.0,Severe,7.8,69.6,443.3,0.144,0.332,0.943,Heavy congestion detected - signal timing extended and reroute suggested
EVT449108,2025-03-05 13:57:23,Concert,J031,Cubbon Road,15009,Weekday,False,Clear,False,0.0,False,False,0.239,Low,19.2,17.2,190.0,0.078,0.179,0.954,Normal free-flow traffic - standard signal timing maintained
EVT449109,2026-04-20 19:36:20,Political Rally,J023,Basavanagudi,11880,Weekday,False,Fog,False,0.0,False,False,0.834,Severe,14.3,57.9,228.6,0.121,0.281,0.946,Heavy congestion detected - signal timing extended and reroute suggested
EVT449110,2025-02-16 14:15:51,Local Market Day,J023,Basavanagudi,6356,Weekend,False,Fog,False,0.0,False,False,0.298,Low,29.5,17.6,197.0,0.168,0.387,0.957,Moderate traffic flow - standard adaptive signal timing in effect
EVT449111,2025-08-01 19:30:01,Local Market Day,J009,Majestic,3671,Weekday,False,Rain,True,18.0,False,False,1.0,Severe,7.9,70.5,548.6,0.179,0.413,0.867,Heavy rain reducing visibility and grip - reduced speed and longer buffer advised
EVT449112,2025-08-27 17:57:45,Religious Festival,J009,Majestic,39612,Weekday,True,Rain,True,8.4,False,True,1.0,Severe,8.3,100.4,443.9,0.165,0.38,0.769,Road closure for event/procession - full detour recommended for through-traffic
EVT449113,2025-04-01 07:11:51,Sports Fixture,J011,Indiranagar 100ft Road,28297,Weekday,False,Clear,False,0.0,False,False,0.634,High,23.8,48.2,228.1,0.161,0.372,0.961,Moderate traffic flow - standard adaptive signal timing in effect
EVT449114,2025-01-10 15:18:31,Concert,J030,MG Road,13521,Weekday,False,Clear,False,0.0,False,False,0.296,Low,34.0,19.2,118.8,0.113,0.26,0.98,Moderate traffic flow - standard adaptive signal timing in effect
EVT449115,2026-03-30 10:50:54,Trade Fair,J012,Koramangala Sony World,7752,Weekday,False,Clear,False,0.0,False,False,0.537,Moderate,23.9,42.4,189.8,0.12,0.277,0.976,Moderate traffic flow - standard adaptive signal timing in effect
EVT449116,2025-07-09 06:38:23,Sports Fixture,J031,Cubbon Road,12905,Weekday,False,Clear,False,0.0,False,False,0.344,Low,30.1,24.9,144.3,0.127,0.294,0.972,Moderate traffic flow - standard adaptive signal timing in effect
EVT449117,2025-06-01 04:11:37,Concert,J009,Majestic,11271,Weekend,False,Clear,False,0.0,False,False,0.372,Moderate,28.7,29.6,128.5,0.102,0.236,0.961,Moderate traffic flow - standard adaptive signal timing in effect
EVT449118,2025-08-27 13:17:53,Cultural Procession,J011,Indiranagar 100ft Road,16228,Weekday,True,Fog,False,0.0,False,True,0.645,Moderate,25.5,65.7,243.0,0.199,0.46,0.865,Road closure for event/procession - full detour recommended for through-traffic
EVT449119,2025-05-09 10:46:08,Local Market Day,J009,Majestic,3481,Weekday,False,Clear,False,0.0,False,False,0.47,Moderate,24.7,37.1,139.3,0.11,0.255,0.97,Moderate traffic flow - standard adaptive signal timing in effect
EVT449120,2026-04-24 15:06:21,Political Rally,J011,Indiranagar 100ft Road,15481,Weekday,False,Clear,False,0.0,False,False,0.377,Moderate,34.0,18.3,175.6,0.161,0.372,0.974,Moderate traffic flow - standard adaptive signal timing in effect
EVT449121,2025-10-17 12:44:29,Local Market Day,J020,Malleshwaram Circle,4859,Weekday,False,Clear,False,0.0,True,False,0.578,High,19.2,40.0,224.7,0.124,0.286,0.795,Accident detected nearby - reroute and reduced speed advised
EVT449122,2025-12-19 10:19:41,Concert,J040,City Market,17784,Weekday,False,Clear,False,0.0,False,False,0.782,Severe,17.0,55.7,197.7,0.112,0.258,0.965,Heavy congestion detected - signal timing extended and reroute suggested
EVT449123,2026-02-20 18:22:04,Sports Fixture,J031,Cubbon Road,15459,Weekday,False,Clear,False,0.0,False,False,1.0,Severe,9.2,77.3,646.4,0.23,0.532,0.911,Heavy congestion detected - signal timing extended and reroute suggested
EVT449124,2025-06-03 08:59:04,Local Market Day,J040,City Market,6761,Weekday,False,Heavy Rain,True,31.3,False,False,1.0,Severe,7.5,70.6,538.0,0.16,0.369,0.86,Heavy rain reducing visibility and grip - reduced speed and longer buffer advised
EVT449125,2025-02-28 07:50:59,Sports Fixture,J031,Cubbon Road,19366,Weekday,False,Clear,False,0.0,False,False,0.859,Severe,13.3,61.9,371.2,0.189,0.437,0.959,Heavy congestion detected - signal timing extended and reroute suggested
EVT449126,2026-06-07 07:17:18,Sports Fixture,J012,Koramangala Sony World,16783,Weekend,False,Heavy Rain,True,50.0,False,False,0.873,Severe,13.8,56.7,447.3,0.224,0.516,0.88,Heavy rain reducing visibility and grip - reduced speed and longer buffer advised
EVT449127,2025-03-26 11:33:22,Local Market Day,J020,Malleshwaram Circle,3777,Weekday,False,Clear,False,0.0,False,False,0.297,Low,36.8,25.1,129.6,0.13,0.299,0.962,Moderate traffic flow - standard adaptive signal timing in effect
EVT449128,2026-06-06 19:57:30,Trade Fair,J030,MG Road,11030,Weekend,False,Clear,False,0.0,False,False,0.663,High,16.7,49.9,422.2,0.227,0.524,0.958,Moderate traffic flow - standard adaptive signal timing in effect
EVT449129,2025-02-01 17:38:54,Trade Fair,J030,MG Road,9004,Weekend,False,Clear,False,0.0,False,False,0.852,Severe,15.6,60.4,126.0,0.072,0.167,0.959,Heavy congestion detected - signal timing extended and reroute suggested
EVT449130,2025-04-25 13:54:29,Local Market Day,J030,MG Road,6214,Weekday,False,Clear,False,0.0,False,False,0.164,Low,36.0,10.9,88.4,0.076,0.175,0.979,Normal free-flow traffic - standard signal timing maintained
EVT449131,2026-05-10 08:20:48,Trade Fair,J030,MG Road,9786,Weekend,False,Heavy Rain,True,30.3,False,False,1.0,Severe,7.2,70.9,278.2,0.104,0.241,0.853,Heavy rain reducing visibility and grip - reduced speed and longer buffer advised
EVT449132,2026-02-08 12:17:23,Concert,J009,Majestic,7730,Weekend,False,Clear,False,0.0,False,False,0.295,Low,32.8,16.7,126.5,0.084,0.193,0.978,Moderate traffic flow - standard adaptive signal timing in effect
EVT449133,2025-08-20 10:06:05,Concert,J009,Majestic,12922,Weekday,False,Heavy Rain,True,54.9,False,False,1.0,Severe,5.8,77.6,967.5,0.244,0.564,0.862,Heavy rain reducing visibility and grip - reduced speed and longer buffer advised
EVT449134,2025-05-01 17:30:04,Religious Festival,J023,Basavanagudi,36576,Weekday,True,Clear,False,0.0,False,True,1.0,Severe,6.9,96.5,622.8,0.191,0.44,0.86,Road closure for event/procession - full detour recommended for through-traffic
EVT449135,2026-05-20 07:27:32,Concert,J009,Majestic,9994,Weekday,False,Rain,True,17.3,False,False,0.816,Severe,16.9,64.0,254.6,0.152,0.35,0.911,Heavy rain reducing visibility and grip - reduced speed and longer buffer advised
EVT449136,2026-03-06 17:44:41,Political Rally,J023,Basavanagudi,21225,Weekday,False,Fog,False,0.0,False,False,1.0,Severe,9.7,63.7,198.3,0.079,0.182,0.92,Heavy congestion detected - signal timing extended and reroute suggested
EVT449137,2026-04-04 12:26:29,Local Market Day,J031,Cubbon Road,3752,Weekend,False,Light Rain,True,5.1,False,False,0.347,Low,30.5,23.6,176.3,0.143,0.331,0.909,Light rain detected - minor speed reduction advised
EVT449138,2025-09-23 07:23:21,Local Market Day,J040,City Market,5398,Weekday,False,Clear,False,0.0,False,False,0.489,Moderate,24.9,27.8,234.9,0.165,0.38,0.964,Moderate traffic flow - standard adaptive signal timing in effect
EVT449139,2025-07-08 12:08:42,Local Market Day,J011,Indiranagar 100ft Road,2372,Weekday,False,Rain,True,17.5,False,False,0.408,Moderate,29.4,25.4,99.1,0.087,0.2,0.935,Light rain detected - minor speed reduction advised
EVT449140,2025-04-27 11:34:35,Sports Fixture,J040,City Market,11989,Weekend,False,Clear,False,0.0,False,False,0.362,Moderate,25.5,25.2,255.6,0.179,0.414,0.925,Moderate traffic flow - standard adaptive signal timing in effect
EVT449141,2025-01-01 16:40:16,Sports Fixture,J040,City Market,22406,Weekday,False,Clear,False,0.0,False,False,0.692,High,17.8,58.1,303.8,0.183,0.423,0.954,Moderate traffic flow - standard adaptive signal timing in effect
EVT449142,2025-11-17 18:19:13,Trade Fair,J023,Basavanagudi,9821,Weekday,False,Clear,False,0.0,False,False,1.0,Severe,7.9,75.7,523.7,0.186,0.429,0.925,Heavy congestion detected - signal timing extended and reroute suggested
EVT449143,2025-06-14 18:51:09,Local Market Day,J040,City Market,3631,Weekend,False,Clear,False,0.0,False,False,0.912,Severe,10.7,58.8,552.5,0.2,0.461,0.896,Heavy congestion detected - signal timing extended and reroute suggested
EVT449144,2026-02-25 10:12:31,Sports Fixture,J012,Koramangala Sony World,21079,Weekday,False,Clear,False,0.0,False,False,0.786,Severe,14.6,57.8,304.0,0.166,0.383,0.978,Heavy congestion detected - signal timing extended and reroute suggested
EVT449145,2025-08-29 16:33:56,Concert,J040,City Market,13669,Weekday,False,Rain,True,21.6,False,False,0.901,Severe,13.2,66.6,373.0,0.173,0.401,0.889,Heavy rain reducing visibility and grip - reduced speed and longer buffer advised
EVT449146,2025-01-22 14:49:42,Trade Fair,J012,Koramangala Sony World,12181,Weekday,False,Fog,False,0.0,False,False,0.277,Low,29.3,14.3,125.0,0.102,0.236,0.984,Moderate traffic flow - standard adaptive signal timing in effect
EVT449147,2025-11-15 18:08:14,Trade Fair,J009,Majestic,9124,Weekend,False,Clear,False,0.0,False,False,0.887,Severe,9.9,64.6,508.9,0.19,0.439,0.947,Heavy congestion detected - signal timing extended and reroute suggested
EVT449148,2026-06-27 06:22:59,Political Rally,J011,Indiranagar 100ft Road,21743,Weekend,False,Rain,True,24.9,False,False,0.698,High,17.9,49.6,195.8,0.112,0.259,0.922,Heavy rain reducing visibility and grip - reduced speed and longer buffer advised
EVT449149,2025-05-07 13:39:46,Local Market Day,J020,Malleshwaram Circle,5558,Weekday,False,Clear,False,0.0,False,False,0.217,Low,29.0,15.1,119.6,0.103,0.237,0.956,Normal free-flow traffic - standard signal timing maintained
EVT449150,2025-02-22 17:00:37,Sports Fixture,J011,Indiranagar 100ft Road,22905,Weekend,False,Clear,False,0.0,False,False,0.738,High,18.5,50.4,146.8,0.082,0.19,0.957,Moderate traffic flow - standard adaptive signal timing in effect
EVT449151,2025-06-14 10:05:50,Sports Fixture,J023,Basavanagudi,43897,Weekend,False,Rain,True,21.1,False,False,1.0,Severe,8.5,73.2,405.2,0.136,0.315,0.863,Heavy rain reducing visibility and grip - reduced speed and longer buffer advised
EVT449152,2025-10-22 08:44:11,Religious Festival,J030,MG Road,43232,Weekday,True,Clear,False,0.0,False,True,1.0,Severe,8.8,101.8,807.9,0.294,0.68,0.829,Road closure for event/procession - full detour recommended for through-traffic
EVT449153,2025-06-22 19:52:31,Political Rally,J009,Majestic,28207,Weekend,False,Heavy Rain,True,25.1,False,False,1.0,Severe,9.8,69.7,431.8,0.172,0.398,0.863,Heavy rain reducing visibility and grip - reduced speed and longer buffer advised
EVT449154,2025-11-12 19:12:12,Sports Fixture,J020,Malleshwaram Circle,23433,Weekday,False,Clear,False,0.0,False,False,1.0,Severe,6.2,74.3,909.4,0.247,0.57,0.914,Heavy congestion detected - signal timing extended and reroute suggested
EVT449155,2026-06-07 19:41:58,Political Rally,J020,Malleshwaram Circle,16518,Weekend,False,Rain,True,24.6,False,False,1.0,Severe,6.5,76.6,545.3,0.153,0.353,0.867,Heavy rain reducing visibility and grip - reduced speed and longer buffer advised
EVT449156,2025-02-24 08:05:29,Sports Fixture,J040,City Market,12836,Weekday,False,Clear,False,0.0,False,False,0.971,Severe,10.0,77.5,750.7,0.294,0.679,0.929,Heavy congestion detected - signal timing extended and reroute suggested
EVT449157,2025-09-24 12:09:25,Trade Fair,J009,Majestic,10435,Weekday,False,Heavy Rain,True,30.2,False,False,0.549,Moderate,21.4,42.9,214.3,0.142,0.328,0.934,Light rain detected - minor speed reduction advised
EVT449158,2025-04-14 20:45:47,Religious Festival,J040,City Market,43324,Weekday,True,Clear,False,0.0,False,True,1.0,Severe,11.7,100.6,287.7,0.145,0.336,0.85,Road closure for event/procession - full detour recommended for through-traffic
EVT449159,2026-03-05 08:50:33,Cultural Procession,J011,Indiranagar 100ft Road,20796,Weekday,True,Clear,False,0.0,False,False,1.0,Severe,10.9,70.7,491.3,0.204,0.472,0.851,Festival crowd surge detected - alternate route and extended cycle recommended
EVT449160,2025-10-16 06:08:43,Concert,J023,Basavanagudi,6830,Weekday,False,Light Rain,True,4.9,False,False,0.411,Moderate,25.2,30.4,234.7,0.175,0.405,0.897,Light rain detected - minor speed reduction advised
EVT449161,2025-03-31 17:43:52,Religious Festival,J009,Majestic,61290,Weekday,True,Clear,False,0.0,False,True,1.0,Severe,8.1,105.5,675.2,0.24,0.555,0.867,Road closure for event/procession - full detour recommended for through-traffic
EVT449162,2026-02-18 08:37:13,Political Rally,J030,MG Road,23539,Weekday,False,Clear,False,0.0,False,False,1.0,Severe,9.2,69.0,608.2,0.229,0.529,0.958,Heavy congestion detected - signal timing extended and reroute suggested
EVT449163,2026-06-13 04:59:15,Concert,J030,MG Road,9472,Weekend,False,Clear,False,0.0,False,False,0.25,Low,28.5,15.6,98.0,0.066,0.153,0.946,Moderate traffic flow - standard adaptive signal timing in effect
EVT449164,2025-11-17 21:11:48,Sports Fixture,J012,Koramangala Sony World,30581,Weekday,False,Clear,False,0.0,False,False,0.497,Moderate,18.5,32.8,387.2,0.216,0.499,0.989,Moderate traffic flow - standard adaptive signal timing in effect
EVT449165,2026-04-29 18:15:35,Trade Fair,J020,Malleshwaram Circle,6080,Weekday,False,Light Rain,True,3.2,False,False,1.0,Severe,8.0,75.4,271.2,0.093,0.215,0.875,Heavy rain reducing visibility and grip - reduced speed and longer buffer advised
EVT449166,2025-05-05 08:20:47,Local Market Day,J012,Koramangala Sony World,6141,Weekday,False,Clear,False,0.0,False,False,0.88,Severe,12.1,65.8,360.3,0.17,0.394,0.96,Heavy congestion detected - signal timing extended and reroute suggested
EVT449167,2025-03-21 10:46:38,Concert,J040,City Market,6177,Weekday,False,Clear,False,0.0,False,False,0.522,Moderate,23.7,35.4,189.2,0.138,0.319,0.968,Moderate traffic flow - standard adaptive signal timing in effect
EVT449168,2025-10-12 16:10:57,Concert,J012,Koramangala Sony World,11689,Weekend,False,Clear,False,0.0,False,False,0.53,Moderate,24.6,37.2,99.9,0.074,0.17,0.98,Moderate traffic flow - standard adaptive signal timing in effect
EVT449169,2025-12-18 13:58:35,Sports Fixture,J030,MG Road,18749,Weekday,False,Clear,False,0.0,False,False,0.265,Low,34.5,22.4,136.1,0.111,0.256,0.99,Moderate traffic flow - standard adaptive signal timing in effect
EVT449170,2025-10-17 13:45:17,Trade Fair,J040,City Market,11004,Weekday,False,Clear,False,0.0,False,False,0.269,Low,20.1,22.0,306.2,0.165,0.382,0.931,Moderate traffic flow - standard adaptive signal timing in effect
EVT449171,2025-05-02 23:54:31,Religious Festival,J020,Malleshwaram Circle,41554,Weekday,True,Clear,False,0.0,False,True,0.692,Moderate,19.4,68.2,243.1,0.14,0.323,0.885,Road closure for event/procession - full detour recommended for through-traffic
EVT449172,2025-03-18 15:27:29,Trade Fair,J040,City Market,8202,Weekday,False,Clear,False,0.0,False,False,0.326,Low,28.3,25.0,118.9,0.104,0.241,0.967,Moderate traffic flow - standard adaptive signal timing in effect
EVT449173,2025-04-10 15:21:44,Political Rally,J040,City Market,13817,Weekday,False,Clear,False,0.0,False,False,0.408,Moderate,27.2,34.8,171.4,0.11,0.253,0.946,Moderate traffic flow - standard adaptive signal timing in effect
EVT449174,2025-12-01 13:16:11,Local Market Day,J011,Indiranagar 100ft Road,2569,Weekday,False,Light Rain,True,3.6,False,False,0.242,Low,32.6,22.1,90.1,0.07,0.163,0.909,Light rain detected - minor speed reduction advised
EVT449175,2025-07-25 20:34:51,Concert,J020,Malleshwaram Circle,16323,Weekday,False,Clear,False,0.0,False,False,0.639,High,15.5,48.8,331.4,0.17,0.392,0.958,Moderate traffic flow - standard adaptive signal timing in effect
EVT449176,2025-05-19 19:08:26,Trade Fair,J030,MG Road,16940,Weekday,False,Clear,False,0.0,False,False,0.975,Severe,8.7,72.3,279.9,0.111,0.256,0.915,Heavy congestion detected - signal timing extended and reroute suggested
EVT449177,2025-10-25 22:10:41,Sports Fixture,J040,City Market,9430,Weekend,False,Clear,False,0.0,True,False,0.664,High,18.4,49.1,264.6,0.141,0.327,0.805,Accident detected nearby - reroute and reduced speed advised
EVT449178,2025-07-24 09:27:01,Local Market Day,J031,Cubbon Road,8770,Weekday,False,Clear,False,0.0,False,False,0.953,Severe,9.8,60.4,393.8,0.16,0.369,0.912,Heavy congestion detected - signal timing extended and reroute suggested
EVT449179,2025-05-05 19:47:01,Local Market Day,J023,Basavanagudi,3479,Weekday,False,Clear,False,0.0,False,False,0.779,Severe,11.5,48.4,231.0,0.089,0.206,0.97,Heavy congestion detected - signal timing extended and reroute suggested
EVT449180,2025-02-17 17:22:26,Local Market Day,J023,Basavanagudi,1796,Weekday,False,Clear,False,0.0,False,False,0.81,Severe,15.3,52.2,448.6,0.242,0.56,0.941,Heavy congestion detected - signal timing extended and reroute suggested
EVT449181,2025-04-18 08:00:57,Local Market Day,J031,Cubbon Road,4288,Weekday,False,Clear,False,0.0,False,False,0.78,Severe,13.9,50.4,359.4,0.181,0.418,0.97,Heavy congestion detected - signal timing extended and reroute suggested
EVT449182,2025-01-26 18:29:56,Fireworks Display,J020,Malleshwaram Circle,19388,Weekend,True,Clear,False,0.0,False,False,1.0,Severe,9.4,66.3,610.6,0.221,0.51,0.851,Festival crowd surge detected - alternate route and extended cycle recommended
EVT449183,2025-05-13 13:56:01,Sports Fixture,J020,Malleshwaram Circle,17298,Weekday,False,Clear,False,0.0,False,False,0.214,Low,32.8,14.7,165.6,0.141,0.326,0.942,Normal free-flow traffic - standard signal timing maintained
EVT449184,2025-01-01 19:15:39,Sports Fixture,J020,Malleshwaram Circle,17660,Weekday,False,Clear,False,0.0,False,False,1.0,Severe,8.1,68.7,612.2,0.207,0.477,0.958,Heavy congestion detected - signal timing extended and reroute suggested
EVT449185,2025-01-05 22:27:30,Concert,J040,City Market,10737,Weekend,False,Clear,False,0.0,False,False,0.376,Moderate,28.4,25.2,66.4,0.045,0.104,0.99,Moderate traffic flow - standard adaptive signal timing in effect
EVT449186,2025-01-21 17:26:31,Sports Fixture,J040,City Market,22528,Weekday,False,Clear,False,0.0,False,False,1.0,Severe,7.4,70.8,451.0,0.144,0.332,0.91,Heavy congestion detected - signal timing extended and reroute suggested
EVT449187,2025-10-16 09:34:59,Concert,J031,Cubbon Road,9780,Weekday,False,Clear,False,0.0,False,False,1.0,Severe,7.9,73.4,372.9,0.13,0.301,0.896,Heavy congestion detected - signal timing extended and reroute suggested
EVT449188,2025-07-10 23:41:15,Sports Fixture,J009,Majestic,14251,Weekday,False,Heavy Rain,True,54.9,False,False,0.527,Moderate,28.7,41.6,146.1,0.11,0.255,0.921,Light rain detected - minor speed reduction advised
EVT449189,2026-06-23 04:45:56,Local Market Day,J023,Basavanagudi,6886,Weekday,False,Clear,False,0.0,False,False,0.202,Low,29.2,16.4,144.7,0.116,0.268,0.98,Normal free-flow traffic - standard signal timing maintained
EVT449190,2025-09-06 09:25:06,Religious Festival,J031,Cubbon Road,18795,Weekend,True,Clear,False,0.0,False,False,1.0,Severe,8.0,74.3,346.7,0.13,0.301,0.864,Festival crowd surge detected - alternate route and extended cycle recommended
EVT449191,2025-07-22 17:15:21,Trade Fair,J031,Cubbon Road,8055,Weekday,False,Light Rain,True,6.2,False,False,0.854,Severe,8.5,60.3,299.8,0.101,0.233,0.894,Heavy rain reducing visibility and grip - reduced speed and longer buffer advised
EVT449192,2026-02-10 18:39:37,Local Market Day,J011,Indiranagar 100ft Road,2610,Weekday,False,Clear,False,0.0,False,False,1.0,Severe,9.7,64.8,336.9,0.14,0.323,0.886,Heavy congestion detected - signal timing extended and reroute suggested
EVT449193,2025-02-11 09:32:12,Sports Fixture,J012,Koramangala Sony World,18728,Weekday,False,Clear,False,0.0,False,False,0.993,Severe,9.7,73.1,442.6,0.181,0.418,0.921,Heavy congestion detected - signal timing extended and reroute suggested
EVT449194,2025-12-24 21:22:10,Political Rally,J011,Indiranagar 100ft Road,9788,Weekday,False,Clear,False,0.0,False,False,0.435,Moderate,23.0,30.6,138.1,0.084,0.193,0.971,Moderate traffic flow - standard adaptive signal timing in effect
EVT449195,2026-06-20 17:00:07,Local Market Day,J009,Majestic,5608,Weekend,False,Rain,True,21.7,False,False,0.9,Severe,12.0,60.0,588.9,0.252,0.581,0.887,Heavy rain reducing visibility and grip - reduced speed and longer buffer advised
EVT449196,2026-05-26 17:46:02,Trade Fair,J023,Basavanagudi,19936,Weekday,False,Clear,False,0.0,False,False,1.0,Severe,8.7,70.3,349.2,0.134,0.31,0.911,Heavy congestion detected - signal timing extended and reroute suggested
EVT449197,2025-02-19 22:54:08,Concert,J020,Malleshwaram Circle,6498,Weekday,False,Clear,False,0.0,False,False,0.245,Low,31.8,18.5,172.1,0.12,0.277,0.967,Normal free-flow traffic - standard signal timing maintained
EVT449198,2026-04-29 11:07:29,Sports Fixture,J012,Koramangala Sony World,17386,Weekday,False,Clear,False,0.0,False,False,0.505,Moderate,30.2,33.6,258.0,0.219,0.507,0.976,Moderate traffic flow - standard adaptive signal timing in effect
EVT449199,2025-08-01 18:28:15,Sports Fixture,J020,Malleshwaram Circle,14045,Weekday,False,Clear,False,0.0,False,False,1.0,Severe,8.9,78.4,649.9,0.23,0.531,0.921,Heavy congestion detected - signal timing extended and reroute suggested
EVT449200,2025-01-24 20:37:23,Local Market Day,J031,Cubbon Road,2856,Weekday,False,Clear,False,0.0,False,False,0.476,Moderate,20.8,31.7,188.6,0.116,0.269,0.958,Moderate traffic flow - standard adaptive signal timing in effect
EVT449201,2025-04-28 15:42:30,Local Market Day,J012,Koramangala Sony World,3026,Weekday,False,Clear,False,0.0,False,False,0.389,Moderate,30.9,23.5,121.3,0.096,0.221,0.962,Moderate traffic flow - standard adaptive signal timing in effect
EVT449202,2025-12-25 19:20:19,Cultural Procession,J020,Malleshwaram Circle,16132,Weekday,True,Clear,False,0.0,False,True,1.0,Severe,9.1,96.2,763.9,0.302,0.697,0.838,Road closure for event/procession - full detour recommended for through-traffic
EVT449203,2025-05-19 09:10:23,Trade Fair,J031,Cubbon Road,13234,Weekday,False,Clear,False,0.0,False,False,1.0,Severe,8.4,76.2,368.2,0.131,0.304,0.936,Heavy congestion detected - signal timing extended and reroute suggested
EVT449204,2026-02-06 09:04:41,Sports Fixture,J020,Malleshwaram Circle,17725,Weekday,False,Clear,False,0.0,False,False,1.0,Severe,7.2,73.0,259.5,0.114,0.264,0.927,Heavy congestion detected - signal timing extended and reroute suggested
EVT449205,2025-07-17 18:52:46,Trade Fair,J011,Indiranagar 100ft Road,8290,Weekday,False,Clear,False,0.0,False,False,1.0,Severe,8.4,71.6,371.5,0.129,0.299,0.898,Heavy congestion detected - signal timing extended and reroute suggested
EVT449206,2025-10-28 16:20:48,Local Market Day,J023,Basavanagudi,3852,Weekday,False,Clear,False,0.0,False,False,0.542,Moderate,26.4,38.3,77.7,0.057,0.133,0.97,Moderate traffic flow - standard adaptive signal timing in effect
EVT449207,2025-04-29 16:29:58,Sports Fixture,J030,MG Road,23957,Weekday,False,Clear,False,0.0,False,False,0.648,High,20.0,38.7,160.6,0.097,0.224,0.978,Moderate traffic flow - standard adaptive signal timing in effect
EVT449208,2025-12-20 13:39:52,Local Market Day,J020,Malleshwaram Circle,3919,Weekend,False,Clear,False,0.0,False,False,0.151,Low,38.5,7.4,169.9,0.172,0.398,0.987,Normal free-flow traffic - standard signal timing maintained
EVT449209,2025-10-17 19:10:13,Political Rally,J009,Majestic,14602,Weekday,False,Clear,False,0.0,False,False,1.0,Severe,11.5,68.7,532.8,0.22,0.508,0.935,Heavy congestion detected - signal timing extended and reroute suggested
EVT449210,2025-11-18 14:13:44,Local Market Day,J023,Basavanagudi,4750,Weekday,False,Clear,False,0.0,False,False,0.189,Low,32.4,15.6,94.2,0.062,0.143,0.967,Normal free-flow traffic - standard signal timing maintained
EVT449211,2025-06-11 08:18:29,Sports Fixture,J030,MG Road,18395,Weekday,False,Rain,True,19.4,False,False,1.0,Severe,9.6,75.8,670.1,0.244,0.565,0.874,Heavy rain reducing visibility and grip - reduced speed and longer buffer advised
EVT449212,2025-04-06 21:46:45,Religious Festival,J040,City Market,49453,Weekend,True,Clear,False,0.0,False,True,0.891,High,10.1,87.6,545.2,0.224,0.518,0.85,Road closure for event/procession - full detour recommended for through-traffic
EVT449213,2025-07-29 13:22:35,Concert,J040,City Market,15274,Weekday,False,Heavy Rain,True,25.8,False,False,0.485,Moderate,20.1,35.4,182.4,0.124,0.286,0.917,Light rain detected - minor speed reduction advised
EVT449214,2025-09-18 07:30:56,Trade Fair,J023,Basavanagudi,8962,Weekday,False,Clear,False,0.0,False,False,0.661,High,21.5,49.7,241.5,0.169,0.39,0.972,Moderate traffic flow - standard adaptive signal timing in effect
EVT449215,2026-06-17 14:00:19,Trade Fair,J020,Malleshwaram Circle,11639,Weekday,False,Rain,True,23.8,False,False,0.519,Moderate,25.4,39.6,188.6,0.143,0.33,0.906,Light rain detected - minor speed reduction advised
EVT449216,2025-08-07 16:41:03,Local Market Day,J012,Koramangala Sony World,9127,Weekday,False,Fog,False,0.0,False,False,0.576,High,23.7,37.5,82.8,0.066,0.152,0.976,Moderate traffic flow - standard adaptive signal timing in effect
EVT449217,2025-06-18 08:09:49,Local Market Day,J031,Cubbon Road,3277,Weekday,False,Light Rain,True,7.0,False,False,0.97,Severe,10.1,64.4,622.8,0.228,0.526,0.872,Heavy rain reducing visibility and grip - reduced speed and longer buffer advised
EVT449218,2026-01-23 16:55:52,Political Rally,J030,MG Road,14614,Weekday,False,Clear,False,0.0,False,False,0.742,High,16.8,50.9,252.9,0.154,0.357,0.981,Moderate traffic flow - standard adaptive signal timing in effect
EVT449219,2025-01-05 13:23:45,Trade Fair,J040,City Market,9504,Weekend,False,Clear,False,0.0,False,False,0.296,Low,32.1,24.5,221.8,0.168,0.387,0.952,Moderate traffic flow - standard adaptive signal timing in effect
EVT449220,2025-01-20 08:46:05,Concert,J031,Cubbon Road,18711,Weekday,False,Clear,False,0.0,False,False,1.0,Severe,8.5,71.1,564.2,0.211,0.488,0.904,Heavy congestion detected - signal timing extended and reroute suggested
EVT449221,2026-01-28 20:54:43,Local Market Day,J020,Malleshwaram Circle,1954,Weekday,False,Clear,False,0.0,False,False,0.413,Moderate,30.4,32.7,167.7,0.133,0.307,0.957,Moderate traffic flow - standard adaptive signal timing in effect
EVT449222,2025-03-02 01:57:24,Local Market Day,J023,Basavanagudi,4943,Weekend,False,Light Rain,True,3.2,False,False,0.293,Low,32.2,25.9,178.8,0.147,0.341,0.912,Light rain detected - minor speed reduction advised
EVT449223,2026-01-07 16:55:40,Concert,J040,City Market,13561,Weekday,False,Clear,False,0.0,False,False,0.806,Severe,13.4,61.2,189.4,0.09,0.209,0.936,Heavy congestion detected - signal timing extended and reroute suggested
EVT449224,2026-06-04 16:41:23,Local Market Day,J040,City Market,1726,Weekday,False,Clear,False,0.0,False,False,0.56,High,22.3,35.4,320.9,0.193,0.446,0.964,Moderate traffic flow - standard adaptive signal timing in effect
EVT449225,2025-03-20 18:52:38,Local Market Day,J040,City Market,3186,Weekday,False,Light Rain,True,5.5,False,False,1.0,Severe,11.3,67.6,165.3,0.097,0.223,0.873,Heavy rain reducing visibility and grip - reduced speed and longer buffer advised
EVT449226,2025-06-10 08:36:00,Concert,J023,Basavanagudi,13253,Weekday,False,Rain,True,9.6,False,False,1.0,Severe,8.7,69.2,289.8,0.121,0.281,0.88,Heavy rain reducing visibility and grip - reduced speed and longer buffer advised
EVT449227,2025-03-26 16:40:36,Trade Fair,J012,Koramangala Sony World,7828,Weekday,False,Clear,False,0.0,False,False,0.671,High,21.1,48.0,240.1,0.155,0.358,0.944,Moderate traffic flow - standard adaptive signal timing in effect
EVT449228,2025-05-15 07:55:18,Local Market Day,J012,Koramangala Sony World,4036,Weekday,False,Clear,False,0.0,False,False,0.71,High,17.4,48.8,267.4,0.145,0.334,0.972,Moderate traffic flow - standard adaptive signal timing in effect
EVT449229,2025-07-09 23:23:09,Local Market Day,J012,Koramangala Sony World,3795,Weekday,False,Rain,True,22.6,False,False,0.327,Low,31.4,27.5,169.2,0.123,0.283,0.928,Light rain detected - minor speed reduction advised
EVT449230,2025-11-24 08:16:52,Political Rally,J009,Majestic,12659,Weekday,False,Heavy Rain,True,25.8,False,False,1.0,Severe,7.0,71.5,915.3,0.269,0.621,0.853,Heavy rain reducing visibility and grip - reduced speed and longer buffer advised
EVT449231,2025-03-12 18:36:57,Concert,J011,Indiranagar 100ft Road,6524,Weekday,False,Clear,False,0.0,False,False,1.0,Severe,8.2,65.2,496.5,0.166,0.384,0.897,Heavy congestion detected - signal timing extended and reroute suggested
EVT449232,2025-03-20 10:22:53,Local Market Day,J009,Majestic,5508,Weekday,False,Clear,False,0.0,False,False,0.605,High,24.3,42.6,210.6,0.175,0.404,0.978,Moderate traffic flow - standard adaptive signal timing in effect
EVT449233,2025-04-03 09:36:15,Trade Fair,J040,City Market,5724,Weekday,False,Clear,False,0.0,False,False,0.943,Severe,8.6,65.9,298.8,0.13,0.301,0.932,Heavy congestion detected - signal timing extended and reroute suggested
EVT449234,2025-01-27 13:06:04,Fireworks Display,J020,Malleshwaram Circle,17932,Weekday,True,Clear,False,0.0,False,False,0.459,Moderate,25.1,31.9,236.3,0.192,0.443,0.904,Moderate traffic flow - standard adaptive signal timing in effect
EVT449235,2025-10-26 08:21:46,Trade Fair,J011,Indiranagar 100ft Road,6661,Weekend,False,Clear,False,0.0,False,False,0.807,Severe,14.7,57.9,294.0,0.167,0.385,0.933,Heavy congestion detected - signal timing extended and reroute suggested
EVT449236,2025-04-28 17:08:48,Local Market Day,J020,Malleshwaram Circle,5330,Weekday,False,Fog,False,0.0,False,False,0.75,Severe,14.9,50.6,121.7,0.07,0.162,0.956,Heavy congestion detected - signal timing extended and reroute suggested
EVT449237,2025-06-01 09:14:31,Sports Fixture,J012,Koramangala Sony World,14627,Weekend,False,Clear,False,0.0,False,False,0.917,Severe,11.3,65.3,498.7,0.231,0.533,0.941,Heavy congestion detected - signal timing extended and reroute suggested
EVT449238,2026-01-07 13:17:26,Sports Fixture,J030,MG Road,16774,Weekday,False,Clear,False,0.0,False,False,0.243,Low,25.3,23.7,229.8,0.16,0.37,0.937,Normal free-flow traffic - standard signal timing maintained
EVT449239,2025-02-13 15:03:14,Trade Fair,J030,MG Road,11698,Weekday,False,Clear,False,0.0,False,False,0.259,Low,31.3,10.1,51.3,0.033,0.076,0.958,Moderate traffic flow - standard adaptive signal timing in effect
EVT449240,2025-07-31 20:20:42,Local Market Day,J009,Majestic,5976,Weekday,False,Heavy Rain,True,35.8,False,False,1.0,Severe,8.3,74.8,579.4,0.204,0.471,0.87,Heavy rain reducing visibility and grip - reduced speed and longer buffer advised
EVT449241,2026-04-27 18:53:25,Political Rally,J031,Cubbon Road,27152,Weekday,False,Clear,False,0.0,False,False,1.0,Severe,8.9,71.2,434.5,0.186,0.429,0.9,Heavy congestion detected - signal timing extended and reroute suggested
EVT449242,2026-05-14 09:46:11,Sports Fixture,J012,Koramangala Sony World,19830,Weekday,False,Clear,False,0.0,False,False,0.965,Severe,10.3,64.6,572.8,0.238,0.551,0.908,Heavy congestion detected - signal timing extended and reroute suggested
EVT449243,2026-04-08 19:51:37,Political Rally,J012,Koramangala Sony World,18562,Weekday,False,Clear,False,0.0,False,False,0.878,Severe,11.8,62.2,347.9,0.14,0.324,0.931,Heavy congestion detected - signal timing extended and reroute suggested
EVT449244,2025-10-22 13:12:55,Religious Festival,J040,City Market,53300,Weekday,True,Fog,False,0.0,False,False,0.723,High,13.8,46.1,258.3,0.129,0.299,0.914,Festival crowd surge detected - alternate route and extended cycle recommended
EVT449245,2026-01-10 21:08:04,Sports Fixture,J023,Basavanagudi,34355,Weekend,False,Clear,False,0.0,False,False,0.63,High,21.8,39.6,111.5,0.059,0.136,0.965,Moderate traffic flow - standard adaptive signal timing in effect
EVT449246,2026-05-20 17:36:01,Trade Fair,J011,Indiranagar 100ft Road,6416,Weekday,False,Fog,False,0.0,False,False,0.939,Severe,10.0,65.8,374.8,0.176,0.405,0.935,Heavy congestion detected - signal timing extended and reroute suggested
EVT449247,2025-08-11 17:28:35,Concert,J009,Majestic,8536,Weekday,False,Clear,False,0.0,False,False,0.931,Severe,13.6,63.3,471.8,0.243,0.56,0.93,Heavy congestion detected - signal timing extended and reroute suggested
EVT449248,2025-07-04 06:14:07,Political Rally,J031,Cubbon Road,16704,Weekday,False,Clear,False,0.0,False,False,0.384,Moderate,27.5,28.2,101.1,0.084,0.193,0.988,Moderate traffic flow - standard adaptive signal timing in effect
EVT449249,2025-05-14 12:57:06,Local Market Day,J040,City Market,1771,Weekday,False,Clear,False,0.0,False,False,0.205,Low,29.6,19.7,214.6,0.161,0.371,0.984,Normal free-flow traffic - standard signal timing maintained
EVT449250,2025-07-16 09:49:54,Local Market Day,J040,City Market,4427,Weekday,False,Heavy Rain,True,38.2,False,False,1.0,Severe,8.6,66.6,507.3,0.189,0.436,0.863,Heavy rain reducing visibility and grip - reduced speed and longer buffer advised
EVT449251,2025-10-05 18:04:54,Trade Fair,J012,Koramangala Sony World,16027,Weekend,False,Clear,False,0.0,False,False,0.912,Severe,12.6,63.2,387.1,0.189,0.436,0.91,Heavy congestion detected - signal timing extended and reroute suggested
EVT449252,2025-05-11 13:33:36,Concert,J030,MG Road,6564,Weekend,False,Light Rain,True,3.8,False,False,0.337,Low,27.5,26.8,179.1,0.142,0.329,0.914,Light rain detected - minor speed reduction advised
EVT449253,2025-01-19 19:03:43,Local Market Day,J009,Majestic,1766,Weekend,False,Clear,False,0.0,False,False,0.798,Severe,17.3,59.3,307.7,0.188,0.433,0.941,Heavy congestion detected - signal timing extended and reroute suggested
EVT449254,2025-12-25 14:20:28,Religious Festival,J023,Basavanagudi,52795,Weekday,True,Light Rain,True,4.6,False,True,0.9,Severe,12.0,82.9,164.8,0.079,0.184,0.822,Road closure for event/procession - full detour recommended for through-traffic
EVT449255,2025-03-03 13:38:21,Trade Fair,J011,Indiranagar 100ft Road,10085,Weekday,False,Clear,False,0.0,False,False,0.175,Low,31.1,12.6,165.0,0.132,0.305,0.955,Normal free-flow traffic - standard signal timing maintained
EVT449256,2025-05-03 07:04:34,Trade Fair,J009,Majestic,7200,Weekend,False,Clear,False,0.0,False,False,0.418,Moderate,26.5,29.1,106.6,0.067,0.156,0.977,Moderate traffic flow - standard adaptive signal timing in effect
EVT449257,2025-06-24 19:27:10,Sports Fixture,J011,Indiranagar 100ft Road,24154,Weekday,False,Clear,False,0.0,False,False,0.923,Severe,11.9,69.9,373.9,0.172,0.396,0.907,Heavy congestion detected - signal timing extended and reroute suggested
EVT449258,2026-04-10 14:35:33,Local Market Day,J012,Koramangala Sony World,3748,Weekday,False,Clear,False,0.0,False,False,0.281,Low,31.0,16.6,130.5,0.079,0.182,0.959,Moderate traffic flow - standard adaptive signal timing in effect
EVT449259,2026-02-26 19:31:52,Sports Fixture,J009,Majestic,7821,Weekday,False,Clear,False,0.0,False,False,0.915,Severe,11.5,64.1,401.7,0.16,0.369,0.932,Heavy congestion detected - signal timing extended and reroute suggested
EVT449260,2026-05-24 11:47:42,Local Market Day,J031,Cubbon Road,3415,Weekend,False,Clear,False,0.0,False,False,0.346,Low,29.7,27.6,192.6,0.172,0.398,0.972,Moderate traffic flow - standard adaptive signal timing in effect
EVT449261,2025-10-11 06:42:26,Concert,J040,City Market,10981,Weekend,False,Clear,False,0.0,False,False,0.462,Moderate,25.7,30.6,174.1,0.117,0.271,0.936,Moderate traffic flow - standard adaptive signal timing in effect
EVT449262,2025-03-30 19:01:39,Religious Festival,J040,City Market,44827,Weekend,True,Clear,False,0.0,False,False,1.0,Severe,7.0,70.5,801.3,0.253,0.584,0.847,Festival crowd surge detected - alternate route and extended cycle recommended
EVT449263,2026-01-17 13:26:41,Concert,J009,Majestic,9462,Weekend,False,Clear,False,0.0,False,False,0.287,Low,34.3,15.0,130.3,0.122,0.283,0.967,Moderate traffic flow - standard adaptive signal timing in effect
EVT449264,2026-05-31 23:29:42,Local Market Day,J012,Koramangala Sony World,6035,Weekend,False,Clear,False,0.0,False,False,0.32,Low,30.4,17.8,100.8,0.065,0.149,0.97,Moderate traffic flow - standard adaptive signal timing in effect
EVT449265,2026-01-05 15:40:36,Trade Fair,J012,Koramangala Sony World,9177,Weekday,False,Clear,False,0.0,False,False,0.402,Moderate,32.6,29.9,147.5,0.125,0.288,0.969,Moderate traffic flow - standard adaptive signal timing in effect
EVT449266,2026-03-27 07:01:24,Religious Festival,J023,Basavanagudi,38603,Weekday,True,Clear,False,0.0,False,True,1.0,Severe,7.4,96.0,623.7,0.218,0.504,0.821,Road closure for event/procession - full detour recommended for through-traffic
EVT449267,2026-05-02 16:28:24,Religious Festival,J009,Majestic,40255,Weekend,True,Heavy Rain,True,53.9,False,True,1.0,Severe,9.0,95.6,422.6,0.162,0.375,0.788,Road closure for event/procession - full detour recommended for through-traffic
EVT449268,2025-08-26 16:20:06,Sports Fixture,J009,Majestic,21477,Weekday,False,Rain,True,23.4,False,False,0.916,Severe,12.7,67.1,479.3,0.22,0.508,0.889,Heavy rain reducing visibility and grip - reduced speed and longer buffer advised
EVT449269,2025-09-22 05:41:21,Trade Fair,J031,Cubbon Road,12543,Weekday,False,Heavy Rain,True,27.9,False,False,0.564,High,21.9,36.3,210.1,0.168,0.387,0.924,Heavy rain reducing visibility and grip - reduced speed and longer buffer advised
EVT449270,2025-12-15 15:05:26,Concert,J020,Malleshwaram Circle,10027,Weekday,False,Clear,False,0.0,False,False,0.283,Low,28.1,17.2,216.2,0.161,0.372,0.971,Moderate traffic flow - standard adaptive signal timing in effect
EVT449271,2025-06-10 16:06:34,Local Market Day,J012,Koramangala Sony World,5669,Weekday,False,Rain,True,24.2,False,False,0.71,High,18.1,48.7,291.3,0.182,0.42,0.91,Heavy rain reducing visibility and grip - reduced speed and longer buffer advised
EVT449272,2025-05-31 08:08:26,Sports Fixture,J009,Majestic,18053,Weekend,False,Clear,False,0.0,False,False,0.866,Severe,12.0,61.0,462.9,0.216,0.5,0.932,Heavy congestion detected - signal timing extended and reroute suggested
EVT449273,2025-03-11 19:41:55,Sports Fixture,J009,Majestic,32246,Weekday,False,Clear,False,0.0,False,False,0.99,Severe,8.2,73.6,527.5,0.182,0.42,0.935,Heavy congestion detected - signal timing extended and reroute suggested
EVT449274,2026-01-08 18:02:40,Sports Fixture,J040,City Market,37992,Weekday,False,Clear,False,0.0,False,False,1.0,Severe,6.4,71.2,825.0,0.22,0.509,0.92,Heavy congestion detected - signal timing extended and reroute suggested
EVT449275,2025-03-22 23:21:36,Sports Fixture,J030,MG Road,30947,Weekend,False,Clear,False,0.0,False,False,0.457,Moderate,23.0,39.9,198.8,0.141,0.325,0.973,Moderate traffic flow - standard adaptive signal timing in effect
EVT449276,2025-02-22 19:59:23,Sports Fixture,J031,Cubbon Road,17124,Weekend,False,Clear,False,0.0,False,False,0.697,High,16.6,50.8,260.5,0.139,0.321,0.964,Moderate traffic flow - standard adaptive signal timing in effect
EVT449277,2026-05-09 17:43:43,Sports Fixture,J030,MG Road,14835,Weekend,False,Clear,False,0.0,False,False,0.918,Severe,10.7,62.6,650.3,0.243,0.561,0.912,Heavy congestion detected - signal timing extended and reroute suggested
EVT449278,2025-05-20 16:18:38,Sports Fixture,J020,Malleshwaram Circle,20290,Weekday,False,Clear,False,0.0,False,False,0.498,Moderate,22.2,34.3,141.2,0.077,0.178,0.952,Moderate traffic flow - standard adaptive signal timing in effect
EVT449279,2025-04-24 11:09:16,Local Market Day,J031,Cubbon Road,3060,Weekday,False,Clear,False,0.0,False,False,0.39,Moderate,26.6,28.4,203.2,0.151,0.349,0.946,Moderate traffic flow - standard adaptive signal timing in effect
EVT449280,2026-04-27 15:17:26,Trade Fair,J023,Basavanagudi,5827,Weekday,False,Clear,False,0.0,False,False,0.313,Low,34.5,24.8,125.6,0.117,0.271,0.962,Moderate traffic flow - standard adaptive signal timing in effect
EVT449281,2025-03-02 13:06:30,Concert,J030,MG Road,10981,Weekend,False,Clear,False,0.0,False,False,0.339,Low,30.0,27.7,173.8,0.155,0.359,0.978,Moderate traffic flow - standard adaptive signal timing in effect
EVT449282,2026-05-04 19:53:23,Local Market Day,J011,Indiranagar 100ft Road,5628,Weekday,False,Clear,False,0.0,False,False,0.811,Severe,13.2,58.1,221.1,0.113,0.262,0.955,Heavy congestion detected - signal timing extended and reroute suggested
EVT449283,2026-02-11 13:51:14,Local Market Day,J040,City Market,5457,Weekday,False,Clear,False,0.0,False,False,0.166,Low,26.4,10.1,96.8,0.045,0.104,0.946,Normal free-flow traffic - standard signal timing maintained
EVT449284,2025-08-01 16:35:09,Concert,J030,MG Road,17083,Weekday,False,Clear,False,0.0,False,False,0.806,Severe,12.7,55.5,300.3,0.164,0.38,0.957,Heavy congestion detected - signal timing extended and reroute suggested
EVT449285,2025-09-25 14:20:05,Trade Fair,J023,Basavanagudi,8162,Weekday,False,Clear,False,0.0,False,False,0.254,Low,31.7,21.4,82.9,0.06,0.138,0.976,Moderate traffic flow - standard adaptive signal timing in effect
EVT449286,2025-01-16 18:22:02,Local Market Day,J009,Majestic,9228,Weekday,False,Clear,False,0.0,False,False,1.0,Severe,8.9,69.0,746.6,0.252,0.583,0.931,Heavy congestion detected - signal timing extended and reroute suggested
EVT449287,2025-11-28 20:22:47,Concert,J031,Cubbon Road,11392,Weekday,False,Clear,False,0.0,False,False,0.67,High,20.4,42.5,291.7,0.213,0.492,0.955,Moderate traffic flow - standard adaptive signal timing in effect
EVT449288,2025-08-02 10:32:52,Trade Fair,J020,Malleshwaram Circle,12009,Weekend,False,Clear,False,0.0,False,False,0.649,High,20.3,52.0,165.3,0.123,0.283,0.943,Moderate traffic flow - standard adaptive signal timing in effect
EVT449289,2025-04-01 20:18:06,Trade Fair,J020,Malleshwaram Circle,12087,Weekday,False,Clear,False,0.0,False,False,0.595,High,22.7,45.3,232.2,0.177,0.408,0.958,Moderate traffic flow - standard adaptive signal timing in effect
EVT449290,2025-04-17 08:35:03,Concert,J011,Indiranagar 100ft Road,13383,Weekday,False,Clear,False,0.0,False,False,1.0,Severe,7.9,77.3,774.5,0.263,0.609,0.91,Heavy congestion detected - signal timing extended and reroute suggested
EVT449291,2025-06-09 17:27:44,Political Rally,J020,Malleshwaram Circle,11619,Weekday,False,Fog,False,0.0,False,False,0.921,Severe,13.4,67.6,223.6,0.109,0.251,0.94,Heavy congestion detected - signal timing extended and reroute suggested
EVT449292,2025-08-22 07:38:27,Local Market Day,J020,Malleshwaram Circle,4277,Weekday,False,Clear,False,0.0,False,False,0.669,High,20.9,44.8,262.3,0.149,0.344,0.966,Moderate traffic flow - standard adaptive signal timing in effect
EVT449293,2025-07-18 20:09:05,Local Market Day,J031,Cubbon Road,3740,Weekday,False,Clear,False,0.0,False,False,0.757,Severe,16.7,52.4,230.3,0.134,0.31,0.974,Heavy congestion detected - signal timing extended and reroute suggested
EVT449294,2025-06-26 11:46:18,Local Market Day,J023,Basavanagudi,4527,Weekday,False,Clear,False,0.0,False,False,0.199,Low,33.9,17.5,106.8,0.086,0.2,0.965,Normal free-flow traffic - standard signal timing maintained
EVT449295,2025-09-22 15:02:13,Trade Fair,J023,Basavanagudi,9962,Weekday,False,Clear,False,0.0,False,False,0.253,Low,27.3,15.7,205.0,0.146,0.338,0.955,Moderate traffic flow - standard adaptive signal timing in effect
EVT449296,2026-04-15 17:36:15,Cultural Procession,J030,MG Road,13581,Weekday,True,Clear,False,0.0,False,True,1.0,Severe,6.2,90.2,1112.8,0.307,0.708,0.851,Road closure for event/procession - full detour recommended for through-traffic
EVT449297,2026-05-26 16:46:29,Local Market Day,J040,City Market,6549,Weekday,False,Clear,False,0.0,False,False,0.622,High,18.4,47.6,287.4,0.16,0.37,0.959,Moderate traffic flow - standard adaptive signal timing in effect
EVT449298,2025-12-10 10:44:29,Trade Fair,J030,MG Road,8162,Weekday,False,Clear,False,0.0,False,False,0.522,Moderate,23.5,45.0,281.0,0.192,0.443,0.964,Moderate traffic flow - standard adaptive signal timing in effect
EVT449299,2026-01-07 20:26:53,Political Rally,J031,Cubbon Road,11951,Weekday,False,Clear,False,0.0,False,False,0.595,High,21.5,44.3,274.4,0.179,0.414,0.956,Moderate traffic flow - standard adaptive signal timing in effect
EVT449300,2025-06-01 10:13:38,Local Market Day,J012,Koramangala Sony World,3526,Weekend,False,Rain,True,24.8,False,False,0.842,Severe,12.7,60.3,366.6,0.174,0.403,0.894,Heavy rain reducing visibility and grip - reduced speed and longer buffer advised
EVT449301,2025-10-12 19:18:05,Local Market Day,J012,Koramangala Sony World,2197,Weekend,False,Rain,True,20.1,False,False,0.928,Severe,10.3,61.7,366.8,0.138,0.319,0.884,Heavy rain reducing visibility and grip - reduced speed and longer buffer advised
EVT449302,2025-06-23 19:37:47,Concert,J011,Indiranagar 100ft Road,11502,Weekday,False,Light Rain,True,6.1,False,False,1.0,Severe,8.2,67.6,492.3,0.148,0.342,0.866,Heavy rain reducing visibility and grip - reduced speed and longer buffer advised
EVT449303,2026-03-10 13:21:40,Sports Fixture,J011,Indiranagar 100ft Road,17264,Weekday,False,Clear,False,0.0,False,False,0.274,Low,29.0,22.2,252.2,0.178,0.411,0.978,Moderate traffic flow - standard adaptive signal timing in effect
EVT449304,2025-09-12 17:06:02,Sports Fixture,J040,City Market,13234,Weekday,False,Rain,True,18.9,False,False,1.0,Severe,8.3,73.4,822.7,0.275,0.635,0.872,Heavy rain reducing visibility and grip - reduced speed and longer buffer advised
EVT449305,2026-01-06 06:15:09,Local Market Day,J011,Indiranagar 100ft Road,2356,Weekday,False,Clear,False,0.0,False,False,0.193,Low,35.2,13.5,186.7,0.18,0.415,0.945,Normal free-flow traffic - standard signal timing maintained
EVT449306,2025-11-17 13:56:14,Concert,J030,MG Road,16508,Weekday,False,Clear,False,0.0,False,False,0.236,Low,28.2,18.9,121.8,0.095,0.22,0.966,Normal free-flow traffic - standard signal timing maintained
EVT449307,2026-06-02 22:32:36,Sports Fixture,J011,Indiranagar 100ft Road,24233,Weekday,False,Heavy Rain,True,29.1,False,False,0.627,High,21.1,45.6,225.0,0.174,0.402,0.926,Heavy rain reducing visibility and grip - reduced speed and longer buffer advised
EVT449308,2025-01-28 14:52:45,Concert,J011,Indiranagar 100ft Road,24202,Weekday,False,Clear,False,0.0,False,False,0.327,Low,35.3,25.9,115.7,0.102,0.234,0.984,Moderate traffic flow - standard adaptive signal timing in effect
EVT449309,2025-07-09 07:04:00,Political Rally,J030,MG Road,18099,Weekday,False,Clear,False,0.0,False,False,0.41,Moderate,25.4,27.4,150.1,0.109,0.253,0.958,Moderate traffic flow - standard adaptive signal timing in effect
EVT449310,2026-02-14 22:59:21,Concert,J030,MG Road,8804,Weekend,False,Clear,False,0.0,False,False,0.259,Low,27.3,16.7,172.4,0.139,0.321,0.971,Moderate traffic flow - standard adaptive signal timing in effect
EVT449311,2025-07-12 16:37:17,Sports Fixture,J031,Cubbon Road,15754,Weekend,False,Clear,False,0.0,False,False,0.635,High,24.6,42.7,156.7,0.112,0.259,0.973,Moderate traffic flow - standard adaptive signal timing in effect
EVT449312,2025-06-03 09:04:05,Political Rally,J012,Koramangala Sony World,7427,Weekday,False,Clear,False,0.0,False,False,1.0,Severe,9.3,73.4,561.0,0.204,0.471,0.924,Heavy congestion detected - signal timing extended and reroute suggested
EVT449313,2025-04-30 15:11:32,Local Market Day,J020,Malleshwaram Circle,2905,Weekday,False,Clear,False,0.0,False,False,0.229,Low,36.7,14.2,123.1,0.11,0.255,0.959,Normal free-flow traffic - standard signal timing maintained
EVT449314,2025-09-16 14:00:59,Concert,J030,MG Road,16027,Weekday,False,Clear,False,0.0,False,False,0.199,Low,27.3,12.2,188.5,0.129,0.298,0.936,Normal free-flow traffic - standard signal timing maintained
EVT449315,2025-08-02 12:50:54,Concert,J009,Majestic,11749,Weekend,False,Clear,False,0.0,False,False,0.339,Low,28.7,18.7,142.1,0.102,0.235,0.962,Moderate traffic flow - standard adaptive signal timing in effect
EVT449316,2025-02-20 17:47:00,Sports Fixture,J040,City Market,22235,Weekday,False,Clear,False,0.0,False,False,1.0,Severe,5.9,73.0,935.9,0.225,0.52,0.935,Heavy congestion detected - signal timing extended and reroute suggested
EVT449317,2025-09-26 13:24:20,Concert,J009,Majestic,5969,Weekday,False,Clear,False,0.0,False,False,0.113,Low,33.0,13.9,171.2,0.132,0.304,0.96,Normal free-flow traffic - standard signal timing maintained
EVT449318,2025-11-12 09:50:45,Trade Fair,J030,MG Road,22599,Weekday,False,Clear,False,0.0,False,False,1.0,Severe,5.7,68.0,451.8,0.119,0.276,0.898,Heavy congestion detected - signal timing extended and reroute suggested
EVT449319,2026-04-27 19:27:51,Political Rally,J031,Cubbon Road,13707,Weekday,False,Light Rain,True,4.6,False,False,0.952,Severe,11.0,71.1,434.3,0.175,0.403,0.881,Heavy rain reducing visibility and grip - reduced speed and longer buffer advised
EVT449320,2026-06-22 09:18:26,Political Rally,J023,Basavanagudi,15924,Weekday,False,Clear,False,0.0,False,False,0.986,Severe,8.8,67.2,752.2,0.244,0.563,0.883,Heavy congestion detected - signal timing extended and reroute suggested
EVT449321,2025-08-16 15:32:37,Cultural Procession,J012,Koramangala Sony World,12329,Weekend,True,Heavy Rain,True,26.6,False,True,1.0,Severe,8.5,101.5,450.8,0.162,0.374,0.8,Road closure for event/procession - full detour recommended for through-traffic
EVT449322,2025-02-11 15:42:46,Political Rally,J023,Basavanagudi,28214,Weekday,False,Clear,False,0.0,False,False,0.537,Moderate,23.7,40.9,273.7,0.203,0.47,0.961,Moderate traffic flow - standard adaptive signal timing in effect
EVT449323,2026-03-04 17:13:38,Religious Festival,J020,Malleshwaram Circle,28744,Weekday,True,Clear,False,0.0,False,False,1.0,Severe,9.0,67.2,480.5,0.172,0.398,0.872,Festival crowd surge detected - alternate route and extended cycle recommended
EVT449324,2025-03-23 19:26:08,Sports Fixture,J012,Koramangala Sony World,20743,Weekend,False,Clear,False,0.0,False,False,0.77,Severe,14.6,56.0,594.6,0.313,0.724,0.963,Heavy congestion detected - signal timing extended and reroute suggested
EVT449325,2025-07-18 08:22:32,Local Market Day,J009,Majestic,4851,Weekday,False,Heavy Rain,True,41.3,False,False,1.0,Severe,9.7,69.8,519.3,0.208,0.48,0.865,Heavy rain reducing visibility and grip - reduced speed and longer buffer advised
EVT449326,2025-05-15 22:47:54,Sports Fixture,J023,Basavanagudi,21198,Weekday,False,Clear,False,0.0,False,False,0.355,Moderate,21.9,22.9,166.2,0.114,0.262,0.962,Moderate traffic flow - standard adaptive signal timing in effect
EVT449327,2026-05-13 12:45:08,Local Market Day,J011,Indiranagar 100ft Road,3763,Weekday,False,Rain,True,16.8,False,False,0.425,Moderate,30.3,31.3,147.8,0.123,0.283,0.906,Light rain detected - minor speed reduction advised
EVT449328,2025-02-06 11:16:58,Local Market Day,J011,Indiranagar 100ft Road,5323,Weekday,False,Clear,False,0.0,False,False,0.41,Moderate,29.7,33.3,204.1,0.17,0.393,0.954,Moderate traffic flow - standard adaptive signal timing in effect
EVT449329,2025-11-25 08:21:38,Sports Fixture,J030,MG Road,22865,Weekday,False,Clear,False,0.0,False,False,1.0,Severe,7.3,66.2,587.0,0.18,0.415,0.902,Heavy congestion detected - signal timing extended and reroute suggested
EVT449330,2025-03-04 15:10:13,Sports Fixture,J040,City Market,27866,Weekday,False,Clear,False,0.0,False,False,0.415,Moderate,23.1,37.5,196.2,0.12,0.277,0.959,Moderate traffic flow - standard adaptive signal timing in effect
EVT449331,2026-02-28 16:07:16,Sports Fixture,J040,City Market,16186,Weekend,False,Clear,False,0.0,False,False,0.513,Moderate,23.4,35.4,306.5,0.231,0.534,0.962,Moderate traffic flow - standard adaptive signal timing in effect
EVT449332,2025-10-14 08:09:32,Sports Fixture,J023,Basavanagudi,56926,Weekday,False,Rain,True,12.5,False,False,1.0,Severe,10.0,69.9,306.8,0.148,0.342,0.874,Heavy rain reducing visibility and grip - reduced speed and longer buffer advised
EVT449333,2026-01-29 18:18:40,Local Market Day,J012,Koramangala Sony World,3302,Weekday,False,Clear,False,0.0,False,False,1.0,Severe,9.8,65.9,379.3,0.176,0.406,0.905,Heavy congestion detected - signal timing extended and reroute suggested
EVT449334,2025-05-01 06:29:18,Fireworks Display,J030,MG Road,39452,Weekday,True,Heavy Rain,True,29.8,False,False,0.995,Severe,9.4,75.5,195.1,0.071,0.164,0.799,Festival crowd surge detected - alternate route and extended cycle recommended
EVT449335,2025-01-29 08:39:50,Concert,J011,Indiranagar 100ft Road,9487,Weekday,False,Clear,False,0.0,False,False,1.0,Severe,8.4,68.6,586.7,0.209,0.482,0.919,Heavy congestion detected - signal timing extended and reroute suggested
EVT449336,2025-07-27 15:09:07,Concert,J020,Malleshwaram Circle,7316,Weekend,False,Heavy Rain,True,50.1,False,False,0.676,High,21.9,48.3,136.8,0.092,0.213,0.917,Heavy rain reducing visibility and grip - reduced speed and longer buffer advised
EVT449337,2025-07-06 10:06:25,Concert,J030,MG Road,8481,Weekend,False,Clear,False,0.0,False,False,0.735,High,18.9,50.1,212.9,0.124,0.286,0.962,Moderate traffic flow - standard adaptive signal timing in effect
EVT449338,2026-06-25 17:42:44,Trade Fair,J023,Basavanagudi,9894,Weekday,False,Rain,True,24.1,False,False,1.0,Severe,8.7,69.2,574.7,0.202,0.467,0.862,Heavy rain reducing visibility and grip - reduced speed and longer buffer advised
EVT449339,2025-01-23 17:40:34,Concert,J031,Cubbon Road,8815,Weekday,False,Clear,False,0.0,False,False,0.953,Severe,10.0,62.2,343.8,0.148,0.342,0.973,Heavy congestion detected - signal timing extended and reroute suggested
EVT449340,2025-10-11 17:51:04,Local Market Day,J030,MG Road,2874,Weekend,False,Clear,False,0.0,False,False,0.79,Severe,19.6,62.1,325.1,0.209,0.482,0.968,Heavy congestion detected - signal timing extended and reroute suggested
EVT449341,2026-02-08 00:21:03,Concert,J009,Majestic,6545,Weekend,False,Clear,False,0.0,True,False,0.642,High,15.6,42.7,316.4,0.171,0.394,0.797,Accident detected nearby - reroute and reduced speed advised
EVT449342,2025-08-16 18:01:39,Religious Festival,J009,Majestic,43627,Weekend,True,Heavy Rain,True,35.3,False,False,1.0,Severe,7.9,70.2,626.8,0.185,0.428,0.819,Festival crowd surge detected - alternate route and extended cycle recommended
EVT449343,2025-08-17 17:04:49,Sports Fixture,J009,Majestic,22564,Weekend,False,Rain,True,9.5,False,False,0.858,Severe,13.1,59.8,357.1,0.163,0.377,0.895,Heavy rain reducing visibility and grip - reduced speed and longer buffer advised
EVT449344,2025-05-25 20:51:05,Local Market Day,J040,City Market,4482,Weekend,False,Clear,False,0.0,False,False,0.492,Moderate,25.7,42.6,181.0,0.135,0.311,0.973,Moderate traffic flow - standard adaptive signal timing in effect
EVT449345,2025-12-22 09:05:09,Political Rally,J030,MG Road,6556,Weekday,False,Clear,False,0.0,False,False,1.0,Severe,7.5,75.0,605.3,0.196,0.454,0.915,Heavy congestion detected - signal timing extended and reroute suggested
EVT449346,2025-04-14 09:55:54,Religious Festival,J030,MG Road,19678,Weekday,True,Clear,False,0.0,False,False,1.0,Severe,11.0,78.9,274.7,0.102,0.235,0.865,Festival crowd surge detected - alternate route and extended cycle recommended
EVT449347,2025-02-11 19:49:12,Local Market Day,J020,Malleshwaram Circle,3265,Weekday,False,Clear,False,0.0,False,False,0.822,Severe,11.6,58.1,277.8,0.142,0.327,0.943,Heavy congestion detected - signal timing extended and reroute suggested
EVT449348,2025-05-19 17:45:04,Sports Fixture,J020,Malleshwaram Circle,18022,Weekday,False,Rain,True,12.2,False,False,1.0,Severe,6.9,72.9,711.9,0.201,0.465,0.881,Heavy rain reducing visibility and grip - reduced speed and longer buffer advised
EVT449349,2025-12-06 09:43:15,Local Market Day,J023,Basavanagudi,3335,Weekend,False,Clear,False,0.0,False,False,0.757,Severe,13.7,58.6,482.6,0.247,0.571,0.981,Heavy congestion detected - signal timing extended and reroute suggested
EVT449350,2025-04-26 17:47:27,Local Market Day,J012,Koramangala Sony World,5798,Weekend,False,Clear,False,0.0,False,False,0.802,Severe,9.3,60.5,467.3,0.166,0.383,0.95,Heavy congestion detected - signal timing extended and reroute suggested
EVT449351,2025-03-08 15:27:42,Concert,J031,Cubbon Road,9017,Weekend,False,Clear,False,0.0,False,False,0.39,Moderate,23.9,29.0,232.9,0.158,0.365,0.953,Moderate traffic flow - standard adaptive signal timing in effect
EVT449352,2025-09-18 10:10:23,Local Market Day,J031,Cubbon Road,5539,Weekday,False,Rain,True,20.6,False,False,1.0,Severe,9.2,70.8,827.2,0.331,0.765,0.863,Heavy rain reducing visibility and grip - reduced speed and longer buffer advised
EVT449353,2026-05-14 06:04:45,Local Market Day,J009,Majestic,2115,Weekday,False,Clear,False,0.0,False,False,0.23,Low,30.7,19.7,207.1,0.176,0.406,0.966,Normal free-flow traffic - standard signal timing maintained
EVT449354,2025-09-27 07:21:44,Trade Fair,J012,Koramangala Sony World,10490,Weekend,False,Heavy Rain,True,40.5,False,False,1.0,Severe,7.0,72.9,496.6,0.148,0.342,0.882,Heavy rain reducing visibility and grip - reduced speed and longer buffer advised
EVT449355,2026-06-18 16:56:33,Local Market Day,J040,City Market,3281,Weekday,False,Clear,False,0.0,False,False,0.74,High,15.7,47.9,284.2,0.149,0.345,0.944,Moderate traffic flow - standard adaptive signal timing in effect
EVT449356,2025-06-21 06:55:22,Local Market Day,J023,Basavanagudi,4966,Weekend,False,Light Rain,True,6.1,False,False,0.547,Moderate,24.1,39.1,146.0,0.113,0.261,0.902,Light rain detected - minor speed reduction advised
EVT449357,2026-06-04 12:37:16,Local Market Day,J011,Indiranagar 100ft Road,7809,Weekday,False,Light Rain,True,3.9,False,False,0.264,Low,25.3,17.2,142.0,0.111,0.256,0.895,Light rain detected - minor speed reduction advised
EVT449358,2025-11-22 10:51:10,Trade Fair,J040,City Market,9445,Weekend,False,Clear,False,0.0,False,False,0.515,Moderate,21.3,38.3,293.0,0.199,0.459,0.959,Moderate traffic flow - standard adaptive signal timing in effect
EVT449359,2026-03-05 10:11:26,Cultural Procession,J040,City Market,15952,Weekday,True,Clear,False,0.0,False,True,1.0,Severe,10.5,89.2,466.6,0.187,0.431,0.834,Road closure for event/procession - full detour recommended for through-traffic
EVT449360,2025-11-21 07:28:34,Sports Fixture,J023,Basavanagudi,29599,Weekday,False,Clear,False,0.0,False,False,0.781,Severe,14.6,56.8,477.7,0.236,0.545,0.966,Heavy congestion detected - signal timing extended and reroute suggested
EVT449361,2026-01-30 08:10:49,Concert,J023,Basavanagudi,16229,Weekday,False,Clear,False,0.0,False,False,1.0,Severe,8.5,76.5,487.5,0.192,0.444,0.94,Heavy congestion detected - signal timing extended and reroute suggested
EVT449362,2026-01-19 22:57:13,Sports Fixture,J031,Cubbon Road,22544,Weekday,False,Clear,False,0.0,False,False,0.295,Low,28.7,21.4,224.7,0.174,0.403,0.954,Moderate traffic flow - standard adaptive signal timing in effect
EVT449363,2025-04-27 08:33:49,Local Market Day,J031,Cubbon Road,5098,Weekend,False,Clear,False,0.0,False,False,0.775,Severe,14.7,60.4,320.7,0.167,0.385,0.92,Heavy congestion detected - signal timing extended and reroute suggested
EVT449364,2025-09-08 09:24:27,Trade Fair,J020,Malleshwaram Circle,11200,Weekday,False,Clear,False,0.0,False,False,1.0,Severe,9.1,79.4,474.4,0.169,0.391,0.885,Heavy congestion detected - signal timing extended and reroute suggested
EVT449365,2025-10-22 09:23:34,Religious Festival,J040,City Market,61516,Weekday,True,Rain,True,9.1,False,True,1.0,Severe,9.5,103.8,605.0,0.255,0.59,0.778,Road closure for event/procession - full detour recommended for through-traffic
EVT449366,2025-01-15 15:53:13,Religious Festival,J031,Cubbon Road,55551,Weekday,True,Clear,False,0.0,False,True,1.0,Severe,9.7,103.3,318.9,0.135,0.311,0.808,Road closure for event/procession - full detour recommended for through-traffic
EVT449367,2025-06-06 17:45:53,Concert,J040,City Market,9434,Weekday,False,Clear,False,0.0,False,False,0.877,Severe,14.7,59.0,438.3,0.236,0.545,0.951,Heavy congestion detected - signal timing extended and reroute suggested
EVT449368,2026-03-26 11:30:41,Cultural Procession,J020,Malleshwaram Circle,16107,Weekday,True,Clear,False,0.0,False,True,0.666,Moderate,16.3,74.4,343.6,0.172,0.398,0.92,Road closure for event/procession - full detour recommended for through-traffic
EVT449369,2025-01-10 11:40:21,Local Market Day,J030,MG Road,7941,Weekday,False,Clear,False,0.0,False,False,0.292,Low,34.2,27.6,141.9,0.137,0.317,0.967,Moderate traffic flow - standard adaptive signal timing in effect
EVT449370,2025-06-07 20:39:56,Sports Fixture,J009,Majestic,37497,Weekend,False,Clear,False,0.0,False,False,0.756,Severe,15.7,53.5,192.0,0.109,0.252,0.967,Heavy congestion detected - signal timing extended and reroute suggested
EVT449371,2026-01-25 14:43:27,Sports Fixture,J031,Cubbon Road,16427,Weekend,False,Clear,False,0.0,False,False,0.325,Low,28.7,18.8,101.2,0.085,0.196,0.961,Moderate traffic flow - standard adaptive signal timing in effect
EVT449372,2026-01-27 15:02:06,Religious Festival,J009,Majestic,52749,Weekday,True,Clear,False,0.0,False,True,0.964,Severe,9.7,100.7,215.6,0.093,0.216,0.838,Road closure for event/procession - full detour recommended for through-traffic
EVT449373,2025-10-16 09:38:57,Concert,J020,Malleshwaram Circle,12597,Weekday,False,Rain,True,21.0,False,False,1.0,Severe,9.7,66.6,221.7,0.084,0.193,0.871,Heavy rain reducing visibility and grip - reduced speed and longer buffer advised
EVT449374,2025-03-23 18:55:36,Local Market Day,J020,Malleshwaram Circle,4186,Weekend,False,Light Rain,True,0.5,False,False,0.942,Severe,10.8,74.0,268.1,0.119,0.276,0.86,Heavy rain reducing visibility and grip - reduced speed and longer buffer advised
EVT449375,2026-05-19 05:44:51,Local Market Day,J009,Majestic,3788,Weekday,False,Rain,True,23.5,False,False,0.402,Moderate,30.3,22.7,133.4,0.128,0.297,0.9,Light rain detected - minor speed reduction advised
EVT449376,2025-09-26 10:01:39,Concert,J011,Indiranagar 100ft Road,10071,Weekday,False,Rain,True,22.2,False,False,1.0,Severe,9.2,71.1,398.0,0.164,0.378,0.865,Heavy rain reducing visibility and grip - reduced speed and longer buffer advised
EVT449377,2025-11-15 20:29:04,Sports Fixture,J023,Basavanagudi,17797,Weekend,False,Clear,False,0.0,False,False,0.594,High,25.1,48.2,218.0,0.187,0.432,0.956,Moderate traffic flow - standard adaptive signal timing in effect
EVT449378,2025-05-27 09:00:23,Local Market Day,J012,Koramangala Sony World,7663,Weekday,False,Clear,False,0.0,False,False,1.0,Severe,11.0,70.5,761.4,0.317,0.732,0.902,Heavy congestion detected - signal timing extended and reroute suggested
EVT449379,2026-05-17 19:51:06,Local Market Day,J009,Majestic,5760,Weekend,False,Clear,False,0.0,False,False,0.735,High,17.8,50.9,209.3,0.145,0.334,0.975,Moderate traffic flow - standard adaptive signal timing in effect
EVT449380,2026-05-07 10:16:34,Local Market Day,J040,City Market,1945,Weekday,False,Rain,True,14.8,False,False,0.878,Severe,11.9,66.0,530.3,0.22,0.508,0.891,Heavy rain reducing visibility and grip - reduced speed and longer buffer advised
EVT449381,2025-11-20 18:43:32,Trade Fair,J030,MG Road,10099,Weekday,False,Clear,False,0.0,False,False,1.0,Severe,9.3,72.0,273.7,0.11,0.253,0.914,Heavy congestion detected - signal timing extended and reroute suggested
EVT449382,2025-11-08 22:52:47,Sports Fixture,J011,Indiranagar 100ft Road,25185,Weekend,False,Clear,False,0.0,False,False,0.334,Low,29.5,27.6,147.2,0.106,0.244,0.97,Moderate traffic flow - standard adaptive signal timing in effect
EVT449383,2026-03-11 10:33:45,Political Rally,J009,Majestic,13416,Weekday,False,Clear,False,0.0,False,False,0.68,High,18.3,51.7,269.1,0.151,0.35,0.987,Moderate traffic flow - standard adaptive signal timing in effect
EVT449384,2025-10-10 19:44:48,Political Rally,J009,Majestic,11345,Weekday,False,Heavy Rain,True,26.4,False,False,1.0,Severe,8.9,69.9,288.0,0.097,0.224,0.869,Heavy rain reducing visibility and grip - reduced speed and longer buffer advised
EVT449385,2025-10-05 11:00:08,Sports Fixture,J012,Koramangala Sony World,26589,Weekend,False,Clear,False,0.0,False,False,0.523,Moderate,26.2,31.4,246.5,0.189,0.437,0.954,Moderate traffic flow - standard adaptive signal timing in effect
EVT449386,2026-01-31 19:21:45,Concert,J023,Basavanagudi,15086,Weekend,False,Fog,False,0.0,False,False,0.862,Severe,15.5,63.5,204.1,0.103,0.238,0.957,Heavy congestion detected - signal timing extended and reroute suggested
EVT449387,2025-08-13 17:36:43,Sports Fixture,J031,Cubbon Road,44575,Weekday,False,Clear,False,0.0,False,False,1.0,Severe,9.2,71.8,597.5,0.218,0.503,0.928,Heavy congestion detected - signal timing extended and reroute suggested
EVT449388,2026-05-27 09:13:35,Local Market Day,J031,Cubbon Road,4302,Weekday,False,Clear,False,0.0,False,False,1.0,Severe,8.8,73.4,258.1,0.119,0.276,0.903,Heavy congestion detected - signal timing extended and reroute suggested
EVT449389,2026-04-11 16:01:46,Concert,J030,MG Road,18810,Weekend,False,Clear,False,0.0,False,False,0.474,Moderate,32.2,30.0,160.9,0.136,0.315,0.971,Moderate traffic flow - standard adaptive signal timing in effect
EVT449390,2025-02-01 09:25:10,Concert,J012,Koramangala Sony World,24753,Weekend,False,Clear,False,0.0,False,False,0.965,Severe,7.4,67.0,584.6,0.17,0.393,0.919,Heavy congestion detected - signal timing extended and reroute suggested
EVT449391,2025-12-12 12:11:34,Local Market Day,J030,MG Road,3015,Weekday,False,Clear,False,0.0,False,False,0.225,Low,27.5,15.3,182.9,0.124,0.286,0.96,Normal free-flow traffic - standard signal timing maintained
EVT449392,2026-03-05 16:09:19,Religious Festival,J040,City Market,32834,Weekday,True,Clear,False,0.0,False,True,1.0,Severe,7.8,90.8,644.3,0.215,0.496,0.827,Road closure for event/procession - full detour recommended for through-traffic
EVT449393,2025-04-09 10:35:13,Sports Fixture,J040,City Market,16590,Weekday,False,Fog,False,0.0,False,False,0.683,High,22.7,52.6,159.8,0.119,0.276,0.955,Moderate traffic flow - standard adaptive signal timing in effect
EVT449394,2026-01-12 16:05:38,Trade Fair,J031,Cubbon Road,5388,Weekday,False,Fog,False,0.0,False,False,0.375,Moderate,23.8,28.0,230.9,0.151,0.348,0.948,Moderate traffic flow - standard adaptive signal timing in effect
EVT449395,2026-01-01 21:24:06,Cultural Procession,J030,MG Road,19722,Weekday,True,Clear,False,0.0,False,True,0.772,High,16.6,81.5,336.1,0.184,0.424,0.889,Road closure for event/procession - full detour recommended for through-traffic
EVT449396,2025-07-29 18:16:47,Sports Fixture,J011,Indiranagar 100ft Road,31025,Weekday,False,Heavy Rain,True,45.7,False,False,1.0,Severe,7.0,70.2,222.2,0.086,0.199,0.866,Heavy rain reducing visibility and grip - reduced speed and longer buffer advised
EVT449397,2025-05-07 19:12:07,Sports Fixture,J040,City Market,15062,Weekday,False,Clear,False,0.0,False,False,1.0,Severe,7.6,65.6,596.3,0.166,0.383,0.896,Heavy congestion detected - signal timing extended and reroute suggested
EVT449398,2026-06-14 18:25:07,Sports Fixture,J020,Malleshwaram Circle,12326,Weekend,False,Clear,False,0.0,False,False,0.82,Severe,15.8,59.9,500.6,0.297,0.687,0.929,Heavy congestion detected - signal timing extended and reroute suggested
EVT449399,2025-10-08 20:15:07,Trade Fair,J030,MG Road,4590,Weekday,False,Clear,False,0.0,False,False,0.635,High,18.5,47.4,224.5,0.146,0.338,0.976,Moderate traffic flow - standard adaptive signal timing in effect
EVT449400,2025-03-19 20:14:29,Trade Fair,J020,Malleshwaram Circle,13275,Weekday,False,Clear,False,0.0,False,False,0.723,High,13.3,47.2,466.7,0.204,0.471,0.99,Moderate traffic flow - standard adaptive signal timing in effect
EVT449401,2025-07-15 09:41:16,Local Market Day,J030,MG Road,5227,Weekday,False,Heavy Rain,True,70.5,False,False,1.0,Severe,8.6,66.5,187.9,0.078,0.18,0.887,Heavy rain reducing visibility and grip - reduced speed and longer buffer advised
EVT449402,2025-06-16 07:14:38,Local Market Day,J011,Indiranagar 100ft Road,4482,Weekday,False,Clear,False,0.0,False,False,0.556,High,22.7,43.6,202.0,0.146,0.337,0.978,Moderate traffic flow - standard adaptive signal timing in effect
EVT449403,2026-05-01 20:54:51,Cultural Procession,J040,City Market,20668,Weekday,True,Rain,True,20.1,False,True,1.0,Severe,6.4,101.6,537.3,0.157,0.362,0.758,Road closure for event/procession - full detour recommended for through-traffic
EVT449404,2025-12-24 14:39:03,Sports Fixture,J011,Indiranagar 100ft Road,21900,Weekday,False,Clear,False,0.0,False,False,0.341,Low,25.3,24.8,181.0,0.138,0.318,0.96,Moderate traffic flow - standard adaptive signal timing in effect
EVT449405,2025-04-21 04:05:26,Trade Fair,J020,Malleshwaram Circle,4934,Weekday,False,Clear,False,0.0,False,False,0.188,Low,34.4,15.0,120.0,0.117,0.27,0.98,Normal free-flow traffic - standard signal timing maintained
EVT449406,2025-09-28 19:40:52,Political Rally,J020,Malleshwaram Circle,34682,Weekend,False,Light Rain,True,5.1,False,False,0.911,Severe,13.7,66.0,346.5,0.184,0.424,0.872,Heavy rain reducing visibility and grip - reduced speed and longer buffer advised
EVT449407,2026-05-31 16:40:44,Concert,J040,City Market,10306,Weekend,False,Clear,False,0.0,False,False,0.537,Moderate,18.1,38.3,432.3,0.24,0.555,0.946,Moderate traffic flow - standard adaptive signal timing in effect
EVT449408,2026-05-22 09:14:17,Sports Fixture,J023,Basavanagudi,14214,Weekday,False,Clear,False,0.0,False,False,1.0,Severe,7.3,68.9,649.1,0.2,0.462,0.895,Heavy congestion detected - signal timing extended and reroute suggested
EVT449409,2026-05-05 18:32:54,Local Market Day,J040,City Market,4571,Weekday,False,Clear,False,0.0,False,False,0.997,Severe,9.3,75.4,924.1,0.308,0.712,0.91,Heavy congestion detected - signal timing extended and reroute suggested
EVT449410,2026-02-13 18:05:48,Local Market Day,J023,Basavanagudi,3851,Weekday,False,Clear,False,0.0,False,False,1.0,Severe,7.1,74.1,650.0,0.174,0.403,0.919,Heavy congestion detected - signal timing extended and reroute suggested
EVT449411,2025-05-20 07:50:38,Trade Fair,J012,Koramangala Sony World,8287,Weekday,False,Clear,False,0.0,False,False,0.748,High,17.8,56.9,303.3,0.176,0.405,0.927,Moderate traffic flow - standard adaptive signal timing in effect
EVT449412,2025-08-09 19:40:41,Sports Fixture,J031,Cubbon Road,38955,Weekend,False,Heavy Rain,True,58.7,False,False,1.0,Severe,6.9,67.1,1002.5,0.285,0.659,0.887,Heavy rain reducing visibility and grip - reduced speed and longer buffer advised
EVT449413,2026-02-20 20:20:03,Sports Fixture,J030,MG Road,23547,Weekday,False,Clear,False,0.0,False,False,0.75,Severe,17.1,53.7,262.9,0.153,0.353,0.974,Heavy congestion detected - signal timing extended and reroute suggested
EVT449414,2025-06-13 08:20:05,Local Market Day,J031,Cubbon Road,4122,Weekday,False,Clear,False,0.0,False,False,0.893,Severe,12.0,62.9,349.0,0.16,0.37,0.927,Heavy congestion detected - signal timing extended and reroute suggested
EVT449415,2026-06-12 07:07:50,Local Market Day,J031,Cubbon Road,3448,Weekday,False,Clear,False,0.0,False,False,0.487,Moderate,26.1,38.9,248.6,0.161,0.372,0.973,Moderate traffic flow - standard adaptive signal timing in effect
EVT449416,2026-05-27 08:40:10,Local Market Day,J040,City Market,5124,Weekday,False,Clear,False,0.0,False,False,1.0,Severe,6.9,71.9,577.1,0.159,0.367,0.908,Heavy congestion detected - signal timing extended and reroute suggested
EVT449417,2025-11-12 17:46:35,Concert,J020,Malleshwaram Circle,13110,Weekday,False,Clear,False,0.0,False,False,0.983,Severe,7.9,71.8,884.7,0.273,0.631,0.923,Heavy congestion detected - signal timing extended and reroute suggested
EVT449418,2026-04-29 17:18:16,Political Rally,J009,Majestic,14896,Weekday,False,Clear,False,0.0,False,False,0.908,Severe,13.3,56.0,235.7,0.113,0.261,0.941,Heavy congestion detected - signal timing extended and reroute suggested
EVT449419,2025-05-23 16:23:34,Concert,J031,Cubbon Road,7296,Weekday,False,Clear,False,0.0,False,False,0.581,High,28.4,39.1,252.7,0.19,0.44,0.968,Moderate traffic flow - standard adaptive signal timing in effect
EVT449420,2025-03-15 10:17:02,Cultural Procession,J040,City Market,16136,Weekend,True,Clear,False,0.0,True,True,1.0,Severe,8.4,110.5,335.2,0.135,0.312,0.665,Road closure for event/procession - full detour recommended for through-traffic
EVT449421,2026-01-25 09:16:43,Sports Fixture,J012,Koramangala Sony World,42881,Weekend,False,Clear,False,0.0,False,False,1.0,Severe,6.5,68.6,394.1,0.114,0.264,0.928,Heavy congestion detected - signal timing extended and reroute suggested
EVT449422,2026-05-29 14:28:38,Local Market Day,J020,Malleshwaram Circle,2597,Weekday,False,Clear,False,0.0,False,False,0.179,Low,35.3,10.7,86.8,0.082,0.189,0.958,Normal free-flow traffic - standard signal timing maintained
EVT449423,2026-05-18 07:05:09,Local Market Day,J030,MG Road,3292,Weekday,False,Clear,False,0.0,False,False,0.389,Moderate,34.8,27.0,153.9,0.142,0.329,0.955,Moderate traffic flow - standard adaptive signal timing in effect
EVT449424,2025-08-14 09:42:30,Local Market Day,J030,MG Road,3331,Weekday,False,Heavy Rain,True,31.7,False,False,1.0,Severe,8.2,66.8,578.8,0.178,0.411,0.872,Heavy rain reducing visibility and grip - reduced speed and longer buffer advised
EVT449425,2025-10-19 11:44:22,Concert,J009,Majestic,9259,Weekend,False,Rain,True,20.1,False,False,0.553,High,21.6,42.0,93.8,0.048,0.112,0.926,Heavy rain reducing visibility and grip - reduced speed and longer buffer advised
EVT449426,2026-02-06 19:25:25,Concert,J009,Majestic,7623,Weekday,False,Clear,False,0.0,False,False,0.948,Severe,11.9,69.7,380.9,0.171,0.395,0.917,Heavy congestion detected - signal timing extended and reroute suggested
EVT449427,2026-03-16 12:04:33,Local Market Day,J011,Indiranagar 100ft Road,4147,Weekday,False,Clear,False,0.0,False,False,0.149,Low,37.7,8.8,173.4,0.175,0.405,0.949,Normal free-flow traffic - standard signal timing maintained
EVT449428,2025-12-03 10:21:02,Sports Fixture,J030,MG Road,26948,Weekday,False,Clear,False,0.0,False,False,0.803,Severe,12.6,55.1,172.0,0.087,0.201,0.948,Heavy congestion detected - signal timing extended and reroute suggested
EVT449429,2025-05-20 20:21:42,Sports Fixture,J012,Koramangala Sony World,11102,Weekday,False,Clear,False,0.0,False,False,0.678,High,21.7,50.0,245.0,0.161,0.373,0.984,Moderate traffic flow - standard adaptive signal timing in effect
EVT449430,2026-06-20 18:57:25,Trade Fair,J020,Malleshwaram Circle,9629,Weekend,False,Clear,False,0.0,False,False,0.872,Severe,13.5,65.1,266.3,0.117,0.271,0.934,Heavy congestion detected - signal timing extended and reroute suggested
EVT449431,2026-05-06 15:46:59,Sports Fixture,J012,Koramangala Sony World,29129,Weekday,False,Fog,False,0.0,True,False,0.931,Severe,8.2,69.5,235.2,0.08,0.185,0.768,Accident detected nearby - reroute and reduced speed advised
EVT449432,2026-04-24 06:33:09,Sports Fixture,J023,Basavanagudi,13733,Weekday,False,Clear,False,0.0,False,False,0.503,Moderate,27.1,41.8,156.4,0.109,0.252,0.948,Moderate traffic flow - standard adaptive signal timing in effect
EVT449433,2026-02-22 13:32:58,Local Market Day,J020,Malleshwaram Circle,2895,Weekend,False,Clear,False,0.0,False,False,0.267,Low,37.3,14.2,155.1,0.126,0.291,0.95,Moderate traffic flow - standard adaptive signal timing in effect
EVT449434,2026-06-07 09:57:58,Concert,J011,Indiranagar 100ft Road,7825,Weekend,False,Clear,False,0.0,False,False,0.731,High,13.8,48.0,376.4,0.178,0.411,0.971,Moderate traffic flow - standard adaptive signal timing in effect
EVT449435,2025-03-02 08:41:06,Trade Fair,J009,Majestic,7287,Weekend,False,Clear,False,0.0,False,False,0.781,Severe,15.7,50.8,273.5,0.148,0.341,0.948,Heavy congestion detected - signal timing extended and reroute suggested
EVT449436,2026-03-04 15:51:09,Fireworks Display,J040,City Market,33944,Weekday,True,Clear,False,0.0,False,False,0.812,Severe,14.9,60.9,449.3,0.238,0.549,0.878,Festival crowd surge detected - alternate route and extended cycle recommended
EVT449437,2025-10-09 14:50:51,Trade Fair,J020,Malleshwaram Circle,11501,Weekday,False,Clear,False,0.0,False,False,0.297,Low,32.2,25.2,114.2,0.105,0.243,0.966,Moderate traffic flow - standard adaptive signal timing in effect
EVT449438,2025-07-11 18:34:38,Sports Fixture,J031,Cubbon Road,13582,Weekday,False,Rain,True,14.7,False,False,1.0,Severe,8.1,67.9,483.2,0.147,0.34,0.854,Heavy rain reducing visibility and grip - reduced speed and longer buffer advised
EVT449439,2025-04-13 08:20:05,Concert,J011,Indiranagar 100ft Road,22118,Weekend,False,Clear,False,0.0,False,False,0.929,Severe,11.5,71.6,400.4,0.185,0.426,0.921,Heavy congestion detected - signal timing extended and reroute suggested
EVT449440,2025-05-06 12:58:24,Sports Fixture,J020,Malleshwaram Circle,10866,Weekday,False,Clear,False,0.0,False,False,0.216,Low,23.5,16.6,141.6,0.093,0.214,0.989,Normal free-flow traffic - standard signal timing maintained
EVT449441,2025-06-20 09:38:33,Political Rally,J030,MG Road,13605,Weekday,False,Rain,True,10.4,False,False,1.0,Severe,9.0,71.4,457.0,0.168,0.387,0.861,Heavy rain reducing visibility and grip - reduced speed and longer buffer advised
EVT449442,2026-04-29 13:11:24,Local Market Day,J031,Cubbon Road,3551,Weekday,False,Light Rain,True,3.5,False,False,0.329,Low,30.1,23.7,135.9,0.097,0.225,0.913,Light rain detected - minor speed reduction advised
EVT449443,2025-04-21 13:15:34,Sports Fixture,J023,Basavanagudi,26274,Weekday,False,Clear,False,0.0,False,False,0.336,Low,27.3,21.3,227.2,0.18,0.415,0.99,Moderate traffic flow - standard adaptive signal timing in effect
EVT449444,2025-03-11 08:01:51,Sports Fixture,J012,Koramangala Sony World,17273,Weekday,False,Clear,False,0.0,False,False,0.887,Severe,9.8,62.1,257.7,0.097,0.224,0.939,Heavy congestion detected - signal timing extended and reroute suggested
EVT449445,2025-02-26 19:02:16,Concert,J030,MG Road,9020,Weekday,False,Clear,False,0.0,False,False,1.0,Severe,7.7,69.3,344.3,0.131,0.302,0.901,Heavy congestion detected - signal timing extended and reroute suggested
EVT449446,2025-05-17 12:09:24,Concert,J023,Basavanagudi,10863,Weekend,False,Clear,False,0.0,False,False,0.281,Low,41.1,16.0,128.3,0.148,0.342,0.972,Moderate traffic flow - standard adaptive signal timing in effect
EVT449447,2025-02-21 09:12:12,Trade Fair,J031,Cubbon Road,10231,Weekday,False,Clear,False,0.0,False,False,1.0,Severe,7.7,71.3,767.4,0.266,0.614,0.908,Heavy congestion detected - signal timing extended and reroute suggested
EVT449448,2026-06-22 08:12:59,Concert,J020,Malleshwaram Circle,11700,Weekday,False,Heavy Rain,True,30.2,False,False,1.0,Severe,7.6,73.1,801.7,0.283,0.654,0.86,Heavy rain reducing visibility and grip - reduced speed and longer buffer advised
EVT449449,2026-01-03 18:28:49,Political Rally,J023,Basavanagudi,9853,Weekend,False,Clear,False,0.0,False,False,0.895,Severe,9.8,69.2,183.3,0.078,0.181,0.909,Heavy congestion detected - signal timing extended and reroute suggested
EVT449450,2026-06-09 15:52:19,Local Market Day,J011,Indiranagar 100ft Road,3750,Weekday,False,Clear,False,0.0,False,False,0.443,Moderate,27.3,34.0,91.3,0.06,0.139,0.949,Moderate traffic flow - standard adaptive signal timing in effect
EVT449451,2025-09-25 10:02:26,Local Market Day,J040,City Market,7243,Weekday,False,Clear,False,0.0,False,False,0.841,Severe,12.0,55.7,337.5,0.178,0.412,0.99,Heavy congestion detected - signal timing extended and reroute suggested
EVT449452,2025-12-03 19:31:48,Trade Fair,J023,Basavanagudi,6483,Weekday,False,Clear,False,0.0,False,False,0.837,Severe,17.3,61.6,376.9,0.245,0.566,0.975,Heavy congestion detected - signal timing extended and reroute suggested
EVT449453,2025-06-07 18:39:27,Local Market Day,J040,City Market,6957,Weekend,False,Clear,False,0.0,False,False,0.895,Severe,12.6,67.9,402.6,0.21,0.486,0.939,Heavy congestion detected - signal timing extended and reroute suggested
EVT449454,2026-01-12 07:32:55,Sports Fixture,J020,Malleshwaram Circle,15938,Weekday,False,Clear,False,0.0,False,False,0.704,High,19.0,54.0,254.0,0.162,0.373,0.968,Moderate traffic flow - standard adaptive signal timing in effect
EVT449455,2025-05-21 18:01:26,Local Market Day,J012,Koramangala Sony World,4001,Weekday,False,Clear,False,0.0,False,False,0.918,Severe,11.5,57.2,173.1,0.068,0.157,0.913,Heavy congestion detected - signal timing extended and reroute suggested
EVT449456,2026-03-22 13:31:16,Local Market Day,J023,Basavanagudi,3859,Weekend,False,Clear,False,0.0,False,False,0.207,Low,31.2,15.8,98.1,0.101,0.234,0.965,Normal free-flow traffic - standard signal timing maintained
EVT449457,2025-11-23 20:44:26,Local Market Day,J023,Basavanagudi,4633,Weekend,False,Clear,False,0.0,False,False,0.486,Moderate,33.4,29.9,164.5,0.159,0.368,0.964,Moderate traffic flow - standard adaptive signal timing in effect
EVT449458,2025-02-14 19:34:21,Local Market Day,J030,MG Road,4446,Weekday,False,Clear,False,0.0,False,False,0.904,Severe,9.0,61.9,196.3,0.07,0.162,0.928,Heavy congestion detected - signal timing extended and reroute suggested
EVT449459,2025-01-26 17:46:40,Religious Festival,J031,Cubbon Road,39960,Weekend,True,Clear,False,0.0,False,True,1.0,Severe,7.6,92.1,614.3,0.201,0.465,0.835,Road closure for event/procession - full detour recommended for through-traffic
EVT449460,2025-10-23 12:25:40,Local Market Day,J040,City Market,2592,Weekday,False,Clear,False,0.0,False,False,0.231,Low,33.7,17.5,167.2,0.132,0.305,0.961,Normal free-flow traffic - standard signal timing maintained
EVT449461,2025-10-01 00:01:18,Local Market Day,J011,Indiranagar 100ft Road,2356,Weekday,False,Light Rain,True,3.2,False,False,0.339,Low,29.3,23.7,130.3,0.116,0.268,0.915,Light rain detected - minor speed reduction advised
EVT449462,2025-11-23 18:31:46,Sports Fixture,J009,Majestic,27118,Weekend,False,Clear,False,0.0,False,False,1.0,Severe,11.4,70.6,622.8,0.277,0.641,0.906,Heavy congestion detected - signal timing extended and reroute suggested
EVT449463,2025-01-01 11:24:10,Sports Fixture,J020,Malleshwaram Circle,21886,Weekday,False,Clear,False,0.0,False,False,0.455,Moderate,28.2,34.5,253.9,0.207,0.479,0.985,Moderate traffic flow - standard adaptive signal timing in effect
EVT449464,2026-06-22 16:15:26,Sports Fixture,J020,Malleshwaram Circle,31817,Weekday,False,Clear,False,0.0,False,False,0.634,High,26.3,54.2,175.6,0.147,0.341,0.969,Moderate traffic flow - standard adaptive signal timing in effect
EVT449465,2025-11-23 17:43:16,Concert,J023,Basavanagudi,12946,Weekend,False,Clear,False,0.0,False,False,0.905,Severe,12.7,63.7,583.6,0.263,0.608,0.948,Heavy congestion detected - signal timing extended and reroute suggested
EVT449466,2025-06-01 21:29:44,Local Market Day,J040,City Market,5691,Weekend,False,Clear,False,0.0,False,False,0.42,Moderate,29.7,30.4,166.2,0.133,0.308,0.958,Moderate traffic flow - standard adaptive signal timing in effect
EVT449467,2026-01-07 15:53:27,Local Market Day,J012,Koramangala Sony World,3077,Weekday,False,Clear,False,0.0,False,False,0.424,Moderate,29.0,25.1,186.1,0.157,0.362,0.973,Moderate traffic flow - standard adaptive signal timing in effect
EVT449468,2025-11-29 20:02:31,Local Market Day,J023,Basavanagudi,3612,Weekend,False,Clear,False,0.0,False,False,0.615,High,19.3,47.4,299.9,0.187,0.431,0.99,Moderate traffic flow - standard adaptive signal timing in effect
EVT449469,2025-10-12 17:31:25,Sports Fixture,J030,MG Road,34033,Weekend,False,Clear,False,0.0,False,False,0.956,Severe,6.9,69.2,445.1,0.155,0.359,0.915,Heavy congestion detected - signal timing extended and reroute suggested
EVT449470,2025-07-14 16:33:14,Political Rally,J011,Indiranagar 100ft Road,19402,Weekday,False,Heavy Rain,True,45.3,False,False,1.0,Severe,8.2,72.0,441.3,0.167,0.385,0.879,Heavy rain reducing visibility and grip - reduced speed and longer buffer advised
EVT449471,2025-04-21 13:29:21,Concert,J023,Basavanagudi,14140,Weekday,False,Clear,False,0.0,False,False,0.255,Low,32.1,17.9,116.0,0.093,0.214,0.969,Moderate traffic flow - standard adaptive signal timing in effect
EVT449472,2026-02-07 19:09:41,Political Rally,J020,Malleshwaram Circle,10925,Weekend,False,Clear,False,0.0,False,False,0.861,Severe,13.9,61.1,429.6,0.222,0.513,0.941,Heavy congestion detected - signal timing extended and reroute suggested
EVT449473,2025-10-14 07:09:03,Political Rally,J040,City Market,14843,Weekday,False,Clear,False,0.0,False,False,0.609,High,25.7,43.0,150.1,0.101,0.233,0.978,Moderate traffic flow - standard adaptive signal timing in effect
EVT449474,2025-06-30 21:21:00,Sports Fixture,J023,Basavanagudi,24718,Weekday,False,Clear,False,0.0,False,False,0.544,Moderate,19.6,42.6,190.1,0.114,0.263,0.965,Moderate traffic flow - standard adaptive signal timing in effect
EVT449475,2026-01-07 18:01:18,Political Rally,J030,MG Road,22644,Weekday,False,Clear,False,0.0,False,False,1.0,Severe,9.3,75.0,422.1,0.155,0.359,0.93,Heavy congestion detected - signal timing extended and reroute suggested
EVT449476,2025-06-16 16:53:03,Trade Fair,J020,Malleshwaram Circle,7125,Weekday,False,Clear,False,0.0,False,False,0.731,High,17.6,55.6,388.2,0.229,0.53,0.981,Moderate traffic flow - standard adaptive signal timing in effect
EVT449477,2025-07-18 16:38:56,Local Market Day,J009,Majestic,4823,Weekday,False,Heavy Rain,True,48.3,False,False,0.965,Severe,9.7,65.5,412.3,0.168,0.387,0.879,Heavy rain reducing visibility and grip - reduced speed and longer buffer advised
EVT449478,2025-06-21 19:49:05,Local Market Day,J023,Basavanagudi,4602,Weekend,False,Heavy Rain,True,29.8,False,False,0.94,Severe,11.4,71.0,294.7,0.143,0.33,0.881,Heavy rain reducing visibility and grip - reduced speed and longer buffer advised
EVT449479,2025-11-28 12:43:22,Local Market Day,J012,Koramangala Sony World,2346,Weekday,False,Clear,False,0.0,False,False,0.162,Low,27.4,13.1,214.4,0.158,0.365,0.973,Normal free-flow traffic - standard signal timing maintained
EVT449480,2025-07-25 17:34:04,Sports Fixture,J020,Malleshwaram Circle,16276,Weekday,False,Clear,False,0.0,False,False,0.989,Severe,6.0,72.6,768.7,0.196,0.452,0.918,Heavy congestion detected - signal timing extended and reroute suggested
EVT449481,2025-10-12 18:25:18,Concert,J011,Indiranagar 100ft Road,7885,Weekend,False,Fog,False,0.0,False,False,0.989,Severe,8.1,75.4,751.9,0.249,0.576,0.918,Heavy congestion detected - signal timing extended and reroute suggested
EVT449482,2026-01-27 05:32:05,Religious Festival,J030,MG Road,38381,Weekday,True,Clear,False,0.0,False,False,0.699,High,19.2,57.4,232.7,0.147,0.34,0.938,Festival crowd surge detected - alternate route and extended cycle recommended
EVT449483,2025-11-01 21:49:03,Religious Festival,J023,Basavanagudi,33275,Weekend,True,Clear,False,0.0,False,True,0.888,High,10.1,91.8,578.2,0.225,0.52,0.863,Road closure for event/procession - full detour recommended for through-traffic
EVT449484,2026-03-22 03:33:25,Local Market Day,J023,Basavanagudi,4243,Weekend,False,Clear,False,0.0,False,False,0.247,Low,35.8,14.7,125.4,0.137,0.317,0.963,Normal free-flow traffic - standard signal timing maintained
EVT449485,2025-08-04 06:03:26,Local Market Day,J023,Basavanagudi,3197,Weekday,False,Clear,False,0.0,False,False,0.17,Low,39.7,13.1,174.8,0.175,0.404,0.967,Normal free-flow traffic - standard signal timing maintained
EVT449486,2026-05-28 05:42:50,Local Market Day,J011,Indiranagar 100ft Road,3548,Weekday,False,Heavy Rain,True,42.1,False,False,0.593,High,16.5,38.4,331.2,0.155,0.357,0.917,Heavy rain reducing visibility and grip - reduced speed and longer buffer advised
EVT449487,2026-03-11 19:26:49,Local Market Day,J023,Basavanagudi,4923,Weekday,False,Clear,False,0.0,False,False,1.0,Severe,9.3,72.9,436.6,0.162,0.375,0.926,Heavy congestion detected - signal timing extended and reroute suggested
EVT449488,2025-08-14 12:12:04,Concert,J011,Indiranagar 100ft Road,15040,Weekday,False,Clear,False,0.0,False,False,0.329,Low,32.7,19.1,138.0,0.132,0.304,0.975,Moderate traffic flow - standard adaptive signal timing in effect
EVT449489,2026-01-08 18:30:01,Local Market Day,J009,Majestic,2984,Weekday,False,Clear,False,0.0,False,False,0.958,Severe,9.1,66.2,547.4,0.202,0.468,0.904,Heavy congestion detected - signal timing extended and reroute suggested
EVT449490,2025-09-14 18:56:01,Sports Fixture,J040,City Market,19143,Weekend,False,Clear,False,0.0,False,False,0.896,Severe,10.9,63.2,260.0,0.126,0.292,0.92,Heavy congestion detected - signal timing extended and reroute suggested
EVT449491,2025-09-30 19:14:42,Local Market Day,J020,Malleshwaram Circle,4481,Weekday,False,Clear,False,0.0,False,False,1.0,Severe,8.7,67.8,435.0,0.155,0.358,0.916,Heavy congestion detected - signal timing extended and reroute suggested
EVT449492,2026-06-18 22:16:33,Concert,J011,Indiranagar 100ft Road,10188,Weekday,False,Rain,True,20.6,False,False,0.495,Moderate,22.8,33.4,81.2,0.049,0.113,0.89,Light rain detected - minor speed reduction advised
EVT449493,2025-12-09 12:57:44,Local Market Day,J040,City Market,3220,Weekday,False,Clear,False,0.0,False,False,0.244,Low,40.2,19.9,109.0,0.1,0.232,0.961,Normal free-flow traffic - standard signal timing maintained
EVT449494,2026-03-21 13:44:48,Local Market Day,J023,Basavanagudi,3067,Weekend,False,Clear,False,0.0,False,False,0.308,Low,36.0,23.3,97.4,0.074,0.172,0.939,Moderate traffic flow - standard adaptive signal timing in effect
EVT449495,2025-06-19 17:59:41,Local Market Day,J031,Cubbon Road,2743,Weekday,False,Clear,False,0.0,False,False,0.916,Severe,11.2,58.5,534.1,0.246,0.567,0.91,Heavy congestion detected - signal timing extended and reroute suggested
EVT449496,2025-02-22 16:40:52,Political Rally,J023,Basavanagudi,10630,Weekend,False,Clear,False,0.0,False,False,0.613,High,21.2,39.7,236.4,0.145,0.334,0.965,Moderate traffic flow - standard adaptive signal timing in effect
EVT449497,2025-08-03 18:19:21,Political Rally,J023,Basavanagudi,14245,Weekend,False,Clear,False,0.0,False,False,0.886,Severe,9.8,65.1,173.7,0.082,0.189,0.945,Heavy congestion detected - signal timing extended and reroute suggested
EVT449498,2026-02-20 13:01:31,Sports Fixture,J009,Majestic,19605,Weekday,False,Clear,False,0.0,False,False,0.319,Low,35.4,21.8,103.4,0.085,0.197,0.956,Moderate traffic flow - standard adaptive signal timing in effect
EVT449499,2026-02-27 00:24:57,Concert,J030,MG Road,13063,Weekday,False,Clear,False,0.0,False,False,0.271,Low,32.4,19.7,194.1,0.168,0.388,0.938,Moderate traffic flow - standard adaptive signal timing in effect
EVT449500,2025-03-07 21:18:04,Concert,J040,City Market,11267,Weekday,False,Light Rain,True,4.7,False,False,0.476,Moderate,26.6,33.0,188.9,0.147,0.34,0.905,Light rain detected - minor speed reduction advised
EVT449501,2025-03-15 16:36:32,Cultural Procession,J023,Basavanagudi,31572,Weekend,True,Clear,False,0.0,False,True,1.0,Severe,9.9,101.1,213.4,0.101,0.234,0.858,Road closure for event/procession - full detour recommended for through-traffic
EVT449502,2026-05-15 09:14:47,Local Market Day,J023,Basavanagudi,5654,Weekday,False,Clear,False,0.0,False,False,1.0,Severe,9.4,75.5,497.6,0.178,0.412,0.907,Heavy congestion detected - signal timing extended and reroute suggested
EVT449503,2025-10-09 17:22:35,Sports Fixture,J012,Koramangala Sony World,21154,Weekday,False,Clear,False,0.0,False,False,1.0,Severe,8.8,63.7,600.4,0.225,0.521,0.907,Heavy congestion detected - signal timing extended and reroute suggested
EVT449504,2025-05-31 13:44:47,Political Rally,J031,Cubbon Road,11974,Weekend,False,Clear,False,0.0,False,False,0.294,Low,36.6,22.5,164.7,0.13,0.3,0.954,Moderate traffic flow - standard adaptive signal timing in effect
EVT449505,2025-05-08 14:46:54,Sports Fixture,J020,Malleshwaram Circle,23936,Weekday,False,Clear,False,0.0,False,False,0.427,Moderate,28.6,29.9,184.7,0.146,0.338,0.96,Moderate traffic flow - standard adaptive signal timing in effect
EVT449506,2025-09-11 14:59:38,Sports Fixture,J031,Cubbon Road,13725,Weekday,False,Light Rain,True,4.3,False,False,0.457,Moderate,26.6,30.0,196.0,0.14,0.323,0.921,Light rain detected - minor speed reduction advised
EVT449507,2025-12-12 19:29:11,Concert,J030,MG Road,13692,Weekday,False,Clear,False,0.0,False,False,0.939,Severe,12.8,67.4,706.9,0.346,0.799,0.903,Heavy congestion detected - signal timing extended and reroute suggested
EVT449508,2025-11-10 20:08:45,Trade Fair,J020,Malleshwaram Circle,12203,Weekday,False,Clear,False,0.0,False,False,0.717,High,18.4,57.7,146.9,0.079,0.183,0.954,Moderate traffic flow - standard adaptive signal timing in effect
EVT449509,2026-02-21 17:48:01,Sports Fixture,J023,Basavanagudi,46477,Weekend,False,Clear,False,0.0,False,False,1.0,Severe,8.7,71.9,502.7,0.191,0.44,0.915,Heavy congestion detected - signal timing extended and reroute suggested
EVT449510,2025-03-12 19:05:49,Concert,J040,City Market,12737,Weekday,False,Clear,False,0.0,False,False,0.929,Severe,12.7,67.5,340.3,0.168,0.387,0.93,Heavy congestion detected - signal timing extended and reroute suggested
EVT449511,2025-01-07 18:11:31,Trade Fair,J012,Koramangala Sony World,11192,Weekday,False,Clear,False,0.0,False,False,0.977,Severe,8.6,68.5,514.1,0.181,0.417,0.946,Heavy congestion detected - signal timing extended and reroute suggested
EVT449512,2025-09-20 09:40:41,Political Rally,J023,Basavanagudi,16897,Weekend,False,Clear,False,0.0,False,False,0.906,Severe,11.0,64.3,278.4,0.141,0.325,0.928,Heavy congestion detected - signal timing extended and reroute suggested
EVT449513,2025-10-28 11:30:32,Sports Fixture,J011,Indiranagar 100ft Road,23433,Weekday,False,Clear,False,0.0,False,False,0.378,Moderate,29.1,25.5,79.6,0.059,0.135,0.96,Moderate traffic flow - standard adaptive signal timing in effect
EVT449514,2025-02-09 18:28:49,Concert,J012,Koramangala Sony World,16394,Weekend,False,Clear,False,0.0,False,False,0.932,Severe,10.9,66.0,394.8,0.174,0.402,0.93,Heavy congestion detected - signal timing extended and reroute suggested
EVT449515,2026-01-02 12:48:52,Religious Festival,J023,Basavanagudi,26519,Weekday,True,Clear,False,0.0,False,False,0.632,High,22.1,47.1,266.3,0.198,0.457,0.937,Festival crowd surge detected - alternate route and extended cycle recommended
EVT449516,2025-02-20 16:40:06,Local Market Day,J030,MG Road,3788,Weekday,False,Clear,False,0.0,False,False,0.61,High,22.4,45.3,183.0,0.132,0.304,0.967,Moderate traffic flow - standard adaptive signal timing in effect
EVT449517,2025-01-17 18:36:46,Local Market Day,J040,City Market,3383,Weekday,False,Clear,False,0.0,False,False,1.0,Severe,9.3,69.3,447.9,0.188,0.434,0.913,Heavy congestion detected - signal timing extended and reroute suggested
EVT449518,2026-01-17 20:16:38,Trade Fair,J012,Koramangala Sony World,7580,Weekend,False,Clear,False,0.0,False,False,0.653,High,19.5,46.4,298.5,0.209,0.484,0.949,Moderate traffic flow - standard adaptive signal timing in effect
EVT449519,2025-04-25 19:34:14,Sports Fixture,J012,Koramangala Sony World,27308,Weekday,False,Clear,False,0.0,False,False,0.951,Severe,9.3,68.8,331.2,0.128,0.296,0.948,Heavy congestion detected - signal timing extended and reroute suggested
EVT449520,2026-01-21 20:18:12,Political Rally,J009,Majestic,26099,Weekday,False,Clear,False,0.0,False,False,0.772,Severe,14.2,53.8,359.7,0.195,0.45,0.967,Heavy congestion detected - signal timing extended and reroute suggested
EVT449521,2025-02-17 17:59:50,Concert,J030,MG Road,10257,Weekday,False,Clear,False,0.0,False,False,1.0,Severe,9.7,66.6,439.7,0.189,0.437,0.921,Heavy congestion detected - signal timing extended and reroute suggested
EVT449522,2025-05-16 06:58:01,Concert,J012,Koramangala Sony World,12846,Weekday,False,Clear,False,0.0,False,False,0.407,Moderate,27.2,25.9,233.7,0.198,0.457,0.953,Moderate traffic flow - standard adaptive signal timing in effect
EVT449523,2025-10-10 17:20:31,Sports Fixture,J040,City Market,16490,Weekday,False,Light Rain,True,5.8,False,False,1.0,Severe,9.4,67.8,602.5,0.223,0.515,0.874,Heavy rain reducing visibility and grip - reduced speed and longer buffer advised
EVT449524,2025-06-23 08:09:12,Local Market Day,J023,Basavanagudi,3537,Weekday,False,Rain,True,18.3,False,False,1.0,Severe,6.6,68.4,740.6,0.212,0.489,0.88,Heavy rain reducing visibility and grip - reduced speed and longer buffer advised
EVT449525,2025-12-17 05:35:23,Concert,J012,Koramangala Sony World,9550,Weekday,False,Clear,False,0.0,True,False,0.712,High,19.9,50.6,348.8,0.208,0.481,0.83,Accident detected nearby - reroute and reduced speed advised
EVT449526,2026-01-25 09:35:00,Sports Fixture,J031,Cubbon Road,28019,Weekend,False,Clear,False,0.0,False,False,0.956,Severe,7.7,62.5,758.3,0.231,0.533,0.917,Heavy congestion detected - signal timing extended and reroute suggested
EVT449527,2026-04-27 07:02:28,Sports Fixture,J023,Basavanagudi,14661,Weekday,False,Rain,True,13.3,False,False,0.611,High,20.2,44.3,213.9,0.142,0.328,0.921,Heavy rain reducing visibility and grip - reduced speed and longer buffer advised
EVT449528,2025-05-02 09:01:03,Religious Festival,J009,Majestic,70694,Weekday,True,Clear,False,0.0,False,True,1.0,Severe,9.6,100.9,561.8,0.222,0.513,0.83,Road closure for event/procession - full detour recommended for through-traffic
EVT449529,2025-11-25 17:01:12,Local Market Day,J023,Basavanagudi,2292,Weekday,False,Clear,False,0.0,False,False,0.813,Severe,15.0,60.2,454.0,0.231,0.533,0.951,Heavy congestion detected - signal timing extended and reroute suggested
EVT449530,2026-03-23 12:18:29,Local Market Day,J009,Majestic,3651,Weekday,False,Clear,False,0.0,False,False,0.293,Low,28.0,22.4,213.1,0.177,0.409,0.975,Moderate traffic flow - standard adaptive signal timing in effect
EVT449531,2026-02-08 20:01:09,Sports Fixture,J031,Cubbon Road,32169,Weekend,False,Clear,False,0.0,False,False,0.854,Severe,12.0,57.3,506.9,0.228,0.527,0.947,Heavy congestion detected - signal timing extended and reroute suggested
EVT449532,2025-09-14 19:18:35,Concert,J020,Malleshwaram Circle,13653,Weekend,False,Rain,True,18.7,False,False,0.983,Severe,11.2,75.4,202.6,0.101,0.234,0.864,Heavy rain reducing visibility and grip - reduced speed and longer buffer advised
EVT449533,2025-02-01 11:20:35,Local Market Day,J011,Indiranagar 100ft Road,2992,Weekend,False,Clear,False,0.0,False,False,0.326,Low,31.1,21.6,203.2,0.18,0.416,0.956,Moderate traffic flow - standard adaptive signal timing in effect
EVT449534,2025-10-30 08:51:58,Local Market Day,J031,Cubbon Road,1939,Weekday,False,Clear,False,0.0,False,False,1.0,Severe,9.4,68.5,611.8,0.227,0.525,0.92,Heavy congestion detected - signal timing extended and reroute suggested
EVT449535,2025-10-23 11:59:40,Concert,J030,MG Road,11057,Weekday,False,Clear,False,0.0,False,False,0.22,Low,31.0,20.2,169.7,0.143,0.331,0.988,Normal free-flow traffic - standard signal timing maintained
EVT449536,2025-11-29 18:54:37,Concert,J030,MG Road,14994,Weekend,False,Clear,False,0.0,False,False,0.848,Severe,13.4,60.6,181.7,0.083,0.192,0.961,Heavy congestion detected - signal timing extended and reroute suggested
EVT449537,2025-03-16 12:14:18,Trade Fair,J012,Koramangala Sony World,12477,Weekend,False,Clear,False,0.0,False,False,0.373,Moderate,27.5,31.1,222.5,0.146,0.337,0.942,Moderate traffic flow - standard adaptive signal timing in effect
EVT449538,2025-12-02 08:47:41,Concert,J031,Cubbon Road,29874,Weekday,False,Clear,False,0.0,False,False,1.0,Severe,7.7,69.1,509.8,0.193,0.445,0.93,Heavy congestion detected - signal timing extended and reroute suggested
EVT449539,2025-09-18 07:28:52,Sports Fixture,J012,Koramangala Sony World,30244,Weekday,False,Fog,False,0.0,False,False,0.799,Severe,16.6,57.9,376.2,0.22,0.508,0.967,Heavy congestion detected - signal timing extended and reroute suggested
EVT449540,2025-10-14 10:15:17,Trade Fair,J030,MG Road,13006,Weekday,False,Rain,True,19.8,False,False,0.933,Severe,9.1,67.9,721.9,0.25,0.578,0.875,Heavy rain reducing visibility and grip - reduced speed and longer buffer advised
EVT449541,2025-11-11 08:02:08,Concert,J012,Koramangala Sony World,8112,Weekday,False,Clear,False,0.0,False,False,0.847,Severe,12.7,63.4,221.6,0.11,0.254,0.958,Heavy congestion detected - signal timing extended and reroute suggested
EVT449542,2025-06-29 20:04:16,Concert,J012,Koramangala Sony World,12468,Weekend,False,Heavy Rain,True,31.2,False,False,0.986,Severe,9.5,68.3,401.6,0.16,0.37,0.87,Heavy rain reducing visibility and grip - reduced speed and longer buffer advised
EVT449543,2025-04-11 16:37:21,Concert,J031,Cubbon Road,16569,Weekday,False,Clear,False,0.0,False,False,0.662,High,18.1,40.6,346.3,0.208,0.48,0.952,Moderate traffic flow - standard adaptive signal timing in effect
EVT449544,2025-12-10 16:41:17,Sports Fixture,J030,MG Road,29002,Weekday,False,Light Rain,True,5.7,False,False,0.803,Severe,19.2,58.7,329.3,0.19,0.438,0.905,Heavy rain reducing visibility and grip - reduced speed and longer buffer advised
EVT449545,2025-08-21 21:07:57,Trade Fair,J040,City Market,8077,Weekday,False,Rain,True,12.3,False,False,0.56,High,23.2,37.7,201.6,0.134,0.31,0.889,Heavy rain reducing visibility and grip - reduced speed and longer buffer advised
EVT449546,2025-07-26 08:55:21,Concert,J012,Koramangala Sony World,11712,Weekend,False,Heavy Rain,True,98.2,False,False,1.0,Severe,9.9,70.8,652.1,0.257,0.595,0.845,Heavy rain reducing visibility and grip - reduced speed and longer buffer advised
EVT449547,2026-06-13 05:16:24,Sports Fixture,J040,City Market,28900,Weekend,False,Rain,True,22.5,False,False,0.691,High,18.4,53.5,287.3,0.183,0.424,0.918,Heavy rain reducing visibility and grip - reduced speed and longer buffer advised
EVT449548,2025-10-24 00:17:04,Local Market Day,J009,Majestic,2562,Weekday,False,Fog,False,0.0,False,False,0.089,Low,39.4,4.5,140.2,0.131,0.303,0.957,Normal free-flow traffic - standard signal timing maintained
EVT449549,2026-03-16 17:58:30,Sports Fixture,J012,Koramangala Sony World,43902,Weekday,False,Clear,False,0.0,False,False,1.0,Severe,6.2,77.0,642.7,0.181,0.418,0.893,Heavy congestion detected - signal timing extended and reroute suggested
EVT449550,2025-11-06 17:04:25,Concert,J009,Majestic,14876,Weekday,False,Clear,False,0.0,False,False,0.743,High,15.4,52.4,215.3,0.116,0.268,0.969,Moderate traffic flow - standard adaptive signal timing in effect
EVT449551,2026-03-15 20:37:08,Sports Fixture,J030,MG Road,16644,Weekend,False,Clear,False,0.0,False,False,0.59,High,20.6,42.6,135.5,0.073,0.168,0.972,Moderate traffic flow - standard adaptive signal timing in effect
EVT449552,2025-09-21 19:28:23,Trade Fair,J011,Indiranagar 100ft Road,14250,Weekend,False,Rain,True,20.0,False,False,1.0,Severe,8.7,67.1,545.9,0.202,0.466,0.849,Heavy rain reducing visibility and grip - reduced speed and longer buffer advised
EVT449553,2025-11-06 10:21:28,Political Rally,J023,Basavanagudi,24923,Weekday,False,Rain,True,8.8,False,False,0.957,Severe,10.6,70.0,565.4,0.244,0.564,0.863,Heavy rain reducing visibility and grip - reduced speed and longer buffer advised
EVT449554,2026-03-12 11:08:03,Local Market Day,J012,Koramangala Sony World,6601,Weekday,False,Clear,False,0.0,False,False,0.494,Moderate,21.8,29.8,229.9,0.155,0.359,0.978,Moderate traffic flow - standard adaptive signal timing in effect
EVT449555,2026-05-15 08:43:55,Concert,J031,Cubbon Road,6635,Weekday,False,Clear,False,0.0,False,False,1.0,Severe,7.3,72.4,673.6,0.199,0.459,0.928,Heavy congestion detected - signal timing extended and reroute suggested
EVT449556,2026-04-12 21:20:29,Concert,J031,Cubbon Road,6770,Weekend,False,Fog,False,0.0,False,False,0.378,Moderate,27.0,28.6,167.9,0.118,0.273,0.965,Moderate traffic flow - standard adaptive signal timing in effect
EVT449557,2025-01-09 18:30:51,Sports Fixture,J011,Indiranagar 100ft Road,17706,Weekday,False,Clear,False,0.0,False,False,1.0,Severe,9.1,72.1,324.4,0.121,0.28,0.926,Heavy congestion detected - signal timing extended and reroute suggested
EVT449558,2025-08-20 20:54:45,Concert,J030,MG Road,8890,Weekday,False,Clear,False,0.0,False,False,0.525,Moderate,23.0,36.1,225.0,0.136,0.314,0.963,Moderate traffic flow - standard adaptive signal timing in effect
EVT449559,2025-05-10 18:49:21,Local Market Day,J031,Cubbon Road,8862,Weekend,False,Clear,False,0.0,False,False,0.829,Severe,12.0,58.2,551.8,0.222,0.513,0.95,Heavy congestion detected - signal timing extended and reroute suggested
EVT449560,2026-03-22 08:31:34,Local Market Day,J009,Majestic,4265,Weekend,False,Clear,False,0.0,False,False,0.88,Severe,12.2,61.7,384.1,0.171,0.395,0.93,Heavy congestion detected - signal timing extended and reroute suggested
EVT449561,2025-11-24 19:05:42,Trade Fair,J011,Indiranagar 100ft Road,9956,Weekday,False,Clear,False,0.0,False,False,1.0,Severe,8.4,70.6,603.7,0.189,0.436,0.905,Heavy congestion detected - signal timing extended and reroute suggested
EVT449562,2026-02-07 08:57:53,Trade Fair,J009,Majestic,10777,Weekend,False,Clear,False,0.0,False,False,0.98,Severe,9.0,67.5,230.0,0.092,0.213,0.894,Heavy congestion detected - signal timing extended and reroute suggested
EVT449563,2025-08-26 11:02:18,Local Market Day,J012,Koramangala Sony World,5026,Weekday,False,Light Rain,True,2.7,False,False,0.419,Moderate,23.5,31.9,135.3,0.084,0.194,0.882,Light rain detected - minor speed reduction advised
EVT449564,2025-09-02 12:37:15,Local Market Day,J030,MG Road,6249,Weekday,False,Clear,False,0.0,False,False,0.164,Low,31.6,16.7,115.9,0.097,0.223,0.977,Normal free-flow traffic - standard signal timing maintained
EVT449565,2026-05-28 19:02:19,Local Market Day,J030,MG Road,3259,Weekday,False,Clear,False,0.0,False,False,1.0,Severe,7.8,64.7,202.3,0.071,0.165,0.901,Heavy congestion detected - signal timing extended and reroute suggested
EVT449566,2025-10-04 16:09:58,Sports Fixture,J011,Indiranagar 100ft Road,14038,Weekend,False,Clear,False,0.0,False,False,0.49,Moderate,20.2,36.6,204.5,0.127,0.294,0.974,Moderate traffic flow - standard adaptive signal timing in effect
EVT449567,2025-03-03 18:40:05,Trade Fair,J011,Indiranagar 100ft Road,10315,Weekday,False,Clear,False,0.0,False,False,1.0,Severe,5.6,74.0,600.4,0.16,0.37,0.934,Heavy congestion detected - signal timing extended and reroute suggested
EVT449568,2026-05-26 12:17:39,Sports Fixture,J023,Basavanagudi,10164,Weekday,False,Clear,False,0.0,False,False,0.173,Low,32.7,11.3,136.0,0.12,0.277,0.952,Normal free-flow traffic - standard signal timing maintained
EVT449569,2025-10-10 16:01:46,Trade Fair,J012,Koramangala Sony World,4474,Weekday,False,Clear,False,0.0,False,False,0.485,Moderate,27.7,39.7,217.4,0.162,0.375,0.955,Moderate traffic flow - standard adaptive signal timing in effect
EVT449570,2026-05-28 21:02:05,Concert,J031,Cubbon Road,18998,Weekday,False,Clear,False,0.0,False,False,0.531,Moderate,23.6,36.7,159.3,0.118,0.274,0.985,Moderate traffic flow - standard adaptive signal timing in effect
EVT449571,2026-06-29 19:38:17,Political Rally,J031,Cubbon Road,14642,Weekday,False,Light Rain,True,6.2,False,False,0.954,Severe,9.8,64.1,446.7,0.177,0.408,0.897,Heavy rain reducing visibility and grip - reduced speed and longer buffer advised
EVT449572,2025-04-16 23:59:05,Political Rally,J009,Majestic,24188,Weekday,False,Fog,False,0.0,False,False,0.314,Low,30.6,21.1,196.3,0.168,0.388,0.95,Moderate traffic flow - standard adaptive signal timing in effect
EVT449573,2025-07-16 14:22:12,Trade Fair,J011,Indiranagar 100ft Road,4348,Weekday,False,Clear,False,0.0,False,False,0.264,Low,25.7,19.1,142.9,0.08,0.186,0.975,Moderate traffic flow - standard adaptive signal timing in effect
EVT449574,2025-05-27 07:46:47,Local Market Day,J023,Basavanagudi,3788,Weekday,False,Clear,False,0.0,False,False,0.716,High,18.9,58.4,253.3,0.16,0.37,0.979,Moderate traffic flow - standard adaptive signal timing in effect
EVT449575,2026-03-18 12:35:40,Sports Fixture,J023,Basavanagudi,14424,Weekday,False,Clear,False,0.0,False,False,0.261,Low,40.0,24.9,158.5,0.153,0.353,0.969,Moderate traffic flow - standard adaptive signal timing in effect
EVT449576,2026-05-09 20:06:05,Local Market Day,J031,Cubbon Road,3913,Weekend,False,Clear,False,0.0,False,False,0.698,High,19.6,48.1,269.4,0.185,0.427,0.928,Moderate traffic flow - standard adaptive signal timing in effect
EVT449577,2025-12-26 18:13:06,Fireworks Display,J030,MG Road,30904,Weekday,True,Clear,False,0.0,False,False,1.0,Severe,7.8,76.4,795.7,0.259,0.598,0.855,Festival crowd surge detected - alternate route and extended cycle recommended
EVT449578,2026-06-12 07:43:09,Local Market Day,J012,Koramangala Sony World,5175,Weekday,False,Clear,False,0.0,False,False,0.718,High,19.7,45.7,223.0,0.165,0.382,0.961,Moderate traffic flow - standard adaptive signal timing in effect
EVT449579,2026-03-01 19:59:47,Concert,J031,Cubbon Road,11100,Weekend,False,Clear,False,0.0,False,False,0.747,High,16.1,53.1,186.1,0.104,0.24,0.967,Moderate traffic flow - standard adaptive signal timing in effect
EVT449580,2025-01-24 07:21:55,Sports Fixture,J009,Majestic,24210,Weekday,False,Clear,False,0.0,False,False,0.661,High,21.6,40.1,237.6,0.158,0.366,0.964,Moderate traffic flow - standard adaptive signal timing in effect
EVT449581,2025-04-05 22:23:11,Trade Fair,J020,Malleshwaram Circle,7208,Weekend,False,Clear,False,0.0,False,False,0.29,Low,26.1,25.4,98.4,0.073,0.169,0.947,Moderate traffic flow - standard adaptive signal timing in effect
EVT449582,2025-01-13 20:47:55,Sports Fixture,J031,Cubbon Road,20311,Weekday,False,Clear,False,0.0,False,False,0.684,High,22.7,53.0,310.1,0.23,0.531,0.962,Moderate traffic flow - standard adaptive signal timing in effect
EVT449583,2026-04-14 18:57:17,Cultural Procession,J031,Cubbon Road,25854,Weekday,True,Fog,False,0.0,False,False,1.0,Severe,9.8,74.8,518.5,0.185,0.427,0.862,Festival crowd surge detected - alternate route and extended cycle recommended
EVT449584,2026-03-06 18:13:24,Political Rally,J020,Malleshwaram Circle,7862,Weekday,False,Clear,False,0.0,False,False,1.0,Severe,7.9,78.8,711.3,0.232,0.537,0.937,Heavy congestion detected - signal timing extended and reroute suggested
EVT449585,2025-04-15 09:58:14,Religious Festival,J011,Indiranagar 100ft Road,43510,Weekday,True,Clear,False,0.0,False,False,1.0,Severe,7.2,71.9,466.5,0.142,0.328,0.846,Festival crowd surge detected - alternate route and extended cycle recommended
EVT449586,2025-02-13 12:16:43,Local Market Day,J030,MG Road,1985,Weekday,False,Clear,False,0.0,False,False,0.205,Low,32.6,21.2,148.7,0.132,0.304,0.959,Normal free-flow traffic - standard signal timing maintained
EVT449587,2025-11-13 20:15:30,Concert,J031,Cubbon Road,11309,Weekday,False,Clear,False,0.0,False,False,0.675,High,14.4,48.6,368.0,0.175,0.404,0.965,Moderate traffic flow - standard adaptive signal timing in effect
EVT449588,2025-02-03 11:57:11,Sports Fixture,J012,Koramangala Sony World,24612,Weekday,False,Fog,False,0.0,False,False,0.345,Low,29.3,24.6,176.6,0.132,0.304,0.979,Moderate traffic flow - standard adaptive signal timing in effect
EVT449589,2025-01-09 17:57:04,Trade Fair,J012,Koramangala Sony World,6011,Weekday,False,Clear,False,0.0,False,False,0.954,Severe,10.9,72.0,439.4,0.194,0.448,0.909,Heavy congestion detected - signal timing extended and reroute suggested
EVT449590,2025-10-07 18:50:14,Sports Fixture,J023,Basavanagudi,21266,Weekday,False,Clear,False,0.0,False,False,1.0,Severe,8.4,78.1,608.2,0.212,0.489,0.904,Heavy congestion detected - signal timing extended and reroute suggested
EVT449591,2025-07-22 18:35:33,Concert,J009,Majestic,13273,Weekday,False,Clear,False,0.0,False,False,1.0,Severe,7.3,73.4,640.7,0.187,0.433,0.915,Heavy congestion detected - signal timing extended and reroute suggested
EVT449592,2026-03-01 14:41:01,Local Market Day,J030,MG Road,3187,Weekend,False,Clear,False,0.0,False,False,0.321,Low,29.5,30.7,137.5,0.098,0.226,0.951,Moderate traffic flow - standard adaptive signal timing in effect
EVT449593,2026-03-18 11:04:28,Concert,J031,Cubbon Road,9489,Weekday,False,Rain,True,9.0,False,False,0.575,High,23.6,44.6,254.8,0.191,0.44,0.94,Heavy rain reducing visibility and grip - reduced speed and longer buffer advised
EVT449594,2026-01-22 16:52:36,Concert,J031,Cubbon Road,6767,Weekday,False,Clear,False,0.0,False,False,0.737,High,17.6,54.2,240.1,0.149,0.344,0.961,Moderate traffic flow - standard adaptive signal timing in effect
EVT449595,2026-01-27 19:01:38,Cultural Procession,J011,Indiranagar 100ft Road,12444,Weekday,True,Clear,False,0.0,False,False,1.0,Severe,9.2,78.5,691.7,0.248,0.573,0.885,Festival crowd surge detected - alternate route and extended cycle recommended
EVT449596,2025-05-22 04:34:20,Concert,J020,Malleshwaram Circle,26399,Weekday,False,Clear,False,0.0,False,False,0.271,Low,25.7,16.2,98.1,0.069,0.159,0.961,Moderate traffic flow - standard adaptive signal timing in effect
EVT449597,2026-02-18 18:44:34,Local Market Day,J020,Malleshwaram Circle,7441,Weekday,False,Clear,False,0.0,False,False,1.0,Severe,8.7,70.1,548.5,0.188,0.434,0.894,Heavy congestion detected - signal timing extended and reroute suggested
EVT449598,2026-01-29 19:23:22,Concert,J009,Majestic,10831,Weekday,False,Clear,False,0.0,False,False,0.922,Severe,9.9,68.4,480.3,0.2,0.462,0.926,Heavy congestion detected - signal timing extended and reroute suggested
EVT449599,2026-03-08 09:16:07,Local Market Day,J030,MG Road,2511,Weekend,False,Clear,False,0.0,False,False,0.892,Severe,11.2,60.8,478.8,0.204,0.47,0.939,Heavy congestion detected - signal timing extended and reroute suggested
EVT449600,2025-08-01 13:06:19,Concert,J020,Malleshwaram Circle,7969,Weekday,False,Rain,True,21.4,False,False,0.401,Moderate,23.9,29.2,313.6,0.201,0.465,0.879,Light rain detected - minor speed reduction advised
EVT449601,2026-06-04 22:23:16,Sports Fixture,J031,Cubbon Road,30442,Weekday,False,Heavy Rain,True,33.9,False,False,0.726,High,17.4,55.2,346.8,0.217,0.502,0.911,Heavy rain reducing visibility and grip - reduced speed and longer buffer advised
EVT449602,2025-08-29 16:24:23,Concert,J031,Cubbon Road,13968,Weekday,False,Clear,False,0.0,False,False,0.51,Moderate,26.6,43.8,218.8,0.147,0.339,0.99,Moderate traffic flow - standard adaptive signal timing in effect
EVT449603,2025-05-13 18:14:07,Local Market Day,J009,Majestic,4724,Weekday,False,Rain,True,15.2,False,False,1.0,Severe,7.7,72.6,589.7,0.209,0.484,0.846,Heavy rain reducing visibility and grip - reduced speed and longer buffer advised
EVT449604,2026-01-31 07:30:47,Sports Fixture,J009,Majestic,22084,Weekend,False,Clear,False,0.0,False,False,0.684,High,19.1,46.6,163.2,0.096,0.222,0.977,Moderate traffic flow - standard adaptive signal timing in effect
EVT449605,2026-01-10 22:33:26,Trade Fair,J031,Cubbon Road,12446,Weekend,False,Fog,False,0.0,False,False,0.331,Low,31.8,25.1,133.5,0.141,0.327,0.971,Moderate traffic flow - standard adaptive signal timing in effect
EVT449606,2025-06-27 07:26:09,Concert,J020,Malleshwaram Circle,8153,Weekday,False,Heavy Rain,True,45.1,False,False,0.976,Severe,7.5,67.3,471.1,0.155,0.357,0.901,Heavy rain reducing visibility and grip - reduced speed and longer buffer advised
EVT449607,2025-03-04 09:22:52,Local Market Day,J040,City Market,4400,Weekday,False,Clear,False,0.0,False,False,1.0,Severe,8.3,64.5,700.8,0.215,0.498,0.952,Heavy congestion detected - signal timing extended and reroute suggested
EVT449608,2025-09-06 08:01:35,Cultural Procession,J023,Basavanagudi,21396,Weekend,True,Clear,False,0.0,False,True,1.0,Severe,8.1,106.2,368.2,0.131,0.304,0.805,Road closure for event/procession - full detour recommended for through-traffic
EVT449609,2026-01-20 22:20:20,Political Rally,J011,Indiranagar 100ft Road,9750,Weekday,False,Clear,False,0.0,False,False,0.231,Low,31.5,13.1,176.1,0.145,0.334,0.957,Normal free-flow traffic - standard signal timing maintained
EVT449610,2025-01-02 18:34:30,Concert,J023,Basavanagudi,20266,Weekday,False,Clear,False,0.0,False,False,1.0,Severe,9.4,70.7,568.9,0.212,0.489,0.934,Heavy congestion detected - signal timing extended and reroute suggested
EVT449611,2026-02-25 08:49:59,Concert,J012,Koramangala Sony World,10908,Weekday,False,Clear,False,0.0,False,False,1.0,Severe,8.9,73.4,746.6,0.262,0.605,0.906,Heavy congestion detected - signal timing extended and reroute suggested
EVT449612,2025-12-07 19:16:27,Political Rally,J020,Malleshwaram Circle,18257,Weekend,False,Clear,False,0.0,False,False,0.873,Severe,13.1,60.6,297.7,0.138,0.319,0.922,Heavy congestion detected - signal timing extended and reroute suggested
EVT449613,2025-09-05 14:32:25,Fireworks Display,J040,City Market,35719,Weekday,True,Rain,True,20.0,False,False,0.905,Severe,10.2,63.0,514.2,0.216,0.5,0.83,Festival crowd surge detected - alternate route and extended cycle recommended
EVT449614,2025-01-13 16:06:25,Concert,J012,Koramangala Sony World,9989,Weekday,False,Clear,False,0.0,False,False,0.452,Moderate,23.9,36.0,180.2,0.124,0.287,0.99,Moderate traffic flow - standard adaptive signal timing in effect
EVT449615,2026-01-15 05:00:11,Fireworks Display,J012,Koramangala Sony World,25888,Weekday,True,Clear,False,0.0,False,False,0.504,Moderate,23.0,34.0,179.7,0.112,0.258,0.904,Festival crowd surge detected - alternate route and extended cycle recommended
EVT449616,2025-03-27 10:30:25,Political Rally,J020,Malleshwaram Circle,15604,Weekday,False,Clear,False,0.0,False,False,0.633,High,22.3,44.2,278.6,0.165,0.382,0.967,Moderate traffic flow - standard adaptive signal timing in effect
EVT449617,2025-05-26 17:44:04,Concert,J009,Majestic,14141,Weekday,False,Clear,False,0.0,False,False,0.989,Severe,8.1,63.7,438.4,0.149,0.345,0.89,Heavy congestion detected - signal timing extended and reroute suggested
EVT449618,2025-08-04 13:56:52,Trade Fair,J030,MG Road,7997,Weekday,False,Clear,False,0.0,False,False,0.238,Low,33.9,21.0,138.5,0.134,0.31,0.99,Normal free-flow traffic - standard signal timing maintained
EVT449619,2026-06-03 07:59:12,Local Market Day,J030,MG Road,4517,Weekday,False,Clear,False,0.0,False,False,0.747,High,10.3,53.0,516.5,0.2,0.462,0.975,Moderate traffic flow - standard adaptive signal timing in effect
EVT449620,2026-04-10 07:04:37,Trade Fair,J030,MG Road,6597,Weekday,False,Clear,False,0.0,False,False,0.505,Moderate,24.6,37.9,97.7,0.075,0.173,0.956,Moderate traffic flow - standard adaptive signal timing in effect
EVT449621,2026-06-22 13:07:57,Sports Fixture,J030,MG Road,21278,Weekday,False,Rain,True,23.6,False,False,0.505,Moderate,27.1,30.0,121.2,0.085,0.197,0.913,Light rain detected - minor speed reduction advised
EVT449622,2025-03-25 19:46:52,Concert,J023,Basavanagudi,15270,Weekday,False,Light Rain,True,2.3,False,False,0.943,Severe,10.0,75.5,461.8,0.188,0.435,0.908,Heavy rain reducing visibility and grip - reduced speed and longer buffer advised
EVT449623,2025-11-01 13:24:19,Cultural Procession,J030,MG Road,9612,Weekend,True,Clear,False,0.0,False,True,0.709,High,18.5,65.1,340.9,0.215,0.496,0.873,Road closure for event/procession - full detour recommended for through-traffic
EVT449624,2025-03-22 21:33:09,Sports Fixture,J023,Basavanagudi,17701,Weekend,False,Clear,False,0.0,False,False,0.432,Moderate,26.1,30.7,93.3,0.053,0.122,0.982,Moderate traffic flow - standard adaptive signal timing in effect
EVT449625,2025-05-22 13:28:40,Local Market Day,J030,MG Road,4785,Weekday,False,Clear,False,0.0,False,False,0.21,Low,39.3,18.2,122.9,0.124,0.287,0.981,Normal free-flow traffic - standard signal timing maintained
EVT449626,2025-04-01 15:47:15,Concert,J020,Malleshwaram Circle,11254,Weekday,False,Clear,False,0.0,False,False,0.331,Low,36.5,22.1,145.7,0.141,0.326,0.969,Moderate traffic flow - standard adaptive signal timing in effect
EVT449627,2025-06-19 09:10:17,Trade Fair,J020,Malleshwaram Circle,9277,Weekday,False,Clear,False,0.0,False,False,1.0,Severe,7.3,71.9,564.3,0.195,0.451,0.955,Heavy congestion detected - signal timing extended and reroute suggested
EVT449628,2025-03-31 17:29:42,Religious Festival,J009,Majestic,43948,Weekday,True,Clear,False,0.0,False,True,1.0,Severe,8.8,100.0,568.8,0.206,0.475,0.817,Road closure for event/procession - full detour recommended for through-traffic
EVT449629,2026-05-29 17:07:51,Concert,J009,Majestic,9303,Weekday,False,Clear,False,0.0,False,False,0.778,Severe,15.9,63.7,247.0,0.143,0.33,0.941,Heavy congestion detected - signal timing extended and reroute suggested
EVT449630,2025-12-09 10:14:39,Political Rally,J031,Cubbon Road,13232,Weekday,False,Clear,False,0.0,False,False,0.814,Severe,15.8,47.2,267.5,0.153,0.353,0.959,Heavy congestion detected - signal timing extended and reroute suggested
EVT449631,2025-06-21 09:00:28,Concert,J040,City Market,11469,Weekend,False,Rain,True,20.9,False,False,1.0,Severe,8.0,74.9,695.1,0.231,0.533,0.869,Heavy rain reducing visibility and grip - reduced speed and longer buffer advised
EVT449632,2026-06-16 17:01:41,Concert,J031,Cubbon Road,20033,Weekday,False,Clear,False,0.0,False,False,0.846,Severe,17.1,64.3,335.7,0.22,0.508,0.948,Heavy congestion detected - signal timing extended and reroute suggested
EVT449633,2026-05-02 17:33:54,Religious Festival,J020,Malleshwaram Circle,53068,Weekend,True,Clear,False,0.0,False,True,1.0,Severe,8.3,95.7,861.2,0.306,0.708,0.829,Road closure for event/procession - full detour recommended for through-traffic
EVT449634,2026-05-08 18:40:49,Political Rally,J011,Indiranagar 100ft Road,13113,Weekday,False,Clear,False,0.0,False,False,1.0,Severe,7.6,70.8,800.6,0.252,0.582,0.92,Heavy congestion detected - signal timing extended and reroute suggested
EVT449635,2025-12-25 08:42:13,Cultural Procession,J009,Majestic,19070,Weekday,True,Clear,False,0.0,False,True,1.0,Severe,8.1,94.7,486.7,0.184,0.425,0.843,Road closure for event/procession - full detour recommended for through-traffic
EVT449636,2026-03-30 08:57:57,Political Rally,J030,MG Road,19468,Weekday,False,Clear,False,0.0,False,False,1.0,Severe,8.7,68.8,771.3,0.272,0.627,0.924,Heavy congestion detected - signal timing extended and reroute suggested
EVT449637,2025-04-13 11:50:27,Local Market Day,J031,Cubbon Road,4792,Weekend,False,Clear,False,0.0,False,False,0.316,Low,34.9,21.8,166.3,0.151,0.35,0.963,Moderate traffic flow - standard adaptive signal timing in effect
EVT449638,2025-07-10 17:30:36,Concert,J020,Malleshwaram Circle,9817,Weekday,False,Rain,True,22.9,False,False,1.0,Severe,9.9,71.5,501.1,0.191,0.442,0.853,Heavy rain reducing visibility and grip - reduced speed and longer buffer advised
EVT449639,2025-03-31 16:38:00,Fireworks Display,J023,Basavanagudi,20551,Weekday,True,Clear,False,0.0,False,False,0.881,Severe,12.8,57.8,424.1,0.188,0.435,0.887,Festival crowd surge detected - alternate route and extended cycle recommended
EVT449640,2025-10-03 14:32:45,Fireworks Display,J023,Basavanagudi,35096,Weekday,True,Light Rain,True,7.4,False,False,0.696,High,18.9,52.8,140.4,0.085,0.196,0.852,Festival crowd surge detected - alternate route and extended cycle recommended
EVT449641,2025-06-30 07:41:36,Local Market Day,J031,Cubbon Road,6460,Weekday,False,Rain,True,8.2,False,False,0.844,Severe,12.4,61.6,417.9,0.199,0.459,0.888,Heavy rain reducing visibility and grip - reduced speed and longer buffer advised
EVT449642,2025-12-01 08:35:04,Trade Fair,J023,Basavanagudi,7651,Weekday,False,Clear,False,0.0,False,False,1.0,Severe,9.6,73.9,409.9,0.17,0.392,0.897,Heavy congestion detected - signal timing extended and reroute suggested
EVT449643,2026-04-15 15:28:35,Religious Festival,J009,Majestic,36983,Weekday,True,Clear,False,0.0,False,True,0.899,High,13.4,88.2,201.3,0.103,0.238,0.825,Road closure for event/procession - full detour recommended for through-traffic
EVT449644,2025-10-10 18:29:35,Local Market Day,J031,Cubbon Road,4314,Weekday,False,Clear,False,0.0,False,False,0.966,Severe,9.1,67.0,725.4,0.267,0.618,0.94,Heavy congestion detected - signal timing extended and reroute suggested
EVT449645,2025-01-17 10:15:04,Local Market Day,J030,MG Road,3978,Weekday,False,Clear,False,0.0,False,False,0.749,High,14.9,57.9,218.8,0.101,0.233,0.99,Moderate traffic flow - standard adaptive signal timing in effect
EVT449646,2025-02-14 13:47:13,Trade Fair,J011,Indiranagar 100ft Road,4760,Weekday,False,Clear,False,0.0,False,False,0.151,Low,35.0,10.1,111.5,0.089,0.205,0.961,Normal free-flow traffic - standard signal timing maintained
EVT449647,2025-06-25 08:49:30,Sports Fixture,J040,City Market,31946,Weekday,False,Clear,False,0.0,False,False,1.0,Severe,7.2,66.8,708.6,0.217,0.502,0.932,Heavy congestion detected - signal timing extended and reroute suggested
EVT449648,2026-01-04 09:45:53,Concert,J023,Basavanagudi,15414,Weekend,False,Clear,False,0.0,False,False,0.807,Severe,17.3,58.4,343.6,0.193,0.446,0.949,Heavy congestion detected - signal timing extended and reroute suggested
EVT449649,2025-10-19 15:23:07,Trade Fair,J023,Basavanagudi,12356,Weekend,False,Clear,False,0.0,False,False,0.422,Moderate,30.4,32.4,216.0,0.198,0.456,0.976,Moderate traffic flow - standard adaptive signal timing in effect
EVT449650,2026-05-20 10:29:16,Trade Fair,J012,Koramangala Sony World,14159,Weekday,False,Light Rain,True,6.9,False,False,0.798,Severe,13.0,49.7,396.2,0.188,0.433,0.919,Heavy rain reducing visibility and grip - reduced speed and longer buffer advised
EVT449651,2025-05-24 07:15:36,Local Market Day,J030,MG Road,2752,Weekend,False,Clear,False,0.0,False,False,0.467,Moderate,25.7,33.7,189.4,0.116,0.269,0.945,Moderate traffic flow - standard adaptive signal timing in effect
EVT449652,2025-08-29 18:10:05,Trade Fair,J009,Majestic,16287,Weekday,False,Light Rain,True,4.9,False,False,1.0,Severe,8.0,71.3,519.4,0.182,0.419,0.882,Heavy rain reducing visibility and grip - reduced speed and longer buffer advised
EVT449653,2025-07-03 18:53:55,Trade Fair,J009,Majestic,7571,Weekday,False,Clear,False,0.0,False,False,1.0,Severe,10.2,81.2,474.4,0.189,0.437,0.91,Heavy congestion detected - signal timing extended and reroute suggested
EVT449654,2025-06-13 16:05:30,Concert,J040,City Market,11613,Weekday,False,Clear,False,0.0,False,False,0.478,Moderate,25.7,27.2,162.8,0.13,0.301,0.967,Moderate traffic flow - standard adaptive signal timing in effect
EVT449655,2025-04-01 16:49:56,Local Market Day,J031,Cubbon Road,3390,Weekday,False,Clear,False,0.0,False,False,0.663,High,13.6,44.3,568.7,0.247,0.571,0.92,Moderate traffic flow - standard adaptive signal timing in effect
EVT449656,2026-04-23 09:19:58,Political Rally,J040,City Market,16074,Weekday,False,Clear,False,0.0,False,False,1.0,Severe,9.2,72.5,600.1,0.24,0.553,0.906,Heavy congestion detected - signal timing extended and reroute suggested
EVT449657,2025-10-27 07:45:30,Concert,J009,Majestic,25947,Weekday,False,Clear,False,0.0,False,False,0.752,Severe,12.2,53.4,355.7,0.134,0.31,0.973,Heavy congestion detected - signal timing extended and reroute suggested
EVT449658,2026-04-30 18:40:54,Sports Fixture,J020,Malleshwaram Circle,18363,Weekday,False,Clear,False,0.0,False,False,1.0,Severe,6.9,74.3,689.0,0.201,0.464,0.911,Heavy congestion detected - signal timing extended and reroute suggested
EVT449659,2025-10-07 05:54:55,Political Rally,J020,Malleshwaram Circle,15558,Weekday,False,Rain,True,9.8,False,False,0.434,Moderate,31.2,31.9,114.1,0.112,0.258,0.92,Light rain detected - minor speed reduction advised
EVT449660,2026-04-26 20:13:24,Trade Fair,J012,Koramangala Sony World,6897,Weekend,False,Clear,False,0.0,False,False,0.632,High,20.6,51.3,199.4,0.128,0.295,0.939,Moderate traffic flow - standard adaptive signal timing in effect
EVT449661,2025-03-14 19:00:35,Religious Festival,J030,MG Road,34205,Weekday,True,Fog,False,0.0,False,True,1.0,Severe,8.0,100.5,563.3,0.193,0.447,0.846,Road closure for event/procession - full detour recommended for through-traffic
EVT449662,2026-03-26 12:21:43,Religious Festival,J020,Malleshwaram Circle,48877,Weekday,True,Clear,False,0.0,True,False,1.0,Severe,10.0,76.4,686.6,0.26,0.601,0.736,Accident detected nearby - reroute and reduced speed advised
EVT449663,2025-02-20 20:42:31,Sports Fixture,J012,Koramangala Sony World,32677,Weekday,False,Clear,False,0.0,False,False,0.591,High,18.6,38.9,208.2,0.126,0.292,0.95,Moderate traffic flow - standard adaptive signal timing in effect
EVT449664,2025-07-31 11:56:28,Political Rally,J020,Malleshwaram Circle,20837,Weekday,False,Heavy Rain,True,29.6,False,False,0.717,High,21.1,54.5,357.1,0.231,0.534,0.916,Heavy rain reducing visibility and grip - reduced speed and longer buffer advised
EVT449665,2025-11-08 10:05:45,Local Market Day,J030,MG Road,3943,Weekend,False,Clear,False,0.0,False,False,0.766,Severe,10.1,54.9,620.5,0.236,0.544,0.949,Heavy congestion detected - signal timing extended and reroute suggested
EVT449666,2026-05-04 14:51:09,Sports Fixture,J020,Malleshwaram Circle,23446,Weekday,False,Clear,False,0.0,False,False,0.362,Moderate,24.8,27.6,215.6,0.142,0.327,0.958,Moderate traffic flow - standard adaptive signal timing in effect
EVT449667,2025-03-15 12:19:21,Cultural Procession,J031,Cubbon Road,14418,Weekend,True,Clear,False,0.0,False,False,0.548,Moderate,22.8,38.5,217.5,0.164,0.38,0.932,Festival crowd surge detected - alternate route and extended cycle recommended
EVT449668,2026-03-13 14:54:25,Local Market Day,J011,Indiranagar 100ft Road,3624,Weekday,False,Clear,False,0.0,False,False,0.303,Low,38.0,24.3,106.0,0.109,0.253,0.947,Moderate traffic flow - standard adaptive signal timing in effect
EVT449669,2025-11-11 13:54:00,Local Market Day,J011,Indiranagar 100ft Road,3527,Weekday,False,Clear,False,0.0,False,False,0.24,Low,29.5,18.9,79.9,0.045,0.104,0.957,Normal free-flow traffic - standard signal timing maintained
EVT449670,2025-07-12 16:07:20,Political Rally,J023,Basavanagudi,18990,Weekend,False,Clear,False,0.0,False,False,0.571,High,23.3,44.1,268.6,0.193,0.446,0.968,Moderate traffic flow - standard adaptive signal timing in effect
EVT449671,2025-04-21 11:06:41,Political Rally,J011,Indiranagar 100ft Road,22601,Weekday,False,Clear,False,0.0,False,False,0.473,Moderate,26.5,34.4,330.0,0.243,0.56,0.988,Moderate traffic flow - standard adaptive signal timing in effect
EVT449672,2025-04-05 18:43:06,Sports Fixture,J009,Majestic,21966,Weekend,False,Clear,False,0.0,False,False,0.931,Severe,11.1,70.9,611.4,0.25,0.577,0.92,Heavy congestion detected - signal timing extended and reroute suggested
EVT449673,2026-04-10 22:30:23,Trade Fair,J020,Malleshwaram Circle,4844,Weekday,False,Clear,False,0.0,False,False,0.257,Low,30.3,20.2,213.3,0.186,0.43,0.99,Moderate traffic flow - standard adaptive signal timing in effect
EVT449674,2025-07-28 17:05:19,Local Market Day,J040,City Market,4511,Weekday,False,Clear,False,0.0,False,False,0.75,Severe,15.4,49.8,217.7,0.131,0.302,0.958,Heavy congestion detected - signal timing extended and reroute suggested
EVT449675,2025-08-23 17:01:13,Local Market Day,J012,Koramangala Sony World,4588,Weekend,False,Rain,True,14.1,False,False,0.825,Severe,12.1,58.0,321.9,0.154,0.355,0.925,Heavy rain reducing visibility and grip - reduced speed and longer buffer advised
EVT449676,2025-05-26 20:56:12,Local Market Day,J031,Cubbon Road,4481,Weekday,False,Rain,True,10.8,False,False,0.589,High,23.6,35.9,231.8,0.185,0.427,0.91,Heavy rain reducing visibility and grip - reduced speed and longer buffer advised
EVT449677,2025-06-01 09:54:40,Political Rally,J009,Majestic,15995,Weekend,False,Rain,True,16.9,False,False,1.0,Severe,7.7,72.0,551.1,0.17,0.392,0.879,Heavy rain reducing visibility and grip - reduced speed and longer buffer advised
EVT449678,2025-12-09 15:01:21,Political Rally,J009,Majestic,12180,Weekday,False,Clear,False,0.0,False,False,0.329,Low,27.0,18.7,123.0,0.079,0.182,0.967,Moderate traffic flow - standard adaptive signal timing in effect
EVT449679,2025-12-17 18:18:39,Concert,J023,Basavanagudi,11437,Weekday,False,Clear,False,0.0,False,False,1.0,Severe,7.8,73.7,554.4,0.183,0.422,0.905,Heavy congestion detected - signal timing extended and reroute suggested
EVT449680,2026-04-12 18:57:22,Concert,J031,Cubbon Road,13147,Weekend,False,Clear,False,0.0,False,False,0.872,Severe,9.3,59.3,405.5,0.142,0.327,0.952,Heavy congestion detected - signal timing extended and reroute suggested
EVT449681,2025-08-25 18:14:09,Political Rally,J011,Indiranagar 100ft Road,9760,Weekday,False,Fog,False,0.0,False,False,1.0,Severe,8.5,62.1,455.3,0.162,0.374,0.91,Heavy congestion detected - signal timing extended and reroute suggested
EVT449682,2026-04-14 17:53:23,Cultural Procession,J031,Cubbon Road,15314,Weekday,True,Clear,False,0.0,False,False,1.0,Severe,6.4,74.3,394.7,0.118,0.272,0.882,Festival crowd surge detected - alternate route and extended cycle recommended
EVT449683,2025-11-22 21:09:47,Local Market Day,J009,Majestic,5903,Weekend,False,Light Rain,True,4.3,False,False,0.452,Moderate,26.3,32.3,227.0,0.176,0.406,0.925,Light rain detected - minor speed reduction advised
EVT449684,2025-08-11 07:06:42,Sports Fixture,J009,Majestic,18492,Weekday,False,Rain,True,18.7,False,False,0.755,Severe,15.9,47.8,384.4,0.215,0.496,0.93,Heavy rain reducing visibility and grip - reduced speed and longer buffer advised
EVT449685,2025-12-13 16:41:22,Local Market Day,J012,Koramangala Sony World,3399,Weekend,False,Fog,False,0.0,False,False,0.52,Moderate,19.1,36.4,129.2,0.092,0.213,0.965,Moderate traffic flow - standard adaptive signal timing in effect
EVT449686,2025-10-19 20:31:18,Trade Fair,J040,City Market,12669,Weekend,False,Clear,False,0.0,False,False,0.556,High,18.5,32.9,235.7,0.144,0.332,0.963,Moderate traffic flow - standard adaptive signal timing in effect
EVT449687,2025-01-09 18:03:34,Concert,J023,Basavanagudi,9480,Weekday,False,Clear,False,0.0,False,False,0.963,Severe,8.4,70.1,658.0,0.222,0.512,0.957,Heavy congestion detected - signal timing extended and reroute suggested
EVT449688,2025-09-30 12:57:57,Concert,J030,MG Road,15163,Weekday,False,Clear,False,0.0,False,False,0.203,Low,33.4,10.7,182.4,0.174,0.401,0.982,Normal free-flow traffic - standard signal timing maintained
EVT449689,2026-02-13 09:22:31,Trade Fair,J040,City Market,8044,Weekday,False,Clear,False,0.0,False,False,0.994,Severe,9.0,70.7,631.2,0.224,0.517,0.919,Heavy congestion detected - signal timing extended and reroute suggested
EVT449690,2025-06-21 21:33:01,Concert,J011,Indiranagar 100ft Road,19426,Weekend,False,Clear,False,0.0,False,False,0.433,Moderate,29.8,33.2,149.6,0.114,0.263,0.935,Moderate traffic flow - standard adaptive signal timing in effect
EVT449691,2025-03-02 06:55:51,Sports Fixture,J009,Majestic,34040,Weekend,False,Clear,False,0.0,False,False,0.593,High,21.4,41.3,199.2,0.132,0.306,0.967,Moderate traffic flow - standard adaptive signal timing in effect
EVT449692,2026-01-14 19:54:10,Religious Festival,J020,Malleshwaram Circle,45535,Weekday,True,Clear,False,0.0,False,False,1.0,Severe,9.4,77.2,343.0,0.139,0.321,0.885,Festival crowd surge detected - alternate route and extended cycle recommended
EVT449693,2025-02-25 06:00:10,Local Market Day,J020,Malleshwaram Circle,1930,Weekday,False,Clear,False,0.0,True,False,0.584,High,20.5,43.8,259.3,0.194,0.449,0.778,Accident detected nearby - reroute and reduced speed advised
EVT449694,2025-04-09 17:48:25,Political Rally,J031,Cubbon Road,14237,Weekday,False,Light Rain,True,3.7,False,False,1.0,Severe,7.6,67.0,574.6,0.187,0.432,0.897,Heavy rain reducing visibility and grip - reduced speed and longer buffer advised
EVT449695,2025-09-06 13:53:26,Fireworks Display,J009,Majestic,48073,Weekend,True,Clear,False,0.0,False,False,0.769,Severe,17.6,53.0,256.1,0.152,0.352,0.942,Festival crowd surge detected - alternate route and extended cycle recommended
EVT449696,2025-02-08 10:17:55,Concert,J031,Cubbon Road,14992,Weekend,False,Clear,False,0.0,False,False,0.697,High,21.2,48.3,303.2,0.201,0.465,0.977,Moderate traffic flow - standard adaptive signal timing in effect
EVT449697,2025-05-10 00:08:58,Concert,J040,City Market,6970,Weekend,False,Rain,True,12.0,False,False,0.414,Moderate,24.5,27.4,149.5,0.127,0.293,0.919,Light rain detected - minor speed reduction advised
EVT449698,2025-07-25 11:46:02,Concert,J031,Cubbon Road,10579,Weekday,False,Clear,False,0.0,False,False,0.306,Low,25.7,26.3,156.4,0.128,0.295,0.969,Moderate traffic flow - standard adaptive signal timing in effect
EVT449699,2026-04-03 09:17:06,Sports Fixture,J012,Koramangala Sony World,34486,Weekday,False,Clear,False,0.0,False,False,1.0,Severe,8.5,73.1,655.7,0.249,0.576,0.923,Heavy congestion detected - signal timing extended and reroute suggested
EVT449700,2026-05-23 07:27:27,Local Market Day,J031,Cubbon Road,3475,Weekend,False,Clear,False,0.0,False,False,0.494,Moderate,21.9,36.9,147.0,0.101,0.233,0.971,Moderate traffic flow - standard adaptive signal timing in effect
EVT449701,2025-12-04 08:07:39,Political Rally,J023,Basavanagudi,16658,Weekday,False,Clear,False,0.0,False,False,0.957,Severe,11.0,62.4,242.1,0.1,0.232,0.908,Heavy congestion detected - signal timing extended and reroute suggested
EVT449702,2025-10-31 19:21:22,Trade Fair,J011,Indiranagar 100ft Road,10316,Weekday,False,Clear,False,0.0,False,False,0.907,Severe,13.5,62.4,377.0,0.193,0.445,0.949,Heavy congestion detected - signal timing extended and reroute suggested
EVT449703,2026-02-18 11:46:44,Sports Fixture,J023,Basavanagudi,27341,Weekday,False,Clear,False,0.0,False,False,0.368,Moderate,33.5,21.7,174.7,0.154,0.355,0.984,Moderate traffic flow - standard adaptive signal timing in effect
EVT449704,2025-11-11 14:19:06,Local Market Day,J023,Basavanagudi,6208,Weekday,False,Clear,False,0.0,False,False,0.263,Low,35.3,23.0,69.3,0.058,0.134,0.966,Moderate traffic flow - standard adaptive signal timing in effect
EVT449705,2025-04-15 13:33:22,Religious Festival,J020,Malleshwaram Circle,46327,Weekday,True,Rain,True,15.9,False,True,0.967,Severe,8.7,82.5,954.7,0.347,0.801,0.799,Road closure for event/procession - full detour recommended for through-traffic
EVT449706,2026-04-13 13:00:54,Concert,J031,Cubbon Road,11311,Weekday,False,Clear,False,0.0,False,False,0.201,Low,40.2,16.6,78.2,0.077,0.178,0.977,Normal free-flow traffic - standard signal timing maintained
EVT449707,2026-04-27 08:45:01,Local Market Day,J040,City Market,3839,Weekday,False,Clear,False,0.0,False,False,1.0,Severe,8.4,71.6,343.4,0.127,0.293,0.899,Heavy congestion detected - signal timing extended and reroute suggested
EVT449708,2025-09-05 19:59:04,Fireworks Display,J020,Malleshwaram Circle,25264,Weekday,True,Rain,True,23.4,False,False,1.0,Severe,8.9,69.2,668.7,0.235,0.543,0.826,Festival crowd surge detected - alternate route and extended cycle recommended
EVT449709,2026-01-23 07:22:12,Sports Fixture,J040,City Market,17376,Weekday,False,Clear,False,0.0,False,False,0.672,High,22.1,43.9,143.6,0.091,0.211,0.978,Moderate traffic flow - standard adaptive signal timing in effect
EVT449710,2026-02-23 16:26:52,Local Market Day,J031,Cubbon Road,4189,Weekday,False,Clear,False,0.0,False,False,0.561,High,20.1,40.5,406.3,0.305,0.703,0.957,Moderate traffic flow - standard adaptive signal timing in effect
EVT449711,2025-07-26 12:53:50,Local Market Day,J011,Indiranagar 100ft Road,3531,Weekend,False,Clear,False,0.0,False,False,0.282,Low,27.1,21.5,133.2,0.102,0.235,0.985,Moderate traffic flow - standard adaptive signal timing in effect
EVT449712,2025-04-01 11:02:21,Political Rally,J011,Indiranagar 100ft Road,20023,Weekday,False,Clear,False,0.0,False,False,0.47,Moderate,23.5,43.6,291.4,0.199,0.46,0.934,Moderate traffic flow - standard adaptive signal timing in effect
EVT449713,2025-02-10 17:38:13,Trade Fair,J030,MG Road,12309,Weekday,False,Clear,False,0.0,False,False,1.0,Severe,7.8,67.5,840.3,0.258,0.595,0.921,Heavy congestion detected - signal timing extended and reroute suggested
EVT449714,2026-04-09 18:51:22,Concert,J031,Cubbon Road,11075,Weekday,False,Clear,False,0.0,False,False,0.986,Severe,6.5,74.8,462.8,0.133,0.308,0.913,Heavy congestion detected - signal timing extended and reroute suggested
EVT449715,2026-01-25 15:00:00,Concert,J040,City Market,16064,Weekend,False,Clear,False,0.0,False,False,0.372,Moderate,30.5,26.1,209.6,0.143,0.331,0.952,Moderate traffic flow - standard adaptive signal timing in effect
EVT449716,2025-04-02 07:07:56,Sports Fixture,J030,MG Road,19072,Weekday,False,Clear,False,0.0,False,False,0.536,Moderate,18.5,38.6,234.3,0.14,0.324,0.956,Moderate traffic flow - standard adaptive signal timing in effect
EVT449717,2025-03-07 19:42:20,Local Market Day,J031,Cubbon Road,3974,Weekday,False,Clear,False,0.0,False,False,0.769,Severe,14.2,48.6,312.1,0.148,0.341,0.934,Heavy congestion detected - signal timing extended and reroute suggested
EVT449718,2026-02-07 15:00:48,Local Market Day,J009,Majestic,2835,Weekend,False,Clear,False,0.0,False,False,0.288,Low,27.2,18.8,54.7,0.039,0.089,0.965,Moderate traffic flow - standard adaptive signal timing in effect
EVT449719,2026-01-18 08:25:33,Sports Fixture,J009,Majestic,21755,Weekend,False,Clear,False,0.0,False,False,1.0,Severe,6.3,78.2,1138.0,0.289,0.667,0.897,Heavy congestion detected - signal timing extended and reroute suggested
EVT449720,2026-05-14 08:50:14,Political Rally,J012,Koramangala Sony World,15910,Weekday,False,Clear,False,0.0,False,False,1.0,Severe,7.1,71.2,902.4,0.271,0.627,0.934,Heavy congestion detected - signal timing extended and reroute suggested
EVT449721,2025-06-04 16:47:12,Local Market Day,J011,Indiranagar 100ft Road,4302,Weekday,False,Clear,False,0.0,False,False,0.621,High,19.5,46.3,250.0,0.162,0.374,0.982,Moderate traffic flow - standard adaptive signal timing in effect
EVT449722,2026-04-14 00:42:35,Cultural Procession,J040,City Market,33954,Weekday,True,Clear,False,0.0,False,False,0.55,High,27.3,40.4,197.4,0.16,0.369,0.935,Festival crowd surge detected - alternate route and extended cycle recommended
EVT449723,2025-12-03 09:05:19,Political Rally,J012,Koramangala Sony World,24907,Weekday,False,Clear,False,0.0,False,False,1.0,Severe,9.1,74.4,858.9,0.301,0.695,0.924,Heavy congestion detected - signal timing extended and reroute suggested
EVT449724,2025-12-11 18:22:52,Concert,J011,Indiranagar 100ft Road,9764,Weekday,False,Clear,False,0.0,False,False,1.0,Severe,7.4,71.0,535.7,0.156,0.36,0.905,Heavy congestion detected - signal timing extended and reroute suggested
EVT449725,2025-01-16 13:27:54,Trade Fair,J020,Malleshwaram Circle,7362,Weekday,False,Clear,False,0.0,False,False,0.257,Low,28.3,13.9,161.6,0.128,0.295,0.964,Moderate traffic flow - standard adaptive signal timing in effect
EVT449726,2025-01-12 16:09:56,Local Market Day,J031,Cubbon Road,7463,Weekend,False,Clear,False,0.0,False,False,0.5,Moderate,24.1,39.7,288.0,0.205,0.473,0.976,Moderate traffic flow - standard adaptive signal timing in effect
EVT449727,2026-03-13 11:25:25,Sports Fixture,J031,Cubbon Road,56221,Weekday,False,Fog,False,0.0,False,False,0.581,High,20.0,50.2,217.7,0.127,0.293,0.958,Moderate traffic flow - standard adaptive signal timing in effect
EVT449728,2025-11-24 13:12:33,Political Rally,J011,Indiranagar 100ft Road,8501,Weekday,False,Clear,False,0.0,False,False,0.186,Low,36.9,12.0,67.6,0.088,0.204,0.973,Normal free-flow traffic - standard signal timing maintained
EVT449729,2025-10-06 13:46:01,Local Market Day,J012,Koramangala Sony World,5773,Weekday,False,Rain,True,14.7,False,False,0.319,Low,29.4,22.2,216.9,0.175,0.404,0.884,Light rain detected - minor speed reduction advised
EVT449730,2025-07-03 12:28:17,Sports Fixture,J023,Basavanagudi,18517,Weekday,False,Clear,False,0.0,False,False,0.299,Low,30.8,18.4,160.2,0.125,0.289,0.97,Moderate traffic flow - standard adaptive signal timing in effect
EVT449731,2025-11-22 20:40:29,Trade Fair,J009,Majestic,7049,Weekend,False,Clear,False,0.0,False,False,0.523,Moderate,22.5,35.9,243.7,0.155,0.358,0.987,Moderate traffic flow - standard adaptive signal timing in effect
EVT449732,2026-01-28 18:46:15,Sports Fixture,J040,City Market,24688,Weekday,False,Clear,False,0.0,False,False,1.0,Severe,8.1,63.6,324.6,0.117,0.271,0.909,Heavy congestion detected - signal timing extended and reroute suggested
EVT449733,2025-07-16 09:16:31,Local Market Day,J012,Koramangala Sony World,6168,Weekday,False,Heavy Rain,True,32.2,False,False,1.0,Severe,8.0,70.9,713.1,0.222,0.512,0.861,Heavy rain reducing visibility and grip - reduced speed and longer buffer advised
EVT449734,2026-03-02 06:00:13,Trade Fair,J031,Cubbon Road,10434,Weekday,False,Clear,False,0.0,False,False,0.253,Low,34.7,12.2,174.6,0.164,0.38,0.989,Moderate traffic flow - standard adaptive signal timing in effect
EVT449735,2026-03-02 07:14:04,Trade Fair,J023,Basavanagudi,9037,Weekday,False,Clear,False,0.0,False,False,0.5,Moderate,25.0,38.6,266.2,0.193,0.446,0.961,Moderate traffic flow - standard adaptive signal timing in effect
EVT449736,2025-01-03 08:12:19,Local Market Day,J031,Cubbon Road,7938,Weekday,False,Clear,False,0.0,False,False,0.871,Severe,10.7,56.9,476.3,0.202,0.466,0.937,Heavy congestion detected - signal timing extended and reroute suggested
EVT449737,2025-07-13 17:57:36,Sports Fixture,J040,City Market,18503,Weekend,False,Rain,True,19.7,False,False,1.0,Severe,11.0,72.6,319.5,0.166,0.384,0.886,Heavy rain reducing visibility and grip - reduced speed and longer buffer advised
EVT449738,2025-03-21 17:47:08,Concert,J031,Cubbon Road,14831,Weekday,False,Clear,False,0.0,False,False,1.0,Severe,7.1,70.8,753.4,0.211,0.487,0.931,Heavy congestion detected - signal timing extended and reroute suggested
EVT449739,2025-07-23 07:25:36,Political Rally,J031,Cubbon Road,16656,Weekday,False,Clear,False,0.0,False,False,0.68,High,11.0,50.8,420.6,0.165,0.382,0.982,Moderate traffic flow - standard adaptive signal timing in effect
EVT449740,2026-02-27 12:13:42,Trade Fair,J031,Cubbon Road,8985,Weekday,False,Clear,False,0.0,False,False,0.184,Low,29.2,17.2,138.8,0.085,0.197,0.979,Normal free-flow traffic - standard signal timing maintained
EVT449741,2025-03-27 09:29:53,Local Market Day,J020,Malleshwaram Circle,7019,Weekday,False,Clear,False,0.0,False,False,0.95,Severe,11.3,66.3,565.1,0.24,0.555,0.929,Heavy congestion detected - signal timing extended and reroute suggested
EVT449742,2026-06-08 21:07:59,Local Market Day,J040,City Market,5193,Weekday,False,Clear,False,0.0,False,False,0.416,Moderate,33.9,29.1,112.7,0.114,0.262,0.947,Moderate traffic flow - standard adaptive signal timing in effect
EVT449743,2026-03-04 16:07:40,Fireworks Display,J012,Koramangala Sony World,48008,Weekday,True,Clear,False,0.0,False,False,0.921,Severe,10.0,62.7,341.8,0.129,0.298,0.871,Festival crowd surge detected - alternate route and extended cycle recommended
EVT449744,2026-03-17 13:34:42,Political Rally,J009,Majestic,18984,Weekday,False,Clear,False,0.0,False,False,0.218,Low,28.9,12.4,171.6,0.133,0.308,0.939,Normal free-flow traffic - standard signal timing maintained
EVT449745,2025-07-14 17:37:29,Political Rally,J012,Koramangala Sony World,9501,Weekday,False,Rain,True,13.2,True,False,1.0,Severe,8.6,71.4,378.1,0.161,0.371,0.681,Accident detected nearby - reroute and reduced speed advised
EVT449746,2025-12-16 14:51:26,Local Market Day,J020,Malleshwaram Circle,2049,Weekday,False,Clear,False,0.0,False,False,0.27,Low,31.5,13.0,187.8,0.159,0.368,0.972,Moderate traffic flow - standard adaptive signal timing in effect
EVT449747,2025-09-12 17:42:27,Local Market Day,J012,Koramangala Sony World,4624,Weekday,False,Clear,False,0.0,False,False,0.859,Severe,13.0,58.3,374.2,0.194,0.447,0.955,Heavy congestion detected - signal timing extended and reroute suggested
EVT449748,2025-02-13 23:19:21,Political Rally,J040,City Market,12591,Weekday,False,Clear,False,0.0,False,False,0.236,Low,32.5,13.0,209.7,0.183,0.423,0.97,Normal free-flow traffic - standard signal timing maintained
EVT449749,2025-10-12 10:41:55,Concert,J040,City Market,8344,Weekend,False,Clear,False,0.0,False,False,0.619,High,22.9,50.2,116.1,0.079,0.182,0.985,Moderate traffic flow - standard adaptive signal timing in effect
EVT449750,2026-06-12 13:46:19,Political Rally,J023,Basavanagudi,17599,Weekday,False,Fog,False,0.0,False,False,0.207,Low,34.6,15.9,139.0,0.114,0.264,0.963,Normal free-flow traffic - standard signal timing maintained
EVT449751,2025-02-13 19:42:31,Political Rally,J012,Koramangala Sony World,16735,Weekday,False,Clear,False,0.0,False,False,0.789,Severe,16.6,63.0,314.3,0.178,0.411,0.96,Heavy congestion detected - signal timing extended and reroute suggested
EVT449752,2026-02-27 07:02:32,Sports Fixture,J020,Malleshwaram Circle,15789,Weekday,False,Clear,False,0.0,False,False,0.501,Moderate,24.3,26.9,210.2,0.154,0.355,0.959,Moderate traffic flow - standard adaptive signal timing in effect
EVT449753,2025-07-25 12:49:13,Local Market Day,J031,Cubbon Road,4061,Weekday,False,Fog,False,0.0,False,False,0.195,Low,32.0,17.0,140.9,0.104,0.239,0.966,Normal free-flow traffic - standard signal timing maintained
EVT449754,2025-09-10 16:04:18,Political Rally,J031,Cubbon Road,7022,Weekday,False,Heavy Rain,True,26.4,False,False,0.68,High,18.6,49.5,249.0,0.162,0.375,0.913,Heavy rain reducing visibility and grip - reduced speed and longer buffer advised
EVT449755,2025-11-09 17:52:55,Sports Fixture,J012,Koramangala Sony World,22970,Weekend,False,Clear,False,0.0,False,False,0.949,Severe,11.8,63.1,377.7,0.166,0.383,0.947,Heavy congestion detected - signal timing extended and reroute suggested
EVT449756,2025-10-11 23:39:36,Political Rally,J031,Cubbon Road,10794,Weekend,False,Clear,False,0.0,False,False,0.278,Low,33.5,20.0,175.0,0.148,0.342,0.982,Moderate traffic flow - standard adaptive signal timing in effect
EVT449757,2026-04-25 08:20:23,Sports Fixture,J020,Malleshwaram Circle,18115,Weekend,False,Rain,True,9.2,True,False,1.0,Severe,9.3,75.2,451.9,0.191,0.441,0.711,Accident detected nearby - reroute and reduced speed advised
EVT449758,2025-11-11 15:14:10,Local Market Day,J020,Malleshwaram Circle,5376,Weekday,False,Clear,False,0.0,False,False,0.321,Low,27.0,17.3,230.3,0.174,0.401,0.967,Moderate traffic flow - standard adaptive signal timing in effect
EVT449759,2025-10-27 14:54:27,Concert,J009,Majestic,9202,Weekday,False,Clear,False,0.0,False,False,0.252,Low,24.1,16.1,185.8,0.116,0.269,0.951,Moderate traffic flow - standard adaptive signal timing in effect
EVT449760,2025-11-24 07:27:25,Local Market Day,J020,Malleshwaram Circle,4945,Weekday,False,Clear,False,0.0,False,False,0.551,High,25.1,40.8,96.7,0.059,0.137,0.981,Moderate traffic flow - standard adaptive signal timing in effect
EVT449761,2025-03-17 21:37:06,Local Market Day,J020,Malleshwaram Circle,4082,Weekday,False,Clear,False,0.0,False,False,0.299,Low,36.2,23.2,130.4,0.123,0.284,0.99,Moderate traffic flow - standard adaptive signal timing in effect
EVT449762,2025-01-31 09:58:31,Concert,J012,Koramangala Sony World,13264,Weekday,False,Clear,False,0.0,False,False,0.891,Severe,11.8,54.6,481.3,0.221,0.511,0.945,Heavy congestion detected - signal timing extended and reroute suggested
EVT449763,2025-01-14 22:09:49,Fireworks Display,J040,City Market,19508,Weekday,True,Clear,False,0.0,False,False,0.61,High,20.4,44.5,244.5,0.165,0.38,0.908,Festival crowd surge detected - alternate route and extended cycle recommended
EVT449764,2026-01-25 14:37:22,Local Market Day,J009,Majestic,2312,Weekend,False,Clear,False,0.0,False,False,0.284,Low,30.8,23.7,207.4,0.176,0.407,0.988,Moderate traffic flow - standard adaptive signal timing in effect
EVT449765,2026-03-21 09:37:32,Trade Fair,J030,MG Road,7070,Weekend,False,Clear,False,0.0,False,False,0.878,Severe,12.6,62.5,314.8,0.14,0.324,0.934,Heavy congestion detected - signal timing extended and reroute suggested
EVT449766,2025-02-13 18:04:55,Political Rally,J012,Koramangala Sony World,11693,Weekday,False,Clear,False,0.0,False,False,0.997,Severe,8.8,67.4,558.6,0.219,0.506,0.915,Heavy congestion detected - signal timing extended and reroute suggested
EVT449767,2026-03-14 14:34:15,Political Rally,J012,Koramangala Sony World,16578,Weekend,False,Clear,False,0.0,False,False,0.317,Low,29.9,25.0,178.7,0.135,0.311,0.966,Moderate traffic flow - standard adaptive signal timing in effect
EVT449768,2025-04-28 18:41:33,Political Rally,J031,Cubbon Road,11256,Weekday,False,Clear,False,0.0,False,False,1.0,Severe,7.9,72.4,820.1,0.256,0.59,0.915,Heavy congestion detected - signal timing extended and reroute suggested
EVT449769,2026-01-27 07:06:29,Cultural Procession,J020,Malleshwaram Circle,12812,Weekday,True,Clear,False,0.0,False,False,0.658,High,19.0,45.1,291.3,0.178,0.411,0.901,Festival crowd surge detected - alternate route and extended cycle recommended
EVT449770,2025-01-13 16:27:04,Sports Fixture,J040,City Market,14011,Weekday,False,Clear,False,0.0,False,False,0.613,High,26.1,40.9,195.9,0.151,0.348,0.982,Moderate traffic flow - standard adaptive signal timing in effect
EVT449771,2025-12-04 13:52:13,Trade Fair,J023,Basavanagudi,9424,Weekday,False,Clear,False,0.0,False,False,0.287,Low,40.7,20.9,104.4,0.094,0.218,0.99,Moderate traffic flow - standard adaptive signal timing in effect
EVT449772,2025-05-17 13:35:56,Political Rally,J020,Malleshwaram Circle,12052,Weekend,False,Clear,False,0.0,False,False,0.291,Low,26.5,25.1,164.8,0.107,0.248,0.967,Moderate traffic flow - standard adaptive signal timing in effect
EVT449773,2025-08-11 19:53:04,Political Rally,J009,Majestic,25119,Weekday,False,Clear,False,0.0,False,False,0.85,Severe,13.2,62.7,244.7,0.123,0.283,0.933,Heavy congestion detected - signal timing extended and reroute suggested
EVT449774,2025-11-16 15:58:03,Trade Fair,J040,City Market,10117,Weekend,False,Clear,False,0.0,False,False,0.516,Moderate,26.5,33.6,234.9,0.184,0.426,0.951,Moderate traffic flow - standard adaptive signal timing in effect
EVT449775,2025-08-10 16:19:45,Sports Fixture,J009,Majestic,26252,Weekend,False,Heavy Rain,True,30.7,False,False,0.956,Severe,8.2,68.5,771.5,0.239,0.553,0.863,Heavy rain reducing visibility and grip - reduced speed and longer buffer advised
EVT449776,2025-04-11 20:11:31,Political Rally,J030,MG Road,25420,Weekday,False,Clear,False,0.0,False,False,0.803,Severe,11.8,60.7,486.0,0.182,0.42,0.968,Heavy congestion detected - signal timing extended and reroute suggested
EVT449777,2025-12-30 17:05:25,Concert,J031,Cubbon Road,10610,Weekday,False,Clear,False,0.0,False,False,0.785,Severe,11.8,57.3,454.6,0.19,0.44,0.954,Heavy congestion detected - signal timing extended and reroute suggested
EVT449778,2025-09-22 09:17:57,Concert,J023,Basavanagudi,9639,Weekday,False,Heavy Rain,True,25.2,False,False,1.0,Severe,8.9,68.0,393.8,0.157,0.364,0.867,Heavy rain reducing visibility and grip - reduced speed and longer buffer advised
EVT449779,2026-05-13 19:11:29,Local Market Day,J031,Cubbon Road,3709,Weekday,False,Clear,False,0.0,False,False,0.95,Severe,8.1,63.0,476.4,0.168,0.387,0.902,Heavy congestion detected - signal timing extended and reroute suggested
EVT449780,2025-04-11 08:46:19,Sports Fixture,J020,Malleshwaram Circle,21326,Weekday,False,Clear,False,0.0,False,False,1.0,Severe,10.8,73.1,419.0,0.208,0.481,0.902,Heavy congestion detected - signal timing extended and reroute suggested
EVT449781,2026-03-06 20:42:15,Local Market Day,J031,Cubbon Road,4365,Weekday,False,Clear,False,0.0,False,False,0.522,Moderate,24.3,32.1,226.8,0.189,0.436,0.948,Moderate traffic flow - standard adaptive signal timing in effect
EVT449782,2025-09-09 16:12:46,Local Market Day,J020,Malleshwaram Circle,2961,Weekday,False,Rain,True,17.3,False,False,0.691,High,18.4,51.3,194.3,0.112,0.258,0.897,Heavy rain reducing visibility and grip - reduced speed and longer buffer advised
EVT449783,2026-04-22 18:38:11,Concert,J023,Basavanagudi,10079,Weekday,False,Clear,False,0.0,False,False,1.0,Severe,8.7,64.2,847.7,0.268,0.62,0.919,Heavy congestion detected - signal timing extended and reroute suggested
EVT449784,2025-05-10 14:15:08,Trade Fair,J012,Koramangala Sony World,6397,Weekend,False,Clear,False,0.0,False,False,0.242,Low,38.9,18.9,129.2,0.142,0.328,0.956,Normal free-flow traffic - standard signal timing maintained
EVT449785,2025-02-13 15:38:49,Trade Fair,J023,Basavanagudi,6585,Weekday,False,Clear,False,0.0,False,False,0.374,Moderate,33.5,26.3,182.5,0.18,0.415,0.943,Moderate traffic flow - standard adaptive signal timing in effect
EVT449786,2026-01-20 09:51:14,Local Market Day,J040,City Market,3381,Weekday,False,Clear,False,0.0,False,False,0.814,Severe,13.5,57.9,418.6,0.2,0.462,0.946,Heavy congestion detected - signal timing extended and reroute suggested
EVT449787,2025-10-23 17:54:28,Local Market Day,J011,Indiranagar 100ft Road,3615,Weekday,False,Clear,False,0.0,False,False,0.955,Severe,10.0,66.0,381.9,0.144,0.333,0.915,Heavy congestion detected - signal timing extended and reroute suggested
EVT449788,2026-04-30 17:23:05,Local Market Day,J009,Majestic,4683,Weekday,False,Clear,False,0.0,False,False,0.904,Severe,7.6,62.7,361.7,0.112,0.259,0.922,Heavy congestion detected - signal timing extended and reroute suggested
EVT449789,2025-10-31 08:37:42,Concert,J011,Indiranagar 100ft Road,14899,Weekday,False,Clear,False,0.0,True,False,1.0,Severe,6.7,75.7,451.4,0.124,0.286,0.779,Accident detected nearby - reroute and reduced speed advised
EVT449790,2026-05-13 22:54:11,Concert,J012,Koramangala Sony World,7831,Weekday,False,Clear,False,0.0,False,False,0.137,Low,39.8,10.6,110.9,0.116,0.268,0.963,Normal free-flow traffic - standard signal timing maintained
EVT449791,2025-06-25 05:00:34,Sports Fixture,J031,Cubbon Road,30989,Weekday,False,Clear,False,0.0,False,False,0.301,Low,34.6,15.6,70.8,0.088,0.203,0.968,Moderate traffic flow - standard adaptive signal timing in effect
EVT449792,2025-05-02 09:37:53,Cultural Procession,J023,Basavanagudi,13246,Weekday,True,Fog,False,0.0,False,False,1.0,Severe,7.8,78.1,690.3,0.222,0.512,0.884,Festival crowd surge detected - alternate route and extended cycle recommended
EVT449793,2025-09-23 19:58:24,Trade Fair,J011,Indiranagar 100ft Road,9468,Weekday,False,Rain,True,8.2,False,False,0.891,Severe,13.3,61.5,384.1,0.195,0.451,0.894,Heavy rain reducing visibility and grip - reduced speed and longer buffer advised
EVT449794,2025-03-26 07:48:03,Local Market Day,J040,City Market,6108,Weekday,False,Clear,False,0.0,False,False,0.717,High,17.8,53.7,330.4,0.174,0.401,0.982,Moderate traffic flow - standard adaptive signal timing in effect
EVT449795,2026-03-17 14:36:37,Local Market Day,J040,City Market,3458,Weekday,False,Clear,False,0.0,False,False,0.238,Low,34.2,12.9,154.2,0.14,0.323,0.99,Normal free-flow traffic - standard signal timing maintained
EVT449796,2025-05-27 09:32:02,Local Market Day,J012,Koramangala Sony World,2881,Weekday,False,Clear,False,0.0,False,False,0.886,Severe,7.2,59.9,423.2,0.135,0.312,0.913,Heavy congestion detected - signal timing extended and reroute suggested
EVT449797,2025-02-14 07:51:02,Sports Fixture,J020,Malleshwaram Circle,22568,Weekday,False,Clear,False,0.0,False,False,0.88,Severe,13.6,58.6,593.5,0.308,0.712,0.934,Heavy congestion detected - signal timing extended and reroute suggested
EVT449798,2025-11-24 07:35:44,Sports Fixture,J009,Majestic,20238,Weekday,False,Clear,False,0.0,False,False,0.719,High,15.1,51.9,475.8,0.248,0.573,0.961,Moderate traffic flow - standard adaptive signal timing in effect
EVT449799,2026-03-26 06:05:22,Cultural Procession,J009,Majestic,18711,Weekday,True,Clear,False,0.0,False,True,0.656,Moderate,22.9,73.9,266.9,0.192,0.444,0.91,Road closure for event/procession - full detour recommended for through-traffic
EVT449800,2025-02-23 06:05:08,Local Market Day,J009,Majestic,3670,Weekend,False,Clear,False,0.0,False,False,0.309,Low,21.4,30.9,174.2,0.084,0.193,0.962,Moderate traffic flow - standard adaptive signal timing in effect
EVT449801,2026-04-12 11:02:30,Trade Fair,J011,Indiranagar 100ft Road,8506,Weekend,False,Clear,False,0.0,False,False,0.452,Moderate,24.1,33.5,251.6,0.183,0.422,0.968,Moderate traffic flow - standard adaptive signal timing in effect
EVT449802,2026-03-12 11:04:00,Sports Fixture,J040,City Market,21116,Weekday,False,Clear,False,0.0,False,False,0.551,High,25.9,38.1,133.0,0.101,0.233,0.954,Moderate traffic flow - standard adaptive signal timing in effect
EVT449803,2025-09-05 15:35:47,Religious Festival,J031,Cubbon Road,39024,Weekday,True,Clear,False,0.0,False,True,0.985,Severe,8.8,92.7,426.7,0.184,0.426,0.829,Road closure for event/procession - full detour recommended for through-traffic
EVT449804,2026-01-10 23:21:29,Concert,J011,Indiranagar 100ft Road,15429,Weekend,False,Clear,False,0.0,False,False,0.397,Moderate,26.2,26.1,92.8,0.06,0.138,0.978,Moderate traffic flow - standard adaptive signal timing in effect
EVT449805,2026-06-11 19:12:07,Local Market Day,J011,Indiranagar 100ft Road,6084,Weekday,False,Light Rain,True,2.8,False,False,1.0,Severe,8.3,70.8,770.3,0.259,0.599,0.867,Heavy rain reducing visibility and grip - reduced speed and longer buffer advised
EVT449806,2025-05-07 11:10:08,Political Rally,J020,Malleshwaram Circle,23620,Weekday,False,Clear,False,0.0,False,False,0.529,Moderate,24.3,43.3,167.1,0.115,0.265,0.956,Moderate traffic flow - standard adaptive signal timing in effect
EVT449807,2026-06-21 07:33:56,Concert,J030,MG Road,19513,Weekend,False,Clear,False,0.0,False,False,0.664,High,13.9,50.9,389.4,0.16,0.369,0.962,Moderate traffic flow - standard adaptive signal timing in effect
EVT449808,2026-03-12 18:53:12,Concert,J040,City Market,9747,Weekday,False,Clear,False,0.0,False,False,1.0,Severe,8.4,70.1,712.2,0.239,0.552,0.918,Heavy congestion detected - signal timing extended and reroute suggested
EVT449809,2025-06-04 19:43:31,Sports Fixture,J012,Koramangala Sony World,20398,Weekday,False,Clear,False,0.0,False,False,0.926,Severe,11.3,68.8,247.8,0.122,0.281,0.933,Heavy congestion detected - signal timing extended and reroute suggested
EVT449810,2025-10-02 14:59:34,Religious Festival,J020,Malleshwaram Circle,39768,Weekday,True,Clear,False,0.0,False,True,0.813,High,14.9,87.8,313.9,0.172,0.397,0.897,Road closure for event/procession - full detour recommended for through-traffic
EVT449811,2025-11-28 08:19:37,Political Rally,J030,MG Road,18606,Weekday,False,Clear,False,0.0,False,False,0.959,Severe,10.8,67.5,201.5,0.096,0.222,0.927,Heavy congestion detected - signal timing extended and reroute suggested
EVT449812,2025-06-28 19:01:37,Concert,J023,Basavanagudi,12439,Weekend,False,Fog,False,0.0,False,False,0.853,Severe,15.8,59.1,244.7,0.148,0.342,0.945,Heavy congestion detected - signal timing extended and reroute suggested
EVT449813,2025-03-02 07:30:22,Sports Fixture,J012,Koramangala Sony World,37465,Weekend,False,Clear,False,0.0,False,False,0.819,Severe,16.9,59.3,342.8,0.214,0.495,0.949,Heavy congestion detected - signal timing extended and reroute suggested
EVT449814,2025-02-11 16:59:06,Concert,J030,MG Road,12907,Weekday,False,Clear,False,0.0,False,False,0.749,High,18.4,52.7,115.6,0.064,0.148,0.969,Moderate traffic flow - standard adaptive signal timing in effect
EVT449815,2026-04-26 20:16:21,Political Rally,J023,Basavanagudi,10348,Weekend,False,Clear,False,0.0,False,False,0.545,Moderate,22.6,40.6,239.5,0.148,0.341,0.953,Moderate traffic flow - standard adaptive signal timing in effect
EVT449816,2026-02-19 08:57:17,Local Market Day,J040,City Market,3609,Weekday,False,Clear,False,0.0,False,False,1.0,Severe,6.9,69.5,572.4,0.175,0.405,0.911,Heavy congestion detected - signal timing extended and reroute suggested
EVT449817,2026-05-17 11:12:14,Local Market Day,J011,Indiranagar 100ft Road,2958,Weekend,False,Clear,False,0.0,False,False,0.43,Moderate,23.8,28.6,90.1,0.058,0.134,0.985,Moderate traffic flow - standard adaptive signal timing in effect
EVT449818,2025-08-19 08:20:35,Sports Fixture,J023,Basavanagudi,54108,Weekday,False,Light Rain,True,5.1,True,False,1.0,Severe,9.7,71.9,371.7,0.165,0.382,0.715,Accident detected nearby - reroute and reduced speed advised
EVT449819,2025-12-05 15:26:37,Concert,J031,Cubbon Road,21073,Weekday,False,Clear,False,0.0,False,False,0.455,Moderate,25.0,32.3,177.1,0.13,0.301,0.947,Moderate traffic flow - standard adaptive signal timing in effect
EVT449820,2026-04-18 15:25:16,Local Market Day,J030,MG Road,4307,Weekend,False,Clear,False,0.0,False,False,0.351,Moderate,32.4,26.2,105.5,0.086,0.199,0.953,Moderate traffic flow - standard adaptive signal timing in effect
EVT449821,2026-01-06 20:29:54,Political Rally,J031,Cubbon Road,10071,Weekday,False,Clear,False,0.0,True,False,1.0,Severe,8.5,77.1,533.7,0.185,0.428,0.779,Accident detected nearby - reroute and reduced speed advised
EVT449822,2025-02-08 23:59:42,Local Market Day,J023,Basavanagudi,2777,Weekend,False,Clear,False,0.0,False,False,0.318,Low,24.9,25.3,170.4,0.111,0.256,0.951,Moderate traffic flow - standard adaptive signal timing in effect
EVT449823,2025-12-14 12:41:39,Trade Fair,J011,Indiranagar 100ft Road,12667,Weekend,False,Clear,False,0.0,False,False,0.283,Low,35.2,20.5,190.9,0.193,0.445,0.96,Moderate traffic flow - standard adaptive signal timing in effect
EVT449824,2026-01-15 17:23:57,Religious Festival,J009,Majestic,34590,Weekday,True,Clear,False,0.0,False,True,1.0,Severe,7.9,103.7,1029.2,0.34,0.786,0.82,Road closure for event/procession - full detour recommended for through-traffic
EVT449825,2025-07-12 07:27:11,Sports Fixture,J023,Basavanagudi,42634,Weekend,False,Clear,False,0.0,False,False,0.765,Severe,14.2,57.6,324.7,0.147,0.341,0.958,Heavy congestion detected - signal timing extended and reroute suggested
EVT449826,2025-11-02 13:02:49,Religious Festival,J012,Koramangala Sony World,47863,Weekend,True,Clear,False,0.0,False,False,0.728,High,19.9,45.9,208.5,0.146,0.338,0.934,Festival crowd surge detected - alternate route and extended cycle recommended
EVT449827,2025-08-06 19:58:14,Sports Fixture,J009,Majestic,41045,Weekday,False,Clear,False,0.0,False,False,1.0,Severe,8.1,71.5,391.0,0.136,0.313,0.923,Heavy congestion detected - signal timing extended and reroute suggested
EVT449828,2025-08-28 13:17:09,Fireworks Display,J011,Indiranagar 100ft Road,24611,Weekday,True,Clear,False,0.0,False,False,0.555,High,25.2,37.9,88.4,0.07,0.163,0.902,Festival crowd surge detected - alternate route and extended cycle recommended
EVT449829,2025-08-14 18:01:40,Concert,J009,Majestic,24697,Weekday,False,Heavy Rain,True,53.4,False,False,1.0,Severe,8.1,69.1,500.5,0.155,0.359,0.87,Heavy rain reducing visibility and grip - reduced speed and longer buffer advised
EVT449830,2025-03-21 11:22:15,Sports Fixture,J023,Basavanagudi,20983,Weekday,False,Clear,False,0.0,False,False,0.475,Moderate,18.7,35.9,289.0,0.159,0.368,0.95,Moderate traffic flow - standard adaptive signal timing in effect
EVT449831,2025-06-02 20:25:21,Local Market Day,J040,City Market,3287,Weekday,False,Rain,True,16.1,False,False,0.787,Severe,18.7,57.7,313.3,0.199,0.46,0.912,Heavy rain reducing visibility and grip - reduced speed and longer buffer advised
EVT449832,2026-03-29 20:04:27,Political Rally,J020,Malleshwaram Circle,29138,Weekend,False,Clear,False,0.0,False,False,0.765,Severe,16.6,60.4,262.0,0.165,0.381,0.94,Heavy congestion detected - signal timing extended and reroute suggested
EVT449833,2026-03-06 11:39:08,Sports Fixture,J023,Basavanagudi,23212,Weekday,False,Clear,False,0.0,False,False,0.443,Moderate,28.0,29.5,141.6,0.091,0.211,0.959,Moderate traffic flow - standard adaptive signal timing in effect
EVT449834,2025-10-01 09:20:14,Sports Fixture,J031,Cubbon Road,21125,Weekday,False,Clear,False,0.0,False,False,1.0,Severe,7.7,71.7,722.7,0.24,0.554,0.92,Heavy congestion detected - signal timing extended and reroute suggested
EVT449835,2025-08-12 15:22:26,Trade Fair,J009,Majestic,13476,Weekday,False,Heavy Rain,True,40.9,False,False,0.736,High,18.6,57.6,245.9,0.167,0.385,0.899,Heavy rain reducing visibility and grip - reduced speed and longer buffer advised
EVT449836,2026-04-21 07:32:44,Local Market Day,J011,Indiranagar 100ft Road,5396,Weekday,False,Clear,False,0.0,False,False,0.673,High,15.8,41.7,173.9,0.08,0.184,0.975,Moderate traffic flow - standard adaptive signal timing in effect
EVT449837,2025-06-02 18:40:09,Political Rally,J023,Basavanagudi,12263,Weekday,False,Clear,False,0.0,False,False,1.0,Severe,8.1,69.4,392.4,0.133,0.306,0.919,Heavy congestion detected - signal timing extended and reroute suggested
EVT449838,2025-08-24 17:35:21,Sports Fixture,J012,Koramangala Sony World,14332,Weekend,False,Rain,True,21.7,False,False,1.0,Severe,8.6,70.0,701.5,0.245,0.565,0.847,Heavy rain reducing visibility and grip - reduced speed and longer buffer advised
EVT449839,2025-07-09 14:43:24,Trade Fair,J011,Indiranagar 100ft Road,9526,Weekday,False,Clear,False,0.0,False,False,0.231,Low,33.1,8.2,124.6,0.11,0.253,0.94,Normal free-flow traffic - standard signal timing maintained
EVT449840,2025-11-15 07:10:04,Trade Fair,J012,Koramangala Sony World,9068,Weekend,False,Clear,False,0.0,False,False,0.401,Moderate,26.8,29.0,156.9,0.115,0.266,0.949,Moderate traffic flow - standard adaptive signal timing in effect
EVT449841,2025-10-15 18:49:48,Sports Fixture,J020,Malleshwaram Circle,18769,Weekday,False,Clear,False,0.0,False,False,1.0,Severe,10.5,71.4,420.7,0.191,0.441,0.89,Heavy congestion detected - signal timing extended and reroute suggested
EVT449842,2025-09-10 12:05:23,Trade Fair,J031,Cubbon Road,15217,Weekday,False,Clear,False,0.0,False,False,0.269,Low,28.1,16.9,200.9,0.131,0.303,0.966,Moderate traffic flow - standard adaptive signal timing in effect
EVT449843,2026-01-23 19:51:40,Concert,J011,Indiranagar 100ft Road,12915,Weekday,False,Clear,False,0.0,False,False,0.869,Severe,12.5,63.6,511.5,0.236,0.545,0.961,Heavy congestion detected - signal timing extended and reroute suggested
EVT449844,2025-03-15 19:28:44,Religious Festival,J011,Indiranagar 100ft Road,58683,Weekend,True,Clear,False,0.0,False,True,1.0,Severe,8.5,98.5,605.9,0.233,0.538,0.804,Road closure for event/procession - full detour recommended for through-traffic
EVT449845,2025-09-17 19:43:26,Sports Fixture,J020,Malleshwaram Circle,25312,Weekday,False,Clear,False,0.0,False,False,0.898,Severe,10.8,65.3,582.0,0.241,0.557,0.956,Heavy congestion detected - signal timing extended and reroute suggested
EVT449846,2025-06-10 17:32:54,Local Market Day,J023,Basavanagudi,2155,Weekday,False,Light Rain,True,5.0,False,False,0.932,Severe,10.8,68.6,463.8,0.202,0.467,0.908,Heavy rain reducing visibility and grip - reduced speed and longer buffer advised
EVT449847,2025-10-17 08:18:19,Local Market Day,J040,City Market,2492,Weekday,False,Clear,False,0.0,False,False,0.87,Severe,11.3,58.8,427.3,0.186,0.43,0.924,Heavy congestion detected - signal timing extended and reroute suggested
EVT449848,2026-05-16 18:05:38,Sports Fixture,J031,Cubbon Road,14445,Weekend,False,Clear,False,0.0,False,False,0.885,Severe,10.9,59.4,404.6,0.158,0.365,0.936,Heavy congestion detected - signal timing extended and reroute suggested
EVT449849,2025-05-23 09:31:58,Local Market Day,J011,Indiranagar 100ft Road,4294,Weekday,False,Clear,False,0.0,False,False,1.0,Severe,6.4,70.0,610.2,0.165,0.382,0.914,Heavy congestion detected - signal timing extended and reroute suggested
EVT449850,2025-04-29 15:15:15,Local Market Day,J011,Indiranagar 100ft Road,3523,Weekday,False,Clear,False,0.0,False,False,0.312,Low,26.5,20.7,189.6,0.157,0.362,0.968,Moderate traffic flow - standard adaptive signal timing in effect
EVT449851,2025-12-30 17:08:36,Trade Fair,J030,MG Road,11328,Weekday,False,Clear,False,0.0,False,False,0.799,Severe,15.2,57.0,284.9,0.154,0.355,0.939,Heavy congestion detected - signal timing extended and reroute suggested
EVT449852,2025-02-25 17:28:17,Political Rally,J040,City Market,16486,Weekday,False,Clear,False,0.0,False,False,0.985,Severe,8.6,68.1,660.8,0.215,0.496,0.919,Heavy congestion detected - signal timing extended and reroute suggested
EVT449853,2025-05-12 18:09:40,Local Market Day,J023,Basavanagudi,4142,Weekday,False,Clear,False,0.0,False,False,0.938,Severe,11.1,62.5,272.1,0.122,0.282,0.927,Heavy congestion detected - signal timing extended and reroute suggested
EVT449854,2026-05-26 12:05:03,Local Market Day,J030,MG Road,3893,Weekday,False,Clear,False,0.0,False,False,0.195,Low,37.1,12.5,78.7,0.083,0.192,0.963,Normal free-flow traffic - standard signal timing maintained
EVT449855,2026-01-06 06:49:29,Local Market Day,J023,Basavanagudi,5776,Weekday,False,Clear,False,0.0,False,False,0.432,Moderate,22.4,29.1,311.4,0.196,0.452,0.961,Moderate traffic flow - standard adaptive signal timing in effect
EVT449856,2025-01-01 05:48:06,Sports Fixture,J023,Basavanagudi,31575,Weekday,False,Clear,False,0.0,False,False,0.442,Moderate,28.5,37.0,141.1,0.104,0.241,0.963,Moderate traffic flow - standard adaptive signal timing in effect
EVT449857,2025-07-25 20:24:05,Political Rally,J030,MG Road,22013,Weekday,False,Clear,False,0.0,False,False,0.704,High,20.5,49.2,252.1,0.163,0.376,0.939,Moderate traffic flow - standard adaptive signal timing in effect
EVT449858,2025-08-20 18:42:03,Sports Fixture,J031,Cubbon Road,53121,Weekday,False,Light Rain,True,3.1,False,False,1.0,Severe,8.5,71.0,604.7,0.222,0.514,0.859,Heavy rain reducing visibility and grip - reduced speed and longer buffer advised
EVT449859,2026-04-08 13:32:26,Local Market Day,J011,Indiranagar 100ft Road,5016,Weekday,False,Clear,False,0.0,False,False,0.191,Low,42.0,12.5,113.5,0.119,0.274,0.976,Normal free-flow traffic - standard signal timing maintained
EVT449860,2025-09-19 07:57:47,Sports Fixture,J030,MG Road,19751,Weekday,False,Light Rain,True,3.2,False,False,1.0,Severe,7.9,64.9,606.4,0.205,0.473,0.871,Heavy rain reducing visibility and grip - reduced speed and longer buffer advised
EVT449861,2025-01-20 12:42:10,Political Rally,J023,Basavanagudi,16845,Weekday,False,Clear,False,0.0,False,False,0.23,Low,29.4,16.0,289.6,0.219,0.506,0.959,Normal free-flow traffic - standard signal timing maintained
EVT449862,2026-05-19 10:57:54,Sports Fixture,J011,Indiranagar 100ft Road,13609,Weekday,False,Clear,False,0.0,False,False,0.509,Moderate,23.7,33.0,115.9,0.073,0.169,0.982,Moderate traffic flow - standard adaptive signal timing in effect
EVT449863,2026-04-04 15:11:49,Sports Fixture,J020,Malleshwaram Circle,25967,Weekend,False,Clear,False,0.0,False,False,0.47,Moderate,31.2,33.2,226.8,0.195,0.451,0.961,Moderate traffic flow - standard adaptive signal timing in effect
EVT449864,2025-03-21 16:56:19,Political Rally,J011,Indiranagar 100ft Road,14901,Weekday,False,Clear,False,0.0,False,False,0.761,Severe,16.1,52.0,241.1,0.147,0.339,0.984,Heavy congestion detected - signal timing extended and reroute suggested
EVT449865,2025-06-06 10:36:52,Trade Fair,J009,Majestic,5761,Weekday,False,Rain,True,9.5,False,False,0.828,Severe,15.3,57.7,400.8,0.228,0.527,0.892,Heavy rain reducing visibility and grip - reduced speed and longer buffer advised
EVT449866,2025-04-23 19:57:11,Concert,J030,MG Road,11727,Weekday,False,Clear,False,0.0,False,False,0.8,Severe,15.7,62.2,317.6,0.171,0.396,0.967,Heavy congestion detected - signal timing extended and reroute suggested
EVT449867,2025-02-20 18:34:41,Local Market Day,J011,Indiranagar 100ft Road,4597,Weekday,False,Clear,False,0.0,False,False,1.0,Severe,8.5,69.9,344.7,0.136,0.315,0.92,Heavy congestion detected - signal timing extended and reroute suggested
EVT449868,2025-04-13 13:35:25,Local Market Day,J031,Cubbon Road,4183,Weekend,False,Clear,False,0.0,False,False,0.206,Low,35.7,17.7,114.0,0.092,0.212,0.983,Normal free-flow traffic - standard signal timing maintained
EVT449869,2026-05-02 19:36:27,Fireworks Display,J012,Koramangala Sony World,33443,Weekend,True,Heavy Rain,True,33.8,False,False,1.0,Severe,10.9,65.5,620.9,0.282,0.651,0.787,Festival crowd surge detected - alternate route and extended cycle recommended
EVT449870,2025-08-07 18:39:00,Local Market Day,J011,Indiranagar 100ft Road,3123,Weekday,False,Clear,False,0.0,False,False,1.0,Severe,8.0,72.1,584.9,0.18,0.415,0.917,Heavy congestion detected - signal timing extended and reroute suggested
EVT449871,2026-05-18 19:10:28,Sports Fixture,J031,Cubbon Road,14980,Weekday,False,Clear,False,0.0,False,False,1.0,Severe,7.0,76.6,414.6,0.121,0.279,0.942,Heavy congestion detected - signal timing extended and reroute suggested
EVT449872,2025-05-12 13:01:24,Local Market Day,J020,Malleshwaram Circle,4471,Weekday,False,Heavy Rain,True,37.1,False,False,0.548,Moderate,25.1,38.1,204.7,0.149,0.345,0.919,Light rain detected - minor speed reduction advised
EVT449873,2025-06-28 07:00:24,Local Market Day,J040,City Market,4059,Weekend,False,Clear,False,0.0,False,False,0.35,Low,28.2,24.3,111.3,0.086,0.199,0.982,Moderate traffic flow - standard adaptive signal timing in effect
EVT449874,2025-10-25 07:06:04,Concert,J040,City Market,16878,Weekend,False,Clear,False,0.0,False,False,0.534,Moderate,19.2,38.0,284.1,0.16,0.369,0.962,Moderate traffic flow - standard adaptive signal timing in effect
EVT449875,2025-07-03 17:24:37,Political Rally,J030,MG Road,25841,Weekday,False,Rain,True,21.1,False,False,1.0,Severe,8.7,69.3,311.0,0.113,0.261,0.845,Heavy rain reducing visibility and grip - reduced speed and longer buffer advised
EVT449876,2026-01-31 17:43:51,Local Market Day,J020,Malleshwaram Circle,3150,Weekend,False,Clear,False,0.0,False,False,0.751,Severe,16.5,60.8,193.0,0.129,0.298,0.948,Heavy congestion detected - signal timing extended and reroute suggested
EVT449877,2025-03-29 01:55:42,Local Market Day,J040,City Market,5140,Weekend,False,Clear,False,0.0,False,False,0.212,Low,30.9,16.5,128.5,0.106,0.244,0.982,Normal free-flow traffic - standard signal timing maintained
EVT449878,2026-01-24 20:54:27,Local Market Day,J023,Basavanagudi,2295,Weekend,False,Clear,False,0.0,False,False,0.407,Moderate,27.3,31.0,186.4,0.132,0.305,0.945,Moderate traffic flow - standard adaptive signal timing in effect
EVT449879,2026-01-30 09:53:41,Political Rally,J009,Majestic,7677,Weekday,False,Clear,False,0.0,False,False,0.826,Severe,13.8,57.4,346.9,0.183,0.422,0.967,Heavy congestion detected - signal timing extended and reroute suggested
EVT449880,2025-03-21 09:39:23,Political Rally,J031,Cubbon Road,12624,Weekday,False,Clear,False,0.0,False,False,0.962,Severe,9.9,67.9,203.2,0.063,0.146,0.92,Heavy congestion detected - signal timing extended and reroute suggested
EVT449881,2026-04-07 16:32:31,Sports Fixture,J023,Basavanagudi,11803,Weekday,False,Clear,False,0.0,False,False,0.605,High,22.9,36.4,179.3,0.131,0.304,0.983,Moderate traffic flow - standard adaptive signal timing in effect
EVT449882,2026-04-14 12:53:27,Religious Festival,J011,Indiranagar 100ft Road,48337,Weekday,True,Clear,False,0.0,False,True,0.738,High,16.9,71.2,318.1,0.176,0.408,0.878,Road closure for event/procession - full detour recommended for through-traffic
EVT449883,2025-04-27 07:33:58,Sports Fixture,J020,Malleshwaram Circle,32370,Weekend,False,Clear,False,0.0,False,False,0.767,Severe,15.4,56.8,368.4,0.19,0.44,0.97,Heavy congestion detected - signal timing extended and reroute suggested
EVT449884,2025-09-28 18:24:05,Sports Fixture,J023,Basavanagudi,34022,Weekend,False,Heavy Rain,True,26.3,False,False,1.0,Severe,7.1,75.5,523.3,0.163,0.377,0.844,Heavy rain reducing visibility and grip - reduced speed and longer buffer advised
EVT449885,2025-08-27 18:13:52,Religious Festival,J040,City Market,60814,Weekday,True,Clear,False,0.0,False,False,1.0,Severe,6.5,74.5,644.2,0.196,0.454,0.868,Festival crowd surge detected - alternate route and extended cycle recommended
EVT449886,2026-02-08 11:32:26,Sports Fixture,J012,Koramangala Sony World,15968,Weekend,False,Clear,False,0.0,False,False,0.32,Low,30.6,24.0,222.9,0.195,0.451,0.956,Moderate traffic flow - standard adaptive signal timing in effect
EVT449887,2026-02-26 18:34:06,Concert,J009,Majestic,9447,Weekday,False,Clear,False,0.0,False,False,1.0,Severe,7.8,71.7,1016.9,0.294,0.68,0.915,Heavy congestion detected - signal timing extended and reroute suggested
EVT449888,2025-08-11 17:23:24,Local Market Day,J011,Indiranagar 100ft Road,1982,Weekday,False,Heavy Rain,True,55.4,False,False,1.0,Severe,8.6,68.4,701.8,0.262,0.604,0.867,Heavy rain reducing visibility and grip - reduced speed and longer buffer advised
EVT449889,2025-11-26 15:54:47,Concert,J030,MG Road,9361,Weekday,False,Clear,False,0.0,False,False,0.47,Moderate,27.3,31.3,72.8,0.037,0.087,0.941,Moderate traffic flow - standard adaptive signal timing in effect
EVT449890,2025-09-21 16:31:55,Concert,J011,Indiranagar 100ft Road,11111,Weekend,False,Clear,False,0.0,False,False,0.566,High,21.5,44.1,260.7,0.186,0.431,0.962,Moderate traffic flow - standard adaptive signal timing in effect
EVT449891,2026-04-27 16:20:41,Sports Fixture,J040,City Market,30431,Weekday,False,Fog,False,0.0,False,False,0.686,High,21.7,50.3,295.4,0.204,0.471,0.952,Moderate traffic flow - standard adaptive signal timing in effect
EVT449892,2025-01-10 09:45:43,Sports Fixture,J009,Majestic,14050,Weekday,False,Clear,False,0.0,False,False,0.968,Severe,7.5,71.5,750.3,0.236,0.546,0.927,Heavy congestion detected - signal timing extended and reroute suggested
EVT449893,2026-03-01 13:10:01,Concert,J012,Koramangala Sony World,15839,Weekend,False,Clear,False,0.0,False,False,0.395,Moderate,25.2,30.3,78.2,0.046,0.106,0.978,Moderate traffic flow - standard adaptive signal timing in effect
EVT449894,2025-04-16 08:51:53,Trade Fair,J040,City Market,14603,Weekday,False,Clear,False,0.0,False,False,1.0,Severe,11.2,69.4,472.2,0.211,0.488,0.947,Heavy congestion detected - signal timing extended and reroute suggested
EVT449895,2025-04-11 19:29:15,Concert,J023,Basavanagudi,15190,Weekday,False,Clear,False,0.0,False,False,0.874,Severe,11.0,65.0,384.6,0.135,0.311,0.942,Heavy congestion detected - signal timing extended and reroute suggested
EVT449896,2026-06-12 23:23:05,Local Market Day,J011,Indiranagar 100ft Road,3155,Weekday,False,Heavy Rain,True,30.6,False,False,0.534,Moderate,18.8,37.8,133.3,0.093,0.215,0.919,Light rain detected - minor speed reduction advised
EVT449897,2026-04-17 14:52:56,Sports Fixture,J023,Basavanagudi,51293,Weekday,False,Clear,False,0.0,False,False,0.541,Moderate,23.2,44.7,321.5,0.228,0.528,0.974,Moderate traffic flow - standard adaptive signal timing in effect
EVT449898,2025-07-03 10:56:25,Local Market Day,J009,Majestic,3320,Weekday,False,Heavy Rain,True,25.0,False,False,0.781,Severe,13.0,54.5,494.3,0.233,0.538,0.922,Heavy rain reducing visibility and grip - reduced speed and longer buffer advised
EVT449899,2026-01-03 10:36:02,Sports Fixture,J040,City Market,20251,Weekend,False,Clear,False,0.0,False,False,0.672,High,18.0,41.9,99.4,0.05,0.115,0.976,Moderate traffic flow - standard adaptive signal timing in effect
EVT449900,2025-11-09 11:34:06,Local Market Day,J020,Malleshwaram Circle,4239,Weekend,False,Clear,False,0.0,False,False,0.285,Low,29.2,16.6,91.6,0.059,0.136,0.976,Moderate traffic flow - standard adaptive signal timing in effect
EVT449901,2026-03-22 08:04:44,Local Market Day,J023,Basavanagudi,4193,Weekend,False,Clear,False,0.0,False,False,0.69,High,16.5,51.3,384.6,0.201,0.465,0.967,Moderate traffic flow - standard adaptive signal timing in effect
EVT449902,2025-12-17 06:54:12,Sports Fixture,J009,Majestic,13351,Weekday,False,Clear,False,0.0,False,False,0.453,Moderate,25.0,28.0,213.6,0.157,0.362,0.957,Moderate traffic flow - standard adaptive signal timing in effect
EVT449903,2025-05-17 13:01:41,Concert,J011,Indiranagar 100ft Road,8911,Weekend,False,Clear,False,0.0,False,False,0.317,Low,26.4,18.8,180.6,0.152,0.352,0.97,Moderate traffic flow - standard adaptive signal timing in effect
EVT449904,2025-09-20 18:52:02,Sports Fixture,J040,City Market,34164,Weekend,False,Clear,False,0.0,False,False,0.997,Severe,6.7,75.4,368.5,0.126,0.291,0.914,Heavy congestion detected - signal timing extended and reroute suggested
EVT449905,2026-05-04 15:25:29,Local Market Day,J030,MG Road,2758,Weekday,False,Clear,False,0.0,False,False,0.343,Low,28.8,21.8,55.8,0.05,0.116,0.949,Moderate traffic flow - standard adaptive signal timing in effect
EVT449906,2025-11-19 13:41:16,Concert,J040,City Market,17508,Weekday,False,Clear,False,0.0,False,False,0.281,Low,30.1,23.0,204.7,0.174,0.401,0.954,Moderate traffic flow - standard adaptive signal timing in effect
EVT449907,2025-06-25 16:01:08,Local Market Day,J030,MG Road,5519,Weekday,False,Clear,False,0.0,False,False,0.399,Moderate,34.5,23.6,138.3,0.139,0.321,0.968,Moderate traffic flow - standard adaptive signal timing in effect
EVT449908,2025-08-31 08:33:48,Sports Fixture,J009,Majestic,25133,Weekend,False,Rain,True,12.2,False,False,1.0,Severe,7.8,67.5,743.8,0.258,0.595,0.869,Heavy rain reducing visibility and grip - reduced speed and longer buffer advised
EVT449909,2025-09-16 17:10:34,Local Market Day,J020,Malleshwaram Circle,3695,Weekday,False,Clear,False,0.0,False,False,0.795,Severe,16.5,57.6,123.4,0.079,0.182,0.958,Heavy congestion detected - signal timing extended and reroute suggested
EVT449910,2025-08-29 22:29:46,Local Market Day,J009,Majestic,3484,Weekday,False,Clear,False,0.0,False,False,0.232,Low,29.3,23.9,153.7,0.099,0.229,0.946,Normal free-flow traffic - standard signal timing maintained
EVT449911,2025-03-23 16:27:27,Local Market Day,J031,Cubbon Road,3969,Weekend,False,Fog,False,0.0,False,False,0.554,High,17.2,44.5,154.2,0.088,0.204,0.973,Moderate traffic flow - standard adaptive signal timing in effect
EVT449912,2026-01-02 18:42:20,Cultural Procession,J040,City Market,26324,Weekday,True,Clear,False,0.0,False,True,1.0,Severe,8.8,95.2,488.8,0.181,0.419,0.811,Road closure for event/procession - full detour recommended for through-traffic
EVT449913,2025-03-22 13:13:24,Local Market Day,J020,Malleshwaram Circle,5147,Weekend,False,Fog,False,0.0,False,False,0.25,Low,39.4,15.3,130.7,0.129,0.298,0.96,Moderate traffic flow - standard adaptive signal timing in effect
EVT449914,2025-10-27 06:14:32,Political Rally,J020,Malleshwaram Circle,16517,Weekday,False,Rain,True,18.5,False,False,0.526,Moderate,26.1,39.8,302.3,0.229,0.528,0.915,Light rain detected - minor speed reduction advised
EVT449915,2026-01-27 19:03:48,Fireworks Display,J009,Majestic,17106,Weekday,True,Clear,False,0.0,False,False,1.0,Severe,6.1,64.3,803.2,0.189,0.437,0.852,Festival crowd surge detected - alternate route and extended cycle recommended
EVT449916,2025-12-10 21:54:00,Sports Fixture,J020,Malleshwaram Circle,30914,Weekday,False,Clear,False,0.0,False,False,0.455,Moderate,30.5,30.9,110.3,0.083,0.192,0.954,Moderate traffic flow - standard adaptive signal timing in effect
EVT449917,2025-07-22 09:01:31,Sports Fixture,J030,MG Road,36306,Weekday,False,Clear,False,0.0,False,False,1.0,Severe,6.9,67.2,794.9,0.232,0.535,0.921,Heavy congestion detected - signal timing extended and reroute suggested
EVT449918,2025-02-28 15:16:10,Concert,J023,Basavanagudi,9700,Weekday,False,Clear,False,0.0,False,False,0.393,Moderate,24.6,27.7,250.6,0.175,0.403,0.95,Moderate traffic flow - standard adaptive signal timing in effect
EVT449919,2025-04-21 08:33:23,Local Market Day,J040,City Market,2684,Weekday,False,Clear,False,0.0,False,False,0.918,Severe,12.7,60.4,224.1,0.105,0.244,0.933,Heavy congestion detected - signal timing extended and reroute suggested
EVT449920,2026-03-21 08:21:33,Sports Fixture,J011,Indiranagar 100ft Road,23865,Weekend,False,Clear,False,0.0,False,False,0.886,Severe,13.5,65.8,238.3,0.128,0.296,0.948,Heavy congestion detected - signal timing extended and reroute suggested
EVT449921,2025-08-07 12:41:08,Local Market Day,J031,Cubbon Road,5916,Weekday,False,Rain,True,14.8,False,False,0.358,Moderate,33.6,34.4,143.1,0.116,0.268,0.936,Light rain detected - minor speed reduction advised
EVT449922,2025-05-30 18:58:26,Concert,J011,Indiranagar 100ft Road,9925,Weekday,False,Clear,False,0.0,False,False,1.0,Severe,7.3,77.1,227.7,0.086,0.2,0.905,Heavy congestion detected - signal timing extended and reroute suggested
EVT449923,2025-12-03 16:27:44,Trade Fair,J023,Basavanagudi,6369,Weekday,False,Clear,False,0.0,False,False,0.461,Moderate,22.5,31.2,180.2,0.113,0.261,0.958,Moderate traffic flow - standard adaptive signal timing in effect
EVT449924,2026-01-16 17:58:18,Political Rally,J020,Malleshwaram Circle,26290,Weekday,False,Clear,False,0.0,False,False,1.0,Severe,5.0,68.1,662.8,0.148,0.341,0.914,Heavy congestion detected - signal timing extended and reroute suggested
EVT449925,2025-11-02 20:56:39,Fireworks Display,J030,MG Road,33222,Weekend,True,Clear,False,0.0,False,False,0.818,Severe,11.6,55.5,459.1,0.197,0.455,0.899,Festival crowd surge detected - alternate route and extended cycle recommended
EVT449926,2026-04-29 19:17:58,Sports Fixture,J011,Indiranagar 100ft Road,24297,Weekday,False,Clear,False,0.0,False,False,1.0,Severe,9.7,76.2,518.5,0.203,0.469,0.919,Heavy congestion detected - signal timing extended and reroute suggested
EVT449927,2025-01-04 20:00:54,Political Rally,J009,Majestic,23852,Weekend,False,Clear,False,0.0,False,False,0.688,High,19.1,50.0,232.6,0.141,0.325,0.986,Moderate traffic flow - standard adaptive signal timing in effect
EVT449928,2025-08-16 19:20:57,Religious Festival,J031,Cubbon Road,44764,Weekend,True,Clear,False,0.0,False,False,1.0,Severe,8.6,74.5,770.3,0.268,0.62,0.862,Festival crowd surge detected - alternate route and extended cycle recommended
EVT449929,2025-12-31 19:14:35,Concert,J023,Basavanagudi,13660,Weekday,False,Clear,False,0.0,False,False,1.0,Severe,7.5,74.4,536.8,0.166,0.383,0.909,Heavy congestion detected - signal timing extended and reroute suggested
EVT449930,2025-05-10 11:15:54,Trade Fair,J011,Indiranagar 100ft Road,10483,Weekend,False,Clear,False,0.0,False,False,0.373,Moderate,28.0,25.8,167.4,0.114,0.263,0.962,Moderate traffic flow - standard adaptive signal timing in effect
EVT449931,2026-03-07 09:42:03,Sports Fixture,J012,Koramangala Sony World,24368,Weekend,False,Clear,False,0.0,False,False,0.932,Severe,8.6,64.9,613.4,0.209,0.483,0.93,Heavy congestion detected - signal timing extended and reroute suggested
EVT449932,2026-01-30 09:52:49,Local Market Day,J040,City Market,5746,Weekday,False,Clear,False,0.0,False,False,0.888,Severe,12.6,67.6,448.1,0.227,0.524,0.927,Heavy congestion detected - signal timing extended and reroute suggested
EVT449933,2025-05-20 17:08:03,Sports Fixture,J030,MG Road,17520,Weekday,False,Rain,True,16.5,False,False,1.0,Severe,7.9,72.1,476.7,0.147,0.339,0.872,Heavy rain reducing visibility and grip - reduced speed and longer buffer advised
EVT449934,2025-11-02 18:13:34,Religious Festival,J012,Koramangala Sony World,21540,Weekend,True,Clear,False,0.0,False,False,1.0,Severe,7.6,72.0,536.7,0.183,0.422,0.881,Festival crowd surge detected - alternate route and extended cycle recommended
EVT449935,2025-04-14 12:32:42,Fireworks Display,J040,City Market,19623,Weekday,True,Clear,False,0.0,False,False,0.516,Moderate,24.5,38.2,267.5,0.204,0.472,0.917,Festival crowd surge detected - alternate route and extended cycle recommended
EVT449936,2026-02-27 10:51:49,Sports Fixture,J011,Indiranagar 100ft Road,13994,Weekday,False,Clear,False,0.0,False,False,0.522,Moderate,29.4,36.5,181.0,0.142,0.328,0.98,Moderate traffic flow - standard adaptive signal timing in effect
EVT449937,2026-02-01 14:55:55,Local Market Day,J009,Majestic,2131,Weekend,False,Clear,False,0.0,False,False,0.237,Low,24.2,14.6,184.1,0.11,0.253,0.975,Normal free-flow traffic - standard signal timing maintained
EVT449938,2025-06-01 12:49:15,Concert,J040,City Market,11821,Weekend,False,Clear,False,0.0,False,False,0.274,Low,31.0,21.1,131.5,0.1,0.232,0.99,Moderate traffic flow - standard adaptive signal timing in effect
EVT449939,2025-02-18 18:55:21,Local Market Day,J040,City Market,3310,Weekday,False,Clear,False,0.0,False,False,1.0,Severe,7.9,72.1,578.5,0.194,0.447,0.902,Heavy congestion detected - signal timing extended and reroute suggested
EVT449940,2026-05-30 17:57:12,Concert,J011,Indiranagar 100ft Road,7731,Weekend,False,Clear,False,0.0,False,False,0.872,Severe,12.9,57.3,373.2,0.177,0.41,0.945,Heavy congestion detected - signal timing extended and reroute suggested
EVT449941,2026-04-05 20:30:46,Local Market Day,J031,Cubbon Road,5041,Weekend,False,Clear,False,0.0,False,False,0.484,Moderate,27.0,43.3,108.0,0.086,0.198,0.976,Moderate traffic flow - standard adaptive signal timing in effect
EVT449942,2025-01-03 17:16:52,Sports Fixture,J031,Cubbon Road,16529,Weekday,False,Clear,False,0.0,False,False,0.696,High,17.2,55.8,247.2,0.146,0.336,0.984,Moderate traffic flow - standard adaptive signal timing in effect
EVT449943,2026-06-09 12:03:54,Trade Fair,J040,City Market,27163,Weekday,False,Clear,False,0.0,False,False,0.272,Low,28.4,25.8,142.0,0.115,0.267,0.946,Moderate traffic flow - standard adaptive signal timing in effect
EVT449944,2026-06-14 09:53:52,Trade Fair,J020,Malleshwaram Circle,7876,Weekend,False,Heavy Rain,True,38.1,False,False,1.0,Severe,8.3,71.8,415.5,0.136,0.315,0.862,Heavy rain reducing visibility and grip - reduced speed and longer buffer advised
EVT449945,2025-09-15 19:28:34,Sports Fixture,J009,Majestic,18978,Weekday,False,Rain,True,12.8,False,False,1.0,Severe,8.1,65.1,607.1,0.199,0.459,0.872,Heavy rain reducing visibility and grip - reduced speed and longer buffer advised
EVT449946,2025-01-09 20:38:42,Political Rally,J030,MG Road,22609,Weekday,False,Clear,False,0.0,False,False,0.596,High,20.9,39.1,300.5,0.196,0.453,0.947,Moderate traffic flow - standard adaptive signal timing in effect
EVT449947,2025-09-12 15:11:25,Trade Fair,J012,Koramangala Sony World,12308,Weekday,False,Clear,False,0.0,False,False,0.294,Low,28.6,21.3,70.3,0.045,0.104,0.963,Moderate traffic flow - standard adaptive signal timing in effect
EVT449948,2025-04-13 09:32:29,Sports Fixture,J012,Koramangala Sony World,42676,Weekend,False,Clear,False,0.0,False,False,1.0,Severe,8.5,72.9,468.3,0.163,0.377,0.946,Heavy congestion detected - signal timing extended and reroute suggested
EVT449949,2026-03-05 17:49:16,Fireworks Display,J020,Malleshwaram Circle,22739,Weekday,True,Clear,False,0.0,False,False,1.0,Severe,7.3,71.2,634.3,0.209,0.482,0.847,Festival crowd surge detected - alternate route and extended cycle recommended
EVT449950,2026-05-11 17:01:56,Local Market Day,J030,MG Road,4404,Weekday,False,Heavy Rain,True,46.4,False,False,0.979,Severe,8.4,67.7,678.9,0.227,0.525,0.853,Heavy rain reducing visibility and grip - reduced speed and longer buffer advised
EVT449951,2026-04-02 08:29:26,Concert,J011,Indiranagar 100ft Road,9971,Weekday,False,Clear,False,0.0,False,False,0.968,Severe,8.2,74.6,525.3,0.199,0.46,0.922,Heavy congestion detected - signal timing extended and reroute suggested
EVT449952,2025-04-15 14:50:18,Cultural Procession,J011,Indiranagar 100ft Road,13511,Weekday,True,Clear,False,0.0,False,True,0.708,High,20.5,65.6,264.8,0.148,0.342,0.884,Road closure for event/procession - full detour recommended for through-traffic
EVT449953,2025-11-29 16:49:57,Sports Fixture,J020,Malleshwaram Circle,30193,Weekend,False,Clear,False,0.0,False,False,0.713,High,17.8,49.7,443.1,0.267,0.618,0.956,Moderate traffic flow - standard adaptive signal timing in effect
EVT449954,2026-02-21 09:19:36,Local Market Day,J040,City Market,3177,Weekend,False,Clear,False,0.0,False,False,0.8,Severe,13.8,63.5,284.0,0.124,0.286,0.943,Heavy congestion detected - signal timing extended and reroute suggested
EVT449955,2026-01-02 15:41:09,Religious Festival,J012,Koramangala Sony World,54410,Weekday,True,Clear,False,0.0,False,True,1.0,Severe,9.5,106.1,695.5,0.256,0.59,0.841,Road closure for event/procession - full detour recommended for through-traffic
EVT449956,2025-05-09 17:43:41,Political Rally,J030,MG Road,23034,Weekday,False,Heavy Rain,True,38.6,False,False,1.0,Severe,6.3,70.9,751.6,0.188,0.434,0.859,Heavy rain reducing visibility and grip - reduced speed and longer buffer advised
EVT449957,2026-05-10 09:32:27,Concert,J020,Malleshwaram Circle,12868,Weekend,False,Rain,True,17.1,False,False,1.0,Severe,8.4,70.2,493.8,0.168,0.389,0.842,Heavy rain reducing visibility and grip - reduced speed and longer buffer advised
EVT449958,2025-03-11 06:39:30,Sports Fixture,J040,City Market,19776,Weekday,False,Clear,False,0.0,False,False,0.36,Moderate,33.0,20.5,110.7,0.081,0.186,0.981,Moderate traffic flow - standard adaptive signal timing in effect
EVT449959,2025-12-26 17:17:44,Cultural Procession,J009,Majestic,13734,Weekday,True,Clear,False,0.0,False,True,1.0,Severe,10.0,99.3,491.5,0.197,0.456,0.831,Road closure for event/procession - full detour recommended for through-traffic
EVT449960,2026-02-21 19:40:47,Political Rally,J009,Majestic,20062,Weekend,False,Clear,False,0.0,False,False,0.76,Severe,21.1,53.4,330.3,0.223,0.515,0.967,Heavy congestion detected - signal timing extended and reroute suggested
EVT449961,2025-11-09 21:19:52,Concert,J012,Koramangala Sony World,11454,Weekend,False,Clear,False,0.0,False,False,0.425,Moderate,27.6,28.3,176.4,0.142,0.329,0.99,Moderate traffic flow - standard adaptive signal timing in effect
EVT449962,2025-05-31 18:52:37,Political Rally,J040,City Market,17668,Weekend,False,Fog,False,0.0,False,False,0.895,Severe,10.7,70.1,175.1,0.075,0.172,0.952,Heavy congestion detected - signal timing extended and reroute suggested
EVT449963,2025-07-27 08:48:45,Sports Fixture,J031,Cubbon Road,23710,Weekend,False,Clear,False,0.0,False,False,0.987,Severe,9.3,70.4,317.3,0.117,0.271,0.904,Heavy congestion detected - signal timing extended and reroute suggested
EVT449964,2025-01-28 23:33:31,Sports Fixture,J030,MG Road,14864,Weekday,False,Clear,False,0.0,False,False,0.237,Low,32.9,14.4,133.5,0.124,0.287,0.974,Normal free-flow traffic - standard signal timing maintained
EVT449965,2025-10-09 22:00:22,Local Market Day,J012,Koramangala Sony World,5764,Weekday,False,Clear,False,0.0,False,False,0.31,Low,28.7,20.7,188.4,0.147,0.339,0.97,Moderate traffic flow - standard adaptive signal timing in effect
EVT449966,2025-01-11 17:08:53,Local Market Day,J031,Cubbon Road,3246,Weekend,False,Clear,False,0.0,False,False,0.639,High,19.3,46.2,163.3,0.105,0.243,0.969,Moderate traffic flow - standard adaptive signal timing in effect
EVT449967,2025-04-10 13:42:58,Local Market Day,J020,Malleshwaram Circle,3839,Weekday,False,Clear,False,0.0,False,False,0.166,Low,38.1,14.4,139.5,0.132,0.305,0.968,Normal free-flow traffic - standard signal timing maintained
EVT449968,2025-10-06 14:24:10,Concert,J012,Koramangala Sony World,13667,Weekday,False,Clear,False,0.0,False,False,0.185,Low,35.6,22.8,90.2,0.094,0.218,0.985,Normal free-flow traffic - standard signal timing maintained
EVT449969,2026-03-15 11:51:37,Local Market Day,J009,Majestic,4516,Weekend,False,Fog,False,0.0,False,False,0.343,Low,26.7,26.5,88.9,0.074,0.17,0.945,Moderate traffic flow - standard adaptive signal timing in effect
EVT449970,2025-10-06 21:13:02,Concert,J012,Koramangala Sony World,18918,Weekday,False,Clear,False,0.0,False,False,0.416,Moderate,24.7,32.0,209.3,0.126,0.292,0.98,Moderate traffic flow - standard adaptive signal timing in effect
EVT449971,2026-01-22 09:42:48,Trade Fair,J040,City Market,10821,Weekday,False,Clear,False,0.0,False,False,0.97,Severe,8.9,65.0,347.8,0.137,0.316,0.922,Heavy congestion detected - signal timing extended and reroute suggested
EVT449972,2026-04-24 08:03:47,Trade Fair,J023,Basavanagudi,12846,Weekday,False,Clear,False,0.0,False,False,0.876,Severe,14.4,56.5,256.2,0.133,0.308,0.939,Heavy congestion detected - signal timing extended and reroute suggested
EVT449973,2025-05-06 17:52:47,Local Market Day,J020,Malleshwaram Circle,4212,Weekday,False,Rain,True,13.0,False,False,1.0,Severe,9.5,77.6,428.9,0.18,0.415,0.852,Heavy rain reducing visibility and grip - reduced speed and longer buffer advised
EVT449974,2026-02-21 17:34:20,Local Market Day,J011,Indiranagar 100ft Road,3035,Weekend,False,Clear,False,0.0,False,False,0.765,Severe,15.7,49.6,155.7,0.092,0.212,0.978,Heavy congestion detected - signal timing extended and reroute suggested
EVT449975,2025-02-16 20:50:29,Concert,J030,MG Road,14357,Weekend,False,Fog,False,0.0,False,False,0.513,Moderate,19.2,39.8,302.3,0.181,0.418,0.982,Moderate traffic flow - standard adaptive signal timing in effect
EVT449976,2025-01-09 14:54:45,Local Market Day,J030,MG Road,1912,Weekday,False,Clear,False,0.0,False,False,0.264,Low,28.2,11.6,88.2,0.051,0.117,0.949,Moderate traffic flow - standard adaptive signal timing in effect
EVT449977,2025-06-25 12:04:54,Local Market Day,J009,Majestic,11850,Weekday,False,Clear,False,0.0,False,False,0.282,Low,27.3,18.2,162.4,0.126,0.291,0.966,Moderate traffic flow - standard adaptive signal timing in effect
EVT449978,2025-03-10 20:15:33,Concert,J031,Cubbon Road,6828,Weekday,False,Fog,False,0.0,False,False,0.629,High,24.4,46.9,236.7,0.169,0.391,0.961,Moderate traffic flow - standard adaptive signal timing in effect
EVT449979,2026-05-13 07:50:50,Concert,J011,Indiranagar 100ft Road,13948,Weekday,False,Clear,False,0.0,False,False,0.803,Severe,14.9,55.1,205.3,0.098,0.227,0.948,Heavy congestion detected - signal timing extended and reroute suggested
EVT449980,2025-07-16 15:01:20,Political Rally,J030,MG Road,10088,Weekday,False,Rain,True,13.6,False,False,0.522,Moderate,18.6,43.0,308.0,0.167,0.386,0.915,Light rain detected - minor speed reduction advised
EVT449981,2025-07-12 11:08:35,Local Market Day,J009,Majestic,4668,Weekend,False,Rain,True,11.1,False,False,0.539,Moderate,27.5,32.5,197.8,0.155,0.357,0.912,Light rain detected - minor speed reduction advised
EVT449982,2025-12-09 13:32:55,Concert,J020,Malleshwaram Circle,11871,Weekday,False,Clear,False,0.0,False,False,0.26,Low,29.8,18.1,86.8,0.065,0.151,0.966,Moderate traffic flow - standard adaptive signal timing in effect
EVT449983,2025-08-08 16:21:29,Sports Fixture,J040,City Market,28237,Weekday,False,Light Rain,True,4.2,False,False,0.728,High,18.7,56.4,346.8,0.214,0.495,0.926,Heavy rain reducing visibility and grip - reduced speed and longer buffer advised
EVT449984,2026-03-08 16:40:55,Local Market Day,J030,MG Road,4338,Weekend,False,Clear,False,0.0,False,False,0.584,High,25.4,44.0,233.4,0.17,0.394,0.99,Moderate traffic flow - standard adaptive signal timing in effect
EVT449985,2026-06-09 10:07:48,Local Market Day,J011,Indiranagar 100ft Road,4215,Weekday,False,Heavy Rain,True,37.8,False,False,1.0,Severe,9.7,78.9,296.4,0.147,0.339,0.867,Heavy rain reducing visibility and grip - reduced speed and longer buffer advised
EVT449986,2025-01-13 07:49:49,Trade Fair,J031,Cubbon Road,6750,Weekday,False,Clear,False,0.0,False,False,0.792,Severe,15.1,55.1,322.7,0.17,0.392,0.968,Heavy congestion detected - signal timing extended and reroute suggested
EVT449987,2025-12-16 21:57:36,Sports Fixture,J031,Cubbon Road,26827,Weekday,False,Clear,False,0.0,False,False,0.367,Moderate,21.7,31.3,245.9,0.157,0.362,0.978,Moderate traffic flow - standard adaptive signal timing in effect
EVT449988,2026-02-14 10:51:47,Local Market Day,J009,Majestic,2897,Weekend,False,Clear,False,0.0,False,False,0.398,Moderate,33.7,29.5,157.1,0.146,0.338,0.946,Moderate traffic flow - standard adaptive signal timing in effect
EVT449989,2025-05-16 14:21:24,Political Rally,J030,MG Road,12461,Weekday,False,Heavy Rain,True,49.9,False,False,0.598,High,22.6,47.5,373.3,0.248,0.573,0.923,Heavy rain reducing visibility and grip - reduced speed and longer buffer advised
EVT449990,2025-08-23 07:50:46,Local Market Day,J012,Koramangala Sony World,2724,Weekend,False,Clear,False,0.0,False,False,0.555,High,16.8,44.5,311.7,0.172,0.398,0.99,Moderate traffic flow - standard adaptive signal timing in effect
EVT449991,2025-08-19 12:08:46,Local Market Day,J030,MG Road,4555,Weekday,False,Clear,False,0.0,False,False,0.273,Low,35.8,22.9,81.3,0.081,0.187,0.99,Moderate traffic flow - standard adaptive signal timing in effect
EVT449992,2025-12-27 08:00:43,Trade Fair,J040,City Market,12462,Weekend,False,Clear,False,0.0,False,False,0.765,Severe,15.5,57.3,300.0,0.157,0.363,0.964,Heavy congestion detected - signal timing extended and reroute suggested
EVT449993,2025-04-11 19:53:37,Concert,J011,Indiranagar 100ft Road,15050,Weekday,False,Clear,False,0.0,False,False,0.797,Severe,14.8,54.8,437.1,0.221,0.511,0.938,Heavy congestion detected - signal timing extended and reroute suggested
EVT449994,2025-02-06 23:07:17,Concert,J011,Indiranagar 100ft Road,15269,Weekday,False,Clear,False,0.0,False,False,0.263,Low,27.9,20.0,166.7,0.142,0.329,0.951,Moderate traffic flow - standard adaptive signal timing in effect
EVT449995,2026-03-03 20:32:32,Concert,J031,Cubbon Road,13284,Weekday,False,Clear,False,0.0,False,False,0.552,High,21.1,40.3,202.5,0.124,0.285,0.94,Moderate traffic flow - standard adaptive signal timing in effect
EVT449996,2025-03-11 08:19:33,Local Market Day,J030,MG Road,3216,Weekday,False,Clear,False,0.0,False,False,0.95,Severe,12.8,70.6,327.2,0.168,0.388,0.919,Heavy congestion detected - signal timing extended and reroute suggested
EVT449997,2025-01-19 20:12:00,Local Market Day,J011,Indiranagar 100ft Road,6364,Weekend,False,Clear,False,0.0,False,False,0.633,High,20.9,43.5,417.0,0.281,0.648,0.967,Moderate traffic flow - standard adaptive signal timing in effect
EVT449998,2025-09-18 08:51:49,Trade Fair,J031,Cubbon Road,7574,Weekday,False,Clear,False,0.0,False,False,1.0,Severe,8.3,72.4,438.0,0.171,0.395,0.899,Heavy congestion detected - signal timing extended and reroute suggested
EVT449999,2025-03-22 15:44:20,Political Rally,J040,City Market,26448,Weekend,False,Clear,False,0.0,False,False,0.491,Moderate,26.0,34.6,104.7,0.067,0.154,0.99,Moderate traffic flow - standard adaptive signal timing in effect
EVT450000,2026-04-02 07:00:56,Trade Fair,J011,Indiranagar 100ft Road,7570,Weekday,False,Light Rain,True,3.9,False,False,0.52,Moderate,27.1,43.6,250.4,0.192,0.443,0.914,Light rain detected - minor speed reduction advised
EVT450001,2025-05-24 06:58:57,Local Market Day,J011,Indiranagar 100ft Road,4717,Weekend,False,Rain,True,17.6,False,False,0.658,High,25.3,45.5,196.3,0.161,0.373,0.907,Heavy rain reducing visibility and grip - reduced speed and longer buffer advised
EVT450002,2025-09-23 20:44:58,Concert,J023,Basavanagudi,15890,Weekday,False,Heavy Rain,True,29.1,True,False,1.0,Severe,7.7,69.6,517.5,0.166,0.384,0.699,Accident detected nearby - reroute and reduced speed advised
EVT450003,2025-11-06 17:01:40,Sports Fixture,J020,Malleshwaram Circle,29896,Weekday,False,Clear,False,0.0,False,False,0.873,Severe,14.3,59.2,532.8,0.277,0.641,0.945,Heavy congestion detected - signal timing extended and reroute suggested
EVT450004,2026-05-10 13:54:47,Local Market Day,J009,Majestic,3787,Weekend,False,Clear,False,0.0,False,False,0.297,Low,30.4,20.2,168.9,0.148,0.342,0.945,Moderate traffic flow - standard adaptive signal timing in effect
EVT450005,2026-02-13 08:51:41,Concert,J031,Cubbon Road,13096,Weekday,False,Clear,False,0.0,False,False,1.0,Severe,8.8,69.7,704.4,0.259,0.597,0.908,Heavy congestion detected - signal timing extended and reroute suggested
EVT450006,2025-03-08 19:32:49,Sports Fixture,J023,Basavanagudi,37118,Weekend,False,Fog,False,0.0,False,False,0.923,Severe,12.4,62.8,386.9,0.194,0.448,0.942,Heavy congestion detected - signal timing extended and reroute suggested
EVT450007,2025-08-17 11:35:44,Sports Fixture,J040,City Market,18666,Weekend,False,Rain,True,11.8,False,False,0.444,Moderate,20.7,21.6,118.9,0.099,0.229,0.896,Light rain detected - minor speed reduction advised
EVT450008,2025-11-15 16:44:41,Sports Fixture,J020,Malleshwaram Circle,27788,Weekend,False,Clear,False,0.0,False,False,0.7,High,16.6,51.4,328.3,0.189,0.437,0.966,Moderate traffic flow - standard adaptive signal timing in effect
EVT450009,2026-03-23 16:24:49,Trade Fair,J020,Malleshwaram Circle,13163,Weekday,False,Clear,False,0.0,False,False,0.579,High,22.0,41.7,297.4,0.21,0.484,0.959,Moderate traffic flow - standard adaptive signal timing in effect
EVT450010,2025-08-26 13:46:26,Local Market Day,J030,MG Road,2700,Weekday,False,Clear,False,0.0,False,False,0.123,Low,34.6,9.7,104.2,0.084,0.194,0.953,Normal free-flow traffic - standard signal timing maintained
EVT450011,2025-09-01 17:30:32,Concert,J030,MG Road,11697,Weekday,False,Light Rain,True,3.6,False,False,1.0,Severe,5.9,74.9,487.5,0.134,0.31,0.829,Heavy rain reducing visibility and grip - reduced speed and longer buffer advised
EVT450012,2025-06-04 06:46:28,Sports Fixture,J023,Basavanagudi,35381,Weekday,False,Clear,False,0.0,False,False,0.555,High,26.8,34.7,107.6,0.077,0.177,0.963,Moderate traffic flow - standard adaptive signal timing in effect
EVT450013,2025-09-20 19:00:45,Concert,J030,MG Road,14160,Weekend,False,Clear,False,0.0,False,False,0.913,Severe,9.1,68.7,362.3,0.14,0.324,0.935,Heavy congestion detected - signal timing extended and reroute suggested
EVT450014,2025-08-07 16:04:17,Political Rally,J030,MG Road,23780,Weekday,False,Heavy Rain,True,59.1,False,False,0.909,Severe,11.2,64.3,181.9,0.08,0.185,0.908,Heavy rain reducing visibility and grip - reduced speed and longer buffer advised
EVT450015,2025-01-27 07:16:39,Religious Festival,J023,Basavanagudi,47719,Weekday,True,Clear,False,0.0,False,False,0.958,Severe,11.6,71.2,276.4,0.111,0.256,0.87,Festival crowd surge detected - alternate route and extended cycle recommended
EVT450016,2025-08-15 07:27:25,Religious Festival,J023,Basavanagudi,34516,Weekday,True,Clear,False,0.0,False,True,1.0,Severe,7.9,104.5,359.3,0.102,0.236,0.839,Road closure for event/procession - full detour recommended for through-traffic
EVT450017,2025-01-27 07:15:44,Religious Festival,J012,Koramangala Sony World,72636,Weekday,True,Clear,False,0.0,False,True,1.0,Severe,8.6,109.4,231.3,0.09,0.208,0.814,Road closure for event/procession - full detour recommended for through-traffic
EVT450018,2025-06-09 18:59:51,Local Market Day,J009,Majestic,7641,Weekday,False,Heavy Rain,True,41.1,False,False,1.0,Severe,7.5,75.3,414.8,0.128,0.295,0.878,Heavy rain reducing visibility and grip - reduced speed and longer buffer advised
EVT450019,2026-06-20 08:45:25,Local Market Day,J030,MG Road,4526,Weekend,False,Rain,True,14.0,False,False,1.0,Severe,7.4,72.2,611.1,0.196,0.454,0.857,Heavy rain reducing visibility and grip - reduced speed and longer buffer advised
EVT450020,2025-10-02 09:38:30,Religious Festival,J030,MG Road,60888,Weekday,True,Rain,True,9.3,False,True,1.0,Severe,6.0,101.3,1324.0,0.335,0.774,0.757,Road closure for event/procession - full detour recommended for through-traffic
EVT450021,2025-02-15 16:08:26,Trade Fair,J023,Basavanagudi,13448,Weekend,False,Clear,False,0.0,False,False,0.531,Moderate,25.1,33.2,185.0,0.14,0.323,0.96,Moderate traffic flow - standard adaptive signal timing in effect
EVT450022,2025-07-25 11:49:44,Concert,J031,Cubbon Road,12618,Weekday,False,Rain,True,11.5,False,False,0.388,Moderate,28.6,22.9,195.4,0.151,0.349,0.924,Light rain detected - minor speed reduction advised
EVT450023,2025-04-20 18:39:34,Sports Fixture,J011,Indiranagar 100ft Road,14343,Weekend,False,Clear,False,0.0,False,False,0.891,Severe,12.0,58.9,153.0,0.071,0.163,0.952,Heavy congestion detected - signal timing extended and reroute suggested
EVT450024,2026-04-01 08:41:23,Sports Fixture,J009,Majestic,18854,Weekday,False,Rain,True,9.8,False,False,1.0,Severe,9.5,68.0,389.3,0.152,0.352,0.872,Heavy rain reducing visibility and grip - reduced speed and longer buffer advised
EVT450025,2025-04-05 09:49:15,Political Rally,J031,Cubbon Road,25606,Weekend,False,Clear,False,0.0,False,False,0.882,Severe,13.4,59.0,344.2,0.175,0.404,0.926,Heavy congestion detected - signal timing extended and reroute suggested
EVT450026,2026-01-10 21:52:24,Local Market Day,J031,Cubbon Road,3162,Weekend,False,Clear,False,0.0,False,False,0.316,Low,32.6,21.4,125.2,0.106,0.246,0.968,Moderate traffic flow - standard adaptive signal timing in effect
EVT450027,2026-01-30 19:47:43,Concert,J030,MG Road,17054,Weekday,False,Clear,False,0.0,False,False,0.801,Severe,17.4,60.5,288.6,0.176,0.406,0.953,Heavy congestion detected - signal timing extended and reroute suggested
EVT450028,2025-11-24 05:23:58,Sports Fixture,J030,MG Road,37280,Weekday,False,Clear,False,0.0,False,False,0.435,Moderate,25.6,30.1,164.4,0.11,0.253,0.963,Moderate traffic flow - standard adaptive signal timing in effect
EVT450029,2026-04-18 20:49:31,Local Market Day,J040,City Market,3895,Weekend,False,Rain,True,9.5,False,False,0.62,High,21.1,38.2,367.7,0.25,0.578,0.909,Heavy rain reducing visibility and grip - reduced speed and longer buffer advised
EVT450030,2026-04-18 15:30:22,Local Market Day,J023,Basavanagudi,3107,Weekend,False,Light Rain,True,7.4,False,False,0.506,Moderate,28.2,32.2,87.8,0.073,0.169,0.943,Light rain detected - minor speed reduction advised
EVT450031,2025-12-07 10:14:20,Local Market Day,J020,Malleshwaram Circle,2684,Weekend,False,Clear,False,0.0,False,False,0.646,High,22.9,50.3,98.2,0.066,0.152,0.932,Moderate traffic flow - standard adaptive signal timing in effect
EVT450032,2025-12-01 14:27:46,Political Rally,J023,Basavanagudi,22450,Weekday,False,Clear,False,0.0,False,False,0.292,Low,34.1,20.3,113.3,0.122,0.281,0.95,Moderate traffic flow - standard adaptive signal timing in effect
EVT450033,2026-02-10 20:22:23,Local Market Day,J023,Basavanagudi,2987,Weekday,False,Clear,False,0.0,False,False,0.594,High,21.9,38.6,232.7,0.144,0.332,0.974,Moderate traffic flow - standard adaptive signal timing in effect
EVT450034,2025-06-01 15:25:16,Concert,J040,City Market,11502,Weekend,False,Rain,True,10.2,False,False,0.54,Moderate,22.4,43.6,186.0,0.151,0.348,0.902,Light rain detected - minor speed reduction advised
EVT450035,2026-01-05 15:04:55,Political Rally,J031,Cubbon Road,16331,Weekday,False,Clear,False,0.0,False,False,0.282,Low,25.8,18.9,153.6,0.088,0.202,0.969,Moderate traffic flow - standard adaptive signal timing in effect
EVT450036,2025-07-27 13:02:24,Trade Fair,J030,MG Road,7720,Weekend,False,Clear,False,0.0,False,False,0.245,Low,33.1,18.8,170.0,0.181,0.418,0.953,Normal free-flow traffic - standard signal timing maintained
EVT450037,2025-12-18 21:34:56,Sports Fixture,J020,Malleshwaram Circle,13989,Weekday,False,Clear,False,0.0,False,False,0.481,Moderate,26.8,35.0,156.3,0.121,0.28,0.967,Moderate traffic flow - standard adaptive signal timing in effect
EVT450038,2025-06-15 16:23:21,Sports Fixture,J011,Indiranagar 100ft Road,27900,Weekend,False,Light Rain,True,7.2,False,False,0.732,High,17.2,56.6,260.1,0.154,0.357,0.913,Heavy rain reducing visibility and grip - reduced speed and longer buffer advised
EVT450039,2025-07-14 00:32:54,Sports Fixture,J023,Basavanagudi,27964,Weekday,False,Rain,True,8.8,False,False,0.42,Moderate,31.2,32.9,173.2,0.139,0.321,0.908,Light rain detected - minor speed reduction advised
EVT450040,2026-04-24 21:00:22,Local Market Day,J030,MG Road,4854,Weekday,False,Clear,False,0.0,False,False,0.481,Moderate,24.3,33.1,168.5,0.129,0.299,0.963,Moderate traffic flow - standard adaptive signal timing in effect
EVT450041,2025-07-11 10:48:21,Sports Fixture,J023,Basavanagudi,34900,Weekday,False,Rain,True,12.1,False,False,0.894,Severe,13.0,61.1,171.5,0.085,0.197,0.904,Heavy rain reducing visibility and grip - reduced speed and longer buffer advised
EVT450042,2026-05-27 16:03:25,Trade Fair,J030,MG Road,14369,Weekday,False,Clear,False,0.0,False,False,0.464,Moderate,28.8,35.9,129.2,0.103,0.237,0.986,Moderate traffic flow - standard adaptive signal timing in effect
EVT450043,2025-09-24 14:32:48,Trade Fair,J009,Majestic,7842,Weekday,False,Clear,False,0.0,False,False,0.233,Low,27.0,18.0,79.2,0.042,0.097,0.982,Normal free-flow traffic - standard signal timing maintained
EVT450044,2025-09-27 08:07:53,Local Market Day,J009,Majestic,4592,Weekend,False,Heavy Rain,True,36.9,False,False,1.0,Severe,10.0,75.7,228.4,0.103,0.238,0.869,Heavy rain reducing visibility and grip - reduced speed and longer buffer advised
EVT450045,2025-02-09 17:50:05,Concert,J040,City Market,7479,Weekend,False,Clear,False,0.0,False,False,0.76,Severe,16.9,53.0,235.1,0.129,0.299,0.99,Heavy congestion detected - signal timing extended and reroute suggested
EVT450046,2025-07-14 17:15:11,Trade Fair,J009,Majestic,12710,Weekday,False,Clear,False,0.0,False,False,0.893,Severe,11.2,63.3,461.2,0.195,0.451,0.93,Heavy congestion detected - signal timing extended and reroute suggested
EVT450047,2025-11-13 13:15:37,Local Market Day,J040,City Market,3832,Weekday,False,Clear,False,0.0,False,False,0.105,Low,33.0,6.2,97.1,0.082,0.189,0.972,Normal free-flow traffic - standard signal timing maintained
EVT450048,2026-04-24 06:36:44,Sports Fixture,J040,City Market,17371,Weekday,False,Clear,False,0.0,False,False,0.443,Moderate,26.6,30.6,139.6,0.108,0.25,0.957,Moderate traffic flow - standard adaptive signal timing in effect
EVT450049,2025-06-03 12:48:37,Local Market Day,J031,Cubbon Road,4821,Weekday,False,Light Rain,True,5.4,False,False,0.255,Low,40.1,20.5,118.9,0.104,0.239,0.903,Light rain detected - minor speed reduction advised
EVT450050,2025-02-05 17:00:26,Local Market Day,J012,Koramangala Sony World,3232,Weekday,False,Clear,False,0.0,False,False,0.653,High,22.0,44.5,359.9,0.263,0.607,0.969,Moderate traffic flow - standard adaptive signal timing in effect
EVT450051,2025-06-13 05:33:25,Concert,J031,Cubbon Road,22234,Weekday,False,Heavy Rain,True,60.4,False,False,0.68,High,22.6,48.4,192.1,0.156,0.36,0.912,Heavy rain reducing visibility and grip - reduced speed and longer buffer advised
EVT450052,2025-04-03 10:54:41,Political Rally,J030,MG Road,26464,Weekday,False,Clear,False,0.0,False,False,0.546,Moderate,25.1,39.1,198.7,0.149,0.345,0.977,Moderate traffic flow - standard adaptive signal timing in effect
EVT450053,2025-03-28 21:12:27,Sports Fixture,J023,Basavanagudi,24927,Weekday,False,Clear,False,0.0,False,False,0.522,Moderate,23.3,40.8,300.5,0.198,0.459,0.988,Moderate traffic flow - standard adaptive signal timing in effect
EVT450054,2025-09-25 20:39:57,Trade Fair,J011,Indiranagar 100ft Road,5894,Weekday,False,Clear,False,0.0,False,False,0.561,High,24.6,37.3,150.6,0.113,0.261,0.983,Moderate traffic flow - standard adaptive signal timing in effect
EVT450055,2026-01-01 18:21:01,Religious Festival,J012,Koramangala Sony World,58244,Weekday,True,Clear,False,0.0,False,True,1.0,Severe,8.0,93.5,651.8,0.245,0.565,0.848,Road closure for event/procession - full detour recommended for through-traffic
EVT450056,2025-05-27 15:32:12,Sports Fixture,J023,Basavanagudi,36456,Weekday,False,Clear,False,0.0,False,False,0.556,High,21.0,41.4,253.3,0.155,0.358,0.948,Moderate traffic flow - standard adaptive signal timing in effect
EVT450057,2026-05-06 07:10:34,Local Market Day,J023,Basavanagudi,2335,Weekday,False,Clear,False,0.0,False,False,0.468,Moderate,19.6,28.0,135.7,0.089,0.205,0.943,Moderate traffic flow - standard adaptive signal timing in effect
EVT450058,2025-06-02 19:11:46,Sports Fixture,J031,Cubbon Road,25814,Weekday,False,Clear,False,0.0,False,False,1.0,Severe,7.8,79.8,794.0,0.243,0.562,0.923,Heavy congestion detected - signal timing extended and reroute suggested
EVT450059,2025-11-03 22:55:56,Concert,J030,MG Road,16146,Weekday,False,Light Rain,True,5.4,False,False,0.399,Moderate,28.9,25.0,176.8,0.158,0.365,0.917,Light rain detected - minor speed reduction advised
EVT450060,2025-09-17 09:14:38,Trade Fair,J011,Indiranagar 100ft Road,8199,Weekday,False,Heavy Rain,True,25.6,False,False,1.0,Severe,11.7,70.2,399.0,0.181,0.418,0.85,Heavy rain reducing visibility and grip - reduced speed and longer buffer advised
EVT450061,2026-02-20 08:34:05,Concert,J011,Indiranagar 100ft Road,11177,Weekday,False,Rain,True,7.5,False,False,1.0,Severe,7.9,75.2,488.4,0.162,0.374,0.856,Heavy rain reducing visibility and grip - reduced speed and longer buffer advised
EVT450062,2025-08-20 06:04:51,Political Rally,J040,City Market,25458,Weekday,False,Rain,True,8.5,False,False,0.494,Moderate,24.0,36.4,158.1,0.145,0.335,0.904,Light rain detected - minor speed reduction advised
EVT450063,2025-06-01 17:10:12,Political Rally,J012,Koramangala Sony World,14102,Weekend,False,Rain,True,7.5,False,False,0.881,Severe,12.7,65.5,229.7,0.11,0.254,0.891,Heavy rain reducing visibility and grip - reduced speed and longer buffer advised
EVT450064,2025-07-05 04:49:11,Concert,J020,Malleshwaram Circle,20307,Weekend,False,Clear,False,0.0,False,False,0.312,Low,31.7,21.4,109.4,0.092,0.213,0.963,Moderate traffic flow - standard adaptive signal timing in effect
EVT450065,2025-05-30 17:14:56,Concert,J009,Majestic,9353,Weekday,False,Rain,True,16.6,False,False,0.973,Severe,8.5,72.6,552.3,0.17,0.394,0.85,Heavy rain reducing visibility and grip - reduced speed and longer buffer advised
EVT450066,2026-05-27 18:17:31,Sports Fixture,J030,MG Road,32709,Weekday,False,Clear,False,0.0,False,False,1.0,Severe,7.8,66.6,758.4,0.266,0.614,0.933,Heavy congestion detected - signal timing extended and reroute suggested
EVT450067,2025-03-23 12:24:05,Trade Fair,J023,Basavanagudi,6678,Weekend,False,Clear,False,0.0,False,False,0.242,Low,35.0,21.0,53.1,0.037,0.085,0.973,Normal free-flow traffic - standard signal timing maintained
EVT450068,2025-05-08 19:22:39,Local Market Day,J012,Koramangala Sony World,4561,Weekday,False,Clear,False,0.0,False,False,0.889,Severe,12.1,63.6,489.1,0.236,0.544,0.964,Heavy congestion detected - signal timing extended and reroute suggested
EVT450069,2025-12-29 10:46:04,Local Market Day,J030,MG Road,4940,Weekday,False,Clear,False,0.0,False,False,0.523,Moderate,28.9,35.7,156.4,0.127,0.293,0.974,Moderate traffic flow - standard adaptive signal timing in effect
EVT450070,2026-03-07 19:28:36,Sports Fixture,J031,Cubbon Road,28723,Weekend,False,Clear,False,0.0,False,False,0.885,Severe,12.5,69.0,321.2,0.143,0.33,0.951,Heavy congestion detected - signal timing extended and reroute suggested
EVT450071,2025-03-19 09:57:46,Sports Fixture,J020,Malleshwaram Circle,26688,Weekday,False,Clear,False,0.0,False,False,0.928,Severe,12.2,70.3,435.8,0.213,0.491,0.927,Heavy congestion detected - signal timing extended and reroute suggested
EVT450072,2025-06-18 19:28:27,Trade Fair,J023,Basavanagudi,22393,Weekday,False,Rain,True,16.2,False,False,1.0,Severe,7.8,69.1,753.2,0.23,0.53,0.866,Heavy rain reducing visibility and grip - reduced speed and longer buffer advised
EVT450073,2025-07-07 08:16:22,Political Rally,J023,Basavanagudi,12195,Weekday,False,Clear,False,0.0,False,False,0.971,Severe,9.4,67.5,645.4,0.25,0.577,0.908,Heavy congestion detected - signal timing extended and reroute suggested
EVT450074,2025-09-29 10:12:08,Local Market Day,J030,MG Road,7121,Weekday,False,Clear,False,0.0,False,False,0.78,Severe,13.8,54.1,268.4,0.116,0.268,0.944,Heavy congestion detected - signal timing extended and reroute suggested
EVT450075,2025-06-25 18:59:33,Local Market Day,J030,MG Road,3559,Weekday,False,Clear,False,0.0,False,False,0.957,Severe,7.8,71.8,620.9,0.186,0.43,0.919,Heavy congestion detected - signal timing extended and reroute suggested
EVT450076,2026-05-23 18:56:58,Sports Fixture,J030,MG Road,24825,Weekend,False,Clear,False,0.0,False,False,1.0,Severe,8.3,67.9,595.7,0.206,0.476,0.928,Heavy congestion detected - signal timing extended and reroute suggested
EVT450077,2025-08-26 06:01:07,Sports Fixture,J023,Basavanagudi,16803,Weekday,False,Heavy Rain,True,28.7,False,False,0.604,High,20.1,46.0,240.2,0.148,0.342,0.933,Heavy rain reducing visibility and grip - reduced speed and longer buffer advised
EVT450078,2025-09-14 15:41:10,Trade Fair,J023,Basavanagudi,5931,Weekend,False,Clear,False,0.0,False,False,0.373,Moderate,28.7,23.7,166.0,0.146,0.338,0.94,Moderate traffic flow - standard adaptive signal timing in effect
EVT450079,2025-11-09 02:02:28,Local Market Day,J011,Indiranagar 100ft Road,2810,Weekend,False,Light Rain,True,3.8,False,False,0.416,Moderate,26.6,31.7,184.3,0.142,0.329,0.903,Light rain detected - minor speed reduction advised
EVT450080,2025-10-02 10:24:01,Religious Festival,J009,Majestic,43243,Weekday,True,Rain,True,14.4,False,True,1.0,Severe,9.6,99.8,737.6,0.278,0.643,0.809,Road closure for event/procession - full detour recommended for through-traffic
EVT450081,2026-01-21 06:14:31,Sports Fixture,J031,Cubbon Road,19664,Weekday,False,Clear,False,0.0,False,False,0.376,Moderate,30.1,18.4,112.2,0.103,0.238,0.958,Moderate traffic flow - standard adaptive signal timing in effect
EVT450082,2025-07-08 18:43:35,Sports Fixture,J009,Majestic,21561,Weekday,False,Heavy Rain,True,28.1,False,False,1.0,Severe,10.2,68.9,497.0,0.189,0.436,0.87,Heavy rain reducing visibility and grip - reduced speed and longer buffer advised
EVT450083,2025-03-14 18:07:31,Religious Festival,J040,City Market,68745,Weekday,True,Clear,False,0.0,False,True,1.0,Severe,6.6,97.2,648.7,0.199,0.461,0.853,Road closure for event/procession - full detour recommended for through-traffic
EVT450084,2026-02-23 17:27:37,Concert,J011,Indiranagar 100ft Road,10587,Weekday,False,Fog,False,0.0,False,False,0.88,Severe,14.0,65.9,574.1,0.299,0.691,0.926,Heavy congestion detected - signal timing extended and reroute suggested
EVT450085,2025-07-16 08:18:11,Sports Fixture,J031,Cubbon Road,16114,Weekday,False,Rain,True,21.2,False,False,1.0,Severe,7.5,71.1,491.1,0.152,0.351,0.877,Heavy rain reducing visibility and grip - reduced speed and longer buffer advised
EVT450086,2025-01-18 16:20:39,Local Market Day,J031,Cubbon Road,5575,Weekend,False,Clear,False,0.0,False,False,0.488,Moderate,26.4,31.5,191.0,0.149,0.343,0.982,Moderate traffic flow - standard adaptive signal timing in effect
EVT450087,2025-07-15 14:12:22,Trade Fair,J023,Basavanagudi,8689,Weekday,False,Rain,True,12.3,False,False,0.437,Moderate,25.3,28.4,158.6,0.107,0.247,0.906,Light rain detected - minor speed reduction advised
EVT450088,2025-03-02 22:38:26,Sports Fixture,J023,Basavanagudi,36413,Weekend,False,Clear,False,0.0,False,False,0.518,Moderate,22.5,34.2,238.3,0.137,0.317,0.974,Moderate traffic flow - standard adaptive signal timing in effect
EVT450089,2025-05-17 22:46:19,Local Market Day,J040,City Market,4623,Weekend,False,Clear,False,0.0,False,False,0.235,Low,34.4,13.5,130.7,0.121,0.28,0.981,Normal free-flow traffic - standard signal timing maintained
EVT450090,2026-04-18 18:18:39,Political Rally,J040,City Market,11402,Weekend,False,Clear,False,0.0,False,False,0.88,Severe,12.0,63.7,425.2,0.184,0.425,0.926,Heavy congestion detected - signal timing extended and reroute suggested
EVT450091,2025-08-18 07:59:19,Local Market Day,J030,MG Road,2768,Weekday,False,Heavy Rain,True,52.4,False,False,1.0,Severe,9.3,66.2,210.7,0.079,0.184,0.876,Heavy rain reducing visibility and grip - reduced speed and longer buffer advised
EVT450092,2025-06-05 06:50:26,Concert,J012,Koramangala Sony World,15687,Weekday,False,Clear,False,0.0,False,False,0.403,Moderate,27.5,33.0,260.0,0.177,0.409,0.978,Moderate traffic flow - standard adaptive signal timing in effect
EVT450093,2026-03-07 07:04:25,Trade Fair,J020,Malleshwaram Circle,5170,Weekend,False,Clear,False,0.0,False,False,0.427,Moderate,30.1,31.7,183.6,0.152,0.35,0.974,Moderate traffic flow - standard adaptive signal timing in effect
EVT450094,2025-10-22 12:46:26,Cultural Procession,J009,Majestic,20822,Weekday,True,Clear,False,0.0,False,True,0.649,Moderate,17.9,70.7,340.0,0.21,0.485,0.886,Road closure for event/procession - full detour recommended for through-traffic
EVT450095,2026-04-17 10:32:56,Trade Fair,J031,Cubbon Road,22536,Weekday,False,Light Rain,True,2.9,False,False,0.742,High,16.9,57.2,354.9,0.2,0.461,0.906,Heavy rain reducing visibility and grip - reduced speed and longer buffer advised
EVT450096,2025-10-02 10:43:51,Cultural Procession,J012,Koramangala Sony World,26163,Weekday,True,Heavy Rain,True,32.9,False,True,1.0,Severe,7.3,97.9,272.0,0.099,0.228,0.792,Road closure for event/procession - full detour recommended for through-traffic
EVT450097,2025-06-10 14:22:02,Trade Fair,J012,Koramangala Sony World,5305,Weekday,False,Clear,False,0.0,False,False,0.203,Low,34.7,11.8,117.8,0.118,0.272,0.929,Normal free-flow traffic - standard signal timing maintained
EVT450098,2026-05-12 19:23:43,Concert,J009,Majestic,24027,Weekday,False,Rain,True,14.6,False,False,1.0,Severe,6.6,68.9,517.4,0.145,0.335,0.873,Heavy rain reducing visibility and grip - reduced speed and longer buffer advised
EVT450099,2025-04-02 09:34:20,Local Market Day,J009,Majestic,3683,Weekday,False,Clear,False,0.0,False,False,0.916,Severe,13.3,66.8,266.0,0.136,0.315,0.909,Heavy congestion detected - signal timing extended and reroute suggested
EVT450100,2026-02-20 23:25:06,Sports Fixture,J023,Basavanagudi,12550,Weekday,False,Clear,False,0.0,False,False,0.218,Low,29.4,10.3,212.5,0.159,0.367,0.961,Normal free-flow traffic - standard signal timing maintained
EVT450101,2025-01-22 17:26:29,Local Market Day,J012,Koramangala Sony World,2809,Weekday,False,Clear,False,0.0,False,False,0.866,Severe,14.1,64.7,335.0,0.177,0.408,0.928,Heavy congestion detected - signal timing extended and reroute suggested
EVT450102,2025-08-19 18:02:13,Concert,J020,Malleshwaram Circle,9482,Weekday,False,Heavy Rain,True,27.9,False,False,1.0,Severe,8.8,70.1,402.8,0.153,0.353,0.876,Heavy rain reducing visibility and grip - reduced speed and longer buffer advised
EVT450103,2025-03-03 15:22:52,Concert,J009,Majestic,8464,Weekday,False,Clear,False,0.0,False,False,0.289,Low,31.1,16.2,139.9,0.105,0.242,0.975,Moderate traffic flow - standard adaptive signal timing in effect
EVT450104,2025-09-25 11:11:46,Sports Fixture,J009,Majestic,32631,Weekday,False,Rain,True,11.1,False,False,0.701,High,20.3,52.5,224.0,0.133,0.307,0.915,Heavy rain reducing visibility and grip - reduced speed and longer buffer advised
EVT450105,2025-03-29 20:28:21,Local Market Day,J012,Koramangala Sony World,7480,Weekend,False,Clear,False,0.0,False,False,0.589,High,19.3,48.4,160.7,0.111,0.255,0.969,Moderate traffic flow - standard adaptive signal timing in effect
EVT450106,2025-01-21 07:21:48,Local Market Day,J023,Basavanagudi,6923,Weekday,False,Fog,False,0.0,False,False,0.617,High,21.6,45.0,195.9,0.142,0.327,0.97,Moderate traffic flow - standard adaptive signal timing in effect
EVT450107,2026-02-18 23:54:37,Trade Fair,J009,Majestic,15063,Weekday,False,Clear,False,0.0,False,False,0.206,Low,39.4,12.3,108.7,0.097,0.225,0.964,Normal free-flow traffic - standard signal timing maintained
EVT450108,2025-06-08 19:55:07,Trade Fair,J023,Basavanagudi,5242,Weekend,False,Clear,False,0.0,False,False,0.628,High,22.1,43.4,238.3,0.16,0.37,0.974,Moderate traffic flow - standard adaptive signal timing in effect
EVT450109,2025-03-08 01:00:17,Local Market Day,J012,Koramangala Sony World,3562,Weekend,False,Clear,False,0.0,True,False,0.636,High,21.2,42.1,265.9,0.181,0.418,0.822,Accident detected nearby - reroute and reduced speed advised
EVT450110,2026-02-26 08:43:06,Sports Fixture,J023,Basavanagudi,30333,Weekday,False,Clear,False,0.0,False,False,1.0,Severe,9.1,73.8,507.0,0.181,0.419,0.931,Heavy congestion detected - signal timing extended and reroute suggested
EVT450111,2025-03-09 15:32:29,Concert,J023,Basavanagudi,16571,Weekend,False,Clear,False,0.0,False,False,0.416,Moderate,22.7,30.7,173.6,0.126,0.291,0.958,Moderate traffic flow - standard adaptive signal timing in effect
EVT450112,2025-11-13 08:36:23,Trade Fair,J009,Majestic,11346,Weekday,False,Clear,False,0.0,False,False,1.0,Severe,8.7,62.5,266.9,0.112,0.26,0.885,Heavy congestion detected - signal timing extended and reroute suggested
EVT450113,2025-08-24 14:38:31,Sports Fixture,J011,Indiranagar 100ft Road,24587,Weekend,False,Rain,True,13.9,False,False,0.59,High,20.6,41.7,305.8,0.193,0.447,0.897,Heavy rain reducing visibility and grip - reduced speed and longer buffer advised
EVT450114,2025-03-23 13:27:59,Local Market Day,J023,Basavanagudi,3117,Weekend,False,Clear,False,0.0,False,False,0.208,Low,35.3,13.1,148.6,0.145,0.336,0.978,Normal free-flow traffic - standard signal timing maintained
EVT450115,2026-03-05 08:11:03,Cultural Procession,J031,Cubbon Road,6999,Weekday,True,Clear,False,0.0,False,True,1.0,Severe,8.5,101.0,418.6,0.147,0.339,0.83,Road closure for event/procession - full detour recommended for through-traffic
EVT450116,2025-02-02 17:06:06,Political Rally,J009,Majestic,15544,Weekend,False,Clear,False,0.0,False,False,0.806,Severe,12.5,58.0,443.2,0.216,0.498,0.958,Heavy congestion detected - signal timing extended and reroute suggested
EVT450117,2026-04-17 15:26:25,Sports Fixture,J023,Basavanagudi,29299,Weekday,False,Clear,False,0.0,False,False,0.528,Moderate,25.0,35.8,213.9,0.148,0.343,0.963,Moderate traffic flow - standard adaptive signal timing in effect
EVT450118,2026-01-16 22:12:04,Concert,J009,Majestic,8101,Weekday,False,Clear,False,0.0,False,False,0.304,Low,28.2,19.1,176.9,0.132,0.305,0.966,Moderate traffic flow - standard adaptive signal timing in effect
EVT450119,2025-01-25 06:18:42,Concert,J011,Indiranagar 100ft Road,17229,Weekend,False,Clear,False,0.0,False,False,0.375,Moderate,21.9,25.4,83.5,0.052,0.12,0.987,Moderate traffic flow - standard adaptive signal timing in effect
EVT450120,2025-07-28 04:38:15,Concert,J040,City Market,19169,Weekday,False,Light Rain,True,6.2,True,False,0.77,Severe,12.5,62.3,494.0,0.211,0.487,0.727,Accident detected nearby - reroute and reduced speed advised
EVT450121,2026-03-20 08:05:20,Cultural Procession,J009,Majestic,10022,Weekday,True,Clear,False,0.0,False,True,1.0,Severe,10.1,102.9,299.8,0.108,0.249,0.847,Road closure for event/procession - full detour recommended for through-traffic
EVT450122,2025-05-09 12:17:57,Concert,J011,Indiranagar 100ft Road,8053,Weekday,False,Clear,False,0.0,False,False,0.288,Low,25.9,22.4,131.8,0.088,0.204,0.965,Moderate traffic flow - standard adaptive signal timing in effect
EVT450123,2026-02-26 09:58:11,Trade Fair,J023,Basavanagudi,8441,Weekday,False,Clear,False,0.0,False,False,0.868,Severe,11.0,54.1,319.7,0.119,0.274,0.945,Heavy congestion detected - signal timing extended and reroute suggested
EVT450124,2025-03-28 18:13:48,Concert,J020,Malleshwaram Circle,14910,Weekday,False,Clear,False,0.0,False,False,1.0,Severe,7.0,67.2,681.9,0.214,0.493,0.926,Heavy congestion detected - signal timing extended and reroute suggested
EVT450125,2025-02-19 06:10:22,Concert,J012,Koramangala Sony World,10440,Weekday,False,Clear,False,0.0,False,False,0.381,Moderate,32.5,29.7,143.1,0.134,0.309,0.953,Moderate traffic flow - standard adaptive signal timing in effect
EVT450126,2025-09-30 10:37:01,Political Rally,J023,Basavanagudi,17959,Weekday,False,Light Rain,True,6.1,False,False,0.671,High,18.4,47.2,211.8,0.119,0.274,0.882,Heavy rain reducing visibility and grip - reduced speed and longer buffer advised
EVT450127,2026-02-17 12:31:49,Trade Fair,J040,City Market,10338,Weekday,False,Clear,False,0.0,False,False,0.183,Low,36.9,17.5,116.8,0.112,0.259,0.96,Normal free-flow traffic - standard signal timing maintained
EVT450128,2025-08-09 19:26:51,Local Market Day,J011,Indiranagar 100ft Road,3833,Weekend,False,Heavy Rain,True,81.7,False,False,1.0,Severe,7.6,65.5,282.6,0.095,0.218,0.855,Heavy rain reducing visibility and grip - reduced speed and longer buffer advised
EVT450129,2025-05-26 09:12:22,Trade Fair,J040,City Market,5827,Weekday,False,Clear,False,0.0,False,False,0.983,Severe,9.8,67.9,343.8,0.135,0.312,0.901,Heavy congestion detected - signal timing extended and reroute suggested
EVT450130,2026-06-13 07:25:05,Trade Fair,J009,Majestic,11820,Weekend,False,Clear,False,0.0,False,False,0.641,High,18.8,50.1,195.3,0.123,0.285,0.96,Moderate traffic flow - standard adaptive signal timing in effect
EVT450131,2025-10-12 07:31:43,Sports Fixture,J020,Malleshwaram Circle,22367,Weekend,False,Heavy Rain,True,36.8,False,False,1.0,Severe,8.0,74.2,683.6,0.251,0.58,0.863,Heavy rain reducing visibility and grip - reduced speed and longer buffer advised
EVT450132,2025-12-09 16:36:45,Concert,J030,MG Road,31670,Weekday,False,Clear,False,0.0,False,False,0.709,High,19.7,60.1,158.1,0.097,0.223,0.955,Moderate traffic flow - standard adaptive signal timing in effect
EVT450133,2025-05-08 13:24:13,Local Market Day,J030,MG Road,7555,Weekday,False,Clear,False,0.0,False,False,0.29,Low,37.2,23.7,97.9,0.095,0.219,0.948,Moderate traffic flow - standard adaptive signal timing in effect
EVT450134,2025-09-14 14:57:49,Sports Fixture,J030,MG Road,22976,Weekend,False,Heavy Rain,True,32.1,False,False,0.709,High,19.6,48.4,294.0,0.187,0.432,0.897,Heavy rain reducing visibility and grip - reduced speed and longer buffer advised
EVT450135,2025-04-27 18:08:39,Concert,J023,Basavanagudi,10201,Weekend,False,Clear,False,0.0,False,False,0.858,Severe,12.4,67.4,335.3,0.173,0.399,0.965,Heavy congestion detected - signal timing extended and reroute suggested
EVT450136,2025-02-24 09:51:01,Concert,J030,MG Road,11659,Weekday,False,Clear,False,0.0,False,False,0.862,Severe,16.0,59.4,307.6,0.201,0.464,0.946,Heavy congestion detected - signal timing extended and reroute suggested
EVT450137,2025-08-07 07:09:24,Sports Fixture,J009,Majestic,29325,Weekday,False,Clear,False,0.0,False,False,0.586,High,25.4,42.7,289.0,0.206,0.476,0.98,Moderate traffic flow - standard adaptive signal timing in effect
EVT450138,2025-01-31 09:07:40,Local Market Day,J030,MG Road,4735,Weekday,False,Clear,False,0.0,False,False,0.999,Severe,9.5,62.9,589.0,0.211,0.487,0.893,Heavy congestion detected - signal timing extended and reroute suggested
EVT450139,2025-01-29 19:27:34,Local Market Day,J023,Basavanagudi,2319,Weekday,False,Clear,False,0.0,False,False,0.863,Severe,12.3,58.6,447.6,0.23,0.532,0.949,Heavy congestion detected - signal timing extended and reroute suggested
EVT450140,2026-02-07 14:40:41,Political Rally,J030,MG Road,34593,Weekend,False,Clear,False,0.0,False,False,0.408,Moderate,28.1,28.0,124.3,0.07,0.161,0.987,Moderate traffic flow - standard adaptive signal timing in effect
EVT450141,2026-06-22 19:06:08,Concert,J030,MG Road,13677,Weekday,False,Clear,False,0.0,False,False,0.977,Severe,9.9,77.1,595.9,0.232,0.535,0.898,Heavy congestion detected - signal timing extended and reroute suggested
EVT450142,2026-04-06 08:51:41,Trade Fair,J031,Cubbon Road,10694,Weekday,False,Clear,False,0.0,False,False,1.0,Severe,6.4,71.0,650.8,0.181,0.418,0.894,Heavy congestion detected - signal timing extended and reroute suggested
EVT450143,2026-03-31 20:40:03,Trade Fair,J012,Koramangala Sony World,9661,Weekday,False,Clear,False,0.0,False,False,0.453,Moderate,27.3,36.4,223.8,0.176,0.406,0.966,Moderate traffic flow - standard adaptive signal timing in effect
EVT450144,2026-06-05 13:23:35,Concert,J023,Basavanagudi,9589,Weekday,False,Rain,True,24.9,False,False,0.478,Moderate,24.1,33.7,241.1,0.162,0.375,0.911,Light rain detected - minor speed reduction advised
EVT450145,2025-01-26 09:32:56,Religious Festival,J011,Indiranagar 100ft Road,26690,Weekend,True,Fog,False,0.0,False,False,1.0,Severe,9.0,65.8,405.5,0.15,0.345,0.891,Festival crowd surge detected - alternate route and extended cycle recommended
EVT450146,2026-02-15 07:22:18,Political Rally,J030,MG Road,12356,Weekend,False,Fog,False,0.0,False,False,0.592,High,19.8,33.5,263.0,0.156,0.361,0.99,Moderate traffic flow - standard adaptive signal timing in effect
EVT450147,2026-01-02 11:10:52,Religious Festival,J023,Basavanagudi,32702,Weekday,True,Clear,False,0.0,False,True,0.93,Severe,9.0,89.8,363.4,0.15,0.347,0.858,Road closure for event/procession - full detour recommended for through-traffic
EVT450148,2025-02-15 12:48:23,Local Market Day,J031,Cubbon Road,3475,Weekend,False,Clear,False,0.0,False,False,0.235,Low,37.6,17.2,82.5,0.074,0.17,0.94,Normal free-flow traffic - standard signal timing maintained
EVT450149,2025-11-15 14:53:18,Local Market Day,J030,MG Road,2873,Weekend,False,Clear,False,0.0,False,False,0.274,Low,41.3,25.0,54.1,0.061,0.141,0.964,Moderate traffic flow - standard adaptive signal timing in effect
EVT450150,2025-03-08 09:41:07,Concert,J023,Basavanagudi,8371,Weekend,False,Clear,False,0.0,False,False,0.843,Severe,14.0,57.5,420.7,0.187,0.431,0.953,Heavy congestion detected - signal timing extended and reroute suggested
EVT450151,2025-08-06 13:53:52,Concert,J020,Malleshwaram Circle,16147,Weekday,False,Heavy Rain,True,27.7,False,False,0.525,Moderate,26.0,31.6,170.8,0.143,0.331,0.912,Light rain detected - minor speed reduction advised
EVT450152,2026-05-17 11:08:54,Concert,J023,Basavanagudi,10972,Weekend,False,Clear,False,0.0,False,False,0.42,Moderate,23.2,32.1,246.8,0.17,0.393,0.969,Moderate traffic flow - standard adaptive signal timing in effect
EVT450153,2025-04-17 15:38:39,Local Market Day,J040,City Market,3925,Weekday,False,Clear,False,0.0,False,False,0.278,Low,32.8,15.3,173.8,0.143,0.33,0.952,Moderate traffic flow - standard adaptive signal timing in effect
EVT450154,2025-09-28 16:03:00,Local Market Day,J023,Basavanagudi,6127,Weekend,False,Clear,False,0.0,False,False,0.412,Moderate,22.4,27.8,259.5,0.154,0.356,0.947,Moderate traffic flow - standard adaptive signal timing in effect
EVT450155,2025-08-14 18:44:43,Local Market Day,J030,MG Road,2811,Weekday,False,Clear,False,0.0,False,False,0.973,Severe,7.4,70.4,633.6,0.166,0.384,0.909,Heavy congestion detected - signal timing extended and reroute suggested
EVT450156,2026-02-19 00:32:13,Trade Fair,J030,MG Road,9456,Weekday,False,Clear,False,0.0,False,False,0.205,Low,29.6,11.3,153.8,0.118,0.272,0.959,Normal free-flow traffic - standard signal timing maintained
EVT450157,2025-10-01 08:47:55,Concert,J031,Cubbon Road,8888,Weekday,False,Rain,True,9.1,False,False,1.0,Severe,7.7,71.3,956.8,0.294,0.679,0.869,Heavy rain reducing visibility and grip - reduced speed and longer buffer advised
EVT450158,2026-03-13 14:19:14,Sports Fixture,J040,City Market,13586,Weekday,False,Clear,False,0.0,False,False,0.218,Low,30.7,14.2,109.8,0.08,0.186,0.968,Normal free-flow traffic - standard signal timing maintained
EVT450159,2025-03-25 15:41:51,Concert,J011,Indiranagar 100ft Road,11268,Weekday,False,Clear,False,0.0,False,False,0.424,Moderate,31.5,32.7,116.3,0.114,0.263,0.963,Moderate traffic flow - standard adaptive signal timing in effect
EVT450160,2025-04-04 20:52:14,Trade Fair,J030,MG Road,5754,Weekday,False,Clear,False,0.0,False,False,0.412,Moderate,25.2,32.2,197.8,0.161,0.373,0.969,Moderate traffic flow - standard adaptive signal timing in effect
EVT450161,2025-04-28 18:14:11,Local Market Day,J011,Indiranagar 100ft Road,4476,Weekday,False,Clear,False,0.0,False,False,1.0,Severe,8.6,68.2,662.3,0.234,0.54,0.901,Heavy congestion detected - signal timing extended and reroute suggested
EVT450162,2025-03-28 21:20:36,Local Market Day,J020,Malleshwaram Circle,5287,Weekday,False,Clear,False,0.0,False,False,0.361,Moderate,27.9,23.7,140.5,0.108,0.249,0.949,Moderate traffic flow - standard adaptive signal timing in effect
EVT450163,2025-03-28 08:57:34,Sports Fixture,J020,Malleshwaram Circle,52093,Weekday,False,Clear,False,0.0,False,False,1.0,Severe,8.4,77.3,458.2,0.176,0.407,0.904,Heavy congestion detected - signal timing extended and reroute suggested
EVT450164,2025-11-20 23:17:48,Concert,J020,Malleshwaram Circle,9977,Weekday,False,Clear,False,0.0,False,False,0.232,Low,29.5,17.3,96.4,0.077,0.177,0.973,Normal free-flow traffic - standard signal timing maintained
EVT450165,2026-06-19 18:51:08,Sports Fixture,J040,City Market,24598,Weekday,False,Heavy Rain,True,27.3,False,False,1.0,Severe,9.0,77.0,512.9,0.169,0.391,0.878,Heavy rain reducing visibility and grip - reduced speed and longer buffer advised
EVT450166,2025-07-16 21:46:12,Concert,J011,Indiranagar 100ft Road,9308,Weekday,False,Clear,False,0.0,False,False,0.355,Moderate,26.5,28.1,138.3,0.11,0.254,0.966,Moderate traffic flow - standard adaptive signal timing in effect
EVT450167,2025-01-01 07:37:00,Local Market Day,J009,Majestic,4830,Weekday,False,Clear,False,0.0,False,False,0.72,High,17.2,48.3,213.6,0.126,0.291,0.967,Moderate traffic flow - standard adaptive signal timing in effect
EVT450168,2025-07-09 20:20:34,Local Market Day,J023,Basavanagudi,2514,Weekday,False,Clear,False,0.0,False,False,0.595,High,18.4,42.4,346.6,0.195,0.45,0.961,Moderate traffic flow - standard adaptive signal timing in effect
EVT450169,2026-01-13 09:58:37,Local Market Day,J031,Cubbon Road,4997,Weekday,False,Clear,False,0.0,False,False,0.82,Severe,10.8,56.4,382.0,0.161,0.373,0.937,Heavy congestion detected - signal timing extended and reroute suggested
EVT450170,2026-03-20 19:31:58,Cultural Procession,J031,Cubbon Road,15733,Weekday,True,Clear,False,0.0,False,False,1.0,Severe,8.7,68.5,492.1,0.17,0.392,0.859,Festival crowd surge detected - alternate route and extended cycle recommended
EVT450171,2026-03-10 19:41:27,Concert,J020,Malleshwaram Circle,11365,Weekday,False,Clear,False,0.0,False,False,0.769,Severe,14.9,51.1,407.6,0.218,0.503,0.951,Heavy congestion detected - signal timing extended and reroute suggested
EVT450172,2026-04-07 15:07:36,Concert,J009,Majestic,8056,Weekday,False,Clear,False,0.0,False,False,0.238,Low,27.2,20.4,103.2,0.074,0.171,0.986,Normal free-flow traffic - standard signal timing maintained
EVT450173,2026-06-24 11:47:00,Local Market Day,J040,City Market,5811,Weekday,False,Clear,False,0.0,False,False,0.326,Low,36.4,27.4,151.4,0.141,0.326,0.99,Moderate traffic flow - standard adaptive signal timing in effect
EVT450174,2025-09-11 10:31:44,Local Market Day,J040,City Market,3313,Weekday,False,Clear,False,0.0,False,False,0.52,Moderate,23.3,38.5,281.5,0.189,0.436,0.964,Moderate traffic flow - standard adaptive signal timing in effect
EVT450175,2025-01-27 16:23:49,Cultural Procession,J030,MG Road,13881,Weekday,True,Clear,False,0.0,False,True,0.934,Severe,13.2,90.5,510.5,0.26,0.601,0.82,Road closure for event/procession - full detour recommended for through-traffic
EVT450176,2026-03-29 08:22:46,Political Rally,J031,Cubbon Road,13594,Weekend,False,Clear,False,0.0,False,False,0.83,Severe,14.5,63.3,466.7,0.245,0.565,0.946,Heavy congestion detected - signal timing extended and reroute suggested
EVT450177,2025-10-06 19:32:34,Concert,J031,Cubbon Road,29222,Weekday,False,Clear,False,0.0,False,False,0.978,Severe,8.5,68.4,545.8,0.18,0.416,0.909,Heavy congestion detected - signal timing extended and reroute suggested
EVT450178,2025-11-14 12:19:59,Concert,J009,Majestic,12481,Weekday,False,Clear,False,0.0,False,False,0.324,Low,27.4,23.3,148.5,0.104,0.24,0.96,Moderate traffic flow - standard adaptive signal timing in effect
EVT450179,2025-06-02 16:56:44,Sports Fixture,J023,Basavanagudi,30938,Weekday,False,Clear,False,0.0,False,False,0.776,Severe,15.5,54.5,344.3,0.179,0.413,0.953,Heavy congestion detected - signal timing extended and reroute suggested
EVT450180,2026-04-14 14:41:55,Fireworks Display,J012,Koramangala Sony World,15449,Weekday,True,Clear,False,0.0,False,False,0.433,Moderate,34.0,40.1,135.2,0.114,0.264,0.906,Moderate traffic flow - standard adaptive signal timing in effect
EVT450181,2025-11-28 14:34:49,Sports Fixture,J040,City Market,11639,Weekday,False,Clear,False,0.0,False,False,0.228,Low,28.9,18.5,141.4,0.081,0.188,0.973,Normal free-flow traffic - standard signal timing maintained
EVT450182,2026-04-24 05:40:46,Trade Fair,J030,MG Road,13144,Weekday,False,Clear,False,0.0,False,False,0.279,Low,23.7,24.3,182.9,0.113,0.26,0.963,Moderate traffic flow - standard adaptive signal timing in effect
EVT450183,2025-01-26 07:24:57,Fireworks Display,J009,Majestic,24562,Weekend,True,Clear,False,0.0,False,False,0.921,Severe,10.4,64.3,460.1,0.188,0.433,0.889,Festival crowd surge detected - alternate route and extended cycle recommended
EVT450184,2025-01-02 14:34:55,Trade Fair,J011,Indiranagar 100ft Road,7606,Weekday,False,Clear,False,0.0,False,False,0.212,Low,42.5,14.8,90.6,0.075,0.173,0.948,Normal free-flow traffic - standard signal timing maintained
EVT450185,2025-03-09 17:46:11,Concert,J040,City Market,9086,Weekend,False,Clear,False,0.0,False,False,0.783,Severe,15.5,53.9,299.0,0.182,0.42,0.963,Heavy congestion detected - signal timing extended and reroute suggested
EVT450186,2026-06-20 08:25:46,Concert,J011,Indiranagar 100ft Road,12019,Weekend,False,Rain,True,16.2,False,False,1.0,Severe,7.3,72.3,560.9,0.169,0.391,0.858,Heavy rain reducing visibility and grip - reduced speed and longer buffer advised
EVT450187,2025-05-09 16:51:27,Local Market Day,J009,Majestic,3424,Weekday,False,Clear,False,0.0,False,False,0.68,High,15.6,54.5,369.5,0.192,0.443,0.963,Moderate traffic flow - standard adaptive signal timing in effect
EVT450188,2025-04-20 16:27:54,Trade Fair,J020,Malleshwaram Circle,7815,Weekend,False,Clear,False,0.0,False,False,0.594,High,18.8,48.4,394.0,0.217,0.502,0.974,Moderate traffic flow - standard adaptive signal timing in effect
EVT450189,2026-03-31 22:30:14,Political Rally,J023,Basavanagudi,18226,Weekday,False,Fog,False,0.0,False,False,0.168,Low,34.8,8.3,147.2,0.095,0.22,0.962,Normal free-flow traffic - standard signal timing maintained
EVT450190,2025-05-19 11:55:41,Trade Fair,J012,Koramangala Sony World,9138,Weekday,False,Clear,False,0.0,False,False,0.28,Low,26.6,25.0,195.4,0.15,0.347,0.974,Moderate traffic flow - standard adaptive signal timing in effect
EVT450191,2025-02-21 13:10:15,Trade Fair,J031,Cubbon Road,18334,Weekday,False,Clear,False,0.0,False,False,0.313,Low,31.2,26.0,160.2,0.124,0.286,0.99,Moderate traffic flow - standard adaptive signal timing in effect
EVT450192,2025-02-25 13:29:03,Local Market Day,J020,Malleshwaram Circle,3499,Weekday,False,Clear,False,0.0,False,False,0.234,Low,28.8,14.3,137.8,0.104,0.241,0.971,Normal free-flow traffic - standard signal timing maintained
EVT450193,2025-01-09 18:01:03,Trade Fair,J040,City Market,5847,Weekday,False,Clear,False,0.0,False,False,1.0,Severe,8.5,74.2,690.4,0.253,0.583,0.904,Heavy congestion detected - signal timing extended and reroute suggested
EVT450194,2025-04-16 20:28:43,Political Rally,J020,Malleshwaram Circle,16430,Weekday,False,Clear,False,0.0,False,False,0.604,High,20.8,48.2,151.1,0.103,0.237,0.959,Moderate traffic flow - standard adaptive signal timing in effect
EVT450195,2026-02-17 12:55:36,Local Market Day,J040,City Market,4698,Weekday,False,Clear,False,0.0,False,False,0.203,Low,42.7,15.6,44.9,0.061,0.14,0.937,Normal free-flow traffic - standard signal timing maintained
EVT450196,2025-12-05 10:10:55,Trade Fair,J030,MG Road,15855,Weekday,False,Clear,False,0.0,False,False,0.765,Severe,18.2,60.1,239.1,0.139,0.321,0.956,Heavy congestion detected - signal timing extended and reroute suggested
EVT450197,2025-04-19 13:30:00,Local Market Day,J040,City Market,8970,Weekend,False,Clear,False,0.0,False,False,0.28,Low,27.3,25.7,87.1,0.067,0.155,0.99,Moderate traffic flow - standard adaptive signal timing in effect
EVT450198,2025-11-18 13:02:52,Political Rally,J030,MG Road,17058,Weekday,False,Clear,False,0.0,False,False,0.294,Low,30.6,26.7,191.9,0.144,0.334,0.952,Moderate traffic flow - standard adaptive signal timing in effect
EVT450199,2025-09-02 19:33:01,Political Rally,J030,MG Road,14692,Weekday,False,Clear,False,0.0,False,False,0.937,Severe,9.6,63.5,470.4,0.187,0.433,0.907,Heavy congestion detected - signal timing extended and reroute suggested
EVT450200,2025-05-27 08:24:57,Sports Fixture,J030,MG Road,19023,Weekday,False,Clear,False,0.0,False,False,1.0,Severe,9.8,65.3,265.8,0.092,0.212,0.896,Heavy congestion detected - signal timing extended and reroute suggested
EVT450201,2025-03-21 06:30:47,Political Rally,J012,Koramangala Sony World,12537,Weekday,False,Clear,False,0.0,False,False,0.461,Moderate,23.4,28.0,154.7,0.123,0.284,0.979,Moderate traffic flow - standard adaptive signal timing in effect
EVT450202,2025-05-22 08:54:39,Local Market Day,J040,City Market,3233,Weekday,False,Clear,False,0.0,False,False,1.0,Severe,8.9,69.3,548.7,0.189,0.435,0.907,Heavy congestion detected - signal timing extended and reroute suggested
EVT450203,2026-01-13 19:42:36,Local Market Day,J011,Indiranagar 100ft Road,6080,Weekday,False,Clear,False,0.0,False,False,0.821,Severe,13.2,54.0,363.6,0.177,0.409,0.968,Heavy congestion detected - signal timing extended and reroute suggested
EVT450204,2026-03-11 06:33:02,Sports Fixture,J012,Koramangala Sony World,12652,Weekday,False,Clear,False,0.0,False,False,0.43,Moderate,27.4,26.5,149.9,0.114,0.263,0.965,Moderate traffic flow - standard adaptive signal timing in effect
EVT450205,2025-04-02 09:34:44,Concert,J040,City Market,9550,Weekday,False,Fog,False,0.0,False,False,1.0,Severe,8.7,69.0,234.5,0.117,0.27,0.912,Heavy congestion detected - signal timing extended and reroute suggested
EVT450206,2025-05-25 18:36:34,Sports Fixture,J009,Majestic,17920,Weekend,False,Clear,False,0.0,False,False,0.882,Severe,14.3,60.8,416.6,0.216,0.5,0.928,Heavy congestion detected - signal timing extended and reroute suggested
EVT450207,2025-05-30 06:42:07,Sports Fixture,J023,Basavanagudi,18872,Weekday,False,Clear,False,0.0,False,False,0.447,Moderate,19.5,36.0,234.0,0.152,0.351,0.984,Moderate traffic flow - standard adaptive signal timing in effect
EVT450208,2025-03-02 17:52:52,Political Rally,J011,Indiranagar 100ft Road,21105,Weekend,False,Clear,False,0.0,False,False,0.865,Severe,14.3,63.9,237.3,0.129,0.298,0.937,Heavy congestion detected - signal timing extended and reroute suggested
EVT450209,2025-05-01 06:10:11,Cultural Procession,J020,Malleshwaram Circle,12706,Weekday,True,Rain,True,10.9,False,False,0.646,High,18.7,45.5,176.6,0.119,0.274,0.857,Festival crowd surge detected - alternate route and extended cycle recommended
EVT450210,2026-05-09 08:43:35,Local Market Day,J012,Koramangala Sony World,2600,Weekend,False,Clear,False,0.0,False,False,0.789,Severe,15.9,55.1,264.7,0.138,0.318,0.919,Heavy congestion detected - signal timing extended and reroute suggested
EVT450211,2025-04-11 14:08:05,Local Market Day,J009,Majestic,5028,Weekday,False,Clear,False,0.0,False,False,0.225,Low,35.6,17.7,94.3,0.064,0.148,0.966,Normal free-flow traffic - standard signal timing maintained
EVT450212,2025-11-24 17:21:17,Concert,J030,MG Road,9672,Weekday,False,Clear,False,0.0,False,False,0.901,Severe,14.5,66.1,397.8,0.224,0.517,0.923,Heavy congestion detected - signal timing extended and reroute suggested
EVT450213,2026-01-10 09:02:11,Sports Fixture,J030,MG Road,20056,Weekend,False,Clear,False,0.0,False,False,0.861,Severe,15.2,67.0,242.2,0.142,0.327,0.951,Heavy congestion detected - signal timing extended and reroute suggested
EVT450214,2025-12-03 06:38:41,Local Market Day,J012,Koramangala Sony World,5628,Weekday,False,Fog,False,0.0,False,False,0.354,Moderate,30.2,31.7,186.5,0.14,0.324,0.959,Moderate traffic flow - standard adaptive signal timing in effect
EVT450215,2026-01-14 19:49:02,Religious Festival,J040,City Market,48995,Weekday,True,Clear,False,0.0,False,True,1.0,Severe,8.6,100.0,533.7,0.191,0.442,0.857,Road closure for event/procession - full detour recommended for through-traffic
EVT450216,2026-06-27 08:13:22,Political Rally,J030,MG Road,9083,Weekend,False,Clear,False,0.0,False,False,0.785,Severe,17.2,57.9,152.4,0.083,0.192,0.936,Heavy congestion detected - signal timing extended and reroute suggested
EVT450217,2025-07-09 15:47:13,Sports Fixture,J009,Majestic,23343,Weekday,False,Rain,True,18.9,False,False,0.698,High,15.9,54.5,321.3,0.192,0.443,0.938,Heavy rain reducing visibility and grip - reduced speed and longer buffer advised
EVT450218,2026-03-22 10:54:05,Trade Fair,J011,Indiranagar 100ft Road,6586,Weekend,False,Clear,False,0.0,False,False,0.553,High,22.3,39.4,129.6,0.099,0.23,0.95,Moderate traffic flow - standard adaptive signal timing in effect
EVT450219,2026-05-20 15:21:10,Political Rally,J020,Malleshwaram Circle,13171,Weekday,False,Clear,False,0.0,False,False,0.231,Low,28.6,13.3,169.8,0.123,0.285,0.955,Normal free-flow traffic - standard signal timing maintained
EVT450220,2026-02-18 07:01:01,Sports Fixture,J009,Majestic,29494,Weekday,False,Clear,False,0.0,False,False,0.612,High,21.8,38.4,238.8,0.15,0.346,0.963,Moderate traffic flow - standard adaptive signal timing in effect
EVT450221,2025-12-18 21:39:51,Local Market Day,J023,Basavanagudi,7609,Weekday,False,Clear,False,0.0,False,False,0.324,Low,30.3,17.2,179.5,0.149,0.344,0.99,Moderate traffic flow - standard adaptive signal timing in effect
EVT450222,2025-05-12 12:41:16,Local Market Day,J031,Cubbon Road,3685,Weekday,False,Clear,False,0.0,False,False,0.172,Low,35.5,17.1,129.5,0.095,0.219,0.99,Normal free-flow traffic - standard signal timing maintained
EVT450223,2025-10-11 05:34:05,Sports Fixture,J009,Majestic,30504,Weekend,False,Light Rain,True,3.3,False,False,0.374,Moderate,32.8,32.9,178.1,0.177,0.408,0.905,Light rain detected - minor speed reduction advised
EVT450224,2025-05-21 11:01:22,Political Rally,J011,Indiranagar 100ft Road,19232,Weekday,False,Clear,False,0.0,False,False,0.499,Moderate,19.1,33.7,213.4,0.133,0.308,0.95,Moderate traffic flow - standard adaptive signal timing in effect
EVT450225,2025-04-10 18:02:43,Local Market Day,J011,Indiranagar 100ft Road,3840,Weekday,False,Clear,False,0.0,False,False,0.966,Severe,11.0,69.6,601.3,0.251,0.579,0.923,Heavy congestion detected - signal timing extended and reroute suggested
EVT450226,2026-05-17 07:33:38,Trade Fair,J023,Basavanagudi,11276,Weekend,False,Clear,False,0.0,False,False,0.627,High,14.8,45.5,117.7,0.075,0.172,0.99,Moderate traffic flow - standard adaptive signal timing in effect
EVT450227,2025-01-02 18:13:57,Concert,J009,Majestic,8110,Weekday,False,Clear,False,0.0,False,False,1.0,Severe,7.6,68.9,530.0,0.173,0.399,0.923,Heavy congestion detected - signal timing extended and reroute suggested
EVT450228,2025-07-23 08:01:22,Local Market Day,J040,City Market,3895,Weekday,False,Heavy Rain,True,28.9,False,False,1.0,Severe,7.6,74.3,721.6,0.231,0.534,0.85,Heavy rain reducing visibility and grip - reduced speed and longer buffer advised
EVT450229,2025-11-27 14:25:24,Political Rally,J040,City Market,17099,Weekday,False,Clear,False,0.0,False,False,0.36,Moderate,25.0,30.4,111.9,0.085,0.196,0.967,Moderate traffic flow - standard adaptive signal timing in effect
EVT450230,2025-03-08 18:32:25,Trade Fair,J031,Cubbon Road,15525,Weekend,False,Clear,False,0.0,False,False,0.914,Severe,10.7,64.6,169.3,0.06,0.139,0.922,Heavy congestion detected - signal timing extended and reroute suggested
EVT450231,2025-09-05 18:15:55,Religious Festival,J030,MG Road,45753,Weekday,True,Heavy Rain,True,33.5,False,True,1.0,Severe,9.2,95.8,662.2,0.26,0.601,0.771,Road closure for event/procession - full detour recommended for through-traffic
EVT450232,2025-01-08 16:32:51,Sports Fixture,J009,Majestic,18665,Weekday,False,Clear,False,0.0,False,False,0.726,High,16.3,45.0,439.4,0.246,0.567,0.966,Moderate traffic flow - standard adaptive signal timing in effect
EVT450233,2025-04-03 10:55:22,Sports Fixture,J023,Basavanagudi,31531,Weekday,False,Clear,False,0.0,False,False,0.61,High,22.6,43.9,326.0,0.223,0.515,0.99,Moderate traffic flow - standard adaptive signal timing in effect
EVT450234,2025-01-16 07:08:50,Sports Fixture,J040,City Market,21396,Weekday,False,Clear,False,0.0,False,False,0.508,Moderate,27.8,36.3,169.1,0.143,0.33,0.964,Moderate traffic flow - standard adaptive signal timing in effect
EVT450235,2025-03-10 07:12:23,Sports Fixture,J023,Basavanagudi,24135,Weekday,False,Clear,False,0.0,False,False,0.456,Moderate,30.5,33.6,176.7,0.142,0.328,0.968,Moderate traffic flow - standard adaptive signal timing in effect
EVT450236,2026-04-26 08:48:01,Sports Fixture,J012,Koramangala Sony World,22528,Weekend,False,Clear,False,0.0,False,False,0.973,Severe,9.7,69.7,495.2,0.204,0.471,0.89,Heavy congestion detected - signal timing extended and reroute suggested
EVT450237,2025-04-05 08:25:46,Sports Fixture,J009,Majestic,13926,Weekend,False,Clear,False,0.0,False,False,0.793,Severe,12.4,58.8,304.2,0.128,0.297,0.969,Heavy congestion detected - signal timing extended and reroute suggested
EVT450238,2026-06-05 18:43:39,Political Rally,J040,City Market,5556,Weekday,False,Heavy Rain,True,31.2,False,False,1.0,Severe,7.2,71.6,561.8,0.18,0.416,0.843,Heavy rain reducing visibility and grip - reduced speed and longer buffer advised
EVT450239,2026-05-11 07:30:20,Political Rally,J031,Cubbon Road,22424,Weekday,False,Rain,True,16.1,False,False,0.945,Severe,10.5,71.1,303.0,0.121,0.28,0.875,Heavy rain reducing visibility and grip - reduced speed and longer buffer advised
EVT450240,2026-01-09 07:22:58,Concert,J023,Basavanagudi,14970,Weekday,False,Clear,False,0.0,False,False,0.668,High,20.3,50.0,282.9,0.198,0.458,0.972,Moderate traffic flow - standard adaptive signal timing in effect
EVT450241,2025-12-07 09:49:56,Concert,J023,Basavanagudi,12110,Weekend,False,Clear,False,0.0,False,False,0.843,Severe,14.4,62.4,189.1,0.11,0.254,0.931,Heavy congestion detected - signal timing extended and reroute suggested
EVT450242,2025-07-11 13:26:39,Local Market Day,J031,Cubbon Road,2941,Weekday,False,Heavy Rain,True,25.7,False,False,0.408,Moderate,26.9,33.0,183.7,0.116,0.268,0.931,Light rain detected - minor speed reduction advised
EVT450243,2025-03-22 14:52:25,Local Market Day,J023,Basavanagudi,4084,Weekend,False,Clear,False,0.0,False,False,0.289,Low,28.7,18.3,168.3,0.133,0.308,0.973,Moderate traffic flow - standard adaptive signal timing in effect
EVT450244,2025-06-03 16:11:52,Local Market Day,J023,Basavanagudi,2915,Weekday,False,Clear,False,0.0,False,False,0.533,Moderate,30.5,41.8,175.6,0.138,0.319,0.973,Moderate traffic flow - standard adaptive signal timing in effect
EVT450245,2025-05-29 11:45:04,Sports Fixture,J009,Majestic,22324,Weekday,False,Clear,False,0.0,False,False,0.384,Moderate,31.2,36.6,79.5,0.051,0.119,0.972,Moderate traffic flow - standard adaptive signal timing in effect
EVT450246,2026-06-19 17:12:50,Sports Fixture,J011,Indiranagar 100ft Road,18185,Weekday,False,Clear,False,0.0,False,False,0.883,Severe,13.0,65.4,534.0,0.256,0.591,0.906,Heavy congestion detected - signal timing extended and reroute suggested
EVT450247,2025-02-23 08:52:47,Sports Fixture,J030,MG Road,23116,Weekend,False,Clear,False,0.0,False,False,0.973,Severe,9.2,63.4,559.7,0.19,0.439,0.921,Heavy congestion detected - signal timing extended and reroute suggested
EVT450248,2025-07-31 17:20:37,Local Market Day,J030,MG Road,6139,Weekday,False,Clear,False,0.0,False,False,0.836,Severe,8.8,60.6,741.0,0.253,0.584,0.957,Heavy congestion detected - signal timing extended and reroute suggested
EVT450249,2026-05-22 20:19:36,Concert,J040,City Market,7252,Weekday,False,Clear,False,0.0,False,False,0.561,High,19.2,43.0,122.4,0.061,0.141,0.99,Moderate traffic flow - standard adaptive signal timing in effect
EVT450250,2026-06-28 17:24:57,Local Market Day,J011,Indiranagar 100ft Road,4713,Weekend,False,Clear,False,0.0,False,False,0.737,High,18.2,55.1,274.4,0.178,0.411,0.987,Moderate traffic flow - standard adaptive signal timing in effect
EVT450251,2025-05-19 17:35:56,Concert,J020,Malleshwaram Circle,15469,Weekday,False,Heavy Rain,True,31.0,False,False,1.0,Severe,8.5,73.2,309.2,0.105,0.242,0.869,Heavy rain reducing visibility and grip - reduced speed and longer buffer advised
EVT450252,2025-05-08 20:39:02,Local Market Day,J031,Cubbon Road,5919,Weekday,False,Clear,False,0.0,False,False,0.473,Moderate,25.6,35.1,259.8,0.178,0.411,0.967,Moderate traffic flow - standard adaptive signal timing in effect
EVT450253,2025-07-22 00:14:35,Sports Fixture,J031,Cubbon Road,15110,Weekday,False,Rain,True,18.4,False,False,0.445,Moderate,28.4,35.4,201.7,0.165,0.382,0.949,Light rain detected - minor speed reduction advised
EVT450254,2025-01-13 19:12:12,Local Market Day,J040,City Market,4038,Weekday,False,Clear,False,0.0,False,False,0.936,Severe,12.9,72.1,432.4,0.231,0.533,0.959,Heavy congestion detected - signal timing extended and reroute suggested
EVT450255,2025-05-10 09:21:39,Concert,J040,City Market,11289,Weekend,False,Clear,False,0.0,False,False,0.834,Severe,10.5,60.9,426.9,0.167,0.386,0.954,Heavy congestion detected - signal timing extended and reroute suggested
EVT450256,2025-03-18 16:53:28,Concert,J031,Cubbon Road,13841,Weekday,False,Clear,False,0.0,False,False,0.747,High,18.0,52.8,411.9,0.242,0.558,0.96,Moderate traffic flow - standard adaptive signal timing in effect
EVT450257,2026-02-26 12:58:43,Concert,J012,Koramangala Sony World,4692,Weekday,False,Clear,False,0.0,False,False,0.215,Low,33.0,13.3,184.6,0.166,0.384,0.99,Normal free-flow traffic - standard signal timing maintained
EVT450258,2025-11-27 19:48:16,Trade Fair,J009,Majestic,9272,Weekday,False,Clear,False,0.0,False,False,0.798,Severe,12.2,60.2,278.3,0.115,0.267,0.984,Heavy congestion detected - signal timing extended and reroute suggested
EVT450259,2025-05-14 07:57:30,Trade Fair,J011,Indiranagar 100ft Road,7396,Weekday,False,Clear,False,0.0,False,False,0.823,Severe,14.0,54.8,294.8,0.148,0.343,0.958,Heavy congestion detected - signal timing extended and reroute suggested
EVT450260,2026-04-03 08:17:27,Political Rally,J031,Cubbon Road,13285,Weekday,False,Clear,False,0.0,False,False,0.955,Severe,9.2,68.4,714.2,0.249,0.575,0.962,Heavy congestion detected - signal timing extended and reroute suggested
EVT450261,2026-05-13 22:15:44,Local Market Day,J031,Cubbon Road,5944,Weekday,False,Clear,False,0.0,False,False,0.232,Low,31.6,17.5,104.2,0.079,0.183,0.966,Normal free-flow traffic - standard signal timing maintained
EVT450262,2025-06-21 16:37:05,Trade Fair,J023,Basavanagudi,9614,Weekend,False,Clear,False,0.0,False,False,0.625,High,22.2,46.3,161.3,0.111,0.257,0.953,Moderate traffic flow - standard adaptive signal timing in effect
EVT450263,2026-01-09 15:44:56,Sports Fixture,J030,MG Road,24830,Weekday,False,Light Rain,True,7.4,False,False,0.655,High,20.7,44.2,255.7,0.175,0.403,0.895,Heavy rain reducing visibility and grip - reduced speed and longer buffer advised
EVT450264,2025-09-12 08:21:47,Local Market Day,J020,Malleshwaram Circle,3513,Weekday,False,Light Rain,True,5.3,False,False,0.952,Severe,8.6,73.1,589.3,0.221,0.511,0.861,Heavy rain reducing visibility and grip - reduced speed and longer buffer advised
EVT450265,2025-01-26 16:11:46,Religious Festival,J009,Majestic,42730,Weekend,True,Clear,False,0.0,False,True,1.0,Severe,8.0,106.5,735.4,0.259,0.598,0.805,Road closure for event/procession - full detour recommended for through-traffic
EVT450266,2025-11-02 16:36:26,Religious Festival,J031,Cubbon Road,64619,Weekend,True,Rain,True,10.4,False,True,1.0,Severe,9.5,99.8,505.9,0.195,0.451,0.777,Road closure for event/procession - full detour recommended for through-traffic
EVT450267,2025-04-04 20:51:16,Trade Fair,J020,Malleshwaram Circle,6883,Weekday,False,Clear,False,0.0,False,False,0.57,High,26.1,41.2,249.9,0.184,0.425,0.947,Moderate traffic flow - standard adaptive signal timing in effect
EVT450268,2025-09-22 14:02:52,Concert,J023,Basavanagudi,10502,Weekday,False,Clear,False,0.0,False,False,0.195,Low,38.1,21.7,128.4,0.132,0.305,0.971,Normal free-flow traffic - standard signal timing maintained
EVT450269,2025-07-23 12:33:16,Local Market Day,J023,Basavanagudi,3560,Weekday,False,Clear,False,0.0,False,False,0.25,Low,37.8,16.1,186.5,0.189,0.436,0.967,Normal free-flow traffic - standard signal timing maintained
EVT450270,2025-02-25 14:11:14,Local Market Day,J023,Basavanagudi,4903,Weekday,False,Clear,False,0.0,False,False,0.196,Low,33.7,12.9,142.6,0.121,0.28,0.951,Normal free-flow traffic - standard signal timing maintained
EVT450271,2025-11-23 17:39:45,Concert,J020,Malleshwaram Circle,14156,Weekend,False,Rain,True,14.0,False,False,1.0,Severe,9.1,70.1,619.5,0.217,0.502,0.865,Heavy rain reducing visibility and grip - reduced speed and longer buffer advised
EVT450272,2025-09-16 19:21:20,Local Market Day,J011,Indiranagar 100ft Road,5256,Weekday,False,Clear,False,0.0,False,False,1.0,Severe,8.4,75.5,216.3,0.063,0.145,0.913,Heavy congestion detected - signal timing extended and reroute suggested
EVT450273,2025-05-09 09:24:02,Concert,J009,Majestic,12827,Weekday,False,Clear,False,0.0,False,False,1.0,Severe,7.1,69.2,665.1,0.204,0.471,0.931,Heavy congestion detected - signal timing extended and reroute suggested
EVT450274,2026-02-18 09:29:30,Trade Fair,J030,MG Road,5226,Weekday,False,Clear,False,0.0,False,False,1.0,Severe,9.1,69.1,467.4,0.182,0.421,0.913,Heavy congestion detected - signal timing extended and reroute suggested
EVT450275,2026-03-05 16:01:47,Religious Festival,J030,MG Road,54098,Weekday,True,Clear,False,0.0,False,True,1.0,Severe,7.2,104.4,655.0,0.227,0.525,0.827,Road closure for event/procession - full detour recommended for through-traffic
EVT450276,2025-02-10 19:44:39,Concert,J020,Malleshwaram Circle,8620,Weekday,False,Clear,False,0.0,False,False,0.847,Severe,14.8,58.7,188.0,0.11,0.255,0.919,Heavy congestion detected - signal timing extended and reroute suggested
EVT450277,2026-01-19 22:56:44,Sports Fixture,J011,Indiranagar 100ft Road,18280,Weekday,False,Clear,False,0.0,False,False,0.23,Low,34.7,13.9,132.0,0.095,0.218,0.943,Normal free-flow traffic - standard signal timing maintained
EVT450278,2025-11-04 16:10:22,Sports Fixture,J030,MG Road,13776,Weekday,False,Clear,False,0.0,False,False,0.527,Moderate,22.9,36.6,255.6,0.165,0.382,0.944,Moderate traffic flow - standard adaptive signal timing in effect
EVT450279,2025-09-06 17:53:29,Religious Festival,J040,City Market,48445,Weekend,True,Rain,True,18.9,False,True,1.0,Severe,8.9,97.7,767.7,0.278,0.641,0.77,Road closure for event/procession - full detour recommended for through-traffic
EVT450280,2025-05-22 09:53:30,Concert,J030,MG Road,22675,Weekday,False,Light Rain,True,6.2,False,False,1.0,Severe,8.6,69.2,478.5,0.172,0.397,0.886,Heavy rain reducing visibility and grip - reduced speed and longer buffer advised
EVT450281,2026-02-04 20:56:02,Trade Fair,J012,Koramangala Sony World,14151,Weekday,False,Clear,False,0.0,False,False,0.551,High,25.4,45.4,176.1,0.116,0.268,0.975,Moderate traffic flow - standard adaptive signal timing in effect
EVT450282,2025-02-08 17:54:56,Sports Fixture,J012,Koramangala Sony World,30405,Weekend,False,Clear,False,0.0,False,False,0.935,Severe,12.0,72.1,355.8,0.165,0.38,0.92,Heavy congestion detected - signal timing extended and reroute suggested
EVT450283,2025-09-16 16:22:37,Trade Fair,J031,Cubbon Road,10296,Weekday,False,Clear,False,0.0,False,False,0.609,High,21.3,41.4,94.4,0.068,0.157,0.952,Moderate traffic flow - standard adaptive signal timing in effect
EVT450284,2026-06-09 21:38:06,Concert,J012,Koramangala Sony World,8768,Weekday,False,Rain,True,15.0,False,False,0.599,High,18.9,44.2,243.2,0.161,0.372,0.907,Heavy rain reducing visibility and grip - reduced speed and longer buffer advised
EVT450285,2026-06-15 07:20:12,Political Rally,J012,Koramangala Sony World,12983,Weekday,False,Rain,True,11.2,False,False,0.783,Severe,14.9,56.5,333.0,0.161,0.371,0.917,Heavy rain reducing visibility and grip - reduced speed and longer buffer advised
EVT450286,2025-08-20 11:18:17,Sports Fixture,J023,Basavanagudi,13274,Weekday,False,Clear,False,0.0,False,False,0.412,Moderate,28.9,29.4,125.4,0.105,0.242,0.959,Moderate traffic flow - standard adaptive signal timing in effect
EVT450287,2025-08-06 11:00:02,Sports Fixture,J009,Majestic,33241,Weekday,False,Rain,True,12.3,False,False,0.701,High,20.6,47.5,234.3,0.156,0.36,0.902,Heavy rain reducing visibility and grip - reduced speed and longer buffer advised
EVT450288,2025-04-23 14:00:54,Concert,J020,Malleshwaram Circle,15080,Weekday,False,Clear,False,0.0,False,False,0.256,Low,40.1,19.9,123.8,0.111,0.257,0.959,Moderate traffic flow - standard adaptive signal timing in effect
EVT450289,2026-03-10 07:54:20,Concert,J040,City Market,8107,Weekday,False,Clear,False,0.0,False,False,0.888,Severe,12.2,62.7,265.3,0.134,0.31,0.911,Heavy congestion detected - signal timing extended and reroute suggested
EVT450290,2026-06-19 18:09:37,Sports Fixture,J031,Cubbon Road,25109,Weekday,False,Heavy Rain,True,71.2,False,False,1.0,Severe,5.7,73.5,882.5,0.212,0.489,0.86,Heavy rain reducing visibility and grip - reduced speed and longer buffer advised
EVT450291,2026-05-11 06:22:39,Local Market Day,J023,Basavanagudi,4242,Weekday,False,Clear,False,0.0,False,False,0.28,Low,35.3,19.8,97.9,0.082,0.19,0.968,Moderate traffic flow - standard adaptive signal timing in effect
EVT450292,2026-02-15 16:08:12,Sports Fixture,J020,Malleshwaram Circle,32978,Weekend,False,Clear,False,0.0,False,False,0.637,High,22.3,43.5,256.7,0.17,0.392,0.98,Moderate traffic flow - standard adaptive signal timing in effect
EVT450293,2025-01-28 09:59:57,Trade Fair,J009,Majestic,9601,Weekday,False,Clear,False,0.0,False,False,0.827,Severe,13.3,60.2,281.5,0.13,0.301,0.946,Heavy congestion detected - signal timing extended and reroute suggested
EVT450294,2026-05-26 13:22:15,Trade Fair,J012,Koramangala Sony World,15150,Weekday,False,Clear,False,0.0,False,False,0.206,Low,34.5,20.5,137.7,0.125,0.289,0.958,Normal free-flow traffic - standard signal timing maintained
EVT450295,2026-05-18 17:07:10,Concert,J020,Malleshwaram Circle,26488,Weekday,False,Clear,False,0.0,False,False,0.813,Severe,15.1,70.6,241.3,0.132,0.305,0.945,Heavy congestion detected - signal timing extended and reroute suggested
EVT450296,2026-06-09 08:20:11,Sports Fixture,J012,Koramangala Sony World,33731,Weekday,False,Rain,True,16.5,False,False,1.0,Severe,7.3,67.1,946.1,0.26,0.601,0.865,Heavy rain reducing visibility and grip - reduced speed and longer buffer advised
EVT450297,2025-12-07 10:01:34,Local Market Day,J040,City Market,4533,Weekend,False,Fog,False,0.0,False,False,0.731,High,18.4,55.6,211.7,0.131,0.303,0.963,Moderate traffic flow - standard adaptive signal timing in effect
EVT450298,2025-06-28 06:50:27,Local Market Day,J011,Indiranagar 100ft Road,3355,Weekend,False,Fog,False,0.0,False,False,0.408,Moderate,26.1,27.8,216.7,0.169,0.391,0.976,Moderate traffic flow - standard adaptive signal timing in effect
EVT450299,2025-06-17 18:57:57,Trade Fair,J009,Majestic,9259,Weekday,False,Heavy Rain,True,38.5,False,False,1.0,Severe,6.8,74.9,427.0,0.115,0.266,0.861,Heavy rain reducing visibility and grip - reduced speed and longer buffer advised
EVT450300,2025-01-21 10:34:28,Sports Fixture,J009,Majestic,13391,Weekday,False,Clear,False,0.0,False,False,0.676,High,19.8,44.9,226.3,0.151,0.348,0.95,Moderate traffic flow - standard adaptive signal timing in effect
EVT450301,2026-05-09 06:06:16,Trade Fair,J023,Basavanagudi,15002,Weekend,False,Rain,True,15.8,False,False,0.51,Moderate,23.5,34.4,184.7,0.149,0.343,0.938,Light rain detected - minor speed reduction advised
EVT450302,2025-01-06 23:00:55,Sports Fixture,J011,Indiranagar 100ft Road,31707,Weekday,False,Clear,False,0.0,False,False,0.351,Moderate,24.1,25.4,121.5,0.079,0.182,0.972,Moderate traffic flow - standard adaptive signal timing in effect
EVT450303,2025-06-03 14:39:16,Local Market Day,J030,MG Road,4082,Weekday,False,Clear,False,0.0,False,False,0.194,Low,25.8,12.2,116.7,0.091,0.211,0.977,Normal free-flow traffic - standard signal timing maintained
EVT450304,2026-04-23 13:27:35,Concert,J009,Majestic,13391,Weekday,False,Clear,False,0.0,False,False,0.27,Low,30.7,16.5,228.0,0.173,0.399,0.935,Moderate traffic flow - standard adaptive signal timing in effect
EVT450305,2025-04-17 19:16:16,Sports Fixture,J009,Majestic,36133,Weekday,False,Clear,False,0.0,False,False,1.0,Severe,6.9,70.5,410.3,0.142,0.328,0.94,Heavy congestion detected - signal timing extended and reroute suggested
EVT450306,2025-09-01 19:50:05,Sports Fixture,J023,Basavanagudi,18061,Weekday,False,Rain,True,8.4,False,False,1.0,Severe,9.4,76.1,413.6,0.166,0.383,0.848,Heavy rain reducing visibility and grip - reduced speed and longer buffer advised
EVT450307,2025-11-09 21:00:22,Trade Fair,J020,Malleshwaram Circle,8480,Weekend,False,Rain,True,24.5,False,False,0.823,Severe,10.7,58.8,269.1,0.127,0.294,0.906,Heavy rain reducing visibility and grip - reduced speed and longer buffer advised
EVT450308,2025-01-31 16:09:10,Concert,J009,Majestic,30791,Weekday,False,Clear,False,0.0,False,False,0.65,High,21.2,43.3,251.9,0.181,0.418,0.978,Moderate traffic flow - standard adaptive signal timing in effect
EVT450309,2026-06-03 13:55:03,Sports Fixture,J011,Indiranagar 100ft Road,17951,Weekday,False,Clear,False,0.0,False,False,0.244,Low,36.8,14.0,42.6,0.02,0.046,0.982,Normal free-flow traffic - standard signal timing maintained
EVT450310,2026-04-13 15:45:22,Sports Fixture,J030,MG Road,16589,Weekday,False,Clear,False,0.0,False,False,0.407,Moderate,21.7,26.4,161.5,0.114,0.263,0.973,Moderate traffic flow - standard adaptive signal timing in effect
EVT450311,2026-02-08 20:31:42,Sports Fixture,J030,MG Road,28297,Weekend,False,Clear,False,0.0,False,False,0.705,High,20.2,51.1,268.8,0.177,0.408,0.979,Moderate traffic flow - standard adaptive signal timing in effect
EVT450312,2025-02-13 18:32:55,Sports Fixture,J020,Malleshwaram Circle,16766,Weekday,False,Light Rain,True,4.6,False,False,1.0,Severe,7.4,74.3,552.8,0.2,0.462,0.856,Heavy rain reducing visibility and grip - reduced speed and longer buffer advised
EVT450313,2025-07-16 16:06:14,Local Market Day,J009,Majestic,4629,Weekday,False,Rain,True,8.4,False,False,0.744,High,17.9,51.5,306.8,0.174,0.402,0.928,Heavy rain reducing visibility and grip - reduced speed and longer buffer advised
EVT450314,2026-01-19 22:42:46,Local Market Day,J031,Cubbon Road,4316,Weekday,False,Clear,False,0.0,False,False,0.205,Low,28.2,12.6,188.2,0.139,0.322,0.98,Normal free-flow traffic - standard signal timing maintained
EVT450315,2025-10-19 14:33:45,Sports Fixture,J023,Basavanagudi,40827,Weekend,False,Fog,False,0.0,False,False,0.534,Moderate,28.6,35.1,224.6,0.193,0.445,0.981,Moderate traffic flow - standard adaptive signal timing in effect
EVT450316,2025-07-07 18:01:01,Trade Fair,J009,Majestic,8014,Weekday,False,Clear,False,0.0,False,False,1.0,Severe,8.6,77.9,724.3,0.258,0.595,0.894,Heavy congestion detected - signal timing extended and reroute suggested
EVT450317,2025-06-15 13:02:26,Local Market Day,J012,Koramangala Sony World,7638,Weekend,False,Clear,False,0.0,False,False,0.359,Moderate,22.2,25.5,146.3,0.083,0.191,0.968,Moderate traffic flow - standard adaptive signal timing in effect
EVT450318,2025-08-03 13:29:57,Trade Fair,J031,Cubbon Road,8809,Weekend,False,Clear,False,0.0,False,False,0.217,Low,26.4,18.2,109.2,0.095,0.219,0.986,Normal free-flow traffic - standard signal timing maintained
EVT450319,2026-01-25 18:25:53,Local Market Day,J009,Majestic,4695,Weekend,False,Clear,False,0.0,False,False,0.832,Severe,14.7,58.0,416.9,0.194,0.448,0.949,Heavy congestion detected - signal timing extended and reroute suggested
EVT450320,2025-07-25 09:54:08,Concert,J011,Indiranagar 100ft Road,11690,Weekday,False,Clear,False,0.0,False,False,0.827,Severe,13.6,59.8,592.1,0.291,0.671,0.978,Heavy congestion detected - signal timing extended and reroute suggested
EVT450321,2025-10-02 10:17:10,Cultural Procession,J030,MG Road,18868,Weekday,True,Clear,False,0.0,False,True,1.0,Severe,6.1,96.6,900.3,0.253,0.585,0.838,Road closure for event/procession - full detour recommended for through-traffic
EVT450322,2025-09-06 16:23:46,Religious Festival,J020,Malleshwaram Circle,50562,Weekend,True,Heavy Rain,True,61.6,False,True,1.0,Severe,8.4,94.7,396.2,0.153,0.353,0.794,Road closure for event/procession - full detour recommended for through-traffic
EVT450323,2026-05-13 21:43:42,Political Rally,J020,Malleshwaram Circle,18057,Weekday,False,Clear,False,0.0,False,False,0.31,Low,30.6,20.1,147.6,0.118,0.273,0.956,Moderate traffic flow - standard adaptive signal timing in effect
EVT450324,2026-02-05 19:57:16,Trade Fair,J031,Cubbon Road,11129,Weekday,False,Clear,False,0.0,False,False,0.738,High,14.8,50.1,420.9,0.217,0.502,0.97,Moderate traffic flow - standard adaptive signal timing in effect
EVT450325,2025-06-10 15:43:23,Trade Fair,J030,MG Road,11666,Weekday,False,Fog,False,0.0,False,False,0.403,Moderate,19.8,24.6,267.4,0.163,0.378,0.989,Moderate traffic flow - standard adaptive signal timing in effect
EVT450326,2025-12-04 05:17:31,Trade Fair,J040,City Market,4900,Weekday,False,Clear,False,0.0,False,False,0.106,Low,40.5,7.6,143.3,0.141,0.325,0.98,Normal free-flow traffic - standard signal timing maintained
EVT450327,2026-03-12 06:01:47,Trade Fair,J023,Basavanagudi,10060,Weekday,False,Fog,False,0.0,False,False,0.29,Low,35.0,19.8,120.0,0.097,0.223,0.95,Moderate traffic flow - standard adaptive signal timing in effect
EVT450328,2025-01-30 11:20:43,Concert,J031,Cubbon Road,10553,Weekday,False,Clear,False,0.0,False,False,0.315,Low,29.1,19.5,134.4,0.088,0.203,0.988,Moderate traffic flow - standard adaptive signal timing in effect
EVT450329,2025-01-01 17:44:56,Sports Fixture,J023,Basavanagudi,25349,Weekday,False,Clear,False,0.0,False,False,1.0,Severe,8.5,66.5,688.5,0.247,0.57,0.894,Heavy congestion detected - signal timing extended and reroute suggested
EVT450330,2026-06-20 10:32:21,Trade Fair,J023,Basavanagudi,22633,Weekend,False,Clear,False,0.0,False,False,0.685,High,20.9,44.8,132.1,0.088,0.204,0.964,Moderate traffic flow - standard adaptive signal timing in effect
EVT450331,2025-05-24 18:54:46,Sports Fixture,J020,Malleshwaram Circle,19480,Weekend,False,Clear,False,0.0,False,False,1.0,Severe,6.8,75.8,859.0,0.247,0.57,0.93,Heavy congestion detected - signal timing extended and reroute suggested
EVT450332,2025-02-09 08:25:34,Trade Fair,J011,Indiranagar 100ft Road,7123,Weekend,False,Fog,False,0.0,False,False,0.822,Severe,13.7,56.8,204.7,0.111,0.257,0.959,Heavy congestion detected - signal timing extended and reroute suggested
EVT450333,2025-06-14 08:38:37,Trade Fair,J023,Basavanagudi,16267,Weekend,False,Clear,False,0.0,False,False,0.854,Severe,15.5,62.9,357.5,0.185,0.426,0.96,Heavy congestion detected - signal timing extended and reroute suggested
EVT450334,2025-05-04 13:34:04,Local Market Day,J012,Koramangala Sony World,1580,Weekend,False,Clear,False,0.0,False,False,0.276,Low,32.5,18.3,69.8,0.055,0.127,0.972,Moderate traffic flow - standard adaptive signal timing in effect
EVT450335,2026-02-03 12:33:55,Concert,J009,Majestic,16400,Weekday,False,Clear,False,0.0,False,False,0.228,Low,31.1,11.1,97.8,0.048,0.111,0.97,Normal free-flow traffic - standard signal timing maintained
EVT450336,2025-07-08 13:03:19,Sports Fixture,J009,Majestic,23310,Weekday,False,Clear,False,0.0,False,False,0.28,Low,27.7,21.9,141.3,0.104,0.241,0.972,Moderate traffic flow - standard adaptive signal timing in effect
EVT450337,2025-12-28 19:48:59,Sports Fixture,J011,Indiranagar 100ft Road,18280,Weekend,False,Clear,False,0.0,False,False,0.816,Severe,13.0,59.0,472.2,0.242,0.56,0.939,Heavy congestion detected - signal timing extended and reroute suggested
EVT450338,2025-01-26 11:35:12,Religious Festival,J012,Koramangala Sony World,29963,Weekend,True,Clear,False,0.0,False,False,0.653,High,16.4,40.5,276.2,0.182,0.42,0.903,Festival crowd surge detected - alternate route and extended cycle recommended
EVT450339,2025-03-16 18:41:57,Concert,J023,Basavanagudi,10994,Weekend,False,Clear,False,0.0,False,False,0.945,Severe,12.6,67.4,319.2,0.138,0.318,0.926,Heavy congestion detected - signal timing extended and reroute suggested
EVT450340,2025-06-26 13:17:10,Sports Fixture,J031,Cubbon Road,21665,Weekday,False,Rain,True,11.9,False,False,0.451,Moderate,23.1,31.2,83.2,0.044,0.101,0.918,Light rain detected - minor speed reduction advised
EVT450341,2026-03-28 04:08:10,Trade Fair,J023,Basavanagudi,9208,Weekend,False,Clear,False,0.0,False,False,0.244,Low,32.2,22.3,175.7,0.15,0.347,0.99,Normal free-flow traffic - standard signal timing maintained
EVT450342,2026-03-01 17:57:06,Sports Fixture,J020,Malleshwaram Circle,25192,Weekend,False,Clear,False,0.0,False,False,0.995,Severe,8.3,77.4,267.0,0.114,0.264,0.892,Heavy congestion detected - signal timing extended and reroute suggested
EVT450343,2025-02-08 14:00:15,Concert,J011,Indiranagar 100ft Road,16431,Weekend,False,Clear,False,0.0,False,False,0.246,Low,26.4,14.2,192.3,0.113,0.261,0.985,Normal free-flow traffic - standard signal timing maintained
EVT450344,2025-04-28 18:53:23,Sports Fixture,J031,Cubbon Road,17798,Weekday,False,Clear,False,0.0,False,False,1.0,Severe,8.7,74.5,274.7,0.116,0.268,0.948,Heavy congestion detected - signal timing extended and reroute suggested
EVT450345,2026-04-17 08:09:40,Concert,J020,Malleshwaram Circle,13462,Weekday,False,Clear,False,0.0,False,False,0.911,Severe,12.5,67.7,574.7,0.261,0.602,0.939,Heavy congestion detected - signal timing extended and reroute suggested
EVT450346,2025-01-10 19:06:16,Sports Fixture,J031,Cubbon Road,25136,Weekday,False,Clear,False,0.0,False,False,1.0,Severe,6.6,69.7,836.5,0.23,0.532,0.944,Heavy congestion detected - signal timing extended and reroute suggested
EVT450347,2026-06-17 15:26:08,Sports Fixture,J012,Koramangala Sony World,16557,Weekday,False,Clear,False,0.0,False,False,0.401,Moderate,27.1,31.5,234.2,0.172,0.397,0.968,Moderate traffic flow - standard adaptive signal timing in effect
EVT450348,2026-05-28 20:55:50,Concert,J011,Indiranagar 100ft Road,15450,Weekday,False,Clear,False,0.0,False,False,0.563,High,21.8,38.7,223.4,0.162,0.375,0.926,Moderate traffic flow - standard adaptive signal timing in effect
EVT450349,2026-03-31 11:42:32,Local Market Day,J011,Indiranagar 100ft Road,2435,Weekday,False,Clear,False,0.0,False,False,0.213,Low,35.3,11.2,136.0,0.12,0.278,0.977,Normal free-flow traffic - standard signal timing maintained
EVT450350,2025-01-26 12:30:30,Fireworks Display,J023,Basavanagudi,32132,Weekend,True,Clear,False,0.0,False,False,0.705,High,17.7,45.7,215.5,0.152,0.352,0.901,Festival crowd surge detected - alternate route and extended cycle recommended
EVT450351,2025-12-11 11:17:53,Concert,J023,Basavanagudi,12403,Weekday,False,Clear,False,0.0,True,False,0.772,Severe,15.4,59.6,305.5,0.173,0.4,0.784,Accident detected nearby - reroute and reduced speed advised
EVT450352,2026-03-29 07:22:50,Local Market Day,J012,Koramangala Sony World,6740,Weekend,False,Clear,False,0.0,False,False,0.548,Moderate,25.3,36.8,252.6,0.168,0.388,0.965,Moderate traffic flow - standard adaptive signal timing in effect
EVT450353,2025-09-13 22:05:34,Concert,J031,Cubbon Road,12450,Weekend,False,Clear,False,0.0,False,False,0.352,Moderate,29.3,24.9,160.8,0.134,0.309,0.98,Moderate traffic flow - standard adaptive signal timing in effect
EVT450354,2026-05-10 16:28:06,Concert,J011,Indiranagar 100ft Road,11243,Weekend,False,Clear,False,0.0,False,False,0.483,Moderate,21.9,33.9,248.7,0.166,0.383,0.941,Moderate traffic flow - standard adaptive signal timing in effect
EVT450355,2025-11-17 06:26:57,Trade Fair,J009,Majestic,11579,Weekday,False,Clear,False,0.0,False,False,0.36,Moderate,28.2,27.9,177.1,0.14,0.324,0.952,Moderate traffic flow - standard adaptive signal timing in effect
EVT450356,2026-01-15 09:38:24,Religious Festival,J012,Koramangala Sony World,27126,Weekday,True,Clear,False,0.0,False,False,1.0,Severe,8.3,71.7,516.0,0.179,0.415,0.862,Festival crowd surge detected - alternate route and extended cycle recommended
EVT450357,2025-12-31 07:01:12,Sports Fixture,J011,Indiranagar 100ft Road,26147,Weekday,False,Clear,False,0.0,False,False,0.534,Moderate,24.4,42.4,247.2,0.158,0.364,0.978,Moderate traffic flow - standard adaptive signal timing in effect
EVT450358,2025-05-23 09:10:21,Sports Fixture,J011,Indiranagar 100ft Road,21840,Weekday,False,Clear,False,0.0,False,False,1.0,Severe,7.0,68.1,640.7,0.181,0.418,0.914,Heavy congestion detected - signal timing extended and reroute suggested
EVT450359,2025-11-23 09:13:23,Political Rally,J031,Cubbon Road,18151,Weekend,False,Clear,False,0.0,False,False,0.923,Severe,10.3,64.7,290.2,0.12,0.277,0.943,Heavy congestion detected - signal timing extended and reroute suggested
EVT450360,2026-06-14 10:09:06,Local Market Day,J040,City Market,2190,Weekend,False,Clear,False,0.0,False,False,0.779,Severe,15.2,58.9,310.7,0.156,0.361,0.96,Heavy congestion detected - signal timing extended and reroute suggested
EVT450361,2025-08-15 08:57:19,Religious Festival,J031,Cubbon Road,51331,Weekday,True,Clear,False,0.0,False,False,1.0,Severe,7.6,72.7,255.6,0.11,0.254,0.872,Festival crowd surge detected - alternate route and extended cycle recommended
EVT450362,2026-05-16 14:18:27,Political Rally,J012,Koramangala Sony World,14509,Weekend,False,Clear,False,0.0,False,False,0.376,Moderate,26.3,27.6,229.2,0.183,0.424,0.97,Moderate traffic flow - standard adaptive signal timing in effect
EVT450363,2026-05-15 20:25:44,Sports Fixture,J023,Basavanagudi,16216,Weekday,False,Clear,False,0.0,False,False,0.58,High,20.9,44.1,342.9,0.228,0.526,0.975,Moderate traffic flow - standard adaptive signal timing in effect
EVT450364,2025-08-08 00:58:50,Sports Fixture,J040,City Market,29032,Weekday,False,Clear,False,0.0,False,False,0.294,Low,33.0,20.5,174.7,0.161,0.372,0.95,Moderate traffic flow - standard adaptive signal timing in effect
EVT450365,2026-02-15 09:54:23,Trade Fair,J040,City Market,11482,Weekend,False,Fog,False,0.0,False,False,0.734,High,17.4,56.4,138.7,0.072,0.167,0.978,Moderate traffic flow - standard adaptive signal timing in effect
EVT450366,2025-11-27 13:26:29,Local Market Day,J020,Malleshwaram Circle,3893,Weekday,False,Clear,False,0.0,False,False,0.122,Low,32.3,2.5,65.9,0.065,0.149,0.962,Normal free-flow traffic - standard signal timing maintained
EVT450367,2026-04-24 08:05:15,Trade Fair,J011,Indiranagar 100ft Road,14874,Weekday,False,Clear,False,0.0,False,False,0.893,Severe,12.5,67.0,405.6,0.202,0.466,0.934,Heavy congestion detected - signal timing extended and reroute suggested
EVT450368,2026-03-21 20:34:47,Local Market Day,J009,Majestic,4647,Weekend,False,Clear,False,0.0,False,False,0.589,High,20.0,38.7,240.0,0.134,0.31,0.976,Moderate traffic flow - standard adaptive signal timing in effect
EVT450369,2025-03-01 11:45:10,Political Rally,J030,MG Road,31421,Weekend,False,Clear,False,0.0,False,False,0.567,High,22.2,44.2,249.1,0.198,0.457,0.963,Moderate traffic flow - standard adaptive signal timing in effect
EVT450370,2025-02-14 17:10:53,Trade Fair,J012,Koramangala Sony World,11933,Weekday,False,Clear,False,0.0,False,False,0.825,Severe,15.2,58.8,223.8,0.106,0.246,0.924,Heavy congestion detected - signal timing extended and reroute suggested
EVT450371,2025-06-28 20:27:54,Sports Fixture,J031,Cubbon Road,12456,Weekend,False,Clear,False,0.0,False,False,0.652,High,19.3,53.0,413.1,0.257,0.593,0.986,Moderate traffic flow - standard adaptive signal timing in effect
EVT450372,2025-04-14 19:59:50,Religious Festival,J012,Koramangala Sony World,56754,Weekday,True,Clear,False,0.0,False,True,1.0,Severe,8.9,102.1,881.7,0.312,0.721,0.822,Road closure for event/procession - full detour recommended for through-traffic
EVT450373,2025-04-28 09:16:45,Concert,J009,Majestic,10633,Weekday,False,Clear,False,0.0,False,False,1.0,Severe,8.8,66.9,836.4,0.312,0.721,0.934,Heavy congestion detected - signal timing extended and reroute suggested
EVT450374,2025-07-22 09:32:02,Concert,J009,Majestic,8580,Weekday,False,Rain,True,11.4,False,False,1.0,Severe,8.5,72.4,500.3,0.199,0.459,0.864,Heavy rain reducing visibility and grip - reduced speed and longer buffer advised
EVT450375,2026-02-22 07:09:52,Political Rally,J012,Koramangala Sony World,10958,Weekend,False,Fog,False,0.0,False,False,0.478,Moderate,19.5,39.1,215.4,0.134,0.31,0.962,Moderate traffic flow - standard adaptive signal timing in effect
EVT450376,2025-05-11 22:43:23,Concert,J009,Majestic,9255,Weekend,False,Clear,False,0.0,False,False,0.357,Moderate,24.9,25.4,250.2,0.197,0.455,0.99,Moderate traffic flow - standard adaptive signal timing in effect
EVT450377,2025-06-16 13:27:35,Sports Fixture,J020,Malleshwaram Circle,21982,Weekday,False,Clear,False,0.0,False,False,0.365,Moderate,21.7,23.4,223.1,0.147,0.34,0.979,Moderate traffic flow - standard adaptive signal timing in effect
EVT450378,2026-05-19 16:30:54,Local Market Day,J011,Indiranagar 100ft Road,2850,Weekday,False,Clear,False,0.0,False,False,0.553,High,24.6,40.8,233.8,0.153,0.353,0.96,Moderate traffic flow - standard adaptive signal timing in effect
EVT450379,2026-01-03 21:21:22,Concert,J040,City Market,19439,Weekend,False,Clear,False,0.0,False,False,0.533,Moderate,22.1,41.8,295.6,0.194,0.448,0.962,Moderate traffic flow - standard adaptive signal timing in effect
EVT450380,2026-04-07 08:09:39,Political Rally,J012,Koramangala Sony World,11568,Weekday,False,Clear,False,0.0,False,False,0.795,Severe,17.8,59.1,250.0,0.169,0.389,0.964,Heavy congestion detected - signal timing extended and reroute suggested
EVT450381,2026-01-10 07:34:35,Political Rally,J040,City Market,13054,Weekend,False,Clear,False,0.0,False,False,0.659,High,20.1,47.5,263.4,0.157,0.363,0.956,Moderate traffic flow - standard adaptive signal timing in effect
EVT450382,2026-02-18 14:05:20,Local Market Day,J040,City Market,3065,Weekday,False,Clear,False,0.0,False,False,0.143,Low,27.5,12.7,119.2,0.085,0.195,0.974,Normal free-flow traffic - standard signal timing maintained
EVT450383,2025-05-01 16:21:05,Religious Festival,J009,Majestic,58759,Weekday,True,Clear,False,0.0,False,True,1.0,Severe,8.7,108.6,630.1,0.223,0.515,0.835,Road closure for event/procession - full detour recommended for through-traffic
EVT450384,2026-04-15 13:41:24,Fireworks Display,J040,City Market,33609,Weekday,True,Clear,False,0.0,False,False,0.498,Moderate,22.6,32.4,230.9,0.151,0.349,0.918,Moderate traffic flow - standard adaptive signal timing in effect
EVT450385,2026-01-14 05:50:49,Religious Festival,J009,Majestic,21280,Weekday,True,Clear,False,0.0,False,False,0.546,Moderate,19.8,37.8,202.6,0.102,0.237,0.924,Festival crowd surge detected - alternate route and extended cycle recommended
EVT450386,2025-10-14 08:26:23,Political Rally,J031,Cubbon Road,12381,Weekday,False,Clear,False,0.0,False,False,1.0,Severe,9.4,73.7,274.0,0.112,0.259,0.9,Heavy congestion detected - signal timing extended and reroute suggested
EVT450387,2026-05-27 08:23:58,Political Rally,J009,Majestic,17660,Weekday,False,Rain,True,18.0,False,False,1.0,Severe,9.0,78.0,682.6,0.244,0.564,0.877,Heavy rain reducing visibility and grip - reduced speed and longer buffer advised
EVT450388,2025-11-07 08:19:04,Local Market Day,J030,MG Road,4239,Weekday,False,Clear,False,0.0,False,False,0.965,Severe,8.1,72.5,602.4,0.223,0.515,0.919,Heavy congestion detected - signal timing extended and reroute suggested
EVT450389,2025-09-22 17:48:22,Concert,J040,City Market,15030,Weekday,False,Rain,True,18.6,True,False,1.0,Severe,10.3,67.3,447.1,0.188,0.434,0.704,Accident detected nearby - reroute and reduced speed advised
EVT450390,2026-02-10 11:11:09,Local Market Day,J030,MG Road,5735,Weekday,False,Fog,False,0.0,False,False,0.413,Moderate,29.0,30.8,113.4,0.093,0.216,0.971,Moderate traffic flow - standard adaptive signal timing in effect
EVT450391,2026-06-10 09:38:01,Sports Fixture,J009,Majestic,32199,Weekday,False,Rain,True,17.8,False,False,1.0,Severe,9.1,70.9,667.6,0.257,0.595,0.872,Heavy rain reducing visibility and grip - reduced speed and longer buffer advised
EVT450392,2026-06-23 15:16:42,Sports Fixture,J011,Indiranagar 100ft Road,9290,Weekday,False,Heavy Rain,True,45.2,False,False,0.635,High,17.8,50.9,267.6,0.138,0.319,0.924,Heavy rain reducing visibility and grip - reduced speed and longer buffer advised
EVT450393,2025-06-21 06:04:19,Sports Fixture,J030,MG Road,15172,Weekend,False,Fog,False,0.0,False,False,0.373,Moderate,26.1,26.3,137.2,0.106,0.245,0.933,Moderate traffic flow - standard adaptive signal timing in effect
EVT450394,2025-08-22 19:51:59,Sports Fixture,J023,Basavanagudi,19035,Weekday,False,Clear,False,0.0,False,False,0.904,Severe,10.2,65.9,498.4,0.209,0.484,0.941,Heavy congestion detected - signal timing extended and reroute suggested
EVT450395,2025-10-08 07:37:50,Sports Fixture,J009,Majestic,18355,Weekday,False,Clear,False,0.0,False,False,0.721,High,19.1,55.5,162.7,0.116,0.269,0.971,Moderate traffic flow - standard adaptive signal timing in effect
EVT450396,2025-04-28 17:58:45,Trade Fair,J030,MG Road,10833,Weekday,False,Light Rain,True,7.2,False,False,1.0,Severe,9.0,69.2,202.3,0.101,0.234,0.876,Heavy rain reducing visibility and grip - reduced speed and longer buffer advised
EVT450397,2026-06-12 22:03:10,Political Rally,J023,Basavanagudi,19312,Weekday,False,Clear,False,0.0,False,False,0.367,Moderate,31.2,24.0,110.3,0.079,0.183,0.954,Moderate traffic flow - standard adaptive signal timing in effect
EVT450398,2025-07-25 19:38:06,Sports Fixture,J011,Indiranagar 100ft Road,24859,Weekday,False,Clear,False,0.0,False,False,0.911,Severe,10.1,62.7,626.5,0.228,0.528,0.949,Heavy congestion detected - signal timing extended and reroute suggested
EVT450399,2025-04-29 23:07:42,Trade Fair,J012,Koramangala Sony World,5919,Weekday,False,Clear,False,0.0,True,False,0.603,High,23.9,37.9,182.7,0.134,0.309,0.789,Accident detected nearby - reroute and reduced speed advised
EVT450400,2025-10-25 17:18:19,Concert,J012,Koramangala Sony World,7063,Weekend,False,Clear,False,0.0,False,False,0.767,Severe,17.9,59.2,276.1,0.164,0.378,0.956,Heavy congestion detected - signal timing extended and reroute suggested
EVT450401,2026-02-23 22:35:29,Trade Fair,J009,Majestic,5834,Weekday,False,Clear,False,0.0,False,False,0.19,Low,28.3,10.7,182.1,0.158,0.364,0.972,Normal free-flow traffic - standard signal timing maintained
EVT450402,2026-01-02 13:15:17,Religious Festival,J020,Malleshwaram Circle,32544,Weekday,True,Clear,False,0.0,False,True,0.695,Moderate,15.8,68.2,330.7,0.165,0.382,0.908,Road closure for event/procession - full detour recommended for through-traffic
EVT450403,2025-11-09 08:23:19,Concert,J031,Cubbon Road,12633,Weekend,False,Heavy Rain,True,25.1,False,False,1.0,Severe,8.0,76.0,492.4,0.169,0.389,0.883,Heavy rain reducing visibility and grip - reduced speed and longer buffer advised
EVT450404,2025-02-11 18:33:49,Local Market Day,J012,Koramangala Sony World,3822,Weekday,False,Clear,False,0.0,False,False,1.0,Severe,10.6,66.5,409.6,0.162,0.374,0.91,Heavy congestion detected - signal timing extended and reroute suggested
EVT450405,2025-03-09 14:36:32,Local Market Day,J009,Majestic,3459,Weekend,False,Light Rain,True,1.0,False,False,0.291,Low,33.2,16.6,179.7,0.153,0.354,0.904,Light rain detected - minor speed reduction advised
EVT450406,2026-04-29 14:09:44,Political Rally,J030,MG Road,17803,Weekday,False,Clear,False,0.0,False,False,0.269,Low,27.9,17.0,133.3,0.101,0.234,0.957,Moderate traffic flow - standard adaptive signal timing in effect
EVT450407,2025-02-16 07:29:55,Trade Fair,J030,MG Road,7431,Weekend,False,Clear,False,0.0,False,False,0.557,High,21.6,37.4,266.7,0.164,0.38,0.976,Moderate traffic flow - standard adaptive signal timing in effect
EVT450408,2025-05-08 19:35:12,Political Rally,J020,Malleshwaram Circle,28569,Weekday,False,Clear,False,0.0,False,False,1.0,Severe,7.0,66.4,704.6,0.219,0.505,0.914,Heavy congestion detected - signal timing extended and reroute suggested
EVT450409,2025-05-15 06:27:05,Local Market Day,J030,MG Road,6069,Weekday,False,Clear,False,0.0,False,False,0.301,Low,27.5,22.6,202.8,0.17,0.392,0.949,Moderate traffic flow - standard adaptive signal timing in effect
EVT450410,2025-06-10 09:44:19,Concert,J031,Cubbon Road,10604,Weekday,False,Heavy Rain,True,27.7,False,False,1.0,Severe,10.4,74.8,392.0,0.172,0.398,0.85,Heavy rain reducing visibility and grip - reduced speed and longer buffer advised
EVT450411,2025-09-28 10:42:01,Sports Fixture,J011,Indiranagar 100ft Road,40855,Weekend,False,Clear,False,0.0,False,False,0.686,High,18.8,46.9,241.9,0.154,0.355,0.981,Moderate traffic flow - standard adaptive signal timing in effect
EVT450412,2026-03-24 22:53:02,Sports Fixture,J009,Majestic,17145,Weekday,False,Clear,False,0.0,False,False,0.224,Low,30.3,11.7,285.1,0.227,0.523,0.978,Normal free-flow traffic - standard signal timing maintained
EVT450413,2025-01-21 01:28:35,Sports Fixture,J023,Basavanagudi,26917,Weekday,False,Clear,False,0.0,False,False,0.257,Low,27.9,13.5,69.1,0.054,0.124,0.971,Moderate traffic flow - standard adaptive signal timing in effect
EVT450414,2025-10-02 13:22:45,Cultural Procession,J031,Cubbon Road,21159,Weekday,True,Clear,False,0.0,False,True,0.579,Moderate,25.7,59.1,248.2,0.199,0.461,0.873,Road closure for event/procession - full detour recommended for through-traffic
EVT450415,2025-06-29 18:19:15,Sports Fixture,J009,Majestic,25542,Weekend,False,Heavy Rain,True,25.2,False,False,1.0,Severe,8.5,77.9,812.9,0.281,0.649,0.878,Heavy rain reducing visibility and grip - reduced speed and longer buffer advised
EVT450416,2025-07-07 18:31:32,Local Market Day,J031,Cubbon Road,2894,Weekday,False,Clear,False,0.0,False,False,1.0,Severe,7.5,71.0,720.6,0.238,0.549,0.934,Heavy congestion detected - signal timing extended and reroute suggested
EVT450417,2026-04-09 10:15:56,Concert,J011,Indiranagar 100ft Road,8716,Weekday,False,Clear,False,0.0,False,False,0.842,Severe,10.6,61.5,525.3,0.234,0.542,0.956,Heavy congestion detected - signal timing extended and reroute suggested
EVT450418,2025-07-09 15:34:21,Political Rally,J031,Cubbon Road,17162,Weekday,False,Clear,False,0.0,False,False,0.402,Moderate,32.4,32.3,161.3,0.16,0.369,0.955,Moderate traffic flow - standard adaptive signal timing in effect
EVT450419,2025-06-12 21:59:15,Sports Fixture,J040,City Market,29526,Weekday,False,Heavy Rain,True,32.5,False,False,0.746,High,18.7,55.0,161.6,0.1,0.231,0.908,Heavy rain reducing visibility and grip - reduced speed and longer buffer advised
EVT450420,2026-04-18 17:07:28,Political Rally,J023,Basavanagudi,12629,Weekend,False,Clear,False,0.0,False,False,0.857,Severe,9.0,69.4,756.8,0.26,0.601,0.939,Heavy congestion detected - signal timing extended and reroute suggested
EVT450421,2025-02-28 07:07:13,Trade Fair,J009,Majestic,11844,Weekday,False,Clear,False,0.0,False,False,0.493,Moderate,27.0,39.6,181.5,0.135,0.311,0.983,Moderate traffic flow - standard adaptive signal timing in effect
EVT450422,2025-10-26 21:47:17,Concert,J030,MG Road,15195,Weekend,False,Clear,False,0.0,False,False,0.479,Moderate,27.2,28.7,192.7,0.156,0.361,0.986,Moderate traffic flow - standard adaptive signal timing in effect
EVT450423,2025-06-01 14:17:23,Sports Fixture,J012,Koramangala Sony World,31649,Weekend,False,Clear,False,0.0,False,False,0.421,Moderate,33.3,32.5,255.7,0.228,0.527,0.974,Moderate traffic flow - standard adaptive signal timing in effect
EVT450424,2026-06-11 13:10:45,Trade Fair,J023,Basavanagudi,15450,Weekday,False,Light Rain,True,7.0,False,False,0.378,Moderate,27.9,27.8,97.6,0.064,0.148,0.909,Light rain detected - minor speed reduction advised
EVT450425,2026-05-07 10:01:10,Local Market Day,J023,Basavanagudi,4876,Weekday,False,Clear,False,0.0,False,False,0.834,Severe,13.2,50.6,448.1,0.204,0.471,0.965,Heavy congestion detected - signal timing extended and reroute suggested
EVT450426,2025-06-22 17:43:39,Sports Fixture,J030,MG Road,23949,Weekend,False,Clear,False,0.0,False,False,0.916,Severe,11.5,67.9,448.4,0.222,0.512,0.946,Heavy congestion detected - signal timing extended and reroute suggested
EVT450427,2025-07-16 18:10:43,Sports Fixture,J012,Koramangala Sony World,18484,Weekday,False,Rain,True,19.1,False,False,1.0,Severe,8.3,72.8,359.2,0.14,0.323,0.869,Heavy rain reducing visibility and grip - reduced speed and longer buffer advised
EVT450428,2026-06-18 07:49:22,Trade Fair,J023,Basavanagudi,4604,Weekday,False,Clear,False,0.0,False,False,0.765,Severe,13.3,54.4,254.0,0.125,0.288,0.948,Heavy congestion detected - signal timing extended and reroute suggested
EVT450429,2025-04-20 19:26:53,Sports Fixture,J012,Koramangala Sony World,20664,Weekend,False,Clear,False,0.0,False,False,0.852,Severe,16.6,58.4,354.0,0.199,0.459,0.961,Heavy congestion detected - signal timing extended and reroute suggested
EVT450430,2025-02-10 19:53:22,Local Market Day,J012,Koramangala Sony World,4062,Weekday,False,Clear,False,0.0,False,False,0.813,Severe,14.6,59.6,251.4,0.14,0.323,0.961,Heavy congestion detected - signal timing extended and reroute suggested
EVT450431,2025-09-16 09:38:35,Political Rally,J031,Cubbon Road,18490,Weekday,False,Rain,True,14.1,False,False,1.0,Severe,8.7,72.3,483.1,0.214,0.494,0.855,Heavy rain reducing visibility and grip - reduced speed and longer buffer advised
EVT450432,2025-01-26 17:39:29,Cultural Procession,J012,Koramangala Sony World,11664,Weekend,True,Clear,False,0.0,False,True,1.0,Severe,7.2,92.5,312.4,0.121,0.279,0.821,Road closure for event/procession - full detour recommended for through-traffic
EVT450433,2025-01-02 21:00:24,Trade Fair,J012,Koramangala Sony World,9870,Weekday,False,Clear,False,0.0,False,False,0.439,Moderate,26.6,34.0,133.7,0.103,0.237,0.961,Moderate traffic flow - standard adaptive signal timing in effect
EVT450434,2025-12-13 11:11:34,Trade Fair,J030,MG Road,9940,Weekend,False,Clear,False,0.0,False,False,0.437,Moderate,27.3,32.5,117.3,0.09,0.208,0.943,Moderate traffic flow - standard adaptive signal timing in effect
EVT450435,2025-08-06 14:24:09,Sports Fixture,J020,Malleshwaram Circle,22020,Weekday,False,Clear,False,0.0,False,False,0.264,Low,33.6,15.8,122.7,0.106,0.245,0.968,Moderate traffic flow - standard adaptive signal timing in effect
EVT450436,2025-03-18 19:14:05,Local Market Day,J011,Indiranagar 100ft Road,2754,Weekday,False,Clear,False,0.0,False,False,0.889,Severe,13.4,67.8,358.1,0.164,0.378,0.938,Heavy congestion detected - signal timing extended and reroute suggested
EVT450437,2026-05-20 13:03:44,Sports Fixture,J040,City Market,20333,Weekday,False,Clear,False,0.0,False,False,0.298,Low,25.4,17.5,287.1,0.205,0.474,0.952,Moderate traffic flow - standard adaptive signal timing in effect
EVT450438,2026-06-20 10:50:50,Concert,J040,City Market,6497,Weekend,False,Clear,False,0.0,False,False,0.445,Moderate,25.5,35.5,124.2,0.07,0.162,0.96,Moderate traffic flow - standard adaptive signal timing in effect
EVT450439,2025-02-17 17:47:16,Trade Fair,J020,Malleshwaram Circle,6954,Weekday,False,Clear,False,0.0,False,False,1.0,Severe,9.8,73.5,570.6,0.213,0.491,0.926,Heavy congestion detected - signal timing extended and reroute suggested
EVT450440,2025-05-28 16:14:07,Concert,J031,Cubbon Road,23712,Weekday,False,Clear,False,0.0,False,False,0.572,High,19.8,42.8,126.6,0.104,0.239,0.976,Moderate traffic flow - standard adaptive signal timing in effect
EVT450441,2026-02-15 17:46:40,Political Rally,J011,Indiranagar 100ft Road,12247,Weekend,False,Clear,False,0.0,False,False,0.801,Severe,14.1,57.6,296.5,0.137,0.317,0.948,Heavy congestion detected - signal timing extended and reroute suggested
EVT450442,2025-12-28 06:21:57,Sports Fixture,J011,Indiranagar 100ft Road,17371,Weekend,False,Light Rain,True,4.1,False,False,0.411,Moderate,30.9,23.2,94.7,0.072,0.167,0.938,Light rain detected - minor speed reduction advised
EVT450443,2025-09-02 20:19:10,Sports Fixture,J030,MG Road,21558,Weekday,False,Heavy Rain,True,40.7,False,False,1.0,Severe,8.2,63.8,293.2,0.118,0.273,0.862,Heavy rain reducing visibility and grip - reduced speed and longer buffer advised
EVT450444,2025-05-03 23:36:52,Local Market Day,J023,Basavanagudi,3479,Weekend,False,Clear,False,0.0,False,False,0.244,Low,27.6,16.9,108.6,0.065,0.149,0.961,Normal free-flow traffic - standard signal timing maintained
EVT450445,2025-04-30 17:49:52,Local Market Day,J040,City Market,3015,Weekday,False,Light Rain,True,3.7,False,False,1.0,Severe,7.7,72.6,337.0,0.142,0.327,0.884,Heavy rain reducing visibility and grip - reduced speed and longer buffer advised
EVT450446,2025-01-14 10:20:56,Cultural Procession,J012,Koramangala Sony World,22653,Weekday,True,Clear,False,0.0,False,True,1.0,Severe,7.9,98.0,818.1,0.263,0.607,0.842,Road closure for event/procession - full detour recommended for through-traffic
EVT450447,2025-11-28 09:32:52,Political Rally,J023,Basavanagudi,12497,Weekday,False,Clear,False,0.0,False,False,1.0,Severe,6.3,78.3,699.4,0.187,0.431,0.916,Heavy congestion detected - signal timing extended and reroute suggested
EVT450448,2025-11-04 09:46:09,Concert,J023,Basavanagudi,10653,Weekday,False,Clear,False,0.0,False,False,0.89,Severe,12.4,63.7,366.4,0.16,0.369,0.919,Heavy congestion detected - signal timing extended and reroute suggested
EVT450449,2026-06-06 17:13:15,Political Rally,J012,Koramangala Sony World,31814,Weekend,False,Clear,False,0.0,False,False,0.811,Severe,17.7,52.3,214.6,0.152,0.351,0.962,Heavy congestion detected - signal timing extended and reroute suggested
EVT450450,2025-07-27 19:53:13,Trade Fair,J020,Malleshwaram Circle,7939,Weekend,False,Heavy Rain,True,41.2,False,False,1.0,Severe,9.0,73.3,682.7,0.244,0.563,0.894,Heavy rain reducing visibility and grip - reduced speed and longer buffer advised
EVT450451,2026-02-22 08:20:08,Concert,J012,Koramangala Sony World,10081,Weekend,False,Clear,False,0.0,False,False,0.876,Severe,11.3,61.3,513.5,0.224,0.517,0.928,Heavy congestion detected - signal timing extended and reroute suggested
EVT450452,2026-06-17 01:09:32,Trade Fair,J030,MG Road,7653,Weekday,False,Clear,False,0.0,False,False,0.276,Low,38.4,23.4,135.3,0.141,0.325,0.987,Moderate traffic flow - standard adaptive signal timing in effect
EVT450453,2025-03-04 16:03:43,Sports Fixture,J040,City Market,23195,Weekday,False,Clear,False,0.0,False,False,0.538,Moderate,24.4,41.7,147.5,0.097,0.225,0.965,Moderate traffic flow - standard adaptive signal timing in effect
EVT450454,2025-12-10 16:43:00,Sports Fixture,J030,MG Road,20451,Weekday,False,Clear,False,0.0,False,False,0.777,Severe,18.2,61.9,210.3,0.123,0.283,0.936,Heavy congestion detected - signal timing extended and reroute suggested
EVT450455,2026-03-30 16:14:58,Local Market Day,J023,Basavanagudi,5041,Weekday,False,Clear,False,0.0,False,False,0.433,Moderate,28.6,29.6,171.5,0.128,0.296,0.987,Moderate traffic flow - standard adaptive signal timing in effect
EVT450456,2026-04-27 17:48:40,Local Market Day,J012,Koramangala Sony World,4506,Weekday,False,Clear,False,0.0,False,False,0.905,Severe,10.4,66.8,602.1,0.213,0.493,0.921,Heavy congestion detected - signal timing extended and reroute suggested
EVT450457,2025-01-11 09:24:02,Trade Fair,J030,MG Road,7357,Weekend,False,Clear,False,0.0,False,False,0.852,Severe,13.0,58.2,390.7,0.184,0.426,0.968,Heavy congestion detected - signal timing extended and reroute suggested
EVT450458,2026-06-06 07:37:47,Concert,J009,Majestic,7410,Weekend,False,Rain,True,9.9,False,False,0.785,Severe,17.7,54.8,257.7,0.171,0.394,0.912,Heavy rain reducing visibility and grip - reduced speed and longer buffer advised
EVT450459,2026-01-31 09:46:39,Trade Fair,J040,City Market,6534,Weekend,False,Clear,False,0.0,False,False,0.844,Severe,11.6,59.2,464.4,0.2,0.463,0.964,Heavy congestion detected - signal timing extended and reroute suggested
EVT450460,2025-12-04 18:57:38,Political Rally,J031,Cubbon Road,10157,Weekday,False,Clear,False,0.0,False,False,1.0,Severe,9.0,68.7,567.4,0.213,0.491,0.903,Heavy congestion detected - signal timing extended and reroute suggested
EVT450461,2026-01-18 09:09:10,Local Market Day,J011,Indiranagar 100ft Road,6385,Weekend,False,Clear,False,0.0,False,False,0.97,Severe,10.6,71.5,300.9,0.127,0.294,0.916,Heavy congestion detected - signal timing extended and reroute suggested
EVT450462,2025-07-21 14:08:27,Political Rally,J012,Koramangala Sony World,5811,Weekday,False,Clear,False,0.0,False,False,0.227,Low,28.9,16.2,206.7,0.143,0.33,0.98,Normal free-flow traffic - standard signal timing maintained
EVT450463,2025-02-07 09:23:16,Sports Fixture,J040,City Market,9265,Weekday,False,Clear,False,0.0,False,False,1.0,Severe,6.8,71.1,722.5,0.201,0.465,0.915,Heavy congestion detected - signal timing extended and reroute suggested
EVT450464,2025-01-20 16:59:38,Sports Fixture,J023,Basavanagudi,28690,Weekday,False,Clear,False,0.0,False,False,0.845,Severe,14.7,62.5,327.3,0.175,0.404,0.937,Heavy congestion detected - signal timing extended and reroute suggested
EVT450465,2025-09-19 18:10:01,Sports Fixture,J040,City Market,17286,Weekday,False,Heavy Rain,True,48.8,False,False,1.0,Severe,9.5,69.1,665.4,0.254,0.588,0.858,Heavy rain reducing visibility and grip - reduced speed and longer buffer advised
EVT450466,2026-04-21 17:37:01,Concert,J020,Malleshwaram Circle,15367,Weekday,False,Clear,False,0.0,False,False,0.917,Severe,12.2,66.7,422.8,0.201,0.465,0.942,Heavy congestion detected - signal timing extended and reroute suggested
EVT450467,2026-05-22 17:49:05,Concert,J040,City Market,12923,Weekday,False,Fog,False,0.0,False,False,0.971,Severe,9.6,66.8,783.3,0.283,0.653,0.951,Heavy congestion detected - signal timing extended and reroute suggested
EVT450468,2025-04-21 07:43:43,Concert,J023,Basavanagudi,13246,Weekday,False,Clear,False,0.0,False,False,0.79,Severe,15.5,55.2,129.3,0.08,0.184,0.96,Heavy congestion detected - signal timing extended and reroute suggested
EVT450469,2026-01-14 17:14:38,Religious Festival,J011,Indiranagar 100ft Road,45768,Weekday,True,Light Rain,True,4.5,False,False,1.0,Severe,6.6,74.7,1128.7,0.282,0.652,0.821,Festival crowd surge detected - alternate route and extended cycle recommended
EVT450470,2025-05-16 18:00:21,Sports Fixture,J011,Indiranagar 100ft Road,21131,Weekday,False,Clear,False,0.0,False,False,1.0,Severe,8.6,67.7,635.2,0.204,0.472,0.94,Heavy congestion detected - signal timing extended and reroute suggested
EVT450471,2025-07-26 08:21:33,Sports Fixture,J030,MG Road,27984,Weekend,False,Clear,False,0.0,False,False,0.862,Severe,11.9,64.1,425.4,0.178,0.412,0.954,Heavy congestion detected - signal timing extended and reroute suggested
EVT450472,2025-09-11 06:07:57,Sports Fixture,J040,City Market,10239,Weekday,False,Heavy Rain,True,26.5,False,False,0.573,High,23.1,39.0,175.1,0.131,0.303,0.926,Heavy rain reducing visibility and grip - reduced speed and longer buffer advised
EVT450473,2025-01-16 16:52:25,Concert,J023,Basavanagudi,21190,Weekday,False,Clear,False,0.0,False,False,0.782,Severe,11.3,55.0,303.3,0.138,0.32,0.959,Heavy congestion detected - signal timing extended and reroute suggested
EVT450474,2026-03-11 16:20:14,Sports Fixture,J011,Indiranagar 100ft Road,35164,Weekday,False,Light Rain,True,2.4,False,False,0.798,Severe,16.8,59.5,310.5,0.173,0.4,0.914,Heavy rain reducing visibility and grip - reduced speed and longer buffer advised
EVT450475,2026-03-31 20:48:04,Local Market Day,J023,Basavanagudi,1963,Weekday,False,Clear,False,0.0,False,False,0.414,Moderate,32.6,33.7,199.9,0.189,0.437,0.971,Moderate traffic flow - standard adaptive signal timing in effect
EVT450476,2025-04-27 18:18:30,Concert,J009,Majestic,10983,Weekend,False,Clear,False,0.0,False,False,0.912,Severe,8.9,65.4,357.0,0.127,0.294,0.952,Heavy congestion detected - signal timing extended and reroute suggested
EVT450477,2025-04-28 06:57:03,Concert,J040,City Market,7341,Weekday,False,Rain,True,14.2,False,False,0.639,High,19.5,42.6,128.9,0.091,0.211,0.924,Heavy rain reducing visibility and grip - reduced speed and longer buffer advised
EVT450478,2025-01-11 17:30:35,Sports Fixture,J011,Indiranagar 100ft Road,34665,Weekend,False,Clear,False,0.0,False,False,0.9,Severe,11.4,63.2,660.6,0.276,0.637,0.938,Heavy congestion detected - signal timing extended and reroute suggested
EVT450479,2025-07-13 19:39:56,Concert,J009,Majestic,17347,Weekend,False,Clear,False,0.0,False,False,0.846,Severe,15.2,55.8,264.3,0.116,0.267,0.963,Heavy congestion detected - signal timing extended and reroute suggested
EVT450480,2025-11-03 06:36:25,Local Market Day,J030,MG Road,3001,Weekday,False,Clear,False,0.0,False,False,0.352,Moderate,25.8,18.4,58.4,0.042,0.097,0.948,Moderate traffic flow - standard adaptive signal timing in effect
EVT450481,2025-11-24 06:08:37,Sports Fixture,J031,Cubbon Road,21558,Weekday,False,Clear,False,0.0,False,False,0.297,Low,33.3,22.5,151.7,0.137,0.316,0.951,Moderate traffic flow - standard adaptive signal timing in effect
EVT450482,2025-09-26 19:05:04,Local Market Day,J009,Majestic,3910,Weekday,False,Fog,False,0.0,False,False,1.0,Severe,9.5,67.2,290.8,0.1,0.23,0.906,Heavy congestion detected - signal timing extended and reroute suggested
EVT450483,2025-03-19 23:40:04,Trade Fair,J031,Cubbon Road,5269,Weekday,False,Clear,False,0.0,False,False,0.158,Low,28.9,10.6,152.2,0.086,0.199,0.962,Normal free-flow traffic - standard signal timing maintained
EVT450484,2025-10-21 12:23:05,Cultural Procession,J012,Koramangala Sony World,22962,Weekday,True,Rain,True,10.2,False,True,0.863,High,13.0,87.7,385.2,0.196,0.454,0.789,Road closure for event/procession - full detour recommended for through-traffic
EVT450485,2026-06-19 00:54:42,Local Market Day,J012,Koramangala Sony World,3304,Weekday,False,Heavy Rain,True,51.3,False,False,0.493,Moderate,26.3,36.4,143.2,0.127,0.292,0.902,Light rain detected - minor speed reduction advised
EVT450486,2025-07-08 09:49:37,Sports Fixture,J009,Majestic,14495,Weekday,False,Clear,False,0.0,False,False,0.876,Severe,10.3,58.4,549.7,0.226,0.522,0.942,Heavy congestion detected - signal timing extended and reroute suggested
EVT450487,2026-05-31 10:04:09,Local Market Day,J020,Malleshwaram Circle,5537,Weekend,False,Clear,False,0.0,False,False,0.674,High,17.4,46.6,294.1,0.18,0.416,0.98,Moderate traffic flow - standard adaptive signal timing in effect
EVT450488,2026-03-29 07:08:14,Political Rally,J031,Cubbon Road,10334,Weekend,False,Clear,False,0.0,True,False,0.943,Severe,8.7,62.1,265.0,0.109,0.251,0.763,Accident detected nearby - reroute and reduced speed advised
EVT450489,2025-01-22 16:47:14,Local Market Day,J011,Indiranagar 100ft Road,3470,Weekday,False,Clear,False,0.0,False,False,0.595,High,20.3,44.2,239.4,0.15,0.347,0.968,Moderate traffic flow - standard adaptive signal timing in effect
EVT450490,2025-12-25 09:01:02,Religious Festival,J020,Malleshwaram Circle,52450,Weekday,True,Clear,False,0.0,False,True,1.0,Severe,9.1,97.7,669.7,0.271,0.626,0.822,Road closure for event/procession - full detour recommended for through-traffic
EVT450491,2025-11-16 19:47:34,Local Market Day,J020,Malleshwaram Circle,3319,Weekend,False,Clear,False,0.0,False,False,0.81,Severe,15.0,59.4,370.3,0.212,0.489,0.949,Heavy congestion detected - signal timing extended and reroute suggested
EVT450492,2025-11-02 09:50:59,Cultural Procession,J011,Indiranagar 100ft Road,20228,Weekend,True,Clear,False,0.0,False,False,1.0,Severe,9.6,68.7,673.5,0.259,0.598,0.901,Festival crowd surge detected - alternate route and extended cycle recommended
EVT450493,2025-09-13 07:39:12,Trade Fair,J031,Cubbon Road,4677,Weekend,False,Clear,False,0.0,False,False,0.572,High,25.1,35.0,96.0,0.064,0.147,0.958,Moderate traffic flow - standard adaptive signal timing in effect
EVT450494,2025-09-30 07:49:30,Local Market Day,J009,Majestic,4851,Weekday,False,Rain,True,16.4,False,False,0.966,Severe,7.5,68.7,432.2,0.14,0.324,0.885,Heavy rain reducing visibility and grip - reduced speed and longer buffer advised
EVT450495,2025-09-29 09:41:44,Sports Fixture,J040,City Market,22643,Weekday,False,Clear,False,0.0,False,False,1.0,Severe,8.9,75.8,583.9,0.214,0.494,0.907,Heavy congestion detected - signal timing extended and reroute suggested
EVT450496,2025-02-20 14:44:15,Local Market Day,J009,Majestic,5639,Weekday,False,Clear,False,0.0,False,False,0.243,Low,43.6,17.0,98.0,0.105,0.242,0.989,Normal free-flow traffic - standard signal timing maintained
EVT450497,2026-06-29 15:50:27,Concert,J011,Indiranagar 100ft Road,7728,Weekday,False,Clear,False,0.0,False,False,0.395,Moderate,24.8,26.1,269.1,0.213,0.491,0.961,Moderate traffic flow - standard adaptive signal timing in effect
EVT450498,2026-01-30 22:07:23,Concert,J020,Malleshwaram Circle,13296,Weekday,False,Clear,False,0.0,False,False,0.194,Low,23.4,13.9,218.3,0.136,0.315,0.957,Normal free-flow traffic - standard signal timing maintained
EVT450499,2026-03-10 19:17:50,Political Rally,J011,Indiranagar 100ft Road,11016,Weekday,False,Clear,False,0.0,False,False,1.0,Severe,8.9,72.4,539.8,0.182,0.422,0.927,Heavy congestion detected - signal timing extended and reroute suggested
EVT450500,2025-10-01 11:20:44,Local Market Day,J040,City Market,6742,Weekday,False,Heavy Rain,True,36.0,False,False,0.781,Severe,16.5,53.4,358.1,0.218,0.503,0.903,Heavy rain reducing visibility and grip - reduced speed and longer buffer advised
EVT450501,2026-05-24 02:14:22,Sports Fixture,J011,Indiranagar 100ft Road,10661,Weekend,False,Clear,False,0.0,False,False,0.327,Low,31.8,22.9,138.7,0.129,0.299,0.946,Moderate traffic flow - standard adaptive signal timing in effect
EVT450502,2026-01-27 08:49:11,Cultural Procession,J030,MG Road,23081,Weekday,True,Clear,False,0.0,False,True,1.0,Severe,6.3,96.1,923.1,0.234,0.539,0.832,Road closure for event/procession - full detour recommended for through-traffic
EVT450503,2025-02-06 18:47:41,Concert,J020,Malleshwaram Circle,12381,Weekday,False,Clear,False,0.0,False,False,1.0,Severe,8.0,68.4,342.6,0.116,0.267,0.907,Heavy congestion detected - signal timing extended and reroute suggested
EVT450504,2026-06-13 16:39:38,Concert,J023,Basavanagudi,9395,Weekend,False,Fog,False,0.0,False,False,0.611,High,16.1,40.5,262.2,0.129,0.298,0.948,Moderate traffic flow - standard adaptive signal timing in effect
EVT450505,2026-04-15 10:54:48,Religious Festival,J012,Koramangala Sony World,36648,Weekday,True,Fog,False,0.0,False,True,1.0,Severe,8.7,88.5,864.1,0.301,0.696,0.847,Road closure for event/procession - full detour recommended for through-traffic
EVT450506,2026-02-07 17:35:25,Sports Fixture,J040,City Market,18881,Weekend,False,Clear,False,0.0,False,False,0.912,Severe,12.0,65.3,366.7,0.17,0.392,0.953,Heavy congestion detected - signal timing extended and reroute suggested
EVT450507,2026-02-05 21:39:03,Concert,J009,Majestic,14481,Weekday,False,Clear,False,0.0,False,False,0.347,Low,28.7,28.0,152.3,0.109,0.251,0.938,Moderate traffic flow - standard adaptive signal timing in effect
EVT450508,2025-02-16 18:53:35,Local Market Day,J012,Koramangala Sony World,3372,Weekend,False,Clear,False,0.0,False,False,0.857,Severe,14.5,63.2,462.4,0.238,0.55,0.945,Heavy congestion detected - signal timing extended and reroute suggested
EVT450509,2025-06-09 07:22:44,Concert,J020,Malleshwaram Circle,12780,Weekday,False,Heavy Rain,True,46.5,False,False,0.897,Severe,11.9,61.9,347.6,0.158,0.365,0.903,Heavy rain reducing visibility and grip - reduced speed and longer buffer advised
EVT450510,2025-10-10 08:04:36,Local Market Day,J009,Majestic,3465,Weekday,False,Light Rain,True,6.1,False,False,0.967,Severe,9.7,63.9,227.0,0.094,0.217,0.879,Heavy rain reducing visibility and grip - reduced speed and longer buffer advised
EVT450511,2025-01-17 14:42:47,Local Market Day,J012,Koramangala Sony World,6027,Weekday,False,Clear,False,0.0,False,False,0.29,Low,23.6,23.2,155.8,0.102,0.235,0.963,Moderate traffic flow - standard adaptive signal timing in effect
EVT450512,2025-07-03 19:59:07,Political Rally,J030,MG Road,13757,Weekday,False,Rain,True,17.3,False,False,0.946,Severe,11.2,65.0,401.4,0.181,0.418,0.891,Heavy rain reducing visibility and grip - reduced speed and longer buffer advised
EVT450513,2025-09-11 19:22:21,Local Market Day,J023,Basavanagudi,3614,Weekday,False,Rain,True,9.3,False,False,0.901,Severe,12.6,64.8,275.7,0.123,0.284,0.868,Heavy rain reducing visibility and grip - reduced speed and longer buffer advised
EVT450514,2025-11-25 14:37:34,Political Rally,J040,City Market,23724,Weekday,False,Clear,False,0.0,False,False,0.346,Low,27.6,25.7,158.7,0.123,0.284,0.961,Moderate traffic flow - standard adaptive signal timing in effect
EVT450515,2025-07-05 08:45:49,Sports Fixture,J023,Basavanagudi,20850,Weekend,False,Rain,True,16.6,False,False,1.0,Severe,9.0,68.8,455.3,0.156,0.361,0.845,Heavy rain reducing visibility and grip - reduced speed and longer buffer advised
EVT450516,2025-01-02 09:16:32,Political Rally,J012,Koramangala Sony World,10625,Weekday,False,Clear,False,0.0,False,False,1.0,Severe,7.5,78.3,692.1,0.209,0.483,0.915,Heavy congestion detected - signal timing extended and reroute suggested
EVT450517,2025-11-25 17:34:05,Sports Fixture,J012,Koramangala Sony World,32967,Weekday,False,Clear,False,0.0,False,False,1.0,Severe,9.8,69.6,469.7,0.177,0.41,0.9,Heavy congestion detected - signal timing extended and reroute suggested
EVT450518,2026-03-23 18:57:04,Concert,J030,MG Road,16407,Weekday,False,Clear,False,0.0,False,False,1.0,Severe,9.0,72.4,599.6,0.207,0.477,0.912,Heavy congestion detected - signal timing extended and reroute suggested
EVT450519,2025-08-09 18:17:49,Sports Fixture,J012,Koramangala Sony World,28354,Weekend,False,Clear,False,0.0,False,False,1.0,Severe,9.0,74.5,642.8,0.226,0.522,0.884,Heavy congestion detected - signal timing extended and reroute suggested
EVT450520,2026-06-09 22:00:26,Sports Fixture,J012,Koramangala Sony World,24421,Weekday,False,Clear,False,0.0,False,False,0.415,Moderate,25.8,25.2,181.2,0.153,0.352,0.978,Moderate traffic flow - standard adaptive signal timing in effect
EVT450521,2026-04-26 13:53:19,Trade Fair,J012,Koramangala Sony World,12256,Weekend,False,Clear,False,0.0,False,False,0.297,Low,29.9,24.5,115.2,0.097,0.223,0.99,Moderate traffic flow - standard adaptive signal timing in effect
EVT450522,2026-02-03 08:49:43,Political Rally,J040,City Market,16416,Weekday,False,Clear,False,0.0,False,False,1.0,Severe,9.0,71.0,665.5,0.237,0.548,0.938,Heavy congestion detected - signal timing extended and reroute suggested
EVT450523,2026-05-14 20:06:50,Sports Fixture,J020,Malleshwaram Circle,27689,Weekday,False,Clear,False,0.0,False,False,0.86,Severe,14.7,61.2,381.0,0.205,0.474,0.941,Heavy congestion detected - signal timing extended and reroute suggested
EVT450524,2025-11-15 16:17:39,Sports Fixture,J023,Basavanagudi,24547,Weekend,False,Clear,False,0.0,False,False,0.583,High,23.2,43.4,233.2,0.169,0.39,0.99,Moderate traffic flow - standard adaptive signal timing in effect
EVT450525,2026-04-04 10:01:50,Local Market Day,J020,Malleshwaram Circle,5534,Weekend,False,Fog,False,0.0,False,False,0.721,High,21.1,51.7,230.4,0.168,0.388,0.958,Moderate traffic flow - standard adaptive signal timing in effect
EVT450526,2025-07-16 08:20:56,Local Market Day,J020,Malleshwaram Circle,10425,Weekday,False,Heavy Rain,True,33.3,False,False,1.0,Severe,8.8,73.7,569.5,0.201,0.464,0.88,Heavy rain reducing visibility and grip - reduced speed and longer buffer advised
EVT450527,2025-02-27 17:37:44,Local Market Day,J011,Indiranagar 100ft Road,5480,Weekday,False,Fog,False,0.0,False,False,0.977,Severe,8.6,71.7,516.1,0.177,0.409,0.914,Heavy congestion detected - signal timing extended and reroute suggested
EVT450528,2026-06-11 06:01:18,Sports Fixture,J030,MG Road,29103,Weekday,False,Clear,False,0.0,False,False,0.334,Low,26.0,18.2,148.6,0.106,0.245,0.972,Moderate traffic flow - standard adaptive signal timing in effect
EVT450529,2025-08-18 14:05:51,Trade Fair,J040,City Market,11359,Weekday,False,Clear,False,0.0,False,False,0.154,Low,42.1,8.6,48.4,0.058,0.134,0.981,Normal free-flow traffic - standard signal timing maintained
EVT450530,2025-03-13 09:01:09,Sports Fixture,J020,Malleshwaram Circle,12109,Weekday,False,Clear,False,0.0,False,False,1.0,Severe,7.4,73.0,728.1,0.241,0.557,0.897,Heavy congestion detected - signal timing extended and reroute suggested
EVT450531,2025-11-17 06:59:48,Sports Fixture,J031,Cubbon Road,20833,Weekday,False,Clear,False,0.0,False,False,0.501,Moderate,24.8,34.6,164.2,0.128,0.295,0.948,Moderate traffic flow - standard adaptive signal timing in effect
EVT450532,2026-03-08 13:14:47,Local Market Day,J023,Basavanagudi,2535,Weekend,False,Clear,False,0.0,False,False,0.277,Low,30.1,22.0,64.3,0.049,0.114,0.963,Moderate traffic flow - standard adaptive signal timing in effect
EVT450533,2026-02-27 22:13:07,Trade Fair,J020,Malleshwaram Circle,9473,Weekday,False,Clear,False,0.0,False,False,0.247,Low,28.6,15.9,141.3,0.101,0.233,0.937,Normal free-flow traffic - standard signal timing maintained
EVT450534,2026-03-18 17:43:12,Local Market Day,J009,Majestic,3348,Weekday,False,Light Rain,True,2.9,False,False,1.0,Severe,8.5,72.6,394.1,0.152,0.352,0.879,Heavy rain reducing visibility and grip - reduced speed and longer buffer advised
EVT450535,2025-09-18 17:07:15,Trade Fair,J009,Majestic,9099,Weekday,False,Clear,False,0.0,False,False,0.826,Severe,16.0,57.2,356.3,0.214,0.495,0.961,Heavy congestion detected - signal timing extended and reroute suggested
EVT450536,2025-07-26 19:02:52,Concert,J023,Basavanagudi,19775,Weekend,False,Rain,True,8.4,False,False,1.0,Severe,8.0,70.8,624.3,0.206,0.477,0.846,Heavy rain reducing visibility and grip - reduced speed and longer buffer advised
EVT450537,2025-05-11 18:20:44,Concert,J012,Koramangala Sony World,14865,Weekend,False,Clear,False,0.0,False,False,0.898,Severe,10.5,66.5,307.8,0.115,0.265,0.935,Heavy congestion detected - signal timing extended and reroute suggested
EVT450538,2025-02-06 14:01:32,Political Rally,J031,Cubbon Road,17200,Weekday,False,Clear,False,0.0,False,False,0.314,Low,36.6,18.0,78.4,0.076,0.175,0.98,Moderate traffic flow - standard adaptive signal timing in effect
EVT450539,2025-12-03 08:34:04,Sports Fixture,J031,Cubbon Road,11221,Weekday,False,Clear,False,0.0,False,False,0.956,Severe,10.1,66.4,458.3,0.191,0.441,0.934,Heavy congestion detected - signal timing extended and reroute suggested
EVT450540,2025-07-15 09:58:26,Political Rally,J020,Malleshwaram Circle,18683,Weekday,False,Rain,True,17.7,False,False,1.0,Severe,8.3,72.4,526.2,0.173,0.4,0.865,Heavy rain reducing visibility and grip - reduced speed and longer buffer advised
EVT450541,2025-01-26 18:49:23,Religious Festival,J009,Majestic,34472,Weekend,True,Clear,False,0.0,False,False,1.0,Severe,8.7,66.9,548.3,0.21,0.484,0.875,Festival crowd surge detected - alternate route and extended cycle recommended
EVT450542,2025-07-23 13:10:11,Sports Fixture,J009,Majestic,35499,Weekday,False,Rain,True,17.7,True,False,0.898,Severe,9.6,60.9,493.8,0.195,0.45,0.707,Accident detected nearby - reroute and reduced speed advised
EVT450543,2026-05-13 06:13:24,Concert,J030,MG Road,16094,Weekday,False,Clear,False,0.0,False,False,0.278,Low,32.2,20.8,119.0,0.1,0.231,0.94,Moderate traffic flow - standard adaptive signal timing in effect
EVT450544,2026-02-10 11:56:35,Trade Fair,J030,MG Road,14722,Weekday,False,Clear,False,0.0,False,False,0.291,Low,28.6,18.2,129.1,0.098,0.227,0.978,Moderate traffic flow - standard adaptive signal timing in effect
EVT450545,2025-05-30 21:30:47,Sports Fixture,J012,Koramangala Sony World,33792,Weekday,False,Rain,True,17.5,False,False,0.643,High,20.9,55.1,259.5,0.167,0.386,0.9,Heavy rain reducing visibility and grip - reduced speed and longer buffer advised
EVT450546,2025-08-31 03:01:20,Local Market Day,J023,Basavanagudi,4524,Weekend,False,Heavy Rain,True,50.2,False,False,0.558,High,26.4,41.5,194.6,0.163,0.377,0.901,Heavy rain reducing visibility and grip - reduced speed and longer buffer advised
EVT450547,2025-10-12 19:47:53,Political Rally,J012,Koramangala Sony World,24042,Weekend,False,Clear,False,0.0,False,False,0.753,Severe,17.9,53.8,381.5,0.234,0.54,0.99,Heavy congestion detected - signal timing extended and reroute suggested
EVT450548,2025-01-10 16:47:46,Sports Fixture,J023,Basavanagudi,45591,Weekday,False,Clear,False,0.0,False,False,0.84,Severe,14.6,59.7,444.2,0.234,0.542,0.943,Heavy congestion detected - signal timing extended and reroute suggested
EVT450549,2025-09-07 18:00:31,Sports Fixture,J012,Koramangala Sony World,17201,Weekend,False,Clear,False,0.0,False,False,0.939,Severe,12.4,67.9,542.8,0.25,0.577,0.961,Heavy congestion detected - signal timing extended and reroute suggested
EVT450550,2025-04-24 08:32:12,Sports Fixture,J011,Indiranagar 100ft Road,32521,Weekday,False,Clear,False,0.0,False,False,1.0,Severe,9.4,74.0,380.7,0.148,0.343,0.936,Heavy congestion detected - signal timing extended and reroute suggested
EVT450551,2025-03-05 17:11:05,Concert,J011,Indiranagar 100ft Road,12529,Weekday,False,Clear,False,0.0,False,False,0.9,Severe,13.6,66.1,169.0,0.093,0.216,0.944,Heavy congestion detected - signal timing extended and reroute suggested
EVT450552,2025-11-18 15:25:20,Concert,J009,Majestic,6781,Weekday,False,Clear,False,0.0,False,False,0.36,Moderate,23.7,19.5,172.3,0.126,0.291,0.953,Moderate traffic flow - standard adaptive signal timing in effect
EVT450553,2025-04-04 19:11:32,Political Rally,J030,MG Road,20929,Weekday,False,Clear,False,0.0,False,False,1.0,Severe,9.4,70.8,670.3,0.276,0.636,0.902,Heavy congestion detected - signal timing extended and reroute suggested
EVT450554,2026-04-15 11:30:53,Religious Festival,J011,Indiranagar 100ft Road,35412,Weekday,True,Fog,False,0.0,False,False,0.697,High,16.6,51.0,385.3,0.242,0.559,0.919,Festival crowd surge detected - alternate route and extended cycle recommended
EVT450555,2025-03-04 22:33:47,Sports Fixture,J031,Cubbon Road,27947,Weekday,False,Clear,False,0.0,False,False,0.308,Low,36.2,18.1,132.3,0.097,0.225,0.933,Moderate traffic flow - standard adaptive signal timing in effect
EVT450556,2026-02-05 16:30:18,Concert,J011,Indiranagar 100ft Road,11725,Weekday,False,Clear,False,0.0,False,False,0.709,High,20.2,54.6,342.9,0.223,0.516,0.97,Moderate traffic flow - standard adaptive signal timing in effect
EVT450557,2025-11-08 18:06:54,Local Market Day,J011,Indiranagar 100ft Road,3712,Weekend,False,Rain,True,9.3,False,False,0.931,Severe,10.4,72.5,389.6,0.169,0.391,0.853,Heavy rain reducing visibility and grip - reduced speed and longer buffer advised
EVT450558,2025-01-20 17:34:16,Sports Fixture,J011,Indiranagar 100ft Road,25004,Weekday,False,Light Rain,True,7.1,False,False,1.0,Severe,9.0,71.5,422.1,0.168,0.388,0.872,Heavy rain reducing visibility and grip - reduced speed and longer buffer advised
EVT450559,2026-05-14 20:47:03,Political Rally,J020,Malleshwaram Circle,7071,Weekday,False,Rain,True,9.9,False,False,0.626,High,20.1,44.9,146.0,0.089,0.206,0.926,Heavy rain reducing visibility and grip - reduced speed and longer buffer advised
EVT450560,2025-01-20 09:29:20,Local Market Day,J020,Malleshwaram Circle,2420,Weekday,False,Clear,False,0.0,False,False,0.942,Severe,11.3,69.3,361.6,0.159,0.367,0.932,Heavy congestion detected - signal timing extended and reroute suggested
EVT450561,2025-07-20 08:31:10,Concert,J012,Koramangala Sony World,14362,Weekend,False,Rain,True,16.5,False,False,1.0,Severe,9.1,68.6,576.2,0.207,0.478,0.848,Heavy rain reducing visibility and grip - reduced speed and longer buffer advised
EVT450562,2026-03-13 14:02:27,Political Rally,J011,Indiranagar 100ft Road,19790,Weekday,False,Clear,False,0.0,False,False,0.299,Low,33.1,24.0,209.1,0.159,0.368,0.972,Moderate traffic flow - standard adaptive signal timing in effect
EVT450563,2026-03-05 12:10:38,Religious Festival,J023,Basavanagudi,37743,Weekday,True,Clear,False,0.0,False,True,0.774,High,19.0,74.1,234.3,0.13,0.301,0.889,Road closure for event/procession - full detour recommended for through-traffic
EVT450564,2025-03-20 07:35:56,Local Market Day,J011,Indiranagar 100ft Road,6593,Weekday,False,Clear,False,0.0,False,False,0.737,High,17.5,51.9,348.2,0.208,0.48,0.981,Moderate traffic flow - standard adaptive signal timing in effect
EVT450565,2025-10-17 15:40:21,Concert,J020,Malleshwaram Circle,14123,Weekday,False,Clear,False,0.0,False,False,0.408,Moderate,29.2,19.6,144.2,0.126,0.29,0.967,Moderate traffic flow - standard adaptive signal timing in effect
EVT450566,2025-02-18 20:11:52,Concert,J031,Cubbon Road,11476,Weekday,False,Clear,False,0.0,False,False,0.704,High,18.4,46.8,201.6,0.132,0.306,0.956,Moderate traffic flow - standard adaptive signal timing in effect
EVT450567,2026-01-25 13:27:55,Sports Fixture,J030,MG Road,19600,Weekend,False,Clear,False,0.0,False,False,0.342,Low,38.6,26.0,109.6,0.115,0.267,0.98,Moderate traffic flow - standard adaptive signal timing in effect
EVT450568,2026-04-30 17:59:33,Concert,J040,City Market,10635,Weekday,False,Clear,False,0.0,False,False,1.0,Severe,7.6,71.3,490.4,0.17,0.393,0.948,Heavy congestion detected - signal timing extended and reroute suggested
EVT450569,2025-01-16 20:14:37,Local Market Day,J011,Indiranagar 100ft Road,3090,Weekday,False,Clear,False,0.0,False,False,0.68,High,15.4,47.6,379.7,0.174,0.401,0.934,Moderate traffic flow - standard adaptive signal timing in effect
EVT450570,2025-07-03 15:03:49,Local Market Day,J012,Koramangala Sony World,5449,Weekday,False,Clear,False,0.0,False,False,0.207,Low,27.5,17.1,130.7,0.104,0.241,0.988,Normal free-flow traffic - standard signal timing maintained
EVT450571,2025-07-05 10:41:58,Sports Fixture,J030,MG Road,13133,Weekend,False,Rain,True,23.8,False,False,0.802,Severe,16.6,55.9,370.6,0.219,0.506,0.903,Heavy rain reducing visibility and grip - reduced speed and longer buffer advised
EVT450572,2025-10-21 17:21:50,Religious Festival,J040,City Market,38326,Weekday,True,Fog,False,0.0,False,True,1.0,Severe,7.5,104.1,373.8,0.134,0.31,0.845,Road closure for event/procession - full detour recommended for through-traffic
EVT450573,2026-05-12 15:04:54,Trade Fair,J040,City Market,11392,Weekday,False,Clear,False,0.0,False,False,0.326,Low,30.9,22.7,152.6,0.111,0.256,0.949,Moderate traffic flow - standard adaptive signal timing in effect
EVT450574,2026-01-18 11:36:12,Sports Fixture,J031,Cubbon Road,15098,Weekend,False,Clear,False,0.0,False,False,0.411,Moderate,26.7,31.9,165.7,0.128,0.296,0.957,Moderate traffic flow - standard adaptive signal timing in effect
EVT450575,2026-03-20 11:44:07,Fireworks Display,J020,Malleshwaram Circle,24460,Weekday,True,Clear,False,0.0,True,False,1.0,Severe,8.6,71.9,455.4,0.16,0.37,0.714,Accident detected nearby - reroute and reduced speed advised
EVT450576,2026-02-20 19:23:57,Local Market Day,J012,Koramangala Sony World,5485,Weekday,False,Clear,False,0.0,False,False,0.958,Severe,10.1,62.8,265.9,0.12,0.276,0.94,Heavy congestion detected - signal timing extended and reroute suggested
EVT450577,2025-12-20 19:00:39,Trade Fair,J030,MG Road,17527,Weekend,False,Clear,False,0.0,False,False,0.817,Severe,12.6,60.5,508.8,0.228,0.527,0.93,Heavy congestion detected - signal timing extended and reroute suggested
EVT450578,2025-01-21 08:10:44,Concert,J011,Indiranagar 100ft Road,8394,Weekday,False,Fog,False,0.0,False,False,0.929,Severe,12.2,62.6,262.9,0.114,0.264,0.939,Heavy congestion detected - signal timing extended and reroute suggested
EVT450579,2025-02-22 17:24:35,Sports Fixture,J023,Basavanagudi,29483,Weekend,False,Clear,False,0.0,False,False,0.926,Severe,10.5,70.9,735.9,0.325,0.75,0.921,Heavy congestion detected - signal timing extended and reroute suggested
EVT450580,2025-05-25 08:48:37,Local Market Day,J023,Basavanagudi,5481,Weekend,False,Clear,False,0.0,False,False,0.897,Severe,11.4,63.0,508.1,0.207,0.477,0.927,Heavy congestion detected - signal timing extended and reroute suggested
EVT450581,2025-05-12 00:12:03,Political Rally,J011,Indiranagar 100ft Road,15678,Weekday,False,Clear,False,0.0,False,False,0.113,Low,27.0,7.6,145.5,0.101,0.234,0.97,Normal free-flow traffic - standard signal timing maintained
EVT450582,2025-01-07 02:16:54,Sports Fixture,J023,Basavanagudi,18217,Weekday,False,Fog,False,0.0,True,False,0.715,High,17.5,50.0,302.4,0.188,0.433,0.797,Accident detected nearby - reroute and reduced speed advised
EVT450583,2025-09-30 17:47:18,Sports Fixture,J023,Basavanagudi,11551,Weekday,False,Clear,False,0.0,False,False,0.983,Severe,9.0,71.7,470.7,0.172,0.398,0.888,Heavy congestion detected - signal timing extended and reroute suggested
EVT450584,2026-04-04 16:01:44,Concert,J031,Cubbon Road,15645,Weekend,False,Clear,False,0.0,False,False,0.574,High,23.3,38.0,266.7,0.203,0.469,0.952,Moderate traffic flow - standard adaptive signal timing in effect
EVT450585,2026-06-27 20:53:01,Local Market Day,J020,Malleshwaram Circle,2981,Weekend,False,Heavy Rain,True,28.2,False,False,0.693,High,19.2,44.9,219.9,0.16,0.37,0.898,Heavy rain reducing visibility and grip - reduced speed and longer buffer advised
EVT450586,2026-03-12 07:47:28,Sports Fixture,J023,Basavanagudi,35668,Weekday,False,Clear,False,0.0,False,False,0.917,Severe,11.4,68.4,285.5,0.125,0.288,0.912,Heavy congestion detected - signal timing extended and reroute suggested
EVT450587,2025-12-23 14:39:48,Sports Fixture,J011,Indiranagar 100ft Road,39602,Weekday,False,Clear,False,0.0,False,False,0.476,Moderate,26.6,40.0,223.8,0.166,0.383,0.948,Moderate traffic flow - standard adaptive signal timing in effect
EVT450588,2025-07-25 10:05:59,Concert,J011,Indiranagar 100ft Road,8680,Weekday,False,Clear,False,0.0,False,False,0.758,Severe,19.9,55.3,208.3,0.11,0.255,0.97,Heavy congestion detected - signal timing extended and reroute suggested
EVT450589,2025-02-16 07:55:14,Local Market Day,J023,Basavanagudi,4322,Weekend,False,Light Rain,True,3.4,False,False,0.751,Severe,17.7,50.8,354.9,0.215,0.496,0.952,Heavy rain reducing visibility and grip - reduced speed and longer buffer advised
EVT450590,2025-12-23 12:27:25,Concert,J040,City Market,11802,Weekday,False,Clear,False,0.0,False,False,0.223,Low,34.6,16.2,99.6,0.104,0.24,0.952,Normal free-flow traffic - standard signal timing maintained
EVT450591,2025-01-15 08:05:14,Cultural Procession,J020,Malleshwaram Circle,27295,Weekday,True,Light Rain,True,2.0,False,True,1.0,Severe,8.3,96.1,640.8,0.213,0.491,0.785,Road closure for event/procession - full detour recommended for through-traffic
EVT450592,2025-03-16 17:04:05,Sports Fixture,J023,Basavanagudi,21645,Weekend,False,Clear,False,0.0,False,False,0.795,Severe,14.3,61.5,416.7,0.207,0.478,0.936,Heavy congestion detected - signal timing extended and reroute suggested
EVT450593,2026-01-20 08:20:22,Trade Fair,J040,City Market,4833,Weekday,False,Clear,False,0.0,False,False,0.908,Severe,11.8,64.0,300.3,0.151,0.349,0.928,Heavy congestion detected - signal timing extended and reroute suggested
EVT450594,2025-09-21 09:58:41,Local Market Day,J011,Indiranagar 100ft Road,2235,Weekend,False,Clear,False,0.0,False,False,0.705,High,19.1,50.9,332.3,0.203,0.469,0.966,Moderate traffic flow - standard adaptive signal timing in effect
EVT450595,2026-04-29 09:50:27,Trade Fair,J040,City Market,9271,Weekday,False,Rain,True,7.7,False,False,1.0,Severe,5.7,75.7,1186.1,0.264,0.609,0.881,Heavy rain reducing visibility and grip - reduced speed and longer buffer advised
EVT450596,2025-12-23 01:25:44,Trade Fair,J012,Koramangala Sony World,7421,Weekday,False,Light Rain,True,5.7,False,False,0.225,Low,33.5,13.9,175.6,0.165,0.381,0.899,Light rain detected - minor speed reduction advised
EVT450597,2025-12-07 18:18:40,Local Market Day,J031,Cubbon Road,2804,Weekend,False,Fog,False,0.0,False,False,0.854,Severe,10.8,62.9,301.8,0.127,0.293,0.959,Heavy congestion detected - signal timing extended and reroute suggested
EVT450598,2025-12-18 18:15:46,Trade Fair,J011,Indiranagar 100ft Road,8207,Weekday,False,Clear,False,0.0,False,False,0.994,Severe,10.7,71.9,493.6,0.194,0.449,0.886,Heavy congestion detected - signal timing extended and reroute suggested
EVT450599,2025-05-12 08:05:18,Local Market Day,J031,Cubbon Road,4001,Weekday,False,Rain,True,21.4,False,False,1.0,Severe,8.7,75.8,698.9,0.253,0.585,0.874,Heavy rain reducing visibility and grip - reduced speed and longer buffer advised
EVT450600,2026-05-27 12:47:24,Trade Fair,J009,Majestic,6052,Weekday,False,Clear,False,0.0,False,False,0.202,Low,36.1,18.5,131.5,0.116,0.267,0.981,Normal free-flow traffic - standard signal timing maintained
EVT450601,2025-03-23 17:46:09,Concert,J030,MG Road,13690,Weekend,False,Clear,False,0.0,False,False,0.786,Severe,18.8,56.4,303.9,0.201,0.465,0.977,Heavy congestion detected - signal timing extended and reroute suggested
EVT450602,2026-04-09 17:49:19,Concert,J009,Majestic,11905,Weekday,False,Rain,True,8.0,False,False,1.0,Severe,9.2,73.7,240.3,0.091,0.21,0.868,Heavy rain reducing visibility and grip - reduced speed and longer buffer advised
EVT450603,2025-02-16 10:31:49,Sports Fixture,J020,Malleshwaram Circle,11951,Weekend,False,Light Rain,True,5.6,False,False,0.731,High,17.4,52.1,310.4,0.186,0.43,0.968,Heavy rain reducing visibility and grip - reduced speed and longer buffer advised
EVT450604,2026-05-20 16:10:09,Political Rally,J031,Cubbon Road,28651,Weekday,False,Clear,False,0.0,False,False,0.516,Moderate,23.4,36.4,110.4,0.086,0.199,0.924,Moderate traffic flow - standard adaptive signal timing in effect
EVT450605,2025-11-24 06:29:57,Trade Fair,J012,Koramangala Sony World,10863,Weekday,False,Clear,False,0.0,False,False,0.36,Moderate,35.0,27.2,145.1,0.13,0.301,0.941,Moderate traffic flow - standard adaptive signal timing in effect
EVT450606,2026-04-09 18:09:46,Concert,J023,Basavanagudi,10956,Weekday,False,Clear,False,0.0,False,False,1.0,Severe,9.0,69.3,495.4,0.189,0.436,0.92,Heavy congestion detected - signal timing extended and reroute suggested
EVT450607,2025-09-27 07:10:10,Trade Fair,J012,Koramangala Sony World,10037,Weekend,False,Clear,False,0.0,False,False,0.481,Moderate,23.3,33.4,319.7,0.226,0.523,0.956,Moderate traffic flow - standard adaptive signal timing in effect
EVT450608,2025-01-02 07:56:44,Political Rally,J023,Basavanagudi,13417,Weekday,False,Clear,False,0.0,False,False,0.816,Severe,15.4,58.9,320.1,0.149,0.344,0.957,Heavy congestion detected - signal timing extended and reroute suggested
EVT450609,2025-04-19 11:09:07,Trade Fair,J012,Koramangala Sony World,8356,Weekend,False,Clear,False,0.0,False,False,0.451,Moderate,21.6,35.1,197.0,0.134,0.31,0.942,Moderate traffic flow - standard adaptive signal timing in effect
EVT450610,2025-02-21 15:57:45,Sports Fixture,J040,City Market,17693,Weekday,False,Clear,False,0.0,False,False,0.512,Moderate,21.1,35.8,173.7,0.133,0.308,0.956,Moderate traffic flow - standard adaptive signal timing in effect
EVT450611,2026-06-17 07:49:23,Trade Fair,J040,City Market,12308,Weekday,False,Fog,False,0.0,False,False,0.826,Severe,12.6,62.2,342.3,0.149,0.344,0.975,Heavy congestion detected - signal timing extended and reroute suggested
EVT450612,2025-12-17 16:09:28,Political Rally,J009,Majestic,10228,Weekday,False,Clear,False,0.0,False,False,0.467,Moderate,23.9,31.4,144.4,0.092,0.212,0.953,Moderate traffic flow - standard adaptive signal timing in effect
EVT450613,2025-04-06 08:05:56,Religious Festival,J031,Cubbon Road,28810,Weekend,True,Light Rain,True,1.2,False,False,1.0,Severe,7.5,65.0,425.0,0.154,0.356,0.816,Festival crowd surge detected - alternate route and extended cycle recommended
EVT450614,2026-02-19 10:30:09,Concert,J011,Indiranagar 100ft Road,10962,Weekday,False,Clear,False,0.0,False,False,0.728,High,18.6,55.4,359.4,0.224,0.517,0.988,Moderate traffic flow - standard adaptive signal timing in effect
EVT450615,2026-04-23 19:19:51,Concert,J009,Majestic,12133,Weekday,False,Clear,False,0.0,False,False,0.9,Severe,11.5,65.8,161.0,0.077,0.177,0.93,Heavy congestion detected - signal timing extended and reroute suggested
EVT450616,2025-05-17 11:35:12,Local Market Day,J031,Cubbon Road,4236,Weekend,False,Clear,False,0.0,False,False,0.309,Low,29.2,21.9,121.1,0.089,0.205,0.971,Moderate traffic flow - standard adaptive signal timing in effect
EVT450617,2026-04-01 07:38:14,Political Rally,J020,Malleshwaram Circle,8116,Weekday,False,Clear,False,0.0,False,False,0.694,High,16.4,47.3,423.0,0.233,0.539,0.972,Moderate traffic flow - standard adaptive signal timing in effect
EVT450618,2025-03-22 15:32:26,Trade Fair,J040,City Market,9243,Weekend,False,Clear,False,0.0,False,False,0.361,Moderate,27.5,22.4,124.6,0.092,0.212,0.961,Moderate traffic flow - standard adaptive signal timing in effect
EVT450619,2026-04-14 00:53:13,Fireworks Display,J012,Koramangala Sony World,24552,Weekday,True,Light Rain,True,4.8,False,False,0.62,High,20.5,40.6,116.2,0.084,0.193,0.842,Festival crowd surge detected - alternate route and extended cycle recommended
EVT450620,2026-01-13 10:42:48,Political Rally,J031,Cubbon Road,14297,Weekday,False,Clear,False,0.0,False,False,0.536,Moderate,18.5,34.7,218.9,0.14,0.323,0.972,Moderate traffic flow - standard adaptive signal timing in effect
EVT450621,2025-09-22 06:13:32,Trade Fair,J023,Basavanagudi,12389,Weekday,False,Clear,False,0.0,False,False,0.304,Low,28.8,19.6,248.2,0.201,0.464,0.983,Moderate traffic flow - standard adaptive signal timing in effect
EVT450622,2026-04-01 11:09:40,Sports Fixture,J023,Basavanagudi,24127,Weekday,False,Clear,False,0.0,False,False,0.615,High,18.6,46.7,352.2,0.197,0.454,0.947,Moderate traffic flow - standard adaptive signal timing in effect
EVT450623,2025-06-13 19:35:40,Trade Fair,J031,Cubbon Road,9479,Weekday,False,Clear,False,0.0,False,False,0.87,Severe,14.1,64.8,337.4,0.177,0.41,0.943,Heavy congestion detected - signal timing extended and reroute suggested
EVT450624,2025-07-18 18:25:49,Local Market Day,J023,Basavanagudi,3486,Weekday,False,Heavy Rain,True,49.7,False,False,1.0,Severe,8.6,71.3,563.7,0.214,0.494,0.892,Heavy rain reducing visibility and grip - reduced speed and longer buffer advised
EVT450625,2025-10-31 07:46:06,Concert,J031,Cubbon Road,20951,Weekday,False,Clear,False,0.0,False,False,0.755,Severe,17.1,59.9,184.7,0.113,0.261,0.961,Heavy congestion detected - signal timing extended and reroute suggested
EVT450626,2026-06-17 17:10:48,Local Market Day,J030,MG Road,4429,Weekday,False,Heavy Rain,True,27.7,False,False,1.0,Severe,7.9,73.6,377.6,0.137,0.316,0.889,Heavy rain reducing visibility and grip - reduced speed and longer buffer advised
EVT450627,2026-06-19 16:31:20,Sports Fixture,J009,Majestic,31389,Weekday,False,Heavy Rain,True,30.5,False,False,1.0,Severe,6.9,74.7,739.5,0.231,0.534,0.853,Heavy rain reducing visibility and grip - reduced speed and longer buffer advised
EVT450628,2026-04-14 11:19:11,Cultural Procession,J020,Malleshwaram Circle,16791,Weekday,True,Clear,False,0.0,False,False,0.633,High,23.0,45.3,297.0,0.227,0.525,0.898,Festival crowd surge detected - alternate route and extended cycle recommended
EVT450629,2025-01-12 10:23:22,Political Rally,J009,Majestic,25021,Weekend,False,Clear,False,0.0,False,False,0.794,Severe,12.8,54.0,393.7,0.202,0.468,0.94,Heavy congestion detected - signal timing extended and reroute suggested
EVT450630,2025-07-06 10:54:55,Trade Fair,J030,MG Road,11783,Weekend,False,Clear,False,0.0,False,False,0.586,High,19.6,46.0,339.0,0.19,0.439,0.963,Moderate traffic flow - standard adaptive signal timing in effect
EVT450631,2026-03-05 08:45:01,Fireworks Display,J023,Basavanagudi,28666,Weekday,True,Clear,False,0.0,False,False,1.0,Severe,6.4,68.6,438.5,0.122,0.282,0.854,Festival crowd surge detected - alternate route and extended cycle recommended
EVT450632,2026-04-13 17:31:26,Sports Fixture,J031,Cubbon Road,21991,Weekday,False,Clear,False,0.0,False,False,0.973,Severe,9.0,68.7,586.8,0.2,0.463,0.931,Heavy congestion detected - signal timing extended and reroute suggested
EVT450633,2026-06-22 09:09:13,Trade Fair,J023,Basavanagudi,8453,Weekday,False,Heavy Rain,True,28.4,False,False,1.0,Severe,9.6,67.5,353.2,0.144,0.332,0.875,Heavy rain reducing visibility and grip - reduced speed and longer buffer advised
EVT450634,2025-03-17 18:21:46,Trade Fair,J031,Cubbon Road,7270,Weekday,False,Clear,False,0.0,False,False,1.0,Severe,8.7,74.6,657.4,0.239,0.553,0.925,Heavy congestion detected - signal timing extended and reroute suggested
EVT450635,2025-06-03 03:06:35,Trade Fair,J009,Majestic,7675,Weekday,False,Clear,False,0.0,False,False,0.19,Low,30.2,17.8,136.0,0.099,0.229,0.974,Normal free-flow traffic - standard signal timing maintained
EVT450636,2026-02-12 11:48:20,Sports Fixture,J020,Malleshwaram Circle,15533,Weekday,False,Clear,False,0.0,False,False,0.383,Moderate,27.9,24.6,154.8,0.118,0.272,0.99,Moderate traffic flow - standard adaptive signal timing in effect
EVT450637,2025-04-27 11:26:01,Sports Fixture,J040,City Market,16713,Weekend,False,Clear,False,0.0,False,False,0.394,Moderate,29.2,27.9,71.2,0.068,0.156,0.981,Moderate traffic flow - standard adaptive signal timing in effect
EVT450638,2025-10-12 07:55:24,Concert,J011,Indiranagar 100ft Road,16482,Weekend,False,Clear,False,0.0,False,False,0.771,Severe,14.6,57.4,329.9,0.194,0.448,0.957,Heavy congestion detected - signal timing extended and reroute suggested
EVT450639,2025-01-13 18:31:21,Political Rally,J023,Basavanagudi,14051,Weekday,False,Clear,False,0.0,False,False,1.0,Severe,8.4,66.7,425.9,0.16,0.368,0.916,Heavy congestion detected - signal timing extended and reroute suggested
EVT450640,2025-03-17 19:54:03,Trade Fair,J031,Cubbon Road,11071,Weekday,False,Clear,False,0.0,False,False,0.795,Severe,16.6,61.0,162.4,0.1,0.231,0.946,Heavy congestion detected - signal timing extended and reroute suggested
EVT450641,2025-09-02 09:41:58,Concert,J031,Cubbon Road,13189,Weekday,False,Clear,False,0.0,False,False,1.0,Severe,8.8,71.1,591.8,0.216,0.5,0.919,Heavy congestion detected - signal timing extended and reroute suggested
EVT450642,2026-02-20 14:04:48,Local Market Day,J031,Cubbon Road,4478,Weekday,False,Clear,False,0.0,False,False,0.254,Low,31.5,18.4,81.4,0.08,0.184,0.99,Moderate traffic flow - standard adaptive signal timing in effect
EVT450643,2025-03-15 14:41:35,Fireworks Display,J020,Malleshwaram Circle,24810,Weekend,True,Clear,False,0.0,False,False,0.604,High,13.1,42.7,263.8,0.115,0.266,0.905,Festival crowd surge detected - alternate route and extended cycle recommended
EVT450644,2025-03-03 07:06:09,Sports Fixture,J023,Basavanagudi,20645,Weekday,False,Clear,False,0.0,False,False,0.537,Moderate,25.6,41.0,140.5,0.11,0.253,0.968,Moderate traffic flow - standard adaptive signal timing in effect
EVT450645,2026-06-20 08:38:19,Local Market Day,J031,Cubbon Road,3306,Weekend,False,Rain,True,16.6,False,False,1.0,Severe,8.3,67.5,677.6,0.245,0.566,0.855,Heavy rain reducing visibility and grip - reduced speed and longer buffer advised
EVT450646,2025-03-27 10:22:12,Sports Fixture,J009,Majestic,30569,Weekday,False,Clear,False,0.0,False,False,0.815,Severe,13.9,56.7,258.5,0.147,0.34,0.925,Heavy congestion detected - signal timing extended and reroute suggested
EVT450647,2026-05-24 12:03:20,Trade Fair,J031,Cubbon Road,8315,Weekend,False,Clear,False,0.0,False,False,0.299,Low,33.4,20.4,245.2,0.226,0.522,0.943,Moderate traffic flow - standard adaptive signal timing in effect
EVT450648,2026-01-22 09:08:48,Local Market Day,J020,Malleshwaram Circle,5065,Weekday,False,Clear,False,0.0,False,False,0.989,Severe,7.7,72.0,324.9,0.13,0.3,0.901,Heavy congestion detected - signal timing extended and reroute suggested
EVT450649,2025-12-25 14:33:56,Cultural Procession,J023,Basavanagudi,24156,Weekday,True,Clear,False,0.0,False,True,0.675,Moderate,19.1,66.2,200.5,0.137,0.317,0.876,Road closure for event/procession - full detour recommended for through-traffic
EVT450650,2026-03-29 15:03:22,Concert,J011,Indiranagar 100ft Road,10092,Weekend,False,Clear,False,0.0,False,False,0.362,Moderate,28.8,20.1,93.6,0.075,0.174,0.99,Moderate traffic flow - standard adaptive signal timing in effect
EVT450651,2025-06-07 10:37:03,Local Market Day,J012,Koramangala Sony World,2187,Weekend,False,Clear,False,0.0,False,False,0.447,Moderate,25.7,29.0,162.9,0.134,0.309,0.961,Moderate traffic flow - standard adaptive signal timing in effect
EVT450652,2026-01-09 17:28:13,Concert,J023,Basavanagudi,11946,Weekday,False,Clear,False,0.0,False,False,0.955,Severe,10.4,65.7,458.3,0.177,0.41,0.923,Heavy congestion detected - signal timing extended and reroute suggested
EVT450653,2026-01-17 15:02:13,Local Market Day,J020,Malleshwaram Circle,3210,Weekend,False,Clear,False,0.0,False,False,0.248,Low,41.6,18.1,76.8,0.065,0.151,0.975,Normal free-flow traffic - standard signal timing maintained
EVT450654,2026-02-27 19:33:04,Sports Fixture,J031,Cubbon Road,11072,Weekday,False,Clear,False,0.0,False,False,0.97,Severe,7.9,68.5,694.4,0.233,0.539,0.93,Heavy congestion detected - signal timing extended and reroute suggested
EVT450655,2026-01-27 17:47:19,Religious Festival,J023,Basavanagudi,30924,Weekday,True,Clear,False,0.0,False,True,1.0,Severe,7.8,97.1,589.8,0.199,0.46,0.845,Road closure for event/procession - full detour recommended for through-traffic
EVT450656,2026-02-02 23:36:14,Local Market Day,J023,Basavanagudi,6122,Weekday,False,Clear,False,0.0,False,False,0.143,Low,30.3,4.9,198.0,0.148,0.341,0.982,Normal free-flow traffic - standard signal timing maintained
EVT450657,2025-08-15 19:51:24,Religious Festival,J020,Malleshwaram Circle,46480,Weekday,True,Rain,True,19.1,False,True,1.0,Severe,10.2,96.9,375.5,0.175,0.405,0.81,Road closure for event/procession - full detour recommended for through-traffic
EVT450658,2025-06-15 18:21:44,Sports Fixture,J023,Basavanagudi,16064,Weekend,False,Clear,False,0.0,False,False,0.933,Severe,11.6,58.3,685.7,0.29,0.669,0.914,Heavy congestion detected - signal timing extended and reroute suggested
EVT450659,2026-01-04 07:25:49,Local Market Day,J011,Indiranagar 100ft Road,4662,Weekend,False,Clear,False,0.0,False,False,0.55,High,20.5,40.3,226.0,0.141,0.325,0.956,Moderate traffic flow - standard adaptive signal timing in effect
EVT450660,2025-07-23 17:06:06,Local Market Day,J030,MG Road,5162,Weekday,False,Clear,False,0.0,False,False,0.705,High,12.9,57.4,140.5,0.062,0.143,0.967,Moderate traffic flow - standard adaptive signal timing in effect
EVT450661,2025-05-06 08:44:04,Local Market Day,J031,Cubbon Road,3712,Weekday,False,Clear,False,0.0,False,False,0.995,Severe,7.6,73.1,527.1,0.155,0.359,0.903,Heavy congestion detected - signal timing extended and reroute suggested
EVT450662,2026-06-25 18:41:43,Local Market Day,J023,Basavanagudi,3188,Weekday,False,Clear,False,0.0,False,False,1.0,Severe,6.9,70.9,579.5,0.151,0.35,0.904,Heavy congestion detected - signal timing extended and reroute suggested
EVT450663,2025-04-30 17:20:15,Sports Fixture,J011,Indiranagar 100ft Road,10338,Weekday,False,Clear,False,0.0,False,False,0.845,Severe,12.2,59.4,300.9,0.112,0.258,0.946,Heavy congestion detected - signal timing extended and reroute suggested
EVT450664,2025-03-23 08:47:44,Concert,J011,Indiranagar 100ft Road,23075,Weekend,False,Clear,False,0.0,False,False,0.945,Severe,10.4,69.5,413.4,0.188,0.434,0.935,Heavy congestion detected - signal timing extended and reroute suggested
EVT450665,2025-07-05 18:46:32,Sports Fixture,J040,City Market,21794,Weekend,False,Clear,False,0.0,False,False,1.0,Severe,8.3,72.2,551.6,0.2,0.463,0.944,Heavy congestion detected - signal timing extended and reroute suggested
EVT450666,2026-04-05 11:11:45,Local Market Day,J040,City Market,3388,Weekend,False,Clear,False,0.0,False,False,0.451,Moderate,29.9,31.5,157.8,0.124,0.286,0.957,Moderate traffic flow - standard adaptive signal timing in effect
EVT450667,2026-02-23 07:31:34,Local Market Day,J011,Indiranagar 100ft Road,4591,Weekday,False,Clear,False,0.0,False,False,0.659,High,21.2,47.1,194.6,0.122,0.281,0.959,Moderate traffic flow - standard adaptive signal timing in effect
EVT450668,2025-10-25 19:53:20,Concert,J020,Malleshwaram Circle,14059,Weekend,False,Heavy Rain,True,26.6,False,False,0.957,Severe,10.9,65.4,503.2,0.224,0.516,0.846,Heavy rain reducing visibility and grip - reduced speed and longer buffer advised
EVT450669,2025-11-28 11:21:57,Sports Fixture,J040,City Market,28520,Weekday,False,Clear,False,0.0,False,False,0.498,Moderate,20.8,37.9,91.4,0.07,0.161,0.968,Moderate traffic flow - standard adaptive signal timing in effect
EVT450670,2025-11-16 09:57:10,Political Rally,J031,Cubbon Road,10260,Weekend,False,Clear,False,0.0,False,False,0.797,Severe,16.4,59.1,228.4,0.139,0.321,0.937,Heavy congestion detected - signal timing extended and reroute suggested
EVT450671,2025-09-24 19:34:10,Concert,J040,City Market,23549,Weekday,False,Clear,False,0.0,False,False,1.0,Severe,7.1,73.6,794.5,0.245,0.565,0.916,Heavy congestion detected - signal timing extended and reroute suggested
EVT450672,2025-01-20 09:11:55,Concert,J009,Majestic,12915,Weekday,False,Clear,False,0.0,False,False,1.0,Severe,8.8,73.1,532.9,0.219,0.507,0.932,Heavy congestion detected - signal timing extended and reroute suggested
EVT450673,2025-09-26 12:43:23,Sports Fixture,J020,Malleshwaram Circle,9403,Weekday,False,Clear,False,0.0,False,False,0.182,Low,35.1,6.8,77.4,0.085,0.196,0.964,Normal free-flow traffic - standard signal timing maintained
EVT450674,2026-05-29 18:35:14,Local Market Day,J023,Basavanagudi,2880,Weekday,False,Clear,False,0.0,False,False,0.917,Severe,10.6,73.9,275.1,0.121,0.279,0.899,Heavy congestion detected - signal timing extended and reroute suggested
EVT450675,2025-10-11 10:34:12,Local Market Day,J031,Cubbon Road,8281,Weekend,False,Rain,True,24.6,False,False,0.798,Severe,15.0,63.3,317.6,0.175,0.405,0.904,Heavy rain reducing visibility and grip - reduced speed and longer buffer advised
EVT450676,2025-10-08 15:03:48,Political Rally,J030,MG Road,14061,Weekday,False,Clear,False,0.0,False,False,0.204,Low,32.2,13.0,140.7,0.131,0.302,0.959,Normal free-flow traffic - standard signal timing maintained
EVT450677,2026-03-23 22:49:04,Trade Fair,J011,Indiranagar 100ft Road,11085,Weekday,False,Clear,False,0.0,False,False,0.206,Low,35.0,16.1,118.7,0.076,0.176,0.946,Normal free-flow traffic - standard signal timing maintained
EVT450678,2026-06-09 08:54:48,Concert,J031,Cubbon Road,8322,Weekday,False,Clear,False,0.0,False,False,1.0,Severe,8.5,64.9,629.6,0.23,0.532,0.904,Heavy congestion detected - signal timing extended and reroute suggested
EVT450679,2026-02-17 09:16:18,Local Market Day,J023,Basavanagudi,2303,Weekday,False,Fog,False,0.0,False,False,0.998,Severe,10.4,73.5,440.3,0.193,0.447,0.925,Heavy congestion detected - signal timing extended and reroute suggested
EVT450680,2025-10-08 16:01:15,Political Rally,J020,Malleshwaram Circle,16084,Weekday,False,Clear,False,0.0,False,False,0.51,Moderate,20.2,36.3,322.0,0.187,0.433,0.947,Moderate traffic flow - standard adaptive signal timing in effect
EVT450681,2025-03-19 17:02:31,Concert,J023,Basavanagudi,11457,Weekday,False,Clear,False,0.0,False,False,0.832,Severe,11.6,56.2,277.9,0.117,0.27,0.925,Heavy congestion detected - signal timing extended and reroute suggested
EVT450682,2025-07-21 15:51:48,Political Rally,J030,MG Road,14048,Weekday,False,Heavy Rain,True,34.0,False,False,0.816,Severe,11.4,54.6,275.8,0.113,0.262,0.917,Heavy rain reducing visibility and grip - reduced speed and longer buffer advised
EVT450683,2025-01-12 21:39:05,Local Market Day,J020,Malleshwaram Circle,5982,Weekend,False,Clear,False,0.0,False,False,0.28,Low,38.3,24.2,218.3,0.204,0.472,0.96,Moderate traffic flow - standard adaptive signal timing in effect
EVT450684,2025-09-11 15:26:26,Political Rally,J011,Indiranagar 100ft Road,12241,Weekday,False,Clear,False,0.0,False,False,0.417,Moderate,19.7,32.9,162.5,0.107,0.247,0.959,Moderate traffic flow - standard adaptive signal timing in effect
EVT450685,2025-02-28 22:43:14,Local Market Day,J020,Malleshwaram Circle,3338,Weekday,False,Clear,False,0.0,False,False,0.13,Low,36.7,5.9,129.9,0.112,0.258,0.987,Normal free-flow traffic - standard signal timing maintained
EVT450686,2025-08-04 21:30:19,Trade Fair,J031,Cubbon Road,11718,Weekday,False,Clear,False,0.0,False,False,0.408,Moderate,26.7,27.0,227.9,0.18,0.415,0.983,Moderate traffic flow - standard adaptive signal timing in effect
EVT450687,2025-02-17 18:41:55,Sports Fixture,J009,Majestic,30448,Weekday,False,Clear,False,0.0,False,False,1.0,Severe,9.4,82.2,442.3,0.147,0.34,0.914,Heavy congestion detected - signal timing extended and reroute suggested
EVT450688,2025-01-11 13:26:59,Concert,J031,Cubbon Road,12818,Weekend,False,Clear,False,0.0,False,False,0.224,Low,26.9,13.1,55.8,0.027,0.062,0.947,Normal free-flow traffic - standard signal timing maintained
EVT450689,2025-10-05 18:49:09,Sports Fixture,J031,Cubbon Road,32868,Weekend,False,Clear,False,0.0,False,False,0.996,Severe,9.9,66.3,344.3,0.123,0.284,0.887,Heavy congestion detected - signal timing extended and reroute suggested
EVT450690,2025-11-08 12:37:03,Local Market Day,J031,Cubbon Road,2918,Weekend,False,Fog,False,0.0,False,False,0.256,Low,31.0,22.7,205.7,0.159,0.368,0.96,Moderate traffic flow - standard adaptive signal timing in effect
EVT450691,2025-11-29 15:42:44,Trade Fair,J009,Majestic,6030,Weekend,False,Light Rain,True,5.3,False,False,0.481,Moderate,28.1,36.0,124.1,0.105,0.242,0.904,Light rain detected - minor speed reduction advised
EVT450692,2025-10-13 16:51:48,Sports Fixture,J030,MG Road,13411,Weekday,False,Clear,False,0.0,False,False,0.708,High,17.8,45.7,196.8,0.12,0.277,0.986,Moderate traffic flow - standard adaptive signal timing in effect
EVT450693,2025-04-16 20:15:59,Concert,J023,Basavanagudi,7530,Weekday,False,Clear,False,0.0,False,False,0.664,High,21.8,44.5,217.6,0.151,0.349,0.972,Moderate traffic flow - standard adaptive signal timing in effect
EVT450694,2026-04-23 12:41:02,Sports Fixture,J009,Majestic,28574,Weekday,False,Clear,False,0.0,False,False,0.377,Moderate,30.6,23.1,82.5,0.075,0.173,0.964,Moderate traffic flow - standard adaptive signal timing in effect
EVT450695,2025-08-20 16:00:15,Sports Fixture,J011,Indiranagar 100ft Road,29986,Weekday,False,Rain,True,9.5,False,False,0.688,High,19.4,50.9,152.8,0.105,0.243,0.934,Heavy rain reducing visibility and grip - reduced speed and longer buffer advised
EVT450696,2025-04-09 18:14:33,Sports Fixture,J011,Indiranagar 100ft Road,15943,Weekday,False,Clear,False,0.0,False,False,1.0,Severe,8.1,72.1,509.7,0.177,0.408,0.916,Heavy congestion detected - signal timing extended and reroute suggested
EVT450697,2025-12-08 17:27:55,Political Rally,J020,Malleshwaram Circle,15868,Weekday,False,Clear,False,0.0,False,False,0.963,Severe,9.3,72.8,420.4,0.169,0.389,0.938,Heavy congestion detected - signal timing extended and reroute suggested
EVT450698,2025-10-20 08:28:55,Religious Festival,J031,Cubbon Road,114911,Weekday,True,Clear,False,0.0,False,True,1.0,Severe,8.7,104.9,525.1,0.203,0.469,0.831,Road closure for event/procession - full detour recommended for through-traffic
EVT450699,2025-11-19 06:25:25,Sports Fixture,J030,MG Road,21448,Weekday,False,Clear,False,0.0,False,False,0.396,Moderate,27.1,24.2,185.3,0.129,0.298,0.952,Moderate traffic flow - standard adaptive signal timing in effect
EVT450700,2025-04-02 07:24:52,Political Rally,J009,Majestic,19027,Weekday,False,Clear,False,0.0,False,False,0.634,High,21.6,46.2,334.3,0.237,0.549,0.99,Moderate traffic flow - standard adaptive signal timing in effect
EVT450701,2025-08-03 19:22:45,Sports Fixture,J030,MG Road,24166,Weekend,False,Rain,True,19.6,False,False,1.0,Severe,7.7,72.8,744.5,0.253,0.584,0.875,Heavy rain reducing visibility and grip - reduced speed and longer buffer advised
EVT450702,2025-03-11 18:45:34,Concert,J009,Majestic,8217,Weekday,False,Clear,False,0.0,False,False,1.0,Severe,10.7,66.1,587.5,0.243,0.561,0.922,Heavy congestion detected - signal timing extended and reroute suggested
EVT450703,2025-03-12 19:52:04,Trade Fair,J040,City Market,10051,Weekday,False,Clear,False,0.0,False,False,0.82,Severe,14.9,60.9,403.1,0.212,0.49,0.937,Heavy congestion detected - signal timing extended and reroute suggested
EVT450704,2025-08-01 00:49:17,Sports Fixture,J031,Cubbon Road,24120,Weekday,False,Heavy Rain,True,32.6,False,False,0.632,High,21.5,46.7,365.0,0.27,0.623,0.906,Heavy rain reducing visibility and grip - reduced speed and longer buffer advised
EVT450705,2025-03-30 08:11:00,Religious Festival,J023,Basavanagudi,69303,Weekend,True,Light Rain,True,7.2,False,True,1.0,Severe,9.7,103.8,447.3,0.178,0.412,0.787,Road closure for event/procession - full detour recommended for through-traffic
EVT450706,2025-03-24 15:45:36,Local Market Day,J040,City Market,1888,Weekday,False,Clear,False,0.0,False,False,0.345,Low,32.9,27.6,142.5,0.128,0.297,0.947,Moderate traffic flow - standard adaptive signal timing in effect
EVT450707,2025-01-27 13:17:13,Fireworks Display,J020,Malleshwaram Circle,23183,Weekday,True,Light Rain,True,0.2,False,False,0.537,Moderate,29.9,37.3,145.8,0.125,0.29,0.853,Festival crowd surge detected - alternate route and extended cycle recommended
EVT450708,2025-06-23 08:39:32,Local Market Day,J030,MG Road,2677,Weekday,False,Clear,False,0.0,False,False,0.994,Severe,9.3,73.8,337.8,0.141,0.326,0.906,Heavy congestion detected - signal timing extended and reroute suggested
EVT450709,2026-06-27 08:42:46,Sports Fixture,J040,City Market,19121,Weekend,False,Heavy Rain,True,35.6,False,False,1.0,Severe,8.3,72.6,428.1,0.15,0.347,0.887,Heavy rain reducing visibility and grip - reduced speed and longer buffer advised
EVT450710,2025-02-24 14:18:02,Sports Fixture,J009,Majestic,14863,Weekday,False,Clear,False,0.0,False,False,0.255,Low,23.2,22.3,247.3,0.16,0.37,0.977,Moderate traffic flow - standard adaptive signal timing in effect
EVT450711,2025-09-08 18:31:23,Local Market Day,J020,Malleshwaram Circle,3926,Weekday,False,Heavy Rain,True,28.5,False,False,1.0,Severe,7.9,65.0,483.0,0.153,0.354,0.838,Heavy rain reducing visibility and grip - reduced speed and longer buffer advised
EVT450712,2026-02-15 18:02:41,Local Market Day,J030,MG Road,3255,Weekend,False,Clear,False,0.0,False,False,0.873,Severe,12.1,62.9,433.6,0.216,0.499,0.942,Heavy congestion detected - signal timing extended and reroute suggested
EVT450713,2026-02-06 09:18:01,Local Market Day,J012,Koramangala Sony World,3018,Weekday,False,Clear,False,0.0,False,False,1.0,Severe,8.7,70.2,645.2,0.218,0.504,0.908,Heavy congestion detected - signal timing extended and reroute suggested
EVT450714,2026-01-31 06:37:45,Local Market Day,J040,City Market,5404,Weekend,False,Fog,False,0.0,False,False,0.405,Moderate,23.3,31.0,77.7,0.063,0.147,0.977,Moderate traffic flow - standard adaptive signal timing in effect
EVT450715,2025-01-18 15:45:03,Concert,J009,Majestic,8349,Weekend,False,Clear,False,0.0,False,False,0.381,Moderate,26.7,30.9,118.8,0.103,0.238,0.986,Moderate traffic flow - standard adaptive signal timing in effect
EVT450716,2025-07-09 17:25:20,Sports Fixture,J030,MG Road,29242,Weekday,False,Clear,False,0.0,False,False,1.0,Severe,7.7,67.3,729.4,0.241,0.557,0.906,Heavy congestion detected - signal timing extended and reroute suggested
EVT450717,2025-03-12 20:56:38,Concert,J012,Koramangala Sony World,15188,Weekday,False,Clear,False,0.0,False,False,0.469,Moderate,28.5,33.4,173.1,0.164,0.379,0.954,Moderate traffic flow - standard adaptive signal timing in effect
EVT450718,2025-05-25 05:06:43,Concert,J031,Cubbon Road,15065,Weekend,False,Clear,False,0.0,False,False,0.366,Moderate,24.6,26.9,296.7,0.194,0.449,0.97,Moderate traffic flow - standard adaptive signal timing in effect
EVT450719,2025-02-08 19:31:21,Trade Fair,J012,Koramangala Sony World,9447,Weekend,False,Clear,False,0.0,False,False,0.795,Severe,12.4,56.9,392.0,0.173,0.401,0.94,Heavy congestion detected - signal timing extended and reroute suggested
EVT450720,2025-09-10 09:06:26,Trade Fair,J030,MG Road,7234,Weekday,False,Clear,False,0.0,False,False,0.995,Severe,8.4,69.3,515.9,0.198,0.458,0.914,Heavy congestion detected - signal timing extended and reroute suggested
EVT450721,2025-07-15 08:27:04,Sports Fixture,J012,Koramangala Sony World,33748,Weekday,False,Heavy Rain,True,38.9,False,False,1.0,Severe,9.3,74.7,702.4,0.238,0.55,0.883,Heavy rain reducing visibility and grip - reduced speed and longer buffer advised
EVT450722,2025-01-28 13:55:26,Concert,J020,Malleshwaram Circle,9630,Weekday,False,Clear,False,0.0,False,False,0.259,Low,32.4,15.9,89.3,0.076,0.175,0.955,Moderate traffic flow - standard adaptive signal timing in effect
EVT450723,2026-05-30 18:59:34,Concert,J012,Koramangala Sony World,8639,Weekend,False,Clear,False,0.0,False,False,0.904,Severe,11.6,64.7,278.8,0.117,0.27,0.937,Heavy congestion detected - signal timing extended and reroute suggested
EVT450724,2026-04-06 18:10:23,Sports Fixture,J023,Basavanagudi,10651,Weekday,False,Clear,False,0.0,False,False,1.0,Severe,10.2,74.5,420.3,0.176,0.407,0.915,Heavy congestion detected - signal timing extended and reroute suggested
EVT450725,2025-02-24 10:14:15,Local Market Day,J030,MG Road,3194,Weekday,False,Clear,False,0.0,False,False,0.688,High,14.0,47.2,304.2,0.142,0.328,0.985,Moderate traffic flow - standard adaptive signal timing in effect
EVT450726,2025-12-28 19:58:16,Local Market Day,J030,MG Road,5013,Weekend,False,Fog,False,0.0,False,False,0.634,High,19.0,51.3,290.0,0.176,0.406,0.967,Moderate traffic flow - standard adaptive signal timing in effect
EVT450727,2025-08-17 11:09:05,Local Market Day,J012,Koramangala Sony World,12253,Weekend,False,Clear,False,0.0,False,False,0.502,Moderate,23.8,38.6,193.5,0.136,0.313,0.964,Moderate traffic flow - standard adaptive signal timing in effect
EVT450728,2025-02-24 10:07:15,Trade Fair,J023,Basavanagudi,11039,Weekday,False,Clear,False,0.0,False,False,0.829,Severe,14.5,68.5,509.7,0.257,0.594,0.946,Heavy congestion detected - signal timing extended and reroute suggested
EVT450729,2025-07-05 23:09:07,Trade Fair,J009,Majestic,9902,Weekend,False,Clear,False,0.0,False,False,0.387,Moderate,30.2,29.0,216.8,0.195,0.451,0.963,Moderate traffic flow - standard adaptive signal timing in effect
EVT450730,2026-02-08 10:13:42,Concert,J012,Koramangala Sony World,11625,Weekend,False,Clear,False,0.0,False,False,0.717,High,14.0,50.5,384.2,0.175,0.405,0.966,Moderate traffic flow - standard adaptive signal timing in effect
EVT450731,2025-10-23 08:26:17,Trade Fair,J030,MG Road,5262,Weekday,False,Heavy Rain,True,50.4,False,False,1.0,Severe,9.2,75.1,641.6,0.232,0.536,0.868,Heavy rain reducing visibility and grip - reduced speed and longer buffer advised
EVT450732,2025-11-30 08:30:14,Political Rally,J020,Malleshwaram Circle,11522,Weekend,False,Clear,False,0.0,False,False,0.85,Severe,15.0,56.5,191.4,0.106,0.246,0.948,Heavy congestion detected - signal timing extended and reroute suggested
EVT450733,2025-10-14 21:05:27,Local Market Day,J020,Malleshwaram Circle,2997,Weekday,False,Fog,False,0.0,False,False,0.409,Moderate,25.4,30.1,238.9,0.165,0.381,0.955,Moderate traffic flow - standard adaptive signal timing in effect
EVT450734,2025-10-06 09:01:02,Local Market Day,J030,MG Road,2645,Weekday,False,Clear,False,0.0,False,False,1.0,Severe,9.3,68.1,586.4,0.202,0.467,0.919,Heavy congestion detected - signal timing extended and reroute suggested
EVT450735,2025-03-21 08:08:14,Concert,J012,Koramangala Sony World,9979,Weekday,False,Clear,False,0.0,False,False,0.909,Severe,10.6,62.7,344.2,0.16,0.371,0.94,Heavy congestion detected - signal timing extended and reroute suggested
EVT450736,2026-05-15 08:31:25,Local Market Day,J040,City Market,4125,Weekday,False,Clear,False,0.0,False,False,0.872,Severe,10.2,63.7,548.7,0.207,0.478,0.932,Heavy congestion detected - signal timing extended and reroute suggested
EVT450737,2025-05-27 22:38:04,Trade Fair,J040,City Market,3635,Weekday,False,Light Rain,True,2.8,False,False,0.334,Low,26.6,25.6,218.0,0.169,0.391,0.93,Light rain detected - minor speed reduction advised
EVT450738,2025-10-31 14:22:04,Local Market Day,J020,Malleshwaram Circle,3762,Weekday,False,Light Rain,True,6.0,False,False,0.302,Low,25.1,19.1,221.6,0.157,0.363,0.913,Light rain detected - minor speed reduction advised
EVT450739,2026-02-12 19:25:39,Sports Fixture,J030,MG Road,16949,Weekday,False,Clear,False,0.0,False,False,1.0,Severe,9.1,67.8,397.9,0.138,0.319,0.931,Heavy congestion detected - signal timing extended and reroute suggested
EVT450740,2025-05-17 14:06:17,Sports Fixture,J009,Majestic,43593,Weekend,False,Rain,True,10.7,False,False,0.631,High,23.2,44.5,159.2,0.12,0.277,0.923,Heavy rain reducing visibility and grip - reduced speed and longer buffer advised
EVT450741,2025-08-19 01:19:45,Local Market Day,J031,Cubbon Road,3991,Weekday,False,Rain,True,11.9,False,False,0.297,Low,27.2,19.4,151.6,0.116,0.269,0.903,Light rain detected - minor speed reduction advised
EVT450742,2025-04-14 20:13:12,Religious Festival,J012,Koramangala Sony World,37883,Weekday,True,Clear,False,0.0,False,True,1.0,Severe,8.5,96.9,380.9,0.144,0.333,0.819,Road closure for event/procession - full detour recommended for through-traffic
EVT450743,2026-03-10 07:51:00,Sports Fixture,J009,Majestic,35210,Weekday,False,Clear,False,0.0,False,False,0.945,Severe,10.3,65.7,468.2,0.208,0.481,0.938,Heavy congestion detected - signal timing extended and reroute suggested
EVT450744,2026-04-04 21:08:27,Trade Fair,J020,Malleshwaram Circle,12417,Weekend,False,Light Rain,True,3.7,False,False,0.5,Moderate,25.2,34.8,245.7,0.165,0.381,0.937,Light rain detected - minor speed reduction advised
EVT450745,2026-02-03 21:33:43,Concert,J012,Koramangala Sony World,15724,Weekday,False,Clear,False,0.0,False,False,0.385,Moderate,27.8,28.1,104.7,0.082,0.189,0.945,Moderate traffic flow - standard adaptive signal timing in effect
EVT450746,2025-10-27 16:25:57,Local Market Day,J011,Indiranagar 100ft Road,3695,Weekday,False,Rain,True,14.3,False,False,0.746,High,17.5,51.7,345.6,0.218,0.504,0.928,Heavy rain reducing visibility and grip - reduced speed and longer buffer advised
EVT450747,2026-06-10 20:38:13,Trade Fair,J011,Indiranagar 100ft Road,9070,Weekday,False,Light Rain,True,6.8,False,False,0.744,High,17.3,55.4,281.5,0.186,0.429,0.92,Heavy rain reducing visibility and grip - reduced speed and longer buffer advised
EVT450748,2025-05-25 08:57:13,Sports Fixture,J012,Koramangala Sony World,15879,Weekend,False,Clear,False,0.0,False,False,0.888,Severe,12.2,62.3,510.6,0.207,0.479,0.919,Heavy congestion detected - signal timing extended and reroute suggested
EVT450749,2026-05-24 15:16:45,Concert,J009,Majestic,9080,Weekend,False,Clear,False,0.0,False,False,0.39,Moderate,29.2,21.0,99.9,0.073,0.169,0.941,Moderate traffic flow - standard adaptive signal timing in effect
EVT450750,2025-04-17 14:20:20,Trade Fair,J012,Koramangala Sony World,6106,Weekday,False,Clear,False,0.0,False,False,0.244,Low,37.6,14.8,95.6,0.091,0.211,0.966,Normal free-flow traffic - standard signal timing maintained
EVT450751,2025-10-24 10:16:18,Local Market Day,J009,Majestic,8215,Weekday,False,Clear,False,0.0,False,False,0.686,High,17.9,45.9,285.3,0.167,0.386,0.951,Moderate traffic flow - standard adaptive signal timing in effect
EVT450752,2026-05-24 17:11:02,Concert,J031,Cubbon Road,20450,Weekend,False,Clear,False,0.0,False,False,0.703,High,16.5,49.5,344.0,0.178,0.41,0.957,Moderate traffic flow - standard adaptive signal timing in effect
EVT450753,2025-02-22 18:57:41,Trade Fair,J020,Malleshwaram Circle,10316,Weekend,False,Clear,False,0.0,False,False,0.859,Severe,11.6,59.6,580.7,0.238,0.55,0.947,Heavy congestion detected - signal timing extended and reroute suggested
EVT450754,2026-02-01 08:01:12,Trade Fair,J030,MG Road,6456,Weekend,False,Clear,False,0.0,False,False,0.683,High,18.2,51.9,261.7,0.144,0.333,0.964,Moderate traffic flow - standard adaptive signal timing in effect
EVT450755,2025-06-05 12:03:41,Sports Fixture,J031,Cubbon Road,19254,Weekday,False,Heavy Rain,True,36.7,False,False,0.662,High,22.9,43.3,200.2,0.135,0.313,0.943,Heavy rain reducing visibility and grip - reduced speed and longer buffer advised
EVT450756,2025-01-08 18:43:22,Local Market Day,J040,City Market,3822,Weekday,False,Clear,False,0.0,False,False,1.0,Severe,8.3,74.2,420.2,0.15,0.347,0.9,Heavy congestion detected - signal timing extended and reroute suggested
EVT450757,2025-02-26 18:16:47,Local Market Day,J012,Koramangala Sony World,7991,Weekday,False,Clear,False,0.0,True,False,1.0,Severe,9.2,74.7,715.3,0.255,0.588,0.764,Accident detected nearby - reroute and reduced speed advised
EVT450758,2026-01-06 18:43:30,Concert,J031,Cubbon Road,16469,Weekday,False,Clear,False,0.0,False,False,1.0,Severe,7.5,78.9,755.5,0.223,0.516,0.908,Heavy congestion detected - signal timing extended and reroute suggested
EVT450759,2025-06-12 16:26:07,Political Rally,J030,MG Road,21778,Weekday,False,Clear,False,0.0,False,False,0.628,High,23.7,42.6,294.8,0.221,0.51,0.965,Moderate traffic flow - standard adaptive signal timing in effect
EVT450760,2025-12-25 20:36:00,Religious Festival,J009,Majestic,44857,Weekday,True,Fog,False,0.0,False,True,1.0,Severe,6.9,98.6,436.5,0.153,0.353,0.832,Road closure for event/procession - full detour recommended for through-traffic
EVT450761,2025-01-23 09:16:39,Local Market Day,J023,Basavanagudi,5095,Weekday,False,Clear,False,0.0,False,False,1.0,Severe,9.3,68.0,276.4,0.103,0.238,0.924,Heavy congestion detected - signal timing extended and reroute suggested
EVT450762,2025-12-08 16:13:46,Sports Fixture,J011,Indiranagar 100ft Road,17254,Weekday,False,Clear,False,0.0,False,False,0.606,High,19.0,39.4,139.8,0.07,0.161,0.961,Moderate traffic flow - standard adaptive signal timing in effect
EVT450763,2025-11-07 09:47:57,Concert,J011,Indiranagar 100ft Road,14799,Weekday,False,Heavy Rain,True,28.6,False,False,1.0,Severe,9.9,70.5,181.6,0.088,0.204,0.888,Heavy rain reducing visibility and grip - reduced speed and longer buffer advised
EVT450764,2026-05-26 16:50:12,Concert,J031,Cubbon Road,10841,Weekday,False,Rain,True,12.3,False,False,0.893,Severe,13.5,60.0,373.6,0.186,0.429,0.899,Heavy rain reducing visibility and grip - reduced speed and longer buffer advised
EVT450765,2025-07-17 15:52:33,Trade Fair,J011,Indiranagar 100ft Road,8269,Weekday,False,Heavy Rain,True,33.0,False,False,0.72,High,16.7,53.1,133.5,0.085,0.197,0.921,Heavy rain reducing visibility and grip - reduced speed and longer buffer advised
EVT450766,2026-03-11 04:16:39,Sports Fixture,J020,Malleshwaram Circle,27599,Weekday,False,Clear,False,0.0,False,False,0.336,Low,31.9,27.1,136.2,0.124,0.287,0.954,Moderate traffic flow - standard adaptive signal timing in effect
EVT450767,2025-12-06 17:51:29,Sports Fixture,J031,Cubbon Road,18597,Weekend,False,Clear,False,0.0,False,False,0.976,Severe,11.7,70.9,270.6,0.121,0.279,0.927,Heavy congestion detected - signal timing extended and reroute suggested
EVT450768,2025-02-17 07:41:16,Local Market Day,J023,Basavanagudi,2669,Weekday,False,Light Rain,True,2.9,False,False,0.789,Severe,15.7,61.8,279.2,0.172,0.398,0.913,Heavy rain reducing visibility and grip - reduced speed and longer buffer advised
EVT450769,2025-07-18 11:01:48,Local Market Day,J020,Malleshwaram Circle,4929,Weekday,False,Clear,False,0.0,False,False,0.369,Moderate,34.7,25.7,106.8,0.111,0.256,0.976,Moderate traffic flow - standard adaptive signal timing in effect
EVT450770,2025-07-03 16:51:18,Local Market Day,J011,Indiranagar 100ft Road,3216,Weekday,False,Rain,True,7.7,False,False,0.815,Severe,15.8,63.6,287.6,0.159,0.366,0.918,Heavy rain reducing visibility and grip - reduced speed and longer buffer advised
EVT450771,2025-03-08 07:22:40,Trade Fair,J011,Indiranagar 100ft Road,9252,Weekend,False,Clear,False,0.0,False,False,0.697,High,20.3,42.7,248.9,0.162,0.374,0.952,Moderate traffic flow - standard adaptive signal timing in effect
EVT450772,2025-04-23 13:40:48,Local Market Day,J023,Basavanagudi,6552,Weekday,False,Clear,False,0.0,False,False,0.211,Low,33.2,16.5,52.0,0.014,0.033,0.962,Normal free-flow traffic - standard signal timing maintained
EVT450773,2025-07-16 17:08:45,Sports Fixture,J040,City Market,26041,Weekday,False,Clear,False,0.0,False,False,0.852,Severe,12.9,64.8,229.7,0.108,0.248,0.934,Heavy congestion detected - signal timing extended and reroute suggested
EVT450774,2025-11-15 16:26:35,Political Rally,J030,MG Road,28118,Weekend,False,Light Rain,True,7.0,False,False,0.83,Severe,12.9,61.0,255.6,0.131,0.302,0.881,Heavy rain reducing visibility and grip - reduced speed and longer buffer advised
EVT450775,2025-12-26 19:47:08,Cultural Procession,J040,City Market,28011,Weekday,True,Clear,False,0.0,False,True,1.0,Severe,9.1,95.6,721.6,0.25,0.578,0.803,Road closure for event/procession - full detour recommended for through-traffic
EVT450776,2025-02-21 14:36:36,Sports Fixture,J009,Majestic,33117,Weekday,False,Clear,False,0.0,False,False,0.446,Moderate,24.9,29.5,239.2,0.175,0.404,0.957,Moderate traffic flow - standard adaptive signal timing in effect
EVT450777,2025-11-24 19:24:16,Political Rally,J011,Indiranagar 100ft Road,18583,Weekday,False,Clear,False,0.0,False,False,0.924,Severe,11.7,67.1,257.2,0.123,0.284,0.93,Heavy congestion detected - signal timing extended and reroute suggested
EVT450778,2025-07-04 19:08:36,Political Rally,J009,Majestic,29498,Weekday,False,Heavy Rain,True,55.1,False,False,1.0,Severe,9.9,71.8,547.8,0.231,0.535,0.866,Heavy rain reducing visibility and grip - reduced speed and longer buffer advised
EVT450779,2025-06-15 10:49:23,Sports Fixture,J012,Koramangala Sony World,19618,Weekend,False,Heavy Rain,True,44.9,False,False,0.875,Severe,15.1,60.0,247.9,0.121,0.279,0.893,Heavy rain reducing visibility and grip - reduced speed and longer buffer advised
EVT450780,2026-03-19 13:41:30,Cultural Procession,J012,Koramangala Sony World,10099,Weekday,True,Clear,False,0.0,False,True,0.584,Moderate,23.5,53.0,141.3,0.08,0.186,0.88,Road closure for event/procession - full detour recommended for through-traffic
EVT450781,2025-10-07 10:25:22,Concert,J020,Malleshwaram Circle,16791,Weekday,False,Clear,False,0.0,False,False,0.687,High,19.7,51.1,106.5,0.065,0.15,0.973,Moderate traffic flow - standard adaptive signal timing in effect
EVT450782,2025-01-22 06:06:12,Trade Fair,J009,Majestic,8319,Weekday,False,Clear,False,0.0,False,False,0.236,Low,27.6,18.3,210.9,0.139,0.322,0.942,Normal free-flow traffic - standard signal timing maintained
EVT450783,2025-09-27 13:37:01,Local Market Day,J020,Malleshwaram Circle,6339,Weekend,False,Heavy Rain,True,45.0,False,False,0.592,High,16.7,43.2,494.8,0.267,0.616,0.917,Heavy rain reducing visibility and grip - reduced speed and longer buffer advised
EVT450784,2026-03-25 07:24:48,Local Market Day,J031,Cubbon Road,2637,Weekday,False,Clear,False,0.0,False,False,0.591,High,27.3,39.0,219.2,0.191,0.44,0.966,Moderate traffic flow - standard adaptive signal timing in effect
EVT450785,2025-12-21 14:59:14,Local Market Day,J012,Koramangala Sony World,5024,Weekend,False,Clear,False,0.0,False,False,0.323,Low,31.6,23.5,151.9,0.125,0.289,0.936,Moderate traffic flow - standard adaptive signal timing in effect
EVT450786,2025-02-06 17:52:24,Sports Fixture,J011,Indiranagar 100ft Road,16731,Weekday,False,Clear,False,0.0,False,False,1.0,Severe,8.5,73.0,636.2,0.193,0.446,0.907,Heavy congestion detected - signal timing extended and reroute suggested
EVT450787,2025-08-25 09:28:57,Concert,J030,MG Road,14875,Weekday,False,Clear,False,0.0,False,False,1.0,Severe,8.0,68.4,729.7,0.263,0.608,0.907,Heavy congestion detected - signal timing extended and reroute suggested
EVT450788,2025-02-15 19:11:26,Local Market Day,J011,Indiranagar 100ft Road,4497,Weekend,False,Clear,False,0.0,False,False,0.786,Severe,13.4,56.0,470.2,0.217,0.501,0.969,Heavy congestion detected - signal timing extended and reroute suggested
EVT450789,2025-04-16 11:54:53,Trade Fair,J012,Koramangala Sony World,6649,Weekday,False,Fog,False,0.0,False,False,0.245,Low,32.9,16.9,177.4,0.129,0.298,0.966,Normal free-flow traffic - standard signal timing maintained
EVT450790,2025-04-10 08:53:40,Local Market Day,J009,Majestic,5733,Weekday,False,Clear,False,0.0,False,False,1.0,Severe,8.7,71.2,412.5,0.138,0.318,0.918,Heavy congestion detected - signal timing extended and reroute suggested
EVT450791,2026-03-29 18:44:56,Local Market Day,J023,Basavanagudi,2480,Weekend,False,Clear,False,0.0,False,False,0.831,Severe,12.5,57.6,477.2,0.22,0.508,0.95,Heavy congestion detected - signal timing extended and reroute suggested
EVT450792,2026-05-26 10:56:45,Concert,J009,Majestic,12243,Weekday,False,Clear,False,0.0,False,False,0.482,Moderate,24.9,39.4,256.2,0.188,0.434,0.973,Moderate traffic flow - standard adaptive signal timing in effect
EVT450793,2026-02-08 08:55:28,Concert,J012,Koramangala Sony World,14134,Weekend,False,Clear,False,0.0,False,False,0.911,Severe,11.7,70.3,500.7,0.221,0.51,0.927,Heavy congestion detected - signal timing extended and reroute suggested
EVT450794,2025-12-29 17:58:45,Trade Fair,J020,Malleshwaram Circle,13174,Weekday,False,Light Rain,True,2.0,False,False,1.0,Severe,8.2,77.9,536.1,0.183,0.423,0.868,Heavy rain reducing visibility and grip - reduced speed and longer buffer advised
EVT450795,2025-04-08 09:31:30,Sports Fixture,J012,Koramangala Sony World,22878,Weekday,False,Clear,False,0.0,False,False,1.0,Severe,8.6,76.7,565.0,0.196,0.454,0.908,Heavy congestion detected - signal timing extended and reroute suggested
EVT450796,2025-07-24 08:50:00,Trade Fair,J012,Koramangala Sony World,7576,Weekday,False,Clear,False,0.0,False,False,1.0,Severe,7.3,72.2,833.9,0.227,0.525,0.922,Heavy congestion detected - signal timing extended and reroute suggested
EVT450797,2025-08-30 17:05:43,Concert,J020,Malleshwaram Circle,16908,Weekend,False,Clear,False,0.0,False,False,0.81,Severe,14.8,57.3,485.7,0.283,0.653,0.968,Heavy congestion detected - signal timing extended and reroute suggested
EVT450798,2025-02-23 11:40:21,Concert,J012,Koramangala Sony World,6412,Weekend,False,Clear,False,0.0,False,False,0.335,Low,33.5,24.2,92.3,0.063,0.145,0.949,Moderate traffic flow - standard adaptive signal timing in effect
EVT450799,2025-10-14 08:31:58,Political Rally,J012,Koramangala Sony World,7273,Weekday,False,Rain,True,20.0,False,False,1.0,Severe,8.3,69.6,477.5,0.173,0.399,0.897,Heavy rain reducing visibility and grip - reduced speed and longer buffer advised
EVT450800,2025-02-21 11:50:36,Sports Fixture,J012,Koramangala Sony World,38803,Weekday,False,Clear,False,0.0,False,False,0.474,Moderate,23.1,33.1,122.7,0.081,0.186,0.954,Moderate traffic flow - standard adaptive signal timing in effect
EVT450801,2025-01-29 10:19:20,Sports Fixture,J023,Basavanagudi,18863,Weekday,False,Clear,False,0.0,False,False,0.802,Severe,15.1,57.7,460.5,0.245,0.567,0.94,Heavy congestion detected - signal timing extended and reroute suggested
EVT450802,2025-03-24 11:29:57,Trade Fair,J011,Indiranagar 100ft Road,6223,Weekday,False,Clear,False,0.0,False,False,0.273,Low,28.5,14.3,189.2,0.134,0.31,0.944,Moderate traffic flow - standard adaptive signal timing in effect
EVT450803,2025-03-07 08:27:49,Concert,J040,City Market,15615,Weekday,False,Clear,False,0.0,False,False,1.0,Severe,8.9,73.9,355.6,0.142,0.328,0.908,Heavy congestion detected - signal timing extended and reroute suggested
EVT450804,2026-01-27 17:33:58,Religious Festival,J031,Cubbon Road,37393,Weekday,True,Clear,False,0.0,False,False,1.0,Severe,6.6,71.8,605.3,0.195,0.45,0.893,Festival crowd surge detected - alternate route and extended cycle recommended
EVT450805,2025-09-24 19:42:45,Political Rally,J009,Majestic,13068,Weekday,False,Clear,False,0.0,False,False,0.858,Severe,8.6,62.2,632.1,0.198,0.457,0.922,Heavy congestion detected - signal timing extended and reroute suggested
EVT450806,2025-04-16 00:37:59,Sports Fixture,J030,MG Road,31684,Weekday,False,Clear,False,0.0,False,False,0.445,Moderate,25.6,38.8,213.1,0.147,0.339,0.966,Moderate traffic flow - standard adaptive signal timing in effect
EVT450807,2025-07-07 13:17:25,Trade Fair,J030,MG Road,7778,Weekday,False,Clear,False,0.0,False,False,0.207,Low,34.1,9.4,182.0,0.155,0.359,0.972,Normal free-flow traffic - standard signal timing maintained
EVT450808,2025-07-26 03:07:34,Sports Fixture,J030,MG Road,23336,Weekend,False,Clear,False,0.0,True,False,0.687,High,19.1,51.7,330.7,0.22,0.507,0.821,Accident detected nearby - reroute and reduced speed advised
EVT450809,2026-01-05 08:04:13,Sports Fixture,J023,Basavanagudi,35633,Weekday,False,Clear,False,0.0,False,False,1.0,Severe,8.2,76.7,865.2,0.288,0.665,0.955,Heavy congestion detected - signal timing extended and reroute suggested
EVT450810,2025-11-08 17:47:57,Concert,J040,City Market,14924,Weekend,False,Clear,False,0.0,False,False,0.831,Severe,14.3,56.2,223.6,0.115,0.265,0.944,Heavy congestion detected - signal timing extended and reroute suggested
EVT450811,2025-04-15 18:56:24,Fireworks Display,J009,Majestic,27597,Weekday,True,Light Rain,True,1.0,False,False,1.0,Severe,8.7,76.8,587.2,0.207,0.478,0.823,Festival crowd surge detected - alternate route and extended cycle recommended
EVT450812,2025-12-03 20:31:14,Trade Fair,J023,Basavanagudi,7934,Weekday,False,Clear,False,0.0,False,False,0.578,High,21.1,37.0,251.9,0.176,0.406,0.969,Moderate traffic flow - standard adaptive signal timing in effect
EVT450813,2025-05-08 22:24:58,Concert,J040,City Market,13024,Weekday,False,Clear,False,0.0,False,False,0.212,Low,27.0,15.4,184.5,0.129,0.298,0.961,Normal free-flow traffic - standard signal timing maintained
EVT450814,2025-06-16 18:12:32,Sports Fixture,J040,City Market,27461,Weekday,False,Clear,False,0.0,False,False,1.0,Severe,8.8,73.1,693.5,0.239,0.553,0.893,Heavy congestion detected - signal timing extended and reroute suggested
EVT450815,2025-08-25 20:09:19,Concert,J012,Koramangala Sony World,8107,Weekday,False,Clear,False,0.0,False,False,0.738,High,18.4,55.3,321.1,0.198,0.459,0.947,Moderate traffic flow - standard adaptive signal timing in effect
EVT450816,2026-04-11 09:24:13,Political Rally,J040,City Market,12172,Weekend,False,Clear,False,0.0,False,False,0.955,Severe,10.3,66.3,652.1,0.26,0.601,0.893,Heavy congestion detected - signal timing extended and reroute suggested
EVT450817,2025-07-26 11:51:35,Concert,J030,MG Road,8459,Weekend,False,Light Rain,True,1.8,False,False,0.353,Moderate,22.8,21.8,68.6,0.038,0.088,0.912,Light rain detected - minor speed reduction advised
EVT450818,2025-05-08 19:51:28,Local Market Day,J030,MG Road,3771,Weekday,False,Rain,True,15.5,False,False,0.987,Severe,10.2,72.9,271.3,0.108,0.249,0.874,Heavy rain reducing visibility and grip - reduced speed and longer buffer advised
EVT450819,2025-01-15 19:52:21,Cultural Procession,J009,Majestic,13096,Weekday,True,Clear,False,0.0,False,True,1.0,Severe,9.4,104.2,674.8,0.269,0.621,0.825,Road closure for event/procession - full detour recommended for through-traffic
EVT450820,2025-10-31 18:07:56,Trade Fair,J031,Cubbon Road,10115,Weekday,False,Clear,False,0.0,False,False,1.0,Severe,8.8,72.2,740.3,0.261,0.602,0.905,Heavy congestion detected - signal timing extended and reroute suggested
EVT450821,2025-03-11 05:23:21,Trade Fair,J011,Indiranagar 100ft Road,9048,Weekday,False,Clear,False,0.0,False,False,0.214,Low,35.1,8.9,88.3,0.075,0.173,0.953,Normal free-flow traffic - standard signal timing maintained
EVT450822,2025-02-27 14:16:36,Sports Fixture,J020,Malleshwaram Circle,66720,Weekday,False,Clear,False,0.0,False,False,0.519,Moderate,26.1,33.9,139.2,0.108,0.249,0.945,Moderate traffic flow - standard adaptive signal timing in effect
EVT450823,2025-11-29 21:04:35,Concert,J031,Cubbon Road,11166,Weekend,False,Clear,False,0.0,False,False,0.458,Moderate,27.4,30.9,98.2,0.075,0.174,0.967,Moderate traffic flow - standard adaptive signal timing in effect
EVT450824,2025-12-10 17:45:37,Concert,J040,City Market,15002,Weekday,False,Clear,False,0.0,False,False,1.0,Severe,8.6,70.9,206.1,0.092,0.212,0.912,Heavy congestion detected - signal timing extended and reroute suggested
EVT450825,2026-03-13 18:24:19,Concert,J009,Majestic,13168,Weekday,False,Clear,False,0.0,False,False,1.0,Severe,8.4,75.2,681.3,0.226,0.522,0.925,Heavy congestion detected - signal timing extended and reroute suggested
EVT450826,2026-03-03 08:56:14,Local Market Day,J030,MG Road,6984,Weekday,False,Clear,False,0.0,False,False,1.0,Severe,8.4,68.7,714.2,0.221,0.51,0.901,Heavy congestion detected - signal timing extended and reroute suggested
EVT450827,2025-11-22 09:46:30,Sports Fixture,J023,Basavanagudi,27112,Weekend,False,Clear,False,0.0,False,False,0.871,Severe,12.5,59.5,370.5,0.165,0.382,0.942,Heavy congestion detected - signal timing extended and reroute suggested
EVT450828,2025-06-15 17:09:08,Sports Fixture,J009,Majestic,20381,Weekend,False,Clear,False,0.0,False,False,0.787,Severe,17.0,58.0,183.5,0.107,0.246,0.95,Heavy congestion detected - signal timing extended and reroute suggested
EVT450829,2026-06-15 20:09:41,Trade Fair,J020,Malleshwaram Circle,4150,Weekday,False,Rain,True,20.5,False,False,0.954,Severe,11.8,65.9,575.5,0.248,0.574,0.847,Heavy rain reducing visibility and grip - reduced speed and longer buffer advised
EVT450830,2025-01-20 18:40:54,Sports Fixture,J012,Koramangala Sony World,27032,Weekday,False,Clear,False,0.0,False,False,1.0,Severe,7.3,70.8,427.1,0.148,0.342,0.914,Heavy congestion detected - signal timing extended and reroute suggested
EVT450831,2025-03-24 21:09:50,Trade Fair,J011,Indiranagar 100ft Road,8584,Weekday,False,Clear,False,0.0,False,False,0.516,Moderate,20.2,34.3,225.3,0.129,0.298,0.973,Moderate traffic flow - standard adaptive signal timing in effect
EVT450832,2025-10-28 07:03:41,Trade Fair,J023,Basavanagudi,12878,Weekday,False,Rain,True,15.2,False,False,0.614,High,21.1,48.2,132.4,0.062,0.144,0.903,Heavy rain reducing visibility and grip - reduced speed and longer buffer advised
EVT450833,2025-05-10 18:06:08,Local Market Day,J011,Indiranagar 100ft Road,2508,Weekend,False,Clear,False,0.0,False,False,0.751,Severe,15.0,56.3,474.0,0.238,0.551,0.982,Heavy congestion detected - signal timing extended and reroute suggested
EVT450834,2025-11-09 22:08:44,Trade Fair,J020,Malleshwaram Circle,5721,Weekend,False,Clear,False,0.0,False,False,0.337,Low,31.2,25.7,150.4,0.146,0.337,0.98,Moderate traffic flow - standard adaptive signal timing in effect
EVT450835,2025-07-05 16:52:12,Local Market Day,J020,Malleshwaram Circle,3557,Weekend,False,Clear,False,0.0,False,False,0.656,High,22.2,49.3,296.8,0.223,0.515,0.983,Moderate traffic flow - standard adaptive signal timing in effect
EVT450836,2026-06-02 12:38:19,Political Rally,J012,Koramangala Sony World,17468,Weekday,False,Clear,False,0.0,False,False,0.197,Low,34.4,11.1,194.7,0.176,0.406,0.953,Normal free-flow traffic - standard signal timing maintained
EVT450837,2026-02-26 09:31:33,Trade Fair,J009,Majestic,11761,Weekday,False,Fog,False,0.0,False,False,1.0,Severe,8.6,68.5,439.2,0.167,0.386,0.903,Heavy congestion detected - signal timing extended and reroute suggested
EVT450838,2025-03-30 20:26:40,Cultural Procession,J040,City Market,14550,Weekend,True,Clear,False,0.0,False,True,1.0,Severe,9.0,94.2,672.2,0.237,0.547,0.847,Road closure for event/procession - full detour recommended for through-traffic
EVT450839,2025-10-12 10:54:03,Local Market Day,J031,Cubbon Road,5249,Weekend,False,Rain,True,13.5,False,False,0.62,High,20.2,40.4,358.2,0.247,0.571,0.897,Heavy rain reducing visibility and grip - reduced speed and longer buffer advised
EVT450840,2025-07-01 07:11:30,Sports Fixture,J040,City Market,15432,Weekday,False,Clear,False,0.0,False,False,0.532,Moderate,18.3,38.3,280.1,0.163,0.377,0.966,Moderate traffic flow - standard adaptive signal timing in effect
EVT450841,2026-02-01 18:17:49,Local Market Day,J023,Basavanagudi,2359,Weekend,False,Clear,False,0.0,False,False,0.928,Severe,9.7,62.4,377.4,0.129,0.299,0.908,Heavy congestion detected - signal timing extended and reroute suggested
EVT450842,2025-08-14 12:24:26,Sports Fixture,J023,Basavanagudi,17128,Weekday,False,Rain,True,18.5,False,False,0.622,High,21.0,38.5,189.7,0.119,0.276,0.912,Heavy rain reducing visibility and grip - reduced speed and longer buffer advised
EVT450843,2025-10-05 14:06:07,Local Market Day,J023,Basavanagudi,6644,Weekend,False,Rain,True,19.3,False,False,0.479,Moderate,25.3,28.9,211.9,0.151,0.348,0.954,Light rain detected - minor speed reduction advised
EVT450844,2026-05-09 14:48:14,Local Market Day,J040,City Market,3889,Weekend,False,Clear,False,0.0,False,False,0.244,Low,31.6,13.4,186.5,0.144,0.333,0.941,Normal free-flow traffic - standard signal timing maintained
EVT450845,2025-01-14 12:00:15,Religious Festival,J030,MG Road,50521,Weekday,True,Fog,False,0.0,False,False,0.737,High,15.3,45.1,393.6,0.205,0.474,0.905,Festival crowd surge detected - alternate route and extended cycle recommended
EVT450846,2026-01-20 11:12:36,Political Rally,J020,Malleshwaram Circle,16780,Weekday,False,Clear,False,0.0,False,False,0.448,Moderate,21.6,29.3,235.1,0.157,0.363,0.963,Moderate traffic flow - standard adaptive signal timing in effect
EVT450847,2026-02-18 07:03:41,Trade Fair,J011,Indiranagar 100ft Road,7220,Weekday,False,Clear,False,0.0,False,False,0.486,Moderate,28.5,39.6,215.8,0.17,0.393,0.96,Moderate traffic flow - standard adaptive signal timing in effect
EVT450848,2025-12-01 14:23:54,Political Rally,J030,MG Road,21964,Weekday,False,Clear,False,0.0,False,False,0.316,Low,34.3,20.1,152.3,0.114,0.264,0.955,Moderate traffic flow - standard adaptive signal timing in effect
EVT450849,2026-02-24 17:42:02,Concert,J031,Cubbon Road,10075,Weekday,False,Clear,False,0.0,False,False,1.0,Severe,6.8,73.0,273.0,0.11,0.254,0.902,Heavy congestion detected - signal timing extended and reroute suggested
EVT450850,2025-12-10 17:29:03,Local Market Day,J023,Basavanagudi,4804,Weekday,False,Clear,False,0.0,False,False,0.857,Severe,13.1,60.8,430.3,0.218,0.504,0.948,Heavy congestion detected - signal timing extended and reroute suggested
EVT450851,2025-01-19 11:55:38,Political Rally,J031,Cubbon Road,12535,Weekend,False,Clear,False,0.0,False,False,0.394,Moderate,30.6,26.0,144.2,0.123,0.284,0.951,Moderate traffic flow - standard adaptive signal timing in effect
EVT450852,2025-09-15 19:36:26,Trade Fair,J020,Malleshwaram Circle,7938,Weekday,False,Clear,False,0.0,False,False,0.916,Severe,12.7,63.4,509.5,0.224,0.517,0.931,Heavy congestion detected - signal timing extended and reroute suggested
EVT450853,2025-01-02 14:25:10,Local Market Day,J009,Majestic,4098,Weekday,False,Clear,False,0.0,False,False,0.206,Low,34.7,15.8,129.5,0.117,0.269,0.943,Normal free-flow traffic - standard signal timing maintained
EVT450854,2025-08-24 19:13:59,Local Market Day,J023,Basavanagudi,8361,Weekend,False,Heavy Rain,True,39.3,False,False,1.0,Severe,7.3,66.7,1025.2,0.311,0.718,0.901,Heavy rain reducing visibility and grip - reduced speed and longer buffer advised
EVT450855,2025-07-23 13:08:56,Concert,J020,Malleshwaram Circle,16494,Weekday,False,Clear,False,0.0,False,False,0.309,Low,27.3,20.1,193.6,0.135,0.313,0.946,Moderate traffic flow - standard adaptive signal timing in effect
EVT450856,2025-09-05 23:38:31,Fireworks Display,J011,Indiranagar 100ft Road,22958,Weekday,True,Clear,False,0.0,False,False,0.54,Moderate,22.7,37.6,211.9,0.135,0.311,0.915,Festival crowd surge detected - alternate route and extended cycle recommended
EVT450857,2026-02-16 11:09:40,Concert,J012,Koramangala Sony World,18305,Weekday,False,Clear,False,0.0,False,False,0.518,Moderate,24.5,30.2,226.6,0.176,0.407,0.964,Moderate traffic flow - standard adaptive signal timing in effect
EVT450858,2026-06-14 06:20:08,Sports Fixture,J012,Koramangala Sony World,19218,Weekend,False,Clear,False,0.0,False,False,0.467,Moderate,18.6,28.8,281.5,0.167,0.385,0.951,Moderate traffic flow - standard adaptive signal timing in effect
EVT450859,2026-06-08 17:50:58,Trade Fair,J009,Majestic,14652,Weekday,False,Clear,False,0.0,False,False,1.0,Severe,7.8,65.9,661.4,0.203,0.47,0.916,Heavy congestion detected - signal timing extended and reroute suggested
EVT450860,2025-06-05 17:17:06,Local Market Day,J012,Koramangala Sony World,2074,Weekday,False,Clear,False,0.0,False,False,0.808,Severe,16.2,53.2,428.4,0.257,0.595,0.941,Heavy congestion detected - signal timing extended and reroute suggested
EVT450861,2025-10-05 10:34:12,Sports Fixture,J040,City Market,22906,Weekend,False,Clear,False,0.0,False,False,0.687,High,23.4,48.9,169.6,0.132,0.304,0.954,Moderate traffic flow - standard adaptive signal timing in effect
EVT450862,2025-03-19 09:26:20,Trade Fair,J030,MG Road,9039,Weekday,False,Clear,False,0.0,False,False,0.986,Severe,10.0,68.3,697.7,0.262,0.604,0.917,Heavy congestion detected - signal timing extended and reroute suggested
EVT450863,2025-01-10 22:21:21,Sports Fixture,J040,City Market,19044,Weekday,False,Clear,False,0.0,False,False,0.253,Low,32.6,14.1,62.3,0.033,0.077,0.963,Moderate traffic flow - standard adaptive signal timing in effect
EVT450864,2025-05-07 17:20:01,Sports Fixture,J011,Indiranagar 100ft Road,38310,Weekday,False,Clear,False,0.0,False,False,0.988,Severe,9.3,75.4,743.1,0.267,0.616,0.907,Heavy congestion detected - signal timing extended and reroute suggested
EVT450865,2026-06-15 20:51:33,Concert,J040,City Market,12666,Weekday,False,Fog,False,0.0,False,False,0.431,Moderate,27.8,31.8,120.3,0.07,0.161,0.969,Moderate traffic flow - standard adaptive signal timing in effect
EVT450866,2025-12-09 09:56:01,Trade Fair,J023,Basavanagudi,6228,Weekday,False,Clear,False,0.0,False,False,0.855,Severe,14.4,59.3,303.3,0.162,0.375,0.923,Heavy congestion detected - signal timing extended and reroute suggested
EVT450867,2026-01-12 13:18:43,Local Market Day,J023,Basavanagudi,4503,Weekday,False,Clear,False,0.0,False,False,0.174,Low,35.7,19.0,147.6,0.138,0.319,0.944,Normal free-flow traffic - standard signal timing maintained
EVT450868,2026-01-02 08:28:00,Religious Festival,J040,City Market,46643,Weekday,True,Clear,False,0.0,False,True,1.0,Severe,8.5,102.9,760.2,0.256,0.591,0.851,Road closure for event/procession - full detour recommended for through-traffic
EVT450869,2025-12-06 10:17:54,Local Market Day,J020,Malleshwaram Circle,2817,Weekend,False,Clear,False,0.0,False,False,0.63,High,22.2,40.0,243.7,0.164,0.379,0.979,Moderate traffic flow - standard adaptive signal timing in effect
EVT450870,2026-03-23 17:31:28,Sports Fixture,J009,Majestic,34849,Weekday,False,Fog,False,0.0,False,False,1.0,Severe,11.0,76.6,343.0,0.157,0.364,0.919,Heavy congestion detected - signal timing extended and reroute suggested
EVT450871,2026-05-25 15:28:07,Concert,J009,Majestic,15462,Weekday,False,Clear,False,0.0,False,False,0.401,Moderate,27.2,29.7,151.3,0.132,0.305,0.942,Moderate traffic flow - standard adaptive signal timing in effect
EVT450872,2026-05-04 19:44:03,Concert,J031,Cubbon Road,16123,Weekday,False,Rain,True,15.7,False,False,1.0,Severe,7.8,66.0,651.5,0.201,0.464,0.9,Heavy rain reducing visibility and grip - reduced speed and longer buffer advised
EVT450873,2026-04-30 17:21:09,Local Market Day,J023,Basavanagudi,3277,Weekday,False,Clear,False,0.0,False,False,0.846,Severe,12.3,55.5,251.1,0.105,0.242,0.938,Heavy congestion detected - signal timing extended and reroute suggested
EVT450874,2026-01-28 20:58:56,Local Market Day,J009,Majestic,3898,Weekday,False,Clear,False,0.0,False,False,0.427,Moderate,28.2,33.3,230.3,0.19,0.439,0.969,Moderate traffic flow - standard adaptive signal timing in effect
EVT450875,2025-01-16 17:59:30,Sports Fixture,J020,Malleshwaram Circle,29786,Weekday,False,Clear,False,0.0,False,False,1.0,Severe,9.4,60.3,694.3,0.282,0.65,0.904,Heavy congestion detected - signal timing extended and reroute suggested
EVT450876,2026-02-15 18:20:37,Trade Fair,J030,MG Road,7575,Weekend,False,Fog,False,0.0,False,False,0.886,Severe,10.5,62.2,206.2,0.088,0.204,0.944,Heavy congestion detected - signal timing extended and reroute suggested
EVT450877,2026-04-07 16:15:04,Concert,J023,Basavanagudi,18116,Weekday,False,Clear,False,0.0,False,False,0.582,High,26.9,41.7,129.0,0.085,0.197,0.971,Moderate traffic flow - standard adaptive signal timing in effect
EVT450878,2025-10-28 06:23:31,Sports Fixture,J031,Cubbon Road,19562,Weekday,False,Heavy Rain,True,44.9,False,False,0.806,Severe,16.6,59.8,402.0,0.22,0.507,0.925,Heavy rain reducing visibility and grip - reduced speed and longer buffer advised
EVT450879,2025-11-11 07:00:45,Sports Fixture,J011,Indiranagar 100ft Road,26559,Weekday,False,Clear,False,0.0,False,False,0.589,High,22.2,46.0,168.4,0.113,0.261,0.954,Moderate traffic flow - standard adaptive signal timing in effect
EVT450880,2025-07-16 17:25:53,Concert,J023,Basavanagudi,11353,Weekday,False,Rain,True,22.7,False,False,1.0,Severe,9.4,70.5,621.3,0.244,0.564,0.861,Heavy rain reducing visibility and grip - reduced speed and longer buffer advised
EVT450881,2025-06-03 18:17:17,Local Market Day,J011,Indiranagar 100ft Road,2028,Weekday,False,Heavy Rain,True,39.4,False,False,1.0,Severe,7.4,67.9,694.4,0.229,0.53,0.857,Heavy rain reducing visibility and grip - reduced speed and longer buffer advised
EVT450882,2025-08-30 19:44:56,Sports Fixture,J011,Indiranagar 100ft Road,11804,Weekend,False,Rain,True,13.0,False,False,0.92,Severe,11.7,61.3,532.3,0.232,0.535,0.903,Heavy rain reducing visibility and grip - reduced speed and longer buffer advised
EVT450883,2025-07-11 17:35:04,Concert,J009,Majestic,6836,Weekday,False,Heavy Rain,True,44.6,False,False,1.0,Severe,7.4,72.9,530.0,0.165,0.381,0.891,Heavy rain reducing visibility and grip - reduced speed and longer buffer advised
EVT450884,2025-07-19 11:11:10,Local Market Day,J009,Majestic,3239,Weekend,False,Clear,False,0.0,False,False,0.399,Moderate,32.8,20.1,143.3,0.146,0.337,0.979,Moderate traffic flow - standard adaptive signal timing in effect
EVT450885,2025-09-24 21:23:08,Trade Fair,J040,City Market,7078,Weekday,False,Clear,False,0.0,False,False,0.327,Low,26.5,21.1,194.1,0.142,0.329,0.953,Moderate traffic flow - standard adaptive signal timing in effect
EVT450886,2026-01-25 14:01:16,Concert,J031,Cubbon Road,16277,Weekend,False,Clear,False,0.0,False,False,0.308,Low,33.0,20.6,167.7,0.152,0.351,0.941,Moderate traffic flow - standard adaptive signal timing in effect
EVT450887,2025-10-02 10:31:39,Religious Festival,J011,Indiranagar 100ft Road,62174,Weekday,True,Clear,False,0.0,False,True,1.0,Severe,7.0,102.3,983.6,0.306,0.708,0.83,Road closure for event/procession - full detour recommended for through-traffic
EVT450888,2026-03-20 16:43:40,Fireworks Display,J031,Cubbon Road,17319,Weekday,True,Clear,False,0.0,False,False,0.961,Severe,9.1,68.5,312.3,0.13,0.3,0.878,Festival crowd surge detected - alternate route and extended cycle recommended
EVT450889,2025-12-27 19:48:24,Local Market Day,J012,Koramangala Sony World,5094,Weekend,False,Light Rain,True,2.8,False,False,0.757,Severe,18.1,56.7,358.1,0.196,0.452,0.887,Heavy rain reducing visibility and grip - reduced speed and longer buffer advised
EVT450890,2025-07-22 16:41:09,Local Market Day,J040,City Market,2209,Weekday,False,Heavy Rain,True,48.7,False,False,0.935,Severe,10.6,66.8,435.2,0.177,0.408,0.859,Heavy rain reducing visibility and grip - reduced speed and longer buffer advised
EVT450891,2026-06-19 20:35:29,Sports Fixture,J009,Majestic,27047,Weekday,False,Clear,False,0.0,False,False,0.684,High,19.4,46.1,277.6,0.171,0.394,0.968,Moderate traffic flow - standard adaptive signal timing in effect
EVT450892,2025-02-19 10:33:10,Local Market Day,J020,Malleshwaram Circle,2693,Weekday,False,Clear,False,0.0,False,False,0.611,High,20.2,48.4,239.4,0.149,0.345,0.951,Moderate traffic flow - standard adaptive signal timing in effect
EVT450893,2026-05-03 06:47:07,Trade Fair,J012,Koramangala Sony World,7204,Weekend,False,Fog,False,0.0,False,False,0.385,Moderate,26.8,23.2,136.2,0.099,0.229,0.971,Moderate traffic flow - standard adaptive signal timing in effect
EVT450894,2025-05-08 11:24:00,Local Market Day,J031,Cubbon Road,3120,Weekday,False,Clear,False,0.0,False,False,0.245,Low,28.4,15.2,287.2,0.192,0.443,0.939,Normal free-flow traffic - standard signal timing maintained
EVT450895,2026-01-17 08:24:54,Local Market Day,J020,Malleshwaram Circle,2114,Weekend,False,Clear,False,0.0,False,False,0.738,High,15.5,52.9,431.1,0.231,0.534,0.97,Moderate traffic flow - standard adaptive signal timing in effect
EVT450896,2025-05-15 22:07:46,Political Rally,J009,Majestic,13090,Weekday,False,Clear,False,0.0,False,False,0.332,Low,35.7,23.0,132.5,0.12,0.278,0.982,Moderate traffic flow - standard adaptive signal timing in effect
EVT450897,2025-12-03 16:30:48,Local Market Day,J030,MG Road,2395,Weekday,False,Clear,False,0.0,False,False,0.684,High,20.8,42.1,217.9,0.136,0.314,0.948,Moderate traffic flow - standard adaptive signal timing in effect
EVT450898,2025-04-06 11:03:34,Fireworks Display,J023,Basavanagudi,11457,Weekend,True,Clear,False,0.0,False,False,0.745,High,18.3,56.8,340.0,0.194,0.447,0.923,Festival crowd surge detected - alternate route and extended cycle recommended
EVT450899,2026-01-26 16:07:52,Religious Festival,J030,MG Road,27478,Weekday,True,Clear,False,0.0,False,False,0.778,Severe,14.8,56.6,486.5,0.245,0.565,0.903,Festival crowd surge detected - alternate route and extended cycle recommended
EVT450900,2025-07-25 12:20:36,Local Market Day,J012,Koramangala Sony World,4227,Weekday,False,Heavy Rain,True,35.4,False,False,0.528,Moderate,25.2,34.3,169.4,0.144,0.333,0.918,Light rain detected - minor speed reduction advised
EVT450901,2025-03-17 15:05:21,Concert,J023,Basavanagudi,18361,Weekday,False,Clear,False,0.0,False,False,0.349,Low,29.0,25.8,186.3,0.151,0.349,0.975,Moderate traffic flow - standard adaptive signal timing in effect
EVT450902,2026-04-06 09:41:19,Local Market Day,J011,Indiranagar 100ft Road,3982,Weekday,False,Rain,True,14.2,False,False,0.989,Severe,10.2,71.2,494.8,0.197,0.455,0.844,Heavy rain reducing visibility and grip - reduced speed and longer buffer advised
EVT450903,2026-01-05 10:29:05,Local Market Day,J023,Basavanagudi,3162,Weekday,False,Clear,False,0.0,False,False,0.549,Moderate,24.3,42.3,89.1,0.065,0.149,0.958,Moderate traffic flow - standard adaptive signal timing in effect
EVT450904,2025-06-24 09:10:27,Trade Fair,J011,Indiranagar 100ft Road,7505,Weekday,False,Clear,False,0.0,False,False,1.0,Severe,9.9,75.7,564.7,0.232,0.535,0.93,Heavy congestion detected - signal timing extended and reroute suggested
EVT450905,2026-02-19 14:39:47,Sports Fixture,J023,Basavanagudi,29235,Weekday,False,Clear,False,0.0,False,False,0.331,Low,29.5,23.2,132.0,0.088,0.204,0.968,Moderate traffic flow - standard adaptive signal timing in effect
EVT450906,2025-07-26 07:54:00,Sports Fixture,J040,City Market,21932,Weekend,False,Light Rain,True,3.4,False,False,0.816,Severe,15.9,62.5,234.6,0.12,0.278,0.894,Heavy rain reducing visibility and grip - reduced speed and longer buffer advised
EVT450907,2026-06-15 20:42:40,Concert,J009,Majestic,12699,Weekday,False,Clear,False,0.0,False,False,0.596,High,21.6,38.2,203.7,0.123,0.285,0.99,Moderate traffic flow - standard adaptive signal timing in effect
EVT450908,2025-02-10 07:17:01,Concert,J023,Basavanagudi,7116,Weekday,False,Clear,False,0.0,False,False,0.495,Moderate,27.0,28.1,187.0,0.148,0.343,0.96,Moderate traffic flow - standard adaptive signal timing in effect
EVT450909,2025-12-04 07:23:13,Sports Fixture,J040,City Market,26539,Weekday,False,Clear,False,0.0,False,False,0.739,High,16.0,55.6,201.0,0.124,0.286,0.98,Moderate traffic flow - standard adaptive signal timing in effect
EVT450910,2026-05-17 20:54:53,Political Rally,J012,Koramangala Sony World,14771,Weekend,False,Clear,False,0.0,False,False,0.437,Moderate,29.5,30.2,173.0,0.137,0.317,0.967,Moderate traffic flow - standard adaptive signal timing in effect
EVT450911,2026-06-04 14:30:00,Trade Fair,J030,MG Road,12098,Weekday,False,Heavy Rain,True,47.7,False,False,0.574,High,22.7,37.4,342.2,0.234,0.54,0.9,Heavy rain reducing visibility and grip - reduced speed and longer buffer advised
EVT450912,2025-02-09 18:34:26,Local Market Day,J040,City Market,2877,Weekend,False,Clear,False,0.0,False,False,0.924,Severe,10.2,70.2,318.5,0.147,0.339,0.925,Heavy congestion detected - signal timing extended and reroute suggested
EVT450913,2025-08-17 13:03:15,Trade Fair,J009,Majestic,5031,Weekend,False,Clear,False,0.0,False,False,0.181,Low,31.6,18.2,247.8,0.196,0.452,0.979,Normal free-flow traffic - standard signal timing maintained
EVT450914,2025-12-04 10:54:57,Concert,J040,City Market,11451,Weekday,False,Clear,False,0.0,False,False,0.442,Moderate,33.0,31.6,215.8,0.179,0.413,0.957,Moderate traffic flow - standard adaptive signal timing in effect
EVT450915,2025-12-14 11:01:42,Trade Fair,J011,Indiranagar 100ft Road,11426,Weekend,False,Clear,False,0.0,False,False,0.384,Moderate,27.8,36.1,220.0,0.176,0.406,0.965,Moderate traffic flow - standard adaptive signal timing in effect
EVT450916,2025-06-30 15:43:48,Political Rally,J012,Koramangala Sony World,15010,Weekday,False,Heavy Rain,True,38.2,False,False,0.855,Severe,11.7,54.7,340.5,0.139,0.321,0.876,Heavy rain reducing visibility and grip - reduced speed and longer buffer advised
EVT450917,2026-06-07 18:28:28,Sports Fixture,J011,Indiranagar 100ft Road,36268,Weekend,False,Heavy Rain,True,53.3,False,False,1.0,Severe,8.7,74.3,803.3,0.286,0.661,0.874,Heavy rain reducing visibility and grip - reduced speed and longer buffer advised
EVT450918,2025-06-11 20:12:02,Concert,J030,MG Road,10520,Weekday,False,Clear,False,0.0,False,False,0.702,High,18.5,54.5,226.3,0.137,0.316,0.966,Moderate traffic flow - standard adaptive signal timing in effect
EVT450919,2025-04-13 16:04:41,Political Rally,J040,City Market,14842,Weekend,False,Clear,False,0.0,False,False,0.49,Moderate,24.2,34.4,266.6,0.195,0.451,0.95,Moderate traffic flow - standard adaptive signal timing in effect
EVT450920,2025-09-16 17:04:15,Local Market Day,J030,MG Road,3251,Weekday,False,Rain,True,22.4,False,False,1.0,Severe,7.7,73.9,252.7,0.105,0.242,0.872,Heavy rain reducing visibility and grip - reduced speed and longer buffer advised
EVT450921,2025-11-10 15:02:07,Trade Fair,J031,Cubbon Road,8839,Weekday,False,Clear,False,0.0,False,False,0.296,Low,27.5,22.0,247.3,0.192,0.444,0.97,Moderate traffic flow - standard adaptive signal timing in effect
EVT450922,2026-02-02 10:21:12,Sports Fixture,J040,City Market,28136,Weekday,False,Clear,False,0.0,False,False,0.843,Severe,14.3,54.7,351.8,0.168,0.387,0.94,Heavy congestion detected - signal timing extended and reroute suggested
EVT450923,2025-12-14 16:24:07,Trade Fair,J031,Cubbon Road,9410,Weekend,False,Clear,False,0.0,False,False,0.582,High,22.5,41.6,255.9,0.158,0.364,0.942,Moderate traffic flow - standard adaptive signal timing in effect
EVT450924,2025-04-13 18:29:06,Local Market Day,J040,City Market,4838,Weekend,False,Clear,False,0.0,False,False,0.856,Severe,14.7,60.1,231.0,0.101,0.233,0.963,Heavy congestion detected - signal timing extended and reroute suggested
EVT450925,2025-05-15 13:32:37,Concert,J012,Koramangala Sony World,7589,Weekday,False,Clear,False,0.0,False,False,0.213,Low,37.4,13.9,188.1,0.183,0.422,0.966,Normal free-flow traffic - standard signal timing maintained
EVT450926,2025-03-01 08:20:54,Local Market Day,J023,Basavanagudi,2770,Weekend,False,Clear,False,0.0,False,False,0.899,Severe,15.8,62.3,293.1,0.159,0.368,0.961,Heavy congestion detected - signal timing extended and reroute suggested
EVT450927,2025-05-25 07:24:29,Trade Fair,J012,Koramangala Sony World,7712,Weekend,False,Clear,False,0.0,False,False,0.64,High,16.8,47.5,269.5,0.142,0.327,0.988,Moderate traffic flow - standard adaptive signal timing in effect
EVT450928,2026-01-20 10:04:14,Trade Fair,J009,Majestic,7544,Weekday,False,Clear,False,0.0,False,False,0.784,Severe,13.8,55.3,407.4,0.205,0.474,0.954,Heavy congestion detected - signal timing extended and reroute suggested
EVT450929,2025-06-27 14:19:50,Concert,J012,Koramangala Sony World,16349,Weekday,False,Clear,False,0.0,False,False,0.256,Low,34.1,16.2,119.2,0.119,0.274,0.964,Moderate traffic flow - standard adaptive signal timing in effect
EVT450930,2025-11-26 17:52:51,Trade Fair,J020,Malleshwaram Circle,10444,Weekday,False,Clear,False,0.0,False,False,1.0,Severe,9.6,70.4,387.4,0.159,0.368,0.921,Heavy congestion detected - signal timing extended and reroute suggested
EVT450931,2025-11-11 15:22:11,Trade Fair,J031,Cubbon Road,6362,Weekday,False,Clear,False,0.0,False,False,0.302,Low,30.4,23.4,140.6,0.112,0.259,0.971,Moderate traffic flow - standard adaptive signal timing in effect
EVT450932,2025-08-09 11:18:53,Concert,J020,Malleshwaram Circle,7741,Weekend,False,Heavy Rain,True,34.3,False,False,0.745,High,18.2,49.0,286.4,0.181,0.419,0.9,Heavy rain reducing visibility and grip - reduced speed and longer buffer advised
EVT450933,2026-05-09 09:23:38,Local Market Day,J020,Malleshwaram Circle,3833,Weekend,False,Rain,True,17.1,False,False,1.0,Severe,8.2,71.3,387.2,0.135,0.312,0.862,Heavy rain reducing visibility and grip - reduced speed and longer buffer advised
EVT450934,2026-02-18 16:56:08,Trade Fair,J040,City Market,9013,Weekday,False,Clear,False,0.0,False,False,0.807,Severe,16.0,54.0,190.7,0.106,0.244,0.953,Heavy congestion detected - signal timing extended and reroute suggested
EVT450935,2025-05-27 20:01:44,Sports Fixture,J012,Koramangala Sony World,19673,Weekday,False,Fog,False,0.0,False,False,0.841,Severe,13.8,56.0,337.6,0.165,0.381,0.961,Heavy congestion detected - signal timing extended and reroute suggested
EVT450936,2026-01-17 18:20:44,Local Market Day,J011,Indiranagar 100ft Road,3543,Weekend,False,Clear,False,0.0,False,False,0.866,Severe,13.9,59.8,319.4,0.178,0.41,0.949,Heavy congestion detected - signal timing extended and reroute suggested
EVT450937,2026-03-17 12:48:02,Trade Fair,J040,City Market,6396,Weekday,False,Clear,False,0.0,False,False,0.329,Low,38.7,24.7,77.8,0.072,0.166,0.97,Moderate traffic flow - standard adaptive signal timing in effect
EVT450938,2025-09-19 09:48:17,Local Market Day,J030,MG Road,2042,Weekday,False,Clear,False,0.0,False,False,0.897,Severe,11.9,65.6,452.5,0.202,0.467,0.934,Heavy congestion detected - signal timing extended and reroute suggested
EVT450939,2025-08-11 06:14:04,Concert,J030,MG Road,8883,Weekday,False,Clear,False,0.0,False,False,0.299,Low,29.5,22.5,91.1,0.088,0.204,0.956,Moderate traffic flow - standard adaptive signal timing in effect
EVT450940,2025-05-30 07:02:04,Trade Fair,J031,Cubbon Road,5710,Weekday,False,Clear,False,0.0,False,False,0.428,Moderate,20.4,29.6,199.7,0.116,0.267,0.967,Moderate traffic flow - standard adaptive signal timing in effect
EVT450941,2025-01-19 07:53:15,Trade Fair,J023,Basavanagudi,12123,Weekend,False,Clear,False,0.0,False,False,0.673,High,21.1,49.4,205.3,0.142,0.328,0.944,Moderate traffic flow - standard adaptive signal timing in effect
EVT450942,2026-02-04 15:39:13,Concert,J020,Malleshwaram Circle,10979,Weekday,False,Clear,False,0.0,True,False,0.755,Severe,17.2,55.7,284.4,0.176,0.407,0.771,Accident detected nearby - reroute and reduced speed advised
EVT450943,2026-04-29 15:54:38,Local Market Day,J023,Basavanagudi,3283,Weekday,False,Light Rain,True,3.3,False,False,0.465,Moderate,26.0,32.6,213.4,0.169,0.391,0.901,Light rain detected - minor speed reduction advised
EVT450944,2025-09-22 08:47:43,Concert,J023,Basavanagudi,9187,Weekday,False,Clear,False,0.0,False,False,1.0,Severe,6.8,72.2,547.5,0.168,0.389,0.919,Heavy congestion detected - signal timing extended and reroute suggested
EVT450945,2026-02-03 17:42:19,Trade Fair,J023,Basavanagudi,6082,Weekday,False,Rain,True,8.9,False,False,1.0,Severe,7.4,74.1,553.9,0.176,0.406,0.864,Heavy rain reducing visibility and grip - reduced speed and longer buffer advised
EVT450946,2025-10-29 20:02:54,Local Market Day,J030,MG Road,2644,Weekday,False,Rain,True,21.5,False,False,0.865,Severe,11.8,64.5,654.1,0.271,0.625,0.89,Heavy rain reducing visibility and grip - reduced speed and longer buffer advised
EVT450947,2025-05-10 11:39:45,Sports Fixture,J020,Malleshwaram Circle,19153,Weekend,False,Rain,True,12.2,False,False,0.521,Moderate,25.1,34.1,208.5,0.16,0.371,0.895,Light rain detected - minor speed reduction advised
EVT450948,2025-03-15 21:12:39,Religious Festival,J031,Cubbon Road,63584,Weekend,True,Clear,False,0.0,False,False,1.0,Severe,9.5,71.3,463.3,0.175,0.404,0.864,Festival crowd surge detected - alternate route and extended cycle recommended
EVT450949,2025-02-16 09:49:56,Local Market Day,J020,Malleshwaram Circle,3121,Weekend,False,Clear,False,0.0,False,False,0.778,Severe,13.2,64.7,335.5,0.16,0.369,0.978,Heavy congestion detected - signal timing extended and reroute suggested
EVT450950,2025-05-17 07:51:07,Trade Fair,J040,City Market,8164,Weekend,False,Clear,False,0.0,False,False,0.77,Severe,15.1,58.3,239.2,0.14,0.324,0.962,Heavy congestion detected - signal timing extended and reroute suggested
EVT450951,2025-12-15 19:14:07,Local Market Day,J040,City Market,4198,Weekday,False,Clear,False,0.0,False,False,0.904,Severe,11.1,67.0,752.2,0.301,0.696,0.937,Heavy congestion detected - signal timing extended and reroute suggested
EVT450952,2025-03-18 07:38:39,Sports Fixture,J009,Majestic,33596,Weekday,False,Clear,False,0.0,False,False,0.808,Severe,10.8,57.5,302.7,0.119,0.276,0.956,Heavy congestion detected - signal timing extended and reroute suggested
EVT450953,2025-10-23 17:56:57,Local Market Day,J023,Basavanagudi,3681,Weekday,False,Clear,False,0.0,False,False,0.966,Severe,9.2,70.0,767.7,0.285,0.659,0.891,Heavy congestion detected - signal timing extended and reroute suggested
EVT450954,2025-03-05 09:45:59,Concert,J030,MG Road,15847,Weekday,False,Clear,False,0.0,False,False,0.949,Severe,9.3,70.0,598.7,0.225,0.52,0.895,Heavy congestion detected - signal timing extended and reroute suggested
EVT450955,2026-04-19 14:05:35,Local Market Day,J012,Koramangala Sony World,8310,Weekend,False,Clear,False,0.0,False,False,0.278,Low,33.0,20.7,71.1,0.051,0.117,0.99,Moderate traffic flow - standard adaptive signal timing in effect
EVT450956,2025-03-16 06:37:23,Local Market Day,J040,City Market,3826,Weekend,False,Clear,False,0.0,False,False,0.343,Low,25.6,34.9,154.4,0.112,0.259,0.96,Moderate traffic flow - standard adaptive signal timing in effect
EVT450957,2025-12-31 18:08:21,Sports Fixture,J040,City Market,29513,Weekday,False,Clear,False,0.0,False,False,1.0,Severe,7.6,72.5,676.6,0.212,0.489,0.903,Heavy congestion detected - signal timing extended and reroute suggested
EVT450958,2025-09-24 17:47:12,Local Market Day,J040,City Market,11761,Weekday,False,Clear,False,0.0,False,False,0.954,Severe,10.3,69.9,431.9,0.218,0.503,0.92,Heavy congestion detected - signal timing extended and reroute suggested
EVT450959,2025-09-19 08:32:36,Trade Fair,J012,Koramangala Sony World,11485,Weekday,False,Rain,True,20.7,False,False,1.0,Severe,9.0,80.1,331.6,0.134,0.31,0.852,Heavy rain reducing visibility and grip - reduced speed and longer buffer advised
EVT450960,2025-06-25 05:18:26,Concert,J031,Cubbon Road,6971,Weekday,False,Heavy Rain,True,43.6,False,False,0.448,Moderate,26.9,29.8,70.2,0.046,0.106,0.927,Light rain detected - minor speed reduction advised
EVT450961,2025-12-31 20:47:31,Trade Fair,J020,Malleshwaram Circle,8574,Weekday,False,Clear,False,0.0,False,False,0.426,Moderate,27.9,30.9,258.0,0.203,0.468,0.948,Moderate traffic flow - standard adaptive signal timing in effect
EVT450962,2025-11-22 07:33:16,Local Market Day,J009,Majestic,7174,Weekend,False,Fog,False,0.0,False,False,0.613,High,23.5,43.2,362.9,0.281,0.648,0.948,Moderate traffic flow - standard adaptive signal timing in effect
EVT450963,2026-03-20 06:11:27,Cultural Procession,J040,City Market,20228,Weekday,True,Clear,False,0.0,False,True,0.817,High,9.9,90.4,555.1,0.216,0.498,0.888,Road closure for event/procession - full detour recommended for through-traffic
EVT450964,2026-01-26 17:50:03,Fireworks Display,J040,City Market,38438,Weekday,True,Clear,False,0.0,False,False,1.0,Severe,8.1,70.6,600.8,0.212,0.489,0.852,Festival crowd surge detected - alternate route and extended cycle recommended
EVT450965,2025-12-07 07:04:02,Sports Fixture,J011,Indiranagar 100ft Road,16975,Weekend,False,Clear,False,0.0,False,False,0.491,Moderate,26.4,33.3,186.5,0.136,0.314,0.957,Moderate traffic flow - standard adaptive signal timing in effect
EVT450966,2025-04-12 19:56:35,Sports Fixture,J031,Cubbon Road,18321,Weekend,False,Clear,False,0.0,False,False,0.677,High,19.9,44.8,178.8,0.12,0.276,0.972,Moderate traffic flow - standard adaptive signal timing in effect
EVT450967,2025-01-23 11:12:03,Local Market Day,J011,Indiranagar 100ft Road,11756,Weekday,False,Clear,False,0.0,False,False,0.418,Moderate,28.4,27.0,183.8,0.149,0.345,0.953,Moderate traffic flow - standard adaptive signal timing in effect
EVT450968,2025-01-07 19:18:01,Sports Fixture,J040,City Market,22517,Weekday,False,Fog,False,0.0,False,False,0.98,Severe,8.7,68.2,865.7,0.305,0.704,0.879,Heavy congestion detected - signal timing extended and reroute suggested
EVT450969,2026-05-10 08:23:23,Local Market Day,J031,Cubbon Road,2093,Weekend,False,Clear,False,0.0,False,False,0.769,Severe,17.9,54.6,277.0,0.176,0.407,0.963,Heavy congestion detected - signal timing extended and reroute suggested
EVT450970,2026-02-14 20:45:15,Sports Fixture,J020,Malleshwaram Circle,40738,Weekend,False,Clear,False,0.0,False,False,0.709,High,16.1,53.4,263.6,0.134,0.31,0.953,Moderate traffic flow - standard adaptive signal timing in effect
EVT450971,2025-01-11 06:21:45,Local Market Day,J023,Basavanagudi,2744,Weekend,False,Clear,False,0.0,False,False,0.309,Low,28.6,18.7,119.7,0.083,0.192,0.946,Moderate traffic flow - standard adaptive signal timing in effect
EVT450972,2026-05-27 19:37:34,Sports Fixture,J020,Malleshwaram Circle,32211,Weekday,False,Clear,False,0.0,False,False,1.0,Severe,7.5,70.7,440.2,0.134,0.31,0.901,Heavy congestion detected - signal timing extended and reroute suggested
EVT450973,2025-04-17 16:32:02,Sports Fixture,J023,Basavanagudi,62590,Weekday,False,Light Rain,True,3.9,False,False,1.0,Severe,7.2,76.4,640.5,0.22,0.509,0.848,Heavy rain reducing visibility and grip - reduced speed and longer buffer advised
EVT450974,2026-04-15 15:53:41,Cultural Procession,J030,MG Road,20581,Weekday,True,Clear,False,0.0,False,True,0.826,High,12.9,90.6,299.0,0.152,0.352,0.877,Road closure for event/procession - full detour recommended for through-traffic
EVT450975,2026-05-11 20:49:15,Sports Fixture,J040,City Market,18203,Weekday,False,Clear,False,0.0,False,False,0.596,High,16.0,41.8,338.7,0.186,0.429,0.95,Moderate traffic flow - standard adaptive signal timing in effect
EVT450976,2026-04-13 17:35:18,Sports Fixture,J012,Koramangala Sony World,11423,Weekday,False,Clear,False,0.0,False,False,0.915,Severe,11.6,67.1,391.1,0.186,0.43,0.917,Heavy congestion detected - signal timing extended and reroute suggested
EVT450977,2025-09-30 17:39:39,Local Market Day,J009,Majestic,5983,Weekday,False,Clear,False,0.0,False,False,0.839,Severe,16.1,65.0,202.5,0.107,0.248,0.956,Heavy congestion detected - signal timing extended and reroute suggested
EVT450978,2025-10-01 08:07:03,Sports Fixture,J023,Basavanagudi,20842,Weekday,False,Clear,False,0.0,False,False,0.913,Severe,14.5,60.2,323.4,0.173,0.401,0.95,Heavy congestion detected - signal timing extended and reroute suggested
EVT450979,2025-08-07 17:16:28,Sports Fixture,J031,Cubbon Road,21393,Weekday,False,Rain,True,10.8,False,False,1.0,Severe,9.2,70.6,387.0,0.146,0.338,0.895,Heavy rain reducing visibility and grip - reduced speed and longer buffer advised
EVT450980,2025-02-11 08:25:04,Local Market Day,J009,Majestic,7932,Weekday,False,Clear,False,0.0,False,False,0.91,Severe,15.1,65.6,307.9,0.177,0.41,0.946,Heavy congestion detected - signal timing extended and reroute suggested
EVT450981,2026-01-25 13:15:41,Local Market Day,J031,Cubbon Road,2986,Weekend,False,Clear,False,0.0,False,False,0.215,Low,32.4,13.3,100.9,0.081,0.188,0.961,Normal free-flow traffic - standard signal timing maintained
EVT450982,2025-09-19 08:51:11,Trade Fair,J020,Malleshwaram Circle,11087,Weekday,False,Clear,False,0.0,False,False,1.0,Severe,7.5,70.1,469.7,0.163,0.376,0.928,Heavy congestion detected - signal timing extended and reroute suggested
EVT450983,2026-02-16 17:48:37,Trade Fair,J012,Koramangala Sony World,7915,Weekday,False,Clear,False,0.0,False,False,0.987,Severe,8.6,72.9,197.7,0.083,0.191,0.92,Heavy congestion detected - signal timing extended and reroute suggested
EVT450984,2025-01-13 16:27:31,Local Market Day,J031,Cubbon Road,3506,Weekday,False,Fog,False,0.0,False,False,0.503,Moderate,23.6,34.1,233.3,0.177,0.408,0.966,Moderate traffic flow - standard adaptive signal timing in effect
EVT450985,2026-05-04 16:16:19,Sports Fixture,J009,Majestic,18023,Weekday,False,Clear,False,0.0,False,False,0.66,High,19.1,48.9,372.5,0.233,0.538,0.975,Moderate traffic flow - standard adaptive signal timing in effect
EVT450986,2025-05-24 13:47:11,Local Market Day,J009,Majestic,4458,Weekend,False,Clear,False,0.0,False,False,0.267,Low,27.8,16.5,81.2,0.071,0.165,0.972,Moderate traffic flow - standard adaptive signal timing in effect
EVT450987,2026-01-27 07:13:59,Religious Festival,J011,Indiranagar 100ft Road,42808,Weekday,True,Clear,False,0.0,False,True,1.0,Severe,10.7,107.9,528.8,0.216,0.5,0.836,Road closure for event/procession - full detour recommended for through-traffic
EVT450988,2025-10-01 04:03:44,Political Rally,J040,City Market,13348,Weekday,False,Clear,False,0.0,False,False,0.27,Low,31.5,16.7,90.7,0.082,0.189,0.958,Moderate traffic flow - standard adaptive signal timing in effect
EVT450989,2025-02-05 13:56:52,Sports Fixture,J031,Cubbon Road,18393,Weekday,False,Clear,False,0.0,False,False,0.376,Moderate,29.3,36.4,136.7,0.11,0.253,0.954,Moderate traffic flow - standard adaptive signal timing in effect
EVT450990,2026-03-26 15:59:45,Religious Festival,J012,Koramangala Sony World,49526,Weekday,True,Clear,False,0.0,False,True,1.0,Severe,9.4,100.4,522.1,0.215,0.496,0.827,Road closure for event/procession - full detour recommended for through-traffic
EVT450991,2025-02-02 19:10:55,Trade Fair,J023,Basavanagudi,6903,Weekend,False,Clear,False,0.0,False,False,0.815,Severe,12.7,60.8,224.7,0.118,0.272,0.971,Heavy congestion detected - signal timing extended and reroute suggested
EVT450992,2026-04-15 19:34:31,Fireworks Display,J009,Majestic,24925,Weekday,True,Clear,False,0.0,False,False,1.0,Severe,7.7,68.1,325.2,0.114,0.264,0.883,Festival crowd surge detected - alternate route and extended cycle recommended
EVT450993,2025-10-30 06:07:55,Local Market Day,J030,MG Road,3400,Weekday,False,Clear,False,0.0,False,False,0.294,Low,28.7,14.9,226.7,0.179,0.414,0.971,Moderate traffic flow - standard adaptive signal timing in effect
EVT450994,2025-03-01 18:47:00,Concert,J030,MG Road,10157,Weekend,False,Clear,False,0.0,False,False,0.843,Severe,13.4,57.2,423.1,0.208,0.48,0.951,Heavy congestion detected - signal timing extended and reroute suggested
EVT450995,2026-06-20 20:21:12,Local Market Day,J031,Cubbon Road,2150,Weekend,False,Heavy Rain,True,33.8,False,False,0.913,Severe,10.1,67.2,517.1,0.21,0.485,0.881,Heavy rain reducing visibility and grip - reduced speed and longer buffer advised
EVT450996,2025-05-19 17:51:12,Local Market Day,J012,Koramangala Sony World,3815,Weekday,False,Clear,False,0.0,False,False,0.932,Severe,11.3,60.4,401.6,0.177,0.409,0.932,Heavy congestion detected - signal timing extended and reroute suggested
EVT450997,2025-04-25 12:41:45,Sports Fixture,J012,Koramangala Sony World,26135,Weekday,False,Light Rain,True,0.4,False,False,0.361,Moderate,27.0,28.7,113.4,0.084,0.195,0.903,Light rain detected - minor speed reduction advised
EVT450998,2025-02-23 18:12:08,Sports Fixture,J031,Cubbon Road,11178,Weekend,False,Clear,False,0.0,False,False,0.864,Severe,16.4,58.8,326.8,0.184,0.425,0.959,Heavy congestion detected - signal timing extended and reroute suggested
EVT450999,2025-08-24 10:44:35,Sports Fixture,J023,Basavanagudi,15132,Weekend,False,Clear,False,0.0,False,False,0.545,Moderate,21.5,42.8,145.9,0.079,0.184,0.973,Moderate traffic flow - standard adaptive signal timing in effect
EVT451000,2025-05-01 18:48:54,Fireworks Display,J012,Koramangala Sony World,17405,Weekday,True,Clear,False,0.0,False,False,1.0,Severe,7.6,75.5,545.8,0.178,0.412,0.87,Festival crowd surge detected - alternate route and extended cycle recommended
EVT451001,2025-08-27 11:37:36,Religious Festival,J040,City Market,36433,Weekday,True,Rain,True,22.2,False,True,1.0,Severe,8.4,94.4,560.6,0.208,0.48,0.79,Road closure for event/procession - full detour recommended for through-traffic
EVT451002,2025-06-20 07:02:57,Local Market Day,J011,Indiranagar 100ft Road,2843,Weekday,False,Clear,False,0.0,False,False,0.4,Moderate,25.6,27.3,109.7,0.093,0.215,0.941,Moderate traffic flow - standard adaptive signal timing in effect
EVT451003,2026-02-07 14:32:03,Concert,J040,City Market,13349,Weekend,False,Clear,False,0.0,False,False,0.349,Low,28.9,27.2,162.6,0.109,0.251,0.97,Moderate traffic flow - standard adaptive signal timing in effect
EVT451004,2026-06-25 12:24:28,Political Rally,J012,Koramangala Sony World,8311,Weekday,False,Heavy Rain,True,49.6,True,False,1.0,Severe,8.4,68.7,547.8,0.187,0.432,0.707,Accident detected nearby - reroute and reduced speed advised
EVT451005,2026-02-06 11:12:35,Local Market Day,J011,Indiranagar 100ft Road,3029,Weekday,False,Clear,False,0.0,False,False,0.342,Low,31.5,20.1,194.7,0.144,0.332,0.988,Moderate traffic flow - standard adaptive signal timing in effect
EVT451006,2025-06-22 14:15:00,Trade Fair,J031,Cubbon Road,5803,Weekend,False,Clear,False,0.0,False,False,0.351,Moderate,24.0,25.9,260.9,0.186,0.431,0.946,Moderate traffic flow - standard adaptive signal timing in effect
EVT451007,2025-04-24 15:28:45,Local Market Day,J030,MG Road,2536,Weekday,False,Clear,False,0.0,False,False,0.199,Low,38.4,6.3,35.3,0.038,0.088,0.966,Normal free-flow traffic - standard signal timing maintained
EVT451008,2025-07-26 09:14:43,Sports Fixture,J040,City Market,17848,Weekend,False,Heavy Rain,True,61.4,False,False,1.0,Severe,9.9,67.1,635.7,0.238,0.55,0.848,Heavy rain reducing visibility and grip - reduced speed and longer buffer advised
EVT451009,2025-08-02 16:31:50,Local Market Day,J030,MG Road,4953,Weekend,False,Rain,True,7.9,False,False,0.698,High,18.8,54.6,227.6,0.139,0.322,0.92,Heavy rain reducing visibility and grip - reduced speed and longer buffer advised
EVT451010,2026-04-18 08:52:37,Concert,J020,Malleshwaram Circle,26426,Weekend,False,Clear,False,0.0,False,False,0.931,Severe,8.8,67.3,461.0,0.162,0.374,0.913,Heavy congestion detected - signal timing extended and reroute suggested
EVT451011,2025-07-08 20:27:34,Local Market Day,J020,Malleshwaram Circle,5521,Weekday,False,Rain,True,9.9,False,False,0.752,Severe,18.1,58.6,351.0,0.207,0.478,0.905,Heavy rain reducing visibility and grip - reduced speed and longer buffer advised
EVT451012,2025-03-27 15:37:44,Local Market Day,J023,Basavanagudi,3599,Weekday,False,Clear,False,0.0,False,False,0.379,Moderate,33.5,35.5,179.6,0.18,0.416,0.946,Moderate traffic flow - standard adaptive signal timing in effect
EVT451013,2026-01-15 20:42:41,Cultural Procession,J020,Malleshwaram Circle,16363,Weekday,True,Clear,False,0.0,False,True,0.98,Severe,8.7,100.5,606.6,0.217,0.5,0.846,Road closure for event/procession - full detour recommended for through-traffic
EVT451014,2025-08-01 11:43:55,Sports Fixture,J020,Malleshwaram Circle,20777,Weekday,False,Clear,False,0.0,False,False,0.378,Moderate,29.8,27.4,178.3,0.152,0.352,0.951,Moderate traffic flow - standard adaptive signal timing in effect
EVT451015,2026-06-22 13:16:18,Sports Fixture,J023,Basavanagudi,31777,Weekday,False,Clear,False,0.0,False,False,0.335,Low,24.4,21.9,195.2,0.138,0.318,0.957,Moderate traffic flow - standard adaptive signal timing in effect
EVT451016,2025-10-04 13:59:25,Local Market Day,J040,City Market,4822,Weekend,False,Clear,False,0.0,False,False,0.222,Low,33.8,18.5,75.4,0.056,0.13,0.945,Normal free-flow traffic - standard signal timing maintained
EVT451017,2025-06-25 21:38:34,Sports Fixture,J011,Indiranagar 100ft Road,25002,Weekday,False,Clear,False,0.0,False,False,0.483,Moderate,26.7,30.4,222.8,0.181,0.417,0.976,Moderate traffic flow - standard adaptive signal timing in effect
EVT451018,2025-03-26 20:22:01,Trade Fair,J031,Cubbon Road,9601,Weekday,False,Clear,False,0.0,False,False,0.664,High,22.1,48.8,170.1,0.103,0.237,0.979,Moderate traffic flow - standard adaptive signal timing in effect
EVT451019,2025-05-02 16:02:48,Fireworks Display,J020,Malleshwaram Circle,21793,Weekday,True,Clear,False,0.0,False,False,0.676,High,17.8,48.0,304.3,0.184,0.425,0.926,Festival crowd surge detected - alternate route and extended cycle recommended
EVT451020,2025-11-14 15:16:14,Sports Fixture,J009,Majestic,22252,Weekday,False,Clear,False,0.0,False,False,0.395,Moderate,30.7,28.1,160.5,0.127,0.293,0.959,Moderate traffic flow - standard adaptive signal timing in effect
EVT451021,2025-02-23 17:13:55,Sports Fixture,J009,Majestic,36301,Weekend,False,Clear,False,0.0,False,False,0.926,Severe,12.6,65.4,573.2,0.276,0.637,0.948,Heavy congestion detected - signal timing extended and reroute suggested
EVT451022,2025-11-13 14:21:01,Concert,J012,Koramangala Sony World,16857,Weekday,False,Clear,False,0.0,False,False,0.36,Moderate,32.5,29.7,196.5,0.184,0.424,0.981,Moderate traffic flow - standard adaptive signal timing in effect
EVT451023,2026-04-12 10:04:16,Concert,J030,MG Road,13149,Weekend,False,Clear,False,0.0,False,False,0.775,Severe,18.6,56.4,322.6,0.188,0.435,0.965,Heavy congestion detected - signal timing extended and reroute suggested
EVT451024,2025-03-31 19:42:11,Religious Festival,J030,MG Road,48716,Weekday,True,Clear,False,0.0,False,True,1.0,Severe,8.8,99.2,448.3,0.17,0.393,0.847,Road closure for event/procession - full detour recommended for through-traffic
EVT451025,2025-02-26 09:14:15,Local Market Day,J023,Basavanagudi,2143,Weekday,False,Clear,False,0.0,False,False,0.957,Severe,9.2,65.6,545.4,0.213,0.492,0.932,Heavy congestion detected - signal timing extended and reroute suggested
EVT451026,2025-01-08 00:39:34,Sports Fixture,J031,Cubbon Road,43292,Weekday,False,Fog,False,0.0,False,False,0.411,Moderate,31.9,27.3,170.0,0.165,0.381,0.962,Moderate traffic flow - standard adaptive signal timing in effect
EVT451027,2025-02-20 18:51:04,Trade Fair,J030,MG Road,7692,Weekday,False,Clear,False,0.0,False,False,1.0,Severe,7.4,71.7,845.7,0.27,0.624,0.912,Heavy congestion detected - signal timing extended and reroute suggested
EVT451028,2026-03-26 15:32:24,Fireworks Display,J012,Koramangala Sony World,26720,Weekday,True,Clear,False,0.0,False,False,0.649,High,17.4,46.7,309.8,0.155,0.357,0.916,Festival crowd surge detected - alternate route and extended cycle recommended
EVT451029,2025-01-19 12:55:45,Sports Fixture,J031,Cubbon Road,19503,Weekend,False,Clear,False,0.0,False,False,0.28,Low,31.5,20.0,135.7,0.129,0.297,0.951,Moderate traffic flow - standard adaptive signal timing in effect
EVT451030,2025-06-12 15:22:45,Sports Fixture,J009,Majestic,25707,Weekday,False,Heavy Rain,True,46.7,False,False,0.811,Severe,14.4,56.5,454.1,0.23,0.531,0.904,Heavy rain reducing visibility and grip - reduced speed and longer buffer advised
EVT451031,2026-03-21 19:53:39,Sports Fixture,J009,Majestic,55369,Weekend,False,Clear,False,0.0,False,False,0.92,Severe,11.6,64.2,537.4,0.222,0.513,0.946,Heavy congestion detected - signal timing extended and reroute suggested
EVT451032,2026-05-05 20:11:23,Local Market Day,J031,Cubbon Road,4681,Weekday,False,Clear,False,0.0,False,False,0.667,High,15.9,34.5,258.4,0.136,0.315,0.966,Moderate traffic flow - standard adaptive signal timing in effect
EVT451033,2025-02-15 09:59:40,Sports Fixture,J023,Basavanagudi,23691,Weekend,False,Clear,False,0.0,False,False,0.803,Severe,13.7,59.7,279.1,0.145,0.335,0.984,Heavy congestion detected - signal timing extended and reroute suggested
EVT451034,2025-10-27 22:31:37,Trade Fair,J031,Cubbon Road,10907,Weekday,False,Clear,False,0.0,True,False,0.634,High,19.7,45.4,232.1,0.138,0.319,0.81,Accident detected nearby - reroute and reduced speed advised
EVT451035,2025-04-29 08:30:49,Concert,J020,Malleshwaram Circle,12776,Weekday,False,Clear,False,0.0,False,False,0.968,Severe,11.0,72.2,367.9,0.171,0.394,0.945,Heavy congestion detected - signal timing extended and reroute suggested
EVT451036,2025-11-13 16:11:06,Sports Fixture,J020,Malleshwaram Circle,25035,Weekday,False,Clear,False,0.0,False,False,0.589,High,24.5,48.5,182.7,0.148,0.341,0.966,Moderate traffic flow - standard adaptive signal timing in effect
EVT451037,2026-06-26 13:39:56,Political Rally,J040,City Market,14558,Weekday,False,Clear,False,0.0,False,False,0.18,Low,33.3,21.0,153.9,0.115,0.265,0.961,Normal free-flow traffic - standard signal timing maintained
EVT451038,2026-04-24 17:01:38,Sports Fixture,J009,Majestic,20914,Weekday,False,Clear,False,0.0,False,False,0.839,Severe,14.6,60.7,347.2,0.192,0.444,0.951,Heavy congestion detected - signal timing extended and reroute suggested
EVT451039,2025-07-20 09:15:38,Sports Fixture,J023,Basavanagudi,33282,Weekend,False,Clear,False,0.0,False,False,1.0,Severe,8.6,71.8,656.6,0.215,0.496,0.926,Heavy congestion detected - signal timing extended and reroute suggested
EVT451040,2025-10-27 09:41:25,Sports Fixture,J009,Majestic,44593,Weekday,False,Clear,False,0.0,False,False,1.0,Severe,7.7,67.2,949.2,0.269,0.622,0.938,Heavy congestion detected - signal timing extended and reroute suggested
EVT451041,2026-06-13 09:28:09,Trade Fair,J030,MG Road,7032,Weekend,False,Clear,False,0.0,False,False,0.902,Severe,12.6,63.7,423.6,0.195,0.451,0.925,Heavy congestion detected - signal timing extended and reroute suggested
EVT451042,2025-03-22 12:42:08,Local Market Day,J030,MG Road,2516,Weekend,False,Clear,False,0.0,False,False,0.245,Low,32.5,16.6,190.6,0.169,0.39,0.961,Normal free-flow traffic - standard signal timing maintained
EVT451043,2025-02-09 06:56:36,Local Market Day,J040,City Market,2853,Weekend,False,Clear,False,0.0,False,False,0.529,Moderate,27.8,38.5,140.2,0.094,0.217,0.974,Moderate traffic flow - standard adaptive signal timing in effect
EVT451044,2026-03-12 18:14:12,Local Market Day,J012,Koramangala Sony World,3802,Weekday,False,Clear,False,0.0,False,False,1.0,Severe,8.2,75.4,348.8,0.145,0.335,0.913,Heavy congestion detected - signal timing extended and reroute suggested
EVT451045,2025-01-26 17:10:21,Cultural Procession,J030,MG Road,15615,Weekend,True,Clear,False,0.0,False,True,1.0,Severe,7.0,98.1,704.8,0.225,0.52,0.833,Road closure for event/procession - full detour recommended for through-traffic
EVT451046,2025-10-08 19:03:58,Concert,J040,City Market,9810,Weekday,False,Clear,False,0.0,False,False,0.956,Severe,9.8,69.8,405.0,0.139,0.321,0.943,Heavy congestion detected - signal timing extended and reroute suggested
EVT451047,2025-12-19 19:12:35,Local Market Day,J009,Majestic,5634,Weekday,False,Clear,False,0.0,False,False,0.984,Severe,10.0,71.7,429.9,0.17,0.393,0.936,Heavy congestion detected - signal timing extended and reroute suggested
EVT451048,2026-01-18 14:05:39,Sports Fixture,J030,MG Road,22876,Weekend,False,Clear,False,0.0,False,False,0.403,Moderate,24.5,33.8,211.4,0.119,0.275,0.981,Moderate traffic flow - standard adaptive signal timing in effect
EVT451049,2025-08-20 07:59:02,Concert,J030,MG Road,13056,Weekday,False,Heavy Rain,True,36.5,False,False,1.0,Severe,7.4,69.8,508.0,0.155,0.358,0.843,Heavy rain reducing visibility and grip - reduced speed and longer buffer advised
EVT451050,2025-10-14 21:08:03,Local Market Day,J030,MG Road,2497,Weekday,False,Rain,True,17.0,False,False,0.461,Moderate,20.9,33.0,333.5,0.202,0.467,0.89,Light rain detected - minor speed reduction advised
EVT451051,2025-01-21 18:56:39,Sports Fixture,J031,Cubbon Road,22025,Weekday,False,Clear,False,0.0,False,False,1.0,Severe,8.6,70.7,496.3,0.157,0.363,0.905,Heavy congestion detected - signal timing extended and reroute suggested
EVT451052,2025-09-28 13:15:15,Political Rally,J020,Malleshwaram Circle,12657,Weekend,False,Clear,False,0.0,False,False,0.267,Low,36.3,20.7,148.3,0.154,0.356,0.975,Moderate traffic flow - standard adaptive signal timing in effect
EVT451053,2025-07-09 07:36:40,Local Market Day,J020,Malleshwaram Circle,2280,Weekday,False,Light Rain,True,6.4,False,False,0.813,Severe,13.4,61.8,329.0,0.165,0.381,0.919,Heavy rain reducing visibility and grip - reduced speed and longer buffer advised
EVT451054,2026-04-06 16:53:25,Local Market Day,J011,Indiranagar 100ft Road,3869,Weekday,False,Clear,False,0.0,False,False,0.686,High,20.2,52.1,256.3,0.16,0.369,0.98,Moderate traffic flow - standard adaptive signal timing in effect
EVT451055,2025-10-18 16:55:26,Concert,J009,Majestic,9587,Weekend,False,Rain,True,17.3,False,False,0.897,Severe,14.9,65.2,210.2,0.103,0.238,0.887,Heavy rain reducing visibility and grip - reduced speed and longer buffer advised
EVT451056,2025-09-19 21:34:02,Trade Fair,J020,Malleshwaram Circle,7675,Weekday,False,Clear,False,0.0,False,False,0.336,Low,27.0,22.6,222.7,0.164,0.379,0.977,Moderate traffic flow - standard adaptive signal timing in effect
EVT451057,2026-02-09 12:24:21,Sports Fixture,J009,Majestic,19007,Weekday,False,Light Rain,True,1.1,False,False,0.332,Low,31.0,22.8,136.4,0.118,0.272,0.913,Light rain detected - minor speed reduction advised
EVT451058,2026-02-27 04:31:39,Local Market Day,J020,Malleshwaram Circle,3750,Weekday,False,Clear,False,0.0,False,False,0.206,Low,28.1,15.8,195.6,0.158,0.365,0.95,Normal free-flow traffic - standard signal timing maintained
EVT451059,2025-04-08 22:38:38,Trade Fair,J040,City Market,19425,Weekday,False,Clear,False,0.0,False,False,0.335,Low,31.6,24.7,63.8,0.062,0.143,0.982,Moderate traffic flow - standard adaptive signal timing in effect
EVT451060,2025-07-09 12:40:24,Trade Fair,J012,Koramangala Sony World,9011,Weekday,False,Light Rain,True,5.0,False,False,0.392,Moderate,29.4,20.7,138.9,0.106,0.246,0.916,Light rain detected - minor speed reduction advised
EVT451061,2025-01-28 10:48:10,Local Market Day,J031,Cubbon Road,3968,Weekday,False,Clear,False,0.0,False,False,0.477,Moderate,20.5,31.8,127.7,0.058,0.134,0.957,Moderate traffic flow - standard adaptive signal timing in effect
EVT451062,2025-12-10 08:21:46,Local Market Day,J030,MG Road,2559,Weekday,False,Clear,False,0.0,False,False,0.885,Severe,13.0,61.3,230.1,0.112,0.26,0.914,Heavy congestion detected - signal timing extended and reroute suggested
EVT451063,2025-05-15 19:36:44,Sports Fixture,J020,Malleshwaram Circle,37059,Weekday,False,Clear,False,0.0,False,False,0.988,Severe,7.7,67.6,455.6,0.157,0.364,0.919,Heavy congestion detected - signal timing extended and reroute suggested
EVT451064,2025-10-24 09:48:20,Sports Fixture,J040,City Market,12830,Weekday,False,Clear,False,0.0,False,False,0.927,Severe,10.3,68.5,247.6,0.098,0.226,0.935,Heavy congestion detected - signal timing extended and reroute suggested
EVT451065,2025-03-07 08:42:55,Concert,J020,Malleshwaram Circle,18883,Weekday,False,Clear,False,0.0,False,False,1.0,Severe,8.2,71.8,660.2,0.219,0.507,0.944,Heavy congestion detected - signal timing extended and reroute suggested
EVT451066,2026-05-20 08:01:23,Local Market Day,J023,Basavanagudi,4608,Weekday,False,Clear,False,0.0,False,False,0.805,Severe,14.7,59.4,187.6,0.103,0.238,0.927,Heavy congestion detected - signal timing extended and reroute suggested
EVT451067,2025-04-27 13:55:19,Concert,J020,Malleshwaram Circle,10164,Weekend,False,Clear,False,0.0,False,False,0.286,Low,37.1,16.6,44.6,0.057,0.131,0.937,Moderate traffic flow - standard adaptive signal timing in effect
EVT451068,2025-05-06 11:03:37,Trade Fair,J012,Koramangala Sony World,13656,Weekday,False,Clear,False,0.0,False,False,0.456,Moderate,22.0,35.2,223.6,0.156,0.359,0.951,Moderate traffic flow - standard adaptive signal timing in effect
EVT451069,2025-08-14 10:27:13,Local Market Day,J011,Indiranagar 100ft Road,4538,Weekday,False,Clear,False,0.0,False,False,0.696,High,15.2,51.1,295.6,0.151,0.349,0.944,Moderate traffic flow - standard adaptive signal timing in effect
EVT451070,2025-03-08 08:26:46,Concert,J009,Majestic,9510,Weekend,False,Clear,False,0.0,False,False,0.793,Severe,16.0,56.8,333.1,0.176,0.407,0.948,Heavy congestion detected - signal timing extended and reroute suggested
EVT451071,2025-08-11 09:19:33,Political Rally,J023,Basavanagudi,18824,Weekday,False,Clear,False,0.0,False,False,1.0,Severe,7.6,77.5,607.5,0.186,0.429,0.92,Heavy congestion detected - signal timing extended and reroute suggested
EVT451072,2025-10-12 08:40:02,Sports Fixture,J030,MG Road,17298,Weekend,False,Clear,False,0.0,False,False,0.912,Severe,11.0,68.0,487.8,0.217,0.502,0.921,Heavy congestion detected - signal timing extended and reroute suggested
EVT451073,2026-03-24 19:39:44,Sports Fixture,J030,MG Road,15072,Weekday,False,Clear,False,0.0,False,False,0.926,Severe,11.7,66.9,673.7,0.279,0.645,0.95,Heavy congestion detected - signal timing extended and reroute suggested
EVT451074,2026-04-25 16:14:25,Local Market Day,J020,Malleshwaram Circle,4438,Weekend,False,Light Rain,True,5.8,False,False,0.585,High,24.9,40.8,278.6,0.21,0.486,0.909,Heavy rain reducing visibility and grip - reduced speed and longer buffer advised
EVT451075,2025-06-25 14:59:33,Sports Fixture,J020,Malleshwaram Circle,46687,Weekday,False,Clear,False,0.0,False,False,0.503,Moderate,28.3,44.3,171.2,0.16,0.369,0.99,Moderate traffic flow - standard adaptive signal timing in effect
EVT451076,2025-05-09 11:13:46,Local Market Day,J012,Koramangala Sony World,3110,Weekday,False,Light Rain,True,2.2,False,False,0.495,Moderate,23.1,29.2,146.3,0.089,0.205,0.902,Light rain detected - minor speed reduction advised
EVT451077,2025-01-04 16:31:08,Political Rally,J020,Malleshwaram Circle,20427,Weekend,False,Clear,False,0.0,False,False,0.597,High,26.1,36.5,113.2,0.064,0.149,0.967,Moderate traffic flow - standard adaptive signal timing in effect
EVT451078,2025-09-04 13:37:56,Concert,J030,MG Road,13223,Weekday,False,Clear,False,0.0,False,False,0.132,Low,29.5,12.6,104.8,0.075,0.174,0.976,Normal free-flow traffic - standard signal timing maintained
EVT451079,2026-01-25 09:25:18,Sports Fixture,J031,Cubbon Road,14224,Weekend,False,Clear,False,0.0,False,False,0.868,Severe,13.3,61.7,256.0,0.126,0.29,0.945,Heavy congestion detected - signal timing extended and reroute suggested
EVT451080,2026-02-27 22:38:44,Political Rally,J031,Cubbon Road,15127,Weekday,False,Clear,False,0.0,False,False,0.261,Low,33.0,25.0,102.8,0.072,0.167,0.938,Moderate traffic flow - standard adaptive signal timing in effect
EVT451081,2026-06-24 14:17:03,Trade Fair,J030,MG Road,6911,Weekday,False,Heavy Rain,True,67.3,False,False,0.665,High,14.2,43.8,412.6,0.205,0.473,0.897,Heavy rain reducing visibility and grip - reduced speed and longer buffer advised
EVT451082,2025-12-22 10:39:15,Local Market Day,J011,Indiranagar 100ft Road,4290,Weekday,False,Clear,False,0.0,False,False,0.523,Moderate,21.7,37.8,157.0,0.105,0.243,0.953,Moderate traffic flow - standard adaptive signal timing in effect
EVT451083,2026-02-06 07:52:58,Sports Fixture,J012,Koramangala Sony World,13383,Weekday,False,Clear,False,0.0,False,False,0.75,Severe,18.5,48.9,332.7,0.224,0.517,0.949,Heavy congestion detected - signal timing extended and reroute suggested
EVT451084,2025-07-30 01:43:29,Concert,J023,Basavanagudi,22846,Weekday,False,Clear,False,0.0,False,False,0.366,Moderate,31.7,25.7,209.7,0.182,0.421,0.98,Moderate traffic flow - standard adaptive signal timing in effect
EVT451085,2025-10-11 16:27:38,Political Rally,J009,Majestic,28406,Weekend,False,Rain,True,21.6,False,False,0.828,Severe,13.3,63.2,161.4,0.088,0.204,0.917,Heavy rain reducing visibility and grip - reduced speed and longer buffer advised
EVT451086,2025-08-28 00:08:12,Religious Festival,J030,MG Road,51132,Weekday,True,Light Rain,True,5.8,False,True,0.876,High,9.9,88.0,435.6,0.154,0.357,0.833,Road closure for event/procession - full detour recommended for through-traffic
EVT451087,2025-09-15 08:05:38,Concert,J040,City Market,10989,Weekday,False,Clear,False,0.0,False,False,0.843,Severe,15.8,61.9,355.2,0.196,0.453,0.923,Heavy congestion detected - signal timing extended and reroute suggested
EVT451088,2025-12-13 17:20:14,Trade Fair,J023,Basavanagudi,6825,Weekend,False,Clear,False,0.0,False,False,0.668,High,21.2,49.3,261.9,0.165,0.381,0.967,Moderate traffic flow - standard adaptive signal timing in effect
EVT451089,2025-08-05 09:28:28,Trade Fair,J011,Indiranagar 100ft Road,9135,Weekday,False,Heavy Rain,True,49.4,False,False,1.0,Severe,9.1,67.3,552.8,0.208,0.481,0.861,Heavy rain reducing visibility and grip - reduced speed and longer buffer advised
EVT451090,2025-06-14 18:07:57,Concert,J011,Indiranagar 100ft Road,19860,Weekend,False,Heavy Rain,True,40.6,False,False,1.0,Severe,10.2,73.0,466.0,0.196,0.453,0.892,Heavy rain reducing visibility and grip - reduced speed and longer buffer advised
EVT451091,2025-01-10 18:42:15,Concert,J020,Malleshwaram Circle,12996,Weekday,False,Clear,False,0.0,False,False,1.0,Severe,9.7,70.2,273.4,0.109,0.251,0.933,Heavy congestion detected - signal timing extended and reroute suggested
EVT451092,2026-01-02 09:56:48,Religious Festival,J031,Cubbon Road,22454,Weekday,True,Clear,False,0.0,False,False,1.0,Severe,7.9,69.3,200.5,0.07,0.161,0.862,Festival crowd surge detected - alternate route and extended cycle recommended
EVT451093,2025-04-09 13:07:17,Concert,J030,MG Road,20632,Weekday,False,Clear,False,0.0,False,False,0.322,Low,27.0,28.5,133.6,0.112,0.258,0.952,Moderate traffic flow - standard adaptive signal timing in effect
EVT451094,2025-06-19 19:22:59,Political Rally,J020,Malleshwaram Circle,14464,Weekday,False,Clear,False,0.0,False,False,0.913,Severe,11.8,67.0,453.0,0.212,0.489,0.938,Heavy congestion detected - signal timing extended and reroute suggested
EVT451095,2025-06-28 04:22:27,Concert,J023,Basavanagudi,12727,Weekend,False,Rain,True,13.7,False,False,0.473,Moderate,23.7,37.8,283.5,0.206,0.476,0.93,Light rain detected - minor speed reduction advised
EVT451096,2025-05-05 19:13:14,Concert,J020,Malleshwaram Circle,8964,Weekday,False,Rain,True,13.8,False,False,1.0,Severe,7.7,68.4,581.7,0.205,0.472,0.884,Heavy rain reducing visibility and grip - reduced speed and longer buffer advised
EVT451097,2026-05-02 18:06:17,Cultural Procession,J040,City Market,19671,Weekend,True,Clear,False,0.0,False,False,1.0,Severe,9.4,70.0,423.4,0.18,0.415,0.858,Festival crowd surge detected - alternate route and extended cycle recommended
EVT451098,2025-06-12 17:09:15,Trade Fair,J012,Koramangala Sony World,12353,Weekday,False,Clear,False,0.0,False,False,0.763,Severe,17.6,45.1,378.0,0.219,0.505,0.96,Heavy congestion detected - signal timing extended and reroute suggested
EVT451099,2025-05-27 12:44:09,Political Rally,J020,Malleshwaram Circle,14112,Weekday,False,Clear,False,0.0,False,False,0.272,Low,33.5,22.2,168.0,0.141,0.327,0.973,Moderate traffic flow - standard adaptive signal timing in effect
EVT451100,2026-04-24 07:11:16,Trade Fair,J030,MG Road,7864,Weekday,False,Rain,True,7.6,False,False,0.683,High,16.4,44.0,250.8,0.148,0.342,0.886,Heavy rain reducing visibility and grip - reduced speed and longer buffer advised
EVT451101,2026-03-09 11:28:15,Local Market Day,J023,Basavanagudi,5854,Weekday,False,Clear,False,0.0,False,False,0.292,Low,29.6,21.3,104.3,0.057,0.131,0.972,Moderate traffic flow - standard adaptive signal timing in effect
EVT451102,2026-02-26 20:29:50,Trade Fair,J011,Indiranagar 100ft Road,7161,Weekday,False,Clear,False,0.0,False,False,0.664,High,17.3,51.8,251.3,0.162,0.374,0.975,Moderate traffic flow - standard adaptive signal timing in effect
EVT451103,2025-04-30 17:16:21,Concert,J023,Basavanagudi,9334,Weekday,False,Clear,False,0.0,False,False,0.848,Severe,13.8,58.0,184.6,0.078,0.18,0.969,Heavy congestion detected - signal timing extended and reroute suggested
EVT451104,2025-01-14 06:21:24,Cultural Procession,J011,Indiranagar 100ft Road,25275,Weekday,True,Clear,False,0.0,False,False,0.635,High,21.5,52.0,208.6,0.155,0.359,0.903,Festival crowd surge detected - alternate route and extended cycle recommended
EVT451105,2026-01-14 13:40:57,Cultural Procession,J023,Basavanagudi,19564,Weekday,True,Clear,False,0.0,False,False,0.513,Moderate,27.7,34.1,72.7,0.046,0.105,0.937,Festival crowd surge detected - alternate route and extended cycle recommended
EVT451106,2025-07-16 08:45:27,Trade Fair,J040,City Market,9135,Weekday,False,Clear,False,0.0,False,False,1.0,Severe,7.3,69.7,843.6,0.246,0.567,0.907,Heavy congestion detected - signal timing extended and reroute suggested
EVT451107,2026-01-10 08:40:48,Political Rally,J009,Majestic,11583,Weekend,False,Clear,False,0.0,False,False,0.911,Severe,9.3,66.4,183.8,0.084,0.194,0.95,Heavy congestion detected - signal timing extended and reroute suggested
EVT451108,2026-01-21 13:02:50,Local Market Day,J040,City Market,1903,Weekday,False,Clear,False,0.0,False,False,0.196,Low,32.4,16.6,155.4,0.127,0.294,0.957,Normal free-flow traffic - standard signal timing maintained
EVT451109,2025-02-19 16:28:30,Political Rally,J020,Malleshwaram Circle,10328,Weekday,False,Clear,False,0.0,False,False,0.605,High,26.1,41.5,182.1,0.163,0.376,0.981,Moderate traffic flow - standard adaptive signal timing in effect
EVT451110,2026-01-18 17:17:51,Local Market Day,J023,Basavanagudi,3817,Weekend,False,Clear,False,0.0,False,False,0.757,Severe,16.2,56.0,419.4,0.236,0.545,0.981,Heavy congestion detected - signal timing extended and reroute suggested
EVT451111,2025-03-21 01:34:05,Local Market Day,J012,Koramangala Sony World,7507,Weekday,False,Clear,False,0.0,False,False,0.191,Low,36.2,13.6,114.2,0.1,0.23,0.951,Normal free-flow traffic - standard signal timing maintained
EVT451112,2025-04-18 20:04:53,Political Rally,J020,Malleshwaram Circle,22156,Weekday,False,Clear,False,0.0,False,False,0.768,Severe,13.3,56.4,326.3,0.157,0.362,0.964,Heavy congestion detected - signal timing extended and reroute suggested
EVT451113,2026-03-04 16:28:36,Fireworks Display,J030,MG Road,18711,Weekday,True,Clear,False,0.0,False,False,0.899,Severe,14.3,64.8,356.1,0.183,0.422,0.873,Festival crowd surge detected - alternate route and extended cycle recommended
EVT451114,2025-12-20 06:09:25,Local Market Day,J009,Majestic,4634,Weekend,False,Fog,False,0.0,False,False,0.339,Low,24.0,27.7,162.7,0.123,0.285,0.968,Moderate traffic flow - standard adaptive signal timing in effect
EVT451115,2026-06-21 18:04:03,Concert,J009,Majestic,16652,Weekend,False,Heavy Rain,True,54.6,False,False,1.0,Severe,8.9,76.4,477.0,0.17,0.393,0.839,Heavy rain reducing visibility and grip - reduced speed and longer buffer advised
EVT451116,2025-02-14 09:25:16,Sports Fixture,J040,City Market,32351,Weekday,False,Clear,False,0.0,False,False,1.0,Severe,9.9,76.0,243.5,0.111,0.257,0.927,Heavy congestion detected - signal timing extended and reroute suggested
EVT451117,2025-01-25 09:02:32,Sports Fixture,J030,MG Road,27373,Weekend,False,Clear,False,0.0,False,False,0.999,Severe,5.5,71.3,907.4,0.214,0.495,0.925,Heavy congestion detected - signal timing extended and reroute suggested
EVT451118,2026-01-06 13:47:09,Trade Fair,J023,Basavanagudi,17240,Weekday,False,Clear,False,0.0,False,False,0.212,Low,33.8,15.8,132.7,0.122,0.281,0.962,Normal free-flow traffic - standard signal timing maintained
EVT451119,2025-10-08 22:32:39,Concert,J012,Koramangala Sony World,8251,Weekday,False,Rain,True,23.8,False,False,0.489,Moderate,23.0,31.6,232.4,0.152,0.351,0.91,Light rain detected - minor speed reduction advised
EVT451120,2026-02-24 11:15:01,Trade Fair,J012,Koramangala Sony World,8668,Weekday,False,Light Rain,True,2.3,False,False,0.46,Moderate,23.8,26.9,143.4,0.086,0.199,0.932,Light rain detected - minor speed reduction advised
EVT451121,2025-12-21 21:33:24,Political Rally,J009,Majestic,12602,Weekend,False,Clear,False,0.0,False,False,0.414,Moderate,27.0,35.0,225.8,0.183,0.423,0.97,Moderate traffic flow - standard adaptive signal timing in effect
EVT451122,2025-12-11 06:25:18,Political Rally,J040,City Market,15915,Weekday,False,Clear,False,0.0,False,False,0.393,Moderate,26.8,27.2,81.6,0.05,0.116,0.961,Moderate traffic flow - standard adaptive signal timing in effect
EVT451123,2025-08-26 14:33:27,Local Market Day,J030,MG Road,4663,Weekday,False,Clear,False,0.0,False,False,0.317,Low,35.1,17.8,121.1,0.088,0.204,0.959,Moderate traffic flow - standard adaptive signal timing in effect
EVT451124,2025-08-18 21:32:52,Local Market Day,J040,City Market,6710,Weekday,False,Light Rain,True,3.9,False,False,0.392,Moderate,21.5,27.9,257.9,0.167,0.385,0.916,Light rain detected - minor speed reduction advised
EVT451125,2025-01-12 10:57:25,Trade Fair,J023,Basavanagudi,10649,Weekend,False,Clear,False,0.0,False,False,0.435,Moderate,21.3,35.1,188.7,0.111,0.255,0.939,Moderate traffic flow - standard adaptive signal timing in effect
EVT451126,2025-08-07 18:05:02,Concert,J030,MG Road,14952,Weekday,False,Heavy Rain,True,39.9,False,False,1.0,Severe,7.3,74.1,997.3,0.29,0.67,0.871,Heavy rain reducing visibility and grip - reduced speed and longer buffer advised
EVT451127,2025-03-27 11:38:30,Local Market Day,J011,Indiranagar 100ft Road,3356,Weekday,False,Clear,False,0.0,False,False,0.234,Low,36.0,16.4,126.5,0.125,0.29,0.972,Normal free-flow traffic - standard signal timing maintained
EVT451128,2025-10-16 06:01:46,Political Rally,J023,Basavanagudi,41746,Weekday,False,Clear,False,0.0,False,False,0.45,Moderate,22.5,29.4,82.6,0.057,0.131,0.97,Moderate traffic flow - standard adaptive signal timing in effect
EVT451129,2025-03-12 16:10:58,Trade Fair,J030,MG Road,10931,Weekday,False,Fog,False,0.0,False,False,0.434,Moderate,22.7,30.6,230.7,0.148,0.343,0.945,Moderate traffic flow - standard adaptive signal timing in effect
EVT451130,2025-09-16 08:35:57,Sports Fixture,J009,Majestic,25334,Weekday,False,Clear,False,0.0,False,False,1.0,Severe,8.4,71.6,552.2,0.198,0.458,0.907,Heavy congestion detected - signal timing extended and reroute suggested
EVT451131,2025-05-21 10:39:52,Concert,J023,Basavanagudi,12684,Weekday,False,Clear,False,0.0,False,False,0.616,High,18.4,40.3,237.0,0.14,0.324,0.95,Moderate traffic flow - standard adaptive signal timing in effect
EVT451132,2025-06-28 10:11:09,Local Market Day,J031,Cubbon Road,4145,Weekend,False,Rain,True,18.6,False,False,0.882,Severe,14.0,71.9,496.9,0.253,0.585,0.877,Heavy rain reducing visibility and grip - reduced speed and longer buffer advised
EVT451133,2026-03-16 19:05:27,Concert,J040,City Market,13029,Weekday,False,Clear,False,0.0,False,False,1.0,Severe,8.6,70.0,593.4,0.2,0.461,0.884,Heavy congestion detected - signal timing extended and reroute suggested
EVT451134,2025-01-27 07:09:58,Religious Festival,J012,Koramangala Sony World,52508,Weekday,True,Clear,False,0.0,False,False,0.993,Severe,7.9,67.1,781.3,0.242,0.56,0.863,Festival crowd surge detected - alternate route and extended cycle recommended
EVT451135,2026-05-28 18:03:10,Concert,J030,MG Road,10752,Weekday,False,Clear,False,0.0,False,False,1.0,Severe,9.8,64.8,511.8,0.205,0.473,0.901,Heavy congestion detected - signal timing extended and reroute suggested
EVT451136,2026-01-13 10:51:28,Local Market Day,J020,Malleshwaram Circle,4621,Weekday,False,Clear,False,0.0,False,False,0.479,Moderate,28.1,36.4,210.9,0.173,0.398,0.965,Moderate traffic flow - standard adaptive signal timing in effect
EVT451137,2026-04-28 17:43:55,Local Market Day,J020,Malleshwaram Circle,4156,Weekday,False,Clear,False,0.0,False,False,0.967,Severe,11.3,69.7,465.5,0.198,0.457,0.885,Heavy congestion detected - signal timing extended and reroute suggested
EVT451138,2026-05-28 22:16:42,Local Market Day,J012,Koramangala Sony World,5174,Weekday,False,Clear,False,0.0,False,False,0.168,Low,29.2,17.3,98.0,0.064,0.149,0.98,Normal free-flow traffic - standard signal timing maintained
EVT451139,2025-12-09 07:18:11,Trade Fair,J023,Basavanagudi,11443,Weekday,False,Clear,False,0.0,False,False,0.521,Moderate,22.9,33.9,152.2,0.109,0.253,0.984,Moderate traffic flow - standard adaptive signal timing in effect
EVT451140,2025-10-24 08:05:24,Sports Fixture,J040,City Market,24043,Weekday,False,Clear,False,0.0,False,False,0.903,Severe,12.1,61.1,361.7,0.173,0.399,0.934,Heavy congestion detected - signal timing extended and reroute suggested
EVT451141,2025-11-09 16:23:19,Trade Fair,J040,City Market,5187,Weekend,False,Light Rain,True,1.9,False,False,0.578,High,20.4,36.5,173.4,0.128,0.295,0.899,Heavy rain reducing visibility and grip - reduced speed and longer buffer advised
EVT451142,2025-11-25 20:55:36,Sports Fixture,J012,Koramangala Sony World,41766,Weekday,False,Clear,False,0.0,False,False,0.644,High,15.9,41.9,277.6,0.154,0.356,0.963,Moderate traffic flow - standard adaptive signal timing in effect
EVT451143,2026-04-24 10:49:16,Concert,J009,Majestic,10284,Weekday,False,Clear,False,0.0,False,False,0.576,High,23.6,39.5,218.5,0.175,0.403,0.946,Moderate traffic flow - standard adaptive signal timing in effect
EVT451144,2026-01-12 11:51:28,Local Market Day,J040,City Market,2432,Weekday,False,Clear,False,0.0,False,False,0.262,Low,32.6,19.6,83.0,0.054,0.125,0.96,Moderate traffic flow - standard adaptive signal timing in effect
EVT451145,2025-01-12 21:08:54,Sports Fixture,J040,City Market,25343,Weekend,False,Clear,False,0.0,False,False,0.51,Moderate,20.3,36.8,211.0,0.115,0.265,0.949,Moderate traffic flow - standard adaptive signal timing in effect
EVT451146,2025-11-06 15:25:47,Local Market Day,J040,City Market,6108,Weekday,False,Clear,False,0.0,False,False,0.379,Moderate,27.7,28.3,259.1,0.196,0.452,0.966,Moderate traffic flow - standard adaptive signal timing in effect
EVT451147,2025-10-27 11:14:25,Political Rally,J040,City Market,14387,Weekday,False,Clear,False,0.0,False,False,0.429,Moderate,26.5,32.7,220.4,0.16,0.369,0.99,Moderate traffic flow - standard adaptive signal timing in effect
EVT451148,2026-01-19 06:48:52,Concert,J009,Majestic,12411,Weekday,False,Fog,False,0.0,False,False,0.424,Moderate,33.7,22.8,103.7,0.087,0.201,0.953,Moderate traffic flow - standard adaptive signal timing in effect
EVT451149,2025-02-25 10:04:53,Concert,J023,Basavanagudi,14194,Weekday,False,Clear,False,0.0,False,False,0.859,Severe,13.5,51.6,215.6,0.117,0.269,0.965,Heavy congestion detected - signal timing extended and reroute suggested
EVT451150,2025-11-27 23:03:03,Sports Fixture,J020,Malleshwaram Circle,23586,Weekday,False,Clear,False,0.0,False,False,0.291,Low,33.6,23.6,207.1,0.166,0.383,0.984,Moderate traffic flow - standard adaptive signal timing in effect
EVT451151,2025-11-16 18:32:08,Trade Fair,J030,MG Road,7327,Weekend,False,Clear,False,0.0,False,False,0.868,Severe,15.7,59.2,209.0,0.113,0.261,0.93,Heavy congestion detected - signal timing extended and reroute suggested
EVT451152,2026-02-11 18:38:40,Sports Fixture,J020,Malleshwaram Circle,16995,Weekday,False,Clear,False,0.0,False,False,1.0,Severe,9.5,74.2,414.9,0.169,0.389,0.918,Heavy congestion detected - signal timing extended and reroute suggested
EVT451153,2026-04-02 21:36:48,Local Market Day,J030,MG Road,4484,Weekday,False,Clear,False,0.0,False,False,0.289,Low,34.7,18.3,76.5,0.069,0.16,0.955,Moderate traffic flow - standard adaptive signal timing in effect
EVT451154,2025-11-17 14:34:26,Sports Fixture,J031,Cubbon Road,39141,Weekday,False,Rain,True,10.2,False,False,0.522,Moderate,22.1,37.9,264.6,0.203,0.468,0.908,Light rain detected - minor speed reduction advised
EVT451155,2025-10-27 17:49:50,Sports Fixture,J031,Cubbon Road,16712,Weekday,False,Clear,False,0.0,False,False,0.975,Severe,9.6,69.2,350.2,0.126,0.292,0.921,Heavy congestion detected - signal timing extended and reroute suggested
EVT451156,2026-04-03 13:05:29,Local Market Day,J040,City Market,5256,Weekday,False,Clear,False,0.0,False,False,0.173,Low,38.6,15.0,97.8,0.104,0.24,0.953,Normal free-flow traffic - standard signal timing maintained
EVT451157,2025-10-25 09:55:02,Sports Fixture,J030,MG Road,18484,Weekend,False,Clear,False,0.0,False,False,0.761,Severe,9.5,56.2,618.5,0.217,0.501,0.977,Heavy congestion detected - signal timing extended and reroute suggested
EVT451158,2026-03-31 11:51:01,Political Rally,J011,Indiranagar 100ft Road,21638,Weekday,False,Clear,False,0.0,False,False,0.343,Low,25.5,25.2,213.1,0.149,0.345,0.951,Moderate traffic flow - standard adaptive signal timing in effect
EVT451159,2026-01-09 13:06:11,Local Market Day,J012,Koramangala Sony World,4510,Weekday,False,Light Rain,True,1.8,True,False,0.653,High,16.7,45.1,221.2,0.123,0.283,0.77,Accident detected nearby - reroute and reduced speed advised
EVT451160,2026-01-09 18:08:09,Local Market Day,J012,Koramangala Sony World,4085,Weekday,False,Clear,False,0.0,False,False,0.997,Severe,9.8,71.3,954.2,0.341,0.788,0.905,Heavy congestion detected - signal timing extended and reroute suggested
EVT451161,2025-06-09 14:11:45,Sports Fixture,J030,MG Road,17590,Weekday,False,Rain,True,21.9,False,False,0.509,Moderate,26.4,39.7,133.0,0.108,0.249,0.931,Light rain detected - minor speed reduction advised
EVT451162,2025-12-11 08:38:57,Political Rally,J011,Indiranagar 100ft Road,15510,Weekday,False,Clear,False,0.0,False,False,1.0,Severe,7.5,65.3,711.2,0.222,0.513,0.928,Heavy congestion detected - signal timing extended and reroute suggested
EVT451163,2026-04-25 20:07:18,Local Market Day,J040,City Market,5221,Weekend,False,Clear,False,0.0,False,False,0.649,High,18.8,40.9,260.7,0.158,0.365,0.971,Moderate traffic flow - standard adaptive signal timing in effect
EVT451164,2025-06-04 16:40:26,Concert,J012,Koramangala Sony World,16548,Weekday,False,Heavy Rain,True,55.4,False,False,1.0,Severe,7.5,73.7,643.8,0.208,0.481,0.85,Heavy rain reducing visibility and grip - reduced speed and longer buffer advised
EVT451165,2025-02-06 19:57:36,Sports Fixture,J020,Malleshwaram Circle,21703,Weekday,False,Clear,False,0.0,False,False,0.9,Severe,13.2,62.8,258.0,0.133,0.307,0.91,Heavy congestion detected - signal timing extended and reroute suggested
EVT451166,2025-02-28 19:59:22,Sports Fixture,J023,Basavanagudi,32289,Weekday,False,Clear,False,0.0,False,False,0.882,Severe,12.1,69.5,227.7,0.114,0.264,0.966,Heavy congestion detected - signal timing extended and reroute suggested
EVT451167,2025-10-05 08:44:29,Local Market Day,J040,City Market,2947,Weekend,False,Clear,False,0.0,False,False,0.797,Severe,14.3,53.8,515.1,0.266,0.614,0.968,Heavy congestion detected - signal timing extended and reroute suggested
EVT451168,2025-09-25 19:18:18,Concert,J040,City Market,8442,Weekday,False,Clear,False,0.0,False,False,0.935,Severe,11.8,65.4,349.0,0.157,0.363,0.929,Heavy congestion detected - signal timing extended and reroute suggested
EVT451169,2025-09-07 18:37:00,Trade Fair,J011,Indiranagar 100ft Road,7605,Weekend,False,Heavy Rain,True,32.7,False,False,1.0,Severe,7.5,71.0,417.7,0.143,0.331,0.846,Heavy rain reducing visibility and grip - reduced speed and longer buffer advised
EVT451170,2026-06-22 15:11:31,Local Market Day,J020,Malleshwaram Circle,6932,Weekday,False,Heavy Rain,True,33.9,False,False,0.622,High,17.3,43.7,421.1,0.216,0.5,0.924,Heavy rain reducing visibility and grip - reduced speed and longer buffer advised
EVT451171,2026-04-13 06:58:53,Trade Fair,J031,Cubbon Road,7365,Weekday,False,Fog,False,0.0,False,False,0.338,Low,23.2,24.1,176.7,0.1,0.231,0.962,Moderate traffic flow - standard adaptive signal timing in effect
EVT451172,2025-05-29 18:11:39,Sports Fixture,J023,Basavanagudi,19352,Weekday,False,Rain,True,9.4,False,False,1.0,Severe,7.3,68.1,621.7,0.173,0.401,0.87,Heavy rain reducing visibility and grip - reduced speed and longer buffer advised
EVT451173,2026-04-16 18:52:55,Trade Fair,J011,Indiranagar 100ft Road,12288,Weekday,False,Rain,True,19.2,False,False,1.0,Severe,8.0,66.2,623.4,0.204,0.472,0.88,Heavy rain reducing visibility and grip - reduced speed and longer buffer advised
EVT451174,2025-07-25 18:48:03,Sports Fixture,J031,Cubbon Road,25847,Weekday,False,Clear,False,0.0,False,False,1.0,Severe,6.8,72.3,637.5,0.182,0.421,0.884,Heavy congestion detected - signal timing extended and reroute suggested
EVT451175,2025-07-11 10:37:15,Concert,J023,Basavanagudi,10057,Weekday,False,Clear,False,0.0,False,False,0.608,High,19.7,44.5,253.1,0.165,0.382,0.959,Moderate traffic flow - standard adaptive signal timing in effect
EVT451176,2025-12-30 10:01:59,Local Market Day,J031,Cubbon Road,5295,Weekday,False,Clear,False,0.0,False,False,0.789,Severe,16.5,52.4,262.6,0.158,0.364,0.983,Heavy congestion detected - signal timing extended and reroute suggested
EVT451177,2025-08-05 10:12:15,Local Market Day,J023,Basavanagudi,6569,Weekday,False,Rain,True,17.8,False,False,0.968,Severe,9.6,64.6,538.3,0.212,0.49,0.876,Heavy rain reducing visibility and grip - reduced speed and longer buffer advised
EVT451178,2025-02-01 17:47:29,Concert,J012,Koramangala Sony World,12382,Weekend,False,Clear,False,0.0,False,False,0.947,Severe,10.4,75.6,360.3,0.139,0.321,0.934,Heavy congestion detected - signal timing extended and reroute suggested
EVT451179,2026-03-10 19:41:27,Concert,J023,Basavanagudi,11431,Weekday,False,Clear,False,0.0,False,False,0.911,Severe,13.7,69.9,141.9,0.099,0.228,0.926,Heavy congestion detected - signal timing extended and reroute suggested
EVT451180,2026-02-10 14:50:00,Political Rally,J023,Basavanagudi,14452,Weekday,False,Fog,False,0.0,False,False,0.358,Moderate,32.7,30.7,60.7,0.03,0.069,0.973,Moderate traffic flow - standard adaptive signal timing in effect
EVT451181,2025-09-26 07:45:03,Local Market Day,J023,Basavanagudi,5271,Weekday,False,Clear,False,0.0,False,False,0.697,High,18.2,50.3,249.9,0.165,0.38,0.969,Moderate traffic flow - standard adaptive signal timing in effect
EVT451182,2026-03-10 10:00:01,Sports Fixture,J020,Malleshwaram Circle,15742,Weekday,False,Clear,False,0.0,False,False,0.866,Severe,11.4,63.9,362.8,0.13,0.301,0.924,Heavy congestion detected - signal timing extended and reroute suggested
EVT451183,2026-03-28 14:06:19,Sports Fixture,J040,City Market,24667,Weekend,False,Clear,False,0.0,False,False,0.4,Moderate,28.9,28.4,88.3,0.073,0.169,0.968,Moderate traffic flow - standard adaptive signal timing in effect
EVT451184,2025-01-30 18:24:08,Trade Fair,J040,City Market,10760,Weekday,False,Clear,False,0.0,False,False,1.0,Severe,9.3,67.6,453.8,0.183,0.422,0.916,Heavy congestion detected - signal timing extended and reroute suggested
EVT451185,2025-09-10 12:32:31,Trade Fair,J009,Majestic,10770,Weekday,False,Heavy Rain,True,28.8,False,False,0.62,High,23.6,39.5,203.4,0.148,0.341,0.922,Heavy rain reducing visibility and grip - reduced speed and longer buffer advised
EVT451186,2026-05-14 11:57:52,Sports Fixture,J011,Indiranagar 100ft Road,18362,Weekday,False,Clear,False,0.0,False,False,0.29,Low,24.4,18.6,85.6,0.064,0.147,0.965,Moderate traffic flow - standard adaptive signal timing in effect
EVT451187,2025-10-11 17:07:51,Local Market Day,J012,Koramangala Sony World,9053,Weekend,False,Clear,False,0.0,False,False,0.774,Severe,18.2,58.1,332.0,0.204,0.471,0.975,Heavy congestion detected - signal timing extended and reroute suggested
EVT451188,2025-02-13 18:04:37,Concert,J031,Cubbon Road,15931,Weekday,False,Clear,False,0.0,False,False,1.0,Severe,7.6,74.7,495.0,0.164,0.378,0.939,Heavy congestion detected - signal timing extended and reroute suggested
EVT451189,2026-06-06 17:37:06,Sports Fixture,J020,Malleshwaram Circle,23297,Weekend,False,Rain,True,22.6,False,False,1.0,Severe,9.6,76.9,342.9,0.151,0.35,0.845,Heavy rain reducing visibility and grip - reduced speed and longer buffer advised
EVT451190,2025-12-07 21:22:21,Sports Fixture,J020,Malleshwaram Circle,17335,Weekend,False,Clear,False,0.0,False,False,0.53,Moderate,22.9,37.5,202.5,0.137,0.316,0.976,Moderate traffic flow - standard adaptive signal timing in effect
EVT451191,2026-04-22 14:14:48,Local Market Day,J012,Koramangala Sony World,4648,Weekday,False,Clear,False,0.0,False,False,0.267,Low,36.3,19.9,92.2,0.07,0.163,0.966,Moderate traffic flow - standard adaptive signal timing in effect
EVT451192,2026-05-16 16:45:25,Local Market Day,J030,MG Road,4735,Weekend,False,Clear,False,0.0,False,False,0.627,High,22.4,44.2,246.9,0.194,0.447,0.985,Moderate traffic flow - standard adaptive signal timing in effect
EVT451193,2025-05-17 14:47:21,Trade Fair,J020,Malleshwaram Circle,10306,Weekend,False,Clear,False,0.0,False,False,0.354,Moderate,24.6,24.9,115.6,0.079,0.183,0.936,Moderate traffic flow - standard adaptive signal timing in effect
EVT451194,2026-02-08 07:12:40,Political Rally,J011,Indiranagar 100ft Road,13233,Weekend,False,Clear,False,0.0,True,False,0.932,Severe,11.4,63.5,629.4,0.266,0.615,0.792,Accident detected nearby - reroute and reduced speed advised
EVT451195,2025-08-17 09:42:11,Trade Fair,J030,MG Road,7701,Weekend,False,Heavy Rain,True,64.4,False,False,1.0,Severe,8.0,66.4,421.3,0.125,0.289,0.875,Heavy rain reducing visibility and grip - reduced speed and longer buffer advised
EVT451196,2025-01-21 14:14:04,Concert,J011,Indiranagar 100ft Road,9966,Weekday,False,Clear,False,0.0,False,False,0.257,Low,26.5,20.4,122.3,0.072,0.166,0.953,Moderate traffic flow - standard adaptive signal timing in effect
EVT451197,2025-09-06 19:03:15,Religious Festival,J031,Cubbon Road,40109,Weekend,True,Heavy Rain,True,35.9,False,True,1.0,Severe,8.3,97.8,689.7,0.231,0.533,0.787,Road closure for event/procession - full detour recommended for through-traffic
EVT451198,2025-04-03 21:08:44,Local Market Day,J040,City Market,2365,Weekday,False,Clear,False,0.0,False,False,0.358,Moderate,25.0,16.9,234.4,0.182,0.42,0.977,Moderate traffic flow - standard adaptive signal timing in effect
EVT451199,2025-04-06 07:51:11,Religious Festival,J009,Majestic,29810,Weekend,True,Clear,False,0.0,False,False,1.0,Severe,9.1,67.0,416.8,0.144,0.332,0.876,Festival crowd surge detected - alternate route and extended cycle recommended
EVT451200,2025-05-26 07:17:24,Sports Fixture,J020,Malleshwaram Circle,29844,Weekday,False,Clear,False,0.0,False,False,0.642,High,21.4,48.3,230.9,0.165,0.382,0.942,Moderate traffic flow - standard adaptive signal timing in effect
EVT451201,2025-07-02 08:03:48,Concert,J030,MG Road,7775,Weekday,False,Clear,False,0.0,False,False,0.815,Severe,17.3,58.0,142.3,0.08,0.185,0.963,Heavy congestion detected - signal timing extended and reroute suggested
EVT451202,2025-11-29 19:08:04,Local Market Day,J020,Malleshwaram Circle,5880,Weekend,False,Clear,False,0.0,False,False,0.772,Severe,17.5,50.4,401.5,0.242,0.56,0.95,Heavy congestion detected - signal timing extended and reroute suggested
EVT451203,2025-02-06 16:27:07,Concert,J020,Malleshwaram Circle,9849,Weekday,False,Clear,False,0.0,False,False,0.545,Moderate,24.7,41.3,200.0,0.139,0.322,0.967,Moderate traffic flow - standard adaptive signal timing in effect
EVT451204,2025-02-14 20:52:55,Sports Fixture,J030,MG Road,17446,Weekday,False,Clear,False,0.0,False,False,0.527,Moderate,22.9,35.5,144.2,0.103,0.238,0.964,Moderate traffic flow - standard adaptive signal timing in effect
EVT451205,2026-05-10 15:47:45,Local Market Day,J009,Majestic,4672,Weekend,False,Clear,False,0.0,False,False,0.369,Moderate,33.0,24.7,132.5,0.127,0.293,0.969,Moderate traffic flow - standard adaptive signal timing in effect
EVT451206,2025-02-07 17:24:46,Sports Fixture,J023,Basavanagudi,18753,Weekday,False,Clear,False,0.0,False,False,0.999,Severe,8.5,68.0,384.5,0.139,0.321,0.939,Heavy congestion detected - signal timing extended and reroute suggested
EVT451207,2025-01-26 12:26:39,Religious Festival,J011,Indiranagar 100ft Road,26910,Weekend,True,Clear,False,0.0,False,False,0.628,High,20.3,44.9,261.9,0.181,0.418,0.921,Festival crowd surge detected - alternate route and extended cycle recommended
EVT451208,2026-03-24 16:57:03,Trade Fair,J040,City Market,8278,Weekday,False,Clear,False,0.0,False,False,0.775,Severe,15.7,54.1,368.3,0.213,0.492,0.951,Heavy congestion detected - signal timing extended and reroute suggested
EVT451209,2025-07-27 14:04:25,Local Market Day,J012,Koramangala Sony World,3410,Weekend,False,Clear,False,0.0,False,False,0.197,Low,35.7,3.2,179.5,0.164,0.379,0.96,Normal free-flow traffic - standard signal timing maintained
EVT451210,2025-12-14 08:02:48,Concert,J009,Majestic,15922,Weekend,False,Clear,False,0.0,False,False,0.836,Severe,13.6,57.3,570.1,0.278,0.642,0.979,Heavy congestion detected - signal timing extended and reroute suggested
EVT451211,2026-03-10 19:12:11,Local Market Day,J030,MG Road,4171,Weekday,False,Clear,False,0.0,False,False,0.942,Severe,10.9,71.3,301.3,0.129,0.299,0.938,Heavy congestion detected - signal timing extended and reroute suggested
EVT451212,2025-09-22 17:52:46,Local Market Day,J020,Malleshwaram Circle,3292,Weekday,False,Rain,True,10.8,False,False,1.0,Severe,8.0,68.1,717.1,0.229,0.528,0.858,Heavy rain reducing visibility and grip - reduced speed and longer buffer advised
EVT451213,2025-01-19 13:48:59,Political Rally,J012,Koramangala Sony World,12369,Weekend,False,Clear,False,0.0,False,False,0.123,Low,41.1,9.6,89.4,0.082,0.189,0.973,Normal free-flow traffic - standard signal timing maintained
EVT451214,2025-02-23 17:31:01,Concert,J020,Malleshwaram Circle,12646,Weekend,False,Clear,False,0.0,False,False,0.836,Severe,16.8,58.3,290.0,0.171,0.396,0.947,Heavy congestion detected - signal timing extended and reroute suggested
EVT451215,2025-08-31 17:40:40,Trade Fair,J011,Indiranagar 100ft Road,8584,Weekend,False,Heavy Rain,True,52.3,False,False,1.0,Severe,8.3,71.2,677.4,0.202,0.467,0.875,Heavy rain reducing visibility and grip - reduced speed and longer buffer advised
EVT451216,2026-04-24 21:10:36,Concert,J023,Basavanagudi,12399,Weekday,False,Light Rain,True,1.0,False,False,0.538,Moderate,21.0,37.4,148.1,0.088,0.203,0.898,Light rain detected - minor speed reduction advised
EVT451217,2026-01-13 14:14:38,Concert,J031,Cubbon Road,10974,Weekday,False,Clear,False,0.0,False,False,0.338,Low,34.6,25.2,63.9,0.054,0.126,0.99,Moderate traffic flow - standard adaptive signal timing in effect
EVT451218,2025-04-22 21:12:54,Concert,J040,City Market,12186,Weekday,False,Light Rain,True,4.4,False,False,0.42,Moderate,26.9,29.0,279.1,0.218,0.502,0.91,Light rain detected - minor speed reduction advised
EVT451219,2025-08-11 21:53:12,Local Market Day,J031,Cubbon Road,4097,Weekday,False,Heavy Rain,True,70.2,False,False,0.572,High,19.1,40.5,210.3,0.125,0.289,0.906,Heavy rain reducing visibility and grip - reduced speed and longer buffer advised
EVT451220,2025-05-05 13:00:32,Concert,J040,City Market,14035,Weekday,False,Fog,False,0.0,False,False,0.265,Low,37.8,22.5,141.9,0.146,0.338,0.959,Moderate traffic flow - standard adaptive signal timing in effect
EVT451221,2025-02-25 14:01:36,Sports Fixture,J011,Indiranagar 100ft Road,23273,Weekday,False,Clear,False,0.0,False,False,0.311,Low,34.4,23.1,157.2,0.136,0.314,0.964,Moderate traffic flow - standard adaptive signal timing in effect
EVT451222,2025-10-05 09:08:05,Local Market Day,J031,Cubbon Road,6081,Weekend,False,Clear,False,0.0,False,False,0.856,Severe,12.1,63.0,454.8,0.207,0.479,0.952,Heavy congestion detected - signal timing extended and reroute suggested
EVT451223,2026-03-30 01:07:09,Local Market Day,J012,Koramangala Sony World,2903,Weekday,False,Clear,False,0.0,False,False,0.154,Low,42.0,7.3,102.0,0.115,0.265,0.965,Normal free-flow traffic - standard signal timing maintained
EVT451224,2025-12-13 13:32:20,Trade Fair,J012,Koramangala Sony World,9698,Weekend,False,Clear,False,0.0,False,False,0.302,Low,25.8,19.4,179.8,0.144,0.333,0.97,Moderate traffic flow - standard adaptive signal timing in effect
EVT451225,2026-06-18 21:25:07,Concert,J009,Majestic,23507,Weekday,False,Clear,False,0.0,False,False,0.487,Moderate,26.2,34.1,152.6,0.091,0.211,0.977,Moderate traffic flow - standard adaptive signal timing in effect
EVT451226,2025-04-19 21:00:12,Local Market Day,J011,Indiranagar 100ft Road,4191,Weekend,False,Clear,False,0.0,False,False,0.436,Moderate,21.5,31.7,238.9,0.138,0.319,0.951,Moderate traffic flow - standard adaptive signal timing in effect
EVT451227,2025-04-19 14:08:07,Sports Fixture,J030,MG Road,17272,Weekend,False,Clear,False,0.0,False,False,0.357,Moderate,23.2,29.1,150.9,0.099,0.228,0.949,Moderate traffic flow - standard adaptive signal timing in effect
EVT451228,2025-10-16 06:37:10,Local Market Day,J012,Koramangala Sony World,4483,Weekday,False,Clear,False,0.0,False,False,0.29,Low,26.4,15.0,148.2,0.102,0.236,0.953,Moderate traffic flow - standard adaptive signal timing in effect
EVT451229,2026-06-27 06:52:02,Local Market Day,J031,Cubbon Road,3320,Weekend,False,Rain,True,10.1,False,False,0.544,Moderate,26.1,42.4,186.0,0.144,0.333,0.911,Light rain detected - minor speed reduction advised
EVT451230,2025-01-27 09:02:17,Religious Festival,J012,Koramangala Sony World,38543,Weekday,True,Clear,False,0.0,False,False,1.0,Severe,7.9,68.7,530.3,0.179,0.414,0.868,Festival crowd surge detected - alternate route and extended cycle recommended
EVT451231,2025-01-27 22:46:22,Cultural Procession,J012,Koramangala Sony World,20701,Weekday,True,Clear,False,0.0,False,True,0.699,Moderate,19.4,65.4,181.1,0.108,0.25,0.896,Road closure for event/procession - full detour recommended for through-traffic
EVT451232,2026-01-19 06:36:39,Local Market Day,J020,Malleshwaram Circle,3048,Weekday,False,Clear,False,0.0,False,False,0.276,Low,33.0,15.4,173.9,0.149,0.343,0.934,Moderate traffic flow - standard adaptive signal timing in effect
EVT451233,2025-05-07 10:15:52,Trade Fair,J011,Indiranagar 100ft Road,18355,Weekday,False,Rain,True,21.0,False,False,1.0,Severe,7.6,70.2,298.6,0.122,0.282,0.858,Heavy rain reducing visibility and grip - reduced speed and longer buffer advised
EVT451234,2026-05-07 08:51:38,Local Market Day,J040,City Market,4859,Weekday,False,Clear,False,0.0,False,False,1.0,Severe,7.5,71.3,730.8,0.24,0.555,0.917,Heavy congestion detected - signal timing extended and reroute suggested
EVT451235,2026-04-07 19:14:06,Concert,J020,Malleshwaram Circle,13716,Weekday,False,Clear,False,0.0,False,False,1.0,Severe,7.6,69.4,567.9,0.162,0.375,0.956,Heavy congestion detected - signal timing extended and reroute suggested
EVT451236,2025-12-27 01:54:37,Local Market Day,J011,Indiranagar 100ft Road,7467,Weekend,False,Clear,False,0.0,False,False,0.33,Low,25.5,21.9,90.8,0.05,0.115,0.964,Moderate traffic flow - standard adaptive signal timing in effect
EVT451237,2026-03-30 16:37:48,Sports Fixture,J023,Basavanagudi,25287,Weekday,False,Clear,False,0.0,False,False,0.713,High,21.2,44.9,327.5,0.212,0.489,0.972,Moderate traffic flow - standard adaptive signal timing in effect
EVT451238,2026-05-28 10:56:43,Political Rally,J009,Majestic,9217,Weekday,False,Clear,False,0.0,False,False,0.493,Moderate,27.0,38.6,141.2,0.101,0.233,0.957,Moderate traffic flow - standard adaptive signal timing in effect
EVT451239,2026-05-23 17:08:36,Sports Fixture,J040,City Market,32629,Weekend,False,Clear,False,0.0,False,False,0.843,Severe,14.7,67.1,210.0,0.102,0.236,0.975,Heavy congestion detected - signal timing extended and reroute suggested
EVT451240,2025-11-28 19:55:33,Sports Fixture,J031,Cubbon Road,21151,Weekday,False,Clear,False,0.0,False,False,0.855,Severe,13.3,65.2,486.7,0.241,0.556,0.951,Heavy congestion detected - signal timing extended and reroute suggested
EVT451241,2026-04-19 14:09:03,Sports Fixture,J011,Indiranagar 100ft Road,25129,Weekend,False,Clear,False,0.0,False,False,0.421,Moderate,28.2,33.4,130.0,0.112,0.26,0.963,Moderate traffic flow - standard adaptive signal timing in effect
EVT451242,2025-12-08 16:45:29,Sports Fixture,J020,Malleshwaram Circle,17224,Weekday,False,Clear,False,0.0,False,False,0.795,Severe,14.3,57.3,288.4,0.142,0.329,0.95,Heavy congestion detected - signal timing extended and reroute suggested
EVT451243,2026-04-02 14:06:23,Concert,J009,Majestic,11831,Weekday,False,Clear,False,0.0,False,False,0.148,Low,27.6,6.8,168.4,0.098,0.225,0.975,Normal free-flow traffic - standard signal timing maintained
EVT451244,2025-05-27 16:25:40,Concert,J031,Cubbon Road,19214,Weekday,False,Clear,False,0.0,False,False,0.605,High,21.0,45.5,197.8,0.137,0.316,0.958,Moderate traffic flow - standard adaptive signal timing in effect
EVT451245,2026-04-10 19:56:42,Political Rally,J020,Malleshwaram Circle,17163,Weekday,False,Clear,False,0.0,False,False,0.81,Severe,17.6,60.6,314.5,0.197,0.455,0.951,Heavy congestion detected - signal timing extended and reroute suggested
EVT451246,2025-06-16 22:17:26,Concert,J012,Koramangala Sony World,32284,Weekday,False,Clear,False,0.0,False,False,0.325,Low,27.9,25.6,125.0,0.101,0.233,0.937,Moderate traffic flow - standard adaptive signal timing in effect
EVT451247,2025-11-25 17:41:03,Concert,J012,Koramangala Sony World,12894,Weekday,False,Clear,False,0.0,False,False,0.974,Severe,8.3,68.3,664.8,0.205,0.473,0.901,Heavy congestion detected - signal timing extended and reroute suggested
EVT451248,2025-04-16 16:46:31,Trade Fair,J020,Malleshwaram Circle,12388,Weekday,False,Clear,False,0.0,False,False,0.687,High,16.9,47.3,288.2,0.169,0.391,0.964,Moderate traffic flow - standard adaptive signal timing in effect
EVT451249,2026-05-12 11:48:20,Concert,J011,Indiranagar 100ft Road,7534,Weekday,False,Clear,False,0.0,False,False,0.344,Low,24.0,20.1,183.3,0.122,0.283,0.974,Moderate traffic flow - standard adaptive signal timing in effect
EVT451250,2025-01-20 10:32:08,Trade Fair,J040,City Market,11380,Weekday,False,Clear,False,0.0,False,False,0.578,High,18.8,43.7,346.1,0.217,0.502,0.963,Moderate traffic flow - standard adaptive signal timing in effect
EVT451251,2026-03-25 19:49:22,Concert,J009,Majestic,13441,Weekday,False,Clear,False,0.0,False,False,0.707,High,17.1,48.6,229.0,0.138,0.319,0.971,Moderate traffic flow - standard adaptive signal timing in effect
EVT451252,2025-01-23 09:34:54,Concert,J031,Cubbon Road,7066,Weekday,False,Clear,False,0.0,False,False,0.985,Severe,9.0,70.3,319.4,0.11,0.255,0.96,Heavy congestion detected - signal timing extended and reroute suggested
EVT451253,2026-04-29 12:19:41,Sports Fixture,J009,Majestic,23475,Weekday,False,Clear,False,0.0,False,False,0.363,Moderate,29.6,29.9,230.0,0.18,0.417,0.956,Moderate traffic flow - standard adaptive signal timing in effect
EVT451254,2025-09-12 18:09:32,Local Market Day,J012,Koramangala Sony World,2322,Weekday,False,Clear,False,0.0,False,False,1.0,Severe,7.7,70.7,475.7,0.163,0.376,0.892,Heavy congestion detected - signal timing extended and reroute suggested
EVT451255,2026-01-26 18:55:47,Religious Festival,J031,Cubbon Road,63664,Weekday,True,Fog,False,0.0,False,True,1.0,Severe,8.8,101.5,397.3,0.172,0.397,0.835,Road closure for event/procession - full detour recommended for through-traffic
EVT451256,2025-09-10 18:24:16,Trade Fair,J031,Cubbon Road,7257,Weekday,False,Clear,False,0.0,False,False,0.982,Severe,8.5,67.6,740.1,0.269,0.622,0.921,Heavy congestion detected - signal timing extended and reroute suggested
EVT451257,2025-03-29 16:46:54,Concert,J020,Malleshwaram Circle,6363,Weekend,False,Clear,False,0.0,False,False,0.581,High,22.0,46.6,328.2,0.223,0.515,0.951,Moderate traffic flow - standard adaptive signal timing in effect
EVT451258,2026-06-21 16:44:19,Concert,J023,Basavanagudi,9366,Weekend,False,Heavy Rain,True,31.4,False,False,0.906,Severe,11.5,61.1,492.5,0.204,0.472,0.891,Heavy rain reducing visibility and grip - reduced speed and longer buffer advised
EVT451259,2026-02-04 21:06:54,Trade Fair,J011,Indiranagar 100ft Road,8379,Weekday,False,Clear,False,0.0,False,False,0.406,Moderate,24.7,27.8,80.1,0.049,0.114,0.973,Moderate traffic flow - standard adaptive signal timing in effect
EVT451260,2025-11-25 07:44:44,Trade Fair,J009,Majestic,6974,Weekday,False,Rain,True,13.8,False,False,0.915,Severe,11.3,60.7,413.8,0.19,0.44,0.837,Heavy rain reducing visibility and grip - reduced speed and longer buffer advised
EVT451261,2025-04-28 09:02:13,Trade Fair,J040,City Market,8498,Weekday,False,Clear,False,0.0,False,False,1.0,Severe,9.5,75.1,765.5,0.309,0.713,0.919,Heavy congestion detected - signal timing extended and reroute suggested
EVT451262,2025-11-02 21:56:22,Religious Festival,J012,Koramangala Sony World,37595,Weekend,True,Clear,False,0.0,False,True,0.853,High,12.7,90.5,307.3,0.155,0.359,0.876,Road closure for event/procession - full detour recommended for through-traffic
EVT451263,2025-04-30 13:31:21,Trade Fair,J009,Majestic,9857,Weekday,False,Clear,False,0.0,False,False,0.26,Low,32.0,16.5,113.4,0.118,0.273,0.961,Moderate traffic flow - standard adaptive signal timing in effect
EVT451264,2025-02-08 15:40:34,Trade Fair,J012,Koramangala Sony World,11115,Weekend,False,Clear,False,0.0,False,False,0.379,Moderate,27.5,26.8,155.5,0.142,0.327,0.962,Moderate traffic flow - standard adaptive signal timing in effect
EVT451265,2025-03-05 08:40:03,Political Rally,J020,Malleshwaram Circle,12321,Weekday,False,Fog,False,0.0,False,False,1.0,Severe,9.6,71.1,540.6,0.215,0.496,0.914,Heavy congestion detected - signal timing extended and reroute suggested
EVT451266,2026-05-02 17:05:53,Fireworks Display,J009,Majestic,29943,Weekend,True,Heavy Rain,True,46.8,False,False,1.0,Severe,7.8,72.2,362.8,0.128,0.296,0.804,Festival crowd surge detected - alternate route and extended cycle recommended
EVT451267,2025-10-18 07:11:33,Local Market Day,J030,MG Road,3948,Weekend,False,Clear,False,0.0,False,False,0.47,Moderate,23.2,29.9,175.2,0.09,0.207,0.97,Moderate traffic flow - standard adaptive signal timing in effect
EVT451268,2025-01-20 12:25:24,Political Rally,J011,Indiranagar 100ft Road,20980,Weekday,False,Clear,False,0.0,False,False,0.299,Low,30.8,18.1,86.0,0.074,0.171,0.956,Moderate traffic flow - standard adaptive signal timing in effect
EVT451269,2026-01-17 16:15:31,Political Rally,J011,Indiranagar 100ft Road,14236,Weekend,False,Clear,False,0.0,False,False,0.52,Moderate,24.9,41.5,136.3,0.123,0.284,0.942,Moderate traffic flow - standard adaptive signal timing in effect
EVT451270,2025-02-26 09:13:55,Local Market Day,J009,Majestic,4775,Weekday,False,Clear,False,0.0,False,False,1.0,Severe,7.7,69.6,987.8,0.307,0.709,0.914,Heavy congestion detected - signal timing extended and reroute suggested
EVT451271,2026-04-10 05:40:17,Trade Fair,J031,Cubbon Road,7987,Weekday,False,Clear,False,0.0,False,False,0.157,Low,35.7,10.7,88.9,0.067,0.155,0.974,Normal free-flow traffic - standard signal timing maintained
EVT451272,2026-05-09 10:09:05,Local Market Day,J030,MG Road,6234,Weekend,False,Clear,False,0.0,False,False,0.681,High,22.7,46.1,251.6,0.183,0.422,0.979,Moderate traffic flow - standard adaptive signal timing in effect
EVT451273,2025-09-24 21:50:44,Local Market Day,J012,Koramangala Sony World,4984,Weekday,False,Clear,False,0.0,False,False,0.294,Low,31.1,21.7,192.2,0.137,0.317,0.968,Moderate traffic flow - standard adaptive signal timing in effect
EVT451274,2025-08-26 09:37:30,Local Market Day,J023,Basavanagudi,5178,Weekday,False,Heavy Rain,True,39.7,False,False,1.0,Severe,8.1,75.4,574.7,0.189,0.436,0.847,Heavy rain reducing visibility and grip - reduced speed and longer buffer advised
EVT451275,2025-02-05 21:44:01,Concert,J031,Cubbon Road,13234,Weekday,False,Clear,False,0.0,False,False,0.409,Moderate,32.6,27.2,119.9,0.124,0.287,0.958,Moderate traffic flow - standard adaptive signal timing in effect
EVT451276,2026-06-27 06:17:55,Political Rally,J020,Malleshwaram Circle,11604,Weekend,False,Fog,False,0.0,False,False,0.39,Moderate,24.8,25.4,192.7,0.137,0.315,0.946,Moderate traffic flow - standard adaptive signal timing in effect
EVT451277,2026-01-22 07:16:04,Concert,J031,Cubbon Road,11430,Weekday,False,Clear,False,0.0,False,False,0.554,High,22.1,37.2,145.5,0.09,0.207,0.951,Moderate traffic flow - standard adaptive signal timing in effect
EVT451278,2025-10-14 05:49:42,Trade Fair,J009,Majestic,13079,Weekday,False,Clear,False,0.0,False,False,0.18,Low,34.7,15.6,169.1,0.132,0.304,0.957,Normal free-flow traffic - standard signal timing maintained
EVT451279,2025-08-02 16:26:20,Concert,J012,Koramangala Sony World,16589,Weekend,False,Clear,False,0.0,False,False,0.594,High,25.6,42.7,171.5,0.129,0.299,0.973,Moderate traffic flow - standard adaptive signal timing in effect
EVT451280,2025-08-05 16:19:03,Concert,J011,Indiranagar 100ft Road,8829,Weekday,False,Clear,False,0.0,False,False,0.506,Moderate,26.7,33.0,173.7,0.126,0.291,0.974,Moderate traffic flow - standard adaptive signal timing in effect
EVT451281,2025-11-22 16:42:52,Concert,J030,MG Road,14959,Weekend,False,Clear,False,0.0,False,False,0.642,High,19.8,46.3,237.1,0.168,0.388,0.985,Moderate traffic flow - standard adaptive signal timing in effect
EVT451282,2026-05-15 19:03:52,Local Market Day,J011,Indiranagar 100ft Road,2925,Weekday,False,Clear,False,0.0,False,False,0.883,Severe,11.1,55.7,305.1,0.135,0.312,0.929,Heavy congestion detected - signal timing extended and reroute suggested
EVT451283,2025-07-06 10:40:50,Sports Fixture,J011,Indiranagar 100ft Road,20745,Weekend,False,Heavy Rain,True,56.2,False,False,1.0,Severe,8.4,77.5,461.9,0.161,0.372,0.876,Heavy rain reducing visibility and grip - reduced speed and longer buffer advised
EVT451284,2025-05-19 15:26:21,Political Rally,J009,Majestic,20914,Weekday,False,Clear,False,0.0,False,False,0.429,Moderate,27.3,25.1,220.8,0.17,0.392,0.944,Moderate traffic flow - standard adaptive signal timing in effect
EVT451285,2025-02-11 06:23:50,Concert,J020,Malleshwaram Circle,19914,Weekday,False,Clear,False,0.0,False,False,0.427,Moderate,23.6,26.3,253.6,0.179,0.414,0.97,Moderate traffic flow - standard adaptive signal timing in effect
EVT451286,2025-03-14 21:09:31,Fireworks Display,J011,Indiranagar 100ft Road,13480,Weekday,True,Clear,False,0.0,False,False,0.719,High,18.6,47.0,233.4,0.152,0.351,0.912,Festival crowd surge detected - alternate route and extended cycle recommended
EVT451287,2025-08-06 17:17:26,Local Market Day,J011,Indiranagar 100ft Road,13898,Weekday,False,Clear,False,0.0,False,False,0.818,Severe,17.0,61.4,306.6,0.183,0.423,0.964,Heavy congestion detected - signal timing extended and reroute suggested
EVT451288,2026-04-29 07:44:05,Concert,J012,Koramangala Sony World,9387,Weekday,False,Clear,False,0.0,False,False,0.85,Severe,15.1,63.5,171.0,0.096,0.221,0.947,Heavy congestion detected - signal timing extended and reroute suggested
EVT451289,2025-02-19 16:35:56,Concert,J030,MG Road,7947,Weekday,False,Clear,False,0.0,False,False,0.618,High,23.9,45.5,175.4,0.116,0.267,0.941,Moderate traffic flow - standard adaptive signal timing in effect
EVT451290,2025-05-25 09:02:39,Concert,J009,Majestic,10418,Weekend,False,Clear,False,0.0,False,False,0.896,Severe,11.3,66.7,416.2,0.181,0.417,0.915,Heavy congestion detected - signal timing extended and reroute suggested
EVT451291,2025-06-02 09:03:07,Political Rally,J023,Basavanagudi,25644,Weekday,False,Clear,False,0.0,False,False,1.0,Severe,9.6,73.6,590.6,0.208,0.48,0.888,Heavy congestion detected - signal timing extended and reroute suggested
EVT451292,2025-12-19 11:36:36,Political Rally,J020,Malleshwaram Circle,14357,Weekday,False,Clear,False,0.0,False,False,0.324,Low,30.5,20.1,214.6,0.18,0.417,0.966,Moderate traffic flow - standard adaptive signal timing in effect
EVT451293,2025-08-29 18:30:27,Local Market Day,J020,Malleshwaram Circle,6427,Weekday,False,Rain,True,21.6,False,False,1.0,Severe,8.3,71.3,656.2,0.228,0.526,0.841,Heavy rain reducing visibility and grip - reduced speed and longer buffer advised
EVT451294,2025-12-26 17:37:21,Religious Festival,J011,Indiranagar 100ft Road,74411,Weekday,True,Clear,False,0.0,False,True,1.0,Severe,7.3,103.0,734.6,0.211,0.486,0.851,Road closure for event/procession - full detour recommended for through-traffic
EVT451295,2026-06-21 05:35:10,Trade Fair,J012,Koramangala Sony World,10041,Weekend,False,Clear,False,0.0,False,False,0.301,Low,26.9,24.6,142.5,0.086,0.199,0.967,Moderate traffic flow - standard adaptive signal timing in effect
EVT451296,2025-05-15 06:30:46,Trade Fair,J012,Koramangala Sony World,3693,Weekday,False,Clear,False,0.0,False,False,0.357,Moderate,31.5,23.0,167.7,0.141,0.326,0.954,Moderate traffic flow - standard adaptive signal timing in effect
EVT451297,2026-05-05 17:39:46,Concert,J011,Indiranagar 100ft Road,8006,Weekday,False,Clear,False,0.0,False,False,0.965,Severe,10.4,68.3,437.3,0.167,0.386,0.936,Heavy congestion detected - signal timing extended and reroute suggested
EVT451298,2025-01-07 20:10:54,Sports Fixture,J040,City Market,9573,Weekday,False,Clear,False,0.0,False,False,0.63,High,17.5,44.7,227.0,0.122,0.281,0.97,Moderate traffic flow - standard adaptive signal timing in effect
EVT451299,2025-04-26 16:14:43,Trade Fair,J030,MG Road,7914,Weekend,False,Rain,True,9.2,False,False,0.707,High,15.7,45.6,294.2,0.146,0.338,0.937,Heavy rain reducing visibility and grip - reduced speed and longer buffer advised
EVT451300,2025-08-14 19:44:03,Sports Fixture,J011,Indiranagar 100ft Road,16388,Weekday,False,Clear,False,0.0,False,False,0.801,Severe,13.2,59.6,446.7,0.207,0.478,0.969,Heavy congestion detected - signal timing extended and reroute suggested
EVT451301,2025-08-18 04:29:20,Concert,J040,City Market,11903,Weekday,False,Rain,True,16.7,False,False,0.411,Moderate,25.1,28.2,228.6,0.156,0.359,0.926,Light rain detected - minor speed reduction advised
EVT451302,2026-01-21 06:59:19,Concert,J009,Majestic,18634,Weekday,False,Clear,False,0.0,False,False,0.533,Moderate,27.9,34.7,162.9,0.112,0.258,0.961,Moderate traffic flow - standard adaptive signal timing in effect
EVT451303,2026-04-08 18:13:04,Trade Fair,J031,Cubbon Road,10741,Weekday,False,Clear,False,0.0,False,False,0.958,Severe,9.2,66.3,426.7,0.144,0.332,0.937,Heavy congestion detected - signal timing extended and reroute suggested
EVT451304,2025-12-31 12:17:38,Local Market Day,J031,Cubbon Road,4029,Weekday,False,Clear,False,0.0,False,False,0.246,Low,26.0,14.5,185.8,0.12,0.276,0.96,Normal free-flow traffic - standard signal timing maintained
EVT451305,2025-11-02 18:13:02,Religious Festival,J023,Basavanagudi,46538,Weekend,True,Clear,False,0.0,False,True,1.0,Severe,6.9,91.4,749.6,0.23,0.532,0.828,Road closure for event/procession - full detour recommended for through-traffic
EVT451306,2025-05-02 18:09:41,Religious Festival,J031,Cubbon Road,36684,Weekday,True,Clear,False,0.0,False,True,1.0,Severe,10.5,101.5,427.2,0.176,0.407,0.823,Road closure for event/procession - full detour recommended for through-traffic
EVT451307,2025-11-08 13:20:11,Local Market Day,J009,Majestic,2500,Weekend,False,Clear,False,0.0,False,False,0.171,Low,31.7,11.1,147.3,0.125,0.289,0.966,Normal free-flow traffic - standard signal timing maintained
EVT451308,2025-01-25 07:50:14,Concert,J020,Malleshwaram Circle,7238,Weekend,False,Clear,False,0.0,False,False,0.678,High,19.8,55.5,231.3,0.143,0.331,0.962,Moderate traffic flow - standard adaptive signal timing in effect
EVT451309,2025-09-30 09:43:33,Local Market Day,J023,Basavanagudi,5200,Weekday,False,Clear,False,0.0,False,False,0.852,Severe,12.8,60.7,326.3,0.18,0.416,0.965,Heavy congestion detected - signal timing extended and reroute suggested
EVT451310,2025-12-06 18:15:48,Concert,J031,Cubbon Road,10609,Weekend,False,Fog,False,0.0,False,False,0.9,Severe,12.2,64.1,581.1,0.263,0.607,0.922,Heavy congestion detected - signal timing extended and reroute suggested
EVT451311,2026-05-08 15:10:38,Trade Fair,J031,Cubbon Road,14053,Weekday,False,Clear,False,0.0,False,False,0.287,Low,27.2,19.3,122.6,0.108,0.249,0.956,Moderate traffic flow - standard adaptive signal timing in effect
EVT451312,2025-07-03 10:25:47,Political Rally,J040,City Market,21834,Weekday,False,Clear,False,0.0,False,False,0.758,Severe,12.4,48.3,307.2,0.125,0.289,0.969,Heavy congestion detected - signal timing extended and reroute suggested
EVT451313,2026-03-08 14:10:16,Sports Fixture,J011,Indiranagar 100ft Road,32411,Weekend,False,Clear,False,0.0,False,False,0.381,Moderate,28.5,30.7,179.2,0.147,0.34,0.972,Moderate traffic flow - standard adaptive signal timing in effect
EVT451314,2025-04-19 17:42:01,Trade Fair,J020,Malleshwaram Circle,9913,Weekend,False,Clear,False,0.0,False,False,0.838,Severe,18.3,62.2,236.6,0.154,0.356,0.902,Heavy congestion detected - signal timing extended and reroute suggested
EVT451315,2025-02-22 17:53:43,Local Market Day,J011,Indiranagar 100ft Road,4094,Weekend,False,Clear,False,0.0,False,False,0.888,Severe,14.7,64.2,235.8,0.136,0.314,0.929,Heavy congestion detected - signal timing extended and reroute suggested
EVT451316,2025-06-20 14:56:48,Concert,J009,Majestic,11276,Weekday,False,Rain,True,14.7,False,False,0.479,Moderate,21.9,31.9,151.4,0.096,0.223,0.886,Light rain detected - minor speed reduction advised
EVT451317,2026-04-04 18:56:08,Sports Fixture,J031,Cubbon Road,19996,Weekend,False,Clear,False,0.0,False,False,0.905,Severe,9.7,58.9,501.0,0.192,0.443,0.924,Heavy congestion detected - signal timing extended and reroute suggested
EVT451318,2026-04-27 15:13:13,Local Market Day,J031,Cubbon Road,3972,Weekday,False,Clear,False,0.0,False,False,0.302,Low,43.2,24.1,96.5,0.11,0.254,0.975,Moderate traffic flow - standard adaptive signal timing in effect
EVT451319,2026-02-13 18:13:49,Political Rally,J030,MG Road,12866,Weekday,False,Clear,False,0.0,False,False,1.0,Severe,10.2,73.2,794.4,0.323,0.747,0.905,Heavy congestion detected - signal timing extended and reroute suggested
EVT451320,2026-03-21 10:06:46,Sports Fixture,J040,City Market,34536,Weekend,False,Clear,False,0.0,False,False,0.898,Severe,9.6,63.6,530.0,0.222,0.512,0.963,Heavy congestion detected - signal timing extended and reroute suggested
EVT451321,2026-03-05 14:20:58,Cultural Procession,J040,City Market,12402,Weekday,True,Clear,False,0.0,False,True,0.631,Moderate,24.4,62.6,295.6,0.229,0.53,0.854,Road closure for event/procession - full detour recommended for through-traffic
EVT451322,2026-02-07 16:34:41,Concert,J011,Indiranagar 100ft Road,7388,Weekend,False,Clear,False,0.0,False,False,0.624,High,21.0,48.5,238.4,0.171,0.395,0.955,Moderate traffic flow - standard adaptive signal timing in effect
EVT451323,2026-01-08 15:21:22,Sports Fixture,J040,City Market,14120,Weekday,False,Clear,False,0.0,False,False,0.288,Low,25.0,18.8,232.4,0.167,0.387,0.987,Moderate traffic flow - standard adaptive signal timing in effect
EVT451324,2026-04-28 12:10:37,Local Market Day,J030,MG Road,3376,Weekday,False,Clear,False,0.0,False,False,0.197,Low,33.1,14.1,164.1,0.138,0.318,0.956,Normal free-flow traffic - standard signal timing maintained
EVT451325,2025-04-27 16:28:40,Local Market Day,J030,MG Road,3397,Weekend,False,Clear,False,0.0,False,False,0.466,Moderate,19.2,34.6,322.3,0.207,0.479,0.951,Moderate traffic flow - standard adaptive signal timing in effect
EVT451326,2025-01-17 20:44:09,Sports Fixture,J012,Koramangala Sony World,12065,Weekday,False,Clear,False,0.0,False,False,0.459,Moderate,27.1,31.7,224.9,0.161,0.371,0.963,Moderate traffic flow - standard adaptive signal timing in effect
EVT451327,2025-01-14 18:22:57,Religious Festival,J009,Majestic,34088,Weekday,True,Light Rain,True,0.3,False,True,1.0,Severe,6.4,98.6,1133.7,0.29,0.67,0.777,Road closure for event/procession - full detour recommended for through-traffic
EVT451328,2025-07-06 13:11:14,Political Rally,J031,Cubbon Road,15274,Weekend,False,Rain,True,17.6,False,False,0.596,High,18.0,47.4,324.6,0.185,0.427,0.908,Heavy rain reducing visibility and grip - reduced speed and longer buffer advised
EVT451329,2025-02-17 18:37:27,Local Market Day,J023,Basavanagudi,3293,Weekday,False,Clear,False,0.0,False,False,1.0,Severe,7.2,73.8,1001.7,0.291,0.672,0.949,Heavy congestion detected - signal timing extended and reroute suggested
EVT451330,2025-05-03 11:25:14,Local Market Day,J011,Indiranagar 100ft Road,3294,Weekend,False,Rain,True,23.6,False,False,0.715,High,15.2,53.9,522.1,0.249,0.575,0.912,Heavy rain reducing visibility and grip - reduced speed and longer buffer advised
EVT451331,2026-05-26 14:20:17,Sports Fixture,J012,Koramangala Sony World,24407,Weekday,False,Clear,False,0.0,False,False,0.321,Low,28.7,23.0,127.1,0.091,0.211,0.979,Moderate traffic flow - standard adaptive signal timing in effect
EVT451332,2025-11-08 15:35:53,Concert,J040,City Market,7469,Weekend,False,Clear,False,0.0,False,False,0.401,Moderate,31.9,28.3,197.9,0.165,0.381,0.983,Moderate traffic flow - standard adaptive signal timing in effect
EVT451333,2026-02-20 13:25:05,Concert,J020,Malleshwaram Circle,12158,Weekday,False,Clear,False,0.0,False,False,0.25,Low,34.2,14.2,52.5,0.031,0.072,0.966,Normal free-flow traffic - standard signal timing maintained
EVT451334,2025-11-06 07:40:42,Local Market Day,J020,Malleshwaram Circle,2256,Weekday,False,Clear,False,0.0,False,False,0.67,High,19.3,45.9,300.2,0.192,0.443,0.987,Moderate traffic flow - standard adaptive signal timing in effect
EVT451335,2026-06-10 10:28:28,Sports Fixture,J023,Basavanagudi,17637,Weekday,False,Clear,False,0.0,False,False,0.688,High,18.7,50.3,164.3,0.117,0.27,0.978,Moderate traffic flow - standard adaptive signal timing in effect
EVT451336,2025-10-18 18:53:50,Trade Fair,J030,MG Road,7524,Weekend,False,Clear,False,0.0,False,False,0.843,Severe,15.7,62.0,350.3,0.194,0.448,0.952,Heavy congestion detected - signal timing extended and reroute suggested
EVT451337,2025-12-06 09:13:38,Political Rally,J011,Indiranagar 100ft Road,12770,Weekend,False,Clear,False,0.0,False,False,0.857,Severe,15.0,69.6,351.9,0.203,0.469,0.933,Heavy congestion detected - signal timing extended and reroute suggested
EVT451338,2026-03-18 14:31:02,Local Market Day,J031,Cubbon Road,3513,Weekday,False,Clear,False,0.0,False,False,0.221,Low,32.4,16.6,118.9,0.104,0.241,0.974,Normal free-flow traffic - standard signal timing maintained
EVT451339,2025-04-04 16:34:09,Trade Fair,J031,Cubbon Road,8115,Weekday,False,Clear,False,0.0,True,False,0.997,Severe,8.8,73.8,606.4,0.239,0.553,0.749,Accident detected nearby - reroute and reduced speed advised
EVT451340,2025-04-11 07:17:01,Sports Fixture,J009,Majestic,20981,Weekday,False,Fog,False,0.0,False,False,0.701,High,19.1,46.6,146.7,0.084,0.194,0.947,Moderate traffic flow - standard adaptive signal timing in effect
EVT451341,2026-06-10 12:13:01,Concert,J023,Basavanagudi,8508,Weekday,False,Rain,True,17.5,False,False,0.464,Moderate,30.9,34.2,141.7,0.118,0.272,0.89,Light rain detected - minor speed reduction advised
EVT451342,2025-04-15 19:49:49,Religious Festival,J020,Malleshwaram Circle,44798,Weekday,True,Clear,False,0.0,False,True,1.0,Severe,6.8,92.1,890.2,0.254,0.586,0.809,Road closure for event/procession - full detour recommended for through-traffic
EVT451343,2025-04-14 09:34:47,Fireworks Display,J040,City Market,14597,Weekday,True,Clear,False,0.0,False,False,1.0,Severe,7.8,69.0,326.1,0.136,0.315,0.851,Festival crowd surge detected - alternate route and extended cycle recommended
EVT451344,2025-06-24 16:47:45,Political Rally,J020,Malleshwaram Circle,11776,Weekday,False,Rain,True,17.3,False,False,0.909,Severe,12.7,64.4,524.2,0.221,0.51,0.899,Heavy rain reducing visibility and grip - reduced speed and longer buffer advised
EVT451345,2026-03-19 18:30:46,Cultural Procession,J023,Basavanagudi,10083,Weekday,True,Clear,False,0.0,False,True,1.0,Severe,6.9,102.1,582.6,0.195,0.45,0.85,Road closure for event/procession - full detour recommended for through-traffic
EVT451346,2025-03-01 05:40:19,Trade Fair,J011,Indiranagar 100ft Road,7440,Weekend,False,Clear,False,0.0,False,False,0.263,Low,32.4,19.8,167.2,0.148,0.341,0.958,Moderate traffic flow - standard adaptive signal timing in effect
EVT451347,2025-09-04 10:02:21,Trade Fair,J009,Majestic,8175,Weekday,False,Fog,False,0.0,False,False,0.834,Severe,13.9,59.5,357.7,0.19,0.439,0.932,Heavy congestion detected - signal timing extended and reroute suggested
EVT451348,2025-12-21 07:52:30,Political Rally,J011,Indiranagar 100ft Road,14739,Weekend,False,Light Rain,True,5.6,False,False,0.821,Severe,14.1,59.3,307.6,0.156,0.361,0.909,Heavy rain reducing visibility and grip - reduced speed and longer buffer advised
EVT451349,2025-02-13 14:20:31,Concert,J031,Cubbon Road,7913,Weekday,False,Clear,False,0.0,False,False,0.196,Low,27.6,13.7,131.2,0.095,0.22,0.953,Normal free-flow traffic - standard signal timing maintained
EVT451350,2026-02-28 08:00:02,Local Market Day,J009,Majestic,2846,Weekend,False,Clear,False,0.0,False,False,0.666,High,19.5,46.7,234.9,0.14,0.323,0.953,Moderate traffic flow - standard adaptive signal timing in effect
EVT451351,2025-06-19 08:35:13,Local Market Day,J023,Basavanagudi,7658,Weekday,False,Heavy Rain,True,40.6,False,False,1.0,Severe,9.6,77.7,492.7,0.198,0.458,0.861,Heavy rain reducing visibility and grip - reduced speed and longer buffer advised
EVT451352,2025-11-08 21:21:01,Trade Fair,J040,City Market,8675,Weekend,False,Clear,False,0.0,False,False,0.486,Moderate,24.0,35.4,192.5,0.126,0.29,0.946,Moderate traffic flow - standard adaptive signal timing in effect
EVT451353,2025-12-03 08:03:44,Sports Fixture,J011,Indiranagar 100ft Road,30628,Weekday,False,Clear,False,0.0,False,False,0.988,Severe,7.7,69.7,657.8,0.204,0.471,0.877,Heavy congestion detected - signal timing extended and reroute suggested
EVT451354,2025-06-09 13:36:02,Concert,J031,Cubbon Road,10918,Weekday,False,Clear,False,0.0,False,False,0.277,Low,29.6,21.9,219.2,0.188,0.433,0.99,Moderate traffic flow - standard adaptive signal timing in effect
EVT451355,2026-03-03 10:17:41,Sports Fixture,J020,Malleshwaram Circle,29772,Weekday,False,Clear,False,0.0,False,False,0.821,Severe,16.0,61.4,372.9,0.207,0.479,0.939,Heavy congestion detected - signal timing extended and reroute suggested
EVT451356,2026-02-13 09:15:22,Political Rally,J030,MG Road,20098,Weekday,False,Clear,False,0.0,False,False,1.0,Severe,9.1,69.3,449.0,0.172,0.398,0.932,Heavy congestion detected - signal timing extended and reroute suggested
EVT451357,2025-11-27 13:37:37,Political Rally,J040,City Market,16502,Weekday,False,Clear,False,0.0,False,False,0.299,Low,27.5,20.7,177.4,0.146,0.337,0.952,Moderate traffic flow - standard adaptive signal timing in effect
EVT451358,2026-04-08 19:08:47,Local Market Day,J020,Malleshwaram Circle,5734,Weekday,False,Clear,False,0.0,False,False,0.954,Severe,10.4,66.0,329.9,0.136,0.314,0.931,Heavy congestion detected - signal timing extended and reroute suggested
EVT451359,2025-09-08 15:00:20,Local Market Day,J011,Indiranagar 100ft Road,4810,Weekday,False,Clear,False,0.0,True,False,0.626,High,18.9,48.1,303.4,0.169,0.39,0.813,Accident detected nearby - reroute and reduced speed advised
EVT451360,2026-03-07 13:49:01,Sports Fixture,J012,Koramangala Sony World,14584,Weekend,False,Clear,False,0.0,False,False,0.377,Moderate,27.8,31.9,230.2,0.174,0.402,0.973,Moderate traffic flow - standard adaptive signal timing in effect
EVT451361,2025-02-27 19:54:26,Concert,J011,Indiranagar 100ft Road,12906,Weekday,False,Clear,False,0.0,False,False,0.75,Severe,19.5,59.5,226.9,0.131,0.302,0.99,Heavy congestion detected - signal timing extended and reroute suggested
EVT451362,2025-05-05 16:58:48,Local Market Day,J023,Basavanagudi,2796,Weekday,False,Clear,False,0.0,False,False,0.659,High,19.3,47.3,177.7,0.114,0.263,0.963,Moderate traffic flow - standard adaptive signal timing in effect
EVT451363,2025-07-25 08:34:14,Local Market Day,J012,Koramangala Sony World,7302,Weekday,False,Fog,False,0.0,False,False,1.0,Severe,7.4,75.4,218.6,0.079,0.182,0.916,Heavy congestion detected - signal timing extended and reroute suggested
EVT451364,2026-06-13 08:04:54,Concert,J012,Koramangala Sony World,8050,Weekend,False,Clear,False,0.0,False,False,0.821,Severe,17.0,54.5,274.2,0.149,0.345,0.952,Heavy congestion detected - signal timing extended and reroute suggested
EVT451365,2026-04-11 05:42:26,Trade Fair,J009,Majestic,8483,Weekend,False,Clear,False,0.0,False,False,0.267,Low,29.1,24.1,291.9,0.225,0.52,0.977,Moderate traffic flow - standard adaptive signal timing in effect
EVT451366,2025-03-25 21:45:07,Local Market Day,J040,City Market,4472,Weekday,False,Clear,False,0.0,False,False,0.344,Low,26.0,32.1,110.9,0.076,0.175,0.99,Moderate traffic flow - standard adaptive signal timing in effect
EVT451367,2025-09-23 12:17:49,Local Market Day,J040,City Market,4610,Weekday,False,Heavy Rain,True,51.9,False,False,0.538,Moderate,25.7,36.9,291.1,0.215,0.496,0.906,Light rain detected - minor speed reduction advised
EVT451368,2026-04-25 09:21:41,Sports Fixture,J030,MG Road,15366,Weekend,False,Clear,False,0.0,False,False,0.911,Severe,12.4,67.1,502.7,0.216,0.499,0.944,Heavy congestion detected - signal timing extended and reroute suggested
EVT451369,2025-07-14 19:26:39,Trade Fair,J031,Cubbon Road,8131,Weekday,False,Clear,False,0.0,False,False,0.853,Severe,15.9,59.5,240.5,0.132,0.305,0.938,Heavy congestion detected - signal timing extended and reroute suggested
EVT451370,2025-03-22 12:27:55,Local Market Day,J012,Koramangala Sony World,5963,Weekend,False,Clear,False,0.0,False,False,0.3,Low,36.7,24.7,57.4,0.047,0.109,0.937,Moderate traffic flow - standard adaptive signal timing in effect
EVT451371,2025-12-21 07:41:23,Local Market Day,J030,MG Road,3872,Weekend,False,Fog,False,0.0,False,False,0.589,High,21.4,47.9,227.8,0.14,0.324,0.986,Moderate traffic flow - standard adaptive signal timing in effect
EVT451372,2025-09-24 18:13:00,Local Market Day,J011,Indiranagar 100ft Road,3528,Weekday,False,Rain,True,13.4,False,False,1.0,Severe,8.4,72.4,467.1,0.162,0.374,0.854,Heavy rain reducing visibility and grip - reduced speed and longer buffer advised
EVT451373,2026-01-11 06:16:53,Sports Fixture,J012,Koramangala Sony World,15252,Weekend,False,Clear,False,0.0,False,False,0.387,Moderate,29.3,22.6,148.5,0.142,0.328,0.962,Moderate traffic flow - standard adaptive signal timing in effect
EVT451374,2025-11-21 18:09:44,Concert,J030,MG Road,13409,Weekday,False,Light Rain,True,5.8,False,False,1.0,Severe,9.6,76.4,554.9,0.221,0.51,0.864,Heavy rain reducing visibility and grip - reduced speed and longer buffer advised
EVT451375,2025-03-06 07:12:21,Political Rally,J031,Cubbon Road,11564,Weekday,False,Clear,False,0.0,False,False,0.537,Moderate,19.3,41.1,227.3,0.145,0.335,0.954,Moderate traffic flow - standard adaptive signal timing in effect
EVT451376,2026-04-30 11:37:00,Local Market Day,J012,Koramangala Sony World,3351,Weekday,False,Light Rain,True,5.6,False,False,0.255,Low,34.9,20.1,161.9,0.142,0.329,0.933,Light rain detected - minor speed reduction advised
EVT451377,2025-05-23 09:49:19,Trade Fair,J011,Indiranagar 100ft Road,7800,Weekday,False,Clear,False,0.0,False,False,0.956,Severe,10.0,68.1,417.1,0.164,0.378,0.908,Heavy congestion detected - signal timing extended and reroute suggested
EVT451378,2025-03-24 08:54:24,Concert,J040,City Market,8505,Weekday,False,Clear,False,0.0,False,False,1.0,Severe,8.5,72.8,528.9,0.195,0.451,0.931,Heavy congestion detected - signal timing extended and reroute suggested
EVT451379,2025-08-23 16:21:17,Local Market Day,J030,MG Road,3230,Weekend,False,Heavy Rain,True,52.4,False,False,0.895,Severe,11.1,68.8,372.2,0.157,0.364,0.879,Heavy rain reducing visibility and grip - reduced speed and longer buffer advised
EVT451380,2025-12-16 10:52:38,Local Market Day,J040,City Market,6513,Weekday,False,Clear,False,0.0,False,False,0.555,High,16.8,43.0,306.6,0.159,0.367,0.963,Moderate traffic flow - standard adaptive signal timing in effect
EVT451381,2025-08-19 17:51:23,Sports Fixture,J011,Indiranagar 100ft Road,23751,Weekday,False,Clear,False,0.0,False,False,0.989,Severe,8.1,75.6,679.3,0.234,0.542,0.892,Heavy congestion detected - signal timing extended and reroute suggested
EVT451382,2025-12-22 11:30:15,Trade Fair,J031,Cubbon Road,15332,Weekday,False,Clear,False,0.0,False,False,0.362,Moderate,25.4,27.1,253.7,0.172,0.397,0.941,Moderate traffic flow - standard adaptive signal timing in effect
EVT451383,2025-06-03 05:49:14,Local Market Day,J012,Koramangala Sony World,4483,Weekday,False,Rain,True,13.9,False,False,0.357,Moderate,27.6,25.5,287.6,0.228,0.526,0.923,Light rain detected - minor speed reduction advised
EVT451384,2025-10-27 16:40:16,Sports Fixture,J011,Indiranagar 100ft Road,30066,Weekday,False,Light Rain,True,5.5,False,False,0.892,Severe,11.2,65.8,398.9,0.16,0.37,0.893,Heavy rain reducing visibility and grip - reduced speed and longer buffer advised
EVT451385,2026-02-26 13:06:19,Local Market Day,J040,City Market,4357,Weekday,False,Clear,False,0.0,False,False,0.218,Low,25.3,13.3,221.6,0.146,0.336,0.981,Normal free-flow traffic - standard signal timing maintained
EVT451386,2025-02-02 19:32:01,Concert,J020,Malleshwaram Circle,16711,Weekend,False,Clear,False,0.0,False,False,0.85,Severe,13.4,58.5,262.0,0.136,0.314,0.955,Heavy congestion detected - signal timing extended and reroute suggested
EVT451387,2026-01-20 09:05:12,Concert,J023,Basavanagudi,20428,Weekday,False,Clear,False,0.0,False,False,1.0,Severe,7.1,67.4,293.6,0.096,0.223,0.939,Heavy congestion detected - signal timing extended and reroute suggested
EVT451388,2026-02-24 19:06:21,Concert,J020,Malleshwaram Circle,12881,Weekday,False,Fog,False,0.0,False,False,1.0,Severe,8.5,68.6,222.7,0.077,0.179,0.884,Heavy congestion detected - signal timing extended and reroute suggested
EVT451389,2025-08-28 23:29:31,Cultural Procession,J011,Indiranagar 100ft Road,7565,Weekday,True,Clear,False,0.0,False,True,0.523,Moderate,22.4,57.2,281.3,0.2,0.463,0.872,Road closure for event/procession - full detour recommended for through-traffic
EVT451390,2026-03-05 19:38:54,Cultural Procession,J012,Koramangala Sony World,20119,Weekday,True,Clear,False,0.0,False,True,1.0,Severe,8.5,102.5,559.3,0.217,0.502,0.8,Road closure for event/procession - full detour recommended for through-traffic
EVT451391,2025-08-31 08:05:41,Trade Fair,J030,MG Road,8273,Weekend,False,Heavy Rain,True,45.2,False,False,1.0,Severe,7.4,64.1,644.6,0.199,0.459,0.853,Heavy rain reducing visibility and grip - reduced speed and longer buffer advised
EVT451392,2025-10-01 18:11:03,Local Market Day,J009,Majestic,5172,Weekday,False,Rain,True,13.5,False,False,1.0,Severe,10.9,76.5,614.1,0.264,0.61,0.856,Heavy rain reducing visibility and grip - reduced speed and longer buffer advised
EVT451393,2025-08-09 10:22:34,Local Market Day,J009,Majestic,1906,Weekend,False,Heavy Rain,True,56.2,False,False,0.823,Severe,15.1,58.7,351.4,0.191,0.441,0.895,Heavy rain reducing visibility and grip - reduced speed and longer buffer advised
EVT451394,2025-03-23 22:53:08,Trade Fair,J030,MG Road,7066,Weekend,False,Clear,False,0.0,False,False,0.261,Low,32.3,16.8,61.8,0.035,0.08,0.966,Moderate traffic flow - standard adaptive signal timing in effect
EVT451395,2026-06-04 21:59:09,Trade Fair,J030,MG Road,8917,Weekday,False,Rain,True,7.7,False,False,0.418,Moderate,21.9,27.0,289.2,0.18,0.417,0.911,Light rain detected - minor speed reduction advised
EVT451396,2025-12-25 06:00:07,Cultural Procession,J040,City Market,19734,Weekday,True,Clear,False,0.0,False,True,0.669,Moderate,19.6,70.3,310.5,0.185,0.428,0.899,Road closure for event/procession - full detour recommended for through-traffic
EVT451397,2025-06-24 18:28:39,Concert,J031,Cubbon Road,16266,Weekday,False,Clear,False,0.0,False,False,1.0,Severe,10.8,78.0,457.9,0.203,0.468,0.927,Heavy congestion detected - signal timing extended and reroute suggested
EVT451398,2025-07-02 07:47:32,Local Market Day,J030,MG Road,5113,Weekday,False,Heavy Rain,True,43.9,False,False,1.0,Severe,8.9,70.9,601.3,0.22,0.509,0.867,Heavy rain reducing visibility and grip - reduced speed and longer buffer advised
EVT451399,2026-04-21 18:09:28,Trade Fair,J020,Malleshwaram Circle,11667,Weekday,False,Clear,False,0.0,False,False,1.0,Severe,8.2,74.5,417.2,0.157,0.363,0.918,Heavy congestion detected - signal timing extended and reroute suggested
EVT451400,2025-10-14 08:17:20,Concert,J012,Koramangala Sony World,11015,Weekday,False,Clear,False,0.0,False,False,0.857,Severe,13.4,62.3,253.8,0.13,0.299,0.935,Heavy congestion detected - signal timing extended and reroute suggested
EVT451401,2025-09-06 16:47:11,Religious Festival,J012,Koramangala Sony World,67484,Weekend,True,Clear,False,0.0,False,False,1.0,Severe,8.5,71.6,326.8,0.145,0.336,0.867,Festival crowd surge detected - alternate route and extended cycle recommended
EVT451402,2026-04-25 15:19:43,Political Rally,J012,Koramangala Sony World,12724,Weekend,False,Clear,False,0.0,False,False,0.315,Low,29.7,22.6,166.2,0.128,0.296,0.99,Moderate traffic flow - standard adaptive signal timing in effect
EVT451403,2026-06-15 12:25:02,Concert,J040,City Market,9275,Weekday,False,Clear,False,0.0,False,False,0.177,Low,39.8,13.8,70.7,0.068,0.157,0.961,Normal free-flow traffic - standard signal timing maintained
EVT451404,2026-06-02 09:14:50,Local Market Day,J020,Malleshwaram Circle,3426,Weekday,False,Clear,False,0.0,False,False,1.0,Severe,8.9,70.5,193.6,0.078,0.18,0.907,Heavy congestion detected - signal timing extended and reroute suggested
EVT451405,2025-02-07 06:18:42,Local Market Day,J023,Basavanagudi,3269,Weekday,False,Clear,False,0.0,False,False,0.344,Low,36.1,22.7,166.1,0.173,0.4,0.955,Moderate traffic flow - standard adaptive signal timing in effect
EVT451406,2025-09-11 15:56:48,Political Rally,J031,Cubbon Road,20426,Weekday,False,Clear,False,0.0,False,False,0.445,Moderate,22.5,30.8,138.5,0.097,0.225,0.936,Moderate traffic flow - standard adaptive signal timing in effect
EVT451407,2025-08-04 17:45:48,Local Market Day,J009,Majestic,2881,Weekday,False,Clear,False,0.0,False,False,0.941,Severe,10.1,58.7,668.6,0.273,0.632,0.935,Heavy congestion detected - signal timing extended and reroute suggested
EVT451408,2026-01-14 11:07:29,Cultural Procession,J030,MG Road,29891,Weekday,True,Clear,False,0.0,False,True,1.0,Severe,9.8,97.4,445.3,0.168,0.389,0.833,Road closure for event/procession - full detour recommended for through-traffic
EVT451409,2026-04-22 08:27:48,Concert,J030,MG Road,9388,Weekday,False,Clear,False,0.0,False,False,0.936,Severe,10.1,67.7,604.4,0.234,0.541,0.919,Heavy congestion detected - signal timing extended and reroute suggested
EVT451410,2025-01-08 16:44:01,Political Rally,J020,Malleshwaram Circle,17762,Weekday,False,Clear,False,0.0,False,False,0.664,High,24.5,44.0,160.6,0.113,0.261,0.969,Moderate traffic flow - standard adaptive signal timing in effect
EVT451411,2026-06-06 13:03:49,Sports Fixture,J023,Basavanagudi,22283,Weekend,False,Heavy Rain,True,33.1,False,False,0.776,Severe,14.2,52.1,349.1,0.142,0.328,0.913,Heavy rain reducing visibility and grip - reduced speed and longer buffer advised
EVT451412,2025-04-06 11:41:16,Fireworks Display,J031,Cubbon Road,23300,Weekend,True,Light Rain,True,2.5,False,False,0.786,Severe,16.0,55.5,154.1,0.095,0.22,0.873,Festival crowd surge detected - alternate route and extended cycle recommended
EVT451413,2025-10-17 20:54:00,Local Market Day,J009,Majestic,3636,Weekday,False,Clear,False,0.0,False,False,0.442,Moderate,32.8,29.7,110.8,0.087,0.202,0.99,Moderate traffic flow - standard adaptive signal timing in effect
EVT451414,2025-01-20 18:10:24,Political Rally,J009,Majestic,12112,Weekday,False,Clear,False,0.0,False,False,1.0,Severe,8.3,68.6,677.9,0.253,0.584,0.895,Heavy congestion detected - signal timing extended and reroute suggested
EVT451415,2026-03-28 17:50:15,Concert,J023,Basavanagudi,13328,Weekend,False,Clear,False,0.0,False,False,0.848,Severe,13.4,58.6,269.9,0.153,0.353,0.947,Heavy congestion detected - signal timing extended and reroute suggested
EVT451416,2026-05-15 16:58:37,Concert,J012,Koramangala Sony World,10951,Weekday,False,Clear,False,0.0,False,False,0.82,Severe,14.1,51.1,282.1,0.143,0.331,0.965,Heavy congestion detected - signal timing extended and reroute suggested
EVT451417,2025-10-27 16:01:02,Local Market Day,J012,Koramangala Sony World,3664,Weekday,False,Clear,False,0.0,False,False,0.467,Moderate,25.7,31.5,143.8,0.111,0.257,0.964,Moderate traffic flow - standard adaptive signal timing in effect
EVT451418,2026-02-22 06:47:11,Political Rally,J040,City Market,15785,Weekend,False,Clear,False,0.0,False,False,0.545,Moderate,26.8,43.0,170.8,0.139,0.32,0.973,Moderate traffic flow - standard adaptive signal timing in effect
EVT451419,2026-06-06 07:59:26,Sports Fixture,J011,Indiranagar 100ft Road,9838,Weekend,False,Rain,True,21.2,False,False,0.982,Severe,10.7,74.1,396.5,0.178,0.412,0.864,Heavy rain reducing visibility and grip - reduced speed and longer buffer advised
EVT451420,2025-11-25 19:04:25,Sports Fixture,J023,Basavanagudi,37090,Weekday,False,Clear,False,0.0,False,False,1.0,Severe,7.9,69.5,592.8,0.192,0.444,0.905,Heavy congestion detected - signal timing extended and reroute suggested
EVT451421,2025-06-25 20:53:09,Sports Fixture,J030,MG Road,13894,Weekday,False,Clear,False,0.0,False,False,0.48,Moderate,27.1,34.7,141.9,0.109,0.251,0.96,Moderate traffic flow - standard adaptive signal timing in effect
EVT451422,2025-01-23 19:18:58,Sports Fixture,J023,Basavanagudi,33438,Weekday,False,Fog,False,0.0,False,False,1.0,Severe,8.2,72.6,404.1,0.145,0.336,0.924,Heavy congestion detected - signal timing extended and reroute suggested
EVT451423,2025-01-07 10:32:02,Local Market Day,J012,Koramangala Sony World,10582,Weekday,False,Fog,False,0.0,False,False,0.673,High,16.6,49.0,257.1,0.136,0.315,0.97,Moderate traffic flow - standard adaptive signal timing in effect
EVT451424,2025-10-31 12:25:21,Local Market Day,J023,Basavanagudi,3580,Weekday,False,Fog,False,0.0,False,False,0.244,Low,28.6,14.3,65.9,0.052,0.121,0.94,Normal free-flow traffic - standard signal timing maintained
EVT451425,2025-01-03 19:11:33,Sports Fixture,J011,Indiranagar 100ft Road,23710,Weekday,False,Clear,False,0.0,False,False,1.0,Severe,8.3,68.7,555.6,0.188,0.435,0.954,Heavy congestion detected - signal timing extended and reroute suggested
EVT451426,2026-06-06 18:53:30,Local Market Day,J011,Indiranagar 100ft Road,5172,Weekend,False,Heavy Rain,True,33.1,False,False,1.0,Severe,7.8,73.0,665.8,0.199,0.461,0.869,Heavy rain reducing visibility and grip - reduced speed and longer buffer advised
EVT451427,2026-05-18 10:14:19,Trade Fair,J011,Indiranagar 100ft Road,6408,Weekday,False,Clear,False,0.0,False,False,0.772,Severe,18.7,53.0,207.0,0.13,0.301,0.958,Heavy congestion detected - signal timing extended and reroute suggested
EVT451428,2025-05-19 13:24:28,Local Market Day,J023,Basavanagudi,6260,Weekday,False,Clear,False,0.0,False,False,0.154,Low,37.8,11.7,107.0,0.111,0.256,0.982,Normal free-flow traffic - standard signal timing maintained
EVT451429,2026-02-15 20:57:27,Sports Fixture,J040,City Market,15136,Weekend,False,Clear,False,0.0,False,False,0.513,Moderate,22.2,44.1,329.2,0.223,0.515,0.965,Moderate traffic flow - standard adaptive signal timing in effect
EVT451430,2025-11-15 10:56:56,Trade Fair,J030,MG Road,6489,Weekend,False,Clear,False,0.0,False,False,0.435,Moderate,30.9,28.1,167.3,0.156,0.36,0.972,Moderate traffic flow - standard adaptive signal timing in effect
EVT451431,2025-02-07 12:26:01,Concert,J031,Cubbon Road,11340,Weekday,False,Clear,False,0.0,False,False,0.314,Low,36.9,22.5,133.4,0.129,0.298,0.967,Moderate traffic flow - standard adaptive signal timing in effect
EVT451432,2025-10-31 08:58:17,Trade Fair,J020,Malleshwaram Circle,5412,Weekday,False,Heavy Rain,True,26.8,False,False,1.0,Severe,7.5,72.7,754.9,0.238,0.55,0.861,Heavy rain reducing visibility and grip - reduced speed and longer buffer advised
EVT451433,2025-03-23 13:17:23,Trade Fair,J011,Indiranagar 100ft Road,8551,Weekend,False,Clear,False,0.0,False,False,0.369,Moderate,30.6,37.9,92.0,0.075,0.172,0.971,Moderate traffic flow - standard adaptive signal timing in effect
EVT451434,2025-08-03 16:55:56,Local Market Day,J012,Koramangala Sony World,6063,Weekend,False,Fog,False,0.0,False,False,0.664,High,17.1,48.7,354.2,0.197,0.456,0.963,Moderate traffic flow - standard adaptive signal timing in effect
EVT451435,2025-02-16 18:29:00,Trade Fair,J040,City Market,5448,Weekend,False,Clear,False,0.0,False,False,0.869,Severe,9.6,63.3,412.8,0.16,0.369,0.964,Heavy congestion detected - signal timing extended and reroute suggested
EVT451436,2025-12-23 17:55:00,Trade Fair,J009,Majestic,11402,Weekday,False,Clear,False,0.0,False,False,1.0,Severe,8.8,72.6,476.7,0.17,0.392,0.917,Heavy congestion detected - signal timing extended and reroute suggested
EVT451437,2026-04-09 08:58:36,Concert,J023,Basavanagudi,9517,Weekday,False,Clear,False,0.0,False,False,1.0,Severe,8.3,67.1,480.4,0.161,0.373,0.895,Heavy congestion detected - signal timing extended and reroute suggested
EVT451438,2025-01-13 11:30:27,Concert,J011,Indiranagar 100ft Road,10645,Weekday,False,Clear,False,0.0,False,False,0.354,Moderate,31.5,29.1,187.7,0.162,0.374,0.97,Moderate traffic flow - standard adaptive signal timing in effect
EVT451439,2025-02-14 18:58:10,Local Market Day,J030,MG Road,2211,Weekday,False,Clear,False,0.0,False,False,1.0,Severe,7.4,65.7,356.1,0.126,0.292,0.909,Heavy congestion detected - signal timing extended and reroute suggested
EVT451440,2025-01-11 18:58:01,Concert,J030,MG Road,8066,Weekend,False,Clear,False,0.0,False,False,0.875,Severe,13.5,64.2,414.4,0.202,0.467,0.953,Heavy congestion detected - signal timing extended and reroute suggested
EVT451441,2025-11-13 10:43:27,Local Market Day,J023,Basavanagudi,4031,Weekday,False,Clear,False,0.0,False,False,0.618,High,23.9,44.2,167.5,0.112,0.259,0.956,Moderate traffic flow - standard adaptive signal timing in effect
EVT451442,2026-04-28 07:25:28,Concert,J011,Indiranagar 100ft Road,8821,Weekday,False,Rain,True,10.6,False,False,0.754,Severe,19.4,59.2,239.0,0.177,0.408,0.927,Heavy rain reducing visibility and grip - reduced speed and longer buffer advised
EVT451443,2025-09-30 17:02:59,Trade Fair,J030,MG Road,8652,Weekday,False,Clear,False,0.0,False,False,0.785,Severe,15.1,51.2,185.8,0.099,0.229,0.962,Heavy congestion detected - signal timing extended and reroute suggested
EVT451444,2025-09-20 09:11:18,Sports Fixture,J009,Majestic,14664,Weekend,False,Clear,False,0.0,False,False,0.929,Severe,11.4,68.7,523.3,0.217,0.5,0.93,Heavy congestion detected - signal timing extended and reroute suggested
EVT451445,2025-09-19 10:03:38,Sports Fixture,J020,Malleshwaram Circle,11583,Weekday,False,Clear,False,0.0,False,False,0.792,Severe,13.3,53.3,365.4,0.179,0.413,0.929,Heavy congestion detected - signal timing extended and reroute suggested
EVT451446,2026-02-28 17:05:05,Trade Fair,J030,MG Road,8093,Weekend,False,Clear,False,0.0,False,False,0.727,High,17.7,48.0,219.5,0.124,0.287,0.953,Moderate traffic flow - standard adaptive signal timing in effect
EVT451447,2025-06-23 18:21:43,Political Rally,J040,City Market,13005,Weekday,False,Clear,False,0.0,False,False,1.0,Severe,9.6,69.9,458.5,0.172,0.398,0.928,Heavy congestion detected - signal timing extended and reroute suggested
EVT451448,2026-03-15 18:29:03,Local Market Day,J031,Cubbon Road,7692,Weekend,False,Clear,False,0.0,False,False,0.968,Severe,11.1,68.0,551.8,0.249,0.574,0.922,Heavy congestion detected - signal timing extended and reroute suggested
EVT451449,2026-04-13 08:42:00,Concert,J020,Malleshwaram Circle,16100,Weekday,False,Clear,False,0.0,False,False,0.966,Severe,9.9,66.5,776.3,0.269,0.622,0.923,Heavy congestion detected - signal timing extended and reroute suggested
EVT451450,2026-04-28 08:21:58,Sports Fixture,J009,Majestic,22713,Weekday,False,Clear,False,0.0,False,False,1.0,Severe,7.1,72.9,513.9,0.168,0.388,0.9,Heavy congestion detected - signal timing extended and reroute suggested
EVT451451,2025-07-30 22:03:20,Trade Fair,J012,Koramangala Sony World,12158,Weekday,False,Clear,False,0.0,False,False,0.314,Low,29.1,31.4,135.5,0.093,0.214,0.951,Moderate traffic flow - standard adaptive signal timing in effect
EVT451452,2025-02-21 12:19:07,Concert,J040,City Market,18379,Weekday,False,Clear,False,0.0,False,False,0.276,Low,27.3,19.9,147.0,0.088,0.203,0.967,Moderate traffic flow - standard adaptive signal timing in effect
EVT451453,2025-02-26 18:19:43,Local Market Day,J020,Malleshwaram Circle,3454,Weekday,False,Clear,False,0.0,False,False,1.0,Severe,9.4,71.7,623.9,0.259,0.599,0.916,Heavy congestion detected - signal timing extended and reroute suggested
EVT451454,2025-04-12 09:33:25,Sports Fixture,J023,Basavanagudi,23612,Weekend,False,Clear,False,0.0,False,False,0.982,Severe,8.9,71.6,329.9,0.128,0.295,0.934,Heavy congestion detected - signal timing extended and reroute suggested
EVT451455,2025-11-16 19:33:01,Sports Fixture,J031,Cubbon Road,27761,Weekend,False,Clear,False,0.0,False,False,0.863,Severe,14.0,67.9,426.7,0.187,0.432,0.955,Heavy congestion detected - signal timing extended and reroute suggested
EVT451456,2025-07-14 15:16:58,Sports Fixture,J040,City Market,18841,Weekday,False,Clear,False,0.0,False,False,0.427,Moderate,32.5,25.5,115.7,0.112,0.259,0.984,Moderate traffic flow - standard adaptive signal timing in effect
EVT451457,2025-03-06 13:39:08,Sports Fixture,J040,City Market,16974,Weekday,False,Clear,False,0.0,False,False,0.122,Low,36.6,7.9,103.0,0.124,0.285,0.966,Normal free-flow traffic - standard signal timing maintained
EVT451458,2026-04-23 16:34:11,Concert,J011,Indiranagar 100ft Road,7783,Weekday,False,Clear,False,0.0,False,False,0.563,High,19.6,39.8,154.5,0.109,0.252,0.959,Moderate traffic flow - standard adaptive signal timing in effect
EVT451459,2025-02-19 07:05:07,Trade Fair,J011,Indiranagar 100ft Road,8043,Weekday,False,Clear,False,0.0,False,False,0.451,Moderate,27.9,28.1,157.9,0.11,0.254,0.942,Moderate traffic flow - standard adaptive signal timing in effect
EVT451460,2026-03-28 16:08:44,Local Market Day,J011,Indiranagar 100ft Road,2489,Weekend,False,Clear,False,0.0,False,False,0.413,Moderate,25.9,35.6,116.1,0.091,0.209,0.958,Moderate traffic flow - standard adaptive signal timing in effect
EVT451461,2025-04-14 08:49:18,Religious Festival,J023,Basavanagudi,29948,Weekday,True,Clear,False,0.0,False,False,1.0,Severe,9.8,74.4,277.1,0.129,0.298,0.863,Festival crowd surge detected - alternate route and extended cycle recommended
EVT451462,2025-08-01 20:57:37,Local Market Day,J023,Basavanagudi,5407,Weekday,False,Clear,False,0.0,False,False,0.471,Moderate,28.7,34.9,161.6,0.128,0.296,0.952,Moderate traffic flow - standard adaptive signal timing in effect
EVT451463,2025-07-18 09:50:57,Trade Fair,J009,Majestic,15351,Weekday,False,Clear,False,0.0,False,False,0.986,Severe,9.3,69.2,243.1,0.099,0.228,0.895,Heavy congestion detected - signal timing extended and reroute suggested
EVT451464,2026-06-25 13:58:31,Local Market Day,J030,MG Road,4557,Weekday,False,Heavy Rain,True,40.9,False,False,0.538,Moderate,18.8,37.3,313.3,0.175,0.404,0.92,Light rain detected - minor speed reduction advised
EVT451465,2025-07-25 16:59:41,Local Market Day,J030,MG Road,6090,Weekday,False,Clear,False,0.0,False,False,0.73,High,20.1,52.6,233.4,0.143,0.331,0.954,Moderate traffic flow - standard adaptive signal timing in effect
EVT451466,2025-02-23 20:18:34,Political Rally,J009,Majestic,17453,Weekend,False,Clear,False,0.0,False,False,0.644,High,19.5,47.5,119.4,0.093,0.216,0.941,Moderate traffic flow - standard adaptive signal timing in effect
EVT451467,2025-04-24 14:50:51,Local Market Day,J023,Basavanagudi,2816,Weekday,False,Clear,False,0.0,False,False,0.164,Low,36.3,9.3,91.9,0.087,0.2,0.96,Normal free-flow traffic - standard signal timing maintained
EVT451468,2025-07-11 16:18:18,Sports Fixture,J030,MG Road,24372,Weekday,False,Clear,False,0.0,False,False,0.668,High,21.8,53.7,110.0,0.071,0.165,0.964,Moderate traffic flow - standard adaptive signal timing in effect
EVT451469,2025-01-23 12:28:51,Concert,J040,City Market,8970,Weekday,False,Clear,False,0.0,False,False,0.172,Low,30.5,8.0,95.4,0.064,0.148,0.947,Normal free-flow traffic - standard signal timing maintained
EVT451470,2025-07-19 18:36:19,Local Market Day,J030,MG Road,2267,Weekend,False,Rain,True,15.4,False,False,1.0,Severe,7.8,70.4,445.6,0.167,0.385,0.892,Heavy rain reducing visibility and grip - reduced speed and longer buffer advised
EVT451471,2026-04-06 09:52:08,Local Market Day,J011,Indiranagar 100ft Road,5996,Weekday,False,Clear,False,0.0,False,False,0.89,Severe,13.4,65.6,418.6,0.205,0.475,0.916,Heavy congestion detected - signal timing extended and reroute suggested
EVT451472,2025-01-01 18:13:56,Sports Fixture,J009,Majestic,38985,Weekday,False,Clear,False,0.0,False,False,1.0,Severe,8.2,73.7,777.9,0.278,0.642,0.937,Heavy congestion detected - signal timing extended and reroute suggested
EVT451473,2025-08-06 22:51:35,Trade Fair,J031,Cubbon Road,7179,Weekday,False,Heavy Rain,True,59.5,True,False,0.994,Severe,8.4,71.0,415.3,0.156,0.361,0.739,Accident detected nearby - reroute and reduced speed advised
EVT451474,2025-06-05 08:00:54,Local Market Day,J030,MG Road,3366,Weekday,False,Clear,False,0.0,False,False,0.806,Severe,15.0,58.7,289.5,0.155,0.358,0.927,Heavy congestion detected - signal timing extended and reroute suggested
EVT451475,2025-08-25 14:39:00,Concert,J030,MG Road,15907,Weekday,False,Rain,True,18.7,False,False,0.549,Moderate,20.7,41.5,353.3,0.236,0.546,0.911,Light rain detected - minor speed reduction advised
EVT451476,2026-02-01 08:57:59,Political Rally,J009,Majestic,21992,Weekend,False,Clear,False,0.0,False,False,1.0,Severe,6.8,70.2,404.9,0.132,0.305,0.929,Heavy congestion detected - signal timing extended and reroute suggested
EVT451477,2025-04-28 18:45:22,Local Market Day,J020,Malleshwaram Circle,3318,Weekday,False,Clear,False,0.0,False,False,1.0,Severe,8.0,74.4,399.1,0.161,0.371,0.933,Heavy congestion detected - signal timing extended and reroute suggested
EVT451478,2026-05-23 03:37:41,Concert,J040,City Market,11286,Weekend,False,Fog,False,0.0,False,False,0.296,Low,28.8,22.2,167.7,0.135,0.312,0.962,Moderate traffic flow - standard adaptive signal timing in effect
EVT451479,2026-05-16 10:34:26,Local Market Day,J023,Basavanagudi,4977,Weekend,False,Clear,False,0.0,False,False,0.541,Moderate,26.4,34.0,235.8,0.173,0.4,0.967,Moderate traffic flow - standard adaptive signal timing in effect
EVT451480,2025-11-04 14:09:01,Local Market Day,J030,MG Road,2605,Weekday,False,Rain,True,19.2,False,False,0.344,Low,37.2,22.8,96.1,0.082,0.19,0.913,Light rain detected - minor speed reduction advised
EVT451481,2026-05-01 00:50:06,Fireworks Display,J011,Indiranagar 100ft Road,22833,Weekday,True,Light Rain,True,0.9,False,False,0.603,High,19.6,51.5,163.4,0.116,0.267,0.858,Festival crowd surge detected - alternate route and extended cycle recommended
EVT451482,2025-07-18 20:47:28,Trade Fair,J023,Basavanagudi,6393,Weekday,False,Rain,True,11.9,False,False,0.64,High,18.7,48.7,314.9,0.185,0.428,0.914,Heavy rain reducing visibility and grip - reduced speed and longer buffer advised
EVT451483,2025-11-10 14:08:55,Concert,J031,Cubbon Road,18262,Weekday,False,Clear,False,0.0,False,False,0.308,Low,31.5,19.9,118.4,0.092,0.213,0.966,Moderate traffic flow - standard adaptive signal timing in effect
EVT451484,2025-12-05 07:49:57,Trade Fair,J012,Koramangala Sony World,3916,Weekday,False,Clear,False,0.0,False,False,0.784,Severe,17.0,54.7,222.6,0.139,0.322,0.971,Heavy congestion detected - signal timing extended and reroute suggested
EVT451485,2025-08-31 13:55:16,Trade Fair,J012,Koramangala Sony World,11285,Weekend,False,Rain,True,20.4,False,False,0.567,High,21.2,38.7,184.7,0.12,0.277,0.919,Heavy rain reducing visibility and grip - reduced speed and longer buffer advised
EVT451486,2025-01-15 15:09:13,Cultural Procession,J011,Indiranagar 100ft Road,10086,Weekday,True,Clear,False,0.0,False,False,0.486,Moderate,26.1,34.8,175.2,0.138,0.318,0.885,Moderate traffic flow - standard adaptive signal timing in effect
EVT451487,2025-02-03 08:24:26,Local Market Day,J031,Cubbon Road,3168,Weekday,False,Clear,False,0.0,False,False,0.935,Severe,12.0,69.2,316.9,0.166,0.385,0.923,Heavy congestion detected - signal timing extended and reroute suggested
EVT451488,2026-01-28 08:11:48,Trade Fair,J009,Majestic,8119,Weekday,False,Clear,False,0.0,False,False,0.944,Severe,12.9,67.3,338.7,0.142,0.329,0.92,Heavy congestion detected - signal timing extended and reroute suggested
EVT451489,2025-04-05 13:11:43,Local Market Day,J023,Basavanagudi,5390,Weekend,False,Clear,False,0.0,False,False,0.268,Low,37.5,15.7,168.3,0.159,0.367,0.974,Moderate traffic flow - standard adaptive signal timing in effect
EVT451490,2025-12-23 05:27:05,Local Market Day,J030,MG Road,4472,Weekday,False,Clear,False,0.0,False,False,0.239,Low,24.7,16.4,237.1,0.136,0.315,0.958,Normal free-flow traffic - standard signal timing maintained
EVT451491,2025-06-05 14:36:15,Trade Fair,J040,City Market,6342,Weekday,False,Clear,False,0.0,False,False,0.208,Low,31.1,11.1,91.3,0.078,0.181,0.962,Normal free-flow traffic - standard signal timing maintained
EVT451492,2025-04-07 10:01:45,Cultural Procession,J030,MG Road,16438,Weekday,True,Clear,False,0.0,False,False,1.0,Severe,10.1,72.2,604.0,0.263,0.608,0.88,Festival crowd surge detected - alternate route and extended cycle recommended
EVT451493,2025-10-31 08:21:24,Local Market Day,J011,Indiranagar 100ft Road,3719,Weekday,False,Heavy Rain,True,39.2,False,False,1.0,Severe,10.1,70.1,393.9,0.159,0.367,0.874,Heavy rain reducing visibility and grip - reduced speed and longer buffer advised
EVT451494,2025-05-03 13:23:34,Local Market Day,J011,Indiranagar 100ft Road,2762,Weekend,False,Clear,False,0.0,False,False,0.305,Low,29.1,25.2,84.1,0.073,0.168,0.987,Moderate traffic flow - standard adaptive signal timing in effect
EVT451495,2026-05-10 16:41:51,Political Rally,J031,Cubbon Road,11336,Weekend,False,Clear,False,0.0,False,False,0.572,High,20.2,40.0,262.2,0.18,0.417,0.947,Moderate traffic flow - standard adaptive signal timing in effect
EVT451496,2026-01-16 11:29:48,Sports Fixture,J011,Indiranagar 100ft Road,21719,Weekday,False,Fog,False,0.0,False,False,0.397,Moderate,21.1,30.3,177.0,0.106,0.245,0.979,Moderate traffic flow - standard adaptive signal timing in effect
EVT451497,2025-09-24 03:20:11,Trade Fair,J040,City Market,11981,Weekday,False,Clear,False,0.0,False,False,0.149,Low,35.6,9.6,162.6,0.166,0.383,0.978,Normal free-flow traffic - standard signal timing maintained
EVT451498,2026-02-18 14:13:08,Concert,J020,Malleshwaram Circle,22583,Weekday,False,Clear,False,0.0,False,False,0.327,Low,27.8,24.7,242.7,0.189,0.436,0.971,Moderate traffic flow - standard adaptive signal timing in effect
EVT451499,2025-09-30 15:25:41,Trade Fair,J031,Cubbon Road,12929,Weekday,False,Clear,False,0.0,False,False,0.33,Low,33.1,23.4,103.1,0.089,0.207,0.965,Moderate traffic flow - standard adaptive signal timing in effect
EVT451500,2026-05-01 19:11:25,Religious Festival,J023,Basavanagudi,69359,Weekday,True,Heavy Rain,True,35.2,False,True,1.0,Severe,9.0,103.6,655.9,0.24,0.554,0.778,Road closure for event/procession - full detour recommended for through-traffic
EVT451501,2025-06-15 13:13:49,Concert,J040,City Market,5513,Weekend,False,Heavy Rain,True,50.2,False,False,0.604,High,21.4,40.1,280.4,0.186,0.429,0.899,Heavy rain reducing visibility and grip - reduced speed and longer buffer advised
EVT451502,2025-04-08 19:49:19,Concert,J012,Koramangala Sony World,35161,Weekday,False,Clear,False,0.0,False,False,0.95,Severe,12.3,67.0,302.2,0.143,0.33,0.939,Heavy congestion detected - signal timing extended and reroute suggested
EVT451503,2025-02-16 07:24:00,Trade Fair,J009,Majestic,9189,Weekend,False,Clear,False,0.0,False,False,0.539,Moderate,26.4,41.0,144.2,0.095,0.22,0.956,Moderate traffic flow - standard adaptive signal timing in effect
EVT451504,2026-03-09 08:09:13,Local Market Day,J030,MG Road,6937,Weekday,False,Clear,False,0.0,False,False,0.822,Severe,14.2,61.7,319.0,0.153,0.354,0.96,Heavy congestion detected - signal timing extended and reroute suggested
EVT451505,2026-02-05 09:37:38,Sports Fixture,J009,Majestic,22691,Weekday,False,Clear,False,0.0,False,False,1.0,Severe,8.4,73.8,855.1,0.273,0.631,0.916,Heavy congestion detected - signal timing extended and reroute suggested
EVT451506,2026-03-27 18:25:03,Religious Festival,J020,Malleshwaram Circle,60503,Weekday,True,Clear,False,0.0,False,False,1.0,Severe,9.5,69.1,289.1,0.125,0.288,0.872,Festival crowd surge detected - alternate route and extended cycle recommended
EVT451507,2025-10-20 11:13:20,Fireworks Display,J011,Indiranagar 100ft Road,29874,Weekday,True,Rain,True,15.8,False,False,0.894,Severe,10.9,63.8,369.2,0.165,0.38,0.824,Festival crowd surge detected - alternate route and extended cycle recommended
EVT451508,2026-02-12 18:51:59,Local Market Day,J011,Indiranagar 100ft Road,4646,Weekday,False,Clear,False,0.0,False,False,0.926,Severe,9.6,73.1,512.1,0.17,0.393,0.909,Heavy congestion detected - signal timing extended and reroute suggested
EVT451509,2025-07-16 17:21:55,Local Market Day,J030,MG Road,8357,Weekday,False,Clear,False,0.0,False,False,0.924,Severe,11.8,60.3,299.4,0.127,0.293,0.919,Heavy congestion detected - signal timing extended and reroute suggested
EVT451510,2025-08-31 17:17:16,Concert,J020,Malleshwaram Circle,22518,Weekend,False,Rain,True,13.0,False,False,0.952,Severe,9.6,71.4,506.1,0.195,0.451,0.87,Heavy rain reducing visibility and grip - reduced speed and longer buffer advised
EVT451511,2025-11-03 09:58:26,Local Market Day,J020,Malleshwaram Circle,3262,Weekday,False,Clear,False,0.0,False,False,0.841,Severe,12.8,58.0,337.8,0.17,0.393,0.917,Heavy congestion detected - signal timing extended and reroute suggested
EVT451512,2025-03-09 08:25:14,Sports Fixture,J031,Cubbon Road,31633,Weekend,False,Clear,False,0.0,False,False,0.956,Severe,8.3,71.4,645.8,0.21,0.484,0.925,Heavy congestion detected - signal timing extended and reroute suggested
EVT451513,2025-12-28 16:28:15,Sports Fixture,J031,Cubbon Road,16764,Weekend,False,Light Rain,True,3.8,False,False,0.743,High,17.8,53.3,119.3,0.065,0.15,0.905,Heavy rain reducing visibility and grip - reduced speed and longer buffer advised
EVT451514,2026-05-13 10:47:39,Sports Fixture,J031,Cubbon Road,10844,Weekday,False,Clear,False,0.0,False,False,0.468,Moderate,31.2,29.6,158.4,0.146,0.337,0.982,Moderate traffic flow - standard adaptive signal timing in effect
EVT451515,2025-12-16 17:50:54,Local Market Day,J040,City Market,4513,Weekday,False,Clear,False,0.0,False,False,0.965,Severe,9.3,64.9,720.6,0.275,0.636,0.899,Heavy congestion detected - signal timing extended and reroute suggested
EVT451516,2025-09-25 07:19:45,Local Market Day,J011,Indiranagar 100ft Road,3813,Weekday,False,Light Rain,True,3.9,False,False,0.688,High,16.1,50.5,242.2,0.137,0.317,0.92,Heavy rain reducing visibility and grip - reduced speed and longer buffer advised
EVT451517,2026-05-13 16:35:10,Local Market Day,J030,MG Road,5447,Weekday,False,Clear,False,0.0,False,False,0.587,High,18.0,44.9,280.7,0.175,0.404,0.959,Moderate traffic flow - standard adaptive signal timing in effect
EVT451518,2025-06-24 19:24:56,Sports Fixture,J020,Malleshwaram Circle,20881,Weekday,False,Clear,False,0.0,False,False,1.0,Severe,6.9,73.1,585.2,0.159,0.366,0.903,Heavy congestion detected - signal timing extended and reroute suggested
EVT451519,2025-09-28 14:17:47,Concert,J009,Majestic,8810,Weekend,False,Clear,False,0.0,False,False,0.32,Low,27.4,25.2,219.1,0.182,0.421,0.977,Moderate traffic flow - standard adaptive signal timing in effect
EVT451520,2025-05-04 16:25:53,Local Market Day,J009,Majestic,5000,Weekend,False,Clear,False,0.0,False,False,0.532,Moderate,21.9,37.2,205.0,0.144,0.332,0.952,Moderate traffic flow - standard adaptive signal timing in effect
EVT451521,2025-02-16 14:31:17,Local Market Day,J020,Malleshwaram Circle,5097,Weekend,False,Clear,False,0.0,False,False,0.338,Low,33.1,23.7,140.7,0.104,0.24,0.954,Moderate traffic flow - standard adaptive signal timing in effect
EVT451522,2026-04-13 12:36:41,Trade Fair,J020,Malleshwaram Circle,12264,Weekday,False,Clear,False,0.0,False,False,0.155,Low,33.5,6.5,195.9,0.156,0.361,0.94,Normal free-flow traffic - standard signal timing maintained
EVT451523,2025-01-05 16:04:21,Concert,J012,Koramangala Sony World,11237,Weekend,False,Clear,False,0.0,False,False,0.597,High,17.8,34.6,211.4,0.124,0.286,0.976,Moderate traffic flow - standard adaptive signal timing in effect
EVT451524,2025-01-24 15:46:39,Concert,J009,Majestic,18067,Weekday,False,Light Rain,True,2.8,False,False,0.536,Moderate,25.5,33.8,157.9,0.1,0.232,0.905,Light rain detected - minor speed reduction advised
EVT451525,2026-06-12 21:52:17,Local Market Day,J009,Majestic,3922,Weekday,False,Clear,False,0.0,False,False,0.322,Low,34.6,27.6,175.8,0.167,0.386,0.939,Moderate traffic flow - standard adaptive signal timing in effect
EVT451526,2026-02-07 21:04:06,Trade Fair,J011,Indiranagar 100ft Road,9837,Weekend,False,Clear,False,0.0,False,False,0.369,Moderate,33.4,22.7,215.2,0.192,0.443,0.969,Moderate traffic flow - standard adaptive signal timing in effect
EVT451527,2026-03-30 14:00:58,Political Rally,J030,MG Road,18143,Weekday,False,Clear,False,0.0,False,False,0.333,Low,32.3,24.8,115.9,0.085,0.195,0.959,Moderate traffic flow - standard adaptive signal timing in effect
EVT451528,2025-03-11 16:01:56,Trade Fair,J023,Basavanagudi,11791,Weekday,False,Clear,False,0.0,False,False,0.43,Moderate,32.1,27.2,95.7,0.073,0.168,0.956,Moderate traffic flow - standard adaptive signal timing in effect
EVT451529,2026-04-18 15:36:39,Trade Fair,J012,Koramangala Sony World,15008,Weekend,False,Clear,False,0.0,False,False,0.49,Moderate,29.0,37.2,265.6,0.223,0.516,0.956,Moderate traffic flow - standard adaptive signal timing in effect
EVT451530,2025-10-14 10:54:52,Sports Fixture,J040,City Market,12961,Weekday,False,Clear,False,0.0,False,False,0.552,High,20.5,37.9,200.4,0.109,0.251,0.99,Moderate traffic flow - standard adaptive signal timing in effect
EVT451531,2026-03-30 15:44:36,Political Rally,J023,Basavanagudi,25611,Weekday,False,Clear,False,0.0,False,False,0.547,Moderate,20.2,30.1,293.0,0.161,0.371,0.987,Moderate traffic flow - standard adaptive signal timing in effect
EVT451532,2025-05-11 18:47:32,Trade Fair,J030,MG Road,7175,Weekend,False,Clear,False,0.0,False,False,0.849,Severe,12.6,56.8,453.9,0.235,0.542,0.93,Heavy congestion detected - signal timing extended and reroute suggested
EVT451533,2026-03-19 20:31:58,Religious Festival,J009,Majestic,73618,Weekday,True,Clear,False,0.0,False,True,1.0,Severe,9.1,93.6,327.2,0.151,0.349,0.84,Road closure for event/procession - full detour recommended for through-traffic
EVT451534,2025-07-07 22:15:36,Local Market Day,J031,Cubbon Road,5345,Weekday,False,Clear,False,0.0,False,False,0.232,Low,33.1,16.7,145.3,0.124,0.286,0.975,Normal free-flow traffic - standard signal timing maintained
EVT451535,2025-12-18 11:49:44,Local Market Day,J020,Malleshwaram Circle,2125,Weekday,False,Clear,False,0.0,False,False,0.284,Low,32.9,19.7,51.7,0.046,0.107,0.964,Moderate traffic flow - standard adaptive signal timing in effect
EVT451536,2025-10-29 12:58:35,Local Market Day,J011,Indiranagar 100ft Road,4333,Weekday,False,Clear,False,0.0,False,False,0.154,Low,27.9,6.3,134.6,0.083,0.191,0.978,Normal free-flow traffic - standard signal timing maintained
EVT451537,2025-06-10 18:11:41,Local Market Day,J040,City Market,6243,Weekday,False,Heavy Rain,True,34.6,False,False,1.0,Severe,7.2,71.7,829.3,0.242,0.558,0.869,Heavy rain reducing visibility and grip - reduced speed and longer buffer advised
EVT451538,2025-03-08 04:32:31,Local Market Day,J012,Koramangala Sony World,3518,Weekend,False,Clear,False,0.0,False,False,0.192,Low,36.8,13.3,142.3,0.129,0.298,0.947,Normal free-flow traffic - standard signal timing maintained
EVT451539,2025-01-10 15:23:00,Political Rally,J012,Koramangala Sony World,8704,Weekday,False,Clear,False,0.0,False,False,0.277,Low,32.4,24.3,62.8,0.043,0.099,0.963,Moderate traffic flow - standard adaptive signal timing in effect
EVT451540,2025-11-17 18:30:57,Concert,J040,City Market,12445,Weekday,False,Clear,False,0.0,False,False,1.0,Severe,6.3,70.9,712.6,0.201,0.465,0.932,Heavy congestion detected - signal timing extended and reroute suggested
EVT451541,2026-05-16 18:38:06,Political Rally,J023,Basavanagudi,20044,Weekend,False,Clear,False,0.0,False,False,0.948,Severe,10.9,70.1,393.2,0.152,0.352,0.933,Heavy congestion detected - signal timing extended and reroute suggested
EVT451542,2025-08-27 21:42:05,Religious Festival,J011,Indiranagar 100ft Road,45459,Weekday,True,Rain,True,12.2,True,False,1.0,Severe,8.0,65.0,619.8,0.193,0.445,0.63,Accident detected nearby - reroute and reduced speed advised
EVT451543,2026-06-16 07:16:12,Sports Fixture,J023,Basavanagudi,26115,Weekday,False,Rain,True,11.4,False,False,0.807,Severe,18.2,67.3,315.9,0.198,0.456,0.882,Heavy rain reducing visibility and grip - reduced speed and longer buffer advised
EVT451544,2025-12-20 15:53:32,Sports Fixture,J020,Malleshwaram Circle,40394,Weekend,False,Clear,False,0.0,False,False,0.613,High,20.6,48.1,262.7,0.172,0.398,0.974,Moderate traffic flow - standard adaptive signal timing in effect
EVT451545,2025-03-21 10:47:30,Concert,J030,MG Road,11211,Weekday,False,Clear,False,0.0,False,False,0.502,Moderate,22.4,39.1,217.7,0.147,0.34,0.961,Moderate traffic flow - standard adaptive signal timing in effect
EVT451546,2026-05-06 15:51:56,Political Rally,J040,City Market,18199,Weekday,False,Clear,False,0.0,False,False,0.428,Moderate,28.5,28.7,125.2,0.089,0.206,0.96,Moderate traffic flow - standard adaptive signal timing in effect
EVT451547,2025-01-22 15:42:39,Local Market Day,J030,MG Road,2063,Weekday,False,Clear,False,0.0,False,False,0.278,Low,28.7,22.9,255.4,0.2,0.461,0.977,Moderate traffic flow - standard adaptive signal timing in effect
EVT451548,2025-01-11 20:03:05,Political Rally,J040,City Market,12471,Weekend,False,Clear,False,0.0,False,False,0.698,High,20.6,48.0,336.6,0.234,0.541,0.96,Moderate traffic flow - standard adaptive signal timing in effect
EVT451549,2025-04-26 21:43:03,Trade Fair,J030,MG Road,11601,Weekend,False,Clear,False,0.0,False,False,0.425,Moderate,27.0,28.9,144.7,0.105,0.242,0.953,Moderate traffic flow - standard adaptive signal timing in effect
EVT451550,2026-06-14 10:56:32,Trade Fair,J009,Majestic,6635,Weekend,False,Clear,False,0.0,False,False,0.475,Moderate,24.5,43.0,225.5,0.146,0.337,0.961,Moderate traffic flow - standard adaptive signal timing in effect
EVT451551,2026-04-30 08:46:05,Concert,J030,MG Road,7964,Weekday,False,Light Rain,True,5.6,False,False,1.0,Severe,7.6,74.0,490.9,0.178,0.412,0.84,Heavy rain reducing visibility and grip - reduced speed and longer buffer advised
EVT451552,2026-04-22 17:28:25,Trade Fair,J030,MG Road,16120,Weekday,False,Rain,True,8.6,False,False,1.0,Severe,9.7,68.5,640.4,0.248,0.572,0.855,Heavy rain reducing visibility and grip - reduced speed and longer buffer advised
EVT451553,2026-03-05 08:02:56,Cultural Procession,J020,Malleshwaram Circle,18253,Weekday,True,Clear,False,0.0,False,True,1.0,Severe,8.0,97.0,368.6,0.141,0.326,0.826,Road closure for event/procession - full detour recommended for through-traffic
EVT451554,2025-09-02 20:34:54,Local Market Day,J023,Basavanagudi,3554,Weekday,False,Rain,True,12.4,False,False,0.732,High,17.8,52.3,212.3,0.112,0.259,0.928,Heavy rain reducing visibility and grip - reduced speed and longer buffer advised
EVT451555,2026-06-13 17:39:38,Concert,J020,Malleshwaram Circle,13321,Weekend,False,Rain,True,12.4,False,False,0.921,Severe,12.7,57.8,506.9,0.238,0.549,0.879,Heavy rain reducing visibility and grip - reduced speed and longer buffer advised
EVT451556,2025-06-17 15:14:30,Trade Fair,J011,Indiranagar 100ft Road,11561,Weekday,False,Heavy Rain,True,40.9,False,False,0.757,Severe,15.0,56.2,413.6,0.214,0.495,0.922,Heavy rain reducing visibility and grip - reduced speed and longer buffer advised
EVT451557,2026-06-20 08:36:22,Political Rally,J012,Koramangala Sony World,18925,Weekend,False,Clear,False,0.0,True,False,1.0,Severe,6.9,71.1,462.7,0.143,0.329,0.757,Accident detected nearby - reroute and reduced speed advised
EVT451558,2025-03-29 13:02:08,Political Rally,J030,MG Road,14382,Weekend,False,Clear,False,0.0,False,False,0.314,Low,26.4,23.9,87.9,0.066,0.153,0.982,Moderate traffic flow - standard adaptive signal timing in effect
EVT451559,2025-04-08 17:51:02,Sports Fixture,J031,Cubbon Road,13063,Weekday,False,Clear,False,0.0,False,False,0.956,Severe,11.6,68.4,285.9,0.115,0.267,0.902,Heavy congestion detected - signal timing extended and reroute suggested
EVT451560,2025-03-10 07:00:06,Trade Fair,J012,Koramangala Sony World,8983,Weekday,False,Clear,False,0.0,False,False,0.37,Moderate,26.9,31.8,165.1,0.133,0.307,0.971,Moderate traffic flow - standard adaptive signal timing in effect
EVT451561,2026-01-31 06:06:11,Sports Fixture,J030,MG Road,14028,Weekend,False,Clear,False,0.0,False,False,0.391,Moderate,25.4,30.6,168.5,0.108,0.249,0.955,Moderate traffic flow - standard adaptive signal timing in effect
EVT451562,2026-06-06 09:45:29,Trade Fair,J020,Malleshwaram Circle,9679,Weekend,False,Clear,False,0.0,False,False,0.72,High,17.3,51.8,257.2,0.154,0.356,0.948,Moderate traffic flow - standard adaptive signal timing in effect
EVT451563,2025-02-22 17:37:11,Political Rally,J009,Majestic,18360,Weekend,False,Clear,False,0.0,False,False,0.86,Severe,11.4,61.4,502.0,0.202,0.466,0.912,Heavy congestion detected - signal timing extended and reroute suggested
EVT451564,2025-03-03 07:27:41,Trade Fair,J030,MG Road,10745,Weekday,False,Clear,False,0.0,False,False,0.592,High,21.8,43.3,297.7,0.201,0.464,0.99,Moderate traffic flow - standard adaptive signal timing in effect
EVT451565,2026-06-09 11:36:24,Sports Fixture,J031,Cubbon Road,10710,Weekday,False,Rain,True,22.8,False,False,0.586,High,22.8,45.7,105.7,0.082,0.189,0.946,Heavy rain reducing visibility and grip - reduced speed and longer buffer advised
EVT451566,2025-05-11 09:35:49,Concert,J030,MG Road,4240,Weekend,False,Rain,True,11.5,False,False,1.0,Severe,8.8,70.7,288.1,0.118,0.272,0.861,Heavy rain reducing visibility and grip - reduced speed and longer buffer advised
EVT451567,2026-02-14 10:38:52,Trade Fair,J011,Indiranagar 100ft Road,11369,Weekend,False,Clear,False,0.0,False,False,0.524,Moderate,23.7,38.1,217.1,0.151,0.349,0.939,Moderate traffic flow - standard adaptive signal timing in effect
EVT451568,2026-02-02 20:35:20,Political Rally,J031,Cubbon Road,17241,Weekday,False,Clear,False,0.0,False,False,0.69,High,22.0,53.2,183.5,0.142,0.328,0.964,Moderate traffic flow - standard adaptive signal timing in effect
EVT451569,2026-05-11 08:27:24,Concert,J023,Basavanagudi,11146,Weekday,False,Clear,False,0.0,False,False,0.963,Severe,8.9,66.7,332.0,0.13,0.301,0.925,Heavy congestion detected - signal timing extended and reroute suggested
EVT451570,2025-07-18 08:03:29,Local Market Day,J020,Malleshwaram Circle,4891,Weekday,False,Rain,True,17.8,False,False,1.0,Severe,9.6,75.4,235.1,0.112,0.259,0.865,Heavy rain reducing visibility and grip - reduced speed and longer buffer advised
EVT451571,2025-04-18 17:38:40,Concert,J012,Koramangala Sony World,16806,Weekday,False,Clear,False,0.0,False,False,1.0,Severe,6.5,76.7,882.4,0.23,0.532,0.874,Heavy congestion detected - signal timing extended and reroute suggested
EVT451572,2026-03-28 09:37:31,Sports Fixture,J009,Majestic,19517,Weekend,False,Clear,False,0.0,False,False,0.908,Severe,14.1,67.4,362.5,0.195,0.451,0.933,Heavy congestion detected - signal timing extended and reroute suggested
EVT451573,2025-01-24 10:16:27,Concert,J012,Koramangala Sony World,11618,Weekday,False,Clear,False,0.0,False,False,0.677,High,16.1,46.2,294.8,0.167,0.385,0.986,Moderate traffic flow - standard adaptive signal timing in effect
EVT451574,2026-01-03 14:06:03,Trade Fair,J011,Indiranagar 100ft Road,14789,Weekend,False,Fog,False,0.0,False,False,0.32,Low,30.0,19.0,91.9,0.073,0.169,0.971,Moderate traffic flow - standard adaptive signal timing in effect
EVT451575,2025-01-16 09:19:17,Sports Fixture,J012,Koramangala Sony World,17149,Weekday,False,Clear,False,0.0,False,False,1.0,Severe,8.3,71.2,532.0,0.202,0.467,0.898,Heavy congestion detected - signal timing extended and reroute suggested
EVT451576,2025-08-18 16:32:23,Trade Fair,J023,Basavanagudi,5791,Weekday,False,Clear,False,0.0,False,False,0.632,High,24.2,45.5,220.3,0.137,0.316,0.96,Moderate traffic flow - standard adaptive signal timing in effect
EVT451577,2025-10-29 05:27:20,Political Rally,J009,Majestic,20960,Weekday,False,Rain,True,15.0,False,False,0.464,Moderate,20.2,35.7,277.7,0.144,0.333,0.927,Light rain detected - minor speed reduction advised
EVT451578,2026-01-19 20:11:23,Trade Fair,J023,Basavanagudi,9476,Weekday,False,Clear,False,0.0,False,False,0.663,High,25.3,47.7,238.7,0.192,0.443,0.939,Moderate traffic flow - standard adaptive signal timing in effect
EVT451579,2025-09-25 08:34:02,Sports Fixture,J012,Koramangala Sony World,19036,Weekday,False,Clear,False,0.0,False,False,1.0,Severe,8.3,76.9,550.0,0.173,0.4,0.924,Heavy congestion detected - signal timing extended and reroute suggested
EVT451580,2025-02-09 17:50:41,Concert,J011,Indiranagar 100ft Road,11425,Weekend,False,Clear,False,0.0,False,False,0.832,Severe,15.4,58.4,404.6,0.218,0.503,0.971,Heavy congestion detected - signal timing extended and reroute suggested
EVT451581,2025-02-21 09:35:58,Trade Fair,J020,Malleshwaram Circle,11340,Weekday,False,Clear,False,0.0,False,False,1.0,Severe,7.5,71.4,768.5,0.228,0.527,0.921,Heavy congestion detected - signal timing extended and reroute suggested
EVT451582,2025-07-21 10:03:21,Concert,J012,Koramangala Sony World,10021,Weekday,False,Clear,False,0.0,False,False,0.804,Severe,16.4,58.6,419.5,0.234,0.541,0.948,Heavy congestion detected - signal timing extended and reroute suggested
EVT451583,2025-01-29 18:15:26,Sports Fixture,J011,Indiranagar 100ft Road,19147,Weekday,False,Clear,False,0.0,False,False,1.0,Severe,6.1,70.5,279.3,0.06,0.139,0.922,Heavy congestion detected - signal timing extended and reroute suggested
EVT451584,2026-04-08 06:58:19,Trade Fair,J012,Koramangala Sony World,16063,Weekday,False,Clear,False,0.0,False,False,0.488,Moderate,24.8,25.7,129.5,0.086,0.199,0.988,Moderate traffic flow - standard adaptive signal timing in effect
EVT451585,2026-06-09 20:29:20,Local Market Day,J023,Basavanagudi,5630,Weekday,False,Clear,False,0.0,False,False,0.571,High,22.0,37.9,257.5,0.17,0.392,0.974,Moderate traffic flow - standard adaptive signal timing in effect
EVT451586,2025-01-09 20:33:14,Trade Fair,J031,Cubbon Road,4434,Weekday,False,Clear,False,0.0,False,False,0.569,High,22.3,36.8,373.4,0.29,0.67,0.953,Moderate traffic flow - standard adaptive signal timing in effect
EVT451587,2025-05-18 19:01:19,Concert,J023,Basavanagudi,9709,Weekend,False,Light Rain,True,7.3,False,False,0.935,Severe,12.5,71.6,375.6,0.165,0.381,0.884,Heavy rain reducing visibility and grip - reduced speed and longer buffer advised
EVT451588,2026-03-26 06:34:25,Religious Festival,J040,City Market,52599,Weekday,True,Clear,False,0.0,False,True,0.966,Severe,11.4,96.3,339.8,0.185,0.428,0.836,Road closure for event/procession - full detour recommended for through-traffic
EVT451589,2025-05-24 07:35:21,Trade Fair,J030,MG Road,16887,Weekend,False,Clear,False,0.0,False,False,0.719,High,14.5,44.5,209.7,0.087,0.201,0.956,Moderate traffic flow - standard adaptive signal timing in effect
EVT451590,2025-09-20 01:28:17,Local Market Day,J020,Malleshwaram Circle,4880,Weekend,False,Heavy Rain,True,26.1,True,False,0.859,Severe,12.2,58.6,541.6,0.234,0.541,0.732,Accident detected nearby - reroute and reduced speed advised
EVT451591,2025-12-01 07:05:44,Sports Fixture,J011,Indiranagar 100ft Road,19739,Weekday,False,Clear,False,0.0,False,False,0.569,High,23.1,40.6,137.3,0.084,0.195,0.952,Moderate traffic flow - standard adaptive signal timing in effect
EVT451592,2026-04-06 18:38:12,Local Market Day,J023,Basavanagudi,2560,Weekday,False,Clear,False,0.0,False,False,0.931,Severe,10.1,63.8,523.4,0.201,0.464,0.953,Heavy congestion detected - signal timing extended and reroute suggested
EVT451593,2026-05-03 18:14:20,Sports Fixture,J040,City Market,16775,Weekend,False,Clear,False,0.0,False,False,0.906,Severe,6.7,64.2,821.8,0.235,0.542,0.955,Heavy congestion detected - signal timing extended and reroute suggested
EVT451594,2025-01-23 18:53:02,Political Rally,J023,Basavanagudi,22453,Weekday,False,Clear,False,0.0,False,False,1.0,Severe,8.9,71.4,459.7,0.177,0.41,0.891,Heavy congestion detected - signal timing extended and reroute suggested
EVT451595,2026-02-08 16:24:17,Concert,J009,Majestic,10095,Weekend,False,Clear,False,0.0,False,False,0.514,Moderate,25.1,30.7,162.0,0.113,0.261,0.964,Moderate traffic flow - standard adaptive signal timing in effect
EVT451596,2025-11-01 09:22:15,Religious Festival,J040,City Market,112154,Weekend,True,Clear,False,0.0,False,False,1.0,Severe,8.1,70.3,501.6,0.168,0.387,0.875,Festival crowd surge detected - alternate route and extended cycle recommended
EVT451597,2026-04-12 05:12:32,Local Market Day,J009,Majestic,3454,Weekend,False,Light Rain,True,6.4,False,False,0.333,Low,29.9,24.1,254.1,0.202,0.467,0.896,Light rain detected - minor speed reduction advised
EVT451598,2025-12-08 17:49:13,Trade Fair,J023,Basavanagudi,9239,Weekday,False,Clear,False,0.0,False,False,0.992,Severe,9.4,67.8,505.9,0.202,0.466,0.903,Heavy congestion detected - signal timing extended and reroute suggested
EVT451599,2025-10-20 18:13:44,Religious Festival,J031,Cubbon Road,57682,Weekday,True,Heavy Rain,True,57.2,False,True,1.0,Severe,9.1,102.0,692.1,0.252,0.581,0.784,Road closure for event/procession - full detour recommended for through-traffic
EVT451600,2025-12-18 08:40:04,Sports Fixture,J012,Koramangala Sony World,34314,Weekday,False,Clear,False,0.0,False,False,1.0,Severe,8.9,71.8,389.1,0.141,0.325,0.915,Heavy congestion detected - signal timing extended and reroute suggested
EVT451601,2025-07-22 07:00:31,Trade Fair,J011,Indiranagar 100ft Road,8051,Weekday,False,Clear,False,0.0,False,False,0.378,Moderate,32.8,31.1,158.3,0.143,0.331,0.954,Moderate traffic flow - standard adaptive signal timing in effect
EVT451602,2025-09-23 09:46:42,Trade Fair,J031,Cubbon Road,8703,Weekday,False,Clear,False,0.0,False,False,0.912,Severe,11.5,63.3,546.3,0.228,0.527,0.912,Heavy congestion detected - signal timing extended and reroute suggested
EVT451603,2025-03-02 17:59:55,Political Rally,J012,Koramangala Sony World,12149,Weekend,False,Clear,False,0.0,False,False,0.88,Severe,11.2,58.2,393.3,0.179,0.414,0.95,Heavy congestion detected - signal timing extended and reroute suggested
EVT451604,2026-03-09 08:14:47,Local Market Day,J009,Majestic,3375,Weekday,False,Clear,False,0.0,False,False,0.971,Severe,11.5,69.2,520.8,0.226,0.523,0.894,Heavy congestion detected - signal timing extended and reroute suggested
EVT451605,2026-02-20 17:23:17,Local Market Day,J030,MG Road,5328,Weekday,False,Clear,False,0.0,False,False,0.849,Severe,13.8,60.4,381.8,0.189,0.436,0.947,Heavy congestion detected - signal timing extended and reroute suggested
EVT451606,2025-03-10 16:53:24,Local Market Day,J009,Majestic,4197,Weekday,False,Rain,True,13.7,False,False,0.832,Severe,13.1,65.4,152.4,0.083,0.192,0.892,Heavy rain reducing visibility and grip - reduced speed and longer buffer advised
EVT451607,2025-12-02 20:57:18,Sports Fixture,J009,Majestic,14113,Weekday,False,Clear,False,0.0,False,False,0.505,Moderate,24.4,41.6,144.7,0.088,0.203,0.959,Moderate traffic flow - standard adaptive signal timing in effect
EVT451608,2025-02-11 00:17:20,Local Market Day,J023,Basavanagudi,2862,Weekday,False,Clear,False,0.0,False,False,0.233,Low,33.7,19.1,131.9,0.106,0.245,0.961,Normal free-flow traffic - standard signal timing maintained
EVT451609,2026-04-05 18:23:04,Sports Fixture,J012,Koramangala Sony World,16015,Weekend,False,Clear,False,0.0,False,False,0.889,Severe,13.3,59.0,333.8,0.163,0.376,0.925,Heavy congestion detected - signal timing extended and reroute suggested
EVT451610,2026-02-23 09:55:48,Sports Fixture,J030,MG Road,13710,Weekday,False,Clear,False,0.0,False,False,0.914,Severe,12.4,69.7,443.4,0.231,0.533,0.916,Heavy congestion detected - signal timing extended and reroute suggested
EVT451611,2025-11-01 16:45:54,Cultural Procession,J030,MG Road,38900,Weekend,True,Clear,False,0.0,False,True,1.0,Severe,7.8,96.7,643.2,0.207,0.478,0.826,Road closure for event/procession - full detour recommended for through-traffic
EVT451612,2025-05-17 17:23:14,Trade Fair,J040,City Market,8897,Weekend,False,Clear,False,0.0,False,False,0.679,High,21.3,53.6,293.3,0.202,0.467,0.986,Moderate traffic flow - standard adaptive signal timing in effect
EVT451613,2025-05-16 15:44:54,Political Rally,J031,Cubbon Road,11016,Weekday,False,Light Rain,True,7.0,False,False,0.473,Moderate,23.9,33.3,149.3,0.119,0.276,0.931,Light rain detected - minor speed reduction advised
EVT451614,2026-02-14 17:11:48,Sports Fixture,J009,Majestic,15328,Weekend,False,Light Rain,True,3.9,False,False,0.808,Severe,17.2,62.7,215.7,0.119,0.275,0.896,Heavy rain reducing visibility and grip - reduced speed and longer buffer advised
EVT451615,2025-08-04 08:41:01,Local Market Day,J030,MG Road,3994,Weekday,False,Rain,True,21.5,False,False,1.0,Severe,7.3,68.6,503.1,0.171,0.394,0.884,Heavy rain reducing visibility and grip - reduced speed and longer buffer advised
EVT451616,2025-03-18 16:59:07,Concert,J020,Malleshwaram Circle,18508,Weekday,False,Clear,False,0.0,False,False,0.804,Severe,12.3,61.3,503.1,0.221,0.511,0.943,Heavy congestion detected - signal timing extended and reroute suggested
EVT451617,2026-03-15 12:33:56,Local Market Day,J030,MG Road,4295,Weekend,False,Clear,False,0.0,False,False,0.301,Low,32.3,17.4,70.5,0.062,0.143,0.928,Moderate traffic flow - standard adaptive signal timing in effect
EVT451618,2025-01-04 18:32:38,Concert,J020,Malleshwaram Circle,7035,Weekend,False,Clear,False,0.0,False,False,0.836,Severe,12.5,58.4,474.6,0.218,0.504,0.95,Heavy congestion detected - signal timing extended and reroute suggested
EVT451619,2025-11-30 20:14:04,Local Market Day,J031,Cubbon Road,6213,Weekend,False,Clear,False,0.0,False,False,0.648,High,17.8,52.0,210.7,0.122,0.282,0.975,Moderate traffic flow - standard adaptive signal timing in effect
EVT451620,2026-05-01 15:03:31,Religious Festival,J011,Indiranagar 100ft Road,36615,Weekday,True,Clear,False,0.0,False,False,0.701,High,12.8,54.9,312.3,0.146,0.337,0.883,Festival crowd surge detected - alternate route and extended cycle recommended
EVT451621,2026-03-26 05:19:33,Cultural Procession,J030,MG Road,40783,Weekday,True,Clear,False,0.0,False,False,0.582,High,21.2,41.8,212.2,0.128,0.295,0.908,Festival crowd surge detected - alternate route and extended cycle recommended
EVT451622,2025-02-23 17:41:18,Concert,J012,Koramangala Sony World,7604,Weekend,False,Clear,False,0.0,False,False,0.841,Severe,12.4,58.3,271.6,0.137,0.315,0.933,Heavy congestion detected - signal timing extended and reroute suggested
EVT451623,2025-03-24 17:45:25,Political Rally,J040,City Market,12654,Weekday,False,Clear,False,0.0,False,False,1.0,Severe,7.0,67.4,509.2,0.164,0.379,0.936,Heavy congestion detected - signal timing extended and reroute suggested
EVT451624,2025-09-07 15:24:42,Concert,J031,Cubbon Road,12393,Weekend,False,Clear,False,0.0,False,False,0.401,Moderate,22.7,25.3,209.8,0.135,0.311,0.984,Moderate traffic flow - standard adaptive signal timing in effect
EVT451625,2025-01-02 08:33:44,Concert,J023,Basavanagudi,12466,Weekday,False,Clear,False,0.0,False,False,0.913,Severe,10.4,64.4,640.1,0.248,0.573,0.934,Heavy congestion detected - signal timing extended and reroute suggested
EVT451626,2026-02-13 14:19:49,Trade Fair,J030,MG Road,9327,Weekday,False,Clear,False,0.0,False,False,0.316,Low,32.7,19.9,145.4,0.108,0.249,0.985,Moderate traffic flow - standard adaptive signal timing in effect
EVT451627,2026-05-20 20:53:36,Local Market Day,J009,Majestic,3616,Weekday,False,Light Rain,True,6.5,False,False,0.561,High,22.8,35.1,259.3,0.173,0.399,0.914,Heavy rain reducing visibility and grip - reduced speed and longer buffer advised
EVT451628,2025-03-20 18:44:11,Local Market Day,J031,Cubbon Road,3410,Weekday,False,Clear,False,0.0,False,False,1.0,Severe,8.9,71.9,673.1,0.247,0.571,0.913,Heavy congestion detected - signal timing extended and reroute suggested
EVT451629,2026-02-24 20:54:56,Trade Fair,J020,Malleshwaram Circle,10232,Weekday,False,Clear,False,0.0,False,False,0.46,Moderate,32.4,34.8,129.5,0.11,0.254,0.942,Moderate traffic flow - standard adaptive signal timing in effect
EVT451630,2025-07-20 15:46:13,Concert,J031,Cubbon Road,12207,Weekend,False,Rain,True,14.3,False,False,0.557,High,21.8,32.0,296.3,0.188,0.433,0.926,Heavy rain reducing visibility and grip - reduced speed and longer buffer advised
EVT451631,2026-02-15 20:20:16,Concert,J009,Majestic,8608,Weekend,False,Clear,False,0.0,False,False,0.627,High,19.5,49.2,275.1,0.169,0.391,0.945,Moderate traffic flow - standard adaptive signal timing in effect
EVT451632,2025-06-28 15:56:19,Local Market Day,J031,Cubbon Road,5769,Weekend,False,Rain,True,9.2,False,False,0.529,Moderate,25.2,37.7,166.2,0.141,0.325,0.899,Light rain detected - minor speed reduction advised
EVT451633,2025-09-17 12:24:58,Local Market Day,J040,City Market,4509,Weekday,False,Fog,False,0.0,False,False,0.207,Low,23.3,17.3,129.1,0.081,0.187,0.968,Normal free-flow traffic - standard signal timing maintained
EVT451634,2026-02-17 19:30:25,Trade Fair,J009,Majestic,13053,Weekday,False,Clear,False,0.0,False,False,0.973,Severe,7.3,65.7,595.1,0.164,0.378,0.894,Heavy congestion detected - signal timing extended and reroute suggested
EVT451635,2025-06-02 08:16:22,Local Market Day,J031,Cubbon Road,4968,Weekday,False,Rain,True,22.7,False,False,1.0,Severe,10.6,76.7,276.8,0.117,0.271,0.865,Heavy rain reducing visibility and grip - reduced speed and longer buffer advised
EVT451636,2025-12-15 09:20:57,Trade Fair,J020,Malleshwaram Circle,11006,Weekday,False,Fog,False,0.0,False,False,0.994,Severe,9.6,70.7,477.7,0.205,0.472,0.892,Heavy congestion detected - signal timing extended and reroute suggested
EVT451637,2025-10-09 11:26:56,Trade Fair,J023,Basavanagudi,15298,Weekday,False,Heavy Rain,True,40.2,False,False,0.707,High,16.3,50.1,457.3,0.224,0.519,0.946,Heavy rain reducing visibility and grip - reduced speed and longer buffer advised
EVT451638,2026-01-12 14:57:22,Political Rally,J023,Basavanagudi,22855,Weekday,False,Clear,False,0.0,False,False,0.335,Low,27.2,24.1,231.8,0.154,0.355,0.952,Moderate traffic flow - standard adaptive signal timing in effect
EVT451639,2025-04-28 07:19:59,Trade Fair,J023,Basavanagudi,8002,Weekday,False,Clear,False,0.0,False,False,0.618,High,22.2,50.0,234.2,0.151,0.348,0.982,Moderate traffic flow - standard adaptive signal timing in effect
EVT451640,2026-06-25 13:04:26,Concert,J040,City Market,13783,Weekday,False,Heavy Rain,True,56.2,False,False,0.593,High,19.7,42.4,230.4,0.16,0.37,0.907,Heavy rain reducing visibility and grip - reduced speed and longer buffer advised
EVT451641,2025-04-15 19:06:27,Religious Festival,J012,Koramangala Sony World,32262,Weekday,True,Clear,False,0.0,False,False,1.0,Severe,9.2,69.3,496.0,0.177,0.409,0.854,Festival crowd surge detected - alternate route and extended cycle recommended
EVT451642,2025-11-20 15:46:04,Local Market Day,J009,Majestic,3832,Weekday,False,Clear,False,0.0,False,False,0.351,Moderate,31.0,25.3,153.7,0.132,0.305,0.965,Moderate traffic flow - standard adaptive signal timing in effect
EVT451643,2025-04-06 18:51:12,Cultural Procession,J030,MG Road,20139,Weekend,True,Light Rain,True,5.4,False,True,1.0,Severe,8.4,93.7,603.7,0.229,0.528,0.782,Road closure for event/procession - full detour recommended for through-traffic
EVT451644,2025-06-26 18:52:31,Trade Fair,J012,Koramangala Sony World,11472,Weekday,False,Rain,True,12.9,False,False,1.0,Severe,8.3,70.7,673.4,0.227,0.524,0.88,Heavy rain reducing visibility and grip - reduced speed and longer buffer advised
EVT451645,2026-02-04 17:04:02,Concert,J031,Cubbon Road,7905,Weekday,False,Clear,False,0.0,False,False,0.819,Severe,12.4,54.9,380.7,0.186,0.43,0.958,Heavy congestion detected - signal timing extended and reroute suggested
EVT451646,2025-05-06 13:24:42,Trade Fair,J031,Cubbon Road,10261,Weekday,False,Clear,False,0.0,False,False,0.227,Low,34.7,21.2,122.3,0.105,0.243,0.958,Normal free-flow traffic - standard signal timing maintained
EVT451647,2025-12-14 07:14:35,Political Rally,J009,Majestic,11971,Weekend,False,Fog,False,0.0,False,False,0.55,High,24.2,39.6,194.7,0.14,0.322,0.98,Moderate traffic flow - standard adaptive signal timing in effect
EVT451648,2025-01-26 12:04:09,Religious Festival,J009,Majestic,40771,Weekend,True,Clear,False,0.0,False,False,0.681,High,20.6,49.6,237.4,0.144,0.334,0.888,Festival crowd surge detected - alternate route and extended cycle recommended
EVT451649,2025-09-12 07:10:57,Concert,J020,Malleshwaram Circle,14065,Weekday,False,Clear,False,0.0,False,False,0.554,High,29.0,40.2,144.5,0.123,0.283,0.983,Moderate traffic flow - standard adaptive signal timing in effect
EVT451650,2025-03-13 15:12:16,Local Market Day,J009,Majestic,4676,Weekday,False,Clear,False,0.0,False,False,0.246,Low,36.5,12.9,151.9,0.129,0.298,0.949,Normal free-flow traffic - standard signal timing maintained
EVT451651,2026-05-01 15:54:00,Religious Festival,J023,Basavanagudi,36458,Weekday,True,Rain,True,21.3,False,True,1.0,Severe,9.9,96.8,538.6,0.216,0.499,0.776,Road closure for event/procession - full detour recommended for through-traffic
EVT451652,2025-04-02 11:59:06,Local Market Day,J012,Koramangala Sony World,2942,Weekday,False,Clear,False,0.0,False,False,0.149,Low,36.6,12.0,187.6,0.163,0.376,0.99,Normal free-flow traffic - standard signal timing maintained
EVT451653,2025-01-13 11:32:23,Local Market Day,J030,MG Road,4199,Weekday,False,Clear,False,0.0,False,False,0.319,Low,30.5,23.0,178.9,0.119,0.274,0.954,Moderate traffic flow - standard adaptive signal timing in effect
EVT451654,2026-01-10 05:48:51,Political Rally,J023,Basavanagudi,20556,Weekend,False,Clear,False,0.0,False,False,0.442,Moderate,21.5,30.5,222.0,0.131,0.303,0.965,Moderate traffic flow - standard adaptive signal timing in effect
EVT451655,2026-05-24 17:23:45,Concert,J011,Indiranagar 100ft Road,18781,Weekend,False,Clear,False,0.0,False,False,0.864,Severe,14.3,61.8,170.9,0.104,0.241,0.951,Heavy congestion detected - signal timing extended and reroute suggested
EVT451656,2025-04-14 17:54:14,Fireworks Display,J011,Indiranagar 100ft Road,23197,Weekday,True,Clear,False,0.0,False,False,1.0,Severe,8.5,67.9,729.3,0.25,0.578,0.86,Festival crowd surge detected - alternate route and extended cycle recommended
EVT451657,2025-11-11 11:19:37,Local Market Day,J040,City Market,2770,Weekday,False,Clear,False,0.0,False,False,0.365,Moderate,29.4,26.3,128.1,0.097,0.223,0.952,Moderate traffic flow - standard adaptive signal timing in effect
EVT451658,2025-03-29 21:41:26,Trade Fair,J012,Koramangala Sony World,8683,Weekend,False,Clear,False,0.0,False,False,0.356,Moderate,30.2,29.2,232.7,0.192,0.443,0.95,Moderate traffic flow - standard adaptive signal timing in effect
EVT451659,2025-06-16 18:03:55,Concert,J040,City Market,6457,Weekday,False,Rain,True,10.8,False,False,1.0,Severe,8.8,69.4,513.7,0.161,0.371,0.869,Heavy rain reducing visibility and grip - reduced speed and longer buffer advised
EVT451660,2025-10-24 16:59:53,Local Market Day,J031,Cubbon Road,3738,Weekday,False,Light Rain,True,6.3,False,False,0.807,Severe,14.3,61.2,473.3,0.244,0.563,0.917,Heavy rain reducing visibility and grip - reduced speed and longer buffer advised
EVT451661,2025-05-14 13:56:38,Local Market Day,J030,MG Road,5961,Weekday,False,Rain,True,15.9,False,False,0.454,Moderate,24.7,34.8,197.1,0.141,0.326,0.894,Light rain detected - minor speed reduction advised
EVT451662,2025-08-14 19:32:13,Trade Fair,J009,Majestic,14049,Weekday,False,Clear,False,0.0,False,False,0.929,Severe,10.4,64.4,386.1,0.142,0.328,0.926,Heavy congestion detected - signal timing extended and reroute suggested
EVT451663,2025-06-13 11:00:53,Concert,J011,Indiranagar 100ft Road,9533,Weekday,False,Clear,False,0.0,False,False,0.462,Moderate,26.1,28.7,231.4,0.171,0.394,0.978,Moderate traffic flow - standard adaptive signal timing in effect
EVT451664,2025-03-23 08:33:51,Concert,J040,City Market,7267,Weekend,False,Clear,False,0.0,False,False,0.875,Severe,12.3,66.2,475.6,0.215,0.496,0.961,Heavy congestion detected - signal timing extended and reroute suggested
EVT451665,2025-11-06 08:28:03,Local Market Day,J023,Basavanagudi,4510,Weekday,False,Clear,False,0.0,False,False,1.0,Severe,9.1,64.8,441.5,0.166,0.384,0.925,Heavy congestion detected - signal timing extended and reroute suggested
EVT451666,2025-06-21 17:37:02,Political Rally,J031,Cubbon Road,10400,Weekend,False,Clear,False,0.0,False,False,0.794,Severe,15.5,61.9,309.2,0.197,0.456,0.983,Heavy congestion detected - signal timing extended and reroute suggested
EVT451667,2025-06-06 11:58:42,Concert,J011,Indiranagar 100ft Road,12219,Weekday,False,Heavy Rain,True,77.7,False,False,0.626,High,22.5,40.0,372.9,0.264,0.61,0.924,Heavy rain reducing visibility and grip - reduced speed and longer buffer advised
EVT451668,2025-05-28 14:43:36,Political Rally,J012,Koramangala Sony World,14022,Weekday,False,Clear,False,0.0,False,False,0.262,Low,32.8,18.5,112.9,0.088,0.204,0.979,Moderate traffic flow - standard adaptive signal timing in effect
EVT451669,2025-09-29 09:02:28,Local Market Day,J011,Indiranagar 100ft Road,3311,Weekday,False,Clear,False,0.0,False,False,0.923,Severe,10.8,71.3,506.2,0.205,0.473,0.953,Heavy congestion detected - signal timing extended and reroute suggested
EVT451670,2025-12-25 17:34:04,Religious Festival,J011,Indiranagar 100ft Road,43139,Weekday,True,Clear,False,0.0,False,True,1.0,Severe,8.9,111.2,482.5,0.194,0.448,0.833,Road closure for event/procession - full detour recommended for through-traffic
EVT451671,2025-08-28 16:53:08,Religious Festival,J040,City Market,32875,Weekday,True,Clear,False,0.0,False,True,1.0,Severe,6.3,109.0,455.4,0.133,0.307,0.824,Road closure for event/procession - full detour recommended for through-traffic
EVT451672,2025-06-21 10:08:29,Local Market Day,J023,Basavanagudi,1644,Weekend,False,Clear,False,0.0,False,False,0.67,High,19.8,41.7,349.6,0.23,0.532,0.961,Moderate traffic flow - standard adaptive signal timing in effect
EVT451673,2025-04-08 10:03:03,Sports Fixture,J030,MG Road,16869,Weekday,False,Clear,False,0.0,False,False,0.816,Severe,15.1,60.1,443.9,0.235,0.544,0.938,Heavy congestion detected - signal timing extended and reroute suggested
EVT451674,2025-02-01 11:05:05,Trade Fair,J020,Malleshwaram Circle,10038,Weekend,False,Clear,False,0.0,False,False,0.489,Moderate,25.5,31.7,267.6,0.203,0.47,0.963,Moderate traffic flow - standard adaptive signal timing in effect
EVT451675,2026-05-03 16:42:32,Trade Fair,J011,Indiranagar 100ft Road,8330,Weekend,False,Clear,False,0.0,False,False,0.592,High,27.2,37.0,140.8,0.128,0.296,0.95,Moderate traffic flow - standard adaptive signal timing in effect
EVT451676,2025-05-05 09:09:33,Sports Fixture,J040,City Market,25324,Weekday,False,Fog,False,0.0,False,False,1.0,Severe,9.5,69.0,542.6,0.216,0.499,0.921,Heavy congestion detected - signal timing extended and reroute suggested
EVT451677,2026-01-18 21:18:05,Political Rally,J030,MG Road,29046,Weekend,False,Clear,False,0.0,False,False,0.568,High,14.8,47.8,202.1,0.107,0.248,0.954,Moderate traffic flow - standard adaptive signal timing in effect
EVT451678,2026-02-13 10:27:33,Trade Fair,J009,Majestic,6673,Weekday,False,Clear,False,0.0,False,False,0.648,High,17.4,47.4,323.7,0.174,0.402,0.977,Moderate traffic flow - standard adaptive signal timing in effect
EVT451679,2026-04-07 18:33:16,Concert,J040,City Market,7052,Weekday,False,Clear,False,0.0,False,False,1.0,Severe,7.6,75.2,643.7,0.203,0.468,0.905,Heavy congestion detected - signal timing extended and reroute suggested
EVT451680,2026-01-24 20:47:05,Trade Fair,J012,Koramangala Sony World,16007,Weekend,False,Clear,False,0.0,False,False,0.584,High,22.6,42.3,201.1,0.125,0.289,0.974,Moderate traffic flow - standard adaptive signal timing in effect
EVT451681,2025-01-09 09:00:14,Concert,J009,Majestic,16524,Weekday,False,Clear,False,0.0,False,False,1.0,Severe,7.7,66.1,746.4,0.227,0.525,0.913,Heavy congestion detected - signal timing extended and reroute suggested
EVT451682,2025-12-31 13:34:13,Trade Fair,J009,Majestic,4142,Weekday,False,Clear,False,0.0,False,False,0.221,Low,28.3,19.5,181.6,0.143,0.33,0.939,Normal free-flow traffic - standard signal timing maintained
EVT451683,2025-01-12 11:16:50,Political Rally,J030,MG Road,16241,Weekend,False,Clear,False,0.0,False,False,0.38,Moderate,32.8,26.4,199.2,0.184,0.424,0.976,Moderate traffic flow - standard adaptive signal timing in effect
EVT451684,2026-03-02 17:30:12,Local Market Day,J011,Indiranagar 100ft Road,4693,Weekday,False,Clear,False,0.0,False,False,0.828,Severe,14.3,59.2,197.0,0.117,0.27,0.948,Heavy congestion detected - signal timing extended and reroute suggested
EVT451685,2026-02-20 09:26:38,Concert,J030,MG Road,11878,Weekday,False,Clear,False,0.0,False,False,1.0,Severe,7.6,75.1,679.8,0.225,0.52,0.911,Heavy congestion detected - signal timing extended and reroute suggested
EVT451686,2026-06-21 11:43:06,Concert,J030,MG Road,26873,Weekend,False,Heavy Rain,True,44.1,False,False,0.845,Severe,10.8,59.9,411.9,0.153,0.353,0.9,Heavy rain reducing visibility and grip - reduced speed and longer buffer advised
EVT451687,2026-02-02 11:44:44,Trade Fair,J009,Majestic,4970,Weekday,False,Clear,False,0.0,False,False,0.284,Low,35.4,17.0,132.6,0.107,0.246,0.973,Moderate traffic flow - standard adaptive signal timing in effect
EVT451688,2025-08-30 06:57:41,Sports Fixture,J023,Basavanagudi,18513,Weekend,False,Clear,False,0.0,False,False,0.485,Moderate,27.0,32.7,180.8,0.136,0.314,0.941,Moderate traffic flow - standard adaptive signal timing in effect
EVT451689,2025-01-18 12:41:07,Political Rally,J009,Majestic,17307,Weekend,False,Clear,False,0.0,False,False,0.343,Low,35.6,26.1,87.7,0.078,0.18,0.982,Moderate traffic flow - standard adaptive signal timing in effect
EVT451690,2025-01-06 03:14:32,Concert,J011,Indiranagar 100ft Road,10111,Weekday,False,Clear,False,0.0,False,False,0.272,Low,27.9,21.2,89.7,0.053,0.122,0.98,Moderate traffic flow - standard adaptive signal timing in effect
EVT451691,2025-03-20 18:01:46,Local Market Day,J009,Majestic,4938,Weekday,False,Clear,False,0.0,False,False,1.0,Severe,9.8,71.3,475.6,0.207,0.477,0.931,Heavy congestion detected - signal timing extended and reroute suggested
EVT451692,2026-01-30 10:26:13,Local Market Day,J031,Cubbon Road,4027,Weekday,False,Light Rain,True,6.1,False,False,0.666,High,19.7,52.1,240.7,0.157,0.362,0.939,Heavy rain reducing visibility and grip - reduced speed and longer buffer advised
EVT451693,2025-12-14 19:38:05,Sports Fixture,J023,Basavanagudi,25141,Weekend,False,Clear,False,0.0,False,False,0.866,Severe,9.8,61.0,281.7,0.116,0.268,0.916,Heavy congestion detected - signal timing extended and reroute suggested
EVT451694,2025-06-26 18:11:27,Political Rally,J040,City Market,20446,Weekday,False,Heavy Rain,True,38.2,False,False,1.0,Severe,7.8,73.5,649.2,0.235,0.542,0.868,Heavy rain reducing visibility and grip - reduced speed and longer buffer advised
EVT451695,2026-04-09 17:48:13,Concert,J012,Koramangala Sony World,10168,Weekday,False,Clear,False,0.0,False,False,0.937,Severe,7.2,64.7,627.9,0.183,0.423,0.895,Heavy congestion detected - signal timing extended and reroute suggested
EVT451696,2026-01-02 17:14:42,Fireworks Display,J011,Indiranagar 100ft Road,27112,Weekday,True,Clear,False,0.0,False,False,1.0,Severe,10.1,66.1,301.9,0.127,0.294,0.886,Festival crowd surge detected - alternate route and extended cycle recommended
EVT451697,2025-04-13 08:02:51,Trade Fair,J040,City Market,7417,Weekend,False,Clear,False,0.0,False,False,0.723,High,20.1,46.9,250.4,0.167,0.386,0.947,Moderate traffic flow - standard adaptive signal timing in effect
EVT451698,2026-03-18 20:26:59,Concert,J011,Indiranagar 100ft Road,13333,Weekday,False,Light Rain,True,5.5,False,False,0.744,High,17.4,54.1,319.7,0.196,0.452,0.934,Heavy rain reducing visibility and grip - reduced speed and longer buffer advised
EVT451699,2025-08-07 19:03:25,Sports Fixture,J023,Basavanagudi,34286,Weekday,False,Clear,False,0.0,False,False,1.0,Severe,10.8,71.6,563.2,0.244,0.563,0.91,Heavy congestion detected - signal timing extended and reroute suggested
EVT451700,2025-03-23 14:33:44,Concert,J030,MG Road,8614,Weekend,False,Clear,False,0.0,False,False,0.267,Low,35.1,14.1,112.3,0.109,0.251,0.97,Moderate traffic flow - standard adaptive signal timing in effect
EVT451701,2025-04-16 22:42:42,Local Market Day,J040,City Market,3511,Weekday,False,Rain,True,17.0,True,False,0.778,Severe,16.8,54.0,367.0,0.231,0.534,0.737,Accident detected nearby - reroute and reduced speed advised
EVT451702,2026-02-05 09:04:39,Local Market Day,J009,Majestic,4271,Weekday,False,Clear,False,0.0,False,False,1.0,Severe,8.2,68.6,653.9,0.21,0.484,0.908,Heavy congestion detected - signal timing extended and reroute suggested
EVT451703,2025-01-20 08:04:59,Local Market Day,J031,Cubbon Road,2595,Weekday,False,Clear,False,0.0,False,False,0.784,Severe,16.0,49.3,516.2,0.246,0.567,0.954,Heavy congestion detected - signal timing extended and reroute suggested
EVT451704,2025-09-04 21:29:11,Sports Fixture,J011,Indiranagar 100ft Road,22116,Weekday,False,Rain,True,18.1,False,False,0.628,High,26.8,48.7,262.0,0.222,0.512,0.91,Heavy rain reducing visibility and grip - reduced speed and longer buffer advised
EVT451705,2026-02-16 10:02:56,Local Market Day,J023,Basavanagudi,2743,Weekday,False,Clear,False,0.0,False,False,0.875,Severe,12.8,65.4,448.6,0.216,0.5,0.934,Heavy congestion detected - signal timing extended and reroute suggested
EVT451706,2025-05-18 14:17:03,Concert,J011,Indiranagar 100ft Road,10004,Weekend,False,Rain,True,10.5,False,False,0.439,Moderate,27.3,29.6,241.7,0.19,0.439,0.911,Light rain detected - minor speed reduction advised
EVT451707,2026-04-02 08:54:36,Sports Fixture,J012,Koramangala Sony World,37799,Weekday,False,Clear,False,0.0,False,False,1.0,Severe,9.0,72.1,547.7,0.212,0.49,0.905,Heavy congestion detected - signal timing extended and reroute suggested
EVT451708,2026-01-29 03:57:34,Concert,J012,Koramangala Sony World,6739,Weekday,False,Clear,False,0.0,False,False,0.245,Low,36.3,18.0,139.6,0.138,0.318,0.951,Normal free-flow traffic - standard signal timing maintained
EVT451709,2025-06-02 19:35:01,Local Market Day,J011,Indiranagar 100ft Road,4228,Weekday,False,Light Rain,True,6.1,False,False,0.904,Severe,10.4,57.1,654.7,0.227,0.524,0.887,Heavy rain reducing visibility and grip - reduced speed and longer buffer advised
EVT451710,2026-03-11 02:18:42,Sports Fixture,J040,City Market,20092,Weekday,False,Fog,False,0.0,False,False,0.224,Low,26.2,15.9,90.3,0.072,0.166,0.968,Normal free-flow traffic - standard signal timing maintained
EVT451711,2025-06-13 18:26:04,Political Rally,J020,Malleshwaram Circle,20648,Weekday,False,Clear,False,0.0,False,False,1.0,Severe,8.5,71.4,231.0,0.098,0.227,0.915,Heavy congestion detected - signal timing extended and reroute suggested
EVT451712,2026-04-09 15:33:24,Sports Fixture,J040,City Market,19645,Weekday,False,Clear,False,0.0,False,False,0.508,Moderate,19.8,36.3,387.7,0.265,0.613,0.962,Moderate traffic flow - standard adaptive signal timing in effect
EVT451713,2026-05-13 09:27:27,Local Market Day,J030,MG Road,5871,Weekday,False,Clear,False,0.0,False,False,0.997,Severe,9.4,69.1,326.1,0.141,0.325,0.907,Heavy congestion detected - signal timing extended and reroute suggested
EVT451714,2025-11-20 19:48:57,Concert,J023,Basavanagudi,15980,Weekday,False,Rain,True,20.1,False,False,1.0,Severe,9.4,65.9,481.5,0.193,0.446,0.875,Heavy rain reducing visibility and grip - reduced speed and longer buffer advised
EVT451715,2025-08-27 09:58:41,Cultural Procession,J023,Basavanagudi,14594,Weekday,True,Rain,True,22.6,False,True,1.0,Severe,7.8,100.0,652.8,0.216,0.5,0.789,Road closure for event/procession - full detour recommended for through-traffic
EVT451716,2025-02-11 23:25:54,Trade Fair,J031,Cubbon Road,9069,Weekday,False,Clear,False,0.0,False,False,0.15,Low,36.7,8.6,82.1,0.086,0.199,0.964,Normal free-flow traffic - standard signal timing maintained
EVT451717,2025-07-17 13:51:37,Sports Fixture,J011,Indiranagar 100ft Road,24840,Weekday,False,Clear,False,0.0,False,False,0.308,Low,28.4,24.9,145.3,0.126,0.29,0.932,Moderate traffic flow - standard adaptive signal timing in effect
EVT451718,2025-06-15 12:29:52,Sports Fixture,J009,Majestic,28541,Weekend,False,Heavy Rain,True,50.4,False,False,0.744,High,19.4,50.4,103.8,0.077,0.178,0.88,Heavy rain reducing visibility and grip - reduced speed and longer buffer advised
EVT451719,2025-10-10 12:40:09,Sports Fixture,J020,Malleshwaram Circle,25914,Weekday,False,Clear,False,0.0,False,False,0.329,Low,28.5,22.5,110.0,0.081,0.188,0.98,Moderate traffic flow - standard adaptive signal timing in effect
EVT451720,2026-05-10 15:40:23,Political Rally,J031,Cubbon Road,14245,Weekend,False,Clear,False,0.0,False,False,0.505,Moderate,28.2,34.3,262.4,0.208,0.48,0.934,Moderate traffic flow - standard adaptive signal timing in effect
EVT451721,2025-02-17 17:38:40,Sports Fixture,J011,Indiranagar 100ft Road,36289,Weekday,False,Light Rain,True,3.9,False,False,1.0,Severe,9.5,69.9,177.0,0.074,0.172,0.843,Heavy rain reducing visibility and grip - reduced speed and longer buffer advised
EVT451722,2025-12-23 16:18:53,Local Market Day,J040,City Market,1748,Weekday,False,Clear,False,0.0,False,False,0.432,Moderate,34.2,25.9,202.5,0.189,0.437,0.968,Moderate traffic flow - standard adaptive signal timing in effect
EVT451723,2026-01-14 09:17:24,Fireworks Display,J009,Majestic,17619,Weekday,True,Clear,False,0.0,False,False,1.0,Severe,5.5,77.2,588.0,0.14,0.324,0.844,Festival crowd surge detected - alternate route and extended cycle recommended
EVT451724,2025-09-20 08:39:22,Local Market Day,J009,Majestic,4614,Weekend,False,Rain,True,14.9,False,False,1.0,Severe,9.6,66.4,770.6,0.266,0.614,0.86,Heavy rain reducing visibility and grip - reduced speed and longer buffer advised
EVT451725,2026-04-11 18:18:19,Political Rally,J031,Cubbon Road,13343,Weekend,False,Clear,False,0.0,False,False,1.0,Severe,7.9,68.7,192.8,0.071,0.164,0.902,Heavy congestion detected - signal timing extended and reroute suggested
EVT451726,2026-05-20 13:57:37,Concert,J009,Majestic,9042,Weekday,False,Clear,False,0.0,False,False,0.264,Low,28.4,17.3,193.3,0.149,0.345,0.96,Moderate traffic flow - standard adaptive signal timing in effect
EVT451727,2025-05-23 10:27:41,Political Rally,J012,Koramangala Sony World,10413,Weekday,False,Clear,False,0.0,False,False,0.581,High,22.6,45.1,229.9,0.158,0.366,0.965,Moderate traffic flow - standard adaptive signal timing in effect
EVT451728,2025-10-15 09:41:28,Local Market Day,J040,City Market,4133,Weekday,False,Heavy Rain,True,28.1,False,False,1.0,Severe,8.1,75.3,459.0,0.153,0.354,0.862,Heavy rain reducing visibility and grip - reduced speed and longer buffer advised
EVT451729,2025-01-22 21:28:01,Trade Fair,J031,Cubbon Road,6444,Weekday,False,Clear,False,0.0,False,False,0.364,Moderate,25.4,23.7,118.2,0.069,0.159,0.97,Moderate traffic flow - standard adaptive signal timing in effect
EVT451730,2025-05-24 13:28:21,Concert,J030,MG Road,12376,Weekend,False,Clear,False,0.0,False,False,0.345,Low,34.1,21.5,153.1,0.13,0.3,0.964,Moderate traffic flow - standard adaptive signal timing in effect
EVT451731,2026-05-18 11:49:22,Trade Fair,J023,Basavanagudi,13919,Weekday,False,Clear,False,0.0,False,False,0.337,Low,36.0,22.0,114.6,0.095,0.22,0.956,Moderate traffic flow - standard adaptive signal timing in effect
EVT451732,2025-06-10 18:01:32,Local Market Day,J040,City Market,4235,Weekday,False,Clear,False,0.0,False,False,1.0,Severe,9.7,69.4,370.6,0.154,0.356,0.936,Heavy congestion detected - signal timing extended and reroute suggested
EVT451733,2025-05-04 15:47:51,Concert,J020,Malleshwaram Circle,17531,Weekend,False,Rain,True,12.4,False,False,0.585,High,23.6,40.5,218.1,0.13,0.299,0.896,Heavy rain reducing visibility and grip - reduced speed and longer buffer advised
EVT451734,2026-03-31 16:41:59,Sports Fixture,J020,Malleshwaram Circle,18897,Weekday,False,Clear,False,0.0,False,False,0.632,High,20.2,45.7,138.4,0.072,0.166,0.951,Moderate traffic flow - standard adaptive signal timing in effect
EVT451735,2026-06-26 09:22:16,Local Market Day,J020,Malleshwaram Circle,3843,Weekday,False,Heavy Rain,True,32.5,False,False,1.0,Severe,8.1,69.7,593.7,0.185,0.427,0.868,Heavy rain reducing visibility and grip - reduced speed and longer buffer advised
EVT451736,2026-03-13 20:49:38,Local Market Day,J009,Majestic,2750,Weekday,False,Clear,False,0.0,False,False,0.477,Moderate,29.4,30.1,221.9,0.198,0.458,0.953,Moderate traffic flow - standard adaptive signal timing in effect
EVT451737,2025-09-21 15:45:15,Trade Fair,J009,Majestic,5872,Weekend,False,Heavy Rain,True,33.4,False,False,0.737,High,14.7,50.5,350.1,0.177,0.409,0.892,Heavy rain reducing visibility and grip - reduced speed and longer buffer advised
EVT451738,2026-02-11 17:31:13,Concert,J023,Basavanagudi,9231,Weekday,False,Clear,False,0.0,False,False,0.963,Severe,9.8,68.4,490.5,0.215,0.497,0.904,Heavy congestion detected - signal timing extended and reroute suggested
EVT451739,2025-09-21 14:37:51,Trade Fair,J023,Basavanagudi,13556,Weekend,False,Clear,False,0.0,False,False,0.333,Low,32.4,24.6,220.1,0.182,0.42,0.969,Moderate traffic flow - standard adaptive signal timing in effect
EVT451740,2026-05-24 12:37:08,Sports Fixture,J023,Basavanagudi,26588,Weekend,False,Clear,False,0.0,False,False,0.459,Moderate,24.8,31.5,134.1,0.103,0.238,0.98,Moderate traffic flow - standard adaptive signal timing in effect
EVT451741,2026-02-02 11:48:41,Local Market Day,J030,MG Road,3635,Weekday,False,Clear,False,0.0,False,False,0.22,Low,28.4,23.0,177.3,0.136,0.315,0.959,Normal free-flow traffic - standard signal timing maintained
EVT451742,2025-09-23 18:05:36,Trade Fair,J011,Indiranagar 100ft Road,5785,Weekday,False,Clear,False,0.0,False,False,0.979,Severe,11.1,65.9,415.8,0.176,0.407,0.914,Heavy congestion detected - signal timing extended and reroute suggested
EVT451743,2025-07-22 10:18:15,Concert,J020,Malleshwaram Circle,16695,Weekday,False,Clear,False,0.0,False,False,0.721,High,21.1,47.5,283.9,0.198,0.457,0.971,Moderate traffic flow - standard adaptive signal timing in effect
EVT451744,2025-03-31 11:18:22,Religious Festival,J031,Cubbon Road,37259,Weekday,True,Clear,False,0.0,False,True,0.921,Severe,10.0,86.6,598.4,0.227,0.524,0.851,Road closure for event/procession - full detour recommended for through-traffic
EVT451745,2025-09-19 08:20:03,Concert,J012,Koramangala Sony World,9693,Weekday,False,Clear,False,0.0,False,False,0.975,Severe,8.9,70.5,536.3,0.191,0.442,0.934,Heavy congestion detected - signal timing extended and reroute suggested
EVT451746,2025-11-23 17:32:43,Trade Fair,J012,Koramangala Sony World,18731,Weekend,False,Clear,False,0.0,False,False,0.807,Severe,14.8,55.7,382.1,0.199,0.46,0.947,Heavy congestion detected - signal timing extended and reroute suggested
EVT451747,2026-04-24 11:32:16,Sports Fixture,J009,Majestic,19509,Weekday,False,Clear,False,0.0,False,False,0.41,Moderate,23.2,34.3,127.0,0.076,0.175,0.978,Moderate traffic flow - standard adaptive signal timing in effect
EVT451748,2025-09-20 07:22:21,Local Market Day,J020,Malleshwaram Circle,3869,Weekend,False,Heavy Rain,True,41.3,False,False,0.917,Severe,13.5,61.7,213.9,0.13,0.299,0.894,Heavy rain reducing visibility and grip - reduced speed and longer buffer advised
EVT451749,2026-03-10 18:22:54,Trade Fair,J031,Cubbon Road,9922,Weekday,False,Clear,False,0.0,False,False,1.0,Severe,7.8,76.4,496.4,0.174,0.402,0.925,Heavy congestion detected - signal timing extended and reroute suggested
EVT451750,2026-02-15 09:58:06,Local Market Day,J011,Indiranagar 100ft Road,4738,Weekend,False,Clear,False,0.0,False,False,0.747,High,18.4,55.6,265.8,0.182,0.42,0.967,Moderate traffic flow - standard adaptive signal timing in effect
EVT451751,2026-06-29 15:51:04,Concert,J040,City Market,13776,Weekday,False,Rain,True,22.4,False,False,0.759,Severe,13.5,62.1,338.3,0.169,0.391,0.914,Heavy rain reducing visibility and grip - reduced speed and longer buffer advised
EVT451752,2025-03-07 09:35:12,Trade Fair,J011,Indiranagar 100ft Road,9616,Weekday,False,Rain,True,9.3,False,False,1.0,Severe,9.3,77.6,505.2,0.187,0.432,0.867,Heavy rain reducing visibility and grip - reduced speed and longer buffer advised
EVT451753,2025-07-02 18:10:09,Trade Fair,J020,Malleshwaram Circle,5471,Weekday,False,Rain,True,23.0,False,False,1.0,Severe,9.3,72.8,556.3,0.215,0.496,0.883,Heavy rain reducing visibility and grip - reduced speed and longer buffer advised
EVT451754,2026-05-03 15:12:48,Trade Fair,J023,Basavanagudi,17355,Weekend,False,Clear,False,0.0,False,False,0.364,Moderate,29.5,26.8,176.0,0.151,0.348,0.988,Moderate traffic flow - standard adaptive signal timing in effect
EVT451755,2025-04-04 18:13:52,Local Market Day,J031,Cubbon Road,6039,Weekday,False,Clear,False,0.0,False,False,1.0,Severe,6.1,71.4,628.8,0.158,0.366,0.922,Heavy congestion detected - signal timing extended and reroute suggested
EVT451756,2025-07-20 07:20:26,Concert,J011,Indiranagar 100ft Road,6559,Weekend,False,Light Rain,True,5.0,False,False,0.678,High,21.2,48.1,311.2,0.222,0.513,0.899,Heavy rain reducing visibility and grip - reduced speed and longer buffer advised
EVT451757,2026-04-07 19:08:28,Trade Fair,J031,Cubbon Road,9791,Weekday,False,Clear,False,0.0,False,False,1.0,Severe,7.9,74.0,881.6,0.261,0.602,0.915,Heavy congestion detected - signal timing extended and reroute suggested
EVT451758,2025-09-15 16:23:32,Political Rally,J023,Basavanagudi,18608,Weekday,False,Clear,False,0.0,False,False,0.643,High,19.0,43.6,235.3,0.159,0.368,0.959,Moderate traffic flow - standard adaptive signal timing in effect
EVT451759,2026-02-08 07:27:50,Trade Fair,J012,Koramangala Sony World,6198,Weekend,False,Light Rain,True,3.2,False,False,0.639,High,19.5,46.6,153.0,0.094,0.218,0.909,Heavy rain reducing visibility and grip - reduced speed and longer buffer advised
EVT451760,2025-10-12 11:20:54,Local Market Day,J040,City Market,4270,Weekend,False,Clear,False,0.0,False,False,0.404,Moderate,23.6,27.9,118.2,0.08,0.186,0.956,Moderate traffic flow - standard adaptive signal timing in effect
EVT451761,2026-03-20 07:09:39,Religious Festival,J020,Malleshwaram Circle,56733,Weekday,True,Clear,False,0.0,False,True,1.0,Severe,9.4,97.2,435.2,0.169,0.391,0.856,Road closure for event/procession - full detour recommended for through-traffic
EVT451762,2025-12-15 11:25:02,Sports Fixture,J031,Cubbon Road,19558,Weekday,False,Clear,False,0.0,False,False,0.385,Moderate,35.6,29.5,121.7,0.116,0.269,0.972,Moderate traffic flow - standard adaptive signal timing in effect
EVT451763,2026-04-05 13:43:09,Concert,J012,Koramangala Sony World,10596,Weekend,False,Clear,False,0.0,False,False,0.249,Low,28.9,15.4,77.8,0.063,0.145,0.97,Normal free-flow traffic - standard signal timing maintained
EVT451764,2025-09-22 08:33:07,Local Market Day,J031,Cubbon Road,4255,Weekday,False,Rain,True,19.9,False,False,1.0,Severe,8.2,72.5,848.9,0.266,0.615,0.856,Heavy rain reducing visibility and grip - reduced speed and longer buffer advised
EVT451765,2025-08-30 13:01:53,Political Rally,J020,Malleshwaram Circle,10376,Weekend,False,Clear,False,0.0,False,False,0.314,Low,25.5,25.2,195.8,0.123,0.284,0.964,Moderate traffic flow - standard adaptive signal timing in effect
EVT451766,2026-04-20 13:09:23,Trade Fair,J020,Malleshwaram Circle,6564,Weekday,False,Clear,False,0.0,False,False,0.086,Low,37.6,15.3,126.6,0.122,0.283,0.982,Normal free-flow traffic - standard signal timing maintained
EVT451767,2025-07-07 12:41:13,Local Market Day,J009,Majestic,3670,Weekday,False,Clear,False,0.0,False,False,0.176,Low,35.0,6.1,119.8,0.091,0.211,0.978,Normal free-flow traffic - standard signal timing maintained
EVT451768,2026-06-03 18:22:33,Local Market Day,J011,Indiranagar 100ft Road,5273,Weekday,False,Rain,True,13.0,False,False,1.0,Severe,7.6,77.7,407.0,0.157,0.363,0.85,Heavy rain reducing visibility and grip - reduced speed and longer buffer advised
EVT451769,2025-01-26 08:54:03,Cultural Procession,J030,MG Road,19098,Weekend,True,Clear,False,0.0,False,True,1.0,Severe,8.7,92.3,395.2,0.154,0.356,0.854,Road closure for event/procession - full detour recommended for through-traffic
EVT451770,2025-07-13 08:25:17,Concert,J030,MG Road,17878,Weekend,False,Heavy Rain,True,61.9,False,False,1.0,Severe,9.1,72.5,408.2,0.133,0.308,0.867,Heavy rain reducing visibility and grip - reduced speed and longer buffer advised
EVT451771,2025-05-15 17:25:31,Local Market Day,J009,Majestic,2532,Weekday,False,Clear,False,0.0,False,False,0.805,Severe,15.9,57.7,270.3,0.146,0.338,0.951,Heavy congestion detected - signal timing extended and reroute suggested
EVT451772,2025-08-30 20:28:34,Local Market Day,J040,City Market,6855,Weekend,False,Clear,False,0.0,False,False,0.616,High,23.0,47.2,266.9,0.195,0.451,0.973,Moderate traffic flow - standard adaptive signal timing in effect
EVT451773,2025-10-30 22:16:15,Concert,J020,Malleshwaram Circle,7933,Weekday,False,Rain,True,14.7,False,False,0.402,Moderate,33.6,34.9,113.9,0.095,0.219,0.896,Light rain detected - minor speed reduction advised
EVT451774,2025-03-24 20:59:23,Concert,J012,Koramangala Sony World,10260,Weekday,False,Clear,False,0.0,False,False,0.507,Moderate,26.6,34.7,196.0,0.147,0.339,0.97,Moderate traffic flow - standard adaptive signal timing in effect
EVT451775,2025-03-11 15:22:07,Sports Fixture,J020,Malleshwaram Circle,28097,Weekday,False,Clear,False,0.0,False,False,0.443,Moderate,23.6,30.2,93.2,0.05,0.115,0.957,Moderate traffic flow - standard adaptive signal timing in effect
EVT451776,2025-08-14 06:55:03,Sports Fixture,J009,Majestic,24400,Weekday,False,Heavy Rain,True,34.9,False,False,0.849,Severe,14.0,67.1,451.9,0.236,0.546,0.91,Heavy rain reducing visibility and grip - reduced speed and longer buffer advised
EVT451777,2026-05-16 09:01:26,Local Market Day,J040,City Market,4024,Weekend,False,Rain,True,9.4,False,False,0.959,Severe,11.4,74.0,489.9,0.196,0.452,0.879,Heavy rain reducing visibility and grip - reduced speed and longer buffer advised
EVT451778,2025-06-12 10:24:45,Sports Fixture,J020,Malleshwaram Circle,21389,Weekday,False,Rain,True,7.8,False,False,0.949,Severe,11.5,69.3,551.5,0.246,0.567,0.874,Heavy rain reducing visibility and grip - reduced speed and longer buffer advised
EVT451779,2025-11-18 06:25:33,Sports Fixture,J009,Majestic,29900,Weekday,False,Clear,False,0.0,False,False,0.449,Moderate,27.4,36.4,151.0,0.116,0.269,0.981,Moderate traffic flow - standard adaptive signal timing in effect
EVT451780,2025-11-25 05:17:21,Local Market Day,J012,Koramangala Sony World,4661,Weekday,False,Clear,False,0.0,False,False,0.1,Low,38.9,14.0,113.6,0.112,0.258,0.988,Normal free-flow traffic - standard signal timing maintained
EVT451781,2025-07-19 07:10:58,Trade Fair,J040,City Market,8584,Weekend,False,Clear,False,0.0,False,False,0.507,Moderate,33.7,30.1,134.9,0.122,0.282,0.961,Moderate traffic flow - standard adaptive signal timing in effect
EVT451782,2026-02-03 17:59:32,Concert,J009,Majestic,7849,Weekday,False,Clear,False,0.0,False,False,1.0,Severe,8.9,70.7,584.0,0.227,0.525,0.92,Heavy congestion detected - signal timing extended and reroute suggested
EVT451783,2025-02-16 16:26:34,Political Rally,J009,Majestic,12340,Weekend,False,Clear,False,0.0,False,False,0.564,High,26.5,41.5,174.4,0.132,0.304,0.946,Moderate traffic flow - standard adaptive signal timing in effect
EVT451784,2026-03-28 14:38:01,Trade Fair,J009,Majestic,13024,Weekend,False,Clear,False,0.0,False,False,0.352,Moderate,30.5,20.8,161.0,0.123,0.283,0.955,Moderate traffic flow - standard adaptive signal timing in effect
EVT451785,2025-12-06 17:51:42,Trade Fair,J009,Majestic,9920,Weekend,False,Clear,False,0.0,False,False,0.905,Severe,12.2,64.2,270.3,0.131,0.302,0.926,Heavy congestion detected - signal timing extended and reroute suggested
EVT451786,2026-02-22 07:28:09,Local Market Day,J011,Indiranagar 100ft Road,5080,Weekend,False,Clear,False,0.0,False,False,0.513,Moderate,25.9,34.0,194.0,0.147,0.34,0.988,Moderate traffic flow - standard adaptive signal timing in effect
EVT451787,2026-04-05 09:46:22,Concert,J030,MG Road,11305,Weekend,False,Rain,True,13.2,False,False,0.975,Severe,8.6,66.6,201.4,0.084,0.194,0.874,Heavy rain reducing visibility and grip - reduced speed and longer buffer advised
EVT451788,2025-08-31 20:35:33,Local Market Day,J020,Malleshwaram Circle,2861,Weekend,False,Clear,False,0.0,False,False,0.447,Moderate,23.4,31.8,297.0,0.214,0.494,0.967,Moderate traffic flow - standard adaptive signal timing in effect
EVT451789,2025-09-21 00:35:05,Local Market Day,J031,Cubbon Road,5326,Weekend,False,Clear,False,0.0,False,False,0.279,Low,33.9,20.1,176.9,0.163,0.375,0.938,Moderate traffic flow - standard adaptive signal timing in effect
EVT451790,2025-07-06 23:52:12,Concert,J009,Majestic,6745,Weekend,False,Clear,False,0.0,False,False,0.144,Low,32.2,15.9,105.3,0.079,0.182,0.987,Normal free-flow traffic - standard signal timing maintained
EVT451791,2026-06-17 17:14:55,Sports Fixture,J040,City Market,28158,Weekday,False,Heavy Rain,True,65.9,True,False,1.0,Severe,8.9,71.0,458.6,0.173,0.401,0.678,Accident detected nearby - reroute and reduced speed advised
EVT451792,2025-03-06 22:08:39,Trade Fair,J020,Malleshwaram Circle,8002,Weekday,False,Clear,False,0.0,False,False,0.226,Low,39.2,13.9,107.7,0.108,0.251,0.965,Normal free-flow traffic - standard signal timing maintained
EVT451793,2025-11-22 16:09:34,Local Market Day,J023,Basavanagudi,2708,Weekend,False,Clear,False,0.0,False,False,0.553,High,24.5,40.3,226.2,0.161,0.371,0.94,Moderate traffic flow - standard adaptive signal timing in effect
EVT451794,2025-03-08 19:44:19,Trade Fair,J040,City Market,9159,Weekend,False,Clear,False,0.0,False,False,0.755,Severe,16.9,54.6,166.4,0.089,0.205,0.953,Heavy congestion detected - signal timing extended and reroute suggested
EVT451795,2025-10-05 12:32:17,Sports Fixture,J040,City Market,17177,Weekend,False,Fog,False,0.0,False,False,0.371,Moderate,31.5,29.3,258.9,0.238,0.549,0.988,Moderate traffic flow - standard adaptive signal timing in effect
EVT451796,2025-02-21 15:22:24,Local Market Day,J011,Indiranagar 100ft Road,3014,Weekday,False,Light Rain,True,2.5,False,False,0.339,Low,21.7,26.5,153.4,0.098,0.226,0.915,Light rain detected - minor speed reduction advised
EVT451797,2026-03-18 18:09:23,Concert,J011,Indiranagar 100ft Road,6497,Weekday,False,Clear,False,0.0,False,False,1.0,Severe,9.3,73.6,301.8,0.14,0.323,0.912,Heavy congestion detected - signal timing extended and reroute suggested
EVT451798,2025-01-01 18:54:42,Sports Fixture,J009,Majestic,23042,Weekday,False,Clear,False,0.0,False,False,1.0,Severe,8.6,75.1,682.0,0.238,0.55,0.921,Heavy congestion detected - signal timing extended and reroute suggested
EVT451799,2026-04-02 20:01:39,Concert,J040,City Market,11725,Weekday,False,Fog,False,0.0,False,False,0.737,High,18.2,54.0,315.4,0.213,0.491,0.971,Moderate traffic flow - standard adaptive signal timing in effect
EVT451800,2025-11-15 10:37:58,Local Market Day,J023,Basavanagudi,3023,Weekend,False,Clear,False,0.0,False,False,0.538,Moderate,21.7,38.1,170.8,0.116,0.267,0.947,Moderate traffic flow - standard adaptive signal timing in effect
EVT451801,2026-02-04 14:10:06,Local Market Day,J020,Malleshwaram Circle,4880,Weekday,False,Clear,False,0.0,False,False,0.261,Low,32.0,19.2,154.6,0.107,0.247,0.972,Moderate traffic flow - standard adaptive signal timing in effect
EVT451802,2025-09-20 08:01:47,Trade Fair,J012,Koramangala Sony World,13963,Weekend,False,Clear,False,0.0,False,False,0.78,Severe,16.1,53.0,235.1,0.134,0.311,0.95,Heavy congestion detected - signal timing extended and reroute suggested
EVT451803,2026-05-10 09:56:59,Concert,J020,Malleshwaram Circle,17344,Weekend,False,Clear,False,0.0,False,False,0.75,Severe,14.7,54.1,333.6,0.167,0.386,0.99,Heavy congestion detected - signal timing extended and reroute suggested
EVT451804,2025-02-04 13:15:43,Political Rally,J023,Basavanagudi,13922,Weekday,False,Clear,False,0.0,False,False,0.187,Low,35.4,19.2,92.3,0.068,0.156,0.975,Normal free-flow traffic - standard signal timing maintained
EVT451805,2025-01-03 19:12:54,Sports Fixture,J012,Koramangala Sony World,22207,Weekday,False,Clear,False,0.0,False,False,1.0,Severe,9.4,65.5,667.9,0.277,0.64,0.912,Heavy congestion detected - signal timing extended and reroute suggested
EVT451806,2025-03-10 21:46:26,Trade Fair,J030,MG Road,10882,Weekday,False,Clear,False,0.0,False,False,0.364,Moderate,28.7,25.1,148.9,0.111,0.256,0.957,Moderate traffic flow - standard adaptive signal timing in effect
EVT451807,2025-02-20 20:27:15,Political Rally,J040,City Market,14602,Weekday,False,Clear,False,0.0,False,False,0.717,High,20.0,50.9,195.8,0.133,0.307,0.975,Moderate traffic flow - standard adaptive signal timing in effect
EVT451808,2025-11-07 14:00:02,Political Rally,J030,MG Road,14287,Weekday,False,Clear,False,0.0,False,False,0.248,Low,41.1,26.3,88.6,0.107,0.246,0.988,Normal free-flow traffic - standard signal timing maintained
EVT451809,2025-07-29 16:37:00,Political Rally,J040,City Market,12015,Weekday,False,Heavy Rain,True,31.8,False,False,0.964,Severe,8.4,66.0,751.4,0.258,0.595,0.865,Heavy rain reducing visibility and grip - reduced speed and longer buffer advised
EVT451810,2026-03-21 15:50:01,Sports Fixture,J031,Cubbon Road,16180,Weekend,False,Clear,False,0.0,False,False,0.459,Moderate,22.7,30.1,206.9,0.166,0.384,0.956,Moderate traffic flow - standard adaptive signal timing in effect
EVT451811,2025-02-10 18:11:39,Local Market Day,J030,MG Road,5472,Weekday,False,Clear,False,0.0,False,False,1.0,Severe,8.3,68.5,559.5,0.199,0.459,0.884,Heavy congestion detected - signal timing extended and reroute suggested
EVT451812,2026-02-26 11:46:21,Trade Fair,J020,Malleshwaram Circle,10118,Weekday,False,Clear,False,0.0,False,False,0.292,Low,33.2,23.6,241.4,0.219,0.505,0.958,Moderate traffic flow - standard adaptive signal timing in effect
EVT451813,2025-02-06 08:09:40,Local Market Day,J009,Majestic,2373,Weekday,False,Fog,False,0.0,False,False,0.785,Severe,16.3,61.1,349.5,0.212,0.489,0.945,Heavy congestion detected - signal timing extended and reroute suggested
EVT451814,2026-02-23 07:01:06,Sports Fixture,J011,Indiranagar 100ft Road,18534,Weekday,False,Clear,False,0.0,False,False,0.574,High,24.0,36.5,192.7,0.137,0.315,0.976,Moderate traffic flow - standard adaptive signal timing in effect
EVT451815,2026-05-09 09:32:01,Local Market Day,J011,Indiranagar 100ft Road,3419,Weekend,False,Clear,False,0.0,False,False,0.833,Severe,14.7,58.9,375.8,0.189,0.436,0.956,Heavy congestion detected - signal timing extended and reroute suggested
EVT451816,2025-02-06 17:05:52,Local Market Day,J040,City Market,5171,Weekday,False,Clear,False,0.0,False,False,0.764,Severe,17.7,53.4,453.3,0.284,0.657,0.944,Heavy congestion detected - signal timing extended and reroute suggested
EVT451817,2025-11-07 20:43:53,Sports Fixture,J011,Indiranagar 100ft Road,33753,Weekday,False,Rain,True,18.9,False,False,0.834,Severe,13.8,63.2,381.2,0.17,0.392,0.876,Heavy rain reducing visibility and grip - reduced speed and longer buffer advised
EVT451818,2025-12-28 11:19:18,Political Rally,J023,Basavanagudi,10370,Weekend,False,Clear,False,0.0,False,False,0.481,Moderate,27.9,39.9,161.0,0.127,0.294,0.976,Moderate traffic flow - standard adaptive signal timing in effect
EVT451819,2026-03-24 16:07:33,Concert,J031,Cubbon Road,12488,Weekday,False,Clear,False,0.0,False,False,0.539,Moderate,22.4,35.4,293.2,0.211,0.486,0.964,Moderate traffic flow - standard adaptive signal timing in effect
EVT451820,2025-01-13 09:31:47,Sports Fixture,J012,Koramangala Sony World,32667,Weekday,False,Clear,False,0.0,False,False,1.0,Severe,7.1,76.6,823.4,0.239,0.551,0.923,Heavy congestion detected - signal timing extended and reroute suggested
EVT451821,2026-04-21 18:26:23,Local Market Day,J023,Basavanagudi,4704,Weekday,False,Clear,False,0.0,False,False,0.943,Severe,10.1,65.9,452.7,0.187,0.431,0.935,Heavy congestion detected - signal timing extended and reroute suggested
EVT451822,2025-08-20 08:52:36,Local Market Day,J031,Cubbon Road,3240,Weekday,False,Clear,False,0.0,False,False,1.0,Severe,9.2,73.8,758.1,0.274,0.633,0.931,Heavy congestion detected - signal timing extended and reroute suggested
EVT451823,2026-06-21 19:11:23,Concert,J020,Malleshwaram Circle,7729,Weekend,False,Rain,True,15.2,False,False,1.0,Severe,8.6,67.1,689.1,0.223,0.515,0.854,Heavy rain reducing visibility and grip - reduced speed and longer buffer advised
EVT451824,2025-11-18 20:38:58,Local Market Day,J009,Majestic,3967,Weekday,False,Clear,False,0.0,False,False,0.484,Moderate,22.3,33.5,282.7,0.166,0.383,0.983,Moderate traffic flow - standard adaptive signal timing in effect
EVT451825,2025-09-08 06:29:43,Sports Fixture,J030,MG Road,31904,Weekday,False,Rain,True,18.5,False,False,0.704,High,17.9,50.5,294.8,0.176,0.406,0.895,Heavy rain reducing visibility and grip - reduced speed and longer buffer advised
EVT451826,2025-05-01 20:12:40,Religious Festival,J020,Malleshwaram Circle,65197,Weekday,True,Clear,False,0.0,False,True,1.0,Severe,6.6,103.1,885.9,0.253,0.585,0.856,Road closure for event/procession - full detour recommended for through-traffic
EVT451827,2025-01-30 14:35:32,Concert,J020,Malleshwaram Circle,16445,Weekday,False,Clear,False,0.0,False,False,0.29,Low,28.1,21.6,167.6,0.134,0.309,0.959,Moderate traffic flow - standard adaptive signal timing in effect
EVT451828,2025-12-20 09:01:50,Sports Fixture,J012,Koramangala Sony World,31879,Weekend,False,Clear,False,0.0,False,False,1.0,Severe,10.1,73.1,669.6,0.262,0.606,0.876,Heavy congestion detected - signal timing extended and reroute suggested
EVT451829,2025-01-18 21:16:48,Trade Fair,J011,Indiranagar 100ft Road,9240,Weekend,False,Clear,False,0.0,False,False,0.347,Low,28.4,28.9,235.6,0.185,0.428,0.947,Moderate traffic flow - standard adaptive signal timing in effect
EVT451830,2025-09-11 18:30:03,Local Market Day,J020,Malleshwaram Circle,4960,Weekday,False,Rain,True,24.7,False,False,1.0,Severe,7.7,69.7,441.7,0.142,0.329,0.882,Heavy rain reducing visibility and grip - reduced speed and longer buffer advised
EVT451831,2026-01-30 21:50:29,Sports Fixture,J031,Cubbon Road,30260,Weekday,False,Clear,False,0.0,False,False,0.302,Low,29.2,22.1,228.4,0.188,0.434,0.975,Moderate traffic flow - standard adaptive signal timing in effect
EVT451832,2025-10-04 08:08:41,Concert,J031,Cubbon Road,9506,Weekend,False,Heavy Rain,True,25.6,False,False,0.894,Severe,12.3,63.6,351.9,0.168,0.388,0.897,Heavy rain reducing visibility and grip - reduced speed and longer buffer advised
EVT451833,2025-12-07 17:58:03,Trade Fair,J012,Koramangala Sony World,9430,Weekend,False,Fog,False,0.0,False,False,0.834,Severe,15.2,63.2,426.3,0.232,0.536,0.967,Heavy congestion detected - signal timing extended and reroute suggested
EVT451834,2026-02-28 18:11:22,Local Market Day,J040,City Market,2017,Weekend,False,Clear,False,0.0,False,False,0.848,Severe,13.8,54.2,201.1,0.114,0.264,0.92,Heavy congestion detected - signal timing extended and reroute suggested
EVT451835,2025-11-09 09:17:26,Local Market Day,J009,Majestic,3981,Weekend,False,Light Rain,True,4.2,False,False,0.903,Severe,12.4,61.0,433.7,0.216,0.5,0.887,Heavy rain reducing visibility and grip - reduced speed and longer buffer advised
EVT451836,2025-02-02 19:42:24,Concert,J040,City Market,12135,Weekend,False,Clear,False,0.0,False,False,0.66,High,17.7,46.6,253.8,0.154,0.357,0.941,Moderate traffic flow - standard adaptive signal timing in effect
EVT451837,2025-01-07 15:56:25,Local Market Day,J020,Malleshwaram Circle,6284,Weekday,False,Clear,False,0.0,False,False,0.432,Moderate,24.6,29.7,152.2,0.107,0.247,0.964,Moderate traffic flow - standard adaptive signal timing in effect
EVT451838,2025-07-12 12:14:16,Concert,J020,Malleshwaram Circle,11867,Weekend,False,Clear,False,0.0,False,False,0.293,Low,28.4,24.5,93.0,0.062,0.144,0.956,Moderate traffic flow - standard adaptive signal timing in effect
EVT451839,2025-10-23 18:36:16,Political Rally,J011,Indiranagar 100ft Road,26749,Weekday,False,Clear,False,0.0,False,False,1.0,Severe,9.0,65.5,503.7,0.211,0.487,0.89,Heavy congestion detected - signal timing extended and reroute suggested
EVT451840,2025-07-02 15:30:51,Political Rally,J011,Indiranagar 100ft Road,18741,Weekday,False,Fog,False,0.0,False,False,0.415,Moderate,30.1,28.8,75.8,0.064,0.147,0.99,Moderate traffic flow - standard adaptive signal timing in effect
EVT451841,2025-05-02 18:12:29,Religious Festival,J012,Koramangala Sony World,29158,Weekday,True,Clear,False,0.0,False,False,1.0,Severe,7.5,75.1,517.3,0.186,0.43,0.886,Festival crowd surge detected - alternate route and extended cycle recommended
EVT451842,2025-03-03 18:01:17,Concert,J012,Koramangala Sony World,8212,Weekday,False,Clear,False,0.0,False,False,1.0,Severe,9.8,73.3,394.8,0.182,0.419,0.929,Heavy congestion detected - signal timing extended and reroute suggested
EVT451843,2025-07-29 16:51:26,Sports Fixture,J011,Indiranagar 100ft Road,40700,Weekday,False,Clear,False,0.0,False,False,0.915,Severe,12.9,66.0,342.3,0.157,0.363,0.906,Heavy congestion detected - signal timing extended and reroute suggested
EVT451844,2025-10-05 16:19:43,Concert,J011,Indiranagar 100ft Road,7703,Weekend,False,Clear,False,0.0,False,False,0.508,Moderate,20.2,34.2,189.9,0.118,0.272,0.934,Moderate traffic flow - standard adaptive signal timing in effect
EVT451845,2026-05-10 10:30:40,Local Market Day,J020,Malleshwaram Circle,4121,Weekend,False,Clear,False,0.0,False,False,0.557,High,24.0,42.2,229.5,0.162,0.374,0.929,Moderate traffic flow - standard adaptive signal timing in effect
EVT451846,2025-07-18 09:42:12,Concert,J031,Cubbon Road,16371,Weekday,False,Heavy Rain,True,119.5,False,False,1.0,Severe,7.6,68.6,583.1,0.196,0.452,0.864,Heavy rain reducing visibility and grip - reduced speed and longer buffer advised
EVT451847,2025-07-04 17:45:10,Local Market Day,J030,MG Road,3880,Weekday,False,Clear,False,0.0,False,False,0.898,Severe,13.6,66.7,606.1,0.341,0.788,0.95,Heavy congestion detected - signal timing extended and reroute suggested
EVT451848,2026-05-07 16:52:28,Local Market Day,J031,Cubbon Road,7274,Weekday,False,Clear,False,0.0,False,False,0.695,High,18.7,53.6,373.9,0.225,0.52,0.962,Moderate traffic flow - standard adaptive signal timing in effect
EVT451849,2025-01-20 19:25:46,Concert,J020,Malleshwaram Circle,18948,Weekday,False,Clear,False,0.0,False,False,0.968,Severe,10.0,68.6,732.1,0.283,0.653,0.946,Heavy congestion detected - signal timing extended and reroute suggested
EVT451850,2025-06-26 13:07:20,Sports Fixture,J020,Malleshwaram Circle,30290,Weekday,False,Rain,True,23.5,True,False,0.977,Severe,9.9,67.1,791.4,0.3,0.694,0.706,Accident detected nearby - reroute and reduced speed advised
EVT451851,2025-08-21 15:25:07,Concert,J040,City Market,16576,Weekday,False,Rain,True,17.8,False,False,0.625,High,20.2,46.7,145.8,0.093,0.216,0.925,Heavy rain reducing visibility and grip - reduced speed and longer buffer advised
EVT451852,2025-05-16 21:06:56,Local Market Day,J011,Indiranagar 100ft Road,2908,Weekday,False,Clear,False,0.0,False,False,0.385,Moderate,34.9,31.3,182.1,0.163,0.376,0.95,Moderate traffic flow - standard adaptive signal timing in effect
EVT451853,2025-09-21 14:23:44,Sports Fixture,J030,MG Road,22770,Weekend,False,Rain,True,16.1,False,False,0.599,High,18.0,38.1,175.1,0.11,0.254,0.925,Heavy rain reducing visibility and grip - reduced speed and longer buffer advised
EVT451854,2025-12-24 16:42:29,Local Market Day,J009,Majestic,3015,Weekday,False,Clear,False,0.0,False,False,0.631,High,23.0,40.6,195.4,0.134,0.309,0.957,Moderate traffic flow - standard adaptive signal timing in effect
EVT451855,2025-06-28 21:55:03,Concert,J023,Basavanagudi,12727,Weekend,False,Clear,False,0.0,False,False,0.376,Moderate,28.1,28.3,68.4,0.057,0.132,0.957,Moderate traffic flow - standard adaptive signal timing in effect
EVT451856,2025-01-10 21:24:17,Sports Fixture,J031,Cubbon Road,29023,Weekday,False,Clear,False,0.0,False,False,0.456,Moderate,21.5,35.3,392.1,0.221,0.512,0.974,Moderate traffic flow - standard adaptive signal timing in effect
EVT451857,2025-10-19 09:33:25,Sports Fixture,J009,Majestic,32616,Weekend,False,Clear,False,0.0,False,False,0.991,Severe,10.0,71.9,516.7,0.202,0.468,0.937,Heavy congestion detected - signal timing extended and reroute suggested
EVT451858,2025-03-01 06:06:26,Concert,J020,Malleshwaram Circle,14945,Weekend,False,Clear,False,0.0,False,False,0.43,Moderate,33.2,32.5,136.2,0.109,0.253,0.962,Moderate traffic flow - standard adaptive signal timing in effect
EVT451859,2025-04-27 17:59:44,Local Market Day,J011,Indiranagar 100ft Road,4592,Weekend,False,Clear,False,0.0,False,False,0.883,Severe,14.2,66.2,475.4,0.262,0.606,0.939,Heavy congestion detected - signal timing extended and reroute suggested
EVT451860,2025-09-06 11:22:02,Fireworks Display,J012,Koramangala Sony World,35322,Weekend,True,Clear,False,0.0,False,False,0.716,High,18.2,52.3,192.2,0.117,0.27,0.938,Festival crowd surge detected - alternate route and extended cycle recommended
EVT451861,2026-02-11 13:58:12,Local Market Day,J009,Majestic,6209,Weekday,False,Clear,False,0.0,False,False,0.303,Low,34.0,21.3,100.0,0.094,0.217,0.959,Moderate traffic flow - standard adaptive signal timing in effect
EVT451862,2025-12-17 14:59:27,Local Market Day,J023,Basavanagudi,3037,Weekday,False,Clear,False,0.0,False,False,0.176,Low,35.0,13.2,193.8,0.161,0.372,0.977,Normal free-flow traffic - standard signal timing maintained
EVT451863,2025-11-19 16:59:13,Concert,J009,Majestic,8510,Weekday,False,Rain,True,11.2,False,False,0.831,Severe,15.2,53.8,414.5,0.198,0.456,0.887,Heavy rain reducing visibility and grip - reduced speed and longer buffer advised
EVT451864,2025-01-19 11:01:14,Local Market Day,J009,Majestic,3015,Weekend,False,Clear,False,0.0,False,False,0.474,Moderate,24.6,36.9,116.1,0.083,0.191,0.99,Moderate traffic flow - standard adaptive signal timing in effect
EVT451865,2025-03-19 20:17:56,Political Rally,J012,Koramangala Sony World,21917,Weekday,False,Clear,False,0.0,False,False,0.755,Severe,18.9,52.4,281.3,0.184,0.425,0.941,Heavy congestion detected - signal timing extended and reroute suggested
EVT451866,2026-02-26 14:40:14,Trade Fair,J030,MG Road,6622,Weekday,False,Clear,False,0.0,False,False,0.193,Low,32.8,11.3,157.5,0.141,0.325,0.99,Normal free-flow traffic - standard signal timing maintained
EVT451867,2025-03-16 10:28:09,Sports Fixture,J009,Majestic,28340,Weekend,False,Clear,False,0.0,False,False,0.669,High,16.8,48.7,128.6,0.063,0.145,0.981,Moderate traffic flow - standard adaptive signal timing in effect
EVT451868,2025-01-31 18:46:57,Concert,J031,Cubbon Road,15648,Weekday,False,Clear,False,0.0,False,False,1.0,Severe,5.3,75.8,1494.9,0.333,0.769,0.894,Heavy congestion detected - signal timing extended and reroute suggested
EVT451869,2025-12-20 15:15:44,Local Market Day,J031,Cubbon Road,3628,Weekend,False,Fog,False,0.0,False,False,0.353,Moderate,27.4,23.8,139.4,0.101,0.234,0.956,Moderate traffic flow - standard adaptive signal timing in effect
EVT451870,2025-08-16 08:16:11,Cultural Procession,J031,Cubbon Road,18044,Weekend,True,Rain,True,23.3,False,True,1.0,Severe,9.1,112.4,444.8,0.186,0.429,0.772,Road closure for event/procession - full detour recommended for through-traffic
EVT451871,2025-03-21 18:28:10,Sports Fixture,J023,Basavanagudi,22578,Weekday,False,Light Rain,True,1.1,False,False,1.0,Severe,7.2,78.6,272.4,0.096,0.223,0.863,Heavy rain reducing visibility and grip - reduced speed and longer buffer advised
EVT451872,2025-11-24 23:47:26,Local Market Day,J030,MG Road,14004,Weekday,False,Clear,False,0.0,False,False,0.212,Low,38.1,10.2,167.8,0.15,0.346,0.977,Normal free-flow traffic - standard signal timing maintained
EVT451873,2025-08-05 18:32:18,Local Market Day,J023,Basavanagudi,3376,Weekday,False,Light Rain,True,5.8,False,False,1.0,Severe,5.8,68.6,905.5,0.229,0.53,0.872,Heavy rain reducing visibility and grip - reduced speed and longer buffer advised
EVT451874,2025-11-12 16:24:07,Local Market Day,J031,Cubbon Road,3995,Weekday,False,Fog,False,0.0,False,False,0.495,Moderate,26.4,32.1,148.0,0.11,0.253,0.984,Moderate traffic flow - standard adaptive signal timing in effect
EVT451875,2025-03-21 18:12:42,Sports Fixture,J009,Majestic,31590,Weekday,False,Clear,False,0.0,False,False,1.0,Severe,6.4,77.0,1067.0,0.298,0.688,0.909,Heavy congestion detected - signal timing extended and reroute suggested
EVT451876,2025-04-04 19:09:46,Trade Fair,J009,Majestic,8288,Weekday,False,Clear,False,0.0,False,False,0.908,Severe,10.5,59.6,253.9,0.102,0.235,0.934,Heavy congestion detected - signal timing extended and reroute suggested
EVT451877,2026-05-08 06:56:09,Local Market Day,J012,Koramangala Sony World,5437,Weekday,False,Light Rain,True,4.6,False,False,0.474,Moderate,23.1,38.2,214.3,0.139,0.322,0.934,Light rain detected - minor speed reduction advised
EVT451878,2025-09-11 22:03:34,Trade Fair,J031,Cubbon Road,9412,Weekday,False,Light Rain,True,3.8,False,False,0.366,Moderate,26.9,25.1,110.4,0.098,0.226,0.918,Light rain detected - minor speed reduction advised
EVT451879,2025-07-19 07:55:37,Local Market Day,J023,Basavanagudi,5467,Weekend,False,Heavy Rain,True,62.9,False,False,1.0,Severe,7.9,76.3,642.7,0.211,0.487,0.883,Heavy rain reducing visibility and grip - reduced speed and longer buffer advised
EVT451880,2025-04-07 18:55:14,Religious Festival,J030,MG Road,63272,Weekday,True,Clear,False,0.0,False,True,1.0,Severe,7.3,99.6,642.9,0.211,0.487,0.844,Road closure for event/procession - full detour recommended for through-traffic
EVT451881,2025-12-11 14:21:33,Local Market Day,J030,MG Road,4709,Weekday,False,Clear,False,0.0,False,False,0.249,Low,31.1,16.7,184.5,0.166,0.383,0.948,Normal free-flow traffic - standard signal timing maintained
EVT451882,2025-01-08 08:16:08,Trade Fair,J011,Indiranagar 100ft Road,8934,Weekday,False,Clear,False,0.0,False,False,0.98,Severe,9.3,72.5,593.3,0.21,0.486,0.934,Heavy congestion detected - signal timing extended and reroute suggested
EVT451883,2025-10-09 20:25:50,Sports Fixture,J023,Basavanagudi,17699,Weekday,False,Rain,True,9.0,False,False,0.749,High,18.9,53.9,357.8,0.226,0.523,0.919,Heavy rain reducing visibility and grip - reduced speed and longer buffer advised
EVT451884,2025-01-03 19:04:57,Concert,J012,Koramangala Sony World,12161,Weekday,False,Clear,False,0.0,False,False,1.0,Severe,9.6,71.9,525.8,0.21,0.486,0.919,Heavy congestion detected - signal timing extended and reroute suggested
EVT451885,2025-06-11 19:48:59,Political Rally,J012,Koramangala Sony World,13186,Weekday,False,Rain,True,13.5,False,False,0.951,Severe,9.3,69.6,470.3,0.176,0.407,0.888,Heavy rain reducing visibility and grip - reduced speed and longer buffer advised
EVT451886,2025-05-28 18:26:20,Local Market Day,J040,City Market,5838,Weekday,False,Clear,False,0.0,False,False,1.0,Severe,8.7,72.2,533.7,0.216,0.5,0.9,Heavy congestion detected - signal timing extended and reroute suggested
EVT451887,2025-01-11 10:05:59,Concert,J011,Indiranagar 100ft Road,10598,Weekend,False,Clear,False,0.0,False,False,0.726,High,19.5,47.8,262.4,0.135,0.312,0.939,Moderate traffic flow - standard adaptive signal timing in effect
EVT451888,2025-03-13 08:50:40,Concert,J023,Basavanagudi,8753,Weekday,False,Clear,False,0.0,False,False,1.0,Severe,8.9,74.2,523.0,0.185,0.428,0.913,Heavy congestion detected - signal timing extended and reroute suggested
EVT451889,2025-03-01 16:34:16,Trade Fair,J011,Indiranagar 100ft Road,7468,Weekend,False,Clear,False,0.0,False,False,0.543,Moderate,25.6,38.9,189.1,0.138,0.319,0.969,Moderate traffic flow - standard adaptive signal timing in effect
EVT451890,2025-05-02 13:34:48,Religious Festival,J012,Koramangala Sony World,40217,Weekday,True,Rain,True,15.1,False,True,0.891,High,11.0,92.9,425.3,0.18,0.415,0.812,Road closure for event/procession - full detour recommended for through-traffic
EVT451891,2025-06-19 21:36:15,Local Market Day,J009,Majestic,3222,Weekday,False,Clear,False,0.0,False,False,0.234,Low,33.9,23.0,175.7,0.14,0.324,0.964,Normal free-flow traffic - standard signal timing maintained
EVT451892,2025-10-30 07:32:44,Concert,J030,MG Road,12424,Weekday,False,Clear,False,0.0,False,False,0.658,High,18.0,41.6,363.6,0.206,0.477,0.989,Moderate traffic flow - standard adaptive signal timing in effect
EVT451893,2025-11-12 09:36:42,Trade Fair,J023,Basavanagudi,7952,Weekday,False,Clear,False,0.0,False,False,0.951,Severe,11.1,62.1,644.6,0.261,0.603,0.951,Heavy congestion detected - signal timing extended and reroute suggested
EVT451894,2026-04-30 17:00:38,Trade Fair,J031,Cubbon Road,7575,Weekday,False,Light Rain,True,4.5,False,False,0.826,Severe,13.1,63.0,531.9,0.249,0.574,0.886,Heavy rain reducing visibility and grip - reduced speed and longer buffer advised
EVT451895,2025-11-17 22:34:38,Sports Fixture,J040,City Market,21809,Weekday,False,Heavy Rain,True,26.6,False,False,0.586,High,20.3,38.5,309.8,0.185,0.427,0.907,Heavy rain reducing visibility and grip - reduced speed and longer buffer advised
EVT451896,2025-01-12 07:19:10,Political Rally,J011,Indiranagar 100ft Road,12453,Weekend,False,Clear,False,0.0,False,False,0.623,High,18.6,43.1,208.5,0.128,0.296,0.978,Moderate traffic flow - standard adaptive signal timing in effect
EVT451897,2025-03-04 19:13:08,Political Rally,J012,Koramangala Sony World,13587,Weekday,False,Clear,False,0.0,False,False,1.0,Severe,7.3,67.9,747.3,0.206,0.476,0.902,Heavy congestion detected - signal timing extended and reroute suggested
EVT451898,2025-01-20 06:59:03,Sports Fixture,J020,Malleshwaram Circle,19898,Weekday,False,Clear,False,0.0,False,False,0.498,Moderate,17.8,34.3,429.6,0.215,0.496,0.973,Moderate traffic flow - standard adaptive signal timing in effect
EVT451899,2026-05-08 19:13:53,Local Market Day,J031,Cubbon Road,3352,Weekday,False,Clear,False,0.0,False,False,0.932,Severe,10.5,66.5,366.0,0.143,0.33,0.913,Heavy congestion detected - signal timing extended and reroute suggested
EVT451900,2025-03-10 08:13:08,Sports Fixture,J023,Basavanagudi,19819,Weekday,False,Clear,False,0.0,False,False,0.836,Severe,13.1,59.7,520.0,0.253,0.583,0.954,Heavy congestion detected - signal timing extended and reroute suggested
EVT451901,2025-04-27 08:01:41,Political Rally,J031,Cubbon Road,14533,Weekend,False,Clear,False,0.0,False,False,0.776,Severe,14.7,54.4,346.8,0.17,0.393,0.957,Heavy congestion detected - signal timing extended and reroute suggested
EVT451902,2025-09-25 13:22:56,Concert,J030,MG Road,15180,Weekday,False,Rain,True,16.1,False,False,0.45,Moderate,32.1,33.9,200.4,0.184,0.424,0.918,Light rain detected - minor speed reduction advised
EVT451903,2025-11-16 16:01:07,Concert,J031,Cubbon Road,9475,Weekend,False,Light Rain,True,4.9,False,False,0.592,High,22.6,41.5,245.1,0.162,0.374,0.914,Heavy rain reducing visibility and grip - reduced speed and longer buffer advised
EVT451904,2025-01-13 15:38:48,Sports Fixture,J031,Cubbon Road,24528,Weekday,False,Clear,False,0.0,False,False,0.538,Moderate,25.9,39.0,229.4,0.171,0.394,0.969,Moderate traffic flow - standard adaptive signal timing in effect
EVT451905,2025-11-10 13:03:48,Local Market Day,J011,Indiranagar 100ft Road,4555,Weekday,False,Clear,False,0.0,False,False,0.152,Low,33.0,14.7,95.5,0.074,0.171,0.99,Normal free-flow traffic - standard signal timing maintained
EVT451906,2025-08-16 20:50:53,Fireworks Display,J020,Malleshwaram Circle,32591,Weekend,True,Clear,False,0.0,False,False,0.904,Severe,13.7,67.7,375.0,0.178,0.412,0.896,Festival crowd surge detected - alternate route and extended cycle recommended
EVT451907,2026-06-09 22:20:59,Sports Fixture,J012,Koramangala Sony World,14194,Weekday,False,Clear,False,0.0,True,False,0.615,High,18.7,49.3,413.3,0.251,0.581,0.823,Accident detected nearby - reroute and reduced speed advised
EVT451908,2025-12-13 18:27:28,Local Market Day,J023,Basavanagudi,3264,Weekend,False,Clear,False,0.0,False,False,0.87,Severe,13.1,58.2,496.5,0.237,0.547,0.918,Heavy congestion detected - signal timing extended and reroute suggested
EVT451909,2025-01-06 09:15:42,Trade Fair,J020,Malleshwaram Circle,6531,Weekday,False,Clear,False,0.0,False,False,1.0,Severe,7.2,80.7,419.2,0.129,0.297,0.934,Heavy congestion detected - signal timing extended and reroute suggested
EVT451910,2025-11-12 15:16:55,Local Market Day,J009,Majestic,4402,Weekday,False,Clear,False,0.0,False,False,0.244,Low,34.4,18.6,79.5,0.063,0.144,0.969,Normal free-flow traffic - standard signal timing maintained
EVT451911,2025-12-16 13:06:31,Sports Fixture,J011,Indiranagar 100ft Road,26284,Weekday,False,Fog,False,0.0,False,False,0.314,Low,38.4,24.0,170.9,0.172,0.397,0.99,Moderate traffic flow - standard adaptive signal timing in effect
EVT451912,2025-07-18 16:52:05,Trade Fair,J011,Indiranagar 100ft Road,12687,Weekday,False,Rain,True,8.5,False,False,0.839,Severe,12.9,60.6,512.2,0.235,0.543,0.89,Heavy rain reducing visibility and grip - reduced speed and longer buffer advised
EVT451913,2025-08-13 10:47:44,Trade Fair,J012,Koramangala Sony World,15103,Weekday,False,Clear,False,0.0,False,False,0.631,High,21.3,43.8,313.0,0.204,0.471,0.962,Moderate traffic flow - standard adaptive signal timing in effect
EVT451914,2025-08-17 04:19:24,Political Rally,J020,Malleshwaram Circle,9478,Weekend,False,Heavy Rain,True,28.9,False,False,0.573,High,25.9,42.9,187.8,0.14,0.322,0.877,Heavy rain reducing visibility and grip - reduced speed and longer buffer advised
EVT451915,2026-06-01 10:27:24,Local Market Day,J009,Majestic,2542,Weekday,False,Clear,False,0.0,False,False,0.589,High,21.2,42.0,267.4,0.199,0.459,0.972,Moderate traffic flow - standard adaptive signal timing in effect
EVT451916,2025-11-25 10:13:59,Local Market Day,J040,City Market,3549,Weekday,False,Rain,True,13.1,False,False,0.913,Severe,10.8,62.4,236.7,0.104,0.241,0.872,Heavy rain reducing visibility and grip - reduced speed and longer buffer advised
EVT451917,2026-04-15 07:01:23,Cultural Procession,J009,Majestic,14327,Weekday,True,Clear,False,0.0,False,True,0.876,High,12.7,91.9,547.7,0.262,0.605,0.852,Road closure for event/procession - full detour recommended for through-traffic
EVT451918,2025-03-09 22:08:19,Concert,J031,Cubbon Road,8786,Weekend,False,Clear,False,0.0,False,False,0.315,Low,27.2,25.5,158.2,0.107,0.247,0.98,Moderate traffic flow - standard adaptive signal timing in effect
EVT451919,2026-03-06 13:00:13,Sports Fixture,J020,Malleshwaram Circle,20905,Weekday,False,Clear,False,0.0,False,False,0.259,Low,32.2,22.0,94.0,0.059,0.136,0.931,Moderate traffic flow - standard adaptive signal timing in effect
EVT451920,2025-09-25 13:22:41,Political Rally,J023,Basavanagudi,12356,Weekday,False,Clear,False,0.0,False,False,0.235,Low,26.1,19.0,162.5,0.099,0.23,0.956,Normal free-flow traffic - standard signal timing maintained
EVT451921,2026-02-01 09:16:30,Local Market Day,J012,Koramangala Sony World,2728,Weekend,False,Clear,False,0.0,False,False,0.803,Severe,14.7,62.5,372.4,0.187,0.432,0.967,Heavy congestion detected - signal timing extended and reroute suggested
EVT451922,2026-01-07 16:09:34,Local Market Day,J011,Indiranagar 100ft Road,4541,Weekday,False,Clear,False,0.0,False,False,0.525,Moderate,29.6,31.0,162.4,0.12,0.277,0.964,Moderate traffic flow - standard adaptive signal timing in effect
EVT451923,2025-02-27 21:23:10,Sports Fixture,J031,Cubbon Road,13820,Weekday,False,Clear,False,0.0,False,False,0.474,Moderate,31.6,32.8,225.5,0.203,0.47,0.963,Moderate traffic flow - standard adaptive signal timing in effect
EVT451924,2025-02-02 21:40:58,Concert,J020,Malleshwaram Circle,11672,Weekend,False,Fog,False,0.0,False,False,0.368,Moderate,19.9,28.1,251.6,0.144,0.333,0.978,Moderate traffic flow - standard adaptive signal timing in effect
EVT451925,2026-02-10 09:50:32,Concert,J009,Majestic,11548,Weekday,False,Clear,False,0.0,False,False,0.889,Severe,13.3,67.0,320.4,0.179,0.414,0.932,Heavy congestion detected - signal timing extended and reroute suggested
EVT451926,2025-08-15 13:04:59,Religious Festival,J030,MG Road,54742,Weekday,True,Light Rain,True,3.4,False,False,0.789,Severe,15.5,52.9,342.3,0.176,0.406,0.856,Festival crowd surge detected - alternate route and extended cycle recommended
EVT451927,2025-03-28 16:36:06,Local Market Day,J030,MG Road,3836,Weekday,False,Clear,False,0.0,False,False,0.588,High,26.5,47.9,93.2,0.09,0.208,0.95,Moderate traffic flow - standard adaptive signal timing in effect
EVT451928,2025-06-16 17:41:45,Trade Fair,J023,Basavanagudi,6453,Weekday,False,Clear,False,0.0,False,False,0.931,Severe,12.7,65.2,386.7,0.179,0.413,0.933,Heavy congestion detected - signal timing extended and reroute suggested
EVT451929,2025-02-20 19:54:15,Local Market Day,J020,Malleshwaram Circle,7252,Weekday,False,Clear,False,0.0,False,False,0.833,Severe,12.1,61.9,212.3,0.085,0.196,0.971,Heavy congestion detected - signal timing extended and reroute suggested
EVT451930,2026-05-04 14:41:13,Sports Fixture,J040,City Market,28525,Weekday,False,Fog,False,0.0,False,False,0.348,Low,25.2,25.9,242.5,0.177,0.409,0.98,Moderate traffic flow - standard adaptive signal timing in effect
EVT451931,2025-04-18 16:43:40,Political Rally,J030,MG Road,13546,Weekday,False,Clear,False,0.0,False,False,0.701,High,17.9,43.9,312.8,0.189,0.437,0.978,Moderate traffic flow - standard adaptive signal timing in effect
EVT451932,2025-12-19 20:54:00,Sports Fixture,J031,Cubbon Road,34964,Weekday,False,Clear,False,0.0,False,False,0.632,High,23.6,40.1,238.0,0.184,0.424,0.935,Moderate traffic flow - standard adaptive signal timing in effect
EVT451933,2025-05-30 07:59:15,Sports Fixture,J030,MG Road,14204,Weekday,False,Clear,False,0.0,False,False,0.859,Severe,13.2,66.1,200.8,0.111,0.255,0.952,Heavy congestion detected - signal timing extended and reroute suggested
EVT451934,2025-09-27 18:53:26,Trade Fair,J030,MG Road,13508,Weekend,False,Fog,False,0.0,False,False,0.944,Severe,9.1,59.3,572.7,0.188,0.435,0.95,Heavy congestion detected - signal timing extended and reroute suggested
EVT451935,2025-02-13 17:13:21,Sports Fixture,J030,MG Road,9887,Weekday,False,Clear,False,0.0,False,False,0.763,Severe,17.2,50.9,225.3,0.122,0.282,0.944,Heavy congestion detected - signal timing extended and reroute suggested
EVT451936,2025-12-04 20:09:46,Concert,J012,Koramangala Sony World,15015,Weekday,False,Clear,False,0.0,False,False,0.727,High,14.7,52.6,271.7,0.141,0.325,0.99,Moderate traffic flow - standard adaptive signal timing in effect
EVT451937,2025-07-31 20:06:45,Political Rally,J020,Malleshwaram Circle,23537,Weekday,False,Heavy Rain,True,40.6,False,False,1.0,Severe,6.4,76.2,785.1,0.196,0.453,0.861,Heavy rain reducing visibility and grip - reduced speed and longer buffer advised
EVT451938,2025-11-06 19:19:31,Trade Fair,J009,Majestic,10767,Weekday,False,Fog,False,0.0,False,False,0.917,Severe,11.1,68.2,496.7,0.228,0.527,0.939,Heavy congestion detected - signal timing extended and reroute suggested
EVT451939,2025-05-13 12:49:11,Trade Fair,J031,Cubbon Road,6402,Weekday,False,Clear,False,0.0,False,False,0.186,Low,34.3,17.8,120.7,0.087,0.201,0.974,Normal free-flow traffic - standard signal timing maintained
EVT451940,2025-12-01 11:25:10,Trade Fair,J031,Cubbon Road,8710,Weekday,False,Clear,False,0.0,False,False,0.338,Low,32.9,25.5,105.0,0.089,0.206,0.971,Moderate traffic flow - standard adaptive signal timing in effect
EVT451941,2025-01-06 00:19:35,Concert,J023,Basavanagudi,15076,Weekday,False,Clear,False,0.0,False,False,0.254,Low,24.5,14.9,129.1,0.073,0.168,0.987,Moderate traffic flow - standard adaptive signal timing in effect
EVT451942,2025-09-14 13:34:10,Local Market Day,J009,Majestic,3005,Weekend,False,Clear,False,0.0,False,False,0.224,Low,25.3,14.8,155.0,0.091,0.21,0.973,Normal free-flow traffic - standard signal timing maintained
EVT451943,2025-12-22 14:18:36,Trade Fair,J030,MG Road,16780,Weekday,False,Clear,False,0.0,False,False,0.308,Low,35.5,14.4,59.1,0.056,0.13,0.967,Moderate traffic flow - standard adaptive signal timing in effect
EVT451944,2026-05-26 08:04:02,Sports Fixture,J011,Indiranagar 100ft Road,42627,Weekday,False,Clear,False,0.0,False,False,1.0,Severe,7.8,76.6,767.9,0.243,0.56,0.922,Heavy congestion detected - signal timing extended and reroute suggested
EVT451945,2025-05-15 17:58:44,Sports Fixture,J020,Malleshwaram Circle,14551,Weekday,False,Clear,False,0.0,False,False,1.0,Severe,8.8,72.1,1045.2,0.36,0.831,0.934,Heavy congestion detected - signal timing extended and reroute suggested
EVT451946,2026-02-16 19:20:40,Local Market Day,J011,Indiranagar 100ft Road,1942,Weekday,False,Clear,False,0.0,False,False,0.902,Severe,10.8,65.0,313.5,0.134,0.311,0.928,Heavy congestion detected - signal timing extended and reroute suggested
EVT451947,2026-03-01 23:58:13,Sports Fixture,J040,City Market,39358,Weekend,False,Clear,False,0.0,True,False,0.797,Severe,15.5,53.0,391.2,0.203,0.468,0.827,Accident detected nearby - reroute and reduced speed advised
EVT451948,2025-08-01 13:58:46,Concert,J023,Basavanagudi,16571,Weekday,False,Clear,False,0.0,False,False,0.368,Moderate,25.1,28.4,227.7,0.163,0.378,0.957,Moderate traffic flow - standard adaptive signal timing in effect
EVT451949,2025-12-05 09:51:31,Concert,J020,Malleshwaram Circle,11693,Weekday,False,Clear,False,0.0,False,False,0.849,Severe,14.6,62.5,330.0,0.17,0.393,0.925,Heavy congestion detected - signal timing extended and reroute suggested
EVT451950,2025-09-06 17:13:07,Fireworks Display,J012,Koramangala Sony World,22604,Weekend,True,Clear,False,0.0,False,False,1.0,Severe,8.0,76.1,757.2,0.262,0.606,0.876,Festival crowd surge detected - alternate route and extended cycle recommended
EVT451951,2025-09-21 10:31:44,Local Market Day,J030,MG Road,3512,Weekend,False,Clear,False,0.0,False,False,0.511,Moderate,26.9,39.5,200.2,0.162,0.375,0.968,Moderate traffic flow - standard adaptive signal timing in effect
EVT451952,2025-07-07 08:43:01,Trade Fair,J031,Cubbon Road,8565,Weekday,False,Clear,False,0.0,False,False,1.0,Severe,8.7,70.0,351.8,0.142,0.327,0.886,Heavy congestion detected - signal timing extended and reroute suggested
EVT451953,2026-01-21 12:37:47,Sports Fixture,J040,City Market,27516,Weekday,False,Clear,False,0.0,False,False,0.353,Moderate,32.7,20.9,49.1,0.043,0.099,0.959,Moderate traffic flow - standard adaptive signal timing in effect
EVT451954,2025-04-01 14:49:45,Concert,J009,Majestic,15379,Weekday,False,Clear,False,0.0,False,False,0.241,Low,28.1,15.5,64.3,0.046,0.106,0.952,Normal free-flow traffic - standard signal timing maintained
EVT451955,2025-01-17 15:04:22,Trade Fair,J020,Malleshwaram Circle,11828,Weekday,False,Clear,False,0.0,False,False,0.328,Low,35.7,24.9,155.3,0.151,0.35,0.973,Moderate traffic flow - standard adaptive signal timing in effect
EVT451956,2025-07-27 15:12:44,Political Rally,J009,Majestic,13191,Weekend,False,Clear,False,0.0,False,False,0.421,Moderate,24.9,33.0,325.0,0.231,0.534,0.963,Moderate traffic flow - standard adaptive signal timing in effect
EVT451957,2026-02-19 11:27:32,Local Market Day,J020,Malleshwaram Circle,4280,Weekday,False,Clear,False,0.0,False,False,0.22,Low,25.5,15.5,183.8,0.106,0.246,0.969,Normal free-flow traffic - standard signal timing maintained
EVT451958,2026-03-27 18:43:12,Fireworks Display,J031,Cubbon Road,23933,Weekday,True,Clear,False,0.0,False,False,1.0,Severe,8.4,74.0,421.2,0.146,0.338,0.877,Festival crowd surge detected - alternate route and extended cycle recommended
EVT451959,2025-03-01 13:09:29,Local Market Day,J040,City Market,3600,Weekend,False,Clear,False,0.0,False,False,0.304,Low,25.0,22.7,161.9,0.115,0.265,0.975,Moderate traffic flow - standard adaptive signal timing in effect
EVT451960,2025-08-04 18:14:41,Sports Fixture,J031,Cubbon Road,19978,Weekday,False,Rain,True,14.5,False,False,1.0,Severe,8.7,73.2,607.7,0.21,0.486,0.836,Heavy rain reducing visibility and grip - reduced speed and longer buffer advised
EVT451961,2025-08-17 07:56:07,Local Market Day,J020,Malleshwaram Circle,5355,Weekend,False,Clear,False,0.0,False,False,0.633,High,16.4,45.7,202.2,0.112,0.259,0.977,Moderate traffic flow - standard adaptive signal timing in effect
EVT451962,2026-03-09 09:33:59,Sports Fixture,J031,Cubbon Road,18792,Weekday,False,Clear,False,0.0,False,False,1.0,Severe,6.6,71.0,845.8,0.237,0.547,0.91,Heavy congestion detected - signal timing extended and reroute suggested
EVT451963,2026-02-09 10:23:16,Political Rally,J012,Koramangala Sony World,16902,Weekday,False,Clear,False,0.0,False,False,0.76,Severe,14.5,54.7,187.6,0.088,0.202,0.937,Heavy congestion detected - signal timing extended and reroute suggested
EVT451964,2026-02-26 10:26:19,Local Market Day,J020,Malleshwaram Circle,5009,Weekday,False,Clear,False,0.0,False,False,0.58,High,24.7,39.5,179.8,0.156,0.361,0.99,Moderate traffic flow - standard adaptive signal timing in effect
EVT451965,2025-06-25 18:04:36,Concert,J009,Majestic,17402,Weekday,False,Heavy Rain,True,29.5,False,False,1.0,Severe,8.0,70.9,583.3,0.194,0.447,0.864,Heavy rain reducing visibility and grip - reduced speed and longer buffer advised
EVT451966,2025-07-08 10:15:25,Concert,J020,Malleshwaram Circle,14355,Weekday,False,Rain,True,9.2,False,False,0.779,Severe,12.9,55.4,450.8,0.189,0.438,0.92,Heavy rain reducing visibility and grip - reduced speed and longer buffer advised
EVT451967,2025-03-02 06:58:16,Political Rally,J011,Indiranagar 100ft Road,30351,Weekend,False,Clear,False,0.0,False,False,0.551,High,26.7,37.6,212.6,0.152,0.35,0.966,Moderate traffic flow - standard adaptive signal timing in effect
EVT451968,2025-09-05 15:50:13,Cultural Procession,J030,MG Road,22124,Weekday,True,Heavy Rain,True,33.8,False,True,1.0,Severe,6.5,99.4,739.3,0.215,0.497,0.767,Road closure for event/procession - full detour recommended for through-traffic
EVT451969,2025-04-06 10:38:26,Fireworks Display,J023,Basavanagudi,16417,Weekend,True,Fog,False,0.0,False,False,0.87,Severe,12.3,64.9,382.0,0.178,0.41,0.895,Festival crowd surge detected - alternate route and extended cycle recommended
EVT451970,2025-07-24 17:51:41,Trade Fair,J023,Basavanagudi,7734,Weekday,False,Clear,False,0.0,False,False,0.984,Severe,8.5,71.0,661.1,0.227,0.525,0.915,Heavy congestion detected - signal timing extended and reroute suggested
EVT451971,2025-08-03 09:08:29,Concert,J040,City Market,10773,Weekend,False,Clear,False,0.0,False,False,0.96,Severe,9.2,73.0,557.1,0.206,0.477,0.924,Heavy congestion detected - signal timing extended and reroute suggested
EVT451972,2025-05-01 10:04:52,Cultural Procession,J011,Indiranagar 100ft Road,11580,Weekday,True,Clear,False,0.0,False,True,1.0,Severe,7.7,102.2,689.6,0.235,0.543,0.83,Road closure for event/procession - full detour recommended for through-traffic
EVT451973,2025-02-20 17:22:05,Concert,J020,Malleshwaram Circle,14770,Weekday,False,Clear,False,0.0,False,False,0.906,Severe,12.2,61.5,222.0,0.121,0.279,0.943,Heavy congestion detected - signal timing extended and reroute suggested
EVT451974,2026-01-30 19:29:07,Trade Fair,J009,Majestic,5556,Weekday,False,Fog,False,0.0,False,False,0.805,Severe,11.0,60.7,482.7,0.176,0.406,0.976,Heavy congestion detected - signal timing extended and reroute suggested
EVT451975,2025-01-03 10:26:48,Concert,J031,Cubbon Road,24781,Weekday,False,Clear,False,0.0,False,False,0.764,Severe,14.1,52.9,440.0,0.215,0.496,0.954,Heavy congestion detected - signal timing extended and reroute suggested
EVT451976,2025-09-12 08:53:56,Sports Fixture,J023,Basavanagudi,21705,Weekday,False,Rain,True,9.9,False,False,1.0,Severe,7.1,67.9,373.0,0.14,0.324,0.862,Heavy rain reducing visibility and grip - reduced speed and longer buffer advised
EVT451977,2026-04-09 14:26:45,Concert,J011,Indiranagar 100ft Road,13664,Weekday,False,Clear,False,0.0,False,False,0.306,Low,31.9,17.0,51.4,0.024,0.056,0.956,Moderate traffic flow - standard adaptive signal timing in effect
EVT451978,2026-02-04 18:16:29,Concert,J031,Cubbon Road,13863,Weekday,False,Clear,False,0.0,False,False,1.0,Severe,8.7,74.2,549.0,0.205,0.473,0.914,Heavy congestion detected - signal timing extended and reroute suggested
EVT451979,2025-03-16 06:06:14,Political Rally,J011,Indiranagar 100ft Road,25650,Weekend,False,Clear,False,0.0,False,False,0.441,Moderate,25.2,30.8,154.6,0.112,0.259,0.99,Moderate traffic flow - standard adaptive signal timing in effect
EVT451980,2025-01-20 15:19:10,Concert,J009,Majestic,14813,Weekday,False,Clear,False,0.0,False,False,0.321,Low,31.4,24.1,76.2,0.062,0.144,0.972,Moderate traffic flow - standard adaptive signal timing in effect
EVT451981,2025-02-28 17:50:45,Concert,J023,Basavanagudi,9293,Weekday,False,Clear,False,0.0,False,False,1.0,Severe,7.4,71.4,382.1,0.145,0.335,0.92,Heavy congestion detected - signal timing extended and reroute suggested
EVT451982,2025-07-08 15:24:47,Local Market Day,J020,Malleshwaram Circle,3247,Weekday,False,Clear,False,0.0,False,False,0.334,Low,38.2,19.2,181.8,0.205,0.474,0.963,Moderate traffic flow - standard adaptive signal timing in effect
EVT451983,2026-03-26 04:57:31,Fireworks Display,J009,Majestic,27457,Weekday,True,Clear,False,0.0,False,False,0.509,Moderate,24.2,33.7,216.2,0.154,0.357,0.923,Festival crowd surge detected - alternate route and extended cycle recommended
EVT451984,2026-04-11 14:47:08,Sports Fixture,J023,Basavanagudi,27122,Weekend,False,Clear,False,0.0,False,False,0.524,Moderate,22.5,30.2,212.6,0.145,0.335,0.943,Moderate traffic flow - standard adaptive signal timing in effect
EVT451985,2026-01-14 17:02:46,Cultural Procession,J040,City Market,12734,Weekday,True,Fog,False,0.0,False,False,1.0,Severe,9.0,67.7,397.2,0.138,0.318,0.885,Festival crowd surge detected - alternate route and extended cycle recommended
EVT451986,2025-06-13 13:31:18,Local Market Day,J031,Cubbon Road,5854,Weekday,False,Rain,True,17.2,False,False,0.386,Moderate,31.5,30.0,174.5,0.159,0.367,0.929,Light rain detected - minor speed reduction advised
EVT451987,2025-02-13 16:37:03,Sports Fixture,J031,Cubbon Road,38870,Weekday,False,Clear,False,0.0,False,False,0.736,High,17.4,51.7,385.7,0.231,0.533,0.96,Moderate traffic flow - standard adaptive signal timing in effect
EVT451988,2026-06-13 17:26:33,Local Market Day,J030,MG Road,5187,Weekend,False,Clear,False,0.0,False,False,0.774,Severe,17.0,58.7,287.0,0.174,0.402,0.955,Heavy congestion detected - signal timing extended and reroute suggested
EVT451989,2025-11-19 19:06:34,Political Rally,J011,Indiranagar 100ft Road,21162,Weekday,False,Rain,True,11.6,False,False,1.0,Severe,6.5,74.7,739.8,0.213,0.491,0.856,Heavy rain reducing visibility and grip - reduced speed and longer buffer advised
EVT451990,2025-01-11 16:41:52,Political Rally,J030,MG Road,15881,Weekend,False,Clear,False,0.0,False,False,0.669,High,19.6,44.1,347.5,0.202,0.466,0.981,Moderate traffic flow - standard adaptive signal timing in effect
EVT451991,2025-08-20 17:18:33,Local Market Day,J020,Malleshwaram Circle,2446,Weekday,False,Heavy Rain,True,35.5,False,False,1.0,Severe,9.7,66.5,263.5,0.111,0.256,0.886,Heavy rain reducing visibility and grip - reduced speed and longer buffer advised
EVT451992,2025-06-15 18:52:20,Concert,J040,City Market,14658,Weekend,False,Heavy Rain,True,59.9,False,False,1.0,Severe,7.3,70.8,732.6,0.211,0.488,0.876,Heavy rain reducing visibility and grip - reduced speed and longer buffer advised
EVT451993,2025-12-10 06:56:39,Political Rally,J011,Indiranagar 100ft Road,12338,Weekday,False,Clear,False,0.0,False,False,0.473,Moderate,23.1,35.1,131.0,0.087,0.201,0.946,Moderate traffic flow - standard adaptive signal timing in effect
EVT451994,2026-04-16 14:06:21,Trade Fair,J040,City Market,7331,Weekday,False,Clear,False,0.0,False,False,0.178,Low,34.6,14.9,236.8,0.212,0.49,0.957,Normal free-flow traffic - standard signal timing maintained
EVT451995,2025-07-20 12:30:40,Local Market Day,J031,Cubbon Road,4147,Weekend,False,Rain,True,17.1,False,False,0.476,Moderate,22.8,31.2,199.7,0.144,0.332,0.922,Light rain detected - minor speed reduction advised
EVT451996,2025-09-04 11:25:47,Local Market Day,J009,Majestic,4239,Weekday,False,Light Rain,True,6.5,False,False,0.376,Moderate,29.0,27.8,171.9,0.114,0.264,0.939,Light rain detected - minor speed reduction advised
EVT451997,2025-10-24 17:35:22,Local Market Day,J040,City Market,1704,Weekday,False,Clear,False,0.0,False,False,0.844,Severe,13.4,63.2,301.2,0.148,0.341,0.941,Heavy congestion detected - signal timing extended and reroute suggested
EVT451998,2026-01-10 08:32:38,Local Market Day,J030,MG Road,7803,Weekend,False,Clear,False,0.0,False,False,0.862,Severe,15.5,64.9,291.2,0.158,0.366,0.928,Heavy congestion detected - signal timing extended and reroute suggested
EVT451999,2025-08-18 12:11:46,Trade Fair,J020,Malleshwaram Circle,7948,Weekday,False,Clear,False,0.0,False,False,0.268,Low,34.3,27.8,70.5,0.06,0.139,0.954,Moderate traffic flow - standard adaptive signal timing in effect
EVT452000,2025-12-24 18:54:43,Local Market Day,J009,Majestic,8687,Weekday,False,Clear,False,0.0,False,False,1.0,Severe,8.4,72.8,530.2,0.197,0.456,0.931,Heavy congestion detected - signal timing extended and reroute suggested
EVT452001,2025-07-15 10:56:54,Concert,J040,City Market,20221,Weekday,False,Clear,False,0.0,False,False,0.561,High,21.5,37.5,145.2,0.088,0.204,0.968,Moderate traffic flow - standard adaptive signal timing in effect
EVT452002,2025-07-14 06:49:22,Sports Fixture,J020,Malleshwaram Circle,10949,Weekday,False,Heavy Rain,True,32.6,False,False,0.827,Severe,12.5,58.5,412.4,0.179,0.414,0.923,Heavy rain reducing visibility and grip - reduced speed and longer buffer advised
EVT452003,2025-02-27 14:20:26,Concert,J012,Koramangala Sony World,17966,Weekday,False,Clear,False,0.0,False,False,0.256,Low,31.7,17.6,126.0,0.108,0.249,0.958,Moderate traffic flow - standard adaptive signal timing in effect
EVT452004,2026-06-09 20:24:50,Political Rally,J040,City Market,14980,Weekday,False,Clear,False,0.0,False,False,0.674,High,15.0,54.7,253.5,0.114,0.264,0.972,Moderate traffic flow - standard adaptive signal timing in effect
EVT452005,2026-01-28 21:43:21,Local Market Day,J020,Malleshwaram Circle,3622,Weekday,False,Clear,False,0.0,False,False,0.284,Low,24.9,18.3,133.8,0.103,0.238,0.977,Moderate traffic flow - standard adaptive signal timing in effect
EVT452006,2025-09-16 19:14:24,Sports Fixture,J040,City Market,49027,Weekday,False,Clear,False,0.0,False,False,1.0,Severe,6.9,68.6,225.0,0.078,0.18,0.896,Heavy congestion detected - signal timing extended and reroute suggested
EVT452007,2025-05-27 18:10:23,Local Market Day,J011,Indiranagar 100ft Road,2223,Weekday,False,Clear,False,0.0,False,False,1.0,Severe,7.6,68.0,661.1,0.191,0.44,0.874,Heavy congestion detected - signal timing extended and reroute suggested
EVT452008,2025-09-25 08:01:01,Concert,J011,Indiranagar 100ft Road,11041,Weekday,False,Heavy Rain,True,29.9,False,False,1.0,Severe,10.0,68.8,552.4,0.213,0.491,0.843,Heavy rain reducing visibility and grip - reduced speed and longer buffer advised
EVT452009,2025-10-18 16:34:54,Sports Fixture,J011,Indiranagar 100ft Road,9824,Weekend,False,Clear,False,0.0,False,False,0.685,High,13.6,52.2,426.3,0.195,0.449,0.982,Moderate traffic flow - standard adaptive signal timing in effect
EVT452010,2025-07-12 16:57:47,Local Market Day,J011,Indiranagar 100ft Road,3116,Weekend,False,Clear,False,0.0,False,False,0.62,High,18.6,44.7,218.0,0.144,0.332,0.955,Moderate traffic flow - standard adaptive signal timing in effect
EVT452011,2025-11-28 08:52:27,Sports Fixture,J030,MG Road,30298,Weekday,False,Clear,False,0.0,False,False,1.0,Severe,11.1,74.9,516.7,0.228,0.527,0.903,Heavy congestion detected - signal timing extended and reroute suggested
EVT452012,2025-01-23 19:32:26,Political Rally,J040,City Market,16216,Weekday,False,Clear,False,0.0,False,False,0.917,Severe,9.9,66.2,396.8,0.169,0.391,0.925,Heavy congestion detected - signal timing extended and reroute suggested
EVT452013,2025-07-09 18:33:02,Trade Fair,J020,Malleshwaram Circle,5368,Weekday,False,Heavy Rain,True,31.7,True,False,1.0,Severe,8.1,73.4,764.1,0.253,0.584,0.717,Accident detected nearby - reroute and reduced speed advised
EVT452014,2025-04-05 08:37:01,Political Rally,J020,Malleshwaram Circle,17702,Weekend,False,Fog,False,0.0,False,False,0.884,Severe,13.4,59.3,484.9,0.219,0.506,0.935,Heavy congestion detected - signal timing extended and reroute suggested
EVT452015,2025-10-08 17:52:42,Concert,J040,City Market,10046,Weekday,False,Clear,False,0.0,False,False,1.0,Severe,8.9,75.3,210.5,0.103,0.239,0.929,Heavy congestion detected - signal timing extended and reroute suggested
EVT452016,2025-09-04 09:10:32,Sports Fixture,J011,Indiranagar 100ft Road,15348,Weekday,False,Rain,True,22.3,False,False,1.0,Severe,10.4,73.0,701.9,0.304,0.703,0.841,Heavy rain reducing visibility and grip - reduced speed and longer buffer advised
EVT452017,2026-04-08 08:15:34,Concert,J012,Koramangala Sony World,9481,Weekday,False,Rain,True,10.1,False,False,1.0,Severe,8.8,79.4,586.8,0.223,0.516,0.894,Heavy rain reducing visibility and grip - reduced speed and longer buffer advised
EVT452018,2025-12-03 19:53:50,Political Rally,J012,Koramangala Sony World,13284,Weekday,False,Clear,False,0.0,False,False,0.788,Severe,16.0,59.0,327.2,0.169,0.392,0.949,Heavy congestion detected - signal timing extended and reroute suggested
EVT452019,2026-01-08 07:22:05,Local Market Day,J012,Koramangala Sony World,2723,Weekday,False,Clear,False,0.0,False,False,0.534,Moderate,18.1,34.2,147.9,0.097,0.224,0.964,Moderate traffic flow - standard adaptive signal timing in effect
EVT452020,2026-06-24 21:47:43,Local Market Day,J020,Malleshwaram Circle,3395,Weekday,False,Clear,False,0.0,False,False,0.289,Low,33.3,27.1,223.2,0.201,0.465,0.968,Moderate traffic flow - standard adaptive signal timing in effect
EVT452021,2026-03-08 17:56:28,Sports Fixture,J011,Indiranagar 100ft Road,13531,Weekend,False,Clear,False,0.0,False,False,0.91,Severe,11.1,67.6,260.7,0.12,0.276,0.953,Heavy congestion detected - signal timing extended and reroute suggested
EVT452022,2025-09-28 13:13:59,Sports Fixture,J040,City Market,19506,Weekend,False,Rain,True,19.6,False,False,0.574,High,20.1,43.6,207.1,0.137,0.316,0.924,Heavy rain reducing visibility and grip - reduced speed and longer buffer advised
EVT452023,2025-01-06 15:16:01,Concert,J023,Basavanagudi,12353,Weekday,False,Clear,False,0.0,False,False,0.348,Low,24.0,18.9,202.0,0.126,0.292,0.958,Moderate traffic flow - standard adaptive signal timing in effect
EVT452024,2025-08-11 16:43:42,Sports Fixture,J040,City Market,7702,Weekday,False,Heavy Rain,True,38.3,False,False,1.0,Severe,11.6,70.6,298.4,0.145,0.334,0.891,Heavy rain reducing visibility and grip - reduced speed and longer buffer advised
EVT452025,2026-03-01 14:57:36,Local Market Day,J012,Koramangala Sony World,3806,Weekend,False,Clear,False,0.0,False,False,0.276,Low,25.8,17.2,190.4,0.135,0.313,0.982,Moderate traffic flow - standard adaptive signal timing in effect
EVT452026,2026-02-14 21:33:37,Sports Fixture,J011,Indiranagar 100ft Road,26008,Weekend,False,Clear,False,0.0,False,False,0.53,Moderate,24.1,38.7,161.3,0.12,0.277,0.97,Moderate traffic flow - standard adaptive signal timing in effect
EVT452027,2026-03-18 11:17:17,Concert,J030,MG Road,6947,Weekday,False,Clear,False,0.0,False,False,0.422,Moderate,30.8,28.0,218.6,0.203,0.469,0.961,Moderate traffic flow - standard adaptive signal timing in effect
EVT452028,2025-10-07 12:32:54,Political Rally,J023,Basavanagudi,15973,Weekday,False,Rain,True,9.4,False,False,0.384,Moderate,29.5,23.5,183.8,0.149,0.343,0.923,Light rain detected - minor speed reduction advised
EVT452029,2025-04-11 12:28:26,Local Market Day,J031,Cubbon Road,5632,Weekday,False,Clear,False,0.0,False,False,0.184,Low,32.6,11.8,110.4,0.092,0.213,0.963,Normal free-flow traffic - standard signal timing maintained
EVT452030,2026-02-22 17:27:18,Concert,J009,Majestic,16748,Weekend,False,Clear,False,0.0,False,False,0.755,Severe,16.3,53.6,268.0,0.157,0.364,0.957,Heavy congestion detected - signal timing extended and reroute suggested
EVT452031,2026-01-03 23:29:11,Local Market Day,J023,Basavanagudi,3334,Weekend,False,Clear,False,0.0,False,False,0.166,Low,37.8,10.0,123.3,0.122,0.282,0.971,Normal free-flow traffic - standard signal timing maintained
EVT452032,2025-07-05 18:43:56,Concert,J012,Koramangala Sony World,9014,Weekend,False,Heavy Rain,True,29.3,False,False,1.0,Severe,7.8,67.2,495.6,0.179,0.413,0.865,Heavy rain reducing visibility and grip - reduced speed and longer buffer advised
EVT452033,2025-02-27 10:58:32,Sports Fixture,J009,Majestic,21402,Weekday,False,Clear,False,0.0,False,False,0.613,High,20.6,46.8,335.4,0.211,0.488,0.972,Moderate traffic flow - standard adaptive signal timing in effect
EVT452034,2025-11-26 06:01:55,Sports Fixture,J009,Majestic,16245,Weekday,False,Clear,False,0.0,False,False,0.331,Low,29.5,23.6,124.0,0.103,0.238,0.979,Moderate traffic flow - standard adaptive signal timing in effect
EVT452035,2025-04-11 19:35:29,Political Rally,J030,MG Road,14685,Weekday,False,Clear,False,0.0,False,False,0.862,Severe,13.6,60.5,312.4,0.165,0.38,0.931,Heavy congestion detected - signal timing extended and reroute suggested
EVT452036,2025-02-26 14:10:57,Trade Fair,J020,Malleshwaram Circle,14967,Weekday,False,Clear,False,0.0,False,False,0.274,Low,31.7,19.1,185.1,0.141,0.325,0.969,Moderate traffic flow - standard adaptive signal timing in effect
EVT452037,2025-03-23 20:15:32,Trade Fair,J011,Indiranagar 100ft Road,4281,Weekend,False,Clear,False,0.0,False,False,0.529,Moderate,23.5,41.6,116.5,0.072,0.166,0.969,Moderate traffic flow - standard adaptive signal timing in effect
EVT452038,2025-07-20 12:05:17,Concert,J040,City Market,15100,Weekend,False,Clear,False,0.0,False,False,0.335,Low,27.3,25.7,189.6,0.138,0.319,0.957,Moderate traffic flow - standard adaptive signal timing in effect
EVT452039,2025-02-19 08:40:23,Trade Fair,J030,MG Road,7752,Weekday,False,Clear,False,0.0,False,False,1.0,Severe,8.1,76.7,497.1,0.175,0.404,0.93,Heavy congestion detected - signal timing extended and reroute suggested
EVT452040,2025-01-24 06:41:00,Political Rally,J020,Malleshwaram Circle,12610,Weekday,False,Clear,False,0.0,False,False,0.455,Moderate,19.8,32.7,163.7,0.096,0.221,0.984,Moderate traffic flow - standard adaptive signal timing in effect
EVT452041,2026-05-07 05:29:36,Concert,J023,Basavanagudi,9544,Weekday,False,Clear,False,0.0,False,False,0.15,Low,42.2,2.5,30.3,0.018,0.042,0.97,Normal free-flow traffic - standard signal timing maintained
EVT452042,2025-10-06 10:33:28,Sports Fixture,J020,Malleshwaram Circle,13715,Weekday,False,Clear,False,0.0,False,False,0.733,High,12.5,54.9,302.6,0.131,0.303,0.975,Moderate traffic flow - standard adaptive signal timing in effect
EVT452043,2026-06-16 19:01:40,Local Market Day,J011,Indiranagar 100ft Road,6867,Weekday,False,Clear,False,0.0,False,False,1.0,Severe,8.4,68.0,802.2,0.261,0.604,0.918,Heavy congestion detected - signal timing extended and reroute suggested
EVT452044,2026-05-14 07:47:16,Concert,J031,Cubbon Road,10467,Weekday,False,Clear,False,0.0,False,False,0.739,High,15.1,56.4,403.2,0.217,0.502,0.938,Moderate traffic flow - standard adaptive signal timing in effect
EVT452045,2025-08-10 19:28:16,Trade Fair,J020,Malleshwaram Circle,3319,Weekend,False,Clear,False,0.0,False,False,0.789,Severe,13.4,50.9,489.1,0.225,0.52,0.949,Heavy congestion detected - signal timing extended and reroute suggested
EVT452046,2025-07-12 13:48:11,Sports Fixture,J030,MG Road,15626,Weekend,False,Heavy Rain,True,44.7,False,False,0.658,High,16.8,46.3,296.5,0.152,0.351,0.951,Heavy rain reducing visibility and grip - reduced speed and longer buffer advised
EVT452047,2025-05-22 18:54:48,Concert,J011,Indiranagar 100ft Road,11557,Weekday,False,Clear,False,0.0,False,False,1.0,Severe,6.9,70.4,677.2,0.224,0.518,0.922,Heavy congestion detected - signal timing extended and reroute suggested
EVT452048,2025-06-11 16:05:32,Concert,J012,Koramangala Sony World,15100,Weekday,False,Clear,False,0.0,False,False,0.524,Moderate,24.7,38.4,84.7,0.057,0.131,0.945,Moderate traffic flow - standard adaptive signal timing in effect
EVT452049,2026-06-11 10:51:29,Local Market Day,J012,Koramangala Sony World,4226,Weekday,False,Clear,False,0.0,False,False,0.549,Moderate,21.5,37.4,115.8,0.095,0.22,0.956,Moderate traffic flow - standard adaptive signal timing in effect
EVT452050,2025-10-02 17:46:06,Religious Festival,J031,Cubbon Road,27955,Weekday,True,Rain,True,21.3,False,False,1.0,Severe,7.2,67.8,720.9,0.234,0.541,0.787,Festival crowd surge detected - alternate route and extended cycle recommended
EVT452051,2025-03-15 05:39:25,Religious Festival,J020,Malleshwaram Circle,27844,Weekend,True,Clear,False,0.0,False,False,0.666,High,21.9,43.6,241.2,0.171,0.396,0.919,Festival crowd surge detected - alternate route and extended cycle recommended
EVT452052,2026-02-22 12:56:10,Local Market Day,J012,Koramangala Sony World,3165,Weekend,False,Clear,False,0.0,False,False,0.198,Low,33.1,19.4,77.4,0.052,0.121,0.979,Normal free-flow traffic - standard signal timing maintained
EVT452053,2025-12-01 19:56:35,Political Rally,J031,Cubbon Road,18080,Weekday,False,Clear,False,0.0,False,False,0.866,Severe,12.2,62.6,498.3,0.22,0.509,0.919,Heavy congestion detected - signal timing extended and reroute suggested
EVT452054,2026-05-28 21:30:52,Sports Fixture,J020,Malleshwaram Circle,23614,Weekday,False,Clear,False,0.0,False,False,0.414,Moderate,24.1,29.6,240.7,0.177,0.408,0.966,Moderate traffic flow - standard adaptive signal timing in effect
EVT452055,2026-04-04 12:01:39,Local Market Day,J011,Indiranagar 100ft Road,2516,Weekend,False,Clear,False,0.0,False,False,0.323,Low,23.2,25.5,92.9,0.065,0.151,0.955,Moderate traffic flow - standard adaptive signal timing in effect
EVT452056,2025-12-28 09:33:12,Local Market Day,J030,MG Road,6141,Weekend,False,Clear,False,0.0,False,False,0.819,Severe,15.8,58.7,159.6,0.112,0.259,0.937,Heavy congestion detected - signal timing extended and reroute suggested
EVT452057,2026-05-10 19:22:01,Local Market Day,J031,Cubbon Road,3869,Weekend,False,Clear,False,0.0,False,False,0.807,Severe,14.5,54.4,385.7,0.183,0.423,0.938,Heavy congestion detected - signal timing extended and reroute suggested
EVT452058,2025-04-22 16:33:15,Trade Fair,J031,Cubbon Road,12294,Weekday,False,Clear,False,0.0,False,False,0.68,High,18.9,52.8,282.7,0.182,0.42,0.952,Moderate traffic flow - standard adaptive signal timing in effect
EVT452059,2026-03-08 07:42:52,Concert,J011,Indiranagar 100ft Road,6603,Weekend,False,Clear,False,0.0,False,False,0.594,High,22.0,42.5,236.6,0.16,0.369,0.956,Moderate traffic flow - standard adaptive signal timing in effect
EVT452060,2025-08-29 16:00:24,Sports Fixture,J012,Koramangala Sony World,12466,Weekday,False,Clear,False,0.0,False,False,0.561,High,20.4,41.9,168.7,0.112,0.259,0.978,Moderate traffic flow - standard adaptive signal timing in effect
EVT452061,2025-09-19 13:46:31,Sports Fixture,J031,Cubbon Road,20900,Weekday,False,Clear,False,0.0,False,False,0.355,Moderate,33.5,24.6,108.9,0.1,0.232,0.951,Moderate traffic flow - standard adaptive signal timing in effect
EVT452062,2025-10-08 08:29:02,Local Market Day,J030,MG Road,3749,Weekday,False,Clear,False,0.0,False,False,0.924,Severe,8.3,68.5,323.2,0.112,0.258,0.905,Heavy congestion detected - signal timing extended and reroute suggested
EVT452063,2025-01-01 05:06:33,Political Rally,J011,Indiranagar 100ft Road,20367,Weekday,False,Clear,False,0.0,False,False,0.324,Low,28.2,21.7,188.6,0.131,0.304,0.99,Moderate traffic flow - standard adaptive signal timing in effect
EVT452064,2025-11-28 07:40:42,Local Market Day,J020,Malleshwaram Circle,3050,Weekday,False,Fog,False,0.0,False,False,0.687,High,19.3,46.5,243.7,0.177,0.409,0.974,Moderate traffic flow - standard adaptive signal timing in effect
EVT452065,2025-03-16 14:40:04,Concert,J031,Cubbon Road,8537,Weekend,False,Clear,False,0.0,False,False,0.266,Low,35.8,21.5,130.3,0.111,0.256,0.947,Moderate traffic flow - standard adaptive signal timing in effect
EVT452066,2025-06-04 13:42:24,Political Rally,J031,Cubbon Road,16714,Weekday,False,Clear,False,0.0,False,False,0.3,Low,29.9,16.1,145.4,0.111,0.257,0.988,Moderate traffic flow - standard adaptive signal timing in effect
EVT452067,2025-04-24 19:21:07,Local Market Day,J020,Malleshwaram Circle,3835,Weekday,False,Clear,False,0.0,False,False,0.888,Severe,11.4,59.5,332.2,0.145,0.334,0.94,Heavy congestion detected - signal timing extended and reroute suggested
EVT452068,2025-02-08 15:10:26,Political Rally,J030,MG Road,9725,Weekend,False,Clear,False,0.0,False,False,0.363,Moderate,28.0,26.8,212.9,0.157,0.362,0.971,Moderate traffic flow - standard adaptive signal timing in effect
EVT452069,2025-06-11 09:46:39,Trade Fair,J030,MG Road,5599,Weekday,False,Clear,False,0.0,False,False,0.914,Severe,11.6,62.4,462.9,0.195,0.451,0.929,Heavy congestion detected - signal timing extended and reroute suggested
EVT452070,2025-06-18 12:44:10,Sports Fixture,J030,MG Road,16714,Weekday,False,Heavy Rain,True,46.0,False,False,0.657,High,22.7,41.2,264.9,0.221,0.51,0.901,Heavy rain reducing visibility and grip - reduced speed and longer buffer advised
EVT452071,2025-05-20 15:36:49,Sports Fixture,J031,Cubbon Road,41853,Weekday,False,Clear,False,0.0,False,False,0.595,High,20.6,42.1,266.1,0.166,0.384,0.986,Moderate traffic flow - standard adaptive signal timing in effect
EVT452072,2025-04-18 16:58:23,Local Market Day,J040,City Market,2567,Weekday,False,Rain,True,9.8,False,False,0.838,Severe,14.2,63.3,419.5,0.219,0.507,0.905,Heavy rain reducing visibility and grip - reduced speed and longer buffer advised
EVT452073,2025-09-08 05:33:36,Local Market Day,J040,City Market,4941,Weekday,False,Rain,True,12.6,False,False,0.38,Moderate,23.5,34.4,309.3,0.228,0.527,0.901,Light rain detected - minor speed reduction advised
EVT452074,2025-01-16 17:05:27,Local Market Day,J030,MG Road,5370,Weekday,False,Clear,False,0.0,False,False,0.811,Severe,13.9,59.1,341.9,0.166,0.383,0.974,Heavy congestion detected - signal timing extended and reroute suggested
EVT452075,2026-05-17 13:02:51,Sports Fixture,J020,Malleshwaram Circle,30097,Weekend,False,Rain,True,19.0,False,False,0.578,High,21.1,43.0,214.3,0.15,0.346,0.938,Heavy rain reducing visibility and grip - reduced speed and longer buffer advised
EVT452076,2026-04-28 16:46:17,Local Market Day,J040,City Market,5513,Weekday,False,Clear,False,0.0,False,False,0.616,High,21.1,45.9,126.6,0.064,0.148,0.98,Moderate traffic flow - standard adaptive signal timing in effect
EVT452077,2026-06-16 11:57:33,Concert,J020,Malleshwaram Circle,17972,Weekday,False,Light Rain,True,3.1,False,False,0.352,Moderate,26.7,23.7,118.4,0.087,0.201,0.905,Light rain detected - minor speed reduction advised
EVT452078,2025-08-16 13:09:04,Cultural Procession,J011,Indiranagar 100ft Road,10652,Weekend,True,Heavy Rain,True,52.3,False,True,1.0,Severe,8.4,107.6,455.2,0.174,0.403,0.782,Road closure for event/procession - full detour recommended for through-traffic
EVT452079,2025-10-07 20:13:43,Concert,J030,MG Road,13682,Weekday,False,Rain,True,8.5,False,False,0.847,Severe,15.1,57.0,243.5,0.123,0.284,0.895,Heavy rain reducing visibility and grip - reduced speed and longer buffer advised
EVT452080,2025-08-15 17:57:29,Religious Festival,J012,Koramangala Sony World,36986,Weekday,True,Rain,True,11.3,False,True,1.0,Severe,9.6,103.3,516.1,0.225,0.519,0.781,Road closure for event/procession - full detour recommended for through-traffic
EVT452081,2025-02-09 20:03:44,Political Rally,J012,Koramangala Sony World,13327,Weekend,False,Clear,False,0.0,False,False,0.743,High,16.5,55.7,388.9,0.223,0.515,0.97,Moderate traffic flow - standard adaptive signal timing in effect
EVT452082,2026-05-14 18:17:45,Local Market Day,J040,City Market,2948,Weekday,False,Clear,False,0.0,False,False,0.993,Severe,7.9,72.0,639.8,0.217,0.502,0.945,Heavy congestion detected - signal timing extended and reroute suggested
EVT452083,2025-06-27 05:06:08,Concert,J031,Cubbon Road,7940,Weekday,False,Heavy Rain,True,43.8,False,False,0.54,Moderate,19.5,39.9,182.3,0.09,0.208,0.902,Light rain detected - minor speed reduction advised
EVT452084,2025-07-19 06:05:46,Sports Fixture,J023,Basavanagudi,22491,Weekend,False,Clear,False,0.0,False,False,0.392,Moderate,27.5,24.8,196.7,0.152,0.35,0.963,Moderate traffic flow - standard adaptive signal timing in effect
EVT452085,2025-01-09 19:50:32,Concert,J040,City Market,21524,Weekday,False,Clear,False,0.0,False,False,0.866,Severe,12.8,56.2,577.7,0.263,0.608,0.941,Heavy congestion detected - signal timing extended and reroute suggested
EVT452086,2025-09-27 13:57:51,Sports Fixture,J009,Majestic,18650,Weekend,False,Clear,False,0.0,False,False,0.351,Moderate,26.4,26.3,147.6,0.104,0.241,0.986,Moderate traffic flow - standard adaptive signal timing in effect
EVT452087,2025-08-24 10:31:53,Sports Fixture,J030,MG Road,29844,Weekend,False,Clear,False,0.0,False,False,0.681,High,13.5,43.7,126.2,0.055,0.128,0.956,Moderate traffic flow - standard adaptive signal timing in effect
EVT452088,2025-02-24 16:30:04,Trade Fair,J012,Koramangala Sony World,6411,Weekday,False,Clear,False,0.0,False,False,0.599,High,22.7,34.8,212.0,0.161,0.371,0.985,Moderate traffic flow - standard adaptive signal timing in effect
EVT452089,2026-03-31 11:48:34,Trade Fair,J030,MG Road,5171,Weekday,False,Rain,True,13.4,False,False,0.432,Moderate,37.1,28.6,184.9,0.196,0.453,0.938,Light rain detected - minor speed reduction advised
EVT452090,2026-06-01 17:13:43,Local Market Day,J009,Majestic,3074,Weekday,False,Clear,False,0.0,False,False,0.766,Severe,14.1,51.0,259.9,0.131,0.302,0.963,Heavy congestion detected - signal timing extended and reroute suggested
EVT452091,2025-01-02 09:07:49,Sports Fixture,J009,Majestic,27555,Weekday,False,Clear,False,0.0,False,False,1.0,Severe,9.4,73.0,567.0,0.208,0.479,0.9,Heavy congestion detected - signal timing extended and reroute suggested
EVT452092,2025-10-26 16:40:49,Sports Fixture,J020,Malleshwaram Circle,27210,Weekend,False,Clear,False,0.0,True,False,1.0,Severe,8.4,68.0,350.1,0.139,0.321,0.77,Accident detected nearby - reroute and reduced speed advised
EVT452093,2025-08-30 09:25:23,Local Market Day,J023,Basavanagudi,4955,Weekend,False,Clear,False,0.0,False,False,0.971,Severe,10.7,67.3,232.0,0.104,0.24,0.919,Heavy congestion detected - signal timing extended and reroute suggested
EVT452094,2025-05-13 13:12:13,Local Market Day,J040,City Market,2997,Weekday,False,Clear,False,0.0,False,False,0.185,Low,41.3,14.1,135.3,0.154,0.355,0.967,Normal free-flow traffic - standard signal timing maintained
EVT452095,2025-02-20 18:48:27,Sports Fixture,J012,Koramangala Sony World,28293,Weekday,False,Clear,False,0.0,False,False,1.0,Severe,8.8,73.7,349.2,0.163,0.376,0.928,Heavy congestion detected - signal timing extended and reroute suggested
EVT452096,2025-10-30 18:51:06,Trade Fair,J011,Indiranagar 100ft Road,12284,Weekday,False,Clear,False,0.0,False,False,1.0,Severe,9.0,74.4,383.2,0.134,0.309,0.884,Heavy congestion detected - signal timing extended and reroute suggested
EVT452097,2026-03-16 19:07:45,Sports Fixture,J023,Basavanagudi,18109,Weekday,False,Clear,False,0.0,False,False,1.0,Severe,7.1,67.1,597.6,0.172,0.396,0.917,Heavy congestion detected - signal timing extended and reroute suggested
EVT452098,2025-11-13 18:22:10,Local Market Day,J023,Basavanagudi,2772,Weekday,False,Clear,False,0.0,False,False,1.0,Severe,8.0,72.0,600.2,0.195,0.449,0.891,Heavy congestion detected - signal timing extended and reroute suggested
EVT452099,2026-01-11 17:03:15,Local Market Day,J030,MG Road,5725,Weekend,False,Clear,False,0.0,False,False,0.675,High,24.6,48.2,152.4,0.126,0.291,0.981,Moderate traffic flow - standard adaptive signal timing in effect
EVT452100,2025-10-19 16:29:56,Local Market Day,J040,City Market,4631,Weekend,False,Heavy Rain,True,25.3,False,False,0.788,Severe,19.5,56.5,190.3,0.112,0.259,0.905,Heavy rain reducing visibility and grip - reduced speed and longer buffer advised
EVT452101,2025-12-22 22:54:30,Sports Fixture,J012,Koramangala Sony World,18418,Weekday,False,Clear,False,0.0,False,False,0.245,Low,28.7,21.6,100.7,0.075,0.173,0.946,Normal free-flow traffic - standard signal timing maintained
EVT452102,2026-06-05 18:42:49,Local Market Day,J023,Basavanagudi,8482,Weekday,False,Rain,True,17.0,False,False,1.0,Severe,5.8,74.9,934.9,0.229,0.529,0.88,Heavy rain reducing visibility and grip - reduced speed and longer buffer advised
EVT452103,2026-04-17 20:36:58,Concert,J009,Majestic,6747,Weekday,False,Clear,False,0.0,False,False,0.572,High,18.5,43.5,295.1,0.157,0.363,0.95,Moderate traffic flow - standard adaptive signal timing in effect
EVT452104,2025-06-28 14:52:53,Sports Fixture,J040,City Market,23069,Weekend,False,Clear,False,0.0,False,False,0.415,Moderate,30.7,25.3,133.6,0.115,0.266,0.975,Moderate traffic flow - standard adaptive signal timing in effect
EVT452105,2025-06-19 08:55:16,Political Rally,J012,Koramangala Sony World,10995,Weekday,False,Rain,True,17.9,False,False,1.0,Severe,9.4,68.7,513.8,0.209,0.482,0.873,Heavy rain reducing visibility and grip - reduced speed and longer buffer advised
EVT452106,2026-06-08 21:09:30,Trade Fair,J011,Indiranagar 100ft Road,10534,Weekday,False,Rain,True,21.4,False,False,0.639,High,20.1,47.1,419.9,0.279,0.645,0.89,Heavy rain reducing visibility and grip - reduced speed and longer buffer advised
EVT452107,2026-04-21 17:53:32,Sports Fixture,J040,City Market,28349,Weekday,False,Clear,False,0.0,False,False,1.0,Severe,9.3,67.5,569.3,0.21,0.486,0.929,Heavy congestion detected - signal timing extended and reroute suggested
EVT452108,2025-08-21 13:24:47,Trade Fair,J031,Cubbon Road,11408,Weekday,False,Clear,False,0.0,False,False,0.213,Low,31.9,15.2,87.6,0.083,0.192,0.93,Normal free-flow traffic - standard signal timing maintained
EVT452109,2025-01-28 15:05:55,Local Market Day,J011,Indiranagar 100ft Road,2353,Weekday,False,Clear,False,0.0,False,False,0.204,Low,36.6,15.5,149.3,0.147,0.339,0.97,Normal free-flow traffic - standard signal timing maintained
EVT452110,2025-04-22 08:06:29,Local Market Day,J020,Malleshwaram Circle,4693,Weekday,False,Clear,False,0.0,False,False,0.878,Severe,13.8,65.7,319.7,0.19,0.44,0.892,Heavy congestion detected - signal timing extended and reroute suggested
EVT452111,2026-05-05 15:58:46,Local Market Day,J012,Koramangala Sony World,5997,Weekday,False,Heavy Rain,True,36.8,False,False,0.743,High,13.8,56.7,151.9,0.076,0.176,0.907,Heavy rain reducing visibility and grip - reduced speed and longer buffer advised
EVT452112,2025-11-08 16:38:17,Sports Fixture,J040,City Market,27141,Weekend,False,Clear,False,0.0,False,False,0.778,Severe,17.0,56.5,285.8,0.164,0.378,0.962,Heavy congestion detected - signal timing extended and reroute suggested
EVT452113,2025-05-02 07:14:28,Cultural Procession,J040,City Market,34209,Weekday,True,Clear,False,0.0,False,True,1.0,Severe,7.1,90.6,220.5,0.102,0.236,0.825,Road closure for event/procession - full detour recommended for through-traffic
EVT452114,2025-01-25 09:15:23,Sports Fixture,J023,Basavanagudi,27416,Weekend,False,Clear,False,0.0,False,False,0.931,Severe,11.8,69.0,217.1,0.113,0.261,0.911,Heavy congestion detected - signal timing extended and reroute suggested
EVT452115,2026-04-28 10:01:12,Trade Fair,J040,City Market,10601,Weekday,False,Clear,False,0.0,False,False,0.768,Severe,13.6,59.0,341.8,0.169,0.391,0.946,Heavy congestion detected - signal timing extended and reroute suggested
EVT452116,2025-03-26 13:22:25,Sports Fixture,J040,City Market,10452,Weekday,False,Clear,False,0.0,False,False,0.141,Low,39.7,11.7,144.4,0.159,0.367,0.958,Normal free-flow traffic - standard signal timing maintained
EVT452117,2025-12-12 15:03:36,Sports Fixture,J009,Majestic,29726,Weekday,False,Clear,False,0.0,False,False,0.43,Moderate,26.6,35.4,272.3,0.225,0.52,0.951,Moderate traffic flow - standard adaptive signal timing in effect
EVT452118,2026-05-23 10:46:18,Local Market Day,J040,City Market,4290,Weekend,False,Clear,False,0.0,False,False,0.466,Moderate,27.8,33.9,250.1,0.218,0.503,0.952,Moderate traffic flow - standard adaptive signal timing in effect
EVT452119,2025-05-02 19:40:49,Cultural Procession,J011,Indiranagar 100ft Road,24566,Weekday,True,Clear,False,0.0,False,True,1.0,Severe,7.7,103.2,665.0,0.202,0.466,0.86,Road closure for event/procession - full detour recommended for through-traffic
EVT452120,2026-05-17 14:47:26,Sports Fixture,J020,Malleshwaram Circle,20930,Weekend,False,Clear,False,0.0,False,False,0.476,Moderate,21.6,31.5,162.3,0.111,0.255,0.964,Moderate traffic flow - standard adaptive signal timing in effect
EVT452121,2026-06-20 15:02:28,Local Market Day,J023,Basavanagudi,4949,Weekend,False,Clear,False,0.0,False,False,0.23,Low,31.3,15.6,147.9,0.116,0.268,0.945,Normal free-flow traffic - standard signal timing maintained
EVT452122,2026-06-01 10:36:26,Trade Fair,J009,Majestic,5185,Weekday,False,Clear,False,0.0,False,False,0.582,High,18.9,49.3,221.0,0.145,0.334,0.973,Moderate traffic flow - standard adaptive signal timing in effect
EVT452123,2025-11-08 15:09:35,Local Market Day,J040,City Market,1641,Weekend,False,Clear,False,0.0,False,False,0.348,Low,31.0,25.8,211.2,0.2,0.461,0.966,Moderate traffic flow - standard adaptive signal timing in effect
EVT452124,2025-08-12 07:57:38,Local Market Day,J040,City Market,5155,Weekday,False,Clear,False,0.0,False,False,0.838,Severe,15.3,64.4,347.6,0.174,0.403,0.937,Heavy congestion detected - signal timing extended and reroute suggested
EVT452125,2025-10-30 18:30:11,Concert,J009,Majestic,18659,Weekday,False,Clear,False,0.0,False,False,1.0,Severe,9.4,71.0,616.1,0.241,0.557,0.917,Heavy congestion detected - signal timing extended and reroute suggested
EVT452126,2026-02-20 12:15:09,Political Rally,J012,Koramangala Sony World,17087,Weekday,False,Fog,False,0.0,False,False,0.284,Low,33.0,21.9,155.6,0.132,0.304,0.981,Moderate traffic flow - standard adaptive signal timing in effect
EVT452127,2025-11-14 08:49:12,Trade Fair,J020,Malleshwaram Circle,10407,Weekday,False,Clear,False,0.0,False,False,1.0,Severe,8.0,68.7,570.6,0.182,0.421,0.887,Heavy congestion detected - signal timing extended and reroute suggested
EVT452128,2025-08-17 05:10:44,Concert,J023,Basavanagudi,15165,Weekend,False,Heavy Rain,True,35.8,False,False,0.741,High,17.8,55.0,247.2,0.17,0.392,0.922,Heavy rain reducing visibility and grip - reduced speed and longer buffer advised
EVT452129,2025-02-18 05:21:51,Local Market Day,J030,MG Road,3173,Weekday,False,Clear,False,0.0,False,False,0.175,Low,36.4,18.6,113.7,0.108,0.249,0.933,Normal free-flow traffic - standard signal timing maintained
EVT452130,2025-10-24 09:34:08,Concert,J012,Koramangala Sony World,13907,Weekday,False,Clear,False,0.0,False,False,1.0,Severe,10.0,77.4,343.6,0.171,0.394,0.883,Heavy congestion detected - signal timing extended and reroute suggested
EVT452131,2025-01-07 07:47:19,Sports Fixture,J040,City Market,26664,Weekday,False,Clear,False,0.0,False,False,0.927,Severe,10.0,64.5,497.5,0.198,0.458,0.931,Heavy congestion detected - signal timing extended and reroute suggested
EVT452132,2025-10-29 11:11:40,Sports Fixture,J023,Basavanagudi,11173,Weekday,False,Clear,False,0.0,False,False,0.473,Moderate,24.1,36.0,196.9,0.121,0.279,0.977,Moderate traffic flow - standard adaptive signal timing in effect
EVT452133,2025-10-12 23:31:22,Political Rally,J031,Cubbon Road,8283,Weekend,False,Fog,False,0.0,False,False,0.243,Low,32.4,10.8,134.5,0.128,0.297,0.986,Normal free-flow traffic - standard signal timing maintained
EVT452134,2026-06-07 14:09:07,Sports Fixture,J040,City Market,31018,Weekend,False,Rain,True,10.7,False,False,0.509,Moderate,24.8,35.3,81.0,0.06,0.138,0.915,Light rain detected - minor speed reduction advised
EVT452135,2026-01-15 13:19:56,Cultural Procession,J031,Cubbon Road,20335,Weekday,True,Light Rain,True,0.2,False,True,0.665,Moderate,20.8,69.7,165.7,0.097,0.223,0.833,Road closure for event/procession - full detour recommended for through-traffic
EVT452136,2026-06-15 19:37:07,Concert,J040,City Market,7505,Weekday,False,Rain,True,19.4,False,False,1.0,Severe,8.1,68.6,572.6,0.213,0.492,0.856,Heavy rain reducing visibility and grip - reduced speed and longer buffer advised
EVT452137,2026-02-10 17:55:20,Political Rally,J030,MG Road,20116,Weekday,False,Clear,False,0.0,False,False,1.0,Severe,7.5,73.9,388.6,0.122,0.282,0.912,Heavy congestion detected - signal timing extended and reroute suggested
EVT452138,2025-04-01 08:45:41,Sports Fixture,J040,City Market,23776,Weekday,False,Clear,False,0.0,False,False,1.0,Severe,9.9,65.2,596.9,0.233,0.538,0.908,Heavy congestion detected - signal timing extended and reroute suggested
EVT452139,2026-05-18 16:38:48,Sports Fixture,J011,Indiranagar 100ft Road,10073,Weekday,False,Clear,False,0.0,False,False,0.693,High,18.5,41.5,281.9,0.191,0.441,0.973,Moderate traffic flow - standard adaptive signal timing in effect
EVT452140,2025-01-18 10:14:50,Sports Fixture,J011,Indiranagar 100ft Road,19655,Weekend,False,Clear,False,0.0,False,False,0.726,High,19.3,56.1,363.2,0.224,0.518,0.973,Moderate traffic flow - standard adaptive signal timing in effect
EVT452141,2025-04-15 19:47:13,Religious Festival,J012,Koramangala Sony World,49760,Weekday,True,Light Rain,True,5.6,False,True,1.0,Severe,9.3,103.6,570.0,0.225,0.521,0.771,Road closure for event/procession - full detour recommended for through-traffic
EVT452142,2026-06-23 19:01:53,Concert,J012,Koramangala Sony World,8697,Weekday,False,Heavy Rain,True,39.1,False,False,1.0,Severe,7.2,80.1,915.4,0.273,0.631,0.873,Heavy rain reducing visibility and grip - reduced speed and longer buffer advised
EVT452143,2025-12-11 11:10:20,Political Rally,J023,Basavanagudi,13975,Weekday,False,Fog,False,0.0,False,False,0.447,Moderate,24.7,34.1,211.8,0.162,0.375,0.975,Moderate traffic flow - standard adaptive signal timing in effect
EVT452144,2025-12-04 07:18:27,Political Rally,J030,MG Road,9556,Weekday,False,Clear,False,0.0,False,False,0.537,Moderate,26.0,39.9,208.8,0.154,0.355,0.976,Moderate traffic flow - standard adaptive signal timing in effect
EVT452145,2025-10-24 18:44:57,Trade Fair,J009,Majestic,9105,Weekday,False,Rain,True,9.7,False,False,1.0,Severe,9.6,70.1,592.7,0.237,0.548,0.854,Heavy rain reducing visibility and grip - reduced speed and longer buffer advised
EVT452146,2026-03-02 19:00:18,Political Rally,J012,Koramangala Sony World,13321,Weekday,False,Clear,False,0.0,False,False,0.98,Severe,7.5,71.7,708.8,0.207,0.479,0.917,Heavy congestion detected - signal timing extended and reroute suggested
EVT452147,2025-02-25 07:34:28,Local Market Day,J020,Malleshwaram Circle,3360,Weekday,False,Clear,False,0.0,False,False,0.639,High,19.6,47.2,338.8,0.188,0.435,0.949,Moderate traffic flow - standard adaptive signal timing in effect
EVT452148,2025-12-16 08:04:44,Concert,J012,Koramangala Sony World,10627,Weekday,False,Clear,False,0.0,False,False,0.848,Severe,15.2,63.2,221.0,0.129,0.297,0.944,Heavy congestion detected - signal timing extended and reroute suggested
EVT452149,2025-01-01 07:58:22,Sports Fixture,J031,Cubbon Road,16094,Weekday,False,Clear,False,0.0,False,False,0.872,Severe,13.4,68.5,406.3,0.21,0.484,0.949,Heavy congestion detected - signal timing extended and reroute suggested
EVT452150,2025-07-19 18:11:16,Concert,J020,Malleshwaram Circle,11736,Weekend,False,Rain,True,8.7,False,False,1.0,Severe,10.6,72.2,434.7,0.177,0.408,0.858,Heavy rain reducing visibility and grip - reduced speed and longer buffer advised
EVT452151,2026-05-19 14:08:29,Local Market Day,J023,Basavanagudi,5124,Weekday,False,Clear,False,0.0,False,False,0.182,Low,27.0,12.4,139.4,0.102,0.236,0.969,Normal free-flow traffic - standard signal timing maintained
EVT452152,2025-06-10 20:19:09,Trade Fair,J020,Malleshwaram Circle,8795,Weekday,False,Clear,False,0.0,False,False,0.705,High,19.1,47.3,214.3,0.151,0.349,0.962,Moderate traffic flow - standard adaptive signal timing in effect
EVT452153,2026-02-25 05:18:49,Local Market Day,J030,MG Road,2298,Weekday,False,Clear,False,0.0,False,False,0.294,Low,22.1,24.4,112.4,0.067,0.156,0.959,Moderate traffic flow - standard adaptive signal timing in effect
EVT452154,2025-12-11 09:20:13,Political Rally,J023,Basavanagudi,13349,Weekday,False,Clear,False,0.0,False,False,1.0,Severe,10.2,67.6,454.0,0.194,0.449,0.891,Heavy congestion detected - signal timing extended and reroute suggested
EVT452155,2025-09-11 15:38:03,Sports Fixture,J023,Basavanagudi,17229,Weekday,False,Fog,False,0.0,False,False,0.468,Moderate,20.9,34.5,244.9,0.135,0.312,0.972,Moderate traffic flow - standard adaptive signal timing in effect
EVT452156,2026-02-21 08:57:15,Sports Fixture,J009,Majestic,25434,Weekend,False,Clear,False,0.0,False,False,0.993,Severe,8.1,72.2,334.6,0.111,0.256,0.924,Heavy congestion detected - signal timing extended and reroute suggested
EVT452157,2025-11-25 08:08:22,Local Market Day,J012,Koramangala Sony World,3863,Weekday,False,Clear,False,0.0,False,False,0.919,Severe,12.3,67.7,498.9,0.226,0.522,0.928,Heavy congestion detected - signal timing extended and reroute suggested
EVT452158,2025-07-03 11:34:46,Concert,J023,Basavanagudi,9392,Weekday,False,Heavy Rain,True,104.2,False,False,0.669,High,23.4,50.1,178.2,0.133,0.306,0.905,Heavy rain reducing visibility and grip - reduced speed and longer buffer advised
EVT452159,2025-08-13 01:38:03,Sports Fixture,J040,City Market,19036,Weekday,False,Clear,False,0.0,False,False,0.242,Low,37.8,17.2,162.8,0.152,0.35,0.949,Normal free-flow traffic - standard signal timing maintained
EVT452160,2025-03-24 09:05:37,Sports Fixture,J020,Malleshwaram Circle,18866,Weekday,False,Clear,False,0.0,False,False,1.0,Severe,9.2,78.1,519.2,0.204,0.471,0.921,Heavy congestion detected - signal timing extended and reroute suggested
EVT452161,2025-07-26 18:52:14,Sports Fixture,J009,Majestic,23332,Weekend,False,Heavy Rain,True,48.5,False,False,1.0,Severe,8.6,70.2,586.9,0.201,0.465,0.86,Heavy rain reducing visibility and grip - reduced speed and longer buffer advised
EVT452162,2025-05-19 14:13:34,Political Rally,J009,Majestic,6991,Weekday,False,Clear,False,0.0,False,False,0.144,Low,33.3,11.9,137.2,0.112,0.259,0.948,Normal free-flow traffic - standard signal timing maintained
EVT452163,2025-01-22 18:55:12,Local Market Day,J009,Majestic,3111,Weekday,False,Fog,False,0.0,False,False,0.938,Severe,9.4,61.6,701.0,0.233,0.539,0.938,Heavy congestion detected - signal timing extended and reroute suggested
EVT452164,2026-06-20 16:16:43,Political Rally,J011,Indiranagar 100ft Road,15610,Weekend,False,Clear,False,0.0,False,False,0.558,High,21.6,40.3,424.9,0.295,0.682,0.984,Moderate traffic flow - standard adaptive signal timing in effect
EVT452165,2025-05-24 10:55:25,Local Market Day,J012,Koramangala Sony World,3620,Weekend,False,Clear,False,0.0,False,False,0.461,Moderate,21.9,34.7,321.4,0.215,0.498,0.953,Moderate traffic flow - standard adaptive signal timing in effect
EVT452166,2025-09-07 07:54:12,Local Market Day,J023,Basavanagudi,2693,Weekend,False,Rain,True,15.7,False,False,0.839,Severe,10.7,53.5,525.1,0.236,0.546,0.892,Heavy rain reducing visibility and grip - reduced speed and longer buffer advised
EVT452167,2026-01-05 06:24:11,Trade Fair,J009,Majestic,6650,Weekday,False,Clear,False,0.0,False,False,0.287,Low,36.3,14.9,128.8,0.14,0.323,0.957,Moderate traffic flow - standard adaptive signal timing in effect
EVT452168,2026-01-27 21:50:32,Religious Festival,J023,Basavanagudi,55169,Weekday,True,Clear,False,0.0,False,True,0.918,Severe,10.7,88.2,520.9,0.217,0.501,0.85,Road closure for event/procession - full detour recommended for through-traffic
EVT452169,2026-04-12 07:46:35,Concert,J031,Cubbon Road,10159,Weekend,False,Clear,False,0.0,False,False,0.712,High,20.0,49.4,253.8,0.156,0.361,0.947,Moderate traffic flow - standard adaptive signal timing in effect
EVT452170,2026-06-07 08:22:57,Trade Fair,J031,Cubbon Road,8101,Weekend,False,Rain,True,9.0,False,False,0.947,Severe,5.9,68.2,575.8,0.146,0.337,0.896,Heavy rain reducing visibility and grip - reduced speed and longer buffer advised
EVT452171,2025-05-13 17:10:15,Local Market Day,J040,City Market,4133,Weekday,False,Light Rain,True,6.4,False,False,0.862,Severe,12.8,60.4,346.0,0.178,0.41,0.913,Heavy rain reducing visibility and grip - reduced speed and longer buffer advised
EVT452172,2025-05-17 11:47:46,Trade Fair,J040,City Market,14096,Weekend,False,Rain,True,18.1,False,False,0.608,High,19.3,41.8,285.8,0.184,0.426,0.921,Heavy rain reducing visibility and grip - reduced speed and longer buffer advised
EVT452173,2025-12-11 21:43:14,Concert,J023,Basavanagudi,6049,Weekday,False,Clear,False,0.0,False,False,0.37,Moderate,28.6,20.1,177.2,0.145,0.336,0.955,Moderate traffic flow - standard adaptive signal timing in effect
EVT452174,2025-02-08 15:58:23,Sports Fixture,J031,Cubbon Road,26317,Weekend,False,Clear,False,0.0,False,False,0.544,Moderate,26.0,39.3,167.4,0.125,0.288,0.959,Moderate traffic flow - standard adaptive signal timing in effect
EVT452175,2026-03-01 17:19:55,Concert,J012,Koramangala Sony World,10327,Weekend,False,Clear,False,0.0,False,False,0.712,High,20.2,52.8,348.7,0.225,0.52,0.967,Moderate traffic flow - standard adaptive signal timing in effect
EVT452176,2026-03-16 17:29:29,Trade Fair,J020,Malleshwaram Circle,9415,Weekday,False,Clear,False,0.0,False,False,0.885,Severe,12.6,60.9,302.4,0.133,0.306,0.938,Heavy congestion detected - signal timing extended and reroute suggested
EVT452177,2026-02-28 21:51:12,Trade Fair,J040,City Market,8354,Weekend,False,Clear,False,0.0,False,False,0.368,Moderate,26.7,27.2,189.8,0.144,0.333,0.979,Moderate traffic flow - standard adaptive signal timing in effect
EVT452178,2026-04-13 23:57:58,Political Rally,J040,City Market,17293,Weekday,False,Rain,True,8.3,False,False,0.376,Moderate,28.3,30.5,68.9,0.042,0.096,0.926,Light rain detected - minor speed reduction advised
EVT452179,2025-09-21 16:14:43,Sports Fixture,J011,Indiranagar 100ft Road,21588,Weekend,False,Clear,False,0.0,False,False,0.541,Moderate,27.0,42.0,95.7,0.049,0.114,0.985,Moderate traffic flow - standard adaptive signal timing in effect
EVT452180,2026-06-17 18:07:34,Local Market Day,J040,City Market,8375,Weekday,False,Clear,False,0.0,False,False,1.0,Severe,9.5,75.2,365.6,0.163,0.376,0.891,Heavy congestion detected - signal timing extended and reroute suggested
EVT452181,2025-11-03 20:39:17,Political Rally,J011,Indiranagar 100ft Road,12061,Weekday,False,Clear,False,0.0,False,False,0.567,High,26.7,38.7,224.8,0.194,0.449,0.948,Moderate traffic flow - standard adaptive signal timing in effect
EVT452182,2025-06-17 13:04:16,Political Rally,J030,MG Road,16275,Weekday,False,Heavy Rain,True,38.5,False,False,0.55,Moderate,16.7,37.4,283.3,0.146,0.338,0.928,Light rain detected - minor speed reduction advised
EVT452183,2025-07-07 18:41:06,Concert,J031,Cubbon Road,15392,Weekday,False,Clear,False,0.0,False,False,1.0,Severe,8.3,76.8,580.2,0.204,0.472,0.941,Heavy congestion detected - signal timing extended and reroute suggested
EVT452184,2026-03-06 14:00:15,Trade Fair,J040,City Market,11152,Weekday,False,Clear,False,0.0,False,False,0.234,Low,38.5,11.9,108.7,0.136,0.315,0.981,Normal free-flow traffic - standard signal timing maintained
EVT452185,2026-05-22 05:36:57,Sports Fixture,J030,MG Road,17782,Weekday,False,Light Rain,True,3.5,False,False,0.347,Low,30.0,24.2,175.7,0.15,0.347,0.914,Light rain detected - minor speed reduction advised
EVT452186,2025-09-03 11:33:48,Sports Fixture,J040,City Market,18158,Weekday,False,Clear,False,0.0,False,False,0.379,Moderate,28.0,27.0,167.7,0.134,0.31,0.958,Moderate traffic flow - standard adaptive signal timing in effect
EVT452187,2025-08-23 17:02:34,Trade Fair,J011,Indiranagar 100ft Road,8007,Weekend,False,Clear,False,0.0,False,False,0.635,High,18.9,41.9,253.8,0.161,0.372,0.952,Moderate traffic flow - standard adaptive signal timing in effect
EVT452188,2025-02-13 08:26:17,Sports Fixture,J009,Majestic,12996,Weekday,False,Clear,False,0.0,False,False,0.997,Severe,7.1,70.7,585.3,0.175,0.404,0.915,Heavy congestion detected - signal timing extended and reroute suggested
EVT452189,2025-03-20 18:42:19,Sports Fixture,J023,Basavanagudi,27403,Weekday,False,Clear,False,0.0,False,False,1.0,Severe,8.1,71.6,316.7,0.102,0.236,0.887,Heavy congestion detected - signal timing extended and reroute suggested
EVT452190,2026-02-28 16:19:00,Political Rally,J030,MG Road,7994,Weekend,False,Clear,False,0.0,False,False,0.523,Moderate,24.7,41.3,188.5,0.113,0.262,0.971,Moderate traffic flow - standard adaptive signal timing in effect
EVT452191,2026-04-23 09:11:11,Trade Fair,J040,City Market,6979,Weekday,False,Clear,False,0.0,False,False,1.0,Severe,8.1,72.8,437.6,0.135,0.312,0.916,Heavy congestion detected - signal timing extended and reroute suggested
EVT452192,2026-06-25 08:57:25,Trade Fair,J031,Cubbon Road,8167,Weekday,False,Rain,True,12.3,False,False,1.0,Severe,8.3,73.3,426.1,0.127,0.294,0.849,Heavy rain reducing visibility and grip - reduced speed and longer buffer advised
EVT452193,2025-04-20 08:40:24,Local Market Day,J020,Malleshwaram Circle,3650,Weekend,False,Clear,False,0.0,False,False,0.845,Severe,11.9,60.0,550.1,0.264,0.61,0.958,Heavy congestion detected - signal timing extended and reroute suggested
EVT452194,2026-05-13 16:17:29,Local Market Day,J020,Malleshwaram Circle,3194,Weekday,False,Rain,True,9.2,False,False,0.622,High,22.7,44.4,213.5,0.151,0.35,0.885,Heavy rain reducing visibility and grip - reduced speed and longer buffer advised
EVT452195,2025-09-29 14:04:59,Local Market Day,J030,MG Road,1921,Weekday,False,Clear,False,0.0,False,False,0.158,Low,27.8,9.0,97.0,0.07,0.161,0.953,Normal free-flow traffic - standard signal timing maintained
EVT452196,2025-01-17 20:41:57,Sports Fixture,J023,Basavanagudi,21600,Weekday,False,Clear,False,0.0,False,False,0.651,High,15.7,49.0,248.2,0.124,0.287,0.95,Moderate traffic flow - standard adaptive signal timing in effect
EVT452197,2026-03-09 10:38:16,Political Rally,J020,Malleshwaram Circle,14853,Weekday,False,Clear,False,0.0,False,False,0.585,High,18.9,44.7,302.5,0.179,0.414,0.953,Moderate traffic flow - standard adaptive signal timing in effect
EVT452198,2025-03-14 20:48:15,Religious Festival,J009,Majestic,42364,Weekday,True,Clear,False,0.0,False,False,0.956,Severe,10.8,67.6,281.5,0.117,0.271,0.862,Festival crowd surge detected - alternate route and extended cycle recommended
EVT452199,2026-02-22 09:50:27,Local Market Day,J020,Malleshwaram Circle,4710,Weekend,False,Clear,False,0.0,False,False,0.747,High,19.0,54.2,191.5,0.111,0.257,0.977,Moderate traffic flow - standard adaptive signal timing in effect
EVT452200,2025-03-31 07:27:48,Religious Festival,J023,Basavanagudi,40652,Weekday,True,Clear,False,0.0,False,True,1.0,Severe,6.5,93.4,1214.3,0.327,0.756,0.831,Road closure for event/procession - full detour recommended for through-traffic
EVT452201,2026-02-27 20:01:44,Local Market Day,J023,Basavanagudi,4295,Weekday,False,Clear,False,0.0,False,False,0.665,High,16.4,42.1,334.3,0.201,0.464,0.981,Moderate traffic flow - standard adaptive signal timing in effect
EVT452202,2025-07-02 09:40:29,Trade Fair,J012,Koramangala Sony World,5493,Weekday,False,Fog,False,0.0,False,False,0.931,Severe,8.1,67.0,575.3,0.207,0.478,0.941,Heavy congestion detected - signal timing extended and reroute suggested
EVT452203,2026-02-01 22:49:17,Sports Fixture,J020,Malleshwaram Circle,18468,Weekend,False,Clear,False,0.0,False,False,0.342,Low,26.2,23.9,115.9,0.069,0.16,0.981,Moderate traffic flow - standard adaptive signal timing in effect
EVT452204,2025-12-11 14:33:21,Local Market Day,J023,Basavanagudi,4781,Weekday,False,Clear,False,0.0,False,False,0.29,Low,40.0,19.5,93.9,0.071,0.164,0.975,Moderate traffic flow - standard adaptive signal timing in effect
EVT452205,2025-12-12 14:17:04,Sports Fixture,J011,Indiranagar 100ft Road,33081,Weekday,False,Clear,False,0.0,False,False,0.323,Low,27.3,33.5,200.2,0.132,0.305,0.97,Moderate traffic flow - standard adaptive signal timing in effect
EVT452206,2026-02-10 05:28:25,Local Market Day,J040,City Market,5668,Weekday,False,Light Rain,True,4.7,False,False,0.222,Low,41.4,9.8,123.5,0.141,0.327,0.922,Light rain detected - minor speed reduction advised
EVT452207,2025-11-14 16:38:57,Concert,J023,Basavanagudi,19239,Weekday,False,Clear,False,0.0,False,False,0.728,High,17.1,50.3,328.3,0.179,0.414,0.938,Moderate traffic flow - standard adaptive signal timing in effect
EVT452208,2025-06-25 19:46:15,Sports Fixture,J012,Koramangala Sony World,32765,Weekday,False,Fog,False,0.0,False,False,0.92,Severe,9.3,65.0,679.2,0.253,0.585,0.953,Heavy congestion detected - signal timing extended and reroute suggested
EVT452209,2025-10-28 20:35:25,Local Market Day,J009,Majestic,3416,Weekday,False,Clear,False,0.0,False,False,0.632,High,25.2,39.9,84.4,0.052,0.12,0.96,Moderate traffic flow - standard adaptive signal timing in effect
EVT452210,2025-10-13 06:28:26,Concert,J012,Koramangala Sony World,10459,Weekday,False,Clear,False,0.0,False,False,0.332,Low,25.5,21.4,167.1,0.12,0.278,0.955,Moderate traffic flow - standard adaptive signal timing in effect
EVT452211,2025-07-21 07:14:20,Trade Fair,J020,Malleshwaram Circle,9376,Weekday,False,Clear,False,0.0,False,False,0.565,High,24.5,43.4,205.7,0.144,0.334,0.972,Moderate traffic flow - standard adaptive signal timing in effect
EVT452212,2025-04-22 10:07:23,Sports Fixture,J030,MG Road,21342,Weekday,False,Light Rain,True,5.4,False,False,0.965,Severe,9.6,70.4,530.2,0.204,0.472,0.88,Heavy rain reducing visibility and grip - reduced speed and longer buffer advised
EVT452213,2026-02-10 17:18:47,Political Rally,J030,MG Road,20853,Weekday,False,Clear,False,0.0,False,False,0.907,Severe,11.6,68.1,442.1,0.199,0.46,0.956,Heavy congestion detected - signal timing extended and reroute suggested
EVT452214,2025-06-21 20:50:06,Trade Fair,J031,Cubbon Road,6232,Weekend,False,Rain,True,13.6,False,False,0.648,High,22.5,50.2,100.1,0.066,0.151,0.917,Heavy rain reducing visibility and grip - reduced speed and longer buffer advised
EVT452215,2026-06-09 18:04:28,Concert,J020,Malleshwaram Circle,8602,Weekday,False,Clear,False,0.0,False,False,0.887,Severe,12.8,60.1,435.9,0.212,0.491,0.924,Heavy congestion detected - signal timing extended and reroute suggested
EVT452216,2025-03-15 11:37:36,Religious Festival,J031,Cubbon Road,38331,Weekend,True,Fog,False,0.0,False,True,0.953,Severe,8.3,95.1,510.2,0.179,0.413,0.84,Road closure for event/procession - full detour recommended for through-traffic
EVT452217,2025-06-15 17:53:40,Trade Fair,J011,Indiranagar 100ft Road,7472,Weekend,False,Light Rain,True,4.6,False,False,0.991,Severe,10.6,70.8,417.6,0.185,0.427,0.877,Heavy rain reducing visibility and grip - reduced speed and longer buffer advised
EVT452218,2026-03-13 22:48:23,Trade Fair,J030,MG Road,10860,Weekday,False,Clear,False,0.0,False,False,0.159,Low,28.8,11.3,195.4,0.135,0.312,0.976,Normal free-flow traffic - standard signal timing maintained
EVT452219,2025-10-04 11:57:20,Sports Fixture,J023,Basavanagudi,21725,Weekend,False,Clear,False,0.0,False,False,0.42,Moderate,29.1,28.8,146.9,0.122,0.282,0.973,Moderate traffic flow - standard adaptive signal timing in effect
EVT452220,2026-03-19 13:01:48,Religious Festival,J009,Majestic,64775,Weekday,True,Clear,False,0.0,False,True,0.961,Severe,10.9,96.1,635.8,0.263,0.607,0.848,Road closure for event/procession - full detour recommended for through-traffic
EVT452221,2026-02-03 09:17:10,Trade Fair,J023,Basavanagudi,9974,Weekday,False,Clear,False,0.0,False,False,1.0,Severe,8.9,69.3,209.1,0.087,0.2,0.914,Heavy congestion detected - signal timing extended and reroute suggested
EVT452222,2025-12-30 16:50:34,Sports Fixture,J040,City Market,28073,Weekday,False,Clear,False,0.0,False,False,0.882,Severe,14.9,60.7,443.4,0.263,0.607,0.943,Heavy congestion detected - signal timing extended and reroute suggested
EVT452223,2025-03-24 03:49:04,Local Market Day,J009,Majestic,5287,Weekday,False,Clear,False,0.0,False,False,0.167,Low,32.1,11.0,140.3,0.099,0.228,0.934,Normal free-flow traffic - standard signal timing maintained
EVT452224,2025-10-31 16:34:20,Concert,J020,Malleshwaram Circle,10050,Weekday,False,Clear,False,0.0,False,False,0.587,High,23.0,44.2,172.6,0.111,0.257,0.965,Moderate traffic flow - standard adaptive signal timing in effect
EVT452225,2025-02-19 10:04:16,Sports Fixture,J020,Malleshwaram Circle,19918,Weekday,False,Clear,False,0.0,False,False,0.943,Severe,7.2,67.5,584.8,0.174,0.401,0.927,Heavy congestion detected - signal timing extended and reroute suggested
EVT452226,2025-10-04 20:45:26,Local Market Day,J020,Malleshwaram Circle,3894,Weekend,False,Rain,True,23.6,False,False,0.756,Severe,17.7,47.5,348.0,0.209,0.483,0.908,Heavy rain reducing visibility and grip - reduced speed and longer buffer advised
EVT452227,2026-05-12 19:37:28,Local Market Day,J030,MG Road,3254,Weekday,False,Clear,False,0.0,False,False,0.892,Severe,12.8,63.1,351.7,0.17,0.392,0.946,Heavy congestion detected - signal timing extended and reroute suggested
EVT452228,2026-04-10 04:21:18,Local Market Day,J009,Majestic,3162,Weekday,False,Clear,False,0.0,False,False,0.143,Low,38.3,4.4,53.2,0.063,0.146,0.965,Normal free-flow traffic - standard signal timing maintained
EVT452229,2026-06-21 17:33:58,Concert,J009,Majestic,10706,Weekend,False,Clear,False,0.0,False,False,0.799,Severe,20.3,59.2,235.2,0.152,0.351,0.959,Heavy congestion detected - signal timing extended and reroute suggested
EVT452230,2025-11-11 18:34:28,Sports Fixture,J011,Indiranagar 100ft Road,16598,Weekday,False,Clear,False,0.0,False,False,1.0,Severe,9.2,71.6,555.0,0.206,0.476,0.889,Heavy congestion detected - signal timing extended and reroute suggested
EVT452231,2026-04-21 16:31:47,Sports Fixture,J011,Indiranagar 100ft Road,14277,Weekday,False,Clear,False,0.0,False,False,0.549,Moderate,22.8,30.4,224.8,0.164,0.379,0.941,Moderate traffic flow - standard adaptive signal timing in effect
EVT452232,2025-06-17 17:34:29,Local Market Day,J023,Basavanagudi,4901,Weekday,False,Clear,False,0.0,False,False,0.886,Severe,9.9,64.3,319.3,0.117,0.271,0.93,Heavy congestion detected - signal timing extended and reroute suggested
EVT452233,2026-05-31 10:52:29,Local Market Day,J009,Majestic,3756,Weekend,False,Clear,False,0.0,False,False,0.531,Moderate,22.2,39.8,144.7,0.087,0.202,0.982,Moderate traffic flow - standard adaptive signal timing in effect
EVT452234,2025-12-19 20:41:18,Sports Fixture,J023,Basavanagudi,13436,Weekday,False,Clear,False,0.0,False,False,0.546,Moderate,27.4,38.1,231.8,0.189,0.435,0.975,Moderate traffic flow - standard adaptive signal timing in effect
EVT452235,2025-03-17 10:21:41,Local Market Day,J030,MG Road,4383,Weekday,False,Light Rain,True,3.4,False,False,0.746,High,16.2,51.8,259.2,0.122,0.282,0.928,Heavy rain reducing visibility and grip - reduced speed and longer buffer advised
EVT452236,2025-04-26 14:53:04,Political Rally,J020,Malleshwaram Circle,8002,Weekend,False,Clear,False,0.0,False,False,0.323,Low,31.5,17.2,157.4,0.12,0.277,0.976,Moderate traffic flow - standard adaptive signal timing in effect
EVT452237,2025-05-08 06:43:41,Local Market Day,J030,MG Road,3777,Weekday,False,Clear,False,0.0,False,False,0.467,Moderate,23.7,29.8,175.1,0.132,0.304,0.949,Moderate traffic flow - standard adaptive signal timing in effect
EVT452238,2025-04-06 18:30:10,Fireworks Display,J009,Majestic,28982,Weekend,True,Clear,False,0.0,False,False,1.0,Severe,10.5,70.1,556.7,0.241,0.556,0.857,Festival crowd surge detected - alternate route and extended cycle recommended
EVT452239,2025-12-16 11:56:12,Trade Fair,J012,Koramangala Sony World,8898,Weekday,False,Clear,False,0.0,False,False,0.3,Low,25.1,16.2,285.5,0.189,0.437,0.99,Moderate traffic flow - standard adaptive signal timing in effect
EVT452240,2025-05-26 18:14:42,Trade Fair,J023,Basavanagudi,8225,Weekday,False,Clear,False,0.0,False,False,1.0,Severe,7.6,82.0,622.8,0.199,0.459,0.929,Heavy congestion detected - signal timing extended and reroute suggested
EVT452241,2025-02-19 12:08:36,Local Market Day,J012,Koramangala Sony World,3814,Weekday,False,Clear,False,0.0,False,False,0.211,Low,32.7,18.4,117.1,0.105,0.242,0.965,Normal free-flow traffic - standard signal timing maintained
EVT452242,2026-01-11 09:24:36,Trade Fair,J011,Indiranagar 100ft Road,13487,Weekend,False,Clear,False,0.0,False,False,0.803,Severe,17.1,51.8,245.4,0.146,0.337,0.935,Heavy congestion detected - signal timing extended and reroute suggested
EVT452243,2026-01-05 23:55:08,Trade Fair,J020,Malleshwaram Circle,4885,Weekday,False,Clear,False,0.0,False,False,0.227,Low,31.9,13.5,132.3,0.11,0.254,0.949,Normal free-flow traffic - standard signal timing maintained
EVT452244,2025-11-14 19:28:25,Sports Fixture,J040,City Market,16156,Weekday,False,Clear,False,0.0,False,False,0.936,Severe,9.6,66.6,634.9,0.246,0.569,0.941,Heavy congestion detected - signal timing extended and reroute suggested
EVT452245,2026-03-10 21:56:32,Concert,J023,Basavanagudi,13382,Weekday,False,Clear,False,0.0,False,False,0.281,Low,30.6,24.2,164.3,0.136,0.315,0.982,Moderate traffic flow - standard adaptive signal timing in effect
EVT452246,2025-08-20 17:56:01,Political Rally,J012,Koramangala Sony World,18449,Weekday,False,Heavy Rain,True,51.8,False,False,1.0,Severe,7.9,71.3,658.3,0.211,0.488,0.867,Heavy rain reducing visibility and grip - reduced speed and longer buffer advised
EVT452247,2025-11-28 20:02:45,Political Rally,J011,Indiranagar 100ft Road,14996,Weekday,False,Clear,False,0.0,False,False,0.805,Severe,16.9,53.1,337.3,0.191,0.441,0.961,Heavy congestion detected - signal timing extended and reroute suggested
EVT452248,2026-02-14 14:02:24,Local Market Day,J030,MG Road,3582,Weekend,False,Clear,False,0.0,False,False,0.302,Low,35.8,24.4,164.4,0.15,0.346,0.968,Moderate traffic flow - standard adaptive signal timing in effect
EVT452249,2026-05-09 12:53:41,Concert,J020,Malleshwaram Circle,14029,Weekend,False,Clear,False,0.0,False,False,0.193,Low,34.9,17.1,184.5,0.166,0.384,0.976,Normal free-flow traffic - standard signal timing maintained
EVT452250,2026-01-07 11:36:08,Sports Fixture,J020,Malleshwaram Circle,26804,Weekday,False,Clear,False,0.0,False,False,0.448,Moderate,28.8,34.2,112.2,0.108,0.25,0.965,Moderate traffic flow - standard adaptive signal timing in effect
EVT452251,2025-10-10 17:34:19,Local Market Day,J009,Majestic,3026,Weekday,False,Clear,False,0.0,False,False,0.886,Severe,11.3,60.6,292.9,0.124,0.286,0.941,Heavy congestion detected - signal timing extended and reroute suggested
EVT452252,2025-05-30 07:07:36,Concert,J023,Basavanagudi,15085,Weekday,False,Clear,False,0.0,False,False,0.541,Moderate,24.4,35.9,333.2,0.251,0.579,0.966,Moderate traffic flow - standard adaptive signal timing in effect
EVT452253,2026-04-11 11:53:58,Local Market Day,J023,Basavanagudi,4499,Weekend,False,Clear,False,0.0,False,False,0.233,Low,40.8,11.9,84.8,0.094,0.216,0.966,Normal free-flow traffic - standard signal timing maintained
EVT452254,2025-04-19 18:56:44,Local Market Day,J040,City Market,6811,Weekend,False,Clear,False,0.0,False,False,0.882,Severe,11.3,62.0,162.4,0.081,0.187,0.929,Heavy congestion detected - signal timing extended and reroute suggested
EVT452255,2025-10-29 18:37:40,Sports Fixture,J040,City Market,11968,Weekday,False,Clear,False,0.0,False,False,1.0,Severe,7.8,72.9,696.7,0.218,0.504,0.897,Heavy congestion detected - signal timing extended and reroute suggested
EVT452256,2026-04-24 02:51:02,Local Market Day,J030,MG Road,6156,Weekday,False,Fog,False,0.0,False,False,0.128,Low,30.2,13.1,115.8,0.084,0.194,0.968,Normal free-flow traffic - standard signal timing maintained
EVT452257,2026-06-07 20:14:13,Concert,J023,Basavanagudi,9526,Weekend,False,Clear,False,0.0,False,False,0.625,High,21.3,48.9,237.4,0.164,0.38,0.974,Moderate traffic flow - standard adaptive signal timing in effect
EVT452258,2026-06-20 09:20:17,Local Market Day,J023,Basavanagudi,4809,Weekend,False,Clear,False,0.0,False,False,0.851,Severe,12.8,63.7,574.0,0.271,0.627,0.95,Heavy congestion detected - signal timing extended and reroute suggested
EVT452259,2025-08-01 19:47:31,Sports Fixture,J031,Cubbon Road,10135,Weekday,False,Heavy Rain,True,29.6,False,False,1.0,Severe,8.3,70.8,742.5,0.237,0.548,0.869,Heavy rain reducing visibility and grip - reduced speed and longer buffer advised
EVT452260,2025-03-24 12:09:22,Trade Fair,J030,MG Road,6169,Weekday,False,Clear,False,0.0,False,False,0.305,Low,30.1,24.2,249.9,0.197,0.455,0.943,Moderate traffic flow - standard adaptive signal timing in effect
EVT452261,2025-10-21 16:10:45,Cultural Procession,J030,MG Road,17954,Weekday,True,Clear,False,0.0,False,False,0.811,Severe,13.7,54.2,293.4,0.151,0.35,0.886,Festival crowd surge detected - alternate route and extended cycle recommended
EVT452262,2025-03-12 07:22:34,Concert,J023,Basavanagudi,11370,Weekday,False,Clear,False,0.0,False,False,0.664,High,20.1,51.1,192.3,0.123,0.283,0.986,Moderate traffic flow - standard adaptive signal timing in effect
EVT452263,2025-08-24 08:43:37,Local Market Day,J020,Malleshwaram Circle,4207,Weekend,False,Clear,False,0.0,False,False,0.896,Severe,13.7,61.2,440.8,0.221,0.51,0.919,Heavy congestion detected - signal timing extended and reroute suggested
EVT452264,2025-02-05 10:43:13,Trade Fair,J030,MG Road,8147,Weekday,False,Clear,False,0.0,False,False,0.559,High,17.9,41.0,116.7,0.079,0.183,0.962,Moderate traffic flow - standard adaptive signal timing in effect
EVT452265,2025-03-05 15:29:04,Political Rally,J009,Majestic,16714,Weekday,False,Clear,False,0.0,False,False,0.379,Moderate,29.7,23.6,113.0,0.102,0.235,0.963,Moderate traffic flow - standard adaptive signal timing in effect
EVT452266,2025-02-13 15:12:56,Political Rally,J009,Majestic,11251,Weekday,False,Clear,False,0.0,False,False,0.37,Moderate,22.3,29.0,318.8,0.204,0.471,0.974,Moderate traffic flow - standard adaptive signal timing in effect
EVT452267,2026-05-06 10:32:58,Sports Fixture,J040,City Market,27206,Weekday,False,Rain,True,24.1,False,False,0.976,Severe,8.0,68.9,543.3,0.186,0.431,0.896,Heavy rain reducing visibility and grip - reduced speed and longer buffer advised
EVT452268,2025-04-22 06:00:09,Local Market Day,J011,Indiranagar 100ft Road,2284,Weekday,False,Clear,False,0.0,False,False,0.243,Low,28.6,15.0,178.6,0.121,0.28,0.977,Normal free-flow traffic - standard signal timing maintained
EVT452269,2025-05-11 17:13:05,Concert,J031,Cubbon Road,17303,Weekend,False,Clear,False,0.0,False,False,0.801,Severe,17.4,60.8,347.4,0.18,0.416,0.947,Heavy congestion detected - signal timing extended and reroute suggested
EVT452270,2026-01-14 11:52:15,Religious Festival,J031,Cubbon Road,26525,Weekday,True,Clear,False,0.0,False,False,0.537,Moderate,19.1,37.3,142.4,0.076,0.175,0.892,Festival crowd surge detected - alternate route and extended cycle recommended
EVT452271,2025-12-22 09:43:44,Trade Fair,J023,Basavanagudi,9375,Weekday,False,Fog,False,0.0,False,False,0.898,Severe,11.9,68.7,461.0,0.211,0.488,0.925,Heavy congestion detected - signal timing extended and reroute suggested
EVT452272,2026-03-09 09:04:29,Local Market Day,J040,City Market,4090,Weekday,False,Clear,False,0.0,False,False,1.0,Severe,10.1,70.3,607.2,0.235,0.542,0.895,Heavy congestion detected - signal timing extended and reroute suggested
EVT452273,2026-03-31 22:58:07,Concert,J011,Indiranagar 100ft Road,12846,Weekday,False,Clear,False,0.0,False,False,0.227,Low,30.2,15.6,152.9,0.125,0.288,0.968,Normal free-flow traffic - standard signal timing maintained
EVT452274,2026-05-02 08:15:52,Religious Festival,J020,Malleshwaram Circle,32120,Weekend,True,Light Rain,True,7.4,True,False,1.0,Severe,6.3,68.0,581.2,0.155,0.358,0.663,Accident detected nearby - reroute and reduced speed advised
EVT452275,2026-01-01 18:37:55,Religious Festival,J011,Indiranagar 100ft Road,38827,Weekday,True,Clear,False,0.0,False,False,1.0,Severe,8.8,76.1,523.6,0.196,0.454,0.877,Festival crowd surge detected - alternate route and extended cycle recommended
EVT452276,2025-01-02 12:38:37,Concert,J040,City Market,8283,Weekday,False,Clear,False,0.0,False,False,0.178,Low,39.8,15.0,78.8,0.091,0.211,0.953,Normal free-flow traffic - standard signal timing maintained
EVT452277,2025-01-11 11:30:58,Local Market Day,J012,Koramangala Sony World,4970,Weekend,False,Light Rain,True,1.1,False,False,0.405,Moderate,30.7,31.6,173.3,0.149,0.345,0.907,Light rain detected - minor speed reduction advised
EVT452278,2025-11-06 14:43:18,Concert,J040,City Market,15778,Weekday,False,Clear,False,0.0,False,False,0.277,Low,24.5,26.1,240.7,0.16,0.369,0.936,Moderate traffic flow - standard adaptive signal timing in effect
EVT452279,2025-02-02 06:58:53,Trade Fair,J020,Malleshwaram Circle,9078,Weekend,False,Clear,False,0.0,False,False,0.533,Moderate,29.0,40.1,191.1,0.164,0.38,0.978,Moderate traffic flow - standard adaptive signal timing in effect
EVT452280,2025-01-16 19:37:17,Local Market Day,J023,Basavanagudi,3414,Weekday,False,Light Rain,True,5.4,False,False,0.969,Severe,8.6,75.6,455.2,0.167,0.386,0.867,Heavy rain reducing visibility and grip - reduced speed and longer buffer advised
EVT452281,2026-05-04 15:10:08,Trade Fair,J012,Koramangala Sony World,5571,Weekday,False,Clear,False,0.0,False,False,0.254,Low,23.3,16.1,211.0,0.138,0.319,0.961,Moderate traffic flow - standard adaptive signal timing in effect
EVT452282,2025-11-10 00:59:43,Concert,J012,Koramangala Sony World,11140,Weekday,False,Clear,False,0.0,False,False,0.26,Low,33.8,18.2,114.9,0.088,0.203,0.965,Moderate traffic flow - standard adaptive signal timing in effect
EVT452283,2026-03-04 07:27:38,Cultural Procession,J023,Basavanagudi,6725,Weekday,True,Clear,False,0.0,False,True,0.929,Severe,10.6,91.8,513.5,0.206,0.475,0.844,Road closure for event/procession - full detour recommended for through-traffic
EVT452284,2025-10-02 18:32:16,Religious Festival,J011,Indiranagar 100ft Road,48131,Weekday,True,Clear,False,0.0,False,True,1.0,Severe,10.3,95.2,364.0,0.159,0.368,0.851,Road closure for event/procession - full detour recommended for through-traffic
EVT452285,2026-03-06 13:36:29,Political Rally,J040,City Market,23888,Weekday,False,Clear,False,0.0,False,False,0.302,Low,31.7,23.2,193.0,0.197,0.456,0.97,Moderate traffic flow - standard adaptive signal timing in effect
EVT452286,2025-11-07 11:31:35,Political Rally,J009,Majestic,13450,Weekday,False,Clear,False,0.0,False,False,0.342,Low,29.8,26.0,162.3,0.129,0.297,0.972,Moderate traffic flow - standard adaptive signal timing in effect
EVT452287,2025-10-21 20:36:27,Fireworks Display,J012,Koramangala Sony World,26838,Weekday,True,Clear,False,0.0,False,False,0.853,Severe,13.2,59.7,467.6,0.228,0.528,0.901,Festival crowd surge detected - alternate route and extended cycle recommended
EVT452288,2025-11-08 06:00:37,Political Rally,J040,City Market,11955,Weekend,False,Clear,False,0.0,False,False,0.383,Moderate,28.7,33.0,192.1,0.133,0.306,0.973,Moderate traffic flow - standard adaptive signal timing in effect
EVT452289,2025-09-28 09:42:01,Trade Fair,J012,Koramangala Sony World,15383,Weekend,False,Clear,False,0.0,False,False,0.765,Severe,16.1,57.5,274.8,0.141,0.325,0.948,Heavy congestion detected - signal timing extended and reroute suggested
EVT452290,2026-03-09 22:56:45,Political Rally,J012,Koramangala Sony World,15337,Weekday,False,Fog,False,0.0,False,False,0.203,Low,33.0,18.7,185.0,0.169,0.39,0.966,Normal free-flow traffic - standard signal timing maintained
EVT452291,2025-06-26 08:50:33,Concert,J020,Malleshwaram Circle,8454,Weekday,False,Clear,False,0.0,False,False,1.0,Severe,10.2,72.3,710.1,0.291,0.673,0.88,Heavy congestion detected - signal timing extended and reroute suggested
EVT452292,2025-05-07 20:15:59,Trade Fair,J030,MG Road,12588,Weekday,False,Clear,False,0.0,False,False,0.659,High,21.8,51.2,99.3,0.055,0.128,0.964,Moderate traffic flow - standard adaptive signal timing in effect
EVT452293,2025-01-12 18:06:34,Local Market Day,J011,Indiranagar 100ft Road,2277,Weekend,False,Clear,False,0.0,False,False,0.799,Severe,16.2,62.0,311.6,0.17,0.393,0.954,Heavy congestion detected - signal timing extended and reroute suggested
EVT452294,2025-05-08 12:44:41,Concert,J031,Cubbon Road,13328,Weekday,False,Clear,False,0.0,False,False,0.235,Low,32.7,15.7,172.0,0.147,0.34,0.982,Normal free-flow traffic - standard signal timing maintained
EVT452295,2025-03-26 13:49:00,Sports Fixture,J012,Koramangala Sony World,12341,Weekday,False,Clear,False,0.0,False,False,0.311,Low,27.0,20.1,175.0,0.137,0.316,0.944,Moderate traffic flow - standard adaptive signal timing in effect
EVT452296,2025-02-10 08:35:31,Trade Fair,J023,Basavanagudi,6381,Weekday,False,Clear,False,0.0,False,False,0.989,Severe,7.8,66.5,486.5,0.161,0.372,0.919,Heavy congestion detected - signal timing extended and reroute suggested
EVT452297,2025-03-20 11:54:16,Sports Fixture,J030,MG Road,16106,Weekday,False,Clear,False,0.0,False,False,0.29,Low,30.9,20.9,177.2,0.161,0.371,0.971,Moderate traffic flow - standard adaptive signal timing in effect
EVT452298,2025-11-05 21:26:55,Local Market Day,J020,Malleshwaram Circle,2917,Weekday,False,Clear,False,0.0,False,False,0.343,Low,34.6,23.1,149.1,0.159,0.367,0.989,Moderate traffic flow - standard adaptive signal timing in effect
EVT452299,2025-11-23 17:14:17,Concert,J030,MG Road,11047,Weekend,False,Light Rain,True,4.2,False,False,0.821,Severe,11.8,55.5,369.1,0.137,0.316,0.9,Heavy rain reducing visibility and grip - reduced speed and longer buffer advised
EVT452300,2025-10-25 19:07:33,Sports Fixture,J012,Koramangala Sony World,20848,Weekend,False,Light Rain,True,6.1,False,False,0.979,Severe,8.7,66.8,694.8,0.262,0.605,0.857,Heavy rain reducing visibility and grip - reduced speed and longer buffer advised
EVT452301,2025-06-12 08:17:11,Sports Fixture,J011,Indiranagar 100ft Road,28633,Weekday,False,Clear,False,0.0,False,False,1.0,Severe,8.4,77.2,618.9,0.215,0.496,0.908,Heavy congestion detected - signal timing extended and reroute suggested
EVT452302,2025-04-13 17:58:33,Trade Fair,J030,MG Road,9382,Weekend,False,Clear,False,0.0,False,False,0.954,Severe,9.5,71.3,643.3,0.214,0.495,0.903,Heavy congestion detected - signal timing extended and reroute suggested
EVT452303,2026-05-01 09:29:16,Religious Festival,J030,MG Road,49240,Weekday,True,Clear,False,0.0,False,True,1.0,Severe,7.6,101.8,353.4,0.13,0.3,0.85,Road closure for event/procession - full detour recommended for through-traffic
EVT452304,2025-04-15 21:25:14,Religious Festival,J009,Majestic,33294,Weekday,True,Clear,False,0.0,False,True,0.856,High,11.4,89.2,467.9,0.194,0.449,0.88,Road closure for event/procession - full detour recommended for through-traffic
EVT452305,2026-04-07 09:27:04,Trade Fair,J031,Cubbon Road,5888,Weekday,False,Light Rain,True,3.9,False,False,1.0,Severe,10.6,76.5,426.2,0.185,0.428,0.881,Heavy rain reducing visibility and grip - reduced speed and longer buffer advised
EVT452306,2026-05-19 14:31:07,Sports Fixture,J023,Basavanagudi,15338,Weekday,False,Clear,False,0.0,False,False,0.237,Low,23.0,18.5,108.4,0.082,0.189,0.972,Normal free-flow traffic - standard signal timing maintained
EVT452307,2025-05-29 18:58:42,Sports Fixture,J031,Cubbon Road,29715,Weekday,False,Heavy Rain,True,30.7,False,False,1.0,Severe,9.1,71.0,518.9,0.186,0.43,0.882,Heavy rain reducing visibility and grip - reduced speed and longer buffer advised
EVT452308,2025-02-03 09:42:59,Concert,J012,Koramangala Sony World,6822,Weekday,False,Clear,False,0.0,False,False,0.881,Severe,11.4,62.8,527.2,0.213,0.492,0.923,Heavy congestion detected - signal timing extended and reroute suggested
EVT452309,2025-08-07 19:45:20,Concert,J023,Basavanagudi,12387,Weekday,False,Clear,False,0.0,False,False,0.971,Severe,9.4,66.9,346.4,0.137,0.318,0.899,Heavy congestion detected - signal timing extended and reroute suggested
EVT452310,2025-12-23 10:44:20,Trade Fair,J040,City Market,8112,Weekday,False,Clear,False,0.0,False,False,0.528,Moderate,26.0,36.8,205.3,0.162,0.375,0.94,Moderate traffic flow - standard adaptive signal timing in effect
EVT452311,2025-03-11 20:20:43,Local Market Day,J012,Koramangala Sony World,3462,Weekday,False,Light Rain,True,2.2,False,False,0.644,High,17.6,42.9,463.8,0.236,0.545,0.918,Heavy rain reducing visibility and grip - reduced speed and longer buffer advised
EVT452312,2026-05-15 17:32:26,Concert,J040,City Market,9628,Weekday,False,Light Rain,True,5.3,False,False,0.967,Severe,9.3,64.0,729.6,0.269,0.621,0.883,Heavy rain reducing visibility and grip - reduced speed and longer buffer advised
EVT452313,2025-01-25 17:55:29,Local Market Day,J009,Majestic,1971,Weekend,False,Fog,False,0.0,False,False,0.834,Severe,13.3,60.7,413.7,0.181,0.418,0.937,Heavy congestion detected - signal timing extended and reroute suggested
EVT452314,2025-12-18 13:52:32,Political Rally,J030,MG Road,11281,Weekday,False,Clear,False,0.0,False,False,0.194,Low,33.7,11.1,126.9,0.115,0.265,0.964,Normal free-flow traffic - standard signal timing maintained
EVT452315,2025-07-25 18:35:06,Trade Fair,J011,Indiranagar 100ft Road,14567,Weekday,False,Heavy Rain,True,38.3,False,False,1.0,Severe,6.6,78.9,369.2,0.117,0.269,0.861,Heavy rain reducing visibility and grip - reduced speed and longer buffer advised
EVT452316,2025-03-10 08:31:16,Local Market Day,J023,Basavanagudi,6788,Weekday,False,Clear,False,0.0,False,False,0.995,Severe,8.2,73.3,646.7,0.221,0.51,0.902,Heavy congestion detected - signal timing extended and reroute suggested
EVT452317,2025-12-18 20:53:20,Local Market Day,J023,Basavanagudi,5537,Weekday,False,Clear,False,0.0,False,False,0.354,Moderate,24.8,22.3,158.6,0.102,0.235,0.961,Moderate traffic flow - standard adaptive signal timing in effect
EVT452318,2026-01-30 14:57:58,Sports Fixture,J012,Koramangala Sony World,15291,Weekday,False,Clear,False,0.0,False,False,0.24,Low,24.9,26.0,153.5,0.107,0.248,0.969,Normal free-flow traffic - standard signal timing maintained
EVT452319,2026-06-16 23:33:37,Trade Fair,J031,Cubbon Road,11065,Weekday,False,Rain,True,13.1,False,False,0.389,Moderate,27.0,27.4,204.6,0.14,0.324,0.923,Light rain detected - minor speed reduction advised
EVT452320,2025-10-29 10:14:08,Local Market Day,J030,MG Road,3092,Weekday,False,Clear,False,0.0,False,False,0.716,High,21.0,51.6,287.4,0.214,0.493,0.94,Moderate traffic flow - standard adaptive signal timing in effect
EVT452321,2025-01-05 21:11:00,Local Market Day,J030,MG Road,4298,Weekend,False,Clear,False,0.0,False,False,0.388,Moderate,24.5,27.7,189.8,0.115,0.267,0.977,Moderate traffic flow - standard adaptive signal timing in effect
EVT452322,2025-05-15 20:49:07,Political Rally,J023,Basavanagudi,15206,Weekday,False,Clear,False,0.0,False,False,0.621,High,17.6,48.1,126.2,0.082,0.189,0.989,Moderate traffic flow - standard adaptive signal timing in effect
EVT452323,2026-05-22 18:01:20,Trade Fair,J011,Indiranagar 100ft Road,5988,Weekday,False,Clear,False,0.0,False,False,1.0,Severe,6.4,72.5,971.5,0.253,0.584,0.909,Heavy congestion detected - signal timing extended and reroute suggested
EVT452324,2026-06-25 16:48:16,Local Market Day,J011,Indiranagar 100ft Road,5100,Weekday,False,Clear,False,0.0,False,False,0.66,High,16.8,50.9,233.5,0.124,0.287,0.969,Moderate traffic flow - standard adaptive signal timing in effect
EVT452325,2026-04-25 11:36:06,Sports Fixture,J023,Basavanagudi,28355,Weekend,False,Clear,False,0.0,False,False,0.471,Moderate,24.7,27.8,205.6,0.16,0.371,0.968,Moderate traffic flow - standard adaptive signal timing in effect
EVT452326,2026-01-27 20:31:11,Religious Festival,J030,MG Road,65045,Weekday,True,Clear,False,0.0,False,True,1.0,Severe,8.9,104.7,481.6,0.199,0.46,0.839,Road closure for event/procession - full detour recommended for through-traffic
EVT452327,2025-04-25 17:42:34,Concert,J020,Malleshwaram Circle,14584,Weekday,False,Clear,False,0.0,False,False,0.991,Severe,9.0,73.5,333.1,0.117,0.27,0.892,Heavy congestion detected - signal timing extended and reroute suggested
EVT452328,2026-04-16 22:49:15,Local Market Day,J030,MG Road,5184,Weekday,False,Rain,True,12.3,True,False,0.776,Severe,16.0,53.8,222.2,0.129,0.299,0.743,Accident detected nearby - reroute and reduced speed advised
EVT452329,2025-10-02 16:28:48,Religious Festival,J030,MG Road,27109,Weekday,True,Fog,False,0.0,False,False,0.977,Severe,9.5,78.2,430.7,0.182,0.421,0.874,Festival crowd surge detected - alternate route and extended cycle recommended
EVT452330,2026-03-02 13:31:23,Trade Fair,J011,Indiranagar 100ft Road,5625,Weekday,False,Clear,False,0.0,False,False,0.2,Low,32.0,15.3,204.2,0.17,0.392,0.99,Normal free-flow traffic - standard signal timing maintained
EVT452331,2025-04-23 16:21:45,Concert,J031,Cubbon Road,13189,Weekday,False,Clear,False,0.0,False,False,0.584,High,22.8,41.9,233.2,0.179,0.413,0.95,Moderate traffic flow - standard adaptive signal timing in effect
EVT452332,2025-01-27 16:59:45,Religious Festival,J023,Basavanagudi,37756,Weekday,True,Clear,False,0.0,False,False,1.0,Severe,11.3,70.2,260.2,0.127,0.293,0.837,Festival crowd surge detected - alternate route and extended cycle recommended
EVT452333,2025-01-24 04:44:13,Sports Fixture,J012,Koramangala Sony World,12573,Weekday,False,Clear,False,0.0,False,False,0.3,Low,24.6,25.4,122.0,0.07,0.162,0.99,Moderate traffic flow - standard adaptive signal timing in effect
EVT452334,2025-11-21 10:20:33,Trade Fair,J040,City Market,14585,Weekday,False,Rain,True,8.0,False,False,0.87,Severe,13.7,71.3,468.0,0.228,0.527,0.895,Heavy rain reducing visibility and grip - reduced speed and longer buffer advised
EVT452335,2025-04-22 16:33:23,Sports Fixture,J009,Majestic,18173,Weekday,False,Clear,False,0.0,False,False,0.674,High,14.0,44.6,272.3,0.146,0.337,0.965,Moderate traffic flow - standard adaptive signal timing in effect
EVT452336,2026-03-18 13:34:00,Concert,J040,City Market,19453,Weekday,False,Clear,False,0.0,False,False,0.208,Low,28.0,16.9,106.3,0.064,0.148,0.959,Normal free-flow traffic - standard signal timing maintained
EVT452337,2025-03-16 18:58:03,Trade Fair,J020,Malleshwaram Circle,8708,Weekend,False,Clear,False,0.0,False,False,0.812,Severe,13.2,55.2,314.6,0.141,0.326,0.936,Heavy congestion detected - signal timing extended and reroute suggested
EVT452338,2025-06-05 16:25:56,Sports Fixture,J011,Indiranagar 100ft Road,17546,Weekday,False,Light Rain,True,4.7,False,False,0.743,High,14.0,53.1,394.3,0.203,0.468,0.897,Heavy rain reducing visibility and grip - reduced speed and longer buffer advised
EVT452339,2025-12-24 10:05:42,Sports Fixture,J030,MG Road,15492,Weekday,False,Clear,False,0.0,False,False,0.748,High,14.7,54.1,185.3,0.084,0.195,0.956,Moderate traffic flow - standard adaptive signal timing in effect
EVT452340,2026-02-13 13:32:08,Trade Fair,J020,Malleshwaram Circle,18448,Weekday,False,Clear,False,0.0,False,False,0.303,Low,31.5,22.4,134.4,0.108,0.249,0.975,Moderate traffic flow - standard adaptive signal timing in effect
EVT452341,2026-03-25 18:48:34,Local Market Day,J020,Malleshwaram Circle,4486,Weekday,False,Fog,False,0.0,False,False,0.944,Severe,11.3,69.1,208.4,0.103,0.237,0.904,Heavy congestion detected - signal timing extended and reroute suggested
EVT452342,2026-04-29 08:26:38,Sports Fixture,J040,City Market,18283,Weekday,False,Clear,False,0.0,False,False,1.0,Severe,8.4,69.5,656.5,0.261,0.603,0.91,Heavy congestion detected - signal timing extended and reroute suggested
EVT452343,2025-02-17 07:15:32,Sports Fixture,J031,Cubbon Road,14266,Weekday,False,Fog,False,0.0,False,False,0.601,High,20.3,40.5,319.3,0.212,0.49,0.979,Moderate traffic flow - standard adaptive signal timing in effect
EVT452344,2025-04-29 15:29:12,Trade Fair,J009,Majestic,9480,Weekday,False,Clear,False,0.0,False,False,0.272,Low,30.0,21.3,188.3,0.152,0.351,0.973,Moderate traffic flow - standard adaptive signal timing in effect
EVT452345,2026-03-31 10:39:19,Concert,J023,Basavanagudi,20081,Weekday,False,Clear,False,0.0,False,False,0.587,High,23.5,47.9,168.6,0.129,0.298,0.99,Moderate traffic flow - standard adaptive signal timing in effect
EVT452346,2026-05-16 09:37:56,Concert,J011,Indiranagar 100ft Road,15018,Weekend,False,Clear,False,0.0,False,False,0.904,Severe,11.6,63.9,378.7,0.171,0.396,0.931,Heavy congestion detected - signal timing extended and reroute suggested
EVT452347,2025-08-30 20:44:12,Concert,J030,MG Road,9796,Weekend,False,Rain,True,24.8,False,False,0.745,High,17.7,54.1,198.3,0.11,0.254,0.912,Heavy rain reducing visibility and grip - reduced speed and longer buffer advised
EVT452348,2026-04-02 14:51:28,Political Rally,J020,Malleshwaram Circle,12844,Weekday,False,Clear,False,0.0,False,False,0.359,Moderate,24.6,24.4,145.1,0.08,0.185,0.972,Moderate traffic flow - standard adaptive signal timing in effect
EVT452349,2025-02-02 10:41:46,Concert,J023,Basavanagudi,6633,Weekend,False,Clear,False,0.0,False,False,0.479,Moderate,26.6,32.0,156.7,0.115,0.267,0.975,Moderate traffic flow - standard adaptive signal timing in effect
EVT452350,2025-11-15 19:57:51,Local Market Day,J011,Indiranagar 100ft Road,5020,Weekend,False,Clear,False,0.0,False,False,0.647,High,19.3,55.1,273.8,0.203,0.469,0.99,Moderate traffic flow - standard adaptive signal timing in effect
EVT452351,2025-07-15 14:37:29,Trade Fair,J023,Basavanagudi,10015,Weekday,False,Rain,True,17.1,False,False,0.447,Moderate,25.4,32.2,188.8,0.142,0.328,0.92,Light rain detected - minor speed reduction advised
EVT452352,2025-01-12 15:13:20,Political Rally,J023,Basavanagudi,14127,Weekend,False,Clear,False,0.0,False,False,0.38,Moderate,27.1,22.2,213.3,0.152,0.351,0.962,Moderate traffic flow - standard adaptive signal timing in effect
EVT452353,2025-02-07 08:41:54,Local Market Day,J012,Koramangala Sony World,3267,Weekday,False,Clear,False,0.0,False,False,1.0,Severe,9.6,75.3,269.7,0.111,0.256,0.942,Heavy congestion detected - signal timing extended and reroute suggested
EVT452354,2025-10-06 05:38:57,Sports Fixture,J030,MG Road,15923,Weekday,False,Rain,True,12.5,False,False,0.366,Moderate,27.3,20.0,106.0,0.074,0.171,0.908,Light rain detected - minor speed reduction advised
EVT452355,2025-08-25 08:47:00,Local Market Day,J011,Indiranagar 100ft Road,2301,Weekday,False,Heavy Rain,True,68.1,False,False,1.0,Severe,8.4,71.4,683.8,0.228,0.526,0.851,Heavy rain reducing visibility and grip - reduced speed and longer buffer advised
EVT452356,2026-04-23 10:21:19,Local Market Day,J011,Indiranagar 100ft Road,3741,Weekday,False,Clear,False,0.0,False,False,0.643,High,13.6,42.2,391.3,0.184,0.425,0.971,Moderate traffic flow - standard adaptive signal timing in effect
EVT452357,2025-08-23 14:18:37,Concert,J030,MG Road,13876,Weekend,False,Clear,False,0.0,False,False,0.393,Moderate,30.9,29.4,100.8,0.085,0.196,0.961,Moderate traffic flow - standard adaptive signal timing in effect
EVT452358,2026-03-26 13:15:10,Religious Festival,J023,Basavanagudi,26545,Weekday,True,Clear,False,0.0,False,False,0.593,High,22.1,38.9,290.0,0.221,0.511,0.916,Festival crowd surge detected - alternate route and extended cycle recommended
EVT452359,2025-07-07 18:36:58,Sports Fixture,J011,Indiranagar 100ft Road,19734,Weekday,False,Heavy Rain,True,36.1,True,False,1.0,Severe,9.0,70.3,189.6,0.092,0.213,0.725,Accident detected nearby - reroute and reduced speed advised
EVT452360,2025-11-04 05:37:32,Sports Fixture,J012,Koramangala Sony World,20526,Weekday,False,Rain,True,10.8,False,False,0.445,Moderate,33.2,31.7,172.2,0.168,0.388,0.912,Light rain detected - minor speed reduction advised
EVT452361,2025-10-23 06:38:40,Political Rally,J009,Majestic,5217,Weekday,False,Clear,False,0.0,False,False,0.341,Low,22.8,21.3,199.6,0.147,0.339,0.94,Moderate traffic flow - standard adaptive signal timing in effect
EVT452362,2025-02-15 16:49:35,Sports Fixture,J030,MG Road,12621,Weekend,False,Clear,False,0.0,False,False,0.636,High,18.9,41.8,201.6,0.115,0.265,0.94,Moderate traffic flow - standard adaptive signal timing in effect
EVT452363,2026-05-20 17:13:24,Sports Fixture,J030,MG Road,23422,Weekday,False,Clear,False,0.0,False,False,0.915,Severe,11.9,60.9,617.9,0.297,0.686,0.954,Heavy congestion detected - signal timing extended and reroute suggested
EVT452364,2026-04-14 15:41:59,Fireworks Display,J040,City Market,11482,Weekday,True,Clear,False,0.0,False,False,0.674,High,18.3,44.7,271.1,0.166,0.383,0.914,Festival crowd surge detected - alternate route and extended cycle recommended
EVT452365,2025-09-09 08:12:53,Concert,J012,Koramangala Sony World,11598,Weekday,False,Clear,False,0.0,False,False,0.979,Severe,8.3,65.5,429.3,0.167,0.386,0.926,Heavy congestion detected - signal timing extended and reroute suggested
EVT452366,2026-06-18 08:23:28,Political Rally,J023,Basavanagudi,10985,Weekday,False,Clear,False,0.0,False,False,0.988,Severe,8.2,79.0,574.7,0.198,0.456,0.928,Heavy congestion detected - signal timing extended and reroute suggested
EVT452367,2025-04-23 10:36:52,Local Market Day,J011,Indiranagar 100ft Road,1371,Weekday,False,Clear,False,0.0,False,False,0.576,High,23.1,40.0,86.6,0.062,0.144,0.947,Moderate traffic flow - standard adaptive signal timing in effect
EVT452368,2025-02-23 21:13:01,Trade Fair,J040,City Market,6743,Weekend,False,Fog,False,0.0,False,False,0.507,Moderate,21.9,32.1,256.1,0.188,0.435,0.966,Moderate traffic flow - standard adaptive signal timing in effect
EVT452369,2026-02-15 18:08:06,Local Market Day,J031,Cubbon Road,3601,Weekend,False,Clear,False,0.0,False,False,0.85,Severe,13.3,61.4,404.6,0.191,0.44,0.953,Heavy congestion detected - signal timing extended and reroute suggested
EVT452370,2025-08-29 17:27:48,Sports Fixture,J023,Basavanagudi,22539,Weekday,False,Rain,True,8.5,False,False,1.0,Severe,7.9,74.9,252.1,0.09,0.208,0.878,Heavy rain reducing visibility and grip - reduced speed and longer buffer advised
EVT452371,2026-03-30 21:30:33,Sports Fixture,J011,Indiranagar 100ft Road,21178,Weekday,False,Clear,False,0.0,False,False,0.369,Moderate,28.7,28.2,152.1,0.11,0.254,0.966,Moderate traffic flow - standard adaptive signal timing in effect
EVT452372,2026-04-08 17:26:36,Sports Fixture,J009,Majestic,13682,Weekday,False,Clear,False,0.0,False,False,0.942,Severe,10.0,72.2,478.4,0.2,0.461,0.934,Heavy congestion detected - signal timing extended and reroute suggested
EVT452373,2025-10-14 18:56:27,Concert,J012,Koramangala Sony World,9787,Weekday,False,Clear,False,0.0,False,False,1.0,Severe,8.4,72.4,532.1,0.177,0.409,0.924,Heavy congestion detected - signal timing extended and reroute suggested
EVT452374,2025-07-21 18:38:27,Local Market Day,J023,Basavanagudi,3713,Weekday,False,Clear,False,0.0,False,False,1.0,Severe,8.6,72.7,636.1,0.22,0.509,0.909,Heavy congestion detected - signal timing extended and reroute suggested
EVT452375,2025-09-06 09:54:19,Religious Festival,J040,City Market,35926,Weekend,True,Clear,False,0.0,False,True,1.0,Severe,9.0,91.9,813.4,0.286,0.661,0.824,Road closure for event/procession - full detour recommended for through-traffic
EVT452376,2025-09-16 23:01:29,Local Market Day,J031,Cubbon Road,1423,Weekday,False,Heavy Rain,True,34.4,False,False,0.471,Moderate,28.2,34.6,224.3,0.185,0.428,0.926,Light rain detected - minor speed reduction advised
EVT452377,2025-06-11 12:10:58,Local Market Day,J011,Indiranagar 100ft Road,2359,Weekday,False,Clear,False,0.0,False,False,0.246,Low,28.9,12.8,176.8,0.131,0.302,0.958,Normal free-flow traffic - standard signal timing maintained
EVT452378,2026-02-13 20:18:15,Concert,J031,Cubbon Road,11242,Weekday,False,Clear,False,0.0,False,False,0.686,High,18.3,48.7,415.9,0.25,0.578,0.954,Moderate traffic flow - standard adaptive signal timing in effect
EVT452379,2025-06-11 17:16:31,Concert,J023,Basavanagudi,13146,Weekday,False,Clear,False,0.0,False,False,0.878,Severe,11.6,59.7,391.9,0.186,0.43,0.925,Heavy congestion detected - signal timing extended and reroute suggested
EVT452380,2026-01-29 07:55:08,Local Market Day,J020,Malleshwaram Circle,2631,Weekday,False,Light Rain,True,1.0,False,False,0.865,Severe,10.7,65.8,817.8,0.323,0.746,0.912,Heavy rain reducing visibility and grip - reduced speed and longer buffer advised
EVT452381,2026-05-31 20:09:01,Local Market Day,J012,Koramangala Sony World,3103,Weekend,False,Rain,True,11.4,False,False,0.816,Severe,12.3,61.3,452.0,0.199,0.46,0.906,Heavy rain reducing visibility and grip - reduced speed and longer buffer advised
EVT452382,2025-10-30 15:11:18,Concert,J009,Majestic,9313,Weekday,False,Heavy Rain,True,37.7,False,False,0.553,High,19.4,36.4,259.6,0.156,0.359,0.907,Heavy rain reducing visibility and grip - reduced speed and longer buffer advised
EVT452383,2026-01-05 08:25:11,Trade Fair,J030,MG Road,5879,Weekday,False,Clear,False,0.0,False,False,0.894,Severe,14.4,66.7,420.3,0.224,0.518,0.928,Heavy congestion detected - signal timing extended and reroute suggested
EVT452384,2026-03-05 20:12:29,Cultural Procession,J030,MG Road,16992,Weekday,True,Clear,False,0.0,False,True,1.0,Severe,6.1,95.1,836.0,0.234,0.541,0.846,Road closure for event/procession - full detour recommended for through-traffic
EVT452385,2026-01-18 11:32:23,Concert,J009,Majestic,6775,Weekend,False,Clear,False,0.0,False,False,0.347,Low,27.0,22.1,260.6,0.191,0.442,0.96,Moderate traffic flow - standard adaptive signal timing in effect
EVT452386,2025-02-12 18:11:13,Trade Fair,J012,Koramangala Sony World,4452,Weekday,False,Clear,False,0.0,False,False,0.961,Severe,9.3,66.8,593.6,0.216,0.499,0.932,Heavy congestion detected - signal timing extended and reroute suggested
EVT452387,2025-03-24 18:50:15,Sports Fixture,J040,City Market,18649,Weekday,False,Clear,False,0.0,False,False,1.0,Severe,10.0,73.6,331.3,0.126,0.291,0.911,Heavy congestion detected - signal timing extended and reroute suggested
EVT452388,2025-02-20 19:14:53,Political Rally,J023,Basavanagudi,15318,Weekday,False,Clear,False,0.0,False,False,1.0,Severe,9.4,72.7,602.3,0.24,0.555,0.904,Heavy congestion detected - signal timing extended and reroute suggested
EVT452389,2025-03-01 09:29:25,Local Market Day,J009,Majestic,5309,Weekend,False,Rain,True,9.7,False,False,0.948,Severe,11.3,67.5,511.2,0.219,0.506,0.877,Heavy rain reducing visibility and grip - reduced speed and longer buffer advised
EVT452390,2025-07-18 18:19:13,Sports Fixture,J030,MG Road,16284,Weekday,False,Heavy Rain,True,85.3,False,False,1.0,Severe,7.8,70.1,666.0,0.198,0.457,0.836,Heavy rain reducing visibility and grip - reduced speed and longer buffer advised
EVT452391,2025-02-25 10:03:25,Local Market Day,J020,Malleshwaram Circle,2943,Weekday,False,Clear,False,0.0,False,False,0.713,High,16.5,52.1,120.1,0.067,0.155,0.97,Moderate traffic flow - standard adaptive signal timing in effect
EVT452392,2025-10-09 12:52:25,Sports Fixture,J030,MG Road,15603,Weekday,False,Clear,False,0.0,False,False,0.301,Low,26.7,18.5,132.1,0.107,0.247,0.961,Moderate traffic flow - standard adaptive signal timing in effect
EVT452393,2025-06-07 08:22:48,Political Rally,J011,Indiranagar 100ft Road,21054,Weekend,False,Clear,False,0.0,False,False,0.944,Severe,10.9,75.0,390.0,0.171,0.394,0.928,Heavy congestion detected - signal timing extended and reroute suggested
EVT452394,2026-03-10 14:31:19,Local Market Day,J009,Majestic,5001,Weekday,False,Clear,False,0.0,False,False,0.217,Low,35.8,16.4,152.4,0.126,0.29,0.947,Normal free-flow traffic - standard signal timing maintained
EVT452395,2026-01-01 16:41:28,Religious Festival,J031,Cubbon Road,56521,Weekday,True,Clear,False,0.0,False,True,1.0,Severe,7.9,96.8,752.4,0.249,0.575,0.822,Road closure for event/procession - full detour recommended for through-traffic
EVT452396,2026-02-11 08:47:38,Concert,J020,Malleshwaram Circle,10921,Weekday,False,Clear,False,0.0,False,False,1.0,Severe,7.7,69.4,787.7,0.265,0.612,0.915,Heavy congestion detected - signal timing extended and reroute suggested
EVT452397,2025-05-16 07:57:29,Local Market Day,J009,Majestic,3568,Weekday,False,Light Rain,True,4.9,False,False,0.912,Severe,13.2,68.8,381.9,0.207,0.477,0.913,Heavy rain reducing visibility and grip - reduced speed and longer buffer advised
EVT452398,2025-06-01 17:05:53,Local Market Day,J020,Malleshwaram Circle,4116,Weekend,False,Clear,False,0.0,False,False,0.652,High,20.4,50.6,108.1,0.069,0.159,0.959,Moderate traffic flow - standard adaptive signal timing in effect
EVT452399,2026-06-01 17:51:50,Sports Fixture,J009,Majestic,13985,Weekday,False,Clear,False,0.0,False,False,1.0,Severe,10.1,74.2,605.5,0.251,0.58,0.922,Heavy congestion detected - signal timing extended and reroute suggested
EVT452400,2026-04-02 19:20:40,Local Market Day,J030,MG Road,2744,Weekday,False,Clear,False,0.0,False,False,0.899,Severe,12.1,70.5,465.9,0.237,0.547,0.938,Heavy congestion detected - signal timing extended and reroute suggested
EVT452401,2025-11-15 07:57:30,Trade Fair,J020,Malleshwaram Circle,6157,Weekend,False,Clear,False,0.0,False,False,0.706,High,16.9,42.3,439.3,0.236,0.545,0.948,Moderate traffic flow - standard adaptive signal timing in effect
EVT452402,2025-07-15 21:44:49,Trade Fair,J040,City Market,10495,Weekday,False,Rain,True,24.7,False,False,0.618,High,18.9,46.4,284.3,0.175,0.404,0.91,Heavy rain reducing visibility and grip - reduced speed and longer buffer advised
EVT452403,2025-02-17 17:03:53,Sports Fixture,J020,Malleshwaram Circle,27600,Weekday,False,Clear,False,0.0,False,False,0.858,Severe,14.7,59.9,213.3,0.107,0.247,0.951,Heavy congestion detected - signal timing extended and reroute suggested
EVT452404,2025-08-29 16:53:12,Concert,J030,MG Road,8795,Weekday,False,Clear,False,0.0,False,False,0.679,High,17.7,45.6,144.1,0.085,0.197,0.969,Moderate traffic flow - standard adaptive signal timing in effect
EVT452405,2025-10-18 07:16:58,Political Rally,J031,Cubbon Road,17478,Weekend,False,Clear,False,0.0,False,False,0.609,High,21.7,52.3,94.3,0.069,0.159,0.947,Moderate traffic flow - standard adaptive signal timing in effect
EVT452406,2026-01-20 23:19:30,Political Rally,J031,Cubbon Road,16350,Weekday,False,Clear,False,0.0,False,False,0.279,Low,33.2,22.9,201.6,0.179,0.414,0.964,Moderate traffic flow - standard adaptive signal timing in effect
EVT452407,2025-08-05 19:20:02,Sports Fixture,J031,Cubbon Road,12987,Weekday,False,Heavy Rain,True,28.7,False,False,1.0,Severe,9.4,66.7,503.4,0.188,0.435,0.858,Heavy rain reducing visibility and grip - reduced speed and longer buffer advised
EVT452408,2026-06-16 07:12:46,Local Market Day,J011,Indiranagar 100ft Road,1235,Weekday,False,Clear,False,0.0,False,False,0.513,Moderate,25.3,41.1,187.4,0.155,0.359,0.961,Moderate traffic flow - standard adaptive signal timing in effect
EVT452409,2025-05-10 16:04:52,Concert,J023,Basavanagudi,12264,Weekend,False,Clear,False,0.0,False,False,0.456,Moderate,32.1,29.6,215.4,0.201,0.463,0.959,Moderate traffic flow - standard adaptive signal timing in effect
EVT452410,2025-01-30 12:03:57,Political Rally,J040,City Market,15807,Weekday,False,Clear,False,0.0,False,False,0.304,Low,24.0,25.6,208.2,0.114,0.263,0.972,Moderate traffic flow - standard adaptive signal timing in effect
EVT452411,2025-02-01 08:50:44,Sports Fixture,J040,City Market,22424,Weekend,False,Clear,False,0.0,False,False,0.963,Severe,9.6,67.3,183.0,0.079,0.183,0.916,Heavy congestion detected - signal timing extended and reroute suggested
EVT452412,2026-04-14 08:56:28,Religious Festival,J012,Koramangala Sony World,42251,Weekday,True,Clear,False,0.0,False,True,1.0,Severe,5.8,103.4,489.3,0.146,0.338,0.812,Road closure for event/procession - full detour recommended for through-traffic
EVT452413,2025-10-27 19:55:10,Local Market Day,J020,Malleshwaram Circle,3018,Weekday,False,Clear,False,0.0,False,False,0.819,Severe,12.4,56.6,462.8,0.204,0.472,0.953,Heavy congestion detected - signal timing extended and reroute suggested
EVT452414,2026-05-21 09:53:02,Sports Fixture,J012,Koramangala Sony World,23241,Weekday,False,Clear,False,0.0,False,False,0.914,Severe,11.4,63.3,367.3,0.182,0.42,0.933,Heavy congestion detected - signal timing extended and reroute suggested
EVT452415,2025-01-20 08:38:45,Sports Fixture,J011,Indiranagar 100ft Road,19542,Weekday,False,Clear,False,0.0,False,False,1.0,Severe,8.7,76.0,496.0,0.186,0.431,0.925,Heavy congestion detected - signal timing extended and reroute suggested
EVT452416,2026-04-03 07:43:53,Trade Fair,J030,MG Road,15925,Weekday,False,Clear,False,0.0,False,False,0.68,High,22.3,45.8,239.7,0.18,0.416,0.976,Moderate traffic flow - standard adaptive signal timing in effect
EVT452417,2025-08-21 13:10:59,Sports Fixture,J011,Indiranagar 100ft Road,9905,Weekday,False,Rain,True,22.8,False,False,0.447,Moderate,19.6,33.5,248.5,0.161,0.373,0.919,Light rain detected - minor speed reduction advised
EVT452418,2025-08-02 22:24:35,Trade Fair,J023,Basavanagudi,11229,Weekend,False,Rain,True,10.8,False,False,0.512,Moderate,23.0,33.0,179.9,0.133,0.306,0.91,Light rain detected - minor speed reduction advised
EVT452419,2026-03-20 07:19:37,Religious Festival,J012,Koramangala Sony World,87591,Weekday,True,Clear,False,0.0,False,False,1.0,Severe,10.5,72.6,615.4,0.277,0.64,0.879,Festival crowd surge detected - alternate route and extended cycle recommended
EVT452420,2026-04-12 12:50:45,Local Market Day,J012,Koramangala Sony World,3031,Weekend,False,Clear,False,0.0,False,False,0.176,Low,32.5,16.9,91.4,0.056,0.13,0.967,Normal free-flow traffic - standard signal timing maintained
EVT452421,2025-08-21 13:10:38,Sports Fixture,J012,Koramangala Sony World,20474,Weekday,False,Clear,False,0.0,False,False,0.246,Low,34.9,10.7,107.6,0.107,0.247,0.949,Normal free-flow traffic - standard signal timing maintained
EVT452422,2026-05-17 22:23:12,Political Rally,J012,Koramangala Sony World,13079,Weekend,False,Clear,False,0.0,False,False,0.315,Low,33.4,18.6,99.0,0.101,0.233,0.951,Moderate traffic flow - standard adaptive signal timing in effect
EVT452423,2026-06-13 19:19:29,Political Rally,J040,City Market,15702,Weekend,False,Clear,False,0.0,False,False,0.855,Severe,12.3,61.3,513.1,0.234,0.541,0.933,Heavy congestion detected - signal timing extended and reroute suggested
EVT452424,2025-04-12 12:41:06,Sports Fixture,J009,Majestic,19512,Weekend,False,Clear,False,0.0,False,False,0.34,Low,32.9,20.2,156.5,0.15,0.346,0.963,Moderate traffic flow - standard adaptive signal timing in effect
EVT452425,2025-02-02 08:55:22,Concert,J040,City Market,9307,Weekend,False,Clear,False,0.0,False,False,0.963,Severe,8.6,73.3,285.0,0.129,0.299,0.942,Heavy congestion detected - signal timing extended and reroute suggested
EVT452426,2025-05-24 14:41:30,Trade Fair,J040,City Market,13122,Weekend,False,Clear,False,0.0,False,False,0.245,Low,27.8,17.9,221.5,0.157,0.363,0.977,Normal free-flow traffic - standard signal timing maintained
EVT452427,2026-04-16 13:58:18,Sports Fixture,J009,Majestic,12972,Weekday,False,Clear,False,0.0,False,False,0.24,Low,30.6,14.0,131.4,0.103,0.238,0.959,Normal free-flow traffic - standard signal timing maintained
EVT452428,2026-05-10 08:10:07,Local Market Day,J023,Basavanagudi,2858,Weekend,False,Clear,False,0.0,False,False,0.706,High,18.5,46.2,278.0,0.186,0.43,0.955,Moderate traffic flow - standard adaptive signal timing in effect
EVT452429,2025-12-18 09:32:30,Concert,J030,MG Road,9154,Weekday,False,Clear,False,0.0,False,False,1.0,Severe,7.8,69.0,513.7,0.161,0.371,0.908,Heavy congestion detected - signal timing extended and reroute suggested
EVT452430,2025-06-14 08:58:14,Local Market Day,J031,Cubbon Road,4001,Weekend,False,Clear,False,0.0,False,False,0.847,Severe,17.2,63.2,361.6,0.197,0.456,0.932,Heavy congestion detected - signal timing extended and reroute suggested
EVT452431,2026-05-31 10:46:14,Trade Fair,J023,Basavanagudi,8131,Weekend,False,Clear,False,0.0,False,False,0.645,High,20.3,44.9,129.7,0.102,0.235,0.99,Moderate traffic flow - standard adaptive signal timing in effect
EVT452432,2026-03-30 14:25:14,Local Market Day,J009,Majestic,3049,Weekday,False,Light Rain,True,7.4,False,False,0.338,Low,32.9,29.0,169.3,0.143,0.33,0.911,Light rain detected - minor speed reduction advised
EVT452433,2025-04-21 08:16:37,Local Market Day,J009,Majestic,3232,Weekday,False,Clear,False,0.0,False,False,0.932,Severe,9.8,65.8,561.2,0.213,0.492,0.918,Heavy congestion detected - signal timing extended and reroute suggested
EVT452434,2025-12-05 17:08:05,Concert,J040,City Market,6436,Weekday,False,Clear,False,0.0,False,False,0.745,High,10.8,59.4,302.8,0.125,0.288,0.959,Moderate traffic flow - standard adaptive signal timing in effect
EVT452435,2025-09-21 12:40:44,Local Market Day,J012,Koramangala Sony World,3771,Weekend,False,Rain,True,19.3,False,False,0.46,Moderate,26.4,31.1,150.6,0.089,0.206,0.908,Light rain detected - minor speed reduction advised
EVT452436,2026-03-07 20:21:41,Political Rally,J023,Basavanagudi,15368,Weekend,False,Clear,False,0.0,False,False,0.577,High,24.4,37.8,266.3,0.232,0.535,0.961,Moderate traffic flow - standard adaptive signal timing in effect
EVT452437,2026-05-23 18:57:00,Local Market Day,J031,Cubbon Road,7626,Weekend,False,Clear,False,0.0,False,False,0.875,Severe,12.2,55.2,417.2,0.201,0.465,0.939,Heavy congestion detected - signal timing extended and reroute suggested
EVT452438,2026-03-05 14:03:03,Cultural Procession,J023,Basavanagudi,17331,Weekday,True,Clear,False,0.0,False,False,0.507,Moderate,21.9,33.9,344.4,0.233,0.539,0.916,Festival crowd surge detected - alternate route and extended cycle recommended
EVT452439,2025-04-24 18:36:13,Trade Fair,J009,Majestic,7330,Weekday,False,Rain,True,20.1,False,False,1.0,Severe,8.3,69.2,531.8,0.194,0.448,0.878,Heavy rain reducing visibility and grip - reduced speed and longer buffer advised
EVT452440,2025-06-22 12:49:40,Trade Fair,J030,MG Road,7214,Weekend,False,Heavy Rain,True,31.1,False,False,0.709,High,19.6,50.4,170.2,0.1,0.231,0.936,Heavy rain reducing visibility and grip - reduced speed and longer buffer advised
EVT452441,2025-08-08 07:02:03,Political Rally,J031,Cubbon Road,17205,Weekday,False,Clear,False,0.0,False,False,0.537,Moderate,18.4,38.1,401.1,0.232,0.536,0.981,Moderate traffic flow - standard adaptive signal timing in effect
EVT452442,2025-05-08 06:37:46,Sports Fixture,J040,City Market,30629,Weekday,False,Clear,False,0.0,False,False,0.457,Moderate,27.0,29.0,190.9,0.177,0.409,0.969,Moderate traffic flow - standard adaptive signal timing in effect
EVT452443,2025-10-17 20:06:42,Sports Fixture,J011,Indiranagar 100ft Road,23978,Weekday,False,Clear,False,0.0,False,False,0.858,Severe,14.8,62.7,353.9,0.187,0.432,0.947,Heavy congestion detected - signal timing extended and reroute suggested
EVT452444,2025-10-25 00:43:35,Trade Fair,J012,Koramangala Sony World,7433,Weekend,False,Fog,False,0.0,True,False,0.756,Severe,13.9,49.6,191.5,0.094,0.217,0.805,Accident detected nearby - reroute and reduced speed advised
EVT452445,2025-06-29 07:42:45,Sports Fixture,J020,Malleshwaram Circle,20640,Weekend,False,Heavy Rain,True,55.5,False,False,1.0,Severe,9.7,69.3,388.5,0.14,0.324,0.861,Heavy rain reducing visibility and grip - reduced speed and longer buffer advised
EVT452446,2025-09-28 04:17:37,Sports Fixture,J011,Indiranagar 100ft Road,26451,Weekend,False,Rain,True,21.6,False,False,0.584,High,23.4,44.1,158.7,0.12,0.277,0.915,Heavy rain reducing visibility and grip - reduced speed and longer buffer advised
EVT452447,2025-12-11 09:23:24,Political Rally,J011,Indiranagar 100ft Road,18624,Weekday,False,Clear,False,0.0,False,False,1.0,Severe,7.5,71.2,700.8,0.235,0.542,0.939,Heavy congestion detected - signal timing extended and reroute suggested
EVT452448,2025-11-30 08:13:41,Political Rally,J011,Indiranagar 100ft Road,10224,Weekend,False,Clear,False,0.0,False,False,0.838,Severe,14.0,59.7,480.6,0.232,0.535,0.97,Heavy congestion detected - signal timing extended and reroute suggested
EVT452449,2026-06-19 07:06:24,Political Rally,J012,Koramangala Sony World,23200,Weekday,False,Heavy Rain,True,45.1,False,False,0.88,Severe,10.2,55.7,376.9,0.144,0.334,0.914,Heavy rain reducing visibility and grip - reduced speed and longer buffer advised
EVT452450,2025-08-10 05:11:38,Sports Fixture,J012,Koramangala Sony World,30650,Weekend,False,Clear,False,0.0,False,False,0.401,Moderate,24.2,30.5,213.3,0.141,0.326,0.954,Moderate traffic flow - standard adaptive signal timing in effect
EVT452451,2025-07-03 10:06:27,Political Rally,J023,Basavanagudi,11239,Weekday,False,Clear,False,0.0,False,False,0.839,Severe,13.5,59.0,253.7,0.13,0.3,0.953,Heavy congestion detected - signal timing extended and reroute suggested
EVT452452,2025-09-08 09:32:40,Local Market Day,J030,MG Road,5245,Weekday,False,Clear,False,0.0,False,False,1.0,Severe,8.1,75.2,496.7,0.17,0.393,0.91,Heavy congestion detected - signal timing extended and reroute suggested
EVT452453,2025-03-18 18:05:47,Local Market Day,J040,City Market,5614,Weekday,False,Clear,False,0.0,False,False,1.0,Severe,8.0,63.6,598.1,0.194,0.448,0.946,Heavy congestion detected - signal timing extended and reroute suggested
EVT452454,2025-02-05 08:07:39,Trade Fair,J011,Indiranagar 100ft Road,12188,Weekday,False,Clear,False,0.0,False,False,0.865,Severe,14.4,63.1,252.0,0.131,0.303,0.933,Heavy congestion detected - signal timing extended and reroute suggested
EVT452455,2025-06-02 21:29:45,Trade Fair,J009,Majestic,8712,Weekday,False,Clear,False,0.0,False,False,0.329,Low,35.4,30.7,176.5,0.168,0.388,0.953,Moderate traffic flow - standard adaptive signal timing in effect
EVT452456,2025-08-24 14:47:02,Sports Fixture,J011,Indiranagar 100ft Road,22907,Weekend,False,Rain,True,11.8,False,False,0.55,Moderate,19.8,36.0,264.6,0.147,0.339,0.909,Light rain detected - minor speed reduction advised
EVT452457,2026-04-02 08:23:22,Local Market Day,J040,City Market,5685,Weekday,False,Clear,False,0.0,False,False,0.927,Severe,13.1,68.2,190.7,0.095,0.219,0.929,Heavy congestion detected - signal timing extended and reroute suggested
EVT452458,2026-01-09 06:18:51,Sports Fixture,J031,Cubbon Road,15615,Weekday,False,Clear,False,0.0,False,False,0.402,Moderate,23.4,31.5,229.0,0.14,0.323,0.961,Moderate traffic flow - standard adaptive signal timing in effect
EVT452459,2025-08-07 21:30:51,Political Rally,J030,MG Road,10629,Weekday,False,Heavy Rain,True,87.3,False,False,0.665,High,21.1,47.5,95.3,0.05,0.117,0.939,Heavy rain reducing visibility and grip - reduced speed and longer buffer advised
EVT452460,2025-03-12 09:13:42,Concert,J023,Basavanagudi,16387,Weekday,False,Fog,False,0.0,False,False,1.0,Severe,8.6,70.2,536.7,0.194,0.448,0.916,Heavy congestion detected - signal timing extended and reroute suggested
EVT452461,2025-07-07 18:18:50,Political Rally,J009,Majestic,12223,Weekday,False,Clear,False,0.0,False,False,1.0,Severe,8.4,75.7,403.6,0.147,0.339,0.963,Heavy congestion detected - signal timing extended and reroute suggested
EVT452462,2025-01-01 17:55:49,Sports Fixture,J012,Koramangala Sony World,21659,Weekday,False,Clear,False,0.0,False,False,1.0,Severe,8.6,73.5,595.1,0.207,0.478,0.937,Heavy congestion detected - signal timing extended and reroute suggested
EVT452463,2025-03-16 21:28:25,Sports Fixture,J023,Basavanagudi,12041,Weekend,False,Clear,False,0.0,False,False,0.397,Moderate,30.5,26.9,131.4,0.109,0.251,0.969,Moderate traffic flow - standard adaptive signal timing in effect
EVT452464,2025-09-04 19:04:07,Concert,J030,MG Road,7179,Weekday,False,Clear,False,0.0,False,False,0.954,Severe,7.9,71.5,585.4,0.209,0.483,0.926,Heavy congestion detected - signal timing extended and reroute suggested
EVT452465,2026-03-24 09:18:18,Trade Fair,J023,Basavanagudi,6550,Weekday,False,Clear,False,0.0,False,False,1.0,Severe,6.5,68.8,805.9,0.241,0.558,0.919,Heavy congestion detected - signal timing extended and reroute suggested
EVT452466,2025-07-20 23:40:25,Concert,J040,City Market,26482,Weekend,False,Clear,False,0.0,False,False,0.439,Moderate,28.6,29.0,150.5,0.126,0.291,0.974,Moderate traffic flow - standard adaptive signal timing in effect
EVT452467,2025-05-24 11:19:56,Concert,J009,Majestic,9664,Weekend,False,Clear,False,0.0,False,False,0.492,Moderate,23.2,33.0,245.1,0.164,0.379,0.958,Moderate traffic flow - standard adaptive signal timing in effect
EVT452468,2025-12-25 12:00:39,Religious Festival,J031,Cubbon Road,52449,Weekday,True,Clear,False,0.0,False,True,0.894,High,12.6,93.9,218.7,0.102,0.235,0.863,Road closure for event/procession - full detour recommended for through-traffic
EVT452469,2025-07-27 20:16:12,Concert,J012,Koramangala Sony World,19265,Weekend,False,Rain,True,13.8,False,False,0.803,Severe,14.5,63.1,421.8,0.209,0.483,0.921,Heavy rain reducing visibility and grip - reduced speed and longer buffer advised
EVT452470,2025-06-16 11:52:04,Concert,J040,City Market,16046,Weekday,False,Rain,True,9.3,False,False,0.48,Moderate,21.8,39.3,245.5,0.139,0.321,0.931,Light rain detected - minor speed reduction advised
EVT452471,2025-01-10 19:41:08,Concert,J040,City Market,8251,Weekday,False,Clear,False,0.0,False,False,0.848,Severe,12.8,66.3,454.3,0.214,0.495,0.952,Heavy congestion detected - signal timing extended and reroute suggested
EVT452472,2025-11-02 10:20:37,Religious Festival,J011,Indiranagar 100ft Road,55045,Weekend,True,Clear,False,0.0,False,False,1.0,Severe,8.3,70.9,369.5,0.141,0.326,0.868,Festival crowd surge detected - alternate route and extended cycle recommended
EVT452473,2025-08-24 14:32:40,Sports Fixture,J011,Indiranagar 100ft Road,17546,Weekend,False,Rain,True,15.2,False,False,0.491,Moderate,17.7,29.7,159.0,0.067,0.155,0.93,Light rain detected - minor speed reduction advised
EVT452474,2025-11-29 06:57:54,Sports Fixture,J020,Malleshwaram Circle,20317,Weekend,False,Clear,False,0.0,False,False,0.51,Moderate,25.0,38.3,133.1,0.1,0.231,0.961,Moderate traffic flow - standard adaptive signal timing in effect
EVT452475,2025-11-13 16:36:08,Trade Fair,J012,Koramangala Sony World,6998,Weekday,False,Clear,False,0.0,False,False,0.587,High,18.3,41.7,228.9,0.149,0.344,0.975,Moderate traffic flow - standard adaptive signal timing in effect
EVT452476,2025-09-07 16:20:21,Trade Fair,J012,Koramangala Sony World,18610,Weekend,False,Clear,False,0.0,False,False,0.494,Moderate,26.8,34.8,192.9,0.127,0.294,0.972,Moderate traffic flow - standard adaptive signal timing in effect
EVT452477,2025-06-02 14:15:11,Trade Fair,J012,Koramangala Sony World,5849,Weekday,False,Clear,False,0.0,False,False,0.213,Low,29.2,7.3,121.6,0.086,0.2,0.976,Normal free-flow traffic - standard signal timing maintained
EVT452478,2026-05-02 18:13:23,Cultural Procession,J031,Cubbon Road,21605,Weekend,True,Clear,False,0.0,False,True,1.0,Severe,7.5,92.8,424.8,0.147,0.34,0.834,Road closure for event/procession - full detour recommended for through-traffic
EVT452479,2025-03-31 21:37:44,Cultural Procession,J020,Malleshwaram Circle,15432,Weekday,True,Clear,False,0.0,False,True,0.763,High,13.3,83.1,390.5,0.182,0.42,0.871,Road closure for event/procession - full detour recommended for through-traffic
EVT452480,2026-02-10 17:34:54,Concert,J011,Indiranagar 100ft Road,16123,Weekday,False,Clear,False,0.0,False,False,0.899,Severe,7.9,66.3,589.5,0.221,0.511,0.949,Heavy congestion detected - signal timing extended and reroute suggested
EVT452481,2025-06-27 09:36:31,Concert,J012,Koramangala Sony World,8571,Weekday,False,Heavy Rain,True,43.9,False,False,1.0,Severe,6.5,70.0,806.6,0.232,0.537,0.871,Heavy rain reducing visibility and grip - reduced speed and longer buffer advised
EVT452482,2025-10-24 08:26:24,Sports Fixture,J031,Cubbon Road,16993,Weekday,False,Clear,False,0.0,False,False,1.0,Severe,9.4,67.1,479.4,0.202,0.467,0.923,Heavy congestion detected - signal timing extended and reroute suggested
EVT452483,2025-05-08 17:55:56,Sports Fixture,J009,Majestic,19188,Weekday,False,Clear,False,0.0,False,False,1.0,Severe,8.5,67.1,683.2,0.23,0.531,0.906,Heavy congestion detected - signal timing extended and reroute suggested
EVT452484,2025-12-28 09:36:10,Concert,J031,Cubbon Road,9692,Weekend,False,Clear,False,0.0,False,False,0.826,Severe,12.6,58.4,181.8,0.097,0.223,0.987,Heavy congestion detected - signal timing extended and reroute suggested
EVT452485,2025-10-06 20:22:29,Local Market Day,J009,Majestic,6864,Weekday,False,Clear,False,0.0,False,False,0.628,High,17.5,47.9,162.0,0.097,0.224,0.964,Moderate traffic flow - standard adaptive signal timing in effect
EVT452486,2025-08-08 21:46:55,Trade Fair,J011,Indiranagar 100ft Road,8596,Weekday,False,Clear,False,0.0,False,False,0.356,Moderate,23.5,30.5,208.5,0.146,0.337,0.971,Moderate traffic flow - standard adaptive signal timing in effect
EVT452487,2026-02-02 20:39:56,Local Market Day,J011,Indiranagar 100ft Road,6650,Weekday,False,Clear,False,0.0,False,False,0.543,Moderate,28.7,37.2,132.0,0.095,0.218,0.984,Moderate traffic flow - standard adaptive signal timing in effect
EVT452488,2026-05-02 22:10:00,Religious Festival,J009,Majestic,69520,Weekend,True,Clear,False,0.0,False,True,1.0,Severe,6.8,97.7,695.1,0.222,0.512,0.823,Road closure for event/procession - full detour recommended for through-traffic
EVT452489,2025-03-17 07:22:39,Political Rally,J012,Koramangala Sony World,16113,Weekday,False,Clear,False,0.0,False,False,0.602,High,24.0,42.8,86.7,0.055,0.127,0.982,Moderate traffic flow - standard adaptive signal timing in effect
EVT452490,2025-01-20 13:15:54,Local Market Day,J011,Indiranagar 100ft Road,3497,Weekday,False,Clear,False,0.0,False,False,0.191,Low,31.5,14.8,125.5,0.101,0.233,0.951,Normal free-flow traffic - standard signal timing maintained
EVT452491,2026-01-25 08:13:03,Political Rally,J020,Malleshwaram Circle,12236,Weekend,False,Clear,False,0.0,False,False,0.833,Severe,12.5,63.1,628.9,0.287,0.663,0.938,Heavy congestion detected - signal timing extended and reroute suggested
EVT452492,2025-08-27 08:23:37,Religious Festival,J020,Malleshwaram Circle,23930,Weekday,True,Heavy Rain,True,56.3,False,False,1.0,Severe,9.0,75.4,536.1,0.212,0.489,0.829,Festival crowd surge detected - alternate route and extended cycle recommended
EVT452493,2025-11-04 21:57:55,Political Rally,J023,Basavanagudi,6633,Weekday,False,Clear,False,0.0,False,False,0.281,Low,25.3,21.8,237.5,0.172,0.398,0.94,Moderate traffic flow - standard adaptive signal timing in effect
EVT452494,2025-02-02 16:52:20,Trade Fair,J020,Malleshwaram Circle,9136,Weekend,False,Fog,False,0.0,False,False,0.621,High,18.7,47.6,97.2,0.069,0.159,0.967,Moderate traffic flow - standard adaptive signal timing in effect
EVT452495,2026-04-23 17:41:42,Sports Fixture,J031,Cubbon Road,19316,Weekday,False,Clear,False,0.0,False,False,0.99,Severe,10.3,72.8,437.2,0.18,0.416,0.927,Heavy congestion detected - signal timing extended and reroute suggested
EVT452496,2026-01-15 11:41:54,Religious Festival,J011,Indiranagar 100ft Road,40357,Weekday,True,Clear,False,0.0,False,False,0.721,High,16.5,54.4,257.4,0.154,0.356,0.907,Festival crowd surge detected - alternate route and extended cycle recommended
EVT452497,2026-04-03 19:02:00,Trade Fair,J011,Indiranagar 100ft Road,5309,Weekday,False,Clear,False,0.0,False,False,0.989,Severe,8.3,70.8,548.5,0.206,0.475,0.925,Heavy congestion detected - signal timing extended and reroute suggested
EVT452498,2025-06-01 07:13:26,Local Market Day,J040,City Market,5010,Weekend,False,Clear,False,0.0,False,False,0.454,Moderate,21.9,31.6,171.7,0.107,0.246,0.958,Moderate traffic flow - standard adaptive signal timing in effect
EVT452499,2025-01-14 14:29:28,Fireworks Display,J031,Cubbon Road,24541,Weekday,True,Clear,False,0.0,False,False,0.457,Moderate,21.6,37.0,249.9,0.169,0.391,0.924,Moderate traffic flow - standard adaptive signal timing in effect
EVT452500,2025-03-23 09:43:27,Sports Fixture,J023,Basavanagudi,20394,Weekend,False,Clear,False,0.0,False,False,0.87,Severe,12.9,59.6,183.8,0.081,0.187,0.936,Heavy congestion detected - signal timing extended and reroute suggested
EVT452501,2026-02-16 17:01:58,Sports Fixture,J040,City Market,13835,Weekday,False,Clear,False,0.0,False,False,0.785,Severe,17.4,59.2,423.7,0.244,0.564,0.959,Heavy congestion detected - signal timing extended and reroute suggested
EVT452502,2025-05-23 15:58:52,Trade Fair,J011,Indiranagar 100ft Road,19450,Weekday,False,Clear,False,0.0,False,False,0.491,Moderate,24.2,30.9,173.9,0.146,0.337,0.967,Moderate traffic flow - standard adaptive signal timing in effect
EVT452503,2025-05-23 08:40:01,Concert,J030,MG Road,13439,Weekday,False,Clear,False,0.0,False,False,0.971,Severe,8.1,73.0,640.7,0.212,0.491,0.941,Heavy congestion detected - signal timing extended and reroute suggested
EVT452504,2025-11-14 16:50:15,Sports Fixture,J011,Indiranagar 100ft Road,15327,Weekday,False,Clear,False,0.0,False,False,0.679,High,16.8,47.1,419.4,0.231,0.533,0.99,Moderate traffic flow - standard adaptive signal timing in effect
EVT452505,2026-04-12 17:16:41,Local Market Day,J040,City Market,4731,Weekend,False,Clear,False,0.0,False,False,0.735,High,19.3,50.7,235.8,0.176,0.406,0.978,Moderate traffic flow - standard adaptive signal timing in effect
EVT452506,2026-03-18 11:37:44,Trade Fair,J012,Koramangala Sony World,7369,Weekday,False,Clear,False,0.0,False,False,0.317,Low,28.6,29.5,187.3,0.158,0.365,0.917,Moderate traffic flow - standard adaptive signal timing in effect
EVT452507,2026-01-26 06:01:43,Religious Festival,J009,Majestic,60038,Weekday,True,Clear,False,0.0,False,True,1.0,Severe,7.3,102.9,613.0,0.196,0.454,0.848,Road closure for event/procession - full detour recommended for through-traffic
EVT452508,2026-01-22 10:09:55,Sports Fixture,J020,Malleshwaram Circle,19440,Weekday,False,Clear,False,0.0,False,False,0.809,Severe,17.9,56.9,172.8,0.115,0.266,0.977,Heavy congestion detected - signal timing extended and reroute suggested
EVT452509,2025-01-05 14:40:57,Sports Fixture,J020,Malleshwaram Circle,18682,Weekend,False,Clear,False,0.0,False,False,0.355,Moderate,23.5,24.4,224.3,0.16,0.369,0.99,Moderate traffic flow - standard adaptive signal timing in effect
EVT452510,2025-08-03 20:14:06,Trade Fair,J040,City Market,8028,Weekend,False,Clear,False,0.0,False,False,0.669,High,19.7,50.6,175.2,0.131,0.303,0.962,Moderate traffic flow - standard adaptive signal timing in effect
EVT452511,2025-01-28 17:13:07,Political Rally,J011,Indiranagar 100ft Road,24745,Weekday,False,Clear,False,0.0,False,False,0.9,Severe,10.2,64.0,449.3,0.194,0.449,0.927,Heavy congestion detected - signal timing extended and reroute suggested
EVT452512,2026-04-29 13:55:12,Local Market Day,J009,Majestic,4552,Weekday,False,Clear,False,0.0,False,False,0.194,Low,39.6,9.1,78.9,0.063,0.146,0.966,Normal free-flow traffic - standard signal timing maintained
EVT452513,2026-02-20 11:33:11,Concert,J030,MG Road,11165,Weekday,False,Clear,False,0.0,False,False,0.331,Low,22.0,20.9,268.6,0.179,0.413,0.973,Moderate traffic flow - standard adaptive signal timing in effect
EVT452514,2025-07-29 08:44:40,Trade Fair,J012,Koramangala Sony World,11037,Weekday,False,Heavy Rain,True,29.1,False,False,1.0,Severe,9.8,73.1,390.9,0.172,0.397,0.859,Heavy rain reducing visibility and grip - reduced speed and longer buffer advised
EVT452515,2025-04-28 06:52:45,Political Rally,J023,Basavanagudi,13698,Weekday,False,Clear,False,0.0,False,False,0.492,Moderate,25.9,35.4,198.9,0.12,0.278,0.965,Moderate traffic flow - standard adaptive signal timing in effect
EVT452516,2025-04-18 20:30:36,Political Rally,J020,Malleshwaram Circle,16878,Weekday,False,Clear,False,0.0,False,False,0.605,High,18.0,43.1,279.6,0.162,0.374,0.952,Moderate traffic flow - standard adaptive signal timing in effect
EVT452517,2025-11-19 17:29:29,Concert,J031,Cubbon Road,15157,Weekday,False,Clear,False,0.0,False,False,0.95,Severe,8.5,74.5,208.9,0.083,0.193,0.938,Heavy congestion detected - signal timing extended and reroute suggested
EVT452518,2025-01-04 18:41:50,Sports Fixture,J011,Indiranagar 100ft Road,19422,Weekend,False,Clear,False,0.0,False,False,0.838,Severe,15.5,57.4,497.3,0.254,0.586,0.943,Heavy congestion detected - signal timing extended and reroute suggested
EVT452519,2026-02-02 22:33:20,Political Rally,J020,Malleshwaram Circle,17457,Weekday,False,Clear,False,0.0,False,False,0.248,Low,32.7,24.4,196.2,0.145,0.336,0.985,Normal free-flow traffic - standard signal timing maintained
EVT452520,2025-05-15 18:32:55,Concert,J011,Indiranagar 100ft Road,7768,Weekday,False,Clear,False,0.0,False,False,1.0,Severe,7.7,73.4,788.2,0.231,0.533,0.895,Heavy congestion detected - signal timing extended and reroute suggested
EVT452521,2025-02-25 08:27:09,Trade Fair,J020,Malleshwaram Circle,9709,Weekday,False,Clear,False,0.0,False,False,1.0,Severe,8.6,68.9,495.0,0.166,0.383,0.921,Heavy congestion detected - signal timing extended and reroute suggested
EVT452522,2025-04-26 17:32:59,Trade Fair,J040,City Market,11556,Weekend,False,Clear,False,0.0,False,False,0.863,Severe,9.6,57.0,397.5,0.131,0.303,0.919,Heavy congestion detected - signal timing extended and reroute suggested
EVT452523,2026-03-14 07:12:58,Trade Fair,J012,Koramangala Sony World,11064,Weekend,False,Clear,False,0.0,False,False,0.479,Moderate,23.9,35.3,257.8,0.162,0.374,0.99,Moderate traffic flow - standard adaptive signal timing in effect
EVT452524,2026-01-16 05:11:10,Sports Fixture,J011,Indiranagar 100ft Road,17859,Weekday,False,Clear,False,0.0,False,False,0.304,Low,36.4,23.3,177.3,0.151,0.348,0.965,Moderate traffic flow - standard adaptive signal timing in effect
EVT452525,2025-05-23 17:53:35,Local Market Day,J011,Indiranagar 100ft Road,4053,Weekday,False,Clear,False,0.0,False,False,0.94,Severe,10.7,69.0,444.9,0.151,0.348,0.922,Heavy congestion detected - signal timing extended and reroute suggested
EVT452526,2025-07-25 07:33:38,Political Rally,J012,Koramangala Sony World,14933,Weekday,False,Heavy Rain,True,32.9,False,False,1.0,Severe,6.1,80.0,258.5,0.075,0.174,0.875,Heavy rain reducing visibility and grip - reduced speed and longer buffer advised
EVT452527,2026-05-14 11:55:11,Local Market Day,J009,Majestic,3899,Weekday,False,Clear,False,0.0,False,False,0.259,Low,29.8,19.8,58.4,0.03,0.07,0.968,Moderate traffic flow - standard adaptive signal timing in effect
EVT452528,2025-03-16 09:26:48,Local Market Day,J020,Malleshwaram Circle,3524,Weekend,False,Clear,False,0.0,False,False,0.862,Severe,11.1,61.8,478.1,0.199,0.459,0.929,Heavy congestion detected - signal timing extended and reroute suggested
EVT452529,2025-03-26 10:29:24,Local Market Day,J031,Cubbon Road,2309,Weekday,False,Clear,False,0.0,False,False,0.635,High,18.7,54.7,141.1,0.071,0.165,0.984,Moderate traffic flow - standard adaptive signal timing in effect
EVT452530,2025-09-19 16:14:38,Trade Fair,J012,Koramangala Sony World,4608,Weekday,False,Clear,False,0.0,False,False,0.511,Moderate,24.7,35.1,176.6,0.116,0.267,0.958,Moderate traffic flow - standard adaptive signal timing in effect
EVT452531,2026-02-13 09:56:36,Concert,J030,MG Road,15015,Weekday,False,Clear,False,0.0,False,False,0.883,Severe,10.2,67.0,789.8,0.287,0.664,0.928,Heavy congestion detected - signal timing extended and reroute suggested
EVT452532,2026-05-18 10:37:04,Local Market Day,J031,Cubbon Road,5328,Weekday,False,Clear,False,0.0,False,False,0.595,High,22.3,44.0,174.7,0.137,0.316,0.957,Moderate traffic flow - standard adaptive signal timing in effect
EVT452533,2026-01-02 13:31:31,Fireworks Display,J020,Malleshwaram Circle,13852,Weekday,True,Clear,False,0.0,False,False,0.462,Moderate,20.2,39.4,378.2,0.233,0.538,0.909,Moderate traffic flow - standard adaptive signal timing in effect
EVT452534,2025-04-06 19:10:36,Fireworks Display,J009,Majestic,26055,Weekend,True,Clear,False,0.0,False,False,1.0,Severe,8.1,71.3,466.8,0.171,0.394,0.868,Festival crowd surge detected - alternate route and extended cycle recommended
EVT452535,2026-05-17 17:50:36,Trade Fair,J009,Majestic,12340,Weekend,False,Clear,False,0.0,False,False,0.888,Severe,9.6,65.6,479.0,0.188,0.435,0.914,Heavy congestion detected - signal timing extended and reroute suggested
EVT452536,2026-06-01 12:41:48,Trade Fair,J009,Majestic,8723,Weekday,False,Clear,False,0.0,False,False,0.188,Low,27.2,16.3,193.1,0.139,0.321,0.974,Normal free-flow traffic - standard signal timing maintained
EVT452537,2025-03-13 05:47:38,Political Rally,J031,Cubbon Road,24732,Weekday,False,Clear,False,0.0,False,False,0.43,Moderate,30.4,26.8,142.7,0.127,0.293,0.959,Moderate traffic flow - standard adaptive signal timing in effect
EVT452538,2025-12-08 08:18:07,Trade Fair,J011,Indiranagar 100ft Road,12674,Weekday,False,Clear,False,0.0,False,False,0.931,Severe,12.0,65.5,491.7,0.237,0.548,0.931,Heavy congestion detected - signal timing extended and reroute suggested
EVT452539,2025-09-15 08:52:06,Sports Fixture,J012,Koramangala Sony World,16606,Weekday,False,Rain,True,16.1,False,False,1.0,Severe,8.5,73.1,579.5,0.201,0.464,0.879,Heavy rain reducing visibility and grip - reduced speed and longer buffer advised
EVT452540,2025-11-29 09:25:08,Trade Fair,J011,Indiranagar 100ft Road,14094,Weekend,False,Clear,False,0.0,False,False,0.933,Severe,12.3,74.0,186.8,0.084,0.195,0.939,Heavy congestion detected - signal timing extended and reroute suggested
EVT452541,2025-12-01 18:19:26,Sports Fixture,J009,Majestic,21408,Weekday,False,Clear,False,0.0,False,False,1.0,Severe,8.9,70.0,396.6,0.184,0.426,0.894,Heavy congestion detected - signal timing extended and reroute suggested
EVT452542,2026-06-16 19:54:42,Trade Fair,J012,Koramangala Sony World,12188,Weekday,False,Clear,False,0.0,False,False,0.817,Severe,14.4,55.8,224.0,0.12,0.278,0.959,Heavy congestion detected - signal timing extended and reroute suggested
EVT452543,2025-11-01 17:48:40,Cultural Procession,J031,Cubbon Road,21264,Weekend,True,Rain,True,8.0,False,True,1.0,Severe,8.6,97.4,491.1,0.207,0.477,0.767,Road closure for event/procession - full detour recommended for through-traffic
EVT452544,2026-03-26 18:09:13,Religious Festival,J009,Majestic,35843,Weekday,True,Clear,False,0.0,False,False,1.0,Severe,7.7,74.3,635.9,0.19,0.439,0.888,Festival crowd surge detected - alternate route and extended cycle recommended
EVT452545,2025-09-12 10:56:39,Concert,J031,Cubbon Road,12861,Weekday,False,Heavy Rain,True,34.7,False,False,0.81,Severe,13.5,59.7,481.0,0.247,0.57,0.904,Heavy rain reducing visibility and grip - reduced speed and longer buffer advised
EVT452546,2025-09-18 12:24:03,Political Rally,J023,Basavanagudi,11870,Weekday,False,Clear,False,0.0,False,False,0.28,Low,37.1,12.3,111.8,0.103,0.237,0.973,Moderate traffic flow - standard adaptive signal timing in effect
EVT452547,2025-05-30 22:27:06,Trade Fair,J009,Majestic,26375,Weekday,False,Fog,False,0.0,False,False,0.29,Low,30.8,18.9,205.5,0.16,0.369,0.962,Moderate traffic flow - standard adaptive signal timing in effect
EVT452548,2025-11-14 07:31:41,Local Market Day,J023,Basavanagudi,3946,Weekday,False,Light Rain,True,3.1,False,False,0.726,High,14.9,55.2,287.2,0.163,0.377,0.925,Heavy rain reducing visibility and grip - reduced speed and longer buffer advised
EVT452549,2025-01-03 05:34:28,Trade Fair,J023,Basavanagudi,9800,Weekday,False,Clear,False,0.0,False,False,0.205,Low,27.5,12.2,85.3,0.055,0.126,0.985,Normal free-flow traffic - standard signal timing maintained
EVT452550,2025-06-17 09:19:26,Trade Fair,J012,Koramangala Sony World,7006,Weekday,False,Clear,False,0.0,False,False,1.0,Severe,9.8,68.9,369.0,0.122,0.282,0.89,Heavy congestion detected - signal timing extended and reroute suggested
EVT452551,2026-06-21 10:03:03,Concert,J031,Cubbon Road,15981,Weekend,False,Clear,False,0.0,False,False,0.83,Severe,11.3,56.7,473.5,0.195,0.451,0.955,Heavy congestion detected - signal timing extended and reroute suggested
EVT452552,2025-03-02 22:46:05,Trade Fair,J020,Malleshwaram Circle,12537,Weekend,False,Clear,False,0.0,False,False,0.341,Low,35.6,19.6,126.4,0.126,0.291,0.956,Moderate traffic flow - standard adaptive signal timing in effect
EVT452553,2026-03-09 16:04:01,Sports Fixture,J040,City Market,28586,Weekday,False,Clear,False,0.0,False,False,0.652,High,19.8,39.5,315.5,0.212,0.49,0.959,Moderate traffic flow - standard adaptive signal timing in effect
EVT452554,2025-11-08 12:33:32,Concert,J011,Indiranagar 100ft Road,11994,Weekend,False,Clear,False,0.0,False,False,0.277,Low,32.0,22.9,150.1,0.124,0.286,0.934,Moderate traffic flow - standard adaptive signal timing in effect
EVT452555,2026-04-04 16:07:06,Concert,J020,Malleshwaram Circle,30071,Weekend,False,Fog,False,0.0,False,False,0.617,High,19.2,37.2,94.0,0.064,0.148,0.956,Moderate traffic flow - standard adaptive signal timing in effect
EVT452556,2025-03-18 17:43:07,Local Market Day,J009,Majestic,3758,Weekday,False,Clear,False,0.0,False,False,0.932,Severe,12.6,61.0,430.1,0.21,0.485,0.917,Heavy congestion detected - signal timing extended and reroute suggested
EVT452557,2026-04-10 19:10:24,Sports Fixture,J030,MG Road,19911,Weekday,False,Clear,False,0.0,False,False,1.0,Severe,9.4,72.8,600.8,0.236,0.546,0.899,Heavy congestion detected - signal timing extended and reroute suggested
EVT452558,2025-11-19 12:46:58,Concert,J023,Basavanagudi,13022,Weekday,False,Clear,False,0.0,False,False,0.244,Low,30.0,12.1,124.6,0.104,0.241,0.957,Normal free-flow traffic - standard signal timing maintained
EVT452559,2025-04-18 15:54:54,Trade Fair,J040,City Market,9847,Weekday,False,Clear,False,0.0,False,False,0.415,Moderate,27.5,26.7,101.4,0.064,0.147,0.974,Moderate traffic flow - standard adaptive signal timing in effect
EVT452560,2025-07-09 18:35:57,Local Market Day,J009,Majestic,8380,Weekday,False,Clear,False,0.0,False,False,1.0,Severe,8.3,70.4,498.2,0.175,0.403,0.914,Heavy congestion detected - signal timing extended and reroute suggested
EVT452561,2025-10-17 20:05:21,Local Market Day,J012,Koramangala Sony World,5199,Weekday,False,Clear,False,0.0,False,False,0.743,High,18.4,44.9,328.7,0.193,0.446,0.982,Moderate traffic flow - standard adaptive signal timing in effect
EVT452562,2025-02-17 08:52:16,Political Rally,J020,Malleshwaram Circle,11506,Weekday,False,Clear,False,0.0,False,False,0.988,Severe,8.4,70.3,438.4,0.141,0.325,0.921,Heavy congestion detected - signal timing extended and reroute suggested
EVT452563,2026-01-04 15:11:41,Local Market Day,J030,MG Road,3745,Weekend,False,Clear,False,0.0,False,False,0.292,Low,29.7,19.9,100.8,0.085,0.196,0.942,Moderate traffic flow - standard adaptive signal timing in effect
EVT452564,2025-07-20 15:49:24,Concert,J031,Cubbon Road,9225,Weekend,False,Heavy Rain,True,47.2,False,False,0.752,Severe,16.4,55.0,262.1,0.155,0.358,0.908,Heavy rain reducing visibility and grip - reduced speed and longer buffer advised
EVT452565,2025-03-11 17:37:35,Local Market Day,J011,Indiranagar 100ft Road,3284,Weekday,False,Clear,False,0.0,False,False,0.85,Severe,10.4,60.5,668.2,0.262,0.606,0.947,Heavy congestion detected - signal timing extended and reroute suggested
EVT452566,2025-01-21 11:37:40,Local Market Day,J012,Koramangala Sony World,1485,Weekday,False,Clear,False,0.0,False,False,0.231,Low,29.3,18.7,207.8,0.174,0.401,0.976,Normal free-flow traffic - standard signal timing maintained
EVT452567,2025-10-29 19:17:49,Trade Fair,J030,MG Road,12876,Weekday,False,Fog,False,0.0,False,False,0.944,Severe,12.2,63.9,152.6,0.085,0.196,0.904,Heavy congestion detected - signal timing extended and reroute suggested
EVT452568,2025-11-14 06:27:05,Concert,J011,Indiranagar 100ft Road,11177,Weekday,False,Clear,False,0.0,False,False,0.288,Low,32.9,18.3,194.2,0.182,0.421,0.967,Moderate traffic flow - standard adaptive signal timing in effect
EVT452569,2025-09-02 13:56:51,Concert,J011,Indiranagar 100ft Road,14422,Weekday,False,Clear,False,0.0,False,False,0.182,Low,33.9,9.4,98.5,0.088,0.204,0.971,Normal free-flow traffic - standard signal timing maintained
EVT452570,2025-03-22 10:15:16,Local Market Day,J030,MG Road,3152,Weekend,False,Clear,False,0.0,False,False,0.682,High,17.1,44.3,268.9,0.179,0.414,0.968,Moderate traffic flow - standard adaptive signal timing in effect
EVT452571,2025-05-13 19:31:50,Local Market Day,J040,City Market,4214,Weekday,False,Fog,False,0.0,False,False,0.825,Severe,15.0,56.7,261.1,0.142,0.329,0.937,Heavy congestion detected - signal timing extended and reroute suggested
EVT452572,2025-06-20 17:46:50,Concert,J030,MG Road,15025,Weekday,False,Fog,False,0.0,False,False,1.0,Severe,9.9,71.3,315.5,0.127,0.292,0.917,Heavy congestion detected - signal timing extended and reroute suggested
EVT452573,2026-06-26 20:19:09,Trade Fair,J011,Indiranagar 100ft Road,5079,Weekday,False,Fog,False,0.0,False,False,0.663,High,16.9,45.5,311.4,0.193,0.446,0.975,Moderate traffic flow - standard adaptive signal timing in effect
EVT452574,2025-10-16 14:31:55,Trade Fair,J023,Basavanagudi,11236,Weekday,False,Clear,False,0.0,False,False,0.226,Low,34.4,21.5,152.6,0.142,0.328,0.981,Normal free-flow traffic - standard signal timing maintained
EVT452575,2025-06-28 17:41:20,Local Market Day,J012,Koramangala Sony World,1444,Weekend,False,Clear,False,0.0,False,False,0.741,High,15.4,47.9,256.5,0.142,0.327,0.967,Moderate traffic flow - standard adaptive signal timing in effect
EVT452576,2025-11-16 10:30:54,Local Market Day,J020,Malleshwaram Circle,3824,Weekend,False,Clear,False,0.0,False,False,0.556,High,17.2,38.9,272.5,0.144,0.332,0.99,Moderate traffic flow - standard adaptive signal timing in effect
EVT452577,2025-10-12 09:51:42,Local Market Day,J012,Koramangala Sony World,4722,Weekend,False,Clear,False,0.0,False,False,0.771,Severe,15.7,53.8,345.3,0.192,0.445,0.978,Heavy congestion detected - signal timing extended and reroute suggested
EVT452578,2025-05-14 15:37:25,Concert,J030,MG Road,8896,Weekday,False,Clear,False,0.0,False,False,0.362,Moderate,29.8,26.5,169.8,0.135,0.312,0.955,Moderate traffic flow - standard adaptive signal timing in effect
EVT452579,2025-04-13 07:30:21,Local Market Day,J023,Basavanagudi,3073,Weekend,False,Clear,False,0.0,False,False,0.548,Moderate,27.5,34.3,152.9,0.124,0.287,0.977,Moderate traffic flow - standard adaptive signal timing in effect
EVT452580,2025-11-22 07:34:22,Political Rally,J011,Indiranagar 100ft Road,18730,Weekend,False,Clear,False,0.0,False,False,0.651,High,23.8,43.2,158.6,0.127,0.293,0.946,Moderate traffic flow - standard adaptive signal timing in effect
EVT452581,2026-03-19 19:40:35,Cultural Procession,J031,Cubbon Road,18700,Weekday,True,Clear,False,0.0,False,False,1.0,Severe,9.4,68.0,388.5,0.146,0.338,0.856,Festival crowd surge detected - alternate route and extended cycle recommended
EVT452582,2025-08-10 11:47:49,Local Market Day,J011,Indiranagar 100ft Road,5875,Weekend,False,Light Rain,True,3.7,False,False,0.432,Moderate,24.9,32.1,210.5,0.15,0.346,0.913,Light rain detected - minor speed reduction advised
EVT452583,2025-12-18 19:41:57,Sports Fixture,J012,Koramangala Sony World,9885,Weekday,False,Clear,False,0.0,False,False,0.824,Severe,14.9,56.7,295.8,0.15,0.345,0.976,Heavy congestion detected - signal timing extended and reroute suggested
EVT452584,2026-03-31 19:53:18,Local Market Day,J011,Indiranagar 100ft Road,3061,Weekday,False,Clear,False,0.0,False,False,0.783,Severe,13.1,59.1,346.0,0.177,0.408,0.957,Heavy congestion detected - signal timing extended and reroute suggested
EVT452585,2025-05-09 09:16:15,Sports Fixture,J040,City Market,11954,Weekday,False,Clear,False,0.0,False,False,1.0,Severe,9.5,73.8,646.2,0.245,0.565,0.935,Heavy congestion detected - signal timing extended and reroute suggested
EVT452586,2025-07-17 09:47:16,Political Rally,J023,Basavanagudi,15057,Weekday,False,Clear,False,0.0,False,False,0.925,Severe,11.1,61.1,279.8,0.117,0.271,0.924,Heavy congestion detected - signal timing extended and reroute suggested
EVT452587,2025-05-05 16:02:36,Concert,J031,Cubbon Road,11635,Weekday,False,Clear,False,0.0,False,False,0.457,Moderate,25.5,33.4,237.1,0.168,0.388,0.975,Moderate traffic flow - standard adaptive signal timing in effect
EVT452588,2025-04-06 22:17:52,Cultural Procession,J012,Koramangala Sony World,21319,Weekend,True,Clear,False,0.0,False,True,0.795,High,16.1,79.8,255.3,0.125,0.289,0.851,Road closure for event/procession - full detour recommended for through-traffic
EVT452589,2025-04-05 17:55:29,Political Rally,J020,Malleshwaram Circle,27091,Weekend,False,Clear,False,0.0,False,False,0.997,Severe,9.0,70.2,685.9,0.26,0.6,0.933,Heavy congestion detected - signal timing extended and reroute suggested
EVT452590,2025-10-24 12:47:15,Sports Fixture,J040,City Market,12718,Weekday,False,Rain,True,11.5,False,False,0.281,Low,30.8,15.0,131.2,0.096,0.222,0.899,Light rain detected - minor speed reduction advised
EVT452591,2026-05-04 13:53:57,Sports Fixture,J011,Indiranagar 100ft Road,48063,Weekday,False,Clear,False,0.0,False,False,0.407,Moderate,23.0,25.9,251.9,0.17,0.393,0.966,Moderate traffic flow - standard adaptive signal timing in effect
EVT452592,2026-01-20 18:29:26,Concert,J020,Malleshwaram Circle,22791,Weekday,False,Clear,False,0.0,False,False,1.0,Severe,7.2,72.8,865.9,0.273,0.63,0.909,Heavy congestion detected - signal timing extended and reroute suggested
EVT452593,2025-03-06 21:59:19,Concert,J020,Malleshwaram Circle,15109,Weekday,False,Clear,False,0.0,False,False,0.231,Low,30.4,16.8,144.7,0.127,0.293,0.97,Normal free-flow traffic - standard signal timing maintained
EVT452594,2025-11-20 12:25:08,Concert,J023,Basavanagudi,10089,Weekday,False,Clear,False,0.0,False,False,0.269,Low,34.6,24.4,96.0,0.084,0.194,0.944,Moderate traffic flow - standard adaptive signal timing in effect
EVT452595,2026-06-28 22:27:53,Concert,J009,Majestic,8252,Weekend,False,Fog,False,0.0,False,False,0.351,Moderate,26.8,23.0,90.9,0.07,0.161,0.959,Moderate traffic flow - standard adaptive signal timing in effect
EVT452596,2026-01-26 08:05:28,Religious Festival,J023,Basavanagudi,26632,Weekday,True,Clear,False,0.0,False,False,1.0,Severe,9.6,66.4,436.5,0.176,0.406,0.878,Festival crowd surge detected - alternate route and extended cycle recommended
EVT452597,2026-01-16 21:14:10,Local Market Day,J020,Malleshwaram Circle,9095,Weekday,False,Clear,False,0.0,False,False,0.409,Moderate,31.3,28.0,79.2,0.071,0.163,0.954,Moderate traffic flow - standard adaptive signal timing in effect
EVT452598,2025-03-15 13:18:37,Cultural Procession,J009,Majestic,10175,Weekend,True,Clear,False,0.0,False,True,0.646,Moderate,20.6,64.6,174.5,0.122,0.282,0.841,Road closure for event/procession - full detour recommended for through-traffic
EVT452599,2025-04-19 08:00:29,Local Market Day,J012,Koramangala Sony World,7431,Weekend,False,Clear,False,0.0,False,False,0.7,High,16.6,52.8,176.2,0.108,0.249,0.965,Moderate traffic flow - standard adaptive signal timing in effect
EVT452600,2025-03-24 09:32:27,Sports Fixture,J030,MG Road,16784,Weekday,False,Fog,False,0.0,False,False,1.0,Severe,10.1,77.4,447.2,0.169,0.391,0.939,Heavy congestion detected - signal timing extended and reroute suggested
EVT452601,2025-07-16 11:06:29,Local Market Day,J030,MG Road,7174,Weekday,False,Clear,False,0.0,False,False,0.468,Moderate,25.3,31.2,132.3,0.109,0.253,0.955,Moderate traffic flow - standard adaptive signal timing in effect
EVT452602,2025-02-23 19:13:48,Sports Fixture,J023,Basavanagudi,31539,Weekend,False,Clear,False,0.0,False,False,0.924,Severe,11.9,67.3,637.4,0.312,0.722,0.903,Heavy congestion detected - signal timing extended and reroute suggested
EVT452603,2025-11-25 19:39:30,Trade Fair,J009,Majestic,14262,Weekday,False,Clear,False,0.0,False,False,0.866,Severe,13.0,61.0,422.4,0.223,0.515,0.942,Heavy congestion detected - signal timing extended and reroute suggested
EVT452604,2025-02-13 09:56:00,Concert,J023,Basavanagudi,14942,Weekday,False,Clear,False,0.0,False,False,0.998,Severe,9.4,74.0,366.6,0.161,0.371,0.908,Heavy congestion detected - signal timing extended and reroute suggested
EVT452605,2025-09-10 07:18:41,Political Rally,J040,City Market,13784,Weekday,False,Clear,False,0.0,False,False,0.692,High,19.0,45.8,259.8,0.153,0.353,0.948,Moderate traffic flow - standard adaptive signal timing in effect
EVT452606,2026-05-27 16:42:38,Political Rally,J040,City Market,24732,Weekday,False,Clear,False,0.0,False,False,0.684,High,18.6,50.5,214.8,0.13,0.301,0.946,Moderate traffic flow - standard adaptive signal timing in effect
EVT452607,2026-01-13 21:08:48,Trade Fair,J023,Basavanagudi,8453,Weekday,False,Clear,False,0.0,False,False,0.431,Moderate,25.4,31.3,203.8,0.132,0.306,0.967,Moderate traffic flow - standard adaptive signal timing in effect
EVT452608,2026-02-26 09:09:09,Local Market Day,J012,Koramangala Sony World,4171,Weekday,False,Clear,False,0.0,False,False,1.0,Severe,8.8,74.6,752.0,0.279,0.645,0.924,Heavy congestion detected - signal timing extended and reroute suggested
EVT452609,2026-01-28 23:44:48,Sports Fixture,J040,City Market,19298,Weekday,False,Clear,False,0.0,False,False,0.32,Low,26.9,23.3,225.5,0.164,0.38,0.981,Moderate traffic flow - standard adaptive signal timing in effect
EVT452610,2025-02-21 21:39:55,Concert,J009,Majestic,11382,Weekday,False,Clear,False,0.0,False,False,0.418,Moderate,23.9,25.9,155.7,0.093,0.215,0.972,Moderate traffic flow - standard adaptive signal timing in effect
EVT452611,2026-03-13 21:12:22,Concert,J040,City Market,15558,Weekday,False,Clear,False,0.0,False,False,0.44,Moderate,34.2,34.4,105.1,0.085,0.196,0.946,Moderate traffic flow - standard adaptive signal timing in effect
EVT452612,2025-11-08 20:50:47,Concert,J020,Malleshwaram Circle,14853,Weekend,False,Clear,False,0.0,False,False,0.528,Moderate,28.5,42.0,122.1,0.092,0.212,0.97,Moderate traffic flow - standard adaptive signal timing in effect
EVT452613,2025-06-13 08:12:17,Local Market Day,J031,Cubbon Road,4043,Weekday,False,Clear,False,0.0,False,False,0.814,Severe,12.5,54.8,295.7,0.142,0.329,0.916,Heavy congestion detected - signal timing extended and reroute suggested
EVT452614,2025-06-06 06:53:29,Local Market Day,J011,Indiranagar 100ft Road,4657,Weekday,False,Clear,False,0.0,False,False,0.344,Low,36.2,24.3,150.7,0.151,0.349,0.979,Moderate traffic flow - standard adaptive signal timing in effect
EVT452615,2025-02-09 15:37:05,Trade Fair,J009,Majestic,5122,Weekend,False,Clear,False,0.0,False,False,0.397,Moderate,27.7,33.0,97.2,0.082,0.19,0.974,Moderate traffic flow - standard adaptive signal timing in effect
EVT452616,2025-06-07 08:46:54,Sports Fixture,J030,MG Road,44201,Weekend,False,Clear,False,0.0,False,False,1.0,Severe,8.3,72.0,682.9,0.226,0.522,0.908,Heavy congestion detected - signal timing extended and reroute suggested
EVT452617,2025-06-06 23:51:42,Political Rally,J011,Indiranagar 100ft Road,17669,Weekday,False,Heavy Rain,True,93.0,False,False,0.677,High,17.7,48.3,355.2,0.197,0.454,0.938,Heavy rain reducing visibility and grip - reduced speed and longer buffer advised
EVT452618,2025-06-05 07:07:23,Sports Fixture,J030,MG Road,29002,Weekday,False,Clear,False,0.0,False,False,0.588,High,21.2,41.0,310.4,0.188,0.433,0.942,Moderate traffic flow - standard adaptive signal timing in effect
EVT452619,2025-05-03 13:15:34,Concert,J009,Majestic,13241,Weekend,False,Clear,False,0.0,False,False,0.344,Low,29.1,27.5,104.4,0.078,0.179,0.969,Moderate traffic flow - standard adaptive signal timing in effect
EVT452620,2026-01-29 09:55:50,Local Market Day,J040,City Market,7623,Weekday,False,Rain,True,9.4,False,False,0.981,Severe,9.4,69.1,391.9,0.167,0.385,0.86,Heavy rain reducing visibility and grip - reduced speed and longer buffer advised
EVT452621,2025-04-11 20:07:57,Local Market Day,J030,MG Road,3462,Weekday,False,Clear,False,0.0,False,False,0.708,High,16.9,49.7,286.8,0.177,0.408,0.973,Moderate traffic flow - standard adaptive signal timing in effect
EVT452622,2026-05-22 18:52:55,Political Rally,J009,Majestic,21545,Weekday,False,Clear,False,0.0,False,False,1.0,Severe,7.4,72.3,651.7,0.179,0.414,0.909,Heavy congestion detected - signal timing extended and reroute suggested
EVT452623,2025-06-12 15:02:02,Trade Fair,J031,Cubbon Road,9109,Weekday,False,Clear,False,0.0,False,False,0.284,Low,26.0,25.4,216.6,0.148,0.342,0.964,Moderate traffic flow - standard adaptive signal timing in effect
EVT452624,2025-05-10 14:50:10,Local Market Day,J023,Basavanagudi,8195,Weekend,False,Light Rain,True,7.0,False,False,0.375,Moderate,26.0,26.3,237.6,0.172,0.398,0.886,Light rain detected - minor speed reduction advised
EVT452625,2025-07-01 16:17:41,Political Rally,J040,City Market,26727,Weekday,False,Heavy Rain,True,64.0,False,False,0.98,Severe,8.4,74.2,691.4,0.257,0.594,0.858,Heavy rain reducing visibility and grip - reduced speed and longer buffer advised
EVT452626,2025-07-23 09:51:15,Local Market Day,J020,Malleshwaram Circle,4402,Weekday,False,Rain,True,11.8,False,False,1.0,Severe,8.7,72.6,495.5,0.184,0.426,0.872,Heavy rain reducing visibility and grip - reduced speed and longer buffer advised
EVT452627,2025-09-06 20:12:17,Religious Festival,J020,Malleshwaram Circle,61539,Weekend,True,Heavy Rain,True,28.4,False,True,1.0,Severe,8.0,98.4,228.5,0.102,0.236,0.787,Road closure for event/procession - full detour recommended for through-traffic
EVT452628,2025-08-16 07:19:49,Religious Festival,J040,City Market,75908,Weekend,True,Rain,True,17.1,False,True,1.0,Severe,7.9,99.3,544.1,0.182,0.421,0.809,Road closure for event/procession - full detour recommended for through-traffic
EVT452629,2025-08-03 13:54:22,Concert,J023,Basavanagudi,11398,Weekend,False,Fog,False,0.0,False,False,0.389,Moderate,25.3,30.4,186.3,0.129,0.298,0.936,Moderate traffic flow - standard adaptive signal timing in effect
EVT452630,2025-03-01 10:10:20,Concert,J009,Majestic,9874,Weekend,False,Clear,False,0.0,False,False,0.652,High,24.9,36.1,256.6,0.213,0.491,0.98,Moderate traffic flow - standard adaptive signal timing in effect
EVT452631,2025-02-07 07:58:54,Concert,J040,City Market,10116,Weekday,False,Clear,False,0.0,False,False,0.833,Severe,14.8,57.5,196.5,0.109,0.252,0.933,Heavy congestion detected - signal timing extended and reroute suggested
EVT452632,2025-05-01 09:23:27,Religious Festival,J023,Basavanagudi,42905,Weekday,True,Clear,False,0.0,False,False,1.0,Severe,9.6,72.5,512.3,0.224,0.518,0.891,Festival crowd surge detected - alternate route and extended cycle recommended
EVT452633,2025-07-05 14:59:50,Local Market Day,J040,City Market,3208,Weekend,False,Heavy Rain,True,48.8,False,False,0.645,High,25.7,51.8,288.4,0.224,0.518,0.903,Heavy rain reducing visibility and grip - reduced speed and longer buffer advised
EVT452634,2026-06-22 16:16:20,Sports Fixture,J040,City Market,31262,Weekday,False,Fog,False,0.0,False,False,0.652,High,22.3,45.1,114.6,0.064,0.148,0.973,Moderate traffic flow - standard adaptive signal timing in effect
EVT452635,2026-02-17 15:31:33,Political Rally,J009,Majestic,12779,Weekday,False,Clear,False,0.0,False,False,0.338,Low,29.7,25.5,71.4,0.056,0.129,0.976,Moderate traffic flow - standard adaptive signal timing in effect
EVT452636,2026-03-05 16:39:37,Religious Festival,J020,Malleshwaram Circle,51041,Weekday,True,Clear,False,0.0,False,True,1.0,Severe,6.6,93.9,1095.3,0.276,0.638,0.818,Road closure for event/procession - full detour recommended for through-traffic
EVT452637,2025-09-23 16:02:08,Sports Fixture,J023,Basavanagudi,16734,Weekday,False,Heavy Rain,True,37.9,False,False,0.875,Severe,11.4,65.6,515.1,0.231,0.534,0.885,Heavy rain reducing visibility and grip - reduced speed and longer buffer advised
EVT452638,2025-07-27 18:18:49,Local Market Day,J011,Indiranagar 100ft Road,2949,Weekend,False,Light Rain,True,5.9,False,False,1.0,Severe,11.4,73.9,354.3,0.138,0.319,0.866,Heavy rain reducing visibility and grip - reduced speed and longer buffer advised
EVT452639,2025-03-16 04:35:42,Sports Fixture,J030,MG Road,24404,Weekend,False,Clear,False,0.0,False,False,0.386,Moderate,29.5,28.4,162.3,0.138,0.319,0.938,Moderate traffic flow - standard adaptive signal timing in effect
EVT452640,2025-11-08 14:47:48,Trade Fair,J031,Cubbon Road,8996,Weekend,False,Rain,True,8.2,False,False,0.472,Moderate,25.2,40.1,210.5,0.144,0.332,0.907,Light rain detected - minor speed reduction advised
EVT452641,2026-05-13 21:29:28,Political Rally,J011,Indiranagar 100ft Road,14977,Weekday,False,Clear,False,0.0,False,False,0.395,Moderate,29.6,26.0,228.0,0.234,0.541,0.955,Moderate traffic flow - standard adaptive signal timing in effect
EVT452642,2026-03-29 17:14:36,Local Market Day,J020,Malleshwaram Circle,5464,Weekend,False,Clear,False,0.0,False,False,0.73,High,17.4,50.8,221.5,0.085,0.195,0.954,Moderate traffic flow - standard adaptive signal timing in effect
EVT452643,2025-02-06 20:13:15,Concert,J031,Cubbon Road,11082,Weekday,False,Clear,False,0.0,False,False,0.686,High,16.5,50.0,393.2,0.22,0.509,0.955,Moderate traffic flow - standard adaptive signal timing in effect
EVT452644,2025-02-07 00:25:16,Local Market Day,J030,MG Road,3470,Weekday,False,Clear,False,0.0,False,False,0.153,Low,28.6,13.5,93.0,0.079,0.183,0.948,Normal free-flow traffic - standard signal timing maintained
EVT452645,2025-03-31 17:13:53,Cultural Procession,J012,Koramangala Sony World,17148,Weekday,True,Clear,False,0.0,False,True,1.0,Severe,7.4,101.6,525.0,0.183,0.422,0.838,Road closure for event/procession - full detour recommended for through-traffic
EVT452646,2025-03-06 19:58:10,Sports Fixture,J020,Malleshwaram Circle,16146,Weekday,False,Clear,False,0.0,False,False,0.77,Severe,18.1,52.3,204.0,0.121,0.28,0.973,Heavy congestion detected - signal timing extended and reroute suggested
EVT452647,2025-04-22 11:22:58,Local Market Day,J031,Cubbon Road,5151,Weekday,False,Clear,False,0.0,False,False,0.319,Low,33.3,21.6,128.7,0.116,0.267,0.952,Moderate traffic flow - standard adaptive signal timing in effect
EVT452648,2025-09-01 08:57:26,Concert,J020,Malleshwaram Circle,8838,Weekday,False,Light Rain,True,6.4,False,False,1.0,Severe,7.0,69.4,375.2,0.138,0.319,0.868,Heavy rain reducing visibility and grip - reduced speed and longer buffer advised
EVT452649,2025-05-02 18:45:03,Cultural Procession,J011,Indiranagar 100ft Road,11586,Weekday,True,Clear,False,0.0,False,False,1.0,Severe,7.5,77.6,221.2,0.099,0.229,0.848,Festival crowd surge detected - alternate route and extended cycle recommended
EVT452650,2026-02-27 14:06:40,Concert,J012,Koramangala Sony World,10482,Weekday,False,Clear,False,0.0,False,False,0.225,Low,33.4,11.5,117.9,0.098,0.226,0.932,Normal free-flow traffic - standard signal timing maintained
EVT452651,2025-12-18 09:03:15,Political Rally,J023,Basavanagudi,8029,Weekday,False,Clear,False,0.0,False,False,1.0,Severe,7.7,75.6,540.6,0.183,0.423,0.901,Heavy congestion detected - signal timing extended and reroute suggested
EVT452652,2026-05-01 20:08:19,Cultural Procession,J020,Malleshwaram Circle,15195,Weekday,True,Clear,False,0.0,False,True,1.0,Severe,7.9,98.5,487.5,0.174,0.402,0.831,Road closure for event/procession - full detour recommended for through-traffic
EVT452653,2026-03-13 19:16:56,Trade Fair,J030,MG Road,14949,Weekday,False,Clear,False,0.0,False,False,0.944,Severe,10.8,71.3,522.3,0.211,0.486,0.947,Heavy congestion detected - signal timing extended and reroute suggested
EVT452654,2025-10-27 09:09:11,Local Market Day,J040,City Market,4536,Weekday,False,Rain,True,22.5,False,False,1.0,Severe,9.1,69.6,655.4,0.225,0.519,0.861,Heavy rain reducing visibility and grip - reduced speed and longer buffer advised
EVT452655,2025-03-22 07:14:38,Trade Fair,J030,MG Road,12335,Weekend,False,Clear,False,0.0,False,False,0.609,High,21.4,41.9,292.5,0.201,0.465,0.979,Moderate traffic flow - standard adaptive signal timing in effect
EVT452656,2026-03-27 17:22:05,Religious Festival,J023,Basavanagudi,60842,Weekday,True,Clear,False,0.0,False,True,1.0,Severe,8.1,101.9,687.8,0.222,0.512,0.846,Road closure for event/procession - full detour recommended for through-traffic
EVT452657,2026-04-28 10:00:43,Concert,J011,Indiranagar 100ft Road,18249,Weekday,False,Clear,False,0.0,False,False,0.871,Severe,12.2,58.2,626.4,0.279,0.645,0.956,Heavy congestion detected - signal timing extended and reroute suggested
EVT452658,2025-01-07 19:34:34,Concert,J009,Majestic,13722,Weekday,False,Fog,False,0.0,False,False,0.941,Severe,8.1,65.1,227.3,0.108,0.249,0.904,Heavy congestion detected - signal timing extended and reroute suggested
EVT452659,2025-07-15 14:31:48,Concert,J023,Basavanagudi,12748,Weekday,False,Heavy Rain,True,76.6,False,False,0.588,High,29.5,43.9,165.1,0.158,0.364,0.929,Heavy rain reducing visibility and grip - reduced speed and longer buffer advised
EVT452660,2025-06-04 04:38:57,Sports Fixture,J031,Cubbon Road,18282,Weekday,False,Clear,False,0.0,False,False,0.271,Low,36.9,19.7,158.8,0.151,0.35,0.97,Moderate traffic flow - standard adaptive signal timing in effect
EVT452661,2025-09-03 06:44:53,Local Market Day,J030,MG Road,2928,Weekday,False,Rain,True,9.4,False,False,0.473,Moderate,25.7,35.8,295.4,0.185,0.428,0.917,Light rain detected - minor speed reduction advised
EVT452662,2025-08-09 11:38:21,Sports Fixture,J009,Majestic,30615,Weekend,False,Heavy Rain,True,41.1,False,False,0.866,Severe,14.5,64.2,355.3,0.185,0.428,0.877,Heavy rain reducing visibility and grip - reduced speed and longer buffer advised
EVT452663,2025-12-17 11:23:08,Sports Fixture,J009,Majestic,18016,Weekday,False,Fog,False,0.0,False,False,0.486,Moderate,18.9,34.9,249.1,0.146,0.338,0.954,Moderate traffic flow - standard adaptive signal timing in effect
EVT452664,2025-06-02 07:07:32,Local Market Day,J012,Koramangala Sony World,2747,Weekday,False,Rain,True,12.8,False,False,0.57,High,25.3,42.2,286.3,0.214,0.494,0.947,Heavy rain reducing visibility and grip - reduced speed and longer buffer advised
EVT452665,2026-03-08 15:05:54,Sports Fixture,J040,City Market,20031,Weekend,False,Rain,True,7.7,False,False,0.432,Moderate,24.0,32.4,167.3,0.121,0.28,0.899,Light rain detected - minor speed reduction advised
EVT452666,2025-10-02 10:11:13,Fireworks Display,J023,Basavanagudi,29626,Weekday,True,Clear,False,0.0,False,False,1.0,Severe,7.5,75.7,825.1,0.232,0.537,0.838,Festival crowd surge detected - alternate route and extended cycle recommended
EVT452667,2025-09-27 12:50:11,Concert,J012,Koramangala Sony World,7633,Weekend,False,Clear,False,0.0,False,False,0.272,Low,34.3,17.7,165.7,0.143,0.331,0.935,Moderate traffic flow - standard adaptive signal timing in effect
EVT452668,2026-06-04 01:56:12,Local Market Day,J040,City Market,5343,Weekday,False,Clear,False,0.0,False,False,0.134,Low,35.3,7.6,75.6,0.04,0.093,0.946,Normal free-flow traffic - standard signal timing maintained
EVT452669,2025-09-09 08:59:37,Sports Fixture,J009,Majestic,24830,Weekday,False,Clear,False,0.0,False,False,1.0,Severe,10.1,65.9,336.4,0.133,0.308,0.903,Heavy congestion detected - signal timing extended and reroute suggested
EVT452670,2025-06-25 15:34:31,Trade Fair,J040,City Market,20443,Weekday,False,Clear,False,0.0,False,False,0.47,Moderate,23.1,36.8,185.5,0.113,0.262,0.975,Moderate traffic flow - standard adaptive signal timing in effect
EVT452671,2025-03-02 08:50:50,Trade Fair,J031,Cubbon Road,14995,Weekend,False,Clear,False,0.0,False,False,0.939,Severe,10.7,68.5,423.1,0.186,0.43,0.923,Heavy congestion detected - signal timing extended and reroute suggested
EVT452672,2025-01-16 18:14:50,Local Market Day,J023,Basavanagudi,4688,Weekday,False,Clear,False,0.0,False,False,0.994,Severe,7.2,74.6,630.3,0.21,0.486,0.895,Heavy congestion detected - signal timing extended and reroute suggested
EVT452673,2026-03-22 08:27:17,Local Market Day,J040,City Market,7536,Weekend,False,Clear,False,0.0,False,False,0.785,Severe,11.0,60.1,657.7,0.259,0.599,0.974,Heavy congestion detected - signal timing extended and reroute suggested
EVT452674,2025-04-12 07:32:26,Sports Fixture,J040,City Market,24400,Weekend,False,Clear,False,0.0,False,False,0.718,High,19.6,51.6,320.1,0.215,0.497,0.977,Moderate traffic flow - standard adaptive signal timing in effect
EVT452675,2025-11-28 12:28:08,Local Market Day,J030,MG Road,3369,Weekday,False,Clear,False,0.0,False,False,0.192,Low,30.8,17.9,205.2,0.15,0.347,0.955,Normal free-flow traffic - standard signal timing maintained
EVT452676,2025-04-07 15:21:57,Fireworks Display,J023,Basavanagudi,29174,Weekday,True,Clear,False,0.0,False,False,0.674,High,22.9,52.3,203.8,0.164,0.379,0.88,Festival crowd surge detected - alternate route and extended cycle recommended
EVT452677,2026-03-25 10:55:36,Trade Fair,J020,Malleshwaram Circle,13111,Weekday,False,Clear,False,0.0,False,False,0.518,Moderate,20.7,38.6,163.5,0.096,0.222,0.974,Moderate traffic flow - standard adaptive signal timing in effect
EVT452678,2026-05-11 08:04:39,Political Rally,J031,Cubbon Road,17727,Weekday,False,Clear,False,0.0,False,False,0.953,Severe,10.1,68.8,502.0,0.216,0.499,0.924,Heavy congestion detected - signal timing extended and reroute suggested
EVT452679,2025-07-13 15:48:29,Sports Fixture,J011,Indiranagar 100ft Road,35404,Weekend,False,Clear,False,0.0,False,False,0.593,High,25.5,43.1,229.9,0.174,0.402,0.971,Moderate traffic flow - standard adaptive signal timing in effect
EVT452680,2025-11-05 17:00:51,Trade Fair,J011,Indiranagar 100ft Road,22633,Weekday,False,Clear,False,0.0,False,False,0.779,Severe,13.1,51.4,412.7,0.216,0.5,0.952,Heavy congestion detected - signal timing extended and reroute suggested
EVT452681,2025-09-15 13:45:28,Concert,J023,Basavanagudi,15108,Weekday,False,Clear,False,0.0,False,False,0.211,Low,30.2,17.1,164.3,0.131,0.302,0.99,Normal free-flow traffic - standard signal timing maintained
EVT452682,2026-03-22 18:48:12,Sports Fixture,J020,Malleshwaram Circle,25643,Weekend,False,Clear,False,0.0,True,False,1.0,Severe,8.2,67.0,651.8,0.226,0.523,0.737,Accident detected nearby - reroute and reduced speed advised
EVT452683,2025-03-19 19:46:44,Sports Fixture,J009,Majestic,19450,Weekday,False,Clear,False,0.0,False,False,0.841,Severe,13.6,60.1,415.3,0.202,0.466,0.946,Heavy congestion detected - signal timing extended and reroute suggested
EVT452684,2025-06-16 08:05:42,Local Market Day,J020,Malleshwaram Circle,5000,Weekday,False,Rain,True,16.0,False,False,1.0,Severe,12.3,70.1,389.9,0.181,0.418,0.863,Heavy rain reducing visibility and grip - reduced speed and longer buffer advised
EVT452685,2025-04-02 09:16:48,Sports Fixture,J009,Majestic,27037,Weekday,False,Clear,False,0.0,False,False,1.0,Severe,7.8,73.1,664.8,0.211,0.488,0.91,Heavy congestion detected - signal timing extended and reroute suggested
EVT452686,2026-04-20 16:02:38,Local Market Day,J009,Majestic,4865,Weekday,False,Clear,False,0.0,False,False,0.375,Moderate,31.3,22.2,180.2,0.144,0.334,0.964,Moderate traffic flow - standard adaptive signal timing in effect
EVT452687,2026-06-12 12:17:51,Concert,J031,Cubbon Road,10349,Weekday,False,Clear,False,0.0,False,False,0.262,Low,34.8,20.0,152.6,0.126,0.291,0.99,Moderate traffic flow - standard adaptive signal timing in effect
EVT452688,2026-04-25 07:30:11,Trade Fair,J020,Malleshwaram Circle,6101,Weekend,False,Clear,False,0.0,False,False,0.58,High,22.7,42.8,176.3,0.119,0.275,0.979,Moderate traffic flow - standard adaptive signal timing in effect
EVT452689,2025-04-22 08:43:02,Sports Fixture,J030,MG Road,21572,Weekday,False,Clear,False,0.0,False,False,1.0,Severe,8.5,66.3,719.3,0.249,0.574,0.92,Heavy congestion detected - signal timing extended and reroute suggested
EVT452690,2025-06-16 07:35:17,Local Market Day,J011,Indiranagar 100ft Road,3431,Weekday,False,Clear,False,0.0,False,False,0.635,High,21.2,41.3,234.4,0.153,0.353,0.963,Moderate traffic flow - standard adaptive signal timing in effect
EVT452691,2026-02-11 19:32:13,Concert,J030,MG Road,8697,Weekday,False,Clear,False,0.0,False,False,0.907,Severe,9.9,65.0,701.9,0.252,0.583,0.933,Heavy congestion detected - signal timing extended and reroute suggested
EVT452692,2025-12-25 12:27:35,Cultural Procession,J023,Basavanagudi,41782,Weekday,True,Clear,False,0.0,False,False,0.656,High,19.6,50.9,162.1,0.108,0.249,0.925,Festival crowd surge detected - alternate route and extended cycle recommended
EVT452693,2025-05-29 16:41:33,Local Market Day,J011,Indiranagar 100ft Road,7026,Weekday,False,Rain,True,20.2,False,False,0.86,Severe,11.7,65.7,384.3,0.17,0.393,0.901,Heavy rain reducing visibility and grip - reduced speed and longer buffer advised
EVT452694,2026-06-18 08:21:59,Trade Fair,J020,Malleshwaram Circle,6846,Weekday,False,Clear,False,0.0,False,False,0.983,Severe,10.5,73.8,714.0,0.297,0.686,0.926,Heavy congestion detected - signal timing extended and reroute suggested
EVT452695,2026-04-27 15:59:01,Concert,J020,Malleshwaram Circle,6637,Weekday,False,Clear,False,0.0,False,False,0.351,Moderate,21.8,29.9,201.1,0.13,0.299,0.96,Moderate traffic flow - standard adaptive signal timing in effect
EVT452696,2026-04-27 03:07:22,Sports Fixture,J012,Koramangala Sony World,18092,Weekday,False,Clear,False,0.0,False,False,0.199,Low,28.2,15.9,93.7,0.074,0.171,0.96,Normal free-flow traffic - standard signal timing maintained
EVT452697,2025-05-03 19:16:47,Sports Fixture,J030,MG Road,16298,Weekend,False,Clear,False,0.0,False,False,0.872,Severe,12.9,65.3,343.9,0.15,0.346,0.952,Heavy congestion detected - signal timing extended and reroute suggested
EVT452698,2025-07-02 17:35:13,Concert,J023,Basavanagudi,6656,Weekday,False,Clear,False,0.0,False,False,0.922,Severe,12.8,63.0,489.6,0.255,0.589,0.925,Heavy congestion detected - signal timing extended and reroute suggested
EVT452699,2025-10-19 09:34:18,Trade Fair,J012,Koramangala Sony World,9198,Weekend,False,Clear,False,0.0,False,False,0.859,Severe,14.1,58.9,341.7,0.192,0.445,0.958,Heavy congestion detected - signal timing extended and reroute suggested
EVT452700,2025-05-28 11:27:59,Trade Fair,J030,MG Road,10847,Weekday,False,Clear,False,0.0,False,False,0.406,Moderate,32.6,26.5,65.4,0.062,0.142,0.965,Moderate traffic flow - standard adaptive signal timing in effect
EVT452701,2026-01-19 17:23:39,Concert,J009,Majestic,7003,Weekday,False,Clear,False,0.0,False,False,0.803,Severe,14.5,62.8,606.8,0.302,0.698,0.958,Heavy congestion detected - signal timing extended and reroute suggested
EVT452702,2026-06-19 08:55:14,Sports Fixture,J020,Malleshwaram Circle,25275,Weekday,False,Light Rain,True,1.8,False,False,1.0,Severe,9.1,68.2,760.2,0.302,0.697,0.882,Heavy rain reducing visibility and grip - reduced speed and longer buffer advised
EVT452703,2025-07-02 07:38:33,Local Market Day,J012,Koramangala Sony World,3580,Weekday,False,Rain,True,8.2,False,False,0.712,High,16.2,49.9,335.9,0.173,0.399,0.933,Heavy rain reducing visibility and grip - reduced speed and longer buffer advised
EVT452704,2026-03-31 10:53:13,Concert,J020,Malleshwaram Circle,13648,Weekday,False,Rain,True,9.7,False,False,0.635,High,20.5,45.5,178.6,0.106,0.245,0.901,Heavy rain reducing visibility and grip - reduced speed and longer buffer advised
EVT452705,2025-06-19 15:19:52,Concert,J030,MG Road,10582,Weekday,False,Clear,False,0.0,False,False,0.369,Moderate,22.1,30.4,250.0,0.139,0.322,0.977,Moderate traffic flow - standard adaptive signal timing in effect
EVT452706,2025-08-26 14:12:18,Local Market Day,J030,MG Road,4342,Weekday,False,Rain,True,21.7,False,False,0.379,Moderate,28.4,20.6,203.6,0.158,0.365,0.914,Light rain detected - minor speed reduction advised
EVT452707,2025-01-11 16:50:48,Sports Fixture,J023,Basavanagudi,19518,Weekend,False,Clear,False,0.0,False,False,0.625,High,17.3,46.9,147.0,0.083,0.191,0.965,Moderate traffic flow - standard adaptive signal timing in effect
EVT452708,2025-06-10 22:40:38,Concert,J031,Cubbon Road,5995,Weekday,False,Rain,True,14.4,False,False,0.45,Moderate,19.5,34.0,130.4,0.083,0.191,0.905,Light rain detected - minor speed reduction advised
EVT452709,2026-05-23 12:39:58,Political Rally,J040,City Market,8934,Weekend,False,Clear,False,0.0,False,False,0.215,Low,37.4,14.5,89.0,0.089,0.207,0.965,Normal free-flow traffic - standard signal timing maintained
EVT452710,2025-07-04 09:01:39,Concert,J020,Malleshwaram Circle,14024,Weekday,False,Clear,False,0.0,False,False,1.0,Severe,8.3,76.1,409.2,0.165,0.381,0.898,Heavy congestion detected - signal timing extended and reroute suggested
EVT452711,2025-07-22 19:19:34,Sports Fixture,J012,Koramangala Sony World,27149,Weekday,False,Heavy Rain,True,25.5,False,False,1.0,Severe,9.0,68.6,778.4,0.274,0.634,0.869,Heavy rain reducing visibility and grip - reduced speed and longer buffer advised
EVT452712,2026-03-29 10:51:36,Local Market Day,J030,MG Road,2564,Weekend,False,Clear,False,0.0,False,False,0.532,Moderate,26.0,38.9,158.7,0.13,0.301,0.953,Moderate traffic flow - standard adaptive signal timing in effect
EVT452713,2025-07-14 07:58:23,Political Rally,J023,Basavanagudi,7829,Weekday,False,Clear,False,0.0,False,False,0.809,Severe,16.3,47.8,388.9,0.221,0.512,0.97,Heavy congestion detected - signal timing extended and reroute suggested
EVT452714,2026-02-22 18:12:57,Sports Fixture,J040,City Market,19524,Weekend,False,Clear,False,0.0,False,False,0.967,Severe,9.2,71.0,603.9,0.236,0.545,0.907,Heavy congestion detected - signal timing extended and reroute suggested
EVT452715,2025-12-21 18:20:56,Concert,J030,MG Road,12687,Weekend,False,Clear,False,0.0,False,False,0.943,Severe,10.3,67.4,542.1,0.214,0.494,0.909,Heavy congestion detected - signal timing extended and reroute suggested
EVT452716,2026-06-25 19:23:29,Trade Fair,J030,MG Road,9022,Weekday,False,Clear,False,0.0,False,False,0.979,Severe,9.0,70.9,596.4,0.198,0.458,0.912,Heavy congestion detected - signal timing extended and reroute suggested
EVT452717,2026-01-04 23:05:16,Concert,J012,Koramangala Sony World,16183,Weekend,False,Clear,False,0.0,False,False,0.477,Moderate,25.3,39.0,154.7,0.126,0.291,0.971,Moderate traffic flow - standard adaptive signal timing in effect
EVT452718,2025-01-11 10:34:21,Local Market Day,J012,Koramangala Sony World,2582,Weekend,False,Clear,False,0.0,False,False,0.646,High,24.6,48.2,287.6,0.21,0.484,0.965,Moderate traffic flow - standard adaptive signal timing in effect
EVT452719,2025-09-01 07:46:56,Concert,J009,Majestic,9946,Weekday,False,Clear,False,0.0,False,False,0.705,High,20.1,56.3,407.7,0.263,0.607,0.973,Moderate traffic flow - standard adaptive signal timing in effect
EVT452720,2025-06-17 18:33:15,Concert,J012,Koramangala Sony World,6323,Weekday,False,Clear,False,0.0,False,False,1.0,Severe,7.7,69.5,415.3,0.152,0.351,0.927,Heavy congestion detected - signal timing extended and reroute suggested
EVT452721,2026-04-12 12:57:16,Local Market Day,J031,Cubbon Road,5892,Weekend,False,Clear,False,0.0,False,False,0.294,Low,31.3,24.0,217.5,0.181,0.417,0.947,Moderate traffic flow - standard adaptive signal timing in effect
EVT452722,2026-05-28 06:42:21,Local Market Day,J011,Indiranagar 100ft Road,4925,Weekday,False,Clear,False,0.0,False,False,0.481,Moderate,22.7,34.2,215.1,0.153,0.353,0.938,Moderate traffic flow - standard adaptive signal timing in effect
EVT452723,2025-06-23 16:24:10,Sports Fixture,J012,Koramangala Sony World,18032,Weekday,False,Clear,False,0.0,False,False,0.504,Moderate,24.7,31.9,282.4,0.192,0.443,0.97,Moderate traffic flow - standard adaptive signal timing in effect
EVT452724,2025-01-30 06:04:46,Sports Fixture,J011,Indiranagar 100ft Road,19540,Weekday,False,Clear,False,0.0,False,False,0.333,Low,32.0,23.5,123.4,0.119,0.275,0.983,Moderate traffic flow - standard adaptive signal timing in effect
EVT452725,2025-05-22 20:26:18,Political Rally,J031,Cubbon Road,10546,Weekday,False,Light Rain,True,5.2,False,False,0.668,High,24.4,47.8,278.2,0.204,0.471,0.899,Heavy rain reducing visibility and grip - reduced speed and longer buffer advised
EVT452726,2025-07-31 14:04:51,Concert,J020,Malleshwaram Circle,9442,Weekday,False,Fog,False,0.0,False,False,0.204,Low,29.1,15.8,260.8,0.211,0.488,0.949,Normal free-flow traffic - standard signal timing maintained
EVT452727,2025-05-26 12:22:50,Sports Fixture,J040,City Market,23000,Weekday,False,Clear,False,0.0,False,False,0.442,Moderate,22.6,31.9,156.3,0.103,0.238,0.958,Moderate traffic flow - standard adaptive signal timing in effect
EVT452728,2025-06-07 18:25:51,Local Market Day,J012,Koramangala Sony World,5936,Weekend,False,Heavy Rain,True,73.7,False,False,1.0,Severe,10.1,73.3,439.9,0.175,0.403,0.847,Heavy rain reducing visibility and grip - reduced speed and longer buffer advised
EVT452729,2026-02-12 06:39:00,Political Rally,J011,Indiranagar 100ft Road,14111,Weekday,False,Clear,False,0.0,False,False,0.364,Moderate,21.0,17.5,271.0,0.155,0.357,0.963,Moderate traffic flow - standard adaptive signal timing in effect
EVT452730,2026-03-01 07:04:09,Trade Fair,J031,Cubbon Road,7959,Weekend,False,Clear,False,0.0,False,False,0.552,High,25.8,35.2,166.7,0.106,0.245,0.965,Moderate traffic flow - standard adaptive signal timing in effect
EVT452731,2025-01-05 08:00:02,Concert,J011,Indiranagar 100ft Road,10248,Weekend,False,Rain,True,16.3,False,False,0.944,Severe,10.2,68.2,427.3,0.168,0.388,0.87,Heavy rain reducing visibility and grip - reduced speed and longer buffer advised
EVT452732,2025-04-07 10:21:32,Religious Festival,J009,Majestic,63991,Weekday,True,Clear,False,0.0,False,False,1.0,Severe,9.4,75.4,259.9,0.107,0.248,0.854,Festival crowd surge detected - alternate route and extended cycle recommended
EVT452733,2026-03-28 09:23:38,Trade Fair,J040,City Market,9722,Weekend,False,Clear,False,0.0,False,False,0.844,Severe,13.6,60.5,140.7,0.077,0.179,0.942,Heavy congestion detected - signal timing extended and reroute suggested
EVT452734,2025-01-26 19:33:48,Religious Festival,J040,City Market,55867,Weekend,True,Clear,False,0.0,False,True,1.0,Severe,9.6,109.2,298.6,0.122,0.281,0.866,Road closure for event/procession - full detour recommended for through-traffic
EVT452735,2025-04-25 11:41:40,Local Market Day,J040,City Market,5178,Weekday,False,Clear,False,0.0,False,False,0.259,Low,33.0,16.9,150.7,0.141,0.325,0.95,Moderate traffic flow - standard adaptive signal timing in effect
EVT452736,2025-10-20 09:28:48,Religious Festival,J030,MG Road,54484,Weekday,True,Clear,False,0.0,False,False,1.0,Severe,8.6,75.7,562.3,0.19,0.438,0.892,Festival crowd surge detected - alternate route and extended cycle recommended
EVT452737,2026-06-02 17:32:58,Political Rally,J031,Cubbon Road,22206,Weekday,False,Heavy Rain,True,29.8,False,False,1.0,Severe,7.4,74.0,888.7,0.278,0.643,0.883,Heavy rain reducing visibility and grip - reduced speed and longer buffer advised
EVT452738,2025-03-31 18:12:34,Cultural Procession,J023,Basavanagudi,10301,Weekday,True,Clear,False,0.0,False,False,1.0,Severe,9.5,75.9,486.0,0.191,0.441,0.859,Festival crowd surge detected - alternate route and extended cycle recommended
EVT452739,2026-05-31 09:05:33,Political Rally,J040,City Market,30831,Weekend,False,Clear,False,0.0,False,False,1.0,Severe,8.3,79.6,359.4,0.123,0.283,0.909,Heavy congestion detected - signal timing extended and reroute suggested
EVT452740,2025-11-01 16:39:33,Fireworks Display,J011,Indiranagar 100ft Road,35233,Weekend,True,Clear,False,0.0,False,False,1.0,Severe,9.4,72.1,282.6,0.114,0.263,0.869,Festival crowd surge detected - alternate route and extended cycle recommended
EVT452741,2026-01-28 09:25:09,Sports Fixture,J020,Malleshwaram Circle,18358,Weekday,False,Fog,False,0.0,False,False,1.0,Severe,7.9,73.7,320.7,0.124,0.287,0.923,Heavy congestion detected - signal timing extended and reroute suggested
EVT452742,2026-05-08 18:08:39,Sports Fixture,J020,Malleshwaram Circle,10332,Weekday,False,Rain,True,23.0,False,False,1.0,Severe,10.0,66.4,363.0,0.13,0.301,0.875,Heavy rain reducing visibility and grip - reduced speed and longer buffer advised
EVT452743,2026-04-22 14:25:43,Sports Fixture,J040,City Market,16604,Weekday,False,Light Rain,True,1.7,False,False,0.31,Low,30.8,22.1,182.3,0.154,0.357,0.928,Light rain detected - minor speed reduction advised
EVT452744,2025-04-18 18:53:14,Trade Fair,J040,City Market,5772,Weekday,False,Clear,False,0.0,False,False,0.988,Severe,8.9,69.2,327.9,0.125,0.289,0.913,Heavy congestion detected - signal timing extended and reroute suggested
EVT452745,2025-08-08 14:13:10,Sports Fixture,J023,Basavanagudi,22433,Weekday,False,Heavy Rain,True,28.3,False,False,0.574,High,24.0,41.5,237.6,0.182,0.42,0.911,Heavy rain reducing visibility and grip - reduced speed and longer buffer advised
EVT452746,2025-02-23 17:13:52,Political Rally,J023,Basavanagudi,16431,Weekend,False,Clear,False,0.0,False,False,0.742,High,18.8,57.5,215.8,0.146,0.337,0.984,Moderate traffic flow - standard adaptive signal timing in effect
EVT452747,2025-02-25 10:58:41,Concert,J031,Cubbon Road,19144,Weekday,False,Clear,False,0.0,False,False,0.518,Moderate,25.4,35.4,176.0,0.125,0.289,0.953,Moderate traffic flow - standard adaptive signal timing in effect
EVT452748,2025-12-19 13:45:17,Political Rally,J011,Indiranagar 100ft Road,13724,Weekday,False,Clear,False,0.0,False,False,0.265,Low,37.7,21.4,139.1,0.126,0.291,0.948,Moderate traffic flow - standard adaptive signal timing in effect
EVT452749,2025-05-28 07:22:35,Local Market Day,J023,Basavanagudi,7158,Weekday,False,Clear,False,0.0,False,False,0.538,Moderate,28.6,36.6,254.6,0.199,0.459,0.969,Moderate traffic flow - standard adaptive signal timing in effect
EVT452750,2025-05-06 09:34:52,Concert,J012,Koramangala Sony World,8771,Weekday,False,Fog,False,0.0,False,False,0.944,Severe,8.0,62.0,459.1,0.15,0.346,0.927,Heavy congestion detected - signal timing extended and reroute suggested
EVT452751,2025-12-08 20:54:00,Local Market Day,J030,MG Road,8169,Weekday,False,Clear,False,0.0,False,False,0.452,Moderate,24.9,34.3,296.8,0.197,0.455,0.985,Moderate traffic flow - standard adaptive signal timing in effect
EVT452752,2025-10-01 11:22:52,Sports Fixture,J030,MG Road,26827,Weekday,False,Clear,False,0.0,False,False,0.487,Moderate,22.3,30.3,210.8,0.155,0.359,0.962,Moderate traffic flow - standard adaptive signal timing in effect
EVT452753,2025-02-19 19:10:26,Trade Fair,J020,Malleshwaram Circle,19183,Weekday,False,Clear,False,0.0,False,False,1.0,Severe,9.8,70.2,371.0,0.147,0.341,0.919,Heavy congestion detected - signal timing extended and reroute suggested
EVT452754,2026-03-24 09:26:33,Local Market Day,J031,Cubbon Road,6868,Weekday,False,Clear,False,0.0,False,False,0.979,Severe,8.5,68.7,291.1,0.112,0.259,0.935,Heavy congestion detected - signal timing extended and reroute suggested
EVT452755,2025-01-27 19:37:10,Religious Festival,J030,MG Road,52191,Weekday,True,Clear,False,0.0,False,True,1.0,Severe,6.8,98.6,778.4,0.239,0.551,0.819,Road closure for event/procession - full detour recommended for through-traffic
EVT452756,2026-03-22 16:09:28,Sports Fixture,J009,Majestic,20881,Weekend,False,Clear,False,0.0,False,False,0.596,High,20.7,44.9,186.7,0.14,0.323,0.941,Moderate traffic flow - standard adaptive signal timing in effect
EVT452757,2025-10-29 08:49:54,Sports Fixture,J031,Cubbon Road,24120,Weekday,False,Clear,False,0.0,False,False,0.983,Severe,10.2,70.6,526.9,0.205,0.473,0.949,Heavy congestion detected - signal timing extended and reroute suggested
EVT452758,2026-03-22 19:49:14,Local Market Day,J011,Indiranagar 100ft Road,6879,Weekend,False,Light Rain,True,1.4,False,False,0.797,Severe,16.3,57.9,283.7,0.15,0.347,0.896,Heavy rain reducing visibility and grip - reduced speed and longer buffer advised
EVT452759,2026-01-15 07:11:04,Religious Festival,J020,Malleshwaram Circle,41012,Weekday,True,Clear,False,0.0,False,True,1.0,Severe,11.8,103.0,625.4,0.284,0.657,0.837,Road closure for event/procession - full detour recommended for through-traffic
EVT452760,2025-11-25 08:28:41,Local Market Day,J009,Majestic,3623,Weekday,False,Clear,False,0.0,False,False,0.955,Severe,10.4,68.2,402.4,0.184,0.424,0.942,Heavy congestion detected - signal timing extended and reroute suggested
EVT452761,2025-06-22 08:53:35,Political Rally,J012,Koramangala Sony World,16745,Weekend,False,Clear,False,0.0,False,False,1.0,Severe,9.0,71.0,417.1,0.163,0.377,0.916,Heavy congestion detected - signal timing extended and reroute suggested
EVT452762,2025-07-25 13:13:46,Political Rally,J020,Malleshwaram Circle,20052,Weekday,False,Clear,False,0.0,False,False,0.193,Low,33.6,7.7,134.5,0.122,0.283,0.978,Normal free-flow traffic - standard signal timing maintained
EVT452763,2025-12-13 19:44:14,Sports Fixture,J030,MG Road,22940,Weekend,False,Clear,False,0.0,False,False,0.774,Severe,15.2,58.1,317.5,0.186,0.43,0.971,Heavy congestion detected - signal timing extended and reroute suggested
EVT452764,2026-06-06 21:46:37,Sports Fixture,J023,Basavanagudi,26847,Weekend,False,Clear,False,0.0,False,False,0.491,Moderate,21.0,35.8,127.8,0.074,0.17,0.966,Moderate traffic flow - standard adaptive signal timing in effect
EVT452765,2025-01-26 18:45:48,Religious Festival,J009,Majestic,74058,Weekend,True,Clear,False,0.0,False,True,1.0,Severe,9.1,96.7,729.8,0.265,0.613,0.86,Road closure for event/procession - full detour recommended for through-traffic
EVT452766,2026-04-27 11:14:54,Local Market Day,J011,Indiranagar 100ft Road,2854,Weekday,False,Clear,False,0.0,False,False,0.389,Moderate,35.6,30.2,159.9,0.166,0.383,0.955,Moderate traffic flow - standard adaptive signal timing in effect
EVT452767,2025-02-08 08:04:10,Sports Fixture,J009,Majestic,21933,Weekend,False,Clear,False,0.0,False,False,0.834,Severe,14.4,57.4,409.3,0.185,0.428,0.931,Heavy congestion detected - signal timing extended and reroute suggested
EVT452768,2026-01-31 18:55:45,Local Market Day,J020,Malleshwaram Circle,5574,Weekend,False,Clear,False,0.0,False,False,0.853,Severe,15.5,61.2,272.3,0.157,0.362,0.958,Heavy congestion detected - signal timing extended and reroute suggested
EVT452769,2025-05-12 13:31:25,Concert,J023,Basavanagudi,19610,Weekday,False,Clear,False,0.0,False,False,0.195,Low,26.3,18.1,58.2,0.036,0.084,0.945,Normal free-flow traffic - standard signal timing maintained
EVT452770,2026-02-28 11:42:36,Local Market Day,J031,Cubbon Road,2297,Weekend,False,Clear,False,0.0,False,False,0.269,Low,28.4,20.1,113.1,0.118,0.272,0.948,Moderate traffic flow - standard adaptive signal timing in effect
EVT452771,2025-04-22 13:21:15,Political Rally,J020,Malleshwaram Circle,6987,Weekday,False,Light Rain,True,4.3,False,False,0.3,Low,27.3,19.5,188.7,0.154,0.355,0.906,Light rain detected - minor speed reduction advised
EVT452772,2025-06-14 19:52:29,Local Market Day,J040,City Market,2904,Weekend,False,Clear,False,0.0,False,False,0.601,High,21.1,41.7,259.2,0.179,0.413,0.977,Moderate traffic flow - standard adaptive signal timing in effect
EVT452773,2026-03-01 22:44:41,Local Market Day,J023,Basavanagudi,5832,Weekend,False,Clear,False,0.0,False,False,0.279,Low,27.2,20.2,173.8,0.117,0.27,0.972,Moderate traffic flow - standard adaptive signal timing in effect
EVT452774,2025-11-28 04:07:32,Local Market Day,J020,Malleshwaram Circle,2999,Weekday,False,Clear,False,0.0,False,False,0.123,Low,41.7,6.4,76.0,0.086,0.198,0.96,Normal free-flow traffic - standard signal timing maintained
EVT452775,2026-06-26 10:11:16,Trade Fair,J020,Malleshwaram Circle,7472,Weekday,False,Clear,False,0.0,False,False,0.694,High,18.6,49.9,111.7,0.06,0.14,0.983,Moderate traffic flow - standard adaptive signal timing in effect
EVT452776,2025-09-19 17:27:57,Local Market Day,J011,Indiranagar 100ft Road,1691,Weekday,False,Rain,True,24.2,False,False,1.0,Severe,6.9,76.0,656.3,0.188,0.434,0.867,Heavy rain reducing visibility and grip - reduced speed and longer buffer advised
EVT452777,2026-05-10 08:34:06,Local Market Day,J040,City Market,3369,Weekend,False,Clear,False,0.0,False,False,0.935,Severe,9.1,70.2,483.0,0.197,0.454,0.924,Heavy congestion detected - signal timing extended and reroute suggested
EVT452778,2025-04-06 06:50:40,Religious Festival,J012,Koramangala Sony World,33615,Weekend,True,Clear,False,0.0,False,False,0.809,Severe,15.9,56.0,471.3,0.246,0.568,0.915,Festival crowd surge detected - alternate route and extended cycle recommended
EVT452779,2026-03-05 16:32:28,Cultural Procession,J030,MG Road,14281,Weekday,True,Clear,False,0.0,False,True,0.982,Severe,9.6,95.5,321.6,0.13,0.301,0.849,Road closure for event/procession - full detour recommended for through-traffic
EVT452780,2025-03-14 17:50:36,Religious Festival,J040,City Market,40933,Weekday,True,Clear,False,0.0,False,False,1.0,Severe,8.4,75.7,573.3,0.189,0.436,0.864,Festival crowd surge detected - alternate route and extended cycle recommended
EVT452781,2026-02-12 10:07:43,Sports Fixture,J012,Koramangala Sony World,38012,Weekday,False,Clear,False,0.0,False,False,0.943,Severe,11.8,68.4,269.0,0.134,0.31,0.914,Heavy congestion detected - signal timing extended and reroute suggested
EVT452782,2025-06-20 18:31:04,Concert,J011,Indiranagar 100ft Road,9408,Weekday,False,Rain,True,16.4,False,False,1.0,Severe,8.9,73.5,639.1,0.248,0.573,0.862,Heavy rain reducing visibility and grip - reduced speed and longer buffer advised
EVT452783,2025-09-05 06:22:00,Religious Festival,J030,MG Road,30833,Weekday,True,Rain,True,22.8,False,False,0.867,Severe,10.9,58.8,352.1,0.152,0.352,0.839,Festival crowd surge detected - alternate route and extended cycle recommended
EVT452784,2026-04-26 14:59:34,Concert,J031,Cubbon Road,19621,Weekend,False,Clear,False,0.0,False,False,0.473,Moderate,20.1,32.9,214.2,0.139,0.322,0.967,Moderate traffic flow - standard adaptive signal timing in effect
EVT452785,2025-01-19 17:25:16,Local Market Day,J030,MG Road,5107,Weekend,False,Clear,False,0.0,False,False,0.695,High,14.9,50.9,221.4,0.107,0.248,0.978,Moderate traffic flow - standard adaptive signal timing in effect
EVT452786,2025-01-26 16:50:16,Cultural Procession,J020,Malleshwaram Circle,26787,Weekend,True,Clear,False,0.0,False,True,1.0,Severe,5.6,93.8,488.6,0.14,0.323,0.833,Road closure for event/procession - full detour recommended for through-traffic
EVT452787,2026-04-09 14:03:32,Concert,J040,City Market,19091,Weekday,False,Clear,False,0.0,False,False,0.233,Low,28.8,20.4,141.1,0.113,0.262,0.968,Normal free-flow traffic - standard signal timing maintained
EVT452788,2025-03-30 10:58:39,Fireworks Display,J023,Basavanagudi,40863,Weekend,True,Clear,False,0.0,False,False,0.896,Severe,13.7,61.9,254.3,0.118,0.272,0.861,Festival crowd surge detected - alternate route and extended cycle recommended
EVT452789,2026-05-24 07:10:16,Trade Fair,J020,Malleshwaram Circle,7749,Weekend,False,Clear,False,0.0,False,False,0.479,Moderate,22.9,33.2,95.2,0.059,0.136,0.966,Moderate traffic flow - standard adaptive signal timing in effect
EVT452790,2025-12-22 08:34:36,Political Rally,J023,Basavanagudi,7211,Weekday,False,Clear,False,0.0,False,False,1.0,Severe,7.5,67.5,795.9,0.24,0.554,0.92,Heavy congestion detected - signal timing extended and reroute suggested
EVT452791,2025-10-03 17:33:52,Religious Festival,J040,City Market,120402,Weekday,True,Rain,True,22.4,False,True,1.0,Severe,8.2,90.0,762.7,0.269,0.622,0.78,Road closure for event/procession - full detour recommended for through-traffic
EVT452792,2025-03-01 11:46:53,Sports Fixture,J040,City Market,17577,Weekend,False,Clear,False,0.0,False,False,0.375,Moderate,33.5,31.5,60.8,0.053,0.123,0.959,Moderate traffic flow - standard adaptive signal timing in effect
EVT452793,2025-02-14 08:37:18,Local Market Day,J030,MG Road,4338,Weekday,False,Clear,False,0.0,False,False,0.954,Severe,14.2,60.3,159.3,0.075,0.174,0.933,Heavy congestion detected - signal timing extended and reroute suggested
EVT452794,2026-05-28 11:44:46,Trade Fair,J011,Indiranagar 100ft Road,8326,Weekday,False,Clear,False,0.0,False,False,0.29,Low,36.3,20.6,127.9,0.113,0.26,0.941,Moderate traffic flow - standard adaptive signal timing in effect
EVT452795,2025-12-29 17:24:13,Sports Fixture,J009,Majestic,22342,Weekday,False,Clear,False,0.0,False,False,0.972,Severe,10.2,72.5,452.6,0.173,0.399,0.932,Heavy congestion detected - signal timing extended and reroute suggested
EVT452796,2025-12-14 13:22:11,Trade Fair,J012,Koramangala Sony World,5607,Weekend,False,Clear,False,0.0,False,False,0.328,Low,28.1,22.7,240.2,0.183,0.423,0.99,Moderate traffic flow - standard adaptive signal timing in effect
EVT452797,2025-08-25 19:38:44,Trade Fair,J030,MG Road,5803,Weekday,False,Heavy Rain,True,33.9,False,False,1.0,Severe,9.2,67.1,470.5,0.163,0.376,0.871,Heavy rain reducing visibility and grip - reduced speed and longer buffer advised
EVT452798,2025-08-21 12:59:56,Local Market Day,J030,MG Road,6758,Weekday,False,Clear,False,0.0,False,False,0.211,Low,40.1,15.5,142.6,0.152,0.35,0.955,Normal free-flow traffic - standard signal timing maintained
EVT452799,2025-02-03 11:55:00,Trade Fair,J023,Basavanagudi,9075,Weekday,False,Clear,False,0.0,False,False,0.332,Low,27.1,24.9,176.8,0.143,0.33,0.942,Moderate traffic flow - standard adaptive signal timing in effect
EVT452800,2025-11-01 06:14:39,Religious Festival,J030,MG Road,59252,Weekend,True,Fog,False,0.0,False,True,1.0,Severe,7.2,99.4,571.0,0.169,0.391,0.838,Road closure for event/procession - full detour recommended for through-traffic
EVT452801,2025-08-23 06:20:05,Local Market Day,J031,Cubbon Road,6200,Weekend,False,Clear,False,0.0,False,False,0.335,Low,21.5,23.1,177.9,0.111,0.258,0.958,Moderate traffic flow - standard adaptive signal timing in effect
EVT452802,2026-05-06 09:39:45,Concert,J023,Basavanagudi,13071,Weekday,False,Clear,False,0.0,False,False,0.983,Severe,8.4,75.7,409.5,0.147,0.34,0.921,Heavy congestion detected - signal timing extended and reroute suggested
EVT452803,2025-12-14 16:02:18,Trade Fair,J031,Cubbon Road,14873,Weekend,False,Clear,False,0.0,False,False,0.516,Moderate,25.8,37.1,182.9,0.141,0.325,0.95,Moderate traffic flow - standard adaptive signal timing in effect
EVT452804,2025-05-27 21:18:35,Local Market Day,J011,Indiranagar 100ft Road,6154,Weekday,False,Clear,False,0.0,False,False,0.353,Moderate,22.7,28.0,309.5,0.186,0.43,0.956,Moderate traffic flow - standard adaptive signal timing in effect
EVT452805,2026-05-17 14:58:55,Trade Fair,J030,MG Road,9327,Weekend,False,Clear,False,0.0,False,False,0.39,Moderate,24.1,30.2,283.4,0.195,0.451,0.969,Moderate traffic flow - standard adaptive signal timing in effect
EVT452806,2025-10-07 08:42:38,Local Market Day,J030,MG Road,5267,Weekday,False,Clear,False,0.0,False,False,1.0,Severe,8.5,71.3,523.7,0.172,0.398,0.917,Heavy congestion detected - signal timing extended and reroute suggested
EVT452807,2026-05-06 15:45:28,Concert,J040,City Market,11927,Weekday,False,Clear,False,0.0,False,False,0.425,Moderate,23.9,26.8,221.3,0.151,0.349,0.97,Moderate traffic flow - standard adaptive signal timing in effect
EVT452808,2025-02-26 08:29:47,Concert,J011,Indiranagar 100ft Road,11812,Weekday,False,Clear,False,0.0,False,False,1.0,Severe,8.4,70.3,783.7,0.273,0.63,0.934,Heavy congestion detected - signal timing extended and reroute suggested
EVT452809,2025-07-04 08:29:51,Local Market Day,J030,MG Road,5255,Weekday,False,Clear,False,0.0,False,False,0.994,Severe,9.0,75.0,593.5,0.199,0.461,0.892,Heavy congestion detected - signal timing extended and reroute suggested
EVT452810,2025-05-18 12:39:46,Sports Fixture,J023,Basavanagudi,23241,Weekend,False,Clear,False,0.0,False,False,0.356,Moderate,39.7,30.0,135.8,0.131,0.303,0.959,Moderate traffic flow - standard adaptive signal timing in effect
EVT452811,2025-06-28 19:01:45,Concert,J040,City Market,18389,Weekend,False,Clear,False,0.0,False,False,0.953,Severe,8.1,65.5,569.1,0.184,0.424,0.935,Heavy congestion detected - signal timing extended and reroute suggested
EVT452812,2026-05-16 17:10:11,Trade Fair,J020,Malleshwaram Circle,8322,Weekend,False,Light Rain,True,6.3,False,False,0.782,Severe,13.6,59.6,245.6,0.126,0.292,0.912,Heavy rain reducing visibility and grip - reduced speed and longer buffer advised
EVT452813,2026-01-14 17:00:40,Fireworks Display,J009,Majestic,16764,Weekday,True,Clear,False,0.0,False,False,0.992,Severe,10.8,71.2,550.7,0.242,0.56,0.863,Festival crowd surge detected - alternate route and extended cycle recommended
EVT452814,2025-05-26 20:10:10,Local Market Day,J012,Koramangala Sony World,3961,Weekday,False,Clear,False,0.0,False,False,0.732,High,16.1,49.7,303.9,0.158,0.365,0.99,Moderate traffic flow - standard adaptive signal timing in effect
EVT452815,2025-09-24 19:56:39,Local Market Day,J012,Koramangala Sony World,2997,Weekday,False,Heavy Rain,True,35.6,False,False,1.0,Severe,8.1,74.8,561.3,0.174,0.402,0.869,Heavy rain reducing visibility and grip - reduced speed and longer buffer advised
EVT452816,2025-02-21 16:51:13,Political Rally,J011,Indiranagar 100ft Road,14835,Weekday,False,Clear,False,0.0,False,False,0.697,High,20.0,46.8,257.3,0.156,0.361,0.981,Moderate traffic flow - standard adaptive signal timing in effect
EVT452817,2026-03-03 08:30:32,Trade Fair,J031,Cubbon Road,14846,Weekday,False,Clear,False,0.0,False,False,0.929,Severe,10.0,67.3,358.4,0.152,0.35,0.953,Heavy congestion detected - signal timing extended and reroute suggested
EVT452818,2026-02-08 13:00:54,Local Market Day,J011,Indiranagar 100ft Road,5191,Weekend,False,Rain,True,8.9,False,False,0.345,Low,30.2,23.5,178.5,0.133,0.308,0.913,Light rain detected - minor speed reduction advised
EVT452819,2026-06-23 19:46:41,Trade Fair,J012,Koramangala Sony World,10358,Weekday,False,Clear,False,0.0,False,False,0.784,Severe,13.6,54.3,347.2,0.172,0.397,0.966,Heavy congestion detected - signal timing extended and reroute suggested
EVT452820,2026-03-13 13:39:02,Trade Fair,J012,Koramangala Sony World,6911,Weekday,False,Clear,False,0.0,False,False,0.132,Low,33.8,21.8,118.7,0.088,0.204,0.987,Normal free-flow traffic - standard signal timing maintained
EVT452821,2025-04-08 15:39:21,Sports Fixture,J030,MG Road,14103,Weekday,False,Clear,False,0.0,False,False,0.356,Moderate,22.0,27.1,295.3,0.195,0.45,0.972,Moderate traffic flow - standard adaptive signal timing in effect
EVT452822,2025-02-28 19:01:39,Sports Fixture,J040,City Market,40116,Weekday,False,Clear,False,0.0,False,False,1.0,Severe,8.9,67.5,333.6,0.125,0.288,0.923,Heavy congestion detected - signal timing extended and reroute suggested
EVT452823,2025-09-16 13:06:38,Sports Fixture,J023,Basavanagudi,17029,Weekday,False,Clear,False,0.0,False,False,0.295,Low,31.6,19.4,159.4,0.125,0.288,0.966,Moderate traffic flow - standard adaptive signal timing in effect
EVT452824,2026-04-05 19:35:44,Concert,J020,Malleshwaram Circle,18791,Weekend,False,Clear,False,0.0,False,False,0.869,Severe,13.0,61.5,386.8,0.17,0.393,0.929,Heavy congestion detected - signal timing extended and reroute suggested
EVT452825,2026-03-24 16:16:03,Political Rally,J012,Koramangala Sony World,28842,Weekday,False,Clear,False,0.0,False,False,0.629,High,20.4,42.3,238.8,0.17,0.394,0.964,Moderate traffic flow - standard adaptive signal timing in effect
EVT452826,2026-04-20 19:25:39,Local Market Day,J012,Koramangala Sony World,3337,Weekday,False,Clear,False,0.0,False,False,0.897,Severe,11.7,67.7,547.1,0.226,0.523,0.924,Heavy congestion detected - signal timing extended and reroute suggested
EVT452827,2025-10-15 08:14:00,Political Rally,J020,Malleshwaram Circle,21262,Weekday,False,Clear,False,0.0,False,False,0.935,Severe,9.9,62.3,449.9,0.183,0.424,0.95,Heavy congestion detected - signal timing extended and reroute suggested
EVT452828,2026-02-08 18:27:39,Sports Fixture,J030,MG Road,21765,Weekend,False,Clear,False,0.0,False,False,0.99,Severe,8.9,64.5,510.3,0.196,0.452,0.917,Heavy congestion detected - signal timing extended and reroute suggested
EVT452829,2025-03-17 13:48:07,Trade Fair,J011,Indiranagar 100ft Road,15361,Weekday,False,Clear,False,0.0,False,False,0.305,Low,32.6,16.0,132.5,0.118,0.273,0.99,Moderate traffic flow - standard adaptive signal timing in effect
EVT452830,2026-06-22 06:02:30,Trade Fair,J009,Majestic,7742,Weekday,False,Rain,True,23.1,False,False,0.541,Moderate,23.1,44.1,290.9,0.204,0.471,0.908,Light rain detected - minor speed reduction advised
EVT452831,2025-09-27 20:46:41,Sports Fixture,J011,Indiranagar 100ft Road,16736,Weekend,False,Clear,False,0.0,False,False,0.609,High,19.3,53.5,263.9,0.167,0.386,0.944,Moderate traffic flow - standard adaptive signal timing in effect
EVT452832,2025-11-30 18:39:50,Sports Fixture,J020,Malleshwaram Circle,14223,Weekend,False,Clear,False,0.0,False,False,0.883,Severe,12.7,59.9,195.6,0.105,0.243,0.932,Heavy congestion detected - signal timing extended and reroute suggested
EVT452833,2025-03-09 16:48:34,Sports Fixture,J030,MG Road,18794,Weekend,False,Clear,False,0.0,False,False,0.661,High,19.2,41.3,222.9,0.16,0.37,0.975,Moderate traffic flow - standard adaptive signal timing in effect
EVT452834,2025-12-15 15:22:29,Sports Fixture,J011,Indiranagar 100ft Road,19768,Weekday,False,Clear,False,0.0,False,False,0.445,Moderate,29.2,29.5,163.4,0.158,0.366,0.975,Moderate traffic flow - standard adaptive signal timing in effect
EVT452835,2025-08-21 09:27:43,Local Market Day,J012,Koramangala Sony World,2791,Weekday,False,Rain,True,22.6,False,False,1.0,Severe,9.0,69.5,677.3,0.219,0.507,0.842,Heavy rain reducing visibility and grip - reduced speed and longer buffer advised
EVT452836,2026-05-04 21:02:20,Concert,J012,Koramangala Sony World,8420,Weekday,False,Clear,False,0.0,False,False,0.438,Moderate,25.2,27.9,228.3,0.218,0.504,0.987,Moderate traffic flow - standard adaptive signal timing in effect
EVT452837,2026-03-13 12:08:19,Concert,J012,Koramangala Sony World,9893,Weekday,False,Clear,False,0.0,False,False,0.297,Low,31.4,20.5,138.3,0.123,0.284,0.962,Moderate traffic flow - standard adaptive signal timing in effect
EVT452838,2025-08-09 19:52:51,Sports Fixture,J023,Basavanagudi,11071,Weekend,False,Clear,False,0.0,False,False,0.792,Severe,15.5,56.6,155.8,0.095,0.219,0.952,Heavy congestion detected - signal timing extended and reroute suggested
EVT452839,2025-03-30 17:11:47,Religious Festival,J011,Indiranagar 100ft Road,37293,Weekend,True,Clear,False,0.0,False,True,1.0,Severe,7.3,103.2,695.6,0.204,0.471,0.857,Road closure for event/procession - full detour recommended for through-traffic
EVT452840,2025-07-14 15:59:10,Local Market Day,J023,Basavanagudi,3736,Weekday,False,Rain,True,18.3,False,False,0.66,High,21.0,43.8,213.3,0.149,0.343,0.918,Heavy rain reducing visibility and grip - reduced speed and longer buffer advised
EVT452841,2025-09-30 15:29:19,Concert,J009,Majestic,12711,Weekday,False,Rain,True,14.3,False,False,0.593,High,19.5,46.8,325.4,0.197,0.456,0.908,Heavy rain reducing visibility and grip - reduced speed and longer buffer advised
EVT452842,2025-04-10 18:40:37,Local Market Day,J023,Basavanagudi,3381,Weekday,False,Clear,False,0.0,False,False,1.0,Severe,7.8,72.2,459.3,0.146,0.337,0.934,Heavy congestion detected - signal timing extended and reroute suggested
EVT452843,2026-06-21 15:45:50,Trade Fair,J011,Indiranagar 100ft Road,6610,Weekend,False,Clear,False,0.0,False,False,0.39,Moderate,23.2,28.0,188.8,0.139,0.32,0.95,Moderate traffic flow - standard adaptive signal timing in effect
EVT452844,2025-06-07 20:30:26,Trade Fair,J011,Indiranagar 100ft Road,19582,Weekend,False,Clear,False,0.0,False,False,0.611,High,22.0,44.5,246.3,0.169,0.391,0.954,Moderate traffic flow - standard adaptive signal timing in effect
EVT452845,2025-09-21 12:50:08,Concert,J020,Malleshwaram Circle,12558,Weekend,False,Clear,False,0.0,False,False,0.392,Moderate,23.6,24.7,268.7,0.184,0.425,0.939,Moderate traffic flow - standard adaptive signal timing in effect
EVT452846,2026-06-13 10:33:32,Trade Fair,J012,Koramangala Sony World,9541,Weekend,False,Rain,True,11.5,False,False,0.763,Severe,13.9,51.5,344.3,0.166,0.383,0.907,Heavy rain reducing visibility and grip - reduced speed and longer buffer advised
EVT452847,2026-06-24 12:34:28,Sports Fixture,J030,MG Road,19930,Weekday,False,Light Rain,True,4.1,False,False,0.419,Moderate,28.1,26.1,227.3,0.191,0.44,0.914,Light rain detected - minor speed reduction advised
EVT452848,2025-12-14 07:29:39,Political Rally,J020,Malleshwaram Circle,36058,Weekend,False,Clear,False,0.0,False,False,0.734,High,17.4,51.8,296.2,0.173,0.401,0.99,Moderate traffic flow - standard adaptive signal timing in effect
EVT452849,2025-03-16 16:53:49,Political Rally,J031,Cubbon Road,38389,Weekend,False,Clear,False,0.0,False,False,0.821,Severe,15.9,61.5,328.2,0.174,0.403,0.965,Heavy congestion detected - signal timing extended and reroute suggested
EVT452850,2025-03-11 15:36:29,Trade Fair,J040,City Market,7197,Weekday,False,Clear,False,0.0,False,False,0.311,Low,29.5,27.6,235.0,0.183,0.422,0.949,Moderate traffic flow - standard adaptive signal timing in effect
EVT452851,2025-06-15 08:54:48,Concert,J040,City Market,6908,Weekend,False,Clear,False,0.0,False,False,0.855,Severe,15.1,61.2,301.4,0.176,0.406,0.964,Heavy congestion detected - signal timing extended and reroute suggested
EVT452852,2025-09-10 19:33:57,Concert,J012,Koramangala Sony World,14844,Weekday,False,Clear,False,0.0,False,False,0.884,Severe,9.7,65.6,349.3,0.143,0.33,0.947,Heavy congestion detected - signal timing extended and reroute suggested
EVT452853,2025-09-29 17:24:36,Trade Fair,J020,Malleshwaram Circle,10764,Weekday,False,Clear,False,0.0,False,False,0.921,Severe,12.7,65.7,331.7,0.167,0.386,0.944,Heavy congestion detected - signal timing extended and reroute suggested
EVT452854,2025-04-29 22:16:58,Local Market Day,J011,Indiranagar 100ft Road,1711,Weekday,False,Clear,False,0.0,False,False,0.282,Low,28.2,26.3,218.7,0.161,0.373,0.988,Moderate traffic flow - standard adaptive signal timing in effect
EVT452855,2025-07-25 05:34:36,Local Market Day,J011,Indiranagar 100ft Road,3636,Weekday,False,Clear,False,0.0,False,False,0.103,Low,38.4,8.2,147.0,0.122,0.283,0.962,Normal free-flow traffic - standard signal timing maintained
EVT452856,2026-05-03 16:39:30,Local Market Day,J030,MG Road,3020,Weekend,False,Fog,False,0.0,False,False,0.532,Moderate,26.2,43.9,183.7,0.118,0.272,0.973,Moderate traffic flow - standard adaptive signal timing in effect
EVT452857,2025-04-28 19:49:57,Local Market Day,J023,Basavanagudi,4825,Weekday,False,Rain,True,11.3,False,False,0.93,Severe,11.4,68.8,188.8,0.1,0.231,0.891,Heavy rain reducing visibility and grip - reduced speed and longer buffer advised
EVT452858,2026-01-18 01:13:39,Local Market Day,J011,Indiranagar 100ft Road,5420,Weekend,False,Clear,False,0.0,False,False,0.232,Low,32.4,13.3,186.1,0.15,0.347,0.966,Normal free-flow traffic - standard signal timing maintained
EVT452859,2026-04-24 16:56:14,Local Market Day,J023,Basavanagudi,4625,Weekday,False,Rain,True,9.7,False,False,0.824,Severe,13.0,62.3,435.1,0.202,0.467,0.889,Heavy rain reducing visibility and grip - reduced speed and longer buffer advised
EVT452860,2025-02-06 08:13:27,Local Market Day,J023,Basavanagudi,5757,Weekday,False,Clear,False,0.0,False,False,0.908,Severe,14.7,58.3,221.6,0.121,0.278,0.901,Heavy congestion detected - signal timing extended and reroute suggested
EVT452861,2025-05-07 09:18:01,Local Market Day,J009,Majestic,2459,Weekday,False,Light Rain,True,2.3,False,False,1.0,Severe,6.2,74.4,817.6,0.227,0.524,0.862,Heavy rain reducing visibility and grip - reduced speed and longer buffer advised
EVT452862,2025-07-01 08:46:30,Local Market Day,J012,Koramangala Sony World,6409,Weekday,False,Clear,False,0.0,False,False,1.0,Severe,8.0,79.8,739.6,0.261,0.603,0.909,Heavy congestion detected - signal timing extended and reroute suggested
EVT452863,2025-02-05 22:38:43,Local Market Day,J009,Majestic,6958,Weekday,False,Light Rain,True,1.3,False,False,0.285,Low,26.6,18.5,60.1,0.015,0.034,0.897,Light rain detected - minor speed reduction advised
EVT452864,2026-03-24 09:06:26,Trade Fair,J031,Cubbon Road,7720,Weekday,False,Clear,False,0.0,False,False,1.0,Severe,7.6,73.1,374.0,0.14,0.323,0.903,Heavy congestion detected - signal timing extended and reroute suggested
EVT452865,2025-02-07 07:03:30,Trade Fair,J012,Koramangala Sony World,5246,Weekday,False,Clear,False,0.0,False,False,0.426,Moderate,27.0,35.8,151.1,0.106,0.245,0.983,Moderate traffic flow - standard adaptive signal timing in effect
EVT452866,2026-04-13 12:21:03,Local Market Day,J012,Koramangala Sony World,8617,Weekday,False,Clear,False,0.0,False,False,0.265,Low,23.9,16.2,188.4,0.121,0.28,0.961,Moderate traffic flow - standard adaptive signal timing in effect
EVT452867,2026-01-11 09:28:53,Sports Fixture,J011,Indiranagar 100ft Road,18121,Weekend,False,Clear,False,0.0,False,False,0.943,Severe,8.7,63.8,857.4,0.281,0.648,0.952,Heavy congestion detected - signal timing extended and reroute suggested
EVT452868,2025-12-07 07:56:59,Sports Fixture,J023,Basavanagudi,13393,Weekend,False,Clear,False,0.0,False,False,0.689,High,17.6,43.8,303.9,0.167,0.387,0.94,Moderate traffic flow - standard adaptive signal timing in effect
EVT452869,2025-01-19 13:53:21,Trade Fair,J009,Majestic,6533,Weekend,False,Clear,False,0.0,False,False,0.294,Low,25.3,17.4,186.6,0.145,0.336,0.958,Moderate traffic flow - standard adaptive signal timing in effect
EVT452870,2025-11-14 09:59:50,Sports Fixture,J012,Koramangala Sony World,20759,Weekday,False,Clear,False,0.0,False,False,0.909,Severe,11.6,67.3,342.9,0.153,0.353,0.931,Heavy congestion detected - signal timing extended and reroute suggested
EVT452871,2026-01-07 19:53:57,Sports Fixture,J020,Malleshwaram Circle,15713,Weekday,False,Clear,False,0.0,False,False,0.789,Severe,14.2,56.1,280.1,0.159,0.366,0.936,Heavy congestion detected - signal timing extended and reroute suggested
EVT452872,2025-01-05 19:55:38,Trade Fair,J031,Cubbon Road,10421,Weekend,False,Clear,False,0.0,False,False,0.658,High,19.6,51.0,214.3,0.128,0.297,0.99,Moderate traffic flow - standard adaptive signal timing in effect
EVT452873,2026-05-21 16:43:31,Sports Fixture,J020,Malleshwaram Circle,21403,Weekday,False,Clear,False,0.0,False,False,0.711,High,16.3,51.6,389.8,0.215,0.497,0.947,Moderate traffic flow - standard adaptive signal timing in effect
EVT452874,2026-02-17 10:15:58,Local Market Day,J030,MG Road,2355,Weekday,False,Clear,False,0.0,False,False,0.642,High,20.4,48.7,265.8,0.171,0.395,0.97,Moderate traffic flow - standard adaptive signal timing in effect
EVT452875,2026-01-16 05:16:30,Political Rally,J030,MG Road,21489,Weekday,False,Clear,False,0.0,False,False,0.288,Low,33.0,16.0,146.5,0.115,0.266,0.974,Moderate traffic flow - standard adaptive signal timing in effect
EVT452876,2025-02-18 07:15:25,Trade Fair,J020,Malleshwaram Circle,15271,Weekday,False,Fog,False,0.0,False,False,0.523,Moderate,25.1,41.4,195.2,0.141,0.326,0.959,Moderate traffic flow - standard adaptive signal timing in effect
EVT452877,2025-06-15 16:28:08,Concert,J031,Cubbon Road,8937,Weekend,False,Clear,False,0.0,False,False,0.639,High,21.3,43.2,130.8,0.092,0.213,0.966,Moderate traffic flow - standard adaptive signal timing in effect
EVT452878,2025-01-23 17:36:34,Local Market Day,J011,Indiranagar 100ft Road,5029,Weekday,False,Clear,False,0.0,False,False,0.928,Severe,9.0,63.8,501.3,0.196,0.452,0.921,Heavy congestion detected - signal timing extended and reroute suggested
EVT452879,2025-08-14 09:18:10,Political Rally,J009,Majestic,15471,Weekday,False,Clear,False,0.0,False,False,1.0,Severe,12.3,76.2,475.4,0.201,0.465,0.915,Heavy congestion detected - signal timing extended and reroute suggested
EVT452880,2025-08-01 07:44:13,Trade Fair,J023,Basavanagudi,13392,Weekday,False,Heavy Rain,True,50.7,False,False,1.0,Severe,8.1,70.4,445.0,0.148,0.342,0.839,Heavy rain reducing visibility and grip - reduced speed and longer buffer advised
EVT452881,2025-05-18 08:33:12,Concert,J023,Basavanagudi,10735,Weekend,False,Clear,False,0.0,False,False,0.866,Severe,10.2,60.4,549.8,0.211,0.488,0.94,Heavy congestion detected - signal timing extended and reroute suggested
EVT452882,2026-03-19 06:08:12,Cultural Procession,J023,Basavanagudi,16934,Weekday,True,Clear,False,0.0,False,True,0.708,High,16.4,67.3,133.2,0.062,0.143,0.87,Road closure for event/procession - full detour recommended for through-traffic
EVT452883,2025-07-26 20:47:27,Sports Fixture,J012,Koramangala Sony World,15203,Weekend,False,Heavy Rain,True,54.7,True,False,1.0,Severe,6.9,68.2,607.5,0.183,0.423,0.715,Accident detected nearby - reroute and reduced speed advised
EVT452884,2025-11-02 07:58:34,Cultural Procession,J040,City Market,24696,Weekend,True,Clear,False,0.0,False,False,1.0,Severe,10.2,68.9,415.5,0.169,0.391,0.885,Festival crowd surge detected - alternate route and extended cycle recommended
EVT452885,2025-02-13 19:31:34,Concert,J009,Majestic,19432,Weekday,False,Clear,False,0.0,False,False,0.997,Severe,9.2,73.5,564.8,0.224,0.516,0.908,Heavy congestion detected - signal timing extended and reroute suggested
EVT452886,2026-05-05 10:42:08,Trade Fair,J040,City Market,8011,Weekday,False,Clear,False,0.0,False,False,0.45,Moderate,23.7,34.4,144.2,0.093,0.215,0.935,Moderate traffic flow - standard adaptive signal timing in effect
EVT452887,2026-01-03 20:47:20,Local Market Day,J011,Indiranagar 100ft Road,5443,Weekend,False,Clear,False,0.0,False,False,0.452,Moderate,25.5,32.6,143.9,0.104,0.239,0.969,Moderate traffic flow - standard adaptive signal timing in effect
EVT452888,2026-06-19 16:13:32,Sports Fixture,J030,MG Road,24161,Weekday,False,Heavy Rain,True,28.6,False,False,0.925,Severe,11.6,65.0,432.3,0.18,0.416,0.869,Heavy rain reducing visibility and grip - reduced speed and longer buffer advised
EVT452889,2025-01-17 13:52:48,Sports Fixture,J030,MG Road,34303,Weekday,False,Clear,False,0.0,False,False,0.374,Moderate,37.0,23.1,180.7,0.167,0.385,0.97,Moderate traffic flow - standard adaptive signal timing in effect
EVT452890,2026-03-31 18:36:45,Sports Fixture,J030,MG Road,23686,Weekday,False,Clear,False,0.0,False,False,1.0,Severe,7.4,77.0,618.0,0.199,0.46,0.913,Heavy congestion detected - signal timing extended and reroute suggested
EVT452891,2026-04-21 16:20:40,Concert,J031,Cubbon Road,12209,Weekday,False,Clear,False,0.0,False,False,0.656,High,18.1,46.8,168.4,0.099,0.229,0.951,Moderate traffic flow - standard adaptive signal timing in effect
EVT452892,2026-02-19 20:26:37,Local Market Day,J020,Malleshwaram Circle,5060,Weekday,False,Clear,False,0.0,False,False,0.614,High,19.7,36.8,268.9,0.152,0.352,0.953,Moderate traffic flow - standard adaptive signal timing in effect
EVT452893,2025-08-20 14:13:01,Concert,J009,Majestic,16810,Weekday,False,Clear,False,0.0,False,False,0.254,Low,38.2,23.5,199.3,0.196,0.452,0.981,Moderate traffic flow - standard adaptive signal timing in effect
EVT452894,2025-08-09 03:30:07,Trade Fair,J011,Indiranagar 100ft Road,9665,Weekend,False,Clear,False,0.0,False,False,0.333,Low,32.5,24.8,181.1,0.159,0.367,0.988,Moderate traffic flow - standard adaptive signal timing in effect
EVT452895,2026-04-24 09:05:01,Trade Fair,J009,Majestic,12102,Weekday,False,Clear,False,0.0,False,False,1.0,Severe,9.4,65.9,471.9,0.199,0.46,0.929,Heavy congestion detected - signal timing extended and reroute suggested
EVT452896,2026-02-08 09:41:34,Local Market Day,J020,Malleshwaram Circle,4316,Weekend,False,Clear,False,0.0,False,False,0.74,High,19.8,48.3,205.5,0.141,0.326,0.956,Moderate traffic flow - standard adaptive signal timing in effect
EVT452897,2026-02-17 19:15:24,Sports Fixture,J030,MG Road,26651,Weekday,False,Clear,False,0.0,False,False,1.0,Severe,8.8,73.5,551.5,0.203,0.469,0.917,Heavy congestion detected - signal timing extended and reroute suggested
EVT452898,2025-07-26 10:44:44,Political Rally,J009,Majestic,10019,Weekend,False,Heavy Rain,True,52.6,False,False,0.877,Severe,14.4,59.1,210.7,0.115,0.265,0.909,Heavy rain reducing visibility and grip - reduced speed and longer buffer advised
EVT452899,2025-08-12 10:30:23,Local Market Day,J030,MG Road,5138,Weekday,False,Clear,False,0.0,False,False,0.679,High,15.5,50.9,330.6,0.174,0.401,0.968,Moderate traffic flow - standard adaptive signal timing in effect
EVT452900,2025-05-02 16:54:00,Fireworks Display,J023,Basavanagudi,15981,Weekday,True,Clear,False,0.0,False,False,0.997,Severe,8.7,71.3,789.0,0.265,0.613,0.856,Festival crowd surge detected - alternate route and extended cycle recommended
EVT452901,2025-08-17 02:32:43,Local Market Day,J020,Malleshwaram Circle,3653,Weekend,False,Heavy Rain,True,43.8,False,False,0.587,High,15.8,46.7,269.0,0.135,0.312,0.921,Heavy rain reducing visibility and grip - reduced speed and longer buffer advised
EVT452902,2025-11-26 17:05:29,Concert,J009,Majestic,15162,Weekday,False,Clear,False,0.0,False,False,0.808,Severe,15.7,60.5,130.1,0.061,0.142,0.976,Heavy congestion detected - signal timing extended and reroute suggested
EVT452903,2025-08-19 16:30:43,Sports Fixture,J023,Basavanagudi,32000,Weekday,False,Clear,False,0.0,False,False,0.651,High,17.9,46.6,520.5,0.296,0.683,0.944,Moderate traffic flow - standard adaptive signal timing in effect
EVT452904,2025-06-29 05:54:14,Political Rally,J020,Malleshwaram Circle,15249,Weekend,False,Heavy Rain,True,26.2,False,False,0.564,High,23.8,43.3,274.1,0.191,0.441,0.913,Heavy rain reducing visibility and grip - reduced speed and longer buffer advised
EVT452905,2026-01-22 14:40:18,Trade Fair,J020,Malleshwaram Circle,5689,Weekday,False,Clear,False,0.0,False,False,0.278,Low,37.8,22.8,147.5,0.142,0.328,0.964,Moderate traffic flow - standard adaptive signal timing in effect
EVT452906,2025-11-17 11:45:56,Local Market Day,J040,City Market,4890,Weekday,False,Clear,False,0.0,False,False,0.267,Low,25.4,18.7,222.1,0.142,0.328,0.972,Moderate traffic flow - standard adaptive signal timing in effect
EVT452907,2025-10-13 14:44:37,Political Rally,J020,Malleshwaram Circle,20678,Weekday,False,Clear,False,0.0,False,False,0.326,Low,36.6,24.7,164.5,0.17,0.392,0.947,Moderate traffic flow - standard adaptive signal timing in effect
EVT452908,2025-11-12 07:49:10,Sports Fixture,J009,Majestic,30776,Weekday,False,Rain,True,7.6,False,False,1.0,Severe,7.6,69.0,662.3,0.211,0.486,0.86,Heavy rain reducing visibility and grip - reduced speed and longer buffer advised
EVT452909,2025-09-30 18:36:52,Political Rally,J023,Basavanagudi,18139,Weekday,False,Heavy Rain,True,32.8,False,False,1.0,Severe,7.9,73.0,533.0,0.154,0.357,0.865,Heavy rain reducing visibility and grip - reduced speed and longer buffer advised
EVT452910,2025-04-07 11:53:27,Religious Festival,J011,Indiranagar 100ft Road,53580,Weekday,True,Clear,False,0.0,False,False,0.745,High,20.0,52.0,170.2,0.11,0.253,0.927,Festival crowd surge detected - alternate route and extended cycle recommended
EVT452911,2026-05-09 17:26:59,Local Market Day,J030,MG Road,3454,Weekend,False,Rain,True,8.9,False,False,0.927,Severe,10.4,68.6,330.6,0.168,0.388,0.893,Heavy rain reducing visibility and grip - reduced speed and longer buffer advised
EVT452912,2025-02-05 02:59:14,Sports Fixture,J020,Malleshwaram Circle,38898,Weekday,False,Clear,False,0.0,False,False,0.337,Low,31.1,31.0,80.7,0.062,0.143,0.974,Moderate traffic flow - standard adaptive signal timing in effect
EVT452913,2025-05-31 21:01:16,Sports Fixture,J012,Koramangala Sony World,16489,Weekend,False,Heavy Rain,True,26.7,False,False,0.784,Severe,14.5,55.8,290.5,0.154,0.356,0.898,Heavy rain reducing visibility and grip - reduced speed and longer buffer advised
EVT452914,2026-02-12 14:10:51,Concert,J040,City Market,11208,Weekday,False,Fog,False,0.0,False,False,0.198,Low,29.7,16.0,125.3,0.088,0.203,0.953,Normal free-flow traffic - standard signal timing maintained
EVT452915,2025-07-06 18:30:27,Sports Fixture,J020,Malleshwaram Circle,9801,Weekend,False,Rain,True,19.4,False,False,1.0,Severe,9.2,76.8,334.5,0.129,0.298,0.83,Heavy rain reducing visibility and grip - reduced speed and longer buffer advised
EVT452916,2025-07-02 19:33:56,Local Market Day,J040,City Market,4136,Weekday,False,Clear,False,0.0,False,False,0.812,Severe,15.5,60.9,433.7,0.234,0.54,0.95,Heavy congestion detected - signal timing extended and reroute suggested
EVT452917,2025-12-05 16:34:27,Local Market Day,J030,MG Road,4643,Weekday,False,Clear,False,0.0,False,False,0.512,Moderate,22.7,37.9,111.9,0.057,0.131,0.965,Moderate traffic flow - standard adaptive signal timing in effect
EVT452918,2026-01-27 19:46:31,Religious Festival,J020,Malleshwaram Circle,71511,Weekday,True,Fog,False,0.0,False,True,1.0,Severe,7.1,104.3,426.4,0.149,0.343,0.849,Road closure for event/procession - full detour recommended for through-traffic
EVT452919,2025-03-24 17:47:30,Local Market Day,J023,Basavanagudi,4664,Weekday,False,Clear,False,0.0,False,False,1.0,Severe,9.0,63.3,757.6,0.256,0.591,0.914,Heavy congestion detected - signal timing extended and reroute suggested
EVT452920,2025-08-14 11:57:31,Sports Fixture,J023,Basavanagudi,22628,Weekday,False,Rain,True,19.9,False,False,0.536,Moderate,21.1,39.1,221.5,0.128,0.295,0.904,Light rain detected - minor speed reduction advised
EVT452921,2025-03-02 16:42:20,Trade Fair,J011,Indiranagar 100ft Road,7324,Weekend,False,Clear,False,0.0,False,False,0.523,Moderate,23.1,37.7,161.6,0.112,0.258,0.948,Moderate traffic flow - standard adaptive signal timing in effect
EVT452922,2026-04-02 19:38:21,Local Market Day,J030,MG Road,7433,Weekday,False,Clear,False,0.0,False,False,0.806,Severe,14.0,62.7,337.3,0.151,0.35,0.965,Heavy congestion detected - signal timing extended and reroute suggested
EVT452923,2026-02-20 14:32:45,Concert,J023,Basavanagudi,12804,Weekday,False,Clear,False,0.0,False,False,0.327,Low,32.8,23.9,222.6,0.183,0.424,0.966,Moderate traffic flow - standard adaptive signal timing in effect
EVT452924,2025-01-20 10:17:20,Concert,J023,Basavanagudi,7477,Weekday,False,Clear,False,0.0,False,False,0.613,High,16.7,45.4,250.5,0.154,0.355,0.99,Moderate traffic flow - standard adaptive signal timing in effect
EVT452925,2026-04-28 17:46:08,Political Rally,J012,Koramangala Sony World,13265,Weekday,False,Clear,False,0.0,False,False,0.928,Severe,10.0,68.1,862.4,0.326,0.753,0.944,Heavy congestion detected - signal timing extended and reroute suggested
EVT452926,2026-03-27 08:50:58,Cultural Procession,J009,Majestic,25766,Weekday,True,Clear,False,0.0,False,True,1.0,Severe,8.9,92.0,354.2,0.126,0.292,0.827,Road closure for event/procession - full detour recommended for through-traffic
EVT452927,2026-03-01 13:16:48,Concert,J009,Majestic,25773,Weekend,False,Clear,False,0.0,False,False,0.362,Moderate,21.0,24.4,182.3,0.097,0.225,0.955,Moderate traffic flow - standard adaptive signal timing in effect
EVT452928,2026-06-06 13:45:33,Sports Fixture,J031,Cubbon Road,18123,Weekend,False,Clear,False,0.0,False,False,0.313,Low,28.8,18.6,192.9,0.136,0.315,0.976,Moderate traffic flow - standard adaptive signal timing in effect
EVT452929,2025-01-02 22:52:44,Concert,J020,Malleshwaram Circle,20554,Weekday,False,Clear,False,0.0,False,False,0.302,Low,30.5,14.1,173.9,0.136,0.313,0.99,Moderate traffic flow - standard adaptive signal timing in effect
EVT452930,2026-01-26 14:03:18,Religious Festival,J011,Indiranagar 100ft Road,40223,Weekday,True,Clear,False,0.0,False,False,0.706,High,17.4,45.3,224.4,0.143,0.331,0.925,Festival crowd surge detected - alternate route and extended cycle recommended
EVT452931,2025-06-22 11:42:34,Concert,J040,City Market,6603,Weekend,False,Clear,False,0.0,False,False,0.313,Low,28.5,20.3,129.2,0.103,0.238,0.962,Moderate traffic flow - standard adaptive signal timing in effect
EVT452932,2026-05-03 13:04:17,Sports Fixture,J011,Indiranagar 100ft Road,19380,Weekend,False,Clear,False,0.0,False,False,0.378,Moderate,22.5,28.0,146.4,0.093,0.215,0.939,Moderate traffic flow - standard adaptive signal timing in effect
EVT452933,2025-04-16 19:39:18,Sports Fixture,J009,Majestic,35704,Weekday,False,Light Rain,True,2.5,False,False,1.0,Severe,7.9,71.8,621.6,0.188,0.435,0.846,Heavy rain reducing visibility and grip - reduced speed and longer buffer advised
EVT452934,2026-04-05 16:35:06,Concert,J020,Malleshwaram Circle,24687,Weekend,False,Fog,False,0.0,False,False,0.667,High,21.0,49.0,105.8,0.062,0.142,0.964,Moderate traffic flow - standard adaptive signal timing in effect
EVT452935,2026-01-29 17:08:39,Sports Fixture,J031,Cubbon Road,33192,Weekday,False,Clear,False,0.0,False,False,0.957,Severe,11.7,68.8,319.2,0.149,0.344,0.93,Heavy congestion detected - signal timing extended and reroute suggested
EVT452936,2026-03-29 09:38:26,Local Market Day,J031,Cubbon Road,3861,Weekend,False,Rain,True,8.8,False,False,1.0,Severe,8.3,76.0,364.2,0.142,0.329,0.871,Heavy rain reducing visibility and grip - reduced speed and longer buffer advised
EVT452937,2025-04-18 19:17:33,Sports Fixture,J031,Cubbon Road,18619,Weekday,False,Clear,False,0.0,False,False,1.0,Severe,8.1,74.2,656.5,0.228,0.526,0.913,Heavy congestion detected - signal timing extended and reroute suggested
EVT452938,2026-03-06 16:35:19,Sports Fixture,J023,Basavanagudi,23604,Weekday,False,Clear,False,0.0,False,False,0.74,High,16.4,52.7,201.2,0.116,0.267,0.97,Moderate traffic flow - standard adaptive signal timing in effect
EVT452939,2025-12-15 08:35:22,Concert,J031,Cubbon Road,8835,Weekday,False,Clear,False,0.0,False,False,1.0,Severe,8.1,70.8,643.0,0.215,0.496,0.911,Heavy congestion detected - signal timing extended and reroute suggested
EVT452940,2026-03-11 18:00:55,Trade Fair,J012,Koramangala Sony World,4069,Weekday,False,Clear,False,0.0,False,False,1.0,Severe,8.9,71.3,484.7,0.188,0.434,0.92,Heavy congestion detected - signal timing extended and reroute suggested
EVT452941,2025-11-30 18:53:39,Local Market Day,J030,MG Road,4647,Weekend,False,Clear,False,0.0,False,False,0.777,Severe,15.5,55.3,376.9,0.207,0.478,0.937,Heavy congestion detected - signal timing extended and reroute suggested
EVT452942,2025-09-01 21:02:48,Local Market Day,J012,Koramangala Sony World,2440,Weekday,False,Clear,False,0.0,False,False,0.439,Moderate,26.9,24.5,180.1,0.136,0.313,0.961,Moderate traffic flow - standard adaptive signal timing in effect
EVT452943,2026-06-17 22:05:08,Sports Fixture,J023,Basavanagudi,23213,Weekday,False,Rain,True,7.6,False,False,0.445,Moderate,22.8,31.7,166.1,0.111,0.255,0.894,Light rain detected - minor speed reduction advised
EVT452944,2025-01-17 10:58:31,Concert,J040,City Market,19195,Weekday,False,Clear,False,0.0,False,False,0.514,Moderate,27.1,39.9,209.4,0.151,0.349,0.95,Moderate traffic flow - standard adaptive signal timing in effect
EVT452945,2025-01-20 19:36:38,Local Market Day,J030,MG Road,7986,Weekday,False,Clear,False,0.0,False,False,0.919,Severe,11.1,65.9,665.0,0.281,0.649,0.928,Heavy congestion detected - signal timing extended and reroute suggested
EVT452946,2025-09-04 09:54:09,Local Market Day,J023,Basavanagudi,5476,Weekday,False,Fog,False,0.0,False,False,0.84,Severe,15.9,62.6,431.3,0.251,0.579,0.939,Heavy congestion detected - signal timing extended and reroute suggested
EVT452947,2026-06-13 09:18:11,Local Market Day,J011,Indiranagar 100ft Road,3912,Weekend,False,Rain,True,24.9,False,False,1.0,Severe,8.6,69.5,190.9,0.072,0.166,0.842,Heavy rain reducing visibility and grip - reduced speed and longer buffer advised
EVT452948,2025-07-03 18:29:16,Local Market Day,J030,MG Road,4378,Weekday,False,Clear,False,0.0,False,False,1.0,Severe,8.2,67.0,514.3,0.175,0.405,0.891,Heavy congestion detected - signal timing extended and reroute suggested
EVT452949,2025-11-15 12:09:32,Local Market Day,J011,Indiranagar 100ft Road,2654,Weekend,False,Rain,True,22.2,False,False,0.463,Moderate,24.9,32.3,235.3,0.177,0.41,0.91,Light rain detected - minor speed reduction advised
EVT452950,2025-10-10 19:10:04,Sports Fixture,J023,Basavanagudi,26636,Weekday,False,Heavy Rain,True,31.0,False,False,1.0,Severe,8.8,73.6,537.5,0.189,0.437,0.889,Heavy rain reducing visibility and grip - reduced speed and longer buffer advised
EVT452951,2025-09-01 11:49:03,Political Rally,J012,Koramangala Sony World,20467,Weekday,False,Rain,True,13.6,False,False,0.528,Moderate,21.6,36.0,144.1,0.09,0.209,0.919,Light rain detected - minor speed reduction advised
EVT452952,2026-06-07 06:24:30,Local Market Day,J012,Koramangala Sony World,3463,Weekend,False,Heavy Rain,True,28.9,False,False,0.681,High,17.4,45.6,347.9,0.179,0.413,0.916,Heavy rain reducing visibility and grip - reduced speed and longer buffer advised
EVT452953,2025-05-16 16:03:16,Concert,J023,Basavanagudi,17674,Weekday,False,Clear,False,0.0,False,False,0.476,Moderate,24.6,31.9,160.8,0.112,0.259,0.959,Moderate traffic flow - standard adaptive signal timing in effect
EVT452954,2025-07-20 21:55:23,Political Rally,J009,Majestic,12643,Weekend,False,Clear,False,0.0,False,False,0.396,Moderate,29.2,24.9,166.6,0.129,0.298,0.961,Moderate traffic flow - standard adaptive signal timing in effect
EVT452955,2025-05-30 17:45:41,Local Market Day,J011,Indiranagar 100ft Road,6791,Weekday,False,Clear,False,0.0,False,False,0.988,Severe,10.0,69.3,178.1,0.082,0.189,0.915,Heavy congestion detected - signal timing extended and reroute suggested
EVT452956,2025-08-12 13:32:32,Local Market Day,J009,Majestic,4042,Weekday,False,Clear,False,0.0,False,False,0.198,Low,30.6,16.1,154.1,0.111,0.257,0.92,Normal free-flow traffic - standard signal timing maintained
EVT452957,2026-04-06 13:24:52,Local Market Day,J031,Cubbon Road,2794,Weekday,False,Clear,False,0.0,False,False,0.215,Low,35.3,19.2,110.0,0.103,0.238,0.961,Normal free-flow traffic - standard signal timing maintained
EVT452958,2025-01-15 09:12:33,Religious Festival,J009,Majestic,32461,Weekday,True,Clear,False,0.0,False,False,1.0,Severe,8.7,71.7,201.7,0.086,0.198,0.891,Festival crowd surge detected - alternate route and extended cycle recommended
EVT452959,2025-08-24 18:25:23,Sports Fixture,J012,Koramangala Sony World,8148,Weekend,False,Rain,True,13.5,False,False,1.0,Severe,8.6,77.5,409.7,0.158,0.365,0.864,Heavy rain reducing visibility and grip - reduced speed and longer buffer advised
EVT452960,2026-05-20 18:35:20,Concert,J031,Cubbon Road,11458,Weekday,False,Clear,False,0.0,False,False,1.0,Severe,8.2,73.6,361.1,0.127,0.293,0.901,Heavy congestion detected - signal timing extended and reroute suggested
EVT452961,2025-04-08 07:31:01,Political Rally,J040,City Market,14887,Weekday,False,Clear,False,0.0,False,False,0.713,High,17.9,53.2,176.7,0.127,0.294,0.976,Moderate traffic flow - standard adaptive signal timing in effect
EVT452962,2026-04-27 09:02:31,Sports Fixture,J012,Koramangala Sony World,25038,Weekday,False,Fog,False,0.0,False,False,1.0,Severe,8.7,68.8,598.3,0.201,0.465,0.926,Heavy congestion detected - signal timing extended and reroute suggested
EVT452963,2025-12-07 18:38:30,Trade Fair,J031,Cubbon Road,11933,Weekend,False,Clear,False,0.0,False,False,0.941,Severe,9.5,66.1,408.5,0.162,0.374,0.926,Heavy congestion detected - signal timing extended and reroute suggested
EVT452964,2025-03-21 16:46:55,Trade Fair,J011,Indiranagar 100ft Road,7342,Weekday,False,Clear,False,0.0,False,False,0.674,High,18.9,47.7,461.7,0.295,0.682,0.968,Moderate traffic flow - standard adaptive signal timing in effect
EVT452965,2025-04-11 18:28:19,Local Market Day,J030,MG Road,4093,Weekday,False,Clear,False,0.0,False,False,1.0,Severe,7.3,72.8,478.1,0.167,0.385,0.907,Heavy congestion detected - signal timing extended and reroute suggested
EVT452966,2025-12-08 07:46:41,Trade Fair,J012,Koramangala Sony World,15793,Weekday,False,Clear,False,0.0,False,False,0.801,Severe,14.8,53.4,390.9,0.222,0.513,0.953,Heavy congestion detected - signal timing extended and reroute suggested
EVT452967,2026-06-08 21:43:52,Trade Fair,J012,Koramangala Sony World,6204,Weekday,False,Heavy Rain,True,25.7,False,False,0.518,Moderate,23.2,38.8,263.7,0.195,0.451,0.903,Light rain detected - minor speed reduction advised
EVT452968,2025-12-26 22:36:46,Fireworks Display,J030,MG Road,28723,Weekday,True,Clear,False,0.0,False,False,0.549,Moderate,26.5,41.6,124.2,0.073,0.17,0.916,Festival crowd surge detected - alternate route and extended cycle recommended
EVT452969,2025-03-10 13:18:56,Sports Fixture,J020,Malleshwaram Circle,19213,Weekday,False,Clear,False,0.0,False,False,0.272,Low,31.7,20.9,161.9,0.143,0.331,0.961,Moderate traffic flow - standard adaptive signal timing in effect
EVT452970,2025-05-09 10:13:50,Concert,J023,Basavanagudi,8494,Weekday,False,Clear,False,0.0,False,False,0.65,High,23.0,51.5,170.5,0.123,0.284,0.971,Moderate traffic flow - standard adaptive signal timing in effect
EVT452971,2025-09-01 05:45:04,Sports Fixture,J020,Malleshwaram Circle,15192,Weekday,False,Clear,False,0.0,False,False,0.288,Low,31.7,20.9,193.1,0.188,0.434,0.974,Moderate traffic flow - standard adaptive signal timing in effect
EVT452972,2026-04-30 08:58:53,Political Rally,J020,Malleshwaram Circle,17641,Weekday,False,Fog,False,0.0,False,False,1.0,Severe,8.2,77.2,772.6,0.241,0.556,0.908,Heavy congestion detected - signal timing extended and reroute suggested
EVT452973,2025-03-22 07:14:15,Sports Fixture,J040,City Market,20140,Weekend,False,Light Rain,True,3.2,False,False,0.627,High,22.9,45.2,93.5,0.056,0.129,0.916,Heavy rain reducing visibility and grip - reduced speed and longer buffer advised
EVT452974,2025-11-24 21:07:32,Concert,J020,Malleshwaram Circle,9768,Weekday,False,Clear,False,0.0,False,False,0.369,Moderate,29.3,21.3,159.8,0.119,0.275,0.942,Moderate traffic flow - standard adaptive signal timing in effect
EVT452975,2025-06-08 11:01:35,Sports Fixture,J011,Indiranagar 100ft Road,36170,Weekend,False,Rain,True,17.3,False,False,0.837,Severe,13.8,55.8,240.8,0.121,0.279,0.888,Heavy rain reducing visibility and grip - reduced speed and longer buffer advised
EVT452976,2025-06-05 21:54:36,Concert,J012,Koramangala Sony World,16154,Weekday,False,Light Rain,True,6.4,False,False,0.465,Moderate,22.0,32.5,176.8,0.119,0.274,0.91,Light rain detected - minor speed reduction advised
EVT452977,2026-01-25 15:22:14,Local Market Day,J023,Basavanagudi,3791,Weekend,False,Clear,False,0.0,False,False,0.335,Low,26.3,26.0,159.7,0.129,0.297,0.989,Moderate traffic flow - standard adaptive signal timing in effect
EVT452978,2025-07-16 10:41:44,Local Market Day,J011,Indiranagar 100ft Road,3891,Weekday,False,Rain,True,21.7,False,False,0.852,Severe,16.0,62.6,207.2,0.154,0.356,0.896,Heavy rain reducing visibility and grip - reduced speed and longer buffer advised
EVT452979,2025-01-17 06:51:08,Local Market Day,J023,Basavanagudi,5337,Weekday,False,Clear,False,0.0,False,False,0.369,Moderate,30.8,24.1,234.8,0.186,0.43,0.959,Moderate traffic flow - standard adaptive signal timing in effect
EVT452980,2025-07-12 17:32:29,Sports Fixture,J011,Indiranagar 100ft Road,29849,Weekend,False,Clear,False,0.0,False,False,0.97,Severe,10.1,69.9,806.4,0.323,0.747,0.883,Heavy congestion detected - signal timing extended and reroute suggested
EVT452981,2025-01-24 21:27:34,Local Market Day,J009,Majestic,5851,Weekday,False,Clear,False,0.0,False,False,0.307,Low,29.0,23.7,177.4,0.143,0.331,0.958,Moderate traffic flow - standard adaptive signal timing in effect
EVT452982,2026-06-03 17:24:01,Local Market Day,J012,Koramangala Sony World,2321,Weekday,False,Light Rain,True,7.2,False,False,1.0,Severe,9.9,72.8,717.9,0.275,0.636,0.838,Heavy rain reducing visibility and grip - reduced speed and longer buffer advised
EVT452983,2025-03-19 16:16:13,Trade Fair,J031,Cubbon Road,7770,Weekday,False,Clear,False,0.0,False,False,0.522,Moderate,18.6,36.6,303.3,0.175,0.404,0.942,Moderate traffic flow - standard adaptive signal timing in effect
EVT452984,2025-02-06 11:21:35,Local Market Day,J020,Malleshwaram Circle,4498,Weekday,False,Clear,False,0.0,False,False,0.374,Moderate,26.0,28.9,114.1,0.075,0.174,0.978,Moderate traffic flow - standard adaptive signal timing in effect
EVT452985,2026-01-24 21:46:36,Local Market Day,J020,Malleshwaram Circle,2589,Weekend,False,Clear,False,0.0,False,False,0.254,Low,34.8,17.4,105.2,0.102,0.235,0.961,Moderate traffic flow - standard adaptive signal timing in effect
EVT452986,2025-10-26 09:40:30,Local Market Day,J012,Koramangala Sony World,2953,Weekend,False,Heavy Rain,True,31.0,False,False,1.0,Severe,8.8,70.4,690.5,0.232,0.536,0.871,Heavy rain reducing visibility and grip - reduced speed and longer buffer advised
EVT452987,2025-09-21 08:37:14,Local Market Day,J031,Cubbon Road,3448,Weekend,False,Clear,False,0.0,False,False,0.902,Severe,12.3,65.1,384.3,0.175,0.404,0.955,Heavy congestion detected - signal timing extended and reroute suggested
EVT452988,2025-07-15 09:23:13,Local Market Day,J012,Koramangala Sony World,2611,Weekday,False,Rain,True,21.9,False,False,1.0,Severe,9.1,71.5,410.7,0.158,0.366,0.886,Heavy rain reducing visibility and grip - reduced speed and longer buffer advised
EVT452989,2025-08-04 19:33:24,Local Market Day,J012,Koramangala Sony World,4262,Weekday,False,Clear,False,0.0,False,False,0.827,Severe,17.3,61.8,314.6,0.191,0.441,0.951,Heavy congestion detected - signal timing extended and reroute suggested
EVT452990,2025-02-10 05:01:24,Local Market Day,J031,Cubbon Road,2503,Weekday,False,Clear,False,0.0,False,False,0.144,Low,36.8,15.6,146.3,0.139,0.322,0.968,Normal free-flow traffic - standard signal timing maintained
EVT452991,2025-08-17 19:39:51,Concert,J011,Indiranagar 100ft Road,8760,Weekend,False,Clear,False,0.0,False,False,0.726,High,16.3,51.5,232.4,0.107,0.247,0.94,Moderate traffic flow - standard adaptive signal timing in effect
EVT452992,2025-03-14 08:11:39,Religious Festival,J040,City Market,44910,Weekday,True,Light Rain,True,3.8,False,True,1.0,Severe,10.4,100.7,355.9,0.157,0.364,0.787,Road closure for event/procession - full detour recommended for through-traffic
EVT452993,2025-12-05 18:04:56,Trade Fair,J030,MG Road,10280,Weekday,False,Clear,False,0.0,False,False,1.0,Severe,9.0,75.3,508.4,0.203,0.47,0.902,Heavy congestion detected - signal timing extended and reroute suggested
EVT452994,2025-08-09 19:28:49,Trade Fair,J031,Cubbon Road,7891,Weekend,False,Fog,False,0.0,False,False,0.769,Severe,21.1,48.6,221.1,0.162,0.374,0.955,Heavy congestion detected - signal timing extended and reroute suggested
EVT452995,2025-11-11 08:08:16,Local Market Day,J023,Basavanagudi,5809,Weekday,False,Clear,False,0.0,False,False,0.795,Severe,17.4,56.0,231.4,0.148,0.342,0.974,Heavy congestion detected - signal timing extended and reroute suggested
EVT452996,2025-02-07 12:46:14,Sports Fixture,J020,Malleshwaram Circle,13545,Weekday,False,Clear,False,0.0,False,False,0.21,Low,37.3,12.3,149.5,0.141,0.325,0.951,Normal free-flow traffic - standard signal timing maintained
EVT452997,2025-06-26 22:46:25,Concert,J011,Indiranagar 100ft Road,16651,Weekday,False,Heavy Rain,True,47.4,False,False,0.675,High,18.0,52.1,272.3,0.141,0.325,0.927,Heavy rain reducing visibility and grip - reduced speed and longer buffer advised
EVT452998,2026-06-08 17:42:19,Sports Fixture,J012,Koramangala Sony World,18829,Weekday,False,Heavy Rain,True,59.4,False,False,1.0,Severe,9.5,64.9,738.8,0.291,0.672,0.855,Heavy rain reducing visibility and grip - reduced speed and longer buffer advised
EVT452999,2025-03-02 11:54:32,Sports Fixture,J020,Malleshwaram Circle,23362,Weekend,False,Clear,False,0.0,False,False,0.353,Moderate,23.2,22.3,279.8,0.179,0.415,0.965,Moderate traffic flow - standard adaptive signal timing in effect
EVT453000,2026-03-24 19:02:17,Local Market Day,J009,Majestic,4701,Weekday,False,Clear,False,0.0,False,False,0.955,Severe,9.4,64.3,339.0,0.124,0.286,0.906,Heavy congestion detected - signal timing extended and reroute suggested
EVT453001,2026-03-28 18:47:17,Political Rally,J012,Koramangala Sony World,18575,Weekend,False,Fog,False,0.0,False,False,0.977,Severe,9.2,70.7,190.6,0.099,0.228,0.916,Heavy congestion detected - signal timing extended and reroute suggested
EVT453002,2026-06-07 18:56:51,Local Market Day,J023,Basavanagudi,3909,Weekend,False,Clear,False,0.0,False,False,0.874,Severe,13.1,63.4,487.3,0.221,0.512,0.944,Heavy congestion detected - signal timing extended and reroute suggested
EVT453003,2026-03-31 18:54:24,Sports Fixture,J020,Malleshwaram Circle,21408,Weekday,False,Clear,False,0.0,False,False,1.0,Severe,8.6,79.3,656.7,0.23,0.531,0.898,Heavy congestion detected - signal timing extended and reroute suggested
EVT453004,2025-11-12 15:11:54,Local Market Day,J020,Malleshwaram Circle,3834,Weekday,False,Clear,False,0.0,False,False,0.269,Low,35.0,22.7,97.4,0.083,0.192,0.974,Moderate traffic flow - standard adaptive signal timing in effect
EVT453005,2025-07-01 15:12:10,Concert,J020,Malleshwaram Circle,10441,Weekday,False,Clear,False,0.0,False,False,0.357,Moderate,31.6,29.6,156.3,0.149,0.344,0.977,Moderate traffic flow - standard adaptive signal timing in effect
EVT453006,2026-04-09 17:44:39,Trade Fair,J020,Malleshwaram Circle,5019,Weekday,False,Clear,False,0.0,False,False,0.945,Severe,11.7,63.8,444.8,0.231,0.534,0.893,Heavy congestion detected - signal timing extended and reroute suggested
EVT453007,2026-06-03 15:31:59,Concert,J040,City Market,9654,Weekday,False,Rain,True,12.3,False,False,0.456,Moderate,27.0,42.4,230.4,0.185,0.428,0.899,Light rain detected - minor speed reduction advised
EVT453008,2025-09-21 09:57:10,Sports Fixture,J020,Malleshwaram Circle,14322,Weekend,False,Clear,False,0.0,False,False,0.818,Severe,16.0,58.9,242.7,0.155,0.357,0.966,Heavy congestion detected - signal timing extended and reroute suggested
EVT453009,2025-09-27 19:31:48,Sports Fixture,J012,Koramangala Sony World,45844,Weekend,False,Clear,False,0.0,False,False,1.0,Severe,9.0,66.6,310.5,0.138,0.319,0.92,Heavy congestion detected - signal timing extended and reroute suggested
EVT453010,2025-05-15 18:48:23,Trade Fair,J031,Cubbon Road,20457,Weekday,False,Clear,False,0.0,False,False,1.0,Severe,6.7,74.6,365.5,0.116,0.268,0.931,Heavy congestion detected - signal timing extended and reroute suggested
EVT453011,2025-10-21 09:59:27,Religious Festival,J012,Koramangala Sony World,30838,Weekday,True,Clear,False,0.0,False,False,1.0,Severe,8.8,71.2,763.3,0.27,0.623,0.872,Festival crowd surge detected - alternate route and extended cycle recommended
EVT453012,2025-10-24 18:20:37,Concert,J031,Cubbon Road,10868,Weekday,False,Rain,True,17.6,False,False,1.0,Severe,8.4,64.9,634.5,0.215,0.497,0.863,Heavy rain reducing visibility and grip - reduced speed and longer buffer advised
EVT453013,2025-03-26 08:10:13,Sports Fixture,J020,Malleshwaram Circle,15968,Weekday,False,Clear,False,0.0,False,False,0.915,Severe,10.9,61.1,161.6,0.076,0.175,0.901,Heavy congestion detected - signal timing extended and reroute suggested
EVT453014,2025-05-28 20:35:29,Trade Fair,J020,Malleshwaram Circle,8972,Weekday,False,Rain,True,23.0,False,False,0.873,Severe,15.6,67.6,293.6,0.183,0.422,0.904,Heavy rain reducing visibility and grip - reduced speed and longer buffer advised
EVT453015,2025-01-11 18:30:56,Sports Fixture,J012,Koramangala Sony World,20886,Weekend,False,Clear,False,0.0,False,False,0.902,Severe,11.8,62.7,518.2,0.212,0.49,0.965,Heavy congestion detected - signal timing extended and reroute suggested
EVT453016,2025-10-19 07:08:42,Local Market Day,J040,City Market,2990,Weekend,False,Clear,False,0.0,False,False,0.517,Moderate,25.9,39.3,100.1,0.07,0.161,0.96,Moderate traffic flow - standard adaptive signal timing in effect
EVT453017,2025-01-24 12:30:19,Sports Fixture,J011,Indiranagar 100ft Road,12641,Weekday,False,Light Rain,True,2.6,False,False,0.259,Low,35.1,20.0,98.2,0.094,0.217,0.903,Light rain detected - minor speed reduction advised
EVT453018,2026-02-10 16:31:37,Sports Fixture,J040,City Market,37558,Weekday,False,Clear,False,0.0,False,False,0.734,High,17.2,43.2,303.8,0.185,0.427,0.973,Moderate traffic flow - standard adaptive signal timing in effect
EVT453019,2025-04-21 04:56:27,Local Market Day,J020,Malleshwaram Circle,3839,Weekday,False,Clear,False,0.0,True,False,0.65,High,17.1,47.9,226.0,0.138,0.319,0.785,Accident detected nearby - reroute and reduced speed advised
EVT453020,2025-08-18 09:33:52,Sports Fixture,J040,City Market,21633,Weekday,False,Rain,True,18.8,False,False,1.0,Severe,8.6,73.0,559.6,0.186,0.43,0.868,Heavy rain reducing visibility and grip - reduced speed and longer buffer advised
EVT453021,2025-04-03 17:44:11,Local Market Day,J023,Basavanagudi,2989,Weekday,False,Clear,False,0.0,False,False,0.915,Severe,15.5,61.3,238.5,0.147,0.339,0.91,Heavy congestion detected - signal timing extended and reroute suggested
EVT453022,2025-06-16 13:41:41,Local Market Day,J020,Malleshwaram Circle,3711,Weekday,False,Clear,False,0.0,False,False,0.12,Low,35.5,9.9,182.5,0.154,0.355,0.959,Normal free-flow traffic - standard signal timing maintained
EVT453023,2025-05-18 07:55:13,Political Rally,J012,Koramangala Sony World,17949,Weekend,False,Clear,False,0.0,False,False,0.797,Severe,13.5,60.7,352.7,0.163,0.377,0.96,Heavy congestion detected - signal timing extended and reroute suggested
EVT453024,2026-05-28 14:02:37,Local Market Day,J009,Majestic,5481,Weekday,False,Fog,False,0.0,False,False,0.195,Low,35.3,15.1,85.8,0.087,0.201,0.961,Normal free-flow traffic - standard signal timing maintained
EVT453025,2025-07-23 18:51:46,Concert,J023,Basavanagudi,6929,Weekday,False,Clear,False,0.0,False,False,0.949,Severe,8.8,62.6,513.8,0.198,0.458,0.897,Heavy congestion detected - signal timing extended and reroute suggested
EVT453026,2025-12-06 16:53:44,Local Market Day,J009,Majestic,3441,Weekend,False,Clear,False,0.0,False,False,0.582,High,21.0,41.2,207.8,0.126,0.291,0.97,Moderate traffic flow - standard adaptive signal timing in effect
EVT453027,2025-12-28 22:12:37,Trade Fair,J030,MG Road,8550,Weekend,False,Rain,True,9.8,False,False,0.471,Moderate,21.9,33.0,240.1,0.162,0.375,0.925,Light rain detected - minor speed reduction advised
EVT453028,2026-02-07 08:56:39,Trade Fair,J012,Koramangala Sony World,7608,Weekend,False,Clear,False,0.0,False,False,0.915,Severe,10.6,59.8,372.7,0.153,0.353,0.948,Heavy congestion detected - signal timing extended and reroute suggested
EVT453029,2025-05-26 14:32:37,Political Rally,J009,Majestic,24027,Weekday,False,Clear,False,0.0,False,False,0.393,Moderate,27.7,24.5,193.4,0.153,0.354,0.958,Moderate traffic flow - standard adaptive signal timing in effect
EVT453030,2026-06-01 14:37:52,Sports Fixture,J011,Indiranagar 100ft Road,27752,Weekday,False,Clear,False,0.0,False,False,0.389,Moderate,28.3,25.2,199.1,0.164,0.378,0.949,Moderate traffic flow - standard adaptive signal timing in effect
EVT453031,2025-12-17 16:21:51,Concert,J009,Majestic,11242,Weekday,False,Clear,False,0.0,False,False,0.617,High,20.1,41.8,331.3,0.231,0.533,0.978,Moderate traffic flow - standard adaptive signal timing in effect
EVT453032,2025-02-21 16:14:31,Sports Fixture,J031,Cubbon Road,16236,Weekday,False,Clear,False,0.0,False,False,0.583,High,17.5,46.2,283.6,0.167,0.385,0.965,Moderate traffic flow - standard adaptive signal timing in effect
EVT453033,2025-02-19 09:00:03,Political Rally,J011,Indiranagar 100ft Road,13774,Weekday,False,Clear,False,0.0,False,False,1.0,Severe,9.6,68.8,703.3,0.284,0.657,0.916,Heavy congestion detected - signal timing extended and reroute suggested
EVT453034,2026-05-24 14:21:08,Concert,J040,City Market,9304,Weekend,False,Clear,False,0.0,False,False,0.314,Low,33.4,21.3,55.2,0.036,0.084,0.989,Moderate traffic flow - standard adaptive signal timing in effect
EVT453035,2026-03-02 17:22:42,Political Rally,J020,Malleshwaram Circle,6388,Weekday,False,Clear,False,0.0,False,False,0.892,Severe,11.0,65.3,552.4,0.234,0.541,0.928,Heavy congestion detected - signal timing extended and reroute suggested
EVT453036,2025-11-23 13:51:39,Local Market Day,J030,MG Road,4907,Weekend,False,Clear,False,0.0,False,False,0.253,Low,25.3,18.9,170.5,0.12,0.277,0.987,Moderate traffic flow - standard adaptive signal timing in effect
EVT453037,2026-06-11 14:12:19,Local Market Day,J009,Majestic,4434,Weekday,False,Rain,True,16.2,False,False,0.332,Low,25.0,21.4,159.7,0.102,0.234,0.923,Light rain detected - minor speed reduction advised
EVT453038,2025-09-16 19:14:30,Sports Fixture,J030,MG Road,34993,Weekday,False,Clear,False,0.0,False,False,1.0,Severe,7.1,67.7,365.7,0.119,0.275,0.922,Heavy congestion detected - signal timing extended and reroute suggested
EVT453039,2025-01-20 06:42:35,Concert,J012,Koramangala Sony World,22666,Weekday,False,Clear,False,0.0,False,False,0.449,Moderate,27.0,30.7,221.7,0.173,0.4,0.964,Moderate traffic flow - standard adaptive signal timing in effect
EVT453040,2026-06-11 12:12:44,Trade Fair,J030,MG Road,7599,Weekday,False,Rain,True,10.1,True,False,0.781,Severe,16.6,60.4,239.8,0.137,0.316,0.764,Accident detected nearby - reroute and reduced speed advised
EVT453041,2026-06-07 09:18:11,Local Market Day,J020,Malleshwaram Circle,1986,Weekend,False,Clear,False,0.0,False,False,0.757,Severe,18.3,47.4,376.0,0.215,0.497,0.966,Heavy congestion detected - signal timing extended and reroute suggested
EVT453042,2026-03-19 08:53:34,Religious Festival,J023,Basavanagudi,73344,Weekday,True,Clear,False,0.0,False,True,1.0,Severe,7.6,96.9,443.7,0.145,0.334,0.818,Road closure for event/procession - full detour recommended for through-traffic
EVT453043,2025-06-30 17:01:21,Concert,J011,Indiranagar 100ft Road,18466,Weekday,False,Clear,False,0.0,False,False,0.746,High,16.0,56.0,319.0,0.184,0.425,0.969,Moderate traffic flow - standard adaptive signal timing in effect
EVT453044,2025-02-13 13:47:20,Sports Fixture,J009,Majestic,14152,Weekday,False,Fog,False,0.0,False,False,0.255,Low,32.2,17.2,152.9,0.145,0.334,0.965,Moderate traffic flow - standard adaptive signal timing in effect
EVT453045,2025-12-02 19:09:50,Political Rally,J009,Majestic,16888,Weekday,False,Clear,False,0.0,False,False,1.0,Severe,8.2,69.1,927.3,0.305,0.704,0.932,Heavy congestion detected - signal timing extended and reroute suggested
EVT453046,2025-12-21 08:21:11,Sports Fixture,J011,Indiranagar 100ft Road,8744,Weekend,False,Clear,False,0.0,False,False,0.787,Severe,16.9,56.9,352.7,0.212,0.489,0.957,Heavy congestion detected - signal timing extended and reroute suggested
EVT453047,2025-07-10 09:38:49,Sports Fixture,J020,Malleshwaram Circle,27839,Weekday,False,Heavy Rain,True,28.1,False,False,1.0,Severe,10.3,68.1,433.2,0.168,0.389,0.86,Heavy rain reducing visibility and grip - reduced speed and longer buffer advised
EVT453048,2025-01-14 19:00:46,Cultural Procession,J011,Indiranagar 100ft Road,18469,Weekday,True,Clear,False,0.0,False,False,1.0,Severe,7.2,69.4,845.4,0.258,0.596,0.857,Festival crowd surge detected - alternate route and extended cycle recommended
EVT453049,2025-04-18 07:57:53,Local Market Day,J009,Majestic,3670,Weekday,False,Clear,False,0.0,False,False,0.766,Severe,14.6,53.7,198.4,0.106,0.245,0.99,Heavy congestion detected - signal timing extended and reroute suggested
EVT453050,2026-02-04 06:08:42,Local Market Day,J011,Indiranagar 100ft Road,4546,Weekday,False,Clear,False,0.0,False,False,0.296,Low,33.5,19.4,62.4,0.052,0.12,0.97,Moderate traffic flow - standard adaptive signal timing in effect
EVT453051,2025-06-27 19:43:13,Trade Fair,J009,Majestic,4283,Weekday,False,Heavy Rain,True,38.5,False,False,1.0,Severe,9.0,70.4,631.2,0.223,0.516,0.882,Heavy rain reducing visibility and grip - reduced speed and longer buffer advised
EVT453052,2026-03-13 13:30:54,Concert,J020,Malleshwaram Circle,9758,Weekday,False,Clear,False,0.0,False,False,0.24,Low,34.9,22.1,166.0,0.154,0.356,0.989,Normal free-flow traffic - standard signal timing maintained
EVT453053,2025-01-19 23:14:17,Concert,J023,Basavanagudi,14936,Weekend,False,Clear,False,0.0,False,False,0.333,Low,28.2,24.0,162.9,0.121,0.28,0.98,Moderate traffic flow - standard adaptive signal timing in effect
EVT453054,2025-01-20 07:14:44,Sports Fixture,J031,Cubbon Road,18127,Weekday,False,Clear,False,0.0,False,False,0.665,High,20.8,52.5,254.5,0.174,0.401,0.943,Moderate traffic flow - standard adaptive signal timing in effect
EVT453055,2025-02-18 11:29:34,Local Market Day,J023,Basavanagudi,2242,Weekday,False,Clear,False,0.0,False,False,0.385,Moderate,30.1,26.0,126.3,0.091,0.21,0.972,Moderate traffic flow - standard adaptive signal timing in effect
EVT453056,2026-02-01 13:13:28,Political Rally,J011,Indiranagar 100ft Road,14652,Weekend,False,Clear,False,0.0,False,False,0.355,Moderate,32.1,27.5,158.8,0.13,0.3,0.975,Moderate traffic flow - standard adaptive signal timing in effect
EVT453057,2026-05-23 20:08:03,Local Market Day,J040,City Market,4042,Weekend,False,Clear,False,0.0,False,False,0.619,High,23.2,44.5,247.2,0.17,0.393,0.973,Moderate traffic flow - standard adaptive signal timing in effect
EVT453058,2025-01-25 13:36:01,Local Market Day,J031,Cubbon Road,2155,Weekend,False,Light Rain,True,4.6,False,False,0.353,Moderate,31.7,24.3,130.1,0.115,0.267,0.932,Light rain detected - minor speed reduction advised
EVT453059,2025-01-24 09:00:38,Trade Fair,J030,MG Road,7126,Weekday,False,Clear,False,0.0,False,False,1.0,Severe,8.3,69.4,708.3,0.226,0.523,0.898,Heavy congestion detected - signal timing extended and reroute suggested
EVT453060,2025-07-26 09:27:44,Local Market Day,J030,MG Road,4797,Weekend,False,Heavy Rain,True,31.2,False,False,1.0,Severe,9.8,69.6,392.4,0.151,0.348,0.878,Heavy rain reducing visibility and grip - reduced speed and longer buffer advised
EVT453061,2025-07-30 11:53:05,Trade Fair,J020,Malleshwaram Circle,10552,Weekday,False,Rain,True,24.8,True,False,0.879,Severe,14.0,64.6,375.6,0.193,0.446,0.732,Accident detected nearby - reroute and reduced speed advised
EVT453062,2026-05-10 07:30:39,Local Market Day,J009,Majestic,3889,Weekend,False,Rain,True,21.3,False,False,0.783,Severe,14.8,54.4,241.9,0.128,0.295,0.937,Heavy rain reducing visibility and grip - reduced speed and longer buffer advised
EVT453063,2025-10-12 14:57:06,Trade Fair,J030,MG Road,8590,Weekend,False,Rain,True,13.6,False,False,0.497,Moderate,24.7,38.1,251.7,0.173,0.399,0.932,Light rain detected - minor speed reduction advised
EVT453064,2025-08-31 08:02:58,Political Rally,J011,Indiranagar 100ft Road,10420,Weekend,False,Clear,False,0.0,False,False,0.728,High,20.5,51.7,353.7,0.222,0.513,0.978,Moderate traffic flow - standard adaptive signal timing in effect
EVT453065,2025-04-11 08:32:01,Concert,J040,City Market,9395,Weekday,False,Clear,False,0.0,False,False,1.0,Severe,7.2,74.8,395.6,0.126,0.29,0.912,Heavy congestion detected - signal timing extended and reroute suggested
EVT453066,2026-04-15 19:52:10,Religious Festival,J012,Koramangala Sony World,38499,Weekday,True,Clear,False,0.0,False,True,1.0,Severe,10.4,97.0,410.1,0.184,0.424,0.842,Road closure for event/procession - full detour recommended for through-traffic
EVT453067,2025-10-17 18:16:05,Local Market Day,J023,Basavanagudi,4902,Weekday,False,Heavy Rain,True,26.0,False,False,1.0,Severe,7.4,74.8,737.6,0.233,0.538,0.891,Heavy rain reducing visibility and grip - reduced speed and longer buffer advised
EVT453068,2025-02-25 15:33:52,Sports Fixture,J040,City Market,28530,Weekday,False,Clear,False,0.0,False,False,0.454,Moderate,25.8,34.0,206.0,0.157,0.362,0.971,Moderate traffic flow - standard adaptive signal timing in effect
EVT453069,2025-07-17 21:15:17,Trade Fair,J040,City Market,16747,Weekday,False,Heavy Rain,True,87.0,False,False,0.777,Severe,18.9,59.3,272.1,0.171,0.394,0.902,Heavy rain reducing visibility and grip - reduced speed and longer buffer advised
EVT453070,2025-12-08 16:58:49,Trade Fair,J023,Basavanagudi,16658,Weekday,False,Clear,False,0.0,False,False,0.806,Severe,14.3,59.6,179.1,0.1,0.23,0.951,Heavy congestion detected - signal timing extended and reroute suggested
EVT453071,2025-07-12 19:02:42,Concert,J020,Malleshwaram Circle,14176,Weekend,False,Heavy Rain,True,31.8,False,False,1.0,Severe,8.5,64.3,545.1,0.187,0.432,0.88,Heavy rain reducing visibility and grip - reduced speed and longer buffer advised
EVT453072,2025-08-06 20:10:15,Sports Fixture,J023,Basavanagudi,12848,Weekday,False,Rain,True,16.7,False,False,0.969,Severe,10.2,67.6,631.3,0.235,0.544,0.878,Heavy rain reducing visibility and grip - reduced speed and longer buffer advised
EVT453073,2025-01-21 18:27:38,Political Rally,J011,Indiranagar 100ft Road,22724,Weekday,False,Clear,False,0.0,False,False,1.0,Severe,7.2,69.5,530.2,0.158,0.364,0.899,Heavy congestion detected - signal timing extended and reroute suggested
EVT453074,2026-05-11 15:18:36,Concert,J012,Koramangala Sony World,10319,Weekday,False,Rain,True,11.9,False,False,0.509,Moderate,22.6,35.8,280.7,0.207,0.479,0.909,Light rain detected - minor speed reduction advised
EVT453075,2025-05-17 10:29:40,Local Market Day,J009,Majestic,4866,Weekend,False,Clear,False,0.0,False,False,0.551,High,25.4,41.4,105.4,0.067,0.156,0.971,Moderate traffic flow - standard adaptive signal timing in effect
EVT453076,2026-04-25 18:30:55,Local Market Day,J009,Majestic,7682,Weekend,False,Clear,False,0.0,False,False,0.849,Severe,14.5,56.5,314.8,0.173,0.4,0.969,Heavy congestion detected - signal timing extended and reroute suggested
EVT453077,2025-11-10 07:11:38,Trade Fair,J023,Basavanagudi,11236,Weekday,False,Light Rain,True,7.2,False,False,0.559,High,22.9,41.3,200.0,0.139,0.321,0.903,Heavy rain reducing visibility and grip - reduced speed and longer buffer advised
EVT453078,2025-11-04 08:56:29,Concert,J011,Indiranagar 100ft Road,17885,Weekday,False,Fog,False,0.0,False,False,1.0,Severe,8.7,65.5,631.4,0.215,0.496,0.91,Heavy congestion detected - signal timing extended and reroute suggested
EVT453079,2026-02-06 18:27:22,Sports Fixture,J030,MG Road,21525,Weekday,False,Clear,False,0.0,False,False,1.0,Severe,8.6,68.9,827.1,0.27,0.623,0.901,Heavy congestion detected - signal timing extended and reroute suggested
EVT453080,2026-04-14 21:38:27,Fireworks Display,J031,Cubbon Road,19290,Weekday,True,Clear,False,0.0,False,False,0.549,Moderate,23.4,44.2,163.5,0.109,0.252,0.922,Festival crowd surge detected - alternate route and extended cycle recommended
EVT453081,2025-12-26 10:39:11,Cultural Procession,J040,City Market,20648,Weekday,True,Clear,False,0.0,False,True,1.0,Severe,8.8,111.3,353.7,0.143,0.329,0.814,Road closure for event/procession - full detour recommended for through-traffic
EVT453082,2025-01-20 09:42:47,Concert,J023,Basavanagudi,9793,Weekday,False,Clear,False,0.0,False,False,0.973,Severe,9.7,74.9,311.3,0.145,0.336,0.919,Heavy congestion detected - signal timing extended and reroute suggested
EVT453083,2026-01-09 09:42:10,Political Rally,J012,Koramangala Sony World,12027,Weekday,False,Clear,False,0.0,False,False,0.907,Severe,10.5,64.7,387.7,0.162,0.373,0.939,Heavy congestion detected - signal timing extended and reroute suggested
EVT453084,2026-05-30 06:31:28,Concert,J023,Basavanagudi,14211,Weekend,False,Clear,False,0.0,False,False,0.398,Moderate,28.9,27.5,224.9,0.176,0.407,0.97,Moderate traffic flow - standard adaptive signal timing in effect
EVT453085,2025-10-24 17:17:48,Trade Fair,J012,Koramangala Sony World,7207,Weekday,False,Rain,True,18.1,False,False,0.991,Severe,9.4,67.0,531.6,0.2,0.462,0.891,Heavy rain reducing visibility and grip - reduced speed and longer buffer advised
EVT453086,2026-05-06 20:26:47,Concert,J011,Indiranagar 100ft Road,12292,Weekday,False,Clear,False,0.0,False,False,0.622,High,18.9,46.6,245.9,0.139,0.321,0.969,Moderate traffic flow - standard adaptive signal timing in effect
EVT453087,2025-07-06 19:15:09,Trade Fair,J009,Majestic,14105,Weekend,False,Clear,False,0.0,False,False,0.865,Severe,13.6,60.0,218.2,0.121,0.279,0.933,Heavy congestion detected - signal timing extended and reroute suggested
EVT453088,2026-01-23 17:38:22,Local Market Day,J030,MG Road,7216,Weekday,False,Clear,False,0.0,False,False,0.87,Severe,13.5,62.3,300.2,0.183,0.424,0.947,Heavy congestion detected - signal timing extended and reroute suggested
EVT453089,2025-07-21 10:25:47,Local Market Day,J020,Malleshwaram Circle,3235,Weekday,False,Clear,False,0.0,True,False,0.93,Severe,11.1,67.1,341.6,0.155,0.358,0.78,Accident detected nearby - reroute and reduced speed advised
EVT453090,2025-08-24 12:26:32,Sports Fixture,J023,Basavanagudi,16231,Weekend,False,Clear,False,0.0,False,False,0.328,Low,30.3,28.2,150.6,0.109,0.251,0.974,Moderate traffic flow - standard adaptive signal timing in effect
EVT453091,2026-06-02 07:21:09,Local Market Day,J040,City Market,2563,Weekday,False,Clear,False,0.0,False,False,0.531,Moderate,24.5,34.1,217.4,0.142,0.329,0.963,Moderate traffic flow - standard adaptive signal timing in effect
EVT453092,2025-10-27 10:21:16,Trade Fair,J012,Koramangala Sony World,12055,Weekday,False,Clear,False,0.0,False,False,0.724,High,17.9,48.2,165.7,0.095,0.22,0.959,Moderate traffic flow - standard adaptive signal timing in effect
EVT453093,2026-05-11 07:17:22,Sports Fixture,J012,Koramangala Sony World,20979,Weekday,False,Clear,False,0.0,False,False,0.619,High,23.1,53.9,178.1,0.125,0.289,0.969,Moderate traffic flow - standard adaptive signal timing in effect
EVT453094,2025-06-08 14:23:01,Sports Fixture,J009,Majestic,13705,Weekend,False,Clear,False,0.0,False,False,0.351,Moderate,21.6,26.2,181.6,0.139,0.321,0.951,Moderate traffic flow - standard adaptive signal timing in effect
EVT453095,2026-01-21 08:09:21,Local Market Day,J009,Majestic,6277,Weekday,False,Clear,False,0.0,False,False,0.858,Severe,12.0,63.9,249.0,0.103,0.237,0.964,Heavy congestion detected - signal timing extended and reroute suggested
EVT453096,2025-06-11 15:29:57,Local Market Day,J012,Koramangala Sony World,5043,Weekday,False,Rain,True,7.6,False,False,0.398,Moderate,29.9,33.2,291.8,0.215,0.497,0.922,Light rain detected - minor speed reduction advised
EVT453097,2026-05-10 21:45:57,Concert,J009,Majestic,6482,Weekend,False,Clear,False,0.0,False,False,0.338,Low,33.4,26.9,211.0,0.175,0.403,0.963,Moderate traffic flow - standard adaptive signal timing in effect
EVT453098,2025-09-06 18:42:29,Cultural Procession,J030,MG Road,15592,Weekend,True,Rain,True,12.8,False,False,1.0,Severe,7.7,69.4,483.8,0.15,0.346,0.817,Festival crowd surge detected - alternate route and extended cycle recommended
EVT453099,2026-03-08 11:46:00,Local Market Day,J012,Koramangala Sony World,2915,Weekend,False,Clear,False,0.0,False,False,0.295,Low,20.6,18.5,271.5,0.169,0.391,0.943,Moderate traffic flow - standard adaptive signal timing in effect
EVT453100,2025-07-19 18:29:20,Sports Fixture,J040,City Market,14953,Weekend,False,Rain,True,10.5,False,False,1.0,Severe,7.8,73.3,822.0,0.247,0.571,0.849,Heavy rain reducing visibility and grip - reduced speed and longer buffer advised
EVT453101,2025-06-13 12:07:16,Trade Fair,J023,Basavanagudi,9185,Weekday,False,Clear,False,0.0,False,False,0.242,Low,33.2,19.9,189.4,0.162,0.375,0.99,Normal free-flow traffic - standard signal timing maintained
EVT453102,2026-04-07 11:15:08,Sports Fixture,J030,MG Road,16712,Weekday,False,Clear,False,0.0,False,False,0.405,Moderate,29.6,30.6,78.8,0.068,0.156,0.929,Moderate traffic flow - standard adaptive signal timing in effect
EVT453103,2026-05-07 23:29:39,Political Rally,J009,Majestic,15727,Weekday,False,Clear,False,0.0,False,False,0.212,Low,36.5,10.7,146.6,0.127,0.293,0.961,Normal free-flow traffic - standard signal timing maintained
EVT453104,2026-01-23 09:07:36,Concert,J011,Indiranagar 100ft Road,12538,Weekday,False,Clear,False,0.0,False,False,1.0,Severe,9.2,68.2,897.1,0.311,0.718,0.929,Heavy congestion detected - signal timing extended and reroute suggested
EVT453105,2025-03-12 12:40:23,Political Rally,J031,Cubbon Road,12970,Weekday,False,Clear,False,0.0,False,False,0.165,Low,31.9,14.2,101.9,0.092,0.214,0.986,Normal free-flow traffic - standard signal timing maintained
EVT453106,2025-09-17 09:16:05,Sports Fixture,J031,Cubbon Road,14171,Weekday,False,Clear,False,0.0,False,False,1.0,Severe,9.4,73.4,512.9,0.183,0.424,0.91,Heavy congestion detected - signal timing extended and reroute suggested
EVT453107,2025-02-26 17:11:56,Local Market Day,J020,Malleshwaram Circle,4810,Weekday,False,Clear,False,0.0,False,False,0.843,Severe,16.1,62.8,372.9,0.232,0.537,0.933,Heavy congestion detected - signal timing extended and reroute suggested
EVT453108,2025-04-11 20:02:05,Concert,J020,Malleshwaram Circle,10839,Weekday,False,Clear,False,0.0,False,False,0.606,High,16.7,38.0,313.5,0.159,0.367,0.981,Moderate traffic flow - standard adaptive signal timing in effect
EVT453109,2025-01-14 11:20:32,Cultural Procession,J020,Malleshwaram Circle,15030,Weekday,True,Clear,False,0.0,False,True,0.666,Moderate,17.1,59.9,172.2,0.118,0.272,0.891,Road closure for event/procession - full detour recommended for through-traffic
EVT453110,2025-03-16 11:53:44,Concert,J009,Majestic,6169,Weekend,False,Clear,False,0.0,False,False,0.346,Low,29.1,19.3,127.1,0.107,0.248,0.957,Moderate traffic flow - standard adaptive signal timing in effect
EVT453111,2025-05-09 18:10:19,Sports Fixture,J031,Cubbon Road,45813,Weekday,False,Clear,False,0.0,False,False,1.0,Severe,9.6,73.9,565.4,0.232,0.535,0.905,Heavy congestion detected - signal timing extended and reroute suggested
EVT453112,2026-04-13 15:55:52,Political Rally,J031,Cubbon Road,22632,Weekday,False,Clear,False,0.0,False,False,0.509,Moderate,25.5,38.8,186.9,0.146,0.337,0.981,Moderate traffic flow - standard adaptive signal timing in effect
EVT453113,2025-09-01 08:42:21,Concert,J012,Koramangala Sony World,5608,Weekday,False,Rain,True,8.1,False,False,1.0,Severe,10.3,67.6,238.2,0.106,0.244,0.864,Heavy rain reducing visibility and grip - reduced speed and longer buffer advised
EVT453114,2025-04-04 17:50:11,Trade Fair,J023,Basavanagudi,11556,Weekday,False,Clear,False,0.0,False,False,1.0,Severe,5.9,69.7,556.8,0.165,0.38,0.894,Heavy congestion detected - signal timing extended and reroute suggested
EVT453115,2026-03-27 16:17:52,Fireworks Display,J012,Koramangala Sony World,19614,Weekday,True,Clear,False,0.0,False,False,0.864,Severe,12.8,60.8,442.4,0.207,0.478,0.904,Festival crowd surge detected - alternate route and extended cycle recommended
EVT453116,2025-04-13 13:47:00,Political Rally,J031,Cubbon Road,8950,Weekend,False,Clear,False,0.0,False,False,0.391,Moderate,28.2,24.4,183.1,0.148,0.342,0.99,Moderate traffic flow - standard adaptive signal timing in effect
EVT453117,2025-08-06 08:56:47,Local Market Day,J031,Cubbon Road,5308,Weekday,False,Clear,False,0.0,False,False,0.967,Severe,9.1,69.8,449.8,0.176,0.407,0.935,Heavy congestion detected - signal timing extended and reroute suggested
EVT453118,2025-03-28 15:14:42,Concert,J011,Indiranagar 100ft Road,18177,Weekday,False,Clear,False,0.0,False,False,0.345,Low,29.0,25.4,249.8,0.208,0.479,0.947,Moderate traffic flow - standard adaptive signal timing in effect
EVT453119,2025-02-01 07:20:55,Local Market Day,J012,Koramangala Sony World,4997,Weekend,False,Clear,False,0.0,False,False,0.546,Moderate,26.8,43.4,132.3,0.103,0.239,0.973,Moderate traffic flow - standard adaptive signal timing in effect
EVT453120,2026-06-12 18:38:34,Local Market Day,J023,Basavanagudi,2204,Weekday,False,Clear,False,0.0,False,False,1.0,Severe,9.1,67.7,631.2,0.225,0.52,0.915,Heavy congestion detected - signal timing extended and reroute suggested
EVT453121,2025-06-21 19:57:39,Trade Fair,J011,Indiranagar 100ft Road,11972,Weekend,False,Clear,False,0.0,False,False,0.675,High,20.5,47.5,279.9,0.192,0.443,0.956,Moderate traffic flow - standard adaptive signal timing in effect
EVT453122,2025-08-06 21:28:26,Local Market Day,J011,Indiranagar 100ft Road,5249,Weekday,False,Rain,True,9.0,False,False,0.474,Moderate,23.8,38.5,163.1,0.107,0.248,0.899,Light rain detected - minor speed reduction advised
EVT453123,2025-12-06 09:29:32,Concert,J009,Majestic,14311,Weekend,False,Light Rain,True,2.4,False,False,0.88,Severe,10.9,57.2,467.9,0.214,0.495,0.898,Heavy rain reducing visibility and grip - reduced speed and longer buffer advised
EVT453124,2026-01-14 08:54:03,Religious Festival,J011,Indiranagar 100ft Road,41330,Weekday,True,Clear,False,0.0,False,True,1.0,Severe,7.7,97.7,507.1,0.179,0.414,0.831,Road closure for event/procession - full detour recommended for through-traffic
EVT453125,2025-10-06 07:42:47,Local Market Day,J011,Indiranagar 100ft Road,3349,Weekday,False,Clear,False,0.0,False,False,0.641,High,21.0,37.2,269.6,0.17,0.394,0.979,Moderate traffic flow - standard adaptive signal timing in effect
EVT453126,2025-04-27 21:56:44,Sports Fixture,J030,MG Road,36215,Weekend,False,Clear,False,0.0,False,False,0.447,Moderate,24.5,28.3,142.0,0.103,0.238,0.985,Moderate traffic flow - standard adaptive signal timing in effect
EVT453127,2026-04-29 21:26:43,Political Rally,J030,MG Road,13119,Weekday,False,Clear,False,0.0,False,False,0.375,Moderate,22.6,28.9,240.6,0.148,0.342,0.98,Moderate traffic flow - standard adaptive signal timing in effect
EVT453128,2026-05-06 11:39:13,Local Market Day,J009,Majestic,5830,Weekday,False,Clear,False,0.0,False,False,0.362,Moderate,30.1,28.3,198.7,0.154,0.357,0.971,Moderate traffic flow - standard adaptive signal timing in effect
EVT453129,2026-03-05 21:57:24,Religious Festival,J009,Majestic,37167,Weekday,True,Clear,False,0.0,False,True,0.832,High,13.0,83.8,387.1,0.185,0.426,0.87,Road closure for event/procession - full detour recommended for through-traffic
EVT453130,2026-03-11 11:10:18,Trade Fair,J009,Majestic,4222,Weekday,False,Clear,False,0.0,False,False,0.387,Moderate,29.1,28.1,177.8,0.125,0.288,0.968,Moderate traffic flow - standard adaptive signal timing in effect
EVT453131,2026-02-08 17:10:27,Local Market Day,J009,Majestic,3977,Weekend,False,Clear,False,0.0,False,False,0.723,High,22.1,51.7,354.6,0.261,0.603,0.946,Moderate traffic flow - standard adaptive signal timing in effect
EVT453132,2025-07-07 07:01:31,Concert,J012,Koramangala Sony World,13615,Weekday,False,Rain,True,15.2,False,False,0.695,High,18.9,49.4,299.2,0.186,0.43,0.906,Heavy rain reducing visibility and grip - reduced speed and longer buffer advised
EVT453133,2025-06-22 19:31:36,Political Rally,J031,Cubbon Road,11344,Weekend,False,Heavy Rain,True,55.1,False,False,1.0,Severe,8.5,69.7,461.3,0.161,0.371,0.879,Heavy rain reducing visibility and grip - reduced speed and longer buffer advised
EVT453134,2025-11-23 14:29:48,Local Market Day,J040,City Market,4160,Weekend,False,Clear,False,0.0,False,False,0.218,Low,34.3,17.4,132.3,0.118,0.272,0.951,Normal free-flow traffic - standard signal timing maintained
EVT453135,2025-01-16 17:14:04,Political Rally,J031,Cubbon Road,14995,Weekday,False,Clear,False,0.0,False,False,0.909,Severe,10.7,61.4,596.3,0.23,0.53,0.923,Heavy congestion detected - signal timing extended and reroute suggested
EVT453136,2025-11-02 02:06:06,Fireworks Display,J020,Malleshwaram Circle,16324,Weekend,True,Clear,False,0.0,True,False,0.908,Severe,12.1,65.1,457.5,0.208,0.48,0.701,Accident detected nearby - reroute and reduced speed advised
EVT453137,2026-04-16 12:35:25,Sports Fixture,J012,Koramangala Sony World,15275,Weekday,False,Clear,False,0.0,False,False,0.157,Low,29.8,16.0,254.6,0.165,0.382,0.957,Normal free-flow traffic - standard signal timing maintained
EVT453138,2025-05-16 17:28:12,Sports Fixture,J023,Basavanagudi,20400,Weekday,False,Clear,False,0.0,False,False,1.0,Severe,8.5,76.6,541.2,0.228,0.526,0.899,Heavy congestion detected - signal timing extended and reroute suggested
EVT453139,2025-05-03 12:40:10,Local Market Day,J011,Indiranagar 100ft Road,2963,Weekend,False,Clear,False,0.0,False,False,0.251,Low,36.3,17.8,87.9,0.088,0.203,0.976,Moderate traffic flow - standard adaptive signal timing in effect
EVT453140,2025-12-06 11:26:28,Local Market Day,J030,MG Road,3175,Weekend,False,Clear,False,0.0,False,False,0.421,Moderate,30.3,34.3,165.5,0.123,0.284,0.99,Moderate traffic flow - standard adaptive signal timing in effect
EVT453141,2026-06-29 13:07:30,Sports Fixture,J012,Koramangala Sony World,26733,Weekday,False,Clear,False,0.0,False,False,0.318,Low,34.2,23.1,104.5,0.093,0.216,0.988,Moderate traffic flow - standard adaptive signal timing in effect
EVT453142,2025-09-26 20:24:25,Local Market Day,J020,Malleshwaram Circle,2889,Weekday,False,Heavy Rain,True,53.6,False,False,0.975,Severe,8.5,67.7,380.5,0.127,0.294,0.865,Heavy rain reducing visibility and grip - reduced speed and longer buffer advised
EVT453143,2025-09-26 17:31:21,Local Market Day,J023,Basavanagudi,5062,Weekday,False,Clear,False,0.0,False,False,0.853,Severe,12.2,56.5,322.2,0.163,0.376,0.93,Heavy congestion detected - signal timing extended and reroute suggested
EVT453144,2026-05-10 21:46:49,Local Market Day,J023,Basavanagudi,4290,Weekend,False,Rain,True,16.5,False,False,0.557,High,21.1,35.6,242.7,0.171,0.396,0.936,Heavy rain reducing visibility and grip - reduced speed and longer buffer advised
EVT453145,2025-02-01 08:43:22,Local Market Day,J031,Cubbon Road,1869,Weekend,False,Clear,False,0.0,False,False,0.83,Severe,13.3,60.8,327.5,0.143,0.331,0.939,Heavy congestion detected - signal timing extended and reroute suggested
EVT453146,2026-05-17 20:54:56,Political Rally,J020,Malleshwaram Circle,26995,Weekend,False,Rain,True,9.1,False,False,0.657,High,19.9,52.3,247.5,0.145,0.335,0.898,Heavy rain reducing visibility and grip - reduced speed and longer buffer advised
EVT453147,2026-01-27 08:24:34,Religious Festival,J031,Cubbon Road,64577,Weekday,True,Clear,False,0.0,False,True,1.0,Severe,9.2,102.3,391.1,0.151,0.349,0.824,Road closure for event/procession - full detour recommended for through-traffic
EVT453148,2025-09-25 06:13:03,Local Market Day,J020,Malleshwaram Circle,6624,Weekday,False,Clear,False,0.0,False,False,0.392,Moderate,30.0,29.4,177.7,0.153,0.352,0.949,Moderate traffic flow - standard adaptive signal timing in effect
EVT453149,2025-07-27 18:46:59,Local Market Day,J040,City Market,3206,Weekend,False,Heavy Rain,True,26.1,False,False,1.0,Severe,7.4,76.7,233.9,0.071,0.164,0.87,Heavy rain reducing visibility and grip - reduced speed and longer buffer advised
EVT453150,2025-05-01 16:31:00,Religious Festival,J011,Indiranagar 100ft Road,39826,Weekday,True,Light Rain,True,7.2,False,True,1.0,Severe,8.8,101.0,615.3,0.229,0.529,0.789,Road closure for event/procession - full detour recommended for through-traffic
EVT453151,2026-01-24 05:33:49,Local Market Day,J012,Koramangala Sony World,3184,Weekend,False,Clear,False,0.0,False,False,0.347,Low,30.2,22.4,188.6,0.161,0.373,0.98,Moderate traffic flow - standard adaptive signal timing in effect
EVT453152,2025-02-19 14:23:08,Sports Fixture,J009,Majestic,34421,Weekday,False,Clear,False,0.0,False,False,0.426,Moderate,24.2,24.2,161.2,0.111,0.257,0.987,Moderate traffic flow - standard adaptive signal timing in effect
EVT453153,2025-01-27 13:28:40,Religious Festival,J030,MG Road,31017,Weekday,True,Clear,False,0.0,False,True,0.711,High,18.6,63.3,363.9,0.216,0.5,0.877,Road closure for event/procession - full detour recommended for through-traffic
EVT453154,2025-04-18 14:26:57,Local Market Day,J040,City Market,4456,Weekday,False,Clear,False,0.0,False,False,0.254,Low,30.5,16.4,184.4,0.144,0.332,0.99,Moderate traffic flow - standard adaptive signal timing in effect
EVT453155,2026-03-09 10:40:54,Sports Fixture,J030,MG Road,26323,Weekday,False,Clear,False,0.0,False,False,0.63,High,21.8,47.3,234.0,0.165,0.38,0.98,Moderate traffic flow - standard adaptive signal timing in effect
EVT453156,2026-04-29 17:04:46,Political Rally,J040,City Market,16291,Weekday,False,Clear,False,0.0,False,False,0.714,High,17.6,50.5,229.6,0.142,0.328,0.953,Moderate traffic flow - standard adaptive signal timing in effect
EVT453157,2025-03-05 08:12:07,Concert,J031,Cubbon Road,19655,Weekday,False,Clear,False,0.0,False,False,0.983,Severe,9.4,69.2,183.2,0.077,0.179,0.921,Heavy congestion detected - signal timing extended and reroute suggested
EVT453158,2025-10-03 20:36:49,Cultural Procession,J030,MG Road,22644,Weekday,True,Clear,False,0.0,False,False,0.946,Severe,11.2,67.1,507.9,0.24,0.554,0.862,Festival crowd surge detected - alternate route and extended cycle recommended
EVT453159,2025-01-25 18:38:24,Trade Fair,J023,Basavanagudi,10208,Weekend,False,Clear,False,0.0,False,False,0.925,Severe,10.2,68.8,403.7,0.176,0.406,0.951,Heavy congestion detected - signal timing extended and reroute suggested
EVT453160,2026-03-28 11:23:23,Sports Fixture,J011,Indiranagar 100ft Road,17192,Weekend,False,Light Rain,True,1.7,False,False,0.496,Moderate,30.3,32.0,117.3,0.084,0.194,0.917,Light rain detected - minor speed reduction advised
EVT453161,2026-01-29 15:11:39,Concert,J020,Malleshwaram Circle,15883,Weekday,False,Clear,False,0.0,False,False,0.341,Low,26.2,25.8,231.9,0.183,0.424,0.958,Moderate traffic flow - standard adaptive signal timing in effect
EVT453162,2025-08-17 16:17:37,Sports Fixture,J020,Malleshwaram Circle,32995,Weekend,False,Clear,False,0.0,False,False,0.693,High,20.4,47.5,412.9,0.272,0.629,0.983,Moderate traffic flow - standard adaptive signal timing in effect
EVT453163,2025-03-15 21:04:47,Fireworks Display,J030,MG Road,15778,Weekend,True,Clear,False,0.0,False,False,0.748,High,16.1,59.8,180.1,0.102,0.235,0.937,Festival crowd surge detected - alternate route and extended cycle recommended
EVT453164,2026-01-18 08:18:59,Sports Fixture,J040,City Market,25203,Weekend,False,Clear,False,0.0,False,False,0.92,Severe,11.9,65.4,275.1,0.105,0.243,0.93,Heavy congestion detected - signal timing extended and reroute suggested
EVT453165,2026-04-06 12:12:51,Political Rally,J011,Indiranagar 100ft Road,8893,Weekday,False,Light Rain,True,2.1,False,False,0.233,Low,35.2,20.8,139.7,0.15,0.346,0.894,Light rain detected - minor speed reduction advised
EVT453166,2025-02-03 21:31:04,Sports Fixture,J040,City Market,19532,Weekday,False,Clear,False,0.0,False,False,0.392,Moderate,34.8,33.4,96.8,0.076,0.176,0.99,Moderate traffic flow - standard adaptive signal timing in effect
EVT453167,2026-02-09 09:46:07,Concert,J009,Majestic,11563,Weekday,False,Clear,False,0.0,False,False,0.956,Severe,10.4,63.3,518.1,0.199,0.459,0.923,Heavy congestion detected - signal timing extended and reroute suggested
EVT453168,2025-06-19 03:54:51,Trade Fair,J023,Basavanagudi,9236,Weekday,False,Clear,False,0.0,False,False,0.263,Low,34.0,13.0,129.9,0.116,0.269,0.963,Moderate traffic flow - standard adaptive signal timing in effect
EVT453169,2025-11-22 06:31:49,Sports Fixture,J030,MG Road,28833,Weekend,False,Clear,False,0.0,False,False,0.512,Moderate,26.5,35.5,150.7,0.121,0.28,0.952,Moderate traffic flow - standard adaptive signal timing in effect
EVT453170,2025-01-30 11:14:23,Local Market Day,J023,Basavanagudi,3943,Weekday,False,Clear,False,0.0,False,False,0.36,Moderate,25.0,21.6,126.5,0.087,0.2,0.957,Moderate traffic flow - standard adaptive signal timing in effect
EVT453171,2026-02-23 11:00:09,Local Market Day,J040,City Market,3830,Weekday,False,Clear,False,0.0,False,False,0.425,Moderate,31.8,33.9,228.2,0.211,0.488,0.942,Moderate traffic flow - standard adaptive signal timing in effect
EVT453172,2025-01-08 08:56:06,Concert,J009,Majestic,14143,Weekday,False,Clear,False,0.0,False,False,1.0,Severe,7.8,73.9,678.2,0.218,0.503,0.919,Heavy congestion detected - signal timing extended and reroute suggested
EVT453173,2025-12-18 18:57:01,Local Market Day,J020,Malleshwaram Circle,6465,Weekday,False,Clear,False,0.0,False,False,0.986,Severe,8.4,73.8,767.5,0.275,0.636,0.921,Heavy congestion detected - signal timing extended and reroute suggested
EVT453174,2026-04-27 10:51:01,Political Rally,J030,MG Road,10353,Weekday,False,Clear,False,0.0,False,False,0.494,Moderate,21.0,34.7,280.7,0.173,0.399,0.963,Moderate traffic flow - standard adaptive signal timing in effect
EVT453175,2025-09-14 04:47:56,Trade Fair,J023,Basavanagudi,14226,Weekend,False,Heavy Rain,True,39.0,False,False,0.677,High,16.3,53.3,303.6,0.158,0.365,0.875,Heavy rain reducing visibility and grip - reduced speed and longer buffer advised
EVT453176,2026-05-25 16:05:30,Trade Fair,J020,Malleshwaram Circle,7910,Weekday,False,Clear,False,0.0,False,False,0.503,Moderate,26.8,35.1,158.2,0.13,0.3,0.941,Moderate traffic flow - standard adaptive signal timing in effect
EVT453177,2025-12-09 13:52:03,Sports Fixture,J030,MG Road,36088,Weekday,False,Clear,False,0.0,False,False,0.441,Moderate,27.3,31.5,146.5,0.123,0.284,0.975,Moderate traffic flow - standard adaptive signal timing in effect
EVT453178,2025-01-11 04:35:45,Political Rally,J020,Malleshwaram Circle,8787,Weekend,False,Clear,False,0.0,True,False,0.657,High,22.3,42.7,220.4,0.161,0.372,0.851,Accident detected nearby - reroute and reduced speed advised
EVT453179,2025-02-25 17:15:05,Trade Fair,J031,Cubbon Road,11241,Weekday,False,Clear,False,0.0,False,False,0.835,Severe,15.5,54.6,350.2,0.223,0.516,0.949,Heavy congestion detected - signal timing extended and reroute suggested
EVT453180,2025-01-08 16:32:51,Concert,J009,Majestic,11885,Weekday,False,Clear,False,0.0,False,False,0.656,High,24.1,46.2,270.1,0.19,0.438,0.977,Moderate traffic flow - standard adaptive signal timing in effect
EVT453181,2025-06-11 08:01:56,Sports Fixture,J023,Basavanagudi,20254,Weekday,False,Rain,True,8.5,False,False,1.0,Severe,8.3,73.2,477.2,0.166,0.383,0.864,Heavy rain reducing visibility and grip - reduced speed and longer buffer advised
EVT453182,2026-06-24 11:45:51,Local Market Day,J040,City Market,5211,Weekday,False,Clear,False,0.0,False,False,0.267,Low,28.3,18.5,145.1,0.102,0.235,0.989,Moderate traffic flow - standard adaptive signal timing in effect
EVT453183,2025-02-04 08:01:33,Sports Fixture,J009,Majestic,17327,Weekday,False,Clear,False,0.0,False,False,0.897,Severe,12.4,75.7,489.5,0.227,0.524,0.94,Heavy congestion detected - signal timing extended and reroute suggested
EVT453184,2026-02-08 06:01:04,Sports Fixture,J030,MG Road,28296,Weekend,False,Clear,False,0.0,False,False,0.39,Moderate,32.3,28.4,164.0,0.137,0.316,0.984,Moderate traffic flow - standard adaptive signal timing in effect
EVT453185,2026-05-28 12:32:43,Sports Fixture,J030,MG Road,15727,Weekday,False,Clear,False,0.0,False,False,0.21,Low,36.4,12.1,175.1,0.161,0.372,0.953,Normal free-flow traffic - standard signal timing maintained
EVT453186,2026-01-13 11:51:05,Local Market Day,J020,Malleshwaram Circle,3173,Weekday,False,Clear,False,0.0,False,False,0.215,Low,32.2,12.9,170.1,0.133,0.308,0.953,Normal free-flow traffic - standard signal timing maintained
EVT453187,2025-09-10 19:47:06,Local Market Day,J023,Basavanagudi,9553,Weekday,False,Clear,False,0.0,False,False,0.816,Severe,16.9,64.5,396.6,0.226,0.523,0.936,Heavy congestion detected - signal timing extended and reroute suggested
EVT453188,2025-10-30 19:18:37,Concert,J023,Basavanagudi,10584,Weekday,False,Clear,False,0.0,False,False,0.923,Severe,10.0,73.8,412.6,0.175,0.405,0.936,Heavy congestion detected - signal timing extended and reroute suggested
EVT453189,2025-10-08 13:42:03,Trade Fair,J012,Koramangala Sony World,9330,Weekday,False,Heavy Rain,True,27.7,False,False,0.514,Moderate,26.4,32.9,250.8,0.184,0.426,0.902,Light rain detected - minor speed reduction advised
EVT453190,2025-04-20 00:35:49,Local Market Day,J012,Koramangala Sony World,3086,Weekend,False,Clear,False,0.0,False,False,0.183,Low,42.8,11.9,134.7,0.136,0.315,0.966,Normal free-flow traffic - standard signal timing maintained
EVT453191,2025-09-24 18:32:43,Trade Fair,J012,Koramangala Sony World,5418,Weekday,False,Rain,True,12.2,False,False,1.0,Severe,9.1,71.7,497.5,0.175,0.405,0.888,Heavy rain reducing visibility and grip - reduced speed and longer buffer advised
EVT453192,2025-07-04 09:48:04,Trade Fair,J031,Cubbon Road,9242,Weekday,False,Heavy Rain,True,44.6,False,False,1.0,Severe,8.7,75.6,486.9,0.166,0.383,0.883,Heavy rain reducing visibility and grip - reduced speed and longer buffer advised
EVT453193,2025-08-26 22:59:46,Trade Fair,J020,Malleshwaram Circle,9080,Weekday,False,Rain,True,24.5,False,False,0.507,Moderate,25.3,40.9,206.6,0.154,0.355,0.919,Light rain detected - minor speed reduction advised
EVT453194,2026-01-10 08:41:17,Trade Fair,J031,Cubbon Road,9247,Weekend,False,Clear,False,0.0,False,False,0.829,Severe,11.7,63.8,554.9,0.255,0.589,0.936,Heavy congestion detected - signal timing extended and reroute suggested
EVT453195,2025-09-10 14:27:33,Concert,J031,Cubbon Road,10387,Weekday,False,Clear,False,0.0,False,False,0.213,Low,35.9,10.9,137.7,0.129,0.299,0.963,Normal free-flow traffic - standard signal timing maintained
EVT453196,2025-03-08 14:55:50,Concert,J023,Basavanagudi,7745,Weekend,False,Clear,False,0.0,False,False,0.318,Low,29.4,22.7,112.9,0.091,0.21,0.954,Moderate traffic flow - standard adaptive signal timing in effect
EVT453197,2025-10-18 17:35:10,Sports Fixture,J012,Koramangala Sony World,25312,Weekend,False,Heavy Rain,True,49.3,False,False,1.0,Severe,6.9,65.4,748.1,0.229,0.529,0.896,Heavy rain reducing visibility and grip - reduced speed and longer buffer advised
EVT453198,2025-07-13 11:46:35,Political Rally,J009,Majestic,15315,Weekend,False,Heavy Rain,True,42.8,False,False,0.735,High,18.3,52.8,310.5,0.176,0.408,0.929,Heavy rain reducing visibility and grip - reduced speed and longer buffer advised
EVT453199,2025-09-20 11:10:47,Political Rally,J011,Indiranagar 100ft Road,11888,Weekend,False,Rain,True,17.8,False,False,0.656,High,22.9,43.1,238.1,0.174,0.401,0.894,Heavy rain reducing visibility and grip - reduced speed and longer buffer advised
EVT453200,2025-01-14 17:13:28,Cultural Procession,J020,Malleshwaram Circle,24207,Weekday,True,Clear,False,0.0,False,False,1.0,Severe,7.1,68.6,563.3,0.156,0.361,0.859,Festival crowd surge detected - alternate route and extended cycle recommended
EVT453201,2025-06-13 16:56:42,Local Market Day,J023,Basavanagudi,3953,Weekday,False,Clear,False,0.0,False,False,0.663,High,16.3,51.1,250.6,0.139,0.322,0.97,Moderate traffic flow - standard adaptive signal timing in effect
EVT453202,2025-12-30 12:42:35,Local Market Day,J030,MG Road,6866,Weekday,False,Clear,False,0.0,False,False,0.208,Low,33.7,12.0,42.6,0.028,0.064,0.951,Normal free-flow traffic - standard signal timing maintained
EVT453203,2025-12-14 13:18:14,Concert,J023,Basavanagudi,15276,Weekend,False,Clear,False,0.0,False,False,0.334,Low,28.3,23.9,132.3,0.099,0.228,0.962,Moderate traffic flow - standard adaptive signal timing in effect
EVT453204,2026-04-25 13:09:38,Sports Fixture,J023,Basavanagudi,22162,Weekend,False,Clear,False,0.0,False,False,0.339,Low,21.5,22.1,202.3,0.103,0.238,0.96,Moderate traffic flow - standard adaptive signal timing in effect
EVT453205,2025-05-02 12:27:11,Religious Festival,J031,Cubbon Road,54221,Weekday,True,Clear,False,0.0,False,True,0.89,High,14.3,83.9,345.7,0.21,0.486,0.826,Road closure for event/procession - full detour recommended for through-traffic
EVT453206,2025-07-23 16:23:53,Local Market Day,J030,MG Road,3083,Weekday,False,Clear,False,0.0,False,False,0.555,High,19.5,35.9,128.5,0.082,0.19,0.987,Moderate traffic flow - standard adaptive signal timing in effect
EVT453207,2025-03-14 15:17:20,Cultural Procession,J011,Indiranagar 100ft Road,21077,Weekday,True,Clear,False,0.0,False,True,0.704,High,17.8,72.7,254.1,0.143,0.33,0.879,Road closure for event/procession - full detour recommended for through-traffic
EVT453208,2025-06-09 07:27:44,Sports Fixture,J040,City Market,28915,Weekday,False,Rain,True,22.9,False,False,1.0,Severe,8.0,74.1,708.9,0.247,0.571,0.859,Heavy rain reducing visibility and grip - reduced speed and longer buffer advised
EVT453209,2025-12-07 15:40:30,Concert,J020,Malleshwaram Circle,13774,Weekend,False,Clear,False,0.0,False,False,0.449,Moderate,25.5,36.0,194.8,0.135,0.312,0.947,Moderate traffic flow - standard adaptive signal timing in effect
EVT453210,2025-09-10 09:33:40,Sports Fixture,J011,Indiranagar 100ft Road,22308,Weekday,False,Clear,False,0.0,False,False,1.0,Severe,7.9,76.4,732.1,0.236,0.545,0.88,Heavy congestion detected - signal timing extended and reroute suggested
EVT453211,2025-04-13 08:02:39,Local Market Day,J009,Majestic,2983,Weekend,False,Light Rain,True,7.1,False,False,0.751,Severe,18.2,54.4,238.6,0.155,0.357,0.907,Heavy rain reducing visibility and grip - reduced speed and longer buffer advised
EVT453212,2025-02-09 07:42:31,Political Rally,J031,Cubbon Road,10803,Weekend,False,Clear,False,0.0,False,False,0.691,High,17.7,56.3,337.8,0.2,0.462,0.951,Moderate traffic flow - standard adaptive signal timing in effect
EVT453213,2025-08-16 19:46:57,Religious Festival,J040,City Market,35453,Weekend,True,Clear,False,0.0,False,False,1.0,Severe,7.3,75.8,424.4,0.149,0.344,0.863,Festival crowd surge detected - alternate route and extended cycle recommended
EVT453214,2025-05-21 19:12:07,Trade Fair,J040,City Market,15810,Weekday,False,Clear,False,0.0,False,False,0.923,Severe,9.0,66.6,635.3,0.198,0.457,0.922,Heavy congestion detected - signal timing extended and reroute suggested
EVT453215,2025-06-11 10:53:37,Local Market Day,J040,City Market,5597,Weekday,False,Clear,False,0.0,False,False,0.54,Moderate,22.5,33.7,208.9,0.142,0.328,0.937,Moderate traffic flow - standard adaptive signal timing in effect
EVT453216,2025-07-28 19:33:43,Local Market Day,J031,Cubbon Road,3824,Weekday,False,Heavy Rain,True,32.8,False,False,1.0,Severe,7.1,64.8,664.5,0.198,0.457,0.831,Heavy rain reducing visibility and grip - reduced speed and longer buffer advised
EVT453217,2025-07-31 17:18:28,Concert,J020,Malleshwaram Circle,8794,Weekday,False,Rain,True,7.8,False,False,0.966,Severe,10.8,68.1,562.5,0.246,0.568,0.878,Heavy rain reducing visibility and grip - reduced speed and longer buffer advised
EVT453218,2025-08-13 11:33:37,Local Market Day,J040,City Market,2246,Weekday,False,Clear,False,0.0,False,False,0.285,Low,31.8,17.5,231.1,0.185,0.427,0.929,Moderate traffic flow - standard adaptive signal timing in effect
EVT453219,2026-06-26 14:14:45,Trade Fair,J031,Cubbon Road,4487,Weekday,False,Clear,False,0.0,False,False,0.253,Low,30.6,11.4,130.5,0.114,0.262,0.959,Moderate traffic flow - standard adaptive signal timing in effect
EVT453220,2025-01-31 18:02:07,Trade Fair,J009,Majestic,7812,Weekday,False,Clear,False,0.0,False,False,1.0,Severe,8.6,72.0,593.5,0.208,0.481,0.927,Heavy congestion detected - signal timing extended and reroute suggested
EVT453221,2026-05-13 10:01:21,Sports Fixture,J031,Cubbon Road,11637,Weekday,False,Clear,False,0.0,False,False,0.891,Severe,13.2,67.4,361.0,0.189,0.436,0.935,Heavy congestion detected - signal timing extended and reroute suggested
EVT453222,2026-05-20 08:40:22,Concert,J009,Majestic,6949,Weekday,False,Clear,False,0.0,False,False,1.0,Severe,8.6,74.7,631.4,0.219,0.505,0.91,Heavy congestion detected - signal timing extended and reroute suggested
EVT453223,2025-05-27 06:59:42,Trade Fair,J030,MG Road,14646,Weekday,False,Clear,False,0.0,False,False,0.511,Moderate,24.4,34.8,165.4,0.119,0.274,0.963,Moderate traffic flow - standard adaptive signal timing in effect
EVT453224,2026-01-03 16:38:58,Political Rally,J012,Koramangala Sony World,18377,Weekend,False,Clear,False,0.0,False,False,0.611,High,20.7,46.1,318.3,0.201,0.464,0.944,Moderate traffic flow - standard adaptive signal timing in effect
EVT453225,2025-09-01 20:06:10,Political Rally,J023,Basavanagudi,24442,Weekday,False,Heavy Rain,True,34.0,False,False,1.0,Severe,9.6,79.3,382.3,0.156,0.361,0.848,Heavy rain reducing visibility and grip - reduced speed and longer buffer advised
EVT453226,2025-06-11 07:40:03,Sports Fixture,J030,MG Road,21618,Weekday,False,Heavy Rain,True,53.6,False,False,1.0,Severe,7.9,62.8,494.2,0.163,0.378,0.84,Heavy rain reducing visibility and grip - reduced speed and longer buffer advised
EVT453227,2025-06-11 08:13:32,Sports Fixture,J009,Majestic,15595,Weekday,False,Clear,False,0.0,False,False,0.984,Severe,8.1,71.2,718.4,0.223,0.514,0.913,Heavy congestion detected - signal timing extended and reroute suggested
EVT453228,2025-02-12 20:18:49,Trade Fair,J009,Majestic,9191,Weekday,False,Clear,False,0.0,False,False,0.664,High,16.6,49.2,287.8,0.165,0.38,0.95,Moderate traffic flow - standard adaptive signal timing in effect
EVT453229,2025-04-01 17:43:12,Concert,J012,Koramangala Sony World,10899,Weekday,False,Clear,False,0.0,False,False,0.98,Severe,10.1,66.0,398.8,0.159,0.368,0.927,Heavy congestion detected - signal timing extended and reroute suggested
EVT453230,2025-02-02 17:16:55,Local Market Day,J040,City Market,5575,Weekend,False,Clear,False,0.0,False,False,0.763,Severe,16.1,54.2,357.0,0.22,0.508,0.967,Heavy congestion detected - signal timing extended and reroute suggested
EVT453231,2025-12-15 18:17:42,Trade Fair,J011,Indiranagar 100ft Road,11065,Weekday,False,Light Rain,True,6.3,False,False,1.0,Severe,11.1,71.4,422.8,0.176,0.407,0.867,Heavy rain reducing visibility and grip - reduced speed and longer buffer advised
EVT453232,2026-03-22 13:10:35,Sports Fixture,J009,Majestic,26705,Weekend,False,Clear,False,0.0,False,False,0.367,Moderate,30.2,27.3,227.9,0.185,0.426,0.944,Moderate traffic flow - standard adaptive signal timing in effect
EVT453233,2025-01-21 16:12:37,Local Market Day,J012,Koramangala Sony World,3633,Weekday,False,Clear,False,0.0,False,False,0.515,Moderate,27.1,34.2,265.6,0.196,0.452,0.959,Moderate traffic flow - standard adaptive signal timing in effect
EVT453234,2025-05-15 18:37:12,Local Market Day,J030,MG Road,3994,Weekday,False,Rain,True,23.7,False,False,1.0,Severe,8.4,74.3,206.7,0.095,0.219,0.882,Heavy rain reducing visibility and grip - reduced speed and longer buffer advised
EVT453235,2025-05-31 19:40:32,Sports Fixture,J009,Majestic,44465,Weekend,False,Clear,False,0.0,False,False,0.969,Severe,9.2,67.5,402.0,0.158,0.366,0.905,Heavy congestion detected - signal timing extended and reroute suggested
EVT453236,2025-06-10 09:02:32,Sports Fixture,J020,Malleshwaram Circle,22278,Weekday,False,Clear,False,0.0,False,False,1.0,Severe,7.1,76.1,506.0,0.143,0.329,0.92,Heavy congestion detected - signal timing extended and reroute suggested
EVT453237,2025-03-02 15:51:44,Local Market Day,J011,Indiranagar 100ft Road,5784,Weekend,False,Clear,False,0.0,False,False,0.431,Moderate,18.6,27.7,223.7,0.117,0.27,0.957,Moderate traffic flow - standard adaptive signal timing in effect
EVT453238,2025-02-13 06:25:52,Concert,J040,City Market,13175,Weekday,False,Clear,False,0.0,False,False,0.298,Low,29.2,24.2,142.4,0.113,0.262,0.942,Moderate traffic flow - standard adaptive signal timing in effect
EVT453239,2026-04-13 20:07:31,Local Market Day,J023,Basavanagudi,5405,Weekday,False,Clear,False,0.0,False,False,0.645,High,20.4,51.6,278.6,0.16,0.371,0.953,Moderate traffic flow - standard adaptive signal timing in effect
EVT453240,2025-02-06 12:01:39,Concert,J012,Koramangala Sony World,9116,Weekday,False,Clear,False,0.0,False,False,0.272,Low,31.2,17.8,214.6,0.176,0.407,0.972,Moderate traffic flow - standard adaptive signal timing in effect
EVT453241,2025-05-02 14:10:22,Religious Festival,J030,MG Road,68172,Weekday,True,Clear,False,0.0,False,True,0.907,Severe,10.3,94.0,636.4,0.252,0.582,0.848,Road closure for event/procession - full detour recommended for through-traffic
EVT453242,2025-09-16 07:01:29,Trade Fair,J009,Majestic,6323,Weekday,False,Light Rain,True,6.4,False,False,0.478,Moderate,24.4,35.0,193.0,0.169,0.389,0.914,Light rain detected - minor speed reduction advised
EVT453243,2025-02-23 13:13:07,Concert,J040,City Market,13994,Weekend,False,Fog,False,0.0,False,False,0.286,Low,32.7,15.3,122.6,0.112,0.259,0.958,Moderate traffic flow - standard adaptive signal timing in effect
EVT453244,2025-01-07 19:45:20,Trade Fair,J009,Majestic,8075,Weekday,False,Clear,False,0.0,False,False,0.768,Severe,19.2,62.4,195.9,0.135,0.312,0.966,Heavy congestion detected - signal timing extended and reroute suggested
EVT453245,2025-09-04 08:47:51,Local Market Day,J030,MG Road,4961,Weekday,False,Clear,False,0.0,False,False,0.972,Severe,10.2,70.9,199.5,0.09,0.209,0.92,Heavy congestion detected - signal timing extended and reroute suggested
EVT453246,2026-04-25 08:21:28,Sports Fixture,J020,Malleshwaram Circle,14764,Weekend,False,Clear,False,0.0,False,False,0.818,Severe,11.5,64.7,286.6,0.136,0.313,0.935,Heavy congestion detected - signal timing extended and reroute suggested
EVT453247,2025-06-09 06:37:30,Concert,J031,Cubbon Road,10114,Weekday,False,Fog,False,0.0,False,False,0.331,Low,23.8,26.8,215.5,0.139,0.322,0.963,Moderate traffic flow - standard adaptive signal timing in effect
EVT453248,2025-02-24 18:08:22,Trade Fair,J020,Malleshwaram Circle,7189,Weekday,False,Clear,False,0.0,False,False,0.988,Severe,10.3,66.4,445.9,0.198,0.458,0.914,Heavy congestion detected - signal timing extended and reroute suggested
EVT453249,2025-01-18 16:20:55,Local Market Day,J011,Indiranagar 100ft Road,2353,Weekend,False,Clear,False,0.0,False,False,0.486,Moderate,24.1,33.3,238.7,0.175,0.404,0.973,Moderate traffic flow - standard adaptive signal timing in effect
EVT453250,2026-04-13 10:53:34,Local Market Day,J023,Basavanagudi,6095,Weekday,False,Clear,False,0.0,False,False,0.495,Moderate,30.0,30.3,116.1,0.107,0.247,0.976,Moderate traffic flow - standard adaptive signal timing in effect
EVT453251,2025-01-06 13:28:05,Local Market Day,J012,Koramangala Sony World,2541,Weekday,False,Fog,False,0.0,False,False,0.139,Low,41.5,16.3,96.9,0.081,0.188,0.989,Normal free-flow traffic - standard signal timing maintained
EVT453252,2025-06-07 18:16:32,Local Market Day,J009,Majestic,3355,Weekend,False,Heavy Rain,True,26.0,False,False,1.0,Severe,8.9,66.7,694.0,0.241,0.557,0.868,Heavy rain reducing visibility and grip - reduced speed and longer buffer advised
EVT453253,2025-02-12 16:54:58,Local Market Day,J023,Basavanagudi,6267,Weekday,False,Clear,False,0.0,False,False,0.732,High,21.8,56.2,266.7,0.207,0.479,0.945,Moderate traffic flow - standard adaptive signal timing in effect
EVT453254,2026-04-23 18:04:16,Sports Fixture,J011,Indiranagar 100ft Road,16716,Weekday,False,Clear,False,0.0,False,False,1.0,Severe,9.4,70.2,385.8,0.171,0.395,0.945,Heavy congestion detected - signal timing extended and reroute suggested
EVT453255,2025-11-18 09:53:17,Sports Fixture,J009,Majestic,22503,Weekday,False,Light Rain,True,5.1,False,False,1.0,Severe,8.9,74.0,486.4,0.162,0.374,0.876,Heavy rain reducing visibility and grip - reduced speed and longer buffer advised
EVT453256,2025-09-21 19:55:43,Trade Fair,J020,Malleshwaram Circle,5831,Weekend,False,Rain,True,23.1,False,False,0.886,Severe,11.2,61.9,645.3,0.26,0.6,0.878,Heavy rain reducing visibility and grip - reduced speed and longer buffer advised
EVT453257,2026-02-25 09:25:08,Political Rally,J009,Majestic,9905,Weekday,False,Clear,False,0.0,False,False,1.0,Severe,8.8,72.4,402.8,0.145,0.336,0.935,Heavy congestion detected - signal timing extended and reroute suggested
EVT453258,2026-02-28 08:53:57,Political Rally,J012,Koramangala Sony World,18744,Weekend,False,Clear,False,0.0,False,False,0.933,Severe,10.1,68.1,405.0,0.179,0.414,0.933,Heavy congestion detected - signal timing extended and reroute suggested
EVT453259,2025-12-30 15:28:26,Political Rally,J031,Cubbon Road,12030,Weekday,False,Clear,False,0.0,False,False,0.352,Moderate,33.0,24.5,107.2,0.106,0.246,0.976,Moderate traffic flow - standard adaptive signal timing in effect
EVT453260,2025-10-17 14:44:53,Sports Fixture,J031,Cubbon Road,53934,Weekday,False,Clear,False,0.0,False,False,0.61,High,19.4,41.5,218.4,0.12,0.278,0.959,Moderate traffic flow - standard adaptive signal timing in effect
EVT453261,2025-10-03 14:41:03,Cultural Procession,J009,Majestic,15330,Weekday,True,Rain,True,15.0,False,True,0.852,High,13.2,83.6,555.3,0.262,0.604,0.813,Road closure for event/procession - full detour recommended for through-traffic
EVT453262,2025-04-18 11:00:31,Concert,J030,MG Road,18812,Weekday,False,Clear,False,0.0,False,False,0.572,High,23.1,39.4,203.8,0.151,0.349,0.965,Moderate traffic flow - standard adaptive signal timing in effect
EVT453263,2025-08-31 18:36:14,Sports Fixture,J023,Basavanagudi,33035,Weekend,False,Rain,True,10.9,False,False,1.0,Severe,7.9,72.6,563.0,0.201,0.464,0.842,Heavy rain reducing visibility and grip - reduced speed and longer buffer advised
EVT453264,2025-07-06 13:42:03,Trade Fair,J011,Indiranagar 100ft Road,6560,Weekend,False,Rain,True,11.2,False,False,0.385,Moderate,29.5,27.6,214.5,0.168,0.389,0.915,Light rain detected - minor speed reduction advised
EVT453265,2025-02-03 15:34:30,Local Market Day,J023,Basavanagudi,4525,Weekday,False,Clear,False,0.0,False,False,0.305,Low,31.4,19.5,195.9,0.169,0.39,0.958,Moderate traffic flow - standard adaptive signal timing in effect
EVT453266,2026-01-12 17:40:20,Concert,J009,Majestic,16527,Weekday,False,Clear,False,0.0,False,False,1.0,Severe,8.9,74.3,196.7,0.094,0.216,0.91,Heavy congestion detected - signal timing extended and reroute suggested
EVT453267,2026-04-14 07:51:43,Religious Festival,J023,Basavanagudi,64202,Weekday,True,Clear,False,0.0,False,True,1.0,Severe,8.4,98.1,294.6,0.106,0.246,0.816,Road closure for event/procession - full detour recommended for through-traffic
EVT453268,2025-05-06 17:09:03,Sports Fixture,J040,City Market,46573,Weekday,False,Light Rain,True,3.0,False,False,1.0,Severe,7.1,75.4,772.8,0.249,0.575,0.878,Heavy rain reducing visibility and grip - reduced speed and longer buffer advised
EVT453269,2025-03-10 09:40:58,Sports Fixture,J009,Majestic,16010,Weekday,False,Clear,False,0.0,False,False,1.0,Severe,8.4,62.5,537.0,0.192,0.443,0.892,Heavy congestion detected - signal timing extended and reroute suggested
EVT453270,2025-07-16 18:12:44,Local Market Day,J011,Indiranagar 100ft Road,6958,Weekday,False,Clear,False,0.0,False,False,1.0,Severe,7.5,76.8,648.2,0.199,0.46,0.924,Heavy congestion detected - signal timing extended and reroute suggested
EVT453271,2025-03-13 18:52:22,Political Rally,J030,MG Road,34895,Weekday,False,Clear,False,0.0,False,False,1.0,Severe,10.1,75.2,334.5,0.151,0.35,0.92,Heavy congestion detected - signal timing extended and reroute suggested
EVT453272,2026-02-19 14:33:34,Local Market Day,J009,Majestic,4607,Weekday,False,Clear,False,0.0,False,False,0.225,Low,36.4,17.2,139.6,0.136,0.314,0.98,Normal free-flow traffic - standard signal timing maintained
EVT453273,2025-12-24 11:43:47,Political Rally,J023,Basavanagudi,14762,Weekday,False,Clear,False,0.0,False,False,0.322,Low,29.9,26.4,170.7,0.152,0.351,0.95,Moderate traffic flow - standard adaptive signal timing in effect
EVT453274,2025-02-21 11:45:25,Sports Fixture,J012,Koramangala Sony World,20146,Weekday,False,Clear,False,0.0,False,False,0.348,Low,26.7,26.0,189.1,0.146,0.337,0.959,Moderate traffic flow - standard adaptive signal timing in effect
EVT453275,2025-06-14 09:30:35,Sports Fixture,J031,Cubbon Road,22601,Weekend,False,Heavy Rain,True,40.6,False,False,1.0,Severe,8.4,74.6,750.9,0.278,0.642,0.857,Heavy rain reducing visibility and grip - reduced speed and longer buffer advised
EVT453276,2025-02-04 19:26:31,Local Market Day,J012,Koramangala Sony World,3436,Weekday,False,Clear,False,0.0,False,False,0.879,Severe,13.5,64.4,400.3,0.219,0.506,0.938,Heavy congestion detected - signal timing extended and reroute suggested
EVT453277,2025-03-27 18:09:05,Trade Fair,J011,Indiranagar 100ft Road,11422,Weekday,False,Clear,False,0.0,False,False,1.0,Severe,9.5,64.2,293.7,0.121,0.28,0.887,Heavy congestion detected - signal timing extended and reroute suggested
EVT453278,2026-05-22 14:39:08,Sports Fixture,J040,City Market,23672,Weekday,False,Clear,False,0.0,False,False,0.29,Low,28.0,13.8,134.4,0.094,0.217,0.99,Moderate traffic flow - standard adaptive signal timing in effect
EVT453279,2026-03-24 18:14:13,Sports Fixture,J020,Malleshwaram Circle,16804,Weekday,False,Clear,False,0.0,False,False,1.0,Severe,6.2,68.6,519.9,0.163,0.377,0.922,Heavy congestion detected - signal timing extended and reroute suggested
EVT453280,2025-09-13 17:44:21,Sports Fixture,J031,Cubbon Road,10902,Weekend,False,Rain,True,9.0,False,False,0.992,Severe,9.6,67.9,340.2,0.139,0.321,0.85,Heavy rain reducing visibility and grip - reduced speed and longer buffer advised
EVT453281,2026-05-11 04:18:49,Political Rally,J020,Malleshwaram Circle,19441,Weekday,False,Clear,False,0.0,False,False,0.226,Low,25.5,20.0,246.4,0.174,0.403,0.974,Normal free-flow traffic - standard signal timing maintained
EVT453282,2025-01-23 10:47:53,Local Market Day,J020,Malleshwaram Circle,3652,Weekday,False,Clear,False,0.0,False,False,0.562,High,23.9,45.3,200.1,0.127,0.293,0.961,Moderate traffic flow - standard adaptive signal timing in effect
EVT453283,2026-06-25 20:27:06,Trade Fair,J031,Cubbon Road,13950,Weekday,False,Rain,True,9.2,False,False,0.762,Severe,14.7,56.7,374.3,0.18,0.416,0.906,Heavy rain reducing visibility and grip - reduced speed and longer buffer advised
EVT453284,2025-06-17 12:29:41,Local Market Day,J020,Malleshwaram Circle,4883,Weekday,False,Heavy Rain,True,37.0,False,False,0.565,High,25.2,44.9,207.6,0.161,0.372,0.909,Heavy rain reducing visibility and grip - reduced speed and longer buffer advised
EVT453285,2025-01-07 11:54:50,Trade Fair,J012,Koramangala Sony World,6099,Weekday,False,Clear,False,0.0,False,False,0.274,Low,39.0,17.5,130.3,0.136,0.315,0.952,Moderate traffic flow - standard adaptive signal timing in effect
EVT453286,2025-01-11 11:29:09,Concert,J012,Koramangala Sony World,11603,Weekend,False,Clear,False,0.0,False,False,0.418,Moderate,28.0,32.3,90.1,0.075,0.174,0.954,Moderate traffic flow - standard adaptive signal timing in effect
EVT453287,2026-02-12 09:55:48,Local Market Day,J012,Koramangala Sony World,5810,Weekday,False,Clear,False,0.0,False,False,0.9,Severe,11.7,66.9,170.3,0.071,0.164,0.932,Heavy congestion detected - signal timing extended and reroute suggested
EVT453288,2025-02-11 18:18:33,Trade Fair,J031,Cubbon Road,13139,Weekday,False,Clear,False,0.0,False,False,1.0,Severe,8.9,73.7,605.2,0.23,0.532,0.918,Heavy congestion detected - signal timing extended and reroute suggested
EVT453289,2025-02-22 11:00:22,Sports Fixture,J023,Basavanagudi,27599,Weekend,False,Clear,False,0.0,False,False,0.577,High,19.8,34.4,308.1,0.186,0.43,0.99,Moderate traffic flow - standard adaptive signal timing in effect
EVT453290,2025-05-13 19:28:36,Sports Fixture,J012,Koramangala Sony World,18103,Weekday,False,Clear,False,0.0,False,False,0.982,Severe,7.1,69.8,226.5,0.075,0.172,0.9,Heavy congestion detected - signal timing extended and reroute suggested
EVT453291,2025-10-29 12:18:21,Trade Fair,J009,Majestic,10805,Weekday,False,Clear,False,0.0,False,False,0.236,Low,33.7,16.0,58.3,0.052,0.121,0.959,Normal free-flow traffic - standard signal timing maintained
EVT453292,2025-04-03 08:20:25,Local Market Day,J011,Indiranagar 100ft Road,1868,Weekday,False,Clear,False,0.0,False,False,0.909,Severe,11.0,65.7,445.7,0.173,0.4,0.924,Heavy congestion detected - signal timing extended and reroute suggested
EVT453293,2026-04-22 14:39:51,Trade Fair,J030,MG Road,6329,Weekday,False,Clear,False,0.0,False,False,0.175,Low,36.6,10.6,146.6,0.134,0.31,0.969,Normal free-flow traffic - standard signal timing maintained
EVT453294,2025-06-13 17:36:58,Sports Fixture,J011,Indiranagar 100ft Road,35435,Weekday,False,Clear,False,0.0,False,False,1.0,Severe,9.7,75.7,526.6,0.213,0.492,0.901,Heavy congestion detected - signal timing extended and reroute suggested
EVT453295,2025-11-02 15:19:28,Cultural Procession,J012,Koramangala Sony World,10836,Weekend,True,Fog,False,0.0,False,True,0.702,High,17.8,67.5,210.5,0.117,0.27,0.875,Road closure for event/procession - full detour recommended for through-traffic
EVT453296,2025-05-28 22:27:31,Trade Fair,J040,City Market,6381,Weekday,False,Clear,False,0.0,False,False,0.223,Low,33.9,16.6,258.6,0.234,0.54,0.981,Normal free-flow traffic - standard signal timing maintained
EVT453297,2025-11-12 20:25:39,Local Market Day,J009,Majestic,3978,Weekday,False,Light Rain,True,1.5,False,False,0.692,High,22.9,52.0,286.1,0.224,0.517,0.92,Heavy rain reducing visibility and grip - reduced speed and longer buffer advised
EVT453298,2026-06-22 10:09:12,Sports Fixture,J011,Indiranagar 100ft Road,37506,Weekday,False,Clear,False,0.0,False,False,0.966,Severe,10.7,71.9,595.5,0.229,0.529,0.927,Heavy congestion detected - signal timing extended and reroute suggested
EVT453299,2026-01-28 09:55:50,Trade Fair,J031,Cubbon Road,13085,Weekday,False,Clear,False,0.0,False,False,0.911,Severe,9.9,66.8,490.2,0.178,0.412,0.941,Heavy congestion detected - signal timing extended and reroute suggested
EVT453300,2025-02-07 17:47:54,Local Market Day,J020,Malleshwaram Circle,3820,Weekday,False,Clear,False,0.0,False,False,0.858,Severe,8.2,64.7,280.7,0.113,0.262,0.951,Heavy congestion detected - signal timing extended and reroute suggested
EVT453301,2026-06-26 18:23:03,Trade Fair,J031,Cubbon Road,7247,Weekday,False,Clear,False,0.0,False,False,0.925,Severe,12.2,60.3,518.8,0.23,0.531,0.936,Heavy congestion detected - signal timing extended and reroute suggested
EVT453302,2026-03-01 11:04:06,Concert,J012,Koramangala Sony World,8501,Weekend,False,Clear,False,0.0,False,False,0.403,Moderate,21.4,23.4,248.2,0.155,0.357,0.954,Moderate traffic flow - standard adaptive signal timing in effect
EVT453303,2026-02-25 15:39:46,Trade Fair,J012,Koramangala Sony World,7174,Weekday,False,Clear,False,0.0,False,False,0.364,Moderate,23.1,21.3,108.6,0.098,0.226,0.985,Moderate traffic flow - standard adaptive signal timing in effect
EVT453304,2025-08-11 13:43:28,Trade Fair,J020,Malleshwaram Circle,7757,Weekday,False,Rain,True,8.0,False,False,0.289,Low,33.5,17.2,171.7,0.142,0.328,0.912,Light rain detected - minor speed reduction advised
EVT453305,2025-08-24 13:14:42,Political Rally,J009,Majestic,20612,Weekend,False,Fog,False,0.0,False,False,0.361,Moderate,26.0,29.1,168.9,0.107,0.248,0.987,Moderate traffic flow - standard adaptive signal timing in effect
EVT453306,2026-02-25 19:24:39,Concert,J012,Koramangala Sony World,14433,Weekday,False,Clear,False,0.0,False,False,0.995,Severe,10.0,78.3,574.0,0.249,0.574,0.882,Heavy congestion detected - signal timing extended and reroute suggested
EVT453307,2026-05-20 08:22:13,Sports Fixture,J020,Malleshwaram Circle,15738,Weekday,False,Rain,True,18.1,False,False,1.0,Severe,8.3,70.1,511.7,0.173,0.4,0.861,Heavy rain reducing visibility and grip - reduced speed and longer buffer advised
EVT453308,2025-05-06 08:30:19,Sports Fixture,J009,Majestic,26483,Weekday,False,Clear,False,0.0,False,False,1.0,Severe,10.5,66.6,582.4,0.22,0.508,0.886,Heavy congestion detected - signal timing extended and reroute suggested
EVT453309,2026-06-20 18:48:23,Trade Fair,J011,Indiranagar 100ft Road,5138,Weekend,False,Heavy Rain,True,25.6,False,False,1.0,Severe,10.6,65.8,383.2,0.151,0.35,0.869,Heavy rain reducing visibility and grip - reduced speed and longer buffer advised
EVT453310,2025-10-28 09:04:57,Local Market Day,J030,MG Road,4682,Weekday,False,Clear,False,0.0,False,False,1.0,Severe,7.1,73.0,473.3,0.148,0.341,0.932,Heavy congestion detected - signal timing extended and reroute suggested
EVT453311,2026-03-13 09:41:17,Concert,J023,Basavanagudi,20164,Weekday,False,Clear,False,0.0,False,False,1.0,Severe,4.8,74.3,1337.7,0.289,0.668,0.909,Heavy congestion detected - signal timing extended and reroute suggested
EVT453312,2025-02-17 14:17:09,Local Market Day,J020,Malleshwaram Circle,3999,Weekday,False,Clear,False,0.0,False,False,0.16,Low,29.0,13.3,175.8,0.138,0.319,0.975,Normal free-flow traffic - standard signal timing maintained
EVT453313,2026-05-15 19:54:56,Concert,J040,City Market,7846,Weekday,False,Clear,False,0.0,False,False,0.805,Severe,18.6,49.9,354.2,0.237,0.547,0.961,Heavy congestion detected - signal timing extended and reroute suggested
EVT453314,2025-05-12 14:00:15,Trade Fair,J009,Majestic,10889,Weekday,False,Clear,False,0.0,False,False,0.233,Low,34.8,19.9,156.9,0.141,0.325,0.987,Normal free-flow traffic - standard signal timing maintained
EVT453315,2026-05-08 16:21:11,Sports Fixture,J009,Majestic,50777,Weekday,False,Clear,False,0.0,False,False,0.749,High,19.6,52.1,235.3,0.149,0.345,0.964,Moderate traffic flow - standard adaptive signal timing in effect
EVT453316,2025-07-16 11:40:14,Local Market Day,J030,MG Road,3665,Weekday,False,Rain,True,15.2,False,False,0.415,Moderate,21.7,23.0,188.7,0.111,0.256,0.894,Light rain detected - minor speed reduction advised
EVT453317,2026-01-26 12:30:12,Religious Festival,J011,Indiranagar 100ft Road,54637,Weekday,True,Clear,False,0.0,False,False,0.76,Severe,15.5,49.9,188.2,0.106,0.244,0.919,Festival crowd surge detected - alternate route and extended cycle recommended
EVT453318,2026-04-28 16:26:03,Trade Fair,J040,City Market,6361,Weekday,False,Clear,False,0.0,False,False,0.571,High,24.0,38.1,113.3,0.08,0.184,0.966,Moderate traffic flow - standard adaptive signal timing in effect
EVT453319,2025-05-22 08:26:20,Concert,J011,Indiranagar 100ft Road,8623,Weekday,False,Clear,False,0.0,False,False,1.0,Severe,8.8,77.4,195.8,0.072,0.166,0.917,Heavy congestion detected - signal timing extended and reroute suggested
EVT453320,2026-01-27 13:47:56,Religious Festival,J030,MG Road,47071,Weekday,True,Clear,False,0.0,False,True,0.775,High,13.6,72.6,153.6,0.067,0.154,0.899,Road closure for event/procession - full detour recommended for through-traffic
EVT453321,2025-12-16 14:25:54,Concert,J031,Cubbon Road,9326,Weekday,False,Clear,False,0.0,False,False,0.246,Low,28.2,16.0,151.6,0.116,0.268,0.99,Normal free-flow traffic - standard signal timing maintained
EVT453322,2026-01-24 10:37:31,Local Market Day,J020,Malleshwaram Circle,3200,Weekend,False,Fog,False,0.0,False,False,0.521,Moderate,25.5,40.0,186.1,0.172,0.397,0.953,Moderate traffic flow - standard adaptive signal timing in effect
EVT453323,2026-06-25 07:36:38,Sports Fixture,J009,Majestic,25264,Weekday,False,Clear,False,0.0,False,False,0.779,Severe,18.3,56.1,306.0,0.186,0.429,0.966,Heavy congestion detected - signal timing extended and reroute suggested
EVT453324,2025-04-11 09:50:00,Local Market Day,J030,MG Road,6305,Weekday,False,Clear,False,0.0,False,False,0.891,Severe,13.1,58.2,506.0,0.248,0.574,0.942,Heavy congestion detected - signal timing extended and reroute suggested
EVT453325,2026-02-16 20:03:52,Trade Fair,J030,MG Road,10144,Weekday,False,Clear,False,0.0,False,False,0.678,High,15.6,53.4,438.3,0.22,0.508,0.971,Moderate traffic flow - standard adaptive signal timing in effect
EVT453326,2025-01-15 19:19:51,Religious Festival,J012,Koramangala Sony World,40630,Weekday,True,Clear,False,0.0,False,True,1.0,Severe,8.6,104.0,507.0,0.19,0.44,0.826,Road closure for event/procession - full detour recommended for through-traffic
EVT453327,2026-02-11 11:58:45,Political Rally,J030,MG Road,5341,Weekday,False,Clear,False,0.0,False,False,0.269,Low,27.7,19.4,176.1,0.128,0.296,0.956,Moderate traffic flow - standard adaptive signal timing in effect
EVT453328,2025-09-25 19:39:07,Concert,J031,Cubbon Road,14222,Weekday,False,Clear,False,0.0,False,False,0.928,Severe,11.9,73.7,581.5,0.276,0.637,0.924,Heavy congestion detected - signal timing extended and reroute suggested
EVT453329,2026-01-05 10:14:33,Sports Fixture,J031,Cubbon Road,17816,Weekday,False,Clear,False,0.0,False,False,0.858,Severe,11.2,59.7,377.3,0.161,0.372,0.955,Heavy congestion detected - signal timing extended and reroute suggested
EVT453330,2026-06-14 10:17:45,Concert,J020,Malleshwaram Circle,24927,Weekend,False,Rain,True,15.8,False,False,0.988,Severe,9.2,75.0,584.9,0.218,0.503,0.892,Heavy rain reducing visibility and grip - reduced speed and longer buffer advised
EVT453331,2025-09-21 18:50:08,Political Rally,J031,Cubbon Road,12552,Weekend,False,Clear,False,0.0,False,False,0.821,Severe,13.3,55.7,371.0,0.195,0.45,0.927,Heavy congestion detected - signal timing extended and reroute suggested
EVT453332,2026-03-15 22:05:54,Local Market Day,J012,Koramangala Sony World,3719,Weekend,False,Clear,False,0.0,False,False,0.361,Moderate,30.3,22.4,134.2,0.096,0.222,0.949,Moderate traffic flow - standard adaptive signal timing in effect
EVT453333,2026-01-08 11:33:45,Trade Fair,J030,MG Road,13981,Weekday,False,Clear,False,0.0,False,False,0.273,Low,24.2,16.0,169.7,0.125,0.288,0.95,Moderate traffic flow - standard adaptive signal timing in effect
EVT453334,2025-07-02 09:54:22,Trade Fair,J031,Cubbon Road,9962,Weekday,False,Clear,False,0.0,False,False,0.785,Severe,16.2,61.5,159.2,0.083,0.191,0.959,Heavy congestion detected - signal timing extended and reroute suggested
EVT453335,2025-03-05 19:58:47,Local Market Day,J031,Cubbon Road,2736,Weekday,False,Clear,False,0.0,False,False,0.688,High,19.6,47.2,231.5,0.156,0.361,0.939,Moderate traffic flow - standard adaptive signal timing in effect
EVT453336,2026-06-14 12:07:42,Sports Fixture,J020,Malleshwaram Circle,25357,Weekend,False,Clear,False,0.0,False,False,0.389,Moderate,29.3,25.8,61.9,0.043,0.099,0.972,Moderate traffic flow - standard adaptive signal timing in effect
EVT453337,2025-11-16 08:52:05,Local Market Day,J012,Koramangala Sony World,5473,Weekend,False,Clear,False,0.0,False,False,0.877,Severe,11.9,63.9,473.9,0.204,0.47,0.925,Heavy congestion detected - signal timing extended and reroute suggested
EVT453338,2025-06-07 20:49:07,Trade Fair,J012,Koramangala Sony World,8785,Weekend,False,Rain,True,21.1,False,False,0.756,Severe,16.7,52.8,221.6,0.117,0.271,0.894,Heavy rain reducing visibility and grip - reduced speed and longer buffer advised
EVT453339,2025-02-13 19:02:10,Trade Fair,J009,Majestic,5196,Weekday,False,Clear,False,0.0,False,False,1.0,Severe,8.5,68.9,394.8,0.129,0.299,0.881,Heavy congestion detected - signal timing extended and reroute suggested
EVT453340,2025-08-20 12:46:07,Concert,J012,Koramangala Sony World,6259,Weekday,False,Clear,False,0.0,False,False,0.164,Low,40.3,13.1,131.8,0.134,0.31,0.979,Normal free-flow traffic - standard signal timing maintained
EVT453341,2025-03-11 06:25:34,Trade Fair,J020,Malleshwaram Circle,11279,Weekday,False,Clear,False,0.0,False,False,0.454,Moderate,20.3,28.9,228.9,0.128,0.296,0.976,Moderate traffic flow - standard adaptive signal timing in effect
EVT453342,2025-11-27 00:17:34,Concert,J009,Majestic,7493,Weekday,False,Heavy Rain,True,26.0,False,False,0.424,Moderate,27.1,30.6,99.7,0.071,0.165,0.937,Light rain detected - minor speed reduction advised
EVT453343,2025-08-28 05:45:01,Fireworks Display,J009,Majestic,17370,Weekday,True,Clear,False,0.0,False,False,0.415,Moderate,30.8,26.7,173.4,0.155,0.358,0.899,Moderate traffic flow - standard adaptive signal timing in effect
EVT453344,2025-09-26 18:03:08,Political Rally,J023,Basavanagudi,14797,Weekday,False,Clear,False,0.0,False,False,1.0,Severe,9.0,70.5,528.6,0.196,0.454,0.904,Heavy congestion detected - signal timing extended and reroute suggested
EVT453345,2025-08-04 08:13:14,Trade Fair,J023,Basavanagudi,5508,Weekday,False,Clear,False,0.0,False,False,0.838,Severe,9.2,57.2,213.1,0.09,0.208,0.961,Heavy congestion detected - signal timing extended and reroute suggested
EVT453346,2025-08-15 15:43:19,Cultural Procession,J040,City Market,22942,Weekday,True,Heavy Rain,True,44.9,False,True,1.0,Severe,9.8,108.4,602.9,0.228,0.526,0.784,Road closure for event/procession - full detour recommended for through-traffic
EVT453347,2026-04-08 17:24:37,Local Market Day,J040,City Market,5018,Weekday,False,Clear,False,0.0,False,False,0.912,Severe,9.5,69.3,671.5,0.22,0.509,0.931,Heavy congestion detected - signal timing extended and reroute suggested
EVT453348,2025-08-16 10:29:14,Religious Festival,J009,Majestic,58899,Weekend,True,Clear,False,0.0,False,False,1.0,Severe,7.1,75.7,642.0,0.205,0.474,0.875,Festival crowd surge detected - alternate route and extended cycle recommended
EVT453349,2025-08-12 19:40:24,Sports Fixture,J011,Indiranagar 100ft Road,39404,Weekday,False,Rain,True,21.2,False,False,1.0,Severe,9.4,78.2,330.8,0.137,0.317,0.859,Heavy rain reducing visibility and grip - reduced speed and longer buffer advised
EVT453350,2025-10-12 06:13:55,Local Market Day,J030,MG Road,1391,Weekend,False,Rain,True,8.7,False,False,0.47,Moderate,18.9,35.8,124.7,0.079,0.183,0.929,Light rain detected - minor speed reduction advised
EVT453351,2025-05-27 10:43:48,Concert,J023,Basavanagudi,12654,Weekday,False,Rain,True,19.2,False,False,0.876,Severe,12.5,65.7,448.0,0.208,0.48,0.893,Heavy rain reducing visibility and grip - reduced speed and longer buffer advised
EVT453352,2025-11-17 07:33:23,Trade Fair,J011,Indiranagar 100ft Road,11081,Weekday,False,Clear,False,0.0,False,False,0.733,High,17.0,52.9,307.1,0.19,0.44,0.982,Moderate traffic flow - standard adaptive signal timing in effect
EVT453353,2026-03-05 09:33:07,Cultural Procession,J040,City Market,23611,Weekday,True,Clear,False,0.0,False,True,1.0,Severe,9.4,96.6,344.5,0.124,0.286,0.812,Road closure for event/procession - full detour recommended for through-traffic
EVT453354,2025-12-30 21:43:05,Sports Fixture,J009,Majestic,21840,Weekday,False,Clear,False,0.0,False,False,0.46,Moderate,20.8,23.1,246.2,0.133,0.307,0.983,Moderate traffic flow - standard adaptive signal timing in effect
EVT453355,2026-02-22 12:06:51,Sports Fixture,J020,Malleshwaram Circle,19036,Weekend,False,Clear,False,0.0,False,False,0.415,Moderate,28.0,31.0,213.3,0.151,0.349,0.986,Moderate traffic flow - standard adaptive signal timing in effect
EVT453356,2025-08-16 14:09:56,Religious Festival,J040,City Market,30291,Weekend,True,Heavy Rain,True,47.4,False,False,0.992,Severe,6.4,67.6,887.1,0.231,0.533,0.826,Festival crowd surge detected - alternate route and extended cycle recommended
EVT453357,2025-04-20 18:21:21,Sports Fixture,J031,Cubbon Road,24971,Weekend,False,Clear,False,0.0,False,False,0.998,Severe,9.1,71.0,402.6,0.159,0.367,0.924,Heavy congestion detected - signal timing extended and reroute suggested
EVT453358,2025-08-11 22:26:09,Trade Fair,J020,Malleshwaram Circle,10372,Weekday,False,Clear,False,0.0,False,False,0.238,Low,34.4,16.4,170.8,0.132,0.305,0.956,Normal free-flow traffic - standard signal timing maintained
EVT453359,2025-04-22 19:39:04,Trade Fair,J023,Basavanagudi,6129,Weekday,False,Clear,False,0.0,False,False,0.877,Severe,12.3,65.6,497.3,0.217,0.5,0.924,Heavy congestion detected - signal timing extended and reroute suggested
EVT453360,2025-05-05 15:19:33,Local Market Day,J031,Cubbon Road,6947,Weekday,False,Rain,True,13.8,False,False,0.538,Moderate,32.3,40.4,144.7,0.138,0.318,0.916,Light rain detected - minor speed reduction advised
EVT453361,2025-06-23 20:53:08,Sports Fixture,J031,Cubbon Road,27416,Weekday,False,Clear,False,0.0,False,False,0.61,High,19.8,42.6,154.2,0.106,0.246,0.962,Moderate traffic flow - standard adaptive signal timing in effect
EVT453362,2026-03-05 09:38:23,Fireworks Display,J040,City Market,18723,Weekday,True,Clear,False,0.0,False,False,1.0,Severe,7.5,79.0,382.9,0.148,0.342,0.887,Festival crowd surge detected - alternate route and extended cycle recommended
EVT453363,2025-06-05 17:12:30,Local Market Day,J031,Cubbon Road,7297,Weekday,False,Heavy Rain,True,43.9,False,False,1.0,Severe,9.5,66.3,650.3,0.251,0.58,0.855,Heavy rain reducing visibility and grip - reduced speed and longer buffer advised
EVT453364,2025-04-26 10:47:53,Sports Fixture,J023,Basavanagudi,19056,Weekend,False,Light Rain,True,4.5,False,False,0.674,High,21.2,42.4,307.4,0.212,0.489,0.898,Heavy rain reducing visibility and grip - reduced speed and longer buffer advised
EVT453365,2025-06-16 11:36:06,Sports Fixture,J023,Basavanagudi,27513,Weekday,False,Clear,False,0.0,False,False,0.48,Moderate,23.7,32.6,276.3,0.195,0.45,0.99,Moderate traffic flow - standard adaptive signal timing in effect
EVT453366,2025-12-12 20:37:14,Sports Fixture,J023,Basavanagudi,24992,Weekday,False,Clear,False,0.0,False,False,0.702,High,19.8,51.7,292.8,0.198,0.457,0.954,Moderate traffic flow - standard adaptive signal timing in effect
EVT453367,2025-05-29 15:26:21,Local Market Day,J040,City Market,4027,Weekday,False,Clear,False,0.0,False,False,0.359,Moderate,32.7,33.4,94.3,0.085,0.197,0.968,Moderate traffic flow - standard adaptive signal timing in effect
EVT453368,2025-03-27 08:53:16,Concert,J012,Koramangala Sony World,16306,Weekday,False,Clear,False,0.0,False,False,1.0,Severe,7.5,74.2,775.4,0.236,0.546,0.919,Heavy congestion detected - signal timing extended and reroute suggested
EVT453369,2026-04-21 06:17:11,Sports Fixture,J023,Basavanagudi,28409,Weekday,False,Clear,False,0.0,False,False,0.422,Moderate,23.5,25.1,208.5,0.131,0.303,0.952,Moderate traffic flow - standard adaptive signal timing in effect
EVT453370,2025-08-18 16:13:22,Concert,J011,Indiranagar 100ft Road,15956,Weekday,False,Heavy Rain,True,27.7,False,False,0.876,Severe,12.1,59.9,280.2,0.127,0.293,0.9,Heavy rain reducing visibility and grip - reduced speed and longer buffer advised
EVT453371,2025-02-09 17:01:02,Concert,J009,Majestic,11454,Weekend,False,Clear,False,0.0,False,False,0.745,High,15.4,51.6,535.0,0.258,0.596,0.957,Moderate traffic flow - standard adaptive signal timing in effect
EVT453372,2025-01-31 18:52:53,Local Market Day,J011,Indiranagar 100ft Road,3854,Weekday,False,Clear,False,0.0,False,False,0.995,Severe,9.7,69.7,504.8,0.206,0.476,0.926,Heavy congestion detected - signal timing extended and reroute suggested
EVT453373,2025-02-16 09:59:25,Trade Fair,J012,Koramangala Sony World,5809,Weekend,False,Clear,False,0.0,False,False,0.782,Severe,17.5,53.9,339.9,0.232,0.536,0.962,Heavy congestion detected - signal timing extended and reroute suggested
EVT453374,2025-01-04 11:17:17,Local Market Day,J020,Malleshwaram Circle,3822,Weekend,False,Clear,False,0.0,False,False,0.358,Moderate,31.9,28.1,142.8,0.13,0.299,0.96,Moderate traffic flow - standard adaptive signal timing in effect
EVT453375,2025-01-20 12:48:09,Sports Fixture,J040,City Market,35538,Weekday,False,Clear,False,0.0,False,False,0.348,Low,27.4,26.7,63.3,0.047,0.109,0.952,Moderate traffic flow - standard adaptive signal timing in effect
EVT453376,2025-04-15 13:41:11,Religious Festival,J012,Koramangala Sony World,38684,Weekday,True,Clear,False,0.0,False,True,0.717,High,16.5,77.3,220.9,0.133,0.306,0.891,Road closure for event/procession - full detour recommended for through-traffic
EVT453377,2026-04-15 16:07:18,Religious Festival,J011,Indiranagar 100ft Road,45117,Weekday,True,Clear,False,0.0,False,True,1.0,Severe,8.8,93.7,484.4,0.191,0.44,0.825,Road closure for event/procession - full detour recommended for through-traffic
EVT453378,2025-11-22 06:46:39,Concert,J023,Basavanagudi,12571,Weekend,False,Clear,False,0.0,False,False,0.466,Moderate,22.2,41.7,156.1,0.095,0.22,0.989,Moderate traffic flow - standard adaptive signal timing in effect
EVT453379,2026-03-23 07:59:17,Local Market Day,J009,Majestic,3978,Weekday,False,Clear,False,0.0,True,False,1.0,Severe,9.7,77.3,603.8,0.238,0.55,0.757,Accident detected nearby - reroute and reduced speed advised
EVT453380,2025-01-14 20:02:57,Fireworks Display,J012,Koramangala Sony World,26959,Weekday,True,Clear,False,0.0,False,False,1.0,Severe,10.5,76.5,500.3,0.205,0.474,0.859,Festival crowd surge detected - alternate route and extended cycle recommended
EVT453381,2025-08-12 16:10:54,Local Market Day,J030,MG Road,4231,Weekday,False,Clear,False,0.0,False,False,0.52,Moderate,22.2,32.8,139.5,0.095,0.219,0.968,Moderate traffic flow - standard adaptive signal timing in effect
EVT453382,2025-10-16 12:22:24,Concert,J030,MG Road,17246,Weekday,False,Clear,False,0.0,False,False,0.203,Low,27.8,18.8,186.9,0.141,0.325,0.99,Normal free-flow traffic - standard signal timing maintained
EVT453383,2026-01-17 19:47:10,Local Market Day,J020,Malleshwaram Circle,4085,Weekend,False,Clear,False,0.0,False,False,0.66,High,19.8,51.9,255.3,0.151,0.349,0.94,Moderate traffic flow - standard adaptive signal timing in effect
EVT453384,2026-06-18 16:38:23,Trade Fair,J031,Cubbon Road,12667,Weekday,False,Clear,False,0.0,False,False,0.621,High,18.6,48.0,309.7,0.17,0.393,0.959,Moderate traffic flow - standard adaptive signal timing in effect
EVT453385,2025-12-15 20:52:31,Trade Fair,J023,Basavanagudi,6076,Weekday,False,Clear,False,0.0,False,False,0.494,Moderate,25.4,36.7,152.3,0.11,0.254,0.975,Moderate traffic flow - standard adaptive signal timing in effect
EVT453386,2025-06-15 13:53:31,Trade Fair,J020,Malleshwaram Circle,7496,Weekend,False,Clear,False,0.0,False,False,0.254,Low,35.9,15.2,169.7,0.119,0.275,0.957,Moderate traffic flow - standard adaptive signal timing in effect
EVT453387,2025-05-18 18:22:31,Concert,J040,City Market,17207,Weekend,False,Fog,False,0.0,False,False,0.958,Severe,10.8,69.0,282.6,0.129,0.298,0.92,Heavy congestion detected - signal timing extended and reroute suggested
EVT453388,2025-07-22 08:05:04,Local Market Day,J030,MG Road,3231,Weekday,False,Heavy Rain,True,31.4,False,False,1.0,Severe,7.9,67.6,669.0,0.22,0.508,0.876,Heavy rain reducing visibility and grip - reduced speed and longer buffer advised
EVT453389,2025-02-08 18:43:07,Trade Fair,J030,MG Road,21866,Weekend,False,Clear,False,0.0,False,False,0.995,Severe,8.0,72.7,855.8,0.247,0.571,0.921,Heavy congestion detected - signal timing extended and reroute suggested
EVT453390,2025-08-06 16:20:20,Local Market Day,J012,Koramangala Sony World,3238,Weekday,False,Clear,False,0.0,False,False,0.483,Moderate,23.8,31.1,213.1,0.172,0.398,0.969,Moderate traffic flow - standard adaptive signal timing in effect
EVT453391,2026-05-25 07:38:06,Sports Fixture,J040,City Market,20639,Weekday,False,Rain,True,16.3,False,False,0.926,Severe,10.8,65.1,546.1,0.245,0.566,0.873,Heavy rain reducing visibility and grip - reduced speed and longer buffer advised
EVT453392,2026-02-26 17:19:20,Trade Fair,J031,Cubbon Road,5554,Weekday,False,Clear,False,0.0,False,False,0.851,Severe,13.3,64.8,361.6,0.147,0.34,0.911,Heavy congestion detected - signal timing extended and reroute suggested
EVT453393,2025-11-02 05:30:25,Cultural Procession,J020,Malleshwaram Circle,26179,Weekend,True,Fog,False,0.0,False,True,0.74,High,12.8,75.0,306.9,0.133,0.307,0.895,Road closure for event/procession - full detour recommended for through-traffic
EVT453394,2025-06-29 13:06:59,Concert,J023,Basavanagudi,13464,Weekend,False,Clear,False,0.0,False,False,0.363,Moderate,32.1,28.5,101.7,0.092,0.213,0.959,Moderate traffic flow - standard adaptive signal timing in effect
EVT453395,2026-02-07 08:16:03,Sports Fixture,J031,Cubbon Road,38142,Weekend,False,Clear,False,0.0,False,False,1.0,Severe,10.9,65.7,532.6,0.214,0.495,0.9,Heavy congestion detected - signal timing extended and reroute suggested
EVT453396,2025-10-08 17:46:54,Local Market Day,J023,Basavanagudi,6017,Weekday,False,Clear,False,0.0,False,False,0.931,Severe,12.0,67.6,355.1,0.159,0.368,0.917,Heavy congestion detected - signal timing extended and reroute suggested
EVT453397,2026-01-12 15:28:35,Local Market Day,J030,MG Road,3150,Weekday,False,Clear,False,0.0,False,False,0.276,Low,26.1,19.4,122.8,0.077,0.177,0.969,Moderate traffic flow - standard adaptive signal timing in effect
EVT453398,2025-05-29 07:22:00,Trade Fair,J030,MG Road,19500,Weekday,False,Clear,False,0.0,False,False,0.586,High,19.2,44.3,291.1,0.18,0.415,0.965,Moderate traffic flow - standard adaptive signal timing in effect
EVT453399,2025-01-22 18:17:42,Political Rally,J011,Indiranagar 100ft Road,7107,Weekday,False,Clear,False,0.0,False,False,1.0,Severe,9.3,74.1,465.4,0.198,0.457,0.91,Heavy congestion detected - signal timing extended and reroute suggested
EVT453400,2025-03-10 15:54:28,Local Market Day,J009,Majestic,7234,Weekday,False,Clear,False,0.0,False,False,0.379,Moderate,22.7,27.8,216.7,0.113,0.261,0.969,Moderate traffic flow - standard adaptive signal timing in effect
EVT453401,2026-02-09 18:40:43,Local Market Day,J009,Majestic,6325,Weekday,False,Clear,False,0.0,False,False,0.999,Severe,8.0,68.6,645.8,0.215,0.496,0.925,Heavy congestion detected - signal timing extended and reroute suggested
EVT453402,2026-01-22 08:29:10,Political Rally,J020,Malleshwaram Circle,12057,Weekday,False,Clear,False,0.0,False,False,0.931,Severe,12.7,60.5,376.0,0.186,0.429,0.921,Heavy congestion detected - signal timing extended and reroute suggested
EVT453403,2025-01-12 18:38:35,Local Market Day,J030,MG Road,4260,Weekend,False,Clear,False,0.0,False,False,0.887,Severe,11.2,63.9,224.5,0.098,0.227,0.941,Heavy congestion detected - signal timing extended and reroute suggested
EVT453404,2026-02-07 17:39:32,Trade Fair,J020,Malleshwaram Circle,10018,Weekend,False,Clear,False,0.0,False,False,0.817,Severe,16.3,57.0,263.7,0.157,0.362,0.96,Heavy congestion detected - signal timing extended and reroute suggested
EVT453405,2025-01-08 18:34:59,Sports Fixture,J023,Basavanagudi,29730,Weekday,False,Clear,False,0.0,False,False,1.0,Severe,8.6,69.9,423.9,0.144,0.333,0.894,Heavy congestion detected - signal timing extended and reroute suggested
EVT453406,2026-01-23 18:14:19,Local Market Day,J012,Koramangala Sony World,5076,Weekday,False,Clear,False,0.0,False,False,1.0,Severe,9.0,67.1,528.7,0.205,0.474,0.913,Heavy congestion detected - signal timing extended and reroute suggested
EVT453407,2025-07-26 18:34:37,Sports Fixture,J011,Indiranagar 100ft Road,19412,Weekend,False,Heavy Rain,True,29.9,False,False,1.0,Severe,7.9,69.3,572.6,0.199,0.459,0.834,Heavy rain reducing visibility and grip - reduced speed and longer buffer advised
EVT453408,2025-10-20 09:27:42,Religious Festival,J031,Cubbon Road,50045,Weekday,True,Clear,False,0.0,False,True,1.0,Severe,7.5,95.7,731.9,0.219,0.506,0.828,Road closure for event/procession - full detour recommended for through-traffic
EVT453409,2025-01-27 16:37:11,Religious Festival,J023,Basavanagudi,52446,Weekday,True,Fog,False,0.0,False,True,1.0,Severe,6.5,108.9,817.0,0.232,0.536,0.837,Road closure for event/procession - full detour recommended for through-traffic
EVT453410,2025-05-05 14:12:24,Local Market Day,J012,Koramangala Sony World,4853,Weekday,False,Clear,False,0.0,False,False,0.111,Low,35.5,11.4,140.2,0.104,0.241,0.969,Normal free-flow traffic - standard signal timing maintained
EVT453411,2025-07-08 13:59:25,Sports Fixture,J020,Malleshwaram Circle,20317,Weekday,False,Heavy Rain,True,73.7,False,False,0.55,Moderate,29.8,37.4,154.4,0.143,0.331,0.899,Light rain detected - minor speed reduction advised
EVT453412,2026-04-27 11:26:51,Trade Fair,J031,Cubbon Road,5170,Weekday,False,Clear,False,0.0,False,False,0.298,Low,24.5,20.9,104.3,0.076,0.176,0.962,Moderate traffic flow - standard adaptive signal timing in effect
EVT453413,2025-05-09 19:46:26,Concert,J031,Cubbon Road,4362,Weekday,False,Clear,False,0.0,False,False,0.771,Severe,18.3,53.5,230.1,0.152,0.35,0.931,Heavy congestion detected - signal timing extended and reroute suggested
EVT453414,2025-03-30 19:59:40,Cultural Procession,J040,City Market,26973,Weekend,True,Clear,False,0.0,False,False,0.955,Severe,12.7,69.7,277.7,0.142,0.329,0.867,Festival crowd surge detected - alternate route and extended cycle recommended
EVT453415,2026-05-21 19:15:20,Sports Fixture,J040,City Market,20369,Weekday,False,Rain,True,16.7,False,False,1.0,Severe,8.6,72.3,350.5,0.138,0.319,0.866,Heavy rain reducing visibility and grip - reduced speed and longer buffer advised
EVT453416,2025-12-11 11:54:37,Concert,J020,Malleshwaram Circle,7893,Weekday,False,Clear,False,0.0,False,False,0.253,Low,28.9,13.4,101.2,0.044,0.102,0.98,Moderate traffic flow - standard adaptive signal timing in effect
EVT453417,2026-05-18 18:38:24,Local Market Day,J030,MG Road,2682,Weekday,False,Clear,False,0.0,False,False,1.0,Severe,7.6,71.5,646.5,0.186,0.431,0.901,Heavy congestion detected - signal timing extended and reroute suggested
EVT453418,2025-02-20 08:48:08,Sports Fixture,J020,Malleshwaram Circle,17376,Weekday,False,Light Rain,True,3.0,False,False,1.0,Severe,9.4,68.0,652.5,0.235,0.542,0.856,Heavy rain reducing visibility and grip - reduced speed and longer buffer advised
EVT453419,2025-04-22 19:47:11,Local Market Day,J009,Majestic,5173,Weekday,False,Rain,True,11.1,False,False,0.888,Severe,14.1,62.3,276.5,0.137,0.317,0.891,Heavy rain reducing visibility and grip - reduced speed and longer buffer advised
EVT453420,2025-11-07 15:57:14,Local Market Day,J030,MG Road,1738,Weekday,False,Clear,False,0.0,False,False,0.42,Moderate,31.9,24.8,206.2,0.182,0.42,0.953,Moderate traffic flow - standard adaptive signal timing in effect
EVT453421,2025-10-02 09:26:27,Religious Festival,J011,Indiranagar 100ft Road,17562,Weekday,True,Clear,False,0.0,False,False,1.0,Severe,9.5,71.7,801.5,0.293,0.678,0.872,Festival crowd surge detected - alternate route and extended cycle recommended
EVT453422,2026-02-06 20:29:31,Concert,J020,Malleshwaram Circle,11711,Weekday,False,Clear,False,0.0,False,False,0.641,High,22.5,46.7,250.2,0.183,0.422,0.955,Moderate traffic flow - standard adaptive signal timing in effect
EVT453423,2026-06-26 21:21:45,Concert,J012,Koramangala Sony World,12027,Weekday,False,Rain,True,23.6,False,False,0.65,High,19.7,43.7,147.1,0.104,0.239,0.903,Heavy rain reducing visibility and grip - reduced speed and longer buffer advised
EVT453424,2025-12-08 15:59:35,Local Market Day,J040,City Market,4240,Weekday,False,Clear,False,0.0,False,False,0.428,Moderate,28.7,29.6,132.9,0.103,0.237,0.98,Moderate traffic flow - standard adaptive signal timing in effect
EVT453425,2025-04-29 19:50:43,Sports Fixture,J011,Indiranagar 100ft Road,21650,Weekday,False,Clear,False,0.0,False,False,0.851,Severe,14.7,61.3,356.4,0.193,0.445,0.929,Heavy congestion detected - signal timing extended and reroute suggested
EVT453426,2026-03-24 19:22:24,Local Market Day,J011,Indiranagar 100ft Road,6408,Weekday,False,Clear,False,0.0,False,False,0.91,Severe,11.4,65.0,358.0,0.164,0.378,0.926,Heavy congestion detected - signal timing extended and reroute suggested
EVT453427,2026-01-31 09:20:35,Trade Fair,J012,Koramangala Sony World,7238,Weekend,False,Clear,False,0.0,False,False,0.832,Severe,13.2,58.1,318.5,0.176,0.406,0.944,Heavy congestion detected - signal timing extended and reroute suggested
EVT453428,2025-09-05 17:58:36,Religious Festival,J040,City Market,16532,Weekday,True,Clear,False,0.0,False,False,1.0,Severe,6.9,68.1,298.1,0.117,0.27,0.868,Festival crowd surge detected - alternate route and extended cycle recommended
EVT453429,2025-10-21 16:53:36,Religious Festival,J011,Indiranagar 100ft Road,61223,Weekday,True,Rain,True,8.5,False,True,1.0,Severe,10.1,105.9,536.4,0.22,0.507,0.775,Road closure for event/procession - full detour recommended for through-traffic
EVT453430,2026-02-10 03:24:03,Local Market Day,J030,MG Road,2854,Weekday,False,Clear,False,0.0,False,False,0.179,Low,36.6,17.4,109.9,0.119,0.275,0.948,Normal free-flow traffic - standard signal timing maintained
EVT453431,2025-11-15 12:00:32,Trade Fair,J012,Koramangala Sony World,10347,Weekend,False,Light Rain,True,2.1,False,False,0.363,Moderate,29.6,27.8,198.5,0.157,0.364,0.92,Light rain detected - minor speed reduction advised
EVT453432,2025-03-14 18:55:43,Religious Festival,J031,Cubbon Road,51694,Weekday,True,Clear,False,0.0,False,True,1.0,Severe,9.9,96.1,547.1,0.226,0.521,0.852,Road closure for event/procession - full detour recommended for through-traffic
EVT453433,2025-01-06 20:16:52,Concert,J040,City Market,10576,Weekday,False,Clear,False,0.0,False,False,0.667,High,20.5,54.8,196.6,0.118,0.273,0.972,Moderate traffic flow - standard adaptive signal timing in effect
EVT453434,2025-02-25 11:21:03,Sports Fixture,J031,Cubbon Road,13860,Weekday,False,Clear,False,0.0,False,False,0.361,Moderate,33.0,26.7,167.1,0.137,0.316,0.973,Moderate traffic flow - standard adaptive signal timing in effect
EVT453435,2025-11-08 16:46:56,Sports Fixture,J009,Majestic,18239,Weekend,False,Clear,False,0.0,False,False,0.694,High,16.4,43.3,359.3,0.2,0.462,0.983,Moderate traffic flow - standard adaptive signal timing in effect
EVT453436,2025-12-27 19:30:59,Trade Fair,J011,Indiranagar 100ft Road,8160,Weekend,False,Clear,False,0.0,False,False,0.719,High,19.0,54.7,218.4,0.135,0.311,0.971,Moderate traffic flow - standard adaptive signal timing in effect
EVT453437,2025-03-01 12:10:18,Local Market Day,J031,Cubbon Road,3749,Weekend,False,Clear,False,0.0,False,False,0.318,Low,28.0,24.7,193.2,0.142,0.328,0.939,Moderate traffic flow - standard adaptive signal timing in effect
EVT453438,2025-08-06 16:41:57,Trade Fair,J012,Koramangala Sony World,16441,Weekday,False,Heavy Rain,True,26.2,False,False,0.938,Severe,10.9,69.6,548.9,0.235,0.542,0.859,Heavy rain reducing visibility and grip - reduced speed and longer buffer advised
EVT453439,2025-06-19 18:56:19,Local Market Day,J009,Majestic,2450,Weekday,False,Clear,False,0.0,False,False,0.926,Severe,11.2,65.0,519.9,0.206,0.476,0.913,Heavy congestion detected - signal timing extended and reroute suggested
EVT453440,2025-01-28 16:16:08,Political Rally,J020,Malleshwaram Circle,9910,Weekday,False,Fog,False,0.0,False,False,0.542,Moderate,24.7,41.9,230.7,0.159,0.368,0.981,Moderate traffic flow - standard adaptive signal timing in effect
EVT453441,2026-05-09 18:58:04,Trade Fair,J023,Basavanagudi,6824,Weekend,False,Clear,False,0.0,False,False,0.95,Severe,11.4,75.4,700.5,0.286,0.66,0.92,Heavy congestion detected - signal timing extended and reroute suggested
EVT453442,2026-02-05 09:41:20,Sports Fixture,J031,Cubbon Road,26082,Weekday,False,Clear,False,0.0,False,False,0.976,Severe,9.0,69.9,538.8,0.18,0.416,0.931,Heavy congestion detected - signal timing extended and reroute suggested
EVT453443,2025-02-12 16:11:33,Trade Fair,J012,Koramangala Sony World,6525,Weekday,False,Clear,False,0.0,False,False,0.403,Moderate,26.1,22.3,168.2,0.119,0.275,0.963,Moderate traffic flow - standard adaptive signal timing in effect
EVT453444,2025-08-19 12:02:56,Trade Fair,J023,Basavanagudi,9741,Weekday,False,Clear,False,0.0,False,False,0.227,Low,33.3,19.8,236.8,0.196,0.454,0.969,Normal free-flow traffic - standard signal timing maintained
EVT453445,2025-12-20 18:27:06,Concert,J023,Basavanagudi,9758,Weekend,False,Clear,False,0.0,False,False,0.872,Severe,11.0,63.5,302.5,0.138,0.319,0.931,Heavy congestion detected - signal timing extended and reroute suggested
EVT453446,2026-05-28 17:50:02,Sports Fixture,J012,Koramangala Sony World,13971,Weekday,False,Clear,False,0.0,False,False,1.0,Severe,9.9,68.3,528.3,0.187,0.432,0.908,Heavy congestion detected - signal timing extended and reroute suggested
EVT453447,2026-06-04 10:01:04,Sports Fixture,J023,Basavanagudi,28194,Weekday,False,Clear,False,0.0,False,False,0.966,Severe,8.5,66.1,387.4,0.14,0.323,0.929,Heavy congestion detected - signal timing extended and reroute suggested
EVT453448,2025-08-05 08:01:02,Local Market Day,J020,Malleshwaram Circle,3335,Weekday,False,Clear,False,0.0,False,False,0.852,Severe,13.4,67.5,291.0,0.131,0.303,0.934,Heavy congestion detected - signal timing extended and reroute suggested
EVT453449,2025-11-13 17:36:10,Local Market Day,J011,Indiranagar 100ft Road,5118,Weekday,False,Clear,False,0.0,False,False,0.941,Severe,10.0,64.4,488.7,0.186,0.43,0.905,Heavy congestion detected - signal timing extended and reroute suggested
EVT453450,2025-10-12 22:17:38,Political Rally,J031,Cubbon Road,11679,Weekend,False,Clear,False,0.0,False,False,0.387,Moderate,23.0,30.1,164.7,0.114,0.264,0.974,Moderate traffic flow - standard adaptive signal timing in effect
EVT453451,2025-08-02 18:13:59,Local Market Day,J023,Basavanagudi,7869,Weekend,False,Heavy Rain,True,40.9,False,False,1.0,Severe,7.6,78.9,280.9,0.104,0.239,0.844,Heavy rain reducing visibility and grip - reduced speed and longer buffer advised
EVT453452,2026-05-12 16:50:21,Sports Fixture,J031,Cubbon Road,28959,Weekday,False,Light Rain,True,1.2,False,False,0.882,Severe,9.9,62.0,172.0,0.061,0.142,0.884,Heavy rain reducing visibility and grip - reduced speed and longer buffer advised
EVT453453,2025-02-09 18:06:28,Sports Fixture,J012,Koramangala Sony World,53891,Weekend,False,Clear,False,0.0,True,False,1.0,Severe,5.5,77.0,1065.4,0.247,0.57,0.775,Accident detected nearby - reroute and reduced speed advised
EVT453454,2026-01-30 09:33:35,Sports Fixture,J011,Indiranagar 100ft Road,25190,Weekday,False,Clear,False,0.0,False,False,1.0,Severe,7.0,72.2,589.4,0.166,0.384,0.929,Heavy congestion detected - signal timing extended and reroute suggested
EVT453455,2025-08-29 06:51:23,Sports Fixture,J040,City Market,30790,Weekday,False,Clear,False,0.0,False,False,0.584,High,22.0,39.1,194.3,0.147,0.339,0.99,Moderate traffic flow - standard adaptive signal timing in effect
EVT453456,2025-09-26 08:22:24,Local Market Day,J011,Indiranagar 100ft Road,3179,Weekday,False,Clear,False,0.0,False,False,0.939,Severe,7.1,65.5,768.8,0.243,0.561,0.92,Heavy congestion detected - signal timing extended and reroute suggested
EVT453457,2026-04-26 13:06:48,Concert,J020,Malleshwaram Circle,6128,Weekend,False,Clear,False,0.0,False,False,0.289,Low,31.3,28.3,227.4,0.193,0.447,0.957,Moderate traffic flow - standard adaptive signal timing in effect
EVT453458,2025-09-06 11:11:15,Religious Festival,J011,Indiranagar 100ft Road,53829,Weekend,True,Clear,False,0.0,False,False,0.975,Severe,9.5,75.4,750.1,0.27,0.624,0.874,Festival crowd surge detected - alternate route and extended cycle recommended
EVT453459,2025-05-22 20:07:54,Concert,J030,MG Road,9950,Weekday,False,Clear,False,0.0,False,False,0.739,High,16.5,50.0,113.9,0.073,0.169,0.976,Moderate traffic flow - standard adaptive signal timing in effect
EVT453460,2025-06-12 21:05:04,Sports Fixture,J030,MG Road,26818,Weekday,False,Rain,True,11.1,False,False,0.624,High,21.7,44.2,253.3,0.167,0.386,0.925,Heavy rain reducing visibility and grip - reduced speed and longer buffer advised
EVT453461,2025-09-22 08:17:04,Sports Fixture,J030,MG Road,21864,Weekday,False,Clear,False,0.0,False,False,0.971,Severe,10.5,68.1,515.7,0.22,0.509,0.918,Heavy congestion detected - signal timing extended and reroute suggested
EVT453462,2026-02-16 11:59:45,Trade Fair,J012,Koramangala Sony World,10246,Weekday,False,Clear,False,0.0,False,False,0.326,Low,22.7,25.9,160.9,0.112,0.259,0.981,Moderate traffic flow - standard adaptive signal timing in effect
EVT453463,2025-08-17 18:47:05,Concert,J030,MG Road,14310,Weekend,False,Clear,False,0.0,False,False,0.938,Severe,9.7,71.4,417.0,0.157,0.363,0.908,Heavy congestion detected - signal timing extended and reroute suggested
EVT453464,2025-02-22 18:41:05,Sports Fixture,J012,Koramangala Sony World,17746,Weekend,False,Clear,False,0.0,False,False,0.864,Severe,11.1,61.0,395.5,0.182,0.421,0.957,Heavy congestion detected - signal timing extended and reroute suggested
EVT453465,2026-02-18 15:59:24,Trade Fair,J009,Majestic,12429,Weekday,False,Clear,False,0.0,False,False,0.434,Moderate,20.3,38.0,191.1,0.116,0.267,0.955,Moderate traffic flow - standard adaptive signal timing in effect
EVT453466,2026-06-09 15:21:56,Concert,J040,City Market,9924,Weekday,False,Clear,False,0.0,False,False,0.299,Low,24.7,24.4,206.9,0.144,0.332,0.947,Moderate traffic flow - standard adaptive signal timing in effect
EVT453467,2025-03-20 21:32:49,Concert,J012,Koramangala Sony World,19103,Weekday,False,Clear,False,0.0,False,False,0.395,Moderate,24.7,28.8,187.1,0.137,0.315,0.966,Moderate traffic flow - standard adaptive signal timing in effect
EVT453468,2026-06-21 03:18:28,Local Market Day,J009,Majestic,2704,Weekend,False,Heavy Rain,True,39.4,False,False,0.597,High,17.1,43.8,196.3,0.098,0.227,0.918,Heavy rain reducing visibility and grip - reduced speed and longer buffer advised
EVT453469,2025-09-06 15:15:45,Cultural Procession,J040,City Market,15364,Weekend,True,Clear,False,0.0,False,False,0.642,High,20.3,43.7,331.6,0.208,0.479,0.913,Festival crowd surge detected - alternate route and extended cycle recommended
EVT453470,2026-01-17 05:02:58,Concert,J040,City Market,12455,Weekend,False,Clear,False,0.0,False,False,0.323,Low,25.3,24.8,295.3,0.204,0.47,0.954,Moderate traffic flow - standard adaptive signal timing in effect
EVT453471,2025-03-12 14:51:35,Concert,J023,Basavanagudi,11043,Weekday,False,Clear,False,0.0,False,False,0.27,Low,28.9,14.3,189.2,0.144,0.332,0.953,Moderate traffic flow - standard adaptive signal timing in effect
EVT453472,2025-04-23 16:33:47,Sports Fixture,J020,Malleshwaram Circle,16686,Weekday,False,Clear,False,0.0,False,False,0.678,High,19.1,45.3,318.2,0.207,0.478,0.945,Moderate traffic flow - standard adaptive signal timing in effect
EVT453473,2025-03-15 17:36:52,Cultural Procession,J031,Cubbon Road,19807,Weekend,True,Clear,False,0.0,False,False,0.996,Severe,8.9,70.2,544.8,0.205,0.474,0.851,Festival crowd surge detected - alternate route and extended cycle recommended
EVT453474,2025-03-04 16:42:11,Sports Fixture,J020,Malleshwaram Circle,30926,Weekday,False,Clear,False,0.0,False,False,0.746,High,17.1,55.2,360.6,0.202,0.466,0.956,Moderate traffic flow - standard adaptive signal timing in effect
EVT453475,2025-03-20 13:35:41,Concert,J020,Malleshwaram Circle,13104,Weekday,False,Clear,False,0.0,False,False,0.238,Low,35.4,12.8,121.2,0.107,0.247,0.956,Normal free-flow traffic - standard signal timing maintained
EVT453476,2025-01-23 12:16:51,Sports Fixture,J012,Koramangala Sony World,20179,Weekday,False,Clear,False,0.0,False,False,0.245,Low,32.8,18.5,213.0,0.171,0.395,0.989,Normal free-flow traffic - standard signal timing maintained
EVT453477,2025-12-01 09:59:14,Local Market Day,J012,Koramangala Sony World,3025,Weekday,False,Clear,False,0.0,False,False,0.893,Severe,10.6,65.1,543.8,0.232,0.535,0.942,Heavy congestion detected - signal timing extended and reroute suggested
EVT453478,2025-05-18 05:13:29,Political Rally,J023,Basavanagudi,17566,Weekend,False,Clear,False,0.0,False,False,0.315,Low,26.7,26.7,70.0,0.037,0.085,0.965,Moderate traffic flow - standard adaptive signal timing in effect
EVT453479,2025-04-05 23:08:40,Local Market Day,J011,Indiranagar 100ft Road,7720,Weekend,False,Clear,False,0.0,False,False,0.33,Low,26.8,19.3,218.4,0.165,0.381,0.958,Moderate traffic flow - standard adaptive signal timing in effect
EVT453480,2025-03-17 10:51:05,Trade Fair,J011,Indiranagar 100ft Road,7238,Weekday,False,Clear,False,0.0,False,False,0.409,Moderate,33.6,28.2,68.8,0.063,0.146,0.985,Moderate traffic flow - standard adaptive signal timing in effect
EVT453481,2025-03-20 09:58:14,Trade Fair,J023,Basavanagudi,3671,Weekday,False,Clear,False,0.0,False,False,0.808,Severe,8.7,56.2,488.7,0.154,0.356,0.946,Heavy congestion detected - signal timing extended and reroute suggested
EVT453482,2025-03-25 08:56:13,Concert,J020,Malleshwaram Circle,7850,Weekday,False,Clear,False,0.0,False,False,1.0,Severe,9.2,78.3,276.5,0.133,0.308,0.911,Heavy congestion detected - signal timing extended and reroute suggested
EVT453483,2025-03-16 19:06:34,Trade Fair,J031,Cubbon Road,7391,Weekend,False,Clear,False,0.0,False,False,0.902,Severe,13.5,61.1,139.9,0.082,0.189,0.926,Heavy congestion detected - signal timing extended and reroute suggested
EVT453484,2026-01-05 11:51:29,Local Market Day,J030,MG Road,3660,Weekday,False,Clear,False,0.0,False,False,0.232,Low,32.6,17.6,193.9,0.155,0.358,0.976,Normal free-flow traffic - standard signal timing maintained
EVT453485,2026-01-04 12:23:22,Sports Fixture,J031,Cubbon Road,19765,Weekend,False,Clear,False,0.0,False,False,0.466,Moderate,26.0,34.7,74.9,0.038,0.088,0.99,Moderate traffic flow - standard adaptive signal timing in effect
EVT453486,2026-03-22 14:41:23,Local Market Day,J012,Koramangala Sony World,4162,Weekend,False,Clear,False,0.0,False,False,0.301,Low,36.2,18.6,211.2,0.201,0.465,0.977,Moderate traffic flow - standard adaptive signal timing in effect
EVT453487,2025-12-24 15:32:02,Sports Fixture,J009,Majestic,26050,Weekday,False,Clear,False,0.0,False,False,0.464,Moderate,31.4,33.4,197.1,0.187,0.431,0.985,Moderate traffic flow - standard adaptive signal timing in effect
EVT453488,2026-02-10 08:07:44,Sports Fixture,J020,Malleshwaram Circle,23328,Weekday,False,Clear,False,0.0,False,False,0.929,Severe,11.3,65.0,319.7,0.129,0.299,0.944,Heavy congestion detected - signal timing extended and reroute suggested
EVT453489,2026-05-12 19:32:30,Local Market Day,J040,City Market,3527,Weekday,False,Clear,False,0.0,False,False,0.786,Severe,18.7,58.1,321.9,0.203,0.469,0.97,Heavy congestion detected - signal timing extended and reroute suggested
EVT453490,2026-06-03 06:52:51,Sports Fixture,J023,Basavanagudi,20101,Weekday,False,Fog,False,0.0,False,False,0.483,Moderate,21.5,31.5,386.3,0.242,0.558,0.948,Moderate traffic flow - standard adaptive signal timing in effect
EVT453491,2025-10-31 17:46:30,Political Rally,J009,Majestic,9034,Weekday,False,Clear,False,0.0,False,False,0.897,Severe,11.3,60.1,682.1,0.285,0.658,0.93,Heavy congestion detected - signal timing extended and reroute suggested
EVT453492,2025-09-25 13:11:47,Sports Fixture,J023,Basavanagudi,26282,Weekday,False,Clear,False,0.0,False,False,0.296,Low,34.7,16.1,112.0,0.098,0.227,0.978,Moderate traffic flow - standard adaptive signal timing in effect
EVT453493,2025-06-06 18:35:10,Local Market Day,J030,MG Road,4305,Weekday,False,Rain,True,10.8,False,False,1.0,Severe,9.6,71.4,451.6,0.166,0.383,0.856,Heavy rain reducing visibility and grip - reduced speed and longer buffer advised
EVT453494,2025-03-10 08:06:28,Concert,J012,Koramangala Sony World,8132,Weekday,False,Clear,False,0.0,False,False,0.836,Severe,10.4,59.6,376.9,0.131,0.302,0.93,Heavy congestion detected - signal timing extended and reroute suggested
EVT453495,2025-09-19 16:22:43,Concert,J023,Basavanagudi,14214,Weekday,False,Clear,False,0.0,False,False,0.553,High,20.0,35.0,348.3,0.207,0.477,0.968,Moderate traffic flow - standard adaptive signal timing in effect
EVT453496,2026-05-28 08:26:54,Local Market Day,J011,Indiranagar 100ft Road,3071,Weekday,False,Fog,False,0.0,False,False,0.978,Severe,10.0,70.2,450.5,0.187,0.433,0.919,Heavy congestion detected - signal timing extended and reroute suggested
EVT453497,2026-03-02 06:16:13,Political Rally,J023,Basavanagudi,24170,Weekday,False,Clear,False,0.0,False,False,0.405,Moderate,24.3,35.1,180.6,0.123,0.283,0.972,Moderate traffic flow - standard adaptive signal timing in effect
EVT453498,2026-03-24 08:43:21,Sports Fixture,J030,MG Road,36046,Weekday,False,Rain,True,8.8,False,False,1.0,Severe,7.6,70.8,458.8,0.155,0.358,0.871,Heavy rain reducing visibility and grip - reduced speed and longer buffer advised
EVT453499,2026-04-24 08:32:27,Trade Fair,J020,Malleshwaram Circle,8993,Weekday,False,Clear,False,0.0,False,False,0.992,Severe,7.4,70.5,535.4,0.19,0.439,0.906,Heavy congestion detected - signal timing extended and reroute suggested
EVT453500,2026-02-22 16:19:16,Concert,J009,Majestic,4382,Weekend,False,Clear,False,0.0,False,False,0.448,Moderate,20.5,34.5,251.9,0.151,0.349,0.954,Moderate traffic flow - standard adaptive signal timing in effect
EVT453501,2026-05-15 16:39:54,Trade Fair,J009,Majestic,8032,Weekday,False,Clear,False,0.0,False,False,0.65,High,16.0,51.3,477.7,0.258,0.595,0.99,Moderate traffic flow - standard adaptive signal timing in effect
EVT453502,2025-08-24 18:17:41,Concert,J020,Malleshwaram Circle,9005,Weekend,False,Clear,False,0.0,False,False,0.928,Severe,10.0,65.0,327.2,0.147,0.339,0.93,Heavy congestion detected - signal timing extended and reroute suggested
EVT453503,2025-01-30 20:48:55,Local Market Day,J011,Indiranagar 100ft Road,3392,Weekday,False,Clear,False,0.0,False,False,0.467,Moderate,22.8,35.0,258.5,0.169,0.391,0.973,Moderate traffic flow - standard adaptive signal timing in effect
EVT453504,2025-01-23 21:24:35,Sports Fixture,J020,Malleshwaram Circle,29978,Weekday,False,Clear,False,0.0,False,False,0.495,Moderate,21.9,30.2,105.9,0.07,0.161,0.984,Moderate traffic flow - standard adaptive signal timing in effect
EVT453505,2025-05-15 08:36:24,Sports Fixture,J020,Malleshwaram Circle,12141,Weekday,False,Clear,False,0.0,False,False,1.0,Severe,6.6,77.9,837.5,0.234,0.541,0.925,Heavy congestion detected - signal timing extended and reroute suggested
EVT453506,2025-09-12 10:32:59,Trade Fair,J012,Koramangala Sony World,12333,Weekday,False,Clear,False,0.0,False,False,0.612,High,22.1,39.8,205.9,0.147,0.339,0.984,Moderate traffic flow - standard adaptive signal timing in effect
EVT453507,2026-06-07 07:06:30,Concert,J040,City Market,10320,Weekend,False,Clear,False,0.0,False,False,0.473,Moderate,26.4,30.9,121.2,0.098,0.226,0.975,Moderate traffic flow - standard adaptive signal timing in effect
EVT453508,2025-04-20 08:15:28,Local Market Day,J023,Basavanagudi,2898,Weekend,False,Clear,False,0.0,False,False,0.828,Severe,11.5,60.3,144.3,0.078,0.18,0.928,Heavy congestion detected - signal timing extended and reroute suggested
EVT453509,2025-11-28 18:55:54,Concert,J012,Koramangala Sony World,29209,Weekday,False,Light Rain,True,4.4,False,False,1.0,Severe,8.6,72.4,904.4,0.306,0.706,0.865,Heavy rain reducing visibility and grip - reduced speed and longer buffer advised
EVT453510,2025-11-01 10:46:47,Fireworks Display,J031,Cubbon Road,23227,Weekend,True,Clear,False,0.0,False,False,0.855,Severe,14.7,58.6,340.6,0.161,0.371,0.88,Festival crowd surge detected - alternate route and extended cycle recommended
EVT453511,2025-07-05 08:16:01,Trade Fair,J012,Koramangala Sony World,14048,Weekend,False,Clear,False,0.0,False,False,0.887,Severe,11.7,71.7,275.3,0.134,0.309,0.966,Heavy congestion detected - signal timing extended and reroute suggested
EVT453512,2026-05-24 21:43:09,Concert,J011,Indiranagar 100ft Road,9477,Weekend,False,Clear,False,0.0,False,False,0.322,Low,33.6,25.2,100.7,0.102,0.236,0.96,Moderate traffic flow - standard adaptive signal timing in effect
EVT453513,2026-06-01 07:18:52,Local Market Day,J020,Malleshwaram Circle,5973,Weekday,False,Heavy Rain,True,30.2,False,False,0.879,Severe,10.9,57.6,239.1,0.123,0.285,0.886,Heavy rain reducing visibility and grip - reduced speed and longer buffer advised
EVT453514,2026-01-07 18:20:11,Sports Fixture,J020,Malleshwaram Circle,34819,Weekday,False,Clear,False,0.0,False,False,1.0,Severe,8.4,69.5,351.8,0.152,0.35,0.915,Heavy congestion detected - signal timing extended and reroute suggested
EVT453515,2025-01-01 17:36:12,Local Market Day,J011,Indiranagar 100ft Road,2464,Weekday,False,Clear,False,0.0,False,False,0.911,Severe,12.9,58.7,533.4,0.243,0.561,0.924,Heavy congestion detected - signal timing extended and reroute suggested
EVT453516,2026-03-28 10:01:12,Trade Fair,J030,MG Road,9648,Weekend,False,Clear,False,0.0,False,False,0.733,High,17.0,55.7,299.5,0.179,0.412,0.973,Moderate traffic flow - standard adaptive signal timing in effect
EVT453517,2026-02-06 08:12:11,Sports Fixture,J009,Majestic,18643,Weekday,False,Clear,False,0.0,False,False,0.963,Severe,10.5,63.9,604.3,0.247,0.571,0.927,Heavy congestion detected - signal timing extended and reroute suggested
EVT453518,2026-04-28 04:37:04,Local Market Day,J040,City Market,3276,Weekday,False,Clear,False,0.0,False,False,0.134,Low,38.8,9.3,125.1,0.132,0.305,0.958,Normal free-flow traffic - standard signal timing maintained
EVT453519,2025-02-25 09:50:37,Trade Fair,J011,Indiranagar 100ft Road,8623,Weekday,False,Clear,False,0.0,False,False,0.814,Severe,12.9,60.3,440.2,0.208,0.48,0.972,Heavy congestion detected - signal timing extended and reroute suggested
EVT453520,2025-10-10 23:57:04,Sports Fixture,J030,MG Road,28065,Weekday,False,Rain,True,17.4,False,False,0.496,Moderate,23.6,39.4,111.6,0.087,0.202,0.936,Light rain detected - minor speed reduction advised
EVT453521,2026-02-10 10:27:50,Sports Fixture,J011,Indiranagar 100ft Road,24669,Weekday,False,Clear,False,0.0,False,False,0.699,High,18.8,47.5,451.2,0.279,0.644,0.967,Moderate traffic flow - standard adaptive signal timing in effect
EVT453522,2025-12-01 19:11:45,Sports Fixture,J020,Malleshwaram Circle,32201,Weekday,False,Clear,False,0.0,False,False,1.0,Severe,6.7,74.0,450.1,0.128,0.295,0.904,Heavy congestion detected - signal timing extended and reroute suggested
EVT453523,2025-09-08 17:37:51,Concert,J023,Basavanagudi,7555,Weekday,False,Light Rain,True,5.5,False,False,1.0,Severe,7.7,75.1,746.6,0.238,0.549,0.869,Heavy rain reducing visibility and grip - reduced speed and longer buffer advised
EVT453524,2025-05-21 16:33:32,Sports Fixture,J023,Basavanagudi,33619,Weekday,False,Clear,False,0.0,False,False,0.762,Severe,14.6,54.7,287.0,0.14,0.324,0.959,Heavy congestion detected - signal timing extended and reroute suggested
EVT453525,2025-05-16 21:02:47,Sports Fixture,J009,Majestic,40278,Weekday,False,Clear,False,0.0,False,False,0.642,High,17.7,48.8,326.8,0.211,0.487,0.974,Moderate traffic flow - standard adaptive signal timing in effect
EVT453526,2025-08-25 16:38:57,Trade Fair,J009,Majestic,10725,Weekday,False,Clear,False,0.0,False,False,0.667,High,16.9,48.6,195.9,0.103,0.239,0.96,Moderate traffic flow - standard adaptive signal timing in effect
EVT453527,2026-05-21 15:13:10,Local Market Day,J011,Indiranagar 100ft Road,6864,Weekday,False,Clear,False,0.0,False,False,0.32,Low,29.9,21.5,115.6,0.105,0.244,0.961,Moderate traffic flow - standard adaptive signal timing in effect
EVT453528,2025-02-11 21:37:04,Sports Fixture,J020,Malleshwaram Circle,28627,Weekday,False,Clear,False,0.0,False,False,0.478,Moderate,25.7,33.8,262.2,0.213,0.493,0.967,Moderate traffic flow - standard adaptive signal timing in effect
EVT453529,2026-04-04 19:06:48,Trade Fair,J011,Indiranagar 100ft Road,7306,Weekend,False,Light Rain,True,1.7,False,False,0.882,Severe,14.0,65.3,394.8,0.191,0.441,0.882,Heavy rain reducing visibility and grip - reduced speed and longer buffer advised
EVT453530,2025-08-08 16:42:24,Trade Fair,J020,Malleshwaram Circle,6942,Weekday,False,Rain,True,13.7,False,False,0.742,High,16.3,53.4,448.4,0.253,0.584,0.921,Heavy rain reducing visibility and grip - reduced speed and longer buffer advised
EVT453531,2025-07-10 15:17:24,Concert,J012,Koramangala Sony World,24872,Weekday,False,Clear,False,0.0,False,False,0.399,Moderate,23.8,22.3,173.0,0.117,0.27,0.99,Moderate traffic flow - standard adaptive signal timing in effect
EVT453532,2025-12-28 18:06:47,Concert,J030,MG Road,14868,Weekend,False,Fog,False,0.0,False,False,0.904,Severe,11.4,69.3,468.0,0.189,0.436,0.924,Heavy congestion detected - signal timing extended and reroute suggested
EVT453533,2025-02-26 14:48:47,Trade Fair,J012,Koramangala Sony World,7218,Weekday,False,Clear,False,0.0,False,False,0.259,Low,29.2,22.5,153.5,0.116,0.268,0.945,Moderate traffic flow - standard adaptive signal timing in effect
EVT453534,2026-05-18 19:27:25,Sports Fixture,J012,Koramangala Sony World,16834,Weekday,False,Clear,False,0.0,False,False,0.943,Severe,8.9,67.5,397.9,0.165,0.382,0.933,Heavy congestion detected - signal timing extended and reroute suggested
EVT453535,2025-11-02 12:43:42,Religious Festival,J031,Cubbon Road,59667,Weekend,True,Clear,False,0.0,False,False,0.89,Severe,12.2,71.3,436.1,0.202,0.467,0.891,Festival crowd surge detected - alternate route and extended cycle recommended
EVT453536,2026-06-09 12:04:37,Local Market Day,J030,MG Road,2633,Weekday,False,Rain,True,10.8,False,False,0.311,Low,27.7,27.9,142.8,0.108,0.249,0.903,Light rain detected - minor speed reduction advised
EVT453537,2026-06-15 07:39:46,Concert,J020,Malleshwaram Circle,11114,Weekday,False,Fog,False,0.0,False,False,0.726,High,15.6,58.5,157.0,0.082,0.19,0.954,Moderate traffic flow - standard adaptive signal timing in effect
EVT453538,2025-02-25 21:23:19,Local Market Day,J012,Koramangala Sony World,2544,Weekday,False,Fog,False,0.0,False,False,0.339,Low,24.1,20.7,121.3,0.075,0.174,0.984,Moderate traffic flow - standard adaptive signal timing in effect
EVT453539,2026-01-26 18:03:26,Cultural Procession,J020,Malleshwaram Circle,13200,Weekday,True,Clear,False,0.0,False,True,1.0,Severe,8.9,94.8,544.1,0.187,0.433,0.84,Road closure for event/procession - full detour recommended for through-traffic
EVT453540,2025-11-02 12:01:08,Religious Festival,J020,Malleshwaram Circle,64981,Weekend,True,Clear,False,0.0,False,False,0.909,Severe,10.7,64.3,606.0,0.254,0.587,0.906,Festival crowd surge detected - alternate route and extended cycle recommended
EVT453541,2026-01-19 19:30:47,Political Rally,J020,Malleshwaram Circle,22104,Weekday,False,Clear,False,0.0,False,False,0.981,Severe,8.9,70.1,675.0,0.218,0.502,0.919,Heavy congestion detected - signal timing extended and reroute suggested
EVT453542,2025-04-22 10:33:43,Concert,J012,Koramangala Sony World,9733,Weekday,False,Clear,False,0.0,False,False,0.65,High,19.7,47.4,167.5,0.111,0.256,0.957,Moderate traffic flow - standard adaptive signal timing in effect
EVT453543,2026-01-20 04:28:10,Concert,J023,Basavanagudi,4845,Weekday,False,Fog,False,0.0,False,False,0.214,Low,34.2,14.8,181.7,0.167,0.385,0.989,Normal free-flow traffic - standard signal timing maintained
EVT453544,2026-06-29 17:37:37,Trade Fair,J031,Cubbon Road,4608,Weekday,False,Clear,False,0.0,False,False,0.904,Severe,13.5,65.8,387.0,0.205,0.473,0.916,Heavy congestion detected - signal timing extended and reroute suggested
EVT453545,2026-04-03 19:01:18,Concert,J009,Majestic,10668,Weekday,False,Clear,False,0.0,False,False,0.933,Severe,11.8,63.3,261.5,0.127,0.294,0.929,Heavy congestion detected - signal timing extended and reroute suggested
EVT453546,2026-01-23 09:13:32,Concert,J023,Basavanagudi,12243,Weekday,False,Clear,False,0.0,False,False,1.0,Severe,8.6,71.1,319.1,0.119,0.274,0.908,Heavy congestion detected - signal timing extended and reroute suggested
EVT453547,2026-02-14 08:23:01,Sports Fixture,J020,Malleshwaram Circle,26477,Weekend,False,Clear,False,0.0,False,False,0.991,Severe,10.9,70.8,288.9,0.137,0.315,0.909,Heavy congestion detected - signal timing extended and reroute suggested
EVT453548,2025-08-13 15:23:20,Trade Fair,J030,MG Road,21708,Weekday,False,Rain,True,15.6,False,False,0.613,High,24.6,49.2,89.0,0.075,0.173,0.917,Heavy rain reducing visibility and grip - reduced speed and longer buffer advised
EVT453549,2026-05-14 17:01:04,Political Rally,J009,Majestic,14953,Weekday,False,Clear,False,0.0,False,False,0.806,Severe,12.9,65.6,383.8,0.182,0.42,0.963,Heavy congestion detected - signal timing extended and reroute suggested
EVT453550,2026-03-06 20:01:50,Sports Fixture,J040,City Market,13817,Weekday,False,Light Rain,True,1.8,False,False,0.813,Severe,14.9,57.5,301.6,0.17,0.393,0.912,Heavy rain reducing visibility and grip - reduced speed and longer buffer advised
EVT453551,2026-05-31 09:00:35,Local Market Day,J023,Basavanagudi,5065,Weekend,False,Clear,False,0.0,False,False,0.861,Severe,11.0,59.6,192.6,0.081,0.188,0.962,Heavy congestion detected - signal timing extended and reroute suggested
EVT453552,2025-05-05 15:01:07,Local Market Day,J012,Koramangala Sony World,5431,Weekday,False,Clear,False,0.0,False,False,0.275,Low,31.5,18.6,200.7,0.142,0.329,0.945,Moderate traffic flow - standard adaptive signal timing in effect
EVT453553,2025-09-01 14:21:34,Local Market Day,J040,City Market,4906,Weekday,False,Clear,False,0.0,False,False,0.152,Low,45.3,15.8,97.0,0.098,0.227,0.974,Normal free-flow traffic - standard signal timing maintained
EVT453554,2025-08-14 14:17:17,Trade Fair,J030,MG Road,5135,Weekday,False,Heavy Rain,True,40.6,False,False,0.632,High,18.4,52.6,288.3,0.19,0.44,0.917,Heavy rain reducing visibility and grip - reduced speed and longer buffer advised
EVT453555,2025-05-29 17:47:14,Trade Fair,J009,Majestic,9479,Weekday,False,Light Rain,True,3.8,False,False,1.0,Severe,8.7,69.2,562.9,0.18,0.416,0.88,Heavy rain reducing visibility and grip - reduced speed and longer buffer advised
EVT453556,2025-12-25 17:55:08,Fireworks Display,J040,City Market,16387,Weekday,True,Clear,False,0.0,False,False,1.0,Severe,10.2,63.6,768.8,0.313,0.724,0.881,Festival crowd surge detected - alternate route and extended cycle recommended
EVT453557,2026-04-26 17:59:25,Political Rally,J023,Basavanagudi,14271,Weekend,False,Clear,False,0.0,False,False,0.885,Severe,12.1,64.2,444.4,0.222,0.512,0.954,Heavy congestion detected - signal timing extended and reroute suggested
EVT453558,2025-07-04 15:13:24,Local Market Day,J011,Indiranagar 100ft Road,6552,Weekday,False,Clear,False,0.0,False,False,0.234,Low,27.9,11.2,114.2,0.072,0.166,0.957,Normal free-flow traffic - standard signal timing maintained
EVT453559,2025-05-21 06:34:31,Local Market Day,J020,Malleshwaram Circle,6034,Weekday,False,Clear,False,0.0,False,False,0.311,Low,30.4,29.1,246.1,0.187,0.431,0.953,Moderate traffic flow - standard adaptive signal timing in effect
EVT453560,2025-05-21 18:32:22,Concert,J009,Majestic,11231,Weekday,False,Clear,False,0.0,False,False,1.0,Severe,8.3,74.3,487.8,0.164,0.379,0.918,Heavy congestion detected - signal timing extended and reroute suggested
EVT453561,2025-04-21 00:45:16,Concert,J040,City Market,8300,Weekday,False,Clear,False,0.0,False,False,0.277,Low,33.1,20.8,121.9,0.112,0.259,0.951,Moderate traffic flow - standard adaptive signal timing in effect
EVT453562,2026-05-26 09:08:26,Trade Fair,J009,Majestic,4701,Weekday,False,Clear,False,0.0,False,False,0.938,Severe,10.4,62.2,387.9,0.162,0.373,0.915,Heavy congestion detected - signal timing extended and reroute suggested
EVT453563,2026-04-29 07:12:20,Local Market Day,J023,Basavanagudi,3670,Weekday,False,Clear,False,0.0,False,False,0.574,High,22.2,39.9,147.8,0.079,0.182,0.971,Moderate traffic flow - standard adaptive signal timing in effect
EVT453564,2026-02-22 15:48:01,Political Rally,J020,Malleshwaram Circle,20604,Weekend,False,Clear,False,0.0,False,False,0.503,Moderate,24.7,32.7,246.8,0.167,0.385,0.932,Moderate traffic flow - standard adaptive signal timing in effect
EVT453565,2025-05-19 06:18:29,Concert,J020,Malleshwaram Circle,19262,Weekday,False,Clear,False,0.0,False,False,0.378,Moderate,30.6,23.8,228.8,0.188,0.435,0.956,Moderate traffic flow - standard adaptive signal timing in effect
EVT453566,2026-04-06 12:59:10,Concert,J030,MG Road,7441,Weekday,False,Clear,False,0.0,False,False,0.254,Low,37.0,14.3,185.4,0.191,0.441,0.948,Moderate traffic flow - standard adaptive signal timing in effect
EVT453567,2026-05-16 19:06:11,Trade Fair,J023,Basavanagudi,10876,Weekend,False,Clear,False,0.0,False,False,0.918,Severe,10.9,67.3,308.8,0.128,0.296,0.977,Heavy congestion detected - signal timing extended and reroute suggested
EVT453568,2026-06-06 22:20:40,Trade Fair,J020,Malleshwaram Circle,9001,Weekend,False,Clear,False,0.0,False,False,0.231,Low,35.9,11.6,103.9,0.11,0.255,0.938,Normal free-flow traffic - standard signal timing maintained
EVT453569,2025-08-03 18:08:22,Political Rally,J031,Cubbon Road,17759,Weekend,False,Light Rain,True,5.0,False,False,0.958,Severe,8.7,69.3,493.8,0.186,0.43,0.891,Heavy rain reducing visibility and grip - reduced speed and longer buffer advised
EVT453570,2025-09-19 14:08:50,Concert,J020,Malleshwaram Circle,23820,Weekday,False,Clear,False,0.0,False,False,0.427,Moderate,23.9,30.0,226.2,0.14,0.323,0.945,Moderate traffic flow - standard adaptive signal timing in effect
EVT453571,2025-11-05 20:29:36,Local Market Day,J031,Cubbon Road,4837,Weekday,False,Clear,False,0.0,False,False,0.513,Moderate,32.5,40.2,252.5,0.212,0.489,0.946,Moderate traffic flow - standard adaptive signal timing in effect
EVT453572,2025-12-23 11:32:02,Sports Fixture,J020,Malleshwaram Circle,53875,Weekday,False,Fog,False,0.0,False,False,0.609,High,22.3,39.6,247.4,0.162,0.373,0.949,Moderate traffic flow - standard adaptive signal timing in effect
EVT453573,2025-09-28 06:35:23,Sports Fixture,J031,Cubbon Road,31853,Weekend,False,Heavy Rain,True,59.1,False,False,0.947,Severe,8.5,62.6,470.2,0.172,0.398,0.89,Heavy rain reducing visibility and grip - reduced speed and longer buffer advised
EVT453574,2026-02-15 15:01:39,Local Market Day,J040,City Market,4399,Weekend,False,Clear,False,0.0,False,False,0.3,Low,30.1,21.5,156.6,0.131,0.303,0.99,Moderate traffic flow - standard adaptive signal timing in effect
EVT453575,2026-06-18 10:21:37,Local Market Day,J040,City Market,4313,Weekday,False,Rain,True,15.3,False,False,0.918,Severe,11.8,64.5,417.0,0.198,0.457,0.886,Heavy rain reducing visibility and grip - reduced speed and longer buffer advised
EVT453576,2025-10-01 17:18:51,Local Market Day,J020,Malleshwaram Circle,1778,Weekday,False,Clear,False,0.0,False,False,0.81,Severe,17.7,59.7,265.4,0.155,0.359,0.979,Heavy congestion detected - signal timing extended and reroute suggested
EVT453577,2025-06-11 11:57:32,Sports Fixture,J009,Majestic,20336,Weekday,False,Clear,False,0.0,False,False,0.335,Low,34.9,23.4,134.7,0.117,0.27,0.961,Moderate traffic flow - standard adaptive signal timing in effect
EVT453578,2025-05-26 08:49:33,Concert,J020,Malleshwaram Circle,27993,Weekday,False,Clear,False,0.0,False,False,1.0,Severe,7.6,77.0,569.5,0.174,0.403,0.895,Heavy congestion detected - signal timing extended and reroute suggested
EVT453579,2026-05-27 06:34:55,Sports Fixture,J020,Malleshwaram Circle,44814,Weekday,False,Clear,False,0.0,False,False,0.558,High,22.2,45.9,220.2,0.165,0.38,0.957,Moderate traffic flow - standard adaptive signal timing in effect
EVT453580,2026-02-20 18:35:48,Sports Fixture,J023,Basavanagudi,16795,Weekday,False,Light Rain,True,2.8,False,False,1.0,Severe,10.2,73.8,476.9,0.2,0.461,0.893,Heavy rain reducing visibility and grip - reduced speed and longer buffer advised
EVT453581,2025-08-28 09:14:40,Religious Festival,J020,Malleshwaram Circle,66273,Weekday,True,Rain,True,8.8,False,False,1.0,Severe,8.2,74.5,387.9,0.157,0.363,0.823,Festival crowd surge detected - alternate route and extended cycle recommended
EVT453582,2025-07-31 14:44:09,Political Rally,J030,MG Road,12887,Weekday,False,Clear,False,0.0,False,False,0.32,Low,27.8,25.2,239.8,0.187,0.432,0.99,Moderate traffic flow - standard adaptive signal timing in effect
EVT453583,2026-06-15 12:56:57,Trade Fair,J020,Malleshwaram Circle,7117,Weekday,False,Clear,False,0.0,False,False,0.238,Low,25.8,21.6,114.4,0.073,0.169,0.99,Normal free-flow traffic - standard signal timing maintained
EVT453584,2025-07-11 23:49:13,Trade Fair,J009,Majestic,9574,Weekday,False,Clear,False,0.0,False,False,0.14,Low,39.3,7.5,141.0,0.132,0.306,0.98,Normal free-flow traffic - standard signal timing maintained
EVT453585,2026-06-12 19:51:19,Local Market Day,J040,City Market,4318,Weekday,False,Clear,False,0.0,False,False,0.896,Severe,14.1,64.1,430.8,0.223,0.516,0.946,Heavy congestion detected - signal timing extended and reroute suggested
EVT453586,2025-11-03 09:42:55,Local Market Day,J030,MG Road,5086,Weekday,False,Clear,False,0.0,False,False,0.924,Severe,9.3,62.1,693.9,0.262,0.604,0.921,Heavy congestion detected - signal timing extended and reroute suggested
EVT453587,2025-05-30 10:55:14,Local Market Day,J011,Indiranagar 100ft Road,2924,Weekday,False,Rain,True,7.6,False,False,0.657,High,23.7,44.6,200.6,0.138,0.318,0.949,Heavy rain reducing visibility and grip - reduced speed and longer buffer advised
EVT453588,2025-12-23 12:14:36,Sports Fixture,J023,Basavanagudi,17883,Weekday,False,Clear,False,0.0,False,False,0.225,Low,35.0,12.6,147.0,0.155,0.358,0.938,Normal free-flow traffic - standard signal timing maintained
EVT453589,2025-02-20 15:35:06,Local Market Day,J012,Koramangala Sony World,3235,Weekday,False,Clear,False,0.0,False,False,0.334,Low,29.8,30.4,144.7,0.113,0.26,0.982,Moderate traffic flow - standard adaptive signal timing in effect
EVT453590,2025-01-27 09:07:37,Cultural Procession,J012,Koramangala Sony World,12941,Weekday,True,Clear,False,0.0,False,True,1.0,Severe,8.7,102.2,449.9,0.175,0.404,0.832,Road closure for event/procession - full detour recommended for through-traffic
EVT453591,2026-06-26 16:37:06,Political Rally,J009,Majestic,13122,Weekday,False,Clear,False,0.0,False,False,0.624,High,22.4,47.5,206.1,0.152,0.351,0.981,Moderate traffic flow - standard adaptive signal timing in effect
EVT453592,2025-09-15 19:08:11,Trade Fair,J030,MG Road,6232,Weekday,False,Rain,True,11.0,False,False,1.0,Severe,8.3,70.3,881.6,0.288,0.666,0.881,Heavy rain reducing visibility and grip - reduced speed and longer buffer advised
EVT453593,2025-09-21 15:01:22,Trade Fair,J023,Basavanagudi,6390,Weekend,False,Clear,False,0.0,False,False,0.304,Low,28.6,18.0,137.8,0.097,0.224,0.983,Moderate traffic flow - standard adaptive signal timing in effect
EVT453594,2025-08-28 14:12:02,Religious Festival,J030,MG Road,40212,Weekday,True,Clear,False,0.0,False,True,0.807,High,11.8,81.6,373.2,0.182,0.42,0.872,Road closure for event/procession - full detour recommended for through-traffic
EVT453595,2026-01-25 08:06:51,Concert,J020,Malleshwaram Circle,11951,Weekend,False,Fog,False,0.0,False,False,0.72,High,19.7,58.4,246.1,0.158,0.365,0.957,Moderate traffic flow - standard adaptive signal timing in effect
EVT453596,2025-01-28 20:48:45,Concert,J031,Cubbon Road,9999,Weekday,False,Clear,False,0.0,False,False,0.607,High,17.1,42.8,202.0,0.109,0.252,0.966,Moderate traffic flow - standard adaptive signal timing in effect
EVT453597,2025-10-30 20:52:48,Trade Fair,J031,Cubbon Road,8568,Weekday,False,Rain,True,16.9,False,False,0.67,High,21.5,49.1,136.8,0.099,0.228,0.907,Heavy rain reducing visibility and grip - reduced speed and longer buffer advised
EVT453598,2025-09-09 16:30:38,Sports Fixture,J031,Cubbon Road,31682,Weekday,False,Clear,False,0.0,False,False,0.73,High,17.1,49.9,196.4,0.123,0.283,0.946,Moderate traffic flow - standard adaptive signal timing in effect
EVT453599,2026-04-17 21:03:15,Sports Fixture,J030,MG Road,11593,Weekday,False,Clear,False,0.0,False,False,0.433,Moderate,27.0,30.6,199.8,0.156,0.359,0.946,Moderate traffic flow - standard adaptive signal timing in effect
EVT453600,2025-10-29 18:45:20,Political Rally,J040,City Market,7786,Weekday,False,Clear,False,0.0,False,False,1.0,Severe,6.1,64.2,257.6,0.081,0.187,0.904,Heavy congestion detected - signal timing extended and reroute suggested
EVT453601,2026-03-15 23:08:49,Local Market Day,J012,Koramangala Sony World,3433,Weekend,False,Clear,False,0.0,False,False,0.225,Low,29.7,17.9,110.9,0.089,0.204,0.953,Normal free-flow traffic - standard signal timing maintained
EVT453602,2025-01-31 20:48:36,Local Market Day,J023,Basavanagudi,2805,Weekday,False,Clear,False,0.0,False,False,0.441,Moderate,30.7,26.8,171.3,0.146,0.337,0.948,Moderate traffic flow - standard adaptive signal timing in effect
EVT453603,2026-04-20 17:55:59,Sports Fixture,J009,Majestic,19790,Weekday,False,Light Rain,True,4.0,False,False,1.0,Severe,8.3,68.2,535.0,0.17,0.392,0.883,Heavy rain reducing visibility and grip - reduced speed and longer buffer advised
EVT453604,2026-04-02 20:26:11,Sports Fixture,J012,Koramangala Sony World,18167,Weekday,False,Clear,False,0.0,False,False,0.609,High,22.9,51.4,336.8,0.206,0.475,0.982,Moderate traffic flow - standard adaptive signal timing in effect
EVT453605,2025-01-10 08:01:08,Local Market Day,J030,MG Road,1697,Weekday,False,Fog,False,0.0,False,False,0.692,High,19.9,46.0,311.2,0.187,0.432,0.939,Moderate traffic flow - standard adaptive signal timing in effect
EVT453606,2025-12-27 17:36:00,Trade Fair,J011,Indiranagar 100ft Road,11637,Weekend,False,Clear,False,0.0,False,False,0.718,High,19.9,42.4,330.8,0.234,0.541,0.99,Moderate traffic flow - standard adaptive signal timing in effect
EVT453607,2026-02-04 11:01:52,Local Market Day,J009,Majestic,5234,Weekday,False,Clear,False,0.0,False,False,0.442,Moderate,17.4,32.4,189.6,0.127,0.294,0.958,Moderate traffic flow - standard adaptive signal timing in effect
EVT453608,2025-10-24 09:53:42,Concert,J020,Malleshwaram Circle,11928,Weekday,False,Rain,True,14.2,False,False,1.0,Severe,7.1,75.8,631.0,0.199,0.459,0.9,Heavy rain reducing visibility and grip - reduced speed and longer buffer advised
EVT453609,2025-07-12 08:37:52,Concert,J020,Malleshwaram Circle,8016,Weekend,False,Clear,False,0.0,False,False,0.775,Severe,16.7,47.8,374.1,0.206,0.477,0.948,Heavy congestion detected - signal timing extended and reroute suggested
EVT453610,2025-03-13 15:52:12,Trade Fair,J040,City Market,7144,Weekday,False,Clear,False,0.0,False,False,0.438,Moderate,34.3,30.8,188.4,0.168,0.388,0.962,Moderate traffic flow - standard adaptive signal timing in effect
EVT453611,2025-02-13 12:55:45,Sports Fixture,J009,Majestic,17062,Weekday,False,Fog,False,0.0,False,False,0.293,Low,38.6,24.5,128.4,0.148,0.341,0.968,Moderate traffic flow - standard adaptive signal timing in effect
EVT453612,2026-02-05 20:32:26,Trade Fair,J011,Indiranagar 100ft Road,14665,Weekday,False,Clear,False,0.0,False,False,0.665,High,20.4,48.0,255.3,0.161,0.372,0.945,Moderate traffic flow - standard adaptive signal timing in effect
EVT453613,2026-01-19 14:21:45,Local Market Day,J031,Cubbon Road,3351,Weekday,False,Clear,False,0.0,False,False,0.231,Low,35.8,16.5,44.7,0.041,0.095,0.956,Normal free-flow traffic - standard signal timing maintained
EVT453614,2025-01-15 13:22:08,Religious Festival,J031,Cubbon Road,29769,Weekday,True,Clear,False,0.0,False,False,0.455,Moderate,29.9,35.9,180.8,0.131,0.302,0.931,Moderate traffic flow - standard adaptive signal timing in effect
EVT453615,2025-12-23 13:05:23,Political Rally,J040,City Market,8610,Weekday,False,Clear,False,0.0,False,False,0.22,Low,35.9,12.9,73.7,0.077,0.178,0.977,Normal free-flow traffic - standard signal timing maintained
EVT453616,2025-01-24 10:43:51,Local Market Day,J030,MG Road,2572,Weekday,False,Clear,False,0.0,False,False,0.566,High,23.2,37.5,170.3,0.104,0.241,0.963,Moderate traffic flow - standard adaptive signal timing in effect
EVT453617,2025-07-13 07:17:44,Sports Fixture,J031,Cubbon Road,25938,Weekend,False,Fog,False,0.0,False,False,0.716,High,21.4,44.3,256.7,0.169,0.39,0.959,Moderate traffic flow - standard adaptive signal timing in effect
EVT453618,2025-12-16 07:52:11,Trade Fair,J031,Cubbon Road,7925,Weekday,False,Clear,False,0.0,False,False,0.742,High,13.8,51.8,299.4,0.165,0.38,0.954,Moderate traffic flow - standard adaptive signal timing in effect
EVT453619,2025-10-05 09:53:21,Concert,J011,Indiranagar 100ft Road,8123,Weekend,False,Clear,False,0.0,False,False,0.755,Severe,18.0,51.0,142.1,0.08,0.184,0.979,Heavy congestion detected - signal timing extended and reroute suggested
EVT453620,2025-12-20 11:16:03,Local Market Day,J020,Malleshwaram Circle,7786,Weekend,False,Clear,False,0.0,False,False,0.484,Moderate,29.6,39.4,173.5,0.135,0.312,0.981,Moderate traffic flow - standard adaptive signal timing in effect
EVT453621,2025-09-12 20:22:16,Trade Fair,J009,Majestic,8048,Weekday,False,Clear,False,0.0,False,False,0.671,High,23.8,50.3,292.5,0.215,0.497,0.947,Moderate traffic flow - standard adaptive signal timing in effect
EVT453622,2025-10-14 08:56:43,Local Market Day,J012,Koramangala Sony World,5130,Weekday,False,Clear,False,0.0,False,False,1.0,Severe,7.1,75.2,844.8,0.254,0.587,0.922,Heavy congestion detected - signal timing extended and reroute suggested
EVT453623,2025-05-05 14:16:35,Trade Fair,J030,MG Road,4511,Weekday,False,Clear,False,0.0,False,False,0.287,Low,35.0,23.8,108.4,0.093,0.215,0.952,Moderate traffic flow - standard adaptive signal timing in effect
EVT453624,2025-08-28 22:10:31,Religious Festival,J023,Basavanagudi,27855,Weekday,True,Clear,False,0.0,False,False,0.56,High,19.3,42.6,318.6,0.203,0.469,0.887,Festival crowd surge detected - alternate route and extended cycle recommended
EVT453625,2026-02-27 16:28:14,Sports Fixture,J009,Majestic,21757,Weekday,False,Clear,False,0.0,False,False,0.78,Severe,18.2,57.0,392.2,0.212,0.491,0.977,Heavy congestion detected - signal timing extended and reroute suggested
EVT453626,2025-05-20 18:09:58,Local Market Day,J031,Cubbon Road,2848,Weekday,False,Light Rain,True,4.7,False,False,1.0,Severe,8.2,73.1,539.8,0.178,0.412,0.867,Heavy rain reducing visibility and grip - reduced speed and longer buffer advised
EVT453627,2026-04-24 08:31:25,Local Market Day,J030,MG Road,3750,Weekday,False,Clear,False,0.0,False,False,0.937,Severe,9.6,66.2,474.1,0.19,0.438,0.932,Heavy congestion detected - signal timing extended and reroute suggested
EVT453628,2026-04-30 06:06:21,Sports Fixture,J040,City Market,26585,Weekday,False,Clear,False,0.0,False,False,0.425,Moderate,31.0,29.6,101.4,0.074,0.171,0.95,Moderate traffic flow - standard adaptive signal timing in effect
EVT453629,2025-09-03 17:13:14,Trade Fair,J011,Indiranagar 100ft Road,9602,Weekday,False,Clear,False,0.0,False,False,0.813,Severe,12.0,56.6,152.1,0.049,0.113,0.95,Heavy congestion detected - signal timing extended and reroute suggested
EVT453630,2026-03-06 16:19:02,Concert,J012,Koramangala Sony World,21539,Weekday,False,Clear,False,0.0,False,False,0.64,High,19.9,48.7,258.4,0.167,0.385,0.965,Moderate traffic flow - standard adaptive signal timing in effect
EVT453631,2025-04-18 10:24:37,Concert,J023,Basavanagudi,16989,Weekday,False,Clear,False,0.0,False,False,0.704,High,16.4,44.5,319.3,0.17,0.393,0.982,Moderate traffic flow - standard adaptive signal timing in effect
EVT453632,2025-08-17 11:07:17,Political Rally,J020,Malleshwaram Circle,11410,Weekend,False,Rain,True,17.9,False,False,0.571,High,20.8,36.1,212.3,0.131,0.302,0.937,Heavy rain reducing visibility and grip - reduced speed and longer buffer advised
EVT453633,2026-01-02 19:15:04,Cultural Procession,J012,Koramangala Sony World,12918,Weekday,True,Clear,False,0.0,False,True,1.0,Severe,7.3,104.6,741.5,0.246,0.568,0.829,Road closure for event/procession - full detour recommended for through-traffic
EVT453634,2025-10-04 09:09:48,Concert,J031,Cubbon Road,6748,Weekend,False,Clear,False,0.0,False,False,0.839,Severe,13.5,56.3,484.2,0.248,0.572,0.959,Heavy congestion detected - signal timing extended and reroute suggested
EVT453635,2025-07-31 08:46:42,Local Market Day,J011,Indiranagar 100ft Road,5321,Weekday,False,Clear,False,0.0,False,False,0.981,Severe,7.7,73.2,459.8,0.162,0.374,0.929,Heavy congestion detected - signal timing extended and reroute suggested
EVT453636,2026-04-24 15:13:04,Trade Fair,J030,MG Road,11986,Weekday,False,Clear,False,0.0,False,False,0.442,Moderate,22.5,29.4,222.2,0.145,0.336,0.962,Moderate traffic flow - standard adaptive signal timing in effect
EVT453637,2025-09-18 14:15:20,Trade Fair,J020,Malleshwaram Circle,5131,Weekday,False,Clear,False,0.0,False,False,0.257,Low,27.9,21.3,181.2,0.143,0.331,0.99,Moderate traffic flow - standard adaptive signal timing in effect
EVT453638,2025-09-20 08:55:19,Sports Fixture,J009,Majestic,19041,Weekend,False,Clear,False,0.0,False,False,0.958,Severe,9.4,60.4,175.4,0.073,0.169,0.918,Heavy congestion detected - signal timing extended and reroute suggested
EVT453639,2025-10-05 06:24:16,Sports Fixture,J011,Indiranagar 100ft Road,16989,Weekend,False,Clear,False,0.0,False,False,0.402,Moderate,31.2,31.2,131.7,0.097,0.224,0.97,Moderate traffic flow - standard adaptive signal timing in effect
EVT453640,2025-06-18 18:31:00,Political Rally,J012,Koramangala Sony World,14310,Weekday,False,Rain,True,8.7,False,False,1.0,Severe,9.7,69.6,570.8,0.202,0.467,0.871,Heavy rain reducing visibility and grip - reduced speed and longer buffer advised
EVT453641,2025-08-28 21:53:15,Religious Festival,J040,City Market,26694,Weekday,True,Clear,False,0.0,False,False,0.576,High,21.8,42.7,166.4,0.098,0.226,0.911,Festival crowd surge detected - alternate route and extended cycle recommended
EVT453642,2025-09-05 18:15:35,Religious Festival,J020,Malleshwaram Circle,66339,Weekday,True,Clear,False,0.0,False,True,1.0,Severe,7.2,98.8,532.9,0.192,0.443,0.82,Road closure for event/procession - full detour recommended for through-traffic
EVT453643,2026-06-23 17:50:50,Concert,J012,Koramangala Sony World,11163,Weekday,False,Heavy Rain,True,45.9,False,False,1.0,Severe,7.7,78.8,581.2,0.188,0.435,0.849,Heavy rain reducing visibility and grip - reduced speed and longer buffer advised
EVT453644,2025-12-31 15:27:40,Sports Fixture,J030,MG Road,38257,Weekday,False,Clear,False,0.0,False,False,0.578,High,23.2,38.2,132.5,0.115,0.266,0.961,Moderate traffic flow - standard adaptive signal timing in effect
EVT453645,2025-03-03 16:17:00,Local Market Day,J011,Indiranagar 100ft Road,4019,Weekday,False,Clear,False,0.0,False,False,0.59,High,17.4,42.8,371.3,0.197,0.454,0.982,Moderate traffic flow - standard adaptive signal timing in effect
EVT453646,2025-11-12 16:37:49,Local Market Day,J031,Cubbon Road,3864,Weekday,False,Clear,False,0.0,False,False,0.577,High,20.8,38.0,307.7,0.179,0.412,0.963,Moderate traffic flow - standard adaptive signal timing in effect
EVT453647,2025-12-27 15:03:38,Concert,J031,Cubbon Road,18916,Weekend,False,Clear,False,0.0,False,False,0.348,Low,34.5,24.6,158.7,0.135,0.311,0.935,Moderate traffic flow - standard adaptive signal timing in effect
EVT453648,2025-04-09 10:23:30,Concert,J031,Cubbon Road,10688,Weekday,False,Clear,False,0.0,False,False,0.783,Severe,13.4,52.1,441.7,0.209,0.483,0.96,Heavy congestion detected - signal timing extended and reroute suggested
EVT453649,2025-06-26 09:05:37,Local Market Day,J011,Indiranagar 100ft Road,7026,Weekday,False,Rain,True,13.5,False,False,1.0,Severe,9.6,66.2,785.2,0.286,0.661,0.879,Heavy rain reducing visibility and grip - reduced speed and longer buffer advised
EVT453650,2025-10-09 06:59:46,Local Market Day,J030,MG Road,3807,Weekday,False,Clear,False,0.0,False,False,0.323,Low,27.8,18.5,240.8,0.191,0.442,0.979,Moderate traffic flow - standard adaptive signal timing in effect
EVT453651,2025-11-27 15:51:34,Local Market Day,J040,City Market,3650,Weekday,False,Clear,False,0.0,False,False,0.349,Low,33.4,16.0,170.3,0.168,0.388,0.968,Moderate traffic flow - standard adaptive signal timing in effect
EVT453652,2025-04-21 02:45:49,Trade Fair,J030,MG Road,10692,Weekday,False,Rain,True,15.3,False,False,0.437,Moderate,27.0,25.8,121.0,0.068,0.157,0.899,Light rain detected - minor speed reduction advised
EVT453653,2025-10-13 11:05:23,Sports Fixture,J012,Koramangala Sony World,33640,Weekday,False,Heavy Rain,True,27.3,False,False,0.826,Severe,14.9,60.5,415.5,0.219,0.507,0.907,Heavy rain reducing visibility and grip - reduced speed and longer buffer advised
EVT453654,2025-05-13 18:59:55,Political Rally,J030,MG Road,14205,Weekday,False,Clear,False,0.0,False,False,1.0,Severe,9.7,75.6,229.3,0.099,0.229,0.92,Heavy congestion detected - signal timing extended and reroute suggested
EVT453655,2025-09-16 19:26:32,Concert,J009,Majestic,6366,Weekday,False,Clear,False,0.0,False,False,0.925,Severe,9.8,69.9,526.6,0.205,0.475,0.914,Heavy congestion detected - signal timing extended and reroute suggested
EVT453656,2025-11-22 13:43:19,Sports Fixture,J030,MG Road,34819,Weekend,False,Light Rain,True,4.9,False,False,0.541,Moderate,26.6,42.1,166.4,0.143,0.33,0.926,Light rain detected - minor speed reduction advised
EVT453657,2025-06-19 19:29:23,Sports Fixture,J011,Indiranagar 100ft Road,16157,Weekday,False,Clear,False,0.0,False,False,1.0,Severe,7.6,67.7,616.8,0.195,0.451,0.922,Heavy congestion detected - signal timing extended and reroute suggested
EVT453658,2025-11-09 17:04:11,Political Rally,J009,Majestic,14396,Weekend,False,Clear,False,0.0,False,False,0.689,High,13.2,49.4,416.0,0.174,0.401,0.988,Moderate traffic flow - standard adaptive signal timing in effect
EVT453659,2025-12-13 18:22:12,Sports Fixture,J009,Majestic,16766,Weekend,False,Light Rain,True,0.9,False,False,1.0,Severe,10.7,71.3,501.6,0.219,0.507,0.877,Heavy rain reducing visibility and grip - reduced speed and longer buffer advised
EVT453660,2025-09-26 09:08:27,Sports Fixture,J040,City Market,17497,Weekday,False,Light Rain,True,5.6,False,False,1.0,Severe,9.8,76.0,342.7,0.148,0.342,0.855,Heavy rain reducing visibility and grip - reduced speed and longer buffer advised
EVT453661,2025-10-25 22:07:15,Trade Fair,J030,MG Road,9076,Weekend,False,Clear,False,0.0,False,False,0.357,Moderate,30.4,25.0,170.3,0.146,0.338,0.978,Moderate traffic flow - standard adaptive signal timing in effect
EVT453662,2025-10-25 19:58:19,Sports Fixture,J040,City Market,29326,Weekend,False,Clear,False,0.0,False,False,0.844,Severe,15.0,63.8,237.9,0.119,0.274,0.946,Heavy congestion detected - signal timing extended and reroute suggested
EVT453663,2026-06-08 23:16:42,Concert,J011,Indiranagar 100ft Road,16713,Weekday,False,Rain,True,21.4,False,False,0.49,Moderate,30.4,37.4,198.8,0.167,0.386,0.91,Light rain detected - minor speed reduction advised
EVT453664,2025-04-16 20:18:59,Concert,J020,Malleshwaram Circle,5895,Weekday,False,Clear,False,0.0,False,False,0.619,High,16.5,36.9,224.5,0.124,0.286,0.955,Moderate traffic flow - standard adaptive signal timing in effect
EVT453665,2025-07-25 14:05:55,Sports Fixture,J020,Malleshwaram Circle,16099,Weekday,False,Heavy Rain,True,56.2,False,False,0.522,Moderate,28.0,34.0,208.5,0.151,0.348,0.939,Light rain detected - minor speed reduction advised
EVT453666,2025-01-05 07:02:13,Trade Fair,J009,Majestic,10509,Weekend,False,Clear,False,0.0,False,False,0.503,Moderate,22.6,31.8,78.9,0.045,0.105,0.966,Moderate traffic flow - standard adaptive signal timing in effect
EVT453667,2026-03-24 16:39:53,Local Market Day,J030,MG Road,2908,Weekday,False,Clear,False,0.0,False,False,0.611,High,25.7,37.4,98.6,0.058,0.134,0.984,Moderate traffic flow - standard adaptive signal timing in effect
EVT453668,2026-05-03 09:37:16,Sports Fixture,J011,Indiranagar 100ft Road,10733,Weekend,False,Light Rain,True,5.9,False,False,0.93,Severe,9.7,61.1,271.2,0.109,0.252,0.869,Heavy rain reducing visibility and grip - reduced speed and longer buffer advised
EVT453669,2026-03-15 18:30:54,Trade Fair,J031,Cubbon Road,18952,Weekend,False,Clear,False,0.0,False,False,0.964,Severe,8.2,64.5,902.6,0.286,0.662,0.929,Heavy congestion detected - signal timing extended and reroute suggested
EVT453670,2026-01-11 21:49:01,Local Market Day,J020,Malleshwaram Circle,4510,Weekend,False,Clear,False,0.0,False,False,0.28,Low,28.1,17.7,261.4,0.188,0.435,0.976,Moderate traffic flow - standard adaptive signal timing in effect
EVT453671,2025-05-01 09:20:12,Religious Festival,J012,Koramangala Sony World,83392,Weekday,True,Heavy Rain,True,31.5,False,False,1.0,Severe,9.0,71.3,226.3,0.091,0.21,0.821,Festival crowd surge detected - alternate route and extended cycle recommended
EVT453672,2025-10-21 20:13:51,Religious Festival,J031,Cubbon Road,58905,Weekday,True,Clear,False,0.0,False,True,1.0,Severe,8.4,109.7,434.4,0.164,0.379,0.823,Road closure for event/procession - full detour recommended for through-traffic
EVT453673,2026-05-22 18:10:13,Concert,J011,Indiranagar 100ft Road,7908,Weekday,False,Heavy Rain,True,26.9,False,False,1.0,Severe,7.4,71.9,726.3,0.233,0.539,0.879,Heavy rain reducing visibility and grip - reduced speed and longer buffer advised
EVT453674,2026-01-25 17:15:45,Trade Fair,J031,Cubbon Road,7801,Weekend,False,Clear,False,0.0,False,False,0.724,High,11.8,55.5,505.0,0.208,0.481,0.969,Moderate traffic flow - standard adaptive signal timing in effect
EVT453675,2025-04-01 05:11:31,Sports Fixture,J012,Koramangala Sony World,22417,Weekday,False,Clear,False,0.0,False,False,0.294,Low,40.4,24.9,146.4,0.148,0.343,0.955,Moderate traffic flow - standard adaptive signal timing in effect
EVT453676,2026-01-16 23:36:55,Concert,J011,Indiranagar 100ft Road,13156,Weekday,False,Clear,False,0.0,False,False,0.176,Low,33.2,8.4,96.9,0.067,0.154,0.975,Normal free-flow traffic - standard signal timing maintained
EVT453677,2026-05-22 08:29:41,Concert,J040,City Market,10888,Weekday,False,Clear,False,0.0,False,False,1.0,Severe,7.5,74.6,848.1,0.259,0.599,0.889,Heavy congestion detected - signal timing extended and reroute suggested
EVT453678,2026-05-20 18:16:49,Concert,J023,Basavanagudi,17765,Weekday,False,Clear,False,0.0,False,False,1.0,Severe,8.8,78.5,597.1,0.214,0.495,0.925,Heavy congestion detected - signal timing extended and reroute suggested
EVT453679,2026-04-22 14:50:38,Trade Fair,J011,Indiranagar 100ft Road,6517,Weekday,False,Clear,False,0.0,False,False,0.3,Low,26.9,19.4,248.8,0.172,0.397,0.961,Moderate traffic flow - standard adaptive signal timing in effect
EVT453680,2026-04-13 20:34:01,Concert,J031,Cubbon Road,11312,Weekday,False,Light Rain,True,4.1,False,False,0.64,High,21.8,43.8,314.9,0.213,0.491,0.923,Heavy rain reducing visibility and grip - reduced speed and longer buffer advised
EVT453681,2026-01-26 08:12:27,Religious Festival,J023,Basavanagudi,30032,Weekday,True,Clear,False,0.0,False,False,1.0,Severe,8.6,73.5,554.5,0.179,0.413,0.866,Festival crowd surge detected - alternate route and extended cycle recommended
EVT453682,2026-05-21 07:49:11,Political Rally,J011,Indiranagar 100ft Road,14051,Weekday,False,Rain,True,23.3,False,False,1.0,Severe,7.8,72.0,752.7,0.235,0.542,0.861,Heavy rain reducing visibility and grip - reduced speed and longer buffer advised
EVT453683,2025-05-09 07:59:38,Sports Fixture,J020,Malleshwaram Circle,17296,Weekday,False,Clear,False,0.0,False,False,0.906,Severe,11.1,70.3,375.9,0.175,0.404,0.91,Heavy congestion detected - signal timing extended and reroute suggested
EVT453684,2025-03-07 16:57:12,Local Market Day,J023,Basavanagudi,1855,Weekday,False,Clear,False,0.0,False,False,0.716,High,17.1,53.0,222.7,0.116,0.268,0.974,Moderate traffic flow - standard adaptive signal timing in effect
EVT453685,2025-11-28 17:28:48,Local Market Day,J012,Koramangala Sony World,4652,Weekday,False,Clear,False,0.0,False,False,0.901,Severe,10.4,64.3,577.4,0.222,0.513,0.932,Heavy congestion detected - signal timing extended and reroute suggested
EVT453686,2025-04-22 18:02:58,Trade Fair,J012,Koramangala Sony World,7296,Weekday,False,Clear,False,0.0,False,False,1.0,Severe,9.5,68.5,646.8,0.247,0.57,0.918,Heavy congestion detected - signal timing extended and reroute suggested
EVT453687,2025-05-31 07:12:34,Sports Fixture,J020,Malleshwaram Circle,15881,Weekend,False,Heavy Rain,True,46.2,False,False,0.849,Severe,14.7,57.6,270.6,0.137,0.318,0.877,Heavy rain reducing visibility and grip - reduced speed and longer buffer advised
EVT453688,2025-02-28 23:30:06,Local Market Day,J020,Malleshwaram Circle,2160,Weekday,False,Clear,False,0.0,False,False,0.178,Low,34.4,11.1,167.5,0.16,0.369,0.945,Normal free-flow traffic - standard signal timing maintained
EVT453689,2025-02-17 17:52:52,Local Market Day,J040,City Market,3082,Weekday,False,Clear,False,0.0,False,False,0.96,Severe,11.0,64.9,465.4,0.196,0.453,0.935,Heavy congestion detected - signal timing extended and reroute suggested
EVT453690,2025-10-23 08:00:28,Local Market Day,J023,Basavanagudi,5278,Weekday,False,Rain,True,16.0,False,False,1.0,Severe,9.5,70.4,592.7,0.24,0.553,0.877,Heavy rain reducing visibility and grip - reduced speed and longer buffer advised
EVT453691,2026-03-30 17:08:23,Concert,J040,City Market,19627,Weekday,False,Clear,False,0.0,False,False,0.916,Severe,13.5,66.0,315.7,0.182,0.421,0.934,Heavy congestion detected - signal timing extended and reroute suggested
EVT453692,2026-04-05 01:01:36,Concert,J030,MG Road,20796,Weekend,False,Clear,False,0.0,False,False,0.257,Low,27.1,19.1,112.9,0.077,0.177,0.946,Moderate traffic flow - standard adaptive signal timing in effect
EVT453693,2025-11-22 10:10:16,Concert,J023,Basavanagudi,19288,Weekend,False,Clear,False,0.0,False,False,0.698,High,23.0,47.3,148.9,0.106,0.244,0.982,Moderate traffic flow - standard adaptive signal timing in effect
EVT453694,2025-08-12 10:08:08,Sports Fixture,J023,Basavanagudi,16700,Weekday,False,Clear,False,0.0,False,False,0.781,Severe,17.4,51.2,177.5,0.1,0.23,0.955,Heavy congestion detected - signal timing extended and reroute suggested
EVT453695,2026-02-15 23:05:49,Local Market Day,J040,City Market,1697,Weekend,False,Clear,False,0.0,False,False,0.293,Low,33.8,24.5,102.0,0.094,0.217,0.966,Moderate traffic flow - standard adaptive signal timing in effect
EVT453696,2025-12-24 21:19:31,Concert,J030,MG Road,5690,Weekday,False,Clear,False,0.0,False,False,0.31,Low,38.6,23.7,89.0,0.091,0.211,0.971,Moderate traffic flow - standard adaptive signal timing in effect
EVT453697,2026-06-23 11:55:03,Local Market Day,J020,Malleshwaram Circle,2244,Weekday,False,Rain,True,21.6,False,False,0.492,Moderate,24.3,39.8,268.5,0.195,0.45,0.898,Light rain detected - minor speed reduction advised
EVT453698,2025-12-13 06:03:50,Concert,J030,MG Road,16465,Weekend,False,Clear,False,0.0,False,False,0.306,Low,32.3,21.2,151.5,0.137,0.315,0.964,Moderate traffic flow - standard adaptive signal timing in effect
EVT453699,2025-01-01 16:27:46,Sports Fixture,J012,Koramangala Sony World,20412,Weekday,False,Clear,False,0.0,False,False,0.641,High,25.5,40.6,246.0,0.207,0.477,0.967,Moderate traffic flow - standard adaptive signal timing in effect
EVT453700,2025-11-01 16:38:13,Religious Festival,J023,Basavanagudi,33637,Weekend,True,Clear,False,0.0,False,True,1.0,Severe,7.2,100.7,676.3,0.217,0.502,0.851,Road closure for event/procession - full detour recommended for through-traffic
EVT453701,2025-04-06 17:52:33,Cultural Procession,J020,Malleshwaram Circle,32472,Weekend,True,Rain,True,9.5,False,False,1.0,Severe,8.1,69.0,627.8,0.217,0.502,0.823,Festival crowd surge detected - alternate route and extended cycle recommended
EVT453702,2025-05-21 07:01:17,Local Market Day,J030,MG Road,3542,Weekday,False,Rain,True,19.4,False,False,0.565,High,18.3,43.8,380.2,0.206,0.477,0.926,Heavy rain reducing visibility and grip - reduced speed and longer buffer advised
EVT453703,2025-06-15 20:59:52,Concert,J020,Malleshwaram Circle,10066,Weekend,False,Fog,False,0.0,False,False,0.452,Moderate,21.5,24.7,293.4,0.176,0.407,0.976,Moderate traffic flow - standard adaptive signal timing in effect
EVT453704,2026-02-09 08:50:25,Political Rally,J040,City Market,14602,Weekday,False,Clear,False,0.0,False,False,1.0,Severe,10.1,68.5,519.4,0.215,0.496,0.919,Heavy congestion detected - signal timing extended and reroute suggested
EVT453705,2026-04-01 07:10:46,Concert,J023,Basavanagudi,9135,Weekday,False,Clear,False,0.0,True,False,0.951,Severe,10.2,73.1,445.5,0.173,0.4,0.766,Accident detected nearby - reroute and reduced speed advised
EVT453706,2026-02-03 20:17:21,Local Market Day,J040,City Market,4598,Weekday,False,Clear,False,0.0,False,False,0.733,High,18.1,48.8,290.4,0.165,0.381,0.969,Moderate traffic flow - standard adaptive signal timing in effect
EVT453707,2025-11-20 19:59:03,Concert,J009,Majestic,9261,Weekday,False,Rain,True,11.5,False,False,0.817,Severe,10.8,58.7,523.3,0.208,0.48,0.889,Heavy rain reducing visibility and grip - reduced speed and longer buffer advised
EVT453708,2026-01-18 09:44:14,Sports Fixture,J040,City Market,15436,Weekend,False,Light Rain,True,1.1,False,False,0.872,Severe,12.8,62.2,275.9,0.147,0.34,0.883,Heavy rain reducing visibility and grip - reduced speed and longer buffer advised
EVT453709,2026-02-12 05:05:52,Political Rally,J012,Koramangala Sony World,15370,Weekday,False,Clear,False,0.0,False,False,0.281,Low,33.4,21.4,74.4,0.055,0.126,0.943,Moderate traffic flow - standard adaptive signal timing in effect
EVT453710,2026-03-16 23:43:58,Local Market Day,J023,Basavanagudi,5122,Weekday,False,Clear,False,0.0,False,False,0.175,Low,42.0,8.8,128.0,0.133,0.307,0.948,Normal free-flow traffic - standard signal timing maintained
EVT453711,2026-02-18 07:53:31,Local Market Day,J040,City Market,3912,Weekday,False,Clear,False,0.0,False,False,0.717,High,19.0,46.3,308.1,0.188,0.434,0.972,Moderate traffic flow - standard adaptive signal timing in effect
EVT453712,2025-11-23 18:55:11,Sports Fixture,J020,Malleshwaram Circle,17018,Weekend,False,Clear,False,0.0,False,False,0.959,Severe,9.9,70.9,669.5,0.238,0.549,0.93,Heavy congestion detected - signal timing extended and reroute suggested
EVT453713,2026-01-11 13:29:42,Concert,J012,Koramangala Sony World,11964,Weekend,False,Clear,False,0.0,False,False,0.36,Moderate,28.2,23.7,95.1,0.085,0.196,0.965,Moderate traffic flow - standard adaptive signal timing in effect
EVT453714,2026-03-09 08:21:41,Local Market Day,J011,Indiranagar 100ft Road,5544,Weekday,False,Clear,False,0.0,False,False,0.962,Severe,9.2,69.9,459.6,0.167,0.385,0.909,Heavy congestion detected - signal timing extended and reroute suggested
EVT453715,2025-04-24 18:26:58,Local Market Day,J009,Majestic,2575,Weekday,False,Clear,False,0.0,False,False,0.996,Severe,8.4,72.7,526.9,0.194,0.449,0.934,Heavy congestion detected - signal timing extended and reroute suggested
EVT453716,2025-10-01 16:32:32,Local Market Day,J011,Indiranagar 100ft Road,7007,Weekday,False,Fog,False,0.0,False,False,0.557,High,17.8,38.2,314.1,0.205,0.474,0.976,Moderate traffic flow - standard adaptive signal timing in effect
EVT453717,2026-04-23 08:16:28,Concert,J030,MG Road,21265,Weekday,False,Clear,False,0.0,False,False,0.973,Severe,10.2,71.7,611.4,0.245,0.566,0.904,Heavy congestion detected - signal timing extended and reroute suggested
EVT453718,2025-08-22 08:39:35,Sports Fixture,J012,Koramangala Sony World,22906,Weekday,False,Heavy Rain,True,79.1,False,False,1.0,Severe,7.4,76.4,671.9,0.206,0.477,0.863,Heavy rain reducing visibility and grip - reduced speed and longer buffer advised
EVT453719,2025-02-22 15:11:57,Sports Fixture,J031,Cubbon Road,28100,Weekend,False,Clear,False,0.0,False,False,0.399,Moderate,26.1,28.0,268.7,0.206,0.475,0.972,Moderate traffic flow - standard adaptive signal timing in effect
EVT453720,2025-10-30 10:18:42,Sports Fixture,J009,Majestic,16758,Weekday,False,Clear,False,0.0,False,False,0.691,High,19.6,50.0,221.6,0.149,0.345,0.981,Moderate traffic flow - standard adaptive signal timing in effect
EVT453721,2025-06-17 10:49:19,Local Market Day,J009,Majestic,3394,Weekday,False,Clear,False,0.0,False,False,0.548,Moderate,26.0,33.8,146.3,0.118,0.272,0.949,Moderate traffic flow - standard adaptive signal timing in effect
EVT453722,2025-01-02 19:00:42,Trade Fair,J040,City Market,5185,Weekday,False,Clear,False,0.0,False,False,1.0,Severe,7.7,68.5,610.6,0.213,0.493,0.919,Heavy congestion detected - signal timing extended and reroute suggested
EVT453723,2025-01-05 16:44:41,Local Market Day,J012,Koramangala Sony World,3984,Weekend,False,Fog,False,0.0,False,False,0.606,High,23.8,50.4,204.9,0.162,0.374,0.968,Moderate traffic flow - standard adaptive signal timing in effect
EVT453724,2026-02-09 06:15:36,Local Market Day,J031,Cubbon Road,6839,Weekday,False,Clear,False,0.0,False,False,0.23,Low,36.8,9.4,54.3,0.052,0.121,0.941,Normal free-flow traffic - standard signal timing maintained
EVT453725,2025-02-01 16:51:36,Local Market Day,J011,Indiranagar 100ft Road,3584,Weekend,False,Clear,False,0.0,False,False,0.706,High,15.1,55.6,221.8,0.11,0.253,0.933,Moderate traffic flow - standard adaptive signal timing in effect
EVT453726,2026-05-07 19:42:23,Political Rally,J023,Basavanagudi,17004,Weekday,False,Clear,False,0.0,False,False,0.937,Severe,10.6,62.5,247.1,0.11,0.254,0.93,Heavy congestion detected - signal timing extended and reroute suggested
EVT453727,2025-09-10 19:09:15,Trade Fair,J011,Indiranagar 100ft Road,12451,Weekday,False,Clear,False,0.0,False,False,1.0,Severe,9.0,68.1,814.5,0.308,0.712,0.915,Heavy congestion detected - signal timing extended and reroute suggested
EVT453728,2025-12-16 21:17:54,Local Market Day,J030,MG Road,3458,Weekday,False,Clear,False,0.0,False,False,0.403,Moderate,31.7,27.9,150.8,0.126,0.292,0.954,Moderate traffic flow - standard adaptive signal timing in effect
EVT453729,2025-11-13 14:45:17,Trade Fair,J020,Malleshwaram Circle,5802,Weekday,False,Clear,False,0.0,False,False,0.259,Low,36.1,23.9,230.2,0.212,0.49,0.986,Moderate traffic flow - standard adaptive signal timing in effect
EVT453730,2026-04-12 10:15:08,Political Rally,J030,MG Road,10610,Weekend,False,Rain,True,19.7,False,False,0.82,Severe,13.5,56.3,409.5,0.209,0.483,0.871,Heavy rain reducing visibility and grip - reduced speed and longer buffer advised
EVT453731,2025-05-18 18:59:14,Local Market Day,J020,Malleshwaram Circle,5505,Weekend,False,Clear,False,0.0,False,False,0.901,Severe,13.7,60.2,385.3,0.192,0.444,0.938,Heavy congestion detected - signal timing extended and reroute suggested
EVT453732,2026-01-31 10:55:28,Local Market Day,J040,City Market,2747,Weekend,False,Clear,False,0.0,False,False,0.405,Moderate,27.9,30.2,177.4,0.142,0.328,0.974,Moderate traffic flow - standard adaptive signal timing in effect
EVT453733,2025-08-18 08:42:00,Concert,J023,Basavanagudi,13068,Weekday,False,Heavy Rain,True,45.5,False,False,1.0,Severe,8.1,75.7,566.4,0.183,0.423,0.893,Heavy rain reducing visibility and grip - reduced speed and longer buffer advised
EVT453734,2026-01-08 14:07:30,Local Market Day,J030,MG Road,2658,Weekday,False,Clear,False,0.0,False,False,0.193,Low,32.8,12.4,97.1,0.062,0.143,0.973,Normal free-flow traffic - standard signal timing maintained
EVT453735,2025-11-17 21:02:42,Sports Fixture,J031,Cubbon Road,12267,Weekday,False,Clear,False,0.0,False,False,0.56,High,24.0,34.8,194.4,0.148,0.342,0.97,Moderate traffic flow - standard adaptive signal timing in effect
EVT453736,2026-04-12 17:51:51,Local Market Day,J012,Koramangala Sony World,3912,Weekend,False,Clear,False,0.0,False,False,0.763,Severe,16.4,54.2,135.7,0.068,0.158,0.947,Heavy congestion detected - signal timing extended and reroute suggested
EVT453737,2025-07-11 17:00:34,Local Market Day,J012,Koramangala Sony World,6770,Weekday,False,Clear,False,0.0,False,False,0.766,Severe,15.6,54.7,362.2,0.184,0.425,0.99,Heavy congestion detected - signal timing extended and reroute suggested
EVT453738,2025-05-07 17:35:50,Sports Fixture,J011,Indiranagar 100ft Road,20648,Weekday,False,Rain,True,15.1,False,False,1.0,Severe,8.1,69.0,619.7,0.207,0.478,0.877,Heavy rain reducing visibility and grip - reduced speed and longer buffer advised
EVT453739,2026-05-14 09:07:48,Trade Fair,J040,City Market,14529,Weekday,False,Light Rain,True,3.7,False,False,1.0,Severe,7.5,70.6,540.0,0.183,0.422,0.856,Heavy rain reducing visibility and grip - reduced speed and longer buffer advised
EVT453740,2025-10-26 18:54:44,Trade Fair,J031,Cubbon Road,12881,Weekend,False,Clear,False,0.0,False,False,0.968,Severe,11.9,64.7,300.6,0.153,0.353,0.936,Heavy congestion detected - signal timing extended and reroute suggested
EVT453741,2025-12-01 08:30:44,Trade Fair,J011,Indiranagar 100ft Road,10794,Weekday,False,Clear,False,0.0,False,False,0.974,Severe,10.3,72.6,288.4,0.132,0.305,0.921,Heavy congestion detected - signal timing extended and reroute suggested
EVT453742,2025-01-19 17:13:52,Political Rally,J012,Koramangala Sony World,16042,Weekend,False,Clear,False,0.0,False,False,0.747,High,20.5,58.6,284.4,0.194,0.447,0.945,Moderate traffic flow - standard adaptive signal timing in effect
EVT453743,2025-03-12 17:31:31,Sports Fixture,J012,Koramangala Sony World,36887,Weekday,False,Clear,False,0.0,False,False,1.0,Severe,8.3,71.0,620.1,0.212,0.49,0.946,Heavy congestion detected - signal timing extended and reroute suggested
EVT453744,2025-09-11 10:34:42,Trade Fair,J009,Majestic,5384,Weekday,False,Clear,False,0.0,False,False,0.627,High,20.9,44.9,263.7,0.175,0.404,0.964,Moderate traffic flow - standard adaptive signal timing in effect
EVT453745,2025-07-21 10:05:26,Sports Fixture,J011,Indiranagar 100ft Road,28904,Weekday,False,Rain,True,10.8,False,False,1.0,Severe,9.3,69.4,682.1,0.277,0.64,0.89,Heavy rain reducing visibility and grip - reduced speed and longer buffer advised
EVT453746,2025-12-22 21:40:19,Sports Fixture,J023,Basavanagudi,19525,Weekday,False,Clear,False,0.0,False,False,0.419,Moderate,24.1,32.4,152.7,0.119,0.275,0.964,Moderate traffic flow - standard adaptive signal timing in effect
EVT453747,2025-10-28 13:02:49,Trade Fair,J030,MG Road,12675,Weekday,False,Clear,False,0.0,False,False,0.187,Low,36.1,11.0,80.2,0.074,0.171,0.953,Normal free-flow traffic - standard signal timing maintained
EVT453748,2025-08-25 11:03:06,Political Rally,J040,City Market,14486,Weekday,False,Clear,False,0.0,False,False,0.51,Moderate,19.6,35.9,195.3,0.112,0.259,0.969,Moderate traffic flow - standard adaptive signal timing in effect
EVT453749,2025-03-10 15:25:06,Trade Fair,J031,Cubbon Road,7242,Weekday,False,Clear,False,0.0,False,False,0.345,Low,25.7,17.3,66.6,0.038,0.087,0.99,Moderate traffic flow - standard adaptive signal timing in effect
EVT453750,2025-10-31 08:27:49,Sports Fixture,J031,Cubbon Road,18166,Weekday,False,Clear,False,0.0,False,False,1.0,Severe,8.3,73.9,474.6,0.157,0.364,0.892,Heavy congestion detected - signal timing extended and reroute suggested
EVT453751,2025-09-22 12:27:10,Trade Fair,J020,Malleshwaram Circle,9793,Weekday,False,Clear,False,0.0,False,False,0.327,Low,32.5,21.4,116.8,0.088,0.203,0.972,Moderate traffic flow - standard adaptive signal timing in effect
EVT453752,2025-12-07 13:01:43,Sports Fixture,J023,Basavanagudi,15443,Weekend,False,Clear,False,0.0,False,False,0.311,Low,35.0,23.3,195.0,0.19,0.439,0.935,Moderate traffic flow - standard adaptive signal timing in effect
EVT453753,2025-08-04 09:48:45,Sports Fixture,J030,MG Road,23251,Weekday,False,Clear,False,0.0,False,False,0.927,Severe,12.2,64.8,467.6,0.209,0.482,0.91,Heavy congestion detected - signal timing extended and reroute suggested
EVT453754,2025-07-31 01:09:24,Local Market Day,J023,Basavanagudi,5690,Weekday,False,Fog,False,0.0,False,False,0.14,Low,30.7,13.4,75.2,0.057,0.132,0.98,Normal free-flow traffic - standard signal timing maintained
EVT453755,2025-08-07 18:41:41,Concert,J020,Malleshwaram Circle,12811,Weekday,False,Rain,True,12.8,False,False,1.0,Severe,10.6,71.6,325.4,0.15,0.347,0.883,Heavy rain reducing visibility and grip - reduced speed and longer buffer advised
EVT453756,2025-06-11 13:07:28,Local Market Day,J030,MG Road,3986,Weekday,False,Heavy Rain,True,35.8,False,False,0.533,Moderate,25.4,43.0,143.8,0.095,0.219,0.904,Light rain detected - minor speed reduction advised
EVT453757,2026-03-09 18:46:28,Concert,J020,Malleshwaram Circle,10775,Weekday,False,Clear,False,0.0,False,False,1.0,Severe,7.7,73.8,551.4,0.19,0.439,0.923,Heavy congestion detected - signal timing extended and reroute suggested
EVT453758,2026-01-26 06:46:47,Fireworks Display,J012,Koramangala Sony World,21399,Weekday,True,Clear,False,0.0,False,False,0.597,High,20.1,41.4,107.0,0.068,0.157,0.927,Festival crowd surge detected - alternate route and extended cycle recommended
EVT453759,2025-10-14 15:20:09,Sports Fixture,J012,Koramangala Sony World,13670,Weekday,False,Heavy Rain,True,41.3,False,False,0.802,Severe,16.2,63.5,309.1,0.184,0.426,0.911,Heavy rain reducing visibility and grip - reduced speed and longer buffer advised
EVT453760,2025-12-02 17:18:49,Local Market Day,J031,Cubbon Road,4376,Weekday,False,Light Rain,True,2.1,False,False,0.91,Severe,10.0,70.4,535.8,0.205,0.474,0.892,Heavy rain reducing visibility and grip - reduced speed and longer buffer advised
EVT453761,2025-04-05 15:42:46,Political Rally,J009,Majestic,27159,Weekend,False,Clear,False,0.0,False,False,0.466,Moderate,26.2,33.2,209.8,0.16,0.369,0.971,Moderate traffic flow - standard adaptive signal timing in effect
EVT453762,2025-08-18 12:51:14,Concert,J023,Basavanagudi,14251,Weekday,False,Clear,False,0.0,False,False,0.22,Low,34.3,9.5,112.5,0.098,0.226,0.99,Normal free-flow traffic - standard signal timing maintained
EVT453763,2026-02-04 08:39:25,Local Market Day,J023,Basavanagudi,2323,Weekday,False,Clear,False,0.0,False,False,1.0,Severe,8.2,72.9,704.8,0.229,0.53,0.902,Heavy congestion detected - signal timing extended and reroute suggested
EVT453764,2025-12-14 07:41:39,Political Rally,J012,Koramangala Sony World,14052,Weekend,False,Clear,False,0.0,False,False,0.718,High,16.4,52.5,306.9,0.15,0.348,0.976,Moderate traffic flow - standard adaptive signal timing in effect
EVT453765,2025-03-15 11:31:44,Religious Festival,J011,Indiranagar 100ft Road,56492,Weekend,True,Clear,False,0.0,False,True,0.996,Severe,8.5,110.7,683.5,0.24,0.555,0.839,Road closure for event/procession - full detour recommended for through-traffic
EVT453766,2026-04-06 16:13:38,Sports Fixture,J012,Koramangala Sony World,15726,Weekday,False,Clear,False,0.0,False,False,0.595,High,19.6,43.2,233.7,0.147,0.34,0.966,Moderate traffic flow - standard adaptive signal timing in effect
EVT453767,2025-01-20 17:01:56,Trade Fair,J011,Indiranagar 100ft Road,8919,Weekday,False,Clear,False,0.0,False,False,0.719,High,14.4,47.9,260.1,0.148,0.342,0.978,Moderate traffic flow - standard adaptive signal timing in effect
EVT453768,2025-09-01 07:06:24,Sports Fixture,J031,Cubbon Road,24902,Weekday,False,Clear,False,0.0,False,False,0.615,High,24.7,44.9,168.5,0.131,0.302,0.96,Moderate traffic flow - standard adaptive signal timing in effect
EVT453769,2025-09-19 19:17:50,Local Market Day,J030,MG Road,5971,Weekday,False,Clear,False,0.0,False,False,0.979,Severe,9.1,66.9,520.5,0.194,0.449,0.906,Heavy congestion detected - signal timing extended and reroute suggested
EVT453770,2025-01-17 22:52:41,Sports Fixture,J023,Basavanagudi,16401,Weekday,False,Fog,False,0.0,False,False,0.339,Low,25.1,22.0,187.0,0.13,0.3,0.951,Moderate traffic flow - standard adaptive signal timing in effect
EVT453771,2025-05-03 07:54:07,Local Market Day,J030,MG Road,4979,Weekend,False,Clear,False,0.0,False,False,0.632,High,16.9,43.8,252.5,0.14,0.323,0.972,Moderate traffic flow - standard adaptive signal timing in effect
EVT453772,2026-01-14 00:25:36,Religious Festival,J040,City Market,45868,Weekday,True,Clear,False,0.0,False,False,0.659,High,22.2,47.8,259.8,0.203,0.469,0.886,Festival crowd surge detected - alternate route and extended cycle recommended
EVT453773,2025-09-09 14:02:27,Local Market Day,J023,Basavanagudi,4061,Weekday,False,Rain,True,19.9,False,False,0.411,Moderate,29.2,34.2,199.1,0.16,0.37,0.928,Light rain detected - minor speed reduction advised
EVT453774,2025-10-19 09:09:55,Concert,J031,Cubbon Road,17930,Weekend,False,Clear,False,0.0,False,False,1.0,Severe,8.2,75.1,500.3,0.174,0.401,0.894,Heavy congestion detected - signal timing extended and reroute suggested
EVT453775,2025-10-03 19:53:41,Religious Festival,J031,Cubbon Road,42972,Weekday,True,Clear,False,0.0,False,True,1.0,Severe,7.9,97.6,598.6,0.201,0.465,0.826,Road closure for event/procession - full detour recommended for through-traffic
EVT453776,2026-02-05 09:21:31,Local Market Day,J011,Indiranagar 100ft Road,5108,Weekday,False,Clear,False,0.0,False,False,0.943,Severe,10.5,72.2,327.0,0.141,0.326,0.938,Heavy congestion detected - signal timing extended and reroute suggested
EVT453777,2025-01-12 13:40:16,Sports Fixture,J012,Koramangala Sony World,25479,Weekend,False,Clear,False,0.0,False,False,0.395,Moderate,31.4,23.8,170.9,0.133,0.306,0.99,Moderate traffic flow - standard adaptive signal timing in effect
EVT453778,2025-12-20 15:13:44,Concert,J023,Basavanagudi,16610,Weekend,False,Clear,False,0.0,False,False,0.381,Moderate,31.6,27.2,113.3,0.101,0.234,0.976,Moderate traffic flow - standard adaptive signal timing in effect
EVT453779,2026-03-17 14:48:39,Sports Fixture,J030,MG Road,16154,Weekday,False,Clear,False,0.0,False,False,0.273,Low,37.4,19.8,112.0,0.106,0.244,0.982,Moderate traffic flow - standard adaptive signal timing in effect
EVT453780,2025-10-06 19:47:03,Local Market Day,J030,MG Road,4517,Weekday,False,Clear,False,0.0,False,False,0.779,Severe,16.8,57.8,266.0,0.143,0.329,0.959,Heavy congestion detected - signal timing extended and reroute suggested
EVT453781,2025-08-10 13:23:44,Political Rally,J020,Malleshwaram Circle,10493,Weekend,False,Heavy Rain,True,39.0,False,False,0.623,High,23.1,41.1,181.5,0.134,0.309,0.919,Heavy rain reducing visibility and grip - reduced speed and longer buffer advised
EVT453782,2025-09-29 06:21:35,Political Rally,J011,Indiranagar 100ft Road,13072,Weekday,False,Clear,False,0.0,False,False,0.4,Moderate,26.4,35.4,302.7,0.233,0.538,0.948,Moderate traffic flow - standard adaptive signal timing in effect
EVT453783,2026-05-21 15:11:41,Concert,J009,Majestic,9696,Weekday,False,Clear,False,0.0,False,False,0.343,Low,29.0,25.0,151.2,0.122,0.281,0.958,Moderate traffic flow - standard adaptive signal timing in effect
EVT453784,2026-01-21 12:28:02,Concert,J023,Basavanagudi,10412,Weekday,False,Clear,False,0.0,False,False,0.215,Low,32.0,14.2,140.0,0.083,0.192,0.974,Normal free-flow traffic - standard signal timing maintained
EVT453785,2025-06-15 15:41:46,Trade Fair,J023,Basavanagudi,8284,Weekend,False,Clear,False,0.0,False,False,0.443,Moderate,28.1,30.6,247.6,0.182,0.421,0.983,Moderate traffic flow - standard adaptive signal timing in effect
EVT453786,2025-12-14 18:26:22,Local Market Day,J023,Basavanagudi,3223,Weekend,False,Clear,False,0.0,False,False,0.84,Severe,13.1,58.1,304.6,0.135,0.313,0.966,Heavy congestion detected - signal timing extended and reroute suggested
EVT453787,2025-09-20 17:21:55,Sports Fixture,J011,Indiranagar 100ft Road,38408,Weekend,False,Light Rain,True,6.0,True,False,1.0,Severe,7.3,73.7,707.6,0.214,0.494,0.707,Accident detected nearby - reroute and reduced speed advised
EVT453788,2025-05-19 17:46:12,Sports Fixture,J012,Koramangala Sony World,16762,Weekday,False,Clear,False,0.0,False,False,0.969,Severe,7.7,71.3,560.7,0.196,0.453,0.921,Heavy congestion detected - signal timing extended and reroute suggested
EVT453789,2025-10-15 20:17:14,Sports Fixture,J012,Koramangala Sony World,8199,Weekday,False,Clear,False,0.0,False,False,0.67,High,17.8,49.8,138.6,0.061,0.14,0.977,Moderate traffic flow - standard adaptive signal timing in effect
EVT453790,2026-01-31 08:29:28,Political Rally,J031,Cubbon Road,10200,Weekend,False,Clear,False,0.0,False,False,0.805,Severe,14.6,65.0,329.5,0.179,0.414,0.971,Heavy congestion detected - signal timing extended and reroute suggested
EVT453791,2025-03-14 15:32:35,Cultural Procession,J009,Majestic,22102,Weekday,True,Clear,False,0.0,False,True,0.824,High,12.4,80.9,306.5,0.153,0.354,0.841,Road closure for event/procession - full detour recommended for through-traffic
EVT453792,2025-02-25 10:08:44,Political Rally,J031,Cubbon Road,13166,Weekday,False,Clear,False,0.0,False,False,0.835,Severe,12.1,57.6,473.5,0.244,0.564,0.959,Heavy congestion detected - signal timing extended and reroute suggested
EVT453793,2025-02-24 07:14:50,Concert,J023,Basavanagudi,5896,Weekday,False,Clear,False,0.0,False,False,0.521,Moderate,23.1,36.3,296.8,0.197,0.454,0.986,Moderate traffic flow - standard adaptive signal timing in effect
EVT453794,2025-03-16 17:07:26,Local Market Day,J009,Majestic,5628,Weekend,False,Clear,False,0.0,False,False,0.668,High,17.6,43.1,201.1,0.119,0.274,0.974,Moderate traffic flow - standard adaptive signal timing in effect
EVT453795,2025-05-17 09:04:07,Local Market Day,J009,Majestic,1966,Weekend,False,Clear,False,0.0,False,False,0.837,Severe,13.5,59.8,373.3,0.188,0.435,0.944,Heavy congestion detected - signal timing extended and reroute suggested
EVT453796,2026-05-22 09:59:22,Trade Fair,J031,Cubbon Road,9698,Weekday,False,Clear,False,0.0,False,False,0.872,Severe,10.3,63.0,226.8,0.093,0.214,0.96,Heavy congestion detected - signal timing extended and reroute suggested
EVT453797,2026-01-29 17:28:28,Political Rally,J012,Koramangala Sony World,13783,Weekday,False,Clear,False,0.0,False,False,0.934,Severe,11.2,64.3,387.7,0.192,0.444,0.899,Heavy congestion detected - signal timing extended and reroute suggested
EVT453798,2025-04-17 09:13:14,Sports Fixture,J009,Majestic,28287,Weekday,False,Clear,False,0.0,False,False,1.0,Severe,10.5,68.4,581.9,0.243,0.561,0.943,Heavy congestion detected - signal timing extended and reroute suggested
EVT453799,2026-05-26 08:31:07,Sports Fixture,J040,City Market,27379,Weekday,False,Clear,False,0.0,False,False,1.0,Severe,10.7,76.8,392.0,0.154,0.355,0.897,Heavy congestion detected - signal timing extended and reroute suggested
EVT453800,2025-11-19 17:07:56,Trade Fair,J020,Malleshwaram Circle,8832,Weekday,False,Clear,False,0.0,False,False,0.745,High,15.6,49.7,317.5,0.175,0.404,0.99,Moderate traffic flow - standard adaptive signal timing in effect
EVT453801,2025-12-17 17:30:33,Sports Fixture,J012,Koramangala Sony World,28998,Weekday,False,Clear,False,0.0,False,False,1.0,Severe,6.8,71.3,605.1,0.18,0.416,0.915,Heavy congestion detected - signal timing extended and reroute suggested
EVT453802,2026-04-09 12:12:43,Local Market Day,J040,City Market,1442,Weekday,False,Clear,False,0.0,False,False,0.215,Low,36.2,8.5,163.0,0.146,0.338,0.954,Normal free-flow traffic - standard signal timing maintained
EVT453803,2026-06-13 07:58:40,Sports Fixture,J031,Cubbon Road,23142,Weekend,False,Clear,False,0.0,False,False,0.757,Severe,15.9,53.8,365.7,0.174,0.403,0.968,Heavy congestion detected - signal timing extended and reroute suggested
EVT453804,2026-06-15 08:30:55,Sports Fixture,J020,Malleshwaram Circle,25718,Weekday,False,Heavy Rain,True,25.5,False,False,1.0,Severe,7.4,75.0,542.4,0.166,0.382,0.872,Heavy rain reducing visibility and grip - reduced speed and longer buffer advised
EVT453805,2026-03-13 10:49:36,Concert,J012,Koramangala Sony World,9817,Weekday,False,Clear,False,0.0,False,False,0.548,Moderate,19.6,44.1,161.6,0.097,0.225,0.942,Moderate traffic flow - standard adaptive signal timing in effect
EVT453806,2025-12-08 17:04:57,Local Market Day,J020,Malleshwaram Circle,4050,Weekday,False,Clear,False,0.0,False,False,0.689,High,23.8,50.0,151.4,0.106,0.244,0.969,Moderate traffic flow - standard adaptive signal timing in effect
EVT453807,2025-08-29 15:35:12,Sports Fixture,J020,Malleshwaram Circle,14496,Weekday,False,Rain,True,8.6,False,False,0.487,Moderate,26.9,33.6,236.6,0.185,0.428,0.918,Light rain detected - minor speed reduction advised
EVT453808,2026-05-28 19:20:44,Sports Fixture,J020,Malleshwaram Circle,24915,Weekday,False,Clear,False,0.0,False,False,1.0,Severe,8.7,68.3,186.5,0.09,0.207,0.905,Heavy congestion detected - signal timing extended and reroute suggested
EVT453809,2026-05-08 11:04:11,Local Market Day,J030,MG Road,3719,Weekday,False,Rain,True,10.7,False,False,0.599,High,19.9,37.4,152.0,0.101,0.233,0.888,Heavy rain reducing visibility and grip - reduced speed and longer buffer advised
EVT453810,2025-01-31 17:33:33,Local Market Day,J020,Malleshwaram Circle,3348,Weekday,False,Clear,False,0.0,False,False,0.89,Severe,12.1,71.7,619.3,0.271,0.625,0.908,Heavy congestion detected - signal timing extended and reroute suggested
EVT453811,2025-12-23 07:33:25,Sports Fixture,J031,Cubbon Road,37780,Weekday,False,Clear,False,0.0,False,False,0.774,Severe,11.0,53.6,404.8,0.161,0.373,0.951,Heavy congestion detected - signal timing extended and reroute suggested
EVT453812,2025-04-24 17:22:38,Concert,J012,Koramangala Sony World,18534,Weekday,False,Clear,False,0.0,False,False,0.933,Severe,11.8,58.2,259.3,0.094,0.218,0.92,Heavy congestion detected - signal timing extended and reroute suggested
EVT453813,2025-04-21 18:17:56,Local Market Day,J011,Indiranagar 100ft Road,2382,Weekday,False,Rain,True,11.6,False,False,1.0,Severe,7.9,75.3,450.6,0.158,0.365,0.868,Heavy rain reducing visibility and grip - reduced speed and longer buffer advised
EVT453814,2025-11-04 16:58:16,Sports Fixture,J011,Indiranagar 100ft Road,17966,Weekday,False,Clear,False,0.0,False,False,0.727,High,16.0,55.9,276.9,0.159,0.368,0.941,Moderate traffic flow - standard adaptive signal timing in effect
EVT453815,2025-05-09 10:32:41,Concert,J030,MG Road,10180,Weekday,False,Clear,False,0.0,False,False,0.726,High,20.8,54.9,283.9,0.194,0.448,0.973,Moderate traffic flow - standard adaptive signal timing in effect
EVT453816,2025-07-19 22:07:37,Trade Fair,J040,City Market,10117,Weekend,False,Light Rain,True,7.0,False,False,0.508,Moderate,22.6,40.1,198.4,0.133,0.307,0.924,Light rain detected - minor speed reduction advised
EVT453817,2025-12-27 15:21:53,Concert,J023,Basavanagudi,15898,Weekend,False,Clear,False,0.0,False,False,0.472,Moderate,24.8,31.9,206.1,0.145,0.335,0.953,Moderate traffic flow - standard adaptive signal timing in effect
EVT453818,2026-06-11 08:58:06,Local Market Day,J009,Majestic,4404,Weekday,False,Clear,False,0.0,False,False,0.965,Severe,9.5,69.4,469.0,0.172,0.398,0.937,Heavy congestion detected - signal timing extended and reroute suggested
EVT453819,2026-02-07 08:03:38,Trade Fair,J009,Majestic,6607,Weekend,False,Clear,False,0.0,False,False,0.743,High,17.4,61.4,277.6,0.153,0.353,0.987,Moderate traffic flow - standard adaptive signal timing in effect
EVT453820,2025-04-05 16:22:02,Concert,J023,Basavanagudi,11257,Weekend,False,Light Rain,True,4.4,False,False,0.55,High,29.3,37.9,151.6,0.106,0.244,0.913,Heavy rain reducing visibility and grip - reduced speed and longer buffer advised
EVT453821,2025-07-24 12:58:48,Concert,J011,Indiranagar 100ft Road,7620,Weekday,False,Rain,True,12.7,False,False,0.389,Moderate,21.3,27.9,255.0,0.181,0.419,0.925,Light rain detected - minor speed reduction advised
EVT453822,2025-11-29 19:29:48,Trade Fair,J012,Koramangala Sony World,7644,Weekend,False,Clear,False,0.0,False,False,0.775,Severe,14.3,60.3,307.7,0.145,0.334,0.973,Heavy congestion detected - signal timing extended and reroute suggested
EVT453823,2025-02-06 19:56:22,Local Market Day,J012,Koramangala Sony World,4921,Weekday,False,Clear,False,0.0,False,False,0.633,High,25.3,45.3,147.4,0.106,0.244,0.947,Moderate traffic flow - standard adaptive signal timing in effect
EVT453824,2025-11-02 09:20:25,Cultural Procession,J009,Majestic,33240,Weekend,True,Light Rain,True,4.2,False,True,1.0,Severe,7.3,101.9,754.1,0.22,0.508,0.761,Road closure for event/procession - full detour recommended for through-traffic
EVT453825,2025-02-18 13:04:31,Local Market Day,J012,Koramangala Sony World,3592,Weekday,False,Clear,False,0.0,False,False,0.213,Low,31.3,15.1,135.9,0.103,0.238,0.943,Normal free-flow traffic - standard signal timing maintained
EVT453826,2025-02-08 12:28:09,Concert,J023,Basavanagudi,11754,Weekend,False,Clear,False,0.0,False,False,0.312,Low,23.5,22.6,130.6,0.105,0.243,0.967,Moderate traffic flow - standard adaptive signal timing in effect
EVT453827,2026-05-10 12:37:10,Local Market Day,J023,Basavanagudi,2753,Weekend,False,Fog,False,0.0,False,False,0.225,Low,29.6,12.8,77.3,0.044,0.101,0.95,Normal free-flow traffic - standard signal timing maintained
EVT453828,2025-07-18 14:15:40,Sports Fixture,J020,Malleshwaram Circle,31328,Weekday,False,Heavy Rain,True,28.9,False,False,0.684,High,16.6,52.3,281.7,0.16,0.37,0.909,Heavy rain reducing visibility and grip - reduced speed and longer buffer advised
EVT453829,2025-11-01 14:49:52,Cultural Procession,J012,Koramangala Sony World,11858,Weekend,True,Clear,False,0.0,False,False,0.559,High,22.6,37.6,215.2,0.125,0.288,0.91,Festival crowd surge detected - alternate route and extended cycle recommended
EVT453830,2026-01-13 10:15:35,Local Market Day,J012,Koramangala Sony World,5454,Weekday,False,Clear,False,0.0,False,False,0.7,High,16.7,52.3,363.4,0.205,0.473,0.962,Moderate traffic flow - standard adaptive signal timing in effect
EVT453831,2025-01-22 09:30:23,Political Rally,J020,Malleshwaram Circle,14530,Weekday,False,Clear,False,0.0,False,False,1.0,Severe,8.1,74.4,347.0,0.114,0.264,0.905,Heavy congestion detected - signal timing extended and reroute suggested
EVT453832,2026-06-20 07:28:01,Trade Fair,J011,Indiranagar 100ft Road,8910,Weekend,False,Rain,True,20.6,False,False,0.784,Severe,18.8,58.5,393.4,0.246,0.568,0.915,Heavy rain reducing visibility and grip - reduced speed and longer buffer advised
EVT453833,2026-04-07 09:27:35,Local Market Day,J012,Koramangala Sony World,2120,Weekday,False,Clear,False,0.0,False,False,0.925,Severe,9.5,67.5,400.7,0.164,0.378,0.936,Heavy congestion detected - signal timing extended and reroute suggested
EVT453834,2025-02-18 12:29:30,Sports Fixture,J009,Majestic,18924,Weekday,False,Clear,False,0.0,False,False,0.31,Low,25.6,16.8,248.3,0.182,0.42,0.969,Moderate traffic flow - standard adaptive signal timing in effect
EVT453835,2026-06-08 18:02:28,Concert,J030,MG Road,5726,Weekday,False,Heavy Rain,True,49.3,False,False,1.0,Severe,8.4,74.0,539.2,0.172,0.397,0.852,Heavy rain reducing visibility and grip - reduced speed and longer buffer advised
EVT453836,2026-04-15 16:49:42,Religious Festival,J031,Cubbon Road,34081,Weekday,True,Clear,False,0.0,False,True,1.0,Severe,9.0,97.1,298.4,0.123,0.284,0.844,Road closure for event/procession - full detour recommended for through-traffic
EVT453837,2025-09-06 22:01:38,Cultural Procession,J020,Malleshwaram Circle,16319,Weekend,True,Clear,False,0.0,False,False,0.511,Moderate,24.4,34.7,181.8,0.125,0.29,0.892,Festival crowd surge detected - alternate route and extended cycle recommended
EVT453838,2025-05-26 20:51:39,Concert,J040,City Market,7020,Weekday,False,Clear,False,0.0,False,False,0.424,Moderate,21.5,28.9,260.9,0.163,0.377,0.932,Moderate traffic flow - standard adaptive signal timing in effect
EVT453839,2025-04-29 07:42:49,Local Market Day,J031,Cubbon Road,2942,Weekday,False,Heavy Rain,True,42.2,False,False,1.0,Severe,8.6,69.2,585.4,0.189,0.438,0.869,Heavy rain reducing visibility and grip - reduced speed and longer buffer advised
EVT453840,2025-06-10 20:15:28,Local Market Day,J031,Cubbon Road,5074,Weekday,False,Rain,True,15.1,False,False,0.829,Severe,13.0,61.3,229.4,0.115,0.265,0.893,Heavy rain reducing visibility and grip - reduced speed and longer buffer advised
EVT453841,2025-09-02 10:46:07,Trade Fair,J040,City Market,9171,Weekday,False,Clear,False,0.0,False,False,0.599,High,17.8,39.8,245.3,0.132,0.306,0.983,Moderate traffic flow - standard adaptive signal timing in effect
EVT453842,2025-07-06 20:58:28,Local Market Day,J031,Cubbon Road,5397,Weekend,False,Rain,True,11.7,False,False,0.583,High,16.8,45.6,400.6,0.232,0.537,0.906,Heavy rain reducing visibility and grip - reduced speed and longer buffer advised
EVT453843,2025-06-28 20:55:47,Local Market Day,J020,Malleshwaram Circle,4121,Weekend,False,Heavy Rain,True,28.2,False,False,0.754,Severe,14.6,53.7,221.3,0.135,0.311,0.934,Heavy rain reducing visibility and grip - reduced speed and longer buffer advised
EVT453844,2025-08-31 09:39:47,Political Rally,J012,Koramangala Sony World,24503,Weekend,False,Clear,False,0.0,False,False,0.915,Severe,11.9,65.3,384.9,0.182,0.421,0.925,Heavy congestion detected - signal timing extended and reroute suggested
EVT453845,2026-02-13 18:26:13,Concert,J023,Basavanagudi,8202,Weekday,False,Clear,False,0.0,False,False,0.995,Severe,8.3,73.5,414.3,0.153,0.354,0.921,Heavy congestion detected - signal timing extended and reroute suggested
EVT453846,2025-11-01 21:03:50,Fireworks Display,J031,Cubbon Road,17726,Weekend,True,Clear,False,0.0,False,False,0.729,High,13.2,58.2,415.2,0.192,0.444,0.889,Festival crowd surge detected - alternate route and extended cycle recommended
EVT453847,2025-03-15 07:55:12,Fireworks Display,J020,Malleshwaram Circle,27001,Weekend,True,Clear,False,0.0,False,False,1.0,Severe,8.3,73.6,440.3,0.155,0.358,0.856,Festival crowd surge detected - alternate route and extended cycle recommended
EVT453848,2025-05-25 15:01:32,Local Market Day,J009,Majestic,4167,Weekend,False,Fog,False,0.0,False,False,0.273,Low,30.5,15.3,169.5,0.14,0.323,0.989,Moderate traffic flow - standard adaptive signal timing in effect
EVT453849,2026-04-29 07:44:08,Trade Fair,J031,Cubbon Road,19805,Weekday,False,Clear,False,0.0,False,False,0.77,Severe,12.7,55.0,290.7,0.144,0.333,0.917,Heavy congestion detected - signal timing extended and reroute suggested
EVT453850,2026-05-05 09:45:01,Concert,J031,Cubbon Road,21025,Weekday,False,Clear,False,0.0,False,False,1.0,Severe,8.0,77.7,707.4,0.269,0.62,0.92,Heavy congestion detected - signal timing extended and reroute suggested
EVT453851,2025-01-26 18:13:15,Fireworks Display,J011,Indiranagar 100ft Road,28043,Weekend,True,Clear,False,0.0,False,False,1.0,Severe,9.4,74.8,605.0,0.231,0.533,0.853,Festival crowd surge detected - alternate route and extended cycle recommended
EVT453852,2025-02-18 07:47:20,Sports Fixture,J020,Malleshwaram Circle,23523,Weekday,False,Clear,False,0.0,False,False,0.842,Severe,11.8,61.2,553.5,0.237,0.548,0.969,Heavy congestion detected - signal timing extended and reroute suggested
EVT453853,2025-11-14 19:31:13,Local Market Day,J030,MG Road,3733,Weekday,False,Fog,False,0.0,False,False,0.858,Severe,10.6,54.2,206.2,0.089,0.205,0.943,Heavy congestion detected - signal timing extended and reroute suggested
EVT453854,2026-04-09 08:53:41,Trade Fair,J011,Indiranagar 100ft Road,9295,Weekday,False,Clear,False,0.0,False,False,1.0,Severe,8.8,65.8,570.9,0.192,0.445,0.878,Heavy congestion detected - signal timing extended and reroute suggested
EVT453855,2026-02-13 05:55:44,Trade Fair,J023,Basavanagudi,8644,Weekday,False,Clear,False,0.0,False,False,0.268,Low,30.6,17.4,138.4,0.106,0.245,0.954,Moderate traffic flow - standard adaptive signal timing in effect
EVT453856,2026-06-05 13:48:15,Sports Fixture,J030,MG Road,11453,Weekday,False,Clear,False,0.0,False,False,0.201,Low,31.1,16.5,123.0,0.108,0.249,0.955,Normal free-flow traffic - standard signal timing maintained
EVT453857,2025-08-26 12:58:15,Sports Fixture,J030,MG Road,21035,Weekday,False,Heavy Rain,True,27.7,False,False,0.586,High,18.2,47.7,309.0,0.178,0.412,0.917,Heavy rain reducing visibility and grip - reduced speed and longer buffer advised
EVT453858,2026-02-04 22:59:41,Concert,J031,Cubbon Road,14749,Weekday,False,Clear,False,0.0,False,False,0.171,Low,27.5,10.2,123.5,0.1,0.232,0.965,Normal free-flow traffic - standard signal timing maintained
EVT453859,2026-01-07 13:27:46,Local Market Day,J012,Koramangala Sony World,4260,Weekday,False,Clear,False,0.0,False,False,0.188,Low,39.7,11.5,152.6,0.16,0.369,0.953,Normal free-flow traffic - standard signal timing maintained
EVT453860,2025-10-05 10:55:02,Sports Fixture,J020,Malleshwaram Circle,35414,Weekend,False,Clear,False,0.0,False,False,0.732,High,18.3,49.8,338.2,0.221,0.51,0.961,Moderate traffic flow - standard adaptive signal timing in effect
EVT453861,2026-02-11 09:44:21,Concert,J030,MG Road,14141,Weekday,False,Light Rain,True,2.4,False,False,1.0,Severe,6.6,68.9,738.6,0.216,0.499,0.885,Heavy rain reducing visibility and grip - reduced speed and longer buffer advised
EVT453862,2025-02-14 16:46:20,Concert,J023,Basavanagudi,16204,Weekday,False,Clear,False,0.0,False,False,0.767,Severe,17.6,61.7,323.8,0.195,0.451,0.966,Heavy congestion detected - signal timing extended and reroute suggested
EVT453863,2025-11-28 18:29:09,Local Market Day,J031,Cubbon Road,3364,Weekday,False,Rain,True,8.9,False,False,1.0,Severe,8.0,70.5,780.2,0.251,0.58,0.869,Heavy rain reducing visibility and grip - reduced speed and longer buffer advised
EVT453864,2025-01-28 07:55:15,Local Market Day,J011,Indiranagar 100ft Road,6319,Weekday,False,Fog,False,0.0,False,False,0.821,Severe,15.1,62.8,233.6,0.128,0.295,0.968,Heavy congestion detected - signal timing extended and reroute suggested
EVT453865,2025-06-05 09:52:12,Sports Fixture,J030,MG Road,28703,Weekday,False,Rain,True,22.6,False,False,1.0,Severe,9.6,76.7,381.8,0.161,0.373,0.883,Heavy rain reducing visibility and grip - reduced speed and longer buffer advised
EVT453866,2026-05-04 11:11:17,Trade Fair,J023,Basavanagudi,8282,Weekday,False,Clear,False,0.0,False,False,0.407,Moderate,23.6,30.6,174.4,0.128,0.295,0.962,Moderate traffic flow - standard adaptive signal timing in effect
EVT453867,2025-03-20 10:15:22,Local Market Day,J011,Indiranagar 100ft Road,8955,Weekday,False,Clear,False,0.0,False,False,0.711,High,16.9,55.8,282.3,0.165,0.382,0.969,Moderate traffic flow - standard adaptive signal timing in effect
EVT453868,2025-09-10 20:59:42,Sports Fixture,J012,Koramangala Sony World,33184,Weekday,False,Heavy Rain,True,53.0,False,False,0.941,Severe,11.2,65.5,549.4,0.245,0.567,0.885,Heavy rain reducing visibility and grip - reduced speed and longer buffer advised
EVT453869,2025-09-05 14:42:35,Cultural Procession,J040,City Market,26176,Weekday,True,Fog,False,0.0,False,True,0.764,High,15.0,72.8,344.3,0.196,0.454,0.886,Road closure for event/procession - full detour recommended for through-traffic
EVT453870,2025-06-14 15:22:16,Trade Fair,J020,Malleshwaram Circle,9617,Weekend,False,Clear,False,0.0,False,False,0.338,Low,33.0,17.9,128.7,0.114,0.264,0.964,Moderate traffic flow - standard adaptive signal timing in effect
EVT453871,2026-04-27 19:05:03,Sports Fixture,J031,Cubbon Road,23641,Weekday,False,Clear,False,0.0,False,False,1.0,Severe,9.6,74.7,280.8,0.114,0.263,0.911,Heavy congestion detected - signal timing extended and reroute suggested
EVT453872,2025-06-28 08:44:00,Local Market Day,J011,Indiranagar 100ft Road,5542,Weekend,False,Clear,False,0.0,False,False,0.918,Severe,11.3,60.8,323.7,0.151,0.348,0.955,Heavy congestion detected - signal timing extended and reroute suggested
EVT453873,2025-04-26 16:16:23,Political Rally,J020,Malleshwaram Circle,15498,Weekend,False,Clear,False,0.0,False,False,0.572,High,25.2,42.7,202.1,0.148,0.343,0.951,Moderate traffic flow - standard adaptive signal timing in effect
EVT453874,2026-06-07 20:10:49,Local Market Day,J023,Basavanagudi,2956,Weekend,False,Clear,False,0.0,False,False,0.633,High,19.6,43.7,364.6,0.221,0.51,0.96,Moderate traffic flow - standard adaptive signal timing in effect
EVT453875,2025-07-25 17:11:05,Political Rally,J012,Koramangala Sony World,22739,Weekday,False,Heavy Rain,True,36.8,False,False,1.0,Severe,9.5,69.6,613.4,0.24,0.554,0.844,Heavy rain reducing visibility and grip - reduced speed and longer buffer advised
EVT453876,2026-02-21 12:43:27,Local Market Day,J012,Koramangala Sony World,4327,Weekend,False,Fog,False,0.0,False,False,0.165,Low,40.8,15.7,147.9,0.143,0.331,0.973,Normal free-flow traffic - standard signal timing maintained
EVT453877,2025-10-10 17:11:08,Political Rally,J020,Malleshwaram Circle,21873,Weekday,False,Clear,False,0.0,False,False,0.908,Severe,11.5,68.8,162.4,0.076,0.176,0.924,Heavy congestion detected - signal timing extended and reroute suggested
EVT453878,2025-06-23 15:37:30,Local Market Day,J009,Majestic,1737,Weekday,False,Fog,False,0.0,False,False,0.345,Low,29.7,31.0,226.1,0.19,0.439,0.962,Moderate traffic flow - standard adaptive signal timing in effect
EVT453879,2026-05-23 06:10:55,Trade Fair,J020,Malleshwaram Circle,7607,Weekend,False,Clear,False,0.0,False,False,0.273,Low,29.4,17.2,146.6,0.121,0.281,0.962,Moderate traffic flow - standard adaptive signal timing in effect
EVT453880,2026-03-26 05:42:28,Cultural Procession,J012,Koramangala Sony World,11557,Weekday,True,Clear,False,0.0,False,True,0.649,Moderate,22.2,68.4,225.9,0.154,0.356,0.893,Road closure for event/procession - full detour recommended for through-traffic
EVT453881,2025-01-06 16:28:38,Local Market Day,J031,Cubbon Road,2978,Weekday,False,Clear,False,0.0,False,False,0.522,Moderate,23.3,35.8,230.2,0.155,0.358,0.985,Moderate traffic flow - standard adaptive signal timing in effect
EVT453882,2026-06-11 11:35:12,Local Market Day,J030,MG Road,5358,Weekday,False,Heavy Rain,True,40.1,False,False,0.651,High,21.3,47.4,189.8,0.134,0.309,0.931,Heavy rain reducing visibility and grip - reduced speed and longer buffer advised
EVT453883,2026-04-17 23:47:12,Local Market Day,J020,Malleshwaram Circle,3954,Weekday,False,Clear,False,0.0,False,False,0.197,Low,32.9,12.1,186.6,0.158,0.364,0.95,Normal free-flow traffic - standard signal timing maintained
EVT453884,2025-01-02 09:06:38,Concert,J023,Basavanagudi,9315,Weekday,False,Clear,False,0.0,False,False,1.0,Severe,7.5,76.4,485.0,0.179,0.413,0.929,Heavy congestion detected - signal timing extended and reroute suggested
EVT453885,2025-06-11 09:06:20,Concert,J023,Basavanagudi,15110,Weekday,False,Clear,False,0.0,False,False,1.0,Severe,5.7,73.0,941.3,0.233,0.538,0.896,Heavy congestion detected - signal timing extended and reroute suggested
EVT453886,2026-01-17 11:58:41,Local Market Day,J023,Basavanagudi,5035,Weekend,False,Clear,False,0.0,False,False,0.278,Low,28.1,21.1,207.9,0.133,0.308,0.99,Moderate traffic flow - standard adaptive signal timing in effect
EVT453887,2026-06-14 16:54:59,Local Market Day,J040,City Market,3759,Weekend,False,Fog,False,0.0,False,False,0.626,High,17.0,50.2,354.7,0.201,0.464,0.935,Moderate traffic flow - standard adaptive signal timing in effect
EVT453888,2026-06-01 18:05:40,Sports Fixture,J011,Indiranagar 100ft Road,26596,Weekday,False,Clear,False,0.0,False,False,1.0,Severe,8.0,73.2,943.2,0.319,0.736,0.928,Heavy congestion detected - signal timing extended and reroute suggested
EVT453889,2025-03-10 01:54:12,Local Market Day,J020,Malleshwaram Circle,3835,Weekday,False,Clear,False,0.0,False,False,0.208,Low,32.4,19.6,240.3,0.203,0.47,0.989,Normal free-flow traffic - standard signal timing maintained
EVT453890,2026-04-16 17:42:26,Sports Fixture,J020,Malleshwaram Circle,24011,Weekday,False,Clear,False,0.0,False,False,1.0,Severe,9.1,73.7,195.1,0.1,0.23,0.925,Heavy congestion detected - signal timing extended and reroute suggested
EVT453891,2025-06-24 06:35:11,Local Market Day,J031,Cubbon Road,8646,Weekday,False,Heavy Rain,True,54.8,False,False,0.702,High,18.5,46.1,175.5,0.107,0.247,0.913,Heavy rain reducing visibility and grip - reduced speed and longer buffer advised
EVT453892,2026-05-04 10:49:27,Local Market Day,J011,Indiranagar 100ft Road,5452,Weekday,False,Rain,True,10.1,False,False,0.567,High,26.0,37.2,128.8,0.089,0.206,0.92,Heavy rain reducing visibility and grip - reduced speed and longer buffer advised
EVT453893,2026-04-16 18:48:19,Trade Fair,J020,Malleshwaram Circle,6911,Weekday,False,Clear,False,0.0,False,False,1.0,Severe,7.3,70.4,694.0,0.217,0.502,0.912,Heavy congestion detected - signal timing extended and reroute suggested
EVT453894,2025-03-08 16:31:30,Sports Fixture,J011,Indiranagar 100ft Road,23202,Weekend,False,Clear,False,0.0,False,False,0.6,High,26.2,39.2,153.9,0.129,0.299,0.97,Moderate traffic flow - standard adaptive signal timing in effect
EVT453895,2025-06-02 15:10:08,Local Market Day,J009,Majestic,4774,Weekday,False,Heavy Rain,True,59.0,False,False,0.543,Moderate,26.4,40.9,144.0,0.094,0.218,0.93,Light rain detected - minor speed reduction advised
EVT453896,2025-03-04 18:06:43,Sports Fixture,J009,Majestic,17071,Weekday,False,Clear,False,0.0,False,False,1.0,Severe,6.6,72.7,541.1,0.175,0.403,0.918,Heavy congestion detected - signal timing extended and reroute suggested
EVT453897,2025-06-19 17:35:22,Trade Fair,J030,MG Road,15065,Weekday,False,Heavy Rain,True,42.7,False,False,1.0,Severe,8.9,67.7,362.1,0.143,0.33,0.877,Heavy rain reducing visibility and grip - reduced speed and longer buffer advised
EVT453898,2026-02-06 20:47:49,Local Market Day,J040,City Market,4581,Weekday,False,Clear,False,0.0,False,False,0.485,Moderate,24.1,35.9,198.1,0.143,0.33,0.944,Moderate traffic flow - standard adaptive signal timing in effect
EVT453899,2026-02-15 08:29:33,Concert,J009,Majestic,11788,Weekend,False,Clear,False,0.0,False,False,0.828,Severe,14.2,60.0,322.9,0.157,0.364,0.966,Heavy congestion detected - signal timing extended and reroute suggested
EVT453900,2025-08-31 18:05:59,Political Rally,J031,Cubbon Road,10604,Weekend,False,Clear,False,0.0,False,False,0.936,Severe,10.0,62.1,685.1,0.269,0.621,0.936,Heavy congestion detected - signal timing extended and reroute suggested
EVT453901,2026-04-05 09:03:23,Concert,J040,City Market,9792,Weekend,False,Clear,False,0.0,False,False,0.897,Severe,13.2,65.6,402.7,0.194,0.448,0.934,Heavy congestion detected - signal timing extended and reroute suggested
EVT453902,2026-06-13 07:20:51,Sports Fixture,J023,Basavanagudi,45997,Weekend,False,Clear,False,0.0,False,False,0.735,High,18.3,53.7,234.7,0.114,0.263,0.969,Moderate traffic flow - standard adaptive signal timing in effect
EVT453903,2025-07-06 10:28:13,Concert,J040,City Market,16257,Weekend,False,Clear,False,0.0,False,False,0.655,High,25.7,45.6,170.5,0.121,0.279,0.968,Moderate traffic flow - standard adaptive signal timing in effect
EVT453904,2025-09-20 19:17:04,Political Rally,J040,City Market,25032,Weekend,False,Clear,False,0.0,False,False,0.816,Severe,11.1,55.8,232.4,0.098,0.226,0.969,Heavy congestion detected - signal timing extended and reroute suggested
EVT453905,2026-03-12 11:10:20,Local Market Day,J012,Koramangala Sony World,3508,Weekday,False,Clear,False,0.0,False,False,0.377,Moderate,25.4,21.5,91.1,0.072,0.165,0.957,Moderate traffic flow - standard adaptive signal timing in effect
EVT453906,2025-04-08 17:09:19,Sports Fixture,J030,MG Road,21793,Weekday,False,Clear,False,0.0,False,False,0.863,Severe,11.9,56.2,303.6,0.134,0.31,0.927,Heavy congestion detected - signal timing extended and reroute suggested
EVT453907,2025-08-05 14:51:30,Local Market Day,J023,Basavanagudi,4065,Weekday,False,Clear,False,0.0,False,False,0.24,Low,29.9,19.2,166.4,0.148,0.343,0.966,Normal free-flow traffic - standard signal timing maintained
EVT453908,2026-05-24 10:06:51,Trade Fair,J031,Cubbon Road,6878,Weekend,False,Clear,False,0.0,False,False,0.626,High,26.0,43.5,93.8,0.049,0.114,0.978,Moderate traffic flow - standard adaptive signal timing in effect
EVT453909,2025-06-12 21:17:08,Local Market Day,J040,City Market,4505,Weekday,False,Heavy Rain,True,35.1,False,False,0.75,Severe,17.1,55.4,238.9,0.145,0.336,0.906,Heavy rain reducing visibility and grip - reduced speed and longer buffer advised
EVT453910,2025-09-09 17:37:00,Political Rally,J030,MG Road,25157,Weekday,False,Clear,False,0.0,False,False,1.0,Severe,9.2,71.1,301.4,0.13,0.3,0.93,Heavy congestion detected - signal timing extended and reroute suggested
EVT453911,2025-04-26 09:06:11,Political Rally,J031,Cubbon Road,15934,Weekend,False,Clear,False,0.0,False,False,0.941,Severe,8.2,67.4,490.5,0.153,0.355,0.915,Heavy congestion detected - signal timing extended and reroute suggested
EVT453912,2026-03-21 21:52:20,Local Market Day,J020,Malleshwaram Circle,3800,Weekend,False,Clear,False,0.0,False,False,0.278,Low,29.3,24.9,149.2,0.09,0.207,0.971,Moderate traffic flow - standard adaptive signal timing in effect
EVT453913,2026-02-02 19:14:04,Local Market Day,J030,MG Road,4520,Weekday,False,Clear,False,0.0,False,False,0.945,Severe,11.2,63.1,392.0,0.186,0.429,0.924,Heavy congestion detected - signal timing extended and reroute suggested
EVT453914,2025-04-07 21:12:47,Fireworks Display,J009,Majestic,13134,Weekday,True,Clear,False,0.0,False,False,0.505,Moderate,26.6,36.8,150.1,0.102,0.235,0.943,Festival crowd surge detected - alternate route and extended cycle recommended
EVT453915,2025-04-02 16:26:19,Local Market Day,J030,MG Road,2491,Weekday,False,Clear,False,0.0,False,False,0.52,Moderate,27.2,37.4,149.3,0.139,0.322,0.98,Moderate traffic flow - standard adaptive signal timing in effect
EVT453916,2026-01-08 09:57:04,Trade Fair,J009,Majestic,6256,Weekday,False,Clear,False,0.0,False,False,0.897,Severe,12.0,66.9,467.9,0.213,0.493,0.926,Heavy congestion detected - signal timing extended and reroute suggested
EVT453917,2025-03-31 09:31:02,Religious Festival,J020,Malleshwaram Circle,43770,Weekday,True,Clear,False,0.0,False,False,1.0,Severe,9.7,67.4,487.7,0.196,0.453,0.854,Festival crowd surge detected - alternate route and extended cycle recommended
EVT453918,2025-06-09 12:09:57,Sports Fixture,J040,City Market,31042,Weekday,False,Rain,True,9.4,False,False,0.495,Moderate,23.5,38.7,344.1,0.242,0.56,0.941,Light rain detected - minor speed reduction advised
EVT453919,2026-06-21 14:36:16,Political Rally,J020,Malleshwaram Circle,12191,Weekend,False,Clear,False,0.0,False,False,0.355,Moderate,32.3,20.7,135.2,0.122,0.281,0.96,Moderate traffic flow - standard adaptive signal timing in effect
EVT453920,2025-11-30 17:25:28,Trade Fair,J030,MG Road,13349,Weekend,False,Rain,True,19.4,False,False,1.0,Severe,10.3,76.4,347.3,0.14,0.322,0.869,Heavy rain reducing visibility and grip - reduced speed and longer buffer advised
EVT453921,2025-10-04 14:28:47,Trade Fair,J020,Malleshwaram Circle,8381,Weekend,False,Clear,False,0.0,False,False,0.323,Low,31.0,23.7,266.1,0.232,0.536,0.972,Moderate traffic flow - standard adaptive signal timing in effect
EVT453922,2026-06-01 09:10:34,Concert,J012,Koramangala Sony World,7855,Weekday,False,Rain,True,18.7,False,False,1.0,Severe,8.5,70.4,313.1,0.131,0.302,0.856,Heavy rain reducing visibility and grip - reduced speed and longer buffer advised
EVT453923,2026-04-02 09:44:33,Concert,J012,Koramangala Sony World,12389,Weekday,False,Clear,False,0.0,False,False,0.903,Severe,13.4,66.5,527.9,0.273,0.63,0.928,Heavy congestion detected - signal timing extended and reroute suggested
EVT453924,2025-09-16 07:49:53,Concert,J009,Majestic,11468,Weekday,False,Clear,False,0.0,False,False,0.726,High,20.8,54.6,251.1,0.164,0.379,0.988,Moderate traffic flow - standard adaptive signal timing in effect
EVT453925,2026-04-14 18:15:33,Religious Festival,J030,MG Road,31407,Weekday,True,Clear,False,0.0,False,True,1.0,Severe,8.5,101.1,713.0,0.231,0.533,0.829,Road closure for event/procession - full detour recommended for through-traffic
EVT453926,2025-11-23 18:44:43,Political Rally,J020,Malleshwaram Circle,10935,Weekend,False,Clear,False,0.0,False,False,0.822,Severe,18.1,57.5,190.4,0.102,0.235,0.966,Heavy congestion detected - signal timing extended and reroute suggested
EVT453927,2026-06-20 08:50:44,Concert,J031,Cubbon Road,15836,Weekend,False,Clear,False,0.0,False,False,0.915,Severe,12.6,65.3,508.6,0.223,0.516,0.916,Heavy congestion detected - signal timing extended and reroute suggested
EVT453928,2025-06-05 09:27:50,Sports Fixture,J012,Koramangala Sony World,26948,Weekday,False,Rain,True,19.6,False,False,1.0,Severe,9.9,72.0,706.4,0.26,0.601,0.839,Heavy rain reducing visibility and grip - reduced speed and longer buffer advised
EVT453929,2025-05-05 12:20:16,Sports Fixture,J031,Cubbon Road,23316,Weekday,False,Clear,False,0.0,False,False,0.332,Low,21.9,23.1,255.6,0.153,0.354,0.976,Moderate traffic flow - standard adaptive signal timing in effect
EVT453930,2025-06-12 07:47:48,Sports Fixture,J011,Indiranagar 100ft Road,29239,Weekday,False,Clear,False,0.0,False,False,0.801,Severe,17.2,54.9,206.0,0.125,0.288,0.949,Heavy congestion detected - signal timing extended and reroute suggested
EVT453931,2026-06-17 23:16:15,Local Market Day,J012,Koramangala Sony World,2499,Weekday,False,Clear,False,0.0,False,False,0.181,Low,33.4,17.1,103.8,0.086,0.198,0.973,Normal free-flow traffic - standard signal timing maintained
EVT453932,2026-05-29 09:38:11,Trade Fair,J012,Koramangala Sony World,11303,Weekday,False,Heavy Rain,True,26.7,False,False,1.0,Severe,8.8,70.1,509.3,0.181,0.417,0.843,Heavy rain reducing visibility and grip - reduced speed and longer buffer advised
EVT453933,2026-02-28 16:40:14,Sports Fixture,J011,Indiranagar 100ft Road,21824,Weekend,False,Light Rain,True,5.8,False,False,0.775,Severe,14.2,55.4,271.1,0.112,0.259,0.898,Heavy rain reducing visibility and grip - reduced speed and longer buffer advised
EVT453934,2025-12-21 18:08:29,Sports Fixture,J011,Indiranagar 100ft Road,15025,Weekend,False,Clear,False,0.0,False,False,0.911,Severe,13.7,63.2,251.2,0.137,0.317,0.92,Heavy congestion detected - signal timing extended and reroute suggested
EVT453935,2025-08-11 07:59:08,Concert,J012,Koramangala Sony World,11080,Weekday,False,Heavy Rain,True,56.3,False,False,1.0,Severe,8.2,67.7,897.9,0.311,0.719,0.859,Heavy rain reducing visibility and grip - reduced speed and longer buffer advised
EVT453936,2025-06-13 09:52:59,Local Market Day,J012,Koramangala Sony World,4629,Weekday,False,Clear,False,0.0,False,False,0.946,Severe,9.1,60.4,563.6,0.197,0.454,0.921,Heavy congestion detected - signal timing extended and reroute suggested
EVT453937,2026-01-11 09:08:18,Local Market Day,J009,Majestic,4912,Weekend,False,Clear,False,0.0,False,False,0.864,Severe,12.6,62.1,395.8,0.191,0.442,0.949,Heavy congestion detected - signal timing extended and reroute suggested
EVT453938,2025-03-18 17:32:10,Local Market Day,J023,Basavanagudi,3075,Weekday,False,Clear,False,0.0,False,False,0.864,Severe,12.7,65.1,372.0,0.168,0.388,0.914,Heavy congestion detected - signal timing extended and reroute suggested
EVT453939,2025-10-17 08:42:41,Sports Fixture,J030,MG Road,22667,Weekday,False,Clear,False,0.0,False,False,1.0,Severe,8.9,68.9,401.1,0.144,0.332,0.924,Heavy congestion detected - signal timing extended and reroute suggested
EVT453940,2025-10-28 16:55:21,Local Market Day,J031,Cubbon Road,3424,Weekday,False,Clear,False,0.0,False,False,0.641,High,21.7,38.0,188.0,0.116,0.268,0.975,Moderate traffic flow - standard adaptive signal timing in effect
EVT453941,2026-06-06 11:59:52,Sports Fixture,J030,MG Road,21207,Weekend,False,Clear,False,0.0,False,False,0.393,Moderate,29.2,30.8,198.3,0.168,0.388,0.97,Moderate traffic flow - standard adaptive signal timing in effect
EVT453942,2025-07-26 07:01:32,Concert,J030,MG Road,11890,Weekend,False,Clear,False,0.0,False,False,0.466,Moderate,27.0,31.3,144.2,0.098,0.227,0.963,Moderate traffic flow - standard adaptive signal timing in effect
EVT453943,2025-07-16 14:17:33,Sports Fixture,J030,MG Road,40301,Weekday,False,Rain,True,18.7,False,False,0.651,High,21.6,53.5,308.5,0.192,0.444,0.888,Heavy rain reducing visibility and grip - reduced speed and longer buffer advised
EVT453944,2025-12-09 21:59:59,Trade Fair,J030,MG Road,14933,Weekday,False,Clear,False,0.0,False,False,0.297,Low,29.6,24.2,141.7,0.108,0.25,0.978,Moderate traffic flow - standard adaptive signal timing in effect
EVT453945,2025-12-11 09:36:34,Political Rally,J009,Majestic,7781,Weekday,False,Light Rain,True,0.2,False,False,1.0,Severe,9.3,68.9,721.3,0.295,0.681,0.871,Heavy rain reducing visibility and grip - reduced speed and longer buffer advised
EVT453946,2025-11-17 08:20:42,Sports Fixture,J023,Basavanagudi,26274,Weekday,False,Rain,True,20.4,False,False,1.0,Severe,9.3,72.5,461.2,0.173,0.4,0.87,Heavy rain reducing visibility and grip - reduced speed and longer buffer advised
EVT453947,2026-03-16 09:51:40,Local Market Day,J040,City Market,2856,Weekday,False,Clear,False,0.0,False,False,0.828,Severe,10.2,64.2,612.1,0.24,0.554,0.925,Heavy congestion detected - signal timing extended and reroute suggested
EVT453948,2026-05-15 08:06:25,Sports Fixture,J040,City Market,24051,Weekday,False,Clear,False,0.0,False,False,1.0,Severe,9.6,68.9,672.9,0.242,0.558,0.929,Heavy congestion detected - signal timing extended and reroute suggested
EVT453949,2025-07-23 11:31:16,Sports Fixture,J031,Cubbon Road,21053,Weekday,False,Clear,False,0.0,False,False,0.311,Low,41.2,23.0,111.2,0.114,0.264,0.971,Moderate traffic flow - standard adaptive signal timing in effect
EVT453950,2025-10-09 17:50:30,Concert,J030,MG Road,15127,Weekday,False,Clear,False,0.0,False,False,1.0,Severe,7.3,68.4,507.5,0.17,0.393,0.938,Heavy congestion detected - signal timing extended and reroute suggested
EVT453951,2025-12-15 09:25:12,Sports Fixture,J009,Majestic,43001,Weekday,False,Clear,False,0.0,False,False,1.0,Severe,8.5,73.0,846.2,0.266,0.614,0.919,Heavy congestion detected - signal timing extended and reroute suggested
EVT453952,2026-04-04 18:22:09,Trade Fair,J030,MG Road,10522,Weekend,False,Clear,False,0.0,False,False,1.0,Severe,10.3,70.8,678.2,0.258,0.596,0.931,Heavy congestion detected - signal timing extended and reroute suggested
EVT453953,2026-06-13 21:36:19,Sports Fixture,J040,City Market,15654,Weekend,False,Clear,False,0.0,False,False,0.411,Moderate,31.2,30.8,165.2,0.154,0.356,0.967,Moderate traffic flow - standard adaptive signal timing in effect
EVT453954,2025-05-13 13:49:11,Sports Fixture,J012,Koramangala Sony World,20385,Weekday,False,Clear,False,0.0,False,False,0.253,Low,35.6,17.8,203.2,0.18,0.415,0.963,Moderate traffic flow - standard adaptive signal timing in effect
EVT453955,2026-05-10 11:48:45,Sports Fixture,J011,Indiranagar 100ft Road,15551,Weekend,False,Clear,False,0.0,False,False,0.392,Moderate,26.4,25.6,218.6,0.161,0.373,0.966,Moderate traffic flow - standard adaptive signal timing in effect
EVT453956,2025-01-23 16:29:51,Sports Fixture,J030,MG Road,19085,Weekday,False,Clear,False,0.0,False,False,0.588,High,21.0,41.0,90.7,0.056,0.129,0.968,Moderate traffic flow - standard adaptive signal timing in effect
EVT453957,2026-01-14 19:09:21,Religious Festival,J023,Basavanagudi,69244,Weekday,True,Clear,False,0.0,False,True,1.0,Severe,10.0,101.0,737.5,0.285,0.659,0.828,Road closure for event/procession - full detour recommended for through-traffic
EVT453958,2025-07-01 17:46:58,Local Market Day,J030,MG Road,5015,Weekday,False,Clear,False,0.0,False,False,0.86,Severe,15.1,57.6,237.0,0.115,0.265,0.96,Heavy congestion detected - signal timing extended and reroute suggested
EVT453959,2026-01-17 08:14:13,Trade Fair,J023,Basavanagudi,10721,Weekend,False,Clear,False,0.0,False,False,0.854,Severe,13.7,62.3,311.1,0.146,0.338,0.95,Heavy congestion detected - signal timing extended and reroute suggested
EVT453960,2025-09-15 16:58:56,Local Market Day,J040,City Market,2384,Weekday,False,Clear,False,0.0,False,False,0.805,Severe,18.4,56.3,132.3,0.08,0.184,0.939,Heavy congestion detected - signal timing extended and reroute suggested
EVT453961,2026-01-05 18:32:27,Political Rally,J023,Basavanagudi,16482,Weekday,False,Clear,False,0.0,False,False,1.0,Severe,8.6,72.1,714.5,0.263,0.608,0.91,Heavy congestion detected - signal timing extended and reroute suggested
EVT453962,2025-07-11 19:52:55,Trade Fair,J012,Koramangala Sony World,5547,Weekday,False,Heavy Rain,True,25.1,False,False,1.0,Severe,10.2,67.9,421.3,0.179,0.414,0.876,Heavy rain reducing visibility and grip - reduced speed and longer buffer advised
EVT453963,2025-04-11 13:56:10,Trade Fair,J011,Indiranagar 100ft Road,5256,Weekday,False,Clear,False,0.0,False,False,0.202,Low,38.1,15.3,80.4,0.07,0.161,0.971,Normal free-flow traffic - standard signal timing maintained
EVT453964,2026-06-19 13:50:55,Concert,J031,Cubbon Road,9547,Weekday,False,Light Rain,True,3.0,False,False,0.256,Low,31.2,14.4,127.1,0.115,0.266,0.917,Light rain detected - minor speed reduction advised
EVT453965,2026-02-02 10:42:54,Sports Fixture,J012,Koramangala Sony World,18729,Weekday,False,Clear,False,0.0,False,False,0.609,High,18.0,41.4,240.4,0.154,0.356,0.976,Moderate traffic flow - standard adaptive signal timing in effect
EVT453966,2026-06-12 13:32:46,Political Rally,J030,MG Road,28081,Weekday,False,Clear,False,0.0,False,False,0.263,Low,21.3,19.1,108.6,0.065,0.151,0.964,Moderate traffic flow - standard adaptive signal timing in effect
EVT453967,2025-05-29 18:58:32,Sports Fixture,J011,Indiranagar 100ft Road,36165,Weekday,False,Rain,True,17.8,False,False,1.0,Severe,9.0,71.8,597.2,0.218,0.503,0.881,Heavy rain reducing visibility and grip - reduced speed and longer buffer advised
EVT453968,2026-04-26 12:17:29,Concert,J020,Malleshwaram Circle,11877,Weekend,False,Clear,False,0.0,False,False,0.338,Low,22.5,30.3,161.0,0.117,0.271,0.964,Moderate traffic flow - standard adaptive signal timing in effect
EVT453969,2026-04-16 18:20:32,Concert,J009,Majestic,5079,Weekday,False,Clear,False,0.0,False,False,1.0,Severe,8.6,71.9,376.8,0.142,0.328,0.923,Heavy congestion detected - signal timing extended and reroute suggested
EVT453970,2026-06-01 07:52:42,Trade Fair,J023,Basavanagudi,7320,Weekday,False,Clear,False,0.0,False,False,0.76,Severe,17.7,60.6,326.3,0.217,0.502,0.964,Heavy congestion detected - signal timing extended and reroute suggested
EVT453971,2026-06-23 21:41:06,Trade Fair,J011,Indiranagar 100ft Road,14050,Weekday,False,Heavy Rain,True,82.7,False,False,0.715,High,16.8,50.4,318.5,0.169,0.39,0.949,Heavy rain reducing visibility and grip - reduced speed and longer buffer advised
EVT453972,2026-03-07 16:31:27,Local Market Day,J030,MG Road,4659,Weekend,False,Clear,False,0.0,False,False,0.523,Moderate,26.7,44.7,246.1,0.175,0.405,0.963,Moderate traffic flow - standard adaptive signal timing in effect
EVT453973,2025-12-24 09:21:04,Local Market Day,J009,Majestic,5362,Weekday,False,Clear,False,0.0,False,False,0.985,Severe,10.2,67.4,560.3,0.239,0.552,0.925,Heavy congestion detected - signal timing extended and reroute suggested
EVT453974,2025-01-22 09:34:38,Local Market Day,J012,Koramangala Sony World,3924,Weekday,False,Clear,False,0.0,False,False,0.957,Severe,12.0,69.5,393.9,0.189,0.436,0.913,Heavy congestion detected - signal timing extended and reroute suggested
EVT453975,2025-07-25 10:34:22,Local Market Day,J012,Koramangala Sony World,1919,Weekday,False,Rain,True,17.8,False,False,0.734,High,21.8,48.9,194.0,0.124,0.286,0.897,Heavy rain reducing visibility and grip - reduced speed and longer buffer advised
EVT453976,2025-08-29 17:22:11,Local Market Day,J023,Basavanagudi,5263,Weekday,False,Clear,False,0.0,False,False,0.77,Severe,15.8,64.2,270.4,0.146,0.337,0.963,Heavy congestion detected - signal timing extended and reroute suggested
EVT453977,2025-02-15 21:34:35,Concert,J009,Majestic,16346,Weekend,False,Clear,False,0.0,False,False,0.429,Moderate,33.6,25.0,81.3,0.067,0.154,0.951,Moderate traffic flow - standard adaptive signal timing in effect
EVT453978,2026-06-20 20:14:52,Political Rally,J023,Basavanagudi,13650,Weekend,False,Heavy Rain,True,50.0,False,False,0.999,Severe,7.4,68.1,253.2,0.104,0.241,0.88,Heavy rain reducing visibility and grip - reduced speed and longer buffer advised
EVT453979,2025-04-23 19:28:59,Local Market Day,J012,Koramangala Sony World,5015,Weekday,False,Rain,True,14.0,False,False,0.992,Severe,8.2,67.9,534.9,0.187,0.432,0.868,Heavy rain reducing visibility and grip - reduced speed and longer buffer advised
EVT453980,2026-03-13 17:55:25,Trade Fair,J040,City Market,10646,Weekday,False,Clear,False,0.0,False,False,1.0,Severe,9.0,71.7,370.9,0.139,0.321,0.908,Heavy congestion detected - signal timing extended and reroute suggested
EVT453981,2025-07-03 07:58:09,Concert,J011,Indiranagar 100ft Road,18524,Weekday,False,Clear,False,0.0,False,False,0.783,Severe,14.9,54.4,360.3,0.172,0.398,0.972,Heavy congestion detected - signal timing extended and reroute suggested
EVT453982,2025-04-23 18:05:41,Local Market Day,J011,Indiranagar 100ft Road,2435,Weekday,False,Clear,False,0.0,False,False,1.0,Severe,7.1,69.2,1017.6,0.314,0.725,0.9,Heavy congestion detected - signal timing extended and reroute suggested
EVT453983,2025-06-02 10:14:30,Sports Fixture,J020,Malleshwaram Circle,14979,Weekday,False,Heavy Rain,True,41.4,False,False,1.0,Severe,7.5,75.0,497.4,0.145,0.334,0.853,Heavy rain reducing visibility and grip - reduced speed and longer buffer advised
EVT453984,2026-06-14 09:40:17,Sports Fixture,J020,Malleshwaram Circle,18694,Weekend,False,Clear,False,0.0,False,False,0.87,Severe,14.2,58.7,403.7,0.225,0.519,0.955,Heavy congestion detected - signal timing extended and reroute suggested
EVT453985,2025-10-06 19:25:29,Political Rally,J020,Malleshwaram Circle,9265,Weekday,False,Clear,False,0.0,False,False,0.988,Severe,8.3,61.9,520.7,0.168,0.389,0.916,Heavy congestion detected - signal timing extended and reroute suggested
EVT453986,2026-03-07 18:39:12,Local Market Day,J031,Cubbon Road,3883,Weekend,False,Clear,False,0.0,False,False,0.9,Severe,11.8,60.5,609.3,0.267,0.616,0.929,Heavy congestion detected - signal timing extended and reroute suggested
EVT453987,2025-07-25 17:06:38,Political Rally,J023,Basavanagudi,21463,Weekday,False,Heavy Rain,True,35.8,False,False,1.0,Severe,8.4,77.9,350.9,0.137,0.315,0.877,Heavy rain reducing visibility and grip - reduced speed and longer buffer advised
EVT453988,2025-06-09 21:34:00,Sports Fixture,J040,City Market,32783,Weekday,False,Rain,True,15.5,False,False,0.692,High,17.8,48.8,279.1,0.163,0.377,0.899,Heavy rain reducing visibility and grip - reduced speed and longer buffer advised
EVT453989,2025-11-17 18:38:17,Local Market Day,J023,Basavanagudi,2675,Weekday,False,Clear,False,0.0,False,False,1.0,Severe,9.9,72.1,566.7,0.24,0.553,0.941,Heavy congestion detected - signal timing extended and reroute suggested
EVT453990,2025-07-11 12:04:57,Concert,J009,Majestic,7988,Weekday,False,Clear,False,0.0,False,False,0.263,Low,28.2,14.2,145.9,0.123,0.283,0.967,Moderate traffic flow - standard adaptive signal timing in effect
EVT453991,2026-02-05 14:51:02,Political Rally,J012,Koramangala Sony World,12332,Weekday,False,Clear,False,0.0,False,False,0.329,Low,27.0,25.1,151.2,0.114,0.264,0.965,Moderate traffic flow - standard adaptive signal timing in effect
EVT453992,2025-03-23 21:35:22,Concert,J011,Indiranagar 100ft Road,21240,Weekend,False,Clear,False,0.0,False,False,0.504,Moderate,22.4,36.3,247.0,0.171,0.396,0.97,Moderate traffic flow - standard adaptive signal timing in effect
EVT453993,2026-02-07 08:42:20,Trade Fair,J030,MG Road,7936,Weekend,False,Fog,False,0.0,False,False,0.821,Severe,14.6,56.2,372.7,0.201,0.464,0.961,Heavy congestion detected - signal timing extended and reroute suggested
EVT453994,2025-09-11 09:43:12,Sports Fixture,J031,Cubbon Road,30167,Weekday,False,Clear,False,0.0,False,False,1.0,Severe,8.0,74.1,379.6,0.137,0.316,0.925,Heavy congestion detected - signal timing extended and reroute suggested
EVT453995,2025-02-21 16:30:28,Trade Fair,J031,Cubbon Road,14496,Weekday,False,Clear,False,0.0,False,False,0.748,High,12.4,50.6,578.6,0.278,0.641,0.973,Moderate traffic flow - standard adaptive signal timing in effect
EVT453996,2026-02-18 23:42:49,Sports Fixture,J031,Cubbon Road,17241,Weekday,False,Clear,False,0.0,False,False,0.246,Low,38.5,19.3,169.7,0.184,0.424,0.977,Normal free-flow traffic - standard signal timing maintained
EVT453997,2025-01-10 11:42:13,Sports Fixture,J023,Basavanagudi,15631,Weekday,False,Clear,False,0.0,False,False,0.285,Low,31.9,16.5,100.4,0.088,0.202,0.974,Moderate traffic flow - standard adaptive signal timing in effect
EVT453998,2026-01-31 10:28:22,Sports Fixture,J011,Indiranagar 100ft Road,27566,Weekend,False,Clear,False,0.0,False,False,0.754,Severe,19.0,54.2,229.4,0.151,0.349,0.957,Heavy congestion detected - signal timing extended and reroute suggested
EVT453999,2025-09-02 08:02:25,Concert,J023,Basavanagudi,15319,Weekday,False,Clear,False,0.0,False,False,0.852,Severe,14.5,64.5,291.2,0.145,0.335,0.954,Heavy congestion detected - signal timing extended and reroute suggested
EVT454000,2025-06-01 07:33:42,Sports Fixture,J011,Indiranagar 100ft Road,39938,Weekend,False,Clear,False,0.0,False,False,0.839,Severe,12.1,57.9,462.7,0.2,0.463,0.947,Heavy congestion detected - signal timing extended and reroute suggested
EVT454001,2026-02-10 19:28:36,Local Market Day,J023,Basavanagudi,2881,Weekday,False,Clear,False,0.0,False,False,0.889,Severe,8.9,61.9,362.4,0.13,0.301,0.943,Heavy congestion detected - signal timing extended and reroute suggested
EVT454002,2025-03-15 10:05:59,Fireworks Display,J031,Cubbon Road,60764,Weekend,True,Clear,False,0.0,False,False,1.0,Severe,7.9,69.9,497.1,0.173,0.399,0.844,Festival crowd surge detected - alternate route and extended cycle recommended
EVT454003,2026-06-11 13:44:26,Trade Fair,J020,Malleshwaram Circle,11736,Weekday,False,Clear,False,0.0,False,False,0.254,Low,30.3,18.7,168.0,0.143,0.331,0.96,Moderate traffic flow - standard adaptive signal timing in effect
EVT454004,2026-05-16 08:01:53,Trade Fair,J030,MG Road,6100,Weekend,False,Clear,False,0.0,False,False,0.683,High,14.7,55.8,256.5,0.132,0.305,0.957,Moderate traffic flow - standard adaptive signal timing in effect
EVT454005,2025-07-29 13:35:43,Local Market Day,J011,Indiranagar 100ft Road,3774,Weekday,False,Clear,False,0.0,False,False,0.184,Low,28.7,15.1,173.2,0.13,0.3,0.965,Normal free-flow traffic - standard signal timing maintained
EVT454006,2026-03-04 11:20:39,Cultural Procession,J023,Basavanagudi,23590,Weekday,True,Clear,False,0.0,False,True,0.89,High,11.5,91.4,187.3,0.089,0.206,0.838,Road closure for event/procession - full detour recommended for through-traffic
EVT454007,2025-08-19 08:06:18,Political Rally,J009,Majestic,25620,Weekday,False,Heavy Rain,True,27.0,False,False,1.0,Severe,6.6,75.4,589.2,0.187,0.433,0.867,Heavy rain reducing visibility and grip - reduced speed and longer buffer advised
EVT454008,2025-02-07 08:51:09,Local Market Day,J011,Indiranagar 100ft Road,1890,Weekday,False,Clear,False,0.0,False,False,1.0,Severe,9.6,69.1,538.2,0.204,0.471,0.933,Heavy congestion detected - signal timing extended and reroute suggested
EVT454009,2025-12-11 16:39:40,Trade Fair,J040,City Market,10027,Weekday,False,Clear,False,0.0,False,False,0.671,High,19.1,50.0,211.1,0.12,0.278,0.953,Moderate traffic flow - standard adaptive signal timing in effect
EVT454010,2026-03-19 09:08:49,Religious Festival,J030,MG Road,29937,Weekday,True,Clear,False,0.0,False,False,1.0,Severe,9.2,70.5,559.2,0.213,0.491,0.842,Festival crowd surge detected - alternate route and extended cycle recommended
EVT454011,2026-02-07 20:45:28,Trade Fair,J030,MG Road,9477,Weekend,False,Clear,False,0.0,False,False,0.487,Moderate,28.4,32.6,220.3,0.194,0.448,0.959,Moderate traffic flow - standard adaptive signal timing in effect
EVT454012,2025-10-02 17:12:18,Religious Festival,J031,Cubbon Road,52448,Weekday,True,Clear,False,0.0,False,True,1.0,Severe,9.2,101.5,902.2,0.345,0.796,0.852,Road closure for event/procession - full detour recommended for through-traffic
EVT454013,2026-06-29 18:24:35,Sports Fixture,J040,City Market,28436,Weekday,False,Rain,True,11.3,False,False,1.0,Severe,8.7,72.1,588.8,0.221,0.51,0.861,Heavy rain reducing visibility and grip - reduced speed and longer buffer advised
EVT454014,2025-11-12 18:11:09,Local Market Day,J011,Indiranagar 100ft Road,2232,Weekday,False,Clear,False,0.0,False,False,0.986,Severe,8.9,72.6,505.8,0.176,0.406,0.941,Heavy congestion detected - signal timing extended and reroute suggested
EVT454015,2025-11-21 08:11:58,Local Market Day,J040,City Market,2781,Weekday,False,Clear,False,0.0,False,False,0.92,Severe,10.8,62.9,446.2,0.191,0.442,0.933,Heavy congestion detected - signal timing extended and reroute suggested
EVT454016,2025-11-24 13:04:30,Concert,J020,Malleshwaram Circle,8390,Weekday,False,Clear,False,0.0,False,False,0.181,Low,36.9,8.9,122.0,0.119,0.274,0.966,Normal free-flow traffic - standard signal timing maintained
EVT454017,2025-11-25 07:19:42,Sports Fixture,J012,Koramangala Sony World,16152,Weekday,False,Clear,False,0.0,False,False,0.537,Moderate,22.3,37.6,289.6,0.193,0.445,0.967,Moderate traffic flow - standard adaptive signal timing in effect
EVT454018,2025-05-13 12:17:09,Political Rally,J040,City Market,4211,Weekday,False,Rain,True,14.2,False,False,0.328,Low,28.8,25.8,143.1,0.101,0.234,0.894,Light rain detected - minor speed reduction advised
EVT454019,2026-05-19 07:16:16,Local Market Day,J012,Koramangala Sony World,5738,Weekday,False,Clear,False,0.0,False,False,0.578,High,21.4,37.4,195.7,0.127,0.293,0.966,Moderate traffic flow - standard adaptive signal timing in effect
EVT454020,2025-09-19 07:57:32,Local Market Day,J009,Majestic,2580,Weekday,False,Rain,True,8.5,False,False,0.91,Severe,12.7,70.1,411.6,0.21,0.486,0.894,Heavy rain reducing visibility and grip - reduced speed and longer buffer advised
EVT454021,2025-02-06 09:28:48,Sports Fixture,J012,Koramangala Sony World,25221,Weekday,False,Clear,False,0.0,False,False,1.0,Severe,9.0,73.3,217.4,0.102,0.236,0.943,Heavy congestion detected - signal timing extended and reroute suggested
EVT454022,2026-04-04 20:46:10,Local Market Day,J031,Cubbon Road,3959,Weekend,False,Clear,False,0.0,False,False,0.475,Moderate,23.1,30.0,122.3,0.065,0.149,0.973,Moderate traffic flow - standard adaptive signal timing in effect
EVT454023,2026-04-01 08:04:21,Trade Fair,J011,Indiranagar 100ft Road,4361,Weekday,False,Clear,False,0.0,False,False,0.804,Severe,12.2,59.0,577.5,0.295,0.682,0.952,Heavy congestion detected - signal timing extended and reroute suggested
EVT454024,2025-08-27 06:34:09,Cultural Procession,J009,Majestic,18095,Weekday,True,Clear,False,0.0,False,True,0.815,High,15.7,84.2,254.7,0.14,0.322,0.883,Road closure for event/procession - full detour recommended for through-traffic
EVT454025,2025-11-03 11:38:48,Political Rally,J020,Malleshwaram Circle,16284,Weekday,False,Clear,False,0.0,False,False,0.411,Moderate,28.6,33.1,190.5,0.142,0.328,0.969,Moderate traffic flow - standard adaptive signal timing in effect
EVT454026,2025-09-03 18:15:35,Concert,J030,MG Road,13515,Weekday,False,Clear,False,0.0,False,False,1.0,Severe,7.3,69.3,506.1,0.154,0.357,0.906,Heavy congestion detected - signal timing extended and reroute suggested
EVT454027,2026-03-28 20:57:03,Local Market Day,J030,MG Road,5902,Weekend,False,Clear,False,0.0,False,False,0.466,Moderate,20.7,33.5,273.7,0.171,0.394,0.97,Moderate traffic flow - standard adaptive signal timing in effect
EVT454028,2026-04-29 18:29:46,Concert,J020,Malleshwaram Circle,10305,Weekday,False,Clear,False,0.0,False,False,1.0,Severe,8.1,73.8,504.8,0.192,0.444,0.91,Heavy congestion detected - signal timing extended and reroute suggested
EVT454029,2026-03-05 11:04:41,Religious Festival,J040,City Market,128231,Weekday,True,Clear,False,0.0,False,True,1.0,Severe,7.5,90.7,469.9,0.169,0.389,0.829,Road closure for event/procession - full detour recommended for through-traffic
EVT454030,2026-03-29 08:28:59,Concert,J020,Malleshwaram Circle,16240,Weekend,False,Clear,False,0.0,False,False,0.821,Severe,16.7,63.1,333.0,0.202,0.467,0.964,Heavy congestion detected - signal timing extended and reroute suggested
EVT454031,2025-01-20 10:36:39,Local Market Day,J012,Koramangala Sony World,3368,Weekday,False,Clear,False,0.0,False,False,0.577,High,18.4,41.8,182.0,0.115,0.266,0.971,Moderate traffic flow - standard adaptive signal timing in effect
EVT454032,2026-02-05 14:41:54,Trade Fair,J011,Indiranagar 100ft Road,13231,Weekday,False,Clear,False,0.0,False,False,0.357,Moderate,31.9,24.3,139.1,0.125,0.289,0.967,Moderate traffic flow - standard adaptive signal timing in effect
EVT454033,2026-04-04 17:11:57,Local Market Day,J012,Koramangala Sony World,1701,Weekend,False,Clear,False,0.0,False,False,0.665,High,16.1,49.2,249.1,0.143,0.33,0.964,Moderate traffic flow - standard adaptive signal timing in effect
EVT454034,2025-05-25 22:23:07,Political Rally,J009,Majestic,15320,Weekend,False,Clear,False,0.0,False,False,0.384,Moderate,26.0,25.9,150.4,0.116,0.267,0.96,Moderate traffic flow - standard adaptive signal timing in effect
EVT454035,2026-05-24 07:29:07,Trade Fair,J011,Indiranagar 100ft Road,7676,Weekend,False,Clear,False,0.0,False,False,0.568,High,23.0,42.3,87.7,0.066,0.153,0.96,Moderate traffic flow - standard adaptive signal timing in effect
EVT454036,2025-12-10 18:06:16,Local Market Day,J031,Cubbon Road,4669,Weekday,False,Clear,False,0.0,False,False,0.997,Severe,9.9,73.1,279.7,0.107,0.248,0.908,Heavy congestion detected - signal timing extended and reroute suggested
EVT454037,2025-12-03 11:02:45,Trade Fair,J030,MG Road,12101,Weekday,False,Clear,False,0.0,False,False,0.483,Moderate,22.8,37.7,200.7,0.141,0.325,0.968,Moderate traffic flow - standard adaptive signal timing in effect
EVT454038,2025-10-14 15:04:57,Political Rally,J031,Cubbon Road,10865,Weekday,False,Clear,False,0.0,False,False,0.311,Low,33.3,26.0,101.2,0.085,0.197,0.973,Moderate traffic flow - standard adaptive signal timing in effect
EVT454039,2025-04-02 09:39:36,Local Market Day,J011,Indiranagar 100ft Road,2541,Weekday,False,Fog,False,0.0,False,False,0.908,Severe,11.1,61.1,314.0,0.132,0.305,0.923,Heavy congestion detected - signal timing extended and reroute suggested
EVT454040,2026-05-12 14:54:29,Local Market Day,J023,Basavanagudi,3977,Weekday,False,Clear,False,0.0,False,False,0.181,Low,30.6,12.1,75.4,0.053,0.122,0.962,Normal free-flow traffic - standard signal timing maintained
EVT454041,2025-04-13 21:32:26,Political Rally,J040,City Market,11440,Weekend,False,Clear,False,0.0,False,False,0.412,Moderate,25.9,26.8,119.0,0.091,0.211,0.967,Moderate traffic flow - standard adaptive signal timing in effect
EVT454042,2025-11-01 19:47:46,Cultural Procession,J020,Malleshwaram Circle,24913,Weekend,True,Clear,False,0.0,False,True,1.0,Severe,8.0,97.6,642.7,0.224,0.517,0.82,Road closure for event/procession - full detour recommended for through-traffic
EVT454043,2025-04-12 09:25:53,Local Market Day,J020,Malleshwaram Circle,2801,Weekend,False,Clear,False,0.0,False,False,0.807,Severe,13.3,60.2,310.5,0.149,0.345,0.945,Heavy congestion detected - signal timing extended and reroute suggested
EVT454044,2026-02-25 13:57:14,Sports Fixture,J020,Malleshwaram Circle,25636,Weekday,False,Clear,False,0.0,False,False,0.311,Low,35.7,22.6,116.3,0.106,0.246,0.952,Moderate traffic flow - standard adaptive signal timing in effect
EVT454045,2026-05-30 20:05:11,Trade Fair,J031,Cubbon Road,6960,Weekend,False,Clear,False,0.0,False,False,0.686,High,18.2,54.0,186.0,0.119,0.275,0.956,Moderate traffic flow - standard adaptive signal timing in effect
EVT454046,2025-12-05 19:44:05,Political Rally,J009,Majestic,27766,Weekday,False,Clear,False,0.0,False,False,0.994,Severe,6.8,69.6,672.0,0.197,0.455,0.91,Heavy congestion detected - signal timing extended and reroute suggested
EVT454047,2026-02-06 16:17:23,Local Market Day,J023,Basavanagudi,6394,Weekday,False,Clear,False,0.0,False,False,0.498,Moderate,17.9,29.3,278.6,0.166,0.384,0.96,Moderate traffic flow - standard adaptive signal timing in effect
EVT454048,2026-01-17 08:49:37,Concert,J040,City Market,21492,Weekend,False,Clear,False,0.0,False,False,0.936,Severe,8.5,66.5,542.3,0.161,0.372,0.94,Heavy congestion detected - signal timing extended and reroute suggested
EVT454049,2026-06-02 19:38:48,Concert,J009,Majestic,14436,Weekday,False,Heavy Rain,True,39.5,False,False,1.0,Severe,7.9,64.7,358.7,0.136,0.314,0.853,Heavy rain reducing visibility and grip - reduced speed and longer buffer advised
EVT454050,2026-02-20 08:24:06,Local Market Day,J023,Basavanagudi,5259,Weekday,False,Clear,False,0.0,False,False,1.0,Severe,8.2,68.9,705.7,0.206,0.477,0.914,Heavy congestion detected - signal timing extended and reroute suggested
EVT454051,2025-03-11 22:28:51,Trade Fair,J011,Indiranagar 100ft Road,6929,Weekday,False,Clear,False,0.0,False,False,0.24,Low,39.4,17.5,92.2,0.086,0.2,0.948,Normal free-flow traffic - standard signal timing maintained
EVT454052,2026-05-28 12:09:51,Concert,J031,Cubbon Road,9958,Weekday,False,Clear,False,0.0,False,False,0.191,Low,41.2,17.6,156.5,0.164,0.38,0.951,Normal free-flow traffic - standard signal timing maintained
EVT454053,2025-11-12 16:51:15,Political Rally,J009,Majestic,14892,Weekday,False,Clear,False,0.0,False,False,0.693,High,16.3,48.3,451.5,0.237,0.546,0.981,Moderate traffic flow - standard adaptive signal timing in effect
EVT454054,2026-05-20 15:52:48,Concert,J030,MG Road,10927,Weekday,False,Clear,False,0.0,False,False,0.324,Low,28.6,16.0,224.3,0.161,0.372,0.976,Moderate traffic flow - standard adaptive signal timing in effect
EVT454055,2025-09-25 16:04:35,Political Rally,J030,MG Road,19110,Weekday,False,Heavy Rain,True,44.6,False,False,0.87,Severe,11.6,65.4,346.6,0.147,0.339,0.872,Heavy rain reducing visibility and grip - reduced speed and longer buffer advised
EVT454056,2026-05-01 09:43:45,Cultural Procession,J020,Malleshwaram Circle,15361,Weekday,True,Clear,False,0.0,False,False,1.0,Severe,8.0,62.9,475.5,0.159,0.367,0.904,Festival crowd surge detected - alternate route and extended cycle recommended
EVT454057,2026-04-15 19:16:13,Religious Festival,J040,City Market,50834,Weekday,True,Clear,False,0.0,False,True,1.0,Severe,8.6,99.9,219.0,0.089,0.206,0.804,Road closure for event/procession - full detour recommended for through-traffic
EVT454058,2025-10-15 19:20:58,Sports Fixture,J011,Indiranagar 100ft Road,30804,Weekday,False,Clear,False,0.0,False,False,1.0,Severe,8.3,71.5,456.1,0.164,0.38,0.924,Heavy congestion detected - signal timing extended and reroute suggested
EVT454059,2025-03-01 17:53:54,Trade Fair,J012,Koramangala Sony World,10252,Weekend,False,Clear,False,0.0,False,False,0.901,Severe,12.5,69.7,457.5,0.206,0.477,0.933,Heavy congestion detected - signal timing extended and reroute suggested
EVT454060,2025-04-12 12:39:27,Local Market Day,J020,Malleshwaram Circle,2766,Weekend,False,Clear,False,0.0,False,False,0.162,Low,39.6,9.9,162.4,0.15,0.346,0.959,Normal free-flow traffic - standard signal timing maintained
EVT454061,2025-04-26 10:17:45,Local Market Day,J030,MG Road,5024,Weekend,False,Clear,False,0.0,False,False,0.655,High,20.1,51.0,309.3,0.187,0.431,0.946,Moderate traffic flow - standard adaptive signal timing in effect
EVT454062,2025-09-11 20:34:52,Sports Fixture,J012,Koramangala Sony World,13290,Weekday,False,Clear,False,0.0,False,False,0.582,High,21.1,36.6,240.1,0.15,0.347,0.956,Moderate traffic flow - standard adaptive signal timing in effect
EVT454063,2025-12-02 10:10:24,Sports Fixture,J030,MG Road,23236,Weekday,False,Light Rain,True,6.3,False,False,0.952,Severe,10.3,71.0,252.0,0.105,0.242,0.854,Heavy rain reducing visibility and grip - reduced speed and longer buffer advised
EVT454064,2026-04-04 21:26:47,Trade Fair,J009,Majestic,8640,Weekend,False,Clear,False,0.0,False,False,0.422,Moderate,23.7,34.9,255.4,0.176,0.406,0.921,Moderate traffic flow - standard adaptive signal timing in effect
EVT454065,2025-10-03 20:35:24,Religious Festival,J011,Indiranagar 100ft Road,54723,Weekday,True,Heavy Rain,True,40.1,False,True,1.0,Severe,8.8,92.6,375.6,0.161,0.373,0.775,Road closure for event/procession - full detour recommended for through-traffic
EVT454066,2026-05-01 08:13:04,Cultural Procession,J011,Indiranagar 100ft Road,23189,Weekday,True,Fog,False,0.0,False,True,1.0,Severe,8.5,100.1,528.3,0.187,0.433,0.828,Road closure for event/procession - full detour recommended for through-traffic
EVT454067,2025-03-02 19:17:22,Political Rally,J040,City Market,30117,Weekend,False,Clear,False,0.0,False,False,0.928,Severe,11.9,65.9,406.7,0.192,0.444,0.926,Heavy congestion detected - signal timing extended and reroute suggested
EVT454068,2025-07-24 08:47:38,Local Market Day,J011,Indiranagar 100ft Road,4277,Weekday,False,Clear,False,0.0,False,False,0.966,Severe,10.4,78.2,450.7,0.167,0.387,0.923,Heavy congestion detected - signal timing extended and reroute suggested
EVT454069,2025-11-19 18:09:16,Local Market Day,J031,Cubbon Road,6295,Weekday,False,Clear,False,0.0,False,False,1.0,Severe,10.2,73.0,784.5,0.339,0.783,0.895,Heavy congestion detected - signal timing extended and reroute suggested
EVT454070,2025-05-06 18:32:58,Sports Fixture,J012,Koramangala Sony World,23551,Weekday,False,Clear,False,0.0,False,False,1.0,Severe,9.7,74.2,356.3,0.159,0.367,0.93,Heavy congestion detected - signal timing extended and reroute suggested
EVT454071,2026-04-26 19:38:11,Political Rally,J023,Basavanagudi,15102,Weekend,False,Clear,False,0.0,False,False,0.801,Severe,13.6,55.8,417.8,0.216,0.499,0.958,Heavy congestion detected - signal timing extended and reroute suggested
EVT454072,2025-11-07 14:20:58,Concert,J030,MG Road,15533,Weekday,False,Rain,True,24.7,False,False,0.57,High,22.0,42.8,288.5,0.196,0.453,0.919,Heavy rain reducing visibility and grip - reduced speed and longer buffer advised
EVT454073,2025-05-23 10:02:03,Concert,J009,Majestic,17047,Weekday,False,Clear,False,0.0,False,False,0.911,Severe,10.1,68.7,699.7,0.245,0.565,0.944,Heavy congestion detected - signal timing extended and reroute suggested
EVT454074,2026-01-11 14:46:49,Local Market Day,J011,Indiranagar 100ft Road,9181,Weekend,False,Clear,False,0.0,False,False,0.267,Low,32.1,19.4,184.8,0.166,0.383,0.965,Moderate traffic flow - standard adaptive signal timing in effect
EVT454075,2026-02-19 20:27:33,Sports Fixture,J009,Majestic,39891,Weekday,False,Clear,False,0.0,False,False,0.861,Severe,11.4,62.3,544.1,0.243,0.561,0.969,Heavy congestion detected - signal timing extended and reroute suggested
EVT454076,2025-02-12 19:18:30,Trade Fair,J020,Malleshwaram Circle,9371,Weekday,False,Clear,False,0.0,False,False,1.0,Severe,6.3,70.8,605.2,0.176,0.406,0.92,Heavy congestion detected - signal timing extended and reroute suggested
EVT454077,2025-03-07 08:31:54,Local Market Day,J030,MG Road,5913,Weekday,False,Clear,False,0.0,False,False,1.0,Severe,8.3,66.0,746.7,0.224,0.518,0.912,Heavy congestion detected - signal timing extended and reroute suggested
EVT454078,2026-02-04 15:58:28,Political Rally,J031,Cubbon Road,11334,Weekday,False,Clear,False,0.0,False,False,0.468,Moderate,22.3,29.5,220.9,0.15,0.347,0.98,Moderate traffic flow - standard adaptive signal timing in effect
EVT454079,2025-07-18 18:26:43,Local Market Day,J040,City Market,2757,Weekday,False,Clear,False,0.0,False,False,0.961,Severe,8.6,70.3,237.6,0.083,0.192,0.922,Heavy congestion detected - signal timing extended and reroute suggested
EVT454080,2026-03-20 10:15:42,Religious Festival,J012,Koramangala Sony World,59742,Weekday,True,Clear,False,0.0,False,False,1.0,Severe,9.4,68.2,511.0,0.19,0.439,0.842,Festival crowd surge detected - alternate route and extended cycle recommended
EVT454081,2025-05-16 18:00:33,Trade Fair,J030,MG Road,7350,Weekday,False,Clear,False,0.0,False,False,0.921,Severe,11.0,64.4,623.9,0.259,0.598,0.947,Heavy congestion detected - signal timing extended and reroute suggested
EVT454082,2026-06-12 19:44:35,Concert,J009,Majestic,21083,Weekday,False,Heavy Rain,True,60.2,False,False,1.0,Severe,8.6,70.0,465.9,0.198,0.457,0.865,Heavy rain reducing visibility and grip - reduced speed and longer buffer advised
EVT454083,2026-05-04 08:13:45,Concert,J009,Majestic,10598,Weekday,False,Clear,False,0.0,False,False,0.915,Severe,8.5,65.8,585.2,0.185,0.428,0.925,Heavy congestion detected - signal timing extended and reroute suggested
EVT454084,2026-01-30 15:31:19,Sports Fixture,J009,Majestic,17922,Weekday,False,Clear,False,0.0,False,False,0.389,Moderate,28.3,24.5,234.3,0.191,0.442,0.955,Moderate traffic flow - standard adaptive signal timing in effect
EVT454085,2025-01-13 17:05:14,Sports Fixture,J009,Majestic,26195,Weekday,False,Clear,False,0.0,False,False,0.911,Severe,12.7,64.6,150.9,0.093,0.214,0.919,Heavy congestion detected - signal timing extended and reroute suggested
EVT454086,2025-01-09 15:00:02,Political Rally,J009,Majestic,9054,Weekday,False,Clear,False,0.0,False,False,0.307,Low,34.1,15.1,83.3,0.069,0.158,0.971,Moderate traffic flow - standard adaptive signal timing in effect
EVT454087,2025-10-22 16:03:08,Fireworks Display,J009,Majestic,30943,Weekday,True,Clear,False,0.0,False,False,0.876,Severe,14.4,58.8,331.6,0.163,0.378,0.892,Festival crowd surge detected - alternate route and extended cycle recommended
EVT454088,2025-07-30 21:51:55,Local Market Day,J040,City Market,3301,Weekday,False,Fog,False,0.0,False,False,0.319,Low,31.0,20.6,154.9,0.129,0.298,0.967,Moderate traffic flow - standard adaptive signal timing in effect
EVT454089,2025-06-15 22:02:30,Local Market Day,J030,MG Road,4060,Weekend,False,Clear,False,0.0,False,False,0.35,Moderate,32.5,27.2,190.8,0.18,0.415,0.965,Moderate traffic flow - standard adaptive signal timing in effect
EVT454090,2026-04-15 07:49:45,Religious Festival,J009,Majestic,51260,Weekday,True,Clear,False,0.0,False,True,1.0,Severe,9.1,107.8,748.0,0.295,0.681,0.832,Road closure for event/procession - full detour recommended for through-traffic
EVT454091,2025-06-21 19:45:39,Local Market Day,J012,Koramangala Sony World,3533,Weekend,False,Heavy Rain,True,40.4,False,False,1.0,Severe,7.3,69.3,595.4,0.159,0.367,0.86,Heavy rain reducing visibility and grip - reduced speed and longer buffer advised
EVT454092,2025-08-06 18:39:29,Local Market Day,J030,MG Road,2633,Weekday,False,Rain,True,18.6,False,False,1.0,Severe,8.6,71.2,386.3,0.139,0.322,0.882,Heavy rain reducing visibility and grip - reduced speed and longer buffer advised
EVT454093,2026-06-23 18:34:46,Sports Fixture,J011,Indiranagar 100ft Road,13741,Weekday,False,Rain,True,13.9,False,False,1.0,Severe,6.5,72.3,812.6,0.255,0.588,0.918,Heavy rain reducing visibility and grip - reduced speed and longer buffer advised
EVT454094,2025-10-19 08:57:58,Local Market Day,J011,Indiranagar 100ft Road,3463,Weekend,False,Fog,False,0.0,False,False,0.865,Severe,13.4,55.3,341.2,0.173,0.4,0.943,Heavy congestion detected - signal timing extended and reroute suggested
EVT454095,2026-03-16 18:18:17,Sports Fixture,J030,MG Road,16601,Weekday,False,Fog,False,0.0,False,False,1.0,Severe,9.6,75.8,441.2,0.173,0.399,0.89,Heavy congestion detected - signal timing extended and reroute suggested
EVT454096,2026-04-01 18:40:17,Trade Fair,J030,MG Road,9490,Weekday,False,Clear,False,0.0,False,False,1.0,Severe,8.3,64.3,538.3,0.19,0.44,0.909,Heavy congestion detected - signal timing extended and reroute suggested
EVT454097,2025-10-10 08:41:11,Trade Fair,J023,Basavanagudi,13748,Weekday,False,Clear,False,0.0,False,False,1.0,Severe,4.8,70.9,981.2,0.216,0.499,0.903,Heavy congestion detected - signal timing extended and reroute suggested
EVT454098,2025-02-17 11:50:30,Local Market Day,J040,City Market,3937,Weekday,False,Clear,False,0.0,False,False,0.193,Low,26.5,11.3,130.1,0.095,0.219,0.955,Normal free-flow traffic - standard signal timing maintained
EVT454099,2025-04-14 18:44:47,Cultural Procession,J023,Basavanagudi,13349,Weekday,True,Clear,False,0.0,False,True,1.0,Severe,7.7,100.5,321.3,0.139,0.322,0.827,Road closure for event/procession - full detour recommended for through-traffic
EVT454100,2026-02-13 11:10:59,Political Rally,J031,Cubbon Road,11263,Weekday,False,Clear,False,0.0,False,False,0.374,Moderate,26.2,23.6,194.4,0.142,0.328,0.978,Moderate traffic flow - standard adaptive signal timing in effect
EVT454101,2026-03-11 15:46:32,Local Market Day,J023,Basavanagudi,2169,Weekday,False,Clear,False,0.0,False,False,0.303,Low,30.4,18.8,112.1,0.1,0.232,0.951,Moderate traffic flow - standard adaptive signal timing in effect
EVT454102,2026-04-14 21:57:16,Religious Festival,J031,Cubbon Road,36761,Weekday,True,Clear,False,0.0,False,True,0.789,High,18.6,82.3,303.8,0.209,0.482,0.864,Road closure for event/procession - full detour recommended for through-traffic
EVT454103,2025-04-07 14:06:07,Religious Festival,J011,Indiranagar 100ft Road,49493,Weekday,True,Clear,False,0.0,False,True,0.813,High,11.5,76.4,661.2,0.264,0.61,0.875,Road closure for event/procession - full detour recommended for through-traffic
EVT454104,2025-04-24 07:00:56,Political Rally,J040,City Market,15682,Weekday,False,Rain,True,10.6,False,False,0.651,High,13.1,47.1,364.4,0.17,0.394,0.897,Heavy rain reducing visibility and grip - reduced speed and longer buffer advised
EVT454105,2025-08-05 08:45:06,Trade Fair,J009,Majestic,6577,Weekday,False,Rain,True,23.3,False,False,1.0,Severe,7.8,75.8,414.0,0.143,0.329,0.869,Heavy rain reducing visibility and grip - reduced speed and longer buffer advised
EVT454106,2025-07-14 19:48:27,Sports Fixture,J012,Koramangala Sony World,22055,Weekday,False,Clear,False,0.0,False,False,0.906,Severe,13.5,61.1,249.1,0.107,0.246,0.962,Heavy congestion detected - signal timing extended and reroute suggested
EVT454107,2025-11-12 15:23:41,Concert,J030,MG Road,19677,Weekday,False,Clear,False,0.0,False,False,0.386,Moderate,26.8,27.8,198.3,0.154,0.356,0.968,Moderate traffic flow - standard adaptive signal timing in effect
EVT454108,2026-04-12 17:50:55,Political Rally,J009,Majestic,13337,Weekend,False,Clear,False,0.0,False,False,0.866,Severe,12.3,60.2,426.4,0.204,0.471,0.909,Heavy congestion detected - signal timing extended and reroute suggested
EVT454109,2026-06-05 07:26:00,Trade Fair,J040,City Market,7599,Weekday,False,Clear,False,0.0,False,False,0.552,High,20.7,43.0,229.6,0.171,0.396,0.949,Moderate traffic flow - standard adaptive signal timing in effect
EVT454110,2025-05-14 09:38:48,Sports Fixture,J023,Basavanagudi,23129,Weekday,False,Rain,True,23.2,False,False,1.0,Severe,7.9,64.5,507.0,0.173,0.4,0.884,Heavy rain reducing visibility and grip - reduced speed and longer buffer advised
EVT454111,2025-02-26 10:02:55,Local Market Day,J023,Basavanagudi,4502,Weekday,False,Clear,False,0.0,False,False,0.752,Severe,18.4,52.6,205.0,0.128,0.295,0.946,Heavy congestion detected - signal timing extended and reroute suggested
EVT454112,2025-10-01 17:26:59,Sports Fixture,J040,City Market,46234,Weekday,False,Clear,False,0.0,False,False,1.0,Severe,6.3,70.7,332.0,0.09,0.208,0.933,Heavy congestion detected - signal timing extended and reroute suggested
EVT454113,2025-12-14 14:42:56,Concert,J009,Majestic,12130,Weekend,False,Clear,False,0.0,False,False,0.309,Low,28.9,24.0,75.1,0.054,0.125,0.961,Moderate traffic flow - standard adaptive signal timing in effect
EVT454114,2026-05-28 09:11:37,Local Market Day,J009,Majestic,8834,Weekday,False,Clear,False,0.0,False,False,1.0,Severe,8.2,73.7,551.4,0.184,0.424,0.909,Heavy congestion detected - signal timing extended and reroute suggested
EVT454115,2026-01-01 08:32:57,Religious Festival,J012,Koramangala Sony World,43968,Weekday,True,Clear,False,0.0,False,True,1.0,Severe,11.1,101.1,271.0,0.129,0.298,0.823,Road closure for event/procession - full detour recommended for through-traffic
EVT454116,2026-03-25 17:03:54,Sports Fixture,J040,City Market,25483,Weekday,False,Light Rain,True,3.5,False,False,1.0,Severe,8.3,70.0,629.1,0.237,0.548,0.885,Heavy rain reducing visibility and grip - reduced speed and longer buffer advised
EVT454117,2025-02-15 14:04:24,Sports Fixture,J012,Koramangala Sony World,21513,Weekend,False,Clear,False,0.0,False,False,0.433,Moderate,23.4,22.7,281.1,0.195,0.452,0.973,Moderate traffic flow - standard adaptive signal timing in effect
EVT454118,2025-02-20 18:37:28,Concert,J030,MG Road,12489,Weekday,False,Clear,False,0.0,False,False,1.0,Severe,8.5,70.4,216.9,0.091,0.21,0.921,Heavy congestion detected - signal timing extended and reroute suggested
EVT454119,2025-01-27 19:08:00,Religious Festival,J011,Indiranagar 100ft Road,25735,Weekday,True,Clear,False,0.0,False,False,1.0,Severe,7.1,67.3,620.1,0.193,0.447,0.844,Festival crowd surge detected - alternate route and extended cycle recommended
EVT454120,2025-03-17 01:55:56,Sports Fixture,J012,Koramangala Sony World,17411,Weekday,False,Clear,False,0.0,False,False,0.285,Low,33.3,16.2,152.8,0.133,0.308,0.97,Moderate traffic flow - standard adaptive signal timing in effect
EVT454121,2025-05-14 06:03:12,Political Rally,J030,MG Road,14787,Weekday,False,Clear,False,0.0,False,False,0.332,Low,34.4,24.5,154.0,0.121,0.28,0.971,Moderate traffic flow - standard adaptive signal timing in effect
EVT454122,2025-06-01 06:07:56,Concert,J012,Koramangala Sony World,12290,Weekend,False,Clear,False,0.0,False,False,0.314,Low,31.5,28.2,118.0,0.09,0.208,0.978,Moderate traffic flow - standard adaptive signal timing in effect
EVT454123,2026-06-29 18:35:42,Local Market Day,J030,MG Road,4240,Weekday,False,Fog,False,0.0,False,False,1.0,Severe,9.1,77.4,463.9,0.15,0.347,0.926,Heavy congestion detected - signal timing extended and reroute suggested
EVT454124,2026-03-01 15:32:48,Sports Fixture,J012,Koramangala Sony World,28285,Weekend,False,Clear,False,0.0,False,False,0.477,Moderate,24.1,35.2,194.7,0.125,0.288,0.933,Moderate traffic flow - standard adaptive signal timing in effect
EVT454125,2025-12-02 20:29:28,Concert,J011,Indiranagar 100ft Road,11033,Weekday,False,Clear,False,0.0,False,False,0.656,High,19.8,38.8,96.6,0.061,0.141,0.981,Moderate traffic flow - standard adaptive signal timing in effect
EVT454126,2025-11-08 11:58:59,Local Market Day,J031,Cubbon Road,3703,Weekend,False,Clear,False,0.0,False,False,0.322,Low,29.3,27.1,200.3,0.163,0.376,0.972,Moderate traffic flow - standard adaptive signal timing in effect
EVT454127,2025-07-25 09:51:06,Local Market Day,J030,MG Road,7837,Weekday,False,Rain,True,23.2,False,False,1.0,Severe,7.3,77.1,564.2,0.188,0.435,0.827,Heavy rain reducing visibility and grip - reduced speed and longer buffer advised
EVT454128,2025-05-04 11:51:03,Local Market Day,J040,City Market,3639,Weekend,False,Rain,True,23.1,False,False,0.661,High,16.7,47.4,254.2,0.12,0.277,0.936,Heavy rain reducing visibility and grip - reduced speed and longer buffer advised
EVT454129,2025-07-15 21:48:49,Concert,J009,Majestic,16725,Weekday,False,Clear,False,0.0,False,False,0.366,Moderate,34.4,24.5,103.4,0.084,0.195,0.965,Moderate traffic flow - standard adaptive signal timing in effect
EVT454130,2026-05-12 19:00:25,Sports Fixture,J031,Cubbon Road,19604,Weekday,False,Light Rain,True,1.0,False,False,1.0,Severe,8.8,73.4,251.2,0.102,0.235,0.838,Heavy rain reducing visibility and grip - reduced speed and longer buffer advised
EVT454131,2025-02-20 11:08:09,Sports Fixture,J030,MG Road,32173,Weekday,False,Clear,False,0.0,False,False,0.508,Moderate,24.0,32.0,107.7,0.067,0.155,0.951,Moderate traffic flow - standard adaptive signal timing in effect
EVT454132,2025-05-30 05:21:44,Local Market Day,J020,Malleshwaram Circle,2531,Weekday,False,Clear,False,0.0,False,False,0.169,Low,34.8,18.9,98.1,0.094,0.216,0.99,Normal free-flow traffic - standard signal timing maintained
EVT454133,2025-01-21 07:58:14,Trade Fair,J011,Indiranagar 100ft Road,8761,Weekday,False,Clear,False,0.0,False,False,0.764,Severe,15.0,57.5,381.1,0.201,0.463,0.965,Heavy congestion detected - signal timing extended and reroute suggested
EVT454134,2026-06-06 18:07:22,Concert,J040,City Market,10040,Weekend,False,Heavy Rain,True,73.2,False,False,1.0,Severe,7.7,68.9,668.5,0.242,0.559,0.856,Heavy rain reducing visibility and grip - reduced speed and longer buffer advised
EVT454135,2025-11-09 15:52:55,Trade Fair,J030,MG Road,8207,Weekend,False,Light Rain,True,6.1,False,False,0.497,Moderate,25.4,35.1,119.5,0.077,0.177,0.916,Light rain detected - minor speed reduction advised
EVT454136,2025-05-29 18:42:50,Political Rally,J011,Indiranagar 100ft Road,12621,Weekday,False,Rain,True,24.5,False,False,1.0,Severe,8.6,70.3,490.6,0.178,0.412,0.882,Heavy rain reducing visibility and grip - reduced speed and longer buffer advised
EVT454137,2025-01-06 16:38:19,Concert,J031,Cubbon Road,25296,Weekday,False,Fog,False,0.0,False,False,0.727,High,15.1,45.3,274.4,0.151,0.35,0.951,Moderate traffic flow - standard adaptive signal timing in effect
EVT454138,2025-03-02 18:16:46,Trade Fair,J031,Cubbon Road,9508,Weekend,False,Clear,False,0.0,False,False,0.859,Severe,11.9,59.9,444.1,0.195,0.451,0.948,Heavy congestion detected - signal timing extended and reroute suggested
EVT454139,2025-12-03 19:01:27,Sports Fixture,J012,Koramangala Sony World,11691,Weekday,False,Clear,False,0.0,False,False,1.0,Severe,9.2,69.6,509.8,0.198,0.458,0.908,Heavy congestion detected - signal timing extended and reroute suggested
EVT454140,2025-11-01 09:48:32,Fireworks Display,J012,Koramangala Sony World,38675,Weekend,True,Clear,False,0.0,False,False,1.0,Severe,8.4,73.1,384.8,0.122,0.281,0.841,Festival crowd surge detected - alternate route and extended cycle recommended
EVT454141,2025-03-28 15:22:20,Sports Fixture,J009,Majestic,28215,Weekday,False,Clear,False,0.0,False,False,0.478,Moderate,26.1,31.1,190.4,0.136,0.314,0.947,Moderate traffic flow - standard adaptive signal timing in effect
EVT454142,2025-05-04 11:58:53,Sports Fixture,J011,Indiranagar 100ft Road,34835,Weekend,False,Clear,False,0.0,False,False,0.423,Moderate,23.7,33.6,123.0,0.069,0.159,0.942,Moderate traffic flow - standard adaptive signal timing in effect
EVT454143,2026-05-01 20:27:42,Cultural Procession,J020,Malleshwaram Circle,32932,Weekday,True,Clear,False,0.0,False,True,1.0,Severe,8.1,104.0,576.7,0.21,0.484,0.831,Road closure for event/procession - full detour recommended for through-traffic
EVT454144,2025-12-05 17:19:29,Concert,J020,Malleshwaram Circle,10538,Weekday,False,Clear,False,0.0,False,False,0.916,Severe,11.9,70.0,464.0,0.205,0.473,0.915,Heavy congestion detected - signal timing extended and reroute suggested
EVT454145,2025-08-02 01:17:20,Local Market Day,J011,Indiranagar 100ft Road,3672,Weekend,False,Heavy Rain,True,92.2,False,False,0.685,High,17.1,45.2,317.6,0.178,0.411,0.921,Heavy rain reducing visibility and grip - reduced speed and longer buffer advised
EVT454146,2025-07-02 21:58:29,Local Market Day,J031,Cubbon Road,3036,Weekday,False,Heavy Rain,True,36.4,False,False,0.605,High,18.8,43.5,345.7,0.196,0.453,0.907,Heavy rain reducing visibility and grip - reduced speed and longer buffer advised
EVT454147,2025-03-05 08:32:39,Local Market Day,J030,MG Road,3055,Weekday,False,Clear,False,0.0,False,False,1.0,Severe,6.1,66.5,665.3,0.177,0.409,0.897,Heavy congestion detected - signal timing extended and reroute suggested
EVT454148,2025-09-19 09:26:49,Sports Fixture,J011,Indiranagar 100ft Road,30930,Weekday,False,Clear,False,0.0,False,False,1.0,Severe,8.2,70.7,481.4,0.167,0.385,0.907,Heavy congestion detected - signal timing extended and reroute suggested
EVT454149,2026-04-24 19:44:01,Concert,J023,Basavanagudi,14095,Weekday,False,Clear,False,0.0,False,False,0.771,Severe,23.2,52.7,256.9,0.196,0.453,0.955,Heavy congestion detected - signal timing extended and reroute suggested
EVT454150,2026-05-07 20:33:38,Local Market Day,J030,MG Road,3273,Weekday,False,Clear,False,0.0,False,False,0.513,Moderate,29.1,35.3,222.7,0.2,0.463,0.965,Moderate traffic flow - standard adaptive signal timing in effect
EVT454151,2026-03-06 14:03:45,Sports Fixture,J023,Basavanagudi,22023,Weekday,False,Clear,False,0.0,False,False,0.318,Low,33.5,15.8,121.8,0.1,0.231,0.99,Moderate traffic flow - standard adaptive signal timing in effect
EVT454152,2025-04-14 08:13:51,Cultural Procession,J031,Cubbon Road,25934,Weekday,True,Clear,False,0.0,False,True,1.0,Severe,7.8,107.2,512.9,0.186,0.429,0.82,Road closure for event/procession - full detour recommended for through-traffic
EVT454153,2025-08-20 18:36:20,Local Market Day,J030,MG Road,3547,Weekday,False,Clear,False,0.0,False,False,0.986,Severe,8.7,69.1,334.4,0.111,0.256,0.899,Heavy congestion detected - signal timing extended and reroute suggested
EVT454154,2026-04-08 09:37:44,Sports Fixture,J023,Basavanagudi,27556,Weekday,False,Clear,False,0.0,False,False,1.0,Severe,9.4,64.5,495.2,0.18,0.415,0.899,Heavy congestion detected - signal timing extended and reroute suggested
EVT454155,2025-11-24 18:32:48,Local Market Day,J031,Cubbon Road,3475,Weekday,False,Clear,False,0.0,False,False,1.0,Severe,8.2,70.1,764.8,0.272,0.628,0.925,Heavy congestion detected - signal timing extended and reroute suggested
EVT454156,2026-01-09 07:52:52,Trade Fair,J023,Basavanagudi,17083,Weekday,False,Clear,False,0.0,False,False,0.792,Severe,18.5,51.7,132.0,0.086,0.198,0.971,Heavy congestion detected - signal timing extended and reroute suggested
EVT454157,2026-05-29 15:43:33,Concert,J020,Malleshwaram Circle,11691,Weekday,False,Clear,False,0.0,False,False,0.387,Moderate,30.5,25.1,123.6,0.084,0.195,0.978,Moderate traffic flow - standard adaptive signal timing in effect
EVT454158,2025-08-01 06:05:12,Concert,J020,Malleshwaram Circle,9488,Weekday,False,Light Rain,True,4.9,False,False,0.319,Low,28.0,21.0,100.3,0.069,0.159,0.897,Light rain detected - minor speed reduction advised
EVT454159,2026-03-24 10:00:08,Political Rally,J020,Malleshwaram Circle,11295,Weekday,False,Clear,False,0.0,False,False,0.824,Severe,12.5,55.0,321.6,0.156,0.36,0.962,Heavy congestion detected - signal timing extended and reroute suggested
EVT454160,2025-03-04 16:51:40,Local Market Day,J012,Koramangala Sony World,6915,Weekday,False,Clear,False,0.0,False,False,0.664,High,17.4,51.4,305.6,0.179,0.413,0.97,Moderate traffic flow - standard adaptive signal timing in effect
EVT454161,2026-06-18 17:06:43,Local Market Day,J009,Majestic,5224,Weekday,False,Light Rain,True,6.4,False,False,0.851,Severe,14.3,59.9,513.2,0.264,0.61,0.898,Heavy rain reducing visibility and grip - reduced speed and longer buffer advised
EVT454162,2025-03-12 01:26:04,Trade Fair,J011,Indiranagar 100ft Road,10814,Weekday,False,Fog,False,0.0,False,False,0.28,Low,27.2,17.4,202.5,0.155,0.358,0.956,Moderate traffic flow - standard adaptive signal timing in effect
EVT454163,2026-02-26 00:30:31,Trade Fair,J012,Koramangala Sony World,9455,Weekday,False,Clear,False,0.0,False,False,0.158,Low,20.2,10.1,310.5,0.168,0.389,0.952,Normal free-flow traffic - standard signal timing maintained
EVT454164,2025-09-09 16:06:03,Local Market Day,J040,City Market,3019,Weekday,False,Rain,True,13.3,False,False,0.607,High,18.7,41.8,385.7,0.212,0.489,0.919,Heavy rain reducing visibility and grip - reduced speed and longer buffer advised
EVT454165,2025-08-28 11:19:46,Religious Festival,J030,MG Road,41911,Weekday,True,Rain,True,21.6,False,True,1.0,Severe,7.7,96.9,727.0,0.247,0.57,0.771,Road closure for event/procession - full detour recommended for through-traffic
EVT454166,2025-09-27 21:25:51,Trade Fair,J009,Majestic,11150,Weekend,False,Clear,False,0.0,False,False,0.448,Moderate,30.1,29.7,240.3,0.195,0.452,0.99,Moderate traffic flow - standard adaptive signal timing in effect
EVT454167,2026-01-24 17:14:57,Concert,J009,Majestic,5292,Weekend,False,Clear,False,0.0,False,False,0.669,High,15.6,51.8,309.7,0.176,0.407,0.971,Moderate traffic flow - standard adaptive signal timing in effect
EVT454168,2025-06-01 11:40:18,Trade Fair,J030,MG Road,9822,Weekend,False,Clear,False,0.0,False,False,0.269,Low,22.9,13.6,165.3,0.115,0.265,0.95,Moderate traffic flow - standard adaptive signal timing in effect
EVT454169,2025-01-15 08:32:45,Religious Festival,J009,Majestic,31915,Weekday,True,Clear,False,0.0,False,True,1.0,Severe,9.8,96.8,593.0,0.217,0.502,0.842,Road closure for event/procession - full detour recommended for through-traffic
EVT454170,2026-02-21 13:54:33,Local Market Day,J023,Basavanagudi,5779,Weekend,False,Clear,False,0.0,False,False,0.29,Low,31.3,19.1,105.5,0.083,0.192,0.969,Moderate traffic flow - standard adaptive signal timing in effect
EVT454171,2026-06-24 15:17:23,Trade Fair,J031,Cubbon Road,12178,Weekday,False,Clear,False,0.0,False,False,0.318,Low,31.1,24.1,103.4,0.081,0.188,0.959,Moderate traffic flow - standard adaptive signal timing in effect
EVT454172,2025-02-09 11:51:51,Trade Fair,J030,MG Road,5818,Weekend,False,Clear,False,0.0,False,False,0.308,Low,24.5,20.7,192.8,0.134,0.31,0.98,Moderate traffic flow - standard adaptive signal timing in effect
EVT454173,2025-04-25 16:00:15,Local Market Day,J023,Basavanagudi,4486,Weekday,False,Clear,False,0.0,False,False,0.379,Moderate,31.2,23.5,85.1,0.089,0.205,0.963,Moderate traffic flow - standard adaptive signal timing in effect
EVT454174,2026-01-02 17:07:08,Cultural Procession,J011,Indiranagar 100ft Road,16248,Weekday,True,Clear,False,0.0,False,True,1.0,Severe,7.9,94.2,795.3,0.264,0.61,0.828,Road closure for event/procession - full detour recommended for through-traffic
EVT454175,2025-03-22 16:16:49,Political Rally,J012,Koramangala Sony World,24755,Weekend,False,Clear,False,0.0,False,False,0.615,High,20.3,48.2,246.3,0.178,0.411,0.966,Moderate traffic flow - standard adaptive signal timing in effect
EVT454176,2025-04-04 17:53:33,Local Market Day,J031,Cubbon Road,3214,Weekday,False,Clear,False,0.0,False,False,0.982,Severe,8.8,72.9,789.1,0.293,0.677,0.944,Heavy congestion detected - signal timing extended and reroute suggested
EVT454177,2025-10-16 19:51:36,Sports Fixture,J031,Cubbon Road,25311,Weekday,False,Clear,False,0.0,False,False,0.919,Severe,11.9,66.2,302.0,0.153,0.355,0.914,Heavy congestion detected - signal timing extended and reroute suggested
EVT454178,2025-04-01 19:25:09,Sports Fixture,J030,MG Road,42149,Weekday,False,Clear,False,0.0,False,False,1.0,Severe,9.0,66.7,429.9,0.154,0.356,0.919,Heavy congestion detected - signal timing extended and reroute suggested
EVT454179,2025-02-06 18:04:51,Local Market Day,J011,Indiranagar 100ft Road,5074,Weekday,False,Clear,False,0.0,False,False,1.0,Severe,6.7,65.6,266.5,0.094,0.218,0.895,Heavy congestion detected - signal timing extended and reroute suggested
EVT454180,2025-06-06 12:25:32,Concert,J040,City Market,10519,Weekday,False,Heavy Rain,True,29.4,False,False,0.463,Moderate,29.3,24.0,94.2,0.053,0.121,0.914,Light rain detected - minor speed reduction advised
EVT454181,2026-05-21 20:56:18,Trade Fair,J040,City Market,8814,Weekday,False,Clear,False,0.0,False,False,0.577,High,22.6,36.3,101.6,0.064,0.148,0.986,Moderate traffic flow - standard adaptive signal timing in effect
EVT454182,2025-11-19 06:15:19,Sports Fixture,J031,Cubbon Road,27796,Weekday,False,Clear,False,0.0,False,False,0.475,Moderate,20.2,30.7,151.3,0.098,0.226,0.956,Moderate traffic flow - standard adaptive signal timing in effect
EVT454183,2026-06-13 05:18:01,Local Market Day,J011,Indiranagar 100ft Road,5501,Weekend,False,Rain,True,18.7,False,False,0.423,Moderate,23.8,31.7,221.8,0.144,0.332,0.927,Light rain detected - minor speed reduction advised
EVT454184,2025-07-11 08:39:32,Local Market Day,J012,Koramangala Sony World,2415,Weekday,False,Clear,False,0.0,False,False,0.923,Severe,11.3,65.8,498.5,0.219,0.507,0.922,Heavy congestion detected - signal timing extended and reroute suggested
EVT454185,2025-11-16 18:35:54,Local Market Day,J009,Majestic,3274,Weekend,False,Clear,False,0.0,False,False,0.87,Severe,14.8,65.1,318.8,0.159,0.367,0.96,Heavy congestion detected - signal timing extended and reroute suggested
EVT454186,2025-10-07 10:18:25,Sports Fixture,J040,City Market,23149,Weekday,False,Rain,True,17.6,False,False,1.0,Severe,7.3,64.8,201.6,0.073,0.169,0.868,Heavy rain reducing visibility and grip - reduced speed and longer buffer advised
EVT454187,2026-02-05 07:47:32,Concert,J011,Indiranagar 100ft Road,17846,Weekday,False,Clear,False,0.0,False,False,0.748,High,18.0,53.3,372.9,0.222,0.512,0.951,Moderate traffic flow - standard adaptive signal timing in effect
EVT454188,2025-02-04 09:29:44,Political Rally,J009,Majestic,18637,Weekday,False,Clear,False,0.0,False,False,1.0,Severe,9.2,76.5,190.3,0.092,0.212,0.904,Heavy congestion detected - signal timing extended and reroute suggested
EVT454189,2026-03-30 06:59:02,Sports Fixture,J020,Malleshwaram Circle,22932,Weekday,False,Clear,False,0.0,False,False,0.585,High,20.8,41.0,274.2,0.195,0.45,0.985,Moderate traffic flow - standard adaptive signal timing in effect
EVT454190,2026-05-22 20:31:53,Sports Fixture,J011,Indiranagar 100ft Road,38813,Weekday,False,Clear,False,0.0,False,False,0.777,Severe,17.1,59.5,321.6,0.195,0.45,0.978,Heavy congestion detected - signal timing extended and reroute suggested
EVT454191,2025-05-09 08:47:33,Political Rally,J020,Malleshwaram Circle,23671,Weekday,False,Clear,False,0.0,False,False,1.0,Severe,7.4,67.7,572.2,0.179,0.415,0.929,Heavy congestion detected - signal timing extended and reroute suggested
EVT454192,2026-02-20 09:17:13,Local Market Day,J040,City Market,5881,Weekday,False,Light Rain,True,3.7,False,False,1.0,Severe,9.8,68.1,772.5,0.31,0.716,0.864,Heavy rain reducing visibility and grip - reduced speed and longer buffer advised
EVT454193,2026-05-16 08:51:29,Local Market Day,J040,City Market,5137,Weekend,False,Clear,False,0.0,False,False,0.843,Severe,14.5,56.6,328.5,0.172,0.397,0.945,Heavy congestion detected - signal timing extended and reroute suggested
EVT454194,2025-08-30 13:09:38,Trade Fair,J030,MG Road,6837,Weekend,False,Heavy Rain,True,45.9,False,False,0.634,High,21.0,50.1,240.0,0.147,0.34,0.906,Heavy rain reducing visibility and grip - reduced speed and longer buffer advised
EVT454195,2025-02-05 15:48:49,Local Market Day,J011,Indiranagar 100ft Road,6994,Weekday,False,Clear,False,0.0,False,False,0.443,Moderate,32.8,29.7,236.0,0.204,0.471,0.988,Moderate traffic flow - standard adaptive signal timing in effect
EVT454196,2025-11-14 11:56:49,Local Market Day,J012,Koramangala Sony World,4449,Weekday,False,Light Rain,True,5.4,False,False,0.332,Low,27.3,26.4,96.3,0.057,0.133,0.919,Light rain detected - minor speed reduction advised
EVT454197,2025-09-16 19:54:10,Trade Fair,J009,Majestic,10718,Weekday,False,Heavy Rain,True,32.7,False,False,1.0,Severe,9.0,63.0,560.9,0.207,0.477,0.829,Heavy rain reducing visibility and grip - reduced speed and longer buffer advised
EVT454198,2026-01-17 18:52:01,Sports Fixture,J040,City Market,14908,Weekend,False,Clear,False,0.0,False,False,0.903,Severe,9.3,63.5,504.6,0.176,0.406,0.946,Heavy congestion detected - signal timing extended and reroute suggested
EVT454199,2025-10-27 04:54:20,Political Rally,J011,Indiranagar 100ft Road,14553,Weekday,False,Heavy Rain,True,65.1,False,False,0.666,High,21.0,43.0,291.0,0.197,0.456,0.913,Heavy rain reducing visibility and grip - reduced speed and longer buffer advised
EVT454200,2026-02-21 10:11:08,Concert,J020,Malleshwaram Circle,9309,Weekend,False,Clear,False,0.0,False,False,0.668,High,17.1,48.5,305.6,0.176,0.406,0.972,Moderate traffic flow - standard adaptive signal timing in effect
EVT454201,2026-05-28 06:37:30,Local Market Day,J031,Cubbon Road,6159,Weekday,False,Light Rain,True,6.0,False,False,0.403,Moderate,20.6,30.1,145.3,0.087,0.2,0.928,Light rain detected - minor speed reduction advised
EVT454202,2025-07-05 09:43:41,Local Market Day,J030,MG Road,4917,Weekend,False,Rain,True,24.6,False,False,1.0,Severe,9.1,72.0,486.4,0.17,0.392,0.871,Heavy rain reducing visibility and grip - reduced speed and longer buffer advised
EVT454203,2025-12-06 11:30:33,Trade Fair,J020,Malleshwaram Circle,11875,Weekend,False,Light Rain,True,3.0,True,False,0.768,Severe,19.3,50.9,173.0,0.103,0.239,0.749,Accident detected nearby - reroute and reduced speed advised
EVT454204,2025-05-14 17:34:49,Sports Fixture,J020,Malleshwaram Circle,28583,Weekday,False,Clear,False,0.0,False,False,1.0,Severe,8.3,66.8,496.5,0.157,0.363,0.881,Heavy congestion detected - signal timing extended and reroute suggested
EVT454205,2026-01-29 17:58:05,Concert,J030,MG Road,9074,Weekday,False,Clear,False,0.0,False,False,0.959,Severe,10.7,72.4,354.9,0.133,0.308,0.941,Heavy congestion detected - signal timing extended and reroute suggested
EVT454206,2025-05-27 15:52:31,Local Market Day,J011,Indiranagar 100ft Road,3361,Weekday,False,Clear,False,0.0,False,False,0.411,Moderate,22.3,23.8,222.2,0.128,0.295,0.96,Moderate traffic flow - standard adaptive signal timing in effect
EVT454207,2025-07-02 08:26:39,Sports Fixture,J023,Basavanagudi,43825,Weekday,False,Rain,True,24.3,False,False,1.0,Severe,8.7,71.7,503.6,0.201,0.465,0.855,Heavy rain reducing visibility and grip - reduced speed and longer buffer advised
EVT454208,2026-06-11 14:16:00,Concert,J031,Cubbon Road,15016,Weekday,False,Rain,True,13.3,False,False,0.451,Moderate,26.6,31.6,243.2,0.182,0.42,0.906,Light rain detected - minor speed reduction advised
EVT454209,2026-05-26 07:28:13,Sports Fixture,J023,Basavanagudi,24897,Weekday,False,Clear,False,0.0,False,False,0.778,Severe,19.6,58.9,376.3,0.264,0.611,0.969,Heavy congestion detected - signal timing extended and reroute suggested
EVT454210,2025-08-05 18:12:46,Local Market Day,J040,City Market,2079,Weekday,False,Clear,False,0.0,False,False,0.994,Severe,8.1,75.1,584.1,0.198,0.457,0.904,Heavy congestion detected - signal timing extended and reroute suggested
EVT454211,2025-02-03 07:03:31,Trade Fair,J012,Koramangala Sony World,11523,Weekday,False,Clear,False,0.0,False,False,0.459,Moderate,29.4,28.7,180.7,0.161,0.371,0.965,Moderate traffic flow - standard adaptive signal timing in effect
EVT454212,2025-01-27 12:15:48,Religious Festival,J009,Majestic,44682,Weekday,True,Clear,False,0.0,False,True,0.817,High,16.9,87.6,413.1,0.252,0.583,0.872,Road closure for event/procession - full detour recommended for through-traffic
EVT454213,2026-04-20 07:29:17,Concert,J030,MG Road,11712,Weekday,False,Light Rain,True,5.1,False,False,0.84,Severe,12.3,62.4,374.5,0.182,0.421,0.869,Heavy rain reducing visibility and grip - reduced speed and longer buffer advised
EVT454214,2026-01-03 18:10:24,Local Market Day,J020,Malleshwaram Circle,6598,Weekend,False,Clear,False,0.0,False,False,0.812,Severe,11.9,59.1,434.9,0.172,0.397,0.96,Heavy congestion detected - signal timing extended and reroute suggested
EVT454215,2026-04-27 20:37:06,Sports Fixture,J020,Malleshwaram Circle,14187,Weekday,False,Clear,False,0.0,False,False,0.595,High,21.4,43.7,233.6,0.159,0.368,0.99,Moderate traffic flow - standard adaptive signal timing in effect
EVT454216,2025-12-27 07:44:29,Sports Fixture,J012,Koramangala Sony World,29104,Weekend,False,Clear,False,0.0,False,False,0.805,Severe,16.5,54.3,346.7,0.192,0.443,0.954,Heavy congestion detected - signal timing extended and reroute suggested
EVT454217,2025-07-09 08:20:45,Political Rally,J031,Cubbon Road,16664,Weekday,False,Clear,False,0.0,False,False,0.951,Severe,10.9,72.7,223.6,0.098,0.226,0.937,Heavy congestion detected - signal timing extended and reroute suggested
EVT454218,2025-03-15 18:32:45,Fireworks Display,J031,Cubbon Road,25189,Weekend,True,Clear,False,0.0,False,False,1.0,Severe,8.6,76.9,534.1,0.214,0.493,0.885,Festival crowd surge detected - alternate route and extended cycle recommended
EVT454219,2025-09-09 18:47:03,Sports Fixture,J040,City Market,26247,Weekday,False,Fog,False,0.0,False,False,1.0,Severe,8.8,70.2,366.2,0.129,0.298,0.898,Heavy congestion detected - signal timing extended and reroute suggested
EVT454220,2025-06-08 17:01:10,Local Market Day,J011,Indiranagar 100ft Road,6939,Weekend,False,Heavy Rain,True,31.6,False,False,0.945,Severe,9.7,65.7,402.8,0.173,0.399,0.87,Heavy rain reducing visibility and grip - reduced speed and longer buffer advised
EVT454221,2025-01-28 06:10:12,Local Market Day,J023,Basavanagudi,4284,Weekday,False,Light Rain,True,5.9,False,False,0.462,Moderate,25.1,37.1,86.1,0.096,0.222,0.909,Light rain detected - minor speed reduction advised
EVT454222,2025-03-01 07:19:49,Local Market Day,J040,City Market,4151,Weekend,False,Clear,False,0.0,False,False,0.561,High,22.9,39.9,198.3,0.133,0.308,0.985,Moderate traffic flow - standard adaptive signal timing in effect
EVT454223,2025-02-17 16:50:31,Local Market Day,J030,MG Road,3933,Weekday,False,Clear,False,0.0,False,False,0.699,High,20.7,49.1,295.9,0.202,0.466,0.966,Moderate traffic flow - standard adaptive signal timing in effect
EVT454224,2025-08-11 17:23:45,Concert,J031,Cubbon Road,9368,Weekday,False,Rain,True,24.5,False,False,1.0,Severe,8.6,68.4,656.1,0.215,0.497,0.871,Heavy rain reducing visibility and grip - reduced speed and longer buffer advised
EVT454225,2026-01-27 06:50:17,Fireworks Display,J040,City Market,30269,Weekday,True,Clear,False,0.0,False,False,0.808,Severe,17.5,54.4,295.7,0.191,0.441,0.893,Festival crowd surge detected - alternate route and extended cycle recommended
EVT454226,2025-08-04 19:13:35,Local Market Day,J040,City Market,5381,Weekday,False,Rain,True,19.5,False,False,1.0,Severe,8.6,68.4,701.3,0.263,0.607,0.868,Heavy rain reducing visibility and grip - reduced speed and longer buffer advised
EVT454227,2025-03-30 08:59:53,Cultural Procession,J011,Indiranagar 100ft Road,11762,Weekend,True,Clear,False,0.0,False,False,1.0,Severe,7.9,70.8,607.9,0.193,0.447,0.869,Festival crowd surge detected - alternate route and extended cycle recommended
EVT454228,2025-10-27 09:07:21,Local Market Day,J020,Malleshwaram Circle,3165,Weekday,False,Heavy Rain,True,29.6,False,False,1.0,Severe,10.4,70.0,487.3,0.203,0.469,0.863,Heavy rain reducing visibility and grip - reduced speed and longer buffer advised
EVT454229,2025-08-05 08:55:02,Trade Fair,J023,Basavanagudi,15720,Weekday,False,Heavy Rain,True,54.2,False,False,1.0,Severe,6.1,72.4,844.5,0.219,0.507,0.886,Heavy rain reducing visibility and grip - reduced speed and longer buffer advised
EVT454230,2025-05-18 19:06:20,Local Market Day,J009,Majestic,5545,Weekend,False,Clear,False,0.0,False,False,0.867,Severe,9.9,61.6,247.4,0.095,0.22,0.93,Heavy congestion detected - signal timing extended and reroute suggested
EVT454231,2025-11-06 07:58:00,Political Rally,J020,Malleshwaram Circle,16682,Weekday,False,Clear,False,0.0,False,False,0.898,Severe,12.7,61.7,189.9,0.089,0.207,0.954,Heavy congestion detected - signal timing extended and reroute suggested
EVT454232,2025-03-03 12:51:53,Concert,J031,Cubbon Road,12167,Weekday,False,Clear,False,0.0,False,False,0.164,Low,40.8,10.9,119.6,0.105,0.243,0.981,Normal free-flow traffic - standard signal timing maintained
EVT454233,2025-07-19 18:08:06,Trade Fair,J030,MG Road,12861,Weekend,False,Clear,False,0.0,False,False,0.917,Severe,9.8,64.3,684.5,0.24,0.555,0.943,Heavy congestion detected - signal timing extended and reroute suggested
EVT454234,2025-03-19 22:08:52,Trade Fair,J030,MG Road,9847,Weekday,False,Clear,False,0.0,False,False,0.304,Low,32.7,20.0,123.3,0.096,0.222,0.953,Moderate traffic flow - standard adaptive signal timing in effect
EVT454235,2026-02-05 09:09:55,Trade Fair,J030,MG Road,8514,Weekday,False,Clear,False,0.0,False,False,1.0,Severe,7.9,71.5,611.2,0.196,0.452,0.906,Heavy congestion detected - signal timing extended and reroute suggested
EVT454236,2025-08-22 19:23:11,Sports Fixture,J030,MG Road,24446,Weekday,False,Clear,False,0.0,False,False,1.0,Severe,5.6,73.2,651.5,0.17,0.393,0.894,Heavy congestion detected - signal timing extended and reroute suggested
EVT454237,2025-08-06 07:58:39,Local Market Day,J031,Cubbon Road,3783,Weekday,False,Rain,True,18.6,False,False,1.0,Severe,8.2,75.6,483.5,0.145,0.335,0.872,Heavy rain reducing visibility and grip - reduced speed and longer buffer advised
EVT454238,2025-10-19 15:12:19,Political Rally,J011,Indiranagar 100ft Road,9194,Weekend,False,Heavy Rain,True,48.1,False,False,0.737,High,22.0,49.7,168.1,0.136,0.315,0.927,Heavy rain reducing visibility and grip - reduced speed and longer buffer advised
EVT454239,2025-06-23 17:26:43,Concert,J009,Majestic,8593,Weekday,False,Rain,True,22.3,False,False,1.0,Severe,8.4,71.0,370.5,0.138,0.318,0.856,Heavy rain reducing visibility and grip - reduced speed and longer buffer advised
EVT454240,2025-10-12 22:19:49,Political Rally,J030,MG Road,13303,Weekend,False,Heavy Rain,True,50.6,False,False,0.677,High,21.1,48.0,111.2,0.057,0.132,0.901,Heavy rain reducing visibility and grip - reduced speed and longer buffer advised
EVT454241,2025-03-21 12:08:20,Local Market Day,J030,MG Road,6034,Weekday,False,Clear,False,0.0,False,False,0.289,Low,26.1,19.1,300.8,0.229,0.528,0.947,Moderate traffic flow - standard adaptive signal timing in effect
EVT454242,2026-03-07 04:22:05,Trade Fair,J040,City Market,11495,Weekend,False,Clear,False,0.0,False,False,0.291,Low,29.3,22.9,125.2,0.098,0.226,0.95,Moderate traffic flow - standard adaptive signal timing in effect
EVT454243,2026-04-26 07:38:16,Local Market Day,J011,Indiranagar 100ft Road,2660,Weekend,False,Light Rain,True,4.5,False,False,0.643,High,17.1,46.2,249.0,0.141,0.326,0.925,Heavy rain reducing visibility and grip - reduced speed and longer buffer advised
EVT454244,2025-10-20 14:45:09,Fireworks Display,J009,Majestic,22639,Weekday,True,Clear,False,0.0,False,False,0.488,Moderate,25.7,36.6,184.9,0.109,0.251,0.926,Moderate traffic flow - standard adaptive signal timing in effect
EVT454245,2026-03-24 21:11:12,Concert,J031,Cubbon Road,11248,Weekday,False,Clear,False,0.0,False,False,0.421,Moderate,25.6,27.3,148.0,0.11,0.255,0.94,Moderate traffic flow - standard adaptive signal timing in effect
EVT454246,2026-02-19 08:57:53,Sports Fixture,J030,MG Road,26277,Weekday,False,Clear,False,0.0,False,False,1.0,Severe,9.9,67.0,802.2,0.305,0.704,0.959,Heavy congestion detected - signal timing extended and reroute suggested
EVT454247,2025-05-30 17:26:59,Trade Fair,J011,Indiranagar 100ft Road,5845,Weekday,False,Fog,False,0.0,False,False,0.825,Severe,15.0,63.5,387.0,0.202,0.467,0.96,Heavy congestion detected - signal timing extended and reroute suggested
EVT454248,2026-03-07 18:05:49,Sports Fixture,J040,City Market,12596,Weekend,False,Clear,False,0.0,False,False,0.824,Severe,14.0,62.7,424.4,0.226,0.521,0.94,Heavy congestion detected - signal timing extended and reroute suggested
EVT454249,2025-10-03 18:42:18,Cultural Procession,J023,Basavanagudi,13612,Weekday,True,Clear,False,0.0,True,False,1.0,Severe,8.2,63.0,614.4,0.191,0.44,0.716,Accident detected nearby - reroute and reduced speed advised
EVT454250,2025-05-16 15:27:55,Concert,J031,Cubbon Road,14734,Weekday,False,Rain,True,15.4,False,False,0.554,High,19.9,36.9,236.0,0.148,0.342,0.909,Heavy rain reducing visibility and grip - reduced speed and longer buffer advised
EVT454251,2025-09-26 09:23:35,Trade Fair,J023,Basavanagudi,6888,Weekday,False,Clear,False,0.0,False,False,1.0,Severe,10.0,72.1,337.2,0.124,0.285,0.919,Heavy congestion detected - signal timing extended and reroute suggested
EVT454252,2026-06-06 07:36:58,Trade Fair,J030,MG Road,8348,Weekend,False,Clear,False,0.0,False,False,0.607,High,23.7,41.6,224.9,0.162,0.375,0.962,Moderate traffic flow - standard adaptive signal timing in effect
EVT454253,2026-04-09 07:03:29,Sports Fixture,J040,City Market,38107,Weekday,False,Clear,False,0.0,False,False,0.658,High,20.6,43.5,266.4,0.185,0.428,0.968,Moderate traffic flow - standard adaptive signal timing in effect
EVT454254,2025-09-04 08:12:47,Concert,J012,Koramangala Sony World,10968,Weekday,False,Heavy Rain,True,68.4,False,False,1.0,Severe,10.0,69.7,449.7,0.192,0.445,0.851,Heavy rain reducing visibility and grip - reduced speed and longer buffer advised
EVT454255,2025-05-22 08:11:18,Political Rally,J009,Majestic,18374,Weekday,False,Rain,True,20.2,True,False,1.0,Severe,7.3,73.8,590.5,0.183,0.422,0.687,Accident detected nearby - reroute and reduced speed advised
EVT454256,2026-04-27 19:23:03,Trade Fair,J023,Basavanagudi,18979,Weekday,False,Clear,False,0.0,False,False,0.961,Severe,9.9,73.5,661.6,0.256,0.591,0.923,Heavy congestion detected - signal timing extended and reroute suggested
EVT454257,2026-06-09 01:31:16,Local Market Day,J012,Koramangala Sony World,3869,Weekday,False,Clear,False,0.0,False,False,0.158,Low,31.8,14.4,87.9,0.086,0.199,0.958,Normal free-flow traffic - standard signal timing maintained
EVT454258,2025-07-23 21:03:31,Trade Fair,J009,Majestic,7433,Weekday,False,Light Rain,True,5.2,False,False,0.474,Moderate,19.5,27.6,166.3,0.114,0.264,0.918,Light rain detected - minor speed reduction advised
EVT454259,2026-04-18 17:42:04,Local Market Day,J009,Majestic,4397,Weekend,False,Clear,False,0.0,False,False,0.817,Severe,16.3,57.2,263.4,0.14,0.324,0.954,Heavy congestion detected - signal timing extended and reroute suggested
EVT454260,2025-11-17 09:18:25,Sports Fixture,J020,Malleshwaram Circle,32200,Weekday,False,Clear,False,0.0,False,False,1.0,Severe,8.5,72.7,572.7,0.186,0.429,0.92,Heavy congestion detected - signal timing extended and reroute suggested
EVT454261,2025-01-06 10:07:11,Local Market Day,J031,Cubbon Road,4147,Weekday,False,Clear,False,0.0,False,False,0.774,Severe,14.6,50.2,330.2,0.165,0.382,0.989,Heavy congestion detected - signal timing extended and reroute suggested
EVT454262,2025-01-07 12:58:09,Local Market Day,J020,Malleshwaram Circle,4554,Weekday,False,Clear,False,0.0,False,False,0.222,Low,29.8,14.9,199.7,0.154,0.356,0.956,Normal free-flow traffic - standard signal timing maintained
EVT454263,2026-03-14 19:09:16,Sports Fixture,J023,Basavanagudi,27524,Weekend,False,Clear,False,0.0,False,False,0.951,Severe,11.7,63.3,496.3,0.219,0.505,0.925,Heavy congestion detected - signal timing extended and reroute suggested
EVT454264,2026-01-19 19:01:56,Local Market Day,J031,Cubbon Road,4411,Weekday,False,Clear,False,0.0,False,False,0.951,Severe,10.6,72.8,300.4,0.142,0.327,0.94,Heavy congestion detected - signal timing extended and reroute suggested
EVT454265,2026-01-12 20:00:52,Local Market Day,J040,City Market,1946,Weekday,False,Light Rain,True,6.6,False,False,0.838,Severe,12.4,58.7,516.3,0.241,0.558,0.917,Heavy rain reducing visibility and grip - reduced speed and longer buffer advised
EVT454266,2026-06-02 19:48:48,Local Market Day,J030,MG Road,2015,Weekday,False,Rain,True,11.5,False,False,0.933,Severe,11.0,67.5,428.8,0.184,0.426,0.882,Heavy rain reducing visibility and grip - reduced speed and longer buffer advised
EVT454267,2025-05-17 01:56:35,Sports Fixture,J023,Basavanagudi,23104,Weekend,False,Clear,False,0.0,False,False,0.355,Moderate,31.4,23.8,157.7,0.136,0.314,0.948,Moderate traffic flow - standard adaptive signal timing in effect
EVT454268,2025-05-14 09:15:55,Local Market Day,J031,Cubbon Road,5444,Weekday,False,Clear,False,0.0,False,False,1.0,Severe,8.1,80.0,649.0,0.226,0.521,0.949,Heavy congestion detected - signal timing extended and reroute suggested
EVT454269,2026-01-10 09:51:35,Concert,J030,MG Road,9572,Weekend,False,Clear,False,0.0,False,False,0.757,Severe,16.9,57.7,249.6,0.133,0.308,0.974,Heavy congestion detected - signal timing extended and reroute suggested
EVT454270,2026-02-03 17:28:47,Local Market Day,J009,Majestic,5600,Weekday,False,Clear,False,0.0,False,False,0.809,Severe,13.7,53.1,287.3,0.156,0.359,0.933,Heavy congestion detected - signal timing extended and reroute suggested
EVT454271,2025-07-26 17:09:18,Sports Fixture,J020,Malleshwaram Circle,43411,Weekend,False,Clear,False,0.0,False,False,0.892,Severe,12.8,59.9,368.6,0.177,0.408,0.925,Heavy congestion detected - signal timing extended and reroute suggested
EVT454272,2025-12-14 10:05:08,Sports Fixture,J040,City Market,22865,Weekend,False,Clear,False,0.0,False,False,0.873,Severe,13.0,63.9,170.0,0.08,0.186,0.922,Heavy congestion detected - signal timing extended and reroute suggested
EVT454273,2026-04-11 01:21:42,Sports Fixture,J012,Koramangala Sony World,46734,Weekend,False,Clear,False,0.0,False,False,0.553,High,27.9,39.8,187.7,0.145,0.334,0.968,Moderate traffic flow - standard adaptive signal timing in effect
EVT454274,2025-04-16 09:26:24,Sports Fixture,J030,MG Road,30087,Weekday,False,Clear,False,0.0,False,False,1.0,Severe,4.9,73.1,288.5,0.093,0.214,0.901,Heavy congestion detected - signal timing extended and reroute suggested
EVT454275,2025-11-09 05:15:08,Concert,J031,Cubbon Road,14679,Weekend,False,Clear,False,0.0,False,False,0.315,Low,25.7,25.8,80.4,0.056,0.128,0.951,Moderate traffic flow - standard adaptive signal timing in effect
EVT454276,2026-03-27 17:00:21,Cultural Procession,J040,City Market,15941,Weekday,True,Clear,False,0.0,False,True,1.0,Severe,7.6,105.5,272.8,0.107,0.248,0.849,Road closure for event/procession - full detour recommended for through-traffic
EVT454277,2025-01-13 11:54:49,Concert,J012,Koramangala Sony World,22806,Weekday,False,Clear,False,0.0,False,False,0.465,Moderate,23.3,28.9,225.4,0.178,0.411,0.966,Moderate traffic flow - standard adaptive signal timing in effect
EVT454278,2026-02-18 18:29:18,Political Rally,J009,Majestic,14601,Weekday,False,Clear,False,0.0,False,False,1.0,Severe,7.0,71.0,795.5,0.237,0.548,0.924,Heavy congestion detected - signal timing extended and reroute suggested
EVT454279,2025-09-28 19:09:22,Concert,J023,Basavanagudi,8956,Weekend,False,Clear,False,0.0,False,False,0.876,Severe,12.5,65.0,229.8,0.12,0.276,0.938,Heavy congestion detected - signal timing extended and reroute suggested
EVT454280,2026-04-09 05:35:18,Local Market Day,J011,Indiranagar 100ft Road,5350,Weekday,False,Clear,False,0.0,False,False,0.204,Low,32.7,19.0,135.8,0.102,0.236,0.981,Normal free-flow traffic - standard signal timing maintained
EVT454281,2025-07-03 23:04:05,Sports Fixture,J040,City Market,27047,Weekday,False,Rain,True,21.9,True,False,0.957,Severe,11.1,69.8,537.4,0.24,0.554,0.715,Accident detected nearby - reroute and reduced speed advised
EVT454282,2025-10-25 13:08:25,Local Market Day,J009,Majestic,3778,Weekend,False,Clear,False,0.0,False,False,0.258,Low,36.4,14.3,120.5,0.126,0.292,0.938,Moderate traffic flow - standard adaptive signal timing in effect
EVT454283,2025-04-02 08:43:27,Concert,J040,City Market,16703,Weekday,False,Clear,False,0.0,False,False,1.0,Severe,8.7,76.6,342.3,0.125,0.288,0.935,Heavy congestion detected - signal timing extended and reroute suggested
EVT454284,2026-06-27 14:54:06,Local Market Day,J020,Malleshwaram Circle,4943,Weekend,False,Clear,False,0.0,False,False,0.341,Low,25.4,21.0,156.3,0.124,0.287,0.946,Moderate traffic flow - standard adaptive signal timing in effect
EVT454285,2025-04-20 18:06:33,Trade Fair,J030,MG Road,19795,Weekend,False,Clear,False,0.0,False,False,0.939,Severe,10.0,68.8,458.1,0.187,0.432,0.927,Heavy congestion detected - signal timing extended and reroute suggested
EVT454286,2025-06-04 19:36:05,Local Market Day,J030,MG Road,3920,Weekday,False,Clear,False,0.0,False,False,0.843,Severe,12.4,57.5,334.6,0.154,0.356,0.979,Heavy congestion detected - signal timing extended and reroute suggested
EVT454287,2025-05-23 19:06:35,Trade Fair,J011,Indiranagar 100ft Road,14540,Weekday,False,Clear,False,0.0,False,False,1.0,Severe,7.3,74.8,808.3,0.231,0.534,0.896,Heavy congestion detected - signal timing extended and reroute suggested
EVT454288,2025-04-16 19:29:45,Sports Fixture,J012,Koramangala Sony World,23448,Weekday,False,Clear,False,0.0,False,False,1.0,Severe,8.7,73.4,685.7,0.236,0.545,0.904,Heavy congestion detected - signal timing extended and reroute suggested
EVT454289,2026-05-09 07:12:41,Trade Fair,J040,City Market,8913,Weekend,False,Clear,False,0.0,False,False,0.48,Moderate,27.2,36.0,154.8,0.115,0.267,0.959,Moderate traffic flow - standard adaptive signal timing in effect
EVT454290,2025-12-09 17:51:55,Concert,J012,Koramangala Sony World,7875,Weekday,False,Clear,False,0.0,False,False,0.957,Severe,9.5,70.5,437.2,0.176,0.406,0.904,Heavy congestion detected - signal timing extended and reroute suggested
EVT454291,2025-07-12 09:10:24,Trade Fair,J023,Basavanagudi,7718,Weekend,False,Heavy Rain,True,65.2,False,False,1.0,Severe,8.1,66.3,839.0,0.275,0.635,0.863,Heavy rain reducing visibility and grip - reduced speed and longer buffer advised
EVT454292,2025-12-27 08:35:40,Sports Fixture,J011,Indiranagar 100ft Road,26088,Weekend,False,Clear,False,0.0,False,False,0.918,Severe,9.6,68.7,480.7,0.2,0.462,0.941,Heavy congestion detected - signal timing extended and reroute suggested
EVT454293,2026-04-03 13:09:16,Local Market Day,J031,Cubbon Road,6938,Weekday,False,Clear,False,0.0,False,False,0.145,Low,31.5,10.5,221.0,0.185,0.428,0.964,Normal free-flow traffic - standard signal timing maintained
EVT454294,2025-11-05 14:55:24,Trade Fair,J031,Cubbon Road,4727,Weekday,False,Clear,False,0.0,False,False,0.322,Low,37.2,25.4,142.8,0.159,0.367,0.963,Moderate traffic flow - standard adaptive signal timing in effect
EVT454295,2025-06-30 16:02:30,Concert,J009,Majestic,14057,Weekday,False,Light Rain,True,2.3,False,False,0.553,High,25.1,42.0,173.9,0.142,0.328,0.906,Heavy rain reducing visibility and grip - reduced speed and longer buffer advised
EVT454296,2025-02-03 08:12:48,Trade Fair,J031,Cubbon Road,12720,Weekday,False,Clear,False,0.0,False,False,0.866,Severe,10.1,59.8,389.9,0.165,0.382,0.943,Heavy congestion detected - signal timing extended and reroute suggested
EVT454297,2025-09-02 19:34:10,Concert,J023,Basavanagudi,17791,Weekday,False,Clear,False,0.0,False,False,0.966,Severe,7.3,73.8,408.2,0.125,0.288,0.921,Heavy congestion detected - signal timing extended and reroute suggested
EVT454298,2025-02-14 07:19:02,Trade Fair,J040,City Market,4448,Weekday,False,Clear,False,0.0,False,False,0.5,Moderate,23.4,31.7,147.2,0.117,0.27,0.967,Moderate traffic flow - standard adaptive signal timing in effect
EVT454299,2025-09-19 04:18:16,Political Rally,J030,MG Road,30059,Weekday,False,Clear,False,0.0,False,False,0.332,Low,27.4,23.1,220.3,0.165,0.382,0.983,Moderate traffic flow - standard adaptive signal timing in effect
EVT454300,2025-03-08 18:01:50,Trade Fair,J020,Malleshwaram Circle,10710,Weekend,False,Clear,False,0.0,False,False,0.884,Severe,9.8,60.3,566.5,0.21,0.485,0.926,Heavy congestion detected - signal timing extended and reroute suggested
EVT454301,2026-04-12 15:50:28,Sports Fixture,J040,City Market,28822,Weekend,False,Clear,False,0.0,False,False,0.539,Moderate,20.3,36.9,324.9,0.215,0.497,0.958,Moderate traffic flow - standard adaptive signal timing in effect
EVT454302,2026-03-13 11:19:44,Local Market Day,J009,Majestic,5302,Weekday,False,Clear,False,0.0,False,False,0.367,Moderate,29.6,25.7,131.8,0.09,0.208,0.966,Moderate traffic flow - standard adaptive signal timing in effect
EVT454303,2025-10-31 06:33:23,Sports Fixture,J030,MG Road,33119,Weekday,False,Clear,False,0.0,False,False,0.506,Moderate,23.2,29.6,95.4,0.056,0.129,0.948,Moderate traffic flow - standard adaptive signal timing in effect
EVT454304,2026-04-23 08:29:56,Local Market Day,J031,Cubbon Road,2584,Weekday,False,Clear,False,0.0,False,False,0.997,Severe,7.5,63.7,571.6,0.201,0.465,0.939,Heavy congestion detected - signal timing extended and reroute suggested
EVT454305,2025-09-17 19:13:20,Sports Fixture,J030,MG Road,17107,Weekday,False,Rain,True,14.5,False,False,1.0,Severe,8.2,71.5,610.3,0.222,0.514,0.842,Heavy rain reducing visibility and grip - reduced speed and longer buffer advised
EVT454306,2025-08-14 17:24:10,Political Rally,J040,City Market,16241,Weekday,False,Rain,True,23.0,False,False,1.0,Severe,10.3,70.7,637.9,0.24,0.555,0.842,Heavy rain reducing visibility and grip - reduced speed and longer buffer advised
EVT454307,2026-04-18 14:09:39,Political Rally,J040,City Market,15969,Weekend,False,Clear,False,0.0,False,False,0.355,Moderate,24.5,26.5,178.2,0.119,0.274,0.952,Moderate traffic flow - standard adaptive signal timing in effect
EVT454308,2025-08-03 08:17:19,Local Market Day,J030,MG Road,2498,Weekend,False,Clear,False,0.0,False,False,0.792,Severe,18.8,53.9,245.0,0.161,0.373,0.949,Heavy congestion detected - signal timing extended and reroute suggested
EVT454309,2025-06-06 09:58:03,Trade Fair,J040,City Market,10813,Weekday,False,Heavy Rain,True,56.7,False,False,1.0,Severe,8.8,67.9,817.9,0.269,0.622,0.878,Heavy rain reducing visibility and grip - reduced speed and longer buffer advised
EVT454310,2025-07-15 09:08:09,Local Market Day,J011,Indiranagar 100ft Road,5744,Weekday,False,Clear,False,0.0,False,False,1.0,Severe,8.2,68.9,361.1,0.132,0.306,0.929,Heavy congestion detected - signal timing extended and reroute suggested
EVT454311,2025-02-08 10:58:53,Local Market Day,J011,Indiranagar 100ft Road,3741,Weekend,False,Clear,False,0.0,False,False,0.541,Moderate,27.0,38.8,210.5,0.19,0.438,0.964,Moderate traffic flow - standard adaptive signal timing in effect
EVT454312,2025-02-12 14:55:29,Sports Fixture,J031,Cubbon Road,24056,Weekday,False,Clear,False,0.0,False,False,0.41,Moderate,24.0,29.8,240.2,0.152,0.351,0.975,Moderate traffic flow - standard adaptive signal timing in effect
EVT454313,2025-03-20 19:24:44,Concert,J009,Majestic,9555,Weekday,False,Clear,False,0.0,False,False,0.918,Severe,9.5,63.1,491.5,0.173,0.4,0.928,Heavy congestion detected - signal timing extended and reroute suggested
EVT454314,2025-11-30 17:32:45,Sports Fixture,J031,Cubbon Road,15122,Weekend,False,Clear,False,0.0,False,False,0.809,Severe,13.5,59.1,264.5,0.14,0.323,0.957,Heavy congestion detected - signal timing extended and reroute suggested
EVT454315,2026-06-15 12:59:39,Trade Fair,J011,Indiranagar 100ft Road,10999,Weekday,False,Clear,False,0.0,False,False,0.216,Low,29.6,24.0,58.6,0.057,0.132,0.977,Normal free-flow traffic - standard signal timing maintained
EVT454316,2025-07-15 07:05:25,Sports Fixture,J011,Indiranagar 100ft Road,23374,Weekday,False,Heavy Rain,True,25.4,False,False,0.819,Severe,12.7,61.0,430.1,0.183,0.423,0.896,Heavy rain reducing visibility and grip - reduced speed and longer buffer advised
EVT454317,2025-12-03 13:35:27,Trade Fair,J030,MG Road,9881,Weekday,False,Clear,False,0.0,False,False,0.23,Low,34.0,9.6,86.1,0.086,0.198,0.987,Normal free-flow traffic - standard signal timing maintained
EVT454318,2025-07-22 10:35:18,Trade Fair,J031,Cubbon Road,6856,Weekday,False,Clear,False,0.0,False,False,0.578,High,22.1,33.9,235.1,0.151,0.348,0.985,Moderate traffic flow - standard adaptive signal timing in effect
EVT454319,2026-04-15 07:34:36,Cultural Procession,J030,MG Road,26596,Weekday,True,Clear,False,0.0,False,True,1.0,Severe,5.4,99.0,893.8,0.217,0.501,0.832,Road closure for event/procession - full detour recommended for through-traffic
EVT454320,2026-01-13 11:11:16,Trade Fair,J031,Cubbon Road,7078,Weekday,False,Clear,False,0.0,False,False,0.369,Moderate,31.9,34.4,155.6,0.127,0.292,0.981,Moderate traffic flow - standard adaptive signal timing in effect
EVT454321,2026-05-18 23:05:48,Local Market Day,J040,City Market,4550,Weekday,False,Clear,False,0.0,False,False,0.2,Low,34.6,13.2,92.9,0.065,0.15,0.975,Normal free-flow traffic - standard signal timing maintained
EVT454322,2025-03-29 20:47:58,Concert,J040,City Market,16139,Weekend,False,Clear,False,0.0,False,False,0.544,Moderate,22.4,44.1,279.0,0.185,0.428,0.957,Moderate traffic flow - standard adaptive signal timing in effect
EVT454323,2026-03-13 17:44:17,Local Market Day,J023,Basavanagudi,4314,Weekday,False,Clear,False,0.0,False,False,0.887,Severe,13.3,62.0,396.3,0.202,0.466,0.966,Heavy congestion detected - signal timing extended and reroute suggested
EVT454324,2026-02-14 08:42:59,Concert,J023,Basavanagudi,22195,Weekend,False,Clear,False,0.0,False,False,0.937,Severe,10.4,74.5,469.3,0.188,0.435,0.907,Heavy congestion detected - signal timing extended and reroute suggested
EVT454325,2026-02-24 18:06:07,Concert,J012,Koramangala Sony World,20855,Weekday,False,Clear,False,0.0,False,False,1.0,Severe,8.8,71.4,654.4,0.227,0.524,0.917,Heavy congestion detected - signal timing extended and reroute suggested
EVT454326,2025-07-18 16:02:05,Local Market Day,J011,Indiranagar 100ft Road,3484,Weekday,False,Heavy Rain,True,38.9,False,False,0.787,Severe,15.0,53.2,449.9,0.218,0.504,0.891,Heavy rain reducing visibility and grip - reduced speed and longer buffer advised
EVT454327,2026-04-11 14:35:25,Local Market Day,J011,Indiranagar 100ft Road,5338,Weekend,False,Clear,False,0.0,False,False,0.3,Low,30.9,25.0,117.1,0.099,0.229,0.963,Moderate traffic flow - standard adaptive signal timing in effect
EVT454328,2025-07-22 17:42:17,Trade Fair,J030,MG Road,12270,Weekday,False,Clear,False,0.0,False,False,1.0,Severe,8.7,67.1,475.8,0.15,0.347,0.902,Heavy congestion detected - signal timing extended and reroute suggested
EVT454329,2026-06-23 11:21:26,Trade Fair,J011,Indiranagar 100ft Road,9465,Weekday,False,Rain,True,9.5,False,False,0.584,High,22.0,38.6,167.7,0.124,0.285,0.921,Heavy rain reducing visibility and grip - reduced speed and longer buffer advised
EVT454330,2026-03-12 14:02:56,Concert,J030,MG Road,14852,Weekday,False,Clear,False,0.0,False,False,0.295,Low,34.2,20.0,90.7,0.087,0.201,0.952,Moderate traffic flow - standard adaptive signal timing in effect
EVT454331,2025-10-31 17:15:44,Trade Fair,J023,Basavanagudi,7075,Weekday,False,Clear,False,0.0,False,False,0.861,Severe,15.2,63.6,327.0,0.187,0.433,0.93,Heavy congestion detected - signal timing extended and reroute suggested
EVT454332,2025-09-11 19:51:40,Local Market Day,J031,Cubbon Road,2888,Weekday,False,Clear,False,0.0,False,False,0.82,Severe,14.2,64.1,298.6,0.137,0.317,0.949,Heavy congestion detected - signal timing extended and reroute suggested
EVT454333,2026-05-21 18:05:30,Trade Fair,J031,Cubbon Road,10534,Weekday,False,Clear,False,0.0,False,False,1.0,Severe,9.2,70.7,475.3,0.161,0.373,0.916,Heavy congestion detected - signal timing extended and reroute suggested
EVT454334,2025-07-28 17:11:40,Trade Fair,J031,Cubbon Road,6801,Weekday,False,Clear,False,0.0,False,False,0.837,Severe,11.4,59.6,676.1,0.295,0.682,0.938,Heavy congestion detected - signal timing extended and reroute suggested
EVT454335,2025-11-18 18:51:33,Trade Fair,J009,Majestic,7400,Weekday,False,Clear,False,0.0,False,False,0.997,Severe,8.3,68.1,566.8,0.199,0.459,0.927,Heavy congestion detected - signal timing extended and reroute suggested
EVT454336,2025-05-27 22:11:31,Concert,J030,MG Road,9872,Weekday,False,Clear,False,0.0,False,False,0.257,Low,34.8,18.9,157.7,0.145,0.335,0.956,Moderate traffic flow - standard adaptive signal timing in effect
EVT454337,2025-03-01 12:45:39,Local Market Day,J040,City Market,4173,Weekend,False,Clear,False,0.0,False,False,0.23,Low,33.8,21.0,142.5,0.136,0.314,0.94,Normal free-flow traffic - standard signal timing maintained
EVT454338,2026-03-07 05:18:37,Sports Fixture,J040,City Market,32430,Weekend,False,Clear,False,0.0,False,False,0.471,Moderate,27.3,34.3,271.1,0.216,0.499,0.956,Moderate traffic flow - standard adaptive signal timing in effect
EVT454339,2025-07-25 18:54:19,Trade Fair,J012,Koramangala Sony World,9496,Weekday,False,Heavy Rain,True,39.0,False,False,1.0,Severe,8.0,71.0,199.6,0.079,0.183,0.875,Heavy rain reducing visibility and grip - reduced speed and longer buffer advised
EVT454340,2025-06-23 12:56:19,Political Rally,J023,Basavanagudi,16759,Weekday,False,Heavy Rain,True,42.9,False,False,0.59,High,19.9,40.1,203.8,0.129,0.299,0.891,Heavy rain reducing visibility and grip - reduced speed and longer buffer advised
EVT454341,2025-11-23 11:13:34,Concert,J020,Malleshwaram Circle,21631,Weekend,False,Clear,False,0.0,False,False,0.547,Moderate,26.4,33.7,214.0,0.163,0.377,0.985,Moderate traffic flow - standard adaptive signal timing in effect
EVT454342,2026-04-17 19:31:24,Local Market Day,J040,City Market,4442,Weekday,False,Clear,False,0.0,False,False,0.968,Severe,11.0,69.9,506.9,0.225,0.52,0.932,Heavy congestion detected - signal timing extended and reroute suggested
EVT454343,2025-08-10 09:36:09,Local Market Day,J031,Cubbon Road,3685,Weekend,False,Clear,False,0.0,False,False,0.858,Severe,12.6,60.6,321.2,0.145,0.335,0.928,Heavy congestion detected - signal timing extended and reroute suggested
EVT454344,2025-09-06 07:14:31,Cultural Procession,J009,Majestic,15797,Weekend,True,Rain,True,23.4,False,False,1.0,Severe,9.3,70.0,530.8,0.213,0.492,0.802,Festival crowd surge detected - alternate route and extended cycle recommended
EVT454345,2025-08-13 09:24:57,Sports Fixture,J009,Majestic,17288,Weekday,False,Rain,True,12.4,False,False,1.0,Severe,9.6,64.8,561.6,0.226,0.522,0.874,Heavy rain reducing visibility and grip - reduced speed and longer buffer advised
EVT454346,2025-02-16 10:29:05,Local Market Day,J031,Cubbon Road,2647,Weekend,False,Clear,False,0.0,False,False,0.563,High,24.2,41.0,241.5,0.16,0.369,0.951,Moderate traffic flow - standard adaptive signal timing in effect
EVT454347,2025-10-23 09:19:10,Local Market Day,J011,Indiranagar 100ft Road,6304,Weekday,False,Clear,False,0.0,False,False,1.0,Severe,8.4,68.2,650.3,0.236,0.544,0.916,Heavy congestion detected - signal timing extended and reroute suggested
EVT454348,2025-01-01 10:49:27,Political Rally,J012,Koramangala Sony World,25337,Weekday,False,Clear,False,0.0,False,False,0.59,High,24.3,40.4,180.5,0.111,0.257,0.961,Moderate traffic flow - standard adaptive signal timing in effect
EVT454349,2025-10-16 18:49:42,Local Market Day,J031,Cubbon Road,2721,Weekday,False,Clear,False,0.0,False,False,0.976,Severe,8.3,70.1,700.2,0.222,0.513,0.923,Heavy congestion detected - signal timing extended and reroute suggested
EVT454350,2025-09-16 15:54:27,Trade Fair,J031,Cubbon Road,8859,Weekday,False,Rain,True,13.9,False,False,0.544,Moderate,25.4,44.2,191.7,0.146,0.338,0.891,Light rain detected - minor speed reduction advised
EVT454351,2025-02-16 15:30:48,Local Market Day,J031,Cubbon Road,2788,Weekend,False,Rain,True,14.2,False,False,0.541,Moderate,21.6,34.3,418.7,0.273,0.631,0.916,Light rain detected - minor speed reduction advised
EVT454352,2025-03-14 08:52:35,Religious Festival,J031,Cubbon Road,36414,Weekday,True,Clear,False,0.0,False,True,1.0,Severe,8.8,103.4,552.9,0.222,0.512,0.841,Road closure for event/procession - full detour recommended for through-traffic
EVT454353,2026-03-02 06:31:39,Sports Fixture,J023,Basavanagudi,27244,Weekday,False,Clear,False,0.0,False,False,0.471,Moderate,25.9,31.5,179.4,0.13,0.3,0.944,Moderate traffic flow - standard adaptive signal timing in effect
EVT454354,2025-07-22 21:47:15,Trade Fair,J020,Malleshwaram Circle,13283,Weekday,False,Clear,False,0.0,False,False,0.258,Low,33.6,18.2,95.1,0.077,0.177,0.964,Moderate traffic flow - standard adaptive signal timing in effect
EVT454355,2025-12-12 17:50:15,Local Market Day,J020,Malleshwaram Circle,2245,Weekday,False,Clear,False,0.0,False,False,0.943,Severe,12.2,61.8,456.2,0.217,0.502,0.894,Heavy congestion detected - signal timing extended and reroute suggested
EVT454356,2025-10-04 00:36:20,Trade Fair,J040,City Market,14227,Weekend,False,Rain,True,15.9,False,False,0.461,Moderate,18.7,34.4,252.5,0.132,0.305,0.92,Light rain detected - minor speed reduction advised
EVT454357,2025-01-11 15:40:13,Sports Fixture,J023,Basavanagudi,15475,Weekend,False,Clear,False,0.0,False,False,0.517,Moderate,25.4,42.6,204.6,0.151,0.349,0.958,Moderate traffic flow - standard adaptive signal timing in effect
EVT454358,2026-05-20 16:50:40,Trade Fair,J011,Indiranagar 100ft Road,4479,Weekday,False,Clear,False,0.0,False,False,0.65,High,22.1,48.8,283.2,0.186,0.43,0.976,Moderate traffic flow - standard adaptive signal timing in effect
EVT454359,2025-03-11 15:21:29,Trade Fair,J009,Majestic,11697,Weekday,False,Clear,False,0.0,False,False,0.335,Low,30.9,31.1,188.9,0.148,0.341,0.962,Moderate traffic flow - standard adaptive signal timing in effect
EVT454360,2026-06-14 22:58:57,Trade Fair,J020,Malleshwaram Circle,9067,Weekend,False,Clear,False,0.0,False,False,0.284,Low,34.4,19.0,93.1,0.083,0.192,0.978,Moderate traffic flow - standard adaptive signal timing in effect
EVT454361,2026-06-24 07:18:41,Political Rally,J020,Malleshwaram Circle,21985,Weekday,False,Clear,False,0.0,False,False,0.638,High,20.9,49.6,359.8,0.219,0.507,0.965,Moderate traffic flow - standard adaptive signal timing in effect
EVT454362,2025-07-13 07:13:28,Local Market Day,J011,Indiranagar 100ft Road,2877,Weekend,False,Clear,False,0.0,False,False,0.486,Moderate,28.2,28.1,142.8,0.122,0.282,0.957,Moderate traffic flow - standard adaptive signal timing in effect
EVT454363,2026-06-07 19:58:26,Trade Fair,J030,MG Road,6489,Weekend,False,Rain,True,16.7,False,False,0.794,Severe,14.0,56.4,230.8,0.106,0.245,0.873,Heavy rain reducing visibility and grip - reduced speed and longer buffer advised
EVT454364,2025-01-09 17:40:21,Trade Fair,J012,Koramangala Sony World,4966,Weekday,False,Clear,False,0.0,False,False,0.974,Severe,9.1,65.3,198.2,0.092,0.212,0.924,Heavy congestion detected - signal timing extended and reroute suggested
EVT454365,2026-01-26 07:29:50,Fireworks Display,J020,Malleshwaram Circle,19584,Weekday,True,Clear,False,0.0,False,False,0.908,Severe,9.0,67.4,466.5,0.164,0.379,0.877,Festival crowd surge detected - alternate route and extended cycle recommended
EVT454366,2026-06-17 18:03:51,Sports Fixture,J040,City Market,20502,Weekday,False,Clear,False,0.0,False,False,1.0,Severe,9.2,78.5,387.8,0.14,0.323,0.9,Heavy congestion detected - signal timing extended and reroute suggested
EVT454367,2025-05-24 14:51:56,Trade Fair,J012,Koramangala Sony World,13984,Weekend,False,Clear,False,0.0,False,False,0.313,Low,38.5,27.0,93.7,0.08,0.185,0.952,Moderate traffic flow - standard adaptive signal timing in effect
EVT454368,2026-03-04 17:32:28,Religious Festival,J020,Malleshwaram Circle,45380,Weekday,True,Clear,False,0.0,False,True,1.0,Severe,7.5,102.1,517.8,0.175,0.403,0.865,Road closure for event/procession - full detour recommended for through-traffic
EVT454369,2026-04-23 20:22:52,Sports Fixture,J023,Basavanagudi,16143,Weekday,False,Clear,False,0.0,False,False,0.626,High,20.4,41.2,222.7,0.126,0.29,0.99,Moderate traffic flow - standard adaptive signal timing in effect
EVT454370,2025-05-07 08:33:30,Local Market Day,J023,Basavanagudi,4471,Weekday,False,Clear,False,0.0,False,False,0.957,Severe,10.3,69.5,358.7,0.142,0.329,0.918,Heavy congestion detected - signal timing extended and reroute suggested
EVT454371,2025-09-12 17:02:01,Concert,J020,Malleshwaram Circle,13641,Weekday,False,Clear,False,0.0,False,False,0.853,Severe,11.1,59.1,209.2,0.094,0.217,0.942,Heavy congestion detected - signal timing extended and reroute suggested
EVT454372,2025-10-21 18:54:57,Fireworks Display,J011,Indiranagar 100ft Road,26794,Weekday,True,Clear,False,0.0,False,False,1.0,Severe,7.5,73.9,695.2,0.218,0.503,0.862,Festival crowd surge detected - alternate route and extended cycle recommended
EVT454373,2025-08-24 13:48:44,Trade Fair,J023,Basavanagudi,6887,Weekend,False,Clear,False,0.0,False,False,0.294,Low,27.4,17.0,213.4,0.144,0.333,0.968,Moderate traffic flow - standard adaptive signal timing in effect
EVT454374,2025-12-27 16:00:58,Sports Fixture,J023,Basavanagudi,34704,Weekend,False,Clear,False,0.0,False,False,0.606,High,21.6,41.2,93.2,0.058,0.134,0.968,Moderate traffic flow - standard adaptive signal timing in effect
EVT454375,2025-02-06 13:52:54,Political Rally,J012,Koramangala Sony World,15114,Weekday,False,Clear,False,0.0,False,False,0.243,Low,28.1,16.3,258.1,0.176,0.406,0.951,Normal free-flow traffic - standard signal timing maintained
EVT454376,2026-04-17 18:00:45,Political Rally,J011,Indiranagar 100ft Road,8659,Weekday,False,Clear,False,0.0,False,False,0.923,Severe,11.8,64.7,362.0,0.156,0.36,0.915,Heavy congestion detected - signal timing extended and reroute suggested
EVT454377,2025-05-20 15:11:50,Sports Fixture,J031,Cubbon Road,10704,Weekday,False,Clear,False,0.0,False,False,0.348,Low,33.2,20.9,190.4,0.163,0.378,0.95,Moderate traffic flow - standard adaptive signal timing in effect
EVT454378,2026-06-16 07:08:00,Local Market Day,J020,Malleshwaram Circle,2352,Weekday,False,Heavy Rain,True,73.1,False,False,0.83,Severe,13.0,68.4,499.6,0.237,0.548,0.905,Heavy rain reducing visibility and grip - reduced speed and longer buffer advised
EVT454379,2025-12-23 17:02:27,Local Market Day,J040,City Market,4353,Weekday,False,Clear,False,0.0,False,False,0.756,Severe,15.9,54.1,309.6,0.17,0.393,0.968,Heavy congestion detected - signal timing extended and reroute suggested
EVT454380,2026-04-03 12:46:06,Sports Fixture,J023,Basavanagudi,33460,Weekday,False,Clear,False,0.0,False,False,0.349,Low,26.5,28.2,157.6,0.104,0.24,0.951,Moderate traffic flow - standard adaptive signal timing in effect
EVT454381,2025-05-23 18:22:08,Local Market Day,J030,MG Road,3972,Weekday,False,Fog,False,0.0,False,False,1.0,Severe,8.3,71.3,1007.1,0.324,0.748,0.929,Heavy congestion detected - signal timing extended and reroute suggested
EVT454382,2025-09-09 11:37:16,Local Market Day,J009,Majestic,2648,Weekday,False,Rain,True,17.4,False,False,0.43,Moderate,28.6,29.8,292.9,0.233,0.538,0.897,Light rain detected - minor speed reduction advised
EVT454383,2025-07-21 13:42:47,Local Market Day,J030,MG Road,3236,Weekday,False,Clear,False,0.0,False,False,0.217,Low,42.5,13.4,110.8,0.115,0.266,0.983,Normal free-flow traffic - standard signal timing maintained
EVT454384,2025-05-30 22:43:46,Trade Fair,J030,MG Road,13102,Weekday,False,Clear,False,0.0,False,False,0.295,Low,32.8,21.8,110.6,0.104,0.241,0.976,Moderate traffic flow - standard adaptive signal timing in effect
EVT454385,2025-06-03 15:11:22,Political Rally,J020,Malleshwaram Circle,13030,Weekday,False,Light Rain,True,3.5,False,False,0.346,Low,25.3,23.2,319.3,0.224,0.518,0.939,Light rain detected - minor speed reduction advised
EVT454386,2025-08-09 18:47:21,Trade Fair,J011,Indiranagar 100ft Road,10480,Weekend,False,Rain,True,13.4,False,False,1.0,Severe,9.7,67.9,412.7,0.165,0.382,0.877,Heavy rain reducing visibility and grip - reduced speed and longer buffer advised
EVT454387,2026-05-11 14:15:22,Trade Fair,J030,MG Road,11490,Weekday,False,Clear,False,0.0,False,False,0.153,Low,34.2,9.6,154.2,0.129,0.299,0.99,Normal free-flow traffic - standard signal timing maintained
EVT454388,2025-06-02 16:52:48,Concert,J040,City Market,7573,Weekday,False,Clear,False,0.0,False,False,0.679,High,22.1,44.4,262.5,0.191,0.44,0.99,Moderate traffic flow - standard adaptive signal timing in effect
EVT454389,2025-07-18 06:50:51,Sports Fixture,J011,Indiranagar 100ft Road,22412,Weekday,False,Rain,True,7.7,False,False,0.65,High,20.1,47.9,269.9,0.179,0.414,0.935,Heavy rain reducing visibility and grip - reduced speed and longer buffer advised
EVT454390,2025-01-05 18:03:50,Sports Fixture,J009,Majestic,18041,Weekend,False,Clear,False,0.0,False,False,0.939,Severe,10.7,62.9,237.3,0.101,0.233,0.904,Heavy congestion detected - signal timing extended and reroute suggested
EVT454391,2026-04-21 09:34:00,Sports Fixture,J011,Indiranagar 100ft Road,21536,Weekday,False,Clear,False,0.0,False,False,1.0,Severe,8.8,71.3,378.4,0.144,0.333,0.909,Heavy congestion detected - signal timing extended and reroute suggested
EVT454392,2025-06-23 18:30:10,Sports Fixture,J020,Malleshwaram Circle,29132,Weekday,False,Rain,True,9.5,False,False,1.0,Severe,8.8,73.1,468.6,0.173,0.399,0.894,Heavy rain reducing visibility and grip - reduced speed and longer buffer advised
EVT454393,2025-07-28 20:33:42,Sports Fixture,J009,Majestic,27632,Weekday,False,Clear,False,0.0,False,False,0.554,High,18.6,40.9,323.5,0.199,0.46,0.969,Moderate traffic flow - standard adaptive signal timing in effect
EVT454394,2026-02-03 09:00:54,Sports Fixture,J040,City Market,22477,Weekday,False,Clear,False,0.0,False,False,1.0,Severe,7.9,72.2,537.3,0.183,0.424,0.893,Heavy congestion detected - signal timing extended and reroute suggested
EVT454395,2025-02-01 07:00:30,Political Rally,J040,City Market,20535,Weekend,False,Clear,False,0.0,False,False,0.579,High,19.7,40.8,218.3,0.162,0.374,0.988,Moderate traffic flow - standard adaptive signal timing in effect
EVT454396,2026-04-06 06:30:33,Concert,J023,Basavanagudi,14485,Weekday,False,Fog,False,0.0,False,False,0.4,Moderate,26.1,31.9,245.2,0.185,0.428,0.967,Moderate traffic flow - standard adaptive signal timing in effect
EVT454397,2025-04-10 19:06:50,Sports Fixture,J040,City Market,20015,Weekday,False,Clear,False,0.0,False,False,1.0,Severe,9.0,74.8,649.8,0.242,0.558,0.931,Heavy congestion detected - signal timing extended and reroute suggested
EVT454398,2026-01-09 07:55:27,Local Market Day,J040,City Market,4312,Weekday,False,Clear,False,0.0,False,False,0.792,Severe,15.4,60.9,434.1,0.222,0.513,0.961,Heavy congestion detected - signal timing extended and reroute suggested
EVT454399,2026-06-02 18:21:33,Sports Fixture,J031,Cubbon Road,27880,Weekday,False,Rain,True,7.6,False,False,1.0,Severe,9.3,70.3,416.4,0.172,0.397,0.836,Heavy rain reducing visibility and grip - reduced speed and longer buffer advised
EVT454400,2026-04-07 15:44:19,Concert,J009,Majestic,10406,Weekday,False,Rain,True,12.4,False,False,0.505,Moderate,25.6,34.0,123.1,0.071,0.163,0.923,Light rain detected - minor speed reduction advised
EVT454401,2026-06-01 18:40:53,Local Market Day,J012,Koramangala Sony World,3461,Weekday,False,Clear,False,0.0,False,False,1.0,Severe,9.0,70.7,576.7,0.208,0.482,0.914,Heavy congestion detected - signal timing extended and reroute suggested
EVT454402,2025-07-16 16:43:07,Sports Fixture,J031,Cubbon Road,15855,Weekday,False,Heavy Rain,True,75.7,False,False,1.0,Severe,8.4,67.6,689.6,0.219,0.505,0.867,Heavy rain reducing visibility and grip - reduced speed and longer buffer advised
EVT454403,2025-03-30 09:59:40,Religious Festival,J020,Malleshwaram Circle,61777,Weekend,True,Clear,False,0.0,False,True,1.0,Severe,6.5,96.4,279.5,0.088,0.203,0.822,Road closure for event/procession - full detour recommended for through-traffic
EVT454404,2026-06-10 06:39:46,Local Market Day,J031,Cubbon Road,2814,Weekday,False,Heavy Rain,True,33.1,False,False,0.644,High,20.2,44.5,224.1,0.144,0.332,0.929,Heavy rain reducing visibility and grip - reduced speed and longer buffer advised
EVT454405,2025-12-01 16:30:38,Political Rally,J009,Majestic,17481,Weekday,False,Clear,False,0.0,False,False,0.653,High,23.1,44.8,220.6,0.158,0.366,0.952,Moderate traffic flow - standard adaptive signal timing in effect
EVT454406,2026-01-04 13:45:04,Sports Fixture,J040,City Market,38943,Weekend,False,Clear,False,0.0,False,False,0.409,Moderate,27.2,34.9,112.0,0.097,0.224,0.977,Moderate traffic flow - standard adaptive signal timing in effect
EVT454407,2025-08-24 20:45:39,Local Market Day,J040,City Market,5673,Weekend,False,Clear,False,0.0,False,False,0.47,Moderate,26.5,34.9,177.8,0.138,0.319,0.965,Moderate traffic flow - standard adaptive signal timing in effect
EVT454408,2026-03-19 19:05:09,Cultural Procession,J011,Indiranagar 100ft Road,14238,Weekday,True,Clear,False,0.0,False,True,1.0,Severe,6.6,98.7,869.3,0.269,0.622,0.82,Road closure for event/procession - full detour recommended for through-traffic
EVT454409,2025-10-24 09:36:13,Local Market Day,J040,City Market,5051,Weekday,False,Clear,False,0.0,False,False,0.973,Severe,9.0,74.7,316.1,0.129,0.297,0.928,Heavy congestion detected - signal timing extended and reroute suggested
EVT454410,2025-09-10 19:18:15,Local Market Day,J020,Malleshwaram Circle,5299,Weekday,False,Heavy Rain,True,32.7,False,False,1.0,Severe,7.2,75.2,724.9,0.193,0.445,0.863,Heavy rain reducing visibility and grip - reduced speed and longer buffer advised
EVT454411,2025-10-30 07:33:37,Sports Fixture,J009,Majestic,28707,Weekday,False,Rain,True,22.8,False,False,1.0,Severe,9.4,70.2,482.8,0.179,0.414,0.844,Heavy rain reducing visibility and grip - reduced speed and longer buffer advised
EVT454412,2026-06-07 22:23:15,Local Market Day,J030,MG Road,4446,Weekend,False,Clear,False,0.0,False,False,0.276,Low,31.8,20.4,110.7,0.099,0.228,0.931,Moderate traffic flow - standard adaptive signal timing in effect
EVT454413,2026-04-18 07:49:27,Local Market Day,J012,Koramangala Sony World,3060,Weekend,False,Clear,False,0.0,False,False,0.621,High,21.2,45.9,251.3,0.157,0.362,0.946,Moderate traffic flow - standard adaptive signal timing in effect
EVT454414,2025-03-17 12:13:15,Concert,J030,MG Road,15518,Weekday,False,Clear,False,0.0,False,False,0.207,Low,26.0,18.8,124.8,0.089,0.205,0.971,Normal free-flow traffic - standard signal timing maintained
EVT454415,2025-12-04 20:22:54,Political Rally,J009,Majestic,12597,Weekday,False,Clear,False,0.0,False,False,0.679,High,23.3,47.4,223.6,0.162,0.373,0.99,Moderate traffic flow - standard adaptive signal timing in effect
EVT454416,2025-05-02 18:29:00,Religious Festival,J011,Indiranagar 100ft Road,51049,Weekday,True,Clear,False,0.0,False,False,1.0,Severe,9.7,69.6,381.5,0.147,0.34,0.854,Festival crowd surge detected - alternate route and extended cycle recommended
EVT454417,2025-05-10 15:18:16,Concert,J040,City Market,25149,Weekend,False,Clear,False,0.0,False,False,0.529,Moderate,26.5,41.3,117.1,0.072,0.166,0.973,Moderate traffic flow - standard adaptive signal timing in effect
EVT454418,2026-05-20 13:22:13,Local Market Day,J040,City Market,4261,Weekday,False,Clear,False,0.0,False,False,0.139,Low,32.2,5.1,111.1,0.072,0.166,0.98,Normal free-flow traffic - standard signal timing maintained
EVT454419,2025-01-08 09:01:17,Local Market Day,J040,City Market,4687,Weekday,False,Clear,False,0.0,False,False,1.0,Severe,8.9,71.7,570.9,0.2,0.461,0.932,Heavy congestion detected - signal timing extended and reroute suggested
EVT454420,2025-12-03 15:17:47,Local Market Day,J030,MG Road,6110,Weekday,False,Clear,False,0.0,False,False,0.352,Moderate,29.4,25.2,218.5,0.187,0.431,0.944,Moderate traffic flow - standard adaptive signal timing in effect
EVT454421,2025-03-02 14:32:24,Trade Fair,J011,Indiranagar 100ft Road,14958,Weekend,False,Clear,False,0.0,False,False,0.366,Moderate,35.2,26.8,119.7,0.11,0.255,0.959,Moderate traffic flow - standard adaptive signal timing in effect
EVT454422,2026-05-06 18:04:30,Concert,J012,Koramangala Sony World,20833,Weekday,False,Clear,False,0.0,False,False,1.0,Severe,9.3,67.1,423.8,0.155,0.358,0.925,Heavy congestion detected - signal timing extended and reroute suggested
EVT454423,2026-02-10 19:41:07,Concert,J011,Indiranagar 100ft Road,10957,Weekday,False,Clear,False,0.0,False,False,0.965,Severe,9.7,69.1,609.2,0.224,0.518,0.917,Heavy congestion detected - signal timing extended and reroute suggested
EVT454424,2026-03-12 23:10:53,Concert,J011,Indiranagar 100ft Road,17274,Weekday,False,Clear,False,0.0,False,False,0.228,Low,36.0,17.7,47.2,0.03,0.069,0.959,Normal free-flow traffic - standard signal timing maintained
EVT454425,2025-12-03 19:16:01,Local Market Day,J009,Majestic,5285,Weekday,False,Clear,False,0.0,False,False,0.905,Severe,10.9,61.0,557.6,0.232,0.536,0.908,Heavy congestion detected - signal timing extended and reroute suggested
EVT454426,2025-12-16 19:41:59,Concert,J023,Basavanagudi,11471,Weekday,False,Clear,False,0.0,False,False,0.902,Severe,12.4,65.0,236.6,0.112,0.259,0.916,Heavy congestion detected - signal timing extended and reroute suggested
EVT454427,2026-03-01 06:42:04,Local Market Day,J011,Indiranagar 100ft Road,5149,Weekend,False,Clear,False,0.0,False,False,0.376,Moderate,24.1,29.1,197.6,0.151,0.349,0.969,Moderate traffic flow - standard adaptive signal timing in effect
EVT454428,2025-11-28 16:39:23,Trade Fair,J023,Basavanagudi,7782,Weekday,False,Light Rain,True,5.6,False,False,0.72,High,16.3,52.7,206.9,0.116,0.268,0.941,Heavy rain reducing visibility and grip - reduced speed and longer buffer advised
EVT454429,2025-12-04 20:26:11,Concert,J040,City Market,12735,Weekday,False,Light Rain,True,2.1,False,False,0.749,High,17.8,52.9,133.0,0.082,0.19,0.924,Heavy rain reducing visibility and grip - reduced speed and longer buffer advised
EVT454430,2025-06-14 08:29:17,Sports Fixture,J023,Basavanagudi,29148,Weekend,False,Clear,False,0.0,False,False,0.926,Severe,11.1,71.9,357.2,0.16,0.369,0.929,Heavy congestion detected - signal timing extended and reroute suggested
EVT454431,2026-06-15 16:19:51,Concert,J011,Indiranagar 100ft Road,11061,Weekday,False,Clear,False,0.0,False,False,0.511,Moderate,20.6,34.2,282.4,0.194,0.449,0.968,Moderate traffic flow - standard adaptive signal timing in effect
EVT454432,2026-06-08 14:53:32,Concert,J012,Koramangala Sony World,5721,Weekday,False,Clear,False,0.0,False,False,0.291,Low,28.3,22.4,70.2,0.042,0.098,0.968,Moderate traffic flow - standard adaptive signal timing in effect
EVT454433,2025-02-17 04:54:49,Sports Fixture,J023,Basavanagudi,21115,Weekday,False,Clear,False,0.0,False,False,0.286,Low,26.3,26.2,157.0,0.132,0.304,0.945,Moderate traffic flow - standard adaptive signal timing in effect
EVT454434,2025-05-08 15:58:27,Concert,J031,Cubbon Road,8806,Weekday,False,Clear,False,0.0,False,False,0.411,Moderate,28.9,22.9,180.7,0.152,0.352,0.95,Moderate traffic flow - standard adaptive signal timing in effect
EVT454435,2025-07-22 20:37:59,Trade Fair,J012,Koramangala Sony World,7635,Weekday,False,Rain,True,17.1,False,False,0.67,High,22.4,47.4,429.7,0.308,0.712,0.902,Heavy rain reducing visibility and grip - reduced speed and longer buffer advised
EVT454436,2025-03-03 16:13:14,Sports Fixture,J009,Majestic,19499,Weekday,False,Clear,False,0.0,False,False,0.531,Moderate,29.1,31.6,79.3,0.064,0.148,0.983,Moderate traffic flow - standard adaptive signal timing in effect
EVT454437,2026-03-08 12:47:06,Local Market Day,J009,Majestic,2916,Weekend,False,Clear,False,0.0,False,False,0.212,Low,32.8,19.2,175.2,0.157,0.363,0.953,Normal free-flow traffic - standard signal timing maintained
EVT454438,2025-03-18 14:46:26,Trade Fair,J031,Cubbon Road,7524,Weekday,False,Clear,False,0.0,False,False,0.191,Low,30.5,11.3,105.6,0.079,0.182,0.98,Normal free-flow traffic - standard signal timing maintained
EVT454439,2025-08-14 12:33:45,Political Rally,J030,MG Road,10086,Weekday,False,Clear,False,0.0,False,False,0.296,Low,26.3,21.0,181.5,0.153,0.354,0.979,Moderate traffic flow - standard adaptive signal timing in effect
EVT454440,2025-02-06 13:15:10,Local Market Day,J012,Koramangala Sony World,3765,Weekday,False,Clear,False,0.0,False,False,0.172,Low,36.7,8.2,93.5,0.085,0.196,0.946,Normal free-flow traffic - standard signal timing maintained
EVT454441,2025-08-04 19:59:37,Sports Fixture,J031,Cubbon Road,17544,Weekday,False,Clear,False,0.0,False,False,0.734,High,15.5,54.7,460.0,0.238,0.549,0.962,Moderate traffic flow - standard adaptive signal timing in effect
EVT454442,2025-03-29 10:01:44,Sports Fixture,J040,City Market,19357,Weekend,False,Clear,False,0.0,False,False,0.822,Severe,14.6,61.4,391.9,0.206,0.477,0.952,Heavy congestion detected - signal timing extended and reroute suggested
EVT454443,2026-06-01 14:43:29,Sports Fixture,J011,Indiranagar 100ft Road,50997,Weekday,False,Heavy Rain,True,38.6,False,False,0.812,Severe,13.8,61.3,244.0,0.14,0.323,0.916,Heavy rain reducing visibility and grip - reduced speed and longer buffer advised
EVT454444,2026-06-24 20:00:26,Concert,J031,Cubbon Road,7498,Weekday,False,Clear,False,0.0,False,False,0.756,Severe,18.3,56.5,175.7,0.121,0.279,0.946,Heavy congestion detected - signal timing extended and reroute suggested
EVT454445,2025-06-26 08:07:32,Sports Fixture,J009,Majestic,23259,Weekday,False,Clear,False,0.0,False,False,1.0,Severe,8.7,67.2,230.1,0.11,0.254,0.915,Heavy congestion detected - signal timing extended and reroute suggested
EVT454446,2026-04-01 18:13:16,Concert,J040,City Market,14263,Weekday,False,Rain,True,18.8,False,False,1.0,Severe,8.4,72.6,523.8,0.179,0.414,0.86,Heavy rain reducing visibility and grip - reduced speed and longer buffer advised
EVT454447,2026-05-08 14:55:08,Local Market Day,J030,MG Road,4038,Weekday,False,Clear,False,0.0,False,False,0.254,Low,29.1,21.5,118.0,0.111,0.256,0.979,Moderate traffic flow - standard adaptive signal timing in effect
EVT454448,2025-05-24 15:03:50,Trade Fair,J009,Majestic,7887,Weekend,False,Clear,False,0.0,False,False,0.345,Low,27.1,30.2,215.2,0.157,0.364,0.952,Moderate traffic flow - standard adaptive signal timing in effect
EVT454449,2025-03-31 16:00:35,Fireworks Display,J011,Indiranagar 100ft Road,19787,Weekday,True,Clear,False,0.0,False,False,0.764,Severe,14.1,61.9,405.3,0.195,0.45,0.919,Festival crowd surge detected - alternate route and extended cycle recommended
EVT454450,2026-05-24 16:35:16,Local Market Day,J023,Basavanagudi,3848,Weekend,False,Rain,True,9.3,False,False,0.678,High,19.3,44.2,188.0,0.105,0.242,0.896,Heavy rain reducing visibility and grip - reduced speed and longer buffer advised
EVT454451,2026-03-05 17:55:14,Religious Festival,J031,Cubbon Road,29672,Weekday,True,Fog,False,0.0,False,False,1.0,Severe,8.3,69.2,583.6,0.202,0.466,0.899,Festival crowd surge detected - alternate route and extended cycle recommended
EVT454452,2026-04-18 21:06:35,Trade Fair,J011,Indiranagar 100ft Road,7496,Weekend,False,Clear,False,0.0,False,False,0.434,Moderate,26.9,26.9,229.8,0.182,0.42,0.976,Moderate traffic flow - standard adaptive signal timing in effect
EVT454453,2026-04-05 11:43:05,Local Market Day,J009,Majestic,6873,Weekend,False,Clear,False,0.0,False,False,0.379,Moderate,29.7,26.8,109.6,0.102,0.237,0.957,Moderate traffic flow - standard adaptive signal timing in effect
EVT454454,2025-06-17 11:25:53,Sports Fixture,J009,Majestic,21735,Weekday,False,Clear,False,0.0,False,False,0.42,Moderate,26.7,25.0,130.4,0.1,0.232,0.966,Moderate traffic flow - standard adaptive signal timing in effect
EVT454455,2026-05-23 18:39:17,Sports Fixture,J020,Malleshwaram Circle,25702,Weekend,False,Clear,False,0.0,False,False,0.971,Severe,8.5,74.9,527.8,0.196,0.452,0.917,Heavy congestion detected - signal timing extended and reroute suggested
EVT454456,2025-04-21 08:08:38,Trade Fair,J012,Koramangala Sony World,9892,Weekday,False,Clear,False,0.0,False,False,0.918,Severe,10.0,66.8,568.2,0.213,0.493,0.938,Heavy congestion detected - signal timing extended and reroute suggested
EVT454457,2025-04-03 17:07:49,Concert,J030,MG Road,9616,Weekday,False,Clear,False,0.0,False,False,0.765,Severe,15.9,62.7,210.7,0.116,0.269,0.978,Heavy congestion detected - signal timing extended and reroute suggested
EVT454458,2025-03-11 06:19:52,Concert,J040,City Market,11372,Weekday,False,Clear,False,0.0,False,False,0.317,Low,27.9,19.4,132.3,0.116,0.267,0.964,Moderate traffic flow - standard adaptive signal timing in effect
EVT454459,2025-11-28 18:23:14,Sports Fixture,J020,Malleshwaram Circle,10225,Weekday,False,Clear,False,0.0,False,False,1.0,Severe,7.9,71.7,429.1,0.151,0.348,0.913,Heavy congestion detected - signal timing extended and reroute suggested
EVT454460,2026-04-13 14:18:12,Sports Fixture,J023,Basavanagudi,19839,Weekday,False,Clear,False,0.0,False,False,0.392,Moderate,25.8,27.2,215.3,0.177,0.408,0.954,Moderate traffic flow - standard adaptive signal timing in effect
EVT454461,2025-10-14 17:28:08,Local Market Day,J009,Majestic,4604,Weekday,False,Clear,False,0.0,False,False,0.884,Severe,11.8,66.8,538.8,0.223,0.514,0.95,Heavy congestion detected - signal timing extended and reroute suggested
EVT454462,2025-04-25 10:08:52,Concert,J009,Majestic,8825,Weekday,False,Clear,False,0.0,False,False,0.775,Severe,14.7,57.6,199.6,0.103,0.237,0.985,Heavy congestion detected - signal timing extended and reroute suggested
EVT454463,2025-04-15 20:04:48,Religious Festival,J040,City Market,26569,Weekday,True,Clear,False,0.0,False,False,0.961,Severe,9.5,69.5,402.5,0.158,0.365,0.869,Festival crowd surge detected - alternate route and extended cycle recommended
EVT454464,2025-11-24 07:11:16,Local Market Day,J040,City Market,4178,Weekday,False,Clear,False,0.0,False,False,0.537,Moderate,20.2,40.9,121.8,0.076,0.175,0.982,Moderate traffic flow - standard adaptive signal timing in effect
EVT454465,2025-10-10 21:48:28,Trade Fair,J023,Basavanagudi,11965,Weekday,False,Clear,False,0.0,False,False,0.311,Low,31.9,14.0,132.2,0.099,0.23,0.974,Moderate traffic flow - standard adaptive signal timing in effect
EVT454466,2025-04-15 08:15:43,Religious Festival,J011,Indiranagar 100ft Road,91484,Weekday,True,Clear,False,0.0,False,True,1.0,Severe,8.1,96.2,444.6,0.154,0.357,0.825,Road closure for event/procession - full detour recommended for through-traffic
EVT454467,2026-02-23 07:41:15,Local Market Day,J030,MG Road,3214,Weekday,False,Clear,False,0.0,False,False,0.687,High,23.5,46.0,227.4,0.174,0.402,0.951,Moderate traffic flow - standard adaptive signal timing in effect
EVT454468,2025-04-09 19:59:55,Political Rally,J031,Cubbon Road,24210,Weekday,False,Clear,False,0.0,False,False,0.82,Severe,15.7,60.1,375.2,0.216,0.499,0.949,Heavy congestion detected - signal timing extended and reroute suggested
EVT454469,2026-01-05 17:07:42,Local Market Day,J009,Majestic,8114,Weekday,False,Clear,False,0.0,False,False,0.828,Severe,16.5,55.1,376.1,0.232,0.536,0.944,Heavy congestion detected - signal timing extended and reroute suggested
EVT454470,2026-04-30 19:03:36,Concert,J040,City Market,11218,Weekday,False,Clear,False,0.0,False,False,0.978,Severe,7.2,69.7,649.4,0.215,0.496,0.92,Heavy congestion detected - signal timing extended and reroute suggested
EVT454471,2026-06-19 08:49:57,Sports Fixture,J030,MG Road,22888,Weekday,False,Heavy Rain,True,35.2,False,False,1.0,Severe,8.2,70.1,474.2,0.177,0.409,0.853,Heavy rain reducing visibility and grip - reduced speed and longer buffer advised
EVT454472,2025-02-08 11:37:01,Trade Fair,J040,City Market,10024,Weekend,False,Clear,False,0.0,False,False,0.376,Moderate,34.9,30.7,98.7,0.098,0.226,0.967,Moderate traffic flow - standard adaptive signal timing in effect
EVT454473,2026-02-19 05:50:02,Local Market Day,J030,MG Road,3059,Weekday,False,Clear,False,0.0,False,False,0.164,Low,39.4,14.3,166.8,0.157,0.363,0.959,Normal free-flow traffic - standard signal timing maintained
EVT454474,2026-02-18 09:56:33,Concert,J012,Koramangala Sony World,8747,Weekday,False,Clear,False,0.0,False,False,0.913,Severe,13.0,63.0,272.1,0.128,0.295,0.963,Heavy congestion detected - signal timing extended and reroute suggested
EVT454475,2026-05-29 09:30:33,Sports Fixture,J020,Malleshwaram Circle,20313,Weekday,False,Heavy Rain,True,38.7,False,False,1.0,Severe,6.8,76.8,488.0,0.174,0.403,0.859,Heavy rain reducing visibility and grip - reduced speed and longer buffer advised
EVT454476,2025-06-17 08:25:03,Trade Fair,J031,Cubbon Road,18757,Weekday,False,Heavy Rain,True,36.4,False,False,1.0,Severe,10.2,74.5,330.5,0.132,0.304,0.869,Heavy rain reducing visibility and grip - reduced speed and longer buffer advised
EVT454477,2026-02-12 18:01:28,Concert,J011,Indiranagar 100ft Road,16753,Weekday,False,Clear,False,0.0,False,False,1.0,Severe,7.3,71.6,524.2,0.167,0.387,0.89,Heavy congestion detected - signal timing extended and reroute suggested
EVT454478,2026-02-24 06:54:42,Trade Fair,J009,Majestic,6931,Weekday,False,Clear,False,0.0,False,False,0.36,Moderate,29.3,16.4,100.7,0.074,0.17,0.964,Moderate traffic flow - standard adaptive signal timing in effect
EVT454479,2025-12-04 18:19:15,Sports Fixture,J031,Cubbon Road,23685,Weekday,False,Clear,False,0.0,False,False,1.0,Severe,11.1,67.3,375.5,0.174,0.402,0.914,Heavy congestion detected - signal timing extended and reroute suggested
EVT454480,2026-05-22 17:07:53,Concert,J012,Koramangala Sony World,12815,Weekday,False,Clear,False,0.0,False,False,0.851,Severe,13.0,67.2,397.9,0.17,0.393,0.915,Heavy congestion detected - signal timing extended and reroute suggested
EVT454481,2025-02-27 19:57:56,Local Market Day,J031,Cubbon Road,4216,Weekday,False,Clear,False,0.0,False,False,0.754,Severe,19.1,56.3,287.8,0.187,0.433,0.955,Heavy congestion detected - signal timing extended and reroute suggested
EVT454482,2025-08-04 20:40:46,Local Market Day,J023,Basavanagudi,4164,Weekday,False,Rain,True,20.4,False,False,0.689,High,16.6,46.1,237.7,0.131,0.303,0.944,Heavy rain reducing visibility and grip - reduced speed and longer buffer advised
EVT454483,2025-11-01 21:48:32,Religious Festival,J040,City Market,37464,Weekend,True,Clear,False,0.0,False,False,0.709,High,16.4,48.4,257.5,0.133,0.308,0.908,Festival crowd surge detected - alternate route and extended cycle recommended
EVT454484,2025-11-07 13:29:50,Local Market Day,J009,Majestic,3720,Weekday,False,Clear,False,0.0,False,False,0.205,Low,31.6,18.8,124.7,0.106,0.245,0.932,Normal free-flow traffic - standard signal timing maintained
EVT454485,2026-06-05 17:30:54,Trade Fair,J031,Cubbon Road,12319,Weekday,False,Clear,False,0.0,False,False,0.896,Severe,15.0,69.2,180.0,0.117,0.27,0.938,Heavy congestion detected - signal timing extended and reroute suggested
EVT454486,2025-07-10 08:14:16,Sports Fixture,J011,Indiranagar 100ft Road,20645,Weekday,False,Clear,False,0.0,False,False,0.952,Severe,10.7,66.8,492.4,0.184,0.425,0.903,Heavy congestion detected - signal timing extended and reroute suggested
EVT454487,2025-05-16 12:33:18,Sports Fixture,J031,Cubbon Road,12689,Weekday,False,Clear,False,0.0,False,False,0.242,Low,40.1,17.7,115.8,0.098,0.227,0.966,Normal free-flow traffic - standard signal timing maintained
EVT454488,2026-06-08 17:07:24,Trade Fair,J020,Malleshwaram Circle,12361,Weekday,False,Heavy Rain,True,48.3,False,False,1.0,Severe,7.0,75.5,838.8,0.234,0.54,0.853,Heavy rain reducing visibility and grip - reduced speed and longer buffer advised
EVT454489,2026-05-11 13:57:44,Concert,J012,Koramangala Sony World,12964,Weekday,False,Rain,True,9.1,False,False,0.349,Low,26.4,22.7,169.0,0.133,0.307,0.905,Light rain detected - minor speed reduction advised
EVT454490,2025-03-07 09:31:07,Local Market Day,J012,Koramangala Sony World,3910,Weekday,False,Clear,False,0.0,False,False,0.933,Severe,9.3,65.7,378.5,0.124,0.286,0.921,Heavy congestion detected - signal timing extended and reroute suggested
EVT454491,2026-04-25 19:14:07,Trade Fair,J031,Cubbon Road,5946,Weekend,False,Clear,False,0.0,False,False,0.812,Severe,14.9,55.6,317.0,0.179,0.414,0.934,Heavy congestion detected - signal timing extended and reroute suggested
EVT454492,2025-02-18 16:35:05,Trade Fair,J031,Cubbon Road,4519,Weekday,False,Clear,False,0.0,False,False,0.607,High,23.4,48.2,197.7,0.141,0.326,0.99,Moderate traffic flow - standard adaptive signal timing in effect
EVT454493,2026-06-24 14:03:45,Local Market Day,J023,Basavanagudi,5820,Weekday,False,Clear,False,0.0,False,False,0.193,Low,34.7,9.3,160.7,0.137,0.316,0.958,Normal free-flow traffic - standard signal timing maintained
EVT454494,2025-07-22 19:31:32,Concert,J012,Koramangala Sony World,8233,Weekday,False,Clear,False,0.0,False,False,0.868,Severe,12.0,63.0,354.3,0.177,0.409,0.945,Heavy congestion detected - signal timing extended and reroute suggested
EVT454495,2025-10-07 09:38:50,Concert,J040,City Market,15266,Weekday,False,Light Rain,True,6.9,False,False,1.0,Severe,7.9,76.3,383.5,0.148,0.341,0.86,Heavy rain reducing visibility and grip - reduced speed and longer buffer advised
EVT454496,2026-02-25 15:53:41,Concert,J009,Majestic,20310,Weekday,False,Clear,False,0.0,False,False,0.467,Moderate,24.1,34.2,145.2,0.085,0.195,0.959,Moderate traffic flow - standard adaptive signal timing in effect
EVT454497,2025-06-25 15:29:03,Concert,J023,Basavanagudi,8129,Weekday,False,Rain,True,22.2,False,False,0.579,High,18.6,35.8,108.4,0.06,0.14,0.898,Heavy rain reducing visibility and grip - reduced speed and longer buffer advised
EVT454498,2026-05-30 19:02:44,Trade Fair,J020,Malleshwaram Circle,8981,Weekend,False,Clear,False,0.0,False,False,0.866,Severe,13.6,62.0,290.2,0.151,0.349,0.931,Heavy congestion detected - signal timing extended and reroute suggested
EVT454499,2026-03-11 08:38:59,Political Rally,J012,Koramangala Sony World,10915,Weekday,False,Clear,False,0.0,False,False,0.929,Severe,9.2,72.5,219.1,0.086,0.198,0.95,Heavy congestion detected - signal timing extended and reroute suggested
EVT454500,2025-09-15 22:13:43,Sports Fixture,J012,Koramangala Sony World,28396,Weekday,False,Light Rain,True,5.3,False,False,0.465,Moderate,28.9,28.9,70.6,0.03,0.068,0.932,Light rain detected - minor speed reduction advised
EVT454501,2026-05-18 08:32:36,Concert,J012,Koramangala Sony World,13620,Weekday,False,Clear,False,0.0,False,False,1.0,Severe,7.8,74.4,593.1,0.199,0.46,0.898,Heavy congestion detected - signal timing extended and reroute suggested
EVT454502,2025-04-17 17:18:41,Trade Fair,J011,Indiranagar 100ft Road,7630,Weekday,False,Clear,False,0.0,False,False,0.802,Severe,14.4,56.9,447.3,0.213,0.493,0.952,Heavy congestion detected - signal timing extended and reroute suggested
EVT454503,2025-09-29 15:33:09,Local Market Day,J012,Koramangala Sony World,3722,Weekday,False,Clear,False,0.0,False,False,0.266,Low,30.8,16.6,219.9,0.173,0.399,0.933,Moderate traffic flow - standard adaptive signal timing in effect
EVT454504,2026-01-30 18:01:42,Political Rally,J030,MG Road,18441,Weekday,False,Clear,False,0.0,False,False,1.0,Severe,9.0,72.0,206.2,0.094,0.216,0.949,Heavy congestion detected - signal timing extended and reroute suggested
EVT454505,2026-05-30 19:41:44,Sports Fixture,J023,Basavanagudi,20934,Weekend,False,Clear,False,0.0,False,False,0.697,High,19.8,53.7,180.4,0.129,0.299,0.962,Moderate traffic flow - standard adaptive signal timing in effect
EVT454506,2025-05-29 19:05:28,Sports Fixture,J040,City Market,31755,Weekday,False,Clear,False,0.0,False,False,1.0,Severe,9.8,78.8,673.5,0.267,0.616,0.889,Heavy congestion detected - signal timing extended and reroute suggested
EVT454507,2025-10-22 13:41:55,Religious Festival,J009,Majestic,37355,Weekday,True,Rain,True,15.8,False,True,0.941,Severe,9.8,94.2,405.8,0.181,0.418,0.809,Road closure for event/procession - full detour recommended for through-traffic
EVT454508,2025-12-08 18:13:45,Concert,J011,Indiranagar 100ft Road,15884,Weekday,False,Clear,False,0.0,False,False,1.0,Severe,8.3,71.8,850.2,0.26,0.6,0.891,Heavy congestion detected - signal timing extended and reroute suggested
EVT454509,2026-04-13 18:54:25,Local Market Day,J040,City Market,5901,Weekday,False,Clear,False,0.0,False,False,1.0,Severe,10.0,73.6,331.3,0.141,0.325,0.915,Heavy congestion detected - signal timing extended and reroute suggested
EVT454510,2025-08-02 17:27:19,Local Market Day,J031,Cubbon Road,3158,Weekend,False,Clear,False,0.0,False,False,0.733,High,15.1,44.6,278.4,0.133,0.306,0.962,Moderate traffic flow - standard adaptive signal timing in effect
EVT454511,2025-09-22 15:02:33,Political Rally,J030,MG Road,8612,Weekday,False,Heavy Rain,True,28.0,False,False,0.603,High,16.4,40.5,307.7,0.158,0.364,0.904,Heavy rain reducing visibility and grip - reduced speed and longer buffer advised
EVT454512,2025-01-12 05:51:05,Sports Fixture,J020,Malleshwaram Circle,30503,Weekend,False,Clear,False,0.0,False,False,0.415,Moderate,25.9,36.1,237.6,0.163,0.377,0.987,Moderate traffic flow - standard adaptive signal timing in effect
EVT454513,2025-07-07 07:02:33,Local Market Day,J031,Cubbon Road,4549,Weekday,False,Clear,False,0.0,False,False,0.464,Moderate,25.5,29.0,162.6,0.12,0.276,0.99,Moderate traffic flow - standard adaptive signal timing in effect
EVT454514,2025-05-25 17:18:46,Trade Fair,J011,Indiranagar 100ft Road,5946,Weekend,False,Rain,True,13.7,False,False,0.915,Severe,10.2,67.4,641.4,0.248,0.573,0.886,Heavy rain reducing visibility and grip - reduced speed and longer buffer advised
EVT454515,2025-05-01 16:22:29,Religious Festival,J020,Malleshwaram Circle,55523,Weekday,True,Clear,False,0.0,False,False,1.0,Severe,8.8,66.2,219.6,0.067,0.155,0.856,Festival crowd surge detected - alternate route and extended cycle recommended
EVT454516,2025-02-12 18:46:41,Local Market Day,J031,Cubbon Road,2501,Weekday,False,Clear,False,0.0,False,False,1.0,Severe,8.9,69.6,599.6,0.239,0.553,0.933,Heavy congestion detected - signal timing extended and reroute suggested
EVT454517,2026-02-12 13:41:47,Concert,J040,City Market,3939,Weekday,False,Fog,False,0.0,False,False,0.174,Low,33.1,10.3,166.8,0.13,0.301,0.964,Normal free-flow traffic - standard signal timing maintained
EVT454518,2025-10-25 09:21:18,Political Rally,J023,Basavanagudi,22657,Weekend,False,Clear,False,0.0,False,False,0.87,Severe,10.6,68.0,443.7,0.169,0.39,0.946,Heavy congestion detected - signal timing extended and reroute suggested
EVT454519,2025-12-26 16:54:27,Religious Festival,J030,MG Road,30460,Weekday,True,Clear,False,0.0,False,True,1.0,Severe,9.1,102.6,597.1,0.235,0.544,0.835,Road closure for event/procession - full detour recommended for through-traffic
EVT454520,2025-07-30 10:39:52,Sports Fixture,J012,Koramangala Sony World,23013,Weekday,False,Clear,False,0.0,False,False,0.656,High,21.9,45.4,233.4,0.151,0.35,0.964,Moderate traffic flow - standard adaptive signal timing in effect
EVT454521,2026-05-27 17:31:09,Trade Fair,J009,Majestic,9464,Weekday,False,Fog,False,0.0,False,False,0.877,Severe,12.8,59.7,370.1,0.185,0.428,0.945,Heavy congestion detected - signal timing extended and reroute suggested
EVT454522,2026-03-21 19:41:55,Political Rally,J020,Malleshwaram Circle,16837,Weekend,False,Clear,False,0.0,False,False,0.755,Severe,15.7,55.9,553.2,0.31,0.716,0.959,Heavy congestion detected - signal timing extended and reroute suggested
EVT454523,2025-04-10 16:42:25,Political Rally,J040,City Market,15203,Weekday,False,Fog,False,0.0,False,False,0.724,High,19.2,52.3,235.9,0.159,0.368,0.984,Moderate traffic flow - standard adaptive signal timing in effect
EVT454524,2025-08-25 17:04:59,Political Rally,J031,Cubbon Road,13809,Weekday,False,Clear,False,0.0,False,False,0.836,Severe,14.4,62.5,585.6,0.286,0.661,0.976,Heavy congestion detected - signal timing extended and reroute suggested
EVT454525,2026-02-22 20:59:53,Political Rally,J030,MG Road,14416,Weekend,False,Clear,False,0.0,False,False,0.543,Moderate,25.6,35.1,267.5,0.2,0.463,0.94,Moderate traffic flow - standard adaptive signal timing in effect
EVT454526,2025-12-17 08:58:14,Local Market Day,J030,MG Road,7032,Weekday,False,Clear,False,0.0,False,False,0.988,Severe,9.0,66.6,528.1,0.186,0.43,0.955,Heavy congestion detected - signal timing extended and reroute suggested
EVT454527,2026-01-04 15:21:17,Concert,J011,Indiranagar 100ft Road,9094,Weekend,False,Clear,False,0.0,False,False,0.242,Low,32.2,24.1,174.4,0.152,0.352,0.96,Normal free-flow traffic - standard signal timing maintained
EVT454528,2026-05-14 08:10:22,Local Market Day,J023,Basavanagudi,4456,Weekday,False,Clear,False,0.0,False,False,0.912,Severe,12.8,68.3,378.9,0.157,0.363,0.925,Heavy congestion detected - signal timing extended and reroute suggested
EVT454529,2025-11-23 14:10:48,Trade Fair,J030,MG Road,7554,Weekend,False,Clear,False,0.0,False,False,0.319,Low,28.8,27.3,169.0,0.135,0.311,0.982,Moderate traffic flow - standard adaptive signal timing in effect
EVT454530,2026-02-02 06:23:28,Sports Fixture,J020,Malleshwaram Circle,34307,Weekday,False,Clear,False,0.0,False,False,0.519,Moderate,24.2,32.6,200.2,0.14,0.324,0.96,Moderate traffic flow - standard adaptive signal timing in effect
EVT454531,2026-02-26 15:53:11,Sports Fixture,J031,Cubbon Road,18585,Weekday,False,Fog,False,0.0,False,False,0.481,Moderate,25.6,28.4,168.7,0.126,0.292,0.95,Moderate traffic flow - standard adaptive signal timing in effect
EVT454532,2025-07-24 14:05:33,Trade Fair,J040,City Market,27709,Weekday,False,Rain,True,20.4,False,False,0.527,Moderate,29.4,36.8,286.8,0.263,0.606,0.903,Light rain detected - minor speed reduction advised
EVT454533,2025-12-16 07:17:32,Sports Fixture,J031,Cubbon Road,31102,Weekday,False,Fog,False,0.0,False,False,0.672,High,12.3,48.9,432.7,0.184,0.425,0.976,Moderate traffic flow - standard adaptive signal timing in effect
EVT454534,2025-10-16 09:31:50,Local Market Day,J023,Basavanagudi,5245,Weekday,False,Clear,False,0.0,False,False,1.0,Severe,8.4,76.2,581.0,0.221,0.511,0.911,Heavy congestion detected - signal timing extended and reroute suggested
EVT454535,2025-02-09 17:29:42,Sports Fixture,J040,City Market,30586,Weekend,False,Clear,False,0.0,False,False,0.993,Severe,9.3,71.6,378.8,0.139,0.322,0.912,Heavy congestion detected - signal timing extended and reroute suggested
EVT454536,2025-07-26 12:25:21,Local Market Day,J031,Cubbon Road,3001,Weekend,False,Clear,False,0.0,False,False,0.225,Low,28.7,14.2,193.4,0.135,0.313,0.948,Normal free-flow traffic - standard signal timing maintained
EVT454537,2025-03-08 09:43:05,Local Market Day,J031,Cubbon Road,3688,Weekend,False,Clear,False,0.0,False,False,0.771,Severe,13.3,62.7,428.4,0.194,0.449,0.954,Heavy congestion detected - signal timing extended and reroute suggested
EVT454538,2025-07-17 16:37:35,Concert,J040,City Market,12175,Weekday,False,Heavy Rain,True,42.4,False,False,0.996,Severe,7.4,65.4,501.5,0.146,0.337,0.883,Heavy rain reducing visibility and grip - reduced speed and longer buffer advised
EVT454539,2025-01-09 10:25:26,Local Market Day,J009,Majestic,4524,Weekday,False,Clear,False,0.0,False,False,0.596,High,16.4,30.5,278.1,0.142,0.329,0.989,Moderate traffic flow - standard adaptive signal timing in effect
EVT454540,2025-10-10 08:29:56,Local Market Day,J011,Indiranagar 100ft Road,4934,Weekday,False,Heavy Rain,True,34.5,False,False,1.0,Severe,7.9,73.0,734.5,0.24,0.554,0.863,Heavy rain reducing visibility and grip - reduced speed and longer buffer advised
EVT454541,2025-11-10 18:03:59,Local Market Day,J030,MG Road,4262,Weekday,False,Clear,False,0.0,False,False,1.0,Severe,8.0,72.9,470.7,0.165,0.381,0.915,Heavy congestion detected - signal timing extended and reroute suggested
EVT454542,2025-04-01 11:23:39,Sports Fixture,J040,City Market,20576,Weekday,False,Clear,False,0.0,False,False,0.374,Moderate,26.7,30.6,207.4,0.138,0.318,0.98,Moderate traffic flow - standard adaptive signal timing in effect
EVT454543,2025-12-01 17:24:30,Local Market Day,J030,MG Road,2786,Weekday,False,Clear,False,0.0,False,False,0.818,Severe,13.6,58.9,267.0,0.14,0.324,0.976,Heavy congestion detected - signal timing extended and reroute suggested
EVT454544,2025-01-06 06:58:59,Sports Fixture,J030,MG Road,20999,Weekday,False,Fog,False,0.0,False,False,0.582,High,20.9,46.8,120.5,0.069,0.159,0.968,Moderate traffic flow - standard adaptive signal timing in effect
EVT454545,2025-01-18 11:48:46,Local Market Day,J009,Majestic,5317,Weekend,False,Clear,False,0.0,False,False,0.238,Low,35.3,15.8,70.2,0.067,0.155,0.984,Normal free-flow traffic - standard signal timing maintained
EVT454546,2025-02-20 17:51:38,Sports Fixture,J023,Basavanagudi,18393,Weekday,False,Clear,False,0.0,False,False,1.0,Severe,9.0,73.9,527.0,0.198,0.457,0.914,Heavy congestion detected - signal timing extended and reroute suggested
EVT454547,2025-03-08 08:44:50,Sports Fixture,J023,Basavanagudi,15022,Weekend,False,Clear,False,0.0,False,False,0.926,Severe,11.4,66.9,489.2,0.231,0.532,0.957,Heavy congestion detected - signal timing extended and reroute suggested
EVT454548,2025-10-23 08:26:46,Trade Fair,J031,Cubbon Road,7536,Weekday,False,Clear,False,0.0,False,False,1.0,Severe,7.6,72.8,215.5,0.088,0.204,0.907,Heavy congestion detected - signal timing extended and reroute suggested
EVT454549,2025-09-20 06:39:27,Local Market Day,J030,MG Road,2648,Weekend,False,Clear,False,0.0,False,False,0.322,Low,32.6,26.3,87.3,0.073,0.168,0.975,Moderate traffic flow - standard adaptive signal timing in effect
EVT454550,2025-12-22 10:07:27,Political Rally,J040,City Market,21907,Weekday,False,Clear,False,0.0,False,False,0.844,Severe,14.9,54.6,283.1,0.156,0.359,0.935,Heavy congestion detected - signal timing extended and reroute suggested
EVT454551,2025-05-17 12:04:16,Concert,J040,City Market,12043,Weekend,False,Clear,False,0.0,False,False,0.358,Moderate,33.4,27.4,179.2,0.165,0.381,0.948,Moderate traffic flow - standard adaptive signal timing in effect
EVT454552,2026-04-20 22:25:05,Political Rally,J030,MG Road,11207,Weekday,False,Clear,False,0.0,False,False,0.26,Low,33.6,21.7,227.4,0.212,0.491,0.976,Moderate traffic flow - standard adaptive signal timing in effect
EVT454553,2025-06-13 17:15:43,Trade Fair,J011,Indiranagar 100ft Road,6782,Weekday,False,Heavy Rain,True,40.8,False,False,1.0,Severe,7.4,75.4,675.4,0.223,0.515,0.878,Heavy rain reducing visibility and grip - reduced speed and longer buffer advised
EVT454554,2025-03-17 18:14:22,Local Market Day,J020,Malleshwaram Circle,4875,Weekday,False,Fog,False,0.0,False,False,0.996,Severe,8.0,69.8,394.9,0.147,0.34,0.914,Heavy congestion detected - signal timing extended and reroute suggested
EVT454555,2025-05-07 21:38:25,Political Rally,J030,MG Road,21879,Weekday,False,Fog,False,0.0,False,False,0.382,Moderate,32.2,34.1,115.1,0.091,0.211,0.962,Moderate traffic flow - standard adaptive signal timing in effect
EVT454556,2025-09-13 17:21:03,Sports Fixture,J040,City Market,29709,Weekend,False,Clear,False,0.0,False,False,0.881,Severe,14.3,58.9,241.0,0.119,0.275,0.933,Heavy congestion detected - signal timing extended and reroute suggested
EVT454557,2026-05-17 09:44:34,Trade Fair,J009,Majestic,4696,Weekend,False,Clear,False,0.0,False,False,0.826,Severe,13.8,47.8,297.3,0.14,0.323,0.958,Heavy congestion detected - signal timing extended and reroute suggested
EVT454558,2025-09-10 17:32:59,Concert,J030,MG Road,14043,Weekday,False,Clear,False,0.0,False,False,0.967,Severe,8.8,65.7,400.1,0.165,0.38,0.916,Heavy congestion detected - signal timing extended and reroute suggested
EVT454559,2026-05-12 07:07:04,Local Market Day,J020,Malleshwaram Circle,4098,Weekday,False,Light Rain,True,5.4,False,False,0.616,High,25.7,47.3,96.0,0.06,0.138,0.925,Heavy rain reducing visibility and grip - reduced speed and longer buffer advised
EVT454560,2025-06-25 17:13:37,Trade Fair,J012,Koramangala Sony World,17204,Weekday,False,Fog,False,0.0,False,False,0.886,Severe,10.5,71.3,516.1,0.211,0.487,0.943,Heavy congestion detected - signal timing extended and reroute suggested
EVT454561,2025-02-27 15:19:39,Concert,J012,Koramangala Sony World,12686,Weekday,False,Clear,False,0.0,False,False,0.358,Moderate,22.7,25.0,143.5,0.078,0.179,0.985,Moderate traffic flow - standard adaptive signal timing in effect
EVT454562,2025-01-23 19:26:32,Sports Fixture,J023,Basavanagudi,37941,Weekday,False,Clear,False,0.0,False,False,1.0,Severe,6.1,72.7,1016.8,0.252,0.583,0.899,Heavy congestion detected - signal timing extended and reroute suggested
EVT454563,2025-07-24 08:37:57,Sports Fixture,J011,Indiranagar 100ft Road,14669,Weekday,False,Clear,False,0.0,False,False,1.0,Severe,8.3,71.4,621.7,0.195,0.45,0.905,Heavy congestion detected - signal timing extended and reroute suggested
EVT454564,2025-06-06 11:13:49,Trade Fair,J030,MG Road,20936,Weekday,False,Clear,False,0.0,False,False,0.492,Moderate,24.7,36.2,250.6,0.177,0.41,0.947,Moderate traffic flow - standard adaptive signal timing in effect
EVT454565,2025-09-05 07:03:55,Cultural Procession,J040,City Market,12331,Weekday,True,Clear,False,0.0,False,False,0.626,High,24.4,55.8,223.0,0.162,0.373,0.892,Festival crowd surge detected - alternate route and extended cycle recommended
EVT454566,2026-06-01 14:01:14,Local Market Day,J040,City Market,4683,Weekday,False,Clear,False,0.0,False,False,0.234,Low,21.4,18.0,81.3,0.048,0.111,0.954,Normal free-flow traffic - standard signal timing maintained
EVT454567,2025-05-17 10:08:36,Trade Fair,J011,Indiranagar 100ft Road,9721,Weekend,False,Clear,False,0.0,False,False,0.676,High,18.6,46.0,301.4,0.186,0.43,0.99,Moderate traffic flow - standard adaptive signal timing in effect
EVT454568,2025-03-05 13:06:20,Trade Fair,J012,Koramangala Sony World,11897,Weekday,False,Clear,False,0.0,False,False,0.262,Low,30.2,21.0,122.6,0.103,0.239,0.957,Moderate traffic flow - standard adaptive signal timing in effect
EVT454569,2026-02-10 11:42:55,Political Rally,J030,MG Road,23446,Weekday,False,Clear,False,0.0,False,False,0.423,Moderate,23.7,27.7,106.2,0.072,0.167,0.951,Moderate traffic flow - standard adaptive signal timing in effect
EVT454570,2026-02-28 15:25:24,Sports Fixture,J030,MG Road,14476,Weekend,False,Fog,False,0.0,False,False,0.462,Moderate,27.0,32.1,96.2,0.071,0.164,0.968,Moderate traffic flow - standard adaptive signal timing in effect
EVT454571,2025-08-03 09:17:59,Political Rally,J040,City Market,17235,Weekend,False,Rain,True,23.2,False,False,1.0,Severe,8.0,73.8,525.2,0.169,0.39,0.844,Heavy rain reducing visibility and grip - reduced speed and longer buffer advised
EVT454572,2025-06-18 09:40:25,Sports Fixture,J031,Cubbon Road,19575,Weekday,False,Clear,False,0.0,False,False,0.984,Severe,8.2,73.6,552.0,0.191,0.442,0.921,Heavy congestion detected - signal timing extended and reroute suggested
EVT454573,2025-06-08 11:20:47,Local Market Day,J020,Malleshwaram Circle,4422,Weekend,False,Fog,False,0.0,False,False,0.349,Low,28.2,33.9,184.9,0.146,0.338,0.95,Moderate traffic flow - standard adaptive signal timing in effect
EVT454574,2025-03-10 17:12:56,Concert,J011,Indiranagar 100ft Road,6179,Weekday,False,Fog,False,0.0,False,False,0.819,Severe,12.0,53.0,495.8,0.203,0.468,0.954,Heavy congestion detected - signal timing extended and reroute suggested
EVT454575,2026-06-01 17:27:06,Concert,J030,MG Road,9454,Weekday,False,Rain,True,9.8,True,False,1.0,Severe,7.5,77.2,845.9,0.257,0.593,0.699,Accident detected nearby - reroute and reduced speed advised
EVT454576,2025-03-11 07:55:08,Sports Fixture,J012,Koramangala Sony World,30953,Weekday,False,Clear,False,0.0,False,False,0.903,Severe,14.6,59.2,415.3,0.211,0.487,0.929,Heavy congestion detected - signal timing extended and reroute suggested
EVT454577,2026-06-17 12:40:31,Local Market Day,J012,Koramangala Sony World,5216,Weekday,False,Rain,True,16.6,False,False,0.358,Moderate,32.6,22.9,77.0,0.052,0.12,0.923,Light rain detected - minor speed reduction advised
EVT454578,2025-07-03 19:49:53,Local Market Day,J040,City Market,4230,Weekday,False,Heavy Rain,True,36.3,False,False,1.0,Severe,9.1,69.1,845.4,0.305,0.706,0.866,Heavy rain reducing visibility and grip - reduced speed and longer buffer advised
EVT454579,2026-02-07 14:52:42,Sports Fixture,J023,Basavanagudi,27990,Weekend,False,Clear,False,0.0,False,False,0.478,Moderate,29.1,30.4,152.6,0.132,0.305,0.969,Moderate traffic flow - standard adaptive signal timing in effect
EVT454580,2025-02-04 08:46:20,Sports Fixture,J020,Malleshwaram Circle,53517,Weekday,False,Clear,False,0.0,False,False,1.0,Severe,8.1,76.6,656.5,0.21,0.486,0.916,Heavy congestion detected - signal timing extended and reroute suggested
EVT454581,2026-01-20 19:33:54,Sports Fixture,J023,Basavanagudi,19046,Weekday,False,Clear,False,0.0,False,False,0.908,Severe,8.9,62.4,515.5,0.191,0.442,0.954,Heavy congestion detected - signal timing extended and reroute suggested
EVT454582,2026-04-23 18:28:06,Sports Fixture,J031,Cubbon Road,21165,Weekday,False,Clear,False,0.0,False,False,1.0,Severe,7.5,79.4,706.6,0.221,0.51,0.916,Heavy congestion detected - signal timing extended and reroute suggested
EVT454583,2025-10-31 11:01:27,Sports Fixture,J009,Majestic,17438,Weekday,False,Rain,True,23.4,False,False,0.743,High,11.4,57.5,534.7,0.23,0.531,0.901,Heavy rain reducing visibility and grip - reduced speed and longer buffer advised
EVT454584,2025-02-21 17:59:35,Trade Fair,J031,Cubbon Road,6759,Weekday,False,Clear,False,0.0,False,False,0.934,Severe,7.6,68.0,584.4,0.186,0.429,0.904,Heavy congestion detected - signal timing extended and reroute suggested
EVT454585,2025-08-22 12:48:25,Local Market Day,J030,MG Road,3836,Weekday,False,Clear,False,0.0,False,False,0.238,Low,32.9,19.7,157.4,0.133,0.308,0.967,Normal free-flow traffic - standard signal timing maintained
EVT454586,2025-05-11 09:35:44,Sports Fixture,J023,Basavanagudi,12632,Weekend,False,Clear,False,0.0,False,False,0.884,Severe,12.8,68.0,440.8,0.218,0.505,0.927,Heavy congestion detected - signal timing extended and reroute suggested
EVT454587,2025-12-09 17:21:52,Trade Fair,J031,Cubbon Road,6996,Weekday,False,Clear,False,0.0,False,False,0.828,Severe,15.5,60.0,302.7,0.172,0.397,0.947,Heavy congestion detected - signal timing extended and reroute suggested
EVT454588,2025-04-29 18:00:55,Sports Fixture,J012,Koramangala Sony World,37372,Weekday,False,Clear,False,0.0,False,False,1.0,Severe,6.7,71.9,634.4,0.183,0.423,0.951,Heavy congestion detected - signal timing extended and reroute suggested
EVT454589,2026-06-02 18:00:13,Concert,J040,City Market,13824,Weekday,False,Clear,False,0.0,False,False,1.0,Severe,9.5,74.7,509.7,0.194,0.449,0.881,Heavy congestion detected - signal timing extended and reroute suggested
EVT454590,2026-06-08 07:25:51,Political Rally,J012,Koramangala Sony World,16577,Weekday,False,Clear,False,0.0,False,False,0.628,High,21.6,43.6,160.3,0.108,0.249,0.963,Moderate traffic flow - standard adaptive signal timing in effect
EVT454591,2025-09-18 13:19:20,Local Market Day,J040,City Market,4162,Weekday,False,Clear,False,0.0,False,False,0.292,Low,28.1,20.2,158.5,0.1,0.231,0.964,Moderate traffic flow - standard adaptive signal timing in effect
EVT454592,2025-05-12 08:11:23,Local Market Day,J030,MG Road,3781,Weekday,False,Rain,True,21.7,False,False,1.0,Severe,8.1,71.4,344.1,0.126,0.292,0.867,Heavy rain reducing visibility and grip - reduced speed and longer buffer advised
EVT454593,2025-08-01 16:28:41,Political Rally,J023,Basavanagudi,14159,Weekday,False,Clear,False,0.0,False,False,0.614,High,14.8,42.1,303.2,0.138,0.319,0.952,Moderate traffic flow - standard adaptive signal timing in effect
EVT454594,2025-05-29 11:29:26,Sports Fixture,J009,Majestic,25009,Weekday,False,Clear,False,0.0,True,False,0.819,Severe,13.5,61.9,139.2,0.066,0.153,0.763,Accident detected nearby - reroute and reduced speed advised
EVT454595,2026-06-10 09:19:41,Local Market Day,J009,Majestic,3245,Weekday,False,Heavy Rain,True,33.0,False,False,1.0,Severe,7.7,77.7,476.9,0.17,0.394,0.869,Heavy rain reducing visibility and grip - reduced speed and longer buffer advised
EVT454596,2026-06-24 18:13:58,Sports Fixture,J031,Cubbon Road,19048,Weekday,False,Heavy Rain,True,102.0,False,False,1.0,Severe,9.0,74.4,965.7,0.328,0.757,0.862,Heavy rain reducing visibility and grip - reduced speed and longer buffer advised
EVT454597,2025-08-01 06:16:21,Trade Fair,J023,Basavanagudi,9870,Weekday,False,Heavy Rain,True,52.6,False,False,0.605,High,21.0,44.4,242.7,0.143,0.329,0.928,Heavy rain reducing visibility and grip - reduced speed and longer buffer advised
EVT454598,2026-01-14 12:43:53,Fireworks Display,J011,Indiranagar 100ft Road,27869,Weekday,True,Clear,False,0.0,False,False,0.575,High,21.7,43.8,114.9,0.08,0.185,0.894,Festival crowd surge detected - alternate route and extended cycle recommended
EVT454599,2025-07-06 09:12:47,Local Market Day,J031,Cubbon Road,6317,Weekend,False,Clear,False,0.0,False,False,0.899,Severe,10.7,58.8,265.0,0.124,0.287,0.908,Heavy congestion detected - signal timing extended and reroute suggested
EVT454600,2025-06-22 09:52:45,Trade Fair,J023,Basavanagudi,11775,Weekend,False,Clear,False,0.0,False,False,0.747,High,20.1,53.8,173.0,0.11,0.253,0.967,Moderate traffic flow - standard adaptive signal timing in effect
EVT454601,2026-02-27 07:55:27,Sports Fixture,J020,Malleshwaram Circle,26780,Weekday,False,Clear,False,0.0,False,False,0.809,Severe,12.1,60.7,440.4,0.206,0.476,0.943,Heavy congestion detected - signal timing extended and reroute suggested
EVT454602,2025-12-15 18:44:10,Local Market Day,J030,MG Road,8627,Weekday,False,Clear,False,0.0,False,False,1.0,Severe,10.1,65.4,474.5,0.183,0.423,0.89,Heavy congestion detected - signal timing extended and reroute suggested
EVT454603,2025-11-20 14:46:27,Sports Fixture,J011,Indiranagar 100ft Road,69508,Weekday,False,Clear,False,0.0,False,False,0.575,High,20.9,41.2,168.1,0.111,0.257,0.99,Moderate traffic flow - standard adaptive signal timing in effect
EVT454604,2026-02-20 07:00:14,Sports Fixture,J040,City Market,30920,Weekday,False,Clear,False,0.0,False,False,0.661,High,19.0,51.3,350.7,0.229,0.529,0.985,Moderate traffic flow - standard adaptive signal timing in effect
EVT454605,2025-09-29 22:05:51,Trade Fair,J020,Malleshwaram Circle,8405,Weekday,False,Rain,True,14.7,False,False,0.408,Moderate,18.6,23.2,170.3,0.1,0.23,0.914,Light rain detected - minor speed reduction advised
EVT454606,2026-06-19 08:30:17,Trade Fair,J009,Majestic,10094,Weekday,False,Clear,False,0.0,False,False,1.0,Severe,10.0,72.6,289.5,0.119,0.276,0.912,Heavy congestion detected - signal timing extended and reroute suggested
EVT454607,2025-03-28 12:36:24,Concert,J030,MG Road,9983,Weekday,False,Clear,False,0.0,False,False,0.188,Low,39.9,15.7,120.6,0.132,0.306,0.959,Normal free-flow traffic - standard signal timing maintained
EVT454608,2025-02-19 14:56:18,Trade Fair,J020,Malleshwaram Circle,14347,Weekday,False,Clear,False,0.0,False,False,0.282,Low,23.0,17.4,207.3,0.141,0.325,0.942,Moderate traffic flow - standard adaptive signal timing in effect
EVT454609,2025-04-05 06:51:19,Concert,J031,Cubbon Road,13963,Weekend,False,Clear,False,0.0,False,False,0.476,Moderate,22.1,31.5,430.1,0.284,0.655,0.985,Moderate traffic flow - standard adaptive signal timing in effect
EVT454610,2026-05-04 18:09:52,Concert,J012,Koramangala Sony World,7994,Weekday,False,Clear,False,0.0,False,False,1.0,Severe,8.7,72.3,678.7,0.249,0.576,0.931,Heavy congestion detected - signal timing extended and reroute suggested
EVT454611,2026-06-27 18:29:12,Trade Fair,J040,City Market,9966,Weekend,False,Clear,False,0.0,False,False,0.907,Severe,11.2,67.8,662.4,0.257,0.595,0.916,Heavy congestion detected - signal timing extended and reroute suggested
EVT454612,2025-12-13 08:58:50,Concert,J009,Majestic,13135,Weekend,False,Clear,False,0.0,False,False,0.976,Severe,10.5,67.2,717.1,0.282,0.651,0.921,Heavy congestion detected - signal timing extended and reroute suggested
EVT454613,2025-06-02 17:04:51,Political Rally,J031,Cubbon Road,13688,Weekday,False,Clear,False,0.0,False,False,0.778,Severe,17.5,50.3,210.8,0.123,0.284,0.948,Heavy congestion detected - signal timing extended and reroute suggested
EVT454614,2026-03-17 20:23:16,Local Market Day,J009,Majestic,3374,Weekday,False,Clear,False,0.0,False,False,0.632,High,19.8,45.9,218.3,0.131,0.302,0.981,Moderate traffic flow - standard adaptive signal timing in effect
EVT454615,2025-08-13 17:34:01,Concert,J011,Indiranagar 100ft Road,8718,Weekday,False,Heavy Rain,True,60.8,False,False,1.0,Severe,7.9,75.5,1014.8,0.308,0.713,0.855,Heavy rain reducing visibility and grip - reduced speed and longer buffer advised
EVT454616,2025-04-16 21:46:27,Sports Fixture,J020,Malleshwaram Circle,26417,Weekday,False,Clear,False,0.0,False,False,0.366,Moderate,27.4,26.0,188.1,0.148,0.343,0.966,Moderate traffic flow - standard adaptive signal timing in effect
EVT454617,2025-06-11 12:11:59,Trade Fair,J023,Basavanagudi,5541,Weekday,False,Clear,False,0.0,False,False,0.276,Low,27.0,20.6,247.8,0.166,0.383,0.945,Moderate traffic flow - standard adaptive signal timing in effect
EVT454618,2025-11-28 15:17:26,Local Market Day,J031,Cubbon Road,4010,Weekday,False,Clear,False,0.0,False,False,0.336,Low,28.2,21.9,136.3,0.12,0.277,0.99,Moderate traffic flow - standard adaptive signal timing in effect
EVT454619,2026-03-14 19:43:38,Local Market Day,J030,MG Road,3424,Weekend,False,Clear,False,0.0,False,False,0.69,High,17.0,50.3,217.1,0.121,0.28,0.987,Moderate traffic flow - standard adaptive signal timing in effect
EVT454620,2026-06-07 07:58:18,Concert,J020,Malleshwaram Circle,14912,Weekend,False,Light Rain,True,1.7,False,False,0.82,Severe,16.0,59.2,299.7,0.186,0.429,0.892,Heavy rain reducing visibility and grip - reduced speed and longer buffer advised
EVT454621,2025-06-19 10:48:44,Concert,J031,Cubbon Road,6743,Weekday,False,Clear,False,0.0,False,False,0.51,Moderate,21.8,32.3,76.5,0.043,0.099,0.984,Moderate traffic flow - standard adaptive signal timing in effect
EVT454622,2025-11-06 19:46:23,Trade Fair,J023,Basavanagudi,8486,Weekday,False,Clear,False,0.0,False,False,0.875,Severe,13.9,58.9,391.5,0.19,0.438,0.917,Heavy congestion detected - signal timing extended and reroute suggested
EVT454623,2026-01-13 19:51:15,Trade Fair,J009,Majestic,7019,Weekday,False,Clear,False,0.0,False,False,0.852,Severe,11.8,59.7,361.8,0.169,0.391,0.964,Heavy congestion detected - signal timing extended and reroute suggested
EVT454624,2025-01-16 18:22:32,Political Rally,J040,City Market,19186,Weekday,False,Clear,False,0.0,False,False,1.0,Severe,9.1,70.3,622.3,0.223,0.515,0.929,Heavy congestion detected - signal timing extended and reroute suggested
EVT454625,2026-03-01 07:45:18,Local Market Day,J012,Koramangala Sony World,4561,Weekend,False,Fog,False,0.0,False,False,0.619,High,19.0,47.0,264.7,0.168,0.387,0.939,Moderate traffic flow - standard adaptive signal timing in effect
EVT454626,2025-09-30 01:55:27,Political Rally,J020,Malleshwaram Circle,21054,Weekday,False,Clear,False,0.0,False,False,0.273,Low,25.6,17.4,148.5,0.112,0.258,0.967,Moderate traffic flow - standard adaptive signal timing in effect
EVT454627,2025-11-30 21:23:51,Concert,J023,Basavanagudi,16589,Weekend,False,Light Rain,True,3.0,False,False,0.455,Moderate,31.0,34.5,84.2,0.067,0.155,0.91,Light rain detected - minor speed reduction advised
EVT454628,2026-02-06 12:53:28,Local Market Day,J020,Malleshwaram Circle,6822,Weekday,False,Clear,False,0.0,False,False,0.235,Low,30.4,18.0,142.3,0.107,0.248,0.962,Normal free-flow traffic - standard signal timing maintained
EVT454629,2025-10-17 07:36:25,Concert,J011,Indiranagar 100ft Road,8914,Weekday,False,Clear,False,0.0,False,False,0.654,High,16.6,44.8,324.8,0.184,0.425,0.976,Moderate traffic flow - standard adaptive signal timing in effect
EVT454630,2025-03-06 20:43:29,Political Rally,J012,Koramangala Sony World,17463,Weekday,False,Clear,False,0.0,False,False,0.587,High,20.5,33.6,230.7,0.133,0.307,0.979,Moderate traffic flow - standard adaptive signal timing in effect
EVT454631,2026-04-03 05:34:36,Political Rally,J031,Cubbon Road,16471,Weekday,False,Clear,False,0.0,False,False,0.236,Low,32.6,20.1,140.3,0.117,0.271,0.977,Normal free-flow traffic - standard signal timing maintained
EVT454632,2025-04-27 17:22:54,Local Market Day,J011,Indiranagar 100ft Road,3082,Weekend,False,Clear,False,0.0,False,False,0.818,Severe,15.5,60.6,415.5,0.223,0.516,0.951,Heavy congestion detected - signal timing extended and reroute suggested
EVT454633,2025-08-17 07:32:42,Local Market Day,J012,Koramangala Sony World,2549,Weekend,False,Clear,False,0.0,False,False,0.543,Moderate,22.2,35.9,164.2,0.126,0.291,0.97,Moderate traffic flow - standard adaptive signal timing in effect
EVT454634,2025-03-12 13:02:01,Trade Fair,J009,Majestic,13274,Weekday,False,Clear,False,0.0,False,False,0.214,Low,30.2,13.9,138.3,0.111,0.255,0.98,Normal free-flow traffic - standard signal timing maintained
EVT454635,2026-03-04 19:54:45,Religious Festival,J020,Malleshwaram Circle,43076,Weekday,True,Fog,False,0.0,False,False,1.0,Severe,7.7,80.9,545.1,0.195,0.451,0.851,Festival crowd surge detected - alternate route and extended cycle recommended
EVT454636,2025-07-03 10:12:45,Sports Fixture,J011,Indiranagar 100ft Road,35324,Weekday,False,Clear,False,0.0,False,False,0.969,Severe,9.5,68.0,579.6,0.235,0.543,0.924,Heavy congestion detected - signal timing extended and reroute suggested
EVT454637,2025-08-25 08:46:11,Sports Fixture,J009,Majestic,27550,Weekday,False,Clear,False,0.0,False,False,1.0,Severe,9.1,69.2,343.7,0.113,0.261,0.902,Heavy congestion detected - signal timing extended and reroute suggested
EVT454638,2026-04-29 04:09:05,Sports Fixture,J040,City Market,16964,Weekday,False,Clear,False,0.0,False,False,0.25,Low,28.5,20.1,164.8,0.128,0.295,0.951,Normal free-flow traffic - standard signal timing maintained
EVT454639,2026-04-05 09:01:36,Trade Fair,J023,Basavanagudi,8366,Weekend,False,Clear,False,0.0,False,False,0.876,Severe,13.5,62.0,188.6,0.088,0.203,0.943,Heavy congestion detected - signal timing extended and reroute suggested
EVT454640,2025-05-17 17:15:33,Sports Fixture,J030,MG Road,21511,Weekend,False,Clear,False,0.0,False,False,0.813,Severe,14.1,57.6,247.9,0.105,0.243,0.96,Heavy congestion detected - signal timing extended and reroute suggested
EVT454641,2025-11-14 11:03:57,Trade Fair,J023,Basavanagudi,9918,Weekday,False,Clear,False,0.0,False,False,0.493,Moderate,30.3,38.5,186.8,0.175,0.405,0.98,Moderate traffic flow - standard adaptive signal timing in effect
EVT454642,2025-09-02 15:49:39,Local Market Day,J020,Malleshwaram Circle,4031,Weekday,False,Clear,False,0.0,False,False,0.407,Moderate,29.5,27.0,174.7,0.146,0.338,0.963,Moderate traffic flow - standard adaptive signal timing in effect
EVT454643,2025-03-07 17:09:17,Local Market Day,J011,Indiranagar 100ft Road,4452,Weekday,False,Clear,False,0.0,False,False,0.794,Severe,11.3,52.1,200.5,0.104,0.24,0.965,Heavy congestion detected - signal timing extended and reroute suggested
EVT454644,2025-09-05 11:44:42,Religious Festival,J012,Koramangala Sony World,51016,Weekday,True,Rain,True,21.0,False,True,1.0,Severe,8.8,94.4,553.2,0.206,0.475,0.786,Road closure for event/procession - full detour recommended for through-traffic
EVT454645,2025-02-20 17:22:48,Trade Fair,J009,Majestic,6286,Weekday,False,Clear,False,0.0,False,False,0.908,Severe,11.9,62.9,248.7,0.116,0.267,0.914,Heavy congestion detected - signal timing extended and reroute suggested
EVT454646,2025-12-01 12:21:38,Concert,J011,Indiranagar 100ft Road,10607,Weekday,False,Clear,False,0.0,False,False,0.169,Low,38.3,14.1,157.4,0.127,0.292,0.963,Normal free-flow traffic - standard signal timing maintained
EVT454647,2025-01-09 17:14:30,Sports Fixture,J009,Majestic,19886,Weekday,False,Clear,False,0.0,False,False,0.88,Severe,12.7,66.9,238.0,0.118,0.273,0.946,Heavy congestion detected - signal timing extended and reroute suggested
EVT454648,2025-07-28 15:35:50,Concert,J011,Indiranagar 100ft Road,22466,Weekday,False,Light Rain,True,4.9,False,False,0.544,Moderate,22.2,38.0,166.5,0.117,0.27,0.899,Light rain detected - minor speed reduction advised
EVT454649,2025-03-20 09:02:26,Sports Fixture,J009,Majestic,23168,Weekday,False,Clear,False,0.0,False,False,1.0,Severe,7.5,63.8,696.8,0.208,0.48,0.914,Heavy congestion detected - signal timing extended and reroute suggested
EVT454650,2026-04-18 11:37:52,Concert,J030,MG Road,13461,Weekend,False,Rain,True,9.5,False,False,0.517,Moderate,24.0,40.1,199.4,0.12,0.277,0.929,Light rain detected - minor speed reduction advised
EVT454651,2026-05-24 16:57:07,Local Market Day,J020,Malleshwaram Circle,6487,Weekend,False,Clear,False,0.0,False,False,0.728,High,16.9,55.4,404.4,0.223,0.515,0.966,Moderate traffic flow - standard adaptive signal timing in effect
EVT454652,2026-03-11 18:45:40,Political Rally,J009,Majestic,9352,Weekday,False,Clear,False,0.0,False,False,1.0,Severe,7.9,71.2,794.4,0.255,0.588,0.898,Heavy congestion detected - signal timing extended and reroute suggested
EVT454653,2025-11-17 18:42:41,Trade Fair,J040,City Market,13085,Weekday,False,Clear,False,0.0,False,False,1.0,Severe,8.5,72.1,832.0,0.314,0.726,0.93,Heavy congestion detected - signal timing extended and reroute suggested
EVT454654,2025-02-04 11:09:42,Concert,J012,Koramangala Sony World,13276,Weekday,False,Clear,False,0.0,False,False,0.505,Moderate,21.9,34.9,145.3,0.09,0.208,0.935,Moderate traffic flow - standard adaptive signal timing in effect
EVT454655,2026-06-10 01:15:32,Local Market Day,J040,City Market,7776,Weekday,False,Light Rain,True,6.6,False,False,0.309,Low,31.0,20.1,104.5,0.092,0.214,0.925,Light rain detected - minor speed reduction advised
EVT454656,2026-05-22 19:17:14,Concert,J012,Koramangala Sony World,32127,Weekday,False,Clear,False,0.0,False,False,1.0,Severe,7.0,70.0,608.9,0.172,0.397,0.941,Heavy congestion detected - signal timing extended and reroute suggested
EVT454657,2025-01-18 14:40:06,Concert,J023,Basavanagudi,8194,Weekend,False,Clear,False,0.0,False,False,0.364,Moderate,33.9,27.3,85.7,0.07,0.161,0.959,Moderate traffic flow - standard adaptive signal timing in effect
EVT454658,2026-03-03 10:09:00,Concert,J030,MG Road,12229,Weekday,False,Clear,False,0.0,False,False,0.82,Severe,14.5,58.1,273.7,0.13,0.3,0.956,Heavy congestion detected - signal timing extended and reroute suggested
EVT454659,2026-04-02 19:29:11,Political Rally,J009,Majestic,15675,Weekday,False,Rain,True,16.7,False,False,1.0,Severe,9.2,75.7,618.6,0.249,0.576,0.855,Heavy rain reducing visibility and grip - reduced speed and longer buffer advised
EVT454660,2026-04-16 20:28:47,Sports Fixture,J012,Koramangala Sony World,13842,Weekday,False,Clear,False,0.0,False,False,0.551,High,25.3,47.4,234.1,0.169,0.39,0.983,Moderate traffic flow - standard adaptive signal timing in effect
EVT454661,2026-06-12 14:41:55,Sports Fixture,J009,Majestic,8323,Weekday,False,Clear,False,0.0,False,False,0.267,Low,37.9,22.6,145.9,0.127,0.294,0.961,Moderate traffic flow - standard adaptive signal timing in effect
EVT454662,2025-04-10 09:12:26,Concert,J011,Indiranagar 100ft Road,11138,Weekday,False,Clear,False,0.0,False,False,0.985,Severe,9.0,74.3,623.8,0.225,0.519,0.906,Heavy congestion detected - signal timing extended and reroute suggested
EVT454663,2025-02-24 01:41:20,Sports Fixture,J020,Malleshwaram Circle,17098,Weekday,False,Clear,False,0.0,False,False,0.214,Low,27.3,15.1,80.9,0.042,0.098,0.97,Normal free-flow traffic - standard signal timing maintained
EVT454664,2026-04-03 19:36:25,Trade Fair,J012,Koramangala Sony World,4231,Weekday,False,Clear,False,0.0,False,False,0.834,Severe,11.8,68.3,314.0,0.134,0.309,0.949,Heavy congestion detected - signal timing extended and reroute suggested
EVT454665,2025-01-03 07:34:34,Political Rally,J009,Majestic,29116,Weekday,False,Clear,False,0.0,False,False,0.717,High,20.2,47.4,236.0,0.156,0.36,0.956,Moderate traffic flow - standard adaptive signal timing in effect
EVT454666,2026-03-03 19:14:55,Political Rally,J040,City Market,7845,Weekday,False,Clear,False,0.0,False,False,1.0,Severe,9.5,68.9,465.2,0.175,0.403,0.928,Heavy congestion detected - signal timing extended and reroute suggested
EVT454667,2025-09-24 08:18:52,Local Market Day,J020,Malleshwaram Circle,5239,Weekday,False,Clear,False,0.0,False,False,0.925,Severe,7.9,64.1,522.8,0.166,0.384,0.936,Heavy congestion detected - signal timing extended and reroute suggested
EVT454668,2025-03-24 14:07:52,Sports Fixture,J031,Cubbon Road,29663,Weekday,False,Clear,False,0.0,False,False,0.346,Low,26.6,33.0,165.6,0.11,0.253,0.969,Moderate traffic flow - standard adaptive signal timing in effect
EVT454669,2025-04-14 09:54:15,Cultural Procession,J011,Indiranagar 100ft Road,19207,Weekday,True,Fog,False,0.0,False,True,1.0,Severe,6.0,99.3,878.9,0.228,0.526,0.833,Road closure for event/procession - full detour recommended for through-traffic
EVT454670,2025-02-02 07:55:33,Trade Fair,J031,Cubbon Road,7275,Weekend,False,Clear,False,0.0,False,False,0.768,Severe,14.3,55.6,322.1,0.162,0.374,0.974,Heavy congestion detected - signal timing extended and reroute suggested
EVT454671,2026-03-16 07:42:24,Local Market Day,J040,City Market,2338,Weekday,False,Clear,False,0.0,False,False,0.715,High,17.4,43.9,296.7,0.167,0.386,0.981,Moderate traffic flow - standard adaptive signal timing in effect
EVT454672,2025-02-18 13:03:40,Concert,J020,Malleshwaram Circle,10940,Weekday,False,Clear,False,0.0,False,False,0.153,Low,34.5,12.2,148.7,0.136,0.314,0.933,Normal free-flow traffic - standard signal timing maintained
EVT454673,2025-04-28 06:30:54,Sports Fixture,J009,Majestic,14598,Weekday,False,Clear,False,0.0,False,False,0.367,Moderate,23.4,29.0,125.2,0.071,0.165,0.977,Moderate traffic flow - standard adaptive signal timing in effect
EVT454674,2025-08-28 09:22:19,Religious Festival,J020,Malleshwaram Circle,42402,Weekday,True,Clear,False,0.0,False,False,1.0,Severe,9.1,70.9,558.5,0.22,0.508,0.842,Festival crowd surge detected - alternate route and extended cycle recommended
EVT454675,2026-02-09 18:24:02,Sports Fixture,J020,Malleshwaram Circle,25988,Weekday,False,Clear,False,0.0,False,False,1.0,Severe,10.5,72.5,575.9,0.236,0.546,0.898,Heavy congestion detected - signal timing extended and reroute suggested
EVT454676,2025-07-03 07:19:32,Local Market Day,J012,Koramangala Sony World,2377,Weekday,False,Clear,False,0.0,False,False,0.522,Moderate,24.3,36.6,181.4,0.117,0.27,0.964,Moderate traffic flow - standard adaptive signal timing in effect
EVT454677,2026-01-29 08:25:52,Local Market Day,J020,Malleshwaram Circle,4013,Weekday,False,Clear,False,0.0,False,False,1.0,Severe,8.6,73.9,311.5,0.126,0.29,0.908,Heavy congestion detected - signal timing extended and reroute suggested
EVT454678,2026-03-17 12:47:33,Trade Fair,J031,Cubbon Road,12970,Weekday,False,Clear,False,0.0,False,False,0.31,Low,31.8,20.5,101.0,0.076,0.175,0.976,Moderate traffic flow - standard adaptive signal timing in effect
EVT454679,2025-10-01 13:04:40,Sports Fixture,J031,Cubbon Road,19778,Weekday,False,Clear,False,0.0,False,False,0.324,Low,29.7,17.1,188.7,0.184,0.426,0.98,Moderate traffic flow - standard adaptive signal timing in effect
EVT454680,2026-01-13 20:44:16,Trade Fair,J030,MG Road,19135,Weekday,False,Clear,False,0.0,False,False,0.607,High,21.6,43.3,305.4,0.202,0.466,0.976,Moderate traffic flow - standard adaptive signal timing in effect
EVT454681,2026-01-24 18:32:40,Trade Fair,J012,Koramangala Sony World,11851,Weekend,False,Clear,False,0.0,False,False,0.916,Severe,10.9,66.0,378.3,0.175,0.404,0.938,Heavy congestion detected - signal timing extended and reroute suggested
EVT454682,2025-10-20 10:13:24,Cultural Procession,J023,Basavanagudi,9508,Weekday,True,Clear,False,0.0,False,True,1.0,Severe,6.1,100.3,927.8,0.233,0.538,0.865,Road closure for event/procession - full detour recommended for through-traffic
EVT454683,2025-11-03 21:49:17,Concert,J023,Basavanagudi,15105,Weekday,False,Rain,True,11.5,False,False,0.496,Moderate,26.1,36.1,192.1,0.16,0.37,0.886,Light rain detected - minor speed reduction advised
EVT454684,2026-05-21 16:27:00,Political Rally,J020,Malleshwaram Circle,15950,Weekday,False,Clear,False,0.0,False,False,0.704,High,19.1,48.6,295.9,0.182,0.42,0.954,Moderate traffic flow - standard adaptive signal timing in effect
EVT454685,2025-12-29 19:43:38,Trade Fair,J020,Malleshwaram Circle,7569,Weekday,False,Clear,False,0.0,False,False,0.807,Severe,13.3,60.6,334.8,0.165,0.382,0.953,Heavy congestion detected - signal timing extended and reroute suggested
EVT454686,2025-11-09 20:04:11,Concert,J040,City Market,6769,Weekend,False,Clear,False,0.0,False,False,0.651,High,19.4,39.9,250.7,0.149,0.343,0.984,Moderate traffic flow - standard adaptive signal timing in effect
EVT454687,2025-10-05 15:02:28,Concert,J020,Malleshwaram Circle,12056,Weekend,False,Rain,True,16.5,False,False,0.553,High,27.0,37.5,229.0,0.188,0.434,0.901,Heavy rain reducing visibility and grip - reduced speed and longer buffer advised
EVT454688,2025-05-08 08:50:19,Trade Fair,J011,Indiranagar 100ft Road,6391,Weekday,False,Rain,True,8.5,False,False,1.0,Severe,7.1,67.5,585.5,0.183,0.422,0.873,Heavy rain reducing visibility and grip - reduced speed and longer buffer advised
EVT454689,2026-06-02 10:13:23,Trade Fair,J009,Majestic,6371,Weekday,False,Light Rain,True,3.9,False,False,0.846,Severe,10.2,54.2,384.4,0.159,0.368,0.898,Heavy rain reducing visibility and grip - reduced speed and longer buffer advised
EVT454690,2025-08-28 07:20:45,Religious Festival,J023,Basavanagudi,48988,Weekday,True,Clear,False,0.0,False,False,1.0,Severe,8.4,69.3,706.6,0.234,0.541,0.84,Festival crowd surge detected - alternate route and extended cycle recommended
EVT454691,2026-03-02 11:09:36,Trade Fair,J031,Cubbon Road,9639,Weekday,False,Clear,False,0.0,False,False,0.463,Moderate,29.7,35.7,142.0,0.121,0.28,0.96,Moderate traffic flow - standard adaptive signal timing in effect
EVT454692,2025-06-21 09:39:37,Trade Fair,J009,Majestic,8452,Weekend,False,Clear,False,0.0,False,False,0.777,Severe,16.3,56.0,269.7,0.154,0.357,0.99,Heavy congestion detected - signal timing extended and reroute suggested
EVT454693,2025-06-20 15:27:21,Trade Fair,J030,MG Road,9485,Weekday,False,Clear,False,0.0,False,False,0.354,Moderate,30.1,23.2,115.1,0.084,0.193,0.987,Moderate traffic flow - standard adaptive signal timing in effect
EVT454694,2025-07-04 18:23:40,Local Market Day,J011,Indiranagar 100ft Road,3868,Weekday,False,Clear,False,0.0,False,False,1.0,Severe,9.2,72.8,402.4,0.15,0.346,0.914,Heavy congestion detected - signal timing extended and reroute suggested
EVT454695,2025-03-23 21:58:39,Concert,J011,Indiranagar 100ft Road,15269,Weekend,False,Clear,False,0.0,False,False,0.357,Moderate,26.8,28.3,160.7,0.125,0.289,0.954,Moderate traffic flow - standard adaptive signal timing in effect
EVT454696,2025-03-25 17:07:49,Sports Fixture,J012,Koramangala Sony World,36379,Weekday,False,Clear,False,0.0,False,False,0.969,Severe,9.6,72.1,343.0,0.145,0.335,0.889,Heavy congestion detected - signal timing extended and reroute suggested
EVT454697,2026-02-09 15:36:10,Concert,J023,Basavanagudi,12085,Weekday,False,Clear,False,0.0,False,False,0.354,Moderate,32.2,23.1,149.5,0.126,0.292,0.95,Moderate traffic flow - standard adaptive signal timing in effect
EVT454698,2026-01-08 13:23:26,Concert,J020,Malleshwaram Circle,22833,Weekday,False,Clear,False,0.0,False,False,0.328,Low,24.4,18.8,90.4,0.052,0.12,0.984,Moderate traffic flow - standard adaptive signal timing in effect
EVT454699,2025-03-26 18:50:29,Sports Fixture,J040,City Market,13649,Weekday,False,Light Rain,True,1.1,False,False,1.0,Severe,6.9,73.8,791.0,0.217,0.501,0.869,Heavy rain reducing visibility and grip - reduced speed and longer buffer advised
EVT454700,2026-02-20 14:05:22,Local Market Day,J009,Majestic,4418,Weekday,False,Clear,False,0.0,False,False,0.221,Low,40.1,18.9,200.2,0.207,0.479,0.964,Normal free-flow traffic - standard signal timing maintained
EVT454701,2025-08-04 16:08:34,Sports Fixture,J030,MG Road,23981,Weekday,False,Clear,False,0.0,False,False,0.54,Moderate,28.6,40.2,246.1,0.201,0.464,0.938,Moderate traffic flow - standard adaptive signal timing in effect
EVT454702,2025-06-01 17:34:41,Sports Fixture,J040,City Market,27370,Weekend,False,Clear,False,0.0,False,False,0.866,Severe,15.0,66.1,362.2,0.202,0.467,0.954,Heavy congestion detected - signal timing extended and reroute suggested
EVT454703,2025-10-08 09:23:25,Sports Fixture,J011,Indiranagar 100ft Road,19464,Weekday,False,Clear,False,0.0,False,False,0.996,Severe,8.7,69.2,582.2,0.2,0.461,0.9,Heavy congestion detected - signal timing extended and reroute suggested
EVT454704,2026-03-09 11:39:12,Concert,J023,Basavanagudi,11412,Weekday,False,Clear,False,0.0,False,False,0.338,Low,20.5,22.5,135.2,0.061,0.14,0.963,Moderate traffic flow - standard adaptive signal timing in effect
EVT454705,2026-01-11 13:41:00,Local Market Day,J030,MG Road,2935,Weekend,False,Clear,False,0.0,False,False,0.233,Low,40.2,12.2,165.9,0.165,0.38,0.98,Normal free-flow traffic - standard signal timing maintained
EVT454706,2026-04-19 16:21:16,Political Rally,J023,Basavanagudi,21932,Weekend,False,Clear,False,0.0,False,False,0.559,High,20.3,37.4,206.6,0.138,0.32,0.962,Moderate traffic flow - standard adaptive signal timing in effect
EVT454707,2025-09-25 07:37:21,Concert,J012,Koramangala Sony World,13803,Weekday,False,Heavy Rain,True,33.6,True,False,1.0,Severe,8.0,73.5,518.1,0.169,0.391,0.703,Accident detected nearby - reroute and reduced speed advised
EVT454708,2026-06-24 18:27:25,Concert,J031,Cubbon Road,17585,Weekday,False,Clear,False,0.0,False,False,1.0,Severe,8.5,73.2,802.8,0.26,0.6,0.903,Heavy congestion detected - signal timing extended and reroute suggested
EVT454709,2026-02-08 09:14:18,Local Market Day,J030,MG Road,3365,Weekend,False,Clear,False,0.0,False,False,0.884,Severe,13.6,62.3,352.7,0.193,0.445,0.954,Heavy congestion detected - signal timing extended and reroute suggested
EVT454710,2025-02-05 14:46:51,Local Market Day,J020,Malleshwaram Circle,4366,Weekday,False,Clear,False,0.0,False,False,0.265,Low,28.8,24.6,160.1,0.11,0.253,0.974,Moderate traffic flow - standard adaptive signal timing in effect
EVT454711,2026-02-03 08:27:32,Local Market Day,J011,Indiranagar 100ft Road,5160,Weekday,False,Clear,False,0.0,False,False,0.943,Severe,10.5,66.6,595.2,0.241,0.556,0.936,Heavy congestion detected - signal timing extended and reroute suggested
EVT454712,2026-06-19 10:22:59,Trade Fair,J011,Indiranagar 100ft Road,8124,Weekday,False,Fog,False,0.0,False,False,0.648,High,25.1,41.8,183.9,0.126,0.292,0.965,Moderate traffic flow - standard adaptive signal timing in effect
EVT454713,2025-12-07 19:52:03,Sports Fixture,J012,Koramangala Sony World,26220,Weekend,False,Clear,False,0.0,False,False,0.769,Severe,15.8,51.5,189.8,0.121,0.278,0.982,Heavy congestion detected - signal timing extended and reroute suggested
EVT454714,2026-03-06 20:19:36,Local Market Day,J030,MG Road,4281,Weekday,False,Clear,False,0.0,False,False,0.58,High,27.7,45.0,229.2,0.176,0.407,0.979,Moderate traffic flow - standard adaptive signal timing in effect
EVT454715,2025-12-30 17:55:33,Trade Fair,J020,Malleshwaram Circle,9783,Weekday,False,Clear,False,0.0,False,False,0.99,Severe,7.7,74.5,476.1,0.163,0.376,0.898,Heavy congestion detected - signal timing extended and reroute suggested
EVT454716,2025-12-06 15:58:53,Concert,J011,Indiranagar 100ft Road,20205,Weekend,False,Clear,False,0.0,False,False,0.52,Moderate,22.5,32.6,107.4,0.072,0.167,0.949,Moderate traffic flow - standard adaptive signal timing in effect
EVT454717,2026-06-10 06:43:07,Sports Fixture,J023,Basavanagudi,24446,Weekday,False,Rain,True,13.5,False,False,0.601,High,25.2,42.8,228.8,0.159,0.366,0.931,Heavy rain reducing visibility and grip - reduced speed and longer buffer advised
EVT454718,2025-02-03 14:51:39,Trade Fair,J040,City Market,7492,Weekday,False,Clear,False,0.0,False,False,0.247,Low,28.6,21.4,215.2,0.164,0.378,0.96,Normal free-flow traffic - standard signal timing maintained
EVT454719,2025-12-01 08:20:26,Local Market Day,J020,Malleshwaram Circle,5753,Weekday,False,Rain,True,8.8,True,False,1.0,Severe,9.2,69.9,464.7,0.185,0.428,0.72,Accident detected nearby - reroute and reduced speed advised
EVT454720,2025-09-18 18:13:28,Sports Fixture,J011,Indiranagar 100ft Road,18921,Weekday,False,Rain,True,17.9,False,False,1.0,Severe,9.6,70.2,345.2,0.135,0.313,0.853,Heavy rain reducing visibility and grip - reduced speed and longer buffer advised
EVT454721,2025-08-31 11:48:29,Sports Fixture,J040,City Market,23335,Weekend,False,Heavy Rain,True,39.4,False,False,0.849,Severe,16.5,60.3,305.0,0.173,0.4,0.892,Heavy rain reducing visibility and grip - reduced speed and longer buffer advised
EVT454722,2025-07-18 15:16:51,Concert,J009,Majestic,15286,Weekday,False,Clear,False,0.0,False,False,0.323,Low,25.3,22.8,255.2,0.183,0.423,0.99,Moderate traffic flow - standard adaptive signal timing in effect
EVT454723,2026-01-14 12:26:50,Fireworks Display,J031,Cubbon Road,33587,Weekday,True,Clear,False,0.0,False,False,0.586,High,21.8,44.0,252.1,0.178,0.41,0.891,Festival crowd surge detected - alternate route and extended cycle recommended
EVT454724,2026-04-28 12:01:33,Concert,J031,Cubbon Road,10196,Weekday,False,Clear,False,0.0,False,False,0.29,Low,27.8,21.0,198.6,0.146,0.338,0.955,Moderate traffic flow - standard adaptive signal timing in effect
EVT454725,2025-03-31 14:38:29,Religious Festival,J031,Cubbon Road,49002,Weekday,True,Clear,False,0.0,False,True,0.871,High,9.3,88.8,382.5,0.142,0.327,0.857,Road closure for event/procession - full detour recommended for through-traffic
EVT454726,2026-03-10 16:26:09,Local Market Day,J040,City Market,8536,Weekday,False,Clear,False,0.0,False,False,0.643,High,15.5,43.5,154.8,0.069,0.159,0.956,Moderate traffic flow - standard adaptive signal timing in effect
EVT454727,2026-03-21 00:06:27,Local Market Day,J031,Cubbon Road,4702,Weekend,False,Clear,False,0.0,False,False,0.212,Low,35.3,18.1,112.4,0.092,0.212,0.932,Normal free-flow traffic - standard signal timing maintained
EVT454728,2025-08-29 07:55:09,Local Market Day,J009,Majestic,2138,Weekday,False,Clear,False,0.0,False,False,0.801,Severe,14.8,58.0,282.7,0.143,0.33,0.96,Heavy congestion detected - signal timing extended and reroute suggested
EVT454729,2025-10-07 18:57:09,Sports Fixture,J023,Basavanagudi,31707,Weekday,False,Clear,False,0.0,False,False,1.0,Severe,7.5,74.6,296.5,0.103,0.238,0.91,Heavy congestion detected - signal timing extended and reroute suggested
EVT454730,2025-07-18 17:21:38,Sports Fixture,J011,Indiranagar 100ft Road,31614,Weekday,False,Rain,True,11.3,False,False,1.0,Severe,8.4,70.9,700.8,0.24,0.555,0.873,Heavy rain reducing visibility and grip - reduced speed and longer buffer advised
EVT454731,2025-10-18 08:40:05,Trade Fair,J012,Koramangala Sony World,15811,Weekend,False,Clear,False,0.0,False,False,0.807,Severe,16.6,60.4,291.8,0.169,0.391,0.967,Heavy congestion detected - signal timing extended and reroute suggested
EVT454732,2026-03-01 18:01:30,Trade Fair,J040,City Market,7706,Weekend,False,Fog,False,0.0,False,False,0.766,Severe,16.5,51.9,328.1,0.163,0.377,0.957,Heavy congestion detected - signal timing extended and reroute suggested
EVT454733,2025-04-19 08:29:31,Trade Fair,J009,Majestic,12847,Weekend,False,Clear,False,0.0,False,False,0.791,Severe,15.7,50.3,456.3,0.251,0.581,0.968,Heavy congestion detected - signal timing extended and reroute suggested
EVT454734,2025-03-06 09:11:14,Sports Fixture,J040,City Market,26686,Weekday,False,Clear,False,0.0,False,False,1.0,Severe,8.5,71.0,723.6,0.26,0.6,0.906,Heavy congestion detected - signal timing extended and reroute suggested
EVT454735,2025-09-20 08:40:47,Political Rally,J040,City Market,10679,Weekend,False,Rain,True,8.2,False,False,0.934,Severe,8.0,69.1,426.5,0.15,0.345,0.87,Heavy rain reducing visibility and grip - reduced speed and longer buffer advised
EVT454736,2025-09-17 17:48:57,Local Market Day,J009,Majestic,6674,Weekday,False,Heavy Rain,True,33.2,False,False,1.0,Severe,8.6,74.0,458.0,0.18,0.416,0.857,Heavy rain reducing visibility and grip - reduced speed and longer buffer advised
EVT454737,2026-05-11 08:28:06,Local Market Day,J040,City Market,4525,Weekday,False,Clear,False,0.0,False,False,1.0,Severe,8.6,70.1,511.6,0.192,0.443,0.926,Heavy congestion detected - signal timing extended and reroute suggested
EVT454738,2026-02-01 17:03:55,Sports Fixture,J023,Basavanagudi,22163,Weekend,False,Clear,False,0.0,False,False,0.764,Severe,15.8,57.6,354.8,0.193,0.446,0.947,Heavy congestion detected - signal timing extended and reroute suggested
EVT454739,2026-03-23 17:24:25,Local Market Day,J031,Cubbon Road,2670,Weekday,False,Clear,False,0.0,False,False,0.854,Severe,11.9,59.0,402.6,0.173,0.399,0.966,Heavy congestion detected - signal timing extended and reroute suggested
EVT454740,2025-02-22 07:35:48,Sports Fixture,J040,City Market,13626,Weekend,False,Fog,False,0.0,False,False,0.708,High,18.7,44.6,370.0,0.239,0.552,0.982,Moderate traffic flow - standard adaptive signal timing in effect
EVT454741,2025-08-11 10:22:44,Trade Fair,J040,City Market,7954,Weekday,False,Clear,False,0.0,False,False,0.69,High,19.7,52.8,306.0,0.193,0.445,0.967,Moderate traffic flow - standard adaptive signal timing in effect
EVT454742,2026-04-12 23:57:56,Local Market Day,J031,Cubbon Road,3530,Weekend,False,Rain,True,13.0,False,False,0.389,Moderate,32.3,24.6,190.8,0.164,0.38,0.9,Light rain detected - minor speed reduction advised
EVT454743,2025-06-06 07:47:15,Trade Fair,J040,City Market,4943,Weekday,False,Clear,False,0.0,False,False,0.776,Severe,17.7,53.3,204.3,0.102,0.235,0.932,Heavy congestion detected - signal timing extended and reroute suggested
EVT454744,2026-01-01 16:27:41,Religious Festival,J011,Indiranagar 100ft Road,52124,Weekday,True,Clear,False,0.0,False,True,1.0,Severe,9.1,100.4,477.2,0.189,0.437,0.853,Road closure for event/procession - full detour recommended for through-traffic
EVT454745,2026-06-16 19:47:36,Local Market Day,J012,Koramangala Sony World,4685,Weekday,False,Clear,False,0.0,False,False,0.778,Severe,15.0,55.4,346.3,0.202,0.468,0.968,Heavy congestion detected - signal timing extended and reroute suggested
EVT454746,2025-12-03 17:42:13,Political Rally,J023,Basavanagudi,13345,Weekday,False,Clear,False,0.0,False,False,1.0,Severe,8.7,70.7,193.4,0.09,0.208,0.897,Heavy congestion detected - signal timing extended and reroute suggested
EVT454747,2025-01-24 18:23:30,Trade Fair,J030,MG Road,12593,Weekday,False,Clear,False,0.0,False,False,1.0,Severe,10.0,73.5,341.2,0.141,0.326,0.93,Heavy congestion detected - signal timing extended and reroute suggested
EVT454748,2025-03-20 18:39:46,Political Rally,J020,Malleshwaram Circle,27367,Weekday,False,Clear,False,0.0,False,False,1.0,Severe,6.9,74.3,850.6,0.257,0.593,0.91,Heavy congestion detected - signal timing extended and reroute suggested
EVT454749,2025-10-31 23:47:52,Sports Fixture,J009,Majestic,15111,Weekday,False,Clear,False,0.0,False,False,0.253,Low,30.9,15.2,54.2,0.015,0.035,0.951,Moderate traffic flow - standard adaptive signal timing in effect
EVT454750,2025-05-02 15:30:11,Fireworks Display,J023,Basavanagudi,47243,Weekday,True,Clear,False,0.0,False,False,0.802,Severe,13.2,54.3,435.3,0.212,0.489,0.923,Festival crowd surge detected - alternate route and extended cycle recommended
EVT454751,2025-09-12 01:24:25,Local Market Day,J011,Indiranagar 100ft Road,2391,Weekday,False,Clear,False,0.0,False,False,0.041,Low,43.8,2.6,86.7,0.098,0.226,0.963,Normal free-flow traffic - standard signal timing maintained
EVT454752,2025-06-22 09:51:08,Local Market Day,J030,MG Road,3900,Weekend,False,Clear,False,0.0,False,False,0.746,High,15.9,51.3,345.2,0.181,0.419,0.946,Moderate traffic flow - standard adaptive signal timing in effect
EVT454753,2026-03-06 14:49:06,Concert,J011,Indiranagar 100ft Road,11043,Weekday,False,Clear,False,0.0,False,False,0.28,Low,24.1,19.2,184.2,0.121,0.279,0.979,Moderate traffic flow - standard adaptive signal timing in effect
EVT454754,2026-01-20 13:35:09,Sports Fixture,J012,Koramangala Sony World,20110,Weekday,False,Clear,False,0.0,False,False,0.23,Low,38.4,12.8,97.6,0.081,0.186,0.975,Normal free-flow traffic - standard signal timing maintained
EVT454755,2025-09-17 06:00:03,Local Market Day,J030,MG Road,1728,Weekday,False,Rain,True,19.0,False,False,0.412,Moderate,27.6,27.5,186.4,0.14,0.323,0.915,Light rain detected - minor speed reduction advised
EVT454756,2026-01-17 05:53:49,Trade Fair,J009,Majestic,5409,Weekend,False,Fog,False,0.0,False,False,0.293,Low,25.5,19.0,186.3,0.132,0.305,0.965,Moderate traffic flow - standard adaptive signal timing in effect
EVT454757,2026-03-17 11:29:50,Sports Fixture,J031,Cubbon Road,22070,Weekday,False,Clear,False,0.0,False,False,0.455,Moderate,28.7,39.4,261.1,0.208,0.481,0.948,Moderate traffic flow - standard adaptive signal timing in effect
EVT454758,2026-04-03 20:25:37,Sports Fixture,J023,Basavanagudi,15523,Weekday,False,Clear,False,0.0,False,False,0.616,High,22.4,41.9,84.4,0.057,0.132,0.925,Moderate traffic flow - standard adaptive signal timing in effect
EVT454759,2025-07-18 19:29:17,Concert,J011,Indiranagar 100ft Road,9303,Weekday,False,Clear,False,0.0,False,False,0.867,Severe,11.6,64.3,422.5,0.182,0.421,0.945,Heavy congestion detected - signal timing extended and reroute suggested
EVT454760,2025-04-08 17:03:32,Sports Fixture,J020,Malleshwaram Circle,16333,Weekday,False,Clear,False,0.0,False,False,0.815,Severe,15.2,55.7,303.0,0.172,0.398,0.954,Heavy congestion detected - signal timing extended and reroute suggested
EVT454761,2025-02-08 17:09:27,Political Rally,J011,Indiranagar 100ft Road,12835,Weekend,False,Clear,False,0.0,False,False,0.765,Severe,15.0,55.8,205.7,0.091,0.21,0.949,Heavy congestion detected - signal timing extended and reroute suggested
EVT454762,2026-06-01 08:27:50,Local Market Day,J040,City Market,4442,Weekday,False,Clear,False,0.0,False,False,0.96,Severe,9.1,69.5,409.1,0.162,0.375,0.929,Heavy congestion detected - signal timing extended and reroute suggested
EVT454763,2025-11-25 10:26:23,Sports Fixture,J011,Indiranagar 100ft Road,23457,Weekday,False,Light Rain,True,4.4,False,False,0.968,Severe,9.0,69.0,544.1,0.216,0.498,0.88,Heavy rain reducing visibility and grip - reduced speed and longer buffer advised
EVT454764,2026-01-20 16:16:31,Sports Fixture,J009,Majestic,21605,Weekday,False,Clear,False,0.0,False,False,0.551,High,21.7,41.3,127.5,0.087,0.202,0.952,Moderate traffic flow - standard adaptive signal timing in effect
EVT454765,2025-12-13 07:43:48,Sports Fixture,J030,MG Road,24080,Weekend,False,Clear,False,0.0,False,False,0.682,High,17.0,49.2,234.3,0.129,0.298,0.947,Moderate traffic flow - standard adaptive signal timing in effect
EVT454766,2026-05-13 18:14:45,Concert,J009,Majestic,4890,Weekday,False,Clear,False,0.0,False,False,1.0,Severe,6.6,73.4,838.9,0.251,0.58,0.923,Heavy congestion detected - signal timing extended and reroute suggested
EVT454767,2025-11-19 08:02:31,Sports Fixture,J030,MG Road,40294,Weekday,False,Clear,False,0.0,False,False,1.0,Severe,7.5,70.2,783.8,0.222,0.513,0.925,Heavy congestion detected - signal timing extended and reroute suggested
EVT454768,2025-05-30 18:53:34,Trade Fair,J012,Koramangala Sony World,10260,Weekday,False,Rain,True,8.5,False,False,1.0,Severe,9.4,67.8,361.0,0.146,0.336,0.862,Heavy rain reducing visibility and grip - reduced speed and longer buffer advised
EVT454769,2025-10-08 23:13:47,Local Market Day,J020,Malleshwaram Circle,6138,Weekday,False,Clear,False,0.0,False,False,0.182,Low,35.7,11.2,134.3,0.137,0.317,0.985,Normal free-flow traffic - standard signal timing maintained
EVT454770,2025-10-23 10:33:40,Sports Fixture,J040,City Market,27402,Weekday,False,Heavy Rain,True,97.5,False,False,0.991,Severe,8.9,77.2,700.8,0.24,0.555,0.842,Heavy rain reducing visibility and grip - reduced speed and longer buffer advised
EVT454771,2025-09-04 18:07:47,Trade Fair,J040,City Market,7428,Weekday,False,Clear,False,0.0,False,False,0.97,Severe,10.3,65.2,359.4,0.164,0.38,0.916,Heavy congestion detected - signal timing extended and reroute suggested
EVT454772,2025-03-18 18:34:41,Political Rally,J031,Cubbon Road,12752,Weekday,False,Clear,False,0.0,False,False,1.0,Severe,9.0,66.6,437.6,0.148,0.342,0.904,Heavy congestion detected - signal timing extended and reroute suggested
EVT454773,2025-04-19 12:14:29,Concert,J023,Basavanagudi,18163,Weekend,False,Clear,False,0.0,False,False,0.388,Moderate,27.8,27.2,122.9,0.088,0.203,0.971,Moderate traffic flow - standard adaptive signal timing in effect
EVT454774,2026-05-19 17:09:20,Trade Fair,J011,Indiranagar 100ft Road,6319,Weekday,False,Clear,False,0.0,False,False,0.861,Severe,14.9,61.2,327.0,0.182,0.421,0.959,Heavy congestion detected - signal timing extended and reroute suggested
EVT454775,2025-08-09 18:35:51,Sports Fixture,J031,Cubbon Road,26173,Weekend,False,Heavy Rain,True,39.6,False,False,1.0,Severe,7.9,69.2,538.4,0.185,0.428,0.847,Heavy rain reducing visibility and grip - reduced speed and longer buffer advised
EVT454776,2025-04-28 10:18:37,Local Market Day,J009,Majestic,4651,Weekday,False,Clear,False,0.0,False,False,0.778,Severe,15.3,52.7,202.2,0.097,0.224,0.95,Heavy congestion detected - signal timing extended and reroute suggested
EVT454777,2025-06-14 09:51:31,Sports Fixture,J012,Koramangala Sony World,19295,Weekend,False,Heavy Rain,True,61.4,False,False,1.0,Severe,7.1,66.9,844.2,0.273,0.63,0.876,Heavy rain reducing visibility and grip - reduced speed and longer buffer advised
EVT454778,2025-10-21 14:38:29,Religious Festival,J040,City Market,44004,Weekday,True,Clear,False,0.0,False,False,0.729,High,17.6,53.4,334.3,0.166,0.384,0.911,Festival crowd surge detected - alternate route and extended cycle recommended
EVT454779,2025-12-20 22:51:53,Concert,J020,Malleshwaram Circle,13191,Weekend,False,Clear,False,0.0,False,False,0.359,Moderate,30.6,24.6,116.7,0.089,0.205,0.948,Moderate traffic flow - standard adaptive signal timing in effect
EVT454780,2025-08-03 01:42:01,Local Market Day,J012,Koramangala Sony World,3577,Weekend,False,Clear,False,0.0,False,False,0.206,Low,35.5,23.3,135.3,0.109,0.251,0.976,Normal free-flow traffic - standard signal timing maintained
EVT454781,2026-04-21 15:25:26,Local Market Day,J020,Malleshwaram Circle,3343,Weekday,False,Clear,False,0.0,False,False,0.316,Low,29.5,18.1,151.9,0.129,0.299,0.945,Moderate traffic flow - standard adaptive signal timing in effect
EVT454782,2025-05-21 17:25:48,Political Rally,J023,Basavanagudi,12373,Weekday,False,Fog,False,0.0,False,False,0.923,Severe,11.1,62.7,262.0,0.116,0.267,0.898,Heavy congestion detected - signal timing extended and reroute suggested
EVT454783,2025-04-08 17:26:51,Sports Fixture,J009,Majestic,19493,Weekday,False,Clear,False,0.0,False,False,1.0,Severe,7.8,71.9,518.1,0.16,0.37,0.936,Heavy congestion detected - signal timing extended and reroute suggested
EVT454784,2026-03-04 21:36:38,Cultural Procession,J009,Majestic,17656,Weekday,True,Clear,False,0.0,False,False,0.61,High,24.1,44.2,291.8,0.22,0.508,0.897,Festival crowd surge detected - alternate route and extended cycle recommended
EVT454785,2025-07-26 22:54:21,Local Market Day,J031,Cubbon Road,5388,Weekend,False,Rain,True,23.7,False,False,0.566,High,24.8,41.1,206.6,0.174,0.402,0.92,Heavy rain reducing visibility and grip - reduced speed and longer buffer advised
EVT454786,2026-03-08 15:19:36,Local Market Day,J009,Majestic,2210,Weekend,False,Clear,False,0.0,False,False,0.395,Moderate,25.2,34.7,214.6,0.123,0.284,0.952,Moderate traffic flow - standard adaptive signal timing in effect
EVT454787,2025-10-19 07:45:36,Local Market Day,J023,Basavanagudi,4329,Weekend,False,Clear,False,0.0,False,False,0.59,High,22.2,46.3,256.0,0.174,0.403,0.944,Moderate traffic flow - standard adaptive signal timing in effect
EVT454788,2025-04-20 18:45:37,Local Market Day,J009,Majestic,5769,Weekend,False,Clear,False,0.0,False,False,0.905,Severe,12.8,66.6,151.7,0.077,0.178,0.91,Heavy congestion detected - signal timing extended and reroute suggested
EVT454789,2025-11-23 18:48:14,Concert,J012,Koramangala Sony World,6833,Weekend,False,Clear,False,0.0,False,False,0.959,Severe,9.5,66.0,511.6,0.199,0.461,0.933,Heavy congestion detected - signal timing extended and reroute suggested
EVT454790,2026-01-19 09:42:00,Trade Fair,J031,Cubbon Road,7045,Weekday,False,Clear,False,0.0,False,False,0.925,Severe,11.9,69.5,548.1,0.253,0.584,0.919,Heavy congestion detected - signal timing extended and reroute suggested
EVT454791,2026-04-02 11:46:04,Concert,J031,Cubbon Road,12185,Weekday,False,Clear,False,0.0,False,False,0.292,Low,24.9,18.2,87.1,0.07,0.163,0.955,Moderate traffic flow - standard adaptive signal timing in effect
EVT454792,2026-01-08 18:08:27,Concert,J009,Majestic,15042,Weekday,False,Clear,False,0.0,False,False,0.988,Severe,8.7,83.1,217.8,0.098,0.226,0.894,Heavy congestion detected - signal timing extended and reroute suggested
EVT454793,2026-01-22 15:46:29,Local Market Day,J023,Basavanagudi,3374,Weekday,False,Clear,False,0.0,False,False,0.313,Low,27.5,23.5,160.8,0.101,0.233,0.98,Moderate traffic flow - standard adaptive signal timing in effect
EVT454794,2025-02-11 19:10:45,Concert,J012,Koramangala Sony World,23423,Weekday,False,Clear,False,0.0,False,False,1.0,Severe,7.1,70.9,487.4,0.151,0.349,0.927,Heavy congestion detected - signal timing extended and reroute suggested
EVT454795,2025-07-05 17:57:57,Local Market Day,J012,Koramangala Sony World,6486,Weekend,False,Fog,False,0.0,False,False,0.875,Severe,13.1,63.2,344.1,0.145,0.336,0.944,Heavy congestion detected - signal timing extended and reroute suggested
EVT454796,2025-11-16 17:29:32,Local Market Day,J031,Cubbon Road,3456,Weekend,False,Clear,False,0.0,False,False,0.801,Severe,14.7,58.5,232.6,0.132,0.305,0.974,Heavy congestion detected - signal timing extended and reroute suggested
EVT454797,2025-05-21 14:12:51,Sports Fixture,J020,Malleshwaram Circle,29194,Weekday,False,Clear,False,0.0,False,False,0.333,Low,26.2,20.1,143.1,0.103,0.237,0.934,Moderate traffic flow - standard adaptive signal timing in effect
EVT454798,2025-01-30 16:43:33,Sports Fixture,J012,Koramangala Sony World,25021,Weekday,False,Clear,False,0.0,False,False,0.706,High,22.4,52.8,177.8,0.119,0.275,0.951,Moderate traffic flow - standard adaptive signal timing in effect
EVT454799,2025-12-08 19:55:45,Trade Fair,J012,Koramangala Sony World,8003,Weekday,False,Light Rain,True,3.7,False,False,0.888,Severe,10.7,66.2,553.1,0.234,0.541,0.902,Heavy rain reducing visibility and grip - reduced speed and longer buffer advised
EVT454800,2025-02-07 20:03:43,Sports Fixture,J012,Koramangala Sony World,17811,Weekday,False,Clear,False,0.0,False,False,0.825,Severe,12.0,65.3,399.0,0.169,0.39,0.931,Heavy congestion detected - signal timing extended and reroute suggested
EVT454801,2025-10-08 18:06:04,Local Market Day,J012,Koramangala Sony World,4398,Weekday,False,Clear,False,0.0,False,False,0.971,Severe,9.1,69.7,703.2,0.267,0.618,0.913,Heavy congestion detected - signal timing extended and reroute suggested
EVT454802,2025-07-25 14:29:54,Trade Fair,J023,Basavanagudi,3943,Weekday,False,Clear,False,0.0,False,False,0.262,Low,30.8,21.6,122.3,0.094,0.217,0.99,Moderate traffic flow - standard adaptive signal timing in effect
EVT454803,2025-10-25 08:25:32,Trade Fair,J031,Cubbon Road,9594,Weekend,False,Clear,False,0.0,False,False,0.861,Severe,11.6,67.4,439.0,0.174,0.403,0.943,Heavy congestion detected - signal timing extended and reroute suggested
EVT454804,2025-12-18 14:47:18,Political Rally,J023,Basavanagudi,8827,Weekday,False,Clear,False,0.0,False,False,0.325,Low,32.4,19.1,108.1,0.088,0.202,0.945,Moderate traffic flow - standard adaptive signal timing in effect
EVT454805,2026-06-23 21:07:31,Sports Fixture,J011,Indiranagar 100ft Road,28391,Weekday,False,Rain,True,8.7,False,False,0.699,High,17.4,46.9,209.6,0.132,0.306,0.926,Heavy rain reducing visibility and grip - reduced speed and longer buffer advised
EVT454806,2025-07-17 07:51:31,Sports Fixture,J020,Malleshwaram Circle,16510,Weekday,False,Rain,True,20.3,False,False,1.0,Severe,8.0,71.2,611.9,0.227,0.524,0.883,Heavy rain reducing visibility and grip - reduced speed and longer buffer advised
EVT454807,2025-01-29 10:08:02,Sports Fixture,J009,Majestic,15140,Weekday,False,Clear,False,0.0,False,False,0.817,Severe,14.1,57.4,193.5,0.109,0.251,0.972,Heavy congestion detected - signal timing extended and reroute suggested
EVT454808,2025-01-07 09:23:51,Concert,J030,MG Road,4452,Weekday,False,Clear,False,0.0,False,False,0.968,Severe,7.7,64.8,725.3,0.221,0.512,0.927,Heavy congestion detected - signal timing extended and reroute suggested
EVT454809,2026-01-27 14:53:55,Religious Festival,J012,Koramangala Sony World,42140,Weekday,True,Clear,False,0.0,False,True,0.81,High,13.7,77.3,248.8,0.119,0.274,0.876,Road closure for event/procession - full detour recommended for through-traffic
EVT454810,2025-07-07 07:53:13,Concert,J030,MG Road,13288,Weekday,False,Heavy Rain,True,27.4,False,False,1.0,Severe,7.6,68.4,832.0,0.254,0.587,0.836,Heavy rain reducing visibility and grip - reduced speed and longer buffer advised
EVT454811,2025-03-17 21:43:17,Trade Fair,J020,Malleshwaram Circle,12091,Weekday,False,Clear,False,0.0,False,False,0.288,Low,33.7,19.8,157.3,0.135,0.312,0.965,Moderate traffic flow - standard adaptive signal timing in effect
EVT454812,2025-10-30 10:58:36,Sports Fixture,J031,Cubbon Road,16413,Weekday,False,Clear,False,0.0,False,False,0.512,Moderate,26.7,35.2,169.1,0.149,0.343,0.973,Moderate traffic flow - standard adaptive signal timing in effect
EVT454813,2025-04-14 13:09:19,Religious Festival,J020,Malleshwaram Circle,72941,Weekday,True,Clear,False,0.0,False,True,0.943,Severe,10.2,89.7,482.3,0.183,0.423,0.826,Road closure for event/procession - full detour recommended for through-traffic
EVT454814,2026-02-03 08:02:05,Trade Fair,J030,MG Road,8552,Weekday,False,Clear,False,0.0,False,False,0.813,Severe,16.0,65.7,418.0,0.215,0.497,0.965,Heavy congestion detected - signal timing extended and reroute suggested
EVT454815,2026-02-13 15:17:08,Sports Fixture,J040,City Market,20405,Weekday,False,Clear,False,0.0,False,False,0.253,Low,34.8,14.7,129.9,0.117,0.269,0.967,Moderate traffic flow - standard adaptive signal timing in effect
EVT454816,2025-12-21 18:51:52,Concert,J012,Koramangala Sony World,10705,Weekend,False,Clear,False,0.0,False,False,0.884,Severe,9.8,60.2,300.9,0.105,0.243,0.95,Heavy congestion detected - signal timing extended and reroute suggested
EVT454817,2025-05-17 08:08:37,Sports Fixture,J012,Koramangala Sony World,32577,Weekend,False,Clear,False,0.0,False,False,0.994,Severe,7.3,67.1,863.3,0.255,0.588,0.917,Heavy congestion detected - signal timing extended and reroute suggested
EVT454818,2025-03-17 19:43:27,Political Rally,J011,Indiranagar 100ft Road,17886,Weekday,False,Clear,False,0.0,False,False,0.945,Severe,12.1,65.0,424.0,0.194,0.447,0.916,Heavy congestion detected - signal timing extended and reroute suggested
EVT454819,2025-12-17 14:37:21,Concert,J020,Malleshwaram Circle,15052,Weekday,False,Clear,False,0.0,False,False,0.342,Low,25.8,20.4,164.5,0.129,0.298,0.961,Moderate traffic flow - standard adaptive signal timing in effect
EVT454820,2025-12-12 15:44:20,Concert,J031,Cubbon Road,17243,Weekday,False,Clear,False,0.0,False,False,0.416,Moderate,31.1,24.2,156.8,0.133,0.308,0.951,Moderate traffic flow - standard adaptive signal timing in effect
EVT454821,2026-04-11 17:38:06,Concert,J020,Malleshwaram Circle,11346,Weekend,False,Rain,True,10.4,False,False,0.935,Severe,10.0,69.2,353.4,0.156,0.361,0.861,Heavy rain reducing visibility and grip - reduced speed and longer buffer advised
EVT454822,2025-12-15 17:05:20,Concert,J012,Koramangala Sony World,11013,Weekday,False,Clear,False,0.0,False,False,0.786,Severe,13.2,54.1,397.2,0.192,0.443,0.931,Heavy congestion detected - signal timing extended and reroute suggested
EVT454823,2026-04-05 12:22:00,Local Market Day,J030,MG Road,4945,Weekend,False,Clear,False,0.0,False,False,0.278,Low,21.3,14.8,86.3,0.054,0.125,0.93,Moderate traffic flow - standard adaptive signal timing in effect
EVT454824,2025-11-09 18:59:33,Concert,J023,Basavanagudi,12156,Weekend,False,Clear,False,0.0,False,False,0.938,Severe,10.3,64.2,445.0,0.184,0.424,0.93,Heavy congestion detected - signal timing extended and reroute suggested
EVT454825,2025-01-15 11:35:08,Fireworks Display,J020,Malleshwaram Circle,34355,Weekday,True,Clear,False,0.0,False,False,0.725,High,12.4,54.3,214.1,0.091,0.21,0.901,Festival crowd surge detected - alternate route and extended cycle recommended
EVT454826,2025-04-05 19:01:09,Sports Fixture,J040,City Market,12611,Weekend,False,Clear,False,0.0,False,False,0.945,Severe,9.2,71.2,531.0,0.2,0.462,0.928,Heavy congestion detected - signal timing extended and reroute suggested
EVT454827,2026-05-04 12:34:08,Trade Fair,J023,Basavanagudi,11015,Weekday,False,Clear,False,0.0,False,False,0.273,Low,32.4,22.1,165.0,0.154,0.356,0.952,Moderate traffic flow - standard adaptive signal timing in effect
EVT454828,2026-01-02 09:51:31,Cultural Procession,J023,Basavanagudi,11140,Weekday,True,Clear,False,0.0,False,False,1.0,Severe,8.8,71.8,773.1,0.266,0.614,0.868,Festival crowd surge detected - alternate route and extended cycle recommended
EVT454829,2025-06-13 18:02:13,Sports Fixture,J030,MG Road,22087,Weekday,False,Clear,False,0.0,False,False,1.0,Severe,9.1,72.3,624.4,0.225,0.519,0.964,Heavy congestion detected - signal timing extended and reroute suggested
EVT454830,2026-01-13 20:03:52,Local Market Day,J009,Majestic,5723,Weekday,False,Clear,False,0.0,False,False,0.688,High,17.6,52.7,225.5,0.139,0.321,0.975,Moderate traffic flow - standard adaptive signal timing in effect
EVT454831,2025-03-23 11:32:37,Local Market Day,J011,Indiranagar 100ft Road,4639,Weekend,False,Clear,False,0.0,False,False,0.381,Moderate,26.0,22.8,210.2,0.173,0.4,0.975,Moderate traffic flow - standard adaptive signal timing in effect
EVT454832,2026-03-26 08:26:55,Religious Festival,J030,MG Road,32665,Weekday,True,Clear,False,0.0,False,True,1.0,Severe,8.8,107.9,743.8,0.279,0.644,0.825,Road closure for event/procession - full detour recommended for through-traffic
EVT454833,2025-03-13 13:52:24,Trade Fair,J012,Koramangala Sony World,15244,Weekday,False,Clear,False,0.0,False,False,0.238,Low,29.0,17.8,151.7,0.091,0.21,0.987,Normal free-flow traffic - standard signal timing maintained
EVT454834,2025-10-28 15:13:59,Concert,J011,Indiranagar 100ft Road,8947,Weekday,False,Heavy Rain,True,35.1,False,False,0.633,High,20.0,48.1,276.0,0.177,0.409,0.888,Heavy rain reducing visibility and grip - reduced speed and longer buffer advised
EVT454835,2025-05-17 15:05:32,Concert,J012,Koramangala Sony World,13177,Weekend,False,Heavy Rain,True,33.5,False,False,0.625,High,19.0,42.6,241.9,0.161,0.372,0.898,Heavy rain reducing visibility and grip - reduced speed and longer buffer advised
EVT454836,2025-04-04 07:11:19,Trade Fair,J030,MG Road,7872,Weekday,False,Light Rain,True,3.3,False,False,0.592,High,17.5,41.8,313.1,0.16,0.37,0.937,Heavy rain reducing visibility and grip - reduced speed and longer buffer advised
EVT454837,2026-04-07 11:41:43,Concert,J009,Majestic,18306,Weekday,False,Clear,False,0.0,False,False,0.414,Moderate,26.5,34.5,162.5,0.135,0.312,0.955,Moderate traffic flow - standard adaptive signal timing in effect
EVT454838,2026-06-27 14:44:14,Local Market Day,J031,Cubbon Road,5209,Weekend,False,Heavy Rain,True,42.7,False,False,0.601,High,21.7,45.6,148.6,0.088,0.203,0.891,Heavy rain reducing visibility and grip - reduced speed and longer buffer advised
EVT454839,2025-09-24 08:13:54,Sports Fixture,J023,Basavanagudi,16275,Weekday,False,Clear,False,0.0,False,False,1.0,Severe,9.2,62.5,520.1,0.185,0.428,0.898,Heavy congestion detected - signal timing extended and reroute suggested
EVT454840,2026-06-08 18:15:15,Political Rally,J030,MG Road,16857,Weekday,False,Clear,False,0.0,False,False,1.0,Severe,8.9,68.8,797.1,0.293,0.676,0.9,Heavy congestion detected - signal timing extended and reroute suggested
EVT454841,2026-02-21 19:26:00,Local Market Day,J040,City Market,6416,Weekend,False,Clear,False,0.0,False,False,0.759,Severe,16.0,51.8,221.9,0.107,0.247,0.978,Heavy congestion detected - signal timing extended and reroute suggested
EVT454842,2025-01-09 11:05:21,Trade Fair,J030,MG Road,9689,Weekday,False,Clear,False,0.0,False,False,0.446,Moderate,25.5,30.4,163.5,0.127,0.294,0.952,Moderate traffic flow - standard adaptive signal timing in effect
EVT454843,2025-10-06 18:22:29,Sports Fixture,J011,Indiranagar 100ft Road,13546,Weekday,False,Clear,False,0.0,False,False,0.988,Severe,9.6,65.1,619.8,0.246,0.569,0.899,Heavy congestion detected - signal timing extended and reroute suggested
EVT454844,2025-05-17 11:59:14,Concert,J011,Indiranagar 100ft Road,16959,Weekend,False,Clear,False,0.0,False,False,0.418,Moderate,22.8,36.5,274.3,0.19,0.44,0.963,Moderate traffic flow - standard adaptive signal timing in effect
EVT454845,2025-07-27 18:16:22,Concert,J023,Basavanagudi,7946,Weekend,False,Clear,False,0.0,False,False,0.884,Severe,16.6,63.2,261.0,0.166,0.382,0.929,Heavy congestion detected - signal timing extended and reroute suggested
EVT454846,2025-06-04 06:53:57,Political Rally,J009,Majestic,13525,Weekday,False,Rain,True,9.0,False,False,0.609,High,18.1,43.1,245.3,0.14,0.323,0.953,Heavy rain reducing visibility and grip - reduced speed and longer buffer advised
EVT454847,2025-02-08 16:31:01,Concert,J011,Indiranagar 100ft Road,10400,Weekend,False,Clear,False,0.0,False,False,0.592,High,19.6,44.2,300.9,0.17,0.393,0.984,Moderate traffic flow - standard adaptive signal timing in effect
EVT454848,2026-01-31 10:13:32,Sports Fixture,J011,Indiranagar 100ft Road,28084,Weekend,False,Clear,False,0.0,False,False,0.784,Severe,10.1,56.0,570.7,0.189,0.437,0.96,Heavy congestion detected - signal timing extended and reroute suggested
EVT454849,2025-12-06 20:10:01,Local Market Day,J009,Majestic,3644,Weekend,False,Clear,False,0.0,False,False,0.588,High,20.3,46.5,357.6,0.232,0.536,0.971,Moderate traffic flow - standard adaptive signal timing in effect
EVT454850,2025-07-12 07:14:38,Local Market Day,J012,Koramangala Sony World,9126,Weekend,False,Clear,False,0.0,False,False,0.544,Moderate,20.8,40.4,272.0,0.159,0.368,0.958,Moderate traffic flow - standard adaptive signal timing in effect
EVT454851,2025-05-03 06:56:44,Local Market Day,J040,City Market,1877,Weekend,False,Clear,False,0.0,False,False,0.435,Moderate,21.7,33.1,279.4,0.18,0.415,0.976,Moderate traffic flow - standard adaptive signal timing in effect
EVT454852,2025-04-27 05:02:18,Political Rally,J011,Indiranagar 100ft Road,12199,Weekend,False,Clear,False,0.0,False,False,0.345,Low,37.1,25.4,96.9,0.092,0.213,0.96,Moderate traffic flow - standard adaptive signal timing in effect
EVT454853,2025-04-06 08:21:11,Religious Festival,J030,MG Road,44291,Weekend,True,Clear,False,0.0,False,True,1.0,Severe,8.0,107.4,693.6,0.228,0.527,0.844,Road closure for event/procession - full detour recommended for through-traffic
EVT454854,2025-10-16 02:09:20,Sports Fixture,J020,Malleshwaram Circle,14188,Weekday,False,Heavy Rain,True,36.7,False,False,0.662,High,21.5,46.6,239.6,0.166,0.384,0.891,Heavy rain reducing visibility and grip - reduced speed and longer buffer advised
EVT454855,2026-01-15 17:18:06,Religious Festival,J009,Majestic,44806,Weekday,True,Clear,False,0.0,False,False,1.0,Severe,8.7,66.3,568.1,0.206,0.477,0.866,Festival crowd surge detected - alternate route and extended cycle recommended
EVT454856,2025-01-30 18:24:42,Concert,J012,Koramangala Sony World,10692,Weekday,False,Clear,False,0.0,False,False,1.0,Severe,6.0,67.8,771.4,0.199,0.459,0.915,Heavy congestion detected - signal timing extended and reroute suggested
EVT454857,2026-02-08 13:00:26,Sports Fixture,J040,City Market,17652,Weekend,False,Clear,False,0.0,False,False,0.355,Moderate,27.2,26.9,216.3,0.174,0.401,0.958,Moderate traffic flow - standard adaptive signal timing in effect
EVT454858,2025-05-13 12:31:10,Local Market Day,J011,Indiranagar 100ft Road,2909,Weekday,False,Clear,False,0.0,False,False,0.226,Low,30.9,14.1,196.9,0.156,0.361,0.947,Normal free-flow traffic - standard signal timing maintained
EVT454859,2025-12-29 16:52:18,Local Market Day,J011,Indiranagar 100ft Road,5228,Weekday,False,Clear,False,0.0,False,False,0.675,High,22.0,45.9,243.1,0.182,0.421,0.941,Moderate traffic flow - standard adaptive signal timing in effect
EVT454860,2025-11-13 10:23:46,Political Rally,J020,Malleshwaram Circle,15491,Weekday,False,Clear,False,0.0,False,False,0.683,High,24.2,46.1,140.0,0.082,0.19,0.986,Moderate traffic flow - standard adaptive signal timing in effect
EVT454861,2026-02-13 22:15:55,Trade Fair,J040,City Market,8278,Weekday,False,Fog,False,0.0,False,False,0.272,Low,28.0,18.0,90.7,0.076,0.175,0.951,Moderate traffic flow - standard adaptive signal timing in effect
EVT454862,2025-07-06 10:27:52,Concert,J040,City Market,9643,Weekend,False,Heavy Rain,True,27.3,False,False,0.914,Severe,7.9,66.2,675.8,0.218,0.505,0.873,Heavy rain reducing visibility and grip - reduced speed and longer buffer advised
EVT454863,2026-03-17 14:37:25,Trade Fair,J020,Malleshwaram Circle,6575,Weekday,False,Clear,False,0.0,False,False,0.213,Low,37.4,13.5,113.6,0.106,0.244,0.98,Normal free-flow traffic - standard signal timing maintained
EVT454864,2025-06-07 10:46:09,Trade Fair,J012,Koramangala Sony World,12723,Weekend,False,Clear,False,0.0,False,False,0.506,Moderate,24.4,36.2,217.1,0.169,0.39,0.974,Moderate traffic flow - standard adaptive signal timing in effect
EVT454865,2025-01-09 10:35:32,Concert,J009,Majestic,14194,Weekday,False,Clear,False,0.0,False,False,0.656,High,17.2,46.0,353.4,0.187,0.431,0.963,Moderate traffic flow - standard adaptive signal timing in effect
EVT454866,2025-05-02 17:23:41,Religious Festival,J031,Cubbon Road,31151,Weekday,True,Fog,False,0.0,False,True,1.0,Severe,9.8,106.6,217.8,0.103,0.237,0.844,Road closure for event/procession - full detour recommended for through-traffic
EVT454867,2025-07-30 21:26:11,Concert,J031,Cubbon Road,8221,Weekday,False,Heavy Rain,True,55.5,False,False,0.707,High,16.8,51.4,291.2,0.162,0.375,0.908,Heavy rain reducing visibility and grip - reduced speed and longer buffer advised
EVT454868,2025-10-25 20:42:14,Trade Fair,J009,Majestic,6412,Weekend,False,Clear,False,0.0,False,False,0.514,Moderate,24.1,38.0,155.1,0.117,0.27,0.945,Moderate traffic flow - standard adaptive signal timing in effect
EVT454869,2025-09-04 09:12:35,Political Rally,J030,MG Road,13309,Weekday,False,Clear,False,0.0,False,False,1.0,Severe,9.5,74.0,716.2,0.277,0.639,0.896,Heavy congestion detected - signal timing extended and reroute suggested
EVT454870,2025-02-22 02:58:51,Concert,J011,Indiranagar 100ft Road,19064,Weekend,False,Clear,False,0.0,False,False,0.331,Low,29.6,22.0,154.8,0.142,0.329,0.979,Moderate traffic flow - standard adaptive signal timing in effect
EVT454871,2026-06-24 16:51:19,Sports Fixture,J009,Majestic,32407,Weekday,False,Clear,False,0.0,False,False,0.79,Severe,14.9,56.4,459.3,0.249,0.576,0.99,Heavy congestion detected - signal timing extended and reroute suggested
EVT454872,2025-10-27 19:41:31,Sports Fixture,J040,City Market,20408,Weekday,False,Rain,True,17.4,False,False,1.0,Severe,8.8,66.8,486.5,0.187,0.433,0.859,Heavy rain reducing visibility and grip - reduced speed and longer buffer advised
EVT454873,2025-07-10 20:15:57,Concert,J040,City Market,12358,Weekday,False,Light Rain,True,5.2,False,False,0.72,High,16.9,51.1,188.8,0.109,0.253,0.933,Heavy rain reducing visibility and grip - reduced speed and longer buffer advised
EVT454874,2026-04-15 08:27:18,Religious Festival,J023,Basavanagudi,46547,Weekday,True,Clear,False,0.0,False,False,1.0,Severe,8.2,70.2,702.9,0.265,0.611,0.87,Festival crowd surge detected - alternate route and extended cycle recommended
EVT454875,2025-07-27 10:04:21,Concert,J020,Malleshwaram Circle,13313,Weekend,False,Clear,False,0.0,False,False,0.752,Severe,16.1,55.6,436.2,0.245,0.566,0.96,Heavy congestion detected - signal timing extended and reroute suggested
EVT454876,2025-07-21 14:42:35,Sports Fixture,J011,Indiranagar 100ft Road,19587,Weekday,False,Heavy Rain,True,36.0,False,False,0.714,High,18.5,54.1,386.9,0.235,0.543,0.912,Heavy rain reducing visibility and grip - reduced speed and longer buffer advised
EVT454877,2025-07-07 12:55:53,Concert,J040,City Market,12036,Weekday,False,Clear,False,0.0,False,False,0.239,Low,31.4,15.8,190.0,0.152,0.351,0.959,Normal free-flow traffic - standard signal timing maintained
EVT454878,2026-03-12 08:02:46,Local Market Day,J011,Indiranagar 100ft Road,3610,Weekday,False,Clear,False,0.0,False,False,0.799,Severe,11.0,57.8,244.3,0.113,0.261,0.966,Heavy congestion detected - signal timing extended and reroute suggested
EVT454879,2025-12-21 18:15:18,Concert,J009,Majestic,14013,Weekend,False,Clear,False,0.0,False,False,0.921,Severe,10.2,65.1,514.6,0.216,0.5,0.955,Heavy congestion detected - signal timing extended and reroute suggested
EVT454880,2026-02-22 08:27:38,Political Rally,J009,Majestic,10414,Weekend,False,Clear,False,0.0,False,False,0.842,Severe,13.6,61.0,308.9,0.152,0.352,0.962,Heavy congestion detected - signal timing extended and reroute suggested
EVT454881,2025-09-02 13:45:53,Political Rally,J031,Cubbon Road,17570,Weekday,False,Clear,False,0.0,False,False,0.3,Low,30.3,20.5,191.5,0.155,0.359,0.977,Moderate traffic flow - standard adaptive signal timing in effect
EVT454882,2026-01-11 17:37:01,Sports Fixture,J040,City Market,9848,Weekend,False,Clear,False,0.0,False,False,0.783,Severe,18.7,57.8,366.9,0.247,0.572,0.961,Heavy congestion detected - signal timing extended and reroute suggested
EVT454883,2026-06-23 15:11:11,Sports Fixture,J040,City Market,18235,Weekday,False,Fog,False,0.0,False,False,0.434,Moderate,27.7,24.8,82.3,0.058,0.135,0.942,Moderate traffic flow - standard adaptive signal timing in effect
EVT454884,2025-05-07 06:29:13,Trade Fair,J012,Koramangala Sony World,13648,Weekday,False,Clear,False,0.0,False,False,0.288,Low,30.8,18.3,173.0,0.142,0.327,0.984,Moderate traffic flow - standard adaptive signal timing in effect
EVT454885,2025-09-22 06:26:01,Local Market Day,J009,Majestic,3370,Weekday,False,Rain,True,9.4,False,False,0.448,Moderate,25.7,31.9,227.2,0.185,0.427,0.942,Light rain detected - minor speed reduction advised
EVT454886,2025-11-03 07:30:08,Local Market Day,J020,Malleshwaram Circle,8186,Weekday,False,Light Rain,True,5.0,False,False,0.737,High,13.8,51.2,243.4,0.149,0.345,0.895,Heavy rain reducing visibility and grip - reduced speed and longer buffer advised
EVT454887,2025-11-27 04:55:12,Concert,J030,MG Road,13070,Weekday,False,Clear,False,0.0,False,False,0.236,Low,35.8,25.7,142.3,0.117,0.271,0.971,Normal free-flow traffic - standard signal timing maintained
EVT454888,2025-01-30 09:33:48,Concert,J040,City Market,8327,Weekday,False,Clear,False,0.0,False,False,0.898,Severe,12.1,70.6,474.3,0.212,0.49,0.934,Heavy congestion detected - signal timing extended and reroute suggested
EVT454889,2025-02-22 09:18:19,Political Rally,J031,Cubbon Road,15629,Weekend,False,Clear,False,0.0,False,False,0.955,Severe,11.0,72.4,429.0,0.181,0.418,0.928,Heavy congestion detected - signal timing extended and reroute suggested
EVT454890,2026-01-14 09:27:19,Cultural Procession,J030,MG Road,15246,Weekday,True,Clear,False,0.0,False,False,1.0,Severe,9.7,74.1,232.5,0.113,0.261,0.871,Festival crowd surge detected - alternate route and extended cycle recommended
EVT454891,2026-05-28 14:46:07,Local Market Day,J012,Koramangala Sony World,6770,Weekday,False,Clear,False,0.0,False,False,0.349,Low,28.6,24.8,185.5,0.144,0.332,0.956,Moderate traffic flow - standard adaptive signal timing in effect
EVT454892,2026-04-28 09:11:44,Trade Fair,J011,Indiranagar 100ft Road,7918,Weekday,False,Clear,False,0.0,False,False,1.0,Severe,8.5,65.1,299.6,0.115,0.266,0.907,Heavy congestion detected - signal timing extended and reroute suggested
EVT454893,2025-03-02 14:42:30,Local Market Day,J020,Malleshwaram Circle,4665,Weekend,False,Clear,False,0.0,False,False,0.36,Moderate,19.3,26.3,191.1,0.112,0.259,0.938,Moderate traffic flow - standard adaptive signal timing in effect
EVT454894,2025-11-23 09:59:44,Local Market Day,J031,Cubbon Road,9358,Weekend,False,Clear,False,0.0,False,False,0.784,Severe,13.4,59.5,265.5,0.13,0.301,0.973,Heavy congestion detected - signal timing extended and reroute suggested
EVT454895,2026-06-21 11:39:56,Sports Fixture,J031,Cubbon Road,37168,Weekend,False,Clear,False,0.0,False,False,0.562,High,22.4,37.7,215.9,0.164,0.379,0.966,Moderate traffic flow - standard adaptive signal timing in effect
EVT454896,2025-11-11 20:03:32,Sports Fixture,J023,Basavanagudi,24729,Weekday,False,Clear,False,0.0,False,False,0.856,Severe,13.7,61.5,333.8,0.167,0.386,0.932,Heavy congestion detected - signal timing extended and reroute suggested
EVT454897,2026-06-20 19:44:32,Concert,J030,MG Road,7595,Weekend,False,Clear,False,0.0,False,False,0.726,High,16.8,53.7,316.4,0.187,0.432,0.99,Moderate traffic flow - standard adaptive signal timing in effect
EVT454898,2025-05-28 16:17:45,Trade Fair,J012,Koramangala Sony World,7388,Weekday,False,Heavy Rain,True,25.4,False,False,0.751,Severe,19.3,54.7,239.5,0.156,0.36,0.89,Heavy rain reducing visibility and grip - reduced speed and longer buffer advised
EVT454899,2025-10-30 17:51:08,Sports Fixture,J030,MG Road,18107,Weekday,False,Clear,False,0.0,False,False,1.0,Severe,9.3,76.5,209.6,0.098,0.226,0.943,Heavy congestion detected - signal timing extended and reroute suggested
EVT454900,2025-12-21 09:37:08,Trade Fair,J031,Cubbon Road,7353,Weekend,False,Clear,False,0.0,False,False,0.832,Severe,14.6,60.0,160.9,0.077,0.177,0.948,Heavy congestion detected - signal timing extended and reroute suggested
EVT454901,2025-04-08 14:17:57,Trade Fair,J030,MG Road,3997,Weekday,False,Clear,False,0.0,False,False,0.136,Low,32.4,5.4,130.0,0.126,0.29,0.95,Normal free-flow traffic - standard signal timing maintained
EVT454902,2025-04-29 21:18:16,Local Market Day,J020,Malleshwaram Circle,3869,Weekday,False,Clear,False,0.0,False,False,0.343,Low,28.3,24.4,179.7,0.152,0.351,0.941,Moderate traffic flow - standard adaptive signal timing in effect
EVT454903,2026-06-04 03:28:05,Trade Fair,J031,Cubbon Road,6483,Weekday,False,Rain,True,10.6,False,False,0.321,Low,33.6,18.0,140.9,0.147,0.341,0.909,Light rain detected - minor speed reduction advised
EVT454904,2026-03-05 09:54:53,Religious Festival,J009,Majestic,105336,Weekday,True,Clear,False,0.0,False,True,1.0,Severe,7.9,102.5,664.1,0.23,0.531,0.806,Road closure for event/procession - full detour recommended for through-traffic
EVT454905,2026-06-11 11:56:51,Trade Fair,J020,Malleshwaram Circle,7222,Weekday,False,Heavy Rain,True,60.0,False,False,0.661,High,25.4,48.6,148.3,0.112,0.259,0.907,Heavy rain reducing visibility and grip - reduced speed and longer buffer advised
EVT454906,2026-01-07 12:56:59,Sports Fixture,J009,Majestic,20758,Weekday,False,Clear,False,0.0,False,False,0.284,Low,32.6,18.4,109.7,0.091,0.211,0.983,Moderate traffic flow - standard adaptive signal timing in effect
EVT454907,2025-01-20 18:35:08,Local Market Day,J009,Majestic,3762,Weekday,False,Clear,False,0.0,False,False,1.0,Severe,8.0,65.0,676.8,0.216,0.499,0.915,Heavy congestion detected - signal timing extended and reroute suggested
EVT454908,2026-02-12 09:36:08,Sports Fixture,J011,Indiranagar 100ft Road,13764,Weekday,False,Clear,False,0.0,False,False,0.947,Severe,10.2,70.1,335.1,0.14,0.324,0.942,Heavy congestion detected - signal timing extended and reroute suggested
EVT454909,2025-01-29 08:24:26,Concert,J030,MG Road,6956,Weekday,False,Clear,False,0.0,False,False,1.0,Severe,8.1,66.5,494.5,0.172,0.397,0.932,Heavy congestion detected - signal timing extended and reroute suggested
EVT454910,2026-02-28 13:44:37,Local Market Day,J040,City Market,4533,Weekend,False,Clear,False,0.0,False,False,0.332,Low,24.9,21.5,275.1,0.191,0.442,0.939,Moderate traffic flow - standard adaptive signal timing in effect
EVT454911,2025-09-04 13:06:10,Sports Fixture,J031,Cubbon Road,26667,Weekday,False,Fog,False,0.0,False,False,0.314,Low,31.5,21.6,151.4,0.155,0.357,0.967,Moderate traffic flow - standard adaptive signal timing in effect
EVT454912,2026-01-18 22:20:28,Sports Fixture,J040,City Market,19675,Weekend,False,Clear,False,0.0,False,False,0.416,Moderate,23.7,30.5,248.7,0.158,0.364,0.957,Moderate traffic flow - standard adaptive signal timing in effect
EVT454913,2025-06-16 06:01:48,Local Market Day,J040,City Market,5116,Weekday,False,Clear,False,0.0,False,False,0.308,Low,26.0,24.0,160.4,0.126,0.292,0.966,Moderate traffic flow - standard adaptive signal timing in effect
EVT454914,2025-04-26 16:55:55,Trade Fair,J030,MG Road,12196,Weekend,False,Clear,False,0.0,False,False,0.667,High,20.4,49.0,191.6,0.108,0.25,0.967,Moderate traffic flow - standard adaptive signal timing in effect
EVT454915,2025-02-06 11:22:33,Concert,J011,Indiranagar 100ft Road,12296,Weekday,False,Light Rain,True,5.7,False,False,0.528,Moderate,18.7,42.9,217.6,0.118,0.273,0.914,Light rain detected - minor speed reduction advised
EVT454916,2026-01-03 06:05:44,Local Market Day,J012,Koramangala Sony World,8723,Weekend,False,Clear,False,0.0,False,False,0.326,Low,33.4,26.5,152.1,0.137,0.317,0.961,Moderate traffic flow - standard adaptive signal timing in effect
EVT454917,2025-07-05 19:41:44,Trade Fair,J020,Malleshwaram Circle,9122,Weekend,False,Heavy Rain,True,28.4,False,False,1.0,Severe,8.0,70.7,512.1,0.175,0.405,0.892,Heavy rain reducing visibility and grip - reduced speed and longer buffer advised
EVT454918,2025-08-24 12:57:54,Concert,J011,Indiranagar 100ft Road,11767,Weekend,False,Clear,False,0.0,False,False,0.256,Low,36.1,21.7,131.5,0.118,0.272,0.966,Moderate traffic flow - standard adaptive signal timing in effect
EVT454919,2026-01-05 16:10:37,Trade Fair,J012,Koramangala Sony World,10897,Weekday,False,Clear,False,0.0,False,False,0.566,High,20.4,35.3,269.1,0.168,0.388,0.98,Moderate traffic flow - standard adaptive signal timing in effect
EVT454920,2025-12-28 18:52:06,Political Rally,J023,Basavanagudi,14445,Weekend,False,Clear,False,0.0,False,False,0.904,Severe,10.1,67.3,288.3,0.132,0.306,0.941,Heavy congestion detected - signal timing extended and reroute suggested
EVT454921,2025-07-31 19:12:03,Local Market Day,J030,MG Road,5921,Weekday,False,Rain,True,24.4,False,False,1.0,Severe,7.5,71.0,406.5,0.147,0.339,0.847,Heavy rain reducing visibility and grip - reduced speed and longer buffer advised
EVT454922,2026-02-14 17:31:37,Sports Fixture,J012,Koramangala Sony World,19746,Weekend,False,Fog,False,0.0,False,False,0.812,Severe,17.1,53.9,196.8,0.124,0.286,0.944,Heavy congestion detected - signal timing extended and reroute suggested
EVT454923,2026-06-05 13:40:41,Local Market Day,J020,Malleshwaram Circle,5492,Weekday,False,Rain,True,18.7,False,False,0.437,Moderate,15.4,33.6,334.3,0.171,0.394,0.928,Light rain detected - minor speed reduction advised
EVT454924,2025-05-26 15:29:21,Sports Fixture,J011,Indiranagar 100ft Road,18384,Weekday,False,Rain,True,14.2,False,False,0.53,Moderate,19.5,34.5,211.8,0.111,0.257,0.942,Light rain detected - minor speed reduction advised
EVT454925,2026-05-01 08:56:49,Religious Festival,J040,City Market,50063,Weekday,True,Clear,False,0.0,False,True,1.0,Severe,8.6,107.5,673.9,0.256,0.591,0.806,Road closure for event/procession - full detour recommended for through-traffic
EVT454926,2025-03-10 19:47:13,Sports Fixture,J009,Majestic,19665,Weekday,False,Clear,False,0.0,False,False,0.967,Severe,9.8,70.5,559.1,0.216,0.5,0.921,Heavy congestion detected - signal timing extended and reroute suggested
EVT454927,2025-09-05 12:10:35,Religious Festival,J040,City Market,51189,Weekday,True,Light Rain,True,7.1,False,True,1.0,Severe,7.6,95.5,807.8,0.274,0.632,0.763,Road closure for event/procession - full detour recommended for through-traffic
EVT454928,2025-10-25 10:12:09,Local Market Day,J023,Basavanagudi,2726,Weekend,False,Clear,False,0.0,False,False,0.644,High,21.0,45.1,309.5,0.184,0.426,0.977,Moderate traffic flow - standard adaptive signal timing in effect
EVT454929,2025-09-29 12:06:51,Local Market Day,J020,Malleshwaram Circle,3155,Weekday,False,Clear,False,0.0,False,False,0.209,Low,27.2,16.3,173.5,0.123,0.284,0.928,Normal free-flow traffic - standard signal timing maintained
EVT454930,2025-03-18 00:38:35,Local Market Day,J030,MG Road,4971,Weekday,False,Clear,False,0.0,False,False,0.173,Low,42.2,9.0,112.3,0.124,0.287,0.963,Normal free-flow traffic - standard signal timing maintained
EVT454931,2025-06-11 17:10:30,Concert,J031,Cubbon Road,11186,Weekday,False,Clear,False,0.0,False,False,0.819,Severe,15.1,59.5,190.4,0.119,0.274,0.965,Heavy congestion detected - signal timing extended and reroute suggested
EVT454932,2026-05-25 17:08:34,Concert,J012,Koramangala Sony World,21490,Weekday,False,Clear,False,0.0,False,False,0.765,Severe,16.0,53.3,346.6,0.192,0.443,0.94,Heavy congestion detected - signal timing extended and reroute suggested
EVT454933,2026-05-25 10:44:51,Sports Fixture,J011,Indiranagar 100ft Road,37846,Weekday,False,Clear,False,0.0,False,False,0.802,Severe,16.6,64.8,399.5,0.208,0.481,0.933,Heavy congestion detected - signal timing extended and reroute suggested
EVT454934,2026-03-06 18:41:11,Local Market Day,J031,Cubbon Road,5111,Weekday,False,Clear,False,0.0,False,False,1.0,Severe,6.8,71.1,470.4,0.145,0.334,0.9,Heavy congestion detected - signal timing extended and reroute suggested
EVT454935,2025-12-02 11:34:56,Concert,J023,Basavanagudi,12267,Weekday,False,Clear,False,0.0,False,False,0.27,Low,29.7,17.1,78.1,0.042,0.096,0.951,Moderate traffic flow - standard adaptive signal timing in effect
EVT454936,2026-01-04 07:06:53,Local Market Day,J020,Malleshwaram Circle,4129,Weekend,False,Clear,False,0.0,False,False,0.401,Moderate,31.0,28.8,135.3,0.119,0.276,0.984,Moderate traffic flow - standard adaptive signal timing in effect
EVT454937,2026-05-05 17:32:45,Local Market Day,J040,City Market,3514,Weekday,False,Clear,False,0.0,False,False,0.893,Severe,13.1,62.7,298.8,0.133,0.308,0.933,Heavy congestion detected - signal timing extended and reroute suggested
EVT454938,2025-11-11 20:46:56,Sports Fixture,J023,Basavanagudi,17583,Weekday,False,Clear,False,0.0,False,False,0.55,High,22.6,39.3,226.6,0.13,0.301,0.973,Moderate traffic flow - standard adaptive signal timing in effect
EVT454939,2025-11-08 10:08:26,Local Market Day,J030,MG Road,3301,Weekend,False,Light Rain,True,4.3,False,False,0.814,Severe,14.6,58.3,282.8,0.156,0.36,0.901,Heavy rain reducing visibility and grip - reduced speed and longer buffer advised
EVT454940,2025-07-10 13:00:37,Sports Fixture,J031,Cubbon Road,25776,Weekday,False,Rain,True,19.9,False,False,0.564,High,24.5,42.5,238.7,0.187,0.433,0.913,Heavy rain reducing visibility and grip - reduced speed and longer buffer advised
EVT454941,2025-05-06 06:48:21,Political Rally,J040,City Market,21867,Weekday,False,Light Rain,True,5.9,False,False,0.521,Moderate,22.8,30.2,257.3,0.172,0.398,0.937,Light rain detected - minor speed reduction advised
EVT454942,2025-12-25 09:03:47,Religious Festival,J020,Malleshwaram Circle,43490,Weekday,True,Clear,False,0.0,False,True,1.0,Severe,6.9,97.1,244.5,0.091,0.21,0.818,Road closure for event/procession - full detour recommended for through-traffic
EVT454943,2026-04-20 13:51:25,Sports Fixture,J040,City Market,21301,Weekday,False,Clear,False,0.0,False,False,0.299,Low,27.3,14.5,165.4,0.141,0.325,0.985,Moderate traffic flow - standard adaptive signal timing in effect
EVT454944,2025-07-04 15:51:25,Political Rally,J040,City Market,14273,Weekday,False,Rain,True,22.6,False,False,0.732,High,16.4,54.4,370.0,0.192,0.444,0.925,Heavy rain reducing visibility and grip - reduced speed and longer buffer advised
EVT454945,2025-01-17 18:09:46,Concert,J023,Basavanagudi,13439,Weekday,False,Clear,False,0.0,False,False,1.0,Severe,9.7,72.4,792.8,0.288,0.665,0.936,Heavy congestion detected - signal timing extended and reroute suggested
EVT454946,2026-05-29 19:32:27,Trade Fair,J031,Cubbon Road,11905,Weekday,False,Light Rain,True,6.7,False,False,1.0,Severe,8.2,71.5,777.5,0.259,0.598,0.837,Heavy rain reducing visibility and grip - reduced speed and longer buffer advised
EVT454947,2026-04-23 22:16:54,Local Market Day,J020,Malleshwaram Circle,4385,Weekday,False,Clear,False,0.0,False,False,0.227,Low,28.9,12.7,142.7,0.095,0.22,0.962,Normal free-flow traffic - standard signal timing maintained
EVT454948,2025-12-07 01:06:54,Local Market Day,J011,Indiranagar 100ft Road,2160,Weekend,False,Clear,False,0.0,False,False,0.345,Low,31.3,26.0,133.3,0.11,0.254,0.99,Moderate traffic flow - standard adaptive signal timing in effect
EVT454949,2026-04-05 21:14:56,Sports Fixture,J030,MG Road,22896,Weekend,False,Clear,False,0.0,False,False,0.456,Moderate,23.5,35.9,80.1,0.036,0.084,0.968,Moderate traffic flow - standard adaptive signal timing in effect
EVT454950,2025-08-04 10:25:43,Trade Fair,J012,Koramangala Sony World,7058,Weekday,False,Rain,True,8.1,False,False,0.82,Severe,16.7,64.6,294.1,0.174,0.401,0.907,Heavy rain reducing visibility and grip - reduced speed and longer buffer advised
EVT454951,2025-09-25 10:59:09,Trade Fair,J031,Cubbon Road,7780,Weekday,False,Clear,False,0.0,False,False,0.448,Moderate,28.0,36.8,234.9,0.187,0.431,0.954,Moderate traffic flow - standard adaptive signal timing in effect
EVT454952,2025-06-23 14:42:06,Local Market Day,J011,Indiranagar 100ft Road,4195,Weekday,False,Heavy Rain,True,33.1,False,False,0.547,Moderate,16.0,45.8,301.4,0.163,0.376,0.914,Light rain detected - minor speed reduction advised
EVT454953,2026-03-04 18:06:06,Religious Festival,J030,MG Road,64653,Weekday,True,Clear,False,0.0,True,True,1.0,Severe,5.7,105.3,848.1,0.232,0.535,0.684,Road closure for event/procession - full detour recommended for through-traffic
EVT454954,2025-09-03 15:29:23,Concert,J031,Cubbon Road,26801,Weekday,False,Rain,True,24.1,False,False,0.762,Severe,10.2,56.1,713.0,0.268,0.619,0.878,Heavy rain reducing visibility and grip - reduced speed and longer buffer advised
EVT454955,2026-04-25 19:38:49,Sports Fixture,J031,Cubbon Road,13295,Weekend,False,Light Rain,True,4.0,False,False,0.757,Severe,19.3,57.7,309.9,0.201,0.465,0.917,Heavy rain reducing visibility and grip - reduced speed and longer buffer advised
EVT454956,2026-04-11 09:33:37,Local Market Day,J009,Majestic,3639,Weekend,False,Clear,False,0.0,False,False,0.811,Severe,13.9,58.2,403.0,0.182,0.42,0.985,Heavy congestion detected - signal timing extended and reroute suggested
EVT454957,2026-03-05 15:04:15,Cultural Procession,J031,Cubbon Road,18542,Weekday,True,Clear,False,0.0,False,True,0.697,Moderate,15.6,74.4,366.0,0.208,0.481,0.889,Road closure for event/procession - full detour recommended for through-traffic
EVT454958,2025-04-29 23:38:51,Local Market Day,J009,Majestic,2953,Weekday,False,Clear,False,0.0,False,False,0.159,Low,34.0,9.0,69.9,0.061,0.141,0.949,Normal free-flow traffic - standard signal timing maintained
EVT454959,2025-09-26 17:06:41,Sports Fixture,J012,Koramangala Sony World,22803,Weekday,False,Clear,False,0.0,False,False,0.84,Severe,15.3,62.4,355.3,0.194,0.448,0.933,Heavy congestion detected - signal timing extended and reroute suggested
EVT454960,2026-02-17 07:08:48,Sports Fixture,J009,Majestic,45929,Weekday,False,Clear,False,0.0,False,False,0.729,High,20.5,55.8,220.7,0.141,0.326,0.974,Moderate traffic flow - standard adaptive signal timing in effect
EVT454961,2025-10-19 06:03:18,Local Market Day,J023,Basavanagudi,3793,Weekend,False,Fog,False,0.0,False,False,0.254,Low,32.9,19.7,52.2,0.043,0.1,0.973,Moderate traffic flow - standard adaptive signal timing in effect
EVT454962,2025-09-30 20:40:32,Trade Fair,J023,Basavanagudi,10367,Weekday,False,Heavy Rain,True,36.4,False,False,0.976,Severe,7.9,63.1,637.2,0.211,0.487,0.898,Heavy rain reducing visibility and grip - reduced speed and longer buffer advised
EVT454963,2025-10-20 05:37:29,Religious Festival,J030,MG Road,36024,Weekday,True,Clear,False,0.0,False,True,0.848,High,12.7,83.0,474.8,0.23,0.53,0.87,Road closure for event/procession - full detour recommended for through-traffic
EVT454964,2025-03-08 14:46:09,Trade Fair,J040,City Market,7041,Weekend,False,Clear,False,0.0,False,False,0.372,Moderate,29.7,29.9,209.6,0.168,0.389,0.957,Moderate traffic flow - standard adaptive signal timing in effect
EVT454965,2025-01-12 10:31:35,Concert,J040,City Market,11516,Weekend,False,Clear,False,0.0,False,False,0.649,High,17.2,49.3,165.1,0.09,0.207,0.969,Moderate traffic flow - standard adaptive signal timing in effect
EVT454966,2025-09-01 18:38:29,Trade Fair,J040,City Market,11917,Weekday,False,Rain,True,9.3,False,False,1.0,Severe,7.0,70.8,783.1,0.243,0.561,0.872,Heavy rain reducing visibility and grip - reduced speed and longer buffer advised
EVT454967,2025-05-06 18:44:39,Political Rally,J031,Cubbon Road,16474,Weekday,False,Clear,False,0.0,False,False,1.0,Severe,8.0,75.9,667.5,0.212,0.489,0.931,Heavy congestion detected - signal timing extended and reroute suggested
EVT454968,2025-11-04 13:44:41,Trade Fair,J011,Indiranagar 100ft Road,11293,Weekday,False,Clear,False,0.0,False,False,0.279,Low,32.1,24.8,122.1,0.088,0.203,0.963,Moderate traffic flow - standard adaptive signal timing in effect
EVT454969,2025-04-16 17:02:13,Sports Fixture,J023,Basavanagudi,17424,Weekday,False,Clear,False,0.0,False,False,0.76,Severe,15.9,55.5,314.3,0.164,0.378,0.976,Heavy congestion detected - signal timing extended and reroute suggested
EVT454970,2026-02-22 14:54:29,Local Market Day,J012,Koramangala Sony World,3850,Weekend,False,Clear,False,0.0,False,False,0.308,Low,32.2,26.4,149.2,0.136,0.314,0.968,Moderate traffic flow - standard adaptive signal timing in effect
EVT454971,2025-07-16 11:49:06,Trade Fair,J020,Malleshwaram Circle,17182,Weekday,False,Clear,False,0.0,False,False,0.343,Low,27.0,22.3,178.9,0.119,0.274,0.99,Moderate traffic flow - standard adaptive signal timing in effect
EVT454972,2025-06-12 19:20:23,Concert,J031,Cubbon Road,11652,Weekday,False,Clear,False,0.0,False,False,0.849,Severe,12.4,55.9,144.1,0.073,0.169,0.953,Heavy congestion detected - signal timing extended and reroute suggested
EVT454973,2025-06-01 10:31:01,Sports Fixture,J023,Basavanagudi,29110,Weekend,False,Heavy Rain,True,42.7,False,False,0.998,Severe,7.7,65.4,968.1,0.296,0.683,0.855,Heavy rain reducing visibility and grip - reduced speed and longer buffer advised
EVT454974,2025-06-05 10:50:14,Local Market Day,J031,Cubbon Road,6073,Weekday,False,Heavy Rain,True,52.4,False,False,0.871,Severe,11.3,68.7,338.7,0.15,0.346,0.894,Heavy rain reducing visibility and grip - reduced speed and longer buffer advised
EVT454975,2026-05-02 11:28:20,Cultural Procession,J011,Indiranagar 100ft Road,26065,Weekend,True,Clear,False,0.0,False,True,0.829,High,14.4,80.1,344.4,0.184,0.424,0.857,Road closure for event/procession - full detour recommended for through-traffic
EVT454976,2025-05-20 12:42:24,Local Market Day,J020,Malleshwaram Circle,2776,Weekday,False,Clear,False,0.0,False,False,0.191,Low,35.3,8.7,107.9,0.119,0.275,0.944,Normal free-flow traffic - standard signal timing maintained
EVT454977,2026-05-25 21:15:38,Local Market Day,J040,City Market,6762,Weekday,False,Clear,False,0.0,False,False,0.402,Moderate,27.6,28.6,127.9,0.091,0.211,0.977,Moderate traffic flow - standard adaptive signal timing in effect
EVT454978,2026-05-17 11:30:11,Local Market Day,J040,City Market,7164,Weekend,False,Clear,False,0.0,False,False,0.436,Moderate,28.5,24.4,136.4,0.119,0.276,0.942,Moderate traffic flow - standard adaptive signal timing in effect
EVT454979,2025-12-24 19:43:57,Local Market Day,J031,Cubbon Road,3363,Weekday,False,Clear,False,0.0,False,False,0.786,Severe,18.9,55.4,214.1,0.123,0.285,0.971,Heavy congestion detected - signal timing extended and reroute suggested
EVT454980,2025-11-03 19:24:02,Concert,J040,City Market,9869,Weekday,False,Clear,False,0.0,False,False,0.89,Severe,11.6,64.4,388.6,0.153,0.353,0.94,Heavy congestion detected - signal timing extended and reroute suggested
EVT454981,2025-08-29 15:47:39,Concert,J009,Majestic,13941,Weekday,False,Clear,False,0.0,False,False,0.419,Moderate,20.9,34.7,276.4,0.169,0.389,0.959,Moderate traffic flow - standard adaptive signal timing in effect
EVT454982,2026-03-18 08:38:43,Sports Fixture,J030,MG Road,15602,Weekday,False,Clear,False,0.0,False,False,1.0,Severe,8.8,69.6,849.2,0.288,0.665,0.918,Heavy congestion detected - signal timing extended and reroute suggested
EVT454983,2026-04-18 19:56:37,Local Market Day,J011,Indiranagar 100ft Road,5451,Weekend,False,Rain,True,13.0,True,False,1.0,Severe,8.0,68.4,761.0,0.247,0.571,0.72,Accident detected nearby - reroute and reduced speed advised
EVT454984,2026-04-28 17:44:43,Sports Fixture,J030,MG Road,24495,Weekday,False,Clear,False,0.0,False,False,1.0,Severe,9.6,77.0,553.1,0.235,0.543,0.917,Heavy congestion detected - signal timing extended and reroute suggested
EVT454985,2025-06-14 21:13:18,Local Market Day,J040,City Market,4557,Weekend,False,Heavy Rain,True,31.2,False,False,0.691,High,20.2,54.8,159.2,0.114,0.262,0.937,Heavy rain reducing visibility and grip - reduced speed and longer buffer advised
EVT454986,2025-04-13 06:01:33,Concert,J012,Koramangala Sony World,9159,Weekend,False,Clear,False,0.0,False,False,0.305,Low,25.0,17.4,195.2,0.141,0.326,0.989,Moderate traffic flow - standard adaptive signal timing in effect
EVT454987,2025-06-12 21:57:33,Political Rally,J011,Indiranagar 100ft Road,12742,Weekday,False,Heavy Rain,True,29.0,False,False,0.615,High,23.2,48.8,162.1,0.135,0.311,0.909,Heavy rain reducing visibility and grip - reduced speed and longer buffer advised
EVT454988,2025-03-23 06:22:53,Local Market Day,J040,City Market,3648,Weekend,False,Clear,False,0.0,False,False,0.244,Low,36.1,20.6,53.2,0.027,0.062,0.975,Normal free-flow traffic - standard signal timing maintained
EVT454989,2026-04-03 17:58:06,Local Market Day,J040,City Market,8644,Weekday,False,Clear,False,0.0,False,False,1.0,Severe,9.8,75.3,479.9,0.169,0.391,0.936,Heavy congestion detected - signal timing extended and reroute suggested
EVT454990,2025-10-13 18:33:21,Concert,J020,Malleshwaram Circle,11549,Weekday,False,Clear,False,0.0,False,False,1.0,Severe,9.1,72.0,543.3,0.209,0.484,0.917,Heavy congestion detected - signal timing extended and reroute suggested
EVT454991,2026-06-11 01:43:51,Concert,J012,Koramangala Sony World,14077,Weekday,False,Clear,False,0.0,False,False,0.217,Low,26.6,16.9,139.8,0.089,0.205,0.982,Normal free-flow traffic - standard signal timing maintained
EVT454992,2025-03-06 07:16:39,Concert,J040,City Market,13335,Weekday,False,Clear,False,0.0,False,False,0.541,Moderate,22.6,36.5,268.6,0.166,0.383,0.941,Moderate traffic flow - standard adaptive signal timing in effect
EVT454993,2026-06-10 18:40:54,Sports Fixture,J020,Malleshwaram Circle,22188,Weekday,False,Clear,False,0.0,False,False,1.0,Severe,7.8,67.9,636.5,0.19,0.439,0.934,Heavy congestion detected - signal timing extended and reroute suggested
EVT454994,2025-08-19 09:48:55,Sports Fixture,J040,City Market,26411,Weekday,False,Rain,True,24.1,False,False,1.0,Severe,7.4,66.1,819.9,0.229,0.529,0.845,Heavy rain reducing visibility and grip - reduced speed and longer buffer advised
EVT454995,2025-12-27 09:33:24,Local Market Day,J011,Indiranagar 100ft Road,3420,Weekend,False,Clear,False,0.0,False,False,0.827,Severe,13.8,63.5,147.8,0.083,0.191,0.956,Heavy congestion detected - signal timing extended and reroute suggested
EVT454996,2025-05-25 18:49:57,Sports Fixture,J031,Cubbon Road,22306,Weekend,False,Rain,True,14.9,False,False,1.0,Severe,7.2,68.7,719.7,0.244,0.564,0.879,Heavy rain reducing visibility and grip - reduced speed and longer buffer advised
EVT454997,2026-06-20 17:00:58,Local Market Day,J030,MG Road,5780,Weekend,False,Clear,False,0.0,False,False,0.631,High,19.4,38.5,203.9,0.101,0.234,0.962,Moderate traffic flow - standard adaptive signal timing in effect
EVT454998,2025-11-07 18:52:44,Concert,J031,Cubbon Road,6168,Weekday,False,Clear,False,0.0,False,False,0.958,Severe,10.2,70.7,683.9,0.28,0.648,0.907,Heavy congestion detected - signal timing extended and reroute suggested
EVT454999,2026-04-02 07:43:54,Local Market Day,J011,Indiranagar 100ft Road,3120,Weekday,False,Clear,False,0.0,False,False,0.672,High,18.6,55.8,235.8,0.148,0.341,0.99,Moderate traffic flow - standard adaptive signal timing in effect
